id,siren,name,available,localities_geo_code,kind,updated_at,source,suspended_at,suspended_cause,deleted_at,siret,millesime,kind_admin_meta,layer_geo_label,dep_name,reg_name,kind_admin,dep_code,reg_code
ede366b5-ab95-4ac3-b854-27dbb1a8c66b,385290309,Ademe,false,"{28099,80666,70169,17404,32427,35009,19105,09012,34333,02250,65296,88233,21283,2B283,40105,80270,33547,89160,76058,34225,90099,78383,13109,69266,26071,27537,09103,62193,53148,14606,55296,60275,15166,97411,72003,45291,80299,16267,52400,05181,50378,11289,60124,72165,18138,16045,11038,08402,44027,44151,15082,52053,51307,50069,24147,68247,55179,77501,67244,23225,81180,61169,74275,62050,56110,18164,90047,09072,59343,39354,63048,24407,42329,35005,66075,32093,45167,11036,31541,95480,46180,38015,81072,89148,2B126,81029,02337,22220,05152,07148,07187,17140,09294,43222,74162,39179,63276,36240,09084,55236,26282,69228,49302,15189,37230,2A004,81058,76654,30107,80600,59528,54372,36215,46009,18025,08297,50490,25473,70284,25066,10011,89351,55068,10060,22330,50374,10391,71572,10063,80678,83119,12111,51460,38299,14100,53180,51357,17378,74233,35010,55044,95258,76231,87024,82056,55304,57649,73309,05091,27696,43049,59523,65157,71235,49120,39270,70401,27192,46042,38176,59287,61103,56125,69175,77474,18200,51521,08308,80509,14755,57676,53248,32180,91639,13100,31186,32225,50393,80631,80552,62676,02306,08161,67532,78513,31348,12198,88053,38229,73132,22314,88226,55191,87183,76559,86129,26018,11034,80557,62581,21344,38192,10108,07218,22177,64514,31056,09078,34066,73137,39059,54186,60357,82131,30287,84092,39478,38118,76169,32466,33035,82060,02716,77487,33046,59032,02347,31322,80353,88350,85135,28418,86125,31510,36184,76371,80115,16208,52079,86210,62577,24152,28332,21492,80263,35016,88349,07086,97403,21003,36202,09156,25333,53011,63043,57696,74031,42241,91433,52464,85038,62271,82026,45029,95214,25293,48121,76720,78234,36012,29086,47239,82173,11330,33520,54229,33351,41192,36179,55077,51091,07208,48025,67235,31520,62712,26238,18139,27520,80055,02824,52411,84020,97405,79152,61002,80345,85184,46068,61288,15046,12246,35292,51510,69054,40003,24071,67429,17369,63075,73086,65202,06055,66153,67395,64219,64146,03119,65003,88348,89339,63247,35352,02199,02671,48016,88013,65076,58058,76284,35132,93078,84048,62264,38344,70347,60136,23080,02705,27543,59038,54170,42240,89470,85298,45186,31147,60600,48163,51202,34115,72264,73061,26200,60224,35249,47247,26086,28084,37071,74241,77364,40136,22039,64036,11018,25485,29294,35260,35142,14025,11215,30288,59181,69238,68299,09296,65130,67349,27578,52467,67543,06102,28289,21580,33481,90005,80730,44182,54204,54188,88269,11161,43027,23115,80711,72066,03316,62354,68200,53019,45313,57297,28160,32392,45136,14032,15179,55468,70183,01146,88490,50271,51310,27553,78505,79078,27512,68270,97125,41255,62637,11231,76598,73073,02114,56148,70445,09190,22218,05106,21422,32291,18048,47016,55250,68186,24045,24083,39295,60005,07279,71157,35153,35339,23222,58255,60576,57715,68305,68146,36048,73101,19136,29214,41016,60655,88178,95585,35318,24521,70477,43260,24191,19046,95456,36021,52145,51075,73166,08381,03279,19137,15264,17136,32430,07236,54109,43205,35332,53075,02105,27260,59571,17042,54559,61480,51501,26374,70560,58012,27381,11005,21394,46311,59029,07071,52407,51235,07004,08159,26077,10242,91244,39074,67334,79231,90091,16016,17257,48167,41262,80152,43168,53038,57229,02795,43106,33532,45114,68128,02826,18012,81089,14309,55350,51621,52350,52420,62798,12031,62636,07012,57031,95203,95308,88281,07113,17452,11033,51558,01162,22163,62229,71170,86042,42217,85130,67221,83071,21376,51376,60486,89257,08179,89409,71251,88377,74114,05040,64262,49257,08053,91619,70470,46006,61067,35304,30018,51171,19067,19090,21116,01151,16385,34105,79242,50233,26283,50077,21462,31558,70075,08484,38304,66014,60032,81276,24218,89299,29284,89239,43131,44056,46314,33072,25364,19184,07023,66183,09274,57666,27439,57755,36003,33181,80516,46155,10048,55454,21498,64401,03207,25578,51090,26304,76596,67378,52297,71191,72344,33422,52260,85278,74291,80128,11383,50351,60195,11334,51570,89453,11055,32253,69192,60288,66149,04086,18244,36150,02115,80143,38181,45016,2A115,21031,22190,70318,18194,79336,35022,59646,16380,70307,53088,01354,25150,67426,82018,14425,09307,32187,35324,62424,81073,21643,18260,97213,80524,38026,50216,57591,39553,25098,39019,35087,18027,65042,25488,81220,54044,51300,57186,83026,47289,29270,16013,48058,58272,34069,10043,23055,29287,09315,54424,76429,31485,40319,48092,76217,63255,77009,31202,2B136,76160,42226,38475,76124,22205,42212,01431,11441,71233,91671,02140,77358,65239,76449,62117,57652,07007,88410,65018,07055,31275,27074,11273,76056,14569,33339,70217,63345,59375,62335,41166,45311,75108,76452,59439,23159,71426,19020,17387,70352,40025,14742,22122,57087,42171,37142,39252,24527,31580,60388,05035,88065,13032,21553,25569,76018,95409,67227,67299,60569,30263,39251,10266,17114,54447,29215,26239,02594,02505,14175,08242,10051,27158,47310,03202,64415,69264,54475,76154,57259,37068,88450,18232,25055,53052,55502,89050,67281,38193,70528,35084,17062,44131,60011,14430,17167,62605,50004,11077,58234,70418,42225,11197,31035,76692,80624,79010,59283,17045,45078,62858,51233,95510,21205,51517,22254,72121,02572,76417,65186,95059,32017,88210,62352,87140,34071,54360,42013,37217,87076,08403,64189,45261,08033,04073,29229,34107,36015,02772,59344,08395,51641,12254,16113,65171,83099,51034,17421,46283,83066,57109,64058,18187,25512,52174,80685,06100,60307,39402,48119,01349,34026,62164,54387,45346,15085,62414,95430,07286,56107,78382,60496,30147,40176,78003,35126,38559,37236,51031,37117,29190,30312,91191,14522,85199,21559,17333,80040,04152,62619,60198,75118,82128,01302,14283,74003,65436,16336,43133,70362,37148,55243,32104,21063,41204,36100,59048,61207,12073,14121,08069,55163,38268,64068,29301,88296,86062,09101,29001,81141,30039,07075,60498,42260,45137,33305,21680,91577,52529,50352,37018,21092,02816,64469,28415,91386,24143,92071,64506,65066,78305,06154,18179,22180,62095,45173,16187,70510,51287,87047,89276,02756,53026,82187,38002,89039,10212,08201,2B327,10248,11392,11058,54155,39363,59611,44044,80591,62898,58196,24197,66085,80680,61438,37172,02329,39499,11251,28315,21547,29251,40024,32284,95119,76247,07104,37141,79209,11277,51198,30244,15126,38004,67530,77055,28360,21016,22181,84132,24068,33359,42281,70043,40054,05177,52005,30347,66212,41294,66215,16083,57427,31423,09289,63058,17120,74175,02239,22162,12039,31374,65255,41247,28199,19013,22235,57406,23114,02249,67185,69080,77117,18207,55477,51626,67140,28041,62616,51440,39222,30030,58250,2B316,53197,30019,21604,21220,68091,08120,55320,05077,87042,64498,66057,24382,65180,82031,10361,38301,74174,57628,33453,69007,55426,30001,55166,60692,34223,80799,85282,10121,24385,34251,86167,67005,80051,54171,66145,10214,39424,41083,60500,76614,62708,81317,77233,14209,43164,38137,88060,76055,67383,41094,71318,87126,42298,32370,68166,67125,44072,36163,70483,36122,60183,46297,54194,89077,21139,83126,44079,43052,81015,12275,50106,46267,26157,26135,02009,54434,33010,31169,56116,47157,67505,51264,27319,85235,01063,14562,66208,13015,38522,73190,57517,01446,01437,74130,80058,18071,02059,10038,60016,15251,80190,62412,43211,79142,55039,14514,40075,68264,19147,01355,02782,45195,27304,91243,62310,57500,25035,59063,22061,34146,38357,81116,93033,70500,16248,31446,09167,31568,18014,55160,13058,51488,79023,24272,73184,02420,58187,50549,49129,59648,62189,72215,57548,36114,62863,92019,59233,22321,24533,03152,36241,52162,04115,68145,69284,76157,84087,57671,80009,55038,89465,57067,54213,68155,47324,09257,70351,80693,69055,19019,89162,89230,64523,06058,65095,21302,71564,73247,76660,16245,21602,50022,58002,88306,64526,54123,95394,09338,76235,34106,65310,89195,82176,63221,57424,40152,24571,02381,71247,74134,72150,49038,88138,21584,85028,29252,71588,57402,60004,03044,31524,33186,26197,89326,64213,02102,30022,50487,21605,59083,62609,35185,88073,44098,45296,57266,17396,14301,39013,27111,37095,33248,70059,77508,57016,95023,49045,17037,57232,38038,22115,40316,24537,17091,32152,07060,89233,63448,25586,05149,61408,88435,47197,29027,14308,40262,89156,51069,72295,59570,82098,09068,54520,02282,35150,30196,11062,57215,03198,24023,02831,52499,89149,71325,44088,78655,73327,74135,33320,79215,2B057,71223,70509,27022,59054,10410,67089,34301,62597,28012,30201,02729,73047,76272,27238,17101,38364,33474,59617,72306,88107,50064,31320,26358,61494,71577,60088,55361,08048,17131,65359,74212,31286,01360,32331,71556,86186,55447,14411,16345,86187,40198,18156,83081,67117,51166,24308,17397,55473,28180,77209,31250,24451,82002,15211,23052,67314,88461,56073,07183,62064,40087,33212,21360,38536,29210,33281,31312,31581,50395,77275,71121,64089,55313,56081,42132,02372,02613,80367,09202,91378,22300,63137,71242,02769,10084,38398,01245,03035,77164,77470,01166,77522,88236,32263,04149,24362,05131,67312,25327,69074,11145,51619,01087,80319,21023,57210,65163,01029,24411,25032,07200,88184,29185,67277,31358,52444,51208,23048,55467,36089,50283,38255,26253,39201,70106,50291,64470,61373,53119,06033,53216,21191,50085,18083,61309,09253,80181,37007,42265,54175,01230,24490,50294,21233,93010,77436,35125,2A209,49364,31572,73314,54052,33255,59039,30109,63286,38517,11059,79080,03041,60175,72119,04170,86108,50357,02066,17291,54258,17459,50135,55391,62266,87176,11280,83141,19238,69295,39356,14287,85065,64231,38316,19219,27185,52218,71530,60094,24319,49301,55376,60548,84142,89169,40190,55057,46299,19163,58260,54575,57571,01002,76115,02459,50604,22165,74014,28197,76606,37121,30038,28206,19182,51183,89104,34014,38256,74206,42100,09176,24025,65364,39101,23097,39165,79131,45019,67446,48132,61008,93071,27053,52355,57477,60394,17124,84105,70214,76206,69023,28049,64003,41018,76331,30290,10357,70080,43096,46038,21235,49127,23049,22201,62384,57621,54013,23029,83113,68154,63014,81139,87030,28119,74042,2A312,71254,14733,95535,07034,28022,02738,2A330,22223,37258,25354,34165,38538,31017,76334,01420,03218,80815,57495,25394,02830,21593,54210,80150,38450,09153,81094,29233,80296,63087,36052,38351,45109,67539,02672,01375,60591,08162,22318,05037,01304,33162,06108,14022,07275,28377,88500,68267,48198,80291,62377,25154,09183,47071,46094,42049,76481,12307,14731,45290,43080,09200,81136,07158,70093,19202,64489,30279,63100,67119,68197,71320,74080,89198,55145,38473,09224,60553,69170,21420,34252,73200,54008,88170,56156,35047,31070,31194,87080,02638,85128,47176,50572,70486,47291,63046,80327,30339,81303,64254,38280,17246,31077,84003,45068,43074,46028,19175,41086,54588,24055,38086,87009,63033,72166,43247,71082,21102,52110,22338,47282,59395,87075,71354,33375,65067,27348,19124,80536,21439,18256,74192,14711,16284,60362,19232,42070,70566,03258,70385,22016,44081,86145,07110,77350,01100,62873,78561,57281,59208,35346,70409,24557,89437,52548,31536,41256,03315,34248,74256,55162,77029,42232,78092,46135,10124,45141,57564,72032,34264,07287,07225,67473,08229,71093,24312,26176,71095,64412,65169,16136,59325,24248,55411,39021,27232,52308,18026,32099,59055,29235,71154,52266,82170,45251,35244,91568,80297,71491,27331,29130,26150,66051,08392,80192,48028,61307,11114,77220,11217,09280,55437,08405,03018,16405,10305,51201,10085,74252,51251,47215,91482,25075,54265,12201,01333,80041,47042,59052,24108,34067,88532,82185,81062,63366,11016,44092,61398,10019,88080,10323,39558,14714,32072,65250,55114,59550,24199,19087,87133,72037,10434,05128,04097,65424,55584,84095,48147,72314,73226,90021,43167,28156,77309,01313,44140,47114,68041,47142,16395,02383,38338,42074,56014,81093,80717,57734,64491,07022,38264,76325,08178,32332,54152,41144,37046,88212,07203,34212,2B135,02259,54051,14066,14053,81013,25042,46196,39531,85218,47284,51647,79301,14107,49224,72164,2B265,83013,46181,37044,11176,70568,02435,97408,46206,12216,62397,63096,86039,88304,24515,37054,62395,57421,67460,95607,78415,89155,40332,40281,61183,62717,76424,34229,48017,73055,88380,71437,11049,32255,63428,14288,24480,26131,57020,71309,45139,33225,03058,64364,50120,36034,60691,44212,30128,78384,62716,27384,69127,58247,60187,47025,13085,21656,78528,24281,80836,84066,76192,76149,62758,77481,88071,31229,37268,80314,22354,63040,24242,55118,62214,81106,58059,49035,77211,27183,51314,55306,18090,59312,17143,61399,58190,14249,55579,12143,54161,16161,53162,78672,37218,40051,11278,88078,40202,88313,50098,39127,84060,21630,31507,90027,06022,64172,76184,27613,84082,17461,46290,60494,50597,57607,45175,21673,53028,50338,10071,06127,70121,40002,05173,57321,31263,70229,51362,76565,02356,23071,54112,26130,79265,42197,55198,71227,03116,76439,93032,83098,73288,21365,59148,24290,83142,51556,76041,71498,19042,14202,25083,37139,80093,80613,18174,18040,11430,16315,44150,30346,72213,10132,95024,38116,31240,89216,89129,54451,16420,54133,02058,39128,28129,95529,80301,76520,32020,42314,40294,53221,52011,28019,77145,77215,72059,71032,60639,01109,57303,39419,76684,55375,57240,17412,60292,30356,52372,76020,78190,87195,23007,59014,10369,81195,64215,07222,39585,70125,32111,65102,24377,61006,21458,31045,62134,65475,29170,19001,51458,54476,22137,57682,59415,91232,80087,26026,25518,59352,55185,64092,14680,10365,48056,30112,67344,49063,86124,18034,86206,76374,55060,32454,60637,63440,21054,50045,62362,37206,70117,90079,72268,44045,35094,27667,15252,80021,82091,33116,54386,28192,03024,51412,61043,58225,58185,81302,31004,16198,89402,62588,33521,28095,51102,07241,58259,57167,31168,97313,83076,54385,35179,42248,05025,95211,68163,22053,36083,77329,17325,37106,16137,57575,54426,73214,50237,38129,54259,45108,21086,09087,12217,24476,43245,26024,10390,40215,59146,73233,36032,65124,65474,11304,81158,73088,47083,31424,05018,18209,46179,15231,47172,64365,17483,64406,23224,40165,43158,44101,26069,62593,89418,34077,04242,11423,88155,76252,77314,18075,44100,56262,15139,62198,52526,82041,31330,32417,47078,46250,76096,53142,54336,18135,31564,57336,01125,38483,01224,46286,59371,21388,09005,33477,15204,66213,73281,21603,63185,21196,38058,38203,44036,09074,70381,47072,97209,42180,41068,57339,58204,04184,31511,88375,57154,31553,38405,46174,53017,50092,56184,61381,76675,11352,61333,81111,27608,18220,33045,11084,55010,25421,31354,80071,09265,63426,64381,50403,01303,15091,39291,60409,03142,61091,31274,32348,29254,32351,55212,58256,27370,86209,46303,56166,30174,09011,59247,81325,07160,69172,42030,68123,62623,25574,01116,40146,18185,71008,91405,28312,67273,71311,10091,25566,14055,02476,31039,47169,19117,76538,57534,39533,09091,11224,55059,56024,25195,39200,77393,02796,23171,27414,80090,77126,24510,57418,02625,14246,54215,70017,10107,49109,11052,60279,25100,61167,44091,57473,28396,14310,31314,47108,27535,32283,31218,11164,52156,81204,14195,70118,16100,02185,13037,41221,63053,09272,57530,49076,51348,41012,60352,07247,56015,58114,88453,33219,87079,68156,17146,17160,64222,94038,54594,59635,87123,70441,65101,28233,02165,89222,76384,29272,62472,17405,63279,82169,90029,59609,80081,63277,51407,60330,35131,57206,25632,22071,30253,70174,36230,64135,70472,04076,79346,43025,80629,80691,23199,63402,85222,74057,55125,09063,33033,19089,70181,76242,54266,21001,85094,95651,64536,57268,71589,04148,82159,73081,52272,13009,17442,02544,35210,26011,59105,59423,15069,74222,65386,55475,37126,44078,01190,21163,52265,70443,31046,10358,64177,41175,78196,37170,86153,53168,79269,33018,74086,22365,2A092,29188,46029,59075,25105,74209,81056,40101,62584,46091,01388,46138,17234,48003,24155,43036,56027,52463,89188,37229,84119,14398,10183,78643,12119,22116,45112,08394,39552,62465,14639,37034,62710,60699,17271,34339,80648,91095,21380,33114,07283,62235,48170,30100,87006,81128,14458,80788,54119,60418,57562,51312,69137,36116,52518,05154,25621,85009,24077,70491,64352,88239,50030,08100,09336,64481,77531,59082,97124,39160,51569,49018,54158,88256,22213,61137,21053,42317,77228,88335,80107,28079,81234,39313,14172,62029,25375,25625,62660,71088,89172,73151,71383,82115,55293,64454,45024,51652,51072,51618,10430,17007,02789,62742,47156,57496,59229,67494,66004,41148,67164,21013,09192,69214,19190,71190,59533,64375,81193,57038,10416,88292,17216,62628,43090,77444,71447,07029,84038,86287,85207,32024,74151,82075,39296,21236,71460,73103,25339,11407,29080,08204,42058,70332,28060,11039,17198,60095,47307,18241,12032,14396,16293,55489,86291,88105,10377,40269,73064,37249,70498,51323,88483,82070,74063,2A139,55290,36118,60305,32365,59130,26144,79112,70142,19054,54053,25245,59100,49247,52190,81115,57434,62403,80462,24459,78189,95678,60192,44018,60412,89442,14456,24576,50542,28082,37157,57274,89027,67362,52294,61129,62207,97407,42288,65454,63463,87180,07133,50040,24464,63298,59368,26293,42189,08209,84130,18250,15196,10039,60497,02829,65145,56068,82142,11344,19031,33021,54168,36006,57355,59256,12290,2B023,22055,63056,36152,62036,57447,39475,37274,58312,59081,09164,33184,56144,62060,34255,61393,01452,77045,89342,34273,41200,16028,45032,57451,2B145,19237,19062,10086,32458,42093,65353,57015,51145,11109,26088,95252,54585,76282,61426,57299,16358,86163,76128,47123,53220,42149,62612,22070,39359,23076,27410,2A262,68058,41289,59069,51083,48081,17027,38489,37244,25002,65305,08326,65330,87023,31003,51195,12127,27385,54332,17134,12109,32236,02774,65464,17204,33280,28348,76705,44038,09029,05127,50234,47231,10423,21677,97118,32135,33483,08028,22160,12299,46234,76095,26306,32407,15117,30181,36167,59094,62361,09182,60506,60628,37263,51147,12236,59525,64252,12130,09061,02776,19233,22025,57312,49294,59200,71503,63094,19038,40266,88136,89038,24570,55353,24184,24135,32046,81102,72385,10083,12084,33025,42224,13110,62337,92073,88467,58049,87124,27190,62232,58034,92075,52233,17084,62367,35227,68175,38372,27229,02395,77315,18133,02683,77036,21454,72335,25373,59280,55148,88503,12085,46182,68008,35007,39228,61032,33140,50410,44006,29073,14412,21691,47228,63384,64013,55540,79298,83043,37028,85251,65093,16200,2A268,31499,89111,62259,81233,71454,78609,21152,88432,08464,38061,14406,80252,25493,81085,34287,39214,33009,35241,76671,34129,54157,56078,42326,03192,88139,76394,57042,25478,2B353,29247,18097,63304,62536,11182,74263,60399,85059,32218,59349,51489,47315,30292,62238,60049,38194,52413,45151,30069,70228,38139,48182,12046,62169,60347,25070,18251,21291,60450,64511,71330,62470,58023,37265,42140,63317,88327,32034,81249,73067,55537,84056,55202,57344,52342,65183,30032,54146,95127,02718,69133,89143,34132,74229,49299,88146,31404,21051,30091,39404,30075,70199,38384,27227,35359,47031,81206,69279,68302,36041,03073,2B067,87107,14215,07303,62725,07042,50394,84019,23072,21511,68028,62387,55279,60015,33205,22034,47067,31199,38102,02307,13019,04093,04058,32077,21532,14120,55565,39375,04178,65446,35051,47049,28220,61462,89144,55186,09189,27057,48141,80548,27446,01128,32373,22187,62783,17261,07006,68116,74087,30074,77182,14342,74220,57249,67222,62251,11128,07235,50081,57318,35221,28298,28317,61195,44218,68170,11390,76421,74240,14385,39465,50475,77140,32222,89152,30020,83131,64411,46214,70282,45239,64225,81007,07097,59122,14242,94011,88472,81049,22098,15266,28301,33023,07327,65289,65252,18243,12106,28278,27497,10005,51456,64158,21010,64512,86095,64250,59448,56062,32060,38006,23117,76372,27126,2A017,18110,62211,84012,71477,51138,09125,60313,66078,51216,64308,29136,23070,64230,47070,50311,84084,33028,48064,69263,38334,43118,22203,91201,56222,12092,31522,14578,18171,08406,76193,13083,07098,61412,49107,35037,45153,62047,62197,49028,23092,56178,62293,50436,80705,01032,50408,01347,03271,67241,72383,59108,62765,60039,29151,13029,45191,88353,86005,76218,05121,46292,02176,33239,83016,39532,30027,89139,59655,09105,71455,52302,56105,17020,41217,38075,37260,84072,89450,14407,48166,59536,24441,12138,21141,40127,23102,38321,51115,90025,22388,72254,77494,02294,59061,63365,76418,77285,33463,16218,18036,67293,78113,76040,74167,06044,02631,14344,37194,27556,57726,60420,28271,37133,77097,88010,62846,47287,65356,13214,58115,55317,50373,85306,17341,70126,11365,44157,42324,28212,70149,80802,11254,45018,08462,26270,77349,44199,62764,49170,40263,51437,02583,15148,57553,70478,01102,27234,86035,54122,31247,63299,17049,77065,81005,95306,59496,17200,66068,52213,88111,48161,79218,62348,19053,59392,12152,11358,10078,33111,43224,82126,54463,53226,80341,59564,54124,46281,15161,58014,54207,03004,08198,26323,06032,21120,42145,10247,33379,2A359,67516,05076,21349,14047,31397,85201,39556,52120,69217,38333,31246,71146,32320,26222,43076,11401,76549,80634,59445,70260,06002,43057,33078,18009,61141,55327,39346,26123,19118,54033,24095,54118,21413,16154,25043,07096,37038,18065,62774,76435,40130,39464,51280,57116,10412,88378,57051,67259,32010,22077,34043,91689,70245,50500,65427,89471,54263,65165,28290,60413,51003,64227,76646,62830,71550,80633,91174,62894,45111,03066,72104,72212,67528,76201,61501,88355,24375,77199,89250,80437,38377,11125,77317,87054,69057,60448,28369,25380,14519,51020,80046,05006,09238,71475,01350,52042,21106,32237,86010,08193,38230,61454,82118,33125,60163,86292,21635,76711,33054,84031,59488,25203,88115,11008,35178,31316,67061,36045,31150,17221,34017,27214,84070,25490,37162,54086,56224,33240,23196,55312,35078,52540,59066,10186,33204,60041,44012,81170,74195,25067,59306,30110,88056,38051,56220,65028,35161,38563,14230,80026,80162,88063,55431,80834,57709,33413,88121,23211,21445,59416,78646,12097,25141,31336,21140,61505,62186,76673,59580,80515,62680,38281,28390,53072,64396,24259,82029,29161,02168,85281,59172,54106,63065,07092,50238,68097,62756,24278,2B317,04204,54246,02415,02620,52497,65339,65298,71086,2A271,07116,61293,73300,64530,86218,69188,69242,37153,27153,60085,01052,66081,05144,2B341,03257,59262,62811,54323,10257,58307,01210,88426,66146,03140,62732,50079,19040,02693,09081,70002,25085,88284,60539,32410,18228,14643,16052,17289,03298,12012,85175,62133,33139,66062,53129,52437,50243,38017,53109,17079,61233,67020,34200,51616,22228,58209,21582,84044,55094,55217,59232,86016,61395,40066,19212,11415,89076,30131,10260,16234,33244,27336,12168,35060,60599,52257,40297,90028,61507,70138,80421,64008,50499,02804,80156,78238,77084,10384,38032,95554,82093,11089,64165,78638,45009,39581,19072,50505,60083,07009,38373,44064,16044,60213,35201,40030,16239,77373,06115,37084,62160,57301,51062,80293,62739,70107,78475,53260,34253,43246,07315,02016,80396,72141,24104,65300,74069,60003,57250,39022,42245,50568,2B053,77381,28139,2A348,60200,76222,55029,84043,01040,49269,12228,22104,26310,32166,82186,04090,27157,67269,31498,14409,17121,55476,07168,35285,95213,59388,27102,10382,01038,87194,34177,72183,80266,64131,86020,14676,57713,12129,81282,89439,26177,06126,64354,09044,67053,36222,79047,15229,44189,69216,76635,02024,66170,72094,51506,55533,32025,15107,88069,38167,09098,16174,37169,04179,68084,69064,32181,32032,18175,21059,77445,01246,84086,26168,34300,06147,2B205,15254,51623,61286,67311,51356,15048,80213,16348,36001,33070,61170,63389,18056,43226,59527,57658,31110,77212,74186,57389,53228,80829,28023,76209,10129,45044,04157,58021,27422,32384,91570,51032,71034,08040,57098,17138,35258,59593,43156,27066,72247,35243,07058,38393,03114,08117,60407,2B242,51423,24036,69218,14080,66058,17401,77347,21110,89053,64209,68068,84123,54228,39269,80054,62741,57171,64494,64114,67213,60622,41052,53063,97404,32341,69288,40060,82079,21495,12141,63029,10317,21482,80106,35077,78606,02155,14715,95256,21262,14260,58160,30262,82042,01133,56031,69028,57641,69278,01044,88098,56221,33344,12121,59476,21515,21006,32251,16085,45099,63300,26110,54050,50269,22068,27254,41280,27298,39559,41195,62068,24380,32414,62828,51048,62150,88439,01046,59484,77467,19193,04187,57377,63257,11326,16321,42219,06085,87157,55063,46246,53169,28117,76714,59092,01392,42129,26163,2B311,14191,62539,62418,16422,88507,63231,36109,70079,08318,24355,88317,27020,78460,02444,81112,77239,56176,02396,89176,79255,47087,86194,95446,51495,04039,62067,02807,21282,45327,33516,31273,18290,24410,28135,21078,12268,18079,06106,26225,59639,44118,08192,37029,50585,19110,61493,31255,71312,89415,05084,47277,09030,64017,50607,58175,71512,21474,54283,74150,72352,65205,77482,52103,02108,59421,62463,61268,54068,40278,68095,65177,48169,71156,63178,21005,79126,25224,77520,71516,13096,89376,71271,51627,95166,83087,57361,58192,87125,02559,35081,38478,2A089,03300,26066,17226,03094,05024,80491,80273,52116,59583,11255,28029,57412,64557,62586,39104,88382,88066,11311,2B248,89344,40331,76381,03043,62695,07177,11236,54590,77079,67091,74059,60373,55412,45184,47159,25234,02666,86085,70546,59186,24299,64051,12155,83053,08246,12181,80151,97109,54293,77107,67432,51153,22176,31053,41237,39321,69141,15199,66003,67098,55527,27373,2B213,94034,63453,24446,49214,02601,48123,71444,02684,65057,94081,69005,08137,82106,63101,39302,39162,33501,03295,45337,68165,22246,67554,62644,25247,21017,55409,24227,55442,60117,62255,76068,2B281,86109,05117,44052,70006,36155,25101,02702,39454,41284,60385,71428,59332,79059,68090,10140,31551,32265,52385,33034,47212,22129,02150,24158,31204,18007,77372,47199,66023,67379,16236,03317,70471,64543,85176,59259,11361,22065,54145,42238,23202,08287,46154,60306,48174,03139,24074,38529,34024,21184,30203,46289,63337,60051,24452,10072,08018,55492,16389,33508,87052,03309,65016,62051,25560,14732,25532,26368,79137,50426,60043,93014,03106,11093,65195,11320,54178,31519,08480,59473,39282,75056,08174,33374,12225,31277,02682,76734,64441,18147,53270,25089,16193,80621,72114,50066,86144,33550,80473,21149,88263,29265,60355,81109,22277,09027,61146,02164,85171,25525,09324,59184,36195,14040,21157,76550,30236,31236,66184,26167,22231,47098,21267,87105,95219,57133,50553,67099,57425,2B156,36190,11040,89296,11047,09251,82036,62237,80806,28347,31414,36247,67169,56232,47297,02370,15019,71486,60345,45171,31503,08263,07013,21289,31118,89025,33341,51552,17203,32063,46023,51214,57022,52300,72333,01010,55113,24206,42243,07334,60084,72367,14499,22214,85139,62761,78558,2B086,26101,88519,18235,68067,42330,52065,40191,60529,10414,43207,54169,31313,56080,64211,37237,55406,55012,57527,80070,60245,49026,67038,69027,34143,64310,60037,57211,22140,49216,94044,29296,80698,95331,70255,60698,27140,43042,82130,39310,25227,51311,42078,40231,68239,76603,13026,76610,73150,18263,59065,2B223,70170,45023,34180,60097,56003,02231,34217,46258,36013,71163,27568,50397,73276,89430,69241,70449,55153,67547,31203,31461,80230,47314,79125,25430,23152,19263,2B068,45162,70051,70457,60053,34302,21358,37259,39306,80183,62448,71004,80696,32122,68353,60543,50039,52395,33423,61079,54335,79141,81223,41078,88469,40239,80665,60436,41051,38114,07249,24404,18141,48194,97205,18023,17087,64079,72123,41238,72001,08343,37077,77478,70145,78590,36105,06134,30198,27393,62148,27228,38390,63320,64054,76367,18109,14297,46253,42254,38408,41095,79019,16224,83031,51658,12232,65409,38048,32269,23065,10275,29177,84029,67515,63369,14136,25599,27188,73034,70039,80343,46033,22092,53112,26307,36133,77278,27466,69009,51518,64346,71433,89030,57516,38245,81031,17250,01065,31525,04065,38130,67430,68250,39225,71182,57260,35261,68109,48106,36057,78291,34210,70101,36101,38067,36204,02708,70213,84103,57736,49222,31344,70334,08113,73250,14689,57082,80499,67285,27026,76170,72110,22245,12124,45202,55218,42136,27120,10205,60156,31515,42065,31165,88068,54057,77231,14602,15209,18122,24450,80379,71212,31190,14587,72090,58122,87152,88123,95288,34274,17066,28255,02819,03064,21442,55324,41049,54090,86293,10204,49102,27032,01147,61341,67172,22342,19133,18151,19055,73236,77484,08140,63306,26124,67166,70105,30218,81050,01269,33058,72025,50510,22198,80287,80060,26014,46122,08243,01418,02755,02297,85188,23016,40005,78172,02223,54331,09168,55338,22064,39166,16402,91549,05174,10299,12072,64486,91319,83034,67521,07296,10370,77230,80703,38497,29046,14240,60264,62195,52285,88049,2B124,2B080,51073,78310,58084,78381,77447,43256,24337,97611,80003,71019,74238,91600,92077,08021,01169,50086,39476,54490,80052,08446,55184,14576,59090,47004,76516,25228,35251,64140,03223,66115,71338,86131,80482,17187,54012,34002,63169,76103,37056,80681,25107,37064,08437,68009,26334,64040,53131,23074,71573,41234,41220,58282,29030,46022,47196,46200,18219,58295,67308,69235,60470,03113,19252,42333,97222,62908,81130,63181,14305,45241,25521,39194,49228,48090,67054,31011,67455,29159,64467,51050,50590,11216,33484,69227,60002,65372,04113,30079,42081,65151,43047,88456,65193,62853,62801,85024,41043,76264,56246,65166,01139,62079,80167,80030,08271,77514,60555,62066,40265,57545,49262,50090,56239,22108,38519,62585,66112,94019,22006,58305,38354,51099,07251,64343,30215,24372,16339,34135,84127,68351,86270,87132,12272,72167,12185,51384,67187,60141,22232,74237,64324,09231,04188,50290,72321,31287,73249,27215,70203,18042,23040,24529,02470,51167,61133,71201,47173,78350,59659,28033,31349,07107,65414,71393,31033,45074,70361,05103,21518,63321,11181,30265,36110,57340,33479,59658,51217,60335,19002,24037,24238,02670,26186,70091,34288,07266,19088,59443,28354,59591,76708,50601,70536,68212,32005,73192,40327,02467,16191,51168,45338,80587,62639,14145,19194,04177,71349,49231,67441,63039,09001,74287,70389,27168,77379,51068,36018,56115,17142,26090,79176,39197,51439,64071,74144,61158,38511,39333,86201,17376,24566,22341,63363,62806,07027,70412,32334,64540,34233,15249,84140,54180,69019,51169,21607,21290,58157,73155,70325,80031,70094,21571,08208,45275,47192,22169,16357,10269,79213,03015,88109,25486,12151,48021,08368,70451,12259,52546,89037,27659,27212,57054,57596,25199,67465,27156,67030,97229,89175,84089,15106,08327,61483,46162,88116,30139,83108,68051,62534,80511,69255,27148,77208,71194,11199,52436,04036,70287,42125,81312,67373,70468,16143,27502,24305,67127,49176,74236,91198,81046,27567,62666,64159,09198,47127,91347,58141,17433,33315,02224,10232,37036,13076,39020,13082,04085,25550,23100,57745,02042,09334,42305,18168,50137,68244,29071,07181,72077,57549,55425,58055,76657,70432,70297,07255,08301,60377,90033,39244,62030,88196,72196,23107,76388,79297,65411,85137,84080,63222,77406,77277,06088,46252,27490,32461,62065,02793,38266,70289,81294,34191,23139,01115,97119,54290,59378,58195,45343,09174,36033,25324,03195,57013,55123,68112,86070,09147,02382,63088,68204,43023,14649,63243,51463,09022,02331,59587,68221,11063,40287,24253,22091,15016,59239,42130,45204,07344,54252,16041,01239,62261,05079,22001,35330,62163,45268,66174,52229,57613,84036,35156,65041,08125,32188,11417,72180,81142,97615,67163,27632,15224,02746,60571,62166,65327,85096,33273,55048,04072,24424,85244,62205,29147,97409,29221,14360,24262,33546,58170,28147,07215,57014,67006,80318,87043,74038,43058,46041,19070,18039,67550,29039,34124,21179,88036,35120,44176,70271,11340,26258,2B088,60271,64515,89003,60059,24378,30195,91064,71452,08141,79111,68289,66138,21626,85006,59073,21473,67391,92051,66122,26243,64224,87148,21401,61345,16287,27645,01445,44217,60228,80792,70323,62131,76723,15135,77411,48051,84041,32039,21693,60656,64157,52516,61287,34332,52356,30318,86121,68073,08386,56029,23056,34122,2B101,89080,49178,01273,32172,76730,11183,80311,23027,25605,62698,72083,37112,51445,59034,74271,39275,71189,07048,25268,16277,22019,26340,23212,29153,60090,77426,03109,58030,81182,57293,43029,79339,17222,31025,69117,45026,08165,10327,45169,62112,2B049,21676,27301,71384,37127,76368,64372,90056,52008,65159,65069,73186,27492,08248,01393,41010,03229,70030,89046,76479,14592,42300,52251,33369,74099,69197,11327,25084,11301,24284,11264,17306,77386,67338,86276,25056,12050,02449,50356,05096,80429,32117,63386,62634,56254,72187,65229,59103,50455,43216,86127,17482,24229,73243,62646,55438,08037,95199,25280,16152,19229,48098,58262,01430,77371,58201,66197,02253,26108,68300,16102,73206,18067,58230,51344,17330,48087,27389,25433,86159,77473,60265,60670,02473,19146,66065,02471,73237,55005,09199,19191,42335,44074,37174,58016,17068,21121,57763,70037,24553,27083,51542,49237,38421,77311,77432,70415,02405,21142,60446,76156,36120,59230,06067,2B328,19289,76025,76594,48005,60022,76333,80020,08155,35180,27671,18153,02616,24420,54505,21260,68018,38314,21392,66028,12207,33358,63106,14200,35069,63460,76724,11070,27100,34037,64538,62886,11386,17410,08482,38191,35163,52492,51317,86112,53272,63160,55132,23209,48178,12237,21225,60210,51468,17035,36242,39308,64394,15088,33489,86174,68271,06105,50453,76407,39241,14675,39431,80413,71096,64263,22179,56147,70210,55345,11324,32376,78289,67232,26111,30054,33231,72129,21475,54288,57059,25538,27458,62552,43153,39068,68335,24174,77195,71322,60491,25233,07224,16392,07065,2B234,88142,39569,80069,95060,32069,17161,67345,07143,52431,51338,14563,66223,88089,31209,80390,32431,22131,57650,71152,88152,02378,27146,09270,54100,07166,49205,60669,63211,11208,52371,60545,82122,40056,80667,39567,52253,61346,17329,82016,11275,85097,28379,03037,09340,53273,2A272,59149,49057,66176,89417,64129,28286,07010,14595,44087,16231,57474,07172,32088,04110,63407,84054,16185,60364,47200,13215,80670,39096,45084,63280,24507,80375,34265,43258,50117,09250,38060,45037,60664,60073,74253,77337,82082,48013,79162,11353,38212,83116,76599,21333,03233,55129,54415,85157,22047,14492,27313,31138,62165,54097,2B161,50481,62602,47183,15002,17254,88166,22046,67095,70055,10225,66061,14205,02339,87029,46231,68364,11218,42183,73202,46244,53136,40289,71081,35106,16360,76274,76416,28387,67497,29040,59313,09267,01015,85109,31256,67436,11333,69109,38156,80464,51268,85200,03134,69045,45100,08070,17205,80347,57486,65422,76262,10172,95177,02218,81316,30183,59346,67544,45093,22044,14700,15020,39029,62558,14159,64247,76700,05163,25156,13038,60343,55001,37271,55368,69283,67492,55553,33342,60623,21131,2A091,64395,21393,78567,71315,10122,27437,58052,21172,63411,40211,39565,24511,59117,21699,60034,55506,74282,81055,27435,43173,33362,26333,09162,41042,62059,80617,27674,39456,11219,21563,59504,09211,86110,09170,77323,75104,86204,72291,77456,60572,71264,32065,03225,14077,26119,17023,30036,17095,41187,88014,53259,46083,11141,37196,23078,62688,11336,06129,55551,64421,54216,02315,43249,46130,34236,11286,80339,42275,78344,88425,25157,48157,30286,2B332,33425,01436,71380,89459,21015,70476,38368,79055,32223,30272,50055,79154,88185,74005,89431,13010,44210,17473,66134,74012,74313,15260,86279,76249,76269,11017,50349,62057,16184,52250,04063,32195,60244,77130,65326,21444,43108,01450,50514,71540,70004,67220,38474,61411,56132,29011,31253,08016,55397,82030,45054,27643,80716,15245,61339,42063,97311,70198,60063,10130,40309,09085,02586,91345,18072,2A279,71071,63201,25451,83127,53177,38041,50192,51247,79313,69201,83082,50422,72064,34259,55355,13093,33180,88167,62862,14436,25406,02023,88514,77475,77188,18186,97203,24151,57319,44032,16330,63015,57118,59406,91098,30072,74264,14086,31587,18271,31570,55177,71107,89091,57073,40250,37281,02212,27544,08349,67040,19064,77297,68188,70148,44083,51304,90037,77363,44068,58088,25387,45097,30305,83150,51186,54462,59044,81257,80337,85058,73213,10046,41152,18089,46078,03026,08149,12147,04209,38269,24114,67011,01240,65164,58133,60560,50540,35076,36170,02417,85163,08183,55383,81149,58213,65135,57040,17067,14063,63469,61451,88154,10157,39001,72133,54037,72022,70523,09320,19203,02422,12235,33133,51234,51363,45159,83008,05133,16014,76046,17016,33347,08335,06095,25477,10290,25151,45020,31585,2A326,55316,50108,53262,67142,89477,29106,06130,26347,59501,89485,76432,68057,07144,77336,55032,89217,56041,03010,61061,88026,60214,24584,17126,26161,17212,51417,59057,21118,68290,85108,77454,03050,27322,60237,2A071,47084,89371,70437,76091,38452,02268,02647,36029,07199,21627,88383,15111,33426,65368,14542,47037,55332,17469,2A018,19257,13113,57076,18074,76491,88460,78688,17365,57256,79163,30117,42051,41277,26084,59155,88039,37002,34030,97612,16233,76237,51316,72068,37270,24110,33145,41297,88446,62260,37080,21024,07341,14092,02276,19287,68193,70431,70440,27408,77269,36210,46059,80025,70140,67474,36063,32012,11156,62821,10340,43194,77326,39334,03097,29162,36142,27427,10289,31106,64047,02338,72178,05157,09311,14090,2A360,84145,64199,17436,11185,40196,61344,32064,71184,74088,14020,36160,59419,25290,73223,10171,45203,68291,68205,70115,08080,77400,04035,43263,62268,16128,21586,50292,31415,39370,07210,60660,74137,06157,61040,58273,21642,17278,51006,44190,18197,64550,67447,28215,58140,71339,62525,25159,61211,16111,10188,02443,77339,39031,19226,58112,65382,85026,59616,19160,29065,41281,76494,65377,25332,57574,88029,08353,68142,16243,26229,60516,35102,71266,24445,86130,49311,43234,43127,12297,25385,63468,88360,80275,03090,07025,17474,60468,58229,28116,85049,85221,60299,25439,34020,45245,27317,10061,62689,47050,10059,14303,14692,14610,2B096,38020,70215,19027,38205,76188,23128,12048,27191,51288,89270,74234,02136,31174,69006,61292,86198,22132,39519,52479,21669,76391,54536,76291,21231,02182,67153,62116,21701,32170,30136,03224,19061,62520,31040,41108,33462,46323,48074,77157,73005,71501,59628,46222,63102,39448,81267,45248,51278,10425,56230,02229,57672,95241,80182,26114,66113,80602,21435,80042,77511,57310,05048,08078,10356,68113,43120,70135,57706,33063,70336,60328,50174,81078,51629,07250,73271,26099,50188,02635,77241,76131,35218,63380,28275,53118,08319,63314,26042,78296,71371,76039,27678,44057,02138,2B177,02237,64088,14377,01152,33213,64522,73310,15032,62876,63241,57515,57125,06040,70124,22021,80110,32128,09115,41212,18254,28417,64496,91047,37203,12177,60579,94079,25110,16023,58280,61433,65214,62021,70114,64318,42008,88510,83030,43119,82063,42223,04043,45035,16093,69272,44089,34057,76185,26272,88326,56108,89408,27611,10420,91560,42179,62013,74097,95055,24322,72060,08103,27539,63354,77192,62303,55115,38115,86064,76710,60104,80068,57582,89286,76033,22004,41279,68096,02248,62109,63296,26037,14207,07336,77153,31031,85206,26046,18233,80585,44055,62760,65328,06118,56048,41053,61418,61099,71445,10315,12252,45301,49068,68313,67058,77194,46237,14724,32274,25286,71098,44033,64493,14037,31411,10009,29026,33268,42071,27082,62385,95170,59147,57683,32318,21672,38564,27372,80392,14709,07230,08438,42026,78158,38311,77081,54487,78440,25438,15215,14184,25115,57543,07041,27136,16409,64265,22326,34160,02489,46143,26050,62779,89099,31426,21438,24042,40249,39198,55070,67470,02438,30047,64269,04192,02404,62614,88527,53076,59548,59589,84021,80094,27329,07289,43231,69180,65367,19004,70529,46207,60166,27662,57217,68196,12209,57449,79139,54327,56247,64408,03312,41102,58101,16280,76406,32360,77340,62847,46232,07115,33146,86229,56196,33327,60652,87146,26214,89433,45161,64007,72205,31242,81232,21334,43178,60276,02641,08389,51577,29069,29006,31529,17074,17455,26369,24419,02573,54516,22011,02204,21038,58277,52536,79253,66069,38356,23174,76340,84011,38542,59615,59652,97306,65277,03297,08293,48059,79320,08393,53150,18160,68153,30166,31104,52377,45050,07140,80518,64256,39027,18080,27288,65323,21400,41241,81067,21550,11429,02786,54444,39582,02584,89123,16272,45059,46199,08222,19254,08123,03288,70090,94056,95210,35169,47144,11075,23195,02753,11076,31428,04019,72023,11120,88113,56091,23019,54003,02833,60400,40119,71159,89007,63066,30249,28106,62074,61413,63203,53021,86236,97361,01019,39038,94077,62845,11410,32359,17214,77025,14435,81291,15034,51530,88341,02133,59669,80250,62411,87155,26226,54337,11260,87117,31267,67279,70411,78616,31095,21460,45255,57304,43044,30120,60326,57148,89158,54479,62589,69042,01140,27090,08011,05090,54373,39167,62582,97234,62566,64232,26025,47271,26256,09092,57626,39047,91318,16138,57021,40295,74054,16298,52366,33115,24421,31531,55364,52170,89486,51399,18118,52490,72004,50628,31329,57181,22312,31399,76051,14498,48082,13119,79174,02575,32193,30223,24091,56259,91249,95369,87101,77125,76161,60375,05014,03120,2B229,89251,76595,60324,76464,54539,68209,60389,40108,37282,80338,64004,01449,01054,49030,29145,60231,53237,25120,25383,02483,38131,64473,06010,07121,97224,81219,25334,88487,83089,68081,43215,90052,30237,59493,05162,38243,65440,14038,67416,64130,54191,51650,33380,64042,49182,30009,64323,51422,39526,51225,04210,02007,55171,87039,25255,85237,03017,53107,08420,81318,38064,26171,29199,67136,59327,33237,78569,29172,89136,01381,13030,03151,18169,88328,19023,07216,48072,89420,67389,50185,70490,57642,38052,62896,54560,21065,10201,68071,30060,21452,80049,69265,30194,33055,71323,28234,59524,14454,13084,56152,65204,44051,21410,54368,74202,43175,02373,52002,87128,02222,22372,26072,65453,36175,89079,10190,01234,31032,09023,66011,55458,91286,55501,53266,34304,58310,38503,86281,05003,79031,80597,09246,07326,92020,12256,34094,59511,2A276,36019,95625,45247,87151,59642,03291,82109,27115,30188,45073,39268,49010,24257,76410,73171,17030,04234,39281,51112,21210,71586,57356,54093,63308,86096,11172,31379,02535,25265,91067,88009,65017,77073,62785,65216,67023,68179,73225,2B105,87019,11312,07109,59276,25431,21263,16365,47190,07261,80674,50302,11108,16244,70558,54353,71046,01075,38376,03159,34262,35312,57462,57239,51354,68293,10165,54163,40272,74075,77530,24080,67248,11435,19007,37214,07319,32156,78537,34118,25052,31023,07278,62543,23006,69119,02518,63061,08189,58264,13002,45265,78484,31015,21138,09237,34186,64327,38008,27196,24575,04129,09157,63263,89424,64064,64242,18113,10332,43130,58121,21169,38100,04135,28086,11179,82179,78366,32062,25432,33052,73065,21561,51039,23155,11098,10159,37242,62777,58284,33128,49266,42267,04133,54023,16124,79160,21713,70041,45080,77242,59084,17431,69037,16064,77115,68139,41105,65011,39343,24544,33172,62027,25311,27621,16302,29128,75106,60549,89373,13004,76587,82135,03307,79109,34215,41025,24266,63427,51426,70032,08380,36104,38415,25298,62600,57584,77291,37025,38403,40194,26335,01311,76476,62434,64012,40088,68161,10007,53141,78571,56067,36213,76144,31409,21683,52136,64022,44014,60651,69156,12284,74178,80714,44156,64420,63467,48089,62005,39156,76092,49048,50420,74158,02070,22390,61301,63057,51611,09160,57158,59119,50028,35018,88024,2B290,70444,12035,85074,29277,60451,35192,12077,32198,25391,63252,56203,70436,17337,30255,78321,70242,69189,02721,64446,09227,05142,57275,40253,2A129,37059,45070,66228,80783,01021,55464,15200,78410,05066,37204,62118,79114,29018,81084,51562,35160,44110,54211,44075,30206,66187,21319,69276,24300,38136,02547,85265,60337,06005,80089,18084,23108,21579,34164,27508,14221,27382,33499,59222,21113,81147,22121,01014,71070,39510,70218,88261,49053,62567,17113,23248,57485,14486,54208,60676,02496,65072,56028,54543,42086,03107,14402,83074,64460,64264,03306,27209,41151,14502,76551,02556,05029,76664,57524,86114,55009,60626,70016,81275,82158,71196,31318,38050,17373,29246,71134,63250,38189,86052,71033,72018,39318,71481,50341,46095,62627,33275,57063,01259,18163,62376,26061,34309,02526,71353,49272,55321,21173,62839,62462,19266,71277,33079,71215,60368,39540,52033,37022,46027,38109,57392,77446,23132,33039,16273,62390,58008,54376,83120,27404,53130,64544,95253,32178,46256,17139,39539,32247,55331,49345,64276,08415,68185,76067,57407,36234,07227,57507,72035,14161,57010,59633,71099,51469,46015,60233,57012,24329,69243,32428,77254,42229,83100,14182,53223,87084,31249,51642,39056,86262,45015,01006,76146,25630,60422,30264,35118,62157,06114,17162,53229,51516,36075,64208,16054,67319,42137,79349,02657,31237,72323,32059,65080,59157,52442,17299,55448,49193,73212,51116,64459,93070,83017,39050,39529,25456,80835,28164,85266,2B292,71042,42148,11178,08207,76580,76615,62444,08060,22378,81231,60062,67178,62300,51127,2A336,28217,10055,11372,68257,73258,69204,55310,31573,77217,31085,14126,64279,33121,2B134,59467,25174,88513,21570,07005,61015,54507,39352,05060,01345,91105,15212,23226,35354,57375,33099,08358,18104,10187,65215,40068,64461,63375,69026,88347,68304,02183,2B165,59268,14354,71513,39486,37151,50205,65269,15259,04130,14659,76279,64128,54524,81042,22157,84096,11431,10303,04041,58184,67276,32037,81307,51536,78346,70326,05172,37094,14256,54577,24341,84027,35235,88101,78443,89474,01098,07292,68065,81163,76636,71557,33173,37051,62274,62359,51213,58292,69016,10354,67322,52114,38204,73063,56228,21238,36061,14204,79049,54550,24428,76477,53048,38424,57084,45258,54160,03141,07162,70538,38031,02430,67254,30217,65153,13057,88135,40185,38148,09079,34198,01275,38440,25366,76685,54469,29166,27624,36196,24417,24061,10372,31370,86023,29198,12135,89253,85300,02673,11381,36134,39063,53155,32401,54570,25276,63072,04066,76013,47319,50099,17384,28325,40104,77513,56104,07323,14550,78104,88525,2B166,56227,89398,23014,72308,91685,80692,80723,45283,25239,17393,60416,71128,51648,64180,37232,11355,29095,46082,59424,55093,05102,44054,07126,76043,78143,55461,79115,39411,58028,32050,60344,27371,02116,43262,57567,68105,91659,84083,76572,62170,24352,2A011,03007,58304,07014,06143,04176,71317,55241,95641,53091,44207,21430,33194,25348,64447,37152,10443,52522,10199,43199,80023,45144,23005,42177,14637,36014,55301,02412,35032,26345,25619,11225,18199,53178,22261,69280,46321,71414,57112,60188,46201,21214,64235,2B335,83095,26116,24474,81105,46193,80718,67209,27332,77077,27418,60490,54066,11079,63259,26210,86221,67500,29122,62648,39407,25515,35123,24518,57183,80729,88394,33551,24562,83121,15202,89395,01366,09017,70163,88047,78020,86103,66052,27633,25238,57619,28168,65094,43143,60220,52398,08226,07084,31419,87165,43193,79302,57195,36086,39176,95183,16118,95459,59099,11377,31401,45336,02652,31189,43177,49271,91547,26223,61367,33030,25207,43125,76090,57371,37014,71358,60283,86119,32192,60185,27009,73117,08073,61308,95445,69067,56260,09188,62181,60406,41090,81021,31443,33027,77203,71397,31167,12025,24101,17416,81293,07047,51165,27495,63007,31584,68216,02590,36036,40311,76403,42006,59191,78497,84004,18078,39046,30142,24228,39246,39114,26067,57629,40064,25519,70257,59581,18094,86252,24189,76632,04102,40142,46312,46125,80512,25009,68152,14601,33363,31432,76508,65457,82145,54452,43017,35088,27259,80112,54546,31475,26074,25503,43114,01331,16400,07068,11163,54480,56004,14510,70308,25365,21406,05166,76083,33264,64334,54477,59266,42193,88286,78559,47017,17033,63367,37276,59193,44085,06121,79184,04158,05126,29244,40178,14677,23028,61376,11244,60140,57700,35271,47148,78192,81221,50105,34290,70194,30146,42104,91679,10202,31034,62225,45273,59345,42135,04047,30281,59231,31276,89060,62443,21588,70489,08166,08225,77063,02201,77135,71069,08409,07015,26318,28378,46313,87040,60057,16375,30240,26373,51507,15174,61234,50097,39084,80640,56198,45182,57070,88030,19095,67480,47209,65022,45280,03031,11424,26362,35055,81167,74215,70454,53110,04061,17346,24422,62590,51315,50161,64501,60149,68208,31395,62522,64170,82143,87159,79136,30026,67526,77288,33160,57180,90041,33429,28283,37275,62344,72010,81305,60533,16382,58065,33189,64464,02122,28411,08295,65096,76483,77113,52312,14762,33223,67370,05031,38166,44001,72359,85277,37004,02760,64284,27135,89100,60359,60462,88093,26209,10220,52337,91648,62176,50536,39472,71140,01155,78650,90098,21176,25273,70272,31135,54350,42037,52426,66013,25129,21145,42088,01370,08035,07342,47094,59254,50379,50126,01379,10062,72086,03127,67145,17053,49192,31303,63265,08362,03283,91525,62551,33179,50617,86148,34173,85132,51639,50588,59037,29081,32310,51224,90018,68111,67247,06158,85062,70021,03160,29191,97608,81096,12288,60438,55165,86045,53153,35117,50641,11041,68345,44166,97410,59577,51526,88478,22375,09256,88203,44201,14555,62090,22184,67493,77394,14061,77071,89407,02295,37030,05100,63020,65472,34272,51052,88025,97211,71108,09121,2B079,54248,95120,70405,62182,62656,12265,80479,2A288,08378,25208,89352,43202,58202,62608,08276,18016,24200,08410,54193,01238,63431,70435,50613,76455,97603,50027,78138,29056,92002,79191,10408,2A100,70548,36091,62041,62415,56163,46124,76109,62491,64090,32021,57436,77284,03200,57414,32214,24128,65420,26275,27629,10345,34075,34174,27194,10193,15055,77384,68087,16307,27358,21249,77416,03201,91226,53245,2A196,21382,21493,44200,40161,21190,81054,56013,02711,62140,33201,64122,80204,31148,10110,28034,38547,54184,12169,38056,91434,67535,68228,81192,71296,90044,30029,10064,68132,42319,72139,26189,47088,27054,2B286,21622,65064,31304,19221,80590,67043,49082,76536,32389,34061,11126,86058,34113,60547,11157,55237,31185,14320,32242,86136,78398,12233,36224,25590,41209,71483,57611,67012,49218,24121,30345,11374,08245,31243,28341,27173,32388,45152,55370,27489,54381,61404,65032,61012,22134,33020,81152,68227,31012,76382,59131,2B180,23004,42034,02775,67124,27561,46247,62702,73092,57288,54021,57103,33191,94068,46139,31054,88023,53157,77380,02040,88162,43077,54535,33437,14446,80746,70278,59483,26315,69207,43039,39230,39523,33126,57538,54272,82080,70549,27411,77398,39284,02614,60372,77114,70357,34243,57552,73147,57443,79311,36077,47202,55429,21241,42021,21055,23050,35167,31175,57665,89219,76507,54578,28324,77251,86245,38219,38402,13105,76121,60509,69104,76562,52007,76626,51361,80544,59393,33187,76002,79164,57757,10362,86214,82108,05099,73242,85172,33048,07067,21237,85120,44149,54278,64296,21425,70371,43069,80502,86207,18145,2A027,24304,91552,60586,30204,45056,14023,26185,78615,88307,38248,32287,32227,07220,54592,25629,42151,52017,56258,37049,21506,25153,62861,89061,64186,33335,24224,43204,59520,2B030,21311,53066,59370,88043,87113,32121,76163,87096,57492,06001,39477,28398,17458,31233,29087,95304,80185,67361,21245,27290,77320,28053,40154,63123,70269,33257,62837,33226,63381,43159,81027,54340,46178,58303,25526,17331,70580,67152,69275,88250,70501,57100,41218,28195,35333,09108,44222,83140,13207,02266,03157,24367,40197,72134,2B252,03054,56134,32383,64045,71123,46226,89384,50353,51617,71547,29003,79076,68266,45177,59391,40123,41211,38418,83051,03211,02783,16189,59630,25447,50172,64483,92014,14529,55018,08145,38185,02334,54439,60474,64120,38153,63261,67250,36188,59451,40245,59464,71193,55421,50279,64478,88438,55282,51139,60135,62803,01211,21159,39133,76492,62703,61372,60013,17275,48192,62641,49217,16056,62554,01050,66154,62800,61024,13092,21497,57110,35187,64533,39093,65350,16258,74180,67037,52547,17422,57386,64077,37191,08089,10189,49163,86217,42266,02661,95287,14338,87094,48046,32120,45279,01328,68249,60105,70012,37041,25455,91069,52159,56216,01105,38352,10319,26231,74122,86007,34306,59127,47244,70306,34242,65366,37241,77396,80776,59003,02388,88418,65362,76346,90071,76509,59600,31462,55047,58252,76484,02096,05167,27388,27686,87017,17339,23236,88275,14211,77500,65439,52131,02699,61087,37048,71017,82077,10014,71473,25008,76045,45188,80096,42079,54279,15178,60426,89265,62026,2B097,10254,34059,08217,63405,70396,63136,93074,67090,59431,69381,66159,14299,36064,95392,21409,30169,60566,28308,57055,80008,37065,49086,23009,07263,69068,36081,72273,12202,37277,55401,07089,15043,67079,33003,34108,32326,30150,35175,31408,39077,76719,11309,21617,34204,75120,62265,02785,60410,25539,43012,60031,60510,02588,88106,65308,72188,71150,02510,54070,53012,52075,55508,70524,17277,10045,68243,03155,38282,36129,27618,64371,85269,05171,88448,65314,72073,66136,11234,33098,54430,61108,71478,54245,79295,30005,28329,80366,18246,77286,32248,26039,67538,64204,10341,83063,60222,77119,80425,19123,27207,38481,27429,22037,15206,48165,65033,12148,76130,67384,44047,34341,50230,41045,25221,10353,52386,38037,65005,09165,71195,73284,77316,44108,71343,58300,25026,57397,56171,26204,72130,19145,65358,71031,88278,80157,37238,71496,68362,76544,33182,01082,62517,80180,17025,06019,50263,78057,51210,62105,21596,60120,10350,54074,42025,21674,17386,34269,71173,01260,88168,70341,80737,78391,32307,71314,49055,13091,87141,02258,22229,59602,30052,64462,95584,50178,17413,84088,68256,62155,66218,27541,41126,12226,17236,72020,24405,32426,2A066,61041,22239,39434,37085,42127,80109,29124,74050,07309,01344,54425,10432,67017,53139,01225,59046,82120,10226,89022,02280,60675,46072,14533,66101,31398,64392,15180,06090,16034,31548,39263,32378,94076,45102,17122,54561,66060,71206,04214,27592,70047,14220,29211,35273,01403,31327,2B193,19241,21100,09277,58177,33218,07330,04151,38566,50371,57129,63404,88096,46301,21678,77280,46151,58281,73278,85254,75116,69072,71400,77429,31517,2B171,48070,80066,23026,68120,42162,36205,65393,16007,10286,62270,83130,12068,09327,38423,51019,02701,2B287,25323,08461,63267,12211,72173,62673,03095,33434,71112,57350,72380,32340,72256,24288,34018,65121,73027,27108,08146,08052,25322,10396,17274,27282,19215,2B175,28294,17038,47283,88470,60261,27379,10373,21471,64150,72309,87035,56079,10321,09026,17165,71068,76386,01084,62275,25617,86066,26023,32322,70305,33252,19060,60339,70196,80264,51094,65075,54274,94046,71038,36243,80820,24195,64039,64091,76529,49121,01384,68361,47225,94002,09341,38362,21201,88352,63202,71210,97217,88340,31081,07343,54062,04023,18062,62535,14494,81017,08412,01061,73139,70321,31340,27376,67300,31037,60076,21574,21481,57454,28355,40084,45254,38496,46064,62113,08284,31259,19149,21526,08312,95370,50159,30165,64106,51503,62685,51263,59582,66158,11307,17071,37245,27123,11426,42310,93063,41171,41161,37255,27341,51364,50006,12053,33141,14457,11379,83097,54547,27438,65444,79100,91200,77328,04186,86075,51476,89374,02743,10041,83137,55453,70042,32380,59414,60036,70420,47217,68017,63347,68218,35148,39338,02191,02820,03266,89262,16387,60542,15132,34299,58309,53116,32244,2A203,57221,65270,76136,57182,24059,65292,62456,89264,36038,50262,85010,33236,54411,30274,24397,07130,62547,88048,41124,22334,43128,25350,36237,31153,32436,24237,47102,02445,10113,62750,80750,53043,81215,17026,79003,40008,88403,73068,45231,80261,14044,41069,51365,40095,89467,09242,76219,13108,67555,88147,25246,70109,49090,21129,27665,31103,54334,31476,26364,17110,31552,27010,46070,45001,60658,78501,08413,50621,14165,12253,59304,72074,84091,62781,16401,67118,76523,02703,49331,16170,52070,43180,38046,12243,39277,33490,44115,33156,76360,35190,85202,57742,40131,17195,47014,14661,59203,50221,34136,2A345,33256,17052,55015,17232,64009,76666,41181,76226,53236,65390,02126,77056,88485,25270,63438,41003,61257,37125,60074,35361,42022,02214,12276,18193,30311,86298,41278,25445,61105,17471,59450,33157,59165,56158,12197,57337,47111,38225,27001,23172,71262,06027,69125,50468,02011,23110,47240,78640,42182,14089,32096,51571,54220,31113,87161,51308,02724,31208,12002,85087,86180,73123,61342,61485,25074,30315,35265,68080,65077,42141,60132,76653,27327,82021,28336,02617,41145,25589,38267,43200,61159,06162,35130,80265,76143,80565,67217,63170,76085,33415,54473,27564,12136,14593,64457,65392,24541,58269,39364,27390,25579,26322,14162,80828,54296,33391,82121,67122,59091,40204,31308,24100,64376,24106,28070,38076,70274,31066,45282,22031,28257,52137,80188,47080,27342,88229,31080,57727,79074,88480,50088,62080,34125,77083,76178,11117,27043,13049,23106,42067,45312,31444,51504,12238,78163,21428,14045,41087,32379,01016,24409,29275,10259,04195,30259,80073,48038,70144,43139,80526,50360,02326,07163,61156,33440,79116,37019,67033,02513,80235,52193,54017,54429,47130,57457,87091,54456,57056,89263,89386,60129,25482,74006,67256,08237,50276,63189,63307,51177,83056,42066,09060,90059,55428,32346,59477,77483,29104,89338,30167,60645,62460,39182,58090,61443,51190,16206,65059,76413,57247,85054,50362,26295,50095,78520,12144,51130,45031,63470,41296,46050,77032,61069,08074,79258,53199,45116,87021,89284,59598,90035,2B010,52422,49355,84077,08307,40177,30067,13024,89311,27275,60517,06023,10251,10002,38173,68037,32174,15191,38049,72239,15258,64261,11343,58020,50584,33331,58068,15182,21523,29300,28316,85161,49201,03285,01400,70492,38558,38413,21381,55586,31360,31280,82105,33438,74123,67499,27476,10249,51030,89363,51283,68138,17089,76021,50327,86296,25001,88379,47009,78481,76397,54509,31317,47041,39220,09235,30261,14286,77002,51175,42306,14312,27386,55325,02649,86008,89419,52133,27650,40218,83101,18013,58306,83035,55228,40158,69194,01141,56185,54277,63025,51546,36042,29078,68278,39485,70373,85119,35295,70563,67180,69046,60174,30257,79354,52363,78367,12047,44109,30221,89244,78464,42047,24246,45030,69164,21695,92022,71485,27141,41250,82110,08268,10239,62905,01067,74073,39399,80402,64205,24274,74257,27248,23060,54310,73328,51185,08088,25557,86009,88267,70160,08478,40188,84001,44013,36159,50431,10003,62033,39377,88158,41101,40290,77086,48108,11054,12006,17427,51128,78118,63143,57134,60697,50317,62857,16060,64198,62276,57357,38260,66071,22118,38120,24323,74254,50102,40273,59559,60643,22345,14333,66164,09342,84007,29010,61162,39314,67084,18019,59531,21123,2B188,69256,41116,72320,02714,34238,76022,24328,11024,84069,11232,80593,83125,38135,03045,33367,28366,42147,58147,22226,61089,74193,97616,17028,52118,84047,32411,59255,24549,14445,41143,54006,68366,29226,77342,34151,71408,61107,51643,51584,17426,55573,49140,40159,32457,71043,02629,62825,88164,21018,60489,40092,17406,01159,03051,91294,47093,37047,02312,62510,62887,17060,54284,15050,80231,57107,11113,54333,54399,71269,16363,07050,04069,04106,2B244,44037,32453,66092,52231,27124,80086,52066,71279,33080,39504,76106,32343,79268,91099,54369,57391,54400,67253,03293,25390,65257,77307,12262,45229,80758,51321,34072,03158,10250,73315,14365,82178,03182,84081,55269,87085,52487,11188,71336,42016,37207,55292,32103,27005,57214,45125,31341,40027,30114,02017,63069,40225,55571,64456,21531,43195,23216,29031,42338,79167,53121,58274,63140,25614,88471,80825,34239,57144,61203,21352,62017,70448,24359,19097,69244,27401,18202,73076,83123,2B073,52196,10114,73124,27216,77019,78237,52374,89128,58031,81030,70575,47097,59447,21105,21659,85064,65432,89308,52428,12036,33026,30082,31064,28045,55027,27571,81131,51565,60519,31481,80736,28149,16186,02008,71257,50305,41287,37088,10137,62035,87003,61092,62342,34187,68024,40057,89234,74102,89043,70097,26141,14737,76216,89236,76621,57328,21557,76419,07146,42142,62185,62591,85114,08084,01402,50281,89480,89108,56153,25125,60642,57305,15233,02549,69142,80450,72195,59195,54443,11110,61120,22105,38085,39283,28107,90001,49017,42282,89179,67368,16069,26234,02742,60241,11190,25190,45212,50405,11067,65340,26241,09122,71514,80013,91654,39492,02178,70505,25236,59132,47134,73257,77001,68135,71424,97227,71014,63333,72232,57655,86261,55311,07106,24226,2B082,50550,54196,24139,18231,01266,14345,31124,76107,21369,63283,33075,81214,02293,59217,62770,09326,35155,64286,89291,87110,28027,71202,26142,78133,70067,76697,22139,78431,64316,16403,02291,71449,59584,2A032,89151,64378,06064,52092,31179,84098,77219,91027,46268,39439,71102,61297,32302,31102,08350,40200,83144,32038,32066,70243,62439,88388,76079,64162,62228,55329,11214,73317,2B314,25044,76461,78498,17367,77418,50168,58057,38504,03072,92023,74013,68343,55008,97206,27280,24414,90072,05068,90042,47117,43086,25528,45069,42045,39187,65450,44070,77465,34297,89194,08188,92062,60688,03246,88059,46243,39570,88027,55031,02241,12162,62624,50310,17355,69294,24060,66142,71186,67085,59331,63216,80393,87018,25171,65230,38455,71471,59454,35238,30145,84039,21192,58249,57579,69387,38389,61366,68363,30111,79249,50236,15156,2B055,02366,57686,45243,31063,26043,32163,51448,52550,30011,21620,22384,30208,37069,34109,03112,47300,76356,57403,17117,64234,57616,08421,52264,50345,64210,63030,22216,32440,87139,61018,76426,53013,04182,34258,57047,31406,83072,62484,44096,80271,01027,14571,76283,31547,59457,07102,56010,63210,19281,57153,71567,78107,69034,17288,24357,07112,17215,04205,64111,87112,29179,27530,02665,07204,47275,28158,73312,83077,71168,76245,67304,93066,81166,2B122,76677,80388,13087,14083,62416,66209,08422,43137,39175,02278,81311,01397,11239,55251,23186,57431,17398,25093,38359,39298,86113,07253,66100,54247,26320,10148,01093,02690,32207,21045,71076,27366,81289,25019,54238,87068,11373,43092,48020,72250,32196,31334,95633,63175,88032,82149,88486,25602,2B338,52507,63076,64521,35198,61422,56054,46319,60541,01189,2B273,63425,46102,44197,19104,71075,57353,79159,74068,68224,60291,02186,44065,71461,14469,60535,89272,02089,62286,40283,59238,91458,76312,68231,86164,24482,73040,41006,71243,61151,47061,13055,33345,55127,86273,08056,12133,01358,33118,51403,17077,39547,09230,23003,55580,50218,46107,28061,25116,40013,07076,02033,65182,18100,15080,61397,21084,54159,66106,76423,76577,48124,62242,43093,10271,11297,11421,25546,25376,81186,49054,39331,09150,18038,74055,37129,47219,08082,22208,21455,03294,37045,64414,41020,31566,88028,32048,38151,26129,58294,51033,63454,76335,04008,59179,37074,89232,07064,57463,42202,67519,87154,76329,40135,54226,63418,53030,76619,60341,74128,67298,45323,15230,53201,60012,80643,42087,78389,59012,25542,14421,74203,24179,79145,17022,43068,37222,01401,26057,61375,45058,21354,50031,76505,40255,38287,02256,49328,54343,45046,73100,26049,52494,65317,36115,12137,55248,95250,40321,21133,50050,23018,39190,02181,51587,66114,15127,31591,60315,59385,38396,06116,68077,02375,69239,77003,10274,21639,70081,39209,2B172,80637,39142,57625,05085,66102,59452,08239,52230,10125,57163,19265,25580,56063,59166,88007,82038,57242,30303,74103,56089,44178,32106,18057,47185,17438,55389,21154,63122,61064,68333,87134,58159,71299,57146,88209,31269,67150,81245,78120,08135,69389,79263,32033,46045,27546,63328,07196,67203,17266,63041,33068,71092,71110,62714,91184,22194,14726,33498,22199,64112,46016,01208,60520,17465,48050,91589,73013,46186,32116,23170,11342,70119,01235,60456,60635,14214,09117,07294,64477,37128,52106,78261,65315,38546,36176,70230,02595,52187,50433,17477,76111,80197,14590,57689,09015,21611,31430,09093,35257,11338,70288,95351,2A204,38375,68190,65212,41265,27690,51256,47057,17437,34317,18092,28108,22317,15170,28272,70205,32233,21278,25342,74007,81292,80131,39278,12024,92078,53134,51434,52291,80122,42262,01268,62730,72377,78125,61160,09053,64391,30071,01353,54209,63251,21361,25182,42010,72156,78325,11030,70363,17059,62058,30010,49023,14403,36027,76501,80709,72253,24548,80439,01346,51197,29184,51380,21204,63150,17320,11414,76454,58007,26332,77058,09283,74085,33540,79195,89161,50616,39090,80671,56161,97613,31086,17206,2A215,46101,26134,51204,55408,70164,62529,67408,90023,62860,12139,40053,09222,44216,17485,03269,40162,88364,53031,63391,52211,62481,05051,50592,33175,45072,38055,91494,35030,33390,43221,71544,15021,51490,26093,09059,72234,02681,25441,80332,59506,05082,10120,23160,32108,2A103,47033,31119,52219,24580,19126,09131,58211,24494,22193,27164,02030,54574,12193,51528,72049,25545,73318,76306,70176,54455,71442,68040,67240,69082,12188,76159,08404,66116,57513,63162,27616,32234,61427,85104,16067,14620,68301,71401,97357,51351,88458,73011,33285,64331,21357,25437,14131,66005,60170,53203,07318,76506,38360,76662,22350,65167,17287,67143,11010,70078,85056,43059,02333,14118,43259,40033,44208,25138,67476,27529,67252,41013,54116,14369,18111,77013,95422,64119,59614,47273,60342,11121,79094,14103,11057,03001,40284,74314,57267,23250,33494,18063,47081,85248,37124,54219,18280,55523,57155,11243,02243,25565,64351,89370,59401,18158,57269,17115,03164,89218,50382,80790,30096,62124,65341,97302,21449,11346,74221,81148,60289,44153,34318,46293,35204,57282,79034,01207,63152,88219,66002,46126,39436,25460,71518,91538,77004,09181,57151,74018,95438,29005,72105,07008,55065,39094,55053,11147,61202,22097,80315,77477,42201,65467,50507,85287,70527,21554,64066,66169,65410,18086,16210,26336,23168,51010,90076,04237,54134,33287,44206,36143,58145,82096,39479,72202,65207,37176,89365,14589,87143,67013,05080,31149,19236,33439,42336,69229,18277,01236,23093,80084,02137,65084,65416,21108,71062,62514,03047,57216,17280,10213,32432,02064,76295,65245,21625,56208,21217,80701,38112,60687,37189,70092,12190,27118,79229,67126,65185,57482,52367,86176,82172,21500,89023,80239,57746,09003,80449,52525,60383,80004,23177,63121,56051,59590,74146,04201,67044,17379,79165,07139,63209,11419,72084,41208,76353,2B347,52331,39425,78299,24097,02519,06076,36011,36191,76733,57114,25594,88309,88181,34126,01338,08377,09076,77256,71059,34281,19076,10378,54591,52315,2A181,25288,21587,02654,42283,89113,39015,35114,60503,06030,11375,31226,16347,53053,86142,63054,33386,29232,38035,90064,74009,50195,55245,43227,13047,11129,67438,47137,15104,69139,06036,33136,24186,89399,61295,10264,78548,26015,55435,81140,67071,62375,88225,70485,80789,36085,16001,21541,08098,59294,2A090,07033,08489,52015,85155,51106,31450,72175,57207,65141,78242,80485,64474,67485,31471,89115,42099,55493,52223,08097,55339,63187,35098,86032,68055,17354,31439,62530,85240,51477,07039,51568,19213,79121,89210,19125,03137,87067,54587,69299,65131,80329,70128,59437,51267,77471,79278,01443,28231,15058,09035,30268,44071,24190,15205,07111,74315,65228,55140,97418,25061,46036,80824,11143,21389,64356,54132,76485,39168,02292,82103,25338,37163,58062,50569,39446,62799,28388,40296,2B137,14325,64507,80833,83040,77224,43135,63290,17356,40182,50087,80823,67307,76578,54488,57346,76440,59547,60505,76125,59490,80414,62475,71085,21536,54048,17372,21426,68222,17148,01130,41135,27049,51404,05007,59418,01389,03270,44175,56055,01318,61062,10192,29293,01282,46336,03030,74060,02822,55509,65054,50146,80501,95052,46337,40083,56195,46056,03205,55352,25020,31234,64548,11211,60476,25600,12125,32045,18196,17269,17457,59518,40128,46109,68029,51451,72029,11411,14401,46249,21446,15025,47221,16163,42301,80546,10223,39452,54308,28159,52087,61314,80775,45047,09276,02680,33106,13111,92060,67096,14723,87201,28110,50054,19079,55567,68172,82090,77338,45082,27351,50421,56094,88208,03014,22073,46211,27673,11132,36233,25506,80728,55420,19010,74255,71352,35052,21485,25130,40015,57467,68063,64074,21266,70569,51591,25635,80764,58233,02233,67367,21014,60594,54320,57622,45149,89021,45310,25405,51023,52469,43136,62023,88400,51372,29089,03276,60103,46035,40016,42084,42271,61500,79050,11274,74303,70429,10170,54401,76706,02112,76691,32143,16300,41153,29072,15017,38439,10255,2B313,48061,71438,89271,26162,24523,43115,43174,02047,83117,66042,11124,76332,78618,16177,23249,95270,65468,40018,41072,27070,76034,41167,39500,52319,53179,67116,34141,01212,05180,70526,55025,77238,70048,77505,59566,80571,77274,47143,70463,47040,62347,54533,30320,05116,36228,64171,59643,10442,25225,57738,02144,81320,68189,81250,57415,89196,54280,60613,62233,71306,57604,53058,17178,76640,07147,06125,02281,35133,35350,53137,54437,87008,33306,85141,43268,16109,55582,97609,06142,55496,60604,25400,70392,91553,24406,89361,19148,62773,80554,64084,67537,64560,61093,42059,01426,33388,14036,13016,97111,23173,25231,41214,67263,87057,57490,14705,23038,19150,32109,67487,16165,28054,25551,71355,90069,67097,64380,49211,39393,54176,30282,22074,27105,25479,02046,59291,42041,47317,86297,04116,27669,30093,45333,76446,31502,30098,42056,67155,61279,51119,21359,10267,95134,81038,70398,68140,67272,73246,38507,33513,08387,09172,54156,42253,80566,55156,63006,30140,80281,58285,22112,74293,35031,24028,36111,81150,03275,18032,16388,27089,14720,65199,30336,30158,51274,74294,10402,62459,85294,70561,89057,72271,10240,66195,31540,52344,47079,81310,60281,33472,27462,05008,47112,64057,14694,61206,50152,62900,35119,72078,50183,31028,71591,91079,80369,67504,18008,60143,10437,25204,37109,50019,19249,58086,32249,59051,14104,57226,27133,02799,56023,21127,57703,22381,12166,59124,34298,14609,27528,04167,21306,52523,16383,2A363,53084,77112,03217,21600,60338,52082,11095,86037,83152,50231,22391,56109,70571,13081,77024,03019,23046,80588,41014,71348,54054,59350,31272,92044,02128,47052,64475,51359,67481,46183,80530,58015,65142,36231,62355,87063,50539,27008,02166,25200,16176,30313,68150,51012,38523,44120,42166,51237,14015,59626,32086,60256,77295,50328,64409,81160,01107,73289,10243,11354,80500,64015,25435,70086,60165,71097,85216,63188,40106,60593,31198,26284,46213,40151,30322,21326,71171,14068,63449,67215,95298,37272,84078,47201,2B298,79201,71545,02361,23129,09279,52517,78171,86116,02779,59412,53018,70488,30089,08496,21703,60447,54150,79144,14621,30317,42103,16123,64096,27099,11267,04111,80220,01248,82009,60316,65346,61171,57416,51041,39006,85154,42210,66093,22236,21517,80411,59281,57235,17093,68325,26008,02462,34119,33195,52538,34006,49374,78551,81288,57501,25007,27680,17440,33013,01008,25504,83112,09083,03260,46282,54089,52147,67428,21042,27604,70532,11032,81132,27144,10101,31006,24470,55194,80577,72324,2B042,81041,60433,14225,12105,89031,30224,24567,55178,85099,43063,71568,21590,33294,80184,47024,32197,65473,18096,14495,81196,33364,58258,27360,54250,46085,63364,31201,21648,55522,59309,14603,60627,31328,57681,51170,62043,90012,68148,83011,22014,65031,65307,53132,02053,30088,17267,46020,14070,57189,72101,28422,74121,38124,24461,29079,95056,36088,63118,31366,64490,17327,67191,70517,21136,11116,33485,60023,34116,79236,65221,62306,25624,70130,01359,65401,88429,73252,60380,45210,68217,77147,63117,32452,73196,09299,76527,17235,07282,29180,07337,39265,08390,62257,30250,76123,31539,58123,62312,95676,27640,63332,24292,64487,18195,28171,07030,59026,33129,72204,84136,38221,27239,22224,31001,78565,44179,02316,08105,02060,57498,04156,66099,38490,28196,69036,02750,60358,85236,13206,79351,25316,05054,62425,15226,27451,51579,02612,95028,58119,67413,25343,55078,19189,32296,55528,60546,33165,76405,24465,51259,02626,14764,33272,27359,30350,39319,17223,68370,64221,21661,35225,54576,14033,78108,71405,35297,76753,33427,07182,52057,35311,01030,84037,55583,17418,38140,49194,81254,80601,07175,95353,11422,66211,62485,91691,10074,25567,23062,59409,2B033,29224,10282,17362,89414,10399,50407,68294,29222,68075,77532,80050,63360,83084,21578,61196,03259,65174,59413,14251,25274,67280,85088,27424,76366,10156,13075,17173,57352,18155,88493,07281,67452,63156,72360,71456,24481,62438,02226,38111,61102,42064,79316,02537,59198,71118,21478,21012,52269,09312,48019,07179,11253,97223,46168,70383,22211,90043,57081,85078,81240,64041,54198,33470,50370,95523,72244,64113,51148,28408,87077,84110,14497,27266,60537,33381,62720,65363,55387,25021,50610,71500,09040,69069,33137,21256,39076,24498,52475,09067,42215,33138,80047,45240,03231,63229,87097,22023,21373,32442,31534,55517,08439,72355,77210,14625,08354,2A331,86268,27663,55266,14488,25289,65172,12088,31036,77054,23058,16230,55434,28015,29245,28391,68050,61056,82053,38241,82141,81043,76311,43022,02522,51346,07082,53189,88215,12067,27162,77486,34203,34185,73283,07301,55270,39103,11123,38043,54482,27676,10134,39254,50411,15102,80767,88117,33228,21203,11189,72065,29227,14169,54552,31582,30256,65158,17268,39178,85125,25241,64288,40303,53195,27562,61121,11044,57675,55446,62782,35127,51200,26233,94078,24117,97415,55419,71027,73265,18224,17119,55073,71162,14119,80330,30080,66206,53255,35286,15081,80303,76355,66181,31309,15253,50070,2A132,38420,31114,25556,62309,64249,72226,37057,30122,08417,79290,74032,45293,02320,80426,81191,47321,01216,60657,74062,52097,12100,63396,60314,47133,65306,60169,56007,46264,62070,78147,50551,02643,78317,55557,05049,42297,13036,50474,91330,33197,63218,72375,64178,69024,22379,91115,80214,2B159,70133,40220,55180,50266,18058,47292,14016,33538,46307,61416,44171,58005,64528,34181,80531,40125,25222,08216,67340,34329,66104,76680,41128,70253,01422,76470,51320,18229,27044,81028,63390,08175,14399,37040,78043,30353,47293,31454,14753,15181,08432,66015,14482,83103,77141,54084,70521,22145,68157,40073,81011,81315,89397,54432,11440,52313,56050,62686,34244,35310,56074,43240,51284,91461,51176,71369,67283,37104,46197,40308,42308,80295,06045,29292,32468,63377,42273,62704,36067,14050,63325,22110,37253,80333,50619,54015,51118,24393,33214,85285,16003,32240,84049,01013,03074,63294,80189,85029,74224,24564,46024,02446,44007,81133,73215,67303,62436,32243,91661,43191,03003,34137,65325,86157,30297,17305,76694,42218,40143,80572,88308,69167,72346,95436,15248,71283,88151,69111,21337,71474,2B150,79341,54282,14224,64513,24311,63359,88169,04226,10246,32047,22170,14516,08330,32089,46218,41174,24568,21061,37086,2B152,44203,51258,10331,14674,62473,80702,29186,04030,56126,36040,33517,04227,08483,10179,27403,02167,01114,57711,91001,64379,61452,85297,32044,39307,57050,66059,53023,14168,76122,50258,48068,65311,74046,52369,72316,26145,59033,38353,22171,51049,10139,09328,51473,59007,39453,03092,45095,62429,30163,49021,67410,28081,57039,34294,11337,14473,38110,31479,01153,76186,33288,25117,76239,74279,03286,45227,21156,02466,05168,85077,75111,17300,38326,37082,22079,56135,64336,36074,08325,34214,58096,56046,46112,23061,51058,24489,36164,41047,33324,14060,59180,80010,77458,80193,89204,24502,76411,88476,56026,04155,27346,39391,43110,30334,76715,43011,02317,67205,42209,66219,21039,58216,31422,51092,2A324,68061,55133,55193,14391,35049,69205,28057,71350,60067,18191,67194,88452,86111,39344,85174,79241,51100,12066,77509,68337,70324,43239,50034,78442,32036,35026,44025,55072,76629,77492,08333,88424,47091,2B046,86055,64366,14014,56092,43102,88199,63378,37165,39443,62595,88176,22210,30179,85017,28252,30045,09303,12156,70518,77510,19077,17230,67542,36084,86004,13063,39218,86162,52155,32385,63455,89377,55174,34084,30280,72109,74169,35015,37123,68115,55061,16308,86065,72027,26254,48026,54558,33395,19201,2B354,37006,88156,46224,18161,88454,78033,33067,88455,14304,81175,33001,64023,52061,48117,12086,68086,80024,62621,16271,81120,71217,44015,45286,67472,53208,30355,21074,55054,21324,03067,62718,80765,84125,76165,65226,68125,60672,62706,14223,05009,52292,55554,17256,50190,87027,27498,32400,72009,17445,65370,81012,76586,32372,27591,64280,14586,27507,29230,69148,72322,14341,2A142,10395,46163,28048,33088,52091,01104,75117,65013,26357,66207,18028,66053,38487,70275,07078,48100,52484,73313,51151,33247,55341,43095,46176,29155,46223,46277,09038,47165,67192,45049,41147,63171,51512,19109,23131,70171,28132,72067,62502,25261,02318,31128,69253,56170,65089,52341,76542,08418,25544,52107,25142,69286,02427,31561,09179,39083,03089,33130,86161,17285,18002,57257,80508,18268,16148,84114,58117,21609,54300,01264,02071,71520,40292,30182,25344,25410,51358,76563,76009,39233,79014,12118,25500,48083,23020,76290,45089,09086,28030,71143,36186,50186,2A064,80145,07031,26001,38045,72347,60278,60311,91333,53037,40031,27309,44086,08111,54239,17345,50003,79038,51105,51260,55351,57484,70425,78356,21375,70069,31495,33412,65313,07306,37079,33004,83139,82177,58179,54438,23197,63399,44009,68229,88528,86183,33475,39427,91508,28291,86228,56130,91613,91081,39530,90095,16408,14465,88515,19164,33400,94065,80649,38436,73004,58063,56033,19122,56009,62048,89246,10209,39232,35321,72366,26040,02013,30172,89235,08081,80199,24124,54095,32456,46061,73142,19138,54348,89180,27294,57514,23099,69056,04022,40157,50451,69047,04191,26058,76583,62878,31382,52039,57292,46007,35340,36002,77382,52242,55139,53097,97106,57404,91657,43008,07299,07137,33329,89285,70567,92046,27406,38272,02485,50162,38543,87163,63023,45105,90085,23030,24145,68340,62349,57765,17036,82192,57718,35230,72280,42156,41055,90087,78372,58104,33241,41026,21618,51402,39286,34193,59422,29066,69033,97419,25178,47213,26277,80344,14147,80469,08244,29057,87005,31101,89478,54162,65379,27169,27208,76240,60079,54523,67167,64341,83134,45004,59399,60677,62341,45262,21556,68143,63083,67048,47174,59114,86049,17202,63113,52060,76604,01374,33134,11362,52203,16039,91526,28273,46039,25554,69092,39432,53005,13068,97314,59340,25452,02003,08366,76042,54227,61271,65200,42272,80614,43186,09095,68199,33258,34004,15228,57017,31480,39469,50587,10066,53007,40149,60138,71250,19005,24345,54474,43097,04219,74231,50274,62662,67352,64359,67423,31160,57234,39016,11087,44186,87025,64424,12203,12292,74299,02127,43045,70147,69277,32124,39132,88457,10349,31542,57685,08332,41196,82129,89290,12061,02359,57662,69062,11053,01001,25179,61467,70583,87048,33196,08379,10182,33017,12206,23035,65458,23109,31512,30348,64115,89112,42091,31093,23105,30133,30291,52330,55111,62243,63373,27287,62191,14171,21665,39480,39493,15054,89392,2B303,37137,77236,12205,02132,64551,21671,02618,70058,17409,17130,63230,62190,25362,47233,02662,55264,88333,61197,59035,72136,35223,70049,58077,72007,33074,67045,65479,81174,61142,63274,67385,53090,79244,02035,16222,71225,26351,50261,78029,02525,62245,70150,63174,67144,38023,38019,24211,45271,48010,47295,74249,27677,12224,11223,57481,45181,10020,70393,68198,19274,39537,65261,34022,30062,57104,58240,56002,60157,40141,57046,57725,59141,14343,21199,19225,30028,29068,41127,85136,51111,35061,54181,70419,97304,40261,58056,38406,01357,16207,65272,44076,29152,07001,74276,18206,64031,25277,64240,55026,34035,67366,59471,85133,56035,14079,88357,19167,16246,47205,23167,64207,80725,41236,03049,14684,61432,25193,31089,24223,32337,03177,60624,76275,64241,86019,63417,57127,86002,08455,59133,10297,01094,80316,2B002,54253,35353,21476,43241,79198,71253,40098,63451,67198,72011,63246,01007,32305,33528,37205,64480,19140,09004,76588,81203,42255,91017,91463,30260,58207,47181,68348,09145,86036,62657,25564,76441,77240,66026,40052,23228,17382,02802,38456,38080,81304,80161,47096,48104,17047,61348,73010,27078,09220,14368,62601,73094,69020,77322,54321,57659,47039,34312,18088,82153,45094,53190,47220,48065,16253,39323,35336,12042,35066,08184,08029,61423,15261,09240,19239,25025,58029,51538,72313,02271,09116,24379,14739,70356,74272,30076,69088,21298,52178,54472,70507,47158,44099,49333,86088,76389,51125,32288,61028,62754,67238,55150,81256,21083,11305,04127,59120,68062,09049,34158,70175,77293,52022,27646,44003,50138,80771,21706,57061,08102,59024,70355,08134,40314,21362,01206,62282,48176,95612,27478,40026,27369,48080,50456,55405,27514,33442,01188,03122,66044,63138,57030,67184,68149,83037,01307,27552,65337,53185,89288,33101,80583,67109,90062,10175,19022,55204,23214,63344,62495,18132,70293,59517,08230,39249,76139,71282,76566,82094,87144,06017,39396,50175,63270,62366,95012,06163,52028,74184,08132,52227,67417,76012,24109,31490,27394,67021,53067,70141,46005,2B366,21489,08329,72176,50267,09154,24582,66224,28210,52520,95303,30278,39320,53251,61168,88363,17082,63350,70522,91692,63313,59640,59077,59485,42233,21297,02748,02242,51654,51662,62368,03022,63281,63091,10398,62778,32266,28292,03282,17479,67365,27459,24478,81080,57086,87158,02330,84073,35171,63149,14261,72015,07194,28056,80673,81188,10092,09339,07348,51078,73153,86031,14030,09047,59317,51471,62132,57460,08360,91435,10294,05073,36023,62507,46065,21628,54142,60565,56077,54235,76648,69003,34007,15101,62531,18148,23190,68176,51098,15096,30130,50199,91130,02200,77014,41040,67488,13095,73043,33168,50538,80622,50491,60340,25262,02521,72098,25356,57635,68331,19075,39513,04101,56058,71078,80757,39461,88222,60608,42188,64149,63223,53173,73181,64001,10379,76229,51352,62880,26381,2B153,35296,32444,10436,03005,88130,01142,56012,02567,51397,38555,70154,14721,02393,34045,88214,85131,54147,19151,28372,89005,85149,33096,26342,03126,59386,42161,14277,80537,33332,71340,38257,81070,80016,11293,52474,21288,81242,24374,38533,74218,33037,02507,54295,68167,02651,16424,29281,45315,2B291,97606,41066,04145,10285,76077,80706,03221,38414,41062,77270,89237,27582,70461,12172,32145,39041,64404,19078,33476,61096,21414,24026,67434,74147,2B093,34099,40017,54580,45067,72376,89481,58125,80675,88336,32463,34076,42323,88133,64167,61113,87122,41205,52406,14243,21712,62152,27550,61406,38300,46156,26303,81184,62121,74281,38275,08453,61213,88504,61181,24528,54433,95371,14293,80202,51074,57066,43033,55024,66007,88081,14049,93007,70019,39030,41230,05063,14706,08138,12291,19030,80253,30323,77129,80005,80434,19014,80108,88415,23165,51622,24208,57511,71109,89073,83062,12099,79175,92049,91414,16062,14085,12180,74104,72201,40238,32449,76581,25372,64303,14487,70514,11397,21623,02051,91093,68092,21396,73042,38537,74312,13210,17152,08286,03052,17196,50484,32004,41160,62119,55315,15242,61094,73224,62653,27609,73273,71361,84042,56005,17317,40175,72198,89304,62518,45235,49027,86154,62711,89278,52383,01004,37146,29193,52483,2A104,26370,01380,26016,83136,43065,16031,32254,54511,30328,46084,2B340,31413,02585,33200,67382,06068,71050,71295,10057,42054,11003,70331,39011,62835,22158,49209,25079,09107,89116,34130,49131,21011,53233,33289,65136,72186,85145,17021,97301,18041,45303,52014,73306,91363,50093,69115,40100,65019,63258,38033,26143,35237,81082,08136,39151,57721,69236,28127,63228,28089,23088,16304,64503,51273,02387,57719,65299,58254,70311,70279,77155,40305,04218,08488,17462,33461,56083,19021,21366,31363,63080,55281,61488,66118,53213,72012,89177,60526,78126,57539,72070,27061,27068,60390,42018,82138,13017,45208,02001,65147,86024,34276,06104,02162,54529,47211,11174,71422,64200,59384,59216,12131,43005,59552,51529,31029,13070,33456,28018,88522,70168,08473,11271,70074,10304,54557,42003,91273,56127,40226,58158,67301,76517,02342,62856,57306,80749,09204,02232,53064,76030,03253,43219,65276,82027,65264,60685,43237,23243,59470,85002,39163,54564,15029,66217,81125,05132,95042,85101,57529,88244,67138,53085,28219,45002,80097,06006,48037,09088,24140,10126,21689,81045,65258,66020,24334,66017,19025,57394,31533,01215,51254,33488,02482,87160,73297,27594,63275,07321,80229,01363,64326,22087,63013,77506,27245,30141,80494,13209,26095,74311,09335,29004,66221,2B077,08388,40251,76584,74273,75114,15120,51340,07238,10032,88287,27097,29148,24444,12220,62532,76404,71385,63352,19228,61212,31469,05075,59301,17430,37247,28148,2B255,60610,81034,14231,10025,51533,04197,33059,70070,54311,42158,92064,21075,39045,76524,55011,81324,18066,51281,67087,38093,39062,47044,31554,33259,18098,28031,08304,02605,78686,38339,04057,74266,11080,16091,24280,30301,16117,62227,46329,26009,59234,46208,76471,32105,27558,70312,37070,2A019,29181,60432,68274,81273,53120,54498,80627,63420,76644,33554,35326,78128,26255,54309,50139,10161,21505,40113,42334,80427,84134,33142,71064,63028,16297,30332,32141,62288,59408,71063,09006,32434,02148,62724,25513,57724,21548,65357,09295,67230,80497,72279,76735,28351,31451,79252,21585,47038,69094,33450,89468,45225,35322,71307,21504,01112,71487,50118,54572,59551,72300,63095,61244,54064,57504,65331,60322,52094,02257,24217,15144,71386,51386,26267,77366,77259,54375,17466,61082,81314,88437,61187,01427,28114,76510,95500,39386,58137,27666,02360,42277,46161,09321,65140,62738,03280,67168,83047,81009,55189,80065,30031,88496,30351,07195,38184,14509,78076,55169,40102,73039,11398,08347,23151,57330,24500,33506,79347,38322,63395,42186,54264,49330,62301,27125,03068,25330,41017,76612,07324,63225,97201,62723,50247,76758,62383,62442,40115,38550,84115,31518,66192,02767,03125,60678,72148,23150,59062,62333,61328,67018,22332,60125,10069,02025,89362,72113,73015,76737,33411,34148,52448,67509,60148,68276,57471,79085,2B051,51286,68315,71106,2B113,55302,14236,27154,29062,51390,62492,27101,06015,27524,44170,54553,86141,85116,80476,01136,62298,57193,16071,12298,97360,82023,59249,77287,02758,21166,35360,22258,77042,68328,77052,08191,61419,54313,80724,27142,31375,52461,61420,11006,33398,63238,21631,08167,63164,57551,40267,91292,28284,30040,55485,51374,30192,06066,36108,71276,14534,02194,03039,14298,73218,50435,39422,31216,21114,87013,26353,90011,70410,40076,65224,82151,15173,83052,24159,69206,28162,25106,72160,12234,90013,32459,67514,40007,11317,79304,06054,40192,14511,60139,28404,87073,71425,25464,33093,97413,01135,07311,15137,61365,60424,57694,78070,37101,04024,05147,64238,80350,03101,18082,65002,62393,54125,57512,88241,72363,39315,34110,14500,38370,38012,69260,32271,70439,46236,51519,86190,03213,51345,30232,23264,27276,34139,55182,70046,23179,27203,16053,81281,37199,65179,30007,89297,76328,08458,21484,22067,51269,62432,62389,33544,50013,38094,35328,76065,22111,85192,62569,02211,05169,25351,76019,31005,54388,62357,13011,88085,08289,51480,14302,59173,09141,58236,02713,76285,54143,12122,47195,62691,62353,51037,85093,61248,79022,59264,24547,70247,44002,63322,78490,73017,08223,59553,41242,24176,02081,88118,64141,64520,67433,17055,61499,64223,80305,65071,71305,52217,62447,56076,02170,31178,83055,51117,31468,36035,74045,38010,81086,48067,50606,11099,02806,33008,18203,88302,88520,81268,38434,65063,02425,78677,59532,76543,10435,39137,70231,02377,38214,67313,23180,09215,40312,18288,72337,87072,62278,70011,25152,38471,28334,71590,68144,2B261,70256,24499,23112,65413,82155,42284,28077,34179,72106,61241,56251,24512,64532,41073,05112,69112,54325,70534,55088,28010,39376,58286,53098,38346,41194,69105,29225,11230,79185,88252,09297,71051,40179,66082,84018,38040,44058,70304,55285,43187,31020,39379,71221,64029,21433,06144,15168,23066,41288,67355,31527,09282,67325,33401,09269,70207,35021,08451,40195,01296,33308,10015,73272,69013,68202,65146,87198,62561,32084,16055,67056,27306,68052,86089,50364,25111,43238,74108,33406,34027,24172,21067,80356,57433,74008,50194,47056,39462,27013,2A174,87020,88046,13040,80313,55379,57045,51108,2B277,61446,81103,89002,31535,80242,27048,56145,25465,71417,57367,05059,33234,18043,72076,21032,25013,35334,17260,11155,03163,10428,74200,54292,25596,61210,68004,08219,79312,45021,67545,70235,56065,09259,45253,24520,54231,53035,84005,18214,27380,80011,80170,68046,18282,80630,55488,63312,59335,78605,69084,78499,45299,78597,36090,69225,32173,77066,67527,17175,77154,03261,01042,80699,87181,35215,15164,22088,71576,71226,25472,81300,41190,87153,81278,58026,05028,78005,55380,22272,49308,65029,27496,02821,51614,27279,47077,29058,24453,56189,58261,84094,23022,62103,36172,22090,01095,27430,32402,30129,79348,59475,23175,44048,56119,57762,38069,51482,66202,64505,66083,07044,63112,80796,50633,46333,80033,35200,44124,08383,27364,52177,70456,62556,37072,97420,72056,31143,71374,2A099,44184,21522,50574,57430,65143,26375,89436,08015,25368,86105,08470,25033,76361,60035,57254,64358,44104,91086,10197,63412,25616,74040,59458,32113,33202,38170,10288,85209,89004,85215,74001,88061,26045,67289,24136,89323,80451,54234,71084,27471,22222,11287,70446,51044,18093,88270,74205,09263,32335,39199,76168,51464,54087,39458,73026,72312,45215,30154,73077,19244,88255,01011,10080,50228,76050,39355,39362,77434,11315,67502,21119,36189,64044,70201,78314,88342,77443,40222,04228,64154,80117,88447,65234,35314,45331,35268,82051,19285,09273,38340,39007,24505,67072,25185,84034,52021,12194,47053,26178,04032,67482,39177,19063,64537,62611,18101,25633,10417,02068,69182,51173,21370,88320,56190,11201,66231,78335,60513,02426,01342,21399,57563,59022,42027,31262,14254,62729,80401,53047,38404,30025,04081,55157,11094,34319,12176,57026,62083,63398,62391,74244,79183,32013,09055,21229,22144,14520,32415,35193,08457,69058,70053,80061,76203,45278,76140,07346,67369,02235,70479,01083,28050,13098,54403,37119,12247,23044,11285,71488,62107,17403,27572,61118,18144,77415,18108,71310,80726,62578,12115,46081,64187,18181,44097,57165,68214,44066,63182,61463,67258,34232,43030,70071,64133,46003,63397,32052,51636,26244,97122,61258,35064,14427,76347,03167,42112,76017,25090,29266,72087,62891,23183,22296,85113,79319,07178,85189,15165,43100,67225,11319,09052,07274,05110,10293,52370,53187,24086,34218,51375,01033,88095,55561,79046,67070,56075,18180,77289,33199,58064,24442,63084,57600,43064,87137,81047,32257,85011,45270,27421,06146,33203,24156,34133,79117,57028,46011,10375,35256,27205,24268,16350,14747,30352,56113,14535,46152,14656,36149,54393,57408,65320,70547,81177,71116,66086,05052,62001,10035,32216,03251,43078,13048,68317,39205,2A128,28014,02083,02352,59196,70189,63356,76436,38162,26287,80300,12199,49368,24087,18279,56146,16237,23134,79061,34052,82107,64109,11071,74061,89289,46225,35041,39234,02340,59521,26027,2B173,02094,67350,33246,06062,76627,88265,76351,89225,21403,76100,39122,86100,34241,62523,46118,25497,50425,14605,60538,76617,19033,70417,89068,38113,86182,07302,68288,27480,19011,36102,80206,62250,14106,76220,85190,67317,41007,07206,60286,17054,44073,63422,55286,54465,97207,51605,05136,44215,10335,80513,72259,29297,35337,44152,39273,47260,60464,02073,39445,28277,33038,53111,77096,11004,67068,2B201,76490,68141,32238,45196,35128,09126,18051,26257,34313,43121,79243,80358,02560,29276,38361,66188,74083,62509,38073,21321,59251,80760,97617,79238,15125,63443,06122,77098,24318,42256,04245,04055,29037,85023,21148,80198,25335,57003,89211,89306,02536,03249,70263,79106,52258,77007,39002,09120,57090,22387,33245,65223,73307,31494,88428,05064,14021,38552,21279,55229,33227,39248,59067,51355,62683,10245,57123,06057,05086,44188,59491,47184,72149,68385,33083,64302,30258,62906,60363,61352,76324,68178,46169,78385,47030,19153,18127,57351,62733,87179,52358,68069,28124,24254,41100,85276,39210,15219,69193,24260,32191,55430,83135,69107,37145,17083,66038,21284,69059,74176,02263,38172,76465,47003,38082,77043,84147,74269,02784,88021,49160,71366,49215,17441,26330,63254,61037,65351,42154,89355,83032,02346,62168,38070,57194,11207,51277,19270,58116,17231,06092,70302,08275,28140,35176,54322,02084,32393,02453,67348,81099,30184,56136,55497,24196,51441,17304,88253,39297,51231,36022,62479,27137,27482,56261,02481,43105,14614,40144,25524,41059,16167,07026,32399,80459,24015,57644,65399,05184,02006,39507,21421,42096,44154,62020,62859,64037,60641,85246,64330,59647,54586,60030,61442,95566,57508,49260,46053,36125,41119,84022,69173,58235,72348,52414,62815,77082,39052,89319,39405,50196,25306,63403,32464,61240,26359,45132,04128,79331,65047,06110,80067,26005,81208,88361,42321,76348,39149,88354,59500,18029,84006,25124,32289,17340,01073,42163,59123,08497,29002,84108,65175,23118,42046,59465,31391,42187,78516,71470,24330,28137,36211,11314,34286,78285,19154,78320,27300,82123,84150,16192,61387,21076,38057,60014,2A070,11282,29249,08367,47161,22005,85267,24193,54232,65402,71029,32054,62011,76365,78364,02777,54203,81100,02414,02817,80226,02384,21161,08186,46212,62844,24132,17193,22291,49307,02044,66193,31205,07223,60081,54491,72192,69065,57422,74058,22117,02452,57647,36218,27224,27664,71480,81236,65321,18176,60611,56086,07153,70330,76618,56193,14558,58124,49370,27505,57060,21309,61396,01322,19018,32175,34277,68174,16342,61221,25517,05129,49323,21338,71324,33235,72047,27681,02145,88291,65285,84026,76463,62746,77207,34087,81068,42315,15186,88445,58118,64217,62008,31251,81295,49125,89013,86171,17303,35103,82065,56180,24370,37061,64440,51140,28052,27055,73157,74201,82157,21539,63233,47262,41253,57273,08247,07091,80372,71037,47308,30161,12221,61277,57074,23043,76104,27691,42278,89387,27565,32425,64275,81323,14266,89069,56085,53123,41176,58043,56096,03216,72008,88099,42184,54047,2B081,40153,76709,21268,35274,21331,25160,65117,28032,58001,50227,54185,08302,90048,91432,06109,34285,67036,18136,19129,54549,07087,26228,33432,74034,52352,56245,11238,79102,50145,61023,88431,14419,67420,77352,14536,57586,06159,54410,39106,48144,89067,31509,64504,25149,60123,62373,15232,61259,21705,90016,39204,33493,62149,88406,02363,87116,10352,56093,64320,88416,02264,91129,01428,15167,46242,83018,54526,2B037,88518,48168,08003,65104,36007,74298,58152,80683,22028,50428,80171,63074,73030,40059,52365,37032,17314,16065,06014,67546,70582,31098,59586,77463,78162,06112,25058,37027,71175,57255,29102,26113,04162,97308,31365,25072,14001,60078,59300,33163,51549,68360,59043,59662,74089,36028,02757,67182,80259,13077,11350,57614,25187,02072,95271,27117,46270,34206,61450,35270,25516,09094,31305,66191,72297,80298,73089,02472,10149,65301,81322,51543,27340,49112,76725,76547,57409,12146,56175,56160,87036,79230,55278,69135,79303,02639,10316,55274,22029,33100,65061,62254,89238,85127,62802,22217,62772,81190,50359,14227,11160,15250,58035,2A211,01297,89466,03184,51499,62022,21367,23221,74196,31183,57343,07239,25507,61194,60044,2A060,57323,62630,11438,34029,60530,95205,29093,01373,59295,80169,51143,31182,45297,64148,57475,11127,76430,02764,21710,01171,52050,09293,13043,61415,21341,28227,28335,71581,46046,26181,02663,62617,45340,76105,25071,2B187,54458,02504,02324,24183,02619,80589,51018,59377,31402,89059,81246,60242,54085,58153,66025,63445,88319,11200,78255,31227,21385,54260,43101,15255,49353,62740,10203,67115,52535,43107,04121,41292,76362,94069,57139,59308,66152,76459,26298,59060,52311,67146,79202,91338,25257,65244,60190,33215,70258,58291,17163,34128,71024,21638,50256,28182,73217,32007,31055,77095,21079,64425,02135,62901,80766,54214,25469,36060,85143,76631,61153,34159,62267,39579,06021,64416,63108,89427,40230,10359,80732,25004,51154,79170,67427,95309,59267,15157,29019,39322,70096,57615,87202,31197,09332,68296,58290,83092,85301,16356,31176,82112,27501,55137,83147,69085,70512,11180,44123,05182,01258,50401,24168,59182,71028,31579,87192,30035,73099,25188,14384,62135,17157,15008,54349,28279,51276,49244,76278,33174,22206,2A133,23053,46228,38532,62705,82005,45066,11082,80233,77290,10068,91477,13060,71316,30034,56240,41038,24325,31513,76158,19091,09258,11391,60502,30193,52035,67059,26075,55101,61290,27252,32239,09069,40062,88237,82171,14574,78269,63085,62147,73207,54397,59537,2B003,76546,70315,33155,72278,2B121,25102,60048,24514,88473,78188,25264,50149,07285,71087,61388,23215,33095,43035,19069,52549,47316,60171,57695,12030,57326,61054,55525,04231,26078,15018,02706,22260,27547,25548,61350,47257,59319,86134,17005,89120,62167,77237,30207,63081,74216,69086,19214,77344,25474,21322,77132,24551,51009,88312,59387,21007,03222,30239,52346,81297,63003,49361,33032,2B207,41009,54380,31162,37016,24303,83093,47328,24552,43184,59098,62046,39481,27047,71439,85040,07322,21153,76352,12142,88137,95046,79048,48018,51121,30298,17181,80797,77302,71040,25048,97130,32347,67062,44135,65271,77516,59258,80446,35002,27281,65192,50450,34226,50609,31108,50229,60269,16183,65112,46052,10167,77301,91326,80734,86027,16323,84104,29204,21524,59096,06060,64118,64502,38514,30251,14474,48045,42294,02028,81326,41044,07049,70226,68181,70386,67305,32363,80308,59575,14728,80034,59351,11250,11083,2B111,45145,23184,42270,83091,79289,68384,39065,27174,08314,72135,52105,69257,32329,33292,62500,14682,13020,77158,54236,08365,08238,52173,70406,02406,64350,51416,02460,2B147,57188,07105,11090,15153,16318,42173,21090,68263,50580,41075,08429,60523,89428,42011,31333,33531,65286,40103,67016,27059,05111,02834,48115,21684,10296,83046,53029,11142,70384,61222,91662,11056,27400,69014,71410,77060,02622,31151,71013,68177,59554,30155,2A006,61479,47320,01385,12270,86257,61435,55275,28259,27052,56233,01352,09020,82184,37100,76010,10276,07345,08001,65203,77012,17241,68082,60544,60196,54466,61228,94041,35134,76211,60182,14057,74166,72168,34279,40173,51089,09301,21125,77389,2B102,69120,18003,14455,77152,15194,40156,77420,18146,23068,02418,78668,52168,72118,33445,59068,91161,04124,90105,37180,11366,02648,05072,60346,10312,80317,40324,80504,10403,25471,80505,2A258,74226,2B216,76319,46047,51215,46296,07079,55407,78474,80399,31523,62188,04099,14524,27557,01163,67486,01314,80172,85162,68002,57759,72128,76592,65423,38508,51559,51053,21465,54567,62471,76531,54285,78683,58038,02336,97414,35099,73240,60155,95675,82058,50498,07339,41232,21200,28302,70428,34104,54354,76597,72122,89388,25420,21543,2B352,32339,02514,86132,61402,31546,62829,25091,58232,09119,12015,33297,32397,80503,22268,80028,52123,09329,2B222,62548,50324,30205,51161,52470,08321,35006,91228,2B195,69233,71495,13051,58166,30024,38054,31014,61486,65133,32097,44162,03265,66010,71026,67302,63144,29044,59185,17296,01167,13112,25429,28003,73058,53243,24495,02564,77413,29291,76261,54383,69199,86140,77361,10397,64370,08131,32375,68162,02086,21265,54223,76608,80243,72265,62153,82182,62332,74308,30149,62493,07312,45008,08106,33397,78231,16073,15084,12149,88466,59670,22056,65387,44133,16362,01183,40174,72361,60102,02645,55037,2B306,11276,50398,61391,08163,23240,38400,69116,29169,33441,30012,80288,48191,05176,65120,62812,81216,64072,61038,60071,54418,68283,05022,14666,43104,23230,01444,53122,57354,50300,22370,01197,02818,40186,70103,28104,68130,63237,72058,89008,21512,24388,24463,30070,07176,86285,52515,47182,39299,33073,65107,84113,33323,64048,57708,88421,76537,36141,30127,73014,85039,64100,71179,45160,62696,78466,40082,06145,51527,03063,50272,57606,42110,02104,89164,22197,33119,12204,67103,88389,38315,60112,61384,67197,26211,76007,12165,55260,79081,01424,85004,24516,60439,21457,38512,07122,38009,35115,17385,08269,39466,02389,11279,02781,48105,28304,24449,25598,40257,57291,78623,11378,17058,12059,28303,21247,28218,24346,59121,68114,25209,06004,62526,71052,36024,56011,16087,2B339,67086,04216,33276,81060,07093,36165,69292,39155,59008,51245,62659,23037,01391,08047,82019,46302,86195,84002,28314,05113,39490,34257,60528,57172,79062,38065,82011,58189,42138,31223,38289,57049,25017,32115,40029,13099,28326,70403,72048,11302,67418,17449,25466,24522,76558,38544,28359,31131,62542,30175,34324,71255,51004,55146,89085,70394,32344,63331,39117,07100,95387,89383,60465,65144,04217,81154,68060,12170,27500,30006,37273,01009,08234,42124,45309,27606,73222,25448,02653,34270,87058,04028,69052,06161,29067,63194,62866,42113,54010,01339,02454,74173,56226,71389,80738,22362,16303,04203,67028,09290,53209,51302,68180,43051,52234,55214,57316,53071,22273,72181,95452,08199,88182,80445,31376,57286,83005,59538,91556,15074,85232,51465,36117,44077,80611,04137,31258,58107,63172,40298,88220,02589,64311,22339,23189,38480,70113,38567,79300,17075,86235,44062,18167,01068,22322,36162,59441,19059,77412,24090,17420,54366,39092,59663,59322,91544,04202,24024,51459,24282,46288,69083,27116,02428,15038,58072,81225,54305,78034,76268,51406,46136,90084,42121,57509,17359,13086,02029,52335,42052,32150,02659,74143,38454,50181,57096,45086,17450,12080,74235,50296,01310,05140,28251,55574,36026,19279,34142,42033,59472,33460,34153,09185,54117,74101,15187,13033,54496,24563,67110,24426,03241,31072,76752,45174,60700,54556,03264,34320,38548,44128,60570,59438,85182,54261,79251,64452,90086,14648,27365,27071,37267,56032,65049,27441,51187,28040,57654,50564,29259,78437,37008,76114,17031,22368,59019,51339,22149,01284,08087,02021,60662,82089,77161,19084,24021,70102,30115,89229,83007,58126,45266,11031,01077,41274,25325,76071,40124,59252,53115,85255,31206,70519,57161,42172,40313,69145,64179,40219,25045,64436,29114,45197,62049,45220,54584,56088,17424,88443,11399,40183,27672,08170,24509,74015,03273,47118,26356,74280,60602,45199,63109,23229,94073,17150,26355,10206,27333,31084,14026,02509,64069,03099,45330,60087,39180,14397,43172,21624,15064,42293,61510,35154,2A198,89254,73135,30099,32277,54164,55295,69108,08171,54200,89255,12300,22294,08463,76113,28064,10144,17395,30252,72340,38228,73051,71284,15051,10058,81172,78062,25440,18283,47188,14591,31586,11029,62808,58134,69151,45121,27021,76667,14196,07056,33290,52545,69282,38273,95277,57705,71558,12089,54562,11228,56102,34213,73159,77374,78089,59489,59624,22062,71111,52016,81014,38382,88087,85034,65106,86081,32272,74037,62223,04034,62787,26325,01396,47140,02740,29218,76133,62426,03079,76431,22237,19115,62340,80102,52109,54103,86126,46317,03038,21599,79007,82059,63262,27531,06028,38154,77348,62583,59463,25229,03075,22113,21144,24120,68287,70052,01202,44107,88057,80514,27217,80623,40318,70177,76628,73280,65065,88245,78536,42055,77159,04033,21335,80743,67548,65241,18205,38297,82032,21328,54501,23223,19009,32208,76522,47280,71472,71010,02676,07184,25284,10219,69289,71041,02195,02358,54002,85102,31074,14685,27413,10406,39267,88074,71578,50094,53184,28080,28230,03180,63371,89367,77048,11104,09048,41254,71127,67260,87087,81238,42337,08373,81008,62423,02345,03256,16264,72126,95483,01017,27467,62640,21402,21058,49056,30341,22082,71132,04235,31260,65127,02153,32211,28161,60107,62177,89088,70369,28410,35259,67372,38319,30066,40276,50124,26137,60499,49050,53133,82181,17227,64145,88119,64134,42222,65471,63452,59074,14346,57664,80661,67073,64301,59453,22348,02206,24289,61436,85273,80773,26021,50177,64340,18234,26125,63115,71502,59629,42040,52140,72170,77139,52206,84057,14238,02532,55530,84151,66150,80522,25442,31560,32023,76493,01378,60376,72053,59093,30059,06018,88433,44126,63146,52214,55536,14748,32342,03196,11028,38003,89443,58156,25217,33465,22227,24340,39337,47029,78327,79271,27487,45101,34314,70340,88531,36147,60524,59565,47095,28310,29156,57106,11149,72061,10103,50058,76132,57605,02543,62071,14698,51389,86133,28247,54441,22086,91175,86274,54007,73175,80708,30344,64010,45198,58018,33458,37098,65460,41223,60695,46129,84143,59596,90100,03289,53172,14327,72310,89083,81239,24245,61456,21253,39088,18112,07308,65034,86242,32315,59357,2B346,76210,68074,19242,85169,04049,39350,01024,48146,43267,57417,57453,67183,22282,12281,65470,59613,26300,60024,60280,80320,77046,52121,61386,08425,02090,45028,65118,69383,08459,08206,64374,80391,97356,31105,62396,42251,49291,22310,53009,70026,59610,27233,54314,18006,52183,83019,63297,12108,25318,88122,70427,21246,83003,31065,14627,39055,65274,14257,26182,03086,76316,09065,40134,64206,03237,35363,87059,89452,30073,52423,56213,07128,67425,83146,46195,51193,57383,88035,19272,13056,57673,12195,76288,47164,63067,23234,05153,70537,89345,41245,29217,01035,10300,04190,88005,32202,54081,87032,62015,85238,73050,65184,08356,81079,55071,58109,22036,03172,58287,03080,60461,29257,46188,74261,60654,87041,57419,80821,80432,76678,80154,86197,17063,63462,11437,76748,47019,57668,66126,22221,14719,33105,60262,92009,64445,18208,51601,34202,55106,91359,65435,55300,65273,73298,87051,52142,57160,77296,85140,22380,56056,43157,08130,52425,34097,45085,71459,62755,31018,02451,35013,60240,71462,85196,73154,22346,63382,10421,38053,32164,29123,33519,02288,62345,50096,31244,18121,32311,97406,27579,02100,17265,16155,78082,22343,55159,51045,04233,62120,85290,59433,85031,25555,39014,97423,21041,65371,07117,74117,31497,60020,11166,71464,23219,24383,21089,61401,2B025,80104,54573,09241,62322,80222,07257,58279,55346,68088,80533,29141,56231,63249,35275,76395,39078,35046,27538,83064,46192,32366,88370,79343,85153,62572,34054,63444,71030,14311,58099,09210,81255,24493,51560,22026,2B256,88311,25511,63309,61229,50326,46330,63351,76502,25213,60177,16116,54192,72349,69060,64500,68235,54061,91377,27597,82119,84122,24030,57669,64439,80129,24425,28352,39049,34040,73267,58089,46097,09096,31393,89277,10330,83068,01106,72169,27399,80659,19253,25537,69039,70380,72218,29206,38104,68376,91179,57036,71297,48173,89126,54153,63128,50492,31385,33354,80246,35347,07045,41004,59432,55199,56030,76573,07088,28126,03028,66096,76112,12187,71523,18223,27534,21211,56117,42069,84124,42001,10012,67495,01295,14034,88006,35307,65090,45052,03071,16212,80424,60331,55382,39108,55555,68122,61111,11048,08277,33293,81210,21207,70083,46002,57566,47151,09205,59336,64188,55340,53117,78564,31571,71362,51547,61444,64161,90067,36182,21030,16162,91630,27198,45168,04220,65481,58227,71342,89274,60403,68106,56123,57152,41207,84028,33504,59126,38291,26019,32382,08363,31400,64067,82008,52378,10174,03320,48054,59410,27246,47230,84146,31117,80628,10163,57099,69190,59576,73179,19035,67161,15049,33336,76574,76032,76330,39223,51392,84121,62505,46117,80249,59159,11112,59541,60632,25183,08351,47045,80779,21293,01383,34280,57544,24243,62699,86226,91044,80279,27660,86029,14645,46160,58069,66190,30310,48001,51582,35345,59549,38265,58039,64272,27483,64137,73048,52316,68045,88128,49278,39288,02610,45183,81040,48004,03027,61139,57379,86138,82124,21663,80520,60247,10118,62427,31071,12263,25104,33407,89249,11364,30231,86014,02492,86084,65344,45180,57169,88442,72040,21555,23127,55188,71275,34207,91085,80679,76173,11139,61369,11122,17423,51229,07134,50253,62208,44105,33232,30023,31265,50448,71220,76451,28094,11119,66029,70378,58174,51043,03183,10287,48158,30106,02726,08465,68308,65129,88248,57289,08142,28065,06080,80237,69203,15154,53125,09082,01031,57395,03314,52375,62571,88132,42060,55495,59514,12153,50521,60325,67009,16396,59405,42039,52307,09102,61300,69035,30314,73285,57712,51393,54173,34016,46273,04200,43038,10123,47026,45088,71256,67552,88259,80352,55035,83048,10082,11173,59390,79329,32221,08235,40038,45126,17328,10433,52267,25393,50078,22119,76118,2B260,54195,15244,14248,45064,57679,67130,12023,80598,12013,31157,15124,67081,10230,52199,39245,07094,89332,18081,34120,77044,65149,71144,51646,55242,27375,72103,07066,10136,87056,40001,38394,11360,18126,56090,26319,72125,19222,60178,84055,82062,41002,08075,01165,25395,57219,89227,63414,31097,24084,76036,42320,11380,18030,77410,09071,64377,89228,55239,80664,24356,33312,09039,88512,31467,54379,53212,56100,15123,71166,80780,49200,77229,62504,31112,03156,05046,12208,22279,70137,11133,59567,83107,62679,38383,89146,68373,02286,07331,18053,14272,12239,85293,62851,89035,14546,12113,45098,03061,02123,25357,64018,30300,88153,59637,68021,10333,45222,29007,51252,30113,04142,02628,38179,11303,26296,16171,27615,58094,21572,11177,09171,59315,65009,61260,62889,25040,56249,39253,51595,14198,13013,60554,43208,02357,10270,71423,74258,25562,52161,47256,52034,38562,51152,30202,10142,83083,65389,59436,58108,72144,36128,21327,81151,23002,62833,62682,70328,41039,28123,17145,21162,39262,61020,63441,89134,69130,63288,67347,28109,51057,18272,37178,46262,17380,43098,26173,69118,62615,08077,40325,35240,65455,80481,60260,68104,35263,55562,19057,21132,30104,02099,62562,28330,15108,59469,77120,09106,2B246,60648,26055,91122,38479,79267,31532,31281,52019,18225,64418,10104,83022,67371,81209,17321,02707,60702,73023,61014,88330,35305,42328,88434,35111,26079,29142,86011,60411,27464,67359,52376,13031,69012,59620,62789,2B225,31107,09292,31139,01174,59374,01364,62677,08398,22013,83111,02766,52401,38324,29036,07103,76129,25235,16026,77431,45006,77523,55399,33150,11206,40270,66141,70494,78233,81187,76204,50312,59632,33049,03111,89438,19102,74288,88412,65218,11316,52095,48055,54600,76570,41233,58025,85268,77440,22148,02545,31261,69293,82024,64193,25462,62655,63060,51420,48009,77089,83105,77298,36227,89184,76308,65197,31009,14672,57506,02091,2A322,77355,68252,91408,55570,64451,40069,86001,31384,28280,14738,12057,66137,02131,33433,39385,81287,62244,28198,89300,12258,09197,14663,65338,97230,50575,66043,80545,59260,08407,80595,71236,16157,89475,77407,88359,89268,02075,89066,68347,02283,33408,52271,11233,87015,94048,07142,89206,51576,77191,23242,01319,82147,25006,09163,70309,34062,36200,43230,57270,77156,57359,39039,73069,33449,08460,64233,2A259,47242,64143,65375,39139,02761,64258,49171,87164,32002,65290,62175,16353,67046,69050,76303,59271,22150,65405,82035,21408,15118,54217,29132,57168,60106,18198,62474,38358,55033,14657,67218,39451,59137,25219,27363,04140,32199,70268,59341,31500,17348,41107,19231,11268,76052,68355,21640,74168,82194,80400,59285,54110,07284,79040,24062,14679,49058,10400,70358,55545,60434,43197,10033,34189,82048,08316,93031,55142,15087,35164,23158,83118,71252,38159,80378,19261,70007,76087,09166,89441,60495,60303,63245,13003,18068,55049,2B143,02188,06140,28425,70533,54428,68215,13205,50215,62822,64174,90010,22212,30246,61484,63434,10363,77335,70433,17129,24102,33005,59241,62486,61265,89403,26314,10444,39272,14504,62721,57411,72197,15237,21350,39102,87150,32441,82137,08500,89049,80225,31171,37223,80655,57095,28143,12212,47141,66084,83148,2B138,57373,37166,07152,15090,27598,26212,16125,10306,34102,08055,17301,80529,50332,77128,62715,2A114,80744,80312,26183,02500,81016,34088,76265,88479,47301,21195,19280,09266,24073,54459,77424,59171,15175,62748,24009,80669,77023,18050,70224,76254,08424,78404,80754,02621,28037,79280,01329,21258,67093,77425,19196,89413,28202,52495,38494,01241,25136,61010,51014,44117,60008,28374,54408,64082,52165,46245,38213,11249,2B047,45010,02158,60122,63423,04013,60312,09214,60318,26312,04054,71529,64479,14353,86254,86248,31300,85226,11162,43040,33158,63145,45244,62478,57264,10258,86264,80082,78267,21299,62076,25256,23241,33250,33535,52539,54302,01037,02574,15222,17225,11310,28226,02801,80747,41199,19211,43048,38350,27345,31369,03239,33097,62827,29090,25470,62850,58046,42014,26007,21709,15011,77049,39237,82012,88305,71293,19166,80019,76676,60431,88465,17439,60026,64383,80807,08288,68182,51379,67001,71396,33153,32161,08251,65209,01028,54532,60064,32325,10160,41077,80037,57093,72046,57531,88083,07074,32183,64034,72005,11192,44116,59297,16011,38381,60069,55444,36217,95257,60679,73036,82061,11226,35212,44161,39081,47206,02660,88338,52480,57540,25057,62093,27034,83004,22204,62430,59604,48077,30008,41061,70416,06136,40247,59366,35199,36126,32462,38380,11367,76138,41246,64253,57271,14598,64535,29187,17429,02720,27318,33530,88206,59461,71526,07136,77222,91457,03321,89202,24165,46284,02768,65086,05130,51585,50052,54174,28392,52452,42002,08090,43116,89105,81059,55398,71259,14622,02020,65476,61275,90058,47160,30119,15103,90049,66067,08411,37187,17073,17344,32467,04068,14626,55107,21287,39573,2B058,40034,51181,09186,11345,32119,72057,02477,14527,10018,42092,57228,2B005,46279,87200,59080,73098,15105,59307,08133,70236,65398,38387,32364,51610,68126,55326,50376,51557,47286,88230,46055,54177,82191,62156,05026,33447,25249,29051,62106,56164,68377,71199,16020,70555,39336,50556,02792,59293,19058,2B009,52500,70367,25371,52045,01281,29099,21252,51295,76718,39568,52157,80786,33355,62192,64101,91469,33478,67471,79189,76230,45146,46257,08121,60668,38232,51550,63098,67404,69097,53170,56205,89029,15001,79005,02529,62650,54256,03181,34147,16088,08342,57569,54026,60290,76681,55246,65262,81298,60029,15130,52093,59261,63051,23119,79001,70404,59326,57468,95074,02299,02103,51484,29234,45320,59546,68078,25300,16398,51442,64218,73282,60616,55263,55462,74127,46127,95328,60045,58004,89369,52243,25285,54483,74170,74198,51191,74076,51574,18252,10098,31526,38047,22256,59337,40274,88276,04027,33418,63073,52503,85198,35315,91041,02516,60561,58053,25401,87001,43220,77221,56202,14461,62587,21537,80103,43244,22283,64056,46010,29075,62201,10178,17155,33384,39497,17127,68356,29041,43265,37052,09152,21459,89124,49002,71089,62823,59381,77528,82139,54129,16195,21592,31345,57052,62161,71218,63167,15269,47100,27511,08039,65035,57309,42031,76383,08115,77512,51433,72299,30266,76741,09158,48079,74029,38288,80048,03103,04067,27106,10049,12037,02497,09225,57456,15012,25308,51124,67315,63126,49339,76548,63430,40126,07192,69212,62115,50596,25088,79197,52326,65297,61070,25572,55299,43067,10095,77163,65284,08214,72356,34315,38144,09284,25392,44138,72257,88183,24064,37216,65198,26172,71562,25378,85178,07280,60077,94016,82150,28055,52348,57656,43103,35219,48002,62638,29288,16197,28189,08372,61143,76023,76293,31241,88194,33309,72145,66034,27577,69261,19128,73254,32301,27397,54249,08449,63335,54144,69269,08180,55097,25499,52064,16213,62693,51122,22308,42123,12033,05107,13203,74071,58070,58200,32403,27569,46241,57541,56238,14134,33405,57159,11148,73201,02667,35157,73022,02704,27610,08431,64423,33482,32336,27241,19143,03138,21170,35325,36207,66130,2A278,65062,02175,77383,02636,38285,55358,88477,32230,33144,76647,57661,60253,41229,30162,31161,71103,2B307,27171,45185,25147,46215,46074,62252,03062,68076,17286,34091,75103,74190,26242,67177,60650,10081,23042,26232,38332,66040,88190,14334,88149,10146,39330,19036,39066,85144,76270,24232,14408,13074,2B221,50639,83149,84074,59603,28322,11007,21227,45083,41251,08211,67309,23054,88481,37116,78124,08176,71363,51500,63269,2B355,62888,89010,29131,80302,47103,57198,97210,62864,88044,59206,57044,28353,03130,54060,56053,32451,82081,30016,92047,74208,76062,28169,24163,58176,10348,68213,26013,2A266,59178,23262,11205,80793,59394,40184,30285,31061,57441,70022,60629,80525,38091,41063,63161,32085,11167,24471,31144,78624,42247,88318,02152,66033,2B123,89346,64062,03214,21407,35222,76377,59568,01386,60161,76304,08085,80604,26196,77075,03281,42101,11198,17081,75115,57697,64313,10302,57201,80582,33529,47058,41259,02210,22024,54391,52208,34235,50562,21270,76480,81266,57602,57410,76535,47047,32051,89183,14512,63392,18287,01362,74065,76251,81165,2B162,09325,02488,43232,60009,89303,30097,21313,71213,51581,29074,09013,02327,24559,17070,62899,02386,62002,2B007,47131,01072,13102,60508,47154,10210,44187,52301,28414,09016,70098,85086,81071,79120,88524,54534,12060,66117,60351,64314,02495,03077,47290,26138,55215,14329,88140,65189,35174,24519,40096,2B226,78220,43075,63442,67531,38074,80618,65336,81258,91103,88242,17050,79161,51410,45263,88324,73138,62392,13052,2B219,66201,65448,51007,82067,80062,73245,26063,74160,62483,61227,76069,29183,71151,71248,80285,35093,01261,81308,72374,39130,57006,38515,25022,40047,73329,91272,21187,59420,30289,77181,86077,64065,26003,59665,59396,35309,81077,14258,25349,62379,74041,52433,41074,30273,60472,88202,14759,56159,83085,25491,02111,38157,27210,65068,66161,09075,80697,52204,09046,62671,52534,80216,25582,24153,34161,50531,91145,17302,18031,16181,59270,80268,02717,01448,38198,95316,80326,12303,55487,02265,40187,93079,36171,16209,26152,74044,71341,52163,24146,40275,67050,2A048,74035,74105,54358,37192,19283,65097,63260,02736,21312,59168,34344,83042,67468,95144,65243,08397,89131,32140,87011,06107,76744,37155,37212,30271,21636,17069,01305,89205,26382,28260,50413,91479,58228,85012,60562,51444,40209,39271,71119,24313,76172,68103,34051,38524,03128,42307,80741,54137,80474,57314,80146,70060,68183,85211,71430,40074,2A269,37233,10224,35255,16423,67108,56165,33307,16178,25122,14280,80114,22106,05146,55080,38535,50321,62810,57601,15028,54579,76474,91225,80381,53276,47246,53079,07169,88249,02043,34082,40213,24194,14390,07186,76622,63220,14400,69198,77202,69258,64138,51262,19098,65103,38388,43088,36239,06096,31537,14716,15052,25510,60534,76688,53211,80362,72275,03060,70219,56040,21480,63340,60007,54398,38492,25607,77111,57476,52074,25389,16005,16390,79283,77332,86118,60449,66049,88186,64075,19181,28268,76567,62258,79130,14358,08339,76556,89328,51132,62508,11323,27095,67076,23083,95428,80558,84067,38226,47090,90088,63154,32279,76228,89382,35017,22045,39042,69134,38237,69153,54436,36212,11290,57678,49378,67121,65091,30135,50462,09066,82088,65333,95141,84076,26352,35283,33260,52543,70077,47089,08210,08202,97232,28036,24491,12154,2B069,32438,22316,72243,76263,08466,37147,44220,89223,61100,80694,69160,77354,76669,36138,60582,08477,08215,21427,69287,52453,79084,85066,77016,80135,54435,60421,45110,24546,35035,16221,77377,51409,24236,09042,77137,02728,70155,17209,2B210,76656,80144,01193,60216,65099,64525,26052,35181,88427,76716,02004,79281,62747,80733,57687,35205,38540,54140,10177,54324,57097,27065,55514,25541,66182,55168,01111,24188,86128,25254,62544,62713,70089,02076,59641,31521,62099,51293,80006,02517,80307,41008,77356,38001,68093,52001,32465,76378,17190,40229,51136,38186,88365,2B149,11159,62579,19264,07232,67274,51051,67234,35277,21581,18286,41041,23063,65073,86275,59389,77100,78290,71155,36244,71181,54378,41085,26169,97424,64103,76171,30299,79127,14530,72142,77306,42192,62158,38155,67105,13066,74140,47281,53126,87016,60614,05095,47007,85126,62104,24331,65447,01053,44193,73220,62374,33468,30325,17402,33300,63206,64427,07080,92072,49292,88521,54237,80354,19093,77462,27694,57205,08139,38132,24336,62096,85245,61492,27548,39470,62003,17118,35262,60680,27698,59273,40138,95572,35184,55117,35107,12267,67104,30220,27139,77521,01051,02398,37010,25112,56141,31352,59244,26166,55261,28265,70127,25012,34117,95151,33511,39574,27641,73131,56234,62082,60093,97105,09148,16042,03185,78194,16203,41140,42048,91156,73197,79091,76582,43070,67333,88297,57348,74036,32406,65038,80428,29064,54148,62056,72372,88145,31132,2A065,40242,59237,77047,53151,71534,46187,12102,57360,88224,32058,65004,14088,77076,80017,64236,54046,10208,72379,24396,25189,54518,77451,45345,26128,70353,32313,71411,21094,12264,42274,22257,65037,67151,36148,28102,18261,16413,27033,66006,70531,65324,42206,41058,29163,31465,27631,63273,76757,89479,19286,77258,72146,36139,33193,42012,54016,77008,2B251,11184,73106,77367,57048,07197,78030,27213,95563,58203,62327,39342,06119,58271,70348,24096,43145,27019,68127,77281,90045,80719,85033,51088,31166,08370,34216,47129,56191,08182,31090,54286,21464,29061,51341,35014,23246,54111,32395,66022,2B350,03076,62297,71533,88288,54377,56201,02561,62512,71278,41136,21150,59202,27289,38090,23021,28075,65211,59507,95054,59508,68371,19068,36113,65426,2A270,08034,95139,58163,71016,42290,42185,18020,89212,95301,10077,33178,11246,89287,70003,62728,82167,38386,88125,80201,12034,72342,77034,88372,12157,67131,89331,69136,89071,14619,07063,59257,11136,38163,55102,34303,15056,36132,52125,91148,70504,26035,78311,28426,85022,2B059,24115,86234,38018,15243,58010,80635,59015,41103,60459,42102,22152,06111,63116,85264,03145,63387,89033,24029,02289,80123,59666,14322,06124,34166,21387,78224,61077,32162,61487,27226,57636,46032,80292,25024,26378,50200,57488,47191,78531,49155,67451,17258,07240,83054,55581,62028,74030,14150,14006,40268,51299,45113,41022,76253,47252,17153,86018,76271,21363,69181,42199,11014,54240,64321,62081,74259,25181,14630,08249,44113,70064,08110,55371,80550,43034,65381,31489,79088,62386,54091,62184,17180,41206,65384,09136,71105,55474,64389,32292,73001,48137,89012,82083,90082,79294,66185,73183,03274,34144,48130,41046,36076,21374,02429,49064,80139,91137,35159,80205,32139,89200,60550,59427,27199,51590,16369,33446,27682,56209,39058,31472,78368,2B050,80155,13213,59284,04164,80466,50519,12215,71372,23145,65191,2A130,14183,73162,31042,69215,77403,38277,64073,47054,63301,67067,33089,87093,60578,30168,91106,72249,52220,35194,79123,16281,76467,05016,56236,64287,66172,67306,48152,47132,80207,19248,32134,93049,55463,69149,45130,30153,73248,21070,53256,52284,38527,69184,57320,30151,38378,70031,07037,62369,09187,46209,63193,65459,34168,57390,16015,02554,02240,80044,52101,55470,91248,85076,82052,16285,59667,09260,74155,44028,85014,68234,35306,09300,66079,10272,61145,21339,53246,2B344,09089,54005,42077,69163,14281,27617,2B263,86053,58083,27177,32323,44049,71406,23013,16131,97101,31390,77262,69385,29021,36153,71524,40240,81178,31094,90009,94071,63285,31342,25244,27477,54583,53160,28001,59299,05179,35294,62496,57208,51322,02350,93050,73286,60665,67448,02095,15225,60006,86290,89335,73156,51487,23077,49326,07161,77243,16316,62598,80606,12003,12161,38286,56124,88505,21686,57176,58044,59358,57505,33360,46049,60522,56186,01399,80360,54541,50423,55465,30234,77087,24225,47171,60267,81199,22069,51524,51649,81198,52179,89209,52416,66030,66027,38066,70132,16008,39514,02571,70001,55403,56020,32418,28028,60663,52429,59016,58093,51415,25618,72341,03310,77198,37262,62370,89102,77015,51070,15234,01127,57338,36225,56036,86061,68357,39010,18134,02179,21633,10023,55082,43253,32387,51212,85070,61498,51378,40117,40110,81020,40137,09138,87034,70010,58098,97103,54493,64085,48032,51545,12011,11259,52336,10155,97221,12017,38416,50059,76414,80540,53114,33480,21126,23157,17003,79025,47309,88468,22340,95491,31159,02048,79077,70499,59480,73119,01232,28177,68034,30086,58097,46116,04211,37256,76175,53059,33108,01317,24429,76198,51242,02615,62564,23059,08065,40224,49373,65014,77183,84045,63393,51634,10079,68358,76084,02369,18128,35143,50563,57162,28167,29094,07018,71453,63036,63284,59573,40199,17183,83012,42231,39378,39111,70028,76309,57345,59557,04175,42221,2B319,77150,65360,51377,52056,71237,19119,79090,88499,90060,54416,26344,52353,69155,89181,48097,31126,65469,49359,01376,61095,46119,24487,76357,64444,28364,89325,79158,60323,51196,47107,31437,65418,36087,76495,67051,50038,19130,32350,57643,16079,46338,02565,85018,35196,11019,55414,47235,80453,68158,08291,67320,87204,16107,51535,55457,70579,32226,42097,76029,33404,34254,38059,72050,80387,80755,16139,57634,67245,46031,88126,56070,47105,25094,38531,77061,13078,41037,76489,79270,51270,60379,74090,33040,26262,43138,37158,25458,19052,34328,25232,89313,59494,01398,02238,45158,47155,12103,64345,62145,24565,77466,80015,46310,86006,36223,55050,40307,73253,55076,25036,01272,57535,78236,59622,27593,81173,46332,51246,55381,31082,63004,70159,51498,79276,64534,68232,41177,60055,77312,21472,56087,19141,79079,65406,89095,93064,07228,31235,60686,24098,08322,2A117,63458,02391,90020,44134,18281,71057,69087,02478,45107,10364,77449,17366,31193,76434,01447,12294,46004,60142,30156,58251,80241,2B190,91687,31482,66056,16099,28331,02057,2B250,35264,02723,62897,43141,04045,80133,60369,83090,57483,45115,60444,22366,33124,34222,16370,30057,77376,15070,40227,81053,61124,28187,12269,77040,24010,08278,26379,25443,69168,79153,18022,62351,80283,32146,35355,46113,35224,31129,21431,38211,40041,38438,05164,62407,19050,83025,41231,02765,01365,05058,25331,70063,27440,02272,12022,15208,11204,66204,24212,32081,71552,38445,73071,57648,59125,14110,81022,02484,42257,22328,86271,55207,30248,76338,68064,80240,81135,21033,78036,17464,27412,34055,54330,57560,33314,70400,02600,39571,71407,84024,08501,68327,50036,65039,11292,12174,91215,49080,56019,55472,83115,52274,48111,57653,64094,51563,76755,87081,81244,57749,03002,18116,25627,26269,25287,79013,09195,76569,28134,38448,07305,57698,71187,21323,28383,10419,65335,32114,64362,02745,01332,51055,22049,27334,32396,50647,65343,55226,02354,24432,91473,58128,54069,15013,45285,03191,41129,40023,76438,62094,17061,91390,62877,64465,86135,97134,01285,44142,64095,24458,51022,47036,28248,32333,85158,80365,17002,15218,18240,13114,29167,43264,86047,39367,24301,67004,50443,80078,29110,68284,76048,71007,71025,87119,33321,2B167,97307,01233,76162,33509,39449,76533,62321,42036,77294,11175,62826,21477,01194,27035,80342,43073,83039,36107,34145,04079,68016,32352,63104,11266,80769,10168,28122,51107,76630,29263,59560,38431,54299,39349,67173,79129,66227,38244,43206,51502,62546,74091,81235,73164,46017,05151,71382,05087,36112,02468,12055,32075,70277,11308,47015,19168,26047,02523,31492,47147,46060,50336,34237,68336,39397,14557,80410,14713,10283,46088,57393,25253,19017,32262,86225,88331,26054,24244,10135,78077,02486,02139,78264,33330,57576,61263,11013,85146,34240,81051,68279,54255,10109,59036,80563,17242,10440,73121,21143,76281,60681,56084,26085,60353,88240,02341,51238,55085,33537,74283,56223,33050,08487,37024,16325,04159,29053,91412,12065,62767,41097,22377,11060,61394,72085,91519,21383,2B084,38294,41228,91374,46086,38199,77021,80336,34194,34025,71360,74171,08444,32019,41164,63111,59660,45226,62455,72358,39219,31200,24488,61007,29017,02049,25436,54139,76512,68038,58223,08200,70573,15223,25563,02101,15045,53261,66055,51222,52449,77345,16252,85210,17451,33419,39206,47101,58142,71270,62012,11037,95181,80234,64353,82017,57362,39079,22128,65332,19210,88523,30176,30296,48171,77303,2B116,57220,28319,31188,19139,60401,02687,76318,59311,62180,02097,29034,67214,67239,04183,67134,54589,24364,81247,37269,55192,65222,11138,52421,01069,08334,60127,51164,56066,64292,63105,07069,80196,61076,62422,64274,41120,11256,26346,59175,48039,38147,95365,37280,37248,52013,58301,12018,74296,49288,59047,02744,90051,11051,2A253,41168,52438,80211,80105,74153,38345,48036,70008,57166,76063,56243,06013,22207,38087,80149,65225,80324,70187,21685,64260,38325,70480,90103,14378,66001,68344,19262,17390,63022,21651,82117,63042,33464,55518,33220,55298,65170,71245,37243,59619,28039,64342,76297,62187,67123,60592,67541,10105,46227,41179,86079,82163,95348,29298,27481,17353,51228,01058,47010,2B214,50471,54538,64032,88366,30081,28072,50084,10090,32091,39339,38391,36208,69157,38146,55268,11369,59535,50304,71174,21052,09306,60452,83129,41222,50629,33177,68147,42302,36166,81032,39061,09169,21501,22063,80029,2B043,23261,05170,82086,70254,16132,10284,89360,87188,72246,14179,14640,91111,59649,08169,88343,33492,63348,97113,30092,29196,16399,97202,91411,43112,31416,78343,34053,34042,11363,28363,74179,34031,60238,25514,70542,52362,27291,64237,70413,65354,28242,66128,07234,13007,39401,32125,28261,90030,62234,66088,79029,13080,04005,56167,17111,65012,74225,23101,63038,78407,66199,32362,16361,71554,60321,71527,68191,31282,70221,2A094,84009,46191,07157,11069,52175,31373,08196,80682,62350,54025,24027,38240,10070,11300,53040,89404,21050,51597,09057,26115,69071,65070,31487,97120,55208,38039,66046,16283,2B245,64344,17448,48085,78072,39070,26146,40310,24324,18125,08430,63207,34271,59177,33062,17394,12179,17417,81271,17444,78681,71203,27251,62338,44148,16404,28071,53069,10200,88086,07295,64183,15176,33113,21502,70459,80710,35079,95489,81048,56118,93015,08205,13211,43261,44136,39305,24415,45237,11045,77068,60130,86076,24466,33076,83036,11195,49381,02260,31232,53101,51537,62574,31434,37083,48139,13054,05160,28344,18035,08122,19256,32285,11270,45206,81252,61225,59608,87100,35151,49100,34221,03220,62032,06037,90055,60551,57368,85080,69110,64386,32073,60504,80138,23123,18177,48103,74067,29100,62751,10411,2B148,04007,27525,83023,29248,25214,54241,48030,26028,39463,11420,63256,40058,89173,58103,24247,50042,15113,71065,66089,71067,51660,27277,28209,50275,62398,31299,14137,53041,31457,33296,26020,12249,57262,97358,32286,11152,09233,62200,69143,16227,29213,85089,28397,28254,89044,27018,08468,54519,65138,68039,24175,47249,71505,03096,60469,64255,59118,70076,31285,59353,31099,88143,67113,32155,33007,55110,53086,82001,67242,62797,80688,62179,77214,76223,40077,15142,67520,16047,78418,02563,39324,59116,56263,51104,51182,59282,45289,04042,39017,62262,17343,10097,27258,34308,39366,70120,23011,80458,02455,67031,40139,32429,37177,27017,31319,19086,15220,89036,10229,63435,51452,33334,37175,02499,54224,11072,10138,70462,14559,27590,52273,19173,39247,12029,83078,71074,30065,56060,41275,47152,17468,18115,67107,94015,37108,63346,2B107,54427,34234,50552,35299,27042,02411,14449,12021,27046,53234,44146,62311,70095,71036,53042,15268,77072,55568,24392,46295,05159,11088,58155,25192,89461,24230,07258,38303,42017,57008,46340,14024,60386,59324,68134,32231,38029,77193,46219,54056,51243,44172,80553,63372,88008,50239,77030,51291,08384,65024,89446,89130,40043,62203,42116,10328,34282,35288,22008,81224,41142,70469,14375,16057,11296,84015,81126,72044,06046,88172,63024,80438,60075,71222,57179,91293,71164,62077,72089,87053,55041,17478,25176,24040,59428,27247,57764,24161,89423,24113,52359,64098,38034,11158,39520,43072,86175,13201,67453,42242,33514,25283,79103,01244,07276,02809,62669,57732,68025,09130,71158,51172,54329,17080,25186,31210,42038,39086,50537,53082,55084,25481,62171,47124,86073,24462,30101,62016,33505,60428,62881,57502,47005,59139,33190,21346,64155,60693,50463,91021,07307,29125,2A351,25279,91204,37200,19134,30214,71101,50467,35012,04143,17270,82168,63401,74109,46026,21093,03133,14007,27230,70239,80798,44029,17243,43087,02270,67331,27335,36154,94054,72152,35272,31496,95051,29290,42098,35242,12244,23227,15119,52244,42236,42131,80282,61421,07267,2A024,71436,02501,80187,51079,38432,90017,45249,10360,05081,71281,66203,06087,08323,32040,26107,08101,55410,21178,36130,58296,39551,18170,72190,23075,52124,02119,39147,88301,21535,70564,71519,2A001,21384,50495,80770,52275,52113,32455,39460,80038,51325,10151,71001,48150,43037,18259,32358,63268,63457,78608,37266,23208,60052,95088,44119,57581,77227,41109,38335,88012,64559,85105,15004,38238,59539,36020,27433,70540,90093,93051,31051,08313,79008,60243,37132,86022,89141,72235,38133,25326,27112,80164,73052,39154,64484,60150,78168,25434,68368,2A300,41282,68365,58188,50129,52347,27602,41146,31545,51095,01411,86239,55134,28090,86227,76401,70360,71006,60308,01382,89034,41084,60671,30243,65249,46069,78644,28047,51483,63446,27486,76008,56017,16146,16269,28176,64405,83069,02190,77438,09014,66151,33233,43250,51141,23095,45322,11064,77388,76060,14528,17447,24371,70040,32200,70395,77341,14124,02731,19159,38417,03059,42118,12286,09330,89329,56264,06131,61331,51336,77304,25163,47092,27315,70056,72147,42289,77005,25198,44095,30267,84129,67353,66165,62183,51027,15169,64317,04122,89014,70376,21378,64448,69124,39024,51324,77131,45096,93008,88356,73274,55100,57053,24032,21276,47110,78006,41235,51265,88257,59250,35177,10367,80310,54038,85001,63142,36248,18010,24209,77197,81044,27015,76273,49220,21652,57027,62642,90057,72031,37167,50571,50029,05071,38365,21469,01034,10231,68354,11339,41057,27504,69004,27002,68083,08331,80645,64117,40020,89163,24207,82166,11169,15092,52384,59204,76541,08306,57231,05135,59087,63240,33333,52510,22331,44214,80191,24587,62236,33086,60587,52290,54569,01175,32029,15060,2B112,57537,28309,62477,57137,26341,72362,57381,47062,66037,01408,83104,08044,06117,31121,27442,51429,16070,95582,62130,89327,78013,28421,30245,10238,54205,50577,01041,13034,02599,12049,16338,82073,77235,83020,58051,70088,33253,37031,51572,70525,09051,76289,21064,88011,69386,63151,10298,03304,18285,56197,16204,03179,55023,73072,32101,02506,93073,10128,07191,26279,01129,50511,61266,57532,61322,55400,51511,50412,79196,38077,39188,55433,77031,24581,66094,51071,81127,55386,60217,16240,70211,65361,24460,61152,76320,84016,29178,34038,70291,88054,21072,10194,21632,71509,23130,65126,52099,15083,61429,33303,76141,73308,31248,31343,63119,26174,95637,21546,37001,44026,69250,08128,68089,60466,91274,51305,47035,80407,40221,73029,72382,10388,46255,50517,30037,02080,08014,50419,80657,12134,88124,02791,65125,70541,26154,21304,42205,71148,58135,46263,29025,13006,45256,09206,21239,58078,39575,76442,80774,47318,08361,52023,16286,26081,31550,30242,39392,53094,52486,59072,89320,81137,27425,40148,84128,02469,2B170,09331,76571,53103,55535,88017,04091,52511,52127,33299,53156,04174,43132,25172,76197,51602,09268,33019,12062,45298,68131,73109,58275,40039,51137,60440,57405,76473,12250,36169,71145,09316,78164,79246,50523,74139,05045,94001,16095,27431,45326,32055,02039,09024,51329,2B168,47214,53193,54593,53181,38197,11042,64121,26235,11061,51656,01390,23254,35135,25173,14042,50518,54537,47312,12242,66047,78397,91180,45214,61117,80787,03146,82076,26380,43015,56008,19024,23033,22040,08436,81146,71431,17481,59009,59607,24554,01049,80406,77133,07188,87162,57019,76462,50576,31083,15163,67202,74049,71066,72054,54022,65046,55394,80467,08262,33457,47135,32184,17408,61021,21716,02623,33109,39280,80194,59170,56071,48073,47121,95355,61088,24339,65055,01274,39121,61319,06138,25082,38011,70374,89333,31506,14146,25341,77526,51192,33171,33185,68322,35282,33278,54270,81121,58205,66196,25220,80417,80801,81168,76468,33541,63318,65082,16419,60445,58150,08124,06156,22153,83154,50197,57464,88373,10334,76099,93047,59189,03197,74074,45154,14194,24572,28191,38284,15042,70151,55200,21711,02763,24293,64028,63292,28166,70350,57366,63163,19172,50389,25050,65267,57175,95026,32056,82057,14665,21688,25611,89199,61269,01323,66041,94059,16412,70407,21351,80415,80079,64485,39274,55211,58081,02813,16320,87106,73113,14180,39501,62284,64558,59474,68230,35001,85194,39227,74043,82160,27627,19034,15007,31021,56120,06034,70474,49070,57230,77245,80668,14734,68168,67066,57639,59212,09178,25266,50193,24052,62697,62788,60596,76682,31556,38190,68102,08454,26140,08026,15131,36095,52040,11105,11150,46144,51603,76390,26068,77359,81138,17218,35278,64510,45294,76373,80357,88451,59578,48007,85286,17282,59321,68311,67525,46012,82014,09070,02685,33053,45134,33152,67321,40246,55423,31464,69032,84117,36146,70023,62661,37219,08062,08492,26149,38160,72006,83015,15036,21544,43171,62433,51249,26245,25424,21717,78478,38175,62084,47012,53068,32190,80785,24558,16164,43203,38092,47046,2A160,02524,36058,86249,66233,01371,07325,55216,40006,02198,80408,35183,59274,29059,64471,51008,30228,66132,60272,62196,27455,26227,78423,31435,12090,12266,32447,32408,46220,68251,79350,38331,03268,16312,52405,86040,03132,55559,04107,19161,60427,51061,57657,01325,77174,64203,47193,27521,72096,37224,27463,02642,55526,88508,2B230,08027,74262,50142,31474,29256,38099,54058,18172,90090,55449,33553,38106,32374,62458,80351,25336,60634,60249,33525,66168,51301,57117,62709,68010,25508,50365,06078,06150,77417,32217,08433,59021,89092,35122,37202,22244,67186,25175,62902,33015,01157,56001,63305,38453,45217,80219,85181,07077,07151,90077,38283,35357,16122,09143,55104,17407,47099,15201,70188,57246,25476,61389,89341,60086,21516,33291,38098,59013,72115,17213,58130,62454,95592,54499,16012,62406,88367,27434,70054,59634,71285,87203,37261,66123,60144,24540,03102,72220,81122,79156,77144,03098,54120,03305,69285,65394,49367,55201,38292,49135,57465,07118,21128,21137,69246,50198,17174,35025,64399,81284,22095,21514,55452,30189,69183,19179,11020,64027,62204,25612,21272,02385,07002,78140,50151,59018,62498,04189,39557,54362,07051,74306,54485,07314,25201,48190,42312,29243,16415,51158,73230,88243,63232,24133,24273,52038,14370,23258,28051,04194,76212,02555,45234,52457,88223,55096,82072,25210,52051,72238,2B224,59140,14531,10026,24285,44031,88459,61029,24076,44196,65445,74242,33104,58221,38022,25561,45272,87147,18005,26337,29097,02267,34048,95197,02236,60203,47208,28300,50026,02798,35070,36137,44137,30077,77085,77088,65383,10162,25164,73020,43043,55482,07293,66125,02262,51514,04095,24126,33263,21243,01196,59499,60334,27180,68207,32042,03174,77318,71003,54187,66050,25359,53175,02177,57752,33436,27460,72075,62018,21134,25030,71039,68066,63234,30123,13101,05047,71351,07036,62220,21562,34012,34019,67324,76117,44211,50144,90004,62087,79118,17310,27576,65452,74302,14367,31289,23141,76190,76194,53154,11100,56122,86160,45178,77265,61026,85220,33507,02579,76620,60441,12184,54318,22030,09064,77080,83002,62413,2A232,36106,57072,52360,37246,22146,85111,21634,64126,77402,11294,24051,16018,76699,91593,2A056,43147,68121,33389,80805,64472,10094,71228,51470,02423,26136,89314,67475,35234,41163,82136,44165,10131,85071,21316,36047,24004,71060,41191,67147,87127,28401,07211,87089,72158,27256,84144,36203,02313,47198,74232,28395,70487,31271,67377,54040,29022,72286,77252,70192,60111,31038,19029,14448,81197,86222,32312,31392,23239,18248,22248,77390,50554,23051,82125,88015,42286,03219,62882,83065,73057,38108,91131,21177,19246,59661,26246,02490,10106,36079,56129,33151,24295,42107,08259,34015,58067,03085,32129,2B364,34247,21424,32228,73320,21160,54001,24434,48034,01036,59359,53140,22183,48027,19188,59302,25570,62490,25166,04244,36124,11227,58074,09313,10405,69017,61439,41156,56242,47048,85185,57199,15238,76638,80607,34034,08502,40330,01457,88376,63055,17244,12191,82195,24468,78647,28175,17192,32035,39184,80383,54413,64110,01145,62762,02379,17185,19121,37254,34079,2A040,38150,55067,39207,13103,52043,01263,09018,17078,50167,09110,72062,51056,76094,26317,47194,59330,56181,01415,62371,89283,58076,39502,47223,02173,58238,60319,55267,2B243,87083,34311,14078,51436,21583,84090,72112,64547,17364,76712,59079,78575,38444,2B267,67176,81290,02234,77249,62381,47264,54461,35109,74096,02759,08045,60252,73294,24137,36177,17470,74145,27349,03169,2B299,59354,34090,95628,04031,47227,55256,60458,56069,86074,40206,38509,53253,06083,58215,57284,21549,81144,26290,69021,26089,51294,89150,40085,91135,38366,80083,82028,47063,17276,16160,33221,02531,25086,31470,57177,38217,60507,46080,64201,29208,34249,08236,11436,31514,45224,89426,79310,60236,01441,10143,24577,89310,90083,06074,51370,66021,50478,14380,46114,16232,85250,62737,39400,19066,61371,41273,29260,59601,71231,21597,21069,32250,2B297,27187,81248,62402,67290,27518,21679,24213,71373,07081,76076,40118,87069,29262,77050,77300,39361,70165,27383,59210,10166,53192,23232,64153,93057,73168,39053,31290,57572,70552,48156,57546,74223,50594,37066,24043,11257,05012,67466,89221,19003,16306,21124,65044,45051,54082,57723,37103,2B095,80057,46037,62334,35040,57630,72281,01092,19234,01306,06007,06091,09184,39138,29113,02118,97231,89318,27350,25162,64390,29236,81230,69196,33366,68042,63419,37078,01368,16104,10368,14290,02038,26179,43079,21095,70085,54039,70339,72330,40228,71387,25404,30276,01247,17336,60116,62848,53036,57119,32293,09118,64385,41067,36198,73227,07185,26017,77518,10184,04088,60454,36049,11146,11009,24555,39112,13088,50347,31002,88474,10301,55344,85083,89063,26006,45209,71504,08310,39426,39051,91022,38259,58182,11134,62596,81145,63176,42239,14193,90036,50473,07190,46230,57737,80380,21704,27700,34263,25495,69209,88173,39398,62256,59017,45156,29015,02413,2B074,56021,91393,86269,67257,88399,81179,50522,24094,49306,50210,77103,64417,21645,78050,62280,25449,04059,65347,69249,78265,61138,21275,14439,08357,94074,16151,03236,38539,64438,52169,49347,51630,47306,76754,38263,2B013,23245,88386,70018,22141,33424,01170,12091,25087,27200,62793,47011,21619,94043,62313,82069,29082,89170,19276,02054,31060,43140,35086,57372,70359,10147,42160,42181,21610,52085,73114,02464,66048,64156,50541,54032,55122,10263,42120,80521,39535,60536,62871,01023,62643,19251,54080,52289,52069,25281,72102,33372,29032,31436,04120,31488,01124,03150,36229,25299,45264,55120,11394,86092,2B183,52440,33542,40167,12140,73176,19206,60046,69165,36062,64508,88260,16120,76070,01249,38363,68012,32424,01335,53152,51589,71553,33328,81019,89020,49283,66098,21009,83122,28368,16068,79135,51150,60521,71321,80570,51318,44145,62092,30211,17100,81264,19178,42035,92036,2B034,28403,43003,77529,68280,11357,41286,60703,55503,57341,27077,49188,08143,91399,84093,01280,64195,07268,42165,17004,50493,87187,89009,79124,80208,52237,35291,14197,39389,73087,59572,40315,76317,53089,31356,2B361,26261,21259,07335,21234,60145,02441,46170,80195,30324,07059,59150,21575,68330,13023,28380,31019,16049,2A144,93027,76658,63148,2A108,02608,24269,65114,32303,50076,62399,81101,37107,64431,57174,43214,17172,01012,14437,71332,14218,10318,53093,71345,83138,51199,32087,63282,02727,52456,31213,77437,64271,14005,45127,54149,55366,60176,18044,62151,76327,08020,70167,31577,50512,95323,69008,18033,10065,80646,27249,18049,21386,66111,24360,17032,27516,62838,27420,61081,29255,78506,64014,60473,25015,60207,27426,51059,27396,03008,89186,71421,76396,45300,19255,70057,27392,27469,01195,86069,59215,58047,17194,12107,01425,34065,63410,78202,87142,54365,38485,39060,51600,37193,39550,78557,69113,58302,76511,87168,18107,77078,70559,46235,36209,71120,42015,62904,84062,2B321,29049,2A014,89393,52102,15129,12043,07129,86150,77250,62573,52130,27589,71061,18284,19247,07024,51230,53271,22285,21698,50335,71142,40326,02734,51625,51496,68320,15033,15076,59303,77253,58173,24276,60585,16381,33348,21186,83088,03284,62419,12071,34150,07171,40019,62221,21371,01076,54402,01231,89089,18069,54481,57440,31431,35104,51515,27193,46013,11102,59379,27163,03143,95680,63196,28007,09159,33502,14394,84135,87199,61267,62331,59595,42249,77469,52228,57101,32070,73122,09134,58253,31368,27028,61360,72093,62325,39105,16105,08013,83086,2A022,57525,74019,87082,28183,89042,61217,70314,15057,28185,47258,02079,81321,64499,54571,34060,62451,57136,55244,86213,48153,80523,43006,01320,21542,17041,59426,08486,01108,26056,88148,79128,76385,61472,78245,29042,87131,58092,67445,63050,56188,68242,34220,31111,62063,28389,83075,41276,38561,62820,02794,49161,67112,16341,89469,53062,21696,09090,77357,51430,47113,34296,21197,65283,85280,14009,46108,87028,11325,56225,39255,33416,54031,70036,26097,32203,04171,02399,24234,2B227,10387,67077,08144,56157,11194,25411,27267,22182,76380,57612,42280,77427,63406,77321,39290,36219,81228,21099,07173,05004,50626,49362,59657,23203,78117,67287,45040,59113,59606,80435,08099,67412,80812,18269,02569,37060,76176,50208,70317,77093,33510,47189,06041,38343,12009,63010,86087,31338,09080,08346,90007,52076,45170,38308,31364,68194,24144,05061,61390,58217,26065,64519,11263,31127,87062,45166,18165,70204,17229,62217,81306,76472,14635,72041,83059,33318,60583,39543,46133,89458,10262,15061,02788,51174,76375,29168,91045,46320,74295,44094,73006,32437,72017,06082,73054,78576,33378,50509,57428,49336,85288,62867,66156,55575,93046,73025,26100,70294,45135,26188,16241,65128,21340,01421,80433,73007,58045,64294,30212,25355,60423,08218,68374,46058,04150,76486,72177,67154,50643,63049,26164,21147,61459,2B218,13064,2B106,22042,63082,15072,63450,54363,64099,06012,11196,11434,74021,57324,40090,38521,24022,17228,56018,11186,60219,77472,58009,10380,43060,11202,66019,21510,71402,71541,79089,39441,13027,55045,60151,39261,45076,21308,66147,25631,22166,60348,86090,65092,62694,07141,66016,27147,52459,81061,02634,21594,70244,88045,52189,88001,31125,02570,49267,59505,82045,35033,11341,13021,89324,60287,62494,95604,49338,62218,42020,21456,15247,51443,32460,34227,71073,71244,89125,31337,64251,08156,85292,72267,84064,08158,29023,52167,57597,49329,82193,02719,33251,62768,79355,88227,37111,79284,25487,62174,16035,14374,35172,39040,33127,07248,10338,21082,28305,08160,48071,08282,04092,33149,27587,27284,40212,66222,12150,08324,85295,22075,71185,42318,34089,25029,68085,58243,13045,44139,72171,30043,61316,54312,27570,43084,03081,50156,89406,66012,95660,2A026,76726,59106,49246,24119,92032,90104,42195,60054,58162,32267,84061,23015,60296,52455,27181,57331,72329,61447,22364,2A021,87178,71507,2B337,62178,76679,28026,59425,32167,70402,07052,12240,71543,10218,52321,77489,06094,21463,70044,50049,15240,49041,27098,62843,05017,31172,18276,47226,28153,45218,59585,50599,25180,32205,46021,43217,21419,13028,43149,41130,59338,34074,51369,64016,63466,11002,58191,62538,68248,29013,14426,38401,14468,14364,03190,17432,62213,52432,12019,57588,60646,51060,26082,77292,77313,02213,91578,76208,71104,38206,49029,71404,22240,71517,37184,29047,24532,01435,41121,50110,63362,59209,62875,80223,54154,90074,21035,97121,63310,58129,36246,10308,39239,76011,93062,66216,23133,87129,09234,85179,27630,36127,62315,09244,25127,27016,27488,62143,80258,73324,58194,42085,27325,52115,10024,50025,02032,55232,59372,39489,60248,23143,19157,33132,94033,53051,63147,13061,33170,53224,60408,77255,72248,01080,80165,51493,03042,54460,39008,25453,02602,39455,09262,2B016,74297,77327,48127,15172,39430,49060,95656,86211,67080,70520,23182,27343,88205,19174,36094,95280,67008,51388,23032,62786,70576,59275,72131,24513,40116,50368,40264,63432,19170,55265,23140,43010,51179,16168,10401,59599,16048,62618,55377,11106,74213,23017,52197,37211,74156,94028,27338,58048,74131,24162,24486,22255,60589,21675,11170,80121,26251,81274,59278,27242,64060,53267,77395,72319,59128,89084,27684,12116,24067,31295,68094,54136,45281,57329,41173,80137,61392,77109,15138,22156,38089,72381,29117,85003,22287,11043,62555,30329,01308,21077,02245,63271,19065,11229,33269,26156,27218,59104,97352,02217,51326,26285,97422,21440,62457,33394,02069,48175,61256,38270,02110,40248,18183,25483,57479,55436,40201,14069,01113,23081,39025,54339,06101,54364,11240,31180,58180,83044,71079,61294,16153,67386,34321,26215,08309,57589,62736,50074,71224,52390,24472,10268,49310,34008,63293,26062,36174,72225,57191,66074,54494,45164,31145,73259,97605,62885,26127,51398,29140,65400,52172,11165,77142,70062,40279,80584,62044,88295,79210,50184,72157,02557,14687,76257,65431,65190,39134,80603,55225,35152,17186,80306,11068,10141,77268,02440,50082,35089,03053,23149,71117,57126,21230,68382,80576,24148,25467,34268,88094,32330,38254,06071,95493,39468,70122,33131,17102,64307,62645,87182,56106,72326,43170,87130,38425,39538,31367,71287,60180,33523,63385,29133,15203,27493,34335,93053,24069,21681,90101,30283,69126,77276,61068,17116,80804,67478,62319,39153,12175,73241,51017,17009,67032,45025,24057,76179,29220,54098,65412,23176,64160,30233,03209,57578,38460,89094,33207,73090,30170,05134,02056,43169,44046,64546,79147,39119,01090,69099,62328,08168,21111,67286,62834,02353,54029,40050,14760,33056,07304,80713,19177,49036,37198,61150,14735,32232,55335,57218,36071,46034,63311,71238,64123,54230,24006,53099,91114,63326,2B045,04132,63400,72088,02402,37055,67409,34208,89165,30055,63186,77409,40235,27130,87050,01078,87145,09062,38446,32357,23067,15063,60575,60119,59228,34134,11261,79308,37197,10438,88129,43041,71090,78337,02533,21056,57753,22373,09319,63353,39203,60336,11281,37213,37168,50008,62144,54440,30302,74100,60310,31136,64400,25552,19243,51632,91634,16359,52194,46098,2A035,39146,57178,64107,60581,35252,57446,02815,02712,86038,32144,87045,33420,34192,88051,62842,37171,34196,66036,15256,88517,54525,76343,74305,72137,64434,18077,21222,53164,42143,88488,38349,63135,24210,16337,61482,11389,25320,46233,2A158,61502,48086,42115,65376,47068,88497,11402,62553,30178,33210,62281,10342,80076,56172,02063,32133,71441,25536,76350,63159,67228,50182,10176,29173,60511,72339,89208,32031,37113,31326,12210,02735,48053,64524,02754,11015,57442,31477,19116,62326,58082,17112,16352,06065,63079,53077,08375,34284,89245,25092,76750,50479,28154,48063,35208,25096,65025,41215,39293,72161,59290,49358,66171,62277,80639,71484,64019,94075,57627,79274,51353,04207,35284,39266,03235,70014,59088,67467,18166,59050,65396,72174,87109,51206,29077,30327,63339,81169,83038,15067,41149,31371,58289,55288,54517,73083,60374,32241,46132,71208,58311,45157,57071,17029,25427,63092,25374,37087,05011,33486,16025,14174,57227,77110,95014,10037,26032,01257,10173,60480,62445,26031,09318,21612,43183,19186,89256,89224,07349,55572,62100,24316,47027,28059,56162,16141,85291,35338,62752,60099,19043,38177,55479,34011,19039,64373,14476,77138,58210,17154,02448,70408,53144,24349,03319,29289,29207,32131,58257,65466,72028,50447,37160,59005,49343,07298,19101,83151,42119,58293,60234,37228,16190,80460,33428,26148,04001,91080,2B020,59028,19082,24261,21254,88266,38459,95690,69121,54045,67540,90053,60609,21447,47126,27407,52403,64458,27062,67310,65045,88419,33295,18103,19108,14366,38525,73018,76088,17011,47186,05062,72343,02407,34327,46318,24167,80477,62528,67075,72331,72107,76075,95254,05108,65430,73074,57278,22003,61503,58139,40301,59440,23191,57317,67189,32127,65078,72228,60098,84071,51084,25062,86196,33527,47168,52222,03250,68254,21491,88516,40317,11321,62320,88022,21212,88293,80528,51160,85081,80735,62652,97133,28144,29070,57156,89190,85020,57603,10344,86046,71035,39576,21146,76746,27081,52090,62273,49022,10169,50033,22266,29158,22369,26160,61039,21538,05092,63008,54478,67082,39157,81207,24413,73299,44129,77496,32149,18257,33382,63291,47125,40223,76613,09243,74124,21520,09139,38429,78307,22251,42106,22178,88052,88491,56194,78586,23253,74194,10158,86191,78185,50482,59407,65237,63191,45329,42228,03078,60294,45284,88091,28237,60638,47069,16260,77177,50525,14658,26155,43233,90096,59651,54202,02143,2A249,57370,51599,67210,57374,85303,77118,56257,34041,63035,70072,27436,42150,76101,59382,54138,68118,62726,10429,54568,77264,31008,14282,03020,25502,52055,16106,65397,07085,52388,19171,43002,25196,2B155,60047,84133,61214,80088,77524,87012,76478,18236,44090,26250,55552,48151,08086,87189,61066,60115,08233,02274,62893,15122,39428,80740,10236,07028,14379,86173,07072,88020,33216,57092,42276,46339,95462,21591,65374,76591,43154,89133,11111,14758,2B280,49298,35145,60512,24054,25454,57439,63047,51609,42094,61036,68184,89197,11203,91240,51103,62613,59529,19106,03187,90063,03308,73152,02061,54105,50488,65176,15236,58268,68099,88344,08151,23008,71023,53238,2B241,36161,14681,68253,27391,80340,54221,63338,37250,23193,41185,21269,51066,02747,68273,36185,74066,39073,64289,62452,02087,01337,61053,66179,71582,32405,03087,54601,25428,40291,80377,58278,02596,57767,78263,30143,65391,02335,74142,14664,77180,53161,17360,71580,60114,68171,40170,87066,30307,25119,86041,04094,52393,41031,01103,57283,78281,44122,52514,08172,42322,12222,57236,16166,12301,34080,74111,04241,55066,22225,70460,33222,38298,59479,24279,89055,14226,50207,41178,88484,15027,16379,64387,54412,76370,38337,01267,85045,67149,74141,01043,28213,38426,89154,71124,35170,30308,47075,52134,16416,62308,02328,73187,30108,55560,27310,89167,76756,57245,63089,26278,11258,02187,19278,25077,60110,64239,17219,89248,02752,37058,29126,15162,52446,43134,52512,30121,76119,29240,71240,17295,40078,85213,31588,68295,65150,62089,11433,07328,67415,22185,12305,43257,80245,60092,21021,34337,71549,71130,38553,70502,97416,11409,84033,80507,67442,89445,58146,78334,89302,06049,38342,70035,95476,90094,21175,02146,26372,03178,28223,25310,81164,78297,23220,12160,02284,65253,81075,43109,21490,45122,03188,46001,77094,02287,69208,31321,77187,95102,03006,66109,87118,06056,57140,68043,77428,01187,42117,21281,38183,68072,45120,57002,79150,17104,95078,60100,43228,31073,45223,91421,65168,86272,13044,76097,60225,65352,45119,95176,17072,29085,01279,59558,08255,71499,49183,53045,27063,34156,21240,36136,67265,77127,41093,33036,25177,62515,16373,51162,62404,80280,07083,12145,62610,65380,30132,11081,51135,12171,57690,32027,73303,14667,11103,44020,10031,79342,73304,71522,35136,65425,35290,52135,35217,91186,64335,71515,19198,34292,58183,65079,59006,35162,22072,57296,40063,55404,25634,43225,12101,04017,2B318,07265,60683,31478,39325,18024,87038,55034,2A031,32185,95058,76221,17349,05050,38399,54128,31331,86072,23237,55002,65194,17064,32083,73255,80814,76213,54151,54167,31288,27323,59466,83009,33319,88502,35139,39381,28281,47018,57258,79273,69240,18117,74307,32423,31043,24138,52465,77370,31219,67437,60392,78465,80085,68187,67421,89220,03110,81259,82003,22249,95116,25559,71161,27067,38295,08281,18073,64300,61097,55481,57313,90102,60194,77041,77476,44035,45277,88300,18255,90061,76233,51555,58136,01219,19258,71579,87099,10211,76287,52513,55577,88157,52249,41122,06123,80384,31048,91573,14651,2A141,25591,33043,58138,15192,14245,57122,65451,65259,47269,47163,97310,60089,06048,74106,70442,60625,30338,16075,24327,60297,33352,27595,04040,29160,07123,33522,57660,24320,25103,61379,80251,43124,01121,78096,44041,54316,55322,82095,57315,37089,34010,12182,34190,18262,29139,11432,18017,05070,27649,17311,11235,55556,47119,69200,60215,71139,59153,19012,28350,57035,65010,67120,21261,21564,59638,17486,67159,57041,88175,70172,24070,57196,63227,32435,02052,18201,80475,65421,59224,80495,52027,69061,76147,15112,60186,08049,11065,37173,97104,84052,80359,17414,16112,80325,74183,67179,25418,94042,14540,84059,65048,97417,52397,42029,62302,10034,23138,80555,09025,21189,82189,26338,34028,69161,62501,72189,2B052,14756,11107,57684,34033,57674,45131,51266,61252,02085,08434,39360,32345,87092,44202,56034,77196,38499,71198,11026,18258,41258,54542,76689,62516,01064,76232,38501,89411,71274,80742,32206,29115,50384,08083,65309,28118,18142,21294,25313,28141,89282,55372,2A186,81074,65281,10320,54166,23087,07150,43099,33316,69202,97117,59183,67195,74148,43189,45038,43126,35075,80218,54020,46272,25248,66155,76420,69090,33396,77223,57380,40140,63388,45124,89422,77018,30216,65478,21198,62317,80490,84051,03036,28078,07262,74301,25305,54522,09007,71009,52528,21608,58087,44163,65304,32270,36156,70455,06020,61349,28321,01045,24335,46334,40271,53087,89024,23104,62034,34307,24543,57382,63130,55141,28400,34230,37143,63021,17415,43254,37118,53108,17323,51279,09054,71261,53242,59199,60630,37188,72151,42234,89058,2A131,06137,09073,81299,04136,83058,41150,21569,2A284,95388,66133,88189,57398,31155,57265,59562,57536,22186,60482,70372,55328,67327,57554,73059,78439,21450,64315,76364,56103,59462,93072,28239,67551,77459,21081,27201,51223,87104,46093,39191,16223,28128,60273,31196,60404,17207,35138,45242,33552,61303,03093,38044,52380,29174,27554,89086,61264,62052,65433,87169,28009,88127,24401,85008,77090,39169,63045,49099,24008,07189,50278,78009,25243,02604,57138,85289,37186,22048,02553,25053,70136,02587,95611,55058,02812,89019,21429,51129,25360,70100,50315,97610,80092,54065,54075,67358,54108,64363,86078,51479,41131,26122,11247,85302,64059,64243,51016,46076,17374,63439,77167,79293,92012,2B304,87205,29008,59516,65213,69040,72266,31187,89364,11306,63062,76534,21364,25031,60487,33164,24526,03108,35029,62592,58148,60060,51457,97607,34245,34111,28323,57618,79239,60184,57244,02424,10093,34183,78278,18249,02193,29285,16425,32273,39173,60298,55349,02832,65021,33454,33224,46146,28407,40120,92063,24048,31212,38252,28225,55307,31483,02362,50241,62580,31306,27337,19288,02027,80304,59214,71443,64173,60229,64266,24437,03025,17283,25269,57064,71100,10233,74159,50046,02184,86003,65265,76728,16090,04070,80256,2A282,85191,40129,91159,80422,45335,07145,72353,51472,87206,62780,47120,67181,50417,51620,88002,01294,23079,33304,89056,05019,76540,79012,19135,21301,88271,45065,33029,06029,22057,41198,62212,06072,07272,85142,35266,68334,24353,57237,29175,33024,82092,02216,16217,30275,61382,47232,56149,38161,02465,65349,02215,79069,03118,71333,04096,35300,62440,03232,02088,33147,30295,90065,50021,97362,91581,64518,17201,95527,04180,41114,16108,70082,61209,18154,52473,35191,62464,51337,68201,18055,51578,82152,50032,68238,45332,54504,65236,45014,34295,57032,45325,16142,40329,30319,45039,94053,88232,2B109,95039,2B365,10441,10075,21280,76001,33274,66054,02117,42194,02305,76433,14160,49174,45321,39408,39487,11288,94018,50624,45207,63208,14166,08147,34123,04160,93039,14480,03193,56044,35092,61048,38188,31096,60134,33326,46221,48015,21496,16414,09213,16194,62594,30003,76458,03124,25251,34322,65115,52141,21568,95268,59400,17381,76488,83132,48044,62907,38042,03313,55247,82043,76028,21057,45228,55395,44180,54317,78588,67375,28282,08256,07313,31425,58168,58219,63214,82111,42170,18270,76363,81176,69078,31484,38500,76672,38476,62607,72019,36065,90039,45079,31224,19037,54281,33087,03168,02433,25216,38310,39211,17358,57637,02203,85305,39171,91533,30235,68225,65100,62872,38462,27447,79259,87002,17467,2A197,33161,03248,22107,30186,41226,34073,21702,50461,71286,89405,54035,12004,07242,10096,54130,31142,55221,25571,25588,33534,33057,31538,70045,37076,40046,05023,2A038,68321,14229,73012,64033,90002,17166,72127,02319,87115,26363,51396,25523,17197,07333,85274,72230,73293,85016,38180,74157,57499,60492,03129,71497,08491,33471,51594,31339,59664,22361,78208,39345,60556,42043,11332,63011,97602,10337,80647,72194,24192,17065,76300,25494,62684,17048,14125,57396,34231,31324,67261,31589,22325,59246,43032,57478,34340,57308,18157,57043,08419,03247,39518,31123,83010,22250,55347,81110,18149,2B140,33002,17307,60146,88218,53235,71395,44021,62372,79056,80444,64127,42339,53113,05057,80440,23247,77378,11074,16295,56042,81025,77247,17240,66210,62441,64093,07329,61178,27448,54131,58171,2A349,21193,58127,33373,70399,01198,51319,07062,27625,70387,76152,10439,15030,74126,35197,71292,59201,52181,09032,32361,68265,72208,17347,15184,70220,52160,86202,26302,42157,07288,06073,39235,47002,62757,02709,88294,25139,49009,81285,52221,04026,62108,16372,69001,57173,54099,76323,02456,10013,57298,60481,59456,06075,47082,36157,02010,59542,32138,57533,11385,69070,60179,80136,18178,62633,70158,67206,60457,02002,40217,14190,48107,38516,32028,32258,76448,44192,71574,27025,55042,65419,33166,58120,38328,54030,61453,47076,16394,16076,51309,11284,37159,71546,39118,76428,28375,60001,26331,72223,2B315,28382,28253,13106,56072,21025,70335,34266,03204,08197,16279,72328,87004,24531,76745,51275,64407,59135,60552,71241,21008,10010,51282,02149,11405,09175,24271,46202,93029,70262,57730,50452,47122,11252,41189,79309,30227,72231,41267,62137,80578,60268,36004,17315,69022,28100,21273,62570,94055,28419,63236,78545,04236,31353,07229,61358,86258,17125,07019,63429,93030,07316,13001,14003,19131,57760,38169,59167,55181,56182,88498,40072,33081,24251,50222,64061,72229,28270,14163,57222,29176,60235,11191,41123,78417,55046,31207,28235,41115,63190,43113,43062,09207,09203,89072,40322,91376,60484,76005,27475,57290,57707,52332,57311,85234,53034,50612,85167,17476,86184,33337,45055,71506,2B125,94070,28178,31177,61490,64268,50288,44185,64273,30148,77480,62231,08107,70313,04172,73326,2B075,30210,62446,30087,22320,72179,83028,27679,55276,84014,09223,47128,23263,25194,56212,64291,67484,85247,27302,19111,21208,26305,95594,57518,80626,51101,21488,80334,51253,10291,61005,63464,80064,35045,54346,29107,54371,33047,41050,62631,36236,82071,40166,22020,64413,35289,02814,52304,61078,31456,09155,97214,89201,57743,35095,17480,57277,33451,66167,32219,64437,10067,71391,60293,27465,64182,42028,27668,67029,2B238,08057,70515,02309,77331,28365,03046,30046,63120,77517,74033,76519,08280,73049,21221,72038,60329,17158,61323,02664,45216,11241,31491,34068,65134,21048,87166,32316,54028,70180,39126,55255,02371,21068,62382,22307,72199,57480,40091,21158,03023,08212,55494,54067,94037,52072,02109,09218,72071,85025,37138,50024,12287,70453,22263,77106,88362,24454,65098,67414,77279,32182,42296,21415,44213,28405,72051,62004,91223,67511,06086,80423,68285,62766,14228,07070,19045,81083,80650,80431,36197,45232,07226,46008,2A062,01088,07120,62421,80684,12079,76469,37140,09254,32041,09323,59085,60595,69259,12223,76244,36092,21690,54484,17453,39026,31239,74112,60647,21528,32235,39429,60133,40022,10145,62816,61414,69252,34336,65217,46280,80690,21448,05078,36051,35105,70024,17294,28024,19277,61321,15158,36145,02668,08150,37026,82148,76703,35059,42311,62272,88192,89240,68269,86280,12296,60396,62651,32110,79042,28008,45257,81026,57620,60230,43009,38495,50130,32215,94003,33301,51655,71308,12295,15116,51395,80116,55291,55036,14710,26348,14173,64382,58154,74292,27347,64329,17106,23213,72296,25099,47294,02244,46159,24134,55541,10235,62476,24002,11412,62647,67477,60370,63099,28393,25328,10222,85304,03033,04206,31410,64104,63374,38468,89054,65329,26309,2A127,31027,67137,81087,63459,62841,80721,46148,54581,95450,63213,91599,31100,34343,39174,77455,57385,40234,05156,35108,30316,79086,52198,28103,26064,39018,95218,06063,54189,64166,97219,61049,34184,58095,23218,52305,67458,60371,59316,16121,62559,64102,12051,32132,52542,62453,81181,24111,65415,91075,25413,42313,38117,42044,39373,88530,70087,87007,76236,79216,65206,50388,54043,88088,03083,37099,69102,18204,68303,25223,17324,21171,73211,57342,39388,68192,22347,52164,63052,31563,22358,52349,37093,2A118,37201,86247,45230,82022,25065,62565,32246,31044,67135,24376,67461,64087,24395,21466,14252,78674,67522,76199,01255,62401,59627,88246,59594,31221,45348,09196,60667,21181,09099,84097,58033,31347,64144,07291,88159,03240,85067,08252,11331,22126,37013,16354,21219,42235,57510,14102,50277,16046,11265,77369,57142,84100,2B342,80224,82100,21614,64108,17208,55064,60615,41028,02439,58265,57731,37063,41225,71388,30068,73221,25520,78227,23047,51042,79177,35316,21040,70577,51036,47043,04062,58032,64070,65111,56140,43252,60387,80651,50147,41139,59042,62700,2B208,59107,50299,54540,56200,64142,90003,02180,26266,89295,10343,41118,08494,31315,10374,88495,21049,88251,87046,33061,22306,80247,19112,18018,44159,50582,76456,82025,22386,72338,77216,62744,32061,76609,39091,71137,02421,60674,38330,43056,27075,35042,18230,11001,04053,60640,85015,67027,31222,02279,33243,32298,74002,88385,31505,64393,36119,33014,39240,86123,10100,97312,13050,92004,02364,95682,39301,48177,49235,86177,32338,25109,55262,70206,51163,22127,34267,34098,09077,15128,28088,03215,44103,17253,81159,33518,46105,2B083,09229,31068,51248,57224,58169,41219,62763,16275,06133,55095,65148,59161,02773,54595,64025,80632,85260,55119,34338,61237,31079,85197,29063,80179,08355,07201,76059,16114,70296,57200,59526,85231,28188,39528,50246,76126,76202,54243,16374,03206,76177,85036,16127,71493,81033,28021,89347,67026,47145,85035,22138,31458,47304,10393,18045,14059,29035,33325,01181,50268,42105,76695,33350,2B029,22155,63472,59086,76503,50041,72386,12044,88279,21115,87090,62248,57325,16158,02762,2A247,12098,57025,24240,27320,77099,72289,26175,76457,64339,32094,37037,03243,80397,35024,76286,81309,21461,88076,57213,77430,11299,03290,89041,55466,59512,77136,52246,35195,41182,16292,2B054,25003,19158,72016,70152,14116,25275,12274,77441,80027,36068,88262,58288,61199,85050,02134,80443,21285,87033,46216,46090,38249,85296,34005,43031,73268,18216,10314,70349,50502,37073,11220,62735,39372,16169,32409,53104,53147,62701,73262,85117,59592,49371,34170,51097,19271,81069,59207,13202,21503,14084,59056,54055,27656,24366,14127,59411,03263,57677,71214,60251,66129,88351,76683,2B179,15022,32319,01101,25063,80463,82180,69281,50400,48094,2B333,71490,57750,75105,28136,21330,72034,44005,21565,39003,60118,97215,82116,31047,25005,68011,36180,47216,55079,02552,54374,32130,14064,09304,07244,27278,85259,71219,68023,88430,56255,17332,18087,34114,19008,46335,63198,74079,10234,22094,23169,02803,44016,11269,36192,57740,63173,39097,48069,04006,62665,41248,86181,02171,79058,30103,62819,62125,64298,62142,14466,27432,13041,57105,21091,59190,39577,53124,32356,63063,03208,46167,68318,14337,58050,02124,76553,05010,64290,27202,12008,71289,88254,01369,95142,40258,2A308,65319,10253,57248,76731,41157,35097,57075,41091,39412,77143,68137,53145,24448,26048,63461,13035,50225,49011,47139,31516,06149,34036,21411,80022,27011,88440,41224,60584,85214,63034,70285,46304,30342,26118,44141,76450,02515,46057,80782,59446,54596,43026,60525,74185,33082,50444,76183,88368,36181,86250,31412,62560,63132,51628,15262,51640,40147,12273,55224,03234,08148,59334,14130,23206,67398,11283,30229,37150,22175,46111,27474,76298,41029,62664,61425,61273,31217,18289,03105,65294,08185,21412,73116,16289,87037,67449,76498,57209,17137,33403,31057,25038,65355,76057,86265,23238,51604,17076,83061,15014,02172,25459,02658,21390,79204,65342,52445,71258,89390,54344,58132,66108,30337,26195,60402,17012,74116,21527,02539,38412,32204,80140,76024,25329,39420,57747,46316,67196,76214,84058,51531,39421,27312,42023,83073,51093,77011,67034,13014,80418,95002,72219,57033,27003,86091,66225,84017,59339,03287,62086,26273,44125,05036,73084,34064,42108,69245,40256,08391,58061,79277,57526,14101,77282,18264,62122,16406,59226,21085,02538,39285,26060,51047,91587,39584,02098,55566,71337,21332,80095,01138,26159,72370,48181,70421,46185,45302,28221,79250,31293,13069,80236,38005,63129,25501,08499,35302,10394,30124,89062,37257,13067,31325,61165,59089,88315,51657,2A191,56174,25361,57187,15159,90024,33277,56214,88277,76015,27605,71204,02624,35362,81117,11221,43213,57102,18124,25498,08008,57487,62796,45017,71468,76555,60211,63097,54019,29238,11388,52063,54351,16331,59333,60415,59631,52004,2B236,25386,88417,07154,60167,23162,04104,74177,13042,14579,06120,37231,2A200,02321,64531,08471,31380,52254,2A362,29274,61475,21682,14357,56131,80099,60701,69091,58144,32264,21707,62620,45288,65477,92025,21232,35327,60259,52544,62674,29165,88102,14012,21020,76443,33044,11347,55297,39185,50060,90081,09142,80791,51368,12200,80756,39423,40055,64338,64388,30209,62296,38392,23265,10076,61051,61238,60557,34063,38433,50430,59112,70319,50589,01277,69138,84148,55415,32220,12094,59059,78276,35121,89337,57065,22052,33515,89203,82144,05158,58263,09264,35116,23188,25426,68286,29028,76702,51082,69291,62692,78416,89298,62537,11318,17309,12183,31283,02050,02261,51087,11245,77343,46096,38470,07127,51085,87095,78146,58197,62790,71403,33548,78123,10427,76342,80284,59481,65318,31562,73070,80002,84085,51306,76399,91617,10028,11137,82146,31059,51644,80294,05032,68381,26033,89348,02679,77405,88092,42164,42213,67435,42299,30269,32102,73232,57640,77310,62075,47210,51539,79179,33262,57751,71002,17388,24001,85046,47051,47032,69049,67129,14117,61370,14410,26339,43185,70251,59263,70038,59482,02606,84023,89045,61190,08428,11011,53002,86299,27652,71440,50446,57555,32153,24182,65240,2B309,12251,39057,22337,80592,57590,72336,58193,19217,10198,48110,07156,77387,67092,08096,57638,43111,82004,09194,80487,48029,08336,35308,61176,67491,12261,72224,31291,59041,62649,63157,38290,71539,47278,27419,16199,71234,59269,15133,12016,40132,2A119,45061,47008,25369,62216,07040,62215,05119,80809,60121,88174,72354,39221,73205,05101,51046,79087,03057,17319,31173,60673,56244,49007,22195,32308,62045,21479,61086,01351,54566,24085,08232,85098,56006,60531,50270,04224,54242,63415,02015,01299,25622,17010,51227,15098,24034,95110,02633,39473,54036,76557,2B199,46269,56137,89307,07212,62519,62285,28184,15217,27701,65162,62025,88273,46306,89334,30354,45142,65040,25131,10307,38141,61166,27110,66105,61363,77037,77102,57113,25535,08311,07217,06025,14232,51624,61071,72276,19204,37090,89127,88120,14122,11073,08190,16103,39494,68255,69030,03278,52119,59134,27129,85095,60619,03055,80349,40070,72351,19192,36226,62855,80620,51054,46063,09212,24294,74004,62489,57704,55510,14556,88464,42062,39035,51492,28394,03212,52006,70267,47325,12280,09161,43020,50437,09236,95149,32297,74165,66009,62794,35019,67296,21694,43053,27542,80331,32151,27127,45276,43024,51447,70466,44143,54179,62895,86165,77308,68312,54251,12282,30277,63166,57202,02408,19074,24050,57493,10044,21164,25309,35008,47326,26268,88165,83124,03088,58298,80808,64168,25529,32229,54121,89321,27104,16225,97614,62316,28142,81202,65334,02255,67231,87193,17259,16059,30084,76402,40205,85110,23154,56082,38530,30002,31389,33102,52282,87174,54396,73091,37067,25595,28269,09050,77485,54338,83080,08173,52394,02251,55105,08017,47251,94067,71548,28087,61400,27321,45341,77442,59221,71532,68349,39196,59205,47245,43144,23073,50112,69029,65050,52247,58110,80484,51203,55504,39159,15059,89440,82055,32422,14575,76575,80321,59487,50442,08153,35082,24264,60437,79157,24035,12163,52200,66024,66177,60010,61324,28074,61075,60066,38554,12083,74078,76180,02322,78165,72193,61060,2B012,80472,37264,71280,45305,67490,2B231,81036,65083,38063,38309,54405,64297,45269,25073,53106,32300,91495,88310,17182,25522,81129,52062,22002,65417,21274,21670,62775,17043,41106,02527,88177,38307,72120,26139,38518,27472,59158,02209,63009,59522,95555,67351,33353,67341,95295,16145,34092,31297,53055,43212,10195,11118,55498,16180,02780,71326,72245,87191,77495,54513,86143,53188,60255,42155,25240,76642,61302,26199,52158,55258,40285,30042,94080,91284,54014,66121,11085,10054,01199,72294,26080,72270,09322,02474,06011,58248,62224,63272,06155,74219,45260,80032,80126,18211,56133,25553,19250,39129,65404,31455,08376,59318,86098,43196,26198,21096,67392,57335,31377,23146,57459,35140,28096,70249,88221,82162,89483,68329,12293,62343,18189,32018,81088,80272,28256,71510,56025,22302,61278,13012,77206,40306,61074,60232,62410,22304,27012,18011,02397,62246,52216,59497,25408,11439,88213,39317,45306,21080,52245,42269,60597,40288,79132,63358,09239,23201,01412,54392,35062,76427,59227,50176,63037,51144,08058,39418,54289,33545,12167,65196,44106,38317,05165,56207,35080,17039,76487,77165,80456,88160,81023,30033,86233,08063,55210,52146,02169,52392,09208,54135,16205,47023,34021,69290,63139,69171,71525,69271,31052,17224,24306,61193,24361,45118,41048,05183,74094,37053,77010,65248,59272,67536,03056,17018,67381,50259,80625,45334,48131,16276,03154,21397,59053,64347,25444,22286,47022,61052,55183,65220,60631,33209,32412,77146,21047,16040,65132,90031,06160,40320,28214,59211,64197,39028,02403,42237,81037,73149,59279,31421,52493,26051,61163,68241,89168,35203,62219,50567,08154,88195,80547,60254,61230,16036,21216,14043,63192,71172,41216,21687,71528,76259,71465,10073,46294,65256,24390,60332,10381,40114,91441,2B206,80753,72282,22041,09123,70535,59163,91514,61050,47065,55369,39238,71192,34326,38318,21418,80403,80478,38419,77457,57444,53074,07193,02227,82140,54468,07277,63212,65081,59296,85112,89316,27231,14506,81002,04181,59058,72293,12178,01439,14306,02205,22238,17273,48008,70179,62304,81124,97114,32053,07270,15190,55422,36235,31405,30330,31417,76739,67188,18242,01200,65208,87167,25126,02609,52310,08416,62818,53249,14111,31170,89462,47274,02419,31266,70503,43198,17335,13065,82101,59398,29076,70506,14460,76497,85061,80063,28013,37226,81222,59097,44132,46173,71246,24066,51133,57413,23113,89122,09149,01228,64428,57470,13053,21558,70162,63012,07035,92026,33176,59356,06026,15146,26092,38171,29212,59543,67003,51109,62290,11027,52003,31362,73146,33512,59530,54356,45179,60221,34138,62111,56206,06003,02141,24296,2B233,38329,53210,12064,60302,55021,07198,68281,70511,23137,21606,80752,31387,63302,14076,18047,01348,77319,27654,56210,89247,72184,2B305,08228,35342,86139,70182,50214,24418,03117,83014,72132,65043,56097,63408,34009,67229,05123,91121,40286,81313,33399,91275,14332,60598,02498,65155,83096,60065,02022,31191,17107,18245,02644,36193,35329,33343,62039,30144,11291,38250,17184,80795,27522,77148,30185,31578,12260,39348,80405,26294,74310,76504,38215,25601,60356,29135,36005,14478,62540,77479,16096,22012,16032,93013,89101,09217,16134,41070,60621,71565,02578,80018,27540,06024,22242,65266,55155,71555,22349,72026,65247,64139,02491,18021,76266,62722,55445,18227,31557,26324,51350,63253,02431,76751,58165,51255,47180,54404,60162,68005,70473,71021,2A146,62323,12227,30294,85118,62511,80609,17443,85204,88238,32278,15140,81064,51013,64220,78358,38103,14097,02722,27243,27165,95008,08076,77168,82164,26094,76561,91579,07264,69298,34293,61491,67267,22305,11154,80559,21613,13094,22295,67035,2A357,77525,2B274,16256,14566,76568,82099,86054,81090,60564,57592,37050,25170,38369,40160,28299,61351,80077,27655,72124,68110,35028,09111,27339,77271,64229,45328,28085,14565,12241,76205,27395,09041,09043,55362,43061,27103,16058,24508,60168,08341,02637,80542,55578,33012,61317,08257,2B257,45104,60644,02082,65020,59574,66234,56154,34182,14326,06059,62869,55144,32165,07269,16393,72303,42032,23148,57251,90078,24020,70197,17391,34083,01123,89425,50486,25461,29143,02677,57610,79326,62603,01429,57376,95539,72154,25304,49261,59011,29103,13107,70013,87156,61327,76074,54102,34103,87149,06016,39037,37134,10050,71390,16150,51334,61474,29195,78073,47073,51218,06093,51155,61098,51184,41252,39546,28306,27273,62069,72072,57295,24129,2B264,42089,01062,24408,40014,53182,34310,82175,77365,22299,49110,61385,16081,22281,89410,24524,34175,21087,79208,60173,62670,39140,54395,77507,85164,47203,02410,14273,28222,33387,02607,47241,67100,06031,58143,19260,61281,53269,71239,80074,81277,88290,2B176,89051,19132,24534,76652,33117,27456,30021,03032,31301,45155,39312,52025,72039,24046,86256,43085,63183,54034,60282,04018,21264,43004,41099,16291,49253,03131,72222,88374,60327,73323,47285,70116,36093,21664,32213,42207,67160,31575,65408,03210,77172,75107,54450,21103,51038,40004,23164,58013,82047,87070,29045,21368,88303,64152,33417,27206,59459,81189,78486,03262,17135,57085,55385,45307,24351,2A163,67101,80232,08479,67223,95598,54041,55124,68054,02225,35034,49003,57437,58131,78160,33084,61407,21467,59623,10347,31420,38395,06051,14552,25041,50648,66070,89040,32433,57399,88079,38488,2B072,53105,21314,34044,97131,54545,44114,64433,12075,49241,48179,02580,21097,02142,46271,66139,16030,31024,86083,67411,70184,71508,76148,49344,02577,73082,52502,66120,73330,63019,56098,89187,65181,17326,28208,31332,58017,44174,27184,71207,71394,59242,14607,60477,2B078,70572,88423,14135,24373,62202,27299,53174,42196,02749,95154,27023,37033,46092,24350,63315,33421,10339,17191,54315,30051,39444,87172,31268,63077,42076,29048,51076,42268,76602,26208,58079,77204,62378,68129,68173,52277,72111,27286,34197,04123,32160,84102,86086,73133,24538,28371,69002,07131,64449,85072,01433,67401,77498,22189,67226,50391,59364,02277,16078,76047,48128,16082,67047,74048,88280,11115,10181,03135,71370,61116,80416,54088,44164,68341,89028,21130,62870,14278,22262,43210,64050,46051,01361,68015,34334,54467,67328,81213,82097,27161,32294,37091,74026,85187,46040,46075,2A212,55511,32176,54502,51455,92050,02014,73296,2B293,02698,34323,88040,29209,54359,01356,62024,66173,18190,79057,03115,65233,71045,06077,26022,32282,62241,24082,52195,89132,24157,71531,07038,80810,33487,80704,77091,24365,89153,26059,26361,94022,60158,32142,67354,64124,66072,27658,88441,08445,72080,17290,85090,43014,80759,03245,77504,78361,28155,84099,04051,93045,29083,49012,79220,52212,77461,08427,50295,52419,32079,63334,74052,14570,40168,01185,37195,23210,28327,91468,54352,50533,73256,82134,63357,79070,23260,84032,51497,54394,17044,89315,34246,66077,02568,02107,27374,41030,40061,80686,91521,76120,10261,31357,65056,14203,64285,26377,84040,36073,23090,24123,76135,54551,38068,62541,02827,59101,26193,27563,62295,56121,56215,24263,33298,36103,65201,65109,17237,57079,26299,54431,22015,78152,77169,43152,25315,51219,05155,59144,79299,08399,87103,17024,56101,34046,67078,11328,70166,51236,10185,19047,90015,57519,23181,72153,78403,35056,86147,2A085,01227,16063,68352,80489,70005,88019,12074,84013,68036,44121,53258,60109,21037,65437,26264,30199,39229,45063,58085,51645,64337,53039,21303,73231,46044,51509,60082,68124,32394,47106,34095,08296,45274,80412,2B036,62283,33536,74010,21521,80619,85051,38222,38218,71018,04074,15009,01203,71048,70343,22315,30090,05145,81081,24164,86082,19142,54514,51608,67295,29029,24171,12027,88272,01250,62813,24338,72099,35039,25252,12010,91112,71077,79063,47276,21566,56169,62849,53143,68020,80100,55149,47302,38498,40042,62629,54165,62890,28073,58172,56248,21002,57349,28098,32280,24150,67162,62292,61274,70029,22233,43019,76110,67534,70337,73041,76049,60277,80687,24586,42090,89242,12096,60577,59151,14316,57577,65441,47175,63026,11348,27004,57069,43181,57238,55253,36216,76322,26218,03069,50543,22275,57756,97228,69254,73322,42128,67529,14483,08408,10227,14712,95488,39545,82113,61329,32107,06132,73003,47187,15114,25014,41032,21104,52151,13005,81010,46315,60317,58149,70248,63114,87061,37279,18210,10329,08476,22271,43155,25397,60527,14062,79340,14123,25049,81066,63239,71177,80517,27064,84079,89137,39124,62154,03238,40150,13046,89087,95492,21022,23001,27119,25450,02409,51453,88371,09100,40328,73229,09221,95427,59136,25211,37114,54419,64245,87086,60488,55051,17159,60274,69044,62854,64309,54018,08298,61114,80014,64228,21567,59292,67174,46259,78402,42169,40099,71125,57018,51635,67510,97110,29302,43162,02062,77244,56057,01057,64049,50101,95541,86102,63215,02715,46266,80748,72368,12192,59143,70146,07297,24277,21244,42246,03272,62831,01321,63110,21530,67336,63179,01118,47303,35247,57748,70316,91037,76749,63155,09137,25415,80173,26087,18253,39150,89065,27355,50591,68098,91540,03277,80656,67501,47034,35281,52083,72191,12257,03255,21342,41079,71413,27473,55363,86224,13079,26301,88144,76690,67133,77360,33283,03299,47086,61034,47279,30219,87049,25377,31429,77263,57384,32112,14054,60360,67489,55469,33452,55505,76006,59369,63278,30004,71200,26192,19235,23266,68219,54076,42208,2B356,42005,60558,52012,67249,18052,02640,85103,39467,09226,29216,50340,79140,61255,17132,67237,58042,21109,29271,50164,80269,51435,17188,55500,59110,80328,35287,84112,45347,25613,64147,74278,55471,65160,80159,74136,34211,03091,15185,57077,64270,80221,21647,33206,27354,47299,62318,60191,14328,25583,70366,57550,44144,86152,70286,85261,05013,54063,23235,73130,86106,39390,86051,93006,61457,28339,50002,27152,85262,26165,54464,19049,50504,11359,70303,03070,38105,78209,16084,14547,51226,51522,24317,14270,88268,23010,11406,11140,80672,28203,02558,19273,69384,67405,64539,81063,36168,01416,67063,10325,27114,50169,46030,15066,85186,21641,61085,11295,21662,52306,60239,06151,34162,46103,76227,33392,86028,72036,31140,54326,23251,55280,38422,88526,85100,15015,53222,67454,14699,76408,02447,27661,29150,51005,87138,28062,61289,86122,35317,19268,65087,17096,60070,10424,14467,80385,2A061,67216,40071,81092,60666,25475,56179,41172,08401,78068,68056,80120,32123,95627,85092,60661,32080,87197,78007,02130,81251,49195,80574,50083,51373,59045,80200,2B275,68007,08023,41188,31030,33183,80176,83027,95011,14035,86017,62675,55089,64277,64443,89011,33242,59023,51659,54094,25011,32201,27444,2B217,89147,42176,74152,89118,54083,53218,01367,63197,33270,83070,2A358,72334,09127,17411,59236,02197,01293,14496,27096,08264,79172,86156,31156,89380,21117,39100,45238,31407,67065,46204,27695,68383,55099,55116,80276,90089,76064,67346,67200,88134,57651,08452,2A285,15065,64542,21487,41295,65260,45324,02540,76707,38278,55374,29119,73097,81211,53016,69231,52276,71463,17156,84068,27415,29033,42211,77246,21165,88016,86068,44198,80573,88193,50565,41159,54079,67236,80409,16268,55396,57445,40203,46189,70027,27378,71335,57300,52030,08369,03082,63433,44158,60257,63287,27240,17389,64332,59329,22096,41132,70261,60226,53078,12093,07003,60021,66076,73193,58206,43089,59310,02208,69095,52491,26112,58226,29239,80203,32268,24479,15093,03165,57190,03009,25148,85042,24545,29286,34039,17051,91666,60212,30306,01406,51002,71571,71122,56211,44043,21028,13208,71294,76349,67517,35228,38296,16270,01117,25527,72155,28358,16343,09291,38253,46164,67022,46089,60333,63465,44169,22289,02416,81243,78406,30116,27545,79352,02739,01089,22385,62123,63093,29205,74024,02037,10089,37097,71232,26201,01243,62314,69388,31449,46142,32369,59367,35232,32209,65429,64529,02160,41112,88316,01156,89385,43163,39406,40277,71205,33322,38313,65461,67363,32118,65462,50282,72332,84035,37252,19156,50369,47115,51149,21666,80080,40037,35067,02530,83110,64190,07213,28201,56143,46175,77020,54297,01074,59138,64259,06141,72079,25573,30061,17434,95101,85115,05098,02576,02207,84139,50297,62667,07300,57261,55507,10221,81097,01099,04139,09129,82040,38030,45292,42264,04046,70574,53010,66039,59001,62654,54225,38463,03302,89368,50476,68226,57528,74164,26288,51466,22259,66063,80141,68014,27689,11022,63323,95509,41291,38036,81270,16366,23064,14239,76354,02797,55175,61148,89252,70422,80480,32186,27555,38072,38565,12052,65348,41184,73024,62037,73235,39522,33261,24220,41035,62128,35335,07260,77108,21494,42327,41065,60204,31323,65154,21483,27036,42159,32136,51548,08019,17400,65232,85159,42261,57088,88463,73261,13059,80562,67083,67255,67508,52059,27222,80059,07061,42325,16019,17252,49113,60017,28146,88264,38457,78396,70129,95504,87185,31396,59218,08352,10376,03013,79134,09124,55170,45308,88404,23124,77460,02012,14143,28105,17425,67060,08396,43046,13117,78518,60208,50372,80148,93048,14237,31163,22083,81265,25592,23200,57115,46123,88494,80166,02655,81161,57302,94052,22234,64368,59328,14093,26034,40259,94060,14087,48160,76299,35173,69191,30284,80228,02710,23259,21657,29171,71537,73053,73145,83021,03011,68006,15214,39495,76698,42200,34096,81200,41137,36046,41268,40011,27261,26216,44204,71334,27377,21112,45344,48138,04012,43083,89350,77305,38210,2A228,76038,30015,77453,21046,97129,54414,40244,82165,51446,61180,16329,27622,01110,76447,01179,69043,16097,28229,03136,56204,12164,77185,34342,42230,25425,62524,80538,85073,76422,57388,60154,23255,59348,68022,43071,84126,82127,80549,31181,69382,26002,10119,92076,57716,80132,46137,33249,06153,07032,02688,33169,31576,88283,43028,14349,66178,24252,26147,38467,55357,80778,55360,55206,32367,16334,80248,31448,60682,74119,37136,17375,53196,02512,46140,02686,34140,64556,22103,40214,69122,61001,45045,33526,65036,89463,51454,06047,86093,65263,60263,15094,34127,88038,14475,76686,62091,86289,88110,89119,52541,44050,56039,10154,29282,68160,17017,47178,14355,32212,78217,18037,34305,25295,08067,87074,72211,80596,23217,09249,52044,57108,46194,58313,31141,68342,95063,01262,26030,14167,03292,67388,68277,09058,70467,43188,2B302,15010,82037,25307,59397,86063,59360,2B169,67292,69166,24005,63005,21029,02154,63319,55196,47311,15188,50252,02019,69063,16101,04166,77464,69093,25496,70299,23120,81114,25419,90046,64361,26247,70200,23205,08456,24018,79030,27076,19083,2B289,39131,66144,39145,31252,34316,88104,64432,27685,60463,34291,62604,47272,11400,79217,47162,68151,54011,77035,75109,18218,64426,08032,11131,31278,33060,72045,37183,34278,28243,49132,42126,16397,25317,04004,37043,57717,21417,66119,2B220,84109,60126,43001,32159,91534,25314,52126,86013,87108,35165,05027,57004,54190,80605,59288,52482,02273,40252,18140,02732,10371,77493,62358,30238,44112,24130,55014,35233,67069,71267,58220,44030,76189,90022,17316,11313,40109,60304,21305,22356,87064,35248,26091,74172,43192,50506,78621,58231,15121,42153,91471,80355,68372,44022,56047,69106,80260,68375,80374,84010,02065,56114,05001,89017,76655,69096,30230,27134,88506,89075,13022,35331,60033,62668,49089,37149,65156,30056,88033,07165,59225,74197,31264,2A028,57150,50342,76305,66066,64516,52088,52235,51449,89191,80832,38101,07273,57438,41060,86246,15005,34261,29084,47253,05122,50165,14751,76415,21404,59486,08382,89375,35044,49377,68035,14276,33103,59314,67190,02392,16263,11101,88077,32100,70066,09180,88216,91038,80498,30254,19208,60361,35071,77450,57212,79357,41001,57365,84008,78591,15040,58006,82054,43251,45200,40122,26259,76344,46165,47136,02254,26190,80568,78324,26249,78653,16335,63324,80452,04050,68169,54092,41193,21646,35202,16133,12054,03021,57741,60227,90075,48091,61122,33159,01079,70545,70025,08119,70193,80519,77404,38410,22269,77069,40237,76475,88411,71249,45165,12186,55219,71020,55547,24484,23198,40097,12255,64367,70259,26213,14515,32071,18221,89261,26224,80053,23136,88103,19144,07138,34131,82183,30270,79334,27151,21315,39409,62199,80800,43182,45123,72345,61215,78300,58060,81156,36031,11370,59515,88436,03029,71058,26376,89279,37210,80119,54531,10313,45060,06035,62336,71469,81098,91136,24039,35320,31284,24214,04222,23144,36059,30293,01047,38469,25417,73204,80642,14039,66143,33122,26180,88509,22135,65113,27614,36135,80420,16135,59194,16038,86286,65137,26121,54421,49240,71376,38323,17377,25215,09034,39258,22327,95379,02697,89171,59403,32126,47222,14668,57204,01060,53135,84116,21601,30187,53198,21377,70050,51178,30304,17015,56229,72172,82114,37062,62749,28200,52089,10336,17211,16364,02541,35188,44039,65388,26206,73008,81119,53061,23041,24088,65231,58181,27091,49015,65465,50445,73031,55081,39043,83067,64052,21185,65449,91016,38107,90097,97212,09308,38084,80663,2B178,69186,69131,64325,65015,53165,61126,48099,85193,31361,45219,25271,93055,91667,18237,21589,58237,63264,63044,01184,30064,29264,14453,25379,61405,11416,73180,10017,84141,70322,76116,42285,31351,38239,76564,95429,28067,67275,61216,45062,08254,53001,31292,06135,40080,16211,52149,73107,62009,16261,62435,83079,50361,01298,10112,12056,62437,63383,79108,55013,65403,37131,88387,04229,28016,59289,89015,12063,42007,19187,33467,23034,38348,73105,73234,76521,61298,85177,60250,63002,57557,62360,22323,51250,76359,31296,24550,08024,27367,68032,17454,78455,39164,41271,24585,78193,02067,17098,61326,14206,50044,40021,08272,48116,33065,68030,31381,27324,57034,62269,28333,41283,57633,71005,77325,78206,87170,15267,76174,65187,45189,71479,39583,74250,51450,06089,51065,21644,59176,77401,60181,34224,42204,31530,63195,58276,11091,58036,54406,88409,28005,91097,87177,33311,68359,32327,30014,65251,51553,55367,19080,14754,55128,85084,47204,64081,70104,81039,35058,61011,54521,69178,62852,14543,41024,10418,51520,72216,57128,37023,14383,24014,61084,31091,05148,89267,72233,24398,63447,28296,21441,62364,67523,24081,46265,66226,32324,24007,32443,2B063,21277,55334,83102,17149,06039,54598,24056,25296,17255,62222,01454,24504,70342,02351,84149,23084,27603,02349,02725,68316,76693,64360,10445,34001,25113,85013,62468,53083,30137,40145,86203,09310,40323,26276,97116,67360,26103,55384,18095,80575,05021,46276,70539,11425,93001,31452,68119,30083,35211,24287,36030,29014,82034,74191,88529,47327,07099,21637,84050,27533,12045,40079,62690,59492,52207,95091,55167,41285,24536,49067,24569,81123,12104,54096,58037,08338,84107,50496,17151,11382,38207,51387,36055,22161,76035,71458,69010,02808,38083,42009,81279,02632,28240,64495,82013,39107,38195,74020,54182,41089,51513,47013,27219,02323,67397,84025,22243,69051,27295,18274,71427,59383,22319,78601,80278,44084,85152,88332,40040,88247,44023,32371,39511,57594,35236,32377,26041,72315,02503,27045,57461,41125,32098,76164,52506,19041,77051,18265,62127,31311,21320,59187,57466,10111,67400,31220,10127,85147,59569,66140,36025,25097,67326,02220,29098,80541,44155,80781,81024,73277,76196,62072,23187,51592,44183,24291,70240,82007,39508,62038,49114,31238,76663,74289,56111,25267,60514,24560,64527,28343,21345,76072,14541,31378,70237,51633,82084,10409,22264,60301,13212,33500,72311,59064,47263,31279,50023,22035,91109,22241,38246,62635,80118,21098,03226,14271,45316,46322,62097,76241,10278,08126,10117,54206,53073,75101,25340,37092,09002,28173,50618,14554,76717,19169,89354,47167,06128,77200,17247,51631,24525,57587,53263,71129,89064,58073,43129,77408,53214,25505,51239,33357,03100,78239,81286,71209,92048,69296,77452,36016,65053,46190,15006,74095,67233,17284,68195,40208,86149,03242,42168,03301,60137,74243,71176,01410,33143,71365,39554,49008,62126,59513,39525,67165,19207,67288,34250,23091,33385,39471,79064,2B039,33524,89081,09109,64545,73033,51241,66160,34100,54298,55356,25039,23166,81076,35280,95229,31346,57701,51491,79235,52447,71230,51663,77039,71409,18130,19162,73028,01192,71303,14452,88114,61140,21372,59434,70364,09201,08374,60618,42061,70265,18159,57147,79020,62663,34289,71300,86026,67556,52122,29101,31058,26343,52067,58283,70414,09008,02581,24347,63295,34023,27330,68379,12229,01150,51081,64244,54563,29295,29105,54218,19051,07108,03173,04138,54328,45317,29012,27235,32043,05161,29116,49248,59545,64184,62550,67268,47138,64181,31164,36050,15086,05109,06081,83133,41138,65006,28157,72369,18004,32189,21107,62506,72024,08030,09173,88407,50402,57469,97216,06148,57197,11322,78015,54442,16173,74188,90019,60684,76500,33349,82015,82102,45129,62568,79133,10053,58299,43082,24384,40243,69220,16255,62263,63343,70452,79119,07205,61063,65278,26291,79009,16229,58270,73311,38427,68101,50350,19199,66073,11209,10087,78031,67094,86300,60460,17086,86137,09037,39080,31294,01180,46198,02511,26217,81134,51134,12248,74260,43229,52108,37161,79332,55532,65395,73210,93077,74161,22050,77232,07221,39435,57595,14371,70238,31254,32245,27612,08317,22353,57714,34178,08450,39109,19284,38247,76234,68026,47207,86115,51035,39004,31116,25132,63031,90034,87071,68307,51285,63158,21660,27326,17293,16002,33393,57521,06050,02650,51413,79226,79066,47060,34283,12213,69230,33120,21355,71153,15198,04077,76641,51001,67074,89074,62172,03040,18150,77104,09305,16098,53232,07119,61251,32445,21714,23244,38271,69075,15095,50072,05053,21295,08472,55512,57149,47313,19180,78283,14538,27457,50579,70099,22084,25059,68027,78562,10030,77226,40233,72217,83060,67364,59240,14484,80186,80373,89142,05039,95543,71412,53191,36010,01149,94004,24011,07209,57558,44067,43218,34049,76727,67132,32349,85148,42214,21540,89309,83029,63153,51428,62632,33444,14381,12058,63226,78620,63184,74210,62230,86237,69268,77116,70464,80486,57276,07310,64125,60050,63027,29054,59645,21708,62469,75102,40181,81171,01081,50251,88492,31504,19006,72221,64185,21416,40028,14431,12082,50273,31049,12289,72325,22265,71415,60108,64509,34081,61291,72043,63413,59444,62449,16340,76425,60636,10389,11262,10027,62681,24231,76552,54027,57124,60160,34121,72302,31092,60391,46305,51421,72290,02296,03254,63180,07054,83001,33208,86044,08064,34171,80695,45176,66127,15147,15079,59435,62330,42134,01405,57029,70581,28424,97218,88188,74228,22032,86220,54449,08036,55108,57141,62563,31383,38397,36097,81018,26203,72182,70084,2B343,33042,62054,32391,39505,38242,36131,50457,61080,80826,01160,64555,36053,71147,02480,77385,50598,11210,02310,41113,39300,77333,51156,76545,36044,37003,54072,22054,78071,71290,64299,02551,40036,68117,77179,25626,59004,91645,39517,95157,89456,57623,24255,81280,88058,61347,76611,30044,08273,86284,17383,54301,62450,01085,39192,24307,01407,51029,61330,56112,21026,33051,79200,34201,11413,39560,38472,74133,21529,2B164,33361,14318,53240,32014,68380,64482,76398,24221,60320,52184,48048,27263,61149,11046,76250,16119,40171,29201,63205,42122,27361,50111,68338,62545,55543,03230,62173,77121,22389,24141,54420,25258,76499,38276,07020,44111,02675,51566,11368,21151,81118,72138,57624,39368,51508,42198,35141,57568,40300,30017,19216,97132,70438,58241,70292,69100,14352,48188,01143,07170,76518,63017,08104,22099,25492,16029,16077,76142,26194,48135,31493,26126,63244,14269,61072,26004,77519,91629,48149,32078,67148,13116,06097,39236,82046,65291,59253,31549,71291,67337,21576,38407,69270,21519,07347,70250,79256,03244,67049,71302,02304,31473,73188,80819,62141,77266,09097,88231,47064,30050,55087,15037,42216,62428,70153,72274,59363,32386,08059,95395,21598,11242,40133,31146,67208,23012,57423,18213,05118,37156,07101,50334,91425,54212,62073,59213,89117,51461,32158,01404,82133,80035,89006,07167,38458,91631,65105,66032,09219,12158,15026,27050,81185,21168,33077,24267,57280,64293,24386,67266,17292,97226,25558,62776,64403,57489,26311,52472,38347,10116,28346,66008,24180,88041,60072,61424,77419,55272,17463,18015,80348,51612,82068,60414,58071,80586,58198,85123,25468,67141,54115,35231,76014,02694,80535,80130,57143,35229,64419,60164,38182,19028,14743,27683,52104,12041,26252,62497,37042,02463,28194,50469,62734,08385,44053,31388,15053,21525,11135,50570,71346,88274,88228,55563,78401,09285,17308,17446,54555,88285,89432,59365,38174,21405,11418,34154,02368,2B120,80707,29137,88070,64086,34331,78084,81272,91235,03186,18061,90070,50260,21122,27670,17006,64046,63456,40180,57062,25381,40232,44221,54470,57491,57691,57733,70190,21300,78262,92024,10207,73178,59430,90026,40172,06052,38520,35124,19048,87044,61362,64038,42083,52232,22383,35065,82161,62400,02656,14027,40089,61208,39048,62466,61473,02627,30105,31543,31590,27179,07332,80056,35096,27037,02546,01134,83143,38235,68275,64078,85256,34176,28038,60485,37122,49123,02156,08250,12283,86230,36232,51613,72237,19269,02790,94021,08187,35358,04084,10022,50528,08344,41141,46177,64282,46134,88201,30326,74082,30349,97225,38556,29108,77027,47055,45077,53257,02678,91207,66230,02192,35146,06139,26133,45053,71188,67199,88064,71011,54244,22133,43018,60091,62836,61101,33154,05044,72364,70276,02230,50548,57120,61512,32157,57364,18046,24031,66045,46238,45213,63336,54172,73161,39032,22085,76225,67443,52182,32030,64304,57080,70009,24399,72052,25489,58066,88462,10215,62339,23089,19195,25046,17245,28068,28285,73128,32306,74064,36037,70301,88004,60209,76321,51303,50219,82132,26221,63177,31508,74154,57024,49180,81157,33414,57598,73140,59223,71344,59145,26070,53054,38341,58266,53230,46128,71135,11335,32016,71566,71559,62521,80036,65058,21135,59071,66064,17220,26281,77201,09309,11151,62019,25346,93061,74072,68033,28092,02157,71570,11396,33112,44173,23082,21434,19103,80395,28373,59455,26292,51485,34163,24443,16027,31067,25540,61242,71446,80043,60218,64196,09298,95652,39292,76336,30102,21255,02450,26102,60101,87190,18188,32276,63342,86244,26367,87060,39193,10346,59031,58102,82154,64429,38149,60568,76530,64192,32003,91511,81227,76513,41098,25403,49130,26036,86107,71115,71044,73302,62380,53128,13090,02778,86266,39503,13104,97204,86094,50483,16086,04144,34195,58242,50048,68107,76651,2B320,61055,86255,28409,19081,2B239,64450,24302,36140,16317,72277,41186,40299,59668,68079,40169,40189,52132,31230,85055,45033,25301,78246,28245,50634,01301,78049,77178,14501,33317,51432,27368,55303,18184,08203,45193,71420,55416,59192,62409,60478,04173,27271,76066,29202,08025,26286,52288,76409,22276,64488,02005,44102,60689,73120,17318,52298,16368,01289,29269,54446,21226,28263,51596,69154,39304,60285,60659,57570,09019,46149,40163,70290,60367,89451,34209,25382,25054,88179,16282,43166,62194,45133,70065,30164,65110,72210,80762,10326,51086,27167,61476,54141,70015,70327,60365,22288,02461,89018,60350,11213,64214,79338,90014,77225,80210,33539,45075,09031,54544,65373,52171,52488,54199,76181,31593,48042,62814,17099,23122,03016,77527,01334,80142,62139,40093,76294,59402,77392,18143,40112,30225,82044,34086,55460,23045,64552,51381,26153,46087,61243,71377,61224,64283,59115,87078,21577,63125,24131,55055,41290,70143,51126,25345,54104,27353,86172,45092,55103,23086,37130,71451,36078,59653,21715,36121,46073,67356,27586,31133,01419,32009,62804,17094,21182,95580,70426,39009,50158,21653,51313,55439,35050,23192,84053,17239,10217,40155,34155,60515,57547,73019,22143,46131,54303,83106,69076,45022,52322,81162,28423,41239,39498,76182,28058,68323,45042,52029,01265,52286,43150,09151,76460,62324,24116,62817,85138,38187,54127,01309,28367,97128,88325,66162,31270,46157,86151,61464,25155,70397,71113,09261,78322,63409,82006,59612,65385,13097,89032,02252,87031,86015,12069,80654,39250,16050,60131,65369,03176,2A189,22209,10004,88163,60381,84030,23233,59111,72252,64455,01276,53027,33198,38464,62892,72378,72373,52256,57322,15241,09128,92040,47006,76341,56045,19094,36099,59449,12028,09281,59478,24215,87120,41269,62014,88062,02542,74081,15003,37181,45201,74129,52364,08364,08283,28211,17322,12278,30159,04108,19056,29043,70430,87135,85284,07219,31583,97108,27027,19071,62329,62622,16130,07231,72227,31050,59556,25016,43007,55069,24436,24205,48112,76276,52205,95424,22093,51425,77124,78530,80322,39351,02534,32169,54073,09021,41134,70273,67057,72214,74053,07254,65139,30247,55516,70578,46210,08303,07159,06079,45005,60540,18114,17484,02374,08092,37110,57334,65279,79096,40035,60479,52396,76743,64312,01336,63379,18064,14654,54254,41180,59534,61030,01191,80134,30213,66090,02592,03267,23125,24177,45011,79105,64435,51025,80644,82188,58113,53146,10252,64442,04230,02582,58105,91507,16072,51474,24012,77173,77368,81006,71368,91247,32154,07174,71229,57333,28130,08467,27269,02390,24574,54565,02228,30134,49138,46328,02343,01290,25230,32439,76526,68019,60397,02355,38355,02689,80001,45103,57083,65322,64468,04169,76339,67330,35206,62010,86253,25597,35276,64006,15143,67335,38374,72350,73216,46239,17164,82039,34013,06070,28370,01158,57455,33229,88482,51298,04112,25402,89447,19209,19016,42304,11096,62365,02298,60603,67506,47298,54201,14138,47238,91332,22376,27428,56256,27580,62102,90054,71419,84111,77433,22009,54422,25202,02400,54294,32317,27398,50637,01209,2B192,72241,35004,51113,65007,14291,24455,30085,25263,27644,71273,76387,55257,18119,63370,62576,33069,44019,51157,43148,62503,25457,24058,34219,26083,22136,71434,11168,55284,53056,26274,71356,67424,04163,54512,37020,08426,29299,33555,47255,63424,90006,38078,38443,54407,72283,31441,67403,73228,47146,31359,10133,54222,09104,17357,39512,53264,71392,51544,39170,71583,88097,33370,76016,21437,27040,04240,21353,17298,16290,69219,28216,10310,52129,45339,80124,48031,14181,39189,89416,45034,33376,36178,88084,38081,89281,33282,79092,63421,50121,88003,26326,04016,94047,82033,85243,09056,67039,39586,14347,32147,51272,03194,10392,35068,28076,57542,03252,50166,54367,43122,63071,85019,17279,24416,60028,76345,02566,36054,45091,54597,78329,33271,47234,74070,68049,41104,01286,91216,30138,58040,10366,03148,57387,83128,10431,80468,64024,63086,67342,14678,80174,70338,39572,36096,79016,82078,34188,59164,67139,28113,29016,62053,79018,34325,19200,71482,09271,42279,63134,86048,97309,66166,76151,89016,33064,62731,76650,70061,65288,81095,19085,37221,33346,56250,48129,02674,71379,83057,02787,31592,60620,44168,25237,32224,97102,27149,10191,82050,76166,36199,53163,40260,76453,38216,35351,58245,61262,61182,58267,02730,86241,52439,89145,15221,22311,25370,85242,28006,76296,55197,17056,81205,39183,21595,05089,37009,65303,30053,89182,50109,21292,59429,31192,48096,13118,28349,22344,36056,62658,19275,62753,47296,81269,80163,29055,84101,27176,55569,21257,59265,28267,58151,02528,28293,67459,23036,31440,64176,81003,39457,88131,88180,02770,31418,40081,09177,12026,07124,54389,30048,07149,28046,2A041,80045,62408,76369,70233,77468,62784,18102,33148,36008,21310,16310,54527,24457,34047,59323,55271,43094,69098,59342,31463,97601,22280,69089,85082,65088,18217,36066,10256,32022,26240,09193,86120,26098,56128,50115,73078,77006,70202,78522,63248,46100,21034,71072,35149,15075,83145,42191,11092,54273,02129,39208,14646,24438,40121,76082,24492,14669,01288,59277,64097,71399,89394,14082,17176,79285,14491,34167,44061,42068,14745,09146,17128,34256,55365,32148,17147,31078,14096,37185,68245,17248,88200,59174,78470,71091,62727,15024,40094,25416,21248,89273,54528,78302,25145,71364,61497,22101,41261,12277,03149,37075,01252,64357,71563,90068,38208,78472,18192,89336,46229,51211,58003,62129,59188,24202,56022,27094,29038,02508,31211,74285,68326,36009,80430,73191,83033,22196,02219,60058,54409,21470,51475,31022,65235,62388,70185,56177,42331,77053,43123,74138,71183,25197,76649,87121,11193,05124,21347,59555,77515,21545,62832,80098,54268,89353,24483,54269,32057,04075,65161,65275,61164,35279,77330,02502,39289,46324,72261,40032,14284,25584,09009,59010,57132,26365,48088,06099,64422,61361,43117,93005,61284,57580,67010,70368,65116,80290,95212,02548,53057,33031,40254,42332,16377,51077,22033,01025,54508,54382,65173,71149,25047,02696,28246,83041,80244,58218,51598,60152,55172,86260,55075,32353,31350,32281,54009,62239,14244,10237,46062,33167,32309,80543,14752,25161,70157,67380,25388,74309,50387,83050,50513,12159,64194,76053,03171,31386,89098,65023,66018,54276,74051,46120,19240,61046,26205,65345,80658,71080,39365,64005,97233,41034,80215,27051,02376,57225,64430,64410,63141,26308,22363,84065,60395,46066,23103,32304,2A254,37234,54417,39328,57573,80599,52399,76195,72327,70344,25575,62805,67270,53225,47288,38200,55531,41154,81104,53265,38279,36158,72255,60429,37015,29024,48187,50016,52424,50240,31184,50209,01005,28120,52443,60405,39329,71367,70496,19120,23025,2A295,55083,33011,59078,51532,17008,30340,31501,32026,44224,63070,37278,32290,64369,55450,76732,46147,35216,08240,08490,47218,64002,2B235,25143,22202,27307,63376,39326,01066,67052,21423,29237,63064,52047,10056,08004,34003,32082,89312,76528,69248,21329,39217,24354,55154,39143,76093,62299,40164,26316,31486,83006,76379,59220,29278,09275,11384,42146,62791,27204,34199,56253,30191,46184,95313,21215,48145,22219,70222,62809,57520,64035,52240,21224,26248,67002,28385,39491,63341,80168,80160,55220,57448,02520,64267,69179,41155,86050,08328,59347,2B194,48140,80368,46115,37096,76134,08498,78550,71056,19114,56061,76086,30331,17217,80465,70283,02800,39120,54113,79322,25051,67246,67019,14389,71015,73075,80652,30041,31062,95150,59027,12095,64517,73316,53080,73170,67264,71329,30197,08061,61013,43054,58308,35356,02269,27220,06043,34085,26076,11408,92035,51382,80335,07259,04161,78349,62487,31195,32381,51586,10153,44130,02432,24297,80527,39327,76224,65280,02034,18076,06103,88141,73160,57091,76736,71327,23204,72200,23039,03162,17092,31459,14582,86059,35023,32015,46240,21036,31394,02550,60258,60153,07155,42259,64257,16254,33448,38513,52320,07095,57599,07202,77490,13073,58106,55143,60567,39279,08095,57241,71331,07317,35063,65242,52504,32001,18106,97303,78517,55109,63329,31460,23147,15134,64132,04009,63204,39116,32446,71435,70216,65407,14132,17361,58019,83045,38320,51505,28035,08010,72021,80361,74286,48155,37144,45187,75113,54471,34078,77184,14652,72260,67201,82104,67553,71538,33302,81143,22313,68324,14141,95487,01204,54582,55459,47177,68240,02121,30049,42019,56168,62249,02591,16250,63416,71466,85227,27138,06084,26191,31453,08038,33284,80488,70390,33549,40207,78420,31137,35220,80763,47109,81253,76307,18060,77059,60159,77273,41081,21700,12189,77176,39413,71521,12078,12110,81201,38526,59544,73032,33192,39054,27056,33006,64063,21379,48148,55519,70544,21649,62480,34112,35027,50535,54059,19113,40304,22360,02221,62795,23257,02302,45205,41203,62088,10426,34149,21027,16215,21468,67479,47028,26207,40111,33533,95574,81263,11078,76637,30058,2A154,14362,76554,62499,14707,15246,50593,77038,60068,86080,71585,91035,32295,22278,25446,23024,02805,10404,72292,60040,31569,39380,02151,29273,72091,38126,32419,27039,62874,80113,27107,55252,70178,80404,02741,2B185,09209,86117,59361,77423,31076,45012,66097,70562,14740,61357,85121,05114,51391,17109,65254,35166,80722,68211,38128,62903,08400,24326,21692,18273,18267,55007,76560,24160,91665,16188,27073,79254,80676,15141,63016,92033,02367,21194,27069,59152,28004,57631,35072,79337,42095,77283,86025,73141,16089,74056,11025,68332,04126,65378,57294,37039,26220,17313,54486,54071,31427,07245,35246,69123,67557,54107,54457,89482,88449,79257,34260,88395,60366,55424,22352,76108,21317,21242,10115,71561,21508,90050,27697,11371,52489,62769,57253,05094,33473,71272,51580,33066,61219,08005,59025,53247,60042,38231,55043,43160,78642,07207,18129,28193,11023,26349,54357,66180,08195,76759,48126,54390,35054,67396,31372,84137,41096,11066,33090,57009,31013,65482,71398,88042,05074,34205,85229,34157,54548,71160,49341,17297,04118,50150,51015,57583,67498,81212,51040,31041,74290,62865,68246,02493,83109,76445,29112,76670,59656,79207,80039,80811,54497,23156,11130,76740,10309,80813,16249,31447,32416,49284,46054,51534,39561,17105,24394,51424,97208,68298,49259,55336,59509,13018,82010,02823,06113,62162,67343,52325,86034,66186,16196,25422,25534,62040,46309,21155,15216,60284,60309,02458,73275,63235,43013,17057,63368,60393,38379,62356,22114,56173,22293,35168,61440,30333,15160,57007,77267,08046,29228,43242,66232,09033,17428,51371,53202,42287,33431,73189,21202,79024,62114,50532,92007,88369,67102,71347,62247,73208,89292,16061,52287,13204,79345,88511,72269,88381,88322,63394,54453,52476,40049,95610,17281,13008,26263,08435,50363,88187,28249,53186,09114,04134,50265,89266,62745,53176,62719,86178,64043,47248,68136,54183,32404,05097,21307,77272,27468,38134,30173,53008,47104,53100,91339,88501,47236,02055,57263,21062,45314,10383,69174,58186,17085,69162,37251,66214,2B157,19220,57761,64319,35110,82174,60189,80580,60471,64053,03121,32090,63473,40282,71012,24423,60205,50217,80442,14438,65052,21271,15149,31007,54515,79083,89093,27316,17199,53102,23252,73270,25278,59498,38437,54554,52468,33491,80346,62909,47265,58224,73096,36173,14041,02074,76392,07338,41054,63437,42303,79225,87088,27072,52303,38236,39394,88314,68001,39527,67278,80616,10102,57272,66220,54304,24348,31335,09232,89207,76200,02246,88100,76437,54024,18137,35091,32068,70186,15155,33094,35343,45148,78451,21432,89048,84138,14613,39259,38505,18238,19259,77190,08116,52128,26096,03048,83114,71136,95658,67282,61276,51333,64549,05178,59519,62346,57494,25191,14588,17108,47229,32299,60019,74304,24517,81237,27014,80274,60612,57593,71457,71169,27189,77391,01387,21398,02031,31442,14404,59654,46079,58244,19176,55028,80700,08348,35085,25604,65295,95447,89096,80153,80267,80677,24154,85005,27079,41110,08315,25367,37012,06053,10047,81261,79122,60147,60653,42053,50615,62209,02562,26012,02036,21655,35090,68260,25184,27454,60425,33135,74118,25259,76589,95169,70252,69234,27085,88055,88475,50464,49369,71381,10386,65456,21336,01453,40216,01148,14761,85047,67507,47021,14572,21071,88358,23194,62533,45043,24256,39141,67055,50454,45036,70134,38442,23031,33310,71450,91315,61044,80158,07053,30152,55040,46203,64295,66205,57121,02737,61448,55456,88299,22324,33188,55521,74211,77057,70111,34058,08220,33377,46254,63199,70484,48041,21552,01343,21533,18059,35319,71416,76624,90008,17363,81218,80371,87022,62055,54599,15077,51232,33279,21343,27417,76393,63349,80125,15100,04208,71167,14019,43066,73263,70554,44209,25095,59502,55330,81183,32261,10196,45250,45233,02691,35101,71542,64226,49061,31228,12007,64202,80386,24075,36194,74189,11351,56052,65026,17210,62031,70295,56219,42178,91649,22109,02308,65123,03161,46205,30177,22359,47085,59636,54355,76668,11356,41027,04037,76187,28163,57130,21183,64212,49334,41019,77026,81004,77171,60025,86205,33266,56199,51296,07237,73290,74284,84131,37035,32448,32368,77186,24456,34169,77397,91132,51327,50399,57609,11035,35239,26202,17264,48075,77534,10265,68059,76258,08071,38484,60113,80493,64453,43190,55490,70329,62253,55333,89280,69140,60605,54275,88108,27601,80777,36082,14285,27638,65219,62101,69077,21286,80751,02494,47224,42316,28190,18120,34056,68261,47179,80227,58011,51194,42152,70513,86193,62879,47150,18226,24053,25463,39202,62606,15257,73219,2B110,71535,12219,01026,19073,65316,32275,76600,06009,26106,76155,77234,14708,57670,27699,61232,62146,76738,64349,63032,01022,57111,2B087,08066,95061,60172,69187,88298,17046,66107,61261,46171,64397,58208,33071,32256,68262,95341,41293,68044,03175,51290,79149,54233,77257,14336,58080,17249,01229,85160,01432,74025,86200,29279,24403,2A323,80262,72307,64328,02275,07090,30343,36187,30171,72002,68386,50529,27453,39172,30309,82066,59142,26170,17262,91546,40193,03296,42203,59129,05055,49332,67406,25133,88198,47001,16175,38097,84046,71359,51486,55289,30126,64281,82190,62625,54495,53204,12038,59102,32328,76255,31130,19205,33503,10351,14741,19015,27536,38152,19100,77353,01291,76026,57401,62883,36069,56241,87186,37005,05038,30241,63168,72236,80461,47323,03170,80127,39534,24535,30226,58199,26117,57037,16242,54126,86158,30160,63242,45246,65119,88345,15265,64476,24105,64398,53003,30200,47267,39555,56155,68100,69018,45252,57556,50062,02593,18070,25226,59650,48136,54114,72163,65438,2B015,46251,45147,08031,88398,60201,24038,14660,76532,89349,62138,2B301,44127,38158,16326,80827,25218,16066,55443,54004,76605,41080,54602,16074,31433,46043,10280,32450,78380,25060,54445,18275,59002,76167,40067,58214,69031,14744,2A240,02751,76243,14216,71328,08320,79095,79101,28386,27692,40065,39335,59156,67559,03311,59286,28337,60056,18152,39099,60442,39387,24412,69177,79223,56252,31158,51342,37182,97305,64355,65178,28406,82074,42139,43223,33496,21616,36221,76515,90080,41260,08260,53206,25312,29111,33211,61508,87111,01237,38557,51588,08194,90032,10099,88401,84075,51360,80455,31122,87065,18054,23142,50390,26073,57203,64306,56151,62042,79166,34228,73079,67463,51142,35186,31109,15097,74163,29144,11376,85205,34032,38451,22018,62289,02380,62488,16182,51240,02041,55017,07132,13072,26104,05093,47266,17177,21060,37179,43142,64466,63327,57497,80638,08305,33016,59076,25078,76747,76514,77260,39095,67558,21180,95352,37225,61460,45150,23178,70225,85156,21325,03166,24309,14275,68282,83049,39353,19096,26105,07017,67422,14250,48095,82049,01173,61104,64305,01214,38062,71216,27132,54287,57693,38336,38560,57252,56099,51289,21615,22351,22076,38466,47305,36080,28357,32171,61283,79104,57728,62824,68013,70450,11153,27113,88197,51080,27155,03012,62206,21534,21004,78230,23057,86170,69081,36220,41249,45041,81108,51419,77248,25114,08279,17019,97112,27623,09045,21209,89400,02828,07243,21499,77421,32314,54370,38071,87114,51292,64011,82156,17097,23096,47254,2B182,05056,67212,08274,59597,21043,77070,57720,80238,14319,61332,25608,51573,16251,16009,68237,69176,52280,60128,08485,68159,60354,16384,42133,53033,57617,03227,43021,36043,53022,55378,08041,50546,89412,80556,01372,14348,94017,25108,12214,55427,71494,33254,22174,32421,43236,13039,27485,88289,69273,50155,88334,62062,37190,29267,70156,46106,57131,97421,86294,39403,76585,86099,38551,36214,16037,03034,71133,89464,03147,17312,39216,80436,10029,52415,86288,86097,32076,64026,62279,09140,43091,16421,21629,17171,49221,56237,59169,71357,80569,21088,71054,36070,36144,59579,09132,89226,54492,75112,32321,18099,50143,09252,13115,29261,88150,01283,88075,38027,11387,84118,71313,02018,67106,15213,59563,71022,70298,24501,28287,71301,86189,58054,14091,23111,46145,33238,31574,46153,78362,35245,85129,23069,70516,70320,51607,55373,08022,42175,81283,62240,25242,03189,77033,49092,24485,61336,59468,08469,71551,52278,33466,64554,36123,38224,43055,67025,50480,80101,18162,77261,88171,70423,16378,68268,23116,09228,39072,19099,54257,61123,42220,80217,81262,2A310,28362,47237,76207,29060,62626,67483,24496,23207,17338,41036,62307,14405,73095,50409,91312,89215,25384,67271,51551,10180,13071,10281,75119,22081,30125,55520,34172,31069,24142,21436,64151,52524,18173,10052,77175,66198,88090,02120,71126,81001,25321,88408,55544,86223,26271,17179,70565,59160,53158,06098,27693,28172,55484,89189,32095,25547,78444,02457,32354,47020,65463,07340,63224,80662,21101,22188,31075,27311,2B202,38545,58222,60588,41158,59109,01213,72042,52295,77134,18247,51583,48043,25414,74027,13025,65210,70550,34152,51418,65051,38223,78354,59495,54078,53250,89449,55254,37021,86295,80560,26360,64348,11021,78413,50298,11428,38127,61461,50472,68259,54423,80615,45138,71094,64322,39085,47074,05065,70234,2B184,33383,47259,72185,73110,51638,22060,31565,60483,71448,86012,28232,18215,24542,72272,17133,21167,80561,80496,53200,70481,72013,95426,28313,67128,02442,79335,91602,74107,53219,60061,14177,38486,06061,84120,29189,70310,89472,68350,74077,62061,05139,72100,61218,10216,02174,22274,29120,78502,24477,14149,18001,71178,63471,25623,65108,89379,10021,15089,77062,44223,18266,54500,19155,32092,80147,55121,17351,31544,58246,59588,38138,17233,31559,54291,04193,39437,73292,08006,19227,51220,46308,82087,02810,29146,52185,30013,21451,55222,34070,39034,24241,89391,64246,80212,07114,02106,68306,54197,35189,76601,82064,55348,35057,27109,12231,57472,73129,66080,26236,89159,66148,2B329,71141,69267,45194,57680,60501,68258,71263,32252,76665,13089,33356,51523,07290,49236,02332,44205,70388,16418,57565,32390,11187,80794,22147,27599,80803,60027,54042,53025,97220,43016,22333,79307,03203,62513,05104,42075,33543,86104,19165,88444,50289,91635,62006,77022,31010,41088,65428,37208,76634,08448,57192,79148,60430,95019,35250,31403,26321,01451,25212,72209,59305,88321,02159,60193,63059,88050,43151,58297,47066,82020,16024,08503,64136,35207,33435,52450,29109,59618,62078,21296,46104,19245,29192,30222,83094,12230,67462,81217,15110,53049,59197,84063,63289,76280,44082,28236,69297,73269,60518,30095,14241,35253,67513,17034,27560,69038,07073,01434,73182,04020,42073,65268,09314,78048,60590,01423,06038,18091,09113,76054,63131,04087,26329,72317,33123,88082,11395,02401,63001,55359,61374,07233,95018,67450,31115,54077,52201,57426,14650,40086,63219,14701,68297,76302,70280,11393,21218,06008,71584,09245,68292,16110,27584,57645,88258,60295,14393,10324,25018,01056,29134,37115,76590,01242,77533,52318,21228,10164,62840,77123,65238,81065,02189,70208,83153,64105,80579,76314,70227,31134,45013,01456,33022,14335,24473,02093,63124,31215,21348,51146,21391,50578,15235,90066,85208,21573,02125,38465,63355,67291,62672,51478,24216,2A098,15207,74016,31528,41071,49167,16220,42042,28342,70020,57692,40293,12128,86263,67524,05033,85134,04025,14046,08043,24019,65443,88391,44024,28264,63107,59219,39447,54307,19152,68210,65060,40044,60398,17435,24063,78087,89460,32194,32420,29182,35038,54345,10150,81229,63090,69132,58041,62557,67394,84106,36017,80364,65287,63436,72262,67407,70553,29280,62599,77162,50148,67329,11222,10279,29197,64492,17460,88161,79071,67156,65442,21650,58075,52519,40280,04154,76153,43201,50429,76315,07011,55004,70447,66189,14424,66103,57663,63303,45342,26327,59625,09133,24321,72305,45027,68367,16346,57754,51028,69053,19044,65085,28111,88413,24122,06069,40236,26313,73085,54262,76313,55173,16144,29250,52373,03084,31026,62792,70232,37081,77101,03144,64116,27423,39415,85151,38430,47170,45143,70195,65074,40012,17472,57287,25121,18182,17263,28170,32210,17013,60633,51110,04141,81035,65282,86169,14289,60573,78010,54510,57001,12120,58111,76238,51120,57307,97401,60559,32008,14274,72095,34050,55323,46121,61272,54530,57089,15263,12070,52084,31225,88489,72357,87014,14140,66175,59503,11012,28151,74239,35144,24573,38095,64080,22059,71489,38528,76616,51431,50232,97115,27470,77439,57667,48185,13062,71165,31302,18212,51438,13216,37105,62291,76004,67444,66124,71047,27285,79015,11212,60382,62678,06152,22284,54306,32177,51328,88037,35003,67464,97402,55546,57561,86192,17168,79306,61130,57739,58239,42227,10355,24222,36098,40333,26328,27038,52327,79002,66035,27031,57057,62771,21066,03303,15041,32355,27170,27635,60206,38409,62405,73021,64083,73301,44194,89359,14644,57058,57347,52328,67456,76260,55534,09247,37240,68378,11427,81319,59442,43050,29091,31310,59605,52357,44080,03065,31087,60493,22124,15073,51343,10295,29268,72251,31245,31152,01096,61035,69066,33443,60574,57011,26038,60223,33459,15078,97353,60199,67204,53046,58164,58024,37011,18105,39110,31445,49020,74199,73177,67088,65001,69169,22215,54271,57145,31355,47250,75110,73173,58027,40334,27527,89434,88031,24016,08340,79286,23185,26350,57358,15152,55515,35137,02487,44195,58212,80822,11086,70493,31555,30321,21395,54101,80177,45081,32398,08481,63200,16301,49223,22267,34101,52354,53127,77067,33365,68223,72143,73194,55062,22168,52031,80470,03228,51188,59162,62085,09216,2B296,23098,30180,59049,53096,77414,30335,21223,28274,97126,62868,04109,62007,78053,01071,41213,64175,60197,57332,53015,64191,04021,60378,61198,11248,77218,46018,10228,41266,19107,42050,52505,64463,17342,91195,55138,22164,85239,61304,10241,54489,49352,38449,27445,48012,51567,79032,55549,76576,06042,60617,40210,21044,85252,57452,45087,97412,94058,50489,07214,02598,03104,27405,60270,24286,38013,11404,49219,27620,55195,22371,41201,46260,58161,55388,11144,08164,71378,44010,16349,41243,67339,11272,31466,74265,47059,89378,76593,51564,02078,55343,2B334,60563,66091,42295,57702,02196,76400,89214,81052,57559,45259,46172,91100,77205,78090,52248,02290,51525,82085,70482,24381,42167,25609,02163,61445,39136,88402,70112,66157,89259,16216,18085,74267,10040,68203,50235,21667,22335,35214,17350,10422,48193,73104,24107,31088,74098,79203,91340,62363,08440,14098,60435,77122,37220,26010,79190,77435,50285,25615,08109,55022,29020,52391,28121,02303,76645,76623,12001,42174,62467,76292,10006,54049,28091,52058,04199,76721,59320,71319,10273,27182,60601,97604,65293,85223,51244,28207,69103,76412,18278,27517,35226,55158,2A008,33402,63103,31231,38209,67440,22172,64021,01177,77448,67111,66095,56043,27237,21251,10042,44063,33085,36238,76482,95094,88346,08094,32049,62759,60443,17141,56139,67387,77151,66194,27006,05115,57233,88390,44069,21356,43165,56218,19026,26289,52138,51367,68309,15151,29241,10008,51414,31567,21250,63165,59243,71268,50603,62527,95040,01254,97107,58178,80376,80784,64216,38261,31120,52037,21560,15183,61189,37154,61466,52009,33230,61481,85106,67503,38258,51349,38428,38549}","",2026-03-24 14:41:32.274366+01,gold_establishments_2025,,,,38529030900454,2025,Établissement public,National,"['Ain', 'Aisne', 'Allier', 'Alpes-de-Haute-Provence', 'Hautes-Alpes', 'Alpes-Maritimes', 'Ardèche', ","['Guadeloupe', 'Martinique', 'Guyane', 'La Réunion', 'Mayotte', 'Île-de-France', 'Centre-Val de Loir",EPIC-EPA,"{01,02,03,04,05,06,07,08,09,10,11,12,13,14,15,16,17,18,19,21,22,23,24,25,26,27,28,29,2A,2B,30,31,32,33,34,35,36,37,38,39,40,41,42,43,44,45,46,47,48,49,50,51,52,53,54,55,56,57,58,59,60,61,62,63,64,65,66,67,68,69,70,71,72,73,74,75,76,77,78,79,80,81,82,83,84,85,86,87,88,89,90,91,92,93,94,95,971,972,973,974,976}","{01,02,03,04,06,11,24,27,28,32,44,52,53,75,76,84,93,94}"
90758809-ca29-4c85-9a23-82c4011b62a1,180067027,Anah,false,"{28099,80666,70169,17404,32427,35009,19105,09012,34333,02250,65296,88233,21283,2B283,40105,80270,33547,89160,76058,34225,90099,78383,13109,69266,26071,27537,09103,62193,53148,14606,55296,60275,15166,97411,72003,45291,80299,16267,52400,05181,50378,11289,60124,72165,18138,16045,11038,08402,44027,44151,15082,52053,51307,50069,24147,68247,55179,77501,67244,23225,81180,61169,74275,62050,56110,18164,90047,09072,59343,39354,63048,24407,42329,35005,66075,32093,45167,11036,31541,95480,46180,38015,81072,89148,2B126,81029,02337,22220,05152,07148,07187,17140,09294,43222,74162,39179,63276,36240,09084,55236,26282,69228,49302,15189,37230,2A004,81058,76654,30107,80600,59528,54372,36215,46009,18025,08297,50490,25473,70284,25066,10011,89351,55068,10060,22330,50374,10391,71572,10063,80678,83119,12111,51460,38299,14100,53180,51357,17378,74233,35010,55044,95258,76231,87024,82056,55304,57649,73309,05091,27696,43049,59523,65157,71235,49120,39270,70401,27192,46042,38176,59287,61103,56125,69175,77474,18200,51521,08308,80509,14755,57676,53248,32180,91639,13100,31186,32225,50393,80631,80552,62676,02306,08161,67532,78513,31348,12198,88053,38229,73132,22314,88226,55191,87183,76559,86129,26018,11034,80557,62581,21344,38192,10108,07218,22177,64514,31056,09078,34066,73137,39059,54186,60357,82131,30287,84092,39478,38118,76169,32466,33035,82060,02716,77487,33046,59032,02347,31322,80353,88350,85135,28418,86125,31510,36184,76371,80115,16208,52079,86210,62577,24152,28332,21492,80263,35016,88349,07086,97403,21003,36202,09156,25333,53011,63043,57696,74031,42241,91433,52464,85038,62271,82026,45029,95214,25293,48121,76720,78234,36012,29086,47239,82173,11330,33520,54229,33351,41192,36179,55077,51091,07208,48025,67235,31520,62712,26238,18139,27520,80055,02824,52411,84020,97405,79152,61002,80345,85184,46068,61288,15046,12246,35292,51510,69054,40003,24071,67429,17369,63075,73086,65202,06055,66153,67395,64219,64146,03119,65003,88348,89339,63247,35352,02199,02671,48016,88013,65076,58058,76284,35132,93078,84048,62264,38344,70347,60136,23080,02705,27543,59038,54170,42240,89470,85298,45186,31147,60600,48163,51202,34115,72264,73061,26200,60224,35249,47247,26086,28084,37071,74241,77364,40136,22039,64036,11018,25485,29294,35260,35142,14025,11215,30288,59181,69238,68299,09296,65130,67349,27578,52467,67543,06102,28289,21580,33481,90005,80730,44182,54204,54188,88269,11161,43027,23115,80711,72066,03316,62354,68200,53019,45313,57297,28160,32392,45136,14032,15179,55468,70183,01146,88490,50271,51310,27553,78505,79078,27512,68270,97125,41255,62637,11231,76598,73073,02114,56148,70445,09190,22218,05106,21422,32291,18048,47016,55250,68186,24045,24083,39295,60005,07279,71157,35153,35339,23222,58255,60576,57715,68305,68146,36048,73101,19136,29214,41016,60655,88178,95585,35318,24521,70477,43260,24191,19046,95456,36021,52145,51075,73166,08381,03279,19137,15264,17136,32430,07236,54109,43205,35332,53075,02105,27260,59571,17042,54559,61480,51501,26374,70560,58012,27381,11005,21394,46311,59029,07071,52407,51235,07004,08159,26077,10242,91244,39074,67334,79231,90091,16016,17257,48167,41262,80152,43168,53038,57229,02795,43106,33532,45114,68128,02826,18012,81089,14309,55350,51621,52350,52420,62798,12031,62636,07012,57031,95203,95308,88281,07113,17452,11033,51558,01162,22163,62229,71170,86042,42217,85130,67221,83071,21376,51376,60486,89257,08179,89409,71251,88377,74114,05040,64262,49257,08053,91619,70470,46006,61067,35304,30018,51171,19067,19090,21116,01151,16385,34105,79242,50233,26283,50077,21462,31558,70075,08484,38304,66014,60032,81276,24218,89299,29284,89239,43131,44056,46314,33072,25364,19184,07023,66183,09274,57666,27439,57755,36003,33181,80516,46155,10048,55454,21498,64401,03207,25578,51090,26304,76596,67378,52297,71191,72344,33422,52260,85278,74291,80128,11383,50351,60195,11334,51570,89453,11055,32253,69192,60288,66149,04086,18244,36150,02115,80143,38181,45016,2A115,21031,22190,70318,18194,79336,35022,59646,16380,70307,53088,01354,25150,67426,82018,14425,09307,32187,35324,62424,81073,21643,18260,97213,80524,38026,50216,57591,39553,25098,39019,35087,18027,65042,25488,81220,54044,51300,57186,83026,47289,29270,16013,48058,58272,34069,10043,23055,29287,09315,54424,76429,31485,40319,48092,76217,63255,77009,31202,2B136,76160,42226,38475,76124,22205,42212,01431,11441,71233,91671,02140,77358,65239,76449,62117,57652,07007,88410,65018,07055,31275,27074,11273,76056,14569,33339,70217,63345,59375,62335,41166,45311,75108,76452,59439,23159,71426,19020,17387,70352,40025,14742,22122,57087,42171,37142,39252,24527,31580,60388,05035,88065,13032,21553,25569,76018,95409,67227,67299,60569,30263,39251,10266,17114,54447,29215,26239,02594,02505,14175,08242,10051,27158,47310,03202,64415,69264,54475,76154,57259,37068,88450,18232,25055,53052,55502,89050,67281,38193,70528,35084,17062,44131,60011,14430,17167,62605,50004,11077,58234,70418,42225,11197,31035,76692,80624,79010,59283,17045,45078,62858,51233,95510,21205,51517,22254,72121,02572,76417,65186,95059,32017,88210,62352,87140,34071,54360,42013,37217,87076,08403,64189,45261,08033,04073,29229,34107,36015,02772,59344,08395,51641,12254,16113,65171,83099,51034,17421,46283,83066,57109,64058,18187,25512,52174,80685,06100,60307,39402,48119,01349,34026,62164,54387,45346,15085,62414,95430,07286,56107,78382,60496,30147,40176,78003,35126,38559,37236,51031,37117,29190,30312,91191,14522,85199,21559,17333,80040,04152,62619,60198,75118,82128,01302,14283,74003,65436,16336,43133,70362,37148,55243,32104,21063,41204,36100,59048,61207,12073,14121,08069,55163,38268,64068,29301,88296,86062,09101,29001,81141,30039,07075,60498,42260,45137,33305,21680,91577,52529,50352,37018,21092,02816,64469,28415,91386,24143,92071,64506,65066,78305,06154,18179,22180,62095,45173,16187,70510,51287,87047,89276,02756,53026,82187,38002,89039,10212,08201,2B327,10248,11392,11058,54155,39363,59611,44044,80591,62898,58196,24197,66085,80680,61438,37172,02329,39499,11251,28315,21547,29251,40024,32284,95119,76247,07104,37141,79209,11277,51198,30244,15126,38004,67530,77055,28360,21016,22181,84132,24068,33359,42281,70043,40054,05177,52005,30347,66212,41294,66215,16083,57427,31423,09289,63058,17120,74175,02239,22162,12039,31374,65255,41247,28199,19013,22235,57406,23114,02249,67185,69080,77117,18207,55477,51626,67140,28041,62616,51440,39222,30030,58250,2B316,53197,30019,21604,21220,68091,08120,55320,05077,87042,64498,66057,24382,65180,82031,10361,38301,74174,57628,33453,69007,55426,30001,55166,60692,34223,80799,85282,10121,24385,34251,86167,67005,80051,54171,66145,10214,39424,41083,60500,76614,62708,81317,77233,14209,43164,38137,88060,76055,67383,41094,71318,87126,42298,32370,68166,67125,44072,36163,70483,36122,60183,46297,54194,89077,21139,83126,44079,43052,81015,12275,50106,46267,26157,26135,02009,54434,33010,31169,56116,47157,67505,51264,27319,85235,01063,14562,66208,13015,38522,73190,57517,01446,01437,74130,80058,18071,02059,10038,60016,15251,80190,62412,43211,79142,55039,14514,40075,68264,19147,01355,02782,45195,27304,91243,62310,57500,25035,59063,22061,34146,38357,81116,93033,70500,16248,31446,09167,31568,18014,55160,13058,51488,79023,24272,73184,02420,58187,50549,49129,59648,62189,72215,57548,36114,62863,92019,59233,22321,24533,03152,36241,52162,04115,68145,69284,76157,84087,57671,80009,55038,89465,57067,54213,68155,47324,09257,70351,80693,69055,19019,89162,89230,64523,06058,65095,21302,71564,73247,76660,16245,21602,50022,58002,88306,64526,54123,95394,09338,76235,34106,65310,89195,82176,63221,57424,40152,24571,02381,71247,74134,72150,49038,88138,21584,85028,29252,71588,57402,60004,03044,31524,33186,26197,89326,64213,02102,30022,50487,21605,59083,62609,35185,88073,44098,45296,57266,17396,14301,39013,27111,37095,33248,70059,77508,57016,95023,49045,17037,57232,38038,22115,40316,24537,17091,32152,07060,89233,63448,25586,05149,61408,88435,47197,29027,14308,40262,89156,51069,72295,59570,82098,09068,54520,02282,35150,30196,11062,57215,03198,24023,02831,52499,89149,71325,44088,78655,73327,74135,33320,79215,2B057,71223,70509,27022,59054,10410,67089,34301,62597,28012,30201,02729,73047,76272,27238,17101,38364,33474,59617,72306,88107,50064,31320,26358,61494,71577,60088,55361,08048,17131,65359,74212,31286,01360,32331,71556,86186,55447,14411,16345,86187,40198,18156,83081,67117,51166,24308,17397,55473,28180,77209,31250,24451,82002,15211,23052,67314,88461,56073,07183,62064,40087,33212,21360,38536,29210,33281,31312,31581,50395,77275,71121,64089,55313,56081,42132,02372,02613,80367,09202,91378,22300,63137,71242,02769,10084,38398,01245,03035,77164,77470,01166,77522,88236,32263,04149,24362,05131,67312,25327,69074,11145,51619,01087,80319,21023,57210,65163,01029,24411,25032,07200,88184,29185,67277,31358,52444,51208,23048,55467,36089,50283,38255,26253,39201,70106,50291,64470,61373,53119,06033,53216,21191,50085,18083,61309,09253,80181,37007,42265,54175,01230,24490,50294,21233,93010,77436,35125,2A209,49364,31572,73314,54052,33255,59039,30109,63286,38517,11059,79080,03041,60175,72119,04170,86108,50357,02066,17291,54258,17459,50135,55391,62266,87176,11280,83141,19238,69295,39356,14287,85065,64231,38316,19219,27185,52218,71530,60094,24319,49301,55376,60548,84142,89169,40190,55057,46299,19163,58260,54575,57571,01002,76115,02459,50604,22165,74014,28197,76606,37121,30038,28206,19182,51183,89104,34014,38256,74206,42100,09176,24025,65364,39101,23097,39165,79131,45019,67446,48132,61008,93071,27053,52355,57477,60394,17124,84105,70214,76206,69023,28049,64003,41018,76331,30290,10357,70080,43096,46038,21235,49127,23049,22201,62384,57621,54013,23029,83113,68154,63014,81139,87030,28119,74042,2A312,71254,14733,95535,07034,28022,02738,2A330,22223,37258,25354,34165,38538,31017,76334,01420,03218,80815,57495,25394,02830,21593,54210,80150,38450,09153,81094,29233,80296,63087,36052,38351,45109,67539,02672,01375,60591,08162,22318,05037,01304,33162,06108,14022,07275,28377,88500,68267,48198,80291,62377,25154,09183,47071,46094,42049,76481,12307,14731,45290,43080,09200,81136,07158,70093,19202,64489,30279,63100,67119,68197,71320,74080,89198,55145,38473,09224,60553,69170,21420,34252,73200,54008,88170,56156,35047,31070,31194,87080,02638,85128,47176,50572,70486,47291,63046,80327,30339,81303,64254,38280,17246,31077,84003,45068,43074,46028,19175,41086,54588,24055,38086,87009,63033,72166,43247,71082,21102,52110,22338,47282,59395,87075,71354,33375,65067,27348,19124,80536,21439,18256,74192,14711,16284,60362,19232,42070,70566,03258,70385,22016,44081,86145,07110,77350,01100,62873,78561,57281,59208,35346,70409,24557,89437,52548,31536,41256,03315,34248,74256,55162,77029,42232,78092,46135,10124,45141,57564,72032,34264,07287,07225,67473,08229,71093,24312,26176,71095,64412,65169,16136,59325,24248,55411,39021,27232,52308,18026,32099,59055,29235,71154,52266,82170,45251,35244,91568,80297,71491,27331,29130,26150,66051,08392,80192,48028,61307,11114,77220,11217,09280,55437,08405,03018,16405,10305,51201,10085,74252,51251,47215,91482,25075,54265,12201,01333,80041,47042,59052,24108,34067,88532,82185,81062,63366,11016,44092,61398,10019,88080,10323,39558,14714,32072,65250,55114,59550,24199,19087,87133,72037,10434,05128,04097,65424,55584,84095,48147,72314,73226,90021,43167,28156,77309,01313,44140,47114,68041,47142,16395,02383,38338,42074,56014,81093,80717,57734,64491,07022,38264,76325,08178,32332,54152,41144,37046,88212,07203,34212,2B135,02259,54051,14066,14053,81013,25042,46196,39531,85218,47284,51647,79301,14107,49224,72164,2B265,83013,46181,37044,11176,70568,02435,97408,46206,12216,62397,63096,86039,88304,24515,37054,62395,57421,67460,95607,78415,89155,40332,40281,61183,62717,76424,34229,48017,73055,88380,71437,11049,32255,63428,14288,24480,26131,57020,71309,45139,33225,03058,64364,50120,36034,60691,44212,30128,78384,62716,27384,69127,58247,60187,47025,13085,21656,78528,24281,80836,84066,76192,76149,62758,77481,88071,31229,37268,80314,22354,63040,24242,55118,62214,81106,58059,49035,77211,27183,51314,55306,18090,59312,17143,61399,58190,14249,55579,12143,54161,16161,53162,78672,37218,40051,11278,88078,40202,88313,50098,39127,84060,21630,31507,90027,06022,64172,76184,27613,84082,17461,46290,60494,50597,57607,45175,21673,53028,50338,10071,06127,70121,40002,05173,57321,31263,70229,51362,76565,02356,23071,54112,26130,79265,42197,55198,71227,03116,76439,93032,83098,73288,21365,59148,24290,83142,51556,76041,71498,19042,14202,25083,37139,80093,80613,18174,18040,11430,16315,44150,30346,72213,10132,95024,38116,31240,89216,89129,54451,16420,54133,02058,39128,28129,95529,80301,76520,32020,42314,40294,53221,52011,28019,77145,77215,72059,71032,60639,01109,57303,39419,76684,55375,57240,17412,60292,30356,52372,76020,78190,87195,23007,59014,10369,81195,64215,07222,39585,70125,32111,65102,24377,61006,21458,31045,62134,65475,29170,19001,51458,54476,22137,57682,59415,91232,80087,26026,25518,59352,55185,64092,14680,10365,48056,30112,67344,49063,86124,18034,86206,76374,55060,32454,60637,63440,21054,50045,62362,37206,70117,90079,72268,44045,35094,27667,15252,80021,82091,33116,54386,28192,03024,51412,61043,58225,58185,81302,31004,16198,89402,62588,33521,28095,51102,07241,58259,57167,31168,97313,83076,54385,35179,42248,05025,95211,68163,22053,36083,77329,17325,37106,16137,57575,54426,73214,50237,38129,54259,45108,21086,09087,12217,24476,43245,26024,10390,40215,59146,73233,36032,65124,65474,11304,81158,73088,47083,31424,05018,18209,46179,15231,47172,64365,17483,64406,23224,40165,43158,44101,26069,62593,89418,34077,04242,11423,88155,76252,77314,18075,44100,56262,15139,62198,52526,82041,31330,32417,47078,46250,76096,53142,54336,18135,31564,57336,01125,38483,01224,46286,59371,21388,09005,33477,15204,66213,73281,21603,63185,21196,38058,38203,44036,09074,70381,47072,97209,42180,41068,57339,58204,04184,31511,88375,57154,31553,38405,46174,53017,50092,56184,61381,76675,11352,61333,81111,27608,18220,33045,11084,55010,25421,31354,80071,09265,63426,64381,50403,01303,15091,39291,60409,03142,61091,31274,32348,29254,32351,55212,58256,27370,86209,46303,56166,30174,09011,59247,81325,07160,69172,42030,68123,62623,25574,01116,40146,18185,71008,91405,28312,67273,71311,10091,25566,14055,02476,31039,47169,19117,76538,57534,39533,09091,11224,55059,56024,25195,39200,77393,02796,23171,27414,80090,77126,24510,57418,02625,14246,54215,70017,10107,49109,11052,60279,25100,61167,44091,57473,28396,14310,31314,47108,27535,32283,31218,11164,52156,81204,14195,70118,16100,02185,13037,41221,63053,09272,57530,49076,51348,41012,60352,07247,56015,58114,88453,33219,87079,68156,17146,17160,64222,94038,54594,59635,87123,70441,65101,28233,02165,89222,76384,29272,62472,17405,63279,82169,90029,59609,80081,63277,51407,60330,35131,57206,25632,22071,30253,70174,36230,64135,70472,04076,79346,43025,80629,80691,23199,63402,85222,74057,55125,09063,33033,19089,70181,76242,54266,21001,85094,95651,64536,57268,71589,04148,82159,73081,52272,13009,17442,02544,35210,26011,59105,59423,15069,74222,65386,55475,37126,44078,01190,21163,52265,70443,31046,10358,64177,41175,78196,37170,86153,53168,79269,33018,74086,22365,2A092,29188,46029,59075,25105,74209,81056,40101,62584,46091,01388,46138,17234,48003,24155,43036,56027,52463,89188,37229,84119,14398,10183,78643,12119,22116,45112,08394,39552,62465,14639,37034,62710,60699,17271,34339,80648,91095,21380,33114,07283,62235,48170,30100,87006,81128,14458,80788,54119,60418,57562,51312,69137,36116,52518,05154,25621,85009,24077,70491,64352,88239,50030,08100,09336,64481,77531,59082,97124,39160,51569,49018,54158,88256,22213,61137,21053,42317,77228,88335,80107,28079,81234,39313,14172,62029,25375,25625,62660,71088,89172,73151,71383,82115,55293,64454,45024,51652,51072,51618,10430,17007,02789,62742,47156,57496,59229,67494,66004,41148,67164,21013,09192,69214,19190,71190,59533,64375,81193,57038,10416,88292,17216,62628,43090,77444,71447,07029,84038,86287,85207,32024,74151,82075,39296,21236,71460,73103,25339,11407,29080,08204,42058,70332,28060,11039,17198,60095,47307,18241,12032,14396,16293,55489,86291,88105,10377,40269,73064,37249,70498,51323,88483,82070,74063,2A139,55290,36118,60305,32365,59130,26144,79112,70142,19054,54053,25245,59100,49247,52190,81115,57434,62403,80462,24459,78189,95678,60192,44018,60412,89442,14456,24576,50542,28082,37157,57274,89027,67362,52294,61129,62207,97407,42288,65454,63463,87180,07133,50040,24464,63298,59368,26293,42189,08209,84130,18250,15196,10039,60497,02829,65145,56068,82142,11344,19031,33021,54168,36006,57355,59256,12290,2B023,22055,63056,36152,62036,57447,39475,37274,58312,59081,09164,33184,56144,62060,34255,61393,01452,77045,89342,34273,41200,16028,45032,57451,2B145,19237,19062,10086,32458,42093,65353,57015,51145,11109,26088,95252,54585,76282,61426,57299,16358,86163,76128,47123,53220,42149,62612,22070,39359,23076,27410,2A262,68058,41289,59069,51083,48081,17027,38489,37244,25002,65305,08326,65330,87023,31003,51195,12127,27385,54332,17134,12109,32236,02774,65464,17204,33280,28348,76705,44038,09029,05127,50234,47231,10423,21677,97118,32135,33483,08028,22160,12299,46234,76095,26306,32407,15117,30181,36167,59094,62361,09182,60506,60628,37263,51147,12236,59525,64252,12130,09061,02776,19233,22025,57312,49294,59200,71503,63094,19038,40266,88136,89038,24570,55353,24184,24135,32046,81102,72385,10083,12084,33025,42224,13110,62337,92073,88467,58049,87124,27190,62232,58034,92075,52233,17084,62367,35227,68175,38372,27229,02395,77315,18133,02683,77036,21454,72335,25373,59280,55148,88503,12085,46182,68008,35007,39228,61032,33140,50410,44006,29073,14412,21691,47228,63384,64013,55540,79298,83043,37028,85251,65093,16200,2A268,31499,89111,62259,81233,71454,78609,21152,88432,08464,38061,14406,80252,25493,81085,34287,39214,33009,35241,76671,34129,54157,56078,42326,03192,88139,76394,57042,25478,2B353,29247,18097,63304,62536,11182,74263,60399,85059,32218,59349,51489,47315,30292,62238,60049,38194,52413,45151,30069,70228,38139,48182,12046,62169,60347,25070,18251,21291,60450,64511,71330,62470,58023,37265,42140,63317,88327,32034,81249,73067,55537,84056,55202,57344,52342,65183,30032,54146,95127,02718,69133,89143,34132,74229,49299,88146,31404,21051,30091,39404,30075,70199,38384,27227,35359,47031,81206,69279,68302,36041,03073,2B067,87107,14215,07303,62725,07042,50394,84019,23072,21511,68028,62387,55279,60015,33205,22034,47067,31199,38102,02307,13019,04093,04058,32077,21532,14120,55565,39375,04178,65446,35051,47049,28220,61462,89144,55186,09189,27057,48141,80548,27446,01128,32373,22187,62783,17261,07006,68116,74087,30074,77182,14342,74220,57249,67222,62251,11128,07235,50081,57318,35221,28298,28317,61195,44218,68170,11390,76421,74240,14385,39465,50475,77140,32222,89152,30020,83131,64411,46214,70282,45239,64225,81007,07097,59122,14242,94011,88472,81049,22098,15266,28301,33023,07327,65289,65252,18243,12106,28278,27497,10005,51456,64158,21010,64512,86095,64250,59448,56062,32060,38006,23117,76372,27126,2A017,18110,62211,84012,71477,51138,09125,60313,66078,51216,64308,29136,23070,64230,47070,50311,84084,33028,48064,69263,38334,43118,22203,91201,56222,12092,31522,14578,18171,08406,76193,13083,07098,61412,49107,35037,45153,62047,62197,49028,23092,56178,62293,50436,80705,01032,50408,01347,03271,67241,72383,59108,62765,60039,29151,13029,45191,88353,86005,76218,05121,46292,02176,33239,83016,39532,30027,89139,59655,09105,71455,52302,56105,17020,41217,38075,37260,84072,89450,14407,48166,59536,24441,12138,21141,40127,23102,38321,51115,90025,22388,72254,77494,02294,59061,63365,76418,77285,33463,16218,18036,67293,78113,76040,74167,06044,02631,14344,37194,27556,57726,60420,28271,37133,77097,88010,62846,47287,65356,13214,58115,55317,50373,85306,17341,70126,11365,44157,42324,28212,70149,80802,11254,45018,08462,26270,77349,44199,62764,49170,40263,51437,02583,15148,57553,70478,01102,27234,86035,54122,31247,63299,17049,77065,81005,95306,59496,17200,66068,52213,88111,48161,79218,62348,19053,59392,12152,11358,10078,33111,43224,82126,54463,53226,80341,59564,54124,46281,15161,58014,54207,03004,08198,26323,06032,21120,42145,10247,33379,2A359,67516,05076,21349,14047,31397,85201,39556,52120,69217,38333,31246,71146,32320,26222,43076,11401,76549,80634,59445,70260,06002,43057,33078,18009,61141,55327,39346,26123,19118,54033,24095,54118,21413,16154,25043,07096,37038,18065,62774,76435,40130,39464,51280,57116,10412,88378,57051,67259,32010,22077,34043,91689,70245,50500,65427,89471,54263,65165,28290,60413,51003,64227,76646,62830,71550,80633,91174,62894,45111,03066,72104,72212,67528,76201,61501,88355,24375,77199,89250,80437,38377,11125,77317,87054,69057,60448,28369,25380,14519,51020,80046,05006,09238,71475,01350,52042,21106,32237,86010,08193,38230,61454,82118,33125,60163,86292,21635,76711,33054,84031,59488,25203,88115,11008,35178,31316,67061,36045,31150,17221,34017,27214,84070,25490,37162,54086,56224,33240,23196,55312,35078,52540,59066,10186,33204,60041,44012,81170,74195,25067,59306,30110,88056,38051,56220,65028,35161,38563,14230,80026,80162,88063,55431,80834,57709,33413,88121,23211,21445,59416,78646,12097,25141,31336,21140,61505,62186,76673,59580,80515,62680,38281,28390,53072,64396,24259,82029,29161,02168,85281,59172,54106,63065,07092,50238,68097,62756,24278,2B317,04204,54246,02415,02620,52497,65339,65298,71086,2A271,07116,61293,73300,64530,86218,69188,69242,37153,27153,60085,01052,66081,05144,2B341,03257,59262,62811,54323,10257,58307,01210,88426,66146,03140,62732,50079,19040,02693,09081,70002,25085,88284,60539,32410,18228,14643,16052,17289,03298,12012,85175,62133,33139,66062,53129,52437,50243,38017,53109,17079,61233,67020,34200,51616,22228,58209,21582,84044,55094,55217,59232,86016,61395,40066,19212,11415,89076,30131,10260,16234,33244,27336,12168,35060,60599,52257,40297,90028,61507,70138,80421,64008,50499,02804,80156,78238,77084,10384,38032,95554,82093,11089,64165,78638,45009,39581,19072,50505,60083,07009,38373,44064,16044,60213,35201,40030,16239,77373,06115,37084,62160,57301,51062,80293,62739,70107,78475,53260,34253,43246,07315,02016,80396,72141,24104,65300,74069,60003,57250,39022,42245,50568,2B053,77381,28139,2A348,60200,76222,55029,84043,01040,49269,12228,22104,26310,32166,82186,04090,27157,67269,31498,14409,17121,55476,07168,35285,95213,59388,27102,10382,01038,87194,34177,72183,80266,64131,86020,14676,57713,12129,81282,89439,26177,06126,64354,09044,67053,36222,79047,15229,44189,69216,76635,02024,66170,72094,51506,55533,32025,15107,88069,38167,09098,16174,37169,04179,68084,69064,32181,32032,18175,21059,77445,01246,84086,26168,34300,06147,2B205,15254,51623,61286,67311,51356,15048,80213,16348,36001,33070,61170,63389,18056,43226,59527,57658,31110,77212,74186,57389,53228,80829,28023,76209,10129,45044,04157,58021,27422,32384,91570,51032,71034,08040,57098,17138,35258,59593,43156,27066,72247,35243,07058,38393,03114,08117,60407,2B242,51423,24036,69218,14080,66058,17401,77347,21110,89053,64209,68068,84123,54228,39269,80054,62741,57171,64494,64114,67213,60622,41052,53063,97404,32341,69288,40060,82079,21495,12141,63029,10317,21482,80106,35077,78606,02155,14715,95256,21262,14260,58160,30262,82042,01133,56031,69028,57641,69278,01044,88098,56221,33344,12121,59476,21515,21006,32251,16085,45099,63300,26110,54050,50269,22068,27254,41280,27298,39559,41195,62068,24380,32414,62828,51048,62150,88439,01046,59484,77467,19193,04187,57377,63257,11326,16321,42219,06085,87157,55063,46246,53169,28117,76714,59092,01392,42129,26163,2B311,14191,62539,62418,16422,88507,63231,36109,70079,08318,24355,88317,27020,78460,02444,81112,77239,56176,02396,89176,79255,47087,86194,95446,51495,04039,62067,02807,21282,45327,33516,31273,18290,24410,28135,21078,12268,18079,06106,26225,59639,44118,08192,37029,50585,19110,61493,31255,71312,89415,05084,47277,09030,64017,50607,58175,71512,21474,54283,74150,72352,65205,77482,52103,02108,59421,62463,61268,54068,40278,68095,65177,48169,71156,63178,21005,79126,25224,77520,71516,13096,89376,71271,51627,95166,83087,57361,58192,87125,02559,35081,38478,2A089,03300,26066,17226,03094,05024,80491,80273,52116,59583,11255,28029,57412,64557,62586,39104,88382,88066,11311,2B248,89344,40331,76381,03043,62695,07177,11236,54590,77079,67091,74059,60373,55412,45184,47159,25234,02666,86085,70546,59186,24299,64051,12155,83053,08246,12181,80151,97109,54293,77107,67432,51153,22176,31053,41237,39321,69141,15199,66003,67098,55527,27373,2B213,94034,63453,24446,49214,02601,48123,71444,02684,65057,94081,69005,08137,82106,63101,39302,39162,33501,03295,45337,68165,22246,67554,62644,25247,21017,55409,24227,55442,60117,62255,76068,2B281,86109,05117,44052,70006,36155,25101,02702,39454,41284,60385,71428,59332,79059,68090,10140,31551,32265,52385,33034,47212,22129,02150,24158,31204,18007,77372,47199,66023,67379,16236,03317,70471,64543,85176,59259,11361,22065,54145,42238,23202,08287,46154,60306,48174,03139,24074,38529,34024,21184,30203,46289,63337,60051,24452,10072,08018,55492,16389,33508,87052,03309,65016,62051,25560,14732,25532,26368,79137,50426,60043,93014,03106,11093,65195,11320,54178,31519,08480,59473,39282,75056,08174,33374,12225,31277,02682,76734,64441,18147,53270,25089,16193,80621,72114,50066,86144,33550,80473,21149,88263,29265,60355,81109,22277,09027,61146,02164,85171,25525,09324,59184,36195,14040,21157,76550,30236,31236,66184,26167,22231,47098,21267,87105,95219,57133,50553,67099,57425,2B156,36190,11040,89296,11047,09251,82036,62237,80806,28347,31414,36247,67169,56232,47297,02370,15019,71486,60345,45171,31503,08263,07013,21289,31118,89025,33341,51552,17203,32063,46023,51214,57022,52300,72333,01010,55113,24206,42243,07334,60084,72367,14499,22214,85139,62761,78558,2B086,26101,88519,18235,68067,42330,52065,40191,60529,10414,43207,54169,31313,56080,64211,37237,55406,55012,57527,80070,60245,49026,67038,69027,34143,64310,60037,57211,22140,49216,94044,29296,80698,95331,70255,60698,27140,43042,82130,39310,25227,51311,42078,40231,68239,76603,13026,76610,73150,18263,59065,2B223,70170,45023,34180,60097,56003,02231,34217,46258,36013,71163,27568,50397,73276,89430,69241,70449,55153,67547,31203,31461,80230,47314,79125,25430,23152,19263,2B068,45162,70051,70457,60053,34302,21358,37259,39306,80183,62448,71004,80696,32122,68353,60543,50039,52395,33423,61079,54335,79141,81223,41078,88469,40239,80665,60436,41051,38114,07249,24404,18141,48194,97205,18023,17087,64079,72123,41238,72001,08343,37077,77478,70145,78590,36105,06134,30198,27393,62148,27228,38390,63320,64054,76367,18109,14297,46253,42254,38408,41095,79019,16224,83031,51658,12232,65409,38048,32269,23065,10275,29177,84029,67515,63369,14136,25599,27188,73034,70039,80343,46033,22092,53112,26307,36133,77278,27466,69009,51518,64346,71433,89030,57516,38245,81031,17250,01065,31525,04065,38130,67430,68250,39225,71182,57260,35261,68109,48106,36057,78291,34210,70101,36101,38067,36204,02708,70213,84103,57736,49222,31344,70334,08113,73250,14689,57082,80499,67285,27026,76170,72110,22245,12124,45202,55218,42136,27120,10205,60156,31515,42065,31165,88068,54057,77231,14602,15209,18122,24450,80379,71212,31190,14587,72090,58122,87152,88123,95288,34274,17066,28255,02819,03064,21442,55324,41049,54090,86293,10204,49102,27032,01147,61341,67172,22342,19133,18151,19055,73236,77484,08140,63306,26124,67166,70105,30218,81050,01269,33058,72025,50510,22198,80287,80060,26014,46122,08243,01418,02755,02297,85188,23016,40005,78172,02223,54331,09168,55338,22064,39166,16402,91549,05174,10299,12072,64486,91319,83034,67521,07296,10370,77230,80703,38497,29046,14240,60264,62195,52285,88049,2B124,2B080,51073,78310,58084,78381,77447,43256,24337,97611,80003,71019,74238,91600,92077,08021,01169,50086,39476,54490,80052,08446,55184,14576,59090,47004,76516,25228,35251,64140,03223,66115,71338,86131,80482,17187,54012,34002,63169,76103,37056,80681,25107,37064,08437,68009,26334,64040,53131,23074,71573,41234,41220,58282,29030,46022,47196,46200,18219,58295,67308,69235,60470,03113,19252,42333,97222,62908,81130,63181,14305,45241,25521,39194,49228,48090,67054,31011,67455,29159,64467,51050,50590,11216,33484,69227,60002,65372,04113,30079,42081,65151,43047,88456,65193,62853,62801,85024,41043,76264,56246,65166,01139,62079,80167,80030,08271,77514,60555,62066,40265,57545,49262,50090,56239,22108,38519,62585,66112,94019,22006,58305,38354,51099,07251,64343,30215,24372,16339,34135,84127,68351,86270,87132,12272,72167,12185,51384,67187,60141,22232,74237,64324,09231,04188,50290,72321,31287,73249,27215,70203,18042,23040,24529,02470,51167,61133,71201,47173,78350,59659,28033,31349,07107,65414,71393,31033,45074,70361,05103,21518,63321,11181,30265,36110,57340,33479,59658,51217,60335,19002,24037,24238,02670,26186,70091,34288,07266,19088,59443,28354,59591,76708,50601,70536,68212,32005,73192,40327,02467,16191,51168,45338,80587,62639,14145,19194,04177,71349,49231,67441,63039,09001,74287,70389,27168,77379,51068,36018,56115,17142,26090,79176,39197,51439,64071,74144,61158,38511,39333,86201,17376,24566,22341,63363,62806,07027,70412,32334,64540,34233,15249,84140,54180,69019,51169,21607,21290,58157,73155,70325,80031,70094,21571,08208,45275,47192,22169,16357,10269,79213,03015,88109,25486,12151,48021,08368,70451,12259,52546,89037,27659,27212,57054,57596,25199,67465,27156,67030,97229,89175,84089,15106,08327,61483,46162,88116,30139,83108,68051,62534,80511,69255,27148,77208,71194,11199,52436,04036,70287,42125,81312,67373,70468,16143,27502,24305,67127,49176,74236,91198,81046,27567,62666,64159,09198,47127,91347,58141,17433,33315,02224,10232,37036,13076,39020,13082,04085,25550,23100,57745,02042,09334,42305,18168,50137,68244,29071,07181,72077,57549,55425,58055,76657,70432,70297,07255,08301,60377,90033,39244,62030,88196,72196,23107,76388,79297,65411,85137,84080,63222,77406,77277,06088,46252,27490,32461,62065,02793,38266,70289,81294,34191,23139,01115,97119,54290,59378,58195,45343,09174,36033,25324,03195,57013,55123,68112,86070,09147,02382,63088,68204,43023,14649,63243,51463,09022,02331,59587,68221,11063,40287,24253,22091,15016,59239,42130,45204,07344,54252,16041,01239,62261,05079,22001,35330,62163,45268,66174,52229,57613,84036,35156,65041,08125,32188,11417,72180,81142,97615,67163,27632,15224,02746,60571,62166,65327,85096,33273,55048,04072,24424,85244,62205,29147,97409,29221,14360,24262,33546,58170,28147,07215,57014,67006,80318,87043,74038,43058,46041,19070,18039,67550,29039,34124,21179,88036,35120,44176,70271,11340,26258,2B088,60271,64515,89003,60059,24378,30195,91064,71452,08141,79111,68289,66138,21626,85006,59073,21473,67391,92051,66122,26243,64224,87148,21401,61345,16287,27645,01445,44217,60228,80792,70323,62131,76723,15135,77411,48051,84041,32039,21693,60656,64157,52516,61287,34332,52356,30318,86121,68073,08386,56029,23056,34122,2B101,89080,49178,01273,32172,76730,11183,80311,23027,25605,62698,72083,37112,51445,59034,74271,39275,71189,07048,25268,16277,22019,26340,23212,29153,60090,77426,03109,58030,81182,57293,43029,79339,17222,31025,69117,45026,08165,10327,45169,62112,2B049,21676,27301,71384,37127,76368,64372,90056,52008,65159,65069,73186,27492,08248,01393,41010,03229,70030,89046,76479,14592,42300,52251,33369,74099,69197,11327,25084,11301,24284,11264,17306,77386,67338,86276,25056,12050,02449,50356,05096,80429,32117,63386,62634,56254,72187,65229,59103,50455,43216,86127,17482,24229,73243,62646,55438,08037,95199,25280,16152,19229,48098,58262,01430,77371,58201,66197,02253,26108,68300,16102,73206,18067,58230,51344,17330,48087,27389,25433,86159,77473,60265,60670,02473,19146,66065,02471,73237,55005,09199,19191,42335,44074,37174,58016,17068,21121,57763,70037,24553,27083,51542,49237,38421,77311,77432,70415,02405,21142,60446,76156,36120,59230,06067,2B328,19289,76025,76594,48005,60022,76333,80020,08155,35180,27671,18153,02616,24420,54505,21260,68018,38314,21392,66028,12207,33358,63106,14200,35069,63460,76724,11070,27100,34037,64538,62886,11386,17410,08482,38191,35163,52492,51317,86112,53272,63160,55132,23209,48178,12237,21225,60210,51468,17035,36242,39308,64394,15088,33489,86174,68271,06105,50453,76407,39241,14675,39431,80413,71096,64263,22179,56147,70210,55345,11324,32376,78289,67232,26111,30054,33231,72129,21475,54288,57059,25538,27458,62552,43153,39068,68335,24174,77195,71322,60491,25233,07224,16392,07065,2B234,88142,39569,80069,95060,32069,17161,67345,07143,52431,51338,14563,66223,88089,31209,80390,32431,22131,57650,71152,88152,02378,27146,09270,54100,07166,49205,60669,63211,11208,52371,60545,82122,40056,80667,39567,52253,61346,17329,82016,11275,85097,28379,03037,09340,53273,2A272,59149,49057,66176,89417,64129,28286,07010,14595,44087,16231,57474,07172,32088,04110,63407,84054,16185,60364,47200,13215,80670,39096,45084,63280,24507,80375,34265,43258,50117,09250,38060,45037,60664,60073,74253,77337,82082,48013,79162,11353,38212,83116,76599,21333,03233,55129,54415,85157,22047,14492,27313,31138,62165,54097,2B161,50481,62602,47183,15002,17254,88166,22046,67095,70055,10225,66061,14205,02339,87029,46231,68364,11218,42183,73202,46244,53136,40289,71081,35106,16360,76274,76416,28387,67497,29040,59313,09267,01015,85109,31256,67436,11333,69109,38156,80464,51268,85200,03134,69045,45100,08070,17205,80347,57486,65422,76262,10172,95177,02218,81316,30183,59346,67544,45093,22044,14700,15020,39029,62558,14159,64247,76700,05163,25156,13038,60343,55001,37271,55368,69283,67492,55553,33342,60623,21131,2A091,64395,21393,78567,71315,10122,27437,58052,21172,63411,40211,39565,24511,59117,21699,60034,55506,74282,81055,27435,43173,33362,26333,09162,41042,62059,80617,27674,39456,11219,21563,59504,09211,86110,09170,77323,75104,86204,72291,77456,60572,71264,32065,03225,14077,26119,17023,30036,17095,41187,88014,53259,46083,11141,37196,23078,62688,11336,06129,55551,64421,54216,02315,43249,46130,34236,11286,80339,42275,78344,88425,25157,48157,30286,2B332,33425,01436,71380,89459,21015,70476,38368,79055,32223,30272,50055,79154,88185,74005,89431,13010,44210,17473,66134,74012,74313,15260,86279,76249,76269,11017,50349,62057,16184,52250,04063,32195,60244,77130,65326,21444,43108,01450,50514,71540,70004,67220,38474,61411,56132,29011,31253,08016,55397,82030,45054,27643,80716,15245,61339,42063,97311,70198,60063,10130,40309,09085,02586,91345,18072,2A279,71071,63201,25451,83127,53177,38041,50192,51247,79313,69201,83082,50422,72064,34259,55355,13093,33180,88167,62862,14436,25406,02023,88514,77475,77188,18186,97203,24151,57319,44032,16330,63015,57118,59406,91098,30072,74264,14086,31587,18271,31570,55177,71107,89091,57073,40250,37281,02212,27544,08349,67040,19064,77297,68188,70148,44083,51304,90037,77363,44068,58088,25387,45097,30305,83150,51186,54462,59044,81257,80337,85058,73213,10046,41152,18089,46078,03026,08149,12147,04209,38269,24114,67011,01240,65164,58133,60560,50540,35076,36170,02417,85163,08183,55383,81149,58213,65135,57040,17067,14063,63469,61451,88154,10157,39001,72133,54037,72022,70523,09320,19203,02422,12235,33133,51234,51363,45159,83008,05133,16014,76046,17016,33347,08335,06095,25477,10290,25151,45020,31585,2A326,55316,50108,53262,67142,89477,29106,06130,26347,59501,89485,76432,68057,07144,77336,55032,89217,56041,03010,61061,88026,60214,24584,17126,26161,17212,51417,59057,21118,68290,85108,77454,03050,27322,60237,2A071,47084,89371,70437,76091,38452,02268,02647,36029,07199,21627,88383,15111,33426,65368,14542,47037,55332,17469,2A018,19257,13113,57076,18074,76491,88460,78688,17365,57256,79163,30117,42051,41277,26084,59155,88039,37002,34030,97612,16233,76237,51316,72068,37270,24110,33145,41297,88446,62260,37080,21024,07341,14092,02276,19287,68193,70431,70440,27408,77269,36210,46059,80025,70140,67474,36063,32012,11156,62821,10340,43194,77326,39334,03097,29162,36142,27427,10289,31106,64047,02338,72178,05157,09311,14090,2A360,84145,64199,17436,11185,40196,61344,32064,71184,74088,14020,36160,59419,25290,73223,10171,45203,68291,68205,70115,08080,77400,04035,43263,62268,16128,21586,50292,31415,39370,07210,60660,74137,06157,61040,58273,21642,17278,51006,44190,18197,64550,67447,28215,58140,71339,62525,25159,61211,16111,10188,02443,77339,39031,19226,58112,65382,85026,59616,19160,29065,41281,76494,65377,25332,57574,88029,08353,68142,16243,26229,60516,35102,71266,24445,86130,49311,43234,43127,12297,25385,63468,88360,80275,03090,07025,17474,60468,58229,28116,85049,85221,60299,25439,34020,45245,27317,10061,62689,47050,10059,14303,14692,14610,2B096,38020,70215,19027,38205,76188,23128,12048,27191,51288,89270,74234,02136,31174,69006,61292,86198,22132,39519,52479,21669,76391,54536,76291,21231,02182,67153,62116,21701,32170,30136,03224,19061,62520,31040,41108,33462,46323,48074,77157,73005,71501,59628,46222,63102,39448,81267,45248,51278,10425,56230,02229,57672,95241,80182,26114,66113,80602,21435,80042,77511,57310,05048,08078,10356,68113,43120,70135,57706,33063,70336,60328,50174,81078,51629,07250,73271,26099,50188,02635,77241,76131,35218,63380,28275,53118,08319,63314,26042,78296,71371,76039,27678,44057,02138,2B177,02237,64088,14377,01152,33213,64522,73310,15032,62876,63241,57515,57125,06040,70124,22021,80110,32128,09115,41212,18254,28417,64496,91047,37203,12177,60579,94079,25110,16023,58280,61433,65214,62021,70114,64318,42008,88510,83030,43119,82063,42223,04043,45035,16093,69272,44089,34057,76185,26272,88326,56108,89408,27611,10420,91560,42179,62013,74097,95055,24322,72060,08103,27539,63354,77192,62303,55115,38115,86064,76710,60104,80068,57582,89286,76033,22004,41279,68096,02248,62109,63296,26037,14207,07336,77153,31031,85206,26046,18233,80585,44055,62760,65328,06118,56048,41053,61418,61099,71445,10315,12252,45301,49068,68313,67058,77194,46237,14724,32274,25286,71098,44033,64493,14037,31411,10009,29026,33268,42071,27082,62385,95170,59147,57683,32318,21672,38564,27372,80392,14709,07230,08438,42026,78158,38311,77081,54487,78440,25438,15215,14184,25115,57543,07041,27136,16409,64265,22326,34160,02489,46143,26050,62779,89099,31426,21438,24042,40249,39198,55070,67470,02438,30047,64269,04192,02404,62614,88527,53076,59548,59589,84021,80094,27329,07289,43231,69180,65367,19004,70529,46207,60166,27662,57217,68196,12209,57449,79139,54327,56247,64408,03312,41102,58101,16280,76406,32360,77340,62847,46232,07115,33146,86229,56196,33327,60652,87146,26214,89433,45161,64007,72205,31242,81232,21334,43178,60276,02641,08389,51577,29069,29006,31529,17074,17455,26369,24419,02573,54516,22011,02204,21038,58277,52536,79253,66069,38356,23174,76340,84011,38542,59615,59652,97306,65277,03297,08293,48059,79320,08393,53150,18160,68153,30166,31104,52377,45050,07140,80518,64256,39027,18080,27288,65323,21400,41241,81067,21550,11429,02786,54444,39582,02584,89123,16272,45059,46199,08222,19254,08123,03288,70090,94056,95210,35169,47144,11075,23195,02753,11076,31428,04019,72023,11120,88113,56091,23019,54003,02833,60400,40119,71159,89007,63066,30249,28106,62074,61413,63203,53021,86236,97361,01019,39038,94077,62845,11410,32359,17214,77025,14435,81291,15034,51530,88341,02133,59669,80250,62411,87155,26226,54337,11260,87117,31267,67279,70411,78616,31095,21460,45255,57304,43044,30120,60326,57148,89158,54479,62589,69042,01140,27090,08011,05090,54373,39167,62582,97234,62566,64232,26025,47271,26256,09092,57626,39047,91318,16138,57021,40295,74054,16298,52366,33115,24421,31531,55364,52170,89486,51399,18118,52490,72004,50628,31329,57181,22312,31399,76051,14498,48082,13119,79174,02575,32193,30223,24091,56259,91249,95369,87101,77125,76161,60375,05014,03120,2B229,89251,76595,60324,76464,54539,68209,60389,40108,37282,80338,64004,01449,01054,49030,29145,60231,53237,25120,25383,02483,38131,64473,06010,07121,97224,81219,25334,88487,83089,68081,43215,90052,30237,59493,05162,38243,65440,14038,67416,64130,54191,51650,33380,64042,49182,30009,64323,51422,39526,51225,04210,02007,55171,87039,25255,85237,03017,53107,08420,81318,38064,26171,29199,67136,59327,33237,78569,29172,89136,01381,13030,03151,18169,88328,19023,07216,48072,89420,67389,50185,70490,57642,38052,62896,54560,21065,10201,68071,30060,21452,80049,69265,30194,33055,71323,28234,59524,14454,13084,56152,65204,44051,21410,54368,74202,43175,02373,52002,87128,02222,22372,26072,65453,36175,89079,10190,01234,31032,09023,66011,55458,91286,55501,53266,34304,58310,38503,86281,05003,79031,80597,09246,07326,92020,12256,34094,59511,2A276,36019,95625,45247,87151,59642,03291,82109,27115,30188,45073,39268,49010,24257,76410,73171,17030,04234,39281,51112,21210,71586,57356,54093,63308,86096,11172,31379,02535,25265,91067,88009,65017,77073,62785,65216,67023,68179,73225,2B105,87019,11312,07109,59276,25431,21263,16365,47190,07261,80674,50302,11108,16244,70558,54353,71046,01075,38376,03159,34262,35312,57462,57239,51354,68293,10165,54163,40272,74075,77530,24080,67248,11435,19007,37214,07319,32156,78537,34118,25052,31023,07278,62543,23006,69119,02518,63061,08189,58264,13002,45265,78484,31015,21138,09237,34186,64327,38008,27196,24575,04129,09157,63263,89424,64064,64242,18113,10332,43130,58121,21169,38100,04135,28086,11179,82179,78366,32062,25432,33052,73065,21561,51039,23155,11098,10159,37242,62777,58284,33128,49266,42267,04133,54023,16124,79160,21713,70041,45080,77242,59084,17431,69037,16064,77115,68139,41105,65011,39343,24544,33172,62027,25311,27621,16302,29128,75106,60549,89373,13004,76587,82135,03307,79109,34215,41025,24266,63427,51426,70032,08380,36104,38415,25298,62600,57584,77291,37025,38403,40194,26335,01311,76476,62434,64012,40088,68161,10007,53141,78571,56067,36213,76144,31409,21683,52136,64022,44014,60651,69156,12284,74178,80714,44156,64420,63467,48089,62005,39156,76092,49048,50420,74158,02070,22390,61301,63057,51611,09160,57158,59119,50028,35018,88024,2B290,70444,12035,85074,29277,60451,35192,12077,32198,25391,63252,56203,70436,17337,30255,78321,70242,69189,02721,64446,09227,05142,57275,40253,2A129,37059,45070,66228,80783,01021,55464,15200,78410,05066,37204,62118,79114,29018,81084,51562,35160,44110,54211,44075,30206,66187,21319,69276,24300,38136,02547,85265,60337,06005,80089,18084,23108,21579,34164,27508,14221,27382,33499,59222,21113,81147,22121,01014,71070,39510,70218,88261,49053,62567,17113,23248,57485,14486,54208,60676,02496,65072,56028,54543,42086,03107,14402,83074,64460,64264,03306,27209,41151,14502,76551,02556,05029,76664,57524,86114,55009,60626,70016,81275,82158,71196,31318,38050,17373,29246,71134,63250,38189,86052,71033,72018,39318,71481,50341,46095,62627,33275,57063,01259,18163,62376,26061,34309,02526,71353,49272,55321,21173,62839,62462,19266,71277,33079,71215,60368,39540,52033,37022,46027,38109,57392,77446,23132,33039,16273,62390,58008,54376,83120,27404,53130,64544,95253,32178,46256,17139,39539,32247,55331,49345,64276,08415,68185,76067,57407,36234,07227,57507,72035,14161,57010,59633,71099,51469,46015,60233,57012,24329,69243,32428,77254,42229,83100,14182,53223,87084,31249,51642,39056,86262,45015,01006,76146,25630,60422,30264,35118,62157,06114,17162,53229,51516,36075,64208,16054,67319,42137,79349,02657,31237,72323,32059,65080,59157,52442,17299,55448,49193,73212,51116,64459,93070,83017,39050,39529,25456,80835,28164,85266,2B292,71042,42148,11178,08207,76580,76615,62444,08060,22378,81231,60062,67178,62300,51127,2A336,28217,10055,11372,68257,73258,69204,55310,31573,77217,31085,14126,64279,33121,2B134,59467,25174,88513,21570,07005,61015,54507,39352,05060,01345,91105,15212,23226,35354,57375,33099,08358,18104,10187,65215,40068,64461,63375,69026,88347,68304,02183,2B165,59268,14354,71513,39486,37151,50205,65269,15259,04130,14659,76279,64128,54524,81042,22157,84096,11431,10303,04041,58184,67276,32037,81307,51536,78346,70326,05172,37094,14256,54577,24341,84027,35235,88101,78443,89474,01098,07292,68065,81163,76636,71557,33173,37051,62274,62359,51213,58292,69016,10354,67322,52114,38204,73063,56228,21238,36061,14204,79049,54550,24428,76477,53048,38424,57084,45258,54160,03141,07162,70538,38031,02430,67254,30217,65153,13057,88135,40185,38148,09079,34198,01275,38440,25366,76685,54469,29166,27624,36196,24417,24061,10372,31370,86023,29198,12135,89253,85300,02673,11381,36134,39063,53155,32401,54570,25276,63072,04066,76013,47319,50099,17384,28325,40104,77513,56104,07323,14550,78104,88525,2B166,56227,89398,23014,72308,91685,80692,80723,45283,25239,17393,60416,71128,51648,64180,37232,11355,29095,46082,59424,55093,05102,44054,07126,76043,78143,55461,79115,39411,58028,32050,60344,27371,02116,43262,57567,68105,91659,84083,76572,62170,24352,2A011,03007,58304,07014,06143,04176,71317,55241,95641,53091,44207,21430,33194,25348,64447,37152,10443,52522,10199,43199,80023,45144,23005,42177,14637,36014,55301,02412,35032,26345,25619,11225,18199,53178,22261,69280,46321,71414,57112,60188,46201,21214,64235,2B335,83095,26116,24474,81105,46193,80718,67209,27332,77077,27418,60490,54066,11079,63259,26210,86221,67500,29122,62648,39407,25515,35123,24518,57183,80729,88394,33551,24562,83121,15202,89395,01366,09017,70163,88047,78020,86103,66052,27633,25238,57619,28168,65094,43143,60220,52398,08226,07084,31419,87165,43193,79302,57195,36086,39176,95183,16118,95459,59099,11377,31401,45336,02652,31189,43177,49271,91547,26223,61367,33030,25207,43125,76090,57371,37014,71358,60283,86119,32192,60185,27009,73117,08073,61308,95445,69067,56260,09188,62181,60406,41090,81021,31443,33027,77203,71397,31167,12025,24101,17416,81293,07047,51165,27495,63007,31584,68216,02590,36036,40311,76403,42006,59191,78497,84004,18078,39046,30142,24228,39246,39114,26067,57629,40064,25519,70257,59581,18094,86252,24189,76632,04102,40142,46312,46125,80512,25009,68152,14601,33363,31432,76508,65457,82145,54452,43017,35088,27259,80112,54546,31475,26074,25503,43114,01331,16400,07068,11163,54480,56004,14510,70308,25365,21406,05166,76083,33264,64334,54477,59266,42193,88286,78559,47017,17033,63367,37276,59193,44085,06121,79184,04158,05126,29244,40178,14677,23028,61376,11244,60140,57700,35271,47148,78192,81221,50105,34290,70194,30146,42104,91679,10202,31034,62225,45273,59345,42135,04047,30281,59231,31276,89060,62443,21588,70489,08166,08225,77063,02201,77135,71069,08409,07015,26318,28378,46313,87040,60057,16375,30240,26373,51507,15174,61234,50097,39084,80640,56198,45182,57070,88030,19095,67480,47209,65022,45280,03031,11424,26362,35055,81167,74215,70454,53110,04061,17346,24422,62590,51315,50161,64501,60149,68208,31395,62522,64170,82143,87159,79136,30026,67526,77288,33160,57180,90041,33429,28283,37275,62344,72010,81305,60533,16382,58065,33189,64464,02122,28411,08295,65096,76483,77113,52312,14762,33223,67370,05031,38166,44001,72359,85277,37004,02760,64284,27135,89100,60359,60462,88093,26209,10220,52337,91648,62176,50536,39472,71140,01155,78650,90098,21176,25273,70272,31135,54350,42037,52426,66013,25129,21145,42088,01370,08035,07342,47094,59254,50379,50126,01379,10062,72086,03127,67145,17053,49192,31303,63265,08362,03283,91525,62551,33179,50617,86148,34173,85132,51639,50588,59037,29081,32310,51224,90018,68111,67247,06158,85062,70021,03160,29191,97608,81096,12288,60438,55165,86045,53153,35117,50641,11041,68345,44166,97410,59577,51526,88478,22375,09256,88203,44201,14555,62090,22184,67493,77394,14061,77071,89407,02295,37030,05100,63020,65472,34272,51052,88025,97211,71108,09121,2B079,54248,95120,70405,62182,62656,12265,80479,2A288,08378,25208,89352,43202,58202,62608,08276,18016,24200,08410,54193,01238,63431,70435,50613,76455,97603,50027,78138,29056,92002,79191,10408,2A100,70548,36091,62041,62415,56163,46124,76109,62491,64090,32021,57436,77284,03200,57414,32214,24128,65420,26275,27629,10345,34075,34174,27194,10193,15055,77384,68087,16307,27358,21249,77416,03201,91226,53245,2A196,21382,21493,44200,40161,21190,81054,56013,02711,62140,33201,64122,80204,31148,10110,28034,38547,54184,12169,38056,91434,67535,68228,81192,71296,90044,30029,10064,68132,42319,72139,26189,47088,27054,2B286,21622,65064,31304,19221,80590,67043,49082,76536,32389,34061,11126,86058,34113,60547,11157,55237,31185,14320,32242,86136,78398,12233,36224,25590,41209,71483,57611,67012,49218,24121,30345,11374,08245,31243,28341,27173,32388,45152,55370,27489,54381,61404,65032,61012,22134,33020,81152,68227,31012,76382,59131,2B180,23004,42034,02775,67124,27561,46247,62702,73092,57288,54021,57103,33191,94068,46139,31054,88023,53157,77380,02040,88162,43077,54535,33437,14446,80746,70278,59483,26315,69207,43039,39230,39523,33126,57538,54272,82080,70549,27411,77398,39284,02614,60372,77114,70357,34243,57552,73147,57443,79311,36077,47202,55429,21241,42021,21055,23050,35167,31175,57665,89219,76507,54578,28324,77251,86245,38219,38402,13105,76121,60509,69104,76562,52007,76626,51361,80544,59393,33187,76002,79164,57757,10362,86214,82108,05099,73242,85172,33048,07067,21237,85120,44149,54278,64296,21425,70371,43069,80502,86207,18145,2A027,24304,91552,60586,30204,45056,14023,26185,78615,88307,38248,32287,32227,07220,54592,25629,42151,52017,56258,37049,21506,25153,62861,89061,64186,33335,24224,43204,59520,2B030,21311,53066,59370,88043,87113,32121,76163,87096,57492,06001,39477,28398,17458,31233,29087,95304,80185,67361,21245,27290,77320,28053,40154,63123,70269,33257,62837,33226,63381,43159,81027,54340,46178,58303,25526,17331,70580,67152,69275,88250,70501,57100,41218,28195,35333,09108,44222,83140,13207,02266,03157,24367,40197,72134,2B252,03054,56134,32383,64045,71123,46226,89384,50353,51617,71547,29003,79076,68266,45177,59391,40123,41211,38418,83051,03211,02783,16189,59630,25447,50172,64483,92014,14529,55018,08145,38185,02334,54439,60474,64120,38153,63261,67250,36188,59451,40245,59464,71193,55421,50279,64478,88438,55282,51139,60135,62803,01211,21159,39133,76492,62703,61372,60013,17275,48192,62641,49217,16056,62554,01050,66154,62800,61024,13092,21497,57110,35187,64533,39093,65350,16258,74180,67037,52547,17422,57386,64077,37191,08089,10189,49163,86217,42266,02661,95287,14338,87094,48046,32120,45279,01328,68249,60105,70012,37041,25455,91069,52159,56216,01105,38352,10319,26231,74122,86007,34306,59127,47244,70306,34242,65366,37241,77396,80776,59003,02388,88418,65362,76346,90071,76509,59600,31462,55047,58252,76484,02096,05167,27388,27686,87017,17339,23236,88275,14211,77500,65439,52131,02699,61087,37048,71017,82077,10014,71473,25008,76045,45188,80096,42079,54279,15178,60426,89265,62026,2B097,10254,34059,08217,63405,70396,63136,93074,67090,59431,69381,66159,14299,36064,95392,21409,30169,60566,28308,57055,80008,37065,49086,23009,07263,69068,36081,72273,12202,37277,55401,07089,15043,67079,33003,34108,32326,30150,35175,31408,39077,76719,11309,21617,34204,75120,62265,02785,60410,25539,43012,60031,60510,02588,88106,65308,72188,71150,02510,54070,53012,52075,55508,70524,17277,10045,68243,03155,38282,36129,27618,64371,85269,05171,88448,65314,72073,66136,11234,33098,54430,61108,71478,54245,79295,30005,28329,80366,18246,77286,32248,26039,67538,64204,10341,83063,60222,77119,80425,19123,27207,38481,27429,22037,15206,48165,65033,12148,76130,67384,44047,34341,50230,41045,25221,10353,52386,38037,65005,09165,71195,73284,77316,44108,71343,58300,25026,57397,56171,26204,72130,19145,65358,71031,88278,80157,37238,71496,68362,76544,33182,01082,62517,80180,17025,06019,50263,78057,51210,62105,21596,60120,10350,54074,42025,21674,17386,34269,71173,01260,88168,70341,80737,78391,32307,71314,49055,13091,87141,02258,22229,59602,30052,64462,95584,50178,17413,84088,68256,62155,66218,27541,41126,12226,17236,72020,24405,32426,2A066,61041,22239,39434,37085,42127,80109,29124,74050,07309,01344,54425,10432,67017,53139,01225,59046,82120,10226,89022,02280,60675,46072,14533,66101,31398,64392,15180,06090,16034,31548,39263,32378,94076,45102,17122,54561,66060,71206,04214,27592,70047,14220,29211,35273,01403,31327,2B193,19241,21100,09277,58177,33218,07330,04151,38566,50371,57129,63404,88096,46301,21678,77280,46151,58281,73278,85254,75116,69072,71400,77429,31517,2B171,48070,80066,23026,68120,42162,36205,65393,16007,10286,62270,83130,12068,09327,38423,51019,02701,2B287,25323,08461,63267,12211,72173,62673,03095,33434,71112,57350,72380,32340,72256,24288,34018,65121,73027,27108,08146,08052,25322,10396,17274,27282,19215,2B175,28294,17038,47283,88470,60261,27379,10373,21471,64150,72309,87035,56079,10321,09026,17165,71068,76386,01084,62275,25617,86066,26023,32322,70305,33252,19060,60339,70196,80264,51094,65075,54274,94046,71038,36243,80820,24195,64039,64091,76529,49121,01384,68361,47225,94002,09341,38362,21201,88352,63202,71210,97217,88340,31081,07343,54062,04023,18062,62535,14494,81017,08412,01061,73139,70321,31340,27376,67300,31037,60076,21574,21481,57454,28355,40084,45254,38496,46064,62113,08284,31259,19149,21526,08312,95370,50159,30165,64106,51503,62685,51263,59582,66158,11307,17071,37245,27123,11426,42310,93063,41171,41161,37255,27341,51364,50006,12053,33141,14457,11379,83097,54547,27438,65444,79100,91200,77328,04186,86075,51476,89374,02743,10041,83137,55453,70042,32380,59414,60036,70420,47217,68017,63347,68218,35148,39338,02191,02820,03266,89262,16387,60542,15132,34299,58309,53116,32244,2A203,57221,65270,76136,57182,24059,65292,62456,89264,36038,50262,85010,33236,54411,30274,24397,07130,62547,88048,41124,22334,43128,25350,36237,31153,32436,24237,47102,02445,10113,62750,80750,53043,81215,17026,79003,40008,88403,73068,45231,80261,14044,41069,51365,40095,89467,09242,76219,13108,67555,88147,25246,70109,49090,21129,27665,31103,54334,31476,26364,17110,31552,27010,46070,45001,60658,78501,08413,50621,14165,12253,59304,72074,84091,62781,16401,67118,76523,02703,49331,16170,52070,43180,38046,12243,39277,33490,44115,33156,76360,35190,85202,57742,40131,17195,47014,14661,59203,50221,34136,2A345,33256,17052,55015,17232,64009,76666,41181,76226,53236,65390,02126,77056,88485,25270,63438,41003,61257,37125,60074,35361,42022,02214,12276,18193,30311,86298,41278,25445,61105,17471,59450,33157,59165,56158,12197,57337,47111,38225,27001,23172,71262,06027,69125,50468,02011,23110,47240,78640,42182,14089,32096,51571,54220,31113,87161,51308,02724,31208,12002,85087,86180,73123,61342,61485,25074,30315,35265,68080,65077,42141,60132,76653,27327,82021,28336,02617,41145,25589,38267,43200,61159,06162,35130,80265,76143,80565,67217,63170,76085,33415,54473,27564,12136,14593,64457,65392,24541,58269,39364,27390,25579,26322,14162,80828,54296,33391,82121,67122,59091,40204,31308,24100,64376,24106,28070,38076,70274,31066,45282,22031,28257,52137,80188,47080,27342,88229,31080,57727,79074,88480,50088,62080,34125,77083,76178,11117,27043,13049,23106,42067,45312,31444,51504,12238,78163,21428,14045,41087,32379,01016,24409,29275,10259,04195,30259,80073,48038,70144,43139,80526,50360,02326,07163,61156,33440,79116,37019,67033,02513,80235,52193,54017,54429,47130,57457,87091,54456,57056,89263,89386,60129,25482,74006,67256,08237,50276,63189,63307,51177,83056,42066,09060,90059,55428,32346,59477,77483,29104,89338,30167,60645,62460,39182,58090,61443,51190,16206,65059,76413,57247,85054,50362,26295,50095,78520,12144,51130,45031,63470,41296,46050,77032,61069,08074,79258,53199,45116,87021,89284,59598,90035,2B010,52422,49355,84077,08307,40177,30067,13024,89311,27275,60517,06023,10251,10002,38173,68037,32174,15191,38049,72239,15258,64261,11343,58020,50584,33331,58068,15182,21523,29300,28316,85161,49201,03285,01400,70492,38558,38413,21381,55586,31360,31280,82105,33438,74123,67499,27476,10249,51030,89363,51283,68138,17089,76021,50327,86296,25001,88379,47009,78481,76397,54509,31317,47041,39220,09235,30261,14286,77002,51175,42306,14312,27386,55325,02649,86008,89419,52133,27650,40218,83101,18013,58306,83035,55228,40158,69194,01141,56185,54277,63025,51546,36042,29078,68278,39485,70373,85119,35295,70563,67180,69046,60174,30257,79354,52363,78367,12047,44109,30221,89244,78464,42047,24246,45030,69164,21695,92022,71485,27141,41250,82110,08268,10239,62905,01067,74073,39399,80402,64205,24274,74257,27248,23060,54310,73328,51185,08088,25557,86009,88267,70160,08478,40188,84001,44013,36159,50431,10003,62033,39377,88158,41101,40290,77086,48108,11054,12006,17427,51128,78118,63143,57134,60697,50317,62857,16060,64198,62276,57357,38260,66071,22118,38120,24323,74254,50102,40273,59559,60643,22345,14333,66164,09342,84007,29010,61162,39314,67084,18019,59531,21123,2B188,69256,41116,72320,02714,34238,76022,24328,11024,84069,11232,80593,83125,38135,03045,33367,28366,42147,58147,22226,61089,74193,97616,17028,52118,84047,32411,59255,24549,14445,41143,54006,68366,29226,77342,34151,71408,61107,51643,51584,17426,55573,49140,40159,32457,71043,02629,62825,88164,21018,60489,40092,17406,01159,03051,91294,47093,37047,02312,62510,62887,17060,54284,15050,80231,57107,11113,54333,54399,71269,16363,07050,04069,04106,2B244,44037,32453,66092,52231,27124,80086,52066,71279,33080,39504,76106,32343,79268,91099,54369,57391,54400,67253,03293,25390,65257,77307,12262,45229,80758,51321,34072,03158,10250,73315,14365,82178,03182,84081,55269,87085,52487,11188,71336,42016,37207,55292,32103,27005,57214,45125,31341,40027,30114,02017,63069,40225,55571,64456,21531,43195,23216,29031,42338,79167,53121,58274,63140,25614,88471,80825,34239,57144,61203,21352,62017,70448,24359,19097,69244,27401,18202,73076,83123,2B073,52196,10114,73124,27216,77019,78237,52374,89128,58031,81030,70575,47097,59447,21105,21659,85064,65432,89308,52428,12036,33026,30082,31064,28045,55027,27571,81131,51565,60519,31481,80736,28149,16186,02008,71257,50305,41287,37088,10137,62035,87003,61092,62342,34187,68024,40057,89234,74102,89043,70097,26141,14737,76216,89236,76621,57328,21557,76419,07146,42142,62185,62591,85114,08084,01402,50281,89480,89108,56153,25125,60642,57305,15233,02549,69142,80450,72195,59195,54443,11110,61120,22105,38085,39283,28107,90001,49017,42282,89179,67368,16069,26234,02742,60241,11190,25190,45212,50405,11067,65340,26241,09122,71514,80013,91654,39492,02178,70505,25236,59132,47134,73257,77001,68135,71424,97227,71014,63333,72232,57655,86261,55311,07106,24226,2B082,50550,54196,24139,18231,01266,14345,31124,76107,21369,63283,33075,81214,02293,59217,62770,09326,35155,64286,89291,87110,28027,71202,26142,78133,70067,76697,22139,78431,64316,16403,02291,71449,59584,2A032,89151,64378,06064,52092,31179,84098,77219,91027,46268,39439,71102,61297,32302,31102,08350,40200,83144,32038,32066,70243,62439,88388,76079,64162,62228,55329,11214,73317,2B314,25044,76461,78498,17367,77418,50168,58057,38504,03072,92023,74013,68343,55008,97206,27280,24414,90072,05068,90042,47117,43086,25528,45069,42045,39187,65450,44070,77465,34297,89194,08188,92062,60688,03246,88059,46243,39570,88027,55031,02241,12162,62624,50310,17355,69294,24060,66142,71186,67085,59331,63216,80393,87018,25171,65230,38455,71471,59454,35238,30145,84039,21192,58249,57579,69387,38389,61366,68363,30111,79249,50236,15156,2B055,02366,57686,45243,31063,26043,32163,51448,52550,30011,21620,22384,30208,37069,34109,03112,47300,76356,57403,17117,64234,57616,08421,52264,50345,64210,63030,22216,32440,87139,61018,76426,53013,04182,34258,57047,31406,83072,62484,44096,80271,01027,14571,76283,31547,59457,07102,56010,63210,19281,57153,71567,78107,69034,17288,24357,07112,17215,04205,64111,87112,29179,27530,02665,07204,47275,28158,73312,83077,71168,76245,67304,93066,81166,2B122,76677,80388,13087,14083,62416,66209,08422,43137,39175,02278,81311,01397,11239,55251,23186,57431,17398,25093,38359,39298,86113,07253,66100,54247,26320,10148,01093,02690,32207,21045,71076,27366,81289,25019,54238,87068,11373,43092,48020,72250,32196,31334,95633,63175,88032,82149,88486,25602,2B338,52507,63076,64521,35198,61422,56054,46319,60541,01189,2B273,63425,46102,44197,19104,71075,57353,79159,74068,68224,60291,02186,44065,71461,14469,60535,89272,02089,62286,40283,59238,91458,76312,68231,86164,24482,73040,41006,71243,61151,47061,13055,33345,55127,86273,08056,12133,01358,33118,51403,17077,39547,09230,23003,55580,50218,46107,28061,25116,40013,07076,02033,65182,18100,15080,61397,21084,54159,66106,76423,76577,48124,62242,43093,10271,11297,11421,25546,25376,81186,49054,39331,09150,18038,74055,37129,47219,08082,22208,21455,03294,37045,64414,41020,31566,88028,32048,38151,26129,58294,51033,63454,76335,04008,59179,37074,89232,07064,57463,42202,67519,87154,76329,40135,54226,63418,53030,76619,60341,74128,67298,45323,15230,53201,60012,80643,42087,78389,59012,25542,14421,74203,24179,79145,17022,43068,37222,01401,26057,61375,45058,21354,50031,76505,40255,38287,02256,49328,54343,45046,73100,26049,52494,65317,36115,12137,55248,95250,40321,21133,50050,23018,39190,02181,51587,66114,15127,31591,60315,59385,38396,06116,68077,02375,69239,77003,10274,21639,70081,39209,2B172,80637,39142,57625,05085,66102,59452,08239,52230,10125,57163,19265,25580,56063,59166,88007,82038,57242,30303,74103,56089,44178,32106,18057,47185,17438,55389,21154,63122,61064,68333,87134,58159,71299,57146,88209,31269,67150,81245,78120,08135,69389,79263,32033,46045,27546,63328,07196,67203,17266,63041,33068,71092,71110,62714,91184,22194,14726,33498,22199,64112,46016,01208,60520,17465,48050,91589,73013,46186,32116,23170,11342,70119,01235,60456,60635,14214,09117,07294,64477,37128,52106,78261,65315,38546,36176,70230,02595,52187,50433,17477,76111,80197,14590,57689,09015,21611,31430,09093,35257,11338,70288,95351,2A204,38375,68190,65212,41265,27690,51256,47057,17437,34317,18092,28108,22317,15170,28272,70205,32233,21278,25342,74007,81292,80131,39278,12024,92078,53134,51434,52291,80122,42262,01268,62730,72377,78125,61160,09053,64391,30071,01353,54209,63251,21361,25182,42010,72156,78325,11030,70363,17059,62058,30010,49023,14403,36027,76501,80709,72253,24548,80439,01346,51197,29184,51380,21204,63150,17320,11414,76454,58007,26332,77058,09283,74085,33540,79195,89161,50616,39090,80671,56161,97613,31086,17206,2A215,46101,26134,51204,55408,70164,62529,67408,90023,62860,12139,40053,09222,44216,17485,03269,40162,88364,53031,63391,52211,62481,05051,50592,33175,45072,38055,91494,35030,33390,43221,71544,15021,51490,26093,09059,72234,02681,25441,80332,59506,05082,10120,23160,32108,2A103,47033,31119,52219,24580,19126,09131,58211,24494,22193,27164,02030,54574,12193,51528,72049,25545,73318,76306,70176,54455,71442,68040,67240,69082,12188,76159,08404,66116,57513,63162,27616,32234,61427,85104,16067,14620,68301,71401,97357,51351,88458,73011,33285,64331,21357,25437,14131,66005,60170,53203,07318,76506,38360,76662,22350,65167,17287,67143,11010,70078,85056,43059,02333,14118,43259,40033,44208,25138,67476,27529,67252,41013,54116,14369,18111,77013,95422,64119,59614,47273,60342,11121,79094,14103,11057,03001,40284,74314,57267,23250,33494,18063,47081,85248,37124,54219,18280,55523,57155,11243,02243,25565,64351,89370,59401,18158,57269,17115,03164,89218,50382,80790,30096,62124,65341,97302,21449,11346,74221,81148,60289,44153,34318,46293,35204,57282,79034,01207,63152,88219,66002,46126,39436,25460,71518,91538,77004,09181,57151,74018,95438,29005,72105,07008,55065,39094,55053,11147,61202,22097,80315,77477,42201,65467,50507,85287,70527,21554,64066,66169,65410,18086,16210,26336,23168,51010,90076,04237,54134,33287,44206,36143,58145,82096,39479,72202,65207,37176,89365,14589,87143,67013,05080,31149,19236,33439,42336,69229,18277,01236,23093,80084,02137,65084,65416,21108,71062,62514,03047,57216,17280,10213,32432,02064,76295,65245,21625,56208,21217,80701,38112,60687,37189,70092,12190,27118,79229,67126,65185,57482,52367,86176,82172,21500,89023,80239,57746,09003,80449,52525,60383,80004,23177,63121,56051,59590,74146,04201,67044,17379,79165,07139,63209,11419,72084,41208,76353,2B347,52331,39425,78299,24097,02519,06076,36011,36191,76733,57114,25594,88309,88181,34126,01338,08377,09076,77256,71059,34281,19076,10378,54591,52315,2A181,25288,21587,02654,42283,89113,39015,35114,60503,06030,11375,31226,16347,53053,86142,63054,33386,29232,38035,90064,74009,50195,55245,43227,13047,11129,67438,47137,15104,69139,06036,33136,24186,89399,61295,10264,78548,26015,55435,81140,67071,62375,88225,70485,80789,36085,16001,21541,08098,59294,2A090,07033,08489,52015,85155,51106,31450,72175,57207,65141,78242,80485,64474,67485,31471,89115,42099,55493,52223,08097,55339,63187,35098,86032,68055,17354,31439,62530,85240,51477,07039,51568,19213,79121,89210,19125,03137,87067,54587,69299,65131,80329,70128,59437,51267,77471,79278,01443,28231,15058,09035,30268,44071,24190,15205,07111,74315,65228,55140,97418,25061,46036,80824,11143,21389,64356,54132,76485,39168,02292,82103,25338,37163,58062,50569,39446,62799,28388,40296,2B137,14325,64507,80833,83040,77224,43135,63290,17356,40182,50087,80823,67307,76578,54488,57346,76440,59547,60505,76125,59490,80414,62475,71085,21536,54048,17372,21426,68222,17148,01130,41135,27049,51404,05007,59418,01389,03270,44175,56055,01318,61062,10192,29293,01282,46336,03030,74060,02822,55509,65054,50146,80501,95052,46337,40083,56195,46056,03205,55352,25020,31234,64548,11211,60476,25600,12125,32045,18196,17269,17457,59518,40128,46109,68029,51451,72029,11411,14401,46249,21446,15025,47221,16163,42301,80546,10223,39452,54308,28159,52087,61314,80775,45047,09276,02680,33106,13111,92060,67096,14723,87201,28110,50054,19079,55567,68172,82090,77338,45082,27351,50421,56094,88208,03014,22073,46211,27673,11132,36233,25506,80728,55420,19010,74255,71352,35052,21485,25130,40015,57467,68063,64074,21266,70569,51591,25635,80764,58233,02233,67367,21014,60594,54320,57622,45149,89021,45310,25405,51023,52469,43136,62023,88400,51372,29089,03276,60103,46035,40016,42084,42271,61500,79050,11274,74303,70429,10170,54401,76706,02112,76691,32143,16300,41153,29072,15017,38439,10255,2B313,48061,71438,89271,26162,24523,43115,43174,02047,83117,66042,11124,76332,78618,16177,23249,95270,65468,40018,41072,27070,76034,41167,39500,52319,53179,67116,34141,01212,05180,70526,55025,77238,70048,77505,59566,80571,77274,47143,70463,47040,62347,54533,30320,05116,36228,64171,59643,10442,25225,57738,02144,81320,68189,81250,57415,89196,54280,60613,62233,71306,57604,53058,17178,76640,07147,06125,02281,35133,35350,53137,54437,87008,33306,85141,43268,16109,55582,97609,06142,55496,60604,25400,70392,91553,24406,89361,19148,62773,80554,64084,67537,64560,61093,42059,01426,33388,14036,13016,97111,23173,25231,41214,67263,87057,57490,14705,23038,19150,32109,67487,16165,28054,25551,71355,90069,67097,64380,49211,39393,54176,30282,22074,27105,25479,02046,59291,42041,47317,86297,04116,27669,30093,45333,76446,31502,30098,42056,67155,61279,51119,21359,10267,95134,81038,70398,68140,67272,73246,38507,33513,08387,09172,54156,42253,80566,55156,63006,30140,80281,58285,22112,74293,35031,24028,36111,81150,03275,18032,16388,27089,14720,65199,30336,30158,51274,74294,10402,62459,85294,70561,89057,72271,10240,66195,31540,52344,47079,81310,60281,33472,27462,05008,47112,64057,14694,61206,50152,62900,35119,72078,50183,31028,71591,91079,80369,67504,18008,60143,10437,25204,37109,50019,19249,58086,32249,59051,14104,57226,27133,02799,56023,21127,57703,22381,12166,59124,34298,14609,27528,04167,21306,52523,16383,2A363,53084,77112,03217,21600,60338,52082,11095,86037,83152,50231,22391,56109,70571,13081,77024,03019,23046,80588,41014,71348,54054,59350,31272,92044,02128,47052,64475,51359,67481,46183,80530,58015,65142,36231,62355,87063,50539,27008,02166,25200,16176,30313,68150,51012,38523,44120,42166,51237,14015,59626,32086,60256,77295,50328,64409,81160,01107,73289,10243,11354,80500,64015,25435,70086,60165,71097,85216,63188,40106,60593,31198,26284,46213,40151,30322,21326,71171,14068,63449,67215,95298,37272,84078,47201,2B298,79201,71545,02361,23129,09279,52517,78171,86116,02779,59412,53018,70488,30089,08496,21703,60447,54150,79144,14621,30317,42103,16123,64096,27099,11267,04111,80220,01248,82009,60316,65346,61171,57416,51041,39006,85154,42210,66093,22236,21517,80411,59281,57235,17093,68325,26008,02462,34119,33195,52538,34006,49374,78551,81288,57501,25007,27680,17440,33013,01008,25504,83112,09083,03260,46282,54089,52147,67428,21042,27604,70532,11032,81132,27144,10101,31006,24470,55194,80577,72324,2B042,81041,60433,14225,12105,89031,30224,24567,55178,85099,43063,71568,21590,33294,80184,47024,32197,65473,18096,14495,81196,33364,58258,27360,54250,46085,63364,31201,21648,55522,59309,14603,60627,31328,57681,51170,62043,90012,68148,83011,22014,65031,65307,53132,02053,30088,17267,46020,14070,57189,72101,28422,74121,38124,24461,29079,95056,36088,63118,31366,64490,17327,67191,70517,21136,11116,33485,60023,34116,79236,65221,62306,25624,70130,01359,65401,88429,73252,60380,45210,68217,77147,63117,32452,73196,09299,76527,17235,07282,29180,07337,39265,08390,62257,30250,76123,31539,58123,62312,95676,27640,63332,24292,64487,18195,28171,07030,59026,33129,72204,84136,38221,27239,22224,31001,78565,44179,02316,08105,02060,57498,04156,66099,38490,28196,69036,02750,60358,85236,13206,79351,25316,05054,62425,15226,27451,51579,02612,95028,58119,67413,25343,55078,19189,32296,55528,60546,33165,76405,24465,51259,02626,14764,33272,27359,30350,39319,17223,68370,64221,21661,35225,54576,14033,78108,71405,35297,76753,33427,07182,52057,35311,01030,84037,55583,17418,38140,49194,81254,80601,07175,95353,11422,66211,62485,91691,10074,25567,23062,59409,2B033,29224,10282,17362,89414,10399,50407,68294,29222,68075,77532,80050,63360,83084,21578,61196,03259,65174,59413,14251,25274,67280,85088,27424,76366,10156,13075,17173,57352,18155,88493,07281,67452,63156,72360,71456,24481,62438,02226,38111,61102,42064,79316,02537,59198,71118,21478,21012,52269,09312,48019,07179,11253,97223,46168,70383,22211,90043,57081,85078,81240,64041,54198,33470,50370,95523,72244,64113,51148,28408,87077,84110,14497,27266,60537,33381,62720,65363,55387,25021,50610,71500,09040,69069,33137,21256,39076,24498,52475,09067,42215,33138,80047,45240,03231,63229,87097,22023,21373,32442,31534,55517,08439,72355,77210,14625,08354,2A331,86268,27663,55266,14488,25289,65172,12088,31036,77054,23058,16230,55434,28015,29245,28391,68050,61056,82053,38241,82141,81043,76311,43022,02522,51346,07082,53189,88215,12067,27162,77486,34203,34185,73283,07301,55270,39103,11123,38043,54482,27676,10134,39254,50411,15102,80767,88117,33228,21203,11189,72065,29227,14169,54552,31582,30256,65158,17268,39178,85125,25241,64288,40303,53195,27562,61121,11044,57675,55446,62782,35127,51200,26233,94078,24117,97415,55419,71027,73265,18224,17119,55073,71162,14119,80330,30080,66206,53255,35286,15081,80303,76355,66181,31309,15253,50070,2A132,38420,31114,25556,62309,64249,72226,37057,30122,08417,79290,74032,45293,02320,80426,81191,47321,01216,60657,74062,52097,12100,63396,60314,47133,65306,60169,56007,46264,62070,78147,50551,02643,78317,55557,05049,42297,13036,50474,91330,33197,63218,72375,64178,69024,22379,91115,80214,2B159,70133,40220,55180,50266,18058,47292,14016,33538,46307,61416,44171,58005,64528,34181,80531,40125,25222,08216,67340,34329,66104,76680,41128,70253,01422,76470,51320,18229,27044,81028,63390,08175,14399,37040,78043,30353,47293,31454,14753,15181,08432,66015,14482,83103,77141,54084,70521,22145,68157,40073,81011,81315,89397,54432,11440,52313,56050,62686,34244,35310,56074,43240,51284,91461,51176,71369,67283,37104,46197,40308,42308,80295,06045,29292,32468,63377,42273,62704,36067,14050,63325,22110,37253,80333,50619,54015,51118,24393,33214,85285,16003,32240,84049,01013,03074,63294,80189,85029,74224,24564,46024,02446,44007,81133,73215,67303,62436,32243,91661,43191,03003,34137,65325,86157,30297,17305,76694,42218,40143,80572,88308,69167,72346,95436,15248,71283,88151,69111,21337,71474,2B150,79341,54282,14224,64513,24311,63359,88169,04226,10246,32047,22170,14516,08330,32089,46218,41174,24568,21061,37086,2B152,44203,51258,10331,14674,62473,80702,29186,04030,56126,36040,33517,04227,08483,10179,27403,02167,01114,57711,91001,64379,61452,85297,32044,39307,57050,66059,53023,14168,76122,50258,48068,65311,74046,52369,72316,26145,59033,38353,22171,51049,10139,09328,51473,59007,39453,03092,45095,62429,30163,49021,67410,28081,57039,34294,11337,14473,38110,31479,01153,76186,33288,25117,76239,74279,03286,45227,21156,02466,05168,85077,75111,17300,38326,37082,22079,56135,64336,36074,08325,34214,58096,56046,46112,23061,51058,24489,36164,41047,33324,14060,59180,80010,77458,80193,89204,24502,76411,88476,56026,04155,27346,39391,43110,30334,76715,43011,02317,67205,42209,66219,21039,58216,31422,51092,2A324,68061,55133,55193,14391,35049,69205,28057,71350,60067,18191,67194,88452,86111,39344,85174,79241,51100,12066,77509,68337,70324,43239,50034,78442,32036,35026,44025,55072,76629,77492,08333,88424,47091,2B046,86055,64366,14014,56092,43102,88199,63378,37165,39443,62595,88176,22210,30179,85017,28252,30045,09303,12156,70518,77510,19077,17230,67542,36084,86004,13063,39218,86162,52155,32385,63455,89377,55174,34084,30280,72109,74169,35015,37123,68115,55061,16308,86065,72027,26254,48026,54558,33395,19201,2B354,37006,88156,46224,18161,88454,78033,33067,88455,14304,81175,33001,64023,52061,48117,12086,68086,80024,62621,16271,81120,71217,44015,45286,67472,53208,30355,21074,55054,21324,03067,62718,80765,84125,76165,65226,68125,60672,62706,14223,05009,52292,55554,17256,50190,87027,27498,32400,72009,17445,65370,81012,76586,32372,27591,64280,14586,27507,29230,69148,72322,14341,2A142,10395,46163,28048,33088,52091,01104,75117,65013,26357,66207,18028,66053,38487,70275,07078,48100,52484,73313,51151,33247,55341,43095,46176,29155,46223,46277,09038,47165,67192,45049,41147,63171,51512,19109,23131,70171,28132,72067,62502,25261,02318,31128,69253,56170,65089,52341,76542,08418,25544,52107,25142,69286,02427,31561,09179,39083,03089,33130,86161,17285,18002,57257,80508,18268,16148,84114,58117,21609,54300,01264,02071,71520,40292,30182,25344,25410,51358,76563,76009,39233,79014,12118,25500,48083,23020,76290,45089,09086,28030,71143,36186,50186,2A064,80145,07031,26001,38045,72347,60278,60311,91333,53037,40031,27309,44086,08111,54239,17345,50003,79038,51105,51260,55351,57484,70425,78356,21375,70069,31495,33412,65313,07306,37079,33004,83139,82177,58179,54438,23197,63399,44009,68229,88528,86183,33475,39427,91508,28291,86228,56130,91613,91081,39530,90095,16408,14465,88515,19164,33400,94065,80649,38436,73004,58063,56033,19122,56009,62048,89246,10209,39232,35321,72366,26040,02013,30172,89235,08081,80199,24124,54095,32456,46061,73142,19138,54348,89180,27294,57514,23099,69056,04022,40157,50451,69047,04191,26058,76583,62878,31382,52039,57292,46007,35340,36002,77382,52242,55139,53097,97106,57404,91657,43008,07299,07137,33329,89285,70567,92046,27406,38272,02485,50162,38543,87163,63023,45105,90085,23030,24145,68340,62349,57765,17036,82192,57718,35230,72280,42156,41055,90087,78372,58104,33241,41026,21618,51402,39286,34193,59422,29066,69033,97419,25178,47213,26277,80344,14147,80469,08244,29057,87005,31101,89478,54162,65379,27169,27208,76240,60079,54523,67167,64341,83134,45004,59399,60677,62341,45262,21556,68143,63083,67048,47174,59114,86049,17202,63113,52060,76604,01374,33134,11362,52203,16039,91526,28273,46039,25554,69092,39432,53005,13068,97314,59340,25452,02003,08366,76042,54227,61271,65200,42272,80614,43186,09095,68199,33258,34004,15228,57017,31480,39469,50587,10066,53007,40149,60138,71250,19005,24345,54474,43097,04219,74231,50274,62662,67352,64359,67423,31160,57234,39016,11087,44186,87025,64424,12203,12292,74299,02127,43045,70147,69277,32124,39132,88457,10349,31542,57685,08332,41196,82129,89290,12061,02359,57662,69062,11053,01001,25179,61467,70583,87048,33196,08379,10182,33017,12206,23035,65458,23109,31512,30348,64115,89112,42091,31093,23105,30133,30291,52330,55111,62243,63373,27287,62191,14171,21665,39480,39493,15054,89392,2B303,37137,77236,12205,02132,64551,21671,02618,70058,17409,17130,63230,62190,25362,47233,02662,55264,88333,61197,59035,72136,35223,70049,58077,72007,33074,67045,65479,81174,61142,63274,67385,53090,79244,02035,16222,71225,26351,50261,78029,02525,62245,70150,63174,67144,38023,38019,24211,45271,48010,47295,74249,27677,12224,11223,57481,45181,10020,70393,68198,19274,39537,65261,34022,30062,57104,58240,56002,60157,40141,57046,57725,59141,14343,21199,19225,30028,29068,41127,85136,51111,35061,54181,70419,97304,40261,58056,38406,01357,16207,65272,44076,29152,07001,74276,18206,64031,25277,64240,55026,34035,67366,59471,85133,56035,14079,88357,19167,16246,47205,23167,64207,80725,41236,03049,14684,61432,25193,31089,24223,32337,03177,60624,76275,64241,86019,63417,57127,86002,08455,59133,10297,01094,80316,2B002,54253,35353,21476,43241,79198,71253,40098,63451,67198,72011,63246,01007,32305,33528,37205,64480,19140,09004,76588,81203,42255,91017,91463,30260,58207,47181,68348,09145,86036,62657,25564,76441,77240,66026,40052,23228,17382,02802,38456,38080,81304,80161,47096,48104,17047,61348,73010,27078,09220,14368,62601,73094,69020,77322,54321,57659,47039,34312,18088,82153,45094,53190,47220,48065,16253,39323,35336,12042,35066,08184,08029,61423,15261,09240,19239,25025,58029,51538,72313,02271,09116,24379,14739,70356,74272,30076,69088,21298,52178,54472,70507,47158,44099,49333,86088,76389,51125,32288,61028,62754,67238,55150,81256,21083,11305,04127,59120,68062,09049,34158,70175,77293,52022,27646,44003,50138,80771,21706,57061,08102,59024,70355,08134,40314,21362,01206,62282,48176,95612,27478,40026,27369,48080,50456,55405,27514,33442,01188,03122,66044,63138,57030,67184,68149,83037,01307,27552,65337,53185,89288,33101,80583,67109,90062,10175,19022,55204,23214,63344,62495,18132,70293,59517,08230,39249,76139,71282,76566,82094,87144,06017,39396,50175,63270,62366,95012,06163,52028,74184,08132,52227,67417,76012,24109,31490,27394,67021,53067,70141,46005,2B366,21489,08329,72176,50267,09154,24582,66224,28210,52520,95303,30278,39320,53251,61168,88363,17082,63350,70522,91692,63313,59640,59077,59485,42233,21297,02748,02242,51654,51662,62368,03022,63281,63091,10398,62778,32266,28292,03282,17479,67365,27459,24478,81080,57086,87158,02330,84073,35171,63149,14261,72015,07194,28056,80673,81188,10092,09339,07348,51078,73153,86031,14030,09047,59317,51471,62132,57460,08360,91435,10294,05073,36023,62507,46065,21628,54142,60565,56077,54235,76648,69003,34007,15101,62531,18148,23190,68176,51098,15096,30130,50199,91130,02200,77014,41040,67488,13095,73043,33168,50538,80622,50491,60340,25262,02521,72098,25356,57635,68331,19075,39513,04101,56058,71078,80757,39461,88222,60608,42188,64149,63223,53173,73181,64001,10379,76229,51352,62880,26381,2B153,35296,32444,10436,03005,88130,01142,56012,02567,51397,38555,70154,14721,02393,34045,88214,85131,54147,19151,28372,89005,85149,33096,26342,03126,59386,42161,14277,80537,33332,71340,38257,81070,80016,11293,52474,21288,81242,24374,38533,74218,33037,02507,54295,68167,02651,16424,29281,45315,2B291,97606,41066,04145,10285,76077,80706,03221,38414,41062,77270,89237,27582,70461,12172,32145,39041,64404,19078,33476,61096,21414,24026,67434,74147,2B093,34099,40017,54580,45067,72376,89481,58125,80675,88336,32463,34076,42323,88133,64167,61113,87122,41205,52406,14243,21712,62152,27550,61406,38300,46156,26303,81184,62121,74281,38275,08453,61213,88504,61181,24528,54433,95371,14293,80202,51074,57066,43033,55024,66007,88081,14049,93007,70019,39030,41230,05063,14706,08138,12291,19030,80253,30323,77129,80005,80434,19014,80108,88415,23165,51622,24208,57511,71109,89073,83062,12099,79175,92049,91414,16062,14085,12180,74104,72201,40238,32449,76581,25372,64303,14487,70514,11397,21623,02051,91093,68092,21396,73042,38537,74312,13210,17152,08286,03052,17196,50484,32004,41160,62119,55315,15242,61094,73224,62653,27609,73273,71361,84042,56005,17317,40175,72198,89304,62518,45235,49027,86154,62711,89278,52383,01004,37146,29193,52483,2A104,26370,01380,26016,83136,43065,16031,32254,54511,30328,46084,2B340,31413,02585,33200,67382,06068,71050,71295,10057,42054,11003,70331,39011,62835,22158,49209,25079,09107,89116,34130,49131,21011,53233,33289,65136,72186,85145,17021,97301,18041,45303,52014,73306,91363,50093,69115,40100,65019,63258,38033,26143,35237,81082,08136,39151,57721,69236,28127,63228,28089,23088,16304,64503,51273,02387,57719,65299,58254,70311,70279,77155,40305,04218,08488,17462,33461,56083,19021,21366,31363,63080,55281,61488,66118,53213,72012,89177,60526,78126,57539,72070,27061,27068,60390,42018,82138,13017,45208,02001,65147,86024,34276,06104,02162,54529,47211,11174,71422,64200,59384,59216,12131,43005,59552,51529,31029,13070,33456,28018,88522,70168,08473,11271,70074,10304,54557,42003,91273,56127,40226,58158,67301,76517,02342,62856,57306,80749,09204,02232,53064,76030,03253,43219,65276,82027,65264,60685,43237,23243,59470,85002,39163,54564,15029,66217,81125,05132,95042,85101,57529,88244,67138,53085,28219,45002,80097,06006,48037,09088,24140,10126,21689,81045,65258,66020,24334,66017,19025,57394,31533,01215,51254,33488,02482,87160,73297,27594,63275,07321,80229,01363,64326,22087,63013,77506,27245,30141,80494,13209,26095,74311,09335,29004,66221,2B077,08388,40251,76584,74273,75114,15120,51340,07238,10032,88287,27097,29148,24444,12220,62532,76404,71385,63352,19228,61212,31469,05075,59301,17430,37247,28148,2B255,60610,81034,14231,10025,51533,04197,33059,70070,54311,42158,92064,21075,39045,76524,55011,81324,18066,51281,67087,38093,39062,47044,31554,33259,18098,28031,08304,02605,78686,38339,04057,74266,11080,16091,24280,30301,16117,62227,46329,26009,59234,46208,76471,32105,27558,70312,37070,2A019,29181,60432,68274,81273,53120,54498,80627,63420,76644,33554,35326,78128,26255,54309,50139,10161,21505,40113,42334,80427,84134,33142,71064,63028,16297,30332,32141,62288,59408,71063,09006,32434,02148,62724,25513,57724,21548,65357,09295,67230,80497,72279,76735,28351,31451,79252,21585,47038,69094,33450,89468,45225,35322,71307,21504,01112,71487,50118,54572,59551,72300,63095,61244,54064,57504,65331,60322,52094,02257,24217,15144,71386,51386,26267,77366,77259,54375,17466,61082,81314,88437,61187,01427,28114,76510,95500,39386,58137,27666,02360,42277,46161,09321,65140,62738,03280,67168,83047,81009,55189,80065,30031,88496,30351,07195,38184,14509,78076,55169,40102,73039,11398,08347,23151,57330,24500,33506,79347,38322,63395,42186,54264,49330,62301,27125,03068,25330,41017,76612,07324,63225,97201,62723,50247,76758,62383,62442,40115,38550,84115,31518,66192,02767,03125,60678,72148,23150,59062,62333,61328,67018,22332,60125,10069,02025,89362,72113,73015,76737,33411,34148,52448,67509,60148,68276,57471,79085,2B051,51286,68315,71106,2B113,55302,14236,27154,29062,51390,62492,27101,06015,27524,44170,54553,86141,85116,80476,01136,62298,57193,16071,12298,97360,82023,59249,77287,02758,21166,35360,22258,77042,68328,77052,08191,61419,54313,80724,27142,31375,52461,61420,11006,33398,63238,21631,08167,63164,57551,40267,91292,28284,30040,55485,51374,30192,06066,36108,71276,14534,02194,03039,14298,73218,50435,39422,31216,21114,87013,26353,90011,70410,40076,65224,82151,15173,83052,24159,69206,28162,25106,72160,12234,90013,32459,67514,40007,11317,79304,06054,40192,14511,60139,28404,87073,71425,25464,33093,97413,01135,07311,15137,61365,60424,57694,78070,37101,04024,05147,64238,80350,03101,18082,65002,62393,54125,57512,88241,72363,39315,34110,14500,38370,38012,69260,32271,70439,46236,51519,86190,03213,51345,30232,23264,27276,34139,55182,70046,23179,27203,16053,81281,37199,65179,30007,89297,76328,08458,21484,22067,51269,62432,62389,33544,50013,38094,35328,76065,22111,85192,62569,02211,05169,25351,76019,31005,54388,62357,13011,88085,08289,51480,14302,59173,09141,58236,02713,76285,54143,12122,47195,62691,62353,51037,85093,61248,79022,59264,24547,70247,44002,63322,78490,73017,08223,59553,41242,24176,02081,88118,64141,64520,67433,17055,61499,64223,80305,65071,71305,52217,62447,56076,02170,31178,83055,51117,31468,36035,74045,38010,81086,48067,50606,11099,02806,33008,18203,88302,88520,81268,38434,65063,02425,78677,59532,76543,10435,39137,70231,02377,38214,67313,23180,09215,40312,18288,72337,87072,62278,70011,25152,38471,28334,71590,68144,2B261,70256,24499,23112,65413,82155,42284,28077,34179,72106,61241,56251,24512,64532,41073,05112,69112,54325,70534,55088,28010,39376,58286,53098,38346,41194,69105,29225,11230,79185,88252,09297,71051,40179,66082,84018,38040,44058,70304,55285,43187,31020,39379,71221,64029,21433,06144,15168,23066,41288,67355,31527,09282,67325,33401,09269,70207,35021,08451,40195,01296,33308,10015,73272,69013,68202,65146,87198,62561,32084,16055,67056,27306,68052,86089,50364,25111,43238,74108,33406,34027,24172,21067,80356,57433,74008,50194,47056,39462,27013,2A174,87020,88046,13040,80313,55379,57045,51108,2B277,61446,81103,89002,31535,80242,27048,56145,25465,71417,57367,05059,33234,18043,72076,21032,25013,35334,17260,11155,03163,10428,74200,54292,25596,61210,68004,08219,79312,45021,67545,70235,56065,09259,45253,24520,54231,53035,84005,18214,27380,80011,80170,68046,18282,80630,55488,63312,59335,78605,69084,78499,45299,78597,36090,69225,32173,77066,67527,17175,77154,03261,01042,80699,87181,35215,15164,22088,71576,71226,25472,81300,41190,87153,81278,58026,05028,78005,55380,22272,49308,65029,27496,02821,51614,27279,47077,29058,24453,56189,58261,84094,23022,62103,36172,22090,01095,27430,32402,30129,79348,59475,23175,44048,56119,57762,38069,51482,66202,64505,66083,07044,63112,80796,50633,46333,80033,35200,44124,08383,27364,52177,70456,62556,37072,97420,72056,31143,71374,2A099,44184,21522,50574,57430,65143,26375,89436,08015,25368,86105,08470,25033,76361,60035,57254,64358,44104,91086,10197,63412,25616,74040,59458,32113,33202,38170,10288,85209,89004,85215,74001,88061,26045,67289,24136,89323,80451,54234,71084,27471,22222,11287,70446,51044,18093,88270,74205,09263,32335,39199,76168,51464,54087,39458,73026,72312,45215,30154,73077,19244,88255,01011,10080,50228,76050,39355,39362,77434,11315,67502,21119,36189,64044,70201,78314,88342,77443,40222,04228,64154,80117,88447,65234,35314,45331,35268,82051,19285,09273,38340,39007,24505,67072,25185,84034,52021,12194,47053,26178,04032,67482,39177,19063,64537,62611,18101,25633,10417,02068,69182,51173,21370,88320,56190,11201,66231,78335,60513,02426,01342,21399,57563,59022,42027,31262,14254,62729,80401,53047,38404,30025,04081,55157,11094,34319,12176,57026,62083,63398,62391,74244,79183,32013,09055,21229,22144,14520,32415,35193,08457,69058,70053,80061,76203,45278,76140,07346,67369,02235,70479,01083,28050,13098,54403,37119,12247,23044,11285,71488,62107,17403,27572,61118,18144,77415,18108,71310,80726,62578,12115,46081,64187,18181,44097,57165,68214,44066,63182,61463,67258,34232,43030,70071,64133,46003,63397,32052,51636,26244,97122,61258,35064,14427,76347,03167,42112,76017,25090,29266,72087,62891,23183,22296,85113,79319,07178,85189,15165,43100,67225,11319,09052,07274,05110,10293,52370,53187,24086,34218,51375,01033,88095,55561,79046,67070,56075,18180,77289,33199,58064,24442,63084,57600,43064,87137,81047,32257,85011,45270,27421,06146,33203,24156,34133,79117,57028,46011,10375,35256,27205,24268,16350,14747,30352,56113,14535,46152,14656,36149,54393,57408,65320,70547,81177,71116,66086,05052,62001,10035,32216,03251,43078,13048,68317,39205,2A128,28014,02083,02352,59196,70189,63356,76436,38162,26287,80300,12199,49368,24087,18279,56146,16237,23134,79061,34052,82107,64109,11071,74061,89289,46225,35041,39234,02340,59521,26027,2B173,02094,67350,33246,06062,76627,88265,76351,89225,21403,76100,39122,86100,34241,62523,46118,25497,50425,14605,60538,76617,19033,70417,89068,38113,86182,07302,68288,27480,19011,36102,80206,62250,14106,76220,85190,67317,41007,07206,60286,17054,44073,63422,55286,54465,97207,51605,05136,44215,10335,80513,72259,29297,35337,44152,39273,47260,60464,02073,39445,28277,33038,53111,77096,11004,67068,2B201,76490,68141,32238,45196,35128,09126,18051,26257,34313,43121,79243,80358,02560,29276,38361,66188,74083,62509,38073,21321,59251,80760,97617,79238,15125,63443,06122,77098,24318,42256,04245,04055,29037,85023,21148,80198,25335,57003,89211,89306,02536,03249,70263,79106,52258,77007,39002,09120,57090,22387,33245,65223,73307,31494,88428,05064,14021,38552,21279,55229,33227,39248,59067,51355,62683,10245,57123,06057,05086,44188,59491,47184,72149,68385,33083,64302,30258,62906,60363,61352,76324,68178,46169,78385,47030,19153,18127,57351,62733,87179,52358,68069,28124,24254,41100,85276,39210,15219,69193,24260,32191,55430,83135,69107,37145,17083,66038,21284,69059,74176,02263,38172,76465,47003,38082,77043,84147,74269,02784,88021,49160,71366,49215,17441,26330,63254,61037,65351,42154,89355,83032,02346,62168,38070,57194,11207,51277,19270,58116,17231,06092,70302,08275,28140,35176,54322,02084,32393,02453,67348,81099,30184,56136,55497,24196,51441,17304,88253,39297,51231,36022,62479,27137,27482,56261,02481,43105,14614,40144,25524,41059,16167,07026,32399,80459,24015,57644,65399,05184,02006,39507,21421,42096,44154,62020,62859,64037,60641,85246,64330,59647,54586,60030,61442,95566,57508,49260,46053,36125,41119,84022,69173,58235,72348,52414,62815,77082,39052,89319,39405,50196,25306,63403,32464,61240,26359,45132,04128,79331,65047,06110,80067,26005,81208,88361,42321,76348,39149,88354,59500,18029,84006,25124,32289,17340,01073,42163,59123,08497,29002,84108,65175,23118,42046,59465,31391,42187,78516,71470,24330,28137,36211,11314,34286,78285,19154,78320,27300,82123,84150,16192,61387,21076,38057,60014,2A070,11282,29249,08367,47161,22005,85267,24193,54232,65402,71029,32054,62011,76365,78364,02777,54203,81100,02414,02817,80226,02384,21161,08186,46212,62844,24132,17193,22291,49307,02044,66193,31205,07223,60081,54491,72192,69065,57422,74058,22117,02452,57647,36218,27224,27664,71480,81236,65321,18176,60611,56086,07153,70330,76618,56193,14558,58124,49370,27505,57060,21309,61396,01322,19018,32175,34277,68174,16342,61221,25517,05129,49323,21338,71324,33235,72047,27681,02145,88291,65285,84026,76463,62746,77207,34087,81068,42315,15186,88445,58118,64217,62008,31251,81295,49125,89013,86171,17303,35103,82065,56180,24370,37061,64440,51140,28052,27055,73157,74201,82157,21539,63233,47262,41253,57273,08247,07091,80372,71037,47308,30161,12221,61277,57074,23043,76104,27691,42278,89387,27565,32425,64275,81323,14266,89069,56085,53123,41176,58043,56096,03216,72008,88099,42184,54047,2B081,40153,76709,21268,35274,21331,25160,65117,28032,58001,50227,54185,08302,90048,91432,06109,34285,67036,18136,19129,54549,07087,26228,33432,74034,52352,56245,11238,79102,50145,61023,88431,14419,67420,77352,14536,57586,06159,54410,39106,48144,89067,31509,64504,25149,60123,62373,15232,61259,21705,90016,39204,33493,62149,88406,02363,87116,10352,56093,64320,88416,02264,91129,01428,15167,46242,83018,54526,2B037,88518,48168,08003,65104,36007,74298,58152,80683,22028,50428,80171,63074,73030,40059,52365,37032,17314,16065,06014,67546,70582,31098,59586,77463,78162,06112,25058,37027,71175,57255,29102,26113,04162,97308,31365,25072,14001,60078,59300,33163,51549,68360,59043,59662,74089,36028,02757,67182,80259,13077,11350,57614,25187,02072,95271,27117,46270,34206,61450,35270,25516,09094,31305,66191,72297,80298,73089,02472,10149,65301,81322,51543,27340,49112,76725,76547,57409,12146,56175,56160,87036,79230,55278,69135,79303,02639,10316,55274,22029,33100,65061,62254,89238,85127,62802,22217,62772,81190,50359,14227,11160,15250,58035,2A211,01297,89466,03184,51499,62022,21367,23221,74196,31183,57343,07239,25507,61194,60044,2A060,57323,62630,11438,34029,60530,95205,29093,01373,59295,80169,51143,31182,45297,64148,57475,11127,76430,02764,21710,01171,52050,09293,13043,61415,21341,28227,28335,71581,46046,26181,02663,62617,45340,76105,25071,2B187,54458,02504,02324,24183,02619,80589,51018,59377,31402,89059,81246,60242,54085,58153,66025,63445,88319,11200,78255,31227,21385,54260,43101,15255,49353,62740,10203,67115,52535,43107,04121,41292,76362,94069,57139,59308,66152,76459,26298,59060,52311,67146,79202,91338,25257,65244,60190,33215,70258,58291,17163,34128,71024,21638,50256,28182,73217,32007,31055,77095,21079,64425,02135,62901,80766,54214,25469,36060,85143,76631,61153,34159,62267,39579,06021,64416,63108,89427,40230,10359,80732,25004,51154,79170,67427,95309,59267,15157,29019,39322,70096,57615,87202,31197,09332,68296,58290,83092,85301,16356,31176,82112,27501,55137,83147,69085,70512,11180,44123,05182,01258,50401,24168,59182,71028,31579,87192,30035,73099,25188,14384,62135,17157,15008,54349,28279,51276,49244,76278,33174,22206,2A133,23053,46228,38532,62705,82005,45066,11082,80233,77290,10068,91477,13060,71316,30034,56240,41038,24325,31513,76158,19091,09258,11391,60502,30193,52035,67059,26075,55101,61290,27252,32239,09069,40062,88237,82171,14574,78269,63085,62147,73207,54397,59537,2B003,76546,70315,33155,72278,2B121,25102,60048,24514,88473,78188,25264,50149,07285,71087,61388,23215,33095,43035,19069,52549,47316,60171,57695,12030,57326,61054,55525,04231,26078,15018,02706,22260,27547,25548,61350,47257,59319,86134,17005,89120,62167,77237,30207,63081,74216,69086,19214,77344,25474,21322,77132,24551,51009,88312,59387,21007,03222,30239,52346,81297,63003,49361,33032,2B207,41009,54380,31162,37016,24303,83093,47328,24552,43184,59098,62046,39481,27047,71439,85040,07322,21153,76352,12142,88137,95046,79048,48018,51121,30298,17181,80797,77302,71040,25048,97130,32347,67062,44135,65271,77516,59258,80446,35002,27281,65192,50450,34226,50609,31108,50229,60269,16183,65112,46052,10167,77301,91326,80734,86027,16323,84104,29204,21524,59096,06060,64118,64502,38514,30251,14474,48045,42294,02028,81326,41044,07049,70226,68181,70386,67305,32363,80308,59575,14728,80034,59351,11250,11083,2B111,45145,23184,42270,83091,79289,68384,39065,27174,08314,72135,52105,69257,32329,33292,62500,14682,13020,77158,54236,08365,08238,52173,70406,02406,64350,51416,02460,2B147,57188,07105,11090,15153,16318,42173,21090,68263,50580,41075,08429,60523,89428,42011,31333,33531,65286,40103,67016,27059,05111,02834,48115,21684,10296,83046,53029,11142,70384,61222,91662,11056,27400,69014,71410,77060,02622,31151,71013,68177,59554,30155,2A006,61479,47320,01385,12270,86257,61435,55275,28259,27052,56233,01352,09020,82184,37100,76010,10276,07345,08001,65203,77012,17241,68082,60544,60196,54466,61228,94041,35134,76211,60182,14057,74166,72168,34279,40173,51089,09301,21125,77389,2B102,69120,18003,14455,77152,15194,40156,77420,18146,23068,02418,78668,52168,72118,33445,59068,91161,04124,90105,37180,11366,02648,05072,60346,10312,80317,40324,80504,10403,25471,80505,2A258,74226,2B216,76319,46047,51215,46296,07079,55407,78474,80399,31523,62188,04099,14524,27557,01163,67486,01314,80172,85162,68002,57759,72128,76592,65423,38508,51559,51053,21465,54567,62471,76531,54285,78683,58038,02336,97414,35099,73240,60155,95675,82058,50498,07339,41232,21200,28302,70428,34104,54354,76597,72122,89388,25420,21543,2B352,32339,02514,86132,61402,31546,62829,25091,58232,09119,12015,33297,32397,80503,22268,80028,52123,09329,2B222,62548,50324,30205,51161,52470,08321,35006,91228,2B195,69233,71495,13051,58166,30024,38054,31014,61486,65133,32097,44162,03265,66010,71026,67302,63144,29044,59185,17296,01167,13112,25429,28003,73058,53243,24495,02564,77413,29291,76261,54383,69199,86140,77361,10397,64370,08131,32375,68162,02086,21265,54223,76608,80243,72265,62153,82182,62332,74308,30149,62493,07312,45008,08106,33397,78231,16073,15084,12149,88466,59670,22056,65387,44133,16362,01183,40174,72361,60102,02645,55037,2B306,11276,50398,61391,08163,23240,38400,69116,29169,33441,30012,80288,48191,05176,65120,62812,81216,64072,61038,60071,54418,68283,05022,14666,43104,23230,01444,53122,57354,50300,22370,01197,02818,40186,70103,28104,68130,63237,72058,89008,21512,24388,24463,30070,07176,86285,52515,47182,39299,33073,65107,84113,33323,64048,57708,88421,76537,36141,30127,73014,85039,64100,71179,45160,62696,78466,40082,06145,51527,03063,50272,57606,42110,02104,89164,22197,33119,12204,67103,88389,38315,60112,61384,67197,26211,76007,12165,55260,79081,01424,85004,24516,60439,21457,38512,07122,38009,35115,17385,08269,39466,02389,11279,02781,48105,28304,24449,25598,40257,57291,78623,11378,17058,12059,28303,21247,28218,24346,59121,68114,25209,06004,62526,71052,36024,56011,16087,2B339,67086,04216,33276,81060,07093,36165,69292,39155,59008,51245,62659,23037,01391,08047,82019,46302,86195,84002,28314,05113,39490,34257,60528,57172,79062,38065,82011,58189,42138,31223,38289,57049,25017,32115,40029,13099,28326,70403,72048,11302,67418,17449,25466,24522,76558,38544,28359,31131,62542,30175,34324,71255,51004,55146,89085,70394,32344,63331,39117,07100,95387,89383,60465,65144,04217,81154,68060,12170,27500,30006,37273,01009,08234,42124,45309,27606,73222,25448,02653,34270,87058,04028,69052,06161,29067,63194,62866,42113,54010,01339,02454,74173,56226,71389,80738,22362,16303,04203,67028,09290,53209,51302,68180,43051,52234,55214,57316,53071,22273,72181,95452,08199,88182,80445,31376,57286,83005,59538,91556,15074,85232,51465,36117,44077,80611,04137,31258,58107,63172,40298,88220,02589,64311,22339,23189,38480,70113,38567,79300,17075,86235,44062,18167,01068,22322,36162,59441,19059,77412,24090,17420,54366,39092,59663,59322,91544,04202,24024,51459,24282,46288,69083,27116,02428,15038,58072,81225,54305,78034,76268,51406,46136,90084,42121,57509,17359,13086,02029,52335,42052,32150,02659,74143,38454,50181,57096,45086,17450,12080,74235,50296,01310,05140,28251,55574,36026,19279,34142,42033,59472,33460,34153,09185,54117,74101,15187,13033,54496,24563,67110,24426,03241,31072,76752,45174,60700,54556,03264,34320,38548,44128,60570,59438,85182,54261,79251,64452,90086,14648,27365,27071,37267,56032,65049,27441,51187,28040,57654,50564,29259,78437,37008,76114,17031,22368,59019,51339,22149,01284,08087,02021,60662,82089,77161,19084,24021,70102,30115,89229,83007,58126,45266,11031,01077,41274,25325,76071,40124,59252,53115,85255,31206,70519,57161,42172,40313,69145,64179,40219,25045,64436,29114,45197,62049,45220,54584,56088,17424,88443,11399,40183,27672,08170,24509,74015,03273,47118,26356,74280,60602,45199,63109,23229,94073,17150,26355,10206,27333,31084,14026,02509,64069,03099,45330,60087,39180,14397,43172,21624,15064,42293,61510,35154,2A198,89254,73135,30099,32277,54164,55295,69108,08171,54200,89255,12300,22294,08463,76113,28064,10144,17395,30252,72340,38228,73051,71284,15051,10058,81172,78062,25440,18283,47188,14591,31586,11029,62808,58134,69151,45121,27021,76667,14196,07056,33290,52545,69282,38273,95277,57705,71558,12089,54562,11228,56102,34213,73159,77374,78089,59489,59624,22062,71111,52016,81014,38382,88087,85034,65106,86081,32272,74037,62223,04034,62787,26325,01396,47140,02740,29218,76133,62426,03079,76431,22237,19115,62340,80102,52109,54103,86126,46317,03038,21599,79007,82059,63262,27531,06028,38154,77348,62583,59463,25229,03075,22113,21144,24120,68287,70052,01202,44107,88057,80514,27217,80623,40318,70177,76628,73280,65065,88245,78536,42055,77159,04033,21335,80743,67548,65241,18205,38297,82032,21328,54501,23223,19009,32208,76522,47280,71472,71010,02676,07184,25284,10219,69289,71041,02195,02358,54002,85102,31074,14685,27413,10406,39267,88074,71578,50094,53184,28080,28230,03180,63371,89367,77048,11104,09048,41254,71127,67260,87087,81238,42337,08373,81008,62423,02345,03256,16264,72126,95483,01017,27467,62640,21402,21058,49056,30341,22082,71132,04235,31260,65127,02153,32211,28161,60107,62177,89088,70369,28410,35259,67372,38319,30066,40276,50124,26137,60499,49050,53133,82181,17227,64145,88119,64134,42222,65471,63452,59074,14346,57664,80661,67073,64301,59453,22348,02206,24289,61436,85273,80773,26021,50177,64340,18234,26125,63115,71502,59629,42040,52140,72170,77139,52206,84057,14238,02532,55530,84151,66150,80522,25442,31560,32023,76493,01378,60376,72053,59093,30059,06018,88433,44126,63146,52214,55536,14748,32342,03196,11028,38003,89443,58156,25217,33465,22227,24340,39337,47029,78327,79271,27487,45101,34314,70340,88531,36147,60524,59565,47095,28310,29156,57106,11149,72061,10103,50058,76132,57605,02543,62071,14698,51389,86133,28247,54441,22086,91175,86274,54007,73175,80708,30344,64010,45198,58018,33458,37098,65460,41223,60695,46129,84143,59596,90100,03289,53172,14327,72310,89083,81239,24245,61456,21253,39088,18112,07308,65034,86242,32315,59357,2B346,76210,68074,19242,85169,04049,39350,01024,48146,43267,57417,57453,67183,22282,12281,65470,59613,26300,60024,60280,80320,77046,52121,61386,08425,02090,45028,65118,69383,08459,08206,64374,80391,97356,31105,62396,42251,49291,22310,53009,70026,59610,27233,54314,18006,52183,83019,63297,12108,25318,88122,70427,21246,83003,31065,14627,39055,65274,14257,26182,03086,76316,09065,40134,64206,03237,35363,87059,89452,30073,52423,56213,07128,67425,83146,46195,51193,57383,88035,19272,13056,57673,12195,76288,47164,63067,23234,05153,70537,89345,41245,29217,01035,10300,04190,88005,32202,54081,87032,62015,85238,73050,65184,08356,81079,55071,58109,22036,03172,58287,03080,60461,29257,46188,74261,60654,87041,57419,80821,80432,76678,80154,86197,17063,63462,11437,76748,47019,57668,66126,22221,14719,33105,60262,92009,64445,18208,51601,34202,55106,91359,65435,55300,65273,73298,87051,52142,57160,77296,85140,22380,56056,43157,08130,52425,34097,45085,71459,62755,31018,02451,35013,60240,71462,85196,73154,22346,63382,10421,38053,32164,29123,33519,02288,62345,50096,31244,18121,32311,97406,27579,02100,17265,16155,78082,22343,55159,51045,04233,62120,85290,59433,85031,25555,39014,97423,21041,65371,07117,74117,31497,60020,11166,71464,23219,24383,21089,61401,2B025,80104,54573,09241,62322,80222,07257,58279,55346,68088,80533,29141,56231,63249,35275,76395,39078,35046,27538,83064,46192,32366,88370,79343,85153,62572,34054,63444,71030,14311,58099,09210,81255,24493,51560,22026,2B256,88311,25511,63309,61229,50326,46330,63351,76502,25213,60177,16116,54192,72349,69060,64500,68235,54061,91377,27597,82119,84122,24030,57669,64439,80129,24425,28352,39049,34040,73267,58089,46097,09096,31393,89277,10330,83068,01106,72169,27399,80659,19253,25537,69039,70380,72218,29206,38104,68376,91179,57036,71297,48173,89126,54153,63128,50492,31385,33354,80246,35347,07045,41004,59432,55199,56030,76573,07088,28126,03028,66096,76112,12187,71523,18223,27534,21211,56117,42069,84124,42001,10012,67495,01295,14034,88006,35307,65090,45052,03071,16212,80424,60331,55382,39108,55555,68122,61111,11048,08277,33293,81210,21207,70083,46002,57566,47151,09205,59336,64188,55340,53117,78564,31571,71362,51547,61444,64161,90067,36182,21030,16162,91630,27198,45168,04220,65481,58227,71342,89274,60403,68106,56123,57152,41207,84028,33504,59126,38291,26019,32382,08363,31400,64067,82008,52378,10174,03320,48054,59410,27246,47230,84146,31117,80628,10163,57099,69190,59576,73179,19035,67161,15049,33336,76574,76032,76330,39223,51392,84121,62505,46117,80249,59159,11112,59541,60632,25183,08351,47045,80779,21293,01383,34280,57544,24243,62699,86226,91044,80279,27660,86029,14645,46160,58069,66190,30310,48001,51582,35345,59549,38265,58039,64272,27483,64137,73048,52316,68045,88128,49278,39288,02610,45183,81040,48004,03027,61139,57379,86138,82124,21663,80520,60247,10118,62427,31071,12263,25104,33407,89249,11364,30231,86014,02492,86084,65344,45180,57169,88442,72040,21555,23127,55188,71275,34207,91085,80679,76173,11139,61369,11122,17423,51229,07134,50253,62208,44105,33232,30023,31265,50448,71220,76451,28094,11119,66029,70378,58174,51043,03183,10287,48158,30106,02726,08465,68308,65129,88248,57289,08142,28065,06080,80237,69203,15154,53125,09082,01031,57395,03314,52375,62571,88132,42060,55495,59514,12153,50521,60325,67009,16396,59405,42039,52307,09102,61300,69035,30314,73285,57712,51393,54173,34016,46273,04200,43038,10123,47026,45088,71256,67552,88259,80352,55035,83048,10082,11173,59390,79329,32221,08235,40038,45126,17328,10433,52267,25393,50078,22119,76118,2B260,54195,15244,14248,45064,57679,67130,12023,80598,12013,31157,15124,67081,10230,52199,39245,07094,89332,18081,34120,77044,65149,71144,51646,55242,27375,72103,07066,10136,87056,40001,38394,11360,18126,56090,26319,72125,19222,60178,84055,82062,41002,08075,01165,25395,57219,89227,63414,31097,24084,76036,42320,11380,18030,77410,09071,64377,89228,55239,80664,24356,33312,09039,88512,31467,54379,53212,56100,15123,71166,80780,49200,77229,62504,31112,03156,05046,12208,22279,70137,11133,59567,83107,62679,38383,89146,68373,02286,07331,18053,14272,12239,85293,62851,89035,14546,12113,45098,03061,02123,25357,64018,30300,88153,59637,68021,10333,45222,29007,51252,30113,04142,02628,38179,11303,26296,16171,27615,58094,21572,11177,09171,59315,65009,61260,62889,25040,56249,39253,51595,14198,13013,60554,43208,02357,10270,71423,74258,25562,52161,47256,52034,38562,51152,30202,10142,83083,65389,59436,58108,72144,36128,21327,81151,23002,62833,62682,70328,41039,28123,17145,21162,39262,61020,63441,89134,69130,63288,67347,28109,51057,18272,37178,46262,17380,43098,26173,69118,62615,08077,40325,35240,65455,80481,60260,68104,35263,55562,19057,21132,30104,02099,62562,28330,15108,59469,77120,09106,2B246,60648,26055,91122,38479,79267,31532,31281,52019,18225,64418,10104,83022,67371,81209,17321,02707,60702,73023,61014,88330,35305,42328,88434,35111,26079,29142,86011,60411,27464,67359,52376,13031,69012,59620,62789,2B225,31107,09292,31139,01174,59374,01364,62677,08398,22013,83111,02766,52401,38324,29036,07103,76129,25235,16026,77431,45006,77523,55399,33150,11206,40270,66141,70494,78233,81187,76204,50312,59632,33049,03111,89438,19102,74288,88412,65218,11316,52095,48055,54600,76570,41233,58025,85268,77440,22148,02545,31261,69293,82024,64193,25462,62655,63060,51420,48009,77089,83105,77298,36227,89184,76308,65197,31009,14672,57506,02091,2A322,77355,68252,91408,55570,64451,40069,86001,31384,28280,14738,12057,66137,02131,33433,39385,81287,62244,28198,89300,12258,09197,14663,65338,97230,50575,66043,80545,59260,08407,80595,71236,16157,89475,77407,88359,89268,02075,89066,68347,02283,33408,52271,11233,87015,94048,07142,89206,51576,77191,23242,01319,82147,25006,09163,70309,34062,36200,43230,57270,77156,57359,39039,73069,33449,08460,64233,2A259,47242,64143,65375,39139,02761,64258,49171,87164,32002,65290,62175,16353,67046,69050,76303,59271,22150,65405,82035,21408,15118,54217,29132,57168,60106,18198,62474,38358,55033,14657,67218,39451,59137,25219,27363,04140,32199,70268,59341,31500,17348,41107,19231,11268,76052,68355,21640,74168,82194,80400,59285,54110,07284,79040,24062,14679,49058,10400,70358,55545,60434,43197,10033,34189,82048,08316,93031,55142,15087,35164,23158,83118,71252,38159,80378,19261,70007,76087,09166,89441,60495,60303,63245,13003,18068,55049,2B143,02188,06140,28425,70533,54428,68215,13205,50215,62822,64174,90010,22212,30246,61484,63434,10363,77335,70433,17129,24102,33005,59241,62486,61265,89403,26314,10444,39272,14504,62721,57411,72197,15237,21350,39102,87150,32441,82137,08500,89049,80225,31171,37223,80655,57095,28143,12212,47141,66084,83148,2B138,57373,37166,07152,15090,27598,26212,16125,10306,34102,08055,17301,80529,50332,77128,62715,2A114,80744,80312,26183,02500,81016,34088,76265,88479,47301,21195,19280,09266,24073,54459,77424,59171,15175,62748,24009,80669,77023,18050,70224,76254,08424,78404,80754,02621,28037,79280,01329,21258,67093,77425,19196,89413,28202,52495,38494,01241,25136,61010,51014,44117,60008,28374,54408,64082,52165,46245,38213,11249,2B047,45010,02158,60122,63423,04013,60312,09214,60318,26312,04054,71529,64479,14353,86254,86248,31300,85226,11162,43040,33158,63145,45244,62478,57264,10258,86264,80082,78267,21299,62076,25256,23241,33250,33535,52539,54302,01037,02574,15222,17225,11310,28226,02801,80747,41199,19211,43048,38350,27345,31369,03239,33097,62827,29090,25470,62850,58046,42014,26007,21709,15011,77049,39237,82012,88305,71293,19166,80019,76676,60431,88465,17439,60026,64383,80807,08288,68182,51379,67001,71396,33153,32161,08251,65209,01028,54532,60064,32325,10160,41077,80037,57093,72046,57531,88083,07074,32183,64034,72005,11192,44116,59297,16011,38381,60069,55444,36217,95257,60679,73036,82061,11226,35212,44161,39081,47206,02660,88338,52480,57540,25057,62093,27034,83004,22204,62430,59604,48077,30008,41061,70416,06136,40247,59366,35199,36126,32462,38380,11367,76138,41246,64253,57271,14598,64535,29187,17429,02720,27318,33530,88206,59461,71526,07136,77222,91457,03321,89202,24165,46284,02768,65086,05130,51585,50052,54174,28392,52452,42002,08090,43116,89105,81059,55398,71259,14622,02020,65476,61275,90058,47160,30119,15103,90049,66067,08411,37187,17073,17344,32467,04068,14626,55107,21287,39573,2B058,40034,51181,09186,11345,32119,72057,02477,14527,10018,42092,57228,2B005,46279,87200,59080,73098,15105,59307,08133,70236,65398,38387,32364,51610,68126,55326,50376,51557,47286,88230,46055,54177,82191,62156,05026,33447,25249,29051,62106,56164,68377,71199,16020,70555,39336,50556,02792,59293,19058,2B009,52500,70367,25371,52045,01281,29099,21252,51295,76718,39568,52157,80786,33355,62192,64101,91469,33478,67471,79189,76230,45146,46257,08121,60668,38232,51550,63098,67404,69097,53170,56205,89029,15001,79005,02529,62650,54256,03181,34147,16088,08342,57569,54026,60290,76681,55246,65262,81298,60029,15130,52093,59261,63051,23119,79001,70404,59326,57468,95074,02299,02103,51484,29234,45320,59546,68078,25300,16398,51442,64218,73282,60616,55263,55462,74127,46127,95328,60045,58004,89369,52243,25285,54483,74170,74198,51191,74076,51574,18252,10098,31526,38047,22256,59337,40274,88276,04027,33418,63073,52503,85198,35315,91041,02516,60561,58053,25401,87001,43220,77221,56202,14461,62587,21537,80103,43244,22283,64056,46010,29075,62201,10178,17155,33384,39497,17127,68356,29041,43265,37052,09152,21459,89124,49002,71089,62823,59381,77528,82139,54129,16195,21592,31345,57052,62161,71218,63167,15269,47100,27511,08039,65035,57309,42031,76383,08115,77512,51433,72299,30266,76741,09158,48079,74029,38288,80048,03103,04067,27106,10049,12037,02497,09225,57456,15012,25308,51124,67315,63126,49339,76548,63430,40126,07192,69212,62115,50596,25088,79197,52326,65297,61070,25572,55299,43067,10095,77163,65284,08214,72356,34315,38144,09284,25392,44138,72257,88183,24064,37216,65198,26172,71562,25378,85178,07280,60077,94016,82150,28055,52348,57656,43103,35219,48002,62638,29288,16197,28189,08372,61143,76023,76293,31241,88194,33309,72145,66034,27577,69261,19128,73254,32301,27397,54249,08449,63335,54144,69269,08180,55097,25499,52064,16213,62693,51122,22308,42123,12033,05107,13203,74071,58070,58200,32403,27569,46241,57541,56238,14134,33405,57159,11148,73201,02667,35157,73022,02704,27610,08431,64423,33482,32336,27241,19143,03138,21170,35325,36207,66130,2A278,65062,02175,77383,02636,38285,55358,88477,32230,33144,76647,57661,60253,41229,30162,31161,71103,2B307,27171,45185,25147,46215,46074,62252,03062,68076,17286,34091,75103,74190,26242,67177,60650,10081,23042,26232,38332,66040,88190,14334,88149,10146,39330,19036,39066,85144,76270,24232,14408,13074,2B221,50639,83149,84074,59603,28322,11007,21227,45083,41251,08211,67309,23054,88481,37116,78124,08176,71363,51500,63269,2B355,62888,89010,29131,80302,47103,57198,97210,62864,88044,59206,57044,28353,03130,54060,56053,32451,82081,30016,92047,74208,76062,28169,24163,58176,10348,68213,26013,2A266,59178,23262,11205,80793,59394,40184,30285,31061,57441,70022,60629,80525,38091,41063,63161,32085,11167,24471,31144,78624,42247,88318,02152,66033,2B123,89346,64062,03214,21407,35222,76377,59568,01386,60161,76304,08085,80604,26196,77075,03281,42101,11198,17081,75115,57697,64313,10302,57201,80582,33529,47058,41259,02210,22024,54391,52208,34235,50562,21270,76480,81266,57602,57410,76535,47047,32051,89183,14512,63392,18287,01362,74065,76251,81165,2B162,09325,02488,43232,60009,89303,30097,21313,71213,51581,29074,09013,02327,24559,17070,62899,02386,62002,2B007,47131,01072,13102,60508,47154,10210,44187,52301,28414,09016,70098,85086,81071,79120,88524,54534,12060,66117,60351,64314,02495,03077,47290,26138,55215,14329,88140,65189,35174,24519,40096,2B226,78220,43075,63442,67531,38074,80618,65336,81258,91103,88242,17050,79161,51410,45263,88324,73138,62392,13052,2B219,66201,65448,51007,82067,80062,73245,26063,74160,62483,61227,76069,29183,71151,71248,80285,35093,01261,81308,72374,39130,57006,38515,25022,40047,73329,91272,21187,59420,30289,77181,86077,64065,26003,59665,59396,35309,81077,14258,25349,62379,74041,52433,41074,30273,60472,88202,14759,56159,83085,25491,02111,38157,27210,65068,66161,09075,80697,52204,09046,62671,52534,80216,25582,24153,34161,50531,91145,17302,18031,16181,59270,80268,02717,01448,38198,95316,80326,12303,55487,02265,40187,93079,36171,16209,26152,74044,71341,52163,24146,40275,67050,2A048,74035,74105,54358,37192,19283,65097,63260,02736,21312,59168,34344,83042,67468,95144,65243,08397,89131,32140,87011,06107,76744,37155,37212,30271,21636,17069,01305,89205,26382,28260,50413,91479,58228,85012,60562,51444,40209,39271,71119,24313,76172,68103,34051,38524,03128,42307,80741,54137,80474,57314,80146,70060,68183,85211,71430,40074,2A269,37233,10224,35255,16423,67108,56165,33307,16178,25122,14280,80114,22106,05146,55080,38535,50321,62810,57601,15028,54579,76474,91225,80381,53276,47246,53079,07169,88249,02043,34082,40213,24194,14390,07186,76622,63220,14400,69198,77202,69258,64138,51262,19098,65103,38388,43088,36239,06096,31537,14716,15052,25510,60534,76688,53211,80362,72275,03060,70219,56040,21480,63340,60007,54398,38492,25607,77111,57476,52074,25389,16005,16390,79283,77332,86118,60449,66049,88186,64075,19181,28268,76567,62258,79130,14358,08339,76556,89328,51132,62508,11323,27095,67076,23083,95428,80558,84067,38226,47090,90088,63154,32279,76228,89382,35017,22045,39042,69134,38237,69153,54436,36212,11290,57678,49378,67121,65091,30135,50462,09066,82088,65333,95141,84076,26352,35283,33260,52543,70077,47089,08210,08202,97232,28036,24491,12154,2B069,32438,22316,72243,76263,08466,37147,44220,89223,61100,80694,69160,77354,76669,36138,60582,08477,08215,21427,69287,52453,79084,85066,77016,80135,54435,60421,45110,24546,35035,16221,77377,51409,24236,09042,77137,02728,70155,17209,2B210,76656,80144,01193,60216,65099,64525,26052,35181,88427,76716,02004,79281,62747,80733,57687,35205,38540,54140,10177,54324,57097,27065,55514,25541,66182,55168,01111,24188,86128,25254,62544,62713,70089,02076,59641,31521,62099,51293,80006,02517,80307,41008,77356,38001,68093,52001,32465,76378,17190,40229,51136,38186,88365,2B149,11159,62579,19264,07232,67274,51051,67234,35277,21581,18286,41041,23063,65073,86275,59389,77100,78290,71155,36244,71181,54378,41085,26169,97424,64103,76171,30299,79127,14530,72142,77306,42192,62158,38155,67105,13066,74140,47281,53126,87016,60614,05095,47007,85126,62104,24331,65447,01053,44193,73220,62374,33468,30325,17402,33300,63206,64427,07080,92072,49292,88521,54237,80354,19093,77462,27694,57205,08139,38132,24336,62096,85245,61492,27548,39470,62003,17118,35262,60680,27698,59273,40138,95572,35184,55117,35107,12267,67104,30220,27139,77521,01051,02398,37010,25112,56141,31352,59244,26166,55261,28265,70127,25012,34117,95151,33511,39574,27641,73131,56234,62082,60093,97105,09148,16042,03185,78194,16203,41140,42048,91156,73197,79091,76582,43070,67333,88297,57348,74036,32406,65038,80428,29064,54148,62056,72372,88145,31132,2A065,40242,59237,77047,53151,71534,46187,12102,57360,88224,32058,65004,14088,77076,80017,64236,54046,10208,72379,24396,25189,54518,77451,45345,26128,70353,32313,71411,21094,12264,42274,22257,65037,67151,36148,28102,18261,16413,27033,66006,70531,65324,42206,41058,29163,31465,27631,63273,76757,89479,19286,77258,72146,36139,33193,42012,54016,77008,2B251,11184,73106,77367,57048,07197,78030,27213,95563,58203,62327,39342,06119,58271,70348,24096,43145,27019,68127,77281,90045,80719,85033,51088,31166,08370,34216,47129,56191,08182,31090,54286,21464,29061,51341,35014,23246,54111,32395,66022,2B350,03076,62297,71533,88288,54377,56201,02561,62512,71278,41136,21150,59202,27289,38090,23021,28075,65211,59507,95054,59508,68371,19068,36113,65426,2A270,08034,95139,58163,71016,42290,42185,18020,89212,95301,10077,33178,11246,89287,70003,62728,82167,38386,88125,80201,12034,72342,77034,88372,12157,67131,89331,69136,89071,14619,07063,59257,11136,38163,55102,34303,15056,36132,52125,91148,70504,26035,78311,28426,85022,2B059,24115,86234,38018,15243,58010,80635,59015,41103,60459,42102,22152,06111,63116,85264,03145,63387,89033,24029,02289,80123,59666,14322,06124,34166,21387,78224,61077,32162,61487,27226,57636,46032,80292,25024,26378,50200,57488,47191,78531,49155,67451,17258,07240,83054,55581,62028,74030,14150,14006,40268,51299,45113,41022,76253,47252,17153,86018,76271,21363,69181,42199,11014,54240,64321,62081,74259,25181,14630,08249,44113,70064,08110,55371,80550,43034,65381,31489,79088,62386,54091,62184,17180,41206,65384,09136,71105,55474,64389,32292,73001,48137,89012,82083,90082,79294,66185,73183,03274,34144,48130,41046,36076,21374,02429,49064,80139,91137,35159,80205,32139,89200,60550,59427,27199,51590,16369,33446,27682,56209,39058,31472,78368,2B050,80155,13213,59284,04164,80466,50519,12215,71372,23145,65191,2A130,14183,73162,31042,69215,77403,38277,64073,47054,63301,67067,33089,87093,60578,30168,91106,72249,52220,35194,79123,16281,76467,05016,56236,64287,66172,67306,48152,47132,80207,19248,32134,93049,55463,69149,45130,30153,73248,21070,53256,52284,38527,69184,57320,30151,38378,70031,07037,62369,09187,46209,63193,65459,34168,57390,16015,02554,02240,80044,52101,55470,91248,85076,82052,16285,59667,09260,74155,44028,85014,68234,35306,09300,66079,10272,61145,21339,53246,2B344,09089,54005,42077,69163,14281,27617,2B263,86053,58083,27177,32323,44049,71406,23013,16131,97101,31390,77262,69385,29021,36153,71524,40240,81178,31094,90009,94071,63285,31342,25244,27477,54583,53160,28001,59299,05179,35294,62496,57208,51322,02350,93050,73286,60665,67448,02095,15225,60006,86290,89335,73156,51487,23077,49326,07161,77243,16316,62598,80606,12003,12161,38286,56124,88505,21686,57176,58044,59358,57505,33360,46049,60522,56186,01399,80360,54541,50423,55465,30234,77087,24225,47171,60267,81199,22069,51524,51649,81198,52179,89209,52416,66030,66027,38066,70132,16008,39514,02571,70001,55403,56020,32418,28028,60663,52429,59016,58093,51415,25618,72341,03310,77198,37262,62370,89102,77015,51070,15234,01127,57338,36225,56036,86061,68357,39010,18134,02179,21633,10023,55082,43253,32387,51212,85070,61498,51378,40117,40110,81020,40137,09138,87034,70010,58098,97103,54493,64085,48032,51545,12011,11259,52336,10155,97221,12017,38416,50059,76414,80540,53114,33480,21126,23157,17003,79025,47309,88468,22340,95491,31159,02048,79077,70499,59480,73119,01232,28177,68034,30086,58097,46116,04211,37256,76175,53059,33108,01317,24429,76198,51242,02615,62564,23059,08065,40224,49373,65014,77183,84045,63393,51634,10079,68358,76084,02369,18128,35143,50563,57162,28167,29094,07018,71453,63036,63284,59573,40199,17183,83012,42231,39378,39111,70028,76309,57345,59557,04175,42221,2B319,77150,65360,51377,52056,71237,19119,79090,88499,90060,54416,26344,52353,69155,89181,48097,31126,65469,49359,01376,61095,46119,24487,76357,64444,28364,89325,79158,60323,51196,47107,31437,65418,36087,76495,67051,50038,19130,32350,57643,16079,46338,02565,85018,35196,11019,55414,47235,80453,68158,08291,67320,87204,16107,51535,55457,70579,32226,42097,76029,33404,34254,38059,72050,80387,80755,16139,57634,67245,46031,88126,56070,47105,25094,38531,77061,13078,41037,76489,79270,51270,60379,74090,33040,26262,43138,37158,25458,19052,34328,25232,89313,59494,01398,02238,45158,47155,12103,64345,62145,24565,77466,80015,46310,86006,36223,55050,40307,73253,55076,25036,01272,57535,78236,59622,27593,81173,46332,51246,55381,31082,63004,70159,51498,79276,64534,68232,41177,60055,77312,21472,56087,19141,79079,65406,89095,93064,07228,31235,60686,24098,08322,2A117,63458,02391,90020,44134,18281,71057,69087,02478,45107,10364,77449,17366,31193,76434,01447,12294,46004,60142,30156,58251,80241,2B190,91687,31482,66056,16099,28331,02057,2B250,35264,02723,62897,43141,04045,80133,60369,83090,57483,45115,60444,22366,33124,34222,16370,30057,77376,15070,40227,81053,61124,28187,12269,77040,24010,08278,26379,25443,69168,79153,18022,62351,80283,32146,35355,46113,35224,31129,21431,38211,40041,38438,05164,62407,19050,83025,41231,02765,01365,05058,25331,70063,27440,02272,12022,15208,11204,66204,24212,32081,71552,38445,73071,57648,59125,14110,81022,02484,42257,22328,86271,55207,30248,76338,68064,80240,81135,21033,78036,17464,27412,34055,54330,57560,33314,70400,02600,39571,71407,84024,08501,68327,50036,65039,11292,12174,91215,49080,56019,55472,83115,52274,48111,57653,64094,51563,76755,87081,81244,57749,03002,18116,25627,26269,25287,79013,09195,76569,28134,38448,07305,57698,71187,21323,28383,10419,65335,32114,64362,02745,01332,51055,22049,27334,32396,50647,65343,55226,02354,24432,91473,58128,54069,15013,45285,03191,41129,40023,76438,62094,17061,91390,62877,64465,86135,97134,01285,44142,64095,24458,51022,47036,28248,32333,85158,80365,17002,15218,18240,13114,29167,43264,86047,39367,24301,67004,50443,80078,29110,68284,76048,71007,71025,87119,33321,2B167,97307,01233,76162,33509,39449,76533,62321,42036,77294,11175,62826,21477,01194,27035,80342,43073,83039,36107,34145,04079,68016,32352,63104,11266,80769,10168,28122,51107,76630,29263,59560,38431,54299,39349,67173,79129,66227,38244,43206,51502,62546,74091,81235,73164,46017,05151,71382,05087,36112,02468,12055,32075,70277,11308,47015,19168,26047,02523,31492,47147,46060,50336,34237,68336,39397,14557,80410,14713,10283,46088,57393,25253,19017,32262,86225,88331,26054,24244,10135,78077,02486,02139,78264,33330,57576,61263,11013,85146,34240,81051,68279,54255,10109,59036,80563,17242,10440,73121,21143,76281,60681,56084,26085,60353,88240,02341,51238,55085,33537,74283,56223,33050,08487,37024,16325,04159,29053,91412,12065,62767,41097,22377,11060,61394,72085,91519,21383,2B084,38294,41228,91374,46086,38199,77021,80336,34194,34025,71360,74171,08444,32019,41164,63111,59660,45226,62455,72358,39219,31200,24488,61007,29017,02049,25436,54139,76512,68038,58223,08200,70573,15223,25563,02101,15045,53261,66055,51222,52449,77345,16252,85210,17451,33419,39206,47101,58142,71270,62012,11037,95181,80234,64353,82017,57362,39079,22128,65332,19210,88523,30176,30296,48171,77303,2B116,57220,28319,31188,19139,60401,02687,76318,59311,62180,02097,29034,67214,67239,04183,67134,54589,24364,81247,37269,55192,65222,11138,52421,01069,08334,60127,51164,56066,64292,63105,07069,80196,61076,62422,64274,41120,11256,26346,59175,48039,38147,95365,37280,37248,52013,58301,12018,74296,49288,59047,02744,90051,11051,2A253,41168,52438,80211,80105,74153,38345,48036,70008,57166,76063,56243,06013,22207,38087,80149,65225,80324,70187,21685,64260,38325,70480,90103,14378,66001,68344,19262,17390,63022,21651,82117,63042,33464,55518,33220,55298,65170,71245,37243,59619,28039,64342,76297,62187,67123,60592,67541,10105,46227,41179,86079,82163,95348,29298,27481,17353,51228,01058,47010,2B214,50471,54538,64032,88366,30081,28072,50084,10090,32091,39339,38391,36208,69157,38146,55268,11369,59535,50304,71174,21052,09306,60452,83129,41222,50629,33177,68147,42302,36166,81032,39061,09169,21501,22063,80029,2B043,23261,05170,82086,70254,16132,10284,89360,87188,72246,14179,14640,91111,59649,08169,88343,33492,63348,97113,30092,29196,16399,97202,91411,43112,31416,78343,34053,34042,11363,28363,74179,34031,60238,25514,70542,52362,27291,64237,70413,65354,28242,66128,07234,13007,39401,32125,28261,90030,62234,66088,79029,13080,04005,56167,17111,65012,74225,23101,63038,78407,66199,32362,16361,71554,60321,71527,68191,31282,70221,2A094,84009,46191,07157,11069,52175,31373,08196,80682,62350,54025,24027,38240,10070,11300,53040,89404,21050,51597,09057,26115,69071,65070,31487,97120,55208,38039,66046,16283,2B245,64344,17448,48085,78072,39070,26146,40310,24324,18125,08430,63207,34271,59177,33062,17394,12179,17417,81271,17444,78681,71203,27251,62338,44148,16404,28071,53069,10200,88086,07295,64183,15176,33113,21502,70459,80710,35079,95489,81048,56118,93015,08205,13211,43261,44136,39305,24415,45237,11045,77068,60130,86076,24466,33076,83036,11195,49381,02260,31232,53101,51537,62574,31434,37083,48139,13054,05160,28344,18035,08122,19256,32285,11270,45206,81252,61225,59608,87100,35151,49100,34221,03220,62032,06037,90055,60551,57368,85080,69110,64386,32073,60504,80138,23123,18177,48103,74067,29100,62751,10411,2B148,04007,27525,83023,29248,25214,54241,48030,26028,39463,11420,63256,40058,89173,58103,24247,50042,15113,71065,66089,71067,51660,27277,28209,50275,62398,31299,14137,53041,31457,33296,26020,12249,57262,97358,32286,11152,09233,62200,69143,16227,29213,85089,28397,28254,89044,27018,08468,54519,65138,68039,24175,47249,71505,03096,60469,64255,59118,70076,31285,59353,31099,88143,67113,32155,33007,55110,53086,82001,67242,62797,80688,62179,77214,76223,40077,15142,67520,16047,78418,02563,39324,59116,56263,51104,51182,59282,45289,04042,39017,62262,17343,10097,27258,34308,39366,70120,23011,80458,02455,67031,40139,32429,37177,27017,31319,19086,15220,89036,10229,63435,51452,33334,37175,02499,54224,11072,10138,70462,14559,27590,52273,19173,39247,12029,83078,71074,30065,56060,41275,47152,17468,18115,67107,94015,37108,63346,2B107,54427,34234,50552,35299,27042,02411,14449,12021,27046,53234,44146,62311,70095,71036,53042,15268,77072,55568,24392,46295,05159,11088,58155,25192,89461,24230,07258,38303,42017,57008,46340,14024,60386,59324,68134,32231,38029,77193,46219,54056,51243,44172,80553,63372,88008,50239,77030,51291,08384,65024,89446,89130,40043,62203,42116,10328,34282,35288,22008,81224,41142,70469,14375,16057,11296,84015,81126,72044,06046,88172,63024,80438,60075,71222,57179,91293,71164,62077,72089,87053,55041,17478,25176,24040,59428,27247,57764,24161,89423,24113,52359,64098,38034,11158,39520,43072,86175,13201,67453,42242,33514,25283,79103,01244,07276,02809,62669,57732,68025,09130,71158,51172,54329,17080,25186,31210,42038,39086,50537,53082,55084,25481,62171,47124,86073,24462,30101,62016,33505,60428,62881,57502,47005,59139,33190,21346,64155,60693,50463,91021,07307,29125,2A351,25279,91204,37200,19134,30214,71101,50467,35012,04143,17270,82168,63401,74109,46026,21093,03133,14007,27230,70239,80798,44029,17243,43087,02270,67331,27335,36154,94054,72152,35272,31496,95051,29290,42098,35242,12244,23227,15119,52244,42236,42131,80282,61421,07267,2A024,71436,02501,80187,51079,38432,90017,45249,10360,05081,71281,66203,06087,08323,32040,26107,08101,55410,21178,36130,58296,39551,18170,72190,23075,52124,02119,39147,88301,21535,70564,71519,2A001,21384,50495,80770,52275,52113,32455,39460,80038,51325,10151,71001,48150,43037,18259,32358,63268,63457,78608,37266,23208,60052,95088,44119,57581,77227,41109,38335,88012,64559,85105,15004,38238,59539,36020,27433,70540,90093,93051,31051,08313,79008,60243,37132,86022,89141,72235,38133,25326,27112,80164,73052,39154,64484,60150,78168,25434,68368,2A300,41282,68365,58188,50129,52347,27602,41146,31545,51095,01411,86239,55134,28090,86227,76401,70360,71006,60308,01382,89034,41084,60671,30243,65249,46069,78644,28047,51483,63446,27486,76008,56017,16146,16269,28176,64405,83069,02190,77438,09014,66151,33233,43250,51141,23095,45322,11064,77388,76060,14528,17447,24371,70040,32200,70395,77341,14124,02731,19159,38417,03059,42118,12286,09330,89329,56264,06131,61331,51336,77304,25163,47092,27315,70056,72147,42289,77005,25198,44095,30267,84129,67353,66165,62183,51027,15169,64317,04122,89014,70376,21378,64448,69124,39024,51324,77131,45096,93008,88356,73274,55100,57053,24032,21276,47110,78006,41235,51265,88257,59250,35177,10367,80310,54038,85001,63142,36248,18010,24209,77197,81044,27015,76273,49220,21652,57027,62642,90057,72031,37167,50571,50029,05071,38365,21469,01034,10231,68354,11339,41057,27504,69004,27002,68083,08331,80645,64117,40020,89163,24207,82166,11169,15092,52384,59204,76541,08306,57231,05135,59087,63240,33333,52510,22331,44214,80191,24587,62236,33086,60587,52290,54569,01175,32029,15060,2B112,57537,28309,62477,57137,26341,72362,57381,47062,66037,01408,83104,08044,06117,31121,27442,51429,16070,95582,62130,89327,78013,28421,30245,10238,54205,50577,01041,13034,02599,12049,16338,82073,77235,83020,58051,70088,33253,37031,51572,70525,09051,76289,21064,88011,69386,63151,10298,03304,18285,56197,16204,03179,55023,73072,32101,02506,93073,10128,07191,26279,01129,50511,61266,57532,61322,55400,51511,50412,79196,38077,39188,55433,77031,24581,66094,51071,81127,55386,60217,16240,70211,65361,24460,61152,76320,84016,29178,34038,70291,88054,21072,10194,21632,71509,23130,65126,52099,15083,61429,33303,76141,73308,31248,31343,63119,26174,95637,21546,37001,44026,69250,08128,68089,60466,91274,51305,47035,80407,40221,73029,72382,10388,46255,50517,30037,02080,08014,50419,80657,12134,88124,02791,65125,70541,26154,21304,42205,71148,58135,46263,29025,13006,45256,09206,21239,58078,39575,76442,80774,47318,08361,52023,16286,26081,31550,30242,39392,53094,52486,59072,89320,81137,27425,40148,84128,02469,2B170,09331,76571,53103,55535,88017,04091,52511,52127,33299,53156,04174,43132,25172,76197,51602,09268,33019,12062,45298,68131,73109,58275,40039,51137,60440,57405,76473,12250,36169,71145,09316,78164,79246,50523,74139,05045,94001,16095,27431,45326,32055,02039,09024,51329,2B168,47214,53193,54593,53181,38197,11042,64121,26235,11061,51656,01390,23254,35135,25173,14042,50518,54537,47312,12242,66047,78397,91180,45214,61117,80787,03146,82076,26380,43015,56008,19024,23033,22040,08436,81146,71431,17481,59009,59607,24554,01049,80406,77133,07188,87162,57019,76462,50576,31083,15163,67202,74049,71066,72054,54022,65046,55394,80467,08262,33457,47135,32184,17408,61021,21716,02623,33109,39280,80194,59170,56071,48073,47121,95355,61088,24339,65055,01274,39121,61319,06138,25082,38011,70374,89333,31506,14146,25341,77526,51192,33171,33185,68322,35282,33278,54270,81121,58205,66196,25220,80417,80801,81168,76468,33541,63318,65082,16419,60445,58150,08124,06156,22153,83154,50197,57464,88373,10334,76099,93047,59189,03197,74074,45154,14194,24572,28191,38284,15042,70151,55200,21711,02763,24293,64028,63292,28166,70350,57366,63163,19172,50389,25050,65267,57175,95026,32056,82057,14665,21688,25611,89199,61269,01323,66041,94059,16412,70407,21351,80415,80079,64485,39274,55211,58081,02813,16320,87106,73113,14180,39501,62284,64558,59474,68230,35001,85194,39227,74043,82160,27627,19034,15007,31021,56120,06034,70474,49070,57230,77245,80668,14734,68168,67066,57639,59212,09178,25266,50193,24052,62697,62788,60596,76682,31556,38190,68102,08454,26140,08026,15131,36095,52040,11105,11150,46144,51603,76390,26068,77359,81138,17218,35278,64510,45294,76373,80357,88451,59578,48007,85286,17282,59321,68311,67525,46012,82014,09070,02685,33053,45134,33152,67321,40246,55423,31464,69032,84117,36146,70023,62661,37219,08062,08492,26149,38160,72006,83015,15036,21544,43171,62433,51249,26245,25424,21717,78478,38175,62084,47012,53068,32190,80785,24558,16164,43203,38092,47046,2A160,02524,36058,86249,66233,01371,07325,55216,40006,02198,80408,35183,59274,29059,64471,51008,30228,66132,60272,62196,27455,26227,78423,31435,12090,12266,32447,32408,46220,68251,79350,38331,03268,16312,52405,86040,03132,55559,04107,19161,60427,51061,57657,01325,77174,64203,47193,27521,72096,37224,27463,02642,55526,88508,2B230,08027,74262,50142,31474,29256,38099,54058,18172,90090,55449,33553,38106,32374,62458,80351,25336,60634,60249,33525,66168,51301,57117,62709,68010,25508,50365,06078,06150,77417,32217,08433,59021,89092,35122,37202,22244,67186,25175,62902,33015,01157,56001,63305,38453,45217,80219,85181,07077,07151,90077,38283,35357,16122,09143,55104,17407,47099,15201,70188,57246,25476,61389,89341,60086,21516,33291,38098,59013,72115,17213,58130,62454,95592,54499,16012,62406,88367,27434,70054,59634,71285,87203,37261,66123,60144,24540,03102,72220,81122,79156,77144,03098,54120,03305,69285,65394,49367,55201,38292,49135,57465,07118,21128,21137,69246,50198,17174,35025,64399,81284,22095,21514,55452,30189,69183,19179,11020,64027,62204,25612,21272,02385,07002,78140,50151,59018,62498,04189,39557,54362,07051,74306,54485,07314,25201,48190,42312,29243,16415,51158,73230,88243,63232,24133,24273,52038,14370,23258,28051,04194,76212,02555,45234,52457,88223,55096,82072,25210,52051,72238,2B224,59140,14531,10026,24285,44031,88459,61029,24076,44196,65445,74242,33104,58221,38022,25561,45272,87147,18005,26337,29097,02267,34048,95197,02236,60203,47208,28300,50026,02798,35070,36137,44137,30077,77085,77088,65383,10162,25164,73020,43043,55482,07293,66125,02262,51514,04095,24126,33263,21243,01196,59499,60334,27180,68207,32042,03174,77318,71003,54187,66050,25359,53175,02177,57752,33436,27460,72075,62018,21134,25030,71039,68066,63234,30123,13101,05047,71351,07036,62220,21562,34012,34019,67324,76117,44211,50144,90004,62087,79118,17310,27576,65452,74302,14367,31289,23141,76190,76194,53154,11100,56122,86160,45178,77265,61026,85220,33507,02579,76620,60441,12184,54318,22030,09064,77080,83002,62413,2A232,36106,57072,52360,37246,22146,85111,21634,64126,77402,11294,24051,16018,76699,91593,2A056,43147,68121,33389,80805,64472,10094,71228,51470,02423,26136,89314,67475,35234,41163,82136,44165,10131,85071,21316,36047,24004,71060,41191,67147,87127,28401,07211,87089,72158,27256,84144,36203,02313,47198,74232,28395,70487,31271,67377,54040,29022,72286,77252,70192,60111,31038,19029,14448,81197,86222,32312,31392,23239,18248,22248,77390,50554,23051,82125,88015,42286,03219,62882,83065,73057,38108,91131,21177,19246,59661,26246,02490,10106,36079,56129,33151,24295,42107,08259,34015,58067,03085,32129,2B364,34247,21424,32228,73320,21160,54001,24434,48034,01036,59359,53140,22183,48027,19188,59302,25570,62490,25166,04244,36124,11227,58074,09313,10405,69017,61439,41156,56242,47048,85185,57199,15238,76638,80607,34034,08502,40330,01457,88376,63055,17244,12191,82195,24468,78647,28175,17192,32035,39184,80383,54413,64110,01145,62762,02379,17185,19121,37254,34079,2A040,38150,55067,39207,13103,52043,01263,09018,17078,50167,09110,72062,51056,76094,26317,47194,59330,56181,01415,62371,89283,58076,39502,47223,02173,58238,60319,55267,2B243,87083,34311,14078,51436,21583,84090,72112,64547,17364,76712,59079,78575,38444,2B267,67176,81290,02234,77249,62381,47264,54461,35109,74096,02759,08045,60252,73294,24137,36177,17470,74145,27349,03169,2B299,59354,34090,95628,04031,47227,55256,60458,56069,86074,40206,38509,53253,06083,58215,57284,21549,81144,26290,69021,26089,51294,89150,40085,91135,38366,80083,82028,47063,17276,16160,33221,02531,25086,31470,57177,38217,60507,46080,64201,29208,34249,08236,11436,31514,45224,89426,79310,60236,01441,10143,24577,89310,90083,06074,51370,66021,50478,14380,46114,16232,85250,62737,39400,19066,61371,41273,29260,59601,71231,21597,21069,32250,2B297,27187,81248,62402,67290,27518,21679,24213,71373,07081,76076,40118,87069,29262,77050,77300,39361,70165,27383,59210,10166,53192,23232,64153,93057,73168,39053,31290,57572,70552,48156,57546,74223,50594,37066,24043,11257,05012,67466,89221,19003,16306,21124,65044,45051,54082,57723,37103,2B095,80057,46037,62334,35040,57630,72281,01092,19234,01306,06007,06091,09184,39138,29113,02118,97231,89318,27350,25162,64390,29236,81230,69196,33366,68042,63419,37078,01368,16104,10368,14290,02038,26179,43079,21095,70085,54039,70339,72330,40228,71387,25404,30276,01247,17336,60116,62848,53036,57119,32293,09118,64385,41067,36198,73227,07185,26017,77518,10184,04088,60454,36049,11146,11009,24555,39112,13088,50347,31002,88474,10301,55344,85083,89063,26006,45209,71504,08310,39426,39051,91022,38259,58182,11134,62596,81145,63176,42239,14193,90036,50473,07190,46230,57737,80380,21704,27700,34263,25495,69209,88173,39398,62256,59017,45156,29015,02413,2B074,56021,91393,86269,67257,88399,81179,50522,24094,49306,50210,77103,64417,21645,78050,62280,25449,04059,65347,69249,78265,61138,21275,14439,08357,94074,16151,03236,38539,64438,52169,49347,51630,47306,76754,38263,2B013,23245,88386,70018,22141,33424,01170,12091,25087,27200,62793,47011,21619,94043,62313,82069,29082,89170,19276,02054,31060,43140,35086,57372,70359,10147,42160,42181,21610,52085,73114,02464,66048,64156,50541,54032,55122,10263,42120,80521,39535,60536,62871,01023,62643,19251,54080,52289,52069,25281,72102,33372,29032,31436,04120,31488,01124,03150,36229,25299,45264,55120,11394,86092,2B183,52440,33542,40167,12140,73176,19206,60046,69165,36062,64508,88260,16120,76070,01249,38363,68012,32424,01335,53152,51589,71553,33328,81019,89020,49283,66098,21009,83122,28368,16068,79135,51150,60521,71321,80570,51318,44145,62092,30211,17100,81264,19178,42035,92036,2B034,28403,43003,77529,68280,11357,41286,60703,55503,57341,27077,49188,08143,91399,84093,01280,64195,07268,42165,17004,50493,87187,89009,79124,80208,52237,35291,14197,39389,73087,59572,40315,76317,53089,31356,2B361,26261,21259,07335,21234,60145,02441,46170,80195,30324,07059,59150,21575,68330,13023,28380,31019,16049,2A144,93027,76658,63148,2A108,02608,24269,65114,32303,50076,62399,81101,37107,64431,57174,43214,17172,01012,14437,71332,14218,10318,53093,71345,83138,51199,32087,63282,02727,52456,31213,77437,64271,14005,45127,54149,55366,60176,18044,62151,76327,08020,70167,31577,50512,95323,69008,18033,10065,80646,27249,18049,21386,66111,24360,17032,27516,62838,27420,61081,29255,78506,64014,60473,25015,60207,27426,51059,27396,03008,89186,71421,76396,45300,19255,70057,27392,27469,01195,86069,59215,58047,17194,12107,01425,34065,63410,78202,87142,54365,38485,39060,51600,37193,39550,78557,69113,58302,76511,87168,18107,77078,70559,46235,36209,71120,42015,62904,84062,2B321,29049,2A014,89393,52102,15129,12043,07129,86150,77250,62573,52130,27589,71061,18284,19247,07024,51230,53271,22285,21698,50335,71142,40326,02734,51625,51496,68320,15033,15076,59303,77253,58173,24276,60585,16381,33348,21186,83088,03284,62419,12071,34150,07171,40019,62221,21371,01076,54402,01231,89089,18069,54481,57440,31431,35104,51515,27193,46013,11102,59379,27163,03143,95680,63196,28007,09159,33502,14394,84135,87199,61267,62331,59595,42249,77469,52228,57101,32070,73122,09134,58253,31368,27028,61360,72093,62325,39105,16105,08013,83086,2A022,57525,74019,87082,28183,89042,61217,70314,15057,28185,47258,02079,81321,64499,54571,34060,62451,57136,55244,86213,48153,80523,43006,01320,21542,17041,59426,08486,01108,26056,88148,79128,76385,61472,78245,29042,87131,58092,67445,63050,56188,68242,34220,31111,62063,28389,83075,41276,38561,62820,02794,49161,67112,16341,89469,53062,21696,09090,77357,51430,47113,34296,21197,65283,85280,14009,46108,87028,11325,56225,39255,33416,54031,70036,26097,32203,04171,02399,24234,2B227,10387,67077,08144,56157,11194,25411,27267,22182,76380,57612,42280,77427,63406,77321,39290,36219,81228,21099,07173,05004,50626,49362,59657,23203,78117,67287,45040,59113,59606,80435,08099,67412,80812,18269,02569,37060,76176,50208,70317,77093,33510,47189,06041,38343,12009,63010,86087,31338,09080,08346,90007,52076,45170,38308,31364,68194,24144,05061,61390,58217,26065,64519,11263,31127,87062,45166,18165,70204,17229,62217,81306,76472,14635,72041,83059,33318,60583,39543,46133,89458,10262,15061,02788,51174,76375,29168,91045,46320,74295,44094,73006,32437,72017,06082,73054,78576,33378,50509,57428,49336,85288,62867,66156,55575,93046,73025,26100,70294,45135,26188,16241,65128,21340,01421,80433,73007,58045,64294,30212,25355,60423,08218,68374,46058,04150,76486,72177,67154,50643,63049,26164,21147,61459,2B218,13064,2B106,22042,63082,15072,63450,54363,64099,06012,11196,11434,74021,57324,40090,38521,24022,17228,56018,11186,60219,77472,58009,10380,43060,11202,66019,21510,71402,71541,79089,39441,13027,55045,60151,39261,45076,21308,66147,25631,22166,60348,86090,65092,62694,07141,66016,27147,52459,81061,02634,21594,70244,88045,52189,88001,31125,02570,49267,59505,82045,35033,11341,13021,89324,60287,62494,95604,49338,62218,42020,21456,15247,51443,32460,34227,71073,71244,89125,31337,64251,08156,85292,72267,84064,08158,29023,52167,57597,49329,82193,02719,33251,62768,79355,88227,37111,79284,25487,62174,16035,14374,35172,39040,33127,07248,10338,21082,28305,08160,48071,08282,04092,33149,27587,27284,40212,66222,12150,08324,85295,22075,71185,42318,34089,25029,68085,58243,13045,44139,72171,30043,61316,54312,27570,43084,03081,50156,89406,66012,95660,2A026,76726,59106,49246,24119,92032,90104,42195,60054,58162,32267,84061,23015,60296,52455,27181,57331,72329,61447,22364,2A021,87178,71507,2B337,62178,76679,28026,59425,32167,70402,07052,12240,71543,10218,52321,77489,06094,21463,70044,50049,15240,49041,27098,62843,05017,31172,18276,47226,28153,45218,59585,50599,25180,32205,46021,43217,21419,13028,43149,41130,59338,34074,51369,64016,63466,11002,58191,62538,68248,29013,14426,38401,14468,14364,03190,17432,62213,52432,12019,57588,60646,51060,26082,77292,77313,02213,91578,76208,71104,38206,49029,71404,22240,71517,37184,29047,24532,01435,41121,50110,63362,59209,62875,80223,54154,90074,21035,97121,63310,58129,36246,10308,39239,76011,93062,66216,23133,87129,09234,85179,27630,36127,62315,09244,25127,27016,27488,62143,80258,73324,58194,42085,27325,52115,10024,50025,02032,55232,59372,39489,60248,23143,19157,33132,94033,53051,63147,13061,33170,53224,60408,77255,72248,01080,80165,51493,03042,54460,39008,25453,02602,39455,09262,2B016,74297,77327,48127,15172,39430,49060,95656,86211,67080,70520,23182,27343,88205,19174,36094,95280,67008,51388,23032,62786,70576,59275,72131,24513,40116,50368,40264,63432,19170,55265,23140,43010,51179,16168,10401,59599,16048,62618,55377,11106,74213,23017,52197,37211,74156,94028,27338,58048,74131,24162,24486,22255,60589,21675,11170,80121,26251,81274,59278,27242,64060,53267,77395,72319,59128,89084,27684,12116,24067,31295,68094,54136,45281,57329,41173,80137,61392,77109,15138,22156,38089,72381,29117,85003,22287,11043,62555,30329,01308,21077,02245,63271,19065,11229,33269,26156,27218,59104,97352,02217,51326,26285,97422,21440,62457,33394,02069,48175,61256,38270,02110,40248,18183,25483,57479,55436,40201,14069,01113,23081,39025,54339,06101,54364,11240,31180,58180,83044,71079,61294,16153,67386,34321,26215,08309,57589,62736,50074,71224,52390,24472,10268,49310,34008,63293,26062,36174,72225,57191,66074,54494,45164,31145,73259,97605,62885,26127,51398,29140,65400,52172,11165,77142,70062,40279,80584,62044,88295,79210,50184,72157,02557,14687,76257,65431,65190,39134,80603,55225,35152,17186,80306,11068,10141,77268,02440,50082,35089,03053,23149,71117,57126,21230,68382,80576,24148,25467,34268,88094,32330,38254,06071,95493,39468,70122,33131,17102,64307,62645,87182,56106,72326,43170,87130,38425,39538,31367,71287,60180,33523,63385,29133,15203,27493,34335,93053,24069,21681,90101,30283,69126,77276,61068,17116,80804,67478,62319,39153,12175,73241,51017,17009,67032,45025,24057,76179,29220,54098,65412,23176,64160,30233,03209,57578,38460,89094,33207,73090,30170,05134,02056,43169,44046,64546,79147,39119,01090,69099,62328,08168,21111,67286,62834,02353,54029,40050,14760,33056,07304,80713,19177,49036,37198,61150,14735,32232,55335,57218,36071,46034,63311,71238,64123,54230,24006,53099,91114,63326,2B045,04132,63400,72088,02402,37055,67409,34208,89165,30055,63186,77409,40235,27130,87050,01078,87145,09062,38446,32357,23067,15063,60575,60119,59228,34134,11261,79308,37197,10438,88129,43041,71090,78337,02533,21056,57753,22373,09319,63353,39203,60336,11281,37213,37168,50008,62144,54440,30302,74100,60310,31136,64400,25552,19243,51632,91634,16359,52194,46098,2A035,39146,57178,64107,60581,35252,57446,02815,02712,86038,32144,87045,33420,34192,88051,62842,37171,34196,66036,15256,88517,54525,76343,74305,72137,64434,18077,21222,53164,42143,88488,38349,63135,24210,16337,61482,11389,25320,46233,2A158,61502,48086,42115,65376,47068,88497,11402,62553,30178,33210,62281,10342,80076,56172,02063,32133,71441,25536,76350,63159,67228,50182,10176,29173,60511,72339,89208,32031,37113,31326,12210,02735,48053,64524,02754,11015,57442,31477,19116,62326,58082,17112,16352,06065,63079,53077,08375,34284,89245,25092,76750,50479,28154,48063,35208,25096,65025,41215,39293,72161,59290,49358,66171,62277,80639,71484,64019,94075,57627,79274,51353,04207,35284,39266,03235,70014,59088,67467,18166,59050,65396,72174,87109,51206,29077,30327,63339,81169,83038,15067,41149,31371,58289,55288,54517,73083,60374,32241,46132,71208,58311,45157,57071,17029,25427,63092,25374,37087,05011,33486,16025,14174,57227,77110,95014,10037,26032,01257,10173,60480,62445,26031,09318,21612,43183,19186,89256,89224,07349,55572,62100,24316,47027,28059,56162,16141,85291,35338,62752,60099,19043,38177,55479,34011,19039,64373,14476,77138,58210,17154,02448,70408,53144,24349,03319,29289,29207,32131,58257,65466,72028,50447,37160,59005,49343,07298,19101,83151,42119,58293,60234,37228,16190,80460,33428,26148,04001,91080,2B020,59028,19082,24261,21254,88266,38459,95690,69121,54045,67540,90053,60609,21447,47126,27407,52403,64458,27062,67310,65045,88419,33295,18103,19108,14366,38525,73018,76088,17011,47186,05062,72343,02407,34327,46318,24167,80477,62528,67075,72331,72107,76075,95254,05108,65430,73074,57278,22003,61503,58139,40301,59440,23191,57317,67189,32127,65078,72228,60098,84071,51084,25062,86196,33527,47168,52222,03250,68254,21491,88516,40317,11321,62320,88022,21212,88293,80528,51160,85081,80735,62652,97133,28144,29070,57156,89190,85020,57603,10344,86046,71035,39576,21146,76746,27081,52090,62273,49022,10169,50033,22266,29158,22369,26160,61039,21538,05092,63008,54478,67082,39157,81207,24413,73299,44129,77496,32149,18257,33382,63291,47125,40223,76613,09243,74124,21520,09139,38429,78307,22251,42106,22178,88052,88491,56194,78586,23253,74194,10158,86191,78185,50482,59407,65237,63191,45329,42228,03078,60294,45284,88091,28237,60638,47069,16260,77177,50525,14658,26155,43233,90096,59651,54202,02143,2A249,57370,51599,67210,57374,85303,77118,56257,34041,63035,70072,27436,42150,76101,59382,54138,68118,62726,10429,54568,77264,31008,14282,03020,25502,52055,16106,65397,07085,52388,19171,43002,25196,2B155,60047,84133,61214,80088,77524,87012,76478,18236,44090,26250,55552,48151,08086,87189,61066,60115,08233,02274,62893,15122,39428,80740,10236,07028,14379,86173,07072,88020,33216,57092,42276,46339,95462,21591,65374,76591,43154,89133,11111,14758,2B280,49298,35145,60512,24054,25454,57439,63047,51609,42094,61036,68184,89197,11203,91240,51103,62613,59529,19106,03187,90063,03308,73152,02061,54105,50488,65176,15236,58268,68099,88344,08151,23008,71023,53238,2B241,36161,14681,68253,27391,80340,54221,63338,37250,23193,41185,21269,51066,02747,68273,36185,74066,39073,64289,62452,02087,01337,61053,66179,71582,32405,03087,54601,25428,40291,80377,58278,02596,57767,78263,30143,65391,02335,74142,14664,77180,53161,17360,71580,60114,68171,40170,87066,30307,25119,86041,04094,52393,41031,01103,57283,78281,44122,52514,08172,42322,12222,57236,16166,12301,34080,74111,04241,55066,22225,70460,33222,38298,59479,24279,89055,14226,50207,41178,88484,15027,16379,64387,54412,76370,38337,01267,85045,67149,74141,01043,28213,38426,89154,71124,35170,30308,47075,52134,16416,62308,02328,73187,30108,55560,27310,89167,76756,57245,63089,26278,11258,02187,19278,25077,60110,64239,17219,89248,02752,37058,29126,15162,52446,43134,52512,30121,76119,29240,71240,17295,40078,85213,31588,68295,65150,62089,11433,07328,67415,22185,12305,43257,80245,60092,21021,34337,71549,71130,38553,70502,97416,11409,84033,80507,67442,89445,58146,78334,89302,06049,38342,70035,95476,90094,21175,02146,26372,03178,28223,25310,81164,78297,23220,12160,02284,65253,81075,43109,21490,45122,03188,46001,77094,02287,69208,31321,77187,95102,03006,66109,87118,06056,57140,68043,77428,01187,42117,21281,38183,68072,45120,57002,79150,17104,95078,60100,43228,31073,45223,91421,65168,86272,13044,76097,60225,65352,45119,95176,17072,29085,01279,59558,08255,71499,49183,53045,27063,34156,21240,36136,67265,77127,41093,33036,25177,62515,16373,51162,62404,80280,07083,12145,62610,65380,30132,11081,51135,12171,57690,32027,73303,14667,11103,44020,10031,79342,73304,71522,35136,65425,35290,52135,35217,91186,64335,71515,19198,34292,58183,65079,59006,35162,22072,57296,40063,55404,25634,43225,12101,04017,2B318,07265,60683,31478,39325,18024,87038,55034,2A031,32185,95058,76221,17349,05050,38399,54128,31331,86072,23237,55002,65194,17064,32083,73255,80814,76213,54151,54167,31288,27323,59466,83009,33319,88502,35139,39381,28281,47018,57258,79273,69240,18117,74307,32423,31043,24138,52465,77370,31219,67437,60392,78465,80085,68187,67421,89220,03110,81259,82003,22249,95116,25559,71161,27067,38295,08281,18073,64300,61097,55481,57313,90102,60194,77041,77476,44035,45277,88300,18255,90061,76233,51555,58136,01219,19258,71579,87099,10211,76287,52513,55577,88157,52249,41122,06123,80384,31048,91573,14651,2A141,25591,33043,58138,15192,14245,57122,65451,65259,47269,47163,97310,60089,06048,74106,70442,60625,30338,16075,24327,60297,33352,27595,04040,29160,07123,33522,57660,24320,25103,61379,80251,43124,01121,78096,44041,54316,55322,82095,57315,37089,34010,12182,34190,18262,29139,11432,18017,05070,27649,17311,11235,55556,47119,69200,60215,71139,59153,19012,28350,57035,65010,67120,21261,21564,59638,17486,67159,57041,88175,70172,24070,57196,63227,32435,02052,18201,80475,65421,59224,80495,52027,69061,76147,15112,60186,08049,11065,37173,97104,84052,80359,17414,16112,80325,74183,67179,25418,94042,14540,84059,65048,97417,52397,42029,62302,10034,23138,80555,09025,21189,82189,26338,34028,69161,62501,72189,2B052,14756,11107,57684,34033,57674,45131,51266,61252,02085,08434,39360,32345,87092,44202,56034,77196,38499,71198,11026,18258,41258,54542,76689,62516,01064,76232,38501,89411,71274,80742,32206,29115,50384,08083,65309,28118,18142,21294,25313,28141,89282,55372,2A186,81074,65281,10320,54166,23087,07150,43099,33316,69202,97117,59183,67195,74148,43189,45038,43126,35075,80218,54020,46272,25248,66155,76420,69090,33396,77223,57380,40140,63388,45124,89422,77018,30216,65478,21198,62317,80490,84051,03036,28078,07262,74301,25305,54522,09007,71009,52528,21608,58087,44163,65304,32270,36156,70455,06020,61349,28321,01045,24335,46334,40271,53087,89024,23104,62034,34307,24543,57382,63130,55141,28400,34230,37143,63021,17415,43254,37118,53108,17323,51279,09054,71261,53242,59199,60630,37188,72151,42234,89058,2A131,06137,09073,81299,04136,83058,41150,21569,2A284,95388,66133,88189,57398,31155,57265,59562,57536,22186,60482,70372,55328,67327,57554,73059,78439,21450,64315,76364,56103,59462,93072,28239,67551,77459,21081,27201,51223,87104,46093,39191,16223,28128,60273,31196,60404,17207,35138,45242,33552,61303,03093,38044,52380,29174,27554,89086,61264,62052,65433,87169,28009,88127,24401,85008,77090,39169,63045,49099,24008,07189,50278,78009,25243,02604,57138,85289,37186,22048,02553,25053,70136,02587,95611,55058,02812,89019,21429,51129,25360,70100,50315,97610,80092,54065,54075,67358,54108,64363,86078,51479,41131,26122,11247,85302,64059,64243,51016,46076,17374,63439,77167,79293,92012,2B304,87205,29008,59516,65213,69040,72266,31187,89364,11306,63062,76534,21364,25031,60487,33164,24526,03108,35029,62592,58148,60060,51457,97607,34245,34111,28323,57618,79239,60184,57244,02424,10093,34183,78278,18249,02193,29285,16425,32273,39173,60298,55349,02832,65021,33454,33224,46146,28407,40120,92063,24048,31212,38252,28225,55307,31483,02362,50241,62580,31306,27337,19288,02027,80304,59214,71443,64173,60229,64266,24437,03025,17283,25269,57064,71100,10233,74159,50046,02184,86003,65265,76728,16090,04070,80256,2A282,85191,40129,91159,80422,45335,07145,72353,51472,87206,62780,47120,67181,50417,51620,88002,01294,23079,33304,89056,05019,76540,79012,19135,21301,88271,45065,33029,06029,22057,41198,62212,06072,07272,85142,35266,68334,24353,57237,29175,33024,82092,02216,16217,30275,61382,47232,56149,38161,02465,65349,02215,79069,03118,71333,04096,35300,62440,03232,02088,33147,30295,90065,50021,97362,91581,64518,17201,95527,04180,41114,16108,70082,61209,18154,52473,35191,62464,51337,68201,18055,51578,82152,50032,68238,45332,54504,65236,45014,34295,57032,45325,16142,40329,30319,45039,94053,88232,2B109,95039,2B365,10441,10075,21280,76001,33274,66054,02117,42194,02305,76433,14160,49174,45321,39408,39487,11288,94018,50624,45207,63208,14166,08147,34123,04160,93039,14480,03193,56044,35092,61048,38188,31096,60134,33326,46221,48015,21496,16414,09213,16194,62594,30003,76458,03124,25251,34322,65115,52141,21568,95268,59400,17381,76488,83132,48044,62907,38042,03313,55247,82043,76028,21057,45228,55395,44180,54317,78588,67375,28282,08256,07313,31425,58168,58219,63214,82111,42170,18270,76363,81176,69078,31484,38500,76672,38476,62607,72019,36065,90039,45079,31224,19037,54281,33087,03168,02433,25216,38310,39211,17358,57637,02203,85305,39171,91533,30235,68225,65100,62872,38462,27447,79259,87002,17467,2A197,33161,03248,22107,30186,41226,34073,21702,50461,71286,89405,54035,12004,07242,10096,54130,31142,55221,25571,25588,33534,33057,31538,70045,37076,40046,05023,2A038,68321,14229,73012,64033,90002,17166,72127,02319,87115,26363,51396,25523,17197,07333,85274,72230,73293,85016,38180,74157,57499,60492,03129,71497,08491,33471,51594,31339,59664,22361,78208,39345,60556,42043,11332,63011,97602,10337,80647,72194,24192,17065,76300,25494,62684,17048,14125,57396,34231,31324,67261,31589,22325,59246,43032,57478,34340,57308,18157,57043,08419,03247,39518,31123,83010,22250,55347,81110,18149,2B140,33002,17307,60146,88218,53235,71395,44021,62372,79056,80444,64127,42339,53113,05057,80440,23247,77378,11074,16295,56042,81025,77247,17240,66210,62441,64093,07329,61178,27448,54131,58171,2A349,21193,58127,33373,70399,01198,51319,07062,27625,70387,76152,10439,15030,74126,35197,71292,59201,52181,09032,32361,68265,72208,17347,15184,70220,52160,86202,26302,42157,07288,06073,39235,47002,62757,02709,88294,25139,49009,81285,52221,04026,62108,16372,69001,57173,54099,76323,02456,10013,57298,60481,59456,06075,47082,36157,02010,59542,32138,57533,11385,69070,60179,80136,18178,62633,70158,67206,60457,02002,40217,14190,48107,38516,32028,32258,76448,44192,71574,27025,55042,65419,33166,58120,38328,54030,61453,47076,16394,16076,51309,11284,37159,71546,39118,76428,28375,60001,26331,72223,2B315,28382,28253,13106,56072,21025,70335,34266,03204,08197,16279,72328,87004,24531,76745,51275,64407,59135,60552,71241,21008,10010,51282,02149,11405,09175,24271,46202,93029,70262,57730,50452,47122,11252,41189,79309,30227,72231,41267,62137,80578,60268,36004,17315,69022,28100,21273,62570,94055,28419,63236,78545,04236,31353,07229,61358,86258,17125,07019,63429,93030,07316,13001,14003,19131,57760,38169,59167,55181,56182,88498,40072,33081,24251,50222,64061,72229,28270,14163,57222,29176,60235,11191,41123,78417,55046,31207,28235,41115,63190,43113,43062,09207,09203,89072,40322,91376,60484,76005,27475,57290,57707,52332,57311,85234,53034,50612,85167,17476,86184,33337,45055,71506,2B125,94070,28178,31177,61490,64268,50288,44185,64273,30148,77480,62231,08107,70313,04172,73326,2B075,30210,62446,30087,22320,72179,83028,27679,55276,84014,09223,47128,23263,25194,56212,64291,67484,85247,27302,19111,21208,26305,95594,57518,80626,51101,21488,80334,51253,10291,61005,63464,80064,35045,54346,29107,54371,33047,41050,62631,36236,82071,40166,22020,64413,35289,02814,52304,61078,31456,09155,97214,89201,57743,35095,17480,57277,33451,66167,32219,64437,10067,71391,60293,27465,64182,42028,27668,67029,2B238,08057,70515,02309,77331,28365,03046,30046,63120,77517,74033,76519,08280,73049,21221,72038,60329,17158,61323,02664,45216,11241,31491,34068,65134,21048,87166,32316,54028,70180,39126,55255,02371,21068,62382,22307,72199,57480,40091,21158,03023,08212,55494,54067,94037,52072,02109,09218,72071,85025,37138,50024,12287,70453,22263,77106,88362,24454,65098,67414,77279,32182,42296,21415,44213,28405,72051,62004,91223,67511,06086,80423,68285,62766,14228,07070,19045,81083,80650,80431,36197,45232,07226,46008,2A062,01088,07120,62421,80684,12079,76469,37140,09254,32041,09323,59085,60595,69259,12223,76244,36092,21690,54484,17453,39026,31239,74112,60647,21528,32235,39429,60133,40022,10145,62816,61414,69252,34336,65217,46280,80690,21448,05078,36051,35105,70024,17294,28024,19277,61321,15158,36145,02668,08150,37026,82148,76703,35059,42311,62272,88192,89240,68269,86280,12296,60396,62651,32110,79042,28008,45257,81026,57620,60230,43009,38495,50130,32215,94003,33301,51655,71308,12295,15116,51395,80116,55291,55036,14710,26348,14173,64382,58154,74292,27347,64329,17106,23213,72296,25099,47294,02244,46159,24134,55541,10235,62476,24002,11412,62647,67477,60370,63099,28393,25328,10222,85304,03033,04206,31410,64104,63374,38468,89054,65329,26309,2A127,31027,67137,81087,63459,62841,80721,46148,54581,95450,63213,91599,31100,34343,39174,77455,57385,40234,05156,35108,30316,79086,52198,28103,26064,39018,95218,06063,54189,64166,97219,61049,34184,58095,23218,52305,67458,60371,59316,16121,62559,64102,12051,32132,52542,62453,81181,24111,65415,91075,25413,42313,38117,42044,39373,88530,70087,87007,76236,79216,65206,50388,54043,88088,03083,37099,69102,18204,68303,25223,17324,21171,73211,57342,39388,68192,22347,52164,63052,31563,22358,52349,37093,2A118,37201,86247,45230,82022,25065,62565,32246,31044,67135,24376,67461,64087,24395,21466,14252,78674,67522,76199,01255,62401,59627,88246,59594,31221,45348,09196,60667,21181,09099,84097,58033,31347,64144,07291,88159,03240,85067,08252,11331,22126,37013,16354,21219,42235,57510,14102,50277,16046,11265,77369,57142,84100,2B342,80224,82100,21614,64108,17208,55064,60615,41028,02439,58265,57731,37063,41225,71388,30068,73221,25520,78227,23047,51042,79177,35316,21040,70577,51036,47043,04062,58032,64070,65111,56140,43252,60387,80651,50147,41139,59042,62700,2B208,59107,50299,54540,56200,64142,90003,02180,26266,89295,10343,41118,08494,31315,10374,88495,21049,88251,87046,33061,22306,80247,19112,18018,44159,50582,76456,82025,22386,72338,77216,62744,32061,76609,39091,71137,02421,60674,38330,43056,27075,35042,18230,11001,04053,60640,85015,67027,31222,02279,33243,32298,74002,88385,31505,64393,36119,33014,39240,86123,10100,97312,13050,92004,02364,95682,39301,48177,49235,86177,32338,25109,55262,70206,51163,22127,34267,34098,09077,15128,28088,03215,44103,17253,81159,33518,46105,2B083,09229,31068,51248,57224,58169,41219,62763,16275,06133,55095,65148,59161,02773,54595,64025,80632,85260,55119,34338,61237,31079,85197,29063,80179,08355,07201,76059,16114,70296,57200,59526,85231,28188,39528,50246,76126,76202,54243,16374,03206,76177,85036,16127,71493,81033,28021,89347,67026,47145,85035,22138,31458,47304,10393,18045,14059,29035,33325,01181,50268,42105,76695,33350,2B029,22155,63472,59086,76503,50041,72386,12044,88279,21115,87090,62248,57325,16158,02762,2A247,12098,57025,24240,27320,77099,72289,26175,76457,64339,32094,37037,03243,80397,35024,76286,81309,21461,88076,57213,77430,11299,03290,89041,55466,59512,77136,52246,35195,41182,16292,2B054,25003,19158,72016,70152,14116,25275,12274,77441,80027,36068,88262,58288,61199,85050,02134,80443,21285,87033,46216,46090,38249,85296,34005,43031,73268,18216,10314,70349,50502,37073,11220,62735,39372,16169,32409,53104,53147,62701,73262,85117,59592,49371,34170,51097,19271,81069,59207,13202,21503,14084,59056,54055,27656,24366,14127,59411,03263,57677,71214,60251,66129,88351,76683,2B179,15022,32319,01101,25063,80463,82180,69281,50400,48094,2B333,71490,57750,75105,28136,21330,72034,44005,21565,39003,60118,97215,82116,31047,25005,68011,36180,47216,55079,02552,54374,32130,14064,09304,07244,27278,85259,71219,68023,88430,56255,17332,18087,34114,19008,46335,63198,74079,10234,22094,23169,02803,44016,11269,36192,57740,63173,39097,48069,04006,62665,41248,86181,02171,79058,30103,62819,62125,64298,62142,14466,27432,13041,57105,21091,59190,39577,53124,32356,63063,03208,46167,68318,14337,58050,02124,76553,05010,64290,27202,12008,71289,88254,01369,95142,40258,2A308,65319,10253,57248,76731,41157,35097,57075,41091,39412,77143,68137,53145,24448,26048,63461,13035,50225,49011,47139,31516,06149,34036,21411,80022,27011,88440,41224,60584,85214,63034,70285,46304,30342,26118,44141,76450,02515,46057,80782,59446,54596,43026,60525,74185,33082,50444,76183,88368,36181,86250,31412,62560,63132,51628,15262,51640,40147,12273,55224,03234,08148,59334,14130,23206,67398,11283,30229,37150,22175,46111,27474,76298,41029,62664,61425,61273,31217,18289,03105,65294,08185,21412,73116,16289,87037,67449,76498,57209,17137,33403,31057,25038,65355,76057,86265,23238,51604,17076,83061,15014,02172,25459,02658,21390,79204,65342,52445,71258,89390,54344,58132,66108,30337,26195,60402,17012,74116,21527,02539,38412,32204,80140,76024,25329,39420,57747,46316,67196,76214,84058,51531,39421,27312,42023,83073,51093,77011,67034,13014,80418,95002,72219,57033,27003,86091,66225,84017,59339,03287,62086,26273,44125,05036,73084,34064,42108,69245,40256,08391,58061,79277,57526,14101,77282,18264,62122,16406,59226,21085,02538,39285,26060,51047,91587,39584,02098,55566,71337,21332,80095,01138,26159,72370,48181,70421,46185,45302,28221,79250,31293,13069,80236,38005,63129,25501,08499,35302,10394,30124,89062,37257,13067,31325,61165,59089,88315,51657,2A191,56174,25361,57187,15159,90024,33277,56214,88277,76015,27605,71204,02624,35362,81117,11221,43213,57102,18124,25498,08008,57487,62796,45017,71468,76555,60211,63097,54019,29238,11388,52063,54351,16331,59333,60415,59631,52004,2B236,25386,88417,07154,60167,23162,04104,74177,13042,14579,06120,37231,2A200,02321,64531,08471,31380,52254,2A362,29274,61475,21682,14357,56131,80099,60701,69091,58144,32264,21707,62620,45288,65477,92025,21232,35327,60259,52544,62674,29165,88102,14012,21020,76443,33044,11347,55297,39185,50060,90081,09142,80791,51368,12200,80756,39423,40055,64338,64388,30209,62296,38392,23265,10076,61051,61238,60557,34063,38433,50430,59112,70319,50589,01277,69138,84148,55415,32220,12094,59059,78276,35121,89337,57065,22052,33515,89203,82144,05158,58263,09264,35116,23188,25426,68286,29028,76702,51082,69291,62692,78416,89298,62537,11318,17309,12183,31283,02050,02261,51087,11245,77343,46096,38470,07127,51085,87095,78146,58197,62790,71403,33548,78123,10427,76342,80284,59481,65318,31562,73070,80002,84085,51306,76399,91617,10028,11137,82146,31059,51644,80294,05032,68381,26033,89348,02679,77405,88092,42164,42213,67435,42299,30269,32102,73232,57640,77310,62075,47210,51539,79179,33262,57751,71002,17388,24001,85046,47051,47032,69049,67129,14117,61370,14410,26339,43185,70251,59263,70038,59482,02606,84023,89045,61190,08428,11011,53002,86299,27652,71440,50446,57555,32153,24182,65240,2B309,12251,39057,22337,80592,57590,72336,58193,19217,10198,48110,07156,77387,67092,08096,57638,43111,82004,09194,80487,48029,08336,35308,61176,67491,12261,72224,31291,59041,62649,63157,38290,71539,47278,27419,16199,71234,59269,15133,12016,40132,2A119,45061,47008,25369,62216,07040,62215,05119,80809,60121,88174,72354,39221,73205,05101,51046,79087,03057,17319,31173,60673,56244,49007,22195,32308,62045,21479,61086,01351,54566,24085,08232,85098,56006,60531,50270,04224,54242,63415,02015,01299,25622,17010,51227,15098,24034,95110,02633,39473,54036,76557,2B199,46269,56137,89307,07212,62519,62285,28184,15217,27701,65162,62025,88273,46306,89334,30354,45142,65040,25131,10307,38141,61166,27110,66105,61363,77037,77102,57113,25535,08311,07217,06025,14232,51624,61071,72276,19204,37090,89127,88120,14122,11073,08190,16103,39494,68255,69030,03278,52119,59134,27129,85095,60619,03055,80349,40070,72351,19192,36226,62855,80620,51054,46063,09212,24294,74004,62489,57704,55510,14556,88464,42062,39035,51492,28394,03212,52006,70267,47325,12280,09161,43020,50437,09236,95149,32297,74165,66009,62794,35019,67296,21694,43053,27542,80331,32151,27127,45276,43024,51447,70466,44143,54179,62895,86165,77308,68312,54251,12282,30277,63166,57202,02408,19074,24050,57493,10044,21164,25309,35008,47326,26268,88165,83124,03088,58298,80808,64168,25529,32229,54121,89321,27104,16225,97614,62316,28142,81202,65334,02255,67231,87193,17259,16059,30084,76402,40205,85110,23154,56082,38530,30002,31389,33102,52282,87174,54396,73091,37067,25595,28269,09050,77485,54338,83080,08173,52394,02251,55105,08017,47251,94067,71548,28087,61400,27321,45341,77442,59221,71532,68349,39196,59205,47245,43144,23073,50112,69029,65050,52247,58110,80484,51203,55504,39159,15059,89440,82055,32422,14575,76575,80321,59487,50442,08153,35082,24264,60437,79157,24035,12163,52200,66024,66177,60010,61324,28074,61075,60066,38554,12083,74078,76180,02322,78165,72193,61060,2B012,80472,37264,71280,45305,67490,2B231,81036,65083,38063,38309,54405,64297,45269,25073,53106,32300,91495,88310,17182,25522,81129,52062,22002,65417,21274,21670,62775,17043,41106,02527,88177,38307,72120,26139,38518,27472,59158,02209,63009,59522,95555,67351,33353,67341,95295,16145,34092,31297,53055,43212,10195,11118,55498,16180,02780,71326,72245,87191,77495,54513,86143,53188,60255,42155,25240,76642,61302,26199,52158,55258,40285,30042,94080,91284,54014,66121,11085,10054,01199,72294,26080,72270,09322,02474,06011,58248,62224,63272,06155,74219,45260,80032,80126,18211,56133,25553,19250,39129,65404,31455,08376,59318,86098,43196,26198,21096,67392,57335,31377,23146,57459,35140,28096,70249,88221,82162,89483,68329,12293,62343,18189,32018,81088,80272,28256,71510,56025,22302,61278,13012,77206,40306,61074,60232,62410,22304,27012,18011,02397,62246,52216,59497,25408,11439,88213,39317,45306,21080,52245,42269,60597,40288,79132,63358,09239,23201,01412,54392,35062,76427,59227,50176,63037,51144,08058,39418,54289,33545,12167,65196,44106,38317,05165,56207,35080,17039,76487,77165,80456,88160,81023,30033,86233,08063,55210,52146,02169,52392,09208,54135,16205,47023,34021,69290,63139,69171,71525,69271,31052,17224,24306,61193,24361,45118,41048,05183,74094,37053,77010,65248,59272,67536,03056,17018,67381,50259,80625,45334,48131,16276,03154,21397,59053,64347,25444,22286,47022,61052,55183,65220,60631,33209,32412,77146,21047,16040,65132,90031,06160,40320,28214,59211,64197,39028,02403,42237,81037,73149,59279,31421,52493,26051,61163,68241,89168,35203,62219,50567,08154,88195,80547,60254,61230,16036,21216,14043,63192,71172,41216,21687,71528,76259,71465,10073,46294,65256,24390,60332,10381,40114,91441,2B206,80753,72282,22041,09123,70535,59163,91514,61050,47065,55369,39238,71192,34326,38318,21418,80403,80478,38419,77457,57444,53074,07193,02227,82140,54468,07277,63212,65081,59296,85112,89316,27231,14506,81002,04181,59058,72293,12178,01439,14306,02205,22238,17273,48008,70179,62304,81124,97114,32053,07270,15190,55422,36235,31405,30330,31417,76739,67188,18242,01200,65208,87167,25126,02609,52310,08416,62818,53249,14111,31170,89462,47274,02419,31266,70503,43198,17335,13065,82101,59398,29076,70506,14460,76497,85061,80063,28013,37226,81222,59097,44132,46173,71246,24066,51133,57413,23113,89122,09149,01228,64428,57470,13053,21558,70162,63012,07035,92026,33176,59356,06026,15146,26092,38171,29212,59543,67003,51109,62290,11027,52003,31362,73146,33512,59530,54356,45179,60221,34138,62111,56206,06003,02141,24296,2B233,38329,53210,12064,60302,55021,07198,68281,70511,23137,21606,80752,31387,63302,14076,18047,01348,77319,27654,56210,89247,72184,2B305,08228,35342,86139,70182,50214,24418,03117,83014,72132,65043,56097,63408,34009,67229,05123,91121,40286,81313,33399,91275,14332,60598,02498,65155,83096,60065,02022,31191,17107,18245,02644,36193,35329,33343,62039,30144,11291,38250,17184,80795,27522,77148,30185,31578,12260,39348,80405,26294,74310,76504,38215,25601,60356,29135,36005,14478,62540,77479,16096,22012,16032,93013,89101,09217,16134,41070,60621,71565,02578,80018,27540,06024,22242,65266,55155,71555,22349,72026,65247,64139,02491,18021,76266,62722,55445,18227,31557,26324,51350,63253,02431,76751,58165,51255,47180,54404,60162,68005,70473,71021,2A146,62323,12227,30294,85118,62511,80609,17443,85204,88238,32278,15140,81064,51013,64220,78358,38103,14097,02722,27243,27165,95008,08076,77168,82164,26094,76561,91579,07264,69298,34293,61491,67267,22305,11154,80559,21613,13094,22295,67035,2A357,77525,2B274,16256,14566,76568,82099,86054,81090,60564,57592,37050,25170,38369,40160,28299,61351,80077,27655,72124,68110,35028,09111,27339,77271,64229,45328,28085,14565,12241,76205,27395,09041,09043,55362,43061,27103,16058,24508,60168,08341,02637,80542,55578,33012,61317,08257,2B257,45104,60644,02082,65020,59574,66234,56154,34182,14326,06059,62869,55144,32165,07269,16393,72303,42032,23148,57251,90078,24020,70197,17391,34083,01123,89425,50486,25461,29143,02677,57610,79326,62603,01429,57376,95539,72154,25304,49261,59011,29103,13107,70013,87156,61327,76074,54102,34103,87149,06016,39037,37134,10050,71390,16150,51334,61474,29195,78073,47073,51218,06093,51155,61098,51184,41252,39546,28306,27273,62069,72072,57295,24129,2B264,42089,01062,24408,40014,53182,34310,82175,77365,22299,49110,61385,16081,22281,89410,24524,34175,21087,79208,60173,62670,39140,54395,77507,85164,47203,02410,14273,28222,33387,02607,47241,67100,06031,58143,19260,61281,53269,71239,80074,81277,88290,2B176,89051,19132,24534,76652,33117,27456,30021,03032,31301,45155,39312,52025,72039,24046,86256,43085,63183,54034,60282,04018,21264,43004,41099,16291,49253,03131,72222,88374,60327,73323,47285,70116,36093,21664,32213,42207,67160,31575,65408,03210,77172,75107,54450,21103,51038,40004,23164,58013,82047,87070,29045,21368,88303,64152,33417,27206,59459,81189,78486,03262,17135,57085,55385,45307,24351,2A163,67101,80232,08479,67223,95598,54041,55124,68054,02225,35034,49003,57437,58131,78160,33084,61407,21467,59623,10347,31420,38395,06051,14552,25041,50648,66070,89040,32433,57399,88079,38488,2B072,53105,21314,34044,97131,54545,44114,64433,12075,49241,48179,02580,21097,02142,46271,66139,16030,31024,86083,67411,70184,71508,76148,49344,02577,73082,52502,66120,73330,63019,56098,89187,65181,17326,28208,31332,58017,44174,27184,71207,71394,59242,14607,60477,2B078,70572,88423,14135,24373,62202,27299,53174,42196,02749,95154,27023,37033,46092,24350,63315,33421,10339,17191,54315,30051,39444,87172,31268,63077,42076,29048,51076,42268,76602,26208,58079,77204,62378,68129,68173,52277,72111,27286,34197,04123,32160,84102,86086,73133,24538,28371,69002,07131,64449,85072,01433,67401,77498,22189,67226,50391,59364,02277,16078,76047,48128,16082,67047,74048,88280,11115,10181,03135,71370,61116,80416,54088,44164,68341,89028,21130,62870,14278,22262,43210,64050,46051,01361,68015,34334,54467,67328,81213,82097,27161,32294,37091,74026,85187,46040,46075,2A212,55511,32176,54502,51455,92050,02014,73296,2B293,02698,34323,88040,29209,54359,01356,62024,66173,18190,79057,03115,65233,71045,06077,26022,32282,62241,24082,52195,89132,24157,71531,07038,80810,33487,80704,77091,24365,89153,26059,26361,94022,60158,32142,67354,64124,66072,27658,88441,08445,72080,17290,85090,43014,80759,03245,77504,78361,28155,84099,04051,93045,29083,49012,79220,52212,77461,08427,50295,52419,32079,63334,74052,14570,40168,01185,37195,23210,28327,91468,54352,50533,73256,82134,63357,79070,23260,84032,51497,54394,17044,89315,34246,66077,02568,02107,27374,41030,40061,80686,91521,76120,10261,31357,65056,14203,64285,26377,84040,36073,23090,24123,76135,54551,38068,62541,02827,59101,26193,27563,62295,56121,56215,24263,33298,36103,65201,65109,17237,57079,26299,54431,22015,78152,77169,43152,25315,51219,05155,59144,79299,08399,87103,17024,56101,34046,67078,11328,70166,51236,10185,19047,90015,57519,23181,72153,78403,35056,86147,2A085,01227,16063,68352,80489,70005,88019,12074,84013,68036,44121,53258,60109,21037,65437,26264,30199,39229,45063,58085,51645,64337,53039,21303,73231,46044,51509,60082,68124,32394,47106,34095,08296,45274,80412,2B036,62283,33536,74010,21521,80619,85051,38222,38218,71018,04074,15009,01203,71048,70343,22315,30090,05145,81081,24164,86082,19142,54514,51608,67295,29029,24171,12027,88272,01250,62813,24338,72099,35039,25252,12010,91112,71077,79063,47276,21566,56169,62849,53143,68020,80100,55149,47302,38498,40042,62629,54165,62890,28073,58172,56248,21002,57349,28098,32280,24150,67162,62292,61274,70029,22233,43019,76110,67534,70337,73041,76049,60277,80687,24586,42090,89242,12096,60577,59151,14316,57577,65441,47175,63026,11348,27004,57069,43181,57238,55253,36216,76322,26218,03069,50543,22275,57756,97228,69254,73322,42128,67529,14483,08408,10227,14712,95488,39545,82113,61329,32107,06132,73003,47187,15114,25014,41032,21104,52151,13005,81010,46315,60317,58149,70248,63114,87061,37279,18210,10329,08476,22271,43155,25397,60527,14062,79340,14123,25049,81066,63239,71177,80517,27064,84079,89137,39124,62154,03238,40150,13046,89087,95492,21022,23001,27119,25450,02409,51453,88371,09100,40328,73229,09221,95427,59136,25211,37114,54419,64245,87086,60488,55051,17159,60274,69044,62854,64309,54018,08298,61114,80014,64228,21567,59292,67174,46259,78402,42169,40099,71125,57018,51635,67510,97110,29302,43162,02062,77244,56057,01057,64049,50101,95541,86102,63215,02715,46266,80748,72368,12192,59143,70146,07297,24277,21244,42246,03272,62831,01321,63110,21530,67336,63179,01118,47303,35247,57748,70316,91037,76749,63155,09137,25415,80173,26087,18253,39150,89065,27355,50591,68098,91540,03277,80656,67501,47034,35281,52083,72191,12257,03255,21342,41079,71413,27473,55363,86224,13079,26301,88144,76690,67133,77360,33283,03299,47086,61034,47279,30219,87049,25377,31429,77263,57384,32112,14054,60360,67489,55469,33452,55505,76006,59369,63278,30004,71200,26192,19235,23266,68219,54076,42208,2B356,42005,60558,52012,67249,18052,02640,85103,39467,09226,29216,50340,79140,61255,17132,67237,58042,21109,29271,50164,80269,51435,17188,55500,59110,80328,35287,84112,45347,25613,64147,74278,55471,65160,80159,74136,34211,03091,15185,57077,64270,80221,21647,33206,27354,47299,62318,60191,14328,25583,70366,57550,44144,86152,70286,85261,05013,54063,23235,73130,86106,39390,86051,93006,61457,28339,50002,27152,85262,26165,54464,19049,50504,11359,70303,03070,38105,78209,16084,14547,51226,51522,24317,14270,88268,23010,11406,11140,80672,28203,02558,19273,69384,67405,64539,81063,36168,01416,67063,10325,27114,50169,46030,15066,85186,21641,61085,11295,21662,52306,60239,06151,34162,46103,76227,33392,86028,72036,31140,54326,23251,55280,38422,88526,85100,15015,53222,67454,14699,76408,02447,27661,29150,51005,87138,28062,61289,86122,35317,19268,65087,17096,60070,10424,14467,80385,2A061,67216,40071,81092,60666,25475,56179,41172,08401,78068,68056,80120,32123,95627,85092,60661,32080,87197,78007,02130,81251,49195,80574,50083,51373,59045,80200,2B275,68007,08023,41188,31030,33183,80176,83027,95011,14035,86017,62675,55089,64277,64443,89011,33242,59023,51659,54094,25011,32201,27444,2B217,89147,42176,74152,89118,54083,53218,01367,63197,33270,83070,2A358,72334,09127,17411,59236,02197,01293,14496,27096,08264,79172,86156,31156,89380,21117,39100,45238,31407,67065,46204,27695,68383,55099,55116,80276,90089,76064,67346,67200,88134,57651,08452,2A285,15065,64542,21487,41295,65260,45324,02540,76707,38278,55374,29119,73097,81211,53016,69231,52276,71463,17156,84068,27415,29033,42211,77246,21165,88016,86068,44198,80573,88193,50565,41159,54079,67236,80409,16268,55396,57445,40203,46189,70027,27378,71335,57300,52030,08369,03082,63433,44158,60257,63287,27240,17389,64332,59329,22096,41132,70261,60226,53078,12093,07003,60021,66076,73193,58206,43089,59310,02208,69095,52491,26112,58226,29239,80203,32268,24479,15093,03165,57190,03009,25148,85042,24545,29286,34039,17051,91666,60212,30306,01406,51002,71571,71122,56211,44043,21028,13208,71294,76349,67517,35228,38296,16270,01117,25527,72155,28358,16343,09291,38253,46164,67022,46089,60333,63465,44169,22289,02416,81243,78406,30116,27545,79352,02739,01089,22385,62123,63093,29205,74024,02037,10089,37097,71232,26201,01243,62314,69388,31449,46142,32369,59367,35232,32209,65429,64529,02160,41112,88316,01156,89385,43163,39406,40277,71205,33322,38313,65461,67363,32118,65462,50282,72332,84035,37252,19156,50369,47115,51149,21666,80080,40037,35067,02530,83110,64190,07213,28201,56143,46175,77020,54297,01074,59138,64259,06141,72079,25573,30061,17434,95101,85115,05098,02576,02207,84139,50297,62667,07300,57261,55507,10221,81097,01099,04139,09129,82040,38030,45292,42264,04046,70574,53010,66039,59001,62654,54225,38463,03302,89368,50476,68226,57528,74164,26288,51466,22259,66063,80141,68014,27689,11022,63323,95509,41291,38036,81270,16366,23064,14239,76354,02797,55175,61148,89252,70422,80480,32186,27555,38072,38565,12052,65348,41184,73024,62037,73235,39522,33261,24220,41035,62128,35335,07260,77108,21494,42327,41065,60204,31323,65154,21483,27036,42159,32136,51548,08019,17400,65232,85159,42261,57088,88463,73261,13059,80562,67083,67255,67508,52059,27222,80059,07061,42325,16019,17252,49113,60017,28146,88264,38457,78396,70129,95504,87185,31396,59218,08352,10376,03013,79134,09124,55170,45308,88404,23124,77460,02012,14143,28105,17425,67060,08396,43046,13117,78518,60208,50372,80148,93048,14237,31163,22083,81265,25592,23200,57115,46123,88494,80166,02655,81161,57302,94052,22234,64368,59328,14093,26034,40259,94060,14087,48160,76299,35173,69191,30284,80228,02710,23259,21657,29171,71537,73053,73145,83021,03011,68006,15214,39495,76698,42200,34096,81200,41137,36046,41268,40011,27261,26216,44204,71334,27377,21112,45344,48138,04012,43083,89350,77305,38210,2A228,76038,30015,77453,21046,97129,54414,40244,82165,51446,61180,16329,27622,01110,76447,01179,69043,16097,28229,03136,56204,12164,77185,34342,42230,25425,62524,80538,85073,76422,57388,60154,23255,59348,68022,43071,84126,82127,80549,31181,69382,26002,10119,92076,57716,80132,46137,33249,06153,07032,02688,33169,31576,88283,43028,14349,66178,24252,26147,38467,55357,80778,55360,55206,32367,16334,80248,31448,60682,74119,37136,17375,53196,02512,46140,02686,34140,64556,22103,40214,69122,61001,45045,33526,65036,89463,51454,06047,86093,65263,60263,15094,34127,88038,14475,76686,62091,86289,88110,89119,52541,44050,56039,10154,29282,68160,17017,47178,14355,32212,78217,18037,34305,25295,08067,87074,72211,80596,23217,09249,52044,57108,46194,58313,31141,68342,95063,01262,26030,14167,03292,67388,68277,09058,70467,43188,2B302,15010,82037,25307,59397,86063,59360,2B169,67292,69166,24005,63005,21029,02154,63319,55196,47311,15188,50252,02019,69063,16101,04166,77464,69093,25496,70299,23120,81114,25419,90046,64361,26247,70200,23205,08456,24018,79030,27076,19083,2B289,39131,66144,39145,31252,34316,88104,64432,27685,60463,34291,62604,47272,11400,79217,47162,68151,54011,77035,75109,18218,64426,08032,11131,31278,33060,72045,37183,34278,28243,49132,42126,16397,25317,04004,37043,57717,21417,66119,2B220,84109,60126,43001,32159,91534,25314,52126,86013,87108,35165,05027,57004,54190,80605,59288,52482,02273,40252,18140,02732,10371,77493,62358,30238,44112,24130,55014,35233,67069,71267,58220,44030,76189,90022,17316,11313,40109,60304,21305,22356,87064,35248,26091,74172,43192,50506,78621,58231,15121,42153,91471,80355,68372,44022,56047,69106,80260,68375,80374,84010,02065,56114,05001,89017,76655,69096,30230,27134,88506,89075,13022,35331,60033,62668,49089,37149,65156,30056,88033,07165,59225,74197,31264,2A028,57150,50342,76305,66066,64516,52088,52235,51449,89191,80832,38101,07273,57438,41060,86246,15005,34261,29084,47253,05122,50165,14751,76415,21404,59486,08382,89375,35044,49377,68035,14276,33103,59314,67190,02392,16263,11101,88077,32100,70066,09180,88216,91038,80498,30254,19208,60361,35071,77450,57212,79357,41001,57365,84008,78591,15040,58006,82054,43251,45200,40122,26259,76344,46165,47136,02254,26190,80568,78324,26249,78653,16335,63324,80452,04050,68169,54092,41193,21646,35202,16133,12054,03021,57741,60227,90075,48091,61122,33159,01079,70545,70025,08119,70193,80519,77404,38410,22269,77069,40237,76475,88411,71249,45165,12186,55219,71020,55547,24484,23198,40097,12255,64367,70259,26213,14515,32071,18221,89261,26224,80053,23136,88103,19144,07138,34131,82183,30270,79334,27151,21315,39409,62199,80800,43182,45123,72345,61215,78300,58060,81156,36031,11370,59515,88436,03029,71058,26376,89279,37210,80119,54531,10313,45060,06035,62336,71469,81098,91136,24039,35320,31284,24214,04222,23144,36059,30293,01047,38469,25417,73204,80642,14039,66143,33122,26180,88509,22135,65113,27614,36135,80420,16135,59194,16038,86286,65137,26121,54421,49240,71376,38323,17377,25215,09034,39258,22327,95379,02697,89171,59403,32126,47222,14668,57204,01060,53135,84116,21601,30187,53198,21377,70050,51178,30304,17015,56229,72172,82114,37062,62749,28200,52089,10336,17211,16364,02541,35188,44039,65388,26206,73008,81119,53061,23041,24088,65231,58181,27091,49015,65465,50445,73031,55081,39043,83067,64052,21185,65449,91016,38107,90097,97212,09308,38084,80663,2B178,69186,69131,64325,65015,53165,61126,48099,85193,31361,45219,25271,93055,91667,18237,21589,58237,63264,63044,01184,30064,29264,14453,25379,61405,11416,73180,10017,84141,70322,76116,42285,31351,38239,76564,95429,28067,67275,61216,45062,08254,53001,31292,06135,40080,16211,52149,73107,62009,16261,62435,83079,50361,01298,10112,12056,62437,63383,79108,55013,65403,37131,88387,04229,28016,59289,89015,12063,42007,19187,33467,23034,38348,73105,73234,76521,61298,85177,60250,63002,57557,62360,22323,51250,76359,31296,24550,08024,27367,68032,17454,78455,39164,41271,24585,78193,02067,17098,61326,14206,50044,40021,08272,48116,33065,68030,31381,27324,57034,62269,28333,41283,57633,71005,77325,78206,87170,15267,76174,65187,45189,71479,39583,74250,51450,06089,51065,21644,59176,77401,60181,34224,42204,31530,63195,58276,11091,58036,54406,88409,28005,91097,87177,33311,68359,32327,30014,65251,51553,55367,19080,14754,55128,85084,47204,64081,70104,81039,35058,61011,54521,69178,62852,14543,41024,10418,51520,72216,57128,37023,14383,24014,61084,31091,05148,89267,72233,24398,63447,28296,21441,62364,67523,24081,46265,66226,32324,24007,32443,2B063,21277,55334,83102,17149,06039,54598,24056,25296,17255,62222,01454,24504,70342,02351,84149,23084,27603,02349,02725,68316,76693,64360,10445,34001,25113,85013,62468,53083,30137,40145,86203,09310,40323,26276,97116,67360,26103,55384,18095,80575,05021,46276,70539,11425,93001,31452,68119,30083,35211,24287,36030,29014,82034,74191,88529,47327,07099,21637,84050,27533,12045,40079,62690,59492,52207,95091,55167,41285,24536,49067,24569,81123,12104,54096,58037,08338,84107,50496,17151,11382,38207,51387,36055,22161,76035,71458,69010,02808,38083,42009,81279,02632,28240,64495,82013,39107,38195,74020,54182,41089,51513,47013,27219,02323,67397,84025,22243,69051,27295,18274,71427,59383,22319,78601,80278,44084,85152,88332,40040,88247,44023,32371,39511,57594,35236,32377,26041,72315,02503,27045,57461,41125,32098,76164,52506,19041,77051,18265,62127,31311,21320,59187,57466,10111,67400,31220,10127,85147,59569,66140,36025,25097,67326,02220,29098,80541,44155,80781,81024,73277,76196,62072,23187,51592,44183,24291,70240,82007,39508,62038,49114,31238,76663,74289,56111,25267,60514,24560,64527,28343,21345,76072,14541,31378,70237,51633,82084,10409,22264,60301,13212,33500,72311,59064,47263,31279,50023,22035,91109,22241,38246,62635,80118,21098,03226,14271,45316,46322,62097,76241,10278,08126,10117,54206,53073,75101,25340,37092,09002,28173,50618,14554,76717,19169,89354,47167,06128,77200,17247,51631,24525,57587,53263,71129,89064,58073,43129,77408,53214,25505,51239,33357,03100,78239,81286,71209,92048,69296,77452,36016,65053,46190,15006,74095,67233,17284,68195,40208,86149,03242,42168,03301,60137,74243,71176,01410,33143,71365,39554,49008,62126,59513,39525,67165,19207,67288,34250,23091,33385,39471,79064,2B039,33524,89081,09109,64545,73033,51241,66160,34100,54298,55356,25039,23166,81076,35280,95229,31346,57701,51491,79235,52447,71230,51663,77039,71409,18130,19162,73028,01192,71303,14452,88114,61140,21372,59434,70364,09201,08374,60618,42061,70265,18159,57147,79020,62663,34289,71300,86026,67556,52122,29101,31058,26343,52067,58283,70414,09008,02581,24347,63295,34023,27330,68379,12229,01150,51081,64244,54563,29295,29105,54218,19051,07108,03173,04138,54328,45317,29012,27235,32043,05161,29116,49248,59545,64184,62550,67268,47138,64181,31164,36050,15086,05109,06081,83133,41138,65006,28157,72369,18004,32189,21107,62506,72024,08030,09173,88407,50402,57469,97216,06148,57197,11322,78015,54442,16173,74188,90019,60684,76500,33349,82015,82102,45129,62568,79133,10053,58299,43082,24384,40243,69220,16255,62263,63343,70452,79119,07205,61063,65278,26291,79009,16229,58270,73311,38427,68101,50350,19199,66073,11209,10087,78031,67094,86300,60460,17086,86137,09037,39080,31294,01180,46198,02511,26217,81134,51134,12248,74260,43229,52108,37161,79332,55532,65395,73210,93077,74161,22050,77232,07221,39435,57595,14371,70238,31254,32245,27612,08317,22353,57714,34178,08450,39109,19284,38247,76234,68026,47207,86115,51035,39004,31116,25132,63031,90034,87071,68307,51285,63158,21660,27326,17293,16002,33393,57521,06050,02650,51413,79226,79066,47060,34283,12213,69230,33120,21355,71153,15198,04077,76641,51001,67074,89074,62172,03040,18150,77104,09305,16098,53232,07119,61251,32445,21714,23244,38271,69075,15095,50072,05053,21295,08472,55512,57149,47313,19180,78283,14538,27457,50579,70099,22084,25059,68027,78562,10030,77226,40233,72217,83060,67364,59240,14484,80186,80373,89142,05039,95543,71412,53191,36010,01149,94004,24011,07209,57558,44067,43218,34049,76727,67132,32349,85148,42214,21540,89309,83029,63153,51428,62632,33444,14381,12058,63226,78620,63184,74210,62230,86237,69268,77116,70464,80486,57276,07310,64125,60050,63027,29054,59645,21708,62469,75102,40181,81171,01081,50251,88492,31504,19006,72221,64185,21416,40028,14431,12082,50273,31049,12289,72325,22265,71415,60108,64509,34081,61291,72043,63413,59444,62449,16340,76425,60636,10389,11262,10027,62681,24231,76552,54027,57124,60160,34121,72302,31092,60391,46305,51421,72290,02296,03254,63180,07054,83001,33208,86044,08064,34171,80695,45176,66127,15147,15079,59435,62330,42134,01405,57029,70581,28424,97218,88188,74228,22032,86220,54449,08036,55108,57141,62563,31383,38397,36097,81018,26203,72182,70084,2B343,33042,62054,32391,39505,38242,36131,50457,61080,80826,01160,64555,36053,71147,02480,77385,50598,11210,02310,41113,39300,77333,51156,76545,36044,37003,54072,22054,78071,71290,64299,02551,40036,68117,77179,25626,59004,91645,39517,95157,89456,57623,24255,81280,88058,61347,76611,30044,08273,86284,17383,54301,62450,01085,39192,24307,01407,51029,61330,56112,21026,33051,79200,34201,11413,39560,38472,74133,21529,2B164,33361,14318,53240,32014,68380,64482,76398,24221,60320,52184,48048,27263,61149,11046,76250,16119,40171,29201,63205,42122,27361,50111,68338,62545,55543,03230,62173,77121,22389,24141,54420,25258,76499,38276,07020,44111,02675,51566,11368,21151,81118,72138,57624,39368,51508,42198,35141,57568,40300,30017,19216,97132,70438,58241,70292,69100,14352,48188,01143,07170,76518,63017,08104,22099,25492,16029,16077,76142,26194,48135,31493,26126,63244,14269,61072,26004,77519,91629,48149,32078,67148,13116,06097,39236,82046,65291,59253,31549,71291,67337,21576,38407,69270,21519,07347,70250,79256,03244,67049,71302,02304,31473,73188,80819,62141,77266,09097,88231,47064,30050,55087,15037,42216,62428,70153,72274,59363,32386,08059,95395,21598,11242,40133,31146,67208,23012,57423,18213,05118,37156,07101,50334,91425,54212,62073,59213,89117,51461,32158,01404,82133,80035,89006,07167,38458,91631,65105,66032,09219,12158,15026,27050,81185,21168,33077,24267,57280,64293,24386,67266,17292,97226,25558,62776,64403,57489,26311,52472,38347,10116,28346,66008,24180,88041,60072,61424,77419,55272,17463,18015,80348,51612,82068,60414,58071,80586,58198,85123,25468,67141,54115,35231,76014,02694,80535,80130,57143,35229,64419,60164,38182,19028,14743,27683,52104,12041,26252,62497,37042,02463,28194,50469,62734,08385,44053,31388,15053,21525,11135,50570,71346,88274,88228,55563,78401,09285,17308,17446,54555,88285,89432,59365,38174,21405,11418,34154,02368,2B120,80707,29137,88070,64086,34331,78084,81272,91235,03186,18061,90070,50260,21122,27670,17006,64046,63456,40180,57062,25381,40232,44221,54470,57491,57691,57733,70190,21300,78262,92024,10207,73178,59430,90026,40172,06052,38520,35124,19048,87044,61362,64038,42083,52232,22383,35065,82161,62400,02656,14027,40089,61208,39048,62466,61473,02627,30105,31543,31590,27179,07332,80056,35096,27037,02546,01134,83143,38235,68275,64078,85256,34176,28038,60485,37122,49123,02156,08250,12283,86230,36232,51613,72237,19269,02790,94021,08187,35358,04084,10022,50528,08344,41141,46177,64282,46134,88201,30326,74082,30349,97225,38556,29108,77027,47055,45077,53257,02678,91207,66230,02192,35146,06139,26133,45053,71188,67199,88064,71011,54244,22133,43018,60091,62836,61101,33154,05044,72364,70276,02230,50548,57120,61512,32157,57364,18046,24031,66045,46238,45213,63336,54172,73161,39032,22085,76225,67443,52182,32030,64304,57080,70009,24399,72052,25489,58066,88462,10215,62339,23089,19195,25046,17245,28068,28285,73128,32306,74064,36037,70301,88004,60209,76321,51303,50219,82132,26221,63177,31508,74154,57024,49180,81157,33414,57598,73140,59223,71344,59145,26070,53054,38341,58266,53230,46128,71135,11335,32016,71566,71559,62521,80036,65058,21135,59071,66064,17220,26281,77201,09309,11151,62019,25346,93061,74072,68033,28092,02157,71570,11396,33112,44173,23082,21434,19103,80395,28373,59455,26292,51485,34163,24443,16027,31067,25540,61242,71446,80043,60218,64196,09298,95652,39292,76336,30102,21255,02450,26102,60101,87190,18188,32276,63342,86244,26367,87060,39193,10346,59031,58102,82154,64429,38149,60568,76530,64192,32003,91511,81227,76513,41098,25403,49130,26036,86107,71115,71044,73302,62380,53128,13090,02778,86266,39503,13104,97204,86094,50483,16086,04144,34195,58242,50048,68107,76651,2B320,61055,86255,28409,19081,2B239,64450,24302,36140,16317,72277,41186,40299,59668,68079,40169,40189,52132,31230,85055,45033,25301,78246,28245,50634,01301,78049,77178,14501,33317,51432,27368,55303,18184,08203,45193,71420,55416,59192,62409,60478,04173,27271,76066,29202,08025,26286,52288,76409,22276,64488,02005,44102,60689,73120,17318,52298,16368,01289,29269,54446,21226,28263,51596,69154,39304,60285,60659,57570,09019,46149,40163,70290,60367,89451,34209,25382,25054,88179,16282,43166,62194,45133,70065,30164,65110,72210,80762,10326,51086,27167,61476,54141,70015,70327,60365,22288,02461,89018,60350,11213,64214,79338,90014,77225,80210,33539,45075,09031,54544,65373,52171,52488,54199,76181,31593,48042,62814,17099,23122,03016,77527,01334,80142,62139,40093,76294,59402,77392,18143,40112,30225,82044,34086,55460,23045,64552,51381,26153,46087,61243,71377,61224,64283,59115,87078,21577,63125,24131,55055,41290,70143,51126,25345,54104,27353,86172,45092,55103,23086,37130,71451,36078,59653,21715,36121,46073,67356,27586,31133,01419,32009,62804,17094,21182,95580,70426,39009,50158,21653,51313,55439,35050,23192,84053,17239,10217,40155,34155,60515,57547,73019,22143,46131,54303,83106,69076,45022,52322,81162,28423,41239,39498,76182,28058,68323,45042,52029,01265,52286,43150,09151,76460,62324,24116,62817,85138,38187,54127,01309,28367,97128,88325,66162,31270,46157,86151,61464,25155,70397,71113,09261,78322,63409,82006,59612,65385,13097,89032,02252,87031,86015,12069,80654,39250,16050,60131,65369,03176,2A189,22209,10004,88163,60381,84030,23233,59111,72252,64455,01276,53027,33198,38464,62892,72378,72373,52256,57322,15241,09128,92040,47006,76341,56045,19094,36099,59449,12028,09281,59478,24215,87120,41269,62014,88062,02542,74081,15003,37181,45201,74129,52364,08364,08283,28211,17322,12278,30159,04108,19056,29043,70430,87135,85284,07219,31583,97108,27027,19071,62329,62622,16130,07231,72227,31050,59556,25016,43007,55069,24436,24205,48112,76276,52205,95424,22093,51425,77124,78530,80322,39351,02534,32169,54073,09021,41134,70273,67057,72214,74053,07254,65139,30247,55516,70578,46210,08303,07159,06079,45005,60540,18114,17484,02374,08092,37110,57334,65279,79096,40035,60479,52396,76743,64312,01336,63379,18064,14654,54254,41180,59534,61030,01191,80134,30213,66090,02592,03267,23125,24177,45011,79105,64435,51025,80644,82188,58113,53146,10252,64442,04230,02582,58105,91507,16072,51474,24012,77173,77368,81006,71368,91247,32154,07174,71229,57333,28130,08467,27269,02390,24574,54565,02228,30134,49138,46328,02343,01290,25230,32439,76526,68019,60397,02355,38355,02689,80001,45103,57083,65322,64468,04169,76339,67330,35206,62010,86253,25597,35276,64006,15143,67335,38374,72350,73216,46239,17164,82039,34013,06070,28370,01158,57455,33229,88482,51298,04112,25402,89447,19209,19016,42304,11096,62365,02298,60603,67506,47298,54201,14138,47238,91332,22376,27428,56256,27580,62102,90054,71419,84111,77433,22009,54422,25202,02400,54294,32317,27398,50637,01209,2B192,72241,35004,51113,65007,14291,24455,30085,25263,27644,71273,76387,55257,18119,63370,62576,33069,44019,51157,43148,62503,25457,24058,34219,26083,22136,71434,11168,55284,53056,26274,71356,67424,04163,54512,37020,08426,29299,33555,47255,63424,90006,38078,38443,54407,72283,31441,67403,73228,47146,31359,10133,54222,09104,17357,39512,53264,71392,51544,39170,71583,88097,33370,76016,21437,27040,04240,21353,17298,16290,69219,28216,10310,52129,45339,80124,48031,14181,39189,89416,45034,33376,36178,88084,38081,89281,33282,79092,63421,50121,88003,26326,04016,94047,82033,85243,09056,67039,39586,14347,32147,51272,03194,10392,35068,28076,57542,03252,50166,54367,43122,63071,85019,17279,24416,60028,76345,02566,36054,45091,54597,78329,33271,47234,74070,68049,41104,01286,91216,30138,58040,10366,03148,57387,83128,10431,80468,64024,63086,67342,14678,80174,70338,39572,36096,79016,82078,34188,59164,67139,28113,29016,62053,79018,34325,19200,71482,09271,42279,63134,86048,97309,66166,76151,89016,33064,62731,76650,70061,65288,81095,19085,37221,33346,56250,48129,02674,71379,83057,02787,31592,60620,44168,25237,32224,97102,27149,10191,82050,76166,36199,53163,40260,76453,38216,35351,58245,61262,61182,58267,02730,86241,52439,89145,15221,22311,25370,85242,28006,76296,55197,17056,81205,39183,21595,05089,37009,65303,30053,89182,50109,21292,59429,31192,48096,13118,28349,22344,36056,62658,19275,62753,47296,81269,80163,29055,84101,27176,55569,21257,59265,28267,58151,02528,28293,67459,23036,31440,64176,81003,39457,88131,88180,02770,31418,40081,09177,12026,07124,54389,30048,07149,28046,2A041,80045,62408,76369,70233,77468,62784,18102,33148,36008,21310,16310,54527,24457,34047,59323,55271,43094,69098,59342,31463,97601,22280,69089,85082,65088,18217,36066,10256,32022,26240,09193,86120,26098,56128,50115,73078,77006,70202,78522,63248,46100,21034,71072,35149,15075,83145,42191,11092,54273,02129,39208,14646,24438,40121,76082,24492,14669,01288,59277,64097,71399,89394,14082,17176,79285,14491,34167,44061,42068,14745,09146,17128,34256,55365,32148,17147,31078,14096,37185,68245,17248,88200,59174,78470,71091,62727,15024,40094,25416,21248,89273,54528,78302,25145,71364,61497,22101,41261,12277,03149,37075,01252,64357,71563,90068,38208,78472,18192,89336,46229,51211,58003,62129,59188,24202,56022,27094,29038,02508,31211,74285,68326,36009,80430,73191,83033,22196,02219,60058,54409,21470,51475,31022,65235,62388,70185,56177,42331,77053,43123,74138,71183,25197,76649,87121,11193,05124,21347,59555,77515,21545,62832,80098,54268,89353,24483,54269,32057,04075,65161,65275,61164,35279,77330,02502,39289,46324,72261,40032,14284,25584,09009,59010,57132,26365,48088,06099,64422,61361,43117,93005,61284,57580,67010,70368,65116,80290,95212,02548,53057,33031,40254,42332,16377,51077,22033,01025,54508,54382,65173,71149,25047,02696,28246,83041,80244,58218,51598,60152,55172,86260,55075,32353,31350,32281,54009,62239,14244,10237,46062,33167,32309,80543,14752,25161,70157,67380,25388,74309,50387,83050,50513,12159,64194,76053,03171,31386,89098,65023,66018,54276,74051,46120,19240,61046,26205,65345,80658,71080,39365,64005,97233,41034,80215,27051,02376,57225,64430,64410,63141,26308,22363,84065,60395,46066,23103,32304,2A254,37234,54417,39328,57573,80599,52399,76195,72327,70344,25575,62805,67270,53225,47288,38200,55531,41154,81104,53265,38279,36158,72255,60429,37015,29024,48187,50016,52424,50240,31184,50209,01005,28120,52443,60405,39329,71367,70496,19120,23025,2A295,55083,33011,59078,51532,17008,30340,31501,32026,44224,63070,37278,32290,64369,55450,76732,46147,35216,08240,08490,47218,64002,2B235,25143,22202,27307,63376,39326,01066,67052,21423,29237,63064,52047,10056,08004,34003,32082,89312,76528,69248,21329,39217,24354,55154,39143,76093,62299,40164,26316,31486,83006,76379,59220,29278,09275,11384,42146,62791,27204,34199,56253,30191,46184,95313,21215,48145,22219,70222,62809,57520,64035,52240,21224,26248,67002,28385,39491,63341,80168,80160,55220,57448,02520,64267,69179,41155,86050,08328,59347,2B194,48140,80368,46115,37096,76134,08498,78550,71056,19114,56061,76086,30331,17217,80465,70283,02800,39120,54113,79322,25051,67246,67019,14389,71015,73075,80652,30041,31062,95150,59027,12095,64517,73316,53080,73170,67264,71329,30197,08061,61013,43054,58308,35356,02269,27220,06043,34085,26076,11408,92035,51382,80335,07259,04161,78349,62487,31195,32381,51586,10153,44130,02432,24297,80527,39327,76224,65280,02034,18076,06103,88141,73160,57091,76736,71327,23204,72200,23039,03162,17092,31459,14582,86059,35023,32015,46240,21036,31394,02550,60258,60153,07155,42259,64257,16254,33448,38513,52320,07095,57599,07202,77490,13073,58106,55143,60567,39279,08095,57241,71331,07317,35063,65242,52504,32001,18106,97303,78517,55109,63329,31460,23147,15134,64132,04009,63204,39116,32446,71435,70216,65407,14132,17361,58019,83045,38320,51505,28035,08010,72021,80361,74286,48155,37144,45187,75113,54471,34078,77184,14652,72260,67201,82104,67553,71538,33302,81143,22313,68324,14141,95487,01204,54582,55459,47177,68240,02121,30049,42019,56168,62249,02591,16250,63416,71466,85227,27138,06084,26191,31453,08038,33284,80488,70390,33549,40207,78420,31137,35220,80763,47109,81253,76307,18060,77059,60159,77273,41081,21700,12189,77176,39413,71521,12078,12110,81201,38526,59544,73032,33192,39054,27056,33006,64063,21379,48148,55519,70544,21649,62480,34112,35027,50535,54059,19113,40304,22360,02221,62795,23257,02302,45205,41203,62088,10426,34149,21027,16215,21468,67479,47028,26207,40111,33533,95574,81263,11078,76637,30058,2A154,14362,76554,62499,14707,15246,50593,77038,60068,86080,71585,91035,32295,22278,25446,23024,02805,10404,72292,60040,31569,39380,02151,29273,72091,38126,32419,27039,62874,80113,27107,55252,70178,80404,02741,2B185,09209,86117,59361,77423,31076,45012,66097,70562,14740,61357,85121,05114,51391,17109,65254,35166,80722,68211,38128,62903,08400,24326,21692,18273,18267,55007,76560,24160,91665,16188,27073,79254,80676,15141,63016,92033,02367,21194,27069,59152,28004,57631,35072,79337,42095,77283,86025,73141,16089,74056,11025,68332,04126,65378,57294,37039,26220,17313,54486,54071,31427,07245,35246,69123,67557,54107,54457,89482,88449,79257,34260,88395,60366,55424,22352,76108,21317,21242,10115,71561,21508,90050,27697,11371,52489,62769,57253,05094,33473,71272,51580,33066,61219,08005,59025,53247,60042,38231,55043,43160,78642,07207,18129,28193,11023,26349,54357,66180,08195,76759,48126,54390,35054,67396,31372,84137,41096,11066,33090,57009,31013,65482,71398,88042,05074,34205,85229,34157,54548,71160,49341,17297,04118,50150,51015,57583,67498,81212,51040,31041,74290,62865,68246,02493,83109,76445,29112,76670,59656,79207,80039,80811,54497,23156,11130,76740,10309,80813,16249,31447,32416,49284,46054,51534,39561,17105,24394,51424,97208,68298,49259,55336,59509,13018,82010,02823,06113,62162,67343,52325,86034,66186,16196,25422,25534,62040,46309,21155,15216,60284,60309,02458,73275,63235,43013,17057,63368,60393,38379,62356,22114,56173,22293,35168,61440,30333,15160,57007,77267,08046,29228,43242,66232,09033,17428,51371,53202,42287,33431,73189,21202,79024,62114,50532,92007,88369,67102,71347,62247,73208,89292,16061,52287,13204,79345,88511,72269,88381,88322,63394,54453,52476,40049,95610,17281,13008,26263,08435,50363,88187,28249,53186,09114,04134,50265,89266,62745,53176,62719,86178,64043,47248,68136,54183,32404,05097,21307,77272,27468,38134,30173,53008,47104,53100,91339,88501,47236,02055,57263,21062,45314,10383,69174,58186,17085,69162,37251,66214,2B157,19220,57761,64319,35110,82174,60189,80580,60471,64053,03121,32090,63473,40282,71012,24423,60205,50217,80442,14438,65052,21271,15149,31007,54515,79083,89093,27316,17199,53102,23252,73270,25278,59498,38437,54554,52468,33491,80346,62909,47265,58224,73096,36173,14041,02074,76392,07338,41054,63437,42303,79225,87088,27072,52303,38236,39394,88314,68001,39527,67278,80616,10102,57272,66220,54304,24348,31335,09232,89207,76200,02246,88100,76437,54024,18137,35091,32068,70186,15155,33094,35343,45148,78451,21432,89048,84138,14613,39259,38505,18238,19259,77190,08116,52128,26096,03048,83114,71136,95658,67282,61276,51333,64549,05178,59519,62346,57494,25191,14588,17108,47229,32299,60019,74304,24517,81237,27014,80274,60612,57593,71457,71169,27189,77391,01387,21398,02031,31442,14404,59654,46079,58244,19176,55028,80700,08348,35085,25604,65295,95447,89096,80153,80267,80677,24154,85005,27079,41110,08315,25367,37012,06053,10047,81261,79122,60147,60653,42053,50615,62209,02562,26012,02036,21655,35090,68260,25184,27454,60425,33135,74118,25259,76589,95169,70252,69234,27085,88055,88475,50464,49369,71381,10386,65456,21336,01453,40216,01148,14761,85047,67507,47021,14572,21071,88358,23194,62533,45043,24256,39141,67055,50454,45036,70134,38442,23031,33310,71450,91315,61044,80158,07053,30152,55040,46203,64295,66205,57121,02737,61448,55456,88299,22324,33188,55521,74211,77057,70111,34058,08220,33377,46254,63199,70484,48041,21552,01343,21533,18059,35319,71416,76624,90008,17363,81218,80371,87022,62055,54599,15077,51232,33279,21343,27417,76393,63349,80125,15100,04208,71167,14019,43066,73263,70554,44209,25095,59502,55330,81183,32261,10196,45250,45233,02691,35101,71542,64226,49061,31228,12007,64202,80386,24075,36194,74189,11351,56052,65026,17210,62031,70295,56219,42178,91649,22109,02308,65123,03161,46205,30177,22359,47085,59636,54355,76668,11356,41027,04037,76187,28163,57130,21183,64212,49334,41019,77026,81004,77171,60025,86205,33266,56199,51296,07237,73290,74284,84131,37035,32448,32368,77186,24456,34169,77397,91132,51327,50399,57609,11035,35239,26202,17264,48075,77534,10265,68059,76258,08071,38484,60113,80493,64453,43190,55490,70329,62253,55333,89280,69140,60605,54275,88108,27601,80777,36082,14285,27638,65219,62101,69077,21286,80751,02494,47224,42316,28190,18120,34056,68261,47179,80227,58011,51194,42152,70513,86193,62879,47150,18226,24053,25463,39202,62606,15257,73219,2B110,71535,12219,01026,19073,65316,32275,76600,06009,26106,76155,77234,14708,57670,27699,61232,62146,76738,64349,63032,01022,57111,2B087,08066,95061,60172,69187,88298,17046,66107,61261,46171,64397,58208,33071,32256,68262,95341,41293,68044,03175,51290,79149,54233,77257,14336,58080,17249,01229,85160,01432,74025,86200,29279,24403,2A323,80262,72307,64328,02275,07090,30343,36187,30171,72002,68386,50529,27453,39172,30309,82066,59142,26170,17262,91546,40193,03296,42203,59129,05055,49332,67406,25133,88198,47001,16175,38097,84046,71359,51486,55289,30126,64281,82190,62625,54495,53204,12038,59102,32328,76255,31130,19205,33503,10351,14741,19015,27536,38152,19100,77353,01291,76026,57401,62883,36069,56241,87186,37005,05038,30241,63168,72236,80461,47323,03170,80127,39534,24535,30226,58199,26117,57037,16242,54126,86158,30160,63242,45246,65119,88345,15265,64476,24105,64398,53003,30200,47267,39555,56155,68100,69018,45252,57556,50062,02593,18070,25226,59650,48136,54114,72163,65438,2B015,46251,45147,08031,88398,60201,24038,14660,76532,89349,62138,2B301,44127,38158,16326,80827,25218,16066,55443,54004,76605,41080,54602,16074,31433,46043,10280,32450,78380,25060,54445,18275,59002,76167,40067,58214,69031,14744,2A240,02751,76243,14216,71328,08320,79095,79101,28386,27692,40065,39335,59156,67559,03311,59286,28337,60056,18152,39099,60442,39387,24412,69177,79223,56252,31158,51342,37182,97305,64355,65178,28406,82074,42139,43223,33496,21616,36221,76515,90080,41260,08260,53206,25312,29111,33211,61508,87111,01237,38557,51588,08194,90032,10099,88401,84075,51360,80455,31122,87065,18054,23142,50390,26073,57203,64306,56151,62042,79166,34228,73079,67463,51142,35186,31109,15097,74163,29144,11376,85205,34032,38451,22018,62289,02380,62488,16182,51240,02041,55017,07132,13072,26104,05093,47266,17177,21060,37179,43142,64466,63327,57497,80638,08305,33016,59076,25078,76747,76514,77260,39095,67558,21180,95352,37225,61460,45150,23178,70225,85156,21325,03166,24309,14275,68282,83049,39353,19096,26105,07017,67422,14250,48095,82049,01173,61104,64305,01214,38062,71216,27132,54287,57693,38336,38560,57252,56099,51289,21615,22351,22076,38466,47305,36080,28357,32171,61283,79104,57728,62824,68013,70450,11153,27113,88197,51080,27155,03012,62206,21534,21004,78230,23057,86170,69081,36220,41249,45041,81108,51419,77248,25114,08279,17019,97112,27623,09045,21209,89400,02828,07243,21499,77421,32314,54370,38071,87114,51292,64011,82156,17097,23096,47254,2B182,05056,67212,08274,59597,21043,77070,57720,80238,14319,61332,25608,51573,16251,16009,68237,69176,52280,60128,08485,68159,60354,16384,42133,53033,57617,03227,43021,36043,53022,55378,08041,50546,89412,80556,01372,14348,94017,25108,12214,55427,71494,33254,22174,32421,43236,13039,27485,88289,69273,50155,88334,62062,37190,29267,70156,46106,57131,97421,86294,39403,76585,86099,38551,36214,16037,03034,71133,89464,03147,17312,39216,80436,10029,52415,86288,86097,32076,64026,62279,09140,43091,16421,21629,17171,49221,56237,59169,71357,80569,21088,71054,36070,36144,59579,09132,89226,54492,75112,32321,18099,50143,09252,13115,29261,88150,01283,88075,38027,11387,84118,71313,02018,67106,15213,59563,71022,70298,24501,28287,71301,86189,58054,14091,23111,46145,33238,31574,46153,78362,35245,85129,23069,70516,70320,51607,55373,08022,42175,81283,62240,25242,03189,77033,49092,24485,61336,59468,08469,71551,52278,33466,64554,36123,38224,43055,67025,50480,80101,18162,77261,88171,70423,16378,68268,23116,09228,39072,19099,54257,61123,42220,80217,81262,2A310,28362,47237,76207,29060,62626,67483,24496,23207,17338,41036,62307,14405,73095,50409,91312,89215,25384,67271,51551,10180,13071,10281,75119,22081,30125,55520,34172,31069,24142,21436,64151,52524,18173,10052,77175,66198,88090,02120,71126,81001,25321,88408,55544,86223,26271,17179,70565,59160,53158,06098,27693,28172,55484,89189,32095,25547,78444,02457,32354,47020,65463,07340,63224,80662,21101,22188,31075,27311,2B202,38545,58222,60588,41158,59109,01213,72042,52295,77134,18247,51583,48043,25414,74027,13025,65210,70550,34152,51418,65051,38223,78354,59495,54078,53250,89449,55254,37021,86295,80560,26360,64348,11021,78413,50298,11428,38127,61461,50472,68259,54423,80615,45138,71094,64322,39085,47074,05065,70234,2B184,33383,47259,72185,73110,51638,22060,31565,60483,71448,86012,28232,18215,24542,72272,17133,21167,80561,80496,53200,70481,72013,95426,28313,67128,02442,79335,91602,74107,53219,60061,14177,38486,06061,84120,29189,70310,89472,68350,74077,62061,05139,72100,61218,10216,02174,22274,29120,78502,24477,14149,18001,71178,63471,25623,65108,89379,10021,15089,77062,44223,18266,54500,19155,32092,80147,55121,17351,31544,58246,59588,38138,17233,31559,54291,04193,39437,73292,08006,19227,51220,46308,82087,02810,29146,52185,30013,21451,55222,34070,39034,24241,89391,64246,80212,07114,02106,68306,54197,35189,76601,82064,55348,35057,27109,12231,57472,73129,66080,26236,89159,66148,2B329,71141,69267,45194,57680,60501,68258,71263,32252,76665,13089,33356,51523,07290,49236,02332,44205,70388,16418,57565,32390,11187,80794,22147,27599,80803,60027,54042,53025,97220,43016,22333,79307,03203,62513,05104,42075,33543,86104,19165,88444,50289,91635,62006,77022,31010,41088,65428,37208,76634,08448,57192,79148,60430,95019,35250,31403,26321,01451,25212,72209,59305,88321,02159,60193,63059,88050,43151,58297,47066,82020,16024,08503,64136,35207,33435,52450,29109,59618,62078,21296,46104,19245,29192,30222,83094,12230,67462,81217,15110,53049,59197,84063,63289,76280,44082,28236,69297,73269,60518,30095,14241,35253,67513,17034,27560,69038,07073,01434,73182,04020,42073,65268,09314,78048,60590,01423,06038,18091,09113,76054,63131,04087,26329,72317,33123,88082,11395,02401,63001,55359,61374,07233,95018,67450,31115,54077,52201,57426,14650,40086,63219,14701,68297,76302,70280,11393,21218,06008,71584,09245,68292,16110,27584,57645,88258,60295,14393,10324,25018,01056,29134,37115,76590,01242,77533,52318,21228,10164,62840,77123,65238,81065,02189,70208,83153,64105,80579,76314,70227,31134,45013,01456,33022,14335,24473,02093,63124,31215,21348,51146,21391,50578,15235,90066,85208,21573,02125,38465,63355,67291,62672,51478,24216,2A098,15207,74016,31528,41071,49167,16220,42042,28342,70020,57692,40293,12128,86263,67524,05033,85134,04025,14046,08043,24019,65443,88391,44024,28264,63107,59219,39447,54307,19152,68210,65060,40044,60398,17435,24063,78087,89460,32194,32420,29182,35038,54345,10150,81229,63090,69132,58041,62557,67394,84106,36017,80364,65287,63436,72262,67407,70553,29280,62599,77162,50148,67329,11222,10279,29197,64492,17460,88161,79071,67156,65442,21650,58075,52519,40280,04154,76153,43201,50429,76315,07011,55004,70447,66189,14424,66103,57663,63303,45342,26327,59625,09133,24321,72305,45027,68367,16346,57754,51028,69053,19044,65085,28111,88413,24122,06069,40236,26313,73085,54262,76313,55173,16144,29250,52373,03084,31026,62792,70232,37081,77101,03144,64116,27423,39415,85151,38430,47170,45143,70195,65074,40012,17472,57287,25121,18182,17263,28170,32210,17013,60633,51110,04141,81035,65282,86169,14289,60573,78010,54510,57001,12120,58111,76238,51120,57307,97401,60559,32008,14274,72095,34050,55323,46121,61272,54530,57089,15263,12070,52084,31225,88489,72357,87014,14140,66175,59503,11012,28151,74239,35144,24573,38095,64080,22059,71489,38528,76616,51431,50232,97115,27470,77439,57667,48185,13062,71165,31302,18212,51438,13216,37105,62291,76004,67444,66124,71047,27285,79015,11212,60382,62678,06152,22284,54306,32177,51328,88037,35003,67464,97402,55546,57561,86192,17168,79306,61130,57739,58239,42227,10355,24222,36098,40333,26328,27038,52327,79002,66035,27031,57057,62771,21066,03303,15041,32355,27170,27635,60206,38409,62405,73021,64083,73301,44194,89359,14644,57058,57347,52328,67456,76260,55534,09247,37240,68378,11427,81319,59442,43050,29091,31310,59605,52357,44080,03065,31087,60493,22124,15073,51343,10295,29268,72251,31245,31152,01096,61035,69066,33443,60574,57011,26038,60223,33459,15078,97353,60199,67204,53046,58164,58024,37011,18105,39110,31445,49020,74199,73177,67088,65001,69169,22215,54271,57145,31355,47250,75110,73173,58027,40334,27527,89434,88031,24016,08340,79286,23185,26350,57358,15152,55515,35137,02487,44195,58212,80822,11086,70493,31555,30321,21395,54101,80177,45081,32398,08481,63200,16301,49223,22267,34101,52354,53127,77067,33365,68223,72143,73194,55062,22168,52031,80470,03228,51188,59162,62085,09216,2B296,23098,30180,59049,53096,77414,30335,21223,28274,97126,62868,04109,62007,78053,01071,41213,64175,60197,57332,53015,64191,04021,60378,61198,11248,77218,46018,10228,41266,19107,42050,52505,64463,17342,91195,55138,22164,85239,61304,10241,54489,49352,38449,27445,48012,51567,79032,55549,76576,06042,60617,40210,21044,85252,57452,45087,97412,94058,50489,07214,02598,03104,27405,60270,24286,38013,11404,49219,27620,55195,22371,41201,46260,58161,55388,11144,08164,71378,44010,16349,41243,67339,11272,31466,74265,47059,89378,76593,51564,02078,55343,2B334,60563,66091,42295,57702,02196,76400,89214,81052,57559,45259,46172,91100,77205,78090,52248,02290,51525,82085,70482,24381,42167,25609,02163,61445,39136,88402,70112,66157,89259,16216,18085,74267,10040,68203,50235,21667,22335,35214,17350,10422,48193,73104,24107,31088,74098,79203,91340,62363,08440,14098,60435,77122,37220,26010,79190,77435,50285,25615,08109,55022,29020,52391,28121,02303,76645,76623,12001,42174,62467,76292,10006,54049,28091,52058,04199,76721,59320,71319,10273,27182,60601,97604,65293,85223,51244,28207,69103,76412,18278,27517,35226,55158,2A008,33402,63103,31231,38209,67440,22172,64021,01177,77448,67111,66095,56043,27237,21251,10042,44063,33085,36238,76482,95094,88346,08094,32049,62759,60443,17141,56139,67387,77151,66194,27006,05115,57233,88390,44069,21356,43165,56218,19026,26289,52138,51367,68309,15151,29241,10008,51414,31567,21250,63165,59243,71268,50603,62527,95040,01254,97107,58178,80376,80784,64216,38261,31120,52037,21560,15183,61189,37154,61466,52009,33230,61481,85106,67503,38258,51349,38428,38549}","",2026-03-24 14:41:32.274366+01,gold_establishments_2025,,,,18006702700029,2025,Établissement public,National,"['Ain', 'Aisne', 'Allier', 'Alpes-de-Haute-Provence', 'Hautes-Alpes', 'Alpes-Maritimes', 'Ardèche', ","['Guadeloupe', 'Martinique', 'Guyane', 'La Réunion', 'Mayotte', 'Île-de-France', 'Centre-Val de Loir",EPIC-EPA,"{01,02,03,04,05,06,07,08,09,10,11,12,13,14,15,16,17,18,19,21,22,23,24,25,26,27,28,29,2A,2B,30,31,32,33,34,35,36,37,38,39,40,41,42,43,44,45,46,47,48,49,50,51,52,53,54,55,56,57,58,59,60,61,62,63,64,65,66,67,68,69,70,71,72,73,74,75,76,77,78,79,80,81,82,83,84,85,86,87,88,89,90,91,92,93,94,95,971,972,973,974,976}","{01,02,03,04,06,11,24,27,28,32,44,52,53,75,76,84,93,94}"
c15c31f8-1c55-4723-ad94-9ce005d95942,130026032,Anct,false,"{28099,80666,70169,17404,32427,35009,19105,09012,34333,02250,65296,88233,21283,2B283,40105,80270,33547,89160,76058,34225,90099,78383,13109,69266,26071,27537,09103,62193,53148,14606,55296,60275,15166,97411,72003,45291,80299,16267,52400,05181,50378,11289,60124,72165,18138,16045,11038,08402,44027,44151,15082,52053,51307,50069,24147,68247,55179,77501,67244,23225,81180,61169,74275,62050,56110,18164,90047,09072,59343,39354,63048,24407,42329,35005,66075,32093,45167,11036,31541,95480,46180,38015,81072,89148,2B126,81029,02337,22220,05152,07148,07187,17140,09294,43222,74162,39179,63276,36240,09084,55236,26282,69228,49302,15189,37230,2A004,81058,76654,30107,80600,59528,54372,36215,46009,18025,08297,50490,25473,70284,25066,10011,89351,55068,10060,22330,50374,10391,71572,10063,80678,83119,12111,51460,38299,14100,53180,51357,17378,74233,35010,55044,95258,76231,87024,82056,55304,57649,73309,05091,27696,43049,59523,65157,71235,49120,39270,70401,27192,46042,38176,59287,61103,56125,69175,77474,18200,51521,08308,80509,14755,57676,53248,32180,91639,13100,31186,32225,50393,80631,80552,62676,02306,08161,67532,78513,31348,12198,88053,38229,73132,22314,88226,55191,87183,76559,86129,26018,11034,80557,62581,21344,38192,10108,07218,22177,64514,31056,09078,34066,73137,39059,54186,60357,82131,30287,84092,39478,38118,76169,32466,33035,82060,02716,77487,33046,59032,02347,31322,80353,88350,85135,28418,86125,31510,36184,76371,80115,16208,52079,86210,62577,24152,28332,21492,80263,35016,88349,07086,97403,21003,36202,09156,25333,53011,63043,57696,74031,42241,91433,52464,85038,62271,82026,45029,95214,25293,48121,76720,78234,36012,29086,47239,82173,11330,33520,54229,33351,41192,36179,55077,51091,07208,48025,67235,31520,62712,26238,18139,27520,80055,02824,52411,84020,97405,79152,61002,80345,85184,46068,61288,15046,12246,35292,51510,69054,40003,24071,67429,17369,63075,73086,65202,06055,66153,67395,64219,64146,03119,65003,88348,89339,63247,35352,02199,02671,48016,88013,65076,58058,76284,35132,93078,84048,62264,38344,70347,60136,23080,02705,27543,59038,54170,42240,89470,85298,45186,31147,60600,48163,51202,34115,72264,73061,26200,60224,35249,47247,26086,28084,37071,74241,77364,40136,22039,64036,11018,25485,29294,35260,35142,14025,11215,30288,59181,69238,68299,09296,65130,67349,27578,52467,67543,06102,28289,21580,33481,90005,80730,44182,54204,54188,88269,11161,43027,23115,80711,72066,03316,62354,68200,53019,45313,57297,28160,32392,45136,14032,15179,55468,70183,01146,88490,50271,51310,27553,78505,79078,27512,68270,97125,41255,62637,11231,76598,73073,02114,56148,70445,09190,22218,05106,21422,32291,18048,47016,55250,68186,24045,24083,39295,60005,07279,71157,35153,35339,23222,58255,60576,57715,68305,68146,36048,73101,19136,29214,41016,60655,88178,95585,35318,24521,70477,43260,24191,19046,95456,36021,52145,51075,73166,08381,03279,19137,15264,17136,32430,07236,54109,43205,35332,53075,02105,27260,59571,17042,54559,61480,51501,26374,70560,58012,27381,11005,21394,46311,59029,07071,52407,51235,07004,08159,26077,10242,91244,39074,67334,79231,90091,16016,17257,48167,41262,80152,43168,53038,57229,02795,43106,33532,45114,68128,02826,18012,81089,14309,55350,51621,52350,52420,62798,12031,62636,07012,57031,95203,95308,88281,07113,17452,11033,51558,01162,22163,62229,71170,86042,42217,85130,67221,83071,21376,51376,60486,89257,08179,89409,71251,88377,74114,05040,64262,49257,08053,91619,70470,46006,61067,35304,30018,51171,19067,19090,21116,01151,16385,34105,79242,50233,26283,50077,21462,31558,70075,08484,38304,66014,60032,81276,24218,89299,29284,89239,43131,44056,46314,33072,25364,19184,07023,66183,09274,57666,27439,57755,36003,33181,80516,46155,10048,55454,21498,64401,03207,25578,51090,26304,76596,67378,52297,71191,72344,33422,52260,85278,74291,80128,11383,50351,60195,11334,51570,89453,11055,32253,69192,60288,66149,04086,18244,36150,02115,80143,38181,45016,2A115,21031,22190,70318,18194,79336,35022,59646,16380,70307,53088,01354,25150,67426,82018,14425,09307,32187,35324,62424,81073,21643,18260,97213,80524,38026,50216,57591,39553,25098,39019,35087,18027,65042,25488,81220,54044,51300,57186,83026,47289,29270,16013,48058,58272,34069,10043,23055,29287,09315,54424,76429,31485,40319,48092,76217,63255,77009,31202,2B136,76160,42226,38475,76124,22205,42212,01431,11441,71233,91671,02140,77358,65239,76449,62117,57652,07007,88410,65018,07055,31275,27074,11273,76056,14569,33339,70217,63345,59375,62335,41166,45311,75108,76452,59439,23159,71426,19020,17387,70352,40025,14742,22122,57087,42171,37142,39252,24527,31580,60388,05035,88065,13032,21553,25569,76018,95409,67227,67299,60569,30263,39251,10266,17114,54447,29215,26239,02594,02505,14175,08242,10051,27158,47310,03202,64415,69264,54475,76154,57259,37068,88450,18232,25055,53052,55502,89050,67281,38193,70528,35084,17062,44131,60011,14430,17167,62605,50004,11077,58234,70418,42225,11197,31035,76692,80624,79010,59283,17045,45078,62858,51233,95510,21205,51517,22254,72121,02572,76417,65186,95059,32017,88210,62352,87140,34071,54360,42013,37217,87076,08403,64189,45261,08033,04073,29229,34107,36015,02772,59344,08395,51641,12254,16113,65171,83099,51034,17421,46283,83066,57109,64058,18187,25512,52174,80685,06100,60307,39402,48119,01349,34026,62164,54387,45346,15085,62414,95430,07286,56107,78382,60496,30147,40176,78003,35126,38559,37236,51031,37117,29190,30312,91191,14522,85199,21559,17333,80040,04152,62619,60198,75118,82128,01302,14283,74003,65436,16336,43133,70362,37148,55243,32104,21063,41204,36100,59048,61207,12073,14121,08069,55163,38268,64068,29301,88296,86062,09101,29001,81141,30039,07075,60498,42260,45137,33305,21680,91577,52529,50352,37018,21092,02816,64469,28415,91386,24143,92071,64506,65066,78305,06154,18179,22180,62095,45173,16187,70510,51287,87047,89276,02756,53026,82187,38002,89039,10212,08201,2B327,10248,11392,11058,54155,39363,59611,44044,80591,62898,58196,24197,66085,80680,61438,37172,02329,39499,11251,28315,21547,29251,40024,32284,95119,76247,07104,37141,79209,11277,51198,30244,15126,38004,67530,77055,28360,21016,22181,84132,24068,33359,42281,70043,40054,05177,52005,30347,66212,41294,66215,16083,57427,31423,09289,63058,17120,74175,02239,22162,12039,31374,65255,41247,28199,19013,22235,57406,23114,02249,67185,69080,77117,18207,55477,51626,67140,28041,62616,51440,39222,30030,58250,2B316,53197,30019,21604,21220,68091,08120,55320,05077,87042,64498,66057,24382,65180,82031,10361,38301,74174,57628,33453,69007,55426,30001,55166,60692,34223,80799,85282,10121,24385,34251,86167,67005,80051,54171,66145,10214,39424,41083,60500,76614,62708,81317,77233,14209,43164,38137,88060,76055,67383,41094,71318,87126,42298,32370,68166,67125,44072,36163,70483,36122,60183,46297,54194,89077,21139,83126,44079,43052,81015,12275,50106,46267,26157,26135,02009,54434,33010,31169,56116,47157,67505,51264,27319,85235,01063,14562,66208,13015,38522,73190,57517,01446,01437,74130,80058,18071,02059,10038,60016,15251,80190,62412,43211,79142,55039,14514,40075,68264,19147,01355,02782,45195,27304,91243,62310,57500,25035,59063,22061,34146,38357,81116,93033,70500,16248,31446,09167,31568,18014,55160,13058,51488,79023,24272,73184,02420,58187,50549,49129,59648,62189,72215,57548,36114,62863,92019,59233,22321,24533,03152,36241,52162,04115,68145,69284,76157,84087,57671,80009,55038,89465,57067,54213,68155,47324,09257,70351,80693,69055,19019,89162,89230,64523,06058,65095,21302,71564,73247,76660,16245,21602,50022,58002,88306,64526,54123,95394,09338,76235,34106,65310,89195,82176,63221,57424,40152,24571,02381,71247,74134,72150,49038,88138,21584,85028,29252,71588,57402,60004,03044,31524,33186,26197,89326,64213,02102,30022,50487,21605,59083,62609,35185,88073,44098,45296,57266,17396,14301,39013,27111,37095,33248,70059,77508,57016,95023,49045,17037,57232,38038,22115,40316,24537,17091,32152,07060,89233,63448,25586,05149,61408,88435,47197,29027,14308,40262,89156,51069,72295,59570,82098,09068,54520,02282,35150,30196,11062,57215,03198,24023,02831,52499,89149,71325,44088,78655,73327,74135,33320,79215,2B057,71223,70509,27022,59054,10410,67089,34301,62597,28012,30201,02729,73047,76272,27238,17101,38364,33474,59617,72306,88107,50064,31320,26358,61494,71577,60088,55361,08048,17131,65359,74212,31286,01360,32331,71556,86186,55447,14411,16345,86187,40198,18156,83081,67117,51166,24308,17397,55473,28180,77209,31250,24451,82002,15211,23052,67314,88461,56073,07183,62064,40087,33212,21360,38536,29210,33281,31312,31581,50395,77275,71121,64089,55313,56081,42132,02372,02613,80367,09202,91378,22300,63137,71242,02769,10084,38398,01245,03035,77164,77470,01166,77522,88236,32263,04149,24362,05131,67312,25327,69074,11145,51619,01087,80319,21023,57210,65163,01029,24411,25032,07200,88184,29185,67277,31358,52444,51208,23048,55467,36089,50283,38255,26253,39201,70106,50291,64470,61373,53119,06033,53216,21191,50085,18083,61309,09253,80181,37007,42265,54175,01230,24490,50294,21233,93010,77436,35125,2A209,49364,31572,73314,54052,33255,59039,30109,63286,38517,11059,79080,03041,60175,72119,04170,86108,50357,02066,17291,54258,17459,50135,55391,62266,87176,11280,83141,19238,69295,39356,14287,85065,64231,38316,19219,27185,52218,71530,60094,24319,49301,55376,60548,84142,89169,40190,55057,46299,19163,58260,54575,57571,01002,76115,02459,50604,22165,74014,28197,76606,37121,30038,28206,19182,51183,89104,34014,38256,74206,42100,09176,24025,65364,39101,23097,39165,79131,45019,67446,48132,61008,93071,27053,52355,57477,60394,17124,84105,70214,76206,69023,28049,64003,41018,76331,30290,10357,70080,43096,46038,21235,49127,23049,22201,62384,57621,54013,23029,83113,68154,63014,81139,87030,28119,74042,2A312,71254,14733,95535,07034,28022,02738,2A330,22223,37258,25354,34165,38538,31017,76334,01420,03218,80815,57495,25394,02830,21593,54210,80150,38450,09153,81094,29233,80296,63087,36052,38351,45109,67539,02672,01375,60591,08162,22318,05037,01304,33162,06108,14022,07275,28377,88500,68267,48198,80291,62377,25154,09183,47071,46094,42049,76481,12307,14731,45290,43080,09200,81136,07158,70093,19202,64489,30279,63100,67119,68197,71320,74080,89198,55145,38473,09224,60553,69170,21420,34252,73200,54008,88170,56156,35047,31070,31194,87080,02638,85128,47176,50572,70486,47291,63046,80327,30339,81303,64254,38280,17246,31077,84003,45068,43074,46028,19175,41086,54588,24055,38086,87009,63033,72166,43247,71082,21102,52110,22338,47282,59395,87075,71354,33375,65067,27348,19124,80536,21439,18256,74192,14711,16284,60362,19232,42070,70566,03258,70385,22016,44081,86145,07110,77350,01100,62873,78561,57281,59208,35346,70409,24557,89437,52548,31536,41256,03315,34248,74256,55162,77029,42232,78092,46135,10124,45141,57564,72032,34264,07287,07225,67473,08229,71093,24312,26176,71095,64412,65169,16136,59325,24248,55411,39021,27232,52308,18026,32099,59055,29235,71154,52266,82170,45251,35244,91568,80297,71491,27331,29130,26150,66051,08392,80192,48028,61307,11114,77220,11217,09280,55437,08405,03018,16405,10305,51201,10085,74252,51251,47215,91482,25075,54265,12201,01333,80041,47042,59052,24108,34067,88532,82185,81062,63366,11016,44092,61398,10019,88080,10323,39558,14714,32072,65250,55114,59550,24199,19087,87133,72037,10434,05128,04097,65424,55584,84095,48147,72314,73226,90021,43167,28156,77309,01313,44140,47114,68041,47142,16395,02383,38338,42074,56014,81093,80717,57734,64491,07022,38264,76325,08178,32332,54152,41144,37046,88212,07203,34212,2B135,02259,54051,14066,14053,81013,25042,46196,39531,85218,47284,51647,79301,14107,49224,72164,2B265,83013,46181,37044,11176,70568,02435,97408,46206,12216,62397,63096,86039,88304,24515,37054,62395,57421,67460,95607,78415,89155,40332,40281,61183,62717,76424,34229,48017,73055,88380,71437,11049,32255,63428,14288,24480,26131,57020,71309,45139,33225,03058,64364,50120,36034,60691,44212,30128,78384,62716,27384,69127,58247,60187,47025,13085,21656,78528,24281,80836,84066,76192,76149,62758,77481,88071,31229,37268,80314,22354,63040,24242,55118,62214,81106,58059,49035,77211,27183,51314,55306,18090,59312,17143,61399,58190,14249,55579,12143,54161,16161,53162,78672,37218,40051,11278,88078,40202,88313,50098,39127,84060,21630,31507,90027,06022,64172,76184,27613,84082,17461,46290,60494,50597,57607,45175,21673,53028,50338,10071,06127,70121,40002,05173,57321,31263,70229,51362,76565,02356,23071,54112,26130,79265,42197,55198,71227,03116,76439,93032,83098,73288,21365,59148,24290,83142,51556,76041,71498,19042,14202,25083,37139,80093,80613,18174,18040,11430,16315,44150,30346,72213,10132,95024,38116,31240,89216,89129,54451,16420,54133,02058,39128,28129,95529,80301,76520,32020,42314,40294,53221,52011,28019,77145,77215,72059,71032,60639,01109,57303,39419,76684,55375,57240,17412,60292,30356,52372,76020,78190,87195,23007,59014,10369,81195,64215,07222,39585,70125,32111,65102,24377,61006,21458,31045,62134,65475,29170,19001,51458,54476,22137,57682,59415,91232,80087,26026,25518,59352,55185,64092,14680,10365,48056,30112,67344,49063,86124,18034,86206,76374,55060,32454,60637,63440,21054,50045,62362,37206,70117,90079,72268,44045,35094,27667,15252,80021,82091,33116,54386,28192,03024,51412,61043,58225,58185,81302,31004,16198,89402,62588,33521,28095,51102,07241,58259,57167,31168,97313,83076,54385,35179,42248,05025,95211,68163,22053,36083,77329,17325,37106,16137,57575,54426,73214,50237,38129,54259,45108,21086,09087,12217,24476,43245,26024,10390,40215,59146,73233,36032,65124,65474,11304,81158,73088,47083,31424,05018,18209,46179,15231,47172,64365,17483,64406,23224,40165,43158,44101,26069,62593,89418,34077,04242,11423,88155,76252,77314,18075,44100,56262,15139,62198,52526,82041,31330,32417,47078,46250,76096,53142,54336,18135,31564,57336,01125,38483,01224,46286,59371,21388,09005,33477,15204,66213,73281,21603,63185,21196,38058,38203,44036,09074,70381,47072,97209,42180,41068,57339,58204,04184,31511,88375,57154,31553,38405,46174,53017,50092,56184,61381,76675,11352,61333,81111,27608,18220,33045,11084,55010,25421,31354,80071,09265,63426,64381,50403,01303,15091,39291,60409,03142,61091,31274,32348,29254,32351,55212,58256,27370,86209,46303,56166,30174,09011,59247,81325,07160,69172,42030,68123,62623,25574,01116,40146,18185,71008,91405,28312,67273,71311,10091,25566,14055,02476,31039,47169,19117,76538,57534,39533,09091,11224,55059,56024,25195,39200,77393,02796,23171,27414,80090,77126,24510,57418,02625,14246,54215,70017,10107,49109,11052,60279,25100,61167,44091,57473,28396,14310,31314,47108,27535,32283,31218,11164,52156,81204,14195,70118,16100,02185,13037,41221,63053,09272,57530,49076,51348,41012,60352,07247,56015,58114,88453,33219,87079,68156,17146,17160,64222,94038,54594,59635,87123,70441,65101,28233,02165,89222,76384,29272,62472,17405,63279,82169,90029,59609,80081,63277,51407,60330,35131,57206,25632,22071,30253,70174,36230,64135,70472,04076,79346,43025,80629,80691,23199,63402,85222,74057,55125,09063,33033,19089,70181,76242,54266,21001,85094,95651,64536,57268,71589,04148,82159,73081,52272,13009,17442,02544,35210,26011,59105,59423,15069,74222,65386,55475,37126,44078,01190,21163,52265,70443,31046,10358,64177,41175,78196,37170,86153,53168,79269,33018,74086,22365,2A092,29188,46029,59075,25105,74209,81056,40101,62584,46091,01388,46138,17234,48003,24155,43036,56027,52463,89188,37229,84119,14398,10183,78643,12119,22116,45112,08394,39552,62465,14639,37034,62710,60699,17271,34339,80648,91095,21380,33114,07283,62235,48170,30100,87006,81128,14458,80788,54119,60418,57562,51312,69137,36116,52518,05154,25621,85009,24077,70491,64352,88239,50030,08100,09336,64481,77531,59082,97124,39160,51569,49018,54158,88256,22213,61137,21053,42317,77228,88335,80107,28079,81234,39313,14172,62029,25375,25625,62660,71088,89172,73151,71383,82115,55293,64454,45024,51652,51072,51618,10430,17007,02789,62742,47156,57496,59229,67494,66004,41148,67164,21013,09192,69214,19190,71190,59533,64375,81193,57038,10416,88292,17216,62628,43090,77444,71447,07029,84038,86287,85207,32024,74151,82075,39296,21236,71460,73103,25339,11407,29080,08204,42058,70332,28060,11039,17198,60095,47307,18241,12032,14396,16293,55489,86291,88105,10377,40269,73064,37249,70498,51323,88483,82070,74063,2A139,55290,36118,60305,32365,59130,26144,79112,70142,19054,54053,25245,59100,49247,52190,81115,57434,62403,80462,24459,78189,95678,60192,44018,60412,89442,14456,24576,50542,28082,37157,57274,89027,67362,52294,61129,62207,97407,42288,65454,63463,87180,07133,50040,24464,63298,59368,26293,42189,08209,84130,18250,15196,10039,60497,02829,65145,56068,82142,11344,19031,33021,54168,36006,57355,59256,12290,2B023,22055,63056,36152,62036,57447,39475,37274,58312,59081,09164,33184,56144,62060,34255,61393,01452,77045,89342,34273,41200,16028,45032,57451,2B145,19237,19062,10086,32458,42093,65353,57015,51145,11109,26088,95252,54585,76282,61426,57299,16358,86163,76128,47123,53220,42149,62612,22070,39359,23076,27410,2A262,68058,41289,59069,51083,48081,17027,38489,37244,25002,65305,08326,65330,87023,31003,51195,12127,27385,54332,17134,12109,32236,02774,65464,17204,33280,28348,76705,44038,09029,05127,50234,47231,10423,21677,97118,32135,33483,08028,22160,12299,46234,76095,26306,32407,15117,30181,36167,59094,62361,09182,60506,60628,37263,51147,12236,59525,64252,12130,09061,02776,19233,22025,57312,49294,59200,71503,63094,19038,40266,88136,89038,24570,55353,24184,24135,32046,81102,72385,10083,12084,33025,42224,13110,62337,92073,88467,58049,87124,27190,62232,58034,92075,52233,17084,62367,35227,68175,38372,27229,02395,77315,18133,02683,77036,21454,72335,25373,59280,55148,88503,12085,46182,68008,35007,39228,61032,33140,50410,44006,29073,14412,21691,47228,63384,64013,55540,79298,83043,37028,85251,65093,16200,2A268,31499,89111,62259,81233,71454,78609,21152,88432,08464,38061,14406,80252,25493,81085,34287,39214,33009,35241,76671,34129,54157,56078,42326,03192,88139,76394,57042,25478,2B353,29247,18097,63304,62536,11182,74263,60399,85059,32218,59349,51489,47315,30292,62238,60049,38194,52413,45151,30069,70228,38139,48182,12046,62169,60347,25070,18251,21291,60450,64511,71330,62470,58023,37265,42140,63317,88327,32034,81249,73067,55537,84056,55202,57344,52342,65183,30032,54146,95127,02718,69133,89143,34132,74229,49299,88146,31404,21051,30091,39404,30075,70199,38384,27227,35359,47031,81206,69279,68302,36041,03073,2B067,87107,14215,07303,62725,07042,50394,84019,23072,21511,68028,62387,55279,60015,33205,22034,47067,31199,38102,02307,13019,04093,04058,32077,21532,14120,55565,39375,04178,65446,35051,47049,28220,61462,89144,55186,09189,27057,48141,80548,27446,01128,32373,22187,62783,17261,07006,68116,74087,30074,77182,14342,74220,57249,67222,62251,11128,07235,50081,57318,35221,28298,28317,61195,44218,68170,11390,76421,74240,14385,39465,50475,77140,32222,89152,30020,83131,64411,46214,70282,45239,64225,81007,07097,59122,14242,94011,88472,81049,22098,15266,28301,33023,07327,65289,65252,18243,12106,28278,27497,10005,51456,64158,21010,64512,86095,64250,59448,56062,32060,38006,23117,76372,27126,2A017,18110,62211,84012,71477,51138,09125,60313,66078,51216,64308,29136,23070,64230,47070,50311,84084,33028,48064,69263,38334,43118,22203,91201,56222,12092,31522,14578,18171,08406,76193,13083,07098,61412,49107,35037,45153,62047,62197,49028,23092,56178,62293,50436,80705,01032,50408,01347,03271,67241,72383,59108,62765,60039,29151,13029,45191,88353,86005,76218,05121,46292,02176,33239,83016,39532,30027,89139,59655,09105,71455,52302,56105,17020,41217,38075,37260,84072,89450,14407,48166,59536,24441,12138,21141,40127,23102,38321,51115,90025,22388,72254,77494,02294,59061,63365,76418,77285,33463,16218,18036,67293,78113,76040,74167,06044,02631,14344,37194,27556,57726,60420,28271,37133,77097,88010,62846,47287,65356,13214,58115,55317,50373,85306,17341,70126,11365,44157,42324,28212,70149,80802,11254,45018,08462,26270,77349,44199,62764,49170,40263,51437,02583,15148,57553,70478,01102,27234,86035,54122,31247,63299,17049,77065,81005,95306,59496,17200,66068,52213,88111,48161,79218,62348,19053,59392,12152,11358,10078,33111,43224,82126,54463,53226,80341,59564,54124,46281,15161,58014,54207,03004,08198,26323,06032,21120,42145,10247,33379,2A359,67516,05076,21349,14047,31397,85201,39556,52120,69217,38333,31246,71146,32320,26222,43076,11401,76549,80634,59445,70260,06002,43057,33078,18009,61141,55327,39346,26123,19118,54033,24095,54118,21413,16154,25043,07096,37038,18065,62774,76435,40130,39464,51280,57116,10412,88378,57051,67259,32010,22077,34043,91689,70245,50500,65427,89471,54263,65165,28290,60413,51003,64227,76646,62830,71550,80633,91174,62894,45111,03066,72104,72212,67528,76201,61501,88355,24375,77199,89250,80437,38377,11125,77317,87054,69057,60448,28369,25380,14519,51020,80046,05006,09238,71475,01350,52042,21106,32237,86010,08193,38230,61454,82118,33125,60163,86292,21635,76711,33054,84031,59488,25203,88115,11008,35178,31316,67061,36045,31150,17221,34017,27214,84070,25490,37162,54086,56224,33240,23196,55312,35078,52540,59066,10186,33204,60041,44012,81170,74195,25067,59306,30110,88056,38051,56220,65028,35161,38563,14230,80026,80162,88063,55431,80834,57709,33413,88121,23211,21445,59416,78646,12097,25141,31336,21140,61505,62186,76673,59580,80515,62680,38281,28390,53072,64396,24259,82029,29161,02168,85281,59172,54106,63065,07092,50238,68097,62756,24278,2B317,04204,54246,02415,02620,52497,65339,65298,71086,2A271,07116,61293,73300,64530,86218,69188,69242,37153,27153,60085,01052,66081,05144,2B341,03257,59262,62811,54323,10257,58307,01210,88426,66146,03140,62732,50079,19040,02693,09081,70002,25085,88284,60539,32410,18228,14643,16052,17289,03298,12012,85175,62133,33139,66062,53129,52437,50243,38017,53109,17079,61233,67020,34200,51616,22228,58209,21582,84044,55094,55217,59232,86016,61395,40066,19212,11415,89076,30131,10260,16234,33244,27336,12168,35060,60599,52257,40297,90028,61507,70138,80421,64008,50499,02804,80156,78238,77084,10384,38032,95554,82093,11089,64165,78638,45009,39581,19072,50505,60083,07009,38373,44064,16044,60213,35201,40030,16239,77373,06115,37084,62160,57301,51062,80293,62739,70107,78475,53260,34253,43246,07315,02016,80396,72141,24104,65300,74069,60003,57250,39022,42245,50568,2B053,77381,28139,2A348,60200,76222,55029,84043,01040,49269,12228,22104,26310,32166,82186,04090,27157,67269,31498,14409,17121,55476,07168,35285,95213,59388,27102,10382,01038,87194,34177,72183,80266,64131,86020,14676,57713,12129,81282,89439,26177,06126,64354,09044,67053,36222,79047,15229,44189,69216,76635,02024,66170,72094,51506,55533,32025,15107,88069,38167,09098,16174,37169,04179,68084,69064,32181,32032,18175,21059,77445,01246,84086,26168,34300,06147,2B205,15254,51623,61286,67311,51356,15048,80213,16348,36001,33070,61170,63389,18056,43226,59527,57658,31110,77212,74186,57389,53228,80829,28023,76209,10129,45044,04157,58021,27422,32384,91570,51032,71034,08040,57098,17138,35258,59593,43156,27066,72247,35243,07058,38393,03114,08117,60407,2B242,51423,24036,69218,14080,66058,17401,77347,21110,89053,64209,68068,84123,54228,39269,80054,62741,57171,64494,64114,67213,60622,41052,53063,97404,32341,69288,40060,82079,21495,12141,63029,10317,21482,80106,35077,78606,02155,14715,95256,21262,14260,58160,30262,82042,01133,56031,69028,57641,69278,01044,88098,56221,33344,12121,59476,21515,21006,32251,16085,45099,63300,26110,54050,50269,22068,27254,41280,27298,39559,41195,62068,24380,32414,62828,51048,62150,88439,01046,59484,77467,19193,04187,57377,63257,11326,16321,42219,06085,87157,55063,46246,53169,28117,76714,59092,01392,42129,26163,2B311,14191,62539,62418,16422,88507,63231,36109,70079,08318,24355,88317,27020,78460,02444,81112,77239,56176,02396,89176,79255,47087,86194,95446,51495,04039,62067,02807,21282,45327,33516,31273,18290,24410,28135,21078,12268,18079,06106,26225,59639,44118,08192,37029,50585,19110,61493,31255,71312,89415,05084,47277,09030,64017,50607,58175,71512,21474,54283,74150,72352,65205,77482,52103,02108,59421,62463,61268,54068,40278,68095,65177,48169,71156,63178,21005,79126,25224,77520,71516,13096,89376,71271,51627,95166,83087,57361,58192,87125,02559,35081,38478,2A089,03300,26066,17226,03094,05024,80491,80273,52116,59583,11255,28029,57412,64557,62586,39104,88382,88066,11311,2B248,89344,40331,76381,03043,62695,07177,11236,54590,77079,67091,74059,60373,55412,45184,47159,25234,02666,86085,70546,59186,24299,64051,12155,83053,08246,12181,80151,97109,54293,77107,67432,51153,22176,31053,41237,39321,69141,15199,66003,67098,55527,27373,2B213,94034,63453,24446,49214,02601,48123,71444,02684,65057,94081,69005,08137,82106,63101,39302,39162,33501,03295,45337,68165,22246,67554,62644,25247,21017,55409,24227,55442,60117,62255,76068,2B281,86109,05117,44052,70006,36155,25101,02702,39454,41284,60385,71428,59332,79059,68090,10140,31551,32265,52385,33034,47212,22129,02150,24158,31204,18007,77372,47199,66023,67379,16236,03317,70471,64543,85176,59259,11361,22065,54145,42238,23202,08287,46154,60306,48174,03139,24074,38529,34024,21184,30203,46289,63337,60051,24452,10072,08018,55492,16389,33508,87052,03309,65016,62051,25560,14732,25532,26368,79137,50426,60043,93014,03106,11093,65195,11320,54178,31519,08480,59473,39282,75056,08174,33374,12225,31277,02682,76734,64441,18147,53270,25089,16193,80621,72114,50066,86144,33550,80473,21149,88263,29265,60355,81109,22277,09027,61146,02164,85171,25525,09324,59184,36195,14040,21157,76550,30236,31236,66184,26167,22231,47098,21267,87105,95219,57133,50553,67099,57425,2B156,36190,11040,89296,11047,09251,82036,62237,80806,28347,31414,36247,67169,56232,47297,02370,15019,71486,60345,45171,31503,08263,07013,21289,31118,89025,33341,51552,17203,32063,46023,51214,57022,52300,72333,01010,55113,24206,42243,07334,60084,72367,14499,22214,85139,62761,78558,2B086,26101,88519,18235,68067,42330,52065,40191,60529,10414,43207,54169,31313,56080,64211,37237,55406,55012,57527,80070,60245,49026,67038,69027,34143,64310,60037,57211,22140,49216,94044,29296,80698,95331,70255,60698,27140,43042,82130,39310,25227,51311,42078,40231,68239,76603,13026,76610,73150,18263,59065,2B223,70170,45023,34180,60097,56003,02231,34217,46258,36013,71163,27568,50397,73276,89430,69241,70449,55153,67547,31203,31461,80230,47314,79125,25430,23152,19263,2B068,45162,70051,70457,60053,34302,21358,37259,39306,80183,62448,71004,80696,32122,68353,60543,50039,52395,33423,61079,54335,79141,81223,41078,88469,40239,80665,60436,41051,38114,07249,24404,18141,48194,97205,18023,17087,64079,72123,41238,72001,08343,37077,77478,70145,78590,36105,06134,30198,27393,62148,27228,38390,63320,64054,76367,18109,14297,46253,42254,38408,41095,79019,16224,83031,51658,12232,65409,38048,32269,23065,10275,29177,84029,67515,63369,14136,25599,27188,73034,70039,80343,46033,22092,53112,26307,36133,77278,27466,69009,51518,64346,71433,89030,57516,38245,81031,17250,01065,31525,04065,38130,67430,68250,39225,71182,57260,35261,68109,48106,36057,78291,34210,70101,36101,38067,36204,02708,70213,84103,57736,49222,31344,70334,08113,73250,14689,57082,80499,67285,27026,76170,72110,22245,12124,45202,55218,42136,27120,10205,60156,31515,42065,31165,88068,54057,77231,14602,15209,18122,24450,80379,71212,31190,14587,72090,58122,87152,88123,95288,34274,17066,28255,02819,03064,21442,55324,41049,54090,86293,10204,49102,27032,01147,61341,67172,22342,19133,18151,19055,73236,77484,08140,63306,26124,67166,70105,30218,81050,01269,33058,72025,50510,22198,80287,80060,26014,46122,08243,01418,02755,02297,85188,23016,40005,78172,02223,54331,09168,55338,22064,39166,16402,91549,05174,10299,12072,64486,91319,83034,67521,07296,10370,77230,80703,38497,29046,14240,60264,62195,52285,88049,2B124,2B080,51073,78310,58084,78381,77447,43256,24337,97611,80003,71019,74238,91600,92077,08021,01169,50086,39476,54490,80052,08446,55184,14576,59090,47004,76516,25228,35251,64140,03223,66115,71338,86131,80482,17187,54012,34002,63169,76103,37056,80681,25107,37064,08437,68009,26334,64040,53131,23074,71573,41234,41220,58282,29030,46022,47196,46200,18219,58295,67308,69235,60470,03113,19252,42333,97222,62908,81130,63181,14305,45241,25521,39194,49228,48090,67054,31011,67455,29159,64467,51050,50590,11216,33484,69227,60002,65372,04113,30079,42081,65151,43047,88456,65193,62853,62801,85024,41043,76264,56246,65166,01139,62079,80167,80030,08271,77514,60555,62066,40265,57545,49262,50090,56239,22108,38519,62585,66112,94019,22006,58305,38354,51099,07251,64343,30215,24372,16339,34135,84127,68351,86270,87132,12272,72167,12185,51384,67187,60141,22232,74237,64324,09231,04188,50290,72321,31287,73249,27215,70203,18042,23040,24529,02470,51167,61133,71201,47173,78350,59659,28033,31349,07107,65414,71393,31033,45074,70361,05103,21518,63321,11181,30265,36110,57340,33479,59658,51217,60335,19002,24037,24238,02670,26186,70091,34288,07266,19088,59443,28354,59591,76708,50601,70536,68212,32005,73192,40327,02467,16191,51168,45338,80587,62639,14145,19194,04177,71349,49231,67441,63039,09001,74287,70389,27168,77379,51068,36018,56115,17142,26090,79176,39197,51439,64071,74144,61158,38511,39333,86201,17376,24566,22341,63363,62806,07027,70412,32334,64540,34233,15249,84140,54180,69019,51169,21607,21290,58157,73155,70325,80031,70094,21571,08208,45275,47192,22169,16357,10269,79213,03015,88109,25486,12151,48021,08368,70451,12259,52546,89037,27659,27212,57054,57596,25199,67465,27156,67030,97229,89175,84089,15106,08327,61483,46162,88116,30139,83108,68051,62534,80511,69255,27148,77208,71194,11199,52436,04036,70287,42125,81312,67373,70468,16143,27502,24305,67127,49176,74236,91198,81046,27567,62666,64159,09198,47127,91347,58141,17433,33315,02224,10232,37036,13076,39020,13082,04085,25550,23100,57745,02042,09334,42305,18168,50137,68244,29071,07181,72077,57549,55425,58055,76657,70432,70297,07255,08301,60377,90033,39244,62030,88196,72196,23107,76388,79297,65411,85137,84080,63222,77406,77277,06088,46252,27490,32461,62065,02793,38266,70289,81294,34191,23139,01115,97119,54290,59378,58195,45343,09174,36033,25324,03195,57013,55123,68112,86070,09147,02382,63088,68204,43023,14649,63243,51463,09022,02331,59587,68221,11063,40287,24253,22091,15016,59239,42130,45204,07344,54252,16041,01239,62261,05079,22001,35330,62163,45268,66174,52229,57613,84036,35156,65041,08125,32188,11417,72180,81142,97615,67163,27632,15224,02746,60571,62166,65327,85096,33273,55048,04072,24424,85244,62205,29147,97409,29221,14360,24262,33546,58170,28147,07215,57014,67006,80318,87043,74038,43058,46041,19070,18039,67550,29039,34124,21179,88036,35120,44176,70271,11340,26258,2B088,60271,64515,89003,60059,24378,30195,91064,71452,08141,79111,68289,66138,21626,85006,59073,21473,67391,92051,66122,26243,64224,87148,21401,61345,16287,27645,01445,44217,60228,80792,70323,62131,76723,15135,77411,48051,84041,32039,21693,60656,64157,52516,61287,34332,52356,30318,86121,68073,08386,56029,23056,34122,2B101,89080,49178,01273,32172,76730,11183,80311,23027,25605,62698,72083,37112,51445,59034,74271,39275,71189,07048,25268,16277,22019,26340,23212,29153,60090,77426,03109,58030,81182,57293,43029,79339,17222,31025,69117,45026,08165,10327,45169,62112,2B049,21676,27301,71384,37127,76368,64372,90056,52008,65159,65069,73186,27492,08248,01393,41010,03229,70030,89046,76479,14592,42300,52251,33369,74099,69197,11327,25084,11301,24284,11264,17306,77386,67338,86276,25056,12050,02449,50356,05096,80429,32117,63386,62634,56254,72187,65229,59103,50455,43216,86127,17482,24229,73243,62646,55438,08037,95199,25280,16152,19229,48098,58262,01430,77371,58201,66197,02253,26108,68300,16102,73206,18067,58230,51344,17330,48087,27389,25433,86159,77473,60265,60670,02473,19146,66065,02471,73237,55005,09199,19191,42335,44074,37174,58016,17068,21121,57763,70037,24553,27083,51542,49237,38421,77311,77432,70415,02405,21142,60446,76156,36120,59230,06067,2B328,19289,76025,76594,48005,60022,76333,80020,08155,35180,27671,18153,02616,24420,54505,21260,68018,38314,21392,66028,12207,33358,63106,14200,35069,63460,76724,11070,27100,34037,64538,62886,11386,17410,08482,38191,35163,52492,51317,86112,53272,63160,55132,23209,48178,12237,21225,60210,51468,17035,36242,39308,64394,15088,33489,86174,68271,06105,50453,76407,39241,14675,39431,80413,71096,64263,22179,56147,70210,55345,11324,32376,78289,67232,26111,30054,33231,72129,21475,54288,57059,25538,27458,62552,43153,39068,68335,24174,77195,71322,60491,25233,07224,16392,07065,2B234,88142,39569,80069,95060,32069,17161,67345,07143,52431,51338,14563,66223,88089,31209,80390,32431,22131,57650,71152,88152,02378,27146,09270,54100,07166,49205,60669,63211,11208,52371,60545,82122,40056,80667,39567,52253,61346,17329,82016,11275,85097,28379,03037,09340,53273,2A272,59149,49057,66176,89417,64129,28286,07010,14595,44087,16231,57474,07172,32088,04110,63407,84054,16185,60364,47200,13215,80670,39096,45084,63280,24507,80375,34265,43258,50117,09250,38060,45037,60664,60073,74253,77337,82082,48013,79162,11353,38212,83116,76599,21333,03233,55129,54415,85157,22047,14492,27313,31138,62165,54097,2B161,50481,62602,47183,15002,17254,88166,22046,67095,70055,10225,66061,14205,02339,87029,46231,68364,11218,42183,73202,46244,53136,40289,71081,35106,16360,76274,76416,28387,67497,29040,59313,09267,01015,85109,31256,67436,11333,69109,38156,80464,51268,85200,03134,69045,45100,08070,17205,80347,57486,65422,76262,10172,95177,02218,81316,30183,59346,67544,45093,22044,14700,15020,39029,62558,14159,64247,76700,05163,25156,13038,60343,55001,37271,55368,69283,67492,55553,33342,60623,21131,2A091,64395,21393,78567,71315,10122,27437,58052,21172,63411,40211,39565,24511,59117,21699,60034,55506,74282,81055,27435,43173,33362,26333,09162,41042,62059,80617,27674,39456,11219,21563,59504,09211,86110,09170,77323,75104,86204,72291,77456,60572,71264,32065,03225,14077,26119,17023,30036,17095,41187,88014,53259,46083,11141,37196,23078,62688,11336,06129,55551,64421,54216,02315,43249,46130,34236,11286,80339,42275,78344,88425,25157,48157,30286,2B332,33425,01436,71380,89459,21015,70476,38368,79055,32223,30272,50055,79154,88185,74005,89431,13010,44210,17473,66134,74012,74313,15260,86279,76249,76269,11017,50349,62057,16184,52250,04063,32195,60244,77130,65326,21444,43108,01450,50514,71540,70004,67220,38474,61411,56132,29011,31253,08016,55397,82030,45054,27643,80716,15245,61339,42063,97311,70198,60063,10130,40309,09085,02586,91345,18072,2A279,71071,63201,25451,83127,53177,38041,50192,51247,79313,69201,83082,50422,72064,34259,55355,13093,33180,88167,62862,14436,25406,02023,88514,77475,77188,18186,97203,24151,57319,44032,16330,63015,57118,59406,91098,30072,74264,14086,31587,18271,31570,55177,71107,89091,57073,40250,37281,02212,27544,08349,67040,19064,77297,68188,70148,44083,51304,90037,77363,44068,58088,25387,45097,30305,83150,51186,54462,59044,81257,80337,85058,73213,10046,41152,18089,46078,03026,08149,12147,04209,38269,24114,67011,01240,65164,58133,60560,50540,35076,36170,02417,85163,08183,55383,81149,58213,65135,57040,17067,14063,63469,61451,88154,10157,39001,72133,54037,72022,70523,09320,19203,02422,12235,33133,51234,51363,45159,83008,05133,16014,76046,17016,33347,08335,06095,25477,10290,25151,45020,31585,2A326,55316,50108,53262,67142,89477,29106,06130,26347,59501,89485,76432,68057,07144,77336,55032,89217,56041,03010,61061,88026,60214,24584,17126,26161,17212,51417,59057,21118,68290,85108,77454,03050,27322,60237,2A071,47084,89371,70437,76091,38452,02268,02647,36029,07199,21627,88383,15111,33426,65368,14542,47037,55332,17469,2A018,19257,13113,57076,18074,76491,88460,78688,17365,57256,79163,30117,42051,41277,26084,59155,88039,37002,34030,97612,16233,76237,51316,72068,37270,24110,33145,41297,88446,62260,37080,21024,07341,14092,02276,19287,68193,70431,70440,27408,77269,36210,46059,80025,70140,67474,36063,32012,11156,62821,10340,43194,77326,39334,03097,29162,36142,27427,10289,31106,64047,02338,72178,05157,09311,14090,2A360,84145,64199,17436,11185,40196,61344,32064,71184,74088,14020,36160,59419,25290,73223,10171,45203,68291,68205,70115,08080,77400,04035,43263,62268,16128,21586,50292,31415,39370,07210,60660,74137,06157,61040,58273,21642,17278,51006,44190,18197,64550,67447,28215,58140,71339,62525,25159,61211,16111,10188,02443,77339,39031,19226,58112,65382,85026,59616,19160,29065,41281,76494,65377,25332,57574,88029,08353,68142,16243,26229,60516,35102,71266,24445,86130,49311,43234,43127,12297,25385,63468,88360,80275,03090,07025,17474,60468,58229,28116,85049,85221,60299,25439,34020,45245,27317,10061,62689,47050,10059,14303,14692,14610,2B096,38020,70215,19027,38205,76188,23128,12048,27191,51288,89270,74234,02136,31174,69006,61292,86198,22132,39519,52479,21669,76391,54536,76291,21231,02182,67153,62116,21701,32170,30136,03224,19061,62520,31040,41108,33462,46323,48074,77157,73005,71501,59628,46222,63102,39448,81267,45248,51278,10425,56230,02229,57672,95241,80182,26114,66113,80602,21435,80042,77511,57310,05048,08078,10356,68113,43120,70135,57706,33063,70336,60328,50174,81078,51629,07250,73271,26099,50188,02635,77241,76131,35218,63380,28275,53118,08319,63314,26042,78296,71371,76039,27678,44057,02138,2B177,02237,64088,14377,01152,33213,64522,73310,15032,62876,63241,57515,57125,06040,70124,22021,80110,32128,09115,41212,18254,28417,64496,91047,37203,12177,60579,94079,25110,16023,58280,61433,65214,62021,70114,64318,42008,88510,83030,43119,82063,42223,04043,45035,16093,69272,44089,34057,76185,26272,88326,56108,89408,27611,10420,91560,42179,62013,74097,95055,24322,72060,08103,27539,63354,77192,62303,55115,38115,86064,76710,60104,80068,57582,89286,76033,22004,41279,68096,02248,62109,63296,26037,14207,07336,77153,31031,85206,26046,18233,80585,44055,62760,65328,06118,56048,41053,61418,61099,71445,10315,12252,45301,49068,68313,67058,77194,46237,14724,32274,25286,71098,44033,64493,14037,31411,10009,29026,33268,42071,27082,62385,95170,59147,57683,32318,21672,38564,27372,80392,14709,07230,08438,42026,78158,38311,77081,54487,78440,25438,15215,14184,25115,57543,07041,27136,16409,64265,22326,34160,02489,46143,26050,62779,89099,31426,21438,24042,40249,39198,55070,67470,02438,30047,64269,04192,02404,62614,88527,53076,59548,59589,84021,80094,27329,07289,43231,69180,65367,19004,70529,46207,60166,27662,57217,68196,12209,57449,79139,54327,56247,64408,03312,41102,58101,16280,76406,32360,77340,62847,46232,07115,33146,86229,56196,33327,60652,87146,26214,89433,45161,64007,72205,31242,81232,21334,43178,60276,02641,08389,51577,29069,29006,31529,17074,17455,26369,24419,02573,54516,22011,02204,21038,58277,52536,79253,66069,38356,23174,76340,84011,38542,59615,59652,97306,65277,03297,08293,48059,79320,08393,53150,18160,68153,30166,31104,52377,45050,07140,80518,64256,39027,18080,27288,65323,21400,41241,81067,21550,11429,02786,54444,39582,02584,89123,16272,45059,46199,08222,19254,08123,03288,70090,94056,95210,35169,47144,11075,23195,02753,11076,31428,04019,72023,11120,88113,56091,23019,54003,02833,60400,40119,71159,89007,63066,30249,28106,62074,61413,63203,53021,86236,97361,01019,39038,94077,62845,11410,32359,17214,77025,14435,81291,15034,51530,88341,02133,59669,80250,62411,87155,26226,54337,11260,87117,31267,67279,70411,78616,31095,21460,45255,57304,43044,30120,60326,57148,89158,54479,62589,69042,01140,27090,08011,05090,54373,39167,62582,97234,62566,64232,26025,47271,26256,09092,57626,39047,91318,16138,57021,40295,74054,16298,52366,33115,24421,31531,55364,52170,89486,51399,18118,52490,72004,50628,31329,57181,22312,31399,76051,14498,48082,13119,79174,02575,32193,30223,24091,56259,91249,95369,87101,77125,76161,60375,05014,03120,2B229,89251,76595,60324,76464,54539,68209,60389,40108,37282,80338,64004,01449,01054,49030,29145,60231,53237,25120,25383,02483,38131,64473,06010,07121,97224,81219,25334,88487,83089,68081,43215,90052,30237,59493,05162,38243,65440,14038,67416,64130,54191,51650,33380,64042,49182,30009,64323,51422,39526,51225,04210,02007,55171,87039,25255,85237,03017,53107,08420,81318,38064,26171,29199,67136,59327,33237,78569,29172,89136,01381,13030,03151,18169,88328,19023,07216,48072,89420,67389,50185,70490,57642,38052,62896,54560,21065,10201,68071,30060,21452,80049,69265,30194,33055,71323,28234,59524,14454,13084,56152,65204,44051,21410,54368,74202,43175,02373,52002,87128,02222,22372,26072,65453,36175,89079,10190,01234,31032,09023,66011,55458,91286,55501,53266,34304,58310,38503,86281,05003,79031,80597,09246,07326,92020,12256,34094,59511,2A276,36019,95625,45247,87151,59642,03291,82109,27115,30188,45073,39268,49010,24257,76410,73171,17030,04234,39281,51112,21210,71586,57356,54093,63308,86096,11172,31379,02535,25265,91067,88009,65017,77073,62785,65216,67023,68179,73225,2B105,87019,11312,07109,59276,25431,21263,16365,47190,07261,80674,50302,11108,16244,70558,54353,71046,01075,38376,03159,34262,35312,57462,57239,51354,68293,10165,54163,40272,74075,77530,24080,67248,11435,19007,37214,07319,32156,78537,34118,25052,31023,07278,62543,23006,69119,02518,63061,08189,58264,13002,45265,78484,31015,21138,09237,34186,64327,38008,27196,24575,04129,09157,63263,89424,64064,64242,18113,10332,43130,58121,21169,38100,04135,28086,11179,82179,78366,32062,25432,33052,73065,21561,51039,23155,11098,10159,37242,62777,58284,33128,49266,42267,04133,54023,16124,79160,21713,70041,45080,77242,59084,17431,69037,16064,77115,68139,41105,65011,39343,24544,33172,62027,25311,27621,16302,29128,75106,60549,89373,13004,76587,82135,03307,79109,34215,41025,24266,63427,51426,70032,08380,36104,38415,25298,62600,57584,77291,37025,38403,40194,26335,01311,76476,62434,64012,40088,68161,10007,53141,78571,56067,36213,76144,31409,21683,52136,64022,44014,60651,69156,12284,74178,80714,44156,64420,63467,48089,62005,39156,76092,49048,50420,74158,02070,22390,61301,63057,51611,09160,57158,59119,50028,35018,88024,2B290,70444,12035,85074,29277,60451,35192,12077,32198,25391,63252,56203,70436,17337,30255,78321,70242,69189,02721,64446,09227,05142,57275,40253,2A129,37059,45070,66228,80783,01021,55464,15200,78410,05066,37204,62118,79114,29018,81084,51562,35160,44110,54211,44075,30206,66187,21319,69276,24300,38136,02547,85265,60337,06005,80089,18084,23108,21579,34164,27508,14221,27382,33499,59222,21113,81147,22121,01014,71070,39510,70218,88261,49053,62567,17113,23248,57485,14486,54208,60676,02496,65072,56028,54543,42086,03107,14402,83074,64460,64264,03306,27209,41151,14502,76551,02556,05029,76664,57524,86114,55009,60626,70016,81275,82158,71196,31318,38050,17373,29246,71134,63250,38189,86052,71033,72018,39318,71481,50341,46095,62627,33275,57063,01259,18163,62376,26061,34309,02526,71353,49272,55321,21173,62839,62462,19266,71277,33079,71215,60368,39540,52033,37022,46027,38109,57392,77446,23132,33039,16273,62390,58008,54376,83120,27404,53130,64544,95253,32178,46256,17139,39539,32247,55331,49345,64276,08415,68185,76067,57407,36234,07227,57507,72035,14161,57010,59633,71099,51469,46015,60233,57012,24329,69243,32428,77254,42229,83100,14182,53223,87084,31249,51642,39056,86262,45015,01006,76146,25630,60422,30264,35118,62157,06114,17162,53229,51516,36075,64208,16054,67319,42137,79349,02657,31237,72323,32059,65080,59157,52442,17299,55448,49193,73212,51116,64459,93070,83017,39050,39529,25456,80835,28164,85266,2B292,71042,42148,11178,08207,76580,76615,62444,08060,22378,81231,60062,67178,62300,51127,2A336,28217,10055,11372,68257,73258,69204,55310,31573,77217,31085,14126,64279,33121,2B134,59467,25174,88513,21570,07005,61015,54507,39352,05060,01345,91105,15212,23226,35354,57375,33099,08358,18104,10187,65215,40068,64461,63375,69026,88347,68304,02183,2B165,59268,14354,71513,39486,37151,50205,65269,15259,04130,14659,76279,64128,54524,81042,22157,84096,11431,10303,04041,58184,67276,32037,81307,51536,78346,70326,05172,37094,14256,54577,24341,84027,35235,88101,78443,89474,01098,07292,68065,81163,76636,71557,33173,37051,62274,62359,51213,58292,69016,10354,67322,52114,38204,73063,56228,21238,36061,14204,79049,54550,24428,76477,53048,38424,57084,45258,54160,03141,07162,70538,38031,02430,67254,30217,65153,13057,88135,40185,38148,09079,34198,01275,38440,25366,76685,54469,29166,27624,36196,24417,24061,10372,31370,86023,29198,12135,89253,85300,02673,11381,36134,39063,53155,32401,54570,25276,63072,04066,76013,47319,50099,17384,28325,40104,77513,56104,07323,14550,78104,88525,2B166,56227,89398,23014,72308,91685,80692,80723,45283,25239,17393,60416,71128,51648,64180,37232,11355,29095,46082,59424,55093,05102,44054,07126,76043,78143,55461,79115,39411,58028,32050,60344,27371,02116,43262,57567,68105,91659,84083,76572,62170,24352,2A011,03007,58304,07014,06143,04176,71317,55241,95641,53091,44207,21430,33194,25348,64447,37152,10443,52522,10199,43199,80023,45144,23005,42177,14637,36014,55301,02412,35032,26345,25619,11225,18199,53178,22261,69280,46321,71414,57112,60188,46201,21214,64235,2B335,83095,26116,24474,81105,46193,80718,67209,27332,77077,27418,60490,54066,11079,63259,26210,86221,67500,29122,62648,39407,25515,35123,24518,57183,80729,88394,33551,24562,83121,15202,89395,01366,09017,70163,88047,78020,86103,66052,27633,25238,57619,28168,65094,43143,60220,52398,08226,07084,31419,87165,43193,79302,57195,36086,39176,95183,16118,95459,59099,11377,31401,45336,02652,31189,43177,49271,91547,26223,61367,33030,25207,43125,76090,57371,37014,71358,60283,86119,32192,60185,27009,73117,08073,61308,95445,69067,56260,09188,62181,60406,41090,81021,31443,33027,77203,71397,31167,12025,24101,17416,81293,07047,51165,27495,63007,31584,68216,02590,36036,40311,76403,42006,59191,78497,84004,18078,39046,30142,24228,39246,39114,26067,57629,40064,25519,70257,59581,18094,86252,24189,76632,04102,40142,46312,46125,80512,25009,68152,14601,33363,31432,76508,65457,82145,54452,43017,35088,27259,80112,54546,31475,26074,25503,43114,01331,16400,07068,11163,54480,56004,14510,70308,25365,21406,05166,76083,33264,64334,54477,59266,42193,88286,78559,47017,17033,63367,37276,59193,44085,06121,79184,04158,05126,29244,40178,14677,23028,61376,11244,60140,57700,35271,47148,78192,81221,50105,34290,70194,30146,42104,91679,10202,31034,62225,45273,59345,42135,04047,30281,59231,31276,89060,62443,21588,70489,08166,08225,77063,02201,77135,71069,08409,07015,26318,28378,46313,87040,60057,16375,30240,26373,51507,15174,61234,50097,39084,80640,56198,45182,57070,88030,19095,67480,47209,65022,45280,03031,11424,26362,35055,81167,74215,70454,53110,04061,17346,24422,62590,51315,50161,64501,60149,68208,31395,62522,64170,82143,87159,79136,30026,67526,77288,33160,57180,90041,33429,28283,37275,62344,72010,81305,60533,16382,58065,33189,64464,02122,28411,08295,65096,76483,77113,52312,14762,33223,67370,05031,38166,44001,72359,85277,37004,02760,64284,27135,89100,60359,60462,88093,26209,10220,52337,91648,62176,50536,39472,71140,01155,78650,90098,21176,25273,70272,31135,54350,42037,52426,66013,25129,21145,42088,01370,08035,07342,47094,59254,50379,50126,01379,10062,72086,03127,67145,17053,49192,31303,63265,08362,03283,91525,62551,33179,50617,86148,34173,85132,51639,50588,59037,29081,32310,51224,90018,68111,67247,06158,85062,70021,03160,29191,97608,81096,12288,60438,55165,86045,53153,35117,50641,11041,68345,44166,97410,59577,51526,88478,22375,09256,88203,44201,14555,62090,22184,67493,77394,14061,77071,89407,02295,37030,05100,63020,65472,34272,51052,88025,97211,71108,09121,2B079,54248,95120,70405,62182,62656,12265,80479,2A288,08378,25208,89352,43202,58202,62608,08276,18016,24200,08410,54193,01238,63431,70435,50613,76455,97603,50027,78138,29056,92002,79191,10408,2A100,70548,36091,62041,62415,56163,46124,76109,62491,64090,32021,57436,77284,03200,57414,32214,24128,65420,26275,27629,10345,34075,34174,27194,10193,15055,77384,68087,16307,27358,21249,77416,03201,91226,53245,2A196,21382,21493,44200,40161,21190,81054,56013,02711,62140,33201,64122,80204,31148,10110,28034,38547,54184,12169,38056,91434,67535,68228,81192,71296,90044,30029,10064,68132,42319,72139,26189,47088,27054,2B286,21622,65064,31304,19221,80590,67043,49082,76536,32389,34061,11126,86058,34113,60547,11157,55237,31185,14320,32242,86136,78398,12233,36224,25590,41209,71483,57611,67012,49218,24121,30345,11374,08245,31243,28341,27173,32388,45152,55370,27489,54381,61404,65032,61012,22134,33020,81152,68227,31012,76382,59131,2B180,23004,42034,02775,67124,27561,46247,62702,73092,57288,54021,57103,33191,94068,46139,31054,88023,53157,77380,02040,88162,43077,54535,33437,14446,80746,70278,59483,26315,69207,43039,39230,39523,33126,57538,54272,82080,70549,27411,77398,39284,02614,60372,77114,70357,34243,57552,73147,57443,79311,36077,47202,55429,21241,42021,21055,23050,35167,31175,57665,89219,76507,54578,28324,77251,86245,38219,38402,13105,76121,60509,69104,76562,52007,76626,51361,80544,59393,33187,76002,79164,57757,10362,86214,82108,05099,73242,85172,33048,07067,21237,85120,44149,54278,64296,21425,70371,43069,80502,86207,18145,2A027,24304,91552,60586,30204,45056,14023,26185,78615,88307,38248,32287,32227,07220,54592,25629,42151,52017,56258,37049,21506,25153,62861,89061,64186,33335,24224,43204,59520,2B030,21311,53066,59370,88043,87113,32121,76163,87096,57492,06001,39477,28398,17458,31233,29087,95304,80185,67361,21245,27290,77320,28053,40154,63123,70269,33257,62837,33226,63381,43159,81027,54340,46178,58303,25526,17331,70580,67152,69275,88250,70501,57100,41218,28195,35333,09108,44222,83140,13207,02266,03157,24367,40197,72134,2B252,03054,56134,32383,64045,71123,46226,89384,50353,51617,71547,29003,79076,68266,45177,59391,40123,41211,38418,83051,03211,02783,16189,59630,25447,50172,64483,92014,14529,55018,08145,38185,02334,54439,60474,64120,38153,63261,67250,36188,59451,40245,59464,71193,55421,50279,64478,88438,55282,51139,60135,62803,01211,21159,39133,76492,62703,61372,60013,17275,48192,62641,49217,16056,62554,01050,66154,62800,61024,13092,21497,57110,35187,64533,39093,65350,16258,74180,67037,52547,17422,57386,64077,37191,08089,10189,49163,86217,42266,02661,95287,14338,87094,48046,32120,45279,01328,68249,60105,70012,37041,25455,91069,52159,56216,01105,38352,10319,26231,74122,86007,34306,59127,47244,70306,34242,65366,37241,77396,80776,59003,02388,88418,65362,76346,90071,76509,59600,31462,55047,58252,76484,02096,05167,27388,27686,87017,17339,23236,88275,14211,77500,65439,52131,02699,61087,37048,71017,82077,10014,71473,25008,76045,45188,80096,42079,54279,15178,60426,89265,62026,2B097,10254,34059,08217,63405,70396,63136,93074,67090,59431,69381,66159,14299,36064,95392,21409,30169,60566,28308,57055,80008,37065,49086,23009,07263,69068,36081,72273,12202,37277,55401,07089,15043,67079,33003,34108,32326,30150,35175,31408,39077,76719,11309,21617,34204,75120,62265,02785,60410,25539,43012,60031,60510,02588,88106,65308,72188,71150,02510,54070,53012,52075,55508,70524,17277,10045,68243,03155,38282,36129,27618,64371,85269,05171,88448,65314,72073,66136,11234,33098,54430,61108,71478,54245,79295,30005,28329,80366,18246,77286,32248,26039,67538,64204,10341,83063,60222,77119,80425,19123,27207,38481,27429,22037,15206,48165,65033,12148,76130,67384,44047,34341,50230,41045,25221,10353,52386,38037,65005,09165,71195,73284,77316,44108,71343,58300,25026,57397,56171,26204,72130,19145,65358,71031,88278,80157,37238,71496,68362,76544,33182,01082,62517,80180,17025,06019,50263,78057,51210,62105,21596,60120,10350,54074,42025,21674,17386,34269,71173,01260,88168,70341,80737,78391,32307,71314,49055,13091,87141,02258,22229,59602,30052,64462,95584,50178,17413,84088,68256,62155,66218,27541,41126,12226,17236,72020,24405,32426,2A066,61041,22239,39434,37085,42127,80109,29124,74050,07309,01344,54425,10432,67017,53139,01225,59046,82120,10226,89022,02280,60675,46072,14533,66101,31398,64392,15180,06090,16034,31548,39263,32378,94076,45102,17122,54561,66060,71206,04214,27592,70047,14220,29211,35273,01403,31327,2B193,19241,21100,09277,58177,33218,07330,04151,38566,50371,57129,63404,88096,46301,21678,77280,46151,58281,73278,85254,75116,69072,71400,77429,31517,2B171,48070,80066,23026,68120,42162,36205,65393,16007,10286,62270,83130,12068,09327,38423,51019,02701,2B287,25323,08461,63267,12211,72173,62673,03095,33434,71112,57350,72380,32340,72256,24288,34018,65121,73027,27108,08146,08052,25322,10396,17274,27282,19215,2B175,28294,17038,47283,88470,60261,27379,10373,21471,64150,72309,87035,56079,10321,09026,17165,71068,76386,01084,62275,25617,86066,26023,32322,70305,33252,19060,60339,70196,80264,51094,65075,54274,94046,71038,36243,80820,24195,64039,64091,76529,49121,01384,68361,47225,94002,09341,38362,21201,88352,63202,71210,97217,88340,31081,07343,54062,04023,18062,62535,14494,81017,08412,01061,73139,70321,31340,27376,67300,31037,60076,21574,21481,57454,28355,40084,45254,38496,46064,62113,08284,31259,19149,21526,08312,95370,50159,30165,64106,51503,62685,51263,59582,66158,11307,17071,37245,27123,11426,42310,93063,41171,41161,37255,27341,51364,50006,12053,33141,14457,11379,83097,54547,27438,65444,79100,91200,77328,04186,86075,51476,89374,02743,10041,83137,55453,70042,32380,59414,60036,70420,47217,68017,63347,68218,35148,39338,02191,02820,03266,89262,16387,60542,15132,34299,58309,53116,32244,2A203,57221,65270,76136,57182,24059,65292,62456,89264,36038,50262,85010,33236,54411,30274,24397,07130,62547,88048,41124,22334,43128,25350,36237,31153,32436,24237,47102,02445,10113,62750,80750,53043,81215,17026,79003,40008,88403,73068,45231,80261,14044,41069,51365,40095,89467,09242,76219,13108,67555,88147,25246,70109,49090,21129,27665,31103,54334,31476,26364,17110,31552,27010,46070,45001,60658,78501,08413,50621,14165,12253,59304,72074,84091,62781,16401,67118,76523,02703,49331,16170,52070,43180,38046,12243,39277,33490,44115,33156,76360,35190,85202,57742,40131,17195,47014,14661,59203,50221,34136,2A345,33256,17052,55015,17232,64009,76666,41181,76226,53236,65390,02126,77056,88485,25270,63438,41003,61257,37125,60074,35361,42022,02214,12276,18193,30311,86298,41278,25445,61105,17471,59450,33157,59165,56158,12197,57337,47111,38225,27001,23172,71262,06027,69125,50468,02011,23110,47240,78640,42182,14089,32096,51571,54220,31113,87161,51308,02724,31208,12002,85087,86180,73123,61342,61485,25074,30315,35265,68080,65077,42141,60132,76653,27327,82021,28336,02617,41145,25589,38267,43200,61159,06162,35130,80265,76143,80565,67217,63170,76085,33415,54473,27564,12136,14593,64457,65392,24541,58269,39364,27390,25579,26322,14162,80828,54296,33391,82121,67122,59091,40204,31308,24100,64376,24106,28070,38076,70274,31066,45282,22031,28257,52137,80188,47080,27342,88229,31080,57727,79074,88480,50088,62080,34125,77083,76178,11117,27043,13049,23106,42067,45312,31444,51504,12238,78163,21428,14045,41087,32379,01016,24409,29275,10259,04195,30259,80073,48038,70144,43139,80526,50360,02326,07163,61156,33440,79116,37019,67033,02513,80235,52193,54017,54429,47130,57457,87091,54456,57056,89263,89386,60129,25482,74006,67256,08237,50276,63189,63307,51177,83056,42066,09060,90059,55428,32346,59477,77483,29104,89338,30167,60645,62460,39182,58090,61443,51190,16206,65059,76413,57247,85054,50362,26295,50095,78520,12144,51130,45031,63470,41296,46050,77032,61069,08074,79258,53199,45116,87021,89284,59598,90035,2B010,52422,49355,84077,08307,40177,30067,13024,89311,27275,60517,06023,10251,10002,38173,68037,32174,15191,38049,72239,15258,64261,11343,58020,50584,33331,58068,15182,21523,29300,28316,85161,49201,03285,01400,70492,38558,38413,21381,55586,31360,31280,82105,33438,74123,67499,27476,10249,51030,89363,51283,68138,17089,76021,50327,86296,25001,88379,47009,78481,76397,54509,31317,47041,39220,09235,30261,14286,77002,51175,42306,14312,27386,55325,02649,86008,89419,52133,27650,40218,83101,18013,58306,83035,55228,40158,69194,01141,56185,54277,63025,51546,36042,29078,68278,39485,70373,85119,35295,70563,67180,69046,60174,30257,79354,52363,78367,12047,44109,30221,89244,78464,42047,24246,45030,69164,21695,92022,71485,27141,41250,82110,08268,10239,62905,01067,74073,39399,80402,64205,24274,74257,27248,23060,54310,73328,51185,08088,25557,86009,88267,70160,08478,40188,84001,44013,36159,50431,10003,62033,39377,88158,41101,40290,77086,48108,11054,12006,17427,51128,78118,63143,57134,60697,50317,62857,16060,64198,62276,57357,38260,66071,22118,38120,24323,74254,50102,40273,59559,60643,22345,14333,66164,09342,84007,29010,61162,39314,67084,18019,59531,21123,2B188,69256,41116,72320,02714,34238,76022,24328,11024,84069,11232,80593,83125,38135,03045,33367,28366,42147,58147,22226,61089,74193,97616,17028,52118,84047,32411,59255,24549,14445,41143,54006,68366,29226,77342,34151,71408,61107,51643,51584,17426,55573,49140,40159,32457,71043,02629,62825,88164,21018,60489,40092,17406,01159,03051,91294,47093,37047,02312,62510,62887,17060,54284,15050,80231,57107,11113,54333,54399,71269,16363,07050,04069,04106,2B244,44037,32453,66092,52231,27124,80086,52066,71279,33080,39504,76106,32343,79268,91099,54369,57391,54400,67253,03293,25390,65257,77307,12262,45229,80758,51321,34072,03158,10250,73315,14365,82178,03182,84081,55269,87085,52487,11188,71336,42016,37207,55292,32103,27005,57214,45125,31341,40027,30114,02017,63069,40225,55571,64456,21531,43195,23216,29031,42338,79167,53121,58274,63140,25614,88471,80825,34239,57144,61203,21352,62017,70448,24359,19097,69244,27401,18202,73076,83123,2B073,52196,10114,73124,27216,77019,78237,52374,89128,58031,81030,70575,47097,59447,21105,21659,85064,65432,89308,52428,12036,33026,30082,31064,28045,55027,27571,81131,51565,60519,31481,80736,28149,16186,02008,71257,50305,41287,37088,10137,62035,87003,61092,62342,34187,68024,40057,89234,74102,89043,70097,26141,14737,76216,89236,76621,57328,21557,76419,07146,42142,62185,62591,85114,08084,01402,50281,89480,89108,56153,25125,60642,57305,15233,02549,69142,80450,72195,59195,54443,11110,61120,22105,38085,39283,28107,90001,49017,42282,89179,67368,16069,26234,02742,60241,11190,25190,45212,50405,11067,65340,26241,09122,71514,80013,91654,39492,02178,70505,25236,59132,47134,73257,77001,68135,71424,97227,71014,63333,72232,57655,86261,55311,07106,24226,2B082,50550,54196,24139,18231,01266,14345,31124,76107,21369,63283,33075,81214,02293,59217,62770,09326,35155,64286,89291,87110,28027,71202,26142,78133,70067,76697,22139,78431,64316,16403,02291,71449,59584,2A032,89151,64378,06064,52092,31179,84098,77219,91027,46268,39439,71102,61297,32302,31102,08350,40200,83144,32038,32066,70243,62439,88388,76079,64162,62228,55329,11214,73317,2B314,25044,76461,78498,17367,77418,50168,58057,38504,03072,92023,74013,68343,55008,97206,27280,24414,90072,05068,90042,47117,43086,25528,45069,42045,39187,65450,44070,77465,34297,89194,08188,92062,60688,03246,88059,46243,39570,88027,55031,02241,12162,62624,50310,17355,69294,24060,66142,71186,67085,59331,63216,80393,87018,25171,65230,38455,71471,59454,35238,30145,84039,21192,58249,57579,69387,38389,61366,68363,30111,79249,50236,15156,2B055,02366,57686,45243,31063,26043,32163,51448,52550,30011,21620,22384,30208,37069,34109,03112,47300,76356,57403,17117,64234,57616,08421,52264,50345,64210,63030,22216,32440,87139,61018,76426,53013,04182,34258,57047,31406,83072,62484,44096,80271,01027,14571,76283,31547,59457,07102,56010,63210,19281,57153,71567,78107,69034,17288,24357,07112,17215,04205,64111,87112,29179,27530,02665,07204,47275,28158,73312,83077,71168,76245,67304,93066,81166,2B122,76677,80388,13087,14083,62416,66209,08422,43137,39175,02278,81311,01397,11239,55251,23186,57431,17398,25093,38359,39298,86113,07253,66100,54247,26320,10148,01093,02690,32207,21045,71076,27366,81289,25019,54238,87068,11373,43092,48020,72250,32196,31334,95633,63175,88032,82149,88486,25602,2B338,52507,63076,64521,35198,61422,56054,46319,60541,01189,2B273,63425,46102,44197,19104,71075,57353,79159,74068,68224,60291,02186,44065,71461,14469,60535,89272,02089,62286,40283,59238,91458,76312,68231,86164,24482,73040,41006,71243,61151,47061,13055,33345,55127,86273,08056,12133,01358,33118,51403,17077,39547,09230,23003,55580,50218,46107,28061,25116,40013,07076,02033,65182,18100,15080,61397,21084,54159,66106,76423,76577,48124,62242,43093,10271,11297,11421,25546,25376,81186,49054,39331,09150,18038,74055,37129,47219,08082,22208,21455,03294,37045,64414,41020,31566,88028,32048,38151,26129,58294,51033,63454,76335,04008,59179,37074,89232,07064,57463,42202,67519,87154,76329,40135,54226,63418,53030,76619,60341,74128,67298,45323,15230,53201,60012,80643,42087,78389,59012,25542,14421,74203,24179,79145,17022,43068,37222,01401,26057,61375,45058,21354,50031,76505,40255,38287,02256,49328,54343,45046,73100,26049,52494,65317,36115,12137,55248,95250,40321,21133,50050,23018,39190,02181,51587,66114,15127,31591,60315,59385,38396,06116,68077,02375,69239,77003,10274,21639,70081,39209,2B172,80637,39142,57625,05085,66102,59452,08239,52230,10125,57163,19265,25580,56063,59166,88007,82038,57242,30303,74103,56089,44178,32106,18057,47185,17438,55389,21154,63122,61064,68333,87134,58159,71299,57146,88209,31269,67150,81245,78120,08135,69389,79263,32033,46045,27546,63328,07196,67203,17266,63041,33068,71092,71110,62714,91184,22194,14726,33498,22199,64112,46016,01208,60520,17465,48050,91589,73013,46186,32116,23170,11342,70119,01235,60456,60635,14214,09117,07294,64477,37128,52106,78261,65315,38546,36176,70230,02595,52187,50433,17477,76111,80197,14590,57689,09015,21611,31430,09093,35257,11338,70288,95351,2A204,38375,68190,65212,41265,27690,51256,47057,17437,34317,18092,28108,22317,15170,28272,70205,32233,21278,25342,74007,81292,80131,39278,12024,92078,53134,51434,52291,80122,42262,01268,62730,72377,78125,61160,09053,64391,30071,01353,54209,63251,21361,25182,42010,72156,78325,11030,70363,17059,62058,30010,49023,14403,36027,76501,80709,72253,24548,80439,01346,51197,29184,51380,21204,63150,17320,11414,76454,58007,26332,77058,09283,74085,33540,79195,89161,50616,39090,80671,56161,97613,31086,17206,2A215,46101,26134,51204,55408,70164,62529,67408,90023,62860,12139,40053,09222,44216,17485,03269,40162,88364,53031,63391,52211,62481,05051,50592,33175,45072,38055,91494,35030,33390,43221,71544,15021,51490,26093,09059,72234,02681,25441,80332,59506,05082,10120,23160,32108,2A103,47033,31119,52219,24580,19126,09131,58211,24494,22193,27164,02030,54574,12193,51528,72049,25545,73318,76306,70176,54455,71442,68040,67240,69082,12188,76159,08404,66116,57513,63162,27616,32234,61427,85104,16067,14620,68301,71401,97357,51351,88458,73011,33285,64331,21357,25437,14131,66005,60170,53203,07318,76506,38360,76662,22350,65167,17287,67143,11010,70078,85056,43059,02333,14118,43259,40033,44208,25138,67476,27529,67252,41013,54116,14369,18111,77013,95422,64119,59614,47273,60342,11121,79094,14103,11057,03001,40284,74314,57267,23250,33494,18063,47081,85248,37124,54219,18280,55523,57155,11243,02243,25565,64351,89370,59401,18158,57269,17115,03164,89218,50382,80790,30096,62124,65341,97302,21449,11346,74221,81148,60289,44153,34318,46293,35204,57282,79034,01207,63152,88219,66002,46126,39436,25460,71518,91538,77004,09181,57151,74018,95438,29005,72105,07008,55065,39094,55053,11147,61202,22097,80315,77477,42201,65467,50507,85287,70527,21554,64066,66169,65410,18086,16210,26336,23168,51010,90076,04237,54134,33287,44206,36143,58145,82096,39479,72202,65207,37176,89365,14589,87143,67013,05080,31149,19236,33439,42336,69229,18277,01236,23093,80084,02137,65084,65416,21108,71062,62514,03047,57216,17280,10213,32432,02064,76295,65245,21625,56208,21217,80701,38112,60687,37189,70092,12190,27118,79229,67126,65185,57482,52367,86176,82172,21500,89023,80239,57746,09003,80449,52525,60383,80004,23177,63121,56051,59590,74146,04201,67044,17379,79165,07139,63209,11419,72084,41208,76353,2B347,52331,39425,78299,24097,02519,06076,36011,36191,76733,57114,25594,88309,88181,34126,01338,08377,09076,77256,71059,34281,19076,10378,54591,52315,2A181,25288,21587,02654,42283,89113,39015,35114,60503,06030,11375,31226,16347,53053,86142,63054,33386,29232,38035,90064,74009,50195,55245,43227,13047,11129,67438,47137,15104,69139,06036,33136,24186,89399,61295,10264,78548,26015,55435,81140,67071,62375,88225,70485,80789,36085,16001,21541,08098,59294,2A090,07033,08489,52015,85155,51106,31450,72175,57207,65141,78242,80485,64474,67485,31471,89115,42099,55493,52223,08097,55339,63187,35098,86032,68055,17354,31439,62530,85240,51477,07039,51568,19213,79121,89210,19125,03137,87067,54587,69299,65131,80329,70128,59437,51267,77471,79278,01443,28231,15058,09035,30268,44071,24190,15205,07111,74315,65228,55140,97418,25061,46036,80824,11143,21389,64356,54132,76485,39168,02292,82103,25338,37163,58062,50569,39446,62799,28388,40296,2B137,14325,64507,80833,83040,77224,43135,63290,17356,40182,50087,80823,67307,76578,54488,57346,76440,59547,60505,76125,59490,80414,62475,71085,21536,54048,17372,21426,68222,17148,01130,41135,27049,51404,05007,59418,01389,03270,44175,56055,01318,61062,10192,29293,01282,46336,03030,74060,02822,55509,65054,50146,80501,95052,46337,40083,56195,46056,03205,55352,25020,31234,64548,11211,60476,25600,12125,32045,18196,17269,17457,59518,40128,46109,68029,51451,72029,11411,14401,46249,21446,15025,47221,16163,42301,80546,10223,39452,54308,28159,52087,61314,80775,45047,09276,02680,33106,13111,92060,67096,14723,87201,28110,50054,19079,55567,68172,82090,77338,45082,27351,50421,56094,88208,03014,22073,46211,27673,11132,36233,25506,80728,55420,19010,74255,71352,35052,21485,25130,40015,57467,68063,64074,21266,70569,51591,25635,80764,58233,02233,67367,21014,60594,54320,57622,45149,89021,45310,25405,51023,52469,43136,62023,88400,51372,29089,03276,60103,46035,40016,42084,42271,61500,79050,11274,74303,70429,10170,54401,76706,02112,76691,32143,16300,41153,29072,15017,38439,10255,2B313,48061,71438,89271,26162,24523,43115,43174,02047,83117,66042,11124,76332,78618,16177,23249,95270,65468,40018,41072,27070,76034,41167,39500,52319,53179,67116,34141,01212,05180,70526,55025,77238,70048,77505,59566,80571,77274,47143,70463,47040,62347,54533,30320,05116,36228,64171,59643,10442,25225,57738,02144,81320,68189,81250,57415,89196,54280,60613,62233,71306,57604,53058,17178,76640,07147,06125,02281,35133,35350,53137,54437,87008,33306,85141,43268,16109,55582,97609,06142,55496,60604,25400,70392,91553,24406,89361,19148,62773,80554,64084,67537,64560,61093,42059,01426,33388,14036,13016,97111,23173,25231,41214,67263,87057,57490,14705,23038,19150,32109,67487,16165,28054,25551,71355,90069,67097,64380,49211,39393,54176,30282,22074,27105,25479,02046,59291,42041,47317,86297,04116,27669,30093,45333,76446,31502,30098,42056,67155,61279,51119,21359,10267,95134,81038,70398,68140,67272,73246,38507,33513,08387,09172,54156,42253,80566,55156,63006,30140,80281,58285,22112,74293,35031,24028,36111,81150,03275,18032,16388,27089,14720,65199,30336,30158,51274,74294,10402,62459,85294,70561,89057,72271,10240,66195,31540,52344,47079,81310,60281,33472,27462,05008,47112,64057,14694,61206,50152,62900,35119,72078,50183,31028,71591,91079,80369,67504,18008,60143,10437,25204,37109,50019,19249,58086,32249,59051,14104,57226,27133,02799,56023,21127,57703,22381,12166,59124,34298,14609,27528,04167,21306,52523,16383,2A363,53084,77112,03217,21600,60338,52082,11095,86037,83152,50231,22391,56109,70571,13081,77024,03019,23046,80588,41014,71348,54054,59350,31272,92044,02128,47052,64475,51359,67481,46183,80530,58015,65142,36231,62355,87063,50539,27008,02166,25200,16176,30313,68150,51012,38523,44120,42166,51237,14015,59626,32086,60256,77295,50328,64409,81160,01107,73289,10243,11354,80500,64015,25435,70086,60165,71097,85216,63188,40106,60593,31198,26284,46213,40151,30322,21326,71171,14068,63449,67215,95298,37272,84078,47201,2B298,79201,71545,02361,23129,09279,52517,78171,86116,02779,59412,53018,70488,30089,08496,21703,60447,54150,79144,14621,30317,42103,16123,64096,27099,11267,04111,80220,01248,82009,60316,65346,61171,57416,51041,39006,85154,42210,66093,22236,21517,80411,59281,57235,17093,68325,26008,02462,34119,33195,52538,34006,49374,78551,81288,57501,25007,27680,17440,33013,01008,25504,83112,09083,03260,46282,54089,52147,67428,21042,27604,70532,11032,81132,27144,10101,31006,24470,55194,80577,72324,2B042,81041,60433,14225,12105,89031,30224,24567,55178,85099,43063,71568,21590,33294,80184,47024,32197,65473,18096,14495,81196,33364,58258,27360,54250,46085,63364,31201,21648,55522,59309,14603,60627,31328,57681,51170,62043,90012,68148,83011,22014,65031,65307,53132,02053,30088,17267,46020,14070,57189,72101,28422,74121,38124,24461,29079,95056,36088,63118,31366,64490,17327,67191,70517,21136,11116,33485,60023,34116,79236,65221,62306,25624,70130,01359,65401,88429,73252,60380,45210,68217,77147,63117,32452,73196,09299,76527,17235,07282,29180,07337,39265,08390,62257,30250,76123,31539,58123,62312,95676,27640,63332,24292,64487,18195,28171,07030,59026,33129,72204,84136,38221,27239,22224,31001,78565,44179,02316,08105,02060,57498,04156,66099,38490,28196,69036,02750,60358,85236,13206,79351,25316,05054,62425,15226,27451,51579,02612,95028,58119,67413,25343,55078,19189,32296,55528,60546,33165,76405,24465,51259,02626,14764,33272,27359,30350,39319,17223,68370,64221,21661,35225,54576,14033,78108,71405,35297,76753,33427,07182,52057,35311,01030,84037,55583,17418,38140,49194,81254,80601,07175,95353,11422,66211,62485,91691,10074,25567,23062,59409,2B033,29224,10282,17362,89414,10399,50407,68294,29222,68075,77532,80050,63360,83084,21578,61196,03259,65174,59413,14251,25274,67280,85088,27424,76366,10156,13075,17173,57352,18155,88493,07281,67452,63156,72360,71456,24481,62438,02226,38111,61102,42064,79316,02537,59198,71118,21478,21012,52269,09312,48019,07179,11253,97223,46168,70383,22211,90043,57081,85078,81240,64041,54198,33470,50370,95523,72244,64113,51148,28408,87077,84110,14497,27266,60537,33381,62720,65363,55387,25021,50610,71500,09040,69069,33137,21256,39076,24498,52475,09067,42215,33138,80047,45240,03231,63229,87097,22023,21373,32442,31534,55517,08439,72355,77210,14625,08354,2A331,86268,27663,55266,14488,25289,65172,12088,31036,77054,23058,16230,55434,28015,29245,28391,68050,61056,82053,38241,82141,81043,76311,43022,02522,51346,07082,53189,88215,12067,27162,77486,34203,34185,73283,07301,55270,39103,11123,38043,54482,27676,10134,39254,50411,15102,80767,88117,33228,21203,11189,72065,29227,14169,54552,31582,30256,65158,17268,39178,85125,25241,64288,40303,53195,27562,61121,11044,57675,55446,62782,35127,51200,26233,94078,24117,97415,55419,71027,73265,18224,17119,55073,71162,14119,80330,30080,66206,53255,35286,15081,80303,76355,66181,31309,15253,50070,2A132,38420,31114,25556,62309,64249,72226,37057,30122,08417,79290,74032,45293,02320,80426,81191,47321,01216,60657,74062,52097,12100,63396,60314,47133,65306,60169,56007,46264,62070,78147,50551,02643,78317,55557,05049,42297,13036,50474,91330,33197,63218,72375,64178,69024,22379,91115,80214,2B159,70133,40220,55180,50266,18058,47292,14016,33538,46307,61416,44171,58005,64528,34181,80531,40125,25222,08216,67340,34329,66104,76680,41128,70253,01422,76470,51320,18229,27044,81028,63390,08175,14399,37040,78043,30353,47293,31454,14753,15181,08432,66015,14482,83103,77141,54084,70521,22145,68157,40073,81011,81315,89397,54432,11440,52313,56050,62686,34244,35310,56074,43240,51284,91461,51176,71369,67283,37104,46197,40308,42308,80295,06045,29292,32468,63377,42273,62704,36067,14050,63325,22110,37253,80333,50619,54015,51118,24393,33214,85285,16003,32240,84049,01013,03074,63294,80189,85029,74224,24564,46024,02446,44007,81133,73215,67303,62436,32243,91661,43191,03003,34137,65325,86157,30297,17305,76694,42218,40143,80572,88308,69167,72346,95436,15248,71283,88151,69111,21337,71474,2B150,79341,54282,14224,64513,24311,63359,88169,04226,10246,32047,22170,14516,08330,32089,46218,41174,24568,21061,37086,2B152,44203,51258,10331,14674,62473,80702,29186,04030,56126,36040,33517,04227,08483,10179,27403,02167,01114,57711,91001,64379,61452,85297,32044,39307,57050,66059,53023,14168,76122,50258,48068,65311,74046,52369,72316,26145,59033,38353,22171,51049,10139,09328,51473,59007,39453,03092,45095,62429,30163,49021,67410,28081,57039,34294,11337,14473,38110,31479,01153,76186,33288,25117,76239,74279,03286,45227,21156,02466,05168,85077,75111,17300,38326,37082,22079,56135,64336,36074,08325,34214,58096,56046,46112,23061,51058,24489,36164,41047,33324,14060,59180,80010,77458,80193,89204,24502,76411,88476,56026,04155,27346,39391,43110,30334,76715,43011,02317,67205,42209,66219,21039,58216,31422,51092,2A324,68061,55133,55193,14391,35049,69205,28057,71350,60067,18191,67194,88452,86111,39344,85174,79241,51100,12066,77509,68337,70324,43239,50034,78442,32036,35026,44025,55072,76629,77492,08333,88424,47091,2B046,86055,64366,14014,56092,43102,88199,63378,37165,39443,62595,88176,22210,30179,85017,28252,30045,09303,12156,70518,77510,19077,17230,67542,36084,86004,13063,39218,86162,52155,32385,63455,89377,55174,34084,30280,72109,74169,35015,37123,68115,55061,16308,86065,72027,26254,48026,54558,33395,19201,2B354,37006,88156,46224,18161,88454,78033,33067,88455,14304,81175,33001,64023,52061,48117,12086,68086,80024,62621,16271,81120,71217,44015,45286,67472,53208,30355,21074,55054,21324,03067,62718,80765,84125,76165,65226,68125,60672,62706,14223,05009,52292,55554,17256,50190,87027,27498,32400,72009,17445,65370,81012,76586,32372,27591,64280,14586,27507,29230,69148,72322,14341,2A142,10395,46163,28048,33088,52091,01104,75117,65013,26357,66207,18028,66053,38487,70275,07078,48100,52484,73313,51151,33247,55341,43095,46176,29155,46223,46277,09038,47165,67192,45049,41147,63171,51512,19109,23131,70171,28132,72067,62502,25261,02318,31128,69253,56170,65089,52341,76542,08418,25544,52107,25142,69286,02427,31561,09179,39083,03089,33130,86161,17285,18002,57257,80508,18268,16148,84114,58117,21609,54300,01264,02071,71520,40292,30182,25344,25410,51358,76563,76009,39233,79014,12118,25500,48083,23020,76290,45089,09086,28030,71143,36186,50186,2A064,80145,07031,26001,38045,72347,60278,60311,91333,53037,40031,27309,44086,08111,54239,17345,50003,79038,51105,51260,55351,57484,70425,78356,21375,70069,31495,33412,65313,07306,37079,33004,83139,82177,58179,54438,23197,63399,44009,68229,88528,86183,33475,39427,91508,28291,86228,56130,91613,91081,39530,90095,16408,14465,88515,19164,33400,94065,80649,38436,73004,58063,56033,19122,56009,62048,89246,10209,39232,35321,72366,26040,02013,30172,89235,08081,80199,24124,54095,32456,46061,73142,19138,54348,89180,27294,57514,23099,69056,04022,40157,50451,69047,04191,26058,76583,62878,31382,52039,57292,46007,35340,36002,77382,52242,55139,53097,97106,57404,91657,43008,07299,07137,33329,89285,70567,92046,27406,38272,02485,50162,38543,87163,63023,45105,90085,23030,24145,68340,62349,57765,17036,82192,57718,35230,72280,42156,41055,90087,78372,58104,33241,41026,21618,51402,39286,34193,59422,29066,69033,97419,25178,47213,26277,80344,14147,80469,08244,29057,87005,31101,89478,54162,65379,27169,27208,76240,60079,54523,67167,64341,83134,45004,59399,60677,62341,45262,21556,68143,63083,67048,47174,59114,86049,17202,63113,52060,76604,01374,33134,11362,52203,16039,91526,28273,46039,25554,69092,39432,53005,13068,97314,59340,25452,02003,08366,76042,54227,61271,65200,42272,80614,43186,09095,68199,33258,34004,15228,57017,31480,39469,50587,10066,53007,40149,60138,71250,19005,24345,54474,43097,04219,74231,50274,62662,67352,64359,67423,31160,57234,39016,11087,44186,87025,64424,12203,12292,74299,02127,43045,70147,69277,32124,39132,88457,10349,31542,57685,08332,41196,82129,89290,12061,02359,57662,69062,11053,01001,25179,61467,70583,87048,33196,08379,10182,33017,12206,23035,65458,23109,31512,30348,64115,89112,42091,31093,23105,30133,30291,52330,55111,62243,63373,27287,62191,14171,21665,39480,39493,15054,89392,2B303,37137,77236,12205,02132,64551,21671,02618,70058,17409,17130,63230,62190,25362,47233,02662,55264,88333,61197,59035,72136,35223,70049,58077,72007,33074,67045,65479,81174,61142,63274,67385,53090,79244,02035,16222,71225,26351,50261,78029,02525,62245,70150,63174,67144,38023,38019,24211,45271,48010,47295,74249,27677,12224,11223,57481,45181,10020,70393,68198,19274,39537,65261,34022,30062,57104,58240,56002,60157,40141,57046,57725,59141,14343,21199,19225,30028,29068,41127,85136,51111,35061,54181,70419,97304,40261,58056,38406,01357,16207,65272,44076,29152,07001,74276,18206,64031,25277,64240,55026,34035,67366,59471,85133,56035,14079,88357,19167,16246,47205,23167,64207,80725,41236,03049,14684,61432,25193,31089,24223,32337,03177,60624,76275,64241,86019,63417,57127,86002,08455,59133,10297,01094,80316,2B002,54253,35353,21476,43241,79198,71253,40098,63451,67198,72011,63246,01007,32305,33528,37205,64480,19140,09004,76588,81203,42255,91017,91463,30260,58207,47181,68348,09145,86036,62657,25564,76441,77240,66026,40052,23228,17382,02802,38456,38080,81304,80161,47096,48104,17047,61348,73010,27078,09220,14368,62601,73094,69020,77322,54321,57659,47039,34312,18088,82153,45094,53190,47220,48065,16253,39323,35336,12042,35066,08184,08029,61423,15261,09240,19239,25025,58029,51538,72313,02271,09116,24379,14739,70356,74272,30076,69088,21298,52178,54472,70507,47158,44099,49333,86088,76389,51125,32288,61028,62754,67238,55150,81256,21083,11305,04127,59120,68062,09049,34158,70175,77293,52022,27646,44003,50138,80771,21706,57061,08102,59024,70355,08134,40314,21362,01206,62282,48176,95612,27478,40026,27369,48080,50456,55405,27514,33442,01188,03122,66044,63138,57030,67184,68149,83037,01307,27552,65337,53185,89288,33101,80583,67109,90062,10175,19022,55204,23214,63344,62495,18132,70293,59517,08230,39249,76139,71282,76566,82094,87144,06017,39396,50175,63270,62366,95012,06163,52028,74184,08132,52227,67417,76012,24109,31490,27394,67021,53067,70141,46005,2B366,21489,08329,72176,50267,09154,24582,66224,28210,52520,95303,30278,39320,53251,61168,88363,17082,63350,70522,91692,63313,59640,59077,59485,42233,21297,02748,02242,51654,51662,62368,03022,63281,63091,10398,62778,32266,28292,03282,17479,67365,27459,24478,81080,57086,87158,02330,84073,35171,63149,14261,72015,07194,28056,80673,81188,10092,09339,07348,51078,73153,86031,14030,09047,59317,51471,62132,57460,08360,91435,10294,05073,36023,62507,46065,21628,54142,60565,56077,54235,76648,69003,34007,15101,62531,18148,23190,68176,51098,15096,30130,50199,91130,02200,77014,41040,67488,13095,73043,33168,50538,80622,50491,60340,25262,02521,72098,25356,57635,68331,19075,39513,04101,56058,71078,80757,39461,88222,60608,42188,64149,63223,53173,73181,64001,10379,76229,51352,62880,26381,2B153,35296,32444,10436,03005,88130,01142,56012,02567,51397,38555,70154,14721,02393,34045,88214,85131,54147,19151,28372,89005,85149,33096,26342,03126,59386,42161,14277,80537,33332,71340,38257,81070,80016,11293,52474,21288,81242,24374,38533,74218,33037,02507,54295,68167,02651,16424,29281,45315,2B291,97606,41066,04145,10285,76077,80706,03221,38414,41062,77270,89237,27582,70461,12172,32145,39041,64404,19078,33476,61096,21414,24026,67434,74147,2B093,34099,40017,54580,45067,72376,89481,58125,80675,88336,32463,34076,42323,88133,64167,61113,87122,41205,52406,14243,21712,62152,27550,61406,38300,46156,26303,81184,62121,74281,38275,08453,61213,88504,61181,24528,54433,95371,14293,80202,51074,57066,43033,55024,66007,88081,14049,93007,70019,39030,41230,05063,14706,08138,12291,19030,80253,30323,77129,80005,80434,19014,80108,88415,23165,51622,24208,57511,71109,89073,83062,12099,79175,92049,91414,16062,14085,12180,74104,72201,40238,32449,76581,25372,64303,14487,70514,11397,21623,02051,91093,68092,21396,73042,38537,74312,13210,17152,08286,03052,17196,50484,32004,41160,62119,55315,15242,61094,73224,62653,27609,73273,71361,84042,56005,17317,40175,72198,89304,62518,45235,49027,86154,62711,89278,52383,01004,37146,29193,52483,2A104,26370,01380,26016,83136,43065,16031,32254,54511,30328,46084,2B340,31413,02585,33200,67382,06068,71050,71295,10057,42054,11003,70331,39011,62835,22158,49209,25079,09107,89116,34130,49131,21011,53233,33289,65136,72186,85145,17021,97301,18041,45303,52014,73306,91363,50093,69115,40100,65019,63258,38033,26143,35237,81082,08136,39151,57721,69236,28127,63228,28089,23088,16304,64503,51273,02387,57719,65299,58254,70311,70279,77155,40305,04218,08488,17462,33461,56083,19021,21366,31363,63080,55281,61488,66118,53213,72012,89177,60526,78126,57539,72070,27061,27068,60390,42018,82138,13017,45208,02001,65147,86024,34276,06104,02162,54529,47211,11174,71422,64200,59384,59216,12131,43005,59552,51529,31029,13070,33456,28018,88522,70168,08473,11271,70074,10304,54557,42003,91273,56127,40226,58158,67301,76517,02342,62856,57306,80749,09204,02232,53064,76030,03253,43219,65276,82027,65264,60685,43237,23243,59470,85002,39163,54564,15029,66217,81125,05132,95042,85101,57529,88244,67138,53085,28219,45002,80097,06006,48037,09088,24140,10126,21689,81045,65258,66020,24334,66017,19025,57394,31533,01215,51254,33488,02482,87160,73297,27594,63275,07321,80229,01363,64326,22087,63013,77506,27245,30141,80494,13209,26095,74311,09335,29004,66221,2B077,08388,40251,76584,74273,75114,15120,51340,07238,10032,88287,27097,29148,24444,12220,62532,76404,71385,63352,19228,61212,31469,05075,59301,17430,37247,28148,2B255,60610,81034,14231,10025,51533,04197,33059,70070,54311,42158,92064,21075,39045,76524,55011,81324,18066,51281,67087,38093,39062,47044,31554,33259,18098,28031,08304,02605,78686,38339,04057,74266,11080,16091,24280,30301,16117,62227,46329,26009,59234,46208,76471,32105,27558,70312,37070,2A019,29181,60432,68274,81273,53120,54498,80627,63420,76644,33554,35326,78128,26255,54309,50139,10161,21505,40113,42334,80427,84134,33142,71064,63028,16297,30332,32141,62288,59408,71063,09006,32434,02148,62724,25513,57724,21548,65357,09295,67230,80497,72279,76735,28351,31451,79252,21585,47038,69094,33450,89468,45225,35322,71307,21504,01112,71487,50118,54572,59551,72300,63095,61244,54064,57504,65331,60322,52094,02257,24217,15144,71386,51386,26267,77366,77259,54375,17466,61082,81314,88437,61187,01427,28114,76510,95500,39386,58137,27666,02360,42277,46161,09321,65140,62738,03280,67168,83047,81009,55189,80065,30031,88496,30351,07195,38184,14509,78076,55169,40102,73039,11398,08347,23151,57330,24500,33506,79347,38322,63395,42186,54264,49330,62301,27125,03068,25330,41017,76612,07324,63225,97201,62723,50247,76758,62383,62442,40115,38550,84115,31518,66192,02767,03125,60678,72148,23150,59062,62333,61328,67018,22332,60125,10069,02025,89362,72113,73015,76737,33411,34148,52448,67509,60148,68276,57471,79085,2B051,51286,68315,71106,2B113,55302,14236,27154,29062,51390,62492,27101,06015,27524,44170,54553,86141,85116,80476,01136,62298,57193,16071,12298,97360,82023,59249,77287,02758,21166,35360,22258,77042,68328,77052,08191,61419,54313,80724,27142,31375,52461,61420,11006,33398,63238,21631,08167,63164,57551,40267,91292,28284,30040,55485,51374,30192,06066,36108,71276,14534,02194,03039,14298,73218,50435,39422,31216,21114,87013,26353,90011,70410,40076,65224,82151,15173,83052,24159,69206,28162,25106,72160,12234,90013,32459,67514,40007,11317,79304,06054,40192,14511,60139,28404,87073,71425,25464,33093,97413,01135,07311,15137,61365,60424,57694,78070,37101,04024,05147,64238,80350,03101,18082,65002,62393,54125,57512,88241,72363,39315,34110,14500,38370,38012,69260,32271,70439,46236,51519,86190,03213,51345,30232,23264,27276,34139,55182,70046,23179,27203,16053,81281,37199,65179,30007,89297,76328,08458,21484,22067,51269,62432,62389,33544,50013,38094,35328,76065,22111,85192,62569,02211,05169,25351,76019,31005,54388,62357,13011,88085,08289,51480,14302,59173,09141,58236,02713,76285,54143,12122,47195,62691,62353,51037,85093,61248,79022,59264,24547,70247,44002,63322,78490,73017,08223,59553,41242,24176,02081,88118,64141,64520,67433,17055,61499,64223,80305,65071,71305,52217,62447,56076,02170,31178,83055,51117,31468,36035,74045,38010,81086,48067,50606,11099,02806,33008,18203,88302,88520,81268,38434,65063,02425,78677,59532,76543,10435,39137,70231,02377,38214,67313,23180,09215,40312,18288,72337,87072,62278,70011,25152,38471,28334,71590,68144,2B261,70256,24499,23112,65413,82155,42284,28077,34179,72106,61241,56251,24512,64532,41073,05112,69112,54325,70534,55088,28010,39376,58286,53098,38346,41194,69105,29225,11230,79185,88252,09297,71051,40179,66082,84018,38040,44058,70304,55285,43187,31020,39379,71221,64029,21433,06144,15168,23066,41288,67355,31527,09282,67325,33401,09269,70207,35021,08451,40195,01296,33308,10015,73272,69013,68202,65146,87198,62561,32084,16055,67056,27306,68052,86089,50364,25111,43238,74108,33406,34027,24172,21067,80356,57433,74008,50194,47056,39462,27013,2A174,87020,88046,13040,80313,55379,57045,51108,2B277,61446,81103,89002,31535,80242,27048,56145,25465,71417,57367,05059,33234,18043,72076,21032,25013,35334,17260,11155,03163,10428,74200,54292,25596,61210,68004,08219,79312,45021,67545,70235,56065,09259,45253,24520,54231,53035,84005,18214,27380,80011,80170,68046,18282,80630,55488,63312,59335,78605,69084,78499,45299,78597,36090,69225,32173,77066,67527,17175,77154,03261,01042,80699,87181,35215,15164,22088,71576,71226,25472,81300,41190,87153,81278,58026,05028,78005,55380,22272,49308,65029,27496,02821,51614,27279,47077,29058,24453,56189,58261,84094,23022,62103,36172,22090,01095,27430,32402,30129,79348,59475,23175,44048,56119,57762,38069,51482,66202,64505,66083,07044,63112,80796,50633,46333,80033,35200,44124,08383,27364,52177,70456,62556,37072,97420,72056,31143,71374,2A099,44184,21522,50574,57430,65143,26375,89436,08015,25368,86105,08470,25033,76361,60035,57254,64358,44104,91086,10197,63412,25616,74040,59458,32113,33202,38170,10288,85209,89004,85215,74001,88061,26045,67289,24136,89323,80451,54234,71084,27471,22222,11287,70446,51044,18093,88270,74205,09263,32335,39199,76168,51464,54087,39458,73026,72312,45215,30154,73077,19244,88255,01011,10080,50228,76050,39355,39362,77434,11315,67502,21119,36189,64044,70201,78314,88342,77443,40222,04228,64154,80117,88447,65234,35314,45331,35268,82051,19285,09273,38340,39007,24505,67072,25185,84034,52021,12194,47053,26178,04032,67482,39177,19063,64537,62611,18101,25633,10417,02068,69182,51173,21370,88320,56190,11201,66231,78335,60513,02426,01342,21399,57563,59022,42027,31262,14254,62729,80401,53047,38404,30025,04081,55157,11094,34319,12176,57026,62083,63398,62391,74244,79183,32013,09055,21229,22144,14520,32415,35193,08457,69058,70053,80061,76203,45278,76140,07346,67369,02235,70479,01083,28050,13098,54403,37119,12247,23044,11285,71488,62107,17403,27572,61118,18144,77415,18108,71310,80726,62578,12115,46081,64187,18181,44097,57165,68214,44066,63182,61463,67258,34232,43030,70071,64133,46003,63397,32052,51636,26244,97122,61258,35064,14427,76347,03167,42112,76017,25090,29266,72087,62891,23183,22296,85113,79319,07178,85189,15165,43100,67225,11319,09052,07274,05110,10293,52370,53187,24086,34218,51375,01033,88095,55561,79046,67070,56075,18180,77289,33199,58064,24442,63084,57600,43064,87137,81047,32257,85011,45270,27421,06146,33203,24156,34133,79117,57028,46011,10375,35256,27205,24268,16350,14747,30352,56113,14535,46152,14656,36149,54393,57408,65320,70547,81177,71116,66086,05052,62001,10035,32216,03251,43078,13048,68317,39205,2A128,28014,02083,02352,59196,70189,63356,76436,38162,26287,80300,12199,49368,24087,18279,56146,16237,23134,79061,34052,82107,64109,11071,74061,89289,46225,35041,39234,02340,59521,26027,2B173,02094,67350,33246,06062,76627,88265,76351,89225,21403,76100,39122,86100,34241,62523,46118,25497,50425,14605,60538,76617,19033,70417,89068,38113,86182,07302,68288,27480,19011,36102,80206,62250,14106,76220,85190,67317,41007,07206,60286,17054,44073,63422,55286,54465,97207,51605,05136,44215,10335,80513,72259,29297,35337,44152,39273,47260,60464,02073,39445,28277,33038,53111,77096,11004,67068,2B201,76490,68141,32238,45196,35128,09126,18051,26257,34313,43121,79243,80358,02560,29276,38361,66188,74083,62509,38073,21321,59251,80760,97617,79238,15125,63443,06122,77098,24318,42256,04245,04055,29037,85023,21148,80198,25335,57003,89211,89306,02536,03249,70263,79106,52258,77007,39002,09120,57090,22387,33245,65223,73307,31494,88428,05064,14021,38552,21279,55229,33227,39248,59067,51355,62683,10245,57123,06057,05086,44188,59491,47184,72149,68385,33083,64302,30258,62906,60363,61352,76324,68178,46169,78385,47030,19153,18127,57351,62733,87179,52358,68069,28124,24254,41100,85276,39210,15219,69193,24260,32191,55430,83135,69107,37145,17083,66038,21284,69059,74176,02263,38172,76465,47003,38082,77043,84147,74269,02784,88021,49160,71366,49215,17441,26330,63254,61037,65351,42154,89355,83032,02346,62168,38070,57194,11207,51277,19270,58116,17231,06092,70302,08275,28140,35176,54322,02084,32393,02453,67348,81099,30184,56136,55497,24196,51441,17304,88253,39297,51231,36022,62479,27137,27482,56261,02481,43105,14614,40144,25524,41059,16167,07026,32399,80459,24015,57644,65399,05184,02006,39507,21421,42096,44154,62020,62859,64037,60641,85246,64330,59647,54586,60030,61442,95566,57508,49260,46053,36125,41119,84022,69173,58235,72348,52414,62815,77082,39052,89319,39405,50196,25306,63403,32464,61240,26359,45132,04128,79331,65047,06110,80067,26005,81208,88361,42321,76348,39149,88354,59500,18029,84006,25124,32289,17340,01073,42163,59123,08497,29002,84108,65175,23118,42046,59465,31391,42187,78516,71470,24330,28137,36211,11314,34286,78285,19154,78320,27300,82123,84150,16192,61387,21076,38057,60014,2A070,11282,29249,08367,47161,22005,85267,24193,54232,65402,71029,32054,62011,76365,78364,02777,54203,81100,02414,02817,80226,02384,21161,08186,46212,62844,24132,17193,22291,49307,02044,66193,31205,07223,60081,54491,72192,69065,57422,74058,22117,02452,57647,36218,27224,27664,71480,81236,65321,18176,60611,56086,07153,70330,76618,56193,14558,58124,49370,27505,57060,21309,61396,01322,19018,32175,34277,68174,16342,61221,25517,05129,49323,21338,71324,33235,72047,27681,02145,88291,65285,84026,76463,62746,77207,34087,81068,42315,15186,88445,58118,64217,62008,31251,81295,49125,89013,86171,17303,35103,82065,56180,24370,37061,64440,51140,28052,27055,73157,74201,82157,21539,63233,47262,41253,57273,08247,07091,80372,71037,47308,30161,12221,61277,57074,23043,76104,27691,42278,89387,27565,32425,64275,81323,14266,89069,56085,53123,41176,58043,56096,03216,72008,88099,42184,54047,2B081,40153,76709,21268,35274,21331,25160,65117,28032,58001,50227,54185,08302,90048,91432,06109,34285,67036,18136,19129,54549,07087,26228,33432,74034,52352,56245,11238,79102,50145,61023,88431,14419,67420,77352,14536,57586,06159,54410,39106,48144,89067,31509,64504,25149,60123,62373,15232,61259,21705,90016,39204,33493,62149,88406,02363,87116,10352,56093,64320,88416,02264,91129,01428,15167,46242,83018,54526,2B037,88518,48168,08003,65104,36007,74298,58152,80683,22028,50428,80171,63074,73030,40059,52365,37032,17314,16065,06014,67546,70582,31098,59586,77463,78162,06112,25058,37027,71175,57255,29102,26113,04162,97308,31365,25072,14001,60078,59300,33163,51549,68360,59043,59662,74089,36028,02757,67182,80259,13077,11350,57614,25187,02072,95271,27117,46270,34206,61450,35270,25516,09094,31305,66191,72297,80298,73089,02472,10149,65301,81322,51543,27340,49112,76725,76547,57409,12146,56175,56160,87036,79230,55278,69135,79303,02639,10316,55274,22029,33100,65061,62254,89238,85127,62802,22217,62772,81190,50359,14227,11160,15250,58035,2A211,01297,89466,03184,51499,62022,21367,23221,74196,31183,57343,07239,25507,61194,60044,2A060,57323,62630,11438,34029,60530,95205,29093,01373,59295,80169,51143,31182,45297,64148,57475,11127,76430,02764,21710,01171,52050,09293,13043,61415,21341,28227,28335,71581,46046,26181,02663,62617,45340,76105,25071,2B187,54458,02504,02324,24183,02619,80589,51018,59377,31402,89059,81246,60242,54085,58153,66025,63445,88319,11200,78255,31227,21385,54260,43101,15255,49353,62740,10203,67115,52535,43107,04121,41292,76362,94069,57139,59308,66152,76459,26298,59060,52311,67146,79202,91338,25257,65244,60190,33215,70258,58291,17163,34128,71024,21638,50256,28182,73217,32007,31055,77095,21079,64425,02135,62901,80766,54214,25469,36060,85143,76631,61153,34159,62267,39579,06021,64416,63108,89427,40230,10359,80732,25004,51154,79170,67427,95309,59267,15157,29019,39322,70096,57615,87202,31197,09332,68296,58290,83092,85301,16356,31176,82112,27501,55137,83147,69085,70512,11180,44123,05182,01258,50401,24168,59182,71028,31579,87192,30035,73099,25188,14384,62135,17157,15008,54349,28279,51276,49244,76278,33174,22206,2A133,23053,46228,38532,62705,82005,45066,11082,80233,77290,10068,91477,13060,71316,30034,56240,41038,24325,31513,76158,19091,09258,11391,60502,30193,52035,67059,26075,55101,61290,27252,32239,09069,40062,88237,82171,14574,78269,63085,62147,73207,54397,59537,2B003,76546,70315,33155,72278,2B121,25102,60048,24514,88473,78188,25264,50149,07285,71087,61388,23215,33095,43035,19069,52549,47316,60171,57695,12030,57326,61054,55525,04231,26078,15018,02706,22260,27547,25548,61350,47257,59319,86134,17005,89120,62167,77237,30207,63081,74216,69086,19214,77344,25474,21322,77132,24551,51009,88312,59387,21007,03222,30239,52346,81297,63003,49361,33032,2B207,41009,54380,31162,37016,24303,83093,47328,24552,43184,59098,62046,39481,27047,71439,85040,07322,21153,76352,12142,88137,95046,79048,48018,51121,30298,17181,80797,77302,71040,25048,97130,32347,67062,44135,65271,77516,59258,80446,35002,27281,65192,50450,34226,50609,31108,50229,60269,16183,65112,46052,10167,77301,91326,80734,86027,16323,84104,29204,21524,59096,06060,64118,64502,38514,30251,14474,48045,42294,02028,81326,41044,07049,70226,68181,70386,67305,32363,80308,59575,14728,80034,59351,11250,11083,2B111,45145,23184,42270,83091,79289,68384,39065,27174,08314,72135,52105,69257,32329,33292,62500,14682,13020,77158,54236,08365,08238,52173,70406,02406,64350,51416,02460,2B147,57188,07105,11090,15153,16318,42173,21090,68263,50580,41075,08429,60523,89428,42011,31333,33531,65286,40103,67016,27059,05111,02834,48115,21684,10296,83046,53029,11142,70384,61222,91662,11056,27400,69014,71410,77060,02622,31151,71013,68177,59554,30155,2A006,61479,47320,01385,12270,86257,61435,55275,28259,27052,56233,01352,09020,82184,37100,76010,10276,07345,08001,65203,77012,17241,68082,60544,60196,54466,61228,94041,35134,76211,60182,14057,74166,72168,34279,40173,51089,09301,21125,77389,2B102,69120,18003,14455,77152,15194,40156,77420,18146,23068,02418,78668,52168,72118,33445,59068,91161,04124,90105,37180,11366,02648,05072,60346,10312,80317,40324,80504,10403,25471,80505,2A258,74226,2B216,76319,46047,51215,46296,07079,55407,78474,80399,31523,62188,04099,14524,27557,01163,67486,01314,80172,85162,68002,57759,72128,76592,65423,38508,51559,51053,21465,54567,62471,76531,54285,78683,58038,02336,97414,35099,73240,60155,95675,82058,50498,07339,41232,21200,28302,70428,34104,54354,76597,72122,89388,25420,21543,2B352,32339,02514,86132,61402,31546,62829,25091,58232,09119,12015,33297,32397,80503,22268,80028,52123,09329,2B222,62548,50324,30205,51161,52470,08321,35006,91228,2B195,69233,71495,13051,58166,30024,38054,31014,61486,65133,32097,44162,03265,66010,71026,67302,63144,29044,59185,17296,01167,13112,25429,28003,73058,53243,24495,02564,77413,29291,76261,54383,69199,86140,77361,10397,64370,08131,32375,68162,02086,21265,54223,76608,80243,72265,62153,82182,62332,74308,30149,62493,07312,45008,08106,33397,78231,16073,15084,12149,88466,59670,22056,65387,44133,16362,01183,40174,72361,60102,02645,55037,2B306,11276,50398,61391,08163,23240,38400,69116,29169,33441,30012,80288,48191,05176,65120,62812,81216,64072,61038,60071,54418,68283,05022,14666,43104,23230,01444,53122,57354,50300,22370,01197,02818,40186,70103,28104,68130,63237,72058,89008,21512,24388,24463,30070,07176,86285,52515,47182,39299,33073,65107,84113,33323,64048,57708,88421,76537,36141,30127,73014,85039,64100,71179,45160,62696,78466,40082,06145,51527,03063,50272,57606,42110,02104,89164,22197,33119,12204,67103,88389,38315,60112,61384,67197,26211,76007,12165,55260,79081,01424,85004,24516,60439,21457,38512,07122,38009,35115,17385,08269,39466,02389,11279,02781,48105,28304,24449,25598,40257,57291,78623,11378,17058,12059,28303,21247,28218,24346,59121,68114,25209,06004,62526,71052,36024,56011,16087,2B339,67086,04216,33276,81060,07093,36165,69292,39155,59008,51245,62659,23037,01391,08047,82019,46302,86195,84002,28314,05113,39490,34257,60528,57172,79062,38065,82011,58189,42138,31223,38289,57049,25017,32115,40029,13099,28326,70403,72048,11302,67418,17449,25466,24522,76558,38544,28359,31131,62542,30175,34324,71255,51004,55146,89085,70394,32344,63331,39117,07100,95387,89383,60465,65144,04217,81154,68060,12170,27500,30006,37273,01009,08234,42124,45309,27606,73222,25448,02653,34270,87058,04028,69052,06161,29067,63194,62866,42113,54010,01339,02454,74173,56226,71389,80738,22362,16303,04203,67028,09290,53209,51302,68180,43051,52234,55214,57316,53071,22273,72181,95452,08199,88182,80445,31376,57286,83005,59538,91556,15074,85232,51465,36117,44077,80611,04137,31258,58107,63172,40298,88220,02589,64311,22339,23189,38480,70113,38567,79300,17075,86235,44062,18167,01068,22322,36162,59441,19059,77412,24090,17420,54366,39092,59663,59322,91544,04202,24024,51459,24282,46288,69083,27116,02428,15038,58072,81225,54305,78034,76268,51406,46136,90084,42121,57509,17359,13086,02029,52335,42052,32150,02659,74143,38454,50181,57096,45086,17450,12080,74235,50296,01310,05140,28251,55574,36026,19279,34142,42033,59472,33460,34153,09185,54117,74101,15187,13033,54496,24563,67110,24426,03241,31072,76752,45174,60700,54556,03264,34320,38548,44128,60570,59438,85182,54261,79251,64452,90086,14648,27365,27071,37267,56032,65049,27441,51187,28040,57654,50564,29259,78437,37008,76114,17031,22368,59019,51339,22149,01284,08087,02021,60662,82089,77161,19084,24021,70102,30115,89229,83007,58126,45266,11031,01077,41274,25325,76071,40124,59252,53115,85255,31206,70519,57161,42172,40313,69145,64179,40219,25045,64436,29114,45197,62049,45220,54584,56088,17424,88443,11399,40183,27672,08170,24509,74015,03273,47118,26356,74280,60602,45199,63109,23229,94073,17150,26355,10206,27333,31084,14026,02509,64069,03099,45330,60087,39180,14397,43172,21624,15064,42293,61510,35154,2A198,89254,73135,30099,32277,54164,55295,69108,08171,54200,89255,12300,22294,08463,76113,28064,10144,17395,30252,72340,38228,73051,71284,15051,10058,81172,78062,25440,18283,47188,14591,31586,11029,62808,58134,69151,45121,27021,76667,14196,07056,33290,52545,69282,38273,95277,57705,71558,12089,54562,11228,56102,34213,73159,77374,78089,59489,59624,22062,71111,52016,81014,38382,88087,85034,65106,86081,32272,74037,62223,04034,62787,26325,01396,47140,02740,29218,76133,62426,03079,76431,22237,19115,62340,80102,52109,54103,86126,46317,03038,21599,79007,82059,63262,27531,06028,38154,77348,62583,59463,25229,03075,22113,21144,24120,68287,70052,01202,44107,88057,80514,27217,80623,40318,70177,76628,73280,65065,88245,78536,42055,77159,04033,21335,80743,67548,65241,18205,38297,82032,21328,54501,23223,19009,32208,76522,47280,71472,71010,02676,07184,25284,10219,69289,71041,02195,02358,54002,85102,31074,14685,27413,10406,39267,88074,71578,50094,53184,28080,28230,03180,63371,89367,77048,11104,09048,41254,71127,67260,87087,81238,42337,08373,81008,62423,02345,03256,16264,72126,95483,01017,27467,62640,21402,21058,49056,30341,22082,71132,04235,31260,65127,02153,32211,28161,60107,62177,89088,70369,28410,35259,67372,38319,30066,40276,50124,26137,60499,49050,53133,82181,17227,64145,88119,64134,42222,65471,63452,59074,14346,57664,80661,67073,64301,59453,22348,02206,24289,61436,85273,80773,26021,50177,64340,18234,26125,63115,71502,59629,42040,52140,72170,77139,52206,84057,14238,02532,55530,84151,66150,80522,25442,31560,32023,76493,01378,60376,72053,59093,30059,06018,88433,44126,63146,52214,55536,14748,32342,03196,11028,38003,89443,58156,25217,33465,22227,24340,39337,47029,78327,79271,27487,45101,34314,70340,88531,36147,60524,59565,47095,28310,29156,57106,11149,72061,10103,50058,76132,57605,02543,62071,14698,51389,86133,28247,54441,22086,91175,86274,54007,73175,80708,30344,64010,45198,58018,33458,37098,65460,41223,60695,46129,84143,59596,90100,03289,53172,14327,72310,89083,81239,24245,61456,21253,39088,18112,07308,65034,86242,32315,59357,2B346,76210,68074,19242,85169,04049,39350,01024,48146,43267,57417,57453,67183,22282,12281,65470,59613,26300,60024,60280,80320,77046,52121,61386,08425,02090,45028,65118,69383,08459,08206,64374,80391,97356,31105,62396,42251,49291,22310,53009,70026,59610,27233,54314,18006,52183,83019,63297,12108,25318,88122,70427,21246,83003,31065,14627,39055,65274,14257,26182,03086,76316,09065,40134,64206,03237,35363,87059,89452,30073,52423,56213,07128,67425,83146,46195,51193,57383,88035,19272,13056,57673,12195,76288,47164,63067,23234,05153,70537,89345,41245,29217,01035,10300,04190,88005,32202,54081,87032,62015,85238,73050,65184,08356,81079,55071,58109,22036,03172,58287,03080,60461,29257,46188,74261,60654,87041,57419,80821,80432,76678,80154,86197,17063,63462,11437,76748,47019,57668,66126,22221,14719,33105,60262,92009,64445,18208,51601,34202,55106,91359,65435,55300,65273,73298,87051,52142,57160,77296,85140,22380,56056,43157,08130,52425,34097,45085,71459,62755,31018,02451,35013,60240,71462,85196,73154,22346,63382,10421,38053,32164,29123,33519,02288,62345,50096,31244,18121,32311,97406,27579,02100,17265,16155,78082,22343,55159,51045,04233,62120,85290,59433,85031,25555,39014,97423,21041,65371,07117,74117,31497,60020,11166,71464,23219,24383,21089,61401,2B025,80104,54573,09241,62322,80222,07257,58279,55346,68088,80533,29141,56231,63249,35275,76395,39078,35046,27538,83064,46192,32366,88370,79343,85153,62572,34054,63444,71030,14311,58099,09210,81255,24493,51560,22026,2B256,88311,25511,63309,61229,50326,46330,63351,76502,25213,60177,16116,54192,72349,69060,64500,68235,54061,91377,27597,82119,84122,24030,57669,64439,80129,24425,28352,39049,34040,73267,58089,46097,09096,31393,89277,10330,83068,01106,72169,27399,80659,19253,25537,69039,70380,72218,29206,38104,68376,91179,57036,71297,48173,89126,54153,63128,50492,31385,33354,80246,35347,07045,41004,59432,55199,56030,76573,07088,28126,03028,66096,76112,12187,71523,18223,27534,21211,56117,42069,84124,42001,10012,67495,01295,14034,88006,35307,65090,45052,03071,16212,80424,60331,55382,39108,55555,68122,61111,11048,08277,33293,81210,21207,70083,46002,57566,47151,09205,59336,64188,55340,53117,78564,31571,71362,51547,61444,64161,90067,36182,21030,16162,91630,27198,45168,04220,65481,58227,71342,89274,60403,68106,56123,57152,41207,84028,33504,59126,38291,26019,32382,08363,31400,64067,82008,52378,10174,03320,48054,59410,27246,47230,84146,31117,80628,10163,57099,69190,59576,73179,19035,67161,15049,33336,76574,76032,76330,39223,51392,84121,62505,46117,80249,59159,11112,59541,60632,25183,08351,47045,80779,21293,01383,34280,57544,24243,62699,86226,91044,80279,27660,86029,14645,46160,58069,66190,30310,48001,51582,35345,59549,38265,58039,64272,27483,64137,73048,52316,68045,88128,49278,39288,02610,45183,81040,48004,03027,61139,57379,86138,82124,21663,80520,60247,10118,62427,31071,12263,25104,33407,89249,11364,30231,86014,02492,86084,65344,45180,57169,88442,72040,21555,23127,55188,71275,34207,91085,80679,76173,11139,61369,11122,17423,51229,07134,50253,62208,44105,33232,30023,31265,50448,71220,76451,28094,11119,66029,70378,58174,51043,03183,10287,48158,30106,02726,08465,68308,65129,88248,57289,08142,28065,06080,80237,69203,15154,53125,09082,01031,57395,03314,52375,62571,88132,42060,55495,59514,12153,50521,60325,67009,16396,59405,42039,52307,09102,61300,69035,30314,73285,57712,51393,54173,34016,46273,04200,43038,10123,47026,45088,71256,67552,88259,80352,55035,83048,10082,11173,59390,79329,32221,08235,40038,45126,17328,10433,52267,25393,50078,22119,76118,2B260,54195,15244,14248,45064,57679,67130,12023,80598,12013,31157,15124,67081,10230,52199,39245,07094,89332,18081,34120,77044,65149,71144,51646,55242,27375,72103,07066,10136,87056,40001,38394,11360,18126,56090,26319,72125,19222,60178,84055,82062,41002,08075,01165,25395,57219,89227,63414,31097,24084,76036,42320,11380,18030,77410,09071,64377,89228,55239,80664,24356,33312,09039,88512,31467,54379,53212,56100,15123,71166,80780,49200,77229,62504,31112,03156,05046,12208,22279,70137,11133,59567,83107,62679,38383,89146,68373,02286,07331,18053,14272,12239,85293,62851,89035,14546,12113,45098,03061,02123,25357,64018,30300,88153,59637,68021,10333,45222,29007,51252,30113,04142,02628,38179,11303,26296,16171,27615,58094,21572,11177,09171,59315,65009,61260,62889,25040,56249,39253,51595,14198,13013,60554,43208,02357,10270,71423,74258,25562,52161,47256,52034,38562,51152,30202,10142,83083,65389,59436,58108,72144,36128,21327,81151,23002,62833,62682,70328,41039,28123,17145,21162,39262,61020,63441,89134,69130,63288,67347,28109,51057,18272,37178,46262,17380,43098,26173,69118,62615,08077,40325,35240,65455,80481,60260,68104,35263,55562,19057,21132,30104,02099,62562,28330,15108,59469,77120,09106,2B246,60648,26055,91122,38479,79267,31532,31281,52019,18225,64418,10104,83022,67371,81209,17321,02707,60702,73023,61014,88330,35305,42328,88434,35111,26079,29142,86011,60411,27464,67359,52376,13031,69012,59620,62789,2B225,31107,09292,31139,01174,59374,01364,62677,08398,22013,83111,02766,52401,38324,29036,07103,76129,25235,16026,77431,45006,77523,55399,33150,11206,40270,66141,70494,78233,81187,76204,50312,59632,33049,03111,89438,19102,74288,88412,65218,11316,52095,48055,54600,76570,41233,58025,85268,77440,22148,02545,31261,69293,82024,64193,25462,62655,63060,51420,48009,77089,83105,77298,36227,89184,76308,65197,31009,14672,57506,02091,2A322,77355,68252,91408,55570,64451,40069,86001,31384,28280,14738,12057,66137,02131,33433,39385,81287,62244,28198,89300,12258,09197,14663,65338,97230,50575,66043,80545,59260,08407,80595,71236,16157,89475,77407,88359,89268,02075,89066,68347,02283,33408,52271,11233,87015,94048,07142,89206,51576,77191,23242,01319,82147,25006,09163,70309,34062,36200,43230,57270,77156,57359,39039,73069,33449,08460,64233,2A259,47242,64143,65375,39139,02761,64258,49171,87164,32002,65290,62175,16353,67046,69050,76303,59271,22150,65405,82035,21408,15118,54217,29132,57168,60106,18198,62474,38358,55033,14657,67218,39451,59137,25219,27363,04140,32199,70268,59341,31500,17348,41107,19231,11268,76052,68355,21640,74168,82194,80400,59285,54110,07284,79040,24062,14679,49058,10400,70358,55545,60434,43197,10033,34189,82048,08316,93031,55142,15087,35164,23158,83118,71252,38159,80378,19261,70007,76087,09166,89441,60495,60303,63245,13003,18068,55049,2B143,02188,06140,28425,70533,54428,68215,13205,50215,62822,64174,90010,22212,30246,61484,63434,10363,77335,70433,17129,24102,33005,59241,62486,61265,89403,26314,10444,39272,14504,62721,57411,72197,15237,21350,39102,87150,32441,82137,08500,89049,80225,31171,37223,80655,57095,28143,12212,47141,66084,83148,2B138,57373,37166,07152,15090,27598,26212,16125,10306,34102,08055,17301,80529,50332,77128,62715,2A114,80744,80312,26183,02500,81016,34088,76265,88479,47301,21195,19280,09266,24073,54459,77424,59171,15175,62748,24009,80669,77023,18050,70224,76254,08424,78404,80754,02621,28037,79280,01329,21258,67093,77425,19196,89413,28202,52495,38494,01241,25136,61010,51014,44117,60008,28374,54408,64082,52165,46245,38213,11249,2B047,45010,02158,60122,63423,04013,60312,09214,60318,26312,04054,71529,64479,14353,86254,86248,31300,85226,11162,43040,33158,63145,45244,62478,57264,10258,86264,80082,78267,21299,62076,25256,23241,33250,33535,52539,54302,01037,02574,15222,17225,11310,28226,02801,80747,41199,19211,43048,38350,27345,31369,03239,33097,62827,29090,25470,62850,58046,42014,26007,21709,15011,77049,39237,82012,88305,71293,19166,80019,76676,60431,88465,17439,60026,64383,80807,08288,68182,51379,67001,71396,33153,32161,08251,65209,01028,54532,60064,32325,10160,41077,80037,57093,72046,57531,88083,07074,32183,64034,72005,11192,44116,59297,16011,38381,60069,55444,36217,95257,60679,73036,82061,11226,35212,44161,39081,47206,02660,88338,52480,57540,25057,62093,27034,83004,22204,62430,59604,48077,30008,41061,70416,06136,40247,59366,35199,36126,32462,38380,11367,76138,41246,64253,57271,14598,64535,29187,17429,02720,27318,33530,88206,59461,71526,07136,77222,91457,03321,89202,24165,46284,02768,65086,05130,51585,50052,54174,28392,52452,42002,08090,43116,89105,81059,55398,71259,14622,02020,65476,61275,90058,47160,30119,15103,90049,66067,08411,37187,17073,17344,32467,04068,14626,55107,21287,39573,2B058,40034,51181,09186,11345,32119,72057,02477,14527,10018,42092,57228,2B005,46279,87200,59080,73098,15105,59307,08133,70236,65398,38387,32364,51610,68126,55326,50376,51557,47286,88230,46055,54177,82191,62156,05026,33447,25249,29051,62106,56164,68377,71199,16020,70555,39336,50556,02792,59293,19058,2B009,52500,70367,25371,52045,01281,29099,21252,51295,76718,39568,52157,80786,33355,62192,64101,91469,33478,67471,79189,76230,45146,46257,08121,60668,38232,51550,63098,67404,69097,53170,56205,89029,15001,79005,02529,62650,54256,03181,34147,16088,08342,57569,54026,60290,76681,55246,65262,81298,60029,15130,52093,59261,63051,23119,79001,70404,59326,57468,95074,02299,02103,51484,29234,45320,59546,68078,25300,16398,51442,64218,73282,60616,55263,55462,74127,46127,95328,60045,58004,89369,52243,25285,54483,74170,74198,51191,74076,51574,18252,10098,31526,38047,22256,59337,40274,88276,04027,33418,63073,52503,85198,35315,91041,02516,60561,58053,25401,87001,43220,77221,56202,14461,62587,21537,80103,43244,22283,64056,46010,29075,62201,10178,17155,33384,39497,17127,68356,29041,43265,37052,09152,21459,89124,49002,71089,62823,59381,77528,82139,54129,16195,21592,31345,57052,62161,71218,63167,15269,47100,27511,08039,65035,57309,42031,76383,08115,77512,51433,72299,30266,76741,09158,48079,74029,38288,80048,03103,04067,27106,10049,12037,02497,09225,57456,15012,25308,51124,67315,63126,49339,76548,63430,40126,07192,69212,62115,50596,25088,79197,52326,65297,61070,25572,55299,43067,10095,77163,65284,08214,72356,34315,38144,09284,25392,44138,72257,88183,24064,37216,65198,26172,71562,25378,85178,07280,60077,94016,82150,28055,52348,57656,43103,35219,48002,62638,29288,16197,28189,08372,61143,76023,76293,31241,88194,33309,72145,66034,27577,69261,19128,73254,32301,27397,54249,08449,63335,54144,69269,08180,55097,25499,52064,16213,62693,51122,22308,42123,12033,05107,13203,74071,58070,58200,32403,27569,46241,57541,56238,14134,33405,57159,11148,73201,02667,35157,73022,02704,27610,08431,64423,33482,32336,27241,19143,03138,21170,35325,36207,66130,2A278,65062,02175,77383,02636,38285,55358,88477,32230,33144,76647,57661,60253,41229,30162,31161,71103,2B307,27171,45185,25147,46215,46074,62252,03062,68076,17286,34091,75103,74190,26242,67177,60650,10081,23042,26232,38332,66040,88190,14334,88149,10146,39330,19036,39066,85144,76270,24232,14408,13074,2B221,50639,83149,84074,59603,28322,11007,21227,45083,41251,08211,67309,23054,88481,37116,78124,08176,71363,51500,63269,2B355,62888,89010,29131,80302,47103,57198,97210,62864,88044,59206,57044,28353,03130,54060,56053,32451,82081,30016,92047,74208,76062,28169,24163,58176,10348,68213,26013,2A266,59178,23262,11205,80793,59394,40184,30285,31061,57441,70022,60629,80525,38091,41063,63161,32085,11167,24471,31144,78624,42247,88318,02152,66033,2B123,89346,64062,03214,21407,35222,76377,59568,01386,60161,76304,08085,80604,26196,77075,03281,42101,11198,17081,75115,57697,64313,10302,57201,80582,33529,47058,41259,02210,22024,54391,52208,34235,50562,21270,76480,81266,57602,57410,76535,47047,32051,89183,14512,63392,18287,01362,74065,76251,81165,2B162,09325,02488,43232,60009,89303,30097,21313,71213,51581,29074,09013,02327,24559,17070,62899,02386,62002,2B007,47131,01072,13102,60508,47154,10210,44187,52301,28414,09016,70098,85086,81071,79120,88524,54534,12060,66117,60351,64314,02495,03077,47290,26138,55215,14329,88140,65189,35174,24519,40096,2B226,78220,43075,63442,67531,38074,80618,65336,81258,91103,88242,17050,79161,51410,45263,88324,73138,62392,13052,2B219,66201,65448,51007,82067,80062,73245,26063,74160,62483,61227,76069,29183,71151,71248,80285,35093,01261,81308,72374,39130,57006,38515,25022,40047,73329,91272,21187,59420,30289,77181,86077,64065,26003,59665,59396,35309,81077,14258,25349,62379,74041,52433,41074,30273,60472,88202,14759,56159,83085,25491,02111,38157,27210,65068,66161,09075,80697,52204,09046,62671,52534,80216,25582,24153,34161,50531,91145,17302,18031,16181,59270,80268,02717,01448,38198,95316,80326,12303,55487,02265,40187,93079,36171,16209,26152,74044,71341,52163,24146,40275,67050,2A048,74035,74105,54358,37192,19283,65097,63260,02736,21312,59168,34344,83042,67468,95144,65243,08397,89131,32140,87011,06107,76744,37155,37212,30271,21636,17069,01305,89205,26382,28260,50413,91479,58228,85012,60562,51444,40209,39271,71119,24313,76172,68103,34051,38524,03128,42307,80741,54137,80474,57314,80146,70060,68183,85211,71430,40074,2A269,37233,10224,35255,16423,67108,56165,33307,16178,25122,14280,80114,22106,05146,55080,38535,50321,62810,57601,15028,54579,76474,91225,80381,53276,47246,53079,07169,88249,02043,34082,40213,24194,14390,07186,76622,63220,14400,69198,77202,69258,64138,51262,19098,65103,38388,43088,36239,06096,31537,14716,15052,25510,60534,76688,53211,80362,72275,03060,70219,56040,21480,63340,60007,54398,38492,25607,77111,57476,52074,25389,16005,16390,79283,77332,86118,60449,66049,88186,64075,19181,28268,76567,62258,79130,14358,08339,76556,89328,51132,62508,11323,27095,67076,23083,95428,80558,84067,38226,47090,90088,63154,32279,76228,89382,35017,22045,39042,69134,38237,69153,54436,36212,11290,57678,49378,67121,65091,30135,50462,09066,82088,65333,95141,84076,26352,35283,33260,52543,70077,47089,08210,08202,97232,28036,24491,12154,2B069,32438,22316,72243,76263,08466,37147,44220,89223,61100,80694,69160,77354,76669,36138,60582,08477,08215,21427,69287,52453,79084,85066,77016,80135,54435,60421,45110,24546,35035,16221,77377,51409,24236,09042,77137,02728,70155,17209,2B210,76656,80144,01193,60216,65099,64525,26052,35181,88427,76716,02004,79281,62747,80733,57687,35205,38540,54140,10177,54324,57097,27065,55514,25541,66182,55168,01111,24188,86128,25254,62544,62713,70089,02076,59641,31521,62099,51293,80006,02517,80307,41008,77356,38001,68093,52001,32465,76378,17190,40229,51136,38186,88365,2B149,11159,62579,19264,07232,67274,51051,67234,35277,21581,18286,41041,23063,65073,86275,59389,77100,78290,71155,36244,71181,54378,41085,26169,97424,64103,76171,30299,79127,14530,72142,77306,42192,62158,38155,67105,13066,74140,47281,53126,87016,60614,05095,47007,85126,62104,24331,65447,01053,44193,73220,62374,33468,30325,17402,33300,63206,64427,07080,92072,49292,88521,54237,80354,19093,77462,27694,57205,08139,38132,24336,62096,85245,61492,27548,39470,62003,17118,35262,60680,27698,59273,40138,95572,35184,55117,35107,12267,67104,30220,27139,77521,01051,02398,37010,25112,56141,31352,59244,26166,55261,28265,70127,25012,34117,95151,33511,39574,27641,73131,56234,62082,60093,97105,09148,16042,03185,78194,16203,41140,42048,91156,73197,79091,76582,43070,67333,88297,57348,74036,32406,65038,80428,29064,54148,62056,72372,88145,31132,2A065,40242,59237,77047,53151,71534,46187,12102,57360,88224,32058,65004,14088,77076,80017,64236,54046,10208,72379,24396,25189,54518,77451,45345,26128,70353,32313,71411,21094,12264,42274,22257,65037,67151,36148,28102,18261,16413,27033,66006,70531,65324,42206,41058,29163,31465,27631,63273,76757,89479,19286,77258,72146,36139,33193,42012,54016,77008,2B251,11184,73106,77367,57048,07197,78030,27213,95563,58203,62327,39342,06119,58271,70348,24096,43145,27019,68127,77281,90045,80719,85033,51088,31166,08370,34216,47129,56191,08182,31090,54286,21464,29061,51341,35014,23246,54111,32395,66022,2B350,03076,62297,71533,88288,54377,56201,02561,62512,71278,41136,21150,59202,27289,38090,23021,28075,65211,59507,95054,59508,68371,19068,36113,65426,2A270,08034,95139,58163,71016,42290,42185,18020,89212,95301,10077,33178,11246,89287,70003,62728,82167,38386,88125,80201,12034,72342,77034,88372,12157,67131,89331,69136,89071,14619,07063,59257,11136,38163,55102,34303,15056,36132,52125,91148,70504,26035,78311,28426,85022,2B059,24115,86234,38018,15243,58010,80635,59015,41103,60459,42102,22152,06111,63116,85264,03145,63387,89033,24029,02289,80123,59666,14322,06124,34166,21387,78224,61077,32162,61487,27226,57636,46032,80292,25024,26378,50200,57488,47191,78531,49155,67451,17258,07240,83054,55581,62028,74030,14150,14006,40268,51299,45113,41022,76253,47252,17153,86018,76271,21363,69181,42199,11014,54240,64321,62081,74259,25181,14630,08249,44113,70064,08110,55371,80550,43034,65381,31489,79088,62386,54091,62184,17180,41206,65384,09136,71105,55474,64389,32292,73001,48137,89012,82083,90082,79294,66185,73183,03274,34144,48130,41046,36076,21374,02429,49064,80139,91137,35159,80205,32139,89200,60550,59427,27199,51590,16369,33446,27682,56209,39058,31472,78368,2B050,80155,13213,59284,04164,80466,50519,12215,71372,23145,65191,2A130,14183,73162,31042,69215,77403,38277,64073,47054,63301,67067,33089,87093,60578,30168,91106,72249,52220,35194,79123,16281,76467,05016,56236,64287,66172,67306,48152,47132,80207,19248,32134,93049,55463,69149,45130,30153,73248,21070,53256,52284,38527,69184,57320,30151,38378,70031,07037,62369,09187,46209,63193,65459,34168,57390,16015,02554,02240,80044,52101,55470,91248,85076,82052,16285,59667,09260,74155,44028,85014,68234,35306,09300,66079,10272,61145,21339,53246,2B344,09089,54005,42077,69163,14281,27617,2B263,86053,58083,27177,32323,44049,71406,23013,16131,97101,31390,77262,69385,29021,36153,71524,40240,81178,31094,90009,94071,63285,31342,25244,27477,54583,53160,28001,59299,05179,35294,62496,57208,51322,02350,93050,73286,60665,67448,02095,15225,60006,86290,89335,73156,51487,23077,49326,07161,77243,16316,62598,80606,12003,12161,38286,56124,88505,21686,57176,58044,59358,57505,33360,46049,60522,56186,01399,80360,54541,50423,55465,30234,77087,24225,47171,60267,81199,22069,51524,51649,81198,52179,89209,52416,66030,66027,38066,70132,16008,39514,02571,70001,55403,56020,32418,28028,60663,52429,59016,58093,51415,25618,72341,03310,77198,37262,62370,89102,77015,51070,15234,01127,57338,36225,56036,86061,68357,39010,18134,02179,21633,10023,55082,43253,32387,51212,85070,61498,51378,40117,40110,81020,40137,09138,87034,70010,58098,97103,54493,64085,48032,51545,12011,11259,52336,10155,97221,12017,38416,50059,76414,80540,53114,33480,21126,23157,17003,79025,47309,88468,22340,95491,31159,02048,79077,70499,59480,73119,01232,28177,68034,30086,58097,46116,04211,37256,76175,53059,33108,01317,24429,76198,51242,02615,62564,23059,08065,40224,49373,65014,77183,84045,63393,51634,10079,68358,76084,02369,18128,35143,50563,57162,28167,29094,07018,71453,63036,63284,59573,40199,17183,83012,42231,39378,39111,70028,76309,57345,59557,04175,42221,2B319,77150,65360,51377,52056,71237,19119,79090,88499,90060,54416,26344,52353,69155,89181,48097,31126,65469,49359,01376,61095,46119,24487,76357,64444,28364,89325,79158,60323,51196,47107,31437,65418,36087,76495,67051,50038,19130,32350,57643,16079,46338,02565,85018,35196,11019,55414,47235,80453,68158,08291,67320,87204,16107,51535,55457,70579,32226,42097,76029,33404,34254,38059,72050,80387,80755,16139,57634,67245,46031,88126,56070,47105,25094,38531,77061,13078,41037,76489,79270,51270,60379,74090,33040,26262,43138,37158,25458,19052,34328,25232,89313,59494,01398,02238,45158,47155,12103,64345,62145,24565,77466,80015,46310,86006,36223,55050,40307,73253,55076,25036,01272,57535,78236,59622,27593,81173,46332,51246,55381,31082,63004,70159,51498,79276,64534,68232,41177,60055,77312,21472,56087,19141,79079,65406,89095,93064,07228,31235,60686,24098,08322,2A117,63458,02391,90020,44134,18281,71057,69087,02478,45107,10364,77449,17366,31193,76434,01447,12294,46004,60142,30156,58251,80241,2B190,91687,31482,66056,16099,28331,02057,2B250,35264,02723,62897,43141,04045,80133,60369,83090,57483,45115,60444,22366,33124,34222,16370,30057,77376,15070,40227,81053,61124,28187,12269,77040,24010,08278,26379,25443,69168,79153,18022,62351,80283,32146,35355,46113,35224,31129,21431,38211,40041,38438,05164,62407,19050,83025,41231,02765,01365,05058,25331,70063,27440,02272,12022,15208,11204,66204,24212,32081,71552,38445,73071,57648,59125,14110,81022,02484,42257,22328,86271,55207,30248,76338,68064,80240,81135,21033,78036,17464,27412,34055,54330,57560,33314,70400,02600,39571,71407,84024,08501,68327,50036,65039,11292,12174,91215,49080,56019,55472,83115,52274,48111,57653,64094,51563,76755,87081,81244,57749,03002,18116,25627,26269,25287,79013,09195,76569,28134,38448,07305,57698,71187,21323,28383,10419,65335,32114,64362,02745,01332,51055,22049,27334,32396,50647,65343,55226,02354,24432,91473,58128,54069,15013,45285,03191,41129,40023,76438,62094,17061,91390,62877,64465,86135,97134,01285,44142,64095,24458,51022,47036,28248,32333,85158,80365,17002,15218,18240,13114,29167,43264,86047,39367,24301,67004,50443,80078,29110,68284,76048,71007,71025,87119,33321,2B167,97307,01233,76162,33509,39449,76533,62321,42036,77294,11175,62826,21477,01194,27035,80342,43073,83039,36107,34145,04079,68016,32352,63104,11266,80769,10168,28122,51107,76630,29263,59560,38431,54299,39349,67173,79129,66227,38244,43206,51502,62546,74091,81235,73164,46017,05151,71382,05087,36112,02468,12055,32075,70277,11308,47015,19168,26047,02523,31492,47147,46060,50336,34237,68336,39397,14557,80410,14713,10283,46088,57393,25253,19017,32262,86225,88331,26054,24244,10135,78077,02486,02139,78264,33330,57576,61263,11013,85146,34240,81051,68279,54255,10109,59036,80563,17242,10440,73121,21143,76281,60681,56084,26085,60353,88240,02341,51238,55085,33537,74283,56223,33050,08487,37024,16325,04159,29053,91412,12065,62767,41097,22377,11060,61394,72085,91519,21383,2B084,38294,41228,91374,46086,38199,77021,80336,34194,34025,71360,74171,08444,32019,41164,63111,59660,45226,62455,72358,39219,31200,24488,61007,29017,02049,25436,54139,76512,68038,58223,08200,70573,15223,25563,02101,15045,53261,66055,51222,52449,77345,16252,85210,17451,33419,39206,47101,58142,71270,62012,11037,95181,80234,64353,82017,57362,39079,22128,65332,19210,88523,30176,30296,48171,77303,2B116,57220,28319,31188,19139,60401,02687,76318,59311,62180,02097,29034,67214,67239,04183,67134,54589,24364,81247,37269,55192,65222,11138,52421,01069,08334,60127,51164,56066,64292,63105,07069,80196,61076,62422,64274,41120,11256,26346,59175,48039,38147,95365,37280,37248,52013,58301,12018,74296,49288,59047,02744,90051,11051,2A253,41168,52438,80211,80105,74153,38345,48036,70008,57166,76063,56243,06013,22207,38087,80149,65225,80324,70187,21685,64260,38325,70480,90103,14378,66001,68344,19262,17390,63022,21651,82117,63042,33464,55518,33220,55298,65170,71245,37243,59619,28039,64342,76297,62187,67123,60592,67541,10105,46227,41179,86079,82163,95348,29298,27481,17353,51228,01058,47010,2B214,50471,54538,64032,88366,30081,28072,50084,10090,32091,39339,38391,36208,69157,38146,55268,11369,59535,50304,71174,21052,09306,60452,83129,41222,50629,33177,68147,42302,36166,81032,39061,09169,21501,22063,80029,2B043,23261,05170,82086,70254,16132,10284,89360,87188,72246,14179,14640,91111,59649,08169,88343,33492,63348,97113,30092,29196,16399,97202,91411,43112,31416,78343,34053,34042,11363,28363,74179,34031,60238,25514,70542,52362,27291,64237,70413,65354,28242,66128,07234,13007,39401,32125,28261,90030,62234,66088,79029,13080,04005,56167,17111,65012,74225,23101,63038,78407,66199,32362,16361,71554,60321,71527,68191,31282,70221,2A094,84009,46191,07157,11069,52175,31373,08196,80682,62350,54025,24027,38240,10070,11300,53040,89404,21050,51597,09057,26115,69071,65070,31487,97120,55208,38039,66046,16283,2B245,64344,17448,48085,78072,39070,26146,40310,24324,18125,08430,63207,34271,59177,33062,17394,12179,17417,81271,17444,78681,71203,27251,62338,44148,16404,28071,53069,10200,88086,07295,64183,15176,33113,21502,70459,80710,35079,95489,81048,56118,93015,08205,13211,43261,44136,39305,24415,45237,11045,77068,60130,86076,24466,33076,83036,11195,49381,02260,31232,53101,51537,62574,31434,37083,48139,13054,05160,28344,18035,08122,19256,32285,11270,45206,81252,61225,59608,87100,35151,49100,34221,03220,62032,06037,90055,60551,57368,85080,69110,64386,32073,60504,80138,23123,18177,48103,74067,29100,62751,10411,2B148,04007,27525,83023,29248,25214,54241,48030,26028,39463,11420,63256,40058,89173,58103,24247,50042,15113,71065,66089,71067,51660,27277,28209,50275,62398,31299,14137,53041,31457,33296,26020,12249,57262,97358,32286,11152,09233,62200,69143,16227,29213,85089,28397,28254,89044,27018,08468,54519,65138,68039,24175,47249,71505,03096,60469,64255,59118,70076,31285,59353,31099,88143,67113,32155,33007,55110,53086,82001,67242,62797,80688,62179,77214,76223,40077,15142,67520,16047,78418,02563,39324,59116,56263,51104,51182,59282,45289,04042,39017,62262,17343,10097,27258,34308,39366,70120,23011,80458,02455,67031,40139,32429,37177,27017,31319,19086,15220,89036,10229,63435,51452,33334,37175,02499,54224,11072,10138,70462,14559,27590,52273,19173,39247,12029,83078,71074,30065,56060,41275,47152,17468,18115,67107,94015,37108,63346,2B107,54427,34234,50552,35299,27042,02411,14449,12021,27046,53234,44146,62311,70095,71036,53042,15268,77072,55568,24392,46295,05159,11088,58155,25192,89461,24230,07258,38303,42017,57008,46340,14024,60386,59324,68134,32231,38029,77193,46219,54056,51243,44172,80553,63372,88008,50239,77030,51291,08384,65024,89446,89130,40043,62203,42116,10328,34282,35288,22008,81224,41142,70469,14375,16057,11296,84015,81126,72044,06046,88172,63024,80438,60075,71222,57179,91293,71164,62077,72089,87053,55041,17478,25176,24040,59428,27247,57764,24161,89423,24113,52359,64098,38034,11158,39520,43072,86175,13201,67453,42242,33514,25283,79103,01244,07276,02809,62669,57732,68025,09130,71158,51172,54329,17080,25186,31210,42038,39086,50537,53082,55084,25481,62171,47124,86073,24462,30101,62016,33505,60428,62881,57502,47005,59139,33190,21346,64155,60693,50463,91021,07307,29125,2A351,25279,91204,37200,19134,30214,71101,50467,35012,04143,17270,82168,63401,74109,46026,21093,03133,14007,27230,70239,80798,44029,17243,43087,02270,67331,27335,36154,94054,72152,35272,31496,95051,29290,42098,35242,12244,23227,15119,52244,42236,42131,80282,61421,07267,2A024,71436,02501,80187,51079,38432,90017,45249,10360,05081,71281,66203,06087,08323,32040,26107,08101,55410,21178,36130,58296,39551,18170,72190,23075,52124,02119,39147,88301,21535,70564,71519,2A001,21384,50495,80770,52275,52113,32455,39460,80038,51325,10151,71001,48150,43037,18259,32358,63268,63457,78608,37266,23208,60052,95088,44119,57581,77227,41109,38335,88012,64559,85105,15004,38238,59539,36020,27433,70540,90093,93051,31051,08313,79008,60243,37132,86022,89141,72235,38133,25326,27112,80164,73052,39154,64484,60150,78168,25434,68368,2A300,41282,68365,58188,50129,52347,27602,41146,31545,51095,01411,86239,55134,28090,86227,76401,70360,71006,60308,01382,89034,41084,60671,30243,65249,46069,78644,28047,51483,63446,27486,76008,56017,16146,16269,28176,64405,83069,02190,77438,09014,66151,33233,43250,51141,23095,45322,11064,77388,76060,14528,17447,24371,70040,32200,70395,77341,14124,02731,19159,38417,03059,42118,12286,09330,89329,56264,06131,61331,51336,77304,25163,47092,27315,70056,72147,42289,77005,25198,44095,30267,84129,67353,66165,62183,51027,15169,64317,04122,89014,70376,21378,64448,69124,39024,51324,77131,45096,93008,88356,73274,55100,57053,24032,21276,47110,78006,41235,51265,88257,59250,35177,10367,80310,54038,85001,63142,36248,18010,24209,77197,81044,27015,76273,49220,21652,57027,62642,90057,72031,37167,50571,50029,05071,38365,21469,01034,10231,68354,11339,41057,27504,69004,27002,68083,08331,80645,64117,40020,89163,24207,82166,11169,15092,52384,59204,76541,08306,57231,05135,59087,63240,33333,52510,22331,44214,80191,24587,62236,33086,60587,52290,54569,01175,32029,15060,2B112,57537,28309,62477,57137,26341,72362,57381,47062,66037,01408,83104,08044,06117,31121,27442,51429,16070,95582,62130,89327,78013,28421,30245,10238,54205,50577,01041,13034,02599,12049,16338,82073,77235,83020,58051,70088,33253,37031,51572,70525,09051,76289,21064,88011,69386,63151,10298,03304,18285,56197,16204,03179,55023,73072,32101,02506,93073,10128,07191,26279,01129,50511,61266,57532,61322,55400,51511,50412,79196,38077,39188,55433,77031,24581,66094,51071,81127,55386,60217,16240,70211,65361,24460,61152,76320,84016,29178,34038,70291,88054,21072,10194,21632,71509,23130,65126,52099,15083,61429,33303,76141,73308,31248,31343,63119,26174,95637,21546,37001,44026,69250,08128,68089,60466,91274,51305,47035,80407,40221,73029,72382,10388,46255,50517,30037,02080,08014,50419,80657,12134,88124,02791,65125,70541,26154,21304,42205,71148,58135,46263,29025,13006,45256,09206,21239,58078,39575,76442,80774,47318,08361,52023,16286,26081,31550,30242,39392,53094,52486,59072,89320,81137,27425,40148,84128,02469,2B170,09331,76571,53103,55535,88017,04091,52511,52127,33299,53156,04174,43132,25172,76197,51602,09268,33019,12062,45298,68131,73109,58275,40039,51137,60440,57405,76473,12250,36169,71145,09316,78164,79246,50523,74139,05045,94001,16095,27431,45326,32055,02039,09024,51329,2B168,47214,53193,54593,53181,38197,11042,64121,26235,11061,51656,01390,23254,35135,25173,14042,50518,54537,47312,12242,66047,78397,91180,45214,61117,80787,03146,82076,26380,43015,56008,19024,23033,22040,08436,81146,71431,17481,59009,59607,24554,01049,80406,77133,07188,87162,57019,76462,50576,31083,15163,67202,74049,71066,72054,54022,65046,55394,80467,08262,33457,47135,32184,17408,61021,21716,02623,33109,39280,80194,59170,56071,48073,47121,95355,61088,24339,65055,01274,39121,61319,06138,25082,38011,70374,89333,31506,14146,25341,77526,51192,33171,33185,68322,35282,33278,54270,81121,58205,66196,25220,80417,80801,81168,76468,33541,63318,65082,16419,60445,58150,08124,06156,22153,83154,50197,57464,88373,10334,76099,93047,59189,03197,74074,45154,14194,24572,28191,38284,15042,70151,55200,21711,02763,24293,64028,63292,28166,70350,57366,63163,19172,50389,25050,65267,57175,95026,32056,82057,14665,21688,25611,89199,61269,01323,66041,94059,16412,70407,21351,80415,80079,64485,39274,55211,58081,02813,16320,87106,73113,14180,39501,62284,64558,59474,68230,35001,85194,39227,74043,82160,27627,19034,15007,31021,56120,06034,70474,49070,57230,77245,80668,14734,68168,67066,57639,59212,09178,25266,50193,24052,62697,62788,60596,76682,31556,38190,68102,08454,26140,08026,15131,36095,52040,11105,11150,46144,51603,76390,26068,77359,81138,17218,35278,64510,45294,76373,80357,88451,59578,48007,85286,17282,59321,68311,67525,46012,82014,09070,02685,33053,45134,33152,67321,40246,55423,31464,69032,84117,36146,70023,62661,37219,08062,08492,26149,38160,72006,83015,15036,21544,43171,62433,51249,26245,25424,21717,78478,38175,62084,47012,53068,32190,80785,24558,16164,43203,38092,47046,2A160,02524,36058,86249,66233,01371,07325,55216,40006,02198,80408,35183,59274,29059,64471,51008,30228,66132,60272,62196,27455,26227,78423,31435,12090,12266,32447,32408,46220,68251,79350,38331,03268,16312,52405,86040,03132,55559,04107,19161,60427,51061,57657,01325,77174,64203,47193,27521,72096,37224,27463,02642,55526,88508,2B230,08027,74262,50142,31474,29256,38099,54058,18172,90090,55449,33553,38106,32374,62458,80351,25336,60634,60249,33525,66168,51301,57117,62709,68010,25508,50365,06078,06150,77417,32217,08433,59021,89092,35122,37202,22244,67186,25175,62902,33015,01157,56001,63305,38453,45217,80219,85181,07077,07151,90077,38283,35357,16122,09143,55104,17407,47099,15201,70188,57246,25476,61389,89341,60086,21516,33291,38098,59013,72115,17213,58130,62454,95592,54499,16012,62406,88367,27434,70054,59634,71285,87203,37261,66123,60144,24540,03102,72220,81122,79156,77144,03098,54120,03305,69285,65394,49367,55201,38292,49135,57465,07118,21128,21137,69246,50198,17174,35025,64399,81284,22095,21514,55452,30189,69183,19179,11020,64027,62204,25612,21272,02385,07002,78140,50151,59018,62498,04189,39557,54362,07051,74306,54485,07314,25201,48190,42312,29243,16415,51158,73230,88243,63232,24133,24273,52038,14370,23258,28051,04194,76212,02555,45234,52457,88223,55096,82072,25210,52051,72238,2B224,59140,14531,10026,24285,44031,88459,61029,24076,44196,65445,74242,33104,58221,38022,25561,45272,87147,18005,26337,29097,02267,34048,95197,02236,60203,47208,28300,50026,02798,35070,36137,44137,30077,77085,77088,65383,10162,25164,73020,43043,55482,07293,66125,02262,51514,04095,24126,33263,21243,01196,59499,60334,27180,68207,32042,03174,77318,71003,54187,66050,25359,53175,02177,57752,33436,27460,72075,62018,21134,25030,71039,68066,63234,30123,13101,05047,71351,07036,62220,21562,34012,34019,67324,76117,44211,50144,90004,62087,79118,17310,27576,65452,74302,14367,31289,23141,76190,76194,53154,11100,56122,86160,45178,77265,61026,85220,33507,02579,76620,60441,12184,54318,22030,09064,77080,83002,62413,2A232,36106,57072,52360,37246,22146,85111,21634,64126,77402,11294,24051,16018,76699,91593,2A056,43147,68121,33389,80805,64472,10094,71228,51470,02423,26136,89314,67475,35234,41163,82136,44165,10131,85071,21316,36047,24004,71060,41191,67147,87127,28401,07211,87089,72158,27256,84144,36203,02313,47198,74232,28395,70487,31271,67377,54040,29022,72286,77252,70192,60111,31038,19029,14448,81197,86222,32312,31392,23239,18248,22248,77390,50554,23051,82125,88015,42286,03219,62882,83065,73057,38108,91131,21177,19246,59661,26246,02490,10106,36079,56129,33151,24295,42107,08259,34015,58067,03085,32129,2B364,34247,21424,32228,73320,21160,54001,24434,48034,01036,59359,53140,22183,48027,19188,59302,25570,62490,25166,04244,36124,11227,58074,09313,10405,69017,61439,41156,56242,47048,85185,57199,15238,76638,80607,34034,08502,40330,01457,88376,63055,17244,12191,82195,24468,78647,28175,17192,32035,39184,80383,54413,64110,01145,62762,02379,17185,19121,37254,34079,2A040,38150,55067,39207,13103,52043,01263,09018,17078,50167,09110,72062,51056,76094,26317,47194,59330,56181,01415,62371,89283,58076,39502,47223,02173,58238,60319,55267,2B243,87083,34311,14078,51436,21583,84090,72112,64547,17364,76712,59079,78575,38444,2B267,67176,81290,02234,77249,62381,47264,54461,35109,74096,02759,08045,60252,73294,24137,36177,17470,74145,27349,03169,2B299,59354,34090,95628,04031,47227,55256,60458,56069,86074,40206,38509,53253,06083,58215,57284,21549,81144,26290,69021,26089,51294,89150,40085,91135,38366,80083,82028,47063,17276,16160,33221,02531,25086,31470,57177,38217,60507,46080,64201,29208,34249,08236,11436,31514,45224,89426,79310,60236,01441,10143,24577,89310,90083,06074,51370,66021,50478,14380,46114,16232,85250,62737,39400,19066,61371,41273,29260,59601,71231,21597,21069,32250,2B297,27187,81248,62402,67290,27518,21679,24213,71373,07081,76076,40118,87069,29262,77050,77300,39361,70165,27383,59210,10166,53192,23232,64153,93057,73168,39053,31290,57572,70552,48156,57546,74223,50594,37066,24043,11257,05012,67466,89221,19003,16306,21124,65044,45051,54082,57723,37103,2B095,80057,46037,62334,35040,57630,72281,01092,19234,01306,06007,06091,09184,39138,29113,02118,97231,89318,27350,25162,64390,29236,81230,69196,33366,68042,63419,37078,01368,16104,10368,14290,02038,26179,43079,21095,70085,54039,70339,72330,40228,71387,25404,30276,01247,17336,60116,62848,53036,57119,32293,09118,64385,41067,36198,73227,07185,26017,77518,10184,04088,60454,36049,11146,11009,24555,39112,13088,50347,31002,88474,10301,55344,85083,89063,26006,45209,71504,08310,39426,39051,91022,38259,58182,11134,62596,81145,63176,42239,14193,90036,50473,07190,46230,57737,80380,21704,27700,34263,25495,69209,88173,39398,62256,59017,45156,29015,02413,2B074,56021,91393,86269,67257,88399,81179,50522,24094,49306,50210,77103,64417,21645,78050,62280,25449,04059,65347,69249,78265,61138,21275,14439,08357,94074,16151,03236,38539,64438,52169,49347,51630,47306,76754,38263,2B013,23245,88386,70018,22141,33424,01170,12091,25087,27200,62793,47011,21619,94043,62313,82069,29082,89170,19276,02054,31060,43140,35086,57372,70359,10147,42160,42181,21610,52085,73114,02464,66048,64156,50541,54032,55122,10263,42120,80521,39535,60536,62871,01023,62643,19251,54080,52289,52069,25281,72102,33372,29032,31436,04120,31488,01124,03150,36229,25299,45264,55120,11394,86092,2B183,52440,33542,40167,12140,73176,19206,60046,69165,36062,64508,88260,16120,76070,01249,38363,68012,32424,01335,53152,51589,71553,33328,81019,89020,49283,66098,21009,83122,28368,16068,79135,51150,60521,71321,80570,51318,44145,62092,30211,17100,81264,19178,42035,92036,2B034,28403,43003,77529,68280,11357,41286,60703,55503,57341,27077,49188,08143,91399,84093,01280,64195,07268,42165,17004,50493,87187,89009,79124,80208,52237,35291,14197,39389,73087,59572,40315,76317,53089,31356,2B361,26261,21259,07335,21234,60145,02441,46170,80195,30324,07059,59150,21575,68330,13023,28380,31019,16049,2A144,93027,76658,63148,2A108,02608,24269,65114,32303,50076,62399,81101,37107,64431,57174,43214,17172,01012,14437,71332,14218,10318,53093,71345,83138,51199,32087,63282,02727,52456,31213,77437,64271,14005,45127,54149,55366,60176,18044,62151,76327,08020,70167,31577,50512,95323,69008,18033,10065,80646,27249,18049,21386,66111,24360,17032,27516,62838,27420,61081,29255,78506,64014,60473,25015,60207,27426,51059,27396,03008,89186,71421,76396,45300,19255,70057,27392,27469,01195,86069,59215,58047,17194,12107,01425,34065,63410,78202,87142,54365,38485,39060,51600,37193,39550,78557,69113,58302,76511,87168,18107,77078,70559,46235,36209,71120,42015,62904,84062,2B321,29049,2A014,89393,52102,15129,12043,07129,86150,77250,62573,52130,27589,71061,18284,19247,07024,51230,53271,22285,21698,50335,71142,40326,02734,51625,51496,68320,15033,15076,59303,77253,58173,24276,60585,16381,33348,21186,83088,03284,62419,12071,34150,07171,40019,62221,21371,01076,54402,01231,89089,18069,54481,57440,31431,35104,51515,27193,46013,11102,59379,27163,03143,95680,63196,28007,09159,33502,14394,84135,87199,61267,62331,59595,42249,77469,52228,57101,32070,73122,09134,58253,31368,27028,61360,72093,62325,39105,16105,08013,83086,2A022,57525,74019,87082,28183,89042,61217,70314,15057,28185,47258,02079,81321,64499,54571,34060,62451,57136,55244,86213,48153,80523,43006,01320,21542,17041,59426,08486,01108,26056,88148,79128,76385,61472,78245,29042,87131,58092,67445,63050,56188,68242,34220,31111,62063,28389,83075,41276,38561,62820,02794,49161,67112,16341,89469,53062,21696,09090,77357,51430,47113,34296,21197,65283,85280,14009,46108,87028,11325,56225,39255,33416,54031,70036,26097,32203,04171,02399,24234,2B227,10387,67077,08144,56157,11194,25411,27267,22182,76380,57612,42280,77427,63406,77321,39290,36219,81228,21099,07173,05004,50626,49362,59657,23203,78117,67287,45040,59113,59606,80435,08099,67412,80812,18269,02569,37060,76176,50208,70317,77093,33510,47189,06041,38343,12009,63010,86087,31338,09080,08346,90007,52076,45170,38308,31364,68194,24144,05061,61390,58217,26065,64519,11263,31127,87062,45166,18165,70204,17229,62217,81306,76472,14635,72041,83059,33318,60583,39543,46133,89458,10262,15061,02788,51174,76375,29168,91045,46320,74295,44094,73006,32437,72017,06082,73054,78576,33378,50509,57428,49336,85288,62867,66156,55575,93046,73025,26100,70294,45135,26188,16241,65128,21340,01421,80433,73007,58045,64294,30212,25355,60423,08218,68374,46058,04150,76486,72177,67154,50643,63049,26164,21147,61459,2B218,13064,2B106,22042,63082,15072,63450,54363,64099,06012,11196,11434,74021,57324,40090,38521,24022,17228,56018,11186,60219,77472,58009,10380,43060,11202,66019,21510,71402,71541,79089,39441,13027,55045,60151,39261,45076,21308,66147,25631,22166,60348,86090,65092,62694,07141,66016,27147,52459,81061,02634,21594,70244,88045,52189,88001,31125,02570,49267,59505,82045,35033,11341,13021,89324,60287,62494,95604,49338,62218,42020,21456,15247,51443,32460,34227,71073,71244,89125,31337,64251,08156,85292,72267,84064,08158,29023,52167,57597,49329,82193,02719,33251,62768,79355,88227,37111,79284,25487,62174,16035,14374,35172,39040,33127,07248,10338,21082,28305,08160,48071,08282,04092,33149,27587,27284,40212,66222,12150,08324,85295,22075,71185,42318,34089,25029,68085,58243,13045,44139,72171,30043,61316,54312,27570,43084,03081,50156,89406,66012,95660,2A026,76726,59106,49246,24119,92032,90104,42195,60054,58162,32267,84061,23015,60296,52455,27181,57331,72329,61447,22364,2A021,87178,71507,2B337,62178,76679,28026,59425,32167,70402,07052,12240,71543,10218,52321,77489,06094,21463,70044,50049,15240,49041,27098,62843,05017,31172,18276,47226,28153,45218,59585,50599,25180,32205,46021,43217,21419,13028,43149,41130,59338,34074,51369,64016,63466,11002,58191,62538,68248,29013,14426,38401,14468,14364,03190,17432,62213,52432,12019,57588,60646,51060,26082,77292,77313,02213,91578,76208,71104,38206,49029,71404,22240,71517,37184,29047,24532,01435,41121,50110,63362,59209,62875,80223,54154,90074,21035,97121,63310,58129,36246,10308,39239,76011,93062,66216,23133,87129,09234,85179,27630,36127,62315,09244,25127,27016,27488,62143,80258,73324,58194,42085,27325,52115,10024,50025,02032,55232,59372,39489,60248,23143,19157,33132,94033,53051,63147,13061,33170,53224,60408,77255,72248,01080,80165,51493,03042,54460,39008,25453,02602,39455,09262,2B016,74297,77327,48127,15172,39430,49060,95656,86211,67080,70520,23182,27343,88205,19174,36094,95280,67008,51388,23032,62786,70576,59275,72131,24513,40116,50368,40264,63432,19170,55265,23140,43010,51179,16168,10401,59599,16048,62618,55377,11106,74213,23017,52197,37211,74156,94028,27338,58048,74131,24162,24486,22255,60589,21675,11170,80121,26251,81274,59278,27242,64060,53267,77395,72319,59128,89084,27684,12116,24067,31295,68094,54136,45281,57329,41173,80137,61392,77109,15138,22156,38089,72381,29117,85003,22287,11043,62555,30329,01308,21077,02245,63271,19065,11229,33269,26156,27218,59104,97352,02217,51326,26285,97422,21440,62457,33394,02069,48175,61256,38270,02110,40248,18183,25483,57479,55436,40201,14069,01113,23081,39025,54339,06101,54364,11240,31180,58180,83044,71079,61294,16153,67386,34321,26215,08309,57589,62736,50074,71224,52390,24472,10268,49310,34008,63293,26062,36174,72225,57191,66074,54494,45164,31145,73259,97605,62885,26127,51398,29140,65400,52172,11165,77142,70062,40279,80584,62044,88295,79210,50184,72157,02557,14687,76257,65431,65190,39134,80603,55225,35152,17186,80306,11068,10141,77268,02440,50082,35089,03053,23149,71117,57126,21230,68382,80576,24148,25467,34268,88094,32330,38254,06071,95493,39468,70122,33131,17102,64307,62645,87182,56106,72326,43170,87130,38425,39538,31367,71287,60180,33523,63385,29133,15203,27493,34335,93053,24069,21681,90101,30283,69126,77276,61068,17116,80804,67478,62319,39153,12175,73241,51017,17009,67032,45025,24057,76179,29220,54098,65412,23176,64160,30233,03209,57578,38460,89094,33207,73090,30170,05134,02056,43169,44046,64546,79147,39119,01090,69099,62328,08168,21111,67286,62834,02353,54029,40050,14760,33056,07304,80713,19177,49036,37198,61150,14735,32232,55335,57218,36071,46034,63311,71238,64123,54230,24006,53099,91114,63326,2B045,04132,63400,72088,02402,37055,67409,34208,89165,30055,63186,77409,40235,27130,87050,01078,87145,09062,38446,32357,23067,15063,60575,60119,59228,34134,11261,79308,37197,10438,88129,43041,71090,78337,02533,21056,57753,22373,09319,63353,39203,60336,11281,37213,37168,50008,62144,54440,30302,74100,60310,31136,64400,25552,19243,51632,91634,16359,52194,46098,2A035,39146,57178,64107,60581,35252,57446,02815,02712,86038,32144,87045,33420,34192,88051,62842,37171,34196,66036,15256,88517,54525,76343,74305,72137,64434,18077,21222,53164,42143,88488,38349,63135,24210,16337,61482,11389,25320,46233,2A158,61502,48086,42115,65376,47068,88497,11402,62553,30178,33210,62281,10342,80076,56172,02063,32133,71441,25536,76350,63159,67228,50182,10176,29173,60511,72339,89208,32031,37113,31326,12210,02735,48053,64524,02754,11015,57442,31477,19116,62326,58082,17112,16352,06065,63079,53077,08375,34284,89245,25092,76750,50479,28154,48063,35208,25096,65025,41215,39293,72161,59290,49358,66171,62277,80639,71484,64019,94075,57627,79274,51353,04207,35284,39266,03235,70014,59088,67467,18166,59050,65396,72174,87109,51206,29077,30327,63339,81169,83038,15067,41149,31371,58289,55288,54517,73083,60374,32241,46132,71208,58311,45157,57071,17029,25427,63092,25374,37087,05011,33486,16025,14174,57227,77110,95014,10037,26032,01257,10173,60480,62445,26031,09318,21612,43183,19186,89256,89224,07349,55572,62100,24316,47027,28059,56162,16141,85291,35338,62752,60099,19043,38177,55479,34011,19039,64373,14476,77138,58210,17154,02448,70408,53144,24349,03319,29289,29207,32131,58257,65466,72028,50447,37160,59005,49343,07298,19101,83151,42119,58293,60234,37228,16190,80460,33428,26148,04001,91080,2B020,59028,19082,24261,21254,88266,38459,95690,69121,54045,67540,90053,60609,21447,47126,27407,52403,64458,27062,67310,65045,88419,33295,18103,19108,14366,38525,73018,76088,17011,47186,05062,72343,02407,34327,46318,24167,80477,62528,67075,72331,72107,76075,95254,05108,65430,73074,57278,22003,61503,58139,40301,59440,23191,57317,67189,32127,65078,72228,60098,84071,51084,25062,86196,33527,47168,52222,03250,68254,21491,88516,40317,11321,62320,88022,21212,88293,80528,51160,85081,80735,62652,97133,28144,29070,57156,89190,85020,57603,10344,86046,71035,39576,21146,76746,27081,52090,62273,49022,10169,50033,22266,29158,22369,26160,61039,21538,05092,63008,54478,67082,39157,81207,24413,73299,44129,77496,32149,18257,33382,63291,47125,40223,76613,09243,74124,21520,09139,38429,78307,22251,42106,22178,88052,88491,56194,78586,23253,74194,10158,86191,78185,50482,59407,65237,63191,45329,42228,03078,60294,45284,88091,28237,60638,47069,16260,77177,50525,14658,26155,43233,90096,59651,54202,02143,2A249,57370,51599,67210,57374,85303,77118,56257,34041,63035,70072,27436,42150,76101,59382,54138,68118,62726,10429,54568,77264,31008,14282,03020,25502,52055,16106,65397,07085,52388,19171,43002,25196,2B155,60047,84133,61214,80088,77524,87012,76478,18236,44090,26250,55552,48151,08086,87189,61066,60115,08233,02274,62893,15122,39428,80740,10236,07028,14379,86173,07072,88020,33216,57092,42276,46339,95462,21591,65374,76591,43154,89133,11111,14758,2B280,49298,35145,60512,24054,25454,57439,63047,51609,42094,61036,68184,89197,11203,91240,51103,62613,59529,19106,03187,90063,03308,73152,02061,54105,50488,65176,15236,58268,68099,88344,08151,23008,71023,53238,2B241,36161,14681,68253,27391,80340,54221,63338,37250,23193,41185,21269,51066,02747,68273,36185,74066,39073,64289,62452,02087,01337,61053,66179,71582,32405,03087,54601,25428,40291,80377,58278,02596,57767,78263,30143,65391,02335,74142,14664,77180,53161,17360,71580,60114,68171,40170,87066,30307,25119,86041,04094,52393,41031,01103,57283,78281,44122,52514,08172,42322,12222,57236,16166,12301,34080,74111,04241,55066,22225,70460,33222,38298,59479,24279,89055,14226,50207,41178,88484,15027,16379,64387,54412,76370,38337,01267,85045,67149,74141,01043,28213,38426,89154,71124,35170,30308,47075,52134,16416,62308,02328,73187,30108,55560,27310,89167,76756,57245,63089,26278,11258,02187,19278,25077,60110,64239,17219,89248,02752,37058,29126,15162,52446,43134,52512,30121,76119,29240,71240,17295,40078,85213,31588,68295,65150,62089,11433,07328,67415,22185,12305,43257,80245,60092,21021,34337,71549,71130,38553,70502,97416,11409,84033,80507,67442,89445,58146,78334,89302,06049,38342,70035,95476,90094,21175,02146,26372,03178,28223,25310,81164,78297,23220,12160,02284,65253,81075,43109,21490,45122,03188,46001,77094,02287,69208,31321,77187,95102,03006,66109,87118,06056,57140,68043,77428,01187,42117,21281,38183,68072,45120,57002,79150,17104,95078,60100,43228,31073,45223,91421,65168,86272,13044,76097,60225,65352,45119,95176,17072,29085,01279,59558,08255,71499,49183,53045,27063,34156,21240,36136,67265,77127,41093,33036,25177,62515,16373,51162,62404,80280,07083,12145,62610,65380,30132,11081,51135,12171,57690,32027,73303,14667,11103,44020,10031,79342,73304,71522,35136,65425,35290,52135,35217,91186,64335,71515,19198,34292,58183,65079,59006,35162,22072,57296,40063,55404,25634,43225,12101,04017,2B318,07265,60683,31478,39325,18024,87038,55034,2A031,32185,95058,76221,17349,05050,38399,54128,31331,86072,23237,55002,65194,17064,32083,73255,80814,76213,54151,54167,31288,27323,59466,83009,33319,88502,35139,39381,28281,47018,57258,79273,69240,18117,74307,32423,31043,24138,52465,77370,31219,67437,60392,78465,80085,68187,67421,89220,03110,81259,82003,22249,95116,25559,71161,27067,38295,08281,18073,64300,61097,55481,57313,90102,60194,77041,77476,44035,45277,88300,18255,90061,76233,51555,58136,01219,19258,71579,87099,10211,76287,52513,55577,88157,52249,41122,06123,80384,31048,91573,14651,2A141,25591,33043,58138,15192,14245,57122,65451,65259,47269,47163,97310,60089,06048,74106,70442,60625,30338,16075,24327,60297,33352,27595,04040,29160,07123,33522,57660,24320,25103,61379,80251,43124,01121,78096,44041,54316,55322,82095,57315,37089,34010,12182,34190,18262,29139,11432,18017,05070,27649,17311,11235,55556,47119,69200,60215,71139,59153,19012,28350,57035,65010,67120,21261,21564,59638,17486,67159,57041,88175,70172,24070,57196,63227,32435,02052,18201,80475,65421,59224,80495,52027,69061,76147,15112,60186,08049,11065,37173,97104,84052,80359,17414,16112,80325,74183,67179,25418,94042,14540,84059,65048,97417,52397,42029,62302,10034,23138,80555,09025,21189,82189,26338,34028,69161,62501,72189,2B052,14756,11107,57684,34033,57674,45131,51266,61252,02085,08434,39360,32345,87092,44202,56034,77196,38499,71198,11026,18258,41258,54542,76689,62516,01064,76232,38501,89411,71274,80742,32206,29115,50384,08083,65309,28118,18142,21294,25313,28141,89282,55372,2A186,81074,65281,10320,54166,23087,07150,43099,33316,69202,97117,59183,67195,74148,43189,45038,43126,35075,80218,54020,46272,25248,66155,76420,69090,33396,77223,57380,40140,63388,45124,89422,77018,30216,65478,21198,62317,80490,84051,03036,28078,07262,74301,25305,54522,09007,71009,52528,21608,58087,44163,65304,32270,36156,70455,06020,61349,28321,01045,24335,46334,40271,53087,89024,23104,62034,34307,24543,57382,63130,55141,28400,34230,37143,63021,17415,43254,37118,53108,17323,51279,09054,71261,53242,59199,60630,37188,72151,42234,89058,2A131,06137,09073,81299,04136,83058,41150,21569,2A284,95388,66133,88189,57398,31155,57265,59562,57536,22186,60482,70372,55328,67327,57554,73059,78439,21450,64315,76364,56103,59462,93072,28239,67551,77459,21081,27201,51223,87104,46093,39191,16223,28128,60273,31196,60404,17207,35138,45242,33552,61303,03093,38044,52380,29174,27554,89086,61264,62052,65433,87169,28009,88127,24401,85008,77090,39169,63045,49099,24008,07189,50278,78009,25243,02604,57138,85289,37186,22048,02553,25053,70136,02587,95611,55058,02812,89019,21429,51129,25360,70100,50315,97610,80092,54065,54075,67358,54108,64363,86078,51479,41131,26122,11247,85302,64059,64243,51016,46076,17374,63439,77167,79293,92012,2B304,87205,29008,59516,65213,69040,72266,31187,89364,11306,63062,76534,21364,25031,60487,33164,24526,03108,35029,62592,58148,60060,51457,97607,34245,34111,28323,57618,79239,60184,57244,02424,10093,34183,78278,18249,02193,29285,16425,32273,39173,60298,55349,02832,65021,33454,33224,46146,28407,40120,92063,24048,31212,38252,28225,55307,31483,02362,50241,62580,31306,27337,19288,02027,80304,59214,71443,64173,60229,64266,24437,03025,17283,25269,57064,71100,10233,74159,50046,02184,86003,65265,76728,16090,04070,80256,2A282,85191,40129,91159,80422,45335,07145,72353,51472,87206,62780,47120,67181,50417,51620,88002,01294,23079,33304,89056,05019,76540,79012,19135,21301,88271,45065,33029,06029,22057,41198,62212,06072,07272,85142,35266,68334,24353,57237,29175,33024,82092,02216,16217,30275,61382,47232,56149,38161,02465,65349,02215,79069,03118,71333,04096,35300,62440,03232,02088,33147,30295,90065,50021,97362,91581,64518,17201,95527,04180,41114,16108,70082,61209,18154,52473,35191,62464,51337,68201,18055,51578,82152,50032,68238,45332,54504,65236,45014,34295,57032,45325,16142,40329,30319,45039,94053,88232,2B109,95039,2B365,10441,10075,21280,76001,33274,66054,02117,42194,02305,76433,14160,49174,45321,39408,39487,11288,94018,50624,45207,63208,14166,08147,34123,04160,93039,14480,03193,56044,35092,61048,38188,31096,60134,33326,46221,48015,21496,16414,09213,16194,62594,30003,76458,03124,25251,34322,65115,52141,21568,95268,59400,17381,76488,83132,48044,62907,38042,03313,55247,82043,76028,21057,45228,55395,44180,54317,78588,67375,28282,08256,07313,31425,58168,58219,63214,82111,42170,18270,76363,81176,69078,31484,38500,76672,38476,62607,72019,36065,90039,45079,31224,19037,54281,33087,03168,02433,25216,38310,39211,17358,57637,02203,85305,39171,91533,30235,68225,65100,62872,38462,27447,79259,87002,17467,2A197,33161,03248,22107,30186,41226,34073,21702,50461,71286,89405,54035,12004,07242,10096,54130,31142,55221,25571,25588,33534,33057,31538,70045,37076,40046,05023,2A038,68321,14229,73012,64033,90002,17166,72127,02319,87115,26363,51396,25523,17197,07333,85274,72230,73293,85016,38180,74157,57499,60492,03129,71497,08491,33471,51594,31339,59664,22361,78208,39345,60556,42043,11332,63011,97602,10337,80647,72194,24192,17065,76300,25494,62684,17048,14125,57396,34231,31324,67261,31589,22325,59246,43032,57478,34340,57308,18157,57043,08419,03247,39518,31123,83010,22250,55347,81110,18149,2B140,33002,17307,60146,88218,53235,71395,44021,62372,79056,80444,64127,42339,53113,05057,80440,23247,77378,11074,16295,56042,81025,77247,17240,66210,62441,64093,07329,61178,27448,54131,58171,2A349,21193,58127,33373,70399,01198,51319,07062,27625,70387,76152,10439,15030,74126,35197,71292,59201,52181,09032,32361,68265,72208,17347,15184,70220,52160,86202,26302,42157,07288,06073,39235,47002,62757,02709,88294,25139,49009,81285,52221,04026,62108,16372,69001,57173,54099,76323,02456,10013,57298,60481,59456,06075,47082,36157,02010,59542,32138,57533,11385,69070,60179,80136,18178,62633,70158,67206,60457,02002,40217,14190,48107,38516,32028,32258,76448,44192,71574,27025,55042,65419,33166,58120,38328,54030,61453,47076,16394,16076,51309,11284,37159,71546,39118,76428,28375,60001,26331,72223,2B315,28382,28253,13106,56072,21025,70335,34266,03204,08197,16279,72328,87004,24531,76745,51275,64407,59135,60552,71241,21008,10010,51282,02149,11405,09175,24271,46202,93029,70262,57730,50452,47122,11252,41189,79309,30227,72231,41267,62137,80578,60268,36004,17315,69022,28100,21273,62570,94055,28419,63236,78545,04236,31353,07229,61358,86258,17125,07019,63429,93030,07316,13001,14003,19131,57760,38169,59167,55181,56182,88498,40072,33081,24251,50222,64061,72229,28270,14163,57222,29176,60235,11191,41123,78417,55046,31207,28235,41115,63190,43113,43062,09207,09203,89072,40322,91376,60484,76005,27475,57290,57707,52332,57311,85234,53034,50612,85167,17476,86184,33337,45055,71506,2B125,94070,28178,31177,61490,64268,50288,44185,64273,30148,77480,62231,08107,70313,04172,73326,2B075,30210,62446,30087,22320,72179,83028,27679,55276,84014,09223,47128,23263,25194,56212,64291,67484,85247,27302,19111,21208,26305,95594,57518,80626,51101,21488,80334,51253,10291,61005,63464,80064,35045,54346,29107,54371,33047,41050,62631,36236,82071,40166,22020,64413,35289,02814,52304,61078,31456,09155,97214,89201,57743,35095,17480,57277,33451,66167,32219,64437,10067,71391,60293,27465,64182,42028,27668,67029,2B238,08057,70515,02309,77331,28365,03046,30046,63120,77517,74033,76519,08280,73049,21221,72038,60329,17158,61323,02664,45216,11241,31491,34068,65134,21048,87166,32316,54028,70180,39126,55255,02371,21068,62382,22307,72199,57480,40091,21158,03023,08212,55494,54067,94037,52072,02109,09218,72071,85025,37138,50024,12287,70453,22263,77106,88362,24454,65098,67414,77279,32182,42296,21415,44213,28405,72051,62004,91223,67511,06086,80423,68285,62766,14228,07070,19045,81083,80650,80431,36197,45232,07226,46008,2A062,01088,07120,62421,80684,12079,76469,37140,09254,32041,09323,59085,60595,69259,12223,76244,36092,21690,54484,17453,39026,31239,74112,60647,21528,32235,39429,60133,40022,10145,62816,61414,69252,34336,65217,46280,80690,21448,05078,36051,35105,70024,17294,28024,19277,61321,15158,36145,02668,08150,37026,82148,76703,35059,42311,62272,88192,89240,68269,86280,12296,60396,62651,32110,79042,28008,45257,81026,57620,60230,43009,38495,50130,32215,94003,33301,51655,71308,12295,15116,51395,80116,55291,55036,14710,26348,14173,64382,58154,74292,27347,64329,17106,23213,72296,25099,47294,02244,46159,24134,55541,10235,62476,24002,11412,62647,67477,60370,63099,28393,25328,10222,85304,03033,04206,31410,64104,63374,38468,89054,65329,26309,2A127,31027,67137,81087,63459,62841,80721,46148,54581,95450,63213,91599,31100,34343,39174,77455,57385,40234,05156,35108,30316,79086,52198,28103,26064,39018,95218,06063,54189,64166,97219,61049,34184,58095,23218,52305,67458,60371,59316,16121,62559,64102,12051,32132,52542,62453,81181,24111,65415,91075,25413,42313,38117,42044,39373,88530,70087,87007,76236,79216,65206,50388,54043,88088,03083,37099,69102,18204,68303,25223,17324,21171,73211,57342,39388,68192,22347,52164,63052,31563,22358,52349,37093,2A118,37201,86247,45230,82022,25065,62565,32246,31044,67135,24376,67461,64087,24395,21466,14252,78674,67522,76199,01255,62401,59627,88246,59594,31221,45348,09196,60667,21181,09099,84097,58033,31347,64144,07291,88159,03240,85067,08252,11331,22126,37013,16354,21219,42235,57510,14102,50277,16046,11265,77369,57142,84100,2B342,80224,82100,21614,64108,17208,55064,60615,41028,02439,58265,57731,37063,41225,71388,30068,73221,25520,78227,23047,51042,79177,35316,21040,70577,51036,47043,04062,58032,64070,65111,56140,43252,60387,80651,50147,41139,59042,62700,2B208,59107,50299,54540,56200,64142,90003,02180,26266,89295,10343,41118,08494,31315,10374,88495,21049,88251,87046,33061,22306,80247,19112,18018,44159,50582,76456,82025,22386,72338,77216,62744,32061,76609,39091,71137,02421,60674,38330,43056,27075,35042,18230,11001,04053,60640,85015,67027,31222,02279,33243,32298,74002,88385,31505,64393,36119,33014,39240,86123,10100,97312,13050,92004,02364,95682,39301,48177,49235,86177,32338,25109,55262,70206,51163,22127,34267,34098,09077,15128,28088,03215,44103,17253,81159,33518,46105,2B083,09229,31068,51248,57224,58169,41219,62763,16275,06133,55095,65148,59161,02773,54595,64025,80632,85260,55119,34338,61237,31079,85197,29063,80179,08355,07201,76059,16114,70296,57200,59526,85231,28188,39528,50246,76126,76202,54243,16374,03206,76177,85036,16127,71493,81033,28021,89347,67026,47145,85035,22138,31458,47304,10393,18045,14059,29035,33325,01181,50268,42105,76695,33350,2B029,22155,63472,59086,76503,50041,72386,12044,88279,21115,87090,62248,57325,16158,02762,2A247,12098,57025,24240,27320,77099,72289,26175,76457,64339,32094,37037,03243,80397,35024,76286,81309,21461,88076,57213,77430,11299,03290,89041,55466,59512,77136,52246,35195,41182,16292,2B054,25003,19158,72016,70152,14116,25275,12274,77441,80027,36068,88262,58288,61199,85050,02134,80443,21285,87033,46216,46090,38249,85296,34005,43031,73268,18216,10314,70349,50502,37073,11220,62735,39372,16169,32409,53104,53147,62701,73262,85117,59592,49371,34170,51097,19271,81069,59207,13202,21503,14084,59056,54055,27656,24366,14127,59411,03263,57677,71214,60251,66129,88351,76683,2B179,15022,32319,01101,25063,80463,82180,69281,50400,48094,2B333,71490,57750,75105,28136,21330,72034,44005,21565,39003,60118,97215,82116,31047,25005,68011,36180,47216,55079,02552,54374,32130,14064,09304,07244,27278,85259,71219,68023,88430,56255,17332,18087,34114,19008,46335,63198,74079,10234,22094,23169,02803,44016,11269,36192,57740,63173,39097,48069,04006,62665,41248,86181,02171,79058,30103,62819,62125,64298,62142,14466,27432,13041,57105,21091,59190,39577,53124,32356,63063,03208,46167,68318,14337,58050,02124,76553,05010,64290,27202,12008,71289,88254,01369,95142,40258,2A308,65319,10253,57248,76731,41157,35097,57075,41091,39412,77143,68137,53145,24448,26048,63461,13035,50225,49011,47139,31516,06149,34036,21411,80022,27011,88440,41224,60584,85214,63034,70285,46304,30342,26118,44141,76450,02515,46057,80782,59446,54596,43026,60525,74185,33082,50444,76183,88368,36181,86250,31412,62560,63132,51628,15262,51640,40147,12273,55224,03234,08148,59334,14130,23206,67398,11283,30229,37150,22175,46111,27474,76298,41029,62664,61425,61273,31217,18289,03105,65294,08185,21412,73116,16289,87037,67449,76498,57209,17137,33403,31057,25038,65355,76057,86265,23238,51604,17076,83061,15014,02172,25459,02658,21390,79204,65342,52445,71258,89390,54344,58132,66108,30337,26195,60402,17012,74116,21527,02539,38412,32204,80140,76024,25329,39420,57747,46316,67196,76214,84058,51531,39421,27312,42023,83073,51093,77011,67034,13014,80418,95002,72219,57033,27003,86091,66225,84017,59339,03287,62086,26273,44125,05036,73084,34064,42108,69245,40256,08391,58061,79277,57526,14101,77282,18264,62122,16406,59226,21085,02538,39285,26060,51047,91587,39584,02098,55566,71337,21332,80095,01138,26159,72370,48181,70421,46185,45302,28221,79250,31293,13069,80236,38005,63129,25501,08499,35302,10394,30124,89062,37257,13067,31325,61165,59089,88315,51657,2A191,56174,25361,57187,15159,90024,33277,56214,88277,76015,27605,71204,02624,35362,81117,11221,43213,57102,18124,25498,08008,57487,62796,45017,71468,76555,60211,63097,54019,29238,11388,52063,54351,16331,59333,60415,59631,52004,2B236,25386,88417,07154,60167,23162,04104,74177,13042,14579,06120,37231,2A200,02321,64531,08471,31380,52254,2A362,29274,61475,21682,14357,56131,80099,60701,69091,58144,32264,21707,62620,45288,65477,92025,21232,35327,60259,52544,62674,29165,88102,14012,21020,76443,33044,11347,55297,39185,50060,90081,09142,80791,51368,12200,80756,39423,40055,64338,64388,30209,62296,38392,23265,10076,61051,61238,60557,34063,38433,50430,59112,70319,50589,01277,69138,84148,55415,32220,12094,59059,78276,35121,89337,57065,22052,33515,89203,82144,05158,58263,09264,35116,23188,25426,68286,29028,76702,51082,69291,62692,78416,89298,62537,11318,17309,12183,31283,02050,02261,51087,11245,77343,46096,38470,07127,51085,87095,78146,58197,62790,71403,33548,78123,10427,76342,80284,59481,65318,31562,73070,80002,84085,51306,76399,91617,10028,11137,82146,31059,51644,80294,05032,68381,26033,89348,02679,77405,88092,42164,42213,67435,42299,30269,32102,73232,57640,77310,62075,47210,51539,79179,33262,57751,71002,17388,24001,85046,47051,47032,69049,67129,14117,61370,14410,26339,43185,70251,59263,70038,59482,02606,84023,89045,61190,08428,11011,53002,86299,27652,71440,50446,57555,32153,24182,65240,2B309,12251,39057,22337,80592,57590,72336,58193,19217,10198,48110,07156,77387,67092,08096,57638,43111,82004,09194,80487,48029,08336,35308,61176,67491,12261,72224,31291,59041,62649,63157,38290,71539,47278,27419,16199,71234,59269,15133,12016,40132,2A119,45061,47008,25369,62216,07040,62215,05119,80809,60121,88174,72354,39221,73205,05101,51046,79087,03057,17319,31173,60673,56244,49007,22195,32308,62045,21479,61086,01351,54566,24085,08232,85098,56006,60531,50270,04224,54242,63415,02015,01299,25622,17010,51227,15098,24034,95110,02633,39473,54036,76557,2B199,46269,56137,89307,07212,62519,62285,28184,15217,27701,65162,62025,88273,46306,89334,30354,45142,65040,25131,10307,38141,61166,27110,66105,61363,77037,77102,57113,25535,08311,07217,06025,14232,51624,61071,72276,19204,37090,89127,88120,14122,11073,08190,16103,39494,68255,69030,03278,52119,59134,27129,85095,60619,03055,80349,40070,72351,19192,36226,62855,80620,51054,46063,09212,24294,74004,62489,57704,55510,14556,88464,42062,39035,51492,28394,03212,52006,70267,47325,12280,09161,43020,50437,09236,95149,32297,74165,66009,62794,35019,67296,21694,43053,27542,80331,32151,27127,45276,43024,51447,70466,44143,54179,62895,86165,77308,68312,54251,12282,30277,63166,57202,02408,19074,24050,57493,10044,21164,25309,35008,47326,26268,88165,83124,03088,58298,80808,64168,25529,32229,54121,89321,27104,16225,97614,62316,28142,81202,65334,02255,67231,87193,17259,16059,30084,76402,40205,85110,23154,56082,38530,30002,31389,33102,52282,87174,54396,73091,37067,25595,28269,09050,77485,54338,83080,08173,52394,02251,55105,08017,47251,94067,71548,28087,61400,27321,45341,77442,59221,71532,68349,39196,59205,47245,43144,23073,50112,69029,65050,52247,58110,80484,51203,55504,39159,15059,89440,82055,32422,14575,76575,80321,59487,50442,08153,35082,24264,60437,79157,24035,12163,52200,66024,66177,60010,61324,28074,61075,60066,38554,12083,74078,76180,02322,78165,72193,61060,2B012,80472,37264,71280,45305,67490,2B231,81036,65083,38063,38309,54405,64297,45269,25073,53106,32300,91495,88310,17182,25522,81129,52062,22002,65417,21274,21670,62775,17043,41106,02527,88177,38307,72120,26139,38518,27472,59158,02209,63009,59522,95555,67351,33353,67341,95295,16145,34092,31297,53055,43212,10195,11118,55498,16180,02780,71326,72245,87191,77495,54513,86143,53188,60255,42155,25240,76642,61302,26199,52158,55258,40285,30042,94080,91284,54014,66121,11085,10054,01199,72294,26080,72270,09322,02474,06011,58248,62224,63272,06155,74219,45260,80032,80126,18211,56133,25553,19250,39129,65404,31455,08376,59318,86098,43196,26198,21096,67392,57335,31377,23146,57459,35140,28096,70249,88221,82162,89483,68329,12293,62343,18189,32018,81088,80272,28256,71510,56025,22302,61278,13012,77206,40306,61074,60232,62410,22304,27012,18011,02397,62246,52216,59497,25408,11439,88213,39317,45306,21080,52245,42269,60597,40288,79132,63358,09239,23201,01412,54392,35062,76427,59227,50176,63037,51144,08058,39418,54289,33545,12167,65196,44106,38317,05165,56207,35080,17039,76487,77165,80456,88160,81023,30033,86233,08063,55210,52146,02169,52392,09208,54135,16205,47023,34021,69290,63139,69171,71525,69271,31052,17224,24306,61193,24361,45118,41048,05183,74094,37053,77010,65248,59272,67536,03056,17018,67381,50259,80625,45334,48131,16276,03154,21397,59053,64347,25444,22286,47022,61052,55183,65220,60631,33209,32412,77146,21047,16040,65132,90031,06160,40320,28214,59211,64197,39028,02403,42237,81037,73149,59279,31421,52493,26051,61163,68241,89168,35203,62219,50567,08154,88195,80547,60254,61230,16036,21216,14043,63192,71172,41216,21687,71528,76259,71465,10073,46294,65256,24390,60332,10381,40114,91441,2B206,80753,72282,22041,09123,70535,59163,91514,61050,47065,55369,39238,71192,34326,38318,21418,80403,80478,38419,77457,57444,53074,07193,02227,82140,54468,07277,63212,65081,59296,85112,89316,27231,14506,81002,04181,59058,72293,12178,01439,14306,02205,22238,17273,48008,70179,62304,81124,97114,32053,07270,15190,55422,36235,31405,30330,31417,76739,67188,18242,01200,65208,87167,25126,02609,52310,08416,62818,53249,14111,31170,89462,47274,02419,31266,70503,43198,17335,13065,82101,59398,29076,70506,14460,76497,85061,80063,28013,37226,81222,59097,44132,46173,71246,24066,51133,57413,23113,89122,09149,01228,64428,57470,13053,21558,70162,63012,07035,92026,33176,59356,06026,15146,26092,38171,29212,59543,67003,51109,62290,11027,52003,31362,73146,33512,59530,54356,45179,60221,34138,62111,56206,06003,02141,24296,2B233,38329,53210,12064,60302,55021,07198,68281,70511,23137,21606,80752,31387,63302,14076,18047,01348,77319,27654,56210,89247,72184,2B305,08228,35342,86139,70182,50214,24418,03117,83014,72132,65043,56097,63408,34009,67229,05123,91121,40286,81313,33399,91275,14332,60598,02498,65155,83096,60065,02022,31191,17107,18245,02644,36193,35329,33343,62039,30144,11291,38250,17184,80795,27522,77148,30185,31578,12260,39348,80405,26294,74310,76504,38215,25601,60356,29135,36005,14478,62540,77479,16096,22012,16032,93013,89101,09217,16134,41070,60621,71565,02578,80018,27540,06024,22242,65266,55155,71555,22349,72026,65247,64139,02491,18021,76266,62722,55445,18227,31557,26324,51350,63253,02431,76751,58165,51255,47180,54404,60162,68005,70473,71021,2A146,62323,12227,30294,85118,62511,80609,17443,85204,88238,32278,15140,81064,51013,64220,78358,38103,14097,02722,27243,27165,95008,08076,77168,82164,26094,76561,91579,07264,69298,34293,61491,67267,22305,11154,80559,21613,13094,22295,67035,2A357,77525,2B274,16256,14566,76568,82099,86054,81090,60564,57592,37050,25170,38369,40160,28299,61351,80077,27655,72124,68110,35028,09111,27339,77271,64229,45328,28085,14565,12241,76205,27395,09041,09043,55362,43061,27103,16058,24508,60168,08341,02637,80542,55578,33012,61317,08257,2B257,45104,60644,02082,65020,59574,66234,56154,34182,14326,06059,62869,55144,32165,07269,16393,72303,42032,23148,57251,90078,24020,70197,17391,34083,01123,89425,50486,25461,29143,02677,57610,79326,62603,01429,57376,95539,72154,25304,49261,59011,29103,13107,70013,87156,61327,76074,54102,34103,87149,06016,39037,37134,10050,71390,16150,51334,61474,29195,78073,47073,51218,06093,51155,61098,51184,41252,39546,28306,27273,62069,72072,57295,24129,2B264,42089,01062,24408,40014,53182,34310,82175,77365,22299,49110,61385,16081,22281,89410,24524,34175,21087,79208,60173,62670,39140,54395,77507,85164,47203,02410,14273,28222,33387,02607,47241,67100,06031,58143,19260,61281,53269,71239,80074,81277,88290,2B176,89051,19132,24534,76652,33117,27456,30021,03032,31301,45155,39312,52025,72039,24046,86256,43085,63183,54034,60282,04018,21264,43004,41099,16291,49253,03131,72222,88374,60327,73323,47285,70116,36093,21664,32213,42207,67160,31575,65408,03210,77172,75107,54450,21103,51038,40004,23164,58013,82047,87070,29045,21368,88303,64152,33417,27206,59459,81189,78486,03262,17135,57085,55385,45307,24351,2A163,67101,80232,08479,67223,95598,54041,55124,68054,02225,35034,49003,57437,58131,78160,33084,61407,21467,59623,10347,31420,38395,06051,14552,25041,50648,66070,89040,32433,57399,88079,38488,2B072,53105,21314,34044,97131,54545,44114,64433,12075,49241,48179,02580,21097,02142,46271,66139,16030,31024,86083,67411,70184,71508,76148,49344,02577,73082,52502,66120,73330,63019,56098,89187,65181,17326,28208,31332,58017,44174,27184,71207,71394,59242,14607,60477,2B078,70572,88423,14135,24373,62202,27299,53174,42196,02749,95154,27023,37033,46092,24350,63315,33421,10339,17191,54315,30051,39444,87172,31268,63077,42076,29048,51076,42268,76602,26208,58079,77204,62378,68129,68173,52277,72111,27286,34197,04123,32160,84102,86086,73133,24538,28371,69002,07131,64449,85072,01433,67401,77498,22189,67226,50391,59364,02277,16078,76047,48128,16082,67047,74048,88280,11115,10181,03135,71370,61116,80416,54088,44164,68341,89028,21130,62870,14278,22262,43210,64050,46051,01361,68015,34334,54467,67328,81213,82097,27161,32294,37091,74026,85187,46040,46075,2A212,55511,32176,54502,51455,92050,02014,73296,2B293,02698,34323,88040,29209,54359,01356,62024,66173,18190,79057,03115,65233,71045,06077,26022,32282,62241,24082,52195,89132,24157,71531,07038,80810,33487,80704,77091,24365,89153,26059,26361,94022,60158,32142,67354,64124,66072,27658,88441,08445,72080,17290,85090,43014,80759,03245,77504,78361,28155,84099,04051,93045,29083,49012,79220,52212,77461,08427,50295,52419,32079,63334,74052,14570,40168,01185,37195,23210,28327,91468,54352,50533,73256,82134,63357,79070,23260,84032,51497,54394,17044,89315,34246,66077,02568,02107,27374,41030,40061,80686,91521,76120,10261,31357,65056,14203,64285,26377,84040,36073,23090,24123,76135,54551,38068,62541,02827,59101,26193,27563,62295,56121,56215,24263,33298,36103,65201,65109,17237,57079,26299,54431,22015,78152,77169,43152,25315,51219,05155,59144,79299,08399,87103,17024,56101,34046,67078,11328,70166,51236,10185,19047,90015,57519,23181,72153,78403,35056,86147,2A085,01227,16063,68352,80489,70005,88019,12074,84013,68036,44121,53258,60109,21037,65437,26264,30199,39229,45063,58085,51645,64337,53039,21303,73231,46044,51509,60082,68124,32394,47106,34095,08296,45274,80412,2B036,62283,33536,74010,21521,80619,85051,38222,38218,71018,04074,15009,01203,71048,70343,22315,30090,05145,81081,24164,86082,19142,54514,51608,67295,29029,24171,12027,88272,01250,62813,24338,72099,35039,25252,12010,91112,71077,79063,47276,21566,56169,62849,53143,68020,80100,55149,47302,38498,40042,62629,54165,62890,28073,58172,56248,21002,57349,28098,32280,24150,67162,62292,61274,70029,22233,43019,76110,67534,70337,73041,76049,60277,80687,24586,42090,89242,12096,60577,59151,14316,57577,65441,47175,63026,11348,27004,57069,43181,57238,55253,36216,76322,26218,03069,50543,22275,57756,97228,69254,73322,42128,67529,14483,08408,10227,14712,95488,39545,82113,61329,32107,06132,73003,47187,15114,25014,41032,21104,52151,13005,81010,46315,60317,58149,70248,63114,87061,37279,18210,10329,08476,22271,43155,25397,60527,14062,79340,14123,25049,81066,63239,71177,80517,27064,84079,89137,39124,62154,03238,40150,13046,89087,95492,21022,23001,27119,25450,02409,51453,88371,09100,40328,73229,09221,95427,59136,25211,37114,54419,64245,87086,60488,55051,17159,60274,69044,62854,64309,54018,08298,61114,80014,64228,21567,59292,67174,46259,78402,42169,40099,71125,57018,51635,67510,97110,29302,43162,02062,77244,56057,01057,64049,50101,95541,86102,63215,02715,46266,80748,72368,12192,59143,70146,07297,24277,21244,42246,03272,62831,01321,63110,21530,67336,63179,01118,47303,35247,57748,70316,91037,76749,63155,09137,25415,80173,26087,18253,39150,89065,27355,50591,68098,91540,03277,80656,67501,47034,35281,52083,72191,12257,03255,21342,41079,71413,27473,55363,86224,13079,26301,88144,76690,67133,77360,33283,03299,47086,61034,47279,30219,87049,25377,31429,77263,57384,32112,14054,60360,67489,55469,33452,55505,76006,59369,63278,30004,71200,26192,19235,23266,68219,54076,42208,2B356,42005,60558,52012,67249,18052,02640,85103,39467,09226,29216,50340,79140,61255,17132,67237,58042,21109,29271,50164,80269,51435,17188,55500,59110,80328,35287,84112,45347,25613,64147,74278,55471,65160,80159,74136,34211,03091,15185,57077,64270,80221,21647,33206,27354,47299,62318,60191,14328,25583,70366,57550,44144,86152,70286,85261,05013,54063,23235,73130,86106,39390,86051,93006,61457,28339,50002,27152,85262,26165,54464,19049,50504,11359,70303,03070,38105,78209,16084,14547,51226,51522,24317,14270,88268,23010,11406,11140,80672,28203,02558,19273,69384,67405,64539,81063,36168,01416,67063,10325,27114,50169,46030,15066,85186,21641,61085,11295,21662,52306,60239,06151,34162,46103,76227,33392,86028,72036,31140,54326,23251,55280,38422,88526,85100,15015,53222,67454,14699,76408,02447,27661,29150,51005,87138,28062,61289,86122,35317,19268,65087,17096,60070,10424,14467,80385,2A061,67216,40071,81092,60666,25475,56179,41172,08401,78068,68056,80120,32123,95627,85092,60661,32080,87197,78007,02130,81251,49195,80574,50083,51373,59045,80200,2B275,68007,08023,41188,31030,33183,80176,83027,95011,14035,86017,62675,55089,64277,64443,89011,33242,59023,51659,54094,25011,32201,27444,2B217,89147,42176,74152,89118,54083,53218,01367,63197,33270,83070,2A358,72334,09127,17411,59236,02197,01293,14496,27096,08264,79172,86156,31156,89380,21117,39100,45238,31407,67065,46204,27695,68383,55099,55116,80276,90089,76064,67346,67200,88134,57651,08452,2A285,15065,64542,21487,41295,65260,45324,02540,76707,38278,55374,29119,73097,81211,53016,69231,52276,71463,17156,84068,27415,29033,42211,77246,21165,88016,86068,44198,80573,88193,50565,41159,54079,67236,80409,16268,55396,57445,40203,46189,70027,27378,71335,57300,52030,08369,03082,63433,44158,60257,63287,27240,17389,64332,59329,22096,41132,70261,60226,53078,12093,07003,60021,66076,73193,58206,43089,59310,02208,69095,52491,26112,58226,29239,80203,32268,24479,15093,03165,57190,03009,25148,85042,24545,29286,34039,17051,91666,60212,30306,01406,51002,71571,71122,56211,44043,21028,13208,71294,76349,67517,35228,38296,16270,01117,25527,72155,28358,16343,09291,38253,46164,67022,46089,60333,63465,44169,22289,02416,81243,78406,30116,27545,79352,02739,01089,22385,62123,63093,29205,74024,02037,10089,37097,71232,26201,01243,62314,69388,31449,46142,32369,59367,35232,32209,65429,64529,02160,41112,88316,01156,89385,43163,39406,40277,71205,33322,38313,65461,67363,32118,65462,50282,72332,84035,37252,19156,50369,47115,51149,21666,80080,40037,35067,02530,83110,64190,07213,28201,56143,46175,77020,54297,01074,59138,64259,06141,72079,25573,30061,17434,95101,85115,05098,02576,02207,84139,50297,62667,07300,57261,55507,10221,81097,01099,04139,09129,82040,38030,45292,42264,04046,70574,53010,66039,59001,62654,54225,38463,03302,89368,50476,68226,57528,74164,26288,51466,22259,66063,80141,68014,27689,11022,63323,95509,41291,38036,81270,16366,23064,14239,76354,02797,55175,61148,89252,70422,80480,32186,27555,38072,38565,12052,65348,41184,73024,62037,73235,39522,33261,24220,41035,62128,35335,07260,77108,21494,42327,41065,60204,31323,65154,21483,27036,42159,32136,51548,08019,17400,65232,85159,42261,57088,88463,73261,13059,80562,67083,67255,67508,52059,27222,80059,07061,42325,16019,17252,49113,60017,28146,88264,38457,78396,70129,95504,87185,31396,59218,08352,10376,03013,79134,09124,55170,45308,88404,23124,77460,02012,14143,28105,17425,67060,08396,43046,13117,78518,60208,50372,80148,93048,14237,31163,22083,81265,25592,23200,57115,46123,88494,80166,02655,81161,57302,94052,22234,64368,59328,14093,26034,40259,94060,14087,48160,76299,35173,69191,30284,80228,02710,23259,21657,29171,71537,73053,73145,83021,03011,68006,15214,39495,76698,42200,34096,81200,41137,36046,41268,40011,27261,26216,44204,71334,27377,21112,45344,48138,04012,43083,89350,77305,38210,2A228,76038,30015,77453,21046,97129,54414,40244,82165,51446,61180,16329,27622,01110,76447,01179,69043,16097,28229,03136,56204,12164,77185,34342,42230,25425,62524,80538,85073,76422,57388,60154,23255,59348,68022,43071,84126,82127,80549,31181,69382,26002,10119,92076,57716,80132,46137,33249,06153,07032,02688,33169,31576,88283,43028,14349,66178,24252,26147,38467,55357,80778,55360,55206,32367,16334,80248,31448,60682,74119,37136,17375,53196,02512,46140,02686,34140,64556,22103,40214,69122,61001,45045,33526,65036,89463,51454,06047,86093,65263,60263,15094,34127,88038,14475,76686,62091,86289,88110,89119,52541,44050,56039,10154,29282,68160,17017,47178,14355,32212,78217,18037,34305,25295,08067,87074,72211,80596,23217,09249,52044,57108,46194,58313,31141,68342,95063,01262,26030,14167,03292,67388,68277,09058,70467,43188,2B302,15010,82037,25307,59397,86063,59360,2B169,67292,69166,24005,63005,21029,02154,63319,55196,47311,15188,50252,02019,69063,16101,04166,77464,69093,25496,70299,23120,81114,25419,90046,64361,26247,70200,23205,08456,24018,79030,27076,19083,2B289,39131,66144,39145,31252,34316,88104,64432,27685,60463,34291,62604,47272,11400,79217,47162,68151,54011,77035,75109,18218,64426,08032,11131,31278,33060,72045,37183,34278,28243,49132,42126,16397,25317,04004,37043,57717,21417,66119,2B220,84109,60126,43001,32159,91534,25314,52126,86013,87108,35165,05027,57004,54190,80605,59288,52482,02273,40252,18140,02732,10371,77493,62358,30238,44112,24130,55014,35233,67069,71267,58220,44030,76189,90022,17316,11313,40109,60304,21305,22356,87064,35248,26091,74172,43192,50506,78621,58231,15121,42153,91471,80355,68372,44022,56047,69106,80260,68375,80374,84010,02065,56114,05001,89017,76655,69096,30230,27134,88506,89075,13022,35331,60033,62668,49089,37149,65156,30056,88033,07165,59225,74197,31264,2A028,57150,50342,76305,66066,64516,52088,52235,51449,89191,80832,38101,07273,57438,41060,86246,15005,34261,29084,47253,05122,50165,14751,76415,21404,59486,08382,89375,35044,49377,68035,14276,33103,59314,67190,02392,16263,11101,88077,32100,70066,09180,88216,91038,80498,30254,19208,60361,35071,77450,57212,79357,41001,57365,84008,78591,15040,58006,82054,43251,45200,40122,26259,76344,46165,47136,02254,26190,80568,78324,26249,78653,16335,63324,80452,04050,68169,54092,41193,21646,35202,16133,12054,03021,57741,60227,90075,48091,61122,33159,01079,70545,70025,08119,70193,80519,77404,38410,22269,77069,40237,76475,88411,71249,45165,12186,55219,71020,55547,24484,23198,40097,12255,64367,70259,26213,14515,32071,18221,89261,26224,80053,23136,88103,19144,07138,34131,82183,30270,79334,27151,21315,39409,62199,80800,43182,45123,72345,61215,78300,58060,81156,36031,11370,59515,88436,03029,71058,26376,89279,37210,80119,54531,10313,45060,06035,62336,71469,81098,91136,24039,35320,31284,24214,04222,23144,36059,30293,01047,38469,25417,73204,80642,14039,66143,33122,26180,88509,22135,65113,27614,36135,80420,16135,59194,16038,86286,65137,26121,54421,49240,71376,38323,17377,25215,09034,39258,22327,95379,02697,89171,59403,32126,47222,14668,57204,01060,53135,84116,21601,30187,53198,21377,70050,51178,30304,17015,56229,72172,82114,37062,62749,28200,52089,10336,17211,16364,02541,35188,44039,65388,26206,73008,81119,53061,23041,24088,65231,58181,27091,49015,65465,50445,73031,55081,39043,83067,64052,21185,65449,91016,38107,90097,97212,09308,38084,80663,2B178,69186,69131,64325,65015,53165,61126,48099,85193,31361,45219,25271,93055,91667,18237,21589,58237,63264,63044,01184,30064,29264,14453,25379,61405,11416,73180,10017,84141,70322,76116,42285,31351,38239,76564,95429,28067,67275,61216,45062,08254,53001,31292,06135,40080,16211,52149,73107,62009,16261,62435,83079,50361,01298,10112,12056,62437,63383,79108,55013,65403,37131,88387,04229,28016,59289,89015,12063,42007,19187,33467,23034,38348,73105,73234,76521,61298,85177,60250,63002,57557,62360,22323,51250,76359,31296,24550,08024,27367,68032,17454,78455,39164,41271,24585,78193,02067,17098,61326,14206,50044,40021,08272,48116,33065,68030,31381,27324,57034,62269,28333,41283,57633,71005,77325,78206,87170,15267,76174,65187,45189,71479,39583,74250,51450,06089,51065,21644,59176,77401,60181,34224,42204,31530,63195,58276,11091,58036,54406,88409,28005,91097,87177,33311,68359,32327,30014,65251,51553,55367,19080,14754,55128,85084,47204,64081,70104,81039,35058,61011,54521,69178,62852,14543,41024,10418,51520,72216,57128,37023,14383,24014,61084,31091,05148,89267,72233,24398,63447,28296,21441,62364,67523,24081,46265,66226,32324,24007,32443,2B063,21277,55334,83102,17149,06039,54598,24056,25296,17255,62222,01454,24504,70342,02351,84149,23084,27603,02349,02725,68316,76693,64360,10445,34001,25113,85013,62468,53083,30137,40145,86203,09310,40323,26276,97116,67360,26103,55384,18095,80575,05021,46276,70539,11425,93001,31452,68119,30083,35211,24287,36030,29014,82034,74191,88529,47327,07099,21637,84050,27533,12045,40079,62690,59492,52207,95091,55167,41285,24536,49067,24569,81123,12104,54096,58037,08338,84107,50496,17151,11382,38207,51387,36055,22161,76035,71458,69010,02808,38083,42009,81279,02632,28240,64495,82013,39107,38195,74020,54182,41089,51513,47013,27219,02323,67397,84025,22243,69051,27295,18274,71427,59383,22319,78601,80278,44084,85152,88332,40040,88247,44023,32371,39511,57594,35236,32377,26041,72315,02503,27045,57461,41125,32098,76164,52506,19041,77051,18265,62127,31311,21320,59187,57466,10111,67400,31220,10127,85147,59569,66140,36025,25097,67326,02220,29098,80541,44155,80781,81024,73277,76196,62072,23187,51592,44183,24291,70240,82007,39508,62038,49114,31238,76663,74289,56111,25267,60514,24560,64527,28343,21345,76072,14541,31378,70237,51633,82084,10409,22264,60301,13212,33500,72311,59064,47263,31279,50023,22035,91109,22241,38246,62635,80118,21098,03226,14271,45316,46322,62097,76241,10278,08126,10117,54206,53073,75101,25340,37092,09002,28173,50618,14554,76717,19169,89354,47167,06128,77200,17247,51631,24525,57587,53263,71129,89064,58073,43129,77408,53214,25505,51239,33357,03100,78239,81286,71209,92048,69296,77452,36016,65053,46190,15006,74095,67233,17284,68195,40208,86149,03242,42168,03301,60137,74243,71176,01410,33143,71365,39554,49008,62126,59513,39525,67165,19207,67288,34250,23091,33385,39471,79064,2B039,33524,89081,09109,64545,73033,51241,66160,34100,54298,55356,25039,23166,81076,35280,95229,31346,57701,51491,79235,52447,71230,51663,77039,71409,18130,19162,73028,01192,71303,14452,88114,61140,21372,59434,70364,09201,08374,60618,42061,70265,18159,57147,79020,62663,34289,71300,86026,67556,52122,29101,31058,26343,52067,58283,70414,09008,02581,24347,63295,34023,27330,68379,12229,01150,51081,64244,54563,29295,29105,54218,19051,07108,03173,04138,54328,45317,29012,27235,32043,05161,29116,49248,59545,64184,62550,67268,47138,64181,31164,36050,15086,05109,06081,83133,41138,65006,28157,72369,18004,32189,21107,62506,72024,08030,09173,88407,50402,57469,97216,06148,57197,11322,78015,54442,16173,74188,90019,60684,76500,33349,82015,82102,45129,62568,79133,10053,58299,43082,24384,40243,69220,16255,62263,63343,70452,79119,07205,61063,65278,26291,79009,16229,58270,73311,38427,68101,50350,19199,66073,11209,10087,78031,67094,86300,60460,17086,86137,09037,39080,31294,01180,46198,02511,26217,81134,51134,12248,74260,43229,52108,37161,79332,55532,65395,73210,93077,74161,22050,77232,07221,39435,57595,14371,70238,31254,32245,27612,08317,22353,57714,34178,08450,39109,19284,38247,76234,68026,47207,86115,51035,39004,31116,25132,63031,90034,87071,68307,51285,63158,21660,27326,17293,16002,33393,57521,06050,02650,51413,79226,79066,47060,34283,12213,69230,33120,21355,71153,15198,04077,76641,51001,67074,89074,62172,03040,18150,77104,09305,16098,53232,07119,61251,32445,21714,23244,38271,69075,15095,50072,05053,21295,08472,55512,57149,47313,19180,78283,14538,27457,50579,70099,22084,25059,68027,78562,10030,77226,40233,72217,83060,67364,59240,14484,80186,80373,89142,05039,95543,71412,53191,36010,01149,94004,24011,07209,57558,44067,43218,34049,76727,67132,32349,85148,42214,21540,89309,83029,63153,51428,62632,33444,14381,12058,63226,78620,63184,74210,62230,86237,69268,77116,70464,80486,57276,07310,64125,60050,63027,29054,59645,21708,62469,75102,40181,81171,01081,50251,88492,31504,19006,72221,64185,21416,40028,14431,12082,50273,31049,12289,72325,22265,71415,60108,64509,34081,61291,72043,63413,59444,62449,16340,76425,60636,10389,11262,10027,62681,24231,76552,54027,57124,60160,34121,72302,31092,60391,46305,51421,72290,02296,03254,63180,07054,83001,33208,86044,08064,34171,80695,45176,66127,15147,15079,59435,62330,42134,01405,57029,70581,28424,97218,88188,74228,22032,86220,54449,08036,55108,57141,62563,31383,38397,36097,81018,26203,72182,70084,2B343,33042,62054,32391,39505,38242,36131,50457,61080,80826,01160,64555,36053,71147,02480,77385,50598,11210,02310,41113,39300,77333,51156,76545,36044,37003,54072,22054,78071,71290,64299,02551,40036,68117,77179,25626,59004,91645,39517,95157,89456,57623,24255,81280,88058,61347,76611,30044,08273,86284,17383,54301,62450,01085,39192,24307,01407,51029,61330,56112,21026,33051,79200,34201,11413,39560,38472,74133,21529,2B164,33361,14318,53240,32014,68380,64482,76398,24221,60320,52184,48048,27263,61149,11046,76250,16119,40171,29201,63205,42122,27361,50111,68338,62545,55543,03230,62173,77121,22389,24141,54420,25258,76499,38276,07020,44111,02675,51566,11368,21151,81118,72138,57624,39368,51508,42198,35141,57568,40300,30017,19216,97132,70438,58241,70292,69100,14352,48188,01143,07170,76518,63017,08104,22099,25492,16029,16077,76142,26194,48135,31493,26126,63244,14269,61072,26004,77519,91629,48149,32078,67148,13116,06097,39236,82046,65291,59253,31549,71291,67337,21576,38407,69270,21519,07347,70250,79256,03244,67049,71302,02304,31473,73188,80819,62141,77266,09097,88231,47064,30050,55087,15037,42216,62428,70153,72274,59363,32386,08059,95395,21598,11242,40133,31146,67208,23012,57423,18213,05118,37156,07101,50334,91425,54212,62073,59213,89117,51461,32158,01404,82133,80035,89006,07167,38458,91631,65105,66032,09219,12158,15026,27050,81185,21168,33077,24267,57280,64293,24386,67266,17292,97226,25558,62776,64403,57489,26311,52472,38347,10116,28346,66008,24180,88041,60072,61424,77419,55272,17463,18015,80348,51612,82068,60414,58071,80586,58198,85123,25468,67141,54115,35231,76014,02694,80535,80130,57143,35229,64419,60164,38182,19028,14743,27683,52104,12041,26252,62497,37042,02463,28194,50469,62734,08385,44053,31388,15053,21525,11135,50570,71346,88274,88228,55563,78401,09285,17308,17446,54555,88285,89432,59365,38174,21405,11418,34154,02368,2B120,80707,29137,88070,64086,34331,78084,81272,91235,03186,18061,90070,50260,21122,27670,17006,64046,63456,40180,57062,25381,40232,44221,54470,57491,57691,57733,70190,21300,78262,92024,10207,73178,59430,90026,40172,06052,38520,35124,19048,87044,61362,64038,42083,52232,22383,35065,82161,62400,02656,14027,40089,61208,39048,62466,61473,02627,30105,31543,31590,27179,07332,80056,35096,27037,02546,01134,83143,38235,68275,64078,85256,34176,28038,60485,37122,49123,02156,08250,12283,86230,36232,51613,72237,19269,02790,94021,08187,35358,04084,10022,50528,08344,41141,46177,64282,46134,88201,30326,74082,30349,97225,38556,29108,77027,47055,45077,53257,02678,91207,66230,02192,35146,06139,26133,45053,71188,67199,88064,71011,54244,22133,43018,60091,62836,61101,33154,05044,72364,70276,02230,50548,57120,61512,32157,57364,18046,24031,66045,46238,45213,63336,54172,73161,39032,22085,76225,67443,52182,32030,64304,57080,70009,24399,72052,25489,58066,88462,10215,62339,23089,19195,25046,17245,28068,28285,73128,32306,74064,36037,70301,88004,60209,76321,51303,50219,82132,26221,63177,31508,74154,57024,49180,81157,33414,57598,73140,59223,71344,59145,26070,53054,38341,58266,53230,46128,71135,11335,32016,71566,71559,62521,80036,65058,21135,59071,66064,17220,26281,77201,09309,11151,62019,25346,93061,74072,68033,28092,02157,71570,11396,33112,44173,23082,21434,19103,80395,28373,59455,26292,51485,34163,24443,16027,31067,25540,61242,71446,80043,60218,64196,09298,95652,39292,76336,30102,21255,02450,26102,60101,87190,18188,32276,63342,86244,26367,87060,39193,10346,59031,58102,82154,64429,38149,60568,76530,64192,32003,91511,81227,76513,41098,25403,49130,26036,86107,71115,71044,73302,62380,53128,13090,02778,86266,39503,13104,97204,86094,50483,16086,04144,34195,58242,50048,68107,76651,2B320,61055,86255,28409,19081,2B239,64450,24302,36140,16317,72277,41186,40299,59668,68079,40169,40189,52132,31230,85055,45033,25301,78246,28245,50634,01301,78049,77178,14501,33317,51432,27368,55303,18184,08203,45193,71420,55416,59192,62409,60478,04173,27271,76066,29202,08025,26286,52288,76409,22276,64488,02005,44102,60689,73120,17318,52298,16368,01289,29269,54446,21226,28263,51596,69154,39304,60285,60659,57570,09019,46149,40163,70290,60367,89451,34209,25382,25054,88179,16282,43166,62194,45133,70065,30164,65110,72210,80762,10326,51086,27167,61476,54141,70015,70327,60365,22288,02461,89018,60350,11213,64214,79338,90014,77225,80210,33539,45075,09031,54544,65373,52171,52488,54199,76181,31593,48042,62814,17099,23122,03016,77527,01334,80142,62139,40093,76294,59402,77392,18143,40112,30225,82044,34086,55460,23045,64552,51381,26153,46087,61243,71377,61224,64283,59115,87078,21577,63125,24131,55055,41290,70143,51126,25345,54104,27353,86172,45092,55103,23086,37130,71451,36078,59653,21715,36121,46073,67356,27586,31133,01419,32009,62804,17094,21182,95580,70426,39009,50158,21653,51313,55439,35050,23192,84053,17239,10217,40155,34155,60515,57547,73019,22143,46131,54303,83106,69076,45022,52322,81162,28423,41239,39498,76182,28058,68323,45042,52029,01265,52286,43150,09151,76460,62324,24116,62817,85138,38187,54127,01309,28367,97128,88325,66162,31270,46157,86151,61464,25155,70397,71113,09261,78322,63409,82006,59612,65385,13097,89032,02252,87031,86015,12069,80654,39250,16050,60131,65369,03176,2A189,22209,10004,88163,60381,84030,23233,59111,72252,64455,01276,53027,33198,38464,62892,72378,72373,52256,57322,15241,09128,92040,47006,76341,56045,19094,36099,59449,12028,09281,59478,24215,87120,41269,62014,88062,02542,74081,15003,37181,45201,74129,52364,08364,08283,28211,17322,12278,30159,04108,19056,29043,70430,87135,85284,07219,31583,97108,27027,19071,62329,62622,16130,07231,72227,31050,59556,25016,43007,55069,24436,24205,48112,76276,52205,95424,22093,51425,77124,78530,80322,39351,02534,32169,54073,09021,41134,70273,67057,72214,74053,07254,65139,30247,55516,70578,46210,08303,07159,06079,45005,60540,18114,17484,02374,08092,37110,57334,65279,79096,40035,60479,52396,76743,64312,01336,63379,18064,14654,54254,41180,59534,61030,01191,80134,30213,66090,02592,03267,23125,24177,45011,79105,64435,51025,80644,82188,58113,53146,10252,64442,04230,02582,58105,91507,16072,51474,24012,77173,77368,81006,71368,91247,32154,07174,71229,57333,28130,08467,27269,02390,24574,54565,02228,30134,49138,46328,02343,01290,25230,32439,76526,68019,60397,02355,38355,02689,80001,45103,57083,65322,64468,04169,76339,67330,35206,62010,86253,25597,35276,64006,15143,67335,38374,72350,73216,46239,17164,82039,34013,06070,28370,01158,57455,33229,88482,51298,04112,25402,89447,19209,19016,42304,11096,62365,02298,60603,67506,47298,54201,14138,47238,91332,22376,27428,56256,27580,62102,90054,71419,84111,77433,22009,54422,25202,02400,54294,32317,27398,50637,01209,2B192,72241,35004,51113,65007,14291,24455,30085,25263,27644,71273,76387,55257,18119,63370,62576,33069,44019,51157,43148,62503,25457,24058,34219,26083,22136,71434,11168,55284,53056,26274,71356,67424,04163,54512,37020,08426,29299,33555,47255,63424,90006,38078,38443,54407,72283,31441,67403,73228,47146,31359,10133,54222,09104,17357,39512,53264,71392,51544,39170,71583,88097,33370,76016,21437,27040,04240,21353,17298,16290,69219,28216,10310,52129,45339,80124,48031,14181,39189,89416,45034,33376,36178,88084,38081,89281,33282,79092,63421,50121,88003,26326,04016,94047,82033,85243,09056,67039,39586,14347,32147,51272,03194,10392,35068,28076,57542,03252,50166,54367,43122,63071,85019,17279,24416,60028,76345,02566,36054,45091,54597,78329,33271,47234,74070,68049,41104,01286,91216,30138,58040,10366,03148,57387,83128,10431,80468,64024,63086,67342,14678,80174,70338,39572,36096,79016,82078,34188,59164,67139,28113,29016,62053,79018,34325,19200,71482,09271,42279,63134,86048,97309,66166,76151,89016,33064,62731,76650,70061,65288,81095,19085,37221,33346,56250,48129,02674,71379,83057,02787,31592,60620,44168,25237,32224,97102,27149,10191,82050,76166,36199,53163,40260,76453,38216,35351,58245,61262,61182,58267,02730,86241,52439,89145,15221,22311,25370,85242,28006,76296,55197,17056,81205,39183,21595,05089,37009,65303,30053,89182,50109,21292,59429,31192,48096,13118,28349,22344,36056,62658,19275,62753,47296,81269,80163,29055,84101,27176,55569,21257,59265,28267,58151,02528,28293,67459,23036,31440,64176,81003,39457,88131,88180,02770,31418,40081,09177,12026,07124,54389,30048,07149,28046,2A041,80045,62408,76369,70233,77468,62784,18102,33148,36008,21310,16310,54527,24457,34047,59323,55271,43094,69098,59342,31463,97601,22280,69089,85082,65088,18217,36066,10256,32022,26240,09193,86120,26098,56128,50115,73078,77006,70202,78522,63248,46100,21034,71072,35149,15075,83145,42191,11092,54273,02129,39208,14646,24438,40121,76082,24492,14669,01288,59277,64097,71399,89394,14082,17176,79285,14491,34167,44061,42068,14745,09146,17128,34256,55365,32148,17147,31078,14096,37185,68245,17248,88200,59174,78470,71091,62727,15024,40094,25416,21248,89273,54528,78302,25145,71364,61497,22101,41261,12277,03149,37075,01252,64357,71563,90068,38208,78472,18192,89336,46229,51211,58003,62129,59188,24202,56022,27094,29038,02508,31211,74285,68326,36009,80430,73191,83033,22196,02219,60058,54409,21470,51475,31022,65235,62388,70185,56177,42331,77053,43123,74138,71183,25197,76649,87121,11193,05124,21347,59555,77515,21545,62832,80098,54268,89353,24483,54269,32057,04075,65161,65275,61164,35279,77330,02502,39289,46324,72261,40032,14284,25584,09009,59010,57132,26365,48088,06099,64422,61361,43117,93005,61284,57580,67010,70368,65116,80290,95212,02548,53057,33031,40254,42332,16377,51077,22033,01025,54508,54382,65173,71149,25047,02696,28246,83041,80244,58218,51598,60152,55172,86260,55075,32353,31350,32281,54009,62239,14244,10237,46062,33167,32309,80543,14752,25161,70157,67380,25388,74309,50387,83050,50513,12159,64194,76053,03171,31386,89098,65023,66018,54276,74051,46120,19240,61046,26205,65345,80658,71080,39365,64005,97233,41034,80215,27051,02376,57225,64430,64410,63141,26308,22363,84065,60395,46066,23103,32304,2A254,37234,54417,39328,57573,80599,52399,76195,72327,70344,25575,62805,67270,53225,47288,38200,55531,41154,81104,53265,38279,36158,72255,60429,37015,29024,48187,50016,52424,50240,31184,50209,01005,28120,52443,60405,39329,71367,70496,19120,23025,2A295,55083,33011,59078,51532,17008,30340,31501,32026,44224,63070,37278,32290,64369,55450,76732,46147,35216,08240,08490,47218,64002,2B235,25143,22202,27307,63376,39326,01066,67052,21423,29237,63064,52047,10056,08004,34003,32082,89312,76528,69248,21329,39217,24354,55154,39143,76093,62299,40164,26316,31486,83006,76379,59220,29278,09275,11384,42146,62791,27204,34199,56253,30191,46184,95313,21215,48145,22219,70222,62809,57520,64035,52240,21224,26248,67002,28385,39491,63341,80168,80160,55220,57448,02520,64267,69179,41155,86050,08328,59347,2B194,48140,80368,46115,37096,76134,08498,78550,71056,19114,56061,76086,30331,17217,80465,70283,02800,39120,54113,79322,25051,67246,67019,14389,71015,73075,80652,30041,31062,95150,59027,12095,64517,73316,53080,73170,67264,71329,30197,08061,61013,43054,58308,35356,02269,27220,06043,34085,26076,11408,92035,51382,80335,07259,04161,78349,62487,31195,32381,51586,10153,44130,02432,24297,80527,39327,76224,65280,02034,18076,06103,88141,73160,57091,76736,71327,23204,72200,23039,03162,17092,31459,14582,86059,35023,32015,46240,21036,31394,02550,60258,60153,07155,42259,64257,16254,33448,38513,52320,07095,57599,07202,77490,13073,58106,55143,60567,39279,08095,57241,71331,07317,35063,65242,52504,32001,18106,97303,78517,55109,63329,31460,23147,15134,64132,04009,63204,39116,32446,71435,70216,65407,14132,17361,58019,83045,38320,51505,28035,08010,72021,80361,74286,48155,37144,45187,75113,54471,34078,77184,14652,72260,67201,82104,67553,71538,33302,81143,22313,68324,14141,95487,01204,54582,55459,47177,68240,02121,30049,42019,56168,62249,02591,16250,63416,71466,85227,27138,06084,26191,31453,08038,33284,80488,70390,33549,40207,78420,31137,35220,80763,47109,81253,76307,18060,77059,60159,77273,41081,21700,12189,77176,39413,71521,12078,12110,81201,38526,59544,73032,33192,39054,27056,33006,64063,21379,48148,55519,70544,21649,62480,34112,35027,50535,54059,19113,40304,22360,02221,62795,23257,02302,45205,41203,62088,10426,34149,21027,16215,21468,67479,47028,26207,40111,33533,95574,81263,11078,76637,30058,2A154,14362,76554,62499,14707,15246,50593,77038,60068,86080,71585,91035,32295,22278,25446,23024,02805,10404,72292,60040,31569,39380,02151,29273,72091,38126,32419,27039,62874,80113,27107,55252,70178,80404,02741,2B185,09209,86117,59361,77423,31076,45012,66097,70562,14740,61357,85121,05114,51391,17109,65254,35166,80722,68211,38128,62903,08400,24326,21692,18273,18267,55007,76560,24160,91665,16188,27073,79254,80676,15141,63016,92033,02367,21194,27069,59152,28004,57631,35072,79337,42095,77283,86025,73141,16089,74056,11025,68332,04126,65378,57294,37039,26220,17313,54486,54071,31427,07245,35246,69123,67557,54107,54457,89482,88449,79257,34260,88395,60366,55424,22352,76108,21317,21242,10115,71561,21508,90050,27697,11371,52489,62769,57253,05094,33473,71272,51580,33066,61219,08005,59025,53247,60042,38231,55043,43160,78642,07207,18129,28193,11023,26349,54357,66180,08195,76759,48126,54390,35054,67396,31372,84137,41096,11066,33090,57009,31013,65482,71398,88042,05074,34205,85229,34157,54548,71160,49341,17297,04118,50150,51015,57583,67498,81212,51040,31041,74290,62865,68246,02493,83109,76445,29112,76670,59656,79207,80039,80811,54497,23156,11130,76740,10309,80813,16249,31447,32416,49284,46054,51534,39561,17105,24394,51424,97208,68298,49259,55336,59509,13018,82010,02823,06113,62162,67343,52325,86034,66186,16196,25422,25534,62040,46309,21155,15216,60284,60309,02458,73275,63235,43013,17057,63368,60393,38379,62356,22114,56173,22293,35168,61440,30333,15160,57007,77267,08046,29228,43242,66232,09033,17428,51371,53202,42287,33431,73189,21202,79024,62114,50532,92007,88369,67102,71347,62247,73208,89292,16061,52287,13204,79345,88511,72269,88381,88322,63394,54453,52476,40049,95610,17281,13008,26263,08435,50363,88187,28249,53186,09114,04134,50265,89266,62745,53176,62719,86178,64043,47248,68136,54183,32404,05097,21307,77272,27468,38134,30173,53008,47104,53100,91339,88501,47236,02055,57263,21062,45314,10383,69174,58186,17085,69162,37251,66214,2B157,19220,57761,64319,35110,82174,60189,80580,60471,64053,03121,32090,63473,40282,71012,24423,60205,50217,80442,14438,65052,21271,15149,31007,54515,79083,89093,27316,17199,53102,23252,73270,25278,59498,38437,54554,52468,33491,80346,62909,47265,58224,73096,36173,14041,02074,76392,07338,41054,63437,42303,79225,87088,27072,52303,38236,39394,88314,68001,39527,67278,80616,10102,57272,66220,54304,24348,31335,09232,89207,76200,02246,88100,76437,54024,18137,35091,32068,70186,15155,33094,35343,45148,78451,21432,89048,84138,14613,39259,38505,18238,19259,77190,08116,52128,26096,03048,83114,71136,95658,67282,61276,51333,64549,05178,59519,62346,57494,25191,14588,17108,47229,32299,60019,74304,24517,81237,27014,80274,60612,57593,71457,71169,27189,77391,01387,21398,02031,31442,14404,59654,46079,58244,19176,55028,80700,08348,35085,25604,65295,95447,89096,80153,80267,80677,24154,85005,27079,41110,08315,25367,37012,06053,10047,81261,79122,60147,60653,42053,50615,62209,02562,26012,02036,21655,35090,68260,25184,27454,60425,33135,74118,25259,76589,95169,70252,69234,27085,88055,88475,50464,49369,71381,10386,65456,21336,01453,40216,01148,14761,85047,67507,47021,14572,21071,88358,23194,62533,45043,24256,39141,67055,50454,45036,70134,38442,23031,33310,71450,91315,61044,80158,07053,30152,55040,46203,64295,66205,57121,02737,61448,55456,88299,22324,33188,55521,74211,77057,70111,34058,08220,33377,46254,63199,70484,48041,21552,01343,21533,18059,35319,71416,76624,90008,17363,81218,80371,87022,62055,54599,15077,51232,33279,21343,27417,76393,63349,80125,15100,04208,71167,14019,43066,73263,70554,44209,25095,59502,55330,81183,32261,10196,45250,45233,02691,35101,71542,64226,49061,31228,12007,64202,80386,24075,36194,74189,11351,56052,65026,17210,62031,70295,56219,42178,91649,22109,02308,65123,03161,46205,30177,22359,47085,59636,54355,76668,11356,41027,04037,76187,28163,57130,21183,64212,49334,41019,77026,81004,77171,60025,86205,33266,56199,51296,07237,73290,74284,84131,37035,32448,32368,77186,24456,34169,77397,91132,51327,50399,57609,11035,35239,26202,17264,48075,77534,10265,68059,76258,08071,38484,60113,80493,64453,43190,55490,70329,62253,55333,89280,69140,60605,54275,88108,27601,80777,36082,14285,27638,65219,62101,69077,21286,80751,02494,47224,42316,28190,18120,34056,68261,47179,80227,58011,51194,42152,70513,86193,62879,47150,18226,24053,25463,39202,62606,15257,73219,2B110,71535,12219,01026,19073,65316,32275,76600,06009,26106,76155,77234,14708,57670,27699,61232,62146,76738,64349,63032,01022,57111,2B087,08066,95061,60172,69187,88298,17046,66107,61261,46171,64397,58208,33071,32256,68262,95341,41293,68044,03175,51290,79149,54233,77257,14336,58080,17249,01229,85160,01432,74025,86200,29279,24403,2A323,80262,72307,64328,02275,07090,30343,36187,30171,72002,68386,50529,27453,39172,30309,82066,59142,26170,17262,91546,40193,03296,42203,59129,05055,49332,67406,25133,88198,47001,16175,38097,84046,71359,51486,55289,30126,64281,82190,62625,54495,53204,12038,59102,32328,76255,31130,19205,33503,10351,14741,19015,27536,38152,19100,77353,01291,76026,57401,62883,36069,56241,87186,37005,05038,30241,63168,72236,80461,47323,03170,80127,39534,24535,30226,58199,26117,57037,16242,54126,86158,30160,63242,45246,65119,88345,15265,64476,24105,64398,53003,30200,47267,39555,56155,68100,69018,45252,57556,50062,02593,18070,25226,59650,48136,54114,72163,65438,2B015,46251,45147,08031,88398,60201,24038,14660,76532,89349,62138,2B301,44127,38158,16326,80827,25218,16066,55443,54004,76605,41080,54602,16074,31433,46043,10280,32450,78380,25060,54445,18275,59002,76167,40067,58214,69031,14744,2A240,02751,76243,14216,71328,08320,79095,79101,28386,27692,40065,39335,59156,67559,03311,59286,28337,60056,18152,39099,60442,39387,24412,69177,79223,56252,31158,51342,37182,97305,64355,65178,28406,82074,42139,43223,33496,21616,36221,76515,90080,41260,08260,53206,25312,29111,33211,61508,87111,01237,38557,51588,08194,90032,10099,88401,84075,51360,80455,31122,87065,18054,23142,50390,26073,57203,64306,56151,62042,79166,34228,73079,67463,51142,35186,31109,15097,74163,29144,11376,85205,34032,38451,22018,62289,02380,62488,16182,51240,02041,55017,07132,13072,26104,05093,47266,17177,21060,37179,43142,64466,63327,57497,80638,08305,33016,59076,25078,76747,76514,77260,39095,67558,21180,95352,37225,61460,45150,23178,70225,85156,21325,03166,24309,14275,68282,83049,39353,19096,26105,07017,67422,14250,48095,82049,01173,61104,64305,01214,38062,71216,27132,54287,57693,38336,38560,57252,56099,51289,21615,22351,22076,38466,47305,36080,28357,32171,61283,79104,57728,62824,68013,70450,11153,27113,88197,51080,27155,03012,62206,21534,21004,78230,23057,86170,69081,36220,41249,45041,81108,51419,77248,25114,08279,17019,97112,27623,09045,21209,89400,02828,07243,21499,77421,32314,54370,38071,87114,51292,64011,82156,17097,23096,47254,2B182,05056,67212,08274,59597,21043,77070,57720,80238,14319,61332,25608,51573,16251,16009,68237,69176,52280,60128,08485,68159,60354,16384,42133,53033,57617,03227,43021,36043,53022,55378,08041,50546,89412,80556,01372,14348,94017,25108,12214,55427,71494,33254,22174,32421,43236,13039,27485,88289,69273,50155,88334,62062,37190,29267,70156,46106,57131,97421,86294,39403,76585,86099,38551,36214,16037,03034,71133,89464,03147,17312,39216,80436,10029,52415,86288,86097,32076,64026,62279,09140,43091,16421,21629,17171,49221,56237,59169,71357,80569,21088,71054,36070,36144,59579,09132,89226,54492,75112,32321,18099,50143,09252,13115,29261,88150,01283,88075,38027,11387,84118,71313,02018,67106,15213,59563,71022,70298,24501,28287,71301,86189,58054,14091,23111,46145,33238,31574,46153,78362,35245,85129,23069,70516,70320,51607,55373,08022,42175,81283,62240,25242,03189,77033,49092,24485,61336,59468,08469,71551,52278,33466,64554,36123,38224,43055,67025,50480,80101,18162,77261,88171,70423,16378,68268,23116,09228,39072,19099,54257,61123,42220,80217,81262,2A310,28362,47237,76207,29060,62626,67483,24496,23207,17338,41036,62307,14405,73095,50409,91312,89215,25384,67271,51551,10180,13071,10281,75119,22081,30125,55520,34172,31069,24142,21436,64151,52524,18173,10052,77175,66198,88090,02120,71126,81001,25321,88408,55544,86223,26271,17179,70565,59160,53158,06098,27693,28172,55484,89189,32095,25547,78444,02457,32354,47020,65463,07340,63224,80662,21101,22188,31075,27311,2B202,38545,58222,60588,41158,59109,01213,72042,52295,77134,18247,51583,48043,25414,74027,13025,65210,70550,34152,51418,65051,38223,78354,59495,54078,53250,89449,55254,37021,86295,80560,26360,64348,11021,78413,50298,11428,38127,61461,50472,68259,54423,80615,45138,71094,64322,39085,47074,05065,70234,2B184,33383,47259,72185,73110,51638,22060,31565,60483,71448,86012,28232,18215,24542,72272,17133,21167,80561,80496,53200,70481,72013,95426,28313,67128,02442,79335,91602,74107,53219,60061,14177,38486,06061,84120,29189,70310,89472,68350,74077,62061,05139,72100,61218,10216,02174,22274,29120,78502,24477,14149,18001,71178,63471,25623,65108,89379,10021,15089,77062,44223,18266,54500,19155,32092,80147,55121,17351,31544,58246,59588,38138,17233,31559,54291,04193,39437,73292,08006,19227,51220,46308,82087,02810,29146,52185,30013,21451,55222,34070,39034,24241,89391,64246,80212,07114,02106,68306,54197,35189,76601,82064,55348,35057,27109,12231,57472,73129,66080,26236,89159,66148,2B329,71141,69267,45194,57680,60501,68258,71263,32252,76665,13089,33356,51523,07290,49236,02332,44205,70388,16418,57565,32390,11187,80794,22147,27599,80803,60027,54042,53025,97220,43016,22333,79307,03203,62513,05104,42075,33543,86104,19165,88444,50289,91635,62006,77022,31010,41088,65428,37208,76634,08448,57192,79148,60430,95019,35250,31403,26321,01451,25212,72209,59305,88321,02159,60193,63059,88050,43151,58297,47066,82020,16024,08503,64136,35207,33435,52450,29109,59618,62078,21296,46104,19245,29192,30222,83094,12230,67462,81217,15110,53049,59197,84063,63289,76280,44082,28236,69297,73269,60518,30095,14241,35253,67513,17034,27560,69038,07073,01434,73182,04020,42073,65268,09314,78048,60590,01423,06038,18091,09113,76054,63131,04087,26329,72317,33123,88082,11395,02401,63001,55359,61374,07233,95018,67450,31115,54077,52201,57426,14650,40086,63219,14701,68297,76302,70280,11393,21218,06008,71584,09245,68292,16110,27584,57645,88258,60295,14393,10324,25018,01056,29134,37115,76590,01242,77533,52318,21228,10164,62840,77123,65238,81065,02189,70208,83153,64105,80579,76314,70227,31134,45013,01456,33022,14335,24473,02093,63124,31215,21348,51146,21391,50578,15235,90066,85208,21573,02125,38465,63355,67291,62672,51478,24216,2A098,15207,74016,31528,41071,49167,16220,42042,28342,70020,57692,40293,12128,86263,67524,05033,85134,04025,14046,08043,24019,65443,88391,44024,28264,63107,59219,39447,54307,19152,68210,65060,40044,60398,17435,24063,78087,89460,32194,32420,29182,35038,54345,10150,81229,63090,69132,58041,62557,67394,84106,36017,80364,65287,63436,72262,67407,70553,29280,62599,77162,50148,67329,11222,10279,29197,64492,17460,88161,79071,67156,65442,21650,58075,52519,40280,04154,76153,43201,50429,76315,07011,55004,70447,66189,14424,66103,57663,63303,45342,26327,59625,09133,24321,72305,45027,68367,16346,57754,51028,69053,19044,65085,28111,88413,24122,06069,40236,26313,73085,54262,76313,55173,16144,29250,52373,03084,31026,62792,70232,37081,77101,03144,64116,27423,39415,85151,38430,47170,45143,70195,65074,40012,17472,57287,25121,18182,17263,28170,32210,17013,60633,51110,04141,81035,65282,86169,14289,60573,78010,54510,57001,12120,58111,76238,51120,57307,97401,60559,32008,14274,72095,34050,55323,46121,61272,54530,57089,15263,12070,52084,31225,88489,72357,87014,14140,66175,59503,11012,28151,74239,35144,24573,38095,64080,22059,71489,38528,76616,51431,50232,97115,27470,77439,57667,48185,13062,71165,31302,18212,51438,13216,37105,62291,76004,67444,66124,71047,27285,79015,11212,60382,62678,06152,22284,54306,32177,51328,88037,35003,67464,97402,55546,57561,86192,17168,79306,61130,57739,58239,42227,10355,24222,36098,40333,26328,27038,52327,79002,66035,27031,57057,62771,21066,03303,15041,32355,27170,27635,60206,38409,62405,73021,64083,73301,44194,89359,14644,57058,57347,52328,67456,76260,55534,09247,37240,68378,11427,81319,59442,43050,29091,31310,59605,52357,44080,03065,31087,60493,22124,15073,51343,10295,29268,72251,31245,31152,01096,61035,69066,33443,60574,57011,26038,60223,33459,15078,97353,60199,67204,53046,58164,58024,37011,18105,39110,31445,49020,74199,73177,67088,65001,69169,22215,54271,57145,31355,47250,75110,73173,58027,40334,27527,89434,88031,24016,08340,79286,23185,26350,57358,15152,55515,35137,02487,44195,58212,80822,11086,70493,31555,30321,21395,54101,80177,45081,32398,08481,63200,16301,49223,22267,34101,52354,53127,77067,33365,68223,72143,73194,55062,22168,52031,80470,03228,51188,59162,62085,09216,2B296,23098,30180,59049,53096,77414,30335,21223,28274,97126,62868,04109,62007,78053,01071,41213,64175,60197,57332,53015,64191,04021,60378,61198,11248,77218,46018,10228,41266,19107,42050,52505,64463,17342,91195,55138,22164,85239,61304,10241,54489,49352,38449,27445,48012,51567,79032,55549,76576,06042,60617,40210,21044,85252,57452,45087,97412,94058,50489,07214,02598,03104,27405,60270,24286,38013,11404,49219,27620,55195,22371,41201,46260,58161,55388,11144,08164,71378,44010,16349,41243,67339,11272,31466,74265,47059,89378,76593,51564,02078,55343,2B334,60563,66091,42295,57702,02196,76400,89214,81052,57559,45259,46172,91100,77205,78090,52248,02290,51525,82085,70482,24381,42167,25609,02163,61445,39136,88402,70112,66157,89259,16216,18085,74267,10040,68203,50235,21667,22335,35214,17350,10422,48193,73104,24107,31088,74098,79203,91340,62363,08440,14098,60435,77122,37220,26010,79190,77435,50285,25615,08109,55022,29020,52391,28121,02303,76645,76623,12001,42174,62467,76292,10006,54049,28091,52058,04199,76721,59320,71319,10273,27182,60601,97604,65293,85223,51244,28207,69103,76412,18278,27517,35226,55158,2A008,33402,63103,31231,38209,67440,22172,64021,01177,77448,67111,66095,56043,27237,21251,10042,44063,33085,36238,76482,95094,88346,08094,32049,62759,60443,17141,56139,67387,77151,66194,27006,05115,57233,88390,44069,21356,43165,56218,19026,26289,52138,51367,68309,15151,29241,10008,51414,31567,21250,63165,59243,71268,50603,62527,95040,01254,97107,58178,80376,80784,64216,38261,31120,52037,21560,15183,61189,37154,61466,52009,33230,61481,85106,67503,38258,51349,38428,38549}","",2026-03-24 14:41:32.274366+01,gold_establishments_2025,,,,13002603200016,2025,Établissement public,National,"['Ain', 'Aisne', 'Allier', 'Alpes-de-Haute-Provence', 'Hautes-Alpes', 'Alpes-Maritimes', 'Ardèche', ","['Guadeloupe', 'Martinique', 'Guyane', 'La Réunion', 'Mayotte', 'Île-de-France', 'Centre-Val de Loir",EPIC-EPA,"{01,02,03,04,05,06,07,08,09,10,11,12,13,14,15,16,17,18,19,21,22,23,24,25,26,27,28,29,2A,2B,30,31,32,33,34,35,36,37,38,39,40,41,42,43,44,45,46,47,48,49,50,51,52,53,54,55,56,57,58,59,60,61,62,63,64,65,66,67,68,69,70,71,72,73,74,75,76,77,78,79,80,81,82,83,84,85,86,87,88,89,90,91,92,93,94,95,971,972,973,974,976}","{01,02,03,04,06,11,24,27,28,32,44,52,53,75,76,84,93,94}"
b5099894-4ac5-47c3-af44-9537c435088b,243300316,Bordeaux Métropole (33),false,"{33003,33004,33013,33032,33039,33056,33063,33065,33069,33075,33096,33119,33162,33167,33192,33200,33249,33273,33281,33312,33318,33376,33434,33449,33487,33519,33522,33550}",ME,2026-03-24 14:41:51.447482+01,gold_establishments_2025,,,,24330031600011,2025,Collectivité Territoriale,Intercommunalité,['Gironde'],['Nouvelle-Aquitaine'],METRO,{33},{75}
9364f8a8-659b-451f-aead-5f81971c2e27,242900314,Brest Métropole (29),false,"{29011,29019,29061,29069,29075,29189,29212,29235}",ME,2026-03-24 14:41:49.581307+01,gold_establishments_2025,,,,24290031400012,2025,Collectivité Territoriale,Intercommunalité,['Finistère'],['Bretagne'],METRO,{29},{53}
572d3d18-3ade-4cf6-9fed-528261117c7c,200070407,CA Agglo Pays d'Issoire (63),false,"{63005,63006,63007,63009,63017,63022,63029,63031,63036,63046,63050,63051,63052,63054,63073,63074,63079,63080,63087,63088,63091,63097,63109,63111,63114,63121,63122,63134,63145,63156,63160,63166,63172,63178,63182,63185,63199,63202,63209,63220,63222,63234,63241,63242,63250,63255,63261,63268,63269,63270,63275,63277,63282,63287,63299,63303,63313,63321,63340,63342,63348,63352,63356,63357,63366,63367,63375,63376,63389,63392,63403,63404,63409,63411,63415,63422,63423,63429,63435,63439,63442,63444,63448,63452,63456,63458,63466}",CA,2026-03-24 14:41:49.581307+01,gold_establishments_2025,,,,20007040700222,2025,Collectivité Territoriale,Intercommunalité,['Puy-de-Dôme'],['Auvergne-Rhône-Alpes'],CA,{63},{84}
c7579ec6-217c-4116-9d74-077acbe487c0,200040277,CA Agglo du Pays de Dreux (27),false,"{27230,27355,27376,27378,27438,27543,28001,28003,28007,28008,28014,28030,28036,28037,28045,28050,28053,28054,28055,28059,28062,28064,28076,28082,28087,28089,28090,28096,28098,28117,28120,28124,28134,28136,28143,28147,28151,28155,28170,28171,28178,28180,28187,28206,28216,28223,28226,28231,28235,28239,28247,28251,28267,28289,28292,28293,28308,28312,28315,28321,28322,28323,28332,28341,28346,28348,28351,28355,28359,28360,28369,28371,28374,28375,28377,28386,28393,28394,28404,28405,28415}",CA,2026-03-24 14:41:49.581307+01,gold_establishments_2025,,,,20004027700010,2025,Collectivité Territoriale,Intercommunalité,"['Eure', 'Eure-et-Loir']",['Centre-Val de Loire'],CA,"{27,28}",{24}
d87986b0-9ce3-4c27-bf22-c755cec4d953,200096956,CA Agglomération d'Agen (47),false,"{47001,47015,47016,47019,47025,47030,47031,47032,47040,47051,47060,47062,47069,47076,47082,47087,47091,47092,47100,47128,47137,47145,47158,47169,47201,47209,47217,47225,47234,47238,47246,47248,47255,47260,47262,47269,47274,47279,47281,47288,47289,47293,47300,47305}",CA,2026-03-24 14:41:49.581307+01,gold_establishments_2025,,,,20009695600012,2025,Collectivité Territoriale,Intercommunalité,['Lot-et-Garonne'],['Nouvelle-Aquitaine'],CA,{47},{75}
f69a358d-1025-427c-b322-bbb60698b664,200066918,CA Alès Agglomération (30),false,"{30007,30010,30022,30027,30042,30044,30046,30051,30053,30055,30072,30077,30079,30080,30090,30100,30101,30109,30129,30130,30132,30137,30142,30147,30152,30158,30159,30161,30162,30165,30168,30173,30177,30188,30197,30203,30214,30223,30236,30239,30240,30243,30246,30250,30253,30259,30261,30264,30267,30268,30269,30270,30271,30274,30275,30284,30285,30291,30294,30298,30305,30307,30316,30318,30320,30323,30329,30330,30335,30345,30348}",CA,2026-03-24 14:41:49.581307+01,gold_establishments_2025,,,,20006691800018,2025,Collectivité Territoriale,Intercommunalité,['Gard'],['Occitanie'],CA,{30},{76}
981932ad-fb36-4c67-bac9-2ac4845026af,248000531,CA Amiens Métropole (80),false,"{80020,80021,80092,80107,80130,80131,80160,80164,80173,80198,80225,80256,80261,80291,80305,80379,80387,80399,80424,80489,80626,80632,80639,80650,80668,80670,80674,80690,80696,80702,80717,80722,80724,80725,80730,80735,80752,80782,80791}",CA,2026-03-24 14:41:51.447482+01,gold_establishments_2025,,,,24800053100173,2025,Collectivité Territoriale,Intercommunalité,['Somme'],['Hauts-de-France'],CA,{80},{32}
78a69438-5a3e-4aee-a3b0-cf0c325f3e5a,200011773,CA Annemasse-Les Voirons-Agglomération (74),false,"{74008,74012,74040,74094,74118,74133,74145,74153,74158,74229,74298,74305}",CA,2026-03-24 14:41:49.581307+01,gold_establishments_2025,,,,20001177300104,2025,Collectivité Territoriale,Intercommunalité,['Haute-Savoie'],['Auvergne-Rhône-Alpes'],CA,{74},{84}
ae4f0abb-bcc1-4448-b515-bc9f90bad5d7,200072015,CA Annonay Rhône Agglo (07),false,"{07010,07013,07036,07041,07044,07056,07067,07078,07089,07143,07160,07172,07188,07197,07225,07227,07228,07243,07258,07265,07310,07313,07317,07321,07333,07337,07342,07344,07347}",CA,2026-03-24 14:41:49.581307+01,gold_establishments_2025,,,,20007201500015,2025,Collectivité Territoriale,Intercommunalité,['Ardèche'],['Auvergne-Rhône-Alpes'],CA,{07},{84}
7ce99a16-2194-4fb0-b529-087c4ccba208,200073096,CA Arche Agglo (07),false,"{07014,07039,07040,07063,07068,07069,07086,07097,07140,07152,07170,07177,07217,07236,07245,07301,07312,07324,07335,07345,26014,26028,26038,26061,26071,26072,26077,26092,26110,26119,26156,26174,26177,26179,26194,26250,26271,26301,26341,26347,26380}",CA,2026-03-24 14:41:49.581307+01,gold_establishments_2025,,,,20007309600014,2025,Collectivité Territoriale,Intercommunalité,"['Ardèche', 'Drôme']",['Auvergne-Rhône-Alpes'],CA,"{07,26}",{84}
224aa2f1-9c51-4c96-bf17-a88fa96e2a6a,200041630,CA Ardenne Métropole (08),false,"{08003,08022,08040,08043,08053,08058,08096,08101,08105,08119,08125,08136,08137,08140,08142,08158,08162,08170,08173,08174,08179,08180,08187,08188,08191,08194,08199,08209,08216,08230,08232,08235,08263,08298,08316,08327,08328,08331,08342,08343,08346,08377,08385,08391,08400,08408,08409,08445,08457,08480,08481,08483,08488,08491,08492,08494,08497}",CA,2026-03-24 14:41:49.581307+01,gold_establishments_2025,,,,20004163000019,2025,Collectivité Territoriale,Intercommunalité,['Ardennes'],['Grand Est'],CA,{08},{44}
ef8feb9d-9ad3-4787-af09-fef90a98ea02,200068997,CA Arlysère (73),false,"{73011,73014,73032,73034,73048,73061,73063,73086,73088,73094,73110,73114,73121,73123,73124,73129,73130,73132,73153,73154,73162,73170,73186,73188,73196,73202,73211,73216,73241,73262,73268,73283,73292,73297,73298,73303,73308,73312,73317}",CA,2026-03-24 14:41:49.581307+01,gold_establishments_2025,,,,20006899700010,2025,Collectivité Territoriale,Intercommunalité,['Savoie'],['Auvergne-Rhône-Alpes'],CA,{73},{84}
fda56b1f-7176-4e5b-8043-57808acde2d7,243300563,CA Bassin d'Arcachon Sud (COBAS) (33),false,"{33009,33199,33527,33529}",CA,2026-03-24 14:41:51.447482+01,gold_establishments_2025,,,,24330056300026,2025,Collectivité Territoriale,Intercommunalité,['Gironde'],['Nouvelle-Aquitaine'],CA,{33},{75}
012c6768-0a41-41a6-80db-dfcd43a0b5a5,200006682,"CA Beaune, Côte et Sud - Communauté Beaune-Chagny-Nolay (21)",false,"{21010,21032,21037,21050,21054,21086,21092,21099,21150,21170,21173,21185,21189,21190,21193,21195,21196,21236,21241,21327,21347,21387,21397,21401,21405,21411,21412,21420,21423,21428,21450,21461,21480,21492,21512,21527,21534,21541,21558,21569,21582,21583,21590,21606,21616,21636,21684,21712,71073,71085,71119,71174,71343}",CA,2026-03-24 14:41:49.581307+01,gold_establishments_2025,,,,20000668200013,2025,Collectivité Territoriale,Intercommunalité,"[""Côte-d'Or"", 'Saône-et-Loire']",['Bourgogne-Franche-Comté'],CA,"{21,71}",{27}
68f0ec31-27e6-445b-b71f-27183969a3d8,200070647,CA Bergeracoise (24),false,"{24037,24051,24054,24126,24140,24145,24148,24182,24191,24193,24194,24197,24222,24224,24225,24237,24246,24267,24274,24276,24277,24296,24331,24340,24345,24349,24351,24357,24413,24419,24420,24437,24472,24487,24499,24523,24534,24549}",CA,2026-03-24 14:41:49.581307+01,gold_establishments_2025,,,,20007064700017,2025,Collectivité Territoriale,Intercommunalité,['Dordogne'],['Nouvelle-Aquitaine'],CA,{24},{75}
34b62bc2-ab69-4764-a0e6-c5dd6772353f,241800507,CA Bourges Plus (18),false,"{18006,18008,18028,18033,18050,18129,18138,18141,18157,18180,18205,18213,18218,18226,18255,18267,18288}",CA,2026-03-24 14:41:49.581307+01,gold_establishments_2025,,,,24180050700071,2025,Collectivité Territoriale,Intercommunalité,['Cher'],['Centre-Val de Loire'],CA,{18},{24}
6fa8c087-2d0f-4a00-a40c-516d1e971440,249740077,CA CIVIS (Communauté Intercommunale des Villes Solidaires) (974),false,"{97401,97404,97405,97414,97416,97424}",CA,2026-03-24 14:41:51.447482+01,gold_establishments_2025,,,,24974007700048,2025,Collectivité Territoriale,Intercommunalité,['La Réunion'],['La Réunion'],CA,{974},{04}
7bbe235b-4cdf-47d4-be33-483a3d37875a,200039915,CA Cannes Pays de Lérins (06),false,"{06029,06030,06079,06085,06138}",CA,2026-03-24 14:41:49.581307+01,gold_establishments_2025,,,,20003991500018,2025,Collectivité Territoriale,Intercommunalité,['Alpes-Maritimes'],"[""Provence-Alpes-Côte d'Azur""]",CA,{06},{93}
1a8bc7ef-fbf1-4b3d-9dba-e965197e55c4,200018653,CA Cap Excellence (971),false,"{97101,97103,97120}",CA,2026-03-24 14:41:49.581307+01,gold_establishments_2025,,,,20001865300010,2025,Collectivité Territoriale,Intercommunalité,['Guadeloupe'],['Guadeloupe'],CA,{971},{01}
7810fb77-32a6-4b05-b76c-600925dff09b,200035715,CA Carcassonne Agglo (11),false,"{11001,11005,11009,11011,11016,11018,11022,11023,11025,11027,11037,11042,11043,11056,11068,11069,11075,11081,11083,11084,11085,11088,11092,11095,11099,11102,11122,11133,11146,11151,11179,11190,11198,11199,11200,11201,11205,11215,11220,11223,11227,11242,11248,11251,11253,11257,11259,11272,11279,11280,11286,11288,11293,11299,11301,11308,11314,11315,11325,11327,11330,11340,11342,11357,11368,11378,11387,11395,11396,11397,11404,11408,11410,11414,11416,11422,11423,11425,11426,11429,11433,11437,11440}",CA,2026-03-24 14:41:49.581307+01,gold_establishments_2025,,,,20003571500016,2025,Collectivité Territoriale,Intercommunalité,['Aude'],['Occitanie'],CA,{11},{76}
849b0b3b-6ca6-4c4f-8c26-e76c548c0fc7,200010700,CA Caux Seine Agglo (76),false,"{76002,76022,76082,76090,76092,76114,76115,76164,76181,76182,76236,76258,76279,76281,76318,76329,76342,76362,76382,76384,76388,76398,76401,76418,76421,76439,76468,76471,76473,76476,76494,76499,76518,76543,76556,76557,76559,76576,76585,76592,76593,76622,76626,76627,76684,76710,76712,76715,76727,76751}",CA,2026-03-24 14:41:49.581307+01,gold_establishments_2025,,,,20001070000017,2025,Collectivité Territoriale,Intercommunalité,['Seine-Maritime'],['Normandie'],CA,{76},{28}
816ea873-931e-4420-955f-e0b08854c20a,200033181,CA Chartres Métropole (28),false,"{28004,28006,28022,28024,28034,28035,28047,28048,28049,28052,28060,28068,28070,28073,28084,28085,28095,28100,28102,28104,28107,28110,28122,28128,28129,28141,28158,28160,28162,28163,28173,28177,28194,28195,28201,28209,28218,28220,28227,28229,28245,28246,28253,28254,28255,28269,28278,28281,28285,28286,28301,28309,28317,28325,28337,28344,28358,28365,28366,28380,28383,28388,28397,28403,28419,28421}",CA,2026-03-24 14:41:49.581307+01,gold_establishments_2025,,,,20003318100013,2025,Collectivité Territoriale,Intercommunalité,['Eure-et-Loir'],['Centre-Val de Loire'],CA,{28},{24}
de525036-310f-409a-9f67-c109060b6b66,200071785,CA Chauny-Tergnier-La Fère (02),false,"{02001,02002,02014,02016,02017,02041,02056,02059,02074,02081,02086,02122,02139,02145,02165,02173,02207,02212,02222,02260,02262,02304,02329,02335,02336,02362,02431,02456,02461,02473,02474,02492,02542,02546,02566,02599,02631,02651,02680,02685,02716,02719,02738,02746,02754,02788,02807,02820}",CA,2026-03-24 14:41:49.581307+01,gold_establishments_2025,,,,20007178500014,2025,Collectivité Territoriale,Intercommunalité,['Aisne'],['Hauts-de-France'],CA,{02},{32}
f5868258-7bbb-4af0-9c4a-3e8ba22a479e,200071678,CA Cholet Agglomération (49),false,"{49027,49057,49058,49070,49099,49102,49109,49192,49193,49195,49211,49231,49236,49240,49260,49269,49299,49310,49332,49336,49343,49352,49355,49371,49373,49381}",CA,2026-03-24 14:41:49.581307+01,gold_establishments_2025,,,,20007167800011,2025,Collectivité Territoriale,Intercommunalité,['Maine-et-Loire'],['Pays de la Loire'],CA,{49},{52}
69287467-7fa6-4c4d-b9ce-425b402f9a39,243600327,CA Châteauroux Métropole (36),false,"{36005,36009,36044,36057,36063,36064,36071,36089,36101,36112,36128,36159,36202,36211}",CA,2026-03-24 14:41:51.447482+01,gold_establishments_2025,,,,24360032700015,2025,Collectivité Territoriale,Intercommunalité,['Indre'],['Centre-Val de Loire'],CA,{36},{24}
c507e1e2-0f01-4175-b2ec-3452a4c6870c,200067635,CA Clisson Sèvre et Maine Agglo (44),false,"{44002,44022,44037,44043,44063,44064,44070,44071,44088,44100,44127,44142,44159,44165,44173,44216}",CA,2026-03-24 14:41:49.581307+01,gold_establishments_2025,,,,20006763500132,2025,Collectivité Territoriale,Intercommunalité,['Loire-Atlantique'],['Pays de la Loire'],CA,{44},{52}
7d617752-f37f-4e26-99fe-7238ac982dda,246800726,CA Colmar Agglomération (68),false,"{68007,68038,68066,68095,68134,68143,68145,68146,68155,68157,68227,68237,68295,68331,68338,68354,68365,68366,68374,68385}",CA,2026-03-24 14:41:51.447482+01,gold_establishments_2025,,,,24680072600019,2025,Collectivité Territoriale,Intercommunalité,['Haut-Rhin'],['Grand Est'],CA,{68},{44}
6f2a83b0-096c-4479-847a-06e6c033ef0e,200056232,CA Communauté Paris-Saclay (91),false,"{91044,91122,91136,91161,91216,91272,91275,91312,91339,91345,91363,91377,91425,91458,91471,91477,91534,91538,91587,91635,91645,91661,91665,91666,91679,91689,91692}",CA,2026-03-24 14:41:49.581307+01,gold_establishments_2025,,,,20005623200149,2025,Collectivité Territoriale,Intercommunalité,['Essonne'],['Île-de-France'],CA,{91},{11}
d5bc54ab-ee9f-4e27-9dc4-e92574089f4f,242900769,CA Concarneau Cornouaille Agglomération (29),false,"{29039,29049,29146,29153,29217,29241,29272,29281,29293}",CA,2026-03-24 14:41:49.581307+01,gold_establishments_2025,,,,24290076900124,2025,Collectivité Territoriale,Intercommunalité,['Finistère'],['Bretagne'],CA,{29},{53}
71918ff7-5c9e-48c0-9b69-d22f90c082f2,200090504,CA Coulommiers Pays de Brie (77),false,"{77002,77013,77024,77042,77047,77057,77063,77070,77078,77084,77106,77113,77117,77125,77128,77130,77131,77141,77142,77151,77154,77176,77183,77206,77219,77224,77225,77238,77265,77270,77278,77281,77290,77320,77331,77360,77361,77371,77388,77397,77400,77401,77415,77433,77440,77443,77448,77451,77466,77469,77478,77484,77521,77529}",CA,2026-03-24 14:41:49.581307+01,gold_establishments_2025,,,,20009050400016,2025,Collectivité Territoriale,Intercommunalité,['Seine-et-Marne'],['Île-de-France'],CA,{77},{11}
da946e26-e5b1-4a01-8ddc-447c213a92c8,200068047,CA Creil Sud Oise (60),false,"{60173,60175,60391,60414,60463,60551,60584,60589,60601,60635,60684}",CA,2026-03-24 14:41:49.581307+01,gold_establishments_2025,,,,20006804700014,2025,Collectivité Territoriale,Intercommunalité,['Oise'],['Hauts-de-France'],CA,{60},{32}
16ac8087-8594-4648-ba87-387d25fcef1e,200057859,CA Cœur d'Essonne Agglomération (91),false,"{91021,91041,91103,91105,91115,91156,91207,91235,91292,91333,91347,91376,91434,91457,91461,91494,91549,91552,91570,91667,91685}",CA,2026-03-24 14:41:49.581307+01,gold_establishments_2025,,,,20005785900015,2025,Collectivité Territoriale,Intercommunalité,['Essonne'],['Île-de-France'],CA,{91},{11}
2f92a623-9180-42bc-a6e8-402d701bff6c,245901152,CA Cœur d'Ostrevent (59),false,"{59008,59024,59113,59185,59203,59227,59314,59345,59354,59375,59390,59409,59414,59456,59501,59574,59596,59629,59637,59642}",CC,2026-03-24 14:41:51.447482+01,gold_establishments_2025,,,,24590115200018,2025,Collectivité Territoriale,Intercommunalité,['Nord'],['Hauts-de-France'],CA,{59},{32}
53f798c5-16d5-4bbf-bcd0-5d2343ac3c63,200040947,CA Cœur de Flandre (59),false,"{59018,59043,59054,59073,59084,59086,59087,59091,59119,59120,59135,59180,59184,59189,59237,59262,59282,59295,59308,59318,59366,59399,59401,59416,59423,59431,59436,59443,59453,59454,59469,59497,59516,59535,59536,59546,59568,59577,59578,59580,59581,59582,59587,59590,59615,59634,59655,59662,59667,59669}",CC,2026-03-24 14:41:49.581307+01,gold_establishments_2025,,,,20004094700190,2025,Collectivité Territoriale,Intercommunalité,['Nord'],['Hauts-de-France'],CA,{59},{32}
13bc070e-3be7-4e20-81c9-9515b05f9d1c,200068989,CA Dinan Agglomération (22),false,"{22003,22008,22014,22020,22021,22026,22032,22035,22036,22048,22049,22050,22056,22069,22071,22082,22096,22097,22103,22104,22105,22118,22143,22145,22172,22174,22179,22180,22190,22197,22201,22205,22208,22209,22213,22237,22239,22240,22259,22263,22268,22274,22280,22282,22299,22302,22305,22306,22308,22311,22312,22315,22317,22318,22323,22327,22339,22342,22352,22364,22380,22385,22388,22391}",CA,2026-03-24 14:41:49.581307+01,gold_establishments_2025,,,,20006898900140,2025,Collectivité Territoriale,Intercommunalité,"[""Côtes-d'Armor""]",['Bretagne'],CA,{22},{53}
b7ce8437-49cc-4001-b402-81f7fcf23ccb,200044618,CA Douaisis Agglo (59),false,"{59007,59015,59026,59028,59115,59117,59126,59156,59165,59170,59178,59199,59211,59214,59222,59224,59228,59234,59239,59254,59263,59276,59280,59327,59329,59334,59336,59379,59486,59489,59509,59513,59569,59620,59654}",CA,2026-03-24 14:41:49.581307+01,gold_establishments_2025,,,,20004461800011,2025,Collectivité Territoriale,Intercommunalité,['Nord'],['Hauts-de-France'],CA,{59},{32}
4fa3ee6a-6e08-472a-9928-4d2135df5d46,248300493,CA Dracénie Provence Verdon Agglomération (83),false,"{83003,83004,83010,83011,83013,83028,83038,83041,83044,83050,83056,83058,83072,83082,83085,83086,83109,83121,83128,83134,83141,83148,83154}",CA,2026-03-24 14:41:51.447482+01,gold_establishments_2025,,,,24830049300124,2025,Collectivité Territoriale,Intercommunalité,['Var'],"[""Provence-Alpes-Côte d'Azur""]",CA,{83},{93}
58da5b5b-c55f-47db-85b9-9eff034cbc47,200034700,CA Durance-Lubéron-Verdon Agglomération (04),false,"{04004,04034,04035,04041,04063,04077,04081,04094,04112,04124,04128,04143,04152,04156,04157,04158,04166,04172,04186,04189,04197,04230,04242,04245,83150}",CA,2026-03-24 14:41:49.581307+01,gold_establishments_2025,,,,20003470000019,2025,Collectivité Territoriale,Intercommunalité,"['Alpes-de-Haute-Provence', 'Var']","[""Provence-Alpes-Côte d'Azur""]",CA,"{04,83}",{93}
c0df157f-01b6-4bfa-9828-362df7734ced,200071116,CA ECLA  (Espace Communautaire Lons Agglomération) (39),false,"{39041,39066,39079,39088,39145,39146,39162,39164,39169,39170,39171,39217,39241,39250,39251,39300,39306,39327,39334,39348,39362,39404,39411,39421,39445,39458,39480,39537,39550,39552,39558,39567}",CA,2026-03-24 14:41:49.581307+01,gold_establishments_2025,,,,20007111600012,2025,Collectivité Territoriale,Intercommunalité,['Jura'],['Bourgogne-Franche-Comté'],CA,{39},{27}
6d0a998d-5d71-4afd-ad5b-ffa9e9255b5a,200035319,CA Estérel Côte d'Azur Agglomération (83),false,"{83001,83061,83099,83107,83118}",CA,2026-03-24 14:41:49.581307+01,gold_establishments_2025,,,,20003531900108,2025,Collectivité Territoriale,Intercommunalité,['Var'],"[""Provence-Alpes-Côte d'Azur""]",CA,{83},{93}
4aa685db-c188-44db-8d38-2a54f7973272,200071454,CA Evreux Portes de Normandie (27),false,"{27002,27017,27020,27027,27031,27044,27073,27081,27099,27111,27132,27144,27147,27154,27158,27177,27181,27183,27193,27200,27206,27216,27220,27229,27234,27254,27256,27259,27271,27277,27278,27280,27282,27299,27301,27306,27309,27347,27350,27353,27358,27360,27368,27390,27391,27401,27406,27410,27411,27419,27421,27423,27439,27451,27464,27478,27489,27504,27507,27544,27546,27548,27555,27560,27570,27602,27611,27615,27621,27652,27659,27668,27678,27684}",CA,2026-03-24 14:41:49.581307+01,gold_establishments_2025,,,,20007145400017,2025,Collectivité Territoriale,Intercommunalité,['Eure'],['Normandie'],CA,{27},{28}
fcae4684-0773-486c-bea5-56669ce71d02,200035814,CA Flers Agglo (61),false,"{61007,61011,61024,61030,61040,61044,61063,61069,61070,61078,61094,61095,61102,61124,61146,61148,61149,61163,61168,61169,61195,61218,61219,61221,61222,61233,61260,61269,61278,61287,61332,61362,61376,61391,61407,61436,61443,61444,61447,61459,61463,61466}",CA,2026-03-24 14:41:49.581307+01,gold_establishments_2025,,,,20003581400017,2025,Collectivité Territoriale,Intercommunalité,['Orne'],['Normandie'],CA,{61},{28}
22e7949f-427d-4675-99a4-a3befe846856,200072452,CA Fougères Agglomération (35),false,"{35018,35021,35025,35062,35063,35086,35111,35115,35137,35138,35142,35150,35157,35162,35163,35174,35190,35214,35215,35230,35243,35261,35271,35282,35304,35310,35324,35357}",CA,2026-03-24 14:41:49.581307+01,gold_establishments_2025,,,,20007245200010,2025,Collectivité Territoriale,Intercommunalité,['Ille-et-Vilaine'],['Bretagne'],CA,{35},{53}
a41f651f-d882-4423-90a3-e64e81643d00,200069821,CA Fécamp Caux Littoral Agglomération (76),false,"{76011,76013,76183,76187,76194,76226,76232,76240,76259,76291,76298,76299,76300,76386,76390,76406,76529,76587,76600,76637,76663,76670,76680,76685,76686,76688,76689,76706,76708,76719,76726,76754,76755}",CA,2026-03-24 14:41:49.581307+01,gold_establishments_2025,,,,20006982100011,2025,Collectivité Territoriale,Intercommunalité,['Seine-Maritime'],['Normandie'],CA,{76},{28}
431ddfba-5e16-4693-b70e-2c19ac88ebb2,200066124,CA Gaillac-Graulhet (81),false,"{81007,81012,81020,81024,81029,81038,81039,81041,81043,81046,81051,81056,81061,81064,81067,81070,81087,81090,81093,81099,81104,81105,81106,81108,81112,81117,81131,81136,81138,81145,81149,81164,81171,81175,81176,81178,81185,81202,81208,81215,81217,81220,81225,81228,81243,81246,81248,81272,81276,81279,81283,81293,81294,81300,81313,81316}",CA,2026-03-24 14:41:49.581307+01,gold_establishments_2025,,,,20006612400013,2025,Collectivité Territoriale,Intercommunalité,['Tarn'],['Occitanie'],CA,{81},{76}
af5e781d-c6fc-441f-a5db-7f7ba17578fe,200067825,CA Gap-Tallard-Durance (04),false,"{04058,04066,05013,05037,05049,05057,05059,05061,05068,05071,05074,05092,05100,05162,05168,05170,05184}",CA,2026-03-24 14:41:49.581307+01,gold_establishments_2025,,,,20006782500014,2025,Collectivité Territoriale,Intercommunalité,"['Alpes-de-Haute-Provence', 'Hautes-Alpes']","[""Provence-Alpes-Côte d'Azur""]",CA,"{04,05}",{93}
b9052ff7-1970-4ab2-8fbb-62c1ecf34e67,200067932,CA Golfe du Morbihan - Vannes Agglomération (56),false,"{56003,56005,56008,56022,56042,56053,56067,56084,56087,56088,56106,56115,56120,56132,56137,56157,56158,56164,56167,56205,56206,56214,56231,56240,56243,56247,56248,56251,56252,56254,56255,56259,56260,56262}",CA,2026-03-24 14:41:49.581307+01,gold_establishments_2025,,,,20006793200018,2025,Collectivité Territoriale,Intercommunalité,['Morbihan'],['Bretagne'],CA,{56},{53}
916de4b4-081e-4974-8442-1d932b16be33,200066926,CA Grand Auch Cœur de Gascogne (32),false,"{32003,32013,32014,32019,32024,32054,32059,32076,32083,32089,32091,32112,32117,32162,32183,32204,32207,32251,32258,32279,32282,32298,32301,32307,32312,32316,32331,32335,32347,32348,32368,32382,32384,32453}",CA,2026-03-24 14:41:49.581307+01,gold_establishments_2025,,,,20006692600011,2025,Collectivité Territoriale,Intercommunalité,['Gers'],['Occitanie'],CA,{32},{76}
1afedf8e-b415-4eca-94c1-137268f7600c,200069052,CA Grand Belfort (90),false,"{90001,90002,90004,90007,90008,90010,90011,90012,90013,90015,90017,90020,90021,90022,90026,90029,90031,90032,90034,90035,90036,90037,90039,90042,90047,90048,90049,90050,90059,90060,90062,90067,90068,90069,90071,90072,90074,90075,90076,90077,90080,90082,90084,90087,90093,90094,90097,90098,90099,90100,90103,90104}",CA,2026-03-24 14:41:49.581307+01,gold_establishments_2025,,,,20006905200013,2025,Collectivité Territoriale,Intercommunalité,['Territoire de Belfort'],['Bourgogne-Franche-Comté'],CA,{90},{27}
08d4bd01-9e47-4ac9-bd9b-65d59847f281,200090751,CA Grand Calais Terres et Mers (62),false,"{62043,62156,62193,62239,62244,62307,62360,62408,62548,62615,62654,62657,62769,62774}",CA,2026-03-24 14:41:49.581307+01,gold_establishments_2025,,,,20009075100013,2025,Collectivité Territoriale,Intercommunalité,['Pas-de-Calais'],['Hauts-de-France'],CA,{62},{32}
328ada7b-8e7d-4d44-98ee-4b400132b7b5,248600413,CA Grand Châtellerault (86),false,"{86004,86007,86009,86014,86020,86032,86042,86046,86047,86066,86072,86081,86086,86092,86096,86111,86125,86127,86128,86129,86130,86143,86162,86164,86174,86182,86183,86184,86186,86193,86195,86207,86217,86221,86224,86241,86245,86257,86258,86260,86265,86272,86275,86279,86280,86288,86298}",CA,2026-03-24 14:41:51.447482+01,gold_establishments_2025,,,,24860041300012,2025,Collectivité Territoriale,Intercommunalité,['Vienne'],['Nouvelle-Aquitaine'],CA,{86},{75}
a2c80902-865d-4f99-b461-82ea1e57ed1f,200068674,CA Grand Lac (73),false,"{73008,73010,73043,73050,73051,73059,73073,73076,73085,73091,73103,73128,73155,73164,73180,73182,73193,73208,73218,73263,73265,73273,73286,73300,73301,73327,73328,73329}",CA,2026-03-24 14:41:49.581307+01,gold_establishments_2025,,,,20006867400015,2025,Collectivité Territoriale,Intercommunalité,['Savoie'],['Auvergne-Rhône-Alpes'],CA,{73},{84}
87707efc-a40b-4a07-8848-4e01ac3bcfc4,245400262,CA Grand Longwy Agglomération (54),false,"{54127,54137,54138,54151,54194,54234,54254,54261,54270,54290,54314,54321,54323,54367,54382,54385,54451,54493,54525,54537,54575}",CA,2026-03-24 14:41:51.447482+01,gold_establishments_2025,,,,24540026200045,2025,Collectivité Territoriale,Intercommunalité,['Meurthe-et-Moselle'],['Grand Est'],CA,{54},{44}
2ffd07cd-d4bc-4745-8f64-24e22fba4338,248200099,CA Grand Montauban (82),false,"{82001,82025,82044,82052,82085,82090,82098,82121,82124,82150,82167,82195}",CA,2026-03-24 14:41:51.447482+01,gold_establishments_2025,,,,24820009900013,2025,Collectivité Territoriale,Intercommunalité,['Tarn-et-Garonne'],['Occitanie'],CA,{82},{76}
46edb26d-5d4a-49e5-b02d-d2bd9d278dc7,200059228,CA Grand Paris Sud Seine Essonne Sénart (77),false,"{77067,77122,77251,77296,77326,77384,77445,77495,91086,91174,91179,91225,91228,91286,91340,91435,91521,91553,91573,91577,91600,91617,91659}",CA,2026-03-24 14:41:49.581307+01,gold_establishments_2025,,,,20005922800011,2025,Collectivité Territoriale,Intercommunalité,"['Seine-et-Marne', 'Essonne']",['Île-de-France'],CA,"{77,91}",{11}
7e69d3b3-fa23-4d08-b163-4cd3acb080e2,200068666,"CA Grand Saint-Dizier, Der et Vallées (51)",false,"{51008,51144,51286,51315,51358,51478,51521,51522,51583,51654,52006,52021,52034,52045,52079,52088,52099,52104,52123,52156,52169,52171,52179,52182,52194,52198,52203,52206,52235,52244,52265,52266,52267,52294,52300,52302,52327,52331,52336,52341,52347,52370,52386,52391,52411,52413,52414,52429,52448,52475,52479,52487,52497,52500,52502,52510,52528,52534,52543,52550}",CA,2026-03-24 14:41:49.581307+01,gold_establishments_2025,,,,20006866600011,2025,Collectivité Territoriale,Intercommunalité,"['Marne', 'Haute-Marne']",['Grand Est'],CA,"{51,52}",{44}
c8864a91-9fa3-48c1-b846-ac9bfb0a5518,249710070,CA Grand Sud Caraïbe (971),false,"{97104,97105,97106,97107,97109,97124,97130,97131,97132,97133,97134}",CA,2026-03-24 14:41:51.447482+01,gold_establishments_2025,,,,24971007000155,2025,Collectivité Territoriale,Intercommunalité,['Guadeloupe'],['Guadeloupe'],CA,{971},{01}
9b285bdb-ecde-4449-a134-1bc3c05bac6b,240200477,CA GrandSoissons Agglomération (02),false,"{02003,02043,02064,02089,02175,02226,02243,02245,02253,02398,02424,02477,02485,02564,02576,02593,02607,02610,02706,02711,02714,02722,02767,02770,02780,02805,02828}",CA,2026-03-24 14:41:49.581307+01,gold_establishments_2025,,,,24020047700026,2025,Collectivité Territoriale,Intercommunalité,['Aisne'],['Hauts-de-France'],CA,{02},{32}
ad3af10b-c256-4205-84ef-2986b6bc80ab,200067981,CA Guingamp-Paimpol Agglomération de l'Armor à l'Argoat (22),false,"{22004,22005,22013,22018,22023,22024,22025,22031,22037,22040,22052,22067,22070,22072,22086,22088,22091,22092,22095,22108,22109,22129,22132,22135,22138,22139,22156,22161,22162,22164,22178,22189,22204,22210,22212,22214,22216,22223,22225,22231,22233,22243,22249,22250,22256,22269,22271,22272,22283,22310,22320,22328,22335,22338,22354,22358,22390}",CA,2026-03-24 14:41:49.581307+01,gold_establishments_2025,,,,20006798100015,2025,Collectivité Territoriale,Intercommunalité,"[""Côtes-d'Armor""]",['Bretagne'],CA,{22},{53}
d7604f5e-ddab-441d-90dc-5200f9395f1e,200042935,CA Haut - Bugey Agglomération (01),false,"{01011,01012,01014,01031,01035,01051,01060,01063,01067,01080,01087,01101,01112,01121,01148,01152,01155,01170,01171,01181,01185,01191,01192,01204,01206,01214,01228,01237,01240,01265,01267,01269,01274,01282,01283,01293,01307,01311,01373,01392,01410,01441}",CA,2026-03-24 14:41:49.581307+01,gold_establishments_2025,,,,20004293500011,2025,Collectivité Territoriale,Intercommunalité,['Ain'],['Auvergne-Rhône-Alpes'],CA,{01},{84}
7605a7d0-20e4-48b9-bd69-2498b06cf2d6,243400819,CA Hérault-Méditerranée (34),false,"{34002,34003,34017,34031,34056,34063,34068,34101,34136,34162,34182,34184,34199,34203,34207,34209,34285,34289,34311,34332}",CA,2026-03-24 14:41:51.447482+01,gold_establishments_2025,,,,24340081900013,2025,Collectivité Territoriale,Intercommunalité,['Hérault'],['Occitanie'],CA,{34},{76}
598e1cd1-2b8d-46cc-abcf-1a5e66747bb4,249740093,CA Intercommunale de la Réunion Est (CIREST) (974),false,"{97402,97406,97409,97410,97419,97421}",CA,2026-03-24 14:41:51.447482+01,gold_establishments_2025,,,,24974009300060,2025,Collectivité Territoriale,Intercommunalité,['La Réunion'],['La Réunion'],CA,{974},{04}
0860d2f2-6b66-40d8-9647-bb6002503185,249740119,CA Intercommunale du Nord de la Réunion (CINOR) (974),false,"{97411,97418,97420}",CA,2026-03-24 14:41:51.447482+01,gold_establishments_2025,,,,24974011900063,2025,Collectivité Territoriale,Intercommunalité,['La Réunion'],['La Réunion'],CA,{974},{04}
58699e73-49dc-49b0-b827-7c222c7546a8,200067791,CA L'agglo Foix-Varilhes (09),false,"{09013,09021,09044,09049,09063,09066,09068,09072,09090,09093,09099,09101,09103,09104,09121,09122,09130,09137,09138,09173,09174,09179,09202,09207,09210,09234,09236,09245,09256,09258,09264,09269,09272,09273,09284,09293,09300,09324,09327,09329,09332,09340}",CA,2026-03-24 14:41:49.581307+01,gold_establishments_2025,,,,20006779100018,2025,Collectivité Territoriale,Intercommunalité,['Ariège'],['Occitanie'],CA,{09},{76}
5b90abfe-cc4d-455a-a054-4bc5c15dcc19,200041507,CA La Riviera du Levant (971),false,"{97110,97113,97125,97128}",CA,2026-03-24 14:41:49.581307+01,gold_establishments_2025,,,,20004150700027,2025,Collectivité Territoriale,Intercommunalité,['Guadeloupe'],['Guadeloupe'],CA,{971},{01}
b954a349-322b-45b4-8371-31a57b1a1ad7,248500589,CA La Roche-sur-Yon Agglomération (85),false,"{85008,85046,85081,85089,85093,85118,85155,85160,85191,85213,85285,85291,85300}",CA,2026-03-24 14:41:51.447482+01,gold_establishments_2025,,,,24850058900317,2025,Collectivité Territoriale,Intercommunalité,['Vendée'],['Pays de la Loire'],CA,{85},{52}
2355e25c-d2b2-408a-b1f2-919d272b6e8f,200069391,CA Lamballe Terre et Mer (22),false,"{22002,22012,22015,22044,22053,22054,22076,22077,22079,22084,22093,22098,22114,22140,22153,22160,22165,22175,22184,22185,22186,22193,22242,22246,22258,22261,22267,22273,22286,22296,22326,22332,22337,22341,22345,22346,22348,22369}",CA,2026-03-24 14:41:49.581307+01,gold_establishments_2025,,,,20006939100015,2025,Collectivité Territoriale,Intercommunalité,"[""Côtes-d'Armor""]",['Bretagne'],CA,{22},{53}
3e2aa4a4-0457-4f7b-8ffc-8a929eab80bb,200065928,CA Lannion-Trégor Communauté (22),false,"{22006,22028,22030,22034,22041,22042,22085,22090,22101,22110,22111,22113,22119,22127,22131,22134,22141,22152,22166,22168,22194,22195,22196,22198,22199,22207,22211,22217,22218,22221,22224,22226,22227,22228,22235,22238,22245,22254,22257,22264,22265,22319,22324,22340,22343,22347,22349,22350,22353,22359,22362,22363,22366,22379,22381,22383,22387}",CA,2026-03-24 14:41:49.581307+01,gold_establishments_2025,,,,20006592800018,2025,Collectivité Territoriale,Intercommunalité,"[""Côtes-d'Armor""]",['Bretagne'],CA,{22},{53}
0db73195-2cae-494e-8d3e-42ccc11e13e1,200083392,CA Laval Agglomération (53),false,"{53001,53007,53026,53034,53039,53040,53045,53049,53054,53056,53094,53099,53103,53108,53119,53129,53130,53137,53140,53141,53156,53157,53158,53168,53169,53175,53182,53201,53209,53224,53229,53243,53247,53262}",CA,2026-03-24 14:41:49.581307+01,gold_establishments_2025,,,,20008339200015,2025,Collectivité Territoriale,Intercommunalité,['Mayenne'],['Pays de la Loire'],CA,{53},{52}
0c948603-38f6-424c-8ceb-1087c86137c1,247100589,CA Le Grand Chalon (71),false,"{71003,71005,71019,71051,71076,71078,71081,71102,71107,71109,71117,71118,71122,71154,71170,71171,71182,71189,71194,71202,71204,71215,71221,71241,71253,71257,71269,71283,71292,71294,71333,71369,71378,71391,71403,71404,71425,71430,71442,71443,71444,71445,71447,71459,71475,71480,71496,71502,71520,71555,71585}",CA,2026-03-24 14:41:51.447482+01,gold_establishments_2025,,,,24710058900099,2025,Collectivité Territoriale,Intercommunalité,['Saône-et-Loire'],['Bourgogne-Franche-Comté'],CA,{71},{27}
4b922925-6e77-46b8-9417-843eab5cd76e,241100593,CA Le Grand Narbonne (11),false,"{11012,11014,11024,11040,11041,11086,11106,11116,11145,11164,11170,11188,11202,11212,11217,11233,11255,11258,11262,11264,11266,11269,11285,11295,11296,11307,11322,11353,11360,11366,11369,11370,11379,11398,11405,11421,11441}",CA,2026-03-24 14:41:49.581307+01,gold_establishments_2025,,,,24110059300078,2025,Collectivité Territoriale,Intercommunalité,['Aude'],['Occitanie'],CA,{11},{76}
3194c75b-b03a-463f-bc0c-4c2014017006,200040392,CA Le Grand Périgueux (24),false,"{24002,24010,24011,24026,24053,24061,24094,24098,24102,24108,24115,24135,24138,24139,24146,24156,24160,24162,24190,24208,24220,24251,24256,24266,24312,24318,24322,24350,24362,24365,24390,24421,24459,24468,24480,24484,24518,24521,24527,24540,24557,24571,24576}",CA,2026-03-24 14:41:49.581307+01,gold_establishments_2025,,,,20004039200231,2025,Collectivité Territoriale,Intercommunalité,['Dordogne'],['Nouvelle-Aquitaine'],CA,{24},{75}
fa21126f-9e75-4af7-b10f-5ed0a2175538,200068641,CA Le Muretain Agglo (31),false,"{31075,31087,31165,31166,31181,31187,31203,31248,31253,31269,31287,31395,31420,31421,31433,31458,31460,31464,31466,31475,31486,31499,31518,31533,31547,31580}",CA,2026-03-24 14:41:49.581307+01,gold_establishments_2025,,,,20006864100014,2025,Collectivité Territoriale,Intercommunalité,['Haute-Garonne'],['Occitanie'],CA,{31},{76}
d434472e-ab7e-4b61-a31d-f20e80743c91,200071165,CA Les Sables d'Olonne Agglomération (85),false,"{85112,85194,85214,85250,85298}",CA,2026-03-24 14:41:49.581307+01,gold_establishments_2025,,,,20007116500167,2025,Collectivité Territoriale,Intercommunalité,['Vendée'],['Pays de la Loire'],CA,{85},{52}
f3ee8609-fde0-4e5b-8760-e86702559d73,200069532,CA Lisieux Normandie (14),false,"{14069,14082,14126,14141,14147,14177,14179,14193,14194,14260,14270,14273,14293,14303,14326,14334,14337,14362,14366,14368,14371,14403,14410,14419,14421,14425,14431,14435,14448,14460,14473,14474,14478,14484,14487,14504,14520,14522,14527,14540,14570,14571,14574,14576,14582,14595,14621,14625,14626,14639,14648,14654,14740}",CA,2026-03-24 14:41:49.581307+01,gold_establishments_2025,,,,20006953200220,2025,Collectivité Territoriale,Intercommunalité,['Calvados'],['Normandie'],CA,{14},{28}
db8420fc-d6d2-4ca7-a4bf-400196a80571,200065886,CA Loire Forez Agglomération (42),false,"{42002,42006,42009,42012,42019,42020,42021,42022,42030,42034,42035,42037,42038,42039,42040,42042,42045,42046,42050,42054,42058,42060,42075,42084,42087,42089,42091,42105,42107,42108,42117,42119,42121,42122,42126,42130,42134,42136,42137,42140,42142,42146,42147,42150,42151,42159,42164,42169,42179,42180,42188,42195,42197,42204,42205,42211,42217,42219,42221,42227,42228,42235,42238,42240,42245,42247,42256,42269,42278,42279,42285,42288,42290,42298,42299,42301,42304,42312,42313,42315,42318,42321,42324,42328}",CA,2026-03-24 14:41:49.581307+01,gold_establishments_2025,,,,20006588600018,2025,Collectivité Territoriale,Intercommunalité,['Loire'],['Auvergne-Rhône-Alpes'],CA,{42},{84}
0f89635c-7c84-44bc-939a-41a67c2bff87,200042174,CA Lorient Agglomération (56),false,"{56021,56026,56029,56036,56040,56062,56063,56069,56078,56083,56089,56090,56098,56101,56104,56107,56118,56121,56162,56166,56179,56181,56185,56188,56193}",CA,2026-03-24 14:41:49.581307+01,gold_establishments_2025,,,,20004217400090,2025,Collectivité Territoriale,Intercommunalité,['Morbihan'],['Bretagne'],CA,{56},{53}
cf572040-1f4d-42a2-9cc4-0b63fc077321,200040442,CA Luberon Monts de Vaucluse (84),false,"{84013,84025,84035,84038,84050,84062,84065,84068,84071,84074,84086,84093,84095,84099,84131,84140}",CA,2026-03-24 14:41:49.581307+01,gold_establishments_2025,,,,20004044200010,2025,Collectivité Territoriale,Intercommunalité,['Vaucluse'],"[""Provence-Alpes-Côte d'Azur""]",CA,{84},{93}
79daf61a-28d7-49f8-ac71-43e4eaa3c907,243400520,CA Lunel Agglo (34),false,"{34033,34048,34110,34112,34145,34146,34151,34246,34272,34280,34288,34294,34296,34340}",CC,2026-03-24 14:41:51.447482+01,gold_establishments_2025,,,,24340052000165,2025,Collectivité Territoriale,Intercommunalité,['Hérault'],['Occitanie'],CA,{34},{76}
b9d0445f-99e5-469f-a6a0-09af95f907e3,247700594,CA Marne et Gondoire (77),false,"{77058,77059,77062,77075,77085,77121,77124,77155,77181,77209,77221,77234,77237,77243,77248,77307,77372,77374,77438,77464}",CA,2026-03-24 14:41:51.447482+01,gold_establishments_2025,,,,24770059400010,2025,Collectivité Territoriale,Intercommunalité,['Seine-et-Marne'],['Île-de-France'],CA,{77},{11}
ab0eb2e2-36a8-4cd8-b49f-f6bb09e345f6,200043396,CA Maubeuge Val de Sambre (59),false,"{59003,59021,59033,59041,59058,59068,59072,59076,59101,59103,59104,59142,59151,59157,59187,59188,59190,59225,59230,59231,59264,59291,59324,59344,59351,59365,59370,59385,59392,59406,59424,59439,59442,59467,59483,59495,59514,59542,59543,59556,59617,59618,59627}",CA,2026-03-24 14:41:49.581307+01,gold_establishments_2025,,,,20004339600015,2025,Collectivité Territoriale,Intercommunalité,['Nord'],['Hauts-de-France'],CA,{59},{32}
1779dbb7-a222-417a-bb47-3eb087f6dac6,200060010,CA Mauges Communauté (),false,"{49023,49092,49218,49244,49301}",CA,2026-03-24 14:41:49.581307+01,gold_establishments_2025,,,,20006001000010,2025,Collectivité Territoriale,Intercommunalité,[],[],CA,,
89cec610-1103-48d8-85c9-aa7f2f12b5b8,247700057,CA Melun Val de Seine (77),false,"{77038,77039,77040,77152,77252,77253,77255,77269,77285,77288,77306,77378,77389,77394,77407,77410,77447,77487,77518,77528}",CA,2026-03-24 14:41:51.447482+01,gold_establishments_2025,,,,24770005700018,2025,Collectivité Territoriale,Intercommunalité,['Seine-et-Marne'],['Île-de-France'],CA,{77},{11}
45283ac7-2a25-4695-a091-99f7504dbdca,244000808,CA Mont de Marsan Agglomération (40),false,"{40037,40050,40051,40055,40061,40062,40103,40111,40139,40162,40178,40192,40234,40250,40274,40280,40281,40320}",CA,2026-03-24 14:41:51.447482+01,gold_establishments_2025,,,,24400080800067,2025,Collectivité Territoriale,Intercommunalité,['Landes'],['Nouvelle-Aquitaine'],CA,{40},{75}
9ddc7acf-574a-44c0-a665-615422e75d84,200069425,CA Mont-Saint-Michel-Normandie (50),false,"{50019,50025,50027,50029,50040,50042,50074,50088,50090,50108,50112,50115,50124,50126,50146,50152,50155,50158,50167,50168,50193,50195,50199,50200,50205,50217,50229,50253,50256,50259,50260,50263,50271,50274,50275,50276,50282,50288,50290,50300,50312,50315,50317,50347,50353,50359,50362,50371,50379,50391,50397,50399,50407,50408,50410,50411,50413,50428,50436,50443,50448,50450,50451,50452,50456,50462,50472,50474,50484,50487,50489,50495,50496,50499,50500,50505,50514,50525,50529,50531,50535,50543,50553,50554,50565,50570,50574,50582,50584,50589,50591,50597,50612,50616,50628}",CA,2026-03-24 14:41:49.581307+01,gold_establishments_2025,,,,20006942500011,2025,Collectivité Territoriale,Intercommunalité,['Manche'],['Normandie'],CA,{50},{28}
e17b7f98-d6db-4177-8dd5-942158692831,244500203,CA Montargoise et Rives du Loing (AME) (45),false,"{45004,45061,45068,45092,45102,45104,45185,45208,45216,45247,45249,45293,45312,45338,45345}",CA,2026-03-24 14:41:51.447482+01,gold_establishments_2025,,,,24450020300090,2025,Collectivité Territoriale,Intercommunalité,['Loiret'],['Centre-Val de Loire'],CA,{45},{24}
ea0f9f3c-9654-48ef-ba36-eb7cf24be382,200071082,CA Montluçon Communauté (03),false,"{03007,03098,03101,03136,03140,03145,03161,03167,03185,03206,03211,03212,03216,03231,03233,03244,03261,03262,03279,03280,03314}",CA,2026-03-24 14:41:49.581307+01,gold_establishments_2025,,,,20007108200016,2025,Collectivité Territoriale,Intercommunalité,['Allier'],['Auvergne-Rhône-Alpes'],CA,{03},{84}
c66f068c-1039-43cf-af90-41212954907e,200040459,CA Montélimar Agglomération (26),false,"{26005,26008,26031,26052,26078,26085,26095,26102,26106,26121,26157,26171,26176,26191,26198,26251,26257,26258,26272,26287,26305,26312,26337,26338,26339,26352,26353}",CA,2026-03-24 14:41:49.581307+01,gold_establishments_2025,,,,20004045900014,2025,Collectivité Territoriale,Intercommunalité,['Drôme'],['Auvergne-Rhône-Alpes'],CA,{26},{84}
6c0b99a1-c196-4063-bc57-115c0bc40214,242900835,CA Morlaix Communauté (29),false,"{29014,29023,29034,29059,29067,29073,29079,29113,29114,29132,29133,29151,29163,29182,29183,29186,29188,29191,29199,29202,29207,29251,29254,29265,29266,29279}",CA,2026-03-24 14:41:49.581307+01,gold_establishments_2025,,,,24290083500156,2025,Collectivité Territoriale,Intercommunalité,['Finistère'],['Bretagne'],CA,{29},{53}
f20447f3-09e9-4078-a754-a0674e1a9556,200071140,CA Moulins Communauté (03),false,"{03009,03011,03013,03015,03025,03026,03039,03040,03054,03057,03064,03073,03074,03076,03085,03090,03119,03120,03121,03124,03146,03155,03156,03162,03180,03184,03190,03197,03198,03200,03203,03210,03229,03241,03245,03275,03283,03286,03290,03309,03316,03321,58104,58259}",CA,2026-03-24 14:41:49.581307+01,gold_establishments_2025,,,,20007114000012,2025,Collectivité Territoriale,Intercommunalité,"['Allier', 'Nièvre']",['Bourgogne-Franche-Comté'],CA,"{03,58}",{27}
5ac6372e-fe06-4961-b0a7-fc73d4786d02,200066009,CA Mulhouse Alsace Agglomération (68),false,"{68015,68020,68022,68032,68043,68055,68056,68064,68072,68084,68088,68093,68101,68118,68129,68144,68154,68166,68195,68218,68224,68238,68253,68254,68256,68258,68267,68270,68271,68278,68289,68300,68321,68323,68343,68375,68376,68384,68386}",CA,2026-03-24 14:41:49.581307+01,gold_establishments_2025,,,,20006600900073,2025,Collectivité Territoriale,Intercommunalité,['Haut-Rhin'],['Grand Est'],CA,{68},{44}
3a00349a-e3e9-4d17-8ea6-b710839f1aff,200070308,CA Mâconnais Beaujolais Agglomération (01),false,"{01370,71016,71032,71069,71074,71084,71090,71099,71105,71108,71126,71150,71169,71210,71235,71236,71250,71258,71270,71299,71345,71360,71362,71371,71372,71385,71448,71460,71481,71487,71494,71497,71513,71525,71526,71556,71567,71574,71583}",CA,2026-03-24 14:41:49.581307+01,gold_establishments_2025,,,,20007030800016,2025,Collectivité Territoriale,Intercommunalité,"['Ain', 'Saône-et-Loire']",['Bourgogne-Franche-Comté'],CA,"{01,71}",{27}
45191ad0-59a1-4b14-8585-1076804f01ea,200057958,CA Paris - Vallée de la Marne (77),false,"{77055,77083,77108,77139,77146,77169,77258,77337,77373,77390,77468,77479}",CA,2026-03-24 14:41:49.581307+01,gold_establishments_2025,,,,20005795800015,2025,Collectivité Territoriale,Intercommunalité,['Seine-et-Marne'],['Île-de-France'],CA,{77},{11}
9202e81c-a1cf-40e1-afba-a368aa886052,200067254,CA Pau Béarn Pyrénées (64),false,"{64037,64041,64059,64060,64072,64080,64121,64129,64132,64139,64142,64198,64230,64237,64269,64284,64315,64329,64335,64348,64373,64376,64439,64445,64448,64467,64478,64518,64525,64549,64550}",CA,2026-03-24 14:41:49.581307+01,gold_establishments_2025,,,,20006725400017,2025,Collectivité Territoriale,Intercommunalité,['Pyrénées-Atlantiques'],['Nouvelle-Aquitaine'],CA,{64},{75}
4349c859-eda2-49a7-8bd1-c8e5162ba8b8,200065647,CA Pays de Montbéliard Agglomération (25),false,"{25004,25011,25013,25020,25031,25033,25040,25043,25048,25054,25057,25059,25063,25071,25082,25093,25097,25159,25170,25187,25188,25190,25191,25192,25194,25196,25207,25210,25214,25216,25224,25228,25230,25237,25239,25274,25281,25284,25304,25316,25345,25350,25367,25370,25378,25388,25394,25422,25426,25428,25452,25463,25469,25481,25485,25497,25521,25523,25524,25526,25539,25540,25547,25548,25555,25562,25580,25586,25614,25615,25617,25618,25632}",CA,2026-03-24 14:41:49.581307+01,gold_establishments_2025,,,,20006564700014,2025,Collectivité Territoriale,Intercommunalité,['Doubs'],['Bourgogne-Franche-Comté'],CA,{25},{27}
7eae77b8-adee-429a-8f7c-aa29c00ed3bb,200056380,CA Plaine Vallée (95),false,"{95014,95028,95091,95197,95199,95210,95229,95288,95369,95409,95426,95427,95428,95489,95539,95555,95574,95598}",CA,2026-03-24 14:41:49.581307+01,gold_establishments_2025,,,,20005638000013,2025,Collectivité Territoriale,Intercommunalité,"[""Val-d'Oise""]",['Île-de-France'],CA,{95},{11}
5d1f8266-27ac-4e46-aad7-7fe6d976522d,200067346,CA Pornic Agglo Pays de Retz (44),false,"{44005,44012,44021,44038,44039,44106,44126,44131,44133,44136,44145,44164,44182,44186,44220}",CA,2026-03-24 14:41:49.581307+01,gold_establishments_2025,,,,20006734600011,2025,Collectivité Territoriale,Intercommunalité,['Loire-Atlantique'],['Pays de la Loire'],CA,{44},{52}
7d1da19e-4503-4388-bc3c-d14a3d94516c,243800604,CA Porte de l'Isère (CAPI) (38),false,"{38053,38091,38102,38136,38149,38152,38156,38172,38193,38223,38230,38276,38348,38352,38449,38455,38475,38481,38498,38530,38537,38553}",CA,2026-03-24 14:41:51.447482+01,gold_establishments_2025,,,,24380060400346,2025,Collectivité Territoriale,Intercommunalité,['Isère'],['Auvergne-Rhône-Alpes'],CA,{38},{84}
7b5e5c45-7060-48ab-8d31-9a7acdfee41e,245701362,CA Portes de France-Thionville (57),false,"{57022,57226,57287,57305,57343,57372,57411,57441,57586,57666,57672,57678,57757}",CA,2026-03-24 14:41:51.447482+01,gold_establishments_2025,,,,24570136200015,2025,Collectivité Territoriale,Intercommunalité,['Moselle'],['Grand Est'],CA,{57},{44}
710cda72-f167-4d89-827c-333f223b5f70,200071413,CA Privas Centre Ardèche (07),false,"{07004,07008,07027,07030,07048,07060,07066,07072,07074,07083,07090,07092,07094,07096,07098,07146,07149,07167,07179,07181,07184,07186,07194,07198,07214,07221,07233,07237,07244,07253,07255,07257,07261,07274,07278,07288,07295,07303,07314,07338,07340,07349}",CA,2026-03-24 14:41:49.581307+01,gold_establishments_2025,,,,20007141300013,2025,Collectivité Territoriale,Intercommunalité,['Ardèche'],['Auvergne-Rhône-Alpes'],CA,{07},{84}
9889a78b-4996-41b8-8297-87dffa45a254,200067437,CA Provence-Alpes-Agglomération (04),false,"{04001,04009,04017,04020,04021,04024,04028,04031,04036,04040,04046,04047,04049,04054,04070,04072,04074,04079,04084,04091,04097,04107,04108,04109,04110,04113,04116,04121,04122,04126,04135,04149,04155,04167,04176,04177,04181,04182,04184,04191,04203,04205,04217,04235,04237,04244}",CA,2026-03-24 14:41:49.581307+01,gold_establishments_2025,,,,20006743700018,2025,Collectivité Territoriale,Intercommunalité,['Alpes-de-Haute-Provence'],"[""Provence-Alpes-Côte d'Azur""]",CA,{04},{93}
0118304a-92da-4cf8-8127-087aedcf607f,200068120,CA Quimper Bretagne Occidentale (29),false,"{29020,29048,29051,29066,29106,29107,29110,29134,29169,29170,29173,29216,29229,29232}",CC,2026-03-24 14:41:49.581307+01,gold_establishments_2025,,,,20006812000019,2025,Collectivité Territoriale,Intercommunalité,['Finistère'],['Bretagne'],CA,{29},{53}
ee6e311c-71ae-4b96-b43c-3324742c5e1d,242900694,CA Quimperlé Communauté (29),false,"{29002,29004,29005,29031,29071,29136,29147,29150,29230,29233,29234,29236,29269,29274,29297,29300}",CA,2026-03-24 14:41:49.581307+01,gold_establishments_2025,,,,24290069400173,2025,Collectivité Territoriale,Intercommunalité,['Finistère'],['Bretagne'],CA,{29},{53}
6d0b7668-bb2d-42c5-84f7-1ead55af0712,200073344,CA Rambouillet Territoires (78),false,"{78003,78009,78030,78071,78077,78087,78108,78120,78125,78128,78164,78209,78220,78264,78269,78307,78349,78407,78464,78470,78472,78478,78486,78497,78499,78506,78516,78517,78522,78537,78557,78562,78564,78569,78601,78655}",CA,2026-03-24 14:41:49.581307+01,gold_establishments_2025,,,,20007334400067,2025,Collectivité Territoriale,Intercommunalité,['Yvelines'],['Île-de-France'],CA,{78},{11}
bef6d767-b847-4ed4-9161-b8a15d068e54,243500741,CA Redon Agglomération (35),false,"{35013,35045,35064,35145,35151,35219,35236,35237,35268,35285,35294,35328,44007,44044,44057,44067,44092,44123,44128,44185,56001,56011,56060,56154,56194,56216,56221,56223,56232,56239,56250}",CA,2026-03-24 14:41:51.447482+01,gold_establishments_2025,,,,24350074100232,2025,Collectivité Territoriale,Intercommunalité,"['Ille-et-Vilaine', 'Loire-Atlantique', 'Morbihan']",['Pays de la Loire'],CA,"{35,44,56}",{52}
5c0d6493-3c5f-453d-b7c4-c02b4a736a3f,200070753,CA Riom Limagne et Volcans (63),false,"{63083,63089,63092,63103,63107,63108,63112,63148,63149,63150,63200,63203,63204,63212,63213,63215,63224,63244,63245,63278,63290,63300,63322,63327,63362,63372,63381,63417,63424,63443,63470}",CA,2026-03-24 14:41:49.581307+01,gold_establishments_2025,,,,20007075300013,2025,Collectivité Territoriale,Intercommunalité,['Puy-de-Dôme'],['Auvergne-Rhône-Alpes'],CA,{63},{84}
51ce4a31-b979-4659-bbde-9e2f15fb15b9,200035731,CA Roannais Agglomération (42),false,"{42003,42008,42049,42068,42069,42071,42074,42078,42120,42127,42145,42157,42158,42161,42162,42163,42166,42170,42176,42182,42184,42187,42194,42198,42199,42203,42220,42231,42232,42233,42239,42253,42257,42281,42284,42294,42317,42331,42332,42337}",CA,2026-03-24 14:41:49.581307+01,gold_establishments_2025,,,,20003573100013,2025,Collectivité Territoriale,Intercommunalité,['Loire'],['Auvergne-Rhône-Alpes'],CA,{42},{84}
d1c11b64-b6dd-4836-b2a4-29aacdda93cf,200041762,CA Rochefort Océan (17),false,"{17004,17036,17065,17075,17083,17146,17168,17184,17205,17216,17237,17246,17253,17299,17308,17320,17329,17346,17348,17353,17375,17429,17449,17463,17484}",CA,2026-03-24 14:41:49.581307+01,gold_establishments_2025,,,,20004176200010,2025,Collectivité Territoriale,Intercommunalité,['Charente-Maritime'],['Nouvelle-Aquitaine'],CA,{17},{75}
8d0d30b9-7125-4cc5-aba9-9673de72068d,241200187,CA Rodez Agglomération (12),false,"{12090,12133,12146,12174,12176,12202,12241,12264}",CA,2026-03-24 14:41:49.581307+01,gold_establishments_2025,,,,24120018700193,2025,Collectivité Territoriale,Intercommunalité,['Aveyron'],['Occitanie'],CA,{12},{76}
0aa17f70-9059-4f1b-8213-4ab4fbe9fd58,200055655,CA Roissy Pays de France (77),false,"{77118,77123,77153,77214,77241,77259,77282,77291,77294,77322,77323,77349,77392,77420,77462,77511,77514,95019,95088,95094,95154,95205,95212,95241,95250,95268,95277,95280,95351,95371,95395,95492,95509,95527,95580,95585,95604,95612,95633,95641,95675,95680}",CA,2026-03-24 14:41:49.581307+01,gold_establishments_2025,,,,20005565500019,2025,Collectivité Territoriale,Intercommunalité,"['Seine-et-Marne', ""Val-d'Oise""]",['Île-de-France'],CA,"{77,95}",{11}
357cb607-71b6-497f-9e88-3134c584bac0,241700640,CA Royan Atlantique (17),false,"{17015,17021,17034,17060,17064,17068,17079,17097,17098,17119,17131,17151,17152,17155,17160,17183,17225,17228,17230,17247,17248,17306,17307,17311,17333,17380,17393,17409,17421,17425,17437,17452,17461}",CA,2026-03-24 14:41:49.581307+01,gold_establishments_2025,,,,24170064000048,2025,Collectivité Territoriale,Intercommunalité,['Charente-Maritime'],['Nouvelle-Aquitaine'],CA,{17},{75}
59427758-840d-47d2-96ce-88957c2a1d79,200058519,CA Saint Germain Boucles de Seine (78),false,"{78007,78124,78133,78146,78190,78224,78311,78350,78358,78367,78372,78396,78418,78481,78502,78551,78586,78650,95063}",CA,2026-03-24 14:41:49.581307+01,gold_establishments_2025,,,,20005851900071,2025,Collectivité Territoriale,Intercommunalité,"['Yvelines', ""Val-d'Oise""]",['Île-de-France'],CA,"{78,95}",{11}
93895d66-730f-445e-811d-cd12b0bae910,200067502,CA Saint-Avold Synergie (57),false,"{57014,57015,57051,57063,57082,57088,57105,57115,57123,57174,57178,57189,57198,57224,57237,57239,57258,57262,57275,57297,57311,57336,57373,57379,57384,57389,57398,57409,57428,57453,57483,57536,57550,57560,57606,57662,57684,57687,57690,57717,57765}",CA,2026-03-24 14:41:49.581307+01,gold_establishments_2025,,,,20006750200019,2025,Collectivité Territoriale,Intercommunalité,['Moselle'],['Grand Est'],CA,{57},{44}
3e380e40-8fbe-489f-b446-f95a17af9818,200069409,CA Saint-Brieuc Armor Agglomération (22),false,"{22009,22055,22059,22073,22081,22099,22106,22117,22126,22144,22170,22171,22176,22187,22203,22215,22232,22251,22262,22276,22277,22278,22281,22287,22291,22307,22325,22360,22372,22377,22386,22389}",CA,2026-03-24 14:41:49.581307+01,gold_establishments_2025,,,,20006940900239,2025,Collectivité Territoriale,Intercommunalité,"[""Côtes-d'Armor""]",['Bretagne'],CA,{22},{53}
e0f2e128-12ab-4dd1-8c0e-a8c2a9637c3a,200066058,CA Saint-Louis Agglomération (68),false,"{68013,68021,68042,68054,68061,68094,68103,68120,68121,68126,68132,68135,68149,68160,68163,68168,68170,68174,68182,68183,68197,68198,68207,68208,68232,68263,68264,68265,68286,68297,68301,68309,68324,68327,68341,68349,68353,68357,68362,68382}",CA,2026-03-24 14:41:49.581307+01,gold_establishments_2025,,,,20006605800013,2025,Collectivité Territoriale,Intercommunalité,['Haut-Rhin'],['Grand Est'],CA,{68},{44}
6ff2f10f-4744-4411-bda2-d4fa6f413200,200066389,CA Saint-Lô Agglo (50),false,"{50002,50004,50006,50032,50034,50039,50046,50050,50054,50095,50098,50106,50110,50139,50148,50159,50161,50164,50192,50214,50216,50239,50261,50279,50283,50292,50297,50302,50310,50321,50324,50351,50352,50356,50363,50398,50409,50420,50423,50431,50444,50446,50455,50468,50473,50475,50476,50483,50488,50491,50492,50502,50504,50512,50538,50546,50556,50563,50592,50601,50641}",CA,2026-03-24 14:41:49.581307+01,gold_establishments_2025,,,,20006638900509,2025,Collectivité Territoriale,Intercommunalité,['Manche'],['Normandie'],CA,{50},{28}
02257798-92fb-42f2-b8b3-03258ecdc738,200070746,CA Sarreguemines Confluences (57),false,"{57091,57092,57093,57197,57234,57260,57263,57264,57267,57289,57308,57325,57330,57340,57348,57355,57357,57366,57408,57419,57497,57499,57556,57568,57571,57581,57598,57615,57628,57631,57633,57745,57746,57748,57750,57752,57760,67468}",CA,2026-03-24 14:41:49.581307+01,gold_establishments_2025,,,,20007074600017,2025,Collectivité Territoriale,Intercommunalité,"['Moselle', 'Bas-Rhin']",['Grand Est'],CA,"{57,67}",{44}
2a9374b3-106f-4caa-96e3-26192f1db21c,200071876,CA Saumur Val de Loire (49),false,"{49002,49003,49009,49011,49030,49041,49045,49053,49060,49100,49112,49113,49114,49121,49123,49125,49131,49140,49171,49180,49182,49215,49219,49221,49224,49235,49253,49261,49262,49272,49291,49302,49311,49328,49341,49358,49359,49361,49362,49364,49368,49369,49370,49374,49378}",CA,2026-03-24 14:41:49.581307+01,gold_establishments_2025,,,,20007187600011,2025,Collectivité Territoriale,Intercommunalité,['Maine-et-Loire'],['Pays de la Loire'],CA,{49},{52}
d99fb96a-7651-403c-a3b4-4c59709cd638,200072312,CA Seine Normandie Agglomération (27),false,"{27004,27016,27070,27072,27076,27078,27097,27114,27119,27123,27136,27140,27171,27190,27194,27202,27203,27213,27214,27231,27273,27279,27285,27307,27312,27315,27326,27329,27331,27336,27337,27343,27397,27399,27400,27407,27408,27422,27429,27440,27448,27465,27473,27477,27495,27501,27525,27540,27554,27562,27612,27625,27635,27644,27673,27674,27681,27683,27689,27694,27696}",CA,2026-03-24 14:41:49.581307+01,gold_establishments_2025,,,,20007231200016,2025,Collectivité Territoriale,Intercommunalité,['Eure'],['Normandie'],CA,{27},{28}
dacbed93-6c7e-4372-baf7-196ebe0e3aa4,200089456,CA Seine-Eure (27),false,"{27003,27005,27008,27013,27014,27015,27022,27025,27053,27124,27142,27168,27180,27184,27188,27191,27196,27249,27275,27313,27321,27322,27330,27332,27335,27348,27351,27365,27375,27382,27386,27394,27403,27412,27456,27458,27469,27471,27474,27483,27517,27528,27529,27534,27537,27539,27545,27553,27589,27598,27599,27616,27623,27624,27666,27676,27691,27697,27700,27701}",CA,2026-03-24 14:41:49.581307+01,gold_establishments_2025,,,,20008945600012,2025,Collectivité Territoriale,Intercommunalité,['Eure'],['Normandie'],CA,{27},{28}
f2824c5a-15de-4118-84de-c5691dcf66ae,248300394,CA Sud Sainte Baume (83),false,"{83009,83016,83027,83035,83053,83105,83112,83123,83127}",CA,2026-03-24 14:41:51.447482+01,gold_establishments_2025,,,,24830039400116,2025,Collectivité Territoriale,Intercommunalité,['Var'],"[""Provence-Alpes-Côte d'Azur""]",CA,{83},{93}
002caf5a-5543-4c34-b76b-5fee023e7a7e,200066355,CA Sète Agglopôle Méditerranée (34),false,"{34023,34024,34039,34108,34113,34143,34150,34157,34159,34165,34213,34301,34333,34341}",CA,2026-03-24 14:41:49.581307+01,gold_establishments_2025,,,,20006635500013,2025,Collectivité Territoriale,Intercommunalité,['Hérault'],['Occitanie'],CA,{34},{76}
546f77bd-854a-477a-b325-1af571b0de5f,200069300,CA Tarbes-Lourdes-Pyrénées (65),false,"{65002,65005,65010,65011,65019,65020,65033,65038,65040,65047,65048,65052,65057,65062,65065,65067,65070,65072,65080,65082,65083,65084,65100,65107,65108,65144,65146,65164,65185,65189,65191,65197,65200,65201,65203,65220,65223,65226,65233,65235,65236,65237,65244,65247,65251,65252,65257,65268,65271,65280,65281,65284,65286,65291,65292,65313,65321,65331,65334,65339,65340,65343,65344,65345,65348,65349,65350,65351,65355,65360,65366,65386,65392,65395,65401,65406,65410,65415,65417,65421,65422,65433,65440,65464,65470,65479}",CA,2026-03-24 14:41:49.581307+01,gold_establishments_2025,,,,20006930000016,2025,Collectivité Territoriale,Intercommunalité,['Hautes-Pyrénées'],['Occitanie'],CA,{65},{76}
89073307-c474-4723-8a62-7a50ba571d59,200035087,CA Terre de Provence (13),false,"{13010,13018,13027,13036,13045,13052,13064,13066,13067,13076,13083,13089,13116}",CA,2026-03-24 14:41:49.581307+01,gold_establishments_2025,,,,20003508700010,2025,Collectivité Territoriale,Intercommunalité,['Bouches-du-Rhône'],"[""Provence-Alpes-Côte d'Azur""]",CA,{13},{93}
b809b10c-10fe-4957-bd75-7433863f9b25,200070233,CA Terres de Montaigu (85),false,"{85025,85039,85076,85108,85146,85190,85197,85262,85295}",CC,2026-03-24 14:41:49.581307+01,gold_establishments_2025,,,,20007023300388,2025,Collectivité Territoriale,Intercommunalité,['Vendée'],['Pays de la Loire'],CA,{85},{52}
7ee15fbe-6f25-4df4-83c1-59a6c7d2cf6b,249740101,CA Territoire de la Côte Ouest (TCO) (974),false,"{97407,97408,97413,97415,97423}",CA,2026-03-24 14:41:51.447482+01,gold_establishments_2025,,,,24974010100038,2025,Collectivité Territoriale,Intercommunalité,['La Réunion'],['La Réunion'],CA,{974},{04}
ca975165-9c81-470d-a4e1-7ed8434009f1,200072072,CA Territoires Vendômois (41),false,"{41001,41003,41004,41007,41010,41020,41030,41065,41070,41072,41073,41078,41079,41081,41087,41090,41098,41100,41102,41103,41107,41113,41120,41124,41131,41138,41149,41153,41158,41163,41174,41182,41184,41186,41190,41192,41199,41200,41201,41209,41213,41215,41225,41226,41228,41236,41238,41243,41250,41255,41259,41261,41265,41269,41274,41275,41278,41279,41283,41286,41287,41290,41291,41293,41294}",CA,2026-03-24 14:41:49.581307+01,gold_establishments_2025,,,,20007207200016,2025,Collectivité Territoriale,Intercommunalité,['Loir-et-Cher'],['Centre-Val de Loire'],CA,{41},{24}
db0494ad-2493-4630-8c74-2f3ae4780a71,200067551,CA Thonon Agglomération (74),false,"{74005,74013,74020,74025,74043,74048,74053,74070,74105,74106,74121,74126,74150,74156,74157,74163,74171,74180,74199,74206,74210,74263,74281,74293,74315}",CA,2026-03-24 14:41:49.581307+01,gold_establishments_2025,,,,20006755100016,2025,Collectivité Territoriale,Intercommunalité,['Haute-Savoie'],['Auvergne-Rhône-Alpes'],CA,{74},{84}
8be4814e-1dc2-4777-92ed-26f2051f88f1,200069250,CA Troyes Champagne Métropole (10),false,"{10013,10015,10030,10049,10051,10053,10060,10066,10067,10081,10100,10104,10110,10115,10116,10125,10142,10147,10149,10156,10162,10173,10177,10179,10186,10190,10191,10198,10204,10209,10211,10212,10229,10230,10238,10240,10245,10246,10248,10249,10255,10256,10260,10265,10281,10282,10297,10307,10321,10324,10325,10329,10332,10333,10336,10340,10342,10343,10344,10349,10352,10357,10360,10362,10363,10371,10373,10375,10381,10387,10391,10396,10402,10406,10409,10412,10414,10416,10425,10434,10435}",CA,2026-03-24 14:41:49.581307+01,gold_establishments_2025,,,,20006925000013,2025,Collectivité Territoriale,Intercommunalité,['Aube'],['Grand Est'],CA,{10},{44}
b6f59c63-f160-4cfc-a8a6-9fb271057a82,241927201,CA Tulle Agglo (19),false,"{19009,19016,19020,19037,19038,19040,19041,19042,19048,19056,19061,19062,19075,19081,19082,19085,19089,19090,19096,19098,19100,19101,19118,19146,19155,19158,19166,19174,19181,19194,19203,19207,19211,19213,19220,19227,19231,19235,19236,19240,19255,19272,19287}",CA,2026-03-24 14:41:49.581307+01,gold_establishments_2025,,,,24192720100095,2025,Collectivité Territoriale,Intercommunalité,['Corrèze'],['Nouvelle-Aquitaine'],CA,{19},{75}
defa87cc-9dea-41a0-a6ea-f1f1c0c09cea,200058485,CA Val Parisis (95),false,"{95051,95060,95176,95203,95219,95252,95256,95257,95306,95424,95488,95491,95563,95582,95607}",CA,2026-03-24 14:41:49.581307+01,gold_establishments_2025,,,,20005848500018,2025,Collectivité Territoriale,Intercommunalité,"[""Val-d'Oise""]",['Île-de-France'],CA,{95},{11}
65a431dd-8441-4ebd-9134-7acaf67d5eb0,247700339,CA Val d'Europe Agglomération (77),false,"{77018,77111,77132,77171,77268,77315,77413,77449,77508,77510}",CA,2026-03-24 14:41:51.447482+01,gold_establishments_2025,,,,24770033900010,2025,Collectivité Territoriale,Intercommunalité,['Seine-et-Marne'],['Île-de-France'],CA,{77},{11}
dfaca570-6299-475d-92f1-93d456a36772,200058477,CA Val d'Yerres Val de Seine (91),false,"{91097,91114,91191,91201,91215,91421,91514,91657,91691}",CA,2026-03-24 14:41:49.581307+01,gold_establishments_2025,,,,20005847700015,2025,Collectivité Territoriale,Intercommunalité,['Essonne'],['Île-de-France'],CA,{91},{11}
c6b2fa59-3293-4110-8211-480dd8b3e1ee,200030674,CA Val de Garonne Agglomération (47),false,"{47002,47024,47028,47046,47056,47059,47061,47065,47068,47074,47088,47094,47095,47101,47108,47110,47112,47120,47127,47130,47131,47150,47156,47157,47159,47163,47165,47191,47216,47231,47232,47233,47257,47263,47277,47285,47298,47301,47304,47310,47316,47325,47326}",CA,2026-03-24 14:41:49.581307+01,gold_establishments_2025,,,,20003067400010,2025,Collectivité Territoriale,Intercommunalité,['Lot-et-Garonne'],['Nouvelle-Aquitaine'],CA,{47},{75}
7ba13ef3-cd61-4708-b500-baa86647af4f,200068781,CA Valence Romans Agglo (26),false,"{26004,26023,26024,26032,26034,26037,26039,26042,26049,26057,26058,26064,26068,26079,26081,26084,26087,26088,26096,26100,26107,26124,26129,26139,26140,26149,26170,26173,26196,26197,26206,26207,26210,26212,26218,26224,26225,26231,26232,26252,26273,26281,26294,26298,26310,26313,26319,26323,26355,26358,26362,26379,26381,26382}",CA,2026-03-24 14:41:49.581307+01,gold_establishments_2025,,,,20006878100166,2025,Collectivité Territoriale,Intercommunalité,['Drôme'],['Auvergne-Rhône-Alpes'],CA,{26},{84}
9734b0ba-a246-4b43-aa27-d2af18093b8d,245901160,CA Valenciennes Métropole (59),false,"{59014,59019,59027,59032,59079,59112,59153,59160,59166,59215,59221,59253,59301,59369,59383,59407,59444,59447,59459,59471,59475,59479,59480,59484,59505,59515,59530,59544,59557,59559,59591,59606,59610,59613,59616}",CA,2026-03-24 14:41:51.447482+01,gold_establishments_2025,,,,24590116000011,2025,Collectivité Territoriale,Intercommunalité,['Nord'],['Hauts-de-France'],CA,{59},{32}
92ffd7b3-5dda-4b63-81be-f8a678c9b290,248400053,CA Ventoux-Comtat-Venaissin (COVE) (84),false,"{84004,84008,84011,84012,84015,84017,84030,84031,84041,84046,84049,84059,84067,84069,84072,84077,84100,84101,84108,84109,84115,84122,84130,84136,84143}",CA,2026-03-24 14:41:51.447482+01,gold_establishments_2025,,,,24840005300059,2025,Collectivité Territoriale,Intercommunalité,['Vaucluse'],"[""Provence-Alpes-Côte d'Azur""]",CA,{84},{93}
9b00736e-6fea-47a7-80ab-5a953df7a1f4,247800584,CA Versailles Grand Parc (CAVGP) (78),false,"{78043,78073,78092,78117,78126,78143,78158,78242,78322,78343,78455,78518,78545,78620,78640,78646,78686,91064}",CA,2026-03-24 14:41:51.447482+01,gold_establishments_2025,,,,24780058400036,2025,Collectivité Territoriale,Intercommunalité,"['Yvelines', 'Essonne']",['Île-de-France'],CA,"{78,91}",{11}
5e789169-20fa-478a-814e-d31a470a3400,200071363,CA Vichy Communauté (03),false,"{03001,03006,03008,03023,03029,03033,03044,03045,03050,03056,03060,03066,03068,03080,03093,03094,03095,03110,03113,03125,03126,03139,03141,03157,03163,03165,03174,03201,03224,03236,03248,03252,03258,03264,03271,03273,03304,03306,03310}",CA,2026-03-24 14:41:49.581307+01,gold_establishments_2025,,,,20007136300010,2025,Collectivité Territoriale,Intercommunalité,['Allier'],['Auvergne-Rhône-Alpes'],CA,{03},{84}
4ff38a04-0cd7-4b17-b90a-fff50c623351,200077014,CA Vienne Condrieu (38),false,"{38087,38107,38110,38131,38157,38160,38199,38215,38232,38238,38318,38336,38459,38480,38484,38487,38544,38558,69007,69064,69080,69097,69118,69119,69189,69193,69235,69236,69252,69253}",CA,2026-03-24 14:41:49.581307+01,gold_establishments_2025,,,,20007701400013,2025,Collectivité Territoriale,Intercommunalité,"['Isère', 'Rhône']",['Auvergne-Rhône-Alpes'],CA,"{38,69}",{84}
09a6bbb7-fcbf-4458-bb61-1872d453d688,200040590,CA Villefranche Beaujolais Saône (01),false,"{01194,69013,69023,69061,69074,69092,69105,69115,69137,69151,69167,69172,69192,69197,69215,69257,69264,69265}",CA,2026-03-24 14:41:49.581307+01,gold_establishments_2025,,,,20004059000016,2025,Collectivité Territoriale,Intercommunalité,"['Ain', 'Rhône']",['Auvergne-Rhône-Alpes'],CA,"{01,69}",{84}
676cf1d4-aefe-400b-8bca-10b349dc0f30,200039022,CA Vitré Communauté (35),false,"{35006,35008,35014,35015,35038,35042,35052,35061,35068,35072,35087,35096,35097,35102,35105,35109,35119,35125,35141,35161,35166,35170,35183,35185,35192,35194,35198,35199,35200,35217,35229,35232,35235,35252,35260,35264,35272,35283,35300,35325,35330,35338,35347,35350,35359,35360}",CA,2026-03-24 14:41:49.581307+01,gold_establishments_2025,,,,20003902200013,2025,Collectivité Territoriale,Intercommunalité,['Ille-et-Vilaine'],['Bretagne'],CA,{35},{53}
13a87bbe-adf2-4681-b366-6a2634815436,241300417,CA d'Arles-Crau-Camargue-Montagnette (13),false,"{13004,13017,13061,13096,13097,13108}",CA,2026-03-24 14:41:49.581307+01,gold_establishments_2025,,,,24130041700086,2025,Collectivité Territoriale,Intercommunalité,['Bouches-du-Rhône'],"[""Provence-Alpes-Côte d'Azur""]",CA,{13},{93}
d43d24f3-908f-4f0c-9eff-44ef78dc30f3,246200299,CA d'Hénin-Carvin (62),false,"{62148,62215,62249,62250,62274,62277,62321,62427,62497,62587,62624,62637,62724,62907}",CA,2026-03-24 14:41:51.447482+01,gold_establishments_2025,,,,24620029900013,2025,Collectivité Territoriale,Intercommunalité,['Pas-de-Calais'],['Hauts-de-France'],CA,{62},{32}
8beb5883-7eaa-48a9-9606-fffce6563396,200068757,CA d'Épinal (88),false,"{88011,88012,88026,88027,88028,88029,88040,88048,88073,88084,88087,88088,88090,88092,88094,88098,88099,88108,88121,88126,88132,88133,88134,88136,88142,88143,88152,88157,88160,88163,88173,88174,88176,88178,88190,88200,88201,88209,88221,88224,88225,88228,88236,88239,88247,88250,88253,88260,88273,88294,88311,88313,88327,88340,88342,88355,88358,88371,88379,88388,88406,88439,88449,88454,88458,88465,88479,88480,88481,88483,88484,88495,88497,88509,88513,88520,88530,88532}",CA,2026-03-24 14:41:49.581307+01,gold_establishments_2025,,,,20006875700158,2025,Collectivité Territoriale,Intercommunalité,['Vosges'],['Grand Est'],CA,{88},{44}
5f25739b-08d0-4645-b302-1a1a18ff2997,200033025,CA de Bar-le-Duc - Sud Meuse (55),false,"{55029,55041,55049,55101,55120,55138,55186,55214,55221,55291,55298,55300,55302,55332,55358,55366,55369,55370,55372,55373,55376,55426,55435,55446,55452,55466,55476,55488,55504,55514,55519,55541,55543}",CA,2026-03-24 14:41:49.581307+01,gold_establishments_2025,,,,20003302500012,2025,Collectivité Territoriale,Intercommunalité,['Meuse'],['Grand Est'],CA,{55},{44}
e6ea2cd8-067c-4d78-a4ac-de80322b2378,242000354,CA de Bastia (2B),false,"{2B033,2B120,2B305,2B309,2B353}",CA,2026-03-24 14:41:49.581307+01,gold_establishments_2025,,,,24200035400041,2025,Collectivité Territoriale,Intercommunalité,['Haute-Corse'],['Corse'],CA,{2B},{94}
b3bcf03b-eaa1-4d89-94ee-d31e9d92deaa,200030385,CA de Blois «Agglopolys» (41),false,"{41009,41018,41029,41031,41032,41035,41040,41045,41047,41050,41052,41055,41061,41067,41091,41093,41101,41108,41109,41128,41134,41137,41142,41144,41145,41147,41167,41189,41203,41205,41206,41208,41212,41223,41230,41233,41234,41246,41266,41276,41281,41288,41295}",CA,2026-03-24 14:41:49.581307+01,gold_establishments_2025,,,,20003038500013,2025,Collectivité Territoriale,Intercommunalité,['Loir-et-Cher'],['Centre-Val de Loire'],CA,{41},{24}
7a6bdab9-aa85-4cc3-acab-dc942a0065d9,200072460,"CA de Béthune-Bruay, Artois-Lys Romane (62)",false,"{62023,62028,62029,62034,62035,62048,62049,62051,62077,62083,62119,62120,62126,62132,62141,62162,62178,62188,62190,62194,62195,62197,62200,62217,62218,62224,62232,62252,62262,62269,62270,62276,62278,62286,62310,62313,62314,62328,62330,62349,62350,62356,62366,62373,62376,62377,62391,62400,62401,62407,62441,62443,62445,62454,62456,62457,62473,62479,62480,62486,62489,62500,62508,62509,62512,62516,62517,62520,62529,62532,62540,62555,62564,62584,62606,62617,62620,62626,62632,62642,62676,62693,62701,62706,62713,62720,62727,62735,62747,62750,62770,62836,62841,62846,62847,62848,62851,62863,62885,62900}",CA,2026-03-24 14:41:49.581307+01,gold_establishments_2025,,,,20007246000013,2025,Collectivité Territoriale,Intercommunalité,['Pas-de-Calais'],['Hauts-de-France'],CA,{62},{32}
f1f4ce48-7bc4-4a17-944c-e75cfb3d0ffb,243400769,CA de Béziers-Méditerranée (34),false,"{34009,34025,34032,34037,34073,34084,34085,34094,34139,34140,34166,34298,34299,34300,34324,34325,34336}",CA,2026-03-24 14:41:51.447482+01,gold_establishments_2025,,,,24340076900093,2025,Collectivité Territoriale,Intercommunalité,['Hérault'],['Occitanie'],CA,{34},{76}
278bb9ea-3bfe-45d2-93cf-83f15a37dd36,200068500,CA de Cambrai (59),false,"{59001,59010,59023,59039,59047,59048,59049,59085,59097,59121,59122,59125,59141,59161,59167,59176,59206,59209,59216,59219,59236,59244,59255,59267,59269,59294,59300,59312,59322,59341,59377,59389,59405,59422,59428,59432,59438,59455,59476,59488,59492,59500,59502,59517,59520,59521,59552,59567,59593,59595,59597,59622,59623,59625,59635}",CA,2026-03-24 14:41:49.581307+01,gold_establishments_2025,,,,20006850000012,2025,Collectivité Territoriale,Intercommunalité,['Nord'],['Hauts-de-France'],CA,{59},{32}
37607cfe-8fcb-4bf8-bdab-f5695434862b,248100430,CA de Castres Mazamet (81),false,"{81002,81021,81034,81065,81066,81120,81130,81163,81195,81196,81204,81209,81238,81307}",CA,2026-03-24 14:41:51.447482+01,gold_establishments_2025,,,,24810043000045,2025,Collectivité Territoriale,Intercommunalité,['Tarn'],['Occitanie'],CA,{81},{76}
9d39787e-0ca4-4650-9bc7-7054c78c095d,249500109,CA de Cergy-Pontoise (78),false,"{78382,95074,95127,95183,95218,95323,95388,95450,95476,95500,95510,95572,95637}",CA,2026-03-24 14:41:51.447482+01,gold_establishments_2025,,,,24950010900015,2025,Collectivité Territoriale,Intercommunalité,"['Yvelines', ""Val-d'Oise""]",['Île-de-France'],CA,"{78,95}",{11}
931a7f83-b42d-45f6-8a80-54ec2aa27a29,200068658,CA de Chaumont (52),false,"{52001,52011,52050,52053,52058,52072,52075,52087,52091,52121,52125,52140,52141,52157,52159,52160,52190,52193,52204,52205,52211,52214,52221,52232,52251,52253,52254,52260,52271,52276,52295,52297,52305,52310,52315,52322,52326,52349,52352,52353,52367,52371,52396,52401,52419,52421,52426,52428,52436,52459,52469,52472,52480,52488,52494,52514,52518,52522,52524,52535,52541,52547,52548}",CA,2026-03-24 14:41:49.581307+01,gold_establishments_2025,,,,20006865800018,2025,Collectivité Territoriale,Intercommunalité,['Haute-Marne'],['Grand Est'],CA,{52},{44}
dab988b1-c224-40bd-8231-e2245f699450,200066876,CA de Châlons-en-Champagne (51),false,"{51003,51023,51031,51078,51099,51108,51117,51146,51150,51160,51161,51168,51212,51231,51242,51278,51285,51301,51303,51312,51319,51326,51357,51372,51377,51388,51389,51453,51476,51483,51485,51504,51506,51509,51525,51545,51555,51556,51566,51587,51594,51595,51617,51634,51656}",CA,2026-03-24 14:41:49.581307+01,gold_establishments_2025,,,,20006687600018,2025,Collectivité Territoriale,Intercommunalité,['Marne'],['Grand Est'],CA,{51},{44}
1ec2103f-b836-4b69-8a50-d53421ee289d,200060457,CA de Dembeni / Mamoudzou (976),false,"{97607,97611}",CA,2026-03-24 14:41:49.581307+01,gold_establishments_2025,,,,20006045700013,2025,Collectivité Territoriale,Intercommunalité,['Mayotte'],['Mayotte'],CA,{976},{06}
d59d843d-6af0-4be0-b331-ef564f9b308b,245700372,CA de Forbach Porte de France (57),false,"{57013,57058,57101,57144,57176,57202,57208,57222,57227,57360,57466,57484,57514,57521,57537,57596,57638,57659,57660,57665,57669}",CA,2026-03-24 14:41:51.447482+01,gold_establishments_2025,,,,24570037200072,2025,Collectivité Territoriale,Intercommunalité,['Moselle'],['Grand Est'],CA,{57},{44}
40a183f3-13da-44c4-b986-d691a96e2376,200067874,CA de Haguenau (67),false,"{67023,67033,67035,67039,67046,67048,67067,67087,67100,67123,67180,67203,67215,67230,67238,67249,67250,67298,67301,67304,67328,67331,67345,67359,67361,67372,67407,67417,67449,67450,67458,67497,67498,67510,67540,67546}",CA,2026-03-24 14:41:49.581307+01,gold_establishments_2025,,,,20006787400012,2025,Collectivité Territoriale,Intercommunalité,['Bas-Rhin'],['Grand Est'],CA,{67},{44}
60350044-cd00-4266-a096-364c366e6fb9,241700434,CA de La Rochelle (17),false,"{17010,17028,17059,17094,17109,17136,17142,17153,17190,17193,17194,17200,17222,17245,17264,17274,17291,17300,17315,17373,17391,17407,17413,17414,17420,17443,17466,17483}",CA,2026-03-24 14:41:49.581307+01,gold_establishments_2025,,,,24170043400020,2025,Collectivité Territoriale,Intercommunalité,['Charente-Maritime'],['Nouvelle-Aquitaine'],CA,{17},{75}
05401f6a-63d3-4893-9a40-11fed64ba646,246200364,CA de Lens - Liévin (62),false,"{62001,62003,62019,62032,62033,62065,62107,62133,62170,62186,62213,62291,62311,62351,62371,62380,62386,62413,62464,62498,62510,62523,62528,62563,62570,62573,62628,62666,62737,62771,62793,62801,62842,62854,62861,62895}",CA,2026-03-24 14:41:51.447482+01,gold_establishments_2025,,,,24620036400080,2025,Collectivité Territoriale,Intercommunalité,['Pas-de-Calais'],['Hauts-de-France'],CA,{62},{32}
af6a5b3b-cae2-4ae5-9b38-bb95a39ab7df,245804406,CA de Nevers (58),false,"{58051,58088,58117,58121,58124,58126,58160,58194,58207,58214,58225,58238,58278,58303}",CA,2026-03-24 14:41:51.447482+01,gold_establishments_2025,,,,24580440600107,2025,Collectivité Territoriale,Intercommunalité,['Nièvre'],['Bourgogne-Franche-Comté'],CA,{58},{27}
8a82b8ab-681e-43aa-a589-36d667cc538f,243000643,CA de Nîmes Métropole (30),false,"{30036,30039,30047,30057,30060,30061,30075,30082,30102,30104,30112,30122,30125,30128,30138,30145,30155,30156,30163,30169,30180,30183,30189,30206,30211,30224,30228,30233,30241,30245,30249,30255,30257,30258,30281,30313,30317,30354,30356}",CA,2026-03-24 14:41:49.581307+01,gold_establishments_2025,,,,24300064300045,2025,Collectivité Territoriale,Intercommunalité,['Gard'],['Occitanie'],CA,{30},{76}
0c8f6dd1-ca0b-4878-a4d8-c9f9ed6e55c6,200071066,CA de Saint-Dié-des-Vosges (54),false,"{54075,54427,54443,88005,88009,88014,88032,88033,88035,88053,88054,88057,88059,88064,88068,88082,88089,88093,88106,88111,88113,88115,88120,88128,88159,88165,88181,88182,88193,88198,88213,88215,88244,88245,88268,88275,88276,88277,88284,88300,88306,88315,88317,88319,88320,88326,88328,88341,88345,88346,88349,88356,88361,88362,88372,88373,88375,88386,88398,88413,88419,88423,88424,88428,88435,88436,88438,88444,88445,88451,88463,88501,88503,88505,88506,88519,88526}",CA,2026-03-24 14:41:49.581307+01,gold_establishments_2025,,,,20007106600191,2025,Collectivité Territoriale,Intercommunalité,"['Meurthe-et-Moselle', 'Vosges']",['Grand Est'],CA,"{54,88}",{44}
de942414-5dcc-44c9-8d25-59f163a981f5,200058782,CA de Saint-Quentin-en-Yvelines (78),false,"{78165,78168,78208,78297,78356,78383,78423,78490,78621,78644,78674,78688}",CA,2026-03-24 14:41:49.581307+01,gold_establishments_2025,,,,20005878200018,2025,Collectivité Territoriale,Intercommunalité,['Yvelines'],['Île-de-France'],CA,{78},{11}
244ff5e9-911d-438c-9e36-82b5cf071435,200036473,CA de Saintes - Grandes Rives - L'Agglo (17),false,"{17072,17073,17086,17089,17100,17102,17112,17115,17120,17128,17141,17143,17147,17148,17164,17179,17191,17214,17235,17242,17275,17278,17289,17304,17313,17314,17336,17395,17400,17412,17415,17426,17444,17460,17462,17470}",CA,2026-03-24 14:41:49.581307+01,gold_establishments_2025,,,,20003647300110,2025,Collectivité Territoriale,Intercommunalité,['Charente-Maritime'],['Nouvelle-Aquitaine'],CA,{17},{75}
e1547dd7-1174-49b7-9da1-724063e86abb,240600585,CA de Sophia Antipolis (06),false,"{06004,06010,06017,06018,06022,06037,06038,06041,06044,06047,06049,06050,06061,06068,06070,06089,06105,06107,06112,06128,06148,06152,06155,06161}",CA,2026-03-24 14:41:49.581307+01,gold_establishments_2025,,,,24060058500014,2025,Collectivité Territoriale,Intercommunalité,['Alpes-Maritimes'],"[""Provence-Alpes-Côte d'Azur""]",CA,{06},{93}
92e6e423-9da5-44f0-913e-b296aef3162b,247000011,CA de Vesoul (70),false,"{70019,70020,70134,70136,70163,70166,70179,70207,70261,70358,70363,70367,70378,70388,70428,70429,70433,70513,70550,70559}",CA,2026-03-24 14:41:51.447482+01,gold_establishments_2025,,,,24700001100244,2025,Collectivité Territoriale,Intercommunalité,['Haute-Saône'],['Bourgogne-Franche-Comté'],CA,{70},{27}
83252fe5-7f88-46f8-a5f0-045dcd9a3bd4,248100737,CA de l'Albigeois (C2A) (81),false,"{81004,81018,81052,81059,81063,81074,81079,81097,81144,81156,81218,81232,81257,81274,81284,81297}",CA,2026-03-24 14:41:51.447482+01,gold_establishments_2025,,,,24810073700019,2025,Collectivité Territoriale,Intercommunalité,['Tarn'],['Occitanie'],CA,{81},{76}
e073a7c2-c0e2-4425-b573-e33deb030a41,200067114,CA de l'Auxerrois (89),false,"{89013,89023,89024,89045,89053,89077,89083,89102,89108,89118,89154,89155,89198,89199,89202,89212,89228,89263,89265,89295,89319,89337,89346,89427,89438,89453,89463,89478,89479}",CA,2026-03-24 14:41:49.581307+01,gold_establishments_2025,,,,20006711400013,2025,Collectivité Territoriale,Intercommunalité,['Yonne'],['Bourgogne-Franche-Comté'],CA,{89},{27}
2661a532-7f9e-40af-a5fc-cb1e7c66c45d,249720053,CA de l'Espace Sud de la Martinique (972),false,"{97202,97206,97207,97210,97217,97220,97221,97223,97226,97227,97231,97232}",CA,2026-03-24 14:41:51.447482+01,gold_establishments_2025,,,,24972005300084,2025,Collectivité Territoriale,Intercommunalité,['Martinique'],['Martinique'],CA,{972},{02}
8bd8a72a-a18b-462c-82c4-f5047f235a46,200040566,CA de l'Ouest Rhodanien (69),false,"{69001,69006,69008,69037,69054,69060,69066,69070,69075,69093,69102,69107,69130,69157,69160,69164,69169,69174,69181,69183,69188,69200,69214,69217,69225,69229,69234,69240,69243,69248,69254}",CA,2026-03-24 14:41:49.581307+01,gold_establishments_2025,,,,20004056600016,2025,Collectivité Territoriale,Intercommunalité,['Rhône'],['Auvergne-Rhône-Alpes'],CA,{69},{84}
4c20ef96-fb6f-405b-9560-e3f33030ffad,200070993,CA de la Baie de Somme (80),false,"{80001,80029,80051,80078,80099,80110,80135,80146,80163,80171,80182,80196,80205,80251,80260,80262,80268,80282,80287,80328,80345,80372,80385,80406,80446,80464,80476,80482,80488,80512,80529,80556,80588,80618,80691,80700,80721,80736,80779,80780,80783,80825,80836}",CA,2026-03-24 14:41:49.581307+01,gold_establishments_2025,,,,20007099300015,2025,Collectivité Territoriale,Intercommunalité,['Somme'],['Hauts-de-France'],CA,{80},{32}
3d9c3213-ad12-476c-903c-6b1d27761e8d,200042190,CA de la Porte du Hainaut (59),false,"{59002,59038,59064,59092,59100,59109,59114,59144,59172,59179,59192,59205,59207,59238,59284,59285,59288,59292,59297,59302,59313,59335,59348,59361,59387,59391,59393,59403,59418,59429,59434,59440,59446,59491,59504,59511,59519,59526,59554,59564,59589,59594,59603,59632,59645,59651,59652}",CA,2026-03-24 14:41:49.581307+01,gold_establishments_2025,,,,20004219000013,2025,Collectivité Territoriale,Intercommunalité,['Nord'],['Hauts-de-France'],CA,{59},{32}
2d50ebb6-5c76-4c2c-9a55-f2d5f81ebe73,244400610,CA de la Presqu'île de Guérande Atlantique (Cap Atlantique) (44),false,"{44006,44010,44049,44055,44069,44072,44097,44125,44135,44175,44183,44211,56030,56058,56155}",CA,2026-03-24 14:41:51.447482+01,gold_establishments_2025,,,,24440061000055,2025,Collectivité Territoriale,Intercommunalité,"['Loire-Atlantique', 'Morbihan']",['Pays de la Loire'],CA,"{44,56}",{52}
98bc08f3-a8f5-4e62-913a-f0cec267a1e7,200068104,CA de la Provence Verte (83),false,"{83021,83023,83030,83032,83037,83039,83045,83046,83051,83059,83064,83076,83077,83083,83087,83088,83089,83093,83096,83097,83106,83108,83110,83111,83116,83140,83143,83151}",CA,2026-03-24 14:41:49.581307+01,gold_establishments_2025,,,,20006810400013,2025,Collectivité Territoriale,Intercommunalité,['Var'],"[""Provence-Alpes-Côte d'Azur""]",CA,{83},{93}
9b077685-5c47-4840-8794-5c89e74f6f77,240600551,CA de la Riviera Française (06),false,"{06012,06023,06035,06036,06062,06067,06083,06086,06104,06113,06132,06136,06150,06162,06163}",CA,2026-03-24 14:41:49.581307+01,gold_establishments_2025,,,,24060055100032,2025,Collectivité Territoriale,Intercommunalité,['Alpes-Maritimes'],"[""Provence-Alpes-Côte d'Azur""]",CA,{06},{93}
5fee0d3c-fbbb-4af5-b3c6-0d762414648b,247600786,CA de la Région Dieppoise (76),false,"{76008,76026,76030,76184,76217,76324,76349,76413,76414,76482,76545,76565,76605,76667,76707,76720}",CA,2026-03-24 14:41:51.447482+01,gold_establishments_2025,,,,24760078600112,2025,Collectivité Territoriale,Intercommunalité,['Seine-Maritime'],['Normandie'],CA,{76},{28}
85013ee5-9d04-4231-8783-f2d1913b3db9,244400644,CA de la Région Nazairienne et de l'Estuaire (CARENE) (44),false,"{44013,44030,44052,44103,44132,44151,44168,44176,44184,44210}",CA,2026-03-24 14:41:51.447482+01,gold_establishments_2025,,,,24440064400013,2025,Collectivité Territoriale,Intercommunalité,['Loire-Atlantique'],['Pays de la Loire'],CA,{44},{52}
d6a77e04-9b34-4077-a672-b81184df4c0d,200072031,CA de la Région de Château-Thierry (02),false,"{02023,02042,02051,02053,02062,02083,02085,02094,02098,02099,02105,02114,02119,02125,02127,02137,02146,02164,02166,02168,02185,02187,02193,02203,02209,02213,02220,02223,02225,02227,02228,02239,02241,02271,02279,02280,02290,02292,02297,02305,02328,02332,02339,02347,02351,02356,02375,02389,02411,02428,02442,02458,02462,02484,02509,02510,02512,02515,02518,02524,02538,02540,02543,02554,02590,02595,02622,02645,02649,02655,02662,02664,02677,02679,02699,02712,02713,02724,02744,02748,02781,02794,02796,02800,02806,02809,02816}",CA,2026-03-24 14:41:49.581307+01,gold_establishments_2025,,,,20007203100129,2025,Collectivité Territoriale,Intercommunalité,['Aisne'],['Hauts-de-France'],CA,{02},{32}
ef0253e6-f39d-4a7a-aeac-39a39ccc52e5,200067965,CA de la Région de Compiègne et de la Basse Automne (60),false,"{60023,60067,60068,60070,60151,60156,60159,60323,60325,60326,60337,60338,60382,60402,60447,60578,60579,60597,60600,60665,60667,60674}",CA,2026-03-24 14:41:49.581307+01,gold_establishments_2025,,,,20006796500018,2025,Collectivité Territoriale,Intercommunalité,['Oise'],['Hauts-de-France'],CA,{60},{32}
1efd843c-92cc-4037-b466-8488c0fd6d39,200069029,CA des Deux Baies en Montreuillois (62),false,"{62015,62016,62044,62094,62108,62116,62124,62176,62196,62201,62206,62207,62231,62233,62241,62261,62289,62312,62315,62318,62354,62390,62460,62472,62496,62499,62527,62535,62554,62571,62585,62588,62602,62610,62688,62698,62742,62752,62799,62815,62826,62832,62849,62866,62870,62887}",CA,2026-03-24 14:41:49.581307+01,gold_establishments_2025,,,,20006902900011,2025,Collectivité Territoriale,Intercommunalité,['Pas-de-Calais'],['Hauts-de-France'],CA,{62},{32}
cacfe53b-4b01-4fd2-89c4-7102f21eb113,248400293,CA des Sorgues du Comtat (84),false,"{84001,84016,84080,84088,84129}",CC,2026-03-24 14:41:51.447482+01,gold_establishments_2025,,,,24840029300127,2025,Collectivité Territoriale,Intercommunalité,['Vaucluse'],"[""Provence-Alpes-Côte d'Azur""]",CA,{84},{93}
703821c7-0836-45fe-b384-3fb8ff457b38,243301504,CA du Bassin d'Arcachon Nord (33),false,"{33005,33011,33019,33051,33229,33236,33284,33555}",CA,2026-03-24 14:41:51.447482+01,gold_establishments_2025,,,,24330150400052,2025,Collectivité Territoriale,Intercommunalité,['Gironde'],['Nouvelle-Aquitaine'],CA,{33},{75}
9a7b6a2e-ba94-429a-8490-bc4cffd1dbae,241500230,CA du Bassin d'Aurillac (15),false,"{15012,15014,15016,15028,15056,15074,15083,15085,15088,15095,15096,15113,15118,15140,15160,15178,15204,15215,15221,15233,15252,15255,15257,15266,15267}",CA,2026-03-24 14:41:49.581307+01,gold_establishments_2025,,,,24150023000016,2025,Collectivité Territoriale,Intercommunalité,['Cantal'],['Auvergne-Rhône-Alpes'],CA,{15},{84}
8af9c053-eefd-445c-a252-ada50a59b87d,200071751,CA du Bassin de Bourg-en-Bresse (01),false,"{01024,01029,01038,01040,01053,01065,01069,01072,01095,01106,01108,01115,01124,01125,01127,01128,01130,01139,01140,01145,01147,01150,01151,01163,01177,01184,01195,01196,01197,01211,01212,01229,01230,01232,01236,01241,01245,01254,01259,01264,01266,01289,01296,01301,01309,01317,01321,01336,01344,01346,01350,01364,01367,01369,01374,01375,01380,01385,01387,01388,01391,01405,01406,01408,01422,01425,01426,01429,01432,01433,01437,01445,01447,01451}",CA,2026-03-24 14:41:49.581307+01,gold_establishments_2025,,,,20007175100016,2025,Collectivité Territoriale,Intercommunalité,['Ain'],['Auvergne-Rhône-Alpes'],CA,{01},{84}
fcdcd317-7980-44a6-bcb2-3174ca3c30e5,200043172,CA du Bassin de Brive (19),false,"{19005,19015,19030,19031,19035,19043,19047,19049,19063,19066,19068,19072,19077,19078,19093,19094,19107,19109,19117,19120,19123,19124,19147,19151,19153,19161,19177,19178,19182,19187,19188,19191,19195,19196,19202,19229,19234,19239,19242,19246,19253,19273,19274,19278,19279,19286,19288,19289}",CA,2026-03-24 14:41:49.581307+01,gold_establishments_2025,,,,20004317200010,2025,Collectivité Territoriale,Intercommunalité,['Corrèze'],['Nouvelle-Aquitaine'],CA,{19},{75}
871dbb47-bb23-4307-9f73-29bf64d081c6,200067999,CA du Beauvaisis (60),false,"{60009,60026,60029,60030,60041,60057,60063,60081,60103,60178,60230,60243,60250,60251,60253,60264,60277,60290,60302,60310,60313,60328,60336,60339,60355,60366,60372,60376,60390,60403,60428,60442,60454,60461,60490,60523,60530,60542,60549,60559,60576,60583,60586,60591,60608,60609,60628,60639,60646,60663,60668,60700,60703}",CA,2026-03-24 14:41:49.581307+01,gold_establishments_2025,,,,20006799900017,2025,Collectivité Territoriale,Intercommunalité,['Oise'],['Hauts-de-France'],CA,{60},{32}
b26e87f3-01d2-4dbc-9ab1-9922e6f19f17,200040244,CA du Bocage Bressuirais (79),false,"{79001,79013,79038,79049,79050,79062,79069,79076,79079,79088,79091,79094,79096,79103,79116,79123,79131,79132,79147,79179,79183,79190,79195,79207,79210,79235,79236,79238,79242,79280,79286,79289,79332}",CA,2026-03-24 14:41:49.581307+01,gold_establishments_2025,,,,20004024400010,2025,Collectivité Territoriale,Intercommunalité,['Deux-Sèvres'],['Nouvelle-Aquitaine'],CA,{79},{75}
140468c5-f275-4a04-98e8-c56ff77969f3,246200729,CA du Boulonnais (62),false,"{62075,62160,62235,62237,62264,62281,62300,62446,62448,62474,62603,62604,62643,62653,62658,62667,62746,62755,62758,62893,62894,62908}",CA,2026-03-24 14:41:51.447482+01,gold_establishments_2025,,,,24620072900050,2025,Collectivité Territoriale,Intercommunalité,['Pas-de-Calais'],['Hauts-de-France'],CA,{62},{32}
b8aac572-9491-4d12-9480-85f5b0be881f,200030633,CA du Caudrésis et du Catésis (59),false,"{59037,59055,59059,59063,59074,59075,59081,59102,59108,59118,59132,59136,59137,59138,59139,59140,59149,59171,59191,59213,59243,59274,59287,59311,59321,59349,59372,59382,59394,59395,59412,59413,59430,59450,59465,59485,59496,59498,59528,59531,59533,59545,59547,59604,59624,59631}",CA,2026-03-24 14:41:49.581307+01,gold_establishments_2025,,,,20003063300198,2025,Collectivité Territoriale,Intercommunalité,['Nord'],['Hauts-de-France'],CA,{59},{32}
0ba0747d-5afd-4673-aaf9-8a07cfb011f0,249730045,CA du Centre Littoral (973),false,"{97302,97305,97307,97309,97310,97313}",CA,2026-03-24 14:41:51.447482+01,gold_establishments_2025,,,,24973004500047,2025,Collectivité Territoriale,Intercommunalité,['Guyane'],['Guyane'],CA,{973},{03}
e8c3c439-a2e8-41f3-ab07-956c3fcb3a75,249720061,CA du Centre de la Martinique (972),false,"{97209,97213,97224,97229}",CA,2026-03-24 14:41:51.447482+01,gold_establishments_2025,,,,24972006100103,2025,Collectivité Territoriale,Intercommunalité,['Martinique'],['Martinique'],CA,{972},{02}
314a30b9-e432-4d93-a8b8-66ae70cbd5b3,200067205,CA du Cotentin (50),false,"{50013,50022,50026,50030,50031,50033,50041,50045,50049,50055,50064,50077,50079,50082,50083,50086,50087,50096,50097,50101,50105,50129,50135,50138,50142,50149,50150,50156,50162,50169,50172,50175,50176,50178,50183,50184,50186,50190,50194,50196,50207,50209,50222,50227,50230,50233,50235,50238,50240,50241,50251,50258,50268,50270,50285,50294,50296,50299,50305,50332,50335,50341,50342,50360,50369,50370,50374,50382,50384,50387,50390,50395,50401,50402,50412,50417,50421,50425,50426,50430,50433,50435,50442,50454,50457,50461,50467,50469,50471,50478,50480,50486,50490,50498,50507,50511,50519,50522,50536,50539,50551,50562,50567,50572,50575,50576,50577,50578,50579,50580,50585,50587,50588,50593,50594,50596,50598,50599,50604,50610,50613,50615,50618,50619,50621,50633,50634,50643,50648}",CA,2026-03-24 14:41:49.581307+01,gold_establishments_2025,,,,20006720500019,2025,Collectivité Territoriale,Intercommunalité,['Manche'],['Normandie'],CA,{50},{28}
2c357e71-26af-42ea-9a29-0e36f4b5c2ac,200034692,CA du Gard Rhodanien (30),false,"{30005,30028,30070,30076,30081,30084,30092,30096,30124,30127,30131,30134,30141,30143,30149,30175,30178,30191,30196,30202,30222,30225,30226,30230,30232,30242,30251,30254,30256,30273,30277,30278,30282,30287,30288,30290,30292,30302,30304,30326,30331,30342,30343,30355}",CA,2026-03-24 14:41:49.581307+01,gold_establishments_2025,,,,20003469200018,2025,Collectivité Territoriale,Intercommunalité,['Gard'],['Occitanie'],CA,{30},{76}
22401c6c-d09f-4227-b7f0-d37414f5a137,200071827,CA du Grand Angoulême (16),false,"{16015,16019,16026,16055,16061,16078,16101,16113,16119,16120,16138,16146,16154,16166,16168,16187,16199,16210,16232,16236,16244,16263,16271,16287,16291,16341,16348,16358,16368,16370,16374,16382,16385,16388,16415,16418,16420,16422}",CA,2026-03-24 14:41:49.581307+01,gold_establishments_2025,,,,20007182700014,2025,Collectivité Territoriale,Intercommunalité,['Charente'],['Nouvelle-Aquitaine'],CA,{16},{75}
9ba867ce-7f39-435e-b8ec-9ec267bf293e,200066793,CA du Grand Annecy (74),false,"{74002,74004,74010,74019,74036,74054,74060,74061,74062,74067,74097,74108,74111,74112,74137,74138,74142,74148,74176,74186,74194,74198,74213,74219,74232,74233,74242,74254,74267,74275,74282,74299,74303,74310}",CA,2026-03-24 14:41:49.581307+01,gold_establishments_2025,,,,20006679300015,2025,Collectivité Territoriale,Intercommunalité,['Haute-Savoie'],['Auvergne-Rhône-Alpes'],CA,{74},{84}
4d47ce5a-1768-4084-b67c-082a70c44bb2,248400251,CA du Grand Avignon (COGA) (30),false,"{30011,30209,30217,30221,30312,30315,30351,84007,84034,84043,84055,84081,84092,84119,84141,84142}",CA,2026-03-24 14:41:51.447482+01,gold_establishments_2025,,,,24840025100158,2025,Collectivité Territoriale,Intercommunalité,"['Gard', 'Vaucluse']",['Occitanie'],CA,"{30,84}",{76}
7ff74ae7-3f1b-4fc4-8e24-74004a876b0c,200023737,CA du Grand Cahors (46),false,"{46007,46032,46037,46040,46042,46044,46046,46064,46070,46080,46088,46095,46109,46112,46119,46134,46136,46137,46149,46156,46171,46188,46190,46191,46197,46205,46211,46223,46224,46256,46264,46268,46280,46320,46322,46340}",CA,2026-03-24 14:41:49.581307+01,gold_establishments_2025,,,,20002373700014,2025,Collectivité Territoriale,Intercommunalité,['Lot'],['Occitanie'],CA,{46},{76}
a94ea190-afdf-4d8d-8cb8-b925f778049f,200069110,CA du Grand Chambéry (73),false,"{73004,73005,73020,73029,73030,73031,73036,73064,73065,73081,73087,73090,73097,73098,73101,73106,73137,73139,73146,73160,73178,73179,73192,73210,73213,73222,73225,73228,73234,73243,73249,73277,73281,73288,73293,73294,73310,73326}",CA,2026-03-24 14:41:49.581307+01,gold_establishments_2025,,,,20006911000019,2025,Collectivité Territoriale,Intercommunalité,['Savoie'],['Auvergne-Rhône-Alpes'],CA,{73},{84}
8b949719-9809-4f2a-93f3-7ebdc2b90cad,200070514,CA du Grand Cognac (16),false,"{16012,16013,16018,16032,16045,16050,16056,16057,16058,16060,16077,16088,16089,16090,16097,16102,16116,16139,16145,16150,16151,16152,16153,16163,16165,16167,16169,16171,16174,16186,16193,16204,16216,16217,16218,16220,16233,16234,16243,16277,16297,16304,16316,16330,16340,16343,16349,16352,16359,16366,16369,16387,16399,16402}",CA,2026-03-24 14:41:49.581307+01,gold_establishments_2025,,,,20007051400019,2025,Collectivité Territoriale,Intercommunalité,['Charente'],['Nouvelle-Aquitaine'],CA,{16},{75}
fbfdea88-717c-499b-a4a7-ce6dda1f7635,244000675,CA du Grand Dax (40),false,"{40003,40035,40063,40088,40114,40123,40125,40179,40202,40207,40244,40277,40279,40283,40294,40300,40301,40314,40315,40334}",CA,2026-03-24 14:41:51.447482+01,gold_establishments_2025,,,,24400067500151,2025,Collectivité Territoriale,Intercommunalité,['Landes'],['Nouvelle-Aquitaine'],CA,{40},{75}
63432306-c7d9-4d98-95c1-7e95eefbbbd9,200010650,CA du Grand Dole (39),false,"{39001,39008,39014,39024,39029,39030,39031,39042,39051,39078,39096,39099,39101,39121,39141,39150,39182,39189,39193,39198,39205,39220,39233,39238,39252,39262,39270,39284,39285,39308,39323,39335,39345,39387,39405,39409,39412,39432,39449,39462,39465,39476,39501,39526,39571,39573,39584}",CA,2026-03-24 14:41:49.581307+01,gold_establishments_2025,,,,20001065000055,2025,Collectivité Territoriale,Intercommunalité,['Jura'],['Bourgogne-Franche-Comté'],CA,{39},{27}
13772668-eca3-4087-b6aa-cd800df62210,200034825,CA du Grand Guéret (23),false,"{23002,23004,23033,23036,23052,23088,23092,23096,23101,23128,23132,23150,23169,23170,23186,23191,23193,23195,23206,23208,23242,23245,23247,23248,23250}",CA,2026-03-24 14:41:49.581307+01,gold_establishments_2025,,,,20003482500014,2025,Collectivité Territoriale,Intercommunalité,['Creuse'],['Nouvelle-Aquitaine'],CA,{23},{75}
92a682ef-ff46-4c58-aa3f-56b29b0f8fba,200060465,CA du Grand Nord de Mayotte (976),false,"{97601,97602,97610,97612}",CA,2026-03-24 14:41:49.581307+01,gold_establishments_2025,,,,20006046500016,2025,Collectivité Territoriale,Intercommunalité,['Mayotte'],['Mayotte'],CA,{976},{06}
803b6167-6bec-490c-8241-1a344c0379d3,248900334,CA du Grand Sénonais (89),false,"{89018,89051,89113,89127,89142,89160,89172,89195,89236,89239,89240,89245,89278,89287,89291,89326,89327,89338,89342,89354,89373,89387,89399,89443,89464,89471,89483}",CA,2026-03-24 14:41:51.447482+01,gold_establishments_2025,,,,24890033400033,2025,Collectivité Territoriale,Intercommunalité,['Yonne'],['Bourgogne-Franche-Comté'],CA,{89},{27}
93cbc44e-75cd-4e08-8748-6d466b11bdc3,200049187,CA du Grand Verdun (55),false,"{55039,55042,55043,55047,55048,55050,55073,55099,55102,55106,55139,55189,55200,55236,55239,55307,55321,55355,55394,55468,55489,55505,55523,55537,55545}",CA,2026-03-24 14:41:49.581307+01,gold_establishments_2025,,,,20004918700012,2025,Collectivité Territoriale,Intercommunalité,['Meuse'],['Grand Est'],CA,{55},{44}
11b5b313-77e3-4e36-ac7b-0b6056736daf,200023307,CA du Grand Villeneuvois (47),false,"{47006,47027,47049,47050,47053,47075,47081,47099,47117,47138,47146,47171,47215,47228,47237,47239,47252,47273,47323}",CA,2026-03-24 14:41:49.581307+01,gold_establishments_2025,,,,20002330700016,2025,Collectivité Territoriale,Intercommunalité,['Lot-et-Garonne'],['Nouvelle-Aquitaine'],CA,{47},{75}
b67a17d6-ccd5-4277-a9d5-f5eaf7cd4b28,200070092,CA du Libournais (33),false,"{33001,33015,33034,33052,33062,33079,33088,33124,33138,33147,33148,33154,33157,33166,33185,33191,33198,33207,33218,33222,33230,33243,33264,33298,33303,33315,33328,33332,33347,33362,33373,33385,33387,33393,33413,33442,33445,33447,33466,33472,33478,33509,33531,33532,33539}",CA,2026-03-24 14:41:49.581307+01,gold_establishments_2025,,,,20007009200222,2025,Collectivité Territoriale,Intercommunalité,['Gironde'],['Nouvelle-Aquitaine'],CA,{33},{75}
242058b9-3fef-44d0-8cc2-955aebf0457b,200041317,CA du Niortais (79),false,"{79003,79009,79010,79031,79034,79046,79058,79078,79081,79100,79109,79112,79125,79127,79130,79133,79137,79144,79162,79166,79170,79191,79216,79220,79229,79249,79254,79257,79273,79281,79293,79294,79298,79304,79308,79334,79335,79337,79351,79355}",CA,2026-03-24 14:41:49.581307+01,gold_establishments_2025,,,,20004131700013,2025,Collectivité Territoriale,Intercommunalité,['Deux-Sèvres'],['Nouvelle-Aquitaine'],CA,{79},{75}
9114189a-8ce1-4711-9d8f-ebd3e9479235,249710062,CA du Nord Basse-Terre (971),false,"{97111,97114,97115,97118,97121,97129}",CA,2026-03-24 14:41:51.447482+01,gold_establishments_2025,,,,24971006200012,2025,Collectivité Territoriale,Intercommunalité,['Guadeloupe'],['Guadeloupe'],CA,{971},{01}
37ee3efa-8e3a-40b7-8df9-03c9266ca069,200044691,CA du Nord Grande Terre (971),false,"{97102,97116,97117,97119,97122}",CA,2026-03-24 14:41:49.581307+01,gold_establishments_2025,,,,20004469100018,2025,Collectivité Territoriale,Intercommunalité,['Guadeloupe'],['Guadeloupe'],CA,{971},{01}
316c7b0e-cff3-4f02-9a4b-227dd7a27e68,242010056,CA du Pays Ajaccien (2A),false,"{2A001,2A004,2A006,2A017,2A103,2A209,2A271,2A323,2A336,2A351}",CC,2026-03-24 14:41:49.581307+01,gold_establishments_2025,,,,24201005600073,2025,Collectivité Territoriale,Intercommunalité,['Corse-du-Sud'],['Corse'],CA,{2A},{94}
3ff3eb4f-379a-41ad-86ec-647fa80f1408,200067106,CA du Pays Basque (64),false,"{64008,64009,64010,64011,64012,64013,64014,64015,64016,64017,64018,64019,64024,64026,64031,64034,64035,64036,64038,64045,64046,64047,64049,64050,64051,64065,64066,64081,64086,64092,64093,64094,64100,64102,64105,64106,64107,64113,64115,64120,64122,64123,64124,64125,64130,64134,64140,64147,64150,64154,64155,64160,64161,64162,64166,64187,64188,64189,64202,64213,64214,64218,64221,64222,64228,64229,64231,64235,64247,64249,64250,64255,64256,64258,64259,64260,64264,64265,64267,64268,64271,64272,64273,64274,64275,64277,64279,64282,64283,64285,64289,64294,64297,64298,64303,64304,64313,64314,64316,64317,64319,64322,64327,64340,64341,64342,64345,64350,64362,64364,64368,64371,64375,64377,64378,64379,64391,64404,64407,64411,64424,64425,64429,64432,64435,64436,64437,64441,64468,64475,64476,64477,64483,64484,64485,64487,64489,64490,64492,64493,64495,64496,64502,64504,64509,64527,64528,64533,64537,64538,64539,64540,64543,64545,64546,64547,64558,64559}",CA,2026-03-24 14:41:49.581307+01,gold_establishments_2025,,,,20006710600019,2025,Collectivité Territoriale,Intercommunalité,['Pyrénées-Atlantiques'],['Nouvelle-Aquitaine'],CA,{64},{75}
95aeb1b6-e69e-4f4c-87ae-38519a61605d,200041788,CA du Pays Nord Martinique (972),false,"{97201,97203,97204,97205,97208,97211,97212,97214,97215,97216,97218,97219,97222,97225,97228,97230,97233,97234}",CA,2026-03-24 14:41:49.581307+01,gold_establishments_2025,,,,20004178800015,2025,Collectivité Territoriale,Intercommunalité,['Martinique'],['Martinique'],CA,{972},{02}
f393bb8d-8850-4da4-aa99-20e7eff6aab7,243800984,CA du Pays Voironnais (38),false,"{38043,38061,38080,38082,38084,38105,38133,38222,38228,38239,38256,38270,38292,38331,38337,38362,38368,38372,38373,38383,38386,38400,38407,38432,38460,38517,38531,38563,38564,38565,38566}",CA,2026-03-24 14:41:51.447482+01,gold_establishments_2025,,,,24380098400029,2025,Collectivité Territoriale,Intercommunalité,['Isère'],['Auvergne-Rhône-Alpes'],CA,{38},{84}
8b0cd37a-b2d6-42b0-9819-2a1ec32609bb,200072346,CA du Pays de Fontainebleau (77),false,"{77001,77006,77014,77022,77037,77041,77048,77065,77069,77088,77096,77185,77186,77226,77339,77359,77386,77412,77425,77435,77441,77442,77471,77477,77485,77533}",CA,2026-03-24 14:41:49.581307+01,gold_establishments_2025,,,,20007234600097,2025,Collectivité Territoriale,Intercommunalité,['Seine-et-Marne'],['Île-de-France'],CA,{77},{11}
026b27e2-fc2f-47dd-8a37-2b8b8a2489f5,240100750,CA du Pays de Gex (01),false,"{01071,01078,01103,01104,01109,01135,01143,01153,01158,01160,01173,01180,01209,01210,01247,01281,01288,01308,01313,01354,01360,01397,01399,01401,01419,01435,01436}",CA,2026-03-24 14:41:49.581307+01,gold_establishments_2025,,,,24010075000126,2025,Collectivité Territoriale,Intercommunalité,['Ain'],['Auvergne-Rhône-Alpes'],CA,{01},{84}
1cbd6b7b-2764-4ee3-af5f-353086ec2e80,200039857,CA du Pays de Grasse (06),false,"{06002,06003,06007,06024,06026,06028,06045,06058,06063,06069,06081,06084,06087,06090,06095,06108,06116,06118,06130,06134,06137,06140,06154}",CA,2026-03-24 14:41:49.581307+01,gold_establishments_2025,,,,20003985700012,2025,Collectivité Territoriale,Intercommunalité,['Alpes-Maritimes'],"[""Provence-Alpes-Côte d'Azur""]",CA,{06},{93}
d3299907-29f1-4993-b805-4dbc7a40db93,242900801,CA du Pays de Landerneau-Daoulas (29),false,"{29043,29045,29056,29078,29080,29086,29103,29116,29137,29140,29144,29156,29180,29181,29237,29245,29246,29268,29270,29286,29294,29295}",CC,2026-03-24 14:41:49.581307+01,gold_establishments_2025,,,,24290080100133,2025,Collectivité Territoriale,Intercommunalité,['Finistère'],['Bretagne'],CA,{29},{53}
56ff22e0-3617-4681-b13c-c433f598dbb8,200043495,CA du Pays de Laon (02),false,"{02024,02028,02037,02080,02088,02128,02132,02150,02151,02153,02157,02158,02177,02191,02196,02205,02238,02282,02294,02309,02407,02408,02413,02429,02471,02489,02497,02501,02508,02561,02573,02587,02621,02697,02765,02791,02821,02824}",CA,2026-03-24 14:41:49.581307+01,gold_establishments_2025,,,,20004349500015,2025,Collectivité Territoriale,Intercommunalité,['Aisne'],['Hauts-de-France'],CA,{02},{32}
b79540af-ab4c-4487-af55-2345e9c59b7f,200072130,CA du Pays de Meaux (77),false,"{77023,77049,77077,77143,77193,77199,77203,77205,77232,77276,77284,77300,77309,77330,77335,77358,77369,77382,77408,77437,77474,77475,77483,77498,77505,77513}",CA,2026-03-24 14:41:49.581307+01,gold_establishments_2025,,,,20007213000012,2025,Collectivité Territoriale,Intercommunalité,['Seine-et-Marne'],['Île-de-France'],CA,{77},{11}
7e764302-934d-4af6-84a7-ecf532fcbf91,243500782,CA du Pays de Saint Malo Agglomération (35),false,"{35049,35070,35116,35122,35132,35153,35179,35224,35255,35263,35279,35284,35288,35299,35306,35314,35358,35362}",CA,2026-03-24 14:41:51.447482+01,gold_establishments_2025,,,,24350078200079,2025,Collectivité Territoriale,Intercommunalité,['Ille-et-Vilaine'],['Bretagne'],CA,{35},{53}
fd33d585-badd-4da4-af74-b80e70470c6e,200023778,CA du Pays de Saint-Gilles-Croix-de-Vie (85),false,"{85002,85035,85045,85070,85071,85088,85100,85120,85189,85222,85226,85239,85243,85268}",CC,2026-03-24 14:41:49.581307+01,gold_establishments_2025,,,,20002377800018,2025,Collectivité Territoriale,Intercommunalité,['Vendée'],['Pays de la Loire'],CA,{85},{52}
1f6669b7-0288-4137-aa43-8b92efae49e9,200069037,CA du Pays de Saint-Omer (62),false,"{62014,62040,62053,62067,62087,62095,62139,62153,62205,62225,62254,62265,62267,62288,62295,62297,62304,62325,62327,62336,62403,62423,62452,62458,62471,62485,62525,62543,62567,62569,62592,62595,62618,62622,62681,62684,62691,62696,62704,62721,62757,62760,62765,62772,62792,62811,62812,62819,62827,62875,62901,62902,62904}",CA,2026-03-24 14:41:49.581307+01,gold_establishments_2025,,,,20006903700014,2025,Collectivité Territoriale,Intercommunalité,['Pas-de-Calais'],['Hauts-de-France'],CA,{62},{32}
bf01a4c0-4c41-43c8-aa3b-5e5cc5158a3c,243400470,CA du Pays de l'Or (34),false,"{34050,34127,34154,34176,34192,34240,34321,34344}",CA,2026-03-24 14:41:51.447482+01,gold_establishments_2025,,,,24340047000221,2025,Collectivité Territoriale,Intercommunalité,['Hérault'],['Occitanie'],CA,{34},{76}
263bbd5a-ef53-4525-b4b0-72b528261cfb,200073419,CA du Puy-en-Velay (43),false,"{43002,43003,43010,43018,43021,43023,43026,43030,43032,43035,43036,43039,43041,43043,43045,43046,43048,43049,43057,43059,43061,43062,43071,43073,43076,43078,43080,43084,43089,43093,43095,43108,43116,43119,43122,43124,43126,43128,43134,43136,43138,43140,43150,43152,43157,43164,43165,43174,43181,43187,43189,43190,43194,43196,43197,43201,43216,43217,43220,43221,43228,43229,43230,43233,43237,43241,43251,43254,43257,43259,43260,43267}",CA,2026-03-24 14:41:49.581307+01,gold_establishments_2025,,,,20007341900018,2025,Collectivité Territoriale,Intercommunalité,['Haute-Loire'],['Auvergne-Rhône-Alpes'],CA,{43},{84}
675bd83c-1ae3-46fa-89c5-b37000480002,200071892,CA du Saint-Quentinois (02),false,"{02019,02025,02032,02117,02142,02199,02214,02246,02257,02273,02288,02303,02310,02315,02319,02320,02322,02340,02359,02367,02371,02383,02397,02420,02459,02481,02504,02525,02549,02570,02571,02637,02659,02691,02694,02710,02726,02752,02815}",CA,2026-03-24 14:41:49.581307+01,gold_establishments_2025,,,,20007189200067,2025,Collectivité Territoriale,Intercommunalité,['Aisne'],['Hauts-de-France'],CA,{02},{32}
01964657-5b37-4fba-a9d4-cb0c064d563a,243100633,CA du Sicoval (31),false,"{31004,31025,31035,31036,31048,31057,31058,31113,31148,31151,31161,31162,31169,31171,31192,31227,31240,31249,31254,31259,31284,31340,31366,31381,31384,31401,31402,31409,31411,31429,31437,31446,31448,31568,31575,31578}",CA,2026-03-24 14:41:51.447482+01,gold_establishments_2025,,,,24310063300391,2025,Collectivité Territoriale,Intercommunalité,['Haute-Garonne'],['Occitanie'],CA,{31},{76}
d590599e-65d6-49aa-b95f-aa60905c6c76,249740085,CA du Sud (974),false,"{97403,97412,97417,97422}",CA,2026-03-24 14:41:51.447482+01,gold_establishments_2025,,,,24974008500033,2025,Collectivité Territoriale,Intercommunalité,['La Réunion'],['La Réunion'],CA,{974},{04}
a17f985d-b8cf-45e7-b1be-98a17afebeb6,245701222,CA du Val de Fensch (57),false,"{57012,57206,57221,57306,57368,57498,57508,57562,57647,57683}",CA,2026-03-24 14:41:51.447482+01,gold_establishments_2025,,,,24570122200144,2025,Collectivité Territoriale,Intercommunalité,['Moselle'],['Grand Est'],CA,{57},{44}
9332442e-8016-472c-a12f-638686d17e67,200067684,"CA Épernay, Coteaux et Plaine de Champagne (51)",false,"{51018,51029,51049,51093,51107,51110,51142,51153,51154,51158,51196,51200,51202,51226,51230,51239,51251,51268,51273,51281,51302,51327,51342,51344,51367,51378,51384,51387,51390,51413,51430,51431,51434,51435,51469,51499,51558,51578,51603,51611,51612,51627,51630,51638,51643,51655,51663}",CA,2026-03-24 14:41:49.581307+01,gold_establishments_2025,,,,20006768400015,2025,Collectivité Territoriale,Intercommunalité,['Marne'],['Grand Est'],CA,{51},{44}
70f7cd45-58ad-413e-bfff-79d23f3dc3d2,200017846,CA Étampois Sud Essonne (91),false,"{91001,91016,91022,91035,91067,91075,91079,91081,91098,91100,91109,91112,91130,91131,91137,91145,91223,91240,91248,91294,91374,91390,91393,91399,91414,91433,91469,91495,91508,91511,91526,91533,91544,91547,91556,91613,91629}",CA,2026-03-24 14:41:49.581307+01,gold_establishments_2025,,,,20001784600045,2025,Collectivité Territoriale,Intercommunalité,['Essonne'],['Île-de-France'],CA,{91},{11}
4900287d-bed4-4a60-841c-9355ef337bbe,200072106,CC Adour Madiran (64),false,"{64111,64173,64174,64293,64309,64372,64395,64398,64451,64454,64515,65007,65013,65035,65049,65061,65073,65102,65114,65119,65121,65130,65137,65160,65161,65174,65196,65215,65219,65240,65242,65243,65248,65254,65262,65264,65269,65273,65296,65297,65299,65304,65311,65314,65325,65330,65341,65361,65364,65372,65375,65387,65390,65397,65403,65409,65412,65414,65418,65425,65429,65432,65438,65439,65446,65454,65457,65460,65462,65472,65476,65477}",CC,2026-03-24 14:41:49.581307+01,gold_establishments_2025,,,,20007210600012,2025,Collectivité Territoriale,Intercommunalité,"['Pyrénées-Atlantiques', 'Hautes-Pyrénées']",['Nouvelle-Aquitaine'],CC,"{64,65}",{75}
33608be6-d2d9-41ca-953f-22dd5bf0597c,246600423,CC Agly Fenouillèdes (66),false,"{66006,66035,66039,66046,66076,66077,66083,66092,66096,66097,66107,66139,66143,66151,66152,66156,66158,66169,66184,66187,66198,66216,66232,66234}",CC,2026-03-24 14:41:51.447482+01,gold_establishments_2025,,,,24660042300056,2025,Collectivité Territoriale,Intercommunalité,['Pyrénées-Orientales'],['Occitanie'],CC,{66},{76}
d62c67b2-bd85-419d-9b06-82f4810c228a,200041416,CC Airvaudais-Val du Thouet (79),false,"{79005,79016,79022,79047,79089,79141,79156,79165,79268}",CC,2026-03-24 14:41:49.581307+01,gold_establishments_2025,,,,20004141600013,2025,Collectivité Territoriale,Intercommunalité,['Deux-Sèvres'],['Nouvelle-Aquitaine'],CC,{79},{75}
bfe1b639-9da5-414c-9843-fc175469d68f,200068948,CC Albret Communauté (47),false,"{47009,47021,47041,47043,47045,47090,47097,47098,47102,47103,47133,47134,47139,47143,47167,47172,47174,47176,47180,47186,47195,47197,47207,47211,47221,47258,47266,47282,47287,47302,47308,47318,47327}",CC,2026-03-24 14:41:49.581307+01,gold_establishments_2025,,,,20006894800260,2025,Collectivité Territoriale,Intercommunalité,['Lot-et-Garonne'],['Nouvelle-Aquitaine'],CC,{47},{75}
20bc2bca-5024-4702-8054-9c56c5596470,200039931,CC Alpes d'Azur (06),false,"{06001,06005,06008,06016,06040,06051,06052,06053,06056,06071,06076,06078,06082,06093,06094,06096,06097,06098,06099,06100,06101,06106,06115,06124,06125,06131,06133,06135,06139,06141,06143,06145,06158,06160}",CC,2026-03-24 14:41:49.581307+01,gold_establishments_2025,,,,20003993100015,2025,Collectivité Territoriale,Intercommunalité,['Alpes-Maritimes'],"[""Provence-Alpes-Côte d'Azur""]",CC,{06},{93}
08ef2745-e806-4dad-a015-7c5e8b24f4e6,200068625,CC Alpes-Provence-Verdon - Sources de Lumière (04),false,"{04005,04006,04007,04008,04022,04025,04030,04032,04039,04042,04043,04055,04059,04061,04069,04076,04090,04092,04099,04115,04133,04136,04144,04148,04170,04171,04173,04174,04180,04183,04187,04194,04202,04204,04210,04214,04218,04219,04224,04236,04240}",CC,2026-03-24 14:41:49.581307+01,gold_establishments_2025,,,,20006862500017,2025,Collectivité Territoriale,Intercommunalité,['Alpes-de-Haute-Provence'],"[""Provence-Alpes-Côte d'Azur""]",CC,{04},{93}
03bb7b88-aed9-45ec-a3fb-6f52afc71e46,200066025,CC Alsace Rhin Brisach (68),false,"{68001,68008,68009,68016,68019,68036,68041,68069,68076,68091,68104,68130,68136,68140,68172,68189,68225,68230,68231,68246,68281,68290,68291,68345,68351,68352,68360,68367,68379}",CC,2026-03-24 14:41:49.581307+01,gold_establishments_2025,,,,20006602500012,2025,Collectivité Territoriale,Intercommunalité,['Haut-Rhin'],['Grand Est'],CC,{68},{44}
e0fbdf1f-864b-4aa0-9bb4-c793a720f7fd,242504488,CC Altitude 800 (25),false,"{25026,25060,25122,25229,25270,25334,25541,25621,25627}",CC,2026-03-24 14:41:49.581307+01,gold_establishments_2025,,,,24250448800147,2025,Collectivité Territoriale,Intercommunalité,['Doubs'],['Bourgogne-Franche-Comté'],CC,{25},{27}
03bdde31-1038-432a-ab2a-d2b04a1049d1,200070761,CC Ambert Livradois Forez (63),false,"{63002,63003,63010,63023,63027,63037,63039,63056,63057,63065,63076,63081,63086,63104,63105,63119,63132,63136,63137,63139,63142,63147,63158,63161,63162,63173,63174,63179,63207,63211,63218,63221,63230,63256,63258,63309,63312,63314,63319,63323,63324,63328,63331,63337,63341,63353,63355,63371,63374,63384,63394,63398,63412,63431,63434,63441,63454,63465}",CC,2026-03-24 14:41:49.581307+01,gold_establishments_2025,,,,20007076100016,2025,Collectivité Territoriale,Intercommunalité,['Puy-de-Dôme'],['Auvergne-Rhône-Alpes'],CC,{63},{84}
789b0752-1314-481c-b152-8ca304adbf5d,200067908,CC Amognes Cœur du Nivernais (58),false,"{58006,58024,58028,58031,58035,58078,58092,58097,58113,58119,58136,58143,58176,58196,58204,58223,58232,58233,58239,58240,58247,58253,58257,58267,58269,58275,58297,58311}",CC,2026-03-24 14:41:49.581307+01,gold_establishments_2025,,,,20006790800018,2025,Collectivité Territoriale,Intercommunalité,['Nièvre'],['Bourgogne-Franche-Comté'],CC,{58},{27}
635bae9d-a152-4de4-a634-8615ab0fb88c,200068443,CC Andaine - Passais (61),false,"{61075,61096,61211,61248,61324,61326,61387,61421,61452,61482,61483,61487}",CC,2026-03-24 14:41:49.581307+01,gold_establishments_2025,,,,20006844300015,2025,Collectivité Territoriale,Intercommunalité,['Orne'],['Normandie'],CC,{61},{28}
664593c0-1937-4f77-ab41-b55d9db1a1c2,244900809,CC Anjou Bleu Communauté (49),false,"{49008,49010,49036,49038,49054,49056,49061,49089,49178,49248,49331}",CC,2026-03-24 14:41:51.447482+01,gold_establishments_2025,,,,24490080900116,2025,Collectivité Territoriale,Intercommunalité,['Maine-et-Loire'],['Pays de la Loire'],CC,{49},{52}
7b03fd97-8aa7-42d2-a3db-a32459f3f560,200068955,CC Anjou Loir et Sarthe (49),false,"{49017,49076,49090,49107,49110,49127,49132,49163,49174,49188,49209,49216,49220,49257,49333,49334,49347}",CC,2026-03-24 14:41:49.581307+01,gold_establishments_2025,,,,20006895500018,2025,Collectivité Territoriale,Intercommunalité,['Maine-et-Loire'],['Pays de la Loire'],CC,{49},{52}
34939b8a-0bb2-42ce-8fff-250d9ac6d1e7,200071595,"CC Arbois, Poligny, Salins, Cœur du Jura (39)",false,"{39002,39003,39004,39006,39013,39019,39028,39040,39049,39050,39054,39072,39073,39081,39084,39094,39103,39116,39119,39127,39133,39147,39155,39159,39191,39202,39222,39223,39225,39248,39263,39267,39268,39291,39315,39319,39325,39330,39336,39337,39342,39354,39355,39359,39386,39401,39418,39425,39426,39434,39436,39444,39446,39479,39489,39495,39497,39500,39529,39535,39539,39568,39570,39572,39586}",CC,2026-03-24 14:41:49.581307+01,gold_establishments_2025,,,,20007159500132,2025,Collectivité Territoriale,Intercommunalité,['Jura'],['Bourgogne-Franche-Comté'],CC,{39},{27}
a32b2c65-762b-4fa7-b65a-7b39e3165a3e,200027027,CC Arc Sud Bretagne (56),false,"{56002,56004,56018,56052,56077,56126,56143,56147,56149,56153,56195,56212}",CC,2026-03-24 14:41:49.581307+01,gold_establishments_2025,,,,20002702700016,2025,Collectivité Territoriale,Intercommunalité,['Morbihan'],['Bretagne'],CC,{56},{53}
25922a86-a174-4072-8770-7654479ae47e,240800821,"CC Ardenne, Rives de Meuse (08)",false,"{08011,08028,08106,08122,08166,08175,08183,08185,08190,08207,08214,08222,08226,08247,08304,08353,08363,08486,08487}",CC,2026-03-24 14:41:49.581307+01,gold_establishments_2025,,,,24080082100029,2025,Collectivité Territoriale,Intercommunalité,['Ardennes'],['Grand Est'],CC,{08},{44}
ea419807-0c68-4ef5-b1e8-07493eac61bb,200041622,CC Ardennes Thiérache (08),false,"{08015,08016,08026,08030,08037,08069,08073,08087,08094,08100,08121,08149,08154,08155,08156,08167,08169,08172,08182,08189,08208,08251,08254,08257,08273,08277,08282,08318,08319,08344,08355,08358,08370,08373,08420,08440,08468}",CC,2026-03-24 14:41:49.581307+01,gold_establishments_2025,,,,20004162200016,2025,Collectivité Territoriale,Intercommunalité,['Ardennes'],['Grand Est'],CC,{08},{44}
6fb8f89c-84bb-4f33-8f0f-20c0a241624c,200071405,CC Ardèche Rhône Coiron (07),false,"{07005,07020,07022,07076,07157,07191,07219,07260,07270,07283,07298,07300,07302,07319,07332}",CC,2026-03-24 14:41:49.581307+01,gold_establishments_2025,,,,20007140500100,2025,Collectivité Territoriale,Intercommunalité,['Ardèche'],['Auvergne-Rhône-Alpes'],CC,{07},{84}
06934b75-7f67-496e-880c-12ae5f3f86a2,200039824,CC Ardèche des Sources et Volcans (07),false,"{07025,07045,07065,07087,07107,07127,07153,07156,07161,07173,07178,07182,07223,07282,07315,07322}",CC,2026-03-24 14:41:49.581307+01,gold_establishments_2025,,,,20003982400012,2025,Collectivité Territoriale,Intercommunalité,['Ardèche'],['Auvergne-Rhône-Alpes'],CC,{07},{84}
17a66da4-9af5-4f72-8db2-a4454a0f29ad,200066116,CC Argonne-Meuse (55),false,"{55014,55023,55033,55065,55068,55070,55082,55103,55113,55115,55116,55117,55124,55137,55155,55174,55180,55193,55199,55202,55206,55208,55253,55257,55266,55313,55343,55346,55379,55383,55416,55419,55422,55438,55484,55527,55536,55549}",CC,2026-03-24 14:41:49.581307+01,gold_establishments_2025,,,,20006611600019,2025,Collectivité Territoriale,Intercommunalité,['Meuse'],['Grand Est'],CC,{55},{44}
5991796e-e030-4c52-a76d-c23d10d0f6d8,200066223,CC Arize Lèze (09),false,"{09019,09038,09061,09073,09075,09079,09083,09084,09105,09109,09123,09124,09127,09151,09167,09172,09181,09186,09195,09205,09224,09253,09277,09294,09310,09338,09342}",CC,2026-03-24 14:41:49.581307+01,gold_establishments_2025,,,,20006622300013,2025,Collectivité Territoriale,Intercommunalité,['Ariège'],['Occitanie'],CC,{09},{76}
4f13012e-40b3-451f-bc4e-da4a9d0e89b2,200035632,CC Armagnac Adour (32),false,"{32001,32022,32063,32070,32081,32093,32135,32151,32170,32209,32218,32235,32244,32245,32325,32344,32354,32378,32398,32414,32439,32443,32461,32463}",CC,2026-03-24 14:41:49.581307+01,gold_establishments_2025,,,,20003563200062,2025,Collectivité Territoriale,Intercommunalité,['Gers'],['Occitanie'],CC,{32},{76}
5c6a937c-a91f-45f4-b469-b265f7bf5635,200027076,CC Arnon Boischaut Cher (18),false,"{18043,18046,18058,18063,18073,18078,18122,18126,18127,18152,18199,18221,18236,18250,18268,18270,18273,18283}",CC,2026-03-24 14:41:49.581307+01,gold_establishments_2025,,,,20002707600013,2025,Collectivité Territoriale,Intercommunalité,['Cher'],['Centre-Val de Loire'],CC,{18},{24}
305d3fc3-4675-4838-9dfb-2c6af3bd481b,243200607,CC Artagnan de Fezensac (32),false,"{32033,32043,32052,32071,32072,32088,32097,32144,32166,32219,32231,32257,32294,32315,32317,32332,32343,32346,32351,32352,32360,32402,32403,32456,32462}",CC,2026-03-24 14:41:51.447482+01,gold_establishments_2025,,,,24320060700063,2025,Collectivité Territoriale,Intercommunalité,['Gers'],['Occitanie'],CC,{32},{76}
a3952345-6a1e-447f-b14c-2ca055cca8ce,247400583,CC Arve et Salève (74),false,"{74015,74021,74185,74193,74197,74211,74220,74262}",CC,2026-03-24 14:41:51.447482+01,gold_establishments_2025,,,,24740058300057,2025,Collectivité Territoriale,Intercommunalité,['Haute-Savoie'],['Auvergne-Rhône-Alpes'],CC,{74},{84}
837f06cf-7f20-4354-a9e7-c144877d1794,200035756,CC Astarac Arros en Gascogne (32),false,"{32020,32028,32034,32039,32042,32045,32050,32086,32104,32116,32126,32152,32156,32172,32177,32181,32215,32225,32226,32254,32263,32278,32281,32283,32323,32355,32363,32373,32375,32389,32394,32397,32401,32415,32419,32464,32466}",CC,2026-03-24 14:41:49.581307+01,gold_establishments_2025,,,,20003575600010,2025,Collectivité Territoriale,Intercommunalité,['Gers'],['Occitanie'],CC,{32},{76}
55395498-f930-4ae0-b53e-fdf853f6b2d5,200069268,CC Aubrac Lot Causses Tarn (48),false,"{48017,48034,48039,48055,48056,48073,48085,48094,48156,48175,48181,48185,48187,48191,48192}",CC,2026-03-24 14:41:49.581307+01,gold_establishments_2025,,,,20006926800197,2025,Collectivité Territoriale,Intercommunalité,['Lozère'],['Occitanie'],CC,{48},{76}
66229671-4774-4e10-a53e-c7636e54f263,200067171,"CC Aubrac, Carladez et Viadène (12)",false,"{12036,12048,12051,12058,12074,12088,12103,12116,12118,12119,12151,12156,12164,12166,12209,12214,12223,12250,12273,12277,12280}",CC,2026-03-24 14:41:49.581307+01,gold_establishments_2025,,,,20006717100179,2025,Collectivité Territoriale,Intercommunalité,['Aveyron'],['Occitanie'],CC,{12},{76}
e7de132d-faa4-4b08-95fe-2c35cdf7b85d,200041499,CC Aunis Atlantique (17),false,"{17008,17009,17041,17091,17127,17132,17158,17182,17186,17201,17208,17218,17267,17303,17322,17349,17376,17396,17439,17472}",CC,2026-03-24 14:41:49.581307+01,gold_establishments_2025,,,,20004149900225,2025,Collectivité Territoriale,Intercommunalité,['Charente-Maritime'],['Nouvelle-Aquitaine'],CC,{17},{75}
9cb91f71-dde3-4a32-9380-2566224e431f,200041614,CC Aunis Sud (17),false,"{17003,17007,17018,17032,17057,17063,17080,17107,17166,17174,17203,17221,17293,17321,17338,17340,17359,17382,17394,17434,17447,17457,17480,17482}",CC,2026-03-24 14:41:49.581307+01,gold_establishments_2025,,,,20004161400252,2025,Collectivité Territoriale,Intercommunalité,['Charente-Maritime'],['Nouvelle-Aquitaine'],CC,{17},{75}
abec969a-48b5-4ff9-a143-b33bebd514e3,200043123,CC Auray Quiberon Terre Atlantique (56),false,"{56007,56013,56023,56031,56034,56046,56054,56055,56085,56086,56096,56097,56116,56119,56161,56168,56175,56176,56177,56186,56233,56234,56258,56263}",CC,2026-03-24 14:41:49.581307+01,gold_establishments_2025,,,,20004312300013,2025,Collectivité Territoriale,Intercommunalité,['Morbihan'],['Bretagne'],CC,{56},{53}
c83bd47e-065a-415b-b190-a77ff8c74fae,246500573,CC Aure Louron (65),false,"{65003,65006,65017,65023,65031,65039,65046,65050,65058,65064,65066,65075,65092,65099,65106,65116,65117,65124,65140,65141,65157,65171,65172,65180,65195,65199,65205,65208,65209,65211,65212,65228,65234,65255,65282,65283,65317,65354,65379,65384,65388,65408,65450,65465,65466,65471}",CC,2026-03-24 14:41:51.447482+01,gold_establishments_2025,,,,24650057300042,2025,Collectivité Territoriale,Intercommunalité,['Hautes-Pyrénées'],['Occitanie'],CC,{65},{76}
3b6737ae-cf4f-45e8-a23a-3db0027fb271,243700820,CC Autour de Chenonceaux Bléré-Val de Cher (37),false,"{37008,37027,37046,37070,37073,37075,37079,37085,37091,37096,37100,37110,37141,37225,37253}",CC,2026-03-24 14:41:51.447482+01,gold_establishments_2025,,,,24370082000117,2025,Collectivité Territoriale,Intercommunalité,['Indre-et-Loire'],['Centre-Val de Loire'],CC,{37},{24}
97c60f7d-8df3-4e02-9db0-aed50a9ede20,243100567,CC Aux sources du Canal du Midi (11),false,"{11054,31060,31180,31243,31329,31371,31393,31400,31451,31463,31478,31491,31569,31570,81016,81027,81032,81049,81055,81083,81100,81142,81179,81200,81210,81214,81237,81288}",CC,2026-03-24 14:41:51.447482+01,gold_establishments_2025,,,,24310056700011,2025,Collectivité Territoriale,Intercommunalité,"['Aude', 'Haute-Garonne', 'Tarn']",['Occitanie'],CC,"{11,31,81}",{76}
1e8a30cc-dc19-474e-9080-050e43392b08,200070902,CC Auxonne Pontailler Val de Saône (21),false,"{21028,21038,21074,21076,21138,21175,21180,21233,21256,21268,21269,21316,21331,21337,21367,21371,21376,21398,21437,21482,21493,21495,21496,21556,21571,21609,21610,21618,21624,21639,21643,21680,21699,21701,21713}",CC,2026-03-24 14:41:49.581307+01,gold_establishments_2025,,,,20007090200016,2025,Collectivité Territoriale,Intercommunalité,"[""Côte-d'Or""]",['Bourgogne-Franche-Comté'],CC,{21},{27}
5fc3cc75-a618-4e30-b3ef-ccc89ebff28d,244301099,CC Auzon Communauté (43),false,"{43016,43017,43050,43052,43064,43099,43120,43185,43193,43226,43258,43261}",CC,2026-03-24 14:41:51.447482+01,gold_establishments_2025,,,,24430109900044,2025,Collectivité Territoriale,Intercommunalité,['Haute-Loire'],['Auvergne-Rhône-Alpes'],CC,{43},{84}
9afbcc5c-7584-486a-a9cb-33a9ac8d2e90,200039758,"CC Avallon, Vézelay, Morvan (89)",false,"{89009,89011,89015,89020,89021,89022,89025,89032,89044,89049,89057,89058,89071,89089,89091,89134,89145,89146,89159,89170,89176,89188,89190,89203,89225,89232,89235,89248,89253,89266,89297,89306,89316,89318,89336,89347,89349,89351,89362,89364,89378,89392,89409,89410,89415,89433,89446,89485}",CC,2026-03-24 14:41:49.581307+01,gold_establishments_2025,,,,20003975800012,2025,Collectivité Territoriale,Intercommunalité,['Yonne'],['Bourgogne-Franche-Comté'],CC,{89},{27}
62f371bd-1511-4787-b1d0-3e7e7bd0c5a2,241200807,CC Aveyron Bas Ségala Viaur (12),false,"{12021,12054,12128,12190,12198,12258,12278}",CC,2026-03-24 14:41:49.581307+01,gold_establishments_2025,,,,24120080700139,2025,Collectivité Territoriale,Intercommunalité,['Aveyron'],['Occitanie'],CC,{12},{76}
65b4c1e6-b7c4-4c89-b8c8-0622c95fe450,200070969,CC Avre Luce Noye (80),false,"{80010,80031,80035,80037,80064,80094,80132,80181,80188,80193,80213,80214,80237,80242,80246,80283,80299,80315,80321,80337,80349,80358,80390,80403,80405,80407,80414,80415,80449,80452,80469,80494,80499,80545,80570,80571,80595,80628,80652,80657,80675,80681,80729,80740,80751,80758,80797}",CC,2026-03-24 14:41:49.581307+01,gold_establishments_2025,,,,20007096900015,2025,Collectivité Territoriale,Intercommunalité,['Somme'],['Hauts-de-France'],CC,{80},{32}
22293714-7a3e-428d-9928-12598d33b948,248400160,CC Aygues-Ouvèze en Provence (CCAOP) (84),false,"{84029,84061,84091,84106,84127,84134,84135,84149}",CC,2026-03-24 14:41:51.447482+01,gold_establishments_2025,,,,24840016000094,2025,Collectivité Territoriale,Intercommunalité,['Vaucluse'],"[""Provence-Alpes-Côte d'Azur""]",CC,{84},{93}
adcfaecb-7d36-47dd-9213-71df4982fd46,200040251,CC Bassée-Montois (77),false,"{77015,77019,77025,77051,77068,77076,77101,77140,77159,77167,77174,77187,77208,77212,77218,77223,77227,77236,77242,77256,77263,77286,77298,77310,77311,77321,77325,77341,77347,77355,77356,77434,77446,77452,77454,77461,77467,77507,77509,77522,77523,77524}",CC,2026-03-24 14:41:49.581307+01,gold_establishments_2025,,,,20004025100023,2025,Collectivité Territoriale,Intercommunalité,['Seine-et-Marne'],['Île-de-France'],CC,{77},{11}
82877a77-c6bc-45a6-96bb-3eb0bea62f02,200034726,CC Bastides de Lomagne (32),false,"{32007,32021,32023,32026,32055,32084,32092,32106,32120,32129,32139,32154,32158,32173,32223,32229,32232,32248,32249,32262,32269,32313,32349,32357,32359,32366,32370,32371,32372,32376,32377,32379,32385,32399,32416,32431,32435,32436,32444,32448,32452}",CC,2026-03-24 14:41:49.581307+01,gold_establishments_2025,,,,20003472600014,2025,Collectivité Territoriale,Intercommunalité,['Gers'],['Occitanie'],CC,{32},{76}
e7a42935-4ae4-404b-b48e-a9acb80ce6e3,243200508,CC Bastides et Vallons du Gers (32),false,"{32008,32036,32058,32099,32109,32111,32136,32161,32163,32164,32174,32175,32199,32205,32233,32273,32275,32303,32319,32330,32342,32362,32383,32422,32427,32440,32445,32446,32450,32455}",CC,2026-03-24 14:41:51.447482+01,gold_establishments_2025,,,,24320050800105,2025,Collectivité Territoriale,Intercommunalité,['Gers'],['Occitanie'],CC,{32},{76}
c2bd76b5-9142-445f-a295-195a1a457e89,200096675,CC Baud Communauté (56),false,"{56010,56039,56074,56128,56173,56207}",CC,2026-03-24 14:41:49.581307+01,gold_establishments_2025,,,,20009667500018,2025,Collectivité Territoriale,Intercommunalité,['Morbihan'],['Bretagne'],CC,{56},{53}
9e4aa51f-e429-4ddf-bec3-12a7d05947d4,244900882,CC Baugeois Vallée (49),false,"{49018,49021,49138,49194,49201,49228,49237}",CC,2026-03-24 14:41:51.447482+01,gold_establishments_2025,,,,24490088200097,2025,Collectivité Territoriale,Intercommunalité,['Maine-et-Loire'],['Pays de la Loire'],CC,{49},{52}
1c05ae3d-a2e1-42cd-acef-c2d84069107d,200067882,CC Bazois Loire Morvan (58),false,"{58001,58004,58017,58019,58030,58040,58046,58060,58065,58074,58076,58107,58114,58118,58135,58139,58140,58142,58149,58161,58168,58171,58172,58173,58175,58178,58182,58195,58202,58211,58219,58221,58243,58245,58246,58268,58274,58276,58277,58285,58287,58289,58290,58292,58301,58309}",CC,2026-03-24 14:41:49.581307+01,gold_establishments_2025,,,,20006788200015,2025,Collectivité Territoriale,Intercommunalité,['Nièvre'],['Bourgogne-Franche-Comté'],CC,{58},{27}
2051b22b-f014-45f0-866a-e33acc6d9e2f,243000585,CC Beaucaire Terre d'Argence (30),false,"{30032,30034,30117,30135,30336}",CC,2026-03-24 14:41:49.581307+01,gold_establishments_2025,,,,24300058500105,2025,Collectivité Territoriale,Intercommunalité,['Gard'],['Occitanie'],CC,{30},{76}
f3274aae-8774-452a-a116-ef139bb58a3d,200055481,CC Beauce Val de Loire (41),false,"{41006,41008,41019,41027,41039,41057,41058,41066,41069,41077,41105,41114,41119,41121,41123,41130,41136,41155,41156,41171,41178,41188,41191,41221,41245,41252,41253,41273,41284,41292}",CC,2026-03-24 14:41:49.581307+01,gold_establishments_2025,,,,20005548100010,2025,Collectivité Territoriale,Intercommunalité,['Loir-et-Cher'],['Centre-Val de Loire'],CC,{41},{24}
8770de34-3983-43d6-bc88-e374235a2a6a,200040574,CC Beaujolais Pierres Dorées (69),false,"{69004,69005,69009,69017,69020,69024,69026,69039,69047,69049,69050,69052,69055,69056,69059,69090,69106,69111,69113,69121,69122,69125,69126,69134,69140,69156,69212,69230,69239,69245,69246}",CC,2026-03-24 14:41:49.581307+01,gold_establishments_2025,,,,20004057400010,2025,Collectivité Territoriale,Intercommunalité,['Rhône'],['Auvergne-Rhône-Alpes'],CC,{69},{84}
ab8c9707-e0ba-4a84-bd7c-c0ed21b64128,240700815,CC Berg et Coiron (07),false,"{07032,07077,07145,07159,07208,07241,07242,07247,07263,07273,07287,07311,07341}",CC,2026-03-24 14:41:49.581307+01,gold_establishments_2025,,,,24070081500014,2025,Collectivité Territoriale,Intercommunalité,['Ardèche'],['Auvergne-Rhône-Alpes'],CC,{07},{84}
5b9200b8-a9ad-4b3a-9862-46a5f2e02683,200049484,CC Berry Grand Sud (18),false,"{18002,18009,18010,18024,18041,18057,18059,18083,18089,18093,18112,18114,18130,18135,18153,18178,18187,18192,18193,18203,18209,18216,18217,18225,18230,18232,18234,18238,18245,18252,18266,18278}",CC,2026-03-24 14:41:49.581307+01,gold_establishments_2025,,,,20004948400070,2025,Collectivité Territoriale,Intercommunalité,['Cher'],['Centre-Val de Loire'],CC,{18},{24}
4d925900-047b-411e-9efc-f5d05cb8f921,200068278,CC Berry Loire Puisaye (45),false,"{45001,45016,45023,45029,45040,45052,45053,45060,45064,45070,45087,45120,45138,45141,45143,45238,45245,45251,45276,45323}",CC,2026-03-24 14:41:49.581307+01,gold_establishments_2025,,,,20006827800015,2025,Collectivité Territoriale,Intercommunalité,['Loiret'],['Centre-Val de Loire'],CC,{45},{24}
d940661b-3109-4774-aa48-6460411d355f,200032514,CC Berry-Loire-Vauvise (18),false,"{18012,18025,18053,18077,18099,18104,18110,18120,18132,18184,18220,18224,18240,18251}",CC,2026-03-24 14:41:49.581307+01,gold_establishments_2025,,,,20003251400024,2025,Collectivité Territoriale,Intercommunalité,['Cher'],['Centre-Val de Loire'],CC,{18},{24}
1747979a-38cf-4a7a-9b14-63b7304cf609,200067627,CC Billom Communauté (63),false,"{63034,63040,63044,63049,63096,63106,63146,63154,63155,63157,63168,63177,63216,63226,63239,63252,63273,63297,63325,63334,63365,63368,63438,63445,63453}",CC,2026-03-24 14:41:49.581307+01,gold_establishments_2025,,,,20006762700055,2025,Collectivité Territoriale,Intercommunalité,['Puy-de-Dôme'],['Auvergne-Rhône-Alpes'],CC,{63},{84}
81e0056d-9b94-4d51-bef9-e2d76e493533,200059392,CC Bièvre Isère (38),false,"{38015,38032,38035,38049,38056,38058,38060,38069,38093,38094,38130,38141,38161,38171,38174,38180,38209,38211,38213,38218,38219,38221,38231,38255,38267,38284,38291,38300,38308,38346,38347,38351,38358,38379,38384,38387,38393,38399,38427,38437,38440,38457,38473,38476,38479,38490,38505,38512,38555,38561}",CC,2026-03-24 14:41:49.581307+01,gold_establishments_2025,,,,20005939200015,2025,Collectivité Territoriale,Intercommunalité,['Isère'],['Auvergne-Rhône-Alpes'],CC,{38},{84}
52ee87e4-237a-4159-8e6b-b09bd76dd2f7,245600440,CC Blavet Bellevue Océan Communauté (56),false,"{56094,56130,56148,56169,56220}",CC,2026-03-24 14:41:51.447482+01,gold_establishments_2025,,,,24560044000086,2025,Collectivité Territoriale,Intercommunalité,['Morbihan'],['Bretagne'],CC,{56},{53}
365e5983-f71a-43cb-963f-325a8091457b,200067486,CC Bouzonvillois-Trois Frontières (57),false,"{57016,57025,57026,57079,57106,57110,57136,57149,57167,57186,57213,57215,57235,57259,57273,57286,57309,57322,57329,57341,57361,57364,57365,57387,57388,57439,57457,57459,57479,57502,57567,57569,57576,57604,57610,57640,57650,57700,57739,57740}",CC,2026-03-24 14:41:49.581307+01,gold_establishments_2025,,,,20006748600015,2025,Collectivité Territoriale,Intercommunalité,['Moselle'],['Grand Est'],CC,{57},{44}
f96ca4a6-bd2c-4de1-8ffa-767944fd9b35,243600319,CC Brenne - Val de Creuse (36),false,"{36018,36049,36051,36053,36058,36066,36076,36087,36104,36105,36106,36119,36137,36144,36148,36157,36165,36167,36172,36173,36176,36177,36178,36187,36213,36220,36224,36239}",CC,2026-03-24 14:41:51.447482+01,gold_establishments_2025,,,,24360031900210,2025,Collectivité Territoriale,Intercommunalité,['Indre'],['Centre-Val de Loire'],CC,{36},{24}
576dced8-e77e-4c4c-9e15-4723b09cd92c,200069615,CC Bresse Haute Seille (39),false,"{39017,39056,39057,39060,39065,39100,39104,39110,39112,39114,39124,39132,39136,39140,39160,39167,39177,39194,39196,39199,39229,39234,39236,39244,39272,39279,39288,39296,39304,39310,39317,39321,39349,39379,39388,39407,39422,39447,39454,39456,39457,39471,39472,39486,39508,39511,39512,39533,39553,39555,39574,39575,39577,39582}",CC,2026-03-24 14:41:49.581307+01,gold_establishments_2025,,,,20006961500017,2025,Collectivité Territoriale,Intercommunalité,['Jura'],['Bourgogne-Franche-Comté'],CC,{39},{27}
9f0c67f9-f9f9-4a0c-a373-9fa03c3208dc,200071579,CC Bresse Louhannaise Intercom' (71),false,"{71056,71064,71079,71092,71143,71157,71177,71196,71198,71209,71243,71246,71263,71300,71303,71311,71319,71367,71379,71386,71401,71410,71454,71484,71489,71523,71528,71558,71568,71580}",CC,2026-03-24 14:41:49.581307+01,gold_establishments_2025,,,,20007157900011,2025,Collectivité Territoriale,Intercommunalité,['Saône-et-Loire'],['Bourgogne-Franche-Comté'],CC,{71},{27}
40d1a96f-c546-465a-a5c3-ed51977d1302,247100647,CC Bresse Nord Intercom' (71),false,"{71013,71028,71029,71093,71101,71121,71168,71207,71208,71254,71326,71351,71357,71364,71396,71541}",CC,2026-03-24 14:41:51.447482+01,gold_establishments_2025,,,,24710064700046,2025,Collectivité Territoriale,Intercommunalité,['Saône-et-Loire'],['Bourgogne-Franche-Comté'],CC,{71},{27}
0cd5c947-f1df-4bc1-9832-d186c586cd79,200042414,CC Bresse Revermont 71 (71),false,"{71027,71044,71045,71173,71175,71205,71295,71314,71352,71380,71419,71506,71514,71516,71519,71534,71538}",CC,2026-03-24 14:41:49.581307+01,gold_establishments_2025,,,,20004241400017,2025,Collectivité Territoriale,Intercommunalité,['Saône-et-Loire'],['Bourgogne-Franche-Comté'],CC,{71},{27}
7ab6e457-0a35-4223-9400-23a2b64d9e8b,200071371,CC Bresse et Saône (01),false,"{01016,01023,01025,01026,01050,01057,01094,01102,01159,01175,01231,01284,01305,01320,01323,01332,01337,01352,01402,01439}",CC,2026-03-24 14:41:49.581307+01,gold_establishments_2025,,,,20007137100187,2025,Collectivité Territoriale,Intercommunalité,['Ain'],['Auvergne-Rhône-Alpes'],CC,{01},{84}
99d25804-5522-4d38-957b-f4546ab3c0b3,243500733,CC Bretagne Romantique (35),false,"{35017,35029,35050,35056,35085,35092,35094,35130,35134,35148,35156,35159,35172,35225,35226,35233,35258,35265,35286,35308,35318,35337,35342,35345,35346}",CC,2026-03-24 14:41:51.447482+01,gold_establishments_2025,,,,24350073300114,2025,Collectivité Territoriale,Intercommunalité,['Ille-et-Vilaine'],['Bretagne'],CC,{35},{53}
4cad85ae-1103-4839-91fc-8cd4e11fac03,200070662,CC Bretagne porte de Loire Communauté (35),false,"{35012,35030,35054,35089,35090,35098,35106,35124,35140,35202,35212,35218,35221,35231,35249,35316,35321,35322,35332,35343}",CC,2026-03-24 14:41:49.581307+01,gold_establishments_2025,,,,20007066200198,2025,Collectivité Territoriale,Intercommunalité,['Ille-et-Vilaine'],['Bretagne'],CC,{35},{53}
6995aec9-1786-48a1-8954-37a24304438a,200040814,CC Briance Sud Haute Vienne (87),false,"{87039,87072,87088,87095,87119,87120,87144,87146,87148,87186,87203}",CC,2026-03-24 14:41:49.581307+01,gold_establishments_2025,,,,20004081400010,2025,Collectivité Territoriale,Intercommunalité,['Haute-Vienne'],['Nouvelle-Aquitaine'],CC,{87},{75}
0d6ca44f-e04c-4a8e-ba48-30283736837c,248719338,CC Briance-Combade (87),false,"{87040,87051,87086,87093,87105,87130,87147,87170,87193,87194}",CC,2026-03-24 14:41:51.447482+01,gold_establishments_2025,,,,24871933800126,2025,Collectivité Territoriale,Intercommunalité,['Haute-Vienne'],['Nouvelle-Aquitaine'],CC,{87},{75}
29722f3a-07fb-4d47-a8c2-bad4f59cf576,247700701,CC Brie Nangissienne (77),false,"{77010,77052,77086,77089,77098,77119,77147,77190,77191,77201,77211,77317,77327,77381,77383,77416,77428,77481,77493,77496}",CC,2026-03-24 14:41:51.447482+01,gold_establishments_2025,,,,24770070100136,2025,Collectivité Territoriale,Intercommunalité,['Seine-et-Marne'],['Île-de-France'],CC,{77},{11}
b8422421-773a-47cd-aa2c-9fa3e1a27a29,200070779,CC Brie des Rivières et Châteaux (77),false,"{77004,77007,77029,77034,77044,77081,77082,77100,77103,77107,77127,77136,77145,77164,77165,77175,77179,77188,77195,77217,77222,77266,77295,77352,77354,77426,77453,77455,77457,77480,77534}",CC,2026-03-24 14:41:49.581307+01,gold_establishments_2025,,,,20007077900018,2025,Collectivité Territoriale,Intercommunalité,['Seine-et-Marne'],['Île-de-France'],CC,{77},{11}
493010d5-c211-4f76-afcd-6f599066b499,200070548,CC Brionnais Sud Bourgogne (71),false,"{71006,71008,71022,71041,71095,71110,71113,71116,71120,71133,71141,71148,71160,71185,71218,71327,71335,71408,71421,71428,71437,71451,71463,71473,71483,71533,71553,71559,71561}",CC,2026-03-24 14:41:49.581307+01,gold_establishments_2025,,,,20007054800090,2025,Collectivité Territoriale,Intercommunalité,['Saône-et-Loire'],['Bourgogne-Franche-Comté'],CC,{71},{27}
129581be-4994-4a1a-828b-ccd77230bff6,200085728,CC Brioude Sud Auvergne (43),false,"{43001,43014,43022,43033,43038,43040,43055,43074,43088,43096,43100,43103,43105,43110,43117,43121,43123,43125,43147,43170,43182,43191,43195,43206,43207,43247,43262}",CC,2026-03-24 14:41:49.581307+01,gold_establishments_2025,,,,20008572800018,2025,Collectivité Territoriale,Intercommunalité,['Haute-Loire'],['Auvergne-Rhône-Alpes'],CC,{43},{84}
889e75b5-3ff5-4aa9-aa7f-8e3f6b67fae9,243500618,CC Brocéliande Communauté (35),false,"{35037,35169,35187,35211,35223,35305,35319,35340}",CC,2026-03-24 14:41:51.447482+01,gold_establishments_2025,,,,24350061800034,2025,Collectivité Territoriale,Intercommunalité,['Ille-et-Vilaine'],['Bretagne'],CC,{35},{53}
d62bb4bb-964e-45f1-a774-b74a82503f08,200042000,CC Bruyères-Vallons des Vosges (88),false,"{88046,88050,88076,88078,88086,88091,88101,88130,88131,88135,88145,88167,88169,88172,88175,88184,88203,88216,88222,88240,88256,88261,88262,88263,88266,88297,88322,88331,88348,88359,88399,88502,88512,88528}",CC,2026-03-24 14:41:49.581307+01,gold_establishments_2025,,,,20004200000014,2025,Collectivité Territoriale,Intercommunalité,['Vosges'],['Grand Est'],CC,{88},{44}
669b9b09-3a72-476b-963b-d505e73f4ec7,200040350,CC Bugey Sud (01),false,"{01006,01009,01015,01019,01022,01034,01036,01058,01061,01066,01073,01079,01098,01100,01110,01116,01117,01133,01138,01141,01162,01187,01193,01208,01227,01234,01239,01268,01286,01294,01302,01310,01329,01338,01358,01372,01415,01452,01453,01454,01456}",CC,2026-03-24 14:41:49.581307+01,gold_establishments_2025,,,,20004035000015,2025,Collectivité Territoriale,Intercommunalité,['Ain'],['Auvergne-Rhône-Alpes'],CC,{01},{84}
0a2aa60f-6ad7-4018-87ab-1ffacf2c8ea8,200067445,CC Buëch-Dévoluy (05),false,"{05008,05010,05019,05028,05035,05055,05060,05066,05075,05080,05087,05099,05112,05123,05131,05139,05146,05154,05158,05179}",CC,2026-03-24 14:41:49.581307+01,gold_establishments_2025,,,,20006744500060,2025,Collectivité Territoriale,Intercommunalité,['Hautes-Alpes'],"[""Provence-Alpes-Côte d'Azur""]",CC,{05},{93}
83021596-4ab2-4028-a326-26b11d7024b7,200073146,CC Cagire Garonne Salat (31),false,"{31011,31012,31014,31018,31020,31030,31034,31050,31059,31095,31110,31112,31114,31124,31131,31140,31155,31167,31174,31183,31191,31195,31198,31208,31236,31237,31241,31245,31260,31296,31314,31315,31321,31336,31342,31348,31357,31372,31376,31391,31431,31440,31447,31457,31461,31503,31504,31521,31523,31544,31545,31550,31554,31562,31591}",CC,2026-03-24 14:41:49.581307+01,gold_establishments_2025,,,,20007314600017,2025,Collectivité Territoriale,Intercommunalité,['Haute-Garonne'],['Occitanie'],CC,{31},{76}
e7b8e330-db9a-48f9-bce4-8d3685092c71,247600505,CC Campagne-de-Caux (76),false,"{76012,76021,76033,76068,76076,76118,76141,76143,76213,76224,76302,76304,76317,76368,76408,76425,76603,76650,76669,76695,76725,76747}",CC,2026-03-24 14:41:51.447482+01,gold_establishments_2025,,,,24760050500041,2025,Collectivité Territoriale,Intercommunalité,['Seine-Maritime'],['Normandie'],CC,{76},{28}
a0d4cbd2-2077-4cb3-8970-9ad24758030c,200067676,CC Canaux et Forêts en Gâtinais (45),false,"{45002,45017,45027,45031,45066,45077,45078,45079,45084,45085,45105,45107,45112,45121,45150,45178,45187,45205,45210,45212,45213,45219,45223,45229,45230,45239,45242,45243,45256,45257,45259,45278,45283,45292,45321,45332,45334,45339}",CC,2026-03-24 14:41:49.581307+01,gold_establishments_2025,,,,20006767600011,2025,Collectivité Territoriale,Intercommunalité,['Loiret'],['Centre-Val de Loire'],CC,{45},{24}
a472f6e3-92cf-4268-b119-cdbb9af6ac44,242900629,CC Cap Sizun - Pointe du Raz (29),false,"{29003,29008,29028,29063,29143,29145,29168,29197,29218,29228}",CC,2026-03-24 14:41:49.581307+01,gold_establishments_2025,,,,24290062900013,2025,Collectivité Territoriale,Intercommunalité,['Finistère'],['Bretagne'],CC,{29},{53}
32981efd-8aba-4d00-afc6-80a8582e58e0,200040905,CC Carmausin-Ségala (81),false,"{81008,81033,81048,81060,81068,81072,81101,81110,81114,81152,81166,81168,81170,81172,81180,81186,81201,81230,81244,81245,81249,81254,81280,81291,81292,81302,81304,81306,81319,81322,81326}",CC,2026-03-24 14:41:49.581307+01,gold_establishments_2025,,,,20004090500115,2025,Collectivité Territoriale,Intercommunalité,['Tarn'],['Occitanie'],CC,{81},{76}
921dccae-a199-4a1f-9f20-ea0826009674,200073013,CC Carnelle Pays-de-France (95),false,"{95026,95042,95055,95056,95144,95149,95214,95316,95331,95352,95353,95365,95430,95493,95566,95594,95652,95660,95682}",CC,2026-03-24 14:41:49.581307+01,gold_establishments_2025,,,,20007301300068,2025,Collectivité Territoriale,Intercommunalité,"[""Val-d'Oise""]",['Île-de-France'],CC,{95},{11}
4698f927-0b3a-4e5c-9c76-ab624bec1ff9,200035855,CC Castelnaudary Lauragais Audois (11),false,"{11002,11026,11030,11074,11076,11114,11134,11138,11166,11175,11178,11181,11192,11195,11208,11218,11225,11226,11231,11234,11238,11239,11243,11252,11275,11283,11284,11292,11300,11313,11334,11356,11359,11361,11362,11371,11382,11383,11385,11399,11407,11428,11430}",CC,2026-03-24 14:41:49.581307+01,gold_establishments_2025,,,,20003585500176,2025,Collectivité Territoriale,Intercommunalité,['Aude'],['Occitanie'],CC,{11},{76}
1fab1980-566c-4a0c-b12b-c78104b19a8c,243301454,CC Castillon/Pujols (24),false,"{24466,33064,33071,33078,33108,33127,33133,33153,33168,33186,33194,33196,33209,33210,33257,33282,33296,33301,33319,33344,33350,33361,33375,33390,33401,33421,33437,33460,33468,33488,33499}",CC,2026-03-24 14:41:51.447482+01,gold_establishments_2025,,,,24330145400019,2025,Collectivité Territoriale,Intercommunalité,"['Dordogne', 'Gironde']",['Nouvelle-Aquitaine'],CC,"{24,33}",{75}
bcc82107-5bde-405b-ad27-036e78c5ec1e,200034601,CC Causses Aigoual Cévennes (30),false,"{30074,30105,30108,30139,30140,30195,30198,30213,30229,30231,30297,30310,30322,30332,30339}",CC,2026-03-24 14:41:49.581307+01,gold_establishments_2025,,,,20003460100019,2025,Collectivité Territoriale,Intercommunalité,['Gard'],['Occitanie'],CC,{30},{76}
6a28a847-ef9a-499b-9320-72e6e23fa9b8,200066371,CC Causses et Vallée de la Dordogne (46),false,"{46003,46011,46016,46017,46018,46024,46028,46029,46030,46038,46043,46047,46058,46059,46065,46074,46076,46078,46083,46084,46086,46097,46106,46115,46117,46118,46122,46123,46124,46128,46144,46145,46146,46152,46153,46159,46163,46165,46177,46178,46185,46186,46189,46192,46193,46208,46209,46213,46215,46220,46228,46229,46232,46236,46238,46239,46240,46246,46251,46265,46271,46273,46281,46283,46284,46286,46293,46295,46309,46311,46312,46313,46315,46317,46330,46337,46339}",CC,2026-03-24 14:41:49.581307+01,gold_establishments_2025,,,,20006637100010,2025,Collectivité Territoriale,Intercommunalité,['Lot'],['Occitanie'],CC,{46},{76}
f6ff51ac-1ba6-470e-a37d-6a8a7701e6a7,247600646,CC Caux - Austreberthe (76),false,"{76057,76099,76135,76234,76311,76385,76495,76566,76743}",CC,2026-03-24 14:41:51.447482+01,gold_establishments_2025,,,,24760064600019,2025,Collectivité Territoriale,Intercommunalité,['Seine-Maritime'],['Normandie'],CC,{76},{28}
08465001-f381-4e16-949c-c947a2711c41,200035327,CC Cazals-Salviac (46),false,"{46008,46066,46087,46114,46120,46126,46164,46169,46184,46200,46222,46234,46250,46297,46316}",CC,2026-03-24 14:41:49.581307+01,gold_establishments_2025,,,,20003532700010,2025,Collectivité Territoriale,Intercommunalité,['Lot'],['Occitanie'],CC,{46},{76}
cdd5b345-b54b-4cd2-9d5c-034ad865edba,242000503,CC Celavu-Prunelli (2A),false,"{2A031,2A032,2A040,2A062,2A104,2A181,2A324,2A326,2A330,2A345}",CC,2026-03-24 14:41:49.581307+01,gold_establishments_2025,,,,24200050300050,2025,Collectivité Territoriale,Intercommunalité,['Corse-du-Sud'],['Corse'],CC,{2A},{94}
2725e5d9-1410-4681-aa2b-16f35f4275a5,200096683,CC Centre Morbihan Communauté (56),false,"{56017,56019,56027,56071,56117,56140,56141,56144,56172,56174,56204,56222}",CC,2026-03-24 14:41:49.581307+01,gold_establishments_2025,,,,20009668300012,2025,Collectivité Territoriale,Intercommunalité,['Morbihan'],['Bretagne'],CC,{56},{53}
1666e1ce-9e05-4b2e-b8ca-6e17f43a51ed,200034049,CC Centre Tarn (81),false,"{81017,81088,81119,81133,81147,81182,81198,81211,81222,81233,81287}",CC,2026-03-24 14:41:49.581307+01,gold_establishments_2025,,,,20003404900011,2025,Collectivité Territoriale,Intercommunalité,['Tarn'],['Occitanie'],CC,{81},{76}
c2b7cb67-3d36-42d8-aac3-201efe978fb1,200067080,CC Chablis Villages et Terroirs (89),false,"{89002,89030,89034,89039,89040,89062,89068,89081,89095,89104,89123,89130,89168,89175,89224,89226,89227,89233,89237,89238,89242,89250,89277,89303,89307,89314,89315,89328,89341,89363,89394,89424,89430,89437,89441,89477}",CC,2026-03-24 14:41:49.581307+01,gold_establishments_2025,,,,20006708000081,2025,Collectivité Territoriale,Intercommunalité,['Yonne'],['Bourgogne-Franche-Comté'],CC,{89},{27}
25286082-d616-4a87-be88-b03a79079775,243600202,CC Chabris - Pays de Bazelle (36),false,"{36004,36011,36034,36068,36115,36147,36162,36185,36217,36229}",CC,2026-03-24 14:41:51.447482+01,gold_establishments_2025,,,,24360020200077,2025,Collectivité Territoriale,Intercommunalité,['Indre'],['Centre-Val de Loire'],CC,{36},{24}
9199949f-50aa-4b52-a806-03b6dc4c352d,200071629,CC Challans-Gois Communauté (85),false,"{85018,85024,85029,85047,85062,85095,85096,85204,85221,85273,85280}",CC,2026-03-24 14:41:49.581307+01,gold_establishments_2025,,,,20007162900121,2025,Collectivité Territoriale,Intercommunalité,['Vendée'],['Pays de la Loire'],CC,{85},{52}
e48313bf-6787-480d-a324-71b192fde878,200069649,CC Chalosse Tursan (40),false,"{40005,40016,40017,40020,40024,40026,40029,40072,40073,40076,40079,40083,40086,40092,40098,40099,40110,40119,40122,40128,40130,40136,40138,40148,40172,40174,40185,40188,40189,40190,40191,40195,40196,40198,40219,40220,40223,40225,40226,40232,40239,40252,40253,40282,40286,40289,40298,40299,40305,40321}",CC,2026-03-24 14:41:49.581307+01,gold_establishments_2025,,,,20006964900016,2025,Collectivité Territoriale,Intercommunalité,['Landes'],['Nouvelle-Aquitaine'],CC,{40},{75}
753e8f96-aec6-4e3b-abac-9a3e150644ed,200068880,CC Champagne Boischauts (36),false,"{36002,36003,36019,36027,36029,36037,36041,36052,36059,36075,36083,36085,36097,36098,36102,36116,36121,36122,36140,36169,36170,36179,36181,36190,36191,36205,36209,36222,36230,36248}",CC,2026-03-24 14:41:49.581307+01,gold_establishments_2025,,,,20006888000018,2025,Collectivité Territoriale,Intercommunalité,['Indre'],['Centre-Val de Loire'],CC,{36},{24}
0242770b-dc85-4c1b-b8d6-266448770830,200069623,CC Champagnole Nozeroy Jura (39),false,"{39009,39015,39020,39052,39053,39055,39070,39083,39085,39091,39097,39105,39108,39120,39129,39153,39165,39178,39183,39187,39203,39208,39210,39214,39221,39227,39228,39237,39240,39254,39277,39281,39282,39292,39298,39301,39313,39329,39331,39344,39356,39364,39366,39372,39376,39381,39389,39391,39393,39406,39419,39424,39427,39428,39437,39461,39473,39481,39503,39517,39522,39523,39540,39543,39545,39554}",CC,2026-03-24 14:41:49.581307+01,gold_establishments_2025,,,,20006962300011,2025,Collectivité Territoriale,Intercommunalité,['Jura'],['Bourgogne-Franche-Comté'],CC,{39},{27}
61b3328c-bc2c-4826-9daa-1bbe07fa7b19,200068096,CC Champsaur-Valgaudemar (05),false,"{05004,05009,05025,05029,05032,05039,05054,05056,05062,05064,05072,05090,05095,05096,05104,05132,05142,05144,05145,05147,05148,05149,05152,05153,05182}",CC,2026-03-24 14:41:49.581307+01,gold_establishments_2025,,,,20006809600011,2025,Collectivité Territoriale,Intercommunalité,['Hautes-Alpes'],"[""Provence-Alpes-Côte d'Azur""]",CC,{05},{93}
9dcbf7da-e149-416a-b19a-73c7e8fe30e5,200035202,CC Charlieu-Belmont (42),false,"{42007,42014,42015,42016,42025,42026,42033,42048,42052,42079,42086,42104,42112,42131,42141,42152,42177,42215,42229,42236,42267,42273,42300,42333,42338}",CC,2026-03-24 14:41:49.581307+01,gold_establishments_2025,,,,20003520200015,2025,Collectivité Territoriale,Intercommunalité,['Loire'],['Auvergne-Rhône-Alpes'],CC,{42},{84}
a1dd144d-9a14-48f0-8d98-11283da88ee0,200071215,CC Chavanon Combrailles et Volcans (63),false,"{63048,63053,63055,63064,63085,63110,63115,63118,63159,63165,63170,63175,63186,63191,63225,63228,63237,63238,63283,63285,63289,63292,63320,63339,63351,63359,63363,63385,63399,63410,63416,63433,63436,63450,63460,63467}",CC,2026-03-24 14:41:49.581307+01,gold_establishments_2025,,,,20007121500012,2025,Collectivité Territoriale,Intercommunalité,['Puy-de-Dôme'],['Auvergne-Rhône-Alpes'],CC,{63},{84}
d9537b96-60e5-4dfc-ae85-4a99ea06d779,200043081,"CC Chinon, Vienne et Loire (37)",false,"{37004,37011,37022,37042,37072,37074,37076,37088,37089,37118,37126,37144,37201,37202,37210,37220,37242,37248,37258}",CC,2026-03-24 14:41:49.581307+01,gold_establishments_2025,,,,20004308100104,2025,Collectivité Territoriale,Intercommunalité,['Indre-et-Loire'],['Centre-Val de Loire'],CC,{37},{24}
887e9d9f-031d-490b-a9be-b5af63b47808,200072726,CC Châteaubriant-Derval (44),false,"{44031,44036,44051,44054,44058,44065,44075,44076,44078,44085,44086,44091,44095,44099,44105,44112,44121,44146,44148,44153,44170,44193,44197,44199,44200,44218}",CC,2026-03-24 14:41:49.581307+01,gold_establishments_2025,,,,20007272600017,2025,Collectivité Territoriale,Intercommunalité,['Loire-Atlantique'],['Pays de la Loire'],CC,{44},{52}
75a186f5-5da5-4c9e-bb2c-a60d156fd2ac,200066710,CC Cingal-Suisse Normande (14),false,"{14039,14080,14090,14097,14100,14116,14145,14146,14150,14160,14162,14171,14183,14207,14211,14226,14248,14251,14252,14290,14291,14309,14310,14320,14404,14411,14455,14458,14461,14483,14510,14589,14602,14603,14635,14656,14674,14689,14713,14719,14741}",CC,2026-03-24 14:41:49.581307+01,gold_establishments_2025,,,,20006671000019,2025,Collectivité Territoriale,Intercommunalité,['Calvados'],['Normandie'],CC,{14},{28}
2b1e6f7f-1182-4fd2-b135-56996e5f9e6f,200033116,CC Cluses-Arve et Montagnes (74),false,"{74014,74081,74159,74169,74189,74196,74221,74252,74264,74278}",CC,2026-03-24 14:41:49.581307+01,gold_establishments_2025,,,,20003311600118,2025,Collectivité Territoriale,Intercommunalité,['Haute-Savoie'],['Auvergne-Rhône-Alpes'],CC,{74},{84}
e34aed38-9671-463a-8b5e-a4923fdc49ce,200070290,CC Coeur du Pays Haut (54),false,"{54015,54029,54033,54069,54084,54096,54149,54169,54181,54282,54284,54295,54334,54337,54362,54363,54394,54425,54436,54491,54504,54533,54536,54598,55063}",CC,2026-03-24 14:41:49.581307+01,gold_establishments_2025,,,,20007029000016,2025,Collectivité Territoriale,Intercommunalité,"['Meurthe-et-Moselle', 'Meuse']",['Grand Est'],CC,"{54,55}",{44}
e3fada27-1763-4ebd-b0a0-35451fbc94a8,243801255,CC Collines Isère Nord Communauté (38),false,"{38048,38081,38144,38184,38189,38288,38339,38389,38408,38519}",CC,2026-03-24 14:41:51.447482+01,gold_establishments_2025,,,,24380125500064,2025,Collectivité Territoriale,Intercommunalité,['Isère'],['Auvergne-Rhône-Alpes'],CC,{38},{84}
fcb91c7c-7847-46fd-8a61-104dd72098ac,200072098,CC Combrailles Sioule et Morge (63),false,"{63004,63035,63043,63082,63093,63100,63116,63135,63167,63181,63197,63198,63206,63208,63235,63286,63288,63294,63318,63344,63349,63358,63379,63382,63390,63391,63427,63464,63473}",CC,2026-03-24 14:41:49.581307+01,gold_establishments_2025,,,,20007209800011,2025,Collectivité Territoriale,Intercommunalité,['Puy-de-Dôme'],['Auvergne-Rhône-Alpes'],CC,{63},{84}
cb09a008-4412-4b7f-af30-46d38985b89a,200071512,CC Commentry Montmarault Néris Communauté (03),false,"{03020,03027,03031,03032,03047,03052,03058,03070,03081,03082,03084,03097,03104,03106,03129,03151,03159,03186,03189,03191,03195,03217,03219,03243,03256,03269,03270,03285,03303,03305,03308,03315,03319}",CC,2026-03-24 14:41:49.581307+01,gold_establishments_2025,,,,20007151200178,2025,Collectivité Territoriale,Intercommunalité,['Allier'],['Auvergne-Rhône-Alpes'],CC,{03},{84}
729a7bc5-4ed4-4569-b9b1-1ea5cbefb434,200070068,CC Communauté Bray-Eawy (76),false,"{76024,76042,76070,76119,76122,76126,76130,76139,76147,76193,76200,76244,76262,76265,76269,76283,76321,76323,76399,76415,76416,76417,76424,76427,76430,76445,76454,76459,76461,76462,76465,76506,76516,76532,76538,76567,76578,76584,76588,76620,76621,76648,76649,76678,76724,76733}",CC,2026-03-24 14:41:49.581307+01,gold_establishments_2025,,,,20007006800081,2025,Collectivité Territoriale,Intercommunalité,['Seine-Maritime'],['Normandie'],CC,{76},{28}
c8e01c73-2572-4ec6-90d0-f9d6c481e456,242900793,CC Communauté Lesneven Côte des Légendes (29),false,"{29021,29055,29064,29077,29091,29093,29094,29100,29124,29179,29198,29248,29255,29288}",CC,2026-03-24 14:41:49.581307+01,gold_establishments_2025,,,,24290079300033,2025,Collectivité Territoriale,Intercommunalité,['Finistère'],['Bretagne'],CC,{29},{53}
51b1cbac-7d61-4cdd-886f-265cf9344914,200067478,CC Comtal Lot et Truyère (12),false,"{12027,12033,12049,12064,12079,12093,12094,12096,12097,12098,12106,12110,12124,12131,12157,12172,12201,12216,12226,12265,12298}",CC,2026-03-24 14:41:49.581307+01,gold_establishments_2025,,,,20006747800012,2025,Collectivité Territoriale,Intercommunalité,['Aveyron'],['Occitanie'],CC,{12},{76}
88c4f972-6a0e-413c-9934-fe36b2889a30,200049211,CC Conflent-Canigó (66),false,"{66007,66013,66034,66036,66043,66045,66051,66052,66054,66057,66068,66070,66073,66074,66078,66079,66080,66085,66089,66090,66102,66103,66104,66109,66119,66122,66123,66125,66128,66149,66155,66161,66162,66166,66193,66197,66201,66204,66209,66215,66219,66221,66222,66223,66230}",CC,2026-03-24 14:41:49.581307+01,gold_establishments_2025,,,,20004921100010,2025,Collectivité Territoriale,Intercommunalité,['Pyrénées-Orientales'],['Occitanie'],CC,{66},{76}
9d329b29-fd99-47d1-8131-198313fe2f2b,241200641,CC Conques-Marcillac (12),false,"{12066,12138,12161,12165,12171,12193,12215,12221,12254,12268,12288}",CC,2026-03-24 14:41:49.581307+01,gold_establishments_2025,,,,24120064100058,2025,Collectivité Territoriale,Intercommunalité,['Aveyron'],['Occitanie'],CC,{12},{76}
96e8ec7a-5f30-4e5e-92aa-d4375e95e372,200069581,CC Convergence Garonne (33),false,"{33007,33030,33040,33076,33081,33098,33120,33152,33156,33176,33197,33205,33225,33231,33241,33253,33288,33308,33311,33327,33334,33337,33343,33355,33392,33452,33552}",CC,2026-03-24 14:41:49.581307+01,gold_establishments_2025,,,,20006958100011,2025,Collectivité Territoriale,Intercommunalité,['Gironde'],['Nouvelle-Aquitaine'],CC,{33},{75}
23e23238-35b4-48b4-ab3a-43d62f31998d,200070365,CC Corbières Salanque Méditerranée (11),false,"{11113,11123,11124,11125,11143,11144,11152,11157,11213,11245,11270,11276,11326,11345,11384,11401,11431,11436,66050,66141,66190}",CC,2026-03-24 14:41:49.581307+01,gold_establishments_2025,,,,20007036500016,2025,Collectivité Territoriale,Intercommunalité,"['Aude', 'Pyrénées-Orientales']",['Occitanie'],CC,"{11,66}",{76}
35a984de-2a69-4de3-802b-bda40ba105db,244000881,CC Coteaux et Vallées des Luys (40),false,"{40002,40007,40011,40027,40028,40041,40047,40054,40069,40071,40074,40090,40109,40173,40203,40228}",CC,2026-03-24 14:41:51.447482+01,gold_establishments_2025,,,,24400088100049,2025,Collectivité Territoriale,Intercommunalité,['Landes'],['Nouvelle-Aquitaine'],CC,{40},{75}
328913e7-18d8-4f6a-9e95-81638f224fb9,200070688,CC Couesnon Marches de Bretagne (35),false,"{35004,35019,35071,35075,35164,35191,35205,35242,35244,35257,35273,35280,35292,35309,35336}",CC,2026-03-24 14:41:49.581307+01,gold_establishments_2025,,,,20007068800011,2025,Collectivité Territoriale,Intercommunalité,['Ille-et-Vilaine'],['Bretagne'],CC,{35},{53}
a452720d-d34a-4817-badc-530bc6010018,200067940,CC Couserans-Pyrénées (09),false,"{09001,09005,09007,09008,09009,09011,09014,09017,09018,09025,09026,09027,09029,09033,09034,09035,09037,09041,09042,09046,09054,09055,09057,09059,09062,09065,09069,09071,09082,09085,09086,09091,09094,09095,09097,09098,09100,09108,09110,09111,09113,09114,09118,09119,09120,09128,09129,09141,09148,09149,09154,09158,09164,09182,09183,09184,09187,09190,09196,09198,09201,09203,09204,09208,09209,09212,09214,09216,09219,09223,09231,09235,09246,09247,09257,09261,09263,09267,09268,09279,09285,09289,09290,09291,09292,09297,09299,09301,09304,09307,09308,09313,09322,09335}",CC,2026-03-24 14:41:49.581307+01,gold_establishments_2025,,,,20006794000011,2025,Collectivité Territoriale,Intercommunalité,['Ariège'],['Occitanie'],CC,{09},{76}
7878abda-11c3-441d-9ed8-9c291ec89db1,200067023,CC Coutances Mer et Bocage (50),false,"{50003,50028,50044,50058,50072,50084,50092,50093,50094,50111,50145,50147,50197,50215,50219,50221,50228,50231,50232,50243,50266,50272,50311,50326,50336,50340,50345,50349,50350,50364,50376,50378,50388,50389,50419,50429,50437,50463,50464,50506,50513,50537,50550,50568,50569,50603,50624,50626}",CC,2026-03-24 14:41:49.581307+01,gold_establishments_2025,,,,20006702300016,2025,Collectivité Territoriale,Intercommunalité,['Manche'],['Normandie'],CC,{50},{28}
f4c95992-112b-4443-9d8e-ba8c9be65c57,200067544,CC Creuse Confluence (23),false,"{23009,23022,23026,23031,23032,23035,23038,23040,23045,23046,23064,23068,23072,23076,23093,23100,23102,23104,23106,23108,23114,23120,23145,23146,23149,23152,23154,23174,23203,23204,23209,23213,23233,23240,23243,23251,23254,23255,23259,23261,23262}",CC,2026-03-24 14:41:49.581307+01,gold_establishments_2025,,,,20006754400425,2025,Collectivité Territoriale,Intercommunalité,['Creuse'],['Nouvelle-Aquitaine'],CC,{23},{75}
453e311d-138a-4d72-a18b-786ebda1cdc1,200044014,CC Creuse Grand Sud (23),false,"{23003,23008,23024,23071,23077,23079,23090,23091,23140,23142,23144,23179,23180,23182,23194,23196,23210,23211,23212,23228,23238,23246,23249,23257,23264,23266}",CC,2026-03-24 14:41:49.581307+01,gold_establishments_2025,,,,20004401400013,2025,Collectivité Territoriale,Intercommunalité,['Creuse'],['Nouvelle-Aquitaine'],CC,{23},{75}
0b14f44d-1deb-447c-8399-6918eb2638fc,200067189,CC Creuse Sud Ouest (23),false,"{23001,23007,23012,23016,23027,23030,23043,23051,23060,23074,23078,23086,23099,23107,23118,23122,23133,23134,23138,23155,23157,23165,23168,23173,23175,23181,23183,23189,23197,23201,23202,23205,23214,23216,23217,23222,23223,23227,23230,23232,23237,23253,23260}",CC,2026-03-24 14:41:49.581307+01,gold_establishments_2025,,,,20006718900015,2025,Collectivité Territoriale,Intercommunalité,['Creuse'],['Nouvelle-Aquitaine'],CC,{23},{75}
8baa4a83-686d-42a4-9c4a-8b876e3b8a27,241501089,CC Cère et Goul en Carladès (15),false,"{15017,15058,15081,15146,15154,15159,15180,15183,15192,15236,15258}",CC,2026-03-24 14:41:49.581307+01,gold_establishments_2025,,,,24150108900155,2025,Collectivité Territoriale,Intercommunalité,['Cantal'],['Auvergne-Rhône-Alpes'],CC,{15},{84}
2554055b-4370-4898-9793-cfa9e96c27cf,244000857,CC Côte Landes Nature (40),false,"{40075,40150,40154,40155,40157,40266,40276,40311,40322,40326}",CC,2026-03-24 14:41:51.447482+01,gold_establishments_2025,,,,24400085700049,2025,Collectivité Territoriale,Intercommunalité,['Landes'],['Nouvelle-Aquitaine'],CC,{40},{75}
d12e752f-47ae-49ad-907b-34bb92d4a63c,200067031,CC Côte Ouest Centre Manche (50),false,"{50024,50078,50151,50166,50181,50182,50198,50208,50210,50236,50265,50267,50273,50289,50328,50368,50372,50394,50403,50405,50422,50481,50482,50510,50528,50533,50548,50552,50617,50629}",CC,2026-03-24 14:41:49.581307+01,gold_establishments_2025,,,,20006703100019,2025,Collectivité Territoriale,Intercommunalité,['Manche'],['Normandie'],CC,{50},{28}
5f42f261-85d7-4c38-abfa-9453877b25ab,243500725,CC Côte d'Émeraude (22),false,"{22094,22368,35093,35181,35228,35241,35256,35287}",CC,2026-03-24 14:41:51.447482+01,gold_establishments_2025,,,,24350072500110,2025,Collectivité Territoriale,Intercommunalité,"[""Côtes-d'Armor"", 'Ille-et-Vilaine']",['Bretagne'],CC,"{22,35}",{53}
c3d1e1e6-2dce-4e6d-abbf-fdfc0356220c,200067379,CC Côtes de Champagne et Val de Saulx (51),false,"{51006,51039,51040,51057,51060,51068,51094,51095,51098,51122,51130,51218,51240,51289,51290,51311,51325,51363,51420,51423,51433,51441,51442,51455,51472,51489,51496,51497,51510,51531,51539,51589,51590,51598,51601,51602,51608,51635,51647,51658}",CC,2026-03-24 14:41:49.581307+01,gold_establishments_2025,,,,20006737900012,2025,Collectivité Territoriale,Intercommunalité,['Marne'],['Grand Est'],CC,{51},{44}
7a9ee102-94f9-452b-b736-9110308d1a4a,200034874,CC Côtes de Meuse Woëvre (55),false,"{55012,55046,55062,55085,55093,55096,55196,55212,55245,55256,55258,55267,55270,55274,55303,55353,55386,55412,55431,55460,55462,55528,55530,55551,55586}",CC,2026-03-24 14:41:49.581307+01,gold_establishments_2025,,,,20003487400012,2025,Collectivité Territoriale,Intercommunalité,['Meuse'],['Grand Est'],CC,{55},{44}
a7c91552-403d-4393-bdf5-a0033bca93c9,241400415,CC Cœur Côte Fleurie (14),false,"{14059,14079,14220,14557,14578,14645,14699,14701,14715,14731,14754,14755}",CC,2026-03-24 14:41:49.581307+01,gold_establishments_2025,,,,24140041500014,2025,Collectivité Territoriale,Intercommunalité,['Calvados'],['Normandie'],CC,{14},{28}
8cd4822c-635e-43a8-a7ec-ed8f665503df,200069656,CC Cœur Haute Lande (40),false,"{40008,40032,40033,40056,40060,40064,40081,40085,40094,40105,40134,40135,40156,40165,40167,40170,40171,40200,40227,40246,40295,40297,40303,40307,40319,40323}",CC,2026-03-24 14:41:49.581307+01,gold_establishments_2025,,,,20006965600011,2025,Collectivité Territoriale,Intercommunalité,['Landes'],['Nouvelle-Aquitaine'],CC,{40},{75}
4586d22f-37ec-4cdd-ae3e-e2ec42c5143b,243200425,CC Cœur d'Astarac en Gascogne (32),false,"{32009,32030,32032,32077,32128,32159,32167,32187,32217,32238,32240,32252,32256,32265,32285,32293,32326,32367,32393}",CC,2026-03-24 14:41:51.447482+01,gold_establishments_2025,,,,24320042500128,2025,Collectivité Territoriale,Intercommunalité,['Gers'],['Occitanie'],CC,{32},{76}
0048720a-9a51-4c56-8a17-55ac418d2573,247800618,CC Cœur d'Yvelines (78),false,"{78034,78036,78050,78053,78062,78084,78236,78262,78263,78265,78278,78289,78321,78364,78366,78389,78398,78404,78420,78442,78443,78513,78550,78576,78588,78615,78616,78623,78653,78681,78683}",CC,2026-03-24 14:41:51.447482+01,gold_establishments_2025,,,,24780061800024,2025,Collectivité Territoriale,Intercommunalité,['Yvelines'],['Île-de-France'],CC,{78},{11}
0708d4c2-2d46-4516-a6c3-cacf0e817b95,200070159,CC Cœur de Beauce (28),false,"{28009,28019,28026,28028,28029,28032,28108,28114,28121,28157,28164,28169,28183,28184,28189,28190,28197,28199,28210,28212,28215,28221,28243,28274,28283,28284,28287,28291,28294,28296,28300,28303,28304,28313,28319,28363,28367,28382,28390,28391,28392,28400,28406,28411,28422,28426}",CC,2026-03-24 14:41:49.581307+01,gold_establishments_2025,,,,20007015900013,2025,Collectivité Territoriale,Intercommunalité,['Eure-et-Loir'],['Centre-Val de Loire'],CC,{28},{24}
b5b1c1f0-acf6-4b65-9a12-13720f5f3a56,200070571,CC Cœur de Berry (18),false,"{18036,18044,18064,18124,18128,18134,18148,18182,18186,18190,18237}",CC,2026-03-24 14:41:49.581307+01,gold_establishments_2025,,,,20007057100092,2025,Collectivité Territoriale,Intercommunalité,['Cher'],['Centre-Val de Loire'],CC,{18},{24}
ae2ad281-c8c3-4238-ae1c-5275700875ea,243600343,CC Cœur de Brenne (36),false,"{36010,36096,36113,36123,36124,36145,36153,36193,36204,36212,36246}",CC,2026-03-24 14:41:51.447482+01,gold_establishments_2025,,,,24360034300012,2025,Collectivité Territoriale,Intercommunalité,['Indre'],['Centre-Val de Loire'],CC,{36},{24}
29ece136-0f1c-4898-b2f9-75700bdbb821,200072023,CC Cœur de Charente (16),false,"{16005,16008,16011,16023,16024,16027,16042,16068,16069,16081,16083,16095,16108,16122,16141,16144,16155,16173,16184,16185,16191,16194,16196,16200,16206,16237,16241,16248,16272,16275,16295,16300,16307,16317,16318,16326,16377,16383,16390,16392,16393,16396,16397,16401,16412,16414,16419,16423}",CC,2026-03-24 14:41:49.581307+01,gold_establishments_2025,,,,20007202300019,2025,Collectivité Territoriale,Intercommunalité,['Charente'],['Nouvelle-Aquitaine'],CC,{16},{75}
a3564171-c0f2-43bd-97af-ce189147ea30,200040111,CC Cœur de Chartreuse (38),false,"{38155,38236,38376,38405,38412,38442,38446,73033,73092,73105,73107,73229,73233,73246,73274,73275,73282}",CC,2026-03-24 14:41:49.581307+01,gold_establishments_2025,,,,20004011100011,2025,Collectivité Territoriale,Intercommunalité,"['Isère', 'Savoie']",['Auvergne-Rhône-Alpes'],CC,"{38,73}",{84}
70d186c5-ea3c-4fc8-90c9-a9004bec41f7,200036135,CC Cœur de France (18),false,"{18013,18029,18034,18038,18042,18052,18069,18076,18086,18091,18107,18136,18142,18169,18171,18172,18197,18231,18276}",CC,2026-03-24 14:41:49.581307+01,gold_establishments_2025,,,,20003613500073,2025,Collectivité Territoriale,Intercommunalité,['Cher'],['Centre-Val de Loire'],CC,{18},{24}
ee67220c-94b8-42ac-a2a4-c3583c93f4e8,200068815,CC Cœur de Garonne (31),false,"{31051,31065,31084,31101,31119,31122,31135,31153,31189,31193,31196,31204,31229,31250,31266,31283,31292,31299,31309,31317,31318,31324,31327,31349,31353,31359,31362,31367,31370,31382,31387,31406,31419,31422,31423,31425,31428,31435,31436,31454,31469,31476,31481,31505,31520,31530,31538,31543}",CC,2026-03-24 14:41:49.581307+01,gold_establishments_2025,,,,20006881500014,2025,Collectivité Territoriale,Intercommunalité,['Haute-Garonne'],['Occitanie'],CC,{31},{76}
7636e5d1-0155-4641-bf79-280856247f3f,200067916,CC Cœur de Loire (58),false,"{58002,58007,58042,58044,58048,58064,58077,58081,58086,58089,58102,58122,58162,58164,58187,58193,58209,58213,58215,58228,58236,58248,58251,58252,58256,58261,58265,58281,58295,58307}",CC,2026-03-24 14:41:49.581307+01,gold_establishments_2025,,,,20006791600011,2025,Collectivité Territoriale,Intercommunalité,['Nièvre'],['Bourgogne-Franche-Comté'],CC,{58},{27}
ad8b0cd7-eef7-4908-961f-be719757f194,244800405,CC Cœur de Lozère (48),false,"{48013,48016,48018,48029,48095,48111,48137}",CC,2026-03-24 14:41:51.447482+01,gold_establishments_2025,,,,24480040500015,2025,Collectivité Territoriale,Intercommunalité,['Lozère'],['Occitanie'],CC,{48},{76}
dcdc6d17-e31e-477d-a953-70abae950f86,200070464,CC Cœur de Maurienne Arvan (73),false,"{73012,73013,73116,73135,73138,73173,73177,73242,73248,73250,73267,73280,73318,73320}",CC,2026-03-24 14:41:49.581307+01,gold_establishments_2025,,,,20007046400017,2025,Collectivité Territoriale,Intercommunalité,['Savoie'],['Auvergne-Rhône-Alpes'],CC,{73},{84}
6a5dd884-7f36-4362-a352-af5770b6c793,241400860,CC Cœur de Nacre (14),false,"{14014,14015,14044,14066,14191,14197,14228,14354,14384,14509,14535,14562}",CC,2026-03-24 14:41:49.581307+01,gold_establishments_2025,,,,24140086000011,2025,Collectivité Territoriale,Intercommunalité,['Calvados'],['Normandie'],CC,{14},{28}
09c67f62-ee70-4bd5-8fa7-bcbc23dfcb9b,241700517,CC Cœur de Saintonge (17),false,"{17030,17045,17134,17154,17171,17255,17262,17280,17284,17285,17302,17330,17387,17389,17408,17431,17453,17455}",CC,2026-03-24 14:41:49.581307+01,gold_establishments_2025,,,,24170051700048,2025,Collectivité Territoriale,Intercommunalité,['Charente-Maritime'],['Nouvelle-Aquitaine'],CC,{17},{75}
6fe6742a-7832-455b-a61d-eb4b2894a16b,200041010,CC Cœur de Savoie (73),false,"{73017,73018,73021,73041,73052,73053,73068,73069,73072,73075,73079,73082,73084,73089,73095,73096,73099,73120,73133,73141,73151,73159,73166,73171,73183,73200,73205,73207,73215,73217,73240,73247,73270,73276,73289,73302,73311,73314,73315,73316,73324}",CC,2026-03-24 14:41:49.581307+01,gold_establishments_2025,,,,20004101000014,2025,Collectivité Territoriale,Intercommunalité,['Savoie'],['Auvergne-Rhône-Alpes'],CC,{73},{84}
0bc6a297-57e2-46fd-ba71-bcf5145b21a8,200000800,CC Cœur de Sologne (41),false,"{41036,41046,41106,41161,41251,41296}",CC,2026-03-24 14:41:49.581307+01,gold_establishments_2025,,,,20000080000074,2025,Collectivité Territoriale,Intercommunalité,['Loir-et-Cher'],['Centre-Val de Loire'],CC,{41},{24}
bd375ac9-6b9c-44a2-b300-1bb26625a0ab,200023299,CC Cœur de Tarentaise (73),false,"{73131,73181,73190,73253,73257,73284}",CC,2026-03-24 14:41:49.581307+01,gold_establishments_2025,,,,20002329900031,2025,Collectivité Territoriale,Intercommunalité,['Savoie'],['Auvergne-Rhône-Alpes'],CC,{73},{84}
39cf0db9-ab1e-41c8-a591-bd3d65ed685c,200043263,CC Cœur de l'Avesnois (59),false,"{59035,59036,59050,59061,59062,59066,59078,59093,59134,59147,59148,59169,59174,59175,59177,59181,59186,59218,59226,59233,59240,59241,59270,59290,59306,59333,59342,59347,59374,59461,59474,59490,59493,59525,59529,59534,59555,59562,59563,59572,59573,59583,59649}",CC,2026-03-24 14:41:49.581307+01,gold_establishments_2025,,,,20004326300017,2025,Collectivité Territoriale,Intercommunalité,['Nord'],['Hauts-de-France'],CC,{59},{32}
f9312ba2-2533-4bfc-84cc-83094f3572b8,200068435,CC Cœur du Perche (61),false,"{61043,61050,61061,61116,61241,61300,61309,61345,61379,61395,61448,61501}",CC,2026-03-24 14:41:49.581307+01,gold_establishments_2025,,,,20006843500151,2025,Collectivité Territoriale,Intercommunalité,['Orne'],['Normandie'],CC,{61},{28}
fe80a0d9-c00c-41f9-8c94-cc316511d529,248300550,CC Cœur du Var (83),false,"{83018,83026,83031,83033,83057,83067,83073,83075,83092,83100,83136}",CC,2026-03-24 14:41:51.447482+01,gold_establishments_2025,,,,24830055000030,2025,Collectivité Territoriale,Intercommunalité,['Var'],"[""Provence-Alpes-Côte d'Azur""]",CC,{83},{93}
a5ee28e4-90e3-4461-8ead-705c3e086457,200072643,CC Cœur et Coteaux du Comminges (31),false,"{31001,31005,31007,31008,31021,31023,31028,31031,31039,31043,31063,31070,31072,31076,31078,31080,31083,31086,31108,31109,31115,31121,31130,31134,31138,31141,31147,31152,31158,31159,31168,31170,31172,31175,31178,31197,31201,31218,31223,31239,31246,31247,31251,31268,31270,31274,31276,31278,31289,31294,31295,31300,31301,31302,31305,31322,31333,31343,31344,31347,31350,31363,31373,31378,31385,31386,31390,31397,31398,31412,31414,31415,31427,31430,31443,31449,31452,31456,31468,31477,31479,31482,31483,31487,31493,31494,31498,31502,31510,31513,31522,31528,31529,31531,31532,31536,31537,31539,31552,31556,31565,31585,31586,31593}",CC,2026-03-24 14:41:49.581307+01,gold_establishments_2025,,,,20007264300014,2025,Collectivité Territoriale,Intercommunalité,['Haute-Garonne'],['Occitanie'],CC,{31},{76}
1ef6df84-d8cc-47af-b979-c8e840da3715,200067064,CC Decazeville Communauté (12),false,"{12004,12013,12028,12030,12083,12089,12100,12101,12130,12240,12246,12305}",CC,2026-03-24 14:41:49.581307+01,gold_establishments_2025,,,,20006706400010,2025,Collectivité Territoriale,Intercommunalité,['Aveyron'],['Occitanie'],CC,{12},{76}
65675b66-3345-484b-89e9-b3c2221e8aca,242600492,CC Dieulefit-Bourdeaux (26),false,"{26003,26045,26051,26056,26060,26101,26111,26114,26131,26202,26222,26243,26249,26268,26276,26334,26343,26350,26351,26356,26373}",CC,2026-03-24 14:41:49.581307+01,gold_establishments_2025,,,,24260049200019,2025,Collectivité Territoriale,Intercommunalité,['Drôme'],['Auvergne-Rhône-Alpes'],CC,{26},{84}
41102e5f-739c-4975-a7ec-b92a551f7ef0,200042497,CC Dombes Saône Vallée (01),false,"{01005,01021,01030,01105,01157,01166,01238,01250,01285,01318,01322,01339,01347,01353,01362,01398,01423,01427,01446}",CC,2026-03-24 14:41:49.581307+01,gold_establishments_2025,,,,20004249700012,2025,Collectivité Territoriale,Intercommunalité,['Ain'],['Auvergne-Rhône-Alpes'],CC,{01},{84}
d4c1cd88-f4bd-467d-8a3f-9b966dc6b912,200071520,CC Domfront Tinchebray Interco (61),false,"{61021,61091,61093,61145,61232,61262,61281,61292,61369,61370,61374,61401,61445,61451,61486}",CC,2026-03-24 14:41:49.581307+01,gold_establishments_2025,,,,20007152000015,2025,Collectivité Territoriale,Intercommunalité,['Orne'],['Normandie'],CC,{61},{28}
34814fb2-39dc-407a-b13f-1280eb62066a,242900645,CC Douarnenez Communauté (29),false,"{29046,29087,29090,29224,29226}",CC,2026-03-24 14:41:49.581307+01,gold_establishments_2025,,,,24290064500027,2025,Collectivité Territoriale,Intercommunalité,['Finistère'],['Bretagne'],CC,{29},{53}
baab8bd7-a107-45ef-b6e0-5616305320a7,200041572,CC Dronne et Belle (24),false,"{24042,24055,24064,24069,24096,24107,24111,24129,24221,24253,24346,24353,24394,24403,24474,24582}",CC,2026-03-24 14:41:49.581307+01,gold_establishments_2025,,,,20004157200153,2025,Collectivité Territoriale,Intercommunalité,['Dordogne'],['Nouvelle-Aquitaine'],CC,{24},{75}
cd9e40d0-2add-416a-a77d-dbee0a3beef9,200042901,CC Drôme Sud Provence (26),false,"{26033,26054,26093,26116,26138,26145,26169,26235,26275,26324,26326,26342,26345,26357}",CC,2026-03-24 14:41:49.581307+01,gold_establishments_2025,,,,20004290100062,2025,Collectivité Territoriale,Intercommunalité,['Drôme'],['Auvergne-Rhône-Alpes'],CC,{26},{84}
ff2bb151-7000-4e49-ac1f-d902ba362185,200069169,CC Dômes Sancy Artense (63),false,"{63020,63024,63028,63071,63129,63163,63176,63183,63189,63190,63192,63219,63248,63257,63264,63274,63305,63326,63336,63370,63386,63397,63407,63421,63426,63437,63451}",CC,2026-03-24 14:41:49.581307+01,gold_establishments_2025,,,,20006916900015,2025,Collectivité Territoriale,Intercommunalité,['Puy-de-Dôme'],['Auvergne-Rhône-Alpes'],CC,{63},{84}
a736607b-5eb0-4c49-a25c-703a05c4e199,200040681,CC Enclave des Papes-Pays de Grignan (26),false,"{26070,26073,26099,26146,26192,26203,26211,26226,26261,26284,26285,26322,26335,26348,26360,84053,84097,84138,84150}",CC,2026-03-24 14:41:49.581307+01,gold_establishments_2025,,,,20004068100070,2025,Collectivité Territoriale,Intercommunalité,"['Drôme', 'Vaucluse']",['Auvergne-Rhône-Alpes'],CC,"{26,84}",{84}
e5d20af4-ee0e-4869-9966-7c7c887e2428,200071470,CC Entr'Allier Besbre et Loire (03),false,"{03014,03019,03034,03035,03067,03071,03079,03091,03100,03102,03103,03132,03137,03142,03144,03147,03154,03171,03177,03178,03179,03181,03187,03196,03207,03208,03215,03226,03232,03234,03235,03239,03240,03253,03263,03265,03266,03274,03284,03289,03291,03298,03299,03300}",CC,2026-03-24 14:41:49.581307+01,gold_establishments_2025,,,,20007147000013,2025,Collectivité Territoriale,Intercommunalité,['Allier'],['Auvergne-Rhône-Alpes'],CC,{03},{84}
ca27b2c9-d5bc-4007-bc69-f0d04e4c4565,200070316,"CC Entre Arroux, Loire et Somme (71)",false,"{71047,71075,71088,71111,71136,71152,71155,71161,71166,71179,71220,71227,71230,71239,71255,71273,71280,71281,71301,71317,71330,71348,71370,71389,71474,71478,71542,71552,71565,71589}",CC,2026-03-24 14:41:49.581307+01,gold_establishments_2025,,,,20007031600019,2025,Collectivité Territoriale,Intercommunalité,['Saône-et-Loire'],['Bourgogne-Franche-Comté'],CC,{71},{27}
45c80945-3675-447f-8078-dd28b2b42f5b,200085751,CC Entre Bièvre et Rhône (38),false,"{38003,38009,38017,38019,38034,38037,38051,38066,38072,38077,38101,38114,38134,38198,38240,38244,38259,38290,38298,38307,38311,38324,38335,38340,38344,38349,38353,38363,38378,38406,38425,38448,38452,38468,38496,38536,38556}",CC,2026-03-24 14:41:49.581307+01,gold_establishments_2025,,,,20008575100010,2025,Collectivité Territoriale,Intercommunalité,['Isère'],['Auvergne-Rhône-Alpes'],CC,{38},{84}
c3e666d8-e192-46c7-83f8-971588377c4d,246301097,CC Entre Dore et Allier (63),false,"{63045,63058,63128,63131,63180,63194,63195,63229,63265,63276,63296,63364,63420,63461}",CC,2026-03-24 14:41:51.447482+01,gold_establishments_2025,,,,24630109700050,2025,Collectivité Territoriale,Intercommunalité,['Puy-de-Dôme'],['Auvergne-Rhône-Alpes'],CC,{63},{84}
9026ca95-86be-443a-9822-2392e38de884,249100553,CC Entre Juine et Renarde (CCEJR) (91),false,"{91038,91080,91085,91095,91132,91148,91226,91318,91330,91378,91578,91581,91602,91619,91662,91671}",CC,2026-03-24 14:41:51.447482+01,gold_establishments_2025,,,,24910055300059,2025,Collectivité Territoriale,Intercommunalité,['Essonne'],['Île-de-France'],CC,{91},{11}
531f32d6-7ed6-450e-9245-c669a6ceeeec,247103765,CC Entre Saône et Grosne (71),false,"{71026,71036,71052,71058,71080,71087,71089,71145,71164,71193,71219,71245,71249,71252,71272,71274,71308,71328,71384,71402,71507,71512,71572}",CC,2026-03-24 14:41:51.447482+01,gold_establishments_2025,,,,24710376500019,2025,Collectivité Territoriale,Intercommunalité,['Saône-et-Loire'],['Bourgogne-Franche-Comté'],CC,{71},{27}
063c23a5-6891-4953-b047-cb122cc315e1,200072734,CC Estuaire et Sillon (44),false,"{44019,44025,44033,44045,44080,44089,44137,44139,44158,44195,44203}",CC,2026-03-24 14:41:49.581307+01,gold_establishments_2025,,,,20007273400011,2025,Collectivité Territoriale,Intercommunalité,['Loire-Atlantique'],['Pays de la Loire'],CC,{44},{52}
9b2b8420-cea0-4c55-896a-21d353bc0d28,247600729,CC Falaises du Talou (76),false,"{76049,76054,76071,76155,76207,76210,76220,76235,76288,76371,76437,76472,76526,76562,76590,76618,76619,76624,76630,76652,76665,76671,76703,76745}",CC,2026-03-24 14:41:51.447482+01,gold_establishments_2025,,,,24760072900070,2025,Collectivité Territoriale,Intercommunalité,['Seine-Maritime'],['Normandie'],CC,{76},{28}
aa42e240-3349-4484-8e63-c8042f6ce4ed,200000172,CC Faucigny-Glières (74),false,"{74024,74042,74049,74087,74164,74212,74312}",CC,2026-03-24 14:41:49.581307+01,gold_establishments_2025,,,,20000017200011,2025,Collectivité Territoriale,Intercommunalité,['Haute-Savoie'],['Auvergne-Rhône-Alpes'],CC,{74},{84}
dbde1651-c025-4c4d-8604-d5b0f8368e17,241800457,CC FerCher (18),false,"{18066,18133,18137,18181,18188,18201,18207,18244,18285}",CC,2026-03-24 14:41:49.581307+01,gold_establishments_2025,,,,24180045700079,2025,Collectivité Territoriale,Intercommunalité,['Cher'],['Centre-Val de Loire'],CC,{18},{24}
41ac1df6-08f0-4e4c-b704-1941ccee9cbc,247400567,CC Fier et Usses (74),false,"{74026,74076,74152,74179,74202,74257,74272}",CC,2026-03-24 14:41:51.447482+01,gold_establishments_2025,,,,24740056700084,2025,Collectivité Territoriale,Intercommunalité,['Haute-Savoie'],['Auvergne-Rhône-Alpes'],CC,{74},{84}
762dda99-2f46-46ab-9b45-9d0c4ab423c8,245900758,CC Flandre Lys (59),false,"{59212,59268,59293,59400,62338,62491,62502,62736}",CC,2026-03-24 14:41:51.447482+01,gold_establishments_2025,,,,24590075800054,2025,Collectivité Territoriale,Intercommunalité,"['Nord', 'Pas-de-Calais']",['Hauts-de-France'],CC,"{59,62}",{32}
997ea08b-132c-4fc9-9ff3-8c596bd4d04e,241000223,"CC Forêts, Lacs, Terres en Champagne (10)",false,"{10014,10019,10021,10056,10061,10084,10129,10165,10206,10210,10239,10270,10287,10300,10328}",CC,2026-03-24 14:41:49.581307+01,gold_establishments_2025,,,,24100022300016,2025,Collectivité Territoriale,Intercommunalité,['Aube'],['Grand Est'],CC,{10},{44}
b68eb6b2-821f-42f5-94a7-c64f8adf7215,200039063,"CC Forêts, Seine et Suzon (21)",false,"{21085,21136,21142,21218,21227,21255,21284,21286,21338,21345,21408,21477,21479,21489,21494,21508,21561,21573,21589,21591,21646,21648,21651,21659,21705}",CC,2026-03-24 14:41:49.581307+01,gold_establishments_2025,,,,20003906300017,2025,Collectivité Territoriale,Intercommunalité,"[""Côte-d'Or""]",['Bourgogne-Franche-Comté'],CC,{21},{27}
e5531279-39dc-4eed-8bce-45064208f4a1,200068930,CC Fumel Vallée du Lot (47),false,"{47011,47017,47029,47036,47064,47070,47072,47077,47079,47105,47106,47123,47160,47161,47162,47179,47185,47203,47242,47280,47283,47292,47307,47312,47314,47315,47328}",CC,2026-03-24 14:41:49.581307+01,gold_establishments_2025,,,,20006893000094,2025,Collectivité Territoriale,Intercommunalité,['Lot-et-Garonne'],['Nouvelle-Aquitaine'],CC,{47},{75}
a801ffc1-4b1e-43c1-bda4-3e024905a592,200034130,CC Gally Mauldre (78),false,"{78013,78049,78152,78189,78196,78233,78305,78368,78380,78415,78571}",CC,2026-03-24 14:41:49.581307+01,gold_establishments_2025,,,,20003413000050,2025,Collectivité Territoriale,Intercommunalité,['Yvelines'],['Île-de-France'],CC,{78},{11}
d737349b-1a45-416a-8482-71f4012c73a2,248719262,CC Gartempe - Saint-Pardoux (87),false,"{87007,87041,87121,87128,87133,87180}",CC,2026-03-24 14:41:51.447482+01,gold_establishments_2025,,,,24871926200060,2025,Collectivité Territoriale,Intercommunalité,['Haute-Vienne'],['Nouvelle-Aquitaine'],CC,{87},{75}
5a9a223b-d650-43b6-a40e-9c473069e081,244500211,CC Giennoises (45),false,"{45036,45096,45108,45155,45180,45218,45227,45254,45271,45280,45291}",CC,2026-03-24 14:41:51.447482+01,gold_establishments_2025,,,,24450021100127,2025,Collectivité Territoriale,Intercommunalité,['Loiret'],['Centre-Val de Loire'],CC,{45},{24}
83fc4d96-9430-4657-92ff-45727525cdd5,200069151,CC Gorges Causses Cévennes (48),false,"{48019,48028,48036,48050,48061,48065,48069,48074,48075,48088,48096,48130,48141,48146,48166,48176,48193}",CC,2026-03-24 14:41:49.581307+01,gold_establishments_2025,,,,20006915100138,2025,Collectivité Territoriale,Intercommunalité,['Lozère'],['Occitanie'],CC,{48},{76}
a6b0d7ee-06bb-4a03-b8be-9460edc1255c,244400438,CC Grand Lieu Communauté (44),false,"{44014,44041,44083,44102,44130,44155,44174,44188,44223}",CC,2026-03-24 14:41:51.447482+01,gold_establishments_2025,,,,24440043800127,2025,Collectivité Territoriale,Intercommunalité,['Loire-Atlantique'],['Pays de la Loire'],CC,{44},{52}
d52bb923-e65c-478f-8b00-f0234e11fbe3,200042646,CC Grand Orb communauté de communes en Languedoc (34),false,"{34008,34019,34028,34038,34040,34049,34053,34071,34083,34117,34119,34121,34126,34144,34200,34211,34216,34252,34257,34260,34308,34312,34335}",CC,2026-03-24 14:41:49.581307+01,gold_establishments_2025,,,,20004264600097,2025,Collectivité Territoriale,Intercommunalité,['Hérault'],['Occitanie'],CC,{34},{76}
261c26b4-c2d3-41e0-847a-4dd926f71752,200066652,CC Grand Sud Tarn et Garonne (82),false,"{82005,82014,82017,82020,82023,82027,82028,82043,82048,82057,82062,82075,82079,82105,82114,82123,82125,82135,82136,82142,82173,82178,82188,82190,82194}",CC,2026-03-24 14:41:49.581307+01,gold_establishments_2025,,,,20006665200013,2025,Collectivité Territoriale,Intercommunalité,['Tarn-et-Garonne'],['Occitanie'],CC,{82},{76}
11714935-96b7-43eb-a6a8-e10c02df1dcb,200067361,CC Grand-Figeac (12),false,"{12012,12018,12052,12256,12257,12272,46002,46004,46009,46012,46015,46021,46034,46035,46036,46039,46041,46045,46049,46051,46052,46053,46055,46056,46057,46075,46085,46090,46093,46094,46096,46100,46101,46102,46104,46108,46111,46116,46125,46129,46131,46132,46133,46135,46139,46143,46155,46157,46160,46161,46168,46170,46174,46175,46176,46180,46183,46195,46198,46203,46207,46221,46226,46230,46233,46235,46237,46242,46243,46244,46249,46254,46255,46260,46266,46269,46270,46272,46279,46282,46288,46289,46292,46294,46299,46302,46306,46314,46318,46319,46332,46338}",CC,2026-03-24 14:41:49.581307+01,gold_establishments_2025,,,,20006736100390,2025,Collectivité Territoriale,Intercommunalité,"['Aveyron', 'Lot']",['Occitanie'],CC,"{12,46}",{76}
827eae5d-16a9-462a-99d5-a2ba295250aa,200023919,CC Gâtinais Val de Loing (77),false,"{77009,77011,77027,77045,77050,77071,77099,77110,77168,77207,77230,77261,77267,77271,77297,77342,77370,77458,77489,77500}",CC,2026-03-24 14:41:49.581307+01,gold_establishments_2025,,,,20002391900034,2025,Collectivité Territoriale,Intercommunalité,['Seine-et-Marne'],['Île-de-France'],CC,{77},{11}
92afdcb2-924c-45b8-a405-b290e76c80fe,200096642,CC Gérardmer Hautes Vosges (88),false,"{88085,88196,88218,88269,88380,88470,88492,88531}",CC,2026-03-24 14:41:49.581307+01,gold_establishments_2025,,,,20009664200018,2025,Collectivité Territoriale,Intercommunalité,['Vosges'],['Grand Est'],CC,{88},{44}
9b0599de-ec1a-4120-9829-0014910ee3bb,200067957,CC Haut Chemin-Pays de Pange (57),false,"{57055,57121,57128,57145,57148,57155,57156,57200,57204,57249,57307,57431,57449,57482,57533,57563,57575,57607,57612,57626,57627,57648,57649,57654,57656,57716,57718,57736}",CC,2026-03-24 14:41:49.581307+01,gold_establishments_2025,,,,20006795700015,2025,Collectivité Territoriale,Intercommunalité,['Moselle'],['Grand Est'],CC,{57},{44}
fdebf4ab-9e34-43b1-ae4e-f6079b188330,200071942,CC Haut Limousin en Marche (87),false,"{87003,87006,87008,87011,87012,87017,87018,87028,87045,87052,87053,87056,87057,87059,87061,87069,87074,87080,87087,87089,87090,87097,87100,87101,87108,87109,87116,87139,87145,87149,87155,87160,87163,87165,87172,87179,87182,87195,87200,87206}",CC,2026-03-24 14:41:49.581307+01,gold_establishments_2025,,,,20007194200011,2025,Collectivité Territoriale,Intercommunalité,['Haute-Vienne'],['Nouvelle-Aquitaine'],CC,{87},{75}
2602a8ef-31ab-4cce-82fc-a8c288ffa6ae,200067429,CC Haut Nivernais-Val d'Yonne (58),false,"{58011,58032,58038,58039,58058,58073,58079,58085,58090,58093,58103,58109,58156,58163,58198,58200,58201,58206,58217,58222,58263,58282,58299,58304,58310,58312,89119,89129,89164,89234}",CC,2026-03-24 14:41:49.581307+01,gold_establishments_2025,,,,20006742900015,2025,Collectivité Territoriale,Intercommunalité,"['Nièvre', 'Yonne']",['Bourgogne-Franche-Comté'],CC,"{58,89}",{27}
5a67d612-3308-41c0-87b1-92481142387e,244300307,CC Haut Pays du Velay Communauté (43),false,"{43087,43141,43142,43159,43163,43172,43204,43223}",CC,2026-03-24 14:41:51.447482+01,gold_establishments_2025,,,,24430030700117,2025,Collectivité Territoriale,Intercommunalité,['Haute-Loire'],['Auvergne-Rhône-Alpes'],CC,{43},{84}
a3752ebb-8cb0-456a-88a7-9909d537472b,200041994,CC Haut Val de Sèvre (79),false,"{79020,79023,79024,79042,79048,79086,79114,79128,79189,79201,79231,79246,79270,79276,79283,79302,79303,79316,79319}",CC,2026-03-24 14:41:49.581307+01,gold_establishments_2025,,,,20004199400019,2025,Collectivité Territoriale,Intercommunalité,['Deux-Sèvres'],['Nouvelle-Aquitaine'],CC,{79},{75}
9c189d60-d9dc-48db-92e6-6a828718e523,243900479,CC Haut-Jura Arcade Communauté (39),false,"{39047,39297,39367,39368}",CC,2026-03-24 14:41:51.447482+01,gold_establishments_2025,,,,24390047900011,2025,Collectivité Territoriale,Intercommunalité,['Jura'],['Bourgogne-Franche-Comté'],CC,{39},{27}
cdfb1dde-c908-40aa-acea-80022d710c3d,200026573,CC Haut-Jura Saint-Claude (39),false,"{39032,39046,39068,39151,39157,39174,39274,39280,39286,39293,39339,39373,39413,39453,39460,39463,39478,39491,39510,39560,39579,39585}",CC,2026-03-24 14:41:49.581307+01,gold_establishments_2025,,,,20002657300135,2025,Collectivité Territoriale,Intercommunalité,['Jura'],['Bourgogne-Franche-Comté'],CC,{39},{27}
a631a900-73fc-4ee4-9178-dc8ad678c7f2,200067072,CC Haut-Léon Communauté (29),false,"{29030,29082,29111,29148,29184,29185,29192,29206,29239,29259,29273,29276,29285,29287}",CC,2026-03-24 14:41:49.581307+01,gold_establishments_2025,,,,20006707200013,2025,Collectivité Territoriale,Intercommunalité,['Finistère'],['Bretagne'],CC,{29},{53}
4dc54cdc-cfdd-42db-be20-fadde162fed8,200070340,CC Haute Maurienne Vanoise (73),false,"{73023,73026,73040,73047,73117,73119,73157,73223,73290,73322}",CC,2026-03-24 14:41:49.581307+01,gold_establishments_2025,,,,20007034000019,2025,Collectivité Territoriale,Intercommunalité,['Savoie'],['Auvergne-Rhône-Alpes'],CC,{73},{84}
f2305cd9-f43f-4a43-8de8-e0a02a016b70,200072700,CC Haute Sarthe Alpes Mancelles (72),false,"{72005,72011,72012,72029,72034,72036,72043,72078,72079,72120,72121,72138,72139,72141,72142,72152,72164,72186,72199,72209,72212,72225,72235,72254,72266,72273,72282,72294,72297,72305,72309,72323,72332,72337,72355,72362,72370,72380}",CC,2026-03-24 14:41:49.581307+01,gold_establishments_2025,,,,20007270000012,2025,Collectivité Territoriale,Intercommunalité,['Sarthe'],['Pays de la Loire'],CC,{72},{52}
77da3120-4906-48d7-91b7-89b08c3e9fc1,200066744,CC Haute-Corrèze Communauté (19),false,"{19002,19006,19008,19021,19028,19052,19053,19055,19058,19064,19065,19071,19080,19083,19102,19103,19108,19110,19113,19114,19128,19130,19134,19135,19136,19139,19141,19142,19148,19157,19160,19164,19167,19175,19180,19190,19199,19200,19201,19204,19206,19210,19219,19226,19228,19232,19233,19238,19241,19244,19247,19252,19256,19261,19264,19266,19275,19277,19283,23019,23063,23067,23080,23115,23119,23125,23158,23215,23221,23224}",CC,2026-03-24 14:41:49.581307+01,gold_establishments_2025,,,,20006674400018,2025,Collectivité Territoriale,Intercommunalité,"['Corrèze', 'Creuse']",['Nouvelle-Aquitaine'],CC,"{19,23}",{75}
c5372c77-1a92-4308-846c-5031a3cb8346,200071025,CC Haute-Provence-Pays de Banon (04),false,"{04012,04018,04068,04095,04111,04129,04132,04142,04159,04160,04162,04163,04169,04175,04188,04190,04192,04201,04208,04227,04241}",CC,2026-03-24 14:41:49.581307+01,gold_establishments_2025,,,,20007102500015,2025,Collectivité Territoriale,Intercommunalité,['Alpes-de-Haute-Provence'],"[""Provence-Alpes-Côte d'Azur""]",CC,{04},{93}
884dbe38-6419-4492-b5ca-085eaf2b66dd,200066637,CC Hautes Terres Communauté (15),false,"{15001,15013,15022,15025,15032,15041,15042,15043,15048,15061,15069,15080,15091,15098,15100,15101,15102,15105,15114,15119,15126,15127,15138,15141,15151,15155,15158,15203,15207,15213,15225,15247,15253,15256,15263}",CC,2026-03-24 14:41:49.581307+01,gold_establishments_2025,,,,20006663700014,2025,Collectivité Territoriale,Intercommunalité,['Cantal'],['Auvergne-Rhône-Alpes'],CC,{15},{84}
5180551a-71fa-40bd-8100-99336ccbb102,200067650,CC Houve-Pays Boulageois (57),false,"{57048,57069,57070,57085,57097,57112,57131,57150,57154,57165,57172,57187,57205,57252,57277,57296,57312,57326,57455,57460,57471,57495,57507,57516,57519,57530,57542,57570,57599,57667,57681,57691,57695,57705,57720,57730,57749}",CC,2026-03-24 14:41:49.581307+01,gold_establishments_2025,,,,20006765000016,2025,Collectivité Territoriale,Intercommunalité,['Moselle'],['Grand Est'],CC,{57},{44}
cbf209cc-6194-4904-8bd0-bbd5fec8754b,200070449,CC Inter-Caux-Vexin (76),false,"{76007,76038,76046,76062,76094,76100,76105,76106,76107,76109,76111,76113,76120,76121,76123,76125,76146,76152,76163,76177,76179,76188,76230,76243,76245,76247,76271,76285,76287,76290,76316,76328,76331,76359,76369,76396,76412,76434,76443,76446,76452,76453,76502,76503,76509,76517,76521,76541,76547,76548,76554,76555,76571,76573,76580,76581,76583,76594,76673,76675,76728,76738,76740,76756}",CC,2026-03-24 14:41:49.581307+01,gold_establishments_2025,,,,20007044900018,2025,Collectivité Territoriale,Intercommunalité,['Seine-Maritime'],['Normandie'],CC,{76},{28}
88bda53f-e7a4-47b8-adf6-ba108c61393a,200066462,CC Interco Normandie Sud Eure (27),false,"{27009,27019,27032,27036,27038,27043,27054,27068,27069,27075,27096,27108,27112,27115,27137,27139,27155,27156,27157,27182,27198,27291,27323,27341,27359,27383,27427,27431,27457,27481,27502,27508,27521,27565,27578,27610,27643,27679,27685,27693,28263}",CC,2026-03-24 14:41:49.581307+01,gold_establishments_2025,,,,20006646200017,2025,Collectivité Territoriale,Intercommunalité,"['Eure', 'Eure-et-Loir']",['Centre-Val de Loire'],CC,"{27,28}",{24}
6b61c4dd-4f0d-487d-8412-2ac1e0f03428,200066413,CC Intercom Bernay Terres de Normandie (27),false,"{27001,27037,27040,27049,27050,27051,27052,27056,27061,27063,27074,27095,27109,27113,27116,27117,27125,27129,27130,27138,27148,27164,27173,27179,27210,27239,27251,27266,27289,27290,27295,27300,27311,27318,27325,27345,27364,27371,27380,27395,27398,27404,27414,27418,27425,27432,27433,27441,27442,27444,27460,27463,27466,27492,27498,27505,27514,27516,27527,27530,27536,27552,27556,27557,27569,27584,27590,27592,27608,27609,27622,27630,27660,27667,27680}",CC,2026-03-24 14:41:49.581307+01,gold_establishments_2025,,,,20006641300242,2025,Collectivité Territoriale,Intercommunalité,['Eure'],['Normandie'],CC,{27},{28}
8eaba3c5-ea9a-4e60-ab08-8764ace5e9c2,200068799,CC Intercom de la Vire au Noireau (14),false,"{14054,14061,14127,14174,14352,14357,14424,14496,14511,14512,14559,14572,14619,14658,14726,14756,14762}",CC,2026-03-24 14:41:49.581307+01,gold_establishments_2025,,,,20006879900200,2025,Collectivité Territoriale,Intercommunalité,['Calvados'],['Normandie'],CC,{14},{28}
a79a3397-4ff9-49d2-a1f6-00a3a757b4b5,200066801,CC Isigny-Omaha Intercom (14),false,"{14023,14035,14050,14063,14078,14103,14107,14121,14124,14132,14136,14138,14140,14165,14168,14182,14204,14209,14224,14239,14256,14272,14281,14282,14298,14312,14342,14367,14369,14370,14378,14391,14397,14439,14445,14453,14468,14480,14506,14547,14586,14590,14591,14605,14613,14614,14622,14643,14652,14664,14667,14668,14681,14700,14705,14711,14714,14716,14745}",CC,2026-03-24 14:41:49.581307+01,gold_establishments_2025,,,,20006680100016,2025,Collectivité Territoriale,Intercommunalité,['Calvados'],['Normandie'],CC,{14},{28}
6750564a-9388-4c6b-90bf-e104dc538eda,200040384,CC Isle Double Landais (24),false,"{24159,24165,24264,24294,24297,24329,24380,24449,24500}",CC,2026-03-24 14:41:49.581307+01,gold_establishments_2025,,,,20004038400121,2025,Collectivité Territoriale,Intercommunalité,['Dordogne'],['Nouvelle-Aquitaine'],CC,{24},{75}
1ae1fea9-bb1a-42fe-95e5-c863021b27c0,200040095,CC Isle Vern Salembre en Périgord (24),false,"{24032,24104,24157,24205,24213,24236,24295,24309,24371,24372,24418,24424,24442,24502,24543,24562}",CC,2026-03-24 14:41:49.581307+01,gold_establishments_2025,,,,20004009500016,2025,Collectivité Territoriale,Intercommunalité,['Dordogne'],['Nouvelle-Aquitaine'],CC,{24},{75}
70f7416c-4960-4b79-ac34-1f5fc18d551b,200069094,CC Isle et Crempse en Périgord (24),false,"{24029,24031,24034,24059,24077,24123,24155,24161,24211,24234,24259,24285,24299,24399,24409,24414,24422,24426,24436,24444,24456,24457,24462,24465,24581}",CC,2026-03-24 14:41:49.581307+01,gold_establishments_2025,,,,20006909400072,2025,Collectivité Territoriale,Intercommunalité,['Dordogne'],['Nouvelle-Aquitaine'],CC,{24},{75}
cec65b12-96c0-46e1-b016-0e9aa73c5c84,242401024,CC Isle-Loue-Auvézère en Périgord (24),false,"{24008,24009,24066,24120,24124,24137,24147,24158,24164,24196,24227,24262,24320,24339,24397,24417,24429,24448,24463,24464,24476,24493,24505,24513,24515,24519,24522,24526}",CC,2026-03-24 14:41:49.581307+01,gold_establishments_2025,,,,24240102400060,2025,Collectivité Territoriale,Intercommunalité,['Dordogne'],['Nouvelle-Aquitaine'],CC,{24},{75}
b72bbf53-f57a-4548-9845-8ab3efafc463,200071033,CC Jabron-Lure-Vançon-Durance (04),false,"{04013,04027,04051,04053,04067,04127,04139,04140,04145,04199,04200,04211,04229,26200}",CC,2026-03-24 14:41:49.581307+01,gold_establishments_2025,,,,20007103300019,2025,Collectivité Territoriale,Intercommunalité,"['Alpes-de-Haute-Provence', 'Drôme']",['Auvergne-Rhône-Alpes'],CC,"{04,26}",{84}
f68d0cd2-c30e-4f2f-8faf-c66d5171569b,243301165,CC Jalle-Eau-Bourde (33),false,"{33090,33122,33422}",CC,2026-03-24 14:41:51.447482+01,gold_establishments_2025,,,,24330116500011,2025,Collectivité Territoriale,Intercommunalité,['Gironde'],['Nouvelle-Aquitaine'],CC,{33},{75}
81e2b335-1584-457c-a742-a9ff41d21c07,243900560,CC Jura Nord (39),false,"{39039,39074,39076,39172,39188,39190,39218,39219,39235,39246,39302,39352,39360,39361,39377,39392,39396,39398,39400,39402,39430,39451,39452,39464,39469,39498,39499,39513,39514,39527,39528,39581}",CC,2026-03-24 14:41:51.447482+01,gold_establishments_2025,,,,24390056000034,2025,Collectivité Territoriale,Intercommunalité,['Jura'],['Bourgogne-Franche-Comté'],CC,{39},{27}
3aaf5295-0eae-48c4-b632-8bbe5b18fc46,200040475,CC LBN Communauté (72),false,"{72004,72017,72019,72045,72050,72059,72070,72074,72083,72096,72107,72126,72136,72149,72166,72168,72177,72184,72223,72237,72239,72274,72278,72307,72312,72347,72348,72367,72379}",CC,2026-03-24 14:41:49.581307+01,gold_establishments_2025,,,,20004047500119,2025,Collectivité Territoriale,Intercommunalité,['Sarthe'],['Pays de la Loire'],CC,{72},{52}
841a511a-858b-4548-8406-45a56ee553b1,243400488,CC La Domitienne (34),false,"{34069,34081,34135,34148,34155,34161,34183,34329}",CC,2026-03-24 14:41:51.447482+01,gold_establishments_2025,,,,24340048800025,2025,Collectivité Territoriale,Intercommunalité,['Hérault'],['Occitanie'],CC,{34},{76}
b82bdae6-95ba-47cf-bf7e-36c607fced6a,243900610,CC La Grandvallière (39),false,"{39126,39130,39131,39232,39258,39271,39487,39494}",CC,2026-03-24 14:41:51.447482+01,gold_establishments_2025,,,,24390061000052,2025,Collectivité Territoriale,Intercommunalité,['Jura'],['Bourgogne-Franche-Comté'],CC,{39},{27}
457e45c0-e53e-41c1-a17a-c7ec5c46b675,200068914,CC La Rochefoucauld porte du Périgord (16),false,"{16003,16067,16084,16093,16107,16124,16135,16137,16158,16203,16209,16211,16223,16250,16269,16280,16281,16282,16290,16293,16323,16353,16372,16379,16406,16421,16425}",CC,2026-03-24 14:41:49.581307+01,gold_establishments_2025,,,,20006891400015,2025,Collectivité Territoriale,Intercommunalité,['Charente'],['Nouvelle-Aquitaine'],CC,{16},{75}
175b80a3-104b-459a-ad16-324597e10428,241800374,CC La Septaine (18),false,"{18018,18023,18061,18081,18090,18092,18105,18119,18166,18174,18247,18254,18282,18286,18289}",CC,2026-03-24 14:41:49.581307+01,gold_establishments_2025,,,,24180037400050,2025,Collectivité Territoriale,Intercommunalité,['Cher'],['Centre-Val de Loire'],CC,{18},{24}
302188b2-d053-4bae-8b5b-8e98d3cd186c,200040210,CC Lacs et Gorges du Verdon (83),false,"{83002,83005,83007,83014,83015,83020,83022,83040,83074,83078,83102,83122,83139,83142,83147,83149}",CC,2026-03-24 14:41:49.581307+01,gold_establishments_2025,,,,20004021000060,2025,Collectivité Territoriale,Intercommunalité,['Var'],"[""Provence-Alpes-Côte d'Azur""]",CC,{83},{93}
8c21b1c5-a2e0-4fb8-9127-f16369a8b613,241200906,CC Larzac et Vallées (12),false,"{12022,12063,12067,12077,12082,12115,12122,12139,12155,12168,12212,12220,12231,12232,12260,12295}",CC,2026-03-24 14:41:49.581307+01,gold_establishments_2025,,,,24120090600030,2025,Collectivité Territoriale,Intercommunalité,['Aveyron'],['Occitanie'],CC,{12},{76}
bcb1e0a6-10a7-4191-b368-714da4f75ec4,243301181,CC Latitude Nord Gironde (33),false,"{33114,33123,33126,33142,33151,33233,33266,33272,33439,33473,33489,33492}",CC,2026-03-24 14:41:51.447482+01,gold_establishments_2025,,,,24330118100018,2025,Collectivité Territoriale,Intercommunalité,['Gironde'],['Nouvelle-Aquitaine'],CC,{33},{75}
c55e0e75-b58c-461b-886f-ab2d21dd13ce,200070282,CC Lavalette Tude Dronne (16),false,"{16020,16029,16034,16037,16041,16047,16049,16052,16063,16072,16073,16082,16091,16103,16111,16112,16117,16118,16125,16130,16143,16162,16170,16180,16198,16215,16222,16227,16230,16240,16246,16252,16254,16260,16267,16279,16283,16284,16285,16302,16331,16334,16346,16347,16350,16362,16394,16408,16424}",CC,2026-03-24 14:41:49.581307+01,gold_establishments_2025,,,,20007028200013,2025,Collectivité Territoriale,Intercommunalité,['Charente'],['Nouvelle-Aquitaine'],CC,{16},{75}
c5a94d91-2681-4185-99ac-028cf216da2b,249100595,CC Le Dourdannais en Hurepoix (CCDH) (91),false,"{91106,91175,91200,91247,91284,91519,91525,91540,91546,91593,91630}",CC,2026-03-24 14:41:51.447482+01,gold_establishments_2025,,,,24910059500027,2025,Collectivité Territoriale,Intercommunalité,['Essonne'],['Île-de-France'],CC,{91},{11}
169b1b7b-9bf0-4682-b415-cc2df6c8dbe4,200072684,CC Le Gesnois Bilurien (72),false,"{72007,72042,72046,72090,72094,72165,72178,72224,72241,72271,72275,72300,72303,72329,72335,72341,72345,72358,72359,72361,72382}",CC,2026-03-24 14:41:49.581307+01,gold_establishments_2025,,,,20007268400018,2025,Collectivité Territoriale,Intercommunalité,['Sarthe'],['Pays de la Loire'],CC,{72},{52}
93ac4978-d873-4f02-85d6-043ae4c5cea6,200071884,CC Le Grand Charolais (03),false,"{03063,03086,03173,71017,71021,71025,71082,71086,71106,71176,71203,71224,71229,71232,71233,71268,71276,71279,71285,71323,71325,71331,71334,71339,71340,71342,71354,71361,71382,71388,71394,71395,71433,71439,71490,71491,71529,71557,71562,71564,71573,71586,71588,71590}",CC,2026-03-24 14:41:49.581307+01,gold_establishments_2025,,,,20007188400106,2025,Collectivité Territoriale,Intercommunalité,"['Allier', 'Saône-et-Loire']",['Bourgogne-Franche-Comté'],CC,"{03,71}",{27}
35a2bc65-1f70-40eb-adca-6ede3d380f24,243100781,CC Le Grand Ouest Toulousain (31),false,"{31188,31277,31291,31297,31339,31424,31496,31526}",CC,2026-03-24 14:41:51.447482+01,gold_establishments_2025,,,,24310078100042,2025,Collectivité Territoriale,Intercommunalité,['Haute-Garonne'],['Occitanie'],CC,{31},{76}
5ff5850d-7f53-44f5-ae85-730a317d7ce4,200018166,CC Le Grésivaudan (38),false,"{38002,38006,38027,38039,38045,38062,38070,38075,38078,38100,38120,38140,38163,38166,38175,38181,38192,38206,38214,38249,38268,38303,38314,38334,38350,38395,38397,38404,38417,38418,38422,38426,38430,38431,38439,38466,38501,38503,38504,38511,38538,38547,38567}",CC,2026-03-24 14:41:49.581307+01,gold_establishments_2025,,,,20001816600245,2025,Collectivité Territoriale,Intercommunalité,['Isère'],['Auvergne-Rhône-Alpes'],CC,{38},{84}
c8d42847-95d7-4814-95c8-e2e4e0cad7d2,200039642,CC Le Tonnerrois en Bourgogne (89),false,"{89004,89005,89006,89016,89017,89019,89028,89038,89087,89098,89112,89131,89132,89137,89149,89153,89169,89184,89187,89191,89210,89211,89223,89247,89262,89280,89284,89296,89299,89320,89321,89323,89329,89355,89374,89385,89386,89393,89403,89407,89413,89417,89418,89422,89423,89445,89447,89470,89475,89481,89482,89486}",CC,2026-03-24 14:41:49.581307+01,gold_establishments_2025,,,,20003964200018,2025,Collectivité Territoriale,Intercommunalité,['Yonne'],['Bourgogne-Franche-Comté'],CC,{89},{27}
8944998d-be0e-4573-9deb-fe64c78de90f,200069086,CC Leff Armor Communauté (22),false,"{22011,22019,22045,22057,22063,22065,22112,22116,22121,22150,22177,22182,22188,22206,22222,22234,22236,22248,22289,22293,22304,22322,22356,22361,22370,22375,22378}",CC,2026-03-24 14:41:49.581307+01,gold_establishments_2025,,,,20006908600011,2025,Collectivité Territoriale,Intercommunalité,"[""Côtes-d'Armor""]",['Bretagne'],CC,{22},{53}
a5d305dd-14fa-43ff-b0cf-12f8837fdf33,200071058,CC Les Avant-Monts (34),false,"{34001,34018,34044,34061,34062,34096,34104,34105,34109,34130,34147,34149,34168,34178,34181,34191,34214,34223,34224,34234,34237,34258,34279,34310,34319}",CC,2026-03-24 14:41:49.581307+01,gold_establishments_2025,,,,20007105800016,2025,Collectivité Territoriale,Intercommunalité,['Hérault'],['Occitanie'],CC,{34},{76}
25227ff9-66af-467b-960e-36a95c0525df,200068542,CC Les Balcons du Dauphiné (38),false,"{38010,38022,38026,38050,38054,38055,38067,38083,38109,38124,38135,38138,38139,38146,38176,38190,38210,38247,38250,38260,38261,38282,38294,38295,38297,38320,38365,38374,38392,38415,38451,38458,38465,38467,38483,38488,38494,38507,38515,38525,38532,38535,38539,38542,38543,38546,38554}",CC,2026-03-24 14:41:49.581307+01,gold_establishments_2025,,,,20006854200105,2025,Collectivité Territoriale,Intercommunalité,['Isère'],['Auvergne-Rhône-Alpes'],CC,{38},{84}
5dc6c3d7-194c-4e25-9116-3f91b3b7f129,200068088,CC Les Bertranges (18),false,"{18049,58009,58013,58014,58027,58045,58053,58056,58059,58061,58067,58101,58127,58131,58147,58155,58174,58184,58186,58188,58189,58203,58212,58218,58220,58231,58234,58254,58279,58298,58300,58302}",CC,2026-03-24 14:41:49.581307+01,gold_establishments_2025,,,,20006808800018,2025,Collectivité Territoriale,Intercommunalité,"['Cher', 'Nièvre']",['Centre-Val de Loire'],CC,"{18,58}",{24}
1ac9e240-d62e-44e5-a4b5-e5dc81650daa,243301355,CC Les Coteaux Bordelais (33),false,"{33061,33083,33099,33141,33165,33330,33496,33535}",CC,2026-03-24 14:41:51.447482+01,gold_establishments_2025,,,,24330135500034,2025,Collectivité Territoriale,Intercommunalité,['Gironde'],['Nouvelle-Aquitaine'],CC,{33},{75}
867fade5-15e7-4f71-a675-20e9bb8367eb,200023125,CC Les Portes Briardes entre Villes et Forêts (77),false,"{77180,77215,77249,77350,77470}",CC,2026-03-24 14:41:49.581307+01,gold_establishments_2025,,,,20002312500012,2025,Collectivité Territoriale,Intercommunalité,['Seine-et-Marne'],['Île-de-France'],CC,{77},{11}
b9c206e3-428d-463b-ac6d-da0e3d4f6897,200071074,CC Les Portes de l'Ile de France (78),false,"{78057,78068,78082,78089,78107,78147,78188,78255,78276,78320,78337,78344,78385,78410,78444,78558,78559,78668}",CC,2026-03-24 14:41:49.581307+01,gold_establishments_2025,,,,20007107400013,2025,Collectivité Territoriale,Intercommunalité,['Yvelines'],['Île-de-France'],CC,{78},{11}
f48b5675-89e5-419e-b39e-30a354b5c177,243301249,CC Les Rives de la Laurence (33),false,"{33049,33293,33397,33433,33483,33554}",CC,2026-03-24 14:41:51.447482+01,gold_establishments_2025,,,,24330124900054,2025,Collectivité Territoriale,Intercommunalité,['Gironde'],['Nouvelle-Aquitaine'],CC,{33},{75}
ef96d03d-3a40-401b-808e-e2ba08202b67,241800432,CC Les Trois Provinces (18),false,"{18017,18060,18102,18106,18155,18161,18164,18195,18196,18242,18275}",CC,2026-03-24 14:41:49.581307+01,gold_establishments_2025,,,,24180043200072,2025,Collectivité Territoriale,Intercommunalité,['Cher'],['Centre-Val de Loire'],CC,{18},{24}
cbc6c4ab-452e-4f5e-955d-c23874639014,200068567,CC Les Vals du Dauphiné (38),false,"{38001,38012,38029,38038,38044,38047,38064,38076,38089,38098,38104,38147,38148,38162,38183,38246,38257,38296,38315,38323,38341,38343,38354,38357,38369,38377,38381,38398,38401,38420,38434,38464,38508,38509,38520,38560}",CC,2026-03-24 14:41:49.581307+01,gold_establishments_2025,,,,20006856700011,2025,Collectivité Territoriale,Intercommunalité,['Isère'],['Auvergne-Rhône-Alpes'],CC,{38},{84}
07727626-f65c-4024-bd86-e9f232c686cf,247300817,CC Les Versants d'Aime (73),false,"{73006,73142,73150,73197}",CC,2026-03-24 14:41:51.447482+01,gold_establishments_2025,,,,24730081700019,2025,Collectivité Territoriale,Intercommunalité,['Savoie'],['Auvergne-Rhône-Alpes'],CC,{73},{84}
d15c6494-83e7-48c6-9cd4-217fe97fde5d,243600293,CC Levroux Boischaut Champagne (36),false,"{36013,36023,36024,36026,36079,36093,36135,36175,36242,36247}",CC,2026-03-24 14:41:51.447482+01,gold_establishments_2025,,,,24360029300019,2025,Collectivité Territoriale,Intercommunalité,['Indre'],['Centre-Val de Loire'],CC,{36},{24}
bcbf3bf3-fe5d-46b9-a836-c776337b047a,200066017,CC Lieuvin Pays d'Auge (27),false,"{27021,27035,27042,27046,27071,27079,27106,27146,27149,27170,27207,27208,27218,27222,27237,27248,27252,27258,27269,27286,27334,27361,27367,27381,27393,27415,27434,27435,27455,27459,27462,27475,27512,27520,27522,27538,27541,27542,27547,27550,27564,27571,27591,27594,27603,27605,27613,27627,27629,27646,27671}",CC,2026-03-24 14:41:49.581307+01,gold_establishments_2025,,,,20006601700019,2025,Collectivité Territoriale,Intercommunalité,['Eure'],['Normandie'],CC,{27},{28}
712ff30e-cd9c-4da6-9291-e3130ff5b8c4,243500774,CC Liffré-Cormier Communauté (35),false,"{35031,35067,35101,35107,35121,35152,35154,35178,35253}",CC,2026-03-24 14:41:51.447482+01,gold_establishments_2025,,,,24350077400233,2025,Collectivité Territoriale,Intercommunalité,['Ille-et-Vilaine'],['Bretagne'],CC,{35},{53}
91ddc3b5-039c-4e1e-b7dc-7c25ea689851,200071587,CC Loches Sud Touraine (37),false,"{37001,37016,37019,37020,37023,37026,37028,37029,37032,37033,37039,37044,37045,37048,37049,37053,37057,37061,37064,37066,37069,37078,37080,37083,37094,37097,37098,37103,37107,37108,37111,37113,37114,37115,37127,37130,37132,37133,37134,37136,37143,37145,37157,37162,37168,37173,37177,37181,37183,37184,37189,37192,37218,37221,37222,37234,37238,37246,37247,37254,37259,37265,37269,37275,37277,37280,37282}",CC,2026-03-24 14:41:49.581307+01,gold_establishments_2025,,,,20007158700014,2025,Collectivité Territoriale,Intercommunalité,['Indre-et-Loire'],['Centre-Val de Loire'],CC,{37},{24}
8f87051a-cc29-43f9-bfee-8691da1ee545,200017341,CC Lodévois et Larzac (34),false,"{34036,34064,34072,34091,34106,34132,34133,34142,34188,34196,34205,34212,34220,34230,34231,34233,34251,34253,34268,34277,34278,34283,34286,34303,34304,34306,34316,34317}",CC,2026-03-24 14:41:49.581307+01,gold_establishments_2025,,,,20001734100120,2025,Collectivité Territoriale,Intercommunalité,['Hérault'],['Occitanie'],CC,{34},{76}
08370cab-9924-4aab-b0ab-13665cf2cc1e,200070373,CC Loir-Lucé-Bercé (72),false,"{72027,72028,72052,72068,72071,72103,72115,72134,72143,72153,72160,72161,72173,72183,72210,72221,72248,72262,72279,72311,72314,72325,72356,72376}",CC,2026-03-24 14:41:49.581307+01,gold_establishments_2025,,,,20007037300010,2025,Collectivité Territoriale,Intercommunalité,['Sarthe'],['Pays de la Loire'],CC,{72},{52}
fc748699-779c-4f10-84f4-a43579be2872,200071553,CC Loire Layon Aubance (49),false,"{49012,49022,49029,49050,49063,49068,49082,49086,49120,49167,49222,49247,49259,49283,49284,49288,49292,49308,49345}",CC,2026-03-24 14:41:49.581307+01,gold_establishments_2025,,,,20007155300016,2025,Collectivité Territoriale,Intercommunalité,['Maine-et-Loire'],['Pays de la Loire'],CC,{49},{52}
c7780a64-a81a-4d12-982a-64864257257e,245801063,CC Loire et Allier (58),false,"{58072,58152,58158,58260,58273}",CC,2026-03-24 14:41:51.447482+01,gold_establishments_2025,,,,24580106300083,2025,Collectivité Territoriale,Intercommunalité,['Nièvre'],['Bourgogne-Franche-Comté'],CC,{58},{27}
f41dfa6b-16be-46f2-963d-1a929bc2d50f,244301131,CC Loire et Semène (43),false,"{43012,43153,43177,43184,43205,43227,43236}",CC,2026-03-24 14:41:51.447482+01,gold_establishments_2025,,,,24430113100086,2025,Collectivité Territoriale,Intercommunalité,['Haute-Loire'],['Auvergne-Rhône-Alpes'],CC,{43},{84}
093f4697-c005-4ac8-8b9f-e8cf75decf37,244701405,CC Lot et Tolzac (47),false,"{47042,47054,47071,47118,47122,47135,47173,47182,47206,47265,47306,47309,47313,47317,47319}",CC,2026-03-24 14:41:51.447482+01,gold_establishments_2025,,,,24470140500015,2025,Collectivité Territoriale,Intercommunalité,['Lot-et-Garonne'],['Nouvelle-Aquitaine'],CC,{47},{75}
70e8ff11-2568-478e-9317-781d52a914a9,200067460,CC Loudéac Communauté - Bretagne Centre (22),false,"{22001,22033,22039,22046,22047,22060,22062,22068,22074,22075,22083,22122,22133,22136,22147,22148,22149,22155,22158,22183,22219,22241,22244,22255,22260,22275,22279,22288,22295,22300,22313,22314,22316,22330,22333,22371,22376,22384}",CC,2026-03-24 14:41:49.581307+01,gold_establishments_2025,,,,20006746000010,2025,Collectivité Territoriale,Intercommunalité,"[""Côtes-d'Armor""]",['Bretagne'],CC,{22},{53}
5017b5e6-f394-4aad-bc96-475f51fff8a5,200068070,CC Loue-Lison (25),false,"{25001,25002,25015,25016,25017,25021,25044,25070,25090,25098,25104,25106,25109,25120,25126,25129,25130,25143,25149,25154,25155,25171,25180,25185,25199,25208,25209,25211,25220,25223,25236,25241,25253,25283,25305,25330,25331,25336,25338,25339,25340,25346,25359,25360,25375,25379,25400,25404,25406,25415,25416,25420,25434,25443,25445,25450,25460,25475,25488,25489,25500,25507,25511,25513,25528,25535,25537,25545,25558,25569,25633}",CC,2026-03-24 14:41:49.581307+01,gold_establishments_2025,,,,20006807000016,2025,Collectivité Territoriale,Intercommunalité,['Doubs'],['Bourgogne-Franche-Comté'],CC,{25},{27}
d8736176-7ff7-4622-855d-7c6f48d9f9cc,243800935,CC Lyon Saint Exupéry en Dauphiné (38),false,"{38011,38085,38097,38197,38316,38557}",CC,2026-03-24 14:41:51.447482+01,gold_establishments_2025,,,,24380093500021,2025,Collectivité Territoriale,Intercommunalité,['Isère'],['Auvergne-Rhône-Alpes'],CC,{38},{84}
90e3fc57-6233-46c7-895e-7fcc5e36e6b2,200070142,CC Lyons Andelle (27),false,"{27012,27034,27048,27094,27104,27151,27205,27245,27246,27247,27294,27338,27346,27366,27369,27370,27373,27377,27396,27453,27454,27470,27487,27488,27493,27496,27649,27664,27670,27672}",CC,2026-03-24 14:41:49.581307+01,gold_establishments_2025,,,,20007014200019,2025,Collectivité Territoriale,Intercommunalité,['Eure'],['Normandie'],CC,{27},{28}
c40ed16d-a3f5-4846-af71-22c1ccb7c2b5,200070738,CC Mad et Moselle (54),false,"{54022,54055,54057,54063,54087,54112,54119,54153,54166,54182,54187,54193,54200,54244,54248,54249,54275,54316,54317,54340,54343,54353,54410,54416,54435,54441,54453,54470,54477,54499,54511,54518,54535,54544,54564,54566,54570,54593,54594,54599,57021,57030,57153,57254,57350,57515,57578}",CC,2026-03-24 14:41:49.581307+01,gold_establishments_2025,,,,20007073800014,2025,Collectivité Territoriale,Intercommunalité,"['Meurthe-et-Moselle', 'Moselle']",['Grand Est'],CC,"{54,57}",{44}
687846a3-ca27-4e7f-a016-c3f3023c98c9,200068963,CC Maine Cœur de Sarthe (72),false,"{72023,72024,72099,72147,72150,72205,72217,72289,72290,72310,72338,72340,72349}",CC,2026-03-24 14:41:49.581307+01,gold_establishments_2025,,,,20006896300129,2025,Collectivité Territoriale,Intercommunalité,['Sarthe'],['Pays de la Loire'],CC,{72},{52}
790d210d-6f00-40b9-ad25-fbafba5ae12d,200072676,CC Maine Saosnois (61),false,"{61319,61476,72002,72015,72018,72026,72037,72039,72048,72086,72088,72091,72101,72102,72104,72112,72148,72170,72171,72174,72180,72188,72189,72192,72194,72196,72201,72202,72214,72215,72220,72222,72227,72233,72238,72251,72259,72265,72270,72276,72281,72295,72313,72316,72317,72324,72326,72352,72354,72372,72374}",CC,2026-03-24 14:41:49.581307+01,gold_establishments_2025,,,,20007267600014,2025,Collectivité Territoriale,Intercommunalité,"['Orne', 'Sarthe']",['Normandie'],CC,"{61,72}",{28}
a48fbc4e-6fbf-4a2e-a651-182a7ac5d62d,200035137,CC Marche Occitane - Val d'Anglin (36),false,"{36015,36016,36020,36035,36036,36047,36067,36094,36114,36134,36150,36168,36174,36182,36196,36197,36223}",CC,2026-03-24 14:41:49.581307+01,gold_establishments_2025,,,,20003513700047,2025,Collectivité Territoriale,Intercommunalité,['Indre'],['Centre-Val de Loire'],CC,{36},{24}
b8036ab1-b383-4399-b178-78434f3e199d,200067593,CC Marche et Combraille en Aquitaine (23),false,"{23005,23013,23017,23020,23028,23034,23037,23048,23053,23054,23055,23058,23059,23061,23066,23069,23073,23081,23083,23097,23105,23110,23113,23116,23123,23127,23129,23131,23151,23156,23159,23160,23164,23167,23171,23172,23178,23184,23185,23187,23190,23198,23218,23220,23225,23226,23229,23234,23241,23265}",CC,2026-03-24 14:41:49.581307+01,gold_establishments_2025,,,,20006759300018,2025,Collectivité Territoriale,Intercommunalité,['Creuse'],['Nouvelle-Aquitaine'],CC,{23},{75}
64d6dfd0-8eed-4cd0-95ee-2c219c34e917,200073427,CC Marches du Velay-Rochebaron (43),false,"{43020,43025,43034,43058,43127,43137,43166,43212,43213,43224,43240,43246,43249,43265}",CC,2026-03-24 14:41:49.581307+01,gold_establishments_2025,,,,20007342700011,2025,Collectivité Territoriale,Intercommunalité,['Haute-Loire'],['Auvergne-Rhône-Alpes'],CC,{43},{84}
6c605fb5-4819-4d6e-9c83-10e796bad22a,244000865,CC Maremne Adour Côte Sud (40),false,"{40004,40021,40036,40065,40129,40133,40168,40181,40187,40213,40261,40264,40271,40272,40284,40291,40292,40293,40296,40304,40310,40317,40328}",CC,2026-03-24 14:41:51.447482+01,gold_establishments_2025,,,,24400086500091,2025,Collectivité Territoriale,Intercommunalité,['Landes'],['Nouvelle-Aquitaine'],CC,{40},{75}
a25398dc-712b-457e-aa26-55a1f319e022,247300452,CC Maurienne Galibier (73),false,"{73194,73256,73258,73261,73306,73307}",CC,2026-03-24 14:41:51.447482+01,gold_establishments_2025,,,,24730045200122,2025,Collectivité Territoriale,Intercommunalité,['Savoie'],['Auvergne-Rhône-Alpes'],CC,{73},{84}
5b51fbba-2b29-4d49-b8d4-36fa23aca6a0,200055887,CC Mayenne Communauté (53),false,"{53002,53008,53021,53028,53051,53057,53061,53072,53074,53109,53111,53114,53116,53118,53122,53127,53144,53146,53147,53160,53162,53174,53179,53189,53190,53195,53200,53216,53219,53222,53230,53235,53263}",CC,2026-03-24 14:41:49.581307+01,gold_establishments_2025,,,,20005588700018,2025,Collectivité Territoriale,Intercommunalité,['Mayenne'],['Pays de la Loire'],CC,{53},{52}
942b101c-eac1-41f3-a0fa-4ff513aa3ee9,200069755,CC Mellois en Poitou (79),false,"{79015,79018,79030,79055,79057,79061,79064,79074,79083,79084,79085,79087,79090,79095,79106,79111,79115,79122,79126,79129,79136,79140,79142,79148,79150,79152,79153,79154,79158,79160,79163,79164,79174,79175,79177,79184,79185,79198,79204,79217,79230,79243,79251,79295,79297,79301,79307,79310,79312,79313,79336,79338,79343,79346,79348,79349,79350,79352}",CC,2026-03-24 14:41:49.581307+01,gold_establishments_2025,,,,20006975500011,2025,Collectivité Territoriale,Intercommunalité,['Deux-Sèvres'],['Nouvelle-Aquitaine'],CC,{79},{75}
d4db5e4e-3a06-47c0-a7d7-eff5555d5fb1,200067643,CC Meurthe Mortagne Moselle (54),false,"{54045,54054,54076,54085,54098,54121,54130,54144,54152,54170,54175,54183,54216,54222,54228,54245,54256,54293,54324,54325,54356,54359,54383,54386,54455,54461,54467,54471,54475,54479,54487,54501,54559,54561,54565,54567,54585}",CC,2026-03-24 14:41:49.581307+01,gold_establishments_2025,,,,20006764300086,2025,Collectivité Territoriale,Intercommunalité,['Meurthe-et-Moselle'],['Grand Est'],CC,{54},{44}
160059b1-0d85-42be-8f5b-878f75812520,200069664,CC Meuse Rognon (52),false,"{52003,52008,52025,52038,52044,52061,52063,52064,52067,52074,52095,52101,52107,52122,52128,52133,52142,52167,52173,52174,52177,52183,52217,52227,52234,52237,52243,52245,52247,52256,52286,52287,52291,52301,52304,52306,52313,52319,52320,52325,52335,52369,52372,52373,52407,52420,52423,52433,52444,52455,52468,52473,52476,52482,52489,52505,52517,52523,52549}",CC,2026-03-24 14:41:49.581307+01,gold_establishments_2025,,,,20006966400015,2025,Collectivité Territoriale,Intercommunalité,['Haute-Marne'],['Grand Est'],CC,{52},{44}
e61c52d4-7b02-4d6e-b19c-a4b2357bfd30,200066769,CC Midi Corrézien (19),false,"{19003,19007,19012,19013,19019,19023,19026,19029,19044,19050,19054,19057,19067,19099,19105,19115,19116,19119,19126,19132,19138,19150,19152,19156,19163,19169,19170,19179,19184,19217,19257,19260,19271,19280}",CC,2026-03-24 14:41:49.581307+01,gold_establishments_2025,,,,20006676900015,2025,Collectivité Territoriale,Intercommunalité,['Corrèze'],['Nouvelle-Aquitaine'],CC,{19},{75}
25830501-bbda-4b54-ab79-db15a12d1895,200072825,CC Mirebellois et Fontenois (21),false,"{21016,21053,21056,21060,21071,21072,21079,21094,21135,21146,21158,21167,21215,21225,21277,21281,21323,21348,21369,21416,21433,21459,21467,21468,21503,21522,21562,21574,21595,21619,21644,21682}",CC,2026-03-24 14:41:49.581307+01,gold_establishments_2025,,,,20007282500017,2025,Collectivité Territoriale,Intercommunalité,"[""Côte-d'Or""]",['Bourgogne-Franche-Comté'],CC,{21},{27}
8afc3c2e-9354-4c2c-90c3-2b7c5fc4cbd0,200069177,CC Mond'Arverne Communauté (63),false,"{63021,63026,63059,63084,63120,63123,63126,63188,63205,63214,63227,63259,63262,63280,63302,63306,63315,63350,63378,63395,63396,63405,63413,63425,63455,63457,63472}",CC,2026-03-24 14:41:49.581307+01,gold_establishments_2025,,,,20006917700018,2025,Collectivité Territoriale,Intercommunalité,['Puy-de-Dôme'],['Auvergne-Rhône-Alpes'],CC,{63},{84}
bc1273ca-d3ec-4b30-8855-583e14743b5e,200069128,CC Mont Lozère (30),false,"{30153,30201,48003,48004,48015,48021,48027,48030,48037,48053,48054,48081,48082,48100,48117,48119,48135,48147,48151,48157,48198}",CC,2026-03-24 14:41:49.581307+01,gold_establishments_2025,,,,20006912800011,2025,Collectivité Territoriale,Intercommunalité,"['Gard', 'Lozère']",['Occitanie'],CC,"{30,48}",{76}
88fec497-cf23-49ee-b294-38219748133f,243500550,CC Montfort Communauté (35),false,"{35023,35040,35133,35188,35203,35227,35277,35331}",CC,2026-03-24 14:41:51.447482+01,gold_establishments_2025,,,,24350055000153,2025,Collectivité Territoriale,Intercommunalité,['Ille-et-Vilaine'],['Bretagne'],CC,{35},{53}
33405572-a61b-4c9a-9ca6-df2da8b8c694,200067197,CC Monts d'Arrée Communauté (29),false,"{29007,29012,29013,29016,29018,29054,29081,29139,29141,29211,29261,29275}",CC,2026-03-24 14:41:49.581307+01,gold_establishments_2025,,,,20006719700018,2025,Collectivité Territoriale,Intercommunalité,['Finistère'],['Bretagne'],CC,{29},{53}
ebd036dc-dee1-42e3-be66-a7cb4a65ac6b,200067163,"CC Monts, Rance et Rougier (12)",false,"{12009,12019,12025,12039,12044,12069,12099,12109,12125,12143,12147,12152,12154,12163,12179,12186,12192,12195,12248,12249,12269,12274,12275}",CC,2026-03-24 14:41:49.581307+01,gold_establishments_2025,,,,20006716300010,2025,Collectivité Territoriale,Intercommunalité,['Aveyron'],['Occitanie'],CC,{12},{76}
9014e060-787b-44d1-a6c0-4558a4b50f5d,247700032,CC Moret Seine et Loing (77),false,"{77079,77161,77184,77202,77312,77316,77329,77340,77353,77387,77419,77463,77473,77494,77501,77504,77506,77516}",CC,2026-03-24 14:41:51.447482+01,gold_establishments_2025,,,,24770003200060,2025,Collectivité Territoriale,Intercommunalité,['Seine-et-Marne'],['Île-de-France'],CC,{77},{11}
508334ca-3e92-4022-b329-ae62407864a3,200067890,CC Morvan Sommets et Grands Lacs (58),false,"{58003,58010,58023,58034,58037,58049,58062,58063,58066,58068,58082,58099,58106,58108,58111,58125,58128,58129,58141,58145,58157,58177,58180,58185,58199,58205,58210,58226,58229,58235,58244,58249,58255,58262}",CC,2026-03-24 14:41:49.581307+01,gold_establishments_2025,,,,20006789000018,2025,Collectivité Territoriale,Intercommunalité,['Nièvre'],['Bourgogne-Franche-Comté'],CC,{58},{27}
f3170c2b-f205-42d6-ae7f-a2f580ff0b60,245400171,CC Moselle et Madon (54),false,"{54043,54111,54123,54196,54214,54336,54352,54354,54364,54366,54397,54429,54432,54437,54459,54505,54515,54586,54596}",CC,2026-03-24 14:41:51.447482+01,gold_establishments_2025,,,,24540017100105,2025,Collectivité Territoriale,Intercommunalité,['Meurthe-et-Moselle'],['Grand Est'],CC,{54},{44}
74f8ca52-02a6-4644-9197-4af0a2cb5cc1,200069698,CC Mâconnais - Tournugeois (71),false,"{71035,71066,71094,71100,71135,71156,71195,71226,71248,71267,71284,71305,71338,71353,71359,71377,71383,71416,71543,71549,71550,71576,71584,71591}",CC,2026-03-24 14:41:49.581307+01,gold_establishments_2025,,,,20006969800013,2025,Collectivité Territoriale,Intercommunalité,['Saône-et-Loire'],['Bourgogne-Franche-Comté'],CC,{71},{27}
8af4354c-144a-45e7-8bda-00c5f5fc444e,200027100,CC Méditerranée Porte des Maures (83),false,"{83019,83043,83049,83070,83071,83091}",CC,2026-03-24 14:41:49.581307+01,gold_establishments_2025,,,,20002710000011,2025,Collectivité Territoriale,Intercommunalité,['Var'],"[""Provence-Alpes-Côte d'Azur""]",CC,{83},{93}
0bf1704d-3ba1-4572-b4d3-d651fe70ec60,200070720,CC Médoc Atlantique (33),false,"{33097,33193,33203,33208,33214,33300,33348,33490,33514,33521,33538,33540,33541,33544}",CC,2026-03-24 14:41:49.581307+01,gold_establishments_2025,,,,20007072000012,2025,Collectivité Territoriale,Intercommunalité,['Gironde'],['Nouvelle-Aquitaine'],CC,{33},{75}
fe733602-ed26-4a4a-b381-370e35c14b22,200069995,CC Médoc Cœur de Presqu'île (33),false,"{33038,33055,33125,33128,33134,33177,33240,33309,33314,33383,33395,33412,33423,33424,33471,33476,33493,33545}",CC,2026-03-24 14:41:49.581307+01,gold_establishments_2025,,,,20006999500013,2025,Collectivité Territoriale,Intercommunalité,['Gironde'],['Nouvelle-Aquitaine'],CC,{33},{75}
dcb6677e-def9-4f29-bc52-170a48c9437a,243301447,CC Médoc Estuaire (33),false,"{33010,33012,33146,33211,33220,33256,33262,33268,33322,33517}",CC,2026-03-24 14:41:51.447482+01,gold_establishments_2025,,,,24330144700062,2025,Collectivité Territoriale,Intercommunalité,['Gironde'],['Nouvelle-Aquitaine'],CC,{33},{75}
d5db5488-2c6d-4c16-8ab3-e704ace99020,243301389,CC Médullienne (33),false,"{33022,33070,33104,33248,33297,33333,33417,33494,33503,33528}",CC,2026-03-24 14:41:51.447482+01,gold_establishments_2025,,,,24330138900058,2025,Collectivité Territoriale,Intercommunalité,['Gironde'],['Nouvelle-Aquitaine'],CC,{33},{75}
1400485b-23ae-40f8-8d02-7583b431580f,200073401,CC Mézenc-Loire-Meygal (43),false,"{43004,43047,43053,43066,43091,43092,43097,43098,43101,43113,43115,43135,43143,43144,43156,43158,43186,43200,43210,43218,43231,43253}",CC,2026-03-24 14:41:49.581307+01,gold_establishments_2025,,,,20007340100016,2025,Collectivité Territoriale,Intercommunalité,['Haute-Loire'],['Auvergne-Rhône-Alpes'],CC,{43},{84}
404fcd32-fc36-4b72-b71f-94f4a9d085c4,200073120,CC Nebbiu - Conca d'Oro (2B),false,"{2B029,2B109,2B172,2B185,2B188,2B205,2B230,2B239,2B257,2B265,2B287,2B298,2B301,2B314,2B333}",CC,2026-03-24 14:41:49.581307+01,gold_establishments_2025,,,,20007312000012,2025,Collectivité Territoriale,Intercommunalité,['Haute-Corse'],['Corse'],CC,{2B},{94}
7aa7074d-bffd-4ed4-90ab-6f83440bd2f2,200070829,CC Neste Barousse (65),false,"{65009,65012,65014,65051,65053,65087,65093,65094,65109,65139,65154,65158,65175,65186,65193,65194,65217,65229,65230,65277,65287,65305,65307,65319,65323,65327,65329,65347,65382,65389,65391,65394,65398,65402,65407,65416,65427,65431,65441,65444,65453,65455,65482}",CC,2026-03-24 14:41:49.581307+01,gold_establishments_2025,,,,20007082900011,2025,Collectivité Territoriale,Intercommunalité,['Hautes-Pyrénées'],['Occitanie'],CC,{65},{76}
16a83370-b305-4cd5-8aa5-8f2c432910a4,200071223,CC Nièvre et Somme (80),false,"{80011,80024,80082,80093,80100,80117,80123,80137,80166,80180,80187,80229,80241,80296,80318,80341,80346,80348,80408,80416,80423,80466,80535,80619,80622,80671,80706,80711,80718,80723,80738,80742,80778,80793,80795,80835}",CC,2026-03-24 14:41:49.581307+01,gold_establishments_2025,,,,20007122300016,2025,Collectivité Territoriale,Intercommunalité,['Somme'],['Hauts-de-France'],CC,{80},{32}
6d580256-4113-44a9-b983-ca9222226b56,200069540,CC Norge et Tille (21),false,"{21021,21027,21059,21107,21111,21179,21209,21266,21462,21469,21521,21535,21555,21657}",CC,2026-03-24 14:41:49.581307+01,gold_establishments_2025,,,,20006954000017,2025,Collectivité Territoriale,Intercommunalité,"[""Côte-d'Or""]",['Bourgogne-Franche-Comté'],CC,{21},{27}
05c86e9c-28b5-44f6-8f7e-70795faa377b,200065563,CC Normandie-Cabourg-Pays d'Auge (14),false,"{14009,14012,14024,14045,14046,14070,14106,14110,14117,14198,14203,14225,14227,14229,14231,14246,14305,14306,14308,14316,14328,14329,14335,14338,14409,14494,14499,14524,14530,14550,14598,14606,14657,14660,14665,14698,14724,14743}",CC,2026-03-24 14:41:49.581307+01,gold_establishments_2025,,,,20006556300013,2025,Collectivité Territoriale,Intercommunalité,['Calvados'],['Normandie'],CC,{14},{28}
dfcbcf7c-f144-45a8-b6f3-fd79c468ecbd,248500258,CC Océan Marais de Monts (85),false,"{85012,85164,85172,85234,85284}",CC,2026-03-24 14:41:51.447482+01,gold_establishments_2025,,,,24850025800046,2025,Collectivité Territoriale,Intercommunalité,['Vendée'],['Pays de la Loire'],CC,{85},{52}
6f1b037e-10c6-4b61-a612-63e0a1d88d33,200070845,CC Orne Lorraine Confluences (54),false,"{54002,54004,54009,54018,54028,54036,54048,54051,54058,54066,54082,54093,54099,54103,54136,54171,54198,54213,54227,54231,54253,54263,54273,54277,54280,54283,54286,54302,54326,54371,54389,54391,54402,54408,54413,54440,54469,54478,54524,54542,54581}",CC,2026-03-24 14:41:49.581307+01,gold_establishments_2025,,,,20007084500017,2025,Collectivité Territoriale,Intercommunalité,['Meurthe-et-Moselle'],['Grand Est'],CC,{54},{44}
996d8b55-de48-4589-b094-057f4c62ad00,247200447,CC Orée de Bercé - Belinois (72),false,"{72124,72155,72187,72200,72268,72306,72350}",CC,2026-03-24 14:41:51.447482+01,gold_establishments_2025,,,,24720044700057,2025,Collectivité Territoriale,Intercommunalité,['Sarthe'],['Pays de la Loire'],CC,{72},{52}
be5a2d3f-adf7-4f58-8679-68adc67bfa92,200044048,CC Osartis Marquion (62),false,"{62039,62081,62106,62128,62145,62164,62173,62184,62192,62240,62280,62284,62298,62317,62319,62355,62358,62383,62384,62405,62414,62424,62469,62476,62484,62559,62612,62627,62638,62639,62646,62650,62660,62671,62673,62680,62697,62703,62709,62728,62734,62739,62780,62781,62782,62825,62858,62864,62865}",CC,2026-03-24 14:41:49.581307+01,gold_establishments_2025,,,,20004404800011,2025,Collectivité Territoriale,Intercommunalité,['Pas-de-Calais'],['Hauts-de-France'],CC,{62},{32}
4c243b12-c7bc-4da0-bf30-a6a6b4823450,200039055,CC Ouche et Montagne (21),false,"{21002,21013,21018,21033,21045,21051,21080,21081,21121,21234,21238,21273,21293,21300,21306,21310,21339,21373,21406,21439,21478,21504,21520,21539,21553,21559,21578,21592,21611,21661,21669,21679}",CC,2026-03-24 14:41:49.581307+01,gold_establishments_2025,,,,20003905500013,2025,Collectivité Territoriale,Intercommunalité,"[""Côte-d'Or""]",['Bourgogne-Franche-Comté'],CC,{21},{27}
94929d75-70b3-4f60-b101-8e5f2c9f4a7f,200069383,CC Ouest Aveyron Communauté (12),false,"{12007,12029,12053,12104,12105,12135,12136,12140,12150,12158,12159,12167,12170,12175,12205,12210,12217,12227,12242,12252,12259,12261,12263,12281,12287,12300,12301,46154,46227}",CC,2026-03-24 14:41:49.581307+01,gold_establishments_2025,,,,20006938300012,2025,Collectivité Territoriale,Intercommunalité,"['Aveyron', 'Lot']",['Occitanie'],CC,"{12,46}",{76}
bb9802b4-3331-46e6-ac73-81792ff2addd,200066520,CC Ouest Limousin (87),false,"{87034,87036,87037,87046,87054,87073,87091,87092,87111,87115,87135,87137,87141,87158,87162,87168}",CC,2026-03-24 14:41:49.581307+01,gold_establishments_2025,,,,20006652000012,2025,Collectivité Territoriale,Intercommunalité,['Haute-Vienne'],['Nouvelle-Aquitaine'],CC,{87},{75}
1baf2e38-a273-4a03-bb46-735dad841937,200073138,CC Pasquale Paoli (2B),false,"{2B003,2B005,2B007,2B013,2B023,2B039,2B045,2B047,2B051,2B059,2B068,2B073,2B078,2B079,2B080,2B081,2B082,2B083,2B095,2B105,2B106,2B110,2B116,2B122,2B137,2B147,2B157,2B162,2B169,2B193,2B220,2B244,2B248,2B264,2B267,2B275,2B289,2B292,2B304,2B306,2B329,2B337}",CC,2026-03-24 14:41:49.581307+01,gold_establishments_2025,,,,20007313800014,2025,Collectivité Territoriale,Intercommunalité,['Haute-Corse'],['Corse'],CC,{2B},{94}
1887463e-f35a-4209-acb8-4c7e6be69280,240400440,CC Pays Forcalquier et Montagne de Lure (04),false,"{04065,04087,04088,04101,04104,04106,04130,04138,04141,04151,04164,04178,04206}",CC,2026-03-24 14:41:49.581307+01,gold_establishments_2025,,,,24040044000097,2025,Collectivité Territoriale,Intercommunalité,['Alpes-de-Haute-Provence'],"[""Provence-Alpes-Côte d'Azur""]",CC,{04},{93}
33b36591-0625-49fe-95c3-2a08e0deb6fa,200069227,CC Pays Fort Sancerrois Val de Loire (18),false,"{18014,18020,18022,18026,18032,18039,18070,18074,18079,18084,18094,18098,18116,18117,18125,18144,18146,18168,18200,18208,18233,18241,18243,18246,18249,18256,18257,18258,18259,18262,18264,18269,18272,18274,18284,18287}",CC,2026-03-24 14:41:49.581307+01,gold_establishments_2025,,,,20006922700011,2025,Collectivité Territoriale,Intercommunalité,['Cher'],['Centre-Val de Loire'],CC,{18},{24}
7307991a-9fbc-48d5-82c1-8185befcab7f,200068831,CC Pays Ségali Communauté (12),false,"{12032,12041,12043,12045,12046,12056,12057,12059,12060,12065,12068,12085,12113,12137,12144,12162,12169,12189,12194,12234,12235,12262,12276}",CC,2026-03-24 14:41:49.581307+01,gold_establishments_2025,,,,20006883100193,2025,Collectivité Territoriale,Intercommunalité,['Aveyron'],['Occitanie'],CC,{12},{76}
fc68cc04-ea1b-4281-9249-b126f0128021,200040624,CC Pays d'Apt-Luberon (04),false,"{04045,84003,84006,84020,84023,84032,84033,84047,84048,84051,84057,84058,84060,84066,84073,84085,84102,84103,84105,84112,84114,84118,84128,84144,84145}",CC,2026-03-24 14:41:49.581307+01,gold_establishments_2025,,,,20004062400013,2025,Collectivité Territoriale,Intercommunalité,"['Alpes-de-Haute-Provence', 'Vaucluse']","[""Provence-Alpes-Côte d'Azur""]",CC,"{04,84}",{93}
7fa03540-c740-4196-8527-fcce0e994d79,200072478,CC Pays d'Opale (62),false,"{62020,62031,62038,62059,62076,62078,62161,62167,62174,62191,62203,62334,62397,62412,62432,62439,62455,62488,62506,62531,62614,62716,62775}",CC,2026-03-24 14:41:49.581307+01,gold_establishments_2025,,,,20007247800080,2025,Collectivité Territoriale,Intercommunalité,['Pas-de-Calais'],['Hauts-de-France'],CC,{62},{32}
c8680f9c-56fa-48c4-aa33-0f80fcc57304,248400236,CC Pays d'Orange en Provence (84),false,"{84027,84037,84039,84056,84087}",CC,2026-03-24 14:41:51.447482+01,gold_establishments_2025,,,,24840023600175,2025,Collectivité Territoriale,Intercommunalité,['Vaucluse'],"[""Provence-Alpes-Côte d'Azur""]",CC,{84},{93}
3bf82f35-5fbc-47cf-b67c-1b7a42aa5d06,200069417,CC Pays d'Orthe et Arrigans (40),false,"{40034,40059,40077,40095,40101,40118,40120,40132,40183,40186,40199,40206,40211,40212,40214,40222,40224,40231,40233,40254,40256,40269,40306,40316}",CC,2026-03-24 14:41:49.581307+01,gold_establishments_2025,,,,20006941700067,2025,Collectivité Territoriale,Intercommunalité,['Landes'],['Nouvelle-Aquitaine'],CC,{40},{75}
49c3ff43-0e26-4e36-a6cd-1a5558680f3d,200034379,CC Pays d'Uzès (30),false,"{30001,30013,30014,30021,30030,30031,30035,30041,30048,30049,30056,30067,30073,30086,30110,30111,30113,30115,30126,30151,30174,30184,30205,30248,30262,30279,30286,30295,30299,30301,30308,30319,30334,30337,30338}",CC,2026-03-24 14:41:49.581307+01,gold_establishments_2025,,,,20003437900012,2025,Collectivité Territoriale,Intercommunalité,['Gard'],['Occitanie'],CC,{30},{76}
5f47a542-3db4-43d7-8da1-a9e772340668,200071967,CC Pays d'Évian Vallée d'Abondance (74),false,"{74001,74033,74041,74057,74058,74063,74073,74119,74127,74146,74154,74166,74172,74175,74200,74203,74218,74237,74249,74279,74286,74308}",CC,2026-03-24 14:41:49.581307+01,gold_establishments_2025,,,,20007196700018,2025,Collectivité Territoriale,Intercommunalité,['Haute-Savoie'],['Auvergne-Rhône-Alpes'],CC,{74},{84}
1cd337ea-c4cc-49a7-ac1c-693b505af126,244400453,CC Pays de Blain Communauté (44),false,"{44015,44023,44062,44221}",CC,2026-03-24 14:41:51.447482+01,gold_establishments_2025,,,,24440045300035,2025,Collectivité Territoriale,Intercommunalité,['Loire-Atlantique'],['Pays de la Loire'],CC,{44},{52}
eb65c90f-3599-4d42-b73d-ed56085a8617,248500340,CC Pays de Chantonnay (85),false,"{85034,85051,85192,85202,85220,85232,85246,85266,85276,85282}",CC,2026-03-24 14:41:51.447482+01,gold_establishments_2025,,,,24850034000141,2025,Collectivité Territoriale,Intercommunalité,['Vendée'],['Pays de la Loire'],CC,{85},{52}
981f72c9-3815-4579-a1dc-033aa50e5fe1,243500659,CC Pays de Châteaugiron Communauté (35),false,"{35069,35099,35207,35220,35327}",CC,2026-03-24 14:41:51.447482+01,gold_establishments_2025,,,,24350065900129,2025,Collectivité Territoriale,Intercommunalité,['Ille-et-Vilaine'],['Bretagne'],CC,{35},{53}
3c655bc8-f74a-4f8e-bcb7-7174e73b0927,200071934,CC Pays de Fontenay-Vendée (85),false,"{85009,85033,85080,85092,85094,85110,85121,85126,85137,85143,85148,85158,85167,85174,85176,85177,85181,85205,85237,85244,85245,85256,85274,85281,85305}",CC,2026-03-24 14:41:49.581307+01,gold_establishments_2025,,,,20007193400018,2025,Collectivité Territoriale,Intercommunalité,['Vendée'],['Pays de la Loire'],CC,{85},{52}
3570c63d-f9e9-4f34-85c0-3a090f7c881b,247700107,CC Pays de Montereau (77),false,"{77021,77035,77054,77061,77115,77133,77158,77172,77194,77210,77245,77279,77293,77305,77313,77338,77409,77439,77465,77482,77531}",CC,2026-03-24 14:41:51.447482+01,gold_establishments_2025,,,,24770010700136,2025,Collectivité Territoriale,Intercommunalité,['Seine-et-Marne'],['Île-de-France'],CC,{77},{11}
7a30118e-7fff-4844-8ce4-7cbfb4f9ca33,246401756,CC Pays de Nay (64),false,"{64023,64054,64058,64067,64068,64091,64101,64109,64119,64133,64137,64138,64145,64148,64191,64257,64270,64292,64302,64339,64386,64400,64413,64417,64444,64469,64498,65018,65176}",CC,2026-03-24 14:41:51.447482+01,gold_establishments_2025,,,,24640175600019,2025,Collectivité Territoriale,Intercommunalité,"['Pyrénées-Atlantiques', 'Hautes-Pyrénées']",['Nouvelle-Aquitaine'],CC,"{64,65}",{75}
a6327a55-e811-4029-8974-b479b1aadc16,200023240,CC Pays de Nemours (77),false,"{77003,77016,77046,77056,77060,77102,77112,77156,77178,77198,77200,77216,77220,77244,77302,77328,77333,77348,77395,77431,77520}",CC,2026-03-24 14:41:49.581307+01,gold_establishments_2025,,,,20002324000035,2025,Collectivité Territoriale,Intercommunalité,['Seine-et-Marne'],['Île-de-France'],CC,{77},{11}
eb732f42-43c6-4806-b7ad-4a1840ac5438,200070506,CC Pays de Nexon Monts de Chalus (87),false,"{87027,87029,87032,87060,87066,87077,87084,87094,87106,87112,87124,87150,87151,87169,87176}",CC,2026-03-24 14:41:49.581307+01,gold_establishments_2025,,,,20007050600015,2025,Collectivité Territoriale,Intercommunalité,['Haute-Vienne'],['Nouvelle-Aquitaine'],CC,{87},{75}
1d0d7705-a63c-4585-8f09-a38a19ba8737,200007177,CC Pays de Nérondes (18),false,"{18027,18031,18054,18056,18072,18080,18095,18113,18154,18160,18175,18260}",CC,2026-03-24 14:41:49.581307+01,gold_establishments_2025,,,,20000717700054,2025,Collectivité Territoriale,Intercommunalité,['Cher'],['Centre-Val de Loire'],CC,{18},{24}
b38f409d-b0da-4015-8850-e0f847dc0bd9,200039832,CC Pays des Vans en Cévennes (07),false,"{07017,07024,07028,07031,07050,07100,07147,07148,07163,07211,07266,07280,07284,07305,07334}",CC,2026-03-24 14:41:49.581307+01,gold_establishments_2025,,,,20003983200080,2025,Collectivité Territoriale,Intercommunalité,['Ardèche'],['Auvergne-Rhône-Alpes'],CC,{07},{84}
27dd6830-28d8-4aa0-94f7-89f4ea783b58,200034882,CC Pays du Mont-Blanc (74),false,"{74083,74085,74089,74099,74103,74173,74208,74215,74236,74256}",CC,2026-03-24 14:41:49.581307+01,gold_establishments_2025,,,,20003488200015,2025,Collectivité Territoriale,Intercommunalité,['Haute-Savoie'],['Auvergne-Rhône-Alpes'],CC,{74},{84}
e2d4019b-51a3-43b5-b3ed-fab482211507,200042992,CC Perthois-Bocage et Der (51),false,"{51016,51080,51135,51156,51215,51219,51223,51224,51246,51269,51270,51277,51284,51288,51300,51316,51334,51356,51373,51406,51417,51419,51513,51528,51567}",CC,2026-03-24 14:41:49.581307+01,gold_establishments_2025,,,,20004299200012,2025,Collectivité Territoriale,Intercommunalité,['Marne'],['Grand Est'],CC,{51},{44}
1b94fcd8-de83-4d01-9e7f-9eb3d54849ce,200071769,CC Picardie des Châteaux (02),false,"{02018,02049,02052,02078,02093,02107,02108,02111,02140,02155,02159,02217,02219,02236,02318,02333,02363,02395,02406,02423,02478,02499,02602,02616,02619,02632,02661,02671,02686,02704,02707,02750,02755,02768,02786,02834}",CC,2026-03-24 14:41:49.581307+01,gold_establishments_2025,,,,20007176900018,2025,Collectivité Territoriale,Intercommunalité,['Aisne'],['Hauts-de-France'],CC,{02},{32}
a7841b01-4ca7-4759-be58-9567a042a1e1,200035707,CC Piège Lauragais Malepère (11),false,"{11033,11049,11051,11057,11070,11072,11087,11089,11136,11139,11141,11149,11153,11159,11162,11173,11184,11193,11196,11236,11254,11268,11277,11278,11281,11290,11291,11312,11331,11343,11348,11365,11418,11419,11432,11434,11438,11439}",CC,2026-03-24 14:41:49.581307+01,gold_establishments_2025,,,,20003570700013,2025,Collectivité Territoriale,Intercommunalité,['Aude'],['Occitanie'],CC,{11},{76}
390299ab-c505-4bb4-a175-9c61d4be3902,200071199,CC Plaine Limagne (63),false,"{63001,63012,63013,63030,63033,63061,63090,63143,63196,63201,63210,63232,63240,63295,63311,63317,63332,63333,63347,63387,63400,63406,63432,63446,63459}",CC,2026-03-24 14:41:49.581307+01,gold_establishments_2025,,,,20007119900018,2025,Collectivité Territoriale,Intercommunalité,['Puy-de-Dôme'],['Auvergne-Rhône-Alpes'],CC,{63},{84}
552ba22f-4638-48bc-a933-b2ecf1e8ae9f,200033090,CC Plaines et Monts de France (77),false,"{77005,77094,77095,77150,77196,77233,77273,77292,77308,77332,77344,77363,77364,77366,77376,77427,77430,77515,77517,77525}",CC,2026-03-24 14:41:49.581307+01,gold_establishments_2025,,,,20003309000016,2025,Collectivité Territoriale,Intercommunalité,['Seine-et-Marne'],['Île-de-France'],CC,{77},{11}
c261c340-b70f-4743-a7ab-a2d9cd986060,200069847,CC Plateau de Caux (76),false,"{76006,76010,76023,76045,76077,76087,76129,76132,76144,76149,76158,76161,76174,76198,76219,76227,76228,76251,76253,76264,76293,76309,76325,76340,76355,76370,76387,76456,76491,76510,76524,76530,76542,76597,76611,76668,76699,76737,76752,76757}",CC,2026-03-24 14:41:49.581307+01,gold_establishments_2025,,,,20006984700016,2025,Collectivité Territoriale,Intercommunalité,['Seine-Maritime'],['Normandie'],CC,{76},{28}
9d7e7230-c68a-4448-9673-9c53cc022766,200067247,CC Pleyben-Châteaulin-Porzay (29),false,"{29025,29026,29033,29044,29062,29115,29123,29142,29162,29166,29172,29176,29222,29243,29256,29263,29289}",CC,2026-03-24 14:41:49.581307+01,gold_establishments_2025,,,,20006724700011,2025,Collectivité Territoriale,Intercommunalité,['Finistère'],['Bretagne'],CC,{29},{53}
5ceaf993-d776-4ddc-a55c-9dd4f41e1f97,200066777,CC Ploërmel Communauté (56),false,"{56025,56032,56043,56050,56051,56056,56065,56068,56070,56079,56080,56082,56091,56102,56103,56122,56127,56129,56134,56139,56145,56165,56197,56208,56225,56227,56236,56249,56256,56257}",CC,2026-03-24 14:41:49.581307+01,gold_establishments_2025,,,,20006677700018,2025,Collectivité Territoriale,Intercommunalité,['Morbihan'],['Bretagne'],CC,{56},{53}
64fcc010-fdf6-4b5b-9b10-6368c0387c38,242900744,CC Poher communauté (22),false,"{22157,22202,22351,22373,29024,29029,29089,29152,29205,29227,29250}",CC,2026-03-24 14:41:49.581307+01,gold_establishments_2025,,,,24290074400010,2025,Collectivité Territoriale,Intercommunalité,"[""Côtes-d'Armor"", 'Finistère']",['Bretagne'],CC,"{22,29}",{53}
ea9eab62-71d2-40e5-9b0e-359ca4eff365,200070936,CC Ponthieu-Marquenterre (80),false,"{80006,80009,80025,80030,80087,80109,80118,80133,80145,80147,80149,80155,80167,80200,80215,80221,80222,80228,80244,80248,80249,80250,80281,80290,80303,80327,80331,80332,80333,80344,80371,80374,80380,80396,80422,80462,80477,80486,80496,80497,80501,80502,80537,80548,80574,80580,80589,80590,80598,80599,80600,80609,80631,80633,80635,80637,80649,80665,80688,80692,80713,80716,80763,80787,80804,80806,80808,80815,80832,80833}",CC,2026-03-24 14:41:49.581307+01,gold_establishments_2025,,,,20007093600014,2025,Collectivité Territoriale,Intercommunalité,['Somme'],['Hauts-de-France'],CC,{80},{32}
a60aea42-89ca-4abb-9622-9bb7c8b642ed,245614433,CC Pontivy Communauté (22),false,"{22285,56024,56041,56047,56072,56076,56092,56093,56125,56146,56151,56160,56178,56189,56190,56198,56203,56209,56213,56215,56237,56242,56245,56246}",CC,2026-03-24 14:41:51.447482+01,gold_establishments_2025,,,,24561443300101,2025,Collectivité Territoriale,Intercommunalité,"[""Côtes-d'Armor"", 'Morbihan']",['Bretagne'],CC,"{22,56}",{53}
050cca21-59c0-40da-8898-3d0eb430b868,200059400,CC Porte Océane du Limousin (87),false,"{87030,87044,87078,87110,87126,87131,87140,87154,87164,87185,87189,87199,87204}",CC,2026-03-24 14:41:49.581307+01,gold_establishments_2025,,,,20005940000016,2025,Collectivité Territoriale,Intercommunalité,['Haute-Vienne'],['Nouvelle-Aquitaine'],CC,{87},{75}
f12956df-8d91-40e7-b997-a507710b6dd2,200040491,CC Porte de DrômArdèche (07),false,"{07009,07015,07051,07084,07169,07174,07234,07308,26002,26009,26010,26041,26083,26094,26118,26133,26143,26148,26155,26160,26162,26172,26213,26216,26247,26259,26293,26295,26314,26325,26330,26332,26333,26349}",CC,2026-03-24 14:41:49.581307+01,gold_establishments_2025,,,,20004049100017,2025,Collectivité Territoriale,Intercommunalité,"['Ardèche', 'Drôme']",['Auvergne-Rhône-Alpes'],CC,"{07,26}",{84}
d75012dc-bc58-4762-bcea-8c7026c66e8f,247300676,CC Porte de Maurienne (73),false,"{73007,73019,73049,73109,73168,73175,73212,73220,73237,73252,73272}",CC,2026-03-24 14:41:51.447482+01,gold_establishments_2025,,,,24730067600035,2025,Collectivité Territoriale,Intercommunalité,['Savoie'],['Auvergne-Rhône-Alpes'],CC,{73},{84}
23431663-3231-4828-a0a1-fe8450253253,200072056,CC Porte du Jura (39),false,"{39025,39027,39035,39043,39142,39173,39185,39197,39209,39255,39261,39295,39320,39346,39378,39466,39467,39475,39532,39551,39576}",CC,2026-03-24 14:41:49.581307+01,gold_establishments_2025,,,,20007205600266,2025,Collectivité Territoriale,Intercommunalité,['Jura'],['Bourgogne-Franche-Comté'],CC,{39},{27}
5f29c993-d2de-48f6-a5ce-412ab3c5e8fb,200041556,CC Portes de la Creuse en Marche (23),false,"{23025,23041,23049,23057,23084,23089,23098,23109,23112,23130,23136,23139,23148,23162,23188,23252}",CC,2026-03-24 14:41:49.581307+01,gold_establishments_2025,,,,20004155600016,2025,Collectivité Territoriale,Intercommunalité,['Creuse'],['Nouvelle-Aquitaine'],CC,{23},{75}
b467983e-7323-4e23-a7e2-b78645e07b35,200011781,CC Portes du Berry entre Loire et Val d'Aubois (18),false,"{18007,18048,18062,18075,18082,18101,18108,18118,18139,18143,18215,18265}",CC,2026-03-24 14:41:49.581307+01,gold_establishments_2025,,,,20001178100065,2025,Collectivité Territoriale,Intercommunalité,['Cher'],['Centre-Val de Loire'],CC,{18},{24}
a5acf80f-bb83-48e4-a51c-8b71710e4272,200066868,CC Presqu'île de Crozon-Aulne maritime (29),false,"{29001,29022,29042,29053,29104,29120,29238,29240,29280,29302}",CC,2026-03-24 14:41:49.581307+01,gold_establishments_2025,,,,20006686800015,2025,Collectivité Territoriale,Intercommunalité,['Finistère'],['Bretagne'],CC,{29},{53}
488a9383-2bb6-44d8-86a3-c2e4a8a19c43,200040202,CC Provence Verdon (83),false,"{83006,83012,83025,83052,83060,83066,83084,83095,83104,83113,83114,83125,83135,83145,83146}",CC,2026-03-24 14:41:49.581307+01,gold_establishments_2025,,,,20004020200018,2025,Collectivité Territoriale,Intercommunalité,['Var'],"[""Provence-Alpes-Côte d'Azur""]",CC,{83},{93}
f33a51aa-43df-4d27-83d9-c771e7afd6ac,200069524,CC Pré-Bocage Intercom (14),false,"{14007,14027,14037,14084,14096,14120,14143,14195,14241,14347,14353,14374,14379,14389,14390,14412,14449,14475,14491,14579,14607,14650,14672,14708,14752,14760}",CC,2026-03-24 14:41:49.581307+01,gold_establishments_2025,,,,20006952400011,2025,Collectivité Territoriale,Intercommunalité,['Calvados'],['Normandie'],CC,{14},{28}
e3e0c4c7-025f-4b3b-a1c9-b5d0067f37ef,200043776,CC Pyrénées Audoises (11),false,"{11017,11019,11021,11028,11031,11035,11036,11038,11047,11060,11062,11063,11066,11080,11091,11093,11096,11100,11101,11104,11107,11127,11129,11130,11131,11135,11147,11160,11163,11165,11168,11177,11219,11229,11230,11244,11249,11263,11265,11282,11302,11303,11304,11306,11316,11317,11320,11321,11333,11335,11336,11341,11346,11347,11350,11352,11358,11373,11380,11400,11424}",CC,2026-03-24 14:41:49.581307+01,gold_establishments_2025,,,,20004377600018,2025,Collectivité Territoriale,Intercommunalité,['Aude'],['Occitanie'],CC,{11},{76}
4ccb378c-9152-4e51-a9b1-45470498a023,246600399,CC Pyrénées Cerdagne (66),false,"{66005,66025,66062,66064,66066,66067,66072,66095,66100,66120,66130,66132,66146,66147,66167,66181,66202,66218,66220}",CC,2026-03-24 14:41:51.447482+01,gold_establishments_2025,,,,24660039900132,2025,Collectivité Territoriale,Intercommunalité,['Pyrénées-Orientales'],['Occitanie'],CC,{66},{76}
4df4a267-4ca0-4d54-84e8-ce909524c3bb,200072635,CC Pyrénées Haut Garonnaises (31),false,"{31009,31010,31013,31015,31017,31019,31040,31041,31042,31045,31046,31064,31067,31068,31081,31085,31092,31123,31125,31127,31129,31132,31133,31139,31142,31143,31144,31146,31176,31177,31190,31199,31200,31207,31213,31217,31221,31222,31224,31235,31238,31242,31244,31255,31290,31306,31308,31313,31316,31323,31335,31337,31360,31369,31394,31404,31405,31408,31426,31432,31434,31465,31470,31471,31472,31500,31508,31509,31524,31535,31542,31548,31549,31559,31564,31590}",CC,2026-03-24 14:41:49.581307+01,gold_establishments_2025,,,,20007263500010,2025,Collectivité Territoriale,Intercommunalité,['Haute-Garonne'],['Occitanie'],CC,{31},{76}
13f3c04e-f82e-4ed8-ad86-2d3a0582000c,200070811,CC Pyrénées Vallées des Gaves (65),false,"{65001,65004,65021,65022,65025,65029,65032,65036,65045,65055,65056,65077,65089,65098,65112,65138,65145,65168,65169,65173,65182,65192,65202,65210,65267,65295,65352,65362,65371,65393,65396,65399,65400,65411,65413,65420,65424,65428,65435,65458,65463,65467,65469,65473,65478,65481}",CC,2026-03-24 14:41:49.581307+01,gold_establishments_2025,,,,20007081100019,2025,Collectivité Territoriale,Intercommunalité,['Hautes-Pyrénées'],['Occitanie'],CC,{65},{76}
da7c6f2c-3436-4f3f-ab67-502fc469c362,246600464,CC Pyrénées catalanes (66),false,"{66004,66010,66020,66027,66047,66075,66081,66082,66098,66105,66117,66124,66142,66154,66157,66159,66188,66191,66192}",CC,2026-03-24 14:41:51.447482+01,gold_establishments_2025,,,,24660046400068,2025,Collectivité Territoriale,Intercommunalité,['Pyrénées-Orientales'],['Occitanie'],CC,{66},{76}
0fe58d03-92db-4ffc-9a97-034cbdebb806,242400752,CC Périgord-Limousin (24),false,"{24095,24133,24134,24171,24180,24218,24238,24269,24304,24305,24308,24408,24425,24428,24453,24481,24485,24486,24489,24496,24551,24567}",CC,2026-03-24 14:41:49.581307+01,gold_establishments_2025,,,,24240075200141,2025,Collectivité Territoriale,Intercommunalité,['Dordogne'],['Nouvelle-Aquitaine'],CC,{24},{75}
60700a69-bf97-4bb3-af6b-b96192bf87fe,200041960,CC Pévèle-Carembault (59),false,"{59004,59022,59029,59034,59042,59071,59080,59096,59105,59123,59124,59129,59145,59150,59158,59168,59197,59258,59266,59304,59330,59364,59398,59408,59411,59419,59427,59435,59449,59452,59462,59466,59551,59586,59592,59600,59630,59638}",CC,2026-03-24 14:41:49.581307+01,gold_establishments_2025,,,,20004196000135,2025,Collectivité Territoriale,Intercommunalité,['Nord'],['Hauts-de-France'],CC,{59},{32}
d57b40a2-4e75-45d3-a88c-b3f65bc94ce0,244600482,CC Quercy - Bouriane (46),false,"{46006,46072,46098,46127,46151,46194,46196,46216,46219,46241,46253,46257,46258,46259,46267,46290,46308,46323,46324,46334}",CC,2026-03-24 14:41:51.447482+01,gold_establishments_2025,,,,24460048200123,2025,Collectivité Territoriale,Intercommunalité,['Lot'],['Occitanie'],CC,{46},{76}
241c21ce-4353-4379-8fff-224c6bc1728b,200066884,CC Quercy Vert-Aveyron (82),false,"{82002,82018,82026,82066,82115,82132,82134,82145,82161,82176,82184,82192}",CC,2026-03-24 14:41:49.581307+01,gold_establishments_2025,,,,20006688400012,2025,Collectivité Territoriale,Intercommunalité,['Tarn-et-Garonne'],['Occitanie'],CC,{82},{76}
e9f521ac-f14e-471e-8509-dd259665d784,245614383,CC Questembert Communauté (56),false,"{56015,56028,56045,56108,56109,56111,56123,56135,56171,56184,56196,56218,56261}",CC,2026-03-24 14:41:51.447482+01,gold_establishments_2025,,,,24561438300199,2025,Collectivité Territoriale,Intercommunalité,['Morbihan'],['Bretagne'],CC,{56},{53}
244451b3-fa5f-4f1e-859c-1ea0538aacbd,247000821,CC Rahin et Chérimont (70),false,"{70120,70157,70205,70215,70248,70254,70413,70414,70451}",CC,2026-03-24 14:41:51.447482+01,gold_establishments_2025,,,,24700082100055,2025,Collectivité Territoriale,Intercommunalité,['Haute-Saône'],['Bourgogne-Franche-Comté'],CC,{70},{27}
6ea130cc-5fad-4ea7-b509-b2942b258756,200069102,CC Randon - Margeride (48),false,"{48008,48042,48043,48045,48070,48083,48108,48112,48126,48127,48145,48153,48160,48174,48182}",CC,2026-03-24 14:41:49.581307+01,gold_establishments_2025,,,,20006910200016,2025,Collectivité Territoriale,Intercommunalité,['Lozère'],['Occitanie'],CC,{48},{76}
4dbf7af6-c949-4531-bde2-12b29c1ad05f,200071991,CC Retz-en-Valois (02),false,"{02011,02015,02034,02071,02087,02192,02201,02216,02232,02254,02258,02259,02267,02277,02302,02307,02316,02326,02368,02410,02415,02438,02441,02449,02466,02467,02496,02506,02514,02527,02528,02557,02562,02568,02594,02598,02628,02643,02644,02667,02672,02673,02687,02718,02729,02734,02736,02749,02762,02793,02795,02810,02812,02822}",CC,2026-03-24 14:41:49.581307+01,gold_establishments_2025,,,,20007199100018,2025,Collectivité Territoriale,Intercommunalité,['Aisne'],['Hauts-de-France'],CC,{02},{32}
228ec73e-3b20-4beb-a882-1018acd9c958,243000569,"CC Rhony, Vistre, Vidourle (30)",false,"{30004,30019,30043,30083,30123,30185,30186,30333,30344,30347}",CC,2026-03-24 14:41:49.581307+01,gold_establishments_2025,,,,24300056900067,2025,Collectivité Territoriale,Intercommunalité,['Gard'],['Occitanie'],CC,{30},{76}
226a74e3-e1a9-4a07-9378-856bb741d9c0,200041366,CC Rhône Crussol (07),false,"{07007,07035,07052,07055,07059,07070,07102,07240,07281,07293,07297,07316,07323}",CC,2026-03-24 14:41:49.581307+01,gold_establishments_2025,,,,20004136600010,2025,Collectivité Territoriale,Intercommunalité,['Ardèche'],['Auvergne-Rhône-Alpes'],CC,{07},{84}
5811996d-8346-413a-ab99-c014c7d3c6d3,200000628,CC Rhône Lez Provence (84),false,"{84019,84063,84064,84078,84083}",CC,2026-03-24 14:41:49.581307+01,gold_establishments_2025,,,,20000062800079,2025,Collectivité Territoriale,Intercommunalité,['Vaucluse'],"[""Provence-Alpes-Côte d'Azur""]",CC,{84},{93}
756ab8ef-4e06-4d74-9b0a-91a86cbeb3c3,200039949,CC Rives de Moselle (57),false,"{57024,57028,57043,57125,57129,57193,57211,57219,57242,57283,57303,57433,57438,57474,57511,57546,57582,57645,57663,57677}",CC,2026-03-24 14:41:49.581307+01,gold_establishments_2025,,,,20003994900017,2025,Collectivité Territoriale,Intercommunalité,['Moselle'],['Grand Est'],CC,{57},{44}
9e9da38e-83a1-49a2-87f7-a4b97bae5acd,242101509,CC Rives de Saône (21),false,"{21031,21035,21042,21089,21095,21103,21112,21131,21148,21172,21239,21249,21285,21301,21311,21322,21332,21333,21340,21342,21344,21356,21366,21424,21436,21440,21474,21475,21502,21554,21572,21575,21577,21581,21607,21637,21645,21647}",CC,2026-03-24 14:41:49.581307+01,gold_establishments_2025,,,,24210150900014,2025,Collectivité Territoriale,Intercommunalité,"[""Côte-d'Or""]",['Bourgogne-Franche-Comté'],CC,{21},{27}
1f728bc1-f7a3-4ce6-bd05-b5441bf89376,200029999,CC Rives de l'Ain - Pays du Cerdon (01),false,"{01056,01068,01077,01199,01200,01242,01273,01303,01304,01314,01331,01363,01404,01430}",CC,2026-03-24 14:41:49.581307+01,gold_establishments_2025,,,,20002999900014,2025,Collectivité Territoriale,Intercommunalité,['Ain'],['Auvergne-Rhône-Alpes'],CC,{01},{84}
f76ed4d2-34f7-4259-8f56-b2a480b0ba3d,243500634,CC Roche aux Fées Communauté (35),false,"{35002,35005,35028,35041,35077,35082,35103,35108,35114,35136,35165,35167,35239,35262,35333,35335}",CC,2026-03-24 14:41:51.447482+01,gold_establishments_2025,,,,24350063400064,2025,Collectivité Territoriale,Intercommunalité,['Ille-et-Vilaine'],['Bretagne'],CC,{35},{53}
228a3f5f-e480-4484-8c30-31617e10cd94,245614417,CC Roi Morvan Communauté (56),false,"{56014,56048,56057,56066,56073,56081,56099,56100,56105,56110,56113,56131,56156,56163,56170,56182,56199,56201,56210,56238,56264}",CC,2026-03-24 14:41:51.447482+01,gold_establishments_2025,,,,24561441700054,2025,Collectivité Territoriale,Intercommunalité,['Morbihan'],['Bretagne'],CC,{56},{53}
0b2eecfd-476e-4a2c-9e85-15e8de9b5471,200066405,CC Roumois Seine (27),false,"{27006,27011,27039,27062,27077,27085,27089,27090,27091,27102,27103,27105,27107,27133,27134,27227,27228,27316,27317,27319,27340,27363,27518,27531,27558,27577,27579,27580,27582,27586,27593,27595,27638,27645,27661,27665,27669,27686,27699,76419}",CC,2026-03-24 14:41:49.581307+01,gold_establishments_2025,,,,20006640500016,2025,Collectivité Territoriale,Intercommunalité,"['Eure', 'Seine-Maritime']",['Normandie'],CC,"{27,76}",{28}
12b89f8a-4ebe-4354-8ed0-14be434a26dd,246600415,CC Roussillon-Conflent (66),false,"{66019,66022,66023,66040,66055,66056,66086,66088,66108,66111,66121,66153,66165,66173,66185}",CC,2026-03-24 14:41:51.447482+01,gold_establishments_2025,,,,24660041500102,2025,Collectivité Territoriale,Intercommunalité,['Pyrénées-Orientales'],['Occitanie'],CC,{66},{76}
e10fc5a7-d938-423e-b438-d37591f0a856,247400740,CC Rumilly Terre de Savoie (74),false,"{74035,74046,74095,74117,74141,74151,74161,74165,74170,74192,74225,74231,74255,74283,74289,74292,74297}",CC,2026-03-24 14:41:51.447482+01,gold_establishments_2025,,,,24740074000061,2025,Collectivité Territoriale,Intercommunalité,['Haute-Savoie'],['Auvergne-Rhône-Alpes'],CC,{74},{84}
f16359dd-7f10-4f50-8a06-cfa693402f81,200035863,"CC Région Lézignanaise, Corbières et Minervois (11)",false,"{11006,11007,11013,11020,11044,11048,11064,11067,11071,11077,11098,11110,11111,11117,11118,11126,11132,11137,11140,11148,11172,11176,11185,11186,11187,11191,11203,11210,11224,11241,11250,11256,11260,11261,11267,11271,11273,11305,11311,11318,11324,11332,11337,11351,11354,11363,11374,11386,11388,11390,11392,11393,11409,11435}",CC,2026-03-24 14:41:49.581307+01,gold_establishments_2025,,,,20003586300014,2025,Collectivité Territoriale,Intercommunalité,['Aude'],['Occitanie'],CC,{11},{76}
0a83aef6-c252-49ec-a3b3-826845a45cc0,200067155,"CC Saint Affricain, Roquefort, Sept Vallons (12)",false,"{12042,12080,12141,12183,12203,12208,12222,12228,12229,12233,12243,12282,12286,12292}",CC,2026-03-24 14:41:49.581307+01,gold_establishments_2025,,,,20006715500016,2025,Collectivité Territoriale,Intercommunalité,['Aveyron'],['Occitanie'],CC,{12},{76}
ef8290b8-4e31-490d-85c3-fa463b7f1060,200071645,CC Saint Cyr Mère Boitier entre Charolais et Mâconnais (71),false,"{71050,71091,71134,71178,71217,71289,71316,71350,71441,71469,71470,71518,71545,71546,71547,71571}",CC,2026-03-24 14:41:49.581307+01,gold_establishments_2025,,,,20007164500010,2025,Collectivité Territoriale,Intercommunalité,['Saône-et-Loire'],['Bourgogne-Franche-Comté'],CC,{71},{27}
c205cd24-d811-42e6-a2db-dd6f08434405,200066660,CC Saint-Flour Communauté (15),false,"{15002,15004,15005,15007,15026,15033,15034,15045,15051,15053,15055,15059,15060,15065,15073,15077,15078,15086,15097,15106,15107,15108,15112,15121,15125,15130,15139,15142,15148,15149,15152,15161,15164,15168,15187,15188,15198,15199,15201,15209,15216,15229,15231,15232,15235,15237,15241,15244,15245,15248,15251,15259,15262}",CC,2026-03-24 14:41:49.581307+01,gold_establishments_2025,,,,20006666000016,2025,Collectivité Territoriale,Intercommunalité,['Cantal'],['Auvergne-Rhône-Alpes'],CC,{15},{84}
f46eea91-0ad6-483c-93aa-73923a3cf4a9,200070431,CC Saint-Marcellin Vercors Isère Communauté (38),false,"{38004,38018,38033,38036,38041,38074,38086,38092,38095,38099,38108,38117,38137,38195,38216,38245,38248,38263,38272,38275,38278,38310,38319,38322,38330,38333,38338,38345,38356,38359,38360,38370,38390,38394,38409,38410,38416,38443,38450,38453,38454,38463,38495,38500,38523,38526,38559}",CC,2026-03-24 14:41:49.581307+01,gold_establishments_2025,,,,20007043100016,2025,Collectivité Territoriale,Intercommunalité,['Isère'],['Auvergne-Rhône-Alpes'],CC,{38},{84}
08f928bf-cb7d-4396-8b84-feadb1954d86,200071389,CC Saint-Pourçain Sioule Limagne (03),false,"{03016,03018,03021,03022,03030,03038,03043,03049,03053,03059,03061,03062,03075,03077,03078,03083,03089,03096,03107,03108,03109,03112,03114,03115,03116,03118,03133,03134,03135,03148,03149,03152,03160,03164,03166,03175,03176,03182,03188,03192,03194,03204,03209,03220,03227,03237,03242,03254,03255,03267,03268,03276,03277,03278,03281,03294,03295,03302,03307,03311}",CC,2026-03-24 14:41:49.581307+01,gold_establishments_2025,,,,20007138900015,2025,Collectivité Territoriale,Intercommunalité,['Allier'],['Auvergne-Rhône-Alpes'],CC,{03},{84}
66a01be3-6ddb-49e9-ab1a-464cd95bbf7c,200027217,CC Sarlat-Périgord Noir (24),false,"{24040,24252,24255,24341,24355,24366,24471,24510,24512,24520,24544,24577,24587}",CC,2026-03-24 14:41:49.581307+01,gold_establishments_2025,,,,20002721700062,2025,Collectivité Territoriale,Intercommunalité,['Dordogne'],['Nouvelle-Aquitaine'],CC,{24},{75}
fa8d01bf-30f5-4e66-9e65-e9ddeb1e1337,200068146,CC Sarrebourg Moselle Sud (57),false,"{57003,57034,57035,57042,57044,57050,57056,57066,57071,57080,57086,57113,57119,57173,57175,57180,57210,57216,57229,57233,57241,57253,57255,57272,57298,57299,57302,57304,57310,57314,57318,57320,57321,57324,57333,57334,57342,57344,57362,57374,57377,57380,57382,57383,57414,57461,57469,57488,57500,57504,57505,57506,57509,57518,57544,57551,57564,57566,57579,57583,57592,57611,57613,57623,57629,57630,57635,57637,57680,57682,57697,57703,57713,57734,57742,57756}",CC,2026-03-24 14:41:49.581307+01,gold_establishments_2025,,,,20006814600014,2025,Collectivité Territoriale,Intercommunalité,['Moselle'],['Grand Est'],CC,{57},{44}
c1903225-2dfb-4b1a-86de-c0219647df77,200013050,CC Sauer-Pechelbronn (67),false,"{67037,67093,67110,67132,67141,67147,67160,67177,67186,67254,67257,67259,67260,67263,67271,67290,67303,67334,67341,67353,67379,67511,67537,67550}",CC,2026-03-24 14:41:49.581307+01,gold_establishments_2025,,,,20001305000014,2025,Collectivité Territoriale,Intercommunalité,['Bas-Rhin'],['Grand Est'],CC,{67},{44}
2f6f94e4-bedd-4f3b-9562-27269e9b43c3,200000933,CC Sauldre et Sologne (18),false,"{18011,18015,18030,18037,18047,18067,18088,18115,18147,18149,18159,18170,18185,18227}",CC,2026-03-24 14:41:49.581307+01,gold_establishments_2025,,,,20000093300016,2025,Collectivité Territoriale,Intercommunalité,['Cher'],['Centre-Val de Loire'],CC,{18},{24}
4c88c37d-ce98-438f-b636-25d997614940,242101442,CC Saulieu-Morvan (21),false,"{21139,21422,21445,21525,21531,21538,21546,21548,21584,21608,21629,21687}",CC,2026-03-24 14:41:49.581307+01,gold_establishments_2025,,,,24210144200018,2025,Collectivité Territoriale,Intercommunalité,"[""Côte-d'Or""]",['Bourgogne-Franche-Comté'],CC,{21},{27}
577dba10-2b82-4448-a0f6-f34a986c8880,249500430,CC Sausseron Impressionnistes (95),false,"{95023,95039,95120,95211,95213,95258,95271,95304,95308,95328,95341,95387,95446,95627,95628}",CC,2026-03-24 14:41:51.447482+01,gold_establishments_2025,,,,24950043000056,2025,Collectivité Territoriale,Intercommunalité,"[""Val-d'Oise""]",['Île-de-France'],CC,{95},{11}
370d0993-08a0-455d-95fa-6e70422e14ae,200040038,CC Saône Doubs Bresse (71),false,"{71004,71033,71043,71054,71104,71167,71186,71228,71262,71312,71315,71329,71341,71355,71405,71423,71456,71457,71462,71504,71517,71544,71566,71570,71577,71578}",CC,2026-03-24 14:41:49.581307+01,gold_establishments_2025,,,,20004003800016,2025,Collectivité Territoriale,Intercommunalité,['Saône-et-Loire'],['Bourgogne-Franche-Comté'],CC,{71},{27}
0de6c235-5d02-4542-accf-0aa4a00ee879,200067817,CC Saône-Beaujolais (69),false,"{69002,69012,69016,69018,69019,69035,69036,69045,69053,69058,69065,69077,69082,69084,69103,69104,69108,69109,69124,69135,69145,69161,69162,69165,69182,69186,69196,69198,69206,69209,69218,69242,69258,69261,69267}",CC,2026-03-24 14:41:49.581307+01,gold_establishments_2025,,,,20006781700011,2025,Collectivité Territoriale,Intercommunalité,['Rhône'],['Auvergne-Rhône-Alpes'],CC,{69},{84}
766935e2-bcfd-4c00-854d-78b2e6f78db6,200070126,CC Seine et Aube (10),false,"{10043,10052,10075,10082,10086,10089,10090,10131,10132,10144,10151,10166,10207,10233,10234,10289,10305,10316,10320,10353,10356,10365,10368,10392,10408}",CC,2026-03-24 14:41:49.581307+01,gold_establishments_2025,,,,20007012600046,2025,Collectivité Territoriale,Intercommunalité,['Aube'],['Grand Est'],CC,{10},{44}
a209da00-b75a-4ee0-9a0c-a6284c64c58c,200066975,CC Senlis Sud Oise (60),false,"{60028,60045,60087,60100,60138,60170,60238,60241,60415,60421,60422,60505,60525,60560,60612,60631,60682}",CC,2026-03-24 14:41:49.581307+01,gold_establishments_2025,,,,20006697500018,2025,Collectivité Territoriale,Intercommunalité,['Oise'],['Hauts-de-France'],CC,{60},{32}
2d0a79e1-8c6d-4c48-ae89-d056c3372464,200067304,CC Serein et Armance (89),false,"{89031,89035,89041,89055,89061,89069,89076,89096,89101,89156,89186,89200,89201,89205,89219,89249,89268,89276,89282,89288,89292,89345,89382,89398,89402,89425,89436,89439,89474}",CC,2026-03-24 14:41:49.581307+01,gold_establishments_2025,,,,20006730400184,2025,Collectivité Territoriale,Intercommunalité,['Yonne'],['Bourgogne-Franche-Comté'],CC,{89},{27}
c6ae788b-4671-4259-ac04-dfdc773cbbb8,200067742,CC Serre-Ponçon (04),false,"{04154,05012,05036,05040,05044,05045,05046,05098,05106,05108,05111,05114,05128,05130,05156,05163,05164}",CC,2026-03-24 14:41:49.581307+01,gold_establishments_2025,,,,20006774200011,2025,Collectivité Territoriale,Intercommunalité,"['Alpes-de-Haute-Provence', 'Hautes-Alpes']","[""Provence-Alpes-Côte d'Azur""]",CC,"{04,05}",{93}
87f865d2-1050-4045-9b5b-71530c039434,200067320,CC Serre-Ponçon Val d'Avance (04),false,"{04150,04234,05011,05017,05018,05022,05050,05084,05113,05115,05121,05124,05127,05140,05171,05176}",CC,2026-03-24 14:41:49.581307+01,gold_establishments_2025,,,,20006732000016,2025,Collectivité Territoriale,Intercommunalité,"['Alpes-de-Haute-Provence', 'Hautes-Alpes']","[""Provence-Alpes-Côte d'Azur""]",CC,"{04,05}",{93}
3600ad5c-9309-4097-90af-0402ceaaaeea,200069516,CC Seulles Terre et Mer (14),false,"{14022,14026,14038,14049,14062,14111,14135,14169,14196,14200,14205,14232,14275,14278,14318,14336,14348,14355,14364,14380,14406,14430,14569,14661,14684,14692,14734,14739}",CC,2026-03-24 14:41:49.581307+01,gold_establishments_2025,,,,20006951600074,2025,Collectivité Territoriale,Intercommunalité,['Calvados'],['Normandie'],CC,{14},{28}
e976332f-1b28-4f68-a231-3c507f6e2a78,200066561,CC Sidobre Vals et Plateaux (81),false,"{81031,81037,81042,81053,81062,81125,81128,81137,81158,81177,81227,81252,81256,81267,81269,81305}",CC,2026-03-24 14:41:49.581307+01,gold_establishments_2025,,,,20006656100016,2025,Collectivité Territoriale,Intercommunalité,['Tarn'],['Occitanie'],CC,{81},{76}
b4d2df6b-50f0-4a50-8964-87f5ceb7d177,200071181,CC Somme Sud-Ouest (80),false,"{80013,80019,80022,80026,80040,80041,80046,80048,80050,80061,80062,80079,80081,80083,80084,80098,80106,80114,80119,80134,80142,80143,80157,80165,80169,80179,80183,80210,80211,80218,80219,80227,80259,80269,80273,80276,80285,80297,80301,80317,80319,80324,80330,80334,80336,80340,80343,80352,80354,80355,80356,80357,80361,80365,80375,80402,80436,80437,80443,80450,80455,80456,80459,80460,80479,80480,80484,80485,80515,80522,80525,80528,80531,80543,80554,80558,80559,80573,80575,80577,80582,80583,80586,80587,80591,80592,80604,80606,80607,80611,80627,80630,80643,80651,80655,80656,80663,80673,80698,80699,80703,80707,80709,80719,80728,80732,80734,80744,80754,80755,80757,80767,80786,80788,80796,80800,80813,80821,80828}",CC,2026-03-24 14:41:49.581307+01,gold_establishments_2025,,,,20007118100016,2025,Collectivité Territoriale,Intercommunalité,['Somme'],['Hauts-de-France'],CC,{80},{32}
bdbd68cf-404f-46bd-a855-e986deae53ec,200067049,CC Spelunca-Liamone (2A),false,"{2A014,2A019,2A022,2A027,2A028,2A048,2A060,2A065,2A070,2A090,2A100,2A108,2A131,2A141,2A144,2A154,2A174,2A196,2A197,2A198,2A203,2A204,2A212,2A240,2A258,2A259,2A262,2A266,2A270,2A279,2A282,2A295,2A348}",CC,2026-03-24 14:41:49.581307+01,gold_establishments_2025,,,,20006704900011,2025,Collectivité Territoriale,Intercommunalité,['Corse-du-Sud'],['Corse'],CC,{2A},{94}
742cb844-b2bd-47e7-97bc-3f980cc15f44,200066033,CC Sud Alsace Largue (68),false,"{68002,68006,68017,68018,68024,68050,68052,68057,68065,68068,68071,68077,68079,68085,68086,68098,68100,68105,68107,68114,68119,68125,68137,68176,68192,68196,68200,68202,68214,68215,68216,68257,68268,68282,68293,68299,68305,68306,68326,68330,68336,68337,68340,68378}",CC,2026-03-24 14:41:49.581307+01,gold_establishments_2025,,,,20006603300016,2025,Collectivité Territoriale,Intercommunalité,['Haut-Rhin'],['Grand Est'],CC,{68},{44}
49e751ad-07ef-4d01-836f-c34dab2705a3,247104094,CC Sud Côte Chalonnaise (71),false,"{71034,71037,71067,71070,71072,71115,71124,71139,71159,71201,71214,71216,71225,71247,71277,71296,71302,71324,71363,71374,71392,71417,71422,71426,71449,71455,71461,71471,71485,71498,71501,71503,71505,71515,71563,71579}",CC,2026-03-24 14:41:51.447482+01,gold_establishments_2025,,,,24710409400047,2025,Collectivité Territoriale,Intercommunalité,['Saône-et-Loire'],['Bourgogne-Franche-Comté'],CC,{71},{27}
0cd3a594-a394-46dd-942f-949cb8b655e0,200067700,CC Sud Nivernais (58),false,"{58020,58025,58055,58087,58095,58096,58105,58112,58115,58134,58137,58146,58151,58241,58250,58258,58280,58291,58293,58306}",CC,2026-03-24 14:41:49.581307+01,gold_establishments_2025,,,,20006770000019,2025,Collectivité Territoriale,Intercommunalité,['Nièvre'],['Bourgogne-Franche-Comté'],CC,{58},{27}
f08197a8-01b1-4881-bbab-b8feecb37d1e,200071546,CC Sud Retz Atlantique (44),false,"{44081,44087,44090,44119,44156,44157,44178,44206}",CC,2026-03-24 14:41:49.581307+01,gold_establishments_2025,,,,20007154600010,2025,Collectivité Territoriale,Intercommunalité,['Loire-Atlantique'],['Pays de la Loire'],CC,{44},{52}
ae11121b-e821-41b6-968c-d65d1e4794f3,200073112,CC Sud Sarthe (72),false,"{72013,72049,72060,72072,72077,72098,72175,72176,72182,72191,72243,72252,72283,72291,72327,72330,72364,72369,72385}",CC,2026-03-24 14:41:49.581307+01,gold_establishments_2025,,,,20007311200019,2025,Collectivité Territoriale,Intercommunalité,['Sarthe'],['Pays de la Loire'],CC,{72},{52}
afcb59b2-9e18-4e76-b110-ee7fb4b92f35,200073260,CC Sud Vendée Littoral (85),false,"{85001,85023,85036,85040,85042,85049,85056,85058,85061,85073,85074,85104,85105,85111,85115,85117,85128,85131,85135,85149,85157,85159,85171,85175,85185,85188,85193,85199,85207,85209,85216,85223,85235,85248,85255,85261,85267,85286,85290,85294,85297,85304}",CC,2026-03-24 14:41:49.581307+01,gold_establishments_2025,,,,20007326000016,2025,Collectivité Territoriale,Intercommunalité,['Vendée'],['Pays de la Loire'],CC,{85},{52}
57a257f3-d27e-4a64-96ab-75c77881fc0c,200042653,CC Sud-Hérault (34),false,"{34015,34021,34052,34065,34070,34074,34089,34092,34167,34170,34201,34206,34218,34225,34226,34245,34339}",CC,2026-03-24 14:41:49.581307+01,gold_establishments_2025,,,,20004265300010,2025,Collectivité Territoriale,Intercommunalité,['Hérault'],['Occitanie'],CC,{34},{76}
dd8551c1-17e4-4938-aae4-f876854b075e,246600282,CC Sud-Roussillon (66),false,"{66002,66059,66094,66114,66171,66208}",CC,2026-03-24 14:41:51.447482+01,gold_establishments_2025,,,,24660028200114,2025,Collectivité Territoriale,Intercommunalité,['Pyrénées-Orientales'],['Occitanie'],CC,{66},{76}
256e646f-93fa-4844-a871-3a47b661f6ca,241501055,CC Sumène - Artense (15),false,"{15008,15019,15020,15037,15038,15092,15111,15128,15131,15169,15206,15223,15240,15250,15254,15265}",CC,2026-03-24 14:41:49.581307+01,gold_establishments_2025,,,,24150105500016,2025,Collectivité Territoriale,Intercommunalité,['Cantal'],['Auvergne-Rhône-Alpes'],CC,{15},{84}
cee0c9e9-9c2a-4890-b7cf-dc34ca58c9a9,200066041,CC Sundgau (68),false,"{68004,68010,68025,68027,68033,68034,68035,68039,68049,68062,68067,68074,68075,68080,68081,68087,68090,68092,68096,68099,68124,68127,68128,68131,68138,68139,68141,68148,68152,68158,68165,68169,68181,68184,68186,68187,68190,68191,68194,68212,68221,68222,68240,68243,68245,68248,68259,68273,68284,68288,68303,68312,68320,68325,68332,68333,68347,68355,68356,68363,68371,68373,68377,68380}",CC,2026-03-24 14:41:49.581307+01,gold_establishments_2025,,,,20006604100019,2025,Collectivité Territoriale,Intercommunalité,['Haut-Rhin'],['Grand Est'],CC,{68},{44}
8250e952-c78a-42ff-9de9-6848d4c5e967,200067866,CC Sèvre et Loire (44),false,"{44016,44029,44032,44079,44084,44108,44117,44140,44141,44169,44212}",CC,2026-03-24 14:41:49.581307+01,gold_establishments_2025,,,,20006786600018,2025,Collectivité Territoriale,Intercommunalité,['Loire-Atlantique'],['Pays de la Loire'],CC,{44},{52}
ea4780c3-89eb-4dce-8703-8f3085a70b14,200067692,CC Tannay-Brinon-Corbigny (58),false,"{58005,58008,58015,58016,58018,58026,58029,58041,58043,58047,58050,58052,58054,58069,58070,58071,58075,58080,58083,58084,58098,58110,58116,58120,58123,58130,58132,58133,58150,58153,58154,58159,58165,58166,58169,58170,58179,58181,58183,58190,58191,58197,58208,58216,58224,58230,58237,58242,58266,58271,58272,58283,58284,58286,58288,58305,58308,58313}",CC,2026-03-24 14:41:49.581307+01,gold_establishments_2025,,,,20006769200018,2025,Collectivité Territoriale,Intercommunalité,['Nièvre'],['Bourgogne-Franche-Comté'],CC,{58},{27}
c4bd2caf-ea2e-4f56-94f3-de31708ba4d7,200034023,CC Tarn-Agout (31),false,"{31038,81011,81022,81025,81102,81116,81126,81140,81150,81157,81159,81173,81229,81236,81255,81261,81271,81298,81310,81318,81324}",CC,2026-03-24 14:41:49.581307+01,gold_establishments_2025,,,,20003402300016,2025,Collectivité Territoriale,Intercommunalité,"['Haute-Garonne', 'Tarn']",['Occitanie'],CC,"{31,81}",{76}
d8cd3a46-d0d0-48ba-bd06-9a65a3339ff7,200041150,CC Terrassonnais Haut Périgord Noir (24),false,"{24004,24018,24019,24020,24021,24025,24030,24046,24085,24113,24116,24117,24121,24130,24136,24153,24179,24188,24192,24202,24210,24229,24241,24284,24302,24321,24324,24401,24473,24491,24507,24545,24546,24547,24550,24555,24580}",CC,2026-03-24 14:41:49.581307+01,gold_establishments_2025,,,,20004115000018,2025,Collectivité Territoriale,Intercommunalité,['Dordogne'],['Nouvelle-Aquitaine'],CC,{24},{75}
e0b68233-ea38-4e55-8fdb-c7036003262d,200043693,CC Terre Lorraine du Longuyonnais (54),false,"{54011,54049,54056,54067,54081,54118,54134,54172,54178,54212,54236,54322,54378,54412,54420,54428,54476,54485,54489,54514,54568,54572,54574,54576,54582,54590,54602}",CC,2026-03-24 14:41:49.581307+01,gold_establishments_2025,,,,20004369300049,2025,Collectivité Territoriale,Intercommunalité,['Meurthe-et-Moselle'],['Grand Est'],CC,{54},{44}
ee091a12-e86d-4986-b5bd-48b97f76a552,240100891,CC Terre Valserhône (01),false,"{01033,01044,01081,01082,01114,01174,01189,01215,01257,01298,01357,01448}",CC,2026-03-24 14:41:49.581307+01,gold_establishments_2025,,,,24010089100102,2025,Collectivité Territoriale,Intercommunalité,['Ain'],['Auvergne-Rhône-Alpes'],CC,{01},{84}
b9bc75b0-9d53-4111-9b2e-0a033fa4a620,241400878,CC Terre d'Auge (14),false,"{14016,14032,14033,14055,14077,14083,14085,14086,14091,14093,14102,14104,14131,14161,14218,14230,14238,14261,14269,14280,14285,14302,14358,14398,14399,14426,14466,14500,14514,14533,14534,14541,14555,14563,14575,14593,14601,14620,14644,14682,14694,14706,14723,14748}",CC,2026-03-24 14:41:49.581307+01,gold_establishments_2025,,,,24140087800070,2025,Collectivité Territoriale,Intercommunalité,['Calvados'],['Normandie'],CC,{14},{28}
2abefe5b-1bae-4c86-8e6e-29054d77da4a,200068682,CC Terre d'Eau (88),false,"{88003,88017,88022,88043,88045,88051,88079,88114,88119,88141,88144,88146,88164,88194,88195,88227,88231,88241,88283,88285,88296,88309,88316,88325,88332,88335,88343,88385,88403,88430,88434,88440,88446,88448,88461,88466,88472,88482,88485,88488,88490,88496,88516,88518,88524}",CC,2026-03-24 14:41:49.581307+01,gold_establishments_2025,,,,20006868200018,2025,Collectivité Territoriale,Intercommunalité,['Vosges'],['Grand Est'],CC,{88},{44}
4447a3a7-eb1b-4467-a191-149262fb4558,200090579,CC Terre d'Émeraude Communauté (39),false,"{39007,39010,39016,39018,39021,39038,39045,39058,39061,39062,39063,39080,39086,39092,39102,39106,39107,39109,39111,39118,39122,39134,39137,39143,39154,39156,39163,39166,39168,39175,39179,39180,39184,39192,39200,39201,39204,39207,39216,39230,39239,39247,39253,39265,39269,39273,39278,39283,39289,39290,39307,39312,39314,39318,39322,39324,39326,39328,39333,39343,39351,39353,39363,39375,39380,39390,39394,39397,39408,39420,39423,39431,39435,39443,39455,39468,39485,39492,39493,39504,39505,39518,39519,39530,39531,39534,39538,39547,39556,39557,39561,39583}",CC,2026-03-24 14:41:49.581307+01,gold_establishments_2025,,,,20009057900018,2025,Collectivité Territoriale,Intercommunalité,['Jura'],['Bourgogne-Franche-Comté'],CC,{39},{27}
74b252cb-c4d6-4324-87d8-bc731210101c,243000650,CC Terre de Camargue (30),false,"{30003,30133,30276}",CC,2026-03-24 14:41:49.581307+01,gold_establishments_2025,,,,24300065000016,2025,Collectivité Territoriale,Intercommunalité,['Gard'],['Occitanie'],CC,{30},{76}
6f6bf66c-6828-4e95-81cd-69980abc0cf6,200070928,CC Terre de Picardie (80),false,"{80002,80033,80058,80067,80080,80090,80116,80162,80186,80189,80191,80194,80247,80288,80304,80320,80325,80335,80339,80342,80347,80353,80400,80409,80417,80432,80481,80509,80520,80524,80617,80621,80644,80646,80647,80680,80682,80741,80781,80789,80814,80823,80824}",CC,2026-03-24 14:41:49.581307+01,gold_establishments_2025,,,,20007092800011,2025,Collectivité Territoriale,Intercommunalité,['Somme'],['Hauts-de-France'],CC,{80},{32}
a192461e-6725-4062-b4b4-7be6340d87e9,200070563,CC Terres Touloises (54),false,"{54007,54016,54019,54034,54073,54086,54088,54102,54120,54122,54128,54160,54162,54167,54174,54202,54205,54208,54232,54240,54242,54272,54288,54298,54306,54327,54346,54348,54360,54370,54404,54414,54426,54466,54492,54528,54532,54534,54557,54583,54584}",CC,2026-03-24 14:41:49.581307+01,gold_establishments_2025,,,,20007056300016,2025,Collectivité Territoriale,Intercommunalité,['Meurthe-et-Moselle'],['Grand Est'],CC,{54},{44}
18494a2b-9028-4c03-acbc-8f5603352d78,200068450,CC Terres d'Argentan Interco (61),false,"{61006,61014,61020,61023,61055,61062,61114,61120,61123,61152,61153,61170,61171,61190,61194,61197,61210,61212,61217,61237,61238,61276,61283,61289,61291,61298,61302,61303,61314,61316,61328,61344,61349,61352,61358,61371,61375,61390,61399,61413,61462,61472,61473,61474,61479,61490,61494,61503,61505}",CC,2026-03-24 14:41:49.581307+01,gold_establishments_2025,,,,20006845000010,2025,Collectivité Territoriale,Intercommunalité,['Orne'],['Normandie'],CC,{61},{28}
47f733f2-2ada-45df-8b20-7410fedad9fb,200071538,CC Terres de Bresse (71),false,"{71001,71002,71018,71023,71061,71097,71158,71206,71213,71234,71244,71256,71261,71293,71318,71332,71336,71365,71366,71373,71398,71420,71508,71522,71548}",CC,2026-03-24 14:41:49.581307+01,gold_establishments_2025,,,,20007153800017,2025,Collectivité Territoriale,Intercommunalité,['Saône-et-Loire'],['Bourgogne-Franche-Comté'],CC,{71},{27}
70d7a529-5b5a-4036-8149-339454a1e9d9,200069631,CC Terres de Chalosse (40),false,"{40023,40038,40068,40078,40084,40089,40104,40106,40112,40113,40115,40121,40126,40141,40144,40147,40159,40160,40177,40194,40201,40204,40205,40208,40216,40235,40236,40237,40249,40260,40263,40308,40318,40324}",CC,2026-03-24 14:41:49.581307+01,gold_establishments_2025,,,,20006963100014,2025,Collectivité Territoriale,Intercommunalité,['Landes'],['Nouvelle-Aquitaine'],CC,{40},{75}
8b0bf3df-e041-4d51-860f-495b23aa9482,200070167,CC Terres de Perche (28),false,"{28033,28071,28086,28105,28109,28119,28156,28161,28192,28214,28232,28237,28240,28264,28265,28282,28331,28335,28354,28362,28387,28401}",CC,2026-03-24 14:41:49.581307+01,gold_establishments_2025,,,,20007016700016,2025,Collectivité Territoriale,Intercommunalité,['Eure-et-Loir'],['Centre-Val de Loire'],CC,{28},{24}
95992541-4738-45c1-8f76-7836e703874a,200041879,CC Terres de Saône (70),false,"{70012,70015,70017,70044,70056,70079,70087,70095,70106,70133,70146,70167,70170,70190,70214,70228,70235,70236,70278,70341,70343,70372,70380,70415,70421,70426,70427,70472,70476,70483,70488,70518,70522,70524,70534,70545,70558,70566,70569}",CC,2026-03-24 14:41:49.581307+01,gold_establishments_2025,,,,20004187900012,2025,Collectivité Territoriale,Intercommunalité,['Haute-Saône'],['Bourgogne-Franche-Comté'],CC,{70},{27}
113f5046-12ae-4809-9eb8-050071c11acc,200066322,CC Terres des Confluences (82),false,"{82003,82019,82030,82031,82033,82035,82045,82046,82051,82058,82063,82081,82086,82096,82099,82112,82118,82127,82152,82156,82169,82171}",CC,2026-03-24 14:41:49.581307+01,gold_establishments_2025,,,,20006632200013,2025,Collectivité Territoriale,Intercommunalité,['Tarn-et-Garonne'],['Occitanie'],CC,{82},{76}
0a5683e9-7de2-4042-b860-81a79ff710e1,200066330,CC Terres du Haut Berry (18),false,"{18001,18003,18004,18005,18016,18019,18035,18051,18097,18109,18111,18145,18151,18156,18158,18162,18163,18176,18179,18189,18194,18202,18206,18211,18223,18229,18235,18253,18271,18280}",CC,2026-03-24 14:41:49.581307+01,gold_establishments_2025,,,,20006633000016,2025,Collectivité Territoriale,Intercommunalité,['Cher'],['Centre-Val de Loire'],CC,{18},{24}
137966a5-f9ad-4c30-803d-cdab3f9291fb,248400285,CC Territoriale Sud-Luberon (84),false,"{84002,84009,84010,84014,84024,84026,84042,84052,84076,84084,84090,84113,84121,84133,84147,84151}",CC,2026-03-24 14:41:51.447482+01,gold_establishments_2025,,,,24840028500057,2025,Collectivité Territoriale,Intercommunalité,['Vaucluse'],"[""Provence-Alpes-Côte d'Azur""]",CC,{84},{93}
75a29e74-1c45-4f1f-b4a5-0d45ea5fa2d6,200068534,CC Terroir de Caux (76),false,"{76004,76018,76019,76034,76036,76047,76050,76051,76063,76066,76072,76075,76085,76086,76096,76097,76112,76136,76138,76153,76162,76168,76170,76173,76197,76204,76205,76214,76249,76274,76284,76306,76308,76327,76330,76334,76335,76356,76360,76373,76379,76380,76383,76389,76395,76397,76400,76405,76449,76458,76478,76485,76492,76515,76519,76546,76549,76570,76572,76574,76577,76582,76589,76602,76604,76628,76629,76632,76654,76656,76662,76690,76694,76697,76698,76700,76721,76723,76731}",CC,2026-03-24 14:41:49.581307+01,gold_establishments_2025,,,,20006853400011,2025,Collectivité Territoriale,Intercommunalité,['Seine-Maritime'],['Normandie'],CC,{76},{28}
8f48e51b-20a6-4193-aa88-3c5b492b8125,200067973,CC Thelloise (60),false,"{60002,60015,60016,60044,60060,60065,60074,60086,60135,60139,60155,60165,60185,60197,60212,60249,60259,60307,60316,60317,60334,60393,60398,60426,60429,60433,60437,60450,60462,60469,60504,60513,60517,60574,60575,60598,60620,60638,60651,60685,60686}",CC,2026-03-24 14:41:49.581307+01,gold_establishments_2025,,,,20006797300012,2025,Collectivité Territoriale,Intercommunalité,['Oise'],['Hauts-de-France'],CC,{60},{32}
e407268e-0537-4900-9dd3-f73f192ffaf5,200070712,CC Thiers Dore et Montagne (63),false,"{63008,63015,63016,63066,63072,63095,63102,63125,63138,63151,63184,63231,63249,63253,63260,63267,63271,63291,63298,63301,63310,63343,63393,63402,63414,63418,63430,63463,63468,63469}",CC,2026-03-24 14:41:49.581307+01,gold_establishments_2025,,,,20007071200159,2025,Collectivité Territoriale,Intercommunalité,['Puy-de-Dôme'],['Auvergne-Rhône-Alpes'],CC,{63},{84}
df18a18b-c9f5-4fce-8996-b468bc668cf4,200071983,CC Thiérache Sambre et Oise (02),false,"{02006,02035,02070,02188,02244,02298,02313,02358,02361,02366,02376,02386,02414,02422,02450,02455,02469,02476,02488,02494,02563,02569,02624,02625,02647,02654,02683,02753,02757,02760,02769,02779,02783,02784,02814,02830}",CC,2026-03-24 14:41:49.581307+01,gold_establishments_2025,,,,20007198300015,2025,Collectivité Territoriale,Intercommunalité,['Aisne'],['Hauts-de-France'],CC,{02},{32}
0df53a44-4907-4753-b325-daaf860be2ed,248100745,CC Thoré Montagne Noire (81),false,"{81005,81036,81115,81121,81223,81231,81239,81278,81321}",CC,2026-03-24 14:41:51.447482+01,gold_establishments_2025,,,,24810074500038,2025,Collectivité Territoriale,Intercommunalité,['Tarn'],['Occitanie'],CC,{81},{76}
824019f9-6e49-40ae-82f1-4d5d5078aa69,200070910,CC Tille et Venelle (21),false,"{21041,21049,21096,21118,21119,21163,21207,21220,21275,21283,21304,21400,21472,21536,21579,21599,21665,21667}",CC,2026-03-24 14:41:49.581307+01,gold_establishments_2025,,,,20007091000068,2025,Collectivité Territoriale,Intercommunalité,"[""Côte-d'Or""]",['Bourgogne-Franche-Comté'],CC,{21},{27}
d7143917-44cd-41ed-a113-7c69bdf418dd,200072981,CC Touraine Ouest Val de Loire (37),false,"{37002,37013,37024,37031,37036,37037,37055,37058,37062,37077,37081,37082,37084,37086,37112,37117,37123,37137,37146,37150,37193,37198,37223,37228,37232,37241,37251,37279}",CC,2026-03-24 14:41:49.581307+01,gold_establishments_2025,,,,20007298100018,2025,Collectivité Territoriale,Intercommunalité,['Indre-et-Loire'],['Centre-Val de Loire'],CC,{37},{24}
2348e99b-75af-4a0b-9df9-2e7b97f74bd6,200072668,CC Touraine Val de Vienne (37),false,"{37005,37007,37012,37034,37035,37040,37051,37065,37071,37087,37090,37093,37105,37119,37121,37125,37129,37140,37142,37147,37148,37165,37174,37176,37178,37180,37187,37188,37190,37191,37196,37199,37216,37226,37244,37255,37256,37260,37262,37268}",CC,2026-03-24 14:41:49.581307+01,gold_establishments_2025,,,,20007266800011,2025,Collectivité Territoriale,Intercommunalité,['Indre-et-Loire'],['Centre-Val de Loire'],CC,{37},{24}
3290ab23-3118-45b2-8b3e-ce8bdd2fac0a,200072650,CC Touraine Vallée de l'Indre (37),false,"{37006,37014,37038,37056,37067,37104,37128,37154,37159,37186,37197,37200,37205,37211,37212,37250,37257,37263,37264,37266,37271,37278}",CC,2026-03-24 14:41:49.581307+01,gold_establishments_2025,,,,20007265000019,2025,Collectivité Territoriale,Intercommunalité,['Indre-et-Loire'],['Centre-Val de Loire'],CC,{37},{24}
27101515-062a-4361-bd26-461defb52f89,200073161,CC Touraine-Est Vallées (37),false,"{37015,37052,37124,37153,37156,37194,37267,37270,37273,37281}",CC,2026-03-24 14:41:49.581307+01,gold_establishments_2025,,,,20007316100016,2025,Collectivité Territoriale,Intercommunalité,['Indre-et-Loire'],['Centre-Val de Loire'],CC,{37},{24}
7600dac9-39ce-46f3-b87d-b54b6c703ec2,200070852,CC Usses et Rhône (01),false,"{01010,01118,01407,74029,74055,74065,74066,74068,74071,74075,74077,74078,74086,74100,74107,74109,74130,74131,74168,74178,74184,74195,74235,74269,74285,74291}",CC,2026-03-24 14:41:49.581307+01,gold_establishments_2025,,,,20007085200187,2025,Collectivité Territoriale,Intercommunalité,"['Ain', 'Haute-Savoie']",['Auvergne-Rhône-Alpes'],CC,"{01,74}",{84}
d296fd6a-4d21-4b71-96ea-70ca5270a053,248400335,CC Vaison Ventoux (26),false,"{26188,84021,84022,84028,84040,84044,84045,84094,84096,84098,84104,84110,84111,84116,84117,84125,84126,84137,84146}",CC,2026-03-24 14:41:51.447482+01,gold_establishments_2025,,,,24840033500019,2025,Collectivité Territoriale,Intercommunalité,"['Drôme', 'Vaucluse']",['Auvergne-Rhône-Alpes'],CC,"{26,84}",{84}
4525c08d-9434-42a8-b12f-b098e363758c,248100497,CC Val 81 (81),false,"{81013,81019,81047,81071,81073,81082,81089,81094,81122,81141,81199,81247,81253,81259,81264,81277,81285,81303,81308}",CC,2026-03-24 14:41:51.447482+01,gold_establishments_2025,,,,24810049700044,2025,Collectivité Territoriale,Intercommunalité,['Tarn'],['Occitanie'],CC,{81},{76}
d4193547-c73d-4262-84a5-f459f752f5dd,200072874,CC Val Briard (77),false,"{77031,77087,77091,77104,77135,77138,77144,77177,77192,77229,77254,77264,77277,77318,77336,77357,77365,77377,77393,77486,77527}",CC,2026-03-24 14:41:49.581307+01,gold_establishments_2025,,,,20007287400072,2025,Collectivité Territoriale,Intercommunalité,['Seine-et-Marne'],['Île-de-France'],CC,{77},{11}
f2832f8e-5041-4cf0-97c4-8dd245fc17e9,200041465,CC Val Eyrieux (07),false,"{07001,07006,07012,07049,07054,07064,07080,07082,07103,07104,07108,07123,07150,07151,07165,07192,07204,07209,07212,07215,07220,07222,07226,07239,07248,07249,07269,07276,07286}",CC,2026-03-24 14:41:49.581307+01,gold_establishments_2025,,,,20004146500010,2025,Collectivité Territoriale,Intercommunalité,['Ardèche'],['Auvergne-Rhône-Alpes'],CC,{07},{84}
e54e9b96-fa70-4ee1-be64-d0d5a0176298,247300528,CC Val Guiers (73),false,"{73025,73039,73058,73070,73100,73204,73214,73226,73236,73254,73309}",CC,2026-03-24 14:41:51.447482+01,gold_establishments_2025,,,,24730052800061,2025,Collectivité Territoriale,Intercommunalité,['Savoie'],['Auvergne-Rhône-Alpes'],CC,{73},{84}
92a3801c-8bbe-4431-a5f0-04abc315cc82,200040798,CC Val Vanoise (73),false,"{73015,73055,73057,73071,73113,73161,73201,73206,73227}",CC,2026-03-24 14:41:49.581307+01,gold_establishments_2025,,,,20004079800106,2025,Collectivité Territoriale,Intercommunalité,['Savoie'],['Auvergne-Rhône-Alpes'],CC,{73},{84}
9e2b5545-bbef-45a0-8f2a-54724de0e46f,243500667,CC Val d'Ille-Aubigné (35),false,"{35003,35007,35110,35118,35128,35146,35173,35177,35193,35195,35197,35251,35274,35276,35296,35317,35326,35355,35356}",CC,2026-03-24 14:41:51.447482+01,gold_establishments_2025,,,,24350066700288,2025,Collectivité Territoriale,Intercommunalité,['Ille-et-Vilaine'],['Bretagne'],CC,{35},{53}
86c68731-d190-4c2a-a6b1-0cf19de0ea3d,200043016,CC Val de Charente (16),false,"{16002,16031,16039,16044,16059,16098,16104,16110,16114,16127,16136,16142,16189,16190,16197,16229,16242,16253,16268,16273,16292,16321,16325,16335,16356,16361,16373,16378,16381,16400,16409,16413}",CC,2026-03-24 14:41:49.581307+01,gold_establishments_2025,,,,20004301600019,2025,Collectivité Territoriale,Intercommunalité,['Charente'],['Nouvelle-Aquitaine'],CC,{16},{75}
b51f7e75-5e0e-4efb-89de-b994e670b949,200072320,CC Val de Gers (32),false,"{32010,32015,32029,32041,32053,32060,32065,32103,32114,32118,32122,32130,32153,32169,32185,32186,32200,32201,32216,32228,32242,32250,32266,32267,32272,32280,32287,32300,32302,32304,32324,32327,32361,32365,32381,32409,32411,32426,32430,32438,32454,32468}",CC,2026-03-24 14:41:49.581307+01,gold_establishments_2025,,,,20007232000019,2025,Collectivité Territoriale,Intercommunalité,['Gers'],['Occitanie'],CC,{32},{76}
a5ee625a-6a9a-4563-b5f6-d66f7d2ed58c,200036549,CC Val de Gray (70),false,"{70018,70024,70026,70030,70032,70041,70043,70054,70080,70100,70101,70124,70125,70132,70151,70185,70211,70218,70220,70225,70265,70279,70280,70289,70302,70305,70331,70376,70389,70394,70402,70408,70422,70443,70444,70446,70461,70466,70471,70479,70480,70505,70510,70514,70523,70528,70529,70542}",CC,2026-03-24 14:41:49.581307+01,gold_establishments_2025,,,,20003654900166,2025,Collectivité Territoriale,Intercommunalité,['Haute-Saône'],['Bourgogne-Franche-Comté'],CC,{70},{27}
7bffe5a3-7f18-4867-8ad7-57340a0ae5a2,200069748,CC Val de Gâtine (79),false,"{79012,79029,79032,79040,79059,79066,79070,79077,79092,79101,79104,79117,79119,79139,79172,79200,79223,79241,79253,79263,79267,79269,79271,79284,79285,79290,79309,79320,79345,79354,79357}",CC,2026-03-24 14:41:49.581307+01,gold_establishments_2025,,,,20006974800016,2025,Collectivité Territoriale,Intercommunalité,['Deux-Sèvres'],['Nouvelle-Aquitaine'],CC,{79},{75}
4ce280bf-24de-4a67-b5e1-0f2649b9a7fc,240700617,CC Val de Ligne (07),false,"{07058,07062,07109,07132,07134,07162,07187,07193,07307,07318,07327}",CC,2026-03-24 14:41:49.581307+01,gold_establishments_2025,,,,24070061700030,2025,Collectivité Territoriale,Intercommunalité,['Ardèche'],['Auvergne-Rhône-Alpes'],CC,{07},{84}
468c91fd-bea3-421e-8afa-dd6bd0d687de,200066165,CC Val de Meuse - Voie Sacrée (55),false,"{55007,55009,55045,55154,55166,55204,55241,55260,55276,55286,55347,55385,55395,55411,55420,55449,55453,55482,55492,55497,55498,55512,55525,55566,55567}",CC,2026-03-24 14:41:49.581307+01,gold_establishments_2025,,,,20006616500016,2025,Collectivité Territoriale,Intercommunalité,['Meuse'],['Grand Est'],CC,{55},{44}
abd55f0d-1a52-4629-b3a5-563adfe52265,200070118,CC Val de Saône Centre (01),false,"{01075,01165,01167,01169,01183,01188,01225,01243,01252,01258,01263,01295,01348,01351,01420}",CC,2026-03-24 14:41:49.581307+01,gold_establishments_2025,,,,20007011800019,2025,Collectivité Territoriale,Intercommunalité,['Ain'],['Auvergne-Rhône-Alpes'],CC,{01},{84}
d18b7507-ed0d-42f4-b0bb-678768d08fc2,243600301,CC Val de l'Indre - Brenne (36),false,"{36007,36031,36040,36050,36118,36139,36142,36194,36198,36218,36232,36241}",CC,2026-03-24 14:41:51.447482+01,gold_establishments_2025,,,,24360030100010,2025,Collectivité Territoriale,Intercommunalité,['Indre'],['Centre-Val de Loire'],CC,{36},{24}
13350e96-7dce-460b-8385-c8f61b5a7ec4,200065589,CC Val ès Dunes (14),false,"{14005,14020,14036,14057,14119,14134,14149,14163,14173,14237,14287,14344,14456,14482,14637,14640,14651,14659,14761}",CC,2026-03-24 14:41:49.581307+01,gold_establishments_2025,,,,20006558900018,2025,Collectivité Territoriale,Intercommunalité,['Calvados'],['Normandie'],CC,{14},{28}
7077ab3b-fcae-4e16-9f27-32699165f201,243100773,CC Val'Aïgo (31),false,"{31066,31073,31077,31094,31288,31311,31346,31583,31584}",CC,2026-03-24 14:41:51.447482+01,gold_establishments_2025,,,,24310077300064,2025,Collectivité Territoriale,Intercommunalité,['Haute-Garonne'],['Occitanie'],CC,{31},{76}
66327b7b-21f8-4f14-81f1-ec36e509f40f,200072064,CC Val-de-Cher-Controis (41),false,"{41002,41042,41043,41049,41051,41054,41059,41062,41063,41080,41094,41099,41112,41126,41132,41139,41146,41151,41164,41166,41180,41181,41195,41198,41211,41217,41229,41237,41239,41242,41247,41258,41267}",CC,2026-03-24 14:41:49.581307+01,gold_establishments_2025,,,,20007206400013,2025,Collectivité Territoriale,Intercommunalité,['Loir-et-Cher'],['Centre-Val de Loire'],CC,{41},{24}
65e3c5c5-b1f3-4e50-95cd-624104c11c1f,200043990,CC Vallons de Haute-Bretagne Communauté (35),false,"{35016,35033,35035,35046,35057,35084,35123,35126,35127,35149,35155,35160,35168,35175,35176,35289,35311,35312}",CC,2026-03-24 14:41:49.581307+01,gold_establishments_2025,,,,20004399000015,2025,Collectivité Territoriale,Intercommunalité,['Ille-et-Vilaine'],['Bretagne'],CC,{35},{53}
5806a314-ca35-4b22-b929-e5cd591e133e,243400694,CC Vallée de l'Hérault (34),false,"{34010,34011,34012,34016,34029,34035,34047,34114,34122,34125,34163,34173,34204,34208,34210,34215,34221,34222,34239,34241,34261,34262,34267,34281,34282,34287,34313,34328}",CC,2026-03-24 14:41:51.447482+01,gold_establishments_2025,,,,24340069400127,2025,Collectivité Territoriale,Intercommunalité,['Hérault'],['Occitanie'],CC,{34},{76}
e2934793-1edd-43f8-b303-489ad88ba201,200072304,CC Vallée de l'Ubaye - Serre-Ponçon (04),false,"{04019,04033,04062,04073,04086,04096,04102,04120,04161,04193,04195,04220,04226}",CC,2026-03-24 14:41:49.581307+01,gold_establishments_2025,,,,20007230400013,2025,Collectivité Territoriale,Intercommunalité,['Alpes-de-Haute-Provence'],"[""Provence-Alpes-Côte d'Azur""]",CC,{04},{93}
f3d461ef-9c55-4684-99d1-17d6db8b6f44,200041051,CC Vallée de la Dordogne et Forêt Bessède (24),false,"{24006,24035,24036,24084,24087,24122,24142,24151,24206,24230,24254,24268,24293,24360,24396,24406,24416,24478,24517,24538}",CC,2026-03-24 14:41:49.581307+01,gold_establishments_2025,,,,20004105100083,2025,Collectivité Territoriale,Intercommunalité,['Dordogne'],['Nouvelle-Aquitaine'],CC,{24},{75}
f73b0a85-c6b6-464f-9c80-10b28f789881,241300375,CC Vallée des Baux-Alpilles (CC VBA) (13),false,"{13006,13011,13034,13038,13057,13058,13065,13068,13094,13100}",CC,2026-03-24 14:41:49.581307+01,gold_establishments_2025,,,,24130037500169,2025,Collectivité Territoriale,Intercommunalité,['Bouches-du-Rhône'],"[""Provence-Alpes-Côte d'Azur""]",CC,{13},{93}
50b39ad3-719e-498c-9e6f-9b3d991d1bb8,200066728,CC Vallées de l'Orne et de l'Odon (14),false,"{14006,14034,14042,14089,14122,14249,14257,14266,14274,14277,14297,14311,14349,14393,14396,14408,14438,14446,14519,14592,14721,14747}",CC,2026-03-24 14:41:49.581307+01,gold_establishments_2025,,,,20006672800094,2025,Collectivité Territoriale,Intercommunalité,['Calvados'],['Normandie'],CC,{14},{28}
b3f920e6-bb19-4050-a236-f0ce53594e10,200067759,CC Vallées et Plateau d'Ardenne (08),false,"{08071,08078,08081,08110,08139,08202,08206,08212,08217,08218,08237,08242,08249,08260,08284,08297,08302,08312,08322,08361,08365,08367,08389,08417,08429,08432,08436,08448,08450,08456,08460}",CC,2026-03-24 14:41:49.581307+01,gold_establishments_2025,,,,20006775900015,2025,Collectivité Territoriale,Intercommunalité,['Ardennes'],['Grand Est'],CC,{08},{44}
9ce09f8f-9eaf-413f-80e5-cc37bbc2a553,200041689,CC Vals de Saintonge Communauté (17),false,"{17011,17012,17013,17017,17022,17023,17024,17025,17026,17029,17031,17035,17037,17042,17043,17046,17048,17049,17053,17062,17067,17070,17071,17085,17087,17101,17105,17114,17117,17124,17125,17126,17135,17137,17138,17139,17149,17150,17157,17162,17165,17176,17177,17180,17181,17188,17195,17198,17202,17206,17211,17212,17213,17217,17223,17224,17226,17234,17239,17252,17254,17256,17257,17261,17266,17268,17271,17277,17288,17290,17292,17294,17301,17327,17344,17347,17350,17356,17358,17361,17367,17374,17377,17381,17383,17384,17397,17401,17416,17422,17427,17428,17435,17436,17440,17446,17448,17450,17451,17459,17464,17465,17467,17471,17473,17474,17477,17478,17481}",CC,2026-03-24 14:41:49.581307+01,gold_establishments_2025,,,,20004168900015,2025,Collectivité Territoriale,Intercommunalité,['Charente-Maritime'],['Nouvelle-Aquitaine'],CC,{17},{75}
d1ffd8a6-e19d-41ae-9fc6-da468130025c,200071900,CC Vendée Grand Littoral (85),false,"{85004,85010,85022,85026,85050,85077,85101,85103,85114,85116,85127,85156,85179,85200,85201,85206,85231,85277,85278,85288}",CC,2026-03-24 14:41:49.581307+01,gold_establishments_2025,,,,20007190000308,2025,Collectivité Territoriale,Intercommunalité,['Vendée'],['Pays de la Loire'],CC,{85},{52}
89152c48-59d2-4070-892f-324bd6a2ec5e,248500563,"CC Vendée, Sèvre, Autise (85)",false,"{85020,85028,85078,85087,85123,85132,85133,85139,85162,85184,85227,85265,85269,85303,85306}",CC,2026-03-24 14:41:51.447482+01,gold_establishments_2025,,,,24850056300031,2025,Collectivité Territoriale,Intercommunalité,['Vendée'],['Pays de la Loire'],CC,{85},{52}
f4a1e5d5-8b4d-4b28-ba4b-1bc82c10a645,200035723,CC Ventoux Sud (26),false,"{26135,84005,84018,84070,84075,84079,84082,84107,84120,84123,84148}",CC,2026-03-24 14:41:49.581307+01,gold_establishments_2025,,,,20003572300010,2025,Collectivité Territoriale,Intercommunalité,"['Drôme', 'Vaucluse']",['Auvergne-Rhône-Alpes'],CC,"{26,84}",{84}
d10b6f5d-2823-4464-8b99-749f3f31de15,200035970,CC Vexin Centre (95),false,"{95002,95040,95054,95059,95078,95102,95110,95142,95166,95169,95170,95177,95181,95253,95254,95287,95295,95298,95303,95348,95370,95422,95438,95447,95459,95483,95535,95584,95592,95610,95611,95625,95658}",CC,2026-03-24 14:41:49.581307+01,gold_establishments_2025,,,,20003597000017,2025,Collectivité Territoriale,Intercommunalité,"[""Val-d'Oise""]",['Île-de-France'],CC,{95},{11}
725e72ac-f494-4a5e-92e0-c15873f4c65e,200070043,CC Vienne et Gartempe (86),false,"{86001,86006,86011,86015,86025,86034,86035,86037,86040,86059,86077,86084,86098,86107,86110,86112,86117,86118,86120,86122,86126,86131,86132,86138,86140,86152,86153,86159,86165,86170,86171,86172,86175,86176,86187,86190,86191,86192,86200,86203,86223,86228,86230,86233,86234,86236,86246,86254,86262,86270,86273,86276,86285,86289,86291}",CC,2026-03-24 14:41:49.581307+01,gold_establishments_2025,,,,20007004300019,2025,Collectivité Territoriale,Intercommunalité,['Vienne'],['Nouvelle-Aquitaine'],CC,{86},{75}
95aa812e-69d7-4e84-96b8-327e67ed69e5,200090561,CC Vierzon-Sologne-Berry (18),false,"{18085,18096,18100,18103,18140,18150,18165,18167,18210,18214,18219,18228,18263,18279,18281,18290}",CC,2026-03-24 14:41:49.581307+01,gold_establishments_2025,,,,20009056100016,2025,Collectivité Territoriale,Intercommunalité,['Cher'],['Centre-Val de Loire'],CC,{18},{24}
1a0d3649-f303-4d76-945b-957b7aba5a44,200066645,CC Vézère-Monédières-Millesources (19),false,"{19001,19027,19033,19036,19074,19087,19088,19095,19112,19122,19165,19168,19172,19209,19262,19265,19268,19269,19281,19284}",CC,2026-03-24 14:41:49.581307+01,gold_establishments_2025,,,,20006664500017,2025,Collectivité Territoriale,Intercommunalité,['Corrèze'],['Nouvelle-Aquitaine'],CC,{19},{75}
aeb8ec26-c5b4-4466-a4a1-f26d45784ede,200066751,CC Xaintrie Val'Dordogne (19),false,"{19004,19010,19014,19017,19018,19034,19045,19069,19084,19086,19091,19133,19140,19149,19171,19173,19186,19189,19192,19193,19205,19212,19214,19215,19221,19222,19237,19245,19258,19259}",CC,2026-03-24 14:41:49.581307+01,gold_establishments_2025,,,,20006675100013,2025,Collectivité Territoriale,Intercommunalité,['Corrèze'],['Nouvelle-Aquitaine'],CC,{19},{75}
15ec0fbc-fefc-4f49-9360-db979ed8b77b,248900896,CC Yonne Nord (89),false,"{89074,89080,89093,89115,89124,89136,89162,89189,89255,89285,89302,89309,89369,89390,89391,89414,89449,89456,89458,89460,89465,89469,89480}",CC,2026-03-24 14:41:51.447482+01,gold_establishments_2025,,,,24890089600080,2025,Collectivité Territoriale,Intercommunalité,['Yonne'],['Bourgogne-Franche-Comté'],CC,{89},{27}
e410dbb8-fd0b-4925-a0a5-1e585199e07b,247600620,CC Yvetot Normandie (76),false,"{76001,76041,76043,76055,76110,76160,76203,76223,76225,76289,76347,76348,76433,76531,76568,76610,76702,76718,76758}",CC,2026-03-24 14:41:51.447482+01,gold_establishments_2025,,,,24760062000063,2025,Collectivité Territoriale,Intercommunalité,['Seine-Maritime'],['Normandie'],CC,{76},{28}
4fc04e89-f5d1-434d-8168-5e86f8cafa0e,200030435,CC d'Aire-sur-l'Adour (32),false,"{32004,32017,32027,32046,32108,32145,32192,32333,32424,32460,40001,40022,40057,40082,40091,40097,40146,40240,40247,40270,40290,40325}",CC,2026-03-24 14:41:49.581307+01,gold_establishments_2025,,,,20003043500123,2025,Collectivité Territoriale,Intercommunalité,"['Gers', 'Landes']",['Nouvelle-Aquitaine'],CC,"{32,40}",{75}
b7897591-869f-4e15-a4c5-33211170f236,200071777,"CC d'Arcis, Mailly, Ramerupt (10)",false,"{10004,10006,10065,10077,10091,10095,10101,10121,10127,10130,10167,10172,10174,10195,10216,10235,10236,10257,10267,10269,10272,10273,10293,10299,10314,10338,10354,10361,10369,10379,10380,10386,10398,10400,10405,10429,10430,10436,10442}",CC,2026-03-24 14:41:49.581307+01,gold_establishments_2025,,,,20007177700011,2025,Collectivité Territoriale,Intercommunalité,['Aube'],['Grand Est'],CC,{10},{44}
b1ab5edf-a3bc-46ba-8447-c19d448de962,200027308,CC d'Auberive Vingeanne et Montsaugeonnais (52),false,"{52014,52016,52023,52027,52028,52035,52040,52070,52092,52094,52113,52126,52134,52137,52138,52145,52158,52170,52189,52200,52216,52228,52249,52285,52292,52298,52344,52360,52364,52384,52393,52395,52403,52405,52425,52431,52437,52439,52446,52450,52486,52499,52507,52515,52516,52519,52526,52529,52536,52540,52542}",CC,2026-03-24 14:41:49.581307+01,gold_establishments_2025,,,,20002730800010,2025,Collectivité Territoriale,Intercommunalité,['Haute-Marne'],['Grand Est'],CC,{52},{44}
0605c517-8560-4b2a-92e2-e5bbcdae67d7,244400503,CC d'Erdre et Gesvres (44),false,"{44027,44056,44066,44073,44110,44111,44122,44179,44201,44205,44209,44217}",CC,2026-03-24 14:41:51.447482+01,gold_establishments_2025,,,,24440050300110,2025,Collectivité Territoriale,Intercommunalité,['Loire-Atlantique'],['Pays de la Loire'],CC,{44},{52}
3ece016d-3306-4aad-add2-224f6522c007,241400555,CC de Bayeux Intercom (14),false,"{14003,14019,14021,14040,14047,14130,14159,14172,14175,14184,14214,14236,14250,14322,14346,14377,14385,14400,14401,14436,14465,14515,14529,14552,14565,14609,14630,14663,14676,14679,14680,14709,14728,14732,14733,14744}",CC,2026-03-24 14:41:49.581307+01,gold_establishments_2025,,,,24140055500140,2025,Collectivité Territoriale,Intercommunalité,['Calvados'],['Normandie'],CC,{14},{28}
9c219941-5d54-4d2a-b49b-e2336d112803,245600465,CC de Belle-Île-en-Mer (56),false,"{56009,56114,56152,56241}",CC,2026-03-24 14:41:51.447482+01,gold_establishments_2025,,,,24560046500133,2025,Collectivité Territoriale,Intercommunalité,['Morbihan'],['Bretagne'],CC,{56},{53}
58672a0c-f670-4db9-aa40-04bb78a3b26c,243801073,CC de Bièvre Est (38),false,"{38013,38030,38042,38046,38063,38065,38118,38159,38167,38182,38194,38287,38332,38380}",CC,2026-03-24 14:41:51.447482+01,gold_establishments_2025,,,,24380107300053,2025,Collectivité Territoriale,Intercommunalité,['Isère'],['Auvergne-Rhône-Alpes'],CC,{38},{84}
6f11ce81-10e9-46f4-bec0-d34d5e3150f2,200023794,CC de Blaye (33),false,"{33035,33047,33058,33089,33100,33132,33172,33182,33184,33325,33382,33388,33405,33416,33441,33458,33475,33500,33502,33551}",CC,2026-03-24 14:41:49.581307+01,gold_establishments_2025,,,,20002379400015,2025,Collectivité Territoriale,Intercommunalité,['Gironde'],['Nouvelle-Aquitaine'],CC,{33},{75}
5746c832-a0b0-4d4c-8161-09842690e471,242320000,CC de Bénévent Grand Bourg (23),false,"{23006,23010,23011,23014,23021,23042,23047,23056,23082,23095,23111,23124,23137,23192,23200,23236}",CC,2026-03-24 14:41:49.581307+01,gold_establishments_2025,,,,24232000000019,2025,Collectivité Territoriale,Intercommunalité,['Creuse'],['Nouvelle-Aquitaine'],CC,{23},{75}
9d678b79-a1c2-41e8-8504-1b5418650e44,242020105,CC de Calvi Balagne (2B),false,"{2B010,2B020,2B025,2B049,2B050,2B084,2B121,2B138,2B150,2B153,2B165,2B167,2B296,2B361}",CC,2026-03-24 14:41:49.581307+01,gold_establishments_2025,,,,24202010500050,2025,Collectivité Territoriale,Intercommunalité,['Haute-Corse'],['Corse'],CC,{2B},{94}
242793bd-3f0a-4e00-a903-9e86c3b7605b,245700695,CC de Cattenom et Environs (57),false,"{57062,57076,57104,57109,57124,57152,57194,57199,57203,57214,57245,57282,57323,57356,57371,57475,57557,57574,57588,57600,57731,57764}",CC,2026-03-24 14:41:51.447482+01,gold_establishments_2025,,,,24570069500126,2025,Collectivité Territoriale,Intercommunalité,['Moselle'],['Grand Est'],CC,{57},{44}
915239d4-de87-4d97-8596-34cb226ab682,200072049,CC de Charente Limousine (16),false,"{16001,16007,16009,16016,16035,16038,16054,16064,16065,16070,16071,16076,16085,16086,16087,16096,16100,16106,16128,16131,16132,16134,16157,16164,16181,16182,16183,16188,16192,16195,16205,16212,16213,16225,16231,16239,16245,16249,16255,16261,16264,16270,16289,16306,16308,16310,16329,16336,16337,16345,16363,16364,16375,16389,16398,16403,16404,16416}",CC,2026-03-24 14:41:49.581307+01,gold_establishments_2025,,,,20007204900014,2025,Collectivité Territoriale,Intercommunalité,['Charente'],['Nouvelle-Aquitaine'],CC,{16},{75}
71caa9ad-e544-4253-ab21-d0ba41da114e,200066157,CC de Commercy - Void - Vaucouleurs (55),false,"{55058,55066,55067,55080,55084,55088,55089,55097,55100,55114,55122,55141,55173,55179,55184,55217,55220,55278,55288,55322,55328,55329,55330,55331,55334,55344,55350,55368,55371,55381,55396,55397,55398,55407,55421,55433,55434,55454,55456,55472,55474,55475,55485,55496,55503,55518,55520,55522,55526,55533,55553,55559,55573,55581}",CC,2026-03-24 14:41:49.581307+01,gold_establishments_2025,,,,20006615700013,2025,Collectivité Territoriale,Intercommunalité,['Meuse'],['Grand Est'],CC,{55},{44}
d7f19018-12fa-4753-b7c5-716a91a41591,200035129,CC de Cèze Cévennes (07),false,"{07294,30008,30029,30037,30045,30097,30120,30164,30167,30171,30187,30194,30204,30215,30216,30218,30227,30237,30247,30266,30293,30303,30327}",CC,2026-03-24 14:41:49.581307+01,gold_establishments_2025,,,,20003512900010,2025,Collectivité Territoriale,Intercommunalité,"['Ardèche', 'Gard']",['Occitanie'],CC,"{07,30}",{76}
24a014ef-9413-49c2-ac45-d8f259a1f046,200066173,CC de Damvillers Spincourt (55),false,"{55008,55013,55024,55053,55071,55076,55107,55145,55149,55156,55158,55162,55168,55170,55182,55183,55216,55218,55297,55299,55316,55336,55341,55367,55387,55403,55405,55428,55437,55445,55450,55461,55464,55481,55495,55500,55535,55556,55563,55572,55580}",CC,2026-03-24 14:41:49.581307+01,gold_establishments_2025,,,,20006617300010,2025,Collectivité Territoriale,Intercommunalité,['Meuse'],['Grand Est'],CC,{55},{44}
56b1d58a-87f4-4ef3-a51a-2435d0c21e39,200018083,CC de Desvres-Samer (62),false,"{62022,62104,62105,62165,62179,62214,62230,62251,62255,62268,62273,62402,62429,62483,62524,62526,62530,62566,62599,62678,62679,62759,62773,62786,62789,62821,62845,62853,62880,62888,62896}",CC,2026-03-24 14:41:49.581307+01,gold_establishments_2025,,,,20001808300010,2025,Collectivité Territoriale,Intercommunalité,['Pas-de-Calais'],['Hauts-de-France'],CC,{62},{32}
c42e5ca1-2ff0-4e95-9333-ce9e18496b86,200041440,CC de Domme-Villefranche du Périgord (24),false,"{24039,24063,24075,24086,24091,24150,24152,24184,24207,24232,24245,24263,24300,24313,24337,24375,24386,24395,24438,24450,24488,24575,24585}",CC,2026-03-24 14:41:49.581307+01,gold_establishments_2025,,,,20004144000013,2025,Collectivité Territoriale,Intercommunalité,['Dordogne'],['Nouvelle-Aquitaine'],CC,{24},{75}
a14460ba-3e63-4bc3-8283-63195087c93c,200033827,CC de Fium'Orbu Castellu (2B),false,"{2B123,2B124,2B135,2B149,2B229,2B236,2B251,2B277,2B283,2B342,2B347,2B365,2B366}",CC,2026-03-24 14:41:49.581307+01,gold_establishments_2025,,,,20003382700011,2025,Collectivité Territoriale,Intercommunalité,['Haute-Corse'],['Corse'],CC,{2B},{94}
7420f034-c80e-4afe-8581-88d80cb75eaa,200065894,CC de Forez-Est (42),false,"{42010,42011,42013,42029,42041,42059,42065,42066,42073,42081,42088,42090,42094,42113,42135,42143,42148,42149,42154,42155,42165,42171,42174,42175,42185,42193,42196,42200,42202,42209,42213,42214,42241,42251,42254,42261,42264,42296,42297,42319,42323,42334}",CC,2026-03-24 14:41:49.581307+01,gold_establishments_2025,,,,20006589400301,2025,Collectivité Territoriale,Intercommunalité,['Loire'],['Auvergne-Rhône-Alpes'],CC,{42},{84}
5ff0eff0-fe8c-4bd9-9b49-0a8e946ddc88,245700398,CC de Freyming-Merlebach (57),false,"{57052,57061,57073,57122,57207,57240,57271,57316,57332,57337,57644}",CC,2026-03-24 14:41:51.447482+01,gold_establishments_2025,,,,24570039800101,2025,Collectivité Territoriale,Intercommunalité,['Moselle'],['Grand Est'],CC,{57},{44}
36d27535-6447-4768-93e6-b45673b7dceb,200070894,CC de Gevrey-Chambertin et de Nuits-Saint-Georges (21),false,"{21001,21017,21022,21048,21070,21088,21110,21113,21132,21133,21162,21169,21178,21182,21186,21191,21194,21200,21217,21219,21228,21246,21254,21265,21267,21289,21294,21295,21297,21368,21384,21407,21409,21442,21458,21464,21506,21517,21523,21542,21564,21565,21585,21586,21596,21597,21601,21625,21650,21688,21691,21698,21708,21714,21716}",CC,2026-03-24 14:41:49.581307+01,gold_establishments_2025,,,,20007089400015,2025,Collectivité Territoriale,Intercommunalité,"[""Côte-d'Or""]",['Bourgogne-Franche-Comté'],CC,{21},{27}
6330a8a9-b1b2-49ba-ba4c-27101961c1f8,200042604,"CC de Granville, Terre et Mer (50)",false,"{50008,50038,50066,50076,50081,50085,50102,50109,50117,50120,50143,50165,50174,50188,50218,50237,50247,50252,50277,50278,50281,50304,50327,50361,50365,50447,50493,50532,50540,50541,50549,50647}",CC,2026-03-24 14:41:49.581307+01,gold_establishments_2025,,,,20004260400013,2025,Collectivité Territoriale,Intercommunalité,['Manche'],['Normandie'],CC,{50},{28}
aacb7883-e382-413c-9f6b-e7c49b1c417b,200073237,CC de Gâtine-Racan (37),false,"{37021,37041,37047,37059,37068,37101,37149,37167,37170,37182,37204,37206,37207,37213,37231,37237,37245,37249,37274}",CC,2026-03-24 14:41:49.581307+01,gold_establishments_2025,,,,20007323700014,2025,Collectivité Territoriale,Intercommunalité,['Indre-et-Loire'],['Centre-Val de Loire'],CC,{37},{24}
9c6b8496-d43f-4c67-bfcb-157bd0ab6d65,241700632,CC de Gémozac et de la Saintonge Viticole (17),false,"{17044,17133,17172,17196,17232,17244,17296,17298,17310,17404,17438,17441,17442,17445,17469,17479}",CC,2026-03-24 14:41:49.581307+01,gold_establishments_2025,,,,24170063200110,2025,Collectivité Territoriale,Intercommunalité,['Charente-Maritime'],['Nouvelle-Aquitaine'],CC,{17},{75}
ba1caa2b-9f41-45b3-9cd1-fd17b8e1a133,200067783,CC de Hanau-La Petite Pierre (67),false,"{67044,67057,67061,67068,67103,67126,67133,67148,67198,67222,67242,67265,67273,67289,67307,67322,67333,67347,67352,67370,67371,67373,67381,67392,67403,67413,67441,67446,67454,67475,67483,67491,67503,67521,67524,67535,67538,67559}",CC,2026-03-24 14:41:49.581307+01,gold_establishments_2025,,,,20006778300015,2025,Collectivité Territoriale,Intercommunalité,['Bas-Rhin'],['Grand Est'],CC,{67},{44}
f946bb34-50cc-4ca8-a5fc-5582c8304be7,242900561,CC de Haute Cornouaille (29),false,"{29027,29036,29041,29102,29122,29125,29175,29249,29267,29278,29291}",CC,2026-03-24 14:41:49.581307+01,gold_establishments_2025,,,,24290056100067,2025,Collectivité Territoriale,Intercommunalité,['Finistère'],['Bretagne'],CC,{29},{53}
863e297b-121e-41a6-9557-c7e09828043a,247300254,CC de Haute-Tarentaise (73),false,"{73054,73077,73176,73232,73285,73296,73304,73323}",CC,2026-03-24 14:41:51.447482+01,gold_establishments_2025,,,,24730025400015,2025,Collectivité Territoriale,Intercommunalité,['Savoie'],['Auvergne-Rhône-Alpes'],CC,{73},{84}
29c4cfe6-deed-4862-b8e5-3af37c18b1ee,200039204,CC de Lacq-Orthez (64),false,"{64003,64005,64042,64048,64057,64061,64087,64088,64108,64117,64131,64135,64144,64165,64171,64172,64177,64179,64181,64184,64197,64200,64254,64286,64288,64290,64295,64296,64299,64300,64301,64306,64312,64349,64359,64367,64382,64393,64396,64410,64418,64430,64431,64440,64442,64443,64461,64462,64471,64479,64491,64500,64501,64505,64510,64512,64521,64535,64554,64556}",CC,2026-03-24 14:41:49.581307+01,gold_establishments_2025,,,,20003920400017,2025,Collectivité Territoriale,Intercommunalité,['Pyrénées-Atlantiques'],['Nouvelle-Aquitaine'],CC,{64},{75}
ce8c438b-ed97-4059-8d11-bc7f572c1fa0,247600604,CC de Londinières (76),false,"{76052,76053,76148,76175,76202,76280,76286,76320,76392,76487,76511,76512,76553,76635,76677,76749}",CC,2026-03-24 14:41:51.447482+01,gold_establishments_2025,,,,24760060400067,2025,Collectivité Territoriale,Intercommunalité,['Seine-Maritime'],['Normandie'],CC,{76},{28}
f1e6a7a0-04fc-4f21-a2ab-f2cdd47a57fd,241200765,CC de Lévézou Pareloup (12),false,"{12006,12011,12050,12236,12238,12253,12266,12294,12299,12307}",CC,2026-03-24 14:41:49.581307+01,gold_establishments_2025,,,,24120076500014,2025,Collectivité Territoriale,Intercommunalité,['Aveyron'],['Occitanie'],CC,{12},{76}
1508aa33-3a5b-491c-9a0e-d1a3a981c971,200036499,CC de Marana-Golo (2B),false,"{2B036,2B037,2B042,2B055,2B140,2B148,2B166,2B192,2B274,2B350}",CC,2026-03-24 14:41:49.581307+01,gold_establishments_2025,,,,20003649900016,2025,Collectivité Territoriale,Intercommunalité,['Haute-Corse'],['Corse'],CC,{2B},{94}
d500271b-d985-4d7e-9b93-126ef5a007b8,247100639,CC de Marcigny (71),false,"{71011,71012,71024,71048,71071,71077,71123,71275,71291,71307,71453,71581}",CC,2026-03-24 14:41:51.447482+01,gold_establishments_2025,,,,24710063900159,2025,Collectivité Territoriale,Intercommunalité,['Saône-et-Loire'],['Bourgogne-Franche-Comté'],CC,{71},{27}
0f14456f-1b1e-4d4a-bd0d-38594bf5d065,249710047,CC de Marie-Galante (971),false,"{97108,97112,97126}",CC,2026-03-24 14:41:51.447482+01,gold_establishments_2025,,,,24971004700013,2025,Collectivité Territoriale,Intercommunalité,['Guadeloupe'],['Guadeloupe'],CC,{971},{01}
8cdad614-911a-4fc6-9535-b5cd1b582309,241200567,CC de Millau Grands Causses (12),false,"{12002,12070,12072,12084,12086,12145,12160,12178,12180,12200,12204,12211,12225,12293,48131}",CC,2026-03-24 14:41:49.581307+01,gold_establishments_2025,,,,24120056700063,2025,Collectivité Territoriale,Intercommunalité,"['Aveyron', 'Lozère']",['Occitanie'],CC,"{12,48}",{76}
7a814200-0532-46d8-bae1-6b99645d957e,244000543,CC de Mimizan (40),false,"{40019,40043,40182,40184,40229,40278}",CC,2026-03-24 14:41:51.447482+01,gold_establishments_2025,,,,24400054300011,2025,Collectivité Territoriale,Intercommunalité,['Landes'],['Nouvelle-Aquitaine'],CC,{40},{75}
4cb9ac08-8ead-4024-a2fd-28440e03cedb,200068369,CC de Mirecourt Dompaire (88),false,"{88001,88002,88006,88023,88024,88030,88038,88039,88041,88047,88055,88056,88058,88060,88063,88066,88069,88070,88071,88097,88100,88103,88122,88129,88139,88147,88151,88155,88166,88185,88186,88192,88202,88210,88223,88226,88233,88237,88246,88254,88257,88264,88279,88280,88281,88286,88288,88292,88295,88304,88334,88347,88354,88357,88364,88365,88368,88370,88374,88378,88382,88389,88400,88433,88437,88469,88476,88489,88493,88494,88499,88507,88508,88522,88525,88529}",CC,2026-03-24 14:41:49.581307+01,gold_establishments_2025,,,,20006836900012,2025,Collectivité Territoriale,Intercommunalité,['Vosges'],['Grand Est'],CC,{88},{44}
e270e62c-d743-4c9b-976a-6f98ccd1b2b7,240100800,CC de Miribel et du Plateau (01),false,"{01043,01249,01275,01376,01418,01424}",CC,2026-03-24 14:41:49.581307+01,gold_establishments_2025,,,,24010080000111,2025,Collectivité Territoriale,Intercommunalité,['Ain'],['Auvergne-Rhône-Alpes'],CC,{01},{84}
1a974ef2-4888-464e-a4de-525a0cf45a4a,200034197,CC de Montaigne Montravel et Gurson (24),false,"{24048,24083,24189,24226,24272,24288,24289,24292,24306,24370,24415,24454,24461,24494,24501,24514,24568,24584}",CC,2026-03-24 14:41:49.581307+01,gold_establishments_2025,,,,20003419700018,2025,Collectivité Territoriale,Intercommunalité,['Dordogne'],['Nouvelle-Aquitaine'],CC,{24},{75}
e733b55a-29e1-40db-82eb-a9bb9b394e1c,243301264,CC de Montesquieu (33),false,"{33023,33037,33077,33080,33109,33206,33213,33238,33274,33448,33454,33474,33501}",CC,2026-03-24 14:41:51.447482+01,gold_establishments_2025,,,,24330126400038,2025,Collectivité Territoriale,Intercommunalité,['Gironde'],['Nouvelle-Aquitaine'],CC,{33},{75}
b9272e8e-21e6-4a8a-911b-2428ad3bd9c8,248719361,CC de Noblat (87),false,"{87035,87042,87062,87070,87099,87129,87138,87142,87161,87167,87174,87190}",CC,2026-03-24 14:41:51.447482+01,gold_establishments_2025,,,,24871936100078,2025,Collectivité Territoriale,Intercommunalité,['Haute-Vienne'],['Nouvelle-Aquitaine'],CC,{87},{75}
76f8a18d-9f4a-49c8-b890-90f7d40f756f,244400537,CC de Nozay (44),false,"{44001,44113,44138,44149,44208,44214,44224}",CC,2026-03-24 14:41:51.447482+01,gold_establishments_2025,,,,24440053700035,2025,Collectivité Territoriale,Intercommunalité,['Loire-Atlantique'],['Pays de la Loire'],CC,{44},{52}
2de4435d-3f5f-48e3-be6a-a4d473102918,200041333,CC de Parthenay-Gâtine (79),false,"{79002,79007,79008,79019,79025,79071,79080,79105,79108,79118,79120,79121,79124,79135,79145,79149,79176,79197,79202,79208,79213,79215,79218,79225,79226,79239,79255,79256,79278,79306,79311,79322,79326,79339,79340,79341,79342,79347}",CC,2026-03-24 14:41:49.581307+01,gold_establishments_2025,,,,20004133300267,2025,Collectivité Territoriale,Intercommunalité,['Deux-Sèvres'],['Nouvelle-Aquitaine'],CC,{79},{75}
bdd12c2b-dc94-4784-a924-9ef8274221b5,243000593,CC de Petite Camargue (30),false,"{30006,30020,30033,30059,30341}",CC,2026-03-24 14:41:49.581307+01,gold_establishments_2025,,,,24300059300034,2025,Collectivité Territoriale,Intercommunalité,['Gard'],['Occitanie'],CC,{30},{76}
692bc58e-d9f8-42eb-9e07-93e0cd3c8622,200050532,CC de Petite-Terre (976),false,"{97608,97615}",CC,2026-03-24 14:41:49.581307+01,gold_establishments_2025,,,,20005053200015,2025,Collectivité Territoriale,Intercommunalité,['Mayotte'],['Mayotte'],CC,{976},{06}
900607cc-c00b-4d1b-a9a9-57185e460b16,200065787,CC de Pont-Audemer / Val de Risle (27),false,"{27018,27028,27083,27101,27110,27126,27163,27167,27174,27209,27263,27267,27288,27349,27385,27388,27413,27467,27468,27476,27485,27497,27500,27563,27587,27601,27606,27620,27631,27655,27656,27662}",CC,2026-03-24 14:41:49.581307+01,gold_establishments_2025,,,,20006578700018,2025,Collectivité Territoriale,Intercommunalité,['Eure'],['Normandie'],CC,{27},{28}
b90a62f4-f703-4a29-85db-2dd4fdf8ba2e,200040889,CC de Portes Sud Périgord (24),false,"{24024,24045,24132,24167,24168,24176,24177,24186,24212,24278,24279,24282,24287,24348,24359,24373,24374,24383,24385,24423,24441,24483,24492,24532,24536}",CC,2026-03-24 14:41:49.581307+01,gold_establishments_2025,,,,20004088900012,2025,Collectivité Territoriale,Intercommunalité,['Dordogne'],['Nouvelle-Aquitaine'],CC,{24},{75}
05ec5ec8-bbbd-41d8-88b1-e86c649722f1,200071207,CC de Pouilly-en-Auxois/Bligny-sur-Ouche (21),false,"{21014,21020,21030,21036,21062,21065,21066,21068,21082,21087,21091,21120,21128,21152,21153,21155,21156,21164,21176,21184,21187,21210,21214,21221,21243,21244,21251,21360,21362,21382,21392,21399,21427,21441,21476,21501,21533,21570,21588,21600,21630,21631,21634,21652,21660,21673,21677}",CC,2026-03-24 14:41:49.581307+01,gold_establishments_2025,,,,20007120700019,2025,Collectivité Territoriale,Intercommunalité,"[""Côte-d'Or""]",['Bourgogne-Franche-Comté'],CC,{21},{27}
7004f58c-e388-4f6e-ab28-71baf28df1bc,200067130,CC de Puisaye-Forterre (58),false,"{58012,58033,58036,58094,58227,58270,89007,89033,89046,89072,89073,89084,89086,89117,89125,89139,89147,89148,89150,89158,89173,89177,89179,89182,89215,89216,89217,89220,89221,89222,89252,89254,89256,89270,89272,89273,89283,89286,89311,89324,89325,89331,89344,89352,89365,89367,89368,89383,89400,89405,89408,89416,89419,89420,89426,89462,89472}",CC,2026-03-24 14:41:49.581307+01,gold_establishments_2025,,,,20006713000019,2025,Collectivité Territoriale,Intercommunalité,"['Nièvre', 'Yonne']",['Bourgogne-Franche-Comté'],CC,"{58,89}",{27}
e64161b8-655a-461f-923e-bc573bd3c881,200038990,CC de Saint-Méen Montauban (35),false,"{35026,35027,35060,35091,35117,35135,35143,35171,35184,35201,35234,35290,35295,35297,35302,35307,35320}",CC,2026-03-24 14:41:49.581307+01,gold_establishments_2025,,,,20003899000012,2025,Collectivité Territoriale,Intercommunalité,['Ille-et-Vilaine'],['Bretagne'],CC,{35},{53}
34819299-f31d-4387-a742-c942455923d8,200070589,CC de Seille et Grand Couronné (54),false,"{54001,54006,54012,54021,54024,54059,54070,54089,54095,54100,54104,54110,54113,54126,54131,54168,54179,54180,54186,54219,54250,54276,54289,54296,54301,54311,54313,54315,54333,54358,54372,54374,54400,54424,54444,54456,54464,54508,54510,54517,54558,54577}",CC,2026-03-24 14:41:49.581307+01,gold_establishments_2025,,,,20007058900011,2025,Collectivité Territoriale,Intercommunalité,['Meurthe-et-Moselle'],['Grand Est'],CC,{54},{44}
201b27fa-7d82-443f-ab5a-3c84f0c7b03d,247103864,CC de Semur-en-Brionnais (71),false,"{71060,71200,71238,71259,71271,71337,71393,71399,71406,71415,71434,71500,71510,71554}",CC,2026-03-24 14:41:51.447482+01,gold_establishments_2025,,,,24710386400044,2025,Collectivité Territoriale,Intercommunalité,['Saône-et-Loire'],['Bourgogne-Franche-Comté'],CC,{71},{27}
36b043b4-894c-4cf6-8b13-17f5c5e08654,246700967,CC de Sélestat (67),false,"{67019,67073,67094,67115,67116,67239,67310,67311,67362,67445,67462,67505}",CC,2026-03-24 14:41:51.447482+01,gold_establishments_2025,,,,24670096700135,2025,Collectivité Territoriale,Intercommunalité,['Bas-Rhin'],['Grand Est'],CC,{67},{44}
9bafc402-1906-4bbe-b67f-b8fef5edcddd,200066835,CC de Sézanne-Sud Ouest Marnais (51),false,"{51004,51005,51009,51032,51036,51041,51056,51071,51091,51092,51103,51116,51124,51127,51137,51151,51155,51162,51182,51185,51233,51234,51235,51236,51237,51254,51258,51265,51279,51306,51313,51323,51324,51343,51353,51360,51369,51374,51376,51395,51402,51407,51421,51426,51443,51451,51458,51459,51473,51492,51495,51511,51514,51516,51524,51526,51535,51625,51628,51642,51645,51652}",CC,2026-03-24 14:41:49.581307+01,gold_establishments_2025,,,,20006683500014,2025,Collectivité Territoriale,Intercommunalité,['Marne'],['Grand Est'],CC,{51},{44}
d04c406a-f33d-4134-a962-a7d70ba8b388,200036465,CC de Thann-Cernay (68),false,"{68011,68012,68040,68045,68046,68063,68180,68261,68279,68302,68322,68334,68342,68348,68359,68372}",CC,2026-03-24 14:41:49.581307+01,gold_establishments_2025,,,,20003646500124,2025,Collectivité Territoriale,Intercommunalité,['Haut-Rhin'],['Grand Est'],CC,{68},{44}
fa2f1035-1966-4c39-88d2-b4d4ff2bc145,200066892,CC de Vendeuvre-Soulaines (10),false,"{10005,10008,10045,10050,10072,10078,10093,10102,10117,10126,10135,10139,10161,10163,10178,10184,10194,10200,10205,10215,10217,10219,10252,10258,10286,10310,10327,10366,10372,10377,10378,10384,10397,10401,10403,10411,10423,10428}",CC,2026-03-24 14:41:49.581307+01,gold_establishments_2025,,,,20006689200015,2025,Collectivité Territoriale,Intercommunalité,['Aube'],['Grand Est'],CC,{10},{44}
38d3dd0a-c871-4500-9f3d-b305bcddbbb3,241900133,CC de Ventadour - Egletons - Monédières (19),false,"{19039,19046,19051,19070,19073,19097,19106,19111,19125,19137,19143,19145,19159,19176,19208,19225,19249,19251,19263}",CC,2026-03-24 14:41:49.581307+01,gold_establishments_2025,,,,24190013300067,2025,Collectivité Territoriale,Intercommunalité,['Corrèze'],['Nouvelle-Aquitaine'],CC,{19},{75}
0a4bfd10-06dd-451e-b544-62c7d5d6e655,200069433,CC de Vezouze en Piémont (54),false,"{54013,54014,54017,54030,54035,54040,54044,54064,54077,54078,54097,54107,54124,54129,54161,54163,54177,54191,54210,54211,54230,54233,54246,54251,54259,54271,54308,54368,54377,54381,54396,54398,54401,54406,54419,54421,54423,54447,54452,54457,54458,54480,54481,54484,54488,54512,54540,54551,54556,54562,54600}",CC,2026-03-24 14:41:49.581307+01,gold_establishments_2025,,,,20006943300015,2025,Collectivité Territoriale,Intercommunalité,['Meurthe-et-Moselle'],['Grand Est'],CC,{54},{44}
25c89afe-16b9-4220-a403-91da62c5f61d,200072882,CC de Vie et Boulogne (85),false,"{85003,85006,85015,85019,85055,85086,85098,85102,85129,85130,85169,85178,85208,85210,85260}",CC,2026-03-24 14:41:49.581307+01,gold_establishments_2025,,,,20007288200018,2025,Collectivité Territoriale,Intercommunalité,['Vendée'],['Pays de la Loire'],CC,{85},{52}
4baf598f-323d-4dcd-b252-b65bb133a07d,200043354,CC de Villedieu Intercom (50),false,"{50048,50060,50062,50069,50118,50121,50130,50137,50144,50185,50225,50234,50262,50291,50295,50334,50338,50357,50393,50453,50518,50521,50542,50590,50607,50637,50639}",CC,2026-03-24 14:41:49.581307+01,gold_establishments_2025,,,,20004335400071,2025,Collectivité Territoriale,Intercommunalité,['Manche'],['Normandie'],CC,{50},{28}
33cf36dc-bfe1-49f1-b589-be8ddb291489,200034718,"CC de Vitry, Champagne et Der (51)",false,"{51001,51017,51022,51059,51065,51066,51084,51125,51134,51141,51167,51169,51184,51195,51220,51262,51275,51295,51296,51322,51328,51340,51349,51352,51361,51446,51463,51475,51508,51520,51550,51551,51552,51557,51649}",CC,2026-03-24 14:41:49.581307+01,gold_establishments_2025,,,,20003471800011,2025,Collectivité Territoriale,Intercommunalité,['Marne'],['Grand Est'],CC,{51},{44}
d0b9b7e2-0418-4811-8afa-e8c0d3578eac,247300262,CC de Yenne (73),false,"{73028,73042,73078,73140,73147,73149,73156,73245,73269,73271,73299,73313,73330}",CC,2026-03-24 14:41:51.447482+01,gold_establishments_2025,,,,24730026200117,2025,Collectivité Territoriale,Intercommunalité,['Savoie'],['Auvergne-Rhône-Alpes'],CC,{73},{84}
0d9df502-4784-4974-8b27-283a1ae737f7,248900383,CC de l'Agglomération Migennoise (89),false,"{89029,89050,89085,89099,89105,89152,89218,89257}",CC,2026-03-24 14:41:51.447482+01,gold_establishments_2025,,,,24890038300030,2025,Collectivité Territoriale,Intercommunalité,['Yonne'],['Bourgogne-Franche-Comté'],CC,{89},{27}
ab3d8937-a45c-41ef-ab6d-d83c60bb9634,248900524,CC de l'Aillantais en Bourgogne (89),false,"{89003,89088,89163,89167,89196,89251,89281,89304,89334,89360,89361,89384,89397}",CC,2026-03-24 14:41:51.447482+01,gold_establishments_2025,,,,24890052400039,2025,Collectivité Territoriale,Intercommunalité,['Yonne'],['Bourgogne-Franche-Comté'],CC,{89},{27}
5f486382-3991-493d-9ead-a5bfdedb9c23,246000764,CC de l'Aire Cantilienne (60),false,"{60022,60033,60141,60142,60172,60282,60346,60432,60482,60494,60695}",CC,2026-03-24 14:41:51.447482+01,gold_establishments_2025,,,,24600076400067,2025,Collectivité Territoriale,Intercommunalité,['Oise'],['Hauts-de-France'],CC,{60},{32}
d5643a03-0851-41db-8c80-dc7ef98737af,200066140,CC de l'Aire à l'Argonne (55),false,"{55017,55032,55038,55040,55044,55064,55081,55108,55123,55127,55128,55129,55175,55177,55178,55185,55194,55197,55207,55210,55251,55254,55269,55282,55285,55289,55290,55295,55301,55304,55380,55384,55389,55404,55409,55423,55442,55448,55479,55506,55517,55532,55555,55569,55570,55577,55584}",CC,2026-03-24 14:41:49.581307+01,gold_establishments_2025,,,,20006614000019,2025,Collectivité Territoriale,Intercommunalité,['Meuse'],['Grand Est'],CC,{55},{44}
e43f0313-fd26-473e-a2e0-9aba1b67558a,200067841,CC de l'Alsace Bossue (67),false,"{67002,67009,67013,67017,67029,67036,67047,67070,67071,67072,67088,67091,67095,67099,67105,67111,67134,67136,67159,67178,67183,67191,67199,67201,67234,67241,67274,67278,67355,67369,67385,67386,67396,67401,67434,67435,67456,67467,67488,67508,67509,67514,67522,67528,67552}",CC,2026-03-24 14:41:49.581307+01,gold_establishments_2025,,,,20006784100011,2025,Collectivité Territoriale,Intercommunalité,['Bas-Rhin'],['Grand Est'],CC,{67},{44}
c52a2397-d190-4903-93fe-32239d1ae947,242000495,CC de l'Alta Rocca (2A),false,"{2A011,2A024,2A061,2A066,2A092,2A142,2A146,2A158,2A191,2A254,2A269,2A278,2A285,2A300,2A308,2A357,2A362,2A363}",CC,2026-03-24 14:41:49.581307+01,gold_establishments_2025,,,,24200049500018,2025,Collectivité Territoriale,Intercommunalité,['Corse-du-Sud'],['Corse'],CC,{2A},{94}
cd30605b-dba5-4abd-af7f-115f0ddf47c8,245701354,CC de l'Arc Mosellan (57),false,"{57001,57067,57072,57102,57117,57118,57179,57191,57269,57331,57345,57358,57359,57367,57370,57426,57437,57464,57465,57476,57531,57602,57689,57704,57733,57767}",CC,2026-03-24 14:41:51.447482+01,gold_establishments_2025,,,,24570135400111,2025,Collectivité Territoriale,Intercommunalité,['Moselle'],['Grand Est'],CC,{57},{44}
fb9230a3-aaba-458c-8d05-71d7d3b22c95,240800920,CC de l'Argonne Ardennaise (08),false,"{08017,08018,08019,08020,08031,08033,08035,08036,08045,08049,08052,08056,08057,08059,08061,08074,08075,08077,08082,08085,08086,08089,08092,08097,08098,08104,08109,08116,08120,08128,08130,08131,08135,08147,08161,08164,08171,08176,08186,08197,08198,08200,08215,08220,08233,08245,08246,08250,08256,08259,08264,08271,08274,08279,08280,08296,08301,08303,08308,08309,08310,08325,08326,08332,08333,08338,08350,08351,08378,08379,08383,08390,08392,08393,08394,08405,08406,08407,08410,08412,08424,08425,08431,08434,08437,08439,08446,08453,08455,08461,08463,08464,08470,08471,08490}",CC,2026-03-24 14:41:49.581307+01,gold_establishments_2025,,,,24080092000045,2025,Collectivité Territoriale,Intercommunalité,['Ardennes'],['Grand Est'],CC,{08},{44}
03263257-a718-48dd-ab76-b8378487d6fa,200042703,CC de l'Argonne Champenoise (51),false,"{51015,51027,51047,51053,51062,51082,51083,51104,51126,51132,51133,51138,51139,51143,51166,51191,51206,51211,51213,51214,51222,51228,51229,51253,51255,51272,51274,51280,51283,51292,51336,51341,51355,51368,51370,51397,51399,51404,51424,51452,51456,51470,51498,51500,51507,51519,51533,51537,51543,51549,51588,51610,51619,51620,51621,51632,51640,51646,51650,51659}",CC,2026-03-24 14:41:49.581307+01,gold_establishments_2025,,,,20004270300138,2025,Collectivité Territoriale,Intercommunalité,['Marne'],['Grand Est'],CC,{51},{44}
554979b4-7768-438a-9748-96a5ece07cd8,245300355,CC de l'Ernée (53),false,"{53005,53015,53031,53048,53086,53096,53123,53126,53155,53177,53211,53225,53226,53245,53269}",CC,2026-03-24 14:41:51.447482+01,gold_establishments_2025,,,,24530035500030,2025,Collectivité Territoriale,Intercommunalité,['Mayenne'],['Pays de la Loire'],CC,{53},{52}
ab0650b6-a80c-47c8-8406-390a5b906b3b,249730052,CC de l'Est Guyanais (973),false,"{97301,97308,97314,97356}",CC,2026-03-24 14:41:51.447482+01,gold_establishments_2025,,,,24973005200043,2025,Collectivité Territoriale,Intercommunalité,['Guyane'],['Guyane'],CC,{973},{03}
0cb3e16e-13a1-4f58-89f7-cf313cb64f92,246900575,CC de l'Est Lyonnais (CCEL) (69),false,"{69277,69280,69285,69287,69288,69289,69298,69299}",CC,2026-03-24 14:41:51.447482+01,gold_establishments_2025,,,,24690057500019,2025,Collectivité Territoriale,Intercommunalité,['Rhône'],['Auvergne-Rhône-Alpes'],CC,{69},{84}
6c30340d-22b4-4628-9639-e1fe00392d16,200070985,CC de l'Est de la Somme (02),false,"{02604,80034,80097,80105,80139,80144,80158,80197,80226,80230,80252,80267,80272,80274,80284,80300,80410,80442,80465,80474,80519,80542,80555,80568,80576,80579,80585,80605,80616,80638,80658,80669,80683,80684,80701,80726,80750,80771,80794,80811,80829}",CC,2026-03-24 14:41:49.581307+01,gold_establishments_2025,,,,20007098500201,2025,Collectivité Territoriale,Intercommunalité,"['Aisne', 'Somme']",['Hauts-de-France'],CC,"{02,80}",{32}
dc235f29-6242-4870-831a-fe39898c1aa1,243300811,CC de l'Estuaire (33),false,"{33006,33073,33101,33159,33161,33280,33326,33351,33370,33374,33380,33389,33456,33477}",CC,2026-03-24 14:41:51.447482+01,gold_establishments_2025,,,,24330081100128,2025,Collectivité Territoriale,Intercommunalité,['Gironde'],['Nouvelle-Aquitaine'],CC,{33},{75}
60609e08-114d-48b2-a0a8-2e63469650e5,243800745,CC de l'Oisans (38),false,"{38005,38020,38040,38052,38112,38173,38177,38191,38212,38237,38253,38285,38286,38289,38375,38527,38549,38550,38551}",CC,2026-03-24 14:41:51.447482+01,gold_establishments_2025,,,,24380074500164,2025,Collectivité Territoriale,Intercommunalité,['Isère'],['Auvergne-Rhône-Alpes'],CC,{38},{84}
e34ecc1d-4aef-4c9f-8eee-2de6788a3043,200068005,CC de l'Oise Picarde (60),false,"{60003,60017,60039,60058,60075,60082,60085,60104,60111,60113,60123,60131,60146,60153,60161,60163,60182,60183,60199,60221,60237,60240,60265,60267,60283,60299,60311,60377,60399,60425,60436,60457,60465,60470,60480,60485,60486,60496,60518,60520,60535,60544,60555,60565,60573,60615,60627,60634,60648,60664,60673,60692}",CC,2026-03-24 14:41:49.581307+01,gold_establishments_2025,,,,20006800500137,2025,Collectivité Territoriale,Intercommunalité,['Oise'],['Hauts-de-France'],CC,{60},{32}
a6983668-02af-4615-a3c3-d917e54c3be5,200015162,CC de l'Oriente (2B),false,"{2B002,2B009,2B012,2B015,2B016,2B053,2B057,2B075,2B088,2B126,2B143,2B155,2B161,2B201,2B213,2B218,2B225,2B226,2B320,2B328,2B356,2B364}",CC,2026-03-24 14:41:49.581307+01,gold_establishments_2025,,,,20001516200015,2025,Collectivité Territoriale,Intercommunalité,['Haute-Corse'],['Corse'],CC,{2B},{94}
7f96a6cc-f566-4a96-8568-ece692f28510,241000488,CC de l'Orvin et de l'Ardusson (10),false,"{10020,10023,10038,10054,10085,10124,10134,10145,10146,10157,10223,10224,10237,10271,10274,10275,10301,10308,10318,10339,10347,10348,10351,10383,10410}",CC,2026-03-24 14:41:49.581307+01,gold_establishments_2025,,,,24100048800015,2025,Collectivité Territoriale,Intercommunalité,['Aube'],['Grand Est'],CC,{10},{44}
737a9b15-0d25-42ed-8113-0f25128ca45f,249730037,CC de l'Ouest Guyanais (973),false,"{97306,97311,97352,97353,97357,97360,97361,97362}",CC,2026-03-24 14:41:51.447482+01,gold_establishments_2025,,,,24973003700036,2025,Collectivité Territoriale,Intercommunalité,['Guyane'],['Guyane'],CC,{973},{03}
824d69f6-5317-4aa5-b6fd-ac8046aad252,200068559,CC de l'Ouest Vosgien (52),false,"{52289,88010,88013,88015,88019,88020,88025,88031,88036,88044,88074,88083,88095,88102,88104,88107,88117,88118,88125,88137,88150,88154,88183,88189,88206,88212,88219,88229,88232,88242,88249,88255,88259,88265,88270,88274,88278,88290,88293,88299,88303,88305,88308,88312,88321,88324,88336,88344,88350,88352,88363,88366,88376,88387,88401,88407,88427,88431,88443,88453,88457,88459,88460,88474,88477,88478,88511,88514,88523}",CC,2026-03-24 14:41:49.581307+01,gold_establishments_2025,,,,20006855900018,2025,Collectivité Territoriale,Intercommunalité,"['Haute-Marne', 'Vosges']",['Grand Est'],CC,"{52,88}",{44}
401223b5-1661-464b-b55c-f9c8e4670000,200066785,CC de l'Oust à Brocéliande (56),false,"{56006,56012,56020,56033,56035,56044,56061,56075,56112,56124,56133,56136,56159,56180,56191,56200,56202,56211,56219,56224,56226,56228,56229,56230,56244,56253}",CC,2026-03-24 14:41:49.581307+01,gold_establishments_2025,,,,20006678500011,2025,Collectivité Territoriale,Intercommunalité,['Morbihan'],['Bretagne'],CC,{56},{53}
267b9912-e06d-4e16-a3ab-755e2bd710ac,200040178,CC de l'Outre-Forêt (67),false,"{67012,67184,67206,67232,67288,67339,67349,67394,67404,67455,67474,67484,67487}",CC,2026-03-24 14:41:49.581307+01,gold_establishments_2025,,,,20004017800010,2025,Collectivité Territoriale,Intercommunalité,['Bas-Rhin'],['Grand Est'],CC,{67},{44}
6fcd8a79-a66a-4f45-887c-eb238947455d,241700624,CC de l'Île d'Oléron (17),false,"{17093,17140,17323,17337,17385,17411,17485,17486}",CC,2026-03-24 14:41:49.581307+01,gold_establishments_2025,,,,24170062400026,2025,Collectivité Territoriale,Intercommunalité,['Charente-Maritime'],['Nouvelle-Aquitaine'],CC,{17},{75}
73e61e9a-f347-4ffd-85ae-9eca77e7303e,248500191,CC de l'Île de Noirmoutier (85),false,"{85011,85083,85106,85163}",CC,2026-03-24 14:41:51.447482+01,gold_establishments_2025,,,,24850019100023,2025,Collectivité Territoriale,Intercommunalité,['Vendée'],['Pays de la Loire'],CC,{85},{52}
51bd44eb-7bc4-41ed-873b-9e0dbcc72aec,241700459,CC de l'Île de Ré (17),false,"{17019,17051,17121,17161,17207,17286,17297,17318,17360,17369}",CC,2026-03-24 14:41:49.581307+01,gold_establishments_2025,,,,24170045900043,2025,Collectivité Territoriale,Intercommunalité,['Charente-Maritime'],['Nouvelle-Aquitaine'],CC,{17},{75}
163962b5-8b4b-446f-9430-4034a6860117,200073104,CC de l'Île-Rousse - Balagne (2B),false,"{2B034,2B093,2B097,2B112,2B134,2B136,2B156,2B168,2B173,2B175,2B180,2B182,2B190,2B199,2B223,2B231,2B235,2B290,2B316,2B332,2B339,2B352}",CC,2026-03-24 14:41:49.581307+01,gold_establishments_2025,,,,20007310400081,2025,Collectivité Territoriale,Intercommunalité,['Haute-Corse'],['Corse'],CC,{2B},{94}
8bc55b16-5743-4bda-aabf-9d023afcca24,200042729,CC de la Baie du Cotentin (50),false,"{50016,50021,50023,50036,50052,50059,50070,50099,50177,50246,50269,50298,50373,50400,50445,50479,50509,50517,50523,50564,50571,50606,50609}",CC,2026-03-24 14:41:49.581307+01,gold_establishments_2025,,,,20004272900018,2025,Collectivité Territoriale,Intercommunalité,['Manche'],['Normandie'],CC,{50},{28}
9fe859c1-6933-4a4e-a02f-68464391fdf8,246700843,CC de la Basse-Zorn (67),false,"{67038,67156,67169,67205,67252,67523,67529}",CC,2026-03-24 14:41:51.447482+01,gold_establishments_2025,,,,24670084300146,2025,Collectivité Territoriale,Intercommunalité,['Bas-Rhin'],['Grand Est'],CC,{67},{44}
aa63d29d-378c-42ab-8eb0-c1289d2eaac2,200035764,CC de la Beauce Loirétaine (45),false,"{45008,45046,45055,45058,45059,45062,45074,45093,45099,45152,45154,45166,45183,45248,45262,45266,45296,45299,45313,45326,45330,45337,45341}",CC,2026-03-24 14:41:49.581307+01,gold_establishments_2025,,,,20003576400113,2025,Collectivité Territoriale,Intercommunalité,['Loiret'],['Centre-Val de Loire'],CC,{45},{24}
d581b622-d213-4ce8-9cf2-1f3027b96ece,245100888,CC de la Brie Champenoise (51),false,"{51050,51070,51129,51170,51175,51263,51264,51304,51350,51359,51380,51386,51460,51542,51570,51579,51596,51607,51618,51626}",CC,2026-03-24 14:41:51.447482+01,gold_establishments_2025,,,,24510088800057,2025,Collectivité Territoriale,Intercommunalité,['Marne'],['Grand Est'],CC,{51},{44}
bf274660-7cb6-4cab-be3b-e6cf2f7a6098,200073252,CC de la Castagniccia-Casinca (2B),false,"{2B052,2B054,2B063,2B067,2B069,2B072,2B077,2B101,2B102,2B113,2B125,2B145,2B164,2B176,2B195,2B202,2B206,2B207,2B214,2B217,2B219,2B221,2B222,2B241,2B243,2B245,2B246,2B250,2B252,2B255,2B256,2B273,2B280,2B286,2B291,2B297,2B299,2B338,2B343,2B344,2B346,2B355}",CC,2026-03-24 14:41:49.581307+01,gold_establishments_2025,,,,20007325200013,2025,Collectivité Territoriale,Intercommunalité,['Haute-Corse'],['Corse'],CC,{2B},{94}
b20c18d4-f94e-43cd-b0c5-fb5ab7bf0525,200072718,CC de la Champagne Conlinoise et du Pays de Sillé (72),false,"{72066,72089,72109,72111,72113,72119,72145,72157,72197,72211,72216,72218,72219,72229,72234,72249,72255,72256,72261,72315,72319,72321,72334,72351}",CC,2026-03-24 14:41:49.581307+01,gold_establishments_2025,,,,20007271800014,2025,Collectivité Territoriale,Intercommunalité,['Sarthe'],['Pays de la Loire'],CC,{72},{52}
337053fe-c2ea-43d3-b924-219fdc8b4748,240200576,CC de la Champagne Picarde (02),false,"{02005,02013,02073,02076,02097,02104,02133,02171,02189,02208,02211,02218,02229,02274,02299,02346,02350,02360,02364,02399,02409,02430,02440,02448,02453,02454,02457,02472,02482,02486,02498,02534,02541,02553,02572,02601,02613,02626,02627,02656,02676,02690,02705,02720,02761,02803}",CC,2026-03-24 14:41:49.581307+01,gold_establishments_2025,,,,24020057600025,2025,Collectivité Territoriale,Intercommunalité,['Aisne'],['Hauts-de-France'],CC,{02},{32}
2f183863-6aff-4834-af97-3e498e87e84b,200066678,CC de la Châtaigneraie Cantalienne (15),false,"{15011,15021,15027,15029,15030,15057,15076,15082,15084,15087,15089,15090,15093,15094,15103,15104,15117,15122,15133,15134,15135,15143,15144,15147,15156,15157,15163,15165,15166,15167,15172,15181,15182,15184,15189,15194,15196,15211,15212,15214,15217,15222,15224,15226,15228,15234,15242,15260,15264,15268}",CC,2026-03-24 14:41:49.581307+01,gold_establishments_2025,,,,20006667800018,2025,Collectivité Territoriale,Intercommunalité,['Cantal'],['Auvergne-Rhône-Alpes'],CC,{15},{84}
0da2da69-149a-4c19-b42a-c9ff79a9d122,243600350,CC de la Châtre et Sainte-Sévère (36),false,"{36017,36025,36038,36043,36046,36073,36091,36095,36100,36109,36127,36130,36132,36138,36143,36156,36163,36164,36180,36184,36186,36208,36210,36214,36221,36227,36234,36236,36238,36240}",CC,2026-03-24 14:41:51.447482+01,gold_establishments_2025,,,,24360035000066,2025,Collectivité Territoriale,Intercommunalité,['Indre'],['Centre-Val de Loire'],CC,{36},{24}
f1a0a1dc-75e5-4676-a877-08ca6472eef5,200067668,"CC de la Cléry, du Betz et de l'Ouanne (45)",false,"{45026,45073,45076,45083,45097,45113,45115,45129,45136,45149,45165,45189,45199,45201,45250,45275,45279,45281,45306,45307,45322,45329,89350}",CC,2026-03-24 14:41:49.581307+01,gold_establishments_2025,,,,20006766800018,2025,Collectivité Territoriale,Intercommunalité,"['Loiret', 'Yonne']",['Centre-Val de Loire'],CC,"{45,89}",{24}
a0c672cf-5b1d-45ed-a178-bd8c0101b23c,200034205,CC de la Costa Verde (2B),false,"{2B087,2B111,2B179,2B194,2B208,2B210,2B216,2B227,2B234,2B242,2B293,2B302,2B303,2B307,2B311,2B313,2B317,2B318,2B319,2B321,2B334,2B335,2B340}",CC,2026-03-24 14:41:49.581307+01,gold_establishments_2025,,,,20003420500019,2025,Collectivité Territoriale,Intercommunalité,['Haute-Corse'],['Corse'],CC,{2B},{94}
26b40881-c6e1-4e6c-8807-5d0e2ff7dbd5,200069839,CC de la Côte d'Albâtre (76),false,"{76009,76015,76016,76032,76040,76083,76084,76091,76104,76128,76133,76134,76140,76151,76156,76159,76172,76176,76180,76189,76190,76195,76221,76241,76272,76294,76315,76336,76339,76346,76353,76365,76375,76403,76407,76428,76467,76470,76480,76483,76488,76490,76493,76504,76564,76569,76613,76641,76642,76646,76651,76653,76655,76664,76679,76683,76692,76730,76732,76735,76736,76746,76748}",CC,2026-03-24 14:41:49.581307+01,gold_establishments_2025,,,,20006983900013,2025,Collectivité Territoriale,Intercommunalité,['Seine-Maritime'],['Normandie'],CC,{76},{28}
929cc517-5bf6-4088-bced-28f9d70486aa,240100610,CC de la Côtière à Montluel (01),false,"{01027,01032,01049,01062,01142,01262,01276,01297,01342}",CC,2026-03-24 14:41:49.581307+01,gold_establishments_2025,,,,24010061000080,2025,Collectivité Territoriale,Intercommunalité,['Ain'],['Auvergne-Rhône-Alpes'],CC,{01},{84}
04f6cf45-1b2e-4524-abb5-8360e928f1ed,200069193,CC de la Dombes (01),false,"{01001,01028,01045,01052,01074,01083,01085,01090,01092,01093,01113,01129,01146,01207,01235,01248,01261,01272,01299,01319,01328,01333,01335,01356,01359,01371,01381,01382,01383,01389,01393,01412,01428,01434,01443,01449}",CC,2026-03-24 14:41:49.581307+01,gold_establishments_2025,,,,20006919300015,2025,Collectivité Territoriale,Intercommunalité,['Ain'],['Auvergne-Rhône-Alpes'],CC,{01},{84}
edc0fc9c-0c71-4a40-bd6b-c67656aaac84,244500484,CC de la Forêt (45),false,"{45009,45044,45188,45214,45224,45261,45289,45327,45333,45342}",CC,2026-03-24 14:41:51.447482+01,gold_establishments_2025,,,,24450048400229,2025,Collectivité Territoriale,Intercommunalité,['Loiret'],['Centre-Val de Loire'],CC,{45},{24}
81204c97-8bcd-4967-a9e5-c08e9740ff39,200023620,CC de la Gascogne Toulousaine (32),false,"{32016,32038,32090,32105,32121,32134,32160,32210,32234,32268,32334,32339,32425}",CC,2026-03-24 14:41:49.581307+01,gold_establishments_2025,,,,20002362000012,2025,Collectivité Territoriale,Intercommunalité,['Gers'],['Occitanie'],CC,{32},{76}
dda791c5-b6ab-4797-b7b6-0e2e3ff4f39a,245100615,CC de la Grande Vallée de la Marne (51),false,"{51007,51028,51030,51079,51119,51210,51256,51266,51287,51392,51393,51488,51564,51576}",CC,2026-03-24 14:41:51.447482+01,gold_establishments_2025,,,,24510061500013,2025,Collectivité Territoriale,Intercommunalité,['Marne'],['Grand Est'],CC,{51},{44}
31e00af0-d776-4ae7-a4e1-df9bf22aac0e,200066363,CC de la Haute Ariège (09),false,"{09004,09012,09020,09023,09024,09030,09031,09032,09053,09064,09070,09078,09087,09088,09096,09131,09134,09139,09140,09143,09155,09156,09159,09162,09171,09176,09189,09193,09197,09218,09220,09222,09226,09228,09230,09232,09237,09239,09252,09283,09295,09296,09298,09311,09318,09320,09325,09326,09328,09330,09334}",CC,2026-03-24 14:41:49.581307+01,gold_establishments_2025,,,,20006636300017,2025,Collectivité Territoriale,Intercommunalité,['Ariège'],['Occitanie'],CC,{09},{76}
71b1ccd6-7280-42c2-8518-56e177923830,200041721,CC de la Haute Comté (70),false,"{70006,70008,70010,70013,70023,70051,70052,70069,70083,70097,70168,70171,70194,70196,70200,70202,70238,70240,70242,70245,70249,70269,70284,70287,70290,70315,70323,70338,70360,70404,70411,70412,70419,70467,70485,70512,70526}",CC,2026-03-24 14:41:49.581307+01,gold_establishments_2025,,,,20004172100099,2025,Collectivité Territoriale,Intercommunalité,['Haute-Saône'],['Bourgogne-Franche-Comté'],CC,{70},{27}
9af5fab9-4396-427c-879d-b43c8bc28ee2,200041523,CC de la Haute Saintonge (17),false,"{17002,17005,17006,17016,17020,17027,17033,17038,17039,17047,17050,17052,17054,17055,17056,17061,17066,17069,17074,17076,17077,17078,17081,17082,17084,17092,17095,17096,17099,17104,17106,17108,17110,17111,17113,17116,17118,17122,17129,17130,17145,17156,17159,17163,17167,17173,17175,17178,17187,17192,17197,17199,17204,17209,17210,17215,17220,17227,17229,17231,17233,17236,17240,17241,17243,17249,17250,17258,17259,17260,17263,17269,17270,17273,17276,17279,17281,17282,17283,17287,17295,17305,17309,17312,17316,17317,17319,17324,17325,17326,17328,17331,17332,17335,17339,17341,17342,17343,17345,17354,17355,17357,17362,17363,17364,17365,17366,17372,17378,17379,17386,17388,17390,17398,17402,17403,17405,17410,17417,17418,17423,17424,17430,17432,17433,17454,17458,17468,17476}",CC,2026-03-24 14:41:49.581307+01,gold_establishments_2025,,,,20004152300016,2025,Collectivité Territoriale,Intercommunalité,['Charente-Maritime'],['Nouvelle-Aquitaine'],CC,{17},{75}
18d11377-8bd1-4e15-b7fe-8750855abe49,200037059,CC de la Haute Somme (Combles - Péronne - Roisel) (80),false,"{80014,80015,80017,80054,80088,80102,80115,80128,80141,80150,80154,80177,80199,80204,80239,80240,80258,80271,80275,80294,80298,80307,80312,80313,80314,80378,80397,80401,80404,80413,80418,80428,80430,80434,80435,80438,80472,80475,80487,80490,80516,80521,80536,80538,80552,80557,80601,80620,80629,80664,80677,80679,80695,80737,80747,80748,80762,80801,80802,80812}",CC,2026-03-24 14:41:49.581307+01,gold_establishments_2025,,,,20003705900017,2025,Collectivité Territoriale,Intercommunalité,['Somme'],['Hauts-de-France'],CC,{80},{32}
adb604fd-43ba-44fd-bf6d-d33a9bcc79ef,200033173,CC de la Haute Vallée de Chevreuse (78),false,"{78160,78162,78193,78334,78397,78406,78548,78561,78575,78590}",CC,2026-03-24 14:41:49.581307+01,gold_establishments_2025,,,,20003317300028,2025,Collectivité Territoriale,Intercommunalité,['Yvelines'],['Île-de-France'],CC,{78},{11}
95a97a42-9d6e-44f1-b1d7-bbbac3d36323,246500482,CC de la Haute-Bigorre (65),false,"{65016,65024,65042,65043,65059,65060,65078,65091,65123,65147,65198,65216,65221,65222,65238,65275,65300,65310,65320,65328,65335,65338,65370,65451,65459}",CC,2026-03-24 14:41:51.447482+01,gold_establishments_2025,,,,24650048200012,2025,Collectivité Territoriale,Intercommunalité,['Hautes-Pyrénées'],['Occitanie'],CC,{65},{76}
329cface-a056-45e0-8c25-bcca3a6c4391,243200391,CC de la Lomagne Gersoise (32),false,"{32047,32066,32068,32078,32082,32085,32101,32102,32131,32132,32142,32146,32150,32176,32184,32188,32195,32208,32239,32241,32253,32255,32286,32306,32311,32314,32318,32320,32328,32329,32337,32341,32345,32364,32391,32395,32396,32405,32417,32429,32441,32442,32457}",CC,2026-03-24 14:41:51.447482+01,gold_establishments_2025,,,,24320039100072,2025,Collectivité Territoriale,Intercommunalité,['Gers'],['Occitanie'],CC,{32},{76}
82f81e8e-4c37-40c0-afec-4951f9d93931,248200065,CC de la Lomagne Tarn-et-Garonnaise (82),false,"{82004,82006,82009,82013,82015,82034,82036,82047,82053,82055,82059,82064,82067,82068,82070,82071,82074,82083,82091,82093,82097,82103,82104,82106,82107,82129,82143,82146,82163,82180,82193}",CC,2026-03-24 14:41:51.447482+01,gold_establishments_2025,,,,24820006500055,2025,Collectivité Territoriale,Intercommunalité,['Tarn-et-Garonne'],['Occitanie'],CC,{82},{76}
26048196-9be9-44b7-8bd7-046564a64a46,200007052,CC de la Marche Berrichonne (36),false,"{36001,36028,36060,36061,36099,36126,36146,36189,36207}",CC,2026-03-24 14:41:49.581307+01,gold_establishments_2025,,,,20000705200018,2025,Collectivité Territoriale,Intercommunalité,['Indre'],['Centre-Val de Loire'],CC,{36},{24}
e9c86ca0-bee6-4cc3-aff6-2aa02cbdd9f0,200040657,CC de la Matheysine (38),false,"{38008,38031,38073,38106,38116,38128,38132,38154,38203,38207,38217,38224,38241,38254,38264,38265,38266,38269,38273,38280,38283,38299,38304,38313,38326,38329,38361,38396,38402,38413,38414,38428,38444,38462,38469,38470,38489,38497,38499,38518,38521,38522,38552}",CC,2026-03-24 14:41:49.581307+01,gold_establishments_2025,,,,20004065700088,2025,Collectivité Territoriale,Intercommunalité,['Isère'],['Auvergne-Rhône-Alpes'],CC,{38},{84}
bda6027b-31a8-4225-8f40-f41393c70c88,200043438,CC de la Moivre à la Coole (51),false,"{51087,51106,51148,51149,51178,51179,51193,51208,51227,51244,51259,51260,51339,51354,51371,51409,51415,51436,51438,51482,51490,51502,51512,51538,51548,51574,51616,51648}",CC,2026-03-24 14:41:49.581307+01,gold_establishments_2025,,,,20004343800015,2025,Collectivité Territoriale,Intercommunalité,['Marne'],['Grand Est'],CC,{51},{44}
6f30ef5d-b727-4949-a13d-4322c3691d59,200042463,CC de la Montagne Noire (11),false,"{11052,11079,11115,11150,11154,11156,11174,11180,11182,11189,11194,11221,11222,11232,11297,11319,11339,11367,11372,11391,11411,11413}",CC,2026-03-24 14:41:49.581307+01,gold_establishments_2025,,,,20004246300014,2025,Collectivité Territoriale,Intercommunalité,['Aude'],['Occitanie'],CC,{11},{76}
885c5013-4b93-4306-84d9-5b0b930517f4,200072007,CC de la Montagne d'Ardèche (07),false,"{07018,07026,07037,07038,07047,07071,07075,07105,07106,07119,07120,07121,07130,07136,07137,07142,07154,07175,07195,07200,07203,07206,07224,07232,07235,07262,07267,07326}",CC,2026-03-24 14:41:49.581307+01,gold_establishments_2025,,,,20007200700087,2025,Collectivité Territoriale,Intercommunalité,['Ardèche'],['Auvergne-Rhône-Alpes'],CC,{07},{84}
6b0127c5-c658-4750-a449-0bffedda1538,200068864,CC de la Mossig et du Vignoble (67),false,"{67018,67030,67077,67078,67081,67085,67122,67139,67208,67229,67240,67245,67282,67335,67354,67383,67408,67442,67492,67517,67520,67525,67555,67556}",CC,2026-03-24 14:41:49.581307+01,gold_establishments_2025,,,,20006886400012,2025,Collectivité Territoriale,Intercommunalité,['Bas-Rhin'],['Grand Est'],CC,{67},{44}
825fa80f-15fa-40fb-b297-b97d55f188a0,241200914,CC de la Muse et des Raspes du Tarn (12),false,"{12017,12037,12038,12062,12078,12129,12153,12213,12244,12251,12284,12291,12296}",CC,2026-03-24 14:41:49.581307+01,gold_establishments_2025,,,,24120091400042,2025,Collectivité Territoriale,Intercommunalité,['Aveyron'],['Occitanie'],CC,{12},{76}
668e6230-7059-46db-ba96-6c552f3e95d7,246000848,CC de la Picardie Verte (60),false,"{60001,60004,60049,60051,60076,60077,60084,60098,60108,60109,60110,60114,60122,60128,60136,60180,60193,60194,60205,60214,60217,60219,60233,60242,60244,60245,60248,60269,60271,60275,60280,60286,60288,60289,60295,60296,60297,60298,60301,60303,60304,60306,60312,60314,60335,60347,60353,60354,60365,60371,60387,60388,60397,60405,60407,60435,60444,60458,60460,60472,60476,60484,60493,60514,60521,60545,60550,60557,60566,60571,60588,60590,60594,60596,60599,60602,60604,60605,60611,60622,60623,60624,60629,60633,60688,60691,60697,60699}",CC,2026-03-24 14:41:51.447482+01,gold_establishments_2025,,,,24600084800076,2025,Collectivité Territoriale,Intercommunalité,['Oise'],['Hauts-de-France'],CC,{60},{32}
7e4712b5-9e88-4a16-acf0-025cc9b66a1b,200038958,CC de la Pieve de l'Ornano et du Taravo (2A),false,"{2A008,2A026,2A056,2A064,2A085,2A089,2A091,2A094,2A098,2A099,2A117,2A119,2A130,2A132,2A133,2A186,2A200,2A228,2A232,2A253,2A268,2A276,2A312,2A322,2A331,2A358,2A359,2A360}",CC,2026-03-24 14:41:49.581307+01,gold_establishments_2025,,,,20003895800019,2025,Collectivité Territoriale,Intercommunalité,['Corse-du-Sud'],['Corse'],CC,{2A},{94}
f56acf5b-bbda-4499-b151-06f7b86be3de,200000925,CC de la Plaine Dijonnaise (21),false,"{21005,21057,21067,21126,21130,21183,21242,21261,21292,21319,21320,21330,21351,21352,21353,21388,21487,21532,21622,21623,21632,21656}",CC,2026-03-24 14:41:49.581307+01,gold_establishments_2025,,,,20000092500095,2025,Collectivité Territoriale,Intercommunalité,"[""Côte-d'Or""]",['Bourgogne-Franche-Comté'],CC,{21},{27}
1559f3dc-f7c0-4c88-800f-040808b4e500,243901089,CC de la Plaine Jurassienne (39),false,"{39011,39022,39034,39077,39090,39128,39138,39139,39211,39245,39266,39299,39338,39385,39415,39429,39448,39477,39490,39507,39525}",CC,2026-03-24 14:41:51.447482+01,gold_establishments_2025,,,,24390108900074,2025,Collectivité Territoriale,Intercommunalité,['Jura'],['Bourgogne-Franche-Comté'],CC,{39},{27}
49098803-0f10-44db-bedf-62d50705e686,246000897,CC de la Plaine d'Estrées (60),false,"{60024,60036,60040,60078,60125,60149,60152,60210,60223,60229,60254,60284,60308,60318,60369,60424,60441,60531,60540}",CC,2026-03-24 14:41:51.447482+01,gold_establishments_2025,,,,24600089700024,2025,Collectivité Territoriale,Intercommunalité,['Oise'],['Hauts-de-France'],CC,{60},{32}
e90e3b6c-689f-4a1f-9feb-2ca2cc4a472c,240100883,CC de la Plaine de l'Ain (01),false,"{01002,01004,01007,01008,01013,01017,01037,01041,01047,01054,01064,01076,01088,01089,01099,01107,01111,01149,01156,01190,01198,01202,01213,01216,01219,01224,01233,01244,01255,01260,01277,01279,01280,01290,01325,01345,01349,01361,01366,01378,01379,01384,01386,01390,01396,01400,01403,01411,01416,01421,01431,01444,01450}",CC,2026-03-24 14:41:49.581307+01,gold_establishments_2025,,,,24010088300018,2025,Collectivité Territoriale,Intercommunalité,['Ain'],['Auvergne-Rhône-Alpes'],CC,{01},{84}
e4400270-6eef-4f44-a46d-5d6abfec059e,244500542,CC de la Plaine du Nord Loiret (45),false,"{45005,45011,45025,45037,45080,45086,45088,45118,45135,45160,45174,45181,45231,45240,45325}",CC,2026-03-24 14:41:51.447482+01,gold_establishments_2025,,,,24450054200059,2025,Collectivité Territoriale,Intercommunalité,['Loiret'],['Centre-Val de Loire'],CC,{45},{24}
e6854d1d-3c10-4bc2-9b89-d2138ffe151c,200041283,CC de la Plaine du Rhin (67),false,"{67025,67069,67079,67113,67235,67261,67305,67308,67315,67327,67330,67346,67432,67440,67443,67463,67466,67494,67541}",CC,2026-03-24 14:41:49.581307+01,gold_establishments_2025,,,,20004128300017,2025,Collectivité Territoriale,Intercommunalité,['Bas-Rhin'],['Grand Est'],CC,{67},{44}
77300598-aa88-4587-8ecc-83a0e18ad3cc,200068377,CC de la Porte des Vosges Méridionales (88),false,"{88148,88158,88205,88351,88383,88409,88415,88429,88487,88498}",CC,2026-03-24 14:41:49.581307+01,gold_establishments_2025,,,,20006837700015,2025,Collectivité Territoriale,Intercommunalité,['Vosges'],['Grand Est'],CC,{88},{44}
d9dd8aec-8cef-4e76-8aae-e409027d6d11,246200844,CC de la Région d'Audruicq (62),false,"{62057,62393,62598,62621,62623,62634,62645,62662,62699,62730,62748,62756,62766,62852,62906}",CC,2026-03-24 14:41:51.447482+01,gold_establishments_2025,,,,24620084400016,2025,Collectivité Territoriale,Intercommunalité,['Pas-de-Calais'],['Hauts-de-France'],CC,{62},{32}
1bcefc8f-cda3-4ddf-baae-c388048513c5,241000405,CC de la Région de Bar-sur-Aube (10),false,"{10002,10007,10011,10012,10032,10033,10035,10039,10048,10076,10103,10113,10137,10150,10160,10176,10182,10197,10203,10242,10250,10306,10330,10374,10390,10426,10440}",CC,2026-03-24 14:41:49.581307+01,gold_establishments_2025,,,,24100040500068,2025,Collectivité Territoriale,Intercommunalité,['Aube'],['Grand Est'],CC,{10},{44}
6b8b4284-9981-43e4-981b-94493ecefa7a,246800569,CC de la Région de Guebwiller (68),false,"{68029,68030,68058,68112,68122,68156,68159,68177,68178,68188,68203,68229,68250,68260,68274,68276,68315,68318,68381}",CC,2026-03-24 14:41:51.447482+01,gold_establishments_2025,,,,24680056900039,2025,Collectivité Territoriale,Intercommunalité,['Haut-Rhin'],['Grand Est'],CC,{68},{44}
05b608e4-1859-4bbe-9ce6-2f4ae87e14e2,246701064,CC de la Région de Molsheim-Mutzig (67),false,"{67008,67016,67080,67098,67101,67108,67112,67127,67128,67168,67188,67300,67313,67325,67342,67473,67480,67554}",CC,2026-03-24 14:41:51.447482+01,gold_establishments_2025,,,,24670106400049,2025,Collectivité Territoriale,Intercommunalité,['Bas-Rhin'],['Grand Est'],CC,{67},{44}
e125a3b7-a9a4-4487-bcfd-671c5b20bf49,200005957,CC de la Région de Rambervillers (88),false,"{88008,88021,88042,88077,88080,88110,88127,88153,88156,88168,88230,88243,88251,88298,88301,88318,88333,88338,88367,88395,88402,88410,88412,88416,88417,88418,88425,88432,88521,88527}",CC,2026-03-24 14:41:49.581307+01,gold_establishments_2025,,,,20000595700069,2025,Collectivité Territoriale,Intercommunalité,['Vosges'],['Grand Est'],CC,{88},{44}
61343306-946b-4312-a0e8-ac055b41dba5,200042620,CC de la Région de Suippes (51),false,"{51097,51147,51197,51203,51307,51317,51486,51491,51501,51515,51544,51546,51547,51553,51559,51572}",CC,2026-03-24 14:41:49.581307+01,gold_establishments_2025,,,,20004262000159,2025,Collectivité Territoriale,Intercommunalité,['Marne'],['Grand Est'],CC,{51},{44}
9a00f566-d76d-43d5-9ee5-9102a9366470,244100806,CC de la Sologne des Rivières (41),false,"{41084,41168,41176,41232,41241,41249,41256}",CC,2026-03-24 14:41:51.447482+01,gold_establishments_2025,,,,24410080600128,2025,Collectivité Territoriale,Intercommunalité,['Loir-et-Cher'],['Centre-Val de Loire'],CC,{41},{24}
9e90e7ef-9f06-4ed2-943f-971768ac05ee,244100780,CC de la Sologne des Étangs (41),false,"{41074,41083,41125,41127,41140,41152,41159,41231,41268,41271,41285,41297}",CC,2026-03-24 14:41:51.447482+01,gold_establishments_2025,,,,24410078000018,2025,Collectivité Territoriale,Intercommunalité,['Loir-et-Cher'],['Centre-Val de Loire'],CC,{41},{24}
a1476956-c190-476a-9337-83b6c2047499,243900354,CC de la Station des Rousses-Haut Jura (39),false,"{39059,39275,39441,39470}",CC,2026-03-24 14:41:51.447482+01,gold_establishments_2025,,,,24390035400040,2025,Collectivité Territoriale,Intercommunalité,['Jura'],['Bourgogne-Franche-Comté'],CC,{39},{27}
662bd13f-768f-4329-8f3f-143bfec8f0fe,243200417,CC de la Tenarèze (32),false,"{32035,32037,32044,32057,32075,32080,32095,32100,32107,32133,32143,32178,32180,32194,32196,32197,32203,32212,32224,32230,32290,32292,32350,32400,32404,32459}",CC,2026-03-24 14:41:51.447482+01,gold_establishments_2025,,,,24320041700067,2025,Collectivité Territoriale,Intercommunalité,['Gers'],['Occitanie'],CC,{32},{76}
b424a812-2c2b-43de-8756-67ad8fdca076,246200380,CC de la Terre des Deux Caps (62),false,"{62025,62052,62054,62056,62089,62125,62329,62444,62487,62503,62505,62546,62560,62636,62705,62711,62751,62806,62867,62889,62899}",CC,2026-03-24 14:41:51.447482+01,gold_establishments_2025,,,,24620038000128,2025,Collectivité Territoriale,Intercommunalité,['Pas-de-Calais'],['Hauts-de-France'],CC,{62},{32}
bc1e6807-0262-4f4f-bad8-8352e16d2bc0,240200444,CC de la Thiérache du Centre (02),false,"{02040,02044,02050,02067,02068,02103,02109,02116,02135,02136,02141,02182,02197,02206,02269,02276,02284,02286,02295,02308,02312,02321,02324,02331,02337,02341,02342,02357,02369,02373,02377,02379,02384,02385,02401,02403,02404,02416,02418,02419,02444,02445,02463,02491,02535,02547,02548,02558,02584,02608,02623,02629,02650,02652,02657,02668,02670,02681,02688,02725,02728,02731,02740,02759,02789,02823,02826,02832}",CC,2026-03-24 14:41:49.581307+01,gold_establishments_2025,,,,24020044400026,2025,Collectivité Territoriale,Intercommunalité,['Aisne'],['Hauts-de-France'],CC,{02},{32}
6abb0ade-1d01-4552-9625-aa615d539a18,247400047,CC de la Vallée Verte (74),false,"{74037,74038,74050,74139,74140,74226,74261,74301}",CC,2026-03-24 14:41:51.447482+01,gold_establishments_2025,,,,24740004700053,2025,Collectivité Territoriale,Intercommunalité,['Haute-Savoie'],['Auvergne-Rhône-Alpes'],CC,{74},{84}
21cd3b51-2508-4935-b0c1-c92784c816fe,246400337,CC de la Vallée d'Ossau (64),false,"{64062,64069,64110,64116,64127,64128,64157,64175,64204,64240,64280,64320,64353,64354,64363,64463,64473,64522}",CC,2026-03-24 14:41:51.447482+01,gold_establishments_2025,,,,24640033700142,2025,Collectivité Territoriale,Intercommunalité,['Pyrénées-Atlantiques'],['Nouvelle-Aquitaine'],CC,{64},{75}
e36bb523-63ad-4bc2-be94-2701964a96aa,200023372,CC de la Vallée de Chamonix-Mont-Blanc (74),false,"{74056,74143,74266,74290}",CC,2026-03-24 14:41:49.581307+01,gold_establishments_2025,,,,20002337200010,2025,Collectivité Territoriale,Intercommunalité,['Haute-Savoie'],['Auvergne-Rhône-Alpes'],CC,{74},{84}
43e7b210-c1f0-490f-9a61-8c1bfab06379,246800551,CC de la Vallée de Kaysersberg (68),false,"{68005,68044,68097,68161,68162,68173,68175,68249}",CC,2026-03-24 14:41:51.447482+01,gold_establishments_2025,,,,24680055100011,2025,Collectivité Territoriale,Intercommunalité,['Haut-Rhin'],['Grand Est'],CC,{68},{44}
fdabb92b-d21f-47e9-82fb-70a188a40aa5,246800585,CC de la Vallée de Munster (68),false,"{68051,68083,68109,68117,68142,68193,68204,68210,68223,68226,68311,68316,68317,68329,68358,68368}",CC,2026-03-24 14:41:51.447482+01,gold_establishments_2025,,,,24680058500092,2025,Collectivité Territoriale,Intercommunalité,['Haut-Rhin'],['Grand Est'],CC,{68},{44}
3a9d3c03-e96d-453f-8974-307a57470b2a,246800205,CC de la Vallée de Saint-Amarin (68),false,"{68089,68102,68106,68151,68171,68199,68211,68213,68217,68247,68262,68292,68328,68344,68370}",CC,2026-03-24 14:41:51.447482+01,gold_establishments_2025,,,,24680020500014,2025,Collectivité Territoriale,Intercommunalité,['Haut-Rhin'],['Grand Est'],CC,{68},{44}
5ea7974c-3c5c-421d-b5a5-e5ecea11f449,246700777,CC de la Vallée de Villé (67),false,"{67003,67022,67062,67063,67092,67143,67255,67280,67317,67320,67426,67427,67430,67477,67490,67493,67499,67507}",CC,2026-03-24 14:41:51.447482+01,gold_establishments_2025,,,,24670077700013,2025,Collectivité Territoriale,Intercommunalité,['Bas-Rhin'],['Grand Est'],CC,{67},{44}
aee0af10-3d57-4277-9983-4a8ca4a7b06c,200041168,CC de la Vallée de l'Homme (24),false,"{24014,24015,24067,24076,24106,24172,24174,24175,24183,24217,24240,24261,24291,24326,24330,24356,24364,24377,24388,24404,24443,24524,24531,24552,24559,24563}",CC,2026-03-24 14:41:49.581307+01,gold_establishments_2025,,,,20004116800077,2025,Collectivité Territoriale,Intercommunalité,['Dordogne'],['Nouvelle-Aquitaine'],CC,{24},{75}
c000968c-3178-4470-b6a2-7cabbadbe073,249500455,CC de la Vallée de l'Oise et des Trois Forêts (95),false,"{95061,95151,95313,95392,95394,95445,95480,95504,95678}",CC,2026-03-24 14:41:51.447482+01,gold_establishments_2025,,,,24950045500020,2025,Collectivité Territoriale,Intercommunalité,"[""Val-d'Oise""]",['Île-de-France'],CC,{95},{11}
cf2794ca-20bd-40a1-8744-38075ce8a93d,246700306,CC de la Vallée de la Bruche (67),false,"{67020,67026,67027,67050,67059,67066,67076,67144,67165,67276,67306,67314,67321,67377,67384,67414,67420,67421,67424,67436,67448,67470,67500,67513,67531,67543}",CC,2026-03-24 14:41:51.447482+01,gold_establishments_2025,,,,24670030600011,2025,Collectivité Territoriale,Intercommunalité,['Bas-Rhin'],['Grand Est'],CC,{67},{44}
f162ad52-5226-49f1-b583-c1d4805e038a,246800676,CC de la Vallée de la Doller et du Soultzbach (68),false,"{68059,68060,68073,68115,68167,68179,68201,68219,68239,68275,68304,68307,68308,68313,68361}",CC,2026-03-24 14:41:51.447482+01,gold_establishments_2025,,,,24680067600016,2025,Collectivité Territoriale,Intercommunalité,['Haut-Rhin'],['Grand Est'],CC,{68},{44}
11d339ed-0d47-4c4f-b020-c9e8accd6cc6,200035103,CC de la Vallée de la Haute Sarthe (61),false,"{61013,61026,61064,61066,61067,61082,61126,61133,61166,61183,61202,61215,61251,61258,61261,61266,61284,61304,61331,61360,61365,61398,61412,61415,61416,61450,61454,61481,61492,61499,61502}",CC,2026-03-24 14:41:49.581307+01,gold_establishments_2025,,,,20003510300015,2025,Collectivité Territoriale,Intercommunalité,['Orne'],['Normandie'],CC,{61},{28}
64e897c1-16a5-4526-8b05-32086c1c61d9,248300410,CC de la Vallée du Gapeau (83),false,"{83017,83054,83130,83131,83132}",CC,2026-03-24 14:41:51.447482+01,gold_establishments_2025,,,,24830041000052,2025,Collectivité Territoriale,Intercommunalité,['Var'],"[""Provence-Alpes-Côte d'Azur""]",CC,{83},{93}
66133abb-3215-4418-98f3-9f9919fae049,246900757,CC de la Vallée du Garon (CCVG) (69),false,"{69027,69043,69133,69136,69268}",CC,2026-03-24 14:41:51.447482+01,gold_establishments_2025,,,,24690075700039,2025,Collectivité Territoriale,Intercommunalité,['Rhône'],['Auvergne-Rhône-Alpes'],CC,{69},{84}
9a2e8c92-a510-4f09-a5d0-84009d7ab5db,244600433,CC de la Vallée du Lot et du Vignoble (46),false,"{46001,46005,46022,46050,46060,46061,46062,46089,46107,46130,46142,46147,46182,46187,46199,46214,46218,46225,46231,46277,46296,46301,46305,46307,46321,46335,46336}",CC,2026-03-24 14:41:51.447482+01,gold_establishments_2025,,,,24460043300035,2025,Collectivité Territoriale,Intercommunalité,['Lot'],['Occitanie'],CC,{46},{76}
44406363-e7c3-4e48-ad04-b28c89abd1bb,248900664,CC de la Vanne et du Pays d'Othe (89),false,"{89014,89027,89048,89065,89066,89111,89120,89122,89165,89171,89181,89214,89261,89308,89310,89359,89395,89411,89432,89434,89451,89461}",CC,2026-03-24 14:41:51.447482+01,gold_establishments_2025,,,,24890066400074,2025,Collectivité Territoriale,Intercommunalité,['Yonne'],['Bourgogne-Franche-Comté'],CC,{89},{27}
088a1fdb-326f-47f4-b983-f2d75295f223,200070555,CC de la Veyle (01),false,"{01042,01046,01084,01096,01123,01134,01136,01179,01203,01246,01291,01306,01334,01343,01355,01365,01368,01457}",CC,2026-03-24 14:41:49.581307+01,gold_establishments_2025,,,,20007055500087,2025,Collectivité Territoriale,Intercommunalité,['Ain'],['Auvergne-Rhône-Alpes'],CC,{01},{84}
0d3a994d-8299-4341-817d-a9595b4a14f8,247000854,CC des 1000 étangs (70),false,"{70011,70016,70061,70062,70063,70071,70103,70176,70210,70217,70227,70233,70256,70283,70295,70308,70328,70339,70352,70361,70425,70453,70459,70489,70498,70573}",CC,2026-03-24 14:41:51.447482+01,gold_establishments_2025,,,,24700085400049,2025,Collectivité Territoriale,Intercommunalité,['Haute-Saône'],['Bourgogne-Franche-Comté'],CC,{70},{27}
a9252be5-79f9-456b-bdcd-b4cc9fc65a9b,200029734,CC des 4B Sud Charente (16),false,"{16014,16025,16028,16030,16036,16040,16046,16048,16053,16062,16066,16074,16075,16079,16099,16105,16133,16160,16161,16175,16176,16177,16178,16224,16251,16256,16258,16276,16301,16303,16315,16338,16342,16354,16357,16360,16365,16380,16384,16405}",CC,2026-03-24 14:41:49.581307+01,gold_establishments_2025,,,,20002973400015,2025,Collectivité Territoriale,Intercommunalité,['Charente'],['Nouvelle-Aquitaine'],CC,{16},{75}
229df7dc-bafe-4e0f-b363-c5cdcacf9a51,200044030,CC des 7 Vallées (62),false,"{62018,62046,62050,62069,62090,62100,62138,62142,62150,62157,62175,62177,62183,62204,62212,62219,62220,62222,62236,62275,62282,62335,62357,62365,62382,62388,62395,62398,62447,62449,62470,62481,62501,62521,62522,62538,62541,62547,62550,62551,62552,62556,62596,62605,62625,62635,62647,62661,62677,62690,62700,62719,62723,62745,62749,62768,62783,62787,62824,62828,62834,62850,62868,62871,62872,62890}",CC,2026-03-24 14:41:49.581307+01,gold_establishments_2025,,,,20004403000019,2025,Collectivité Territoriale,Intercommunalité,['Pas-de-Calais'],['Hauts-de-France'],CC,{62},{32}
a89b2db5-b995-47d5-80a0-fd5541bcc659,200043602,"CC des Albères, de la Côte Vermeille et de l'Illibéris (66)",false,"{66008,66011,66016,66048,66053,66065,66093,66115,66129,66133,66148,66168,66175,66196,66225}",CC,2026-03-24 14:41:49.581307+01,gold_establishments_2025,,,,20004360200016,2025,Collectivité Territoriale,Intercommunalité,['Pyrénées-Orientales'],['Occitanie'],CC,{66},{76}
d7ae1c9d-d3cc-4163-afde-286d2d53a477,246600449,CC des Aspres (66),false,"{66015,66026,66029,66032,66033,66044,66084,66099,66112,66126,66134,66170,66177,66207,66210,66211,66214,66217,66226}",CC,2026-03-24 14:41:51.447482+01,gold_establishments_2025,,,,24660044900101,2025,Collectivité Territoriale,Intercommunalité,['Pyrénées-Orientales'],['Occitanie'],CC,{66},{76}
c1a0432f-08dc-4b19-8d06-52de2e9b054e,200033868,CC des Ballons des Hautes-Vosges (88),false,"{88081,88170,88188,88302,88369,88408,88426,88468}",CC,2026-03-24 14:41:49.581307+01,gold_establishments_2025,,,,20003386800015,2025,Collectivité Territoriale,Intercommunalité,['Vosges'],['Grand Est'],CC,{88},{44}
3a83bebb-ac57-40c2-9a1e-db85ce35da4f,200068229,CC des Baronnies en Drôme Provençale (26),false,"{26013,26016,26018,26022,26026,26043,26046,26048,26050,26063,26075,26082,26089,26091,26103,26104,26105,26112,26126,26127,26130,26150,26161,26180,26181,26182,26189,26190,26193,26199,26201,26209,26220,26227,26229,26233,26236,26238,26239,26242,26244,26245,26256,26263,26264,26267,26269,26278,26279,26286,26288,26292,26303,26304,26306,26317,26318,26329,26340,26363,26367,26369,26370,26372,26375,26376,26377}",CC,2026-03-24 14:41:49.581307+01,gold_establishments_2025,,,,20006822900018,2025,Collectivité Territoriale,Intercommunalité,['Drôme'],['Auvergne-Rhône-Alpes'],CC,{26},{84}
f8b0a2b7-af41-4783-b216-dfb462cfbffb,200034833,CC des Bastides Dordogne-Périgord (24),false,"{24005,24022,24023,24027,24028,24043,24052,24060,24068,24073,24080,24088,24143,24195,24223,24228,24231,24242,24244,24257,24260,24273,24280,24281,24290,24307,24327,24334,24338,24347,24361,24378,24379,24382,24384,24393,24405,24407,24445,24446,24495,24542,24558,24560,24566,24570,24572}",CC,2026-03-24 14:41:49.581307+01,gold_establishments_2025,,,,20003483300018,2025,Collectivité Territoriale,Intercommunalité,['Dordogne'],['Nouvelle-Aquitaine'],CC,{24},{75}
38b8e9ad-6dc1-4aae-bd4b-4c6809d1e71c,200036523,CC des Bastides en Haut Agenais Périgord (47),false,"{47023,47033,47037,47044,47048,47055,47057,47063,47080,47083,47084,47096,47109,47124,47132,47141,47152,47164,47170,47175,47178,47181,47183,47184,47192,47193,47198,47200,47202,47219,47223,47230,47240,47241,47256,47259,47272,47284,47291,47295,47299,47311,47324}",CC,2026-03-24 14:41:49.581307+01,gold_establishments_2025,,,,20003652300013,2025,Collectivité Territoriale,Intercommunalité,['Lot-et-Garonne'],['Nouvelle-Aquitaine'],CC,{47},{75}
2fd83182-c077-45c7-a9fd-c981b4c7015f,200069482,CC des Campagnes de l'Artois (62),false,"{62009,62011,62012,62027,62030,62045,62063,62070,62072,62074,62084,62086,62091,62092,62111,62112,62113,62115,62118,62130,62135,62198,62199,62208,62211,62216,62221,62242,62243,62253,62266,62279,62316,62322,62347,62362,62363,62368,62372,62378,62379,62385,62389,62399,62404,62409,62415,62418,62425,62430,62434,62438,62459,62465,62475,62477,62490,62507,62511,62536,62537,62542,62544,62574,62578,62579,62583,62586,62629,62630,62640,62649,62651,62663,62664,62694,62695,62741,62778,62779,62784,62785,62796,62798,62802,62804,62814,62816,62820,62856,62857,62860,62874,62877,62878,62879}",CC,2026-03-24 14:41:49.581307+01,gold_establishments_2025,,,,20006948200012,2025,Collectivité Territoriale,Intercommunalité,['Pas-de-Calais'],['Hauts-de-France'],CC,{62},{32}
93a9d9e9-2596-44a4-a976-092f959d108e,200068484,CC des Causses à l'Aubrac (12),false,"{12026,12047,12055,12061,12107,12120,12177,12182,12184,12187,12219,12224,12237,12239,12247,12270,12303}",CC,2026-03-24 14:41:49.581307+01,gold_establishments_2025,,,,20006848400019,2025,Collectivité Territoriale,Intercommunalité,['Aveyron'],['Occitanie'],CC,{12},{76}
b9cff694-cfde-48ea-87cd-85df7f7c7207,244100293,CC des Collines du Perche (41),false,"{41012,41014,41024,41053,41060,41096,41143,41177,41224,41235,41248,41254}",CC,2026-03-24 14:41:51.447482+01,gold_establishments_2025,,,,24410029300038,2025,Collectivité Territoriale,Intercommunalité,['Loir-et-Cher'],['Centre-Val de Loire'],CC,{41},{24}
0741e680-f097-4af8-9aee-c4ddcdc96862,200071504,CC des Collines du Perche Normand (61),false,"{61005,61038,61041,61079,61099,61105,61142,61196,61207,61336,61388,61394,61405,61426,61484,61498}",CC,2026-03-24 14:41:49.581307+01,gold_establishments_2025,,,,20007150400019,2025,Collectivité Territoriale,Intercommunalité,['Orne'],['Normandie'],CC,{61},{28}
35b4104b-56fb-40b5-8866-48b0238b5397,247000367,CC des Combes (70),false,"{70028,70047,70090,70105,70127,70138,70148,70158,70169,70232,70324,70384,70386,70387,70401,70417,70418,70439,70452,70457,70482,70492,70504,70535,70536,70580,70582}",CC,2026-03-24 14:41:51.447482+01,gold_establishments_2025,,,,24700036700018,2025,Collectivité Territoriale,Intercommunalité,['Haute-Saône'],['Bourgogne-Franche-Comté'],CC,{70},{27}
22caf46c-a20b-46e3-8619-3d0bab4b4773,200042372,CC des Coteaux Arrats Gimone (32),false,"{32002,32012,32018,32040,32048,32056,32061,32123,32141,32147,32148,32157,32165,32182,32198,32221,32237,32247,32270,32288,32374,32388,32392,32406,32412,32428,32433,32447,32465,32467}",CC,2026-03-24 14:41:49.581307+01,gold_establishments_2025,,,,20004237200017,2025,Collectivité Territoriale,Intercommunalité,['Gers'],['Occitanie'],CC,{32},{76}
301cc34f-1d21-4637-9e4c-c2db283a5ca9,243100815,CC des Coteaux Bellevue (31),false,"{31117,31252,31364,31410,31462,31484,31497}",CC,2026-03-24 14:41:51.447482+01,gold_establishments_2025,,,,24310081500014,2025,Collectivité Territoriale,Intercommunalité,['Haute-Garonne'],['Occitanie'],CC,{31},{76}
9ab47ad1-3da7-495f-9ecb-91be315f6592,243100732,CC des Coteaux du Girou (31),false,"{31049,31074,31212,31215,31216,31228,31273,31285,31358,31383,31388,31407,31459,31489,31501,31511,31573,31579}",CC,2026-03-24 14:41:51.447482+01,gold_establishments_2025,,,,24310073200094,2025,Collectivité Territoriale,Intercommunalité,['Haute-Garonne'],['Occitanie'],CC,{31},{76}
1bfdae12-0d23-4ac3-8123-923cef115fe8,200070803,CC des Coteaux du Val d'Arros (65),false,"{65044,65063,65079,65086,65101,65103,65104,65113,65115,65118,65120,65131,65132,65133,65142,65149,65151,65153,65156,65181,65204,65206,65225,65232,65256,65259,65265,65270,65272,65276,65285,65290,65298,65301,65303,65324,65326,65332,65333,65337,65346,65353,65357,65359,65367,65369,65378,65380,65426,65430,65436,65443,65447}",CC,2026-03-24 14:41:49.581307+01,gold_establishments_2025,,,,20007080300016,2025,Collectivité Territoriale,Intercommunalité,['Hautes-Pyrénées'],['Occitanie'],CC,{65},{76}
940a672b-c1f9-4a3d-b982-3e83d2349dfb,244701355,CC des Coteaux et Landes de Gascogne (47),false,"{47007,47010,47012,47013,47026,47034,47039,47052,47058,47085,47093,47114,47115,47119,47121,47148,47205,47208,47212,47222,47224,47227,47244,47253,47254,47286,47320}",CC,2026-03-24 14:41:51.447482+01,gold_establishments_2025,,,,24470135500038,2025,Collectivité Territoriale,Intercommunalité,['Lot-et-Garonne'],['Nouvelle-Aquitaine'],CC,{47},{75}
8eae191d-a999-4b75-ac1b-cc175c976e41,200033298,CC des Coëvrons (53),false,"{53010,53016,53023,53043,53053,53059,53097,53105,53113,53120,53134,53153,53161,53163,53218,53220,53221,53228,53232,53248,53249,53255,53256,53257,53264,53265,53266,53267,53276}",CC,2026-03-24 14:41:49.581307+01,gold_establishments_2025,,,,20003329800015,2025,Collectivité Territoriale,Intercommunalité,['Mayenne'],['Pays de la Loire'],CC,{53},{52}
6a9fd513-323a-49ff-8e74-b4871e6ddae6,240800862,CC des Crêtes Préardennaises (08),false,"{08006,08025,08027,08041,08047,08076,08080,08095,08099,08102,08103,08113,08117,08123,08124,08134,08141,08143,08146,08151,08160,08163,08165,08178,08192,08193,08196,08201,08203,08204,08205,08228,08236,08238,08240,08243,08244,08248,08262,08272,08278,08283,08288,08295,08305,08307,08315,08321,08323,08324,08329,08334,08335,08341,08348,08352,08356,08360,08364,08366,08369,08372,08374,08382,08384,08387,08388,08395,08398,08401,08402,08411,08415,08419,08422,08428,08433,08449,08454,08458,08462,08465,08467,08469,08472,08478,08479,08482,08489,08496,08498,08499,08500,08503}",CC,2026-03-24 14:41:49.581307+01,gold_establishments_2025,,,,24080086200015,2025,Collectivité Territoriale,Intercommunalité,['Ardennes'],['Grand Est'],CC,{08},{44}
30025bb1-28c9-43ef-b6b1-a1ac769abd4e,243400736,CC des Cévennes Gangeoises et Suménoises (30),false,"{30272,30283,30296,30325,34005,34042,34067,34111,34115,34128,34171,34174,34243}",CC,2026-03-24 14:41:51.447482+01,gold_establishments_2025,,,,24340073600043,2025,Collectivité Territoriale,Intercommunalité,"['Gard', 'Hérault']",['Occitanie'],CC,"{30,34}",{76}
ad0466c6-77c8-4898-b684-df87a1990d02,200069136,CC des Cévennes au Mont Lozère (48),false,"{48020,48051,48067,48097,48098,48115,48116,48136,48144,48148,48152,48155,48158,48163,48170,48171,48173,48178,48194}",CC,2026-03-24 14:41:49.581307+01,gold_establishments_2025,,,,20006913600014,2025,Collectivité Territoriale,Intercommunalité,['Lozère'],['Occitanie'],CC,{48},{76}
86b2ff75-15b8-4d97-83fd-c9aaf5c4dfaf,200072544,CC des Deux Morin (77),false,"{77030,77043,77093,77097,77116,77162,77182,77228,77240,77247,77250,77287,77303,77304,77314,77345,77385,77398,77402,77405,77406,77411,77417,77421,77423,77429,77432,77436,77472,77492,77512}",CC,2026-03-24 14:41:49.581307+01,gold_establishments_2025,,,,20007254400055,2025,Collectivité Territoriale,Intercommunalité,['Seine-et-Marne'],['Île-de-France'],CC,{77},{11}
d5ae3a7c-2c4c-4289-8a80-0e265a027efa,248200016,CC des Deux Rives (32),false,"{32358,47067,47113,82008,82010,82032,82049,82050,82054,82065,82072,82073,82089,82101,82102,82109,82130,82138,82139,82141,82158,82160,82165,82166,82170,82175,82181,82186}",CC,2026-03-24 14:41:51.447482+01,gold_establishments_2025,,,,24820001600017,2025,Collectivité Territoriale,Intercommunalité,"['Gers', 'Lot-et-Garonne', 'Tarn-et-Garonne']",['Nouvelle-Aquitaine'],CC,"{32,47,82}",{75}
7db60bbf-ff59-47fd-809a-8a7678b12f53,246000772,CC des Deux Vallées (60),false,"{60043,60119,60147,60150,60368,60373,60378,60392,60423,60492,60501,60537,60582,60636,60642,60654}",CC,2026-03-24 14:41:51.447482+01,gold_establishments_2025,,,,24600077200029,2025,Collectivité Territoriale,Intercommunalité,['Oise'],['Hauts-de-France'],CC,{60},{32}
7c7d461e-4725-4675-8dff-9ab1131d07a4,249100157,CC des Deux Vallées (91),false,"{91069,91099,91121,91180,91184,91195,91273,91359,91405,91408,91412,91463,91507,91599,91654}",CC,2026-03-24 14:41:51.447482+01,gold_establishments_2025,,,,24910015700026,2025,Collectivité Territoriale,Intercommunalité,['Essonne'],['Île-de-France'],CC,{91},{11}
82a8e1cb-da13-4a1f-8310-dccddcb46e68,200068294,CC des Deux Vallées Vertes (25),false,"{25003,25005,25018,25019,25022,25038,25066,25067,25083,25087,25156,25181,25182,25184,25198,25226,25232,25246,25247,25264,25266,25276,25277,25279,25306,25310,25311,25315,25327,25365,25369,25372,25377,25384,25385,25408,25419,25431,25461,25470,25472,25479,25496,25498,25499,25505,25516,25552,25553,25556,25567,25572,25574,25613}",CC,2026-03-24 14:41:49.581307+01,gold_establishments_2025,,,,20006829400152,2025,Collectivité Territoriale,Intercommunalité,['Doubs'],['Bourgogne-Franche-Comté'],CC,{25},{27}
0a6ee0bf-8cbb-4894-a469-4baae828664d,200069912,CC des Forêts du Perche (28),false,"{28046,28077,28130,28149,28159,28200,28202,28217,28248,28271,28310,28314,28316,28368,28373}",CC,2026-03-24 14:41:49.581307+01,gold_establishments_2025,,,,20006991200018,2025,Collectivité Territoriale,Intercommunalité,['Eure-et-Loir'],['Centre-Val de Loire'],CC,{28},{24}
1ac05d7f-39ab-423d-8907-a4e024219b9f,200039808,CC des Gorges de l'Ardèche (07),false,"{07023,07033,07061,07101,07113,07115,07126,07131,07168,07183,07190,07201,07207,07272,07291,07304,07306,07328,07330,07348}",CC,2026-03-24 14:41:49.581307+01,gold_establishments_2025,,,,20003980800015,2025,Collectivité Territoriale,Intercommunalité,['Ardèche'],['Auvergne-Rhône-Alpes'],CC,{07},{84}
49b1234d-01e9-48b9-9efc-9d64698952ce,244000873,CC des Grands Lacs (40),false,"{40046,40108,40163,40217,40257,40287,40332}",CC,2026-03-24 14:41:51.447482+01,gold_establishments_2025,,,,24400087300145,2025,Collectivité Territoriale,Intercommunalité,['Landes'],['Nouvelle-Aquitaine'],CC,{40},{75}
eb7da5f0-70bb-4578-b2a5-a8a49a295b58,200069144,CC des Hautes Terres de l'Aubrac (48),false,"{48001,48007,48009,48012,48031,48044,48058,48064,48071,48087,48091,48104,48106,48123,48161,48167,48190}",CC,2026-03-24 14:41:49.581307+01,gold_establishments_2025,,,,20006914400018,2025,Collectivité Territoriale,Intercommunalité,['Lozère'],['Occitanie'],CC,{48},{76}
96104b85-56a0-4760-8cf5-c23c74268418,200096634,CC des Hautes Vosges (88),false,"{88037,88075,88109,88116,88177,88197,88391,88442,88447,88462,88464,88467,88486,88500}",CC,2026-03-24 14:41:49.581307+01,gold_establishments_2025,,,,20009663400015,2025,Collectivité Territoriale,Intercommunalité,['Vosges'],['Grand Est'],CC,{88},{44}
b652cfa8-7b5b-48c3-a156-ea6095010839,200040954,CC des Hauts de Flandre (59),false,"{59046,59067,59082,59083,59089,59110,59111,59130,59162,59182,59200,59210,59305,59307,59309,59319,59326,59337,59338,59358,59397,59402,59433,59448,59463,59478,59499,59538,59539,59570,59579,59605,59628,59641,59647,59657,59663,59664,59665,59666}",CC,2026-03-24 14:41:49.581307+01,gold_establishments_2025,,,,20004095400014,2025,Collectivité Territoriale,Intercommunalité,['Nord'],['Hauts-de-France'],CC,{59},{32}
913aece1-3e63-430e-839f-62d554d4c970,200068856,CC des Hauts du Perche (61),false,"{61034,61046,61206,61230,61242,61274,61323,61429,61491,61500}",CC,2026-03-24 14:41:49.581307+01,gold_establishments_2025,,,,20006885600018,2025,Collectivité Territoriale,Intercommunalité,['Orne'],['Normandie'],CC,{61},{28}
595debd4-cb6e-4026-8fbb-fc2d124bbc13,200036150,CC des Hauts du Val de Saône (70),false,"{70002,70009,70025,70035,70049,70066,70070,70074,70078,70086,70089,70091,70112,70114,70135,70143,70144,70153,70165,70175,70177,70244,70267,70272,70291,70292,70293,70298,70320,70329,70337,70350,70359,70362,70373,70392,70399,70423,70436,70437,70454,70468,70486,70496,70548,70554,70572,70576}",CC,2026-03-24 14:41:49.581307+01,gold_establishments_2025,,,,20003615000015,2025,Collectivité Territoriale,Intercommunalité,['Haute-Saône'],['Bourgogne-Franche-Comté'],CC,{70},{27}
d791dda5-42f7-4d39-945c-e8d5e7987374,200071314,CC des Hauts-Tolosans (31),false,"{31061,31062,31089,31090,31093,31096,31098,31120,31126,31156,31160,31164,31209,31232,31234,31265,31275,31281,31338,31341,31356,31403,31413,31444,31473,31507,31553,31577,31592}",CC,2026-03-24 14:41:49.581307+01,gold_establishments_2025,,,,20007131400013,2025,Collectivité Territoriale,Intercommunalité,['Haute-Garonne'],['Occitanie'],CC,{31},{76}
ba883ad9-997e-403a-9c4a-e05f0bf89b91,200040137,CC des Lacs de Champagne (10),false,"{10010,10017,10026,10027,10044,10046,10047,10059,10063,10064,10073,10094,10105,10123,10128,10138,10171,10175,10180,10183,10189,10192,10193,10214,10221,10228,10243,10253,10279,10283,10285,10303,10304,10313,10315,10326,10337,10345,10346,10389,10393,10424,10445}",CC,2026-03-24 14:41:49.581307+01,gold_establishments_2025,,,,20004013700016,2025,Collectivité Territoriale,Intercommunalité,['Aube'],['Grand Est'],CC,{10},{44}
b8f2645a-3d75-4aae-8381-32ca882c39f8,200069565,CC des Lacs et Montagnes du Haut-Doubs (25),false,"{25096,25121,25131,25142,25179,25252,25254,25263,25295,25307,25308,25318,25320,25348,25361,25362,25380,25405,25413,25442,25451,25459,25464,25483,25486,25494,25501,25514,25525,25534,25565,25619}",CC,2026-03-24 14:41:49.581307+01,gold_establishments_2025,,,,20006956500089,2025,Collectivité Territoriale,Intercommunalité,['Doubs'],['Bourgogne-Franche-Comté'],CC,{25},{27}
145529ca-878d-476c-b228-04ceec06d021,200035541,CC des Landes d'Armagnac (40),false,"{40014,40015,40030,40039,40053,40058,40087,40093,40096,40102,40124,40131,40140,40149,40158,40161,40164,40169,40176,40218,40242,40245,40262,40265,40267,40288,40327}",CC,2026-03-24 14:41:49.581307+01,gold_establishments_2025,,,,20003554100016,2025,Collectivité Territoriale,Intercommunalité,['Landes'],['Nouvelle-Aquitaine'],CC,{40},{75}
de1c75cb-1a96-48e4-8dea-88c8435df657,246000749,CC des Lisières de l'Oise (60),false,"{60025,60032,60064,60072,60145,60167,60171,60184,60188,60305,60324,60438,60445,60491,60534,60569,60572,60593,60641,60647}",CC,2026-03-24 14:41:51.447482+01,gold_establishments_2025,,,,24600074900076,2025,Collectivité Territoriale,Intercommunalité,['Oise'],['Hauts-de-France'],CC,{60},{32}
69f7b1b8-4945-45c5-9a18-6576c3e4f3ad,244500427,CC des Loges (45),false,"{45049,45082,45101,45123,45126,45142,45144,45168,45173,45241,45273,45290,45300,45305,45311,45314,45316,45324,45335,45346}",CC,2026-03-24 14:41:51.447482+01,gold_establishments_2025,,,,24450042700111,2025,Collectivité Territoriale,Intercommunalité,['Loiret'],['Centre-Val de Loire'],CC,{45},{24}
c3b3d1f8-ad06-4196-81d2-61911fa87698,200067239,CC des Luys en Béarn (64),false,"{64043,64044,64063,64070,64073,64074,64077,64078,64084,64090,64141,64143,64146,64153,64158,64167,64180,64183,64190,64192,64195,64199,64203,64226,64232,64233,64234,64243,64308,64318,64321,64332,64347,64355,64365,64366,64374,64380,64383,64385,64387,64392,64397,64399,64401,64406,64408,64415,64447,64450,64455,64456,64457,64464,64486,64511,64514,64519,64523,64532,64534,64536,64548,64552,64557,64560}",CC,2026-03-24 14:41:49.581307+01,gold_establishments_2025,,,,20006723900018,2025,Collectivité Territoriale,Intercommunalité,['Pyrénées-Atlantiques'],['Nouvelle-Aquitaine'],CC,{64},{75}
1da8b9a3-c258-4eb4-b730-ccb483ba0b56,200034098,CC des Montagnes du Giffre (74),false,"{74064,74183,74190,74223,74258,74273,74276,74294}",CC,2026-03-24 14:41:49.581307+01,gold_establishments_2025,,,,20003409800034,2025,Collectivité Territoriale,Intercommunalité,['Haute-Savoie'],['Auvergne-Rhône-Alpes'],CC,{74},{84}
4cb6924b-a5fb-46f6-93dc-6673e0cd85a2,200034031,CC des Monts d'Alban et du Villefranchois (81),false,"{81003,81010,81026,81077,81096,81161,81167,81183,81190,81203,81221,81240,81295,81317}",CC,2026-03-24 14:41:49.581307+01,gold_establishments_2025,,,,20003403100100,2025,Collectivité Territoriale,Intercommunalité,['Tarn'],['Occitanie'],CC,{81},{76}
644d4f34-4c20-4bd2-91a0-d30bd635368d,247000698,CC des Monts de Gy (70),false,"{70022,70039,70053,70088,70104,70129,70130,70152,70156,70222,70253,70255,70257,70282,70301,70366,70463,70521,70527,70531,70533,70538,70540,70549}",CC,2026-03-24 14:41:51.447482+01,gold_establishments_2025,,,,24700069800107,2025,Collectivité Territoriale,Intercommunalité,['Haute-Saône'],['Bourgogne-Franche-Comté'],CC,{70},{27}
07004d8f-1ea6-413f-a000-c44e2fb8811b,200066587,CC des Monts du Lyonnais (42),false,"{42055,42062,42102,42138,42216,42335,42336,69014,69030,69031,69038,69042,69062,69078,69095,69098,69099,69110,69120,69132,69138,69139,69155,69178,69184,69187,69201,69203,69220,69227,69238,69263}",CC,2026-03-24 14:41:49.581307+01,gold_establishments_2025,,,,20006658700011,2025,Collectivité Territoriale,Intercommunalité,"['Loire', 'Rhône']",['Auvergne-Rhône-Alpes'],CC,"{42,69}",{84}
6945c329-5094-4ba8-92b4-af041f03a329,244200622,CC des Monts du Pilat (42),false,"{42017,42023,42028,42067,42101,42115,42139,42172,42224,42246,42280,42286,42287,42306,42310,42329}",CC,2026-03-24 14:41:51.447482+01,gold_establishments_2025,,,,24420062200011,2025,Collectivité Territoriale,Intercommunalité,['Loire'],['Auvergne-Rhône-Alpes'],CC,{42},{84}
56969cbb-4e2f-4058-8520-13e5595637c5,246000921,CC des Pays d'Oise et d'Halatte (60),false,"{60006,60013,60050,60056,60102,60154,60406,60508,60509,60536,60539,60541,60562,60563,60587,60670,60680}",CC,2026-03-24 14:41:51.447482+01,gold_establishments_2025,,,,24600092100022,2025,Collectivité Territoriale,Intercommunalité,['Oise'],['Hauts-de-France'],CC,{60},{32}
ac712711-76aa-4f42-90f1-debd90fc15b5,244301123,CC des Pays de Cayres et de Pradelles (43),false,"{43005,43008,43019,43037,43042,43077,43109,43111,43145,43154,43160,43168,43173,43180,43192,43198,43215,43225,43238,43263}",CC,2026-03-24 14:41:51.447482+01,gold_establishments_2025,,,,24430112300018,2025,Collectivité Territoriale,Intercommunalité,['Haute-Loire'],['Auvergne-Rhône-Alpes'],CC,{43},{84}
838a92bb-d04c-4359-8c4f-cc87865bcccf,200068468,CC des Pays de L'Aigle (61),false,"{61008,61012,61032,61052,61053,61060,61092,61100,61140,61151,61159,61162,61167,61187,61193,61208,61214,61244,61259,61297,61342,61386,61406,61422,61423,61432,61435,61440,61456,61457,61488,61510}",CC,2026-03-24 14:41:49.581307+01,gold_establishments_2025,,,,20006846800012,2025,Collectivité Territoriale,Intercommunalité,['Orne'],['Normandie'],CC,{61},{28}
16cc5579-eefc-43d1-a8e1-e26494af0d1e,245400189,CC des Pays du Sel et du Vermois (54),false,"{54037,54108,54141,54145,54159,54192,54269,54330,54345,54462,54468,54483,54509,54527,54549,54571}",CC,2026-03-24 14:41:51.447482+01,gold_establishments_2025,,,,24540018900065,2025,Collectivité Territoriale,Intercommunalité,['Meurthe-et-Moselle'],['Grand Est'],CC,{54},{44}
4a3529ec-1900-4502-bb27-d0722cd5f8d1,200066850,CC des Paysages de la Champagne (51),false,"{51002,51033,51034,51038,51042,51045,51048,51076,51085,51100,51113,51120,51121,51128,51136,51157,51163,51173,51174,51186,51192,51199,51204,51217,51238,51247,51249,51252,51298,51320,51345,51346,51381,51396,51398,51410,51416,51425,51457,51465,51480,51560,51563,51585,51592,51597,51605,51609,51639,51641,51644}",CC,2026-03-24 14:41:49.581307+01,gold_establishments_2025,,,,20006685000013,2025,Collectivité Territoriale,Intercommunalité,['Marne'],['Grand Est'],CC,{51},{44}
8fd93b28-4b1c-428a-b3e4-39301bdbc3f8,200069953,CC des Portes Euréliennes d'Île-de-France (28),false,"{28013,28015,28023,28039,28058,28074,28092,28094,28113,28118,28135,28137,28140,28146,28168,28172,28188,28191,28207,28208,28213,28230,28249,28257,28268,28275,28279,28298,28299,28343,28349,28352,28357,28372,28379,28408,28417,28423,28425}",CC,2026-03-24 14:41:49.581307+01,gold_establishments_2025,,,,20006995300145,2025,Collectivité Territoriale,Intercommunalité,['Eure-et-Loir'],['Centre-Val de Loire'],CC,{28},{24}
19df2d46-1072-458f-96d3-bb83c3d8b692,200066231,CC des Portes d'Ariège Pyrénées (09),false,"{09022,09040,09050,09056,09060,09067,09076,09081,09116,09117,09132,09145,09146,09147,09163,09170,09175,09177,09185,09199,09225,09238,09254,09265,09270,09271,09275,09276,09282,09312,09315,09319,09331,09339}",CC,2026-03-24 14:41:49.581307+01,gold_establishments_2025,,,,20006623100107,2025,Collectivité Territoriale,Intercommunalité,['Ariège'],['Occitanie'],CC,{09},{76}
849b8bd7-af4b-4ac1-b85c-a6bf969f7252,200066108,CC des Portes de Meuse (55),false,"{55001,55005,55010,55015,55026,55031,55035,55051,55059,55061,55075,55079,55087,55104,55132,55133,55142,55144,55148,55150,55195,55215,55224,55246,55247,55248,55261,55284,55296,55315,55326,55327,55335,55348,55352,55359,55374,55430,55436,55447,55459,55470,55477,55494,55501,55516,55534,55562,55568,55574,55575}",CC,2026-03-24 14:41:49.581307+01,gold_establishments_2025,,,,20006610800016,2025,Collectivité Territoriale,Intercommunalité,['Meuse'],['Grand Est'],CC,{55},{44}
0ccdbf79-a345-42d4-832b-b017c6733689,200000545,CC des Portes de Romilly-sur-Seine (10),false,"{10114,10164,10220,10280,10323,10341}",CC,2026-03-24 14:41:49.581307+01,gold_establishments_2025,,,,20000054500067,2025,Collectivité Territoriale,Intercommunalité,['Aube'],['Grand Est'],CC,{10},{44}
27e38850-744f-40a7-8a6f-94bba80a1007,246700744,CC des Portes de Rosheim (67),false,"{67045,67052,67167,67172,67299,67368,67410,67411,67428}",CC,2026-03-24 14:41:51.447482+01,gold_establishments_2025,,,,24670074400013,2025,Collectivité Territoriale,Intercommunalité,['Bas-Rhin'],['Grand Est'],CC,{67},{44}
e9445a0c-5a90-477f-b72e-d702173c54b8,200005932,CC des Portes de Sologne (45),false,"{45006,45146,45175,45182,45193,45200,45309}",CC,2026-03-24 14:41:49.581307+01,gold_establishments_2025,,,,20000593200013,2025,Collectivité Territoriale,Intercommunalité,['Loiret'],['Centre-Val de Loire'],CC,{45},{24}
77f92411-0567-4582-a1ae-70137288b8f6,248719353,CC des Portes de Vassivière (87),false,"{87004,87009,87024,87043,87058,87064,87104,87117,87123,87132,87134,87153}",CC,2026-03-24 14:41:51.447482+01,gold_establishments_2025,,,,24871935300091,2025,Collectivité Territoriale,Intercommunalité,['Haute-Vienne'],['Nouvelle-Aquitaine'],CC,{87},{75}
d76d128c-45e2-4501-b78c-0e5664826579,243301439,CC des Portes de l'Entre-Deux-Mers (33),false,"{33033,33084,33085,33118,33226,33234,33245,33349,33381,33518,33534}",CC,2026-03-24 14:41:51.447482+01,gold_establishments_2025,,,,24330143900028,2025,Collectivité Territoriale,Intercommunalité,['Gironde'],['Nouvelle-Aquitaine'],CC,{33},{75}
5c065516-1ca6-41ec-bb6c-cfbebb1112c3,240200634,CC des Portes de la Thiérache (02),false,"{02021,02038,02069,02126,02160,02181,02200,02251,02256,02264,02265,02266,02354,02433,02502,02519,02526,02556,02586,02634,02641,02642,02660,02666,02678,02723,02743,02801,02802,02819}",CC,2026-03-24 14:41:49.581307+01,gold_establishments_2025,,,,24020063400022,2025,Collectivité Territoriale,Intercommunalité,['Aisne'],['Hauts-de-France'],CC,{02},{32}
23d60ea8-072b-4704-8061-72e9ba9db5d7,242504181,CC des Portes du Haut-Doubs (25),false,"{25007,25039,25052,25078,25089,25141,25151,25161,25175,25203,25218,25219,25222,25227,25231,25233,25243,25262,25268,25278,25288,25289,25300,25301,25325,25333,25342,25343,25349,25355,25417,25424,25432,25435,25441,25447,25453,25457,25550,25578,25596,25600,25601,25605,25623,25625,25630}",CC,2026-03-24 14:41:49.581307+01,gold_establishments_2025,,,,24250418100072,2025,Collectivité Territoriale,Intercommunalité,['Doubs'],['Bourgogne-Franche-Comté'],CC,{25},{27}
351ace13-e1d0-4627-9240-6cc6d160a43d,240800847,CC des Portes du Luxembourg (08),false,"{08013,08023,08029,08034,08055,08063,08065,08067,08083,08088,08090,08115,08138,08145,08153,08159,08168,08184,08211,08223,08252,08255,08268,08269,08275,08276,08281,08289,08291,08293,08311,08317,08336,08347,08349,08354,08357,08375,08376,08399,08421,08430,08444,08459,08466,08477,08485,08501,08502}",CC,2026-03-24 14:41:49.581307+01,gold_establishments_2025,,,,24080084700016,2025,Collectivité Territoriale,Intercommunalité,['Ardennes'],['Grand Est'],CC,{08},{44}
caa05117-1c07-4676-b795-667763d88b45,247000623,CC des Quatre Rivières (70),false,"{70003,70027,70037,70058,70099,70122,70183,70198,70201,70204,70230,70231,70237,70247,70251,70252,70274,70297,70299,70340,70342,70368,70369,70371,70406,70409,70438,70440,70442,70448,70481,70491,70499,70502,70511,70520,70525,70539,70546,70568,70574}",CC,2026-03-24 14:41:51.447482+01,gold_establishments_2025,,,,24700062300063,2025,Collectivité Territoriale,Intercommunalité,['Haute-Saône'],['Bourgogne-Franche-Comté'],CC,{70},{27}
60fc31b7-1877-44a4-acdc-74f16e099e5f,247400666,CC des Quatre Rivières (74),false,"{74122,74128,74162,74174,74205,74209,74240,74241,74284,74304,74311}",CC,2026-03-24 14:41:51.447482+01,gold_establishments_2025,,,,24740066600019,2025,Collectivité Territoriale,Intercommunalité,['Haute-Savoie'],['Auvergne-Rhône-Alpes'],CC,{74},{84}
4ef9f591-842b-4f42-8d48-8ada2cf07872,200069730,CC des Quatre Rivières en Bray (27),false,"{27098,76025,76048,76060,76065,76067,76074,76093,76124,76142,76171,76185,76201,76208,76209,76218,76229,76242,76260,76261,76263,76276,76292,76295,76297,76312,76332,76338,76343,76345,76352,76364,76393,76420,76423,76426,76431,76432,76440,76450,76455,76463,76469,76505,76535,76544,76601,76623,76666,76672,76676,76691}",CC,2026-03-24 14:41:49.581307+01,gold_establishments_2025,,,,20006973000097,2025,Collectivité Territoriale,Intercommunalité,"['Eure', 'Seine-Maritime']",['Normandie'],CC,"{27,76}",{28}
035412b9-3084-44a8-becf-aa7331cf1283,244500419,CC des Quatre Vallées (45),false,"{45032,45041,45091,45094,45103,45114,45127,45145,45148,45156,45158,45161,45206,45207,45222,45255,45265,45303,45328,45343}",CC,2026-03-24 14:41:51.447482+01,gold_establishments_2025,,,,24450041900019,2025,Collectivité Territoriale,Intercommunalité,['Loiret'],['Centre-Val de Loire'],CC,{45},{24}
8237709c-e7f5-4ce1-8cac-d3c3c46a6107,200073393,CC des Rives du Haut Allier (43),false,"{43006,43009,43011,43013,43015,43027,43029,43031,43044,43054,43056,43060,43063,43065,43067,43068,43070,43072,43075,43079,43082,43083,43085,43086,43090,43094,43104,43106,43107,43112,43118,43131,43132,43133,43139,43148,43149,43151,43155,43167,43169,43171,43175,43178,43183,43188,43202,43208,43214,43219,43222,43232,43234,43239,43242,43245,43250,43252,43256,43264}",CC,2026-03-24 14:41:49.581307+01,gold_establishments_2025,,,,20007339300015,2025,Collectivité Territoriale,Intercommunalité,['Haute-Loire'],['Auvergne-Rhône-Alpes'],CC,{43},{84}
05d5b5a4-c327-49ff-a0f5-a2ca9c04aef5,246000582,CC des Sablons (60),false,"{60010,60012,60054,60088,60144,60162,60196,60218,60256,60309,60321,60330,60370,60395,60427,60452,60512,60570,60652,60678}",CC,2026-03-24 14:41:51.447482+01,gold_establishments_2025,,,,24600058200014,2025,Collectivité Territoriale,Intercommunalité,['Oise'],['Hauts-de-France'],CC,{60},{32}
aec7add5-b048-4b06-aa8e-ae7f52662331,200027548,CC des Savanes (973),false,"{97303,97304,97312,97358}",CC,2026-03-24 14:41:49.581307+01,gold_establishments_2025,,,,20002754800029,2025,Collectivité Territoriale,Intercommunalité,['Guyane'],['Guyane'],CC,{973},{03}
74ff6443-56ef-45a1-b7ab-7b4122657add,200070332,CC des Savoir-Faire (52),false,"{52002,52013,52015,52043,52051,52060,52083,52090,52093,52103,52119,52124,52135,52136,52155,52164,52185,52195,52197,52208,52213,52223,52229,52233,52240,52242,52257,52264,52273,52290,52303,52318,52328,52350,52354,52374,52375,52377,52388,52390,52394,52400,52406,52424,52438,52445,52457,52464,52467,52470,52483,52492,52493,52503,52504,52513,52520,52539,52544,52546,70400,70430,70450}",CC,2026-03-24 14:41:49.581307+01,gold_establishments_2025,,,,20007033200016,2025,Collectivité Territoriale,Intercommunalité,"['Haute-Marne', 'Haute-Saône']",['Bourgogne-Franche-Comté'],CC,"{52,70}",{27}
1be33cf4-b9fd-4e8e-a7fd-f5389adb913e,200035111,CC des Sources de l'Orne (61),false,"{61002,61015,61036,61039,61049,61051,61056,61068,61076,61081,61098,61101,61156,61164,61176,61240,61256,61288,61294,61301,61400,61464,61480}",CC,2026-03-24 14:41:49.581307+01,gold_establishments_2025,,,,20003511100018,2025,Collectivité Territoriale,Intercommunalité,['Orne'],['Normandie'],CC,{61},{28}
079ea12f-7c18-43ce-8f08-0252cc21916b,247400773,CC des Sources du Lac d'Annecy (74),false,"{74072,74104,74123,74135,74147,74167,74234}",CC,2026-03-24 14:41:51.447482+01,gold_establishments_2025,,,,24740077300088,2025,Collectivité Territoriale,Intercommunalité,['Haute-Savoie'],['Auvergne-Rhône-Alpes'],CC,{74},{84}
e465fb39-0c28-4ef9-a2ce-bde969d90950,244301016,CC des Sucs (43),false,"{43007,43024,43028,43102,43114,43162,43203,43211,43268}",CC,2026-03-24 14:41:51.447482+01,gold_establishments_2025,,,,24430101600014,2025,Collectivité Territoriale,Intercommunalité,['Haute-Loire'],['Auvergne-Rhône-Alpes'],CC,{43},{84}
9d9ab6e9-a214-44cc-8862-f36a80849d8a,200069185,CC des Terres d'Apcher-Margeride-Aubrac (48),false,"{48002,48025,48026,48046,48059,48063,48077,48079,48089,48090,48110,48121,48128,48132,48140,48149,48169,48177,48179,48188}",CC,2026-03-24 14:41:49.581307+01,gold_establishments_2025,,,,20006918500136,2025,Collectivité Territoriale,Intercommunalité,['Lozère'],['Occitanie'],CC,{48},{76}
b249d9fc-4c1e-43e7-beb9-5c693e1540f0,200071017,CC des Terres d'Auxois (21),false,"{21007,21024,21040,21047,21069,21097,21100,21101,21108,21141,21145,21147,21151,21168,21177,21198,21199,21203,21205,21224,21232,21247,21272,21280,21282,21291,21298,21324,21328,21329,21335,21341,21365,21377,21380,21381,21394,21395,21413,21417,21426,21430,21431,21434,21449,21457,21463,21497,21498,21505,21529,21537,21544,21547,21552,21563,21576,21603,21612,21613,21633,21635,21640,21642,21649,21662,21672,21676,21678,21681,21689,21690,21694,21696,21707,21710}",CC,2026-03-24 14:41:49.581307+01,gold_establishments_2025,,,,20007101700012,2025,Collectivité Territoriale,Intercommunalité,"[""Côte-d'Or""]",['Bourgogne-Franche-Comté'],CC,{21},{27}
26227f40-2886-4e55-be2e-67e2dc9cbe54,200071298,CC des Terres du Lauragais (31),false,"{31002,31006,31026,31029,31037,31054,31055,31082,31097,31099,31100,31102,31105,31106,31137,31179,31185,31194,31210,31220,31262,31271,31304,31310,31325,31328,31331,31332,31354,31368,31374,31377,31380,31392,31396,31439,31441,31450,31453,31480,31485,31495,31512,31514,31519,31527,31534,31540,31546,31551,31558,31560,31566,31567,31571,31576,31582,31589}",CC,2026-03-24 14:41:49.581307+01,gold_establishments_2025,,,,20007129800091,2025,Collectivité Territoriale,Intercommunalité,['Haute-Garonne'],['Occitanie'],CC,{31},{76}
cd239abc-b896-456b-aff7-6dbdd509d763,200070183,CC des Terres du Val de Loire (41),false,"{41017,41173,41219,41289,45019,45020,45024,45028,45067,45081,45098,45109,45116,45130,45134,45167,45179,45196,45202,45203,45204,45264,45269,45317,45344}",CC,2026-03-24 14:41:49.581307+01,gold_establishments_2025,,,,20007018300336,2025,Collectivité Territoriale,Intercommunalité,"['Loir-et-Cher', 'Loiret']",['Centre-Val de Loire'],CC,"{41,45}",{24}
cd6042ac-c5e2-4377-842d-9834c123f41b,245200597,CC des Trois Forêts (52),false,"{52005,52017,52022,52031,52056,52069,52076,52082,52114,52130,52146,52151,52165,52168,52220,52258,52272,52274,52278,52282,52308,52330,52365,52399,52422,52474,52506,52525,52538}",CC,2026-03-24 14:41:51.447482+01,gold_establishments_2025,,,,24520059700061,2025,Collectivité Territoriale,Intercommunalité,['Haute-Marne'],['Grand Est'],CC,{52},{44}
5c91e475-8d83-4a54-9749-6d7089fb83ee,240200600,CC des Trois Rivières (02),false,"{02020,02031,02055,02079,02130,02134,02204,02275,02278,02378,02381,02388,02391,02405,02425,02435,02470,02495,02522,02544,02567,02574,02674,02684,02831,02833}",CC,2026-03-24 14:41:49.581307+01,gold_establishments_2025,,,,24020060000122,2025,Collectivité Territoriale,Intercommunalité,['Aisne'],['Hauts-de-France'],CC,{02},{32}
637a70b7-3991-462a-b841-c5a463235cfb,246900724,CC des Vallons du Lyonnais (CCVL) (69),false,"{69028,69094,69131,69154,69190,69249,69255,69269}",CC,2026-03-24 14:41:51.447482+01,gold_establishments_2025,,,,24690072400146,2025,Collectivité Territoriale,Intercommunalité,['Rhône'],['Auvergne-Rhône-Alpes'],CC,{69},{84}
22981800-e8db-4e12-9557-eead911405ec,247300015,CC des Vallées d'Aigueblanche (73),false,"{73003,73024,73187}",CC,2026-03-24 14:41:51.447482+01,gold_establishments_2025,,,,24730001500010,2025,Collectivité Territoriale,Intercommunalité,['Savoie'],['Auvergne-Rhône-Alpes'],CC,{73},{84}
f339ddc9-8d70-46c7-96a3-6ddd7a4f9b65,200069458,CC des Vallées d'Auge et du Merlerault (61),false,"{61010,61018,61054,61071,61072,61086,61088,61089,61103,61108,61122,61138,61139,61150,61178,61180,61181,61198,61225,61252,61264,61268,61272,61275,61307,61317,61330,61333,61346,61347,61351,61366,61385,61389,61392,61393,61446,61460,61461,61485,61493,61508}",CC,2026-03-24 14:41:49.581307+01,gold_establishments_2025,,,,20006945800012,2025,Collectivité Territoriale,Intercommunalité,['Orne'],['Normandie'],CC,{61},{28}
9f1d82ce-8c01-47b4-a596-f5a0630fcb9c,247400617,CC des Vallées de Thônes (74),false,"{74003,74027,74045,74079,74080,74102,74136,74160,74239,74265,74280,74302}",CC,2026-03-24 14:41:51.447482+01,gold_establishments_2025,,,,24740061700095,2025,Collectivité Territoriale,Intercommunalité,['Haute-Savoie'],['Auvergne-Rhône-Alpes'],CC,{74},{84}
8d9c5bf7-d828-4b17-b504-0807ac096138,200072692,CC des Vallées de la Braye et de l'Anille (72),false,"{72032,72035,72064,72085,72087,72118,72125,72128,72158,72190,72204,72250,72269,72272,72286,72333,72366,72368,72373}",CC,2026-03-24 14:41:49.581307+01,gold_establishments_2025,,,,20007269200011,2025,Collectivité Territoriale,Intercommunalité,['Sarthe'],['Pays de la Loire'],CC,{72},{52}
83cec257-73fb-466f-9610-ec4694d7cfcf,242100154,CC des Vallées de la Tille et de l'Ignon (21),false,"{21039,21127,21208,21211,21230,21240,21245,21290,21317,21361,21383,21385,21391,21421,21483,21491,21587,21614,21620,21638,21666,21692,21702}",CC,2026-03-24 14:41:49.581307+01,gold_establishments_2025,,,,24210015400028,2025,Collectivité Territoriale,Intercommunalité,"[""Côte-d'Or""]",['Bourgogne-Franche-Comté'],CC,{21},{27}
293606fd-79ea-4bac-9fc9-76a845465f23,200043628,CC des Vallées du Clain (86),false,"{86010,86065,86094,86099,86105,86113,86145,86147,86148,86178,86180,86209,86263,86284,86290,86293}",CC,2026-03-24 14:41:49.581307+01,gold_establishments_2025,,,,20004362800011,2025,Collectivité Territoriale,Intercommunalité,['Vienne'],['Nouvelle-Aquitaine'],CC,{86},{75}
f616d45e-1d07-4040-967b-215a59565b4c,200071868,CC des Vallées du Haut-Anjou (49),false,"{49026,49064,49067,49080,49155,49161,49170,49176,49183,49205,49217,49266,49330,49344,49367}",CC,2026-03-24 14:41:49.581307+01,gold_establishments_2025,,,,20007186800158,2025,Collectivité Territoriale,Intercommunalité,['Maine-et-Loire'],['Pays de la Loire'],CC,{49},{52}
f2bdc2f9-5b1e-435d-b8b3-3276b519ba3c,244200614,CC des Vals d'Aix et Isable (42),false,"{42027,42106,42125,42160,42173,42226,42230,42243,42260,42268,42274,42303}",CC,2026-03-24 14:41:51.447482+01,gold_establishments_2025,,,,24420061400067,2025,Collectivité Territoriale,Intercommunalité,['Loire'],['Auvergne-Rhône-Alpes'],CC,{42},{84}
0aa1e4b7-1d05-4ed4-b531-937e69fb3908,247600588,CC des Villes Sœurs (76),false,"{76058,76192,76252,76255,76266,76374,76394,76422,76435,76438,76442,76507,76638,76644,76711,80018,80039,80063,80127,80148,80235,80265,80364,80373,80533,80613,80714,80826}",CC,2026-03-24 14:41:51.447482+01,gold_establishments_2025,,,,24760058800047,2025,Collectivité Territoriale,Intercommunalité,"['Seine-Maritime', 'Somme']",['Normandie'],CC,"{76,80}",{28}
beea4b33-5d28-4ad6-aa08-fec7724d67dd,200068773,CC des Vosges côté Sud Ouest (88),false,"{88004,88007,88016,88049,88052,88061,88062,88065,88096,88105,88123,88124,88138,88140,88149,88161,88162,88171,88179,88180,88187,88199,88208,88214,88220,88238,88248,88252,88258,88267,88271,88272,88287,88289,88291,88307,88310,88314,88330,88353,88360,88377,88381,88390,88394,88404,88411,88421,88441,88450,88452,88455,88456,88471,88473,88475,88491,88510,88515,88517}",CC,2026-03-24 14:41:49.581307+01,gold_establishments_2025,,,,20006877300098,2025,Collectivité Territoriale,Intercommunalité,['Vosges'],['Grand Est'],CC,{88},{44}
70e64252-4559-48a8-9ab9-842204bc2b07,200069060,CC des Vosges du Sud (90),false,"{90003,90005,90006,90016,90023,90041,90044,90052,90054,90057,90058,90061,90065,90066,90078,90079,90085,90086,90088,90089,90091,90102}",CC,2026-03-24 14:41:49.581307+01,gold_establishments_2025,,,,20006906000057,2025,Collectivité Territoriale,Intercommunalité,['Territoire de Belfort'],['Bourgogne-Franche-Comté'],CC,{90},{27}
76e10299-0083-42c2-81fb-d1007b38d68e,200069003,CC du Barséquanais en Champagne (10),false,"{10009,10022,10025,10029,10034,10041,10055,10058,10062,10068,10069,10070,10071,10079,10083,10092,10097,10109,10111,10119,10136,10141,10155,10158,10159,10170,10181,10187,10199,10213,10226,10232,10261,10262,10264,10288,10294,10295,10296,10317,10331,10358,10364,10376,10399,10404,10418,10419,10427,10433,10437,10438,10439}",CC,2026-03-24 14:41:49.581307+01,gold_establishments_2025,,,,20006900300016,2025,Collectivité Territoriale,Intercommunalité,['Aube'],['Grand Est'],CC,{10},{44}
5cb138ef-f671-4b90-9f09-31934476b5c5,243200409,CC du Bas Armagnac (32),false,"{32005,32049,32062,32094,32113,32125,32155,32191,32202,32214,32220,32222,32227,32271,32274,32291,32296,32310,32369,32380,32390,32408,32434,32437,32449,32458}",CC,2026-03-24 14:41:51.447482+01,gold_establishments_2025,,,,24320040900031,2025,Collectivité Territoriale,Intercommunalité,['Gers'],['Occitanie'],CC,{32},{76}
a53e583b-e96f-4109-a4cd-114f5ef1dd8a,200068807,CC du Bassin Auterivain Haut-Garonnais (31),false,"{31024,31027,31033,31052,31128,31145,31173,31206,31231,31233,31256,31263,31264,31319,31330,31345,31442,31572,31574}",CC,2026-03-24 14:41:49.581307+01,gold_establishments_2025,,,,20006880700011,2025,Collectivité Territoriale,Intercommunalité,['Haute-Garonne'],['Occitanie'],CC,{31},{76}
158be6fb-5426-435c-89ad-9fb629544be9,200073245,CC du Bassin d'Aubenas (07),false,"{07002,07003,07011,07019,07091,07093,07111,07112,07116,07122,07138,07139,07141,07155,07158,07210,07229,07230,07231,07251,07254,07277,07289,07296,07325,07331,07339,07343}",CC,2026-03-24 14:41:49.581307+01,gold_establishments_2025,,,,20007324500017,2025,Collectivité Territoriale,Intercommunalité,['Ardèche'],['Auvergne-Rhône-Alpes'],CC,{07},{84}
796b5b9e-ae07-40ba-ac0b-e87fe91903c9,200044253,CC du Bassin de Joinville en Champagne (52),false,"{52004,52007,52012,52019,52029,52030,52039,52047,52055,52057,52065,52066,52084,52097,52109,52110,52118,52129,52131,52149,52172,52175,52178,52181,52184,52187,52199,52201,52212,52218,52219,52222,52230,52231,52250,52284,52288,52316,52321,52337,52342,52346,52356,52357,52359,52376,52378,52398,52440,52442,52443,52456,52463,52484,52490,52491,52495,52511,52512}",CC,2026-03-24 14:41:49.581307+01,gold_establishments_2025,,,,20004425300124,2025,Collectivité Territoriale,Intercommunalité,['Haute-Marne'],['Grand Est'],CC,{52},{44}
97563fd8-1b82-48f6-8304-cd0ff97432de,241700699,CC du Bassin de Marennes (17),false,"{17058,17185,17219,17265,17351,17406}",CC,2026-03-24 14:41:49.581307+01,gold_establishments_2025,,,,24170069900135,2025,Collectivité Territoriale,Intercommunalité,['Charente-Maritime'],['Nouvelle-Aquitaine'],CC,{17},{75}
8c0de4c7-f2f5-482d-b9b5-a6e1ebc3f45e,245400601,CC du Bassin de Pompey (54),false,"{54090,54115,54150,54188,54215,54305,54318,54338,54351,54369,54376,54430,54490}",CC,2026-03-24 14:41:51.447482+01,gold_establishments_2025,,,,24540060100101,2025,Collectivité Territoriale,Intercommunalité,['Meurthe-et-Moselle'],['Grand Est'],CC,{54},{44}
1dfadfc6-05ab-4a8d-bcf9-22164df89843,200041515,CC du Bassin de Pont-à-Mousson (54),false,"{54027,54031,54060,54072,54079,54091,54114,54157,54225,54239,54279,54294,54312,54320,54332,54355,54375,54387,54390,54403,54415,54431,54433,54460,54463,54474,54546,54569,54573,54579,54589}",CC,2026-03-24 14:41:49.581307+01,gold_establishments_2025,,,,20004151500095,2025,Collectivité Territoriale,Intercommunalité,['Meurthe-et-Moselle'],['Grand Est'],CC,{54},{44}
bb557c1d-8726-4ccb-9a3c-2c8e97349b3f,200043982,CC du Bazadais (33),false,"{33017,33036,33046,33053,33095,33113,33116,33137,33144,33155,33178,33180,33188,33190,33195,33212,33216,33232,33235,33239,33244,33270,33271,33276,33305,33391,33450,33507,33511,33512,33513}",CC,2026-03-24 14:41:49.581307+01,gold_establishments_2025,,,,20004398200012,2025,Collectivité Territoriale,Intercommunalité,['Gironde'],['Nouvelle-Aquitaine'],CC,{33},{75}
0293ed8a-4279-4027-a932-b6518c49d8d5,200071496,CC du Bocage Bourbonnais (03),false,"{03002,03012,03036,03046,03065,03069,03092,03099,03117,03122,03150,03169,03170,03183,03202,03214,03218,03238,03247,03251,03260,03287,03292,03312,03320}",CC,2026-03-24 14:41:49.581307+01,gold_establishments_2025,,,,20007149600018,2025,Collectivité Territoriale,Intercommunalité,['Allier'],['Auvergne-Rhône-Alpes'],CC,{03},{84}
db5aabea-71d5-4cec-8eb7-8adc04891e76,245300389,CC du Bocage Mayennais (53),false,"{53003,53042,53047,53055,53064,53071,53079,53091,53093,53100,53107,53115,53125,53131,53132,53154,53170,53176,53181,53199,53202,53213,53234,53237,53238,53261,53270}",CC,2026-03-24 14:41:51.447482+01,gold_establishments_2025,,,,24530038900039,2025,Collectivité Territoriale,Intercommunalité,['Mayenne'],['Pays de la Loire'],CC,{53},{52}
531e980c-4fd0-4401-a7ee-da79ef398d2a,242852465,CC du Bonnevalais (28),false,"{28005,28051,28057,28065,28126,28127,28153,28176,28259,28260,28270,28277,28305,28306,28353,28364,28370,28396,28418}",CC,2026-03-24 14:41:49.581307+01,gold_establishments_2025,,,,24285246500010,2025,Collectivité Territoriale,Intercommunalité,['Eure-et-Loir'],['Centre-Val de Loire'],CC,{28},{24}
b8c29b04-7136-46e4-b76e-017ac7640c64,240500439,CC du Briançonnais (05),false,"{05023,05027,05063,05079,05085,05093,05107,05109,05133,05161,05174,05181,05183}",CC,2026-03-24 14:41:49.581307+01,gold_establishments_2025,,,,24050043900114,2025,Collectivité Territoriale,Intercommunalité,['Hautes-Alpes'],"[""Provence-Alpes-Côte d'Azur""]",CC,{05},{93}
855d80a0-abd0-4035-863b-2899771797ed,200067288,CC du Béarn des Gaves (64),false,"{64004,64022,64025,64032,64033,64071,64075,64082,64083,64096,64099,64112,64149,64151,64168,64170,64176,64178,64186,64201,64205,64215,64242,64251,64253,64263,64281,64287,64291,64305,64326,64334,64381,64403,64412,64414,64416,64420,64423,64427,64428,64434,64459,64466,64474,64480,64494,64499,64513,64529,64530,64531,64555}",CC,2026-03-24 14:41:49.581307+01,gold_establishments_2025,,,,20006728800015,2025,Collectivité Territoriale,Intercommunalité,['Pyrénées-Atlantiques'],['Nouvelle-Aquitaine'],CC,{64},{75}
81e99ac5-cabb-42b3-9986-7573a671e89d,200067924,CC du Canton d'Erstein (67),false,"{67028,67054,67055,67086,67090,67130,67146,67154,67192,67197,67200,67216,67217,67233,67246,67266,67285,67336,67338,67364,67397,67412,67433,67438,67464,67501,67526,67545}",CC,2026-03-24 14:41:49.581307+01,gold_establishments_2025,,,,20006792400015,2025,Collectivité Territoriale,Intercommunalité,['Bas-Rhin'],['Grand Est'],CC,{67},{44}
9f34387c-57f7-43f3-a39d-95434a3d3ee6,240200519,CC du Canton d'Oulchy-le-Château (02),false,"{02012,02022,02082,02090,02121,02138,02154,02172,02233,02249,02272,02372,02412,02447,02507,02533,02536,02579,02580,02585,02606,02663,02665,02693,02799,02804}",CC,2026-03-24 14:41:49.581307+01,gold_establishments_2025,,,,24020051900058,2025,Collectivité Territoriale,Intercommunalité,['Aisne'],['Hauts-de-France'],CC,{02},{32}
9e6b30f5-243c-4a90-9a3e-6cc6b68e0431,240200584,CC du Canton de Charly-sur-Marne (02),false,"{02084,02162,02163,02186,02221,02242,02268,02281,02289,02443,02465,02505,02521,02555,02596,02653,02701,02777,02792,02798,02818}",CC,2026-03-24 14:41:49.581307+01,gold_establishments_2025,,,,24020058400078,2025,Collectivité Territoriale,Intercommunalité,['Aisne'],['Hauts-de-France'],CC,{02},{32}
578d71c1-d1fc-45d2-979f-ea8c20ee7063,247300361,CC du Canton de La Chambre (73),false,"{73067,73074,73083,73189,73221,73224,73230,73231,73235,73255,73259,73278}",CC,2026-03-24 14:41:51.447482+01,gold_establishments_2025,,,,24730036100034,2025,Collectivité Territoriale,Intercommunalité,['Savoie'],['Auvergne-Rhône-Alpes'],CC,{73},{84}
6a1dde31-56d7-43b2-8698-4e1e12f2404b,200042943,CC du Cap Corse (2B),false,"{2B030,2B043,2B046,2B058,2B086,2B107,2B152,2B159,2B170,2B178,2B183,2B184,2B187,2B224,2B233,2B261,2B281,2B327}",CC,2026-03-24 14:41:49.581307+01,gold_establishments_2025,,,,20004294300023,2025,Collectivité Territoriale,Intercommunalité,['Haute-Corse'],['Corse'],CC,{2B},{94}
6db5189f-4eb3-4225-a315-96d503727a37,243700499,CC du Castelrenaudais (37),false,"{37009,37010,37030,37063,37092,37095,37106,37116,37155,37160,37169,37175,37224,37229,37240,37276}",CC,2026-03-24 14:41:51.447482+01,gold_establishments_2025,,,,24370049900102,2025,Collectivité Territoriale,Intercommunalité,['Indre-et-Loire'],['Centre-Val de Loire'],CC,{37},{24}
aa801068-eb1a-41d0-a213-54a30b8c5479,244600573,CC du Causse de Labastide-Murat (46),false,"{46031,46054,46079,46113,46121,46138,46162,46167,46181,46204,46210,46212,46245,46252,46303,46304,46310}",CC,2026-03-24 14:41:51.447482+01,gold_establishments_2025,,,,24460057300046,2025,Collectivité Territoriale,Intercommunalité,['Lot'],['Occitanie'],CC,{46},{76}
7f2529b7-0f2f-4ab1-b4da-6703de732794,242020071,CC du Centre Corse (2B),false,"{2B074,2B096,2B171,2B177,2B238,2B260,2B263,2B315,2B341,2B354}",CC,2026-03-24 14:41:49.581307+01,gold_establishments_2025,,,,24202007100047,2025,Collectivité Territoriale,Intercommunalité,['Haute-Corse'],['Corse'],CC,{2B},{94}
8f0782b9-fb7d-4f9c-8baf-d0d938cb0069,246800445,CC du Centre du Haut-Rhin (68),false,"{68037,68082,68205,68228,68234,68235,68241,68242,68266}",CC,2026-03-24 14:41:51.447482+01,gold_establishments_2025,,,,24680044500032,2025,Collectivité Territoriale,Intercommunalité,['Haut-Rhin'],['Grand Est'],CC,{68},{44}
7982fef8-b302-44e4-bf01-e72e625cd319,200059871,CC du Centre-Ouest (976),false,"{97605,97613,97614,97616,97617}",CC,2026-03-24 14:41:49.581307+01,gold_establishments_2025,,,,20005987100018,2025,Collectivité Territoriale,Intercommunalité,['Mayotte'],['Mayotte'],CC,{976},{06}
ae887559-0f21-45b5-88b8-071a9bdbe247,200071041,CC du Chaourçois et du Val d'Armance (10),false,"{10018,10024,10028,10040,10074,10080,10087,10098,10099,10107,10108,10112,10118,10120,10122,10133,10140,10143,10168,10185,10188,10196,10201,10202,10218,10227,10241,10247,10251,10278,10302,10309,10312,10359,10388,10394,10395,10422,10431,10432,10441,10443}",CC,2026-03-24 14:41:49.581307+01,gold_establishments_2025,,,,20007104100046,2025,Collectivité Territoriale,Intercommunalité,['Aube'],['Grand Est'],CC,{10},{44}
8a704d19-c21a-4545-869d-73ef2c729c43,240200592,CC du Chemin des Dames (02),false,"{02007,02033,02058,02072,02102,02106,02115,02178,02183,02215,02234,02235,02250,02252,02349,02396,02530,02531,02550,02565,02578,02582,02583,02588,02609,02675,02696,02751,02764,02778}",CC,2026-03-24 14:41:49.581307+01,gold_establishments_2025,,,,24020059200030,2025,Collectivité Territoriale,Intercommunalité,['Aisne'],['Hauts-de-France'],CC,{02},{32}
417d802f-d2e5-4e47-a0a2-50cbae6996af,200035848,CC du Châtillonnais en Berry (36),false,"{36008,36045,36054,36055,36074,36136,36149,36188,36203,36225}",CC,2026-03-24 14:41:49.581307+01,gold_establishments_2025,,,,20003584800015,2025,Collectivité Territoriale,Intercommunalité,['Indre'],['Centre-Val de Loire'],CC,{36},{24}
e65ec04b-bd5f-4646-bddd-7077caf32442,200070035,CC du Civraisien en Poitou (86),false,"{86003,86012,86029,86038,86039,86051,86052,86054,86055,86061,86063,86064,86068,86078,86082,86097,86103,86104,86119,86134,86136,86141,86189,86211,86220,86235,86237,86242,86247,86248,86255,86264,86266,86295,86296}",CC,2026-03-24 14:41:49.581307+01,gold_establishments_2025,,,,20007003500015,2025,Collectivité Territoriale,Intercommunalité,['Vienne'],['Nouvelle-Aquitaine'],CC,{86},{75}
2f8d6f6c-e81f-4483-9cbb-5bfbe544a73a,243400355,CC du Clermontais (34),false,"{34013,34041,34045,34051,34076,34079,34103,34124,34137,34138,34156,34175,34180,34186,34194,34197,34254,34292,34315,34323,34338}",CC,2026-03-24 14:41:51.447482+01,gold_establishments_2025,,,,24340035500034,2025,Collectivité Territoriale,Intercommunalité,['Hérault'],['Occitanie'],CC,{34},{76}
115e15c9-33a5-4cd6-a504-1e7e266c6c5d,246000376,CC du Clermontois (60),false,"{60007,60106,60107,60116,60120,60130,60157,60215,60225,60234,60247,60345,60375,60439,60451,60464,60529,60568}",CC,2026-03-24 14:41:51.447482+01,gold_establishments_2025,,,,24600037600078,2025,Collectivité Territoriale,Intercommunalité,['Oise'],['Hauts-de-France'],CC,{60},{32}
ccb234af-0d03-4a5c-9788-d691328579ab,200040293,CC du Clunisois (71),false,"{71007,71030,71031,71039,71042,71057,71065,71068,71112,71125,71127,71128,71130,71137,71146,71147,71163,71181,71199,71231,71240,71242,71264,71287,71290,71344,71358,71381,71387,71397,71400,71427,71446,71452,71458,71488,71495,71521,71524,71532,71582}",CC,2026-03-24 14:41:49.581307+01,gold_establishments_2025,,,,20004029300058,2025,Collectivité Territoriale,Intercommunalité,['Saône-et-Loire'],['Bourgogne-Franche-Comté'],CC,{71},{27}
7578421f-3fa8-4e6b-8ae5-7ea2dc6bce84,200068922,CC du Confluent et des Coteaux de Prayssas (47),false,"{47004,47008,47022,47038,47066,47073,47078,47104,47107,47111,47125,47129,47140,47154,47155,47177,47190,47196,47210,47213,47214,47220,47249,47250,47251,47267,47275,47276,47297}",CC,2026-03-24 14:41:49.581307+01,gold_establishments_2025,,,,20006892200059,2025,Collectivité Territoriale,Intercommunalité,['Lot-et-Garonne'],['Nouvelle-Aquitaine'],CC,{47},{75}
8663e0a5-464f-4dfa-835d-083228086c06,200034064,CC du Cordais et du Causse (4 C) (81),false,"{81009,81035,81045,81069,81080,81095,81111,81123,81135,81146,81148,81154,81165,81191,81197,81206,81224,81234,81262,81263,81265,81275,81290,81309,81320}",CC,2026-03-24 14:41:49.581307+01,gold_establishments_2025,,,,20003406400010,2025,Collectivité Territoriale,Intercommunalité,['Tarn'],['Occitanie'],CC,{81},{76}
ca95a8ff-a66d-4b41-92bc-511e7d1023ec,200040509,CC du Crestois et de Pays de Saillans Cœur de Drôme (26),false,"{26011,26015,26019,26080,26090,26108,26122,26183,26234,26266,26289,26296,26328,26368}",CC,2026-03-24 14:41:49.581307+01,gold_establishments_2025,,,,20004050900040,2025,Collectivité Territoriale,Intercommunalité,['Drôme'],['Auvergne-Rhône-Alpes'],CC,{26},{84}
32d1039b-4a75-4505-b7e4-b61aa9017e7b,243301215,CC du Créonnais (33),false,"{33028,33059,33086,33093,33140,33145,33201,33252,33263,33335,33363,33408,33431,33505,33549}",CC,2026-03-24 14:41:51.447482+01,gold_establishments_2025,,,,24330121500048,2025,Collectivité Territoriale,Intercommunalité,['Gironde'],['Nouvelle-Aquitaine'],CC,{33},{75}
c014fff7-aa56-41e3-968b-01975ac565a1,242600534,CC du Diois (26),false,"{26001,26012,26017,26025,26027,26030,26036,26040,26047,26055,26062,26067,26069,26076,26086,26113,26123,26136,26142,26147,26152,26159,26164,26167,26168,26175,26178,26186,26204,26205,26215,26228,26246,26248,26253,26254,26255,26262,26274,26282,26283,26291,26299,26300,26308,26321,26327,26359,26361,26378}",CC,2026-03-24 14:41:49.581307+01,gold_establishments_2025,,,,24260053400018,2025,Collectivité Territoriale,Intercommunalité,['Drôme'],['Auvergne-Rhône-Alpes'],CC,{26},{84}
435e57bc-8292-4486-b850-72e95f405ee8,245700133,CC du District Urbain de Faulquemont (57),false,"{57007,57008,57027,57029,57047,57095,57159,57190,57209,57217,57230,57276,57284,57293,57313,57319,57328,57386,57413,57430,57442,57444,57549,57668,57670,57673,57679,57686,57698,57714,57726,57728,57762}",CC,2026-03-24 14:41:51.447482+01,gold_establishments_2025,,,,24570013300060,2025,Collectivité Territoriale,Intercommunalité,['Moselle'],['Grand Est'],CC,{57},{44}
f1ff04af-2610-404e-af8b-575a640a6836,242504447,CC du Doubs Baumois (25),false,"{25006,25009,25032,25045,25047,25065,25088,25092,25094,25107,25116,25132,25163,25166,25183,25189,25215,25221,25242,25249,25251,25269,25273,25298,25299,25312,25313,25323,25341,25354,25382,25401,25430,25437,25439,25446,25465,25468,25474,25490,25491,25492,25506,25508,25518,25520,25538,25546,25563,25566,25579,25582,25599,25602,25604,25624,25626,25629}",CC,2026-03-24 14:41:49.581307+01,gold_establishments_2025,,,,24250444700077,2025,Collectivité Territoriale,Intercommunalité,['Doubs'],['Bourgogne-Franche-Comté'],CC,{25},{27}
3c5cfa9f-6a89-4aad-8378-340ccf1ed48a,241800424,CC du Dunois (18),false,"{18021,18040,18045,18068,18071,18087,18121,18173,18177,18183,18191,18204,18212,18248,18261,18277}",CC,2026-03-24 14:41:49.581307+01,gold_establishments_2025,,,,24180042400012,2025,Collectivité Territoriale,Intercommunalité,['Cher'],['Centre-Val de Loire'],CC,{18},{24}
6b64cb6b-2ac1-451a-9286-230b892f243d,243301397,CC du Fronsadais (33),false,"{33016,33082,33174,33179,33219,33259,33295,33317,33356,33364,33365,33407,33414,33451,33470,33524,33542,33548}",CC,2026-03-24 14:41:51.447482+01,gold_establishments_2025,,,,24330139700051,2025,Collectivité Territoriale,Intercommunalité,['Gironde'],['Nouvelle-Aquitaine'],CC,{33},{75}
eee72ce5-9027-46bd-a2c7-87fff1422fb1,200034957,CC du Frontonnais (31),false,"{31079,31118,31136,31202,31211,31515,31516,31563,31581,31587}",CC,2026-03-24 14:41:49.581307+01,gold_establishments_2025,,,,20003495700031,2025,Collectivité Territoriale,Intercommunalité,['Haute-Garonne'],['Occitanie'],CC,{31},{76}
65376a13-2843-4022-addc-5d28452c9d46,247400690,CC du Genevois (74),false,"{74016,74031,74044,74069,74074,74082,74101,74124,74144,74201,74216,74243,74260,74288,74296,74309,74314}",CC,2026-03-24 14:41:51.447482+01,gold_establishments_2025,,,,24740069000019,2025,Collectivité Territoriale,Intercommunalité,['Haute-Savoie'],['Auvergne-Rhône-Alpes'],CC,{74},{84}
83302122-fb6e-4ed7-a447-d674e91d8979,200036077,CC du Golfe de Saint-Tropez (83),false,"{83036,83042,83048,83063,83065,83068,83079,83094,83101,83115,83119,83152}",CC,2026-03-24 14:41:49.581307+01,gold_establishments_2025,,,,20003607700010,2025,Collectivité Territoriale,Intercommunalité,['Var'],"[""Provence-Alpes-Côte d'Azur""]",CC,{83},{93}
144922ea-5d06-4119-b294-e52a9fc661ce,243200458,CC du Grand Armagnac (32),false,"{32025,32031,32064,32073,32079,32087,32096,32110,32115,32119,32127,32149,32189,32190,32193,32211,32236,32243,32246,32264,32299,32305,32338,32340,32423}",CC,2026-03-24 14:41:51.447482+01,gold_establishments_2025,,,,24320045800012,2025,Collectivité Territoriale,Intercommunalité,['Gers'],['Occitanie'],CC,{32},{76}
a47ea283-b569-4bc0-9e96-078af3f07c7c,200070530,CC du Grand Autunois Morvan (71),false,"{71009,71010,71014,71015,71020,71046,71062,71063,71096,71098,71129,71140,71142,71144,71149,71151,71162,71165,71172,71183,71184,71188,71190,71192,71223,71237,71251,71266,71297,71313,71322,71349,71368,71376,71407,71409,71411,71414,71424,71431,71438,71440,71450,71464,71466,71472,71493,71509,71527,71530,71531,71535,71537,71539,71551}",CC,2026-03-24 14:41:49.581307+01,gold_establishments_2025,,,,20007053000015,2025,Collectivité Territoriale,Intercommunalité,['Saône-et-Loire'],['Bourgogne-Franche-Comté'],CC,{71},{27}
e83bdf6f-30df-4503-85b2-fcfd9e9e6af7,244100798,CC du Grand Chambord (41),false,"{41013,41025,41034,41071,41085,41086,41104,41129,41148,41150,41160,41204,41207,41220,41260,41262}",CC,2026-03-24 14:41:51.447482+01,gold_establishments_2025,,,,24410079800218,2025,Collectivité Territoriale,Intercommunalité,['Loir-et-Cher'],['Centre-Val de Loire'],CC,{41},{24}
a1bfbb83-32b2-40ad-be24-33b08c7fe767,200069961,CC du Grand Châteaudun (28),false,"{28012,28027,28061,28075,28078,28088,28103,28106,28123,28132,28182,28198,28211,28233,28256,28273,28329,28330,28334,28389,28398,28410,28424}",CC,2026-03-24 14:41:49.581307+01,gold_establishments_2025,,,,20006996100015,2025,Collectivité Territoriale,Intercommunalité,['Eure-et-Loir'],['Centre-Val de Loire'],CC,{28},{24}
d2dced5a-2ab0-41e4-9fea-3b40a49f4d3a,243301223,CC du Grand Cubzaguais (33),false,"{33018,33067,33143,33183,33228,33285,33321,33339,33341,33366,33415,33425,33486,33525,33530,33553}",CC,2026-03-24 14:41:51.447482+01,gold_establishments_2025,,,,24330122300067,2025,Collectivité Territoriale,Intercommunalité,['Gironde'],['Nouvelle-Aquitaine'],CC,{33},{75}
ba27b03f-f9dc-4052-a432-77d2ab3c8970,200072999,CC du Grand Langres (52),false,"{52009,52033,52037,52042,52059,52062,52085,52089,52102,52105,52106,52108,52115,52116,52120,52127,52132,52147,52161,52162,52163,52196,52207,52246,52248,52269,52275,52277,52280,52307,52311,52312,52332,52348,52355,52358,52362,52363,52366,52380,52383,52385,52392,52397,52415,52416,52432,52447,52449,52452,52453,52461,52465,52545}",CC,2026-03-24 14:41:49.581307+01,gold_establishments_2025,,,,20007299900143,2025,Collectivité Territoriale,Intercommunalité,['Haute-Marne'],['Grand Est'],CC,{52},{44}
745b92b9-9a48-4313-80c8-ea461553fe82,200022986,CC du Grand Pic Saint-Loup (34),false,"{34014,34043,34060,34066,34078,34082,34099,34102,34118,34131,34152,34153,34177,34185,34195,34236,34238,34242,34247,34248,34255,34263,34264,34265,34266,34274,34276,34290,34297,34309,34314,34318,34320,34322,34342,34343}",CC,2026-03-24 14:41:49.581307+01,gold_establishments_2025,,,,20002298600018,2025,Collectivité Territoriale,Intercommunalité,['Hérault'],['Occitanie'],CC,{34},{76}
cc6c1449-dc8b-4ec9-99d7-da314cc15c9e,242500338,CC du Grand Pontarlier (25),false,"{25110,25157,25201,25204,25293,25309,25462,25515,25609,25634}",CC,2026-03-24 14:41:49.581307+01,gold_establishments_2025,,,,24250033800122,2025,Collectivité Territoriale,Intercommunalité,['Doubs'],['Bourgogne-Franche-Comté'],CC,{25},{27}
486e1fe7-5e83-476c-8ab0-8c85dbaf2730,200070977,CC du Grand Roye (80),false,"{80023,80027,80032,80049,80053,80074,80101,80103,80121,80125,80152,80170,80174,80176,80185,80220,80223,80224,80232,80233,80236,80263,80278,80279,80292,80293,80302,80306,80311,80322,80326,80359,80383,80386,80391,80393,80395,80421,80433,80453,80467,80473,80478,80504,80508,80511,80517,80541,80561,80623,80625,80667,80676,80678,80685,80687,80708,80759,80790,80803,80805,80822}",CC,2026-03-24 14:41:49.581307+01,gold_establishments_2025,,,,20007097700018,2025,Collectivité Territoriale,Intercommunalité,['Somme'],['Hauts-de-France'],CC,{80},{32}
d7d97eb9-706d-4859-9593-1e6211ce8985,200035533,CC du Grand Saint-Émilionnais (33),false,"{33014,33045,33173,33181,33261,33290,33302,33320,33342,33384,33386,33394,33396,33406,33420,33426,33459,33461,33480,33485,33526,33546}",CC,2026-03-24 14:41:49.581307+01,gold_establishments_2025,,,,20003553300054,2025,Collectivité Territoriale,Intercommunalité,['Gironde'],['Nouvelle-Aquitaine'],CC,{33},{75}
b9ece39d-b9af-4d7f-904b-97c9b3cc911f,200067452,CC du Guillestrois et du Queyras (05),false,"{05001,05003,05007,05026,05038,05052,05065,05077,05082,05116,05119,05134,05136,05157,05177}",CC,2026-03-24 14:41:49.581307+01,gold_establishments_2025,,,,20006745200017,2025,Collectivité Territoriale,Intercommunalité,['Hautes-Alpes'],"[""Provence-Alpes-Côte d'Azur""]",CC,{05},{93}
266cbe32-1289-4963-abaf-c2c72dd104fb,248900748,CC du Gâtinais en Bourgogne (89),false,"{89036,89054,89060,89094,89100,89116,89126,89143,89144,89151,89180,89209,89229,89264,89274,89298,89332,89370,89380,89404,89428,89442,89450,89459,89466,89467}",CC,2026-03-24 14:41:51.447482+01,gold_establishments_2025,,,,24890074800018,2025,Collectivité Territoriale,Intercommunalité,['Yonne'],['Bourgogne-Franche-Comté'],CC,{89},{27}
a528b118-2343-4e36-bd0f-596824c58359,244800470,CC du Gévaudan (48),false,"{48005,48032,48068,48072,48092,48099,48103,48107,48124,48138,48165,48168}",CC,2026-03-24 14:41:51.447482+01,gold_establishments_2025,,,,24480047000076,2025,Collectivité Territoriale,Intercommunalité,['Lozère'],['Occitanie'],CC,{48},{76}
0a3638cb-4584-4ce0-abf8-e5c6feceba93,200006930,CC du Haut Allier Margeride (48),false,"{48010,48038,48041,48048,48080,48086,48105,48129,48139,48150}",CC,2026-03-24 14:41:49.581307+01,gold_establishments_2025,,,,20000693000099,2025,Collectivité Territoriale,Intercommunalité,['Lozère'],['Occitanie'],CC,{48},{76}
f21f5fbd-c9bc-44a8-9f40-6d3cf072e168,200067262,CC du Haut Béarn (64),false,"{64006,64007,64029,64039,64040,64064,64085,64104,64126,64136,64156,64185,64206,64207,64209,64217,64219,64220,64223,64224,64225,64241,64244,64245,64252,64261,64276,64310,64324,64325,64328,64330,64336,64351,64360,64409,64421,64422,64426,64433,64449,64458,64460,64481,64506,64508,64542,64551}",CC,2026-03-24 14:41:49.581307+01,gold_establishments_2025,,,,20006726200010,2025,Collectivité Territoriale,Intercommunalité,['Pyrénées-Atlantiques'],['Nouvelle-Aquitaine'],CC,{64},{75}
d6f0715c-2090-4d58-bf8e-2c9a3212e148,242900710,CC du Haut Pays Bigouden (29),false,"{29065,29070,29108,29159,29167,29174,29214,29215,29225,29298}",CC,2026-03-24 14:41:49.581307+01,gold_establishments_2025,,,,24290071000078,2025,Collectivité Territoriale,Intercommunalité,['Finistère'],['Bretagne'],CC,{29},{53}
46832868-2c2b-4b36-9ab3-cd8bd1bb3367,200069235,CC du Haut Pays du Montreuillois (62),false,"{62017,62021,62026,62062,62066,62102,62123,62127,62134,62168,62202,62209,62227,62246,62247,62256,62257,62293,62296,62302,62359,62364,62437,62453,62463,62466,62492,62533,62545,62562,62565,62648,62659,62670,62682,62685,62710,62725,62726,62729,62738,62762,62790,62823,62843,62844,62862,62886,62903}",CC,2026-03-24 14:41:49.581307+01,gold_establishments_2025,,,,20006923500014,2025,Collectivité Territoriale,Intercommunalité,['Pas-de-Calais'],['Hauts-de-France'],CC,{62},{32}
2da4c64f-3258-4b17-8af5-2471bc1afbb8,249500489,CC du Haut Val d'Oise (95),false,"{95052,95058,95116,95134,95436,95452,95456,95487,95529}",CC,2026-03-24 14:41:51.447482+01,gold_establishments_2025,,,,24950048900045,2025,Collectivité Territoriale,Intercommunalité,"[""Val-d'Oise""]",['Île-de-France'],CC,{95},{11}
21c4a910-200e-473d-8982-92935160f3c2,246600548,CC du Haut Vallespir (66),false,"{66003,66009,66018,66060,66061,66091,66113,66116,66150,66179,66183,66194,66203,66206}",CC,2026-03-24 14:41:51.447482+01,gold_establishments_2025,,,,24660054800084,2025,Collectivité Territoriale,Intercommunalité,['Pyrénées-Orientales'],['Occitanie'],CC,{66},{76}
ed79f13f-a65f-44ab-99ae-3f593ab17157,247400682,CC du Haut-Chablais (74),false,"{74030,74032,74034,74091,74114,74129,74134,74155,74188,74191,74222,74238,74271,74287,74295}",CC,2026-03-24 14:41:51.447482+01,gold_establishments_2025,,,,24740068200099,2025,Collectivité Territoriale,Intercommunalité,['Haute-Savoie'],['Auvergne-Rhône-Alpes'],CC,{74},{84}
bfa05b8a-97dc-492d-a189-70e102a498df,200066553,CC du Haut-Languedoc (34),false,"{34046,34055,34107,34235,34293,34305,81014,81023,81028,81085,81086,81103,81124,81134,81188,81192,81193,81268,81282,81314}",CC,2026-03-24 14:41:49.581307+01,gold_establishments_2025,,,,20006655300138,2025,Collectivité Territoriale,Intercommunalité,"['Hérault', 'Tarn']",['Occitanie'],CC,"{34,81}",{76}
e121bb93-4ccd-4fc7-8b0d-e354d4d4269a,244301107,CC du Haut-Lignon (43),false,"{43051,43069,43129,43130,43199,43244}",CC,2026-03-24 14:41:51.447482+01,gold_establishments_2025,,,,24430110700110,2025,Collectivité Territoriale,Intercommunalité,['Haute-Loire'],['Auvergne-Rhône-Alpes'],CC,{43},{84}
d9c9ee43-e9d0-4799-a328-2aba668ca8af,200069763,CC du Haut-Poitou (86),false,"{86002,86016,86017,86048,86050,86053,86073,86074,86075,86076,86085,86089,86102,86121,86123,86142,86144,86150,86160,86177,86204,86271,86281,86292,86294,86299,86300}",CC,2026-03-24 14:41:49.581307+01,gold_establishments_2025,,,,20006976300015,2025,Collectivité Territoriale,Intercommunalité,['Vienne'],['Nouvelle-Aquitaine'],CC,{86},{75}
620bd88b-e8ea-45d4-be32-ac9c80a5ebe8,248900938,CC du Jovinien (89),false,"{89037,89056,89059,89063,89067,89075,89079,89133,89206,89230,89289,89313,89335,89348,89353,89388,89440,89452,89468}",CC,2026-03-24 14:41:51.447482+01,gold_establishments_2025,,,,24890093800064,2025,Collectivité Territoriale,Intercommunalité,['Yonne'],['Bourgogne-Franche-Comté'],CC,{89},{27}
d7cc43e7-69c7-49a0-a2b4-b40d2924a5f8,200034635,CC du Kochersberg (67),false,"{67034,67097,67102,67109,67138,67150,67163,67173,67181,67214,67226,67228,67236,67253,67375,67382,67406,67452,67485,67495,67532,67542,67548}",CC,2026-03-24 14:41:49.581307+01,gold_establishments_2025,,,,20003463500017,2025,Collectivité Territoriale,Intercommunalité,['Bas-Rhin'],['Grand Est'],CC,{67},{44}
f86d81f6-734e-4ccd-8a23-13b684ba42fd,242200715,CC du Kreiz-Breizh (CCKB) (22),false,"{22029,22061,22064,22087,22107,22115,22124,22128,22137,22146,22163,22169,22181,22220,22229,22266,22284,22294,22321,22331,22334,22344,22365}",CC,2026-03-24 14:41:49.581307+01,gold_establishments_2025,,,,24220071500074,2025,Collectivité Territoriale,Intercommunalité,"[""Côtes-d'Armor""]",['Bretagne'],CC,{22},{53}
fcfee680-03a1-403b-bf1b-552af2738d56,247300668,CC du Lac d'Aiguebelette (CCLA) (73),false,"{73001,73022,73027,73104,73122,73145,73152,73184,73191,73219}",CC,2026-03-24 14:41:51.447482+01,gold_establishments_2025,,,,24730066800016,2025,Collectivité Territoriale,Intercommunalité,['Savoie'],['Auvergne-Rhône-Alpes'],CC,{73},{84}
ef0b4a92-c091-4d83-9721-31c72dd31cc4,200034056,CC du Lautrécois et du Pays d'Agout (81),false,"{81040,81044,81058,81075,81078,81092,81098,81109,81118,81132,81139,81151,81169,81174,81181,81187,81207,81212,81213,81216,81250,81258,81266,81286,81299,81311,81315,81323}",CC,2026-03-24 14:41:49.581307+01,gold_establishments_2025,,,,20003405600016,2025,Collectivité Territoriale,Intercommunalité,['Tarn'],['Occitanie'],CC,{81},{76}
42c10605-0a4f-4829-8475-0b320cf95d88,246000129,CC du Liancourtois (60),false,"{60042,60134,60332,60342,60360,60404,60409,60524,60547,60669}",CC,2026-03-24 14:41:51.447482+01,gold_establishments_2025,,,,24600012900048,2025,Collectivité Territoriale,Intercommunalité,['Oise'],['Hauts-de-France'],CC,{60},{32}
30d04e23-e1d6-4da9-99d1-3e1e5e5f77f7,200071926,CC du Limouxin (11),false,"{11003,11004,11008,11010,11015,11029,11032,11034,11039,11045,11046,11053,11055,11058,11059,11061,11065,11073,11078,11082,11090,11094,11103,11105,11108,11109,11112,11119,11120,11121,11128,11142,11155,11158,11161,11167,11169,11183,11197,11204,11206,11207,11209,11211,11214,11216,11228,11235,11240,11246,11247,11274,11287,11289,11294,11309,11310,11323,11328,11338,11344,11355,11364,11375,11376,11377,11381,11389,11394,11402,11406,11412,11415,11417,11420,11427}",CC,2026-03-24 14:41:49.581307+01,gold_establishments_2025,,,,20007192600014,2025,Collectivité Territoriale,Intercommunalité,['Aude'],['Occitanie'],CC,{11},{76}
0bcb578c-5a13-419c-a1e7-77d91da17b25,246300966,CC du Massif du Sancy (15),false,"{15132,63038,63047,63077,63098,63117,63144,63153,63169,63236,63246,63247,63279,63335,63346,63380,63383,63401,63440,63449}",CC,2026-03-24 14:41:51.447482+01,gold_establishments_2025,,,,24630096600115,2025,Collectivité Territoriale,Intercommunalité,"['Cantal', 'Puy-de-Dôme']",['Auvergne-Rhône-Alpes'],CC,"{15,63}",{84}
b32301ca-91a8-4597-a321-1f5cdc3dc5c6,243801024,CC du Massif du Vercors (38),false,"{38129,38153,38205,38225,38433,38548}",CC,2026-03-24 14:41:51.447482+01,gold_establishments_2025,,,,24380102400072,2025,Collectivité Territoriale,Intercommunalité,['Isère'],['Auvergne-Rhône-Alpes'],CC,{38},{84}
f6c93466-4f8e-4ad2-8711-ccf31cde3de4,200066348,CC du Minervois au Caroux (34),false,"{34004,34006,34007,34020,34026,34030,34034,34054,34059,34075,34080,34086,34097,34098,34100,34141,34158,34160,34187,34189,34190,34193,34219,34228,34229,34232,34250,34269,34271,34273,34284,34291,34302,34326,34331,34334}",CC,2026-03-24 14:41:49.581307+01,gold_establishments_2025,,,,20006634800042,2025,Collectivité Territoriale,Intercommunalité,['Hérault'],['Occitanie'],CC,{34},{76}
6456c39c-121b-4941-a203-1039c3f83785,200042182,CC du Mont des Avaloirs (53),false,"{53013,53038,53052,53069,53080,53083,53085,53106,53112,53121,53133,53139,53142,53164,53173,53185,53187,53196,53198,53204,53208,53223,53236,53246,53271,53272}",CC,2026-03-24 14:41:49.581307+01,gold_establishments_2025,,,,20004218200010,2025,Collectivité Territoriale,Intercommunalité,['Mayenne'],['Pays de la Loire'],CC,{53},{52}
b872e264-4984-401b-a9e1-ad40ef2c4063,242101491,CC du Montbardois (21),false,"{21025,21026,21029,21064,21114,21137,21204,21212,21248,21252,21259,21260,21279,21287,21358,21389,21425,21429,21446,21451,21456,21484,21516,21518,21530,21550,21568,21598,21604,21641,21664,21686,21709}",CC,2026-03-24 14:41:49.581307+01,gold_establishments_2025,,,,24210149100015,2025,Collectivité Territoriale,Intercommunalité,"[""Côte-d'Or""]",['Bourgogne-Franche-Comté'],CC,{21},{27}
a012298b-8804-4e72-92a5-5e7ca8da90d0,245804497,CC du Nivernais Bourbonnais (58),false,"{58021,58057,58138,58144,58148,58192,58264,58294,58296}",CC,2026-03-24 14:41:51.447482+01,gold_establishments_2025,,,,24580449700031,2025,Collectivité Territoriale,Intercommunalité,['Nièvre'],['Bourgogne-Franche-Comté'],CC,{58},{27}
9bbf75d2-4224-4b23-a909-a7a4bfdfd6eb,200006716,CC du Nogentais (10),false,"{10031,10057,10106,10148,10153,10154,10169,10208,10225,10231,10254,10259,10268,10284,10291,10298,10334,10355,10367,10370,10382,10420,10421}",CC,2026-03-24 14:41:49.581307+01,gold_establishments_2025,,,,20000671600050,2025,Collectivité Territoriale,Intercommunalité,['Aube'],['Grand Est'],CC,{10},{44}
86d916b6-744b-47f8-8203-3ac4eeb80d9e,200067296,CC du Nord Est Béarn (64),false,"{64001,64002,64021,64027,64028,64052,64053,64056,64079,64089,64095,64097,64098,64103,64114,64118,64152,64159,64182,64193,64194,64196,64208,64210,64211,64212,64216,64227,64236,64238,64239,64246,64262,64266,64307,64311,64323,64331,64337,64338,64343,64344,64346,64352,64356,64357,64358,64361,64369,64370,64388,64389,64390,64394,64405,64419,64438,64446,64452,64453,64465,64470,64472,64482,64488,64503,64507,64516,64517,64520,64524,64526,64544}",CC,2026-03-24 14:41:49.581307+01,gold_establishments_2025,,,,20006729600018,2025,Collectivité Territoriale,Intercommunalité,['Pyrénées-Atlantiques'],['Nouvelle-Aquitaine'],CC,{64},{75}
8f01b0d1-930c-41ff-a364-252b556e868b,200071173,CC du Pays Arnay Liernais (21),false,"{21009,21015,21023,21046,21083,21102,21124,21140,21181,21216,21222,21229,21264,21274,21325,21334,21349,21354,21363,21374,21375,21379,21403,21414,21447,21560,21566,21567,21593,21615,21675,21683,21703,21715}",CC,2026-03-24 14:41:49.581307+01,gold_establishments_2025,,,,20007117300138,2025,Collectivité Territoriale,Intercommunalité,"[""Côte-d'Or""]",['Bourgogne-Franche-Comté'],CC,{21},{27}
8501a7e4-e358-4106-b4d7-eacd9c908083,240700302,CC du Pays Beaume-Drobie (07),false,"{07029,07053,07081,07088,07110,07117,07118,07144,07171,07176,07189,07196,07199,07202,07213,07238,07275,07329,07336}",CC,2026-03-24 14:41:49.581307+01,gold_establishments_2025,,,,24070030200013,2025,Collectivité Territoriale,Intercommunalité,['Ardèche'],['Auvergne-Rhône-Alpes'],CC,{07},{84}
b175443e-e81d-49ed-bbdf-aaadec97afa3,242900702,CC du Pays Bigouden Sud (29),false,"{29037,29072,29085,29135,29158,29165,29171,29220,29252,29284,29292,29296}",CC,2026-03-24 14:41:49.581307+01,gold_establishments_2025,,,,24290070200018,2025,Collectivité Territoriale,Intercommunalité,['Finistère'],['Bretagne'],CC,{29},{53}
41c9d834-aa9b-467f-95b7-1263e359b445,242101434,CC du Pays Châtillonnais (21),false,"{21004,21006,21011,21012,21034,21043,21044,21052,21055,21058,21061,21063,21075,21077,21078,21090,21093,21104,21109,21115,21116,21117,21123,21125,21129,21134,21143,21149,21154,21157,21159,21160,21161,21165,21201,21202,21235,21237,21250,21253,21257,21258,21262,21276,21296,21302,21303,21305,21309,21312,21313,21326,21336,21343,21346,21350,21357,21359,21364,21372,21378,21393,21396,21402,21410,21415,21418,21419,21432,21435,21438,21444,21454,21455,21460,21465,21466,21470,21471,21488,21490,21499,21510,21511,21514,21519,21524,21526,21543,21545,21549,21557,21594,21602,21626,21628,21653,21655,21671,21674,21685,21693,21700,21704,21706,21711,21717}",CC,2026-03-24 14:41:49.581307+01,gold_establishments_2025,,,,24210143400015,2025,Collectivité Territoriale,Intercommunalité,"[""Côte-d'Or""]",['Bourgogne-Franche-Comté'],CC,{21},{27}
85ffeac5-1812-4991-abc8-5048ef152c49,242320109,CC du Pays Dunois (23),false,"{23029,23039,23044,23050,23062,23065,23070,23075,23087,23103,23117,23141,23147,23166,23239,23244,23263}",CC,2026-03-24 14:41:49.581307+01,gold_establishments_2025,,,,24232010900026,2025,Collectivité Territoriale,Intercommunalité,['Creuse'],['Nouvelle-Aquitaine'],CC,{23},{75}
b43299ef-4527-489e-bda1-f188f9d2546f,200071652,CC du Pays Fertois et du Bocage Carrougien (61),false,"{61035,61074,61080,61085,61104,61209,61216,61243,61257,61271,61295,61357,61419,61420,61424,61427,61439,61442,61453}",CC,2026-03-24 14:41:49.581307+01,gold_establishments_2025,,,,20007165200016,2025,Collectivité Territoriale,Intercommunalité,['Orne'],['Normandie'],CC,{61},{28}
5504d506-eeee-481a-8f8c-dd97822a46d9,247200348,CC du Pays Fléchois (72),false,"{72009,72025,72044,72061,72084,72100,72110,72135,72154,72163,72185,72226,72357,72377}",CC,2026-03-24 14:41:51.447482+01,gold_establishments_2025,,,,24720034800115,2025,Collectivité Territoriale,Intercommunalité,['Sarthe'],['Pays de la Loire'],CC,{72},{52}
ec9c5601-81dd-4eaa-854e-6b22b745075d,242900660,CC du Pays Fouesnantais (29),false,"{29006,29032,29057,29058,29060,29161,29247}",CC,2026-03-24 14:41:49.581307+01,gold_establishments_2025,,,,24290066000117,2025,Collectivité Territoriale,Intercommunalité,['Finistère'],['Bretagne'],CC,{29},{53}
67749234-1855-4941-a404-e0ded759ebdc,243301371,CC du Pays Foyen (24),false,"{24335,33020,33094,33160,33223,33242,33246,33247,33269,33277,33316,33324,33354,33360,33369,33377,33378,33402,33462,33467}",CC,2026-03-24 14:41:51.447482+01,gold_establishments_2025,,,,24330137100015,2025,Collectivité Territoriale,Intercommunalité,"['Dordogne', 'Gironde']",['Nouvelle-Aquitaine'],CC,"{24,33}",{75}
79a4afcf-e445-4fa8-9669-0a8f6b7c3d85,241500255,CC du Pays Gentiane (15),false,"{15009,15040,15049,15050,15052,15054,15110,15116,15124,15129,15162,15170,15173,15185,15190,15243,15246}",CC,2026-03-24 14:41:49.581307+01,gold_establishments_2025,,,,24150025500013,2025,Collectivité Territoriale,Intercommunalité,['Cantal'],['Auvergne-Rhône-Alpes'],CC,{15},{84}
5de84bb7-3531-476a-95d9-e4b59403eb24,244000824,CC du Pays Grenadois (40),false,"{40012,40025,40049,40070,40080,40117,40145,40166,40175,40275,40329}",CC,2026-03-24 14:41:51.447482+01,gold_establishments_2025,,,,24400082400064,2025,Collectivité Territoriale,Intercommunalité,['Landes'],['Nouvelle-Aquitaine'],CC,{40},{75}
b328a69c-cfb0-42c4-a24b-f0fb48a33e5b,245701404,CC du Pays Haut Val d'Alzette (54),false,"{54521,54580,57038,57041,57096,57529,57565,57603}",CC,2026-03-24 14:41:51.447482+01,gold_establishments_2025,,,,24570140400064,2025,Collectivité Territoriale,Intercommunalité,"['Meurthe-et-Moselle', 'Moselle']",['Grand Est'],CC,"{54,57}",{44}
78c6438b-ebb7-45aa-82dd-9d7aeebfbeec,247800550,CC du Pays Houdanais (CCPH) (28),false,"{28056,28185,28193,28347,78006,78048,78072,78076,78096,78163,78171,78185,78192,78194,78237,78283,78285,78302,78310,78346,78381,78413,78417,78439,78465,78474,78475,78505,78520,78530,78565,78591,78605,78606,78618,78677}",CC,2026-03-24 14:41:51.447482+01,gold_establishments_2025,,,,24780055000052,2025,Collectivité Territoriale,Intercommunalité,"['Eure-et-Loir', 'Yvelines']",['Île-de-France'],CC,"{28,78}",{11}
b15eac6f-5f04-4699-95ac-59da3ba545fa,248600447,CC du Pays Loudunais (86),false,"{86005,86008,86013,86018,86022,86023,86026,86036,86044,86049,86069,86079,86087,86090,86093,86106,86108,86109,86137,86149,86151,86154,86156,86161,86167,86169,86173,86181,86196,86197,86201,86205,86206,86210,86218,86225,86227,86229,86249,86250,86252,86269,86274,86286,86287}",CC,2026-03-24 14:41:51.447482+01,gold_establishments_2025,,,,24860044700275,2025,Collectivité Territoriale,Intercommunalité,['Vienne'],['Nouvelle-Aquitaine'],CC,{86},{75}
2fd1b853-5280-4bdb-9b20-a8d49ef7eac2,244000691,CC du Pays Morcenais (40),false,"{40006,40152,40197,40210,40215,40333}",CC,2026-03-24 14:41:51.447482+01,gold_establishments_2025,,,,24400069100026,2025,Collectivité Territoriale,Intercommunalité,['Landes'],['Nouvelle-Aquitaine'],CC,{40},{75}
2de9290f-35bb-4498-9651-2c8f5184e6d3,246900740,CC du Pays Mornantais (COPAMO) (69),false,"{69051,69141,69148,69166,69170,69176,69179,69180,69219,69228,69241}",CC,2026-03-24 14:41:51.447482+01,gold_establishments_2025,,,,24690074000035,2025,Collectivité Territoriale,Intercommunalité,['Rhône'],['Auvergne-Rhône-Alpes'],CC,{69},{84}
c7460b6c-a87c-42da-9be3-07b7aed93690,246000756,CC du Pays Noyonnais (60),false,"{60021,60037,60052,60055,60059,60062,60105,60117,60118,60121,60129,60132,60181,60189,60236,60255,60263,60270,60278,60287,60291,60348,60362,60389,60410,60431,60443,60471,60488,60502,60506,60507,60511,60519,60603,60610,60617,60625,60655,60657,60676,60693}",CC,2026-03-24 14:41:51.447482+01,gold_establishments_2025,,,,24600075600162,2025,Collectivité Territoriale,Intercommunalité,['Oise'],['Hauts-de-France'],CC,{60},{32}
a99787cb-a759-40e0-bed0-354e8c330631,245701271,CC du Pays Orne Moselle (57),false,"{57019,57111,57143,57443,57481,57491,57492,57543,57591,57597,57620,57724}",CC,2026-03-24 14:41:51.447482+01,gold_establishments_2025,,,,24570127100018,2025,Collectivité Territoriale,Intercommunalité,['Moselle'],['Grand Est'],CC,{57},{44}
f271cd51-6979-470d-832f-8a0abf8dadf7,200043156,CC du Pays Rethélois (08),false,"{08001,08004,08005,08008,08010,08014,08021,08024,08032,08038,08039,08044,08046,08048,08060,08062,08064,08066,08070,08084,08107,08111,08126,08132,08133,08144,08148,08150,08195,08210,08219,08225,08229,08234,08239,08286,08287,08306,08313,08314,08320,08330,08339,08340,08362,08368,08380,08381,08386,08396,08397,08403,08404,08413,08416,08418,08426,08427,08435,08438,08451,08452,08473,08476,08484}",CC,2026-03-24 14:41:49.581307+01,gold_establishments_2025,,,,20004315600146,2025,Collectivité Territoriale,Intercommunalité,['Ardennes'],['Grand Est'],CC,{08},{44}
47bfb1f4-6f09-4c1c-a92b-a166adba632f,200041325,CC du Pays Rhénan (67),false,"{67082,67106,67140,67142,67151,67194,67231,67237,67264,67319,67356,67405,67409,67418,67465,67472,67476}",CC,2026-03-24 14:41:49.581307+01,gold_establishments_2025,,,,20004132500149,2025,Collectivité Territoriale,Intercommunalité,['Bas-Rhin'],['Grand Est'],CC,{67},{44}
f815a7cd-3aae-489c-b60d-ab27d4c0ba62,241200625,CC du Pays Rignacois (12),false,"{12008,12016,12024,12031,12095,12111,12142,12199}",CC,2026-03-24 14:41:49.581307+01,gold_establishments_2025,,,,24120062500010,2025,Collectivité Territoriale,Intercommunalité,['Aveyron'],['Occitanie'],CC,{12},{76}
c06e4f4d-0ab9-4377-8979-584728874d22,247000706,CC du Pays Riolais (70),false,"{70036,70076,70084,70085,70107,70109,70118,70145,70154,70174,70189,70224,70239,70275,70288,70325,70326,70355,70356,70383,70393,70405,70407,70431,70441,70447,70456,70493,70503,70507,70519,70560,70575}",CC,2026-03-24 14:41:51.447482+01,gold_establishments_2025,,,,24700070600066,2025,Collectivité Territoriale,Intercommunalité,['Haute-Saône'],['Bourgogne-Franche-Comté'],CC,{70},{27}
9c2e9de7-b8a3-468c-b25d-7d8d2505b0f1,247400724,CC du Pays Rochois (74),false,"{74007,74018,74059,74090,74116,74224,74244,74250,74253}",CC,2026-03-24 14:41:51.447482+01,gold_establishments_2025,,,,24740072400016,2025,Collectivité Territoriale,Intercommunalité,['Haute-Savoie'],['Auvergne-Rhône-Alpes'],CC,{74},{84}
3481b3ed-af01-4033-837d-fc9d3c572c3b,247200090,CC du Pays Sabolien (53),false,"{53037,72010,72016,72021,72022,72106,72123,72151,72167,72228,72232,72236,72244,72264,72336,72343,72378}",CC,2026-03-24 14:41:51.447482+01,gold_establishments_2025,,,,24720009000014,2025,Collectivité Territoriale,Intercommunalité,"['Mayenne', 'Sarthe']",['Pays de la Loire'],CC,"{53,72}",{52}
52e70216-5877-4ea7-9417-29e8bfb5a9ad,245901038,CC du Pays Solesmois (59),false,"{59060,59069,59127,59204,59289,59415,59506,59537,59541,59558,59571,59575,59608,59612,59614}",CC,2026-03-24 14:41:51.447482+01,gold_establishments_2025,,,,24590103800084,2025,Collectivité Territoriale,Intercommunalité,['Nord'],['Hauts-de-France'],CC,{59},{32}
36b95d10-d617-48df-8f23-9ac586c38699,242300135,CC du Pays Sostranien (23),false,"{23015,23018,23143,23176,23177,23199,23207,23219,23235,23258}",CC,2026-03-24 14:41:49.581307+01,gold_establishments_2025,,,,24230013500108,2025,Collectivité Territoriale,Intercommunalité,['Creuse'],['Nouvelle-Aquitaine'],CC,{23},{75}
28d1e27e-428d-4dbe-b66e-1ce417285bc0,244000766,CC du Pays Tarusate (40),false,"{40018,40031,40040,40066,40067,40116,40142,40143,40151,40153,40180,40230,40243,40285,40309,40313,40330}",CC,2026-03-24 14:41:51.447482+01,gold_establishments_2025,,,,24400076600018,2025,Collectivité Territoriale,Intercommunalité,['Landes'],['Nouvelle-Aquitaine'],CC,{40},{75}
1329042a-a6ff-43f7-b0e9-fbed3ec78466,243000270,CC du Pays Viganais (30),false,"{30009,30015,30016,30017,30024,30025,30026,30038,30040,30052,30064,30154,30170,30176,30199,30219,30220,30238,30280,30350,30353}",CC,2026-03-24 14:41:49.581307+01,gold_establishments_2025,,,,24300027000047,2025,Collectivité Territoriale,Intercommunalité,['Gard'],['Occitanie'],CC,{30},{76}
53c06d1a-ea1d-4c02-8081-621ac4b3bbae,242101459,CC du Pays d'Alésia et de la Seine (21),false,"{21008,21084,21098,21122,21144,21197,21226,21271,21288,21299,21307,21308,21314,21321,21386,21404,21448,21500,21528,21580,21627,21663,21670,21695}",CC,2026-03-24 14:41:49.581307+01,gold_establishments_2025,,,,24210145900012,2025,Collectivité Territoriale,Intercommunalité,"[""Côte-d'Or""]",['Bourgogne-Franche-Comté'],CC,{21},{27}
290cf838-40a0-4f51-9e81-6ff35e56f485,244400552,CC du Pays d'Ancenis (44),false,"{44003,44028,44048,44077,44082,44096,44104,44107,44115,44118,44124,44134,44144,44163,44180,44202,44207,44213,44222,49160}",CC,2026-03-24 14:41:51.447482+01,gold_establishments_2025,,,,24440055200026,2025,Collectivité Territoriale,Intercommunalité,"['Loire-Atlantique', 'Maine-et-Loire']",['Pays de la Loire'],CC,"{44,49}",{52}
f5a2cb60-c315-4a96-81e0-11640928b2f1,240300657,CC du Pays d'Huriel (03),false,"{03005,03051,03055,03072,03088,03128,03172,03225,03228,03246,03249,03259,03288,03317}",CC,2026-03-24 14:41:49.581307+01,gold_establishments_2025,,,,24030065700113,2025,Collectivité Territoriale,Intercommunalité,['Allier'],['Auvergne-Rhône-Alpes'],CC,{03},{84}
44251b03-9936-402a-8ec6-886dfbdf1df3,247000722,CC du Pays d'Héricourt (25),false,"{25008,25322,25608,70064,70096,70116,70117,70121,70147,70149,70160,70182,70184,70206,70221,70285,70312,70330,70477,70506,70547,70567,70579}",CC,2026-03-24 14:41:51.447482+01,gold_establishments_2025,,,,24700072200071,2025,Collectivité Territoriale,Intercommunalité,"['Doubs', 'Haute-Saône']",['Bourgogne-Franche-Comté'],CC,"{25,70}",{27}
b84d4a0f-5c09-4a15-baee-20698be34396,242900074,CC du Pays d'Iroise (29),false,"{29017,29040,29076,29084,29098,29099,29109,29112,29119,29130,29177,29178,29190,29201,29208,29221,29260,29282,29299}",CC,2026-03-24 14:41:49.581307+01,gold_establishments_2025,,,,24290007400178,2025,Collectivité Territoriale,Intercommunalité,['Finistère'],['Bretagne'],CC,{29},{53}
a509b944-8704-4c3c-9c10-e52332c24ad6,243600236,CC du Pays d'Issoudun (18),false,"{18055,18065,18198,36021,36065,36088,36125,36152,36171,36195,36199,36215}",CC,2026-03-24 14:41:51.447482+01,gold_establishments_2025,,,,24360023600018,2025,Collectivité Territoriale,Intercommunalité,"['Cher', 'Indre']",['Centre-Val de Loire'],CC,"{18,36}",{24}
b265c0b3-3501-4726-acb1-ad0e172d7142,240900464,CC du Pays d'Olmes (09),false,"{09003,09047,09051,09080,09106,09125,09126,09142,09157,09160,09165,09166,09168,09206,09211,09215,09227,09242,09249,09250,09262,09281,09305,09336}",CC,2026-03-24 14:41:49.581307+01,gold_establishments_2025,,,,24090046400126,2025,Collectivité Territoriale,Intercommunalité,['Ariège'],['Occitanie'],CC,{09},{76}
aa04815c-066d-49b1-bc15-e0e3033e4477,241000447,CC du Pays d'Othe (10),false,"{10003,10037,10042,10096,10222,10263,10266,10276,10290,10319,10335,10350,10417,10444}",CC,2026-03-24 14:41:49.581307+01,gold_establishments_2025,,,,24100044700011,2025,Collectivité Territoriale,Intercommunalité,['Aube'],['Grand Est'],CC,{10},{44}
6feb705d-8a4e-42ce-a0b3-33368815658f,244200820,CC du Pays d'Urfé (42),false,"{42047,42061,42076,42116,42248,42255,42276,42282,42295,42314,42339}",CC,2026-03-24 14:41:51.447482+01,gold_establishments_2025,,,,24420082000011,2025,Collectivité Territoriale,Intercommunalité,['Loire'],['Auvergne-Rhône-Alpes'],CC,{42},{84}
48d05454-6faf-4f9e-b8af-d1ebd028f336,241927243,CC du Pays d'Uzerche (19),false,"{19060,19076,19079,19104,19129,19131,19154,19162,19248,19250,19276,19285}",CC,2026-03-24 14:41:49.581307+01,gold_establishments_2025,,,,24192724300014,2025,Collectivité Territoriale,Intercommunalité,['Corrèze'],['Nouvelle-Aquitaine'],CC,{19},{75}
10d9a526-2c6a-41b4-ac56-b2f3bf995102,245501242,CC du Pays d'Étain (55),false,"{55002,55055,55057,55072,55094,55105,55143,55153,55171,55181,55191,55201,55211,55219,55222,55244,55280,55325,55339,55356,55357,55361,55400,55443,55458,55578}",CC,2026-03-24 14:41:51.447482+01,gold_establishments_2025,,,,24550124200011,2025,Collectivité Territoriale,Intercommunalité,['Meuse'],['Grand Est'],CC,{55},{44}
f5a3c828-4a19-4256-b3f0-bb54a6da9876,200034270,CC du Pays de Barr (67),false,"{67010,67021,67032,67051,67060,67084,67120,67125,67155,67164,67189,67210,67227,67295,67337,67387,67429,67481,67504,67557}",CC,2026-03-24 14:41:49.581307+01,gold_establishments_2025,,,,20003427000013,2025,Collectivité Territoriale,Intercommunalité,['Bas-Rhin'],['Grand Est'],CC,{67},{44}
8447e5c2-cb26-4bbb-beb2-c1b86c4dda69,200069441,CC du Pays de Bitche (57),false,"{57006,57046,57074,57083,57089,57103,57108,57188,57192,57195,57196,57201,57250,57261,57294,57301,57338,57376,57390,57393,57402,57421,57456,57477,57489,57513,57517,57526,57535,57541,57561,57577,57584,57589,57590,57594,57619,57636,57639,57641,57651,57658,57661,57732,57738,57741}",CC,2026-03-24 14:41:49.581307+01,gold_establishments_2025,,,,20006944100018,2025,Collectivité Territoriale,Intercommunalité,['Moselle'],['Grand Est'],CC,{57},{44}
48979022-e2a6-4710-a158-eae94a4e855c,246000913,CC du Pays de Bray (60),false,"{60073,60164,60187,60220,60235,60315,60331,60333,60343,60344,60359,60477,60516,60567,60577,60592,60616,60626,60660,60662,60677,60681,60687}",CC,2026-03-24 14:41:51.447482+01,gold_establishments_2025,,,,24600091300052,2025,Collectivité Territoriale,Intercommunalité,['Oise'],['Hauts-de-France'],CC,{60},{32}
b41df56c-aa40-4de1-87d9-cdde81d3d086,245300447,CC du Pays de Château-Gontier (53),false,"{53029,53062,53063,53066,53078,53089,53101,53104,53117,53124,53136,53145,53150,53172,53178,53210}",CC,2026-03-24 14:41:51.447482+01,gold_establishments_2025,,,,24530044700019,2025,Collectivité Territoriale,Intercommunalité,['Mayenne'],['Pays de la Loire'],CC,{53},{52}
388b0632-aa77-4419-856c-dbc785af9e10,245400510,CC du Pays de Colombey et du Sud Toulois (54),false,"{54003,54008,54010,54041,54046,54047,54052,54068,54080,54105,54135,54140,54143,54146,54158,54189,54190,54218,54220,54223,54226,54237,54379,54380,54392,54405,54438,54494,54496,54500,54523,54529,54530,54531,54538,54545,54548,88504}",CC,2026-03-24 14:41:51.447482+01,gold_establishments_2025,,,,24540051000054,2025,Collectivité Territoriale,Intercommunalité,"['Meurthe-et-Moselle', 'Vosges']",['Grand Est'],CC,"{54,88}",{44}
5b9f69ea-ec51-48a6-97cc-41f5289ae594,242700276,CC du Pays de Conches (27),false,"{27023,27047,27082,27120,27141,27161,27162,27165,27189,27235,27238,27240,27242,27281,27287,27374,27424,27436,27446,27447,27472,27535,27568,27618,27640}",CC,2026-03-24 14:41:49.581307+01,gold_establishments_2025,,,,24270027600015,2025,Collectivité Territoriale,Intercommunalité,['Eure'],['Normandie'],CC,{27},{28}
905b7b7f-e0e0-42b1-855f-b05304ee4972,200048551,CC du Pays de Craon (53),false,"{53011,53012,53018,53033,53035,53041,53058,53068,53073,53075,53077,53082,53084,53088,53090,53098,53102,53128,53135,53148,53151,53165,53180,53186,53188,53191,53192,53197,53214,53240,53242,53250,53251,53253,53258,53259,53260}",CC,2026-03-24 14:41:49.581307+01,gold_establishments_2025,,,,20004855100010,2025,Collectivité Territoriale,Intercommunalité,['Mayenne'],['Pays de la Loire'],CC,{53},{52}
8a8ca6a7-a52d-44a9-8475-93ac91a29108,247400112,CC du Pays de Cruseilles (74),false,"{74006,74009,74051,74052,74088,74096,74098,74177,74228,74259,74306,74307,74313}",CC,2026-03-24 14:41:51.447482+01,gold_establishments_2025,,,,24740011200063,2025,Collectivité Territoriale,Intercommunalité,['Haute-Savoie'],['Auvergne-Rhône-Alpes'],CC,{74},{84}
3b6a5d50-f46c-472d-8bba-c6fc6fbf0874,200070670,CC du Pays de Dol et de la Baie du Mont Saint-Michel (35),false,"{35009,35010,35034,35044,35078,35095,35104,35186,35222,35246,35247,35248,35259,35270,35291,35329,35339,35354,35361}",CC,2026-03-24 14:41:49.581307+01,gold_establishments_2025,,,,20007067000019,2025,Collectivité Territoriale,Intercommunalité,['Ille-et-Vilaine'],['Bretagne'],CC,{35},{53}
d611e32e-7653-4217-a6b7-51d98b56b235,244700449,CC du Pays de Duras (47),false,"{47018,47020,47086,47089,47147,47151,47187,47199,47229,47236,47245,47247,47271,47278,47294,47303,47321}",CC,2026-03-24 14:41:51.447482+01,gold_establishments_2025,,,,24470044900014,2025,Collectivité Territoriale,Intercommunalité,['Lot-et-Garonne'],['Nouvelle-Aquitaine'],CC,{47},{75}
0a7ffb9b-ec1f-4941-aaf2-4eb369dd3dcb,241400514,CC du Pays de Falaise (14),false,"{14025,14043,14053,14064,14087,14088,14180,14190,14206,14216,14223,14240,14244,14245,14258,14276,14283,14284,14289,14332,14343,14345,14360,14375,14381,14394,14402,14405,14427,14452,14457,14467,14469,14476,14486,14497,14498,14501,14502,14516,14531,14546,14588,14627,14646,14649,14669,14677,14678,14710,14720,14735,14737,14742,14751,14753,14759,14764}",CC,2026-03-24 14:41:49.581307+01,gold_establishments_2025,,,,24140051400196,2025,Collectivité Territoriale,Intercommunalité,['Calvados'],['Normandie'],CC,{14},{28}
33b597d4-a21c-41ca-913a-54ee8083fdfe,200004802,CC du Pays de Fayence (83),false,"{83008,83029,83055,83080,83081,83117,83124,83133,83138}",CC,2026-03-24 14:41:49.581307+01,gold_establishments_2025,,,,20000480200019,2025,Collectivité Territoriale,Intercommunalité,['Var'],"[""Provence-Alpes-Côte d'Azur""]",CC,{83},{93}
5c9d2b4a-d317-4399-aca2-7a6e1ed4d065,200040830,CC du Pays de Fénelon (24),false,"{24012,24050,24074,24081,24082,24215,24301,24317,24325,24336,24392,24412,24432,24470,24516,24535,24574}",CC,2026-03-24 14:41:49.581307+01,gold_establishments_2025,,,,20004083000016,2025,Collectivité Territoriale,Intercommunalité,['Dordogne'],['Nouvelle-Aquitaine'],CC,{24},{75}
840eb66b-d55a-4807-9768-64aaf89c7ff8,200066827,CC du Pays de Honfleur-Beuzeville (14),false,"{14001,14041,14202,14243,14286,14299,14304,14333,14492,14528,14536,14687,27064,27065,27100,27169,27233,27243,27260,27384,27561,27597,27604}",CC,2026-03-24 14:41:49.581307+01,gold_establishments_2025,,,,20006682700011,2025,Collectivité Territoriale,Intercommunalité,"['Calvados', 'Eure']",['Normandie'],CC,"{14,27}",{28}
d7e0f517-1b32-46f6-b0ae-af96b6748e33,200067122,CC du Pays de Lafrançaise (82),false,"{82011,82012,82076,82077,82080,82087,82108,82120,82140,82144,82189}",CC,2026-03-24 14:41:49.581307+01,gold_establishments_2025,,,,20006712200016,2025,Collectivité Territoriale,Intercommunalité,['Tarn-et-Garonne'],['Occitanie'],CC,{82},{76}
e24b851e-1bcc-40d3-8422-ebed9d208ac5,244600532,CC du Pays de Lalbenque-Limogne (46),false,"{46010,46013,46020,46023,46026,46027,46068,46073,46081,46082,46091,46092,46105,46140,46148,46173,46179,46202,46247,46276,46328,46329,46333}",CC,2026-03-24 14:41:51.447482+01,gold_establishments_2025,,,,24460053200026,2025,Collectivité Territoriale,Intercommunalité,['Lot'],['Occitanie'],CC,{46},{76}
82c13966-5e2c-4021-9c2e-d0933ca68fc1,200016905,CC du Pays de Lamastre (07),false,"{07073,07079,07085,07095,07114,07124,07129,07166,07216,07218,07290}",CC,2026-03-24 14:41:49.581307+01,gold_establishments_2025,,,,20001690500016,2025,Collectivité Territoriale,Intercommunalité,['Ardèche'],['Auvergne-Rhône-Alpes'],CC,{07},{84}
d66be947-fcfe-4c0f-bf5b-9b372e7f9115,242900751,CC du Pays de Landivisiau (29),false,"{29010,29038,29068,29074,29097,29105,29128,29131,29187,29193,29204,29210,29213,29244,29262,29264,29271,29277,29301}",CC,2026-03-24 14:41:49.581307+01,gold_establishments_2025,,,,24290075100189,2025,Collectivité Territoriale,Intercommunalité,['Finistère'],['Bretagne'],CC,{29},{53}
c04b5b02-3626-4afa-add6-d92912cbd172,240300491,CC du Pays de Lapalisse (03),false,"{03004,03017,03024,03028,03042,03105,03131,03138,03205,03223,03230,03250,03257,03272}",CC,2026-03-24 14:41:49.581307+01,gold_establishments_2025,,,,24030049100257,2025,Collectivité Territoriale,Intercommunalité,['Allier'],['Auvergne-Rhône-Alpes'],CC,{03},{84}
b6301786-754f-418f-94b4-733a8fa57ef9,244700464,CC du Pays de Lauzun (47),false,"{47003,47005,47014,47035,47047,47126,47136,47142,47144,47168,47188,47189,47194,47204,47218,47226,47235,47264,47290,47296}",CC,2026-03-24 14:41:51.447482+01,gold_establishments_2025,,,,24470046400039,2025,Collectivité Territoriale,Intercommunalité,['Lot-et-Garonne'],['Nouvelle-Aquitaine'],CC,{47},{75}
d6748e34-7625-48c9-91af-1f499d5ea172,249100074,CC du Pays de Limours (CCPL) (91),false,"{91017,91093,91111,91186,91243,91249,91274,91319,91338,91411,91482,91560,91568,91634}",CC,2026-03-24 14:41:51.447482+01,gold_establishments_2025,,,,24910007400023,2025,Collectivité Territoriale,Intercommunalité,['Essonne'],['Île-de-France'],CC,{91},{11}
08780d99-552b-4e54-aea0-fd13296772e1,200066603,CC du Pays de Lubersac-Pompadour (19),false,"{19011,19022,19024,19025,19059,19121,19144,19216,19243,19270}",CC,2026-03-24 14:41:49.581307+01,gold_establishments_2025,,,,20006660300016,2025,Collectivité Territoriale,Intercommunalité,['Corrèze'],['Nouvelle-Aquitaine'],CC,{19},{75}
8642a3e9-e795-4e9e-a737-6b92bf99df7d,246201016,CC du Pays de Lumbres (62),false,"{62008,62010,62024,62055,62088,62140,62149,62155,62169,62228,62229,62245,62271,62292,62308,62309,62419,62478,62495,62504,62534,62613,62644,62656,62674,62675,62692,62702,62788,62794,62803,62837,62882,62897,62898,62905}",CC,2026-03-24 14:41:51.447482+01,gold_establishments_2025,,,,24620101600077,2025,Collectivité Territoriale,Intercommunalité,['Pas-de-Calais'],['Hauts-de-France'],CC,{62},{32}
be0914fd-2fe2-4067-b5aa-799d034cb07b,247000664,CC du Pays de Lure (70),false,"{70014,70021,70029,70046,70178,70229,70259,70260,70262,70306,70310,70313,70318,70319,70321,70348,70385,70403,70455,70464,70515,70577,70581}",CC,2026-03-24 14:41:51.447482+01,gold_establishments_2025,,,,24700066400059,2025,Collectivité Territoriale,Intercommunalité,['Haute-Saône'],['Bourgogne-Franche-Comté'],CC,{70},{27}
c43fece0-d58b-43e8-b298-79768b9cea31,247000755,CC du Pays de Luxeuil (70),false,"{70055,70093,70094,70098,70128,70172,70216,70258,70311,70314,70398,70435,70460,70469,70473}",CC,2026-03-24 14:41:51.447482+01,gold_establishments_2025,,,,24700075500063,2025,Collectivité Territoriale,Intercommunalité,['Haute-Saône'],['Bourgogne-Franche-Comté'],CC,{70},{27}
e6b2268e-04b8-413b-a75e-7b5f89f2fddc,241500271,CC du Pays de Mauriac (15),false,"{15010,15015,15036,15063,15079,15120,15123,15137,15220,15230,15261}",CC,2026-03-24 14:41:49.581307+01,gold_establishments_2025,,,,24150027100051,2025,Collectivité Territoriale,Intercommunalité,['Cantal'],['Auvergne-Rhône-Alpes'],CC,{15},{84}
d981b557-36a9-4159-a727-f1fee05b6450,200023075,CC du Pays de Maîche (25),false,"{25046,25049,25061,25091,25102,25108,25114,25124,25127,25138,25173,25174,25193,25213,25234,25238,25244,25255,25256,25275,25280,25314,25335,25356,25366,25386,25387,25392,25393,25402,25433,25458,25504,25519,25551,25559,25571,25573,25584,25588,25589,25591}",CC,2026-03-24 14:41:49.581307+01,gold_establishments_2025,,,,20002307500019,2025,Collectivité Territoriale,Intercommunalité,['Doubs'],['Bourgogne-Franche-Comté'],CC,{25},{27}
11aaee4e-45d5-4f53-9917-204436ccdad1,245300223,CC du Pays de Meslay-Grez (53),false,"{53009,53017,53019,53022,53025,53027,53030,53036,53046,53067,53076,53087,53110,53143,53152,53184,53193,53203,53206,53212,53233,53273}",CC,2026-03-24 14:41:51.447482+01,gold_establishments_2025,,,,24530022300170,2025,Collectivité Territoriale,Intercommunalité,['Mayenne'],['Pays de la Loire'],CC,{53},{52}
637b819b-0fcc-494d-bff7-59dc5d146e06,200044469,CC du Pays de Mirepoix (09),false,"{09002,09039,09043,09048,09052,09074,09089,09102,09107,09115,09150,09153,09161,09169,09178,09180,09194,09200,09213,09229,09233,09243,09244,09251,09259,09260,09266,09274,09309,09314,09316,09323,09341}",CC,2026-03-24 14:41:49.581307+01,gold_establishments_2025,,,,20004446900019,2025,Collectivité Territoriale,Intercommunalité,['Ariège'],['Occitanie'],CC,{09},{76}
f1e0820c-9dd4-4f33-abf5-30c56d453c2b,200041853,CC du Pays de Montbozon et du Chanois (70),false,"{70038,70050,70059,70065,70082,70113,70137,70159,70197,70203,70208,70234,70243,70296,70309,70316,70335,70357,70381,70397,70449,70500,70501,70517,70532,70565,70583}",CC,2026-03-24 14:41:49.581307+01,gold_establishments_2025,,,,20004185300058,2025,Collectivité Territoriale,Intercommunalité,['Haute-Saône'],['Bourgogne-Franche-Comté'],CC,{70},{27}
e83035cd-29c4-47a5-899b-82f1780767a6,245501259,CC du Pays de Montmédy (55),false,"{55022,55034,55077,55109,55110,55169,55188,55226,55252,55255,55262,55306,55324,55351,55410,55425,55508,55509,55510,55511,55544,55546,55547,55552,55554}",CC,2026-03-24 14:41:51.447482+01,gold_establishments_2025,,,,24550125900064,2025,Collectivité Territoriale,Intercommunalité,['Meuse'],['Grand Est'],CC,{55},{44}
d2c5bd90-de07-4ef9-9b9f-074fedb7d0d9,200043321,CC du Pays de Mormal (59),false,"{59006,59031,59053,59057,59065,59077,59099,59116,59164,59194,59217,59223,59232,59242,59246,59251,59259,59265,59277,59283,59296,59310,59315,59323,59325,59331,59353,59357,59363,59381,59384,59396,59425,59441,59451,59464,59468,59472,59473,59481,59494,59503,59518,59548,59549,59565,59584,59607,59619,59626,59639,59640}",CC,2026-03-24 14:41:49.581307+01,gold_establishments_2025,,,,20004332100013,2025,Collectivité Territoriale,Intercommunalité,['Nord'],['Hauts-de-France'],CC,{59},{32}
34b7b8a3-a1c2-42f8-97db-3de50b519a99,248500662,CC du Pays de Mortagne (85),false,"{85097,85119,85134,85151,85198,85238,85240,85247,85293,85296,85302}",CC,2026-03-24 14:41:51.447482+01,gold_establishments_2025,,,,24850066200015,2025,Collectivité Territoriale,Intercommunalité,['Vendée'],['Pays de la Loire'],CC,{85},{52}
a7c422c3-38f2-4f31-8dca-98716d6534e8,200036069,CC du Pays de Mortagne au Perche (61),false,"{61029,61037,61048,61087,61097,61113,61118,61121,61129,61130,61160,61229,61255,61277,61286,61293,61322,61327,61329,61348,61363,61367,61373,61381,61396,61404,61411,61414,61418,61425,61438,61475,61507}",CC,2026-03-24 14:41:49.581307+01,gold_establishments_2025,,,,20003606900017,2025,Collectivité Territoriale,Intercommunalité,['Orne'],['Normandie'],CC,{61},{28}
f6ea6a87-4632-4944-8253-158da1ce67af,246701098,CC du Pays de Niederbronn-les-Bains (67),false,"{67083,67174,67176,67291,67292,67324,67340,67358,67388,67415,67502,67536,67558}",CC,2026-03-24 14:41:51.447482+01,gold_establishments_2025,,,,24670109800062,2025,Collectivité Territoriale,Intercommunalité,['Bas-Rhin'],['Grand Est'],CC,{67},{44}
bc863d2f-fa10-4c99-a288-bda9bcea49f5,245700950,CC du Pays de Phalsbourg (57),false,"{57033,57064,57100,57114,57163,57168,57169,57244,57280,57291,57300,57315,57317,57339,57407,57427,57462,57468,57540,57614,57618,57709,57721,57743,57747,57761}",CC,2026-03-24 14:41:51.447482+01,gold_establishments_2025,,,,24570095000042,2025,Collectivité Territoriale,Intercommunalité,['Moselle'],['Grand Est'],CC,{57},{44}
7fb1e6e5-d561-41a4-a19c-9b3b4ad4776a,200000438,CC du Pays de Pontchâteau Saint-Gildas-des-Bois (44),false,"{44050,44053,44068,44098,44129,44152,44161,44189,44196}",CC,2026-03-24 14:41:49.581307+01,gold_establishments_2025,,,,20000043800099,2025,Collectivité Territoriale,Intercommunalité,['Loire-Atlantique'],['Pays de la Loire'],CC,{44},{52}
c5ddcfb2-1357-4b31-8edf-0e90c52e9251,248500464,CC du Pays de Pouzauges (85),false,"{85031,85066,85090,85140,85145,85147,85182,85187,85254,85287}",CC,2026-03-24 14:41:51.447482+01,gold_establishments_2025,,,,24850046400198,2025,Collectivité Territoriale,Intercommunalité,['Vendée'],['Pays de la Loire'],CC,{85},{52}
c79602ec-29a6-4c24-b4a3-c86cf1af5abd,245501184,CC du Pays de Revigny-sur-Ornain (55),false,"{55011,55069,55125,55134,55271,55272,55340,55378,55382,55388,55414,55424,55427,55493,55531,55560}",CC,2026-03-24 14:41:51.447482+01,gold_establishments_2025,,,,24550118400015,2025,Collectivité Territoriale,Intercommunalité,['Meuse'],['Grand Est'],CC,{55},{44}
97789623-b681-4422-b11c-46467b6a0d23,246800577,CC du Pays de Ribeauvillé (68),false,"{68014,68023,68026,68028,68113,68147,68153,68209,68252,68269,68277,68280,68285,68296,68335,68383}",CC,2026-03-24 14:41:51.447482+01,gold_establishments_2025,,,,24680057700016,2025,Collectivité Territoriale,Intercommunalité,['Haut-Rhin'],['Grand Est'],CC,{68},{44}
5a58c50e-4d7c-402f-b30a-05642f57cca0,246800494,"CC du Pays de Rouffach, Vignobles et Châteaux (68)",false,"{68078,68111,68116,68123,68150,68244,68251,68255,68287,68350,68364}",CC,2026-03-24 14:41:51.447482+01,gold_establishments_2025,,,,24680049400022,2025,Collectivité Territoriale,Intercommunalité,['Haut-Rhin'],['Grand Est'],CC,{68},{44}
2d61f514-8830-44d8-8753-b7d7a3f303a0,242400935,CC du Pays de Saint-Aulaye (24),false,"{24316,24354,24376,24490,24511,24533}",CC,2026-03-24 14:41:49.581307+01,gold_establishments_2025,,,,24240093500084,2025,Collectivité Territoriale,Intercommunalité,['Dordogne'],['Nouvelle-Aquitaine'],CC,{24},{75}
7c40b4bc-b685-4db8-b290-36df64c83ae1,200071918,CC du Pays de Saint-Fulgent - Les Essarts (85),false,"{85013,85038,85064,85065,85072,85084,85142,85186,85196,85215}",CC,2026-03-24 14:41:49.581307+01,gold_establishments_2025,,,,20007191800011,2025,Collectivité Territoriale,Intercommunalité,['Vendée'],['Pays de la Loire'],CC,{85},{52}
68481068-5f8a-4440-8ff5-6fc9718702ea,248700189,CC du Pays de Saint-Yrieix (19),false,"{19198,19254,87031,87049,87071,87082,87096,87127,87187}",CC,2026-03-24 14:41:51.447482+01,gold_establishments_2025,,,,24870018900017,2025,Collectivité Territoriale,Intercommunalité,"['Corrèze', 'Haute-Vienne']",['Nouvelle-Aquitaine'],CC,"{19,87}",{75}
75836f32-a3e0-4119-9d2c-fe0fd86907c2,200072080,CC du Pays de Saint-Éloy (63),false,"{63011,63025,63041,63060,63062,63067,63094,63101,63130,63140,63152,63171,63187,63223,63233,63243,63251,63281,63293,63304,63329,63338,63354,63360,63369,63373,63377,63388,63408,63419,63428,63447,63462,63471}",CC,2026-03-24 14:41:49.581307+01,gold_establishments_2025,,,,20007208000019,2025,Collectivité Territoriale,Intercommunalité,['Puy-de-Dôme'],['Auvergne-Rhône-Alpes'],CC,{63},{84}
006c02c9-bdef-445d-b627-0b35b0d6651d,246701080,CC du Pays de Sainte-Odile (67),false,"{67031,67223,67248,67286,67329,67348}",CC,2026-03-24 14:41:51.447482+01,gold_establishments_2025,,,,24670108000011,2025,Collectivité Territoriale,Intercommunalité,['Bas-Rhin'],['Grand Est'],CC,{67},{44}
1c975d61-bb14-4d60-9ac7-4c635a6056e8,241200658,CC du Pays de Salars (12),false,"{12001,12010,12073,12102,12185,12188,12255,12283,12297}",CC,2026-03-24 14:41:49.581307+01,gold_establishments_2025,,,,24120065800011,2025,Collectivité Territoriale,Intercommunalité,['Aveyron'],['Occitanie'],CC,{12},{76}
142f08bc-dcda-4960-93ec-aa2d720d38ae,241501139,CC du Pays de Salers (15),false,"{15003,15006,15018,15024,15046,15064,15066,15067,15070,15072,15075,15153,15174,15175,15176,15179,15186,15191,15200,15202,15205,15208,15218,15219,15238,15249,15269}",CC,2026-03-24 14:41:49.581307+01,gold_establishments_2025,,,,24150113900018,2025,Collectivité Territoriale,Intercommunalité,['Cantal'],['Auvergne-Rhône-Alpes'],CC,{15},{84}
689be035-92cc-4b83-af4e-abfba66c5b1e,242504371,CC du Pays de Sancey-Belleherbe (25),false,"{25051,25053,25095,25113,25125,25145,25177,25178,25261,25290,25324,25344,25436,25449,25471,25476,25478,25503,25529,25544,25554,25583,25590,25595,25597,25607,25635}",CC,2026-03-24 14:41:49.581307+01,gold_establishments_2025,,,,24250437100053,2025,Collectivité Territoriale,Intercommunalité,['Doubs'],['Bourgogne-Franche-Comté'],CC,{25},{27}
6db7100a-4864-4245-9dca-b20a044eadf2,200068112,CC du Pays de Saverne (67),false,"{67004,67006,67089,67096,67117,67129,67145,67149,67161,67162,67179,67185,67190,67244,67258,67269,67272,67275,67279,67283,67302,67366,67367,67380,67391,67395,67423,67425,67437,67459,67478,67489,67515,67527,67553}",CC,2026-03-24 14:41:49.581307+01,gold_establishments_2025,,,,20006811200172,2025,Collectivité Territoriale,Intercommunalité,['Bas-Rhin'],['Grand Est'],CC,{67},{44}
3b614e7a-3292-4470-a55e-197f69797de4,200040418,CC du Pays de Serres en Quercy (82),false,"{82016,82021,82022,82024,82042,82060,82084,82094,82111,82116,82117,82122,82151,82153,82154,82157,82164,82168,82177,82182,82183,82185}",CC,2026-03-24 14:41:49.581307+01,gold_establishments_2025,,,,20004041800010,2025,Collectivité Territoriale,Intercommunalité,['Tarn-et-Garonne'],['Occitanie'],CC,{82},{76}
cce7a2ea-1d73-4c47-9bff-ab22ceeca67a,243000296,CC du Pays de Sommières (30),false,"{30018,30023,30062,30066,30088,30091,30098,30114,30136,30144,30181,30182,30193,30244,30306,30321,30324,30352}",CC,2026-03-24 14:41:49.581307+01,gold_establishments_2025,,,,24300029600067,2025,Collectivité Territoriale,Intercommunalité,['Gard'],['Occitanie'],CC,{30},{76}
33b0cb20-8475-4438-ade8-d742d897952e,200066132,CC du Pays de Stenay et du Val Dunois (55),false,"{55004,55018,55025,55028,55036,55037,55078,55083,55095,55118,55119,55140,55146,55165,55167,55192,55225,55250,55275,55279,55292,55293,55310,55323,55338,55345,55349,55362,55364,55365,55375,55377,55391,55408,55469,55471,55490,55502,55561,55571,55582}",CC,2026-03-24 14:41:49.581307+01,gold_establishments_2025,,,,20006613200016,2025,Collectivité Territoriale,Intercommunalité,['Meuse'],['Grand Est'],CC,{55},{44}
f6ef6b93-0005-4ecd-aa82-02b6ac5c1521,240900431,CC du Pays de Tarascon (09),false,"{09006,09015,09016,09045,09058,09077,09092,09133,09136,09152,09188,09192,09217,09221,09240,09241,09280,09303,09306,09321}",CC,2026-03-24 14:41:49.581307+01,gold_establishments_2025,,,,24090043100091,2025,Collectivité Territoriale,Intercommunalité,['Ariège'],['Occitanie'],CC,{09},{76}
0e3117d2-37d0-4c31-9ac5-5f81f7e1be5c,200070795,CC du Pays de Trie et du Magnoac (65),false,"{65015,65026,65068,65074,65085,65088,65090,65095,65110,65126,65129,65134,65136,65148,65155,65170,65177,65178,65187,65213,65214,65249,65250,65253,65260,65261,65263,65266,65288,65289,65293,65308,65315,65316,65336,65342,65358,65368,65373,65374,65383,65404,65423,65442,65448,65452,65461,65468,65474,65475}",CC,2026-03-24 14:41:49.581307+01,gold_establishments_2025,,,,20007079500014,2025,Collectivité Territoriale,Intercommunalité,['Hautes-Pyrénées'],['Occitanie'],CC,{65},{76}
13c9f8f3-9626-4554-b12c-f0560e5f911f,240300558,CC du Pays de Tronçais (03),false,"{03003,03037,03041,03048,03087,03127,03130,03143,03168,03221,03222,03282,03293,03296,03313}",CC,2026-03-24 14:41:49.581307+01,gold_establishments_2025,,,,24030055800014,2025,Collectivité Territoriale,Intercommunalité,['Allier'],['Auvergne-Rhône-Alpes'],CC,{03},{84}
c576a40b-138a-4645-8f6d-8f434aad001d,246000871,CC du Pays de Valois (60),false,"{60005,60020,60027,60031,60046,60047,60066,60069,60079,60083,60091,60092,60094,60101,60148,60176,60190,60203,60207,60213,60224,60226,60231,60260,60261,60272,60274,60279,60320,60341,60358,60380,60385,60413,60430,60446,60448,60473,60478,60479,60481,60489,60500,60527,60543,60546,60548,60552,60554,60561,60618,60619,60637,60650,60656,60658,60661,60666,60671,60672,60679,60683}",CC,2026-03-24 14:41:51.447482+01,gold_establishments_2025,,,,24600087100060,2025,Collectivité Territoriale,Intercommunalité,['Oise'],['Hauts-de-France'],CC,{60},{32}
8faf3404-efd6-47f4-b524-a412cae84c72,244000774,CC du Pays de Villeneuve en Armagnac Landais (40),false,"{40013,40052,40100,40127,40137,40193,40221,40238,40255,40258,40259,40331}",CC,2026-03-24 14:41:51.447482+01,gold_establishments_2025,,,,24400077400079,2025,Collectivité Territoriale,Intercommunalité,['Landes'],['Nouvelle-Aquitaine'],CC,{40},{75}
2b5ea578-78b1-46b0-917c-c81e3f43ea36,247000714,CC du Pays de Villersexel (25),false,"{25072,25570,70005,70031,70042,70072,70180,70187,70219,70226,70271,70273,70276,70277,70307,70317,70332,70336,70347,70349,70395,70396,70420,70462,70474,70484,70487,70544,70552,70553,70561,70562}",CC,2026-03-24 14:41:51.447482+01,gold_establishments_2025,,,,24700071400011,2025,Collectivité Territoriale,Intercommunalité,"['Doubs', 'Haute-Saône']",['Bourgogne-Franche-Comté'],CC,"{25,70}",{27}
e6b835d5-8919-40f8-9798-8c22b1a5dfc7,246700926,CC du Pays de Wissembourg (67),false,"{67074,67075,67104,67213,67221,67344,67351,67400,67416,67451,67479,67544}",CC,2026-03-24 14:41:51.447482+01,gold_establishments_2025,,,,24670092600057,2025,Collectivité Territoriale,Intercommunalité,['Bas-Rhin'],['Grand Est'],CC,{67},{44}
e8dd5ae1-9fd5-48fb-8b69-6175a126f1e8,246900625,CC du Pays de l'Arbresle (CCPA) (69),false,"{69010,69021,69022,69032,69057,69067,69076,69083,69086,69112,69171,69173,69175,69177,69208,69216,69231}",CC,2026-03-24 14:41:51.447482+01,gold_establishments_2025,,,,24690062500095,2025,Collectivité Territoriale,Intercommunalité,['Rhône'],['Auvergne-Rhône-Alpes'],CC,{69},{84}
7d43dd3a-7d9d-4346-a846-bd3d26a994be,247200686,CC du Pays de l'Huisne Sarthoise (72),false,"{72020,72031,72038,72040,72041,72057,72062,72067,72080,72093,72105,72114,72122,72132,72144,72156,72172,72193,72208,72245,72246,72267,72277,72292,72296,72302,72322,72331,72342,72353,72363,72375,72383}",CC,2026-03-24 14:41:51.447482+01,gold_establishments_2025,,,,24720068600100,2025,Collectivité Territoriale,Intercommunalité,['Sarthe'],['Pays de la Loire'],CC,{72},{52}
1740c38b-3744-4166-8532-a7620cbaf85b,247700065,CC du Pays de l'Ourcq (77),false,"{77008,77120,77126,77129,77148,77157,77163,77173,77204,77231,77235,77257,77274,77280,77283,77343,77367,77380,77460,77476,77490,77526}",CC,2026-03-24 14:41:51.447482+01,gold_establishments_2025,,,,24770006500037,2025,Collectivité Territoriale,Intercommunalité,['Seine-et-Marne'],['Île-de-France'],CC,{77},{11}
c73dd652-f902-4010-9adc-3462dd68cf62,246900765,CC du Pays de l'Ozon (69),false,"{69270,69272,69281,69291,69294,69295,69297}",CC,2026-03-24 14:41:51.447482+01,gold_establishments_2025,,,,24690076500073,2025,Collectivité Territoriale,Intercommunalité,['Rhône'],['Auvergne-Rhône-Alpes'],CC,{69},{84}
67ec5cb3-b0f9-453a-a26b-f48e235b0c97,248500415,CC du Pays de la Châtaigneraie (85),false,"{85005,85014,85059,85067,85125,85136,85141,85154,85229,85251,85252,85264,85289,85292}",CC,2026-03-24 14:41:51.447482+01,gold_establishments_2025,,,,24850041500067,2025,Collectivité Territoriale,Intercommunalité,['Vendée'],['Pays de la Loire'],CC,{85},{52}
2001ae75-eec4-4c06-bd5d-df7d607c8875,240200469,CC du Pays de la Serre (02),false,"{02004,02027,02039,02046,02047,02048,02096,02101,02156,02169,02180,02194,02231,02237,02248,02261,02283,02338,02353,02460,02468,02480,02493,02513,02516,02517,02529,02545,02559,02560,02591,02600,02617,02638,02689,02727,02737,02742,02745,02787,02790,02827}",CC,2026-03-24 14:41:49.581307+01,gold_establishments_2025,,,,24020046900098,2025,Collectivité Territoriale,Intercommunalité,['Aisne'],['Hauts-de-France'],CC,{02},{32}
6b7cb261-0ddb-4c02-a511-7f855839dc9d,246700959,CC du Pays de la Zorn (67),false,"{67005,67058,67107,67135,67153,67166,67202,67209,67220,67225,67270,67287,67293,67312,67444,67460,67516,67530,67534,67539}",CC,2026-03-24 14:41:51.447482+01,gold_establishments_2025,,,,24670095900041,2025,Collectivité Territoriale,Intercommunalité,['Bas-Rhin'],['Grand Est'],CC,{67},{44}
70e40357-9c64-4224-83ab-624f62144166,242900553,CC du Pays des Abers (29),false,"{29015,29035,29047,29095,29101,29117,29126,29160,29195,29196,29209,29257,29290}",CC,2026-03-24 14:41:49.581307+01,gold_establishments_2025,,,,24290055300031,2025,Collectivité Territoriale,Intercommunalité,['Finistère'],['Bretagne'],CC,{29},{53}
4e2fd7de-48b0-4cb0-9ce4-9d17cdf2857d,248500530,CC du Pays des Achards (85),false,"{85016,85054,85099,85138,85152,85161,85211,85218,85236}",CC,2026-03-24 14:41:51.447482+01,gold_establishments_2025,,,,24850053000113,2025,Collectivité Territoriale,Intercommunalité,['Vendée'],['Pays de la Loire'],CC,{85},{52}
6cf85743-1310-43ed-893e-68f13a9d34b1,240500462,CC du Pays des Ecrins (05),false,"{05006,05031,05058,05101,05110,05122,05151,05180}",CC,2026-03-24 14:41:49.581307+01,gold_establishments_2025,,,,24050046200017,2025,Collectivité Territoriale,Intercommunalité,['Hautes-Alpes'],"[""Provence-Alpes-Côte d'Azur""]",CC,{05},{93}
a11d140c-a421-47c5-9602-5d0686606b7f,248500621,CC du Pays des Herbiers (85),false,"{85017,85082,85109,85144,85153,85242,85259,85301}",CC,2026-03-24 14:41:51.447482+01,gold_establishments_2025,,,,24850062100011,2025,Collectivité Territoriale,Intercommunalité,['Vendée'],['Pays de la Loire'],CC,{85},{52}
ae994a99-4570-4ecd-8a65-df7352cd1b82,240600593,CC du Pays des Paillons (06),false,"{06014,06015,06019,06031,06043,06048,06057,06077,06091,06092,06142}",CC,2026-03-24 14:41:49.581307+01,gold_establishments_2025,,,,24060059300034,2025,Collectivité Territoriale,Intercommunalité,['Alpes-Maritimes'],"[""Provence-Alpes-Côte d'Azur""]",CC,{06},{93}
1909076e-06d3-4b26-81b1-91014450f045,248400319,CC du Pays des Sorgues et des Monts de Vaucluse (84),false,"{84036,84054,84124,84132,84139}",CC,2026-03-24 14:41:51.447482+01,gold_establishments_2025,,,,24840031900039,2025,Collectivité Territoriale,Intercommunalité,['Vaucluse'],"[""Provence-Alpes-Côte d'Azur""]",CC,{84},{93}
119c931a-17bc-42a4-bb88-b8e28c12d2f0,246000855,CC du Pays des Sources (60),false,"{60011,60019,60035,60048,60053,60061,60071,60093,60099,60124,60126,60127,60160,60166,60174,60191,60192,60198,60204,60206,60227,60258,60273,60281,60292,60294,60329,60340,60350,60351,60379,60381,60383,60386,60408,60434,60449,60459,60474,60483,60499,60533,60538,60558,60621,60632,60675,60689}",CC,2026-03-24 14:41:51.447482+01,gold_establishments_2025,,,,24600085500055,2025,Collectivité Territoriale,Intercommunalité,['Oise'],['Hauts-de-France'],CC,{60},{32}
bfa750fa-d69b-4df6-a1a6-6cfa2681cdea,248000747,CC du Pays du Coquelicot (80),false,"{80003,80016,80028,80038,80043,80045,80047,80057,80059,80065,80069,80073,80095,80129,80136,80151,80153,80172,80195,80201,80203,80206,80216,80217,80231,80238,80264,80266,80295,80329,80366,80367,80384,80420,80425,80431,80451,80468,80470,80493,80498,80505,80513,80514,80523,80540,80547,80549,80560,80572,80593,80615,80640,80645,80648,80659,80705,80733,80743,80753,80756,80766,80776,80777,80807}",CC,2026-03-24 14:41:51.447482+01,gold_establishments_2025,,,,24800074700043,2025,Collectivité Territoriale,Intercommunalité,['Somme'],['Hauts-de-France'],CC,{80},{32}
d3325a58-b0f7-47de-b197-18e8185f5bc8,242700607,CC du Pays du Neubourg (27),false,"{27033,27055,27057,27118,27127,27135,27185,27187,27192,27201,27212,27215,27217,27219,27224,27241,27261,27298,27302,27320,27327,27339,27342,27354,27389,27428,27482,27486,27511,27524,27572,27576,27641,27650,27654,27658,27663,27677,27692,27695,27698}",CC,2026-03-24 14:41:49.581307+01,gold_establishments_2025,,,,24270060700151,2025,Collectivité Territoriale,Intercommunalité,['Eure'],['Normandie'],CC,{27},{28}
036f6b30-a4d0-4b3c-88fd-250438a20d83,200035772,CC du Pays du Saintois (54),false,"{54005,54032,54042,54062,54092,54094,54109,54117,54132,54142,54156,54164,54185,54203,54204,54207,54221,54224,54235,54238,54241,54247,54252,54264,54266,54268,54278,54291,54299,54307,54309,54310,54344,54399,54407,54409,54411,54417,54434,54442,54465,54473,54486,54497,54513,54516,54522,54552,54553,54554,54563,54587,54591,54592,54597}",CC,2026-03-24 14:41:49.581307+01,gold_establishments_2025,,,,20003577200017,2025,Collectivité Territoriale,Intercommunalité,['Meurthe-et-Moselle'],['Grand Est'],CC,{54},{44}
f9c27e38-0473-4d71-999f-6b87bfb22902,245400759,CC du Pays du Sanon (54),false,"{54020,54023,54026,54050,54053,54071,54074,54083,54106,54133,54139,54147,54155,54173,54176,54195,54258,54262,54285,54335,54388,54418,54445,54446,54502,54507,54541,54601}",CC,2026-03-24 14:41:51.447482+01,gold_establishments_2025,,,,24540075900032,2025,Collectivité Territoriale,Intercommunalité,['Meurthe-et-Moselle'],['Grand Est'],CC,{54},{44}
41664902-7960-4d5f-991c-d494e39024a1,240200493,CC du Pays du Vermandois (02),false,"{02029,02030,02057,02060,02061,02063,02065,02095,02100,02112,02143,02144,02240,02270,02291,02293,02296,02317,02323,02327,02330,02334,02343,02352,02355,02370,02374,02382,02390,02392,02402,02417,02426,02451,02452,02500,02511,02539,02614,02615,02618,02635,02658,02702,02703,02708,02709,02747,02772,02774,02776,02782,02785,02808}",CC,2026-03-24 14:41:49.581307+01,gold_establishments_2025,,,,24020049300031,2025,Collectivité Territoriale,Intercommunalité,['Aisne'],['Hauts-de-France'],CC,{02},{32}
53309922-3300-4103-ad70-a35634314ef9,244200630,CC du Pays entre Loire et Rhône (42),false,"{42063,42070,42077,42098,42118,42128,42153,42156,42178,42181,42212,42249,42277,42289,42293,42325}",CC,2026-03-24 14:41:51.447482+01,gold_establishments_2025,,,,24420063000014,2025,Collectivité Territoriale,Intercommunalité,['Loire'],['Auvergne-Rhône-Alpes'],CC,{42},{84}
e2c05145-f59f-4abc-8175-1c92105bf263,200006971,CC du Perche (28),false,"{28010,28016,28018,28031,28038,28072,28079,28080,28111,28144,28175,28219,28236,28252,28280,28327,28342,28378,28395,28407}",CC,2026-03-24 14:41:49.581307+01,gold_establishments_2025,,,,20000697100069,2025,Collectivité Territoriale,Intercommunalité,['Eure-et-Loir'],['Centre-Val de Loire'],CC,{28},{24}
396f6f71-7897-438f-8acd-a7d19264c8cf,200040772,CC du Perche et Haut Vendômois (41),false,"{41022,41026,41028,41037,41041,41048,41075,41088,41089,41095,41115,41116,41141,41154,41172,41175,41179,41187,41193,41196,41214,41216,41277}",CC,2026-03-24 14:41:49.581307+01,gold_establishments_2025,,,,20004077200010,2025,Collectivité Territoriale,Intercommunalité,['Loir-et-Cher'],['Centre-Val de Loire'],CC,{41},{24}
d4906ab4-0fdf-40fc-b72c-79c5141dbcbf,244200895,CC du Pilat Rhodanien (42),false,"{42018,42051,42056,42064,42124,42129,42132,42168,42191,42201,42265,42272,42326,42327}",CC,2026-03-24 14:41:51.447482+01,gold_establishments_2025,,,,24420089500054,2025,Collectivité Territoriale,Intercommunalité,['Loire'],['Auvergne-Rhône-Alpes'],CC,{42},{84}
e63e8ba1-f59b-4896-89b4-9687cf2a561e,200066280,CC du Pithiverais (45),false,"{45010,45012,45015,45038,45045,45047,45050,45065,45095,45111,45119,45133,45137,45139,45157,45162,45170,45177,45195,45198,45217,45246,45252,45253,45260,45263,45301,45310,45320,45347,45348}",CC,2026-03-24 14:41:49.581307+01,gold_establishments_2025,,,,20006628000070,2025,Collectivité Territoriale,Intercommunalité,['Loiret'],['Centre-Val de Loire'],CC,{45},{24}
ec85bdec-6a24-45ae-894a-a95d4c606b40,200071850,CC du Pithiverais-Gâtinais (45),false,"{45013,45014,45018,45021,45022,45030,45033,45035,45054,45056,45069,45110,45124,45125,45131,45132,45151,45159,45176,45186,45191,45209,45215,45220,45225,45228,45233,45237,45258,45288,45294}",CC,2026-03-24 14:41:49.581307+01,gold_establishments_2025,,,,20007185000073,2025,Collectivité Territoriale,Intercommunalité,['Loiret'],['Centre-Val de Loire'],CC,{45},{24}
f9f75428-495e-4e38-a4c6-40787c63139e,200034411,CC du Piémont Cévenol (30),false,"{30002,30050,30054,30058,30065,30068,30069,30071,30087,30093,30095,30099,30106,30119,30121,30146,30148,30150,30160,30172,30192,30200,30208,30210,30234,30252,30263,30265,30289,30300,30309,30311,30314,30349}",CC,2026-03-24 14:41:49.581307+01,gold_establishments_2025,,,,20003441100013,2025,Collectivité Territoriale,Intercommunalité,['Gard'],['Occitanie'],CC,{30},{76}
211ffe7c-8493-4695-afc8-5bd5900dac7a,246000566,CC du Plateau Picard (60),false,"{60008,60014,60034,60112,60115,60133,60137,60158,60168,60177,60179,60186,60200,60201,60216,60222,60232,60252,60262,60268,60276,60285,60357,60364,60374,60394,60396,60400,60416,60418,60440,60456,60466,60468,60495,60497,60498,60503,60515,60522,60526,60553,60556,60564,60581,60585,60595,60643,60653,60698,60701,60702}",CC,2026-03-24 14:41:51.447482+01,gold_establishments_2025,,,,24600056600025,2025,Collectivité Territoriale,Intercommunalité,['Oise'],['Hauts-de-France'],CC,{60},{32}
cf9ee1da-6dc7-4df4-9497-0e2b65218071,242504496,CC du Plateau de Frasne et du Val du Drugeon (CFD) (25),false,"{25041,25075,25079,25085,25100,25176,25202,25259,25493,25592}",CC,2026-03-24 14:41:49.581307+01,gold_establishments_2025,,,,24250449600082,2025,Collectivité Territoriale,Intercommunalité,['Doubs'],['Bourgogne-Franche-Comté'],CC,{25},{27}
a84f5561-9382-4cc3-991d-e453ce976e1c,200070787,CC du Plateau de Lannemezan (65),false,"{65028,65034,65037,65041,65054,65069,65071,65076,65081,65096,65097,65105,65111,65125,65127,65128,65135,65143,65150,65159,65162,65163,65165,65166,65167,65179,65183,65184,65190,65207,65218,65224,65231,65239,65241,65245,65258,65274,65278,65279,65294,65306,65309,65318,65322,65356,65363,65376,65377,65381,65385,65405,65419,65437,65445,65449,65456}",CC,2026-03-24 14:41:49.581307+01,gold_establishments_2025,,,,20007078700011,2025,Collectivité Territoriale,Intercommunalité,['Hautes-Pyrénées'],['Occitanie'],CC,{65},{76}
b45fbaea-7803-4c62-8cec-d314273b21f2,241200674,CC du Plateau de Montbazens (12),false,"{12003,12034,12071,12091,12108,12121,12134,12148,12181,12191,12206,12289,12290}",CC,2026-03-24 14:41:49.581307+01,gold_establishments_2025,,,,24120067400018,2025,Collectivité Territoriale,Intercommunalité,['Aveyron'],['Occitanie'],CC,{12},{76}
e9e99197-bd4b-4dd9-80d3-ad8d3d866cac,242504355,CC du Plateau de Russey (25),false,"{25042,25062,25074,25077,25148,25248,25286,25329,25351,25373,25389,25391,25421,25425,25456,25512,25522}",CC,2026-03-24 14:41:49.581307+01,gold_establishments_2025,,,,24250435500015,2025,Collectivité Territoriale,Intercommunalité,['Doubs'],['Bourgogne-Franche-Comté'],CC,{25},{27}
7094ac50-75ef-499a-9b64-f0313088f605,243000684,CC du Pont du Gard (30),false,"{30012,30085,30089,30103,30107,30116,30166,30179,30207,30212,30235,30260,30328,30340,30346}",CC,2026-03-24 14:41:51.447482+01,gold_establishments_2025,,,,24300068400015,2025,Collectivité Territoriale,Intercommunalité,['Gard'],['Occitanie'],CC,{30},{76}
87ce12f2-077a-47de-bf3f-15ab88ef6d03,200037133,CC du Provinois (77),false,"{77012,77020,77026,77032,77033,77036,77066,77072,77073,77080,77090,77109,77134,77137,77197,77239,77246,77260,77262,77272,77275,77289,77301,77319,77368,77379,77391,77396,77403,77404,77414,77418,77424,77444,77456,77459,77519,77530,77532}",CC,2026-03-24 14:41:49.581307+01,gold_establishments_2025,,,,20003713300010,2025,Collectivité Territoriale,Intercommunalité,['Seine-et-Marne'],['Île-de-France'],CC,{77},{11}
75582982-0d96-441d-baf7-ce3212473ba7,200071819,CC du Périgord Nontronnais (24),false,"{24001,24016,24056,24070,24071,24100,24101,24131,24163,24209,24214,24248,24271,24311,24328,24381,24398,24410,24411,24451,24458,24479,24498,24525,24528,24541,24548,24565}",CC,2026-03-24 14:41:49.581307+01,gold_establishments_2025,,,,20007181900011,2025,Collectivité Territoriale,Intercommunalité,['Dordogne'],['Nouvelle-Aquitaine'],CC,{24},{75}
831a6094-68de-4bdd-9fa8-d7f782c2e171,200040400,CC du Périgord Ribéracois (24),false,"{24007,24038,24057,24058,24062,24090,24097,24105,24109,24110,24114,24119,24128,24141,24144,24154,24199,24200,24216,24243,24247,24286,24303,24319,24323,24352,24367,24434,24452,24455,24460,24477,24482,24504,24508,24509,24529,24537,24553,24554,24564,24569,24573,24586}",CC,2026-03-24 14:41:49.581307+01,gold_establishments_2025,,,,20004040000018,2025,Collectivité Territoriale,Intercommunalité,['Dordogne'],['Nouvelle-Aquitaine'],CC,{24},{75}
605afc8c-e861-4c8c-a401-d991a1296ae0,200039519,CC du Quercy Blanc (46),false,"{46033,46063,46069,46103,46172,46201,46206,46262,46263}",CC,2026-03-24 14:41:49.581307+01,gold_establishments_2025,,,,20003951900018,2025,Collectivité Territoriale,Intercommunalité,['Lot'],['Occitanie'],CC,{46},{76}
9357c913-3ce1-44ce-b437-4e086250eda1,248200057,CC du Quercy Caussadais (82),false,"{82007,82037,82039,82040,82078,82092,82095,82110,82113,82119,82126,82128,82131,82148,82149,82159,82162,82174,82179}",CC,2026-03-24 14:41:51.447482+01,gold_establishments_2025,,,,24820005700037,2025,Collectivité Territoriale,Intercommunalité,['Tarn-et-Garonne'],['Occitanie'],CC,{82},{76}
f13e328d-87a1-4808-864a-44d09ca1488e,248200107,CC du Quercy Rouergue et des Gorges de l'Aveyron (81),false,"{81184,82029,82038,82041,82056,82061,82069,82082,82088,82100,82133,82137,82147,82155,82172,82187,82191}",CC,2026-03-24 14:41:51.447482+01,gold_establishments_2025,,,,24820010700014,2025,Collectivité Territoriale,Intercommunalité,"['Tarn', 'Tarn-et-Garonne']",['Occitanie'],CC,"{81,82}",{76}
abeb6bc7-5560-46dc-b9b2-eb5284442c08,240700864,CC du Rhône aux Gorges de l'Ardèche (07),false,"{07034,07042,07099,07133,07259,07264,07268,07279,07346}",CC,2026-03-24 14:41:49.581307+01,gold_establishments_2025,,,,24070086400129,2025,Collectivité Territoriale,Intercommunalité,['Ardèche'],['Auvergne-Rhône-Alpes'],CC,{07},{84}
96cb4a48-8a53-45c1-b6bc-bcf0304d611e,200030526,CC du Ried de Marckolsheim (67),false,"{67011,67040,67053,67056,67121,67187,67195,67196,67277,67281,67360,67398,67422,67453,67461,67486,67547,68110}",CC,2026-03-24 14:41:49.581307+01,gold_establishments_2025,,,,20003052600012,2025,Collectivité Territoriale,Intercommunalité,"['Bas-Rhin', 'Haut-Rhin']",['Grand Est'],CC,"{67,68}",{44}
29a825a7-03d0-4705-88b9-462ef957b392,200018406,CC du Romorantinais et du Monestois (41),false,"{41016,41038,41044,41068,41097,41110,41118,41122,41135,41157,41185,41194,41218,41222,41280,41282}",CC,2026-03-24 14:41:49.581307+01,gold_establishments_2025,,,,20001840600096,2025,Collectivité Territoriale,Intercommunalité,['Loir-et-Cher'],['Centre-Val de Loire'],CC,{41},{24}
0d155588-3d63-421d-b23f-4418ed6f8ccb,241600303,CC du Rouillacais (16),false,"{16109,16121,16123,16148,16207,16208,16221,16286,16298,16312,16320,16339,16395}",CC,2026-03-24 14:41:49.581307+01,gold_establishments_2025,,,,24160030300051,2025,Collectivité Territoriale,Intercommunalité,['Charente'],['Nouvelle-Aquitaine'],CC,{16},{75}
78254df0-da92-499d-9b84-5abb4c382f4b,200067767,CC du Royans-Vercors (26),false,"{26059,26066,26074,26117,26163,26217,26223,26270,26290,26302,26307,26309,26311,26315,26316,26320,26331,26364}",CC,2026-03-24 14:41:49.581307+01,gold_establishments_2025,,,,20006776700018,2025,Collectivité Territoriale,Intercommunalité,['Drôme'],['Auvergne-Rhône-Alpes'],CC,{26},{84}
846fe7a7-4f2e-4b4b-9732-fb7a3d0386c2,200044394,CC du Réolais en Sud Gironde (33),false,"{33002,33021,33024,33027,33031,33048,33054,33066,33072,33074,33087,33102,33111,33158,33169,33170,33171,33187,33204,33221,33250,33254,33287,33289,33291,33294,33306,33331,33346,33352,33359,33398,33403,33418,33428,33444,33453,33463,33479,33491,33508}",CC,2026-03-24 14:41:49.581307+01,gold_establishments_2025,,,,20004439400100,2025,Collectivité Territoriale,Intercommunalité,['Gironde'],['Nouvelle-Aquitaine'],CC,{33},{75}
c6988bb3-7f82-4fe3-aa49-e41948fdc61e,241200542,CC du Réquistanais (12),false,"{12015,12023,12035,12075,12092,12127,12149,12197,12207,12230,12267}",CC,2026-03-24 14:41:49.581307+01,gold_establishments_2025,,,,24120054200041,2025,Collectivité Territoriale,Intercommunalité,['Aveyron'],['Occitanie'],CC,{12},{76}
5d75a945-42a6-4cc7-a6a9-2076918234f9,245500327,CC du Sammiellois (55),false,"{55027,55054,55111,55159,55160,55229,55263,55264,55268,55312,55333,55401,55415,55444,55463,55467,55487,55521,55540}",CC,2026-03-24 14:41:51.447482+01,gold_establishments_2025,,,,24550032700011,2025,Collectivité Territoriale,Intercommunalité,['Meuse'],['Grand Est'],CC,{55},{44}
a79022bc-c482-42e3-9653-731ef58dacbb,242010130,CC du Sartenais Valinco Taravo (2A),false,"{2A018,2A021,2A035,2A038,2A071,2A115,2A118,2A127,2A128,2A129,2A160,2A189,2A211,2A249,2A272,2A284,2A310,2A349}",CC,2026-03-24 14:41:49.581307+01,gold_establishments_2025,,,,24201013000019,2025,Collectivité Territoriale,Intercommunalité,['Corse-du-Sud'],['Corse'],CC,{2A},{94}
834e9ea0-191c-478c-b815-a437126c9a7e,245701206,CC du Saulnois (57),false,"{57002,57004,57009,57010,57011,57018,57036,57040,57045,57053,57054,57059,57060,57065,57077,57081,57084,57090,57098,57099,57107,57120,57126,57130,57132,57133,57138,57141,57151,57158,57161,57166,57171,57177,57181,57182,57183,57225,57228,57232,57236,57238,57246,57247,57248,57257,57265,57266,57268,57270,57278,57281,57290,57292,57295,57335,57346,57347,57349,57353,57354,57375,57381,57391,57394,57395,57397,57399,57401,57404,57405,57406,57410,57417,57418,57423,57424,57434,57436,57440,57446,57448,57451,57470,57473,57478,57485,57486,57490,57493,57494,57496,57501,57520,57524,57525,57528,57538,57539,57555,57558,57559,57573,57580,57587,57595,57609,57621,57625,57657,57664,57674,57675,57685,57692,57702,57706,57711,57712,57719,57723,57725,57727,57753,57754,57755,57759,57763}",CC,2026-03-24 14:41:51.447482+01,gold_establishments_2025,,,,24570120600147,2025,Collectivité Territoriale,Intercommunalité,['Moselle'],['Grand Est'],CC,{57},{44}
15195749-cc58-4560-9e81-21b93d1dd027,243200599,CC du Saves (32),false,"{32051,32069,32098,32124,32138,32140,32171,32206,32213,32261,32276,32277,32284,32289,32295,32297,32308,32309,32321,32322,32336,32353,32356,32386,32387,32407,32410,32418,32420,32421,32432,32451}",CC,2026-03-24 14:41:51.447482+01,gold_establishments_2025,,,,24320059900047,2025,Collectivité Territoriale,Intercommunalité,['Gers'],['Occitanie'],CC,{32},{76}
ec2d5e66-d96f-412d-9697-ff9719eec0ec,244000659,CC du Seignanx (40),false,"{40042,40044,40209,40248,40251,40268,40273,40312}",CC,2026-03-24 14:41:51.447482+01,gold_establishments_2025,,,,24400065900015,2025,Collectivité Territoriale,Intercommunalité,['Landes'],['Nouvelle-Aquitaine'],CC,{40},{75}
80b03d45-bc0e-4b58-a5c2-0b7ec13fc4ca,200039709,CC du Serein (89),false,"{89008,89010,89012,89042,89043,89064,89092,89128,89141,89161,89183,89194,89197,89204,89207,89208,89244,89246,89259,89267,89271,89279,89290,89300,89312,89333,89339,89371,89375,89376,89377,89379,89406,89412,89431}",CC,2026-03-24 14:41:49.581307+01,gold_establishments_2025,,,,20003970900015,2025,Collectivité Territoriale,Intercommunalité,['Yonne'],['Bourgogne-Franche-Comté'],CC,{89},{27}
b59b3985-1614-44c0-8ae0-790c621c6618,200068765,CC du Sisteronais-Buëch (04),false,"{04016,04023,04026,04037,04050,04057,04075,04085,04093,04118,04123,04134,04137,04179,04207,04209,04216,04222,04228,04231,04233,05014,05016,05021,05024,05033,05047,05048,05051,05053,05070,05073,05076,05078,05081,05086,05089,05091,05094,05097,05102,05103,05117,05118,05126,05129,05135,05155,05159,05160,05165,05166,05167,05169,05172,05173,05178,26153,26154,26374}",CC,2026-03-24 14:41:49.581307+01,gold_establishments_2025,,,,20006876500011,2025,Collectivité Territoriale,Intercommunalité,"['Alpes-de-Haute-Provence', 'Hautes-Alpes', 'Drôme']",['Auvergne-Rhône-Alpes'],CC,"{04,05,26}",{84}
ac9caca4-c852-451b-8a3d-a47cdb8c2790,248100158,CC du Sor et de l'Agout (81),false,"{81001,81006,81015,81030,81050,81054,81076,81081,81084,81127,81129,81143,81160,81162,81189,81205,81219,81235,81242,81251,81270,81273,81281,81289,81312,81325}",CC,2026-03-24 14:41:51.447482+01,gold_establishments_2025,,,,24810015800034,2025,Collectivité Territoriale,Intercommunalité,['Tarn'],['Occitanie'],CC,{81},{76}
062a267d-87dd-4620-9612-11016e535aaf,200060473,CC du Sud (976),false,"{97603,97604,97606,97609}",CC,2026-03-24 14:41:49.581307+01,gold_establishments_2025,,,,20006047300010,2025,Collectivité Territoriale,Intercommunalité,['Mayotte'],['Mayotte'],CC,{976},{06}
cc83f035-fbff-4142-99ad-516688a50cc2,200043404,CC du Sud Avesnois (59),false,"{59012,59045,59198,59229,59249,59261,59420,59445,59601,59633,59659,59661}",CC,2026-03-24 14:41:49.581307+01,gold_establishments_2025,,,,20004340400017,2025,Collectivité Territoriale,Intercommunalité,['Nord'],['Hauts-de-France'],CC,{59},{32}
853cc57c-c778-4222-ab3d-b3742ccc2bac,200040764,CC du Sud Corse (2A),false,"{2A041,2A114,2A139,2A163,2A215,2A247,2A288}",CC,2026-03-24 14:41:49.581307+01,gold_establishments_2025,,,,20004076400041,2025,Collectivité Territoriale,Intercommunalité,['Corse-du-Sud'],['Corse'],CC,{2A},{94}
b7f7fe12-1283-4469-a289-f4b4af9d5640,247200421,CC du Sud Est Manceau (72),false,"{72047,72053,72058,72231,72299}",CC,2026-03-24 14:41:51.447482+01,gold_establishments_2025,,,,24720042100037,2025,Collectivité Territoriale,Intercommunalité,['Sarthe'],['Pays de la Loire'],CC,{72},{52}
f6e62816-28a4-4b2a-9591-45b7effaf61f,244400586,CC du Sud Estuaire (44),false,"{44046,44061,44116,44154,44187,44192}",CC,2026-03-24 14:41:51.447482+01,gold_establishments_2025,,,,24440058600065,2025,Collectivité Territoriale,Intercommunalité,['Loire-Atlantique'],['Pays de la Loire'],CC,{44},{52}
8dd96ba9-ba7b-4aa0-83bd-983ea709c72e,200043974,CC du Sud Gironde (33),false,"{33026,33050,33060,33068,33106,33115,33130,33164,33202,33227,33237,33251,33255,33279,33307,33310,33323,33329,33336,33357,33367,33411,33429,33432,33435,33438,33440,33457,33465,33484,33504,33510,33533,33536,33537,33543,33547}",CC,2026-03-24 14:41:49.581307+01,gold_establishments_2025,,,,20004397400019,2025,Collectivité Territoriale,Intercommunalité,['Gironde'],['Nouvelle-Aquitaine'],CC,{33},{75}
e901376b-2c27-4d7f-9866-3d3a55d7b1dd,245100979,CC du Sud Marnais (51),false,"{51010,51035,51090,51164,51165,51176,51241,51243,51248,51276,51351,51412,51432,51565}",CC,2026-03-24 14:41:51.447482+01,gold_establishments_2025,,,,24510097900054,2025,Collectivité Territoriale,Intercommunalité,['Marne'],['Grand Est'],CC,{51},{44}
2dadd974-2258-4d9a-9e1b-f612776138e0,200039907,CC du Sud Messin (57),false,"{57020,57037,57057,57075,57116,57127,57137,57139,57218,57220,57231,57251,57392,57403,57422,57425,57472,57527,57532,57547,57548,57554,57572,57605,57617,57643,57652,57653,57655,57671,57676,57708,57715,57737}",CC,2026-03-24 14:41:49.581307+01,gold_establishments_2025,,,,20003990700056,2025,Collectivité Territoriale,Intercommunalité,['Moselle'],['Grand Est'],CC,{57},{44}
f3560330-3d5b-4186-ae07-c5033f3db7c0,249000241,CC du Sud Territoire (90),false,"{90009,90014,90018,90019,90024,90025,90027,90028,90030,90033,90043,90045,90046,90051,90053,90055,90056,90063,90064,90070,90081,90083,90090,90095,90096,90101,90105}",CC,2026-03-24 14:41:51.447482+01,gold_establishments_2025,,,,24900024100029,2025,Collectivité Territoriale,Intercommunalité,['Territoire de Belfort'],['Bourgogne-Franche-Comté'],CC,{90},{27}
8aadf24c-59dd-4528-b0be-09b0c2b4689c,200035442,CC du Sud-Artois (62),false,"{62002,62005,62006,62064,62068,62079,62080,62082,62093,62096,62103,62117,62121,62122,62129,62131,62181,62185,62189,62223,62248,62259,62272,62285,62306,62326,62341,62343,62353,62374,62375,62387,62406,62410,62421,62422,62440,62493,62494,62515,62561,62572,62591,62593,62594,62597,62608,62619,62672,62708,62715,62731,62733,62754,62776,62777,62800,62829,62830,62839,62840,62855,62876,62909}",CC,2026-03-24 14:41:49.581307+01,gold_establishments_2025,,,,20003544200017,2025,Collectivité Territoriale,Intercommunalité,['Pas-de-Calais'],['Hauts-de-France'],CC,{62},{32}
6411eab6-df21-4aad-b5b7-872c40a82db5,200069672,CC du Ternois (62),false,"{62036,62047,62058,62060,62061,62071,62101,62109,62114,62137,62143,62154,62158,62163,62166,62171,62180,62182,62187,62234,62238,62258,62260,62283,62299,62301,62303,62333,62337,62339,62340,62342,62344,62345,62346,62348,62352,62361,62367,62370,62381,62396,62411,62416,62433,62435,62436,62442,62450,62451,62462,62467,62468,62513,62514,62518,62519,62539,62553,62558,62576,62577,62580,62581,62590,62600,62601,62607,62616,62631,62633,62641,62652,62655,62665,62668,62669,62683,62686,62717,62722,62732,62740,62763,62767,62791,62795,62797,62805,62808,62809,62813,62818,62822,62831,62833,62835,62838,62859,62881,62883,62891,80810}",CC,2026-03-24 14:41:49.581307+01,gold_establishments_2025,,,,20006967200174,2025,Collectivité Territoriale,Intercommunalité,"['Pas-de-Calais', 'Somme']",['Hauts-de-France'],CC,"{62,80}",{32}
21957dcb-de52-43fa-8117-3bbb99359f72,200070951,CC du Territoire Nord Picardie (80),false,"{80005,80042,80044,80055,80056,80060,80066,80068,80070,80071,80077,80085,80086,80089,80108,80113,80122,80140,80168,80202,80207,80208,80243,80245,80253,80270,80310,80316,80351,80369,80377,80381,80392,80427,80439,80440,80445,80491,80495,80503,80526,80544,80550,80553,80562,80563,80565,80566,80584,80596,80602,80614,80624,80642,80661,80666,80686,80697,80704,80746,80749,80773,80792,80798,80819}",CC,2026-03-24 14:41:49.581307+01,gold_establishments_2025,,,,20007095100013,2025,Collectivité Territoriale,Intercommunalité,['Somme'],['Hauts-de-France'],CC,{80},{32}
30cb3928-620f-49ec-9cf6-c9625934ed03,245501176,CC du Territoire de Fresnes-en-Woëvre (55),false,"{55021,55060,55121,55157,55163,55172,55198,55228,55232,55237,55242,55243,55265,55281,55311,55317,55320,55360,55363,55399,55406,55429,55439,55457,55465,55473,55507,55515,55557,55565,55579,55583}",CC,2026-03-24 14:41:51.447482+01,gold_establishments_2025,,,,24550117600011,2025,Collectivité Territoriale,Intercommunalité,['Meuse'],['Grand Est'],CC,{55},{44}
2f6a096c-80a9-454e-ab7e-2b49ad0fdabb,200070324,CC du Territoire de Lunéville à Baccarat (54),false,"{54038,54039,54061,54065,54101,54116,54125,54148,54154,54199,54201,54206,54209,54217,54229,54243,54255,54260,54281,54287,54292,54297,54303,54329,54331,54349,54350,54365,54373,54393,54422,54449,54450,54472,54519,54520,54539,54543,54550,54555,54560,54588,54595}",CC,2026-03-24 14:41:49.581307+01,gold_establishments_2025,,,,20007032400013,2025,Collectivité Territoriale,Intercommunalité,['Meurthe-et-Moselle'],['Grand Est'],CC,{54},{44}
01417086-d9cb-4288-83f7-446d6ac0c309,247900798,CC du Thouarsais (79),false,"{79014,79056,79063,79102,79134,79157,79159,79161,79167,79196,79203,79209,79244,79250,79252,79258,79259,79265,79274,79277,79299,79300,79329,79331}",CC,2026-03-24 14:41:51.447482+01,gold_establishments_2025,,,,24790079800031,2025,Collectivité Territoriale,Intercommunalité,['Deux-Sèvres'],['Nouvelle-Aquitaine'],CC,{79},{75}
e36a5470-9c26-4e34-90d9-ed84c7d3699a,200041861,CC du Triangle Vert (70),false,"{70001,70004,70007,70040,70067,70077,70081,70111,70115,70140,70141,70155,70162,70164,70186,70188,70195,70199,70213,70250,70263,70294,70303,70304,70322,70344,70351,70364,70390,70416,70432,70445,70470,70478,70490,70516,70537,70541,70555,70563,70564,70571}",CC,2026-03-24 14:41:49.581307+01,gold_establishments_2025,,,,20004186100010,2025,Collectivité Territoriale,Intercommunalité,['Haute-Saône'],['Bourgogne-Franche-Comté'],CC,{70},{27}
4d6bda52-3f23-4fe6-97e3-1aee1239fa64,200030658,CC du Trièves (38),false,"{38023,38090,38103,38113,38115,38127,38186,38204,38208,38226,38242,38243,38301,38321,38342,38355,38366,38391,38403,38419,38424,38429,38438,38456,38492,38513,38514}",CC,2026-03-24 14:41:49.581307+01,gold_establishments_2025,,,,20003065800013,2025,Collectivité Territoriale,Intercommunalité,['Isère'],['Auvergne-Rhône-Alpes'],CC,{38},{84}
a6c761c4-b843-44fc-b865-7f52e5c9de54,200041887,CC du Val Marnaysien (25),false,"{25055,25101,25150,25162,25164,25172,25217,25225,25235,25257,25317,25326,25332,25374,25383,25414,25455,25482,25510,25536,25622,70045,70048,70057,70060,70075,70092,70102,70119,70126,70142,70150,70181,70192,70193,70268,70286,70327,70334,70353,70374,70410,70494,70509,70578}",CC,2026-03-24 14:41:49.581307+01,gold_establishments_2025,,,,20004188700015,2025,Collectivité Territoriale,Intercommunalité,"['Doubs', 'Haute-Saône']",['Bourgogne-Franche-Comté'],CC,"{25,70}",{27}
ed7cad57-d321-4672-988e-f2ce4f0e2efd,200043065,CC du Val d'Amboise (37),false,"{37003,37043,37060,37131,37138,37158,37161,37163,37166,37171,37185,37230,37236,37252}",CC,2026-03-24 14:41:49.581307+01,gold_establishments_2025,,,,20004306500016,2025,Collectivité Territoriale,Intercommunalité,['Indre-et-Loire'],['Centre-Val de Loire'],CC,{37},{24}
8df9544a-093e-40f9-ae54-14804aa8cf33,243900420,CC du Val d'Amour (39),false,"{39026,39037,39048,39093,39095,39117,39149,39176,39206,39249,39259,39305,39350,39365,39370,39399,39403,39439,39502,39520,39546,39559,39565,39569}",CC,2026-03-24 14:41:51.447482+01,gold_establishments_2025,,,,24390042000106,2025,Collectivité Territoriale,Intercommunalité,['Jura'],['Bourgogne-Franche-Comté'],CC,{39},{27}
3f2a88ea-9cfc-4c8e-ae0d-b6b450ff37e2,246800395,CC du Val d'Argent (68),false,"{68185,68283,68294,68298}",CC,2026-03-24 14:41:51.447482+01,gold_establishments_2025,,,,24680039500021,2025,Collectivité Territoriale,Intercommunalité,['Haut-Rhin'],['Grand Est'],CC,{68},{44}
613e323c-3111-4b8a-ba86-65e0ce0024d4,240700716,CC du Val d'Ay (07),false,"{07128,07185,07205,07250,07285,07292,07299,07309}",CC,2026-03-24 14:41:49.581307+01,gold_establishments_2025,,,,24070071600071,2025,Collectivité Territoriale,Intercommunalité,['Ardèche'],['Auvergne-Rhône-Alpes'],CC,{07},{84}
b9ba0e3f-cc4e-4f72-a62e-48dc47dfb219,249100546,CC du Val d'Essonne (CCVE) (91),false,"{91037,91045,91047,91129,91135,91159,91198,91204,91232,91244,91293,91315,91332,91386,91441,91468,91473,91579,91639,91648,91649}",CC,2026-03-24 14:41:51.447482+01,gold_establishments_2025,,,,24910054600046,2025,Collectivité Territoriale,Intercommunalité,['Essonne'],['Île-de-France'],CC,{91},{11}
b0e186d2-c635-4a95-b72b-79a09e331184,246100390,CC du Val d'Orne (61),false,"{61028,61084,61137,61158,61189,61199,61227,61265,61267,61273,61290,61308,61339,61361,61402,61408,61512}",CC,2026-03-24 14:41:51.447482+01,gold_establishments_2025,,,,24610039000102,2025,Collectivité Territoriale,Intercommunalité,['Orne'],['Normandie'],CC,{61},{28}
80eac3a0-3469-4762-a852-63bf035a6341,200018521,CC du Val de Bouzanne (36),false,"{36030,36056,36078,36084,36108,36110,36111,36120,36129,36133,36141,36226}",CC,2026-03-24 14:41:49.581307+01,gold_establishments_2025,,,,20001852100019,2025,Collectivité Territoriale,Intercommunalité,['Indre'],['Centre-Val de Loire'],CC,{36},{24}
db969e35-8a99-4ac9-a220-948126571389,240300566,CC du Val de Cher (03),false,"{03010,03111,03158,03193,03213,03297,03301}",CC,2026-03-24 14:41:49.581307+01,gold_establishments_2025,,,,24030056600041,2025,Collectivité Territoriale,Intercommunalité,['Allier'],['Auvergne-Rhône-Alpes'],CC,{03},{84}
ebe2802b-950c-4c96-a644-577302e30b98,242600252,CC du Val de Drôme en Biovallée (26),false,"{26006,26007,26020,26021,26035,26065,26097,26098,26115,26125,26128,26134,26137,26141,26144,26165,26166,26185,26195,26208,26214,26221,26240,26241,26277,26336,26344,26346,26365}",CC,2026-03-24 14:41:49.581307+01,gold_establishments_2025,,,,24260025200140,2025,Collectivité Territoriale,Intercommunalité,['Drôme'],['Auvergne-Rhône-Alpes'],CC,{26},{84}
04c0dd48-8b86-4096-aa7a-a837d53ab352,242504116,CC du Val de Morteau (25),false,"{25050,25160,25240,25285,25296,25321,25403,25411}",CC,2026-03-24 14:41:49.581307+01,gold_establishments_2025,,,,24250411600011,2025,Collectivité Territoriale,Intercommunalité,['Doubs'],['Bourgogne-Franche-Comté'],CC,{25},{27}
d9cdeedc-b0e3-462f-8da9-a87dde1e1260,247200629,CC du Val de Sarthe (72),false,"{72051,72075,72127,72131,72133,72146,72169,72179,72195,72230,72253,72293,72339,72344,72346,72381}",CC,2026-03-24 14:41:51.447482+01,gold_establishments_2025,,,,24720062900076,2025,Collectivité Territoriale,Intercommunalité,['Sarthe'],['Pays de la Loire'],CC,{72},{52}
fb1c7b34-9a55-468f-9d04-8e6cd9655c4c,248000499,CC du Val de Somme (80),false,"{80036,80052,80112,80138,80156,80159,80184,80192,80212,80234,80338,80350,80376,80411,80412,80426,80429,80458,80461,80463,80507,80530,80569,80634,80672,80693,80694,80769,80774,80784,80785,80799,80820}",CC,2026-03-24 14:41:51.447482+01,gold_establishments_2025,,,,24800049900025,2025,Collectivité Territoriale,Intercommunalité,['Somme'],['Hauts-de-France'],CC,{80},{32}
e8782e99-14c6-4b30-a684-7f680db0f29e,200070100,CC du Val de Sully (45),false,"{45039,45042,45051,45063,45122,45153,45164,45171,45184,45226,45244,45268,45270,45277,45297,45315,45331,45336,45340}",CC,2026-03-24 14:41:49.581307+01,gold_establishments_2025,,,,20007010000017,2025,Collectivité Territoriale,Intercommunalité,['Loiret'],['Centre-Val de Loire'],CC,{45},{24}
5e8ba27d-cc43-4a70-9ec0-f6963814d4bc,248719288,CC du Val de Vienne (87),false,"{87001,87015,87021,87025,87081,87166,87177,87188,87191}",CC,2026-03-24 14:41:51.447482+01,gold_establishments_2025,,,,24871928800164,2025,Collectivité Territoriale,Intercommunalité,['Haute-Vienne'],['Nouvelle-Aquitaine'],CC,{87},{75}
96d896e1-89d8-4cd7-bbf8-a908037f9346,240200501,CC du Val de l'Aisne (02),false,"{02008,02010,02036,02054,02091,02110,02118,02120,02129,02131,02148,02152,02167,02174,02176,02179,02190,02195,02198,02210,02224,02230,02255,02263,02393,02400,02421,02427,02432,02439,02464,02487,02490,02520,02523,02537,02551,02577,02581,02589,02612,02620,02633,02682,02698,02715,02730,02735,02739,02758,02763,02766,02773,02797,02817,02829}",CC,2026-03-24 14:41:49.581307+01,gold_establishments_2025,,,,24020050100130,2025,Collectivité Territoriale,Intercommunalité,['Aisne'],['Hauts-de-France'],CC,{02},{32}
b3d75d4f-2a78-4976-9151-1b8a6536773c,243301405,CC du Val de l'Eyre (33),false,"{33029,33042,33260,33436,33498}",CC,2026-03-24 14:41:51.447482+01,gold_establishments_2025,,,,24330140500011,2025,Collectivité Territoriale,Intercommunalité,['Gironde'],['Nouvelle-Aquitaine'],CC,{33},{75}
15846a42-5b9e-42ce-a0f2-27c036a051bf,200040426,CC du Val de l'Oise (02),false,"{02009,02066,02075,02123,02124,02149,02170,02184,02287,02306,02345,02380,02387,02446,02483,02503,02532,02552,02575,02592,02605,02636,02639,02640,02648,02717,02721,02732,02741,02756,02775,02813}",CC,2026-03-24 14:41:49.581307+01,gold_establishments_2025,,,,20004042600013,2025,Collectivité Territoriale,Intercommunalité,['Aisne'],['Hauts-de-France'],CC,{02},{32}
b9656bd5-4af6-41fc-b559-150de7296150,246600373,CC du Vallespir (66),false,"{66001,66024,66049,66063,66106,66137,66160,66178,66199,66233}",CC,2026-03-24 14:41:51.447482+01,gold_establishments_2025,,,,24660037300087,2025,Collectivité Territoriale,Intercommunalité,['Pyrénées-Orientales'],['Occitanie'],CC,{66},{76}
25a4fe20-3c8d-4dc5-98db-ea462f5072eb,200071843,CC du Vexin Normand (27),false,"{27010,27026,27045,27059,27066,27067,27152,27153,27176,27199,27204,27226,27232,27276,27284,27304,27310,27324,27333,27372,27379,27392,27405,27417,27420,27426,27430,27437,27445,27480,27490,27533,27567,27614,27617,27632,27633,27682,27690}",CC,2026-03-24 14:41:49.581307+01,gold_establishments_2025,,,,20007184300060,2025,Collectivité Territoriale,Intercommunalité,['Eure'],['Normandie'],CC,{27},{28}
9e6e407e-ec33-41d3-96a2-2796263a03de,246000707,CC du Vexin-Thelle (60),false,"{60089,60090,60095,60097,60140,60143,60169,60195,60208,60209,60211,60228,60239,60257,60293,60319,60322,60327,60352,60356,60361,60363,60367,60401,60411,60412,60420,60487,60510,60528,60613,60614,60630,60640,60644,60645,60659}",CC,2026-03-24 14:41:51.447482+01,gold_establishments_2025,,,,24600070700090,2025,Collectivité Territoriale,Intercommunalité,['Oise'],['Hauts-de-France'],CC,{60},{32}
35635231-fbaa-45e6-a934-965728773da5,249500513,CC du Vexin-Val de Seine (95),false,"{95008,95011,95012,95024,95046,95101,95119,95139,95141,95150,95157,95270,95301,95309,95355,95379,95429,95462,95523,95541,95543,95554,95651,95656,95676,95690}",CC,2026-03-24 14:41:51.447482+01,gold_establishments_2025,,,,24950051300034,2025,Collectivité Territoriale,Intercommunalité,"[""Val-d'Oise""]",['Île-de-France'],CC,{95},{11}
8ac28da7-f5d9-4766-84b5-b5f480c2e4d0,200070944,CC du Vimeu (80),false,"{80004,80008,80076,80096,80124,80161,80190,80280,80308,80360,80368,80388,80444,80527,80546,80578,80597,80603,80654,80764,80765,80770,80775,80827,80834}",CC,2026-03-24 14:41:49.581307+01,gold_establishments_2025,,,,20007094400018,2025,Collectivité Territoriale,Intercommunalité,['Somme'],['Hauts-de-France'],CC,{80},{32}
ca83679d-5bbe-4af4-8b5f-fa72780666ef,200066819,CC du Volvestre (31),false,"{31047,31071,31103,31104,31107,31111,31219,31225,31226,31258,31261,31267,31272,31279,31280,31286,31303,31312,31320,31326,31334,31361,31365,31375,31379,31399,31416,31455,31474,31492,31517,31525}",CC,2026-03-24 14:41:49.581307+01,gold_establishments_2025,,,,20006681900018,2025,Collectivité Territoriale,Intercommunalité,['Haute-Garonne'],['Occitanie'],CC,{31},{76}
ffe8ef40-ad2f-4f92-b96e-a152cfe29428,245701164,CC du Warndt (57),false,"{57087,57160,57274,57288,57696}",CC,2026-03-24 14:41:51.447482+01,gold_establishments_2025,,,,24570116400056,2025,Collectivité Territoriale,Intercommunalité,['Moselle'],['Grand Est'],CC,{57},{44}
1f911e1a-5fe0-4e20-b088-b6cee4a07701,200058360,CC entre Beauce et Perche (28),false,"{28021,28040,28041,28067,28081,28091,28099,28116,28139,28142,28148,28154,28166,28167,28196,28203,28222,28225,28234,28242,28261,28272,28290,28302,28324,28326,28333,28336,28339,28350,28385,28409,28414}",CC,2026-03-24 14:41:49.581307+01,gold_establishments_2025,,,,20005836000013,2025,Collectivité Territoriale,Intercommunalité,['Eure-et-Loir'],['Centre-Val de Loire'],CC,{28},{24}
f6e82dff-8ee1-40b5-adbb-e05dd3979ec4,242500320,CC entre Doubs et Loue (25),false,"{25012,25024,25025,25029,25099,25139,25271,25357,25390,25440,25487,25517}",CC,2026-03-24 14:41:49.581307+01,gold_establishments_2025,,,,24250032000013,2025,Collectivité Territoriale,Intercommunalité,['Doubs'],['Bourgogne-Franche-Comté'],CC,{25},{27}
7723c5fb-d2c3-4b51-b0d3-48acd51addbc,200069722,CC interrégionale Aumale - Blangy-sur-Bresle (76),false,"{76028,76029,76035,76059,76101,76154,76166,76186,76199,76211,76233,76257,76278,76333,76344,76363,76372,76381,76411,76441,76460,76479,76500,76520,76523,76527,76528,76537,76598,76606,76612,76645,76739,76744,80104,80120,80126,80362,80500,80518,80662,80710,80760,80809}",CC,2026-03-24 14:41:49.581307+01,gold_establishments_2025,,,,20006972200011,2025,Collectivité Territoriale,Intercommunalité,"['Seine-Maritime', 'Somme']",['Normandie'],CC,"{76,80}",{28}
1de9185c-5806-4fae-b555-50b725463c39,247700644,CC l'Orée de la Brie (77),false,"{77053,77114,77450,91631}",CC,2026-03-24 14:41:51.447482+01,gold_establishments_2025,,,,24770064400039,2025,Collectivité Territoriale,Intercommunalité,"['Seine-et-Marne', 'Essonne']",['Île-de-France'],CC,"{77,91}",{11}
0280840d-038a-49f9-9c27-1d13890c81ee,200069599,CC rurales de l'Entre-Deux-Mers (33),false,"{33008,33025,33043,33044,33057,33103,33105,33112,33117,33121,33129,33131,33135,33136,33139,33149,33150,33163,33175,33189,33215,33224,33258,33275,33278,33283,33292,33299,33304,33345,33353,33358,33372,33379,33399,33400,33404,33419,33427,33443,33446,33464,33481,33482,33506,33515,33516,33520,33523}",CC,2026-03-24 14:41:49.581307+01,gold_establishments_2025,,,,20006959900013,2025,Collectivité Territoriale,Intercommunalité,['Gironde'],['Nouvelle-Aquitaine'],CC,{33},{75}
94d5cb52-16ef-4736-b799-0e71d1245084,200040558,CC Écueillé-Valençay (36),false,"{36069,36077,36080,36082,36086,36090,36092,36103,36107,36155,36166,36216,36228,36233,36235,36237,36243,36244}",CC,2026-03-24 14:41:49.581307+01,gold_establishments_2025,,,,20004055800054,2025,Collectivité Territoriale,Intercommunalité,['Indre'],['Centre-Val de Loire'],CC,{36},{24}
ad41e14d-4dcb-4950-82ae-c147f10ae1a0,200068872,CC Éguzon - Argenton - Vallée de la Creuse (36),false,"{36006,36012,36014,36022,36032,36033,36042,36048,36062,36070,36081,36117,36131,36154,36158,36160,36161,36192,36200,36219,36231}",CC,2026-03-24 14:41:49.581307+01,gold_establishments_2025,,,,20006887200015,2025,Collectivité Territoriale,Intercommunalité,['Indre'],['Centre-Val de Loire'],CC,{36},{24}
1d542066-47d8-4812-88ea-4596a77692f4,200066512,CC Élan Limousin Avenir Nature (87),false,"{87002,87013,87014,87016,87022,87023,87033,87047,87067,87068,87076,87079,87083,87103,87107,87122,87152,87157,87159,87178,87181,87183,87197,87198}",CC,2026-03-24 14:41:49.581307+01,gold_establishments_2025,,,,20006651200019,2025,Collectivité Territoriale,Intercommunalité,['Haute-Vienne'],['Nouvelle-Aquitaine'],CC,{87},{75}
8a353419-3f0f-4584-9443-f4778f6cf8a8,244900015,CU Angers Loire Métropole (49),false,"{49007,49015,49020,49028,49035,49048,49055,49129,49130,49135,49200,49214,49223,49241,49246,49267,49271,49278,49294,49298,49306,49307,49323,49326,49329,49338,49339,49353,49377}",CU,2026-03-24 14:41:51.447482+01,gold_establishments_2025,,,,24490001500011,2025,Collectivité Territoriale,Intercommunalité,['Maine-et-Loire'],['Pays de la Loire'],CU,{49},{52}
f92258f9-76de-4cd8-b2a5-d2dfa65f05a6,200065597,CU Caen la Mer (14),false,"{14030,14060,14068,14076,14092,14098,14101,14118,14123,14125,14137,14166,14167,14181,14215,14221,14242,14254,14271,14288,14301,14319,14325,14327,14341,14365,14383,14407,14437,14454,14488,14495,14538,14542,14543,14554,14556,14558,14566,14587,14610,14666,14675,14685,14707,14712,14738,14758}",CU,2026-03-24 14:41:49.581307+01,gold_establishments_2025,,,,20006559700011,2025,Collectivité Territoriale,Intercommunalité,['Calvados'],['Normandie'],CU,{14},{28}
67b396bb-5e83-4ee9-9414-0c41316153e4,242500361,CU Grand Besançon Métropole (25),false,"{25014,25030,25035,25036,25056,25058,25073,25084,25086,25103,25105,25111,25112,25115,25117,25119,25133,25136,25147,25152,25153,25186,25195,25197,25200,25212,25245,25258,25265,25267,25287,25328,25364,25368,25371,25376,25381,25395,25397,25410,25418,25427,25429,25438,25444,25448,25454,25466,25467,25473,25477,25495,25502,25527,25532,25542,25557,25560,25561,25564,25575,25594,25598,25611,25612,25616,25631}",CU,2026-03-24 14:41:49.581307+01,gold_establishments_2025,,,,24250036100017,2025,Collectivité Territoriale,Intercommunalité,['Doubs'],['Bourgogne-Franche-Comté'],CU,{25},{27}
d47448c9-494a-4a5b-85bc-a62582a37665,200059889,CU Grand Paris Seine et Oise (78),false,"{78005,78010,78015,78020,78029,78031,78033,78070,78090,78104,78113,78118,78123,78138,78140,78172,78202,78206,78217,78227,78230,78231,78234,78238,78239,78245,78246,78261,78267,78281,78290,78291,78296,78299,78300,78314,78317,78324,78325,78327,78329,78335,78354,78361,78362,78384,78391,78401,78402,78403,78416,78431,78437,78440,78451,78460,78466,78484,78498,78501,78528,78531,78536,78567,78597,78608,78609,78624,78638,78642,78643,78647,78672}",CU,2026-03-24 14:41:49.581307+01,gold_establishments_2025,,,,20005988900010,2025,Collectivité Territoriale,Intercommunalité,['Yvelines'],['Île-de-France'],CU,{78},{11}
3f835fed-0065-4c69-81b6-6c590c909131,247100290,CU Le Creusot Montceau-les-Mines (71),false,"{71038,71040,71059,71103,71132,71153,71187,71191,71212,71222,71278,71282,71286,71306,71309,71310,71320,71321,71346,71347,71356,71390,71412,71413,71435,71436,71465,71468,71477,71479,71482,71486,71499,71540}",CU,2026-03-24 14:41:51.447482+01,gold_establishments_2025,,,,24710029000011,2025,Collectivité Territoriale,Intercommunalité,['Saône-et-Loire'],['Bourgogne-Franche-Comté'],CU,{71},{27}
b490df1a-283e-4adb-939c-09113cbded35,200084952,CU Le Havre Seine Métropole (76),false,"{76014,76017,76064,76079,76117,76167,76169,76196,76206,76238,76239,76250,76254,76268,76270,76275,76296,76303,76305,76307,76314,76341,76351,76357,76361,76404,76409,76447,76477,76481,76489,76501,76508,76522,76533,76534,76551,76552,76563,76586,76595,76596,76609,76615,76616,76647,76657,76658,76660,76693,76714,76716,76734,76741}",CU,2026-03-24 14:41:49.581307+01,gold_establishments_2025,,,,20008495200015,2025,Collectivité Territoriale,Intercommunalité,['Seine-Maritime'],['Normandie'],CU,{76},{28}
518d80bd-af55-40b7-89a7-1054f69a5682,247200132,CU Le Mans Métropole (72),false,"{72001,72003,72008,72054,72065,72073,72095,72129,72130,72181,72198,72213,72247,72257,72260,72280,72320,72328,72360,72386}",CU,2026-03-24 14:41:51.447482+01,gold_establishments_2025,,,,24720013200014,2025,Collectivité Territoriale,Intercommunalité,['Sarthe'],['Pays de la Loire'],CU,{72},{52}
13e194d0-e929-497c-8c3e-d426434eabcc,248719312,CU Limoges Métropole (87),false,"{87005,87019,87020,87038,87048,87050,87063,87065,87075,87085,87113,87114,87118,87125,87143,87156,87192,87201,87202,87205}",CU,2026-03-24 14:41:51.447482+01,gold_establishments_2025,,,,24871931200162,2025,Collectivité Territoriale,Intercommunalité,['Haute-Vienne'],['Nouvelle-Aquitaine'],CU,{87},{75}
3efa0bbd-8e12-4e93-bebf-a83ce7f57c35,200027183,CU Perpignan Méditerranée Métropole (66),false,"{66012,66014,66017,66021,66028,66030,66037,66038,66041,66042,66058,66069,66071,66101,66118,66127,66136,66138,66140,66144,66145,66164,66172,66174,66176,66180,66182,66186,66189,66195,66205,66212,66213,66224,66227,66228,66231}",CU,2026-03-24 14:41:49.581307+01,gold_establishments_2025,,,,20002718300017,2025,Collectivité Territoriale,Intercommunalité,['Pyrénées-Orientales'],['Occitanie'],CU,{66},{76}
3b8209f8-39ee-454b-aeae-a84cb6d97e02,246100663,CU d'Alençon (61),false,"{61001,61077,61107,61111,61117,61141,61143,61165,61182,61203,61213,61224,61228,61234,61263,61279,61321,61341,61350,61372,61382,61384,61397,61433,61467,61497,72006,72056,72076,72137,72308}",CU,2026-03-24 14:41:51.447482+01,gold_establishments_2025,,,,24610066300011,2025,Collectivité Territoriale,Intercommunalité,"['Orne', 'Sarthe']",['Normandie'],CU,"{61,72}",{28}
0d2f41ca-f663-4175-8bee-411b20ce0817,200033579,CU d'Arras (62),false,"{62004,62007,62013,62037,62041,62042,62073,62085,62097,62099,62144,62146,62147,62151,62152,62172,62263,62290,62320,62323,62324,62331,62332,62369,62392,62426,62428,62557,62568,62582,62589,62609,62611,62689,62712,62714,62718,62744,62753,62761,62764,62810,62817,62869,62873,62892}",CU,2026-03-24 14:41:49.581307+01,gold_establishments_2025,,,,20003357900018,2025,Collectivité Territoriale,Intercommunalité,['Pas-de-Calais'],['Hauts-de-France'],CU,{62},{32}
4ac136f3-2716-402c-b3e9-74108f6b7aba,245900428,CU de Dunkerque (59),false,"{59016,59094,59107,59131,59155,59159,59183,59260,59271,59272,59273,59340,59359,59532,59576,59588,59668}",CU,2026-03-24 14:41:51.447482+01,gold_establishments_2025,,,,24590042800013,2025,Collectivité Territoriale,Intercommunalité,['Nord'],['Hauts-de-France'],CU,{59},{32}
b881a74a-aa1a-4a30-ab79-549e8f9aca4e,200069854,CU du Grand Poitiers (86),false,"{86019,86024,86027,86028,86031,86041,86045,86058,86062,86070,86080,86083,86088,86091,86095,86100,86114,86115,86116,86124,86133,86135,86139,86157,86158,86163,86194,86198,86202,86213,86214,86222,86226,86239,86244,86253,86256,86261,86268,86297}",CU,2026-03-24 14:41:49.581307+01,gold_establishments_2025,,,,20006985400293,2025,Collectivité Territoriale,Intercommunalité,['Vienne'],['Nouvelle-Aquitaine'],CU,{86},{75}
46229d56-4082-4133-b874-24e276218120,200067213,CU du Grand Reims (51),false,"{51012,51013,51014,51019,51020,51025,51037,51043,51044,51046,51051,51052,51054,51055,51058,51061,51069,51072,51073,51074,51075,51077,51081,51086,51088,51089,51101,51102,51105,51109,51111,51112,51115,51118,51140,51145,51152,51171,51172,51177,51181,51183,51187,51188,51190,51194,51198,51201,51216,51225,51232,51245,51250,51267,51282,51291,51293,51294,51299,51305,51308,51309,51310,51314,51318,51321,51329,51333,51337,51338,51348,51362,51364,51365,51375,51379,51382,51391,51403,51414,51418,51422,51428,51429,51437,51439,51440,51444,51445,51447,51448,51449,51450,51454,51461,51464,51466,51468,51471,51474,51477,51479,51484,51487,51493,51503,51505,51517,51518,51523,51527,51529,51530,51532,51534,51536,51562,51568,51569,51571,51573,51577,51580,51581,51582,51584,51586,51591,51599,51600,51604,51613,51614,51622,51623,51624,51629,51631,51633,51636,51657,51660,51662}",CU,2026-03-24 14:41:49.581307+01,gold_establishments_2025,,,,20006721300013,2025,Collectivité Territoriale,Intercommunalité,['Marne'],['Grand Est'],CU,{51},{44}
65080c31-fddb-4325-b530-3e136ee5c659,180020026,Cdc,false,"{28099,80666,70169,17404,32427,35009,19105,09012,34333,02250,65296,88233,21283,2B283,40105,80270,33547,89160,76058,34225,90099,78383,13109,69266,26071,27537,09103,62193,53148,14606,55296,60275,15166,97411,72003,45291,80299,16267,52400,05181,50378,11289,60124,72165,18138,16045,11038,08402,44027,44151,15082,52053,51307,50069,24147,68247,55179,77501,67244,23225,81180,61169,74275,62050,56110,18164,90047,09072,59343,39354,63048,24407,42329,35005,66075,32093,45167,11036,31541,95480,46180,38015,81072,89148,2B126,81029,02337,22220,05152,07148,07187,17140,09294,43222,74162,39179,63276,36240,09084,55236,26282,69228,49302,15189,37230,2A004,81058,76654,30107,80600,59528,54372,36215,46009,18025,08297,50490,25473,70284,25066,10011,89351,55068,10060,22330,50374,10391,71572,10063,80678,83119,12111,51460,38299,14100,53180,51357,17378,74233,35010,55044,95258,76231,87024,82056,55304,57649,73309,05091,27696,43049,59523,65157,71235,49120,39270,70401,27192,46042,38176,59287,61103,56125,69175,77474,18200,51521,08308,80509,14755,57676,53248,32180,91639,13100,31186,32225,50393,80631,80552,62676,02306,08161,67532,78513,31348,12198,88053,38229,73132,22314,88226,55191,87183,76559,86129,26018,11034,80557,62581,21344,38192,10108,07218,22177,64514,31056,09078,34066,73137,39059,54186,60357,82131,30287,84092,39478,38118,76169,32466,33035,82060,02716,77487,33046,59032,02347,31322,80353,88350,85135,28418,86125,31510,36184,76371,80115,16208,52079,86210,62577,24152,28332,21492,80263,35016,88349,07086,97403,21003,36202,09156,25333,53011,63043,57696,74031,42241,91433,52464,85038,62271,82026,45029,95214,25293,48121,76720,78234,36012,29086,47239,82173,11330,33520,54229,33351,41192,36179,55077,51091,07208,48025,67235,31520,62712,26238,18139,27520,80055,02824,52411,84020,97405,79152,61002,80345,85184,46068,61288,15046,12246,35292,51510,69054,40003,24071,67429,17369,63075,73086,65202,06055,66153,67395,64219,64146,03119,65003,88348,89339,63247,35352,02199,02671,48016,88013,65076,58058,76284,35132,93078,84048,62264,38344,70347,60136,23080,02705,27543,59038,54170,42240,89470,85298,45186,31147,60600,48163,51202,34115,72264,73061,26200,60224,35249,47247,26086,28084,37071,74241,77364,40136,22039,64036,11018,25485,29294,35260,35142,14025,11215,30288,59181,69238,68299,09296,65130,67349,27578,52467,67543,06102,28289,21580,33481,90005,80730,44182,54204,54188,88269,11161,43027,23115,80711,72066,03316,62354,68200,53019,45313,57297,28160,32392,45136,14032,15179,55468,70183,01146,88490,50271,51310,27553,78505,79078,27512,68270,97125,41255,62637,11231,76598,73073,02114,56148,70445,09190,22218,05106,21422,32291,18048,47016,55250,68186,24045,24083,39295,60005,07279,71157,35153,35339,23222,58255,60576,57715,68305,68146,36048,73101,19136,29214,41016,60655,88178,95585,35318,24521,70477,43260,24191,19046,95456,36021,52145,51075,73166,08381,03279,19137,15264,17136,32430,07236,54109,43205,35332,53075,02105,27260,59571,17042,54559,61480,51501,26374,70560,58012,27381,11005,21394,46311,59029,07071,52407,51235,07004,08159,26077,10242,91244,39074,67334,79231,90091,16016,17257,48167,41262,80152,43168,53038,57229,02795,43106,33532,45114,68128,02826,18012,81089,14309,55350,51621,52350,52420,62798,12031,62636,07012,57031,95203,95308,88281,07113,17452,11033,51558,01162,22163,62229,71170,86042,42217,85130,67221,83071,21376,51376,60486,89257,08179,89409,71251,88377,74114,05040,64262,49257,08053,91619,70470,46006,61067,35304,30018,51171,19067,19090,21116,01151,16385,34105,79242,50233,26283,50077,21462,31558,70075,08484,38304,66014,60032,81276,24218,89299,29284,89239,43131,44056,46314,33072,25364,19184,07023,66183,09274,57666,27439,57755,36003,33181,80516,46155,10048,55454,21498,64401,03207,25578,51090,26304,76596,67378,52297,71191,72344,33422,52260,85278,74291,80128,11383,50351,60195,11334,51570,89453,11055,32253,69192,60288,66149,04086,18244,36150,02115,80143,38181,45016,2A115,21031,22190,70318,18194,79336,35022,59646,16380,70307,53088,01354,25150,67426,82018,14425,09307,32187,35324,62424,81073,21643,18260,97213,80524,38026,50216,57591,39553,25098,39019,35087,18027,65042,25488,81220,54044,51300,57186,83026,47289,29270,16013,48058,58272,34069,10043,23055,29287,09315,54424,76429,31485,40319,48092,76217,63255,77009,31202,2B136,76160,42226,38475,76124,22205,42212,01431,11441,71233,91671,02140,77358,65239,76449,62117,57652,07007,88410,65018,07055,31275,27074,11273,76056,14569,33339,70217,63345,59375,62335,41166,45311,75108,76452,59439,23159,71426,19020,17387,70352,40025,14742,22122,57087,42171,37142,39252,24527,31580,60388,05035,88065,13032,21553,25569,76018,95409,67227,67299,60569,30263,39251,10266,17114,54447,29215,26239,02594,02505,14175,08242,10051,27158,47310,03202,64415,69264,54475,76154,57259,37068,88450,18232,25055,53052,55502,89050,67281,38193,70528,35084,17062,44131,60011,14430,17167,62605,50004,11077,58234,70418,42225,11197,31035,76692,80624,79010,59283,17045,45078,62858,51233,95510,21205,51517,22254,72121,02572,76417,65186,95059,32017,88210,62352,87140,34071,54360,42013,37217,87076,08403,64189,45261,08033,04073,29229,34107,36015,02772,59344,08395,51641,12254,16113,65171,83099,51034,17421,46283,83066,57109,64058,18187,25512,52174,80685,06100,60307,39402,48119,01349,34026,62164,54387,45346,15085,62414,95430,07286,56107,78382,60496,30147,40176,78003,35126,38559,37236,51031,37117,29190,30312,91191,14522,85199,21559,17333,80040,04152,62619,60198,75118,82128,01302,14283,74003,65436,16336,43133,70362,37148,55243,32104,21063,41204,36100,59048,61207,12073,14121,08069,55163,38268,64068,29301,88296,86062,09101,29001,81141,30039,07075,60498,42260,45137,33305,21680,91577,52529,50352,37018,21092,02816,64469,28415,91386,24143,92071,64506,65066,78305,06154,18179,22180,62095,45173,16187,70510,51287,87047,89276,02756,53026,82187,38002,89039,10212,08201,2B327,10248,11392,11058,54155,39363,59611,44044,80591,62898,58196,24197,66085,80680,61438,37172,02329,39499,11251,28315,21547,29251,40024,32284,95119,76247,07104,37141,79209,11277,51198,30244,15126,38004,67530,77055,28360,21016,22181,84132,24068,33359,42281,70043,40054,05177,52005,30347,66212,41294,66215,16083,57427,31423,09289,63058,17120,74175,02239,22162,12039,31374,65255,41247,28199,19013,22235,57406,23114,02249,67185,69080,77117,18207,55477,51626,67140,28041,62616,51440,39222,30030,58250,2B316,53197,30019,21604,21220,68091,08120,55320,05077,87042,64498,66057,24382,65180,82031,10361,38301,74174,57628,33453,69007,55426,30001,55166,60692,34223,80799,85282,10121,24385,34251,86167,67005,80051,54171,66145,10214,39424,41083,60500,76614,62708,81317,77233,14209,43164,38137,88060,76055,67383,41094,71318,87126,42298,32370,68166,67125,44072,36163,70483,36122,60183,46297,54194,89077,21139,83126,44079,43052,81015,12275,50106,46267,26157,26135,02009,54434,33010,31169,56116,47157,67505,51264,27319,85235,01063,14562,66208,13015,38522,73190,57517,01446,01437,74130,80058,18071,02059,10038,60016,15251,80190,62412,43211,79142,55039,14514,40075,68264,19147,01355,02782,45195,27304,91243,62310,57500,25035,59063,22061,34146,38357,81116,93033,70500,16248,31446,09167,31568,18014,55160,13058,51488,79023,24272,73184,02420,58187,50549,49129,59648,62189,72215,57548,36114,62863,92019,59233,22321,24533,03152,36241,52162,04115,68145,69284,76157,84087,57671,80009,55038,89465,57067,54213,68155,47324,09257,70351,80693,69055,19019,89162,89230,64523,06058,65095,21302,71564,73247,76660,16245,21602,50022,58002,88306,64526,54123,95394,09338,76235,34106,65310,89195,82176,63221,57424,40152,24571,02381,71247,74134,72150,49038,88138,21584,85028,29252,71588,57402,60004,03044,31524,33186,26197,89326,64213,02102,30022,50487,21605,59083,62609,35185,88073,44098,45296,57266,17396,14301,39013,27111,37095,33248,70059,77508,57016,95023,49045,17037,57232,38038,22115,40316,24537,17091,32152,07060,89233,63448,25586,05149,61408,88435,47197,29027,14308,40262,89156,51069,72295,59570,82098,09068,54520,02282,35150,30196,11062,57215,03198,24023,02831,52499,89149,71325,44088,78655,73327,74135,33320,79215,2B057,71223,70509,27022,59054,10410,67089,34301,62597,28012,30201,02729,73047,76272,27238,17101,38364,33474,59617,72306,88107,50064,31320,26358,61494,71577,60088,55361,08048,17131,65359,74212,31286,01360,32331,71556,86186,55447,14411,16345,86187,40198,18156,83081,67117,51166,24308,17397,55473,28180,77209,31250,24451,82002,15211,23052,67314,88461,56073,07183,62064,40087,33212,21360,38536,29210,33281,31312,31581,50395,77275,71121,64089,55313,56081,42132,02372,02613,80367,09202,91378,22300,63137,71242,02769,10084,38398,01245,03035,77164,77470,01166,77522,88236,32263,04149,24362,05131,67312,25327,69074,11145,51619,01087,80319,21023,57210,65163,01029,24411,25032,07200,88184,29185,67277,31358,52444,51208,23048,55467,36089,50283,38255,26253,39201,70106,50291,64470,61373,53119,06033,53216,21191,50085,18083,61309,09253,80181,37007,42265,54175,01230,24490,50294,21233,93010,77436,35125,2A209,49364,31572,73314,54052,33255,59039,30109,63286,38517,11059,79080,03041,60175,72119,04170,86108,50357,02066,17291,54258,17459,50135,55391,62266,87176,11280,83141,19238,69295,39356,14287,85065,64231,38316,19219,27185,52218,71530,60094,24319,49301,55376,60548,84142,89169,40190,55057,46299,19163,58260,54575,57571,01002,76115,02459,50604,22165,74014,28197,76606,37121,30038,28206,19182,51183,89104,34014,38256,74206,42100,09176,24025,65364,39101,23097,39165,79131,45019,67446,48132,61008,93071,27053,52355,57477,60394,17124,84105,70214,76206,69023,28049,64003,41018,76331,30290,10357,70080,43096,46038,21235,49127,23049,22201,62384,57621,54013,23029,83113,68154,63014,81139,87030,28119,74042,2A312,71254,14733,95535,07034,28022,02738,2A330,22223,37258,25354,34165,38538,31017,76334,01420,03218,80815,57495,25394,02830,21593,54210,80150,38450,09153,81094,29233,80296,63087,36052,38351,45109,67539,02672,01375,60591,08162,22318,05037,01304,33162,06108,14022,07275,28377,88500,68267,48198,80291,62377,25154,09183,47071,46094,42049,76481,12307,14731,45290,43080,09200,81136,07158,70093,19202,64489,30279,63100,67119,68197,71320,74080,89198,55145,38473,09224,60553,69170,21420,34252,73200,54008,88170,56156,35047,31070,31194,87080,02638,85128,47176,50572,70486,47291,63046,80327,30339,81303,64254,38280,17246,31077,84003,45068,43074,46028,19175,41086,54588,24055,38086,87009,63033,72166,43247,71082,21102,52110,22338,47282,59395,87075,71354,33375,65067,27348,19124,80536,21439,18256,74192,14711,16284,60362,19232,42070,70566,03258,70385,22016,44081,86145,07110,77350,01100,62873,78561,57281,59208,35346,70409,24557,89437,52548,31536,41256,03315,34248,74256,55162,77029,42232,78092,46135,10124,45141,57564,72032,34264,07287,07225,67473,08229,71093,24312,26176,71095,64412,65169,16136,59325,24248,55411,39021,27232,52308,18026,32099,59055,29235,71154,52266,82170,45251,35244,91568,80297,71491,27331,29130,26150,66051,08392,80192,48028,61307,11114,77220,11217,09280,55437,08405,03018,16405,10305,51201,10085,74252,51251,47215,91482,25075,54265,12201,01333,80041,47042,59052,24108,34067,88532,82185,81062,63366,11016,44092,61398,10019,88080,10323,39558,14714,32072,65250,55114,59550,24199,19087,87133,72037,10434,05128,04097,65424,55584,84095,48147,72314,73226,90021,43167,28156,77309,01313,44140,47114,68041,47142,16395,02383,38338,42074,56014,81093,80717,57734,64491,07022,38264,76325,08178,32332,54152,41144,37046,88212,07203,34212,2B135,02259,54051,14066,14053,81013,25042,46196,39531,85218,47284,51647,79301,14107,49224,72164,2B265,83013,46181,37044,11176,70568,02435,97408,46206,12216,62397,63096,86039,88304,24515,37054,62395,57421,67460,95607,78415,89155,40332,40281,61183,62717,76424,34229,48017,73055,88380,71437,11049,32255,63428,14288,24480,26131,57020,71309,45139,33225,03058,64364,50120,36034,60691,44212,30128,78384,62716,27384,69127,58247,60187,47025,13085,21656,78528,24281,80836,84066,76192,76149,62758,77481,88071,31229,37268,80314,22354,63040,24242,55118,62214,81106,58059,49035,77211,27183,51314,55306,18090,59312,17143,61399,58190,14249,55579,12143,54161,16161,53162,78672,37218,40051,11278,88078,40202,88313,50098,39127,84060,21630,31507,90027,06022,64172,76184,27613,84082,17461,46290,60494,50597,57607,45175,21673,53028,50338,10071,06127,70121,40002,05173,57321,31263,70229,51362,76565,02356,23071,54112,26130,79265,42197,55198,71227,03116,76439,93032,83098,73288,21365,59148,24290,83142,51556,76041,71498,19042,14202,25083,37139,80093,80613,18174,18040,11430,16315,44150,30346,72213,10132,95024,38116,31240,89216,89129,54451,16420,54133,02058,39128,28129,95529,80301,76520,32020,42314,40294,53221,52011,28019,77145,77215,72059,71032,60639,01109,57303,39419,76684,55375,57240,17412,60292,30356,52372,76020,78190,87195,23007,59014,10369,81195,64215,07222,39585,70125,32111,65102,24377,61006,21458,31045,62134,65475,29170,19001,51458,54476,22137,57682,59415,91232,80087,26026,25518,59352,55185,64092,14680,10365,48056,30112,67344,49063,86124,18034,86206,76374,55060,32454,60637,63440,21054,50045,62362,37206,70117,90079,72268,44045,35094,27667,15252,80021,82091,33116,54386,28192,03024,51412,61043,58225,58185,81302,31004,16198,89402,62588,33521,28095,51102,07241,58259,57167,31168,97313,83076,54385,35179,42248,05025,95211,68163,22053,36083,77329,17325,37106,16137,57575,54426,73214,50237,38129,54259,45108,21086,09087,12217,24476,43245,26024,10390,40215,59146,73233,36032,65124,65474,11304,81158,73088,47083,31424,05018,18209,46179,15231,47172,64365,17483,64406,23224,40165,43158,44101,26069,62593,89418,34077,04242,11423,88155,76252,77314,18075,44100,56262,15139,62198,52526,82041,31330,32417,47078,46250,76096,53142,54336,18135,31564,57336,01125,38483,01224,46286,59371,21388,09005,33477,15204,66213,73281,21603,63185,21196,38058,38203,44036,09074,70381,47072,97209,42180,41068,57339,58204,04184,31511,88375,57154,31553,38405,46174,53017,50092,56184,61381,76675,11352,61333,81111,27608,18220,33045,11084,55010,25421,31354,80071,09265,63426,64381,50403,01303,15091,39291,60409,03142,61091,31274,32348,29254,32351,55212,58256,27370,86209,46303,56166,30174,09011,59247,81325,07160,69172,42030,68123,62623,25574,01116,40146,18185,71008,91405,28312,67273,71311,10091,25566,14055,02476,31039,47169,19117,76538,57534,39533,09091,11224,55059,56024,25195,39200,77393,02796,23171,27414,80090,77126,24510,57418,02625,14246,54215,70017,10107,49109,11052,60279,25100,61167,44091,57473,28396,14310,31314,47108,27535,32283,31218,11164,52156,81204,14195,70118,16100,02185,13037,41221,63053,09272,57530,49076,51348,41012,60352,07247,56015,58114,88453,33219,87079,68156,17146,17160,64222,94038,54594,59635,87123,70441,65101,28233,02165,89222,76384,29272,62472,17405,63279,82169,90029,59609,80081,63277,51407,60330,35131,57206,25632,22071,30253,70174,36230,64135,70472,04076,79346,43025,80629,80691,23199,63402,85222,74057,55125,09063,33033,19089,70181,76242,54266,21001,85094,95651,64536,57268,71589,04148,82159,73081,52272,13009,17442,02544,35210,26011,59105,59423,15069,74222,65386,55475,37126,44078,01190,21163,52265,70443,31046,10358,64177,41175,78196,37170,86153,53168,79269,33018,74086,22365,2A092,29188,46029,59075,25105,74209,81056,40101,62584,46091,01388,46138,17234,48003,24155,43036,56027,52463,89188,37229,84119,14398,10183,78643,12119,22116,45112,08394,39552,62465,14639,37034,62710,60699,17271,34339,80648,91095,21380,33114,07283,62235,48170,30100,87006,81128,14458,80788,54119,60418,57562,51312,69137,36116,52518,05154,25621,85009,24077,70491,64352,88239,50030,08100,09336,64481,77531,59082,97124,39160,51569,49018,54158,88256,22213,61137,21053,42317,77228,88335,80107,28079,81234,39313,14172,62029,25375,25625,62660,71088,89172,73151,71383,82115,55293,64454,45024,51652,51072,51618,10430,17007,02789,62742,47156,57496,59229,67494,66004,41148,67164,21013,09192,69214,19190,71190,59533,64375,81193,57038,10416,88292,17216,62628,43090,77444,71447,07029,84038,86287,85207,32024,74151,82075,39296,21236,71460,73103,25339,11407,29080,08204,42058,70332,28060,11039,17198,60095,47307,18241,12032,14396,16293,55489,86291,88105,10377,40269,73064,37249,70498,51323,88483,82070,74063,2A139,55290,36118,60305,32365,59130,26144,79112,70142,19054,54053,25245,59100,49247,52190,81115,57434,62403,80462,24459,78189,95678,60192,44018,60412,89442,14456,24576,50542,28082,37157,57274,89027,67362,52294,61129,62207,97407,42288,65454,63463,87180,07133,50040,24464,63298,59368,26293,42189,08209,84130,18250,15196,10039,60497,02829,65145,56068,82142,11344,19031,33021,54168,36006,57355,59256,12290,2B023,22055,63056,36152,62036,57447,39475,37274,58312,59081,09164,33184,56144,62060,34255,61393,01452,77045,89342,34273,41200,16028,45032,57451,2B145,19237,19062,10086,32458,42093,65353,57015,51145,11109,26088,95252,54585,76282,61426,57299,16358,86163,76128,47123,53220,42149,62612,22070,39359,23076,27410,2A262,68058,41289,59069,51083,48081,17027,38489,37244,25002,65305,08326,65330,87023,31003,51195,12127,27385,54332,17134,12109,32236,02774,65464,17204,33280,28348,76705,44038,09029,05127,50234,47231,10423,21677,97118,32135,33483,08028,22160,12299,46234,76095,26306,32407,15117,30181,36167,59094,62361,09182,60506,60628,37263,51147,12236,59525,64252,12130,09061,02776,19233,22025,57312,49294,59200,71503,63094,19038,40266,88136,89038,24570,55353,24184,24135,32046,81102,72385,10083,12084,33025,42224,13110,62337,92073,88467,58049,87124,27190,62232,58034,92075,52233,17084,62367,35227,68175,38372,27229,02395,77315,18133,02683,77036,21454,72335,25373,59280,55148,88503,12085,46182,68008,35007,39228,61032,33140,50410,44006,29073,14412,21691,47228,63384,64013,55540,79298,83043,37028,85251,65093,16200,2A268,31499,89111,62259,81233,71454,78609,21152,88432,08464,38061,14406,80252,25493,81085,34287,39214,33009,35241,76671,34129,54157,56078,42326,03192,88139,76394,57042,25478,2B353,29247,18097,63304,62536,11182,74263,60399,85059,32218,59349,51489,47315,30292,62238,60049,38194,52413,45151,30069,70228,38139,48182,12046,62169,60347,25070,18251,21291,60450,64511,71330,62470,58023,37265,42140,63317,88327,32034,81249,73067,55537,84056,55202,57344,52342,65183,30032,54146,95127,02718,69133,89143,34132,74229,49299,88146,31404,21051,30091,39404,30075,70199,38384,27227,35359,47031,81206,69279,68302,36041,03073,2B067,87107,14215,07303,62725,07042,50394,84019,23072,21511,68028,62387,55279,60015,33205,22034,47067,31199,38102,02307,13019,04093,04058,32077,21532,14120,55565,39375,04178,65446,35051,47049,28220,61462,89144,55186,09189,27057,48141,80548,27446,01128,32373,22187,62783,17261,07006,68116,74087,30074,77182,14342,74220,57249,67222,62251,11128,07235,50081,57318,35221,28298,28317,61195,44218,68170,11390,76421,74240,14385,39465,50475,77140,32222,89152,30020,83131,64411,46214,70282,45239,64225,81007,07097,59122,14242,94011,88472,81049,22098,15266,28301,33023,07327,65289,65252,18243,12106,28278,27497,10005,51456,64158,21010,64512,86095,64250,59448,56062,32060,38006,23117,76372,27126,2A017,18110,62211,84012,71477,51138,09125,60313,66078,51216,64308,29136,23070,64230,47070,50311,84084,33028,48064,69263,38334,43118,22203,91201,56222,12092,31522,14578,18171,08406,76193,13083,07098,61412,49107,35037,45153,62047,62197,49028,23092,56178,62293,50436,80705,01032,50408,01347,03271,67241,72383,59108,62765,60039,29151,13029,45191,88353,86005,76218,05121,46292,02176,33239,83016,39532,30027,89139,59655,09105,71455,52302,56105,17020,41217,38075,37260,84072,89450,14407,48166,59536,24441,12138,21141,40127,23102,38321,51115,90025,22388,72254,77494,02294,59061,63365,76418,77285,33463,16218,18036,67293,78113,76040,74167,06044,02631,14344,37194,27556,57726,60420,28271,37133,77097,88010,62846,47287,65356,13214,58115,55317,50373,85306,17341,70126,11365,44157,42324,28212,70149,80802,11254,45018,08462,26270,77349,44199,62764,49170,40263,51437,02583,15148,57553,70478,01102,27234,86035,54122,31247,63299,17049,77065,81005,95306,59496,17200,66068,52213,88111,48161,79218,62348,19053,59392,12152,11358,10078,33111,43224,82126,54463,53226,80341,59564,54124,46281,15161,58014,54207,03004,08198,26323,06032,21120,42145,10247,33379,2A359,67516,05076,21349,14047,31397,85201,39556,52120,69217,38333,31246,71146,32320,26222,43076,11401,76549,80634,59445,70260,06002,43057,33078,18009,61141,55327,39346,26123,19118,54033,24095,54118,21413,16154,25043,07096,37038,18065,62774,76435,40130,39464,51280,57116,10412,88378,57051,67259,32010,22077,34043,91689,70245,50500,65427,89471,54263,65165,28290,60413,51003,64227,76646,62830,71550,80633,91174,62894,45111,03066,72104,72212,67528,76201,61501,88355,24375,77199,89250,80437,38377,11125,77317,87054,69057,60448,28369,25380,14519,51020,80046,05006,09238,71475,01350,52042,21106,32237,86010,08193,38230,61454,82118,33125,60163,86292,21635,76711,33054,84031,59488,25203,88115,11008,35178,31316,67061,36045,31150,17221,34017,27214,84070,25490,37162,54086,56224,33240,23196,55312,35078,52540,59066,10186,33204,60041,44012,81170,74195,25067,59306,30110,88056,38051,56220,65028,35161,38563,14230,80026,80162,88063,55431,80834,57709,33413,88121,23211,21445,59416,78646,12097,25141,31336,21140,61505,62186,76673,59580,80515,62680,38281,28390,53072,64396,24259,82029,29161,02168,85281,59172,54106,63065,07092,50238,68097,62756,24278,2B317,04204,54246,02415,02620,52497,65339,65298,71086,2A271,07116,61293,73300,64530,86218,69188,69242,37153,27153,60085,01052,66081,05144,2B341,03257,59262,62811,54323,10257,58307,01210,88426,66146,03140,62732,50079,19040,02693,09081,70002,25085,88284,60539,32410,18228,14643,16052,17289,03298,12012,85175,62133,33139,66062,53129,52437,50243,38017,53109,17079,61233,67020,34200,51616,22228,58209,21582,84044,55094,55217,59232,86016,61395,40066,19212,11415,89076,30131,10260,16234,33244,27336,12168,35060,60599,52257,40297,90028,61507,70138,80421,64008,50499,02804,80156,78238,77084,10384,38032,95554,82093,11089,64165,78638,45009,39581,19072,50505,60083,07009,38373,44064,16044,60213,35201,40030,16239,77373,06115,37084,62160,57301,51062,80293,62739,70107,78475,53260,34253,43246,07315,02016,80396,72141,24104,65300,74069,60003,57250,39022,42245,50568,2B053,77381,28139,2A348,60200,76222,55029,84043,01040,49269,12228,22104,26310,32166,82186,04090,27157,67269,31498,14409,17121,55476,07168,35285,95213,59388,27102,10382,01038,87194,34177,72183,80266,64131,86020,14676,57713,12129,81282,89439,26177,06126,64354,09044,67053,36222,79047,15229,44189,69216,76635,02024,66170,72094,51506,55533,32025,15107,88069,38167,09098,16174,37169,04179,68084,69064,32181,32032,18175,21059,77445,01246,84086,26168,34300,06147,2B205,15254,51623,61286,67311,51356,15048,80213,16348,36001,33070,61170,63389,18056,43226,59527,57658,31110,77212,74186,57389,53228,80829,28023,76209,10129,45044,04157,58021,27422,32384,91570,51032,71034,08040,57098,17138,35258,59593,43156,27066,72247,35243,07058,38393,03114,08117,60407,2B242,51423,24036,69218,14080,66058,17401,77347,21110,89053,64209,68068,84123,54228,39269,80054,62741,57171,64494,64114,67213,60622,41052,53063,97404,32341,69288,40060,82079,21495,12141,63029,10317,21482,80106,35077,78606,02155,14715,95256,21262,14260,58160,30262,82042,01133,56031,69028,57641,69278,01044,88098,56221,33344,12121,59476,21515,21006,32251,16085,45099,63300,26110,54050,50269,22068,27254,41280,27298,39559,41195,62068,24380,32414,62828,51048,62150,88439,01046,59484,77467,19193,04187,57377,63257,11326,16321,42219,06085,87157,55063,46246,53169,28117,76714,59092,01392,42129,26163,2B311,14191,62539,62418,16422,88507,63231,36109,70079,08318,24355,88317,27020,78460,02444,81112,77239,56176,02396,89176,79255,47087,86194,95446,51495,04039,62067,02807,21282,45327,33516,31273,18290,24410,28135,21078,12268,18079,06106,26225,59639,44118,08192,37029,50585,19110,61493,31255,71312,89415,05084,47277,09030,64017,50607,58175,71512,21474,54283,74150,72352,65205,77482,52103,02108,59421,62463,61268,54068,40278,68095,65177,48169,71156,63178,21005,79126,25224,77520,71516,13096,89376,71271,51627,95166,83087,57361,58192,87125,02559,35081,38478,2A089,03300,26066,17226,03094,05024,80491,80273,52116,59583,11255,28029,57412,64557,62586,39104,88382,88066,11311,2B248,89344,40331,76381,03043,62695,07177,11236,54590,77079,67091,74059,60373,55412,45184,47159,25234,02666,86085,70546,59186,24299,64051,12155,83053,08246,12181,80151,97109,54293,77107,67432,51153,22176,31053,41237,39321,69141,15199,66003,67098,55527,27373,2B213,94034,63453,24446,49214,02601,48123,71444,02684,65057,94081,69005,08137,82106,63101,39302,39162,33501,03295,45337,68165,22246,67554,62644,25247,21017,55409,24227,55442,60117,62255,76068,2B281,86109,05117,44052,70006,36155,25101,02702,39454,41284,60385,71428,59332,79059,68090,10140,31551,32265,52385,33034,47212,22129,02150,24158,31204,18007,77372,47199,66023,67379,16236,03317,70471,64543,85176,59259,11361,22065,54145,42238,23202,08287,46154,60306,48174,03139,24074,38529,34024,21184,30203,46289,63337,60051,24452,10072,08018,55492,16389,33508,87052,03309,65016,62051,25560,14732,25532,26368,79137,50426,60043,93014,03106,11093,65195,11320,54178,31519,08480,59473,39282,75056,08174,33374,12225,31277,02682,76734,64441,18147,53270,25089,16193,80621,72114,50066,86144,33550,80473,21149,88263,29265,60355,81109,22277,09027,61146,02164,85171,25525,09324,59184,36195,14040,21157,76550,30236,31236,66184,26167,22231,47098,21267,87105,95219,57133,50553,67099,57425,2B156,36190,11040,89296,11047,09251,82036,62237,80806,28347,31414,36247,67169,56232,47297,02370,15019,71486,60345,45171,31503,08263,07013,21289,31118,89025,33341,51552,17203,32063,46023,51214,57022,52300,72333,01010,55113,24206,42243,07334,60084,72367,14499,22214,85139,62761,78558,2B086,26101,88519,18235,68067,42330,52065,40191,60529,10414,43207,54169,31313,56080,64211,37237,55406,55012,57527,80070,60245,49026,67038,69027,34143,64310,60037,57211,22140,49216,94044,29296,80698,95331,70255,60698,27140,43042,82130,39310,25227,51311,42078,40231,68239,76603,13026,76610,73150,18263,59065,2B223,70170,45023,34180,60097,56003,02231,34217,46258,36013,71163,27568,50397,73276,89430,69241,70449,55153,67547,31203,31461,80230,47314,79125,25430,23152,19263,2B068,45162,70051,70457,60053,34302,21358,37259,39306,80183,62448,71004,80696,32122,68353,60543,50039,52395,33423,61079,54335,79141,81223,41078,88469,40239,80665,60436,41051,38114,07249,24404,18141,48194,97205,18023,17087,64079,72123,41238,72001,08343,37077,77478,70145,78590,36105,06134,30198,27393,62148,27228,38390,63320,64054,76367,18109,14297,46253,42254,38408,41095,79019,16224,83031,51658,12232,65409,38048,32269,23065,10275,29177,84029,67515,63369,14136,25599,27188,73034,70039,80343,46033,22092,53112,26307,36133,77278,27466,69009,51518,64346,71433,89030,57516,38245,81031,17250,01065,31525,04065,38130,67430,68250,39225,71182,57260,35261,68109,48106,36057,78291,34210,70101,36101,38067,36204,02708,70213,84103,57736,49222,31344,70334,08113,73250,14689,57082,80499,67285,27026,76170,72110,22245,12124,45202,55218,42136,27120,10205,60156,31515,42065,31165,88068,54057,77231,14602,15209,18122,24450,80379,71212,31190,14587,72090,58122,87152,88123,95288,34274,17066,28255,02819,03064,21442,55324,41049,54090,86293,10204,49102,27032,01147,61341,67172,22342,19133,18151,19055,73236,77484,08140,63306,26124,67166,70105,30218,81050,01269,33058,72025,50510,22198,80287,80060,26014,46122,08243,01418,02755,02297,85188,23016,40005,78172,02223,54331,09168,55338,22064,39166,16402,91549,05174,10299,12072,64486,91319,83034,67521,07296,10370,77230,80703,38497,29046,14240,60264,62195,52285,88049,2B124,2B080,51073,78310,58084,78381,77447,43256,24337,97611,80003,71019,74238,91600,92077,08021,01169,50086,39476,54490,80052,08446,55184,14576,59090,47004,76516,25228,35251,64140,03223,66115,71338,86131,80482,17187,54012,34002,63169,76103,37056,80681,25107,37064,08437,68009,26334,64040,53131,23074,71573,41234,41220,58282,29030,46022,47196,46200,18219,58295,67308,69235,60470,03113,19252,42333,97222,62908,81130,63181,14305,45241,25521,39194,49228,48090,67054,31011,67455,29159,64467,51050,50590,11216,33484,69227,60002,65372,04113,30079,42081,65151,43047,88456,65193,62853,62801,85024,41043,76264,56246,65166,01139,62079,80167,80030,08271,77514,60555,62066,40265,57545,49262,50090,56239,22108,38519,62585,66112,94019,22006,58305,38354,51099,07251,64343,30215,24372,16339,34135,84127,68351,86270,87132,12272,72167,12185,51384,67187,60141,22232,74237,64324,09231,04188,50290,72321,31287,73249,27215,70203,18042,23040,24529,02470,51167,61133,71201,47173,78350,59659,28033,31349,07107,65414,71393,31033,45074,70361,05103,21518,63321,11181,30265,36110,57340,33479,59658,51217,60335,19002,24037,24238,02670,26186,70091,34288,07266,19088,59443,28354,59591,76708,50601,70536,68212,32005,73192,40327,02467,16191,51168,45338,80587,62639,14145,19194,04177,71349,49231,67441,63039,09001,74287,70389,27168,77379,51068,36018,56115,17142,26090,79176,39197,51439,64071,74144,61158,38511,39333,86201,17376,24566,22341,63363,62806,07027,70412,32334,64540,34233,15249,84140,54180,69019,51169,21607,21290,58157,73155,70325,80031,70094,21571,08208,45275,47192,22169,16357,10269,79213,03015,88109,25486,12151,48021,08368,70451,12259,52546,89037,27659,27212,57054,57596,25199,67465,27156,67030,97229,89175,84089,15106,08327,61483,46162,88116,30139,83108,68051,62534,80511,69255,27148,77208,71194,11199,52436,04036,70287,42125,81312,67373,70468,16143,27502,24305,67127,49176,74236,91198,81046,27567,62666,64159,09198,47127,91347,58141,17433,33315,02224,10232,37036,13076,39020,13082,04085,25550,23100,57745,02042,09334,42305,18168,50137,68244,29071,07181,72077,57549,55425,58055,76657,70432,70297,07255,08301,60377,90033,39244,62030,88196,72196,23107,76388,79297,65411,85137,84080,63222,77406,77277,06088,46252,27490,32461,62065,02793,38266,70289,81294,34191,23139,01115,97119,54290,59378,58195,45343,09174,36033,25324,03195,57013,55123,68112,86070,09147,02382,63088,68204,43023,14649,63243,51463,09022,02331,59587,68221,11063,40287,24253,22091,15016,59239,42130,45204,07344,54252,16041,01239,62261,05079,22001,35330,62163,45268,66174,52229,57613,84036,35156,65041,08125,32188,11417,72180,81142,97615,67163,27632,15224,02746,60571,62166,65327,85096,33273,55048,04072,24424,85244,62205,29147,97409,29221,14360,24262,33546,58170,28147,07215,57014,67006,80318,87043,74038,43058,46041,19070,18039,67550,29039,34124,21179,88036,35120,44176,70271,11340,26258,2B088,60271,64515,89003,60059,24378,30195,91064,71452,08141,79111,68289,66138,21626,85006,59073,21473,67391,92051,66122,26243,64224,87148,21401,61345,16287,27645,01445,44217,60228,80792,70323,62131,76723,15135,77411,48051,84041,32039,21693,60656,64157,52516,61287,34332,52356,30318,86121,68073,08386,56029,23056,34122,2B101,89080,49178,01273,32172,76730,11183,80311,23027,25605,62698,72083,37112,51445,59034,74271,39275,71189,07048,25268,16277,22019,26340,23212,29153,60090,77426,03109,58030,81182,57293,43029,79339,17222,31025,69117,45026,08165,10327,45169,62112,2B049,21676,27301,71384,37127,76368,64372,90056,52008,65159,65069,73186,27492,08248,01393,41010,03229,70030,89046,76479,14592,42300,52251,33369,74099,69197,11327,25084,11301,24284,11264,17306,77386,67338,86276,25056,12050,02449,50356,05096,80429,32117,63386,62634,56254,72187,65229,59103,50455,43216,86127,17482,24229,73243,62646,55438,08037,95199,25280,16152,19229,48098,58262,01430,77371,58201,66197,02253,26108,68300,16102,73206,18067,58230,51344,17330,48087,27389,25433,86159,77473,60265,60670,02473,19146,66065,02471,73237,55005,09199,19191,42335,44074,37174,58016,17068,21121,57763,70037,24553,27083,51542,49237,38421,77311,77432,70415,02405,21142,60446,76156,36120,59230,06067,2B328,19289,76025,76594,48005,60022,76333,80020,08155,35180,27671,18153,02616,24420,54505,21260,68018,38314,21392,66028,12207,33358,63106,14200,35069,63460,76724,11070,27100,34037,64538,62886,11386,17410,08482,38191,35163,52492,51317,86112,53272,63160,55132,23209,48178,12237,21225,60210,51468,17035,36242,39308,64394,15088,33489,86174,68271,06105,50453,76407,39241,14675,39431,80413,71096,64263,22179,56147,70210,55345,11324,32376,78289,67232,26111,30054,33231,72129,21475,54288,57059,25538,27458,62552,43153,39068,68335,24174,77195,71322,60491,25233,07224,16392,07065,2B234,88142,39569,80069,95060,32069,17161,67345,07143,52431,51338,14563,66223,88089,31209,80390,32431,22131,57650,71152,88152,02378,27146,09270,54100,07166,49205,60669,63211,11208,52371,60545,82122,40056,80667,39567,52253,61346,17329,82016,11275,85097,28379,03037,09340,53273,2A272,59149,49057,66176,89417,64129,28286,07010,14595,44087,16231,57474,07172,32088,04110,63407,84054,16185,60364,47200,13215,80670,39096,45084,63280,24507,80375,34265,43258,50117,09250,38060,45037,60664,60073,74253,77337,82082,48013,79162,11353,38212,83116,76599,21333,03233,55129,54415,85157,22047,14492,27313,31138,62165,54097,2B161,50481,62602,47183,15002,17254,88166,22046,67095,70055,10225,66061,14205,02339,87029,46231,68364,11218,42183,73202,46244,53136,40289,71081,35106,16360,76274,76416,28387,67497,29040,59313,09267,01015,85109,31256,67436,11333,69109,38156,80464,51268,85200,03134,69045,45100,08070,17205,80347,57486,65422,76262,10172,95177,02218,81316,30183,59346,67544,45093,22044,14700,15020,39029,62558,14159,64247,76700,05163,25156,13038,60343,55001,37271,55368,69283,67492,55553,33342,60623,21131,2A091,64395,21393,78567,71315,10122,27437,58052,21172,63411,40211,39565,24511,59117,21699,60034,55506,74282,81055,27435,43173,33362,26333,09162,41042,62059,80617,27674,39456,11219,21563,59504,09211,86110,09170,77323,75104,86204,72291,77456,60572,71264,32065,03225,14077,26119,17023,30036,17095,41187,88014,53259,46083,11141,37196,23078,62688,11336,06129,55551,64421,54216,02315,43249,46130,34236,11286,80339,42275,78344,88425,25157,48157,30286,2B332,33425,01436,71380,89459,21015,70476,38368,79055,32223,30272,50055,79154,88185,74005,89431,13010,44210,17473,66134,74012,74313,15260,86279,76249,76269,11017,50349,62057,16184,52250,04063,32195,60244,77130,65326,21444,43108,01450,50514,71540,70004,67220,38474,61411,56132,29011,31253,08016,55397,82030,45054,27643,80716,15245,61339,42063,97311,70198,60063,10130,40309,09085,02586,91345,18072,2A279,71071,63201,25451,83127,53177,38041,50192,51247,79313,69201,83082,50422,72064,34259,55355,13093,33180,88167,62862,14436,25406,02023,88514,77475,77188,18186,97203,24151,57319,44032,16330,63015,57118,59406,91098,30072,74264,14086,31587,18271,31570,55177,71107,89091,57073,40250,37281,02212,27544,08349,67040,19064,77297,68188,70148,44083,51304,90037,77363,44068,58088,25387,45097,30305,83150,51186,54462,59044,81257,80337,85058,73213,10046,41152,18089,46078,03026,08149,12147,04209,38269,24114,67011,01240,65164,58133,60560,50540,35076,36170,02417,85163,08183,55383,81149,58213,65135,57040,17067,14063,63469,61451,88154,10157,39001,72133,54037,72022,70523,09320,19203,02422,12235,33133,51234,51363,45159,83008,05133,16014,76046,17016,33347,08335,06095,25477,10290,25151,45020,31585,2A326,55316,50108,53262,67142,89477,29106,06130,26347,59501,89485,76432,68057,07144,77336,55032,89217,56041,03010,61061,88026,60214,24584,17126,26161,17212,51417,59057,21118,68290,85108,77454,03050,27322,60237,2A071,47084,89371,70437,76091,38452,02268,02647,36029,07199,21627,88383,15111,33426,65368,14542,47037,55332,17469,2A018,19257,13113,57076,18074,76491,88460,78688,17365,57256,79163,30117,42051,41277,26084,59155,88039,37002,34030,97612,16233,76237,51316,72068,37270,24110,33145,41297,88446,62260,37080,21024,07341,14092,02276,19287,68193,70431,70440,27408,77269,36210,46059,80025,70140,67474,36063,32012,11156,62821,10340,43194,77326,39334,03097,29162,36142,27427,10289,31106,64047,02338,72178,05157,09311,14090,2A360,84145,64199,17436,11185,40196,61344,32064,71184,74088,14020,36160,59419,25290,73223,10171,45203,68291,68205,70115,08080,77400,04035,43263,62268,16128,21586,50292,31415,39370,07210,60660,74137,06157,61040,58273,21642,17278,51006,44190,18197,64550,67447,28215,58140,71339,62525,25159,61211,16111,10188,02443,77339,39031,19226,58112,65382,85026,59616,19160,29065,41281,76494,65377,25332,57574,88029,08353,68142,16243,26229,60516,35102,71266,24445,86130,49311,43234,43127,12297,25385,63468,88360,80275,03090,07025,17474,60468,58229,28116,85049,85221,60299,25439,34020,45245,27317,10061,62689,47050,10059,14303,14692,14610,2B096,38020,70215,19027,38205,76188,23128,12048,27191,51288,89270,74234,02136,31174,69006,61292,86198,22132,39519,52479,21669,76391,54536,76291,21231,02182,67153,62116,21701,32170,30136,03224,19061,62520,31040,41108,33462,46323,48074,77157,73005,71501,59628,46222,63102,39448,81267,45248,51278,10425,56230,02229,57672,95241,80182,26114,66113,80602,21435,80042,77511,57310,05048,08078,10356,68113,43120,70135,57706,33063,70336,60328,50174,81078,51629,07250,73271,26099,50188,02635,77241,76131,35218,63380,28275,53118,08319,63314,26042,78296,71371,76039,27678,44057,02138,2B177,02237,64088,14377,01152,33213,64522,73310,15032,62876,63241,57515,57125,06040,70124,22021,80110,32128,09115,41212,18254,28417,64496,91047,37203,12177,60579,94079,25110,16023,58280,61433,65214,62021,70114,64318,42008,88510,83030,43119,82063,42223,04043,45035,16093,69272,44089,34057,76185,26272,88326,56108,89408,27611,10420,91560,42179,62013,74097,95055,24322,72060,08103,27539,63354,77192,62303,55115,38115,86064,76710,60104,80068,57582,89286,76033,22004,41279,68096,02248,62109,63296,26037,14207,07336,77153,31031,85206,26046,18233,80585,44055,62760,65328,06118,56048,41053,61418,61099,71445,10315,12252,45301,49068,68313,67058,77194,46237,14724,32274,25286,71098,44033,64493,14037,31411,10009,29026,33268,42071,27082,62385,95170,59147,57683,32318,21672,38564,27372,80392,14709,07230,08438,42026,78158,38311,77081,54487,78440,25438,15215,14184,25115,57543,07041,27136,16409,64265,22326,34160,02489,46143,26050,62779,89099,31426,21438,24042,40249,39198,55070,67470,02438,30047,64269,04192,02404,62614,88527,53076,59548,59589,84021,80094,27329,07289,43231,69180,65367,19004,70529,46207,60166,27662,57217,68196,12209,57449,79139,54327,56247,64408,03312,41102,58101,16280,76406,32360,77340,62847,46232,07115,33146,86229,56196,33327,60652,87146,26214,89433,45161,64007,72205,31242,81232,21334,43178,60276,02641,08389,51577,29069,29006,31529,17074,17455,26369,24419,02573,54516,22011,02204,21038,58277,52536,79253,66069,38356,23174,76340,84011,38542,59615,59652,97306,65277,03297,08293,48059,79320,08393,53150,18160,68153,30166,31104,52377,45050,07140,80518,64256,39027,18080,27288,65323,21400,41241,81067,21550,11429,02786,54444,39582,02584,89123,16272,45059,46199,08222,19254,08123,03288,70090,94056,95210,35169,47144,11075,23195,02753,11076,31428,04019,72023,11120,88113,56091,23019,54003,02833,60400,40119,71159,89007,63066,30249,28106,62074,61413,63203,53021,86236,97361,01019,39038,94077,62845,11410,32359,17214,77025,14435,81291,15034,51530,88341,02133,59669,80250,62411,87155,26226,54337,11260,87117,31267,67279,70411,78616,31095,21460,45255,57304,43044,30120,60326,57148,89158,54479,62589,69042,01140,27090,08011,05090,54373,39167,62582,97234,62566,64232,26025,47271,26256,09092,57626,39047,91318,16138,57021,40295,74054,16298,52366,33115,24421,31531,55364,52170,89486,51399,18118,52490,72004,50628,31329,57181,22312,31399,76051,14498,48082,13119,79174,02575,32193,30223,24091,56259,91249,95369,87101,77125,76161,60375,05014,03120,2B229,89251,76595,60324,76464,54539,68209,60389,40108,37282,80338,64004,01449,01054,49030,29145,60231,53237,25120,25383,02483,38131,64473,06010,07121,97224,81219,25334,88487,83089,68081,43215,90052,30237,59493,05162,38243,65440,14038,67416,64130,54191,51650,33380,64042,49182,30009,64323,51422,39526,51225,04210,02007,55171,87039,25255,85237,03017,53107,08420,81318,38064,26171,29199,67136,59327,33237,78569,29172,89136,01381,13030,03151,18169,88328,19023,07216,48072,89420,67389,50185,70490,57642,38052,62896,54560,21065,10201,68071,30060,21452,80049,69265,30194,33055,71323,28234,59524,14454,13084,56152,65204,44051,21410,54368,74202,43175,02373,52002,87128,02222,22372,26072,65453,36175,89079,10190,01234,31032,09023,66011,55458,91286,55501,53266,34304,58310,38503,86281,05003,79031,80597,09246,07326,92020,12256,34094,59511,2A276,36019,95625,45247,87151,59642,03291,82109,27115,30188,45073,39268,49010,24257,76410,73171,17030,04234,39281,51112,21210,71586,57356,54093,63308,86096,11172,31379,02535,25265,91067,88009,65017,77073,62785,65216,67023,68179,73225,2B105,87019,11312,07109,59276,25431,21263,16365,47190,07261,80674,50302,11108,16244,70558,54353,71046,01075,38376,03159,34262,35312,57462,57239,51354,68293,10165,54163,40272,74075,77530,24080,67248,11435,19007,37214,07319,32156,78537,34118,25052,31023,07278,62543,23006,69119,02518,63061,08189,58264,13002,45265,78484,31015,21138,09237,34186,64327,38008,27196,24575,04129,09157,63263,89424,64064,64242,18113,10332,43130,58121,21169,38100,04135,28086,11179,82179,78366,32062,25432,33052,73065,21561,51039,23155,11098,10159,37242,62777,58284,33128,49266,42267,04133,54023,16124,79160,21713,70041,45080,77242,59084,17431,69037,16064,77115,68139,41105,65011,39343,24544,33172,62027,25311,27621,16302,29128,75106,60549,89373,13004,76587,82135,03307,79109,34215,41025,24266,63427,51426,70032,08380,36104,38415,25298,62600,57584,77291,37025,38403,40194,26335,01311,76476,62434,64012,40088,68161,10007,53141,78571,56067,36213,76144,31409,21683,52136,64022,44014,60651,69156,12284,74178,80714,44156,64420,63467,48089,62005,39156,76092,49048,50420,74158,02070,22390,61301,63057,51611,09160,57158,59119,50028,35018,88024,2B290,70444,12035,85074,29277,60451,35192,12077,32198,25391,63252,56203,70436,17337,30255,78321,70242,69189,02721,64446,09227,05142,57275,40253,2A129,37059,45070,66228,80783,01021,55464,15200,78410,05066,37204,62118,79114,29018,81084,51562,35160,44110,54211,44075,30206,66187,21319,69276,24300,38136,02547,85265,60337,06005,80089,18084,23108,21579,34164,27508,14221,27382,33499,59222,21113,81147,22121,01014,71070,39510,70218,88261,49053,62567,17113,23248,57485,14486,54208,60676,02496,65072,56028,54543,42086,03107,14402,83074,64460,64264,03306,27209,41151,14502,76551,02556,05029,76664,57524,86114,55009,60626,70016,81275,82158,71196,31318,38050,17373,29246,71134,63250,38189,86052,71033,72018,39318,71481,50341,46095,62627,33275,57063,01259,18163,62376,26061,34309,02526,71353,49272,55321,21173,62839,62462,19266,71277,33079,71215,60368,39540,52033,37022,46027,38109,57392,77446,23132,33039,16273,62390,58008,54376,83120,27404,53130,64544,95253,32178,46256,17139,39539,32247,55331,49345,64276,08415,68185,76067,57407,36234,07227,57507,72035,14161,57010,59633,71099,51469,46015,60233,57012,24329,69243,32428,77254,42229,83100,14182,53223,87084,31249,51642,39056,86262,45015,01006,76146,25630,60422,30264,35118,62157,06114,17162,53229,51516,36075,64208,16054,67319,42137,79349,02657,31237,72323,32059,65080,59157,52442,17299,55448,49193,73212,51116,64459,93070,83017,39050,39529,25456,80835,28164,85266,2B292,71042,42148,11178,08207,76580,76615,62444,08060,22378,81231,60062,67178,62300,51127,2A336,28217,10055,11372,68257,73258,69204,55310,31573,77217,31085,14126,64279,33121,2B134,59467,25174,88513,21570,07005,61015,54507,39352,05060,01345,91105,15212,23226,35354,57375,33099,08358,18104,10187,65215,40068,64461,63375,69026,88347,68304,02183,2B165,59268,14354,71513,39486,37151,50205,65269,15259,04130,14659,76279,64128,54524,81042,22157,84096,11431,10303,04041,58184,67276,32037,81307,51536,78346,70326,05172,37094,14256,54577,24341,84027,35235,88101,78443,89474,01098,07292,68065,81163,76636,71557,33173,37051,62274,62359,51213,58292,69016,10354,67322,52114,38204,73063,56228,21238,36061,14204,79049,54550,24428,76477,53048,38424,57084,45258,54160,03141,07162,70538,38031,02430,67254,30217,65153,13057,88135,40185,38148,09079,34198,01275,38440,25366,76685,54469,29166,27624,36196,24417,24061,10372,31370,86023,29198,12135,89253,85300,02673,11381,36134,39063,53155,32401,54570,25276,63072,04066,76013,47319,50099,17384,28325,40104,77513,56104,07323,14550,78104,88525,2B166,56227,89398,23014,72308,91685,80692,80723,45283,25239,17393,60416,71128,51648,64180,37232,11355,29095,46082,59424,55093,05102,44054,07126,76043,78143,55461,79115,39411,58028,32050,60344,27371,02116,43262,57567,68105,91659,84083,76572,62170,24352,2A011,03007,58304,07014,06143,04176,71317,55241,95641,53091,44207,21430,33194,25348,64447,37152,10443,52522,10199,43199,80023,45144,23005,42177,14637,36014,55301,02412,35032,26345,25619,11225,18199,53178,22261,69280,46321,71414,57112,60188,46201,21214,64235,2B335,83095,26116,24474,81105,46193,80718,67209,27332,77077,27418,60490,54066,11079,63259,26210,86221,67500,29122,62648,39407,25515,35123,24518,57183,80729,88394,33551,24562,83121,15202,89395,01366,09017,70163,88047,78020,86103,66052,27633,25238,57619,28168,65094,43143,60220,52398,08226,07084,31419,87165,43193,79302,57195,36086,39176,95183,16118,95459,59099,11377,31401,45336,02652,31189,43177,49271,91547,26223,61367,33030,25207,43125,76090,57371,37014,71358,60283,86119,32192,60185,27009,73117,08073,61308,95445,69067,56260,09188,62181,60406,41090,81021,31443,33027,77203,71397,31167,12025,24101,17416,81293,07047,51165,27495,63007,31584,68216,02590,36036,40311,76403,42006,59191,78497,84004,18078,39046,30142,24228,39246,39114,26067,57629,40064,25519,70257,59581,18094,86252,24189,76632,04102,40142,46312,46125,80512,25009,68152,14601,33363,31432,76508,65457,82145,54452,43017,35088,27259,80112,54546,31475,26074,25503,43114,01331,16400,07068,11163,54480,56004,14510,70308,25365,21406,05166,76083,33264,64334,54477,59266,42193,88286,78559,47017,17033,63367,37276,59193,44085,06121,79184,04158,05126,29244,40178,14677,23028,61376,11244,60140,57700,35271,47148,78192,81221,50105,34290,70194,30146,42104,91679,10202,31034,62225,45273,59345,42135,04047,30281,59231,31276,89060,62443,21588,70489,08166,08225,77063,02201,77135,71069,08409,07015,26318,28378,46313,87040,60057,16375,30240,26373,51507,15174,61234,50097,39084,80640,56198,45182,57070,88030,19095,67480,47209,65022,45280,03031,11424,26362,35055,81167,74215,70454,53110,04061,17346,24422,62590,51315,50161,64501,60149,68208,31395,62522,64170,82143,87159,79136,30026,67526,77288,33160,57180,90041,33429,28283,37275,62344,72010,81305,60533,16382,58065,33189,64464,02122,28411,08295,65096,76483,77113,52312,14762,33223,67370,05031,38166,44001,72359,85277,37004,02760,64284,27135,89100,60359,60462,88093,26209,10220,52337,91648,62176,50536,39472,71140,01155,78650,90098,21176,25273,70272,31135,54350,42037,52426,66013,25129,21145,42088,01370,08035,07342,47094,59254,50379,50126,01379,10062,72086,03127,67145,17053,49192,31303,63265,08362,03283,91525,62551,33179,50617,86148,34173,85132,51639,50588,59037,29081,32310,51224,90018,68111,67247,06158,85062,70021,03160,29191,97608,81096,12288,60438,55165,86045,53153,35117,50641,11041,68345,44166,97410,59577,51526,88478,22375,09256,88203,44201,14555,62090,22184,67493,77394,14061,77071,89407,02295,37030,05100,63020,65472,34272,51052,88025,97211,71108,09121,2B079,54248,95120,70405,62182,62656,12265,80479,2A288,08378,25208,89352,43202,58202,62608,08276,18016,24200,08410,54193,01238,63431,70435,50613,76455,97603,50027,78138,29056,92002,79191,10408,2A100,70548,36091,62041,62415,56163,46124,76109,62491,64090,32021,57436,77284,03200,57414,32214,24128,65420,26275,27629,10345,34075,34174,27194,10193,15055,77384,68087,16307,27358,21249,77416,03201,91226,53245,2A196,21382,21493,44200,40161,21190,81054,56013,02711,62140,33201,64122,80204,31148,10110,28034,38547,54184,12169,38056,91434,67535,68228,81192,71296,90044,30029,10064,68132,42319,72139,26189,47088,27054,2B286,21622,65064,31304,19221,80590,67043,49082,76536,32389,34061,11126,86058,34113,60547,11157,55237,31185,14320,32242,86136,78398,12233,36224,25590,41209,71483,57611,67012,49218,24121,30345,11374,08245,31243,28341,27173,32388,45152,55370,27489,54381,61404,65032,61012,22134,33020,81152,68227,31012,76382,59131,2B180,23004,42034,02775,67124,27561,46247,62702,73092,57288,54021,57103,33191,94068,46139,31054,88023,53157,77380,02040,88162,43077,54535,33437,14446,80746,70278,59483,26315,69207,43039,39230,39523,33126,57538,54272,82080,70549,27411,77398,39284,02614,60372,77114,70357,34243,57552,73147,57443,79311,36077,47202,55429,21241,42021,21055,23050,35167,31175,57665,89219,76507,54578,28324,77251,86245,38219,38402,13105,76121,60509,69104,76562,52007,76626,51361,80544,59393,33187,76002,79164,57757,10362,86214,82108,05099,73242,85172,33048,07067,21237,85120,44149,54278,64296,21425,70371,43069,80502,86207,18145,2A027,24304,91552,60586,30204,45056,14023,26185,78615,88307,38248,32287,32227,07220,54592,25629,42151,52017,56258,37049,21506,25153,62861,89061,64186,33335,24224,43204,59520,2B030,21311,53066,59370,88043,87113,32121,76163,87096,57492,06001,39477,28398,17458,31233,29087,95304,80185,67361,21245,27290,77320,28053,40154,63123,70269,33257,62837,33226,63381,43159,81027,54340,46178,58303,25526,17331,70580,67152,69275,88250,70501,57100,41218,28195,35333,09108,44222,83140,13207,02266,03157,24367,40197,72134,2B252,03054,56134,32383,64045,71123,46226,89384,50353,51617,71547,29003,79076,68266,45177,59391,40123,41211,38418,83051,03211,02783,16189,59630,25447,50172,64483,92014,14529,55018,08145,38185,02334,54439,60474,64120,38153,63261,67250,36188,59451,40245,59464,71193,55421,50279,64478,88438,55282,51139,60135,62803,01211,21159,39133,76492,62703,61372,60013,17275,48192,62641,49217,16056,62554,01050,66154,62800,61024,13092,21497,57110,35187,64533,39093,65350,16258,74180,67037,52547,17422,57386,64077,37191,08089,10189,49163,86217,42266,02661,95287,14338,87094,48046,32120,45279,01328,68249,60105,70012,37041,25455,91069,52159,56216,01105,38352,10319,26231,74122,86007,34306,59127,47244,70306,34242,65366,37241,77396,80776,59003,02388,88418,65362,76346,90071,76509,59600,31462,55047,58252,76484,02096,05167,27388,27686,87017,17339,23236,88275,14211,77500,65439,52131,02699,61087,37048,71017,82077,10014,71473,25008,76045,45188,80096,42079,54279,15178,60426,89265,62026,2B097,10254,34059,08217,63405,70396,63136,93074,67090,59431,69381,66159,14299,36064,95392,21409,30169,60566,28308,57055,80008,37065,49086,23009,07263,69068,36081,72273,12202,37277,55401,07089,15043,67079,33003,34108,32326,30150,35175,31408,39077,76719,11309,21617,34204,75120,62265,02785,60410,25539,43012,60031,60510,02588,88106,65308,72188,71150,02510,54070,53012,52075,55508,70524,17277,10045,68243,03155,38282,36129,27618,64371,85269,05171,88448,65314,72073,66136,11234,33098,54430,61108,71478,54245,79295,30005,28329,80366,18246,77286,32248,26039,67538,64204,10341,83063,60222,77119,80425,19123,27207,38481,27429,22037,15206,48165,65033,12148,76130,67384,44047,34341,50230,41045,25221,10353,52386,38037,65005,09165,71195,73284,77316,44108,71343,58300,25026,57397,56171,26204,72130,19145,65358,71031,88278,80157,37238,71496,68362,76544,33182,01082,62517,80180,17025,06019,50263,78057,51210,62105,21596,60120,10350,54074,42025,21674,17386,34269,71173,01260,88168,70341,80737,78391,32307,71314,49055,13091,87141,02258,22229,59602,30052,64462,95584,50178,17413,84088,68256,62155,66218,27541,41126,12226,17236,72020,24405,32426,2A066,61041,22239,39434,37085,42127,80109,29124,74050,07309,01344,54425,10432,67017,53139,01225,59046,82120,10226,89022,02280,60675,46072,14533,66101,31398,64392,15180,06090,16034,31548,39263,32378,94076,45102,17122,54561,66060,71206,04214,27592,70047,14220,29211,35273,01403,31327,2B193,19241,21100,09277,58177,33218,07330,04151,38566,50371,57129,63404,88096,46301,21678,77280,46151,58281,73278,85254,75116,69072,71400,77429,31517,2B171,48070,80066,23026,68120,42162,36205,65393,16007,10286,62270,83130,12068,09327,38423,51019,02701,2B287,25323,08461,63267,12211,72173,62673,03095,33434,71112,57350,72380,32340,72256,24288,34018,65121,73027,27108,08146,08052,25322,10396,17274,27282,19215,2B175,28294,17038,47283,88470,60261,27379,10373,21471,64150,72309,87035,56079,10321,09026,17165,71068,76386,01084,62275,25617,86066,26023,32322,70305,33252,19060,60339,70196,80264,51094,65075,54274,94046,71038,36243,80820,24195,64039,64091,76529,49121,01384,68361,47225,94002,09341,38362,21201,88352,63202,71210,97217,88340,31081,07343,54062,04023,18062,62535,14494,81017,08412,01061,73139,70321,31340,27376,67300,31037,60076,21574,21481,57454,28355,40084,45254,38496,46064,62113,08284,31259,19149,21526,08312,95370,50159,30165,64106,51503,62685,51263,59582,66158,11307,17071,37245,27123,11426,42310,93063,41171,41161,37255,27341,51364,50006,12053,33141,14457,11379,83097,54547,27438,65444,79100,91200,77328,04186,86075,51476,89374,02743,10041,83137,55453,70042,32380,59414,60036,70420,47217,68017,63347,68218,35148,39338,02191,02820,03266,89262,16387,60542,15132,34299,58309,53116,32244,2A203,57221,65270,76136,57182,24059,65292,62456,89264,36038,50262,85010,33236,54411,30274,24397,07130,62547,88048,41124,22334,43128,25350,36237,31153,32436,24237,47102,02445,10113,62750,80750,53043,81215,17026,79003,40008,88403,73068,45231,80261,14044,41069,51365,40095,89467,09242,76219,13108,67555,88147,25246,70109,49090,21129,27665,31103,54334,31476,26364,17110,31552,27010,46070,45001,60658,78501,08413,50621,14165,12253,59304,72074,84091,62781,16401,67118,76523,02703,49331,16170,52070,43180,38046,12243,39277,33490,44115,33156,76360,35190,85202,57742,40131,17195,47014,14661,59203,50221,34136,2A345,33256,17052,55015,17232,64009,76666,41181,76226,53236,65390,02126,77056,88485,25270,63438,41003,61257,37125,60074,35361,42022,02214,12276,18193,30311,86298,41278,25445,61105,17471,59450,33157,59165,56158,12197,57337,47111,38225,27001,23172,71262,06027,69125,50468,02011,23110,47240,78640,42182,14089,32096,51571,54220,31113,87161,51308,02724,31208,12002,85087,86180,73123,61342,61485,25074,30315,35265,68080,65077,42141,60132,76653,27327,82021,28336,02617,41145,25589,38267,43200,61159,06162,35130,80265,76143,80565,67217,63170,76085,33415,54473,27564,12136,14593,64457,65392,24541,58269,39364,27390,25579,26322,14162,80828,54296,33391,82121,67122,59091,40204,31308,24100,64376,24106,28070,38076,70274,31066,45282,22031,28257,52137,80188,47080,27342,88229,31080,57727,79074,88480,50088,62080,34125,77083,76178,11117,27043,13049,23106,42067,45312,31444,51504,12238,78163,21428,14045,41087,32379,01016,24409,29275,10259,04195,30259,80073,48038,70144,43139,80526,50360,02326,07163,61156,33440,79116,37019,67033,02513,80235,52193,54017,54429,47130,57457,87091,54456,57056,89263,89386,60129,25482,74006,67256,08237,50276,63189,63307,51177,83056,42066,09060,90059,55428,32346,59477,77483,29104,89338,30167,60645,62460,39182,58090,61443,51190,16206,65059,76413,57247,85054,50362,26295,50095,78520,12144,51130,45031,63470,41296,46050,77032,61069,08074,79258,53199,45116,87021,89284,59598,90035,2B010,52422,49355,84077,08307,40177,30067,13024,89311,27275,60517,06023,10251,10002,38173,68037,32174,15191,38049,72239,15258,64261,11343,58020,50584,33331,58068,15182,21523,29300,28316,85161,49201,03285,01400,70492,38558,38413,21381,55586,31360,31280,82105,33438,74123,67499,27476,10249,51030,89363,51283,68138,17089,76021,50327,86296,25001,88379,47009,78481,76397,54509,31317,47041,39220,09235,30261,14286,77002,51175,42306,14312,27386,55325,02649,86008,89419,52133,27650,40218,83101,18013,58306,83035,55228,40158,69194,01141,56185,54277,63025,51546,36042,29078,68278,39485,70373,85119,35295,70563,67180,69046,60174,30257,79354,52363,78367,12047,44109,30221,89244,78464,42047,24246,45030,69164,21695,92022,71485,27141,41250,82110,08268,10239,62905,01067,74073,39399,80402,64205,24274,74257,27248,23060,54310,73328,51185,08088,25557,86009,88267,70160,08478,40188,84001,44013,36159,50431,10003,62033,39377,88158,41101,40290,77086,48108,11054,12006,17427,51128,78118,63143,57134,60697,50317,62857,16060,64198,62276,57357,38260,66071,22118,38120,24323,74254,50102,40273,59559,60643,22345,14333,66164,09342,84007,29010,61162,39314,67084,18019,59531,21123,2B188,69256,41116,72320,02714,34238,76022,24328,11024,84069,11232,80593,83125,38135,03045,33367,28366,42147,58147,22226,61089,74193,97616,17028,52118,84047,32411,59255,24549,14445,41143,54006,68366,29226,77342,34151,71408,61107,51643,51584,17426,55573,49140,40159,32457,71043,02629,62825,88164,21018,60489,40092,17406,01159,03051,91294,47093,37047,02312,62510,62887,17060,54284,15050,80231,57107,11113,54333,54399,71269,16363,07050,04069,04106,2B244,44037,32453,66092,52231,27124,80086,52066,71279,33080,39504,76106,32343,79268,91099,54369,57391,54400,67253,03293,25390,65257,77307,12262,45229,80758,51321,34072,03158,10250,73315,14365,82178,03182,84081,55269,87085,52487,11188,71336,42016,37207,55292,32103,27005,57214,45125,31341,40027,30114,02017,63069,40225,55571,64456,21531,43195,23216,29031,42338,79167,53121,58274,63140,25614,88471,80825,34239,57144,61203,21352,62017,70448,24359,19097,69244,27401,18202,73076,83123,2B073,52196,10114,73124,27216,77019,78237,52374,89128,58031,81030,70575,47097,59447,21105,21659,85064,65432,89308,52428,12036,33026,30082,31064,28045,55027,27571,81131,51565,60519,31481,80736,28149,16186,02008,71257,50305,41287,37088,10137,62035,87003,61092,62342,34187,68024,40057,89234,74102,89043,70097,26141,14737,76216,89236,76621,57328,21557,76419,07146,42142,62185,62591,85114,08084,01402,50281,89480,89108,56153,25125,60642,57305,15233,02549,69142,80450,72195,59195,54443,11110,61120,22105,38085,39283,28107,90001,49017,42282,89179,67368,16069,26234,02742,60241,11190,25190,45212,50405,11067,65340,26241,09122,71514,80013,91654,39492,02178,70505,25236,59132,47134,73257,77001,68135,71424,97227,71014,63333,72232,57655,86261,55311,07106,24226,2B082,50550,54196,24139,18231,01266,14345,31124,76107,21369,63283,33075,81214,02293,59217,62770,09326,35155,64286,89291,87110,28027,71202,26142,78133,70067,76697,22139,78431,64316,16403,02291,71449,59584,2A032,89151,64378,06064,52092,31179,84098,77219,91027,46268,39439,71102,61297,32302,31102,08350,40200,83144,32038,32066,70243,62439,88388,76079,64162,62228,55329,11214,73317,2B314,25044,76461,78498,17367,77418,50168,58057,38504,03072,92023,74013,68343,55008,97206,27280,24414,90072,05068,90042,47117,43086,25528,45069,42045,39187,65450,44070,77465,34297,89194,08188,92062,60688,03246,88059,46243,39570,88027,55031,02241,12162,62624,50310,17355,69294,24060,66142,71186,67085,59331,63216,80393,87018,25171,65230,38455,71471,59454,35238,30145,84039,21192,58249,57579,69387,38389,61366,68363,30111,79249,50236,15156,2B055,02366,57686,45243,31063,26043,32163,51448,52550,30011,21620,22384,30208,37069,34109,03112,47300,76356,57403,17117,64234,57616,08421,52264,50345,64210,63030,22216,32440,87139,61018,76426,53013,04182,34258,57047,31406,83072,62484,44096,80271,01027,14571,76283,31547,59457,07102,56010,63210,19281,57153,71567,78107,69034,17288,24357,07112,17215,04205,64111,87112,29179,27530,02665,07204,47275,28158,73312,83077,71168,76245,67304,93066,81166,2B122,76677,80388,13087,14083,62416,66209,08422,43137,39175,02278,81311,01397,11239,55251,23186,57431,17398,25093,38359,39298,86113,07253,66100,54247,26320,10148,01093,02690,32207,21045,71076,27366,81289,25019,54238,87068,11373,43092,48020,72250,32196,31334,95633,63175,88032,82149,88486,25602,2B338,52507,63076,64521,35198,61422,56054,46319,60541,01189,2B273,63425,46102,44197,19104,71075,57353,79159,74068,68224,60291,02186,44065,71461,14469,60535,89272,02089,62286,40283,59238,91458,76312,68231,86164,24482,73040,41006,71243,61151,47061,13055,33345,55127,86273,08056,12133,01358,33118,51403,17077,39547,09230,23003,55580,50218,46107,28061,25116,40013,07076,02033,65182,18100,15080,61397,21084,54159,66106,76423,76577,48124,62242,43093,10271,11297,11421,25546,25376,81186,49054,39331,09150,18038,74055,37129,47219,08082,22208,21455,03294,37045,64414,41020,31566,88028,32048,38151,26129,58294,51033,63454,76335,04008,59179,37074,89232,07064,57463,42202,67519,87154,76329,40135,54226,63418,53030,76619,60341,74128,67298,45323,15230,53201,60012,80643,42087,78389,59012,25542,14421,74203,24179,79145,17022,43068,37222,01401,26057,61375,45058,21354,50031,76505,40255,38287,02256,49328,54343,45046,73100,26049,52494,65317,36115,12137,55248,95250,40321,21133,50050,23018,39190,02181,51587,66114,15127,31591,60315,59385,38396,06116,68077,02375,69239,77003,10274,21639,70081,39209,2B172,80637,39142,57625,05085,66102,59452,08239,52230,10125,57163,19265,25580,56063,59166,88007,82038,57242,30303,74103,56089,44178,32106,18057,47185,17438,55389,21154,63122,61064,68333,87134,58159,71299,57146,88209,31269,67150,81245,78120,08135,69389,79263,32033,46045,27546,63328,07196,67203,17266,63041,33068,71092,71110,62714,91184,22194,14726,33498,22199,64112,46016,01208,60520,17465,48050,91589,73013,46186,32116,23170,11342,70119,01235,60456,60635,14214,09117,07294,64477,37128,52106,78261,65315,38546,36176,70230,02595,52187,50433,17477,76111,80197,14590,57689,09015,21611,31430,09093,35257,11338,70288,95351,2A204,38375,68190,65212,41265,27690,51256,47057,17437,34317,18092,28108,22317,15170,28272,70205,32233,21278,25342,74007,81292,80131,39278,12024,92078,53134,51434,52291,80122,42262,01268,62730,72377,78125,61160,09053,64391,30071,01353,54209,63251,21361,25182,42010,72156,78325,11030,70363,17059,62058,30010,49023,14403,36027,76501,80709,72253,24548,80439,01346,51197,29184,51380,21204,63150,17320,11414,76454,58007,26332,77058,09283,74085,33540,79195,89161,50616,39090,80671,56161,97613,31086,17206,2A215,46101,26134,51204,55408,70164,62529,67408,90023,62860,12139,40053,09222,44216,17485,03269,40162,88364,53031,63391,52211,62481,05051,50592,33175,45072,38055,91494,35030,33390,43221,71544,15021,51490,26093,09059,72234,02681,25441,80332,59506,05082,10120,23160,32108,2A103,47033,31119,52219,24580,19126,09131,58211,24494,22193,27164,02030,54574,12193,51528,72049,25545,73318,76306,70176,54455,71442,68040,67240,69082,12188,76159,08404,66116,57513,63162,27616,32234,61427,85104,16067,14620,68301,71401,97357,51351,88458,73011,33285,64331,21357,25437,14131,66005,60170,53203,07318,76506,38360,76662,22350,65167,17287,67143,11010,70078,85056,43059,02333,14118,43259,40033,44208,25138,67476,27529,67252,41013,54116,14369,18111,77013,95422,64119,59614,47273,60342,11121,79094,14103,11057,03001,40284,74314,57267,23250,33494,18063,47081,85248,37124,54219,18280,55523,57155,11243,02243,25565,64351,89370,59401,18158,57269,17115,03164,89218,50382,80790,30096,62124,65341,97302,21449,11346,74221,81148,60289,44153,34318,46293,35204,57282,79034,01207,63152,88219,66002,46126,39436,25460,71518,91538,77004,09181,57151,74018,95438,29005,72105,07008,55065,39094,55053,11147,61202,22097,80315,77477,42201,65467,50507,85287,70527,21554,64066,66169,65410,18086,16210,26336,23168,51010,90076,04237,54134,33287,44206,36143,58145,82096,39479,72202,65207,37176,89365,14589,87143,67013,05080,31149,19236,33439,42336,69229,18277,01236,23093,80084,02137,65084,65416,21108,71062,62514,03047,57216,17280,10213,32432,02064,76295,65245,21625,56208,21217,80701,38112,60687,37189,70092,12190,27118,79229,67126,65185,57482,52367,86176,82172,21500,89023,80239,57746,09003,80449,52525,60383,80004,23177,63121,56051,59590,74146,04201,67044,17379,79165,07139,63209,11419,72084,41208,76353,2B347,52331,39425,78299,24097,02519,06076,36011,36191,76733,57114,25594,88309,88181,34126,01338,08377,09076,77256,71059,34281,19076,10378,54591,52315,2A181,25288,21587,02654,42283,89113,39015,35114,60503,06030,11375,31226,16347,53053,86142,63054,33386,29232,38035,90064,74009,50195,55245,43227,13047,11129,67438,47137,15104,69139,06036,33136,24186,89399,61295,10264,78548,26015,55435,81140,67071,62375,88225,70485,80789,36085,16001,21541,08098,59294,2A090,07033,08489,52015,85155,51106,31450,72175,57207,65141,78242,80485,64474,67485,31471,89115,42099,55493,52223,08097,55339,63187,35098,86032,68055,17354,31439,62530,85240,51477,07039,51568,19213,79121,89210,19125,03137,87067,54587,69299,65131,80329,70128,59437,51267,77471,79278,01443,28231,15058,09035,30268,44071,24190,15205,07111,74315,65228,55140,97418,25061,46036,80824,11143,21389,64356,54132,76485,39168,02292,82103,25338,37163,58062,50569,39446,62799,28388,40296,2B137,14325,64507,80833,83040,77224,43135,63290,17356,40182,50087,80823,67307,76578,54488,57346,76440,59547,60505,76125,59490,80414,62475,71085,21536,54048,17372,21426,68222,17148,01130,41135,27049,51404,05007,59418,01389,03270,44175,56055,01318,61062,10192,29293,01282,46336,03030,74060,02822,55509,65054,50146,80501,95052,46337,40083,56195,46056,03205,55352,25020,31234,64548,11211,60476,25600,12125,32045,18196,17269,17457,59518,40128,46109,68029,51451,72029,11411,14401,46249,21446,15025,47221,16163,42301,80546,10223,39452,54308,28159,52087,61314,80775,45047,09276,02680,33106,13111,92060,67096,14723,87201,28110,50054,19079,55567,68172,82090,77338,45082,27351,50421,56094,88208,03014,22073,46211,27673,11132,36233,25506,80728,55420,19010,74255,71352,35052,21485,25130,40015,57467,68063,64074,21266,70569,51591,25635,80764,58233,02233,67367,21014,60594,54320,57622,45149,89021,45310,25405,51023,52469,43136,62023,88400,51372,29089,03276,60103,46035,40016,42084,42271,61500,79050,11274,74303,70429,10170,54401,76706,02112,76691,32143,16300,41153,29072,15017,38439,10255,2B313,48061,71438,89271,26162,24523,43115,43174,02047,83117,66042,11124,76332,78618,16177,23249,95270,65468,40018,41072,27070,76034,41167,39500,52319,53179,67116,34141,01212,05180,70526,55025,77238,70048,77505,59566,80571,77274,47143,70463,47040,62347,54533,30320,05116,36228,64171,59643,10442,25225,57738,02144,81320,68189,81250,57415,89196,54280,60613,62233,71306,57604,53058,17178,76640,07147,06125,02281,35133,35350,53137,54437,87008,33306,85141,43268,16109,55582,97609,06142,55496,60604,25400,70392,91553,24406,89361,19148,62773,80554,64084,67537,64560,61093,42059,01426,33388,14036,13016,97111,23173,25231,41214,67263,87057,57490,14705,23038,19150,32109,67487,16165,28054,25551,71355,90069,67097,64380,49211,39393,54176,30282,22074,27105,25479,02046,59291,42041,47317,86297,04116,27669,30093,45333,76446,31502,30098,42056,67155,61279,51119,21359,10267,95134,81038,70398,68140,67272,73246,38507,33513,08387,09172,54156,42253,80566,55156,63006,30140,80281,58285,22112,74293,35031,24028,36111,81150,03275,18032,16388,27089,14720,65199,30336,30158,51274,74294,10402,62459,85294,70561,89057,72271,10240,66195,31540,52344,47079,81310,60281,33472,27462,05008,47112,64057,14694,61206,50152,62900,35119,72078,50183,31028,71591,91079,80369,67504,18008,60143,10437,25204,37109,50019,19249,58086,32249,59051,14104,57226,27133,02799,56023,21127,57703,22381,12166,59124,34298,14609,27528,04167,21306,52523,16383,2A363,53084,77112,03217,21600,60338,52082,11095,86037,83152,50231,22391,56109,70571,13081,77024,03019,23046,80588,41014,71348,54054,59350,31272,92044,02128,47052,64475,51359,67481,46183,80530,58015,65142,36231,62355,87063,50539,27008,02166,25200,16176,30313,68150,51012,38523,44120,42166,51237,14015,59626,32086,60256,77295,50328,64409,81160,01107,73289,10243,11354,80500,64015,25435,70086,60165,71097,85216,63188,40106,60593,31198,26284,46213,40151,30322,21326,71171,14068,63449,67215,95298,37272,84078,47201,2B298,79201,71545,02361,23129,09279,52517,78171,86116,02779,59412,53018,70488,30089,08496,21703,60447,54150,79144,14621,30317,42103,16123,64096,27099,11267,04111,80220,01248,82009,60316,65346,61171,57416,51041,39006,85154,42210,66093,22236,21517,80411,59281,57235,17093,68325,26008,02462,34119,33195,52538,34006,49374,78551,81288,57501,25007,27680,17440,33013,01008,25504,83112,09083,03260,46282,54089,52147,67428,21042,27604,70532,11032,81132,27144,10101,31006,24470,55194,80577,72324,2B042,81041,60433,14225,12105,89031,30224,24567,55178,85099,43063,71568,21590,33294,80184,47024,32197,65473,18096,14495,81196,33364,58258,27360,54250,46085,63364,31201,21648,55522,59309,14603,60627,31328,57681,51170,62043,90012,68148,83011,22014,65031,65307,53132,02053,30088,17267,46020,14070,57189,72101,28422,74121,38124,24461,29079,95056,36088,63118,31366,64490,17327,67191,70517,21136,11116,33485,60023,34116,79236,65221,62306,25624,70130,01359,65401,88429,73252,60380,45210,68217,77147,63117,32452,73196,09299,76527,17235,07282,29180,07337,39265,08390,62257,30250,76123,31539,58123,62312,95676,27640,63332,24292,64487,18195,28171,07030,59026,33129,72204,84136,38221,27239,22224,31001,78565,44179,02316,08105,02060,57498,04156,66099,38490,28196,69036,02750,60358,85236,13206,79351,25316,05054,62425,15226,27451,51579,02612,95028,58119,67413,25343,55078,19189,32296,55528,60546,33165,76405,24465,51259,02626,14764,33272,27359,30350,39319,17223,68370,64221,21661,35225,54576,14033,78108,71405,35297,76753,33427,07182,52057,35311,01030,84037,55583,17418,38140,49194,81254,80601,07175,95353,11422,66211,62485,91691,10074,25567,23062,59409,2B033,29224,10282,17362,89414,10399,50407,68294,29222,68075,77532,80050,63360,83084,21578,61196,03259,65174,59413,14251,25274,67280,85088,27424,76366,10156,13075,17173,57352,18155,88493,07281,67452,63156,72360,71456,24481,62438,02226,38111,61102,42064,79316,02537,59198,71118,21478,21012,52269,09312,48019,07179,11253,97223,46168,70383,22211,90043,57081,85078,81240,64041,54198,33470,50370,95523,72244,64113,51148,28408,87077,84110,14497,27266,60537,33381,62720,65363,55387,25021,50610,71500,09040,69069,33137,21256,39076,24498,52475,09067,42215,33138,80047,45240,03231,63229,87097,22023,21373,32442,31534,55517,08439,72355,77210,14625,08354,2A331,86268,27663,55266,14488,25289,65172,12088,31036,77054,23058,16230,55434,28015,29245,28391,68050,61056,82053,38241,82141,81043,76311,43022,02522,51346,07082,53189,88215,12067,27162,77486,34203,34185,73283,07301,55270,39103,11123,38043,54482,27676,10134,39254,50411,15102,80767,88117,33228,21203,11189,72065,29227,14169,54552,31582,30256,65158,17268,39178,85125,25241,64288,40303,53195,27562,61121,11044,57675,55446,62782,35127,51200,26233,94078,24117,97415,55419,71027,73265,18224,17119,55073,71162,14119,80330,30080,66206,53255,35286,15081,80303,76355,66181,31309,15253,50070,2A132,38420,31114,25556,62309,64249,72226,37057,30122,08417,79290,74032,45293,02320,80426,81191,47321,01216,60657,74062,52097,12100,63396,60314,47133,65306,60169,56007,46264,62070,78147,50551,02643,78317,55557,05049,42297,13036,50474,91330,33197,63218,72375,64178,69024,22379,91115,80214,2B159,70133,40220,55180,50266,18058,47292,14016,33538,46307,61416,44171,58005,64528,34181,80531,40125,25222,08216,67340,34329,66104,76680,41128,70253,01422,76470,51320,18229,27044,81028,63390,08175,14399,37040,78043,30353,47293,31454,14753,15181,08432,66015,14482,83103,77141,54084,70521,22145,68157,40073,81011,81315,89397,54432,11440,52313,56050,62686,34244,35310,56074,43240,51284,91461,51176,71369,67283,37104,46197,40308,42308,80295,06045,29292,32468,63377,42273,62704,36067,14050,63325,22110,37253,80333,50619,54015,51118,24393,33214,85285,16003,32240,84049,01013,03074,63294,80189,85029,74224,24564,46024,02446,44007,81133,73215,67303,62436,32243,91661,43191,03003,34137,65325,86157,30297,17305,76694,42218,40143,80572,88308,69167,72346,95436,15248,71283,88151,69111,21337,71474,2B150,79341,54282,14224,64513,24311,63359,88169,04226,10246,32047,22170,14516,08330,32089,46218,41174,24568,21061,37086,2B152,44203,51258,10331,14674,62473,80702,29186,04030,56126,36040,33517,04227,08483,10179,27403,02167,01114,57711,91001,64379,61452,85297,32044,39307,57050,66059,53023,14168,76122,50258,48068,65311,74046,52369,72316,26145,59033,38353,22171,51049,10139,09328,51473,59007,39453,03092,45095,62429,30163,49021,67410,28081,57039,34294,11337,14473,38110,31479,01153,76186,33288,25117,76239,74279,03286,45227,21156,02466,05168,85077,75111,17300,38326,37082,22079,56135,64336,36074,08325,34214,58096,56046,46112,23061,51058,24489,36164,41047,33324,14060,59180,80010,77458,80193,89204,24502,76411,88476,56026,04155,27346,39391,43110,30334,76715,43011,02317,67205,42209,66219,21039,58216,31422,51092,2A324,68061,55133,55193,14391,35049,69205,28057,71350,60067,18191,67194,88452,86111,39344,85174,79241,51100,12066,77509,68337,70324,43239,50034,78442,32036,35026,44025,55072,76629,77492,08333,88424,47091,2B046,86055,64366,14014,56092,43102,88199,63378,37165,39443,62595,88176,22210,30179,85017,28252,30045,09303,12156,70518,77510,19077,17230,67542,36084,86004,13063,39218,86162,52155,32385,63455,89377,55174,34084,30280,72109,74169,35015,37123,68115,55061,16308,86065,72027,26254,48026,54558,33395,19201,2B354,37006,88156,46224,18161,88454,78033,33067,88455,14304,81175,33001,64023,52061,48117,12086,68086,80024,62621,16271,81120,71217,44015,45286,67472,53208,30355,21074,55054,21324,03067,62718,80765,84125,76165,65226,68125,60672,62706,14223,05009,52292,55554,17256,50190,87027,27498,32400,72009,17445,65370,81012,76586,32372,27591,64280,14586,27507,29230,69148,72322,14341,2A142,10395,46163,28048,33088,52091,01104,75117,65013,26357,66207,18028,66053,38487,70275,07078,48100,52484,73313,51151,33247,55341,43095,46176,29155,46223,46277,09038,47165,67192,45049,41147,63171,51512,19109,23131,70171,28132,72067,62502,25261,02318,31128,69253,56170,65089,52341,76542,08418,25544,52107,25142,69286,02427,31561,09179,39083,03089,33130,86161,17285,18002,57257,80508,18268,16148,84114,58117,21609,54300,01264,02071,71520,40292,30182,25344,25410,51358,76563,76009,39233,79014,12118,25500,48083,23020,76290,45089,09086,28030,71143,36186,50186,2A064,80145,07031,26001,38045,72347,60278,60311,91333,53037,40031,27309,44086,08111,54239,17345,50003,79038,51105,51260,55351,57484,70425,78356,21375,70069,31495,33412,65313,07306,37079,33004,83139,82177,58179,54438,23197,63399,44009,68229,88528,86183,33475,39427,91508,28291,86228,56130,91613,91081,39530,90095,16408,14465,88515,19164,33400,94065,80649,38436,73004,58063,56033,19122,56009,62048,89246,10209,39232,35321,72366,26040,02013,30172,89235,08081,80199,24124,54095,32456,46061,73142,19138,54348,89180,27294,57514,23099,69056,04022,40157,50451,69047,04191,26058,76583,62878,31382,52039,57292,46007,35340,36002,77382,52242,55139,53097,97106,57404,91657,43008,07299,07137,33329,89285,70567,92046,27406,38272,02485,50162,38543,87163,63023,45105,90085,23030,24145,68340,62349,57765,17036,82192,57718,35230,72280,42156,41055,90087,78372,58104,33241,41026,21618,51402,39286,34193,59422,29066,69033,97419,25178,47213,26277,80344,14147,80469,08244,29057,87005,31101,89478,54162,65379,27169,27208,76240,60079,54523,67167,64341,83134,45004,59399,60677,62341,45262,21556,68143,63083,67048,47174,59114,86049,17202,63113,52060,76604,01374,33134,11362,52203,16039,91526,28273,46039,25554,69092,39432,53005,13068,97314,59340,25452,02003,08366,76042,54227,61271,65200,42272,80614,43186,09095,68199,33258,34004,15228,57017,31480,39469,50587,10066,53007,40149,60138,71250,19005,24345,54474,43097,04219,74231,50274,62662,67352,64359,67423,31160,57234,39016,11087,44186,87025,64424,12203,12292,74299,02127,43045,70147,69277,32124,39132,88457,10349,31542,57685,08332,41196,82129,89290,12061,02359,57662,69062,11053,01001,25179,61467,70583,87048,33196,08379,10182,33017,12206,23035,65458,23109,31512,30348,64115,89112,42091,31093,23105,30133,30291,52330,55111,62243,63373,27287,62191,14171,21665,39480,39493,15054,89392,2B303,37137,77236,12205,02132,64551,21671,02618,70058,17409,17130,63230,62190,25362,47233,02662,55264,88333,61197,59035,72136,35223,70049,58077,72007,33074,67045,65479,81174,61142,63274,67385,53090,79244,02035,16222,71225,26351,50261,78029,02525,62245,70150,63174,67144,38023,38019,24211,45271,48010,47295,74249,27677,12224,11223,57481,45181,10020,70393,68198,19274,39537,65261,34022,30062,57104,58240,56002,60157,40141,57046,57725,59141,14343,21199,19225,30028,29068,41127,85136,51111,35061,54181,70419,97304,40261,58056,38406,01357,16207,65272,44076,29152,07001,74276,18206,64031,25277,64240,55026,34035,67366,59471,85133,56035,14079,88357,19167,16246,47205,23167,64207,80725,41236,03049,14684,61432,25193,31089,24223,32337,03177,60624,76275,64241,86019,63417,57127,86002,08455,59133,10297,01094,80316,2B002,54253,35353,21476,43241,79198,71253,40098,63451,67198,72011,63246,01007,32305,33528,37205,64480,19140,09004,76588,81203,42255,91017,91463,30260,58207,47181,68348,09145,86036,62657,25564,76441,77240,66026,40052,23228,17382,02802,38456,38080,81304,80161,47096,48104,17047,61348,73010,27078,09220,14368,62601,73094,69020,77322,54321,57659,47039,34312,18088,82153,45094,53190,47220,48065,16253,39323,35336,12042,35066,08184,08029,61423,15261,09240,19239,25025,58029,51538,72313,02271,09116,24379,14739,70356,74272,30076,69088,21298,52178,54472,70507,47158,44099,49333,86088,76389,51125,32288,61028,62754,67238,55150,81256,21083,11305,04127,59120,68062,09049,34158,70175,77293,52022,27646,44003,50138,80771,21706,57061,08102,59024,70355,08134,40314,21362,01206,62282,48176,95612,27478,40026,27369,48080,50456,55405,27514,33442,01188,03122,66044,63138,57030,67184,68149,83037,01307,27552,65337,53185,89288,33101,80583,67109,90062,10175,19022,55204,23214,63344,62495,18132,70293,59517,08230,39249,76139,71282,76566,82094,87144,06017,39396,50175,63270,62366,95012,06163,52028,74184,08132,52227,67417,76012,24109,31490,27394,67021,53067,70141,46005,2B366,21489,08329,72176,50267,09154,24582,66224,28210,52520,95303,30278,39320,53251,61168,88363,17082,63350,70522,91692,63313,59640,59077,59485,42233,21297,02748,02242,51654,51662,62368,03022,63281,63091,10398,62778,32266,28292,03282,17479,67365,27459,24478,81080,57086,87158,02330,84073,35171,63149,14261,72015,07194,28056,80673,81188,10092,09339,07348,51078,73153,86031,14030,09047,59317,51471,62132,57460,08360,91435,10294,05073,36023,62507,46065,21628,54142,60565,56077,54235,76648,69003,34007,15101,62531,18148,23190,68176,51098,15096,30130,50199,91130,02200,77014,41040,67488,13095,73043,33168,50538,80622,50491,60340,25262,02521,72098,25356,57635,68331,19075,39513,04101,56058,71078,80757,39461,88222,60608,42188,64149,63223,53173,73181,64001,10379,76229,51352,62880,26381,2B153,35296,32444,10436,03005,88130,01142,56012,02567,51397,38555,70154,14721,02393,34045,88214,85131,54147,19151,28372,89005,85149,33096,26342,03126,59386,42161,14277,80537,33332,71340,38257,81070,80016,11293,52474,21288,81242,24374,38533,74218,33037,02507,54295,68167,02651,16424,29281,45315,2B291,97606,41066,04145,10285,76077,80706,03221,38414,41062,77270,89237,27582,70461,12172,32145,39041,64404,19078,33476,61096,21414,24026,67434,74147,2B093,34099,40017,54580,45067,72376,89481,58125,80675,88336,32463,34076,42323,88133,64167,61113,87122,41205,52406,14243,21712,62152,27550,61406,38300,46156,26303,81184,62121,74281,38275,08453,61213,88504,61181,24528,54433,95371,14293,80202,51074,57066,43033,55024,66007,88081,14049,93007,70019,39030,41230,05063,14706,08138,12291,19030,80253,30323,77129,80005,80434,19014,80108,88415,23165,51622,24208,57511,71109,89073,83062,12099,79175,92049,91414,16062,14085,12180,74104,72201,40238,32449,76581,25372,64303,14487,70514,11397,21623,02051,91093,68092,21396,73042,38537,74312,13210,17152,08286,03052,17196,50484,32004,41160,62119,55315,15242,61094,73224,62653,27609,73273,71361,84042,56005,17317,40175,72198,89304,62518,45235,49027,86154,62711,89278,52383,01004,37146,29193,52483,2A104,26370,01380,26016,83136,43065,16031,32254,54511,30328,46084,2B340,31413,02585,33200,67382,06068,71050,71295,10057,42054,11003,70331,39011,62835,22158,49209,25079,09107,89116,34130,49131,21011,53233,33289,65136,72186,85145,17021,97301,18041,45303,52014,73306,91363,50093,69115,40100,65019,63258,38033,26143,35237,81082,08136,39151,57721,69236,28127,63228,28089,23088,16304,64503,51273,02387,57719,65299,58254,70311,70279,77155,40305,04218,08488,17462,33461,56083,19021,21366,31363,63080,55281,61488,66118,53213,72012,89177,60526,78126,57539,72070,27061,27068,60390,42018,82138,13017,45208,02001,65147,86024,34276,06104,02162,54529,47211,11174,71422,64200,59384,59216,12131,43005,59552,51529,31029,13070,33456,28018,88522,70168,08473,11271,70074,10304,54557,42003,91273,56127,40226,58158,67301,76517,02342,62856,57306,80749,09204,02232,53064,76030,03253,43219,65276,82027,65264,60685,43237,23243,59470,85002,39163,54564,15029,66217,81125,05132,95042,85101,57529,88244,67138,53085,28219,45002,80097,06006,48037,09088,24140,10126,21689,81045,65258,66020,24334,66017,19025,57394,31533,01215,51254,33488,02482,87160,73297,27594,63275,07321,80229,01363,64326,22087,63013,77506,27245,30141,80494,13209,26095,74311,09335,29004,66221,2B077,08388,40251,76584,74273,75114,15120,51340,07238,10032,88287,27097,29148,24444,12220,62532,76404,71385,63352,19228,61212,31469,05075,59301,17430,37247,28148,2B255,60610,81034,14231,10025,51533,04197,33059,70070,54311,42158,92064,21075,39045,76524,55011,81324,18066,51281,67087,38093,39062,47044,31554,33259,18098,28031,08304,02605,78686,38339,04057,74266,11080,16091,24280,30301,16117,62227,46329,26009,59234,46208,76471,32105,27558,70312,37070,2A019,29181,60432,68274,81273,53120,54498,80627,63420,76644,33554,35326,78128,26255,54309,50139,10161,21505,40113,42334,80427,84134,33142,71064,63028,16297,30332,32141,62288,59408,71063,09006,32434,02148,62724,25513,57724,21548,65357,09295,67230,80497,72279,76735,28351,31451,79252,21585,47038,69094,33450,89468,45225,35322,71307,21504,01112,71487,50118,54572,59551,72300,63095,61244,54064,57504,65331,60322,52094,02257,24217,15144,71386,51386,26267,77366,77259,54375,17466,61082,81314,88437,61187,01427,28114,76510,95500,39386,58137,27666,02360,42277,46161,09321,65140,62738,03280,67168,83047,81009,55189,80065,30031,88496,30351,07195,38184,14509,78076,55169,40102,73039,11398,08347,23151,57330,24500,33506,79347,38322,63395,42186,54264,49330,62301,27125,03068,25330,41017,76612,07324,63225,97201,62723,50247,76758,62383,62442,40115,38550,84115,31518,66192,02767,03125,60678,72148,23150,59062,62333,61328,67018,22332,60125,10069,02025,89362,72113,73015,76737,33411,34148,52448,67509,60148,68276,57471,79085,2B051,51286,68315,71106,2B113,55302,14236,27154,29062,51390,62492,27101,06015,27524,44170,54553,86141,85116,80476,01136,62298,57193,16071,12298,97360,82023,59249,77287,02758,21166,35360,22258,77042,68328,77052,08191,61419,54313,80724,27142,31375,52461,61420,11006,33398,63238,21631,08167,63164,57551,40267,91292,28284,30040,55485,51374,30192,06066,36108,71276,14534,02194,03039,14298,73218,50435,39422,31216,21114,87013,26353,90011,70410,40076,65224,82151,15173,83052,24159,69206,28162,25106,72160,12234,90013,32459,67514,40007,11317,79304,06054,40192,14511,60139,28404,87073,71425,25464,33093,97413,01135,07311,15137,61365,60424,57694,78070,37101,04024,05147,64238,80350,03101,18082,65002,62393,54125,57512,88241,72363,39315,34110,14500,38370,38012,69260,32271,70439,46236,51519,86190,03213,51345,30232,23264,27276,34139,55182,70046,23179,27203,16053,81281,37199,65179,30007,89297,76328,08458,21484,22067,51269,62432,62389,33544,50013,38094,35328,76065,22111,85192,62569,02211,05169,25351,76019,31005,54388,62357,13011,88085,08289,51480,14302,59173,09141,58236,02713,76285,54143,12122,47195,62691,62353,51037,85093,61248,79022,59264,24547,70247,44002,63322,78490,73017,08223,59553,41242,24176,02081,88118,64141,64520,67433,17055,61499,64223,80305,65071,71305,52217,62447,56076,02170,31178,83055,51117,31468,36035,74045,38010,81086,48067,50606,11099,02806,33008,18203,88302,88520,81268,38434,65063,02425,78677,59532,76543,10435,39137,70231,02377,38214,67313,23180,09215,40312,18288,72337,87072,62278,70011,25152,38471,28334,71590,68144,2B261,70256,24499,23112,65413,82155,42284,28077,34179,72106,61241,56251,24512,64532,41073,05112,69112,54325,70534,55088,28010,39376,58286,53098,38346,41194,69105,29225,11230,79185,88252,09297,71051,40179,66082,84018,38040,44058,70304,55285,43187,31020,39379,71221,64029,21433,06144,15168,23066,41288,67355,31527,09282,67325,33401,09269,70207,35021,08451,40195,01296,33308,10015,73272,69013,68202,65146,87198,62561,32084,16055,67056,27306,68052,86089,50364,25111,43238,74108,33406,34027,24172,21067,80356,57433,74008,50194,47056,39462,27013,2A174,87020,88046,13040,80313,55379,57045,51108,2B277,61446,81103,89002,31535,80242,27048,56145,25465,71417,57367,05059,33234,18043,72076,21032,25013,35334,17260,11155,03163,10428,74200,54292,25596,61210,68004,08219,79312,45021,67545,70235,56065,09259,45253,24520,54231,53035,84005,18214,27380,80011,80170,68046,18282,80630,55488,63312,59335,78605,69084,78499,45299,78597,36090,69225,32173,77066,67527,17175,77154,03261,01042,80699,87181,35215,15164,22088,71576,71226,25472,81300,41190,87153,81278,58026,05028,78005,55380,22272,49308,65029,27496,02821,51614,27279,47077,29058,24453,56189,58261,84094,23022,62103,36172,22090,01095,27430,32402,30129,79348,59475,23175,44048,56119,57762,38069,51482,66202,64505,66083,07044,63112,80796,50633,46333,80033,35200,44124,08383,27364,52177,70456,62556,37072,97420,72056,31143,71374,2A099,44184,21522,50574,57430,65143,26375,89436,08015,25368,86105,08470,25033,76361,60035,57254,64358,44104,91086,10197,63412,25616,74040,59458,32113,33202,38170,10288,85209,89004,85215,74001,88061,26045,67289,24136,89323,80451,54234,71084,27471,22222,11287,70446,51044,18093,88270,74205,09263,32335,39199,76168,51464,54087,39458,73026,72312,45215,30154,73077,19244,88255,01011,10080,50228,76050,39355,39362,77434,11315,67502,21119,36189,64044,70201,78314,88342,77443,40222,04228,64154,80117,88447,65234,35314,45331,35268,82051,19285,09273,38340,39007,24505,67072,25185,84034,52021,12194,47053,26178,04032,67482,39177,19063,64537,62611,18101,25633,10417,02068,69182,51173,21370,88320,56190,11201,66231,78335,60513,02426,01342,21399,57563,59022,42027,31262,14254,62729,80401,53047,38404,30025,04081,55157,11094,34319,12176,57026,62083,63398,62391,74244,79183,32013,09055,21229,22144,14520,32415,35193,08457,69058,70053,80061,76203,45278,76140,07346,67369,02235,70479,01083,28050,13098,54403,37119,12247,23044,11285,71488,62107,17403,27572,61118,18144,77415,18108,71310,80726,62578,12115,46081,64187,18181,44097,57165,68214,44066,63182,61463,67258,34232,43030,70071,64133,46003,63397,32052,51636,26244,97122,61258,35064,14427,76347,03167,42112,76017,25090,29266,72087,62891,23183,22296,85113,79319,07178,85189,15165,43100,67225,11319,09052,07274,05110,10293,52370,53187,24086,34218,51375,01033,88095,55561,79046,67070,56075,18180,77289,33199,58064,24442,63084,57600,43064,87137,81047,32257,85011,45270,27421,06146,33203,24156,34133,79117,57028,46011,10375,35256,27205,24268,16350,14747,30352,56113,14535,46152,14656,36149,54393,57408,65320,70547,81177,71116,66086,05052,62001,10035,32216,03251,43078,13048,68317,39205,2A128,28014,02083,02352,59196,70189,63356,76436,38162,26287,80300,12199,49368,24087,18279,56146,16237,23134,79061,34052,82107,64109,11071,74061,89289,46225,35041,39234,02340,59521,26027,2B173,02094,67350,33246,06062,76627,88265,76351,89225,21403,76100,39122,86100,34241,62523,46118,25497,50425,14605,60538,76617,19033,70417,89068,38113,86182,07302,68288,27480,19011,36102,80206,62250,14106,76220,85190,67317,41007,07206,60286,17054,44073,63422,55286,54465,97207,51605,05136,44215,10335,80513,72259,29297,35337,44152,39273,47260,60464,02073,39445,28277,33038,53111,77096,11004,67068,2B201,76490,68141,32238,45196,35128,09126,18051,26257,34313,43121,79243,80358,02560,29276,38361,66188,74083,62509,38073,21321,59251,80760,97617,79238,15125,63443,06122,77098,24318,42256,04245,04055,29037,85023,21148,80198,25335,57003,89211,89306,02536,03249,70263,79106,52258,77007,39002,09120,57090,22387,33245,65223,73307,31494,88428,05064,14021,38552,21279,55229,33227,39248,59067,51355,62683,10245,57123,06057,05086,44188,59491,47184,72149,68385,33083,64302,30258,62906,60363,61352,76324,68178,46169,78385,47030,19153,18127,57351,62733,87179,52358,68069,28124,24254,41100,85276,39210,15219,69193,24260,32191,55430,83135,69107,37145,17083,66038,21284,69059,74176,02263,38172,76465,47003,38082,77043,84147,74269,02784,88021,49160,71366,49215,17441,26330,63254,61037,65351,42154,89355,83032,02346,62168,38070,57194,11207,51277,19270,58116,17231,06092,70302,08275,28140,35176,54322,02084,32393,02453,67348,81099,30184,56136,55497,24196,51441,17304,88253,39297,51231,36022,62479,27137,27482,56261,02481,43105,14614,40144,25524,41059,16167,07026,32399,80459,24015,57644,65399,05184,02006,39507,21421,42096,44154,62020,62859,64037,60641,85246,64330,59647,54586,60030,61442,95566,57508,49260,46053,36125,41119,84022,69173,58235,72348,52414,62815,77082,39052,89319,39405,50196,25306,63403,32464,61240,26359,45132,04128,79331,65047,06110,80067,26005,81208,88361,42321,76348,39149,88354,59500,18029,84006,25124,32289,17340,01073,42163,59123,08497,29002,84108,65175,23118,42046,59465,31391,42187,78516,71470,24330,28137,36211,11314,34286,78285,19154,78320,27300,82123,84150,16192,61387,21076,38057,60014,2A070,11282,29249,08367,47161,22005,85267,24193,54232,65402,71029,32054,62011,76365,78364,02777,54203,81100,02414,02817,80226,02384,21161,08186,46212,62844,24132,17193,22291,49307,02044,66193,31205,07223,60081,54491,72192,69065,57422,74058,22117,02452,57647,36218,27224,27664,71480,81236,65321,18176,60611,56086,07153,70330,76618,56193,14558,58124,49370,27505,57060,21309,61396,01322,19018,32175,34277,68174,16342,61221,25517,05129,49323,21338,71324,33235,72047,27681,02145,88291,65285,84026,76463,62746,77207,34087,81068,42315,15186,88445,58118,64217,62008,31251,81295,49125,89013,86171,17303,35103,82065,56180,24370,37061,64440,51140,28052,27055,73157,74201,82157,21539,63233,47262,41253,57273,08247,07091,80372,71037,47308,30161,12221,61277,57074,23043,76104,27691,42278,89387,27565,32425,64275,81323,14266,89069,56085,53123,41176,58043,56096,03216,72008,88099,42184,54047,2B081,40153,76709,21268,35274,21331,25160,65117,28032,58001,50227,54185,08302,90048,91432,06109,34285,67036,18136,19129,54549,07087,26228,33432,74034,52352,56245,11238,79102,50145,61023,88431,14419,67420,77352,14536,57586,06159,54410,39106,48144,89067,31509,64504,25149,60123,62373,15232,61259,21705,90016,39204,33493,62149,88406,02363,87116,10352,56093,64320,88416,02264,91129,01428,15167,46242,83018,54526,2B037,88518,48168,08003,65104,36007,74298,58152,80683,22028,50428,80171,63074,73030,40059,52365,37032,17314,16065,06014,67546,70582,31098,59586,77463,78162,06112,25058,37027,71175,57255,29102,26113,04162,97308,31365,25072,14001,60078,59300,33163,51549,68360,59043,59662,74089,36028,02757,67182,80259,13077,11350,57614,25187,02072,95271,27117,46270,34206,61450,35270,25516,09094,31305,66191,72297,80298,73089,02472,10149,65301,81322,51543,27340,49112,76725,76547,57409,12146,56175,56160,87036,79230,55278,69135,79303,02639,10316,55274,22029,33100,65061,62254,89238,85127,62802,22217,62772,81190,50359,14227,11160,15250,58035,2A211,01297,89466,03184,51499,62022,21367,23221,74196,31183,57343,07239,25507,61194,60044,2A060,57323,62630,11438,34029,60530,95205,29093,01373,59295,80169,51143,31182,45297,64148,57475,11127,76430,02764,21710,01171,52050,09293,13043,61415,21341,28227,28335,71581,46046,26181,02663,62617,45340,76105,25071,2B187,54458,02504,02324,24183,02619,80589,51018,59377,31402,89059,81246,60242,54085,58153,66025,63445,88319,11200,78255,31227,21385,54260,43101,15255,49353,62740,10203,67115,52535,43107,04121,41292,76362,94069,57139,59308,66152,76459,26298,59060,52311,67146,79202,91338,25257,65244,60190,33215,70258,58291,17163,34128,71024,21638,50256,28182,73217,32007,31055,77095,21079,64425,02135,62901,80766,54214,25469,36060,85143,76631,61153,34159,62267,39579,06021,64416,63108,89427,40230,10359,80732,25004,51154,79170,67427,95309,59267,15157,29019,39322,70096,57615,87202,31197,09332,68296,58290,83092,85301,16356,31176,82112,27501,55137,83147,69085,70512,11180,44123,05182,01258,50401,24168,59182,71028,31579,87192,30035,73099,25188,14384,62135,17157,15008,54349,28279,51276,49244,76278,33174,22206,2A133,23053,46228,38532,62705,82005,45066,11082,80233,77290,10068,91477,13060,71316,30034,56240,41038,24325,31513,76158,19091,09258,11391,60502,30193,52035,67059,26075,55101,61290,27252,32239,09069,40062,88237,82171,14574,78269,63085,62147,73207,54397,59537,2B003,76546,70315,33155,72278,2B121,25102,60048,24514,88473,78188,25264,50149,07285,71087,61388,23215,33095,43035,19069,52549,47316,60171,57695,12030,57326,61054,55525,04231,26078,15018,02706,22260,27547,25548,61350,47257,59319,86134,17005,89120,62167,77237,30207,63081,74216,69086,19214,77344,25474,21322,77132,24551,51009,88312,59387,21007,03222,30239,52346,81297,63003,49361,33032,2B207,41009,54380,31162,37016,24303,83093,47328,24552,43184,59098,62046,39481,27047,71439,85040,07322,21153,76352,12142,88137,95046,79048,48018,51121,30298,17181,80797,77302,71040,25048,97130,32347,67062,44135,65271,77516,59258,80446,35002,27281,65192,50450,34226,50609,31108,50229,60269,16183,65112,46052,10167,77301,91326,80734,86027,16323,84104,29204,21524,59096,06060,64118,64502,38514,30251,14474,48045,42294,02028,81326,41044,07049,70226,68181,70386,67305,32363,80308,59575,14728,80034,59351,11250,11083,2B111,45145,23184,42270,83091,79289,68384,39065,27174,08314,72135,52105,69257,32329,33292,62500,14682,13020,77158,54236,08365,08238,52173,70406,02406,64350,51416,02460,2B147,57188,07105,11090,15153,16318,42173,21090,68263,50580,41075,08429,60523,89428,42011,31333,33531,65286,40103,67016,27059,05111,02834,48115,21684,10296,83046,53029,11142,70384,61222,91662,11056,27400,69014,71410,77060,02622,31151,71013,68177,59554,30155,2A006,61479,47320,01385,12270,86257,61435,55275,28259,27052,56233,01352,09020,82184,37100,76010,10276,07345,08001,65203,77012,17241,68082,60544,60196,54466,61228,94041,35134,76211,60182,14057,74166,72168,34279,40173,51089,09301,21125,77389,2B102,69120,18003,14455,77152,15194,40156,77420,18146,23068,02418,78668,52168,72118,33445,59068,91161,04124,90105,37180,11366,02648,05072,60346,10312,80317,40324,80504,10403,25471,80505,2A258,74226,2B216,76319,46047,51215,46296,07079,55407,78474,80399,31523,62188,04099,14524,27557,01163,67486,01314,80172,85162,68002,57759,72128,76592,65423,38508,51559,51053,21465,54567,62471,76531,54285,78683,58038,02336,97414,35099,73240,60155,95675,82058,50498,07339,41232,21200,28302,70428,34104,54354,76597,72122,89388,25420,21543,2B352,32339,02514,86132,61402,31546,62829,25091,58232,09119,12015,33297,32397,80503,22268,80028,52123,09329,2B222,62548,50324,30205,51161,52470,08321,35006,91228,2B195,69233,71495,13051,58166,30024,38054,31014,61486,65133,32097,44162,03265,66010,71026,67302,63144,29044,59185,17296,01167,13112,25429,28003,73058,53243,24495,02564,77413,29291,76261,54383,69199,86140,77361,10397,64370,08131,32375,68162,02086,21265,54223,76608,80243,72265,62153,82182,62332,74308,30149,62493,07312,45008,08106,33397,78231,16073,15084,12149,88466,59670,22056,65387,44133,16362,01183,40174,72361,60102,02645,55037,2B306,11276,50398,61391,08163,23240,38400,69116,29169,33441,30012,80288,48191,05176,65120,62812,81216,64072,61038,60071,54418,68283,05022,14666,43104,23230,01444,53122,57354,50300,22370,01197,02818,40186,70103,28104,68130,63237,72058,89008,21512,24388,24463,30070,07176,86285,52515,47182,39299,33073,65107,84113,33323,64048,57708,88421,76537,36141,30127,73014,85039,64100,71179,45160,62696,78466,40082,06145,51527,03063,50272,57606,42110,02104,89164,22197,33119,12204,67103,88389,38315,60112,61384,67197,26211,76007,12165,55260,79081,01424,85004,24516,60439,21457,38512,07122,38009,35115,17385,08269,39466,02389,11279,02781,48105,28304,24449,25598,40257,57291,78623,11378,17058,12059,28303,21247,28218,24346,59121,68114,25209,06004,62526,71052,36024,56011,16087,2B339,67086,04216,33276,81060,07093,36165,69292,39155,59008,51245,62659,23037,01391,08047,82019,46302,86195,84002,28314,05113,39490,34257,60528,57172,79062,38065,82011,58189,42138,31223,38289,57049,25017,32115,40029,13099,28326,70403,72048,11302,67418,17449,25466,24522,76558,38544,28359,31131,62542,30175,34324,71255,51004,55146,89085,70394,32344,63331,39117,07100,95387,89383,60465,65144,04217,81154,68060,12170,27500,30006,37273,01009,08234,42124,45309,27606,73222,25448,02653,34270,87058,04028,69052,06161,29067,63194,62866,42113,54010,01339,02454,74173,56226,71389,80738,22362,16303,04203,67028,09290,53209,51302,68180,43051,52234,55214,57316,53071,22273,72181,95452,08199,88182,80445,31376,57286,83005,59538,91556,15074,85232,51465,36117,44077,80611,04137,31258,58107,63172,40298,88220,02589,64311,22339,23189,38480,70113,38567,79300,17075,86235,44062,18167,01068,22322,36162,59441,19059,77412,24090,17420,54366,39092,59663,59322,91544,04202,24024,51459,24282,46288,69083,27116,02428,15038,58072,81225,54305,78034,76268,51406,46136,90084,42121,57509,17359,13086,02029,52335,42052,32150,02659,74143,38454,50181,57096,45086,17450,12080,74235,50296,01310,05140,28251,55574,36026,19279,34142,42033,59472,33460,34153,09185,54117,74101,15187,13033,54496,24563,67110,24426,03241,31072,76752,45174,60700,54556,03264,34320,38548,44128,60570,59438,85182,54261,79251,64452,90086,14648,27365,27071,37267,56032,65049,27441,51187,28040,57654,50564,29259,78437,37008,76114,17031,22368,59019,51339,22149,01284,08087,02021,60662,82089,77161,19084,24021,70102,30115,89229,83007,58126,45266,11031,01077,41274,25325,76071,40124,59252,53115,85255,31206,70519,57161,42172,40313,69145,64179,40219,25045,64436,29114,45197,62049,45220,54584,56088,17424,88443,11399,40183,27672,08170,24509,74015,03273,47118,26356,74280,60602,45199,63109,23229,94073,17150,26355,10206,27333,31084,14026,02509,64069,03099,45330,60087,39180,14397,43172,21624,15064,42293,61510,35154,2A198,89254,73135,30099,32277,54164,55295,69108,08171,54200,89255,12300,22294,08463,76113,28064,10144,17395,30252,72340,38228,73051,71284,15051,10058,81172,78062,25440,18283,47188,14591,31586,11029,62808,58134,69151,45121,27021,76667,14196,07056,33290,52545,69282,38273,95277,57705,71558,12089,54562,11228,56102,34213,73159,77374,78089,59489,59624,22062,71111,52016,81014,38382,88087,85034,65106,86081,32272,74037,62223,04034,62787,26325,01396,47140,02740,29218,76133,62426,03079,76431,22237,19115,62340,80102,52109,54103,86126,46317,03038,21599,79007,82059,63262,27531,06028,38154,77348,62583,59463,25229,03075,22113,21144,24120,68287,70052,01202,44107,88057,80514,27217,80623,40318,70177,76628,73280,65065,88245,78536,42055,77159,04033,21335,80743,67548,65241,18205,38297,82032,21328,54501,23223,19009,32208,76522,47280,71472,71010,02676,07184,25284,10219,69289,71041,02195,02358,54002,85102,31074,14685,27413,10406,39267,88074,71578,50094,53184,28080,28230,03180,63371,89367,77048,11104,09048,41254,71127,67260,87087,81238,42337,08373,81008,62423,02345,03256,16264,72126,95483,01017,27467,62640,21402,21058,49056,30341,22082,71132,04235,31260,65127,02153,32211,28161,60107,62177,89088,70369,28410,35259,67372,38319,30066,40276,50124,26137,60499,49050,53133,82181,17227,64145,88119,64134,42222,65471,63452,59074,14346,57664,80661,67073,64301,59453,22348,02206,24289,61436,85273,80773,26021,50177,64340,18234,26125,63115,71502,59629,42040,52140,72170,77139,52206,84057,14238,02532,55530,84151,66150,80522,25442,31560,32023,76493,01378,60376,72053,59093,30059,06018,88433,44126,63146,52214,55536,14748,32342,03196,11028,38003,89443,58156,25217,33465,22227,24340,39337,47029,78327,79271,27487,45101,34314,70340,88531,36147,60524,59565,47095,28310,29156,57106,11149,72061,10103,50058,76132,57605,02543,62071,14698,51389,86133,28247,54441,22086,91175,86274,54007,73175,80708,30344,64010,45198,58018,33458,37098,65460,41223,60695,46129,84143,59596,90100,03289,53172,14327,72310,89083,81239,24245,61456,21253,39088,18112,07308,65034,86242,32315,59357,2B346,76210,68074,19242,85169,04049,39350,01024,48146,43267,57417,57453,67183,22282,12281,65470,59613,26300,60024,60280,80320,77046,52121,61386,08425,02090,45028,65118,69383,08459,08206,64374,80391,97356,31105,62396,42251,49291,22310,53009,70026,59610,27233,54314,18006,52183,83019,63297,12108,25318,88122,70427,21246,83003,31065,14627,39055,65274,14257,26182,03086,76316,09065,40134,64206,03237,35363,87059,89452,30073,52423,56213,07128,67425,83146,46195,51193,57383,88035,19272,13056,57673,12195,76288,47164,63067,23234,05153,70537,89345,41245,29217,01035,10300,04190,88005,32202,54081,87032,62015,85238,73050,65184,08356,81079,55071,58109,22036,03172,58287,03080,60461,29257,46188,74261,60654,87041,57419,80821,80432,76678,80154,86197,17063,63462,11437,76748,47019,57668,66126,22221,14719,33105,60262,92009,64445,18208,51601,34202,55106,91359,65435,55300,65273,73298,87051,52142,57160,77296,85140,22380,56056,43157,08130,52425,34097,45085,71459,62755,31018,02451,35013,60240,71462,85196,73154,22346,63382,10421,38053,32164,29123,33519,02288,62345,50096,31244,18121,32311,97406,27579,02100,17265,16155,78082,22343,55159,51045,04233,62120,85290,59433,85031,25555,39014,97423,21041,65371,07117,74117,31497,60020,11166,71464,23219,24383,21089,61401,2B025,80104,54573,09241,62322,80222,07257,58279,55346,68088,80533,29141,56231,63249,35275,76395,39078,35046,27538,83064,46192,32366,88370,79343,85153,62572,34054,63444,71030,14311,58099,09210,81255,24493,51560,22026,2B256,88311,25511,63309,61229,50326,46330,63351,76502,25213,60177,16116,54192,72349,69060,64500,68235,54061,91377,27597,82119,84122,24030,57669,64439,80129,24425,28352,39049,34040,73267,58089,46097,09096,31393,89277,10330,83068,01106,72169,27399,80659,19253,25537,69039,70380,72218,29206,38104,68376,91179,57036,71297,48173,89126,54153,63128,50492,31385,33354,80246,35347,07045,41004,59432,55199,56030,76573,07088,28126,03028,66096,76112,12187,71523,18223,27534,21211,56117,42069,84124,42001,10012,67495,01295,14034,88006,35307,65090,45052,03071,16212,80424,60331,55382,39108,55555,68122,61111,11048,08277,33293,81210,21207,70083,46002,57566,47151,09205,59336,64188,55340,53117,78564,31571,71362,51547,61444,64161,90067,36182,21030,16162,91630,27198,45168,04220,65481,58227,71342,89274,60403,68106,56123,57152,41207,84028,33504,59126,38291,26019,32382,08363,31400,64067,82008,52378,10174,03320,48054,59410,27246,47230,84146,31117,80628,10163,57099,69190,59576,73179,19035,67161,15049,33336,76574,76032,76330,39223,51392,84121,62505,46117,80249,59159,11112,59541,60632,25183,08351,47045,80779,21293,01383,34280,57544,24243,62699,86226,91044,80279,27660,86029,14645,46160,58069,66190,30310,48001,51582,35345,59549,38265,58039,64272,27483,64137,73048,52316,68045,88128,49278,39288,02610,45183,81040,48004,03027,61139,57379,86138,82124,21663,80520,60247,10118,62427,31071,12263,25104,33407,89249,11364,30231,86014,02492,86084,65344,45180,57169,88442,72040,21555,23127,55188,71275,34207,91085,80679,76173,11139,61369,11122,17423,51229,07134,50253,62208,44105,33232,30023,31265,50448,71220,76451,28094,11119,66029,70378,58174,51043,03183,10287,48158,30106,02726,08465,68308,65129,88248,57289,08142,28065,06080,80237,69203,15154,53125,09082,01031,57395,03314,52375,62571,88132,42060,55495,59514,12153,50521,60325,67009,16396,59405,42039,52307,09102,61300,69035,30314,73285,57712,51393,54173,34016,46273,04200,43038,10123,47026,45088,71256,67552,88259,80352,55035,83048,10082,11173,59390,79329,32221,08235,40038,45126,17328,10433,52267,25393,50078,22119,76118,2B260,54195,15244,14248,45064,57679,67130,12023,80598,12013,31157,15124,67081,10230,52199,39245,07094,89332,18081,34120,77044,65149,71144,51646,55242,27375,72103,07066,10136,87056,40001,38394,11360,18126,56090,26319,72125,19222,60178,84055,82062,41002,08075,01165,25395,57219,89227,63414,31097,24084,76036,42320,11380,18030,77410,09071,64377,89228,55239,80664,24356,33312,09039,88512,31467,54379,53212,56100,15123,71166,80780,49200,77229,62504,31112,03156,05046,12208,22279,70137,11133,59567,83107,62679,38383,89146,68373,02286,07331,18053,14272,12239,85293,62851,89035,14546,12113,45098,03061,02123,25357,64018,30300,88153,59637,68021,10333,45222,29007,51252,30113,04142,02628,38179,11303,26296,16171,27615,58094,21572,11177,09171,59315,65009,61260,62889,25040,56249,39253,51595,14198,13013,60554,43208,02357,10270,71423,74258,25562,52161,47256,52034,38562,51152,30202,10142,83083,65389,59436,58108,72144,36128,21327,81151,23002,62833,62682,70328,41039,28123,17145,21162,39262,61020,63441,89134,69130,63288,67347,28109,51057,18272,37178,46262,17380,43098,26173,69118,62615,08077,40325,35240,65455,80481,60260,68104,35263,55562,19057,21132,30104,02099,62562,28330,15108,59469,77120,09106,2B246,60648,26055,91122,38479,79267,31532,31281,52019,18225,64418,10104,83022,67371,81209,17321,02707,60702,73023,61014,88330,35305,42328,88434,35111,26079,29142,86011,60411,27464,67359,52376,13031,69012,59620,62789,2B225,31107,09292,31139,01174,59374,01364,62677,08398,22013,83111,02766,52401,38324,29036,07103,76129,25235,16026,77431,45006,77523,55399,33150,11206,40270,66141,70494,78233,81187,76204,50312,59632,33049,03111,89438,19102,74288,88412,65218,11316,52095,48055,54600,76570,41233,58025,85268,77440,22148,02545,31261,69293,82024,64193,25462,62655,63060,51420,48009,77089,83105,77298,36227,89184,76308,65197,31009,14672,57506,02091,2A322,77355,68252,91408,55570,64451,40069,86001,31384,28280,14738,12057,66137,02131,33433,39385,81287,62244,28198,89300,12258,09197,14663,65338,97230,50575,66043,80545,59260,08407,80595,71236,16157,89475,77407,88359,89268,02075,89066,68347,02283,33408,52271,11233,87015,94048,07142,89206,51576,77191,23242,01319,82147,25006,09163,70309,34062,36200,43230,57270,77156,57359,39039,73069,33449,08460,64233,2A259,47242,64143,65375,39139,02761,64258,49171,87164,32002,65290,62175,16353,67046,69050,76303,59271,22150,65405,82035,21408,15118,54217,29132,57168,60106,18198,62474,38358,55033,14657,67218,39451,59137,25219,27363,04140,32199,70268,59341,31500,17348,41107,19231,11268,76052,68355,21640,74168,82194,80400,59285,54110,07284,79040,24062,14679,49058,10400,70358,55545,60434,43197,10033,34189,82048,08316,93031,55142,15087,35164,23158,83118,71252,38159,80378,19261,70007,76087,09166,89441,60495,60303,63245,13003,18068,55049,2B143,02188,06140,28425,70533,54428,68215,13205,50215,62822,64174,90010,22212,30246,61484,63434,10363,77335,70433,17129,24102,33005,59241,62486,61265,89403,26314,10444,39272,14504,62721,57411,72197,15237,21350,39102,87150,32441,82137,08500,89049,80225,31171,37223,80655,57095,28143,12212,47141,66084,83148,2B138,57373,37166,07152,15090,27598,26212,16125,10306,34102,08055,17301,80529,50332,77128,62715,2A114,80744,80312,26183,02500,81016,34088,76265,88479,47301,21195,19280,09266,24073,54459,77424,59171,15175,62748,24009,80669,77023,18050,70224,76254,08424,78404,80754,02621,28037,79280,01329,21258,67093,77425,19196,89413,28202,52495,38494,01241,25136,61010,51014,44117,60008,28374,54408,64082,52165,46245,38213,11249,2B047,45010,02158,60122,63423,04013,60312,09214,60318,26312,04054,71529,64479,14353,86254,86248,31300,85226,11162,43040,33158,63145,45244,62478,57264,10258,86264,80082,78267,21299,62076,25256,23241,33250,33535,52539,54302,01037,02574,15222,17225,11310,28226,02801,80747,41199,19211,43048,38350,27345,31369,03239,33097,62827,29090,25470,62850,58046,42014,26007,21709,15011,77049,39237,82012,88305,71293,19166,80019,76676,60431,88465,17439,60026,64383,80807,08288,68182,51379,67001,71396,33153,32161,08251,65209,01028,54532,60064,32325,10160,41077,80037,57093,72046,57531,88083,07074,32183,64034,72005,11192,44116,59297,16011,38381,60069,55444,36217,95257,60679,73036,82061,11226,35212,44161,39081,47206,02660,88338,52480,57540,25057,62093,27034,83004,22204,62430,59604,48077,30008,41061,70416,06136,40247,59366,35199,36126,32462,38380,11367,76138,41246,64253,57271,14598,64535,29187,17429,02720,27318,33530,88206,59461,71526,07136,77222,91457,03321,89202,24165,46284,02768,65086,05130,51585,50052,54174,28392,52452,42002,08090,43116,89105,81059,55398,71259,14622,02020,65476,61275,90058,47160,30119,15103,90049,66067,08411,37187,17073,17344,32467,04068,14626,55107,21287,39573,2B058,40034,51181,09186,11345,32119,72057,02477,14527,10018,42092,57228,2B005,46279,87200,59080,73098,15105,59307,08133,70236,65398,38387,32364,51610,68126,55326,50376,51557,47286,88230,46055,54177,82191,62156,05026,33447,25249,29051,62106,56164,68377,71199,16020,70555,39336,50556,02792,59293,19058,2B009,52500,70367,25371,52045,01281,29099,21252,51295,76718,39568,52157,80786,33355,62192,64101,91469,33478,67471,79189,76230,45146,46257,08121,60668,38232,51550,63098,67404,69097,53170,56205,89029,15001,79005,02529,62650,54256,03181,34147,16088,08342,57569,54026,60290,76681,55246,65262,81298,60029,15130,52093,59261,63051,23119,79001,70404,59326,57468,95074,02299,02103,51484,29234,45320,59546,68078,25300,16398,51442,64218,73282,60616,55263,55462,74127,46127,95328,60045,58004,89369,52243,25285,54483,74170,74198,51191,74076,51574,18252,10098,31526,38047,22256,59337,40274,88276,04027,33418,63073,52503,85198,35315,91041,02516,60561,58053,25401,87001,43220,77221,56202,14461,62587,21537,80103,43244,22283,64056,46010,29075,62201,10178,17155,33384,39497,17127,68356,29041,43265,37052,09152,21459,89124,49002,71089,62823,59381,77528,82139,54129,16195,21592,31345,57052,62161,71218,63167,15269,47100,27511,08039,65035,57309,42031,76383,08115,77512,51433,72299,30266,76741,09158,48079,74029,38288,80048,03103,04067,27106,10049,12037,02497,09225,57456,15012,25308,51124,67315,63126,49339,76548,63430,40126,07192,69212,62115,50596,25088,79197,52326,65297,61070,25572,55299,43067,10095,77163,65284,08214,72356,34315,38144,09284,25392,44138,72257,88183,24064,37216,65198,26172,71562,25378,85178,07280,60077,94016,82150,28055,52348,57656,43103,35219,48002,62638,29288,16197,28189,08372,61143,76023,76293,31241,88194,33309,72145,66034,27577,69261,19128,73254,32301,27397,54249,08449,63335,54144,69269,08180,55097,25499,52064,16213,62693,51122,22308,42123,12033,05107,13203,74071,58070,58200,32403,27569,46241,57541,56238,14134,33405,57159,11148,73201,02667,35157,73022,02704,27610,08431,64423,33482,32336,27241,19143,03138,21170,35325,36207,66130,2A278,65062,02175,77383,02636,38285,55358,88477,32230,33144,76647,57661,60253,41229,30162,31161,71103,2B307,27171,45185,25147,46215,46074,62252,03062,68076,17286,34091,75103,74190,26242,67177,60650,10081,23042,26232,38332,66040,88190,14334,88149,10146,39330,19036,39066,85144,76270,24232,14408,13074,2B221,50639,83149,84074,59603,28322,11007,21227,45083,41251,08211,67309,23054,88481,37116,78124,08176,71363,51500,63269,2B355,62888,89010,29131,80302,47103,57198,97210,62864,88044,59206,57044,28353,03130,54060,56053,32451,82081,30016,92047,74208,76062,28169,24163,58176,10348,68213,26013,2A266,59178,23262,11205,80793,59394,40184,30285,31061,57441,70022,60629,80525,38091,41063,63161,32085,11167,24471,31144,78624,42247,88318,02152,66033,2B123,89346,64062,03214,21407,35222,76377,59568,01386,60161,76304,08085,80604,26196,77075,03281,42101,11198,17081,75115,57697,64313,10302,57201,80582,33529,47058,41259,02210,22024,54391,52208,34235,50562,21270,76480,81266,57602,57410,76535,47047,32051,89183,14512,63392,18287,01362,74065,76251,81165,2B162,09325,02488,43232,60009,89303,30097,21313,71213,51581,29074,09013,02327,24559,17070,62899,02386,62002,2B007,47131,01072,13102,60508,47154,10210,44187,52301,28414,09016,70098,85086,81071,79120,88524,54534,12060,66117,60351,64314,02495,03077,47290,26138,55215,14329,88140,65189,35174,24519,40096,2B226,78220,43075,63442,67531,38074,80618,65336,81258,91103,88242,17050,79161,51410,45263,88324,73138,62392,13052,2B219,66201,65448,51007,82067,80062,73245,26063,74160,62483,61227,76069,29183,71151,71248,80285,35093,01261,81308,72374,39130,57006,38515,25022,40047,73329,91272,21187,59420,30289,77181,86077,64065,26003,59665,59396,35309,81077,14258,25349,62379,74041,52433,41074,30273,60472,88202,14759,56159,83085,25491,02111,38157,27210,65068,66161,09075,80697,52204,09046,62671,52534,80216,25582,24153,34161,50531,91145,17302,18031,16181,59270,80268,02717,01448,38198,95316,80326,12303,55487,02265,40187,93079,36171,16209,26152,74044,71341,52163,24146,40275,67050,2A048,74035,74105,54358,37192,19283,65097,63260,02736,21312,59168,34344,83042,67468,95144,65243,08397,89131,32140,87011,06107,76744,37155,37212,30271,21636,17069,01305,89205,26382,28260,50413,91479,58228,85012,60562,51444,40209,39271,71119,24313,76172,68103,34051,38524,03128,42307,80741,54137,80474,57314,80146,70060,68183,85211,71430,40074,2A269,37233,10224,35255,16423,67108,56165,33307,16178,25122,14280,80114,22106,05146,55080,38535,50321,62810,57601,15028,54579,76474,91225,80381,53276,47246,53079,07169,88249,02043,34082,40213,24194,14390,07186,76622,63220,14400,69198,77202,69258,64138,51262,19098,65103,38388,43088,36239,06096,31537,14716,15052,25510,60534,76688,53211,80362,72275,03060,70219,56040,21480,63340,60007,54398,38492,25607,77111,57476,52074,25389,16005,16390,79283,77332,86118,60449,66049,88186,64075,19181,28268,76567,62258,79130,14358,08339,76556,89328,51132,62508,11323,27095,67076,23083,95428,80558,84067,38226,47090,90088,63154,32279,76228,89382,35017,22045,39042,69134,38237,69153,54436,36212,11290,57678,49378,67121,65091,30135,50462,09066,82088,65333,95141,84076,26352,35283,33260,52543,70077,47089,08210,08202,97232,28036,24491,12154,2B069,32438,22316,72243,76263,08466,37147,44220,89223,61100,80694,69160,77354,76669,36138,60582,08477,08215,21427,69287,52453,79084,85066,77016,80135,54435,60421,45110,24546,35035,16221,77377,51409,24236,09042,77137,02728,70155,17209,2B210,76656,80144,01193,60216,65099,64525,26052,35181,88427,76716,02004,79281,62747,80733,57687,35205,38540,54140,10177,54324,57097,27065,55514,25541,66182,55168,01111,24188,86128,25254,62544,62713,70089,02076,59641,31521,62099,51293,80006,02517,80307,41008,77356,38001,68093,52001,32465,76378,17190,40229,51136,38186,88365,2B149,11159,62579,19264,07232,67274,51051,67234,35277,21581,18286,41041,23063,65073,86275,59389,77100,78290,71155,36244,71181,54378,41085,26169,97424,64103,76171,30299,79127,14530,72142,77306,42192,62158,38155,67105,13066,74140,47281,53126,87016,60614,05095,47007,85126,62104,24331,65447,01053,44193,73220,62374,33468,30325,17402,33300,63206,64427,07080,92072,49292,88521,54237,80354,19093,77462,27694,57205,08139,38132,24336,62096,85245,61492,27548,39470,62003,17118,35262,60680,27698,59273,40138,95572,35184,55117,35107,12267,67104,30220,27139,77521,01051,02398,37010,25112,56141,31352,59244,26166,55261,28265,70127,25012,34117,95151,33511,39574,27641,73131,56234,62082,60093,97105,09148,16042,03185,78194,16203,41140,42048,91156,73197,79091,76582,43070,67333,88297,57348,74036,32406,65038,80428,29064,54148,62056,72372,88145,31132,2A065,40242,59237,77047,53151,71534,46187,12102,57360,88224,32058,65004,14088,77076,80017,64236,54046,10208,72379,24396,25189,54518,77451,45345,26128,70353,32313,71411,21094,12264,42274,22257,65037,67151,36148,28102,18261,16413,27033,66006,70531,65324,42206,41058,29163,31465,27631,63273,76757,89479,19286,77258,72146,36139,33193,42012,54016,77008,2B251,11184,73106,77367,57048,07197,78030,27213,95563,58203,62327,39342,06119,58271,70348,24096,43145,27019,68127,77281,90045,80719,85033,51088,31166,08370,34216,47129,56191,08182,31090,54286,21464,29061,51341,35014,23246,54111,32395,66022,2B350,03076,62297,71533,88288,54377,56201,02561,62512,71278,41136,21150,59202,27289,38090,23021,28075,65211,59507,95054,59508,68371,19068,36113,65426,2A270,08034,95139,58163,71016,42290,42185,18020,89212,95301,10077,33178,11246,89287,70003,62728,82167,38386,88125,80201,12034,72342,77034,88372,12157,67131,89331,69136,89071,14619,07063,59257,11136,38163,55102,34303,15056,36132,52125,91148,70504,26035,78311,28426,85022,2B059,24115,86234,38018,15243,58010,80635,59015,41103,60459,42102,22152,06111,63116,85264,03145,63387,89033,24029,02289,80123,59666,14322,06124,34166,21387,78224,61077,32162,61487,27226,57636,46032,80292,25024,26378,50200,57488,47191,78531,49155,67451,17258,07240,83054,55581,62028,74030,14150,14006,40268,51299,45113,41022,76253,47252,17153,86018,76271,21363,69181,42199,11014,54240,64321,62081,74259,25181,14630,08249,44113,70064,08110,55371,80550,43034,65381,31489,79088,62386,54091,62184,17180,41206,65384,09136,71105,55474,64389,32292,73001,48137,89012,82083,90082,79294,66185,73183,03274,34144,48130,41046,36076,21374,02429,49064,80139,91137,35159,80205,32139,89200,60550,59427,27199,51590,16369,33446,27682,56209,39058,31472,78368,2B050,80155,13213,59284,04164,80466,50519,12215,71372,23145,65191,2A130,14183,73162,31042,69215,77403,38277,64073,47054,63301,67067,33089,87093,60578,30168,91106,72249,52220,35194,79123,16281,76467,05016,56236,64287,66172,67306,48152,47132,80207,19248,32134,93049,55463,69149,45130,30153,73248,21070,53256,52284,38527,69184,57320,30151,38378,70031,07037,62369,09187,46209,63193,65459,34168,57390,16015,02554,02240,80044,52101,55470,91248,85076,82052,16285,59667,09260,74155,44028,85014,68234,35306,09300,66079,10272,61145,21339,53246,2B344,09089,54005,42077,69163,14281,27617,2B263,86053,58083,27177,32323,44049,71406,23013,16131,97101,31390,77262,69385,29021,36153,71524,40240,81178,31094,90009,94071,63285,31342,25244,27477,54583,53160,28001,59299,05179,35294,62496,57208,51322,02350,93050,73286,60665,67448,02095,15225,60006,86290,89335,73156,51487,23077,49326,07161,77243,16316,62598,80606,12003,12161,38286,56124,88505,21686,57176,58044,59358,57505,33360,46049,60522,56186,01399,80360,54541,50423,55465,30234,77087,24225,47171,60267,81199,22069,51524,51649,81198,52179,89209,52416,66030,66027,38066,70132,16008,39514,02571,70001,55403,56020,32418,28028,60663,52429,59016,58093,51415,25618,72341,03310,77198,37262,62370,89102,77015,51070,15234,01127,57338,36225,56036,86061,68357,39010,18134,02179,21633,10023,55082,43253,32387,51212,85070,61498,51378,40117,40110,81020,40137,09138,87034,70010,58098,97103,54493,64085,48032,51545,12011,11259,52336,10155,97221,12017,38416,50059,76414,80540,53114,33480,21126,23157,17003,79025,47309,88468,22340,95491,31159,02048,79077,70499,59480,73119,01232,28177,68034,30086,58097,46116,04211,37256,76175,53059,33108,01317,24429,76198,51242,02615,62564,23059,08065,40224,49373,65014,77183,84045,63393,51634,10079,68358,76084,02369,18128,35143,50563,57162,28167,29094,07018,71453,63036,63284,59573,40199,17183,83012,42231,39378,39111,70028,76309,57345,59557,04175,42221,2B319,77150,65360,51377,52056,71237,19119,79090,88499,90060,54416,26344,52353,69155,89181,48097,31126,65469,49359,01376,61095,46119,24487,76357,64444,28364,89325,79158,60323,51196,47107,31437,65418,36087,76495,67051,50038,19130,32350,57643,16079,46338,02565,85018,35196,11019,55414,47235,80453,68158,08291,67320,87204,16107,51535,55457,70579,32226,42097,76029,33404,34254,38059,72050,80387,80755,16139,57634,67245,46031,88126,56070,47105,25094,38531,77061,13078,41037,76489,79270,51270,60379,74090,33040,26262,43138,37158,25458,19052,34328,25232,89313,59494,01398,02238,45158,47155,12103,64345,62145,24565,77466,80015,46310,86006,36223,55050,40307,73253,55076,25036,01272,57535,78236,59622,27593,81173,46332,51246,55381,31082,63004,70159,51498,79276,64534,68232,41177,60055,77312,21472,56087,19141,79079,65406,89095,93064,07228,31235,60686,24098,08322,2A117,63458,02391,90020,44134,18281,71057,69087,02478,45107,10364,77449,17366,31193,76434,01447,12294,46004,60142,30156,58251,80241,2B190,91687,31482,66056,16099,28331,02057,2B250,35264,02723,62897,43141,04045,80133,60369,83090,57483,45115,60444,22366,33124,34222,16370,30057,77376,15070,40227,81053,61124,28187,12269,77040,24010,08278,26379,25443,69168,79153,18022,62351,80283,32146,35355,46113,35224,31129,21431,38211,40041,38438,05164,62407,19050,83025,41231,02765,01365,05058,25331,70063,27440,02272,12022,15208,11204,66204,24212,32081,71552,38445,73071,57648,59125,14110,81022,02484,42257,22328,86271,55207,30248,76338,68064,80240,81135,21033,78036,17464,27412,34055,54330,57560,33314,70400,02600,39571,71407,84024,08501,68327,50036,65039,11292,12174,91215,49080,56019,55472,83115,52274,48111,57653,64094,51563,76755,87081,81244,57749,03002,18116,25627,26269,25287,79013,09195,76569,28134,38448,07305,57698,71187,21323,28383,10419,65335,32114,64362,02745,01332,51055,22049,27334,32396,50647,65343,55226,02354,24432,91473,58128,54069,15013,45285,03191,41129,40023,76438,62094,17061,91390,62877,64465,86135,97134,01285,44142,64095,24458,51022,47036,28248,32333,85158,80365,17002,15218,18240,13114,29167,43264,86047,39367,24301,67004,50443,80078,29110,68284,76048,71007,71025,87119,33321,2B167,97307,01233,76162,33509,39449,76533,62321,42036,77294,11175,62826,21477,01194,27035,80342,43073,83039,36107,34145,04079,68016,32352,63104,11266,80769,10168,28122,51107,76630,29263,59560,38431,54299,39349,67173,79129,66227,38244,43206,51502,62546,74091,81235,73164,46017,05151,71382,05087,36112,02468,12055,32075,70277,11308,47015,19168,26047,02523,31492,47147,46060,50336,34237,68336,39397,14557,80410,14713,10283,46088,57393,25253,19017,32262,86225,88331,26054,24244,10135,78077,02486,02139,78264,33330,57576,61263,11013,85146,34240,81051,68279,54255,10109,59036,80563,17242,10440,73121,21143,76281,60681,56084,26085,60353,88240,02341,51238,55085,33537,74283,56223,33050,08487,37024,16325,04159,29053,91412,12065,62767,41097,22377,11060,61394,72085,91519,21383,2B084,38294,41228,91374,46086,38199,77021,80336,34194,34025,71360,74171,08444,32019,41164,63111,59660,45226,62455,72358,39219,31200,24488,61007,29017,02049,25436,54139,76512,68038,58223,08200,70573,15223,25563,02101,15045,53261,66055,51222,52449,77345,16252,85210,17451,33419,39206,47101,58142,71270,62012,11037,95181,80234,64353,82017,57362,39079,22128,65332,19210,88523,30176,30296,48171,77303,2B116,57220,28319,31188,19139,60401,02687,76318,59311,62180,02097,29034,67214,67239,04183,67134,54589,24364,81247,37269,55192,65222,11138,52421,01069,08334,60127,51164,56066,64292,63105,07069,80196,61076,62422,64274,41120,11256,26346,59175,48039,38147,95365,37280,37248,52013,58301,12018,74296,49288,59047,02744,90051,11051,2A253,41168,52438,80211,80105,74153,38345,48036,70008,57166,76063,56243,06013,22207,38087,80149,65225,80324,70187,21685,64260,38325,70480,90103,14378,66001,68344,19262,17390,63022,21651,82117,63042,33464,55518,33220,55298,65170,71245,37243,59619,28039,64342,76297,62187,67123,60592,67541,10105,46227,41179,86079,82163,95348,29298,27481,17353,51228,01058,47010,2B214,50471,54538,64032,88366,30081,28072,50084,10090,32091,39339,38391,36208,69157,38146,55268,11369,59535,50304,71174,21052,09306,60452,83129,41222,50629,33177,68147,42302,36166,81032,39061,09169,21501,22063,80029,2B043,23261,05170,82086,70254,16132,10284,89360,87188,72246,14179,14640,91111,59649,08169,88343,33492,63348,97113,30092,29196,16399,97202,91411,43112,31416,78343,34053,34042,11363,28363,74179,34031,60238,25514,70542,52362,27291,64237,70413,65354,28242,66128,07234,13007,39401,32125,28261,90030,62234,66088,79029,13080,04005,56167,17111,65012,74225,23101,63038,78407,66199,32362,16361,71554,60321,71527,68191,31282,70221,2A094,84009,46191,07157,11069,52175,31373,08196,80682,62350,54025,24027,38240,10070,11300,53040,89404,21050,51597,09057,26115,69071,65070,31487,97120,55208,38039,66046,16283,2B245,64344,17448,48085,78072,39070,26146,40310,24324,18125,08430,63207,34271,59177,33062,17394,12179,17417,81271,17444,78681,71203,27251,62338,44148,16404,28071,53069,10200,88086,07295,64183,15176,33113,21502,70459,80710,35079,95489,81048,56118,93015,08205,13211,43261,44136,39305,24415,45237,11045,77068,60130,86076,24466,33076,83036,11195,49381,02260,31232,53101,51537,62574,31434,37083,48139,13054,05160,28344,18035,08122,19256,32285,11270,45206,81252,61225,59608,87100,35151,49100,34221,03220,62032,06037,90055,60551,57368,85080,69110,64386,32073,60504,80138,23123,18177,48103,74067,29100,62751,10411,2B148,04007,27525,83023,29248,25214,54241,48030,26028,39463,11420,63256,40058,89173,58103,24247,50042,15113,71065,66089,71067,51660,27277,28209,50275,62398,31299,14137,53041,31457,33296,26020,12249,57262,97358,32286,11152,09233,62200,69143,16227,29213,85089,28397,28254,89044,27018,08468,54519,65138,68039,24175,47249,71505,03096,60469,64255,59118,70076,31285,59353,31099,88143,67113,32155,33007,55110,53086,82001,67242,62797,80688,62179,77214,76223,40077,15142,67520,16047,78418,02563,39324,59116,56263,51104,51182,59282,45289,04042,39017,62262,17343,10097,27258,34308,39366,70120,23011,80458,02455,67031,40139,32429,37177,27017,31319,19086,15220,89036,10229,63435,51452,33334,37175,02499,54224,11072,10138,70462,14559,27590,52273,19173,39247,12029,83078,71074,30065,56060,41275,47152,17468,18115,67107,94015,37108,63346,2B107,54427,34234,50552,35299,27042,02411,14449,12021,27046,53234,44146,62311,70095,71036,53042,15268,77072,55568,24392,46295,05159,11088,58155,25192,89461,24230,07258,38303,42017,57008,46340,14024,60386,59324,68134,32231,38029,77193,46219,54056,51243,44172,80553,63372,88008,50239,77030,51291,08384,65024,89446,89130,40043,62203,42116,10328,34282,35288,22008,81224,41142,70469,14375,16057,11296,84015,81126,72044,06046,88172,63024,80438,60075,71222,57179,91293,71164,62077,72089,87053,55041,17478,25176,24040,59428,27247,57764,24161,89423,24113,52359,64098,38034,11158,39520,43072,86175,13201,67453,42242,33514,25283,79103,01244,07276,02809,62669,57732,68025,09130,71158,51172,54329,17080,25186,31210,42038,39086,50537,53082,55084,25481,62171,47124,86073,24462,30101,62016,33505,60428,62881,57502,47005,59139,33190,21346,64155,60693,50463,91021,07307,29125,2A351,25279,91204,37200,19134,30214,71101,50467,35012,04143,17270,82168,63401,74109,46026,21093,03133,14007,27230,70239,80798,44029,17243,43087,02270,67331,27335,36154,94054,72152,35272,31496,95051,29290,42098,35242,12244,23227,15119,52244,42236,42131,80282,61421,07267,2A024,71436,02501,80187,51079,38432,90017,45249,10360,05081,71281,66203,06087,08323,32040,26107,08101,55410,21178,36130,58296,39551,18170,72190,23075,52124,02119,39147,88301,21535,70564,71519,2A001,21384,50495,80770,52275,52113,32455,39460,80038,51325,10151,71001,48150,43037,18259,32358,63268,63457,78608,37266,23208,60052,95088,44119,57581,77227,41109,38335,88012,64559,85105,15004,38238,59539,36020,27433,70540,90093,93051,31051,08313,79008,60243,37132,86022,89141,72235,38133,25326,27112,80164,73052,39154,64484,60150,78168,25434,68368,2A300,41282,68365,58188,50129,52347,27602,41146,31545,51095,01411,86239,55134,28090,86227,76401,70360,71006,60308,01382,89034,41084,60671,30243,65249,46069,78644,28047,51483,63446,27486,76008,56017,16146,16269,28176,64405,83069,02190,77438,09014,66151,33233,43250,51141,23095,45322,11064,77388,76060,14528,17447,24371,70040,32200,70395,77341,14124,02731,19159,38417,03059,42118,12286,09330,89329,56264,06131,61331,51336,77304,25163,47092,27315,70056,72147,42289,77005,25198,44095,30267,84129,67353,66165,62183,51027,15169,64317,04122,89014,70376,21378,64448,69124,39024,51324,77131,45096,93008,88356,73274,55100,57053,24032,21276,47110,78006,41235,51265,88257,59250,35177,10367,80310,54038,85001,63142,36248,18010,24209,77197,81044,27015,76273,49220,21652,57027,62642,90057,72031,37167,50571,50029,05071,38365,21469,01034,10231,68354,11339,41057,27504,69004,27002,68083,08331,80645,64117,40020,89163,24207,82166,11169,15092,52384,59204,76541,08306,57231,05135,59087,63240,33333,52510,22331,44214,80191,24587,62236,33086,60587,52290,54569,01175,32029,15060,2B112,57537,28309,62477,57137,26341,72362,57381,47062,66037,01408,83104,08044,06117,31121,27442,51429,16070,95582,62130,89327,78013,28421,30245,10238,54205,50577,01041,13034,02599,12049,16338,82073,77235,83020,58051,70088,33253,37031,51572,70525,09051,76289,21064,88011,69386,63151,10298,03304,18285,56197,16204,03179,55023,73072,32101,02506,93073,10128,07191,26279,01129,50511,61266,57532,61322,55400,51511,50412,79196,38077,39188,55433,77031,24581,66094,51071,81127,55386,60217,16240,70211,65361,24460,61152,76320,84016,29178,34038,70291,88054,21072,10194,21632,71509,23130,65126,52099,15083,61429,33303,76141,73308,31248,31343,63119,26174,95637,21546,37001,44026,69250,08128,68089,60466,91274,51305,47035,80407,40221,73029,72382,10388,46255,50517,30037,02080,08014,50419,80657,12134,88124,02791,65125,70541,26154,21304,42205,71148,58135,46263,29025,13006,45256,09206,21239,58078,39575,76442,80774,47318,08361,52023,16286,26081,31550,30242,39392,53094,52486,59072,89320,81137,27425,40148,84128,02469,2B170,09331,76571,53103,55535,88017,04091,52511,52127,33299,53156,04174,43132,25172,76197,51602,09268,33019,12062,45298,68131,73109,58275,40039,51137,60440,57405,76473,12250,36169,71145,09316,78164,79246,50523,74139,05045,94001,16095,27431,45326,32055,02039,09024,51329,2B168,47214,53193,54593,53181,38197,11042,64121,26235,11061,51656,01390,23254,35135,25173,14042,50518,54537,47312,12242,66047,78397,91180,45214,61117,80787,03146,82076,26380,43015,56008,19024,23033,22040,08436,81146,71431,17481,59009,59607,24554,01049,80406,77133,07188,87162,57019,76462,50576,31083,15163,67202,74049,71066,72054,54022,65046,55394,80467,08262,33457,47135,32184,17408,61021,21716,02623,33109,39280,80194,59170,56071,48073,47121,95355,61088,24339,65055,01274,39121,61319,06138,25082,38011,70374,89333,31506,14146,25341,77526,51192,33171,33185,68322,35282,33278,54270,81121,58205,66196,25220,80417,80801,81168,76468,33541,63318,65082,16419,60445,58150,08124,06156,22153,83154,50197,57464,88373,10334,76099,93047,59189,03197,74074,45154,14194,24572,28191,38284,15042,70151,55200,21711,02763,24293,64028,63292,28166,70350,57366,63163,19172,50389,25050,65267,57175,95026,32056,82057,14665,21688,25611,89199,61269,01323,66041,94059,16412,70407,21351,80415,80079,64485,39274,55211,58081,02813,16320,87106,73113,14180,39501,62284,64558,59474,68230,35001,85194,39227,74043,82160,27627,19034,15007,31021,56120,06034,70474,49070,57230,77245,80668,14734,68168,67066,57639,59212,09178,25266,50193,24052,62697,62788,60596,76682,31556,38190,68102,08454,26140,08026,15131,36095,52040,11105,11150,46144,51603,76390,26068,77359,81138,17218,35278,64510,45294,76373,80357,88451,59578,48007,85286,17282,59321,68311,67525,46012,82014,09070,02685,33053,45134,33152,67321,40246,55423,31464,69032,84117,36146,70023,62661,37219,08062,08492,26149,38160,72006,83015,15036,21544,43171,62433,51249,26245,25424,21717,78478,38175,62084,47012,53068,32190,80785,24558,16164,43203,38092,47046,2A160,02524,36058,86249,66233,01371,07325,55216,40006,02198,80408,35183,59274,29059,64471,51008,30228,66132,60272,62196,27455,26227,78423,31435,12090,12266,32447,32408,46220,68251,79350,38331,03268,16312,52405,86040,03132,55559,04107,19161,60427,51061,57657,01325,77174,64203,47193,27521,72096,37224,27463,02642,55526,88508,2B230,08027,74262,50142,31474,29256,38099,54058,18172,90090,55449,33553,38106,32374,62458,80351,25336,60634,60249,33525,66168,51301,57117,62709,68010,25508,50365,06078,06150,77417,32217,08433,59021,89092,35122,37202,22244,67186,25175,62902,33015,01157,56001,63305,38453,45217,80219,85181,07077,07151,90077,38283,35357,16122,09143,55104,17407,47099,15201,70188,57246,25476,61389,89341,60086,21516,33291,38098,59013,72115,17213,58130,62454,95592,54499,16012,62406,88367,27434,70054,59634,71285,87203,37261,66123,60144,24540,03102,72220,81122,79156,77144,03098,54120,03305,69285,65394,49367,55201,38292,49135,57465,07118,21128,21137,69246,50198,17174,35025,64399,81284,22095,21514,55452,30189,69183,19179,11020,64027,62204,25612,21272,02385,07002,78140,50151,59018,62498,04189,39557,54362,07051,74306,54485,07314,25201,48190,42312,29243,16415,51158,73230,88243,63232,24133,24273,52038,14370,23258,28051,04194,76212,02555,45234,52457,88223,55096,82072,25210,52051,72238,2B224,59140,14531,10026,24285,44031,88459,61029,24076,44196,65445,74242,33104,58221,38022,25561,45272,87147,18005,26337,29097,02267,34048,95197,02236,60203,47208,28300,50026,02798,35070,36137,44137,30077,77085,77088,65383,10162,25164,73020,43043,55482,07293,66125,02262,51514,04095,24126,33263,21243,01196,59499,60334,27180,68207,32042,03174,77318,71003,54187,66050,25359,53175,02177,57752,33436,27460,72075,62018,21134,25030,71039,68066,63234,30123,13101,05047,71351,07036,62220,21562,34012,34019,67324,76117,44211,50144,90004,62087,79118,17310,27576,65452,74302,14367,31289,23141,76190,76194,53154,11100,56122,86160,45178,77265,61026,85220,33507,02579,76620,60441,12184,54318,22030,09064,77080,83002,62413,2A232,36106,57072,52360,37246,22146,85111,21634,64126,77402,11294,24051,16018,76699,91593,2A056,43147,68121,33389,80805,64472,10094,71228,51470,02423,26136,89314,67475,35234,41163,82136,44165,10131,85071,21316,36047,24004,71060,41191,67147,87127,28401,07211,87089,72158,27256,84144,36203,02313,47198,74232,28395,70487,31271,67377,54040,29022,72286,77252,70192,60111,31038,19029,14448,81197,86222,32312,31392,23239,18248,22248,77390,50554,23051,82125,88015,42286,03219,62882,83065,73057,38108,91131,21177,19246,59661,26246,02490,10106,36079,56129,33151,24295,42107,08259,34015,58067,03085,32129,2B364,34247,21424,32228,73320,21160,54001,24434,48034,01036,59359,53140,22183,48027,19188,59302,25570,62490,25166,04244,36124,11227,58074,09313,10405,69017,61439,41156,56242,47048,85185,57199,15238,76638,80607,34034,08502,40330,01457,88376,63055,17244,12191,82195,24468,78647,28175,17192,32035,39184,80383,54413,64110,01145,62762,02379,17185,19121,37254,34079,2A040,38150,55067,39207,13103,52043,01263,09018,17078,50167,09110,72062,51056,76094,26317,47194,59330,56181,01415,62371,89283,58076,39502,47223,02173,58238,60319,55267,2B243,87083,34311,14078,51436,21583,84090,72112,64547,17364,76712,59079,78575,38444,2B267,67176,81290,02234,77249,62381,47264,54461,35109,74096,02759,08045,60252,73294,24137,36177,17470,74145,27349,03169,2B299,59354,34090,95628,04031,47227,55256,60458,56069,86074,40206,38509,53253,06083,58215,57284,21549,81144,26290,69021,26089,51294,89150,40085,91135,38366,80083,82028,47063,17276,16160,33221,02531,25086,31470,57177,38217,60507,46080,64201,29208,34249,08236,11436,31514,45224,89426,79310,60236,01441,10143,24577,89310,90083,06074,51370,66021,50478,14380,46114,16232,85250,62737,39400,19066,61371,41273,29260,59601,71231,21597,21069,32250,2B297,27187,81248,62402,67290,27518,21679,24213,71373,07081,76076,40118,87069,29262,77050,77300,39361,70165,27383,59210,10166,53192,23232,64153,93057,73168,39053,31290,57572,70552,48156,57546,74223,50594,37066,24043,11257,05012,67466,89221,19003,16306,21124,65044,45051,54082,57723,37103,2B095,80057,46037,62334,35040,57630,72281,01092,19234,01306,06007,06091,09184,39138,29113,02118,97231,89318,27350,25162,64390,29236,81230,69196,33366,68042,63419,37078,01368,16104,10368,14290,02038,26179,43079,21095,70085,54039,70339,72330,40228,71387,25404,30276,01247,17336,60116,62848,53036,57119,32293,09118,64385,41067,36198,73227,07185,26017,77518,10184,04088,60454,36049,11146,11009,24555,39112,13088,50347,31002,88474,10301,55344,85083,89063,26006,45209,71504,08310,39426,39051,91022,38259,58182,11134,62596,81145,63176,42239,14193,90036,50473,07190,46230,57737,80380,21704,27700,34263,25495,69209,88173,39398,62256,59017,45156,29015,02413,2B074,56021,91393,86269,67257,88399,81179,50522,24094,49306,50210,77103,64417,21645,78050,62280,25449,04059,65347,69249,78265,61138,21275,14439,08357,94074,16151,03236,38539,64438,52169,49347,51630,47306,76754,38263,2B013,23245,88386,70018,22141,33424,01170,12091,25087,27200,62793,47011,21619,94043,62313,82069,29082,89170,19276,02054,31060,43140,35086,57372,70359,10147,42160,42181,21610,52085,73114,02464,66048,64156,50541,54032,55122,10263,42120,80521,39535,60536,62871,01023,62643,19251,54080,52289,52069,25281,72102,33372,29032,31436,04120,31488,01124,03150,36229,25299,45264,55120,11394,86092,2B183,52440,33542,40167,12140,73176,19206,60046,69165,36062,64508,88260,16120,76070,01249,38363,68012,32424,01335,53152,51589,71553,33328,81019,89020,49283,66098,21009,83122,28368,16068,79135,51150,60521,71321,80570,51318,44145,62092,30211,17100,81264,19178,42035,92036,2B034,28403,43003,77529,68280,11357,41286,60703,55503,57341,27077,49188,08143,91399,84093,01280,64195,07268,42165,17004,50493,87187,89009,79124,80208,52237,35291,14197,39389,73087,59572,40315,76317,53089,31356,2B361,26261,21259,07335,21234,60145,02441,46170,80195,30324,07059,59150,21575,68330,13023,28380,31019,16049,2A144,93027,76658,63148,2A108,02608,24269,65114,32303,50076,62399,81101,37107,64431,57174,43214,17172,01012,14437,71332,14218,10318,53093,71345,83138,51199,32087,63282,02727,52456,31213,77437,64271,14005,45127,54149,55366,60176,18044,62151,76327,08020,70167,31577,50512,95323,69008,18033,10065,80646,27249,18049,21386,66111,24360,17032,27516,62838,27420,61081,29255,78506,64014,60473,25015,60207,27426,51059,27396,03008,89186,71421,76396,45300,19255,70057,27392,27469,01195,86069,59215,58047,17194,12107,01425,34065,63410,78202,87142,54365,38485,39060,51600,37193,39550,78557,69113,58302,76511,87168,18107,77078,70559,46235,36209,71120,42015,62904,84062,2B321,29049,2A014,89393,52102,15129,12043,07129,86150,77250,62573,52130,27589,71061,18284,19247,07024,51230,53271,22285,21698,50335,71142,40326,02734,51625,51496,68320,15033,15076,59303,77253,58173,24276,60585,16381,33348,21186,83088,03284,62419,12071,34150,07171,40019,62221,21371,01076,54402,01231,89089,18069,54481,57440,31431,35104,51515,27193,46013,11102,59379,27163,03143,95680,63196,28007,09159,33502,14394,84135,87199,61267,62331,59595,42249,77469,52228,57101,32070,73122,09134,58253,31368,27028,61360,72093,62325,39105,16105,08013,83086,2A022,57525,74019,87082,28183,89042,61217,70314,15057,28185,47258,02079,81321,64499,54571,34060,62451,57136,55244,86213,48153,80523,43006,01320,21542,17041,59426,08486,01108,26056,88148,79128,76385,61472,78245,29042,87131,58092,67445,63050,56188,68242,34220,31111,62063,28389,83075,41276,38561,62820,02794,49161,67112,16341,89469,53062,21696,09090,77357,51430,47113,34296,21197,65283,85280,14009,46108,87028,11325,56225,39255,33416,54031,70036,26097,32203,04171,02399,24234,2B227,10387,67077,08144,56157,11194,25411,27267,22182,76380,57612,42280,77427,63406,77321,39290,36219,81228,21099,07173,05004,50626,49362,59657,23203,78117,67287,45040,59113,59606,80435,08099,67412,80812,18269,02569,37060,76176,50208,70317,77093,33510,47189,06041,38343,12009,63010,86087,31338,09080,08346,90007,52076,45170,38308,31364,68194,24144,05061,61390,58217,26065,64519,11263,31127,87062,45166,18165,70204,17229,62217,81306,76472,14635,72041,83059,33318,60583,39543,46133,89458,10262,15061,02788,51174,76375,29168,91045,46320,74295,44094,73006,32437,72017,06082,73054,78576,33378,50509,57428,49336,85288,62867,66156,55575,93046,73025,26100,70294,45135,26188,16241,65128,21340,01421,80433,73007,58045,64294,30212,25355,60423,08218,68374,46058,04150,76486,72177,67154,50643,63049,26164,21147,61459,2B218,13064,2B106,22042,63082,15072,63450,54363,64099,06012,11196,11434,74021,57324,40090,38521,24022,17228,56018,11186,60219,77472,58009,10380,43060,11202,66019,21510,71402,71541,79089,39441,13027,55045,60151,39261,45076,21308,66147,25631,22166,60348,86090,65092,62694,07141,66016,27147,52459,81061,02634,21594,70244,88045,52189,88001,31125,02570,49267,59505,82045,35033,11341,13021,89324,60287,62494,95604,49338,62218,42020,21456,15247,51443,32460,34227,71073,71244,89125,31337,64251,08156,85292,72267,84064,08158,29023,52167,57597,49329,82193,02719,33251,62768,79355,88227,37111,79284,25487,62174,16035,14374,35172,39040,33127,07248,10338,21082,28305,08160,48071,08282,04092,33149,27587,27284,40212,66222,12150,08324,85295,22075,71185,42318,34089,25029,68085,58243,13045,44139,72171,30043,61316,54312,27570,43084,03081,50156,89406,66012,95660,2A026,76726,59106,49246,24119,92032,90104,42195,60054,58162,32267,84061,23015,60296,52455,27181,57331,72329,61447,22364,2A021,87178,71507,2B337,62178,76679,28026,59425,32167,70402,07052,12240,71543,10218,52321,77489,06094,21463,70044,50049,15240,49041,27098,62843,05017,31172,18276,47226,28153,45218,59585,50599,25180,32205,46021,43217,21419,13028,43149,41130,59338,34074,51369,64016,63466,11002,58191,62538,68248,29013,14426,38401,14468,14364,03190,17432,62213,52432,12019,57588,60646,51060,26082,77292,77313,02213,91578,76208,71104,38206,49029,71404,22240,71517,37184,29047,24532,01435,41121,50110,63362,59209,62875,80223,54154,90074,21035,97121,63310,58129,36246,10308,39239,76011,93062,66216,23133,87129,09234,85179,27630,36127,62315,09244,25127,27016,27488,62143,80258,73324,58194,42085,27325,52115,10024,50025,02032,55232,59372,39489,60248,23143,19157,33132,94033,53051,63147,13061,33170,53224,60408,77255,72248,01080,80165,51493,03042,54460,39008,25453,02602,39455,09262,2B016,74297,77327,48127,15172,39430,49060,95656,86211,67080,70520,23182,27343,88205,19174,36094,95280,67008,51388,23032,62786,70576,59275,72131,24513,40116,50368,40264,63432,19170,55265,23140,43010,51179,16168,10401,59599,16048,62618,55377,11106,74213,23017,52197,37211,74156,94028,27338,58048,74131,24162,24486,22255,60589,21675,11170,80121,26251,81274,59278,27242,64060,53267,77395,72319,59128,89084,27684,12116,24067,31295,68094,54136,45281,57329,41173,80137,61392,77109,15138,22156,38089,72381,29117,85003,22287,11043,62555,30329,01308,21077,02245,63271,19065,11229,33269,26156,27218,59104,97352,02217,51326,26285,97422,21440,62457,33394,02069,48175,61256,38270,02110,40248,18183,25483,57479,55436,40201,14069,01113,23081,39025,54339,06101,54364,11240,31180,58180,83044,71079,61294,16153,67386,34321,26215,08309,57589,62736,50074,71224,52390,24472,10268,49310,34008,63293,26062,36174,72225,57191,66074,54494,45164,31145,73259,97605,62885,26127,51398,29140,65400,52172,11165,77142,70062,40279,80584,62044,88295,79210,50184,72157,02557,14687,76257,65431,65190,39134,80603,55225,35152,17186,80306,11068,10141,77268,02440,50082,35089,03053,23149,71117,57126,21230,68382,80576,24148,25467,34268,88094,32330,38254,06071,95493,39468,70122,33131,17102,64307,62645,87182,56106,72326,43170,87130,38425,39538,31367,71287,60180,33523,63385,29133,15203,27493,34335,93053,24069,21681,90101,30283,69126,77276,61068,17116,80804,67478,62319,39153,12175,73241,51017,17009,67032,45025,24057,76179,29220,54098,65412,23176,64160,30233,03209,57578,38460,89094,33207,73090,30170,05134,02056,43169,44046,64546,79147,39119,01090,69099,62328,08168,21111,67286,62834,02353,54029,40050,14760,33056,07304,80713,19177,49036,37198,61150,14735,32232,55335,57218,36071,46034,63311,71238,64123,54230,24006,53099,91114,63326,2B045,04132,63400,72088,02402,37055,67409,34208,89165,30055,63186,77409,40235,27130,87050,01078,87145,09062,38446,32357,23067,15063,60575,60119,59228,34134,11261,79308,37197,10438,88129,43041,71090,78337,02533,21056,57753,22373,09319,63353,39203,60336,11281,37213,37168,50008,62144,54440,30302,74100,60310,31136,64400,25552,19243,51632,91634,16359,52194,46098,2A035,39146,57178,64107,60581,35252,57446,02815,02712,86038,32144,87045,33420,34192,88051,62842,37171,34196,66036,15256,88517,54525,76343,74305,72137,64434,18077,21222,53164,42143,88488,38349,63135,24210,16337,61482,11389,25320,46233,2A158,61502,48086,42115,65376,47068,88497,11402,62553,30178,33210,62281,10342,80076,56172,02063,32133,71441,25536,76350,63159,67228,50182,10176,29173,60511,72339,89208,32031,37113,31326,12210,02735,48053,64524,02754,11015,57442,31477,19116,62326,58082,17112,16352,06065,63079,53077,08375,34284,89245,25092,76750,50479,28154,48063,35208,25096,65025,41215,39293,72161,59290,49358,66171,62277,80639,71484,64019,94075,57627,79274,51353,04207,35284,39266,03235,70014,59088,67467,18166,59050,65396,72174,87109,51206,29077,30327,63339,81169,83038,15067,41149,31371,58289,55288,54517,73083,60374,32241,46132,71208,58311,45157,57071,17029,25427,63092,25374,37087,05011,33486,16025,14174,57227,77110,95014,10037,26032,01257,10173,60480,62445,26031,09318,21612,43183,19186,89256,89224,07349,55572,62100,24316,47027,28059,56162,16141,85291,35338,62752,60099,19043,38177,55479,34011,19039,64373,14476,77138,58210,17154,02448,70408,53144,24349,03319,29289,29207,32131,58257,65466,72028,50447,37160,59005,49343,07298,19101,83151,42119,58293,60234,37228,16190,80460,33428,26148,04001,91080,2B020,59028,19082,24261,21254,88266,38459,95690,69121,54045,67540,90053,60609,21447,47126,27407,52403,64458,27062,67310,65045,88419,33295,18103,19108,14366,38525,73018,76088,17011,47186,05062,72343,02407,34327,46318,24167,80477,62528,67075,72331,72107,76075,95254,05108,65430,73074,57278,22003,61503,58139,40301,59440,23191,57317,67189,32127,65078,72228,60098,84071,51084,25062,86196,33527,47168,52222,03250,68254,21491,88516,40317,11321,62320,88022,21212,88293,80528,51160,85081,80735,62652,97133,28144,29070,57156,89190,85020,57603,10344,86046,71035,39576,21146,76746,27081,52090,62273,49022,10169,50033,22266,29158,22369,26160,61039,21538,05092,63008,54478,67082,39157,81207,24413,73299,44129,77496,32149,18257,33382,63291,47125,40223,76613,09243,74124,21520,09139,38429,78307,22251,42106,22178,88052,88491,56194,78586,23253,74194,10158,86191,78185,50482,59407,65237,63191,45329,42228,03078,60294,45284,88091,28237,60638,47069,16260,77177,50525,14658,26155,43233,90096,59651,54202,02143,2A249,57370,51599,67210,57374,85303,77118,56257,34041,63035,70072,27436,42150,76101,59382,54138,68118,62726,10429,54568,77264,31008,14282,03020,25502,52055,16106,65397,07085,52388,19171,43002,25196,2B155,60047,84133,61214,80088,77524,87012,76478,18236,44090,26250,55552,48151,08086,87189,61066,60115,08233,02274,62893,15122,39428,80740,10236,07028,14379,86173,07072,88020,33216,57092,42276,46339,95462,21591,65374,76591,43154,89133,11111,14758,2B280,49298,35145,60512,24054,25454,57439,63047,51609,42094,61036,68184,89197,11203,91240,51103,62613,59529,19106,03187,90063,03308,73152,02061,54105,50488,65176,15236,58268,68099,88344,08151,23008,71023,53238,2B241,36161,14681,68253,27391,80340,54221,63338,37250,23193,41185,21269,51066,02747,68273,36185,74066,39073,64289,62452,02087,01337,61053,66179,71582,32405,03087,54601,25428,40291,80377,58278,02596,57767,78263,30143,65391,02335,74142,14664,77180,53161,17360,71580,60114,68171,40170,87066,30307,25119,86041,04094,52393,41031,01103,57283,78281,44122,52514,08172,42322,12222,57236,16166,12301,34080,74111,04241,55066,22225,70460,33222,38298,59479,24279,89055,14226,50207,41178,88484,15027,16379,64387,54412,76370,38337,01267,85045,67149,74141,01043,28213,38426,89154,71124,35170,30308,47075,52134,16416,62308,02328,73187,30108,55560,27310,89167,76756,57245,63089,26278,11258,02187,19278,25077,60110,64239,17219,89248,02752,37058,29126,15162,52446,43134,52512,30121,76119,29240,71240,17295,40078,85213,31588,68295,65150,62089,11433,07328,67415,22185,12305,43257,80245,60092,21021,34337,71549,71130,38553,70502,97416,11409,84033,80507,67442,89445,58146,78334,89302,06049,38342,70035,95476,90094,21175,02146,26372,03178,28223,25310,81164,78297,23220,12160,02284,65253,81075,43109,21490,45122,03188,46001,77094,02287,69208,31321,77187,95102,03006,66109,87118,06056,57140,68043,77428,01187,42117,21281,38183,68072,45120,57002,79150,17104,95078,60100,43228,31073,45223,91421,65168,86272,13044,76097,60225,65352,45119,95176,17072,29085,01279,59558,08255,71499,49183,53045,27063,34156,21240,36136,67265,77127,41093,33036,25177,62515,16373,51162,62404,80280,07083,12145,62610,65380,30132,11081,51135,12171,57690,32027,73303,14667,11103,44020,10031,79342,73304,71522,35136,65425,35290,52135,35217,91186,64335,71515,19198,34292,58183,65079,59006,35162,22072,57296,40063,55404,25634,43225,12101,04017,2B318,07265,60683,31478,39325,18024,87038,55034,2A031,32185,95058,76221,17349,05050,38399,54128,31331,86072,23237,55002,65194,17064,32083,73255,80814,76213,54151,54167,31288,27323,59466,83009,33319,88502,35139,39381,28281,47018,57258,79273,69240,18117,74307,32423,31043,24138,52465,77370,31219,67437,60392,78465,80085,68187,67421,89220,03110,81259,82003,22249,95116,25559,71161,27067,38295,08281,18073,64300,61097,55481,57313,90102,60194,77041,77476,44035,45277,88300,18255,90061,76233,51555,58136,01219,19258,71579,87099,10211,76287,52513,55577,88157,52249,41122,06123,80384,31048,91573,14651,2A141,25591,33043,58138,15192,14245,57122,65451,65259,47269,47163,97310,60089,06048,74106,70442,60625,30338,16075,24327,60297,33352,27595,04040,29160,07123,33522,57660,24320,25103,61379,80251,43124,01121,78096,44041,54316,55322,82095,57315,37089,34010,12182,34190,18262,29139,11432,18017,05070,27649,17311,11235,55556,47119,69200,60215,71139,59153,19012,28350,57035,65010,67120,21261,21564,59638,17486,67159,57041,88175,70172,24070,57196,63227,32435,02052,18201,80475,65421,59224,80495,52027,69061,76147,15112,60186,08049,11065,37173,97104,84052,80359,17414,16112,80325,74183,67179,25418,94042,14540,84059,65048,97417,52397,42029,62302,10034,23138,80555,09025,21189,82189,26338,34028,69161,62501,72189,2B052,14756,11107,57684,34033,57674,45131,51266,61252,02085,08434,39360,32345,87092,44202,56034,77196,38499,71198,11026,18258,41258,54542,76689,62516,01064,76232,38501,89411,71274,80742,32206,29115,50384,08083,65309,28118,18142,21294,25313,28141,89282,55372,2A186,81074,65281,10320,54166,23087,07150,43099,33316,69202,97117,59183,67195,74148,43189,45038,43126,35075,80218,54020,46272,25248,66155,76420,69090,33396,77223,57380,40140,63388,45124,89422,77018,30216,65478,21198,62317,80490,84051,03036,28078,07262,74301,25305,54522,09007,71009,52528,21608,58087,44163,65304,32270,36156,70455,06020,61349,28321,01045,24335,46334,40271,53087,89024,23104,62034,34307,24543,57382,63130,55141,28400,34230,37143,63021,17415,43254,37118,53108,17323,51279,09054,71261,53242,59199,60630,37188,72151,42234,89058,2A131,06137,09073,81299,04136,83058,41150,21569,2A284,95388,66133,88189,57398,31155,57265,59562,57536,22186,60482,70372,55328,67327,57554,73059,78439,21450,64315,76364,56103,59462,93072,28239,67551,77459,21081,27201,51223,87104,46093,39191,16223,28128,60273,31196,60404,17207,35138,45242,33552,61303,03093,38044,52380,29174,27554,89086,61264,62052,65433,87169,28009,88127,24401,85008,77090,39169,63045,49099,24008,07189,50278,78009,25243,02604,57138,85289,37186,22048,02553,25053,70136,02587,95611,55058,02812,89019,21429,51129,25360,70100,50315,97610,80092,54065,54075,67358,54108,64363,86078,51479,41131,26122,11247,85302,64059,64243,51016,46076,17374,63439,77167,79293,92012,2B304,87205,29008,59516,65213,69040,72266,31187,89364,11306,63062,76534,21364,25031,60487,33164,24526,03108,35029,62592,58148,60060,51457,97607,34245,34111,28323,57618,79239,60184,57244,02424,10093,34183,78278,18249,02193,29285,16425,32273,39173,60298,55349,02832,65021,33454,33224,46146,28407,40120,92063,24048,31212,38252,28225,55307,31483,02362,50241,62580,31306,27337,19288,02027,80304,59214,71443,64173,60229,64266,24437,03025,17283,25269,57064,71100,10233,74159,50046,02184,86003,65265,76728,16090,04070,80256,2A282,85191,40129,91159,80422,45335,07145,72353,51472,87206,62780,47120,67181,50417,51620,88002,01294,23079,33304,89056,05019,76540,79012,19135,21301,88271,45065,33029,06029,22057,41198,62212,06072,07272,85142,35266,68334,24353,57237,29175,33024,82092,02216,16217,30275,61382,47232,56149,38161,02465,65349,02215,79069,03118,71333,04096,35300,62440,03232,02088,33147,30295,90065,50021,97362,91581,64518,17201,95527,04180,41114,16108,70082,61209,18154,52473,35191,62464,51337,68201,18055,51578,82152,50032,68238,45332,54504,65236,45014,34295,57032,45325,16142,40329,30319,45039,94053,88232,2B109,95039,2B365,10441,10075,21280,76001,33274,66054,02117,42194,02305,76433,14160,49174,45321,39408,39487,11288,94018,50624,45207,63208,14166,08147,34123,04160,93039,14480,03193,56044,35092,61048,38188,31096,60134,33326,46221,48015,21496,16414,09213,16194,62594,30003,76458,03124,25251,34322,65115,52141,21568,95268,59400,17381,76488,83132,48044,62907,38042,03313,55247,82043,76028,21057,45228,55395,44180,54317,78588,67375,28282,08256,07313,31425,58168,58219,63214,82111,42170,18270,76363,81176,69078,31484,38500,76672,38476,62607,72019,36065,90039,45079,31224,19037,54281,33087,03168,02433,25216,38310,39211,17358,57637,02203,85305,39171,91533,30235,68225,65100,62872,38462,27447,79259,87002,17467,2A197,33161,03248,22107,30186,41226,34073,21702,50461,71286,89405,54035,12004,07242,10096,54130,31142,55221,25571,25588,33534,33057,31538,70045,37076,40046,05023,2A038,68321,14229,73012,64033,90002,17166,72127,02319,87115,26363,51396,25523,17197,07333,85274,72230,73293,85016,38180,74157,57499,60492,03129,71497,08491,33471,51594,31339,59664,22361,78208,39345,60556,42043,11332,63011,97602,10337,80647,72194,24192,17065,76300,25494,62684,17048,14125,57396,34231,31324,67261,31589,22325,59246,43032,57478,34340,57308,18157,57043,08419,03247,39518,31123,83010,22250,55347,81110,18149,2B140,33002,17307,60146,88218,53235,71395,44021,62372,79056,80444,64127,42339,53113,05057,80440,23247,77378,11074,16295,56042,81025,77247,17240,66210,62441,64093,07329,61178,27448,54131,58171,2A349,21193,58127,33373,70399,01198,51319,07062,27625,70387,76152,10439,15030,74126,35197,71292,59201,52181,09032,32361,68265,72208,17347,15184,70220,52160,86202,26302,42157,07288,06073,39235,47002,62757,02709,88294,25139,49009,81285,52221,04026,62108,16372,69001,57173,54099,76323,02456,10013,57298,60481,59456,06075,47082,36157,02010,59542,32138,57533,11385,69070,60179,80136,18178,62633,70158,67206,60457,02002,40217,14190,48107,38516,32028,32258,76448,44192,71574,27025,55042,65419,33166,58120,38328,54030,61453,47076,16394,16076,51309,11284,37159,71546,39118,76428,28375,60001,26331,72223,2B315,28382,28253,13106,56072,21025,70335,34266,03204,08197,16279,72328,87004,24531,76745,51275,64407,59135,60552,71241,21008,10010,51282,02149,11405,09175,24271,46202,93029,70262,57730,50452,47122,11252,41189,79309,30227,72231,41267,62137,80578,60268,36004,17315,69022,28100,21273,62570,94055,28419,63236,78545,04236,31353,07229,61358,86258,17125,07019,63429,93030,07316,13001,14003,19131,57760,38169,59167,55181,56182,88498,40072,33081,24251,50222,64061,72229,28270,14163,57222,29176,60235,11191,41123,78417,55046,31207,28235,41115,63190,43113,43062,09207,09203,89072,40322,91376,60484,76005,27475,57290,57707,52332,57311,85234,53034,50612,85167,17476,86184,33337,45055,71506,2B125,94070,28178,31177,61490,64268,50288,44185,64273,30148,77480,62231,08107,70313,04172,73326,2B075,30210,62446,30087,22320,72179,83028,27679,55276,84014,09223,47128,23263,25194,56212,64291,67484,85247,27302,19111,21208,26305,95594,57518,80626,51101,21488,80334,51253,10291,61005,63464,80064,35045,54346,29107,54371,33047,41050,62631,36236,82071,40166,22020,64413,35289,02814,52304,61078,31456,09155,97214,89201,57743,35095,17480,57277,33451,66167,32219,64437,10067,71391,60293,27465,64182,42028,27668,67029,2B238,08057,70515,02309,77331,28365,03046,30046,63120,77517,74033,76519,08280,73049,21221,72038,60329,17158,61323,02664,45216,11241,31491,34068,65134,21048,87166,32316,54028,70180,39126,55255,02371,21068,62382,22307,72199,57480,40091,21158,03023,08212,55494,54067,94037,52072,02109,09218,72071,85025,37138,50024,12287,70453,22263,77106,88362,24454,65098,67414,77279,32182,42296,21415,44213,28405,72051,62004,91223,67511,06086,80423,68285,62766,14228,07070,19045,81083,80650,80431,36197,45232,07226,46008,2A062,01088,07120,62421,80684,12079,76469,37140,09254,32041,09323,59085,60595,69259,12223,76244,36092,21690,54484,17453,39026,31239,74112,60647,21528,32235,39429,60133,40022,10145,62816,61414,69252,34336,65217,46280,80690,21448,05078,36051,35105,70024,17294,28024,19277,61321,15158,36145,02668,08150,37026,82148,76703,35059,42311,62272,88192,89240,68269,86280,12296,60396,62651,32110,79042,28008,45257,81026,57620,60230,43009,38495,50130,32215,94003,33301,51655,71308,12295,15116,51395,80116,55291,55036,14710,26348,14173,64382,58154,74292,27347,64329,17106,23213,72296,25099,47294,02244,46159,24134,55541,10235,62476,24002,11412,62647,67477,60370,63099,28393,25328,10222,85304,03033,04206,31410,64104,63374,38468,89054,65329,26309,2A127,31027,67137,81087,63459,62841,80721,46148,54581,95450,63213,91599,31100,34343,39174,77455,57385,40234,05156,35108,30316,79086,52198,28103,26064,39018,95218,06063,54189,64166,97219,61049,34184,58095,23218,52305,67458,60371,59316,16121,62559,64102,12051,32132,52542,62453,81181,24111,65415,91075,25413,42313,38117,42044,39373,88530,70087,87007,76236,79216,65206,50388,54043,88088,03083,37099,69102,18204,68303,25223,17324,21171,73211,57342,39388,68192,22347,52164,63052,31563,22358,52349,37093,2A118,37201,86247,45230,82022,25065,62565,32246,31044,67135,24376,67461,64087,24395,21466,14252,78674,67522,76199,01255,62401,59627,88246,59594,31221,45348,09196,60667,21181,09099,84097,58033,31347,64144,07291,88159,03240,85067,08252,11331,22126,37013,16354,21219,42235,57510,14102,50277,16046,11265,77369,57142,84100,2B342,80224,82100,21614,64108,17208,55064,60615,41028,02439,58265,57731,37063,41225,71388,30068,73221,25520,78227,23047,51042,79177,35316,21040,70577,51036,47043,04062,58032,64070,65111,56140,43252,60387,80651,50147,41139,59042,62700,2B208,59107,50299,54540,56200,64142,90003,02180,26266,89295,10343,41118,08494,31315,10374,88495,21049,88251,87046,33061,22306,80247,19112,18018,44159,50582,76456,82025,22386,72338,77216,62744,32061,76609,39091,71137,02421,60674,38330,43056,27075,35042,18230,11001,04053,60640,85015,67027,31222,02279,33243,32298,74002,88385,31505,64393,36119,33014,39240,86123,10100,97312,13050,92004,02364,95682,39301,48177,49235,86177,32338,25109,55262,70206,51163,22127,34267,34098,09077,15128,28088,03215,44103,17253,81159,33518,46105,2B083,09229,31068,51248,57224,58169,41219,62763,16275,06133,55095,65148,59161,02773,54595,64025,80632,85260,55119,34338,61237,31079,85197,29063,80179,08355,07201,76059,16114,70296,57200,59526,85231,28188,39528,50246,76126,76202,54243,16374,03206,76177,85036,16127,71493,81033,28021,89347,67026,47145,85035,22138,31458,47304,10393,18045,14059,29035,33325,01181,50268,42105,76695,33350,2B029,22155,63472,59086,76503,50041,72386,12044,88279,21115,87090,62248,57325,16158,02762,2A247,12098,57025,24240,27320,77099,72289,26175,76457,64339,32094,37037,03243,80397,35024,76286,81309,21461,88076,57213,77430,11299,03290,89041,55466,59512,77136,52246,35195,41182,16292,2B054,25003,19158,72016,70152,14116,25275,12274,77441,80027,36068,88262,58288,61199,85050,02134,80443,21285,87033,46216,46090,38249,85296,34005,43031,73268,18216,10314,70349,50502,37073,11220,62735,39372,16169,32409,53104,53147,62701,73262,85117,59592,49371,34170,51097,19271,81069,59207,13202,21503,14084,59056,54055,27656,24366,14127,59411,03263,57677,71214,60251,66129,88351,76683,2B179,15022,32319,01101,25063,80463,82180,69281,50400,48094,2B333,71490,57750,75105,28136,21330,72034,44005,21565,39003,60118,97215,82116,31047,25005,68011,36180,47216,55079,02552,54374,32130,14064,09304,07244,27278,85259,71219,68023,88430,56255,17332,18087,34114,19008,46335,63198,74079,10234,22094,23169,02803,44016,11269,36192,57740,63173,39097,48069,04006,62665,41248,86181,02171,79058,30103,62819,62125,64298,62142,14466,27432,13041,57105,21091,59190,39577,53124,32356,63063,03208,46167,68318,14337,58050,02124,76553,05010,64290,27202,12008,71289,88254,01369,95142,40258,2A308,65319,10253,57248,76731,41157,35097,57075,41091,39412,77143,68137,53145,24448,26048,63461,13035,50225,49011,47139,31516,06149,34036,21411,80022,27011,88440,41224,60584,85214,63034,70285,46304,30342,26118,44141,76450,02515,46057,80782,59446,54596,43026,60525,74185,33082,50444,76183,88368,36181,86250,31412,62560,63132,51628,15262,51640,40147,12273,55224,03234,08148,59334,14130,23206,67398,11283,30229,37150,22175,46111,27474,76298,41029,62664,61425,61273,31217,18289,03105,65294,08185,21412,73116,16289,87037,67449,76498,57209,17137,33403,31057,25038,65355,76057,86265,23238,51604,17076,83061,15014,02172,25459,02658,21390,79204,65342,52445,71258,89390,54344,58132,66108,30337,26195,60402,17012,74116,21527,02539,38412,32204,80140,76024,25329,39420,57747,46316,67196,76214,84058,51531,39421,27312,42023,83073,51093,77011,67034,13014,80418,95002,72219,57033,27003,86091,66225,84017,59339,03287,62086,26273,44125,05036,73084,34064,42108,69245,40256,08391,58061,79277,57526,14101,77282,18264,62122,16406,59226,21085,02538,39285,26060,51047,91587,39584,02098,55566,71337,21332,80095,01138,26159,72370,48181,70421,46185,45302,28221,79250,31293,13069,80236,38005,63129,25501,08499,35302,10394,30124,89062,37257,13067,31325,61165,59089,88315,51657,2A191,56174,25361,57187,15159,90024,33277,56214,88277,76015,27605,71204,02624,35362,81117,11221,43213,57102,18124,25498,08008,57487,62796,45017,71468,76555,60211,63097,54019,29238,11388,52063,54351,16331,59333,60415,59631,52004,2B236,25386,88417,07154,60167,23162,04104,74177,13042,14579,06120,37231,2A200,02321,64531,08471,31380,52254,2A362,29274,61475,21682,14357,56131,80099,60701,69091,58144,32264,21707,62620,45288,65477,92025,21232,35327,60259,52544,62674,29165,88102,14012,21020,76443,33044,11347,55297,39185,50060,90081,09142,80791,51368,12200,80756,39423,40055,64338,64388,30209,62296,38392,23265,10076,61051,61238,60557,34063,38433,50430,59112,70319,50589,01277,69138,84148,55415,32220,12094,59059,78276,35121,89337,57065,22052,33515,89203,82144,05158,58263,09264,35116,23188,25426,68286,29028,76702,51082,69291,62692,78416,89298,62537,11318,17309,12183,31283,02050,02261,51087,11245,77343,46096,38470,07127,51085,87095,78146,58197,62790,71403,33548,78123,10427,76342,80284,59481,65318,31562,73070,80002,84085,51306,76399,91617,10028,11137,82146,31059,51644,80294,05032,68381,26033,89348,02679,77405,88092,42164,42213,67435,42299,30269,32102,73232,57640,77310,62075,47210,51539,79179,33262,57751,71002,17388,24001,85046,47051,47032,69049,67129,14117,61370,14410,26339,43185,70251,59263,70038,59482,02606,84023,89045,61190,08428,11011,53002,86299,27652,71440,50446,57555,32153,24182,65240,2B309,12251,39057,22337,80592,57590,72336,58193,19217,10198,48110,07156,77387,67092,08096,57638,43111,82004,09194,80487,48029,08336,35308,61176,67491,12261,72224,31291,59041,62649,63157,38290,71539,47278,27419,16199,71234,59269,15133,12016,40132,2A119,45061,47008,25369,62216,07040,62215,05119,80809,60121,88174,72354,39221,73205,05101,51046,79087,03057,17319,31173,60673,56244,49007,22195,32308,62045,21479,61086,01351,54566,24085,08232,85098,56006,60531,50270,04224,54242,63415,02015,01299,25622,17010,51227,15098,24034,95110,02633,39473,54036,76557,2B199,46269,56137,89307,07212,62519,62285,28184,15217,27701,65162,62025,88273,46306,89334,30354,45142,65040,25131,10307,38141,61166,27110,66105,61363,77037,77102,57113,25535,08311,07217,06025,14232,51624,61071,72276,19204,37090,89127,88120,14122,11073,08190,16103,39494,68255,69030,03278,52119,59134,27129,85095,60619,03055,80349,40070,72351,19192,36226,62855,80620,51054,46063,09212,24294,74004,62489,57704,55510,14556,88464,42062,39035,51492,28394,03212,52006,70267,47325,12280,09161,43020,50437,09236,95149,32297,74165,66009,62794,35019,67296,21694,43053,27542,80331,32151,27127,45276,43024,51447,70466,44143,54179,62895,86165,77308,68312,54251,12282,30277,63166,57202,02408,19074,24050,57493,10044,21164,25309,35008,47326,26268,88165,83124,03088,58298,80808,64168,25529,32229,54121,89321,27104,16225,97614,62316,28142,81202,65334,02255,67231,87193,17259,16059,30084,76402,40205,85110,23154,56082,38530,30002,31389,33102,52282,87174,54396,73091,37067,25595,28269,09050,77485,54338,83080,08173,52394,02251,55105,08017,47251,94067,71548,28087,61400,27321,45341,77442,59221,71532,68349,39196,59205,47245,43144,23073,50112,69029,65050,52247,58110,80484,51203,55504,39159,15059,89440,82055,32422,14575,76575,80321,59487,50442,08153,35082,24264,60437,79157,24035,12163,52200,66024,66177,60010,61324,28074,61075,60066,38554,12083,74078,76180,02322,78165,72193,61060,2B012,80472,37264,71280,45305,67490,2B231,81036,65083,38063,38309,54405,64297,45269,25073,53106,32300,91495,88310,17182,25522,81129,52062,22002,65417,21274,21670,62775,17043,41106,02527,88177,38307,72120,26139,38518,27472,59158,02209,63009,59522,95555,67351,33353,67341,95295,16145,34092,31297,53055,43212,10195,11118,55498,16180,02780,71326,72245,87191,77495,54513,86143,53188,60255,42155,25240,76642,61302,26199,52158,55258,40285,30042,94080,91284,54014,66121,11085,10054,01199,72294,26080,72270,09322,02474,06011,58248,62224,63272,06155,74219,45260,80032,80126,18211,56133,25553,19250,39129,65404,31455,08376,59318,86098,43196,26198,21096,67392,57335,31377,23146,57459,35140,28096,70249,88221,82162,89483,68329,12293,62343,18189,32018,81088,80272,28256,71510,56025,22302,61278,13012,77206,40306,61074,60232,62410,22304,27012,18011,02397,62246,52216,59497,25408,11439,88213,39317,45306,21080,52245,42269,60597,40288,79132,63358,09239,23201,01412,54392,35062,76427,59227,50176,63037,51144,08058,39418,54289,33545,12167,65196,44106,38317,05165,56207,35080,17039,76487,77165,80456,88160,81023,30033,86233,08063,55210,52146,02169,52392,09208,54135,16205,47023,34021,69290,63139,69171,71525,69271,31052,17224,24306,61193,24361,45118,41048,05183,74094,37053,77010,65248,59272,67536,03056,17018,67381,50259,80625,45334,48131,16276,03154,21397,59053,64347,25444,22286,47022,61052,55183,65220,60631,33209,32412,77146,21047,16040,65132,90031,06160,40320,28214,59211,64197,39028,02403,42237,81037,73149,59279,31421,52493,26051,61163,68241,89168,35203,62219,50567,08154,88195,80547,60254,61230,16036,21216,14043,63192,71172,41216,21687,71528,76259,71465,10073,46294,65256,24390,60332,10381,40114,91441,2B206,80753,72282,22041,09123,70535,59163,91514,61050,47065,55369,39238,71192,34326,38318,21418,80403,80478,38419,77457,57444,53074,07193,02227,82140,54468,07277,63212,65081,59296,85112,89316,27231,14506,81002,04181,59058,72293,12178,01439,14306,02205,22238,17273,48008,70179,62304,81124,97114,32053,07270,15190,55422,36235,31405,30330,31417,76739,67188,18242,01200,65208,87167,25126,02609,52310,08416,62818,53249,14111,31170,89462,47274,02419,31266,70503,43198,17335,13065,82101,59398,29076,70506,14460,76497,85061,80063,28013,37226,81222,59097,44132,46173,71246,24066,51133,57413,23113,89122,09149,01228,64428,57470,13053,21558,70162,63012,07035,92026,33176,59356,06026,15146,26092,38171,29212,59543,67003,51109,62290,11027,52003,31362,73146,33512,59530,54356,45179,60221,34138,62111,56206,06003,02141,24296,2B233,38329,53210,12064,60302,55021,07198,68281,70511,23137,21606,80752,31387,63302,14076,18047,01348,77319,27654,56210,89247,72184,2B305,08228,35342,86139,70182,50214,24418,03117,83014,72132,65043,56097,63408,34009,67229,05123,91121,40286,81313,33399,91275,14332,60598,02498,65155,83096,60065,02022,31191,17107,18245,02644,36193,35329,33343,62039,30144,11291,38250,17184,80795,27522,77148,30185,31578,12260,39348,80405,26294,74310,76504,38215,25601,60356,29135,36005,14478,62540,77479,16096,22012,16032,93013,89101,09217,16134,41070,60621,71565,02578,80018,27540,06024,22242,65266,55155,71555,22349,72026,65247,64139,02491,18021,76266,62722,55445,18227,31557,26324,51350,63253,02431,76751,58165,51255,47180,54404,60162,68005,70473,71021,2A146,62323,12227,30294,85118,62511,80609,17443,85204,88238,32278,15140,81064,51013,64220,78358,38103,14097,02722,27243,27165,95008,08076,77168,82164,26094,76561,91579,07264,69298,34293,61491,67267,22305,11154,80559,21613,13094,22295,67035,2A357,77525,2B274,16256,14566,76568,82099,86054,81090,60564,57592,37050,25170,38369,40160,28299,61351,80077,27655,72124,68110,35028,09111,27339,77271,64229,45328,28085,14565,12241,76205,27395,09041,09043,55362,43061,27103,16058,24508,60168,08341,02637,80542,55578,33012,61317,08257,2B257,45104,60644,02082,65020,59574,66234,56154,34182,14326,06059,62869,55144,32165,07269,16393,72303,42032,23148,57251,90078,24020,70197,17391,34083,01123,89425,50486,25461,29143,02677,57610,79326,62603,01429,57376,95539,72154,25304,49261,59011,29103,13107,70013,87156,61327,76074,54102,34103,87149,06016,39037,37134,10050,71390,16150,51334,61474,29195,78073,47073,51218,06093,51155,61098,51184,41252,39546,28306,27273,62069,72072,57295,24129,2B264,42089,01062,24408,40014,53182,34310,82175,77365,22299,49110,61385,16081,22281,89410,24524,34175,21087,79208,60173,62670,39140,54395,77507,85164,47203,02410,14273,28222,33387,02607,47241,67100,06031,58143,19260,61281,53269,71239,80074,81277,88290,2B176,89051,19132,24534,76652,33117,27456,30021,03032,31301,45155,39312,52025,72039,24046,86256,43085,63183,54034,60282,04018,21264,43004,41099,16291,49253,03131,72222,88374,60327,73323,47285,70116,36093,21664,32213,42207,67160,31575,65408,03210,77172,75107,54450,21103,51038,40004,23164,58013,82047,87070,29045,21368,88303,64152,33417,27206,59459,81189,78486,03262,17135,57085,55385,45307,24351,2A163,67101,80232,08479,67223,95598,54041,55124,68054,02225,35034,49003,57437,58131,78160,33084,61407,21467,59623,10347,31420,38395,06051,14552,25041,50648,66070,89040,32433,57399,88079,38488,2B072,53105,21314,34044,97131,54545,44114,64433,12075,49241,48179,02580,21097,02142,46271,66139,16030,31024,86083,67411,70184,71508,76148,49344,02577,73082,52502,66120,73330,63019,56098,89187,65181,17326,28208,31332,58017,44174,27184,71207,71394,59242,14607,60477,2B078,70572,88423,14135,24373,62202,27299,53174,42196,02749,95154,27023,37033,46092,24350,63315,33421,10339,17191,54315,30051,39444,87172,31268,63077,42076,29048,51076,42268,76602,26208,58079,77204,62378,68129,68173,52277,72111,27286,34197,04123,32160,84102,86086,73133,24538,28371,69002,07131,64449,85072,01433,67401,77498,22189,67226,50391,59364,02277,16078,76047,48128,16082,67047,74048,88280,11115,10181,03135,71370,61116,80416,54088,44164,68341,89028,21130,62870,14278,22262,43210,64050,46051,01361,68015,34334,54467,67328,81213,82097,27161,32294,37091,74026,85187,46040,46075,2A212,55511,32176,54502,51455,92050,02014,73296,2B293,02698,34323,88040,29209,54359,01356,62024,66173,18190,79057,03115,65233,71045,06077,26022,32282,62241,24082,52195,89132,24157,71531,07038,80810,33487,80704,77091,24365,89153,26059,26361,94022,60158,32142,67354,64124,66072,27658,88441,08445,72080,17290,85090,43014,80759,03245,77504,78361,28155,84099,04051,93045,29083,49012,79220,52212,77461,08427,50295,52419,32079,63334,74052,14570,40168,01185,37195,23210,28327,91468,54352,50533,73256,82134,63357,79070,23260,84032,51497,54394,17044,89315,34246,66077,02568,02107,27374,41030,40061,80686,91521,76120,10261,31357,65056,14203,64285,26377,84040,36073,23090,24123,76135,54551,38068,62541,02827,59101,26193,27563,62295,56121,56215,24263,33298,36103,65201,65109,17237,57079,26299,54431,22015,78152,77169,43152,25315,51219,05155,59144,79299,08399,87103,17024,56101,34046,67078,11328,70166,51236,10185,19047,90015,57519,23181,72153,78403,35056,86147,2A085,01227,16063,68352,80489,70005,88019,12074,84013,68036,44121,53258,60109,21037,65437,26264,30199,39229,45063,58085,51645,64337,53039,21303,73231,46044,51509,60082,68124,32394,47106,34095,08296,45274,80412,2B036,62283,33536,74010,21521,80619,85051,38222,38218,71018,04074,15009,01203,71048,70343,22315,30090,05145,81081,24164,86082,19142,54514,51608,67295,29029,24171,12027,88272,01250,62813,24338,72099,35039,25252,12010,91112,71077,79063,47276,21566,56169,62849,53143,68020,80100,55149,47302,38498,40042,62629,54165,62890,28073,58172,56248,21002,57349,28098,32280,24150,67162,62292,61274,70029,22233,43019,76110,67534,70337,73041,76049,60277,80687,24586,42090,89242,12096,60577,59151,14316,57577,65441,47175,63026,11348,27004,57069,43181,57238,55253,36216,76322,26218,03069,50543,22275,57756,97228,69254,73322,42128,67529,14483,08408,10227,14712,95488,39545,82113,61329,32107,06132,73003,47187,15114,25014,41032,21104,52151,13005,81010,46315,60317,58149,70248,63114,87061,37279,18210,10329,08476,22271,43155,25397,60527,14062,79340,14123,25049,81066,63239,71177,80517,27064,84079,89137,39124,62154,03238,40150,13046,89087,95492,21022,23001,27119,25450,02409,51453,88371,09100,40328,73229,09221,95427,59136,25211,37114,54419,64245,87086,60488,55051,17159,60274,69044,62854,64309,54018,08298,61114,80014,64228,21567,59292,67174,46259,78402,42169,40099,71125,57018,51635,67510,97110,29302,43162,02062,77244,56057,01057,64049,50101,95541,86102,63215,02715,46266,80748,72368,12192,59143,70146,07297,24277,21244,42246,03272,62831,01321,63110,21530,67336,63179,01118,47303,35247,57748,70316,91037,76749,63155,09137,25415,80173,26087,18253,39150,89065,27355,50591,68098,91540,03277,80656,67501,47034,35281,52083,72191,12257,03255,21342,41079,71413,27473,55363,86224,13079,26301,88144,76690,67133,77360,33283,03299,47086,61034,47279,30219,87049,25377,31429,77263,57384,32112,14054,60360,67489,55469,33452,55505,76006,59369,63278,30004,71200,26192,19235,23266,68219,54076,42208,2B356,42005,60558,52012,67249,18052,02640,85103,39467,09226,29216,50340,79140,61255,17132,67237,58042,21109,29271,50164,80269,51435,17188,55500,59110,80328,35287,84112,45347,25613,64147,74278,55471,65160,80159,74136,34211,03091,15185,57077,64270,80221,21647,33206,27354,47299,62318,60191,14328,25583,70366,57550,44144,86152,70286,85261,05013,54063,23235,73130,86106,39390,86051,93006,61457,28339,50002,27152,85262,26165,54464,19049,50504,11359,70303,03070,38105,78209,16084,14547,51226,51522,24317,14270,88268,23010,11406,11140,80672,28203,02558,19273,69384,67405,64539,81063,36168,01416,67063,10325,27114,50169,46030,15066,85186,21641,61085,11295,21662,52306,60239,06151,34162,46103,76227,33392,86028,72036,31140,54326,23251,55280,38422,88526,85100,15015,53222,67454,14699,76408,02447,27661,29150,51005,87138,28062,61289,86122,35317,19268,65087,17096,60070,10424,14467,80385,2A061,67216,40071,81092,60666,25475,56179,41172,08401,78068,68056,80120,32123,95627,85092,60661,32080,87197,78007,02130,81251,49195,80574,50083,51373,59045,80200,2B275,68007,08023,41188,31030,33183,80176,83027,95011,14035,86017,62675,55089,64277,64443,89011,33242,59023,51659,54094,25011,32201,27444,2B217,89147,42176,74152,89118,54083,53218,01367,63197,33270,83070,2A358,72334,09127,17411,59236,02197,01293,14496,27096,08264,79172,86156,31156,89380,21117,39100,45238,31407,67065,46204,27695,68383,55099,55116,80276,90089,76064,67346,67200,88134,57651,08452,2A285,15065,64542,21487,41295,65260,45324,02540,76707,38278,55374,29119,73097,81211,53016,69231,52276,71463,17156,84068,27415,29033,42211,77246,21165,88016,86068,44198,80573,88193,50565,41159,54079,67236,80409,16268,55396,57445,40203,46189,70027,27378,71335,57300,52030,08369,03082,63433,44158,60257,63287,27240,17389,64332,59329,22096,41132,70261,60226,53078,12093,07003,60021,66076,73193,58206,43089,59310,02208,69095,52491,26112,58226,29239,80203,32268,24479,15093,03165,57190,03009,25148,85042,24545,29286,34039,17051,91666,60212,30306,01406,51002,71571,71122,56211,44043,21028,13208,71294,76349,67517,35228,38296,16270,01117,25527,72155,28358,16343,09291,38253,46164,67022,46089,60333,63465,44169,22289,02416,81243,78406,30116,27545,79352,02739,01089,22385,62123,63093,29205,74024,02037,10089,37097,71232,26201,01243,62314,69388,31449,46142,32369,59367,35232,32209,65429,64529,02160,41112,88316,01156,89385,43163,39406,40277,71205,33322,38313,65461,67363,32118,65462,50282,72332,84035,37252,19156,50369,47115,51149,21666,80080,40037,35067,02530,83110,64190,07213,28201,56143,46175,77020,54297,01074,59138,64259,06141,72079,25573,30061,17434,95101,85115,05098,02576,02207,84139,50297,62667,07300,57261,55507,10221,81097,01099,04139,09129,82040,38030,45292,42264,04046,70574,53010,66039,59001,62654,54225,38463,03302,89368,50476,68226,57528,74164,26288,51466,22259,66063,80141,68014,27689,11022,63323,95509,41291,38036,81270,16366,23064,14239,76354,02797,55175,61148,89252,70422,80480,32186,27555,38072,38565,12052,65348,41184,73024,62037,73235,39522,33261,24220,41035,62128,35335,07260,77108,21494,42327,41065,60204,31323,65154,21483,27036,42159,32136,51548,08019,17400,65232,85159,42261,57088,88463,73261,13059,80562,67083,67255,67508,52059,27222,80059,07061,42325,16019,17252,49113,60017,28146,88264,38457,78396,70129,95504,87185,31396,59218,08352,10376,03013,79134,09124,55170,45308,88404,23124,77460,02012,14143,28105,17425,67060,08396,43046,13117,78518,60208,50372,80148,93048,14237,31163,22083,81265,25592,23200,57115,46123,88494,80166,02655,81161,57302,94052,22234,64368,59328,14093,26034,40259,94060,14087,48160,76299,35173,69191,30284,80228,02710,23259,21657,29171,71537,73053,73145,83021,03011,68006,15214,39495,76698,42200,34096,81200,41137,36046,41268,40011,27261,26216,44204,71334,27377,21112,45344,48138,04012,43083,89350,77305,38210,2A228,76038,30015,77453,21046,97129,54414,40244,82165,51446,61180,16329,27622,01110,76447,01179,69043,16097,28229,03136,56204,12164,77185,34342,42230,25425,62524,80538,85073,76422,57388,60154,23255,59348,68022,43071,84126,82127,80549,31181,69382,26002,10119,92076,57716,80132,46137,33249,06153,07032,02688,33169,31576,88283,43028,14349,66178,24252,26147,38467,55357,80778,55360,55206,32367,16334,80248,31448,60682,74119,37136,17375,53196,02512,46140,02686,34140,64556,22103,40214,69122,61001,45045,33526,65036,89463,51454,06047,86093,65263,60263,15094,34127,88038,14475,76686,62091,86289,88110,89119,52541,44050,56039,10154,29282,68160,17017,47178,14355,32212,78217,18037,34305,25295,08067,87074,72211,80596,23217,09249,52044,57108,46194,58313,31141,68342,95063,01262,26030,14167,03292,67388,68277,09058,70467,43188,2B302,15010,82037,25307,59397,86063,59360,2B169,67292,69166,24005,63005,21029,02154,63319,55196,47311,15188,50252,02019,69063,16101,04166,77464,69093,25496,70299,23120,81114,25419,90046,64361,26247,70200,23205,08456,24018,79030,27076,19083,2B289,39131,66144,39145,31252,34316,88104,64432,27685,60463,34291,62604,47272,11400,79217,47162,68151,54011,77035,75109,18218,64426,08032,11131,31278,33060,72045,37183,34278,28243,49132,42126,16397,25317,04004,37043,57717,21417,66119,2B220,84109,60126,43001,32159,91534,25314,52126,86013,87108,35165,05027,57004,54190,80605,59288,52482,02273,40252,18140,02732,10371,77493,62358,30238,44112,24130,55014,35233,67069,71267,58220,44030,76189,90022,17316,11313,40109,60304,21305,22356,87064,35248,26091,74172,43192,50506,78621,58231,15121,42153,91471,80355,68372,44022,56047,69106,80260,68375,80374,84010,02065,56114,05001,89017,76655,69096,30230,27134,88506,89075,13022,35331,60033,62668,49089,37149,65156,30056,88033,07165,59225,74197,31264,2A028,57150,50342,76305,66066,64516,52088,52235,51449,89191,80832,38101,07273,57438,41060,86246,15005,34261,29084,47253,05122,50165,14751,76415,21404,59486,08382,89375,35044,49377,68035,14276,33103,59314,67190,02392,16263,11101,88077,32100,70066,09180,88216,91038,80498,30254,19208,60361,35071,77450,57212,79357,41001,57365,84008,78591,15040,58006,82054,43251,45200,40122,26259,76344,46165,47136,02254,26190,80568,78324,26249,78653,16335,63324,80452,04050,68169,54092,41193,21646,35202,16133,12054,03021,57741,60227,90075,48091,61122,33159,01079,70545,70025,08119,70193,80519,77404,38410,22269,77069,40237,76475,88411,71249,45165,12186,55219,71020,55547,24484,23198,40097,12255,64367,70259,26213,14515,32071,18221,89261,26224,80053,23136,88103,19144,07138,34131,82183,30270,79334,27151,21315,39409,62199,80800,43182,45123,72345,61215,78300,58060,81156,36031,11370,59515,88436,03029,71058,26376,89279,37210,80119,54531,10313,45060,06035,62336,71469,81098,91136,24039,35320,31284,24214,04222,23144,36059,30293,01047,38469,25417,73204,80642,14039,66143,33122,26180,88509,22135,65113,27614,36135,80420,16135,59194,16038,86286,65137,26121,54421,49240,71376,38323,17377,25215,09034,39258,22327,95379,02697,89171,59403,32126,47222,14668,57204,01060,53135,84116,21601,30187,53198,21377,70050,51178,30304,17015,56229,72172,82114,37062,62749,28200,52089,10336,17211,16364,02541,35188,44039,65388,26206,73008,81119,53061,23041,24088,65231,58181,27091,49015,65465,50445,73031,55081,39043,83067,64052,21185,65449,91016,38107,90097,97212,09308,38084,80663,2B178,69186,69131,64325,65015,53165,61126,48099,85193,31361,45219,25271,93055,91667,18237,21589,58237,63264,63044,01184,30064,29264,14453,25379,61405,11416,73180,10017,84141,70322,76116,42285,31351,38239,76564,95429,28067,67275,61216,45062,08254,53001,31292,06135,40080,16211,52149,73107,62009,16261,62435,83079,50361,01298,10112,12056,62437,63383,79108,55013,65403,37131,88387,04229,28016,59289,89015,12063,42007,19187,33467,23034,38348,73105,73234,76521,61298,85177,60250,63002,57557,62360,22323,51250,76359,31296,24550,08024,27367,68032,17454,78455,39164,41271,24585,78193,02067,17098,61326,14206,50044,40021,08272,48116,33065,68030,31381,27324,57034,62269,28333,41283,57633,71005,77325,78206,87170,15267,76174,65187,45189,71479,39583,74250,51450,06089,51065,21644,59176,77401,60181,34224,42204,31530,63195,58276,11091,58036,54406,88409,28005,91097,87177,33311,68359,32327,30014,65251,51553,55367,19080,14754,55128,85084,47204,64081,70104,81039,35058,61011,54521,69178,62852,14543,41024,10418,51520,72216,57128,37023,14383,24014,61084,31091,05148,89267,72233,24398,63447,28296,21441,62364,67523,24081,46265,66226,32324,24007,32443,2B063,21277,55334,83102,17149,06039,54598,24056,25296,17255,62222,01454,24504,70342,02351,84149,23084,27603,02349,02725,68316,76693,64360,10445,34001,25113,85013,62468,53083,30137,40145,86203,09310,40323,26276,97116,67360,26103,55384,18095,80575,05021,46276,70539,11425,93001,31452,68119,30083,35211,24287,36030,29014,82034,74191,88529,47327,07099,21637,84050,27533,12045,40079,62690,59492,52207,95091,55167,41285,24536,49067,24569,81123,12104,54096,58037,08338,84107,50496,17151,11382,38207,51387,36055,22161,76035,71458,69010,02808,38083,42009,81279,02632,28240,64495,82013,39107,38195,74020,54182,41089,51513,47013,27219,02323,67397,84025,22243,69051,27295,18274,71427,59383,22319,78601,80278,44084,85152,88332,40040,88247,44023,32371,39511,57594,35236,32377,26041,72315,02503,27045,57461,41125,32098,76164,52506,19041,77051,18265,62127,31311,21320,59187,57466,10111,67400,31220,10127,85147,59569,66140,36025,25097,67326,02220,29098,80541,44155,80781,81024,73277,76196,62072,23187,51592,44183,24291,70240,82007,39508,62038,49114,31238,76663,74289,56111,25267,60514,24560,64527,28343,21345,76072,14541,31378,70237,51633,82084,10409,22264,60301,13212,33500,72311,59064,47263,31279,50023,22035,91109,22241,38246,62635,80118,21098,03226,14271,45316,46322,62097,76241,10278,08126,10117,54206,53073,75101,25340,37092,09002,28173,50618,14554,76717,19169,89354,47167,06128,77200,17247,51631,24525,57587,53263,71129,89064,58073,43129,77408,53214,25505,51239,33357,03100,78239,81286,71209,92048,69296,77452,36016,65053,46190,15006,74095,67233,17284,68195,40208,86149,03242,42168,03301,60137,74243,71176,01410,33143,71365,39554,49008,62126,59513,39525,67165,19207,67288,34250,23091,33385,39471,79064,2B039,33524,89081,09109,64545,73033,51241,66160,34100,54298,55356,25039,23166,81076,35280,95229,31346,57701,51491,79235,52447,71230,51663,77039,71409,18130,19162,73028,01192,71303,14452,88114,61140,21372,59434,70364,09201,08374,60618,42061,70265,18159,57147,79020,62663,34289,71300,86026,67556,52122,29101,31058,26343,52067,58283,70414,09008,02581,24347,63295,34023,27330,68379,12229,01150,51081,64244,54563,29295,29105,54218,19051,07108,03173,04138,54328,45317,29012,27235,32043,05161,29116,49248,59545,64184,62550,67268,47138,64181,31164,36050,15086,05109,06081,83133,41138,65006,28157,72369,18004,32189,21107,62506,72024,08030,09173,88407,50402,57469,97216,06148,57197,11322,78015,54442,16173,74188,90019,60684,76500,33349,82015,82102,45129,62568,79133,10053,58299,43082,24384,40243,69220,16255,62263,63343,70452,79119,07205,61063,65278,26291,79009,16229,58270,73311,38427,68101,50350,19199,66073,11209,10087,78031,67094,86300,60460,17086,86137,09037,39080,31294,01180,46198,02511,26217,81134,51134,12248,74260,43229,52108,37161,79332,55532,65395,73210,93077,74161,22050,77232,07221,39435,57595,14371,70238,31254,32245,27612,08317,22353,57714,34178,08450,39109,19284,38247,76234,68026,47207,86115,51035,39004,31116,25132,63031,90034,87071,68307,51285,63158,21660,27326,17293,16002,33393,57521,06050,02650,51413,79226,79066,47060,34283,12213,69230,33120,21355,71153,15198,04077,76641,51001,67074,89074,62172,03040,18150,77104,09305,16098,53232,07119,61251,32445,21714,23244,38271,69075,15095,50072,05053,21295,08472,55512,57149,47313,19180,78283,14538,27457,50579,70099,22084,25059,68027,78562,10030,77226,40233,72217,83060,67364,59240,14484,80186,80373,89142,05039,95543,71412,53191,36010,01149,94004,24011,07209,57558,44067,43218,34049,76727,67132,32349,85148,42214,21540,89309,83029,63153,51428,62632,33444,14381,12058,63226,78620,63184,74210,62230,86237,69268,77116,70464,80486,57276,07310,64125,60050,63027,29054,59645,21708,62469,75102,40181,81171,01081,50251,88492,31504,19006,72221,64185,21416,40028,14431,12082,50273,31049,12289,72325,22265,71415,60108,64509,34081,61291,72043,63413,59444,62449,16340,76425,60636,10389,11262,10027,62681,24231,76552,54027,57124,60160,34121,72302,31092,60391,46305,51421,72290,02296,03254,63180,07054,83001,33208,86044,08064,34171,80695,45176,66127,15147,15079,59435,62330,42134,01405,57029,70581,28424,97218,88188,74228,22032,86220,54449,08036,55108,57141,62563,31383,38397,36097,81018,26203,72182,70084,2B343,33042,62054,32391,39505,38242,36131,50457,61080,80826,01160,64555,36053,71147,02480,77385,50598,11210,02310,41113,39300,77333,51156,76545,36044,37003,54072,22054,78071,71290,64299,02551,40036,68117,77179,25626,59004,91645,39517,95157,89456,57623,24255,81280,88058,61347,76611,30044,08273,86284,17383,54301,62450,01085,39192,24307,01407,51029,61330,56112,21026,33051,79200,34201,11413,39560,38472,74133,21529,2B164,33361,14318,53240,32014,68380,64482,76398,24221,60320,52184,48048,27263,61149,11046,76250,16119,40171,29201,63205,42122,27361,50111,68338,62545,55543,03230,62173,77121,22389,24141,54420,25258,76499,38276,07020,44111,02675,51566,11368,21151,81118,72138,57624,39368,51508,42198,35141,57568,40300,30017,19216,97132,70438,58241,70292,69100,14352,48188,01143,07170,76518,63017,08104,22099,25492,16029,16077,76142,26194,48135,31493,26126,63244,14269,61072,26004,77519,91629,48149,32078,67148,13116,06097,39236,82046,65291,59253,31549,71291,67337,21576,38407,69270,21519,07347,70250,79256,03244,67049,71302,02304,31473,73188,80819,62141,77266,09097,88231,47064,30050,55087,15037,42216,62428,70153,72274,59363,32386,08059,95395,21598,11242,40133,31146,67208,23012,57423,18213,05118,37156,07101,50334,91425,54212,62073,59213,89117,51461,32158,01404,82133,80035,89006,07167,38458,91631,65105,66032,09219,12158,15026,27050,81185,21168,33077,24267,57280,64293,24386,67266,17292,97226,25558,62776,64403,57489,26311,52472,38347,10116,28346,66008,24180,88041,60072,61424,77419,55272,17463,18015,80348,51612,82068,60414,58071,80586,58198,85123,25468,67141,54115,35231,76014,02694,80535,80130,57143,35229,64419,60164,38182,19028,14743,27683,52104,12041,26252,62497,37042,02463,28194,50469,62734,08385,44053,31388,15053,21525,11135,50570,71346,88274,88228,55563,78401,09285,17308,17446,54555,88285,89432,59365,38174,21405,11418,34154,02368,2B120,80707,29137,88070,64086,34331,78084,81272,91235,03186,18061,90070,50260,21122,27670,17006,64046,63456,40180,57062,25381,40232,44221,54470,57491,57691,57733,70190,21300,78262,92024,10207,73178,59430,90026,40172,06052,38520,35124,19048,87044,61362,64038,42083,52232,22383,35065,82161,62400,02656,14027,40089,61208,39048,62466,61473,02627,30105,31543,31590,27179,07332,80056,35096,27037,02546,01134,83143,38235,68275,64078,85256,34176,28038,60485,37122,49123,02156,08250,12283,86230,36232,51613,72237,19269,02790,94021,08187,35358,04084,10022,50528,08344,41141,46177,64282,46134,88201,30326,74082,30349,97225,38556,29108,77027,47055,45077,53257,02678,91207,66230,02192,35146,06139,26133,45053,71188,67199,88064,71011,54244,22133,43018,60091,62836,61101,33154,05044,72364,70276,02230,50548,57120,61512,32157,57364,18046,24031,66045,46238,45213,63336,54172,73161,39032,22085,76225,67443,52182,32030,64304,57080,70009,24399,72052,25489,58066,88462,10215,62339,23089,19195,25046,17245,28068,28285,73128,32306,74064,36037,70301,88004,60209,76321,51303,50219,82132,26221,63177,31508,74154,57024,49180,81157,33414,57598,73140,59223,71344,59145,26070,53054,38341,58266,53230,46128,71135,11335,32016,71566,71559,62521,80036,65058,21135,59071,66064,17220,26281,77201,09309,11151,62019,25346,93061,74072,68033,28092,02157,71570,11396,33112,44173,23082,21434,19103,80395,28373,59455,26292,51485,34163,24443,16027,31067,25540,61242,71446,80043,60218,64196,09298,95652,39292,76336,30102,21255,02450,26102,60101,87190,18188,32276,63342,86244,26367,87060,39193,10346,59031,58102,82154,64429,38149,60568,76530,64192,32003,91511,81227,76513,41098,25403,49130,26036,86107,71115,71044,73302,62380,53128,13090,02778,86266,39503,13104,97204,86094,50483,16086,04144,34195,58242,50048,68107,76651,2B320,61055,86255,28409,19081,2B239,64450,24302,36140,16317,72277,41186,40299,59668,68079,40169,40189,52132,31230,85055,45033,25301,78246,28245,50634,01301,78049,77178,14501,33317,51432,27368,55303,18184,08203,45193,71420,55416,59192,62409,60478,04173,27271,76066,29202,08025,26286,52288,76409,22276,64488,02005,44102,60689,73120,17318,52298,16368,01289,29269,54446,21226,28263,51596,69154,39304,60285,60659,57570,09019,46149,40163,70290,60367,89451,34209,25382,25054,88179,16282,43166,62194,45133,70065,30164,65110,72210,80762,10326,51086,27167,61476,54141,70015,70327,60365,22288,02461,89018,60350,11213,64214,79338,90014,77225,80210,33539,45075,09031,54544,65373,52171,52488,54199,76181,31593,48042,62814,17099,23122,03016,77527,01334,80142,62139,40093,76294,59402,77392,18143,40112,30225,82044,34086,55460,23045,64552,51381,26153,46087,61243,71377,61224,64283,59115,87078,21577,63125,24131,55055,41290,70143,51126,25345,54104,27353,86172,45092,55103,23086,37130,71451,36078,59653,21715,36121,46073,67356,27586,31133,01419,32009,62804,17094,21182,95580,70426,39009,50158,21653,51313,55439,35050,23192,84053,17239,10217,40155,34155,60515,57547,73019,22143,46131,54303,83106,69076,45022,52322,81162,28423,41239,39498,76182,28058,68323,45042,52029,01265,52286,43150,09151,76460,62324,24116,62817,85138,38187,54127,01309,28367,97128,88325,66162,31270,46157,86151,61464,25155,70397,71113,09261,78322,63409,82006,59612,65385,13097,89032,02252,87031,86015,12069,80654,39250,16050,60131,65369,03176,2A189,22209,10004,88163,60381,84030,23233,59111,72252,64455,01276,53027,33198,38464,62892,72378,72373,52256,57322,15241,09128,92040,47006,76341,56045,19094,36099,59449,12028,09281,59478,24215,87120,41269,62014,88062,02542,74081,15003,37181,45201,74129,52364,08364,08283,28211,17322,12278,30159,04108,19056,29043,70430,87135,85284,07219,31583,97108,27027,19071,62329,62622,16130,07231,72227,31050,59556,25016,43007,55069,24436,24205,48112,76276,52205,95424,22093,51425,77124,78530,80322,39351,02534,32169,54073,09021,41134,70273,67057,72214,74053,07254,65139,30247,55516,70578,46210,08303,07159,06079,45005,60540,18114,17484,02374,08092,37110,57334,65279,79096,40035,60479,52396,76743,64312,01336,63379,18064,14654,54254,41180,59534,61030,01191,80134,30213,66090,02592,03267,23125,24177,45011,79105,64435,51025,80644,82188,58113,53146,10252,64442,04230,02582,58105,91507,16072,51474,24012,77173,77368,81006,71368,91247,32154,07174,71229,57333,28130,08467,27269,02390,24574,54565,02228,30134,49138,46328,02343,01290,25230,32439,76526,68019,60397,02355,38355,02689,80001,45103,57083,65322,64468,04169,76339,67330,35206,62010,86253,25597,35276,64006,15143,67335,38374,72350,73216,46239,17164,82039,34013,06070,28370,01158,57455,33229,88482,51298,04112,25402,89447,19209,19016,42304,11096,62365,02298,60603,67506,47298,54201,14138,47238,91332,22376,27428,56256,27580,62102,90054,71419,84111,77433,22009,54422,25202,02400,54294,32317,27398,50637,01209,2B192,72241,35004,51113,65007,14291,24455,30085,25263,27644,71273,76387,55257,18119,63370,62576,33069,44019,51157,43148,62503,25457,24058,34219,26083,22136,71434,11168,55284,53056,26274,71356,67424,04163,54512,37020,08426,29299,33555,47255,63424,90006,38078,38443,54407,72283,31441,67403,73228,47146,31359,10133,54222,09104,17357,39512,53264,71392,51544,39170,71583,88097,33370,76016,21437,27040,04240,21353,17298,16290,69219,28216,10310,52129,45339,80124,48031,14181,39189,89416,45034,33376,36178,88084,38081,89281,33282,79092,63421,50121,88003,26326,04016,94047,82033,85243,09056,67039,39586,14347,32147,51272,03194,10392,35068,28076,57542,03252,50166,54367,43122,63071,85019,17279,24416,60028,76345,02566,36054,45091,54597,78329,33271,47234,74070,68049,41104,01286,91216,30138,58040,10366,03148,57387,83128,10431,80468,64024,63086,67342,14678,80174,70338,39572,36096,79016,82078,34188,59164,67139,28113,29016,62053,79018,34325,19200,71482,09271,42279,63134,86048,97309,66166,76151,89016,33064,62731,76650,70061,65288,81095,19085,37221,33346,56250,48129,02674,71379,83057,02787,31592,60620,44168,25237,32224,97102,27149,10191,82050,76166,36199,53163,40260,76453,38216,35351,58245,61262,61182,58267,02730,86241,52439,89145,15221,22311,25370,85242,28006,76296,55197,17056,81205,39183,21595,05089,37009,65303,30053,89182,50109,21292,59429,31192,48096,13118,28349,22344,36056,62658,19275,62753,47296,81269,80163,29055,84101,27176,55569,21257,59265,28267,58151,02528,28293,67459,23036,31440,64176,81003,39457,88131,88180,02770,31418,40081,09177,12026,07124,54389,30048,07149,28046,2A041,80045,62408,76369,70233,77468,62784,18102,33148,36008,21310,16310,54527,24457,34047,59323,55271,43094,69098,59342,31463,97601,22280,69089,85082,65088,18217,36066,10256,32022,26240,09193,86120,26098,56128,50115,73078,77006,70202,78522,63248,46100,21034,71072,35149,15075,83145,42191,11092,54273,02129,39208,14646,24438,40121,76082,24492,14669,01288,59277,64097,71399,89394,14082,17176,79285,14491,34167,44061,42068,14745,09146,17128,34256,55365,32148,17147,31078,14096,37185,68245,17248,88200,59174,78470,71091,62727,15024,40094,25416,21248,89273,54528,78302,25145,71364,61497,22101,41261,12277,03149,37075,01252,64357,71563,90068,38208,78472,18192,89336,46229,51211,58003,62129,59188,24202,56022,27094,29038,02508,31211,74285,68326,36009,80430,73191,83033,22196,02219,60058,54409,21470,51475,31022,65235,62388,70185,56177,42331,77053,43123,74138,71183,25197,76649,87121,11193,05124,21347,59555,77515,21545,62832,80098,54268,89353,24483,54269,32057,04075,65161,65275,61164,35279,77330,02502,39289,46324,72261,40032,14284,25584,09009,59010,57132,26365,48088,06099,64422,61361,43117,93005,61284,57580,67010,70368,65116,80290,95212,02548,53057,33031,40254,42332,16377,51077,22033,01025,54508,54382,65173,71149,25047,02696,28246,83041,80244,58218,51598,60152,55172,86260,55075,32353,31350,32281,54009,62239,14244,10237,46062,33167,32309,80543,14752,25161,70157,67380,25388,74309,50387,83050,50513,12159,64194,76053,03171,31386,89098,65023,66018,54276,74051,46120,19240,61046,26205,65345,80658,71080,39365,64005,97233,41034,80215,27051,02376,57225,64430,64410,63141,26308,22363,84065,60395,46066,23103,32304,2A254,37234,54417,39328,57573,80599,52399,76195,72327,70344,25575,62805,67270,53225,47288,38200,55531,41154,81104,53265,38279,36158,72255,60429,37015,29024,48187,50016,52424,50240,31184,50209,01005,28120,52443,60405,39329,71367,70496,19120,23025,2A295,55083,33011,59078,51532,17008,30340,31501,32026,44224,63070,37278,32290,64369,55450,76732,46147,35216,08240,08490,47218,64002,2B235,25143,22202,27307,63376,39326,01066,67052,21423,29237,63064,52047,10056,08004,34003,32082,89312,76528,69248,21329,39217,24354,55154,39143,76093,62299,40164,26316,31486,83006,76379,59220,29278,09275,11384,42146,62791,27204,34199,56253,30191,46184,95313,21215,48145,22219,70222,62809,57520,64035,52240,21224,26248,67002,28385,39491,63341,80168,80160,55220,57448,02520,64267,69179,41155,86050,08328,59347,2B194,48140,80368,46115,37096,76134,08498,78550,71056,19114,56061,76086,30331,17217,80465,70283,02800,39120,54113,79322,25051,67246,67019,14389,71015,73075,80652,30041,31062,95150,59027,12095,64517,73316,53080,73170,67264,71329,30197,08061,61013,43054,58308,35356,02269,27220,06043,34085,26076,11408,92035,51382,80335,07259,04161,78349,62487,31195,32381,51586,10153,44130,02432,24297,80527,39327,76224,65280,02034,18076,06103,88141,73160,57091,76736,71327,23204,72200,23039,03162,17092,31459,14582,86059,35023,32015,46240,21036,31394,02550,60258,60153,07155,42259,64257,16254,33448,38513,52320,07095,57599,07202,77490,13073,58106,55143,60567,39279,08095,57241,71331,07317,35063,65242,52504,32001,18106,97303,78517,55109,63329,31460,23147,15134,64132,04009,63204,39116,32446,71435,70216,65407,14132,17361,58019,83045,38320,51505,28035,08010,72021,80361,74286,48155,37144,45187,75113,54471,34078,77184,14652,72260,67201,82104,67553,71538,33302,81143,22313,68324,14141,95487,01204,54582,55459,47177,68240,02121,30049,42019,56168,62249,02591,16250,63416,71466,85227,27138,06084,26191,31453,08038,33284,80488,70390,33549,40207,78420,31137,35220,80763,47109,81253,76307,18060,77059,60159,77273,41081,21700,12189,77176,39413,71521,12078,12110,81201,38526,59544,73032,33192,39054,27056,33006,64063,21379,48148,55519,70544,21649,62480,34112,35027,50535,54059,19113,40304,22360,02221,62795,23257,02302,45205,41203,62088,10426,34149,21027,16215,21468,67479,47028,26207,40111,33533,95574,81263,11078,76637,30058,2A154,14362,76554,62499,14707,15246,50593,77038,60068,86080,71585,91035,32295,22278,25446,23024,02805,10404,72292,60040,31569,39380,02151,29273,72091,38126,32419,27039,62874,80113,27107,55252,70178,80404,02741,2B185,09209,86117,59361,77423,31076,45012,66097,70562,14740,61357,85121,05114,51391,17109,65254,35166,80722,68211,38128,62903,08400,24326,21692,18273,18267,55007,76560,24160,91665,16188,27073,79254,80676,15141,63016,92033,02367,21194,27069,59152,28004,57631,35072,79337,42095,77283,86025,73141,16089,74056,11025,68332,04126,65378,57294,37039,26220,17313,54486,54071,31427,07245,35246,69123,67557,54107,54457,89482,88449,79257,34260,88395,60366,55424,22352,76108,21317,21242,10115,71561,21508,90050,27697,11371,52489,62769,57253,05094,33473,71272,51580,33066,61219,08005,59025,53247,60042,38231,55043,43160,78642,07207,18129,28193,11023,26349,54357,66180,08195,76759,48126,54390,35054,67396,31372,84137,41096,11066,33090,57009,31013,65482,71398,88042,05074,34205,85229,34157,54548,71160,49341,17297,04118,50150,51015,57583,67498,81212,51040,31041,74290,62865,68246,02493,83109,76445,29112,76670,59656,79207,80039,80811,54497,23156,11130,76740,10309,80813,16249,31447,32416,49284,46054,51534,39561,17105,24394,51424,97208,68298,49259,55336,59509,13018,82010,02823,06113,62162,67343,52325,86034,66186,16196,25422,25534,62040,46309,21155,15216,60284,60309,02458,73275,63235,43013,17057,63368,60393,38379,62356,22114,56173,22293,35168,61440,30333,15160,57007,77267,08046,29228,43242,66232,09033,17428,51371,53202,42287,33431,73189,21202,79024,62114,50532,92007,88369,67102,71347,62247,73208,89292,16061,52287,13204,79345,88511,72269,88381,88322,63394,54453,52476,40049,95610,17281,13008,26263,08435,50363,88187,28249,53186,09114,04134,50265,89266,62745,53176,62719,86178,64043,47248,68136,54183,32404,05097,21307,77272,27468,38134,30173,53008,47104,53100,91339,88501,47236,02055,57263,21062,45314,10383,69174,58186,17085,69162,37251,66214,2B157,19220,57761,64319,35110,82174,60189,80580,60471,64053,03121,32090,63473,40282,71012,24423,60205,50217,80442,14438,65052,21271,15149,31007,54515,79083,89093,27316,17199,53102,23252,73270,25278,59498,38437,54554,52468,33491,80346,62909,47265,58224,73096,36173,14041,02074,76392,07338,41054,63437,42303,79225,87088,27072,52303,38236,39394,88314,68001,39527,67278,80616,10102,57272,66220,54304,24348,31335,09232,89207,76200,02246,88100,76437,54024,18137,35091,32068,70186,15155,33094,35343,45148,78451,21432,89048,84138,14613,39259,38505,18238,19259,77190,08116,52128,26096,03048,83114,71136,95658,67282,61276,51333,64549,05178,59519,62346,57494,25191,14588,17108,47229,32299,60019,74304,24517,81237,27014,80274,60612,57593,71457,71169,27189,77391,01387,21398,02031,31442,14404,59654,46079,58244,19176,55028,80700,08348,35085,25604,65295,95447,89096,80153,80267,80677,24154,85005,27079,41110,08315,25367,37012,06053,10047,81261,79122,60147,60653,42053,50615,62209,02562,26012,02036,21655,35090,68260,25184,27454,60425,33135,74118,25259,76589,95169,70252,69234,27085,88055,88475,50464,49369,71381,10386,65456,21336,01453,40216,01148,14761,85047,67507,47021,14572,21071,88358,23194,62533,45043,24256,39141,67055,50454,45036,70134,38442,23031,33310,71450,91315,61044,80158,07053,30152,55040,46203,64295,66205,57121,02737,61448,55456,88299,22324,33188,55521,74211,77057,70111,34058,08220,33377,46254,63199,70484,48041,21552,01343,21533,18059,35319,71416,76624,90008,17363,81218,80371,87022,62055,54599,15077,51232,33279,21343,27417,76393,63349,80125,15100,04208,71167,14019,43066,73263,70554,44209,25095,59502,55330,81183,32261,10196,45250,45233,02691,35101,71542,64226,49061,31228,12007,64202,80386,24075,36194,74189,11351,56052,65026,17210,62031,70295,56219,42178,91649,22109,02308,65123,03161,46205,30177,22359,47085,59636,54355,76668,11356,41027,04037,76187,28163,57130,21183,64212,49334,41019,77026,81004,77171,60025,86205,33266,56199,51296,07237,73290,74284,84131,37035,32448,32368,77186,24456,34169,77397,91132,51327,50399,57609,11035,35239,26202,17264,48075,77534,10265,68059,76258,08071,38484,60113,80493,64453,43190,55490,70329,62253,55333,89280,69140,60605,54275,88108,27601,80777,36082,14285,27638,65219,62101,69077,21286,80751,02494,47224,42316,28190,18120,34056,68261,47179,80227,58011,51194,42152,70513,86193,62879,47150,18226,24053,25463,39202,62606,15257,73219,2B110,71535,12219,01026,19073,65316,32275,76600,06009,26106,76155,77234,14708,57670,27699,61232,62146,76738,64349,63032,01022,57111,2B087,08066,95061,60172,69187,88298,17046,66107,61261,46171,64397,58208,33071,32256,68262,95341,41293,68044,03175,51290,79149,54233,77257,14336,58080,17249,01229,85160,01432,74025,86200,29279,24403,2A323,80262,72307,64328,02275,07090,30343,36187,30171,72002,68386,50529,27453,39172,30309,82066,59142,26170,17262,91546,40193,03296,42203,59129,05055,49332,67406,25133,88198,47001,16175,38097,84046,71359,51486,55289,30126,64281,82190,62625,54495,53204,12038,59102,32328,76255,31130,19205,33503,10351,14741,19015,27536,38152,19100,77353,01291,76026,57401,62883,36069,56241,87186,37005,05038,30241,63168,72236,80461,47323,03170,80127,39534,24535,30226,58199,26117,57037,16242,54126,86158,30160,63242,45246,65119,88345,15265,64476,24105,64398,53003,30200,47267,39555,56155,68100,69018,45252,57556,50062,02593,18070,25226,59650,48136,54114,72163,65438,2B015,46251,45147,08031,88398,60201,24038,14660,76532,89349,62138,2B301,44127,38158,16326,80827,25218,16066,55443,54004,76605,41080,54602,16074,31433,46043,10280,32450,78380,25060,54445,18275,59002,76167,40067,58214,69031,14744,2A240,02751,76243,14216,71328,08320,79095,79101,28386,27692,40065,39335,59156,67559,03311,59286,28337,60056,18152,39099,60442,39387,24412,69177,79223,56252,31158,51342,37182,97305,64355,65178,28406,82074,42139,43223,33496,21616,36221,76515,90080,41260,08260,53206,25312,29111,33211,61508,87111,01237,38557,51588,08194,90032,10099,88401,84075,51360,80455,31122,87065,18054,23142,50390,26073,57203,64306,56151,62042,79166,34228,73079,67463,51142,35186,31109,15097,74163,29144,11376,85205,34032,38451,22018,62289,02380,62488,16182,51240,02041,55017,07132,13072,26104,05093,47266,17177,21060,37179,43142,64466,63327,57497,80638,08305,33016,59076,25078,76747,76514,77260,39095,67558,21180,95352,37225,61460,45150,23178,70225,85156,21325,03166,24309,14275,68282,83049,39353,19096,26105,07017,67422,14250,48095,82049,01173,61104,64305,01214,38062,71216,27132,54287,57693,38336,38560,57252,56099,51289,21615,22351,22076,38466,47305,36080,28357,32171,61283,79104,57728,62824,68013,70450,11153,27113,88197,51080,27155,03012,62206,21534,21004,78230,23057,86170,69081,36220,41249,45041,81108,51419,77248,25114,08279,17019,97112,27623,09045,21209,89400,02828,07243,21499,77421,32314,54370,38071,87114,51292,64011,82156,17097,23096,47254,2B182,05056,67212,08274,59597,21043,77070,57720,80238,14319,61332,25608,51573,16251,16009,68237,69176,52280,60128,08485,68159,60354,16384,42133,53033,57617,03227,43021,36043,53022,55378,08041,50546,89412,80556,01372,14348,94017,25108,12214,55427,71494,33254,22174,32421,43236,13039,27485,88289,69273,50155,88334,62062,37190,29267,70156,46106,57131,97421,86294,39403,76585,86099,38551,36214,16037,03034,71133,89464,03147,17312,39216,80436,10029,52415,86288,86097,32076,64026,62279,09140,43091,16421,21629,17171,49221,56237,59169,71357,80569,21088,71054,36070,36144,59579,09132,89226,54492,75112,32321,18099,50143,09252,13115,29261,88150,01283,88075,38027,11387,84118,71313,02018,67106,15213,59563,71022,70298,24501,28287,71301,86189,58054,14091,23111,46145,33238,31574,46153,78362,35245,85129,23069,70516,70320,51607,55373,08022,42175,81283,62240,25242,03189,77033,49092,24485,61336,59468,08469,71551,52278,33466,64554,36123,38224,43055,67025,50480,80101,18162,77261,88171,70423,16378,68268,23116,09228,39072,19099,54257,61123,42220,80217,81262,2A310,28362,47237,76207,29060,62626,67483,24496,23207,17338,41036,62307,14405,73095,50409,91312,89215,25384,67271,51551,10180,13071,10281,75119,22081,30125,55520,34172,31069,24142,21436,64151,52524,18173,10052,77175,66198,88090,02120,71126,81001,25321,88408,55544,86223,26271,17179,70565,59160,53158,06098,27693,28172,55484,89189,32095,25547,78444,02457,32354,47020,65463,07340,63224,80662,21101,22188,31075,27311,2B202,38545,58222,60588,41158,59109,01213,72042,52295,77134,18247,51583,48043,25414,74027,13025,65210,70550,34152,51418,65051,38223,78354,59495,54078,53250,89449,55254,37021,86295,80560,26360,64348,11021,78413,50298,11428,38127,61461,50472,68259,54423,80615,45138,71094,64322,39085,47074,05065,70234,2B184,33383,47259,72185,73110,51638,22060,31565,60483,71448,86012,28232,18215,24542,72272,17133,21167,80561,80496,53200,70481,72013,95426,28313,67128,02442,79335,91602,74107,53219,60061,14177,38486,06061,84120,29189,70310,89472,68350,74077,62061,05139,72100,61218,10216,02174,22274,29120,78502,24477,14149,18001,71178,63471,25623,65108,89379,10021,15089,77062,44223,18266,54500,19155,32092,80147,55121,17351,31544,58246,59588,38138,17233,31559,54291,04193,39437,73292,08006,19227,51220,46308,82087,02810,29146,52185,30013,21451,55222,34070,39034,24241,89391,64246,80212,07114,02106,68306,54197,35189,76601,82064,55348,35057,27109,12231,57472,73129,66080,26236,89159,66148,2B329,71141,69267,45194,57680,60501,68258,71263,32252,76665,13089,33356,51523,07290,49236,02332,44205,70388,16418,57565,32390,11187,80794,22147,27599,80803,60027,54042,53025,97220,43016,22333,79307,03203,62513,05104,42075,33543,86104,19165,88444,50289,91635,62006,77022,31010,41088,65428,37208,76634,08448,57192,79148,60430,95019,35250,31403,26321,01451,25212,72209,59305,88321,02159,60193,63059,88050,43151,58297,47066,82020,16024,08503,64136,35207,33435,52450,29109,59618,62078,21296,46104,19245,29192,30222,83094,12230,67462,81217,15110,53049,59197,84063,63289,76280,44082,28236,69297,73269,60518,30095,14241,35253,67513,17034,27560,69038,07073,01434,73182,04020,42073,65268,09314,78048,60590,01423,06038,18091,09113,76054,63131,04087,26329,72317,33123,88082,11395,02401,63001,55359,61374,07233,95018,67450,31115,54077,52201,57426,14650,40086,63219,14701,68297,76302,70280,11393,21218,06008,71584,09245,68292,16110,27584,57645,88258,60295,14393,10324,25018,01056,29134,37115,76590,01242,77533,52318,21228,10164,62840,77123,65238,81065,02189,70208,83153,64105,80579,76314,70227,31134,45013,01456,33022,14335,24473,02093,63124,31215,21348,51146,21391,50578,15235,90066,85208,21573,02125,38465,63355,67291,62672,51478,24216,2A098,15207,74016,31528,41071,49167,16220,42042,28342,70020,57692,40293,12128,86263,67524,05033,85134,04025,14046,08043,24019,65443,88391,44024,28264,63107,59219,39447,54307,19152,68210,65060,40044,60398,17435,24063,78087,89460,32194,32420,29182,35038,54345,10150,81229,63090,69132,58041,62557,67394,84106,36017,80364,65287,63436,72262,67407,70553,29280,62599,77162,50148,67329,11222,10279,29197,64492,17460,88161,79071,67156,65442,21650,58075,52519,40280,04154,76153,43201,50429,76315,07011,55004,70447,66189,14424,66103,57663,63303,45342,26327,59625,09133,24321,72305,45027,68367,16346,57754,51028,69053,19044,65085,28111,88413,24122,06069,40236,26313,73085,54262,76313,55173,16144,29250,52373,03084,31026,62792,70232,37081,77101,03144,64116,27423,39415,85151,38430,47170,45143,70195,65074,40012,17472,57287,25121,18182,17263,28170,32210,17013,60633,51110,04141,81035,65282,86169,14289,60573,78010,54510,57001,12120,58111,76238,51120,57307,97401,60559,32008,14274,72095,34050,55323,46121,61272,54530,57089,15263,12070,52084,31225,88489,72357,87014,14140,66175,59503,11012,28151,74239,35144,24573,38095,64080,22059,71489,38528,76616,51431,50232,97115,27470,77439,57667,48185,13062,71165,31302,18212,51438,13216,37105,62291,76004,67444,66124,71047,27285,79015,11212,60382,62678,06152,22284,54306,32177,51328,88037,35003,67464,97402,55546,57561,86192,17168,79306,61130,57739,58239,42227,10355,24222,36098,40333,26328,27038,52327,79002,66035,27031,57057,62771,21066,03303,15041,32355,27170,27635,60206,38409,62405,73021,64083,73301,44194,89359,14644,57058,57347,52328,67456,76260,55534,09247,37240,68378,11427,81319,59442,43050,29091,31310,59605,52357,44080,03065,31087,60493,22124,15073,51343,10295,29268,72251,31245,31152,01096,61035,69066,33443,60574,57011,26038,60223,33459,15078,97353,60199,67204,53046,58164,58024,37011,18105,39110,31445,49020,74199,73177,67088,65001,69169,22215,54271,57145,31355,47250,75110,73173,58027,40334,27527,89434,88031,24016,08340,79286,23185,26350,57358,15152,55515,35137,02487,44195,58212,80822,11086,70493,31555,30321,21395,54101,80177,45081,32398,08481,63200,16301,49223,22267,34101,52354,53127,77067,33365,68223,72143,73194,55062,22168,52031,80470,03228,51188,59162,62085,09216,2B296,23098,30180,59049,53096,77414,30335,21223,28274,97126,62868,04109,62007,78053,01071,41213,64175,60197,57332,53015,64191,04021,60378,61198,11248,77218,46018,10228,41266,19107,42050,52505,64463,17342,91195,55138,22164,85239,61304,10241,54489,49352,38449,27445,48012,51567,79032,55549,76576,06042,60617,40210,21044,85252,57452,45087,97412,94058,50489,07214,02598,03104,27405,60270,24286,38013,11404,49219,27620,55195,22371,41201,46260,58161,55388,11144,08164,71378,44010,16349,41243,67339,11272,31466,74265,47059,89378,76593,51564,02078,55343,2B334,60563,66091,42295,57702,02196,76400,89214,81052,57559,45259,46172,91100,77205,78090,52248,02290,51525,82085,70482,24381,42167,25609,02163,61445,39136,88402,70112,66157,89259,16216,18085,74267,10040,68203,50235,21667,22335,35214,17350,10422,48193,73104,24107,31088,74098,79203,91340,62363,08440,14098,60435,77122,37220,26010,79190,77435,50285,25615,08109,55022,29020,52391,28121,02303,76645,76623,12001,42174,62467,76292,10006,54049,28091,52058,04199,76721,59320,71319,10273,27182,60601,97604,65293,85223,51244,28207,69103,76412,18278,27517,35226,55158,2A008,33402,63103,31231,38209,67440,22172,64021,01177,77448,67111,66095,56043,27237,21251,10042,44063,33085,36238,76482,95094,88346,08094,32049,62759,60443,17141,56139,67387,77151,66194,27006,05115,57233,88390,44069,21356,43165,56218,19026,26289,52138,51367,68309,15151,29241,10008,51414,31567,21250,63165,59243,71268,50603,62527,95040,01254,97107,58178,80376,80784,64216,38261,31120,52037,21560,15183,61189,37154,61466,52009,33230,61481,85106,67503,38258,51349,38428,38549}","",2026-03-24 14:41:32.274366+01,gold_establishments_2025,,,,18002002600019,2025,Établissement public,National,"['Ain', 'Aisne', 'Allier', 'Alpes-de-Haute-Provence', 'Hautes-Alpes', 'Alpes-Maritimes', 'Ardèche', ","['Guadeloupe', 'Martinique', 'Guyane', 'La Réunion', 'Mayotte', 'Île-de-France', 'Centre-Val de Loir",EPIC-EPA,"{01,02,03,04,05,06,07,08,09,10,11,12,13,14,15,16,17,18,19,21,22,23,24,25,26,27,28,29,2A,2B,30,31,32,33,34,35,36,37,38,39,40,41,42,43,44,45,46,47,48,49,50,51,52,53,54,55,56,57,58,59,60,61,62,63,64,65,66,67,68,69,70,71,72,73,74,75,76,77,78,79,80,81,82,83,84,85,86,87,88,89,90,91,92,93,94,95,971,972,973,974,976}","{01,02,03,04,06,11,24,27,28,32,44,52,53,75,76,84,93,94}"
2f2c09cb-5872-4871-81cb-c6f6c52c37b6,130018310,Cerema,false,"{28099,80666,70169,17404,32427,35009,19105,09012,34333,02250,65296,88233,21283,2B283,40105,80270,33547,89160,76058,34225,90099,78383,13109,69266,26071,27537,09103,62193,53148,14606,55296,60275,15166,97411,72003,45291,80299,16267,52400,05181,50378,11289,60124,72165,18138,16045,11038,08402,44027,44151,15082,52053,51307,50069,24147,68247,55179,77501,67244,23225,81180,61169,74275,62050,56110,18164,90047,09072,59343,39354,63048,24407,42329,35005,66075,32093,45167,11036,31541,95480,46180,38015,81072,89148,2B126,81029,02337,22220,05152,07148,07187,17140,09294,43222,74162,39179,63276,36240,09084,55236,26282,69228,49302,15189,37230,2A004,81058,76654,30107,80600,59528,54372,36215,46009,18025,08297,50490,25473,70284,25066,10011,89351,55068,10060,22330,50374,10391,71572,10063,80678,83119,12111,51460,38299,14100,53180,51357,17378,74233,35010,55044,95258,76231,87024,82056,55304,57649,73309,05091,27696,43049,59523,65157,71235,49120,39270,70401,27192,46042,38176,59287,61103,56125,69175,77474,18200,51521,08308,80509,14755,57676,53248,32180,91639,13100,31186,32225,50393,80631,80552,62676,02306,08161,67532,78513,31348,12198,88053,38229,73132,22314,88226,55191,87183,76559,86129,26018,11034,80557,62581,21344,38192,10108,07218,22177,64514,31056,09078,34066,73137,39059,54186,60357,82131,30287,84092,39478,38118,76169,32466,33035,82060,02716,77487,33046,59032,02347,31322,80353,88350,85135,28418,86125,31510,36184,76371,80115,16208,52079,86210,62577,24152,28332,21492,80263,35016,88349,07086,97403,21003,36202,09156,25333,53011,63043,57696,74031,42241,91433,52464,85038,62271,82026,45029,95214,25293,48121,76720,78234,36012,29086,47239,82173,11330,33520,54229,33351,41192,36179,55077,51091,07208,48025,67235,31520,62712,26238,18139,27520,80055,02824,52411,84020,97405,79152,61002,80345,85184,46068,61288,15046,12246,35292,51510,69054,40003,24071,67429,17369,63075,73086,65202,06055,66153,67395,64219,64146,03119,65003,88348,89339,63247,35352,02199,02671,48016,88013,65076,58058,76284,35132,93078,84048,62264,38344,70347,60136,23080,02705,27543,59038,54170,42240,89470,85298,45186,31147,60600,48163,51202,34115,72264,73061,26200,60224,35249,47247,26086,28084,37071,74241,77364,40136,22039,64036,11018,25485,29294,35260,35142,14025,11215,30288,59181,69238,68299,09296,65130,67349,27578,52467,67543,06102,28289,21580,33481,90005,80730,44182,54204,54188,88269,11161,43027,23115,80711,72066,03316,62354,68200,53019,45313,57297,28160,32392,45136,14032,15179,55468,70183,01146,88490,50271,51310,27553,78505,79078,27512,68270,97125,41255,62637,11231,76598,73073,02114,56148,70445,09190,22218,05106,21422,32291,18048,47016,55250,68186,24045,24083,39295,60005,07279,71157,35153,35339,23222,58255,60576,57715,68305,68146,36048,73101,19136,29214,41016,60655,88178,95585,35318,24521,70477,43260,24191,19046,95456,36021,52145,51075,73166,08381,03279,19137,15264,17136,32430,07236,54109,43205,35332,53075,02105,27260,59571,17042,54559,61480,51501,26374,70560,58012,27381,11005,21394,46311,59029,07071,52407,51235,07004,08159,26077,10242,91244,39074,67334,79231,90091,16016,17257,48167,41262,80152,43168,53038,57229,02795,43106,33532,45114,68128,02826,18012,81089,14309,55350,51621,52350,52420,62798,12031,62636,07012,57031,95203,95308,88281,07113,17452,11033,51558,01162,22163,62229,71170,86042,42217,85130,67221,83071,21376,51376,60486,89257,08179,89409,71251,88377,74114,05040,64262,49257,08053,91619,70470,46006,61067,35304,30018,51171,19067,19090,21116,01151,16385,34105,79242,50233,26283,50077,21462,31558,70075,08484,38304,66014,60032,81276,24218,89299,29284,89239,43131,44056,46314,33072,25364,19184,07023,66183,09274,57666,27439,57755,36003,33181,80516,46155,10048,55454,21498,64401,03207,25578,51090,26304,76596,67378,52297,71191,72344,33422,52260,85278,74291,80128,11383,50351,60195,11334,51570,89453,11055,32253,69192,60288,66149,04086,18244,36150,02115,80143,38181,45016,2A115,21031,22190,70318,18194,79336,35022,59646,16380,70307,53088,01354,25150,67426,82018,14425,09307,32187,35324,62424,81073,21643,18260,97213,80524,38026,50216,57591,39553,25098,39019,35087,18027,65042,25488,81220,54044,51300,57186,83026,47289,29270,16013,48058,58272,34069,10043,23055,29287,09315,54424,76429,31485,40319,48092,76217,63255,77009,31202,2B136,76160,42226,38475,76124,22205,42212,01431,11441,71233,91671,02140,77358,65239,76449,62117,57652,07007,88410,65018,07055,31275,27074,11273,76056,14569,33339,70217,63345,59375,62335,41166,45311,75108,76452,59439,23159,71426,19020,17387,70352,40025,14742,22122,57087,42171,37142,39252,24527,31580,60388,05035,88065,13032,21553,25569,76018,95409,67227,67299,60569,30263,39251,10266,17114,54447,29215,26239,02594,02505,14175,08242,10051,27158,47310,03202,64415,69264,54475,76154,57259,37068,88450,18232,25055,53052,55502,89050,67281,38193,70528,35084,17062,44131,60011,14430,17167,62605,50004,11077,58234,70418,42225,11197,31035,76692,80624,79010,59283,17045,45078,62858,51233,95510,21205,51517,22254,72121,02572,76417,65186,95059,32017,88210,62352,87140,34071,54360,42013,37217,87076,08403,64189,45261,08033,04073,29229,34107,36015,02772,59344,08395,51641,12254,16113,65171,83099,51034,17421,46283,83066,57109,64058,18187,25512,52174,80685,06100,60307,39402,48119,01349,34026,62164,54387,45346,15085,62414,95430,07286,56107,78382,60496,30147,40176,78003,35126,38559,37236,51031,37117,29190,30312,91191,14522,85199,21559,17333,80040,04152,62619,60198,75118,82128,01302,14283,74003,65436,16336,43133,70362,37148,55243,32104,21063,41204,36100,59048,61207,12073,14121,08069,55163,38268,64068,29301,88296,86062,09101,29001,81141,30039,07075,60498,42260,45137,33305,21680,91577,52529,50352,37018,21092,02816,64469,28415,91386,24143,92071,64506,65066,78305,06154,18179,22180,62095,45173,16187,70510,51287,87047,89276,02756,53026,82187,38002,89039,10212,08201,2B327,10248,11392,11058,54155,39363,59611,44044,80591,62898,58196,24197,66085,80680,61438,37172,02329,39499,11251,28315,21547,29251,40024,32284,95119,76247,07104,37141,79209,11277,51198,30244,15126,38004,67530,77055,28360,21016,22181,84132,24068,33359,42281,70043,40054,05177,52005,30347,66212,41294,66215,16083,57427,31423,09289,63058,17120,74175,02239,22162,12039,31374,65255,41247,28199,19013,22235,57406,23114,02249,67185,69080,77117,18207,55477,51626,67140,28041,62616,51440,39222,30030,58250,2B316,53197,30019,21604,21220,68091,08120,55320,05077,87042,64498,66057,24382,65180,82031,10361,38301,74174,57628,33453,69007,55426,30001,55166,60692,34223,80799,85282,10121,24385,34251,86167,67005,80051,54171,66145,10214,39424,41083,60500,76614,62708,81317,77233,14209,43164,38137,88060,76055,67383,41094,71318,87126,42298,32370,68166,67125,44072,36163,70483,36122,60183,46297,54194,89077,21139,83126,44079,43052,81015,12275,50106,46267,26157,26135,02009,54434,33010,31169,56116,47157,67505,51264,27319,85235,01063,14562,66208,13015,38522,73190,57517,01446,01437,74130,80058,18071,02059,10038,60016,15251,80190,62412,43211,79142,55039,14514,40075,68264,19147,01355,02782,45195,27304,91243,62310,57500,25035,59063,22061,34146,38357,81116,93033,70500,16248,31446,09167,31568,18014,55160,13058,51488,79023,24272,73184,02420,58187,50549,49129,59648,62189,72215,57548,36114,62863,92019,59233,22321,24533,03152,36241,52162,04115,68145,69284,76157,84087,57671,80009,55038,89465,57067,54213,68155,47324,09257,70351,80693,69055,19019,89162,89230,64523,06058,65095,21302,71564,73247,76660,16245,21602,50022,58002,88306,64526,54123,95394,09338,76235,34106,65310,89195,82176,63221,57424,40152,24571,02381,71247,74134,72150,49038,88138,21584,85028,29252,71588,57402,60004,03044,31524,33186,26197,89326,64213,02102,30022,50487,21605,59083,62609,35185,88073,44098,45296,57266,17396,14301,39013,27111,37095,33248,70059,77508,57016,95023,49045,17037,57232,38038,22115,40316,24537,17091,32152,07060,89233,63448,25586,05149,61408,88435,47197,29027,14308,40262,89156,51069,72295,59570,82098,09068,54520,02282,35150,30196,11062,57215,03198,24023,02831,52499,89149,71325,44088,78655,73327,74135,33320,79215,2B057,71223,70509,27022,59054,10410,67089,34301,62597,28012,30201,02729,73047,76272,27238,17101,38364,33474,59617,72306,88107,50064,31320,26358,61494,71577,60088,55361,08048,17131,65359,74212,31286,01360,32331,71556,86186,55447,14411,16345,86187,40198,18156,83081,67117,51166,24308,17397,55473,28180,77209,31250,24451,82002,15211,23052,67314,88461,56073,07183,62064,40087,33212,21360,38536,29210,33281,31312,31581,50395,77275,71121,64089,55313,56081,42132,02372,02613,80367,09202,91378,22300,63137,71242,02769,10084,38398,01245,03035,77164,77470,01166,77522,88236,32263,04149,24362,05131,67312,25327,69074,11145,51619,01087,80319,21023,57210,65163,01029,24411,25032,07200,88184,29185,67277,31358,52444,51208,23048,55467,36089,50283,38255,26253,39201,70106,50291,64470,61373,53119,06033,53216,21191,50085,18083,61309,09253,80181,37007,42265,54175,01230,24490,50294,21233,93010,77436,35125,2A209,49364,31572,73314,54052,33255,59039,30109,63286,38517,11059,79080,03041,60175,72119,04170,86108,50357,02066,17291,54258,17459,50135,55391,62266,87176,11280,83141,19238,69295,39356,14287,85065,64231,38316,19219,27185,52218,71530,60094,24319,49301,55376,60548,84142,89169,40190,55057,46299,19163,58260,54575,57571,01002,76115,02459,50604,22165,74014,28197,76606,37121,30038,28206,19182,51183,89104,34014,38256,74206,42100,09176,24025,65364,39101,23097,39165,79131,45019,67446,48132,61008,93071,27053,52355,57477,60394,17124,84105,70214,76206,69023,28049,64003,41018,76331,30290,10357,70080,43096,46038,21235,49127,23049,22201,62384,57621,54013,23029,83113,68154,63014,81139,87030,28119,74042,2A312,71254,14733,95535,07034,28022,02738,2A330,22223,37258,25354,34165,38538,31017,76334,01420,03218,80815,57495,25394,02830,21593,54210,80150,38450,09153,81094,29233,80296,63087,36052,38351,45109,67539,02672,01375,60591,08162,22318,05037,01304,33162,06108,14022,07275,28377,88500,68267,48198,80291,62377,25154,09183,47071,46094,42049,76481,12307,14731,45290,43080,09200,81136,07158,70093,19202,64489,30279,63100,67119,68197,71320,74080,89198,55145,38473,09224,60553,69170,21420,34252,73200,54008,88170,56156,35047,31070,31194,87080,02638,85128,47176,50572,70486,47291,63046,80327,30339,81303,64254,38280,17246,31077,84003,45068,43074,46028,19175,41086,54588,24055,38086,87009,63033,72166,43247,71082,21102,52110,22338,47282,59395,87075,71354,33375,65067,27348,19124,80536,21439,18256,74192,14711,16284,60362,19232,42070,70566,03258,70385,22016,44081,86145,07110,77350,01100,62873,78561,57281,59208,35346,70409,24557,89437,52548,31536,41256,03315,34248,74256,55162,77029,42232,78092,46135,10124,45141,57564,72032,34264,07287,07225,67473,08229,71093,24312,26176,71095,64412,65169,16136,59325,24248,55411,39021,27232,52308,18026,32099,59055,29235,71154,52266,82170,45251,35244,91568,80297,71491,27331,29130,26150,66051,08392,80192,48028,61307,11114,77220,11217,09280,55437,08405,03018,16405,10305,51201,10085,74252,51251,47215,91482,25075,54265,12201,01333,80041,47042,59052,24108,34067,88532,82185,81062,63366,11016,44092,61398,10019,88080,10323,39558,14714,32072,65250,55114,59550,24199,19087,87133,72037,10434,05128,04097,65424,55584,84095,48147,72314,73226,90021,43167,28156,77309,01313,44140,47114,68041,47142,16395,02383,38338,42074,56014,81093,80717,57734,64491,07022,38264,76325,08178,32332,54152,41144,37046,88212,07203,34212,2B135,02259,54051,14066,14053,81013,25042,46196,39531,85218,47284,51647,79301,14107,49224,72164,2B265,83013,46181,37044,11176,70568,02435,97408,46206,12216,62397,63096,86039,88304,24515,37054,62395,57421,67460,95607,78415,89155,40332,40281,61183,62717,76424,34229,48017,73055,88380,71437,11049,32255,63428,14288,24480,26131,57020,71309,45139,33225,03058,64364,50120,36034,60691,44212,30128,78384,62716,27384,69127,58247,60187,47025,13085,21656,78528,24281,80836,84066,76192,76149,62758,77481,88071,31229,37268,80314,22354,63040,24242,55118,62214,81106,58059,49035,77211,27183,51314,55306,18090,59312,17143,61399,58190,14249,55579,12143,54161,16161,53162,78672,37218,40051,11278,88078,40202,88313,50098,39127,84060,21630,31507,90027,06022,64172,76184,27613,84082,17461,46290,60494,50597,57607,45175,21673,53028,50338,10071,06127,70121,40002,05173,57321,31263,70229,51362,76565,02356,23071,54112,26130,79265,42197,55198,71227,03116,76439,93032,83098,73288,21365,59148,24290,83142,51556,76041,71498,19042,14202,25083,37139,80093,80613,18174,18040,11430,16315,44150,30346,72213,10132,95024,38116,31240,89216,89129,54451,16420,54133,02058,39128,28129,95529,80301,76520,32020,42314,40294,53221,52011,28019,77145,77215,72059,71032,60639,01109,57303,39419,76684,55375,57240,17412,60292,30356,52372,76020,78190,87195,23007,59014,10369,81195,64215,07222,39585,70125,32111,65102,24377,61006,21458,31045,62134,65475,29170,19001,51458,54476,22137,57682,59415,91232,80087,26026,25518,59352,55185,64092,14680,10365,48056,30112,67344,49063,86124,18034,86206,76374,55060,32454,60637,63440,21054,50045,62362,37206,70117,90079,72268,44045,35094,27667,15252,80021,82091,33116,54386,28192,03024,51412,61043,58225,58185,81302,31004,16198,89402,62588,33521,28095,51102,07241,58259,57167,31168,97313,83076,54385,35179,42248,05025,95211,68163,22053,36083,77329,17325,37106,16137,57575,54426,73214,50237,38129,54259,45108,21086,09087,12217,24476,43245,26024,10390,40215,59146,73233,36032,65124,65474,11304,81158,73088,47083,31424,05018,18209,46179,15231,47172,64365,17483,64406,23224,40165,43158,44101,26069,62593,89418,34077,04242,11423,88155,76252,77314,18075,44100,56262,15139,62198,52526,82041,31330,32417,47078,46250,76096,53142,54336,18135,31564,57336,01125,38483,01224,46286,59371,21388,09005,33477,15204,66213,73281,21603,63185,21196,38058,38203,44036,09074,70381,47072,97209,42180,41068,57339,58204,04184,31511,88375,57154,31553,38405,46174,53017,50092,56184,61381,76675,11352,61333,81111,27608,18220,33045,11084,55010,25421,31354,80071,09265,63426,64381,50403,01303,15091,39291,60409,03142,61091,31274,32348,29254,32351,55212,58256,27370,86209,46303,56166,30174,09011,59247,81325,07160,69172,42030,68123,62623,25574,01116,40146,18185,71008,91405,28312,67273,71311,10091,25566,14055,02476,31039,47169,19117,76538,57534,39533,09091,11224,55059,56024,25195,39200,77393,02796,23171,27414,80090,77126,24510,57418,02625,14246,54215,70017,10107,49109,11052,60279,25100,61167,44091,57473,28396,14310,31314,47108,27535,32283,31218,11164,52156,81204,14195,70118,16100,02185,13037,41221,63053,09272,57530,49076,51348,41012,60352,07247,56015,58114,88453,33219,87079,68156,17146,17160,64222,94038,54594,59635,87123,70441,65101,28233,02165,89222,76384,29272,62472,17405,63279,82169,90029,59609,80081,63277,51407,60330,35131,57206,25632,22071,30253,70174,36230,64135,70472,04076,79346,43025,80629,80691,23199,63402,85222,74057,55125,09063,33033,19089,70181,76242,54266,21001,85094,95651,64536,57268,71589,04148,82159,73081,52272,13009,17442,02544,35210,26011,59105,59423,15069,74222,65386,55475,37126,44078,01190,21163,52265,70443,31046,10358,64177,41175,78196,37170,86153,53168,79269,33018,74086,22365,2A092,29188,46029,59075,25105,74209,81056,40101,62584,46091,01388,46138,17234,48003,24155,43036,56027,52463,89188,37229,84119,14398,10183,78643,12119,22116,45112,08394,39552,62465,14639,37034,62710,60699,17271,34339,80648,91095,21380,33114,07283,62235,48170,30100,87006,81128,14458,80788,54119,60418,57562,51312,69137,36116,52518,05154,25621,85009,24077,70491,64352,88239,50030,08100,09336,64481,77531,59082,97124,39160,51569,49018,54158,88256,22213,61137,21053,42317,77228,88335,80107,28079,81234,39313,14172,62029,25375,25625,62660,71088,89172,73151,71383,82115,55293,64454,45024,51652,51072,51618,10430,17007,02789,62742,47156,57496,59229,67494,66004,41148,67164,21013,09192,69214,19190,71190,59533,64375,81193,57038,10416,88292,17216,62628,43090,77444,71447,07029,84038,86287,85207,32024,74151,82075,39296,21236,71460,73103,25339,11407,29080,08204,42058,70332,28060,11039,17198,60095,47307,18241,12032,14396,16293,55489,86291,88105,10377,40269,73064,37249,70498,51323,88483,82070,74063,2A139,55290,36118,60305,32365,59130,26144,79112,70142,19054,54053,25245,59100,49247,52190,81115,57434,62403,80462,24459,78189,95678,60192,44018,60412,89442,14456,24576,50542,28082,37157,57274,89027,67362,52294,61129,62207,97407,42288,65454,63463,87180,07133,50040,24464,63298,59368,26293,42189,08209,84130,18250,15196,10039,60497,02829,65145,56068,82142,11344,19031,33021,54168,36006,57355,59256,12290,2B023,22055,63056,36152,62036,57447,39475,37274,58312,59081,09164,33184,56144,62060,34255,61393,01452,77045,89342,34273,41200,16028,45032,57451,2B145,19237,19062,10086,32458,42093,65353,57015,51145,11109,26088,95252,54585,76282,61426,57299,16358,86163,76128,47123,53220,42149,62612,22070,39359,23076,27410,2A262,68058,41289,59069,51083,48081,17027,38489,37244,25002,65305,08326,65330,87023,31003,51195,12127,27385,54332,17134,12109,32236,02774,65464,17204,33280,28348,76705,44038,09029,05127,50234,47231,10423,21677,97118,32135,33483,08028,22160,12299,46234,76095,26306,32407,15117,30181,36167,59094,62361,09182,60506,60628,37263,51147,12236,59525,64252,12130,09061,02776,19233,22025,57312,49294,59200,71503,63094,19038,40266,88136,89038,24570,55353,24184,24135,32046,81102,72385,10083,12084,33025,42224,13110,62337,92073,88467,58049,87124,27190,62232,58034,92075,52233,17084,62367,35227,68175,38372,27229,02395,77315,18133,02683,77036,21454,72335,25373,59280,55148,88503,12085,46182,68008,35007,39228,61032,33140,50410,44006,29073,14412,21691,47228,63384,64013,55540,79298,83043,37028,85251,65093,16200,2A268,31499,89111,62259,81233,71454,78609,21152,88432,08464,38061,14406,80252,25493,81085,34287,39214,33009,35241,76671,34129,54157,56078,42326,03192,88139,76394,57042,25478,2B353,29247,18097,63304,62536,11182,74263,60399,85059,32218,59349,51489,47315,30292,62238,60049,38194,52413,45151,30069,70228,38139,48182,12046,62169,60347,25070,18251,21291,60450,64511,71330,62470,58023,37265,42140,63317,88327,32034,81249,73067,55537,84056,55202,57344,52342,65183,30032,54146,95127,02718,69133,89143,34132,74229,49299,88146,31404,21051,30091,39404,30075,70199,38384,27227,35359,47031,81206,69279,68302,36041,03073,2B067,87107,14215,07303,62725,07042,50394,84019,23072,21511,68028,62387,55279,60015,33205,22034,47067,31199,38102,02307,13019,04093,04058,32077,21532,14120,55565,39375,04178,65446,35051,47049,28220,61462,89144,55186,09189,27057,48141,80548,27446,01128,32373,22187,62783,17261,07006,68116,74087,30074,77182,14342,74220,57249,67222,62251,11128,07235,50081,57318,35221,28298,28317,61195,44218,68170,11390,76421,74240,14385,39465,50475,77140,32222,89152,30020,83131,64411,46214,70282,45239,64225,81007,07097,59122,14242,94011,88472,81049,22098,15266,28301,33023,07327,65289,65252,18243,12106,28278,27497,10005,51456,64158,21010,64512,86095,64250,59448,56062,32060,38006,23117,76372,27126,2A017,18110,62211,84012,71477,51138,09125,60313,66078,51216,64308,29136,23070,64230,47070,50311,84084,33028,48064,69263,38334,43118,22203,91201,56222,12092,31522,14578,18171,08406,76193,13083,07098,61412,49107,35037,45153,62047,62197,49028,23092,56178,62293,50436,80705,01032,50408,01347,03271,67241,72383,59108,62765,60039,29151,13029,45191,88353,86005,76218,05121,46292,02176,33239,83016,39532,30027,89139,59655,09105,71455,52302,56105,17020,41217,38075,37260,84072,89450,14407,48166,59536,24441,12138,21141,40127,23102,38321,51115,90025,22388,72254,77494,02294,59061,63365,76418,77285,33463,16218,18036,67293,78113,76040,74167,06044,02631,14344,37194,27556,57726,60420,28271,37133,77097,88010,62846,47287,65356,13214,58115,55317,50373,85306,17341,70126,11365,44157,42324,28212,70149,80802,11254,45018,08462,26270,77349,44199,62764,49170,40263,51437,02583,15148,57553,70478,01102,27234,86035,54122,31247,63299,17049,77065,81005,95306,59496,17200,66068,52213,88111,48161,79218,62348,19053,59392,12152,11358,10078,33111,43224,82126,54463,53226,80341,59564,54124,46281,15161,58014,54207,03004,08198,26323,06032,21120,42145,10247,33379,2A359,67516,05076,21349,14047,31397,85201,39556,52120,69217,38333,31246,71146,32320,26222,43076,11401,76549,80634,59445,70260,06002,43057,33078,18009,61141,55327,39346,26123,19118,54033,24095,54118,21413,16154,25043,07096,37038,18065,62774,76435,40130,39464,51280,57116,10412,88378,57051,67259,32010,22077,34043,91689,70245,50500,65427,89471,54263,65165,28290,60413,51003,64227,76646,62830,71550,80633,91174,62894,45111,03066,72104,72212,67528,76201,61501,88355,24375,77199,89250,80437,38377,11125,77317,87054,69057,60448,28369,25380,14519,51020,80046,05006,09238,71475,01350,52042,21106,32237,86010,08193,38230,61454,82118,33125,60163,86292,21635,76711,33054,84031,59488,25203,88115,11008,35178,31316,67061,36045,31150,17221,34017,27214,84070,25490,37162,54086,56224,33240,23196,55312,35078,52540,59066,10186,33204,60041,44012,81170,74195,25067,59306,30110,88056,38051,56220,65028,35161,38563,14230,80026,80162,88063,55431,80834,57709,33413,88121,23211,21445,59416,78646,12097,25141,31336,21140,61505,62186,76673,59580,80515,62680,38281,28390,53072,64396,24259,82029,29161,02168,85281,59172,54106,63065,07092,50238,68097,62756,24278,2B317,04204,54246,02415,02620,52497,65339,65298,71086,2A271,07116,61293,73300,64530,86218,69188,69242,37153,27153,60085,01052,66081,05144,2B341,03257,59262,62811,54323,10257,58307,01210,88426,66146,03140,62732,50079,19040,02693,09081,70002,25085,88284,60539,32410,18228,14643,16052,17289,03298,12012,85175,62133,33139,66062,53129,52437,50243,38017,53109,17079,61233,67020,34200,51616,22228,58209,21582,84044,55094,55217,59232,86016,61395,40066,19212,11415,89076,30131,10260,16234,33244,27336,12168,35060,60599,52257,40297,90028,61507,70138,80421,64008,50499,02804,80156,78238,77084,10384,38032,95554,82093,11089,64165,78638,45009,39581,19072,50505,60083,07009,38373,44064,16044,60213,35201,40030,16239,77373,06115,37084,62160,57301,51062,80293,62739,70107,78475,53260,34253,43246,07315,02016,80396,72141,24104,65300,74069,60003,57250,39022,42245,50568,2B053,77381,28139,2A348,60200,76222,55029,84043,01040,49269,12228,22104,26310,32166,82186,04090,27157,67269,31498,14409,17121,55476,07168,35285,95213,59388,27102,10382,01038,87194,34177,72183,80266,64131,86020,14676,57713,12129,81282,89439,26177,06126,64354,09044,67053,36222,79047,15229,44189,69216,76635,02024,66170,72094,51506,55533,32025,15107,88069,38167,09098,16174,37169,04179,68084,69064,32181,32032,18175,21059,77445,01246,84086,26168,34300,06147,2B205,15254,51623,61286,67311,51356,15048,80213,16348,36001,33070,61170,63389,18056,43226,59527,57658,31110,77212,74186,57389,53228,80829,28023,76209,10129,45044,04157,58021,27422,32384,91570,51032,71034,08040,57098,17138,35258,59593,43156,27066,72247,35243,07058,38393,03114,08117,60407,2B242,51423,24036,69218,14080,66058,17401,77347,21110,89053,64209,68068,84123,54228,39269,80054,62741,57171,64494,64114,67213,60622,41052,53063,97404,32341,69288,40060,82079,21495,12141,63029,10317,21482,80106,35077,78606,02155,14715,95256,21262,14260,58160,30262,82042,01133,56031,69028,57641,69278,01044,88098,56221,33344,12121,59476,21515,21006,32251,16085,45099,63300,26110,54050,50269,22068,27254,41280,27298,39559,41195,62068,24380,32414,62828,51048,62150,88439,01046,59484,77467,19193,04187,57377,63257,11326,16321,42219,06085,87157,55063,46246,53169,28117,76714,59092,01392,42129,26163,2B311,14191,62539,62418,16422,88507,63231,36109,70079,08318,24355,88317,27020,78460,02444,81112,77239,56176,02396,89176,79255,47087,86194,95446,51495,04039,62067,02807,21282,45327,33516,31273,18290,24410,28135,21078,12268,18079,06106,26225,59639,44118,08192,37029,50585,19110,61493,31255,71312,89415,05084,47277,09030,64017,50607,58175,71512,21474,54283,74150,72352,65205,77482,52103,02108,59421,62463,61268,54068,40278,68095,65177,48169,71156,63178,21005,79126,25224,77520,71516,13096,89376,71271,51627,95166,83087,57361,58192,87125,02559,35081,38478,2A089,03300,26066,17226,03094,05024,80491,80273,52116,59583,11255,28029,57412,64557,62586,39104,88382,88066,11311,2B248,89344,40331,76381,03043,62695,07177,11236,54590,77079,67091,74059,60373,55412,45184,47159,25234,02666,86085,70546,59186,24299,64051,12155,83053,08246,12181,80151,97109,54293,77107,67432,51153,22176,31053,41237,39321,69141,15199,66003,67098,55527,27373,2B213,94034,63453,24446,49214,02601,48123,71444,02684,65057,94081,69005,08137,82106,63101,39302,39162,33501,03295,45337,68165,22246,67554,62644,25247,21017,55409,24227,55442,60117,62255,76068,2B281,86109,05117,44052,70006,36155,25101,02702,39454,41284,60385,71428,59332,79059,68090,10140,31551,32265,52385,33034,47212,22129,02150,24158,31204,18007,77372,47199,66023,67379,16236,03317,70471,64543,85176,59259,11361,22065,54145,42238,23202,08287,46154,60306,48174,03139,24074,38529,34024,21184,30203,46289,63337,60051,24452,10072,08018,55492,16389,33508,87052,03309,65016,62051,25560,14732,25532,26368,79137,50426,60043,93014,03106,11093,65195,11320,54178,31519,08480,59473,39282,75056,08174,33374,12225,31277,02682,76734,64441,18147,53270,25089,16193,80621,72114,50066,86144,33550,80473,21149,88263,29265,60355,81109,22277,09027,61146,02164,85171,25525,09324,59184,36195,14040,21157,76550,30236,31236,66184,26167,22231,47098,21267,87105,95219,57133,50553,67099,57425,2B156,36190,11040,89296,11047,09251,82036,62237,80806,28347,31414,36247,67169,56232,47297,02370,15019,71486,60345,45171,31503,08263,07013,21289,31118,89025,33341,51552,17203,32063,46023,51214,57022,52300,72333,01010,55113,24206,42243,07334,60084,72367,14499,22214,85139,62761,78558,2B086,26101,88519,18235,68067,42330,52065,40191,60529,10414,43207,54169,31313,56080,64211,37237,55406,55012,57527,80070,60245,49026,67038,69027,34143,64310,60037,57211,22140,49216,94044,29296,80698,95331,70255,60698,27140,43042,82130,39310,25227,51311,42078,40231,68239,76603,13026,76610,73150,18263,59065,2B223,70170,45023,34180,60097,56003,02231,34217,46258,36013,71163,27568,50397,73276,89430,69241,70449,55153,67547,31203,31461,80230,47314,79125,25430,23152,19263,2B068,45162,70051,70457,60053,34302,21358,37259,39306,80183,62448,71004,80696,32122,68353,60543,50039,52395,33423,61079,54335,79141,81223,41078,88469,40239,80665,60436,41051,38114,07249,24404,18141,48194,97205,18023,17087,64079,72123,41238,72001,08343,37077,77478,70145,78590,36105,06134,30198,27393,62148,27228,38390,63320,64054,76367,18109,14297,46253,42254,38408,41095,79019,16224,83031,51658,12232,65409,38048,32269,23065,10275,29177,84029,67515,63369,14136,25599,27188,73034,70039,80343,46033,22092,53112,26307,36133,77278,27466,69009,51518,64346,71433,89030,57516,38245,81031,17250,01065,31525,04065,38130,67430,68250,39225,71182,57260,35261,68109,48106,36057,78291,34210,70101,36101,38067,36204,02708,70213,84103,57736,49222,31344,70334,08113,73250,14689,57082,80499,67285,27026,76170,72110,22245,12124,45202,55218,42136,27120,10205,60156,31515,42065,31165,88068,54057,77231,14602,15209,18122,24450,80379,71212,31190,14587,72090,58122,87152,88123,95288,34274,17066,28255,02819,03064,21442,55324,41049,54090,86293,10204,49102,27032,01147,61341,67172,22342,19133,18151,19055,73236,77484,08140,63306,26124,67166,70105,30218,81050,01269,33058,72025,50510,22198,80287,80060,26014,46122,08243,01418,02755,02297,85188,23016,40005,78172,02223,54331,09168,55338,22064,39166,16402,91549,05174,10299,12072,64486,91319,83034,67521,07296,10370,77230,80703,38497,29046,14240,60264,62195,52285,88049,2B124,2B080,51073,78310,58084,78381,77447,43256,24337,97611,80003,71019,74238,91600,92077,08021,01169,50086,39476,54490,80052,08446,55184,14576,59090,47004,76516,25228,35251,64140,03223,66115,71338,86131,80482,17187,54012,34002,63169,76103,37056,80681,25107,37064,08437,68009,26334,64040,53131,23074,71573,41234,41220,58282,29030,46022,47196,46200,18219,58295,67308,69235,60470,03113,19252,42333,97222,62908,81130,63181,14305,45241,25521,39194,49228,48090,67054,31011,67455,29159,64467,51050,50590,11216,33484,69227,60002,65372,04113,30079,42081,65151,43047,88456,65193,62853,62801,85024,41043,76264,56246,65166,01139,62079,80167,80030,08271,77514,60555,62066,40265,57545,49262,50090,56239,22108,38519,62585,66112,94019,22006,58305,38354,51099,07251,64343,30215,24372,16339,34135,84127,68351,86270,87132,12272,72167,12185,51384,67187,60141,22232,74237,64324,09231,04188,50290,72321,31287,73249,27215,70203,18042,23040,24529,02470,51167,61133,71201,47173,78350,59659,28033,31349,07107,65414,71393,31033,45074,70361,05103,21518,63321,11181,30265,36110,57340,33479,59658,51217,60335,19002,24037,24238,02670,26186,70091,34288,07266,19088,59443,28354,59591,76708,50601,70536,68212,32005,73192,40327,02467,16191,51168,45338,80587,62639,14145,19194,04177,71349,49231,67441,63039,09001,74287,70389,27168,77379,51068,36018,56115,17142,26090,79176,39197,51439,64071,74144,61158,38511,39333,86201,17376,24566,22341,63363,62806,07027,70412,32334,64540,34233,15249,84140,54180,69019,51169,21607,21290,58157,73155,70325,80031,70094,21571,08208,45275,47192,22169,16357,10269,79213,03015,88109,25486,12151,48021,08368,70451,12259,52546,89037,27659,27212,57054,57596,25199,67465,27156,67030,97229,89175,84089,15106,08327,61483,46162,88116,30139,83108,68051,62534,80511,69255,27148,77208,71194,11199,52436,04036,70287,42125,81312,67373,70468,16143,27502,24305,67127,49176,74236,91198,81046,27567,62666,64159,09198,47127,91347,58141,17433,33315,02224,10232,37036,13076,39020,13082,04085,25550,23100,57745,02042,09334,42305,18168,50137,68244,29071,07181,72077,57549,55425,58055,76657,70432,70297,07255,08301,60377,90033,39244,62030,88196,72196,23107,76388,79297,65411,85137,84080,63222,77406,77277,06088,46252,27490,32461,62065,02793,38266,70289,81294,34191,23139,01115,97119,54290,59378,58195,45343,09174,36033,25324,03195,57013,55123,68112,86070,09147,02382,63088,68204,43023,14649,63243,51463,09022,02331,59587,68221,11063,40287,24253,22091,15016,59239,42130,45204,07344,54252,16041,01239,62261,05079,22001,35330,62163,45268,66174,52229,57613,84036,35156,65041,08125,32188,11417,72180,81142,97615,67163,27632,15224,02746,60571,62166,65327,85096,33273,55048,04072,24424,85244,62205,29147,97409,29221,14360,24262,33546,58170,28147,07215,57014,67006,80318,87043,74038,43058,46041,19070,18039,67550,29039,34124,21179,88036,35120,44176,70271,11340,26258,2B088,60271,64515,89003,60059,24378,30195,91064,71452,08141,79111,68289,66138,21626,85006,59073,21473,67391,92051,66122,26243,64224,87148,21401,61345,16287,27645,01445,44217,60228,80792,70323,62131,76723,15135,77411,48051,84041,32039,21693,60656,64157,52516,61287,34332,52356,30318,86121,68073,08386,56029,23056,34122,2B101,89080,49178,01273,32172,76730,11183,80311,23027,25605,62698,72083,37112,51445,59034,74271,39275,71189,07048,25268,16277,22019,26340,23212,29153,60090,77426,03109,58030,81182,57293,43029,79339,17222,31025,69117,45026,08165,10327,45169,62112,2B049,21676,27301,71384,37127,76368,64372,90056,52008,65159,65069,73186,27492,08248,01393,41010,03229,70030,89046,76479,14592,42300,52251,33369,74099,69197,11327,25084,11301,24284,11264,17306,77386,67338,86276,25056,12050,02449,50356,05096,80429,32117,63386,62634,56254,72187,65229,59103,50455,43216,86127,17482,24229,73243,62646,55438,08037,95199,25280,16152,19229,48098,58262,01430,77371,58201,66197,02253,26108,68300,16102,73206,18067,58230,51344,17330,48087,27389,25433,86159,77473,60265,60670,02473,19146,66065,02471,73237,55005,09199,19191,42335,44074,37174,58016,17068,21121,57763,70037,24553,27083,51542,49237,38421,77311,77432,70415,02405,21142,60446,76156,36120,59230,06067,2B328,19289,76025,76594,48005,60022,76333,80020,08155,35180,27671,18153,02616,24420,54505,21260,68018,38314,21392,66028,12207,33358,63106,14200,35069,63460,76724,11070,27100,34037,64538,62886,11386,17410,08482,38191,35163,52492,51317,86112,53272,63160,55132,23209,48178,12237,21225,60210,51468,17035,36242,39308,64394,15088,33489,86174,68271,06105,50453,76407,39241,14675,39431,80413,71096,64263,22179,56147,70210,55345,11324,32376,78289,67232,26111,30054,33231,72129,21475,54288,57059,25538,27458,62552,43153,39068,68335,24174,77195,71322,60491,25233,07224,16392,07065,2B234,88142,39569,80069,95060,32069,17161,67345,07143,52431,51338,14563,66223,88089,31209,80390,32431,22131,57650,71152,88152,02378,27146,09270,54100,07166,49205,60669,63211,11208,52371,60545,82122,40056,80667,39567,52253,61346,17329,82016,11275,85097,28379,03037,09340,53273,2A272,59149,49057,66176,89417,64129,28286,07010,14595,44087,16231,57474,07172,32088,04110,63407,84054,16185,60364,47200,13215,80670,39096,45084,63280,24507,80375,34265,43258,50117,09250,38060,45037,60664,60073,74253,77337,82082,48013,79162,11353,38212,83116,76599,21333,03233,55129,54415,85157,22047,14492,27313,31138,62165,54097,2B161,50481,62602,47183,15002,17254,88166,22046,67095,70055,10225,66061,14205,02339,87029,46231,68364,11218,42183,73202,46244,53136,40289,71081,35106,16360,76274,76416,28387,67497,29040,59313,09267,01015,85109,31256,67436,11333,69109,38156,80464,51268,85200,03134,69045,45100,08070,17205,80347,57486,65422,76262,10172,95177,02218,81316,30183,59346,67544,45093,22044,14700,15020,39029,62558,14159,64247,76700,05163,25156,13038,60343,55001,37271,55368,69283,67492,55553,33342,60623,21131,2A091,64395,21393,78567,71315,10122,27437,58052,21172,63411,40211,39565,24511,59117,21699,60034,55506,74282,81055,27435,43173,33362,26333,09162,41042,62059,80617,27674,39456,11219,21563,59504,09211,86110,09170,77323,75104,86204,72291,77456,60572,71264,32065,03225,14077,26119,17023,30036,17095,41187,88014,53259,46083,11141,37196,23078,62688,11336,06129,55551,64421,54216,02315,43249,46130,34236,11286,80339,42275,78344,88425,25157,48157,30286,2B332,33425,01436,71380,89459,21015,70476,38368,79055,32223,30272,50055,79154,88185,74005,89431,13010,44210,17473,66134,74012,74313,15260,86279,76249,76269,11017,50349,62057,16184,52250,04063,32195,60244,77130,65326,21444,43108,01450,50514,71540,70004,67220,38474,61411,56132,29011,31253,08016,55397,82030,45054,27643,80716,15245,61339,42063,97311,70198,60063,10130,40309,09085,02586,91345,18072,2A279,71071,63201,25451,83127,53177,38041,50192,51247,79313,69201,83082,50422,72064,34259,55355,13093,33180,88167,62862,14436,25406,02023,88514,77475,77188,18186,97203,24151,57319,44032,16330,63015,57118,59406,91098,30072,74264,14086,31587,18271,31570,55177,71107,89091,57073,40250,37281,02212,27544,08349,67040,19064,77297,68188,70148,44083,51304,90037,77363,44068,58088,25387,45097,30305,83150,51186,54462,59044,81257,80337,85058,73213,10046,41152,18089,46078,03026,08149,12147,04209,38269,24114,67011,01240,65164,58133,60560,50540,35076,36170,02417,85163,08183,55383,81149,58213,65135,57040,17067,14063,63469,61451,88154,10157,39001,72133,54037,72022,70523,09320,19203,02422,12235,33133,51234,51363,45159,83008,05133,16014,76046,17016,33347,08335,06095,25477,10290,25151,45020,31585,2A326,55316,50108,53262,67142,89477,29106,06130,26347,59501,89485,76432,68057,07144,77336,55032,89217,56041,03010,61061,88026,60214,24584,17126,26161,17212,51417,59057,21118,68290,85108,77454,03050,27322,60237,2A071,47084,89371,70437,76091,38452,02268,02647,36029,07199,21627,88383,15111,33426,65368,14542,47037,55332,17469,2A018,19257,13113,57076,18074,76491,88460,78688,17365,57256,79163,30117,42051,41277,26084,59155,88039,37002,34030,97612,16233,76237,51316,72068,37270,24110,33145,41297,88446,62260,37080,21024,07341,14092,02276,19287,68193,70431,70440,27408,77269,36210,46059,80025,70140,67474,36063,32012,11156,62821,10340,43194,77326,39334,03097,29162,36142,27427,10289,31106,64047,02338,72178,05157,09311,14090,2A360,84145,64199,17436,11185,40196,61344,32064,71184,74088,14020,36160,59419,25290,73223,10171,45203,68291,68205,70115,08080,77400,04035,43263,62268,16128,21586,50292,31415,39370,07210,60660,74137,06157,61040,58273,21642,17278,51006,44190,18197,64550,67447,28215,58140,71339,62525,25159,61211,16111,10188,02443,77339,39031,19226,58112,65382,85026,59616,19160,29065,41281,76494,65377,25332,57574,88029,08353,68142,16243,26229,60516,35102,71266,24445,86130,49311,43234,43127,12297,25385,63468,88360,80275,03090,07025,17474,60468,58229,28116,85049,85221,60299,25439,34020,45245,27317,10061,62689,47050,10059,14303,14692,14610,2B096,38020,70215,19027,38205,76188,23128,12048,27191,51288,89270,74234,02136,31174,69006,61292,86198,22132,39519,52479,21669,76391,54536,76291,21231,02182,67153,62116,21701,32170,30136,03224,19061,62520,31040,41108,33462,46323,48074,77157,73005,71501,59628,46222,63102,39448,81267,45248,51278,10425,56230,02229,57672,95241,80182,26114,66113,80602,21435,80042,77511,57310,05048,08078,10356,68113,43120,70135,57706,33063,70336,60328,50174,81078,51629,07250,73271,26099,50188,02635,77241,76131,35218,63380,28275,53118,08319,63314,26042,78296,71371,76039,27678,44057,02138,2B177,02237,64088,14377,01152,33213,64522,73310,15032,62876,63241,57515,57125,06040,70124,22021,80110,32128,09115,41212,18254,28417,64496,91047,37203,12177,60579,94079,25110,16023,58280,61433,65214,62021,70114,64318,42008,88510,83030,43119,82063,42223,04043,45035,16093,69272,44089,34057,76185,26272,88326,56108,89408,27611,10420,91560,42179,62013,74097,95055,24322,72060,08103,27539,63354,77192,62303,55115,38115,86064,76710,60104,80068,57582,89286,76033,22004,41279,68096,02248,62109,63296,26037,14207,07336,77153,31031,85206,26046,18233,80585,44055,62760,65328,06118,56048,41053,61418,61099,71445,10315,12252,45301,49068,68313,67058,77194,46237,14724,32274,25286,71098,44033,64493,14037,31411,10009,29026,33268,42071,27082,62385,95170,59147,57683,32318,21672,38564,27372,80392,14709,07230,08438,42026,78158,38311,77081,54487,78440,25438,15215,14184,25115,57543,07041,27136,16409,64265,22326,34160,02489,46143,26050,62779,89099,31426,21438,24042,40249,39198,55070,67470,02438,30047,64269,04192,02404,62614,88527,53076,59548,59589,84021,80094,27329,07289,43231,69180,65367,19004,70529,46207,60166,27662,57217,68196,12209,57449,79139,54327,56247,64408,03312,41102,58101,16280,76406,32360,77340,62847,46232,07115,33146,86229,56196,33327,60652,87146,26214,89433,45161,64007,72205,31242,81232,21334,43178,60276,02641,08389,51577,29069,29006,31529,17074,17455,26369,24419,02573,54516,22011,02204,21038,58277,52536,79253,66069,38356,23174,76340,84011,38542,59615,59652,97306,65277,03297,08293,48059,79320,08393,53150,18160,68153,30166,31104,52377,45050,07140,80518,64256,39027,18080,27288,65323,21400,41241,81067,21550,11429,02786,54444,39582,02584,89123,16272,45059,46199,08222,19254,08123,03288,70090,94056,95210,35169,47144,11075,23195,02753,11076,31428,04019,72023,11120,88113,56091,23019,54003,02833,60400,40119,71159,89007,63066,30249,28106,62074,61413,63203,53021,86236,97361,01019,39038,94077,62845,11410,32359,17214,77025,14435,81291,15034,51530,88341,02133,59669,80250,62411,87155,26226,54337,11260,87117,31267,67279,70411,78616,31095,21460,45255,57304,43044,30120,60326,57148,89158,54479,62589,69042,01140,27090,08011,05090,54373,39167,62582,97234,62566,64232,26025,47271,26256,09092,57626,39047,91318,16138,57021,40295,74054,16298,52366,33115,24421,31531,55364,52170,89486,51399,18118,52490,72004,50628,31329,57181,22312,31399,76051,14498,48082,13119,79174,02575,32193,30223,24091,56259,91249,95369,87101,77125,76161,60375,05014,03120,2B229,89251,76595,60324,76464,54539,68209,60389,40108,37282,80338,64004,01449,01054,49030,29145,60231,53237,25120,25383,02483,38131,64473,06010,07121,97224,81219,25334,88487,83089,68081,43215,90052,30237,59493,05162,38243,65440,14038,67416,64130,54191,51650,33380,64042,49182,30009,64323,51422,39526,51225,04210,02007,55171,87039,25255,85237,03017,53107,08420,81318,38064,26171,29199,67136,59327,33237,78569,29172,89136,01381,13030,03151,18169,88328,19023,07216,48072,89420,67389,50185,70490,57642,38052,62896,54560,21065,10201,68071,30060,21452,80049,69265,30194,33055,71323,28234,59524,14454,13084,56152,65204,44051,21410,54368,74202,43175,02373,52002,87128,02222,22372,26072,65453,36175,89079,10190,01234,31032,09023,66011,55458,91286,55501,53266,34304,58310,38503,86281,05003,79031,80597,09246,07326,92020,12256,34094,59511,2A276,36019,95625,45247,87151,59642,03291,82109,27115,30188,45073,39268,49010,24257,76410,73171,17030,04234,39281,51112,21210,71586,57356,54093,63308,86096,11172,31379,02535,25265,91067,88009,65017,77073,62785,65216,67023,68179,73225,2B105,87019,11312,07109,59276,25431,21263,16365,47190,07261,80674,50302,11108,16244,70558,54353,71046,01075,38376,03159,34262,35312,57462,57239,51354,68293,10165,54163,40272,74075,77530,24080,67248,11435,19007,37214,07319,32156,78537,34118,25052,31023,07278,62543,23006,69119,02518,63061,08189,58264,13002,45265,78484,31015,21138,09237,34186,64327,38008,27196,24575,04129,09157,63263,89424,64064,64242,18113,10332,43130,58121,21169,38100,04135,28086,11179,82179,78366,32062,25432,33052,73065,21561,51039,23155,11098,10159,37242,62777,58284,33128,49266,42267,04133,54023,16124,79160,21713,70041,45080,77242,59084,17431,69037,16064,77115,68139,41105,65011,39343,24544,33172,62027,25311,27621,16302,29128,75106,60549,89373,13004,76587,82135,03307,79109,34215,41025,24266,63427,51426,70032,08380,36104,38415,25298,62600,57584,77291,37025,38403,40194,26335,01311,76476,62434,64012,40088,68161,10007,53141,78571,56067,36213,76144,31409,21683,52136,64022,44014,60651,69156,12284,74178,80714,44156,64420,63467,48089,62005,39156,76092,49048,50420,74158,02070,22390,61301,63057,51611,09160,57158,59119,50028,35018,88024,2B290,70444,12035,85074,29277,60451,35192,12077,32198,25391,63252,56203,70436,17337,30255,78321,70242,69189,02721,64446,09227,05142,57275,40253,2A129,37059,45070,66228,80783,01021,55464,15200,78410,05066,37204,62118,79114,29018,81084,51562,35160,44110,54211,44075,30206,66187,21319,69276,24300,38136,02547,85265,60337,06005,80089,18084,23108,21579,34164,27508,14221,27382,33499,59222,21113,81147,22121,01014,71070,39510,70218,88261,49053,62567,17113,23248,57485,14486,54208,60676,02496,65072,56028,54543,42086,03107,14402,83074,64460,64264,03306,27209,41151,14502,76551,02556,05029,76664,57524,86114,55009,60626,70016,81275,82158,71196,31318,38050,17373,29246,71134,63250,38189,86052,71033,72018,39318,71481,50341,46095,62627,33275,57063,01259,18163,62376,26061,34309,02526,71353,49272,55321,21173,62839,62462,19266,71277,33079,71215,60368,39540,52033,37022,46027,38109,57392,77446,23132,33039,16273,62390,58008,54376,83120,27404,53130,64544,95253,32178,46256,17139,39539,32247,55331,49345,64276,08415,68185,76067,57407,36234,07227,57507,72035,14161,57010,59633,71099,51469,46015,60233,57012,24329,69243,32428,77254,42229,83100,14182,53223,87084,31249,51642,39056,86262,45015,01006,76146,25630,60422,30264,35118,62157,06114,17162,53229,51516,36075,64208,16054,67319,42137,79349,02657,31237,72323,32059,65080,59157,52442,17299,55448,49193,73212,51116,64459,93070,83017,39050,39529,25456,80835,28164,85266,2B292,71042,42148,11178,08207,76580,76615,62444,08060,22378,81231,60062,67178,62300,51127,2A336,28217,10055,11372,68257,73258,69204,55310,31573,77217,31085,14126,64279,33121,2B134,59467,25174,88513,21570,07005,61015,54507,39352,05060,01345,91105,15212,23226,35354,57375,33099,08358,18104,10187,65215,40068,64461,63375,69026,88347,68304,02183,2B165,59268,14354,71513,39486,37151,50205,65269,15259,04130,14659,76279,64128,54524,81042,22157,84096,11431,10303,04041,58184,67276,32037,81307,51536,78346,70326,05172,37094,14256,54577,24341,84027,35235,88101,78443,89474,01098,07292,68065,81163,76636,71557,33173,37051,62274,62359,51213,58292,69016,10354,67322,52114,38204,73063,56228,21238,36061,14204,79049,54550,24428,76477,53048,38424,57084,45258,54160,03141,07162,70538,38031,02430,67254,30217,65153,13057,88135,40185,38148,09079,34198,01275,38440,25366,76685,54469,29166,27624,36196,24417,24061,10372,31370,86023,29198,12135,89253,85300,02673,11381,36134,39063,53155,32401,54570,25276,63072,04066,76013,47319,50099,17384,28325,40104,77513,56104,07323,14550,78104,88525,2B166,56227,89398,23014,72308,91685,80692,80723,45283,25239,17393,60416,71128,51648,64180,37232,11355,29095,46082,59424,55093,05102,44054,07126,76043,78143,55461,79115,39411,58028,32050,60344,27371,02116,43262,57567,68105,91659,84083,76572,62170,24352,2A011,03007,58304,07014,06143,04176,71317,55241,95641,53091,44207,21430,33194,25348,64447,37152,10443,52522,10199,43199,80023,45144,23005,42177,14637,36014,55301,02412,35032,26345,25619,11225,18199,53178,22261,69280,46321,71414,57112,60188,46201,21214,64235,2B335,83095,26116,24474,81105,46193,80718,67209,27332,77077,27418,60490,54066,11079,63259,26210,86221,67500,29122,62648,39407,25515,35123,24518,57183,80729,88394,33551,24562,83121,15202,89395,01366,09017,70163,88047,78020,86103,66052,27633,25238,57619,28168,65094,43143,60220,52398,08226,07084,31419,87165,43193,79302,57195,36086,39176,95183,16118,95459,59099,11377,31401,45336,02652,31189,43177,49271,91547,26223,61367,33030,25207,43125,76090,57371,37014,71358,60283,86119,32192,60185,27009,73117,08073,61308,95445,69067,56260,09188,62181,60406,41090,81021,31443,33027,77203,71397,31167,12025,24101,17416,81293,07047,51165,27495,63007,31584,68216,02590,36036,40311,76403,42006,59191,78497,84004,18078,39046,30142,24228,39246,39114,26067,57629,40064,25519,70257,59581,18094,86252,24189,76632,04102,40142,46312,46125,80512,25009,68152,14601,33363,31432,76508,65457,82145,54452,43017,35088,27259,80112,54546,31475,26074,25503,43114,01331,16400,07068,11163,54480,56004,14510,70308,25365,21406,05166,76083,33264,64334,54477,59266,42193,88286,78559,47017,17033,63367,37276,59193,44085,06121,79184,04158,05126,29244,40178,14677,23028,61376,11244,60140,57700,35271,47148,78192,81221,50105,34290,70194,30146,42104,91679,10202,31034,62225,45273,59345,42135,04047,30281,59231,31276,89060,62443,21588,70489,08166,08225,77063,02201,77135,71069,08409,07015,26318,28378,46313,87040,60057,16375,30240,26373,51507,15174,61234,50097,39084,80640,56198,45182,57070,88030,19095,67480,47209,65022,45280,03031,11424,26362,35055,81167,74215,70454,53110,04061,17346,24422,62590,51315,50161,64501,60149,68208,31395,62522,64170,82143,87159,79136,30026,67526,77288,33160,57180,90041,33429,28283,37275,62344,72010,81305,60533,16382,58065,33189,64464,02122,28411,08295,65096,76483,77113,52312,14762,33223,67370,05031,38166,44001,72359,85277,37004,02760,64284,27135,89100,60359,60462,88093,26209,10220,52337,91648,62176,50536,39472,71140,01155,78650,90098,21176,25273,70272,31135,54350,42037,52426,66013,25129,21145,42088,01370,08035,07342,47094,59254,50379,50126,01379,10062,72086,03127,67145,17053,49192,31303,63265,08362,03283,91525,62551,33179,50617,86148,34173,85132,51639,50588,59037,29081,32310,51224,90018,68111,67247,06158,85062,70021,03160,29191,97608,81096,12288,60438,55165,86045,53153,35117,50641,11041,68345,44166,97410,59577,51526,88478,22375,09256,88203,44201,14555,62090,22184,67493,77394,14061,77071,89407,02295,37030,05100,63020,65472,34272,51052,88025,97211,71108,09121,2B079,54248,95120,70405,62182,62656,12265,80479,2A288,08378,25208,89352,43202,58202,62608,08276,18016,24200,08410,54193,01238,63431,70435,50613,76455,97603,50027,78138,29056,92002,79191,10408,2A100,70548,36091,62041,62415,56163,46124,76109,62491,64090,32021,57436,77284,03200,57414,32214,24128,65420,26275,27629,10345,34075,34174,27194,10193,15055,77384,68087,16307,27358,21249,77416,03201,91226,53245,2A196,21382,21493,44200,40161,21190,81054,56013,02711,62140,33201,64122,80204,31148,10110,28034,38547,54184,12169,38056,91434,67535,68228,81192,71296,90044,30029,10064,68132,42319,72139,26189,47088,27054,2B286,21622,65064,31304,19221,80590,67043,49082,76536,32389,34061,11126,86058,34113,60547,11157,55237,31185,14320,32242,86136,78398,12233,36224,25590,41209,71483,57611,67012,49218,24121,30345,11374,08245,31243,28341,27173,32388,45152,55370,27489,54381,61404,65032,61012,22134,33020,81152,68227,31012,76382,59131,2B180,23004,42034,02775,67124,27561,46247,62702,73092,57288,54021,57103,33191,94068,46139,31054,88023,53157,77380,02040,88162,43077,54535,33437,14446,80746,70278,59483,26315,69207,43039,39230,39523,33126,57538,54272,82080,70549,27411,77398,39284,02614,60372,77114,70357,34243,57552,73147,57443,79311,36077,47202,55429,21241,42021,21055,23050,35167,31175,57665,89219,76507,54578,28324,77251,86245,38219,38402,13105,76121,60509,69104,76562,52007,76626,51361,80544,59393,33187,76002,79164,57757,10362,86214,82108,05099,73242,85172,33048,07067,21237,85120,44149,54278,64296,21425,70371,43069,80502,86207,18145,2A027,24304,91552,60586,30204,45056,14023,26185,78615,88307,38248,32287,32227,07220,54592,25629,42151,52017,56258,37049,21506,25153,62861,89061,64186,33335,24224,43204,59520,2B030,21311,53066,59370,88043,87113,32121,76163,87096,57492,06001,39477,28398,17458,31233,29087,95304,80185,67361,21245,27290,77320,28053,40154,63123,70269,33257,62837,33226,63381,43159,81027,54340,46178,58303,25526,17331,70580,67152,69275,88250,70501,57100,41218,28195,35333,09108,44222,83140,13207,02266,03157,24367,40197,72134,2B252,03054,56134,32383,64045,71123,46226,89384,50353,51617,71547,29003,79076,68266,45177,59391,40123,41211,38418,83051,03211,02783,16189,59630,25447,50172,64483,92014,14529,55018,08145,38185,02334,54439,60474,64120,38153,63261,67250,36188,59451,40245,59464,71193,55421,50279,64478,88438,55282,51139,60135,62803,01211,21159,39133,76492,62703,61372,60013,17275,48192,62641,49217,16056,62554,01050,66154,62800,61024,13092,21497,57110,35187,64533,39093,65350,16258,74180,67037,52547,17422,57386,64077,37191,08089,10189,49163,86217,42266,02661,95287,14338,87094,48046,32120,45279,01328,68249,60105,70012,37041,25455,91069,52159,56216,01105,38352,10319,26231,74122,86007,34306,59127,47244,70306,34242,65366,37241,77396,80776,59003,02388,88418,65362,76346,90071,76509,59600,31462,55047,58252,76484,02096,05167,27388,27686,87017,17339,23236,88275,14211,77500,65439,52131,02699,61087,37048,71017,82077,10014,71473,25008,76045,45188,80096,42079,54279,15178,60426,89265,62026,2B097,10254,34059,08217,63405,70396,63136,93074,67090,59431,69381,66159,14299,36064,95392,21409,30169,60566,28308,57055,80008,37065,49086,23009,07263,69068,36081,72273,12202,37277,55401,07089,15043,67079,33003,34108,32326,30150,35175,31408,39077,76719,11309,21617,34204,75120,62265,02785,60410,25539,43012,60031,60510,02588,88106,65308,72188,71150,02510,54070,53012,52075,55508,70524,17277,10045,68243,03155,38282,36129,27618,64371,85269,05171,88448,65314,72073,66136,11234,33098,54430,61108,71478,54245,79295,30005,28329,80366,18246,77286,32248,26039,67538,64204,10341,83063,60222,77119,80425,19123,27207,38481,27429,22037,15206,48165,65033,12148,76130,67384,44047,34341,50230,41045,25221,10353,52386,38037,65005,09165,71195,73284,77316,44108,71343,58300,25026,57397,56171,26204,72130,19145,65358,71031,88278,80157,37238,71496,68362,76544,33182,01082,62517,80180,17025,06019,50263,78057,51210,62105,21596,60120,10350,54074,42025,21674,17386,34269,71173,01260,88168,70341,80737,78391,32307,71314,49055,13091,87141,02258,22229,59602,30052,64462,95584,50178,17413,84088,68256,62155,66218,27541,41126,12226,17236,72020,24405,32426,2A066,61041,22239,39434,37085,42127,80109,29124,74050,07309,01344,54425,10432,67017,53139,01225,59046,82120,10226,89022,02280,60675,46072,14533,66101,31398,64392,15180,06090,16034,31548,39263,32378,94076,45102,17122,54561,66060,71206,04214,27592,70047,14220,29211,35273,01403,31327,2B193,19241,21100,09277,58177,33218,07330,04151,38566,50371,57129,63404,88096,46301,21678,77280,46151,58281,73278,85254,75116,69072,71400,77429,31517,2B171,48070,80066,23026,68120,42162,36205,65393,16007,10286,62270,83130,12068,09327,38423,51019,02701,2B287,25323,08461,63267,12211,72173,62673,03095,33434,71112,57350,72380,32340,72256,24288,34018,65121,73027,27108,08146,08052,25322,10396,17274,27282,19215,2B175,28294,17038,47283,88470,60261,27379,10373,21471,64150,72309,87035,56079,10321,09026,17165,71068,76386,01084,62275,25617,86066,26023,32322,70305,33252,19060,60339,70196,80264,51094,65075,54274,94046,71038,36243,80820,24195,64039,64091,76529,49121,01384,68361,47225,94002,09341,38362,21201,88352,63202,71210,97217,88340,31081,07343,54062,04023,18062,62535,14494,81017,08412,01061,73139,70321,31340,27376,67300,31037,60076,21574,21481,57454,28355,40084,45254,38496,46064,62113,08284,31259,19149,21526,08312,95370,50159,30165,64106,51503,62685,51263,59582,66158,11307,17071,37245,27123,11426,42310,93063,41171,41161,37255,27341,51364,50006,12053,33141,14457,11379,83097,54547,27438,65444,79100,91200,77328,04186,86075,51476,89374,02743,10041,83137,55453,70042,32380,59414,60036,70420,47217,68017,63347,68218,35148,39338,02191,02820,03266,89262,16387,60542,15132,34299,58309,53116,32244,2A203,57221,65270,76136,57182,24059,65292,62456,89264,36038,50262,85010,33236,54411,30274,24397,07130,62547,88048,41124,22334,43128,25350,36237,31153,32436,24237,47102,02445,10113,62750,80750,53043,81215,17026,79003,40008,88403,73068,45231,80261,14044,41069,51365,40095,89467,09242,76219,13108,67555,88147,25246,70109,49090,21129,27665,31103,54334,31476,26364,17110,31552,27010,46070,45001,60658,78501,08413,50621,14165,12253,59304,72074,84091,62781,16401,67118,76523,02703,49331,16170,52070,43180,38046,12243,39277,33490,44115,33156,76360,35190,85202,57742,40131,17195,47014,14661,59203,50221,34136,2A345,33256,17052,55015,17232,64009,76666,41181,76226,53236,65390,02126,77056,88485,25270,63438,41003,61257,37125,60074,35361,42022,02214,12276,18193,30311,86298,41278,25445,61105,17471,59450,33157,59165,56158,12197,57337,47111,38225,27001,23172,71262,06027,69125,50468,02011,23110,47240,78640,42182,14089,32096,51571,54220,31113,87161,51308,02724,31208,12002,85087,86180,73123,61342,61485,25074,30315,35265,68080,65077,42141,60132,76653,27327,82021,28336,02617,41145,25589,38267,43200,61159,06162,35130,80265,76143,80565,67217,63170,76085,33415,54473,27564,12136,14593,64457,65392,24541,58269,39364,27390,25579,26322,14162,80828,54296,33391,82121,67122,59091,40204,31308,24100,64376,24106,28070,38076,70274,31066,45282,22031,28257,52137,80188,47080,27342,88229,31080,57727,79074,88480,50088,62080,34125,77083,76178,11117,27043,13049,23106,42067,45312,31444,51504,12238,78163,21428,14045,41087,32379,01016,24409,29275,10259,04195,30259,80073,48038,70144,43139,80526,50360,02326,07163,61156,33440,79116,37019,67033,02513,80235,52193,54017,54429,47130,57457,87091,54456,57056,89263,89386,60129,25482,74006,67256,08237,50276,63189,63307,51177,83056,42066,09060,90059,55428,32346,59477,77483,29104,89338,30167,60645,62460,39182,58090,61443,51190,16206,65059,76413,57247,85054,50362,26295,50095,78520,12144,51130,45031,63470,41296,46050,77032,61069,08074,79258,53199,45116,87021,89284,59598,90035,2B010,52422,49355,84077,08307,40177,30067,13024,89311,27275,60517,06023,10251,10002,38173,68037,32174,15191,38049,72239,15258,64261,11343,58020,50584,33331,58068,15182,21523,29300,28316,85161,49201,03285,01400,70492,38558,38413,21381,55586,31360,31280,82105,33438,74123,67499,27476,10249,51030,89363,51283,68138,17089,76021,50327,86296,25001,88379,47009,78481,76397,54509,31317,47041,39220,09235,30261,14286,77002,51175,42306,14312,27386,55325,02649,86008,89419,52133,27650,40218,83101,18013,58306,83035,55228,40158,69194,01141,56185,54277,63025,51546,36042,29078,68278,39485,70373,85119,35295,70563,67180,69046,60174,30257,79354,52363,78367,12047,44109,30221,89244,78464,42047,24246,45030,69164,21695,92022,71485,27141,41250,82110,08268,10239,62905,01067,74073,39399,80402,64205,24274,74257,27248,23060,54310,73328,51185,08088,25557,86009,88267,70160,08478,40188,84001,44013,36159,50431,10003,62033,39377,88158,41101,40290,77086,48108,11054,12006,17427,51128,78118,63143,57134,60697,50317,62857,16060,64198,62276,57357,38260,66071,22118,38120,24323,74254,50102,40273,59559,60643,22345,14333,66164,09342,84007,29010,61162,39314,67084,18019,59531,21123,2B188,69256,41116,72320,02714,34238,76022,24328,11024,84069,11232,80593,83125,38135,03045,33367,28366,42147,58147,22226,61089,74193,97616,17028,52118,84047,32411,59255,24549,14445,41143,54006,68366,29226,77342,34151,71408,61107,51643,51584,17426,55573,49140,40159,32457,71043,02629,62825,88164,21018,60489,40092,17406,01159,03051,91294,47093,37047,02312,62510,62887,17060,54284,15050,80231,57107,11113,54333,54399,71269,16363,07050,04069,04106,2B244,44037,32453,66092,52231,27124,80086,52066,71279,33080,39504,76106,32343,79268,91099,54369,57391,54400,67253,03293,25390,65257,77307,12262,45229,80758,51321,34072,03158,10250,73315,14365,82178,03182,84081,55269,87085,52487,11188,71336,42016,37207,55292,32103,27005,57214,45125,31341,40027,30114,02017,63069,40225,55571,64456,21531,43195,23216,29031,42338,79167,53121,58274,63140,25614,88471,80825,34239,57144,61203,21352,62017,70448,24359,19097,69244,27401,18202,73076,83123,2B073,52196,10114,73124,27216,77019,78237,52374,89128,58031,81030,70575,47097,59447,21105,21659,85064,65432,89308,52428,12036,33026,30082,31064,28045,55027,27571,81131,51565,60519,31481,80736,28149,16186,02008,71257,50305,41287,37088,10137,62035,87003,61092,62342,34187,68024,40057,89234,74102,89043,70097,26141,14737,76216,89236,76621,57328,21557,76419,07146,42142,62185,62591,85114,08084,01402,50281,89480,89108,56153,25125,60642,57305,15233,02549,69142,80450,72195,59195,54443,11110,61120,22105,38085,39283,28107,90001,49017,42282,89179,67368,16069,26234,02742,60241,11190,25190,45212,50405,11067,65340,26241,09122,71514,80013,91654,39492,02178,70505,25236,59132,47134,73257,77001,68135,71424,97227,71014,63333,72232,57655,86261,55311,07106,24226,2B082,50550,54196,24139,18231,01266,14345,31124,76107,21369,63283,33075,81214,02293,59217,62770,09326,35155,64286,89291,87110,28027,71202,26142,78133,70067,76697,22139,78431,64316,16403,02291,71449,59584,2A032,89151,64378,06064,52092,31179,84098,77219,91027,46268,39439,71102,61297,32302,31102,08350,40200,83144,32038,32066,70243,62439,88388,76079,64162,62228,55329,11214,73317,2B314,25044,76461,78498,17367,77418,50168,58057,38504,03072,92023,74013,68343,55008,97206,27280,24414,90072,05068,90042,47117,43086,25528,45069,42045,39187,65450,44070,77465,34297,89194,08188,92062,60688,03246,88059,46243,39570,88027,55031,02241,12162,62624,50310,17355,69294,24060,66142,71186,67085,59331,63216,80393,87018,25171,65230,38455,71471,59454,35238,30145,84039,21192,58249,57579,69387,38389,61366,68363,30111,79249,50236,15156,2B055,02366,57686,45243,31063,26043,32163,51448,52550,30011,21620,22384,30208,37069,34109,03112,47300,76356,57403,17117,64234,57616,08421,52264,50345,64210,63030,22216,32440,87139,61018,76426,53013,04182,34258,57047,31406,83072,62484,44096,80271,01027,14571,76283,31547,59457,07102,56010,63210,19281,57153,71567,78107,69034,17288,24357,07112,17215,04205,64111,87112,29179,27530,02665,07204,47275,28158,73312,83077,71168,76245,67304,93066,81166,2B122,76677,80388,13087,14083,62416,66209,08422,43137,39175,02278,81311,01397,11239,55251,23186,57431,17398,25093,38359,39298,86113,07253,66100,54247,26320,10148,01093,02690,32207,21045,71076,27366,81289,25019,54238,87068,11373,43092,48020,72250,32196,31334,95633,63175,88032,82149,88486,25602,2B338,52507,63076,64521,35198,61422,56054,46319,60541,01189,2B273,63425,46102,44197,19104,71075,57353,79159,74068,68224,60291,02186,44065,71461,14469,60535,89272,02089,62286,40283,59238,91458,76312,68231,86164,24482,73040,41006,71243,61151,47061,13055,33345,55127,86273,08056,12133,01358,33118,51403,17077,39547,09230,23003,55580,50218,46107,28061,25116,40013,07076,02033,65182,18100,15080,61397,21084,54159,66106,76423,76577,48124,62242,43093,10271,11297,11421,25546,25376,81186,49054,39331,09150,18038,74055,37129,47219,08082,22208,21455,03294,37045,64414,41020,31566,88028,32048,38151,26129,58294,51033,63454,76335,04008,59179,37074,89232,07064,57463,42202,67519,87154,76329,40135,54226,63418,53030,76619,60341,74128,67298,45323,15230,53201,60012,80643,42087,78389,59012,25542,14421,74203,24179,79145,17022,43068,37222,01401,26057,61375,45058,21354,50031,76505,40255,38287,02256,49328,54343,45046,73100,26049,52494,65317,36115,12137,55248,95250,40321,21133,50050,23018,39190,02181,51587,66114,15127,31591,60315,59385,38396,06116,68077,02375,69239,77003,10274,21639,70081,39209,2B172,80637,39142,57625,05085,66102,59452,08239,52230,10125,57163,19265,25580,56063,59166,88007,82038,57242,30303,74103,56089,44178,32106,18057,47185,17438,55389,21154,63122,61064,68333,87134,58159,71299,57146,88209,31269,67150,81245,78120,08135,69389,79263,32033,46045,27546,63328,07196,67203,17266,63041,33068,71092,71110,62714,91184,22194,14726,33498,22199,64112,46016,01208,60520,17465,48050,91589,73013,46186,32116,23170,11342,70119,01235,60456,60635,14214,09117,07294,64477,37128,52106,78261,65315,38546,36176,70230,02595,52187,50433,17477,76111,80197,14590,57689,09015,21611,31430,09093,35257,11338,70288,95351,2A204,38375,68190,65212,41265,27690,51256,47057,17437,34317,18092,28108,22317,15170,28272,70205,32233,21278,25342,74007,81292,80131,39278,12024,92078,53134,51434,52291,80122,42262,01268,62730,72377,78125,61160,09053,64391,30071,01353,54209,63251,21361,25182,42010,72156,78325,11030,70363,17059,62058,30010,49023,14403,36027,76501,80709,72253,24548,80439,01346,51197,29184,51380,21204,63150,17320,11414,76454,58007,26332,77058,09283,74085,33540,79195,89161,50616,39090,80671,56161,97613,31086,17206,2A215,46101,26134,51204,55408,70164,62529,67408,90023,62860,12139,40053,09222,44216,17485,03269,40162,88364,53031,63391,52211,62481,05051,50592,33175,45072,38055,91494,35030,33390,43221,71544,15021,51490,26093,09059,72234,02681,25441,80332,59506,05082,10120,23160,32108,2A103,47033,31119,52219,24580,19126,09131,58211,24494,22193,27164,02030,54574,12193,51528,72049,25545,73318,76306,70176,54455,71442,68040,67240,69082,12188,76159,08404,66116,57513,63162,27616,32234,61427,85104,16067,14620,68301,71401,97357,51351,88458,73011,33285,64331,21357,25437,14131,66005,60170,53203,07318,76506,38360,76662,22350,65167,17287,67143,11010,70078,85056,43059,02333,14118,43259,40033,44208,25138,67476,27529,67252,41013,54116,14369,18111,77013,95422,64119,59614,47273,60342,11121,79094,14103,11057,03001,40284,74314,57267,23250,33494,18063,47081,85248,37124,54219,18280,55523,57155,11243,02243,25565,64351,89370,59401,18158,57269,17115,03164,89218,50382,80790,30096,62124,65341,97302,21449,11346,74221,81148,60289,44153,34318,46293,35204,57282,79034,01207,63152,88219,66002,46126,39436,25460,71518,91538,77004,09181,57151,74018,95438,29005,72105,07008,55065,39094,55053,11147,61202,22097,80315,77477,42201,65467,50507,85287,70527,21554,64066,66169,65410,18086,16210,26336,23168,51010,90076,04237,54134,33287,44206,36143,58145,82096,39479,72202,65207,37176,89365,14589,87143,67013,05080,31149,19236,33439,42336,69229,18277,01236,23093,80084,02137,65084,65416,21108,71062,62514,03047,57216,17280,10213,32432,02064,76295,65245,21625,56208,21217,80701,38112,60687,37189,70092,12190,27118,79229,67126,65185,57482,52367,86176,82172,21500,89023,80239,57746,09003,80449,52525,60383,80004,23177,63121,56051,59590,74146,04201,67044,17379,79165,07139,63209,11419,72084,41208,76353,2B347,52331,39425,78299,24097,02519,06076,36011,36191,76733,57114,25594,88309,88181,34126,01338,08377,09076,77256,71059,34281,19076,10378,54591,52315,2A181,25288,21587,02654,42283,89113,39015,35114,60503,06030,11375,31226,16347,53053,86142,63054,33386,29232,38035,90064,74009,50195,55245,43227,13047,11129,67438,47137,15104,69139,06036,33136,24186,89399,61295,10264,78548,26015,55435,81140,67071,62375,88225,70485,80789,36085,16001,21541,08098,59294,2A090,07033,08489,52015,85155,51106,31450,72175,57207,65141,78242,80485,64474,67485,31471,89115,42099,55493,52223,08097,55339,63187,35098,86032,68055,17354,31439,62530,85240,51477,07039,51568,19213,79121,89210,19125,03137,87067,54587,69299,65131,80329,70128,59437,51267,77471,79278,01443,28231,15058,09035,30268,44071,24190,15205,07111,74315,65228,55140,97418,25061,46036,80824,11143,21389,64356,54132,76485,39168,02292,82103,25338,37163,58062,50569,39446,62799,28388,40296,2B137,14325,64507,80833,83040,77224,43135,63290,17356,40182,50087,80823,67307,76578,54488,57346,76440,59547,60505,76125,59490,80414,62475,71085,21536,54048,17372,21426,68222,17148,01130,41135,27049,51404,05007,59418,01389,03270,44175,56055,01318,61062,10192,29293,01282,46336,03030,74060,02822,55509,65054,50146,80501,95052,46337,40083,56195,46056,03205,55352,25020,31234,64548,11211,60476,25600,12125,32045,18196,17269,17457,59518,40128,46109,68029,51451,72029,11411,14401,46249,21446,15025,47221,16163,42301,80546,10223,39452,54308,28159,52087,61314,80775,45047,09276,02680,33106,13111,92060,67096,14723,87201,28110,50054,19079,55567,68172,82090,77338,45082,27351,50421,56094,88208,03014,22073,46211,27673,11132,36233,25506,80728,55420,19010,74255,71352,35052,21485,25130,40015,57467,68063,64074,21266,70569,51591,25635,80764,58233,02233,67367,21014,60594,54320,57622,45149,89021,45310,25405,51023,52469,43136,62023,88400,51372,29089,03276,60103,46035,40016,42084,42271,61500,79050,11274,74303,70429,10170,54401,76706,02112,76691,32143,16300,41153,29072,15017,38439,10255,2B313,48061,71438,89271,26162,24523,43115,43174,02047,83117,66042,11124,76332,78618,16177,23249,95270,65468,40018,41072,27070,76034,41167,39500,52319,53179,67116,34141,01212,05180,70526,55025,77238,70048,77505,59566,80571,77274,47143,70463,47040,62347,54533,30320,05116,36228,64171,59643,10442,25225,57738,02144,81320,68189,81250,57415,89196,54280,60613,62233,71306,57604,53058,17178,76640,07147,06125,02281,35133,35350,53137,54437,87008,33306,85141,43268,16109,55582,97609,06142,55496,60604,25400,70392,91553,24406,89361,19148,62773,80554,64084,67537,64560,61093,42059,01426,33388,14036,13016,97111,23173,25231,41214,67263,87057,57490,14705,23038,19150,32109,67487,16165,28054,25551,71355,90069,67097,64380,49211,39393,54176,30282,22074,27105,25479,02046,59291,42041,47317,86297,04116,27669,30093,45333,76446,31502,30098,42056,67155,61279,51119,21359,10267,95134,81038,70398,68140,67272,73246,38507,33513,08387,09172,54156,42253,80566,55156,63006,30140,80281,58285,22112,74293,35031,24028,36111,81150,03275,18032,16388,27089,14720,65199,30336,30158,51274,74294,10402,62459,85294,70561,89057,72271,10240,66195,31540,52344,47079,81310,60281,33472,27462,05008,47112,64057,14694,61206,50152,62900,35119,72078,50183,31028,71591,91079,80369,67504,18008,60143,10437,25204,37109,50019,19249,58086,32249,59051,14104,57226,27133,02799,56023,21127,57703,22381,12166,59124,34298,14609,27528,04167,21306,52523,16383,2A363,53084,77112,03217,21600,60338,52082,11095,86037,83152,50231,22391,56109,70571,13081,77024,03019,23046,80588,41014,71348,54054,59350,31272,92044,02128,47052,64475,51359,67481,46183,80530,58015,65142,36231,62355,87063,50539,27008,02166,25200,16176,30313,68150,51012,38523,44120,42166,51237,14015,59626,32086,60256,77295,50328,64409,81160,01107,73289,10243,11354,80500,64015,25435,70086,60165,71097,85216,63188,40106,60593,31198,26284,46213,40151,30322,21326,71171,14068,63449,67215,95298,37272,84078,47201,2B298,79201,71545,02361,23129,09279,52517,78171,86116,02779,59412,53018,70488,30089,08496,21703,60447,54150,79144,14621,30317,42103,16123,64096,27099,11267,04111,80220,01248,82009,60316,65346,61171,57416,51041,39006,85154,42210,66093,22236,21517,80411,59281,57235,17093,68325,26008,02462,34119,33195,52538,34006,49374,78551,81288,57501,25007,27680,17440,33013,01008,25504,83112,09083,03260,46282,54089,52147,67428,21042,27604,70532,11032,81132,27144,10101,31006,24470,55194,80577,72324,2B042,81041,60433,14225,12105,89031,30224,24567,55178,85099,43063,71568,21590,33294,80184,47024,32197,65473,18096,14495,81196,33364,58258,27360,54250,46085,63364,31201,21648,55522,59309,14603,60627,31328,57681,51170,62043,90012,68148,83011,22014,65031,65307,53132,02053,30088,17267,46020,14070,57189,72101,28422,74121,38124,24461,29079,95056,36088,63118,31366,64490,17327,67191,70517,21136,11116,33485,60023,34116,79236,65221,62306,25624,70130,01359,65401,88429,73252,60380,45210,68217,77147,63117,32452,73196,09299,76527,17235,07282,29180,07337,39265,08390,62257,30250,76123,31539,58123,62312,95676,27640,63332,24292,64487,18195,28171,07030,59026,33129,72204,84136,38221,27239,22224,31001,78565,44179,02316,08105,02060,57498,04156,66099,38490,28196,69036,02750,60358,85236,13206,79351,25316,05054,62425,15226,27451,51579,02612,95028,58119,67413,25343,55078,19189,32296,55528,60546,33165,76405,24465,51259,02626,14764,33272,27359,30350,39319,17223,68370,64221,21661,35225,54576,14033,78108,71405,35297,76753,33427,07182,52057,35311,01030,84037,55583,17418,38140,49194,81254,80601,07175,95353,11422,66211,62485,91691,10074,25567,23062,59409,2B033,29224,10282,17362,89414,10399,50407,68294,29222,68075,77532,80050,63360,83084,21578,61196,03259,65174,59413,14251,25274,67280,85088,27424,76366,10156,13075,17173,57352,18155,88493,07281,67452,63156,72360,71456,24481,62438,02226,38111,61102,42064,79316,02537,59198,71118,21478,21012,52269,09312,48019,07179,11253,97223,46168,70383,22211,90043,57081,85078,81240,64041,54198,33470,50370,95523,72244,64113,51148,28408,87077,84110,14497,27266,60537,33381,62720,65363,55387,25021,50610,71500,09040,69069,33137,21256,39076,24498,52475,09067,42215,33138,80047,45240,03231,63229,87097,22023,21373,32442,31534,55517,08439,72355,77210,14625,08354,2A331,86268,27663,55266,14488,25289,65172,12088,31036,77054,23058,16230,55434,28015,29245,28391,68050,61056,82053,38241,82141,81043,76311,43022,02522,51346,07082,53189,88215,12067,27162,77486,34203,34185,73283,07301,55270,39103,11123,38043,54482,27676,10134,39254,50411,15102,80767,88117,33228,21203,11189,72065,29227,14169,54552,31582,30256,65158,17268,39178,85125,25241,64288,40303,53195,27562,61121,11044,57675,55446,62782,35127,51200,26233,94078,24117,97415,55419,71027,73265,18224,17119,55073,71162,14119,80330,30080,66206,53255,35286,15081,80303,76355,66181,31309,15253,50070,2A132,38420,31114,25556,62309,64249,72226,37057,30122,08417,79290,74032,45293,02320,80426,81191,47321,01216,60657,74062,52097,12100,63396,60314,47133,65306,60169,56007,46264,62070,78147,50551,02643,78317,55557,05049,42297,13036,50474,91330,33197,63218,72375,64178,69024,22379,91115,80214,2B159,70133,40220,55180,50266,18058,47292,14016,33538,46307,61416,44171,58005,64528,34181,80531,40125,25222,08216,67340,34329,66104,76680,41128,70253,01422,76470,51320,18229,27044,81028,63390,08175,14399,37040,78043,30353,47293,31454,14753,15181,08432,66015,14482,83103,77141,54084,70521,22145,68157,40073,81011,81315,89397,54432,11440,52313,56050,62686,34244,35310,56074,43240,51284,91461,51176,71369,67283,37104,46197,40308,42308,80295,06045,29292,32468,63377,42273,62704,36067,14050,63325,22110,37253,80333,50619,54015,51118,24393,33214,85285,16003,32240,84049,01013,03074,63294,80189,85029,74224,24564,46024,02446,44007,81133,73215,67303,62436,32243,91661,43191,03003,34137,65325,86157,30297,17305,76694,42218,40143,80572,88308,69167,72346,95436,15248,71283,88151,69111,21337,71474,2B150,79341,54282,14224,64513,24311,63359,88169,04226,10246,32047,22170,14516,08330,32089,46218,41174,24568,21061,37086,2B152,44203,51258,10331,14674,62473,80702,29186,04030,56126,36040,33517,04227,08483,10179,27403,02167,01114,57711,91001,64379,61452,85297,32044,39307,57050,66059,53023,14168,76122,50258,48068,65311,74046,52369,72316,26145,59033,38353,22171,51049,10139,09328,51473,59007,39453,03092,45095,62429,30163,49021,67410,28081,57039,34294,11337,14473,38110,31479,01153,76186,33288,25117,76239,74279,03286,45227,21156,02466,05168,85077,75111,17300,38326,37082,22079,56135,64336,36074,08325,34214,58096,56046,46112,23061,51058,24489,36164,41047,33324,14060,59180,80010,77458,80193,89204,24502,76411,88476,56026,04155,27346,39391,43110,30334,76715,43011,02317,67205,42209,66219,21039,58216,31422,51092,2A324,68061,55133,55193,14391,35049,69205,28057,71350,60067,18191,67194,88452,86111,39344,85174,79241,51100,12066,77509,68337,70324,43239,50034,78442,32036,35026,44025,55072,76629,77492,08333,88424,47091,2B046,86055,64366,14014,56092,43102,88199,63378,37165,39443,62595,88176,22210,30179,85017,28252,30045,09303,12156,70518,77510,19077,17230,67542,36084,86004,13063,39218,86162,52155,32385,63455,89377,55174,34084,30280,72109,74169,35015,37123,68115,55061,16308,86065,72027,26254,48026,54558,33395,19201,2B354,37006,88156,46224,18161,88454,78033,33067,88455,14304,81175,33001,64023,52061,48117,12086,68086,80024,62621,16271,81120,71217,44015,45286,67472,53208,30355,21074,55054,21324,03067,62718,80765,84125,76165,65226,68125,60672,62706,14223,05009,52292,55554,17256,50190,87027,27498,32400,72009,17445,65370,81012,76586,32372,27591,64280,14586,27507,29230,69148,72322,14341,2A142,10395,46163,28048,33088,52091,01104,75117,65013,26357,66207,18028,66053,38487,70275,07078,48100,52484,73313,51151,33247,55341,43095,46176,29155,46223,46277,09038,47165,67192,45049,41147,63171,51512,19109,23131,70171,28132,72067,62502,25261,02318,31128,69253,56170,65089,52341,76542,08418,25544,52107,25142,69286,02427,31561,09179,39083,03089,33130,86161,17285,18002,57257,80508,18268,16148,84114,58117,21609,54300,01264,02071,71520,40292,30182,25344,25410,51358,76563,76009,39233,79014,12118,25500,48083,23020,76290,45089,09086,28030,71143,36186,50186,2A064,80145,07031,26001,38045,72347,60278,60311,91333,53037,40031,27309,44086,08111,54239,17345,50003,79038,51105,51260,55351,57484,70425,78356,21375,70069,31495,33412,65313,07306,37079,33004,83139,82177,58179,54438,23197,63399,44009,68229,88528,86183,33475,39427,91508,28291,86228,56130,91613,91081,39530,90095,16408,14465,88515,19164,33400,94065,80649,38436,73004,58063,56033,19122,56009,62048,89246,10209,39232,35321,72366,26040,02013,30172,89235,08081,80199,24124,54095,32456,46061,73142,19138,54348,89180,27294,57514,23099,69056,04022,40157,50451,69047,04191,26058,76583,62878,31382,52039,57292,46007,35340,36002,77382,52242,55139,53097,97106,57404,91657,43008,07299,07137,33329,89285,70567,92046,27406,38272,02485,50162,38543,87163,63023,45105,90085,23030,24145,68340,62349,57765,17036,82192,57718,35230,72280,42156,41055,90087,78372,58104,33241,41026,21618,51402,39286,34193,59422,29066,69033,97419,25178,47213,26277,80344,14147,80469,08244,29057,87005,31101,89478,54162,65379,27169,27208,76240,60079,54523,67167,64341,83134,45004,59399,60677,62341,45262,21556,68143,63083,67048,47174,59114,86049,17202,63113,52060,76604,01374,33134,11362,52203,16039,91526,28273,46039,25554,69092,39432,53005,13068,97314,59340,25452,02003,08366,76042,54227,61271,65200,42272,80614,43186,09095,68199,33258,34004,15228,57017,31480,39469,50587,10066,53007,40149,60138,71250,19005,24345,54474,43097,04219,74231,50274,62662,67352,64359,67423,31160,57234,39016,11087,44186,87025,64424,12203,12292,74299,02127,43045,70147,69277,32124,39132,88457,10349,31542,57685,08332,41196,82129,89290,12061,02359,57662,69062,11053,01001,25179,61467,70583,87048,33196,08379,10182,33017,12206,23035,65458,23109,31512,30348,64115,89112,42091,31093,23105,30133,30291,52330,55111,62243,63373,27287,62191,14171,21665,39480,39493,15054,89392,2B303,37137,77236,12205,02132,64551,21671,02618,70058,17409,17130,63230,62190,25362,47233,02662,55264,88333,61197,59035,72136,35223,70049,58077,72007,33074,67045,65479,81174,61142,63274,67385,53090,79244,02035,16222,71225,26351,50261,78029,02525,62245,70150,63174,67144,38023,38019,24211,45271,48010,47295,74249,27677,12224,11223,57481,45181,10020,70393,68198,19274,39537,65261,34022,30062,57104,58240,56002,60157,40141,57046,57725,59141,14343,21199,19225,30028,29068,41127,85136,51111,35061,54181,70419,97304,40261,58056,38406,01357,16207,65272,44076,29152,07001,74276,18206,64031,25277,64240,55026,34035,67366,59471,85133,56035,14079,88357,19167,16246,47205,23167,64207,80725,41236,03049,14684,61432,25193,31089,24223,32337,03177,60624,76275,64241,86019,63417,57127,86002,08455,59133,10297,01094,80316,2B002,54253,35353,21476,43241,79198,71253,40098,63451,67198,72011,63246,01007,32305,33528,37205,64480,19140,09004,76588,81203,42255,91017,91463,30260,58207,47181,68348,09145,86036,62657,25564,76441,77240,66026,40052,23228,17382,02802,38456,38080,81304,80161,47096,48104,17047,61348,73010,27078,09220,14368,62601,73094,69020,77322,54321,57659,47039,34312,18088,82153,45094,53190,47220,48065,16253,39323,35336,12042,35066,08184,08029,61423,15261,09240,19239,25025,58029,51538,72313,02271,09116,24379,14739,70356,74272,30076,69088,21298,52178,54472,70507,47158,44099,49333,86088,76389,51125,32288,61028,62754,67238,55150,81256,21083,11305,04127,59120,68062,09049,34158,70175,77293,52022,27646,44003,50138,80771,21706,57061,08102,59024,70355,08134,40314,21362,01206,62282,48176,95612,27478,40026,27369,48080,50456,55405,27514,33442,01188,03122,66044,63138,57030,67184,68149,83037,01307,27552,65337,53185,89288,33101,80583,67109,90062,10175,19022,55204,23214,63344,62495,18132,70293,59517,08230,39249,76139,71282,76566,82094,87144,06017,39396,50175,63270,62366,95012,06163,52028,74184,08132,52227,67417,76012,24109,31490,27394,67021,53067,70141,46005,2B366,21489,08329,72176,50267,09154,24582,66224,28210,52520,95303,30278,39320,53251,61168,88363,17082,63350,70522,91692,63313,59640,59077,59485,42233,21297,02748,02242,51654,51662,62368,03022,63281,63091,10398,62778,32266,28292,03282,17479,67365,27459,24478,81080,57086,87158,02330,84073,35171,63149,14261,72015,07194,28056,80673,81188,10092,09339,07348,51078,73153,86031,14030,09047,59317,51471,62132,57460,08360,91435,10294,05073,36023,62507,46065,21628,54142,60565,56077,54235,76648,69003,34007,15101,62531,18148,23190,68176,51098,15096,30130,50199,91130,02200,77014,41040,67488,13095,73043,33168,50538,80622,50491,60340,25262,02521,72098,25356,57635,68331,19075,39513,04101,56058,71078,80757,39461,88222,60608,42188,64149,63223,53173,73181,64001,10379,76229,51352,62880,26381,2B153,35296,32444,10436,03005,88130,01142,56012,02567,51397,38555,70154,14721,02393,34045,88214,85131,54147,19151,28372,89005,85149,33096,26342,03126,59386,42161,14277,80537,33332,71340,38257,81070,80016,11293,52474,21288,81242,24374,38533,74218,33037,02507,54295,68167,02651,16424,29281,45315,2B291,97606,41066,04145,10285,76077,80706,03221,38414,41062,77270,89237,27582,70461,12172,32145,39041,64404,19078,33476,61096,21414,24026,67434,74147,2B093,34099,40017,54580,45067,72376,89481,58125,80675,88336,32463,34076,42323,88133,64167,61113,87122,41205,52406,14243,21712,62152,27550,61406,38300,46156,26303,81184,62121,74281,38275,08453,61213,88504,61181,24528,54433,95371,14293,80202,51074,57066,43033,55024,66007,88081,14049,93007,70019,39030,41230,05063,14706,08138,12291,19030,80253,30323,77129,80005,80434,19014,80108,88415,23165,51622,24208,57511,71109,89073,83062,12099,79175,92049,91414,16062,14085,12180,74104,72201,40238,32449,76581,25372,64303,14487,70514,11397,21623,02051,91093,68092,21396,73042,38537,74312,13210,17152,08286,03052,17196,50484,32004,41160,62119,55315,15242,61094,73224,62653,27609,73273,71361,84042,56005,17317,40175,72198,89304,62518,45235,49027,86154,62711,89278,52383,01004,37146,29193,52483,2A104,26370,01380,26016,83136,43065,16031,32254,54511,30328,46084,2B340,31413,02585,33200,67382,06068,71050,71295,10057,42054,11003,70331,39011,62835,22158,49209,25079,09107,89116,34130,49131,21011,53233,33289,65136,72186,85145,17021,97301,18041,45303,52014,73306,91363,50093,69115,40100,65019,63258,38033,26143,35237,81082,08136,39151,57721,69236,28127,63228,28089,23088,16304,64503,51273,02387,57719,65299,58254,70311,70279,77155,40305,04218,08488,17462,33461,56083,19021,21366,31363,63080,55281,61488,66118,53213,72012,89177,60526,78126,57539,72070,27061,27068,60390,42018,82138,13017,45208,02001,65147,86024,34276,06104,02162,54529,47211,11174,71422,64200,59384,59216,12131,43005,59552,51529,31029,13070,33456,28018,88522,70168,08473,11271,70074,10304,54557,42003,91273,56127,40226,58158,67301,76517,02342,62856,57306,80749,09204,02232,53064,76030,03253,43219,65276,82027,65264,60685,43237,23243,59470,85002,39163,54564,15029,66217,81125,05132,95042,85101,57529,88244,67138,53085,28219,45002,80097,06006,48037,09088,24140,10126,21689,81045,65258,66020,24334,66017,19025,57394,31533,01215,51254,33488,02482,87160,73297,27594,63275,07321,80229,01363,64326,22087,63013,77506,27245,30141,80494,13209,26095,74311,09335,29004,66221,2B077,08388,40251,76584,74273,75114,15120,51340,07238,10032,88287,27097,29148,24444,12220,62532,76404,71385,63352,19228,61212,31469,05075,59301,17430,37247,28148,2B255,60610,81034,14231,10025,51533,04197,33059,70070,54311,42158,92064,21075,39045,76524,55011,81324,18066,51281,67087,38093,39062,47044,31554,33259,18098,28031,08304,02605,78686,38339,04057,74266,11080,16091,24280,30301,16117,62227,46329,26009,59234,46208,76471,32105,27558,70312,37070,2A019,29181,60432,68274,81273,53120,54498,80627,63420,76644,33554,35326,78128,26255,54309,50139,10161,21505,40113,42334,80427,84134,33142,71064,63028,16297,30332,32141,62288,59408,71063,09006,32434,02148,62724,25513,57724,21548,65357,09295,67230,80497,72279,76735,28351,31451,79252,21585,47038,69094,33450,89468,45225,35322,71307,21504,01112,71487,50118,54572,59551,72300,63095,61244,54064,57504,65331,60322,52094,02257,24217,15144,71386,51386,26267,77366,77259,54375,17466,61082,81314,88437,61187,01427,28114,76510,95500,39386,58137,27666,02360,42277,46161,09321,65140,62738,03280,67168,83047,81009,55189,80065,30031,88496,30351,07195,38184,14509,78076,55169,40102,73039,11398,08347,23151,57330,24500,33506,79347,38322,63395,42186,54264,49330,62301,27125,03068,25330,41017,76612,07324,63225,97201,62723,50247,76758,62383,62442,40115,38550,84115,31518,66192,02767,03125,60678,72148,23150,59062,62333,61328,67018,22332,60125,10069,02025,89362,72113,73015,76737,33411,34148,52448,67509,60148,68276,57471,79085,2B051,51286,68315,71106,2B113,55302,14236,27154,29062,51390,62492,27101,06015,27524,44170,54553,86141,85116,80476,01136,62298,57193,16071,12298,97360,82023,59249,77287,02758,21166,35360,22258,77042,68328,77052,08191,61419,54313,80724,27142,31375,52461,61420,11006,33398,63238,21631,08167,63164,57551,40267,91292,28284,30040,55485,51374,30192,06066,36108,71276,14534,02194,03039,14298,73218,50435,39422,31216,21114,87013,26353,90011,70410,40076,65224,82151,15173,83052,24159,69206,28162,25106,72160,12234,90013,32459,67514,40007,11317,79304,06054,40192,14511,60139,28404,87073,71425,25464,33093,97413,01135,07311,15137,61365,60424,57694,78070,37101,04024,05147,64238,80350,03101,18082,65002,62393,54125,57512,88241,72363,39315,34110,14500,38370,38012,69260,32271,70439,46236,51519,86190,03213,51345,30232,23264,27276,34139,55182,70046,23179,27203,16053,81281,37199,65179,30007,89297,76328,08458,21484,22067,51269,62432,62389,33544,50013,38094,35328,76065,22111,85192,62569,02211,05169,25351,76019,31005,54388,62357,13011,88085,08289,51480,14302,59173,09141,58236,02713,76285,54143,12122,47195,62691,62353,51037,85093,61248,79022,59264,24547,70247,44002,63322,78490,73017,08223,59553,41242,24176,02081,88118,64141,64520,67433,17055,61499,64223,80305,65071,71305,52217,62447,56076,02170,31178,83055,51117,31468,36035,74045,38010,81086,48067,50606,11099,02806,33008,18203,88302,88520,81268,38434,65063,02425,78677,59532,76543,10435,39137,70231,02377,38214,67313,23180,09215,40312,18288,72337,87072,62278,70011,25152,38471,28334,71590,68144,2B261,70256,24499,23112,65413,82155,42284,28077,34179,72106,61241,56251,24512,64532,41073,05112,69112,54325,70534,55088,28010,39376,58286,53098,38346,41194,69105,29225,11230,79185,88252,09297,71051,40179,66082,84018,38040,44058,70304,55285,43187,31020,39379,71221,64029,21433,06144,15168,23066,41288,67355,31527,09282,67325,33401,09269,70207,35021,08451,40195,01296,33308,10015,73272,69013,68202,65146,87198,62561,32084,16055,67056,27306,68052,86089,50364,25111,43238,74108,33406,34027,24172,21067,80356,57433,74008,50194,47056,39462,27013,2A174,87020,88046,13040,80313,55379,57045,51108,2B277,61446,81103,89002,31535,80242,27048,56145,25465,71417,57367,05059,33234,18043,72076,21032,25013,35334,17260,11155,03163,10428,74200,54292,25596,61210,68004,08219,79312,45021,67545,70235,56065,09259,45253,24520,54231,53035,84005,18214,27380,80011,80170,68046,18282,80630,55488,63312,59335,78605,69084,78499,45299,78597,36090,69225,32173,77066,67527,17175,77154,03261,01042,80699,87181,35215,15164,22088,71576,71226,25472,81300,41190,87153,81278,58026,05028,78005,55380,22272,49308,65029,27496,02821,51614,27279,47077,29058,24453,56189,58261,84094,23022,62103,36172,22090,01095,27430,32402,30129,79348,59475,23175,44048,56119,57762,38069,51482,66202,64505,66083,07044,63112,80796,50633,46333,80033,35200,44124,08383,27364,52177,70456,62556,37072,97420,72056,31143,71374,2A099,44184,21522,50574,57430,65143,26375,89436,08015,25368,86105,08470,25033,76361,60035,57254,64358,44104,91086,10197,63412,25616,74040,59458,32113,33202,38170,10288,85209,89004,85215,74001,88061,26045,67289,24136,89323,80451,54234,71084,27471,22222,11287,70446,51044,18093,88270,74205,09263,32335,39199,76168,51464,54087,39458,73026,72312,45215,30154,73077,19244,88255,01011,10080,50228,76050,39355,39362,77434,11315,67502,21119,36189,64044,70201,78314,88342,77443,40222,04228,64154,80117,88447,65234,35314,45331,35268,82051,19285,09273,38340,39007,24505,67072,25185,84034,52021,12194,47053,26178,04032,67482,39177,19063,64537,62611,18101,25633,10417,02068,69182,51173,21370,88320,56190,11201,66231,78335,60513,02426,01342,21399,57563,59022,42027,31262,14254,62729,80401,53047,38404,30025,04081,55157,11094,34319,12176,57026,62083,63398,62391,74244,79183,32013,09055,21229,22144,14520,32415,35193,08457,69058,70053,80061,76203,45278,76140,07346,67369,02235,70479,01083,28050,13098,54403,37119,12247,23044,11285,71488,62107,17403,27572,61118,18144,77415,18108,71310,80726,62578,12115,46081,64187,18181,44097,57165,68214,44066,63182,61463,67258,34232,43030,70071,64133,46003,63397,32052,51636,26244,97122,61258,35064,14427,76347,03167,42112,76017,25090,29266,72087,62891,23183,22296,85113,79319,07178,85189,15165,43100,67225,11319,09052,07274,05110,10293,52370,53187,24086,34218,51375,01033,88095,55561,79046,67070,56075,18180,77289,33199,58064,24442,63084,57600,43064,87137,81047,32257,85011,45270,27421,06146,33203,24156,34133,79117,57028,46011,10375,35256,27205,24268,16350,14747,30352,56113,14535,46152,14656,36149,54393,57408,65320,70547,81177,71116,66086,05052,62001,10035,32216,03251,43078,13048,68317,39205,2A128,28014,02083,02352,59196,70189,63356,76436,38162,26287,80300,12199,49368,24087,18279,56146,16237,23134,79061,34052,82107,64109,11071,74061,89289,46225,35041,39234,02340,59521,26027,2B173,02094,67350,33246,06062,76627,88265,76351,89225,21403,76100,39122,86100,34241,62523,46118,25497,50425,14605,60538,76617,19033,70417,89068,38113,86182,07302,68288,27480,19011,36102,80206,62250,14106,76220,85190,67317,41007,07206,60286,17054,44073,63422,55286,54465,97207,51605,05136,44215,10335,80513,72259,29297,35337,44152,39273,47260,60464,02073,39445,28277,33038,53111,77096,11004,67068,2B201,76490,68141,32238,45196,35128,09126,18051,26257,34313,43121,79243,80358,02560,29276,38361,66188,74083,62509,38073,21321,59251,80760,97617,79238,15125,63443,06122,77098,24318,42256,04245,04055,29037,85023,21148,80198,25335,57003,89211,89306,02536,03249,70263,79106,52258,77007,39002,09120,57090,22387,33245,65223,73307,31494,88428,05064,14021,38552,21279,55229,33227,39248,59067,51355,62683,10245,57123,06057,05086,44188,59491,47184,72149,68385,33083,64302,30258,62906,60363,61352,76324,68178,46169,78385,47030,19153,18127,57351,62733,87179,52358,68069,28124,24254,41100,85276,39210,15219,69193,24260,32191,55430,83135,69107,37145,17083,66038,21284,69059,74176,02263,38172,76465,47003,38082,77043,84147,74269,02784,88021,49160,71366,49215,17441,26330,63254,61037,65351,42154,89355,83032,02346,62168,38070,57194,11207,51277,19270,58116,17231,06092,70302,08275,28140,35176,54322,02084,32393,02453,67348,81099,30184,56136,55497,24196,51441,17304,88253,39297,51231,36022,62479,27137,27482,56261,02481,43105,14614,40144,25524,41059,16167,07026,32399,80459,24015,57644,65399,05184,02006,39507,21421,42096,44154,62020,62859,64037,60641,85246,64330,59647,54586,60030,61442,95566,57508,49260,46053,36125,41119,84022,69173,58235,72348,52414,62815,77082,39052,89319,39405,50196,25306,63403,32464,61240,26359,45132,04128,79331,65047,06110,80067,26005,81208,88361,42321,76348,39149,88354,59500,18029,84006,25124,32289,17340,01073,42163,59123,08497,29002,84108,65175,23118,42046,59465,31391,42187,78516,71470,24330,28137,36211,11314,34286,78285,19154,78320,27300,82123,84150,16192,61387,21076,38057,60014,2A070,11282,29249,08367,47161,22005,85267,24193,54232,65402,71029,32054,62011,76365,78364,02777,54203,81100,02414,02817,80226,02384,21161,08186,46212,62844,24132,17193,22291,49307,02044,66193,31205,07223,60081,54491,72192,69065,57422,74058,22117,02452,57647,36218,27224,27664,71480,81236,65321,18176,60611,56086,07153,70330,76618,56193,14558,58124,49370,27505,57060,21309,61396,01322,19018,32175,34277,68174,16342,61221,25517,05129,49323,21338,71324,33235,72047,27681,02145,88291,65285,84026,76463,62746,77207,34087,81068,42315,15186,88445,58118,64217,62008,31251,81295,49125,89013,86171,17303,35103,82065,56180,24370,37061,64440,51140,28052,27055,73157,74201,82157,21539,63233,47262,41253,57273,08247,07091,80372,71037,47308,30161,12221,61277,57074,23043,76104,27691,42278,89387,27565,32425,64275,81323,14266,89069,56085,53123,41176,58043,56096,03216,72008,88099,42184,54047,2B081,40153,76709,21268,35274,21331,25160,65117,28032,58001,50227,54185,08302,90048,91432,06109,34285,67036,18136,19129,54549,07087,26228,33432,74034,52352,56245,11238,79102,50145,61023,88431,14419,67420,77352,14536,57586,06159,54410,39106,48144,89067,31509,64504,25149,60123,62373,15232,61259,21705,90016,39204,33493,62149,88406,02363,87116,10352,56093,64320,88416,02264,91129,01428,15167,46242,83018,54526,2B037,88518,48168,08003,65104,36007,74298,58152,80683,22028,50428,80171,63074,73030,40059,52365,37032,17314,16065,06014,67546,70582,31098,59586,77463,78162,06112,25058,37027,71175,57255,29102,26113,04162,97308,31365,25072,14001,60078,59300,33163,51549,68360,59043,59662,74089,36028,02757,67182,80259,13077,11350,57614,25187,02072,95271,27117,46270,34206,61450,35270,25516,09094,31305,66191,72297,80298,73089,02472,10149,65301,81322,51543,27340,49112,76725,76547,57409,12146,56175,56160,87036,79230,55278,69135,79303,02639,10316,55274,22029,33100,65061,62254,89238,85127,62802,22217,62772,81190,50359,14227,11160,15250,58035,2A211,01297,89466,03184,51499,62022,21367,23221,74196,31183,57343,07239,25507,61194,60044,2A060,57323,62630,11438,34029,60530,95205,29093,01373,59295,80169,51143,31182,45297,64148,57475,11127,76430,02764,21710,01171,52050,09293,13043,61415,21341,28227,28335,71581,46046,26181,02663,62617,45340,76105,25071,2B187,54458,02504,02324,24183,02619,80589,51018,59377,31402,89059,81246,60242,54085,58153,66025,63445,88319,11200,78255,31227,21385,54260,43101,15255,49353,62740,10203,67115,52535,43107,04121,41292,76362,94069,57139,59308,66152,76459,26298,59060,52311,67146,79202,91338,25257,65244,60190,33215,70258,58291,17163,34128,71024,21638,50256,28182,73217,32007,31055,77095,21079,64425,02135,62901,80766,54214,25469,36060,85143,76631,61153,34159,62267,39579,06021,64416,63108,89427,40230,10359,80732,25004,51154,79170,67427,95309,59267,15157,29019,39322,70096,57615,87202,31197,09332,68296,58290,83092,85301,16356,31176,82112,27501,55137,83147,69085,70512,11180,44123,05182,01258,50401,24168,59182,71028,31579,87192,30035,73099,25188,14384,62135,17157,15008,54349,28279,51276,49244,76278,33174,22206,2A133,23053,46228,38532,62705,82005,45066,11082,80233,77290,10068,91477,13060,71316,30034,56240,41038,24325,31513,76158,19091,09258,11391,60502,30193,52035,67059,26075,55101,61290,27252,32239,09069,40062,88237,82171,14574,78269,63085,62147,73207,54397,59537,2B003,76546,70315,33155,72278,2B121,25102,60048,24514,88473,78188,25264,50149,07285,71087,61388,23215,33095,43035,19069,52549,47316,60171,57695,12030,57326,61054,55525,04231,26078,15018,02706,22260,27547,25548,61350,47257,59319,86134,17005,89120,62167,77237,30207,63081,74216,69086,19214,77344,25474,21322,77132,24551,51009,88312,59387,21007,03222,30239,52346,81297,63003,49361,33032,2B207,41009,54380,31162,37016,24303,83093,47328,24552,43184,59098,62046,39481,27047,71439,85040,07322,21153,76352,12142,88137,95046,79048,48018,51121,30298,17181,80797,77302,71040,25048,97130,32347,67062,44135,65271,77516,59258,80446,35002,27281,65192,50450,34226,50609,31108,50229,60269,16183,65112,46052,10167,77301,91326,80734,86027,16323,84104,29204,21524,59096,06060,64118,64502,38514,30251,14474,48045,42294,02028,81326,41044,07049,70226,68181,70386,67305,32363,80308,59575,14728,80034,59351,11250,11083,2B111,45145,23184,42270,83091,79289,68384,39065,27174,08314,72135,52105,69257,32329,33292,62500,14682,13020,77158,54236,08365,08238,52173,70406,02406,64350,51416,02460,2B147,57188,07105,11090,15153,16318,42173,21090,68263,50580,41075,08429,60523,89428,42011,31333,33531,65286,40103,67016,27059,05111,02834,48115,21684,10296,83046,53029,11142,70384,61222,91662,11056,27400,69014,71410,77060,02622,31151,71013,68177,59554,30155,2A006,61479,47320,01385,12270,86257,61435,55275,28259,27052,56233,01352,09020,82184,37100,76010,10276,07345,08001,65203,77012,17241,68082,60544,60196,54466,61228,94041,35134,76211,60182,14057,74166,72168,34279,40173,51089,09301,21125,77389,2B102,69120,18003,14455,77152,15194,40156,77420,18146,23068,02418,78668,52168,72118,33445,59068,91161,04124,90105,37180,11366,02648,05072,60346,10312,80317,40324,80504,10403,25471,80505,2A258,74226,2B216,76319,46047,51215,46296,07079,55407,78474,80399,31523,62188,04099,14524,27557,01163,67486,01314,80172,85162,68002,57759,72128,76592,65423,38508,51559,51053,21465,54567,62471,76531,54285,78683,58038,02336,97414,35099,73240,60155,95675,82058,50498,07339,41232,21200,28302,70428,34104,54354,76597,72122,89388,25420,21543,2B352,32339,02514,86132,61402,31546,62829,25091,58232,09119,12015,33297,32397,80503,22268,80028,52123,09329,2B222,62548,50324,30205,51161,52470,08321,35006,91228,2B195,69233,71495,13051,58166,30024,38054,31014,61486,65133,32097,44162,03265,66010,71026,67302,63144,29044,59185,17296,01167,13112,25429,28003,73058,53243,24495,02564,77413,29291,76261,54383,69199,86140,77361,10397,64370,08131,32375,68162,02086,21265,54223,76608,80243,72265,62153,82182,62332,74308,30149,62493,07312,45008,08106,33397,78231,16073,15084,12149,88466,59670,22056,65387,44133,16362,01183,40174,72361,60102,02645,55037,2B306,11276,50398,61391,08163,23240,38400,69116,29169,33441,30012,80288,48191,05176,65120,62812,81216,64072,61038,60071,54418,68283,05022,14666,43104,23230,01444,53122,57354,50300,22370,01197,02818,40186,70103,28104,68130,63237,72058,89008,21512,24388,24463,30070,07176,86285,52515,47182,39299,33073,65107,84113,33323,64048,57708,88421,76537,36141,30127,73014,85039,64100,71179,45160,62696,78466,40082,06145,51527,03063,50272,57606,42110,02104,89164,22197,33119,12204,67103,88389,38315,60112,61384,67197,26211,76007,12165,55260,79081,01424,85004,24516,60439,21457,38512,07122,38009,35115,17385,08269,39466,02389,11279,02781,48105,28304,24449,25598,40257,57291,78623,11378,17058,12059,28303,21247,28218,24346,59121,68114,25209,06004,62526,71052,36024,56011,16087,2B339,67086,04216,33276,81060,07093,36165,69292,39155,59008,51245,62659,23037,01391,08047,82019,46302,86195,84002,28314,05113,39490,34257,60528,57172,79062,38065,82011,58189,42138,31223,38289,57049,25017,32115,40029,13099,28326,70403,72048,11302,67418,17449,25466,24522,76558,38544,28359,31131,62542,30175,34324,71255,51004,55146,89085,70394,32344,63331,39117,07100,95387,89383,60465,65144,04217,81154,68060,12170,27500,30006,37273,01009,08234,42124,45309,27606,73222,25448,02653,34270,87058,04028,69052,06161,29067,63194,62866,42113,54010,01339,02454,74173,56226,71389,80738,22362,16303,04203,67028,09290,53209,51302,68180,43051,52234,55214,57316,53071,22273,72181,95452,08199,88182,80445,31376,57286,83005,59538,91556,15074,85232,51465,36117,44077,80611,04137,31258,58107,63172,40298,88220,02589,64311,22339,23189,38480,70113,38567,79300,17075,86235,44062,18167,01068,22322,36162,59441,19059,77412,24090,17420,54366,39092,59663,59322,91544,04202,24024,51459,24282,46288,69083,27116,02428,15038,58072,81225,54305,78034,76268,51406,46136,90084,42121,57509,17359,13086,02029,52335,42052,32150,02659,74143,38454,50181,57096,45086,17450,12080,74235,50296,01310,05140,28251,55574,36026,19279,34142,42033,59472,33460,34153,09185,54117,74101,15187,13033,54496,24563,67110,24426,03241,31072,76752,45174,60700,54556,03264,34320,38548,44128,60570,59438,85182,54261,79251,64452,90086,14648,27365,27071,37267,56032,65049,27441,51187,28040,57654,50564,29259,78437,37008,76114,17031,22368,59019,51339,22149,01284,08087,02021,60662,82089,77161,19084,24021,70102,30115,89229,83007,58126,45266,11031,01077,41274,25325,76071,40124,59252,53115,85255,31206,70519,57161,42172,40313,69145,64179,40219,25045,64436,29114,45197,62049,45220,54584,56088,17424,88443,11399,40183,27672,08170,24509,74015,03273,47118,26356,74280,60602,45199,63109,23229,94073,17150,26355,10206,27333,31084,14026,02509,64069,03099,45330,60087,39180,14397,43172,21624,15064,42293,61510,35154,2A198,89254,73135,30099,32277,54164,55295,69108,08171,54200,89255,12300,22294,08463,76113,28064,10144,17395,30252,72340,38228,73051,71284,15051,10058,81172,78062,25440,18283,47188,14591,31586,11029,62808,58134,69151,45121,27021,76667,14196,07056,33290,52545,69282,38273,95277,57705,71558,12089,54562,11228,56102,34213,73159,77374,78089,59489,59624,22062,71111,52016,81014,38382,88087,85034,65106,86081,32272,74037,62223,04034,62787,26325,01396,47140,02740,29218,76133,62426,03079,76431,22237,19115,62340,80102,52109,54103,86126,46317,03038,21599,79007,82059,63262,27531,06028,38154,77348,62583,59463,25229,03075,22113,21144,24120,68287,70052,01202,44107,88057,80514,27217,80623,40318,70177,76628,73280,65065,88245,78536,42055,77159,04033,21335,80743,67548,65241,18205,38297,82032,21328,54501,23223,19009,32208,76522,47280,71472,71010,02676,07184,25284,10219,69289,71041,02195,02358,54002,85102,31074,14685,27413,10406,39267,88074,71578,50094,53184,28080,28230,03180,63371,89367,77048,11104,09048,41254,71127,67260,87087,81238,42337,08373,81008,62423,02345,03256,16264,72126,95483,01017,27467,62640,21402,21058,49056,30341,22082,71132,04235,31260,65127,02153,32211,28161,60107,62177,89088,70369,28410,35259,67372,38319,30066,40276,50124,26137,60499,49050,53133,82181,17227,64145,88119,64134,42222,65471,63452,59074,14346,57664,80661,67073,64301,59453,22348,02206,24289,61436,85273,80773,26021,50177,64340,18234,26125,63115,71502,59629,42040,52140,72170,77139,52206,84057,14238,02532,55530,84151,66150,80522,25442,31560,32023,76493,01378,60376,72053,59093,30059,06018,88433,44126,63146,52214,55536,14748,32342,03196,11028,38003,89443,58156,25217,33465,22227,24340,39337,47029,78327,79271,27487,45101,34314,70340,88531,36147,60524,59565,47095,28310,29156,57106,11149,72061,10103,50058,76132,57605,02543,62071,14698,51389,86133,28247,54441,22086,91175,86274,54007,73175,80708,30344,64010,45198,58018,33458,37098,65460,41223,60695,46129,84143,59596,90100,03289,53172,14327,72310,89083,81239,24245,61456,21253,39088,18112,07308,65034,86242,32315,59357,2B346,76210,68074,19242,85169,04049,39350,01024,48146,43267,57417,57453,67183,22282,12281,65470,59613,26300,60024,60280,80320,77046,52121,61386,08425,02090,45028,65118,69383,08459,08206,64374,80391,97356,31105,62396,42251,49291,22310,53009,70026,59610,27233,54314,18006,52183,83019,63297,12108,25318,88122,70427,21246,83003,31065,14627,39055,65274,14257,26182,03086,76316,09065,40134,64206,03237,35363,87059,89452,30073,52423,56213,07128,67425,83146,46195,51193,57383,88035,19272,13056,57673,12195,76288,47164,63067,23234,05153,70537,89345,41245,29217,01035,10300,04190,88005,32202,54081,87032,62015,85238,73050,65184,08356,81079,55071,58109,22036,03172,58287,03080,60461,29257,46188,74261,60654,87041,57419,80821,80432,76678,80154,86197,17063,63462,11437,76748,47019,57668,66126,22221,14719,33105,60262,92009,64445,18208,51601,34202,55106,91359,65435,55300,65273,73298,87051,52142,57160,77296,85140,22380,56056,43157,08130,52425,34097,45085,71459,62755,31018,02451,35013,60240,71462,85196,73154,22346,63382,10421,38053,32164,29123,33519,02288,62345,50096,31244,18121,32311,97406,27579,02100,17265,16155,78082,22343,55159,51045,04233,62120,85290,59433,85031,25555,39014,97423,21041,65371,07117,74117,31497,60020,11166,71464,23219,24383,21089,61401,2B025,80104,54573,09241,62322,80222,07257,58279,55346,68088,80533,29141,56231,63249,35275,76395,39078,35046,27538,83064,46192,32366,88370,79343,85153,62572,34054,63444,71030,14311,58099,09210,81255,24493,51560,22026,2B256,88311,25511,63309,61229,50326,46330,63351,76502,25213,60177,16116,54192,72349,69060,64500,68235,54061,91377,27597,82119,84122,24030,57669,64439,80129,24425,28352,39049,34040,73267,58089,46097,09096,31393,89277,10330,83068,01106,72169,27399,80659,19253,25537,69039,70380,72218,29206,38104,68376,91179,57036,71297,48173,89126,54153,63128,50492,31385,33354,80246,35347,07045,41004,59432,55199,56030,76573,07088,28126,03028,66096,76112,12187,71523,18223,27534,21211,56117,42069,84124,42001,10012,67495,01295,14034,88006,35307,65090,45052,03071,16212,80424,60331,55382,39108,55555,68122,61111,11048,08277,33293,81210,21207,70083,46002,57566,47151,09205,59336,64188,55340,53117,78564,31571,71362,51547,61444,64161,90067,36182,21030,16162,91630,27198,45168,04220,65481,58227,71342,89274,60403,68106,56123,57152,41207,84028,33504,59126,38291,26019,32382,08363,31400,64067,82008,52378,10174,03320,48054,59410,27246,47230,84146,31117,80628,10163,57099,69190,59576,73179,19035,67161,15049,33336,76574,76032,76330,39223,51392,84121,62505,46117,80249,59159,11112,59541,60632,25183,08351,47045,80779,21293,01383,34280,57544,24243,62699,86226,91044,80279,27660,86029,14645,46160,58069,66190,30310,48001,51582,35345,59549,38265,58039,64272,27483,64137,73048,52316,68045,88128,49278,39288,02610,45183,81040,48004,03027,61139,57379,86138,82124,21663,80520,60247,10118,62427,31071,12263,25104,33407,89249,11364,30231,86014,02492,86084,65344,45180,57169,88442,72040,21555,23127,55188,71275,34207,91085,80679,76173,11139,61369,11122,17423,51229,07134,50253,62208,44105,33232,30023,31265,50448,71220,76451,28094,11119,66029,70378,58174,51043,03183,10287,48158,30106,02726,08465,68308,65129,88248,57289,08142,28065,06080,80237,69203,15154,53125,09082,01031,57395,03314,52375,62571,88132,42060,55495,59514,12153,50521,60325,67009,16396,59405,42039,52307,09102,61300,69035,30314,73285,57712,51393,54173,34016,46273,04200,43038,10123,47026,45088,71256,67552,88259,80352,55035,83048,10082,11173,59390,79329,32221,08235,40038,45126,17328,10433,52267,25393,50078,22119,76118,2B260,54195,15244,14248,45064,57679,67130,12023,80598,12013,31157,15124,67081,10230,52199,39245,07094,89332,18081,34120,77044,65149,71144,51646,55242,27375,72103,07066,10136,87056,40001,38394,11360,18126,56090,26319,72125,19222,60178,84055,82062,41002,08075,01165,25395,57219,89227,63414,31097,24084,76036,42320,11380,18030,77410,09071,64377,89228,55239,80664,24356,33312,09039,88512,31467,54379,53212,56100,15123,71166,80780,49200,77229,62504,31112,03156,05046,12208,22279,70137,11133,59567,83107,62679,38383,89146,68373,02286,07331,18053,14272,12239,85293,62851,89035,14546,12113,45098,03061,02123,25357,64018,30300,88153,59637,68021,10333,45222,29007,51252,30113,04142,02628,38179,11303,26296,16171,27615,58094,21572,11177,09171,59315,65009,61260,62889,25040,56249,39253,51595,14198,13013,60554,43208,02357,10270,71423,74258,25562,52161,47256,52034,38562,51152,30202,10142,83083,65389,59436,58108,72144,36128,21327,81151,23002,62833,62682,70328,41039,28123,17145,21162,39262,61020,63441,89134,69130,63288,67347,28109,51057,18272,37178,46262,17380,43098,26173,69118,62615,08077,40325,35240,65455,80481,60260,68104,35263,55562,19057,21132,30104,02099,62562,28330,15108,59469,77120,09106,2B246,60648,26055,91122,38479,79267,31532,31281,52019,18225,64418,10104,83022,67371,81209,17321,02707,60702,73023,61014,88330,35305,42328,88434,35111,26079,29142,86011,60411,27464,67359,52376,13031,69012,59620,62789,2B225,31107,09292,31139,01174,59374,01364,62677,08398,22013,83111,02766,52401,38324,29036,07103,76129,25235,16026,77431,45006,77523,55399,33150,11206,40270,66141,70494,78233,81187,76204,50312,59632,33049,03111,89438,19102,74288,88412,65218,11316,52095,48055,54600,76570,41233,58025,85268,77440,22148,02545,31261,69293,82024,64193,25462,62655,63060,51420,48009,77089,83105,77298,36227,89184,76308,65197,31009,14672,57506,02091,2A322,77355,68252,91408,55570,64451,40069,86001,31384,28280,14738,12057,66137,02131,33433,39385,81287,62244,28198,89300,12258,09197,14663,65338,97230,50575,66043,80545,59260,08407,80595,71236,16157,89475,77407,88359,89268,02075,89066,68347,02283,33408,52271,11233,87015,94048,07142,89206,51576,77191,23242,01319,82147,25006,09163,70309,34062,36200,43230,57270,77156,57359,39039,73069,33449,08460,64233,2A259,47242,64143,65375,39139,02761,64258,49171,87164,32002,65290,62175,16353,67046,69050,76303,59271,22150,65405,82035,21408,15118,54217,29132,57168,60106,18198,62474,38358,55033,14657,67218,39451,59137,25219,27363,04140,32199,70268,59341,31500,17348,41107,19231,11268,76052,68355,21640,74168,82194,80400,59285,54110,07284,79040,24062,14679,49058,10400,70358,55545,60434,43197,10033,34189,82048,08316,93031,55142,15087,35164,23158,83118,71252,38159,80378,19261,70007,76087,09166,89441,60495,60303,63245,13003,18068,55049,2B143,02188,06140,28425,70533,54428,68215,13205,50215,62822,64174,90010,22212,30246,61484,63434,10363,77335,70433,17129,24102,33005,59241,62486,61265,89403,26314,10444,39272,14504,62721,57411,72197,15237,21350,39102,87150,32441,82137,08500,89049,80225,31171,37223,80655,57095,28143,12212,47141,66084,83148,2B138,57373,37166,07152,15090,27598,26212,16125,10306,34102,08055,17301,80529,50332,77128,62715,2A114,80744,80312,26183,02500,81016,34088,76265,88479,47301,21195,19280,09266,24073,54459,77424,59171,15175,62748,24009,80669,77023,18050,70224,76254,08424,78404,80754,02621,28037,79280,01329,21258,67093,77425,19196,89413,28202,52495,38494,01241,25136,61010,51014,44117,60008,28374,54408,64082,52165,46245,38213,11249,2B047,45010,02158,60122,63423,04013,60312,09214,60318,26312,04054,71529,64479,14353,86254,86248,31300,85226,11162,43040,33158,63145,45244,62478,57264,10258,86264,80082,78267,21299,62076,25256,23241,33250,33535,52539,54302,01037,02574,15222,17225,11310,28226,02801,80747,41199,19211,43048,38350,27345,31369,03239,33097,62827,29090,25470,62850,58046,42014,26007,21709,15011,77049,39237,82012,88305,71293,19166,80019,76676,60431,88465,17439,60026,64383,80807,08288,68182,51379,67001,71396,33153,32161,08251,65209,01028,54532,60064,32325,10160,41077,80037,57093,72046,57531,88083,07074,32183,64034,72005,11192,44116,59297,16011,38381,60069,55444,36217,95257,60679,73036,82061,11226,35212,44161,39081,47206,02660,88338,52480,57540,25057,62093,27034,83004,22204,62430,59604,48077,30008,41061,70416,06136,40247,59366,35199,36126,32462,38380,11367,76138,41246,64253,57271,14598,64535,29187,17429,02720,27318,33530,88206,59461,71526,07136,77222,91457,03321,89202,24165,46284,02768,65086,05130,51585,50052,54174,28392,52452,42002,08090,43116,89105,81059,55398,71259,14622,02020,65476,61275,90058,47160,30119,15103,90049,66067,08411,37187,17073,17344,32467,04068,14626,55107,21287,39573,2B058,40034,51181,09186,11345,32119,72057,02477,14527,10018,42092,57228,2B005,46279,87200,59080,73098,15105,59307,08133,70236,65398,38387,32364,51610,68126,55326,50376,51557,47286,88230,46055,54177,82191,62156,05026,33447,25249,29051,62106,56164,68377,71199,16020,70555,39336,50556,02792,59293,19058,2B009,52500,70367,25371,52045,01281,29099,21252,51295,76718,39568,52157,80786,33355,62192,64101,91469,33478,67471,79189,76230,45146,46257,08121,60668,38232,51550,63098,67404,69097,53170,56205,89029,15001,79005,02529,62650,54256,03181,34147,16088,08342,57569,54026,60290,76681,55246,65262,81298,60029,15130,52093,59261,63051,23119,79001,70404,59326,57468,95074,02299,02103,51484,29234,45320,59546,68078,25300,16398,51442,64218,73282,60616,55263,55462,74127,46127,95328,60045,58004,89369,52243,25285,54483,74170,74198,51191,74076,51574,18252,10098,31526,38047,22256,59337,40274,88276,04027,33418,63073,52503,85198,35315,91041,02516,60561,58053,25401,87001,43220,77221,56202,14461,62587,21537,80103,43244,22283,64056,46010,29075,62201,10178,17155,33384,39497,17127,68356,29041,43265,37052,09152,21459,89124,49002,71089,62823,59381,77528,82139,54129,16195,21592,31345,57052,62161,71218,63167,15269,47100,27511,08039,65035,57309,42031,76383,08115,77512,51433,72299,30266,76741,09158,48079,74029,38288,80048,03103,04067,27106,10049,12037,02497,09225,57456,15012,25308,51124,67315,63126,49339,76548,63430,40126,07192,69212,62115,50596,25088,79197,52326,65297,61070,25572,55299,43067,10095,77163,65284,08214,72356,34315,38144,09284,25392,44138,72257,88183,24064,37216,65198,26172,71562,25378,85178,07280,60077,94016,82150,28055,52348,57656,43103,35219,48002,62638,29288,16197,28189,08372,61143,76023,76293,31241,88194,33309,72145,66034,27577,69261,19128,73254,32301,27397,54249,08449,63335,54144,69269,08180,55097,25499,52064,16213,62693,51122,22308,42123,12033,05107,13203,74071,58070,58200,32403,27569,46241,57541,56238,14134,33405,57159,11148,73201,02667,35157,73022,02704,27610,08431,64423,33482,32336,27241,19143,03138,21170,35325,36207,66130,2A278,65062,02175,77383,02636,38285,55358,88477,32230,33144,76647,57661,60253,41229,30162,31161,71103,2B307,27171,45185,25147,46215,46074,62252,03062,68076,17286,34091,75103,74190,26242,67177,60650,10081,23042,26232,38332,66040,88190,14334,88149,10146,39330,19036,39066,85144,76270,24232,14408,13074,2B221,50639,83149,84074,59603,28322,11007,21227,45083,41251,08211,67309,23054,88481,37116,78124,08176,71363,51500,63269,2B355,62888,89010,29131,80302,47103,57198,97210,62864,88044,59206,57044,28353,03130,54060,56053,32451,82081,30016,92047,74208,76062,28169,24163,58176,10348,68213,26013,2A266,59178,23262,11205,80793,59394,40184,30285,31061,57441,70022,60629,80525,38091,41063,63161,32085,11167,24471,31144,78624,42247,88318,02152,66033,2B123,89346,64062,03214,21407,35222,76377,59568,01386,60161,76304,08085,80604,26196,77075,03281,42101,11198,17081,75115,57697,64313,10302,57201,80582,33529,47058,41259,02210,22024,54391,52208,34235,50562,21270,76480,81266,57602,57410,76535,47047,32051,89183,14512,63392,18287,01362,74065,76251,81165,2B162,09325,02488,43232,60009,89303,30097,21313,71213,51581,29074,09013,02327,24559,17070,62899,02386,62002,2B007,47131,01072,13102,60508,47154,10210,44187,52301,28414,09016,70098,85086,81071,79120,88524,54534,12060,66117,60351,64314,02495,03077,47290,26138,55215,14329,88140,65189,35174,24519,40096,2B226,78220,43075,63442,67531,38074,80618,65336,81258,91103,88242,17050,79161,51410,45263,88324,73138,62392,13052,2B219,66201,65448,51007,82067,80062,73245,26063,74160,62483,61227,76069,29183,71151,71248,80285,35093,01261,81308,72374,39130,57006,38515,25022,40047,73329,91272,21187,59420,30289,77181,86077,64065,26003,59665,59396,35309,81077,14258,25349,62379,74041,52433,41074,30273,60472,88202,14759,56159,83085,25491,02111,38157,27210,65068,66161,09075,80697,52204,09046,62671,52534,80216,25582,24153,34161,50531,91145,17302,18031,16181,59270,80268,02717,01448,38198,95316,80326,12303,55487,02265,40187,93079,36171,16209,26152,74044,71341,52163,24146,40275,67050,2A048,74035,74105,54358,37192,19283,65097,63260,02736,21312,59168,34344,83042,67468,95144,65243,08397,89131,32140,87011,06107,76744,37155,37212,30271,21636,17069,01305,89205,26382,28260,50413,91479,58228,85012,60562,51444,40209,39271,71119,24313,76172,68103,34051,38524,03128,42307,80741,54137,80474,57314,80146,70060,68183,85211,71430,40074,2A269,37233,10224,35255,16423,67108,56165,33307,16178,25122,14280,80114,22106,05146,55080,38535,50321,62810,57601,15028,54579,76474,91225,80381,53276,47246,53079,07169,88249,02043,34082,40213,24194,14390,07186,76622,63220,14400,69198,77202,69258,64138,51262,19098,65103,38388,43088,36239,06096,31537,14716,15052,25510,60534,76688,53211,80362,72275,03060,70219,56040,21480,63340,60007,54398,38492,25607,77111,57476,52074,25389,16005,16390,79283,77332,86118,60449,66049,88186,64075,19181,28268,76567,62258,79130,14358,08339,76556,89328,51132,62508,11323,27095,67076,23083,95428,80558,84067,38226,47090,90088,63154,32279,76228,89382,35017,22045,39042,69134,38237,69153,54436,36212,11290,57678,49378,67121,65091,30135,50462,09066,82088,65333,95141,84076,26352,35283,33260,52543,70077,47089,08210,08202,97232,28036,24491,12154,2B069,32438,22316,72243,76263,08466,37147,44220,89223,61100,80694,69160,77354,76669,36138,60582,08477,08215,21427,69287,52453,79084,85066,77016,80135,54435,60421,45110,24546,35035,16221,77377,51409,24236,09042,77137,02728,70155,17209,2B210,76656,80144,01193,60216,65099,64525,26052,35181,88427,76716,02004,79281,62747,80733,57687,35205,38540,54140,10177,54324,57097,27065,55514,25541,66182,55168,01111,24188,86128,25254,62544,62713,70089,02076,59641,31521,62099,51293,80006,02517,80307,41008,77356,38001,68093,52001,32465,76378,17190,40229,51136,38186,88365,2B149,11159,62579,19264,07232,67274,51051,67234,35277,21581,18286,41041,23063,65073,86275,59389,77100,78290,71155,36244,71181,54378,41085,26169,97424,64103,76171,30299,79127,14530,72142,77306,42192,62158,38155,67105,13066,74140,47281,53126,87016,60614,05095,47007,85126,62104,24331,65447,01053,44193,73220,62374,33468,30325,17402,33300,63206,64427,07080,92072,49292,88521,54237,80354,19093,77462,27694,57205,08139,38132,24336,62096,85245,61492,27548,39470,62003,17118,35262,60680,27698,59273,40138,95572,35184,55117,35107,12267,67104,30220,27139,77521,01051,02398,37010,25112,56141,31352,59244,26166,55261,28265,70127,25012,34117,95151,33511,39574,27641,73131,56234,62082,60093,97105,09148,16042,03185,78194,16203,41140,42048,91156,73197,79091,76582,43070,67333,88297,57348,74036,32406,65038,80428,29064,54148,62056,72372,88145,31132,2A065,40242,59237,77047,53151,71534,46187,12102,57360,88224,32058,65004,14088,77076,80017,64236,54046,10208,72379,24396,25189,54518,77451,45345,26128,70353,32313,71411,21094,12264,42274,22257,65037,67151,36148,28102,18261,16413,27033,66006,70531,65324,42206,41058,29163,31465,27631,63273,76757,89479,19286,77258,72146,36139,33193,42012,54016,77008,2B251,11184,73106,77367,57048,07197,78030,27213,95563,58203,62327,39342,06119,58271,70348,24096,43145,27019,68127,77281,90045,80719,85033,51088,31166,08370,34216,47129,56191,08182,31090,54286,21464,29061,51341,35014,23246,54111,32395,66022,2B350,03076,62297,71533,88288,54377,56201,02561,62512,71278,41136,21150,59202,27289,38090,23021,28075,65211,59507,95054,59508,68371,19068,36113,65426,2A270,08034,95139,58163,71016,42290,42185,18020,89212,95301,10077,33178,11246,89287,70003,62728,82167,38386,88125,80201,12034,72342,77034,88372,12157,67131,89331,69136,89071,14619,07063,59257,11136,38163,55102,34303,15056,36132,52125,91148,70504,26035,78311,28426,85022,2B059,24115,86234,38018,15243,58010,80635,59015,41103,60459,42102,22152,06111,63116,85264,03145,63387,89033,24029,02289,80123,59666,14322,06124,34166,21387,78224,61077,32162,61487,27226,57636,46032,80292,25024,26378,50200,57488,47191,78531,49155,67451,17258,07240,83054,55581,62028,74030,14150,14006,40268,51299,45113,41022,76253,47252,17153,86018,76271,21363,69181,42199,11014,54240,64321,62081,74259,25181,14630,08249,44113,70064,08110,55371,80550,43034,65381,31489,79088,62386,54091,62184,17180,41206,65384,09136,71105,55474,64389,32292,73001,48137,89012,82083,90082,79294,66185,73183,03274,34144,48130,41046,36076,21374,02429,49064,80139,91137,35159,80205,32139,89200,60550,59427,27199,51590,16369,33446,27682,56209,39058,31472,78368,2B050,80155,13213,59284,04164,80466,50519,12215,71372,23145,65191,2A130,14183,73162,31042,69215,77403,38277,64073,47054,63301,67067,33089,87093,60578,30168,91106,72249,52220,35194,79123,16281,76467,05016,56236,64287,66172,67306,48152,47132,80207,19248,32134,93049,55463,69149,45130,30153,73248,21070,53256,52284,38527,69184,57320,30151,38378,70031,07037,62369,09187,46209,63193,65459,34168,57390,16015,02554,02240,80044,52101,55470,91248,85076,82052,16285,59667,09260,74155,44028,85014,68234,35306,09300,66079,10272,61145,21339,53246,2B344,09089,54005,42077,69163,14281,27617,2B263,86053,58083,27177,32323,44049,71406,23013,16131,97101,31390,77262,69385,29021,36153,71524,40240,81178,31094,90009,94071,63285,31342,25244,27477,54583,53160,28001,59299,05179,35294,62496,57208,51322,02350,93050,73286,60665,67448,02095,15225,60006,86290,89335,73156,51487,23077,49326,07161,77243,16316,62598,80606,12003,12161,38286,56124,88505,21686,57176,58044,59358,57505,33360,46049,60522,56186,01399,80360,54541,50423,55465,30234,77087,24225,47171,60267,81199,22069,51524,51649,81198,52179,89209,52416,66030,66027,38066,70132,16008,39514,02571,70001,55403,56020,32418,28028,60663,52429,59016,58093,51415,25618,72341,03310,77198,37262,62370,89102,77015,51070,15234,01127,57338,36225,56036,86061,68357,39010,18134,02179,21633,10023,55082,43253,32387,51212,85070,61498,51378,40117,40110,81020,40137,09138,87034,70010,58098,97103,54493,64085,48032,51545,12011,11259,52336,10155,97221,12017,38416,50059,76414,80540,53114,33480,21126,23157,17003,79025,47309,88468,22340,95491,31159,02048,79077,70499,59480,73119,01232,28177,68034,30086,58097,46116,04211,37256,76175,53059,33108,01317,24429,76198,51242,02615,62564,23059,08065,40224,49373,65014,77183,84045,63393,51634,10079,68358,76084,02369,18128,35143,50563,57162,28167,29094,07018,71453,63036,63284,59573,40199,17183,83012,42231,39378,39111,70028,76309,57345,59557,04175,42221,2B319,77150,65360,51377,52056,71237,19119,79090,88499,90060,54416,26344,52353,69155,89181,48097,31126,65469,49359,01376,61095,46119,24487,76357,64444,28364,89325,79158,60323,51196,47107,31437,65418,36087,76495,67051,50038,19130,32350,57643,16079,46338,02565,85018,35196,11019,55414,47235,80453,68158,08291,67320,87204,16107,51535,55457,70579,32226,42097,76029,33404,34254,38059,72050,80387,80755,16139,57634,67245,46031,88126,56070,47105,25094,38531,77061,13078,41037,76489,79270,51270,60379,74090,33040,26262,43138,37158,25458,19052,34328,25232,89313,59494,01398,02238,45158,47155,12103,64345,62145,24565,77466,80015,46310,86006,36223,55050,40307,73253,55076,25036,01272,57535,78236,59622,27593,81173,46332,51246,55381,31082,63004,70159,51498,79276,64534,68232,41177,60055,77312,21472,56087,19141,79079,65406,89095,93064,07228,31235,60686,24098,08322,2A117,63458,02391,90020,44134,18281,71057,69087,02478,45107,10364,77449,17366,31193,76434,01447,12294,46004,60142,30156,58251,80241,2B190,91687,31482,66056,16099,28331,02057,2B250,35264,02723,62897,43141,04045,80133,60369,83090,57483,45115,60444,22366,33124,34222,16370,30057,77376,15070,40227,81053,61124,28187,12269,77040,24010,08278,26379,25443,69168,79153,18022,62351,80283,32146,35355,46113,35224,31129,21431,38211,40041,38438,05164,62407,19050,83025,41231,02765,01365,05058,25331,70063,27440,02272,12022,15208,11204,66204,24212,32081,71552,38445,73071,57648,59125,14110,81022,02484,42257,22328,86271,55207,30248,76338,68064,80240,81135,21033,78036,17464,27412,34055,54330,57560,33314,70400,02600,39571,71407,84024,08501,68327,50036,65039,11292,12174,91215,49080,56019,55472,83115,52274,48111,57653,64094,51563,76755,87081,81244,57749,03002,18116,25627,26269,25287,79013,09195,76569,28134,38448,07305,57698,71187,21323,28383,10419,65335,32114,64362,02745,01332,51055,22049,27334,32396,50647,65343,55226,02354,24432,91473,58128,54069,15013,45285,03191,41129,40023,76438,62094,17061,91390,62877,64465,86135,97134,01285,44142,64095,24458,51022,47036,28248,32333,85158,80365,17002,15218,18240,13114,29167,43264,86047,39367,24301,67004,50443,80078,29110,68284,76048,71007,71025,87119,33321,2B167,97307,01233,76162,33509,39449,76533,62321,42036,77294,11175,62826,21477,01194,27035,80342,43073,83039,36107,34145,04079,68016,32352,63104,11266,80769,10168,28122,51107,76630,29263,59560,38431,54299,39349,67173,79129,66227,38244,43206,51502,62546,74091,81235,73164,46017,05151,71382,05087,36112,02468,12055,32075,70277,11308,47015,19168,26047,02523,31492,47147,46060,50336,34237,68336,39397,14557,80410,14713,10283,46088,57393,25253,19017,32262,86225,88331,26054,24244,10135,78077,02486,02139,78264,33330,57576,61263,11013,85146,34240,81051,68279,54255,10109,59036,80563,17242,10440,73121,21143,76281,60681,56084,26085,60353,88240,02341,51238,55085,33537,74283,56223,33050,08487,37024,16325,04159,29053,91412,12065,62767,41097,22377,11060,61394,72085,91519,21383,2B084,38294,41228,91374,46086,38199,77021,80336,34194,34025,71360,74171,08444,32019,41164,63111,59660,45226,62455,72358,39219,31200,24488,61007,29017,02049,25436,54139,76512,68038,58223,08200,70573,15223,25563,02101,15045,53261,66055,51222,52449,77345,16252,85210,17451,33419,39206,47101,58142,71270,62012,11037,95181,80234,64353,82017,57362,39079,22128,65332,19210,88523,30176,30296,48171,77303,2B116,57220,28319,31188,19139,60401,02687,76318,59311,62180,02097,29034,67214,67239,04183,67134,54589,24364,81247,37269,55192,65222,11138,52421,01069,08334,60127,51164,56066,64292,63105,07069,80196,61076,62422,64274,41120,11256,26346,59175,48039,38147,95365,37280,37248,52013,58301,12018,74296,49288,59047,02744,90051,11051,2A253,41168,52438,80211,80105,74153,38345,48036,70008,57166,76063,56243,06013,22207,38087,80149,65225,80324,70187,21685,64260,38325,70480,90103,14378,66001,68344,19262,17390,63022,21651,82117,63042,33464,55518,33220,55298,65170,71245,37243,59619,28039,64342,76297,62187,67123,60592,67541,10105,46227,41179,86079,82163,95348,29298,27481,17353,51228,01058,47010,2B214,50471,54538,64032,88366,30081,28072,50084,10090,32091,39339,38391,36208,69157,38146,55268,11369,59535,50304,71174,21052,09306,60452,83129,41222,50629,33177,68147,42302,36166,81032,39061,09169,21501,22063,80029,2B043,23261,05170,82086,70254,16132,10284,89360,87188,72246,14179,14640,91111,59649,08169,88343,33492,63348,97113,30092,29196,16399,97202,91411,43112,31416,78343,34053,34042,11363,28363,74179,34031,60238,25514,70542,52362,27291,64237,70413,65354,28242,66128,07234,13007,39401,32125,28261,90030,62234,66088,79029,13080,04005,56167,17111,65012,74225,23101,63038,78407,66199,32362,16361,71554,60321,71527,68191,31282,70221,2A094,84009,46191,07157,11069,52175,31373,08196,80682,62350,54025,24027,38240,10070,11300,53040,89404,21050,51597,09057,26115,69071,65070,31487,97120,55208,38039,66046,16283,2B245,64344,17448,48085,78072,39070,26146,40310,24324,18125,08430,63207,34271,59177,33062,17394,12179,17417,81271,17444,78681,71203,27251,62338,44148,16404,28071,53069,10200,88086,07295,64183,15176,33113,21502,70459,80710,35079,95489,81048,56118,93015,08205,13211,43261,44136,39305,24415,45237,11045,77068,60130,86076,24466,33076,83036,11195,49381,02260,31232,53101,51537,62574,31434,37083,48139,13054,05160,28344,18035,08122,19256,32285,11270,45206,81252,61225,59608,87100,35151,49100,34221,03220,62032,06037,90055,60551,57368,85080,69110,64386,32073,60504,80138,23123,18177,48103,74067,29100,62751,10411,2B148,04007,27525,83023,29248,25214,54241,48030,26028,39463,11420,63256,40058,89173,58103,24247,50042,15113,71065,66089,71067,51660,27277,28209,50275,62398,31299,14137,53041,31457,33296,26020,12249,57262,97358,32286,11152,09233,62200,69143,16227,29213,85089,28397,28254,89044,27018,08468,54519,65138,68039,24175,47249,71505,03096,60469,64255,59118,70076,31285,59353,31099,88143,67113,32155,33007,55110,53086,82001,67242,62797,80688,62179,77214,76223,40077,15142,67520,16047,78418,02563,39324,59116,56263,51104,51182,59282,45289,04042,39017,62262,17343,10097,27258,34308,39366,70120,23011,80458,02455,67031,40139,32429,37177,27017,31319,19086,15220,89036,10229,63435,51452,33334,37175,02499,54224,11072,10138,70462,14559,27590,52273,19173,39247,12029,83078,71074,30065,56060,41275,47152,17468,18115,67107,94015,37108,63346,2B107,54427,34234,50552,35299,27042,02411,14449,12021,27046,53234,44146,62311,70095,71036,53042,15268,77072,55568,24392,46295,05159,11088,58155,25192,89461,24230,07258,38303,42017,57008,46340,14024,60386,59324,68134,32231,38029,77193,46219,54056,51243,44172,80553,63372,88008,50239,77030,51291,08384,65024,89446,89130,40043,62203,42116,10328,34282,35288,22008,81224,41142,70469,14375,16057,11296,84015,81126,72044,06046,88172,63024,80438,60075,71222,57179,91293,71164,62077,72089,87053,55041,17478,25176,24040,59428,27247,57764,24161,89423,24113,52359,64098,38034,11158,39520,43072,86175,13201,67453,42242,33514,25283,79103,01244,07276,02809,62669,57732,68025,09130,71158,51172,54329,17080,25186,31210,42038,39086,50537,53082,55084,25481,62171,47124,86073,24462,30101,62016,33505,60428,62881,57502,47005,59139,33190,21346,64155,60693,50463,91021,07307,29125,2A351,25279,91204,37200,19134,30214,71101,50467,35012,04143,17270,82168,63401,74109,46026,21093,03133,14007,27230,70239,80798,44029,17243,43087,02270,67331,27335,36154,94054,72152,35272,31496,95051,29290,42098,35242,12244,23227,15119,52244,42236,42131,80282,61421,07267,2A024,71436,02501,80187,51079,38432,90017,45249,10360,05081,71281,66203,06087,08323,32040,26107,08101,55410,21178,36130,58296,39551,18170,72190,23075,52124,02119,39147,88301,21535,70564,71519,2A001,21384,50495,80770,52275,52113,32455,39460,80038,51325,10151,71001,48150,43037,18259,32358,63268,63457,78608,37266,23208,60052,95088,44119,57581,77227,41109,38335,88012,64559,85105,15004,38238,59539,36020,27433,70540,90093,93051,31051,08313,79008,60243,37132,86022,89141,72235,38133,25326,27112,80164,73052,39154,64484,60150,78168,25434,68368,2A300,41282,68365,58188,50129,52347,27602,41146,31545,51095,01411,86239,55134,28090,86227,76401,70360,71006,60308,01382,89034,41084,60671,30243,65249,46069,78644,28047,51483,63446,27486,76008,56017,16146,16269,28176,64405,83069,02190,77438,09014,66151,33233,43250,51141,23095,45322,11064,77388,76060,14528,17447,24371,70040,32200,70395,77341,14124,02731,19159,38417,03059,42118,12286,09330,89329,56264,06131,61331,51336,77304,25163,47092,27315,70056,72147,42289,77005,25198,44095,30267,84129,67353,66165,62183,51027,15169,64317,04122,89014,70376,21378,64448,69124,39024,51324,77131,45096,93008,88356,73274,55100,57053,24032,21276,47110,78006,41235,51265,88257,59250,35177,10367,80310,54038,85001,63142,36248,18010,24209,77197,81044,27015,76273,49220,21652,57027,62642,90057,72031,37167,50571,50029,05071,38365,21469,01034,10231,68354,11339,41057,27504,69004,27002,68083,08331,80645,64117,40020,89163,24207,82166,11169,15092,52384,59204,76541,08306,57231,05135,59087,63240,33333,52510,22331,44214,80191,24587,62236,33086,60587,52290,54569,01175,32029,15060,2B112,57537,28309,62477,57137,26341,72362,57381,47062,66037,01408,83104,08044,06117,31121,27442,51429,16070,95582,62130,89327,78013,28421,30245,10238,54205,50577,01041,13034,02599,12049,16338,82073,77235,83020,58051,70088,33253,37031,51572,70525,09051,76289,21064,88011,69386,63151,10298,03304,18285,56197,16204,03179,55023,73072,32101,02506,93073,10128,07191,26279,01129,50511,61266,57532,61322,55400,51511,50412,79196,38077,39188,55433,77031,24581,66094,51071,81127,55386,60217,16240,70211,65361,24460,61152,76320,84016,29178,34038,70291,88054,21072,10194,21632,71509,23130,65126,52099,15083,61429,33303,76141,73308,31248,31343,63119,26174,95637,21546,37001,44026,69250,08128,68089,60466,91274,51305,47035,80407,40221,73029,72382,10388,46255,50517,30037,02080,08014,50419,80657,12134,88124,02791,65125,70541,26154,21304,42205,71148,58135,46263,29025,13006,45256,09206,21239,58078,39575,76442,80774,47318,08361,52023,16286,26081,31550,30242,39392,53094,52486,59072,89320,81137,27425,40148,84128,02469,2B170,09331,76571,53103,55535,88017,04091,52511,52127,33299,53156,04174,43132,25172,76197,51602,09268,33019,12062,45298,68131,73109,58275,40039,51137,60440,57405,76473,12250,36169,71145,09316,78164,79246,50523,74139,05045,94001,16095,27431,45326,32055,02039,09024,51329,2B168,47214,53193,54593,53181,38197,11042,64121,26235,11061,51656,01390,23254,35135,25173,14042,50518,54537,47312,12242,66047,78397,91180,45214,61117,80787,03146,82076,26380,43015,56008,19024,23033,22040,08436,81146,71431,17481,59009,59607,24554,01049,80406,77133,07188,87162,57019,76462,50576,31083,15163,67202,74049,71066,72054,54022,65046,55394,80467,08262,33457,47135,32184,17408,61021,21716,02623,33109,39280,80194,59170,56071,48073,47121,95355,61088,24339,65055,01274,39121,61319,06138,25082,38011,70374,89333,31506,14146,25341,77526,51192,33171,33185,68322,35282,33278,54270,81121,58205,66196,25220,80417,80801,81168,76468,33541,63318,65082,16419,60445,58150,08124,06156,22153,83154,50197,57464,88373,10334,76099,93047,59189,03197,74074,45154,14194,24572,28191,38284,15042,70151,55200,21711,02763,24293,64028,63292,28166,70350,57366,63163,19172,50389,25050,65267,57175,95026,32056,82057,14665,21688,25611,89199,61269,01323,66041,94059,16412,70407,21351,80415,80079,64485,39274,55211,58081,02813,16320,87106,73113,14180,39501,62284,64558,59474,68230,35001,85194,39227,74043,82160,27627,19034,15007,31021,56120,06034,70474,49070,57230,77245,80668,14734,68168,67066,57639,59212,09178,25266,50193,24052,62697,62788,60596,76682,31556,38190,68102,08454,26140,08026,15131,36095,52040,11105,11150,46144,51603,76390,26068,77359,81138,17218,35278,64510,45294,76373,80357,88451,59578,48007,85286,17282,59321,68311,67525,46012,82014,09070,02685,33053,45134,33152,67321,40246,55423,31464,69032,84117,36146,70023,62661,37219,08062,08492,26149,38160,72006,83015,15036,21544,43171,62433,51249,26245,25424,21717,78478,38175,62084,47012,53068,32190,80785,24558,16164,43203,38092,47046,2A160,02524,36058,86249,66233,01371,07325,55216,40006,02198,80408,35183,59274,29059,64471,51008,30228,66132,60272,62196,27455,26227,78423,31435,12090,12266,32447,32408,46220,68251,79350,38331,03268,16312,52405,86040,03132,55559,04107,19161,60427,51061,57657,01325,77174,64203,47193,27521,72096,37224,27463,02642,55526,88508,2B230,08027,74262,50142,31474,29256,38099,54058,18172,90090,55449,33553,38106,32374,62458,80351,25336,60634,60249,33525,66168,51301,57117,62709,68010,25508,50365,06078,06150,77417,32217,08433,59021,89092,35122,37202,22244,67186,25175,62902,33015,01157,56001,63305,38453,45217,80219,85181,07077,07151,90077,38283,35357,16122,09143,55104,17407,47099,15201,70188,57246,25476,61389,89341,60086,21516,33291,38098,59013,72115,17213,58130,62454,95592,54499,16012,62406,88367,27434,70054,59634,71285,87203,37261,66123,60144,24540,03102,72220,81122,79156,77144,03098,54120,03305,69285,65394,49367,55201,38292,49135,57465,07118,21128,21137,69246,50198,17174,35025,64399,81284,22095,21514,55452,30189,69183,19179,11020,64027,62204,25612,21272,02385,07002,78140,50151,59018,62498,04189,39557,54362,07051,74306,54485,07314,25201,48190,42312,29243,16415,51158,73230,88243,63232,24133,24273,52038,14370,23258,28051,04194,76212,02555,45234,52457,88223,55096,82072,25210,52051,72238,2B224,59140,14531,10026,24285,44031,88459,61029,24076,44196,65445,74242,33104,58221,38022,25561,45272,87147,18005,26337,29097,02267,34048,95197,02236,60203,47208,28300,50026,02798,35070,36137,44137,30077,77085,77088,65383,10162,25164,73020,43043,55482,07293,66125,02262,51514,04095,24126,33263,21243,01196,59499,60334,27180,68207,32042,03174,77318,71003,54187,66050,25359,53175,02177,57752,33436,27460,72075,62018,21134,25030,71039,68066,63234,30123,13101,05047,71351,07036,62220,21562,34012,34019,67324,76117,44211,50144,90004,62087,79118,17310,27576,65452,74302,14367,31289,23141,76190,76194,53154,11100,56122,86160,45178,77265,61026,85220,33507,02579,76620,60441,12184,54318,22030,09064,77080,83002,62413,2A232,36106,57072,52360,37246,22146,85111,21634,64126,77402,11294,24051,16018,76699,91593,2A056,43147,68121,33389,80805,64472,10094,71228,51470,02423,26136,89314,67475,35234,41163,82136,44165,10131,85071,21316,36047,24004,71060,41191,67147,87127,28401,07211,87089,72158,27256,84144,36203,02313,47198,74232,28395,70487,31271,67377,54040,29022,72286,77252,70192,60111,31038,19029,14448,81197,86222,32312,31392,23239,18248,22248,77390,50554,23051,82125,88015,42286,03219,62882,83065,73057,38108,91131,21177,19246,59661,26246,02490,10106,36079,56129,33151,24295,42107,08259,34015,58067,03085,32129,2B364,34247,21424,32228,73320,21160,54001,24434,48034,01036,59359,53140,22183,48027,19188,59302,25570,62490,25166,04244,36124,11227,58074,09313,10405,69017,61439,41156,56242,47048,85185,57199,15238,76638,80607,34034,08502,40330,01457,88376,63055,17244,12191,82195,24468,78647,28175,17192,32035,39184,80383,54413,64110,01145,62762,02379,17185,19121,37254,34079,2A040,38150,55067,39207,13103,52043,01263,09018,17078,50167,09110,72062,51056,76094,26317,47194,59330,56181,01415,62371,89283,58076,39502,47223,02173,58238,60319,55267,2B243,87083,34311,14078,51436,21583,84090,72112,64547,17364,76712,59079,78575,38444,2B267,67176,81290,02234,77249,62381,47264,54461,35109,74096,02759,08045,60252,73294,24137,36177,17470,74145,27349,03169,2B299,59354,34090,95628,04031,47227,55256,60458,56069,86074,40206,38509,53253,06083,58215,57284,21549,81144,26290,69021,26089,51294,89150,40085,91135,38366,80083,82028,47063,17276,16160,33221,02531,25086,31470,57177,38217,60507,46080,64201,29208,34249,08236,11436,31514,45224,89426,79310,60236,01441,10143,24577,89310,90083,06074,51370,66021,50478,14380,46114,16232,85250,62737,39400,19066,61371,41273,29260,59601,71231,21597,21069,32250,2B297,27187,81248,62402,67290,27518,21679,24213,71373,07081,76076,40118,87069,29262,77050,77300,39361,70165,27383,59210,10166,53192,23232,64153,93057,73168,39053,31290,57572,70552,48156,57546,74223,50594,37066,24043,11257,05012,67466,89221,19003,16306,21124,65044,45051,54082,57723,37103,2B095,80057,46037,62334,35040,57630,72281,01092,19234,01306,06007,06091,09184,39138,29113,02118,97231,89318,27350,25162,64390,29236,81230,69196,33366,68042,63419,37078,01368,16104,10368,14290,02038,26179,43079,21095,70085,54039,70339,72330,40228,71387,25404,30276,01247,17336,60116,62848,53036,57119,32293,09118,64385,41067,36198,73227,07185,26017,77518,10184,04088,60454,36049,11146,11009,24555,39112,13088,50347,31002,88474,10301,55344,85083,89063,26006,45209,71504,08310,39426,39051,91022,38259,58182,11134,62596,81145,63176,42239,14193,90036,50473,07190,46230,57737,80380,21704,27700,34263,25495,69209,88173,39398,62256,59017,45156,29015,02413,2B074,56021,91393,86269,67257,88399,81179,50522,24094,49306,50210,77103,64417,21645,78050,62280,25449,04059,65347,69249,78265,61138,21275,14439,08357,94074,16151,03236,38539,64438,52169,49347,51630,47306,76754,38263,2B013,23245,88386,70018,22141,33424,01170,12091,25087,27200,62793,47011,21619,94043,62313,82069,29082,89170,19276,02054,31060,43140,35086,57372,70359,10147,42160,42181,21610,52085,73114,02464,66048,64156,50541,54032,55122,10263,42120,80521,39535,60536,62871,01023,62643,19251,54080,52289,52069,25281,72102,33372,29032,31436,04120,31488,01124,03150,36229,25299,45264,55120,11394,86092,2B183,52440,33542,40167,12140,73176,19206,60046,69165,36062,64508,88260,16120,76070,01249,38363,68012,32424,01335,53152,51589,71553,33328,81019,89020,49283,66098,21009,83122,28368,16068,79135,51150,60521,71321,80570,51318,44145,62092,30211,17100,81264,19178,42035,92036,2B034,28403,43003,77529,68280,11357,41286,60703,55503,57341,27077,49188,08143,91399,84093,01280,64195,07268,42165,17004,50493,87187,89009,79124,80208,52237,35291,14197,39389,73087,59572,40315,76317,53089,31356,2B361,26261,21259,07335,21234,60145,02441,46170,80195,30324,07059,59150,21575,68330,13023,28380,31019,16049,2A144,93027,76658,63148,2A108,02608,24269,65114,32303,50076,62399,81101,37107,64431,57174,43214,17172,01012,14437,71332,14218,10318,53093,71345,83138,51199,32087,63282,02727,52456,31213,77437,64271,14005,45127,54149,55366,60176,18044,62151,76327,08020,70167,31577,50512,95323,69008,18033,10065,80646,27249,18049,21386,66111,24360,17032,27516,62838,27420,61081,29255,78506,64014,60473,25015,60207,27426,51059,27396,03008,89186,71421,76396,45300,19255,70057,27392,27469,01195,86069,59215,58047,17194,12107,01425,34065,63410,78202,87142,54365,38485,39060,51600,37193,39550,78557,69113,58302,76511,87168,18107,77078,70559,46235,36209,71120,42015,62904,84062,2B321,29049,2A014,89393,52102,15129,12043,07129,86150,77250,62573,52130,27589,71061,18284,19247,07024,51230,53271,22285,21698,50335,71142,40326,02734,51625,51496,68320,15033,15076,59303,77253,58173,24276,60585,16381,33348,21186,83088,03284,62419,12071,34150,07171,40019,62221,21371,01076,54402,01231,89089,18069,54481,57440,31431,35104,51515,27193,46013,11102,59379,27163,03143,95680,63196,28007,09159,33502,14394,84135,87199,61267,62331,59595,42249,77469,52228,57101,32070,73122,09134,58253,31368,27028,61360,72093,62325,39105,16105,08013,83086,2A022,57525,74019,87082,28183,89042,61217,70314,15057,28185,47258,02079,81321,64499,54571,34060,62451,57136,55244,86213,48153,80523,43006,01320,21542,17041,59426,08486,01108,26056,88148,79128,76385,61472,78245,29042,87131,58092,67445,63050,56188,68242,34220,31111,62063,28389,83075,41276,38561,62820,02794,49161,67112,16341,89469,53062,21696,09090,77357,51430,47113,34296,21197,65283,85280,14009,46108,87028,11325,56225,39255,33416,54031,70036,26097,32203,04171,02399,24234,2B227,10387,67077,08144,56157,11194,25411,27267,22182,76380,57612,42280,77427,63406,77321,39290,36219,81228,21099,07173,05004,50626,49362,59657,23203,78117,67287,45040,59113,59606,80435,08099,67412,80812,18269,02569,37060,76176,50208,70317,77093,33510,47189,06041,38343,12009,63010,86087,31338,09080,08346,90007,52076,45170,38308,31364,68194,24144,05061,61390,58217,26065,64519,11263,31127,87062,45166,18165,70204,17229,62217,81306,76472,14635,72041,83059,33318,60583,39543,46133,89458,10262,15061,02788,51174,76375,29168,91045,46320,74295,44094,73006,32437,72017,06082,73054,78576,33378,50509,57428,49336,85288,62867,66156,55575,93046,73025,26100,70294,45135,26188,16241,65128,21340,01421,80433,73007,58045,64294,30212,25355,60423,08218,68374,46058,04150,76486,72177,67154,50643,63049,26164,21147,61459,2B218,13064,2B106,22042,63082,15072,63450,54363,64099,06012,11196,11434,74021,57324,40090,38521,24022,17228,56018,11186,60219,77472,58009,10380,43060,11202,66019,21510,71402,71541,79089,39441,13027,55045,60151,39261,45076,21308,66147,25631,22166,60348,86090,65092,62694,07141,66016,27147,52459,81061,02634,21594,70244,88045,52189,88001,31125,02570,49267,59505,82045,35033,11341,13021,89324,60287,62494,95604,49338,62218,42020,21456,15247,51443,32460,34227,71073,71244,89125,31337,64251,08156,85292,72267,84064,08158,29023,52167,57597,49329,82193,02719,33251,62768,79355,88227,37111,79284,25487,62174,16035,14374,35172,39040,33127,07248,10338,21082,28305,08160,48071,08282,04092,33149,27587,27284,40212,66222,12150,08324,85295,22075,71185,42318,34089,25029,68085,58243,13045,44139,72171,30043,61316,54312,27570,43084,03081,50156,89406,66012,95660,2A026,76726,59106,49246,24119,92032,90104,42195,60054,58162,32267,84061,23015,60296,52455,27181,57331,72329,61447,22364,2A021,87178,71507,2B337,62178,76679,28026,59425,32167,70402,07052,12240,71543,10218,52321,77489,06094,21463,70044,50049,15240,49041,27098,62843,05017,31172,18276,47226,28153,45218,59585,50599,25180,32205,46021,43217,21419,13028,43149,41130,59338,34074,51369,64016,63466,11002,58191,62538,68248,29013,14426,38401,14468,14364,03190,17432,62213,52432,12019,57588,60646,51060,26082,77292,77313,02213,91578,76208,71104,38206,49029,71404,22240,71517,37184,29047,24532,01435,41121,50110,63362,59209,62875,80223,54154,90074,21035,97121,63310,58129,36246,10308,39239,76011,93062,66216,23133,87129,09234,85179,27630,36127,62315,09244,25127,27016,27488,62143,80258,73324,58194,42085,27325,52115,10024,50025,02032,55232,59372,39489,60248,23143,19157,33132,94033,53051,63147,13061,33170,53224,60408,77255,72248,01080,80165,51493,03042,54460,39008,25453,02602,39455,09262,2B016,74297,77327,48127,15172,39430,49060,95656,86211,67080,70520,23182,27343,88205,19174,36094,95280,67008,51388,23032,62786,70576,59275,72131,24513,40116,50368,40264,63432,19170,55265,23140,43010,51179,16168,10401,59599,16048,62618,55377,11106,74213,23017,52197,37211,74156,94028,27338,58048,74131,24162,24486,22255,60589,21675,11170,80121,26251,81274,59278,27242,64060,53267,77395,72319,59128,89084,27684,12116,24067,31295,68094,54136,45281,57329,41173,80137,61392,77109,15138,22156,38089,72381,29117,85003,22287,11043,62555,30329,01308,21077,02245,63271,19065,11229,33269,26156,27218,59104,97352,02217,51326,26285,97422,21440,62457,33394,02069,48175,61256,38270,02110,40248,18183,25483,57479,55436,40201,14069,01113,23081,39025,54339,06101,54364,11240,31180,58180,83044,71079,61294,16153,67386,34321,26215,08309,57589,62736,50074,71224,52390,24472,10268,49310,34008,63293,26062,36174,72225,57191,66074,54494,45164,31145,73259,97605,62885,26127,51398,29140,65400,52172,11165,77142,70062,40279,80584,62044,88295,79210,50184,72157,02557,14687,76257,65431,65190,39134,80603,55225,35152,17186,80306,11068,10141,77268,02440,50082,35089,03053,23149,71117,57126,21230,68382,80576,24148,25467,34268,88094,32330,38254,06071,95493,39468,70122,33131,17102,64307,62645,87182,56106,72326,43170,87130,38425,39538,31367,71287,60180,33523,63385,29133,15203,27493,34335,93053,24069,21681,90101,30283,69126,77276,61068,17116,80804,67478,62319,39153,12175,73241,51017,17009,67032,45025,24057,76179,29220,54098,65412,23176,64160,30233,03209,57578,38460,89094,33207,73090,30170,05134,02056,43169,44046,64546,79147,39119,01090,69099,62328,08168,21111,67286,62834,02353,54029,40050,14760,33056,07304,80713,19177,49036,37198,61150,14735,32232,55335,57218,36071,46034,63311,71238,64123,54230,24006,53099,91114,63326,2B045,04132,63400,72088,02402,37055,67409,34208,89165,30055,63186,77409,40235,27130,87050,01078,87145,09062,38446,32357,23067,15063,60575,60119,59228,34134,11261,79308,37197,10438,88129,43041,71090,78337,02533,21056,57753,22373,09319,63353,39203,60336,11281,37213,37168,50008,62144,54440,30302,74100,60310,31136,64400,25552,19243,51632,91634,16359,52194,46098,2A035,39146,57178,64107,60581,35252,57446,02815,02712,86038,32144,87045,33420,34192,88051,62842,37171,34196,66036,15256,88517,54525,76343,74305,72137,64434,18077,21222,53164,42143,88488,38349,63135,24210,16337,61482,11389,25320,46233,2A158,61502,48086,42115,65376,47068,88497,11402,62553,30178,33210,62281,10342,80076,56172,02063,32133,71441,25536,76350,63159,67228,50182,10176,29173,60511,72339,89208,32031,37113,31326,12210,02735,48053,64524,02754,11015,57442,31477,19116,62326,58082,17112,16352,06065,63079,53077,08375,34284,89245,25092,76750,50479,28154,48063,35208,25096,65025,41215,39293,72161,59290,49358,66171,62277,80639,71484,64019,94075,57627,79274,51353,04207,35284,39266,03235,70014,59088,67467,18166,59050,65396,72174,87109,51206,29077,30327,63339,81169,83038,15067,41149,31371,58289,55288,54517,73083,60374,32241,46132,71208,58311,45157,57071,17029,25427,63092,25374,37087,05011,33486,16025,14174,57227,77110,95014,10037,26032,01257,10173,60480,62445,26031,09318,21612,43183,19186,89256,89224,07349,55572,62100,24316,47027,28059,56162,16141,85291,35338,62752,60099,19043,38177,55479,34011,19039,64373,14476,77138,58210,17154,02448,70408,53144,24349,03319,29289,29207,32131,58257,65466,72028,50447,37160,59005,49343,07298,19101,83151,42119,58293,60234,37228,16190,80460,33428,26148,04001,91080,2B020,59028,19082,24261,21254,88266,38459,95690,69121,54045,67540,90053,60609,21447,47126,27407,52403,64458,27062,67310,65045,88419,33295,18103,19108,14366,38525,73018,76088,17011,47186,05062,72343,02407,34327,46318,24167,80477,62528,67075,72331,72107,76075,95254,05108,65430,73074,57278,22003,61503,58139,40301,59440,23191,57317,67189,32127,65078,72228,60098,84071,51084,25062,86196,33527,47168,52222,03250,68254,21491,88516,40317,11321,62320,88022,21212,88293,80528,51160,85081,80735,62652,97133,28144,29070,57156,89190,85020,57603,10344,86046,71035,39576,21146,76746,27081,52090,62273,49022,10169,50033,22266,29158,22369,26160,61039,21538,05092,63008,54478,67082,39157,81207,24413,73299,44129,77496,32149,18257,33382,63291,47125,40223,76613,09243,74124,21520,09139,38429,78307,22251,42106,22178,88052,88491,56194,78586,23253,74194,10158,86191,78185,50482,59407,65237,63191,45329,42228,03078,60294,45284,88091,28237,60638,47069,16260,77177,50525,14658,26155,43233,90096,59651,54202,02143,2A249,57370,51599,67210,57374,85303,77118,56257,34041,63035,70072,27436,42150,76101,59382,54138,68118,62726,10429,54568,77264,31008,14282,03020,25502,52055,16106,65397,07085,52388,19171,43002,25196,2B155,60047,84133,61214,80088,77524,87012,76478,18236,44090,26250,55552,48151,08086,87189,61066,60115,08233,02274,62893,15122,39428,80740,10236,07028,14379,86173,07072,88020,33216,57092,42276,46339,95462,21591,65374,76591,43154,89133,11111,14758,2B280,49298,35145,60512,24054,25454,57439,63047,51609,42094,61036,68184,89197,11203,91240,51103,62613,59529,19106,03187,90063,03308,73152,02061,54105,50488,65176,15236,58268,68099,88344,08151,23008,71023,53238,2B241,36161,14681,68253,27391,80340,54221,63338,37250,23193,41185,21269,51066,02747,68273,36185,74066,39073,64289,62452,02087,01337,61053,66179,71582,32405,03087,54601,25428,40291,80377,58278,02596,57767,78263,30143,65391,02335,74142,14664,77180,53161,17360,71580,60114,68171,40170,87066,30307,25119,86041,04094,52393,41031,01103,57283,78281,44122,52514,08172,42322,12222,57236,16166,12301,34080,74111,04241,55066,22225,70460,33222,38298,59479,24279,89055,14226,50207,41178,88484,15027,16379,64387,54412,76370,38337,01267,85045,67149,74141,01043,28213,38426,89154,71124,35170,30308,47075,52134,16416,62308,02328,73187,30108,55560,27310,89167,76756,57245,63089,26278,11258,02187,19278,25077,60110,64239,17219,89248,02752,37058,29126,15162,52446,43134,52512,30121,76119,29240,71240,17295,40078,85213,31588,68295,65150,62089,11433,07328,67415,22185,12305,43257,80245,60092,21021,34337,71549,71130,38553,70502,97416,11409,84033,80507,67442,89445,58146,78334,89302,06049,38342,70035,95476,90094,21175,02146,26372,03178,28223,25310,81164,78297,23220,12160,02284,65253,81075,43109,21490,45122,03188,46001,77094,02287,69208,31321,77187,95102,03006,66109,87118,06056,57140,68043,77428,01187,42117,21281,38183,68072,45120,57002,79150,17104,95078,60100,43228,31073,45223,91421,65168,86272,13044,76097,60225,65352,45119,95176,17072,29085,01279,59558,08255,71499,49183,53045,27063,34156,21240,36136,67265,77127,41093,33036,25177,62515,16373,51162,62404,80280,07083,12145,62610,65380,30132,11081,51135,12171,57690,32027,73303,14667,11103,44020,10031,79342,73304,71522,35136,65425,35290,52135,35217,91186,64335,71515,19198,34292,58183,65079,59006,35162,22072,57296,40063,55404,25634,43225,12101,04017,2B318,07265,60683,31478,39325,18024,87038,55034,2A031,32185,95058,76221,17349,05050,38399,54128,31331,86072,23237,55002,65194,17064,32083,73255,80814,76213,54151,54167,31288,27323,59466,83009,33319,88502,35139,39381,28281,47018,57258,79273,69240,18117,74307,32423,31043,24138,52465,77370,31219,67437,60392,78465,80085,68187,67421,89220,03110,81259,82003,22249,95116,25559,71161,27067,38295,08281,18073,64300,61097,55481,57313,90102,60194,77041,77476,44035,45277,88300,18255,90061,76233,51555,58136,01219,19258,71579,87099,10211,76287,52513,55577,88157,52249,41122,06123,80384,31048,91573,14651,2A141,25591,33043,58138,15192,14245,57122,65451,65259,47269,47163,97310,60089,06048,74106,70442,60625,30338,16075,24327,60297,33352,27595,04040,29160,07123,33522,57660,24320,25103,61379,80251,43124,01121,78096,44041,54316,55322,82095,57315,37089,34010,12182,34190,18262,29139,11432,18017,05070,27649,17311,11235,55556,47119,69200,60215,71139,59153,19012,28350,57035,65010,67120,21261,21564,59638,17486,67159,57041,88175,70172,24070,57196,63227,32435,02052,18201,80475,65421,59224,80495,52027,69061,76147,15112,60186,08049,11065,37173,97104,84052,80359,17414,16112,80325,74183,67179,25418,94042,14540,84059,65048,97417,52397,42029,62302,10034,23138,80555,09025,21189,82189,26338,34028,69161,62501,72189,2B052,14756,11107,57684,34033,57674,45131,51266,61252,02085,08434,39360,32345,87092,44202,56034,77196,38499,71198,11026,18258,41258,54542,76689,62516,01064,76232,38501,89411,71274,80742,32206,29115,50384,08083,65309,28118,18142,21294,25313,28141,89282,55372,2A186,81074,65281,10320,54166,23087,07150,43099,33316,69202,97117,59183,67195,74148,43189,45038,43126,35075,80218,54020,46272,25248,66155,76420,69090,33396,77223,57380,40140,63388,45124,89422,77018,30216,65478,21198,62317,80490,84051,03036,28078,07262,74301,25305,54522,09007,71009,52528,21608,58087,44163,65304,32270,36156,70455,06020,61349,28321,01045,24335,46334,40271,53087,89024,23104,62034,34307,24543,57382,63130,55141,28400,34230,37143,63021,17415,43254,37118,53108,17323,51279,09054,71261,53242,59199,60630,37188,72151,42234,89058,2A131,06137,09073,81299,04136,83058,41150,21569,2A284,95388,66133,88189,57398,31155,57265,59562,57536,22186,60482,70372,55328,67327,57554,73059,78439,21450,64315,76364,56103,59462,93072,28239,67551,77459,21081,27201,51223,87104,46093,39191,16223,28128,60273,31196,60404,17207,35138,45242,33552,61303,03093,38044,52380,29174,27554,89086,61264,62052,65433,87169,28009,88127,24401,85008,77090,39169,63045,49099,24008,07189,50278,78009,25243,02604,57138,85289,37186,22048,02553,25053,70136,02587,95611,55058,02812,89019,21429,51129,25360,70100,50315,97610,80092,54065,54075,67358,54108,64363,86078,51479,41131,26122,11247,85302,64059,64243,51016,46076,17374,63439,77167,79293,92012,2B304,87205,29008,59516,65213,69040,72266,31187,89364,11306,63062,76534,21364,25031,60487,33164,24526,03108,35029,62592,58148,60060,51457,97607,34245,34111,28323,57618,79239,60184,57244,02424,10093,34183,78278,18249,02193,29285,16425,32273,39173,60298,55349,02832,65021,33454,33224,46146,28407,40120,92063,24048,31212,38252,28225,55307,31483,02362,50241,62580,31306,27337,19288,02027,80304,59214,71443,64173,60229,64266,24437,03025,17283,25269,57064,71100,10233,74159,50046,02184,86003,65265,76728,16090,04070,80256,2A282,85191,40129,91159,80422,45335,07145,72353,51472,87206,62780,47120,67181,50417,51620,88002,01294,23079,33304,89056,05019,76540,79012,19135,21301,88271,45065,33029,06029,22057,41198,62212,06072,07272,85142,35266,68334,24353,57237,29175,33024,82092,02216,16217,30275,61382,47232,56149,38161,02465,65349,02215,79069,03118,71333,04096,35300,62440,03232,02088,33147,30295,90065,50021,97362,91581,64518,17201,95527,04180,41114,16108,70082,61209,18154,52473,35191,62464,51337,68201,18055,51578,82152,50032,68238,45332,54504,65236,45014,34295,57032,45325,16142,40329,30319,45039,94053,88232,2B109,95039,2B365,10441,10075,21280,76001,33274,66054,02117,42194,02305,76433,14160,49174,45321,39408,39487,11288,94018,50624,45207,63208,14166,08147,34123,04160,93039,14480,03193,56044,35092,61048,38188,31096,60134,33326,46221,48015,21496,16414,09213,16194,62594,30003,76458,03124,25251,34322,65115,52141,21568,95268,59400,17381,76488,83132,48044,62907,38042,03313,55247,82043,76028,21057,45228,55395,44180,54317,78588,67375,28282,08256,07313,31425,58168,58219,63214,82111,42170,18270,76363,81176,69078,31484,38500,76672,38476,62607,72019,36065,90039,45079,31224,19037,54281,33087,03168,02433,25216,38310,39211,17358,57637,02203,85305,39171,91533,30235,68225,65100,62872,38462,27447,79259,87002,17467,2A197,33161,03248,22107,30186,41226,34073,21702,50461,71286,89405,54035,12004,07242,10096,54130,31142,55221,25571,25588,33534,33057,31538,70045,37076,40046,05023,2A038,68321,14229,73012,64033,90002,17166,72127,02319,87115,26363,51396,25523,17197,07333,85274,72230,73293,85016,38180,74157,57499,60492,03129,71497,08491,33471,51594,31339,59664,22361,78208,39345,60556,42043,11332,63011,97602,10337,80647,72194,24192,17065,76300,25494,62684,17048,14125,57396,34231,31324,67261,31589,22325,59246,43032,57478,34340,57308,18157,57043,08419,03247,39518,31123,83010,22250,55347,81110,18149,2B140,33002,17307,60146,88218,53235,71395,44021,62372,79056,80444,64127,42339,53113,05057,80440,23247,77378,11074,16295,56042,81025,77247,17240,66210,62441,64093,07329,61178,27448,54131,58171,2A349,21193,58127,33373,70399,01198,51319,07062,27625,70387,76152,10439,15030,74126,35197,71292,59201,52181,09032,32361,68265,72208,17347,15184,70220,52160,86202,26302,42157,07288,06073,39235,47002,62757,02709,88294,25139,49009,81285,52221,04026,62108,16372,69001,57173,54099,76323,02456,10013,57298,60481,59456,06075,47082,36157,02010,59542,32138,57533,11385,69070,60179,80136,18178,62633,70158,67206,60457,02002,40217,14190,48107,38516,32028,32258,76448,44192,71574,27025,55042,65419,33166,58120,38328,54030,61453,47076,16394,16076,51309,11284,37159,71546,39118,76428,28375,60001,26331,72223,2B315,28382,28253,13106,56072,21025,70335,34266,03204,08197,16279,72328,87004,24531,76745,51275,64407,59135,60552,71241,21008,10010,51282,02149,11405,09175,24271,46202,93029,70262,57730,50452,47122,11252,41189,79309,30227,72231,41267,62137,80578,60268,36004,17315,69022,28100,21273,62570,94055,28419,63236,78545,04236,31353,07229,61358,86258,17125,07019,63429,93030,07316,13001,14003,19131,57760,38169,59167,55181,56182,88498,40072,33081,24251,50222,64061,72229,28270,14163,57222,29176,60235,11191,41123,78417,55046,31207,28235,41115,63190,43113,43062,09207,09203,89072,40322,91376,60484,76005,27475,57290,57707,52332,57311,85234,53034,50612,85167,17476,86184,33337,45055,71506,2B125,94070,28178,31177,61490,64268,50288,44185,64273,30148,77480,62231,08107,70313,04172,73326,2B075,30210,62446,30087,22320,72179,83028,27679,55276,84014,09223,47128,23263,25194,56212,64291,67484,85247,27302,19111,21208,26305,95594,57518,80626,51101,21488,80334,51253,10291,61005,63464,80064,35045,54346,29107,54371,33047,41050,62631,36236,82071,40166,22020,64413,35289,02814,52304,61078,31456,09155,97214,89201,57743,35095,17480,57277,33451,66167,32219,64437,10067,71391,60293,27465,64182,42028,27668,67029,2B238,08057,70515,02309,77331,28365,03046,30046,63120,77517,74033,76519,08280,73049,21221,72038,60329,17158,61323,02664,45216,11241,31491,34068,65134,21048,87166,32316,54028,70180,39126,55255,02371,21068,62382,22307,72199,57480,40091,21158,03023,08212,55494,54067,94037,52072,02109,09218,72071,85025,37138,50024,12287,70453,22263,77106,88362,24454,65098,67414,77279,32182,42296,21415,44213,28405,72051,62004,91223,67511,06086,80423,68285,62766,14228,07070,19045,81083,80650,80431,36197,45232,07226,46008,2A062,01088,07120,62421,80684,12079,76469,37140,09254,32041,09323,59085,60595,69259,12223,76244,36092,21690,54484,17453,39026,31239,74112,60647,21528,32235,39429,60133,40022,10145,62816,61414,69252,34336,65217,46280,80690,21448,05078,36051,35105,70024,17294,28024,19277,61321,15158,36145,02668,08150,37026,82148,76703,35059,42311,62272,88192,89240,68269,86280,12296,60396,62651,32110,79042,28008,45257,81026,57620,60230,43009,38495,50130,32215,94003,33301,51655,71308,12295,15116,51395,80116,55291,55036,14710,26348,14173,64382,58154,74292,27347,64329,17106,23213,72296,25099,47294,02244,46159,24134,55541,10235,62476,24002,11412,62647,67477,60370,63099,28393,25328,10222,85304,03033,04206,31410,64104,63374,38468,89054,65329,26309,2A127,31027,67137,81087,63459,62841,80721,46148,54581,95450,63213,91599,31100,34343,39174,77455,57385,40234,05156,35108,30316,79086,52198,28103,26064,39018,95218,06063,54189,64166,97219,61049,34184,58095,23218,52305,67458,60371,59316,16121,62559,64102,12051,32132,52542,62453,81181,24111,65415,91075,25413,42313,38117,42044,39373,88530,70087,87007,76236,79216,65206,50388,54043,88088,03083,37099,69102,18204,68303,25223,17324,21171,73211,57342,39388,68192,22347,52164,63052,31563,22358,52349,37093,2A118,37201,86247,45230,82022,25065,62565,32246,31044,67135,24376,67461,64087,24395,21466,14252,78674,67522,76199,01255,62401,59627,88246,59594,31221,45348,09196,60667,21181,09099,84097,58033,31347,64144,07291,88159,03240,85067,08252,11331,22126,37013,16354,21219,42235,57510,14102,50277,16046,11265,77369,57142,84100,2B342,80224,82100,21614,64108,17208,55064,60615,41028,02439,58265,57731,37063,41225,71388,30068,73221,25520,78227,23047,51042,79177,35316,21040,70577,51036,47043,04062,58032,64070,65111,56140,43252,60387,80651,50147,41139,59042,62700,2B208,59107,50299,54540,56200,64142,90003,02180,26266,89295,10343,41118,08494,31315,10374,88495,21049,88251,87046,33061,22306,80247,19112,18018,44159,50582,76456,82025,22386,72338,77216,62744,32061,76609,39091,71137,02421,60674,38330,43056,27075,35042,18230,11001,04053,60640,85015,67027,31222,02279,33243,32298,74002,88385,31505,64393,36119,33014,39240,86123,10100,97312,13050,92004,02364,95682,39301,48177,49235,86177,32338,25109,55262,70206,51163,22127,34267,34098,09077,15128,28088,03215,44103,17253,81159,33518,46105,2B083,09229,31068,51248,57224,58169,41219,62763,16275,06133,55095,65148,59161,02773,54595,64025,80632,85260,55119,34338,61237,31079,85197,29063,80179,08355,07201,76059,16114,70296,57200,59526,85231,28188,39528,50246,76126,76202,54243,16374,03206,76177,85036,16127,71493,81033,28021,89347,67026,47145,85035,22138,31458,47304,10393,18045,14059,29035,33325,01181,50268,42105,76695,33350,2B029,22155,63472,59086,76503,50041,72386,12044,88279,21115,87090,62248,57325,16158,02762,2A247,12098,57025,24240,27320,77099,72289,26175,76457,64339,32094,37037,03243,80397,35024,76286,81309,21461,88076,57213,77430,11299,03290,89041,55466,59512,77136,52246,35195,41182,16292,2B054,25003,19158,72016,70152,14116,25275,12274,77441,80027,36068,88262,58288,61199,85050,02134,80443,21285,87033,46216,46090,38249,85296,34005,43031,73268,18216,10314,70349,50502,37073,11220,62735,39372,16169,32409,53104,53147,62701,73262,85117,59592,49371,34170,51097,19271,81069,59207,13202,21503,14084,59056,54055,27656,24366,14127,59411,03263,57677,71214,60251,66129,88351,76683,2B179,15022,32319,01101,25063,80463,82180,69281,50400,48094,2B333,71490,57750,75105,28136,21330,72034,44005,21565,39003,60118,97215,82116,31047,25005,68011,36180,47216,55079,02552,54374,32130,14064,09304,07244,27278,85259,71219,68023,88430,56255,17332,18087,34114,19008,46335,63198,74079,10234,22094,23169,02803,44016,11269,36192,57740,63173,39097,48069,04006,62665,41248,86181,02171,79058,30103,62819,62125,64298,62142,14466,27432,13041,57105,21091,59190,39577,53124,32356,63063,03208,46167,68318,14337,58050,02124,76553,05010,64290,27202,12008,71289,88254,01369,95142,40258,2A308,65319,10253,57248,76731,41157,35097,57075,41091,39412,77143,68137,53145,24448,26048,63461,13035,50225,49011,47139,31516,06149,34036,21411,80022,27011,88440,41224,60584,85214,63034,70285,46304,30342,26118,44141,76450,02515,46057,80782,59446,54596,43026,60525,74185,33082,50444,76183,88368,36181,86250,31412,62560,63132,51628,15262,51640,40147,12273,55224,03234,08148,59334,14130,23206,67398,11283,30229,37150,22175,46111,27474,76298,41029,62664,61425,61273,31217,18289,03105,65294,08185,21412,73116,16289,87037,67449,76498,57209,17137,33403,31057,25038,65355,76057,86265,23238,51604,17076,83061,15014,02172,25459,02658,21390,79204,65342,52445,71258,89390,54344,58132,66108,30337,26195,60402,17012,74116,21527,02539,38412,32204,80140,76024,25329,39420,57747,46316,67196,76214,84058,51531,39421,27312,42023,83073,51093,77011,67034,13014,80418,95002,72219,57033,27003,86091,66225,84017,59339,03287,62086,26273,44125,05036,73084,34064,42108,69245,40256,08391,58061,79277,57526,14101,77282,18264,62122,16406,59226,21085,02538,39285,26060,51047,91587,39584,02098,55566,71337,21332,80095,01138,26159,72370,48181,70421,46185,45302,28221,79250,31293,13069,80236,38005,63129,25501,08499,35302,10394,30124,89062,37257,13067,31325,61165,59089,88315,51657,2A191,56174,25361,57187,15159,90024,33277,56214,88277,76015,27605,71204,02624,35362,81117,11221,43213,57102,18124,25498,08008,57487,62796,45017,71468,76555,60211,63097,54019,29238,11388,52063,54351,16331,59333,60415,59631,52004,2B236,25386,88417,07154,60167,23162,04104,74177,13042,14579,06120,37231,2A200,02321,64531,08471,31380,52254,2A362,29274,61475,21682,14357,56131,80099,60701,69091,58144,32264,21707,62620,45288,65477,92025,21232,35327,60259,52544,62674,29165,88102,14012,21020,76443,33044,11347,55297,39185,50060,90081,09142,80791,51368,12200,80756,39423,40055,64338,64388,30209,62296,38392,23265,10076,61051,61238,60557,34063,38433,50430,59112,70319,50589,01277,69138,84148,55415,32220,12094,59059,78276,35121,89337,57065,22052,33515,89203,82144,05158,58263,09264,35116,23188,25426,68286,29028,76702,51082,69291,62692,78416,89298,62537,11318,17309,12183,31283,02050,02261,51087,11245,77343,46096,38470,07127,51085,87095,78146,58197,62790,71403,33548,78123,10427,76342,80284,59481,65318,31562,73070,80002,84085,51306,76399,91617,10028,11137,82146,31059,51644,80294,05032,68381,26033,89348,02679,77405,88092,42164,42213,67435,42299,30269,32102,73232,57640,77310,62075,47210,51539,79179,33262,57751,71002,17388,24001,85046,47051,47032,69049,67129,14117,61370,14410,26339,43185,70251,59263,70038,59482,02606,84023,89045,61190,08428,11011,53002,86299,27652,71440,50446,57555,32153,24182,65240,2B309,12251,39057,22337,80592,57590,72336,58193,19217,10198,48110,07156,77387,67092,08096,57638,43111,82004,09194,80487,48029,08336,35308,61176,67491,12261,72224,31291,59041,62649,63157,38290,71539,47278,27419,16199,71234,59269,15133,12016,40132,2A119,45061,47008,25369,62216,07040,62215,05119,80809,60121,88174,72354,39221,73205,05101,51046,79087,03057,17319,31173,60673,56244,49007,22195,32308,62045,21479,61086,01351,54566,24085,08232,85098,56006,60531,50270,04224,54242,63415,02015,01299,25622,17010,51227,15098,24034,95110,02633,39473,54036,76557,2B199,46269,56137,89307,07212,62519,62285,28184,15217,27701,65162,62025,88273,46306,89334,30354,45142,65040,25131,10307,38141,61166,27110,66105,61363,77037,77102,57113,25535,08311,07217,06025,14232,51624,61071,72276,19204,37090,89127,88120,14122,11073,08190,16103,39494,68255,69030,03278,52119,59134,27129,85095,60619,03055,80349,40070,72351,19192,36226,62855,80620,51054,46063,09212,24294,74004,62489,57704,55510,14556,88464,42062,39035,51492,28394,03212,52006,70267,47325,12280,09161,43020,50437,09236,95149,32297,74165,66009,62794,35019,67296,21694,43053,27542,80331,32151,27127,45276,43024,51447,70466,44143,54179,62895,86165,77308,68312,54251,12282,30277,63166,57202,02408,19074,24050,57493,10044,21164,25309,35008,47326,26268,88165,83124,03088,58298,80808,64168,25529,32229,54121,89321,27104,16225,97614,62316,28142,81202,65334,02255,67231,87193,17259,16059,30084,76402,40205,85110,23154,56082,38530,30002,31389,33102,52282,87174,54396,73091,37067,25595,28269,09050,77485,54338,83080,08173,52394,02251,55105,08017,47251,94067,71548,28087,61400,27321,45341,77442,59221,71532,68349,39196,59205,47245,43144,23073,50112,69029,65050,52247,58110,80484,51203,55504,39159,15059,89440,82055,32422,14575,76575,80321,59487,50442,08153,35082,24264,60437,79157,24035,12163,52200,66024,66177,60010,61324,28074,61075,60066,38554,12083,74078,76180,02322,78165,72193,61060,2B012,80472,37264,71280,45305,67490,2B231,81036,65083,38063,38309,54405,64297,45269,25073,53106,32300,91495,88310,17182,25522,81129,52062,22002,65417,21274,21670,62775,17043,41106,02527,88177,38307,72120,26139,38518,27472,59158,02209,63009,59522,95555,67351,33353,67341,95295,16145,34092,31297,53055,43212,10195,11118,55498,16180,02780,71326,72245,87191,77495,54513,86143,53188,60255,42155,25240,76642,61302,26199,52158,55258,40285,30042,94080,91284,54014,66121,11085,10054,01199,72294,26080,72270,09322,02474,06011,58248,62224,63272,06155,74219,45260,80032,80126,18211,56133,25553,19250,39129,65404,31455,08376,59318,86098,43196,26198,21096,67392,57335,31377,23146,57459,35140,28096,70249,88221,82162,89483,68329,12293,62343,18189,32018,81088,80272,28256,71510,56025,22302,61278,13012,77206,40306,61074,60232,62410,22304,27012,18011,02397,62246,52216,59497,25408,11439,88213,39317,45306,21080,52245,42269,60597,40288,79132,63358,09239,23201,01412,54392,35062,76427,59227,50176,63037,51144,08058,39418,54289,33545,12167,65196,44106,38317,05165,56207,35080,17039,76487,77165,80456,88160,81023,30033,86233,08063,55210,52146,02169,52392,09208,54135,16205,47023,34021,69290,63139,69171,71525,69271,31052,17224,24306,61193,24361,45118,41048,05183,74094,37053,77010,65248,59272,67536,03056,17018,67381,50259,80625,45334,48131,16276,03154,21397,59053,64347,25444,22286,47022,61052,55183,65220,60631,33209,32412,77146,21047,16040,65132,90031,06160,40320,28214,59211,64197,39028,02403,42237,81037,73149,59279,31421,52493,26051,61163,68241,89168,35203,62219,50567,08154,88195,80547,60254,61230,16036,21216,14043,63192,71172,41216,21687,71528,76259,71465,10073,46294,65256,24390,60332,10381,40114,91441,2B206,80753,72282,22041,09123,70535,59163,91514,61050,47065,55369,39238,71192,34326,38318,21418,80403,80478,38419,77457,57444,53074,07193,02227,82140,54468,07277,63212,65081,59296,85112,89316,27231,14506,81002,04181,59058,72293,12178,01439,14306,02205,22238,17273,48008,70179,62304,81124,97114,32053,07270,15190,55422,36235,31405,30330,31417,76739,67188,18242,01200,65208,87167,25126,02609,52310,08416,62818,53249,14111,31170,89462,47274,02419,31266,70503,43198,17335,13065,82101,59398,29076,70506,14460,76497,85061,80063,28013,37226,81222,59097,44132,46173,71246,24066,51133,57413,23113,89122,09149,01228,64428,57470,13053,21558,70162,63012,07035,92026,33176,59356,06026,15146,26092,38171,29212,59543,67003,51109,62290,11027,52003,31362,73146,33512,59530,54356,45179,60221,34138,62111,56206,06003,02141,24296,2B233,38329,53210,12064,60302,55021,07198,68281,70511,23137,21606,80752,31387,63302,14076,18047,01348,77319,27654,56210,89247,72184,2B305,08228,35342,86139,70182,50214,24418,03117,83014,72132,65043,56097,63408,34009,67229,05123,91121,40286,81313,33399,91275,14332,60598,02498,65155,83096,60065,02022,31191,17107,18245,02644,36193,35329,33343,62039,30144,11291,38250,17184,80795,27522,77148,30185,31578,12260,39348,80405,26294,74310,76504,38215,25601,60356,29135,36005,14478,62540,77479,16096,22012,16032,93013,89101,09217,16134,41070,60621,71565,02578,80018,27540,06024,22242,65266,55155,71555,22349,72026,65247,64139,02491,18021,76266,62722,55445,18227,31557,26324,51350,63253,02431,76751,58165,51255,47180,54404,60162,68005,70473,71021,2A146,62323,12227,30294,85118,62511,80609,17443,85204,88238,32278,15140,81064,51013,64220,78358,38103,14097,02722,27243,27165,95008,08076,77168,82164,26094,76561,91579,07264,69298,34293,61491,67267,22305,11154,80559,21613,13094,22295,67035,2A357,77525,2B274,16256,14566,76568,82099,86054,81090,60564,57592,37050,25170,38369,40160,28299,61351,80077,27655,72124,68110,35028,09111,27339,77271,64229,45328,28085,14565,12241,76205,27395,09041,09043,55362,43061,27103,16058,24508,60168,08341,02637,80542,55578,33012,61317,08257,2B257,45104,60644,02082,65020,59574,66234,56154,34182,14326,06059,62869,55144,32165,07269,16393,72303,42032,23148,57251,90078,24020,70197,17391,34083,01123,89425,50486,25461,29143,02677,57610,79326,62603,01429,57376,95539,72154,25304,49261,59011,29103,13107,70013,87156,61327,76074,54102,34103,87149,06016,39037,37134,10050,71390,16150,51334,61474,29195,78073,47073,51218,06093,51155,61098,51184,41252,39546,28306,27273,62069,72072,57295,24129,2B264,42089,01062,24408,40014,53182,34310,82175,77365,22299,49110,61385,16081,22281,89410,24524,34175,21087,79208,60173,62670,39140,54395,77507,85164,47203,02410,14273,28222,33387,02607,47241,67100,06031,58143,19260,61281,53269,71239,80074,81277,88290,2B176,89051,19132,24534,76652,33117,27456,30021,03032,31301,45155,39312,52025,72039,24046,86256,43085,63183,54034,60282,04018,21264,43004,41099,16291,49253,03131,72222,88374,60327,73323,47285,70116,36093,21664,32213,42207,67160,31575,65408,03210,77172,75107,54450,21103,51038,40004,23164,58013,82047,87070,29045,21368,88303,64152,33417,27206,59459,81189,78486,03262,17135,57085,55385,45307,24351,2A163,67101,80232,08479,67223,95598,54041,55124,68054,02225,35034,49003,57437,58131,78160,33084,61407,21467,59623,10347,31420,38395,06051,14552,25041,50648,66070,89040,32433,57399,88079,38488,2B072,53105,21314,34044,97131,54545,44114,64433,12075,49241,48179,02580,21097,02142,46271,66139,16030,31024,86083,67411,70184,71508,76148,49344,02577,73082,52502,66120,73330,63019,56098,89187,65181,17326,28208,31332,58017,44174,27184,71207,71394,59242,14607,60477,2B078,70572,88423,14135,24373,62202,27299,53174,42196,02749,95154,27023,37033,46092,24350,63315,33421,10339,17191,54315,30051,39444,87172,31268,63077,42076,29048,51076,42268,76602,26208,58079,77204,62378,68129,68173,52277,72111,27286,34197,04123,32160,84102,86086,73133,24538,28371,69002,07131,64449,85072,01433,67401,77498,22189,67226,50391,59364,02277,16078,76047,48128,16082,67047,74048,88280,11115,10181,03135,71370,61116,80416,54088,44164,68341,89028,21130,62870,14278,22262,43210,64050,46051,01361,68015,34334,54467,67328,81213,82097,27161,32294,37091,74026,85187,46040,46075,2A212,55511,32176,54502,51455,92050,02014,73296,2B293,02698,34323,88040,29209,54359,01356,62024,66173,18190,79057,03115,65233,71045,06077,26022,32282,62241,24082,52195,89132,24157,71531,07038,80810,33487,80704,77091,24365,89153,26059,26361,94022,60158,32142,67354,64124,66072,27658,88441,08445,72080,17290,85090,43014,80759,03245,77504,78361,28155,84099,04051,93045,29083,49012,79220,52212,77461,08427,50295,52419,32079,63334,74052,14570,40168,01185,37195,23210,28327,91468,54352,50533,73256,82134,63357,79070,23260,84032,51497,54394,17044,89315,34246,66077,02568,02107,27374,41030,40061,80686,91521,76120,10261,31357,65056,14203,64285,26377,84040,36073,23090,24123,76135,54551,38068,62541,02827,59101,26193,27563,62295,56121,56215,24263,33298,36103,65201,65109,17237,57079,26299,54431,22015,78152,77169,43152,25315,51219,05155,59144,79299,08399,87103,17024,56101,34046,67078,11328,70166,51236,10185,19047,90015,57519,23181,72153,78403,35056,86147,2A085,01227,16063,68352,80489,70005,88019,12074,84013,68036,44121,53258,60109,21037,65437,26264,30199,39229,45063,58085,51645,64337,53039,21303,73231,46044,51509,60082,68124,32394,47106,34095,08296,45274,80412,2B036,62283,33536,74010,21521,80619,85051,38222,38218,71018,04074,15009,01203,71048,70343,22315,30090,05145,81081,24164,86082,19142,54514,51608,67295,29029,24171,12027,88272,01250,62813,24338,72099,35039,25252,12010,91112,71077,79063,47276,21566,56169,62849,53143,68020,80100,55149,47302,38498,40042,62629,54165,62890,28073,58172,56248,21002,57349,28098,32280,24150,67162,62292,61274,70029,22233,43019,76110,67534,70337,73041,76049,60277,80687,24586,42090,89242,12096,60577,59151,14316,57577,65441,47175,63026,11348,27004,57069,43181,57238,55253,36216,76322,26218,03069,50543,22275,57756,97228,69254,73322,42128,67529,14483,08408,10227,14712,95488,39545,82113,61329,32107,06132,73003,47187,15114,25014,41032,21104,52151,13005,81010,46315,60317,58149,70248,63114,87061,37279,18210,10329,08476,22271,43155,25397,60527,14062,79340,14123,25049,81066,63239,71177,80517,27064,84079,89137,39124,62154,03238,40150,13046,89087,95492,21022,23001,27119,25450,02409,51453,88371,09100,40328,73229,09221,95427,59136,25211,37114,54419,64245,87086,60488,55051,17159,60274,69044,62854,64309,54018,08298,61114,80014,64228,21567,59292,67174,46259,78402,42169,40099,71125,57018,51635,67510,97110,29302,43162,02062,77244,56057,01057,64049,50101,95541,86102,63215,02715,46266,80748,72368,12192,59143,70146,07297,24277,21244,42246,03272,62831,01321,63110,21530,67336,63179,01118,47303,35247,57748,70316,91037,76749,63155,09137,25415,80173,26087,18253,39150,89065,27355,50591,68098,91540,03277,80656,67501,47034,35281,52083,72191,12257,03255,21342,41079,71413,27473,55363,86224,13079,26301,88144,76690,67133,77360,33283,03299,47086,61034,47279,30219,87049,25377,31429,77263,57384,32112,14054,60360,67489,55469,33452,55505,76006,59369,63278,30004,71200,26192,19235,23266,68219,54076,42208,2B356,42005,60558,52012,67249,18052,02640,85103,39467,09226,29216,50340,79140,61255,17132,67237,58042,21109,29271,50164,80269,51435,17188,55500,59110,80328,35287,84112,45347,25613,64147,74278,55471,65160,80159,74136,34211,03091,15185,57077,64270,80221,21647,33206,27354,47299,62318,60191,14328,25583,70366,57550,44144,86152,70286,85261,05013,54063,23235,73130,86106,39390,86051,93006,61457,28339,50002,27152,85262,26165,54464,19049,50504,11359,70303,03070,38105,78209,16084,14547,51226,51522,24317,14270,88268,23010,11406,11140,80672,28203,02558,19273,69384,67405,64539,81063,36168,01416,67063,10325,27114,50169,46030,15066,85186,21641,61085,11295,21662,52306,60239,06151,34162,46103,76227,33392,86028,72036,31140,54326,23251,55280,38422,88526,85100,15015,53222,67454,14699,76408,02447,27661,29150,51005,87138,28062,61289,86122,35317,19268,65087,17096,60070,10424,14467,80385,2A061,67216,40071,81092,60666,25475,56179,41172,08401,78068,68056,80120,32123,95627,85092,60661,32080,87197,78007,02130,81251,49195,80574,50083,51373,59045,80200,2B275,68007,08023,41188,31030,33183,80176,83027,95011,14035,86017,62675,55089,64277,64443,89011,33242,59023,51659,54094,25011,32201,27444,2B217,89147,42176,74152,89118,54083,53218,01367,63197,33270,83070,2A358,72334,09127,17411,59236,02197,01293,14496,27096,08264,79172,86156,31156,89380,21117,39100,45238,31407,67065,46204,27695,68383,55099,55116,80276,90089,76064,67346,67200,88134,57651,08452,2A285,15065,64542,21487,41295,65260,45324,02540,76707,38278,55374,29119,73097,81211,53016,69231,52276,71463,17156,84068,27415,29033,42211,77246,21165,88016,86068,44198,80573,88193,50565,41159,54079,67236,80409,16268,55396,57445,40203,46189,70027,27378,71335,57300,52030,08369,03082,63433,44158,60257,63287,27240,17389,64332,59329,22096,41132,70261,60226,53078,12093,07003,60021,66076,73193,58206,43089,59310,02208,69095,52491,26112,58226,29239,80203,32268,24479,15093,03165,57190,03009,25148,85042,24545,29286,34039,17051,91666,60212,30306,01406,51002,71571,71122,56211,44043,21028,13208,71294,76349,67517,35228,38296,16270,01117,25527,72155,28358,16343,09291,38253,46164,67022,46089,60333,63465,44169,22289,02416,81243,78406,30116,27545,79352,02739,01089,22385,62123,63093,29205,74024,02037,10089,37097,71232,26201,01243,62314,69388,31449,46142,32369,59367,35232,32209,65429,64529,02160,41112,88316,01156,89385,43163,39406,40277,71205,33322,38313,65461,67363,32118,65462,50282,72332,84035,37252,19156,50369,47115,51149,21666,80080,40037,35067,02530,83110,64190,07213,28201,56143,46175,77020,54297,01074,59138,64259,06141,72079,25573,30061,17434,95101,85115,05098,02576,02207,84139,50297,62667,07300,57261,55507,10221,81097,01099,04139,09129,82040,38030,45292,42264,04046,70574,53010,66039,59001,62654,54225,38463,03302,89368,50476,68226,57528,74164,26288,51466,22259,66063,80141,68014,27689,11022,63323,95509,41291,38036,81270,16366,23064,14239,76354,02797,55175,61148,89252,70422,80480,32186,27555,38072,38565,12052,65348,41184,73024,62037,73235,39522,33261,24220,41035,62128,35335,07260,77108,21494,42327,41065,60204,31323,65154,21483,27036,42159,32136,51548,08019,17400,65232,85159,42261,57088,88463,73261,13059,80562,67083,67255,67508,52059,27222,80059,07061,42325,16019,17252,49113,60017,28146,88264,38457,78396,70129,95504,87185,31396,59218,08352,10376,03013,79134,09124,55170,45308,88404,23124,77460,02012,14143,28105,17425,67060,08396,43046,13117,78518,60208,50372,80148,93048,14237,31163,22083,81265,25592,23200,57115,46123,88494,80166,02655,81161,57302,94052,22234,64368,59328,14093,26034,40259,94060,14087,48160,76299,35173,69191,30284,80228,02710,23259,21657,29171,71537,73053,73145,83021,03011,68006,15214,39495,76698,42200,34096,81200,41137,36046,41268,40011,27261,26216,44204,71334,27377,21112,45344,48138,04012,43083,89350,77305,38210,2A228,76038,30015,77453,21046,97129,54414,40244,82165,51446,61180,16329,27622,01110,76447,01179,69043,16097,28229,03136,56204,12164,77185,34342,42230,25425,62524,80538,85073,76422,57388,60154,23255,59348,68022,43071,84126,82127,80549,31181,69382,26002,10119,92076,57716,80132,46137,33249,06153,07032,02688,33169,31576,88283,43028,14349,66178,24252,26147,38467,55357,80778,55360,55206,32367,16334,80248,31448,60682,74119,37136,17375,53196,02512,46140,02686,34140,64556,22103,40214,69122,61001,45045,33526,65036,89463,51454,06047,86093,65263,60263,15094,34127,88038,14475,76686,62091,86289,88110,89119,52541,44050,56039,10154,29282,68160,17017,47178,14355,32212,78217,18037,34305,25295,08067,87074,72211,80596,23217,09249,52044,57108,46194,58313,31141,68342,95063,01262,26030,14167,03292,67388,68277,09058,70467,43188,2B302,15010,82037,25307,59397,86063,59360,2B169,67292,69166,24005,63005,21029,02154,63319,55196,47311,15188,50252,02019,69063,16101,04166,77464,69093,25496,70299,23120,81114,25419,90046,64361,26247,70200,23205,08456,24018,79030,27076,19083,2B289,39131,66144,39145,31252,34316,88104,64432,27685,60463,34291,62604,47272,11400,79217,47162,68151,54011,77035,75109,18218,64426,08032,11131,31278,33060,72045,37183,34278,28243,49132,42126,16397,25317,04004,37043,57717,21417,66119,2B220,84109,60126,43001,32159,91534,25314,52126,86013,87108,35165,05027,57004,54190,80605,59288,52482,02273,40252,18140,02732,10371,77493,62358,30238,44112,24130,55014,35233,67069,71267,58220,44030,76189,90022,17316,11313,40109,60304,21305,22356,87064,35248,26091,74172,43192,50506,78621,58231,15121,42153,91471,80355,68372,44022,56047,69106,80260,68375,80374,84010,02065,56114,05001,89017,76655,69096,30230,27134,88506,89075,13022,35331,60033,62668,49089,37149,65156,30056,88033,07165,59225,74197,31264,2A028,57150,50342,76305,66066,64516,52088,52235,51449,89191,80832,38101,07273,57438,41060,86246,15005,34261,29084,47253,05122,50165,14751,76415,21404,59486,08382,89375,35044,49377,68035,14276,33103,59314,67190,02392,16263,11101,88077,32100,70066,09180,88216,91038,80498,30254,19208,60361,35071,77450,57212,79357,41001,57365,84008,78591,15040,58006,82054,43251,45200,40122,26259,76344,46165,47136,02254,26190,80568,78324,26249,78653,16335,63324,80452,04050,68169,54092,41193,21646,35202,16133,12054,03021,57741,60227,90075,48091,61122,33159,01079,70545,70025,08119,70193,80519,77404,38410,22269,77069,40237,76475,88411,71249,45165,12186,55219,71020,55547,24484,23198,40097,12255,64367,70259,26213,14515,32071,18221,89261,26224,80053,23136,88103,19144,07138,34131,82183,30270,79334,27151,21315,39409,62199,80800,43182,45123,72345,61215,78300,58060,81156,36031,11370,59515,88436,03029,71058,26376,89279,37210,80119,54531,10313,45060,06035,62336,71469,81098,91136,24039,35320,31284,24214,04222,23144,36059,30293,01047,38469,25417,73204,80642,14039,66143,33122,26180,88509,22135,65113,27614,36135,80420,16135,59194,16038,86286,65137,26121,54421,49240,71376,38323,17377,25215,09034,39258,22327,95379,02697,89171,59403,32126,47222,14668,57204,01060,53135,84116,21601,30187,53198,21377,70050,51178,30304,17015,56229,72172,82114,37062,62749,28200,52089,10336,17211,16364,02541,35188,44039,65388,26206,73008,81119,53061,23041,24088,65231,58181,27091,49015,65465,50445,73031,55081,39043,83067,64052,21185,65449,91016,38107,90097,97212,09308,38084,80663,2B178,69186,69131,64325,65015,53165,61126,48099,85193,31361,45219,25271,93055,91667,18237,21589,58237,63264,63044,01184,30064,29264,14453,25379,61405,11416,73180,10017,84141,70322,76116,42285,31351,38239,76564,95429,28067,67275,61216,45062,08254,53001,31292,06135,40080,16211,52149,73107,62009,16261,62435,83079,50361,01298,10112,12056,62437,63383,79108,55013,65403,37131,88387,04229,28016,59289,89015,12063,42007,19187,33467,23034,38348,73105,73234,76521,61298,85177,60250,63002,57557,62360,22323,51250,76359,31296,24550,08024,27367,68032,17454,78455,39164,41271,24585,78193,02067,17098,61326,14206,50044,40021,08272,48116,33065,68030,31381,27324,57034,62269,28333,41283,57633,71005,77325,78206,87170,15267,76174,65187,45189,71479,39583,74250,51450,06089,51065,21644,59176,77401,60181,34224,42204,31530,63195,58276,11091,58036,54406,88409,28005,91097,87177,33311,68359,32327,30014,65251,51553,55367,19080,14754,55128,85084,47204,64081,70104,81039,35058,61011,54521,69178,62852,14543,41024,10418,51520,72216,57128,37023,14383,24014,61084,31091,05148,89267,72233,24398,63447,28296,21441,62364,67523,24081,46265,66226,32324,24007,32443,2B063,21277,55334,83102,17149,06039,54598,24056,25296,17255,62222,01454,24504,70342,02351,84149,23084,27603,02349,02725,68316,76693,64360,10445,34001,25113,85013,62468,53083,30137,40145,86203,09310,40323,26276,97116,67360,26103,55384,18095,80575,05021,46276,70539,11425,93001,31452,68119,30083,35211,24287,36030,29014,82034,74191,88529,47327,07099,21637,84050,27533,12045,40079,62690,59492,52207,95091,55167,41285,24536,49067,24569,81123,12104,54096,58037,08338,84107,50496,17151,11382,38207,51387,36055,22161,76035,71458,69010,02808,38083,42009,81279,02632,28240,64495,82013,39107,38195,74020,54182,41089,51513,47013,27219,02323,67397,84025,22243,69051,27295,18274,71427,59383,22319,78601,80278,44084,85152,88332,40040,88247,44023,32371,39511,57594,35236,32377,26041,72315,02503,27045,57461,41125,32098,76164,52506,19041,77051,18265,62127,31311,21320,59187,57466,10111,67400,31220,10127,85147,59569,66140,36025,25097,67326,02220,29098,80541,44155,80781,81024,73277,76196,62072,23187,51592,44183,24291,70240,82007,39508,62038,49114,31238,76663,74289,56111,25267,60514,24560,64527,28343,21345,76072,14541,31378,70237,51633,82084,10409,22264,60301,13212,33500,72311,59064,47263,31279,50023,22035,91109,22241,38246,62635,80118,21098,03226,14271,45316,46322,62097,76241,10278,08126,10117,54206,53073,75101,25340,37092,09002,28173,50618,14554,76717,19169,89354,47167,06128,77200,17247,51631,24525,57587,53263,71129,89064,58073,43129,77408,53214,25505,51239,33357,03100,78239,81286,71209,92048,69296,77452,36016,65053,46190,15006,74095,67233,17284,68195,40208,86149,03242,42168,03301,60137,74243,71176,01410,33143,71365,39554,49008,62126,59513,39525,67165,19207,67288,34250,23091,33385,39471,79064,2B039,33524,89081,09109,64545,73033,51241,66160,34100,54298,55356,25039,23166,81076,35280,95229,31346,57701,51491,79235,52447,71230,51663,77039,71409,18130,19162,73028,01192,71303,14452,88114,61140,21372,59434,70364,09201,08374,60618,42061,70265,18159,57147,79020,62663,34289,71300,86026,67556,52122,29101,31058,26343,52067,58283,70414,09008,02581,24347,63295,34023,27330,68379,12229,01150,51081,64244,54563,29295,29105,54218,19051,07108,03173,04138,54328,45317,29012,27235,32043,05161,29116,49248,59545,64184,62550,67268,47138,64181,31164,36050,15086,05109,06081,83133,41138,65006,28157,72369,18004,32189,21107,62506,72024,08030,09173,88407,50402,57469,97216,06148,57197,11322,78015,54442,16173,74188,90019,60684,76500,33349,82015,82102,45129,62568,79133,10053,58299,43082,24384,40243,69220,16255,62263,63343,70452,79119,07205,61063,65278,26291,79009,16229,58270,73311,38427,68101,50350,19199,66073,11209,10087,78031,67094,86300,60460,17086,86137,09037,39080,31294,01180,46198,02511,26217,81134,51134,12248,74260,43229,52108,37161,79332,55532,65395,73210,93077,74161,22050,77232,07221,39435,57595,14371,70238,31254,32245,27612,08317,22353,57714,34178,08450,39109,19284,38247,76234,68026,47207,86115,51035,39004,31116,25132,63031,90034,87071,68307,51285,63158,21660,27326,17293,16002,33393,57521,06050,02650,51413,79226,79066,47060,34283,12213,69230,33120,21355,71153,15198,04077,76641,51001,67074,89074,62172,03040,18150,77104,09305,16098,53232,07119,61251,32445,21714,23244,38271,69075,15095,50072,05053,21295,08472,55512,57149,47313,19180,78283,14538,27457,50579,70099,22084,25059,68027,78562,10030,77226,40233,72217,83060,67364,59240,14484,80186,80373,89142,05039,95543,71412,53191,36010,01149,94004,24011,07209,57558,44067,43218,34049,76727,67132,32349,85148,42214,21540,89309,83029,63153,51428,62632,33444,14381,12058,63226,78620,63184,74210,62230,86237,69268,77116,70464,80486,57276,07310,64125,60050,63027,29054,59645,21708,62469,75102,40181,81171,01081,50251,88492,31504,19006,72221,64185,21416,40028,14431,12082,50273,31049,12289,72325,22265,71415,60108,64509,34081,61291,72043,63413,59444,62449,16340,76425,60636,10389,11262,10027,62681,24231,76552,54027,57124,60160,34121,72302,31092,60391,46305,51421,72290,02296,03254,63180,07054,83001,33208,86044,08064,34171,80695,45176,66127,15147,15079,59435,62330,42134,01405,57029,70581,28424,97218,88188,74228,22032,86220,54449,08036,55108,57141,62563,31383,38397,36097,81018,26203,72182,70084,2B343,33042,62054,32391,39505,38242,36131,50457,61080,80826,01160,64555,36053,71147,02480,77385,50598,11210,02310,41113,39300,77333,51156,76545,36044,37003,54072,22054,78071,71290,64299,02551,40036,68117,77179,25626,59004,91645,39517,95157,89456,57623,24255,81280,88058,61347,76611,30044,08273,86284,17383,54301,62450,01085,39192,24307,01407,51029,61330,56112,21026,33051,79200,34201,11413,39560,38472,74133,21529,2B164,33361,14318,53240,32014,68380,64482,76398,24221,60320,52184,48048,27263,61149,11046,76250,16119,40171,29201,63205,42122,27361,50111,68338,62545,55543,03230,62173,77121,22389,24141,54420,25258,76499,38276,07020,44111,02675,51566,11368,21151,81118,72138,57624,39368,51508,42198,35141,57568,40300,30017,19216,97132,70438,58241,70292,69100,14352,48188,01143,07170,76518,63017,08104,22099,25492,16029,16077,76142,26194,48135,31493,26126,63244,14269,61072,26004,77519,91629,48149,32078,67148,13116,06097,39236,82046,65291,59253,31549,71291,67337,21576,38407,69270,21519,07347,70250,79256,03244,67049,71302,02304,31473,73188,80819,62141,77266,09097,88231,47064,30050,55087,15037,42216,62428,70153,72274,59363,32386,08059,95395,21598,11242,40133,31146,67208,23012,57423,18213,05118,37156,07101,50334,91425,54212,62073,59213,89117,51461,32158,01404,82133,80035,89006,07167,38458,91631,65105,66032,09219,12158,15026,27050,81185,21168,33077,24267,57280,64293,24386,67266,17292,97226,25558,62776,64403,57489,26311,52472,38347,10116,28346,66008,24180,88041,60072,61424,77419,55272,17463,18015,80348,51612,82068,60414,58071,80586,58198,85123,25468,67141,54115,35231,76014,02694,80535,80130,57143,35229,64419,60164,38182,19028,14743,27683,52104,12041,26252,62497,37042,02463,28194,50469,62734,08385,44053,31388,15053,21525,11135,50570,71346,88274,88228,55563,78401,09285,17308,17446,54555,88285,89432,59365,38174,21405,11418,34154,02368,2B120,80707,29137,88070,64086,34331,78084,81272,91235,03186,18061,90070,50260,21122,27670,17006,64046,63456,40180,57062,25381,40232,44221,54470,57491,57691,57733,70190,21300,78262,92024,10207,73178,59430,90026,40172,06052,38520,35124,19048,87044,61362,64038,42083,52232,22383,35065,82161,62400,02656,14027,40089,61208,39048,62466,61473,02627,30105,31543,31590,27179,07332,80056,35096,27037,02546,01134,83143,38235,68275,64078,85256,34176,28038,60485,37122,49123,02156,08250,12283,86230,36232,51613,72237,19269,02790,94021,08187,35358,04084,10022,50528,08344,41141,46177,64282,46134,88201,30326,74082,30349,97225,38556,29108,77027,47055,45077,53257,02678,91207,66230,02192,35146,06139,26133,45053,71188,67199,88064,71011,54244,22133,43018,60091,62836,61101,33154,05044,72364,70276,02230,50548,57120,61512,32157,57364,18046,24031,66045,46238,45213,63336,54172,73161,39032,22085,76225,67443,52182,32030,64304,57080,70009,24399,72052,25489,58066,88462,10215,62339,23089,19195,25046,17245,28068,28285,73128,32306,74064,36037,70301,88004,60209,76321,51303,50219,82132,26221,63177,31508,74154,57024,49180,81157,33414,57598,73140,59223,71344,59145,26070,53054,38341,58266,53230,46128,71135,11335,32016,71566,71559,62521,80036,65058,21135,59071,66064,17220,26281,77201,09309,11151,62019,25346,93061,74072,68033,28092,02157,71570,11396,33112,44173,23082,21434,19103,80395,28373,59455,26292,51485,34163,24443,16027,31067,25540,61242,71446,80043,60218,64196,09298,95652,39292,76336,30102,21255,02450,26102,60101,87190,18188,32276,63342,86244,26367,87060,39193,10346,59031,58102,82154,64429,38149,60568,76530,64192,32003,91511,81227,76513,41098,25403,49130,26036,86107,71115,71044,73302,62380,53128,13090,02778,86266,39503,13104,97204,86094,50483,16086,04144,34195,58242,50048,68107,76651,2B320,61055,86255,28409,19081,2B239,64450,24302,36140,16317,72277,41186,40299,59668,68079,40169,40189,52132,31230,85055,45033,25301,78246,28245,50634,01301,78049,77178,14501,33317,51432,27368,55303,18184,08203,45193,71420,55416,59192,62409,60478,04173,27271,76066,29202,08025,26286,52288,76409,22276,64488,02005,44102,60689,73120,17318,52298,16368,01289,29269,54446,21226,28263,51596,69154,39304,60285,60659,57570,09019,46149,40163,70290,60367,89451,34209,25382,25054,88179,16282,43166,62194,45133,70065,30164,65110,72210,80762,10326,51086,27167,61476,54141,70015,70327,60365,22288,02461,89018,60350,11213,64214,79338,90014,77225,80210,33539,45075,09031,54544,65373,52171,52488,54199,76181,31593,48042,62814,17099,23122,03016,77527,01334,80142,62139,40093,76294,59402,77392,18143,40112,30225,82044,34086,55460,23045,64552,51381,26153,46087,61243,71377,61224,64283,59115,87078,21577,63125,24131,55055,41290,70143,51126,25345,54104,27353,86172,45092,55103,23086,37130,71451,36078,59653,21715,36121,46073,67356,27586,31133,01419,32009,62804,17094,21182,95580,70426,39009,50158,21653,51313,55439,35050,23192,84053,17239,10217,40155,34155,60515,57547,73019,22143,46131,54303,83106,69076,45022,52322,81162,28423,41239,39498,76182,28058,68323,45042,52029,01265,52286,43150,09151,76460,62324,24116,62817,85138,38187,54127,01309,28367,97128,88325,66162,31270,46157,86151,61464,25155,70397,71113,09261,78322,63409,82006,59612,65385,13097,89032,02252,87031,86015,12069,80654,39250,16050,60131,65369,03176,2A189,22209,10004,88163,60381,84030,23233,59111,72252,64455,01276,53027,33198,38464,62892,72378,72373,52256,57322,15241,09128,92040,47006,76341,56045,19094,36099,59449,12028,09281,59478,24215,87120,41269,62014,88062,02542,74081,15003,37181,45201,74129,52364,08364,08283,28211,17322,12278,30159,04108,19056,29043,70430,87135,85284,07219,31583,97108,27027,19071,62329,62622,16130,07231,72227,31050,59556,25016,43007,55069,24436,24205,48112,76276,52205,95424,22093,51425,77124,78530,80322,39351,02534,32169,54073,09021,41134,70273,67057,72214,74053,07254,65139,30247,55516,70578,46210,08303,07159,06079,45005,60540,18114,17484,02374,08092,37110,57334,65279,79096,40035,60479,52396,76743,64312,01336,63379,18064,14654,54254,41180,59534,61030,01191,80134,30213,66090,02592,03267,23125,24177,45011,79105,64435,51025,80644,82188,58113,53146,10252,64442,04230,02582,58105,91507,16072,51474,24012,77173,77368,81006,71368,91247,32154,07174,71229,57333,28130,08467,27269,02390,24574,54565,02228,30134,49138,46328,02343,01290,25230,32439,76526,68019,60397,02355,38355,02689,80001,45103,57083,65322,64468,04169,76339,67330,35206,62010,86253,25597,35276,64006,15143,67335,38374,72350,73216,46239,17164,82039,34013,06070,28370,01158,57455,33229,88482,51298,04112,25402,89447,19209,19016,42304,11096,62365,02298,60603,67506,47298,54201,14138,47238,91332,22376,27428,56256,27580,62102,90054,71419,84111,77433,22009,54422,25202,02400,54294,32317,27398,50637,01209,2B192,72241,35004,51113,65007,14291,24455,30085,25263,27644,71273,76387,55257,18119,63370,62576,33069,44019,51157,43148,62503,25457,24058,34219,26083,22136,71434,11168,55284,53056,26274,71356,67424,04163,54512,37020,08426,29299,33555,47255,63424,90006,38078,38443,54407,72283,31441,67403,73228,47146,31359,10133,54222,09104,17357,39512,53264,71392,51544,39170,71583,88097,33370,76016,21437,27040,04240,21353,17298,16290,69219,28216,10310,52129,45339,80124,48031,14181,39189,89416,45034,33376,36178,88084,38081,89281,33282,79092,63421,50121,88003,26326,04016,94047,82033,85243,09056,67039,39586,14347,32147,51272,03194,10392,35068,28076,57542,03252,50166,54367,43122,63071,85019,17279,24416,60028,76345,02566,36054,45091,54597,78329,33271,47234,74070,68049,41104,01286,91216,30138,58040,10366,03148,57387,83128,10431,80468,64024,63086,67342,14678,80174,70338,39572,36096,79016,82078,34188,59164,67139,28113,29016,62053,79018,34325,19200,71482,09271,42279,63134,86048,97309,66166,76151,89016,33064,62731,76650,70061,65288,81095,19085,37221,33346,56250,48129,02674,71379,83057,02787,31592,60620,44168,25237,32224,97102,27149,10191,82050,76166,36199,53163,40260,76453,38216,35351,58245,61262,61182,58267,02730,86241,52439,89145,15221,22311,25370,85242,28006,76296,55197,17056,81205,39183,21595,05089,37009,65303,30053,89182,50109,21292,59429,31192,48096,13118,28349,22344,36056,62658,19275,62753,47296,81269,80163,29055,84101,27176,55569,21257,59265,28267,58151,02528,28293,67459,23036,31440,64176,81003,39457,88131,88180,02770,31418,40081,09177,12026,07124,54389,30048,07149,28046,2A041,80045,62408,76369,70233,77468,62784,18102,33148,36008,21310,16310,54527,24457,34047,59323,55271,43094,69098,59342,31463,97601,22280,69089,85082,65088,18217,36066,10256,32022,26240,09193,86120,26098,56128,50115,73078,77006,70202,78522,63248,46100,21034,71072,35149,15075,83145,42191,11092,54273,02129,39208,14646,24438,40121,76082,24492,14669,01288,59277,64097,71399,89394,14082,17176,79285,14491,34167,44061,42068,14745,09146,17128,34256,55365,32148,17147,31078,14096,37185,68245,17248,88200,59174,78470,71091,62727,15024,40094,25416,21248,89273,54528,78302,25145,71364,61497,22101,41261,12277,03149,37075,01252,64357,71563,90068,38208,78472,18192,89336,46229,51211,58003,62129,59188,24202,56022,27094,29038,02508,31211,74285,68326,36009,80430,73191,83033,22196,02219,60058,54409,21470,51475,31022,65235,62388,70185,56177,42331,77053,43123,74138,71183,25197,76649,87121,11193,05124,21347,59555,77515,21545,62832,80098,54268,89353,24483,54269,32057,04075,65161,65275,61164,35279,77330,02502,39289,46324,72261,40032,14284,25584,09009,59010,57132,26365,48088,06099,64422,61361,43117,93005,61284,57580,67010,70368,65116,80290,95212,02548,53057,33031,40254,42332,16377,51077,22033,01025,54508,54382,65173,71149,25047,02696,28246,83041,80244,58218,51598,60152,55172,86260,55075,32353,31350,32281,54009,62239,14244,10237,46062,33167,32309,80543,14752,25161,70157,67380,25388,74309,50387,83050,50513,12159,64194,76053,03171,31386,89098,65023,66018,54276,74051,46120,19240,61046,26205,65345,80658,71080,39365,64005,97233,41034,80215,27051,02376,57225,64430,64410,63141,26308,22363,84065,60395,46066,23103,32304,2A254,37234,54417,39328,57573,80599,52399,76195,72327,70344,25575,62805,67270,53225,47288,38200,55531,41154,81104,53265,38279,36158,72255,60429,37015,29024,48187,50016,52424,50240,31184,50209,01005,28120,52443,60405,39329,71367,70496,19120,23025,2A295,55083,33011,59078,51532,17008,30340,31501,32026,44224,63070,37278,32290,64369,55450,76732,46147,35216,08240,08490,47218,64002,2B235,25143,22202,27307,63376,39326,01066,67052,21423,29237,63064,52047,10056,08004,34003,32082,89312,76528,69248,21329,39217,24354,55154,39143,76093,62299,40164,26316,31486,83006,76379,59220,29278,09275,11384,42146,62791,27204,34199,56253,30191,46184,95313,21215,48145,22219,70222,62809,57520,64035,52240,21224,26248,67002,28385,39491,63341,80168,80160,55220,57448,02520,64267,69179,41155,86050,08328,59347,2B194,48140,80368,46115,37096,76134,08498,78550,71056,19114,56061,76086,30331,17217,80465,70283,02800,39120,54113,79322,25051,67246,67019,14389,71015,73075,80652,30041,31062,95150,59027,12095,64517,73316,53080,73170,67264,71329,30197,08061,61013,43054,58308,35356,02269,27220,06043,34085,26076,11408,92035,51382,80335,07259,04161,78349,62487,31195,32381,51586,10153,44130,02432,24297,80527,39327,76224,65280,02034,18076,06103,88141,73160,57091,76736,71327,23204,72200,23039,03162,17092,31459,14582,86059,35023,32015,46240,21036,31394,02550,60258,60153,07155,42259,64257,16254,33448,38513,52320,07095,57599,07202,77490,13073,58106,55143,60567,39279,08095,57241,71331,07317,35063,65242,52504,32001,18106,97303,78517,55109,63329,31460,23147,15134,64132,04009,63204,39116,32446,71435,70216,65407,14132,17361,58019,83045,38320,51505,28035,08010,72021,80361,74286,48155,37144,45187,75113,54471,34078,77184,14652,72260,67201,82104,67553,71538,33302,81143,22313,68324,14141,95487,01204,54582,55459,47177,68240,02121,30049,42019,56168,62249,02591,16250,63416,71466,85227,27138,06084,26191,31453,08038,33284,80488,70390,33549,40207,78420,31137,35220,80763,47109,81253,76307,18060,77059,60159,77273,41081,21700,12189,77176,39413,71521,12078,12110,81201,38526,59544,73032,33192,39054,27056,33006,64063,21379,48148,55519,70544,21649,62480,34112,35027,50535,54059,19113,40304,22360,02221,62795,23257,02302,45205,41203,62088,10426,34149,21027,16215,21468,67479,47028,26207,40111,33533,95574,81263,11078,76637,30058,2A154,14362,76554,62499,14707,15246,50593,77038,60068,86080,71585,91035,32295,22278,25446,23024,02805,10404,72292,60040,31569,39380,02151,29273,72091,38126,32419,27039,62874,80113,27107,55252,70178,80404,02741,2B185,09209,86117,59361,77423,31076,45012,66097,70562,14740,61357,85121,05114,51391,17109,65254,35166,80722,68211,38128,62903,08400,24326,21692,18273,18267,55007,76560,24160,91665,16188,27073,79254,80676,15141,63016,92033,02367,21194,27069,59152,28004,57631,35072,79337,42095,77283,86025,73141,16089,74056,11025,68332,04126,65378,57294,37039,26220,17313,54486,54071,31427,07245,35246,69123,67557,54107,54457,89482,88449,79257,34260,88395,60366,55424,22352,76108,21317,21242,10115,71561,21508,90050,27697,11371,52489,62769,57253,05094,33473,71272,51580,33066,61219,08005,59025,53247,60042,38231,55043,43160,78642,07207,18129,28193,11023,26349,54357,66180,08195,76759,48126,54390,35054,67396,31372,84137,41096,11066,33090,57009,31013,65482,71398,88042,05074,34205,85229,34157,54548,71160,49341,17297,04118,50150,51015,57583,67498,81212,51040,31041,74290,62865,68246,02493,83109,76445,29112,76670,59656,79207,80039,80811,54497,23156,11130,76740,10309,80813,16249,31447,32416,49284,46054,51534,39561,17105,24394,51424,97208,68298,49259,55336,59509,13018,82010,02823,06113,62162,67343,52325,86034,66186,16196,25422,25534,62040,46309,21155,15216,60284,60309,02458,73275,63235,43013,17057,63368,60393,38379,62356,22114,56173,22293,35168,61440,30333,15160,57007,77267,08046,29228,43242,66232,09033,17428,51371,53202,42287,33431,73189,21202,79024,62114,50532,92007,88369,67102,71347,62247,73208,89292,16061,52287,13204,79345,88511,72269,88381,88322,63394,54453,52476,40049,95610,17281,13008,26263,08435,50363,88187,28249,53186,09114,04134,50265,89266,62745,53176,62719,86178,64043,47248,68136,54183,32404,05097,21307,77272,27468,38134,30173,53008,47104,53100,91339,88501,47236,02055,57263,21062,45314,10383,69174,58186,17085,69162,37251,66214,2B157,19220,57761,64319,35110,82174,60189,80580,60471,64053,03121,32090,63473,40282,71012,24423,60205,50217,80442,14438,65052,21271,15149,31007,54515,79083,89093,27316,17199,53102,23252,73270,25278,59498,38437,54554,52468,33491,80346,62909,47265,58224,73096,36173,14041,02074,76392,07338,41054,63437,42303,79225,87088,27072,52303,38236,39394,88314,68001,39527,67278,80616,10102,57272,66220,54304,24348,31335,09232,89207,76200,02246,88100,76437,54024,18137,35091,32068,70186,15155,33094,35343,45148,78451,21432,89048,84138,14613,39259,38505,18238,19259,77190,08116,52128,26096,03048,83114,71136,95658,67282,61276,51333,64549,05178,59519,62346,57494,25191,14588,17108,47229,32299,60019,74304,24517,81237,27014,80274,60612,57593,71457,71169,27189,77391,01387,21398,02031,31442,14404,59654,46079,58244,19176,55028,80700,08348,35085,25604,65295,95447,89096,80153,80267,80677,24154,85005,27079,41110,08315,25367,37012,06053,10047,81261,79122,60147,60653,42053,50615,62209,02562,26012,02036,21655,35090,68260,25184,27454,60425,33135,74118,25259,76589,95169,70252,69234,27085,88055,88475,50464,49369,71381,10386,65456,21336,01453,40216,01148,14761,85047,67507,47021,14572,21071,88358,23194,62533,45043,24256,39141,67055,50454,45036,70134,38442,23031,33310,71450,91315,61044,80158,07053,30152,55040,46203,64295,66205,57121,02737,61448,55456,88299,22324,33188,55521,74211,77057,70111,34058,08220,33377,46254,63199,70484,48041,21552,01343,21533,18059,35319,71416,76624,90008,17363,81218,80371,87022,62055,54599,15077,51232,33279,21343,27417,76393,63349,80125,15100,04208,71167,14019,43066,73263,70554,44209,25095,59502,55330,81183,32261,10196,45250,45233,02691,35101,71542,64226,49061,31228,12007,64202,80386,24075,36194,74189,11351,56052,65026,17210,62031,70295,56219,42178,91649,22109,02308,65123,03161,46205,30177,22359,47085,59636,54355,76668,11356,41027,04037,76187,28163,57130,21183,64212,49334,41019,77026,81004,77171,60025,86205,33266,56199,51296,07237,73290,74284,84131,37035,32448,32368,77186,24456,34169,77397,91132,51327,50399,57609,11035,35239,26202,17264,48075,77534,10265,68059,76258,08071,38484,60113,80493,64453,43190,55490,70329,62253,55333,89280,69140,60605,54275,88108,27601,80777,36082,14285,27638,65219,62101,69077,21286,80751,02494,47224,42316,28190,18120,34056,68261,47179,80227,58011,51194,42152,70513,86193,62879,47150,18226,24053,25463,39202,62606,15257,73219,2B110,71535,12219,01026,19073,65316,32275,76600,06009,26106,76155,77234,14708,57670,27699,61232,62146,76738,64349,63032,01022,57111,2B087,08066,95061,60172,69187,88298,17046,66107,61261,46171,64397,58208,33071,32256,68262,95341,41293,68044,03175,51290,79149,54233,77257,14336,58080,17249,01229,85160,01432,74025,86200,29279,24403,2A323,80262,72307,64328,02275,07090,30343,36187,30171,72002,68386,50529,27453,39172,30309,82066,59142,26170,17262,91546,40193,03296,42203,59129,05055,49332,67406,25133,88198,47001,16175,38097,84046,71359,51486,55289,30126,64281,82190,62625,54495,53204,12038,59102,32328,76255,31130,19205,33503,10351,14741,19015,27536,38152,19100,77353,01291,76026,57401,62883,36069,56241,87186,37005,05038,30241,63168,72236,80461,47323,03170,80127,39534,24535,30226,58199,26117,57037,16242,54126,86158,30160,63242,45246,65119,88345,15265,64476,24105,64398,53003,30200,47267,39555,56155,68100,69018,45252,57556,50062,02593,18070,25226,59650,48136,54114,72163,65438,2B015,46251,45147,08031,88398,60201,24038,14660,76532,89349,62138,2B301,44127,38158,16326,80827,25218,16066,55443,54004,76605,41080,54602,16074,31433,46043,10280,32450,78380,25060,54445,18275,59002,76167,40067,58214,69031,14744,2A240,02751,76243,14216,71328,08320,79095,79101,28386,27692,40065,39335,59156,67559,03311,59286,28337,60056,18152,39099,60442,39387,24412,69177,79223,56252,31158,51342,37182,97305,64355,65178,28406,82074,42139,43223,33496,21616,36221,76515,90080,41260,08260,53206,25312,29111,33211,61508,87111,01237,38557,51588,08194,90032,10099,88401,84075,51360,80455,31122,87065,18054,23142,50390,26073,57203,64306,56151,62042,79166,34228,73079,67463,51142,35186,31109,15097,74163,29144,11376,85205,34032,38451,22018,62289,02380,62488,16182,51240,02041,55017,07132,13072,26104,05093,47266,17177,21060,37179,43142,64466,63327,57497,80638,08305,33016,59076,25078,76747,76514,77260,39095,67558,21180,95352,37225,61460,45150,23178,70225,85156,21325,03166,24309,14275,68282,83049,39353,19096,26105,07017,67422,14250,48095,82049,01173,61104,64305,01214,38062,71216,27132,54287,57693,38336,38560,57252,56099,51289,21615,22351,22076,38466,47305,36080,28357,32171,61283,79104,57728,62824,68013,70450,11153,27113,88197,51080,27155,03012,62206,21534,21004,78230,23057,86170,69081,36220,41249,45041,81108,51419,77248,25114,08279,17019,97112,27623,09045,21209,89400,02828,07243,21499,77421,32314,54370,38071,87114,51292,64011,82156,17097,23096,47254,2B182,05056,67212,08274,59597,21043,77070,57720,80238,14319,61332,25608,51573,16251,16009,68237,69176,52280,60128,08485,68159,60354,16384,42133,53033,57617,03227,43021,36043,53022,55378,08041,50546,89412,80556,01372,14348,94017,25108,12214,55427,71494,33254,22174,32421,43236,13039,27485,88289,69273,50155,88334,62062,37190,29267,70156,46106,57131,97421,86294,39403,76585,86099,38551,36214,16037,03034,71133,89464,03147,17312,39216,80436,10029,52415,86288,86097,32076,64026,62279,09140,43091,16421,21629,17171,49221,56237,59169,71357,80569,21088,71054,36070,36144,59579,09132,89226,54492,75112,32321,18099,50143,09252,13115,29261,88150,01283,88075,38027,11387,84118,71313,02018,67106,15213,59563,71022,70298,24501,28287,71301,86189,58054,14091,23111,46145,33238,31574,46153,78362,35245,85129,23069,70516,70320,51607,55373,08022,42175,81283,62240,25242,03189,77033,49092,24485,61336,59468,08469,71551,52278,33466,64554,36123,38224,43055,67025,50480,80101,18162,77261,88171,70423,16378,68268,23116,09228,39072,19099,54257,61123,42220,80217,81262,2A310,28362,47237,76207,29060,62626,67483,24496,23207,17338,41036,62307,14405,73095,50409,91312,89215,25384,67271,51551,10180,13071,10281,75119,22081,30125,55520,34172,31069,24142,21436,64151,52524,18173,10052,77175,66198,88090,02120,71126,81001,25321,88408,55544,86223,26271,17179,70565,59160,53158,06098,27693,28172,55484,89189,32095,25547,78444,02457,32354,47020,65463,07340,63224,80662,21101,22188,31075,27311,2B202,38545,58222,60588,41158,59109,01213,72042,52295,77134,18247,51583,48043,25414,74027,13025,65210,70550,34152,51418,65051,38223,78354,59495,54078,53250,89449,55254,37021,86295,80560,26360,64348,11021,78413,50298,11428,38127,61461,50472,68259,54423,80615,45138,71094,64322,39085,47074,05065,70234,2B184,33383,47259,72185,73110,51638,22060,31565,60483,71448,86012,28232,18215,24542,72272,17133,21167,80561,80496,53200,70481,72013,95426,28313,67128,02442,79335,91602,74107,53219,60061,14177,38486,06061,84120,29189,70310,89472,68350,74077,62061,05139,72100,61218,10216,02174,22274,29120,78502,24477,14149,18001,71178,63471,25623,65108,89379,10021,15089,77062,44223,18266,54500,19155,32092,80147,55121,17351,31544,58246,59588,38138,17233,31559,54291,04193,39437,73292,08006,19227,51220,46308,82087,02810,29146,52185,30013,21451,55222,34070,39034,24241,89391,64246,80212,07114,02106,68306,54197,35189,76601,82064,55348,35057,27109,12231,57472,73129,66080,26236,89159,66148,2B329,71141,69267,45194,57680,60501,68258,71263,32252,76665,13089,33356,51523,07290,49236,02332,44205,70388,16418,57565,32390,11187,80794,22147,27599,80803,60027,54042,53025,97220,43016,22333,79307,03203,62513,05104,42075,33543,86104,19165,88444,50289,91635,62006,77022,31010,41088,65428,37208,76634,08448,57192,79148,60430,95019,35250,31403,26321,01451,25212,72209,59305,88321,02159,60193,63059,88050,43151,58297,47066,82020,16024,08503,64136,35207,33435,52450,29109,59618,62078,21296,46104,19245,29192,30222,83094,12230,67462,81217,15110,53049,59197,84063,63289,76280,44082,28236,69297,73269,60518,30095,14241,35253,67513,17034,27560,69038,07073,01434,73182,04020,42073,65268,09314,78048,60590,01423,06038,18091,09113,76054,63131,04087,26329,72317,33123,88082,11395,02401,63001,55359,61374,07233,95018,67450,31115,54077,52201,57426,14650,40086,63219,14701,68297,76302,70280,11393,21218,06008,71584,09245,68292,16110,27584,57645,88258,60295,14393,10324,25018,01056,29134,37115,76590,01242,77533,52318,21228,10164,62840,77123,65238,81065,02189,70208,83153,64105,80579,76314,70227,31134,45013,01456,33022,14335,24473,02093,63124,31215,21348,51146,21391,50578,15235,90066,85208,21573,02125,38465,63355,67291,62672,51478,24216,2A098,15207,74016,31528,41071,49167,16220,42042,28342,70020,57692,40293,12128,86263,67524,05033,85134,04025,14046,08043,24019,65443,88391,44024,28264,63107,59219,39447,54307,19152,68210,65060,40044,60398,17435,24063,78087,89460,32194,32420,29182,35038,54345,10150,81229,63090,69132,58041,62557,67394,84106,36017,80364,65287,63436,72262,67407,70553,29280,62599,77162,50148,67329,11222,10279,29197,64492,17460,88161,79071,67156,65442,21650,58075,52519,40280,04154,76153,43201,50429,76315,07011,55004,70447,66189,14424,66103,57663,63303,45342,26327,59625,09133,24321,72305,45027,68367,16346,57754,51028,69053,19044,65085,28111,88413,24122,06069,40236,26313,73085,54262,76313,55173,16144,29250,52373,03084,31026,62792,70232,37081,77101,03144,64116,27423,39415,85151,38430,47170,45143,70195,65074,40012,17472,57287,25121,18182,17263,28170,32210,17013,60633,51110,04141,81035,65282,86169,14289,60573,78010,54510,57001,12120,58111,76238,51120,57307,97401,60559,32008,14274,72095,34050,55323,46121,61272,54530,57089,15263,12070,52084,31225,88489,72357,87014,14140,66175,59503,11012,28151,74239,35144,24573,38095,64080,22059,71489,38528,76616,51431,50232,97115,27470,77439,57667,48185,13062,71165,31302,18212,51438,13216,37105,62291,76004,67444,66124,71047,27285,79015,11212,60382,62678,06152,22284,54306,32177,51328,88037,35003,67464,97402,55546,57561,86192,17168,79306,61130,57739,58239,42227,10355,24222,36098,40333,26328,27038,52327,79002,66035,27031,57057,62771,21066,03303,15041,32355,27170,27635,60206,38409,62405,73021,64083,73301,44194,89359,14644,57058,57347,52328,67456,76260,55534,09247,37240,68378,11427,81319,59442,43050,29091,31310,59605,52357,44080,03065,31087,60493,22124,15073,51343,10295,29268,72251,31245,31152,01096,61035,69066,33443,60574,57011,26038,60223,33459,15078,97353,60199,67204,53046,58164,58024,37011,18105,39110,31445,49020,74199,73177,67088,65001,69169,22215,54271,57145,31355,47250,75110,73173,58027,40334,27527,89434,88031,24016,08340,79286,23185,26350,57358,15152,55515,35137,02487,44195,58212,80822,11086,70493,31555,30321,21395,54101,80177,45081,32398,08481,63200,16301,49223,22267,34101,52354,53127,77067,33365,68223,72143,73194,55062,22168,52031,80470,03228,51188,59162,62085,09216,2B296,23098,30180,59049,53096,77414,30335,21223,28274,97126,62868,04109,62007,78053,01071,41213,64175,60197,57332,53015,64191,04021,60378,61198,11248,77218,46018,10228,41266,19107,42050,52505,64463,17342,91195,55138,22164,85239,61304,10241,54489,49352,38449,27445,48012,51567,79032,55549,76576,06042,60617,40210,21044,85252,57452,45087,97412,94058,50489,07214,02598,03104,27405,60270,24286,38013,11404,49219,27620,55195,22371,41201,46260,58161,55388,11144,08164,71378,44010,16349,41243,67339,11272,31466,74265,47059,89378,76593,51564,02078,55343,2B334,60563,66091,42295,57702,02196,76400,89214,81052,57559,45259,46172,91100,77205,78090,52248,02290,51525,82085,70482,24381,42167,25609,02163,61445,39136,88402,70112,66157,89259,16216,18085,74267,10040,68203,50235,21667,22335,35214,17350,10422,48193,73104,24107,31088,74098,79203,91340,62363,08440,14098,60435,77122,37220,26010,79190,77435,50285,25615,08109,55022,29020,52391,28121,02303,76645,76623,12001,42174,62467,76292,10006,54049,28091,52058,04199,76721,59320,71319,10273,27182,60601,97604,65293,85223,51244,28207,69103,76412,18278,27517,35226,55158,2A008,33402,63103,31231,38209,67440,22172,64021,01177,77448,67111,66095,56043,27237,21251,10042,44063,33085,36238,76482,95094,88346,08094,32049,62759,60443,17141,56139,67387,77151,66194,27006,05115,57233,88390,44069,21356,43165,56218,19026,26289,52138,51367,68309,15151,29241,10008,51414,31567,21250,63165,59243,71268,50603,62527,95040,01254,97107,58178,80376,80784,64216,38261,31120,52037,21560,15183,61189,37154,61466,52009,33230,61481,85106,67503,38258,51349,38428,38549}","",2026-03-24 14:41:32.274366+01,gold_establishments_2025,,,,13001831000537,2025,Établissement public,National,"['Ain', 'Aisne', 'Allier', 'Alpes-de-Haute-Provence', 'Hautes-Alpes', 'Alpes-Maritimes', 'Ardèche', ","['Guadeloupe', 'Martinique', 'Guyane', 'La Réunion', 'Mayotte', 'Île-de-France', 'Centre-Val de Loir",EPIC-EPA,"{01,02,03,04,05,06,07,08,09,10,11,12,13,14,15,16,17,18,19,21,22,23,24,25,26,27,28,29,2A,2B,30,31,32,33,34,35,36,37,38,39,40,41,42,43,44,45,46,47,48,49,50,51,52,53,54,55,56,57,58,59,60,61,62,63,64,65,66,67,68,69,70,71,72,73,74,75,76,77,78,79,80,81,82,83,84,85,86,87,88,89,90,91,92,93,94,95,971,972,973,974,976}","{01,02,03,04,06,11,24,27,28,32,44,52,53,75,76,84,93,94}"
5cac4536-83cb-4408-bd91-3fb64a449df7,246300701,Clermont Auvergne Métropole (63),false,"{63014,63019,63032,63042,63063,63069,63070,63075,63099,63113,63124,63141,63164,63193,63254,63263,63272,63284,63307,63308,63345}",ME,2026-03-24 14:41:51.447482+01,gold_establishments_2025,,,,24630070100231,2025,Collectivité Territoriale,Intercommunalité,['Puy-de-Dôme'],['Auvergne-Rhône-Alpes'],METRO,{63},{84}
13805c6b-40de-4cd0-9ddf-0ba16fea4433,200094332,Collectivité Européenne d'Alsace,false,"{67001,67002,67003,67004,67005,67006,67008,67009,67010,67011,67012,67013,67016,67017,67018,67019,67020,67021,67022,67023,67025,67026,67027,67028,67029,67030,67031,67032,67033,67034,67035,67036,67037,67038,67039,67040,67043,67044,67045,67046,67047,67048,67049,67050,67051,67052,67053,67054,67055,67056,67057,67058,67059,67060,67061,67062,67063,67065,67066,67067,67068,67069,67070,67071,67072,67073,67074,67075,67076,67077,67078,67079,67080,67081,67082,67083,67084,67085,67086,67087,67088,67089,67090,67091,67092,67093,67094,67095,67096,67097,67098,67099,67100,67101,67102,67103,67104,67105,67106,67107,67108,67109,67110,67111,67112,67113,67115,67116,67117,67118,67119,67120,67121,67122,67123,67124,67125,67126,67127,67128,67129,67130,67131,67132,67133,67134,67135,67136,67137,67138,67139,67140,67141,67142,67143,67144,67145,67146,67147,67148,67149,67150,67151,67152,67153,67154,67155,67156,67159,67160,67161,67162,67163,67164,67165,67166,67167,67168,67169,67172,67173,67174,67176,67177,67178,67179,67180,67181,67182,67183,67184,67185,67186,67187,67188,67189,67190,67191,67192,67194,67195,67196,67197,67198,67199,67200,67201,67202,67203,67204,67205,67206,67208,67209,67210,67212,67213,67214,67215,67216,67217,67218,67220,67221,67222,67223,67225,67226,67227,67228,67229,67230,67231,67232,67233,67234,67235,67236,67237,67238,67239,67240,67241,67242,67244,67245,67246,67247,67248,67249,67250,67252,67253,67254,67255,67256,67257,67258,67259,67260,67261,67263,67264,67265,67266,67267,67268,67269,67270,67271,67272,67273,67274,67275,67276,67277,67278,67279,67280,67281,67282,67283,67285,67286,67287,67288,67289,67290,67291,67292,67293,67295,67296,67298,67299,67300,67301,67302,67303,67304,67305,67306,67307,67308,67309,67310,67311,67312,67313,67314,67315,67317,67319,67320,67321,67322,67324,67325,67326,67327,67328,67329,67330,67331,67333,67334,67335,67336,67337,67338,67339,67340,67341,67342,67343,67344,67345,67346,67347,67348,67349,67350,67351,67352,67353,67354,67355,67356,67358,67359,67360,67361,67362,67363,67364,67365,67366,67367,67368,67369,67370,67371,67372,67373,67375,67377,67378,67379,67380,67381,67382,67383,67384,67385,67386,67387,67388,67389,67391,67392,67394,67395,67396,67397,67398,67400,67401,67403,67404,67405,67406,67407,67408,67409,67410,67411,67412,67413,67414,67415,67416,67417,67418,67420,67421,67422,67423,67424,67425,67426,67427,67428,67429,67430,67432,67433,67434,67435,67436,67437,67438,67440,67441,67442,67443,67444,67445,67446,67447,67448,67449,67450,67451,67452,67453,67454,67455,67456,67458,67459,67460,67461,67462,67463,67464,67465,67466,67467,67468,67470,67471,67472,67473,67474,67475,67476,67477,67478,67479,67480,67481,67482,67483,67484,67485,67486,67487,67488,67489,67490,67491,67492,67493,67494,67495,67497,67498,67499,67500,67501,67502,67503,67504,67505,67506,67507,67508,67509,67510,67511,67513,67514,67515,67516,67517,67519,67520,67521,67522,67523,67524,67525,67526,67527,67528,67529,67530,67531,67532,67534,67535,67536,67537,67538,67539,67540,67541,67542,67543,67544,67545,67546,67547,67548,67550,67551,67552,67553,67554,67555,67556,67557,67558,67559,68001,68002,68004,68005,68006,68007,68008,68009,68010,68011,68012,68013,68014,68015,68016,68017,68018,68019,68020,68021,68022,68023,68024,68025,68026,68027,68028,68029,68030,68032,68033,68034,68035,68036,68037,68038,68039,68040,68041,68042,68043,68044,68045,68046,68049,68050,68051,68052,68054,68055,68056,68057,68058,68059,68060,68061,68062,68063,68064,68065,68066,68067,68068,68069,68071,68072,68073,68074,68075,68076,68077,68078,68079,68080,68081,68082,68083,68084,68085,68086,68087,68088,68089,68090,68091,68092,68093,68094,68095,68096,68097,68098,68099,68100,68101,68102,68103,68104,68105,68106,68107,68109,68110,68111,68112,68113,68114,68115,68116,68117,68118,68119,68120,68121,68122,68123,68124,68125,68126,68127,68128,68129,68130,68131,68132,68134,68135,68136,68137,68138,68139,68140,68141,68142,68143,68144,68145,68146,68147,68148,68149,68150,68151,68152,68153,68154,68155,68156,68157,68158,68159,68160,68161,68162,68163,68165,68166,68167,68168,68169,68170,68171,68172,68173,68174,68175,68176,68177,68178,68179,68180,68181,68182,68183,68184,68185,68186,68187,68188,68189,68190,68191,68192,68193,68194,68195,68196,68197,68198,68199,68200,68201,68202,68203,68204,68205,68207,68208,68209,68210,68211,68212,68213,68214,68215,68216,68217,68218,68219,68221,68222,68223,68224,68225,68226,68227,68228,68229,68230,68231,68232,68234,68235,68237,68238,68239,68240,68241,68242,68243,68244,68245,68246,68247,68248,68249,68250,68251,68252,68253,68254,68255,68256,68257,68258,68259,68260,68261,68262,68263,68264,68265,68266,68267,68268,68269,68270,68271,68273,68274,68275,68276,68277,68278,68279,68280,68281,68282,68283,68284,68285,68286,68287,68288,68289,68290,68291,68292,68293,68294,68295,68296,68297,68298,68299,68300,68301,68302,68303,68304,68305,68306,68307,68308,68309,68311,68312,68313,68315,68316,68317,68318,68320,68321,68322,68323,68324,68325,68326,68327,68328,68329,68330,68331,68332,68333,68334,68335,68336,68337,68338,68340,68341,68342,68343,68344,68345,68347,68348,68349,68350,68351,68352,68353,68354,68355,68356,68357,68358,68359,68360,68361,68362,68363,68364,68365,68366,68367,68368,68370,68371,68372,68373,68374,68375,68376,68377,68378,68379,68380,68381,68382,68383,68384,68385,68386}",DEP,2026-03-24 14:41:49.581307+01,gold_establishments_2025,,,,20009433200018,2025,Collectivité Territoriale,Département,"['Bas-Rhin', 'Haut-Rhin']",['Grand Est'],DEP,"{67,68}",{44}
485dd8e6-7594-4df9-bbcf-3bcca5865735,229880018,Collectivité Nouvelle-Calédonie,false,{},"",2026-03-24 14:41:49.581307+01,gold_establishments_2025,,,,22988001800010,2025,Collectivité Territoriale,Collectivité TOM,['Nouvelle-Calédonie'],[],TOM,{988},
854cd254-256e-4d25-8581-f8e8947bbe30,229870019,Collectivité Polynésie française,false,{},"",2026-03-24 14:41:49.581307+01,gold_establishments_2025,,,,22987001900010,2025,Collectivité Territoriale,Collectivité TOM,['Polynésie française'],[],TOM,{987},
93a3e355-9461-422a-88af-3917aa3bf246,200015816,Collectivité Saint-Barthélemy,false,{},"",2026-03-24 14:41:49.581307+01,gold_establishments_2025,,,,20001581600016,2025,Collectivité Territoriale,Collectivité TOM,['Saint-Barthélemy'],[],TOM,{977},
09463d4c-e877-43f2-986c-0565a835e68e,219711272,Collectivité Saint-Martin,false,{},"",2026-03-24 14:41:49.581307+01,gold_establishments_2025,,,,21971127200019,2025,Collectivité Territoriale,Collectivité TOM,['Saint-Martin'],[],TOM,{978},
5ab8d9b4-4c55-4512-b266-db46af44f06c,229750013,Collectivité Saint-Pierre-et-Miquelon,false,{},"",2026-03-24 14:41:49.581307+01,gold_establishments_2025,,,,22975001300018,2025,Collectivité Territoriale,Collectivité TOM,['Saint-Pierre-et-Miquelon'],[],TOM,{975},
eccb2db7-d0d1-412e-bec7-86673a5262a9,229860010,Collectivité Wallis-et-Futuna,false,{},"",2026-03-24 14:41:49.581307+01,gold_establishments_2025,,,,22986001000011,2025,Collectivité Territoriale,Collectivité TOM,['Wallis-et-Futuna'],[],TOM,{986},
c12eeafa-8680-4b9e-b710-9bef6dc04ae0,216400010,Commune de Aast (64),false,{64001},Commune,2026-03-24 14:42:06.130387+01,gold_establishments_2025,,,,21640001000015,2025,Collectivité Territoriale,Commune,['Pyrénées-Atlantiques'],['Nouvelle-Aquitaine'],COM,{64},{75}
85243127-f537-4004-85f5-91a8fd199c9b,215500018,Commune de Abainville (55),false,{55001},Commune,2026-03-24 14:42:02.957225+01,gold_establishments_2025,,,,21550001800019,2025,Collectivité Territoriale,Commune,['Meuse'],['Grand Est'],COM,{55},{44}
ee889d18-17a3-489e-8e37-911f980437d5,215900010,Commune de Abancourt (59),false,{59001},Commune,2026-03-24 14:42:04.280096+01,gold_establishments_2025,,,,21590001000012,2025,Collectivité Territoriale,Commune,['Nord'],['Hauts-de-France'],COM,{59},{32}
d93df860-b5a9-44be-b154-d6a699c8db79,216000018,Commune de Abancourt (60),false,{60001},Commune,2026-03-24 14:42:04.814328+01,gold_establishments_2025,,,,21600001800012,2025,Collectivité Territoriale,Commune,['Oise'],['Hauts-de-France'],COM,{60},{32}
f724522b-1ead-4967-8788-9726b1fab5ca,215400011,Commune de Abaucourt (54),false,{54001},Commune,2026-03-24 14:42:02.957225+01,gold_establishments_2025,,,,21540001100015,2025,Collectivité Territoriale,Commune,['Meurthe-et-Moselle'],['Grand Est'],COM,{54},{44}
2d36a242-f764-452e-9ea2-3a04a018b813,215500026,Commune de Abaucourt-Hautecourt (55),false,{55002},Commune,2026-03-24 14:42:02.957225+01,gold_establishments_2025,,,,21550002600012,2025,Collectivité Territoriale,Commune,['Meuse'],['Grand Est'],COM,{55},{44}
1fb16a0f-6c37-4699-bd1a-249dce1f7e3f,212500011,Commune de Abbans-Dessous (25),false,{25001},Commune,2026-03-24 14:41:55.958138+01,gold_establishments_2025,,,,21250001100011,2025,Collectivité Territoriale,Commune,['Doubs'],['Bourgogne-Franche-Comté'],COM,{25},{27}
db6ef767-41cc-4dde-a171-7a0645d93f07,212500029,Commune de Abbans-Dessus (25),false,{25002},Commune,2026-03-24 14:41:55.958138+01,gold_establishments_2025,,,,21250002900013,2025,Collectivité Territoriale,Commune,['Doubs'],['Bourgogne-Franche-Comté'],COM,{25},{27}
b498365a-2b56-477e-a4b8-9459f6783b6b,214400012,Commune de Abbaretz (44),false,{44001},Commune,2026-03-24 14:42:00.273698+01,gold_establishments_2025,,,,21440001200016,2025,Collectivité Territoriale,Commune,['Loire-Atlantique'],['Pays de la Loire'],COM,{44},{52}
c4424ec1-8a8d-455a-8a7f-495b1de7a79a,216000059,Commune de Abbecourt (60),false,{60002},Commune,2026-03-24 14:42:04.814328+01,gold_establishments_2025,,,,21600005900016,2025,Collectivité Territoriale,Commune,['Oise'],['Hauts-de-France'],COM,{60},{32}
848907a6-569b-4f0b-8bec-3ba41dd6ec62,212500037,Commune de Abbenans (25),false,{25003},Commune,2026-03-24 14:41:55.958138+01,gold_establishments_2025,,,,21250003700016,2025,Collectivité Territoriale,Commune,['Doubs'],['Bourgogne-Franche-Comté'],COM,{25},{27}
26a5387a-82d4-4a17-8ee4-ae08dddfa072,218000016,Commune de Abbeville (80),false,{80001},Commune,2026-03-24 14:42:09.43682+01,gold_establishments_2025,,,,21800001600012,2025,Collectivité Territoriale,Commune,['Somme'],['Hauts-de-France'],COM,{80},{32}
df4f4134-0712-41cd-ba72-a18e1601ca1d,216000091,Commune de Abbeville-Saint-Lucien (60),false,{60003},Commune,2026-03-24 14:42:04.814328+01,gold_establishments_2025,,,,21600009100019,2025,Collectivité Territoriale,Commune,['Oise'],['Hauts-de-France'],COM,{60},{32}
e420fb92-8248-42f9-8f0e-c55e52a0ae63,210200010,Commune de Abbécourt (02),false,{02001},Commune,2026-03-24 14:41:51.447482+01,gold_establishments_2025,,,,21020001000010,2025,Collectivité Territoriale,Commune,['Aisne'],['Hauts-de-France'],COM,{02},{32}
9c8d7059-eac4-492f-b786-e15ec49bb5df,219100013,Commune de Abbéville-la-Rivière (91),false,{91001},Commune,2026-03-24 14:42:11.659493+01,gold_establishments_2025,,,,21910001300016,2025,Collectivité Territoriale,Commune,['Essonne'],['Île-de-France'],COM,{91},{11}
e9f515bf-5be7-43e2-8957-b4956c7033b9,215400029,Commune de Abbéville-lès-Conflans (54),false,{54002},Commune,2026-03-24 14:42:02.957225+01,gold_establishments_2025,,,,21540002900017,2025,Collectivité Territoriale,Commune,['Meurthe-et-Moselle'],['Grand Est'],COM,{54},{44}
19dcbef8-c634-472e-8288-c6000e60045a,212500045,Commune de Abbévillers (25),false,{25004},Commune,2026-03-24 14:41:55.958138+01,gold_establishments_2025,,,,21250004500019,2025,Collectivité Territoriale,Commune,['Doubs'],['Bourgogne-Franche-Comté'],COM,{25},{27}
6280391b-b40b-4303-a395-1c7908e07e55,213400013,Commune de Abeilhan (34),false,{34001},Commune,2026-03-24 14:41:58.620411+01,gold_establishments_2025,,,,21340001300016,2025,Collectivité Territoriale,Commune,['Hérault'],['Occitanie'],COM,{34},{76}
04f30d78-b00f-4d33-baa8-0071a9e4cc1f,217000017,Commune de Abelcourt (70),false,{70001},Commune,2026-03-24 14:42:07.735343+01,gold_establishments_2025,,,,21700001700012,2025,Collectivité Territoriale,Commune,['Haute-Saône'],['Bourgogne-Franche-Comté'],COM,{70},{27}
0e83ade1-cde3-4118-87a8-dbeee7291cf4,213900012,Commune de Abergement-la-Ronce (39),false,{39001},Commune,2026-03-24 14:41:59.705606+01,gold_establishments_2025,,,,21390001200013,2025,Collectivité Territoriale,Commune,['Jura'],['Bourgogne-Franche-Comté'],COM,{39},{27}
ca9f97ed-4fef-4a7b-8a17-0de1d24e4470,213900020,Commune de Abergement-le-Grand (39),false,{39002},Commune,2026-03-24 14:41:59.705606+01,gold_establishments_2025,,,,21390002000016,2025,Collectivité Territoriale,Commune,['Jura'],['Bourgogne-Franche-Comté'],COM,{39},{27}
cc7c559c-c705-4954-9216-0a271e0ba70f,213900038,Commune de Abergement-le-Petit (39),false,{39003},Commune,2026-03-24 14:41:59.705606+01,gold_establishments_2025,,,,21390003800018,2025,Collectivité Territoriale,Commune,['Jura'],['Bourgogne-Franche-Comté'],COM,{39},{27}
df451b48-1d7d-4e93-9838-200cca94c72b,213900046,Commune de Abergement-lès-Thésy (39),false,{39004},Commune,2026-03-24 14:41:59.705606+01,gold_establishments_2025,,,,21390004600011,2025,Collectivité Territoriale,Commune,['Jura'],['Bourgogne-Franche-Comté'],COM,{39},{27}
5fa8e0d9-a8fd-4107-ba1f-06f49a077ddd,216400036,Commune de Abidos (64),false,{64003},Commune,2026-03-24 14:42:06.130387+01,gold_establishments_2025,,,,21640003600010,2025,Collectivité Territoriale,Commune,['Pyrénées-Atlantiques'],['Nouvelle-Aquitaine'],COM,{64},{75}
929b9d7b-2e97-4576-8d4d-b6710db3e7b7,213700016,Commune de Abilly (37),false,{37001},Commune,2026-03-24 14:41:59.160244+01,gold_establishments_2025,,,,21370001600016,2025,Collectivité Territoriale,Commune,['Indre-et-Loire'],['Centre-Val de Loire'],COM,{37},{24}
dcc1a41e-7dc7-4de5-80fa-447fb60c1599,216400044,Commune de Abitain (64),false,{64004},Commune,2026-03-24 14:42:06.130387+01,gold_establishments_2025,,,,21640004400014,2025,Collectivité Territoriale,Commune,['Pyrénées-Atlantiques'],['Nouvelle-Aquitaine'],COM,{64},{75}
36116980-033c-493e-9331-ad474cd6c378,212400014,Commune de Abjat-sur-Bandiat (24),false,{24001},Commune,2026-03-24 14:41:55.958138+01,gold_establishments_2025,,,,21240001400016,2025,Collectivité Territoriale,Commune,['Dordogne'],['Nouvelle-Aquitaine'],COM,{24},{75}
d1659e99-5690-4e7a-af00-a3dc1b39b124,216200014,Commune de Ablain-Saint-Nazaire (62),false,{62001},Commune,2026-03-24 14:42:05.597325+01,gold_establishments_2025,,,,21620001400019,2025,Collectivité Territoriale,Commune,['Pas-de-Calais'],['Hauts-de-France'],COM,{62},{32}
ed906545-072c-4084-bc3b-e0c47d237506,218000024,Commune de Ablaincourt-Pressoir (80),false,{80002},Commune,2026-03-24 14:42:09.43682+01,gold_establishments_2025,,,,21800002400016,2025,Collectivité Territoriale,Commune,['Somme'],['Hauts-de-France'],COM,{80},{32}
47eb5fad-90a0-4122-8791-935a3c8b20db,216200022,Commune de Ablainzevelle (62),false,{62002},Commune,2026-03-24 14:42:05.597325+01,gold_establishments_2025,,,,21620002200012,2025,Collectivité Territoriale,Commune,['Pas-de-Calais'],['Hauts-de-France'],COM,{62},{32}
7c6a5f42-e94d-44cb-a145-b5ec3f39e5c6,215100017,Commune de Ablancourt (51),false,{51001},Commune,2026-03-24 14:42:01.412377+01,gold_establishments_2025,,,,21510001700015,2025,Collectivité Territoriale,Commune,['Marne'],['Grand Est'],COM,{51},{44}
411a3c16-fc94-4143-bea3-74a56507d0cd,219500022,Commune de Ableiges (95),false,{95002},Commune,2026-03-24 14:42:11.659493+01,gold_establishments_2025,,,,21950002200013,2025,Collectivité Territoriale,Commune,"[""Val-d'Oise""]",['Île-de-France'],COM,{95},{11}
68d2b55e-0041-4c2d-bceb-0c0a399b2e79,217800036,Commune de Ablis (78),false,{78003},Commune,2026-03-24 14:42:09.43682+01,gold_establishments_2025,,,,21780003600014,2025,Collectivité Territoriale,Commune,['Yvelines'],['Île-de-France'],COM,{78},{11}
b0c4e8fb-817d-454f-abf8-167fe60a1ce9,211400015,Commune de Ablon (14),false,{14001},Commune,2026-03-24 14:41:53.63825+01,gold_establishments_2025,,,,21140001500015,2025,Collectivité Territoriale,Commune,['Calvados'],['Normandie'],COM,{14},{28}
a9c1eb1a-09ec-43d5-8fa6-5b5981190620,219400017,Commune de Ablon-sur-Seine (94),false,{94001},Commune,2026-03-24 14:42:11.659493+01,gold_establishments_2025,,,,21940001700014,2025,Collectivité Territoriale,Commune,['Val-de-Marne'],['Île-de-France'],COM,{94},{11}
a8ba7580-9035-4d72-8bfe-c0e54fea7ffb,215400037,Commune de Aboncourt (54),false,{54003},Commune,2026-03-24 14:42:02.957225+01,gold_establishments_2025,,,,21540003700010,2025,Collectivité Territoriale,Commune,['Meurthe-et-Moselle'],['Grand Est'],COM,{54},{44}
20c8404d-04c1-4c81-8fa9-1c1a1fa5e351,215700014,Commune de Aboncourt (57),false,{57001},Commune,2026-03-24 14:42:03.701372+01,gold_establishments_2025,,,,21570001400016,2025,Collectivité Territoriale,Commune,['Moselle'],['Grand Est'],COM,{57},{44}
2630af62-fe1b-407b-a8f4-fc7ce84e8e06,217000025,Commune de Aboncourt-Gesincourt (70),false,{70002},Commune,2026-03-24 14:42:07.735343+01,gold_establishments_2025,,,,21700002500015,2025,Collectivité Territoriale,Commune,['Haute-Saône'],['Bourgogne-Franche-Comté'],COM,{70},{27}
3ec53548-cf37-434b-8662-dd8c69ca7c3b,215700022,Commune de Aboncourt-sur-Seille (57),false,{57002},Commune,2026-03-24 14:42:03.701372+01,gold_establishments_2025,,,,21570002200019,2025,Collectivité Territoriale,Commune,['Moselle'],['Grand Est'],COM,{57},{44}
f3d2a4fd-2121-4dc8-9a3e-b64d6ef5b854,217400019,Commune de Abondance (74),false,{74001},Commune,2026-03-24 14:42:08.279287+01,gold_establishments_2025,,,,21740001900014,2025,Collectivité Territoriale,Commune,['Haute-Savoie'],['Auvergne-Rhône-Alpes'],COM,{74},{84}
07483798-a6af-4ca3-8354-15a1499b3ec6,212800015,Commune de Abondant (28),false,{28001},Commune,2026-03-24 14:41:57.028721+01,gold_establishments_2025,,,,21280001500076,2025,Collectivité Territoriale,Commune,['Eure-et-Loir'],['Centre-Val de Loire'],COM,{28},{24}
b3a7deaf-a5b0-4be4-a6ea-cd0321366daa,216400051,Commune de Abos (64),false,{64005},Commune,2026-03-24 14:42:06.130387+01,gold_establishments_2025,,,,21640005100019,2025,Collectivité Territoriale,Commune,['Pyrénées-Atlantiques'],['Nouvelle-Aquitaine'],COM,{64},{75}
18b5965a-1969-4a96-83f1-1df5dded9cd7,214200016,Commune de Aboën (42),false,{42001},Commune,2026-03-24 14:42:00.273698+01,gold_establishments_2025,,,,21420001600019,2025,Collectivité Territoriale,Commune,['Loire'],['Auvergne-Rhône-Alpes'],COM,{42},{84}
702b39ac-ae8d-4d90-8d22-5cb600967df1,215700030,Commune de Abreschviller (57),false,{57003},Commune,2026-03-24 14:42:03.701372+01,gold_establishments_2025,,,,21570003000012,2025,Collectivité Territoriale,Commune,['Moselle'],['Grand Est'],COM,{57},{44}
0493caca-a832-44e4-92e5-5fcf3a5007c5,210300018,Commune de Abrest (03),false,{03001},Commune,2026-03-24 14:41:52.020251+01,gold_establishments_2025,,,,21030001800012,2025,Collectivité Territoriale,Commune,['Allier'],['Auvergne-Rhône-Alpes'],COM,{03},{84}
7742c90f-bea3-4686-9c2b-5a30fa5cd6fb,200083517,Commune de Abriès-Ristolas (05),false,{05001},Commune,2026-03-24 14:41:52.562531+01,gold_establishments_2025,,,,20008351700017,2025,Collectivité Territoriale,Commune,['Hautes-Alpes'],"[""Provence-Alpes-Côte d'Azur""]",COM,{05},{93}
ed606ec0-bcb3-42ea-880c-5acdcf755b67,215900028,Commune de Abscon (59),false,{59002},Commune,2026-03-24 14:42:04.280096+01,gold_establishments_2025,,,,21590002800014,2025,Collectivité Territoriale,Commune,['Nord'],['Hauts-de-France'],COM,{59},{32}
4362bd22-ef1f-4f38-b9c1-fde619696768,211600010,Commune de Abzac (16),false,{16001},Commune,2026-03-24 14:41:54.362296+01,gold_establishments_2025,,,,21160001000014,2025,Collectivité Territoriale,Commune,['Charente'],['Nouvelle-Aquitaine'],COM,{16},{75}
38c15ab4-3fb6-4dc8-96bd-7c7f4be20034,213300015,Commune de Abzac (33),false,{33001},Commune,2026-03-24 14:41:58.09424+01,gold_establishments_2025,,,,21330001500012,2025,Collectivité Territoriale,Commune,['Gironde'],['Nouvelle-Aquitaine'],COM,{33},{75}
30d1c434-7776-49fe-82b3-5cc77575d47b,216400028,Commune de Abère (64),false,{64002},Commune,2026-03-24 14:42:06.130387+01,gold_establishments_2025,,,,21640002800017,2025,Collectivité Territoriale,Commune,['Pyrénées-Atlantiques'],['Nouvelle-Aquitaine'],COM,{64},{75}
11431a38-0dc1-4b58-ae45-24cc0fd77782,212500052,Commune de Accolans (25),false,{25005},Commune,2026-03-24 14:41:55.958138+01,gold_establishments_2025,,,,21250005200015,2025,Collectivité Territoriale,Commune,['Doubs'],['Bourgogne-Franche-Comté'],COM,{25},{27}
d68b74a5-2a1a-4d68-8ef9-5e1d05597adc,210700019,Commune de Accons (07),false,{07001},Commune,2026-03-24 14:41:52.562531+01,gold_establishments_2025,,,,21070001900016,2025,Collectivité Territoriale,Commune,['Ardèche'],['Auvergne-Rhône-Alpes'],COM,{07},{84}
27ed83fd-4211-42fe-9647-2621775fc3fd,216400069,Commune de Accous (64),false,{64006},Commune,2026-03-24 14:42:06.130387+01,gold_establishments_2025,,,,21640006900011,2025,Collectivité Territoriale,Commune,['Pyrénées-Atlantiques'],['Nouvelle-Aquitaine'],COM,{64},{75}
b9f82138-c541-4199-aaa9-f81e227cdf0c,215700048,Commune de Achain (57),false,{57004},Commune,2026-03-24 14:42:03.701372+01,gold_establishments_2025,,,,21570004800014,2025,Collectivité Territoriale,Commune,['Moselle'],['Grand Est'],COM,{57},{44}
c73c0494-361c-4981-8156-5b10c90ab0ab,215700063,Commune de Achen (57),false,{57006},Commune,2026-03-24 14:42:03.701372+01,gold_establishments_2025,,,,21570006300070,2025,Collectivité Territoriale,Commune,['Moselle'],['Grand Est'],COM,{57},{44}
ddc7ee36-614a-4842-b9fd-e84f837ecb44,216700013,Commune de Achenheim (67),false,{67001},Commune,2026-03-24 14:42:06.665412+01,gold_establishments_2025,,,,21670001300040,2025,Collectivité Territoriale,Commune,['Bas-Rhin'],['Grand Est'],COM,{67},{44}
ee6fa7c6-f7c3-4dae-bae2-10519698d274,210200028,Commune de Achery (02),false,{02002},Commune,2026-03-24 14:41:51.447482+01,gold_establishments_2025,,,,21020002800012,2025,Collectivité Territoriale,Commune,['Aisne'],['Hauts-de-France'],COM,{02},{32}
f4838321-8844-4fc4-bac1-cd2842714273,218000032,Commune de Acheux-en-Amiénois (80),false,{80003},Commune,2026-03-24 14:42:09.43682+01,gold_establishments_2025,,,,21800003200019,2025,Collectivité Territoriale,Commune,['Somme'],['Hauts-de-France'],COM,{80},{32}
3c034ceb-91dc-4a48-8b84-ce7d7542554a,218000040,Commune de Acheux-en-Vimeu (80),false,{80004},Commune,2026-03-24 14:42:09.43682+01,gold_establishments_2025,,,,21800004000012,2025,Collectivité Territoriale,Commune,['Somme'],['Hauts-de-France'],COM,{80},{32}
f8f8e989-d096-4168-9dd8-ff36dbbc6f6c,216200030,Commune de Acheville (62),false,{62003},Commune,2026-03-24 14:42:05.597325+01,gold_establishments_2025,,,,21620003000015,2025,Collectivité Territoriale,Commune,['Pas-de-Calais'],['Hauts-de-France'],COM,{62},{32}
98cc5a9b-1a30-49b1-9bee-63999752dc5c,217000033,Commune de Achey (70),false,{70003},Commune,2026-03-24 14:42:07.735343+01,gold_establishments_2025,,,,21700003300019,2025,Collectivité Territoriale,Commune,['Haute-Saône'],['Bourgogne-Franche-Comté'],COM,{70},{27}
8f7b1335-bca6-4d54-9167-070bc49ad4b6,216200048,Commune de Achicourt (62),false,{62004},Commune,2026-03-24 14:42:05.597325+01,gold_establishments_2025,,,,21620004800017,2025,Collectivité Territoriale,Commune,['Pas-de-Calais'],['Hauts-de-France'],COM,{62},{32}
44cdcafb-68f9-4292-8aba-34334d11b753,216200055,Commune de Achiet-le-Grand (62),false,{62005},Commune,2026-03-24 14:42:05.597325+01,gold_establishments_2025,,,,21620005500012,2025,Collectivité Territoriale,Commune,['Pas-de-Calais'],['Hauts-de-France'],COM,{62},{32}
17a39727-1d87-4531-abce-e856e1e4b98c,216200063,Commune de Achiet-le-Petit (62),false,{62006},Commune,2026-03-24 14:42:05.597325+01,gold_establishments_2025,,,,21620006300016,2025,Collectivité Territoriale,Commune,['Pas-de-Calais'],['Hauts-de-France'],COM,{62},{32}
3c95f4c8-e3d3-40f0-b723-7ac3db472e6d,215800012,Commune de Achun (58),false,{58001},Commune,2026-03-24 14:42:04.280096+01,gold_establishments_2025,,,,21580001200019,2025,Collectivité Territoriale,Commune,['Nièvre'],['Bourgogne-Franche-Comté'],COM,{58},{27}
96b5087d-ebda-4125-aab6-fc2f25f24539,216000026,Commune de Achy (60),false,{60004},Commune,2026-03-24 14:42:04.814328+01,gold_establishments_2025,,,,21600002600015,2025,Collectivité Territoriale,Commune,['Oise'],['Hauts-de-France'],COM,{60},{32}
59a31a87-a60f-4ea3-806e-ccadcaa7c5b5,211800016,Commune de Achères (18),false,{18001},Commune,2026-03-24 14:41:54.903238+01,gold_establishments_2025,,,,21180001600019,2025,Collectivité Territoriale,Commune,['Cher'],['Centre-Val de Loire'],COM,{18},{24}
7e641f6c-21e7-4ad3-be2f-b5f9c2fd72c1,217800051,Commune de Achères (78),false,{78005},Commune,2026-03-24 14:42:09.43682+01,gold_establishments_2025,,,,21780005100179,2025,Collectivité Territoriale,Commune,['Yvelines'],['Île-de-France'],COM,{78},{11}
2944387a-ef47-4cba-9d7d-daed2ad01e1c,217700012,Commune de Achères-la-Forêt (77),false,{77001},Commune,2026-03-24 14:42:08.818969+01,gold_establishments_2025,,,,21770001200016,2025,Collectivité Territoriale,Commune,['Seine-et-Marne'],['Île-de-France'],COM,{77},{11}
ad69b756-6c55-4da3-a26f-b8a4cdfb8dc8,213500010,Commune de Acigné (35),false,{35001},Commune,2026-03-24 14:41:58.620411+01,gold_establishments_2025,,,,21350001000011,2025,Collectivité Territoriale,Commune,['Ille-et-Vilaine'],['Bretagne'],COM,{35},{53}
c7364249-c8ef-473b-be25-9576a17a57e1,212700017,Commune de Aclou (27),false,{27001},Commune,2026-03-24 14:41:56.495197+01,gold_establishments_2025,,,,21270001700016,2025,Collectivité Territoriale,Commune,['Eure'],['Normandie'],COM,{27},{28}
4ee0421e-fb43-444e-8351-a08db1def404,212700025,Commune de Acon (27),false,{27002},Commune,2026-03-24 14:41:56.495197+01,gold_establishments_2025,,,,21270002500019,2025,Collectivité Territoriale,Commune,['Eure'],['Normandie'],COM,{27},{28}
aadc1d1c-0ba4-4394-adfd-187990b4ad68,200008712,Commune de Acoua (976),false,{97601},Commune,2026-03-24 14:42:11.659493+01,gold_establishments_2025,,,,20000871200016,2025,Collectivité Territoriale,Commune,['Mayotte'],['Mayotte'],COM,{976},{06}
0acb6332-df7d-4806-9a92-83192d0deece,216200071,Commune de Acq (62),false,{62007},Commune,2026-03-24 14:42:05.597325+01,gold_establishments_2025,,,,21620007100019,2025,Collectivité Territoriale,Commune,['Pas-de-Calais'],['Hauts-de-France'],COM,{62},{32}
e560df07-bdb2-4589-8778-1fcc523de6b6,212700033,Commune de Acquigny (27),false,{27003},Commune,2026-03-24 14:41:56.495197+01,gold_establishments_2025,,,,21270003300013,2025,Collectivité Territoriale,Commune,['Eure'],['Normandie'],COM,{27},{28}
12177988-9b07-430d-be2a-0e15616a1554,216200089,Commune de Acquin-Westbécourt (62),false,{62008},Commune,2026-03-24 14:42:05.597325+01,gold_establishments_2025,,,,21620008900011,2025,Collectivité Territoriale,Commune,['Pas-de-Calais'],['Hauts-de-France'],COM,{62},{32}
31f9af52-1173-442b-8475-03c13fbcba8b,210200036,Commune de Acy (02),false,{02003},Commune,2026-03-24 14:41:51.447482+01,gold_establishments_2025,,,,21020003600015,2025,Collectivité Territoriale,Commune,['Aisne'],['Hauts-de-France'],COM,{02},{32}
779fc185-6011-45b2-bb6a-eaba62f7bf8b,210800017,Commune de Acy-Romance (08),false,{08001},Commune,2026-03-24 14:41:52.562531+01,gold_establishments_2025,,,,21080001700019,2025,Collectivité Territoriale,Commune,['Ardennes'],['Grand Est'],COM,{08},{44}
9867a14d-0d08-4dc5-811b-c59025b57c7a,216000034,Commune de Acy-en-Multien (60),false,{60005},Commune,2026-03-24 14:42:04.814328+01,gold_establishments_2025,,,,21600003400019,2025,Collectivité Territoriale,Commune,['Oise'],['Hauts-de-France'],COM,{60},{32}
83d1d797-166f-419e-bedd-ef3abbc57dbc,215700071,Commune de Adaincourt (57),false,{57007},Commune,2026-03-24 14:42:03.701372+01,gold_establishments_2025,,,,21570007100016,2025,Collectivité Territoriale,Commune,['Moselle'],['Grand Est'],COM,{57},{44}
02d86ca1-3aaa-46e6-8716-23ffa5883d03,217800069,Commune de Adainville (78),false,{78006},Commune,2026-03-24 14:42:09.43682+01,gold_establishments_2025,,,,21780006900015,2025,Collectivité Territoriale,Commune,['Yvelines'],['Île-de-France'],COM,{78},{11}
f58a0a43-0c1d-46f2-bc58-a5efdafd8cb6,212500060,Commune de Adam-lès-Passavant (25),false,{25006},Commune,2026-03-24 14:41:55.958138+01,gold_establishments_2025,,,,21250006000018,2025,Collectivité Territoriale,Commune,['Doubs'],['Bourgogne-Franche-Comté'],COM,{25},{27}
c4536fff-ffa8-472e-b146-0adf76de0a95,212500078,Commune de Adam-lès-Vercel (25),false,{25007},Commune,2026-03-24 14:41:55.958138+01,gold_establishments_2025,,,,21250007800010,2025,Collectivité Territoriale,Commune,['Doubs'],['Bourgogne-Franche-Comté'],COM,{25},{27}
eb5f38b2-95e2-43d9-8686-52c7b0765685,216700021,Commune de Adamswiller (67),false,{67002},Commune,2026-03-24 14:42:06.665412+01,gold_establishments_2025,,,,21670002100019,2025,Collectivité Territoriale,Commune,['Bas-Rhin'],['Grand Est'],COM,{67},{44}
2bcc6a65-5c1d-4157-9b0a-8e048aff3aa2,216500017,Commune de Adast (65),false,{65001},Commune,2026-03-24 14:42:06.665412+01,gold_establishments_2025,,,,21650001700019,2025,Collectivité Territoriale,Commune,['Hautes-Pyrénées'],['Occitanie'],COM,{65},{76}
46318b84-5b6d-463d-b9ec-b941876f9505,215700089,Commune de Adelange (57),false,{57008},Commune,2026-03-24 14:42:03.701372+01,gold_establishments_2025,,,,21570008900018,2025,Collectivité Territoriale,Commune,['Moselle'],['Grand Est'],COM,{57},{44}
e52d0b59-1c4f-4965-b165-faea2edf0b2f,217000041,Commune de Adelans-et-le-Val-de-Bithaine (70),false,{70004},Commune,2026-03-24 14:42:07.735343+01,gold_establishments_2025,,,,21700004100012,2025,Collectivité Territoriale,Commune,['Haute-Saône'],['Bourgogne-Franche-Comté'],COM,{70},{27}
05c4ca19-efe4-48c2-91b8-5066859e1fa5,216504837,Commune de Adervielle-Pouchergues (65),false,{65003},Commune,2026-03-24 14:42:06.665412+01,gold_establishments_2025,,,,21650483700016,2025,Collectivité Territoriale,Commune,['Hautes-Pyrénées'],['Occitanie'],COM,{65},{76}
8e9a1721-586f-4d3d-a628-50604868e668,217900026,Commune de Adilly (79),false,{79002},Commune,2026-03-24 14:42:09.43682+01,gold_establishments_2025,,,,21790002600014,2025,Collectivité Territoriale,Commune,['Deux-Sèvres'],['Nouvelle-Aquitaine'],COM,{79},{75}
f31302ef-5eee-4bca-906d-d366241fff6c,216200097,Commune de Adinfer (62),false,{62009},Commune,2026-03-24 14:42:05.597325+01,gold_establishments_2025,,,,21620009700014,2025,Collectivité Territoriale,Commune,['Pas-de-Calais'],['Hauts-de-France'],COM,{62},{32}
c040812e-d3af-409a-9d53-0b1207211e0d,213400021,Commune de Adissan (34),false,{34002},Commune,2026-03-24 14:41:58.620411+01,gold_establishments_2025,,,,21340002100019,2025,Collectivité Territoriale,Commune,['Hérault'],['Occitanie'],COM,{34},{76}
233841f2-8968-4ad4-8042-0d1c4daea2b8,214500019,Commune de Adon (45),false,{45001},Commune,2026-03-24 14:42:00.862623+01,gold_establishments_2025,,,,21450001900010,2025,Collectivité Territoriale,Commune,['Loiret'],['Centre-Val de Loire'],COM,{45},{24}
8c5423a7-6182-4f94-95d2-7bba89d01907,218600013,Commune de Adriers (86),false,{86001},Commune,2026-03-24 14:42:10.508772+01,gold_establishments_2025,,,,21860001300013,2025,Collectivité Territoriale,Commune,['Vienne'],['Nouvelle-Aquitaine'],COM,{86},{75}
5421d0bf-b8c0-444d-8694-f88f06c646e3,216500025,Commune de Adé (65),false,{65002},Commune,2026-03-24 14:42:06.665412+01,gold_establishments_2025,,,,21650002500012,2025,Collectivité Territoriale,Commune,['Hautes-Pyrénées'],['Occitanie'],COM,{65},{76}
ba4ac9e5-d1e8-44b3-b40c-1d8c93cafb6f,212000012,Commune de Afa (2A),false,{2A001},Commune,2026-03-24 14:41:57.56054+01,gold_establishments_2025,,,,21200001200014,2025,Collectivité Territoriale,Commune,['Corse-du-Sud'],['Corse'],COM,{2A},{94}
20c3703d-d708-4611-b96e-8e74caa1da18,211900105,Commune de Affieux (19),false,{19001},Commune,2026-03-24 14:41:54.903238+01,gold_establishments_2025,,,,21190010500019,2025,Collectivité Territoriale,Commune,['Corrèze'],['Nouvelle-Aquitaine'],COM,{19},{75}
0d0ed94c-6aab-4dbb-96f3-970b2320cd22,215400045,Commune de Affléville (54),false,{54004},Commune,2026-03-24 14:42:02.957225+01,gold_establishments_2025,,,,21540004500013,2025,Collectivité Territoriale,Commune,['Meurthe-et-Moselle'],['Grand Est'],COM,{54},{44}
2fe7edd6-34b8-4c45-92c3-7a42f29ed77c,216900019,Commune de Affoux (69),false,{69001},Commune,2026-03-24 14:42:07.195692+01,gold_establishments_2025,,,,21690001900011,2025,Collectivité Territoriale,Commune,['Rhône'],['Auvergne-Rhône-Alpes'],COM,{69},{84}
c0f13cab-f41d-47a0-9021-b299da746584,215400052,Commune de Affracourt (54),false,{54005},Commune,2026-03-24 14:42:02.957225+01,gold_establishments_2025,,,,21540005200019,2025,Collectivité Territoriale,Commune,['Meurthe-et-Moselle'],['Grand Est'],COM,{54},{44}
c1285837-3c32-48c1-9e1b-555e7faa84dd,216200105,Commune de Affringues (62),false,{62010},Commune,2026-03-24 14:42:05.597325+01,gold_establishments_2025,,,,21620010500015,2025,Collectivité Territoriale,Commune,['Pas-de-Calais'],['Hauts-de-France'],COM,{62},{32}
0da948d1-8cdf-44be-95d8-32feb912df3f,213100019,Commune de Agassac (31),false,{31001},Commune,2026-03-24 14:41:57.56054+01,gold_establishments_2025,,,,21310001900016,2025,Collectivité Territoriale,Commune,['Haute-Garonne'],['Occitanie'],COM,{31},{76}
49329be5-a447-4774-b0da-f3e449ecfa03,213400039,Commune de Agde (34),false,{34003},Commune,2026-03-24 14:41:58.620411+01,gold_establishments_2025,,,,21340003900011,2025,Collectivité Territoriale,Commune,['Hérault'],['Occitanie'],COM,{34},{76}
f4e150a6-abaa-436a-b2a4-41c2cdc2e361,213400047,Commune de Agel (34),false,{34004},Commune,2026-03-24 14:41:58.620411+01,gold_establishments_2025,,,,21340004700014,2025,Collectivité Territoriale,Commune,['Hérault'],['Occitanie'],COM,{34},{76}
c75dbd0b-dec3-42c1-816f-77652ad77289,214700015,Commune de Agen (47),false,{47001},Commune,2026-03-24 14:42:00.862623+01,gold_establishments_2025,,,,21470001500016,2025,Collectivité Territoriale,Commune,['Lot-et-Garonne'],['Nouvelle-Aquitaine'],COM,{47},{75}
387077a6-3249-465a-bc28-38431d662995,211200019,Commune de Agen-d'Aveyron (12),false,{12001},Commune,2026-03-24 14:41:53.63825+01,gold_establishments_2025,,,,21120001900019,2025,Collectivité Territoriale,Commune,['Aveyron'],['Occitanie'],COM,{12},{76}
e2af6381-0b02-48ba-b17a-68e1936e1eaf,212100010,Commune de Agencourt (21),false,{21001},Commune,2026-03-24 14:41:55.433389+01,gold_establishments_2025,,,,21210001000017,2025,Collectivité Territoriale,Commune,"[""Côte-d'Or""]",['Bourgogne-Franche-Comté'],COM,{21},{27}
8ae8b7a9-4c0a-454a-a951-9d5afe13b920,218000057,Commune de Agenville (80),false,{80005},Commune,2026-03-24 14:42:09.43682+01,gold_establishments_2025,,,,21800005700016,2025,Collectivité Territoriale,Commune,['Somme'],['Hauts-de-France'],COM,{80},{32}
ea079905-fd20-45d3-bcb1-7b7f50f2e9c0,218000065,Commune de Agenvillers (80),false,{80006},Commune,2026-03-24 14:42:09.43682+01,gold_establishments_2025,,,,21800006500019,2025,Collectivité Territoriale,Commune,['Somme'],['Hauts-de-France'],COM,{80},{32}
74919f7b-ce1e-4f0b-8eed-ff55c92fda9c,215200015,Commune de Ageville (52),false,{52001},Commune,2026-03-24 14:42:01.954481+01,gold_establishments_2025,,,,21520001500018,2025,Collectivité Territoriale,Commune,['Haute-Marne'],['Grand Est'],COM,{52},{44}
796fa275-20e4-4aeb-96a8-c00ad1a67755,212100028,Commune de Agey (21),false,{21002},Commune,2026-03-24 14:41:55.433389+01,gold_establishments_2025,,,,21210002800019,2025,Collectivité Territoriale,Commune,"[""Côte-d'Or""]",['Bourgogne-Franche-Comté'],COM,{21},{27}
6c1cf6d2-e3c9-4c75-9856-97949960d52a,212000020,Commune de Aghione (2B),false,{2B002},Commune,2026-03-24 14:41:57.56054+01,gold_establishments_2025,,,,21200002000017,2025,Collectivité Territoriale,Commune,['Haute-Corse'],['Corse'],COM,{2B},{94}
6009ad54-ee25-45aa-b2f6-88b82e91851b,215400060,Commune de Agincourt (54),false,{54006},Commune,2026-03-24 14:42:02.957225+01,gold_establishments_2025,,,,21540006000012,2025,Collectivité Territoriale,Commune,['Meurthe-et-Moselle'],['Grand Est'],COM,{54},{44}
1ba80d32-9d51-4f81-8f63-6582e086cad7,214700023,Commune de Agmé (47),false,{47002},Commune,2026-03-24 14:42:00.862623+01,gold_establishments_2025,,,,21470002300010,2025,Collectivité Territoriale,Commune,['Lot-et-Garonne'],['Nouvelle-Aquitaine'],COM,{47},{75}
110273d8-40c9-4678-bc05-9788c43a823d,214700031,Commune de Agnac (47),false,{47003},Commune,2026-03-24 14:42:00.862623+01,gold_establishments_2025,,,,21470003100013,2025,Collectivité Territoriale,Commune,['Lot-et-Garonne'],['Nouvelle-Aquitaine'],COM,{47},{75}
85e5f949-edb2-4d7b-bbe5-64959d9f2810,214300014,Commune de Agnat (43),false,{43001},Commune,2026-03-24 14:42:00.273698+01,gold_establishments_2025,,,,21430001400013,2025,Collectivité Territoriale,Commune,['Haute-Loire'],['Auvergne-Rhône-Alpes'],COM,{43},{84}
669faeeb-eb7c-4f96-8d5c-bf0eabf0b541,215000027,Commune de Agneaux (50),false,{50002},Commune,2026-03-24 14:42:01.412377+01,gold_establishments_2025,,,,21500002700015,2025,Collectivité Territoriale,Commune,['Manche'],['Normandie'],COM,{50},{28}
170cc8a7-f8a3-4f45-93bd-3675bc36e2db,216000075,Commune de Agnetz (60),false,{60007},Commune,2026-03-24 14:42:04.814328+01,gold_establishments_2025,,,,21600007500012,2025,Collectivité Territoriale,Commune,['Oise'],['Hauts-de-France'],COM,{60},{32}
c0868c7d-451f-44f1-a497-b8a697149148,216200113,Commune de Agnez-lès-Duisans (62),false,{62011},Commune,2026-03-24 14:42:05.597325+01,gold_establishments_2025,,,,21620011300050,2025,Collectivité Territoriale,Commune,['Pas-de-Calais'],['Hauts-de-France'],COM,{62},{32}
959faec0-7d1d-4e69-9feb-acbe5ca82f0b,210200044,Commune de Agnicourt-et-Séchelles (02),false,{02004},Commune,2026-03-24 14:41:51.447482+01,gold_establishments_2025,,,,21020004400019,2025,Collectivité Territoriale,Commune,['Aisne'],['Hauts-de-France'],COM,{02},{32}
31729a0d-a675-4d7d-aa3f-eba8cbd8a6d1,213800030,Commune de Agnin (38),false,{38003},Commune,2026-03-24 14:41:59.160244+01,gold_establishments_2025,,,,21380003000016,2025,Collectivité Territoriale,Commune,['Isère'],['Auvergne-Rhône-Alpes'],COM,{38},{84}
bb35ab46-fde9-4b50-926e-4394fc114619,216200121,Commune de Agnières (62),false,{62012},Commune,2026-03-24 14:42:05.597325+01,gold_establishments_2025,,,,21620012100012,2025,Collectivité Territoriale,Commune,['Pas-de-Calais'],['Hauts-de-France'],COM,{62},{32}
2c9c5905-a253-4922-b926-1c12fb10143e,216405803,Commune de Agnos (64),false,{64007},Commune,2026-03-24 14:42:06.130387+01,gold_establishments_2025,,,,21640580300018,2025,Collectivité Territoriale,Commune,['Pyrénées-Atlantiques'],['Nouvelle-Aquitaine'],COM,{64},{75}
82cccd44-6e86-4ecd-87ce-cf129bbda7f2,216200139,Commune de Agny (62),false,{62013},Commune,2026-03-24 14:42:05.597325+01,gold_establishments_2025,,,,21620013900014,2025,Collectivité Territoriale,Commune,['Pas-de-Calais'],['Hauts-de-France'],COM,{62},{32}
e059ec93-ebc5-4eeb-a6f0-06afd14b7737,215000035,Commune de Agon-Coutainville (50),false,{50003},Commune,2026-03-24 14:42:01.412377+01,gold_establishments_2025,,,,21500003500018,2025,Collectivité Territoriale,Commune,['Manche'],['Normandie'],COM,{50},{28}
12bef07d-997f-4a9e-9042-23502231e2a3,212400022,Commune de Agonac (24),false,{24002},Commune,2026-03-24 14:41:55.958138+01,gold_establishments_2025,,,,21240002200019,2025,Collectivité Territoriale,Commune,['Dordogne'],['Nouvelle-Aquitaine'],COM,{24},{75}
972cbb2e-0177-453d-8c63-c4a4e7d830cf,210300026,Commune de Agonges (03),false,{03002},Commune,2026-03-24 14:41:52.020251+01,gold_establishments_2025,,,,21030002600015,2025,Collectivité Territoriale,Commune,['Allier'],['Auvergne-Rhône-Alpes'],COM,{03},{84}
4322cecb-fbb3-430a-a1cd-89207ba87811,213400054,Commune de Agonès (34),false,{34005},Commune,2026-03-24 14:41:58.620411+01,gold_establishments_2025,,,,21340005400010,2025,Collectivité Territoriale,Commune,['Hérault'],['Occitanie'],COM,{34},{76}
92006498-4525-4600-8fa7-507488c944bc,216500041,Commune de Agos-Vidalos (65),false,{65004},Commune,2026-03-24 14:42:06.665412+01,gold_establishments_2025,,,,21650004100019,2025,Collectivité Territoriale,Commune,['Hautes-Pyrénées'],['Occitanie'],COM,{65},{76}
ce6a2fbe-ca61-44f7-b921-b872df2ba9aa,211600036,Commune de Agris (16),false,{16003},Commune,2026-03-24 14:41:54.362296+01,gold_establishments_2025,,,,21160003600019,2025,Collectivité Territoriale,Commune,['Charente'],['Nouvelle-Aquitaine'],COM,{16},{75}
4c2c5dfa-51b9-4fa9-b747-be1050ed277a,211700026,Commune de Agudelle (17),false,{17002},Commune,2026-03-24 14:41:54.903238+01,gold_establishments_2025,,,,21170002600019,2025,Collectivité Territoriale,Commune,['Charente-Maritime'],['Nouvelle-Aquitaine'],COM,{17},{75}
64454015-18d8-4b86-b4ed-dea29e9fb8e1,211200027,Commune de Aguessac (12),false,{12002},Commune,2026-03-24 14:41:53.63825+01,gold_establishments_2025,,,,21120002700012,2025,Collectivité Territoriale,Commune,['Aveyron'],['Occitanie'],COM,{12},{76}
2ecf88e5-c081-4816-af2e-6d775736d860,210200051,Commune de Aguilcourt (02),false,{02005},Commune,2026-03-24 14:41:51.447482+01,gold_establishments_2025,,,,21020005100014,2025,Collectivité Territoriale,Commune,['Aisne'],['Hauts-de-France'],COM,{02},{32}
cb234e02-f5d5-4d2c-b00a-20afe7733019,218100014,Commune de Aguts (81),false,{81001},Commune,2026-03-24 14:42:09.967209+01,gold_establishments_2025,,,,21810001400016,2025,Collectivité Territoriale,Commune,['Tarn'],['Occitanie'],COM,{81},{76}
3a6a1906-fc26-434c-b1ae-4da076c45068,211400031,Commune de Agy (14),false,{14003},Commune,2026-03-24 14:41:53.63825+01,gold_establishments_2025,,,,21140003100012,2025,Collectivité Territoriale,Commune,['Calvados'],['Normandie'],COM,{14},{28}
ecb3506a-388e-47a8-b9bc-ea147b615479,216400085,Commune de Ahaxe-Alciette-Bascassan (64),false,{64008},Commune,2026-03-24 14:42:06.130387+01,gold_establishments_2025,,,,21640008500017,2025,Collectivité Territoriale,Commune,['Pyrénées-Atlantiques'],['Nouvelle-Aquitaine'],COM,{64},{75}
2d06bf85-0f06-4ff6-9928-434897c30606,216400093,Commune de Ahetze (64),false,{64009},Commune,2026-03-24 14:42:06.130387+01,gold_establishments_2025,,,,21640009300011,2025,Collectivité Territoriale,Commune,['Pyrénées-Atlantiques'],['Nouvelle-Aquitaine'],COM,{64},{75}
d3dab1d1-cac6-4dda-8253-4e0936a7515b,215300013,Commune de Ahuillé (53),false,{53001},Commune,2026-03-24 14:42:01.954481+01,gold_establishments_2025,,,,21530001300012,2025,Collectivité Territoriale,Commune,['Mayenne'],['Pays de la Loire'],COM,{53},{52}
f9d32f1c-a9fa-4bcb-b09b-78ff54d1cbc9,212300107,Commune de Ahun (23),false,{23001},Commune,2026-03-24 14:41:55.958138+01,gold_establishments_2025,,,,21230010700019,2025,Collectivité Territoriale,Commune,['Creuse'],['Nouvelle-Aquitaine'],COM,{23},{75}
84cd60b7-09e5-4549-8a2b-75983d6101c6,212100036,Commune de Ahuy (21),false,{21003},Commune,2026-03-24 14:41:55.433389+01,gold_establishments_2025,,,,21210003600012,2025,Collectivité Territoriale,Commune,"[""Côte-d'Or""]",['Bourgogne-Franche-Comté'],COM,{21},{27}
c3ddaec6-4703-46ef-9acf-43fbfe964d4c,218800027,Commune de Ahéville (88),false,{88002},Commune,2026-03-24 14:42:11.118516+01,gold_establishments_2025,,,,21880002700011,2025,Collectivité Territoriale,Commune,['Vosges'],['Grand Est'],COM,{88},{44}
2ed63bb6-cb30-48f2-825f-41f2fa3c9ebb,215900036,Commune de Aibes (59),false,{59003},Commune,2026-03-24 14:42:04.280096+01,gold_establishments_2025,,,,21590003600017,2025,Collectivité Territoriale,Commune,['Nord'],['Hauts-de-France'],COM,{59},{32}
d87e703b-dda6-4e54-ab14-0b90001b2d10,212500086,Commune de Aibre (25),false,{25008},Commune,2026-03-24 14:41:55.958138+01,gold_establishments_2025,,,,21250008600062,2025,Collectivité Territoriale,Commune,['Doubs'],['Bourgogne-Franche-Comté'],COM,{25},{27}
90a5c11f-014d-4e5d-8f57-75987776a3bc,217900034,Commune de Aiffres (79),false,{79003},Commune,2026-03-24 14:42:09.43682+01,gold_establishments_2025,,,,21790003400018,2025,Collectivité Territoriale,Commune,['Deux-Sèvres'],['Nouvelle-Aquitaine'],COM,{79},{75}
f3d31a79-8acf-4ef8-b97e-84ee25f9c4ad,213000011,Commune de Aigaliers (30),false,{30001},Commune,2026-03-24 14:41:57.56054+01,gold_establishments_2025,,,,21300001100014,2025,Collectivité Territoriale,Commune,['Gard'],['Occitanie'],COM,{30},{76}
a2a71a89-7e0f-4fb2-b5ec-58db3d5ff3af,210800025,Commune de Aiglemont (08),false,{08003},Commune,2026-03-24 14:41:52.562531+01,gold_establishments_2025,,,,21080002500012,2025,Collectivité Territoriale,Commune,['Ardennes'],['Grand Est'],COM,{08},{44}
b16a610c-9977-4e1b-88a7-a5218403df80,213900061,Commune de Aiglepierre (39),false,{39006},Commune,2026-03-24 14:41:59.705606+01,gold_establishments_2025,,,,21390006100010,2025,Collectivité Territoriale,Commune,['Jura'],['Bourgogne-Franche-Comté'],COM,{39},{27}
7e83c1f4-fcc5-47ed-b376-c6fcb64bcdb2,212700041,Commune de Aigleville (27),false,{27004},Commune,2026-03-24 14:41:56.495197+01,gold_establishments_2025,,,,21270004100016,2025,Collectivité Territoriale,Commune,['Eure'],['Normandie'],COM,{27},{28}
304256a5-16cf-40c1-ac2a-d71671faa1c5,210400016,Commune de Aiglun (04),false,{04001},Commune,2026-03-24 14:41:52.020251+01,gold_establishments_2025,,,,21040001600015,2025,Collectivité Territoriale,Commune,['Alpes-de-Haute-Provence'],"[""Provence-Alpes-Côte d'Azur""]",COM,{04},{93}
ccdc99e7-a5f9-4d7c-a88f-d0a309033d07,210600011,Commune de Aiglun (06),false,{06001},Commune,2026-03-24 14:41:52.562531+01,gold_establishments_2025,,,,21060001100014,2025,Collectivité Territoriale,Commune,['Alpes-Maritimes'],"[""Provence-Alpes-Côte d'Azur""]",COM,{06},{93}
aa506ea6-de86-45d6-8190-69c3f9638d76,213200017,Commune de Aignan (32),false,{32001},Commune,2026-03-24 14:41:58.09424+01,gold_establishments_2025,,,,21320001700019,2025,Collectivité Territoriale,Commune,['Gers'],['Occitanie'],COM,{32},{76}
d3d3e5d6-959b-433d-bf42-e2be816c9bff,212100044,Commune de Aignay-le-Duc (21),false,{21004},Commune,2026-03-24 14:41:55.433389+01,gold_establishments_2025,,,,21210004400016,2025,Collectivité Territoriale,Commune,"[""Côte-d'Or""]",['Bourgogne-Franche-Comté'],COM,{21},{27}
bf59a9b3-b673-4149-8c85-234a23969ce8,213400062,Commune de Aigne (34),false,{34006},Commune,2026-03-24 14:41:58.620411+01,gold_establishments_2025,,,,21340006200013,2025,Collectivité Territoriale,Commune,['Hérault'],['Occitanie'],COM,{34},{76}
d03e4191-37d7-4d59-a07b-29aa91b310bb,213100027,Commune de Aignes (31),false,{31002},Commune,2026-03-24 14:41:57.56054+01,gold_establishments_2025,,,,21310002700019,2025,Collectivité Territoriale,Commune,['Haute-Garonne'],['Occitanie'],COM,{31},{76}
1ab0825e-0658-4425-8473-e392c33df4f4,218000073,Commune de Aigneville (80),false,{80008},Commune,2026-03-24 14:42:09.43682+01,gold_establishments_2025,,,,21800007300013,2025,Collectivité Territoriale,Commune,['Somme'],['Hauts-de-France'],COM,{80},{32}
ad2408aa-8764-454d-87cd-b42fb1299da5,215100033,Commune de Aigny (51),false,{51003},Commune,2026-03-24 14:42:01.412377+01,gold_establishments_2025,,,,21510003300012,2025,Collectivité Territoriale,Commune,['Marne'],['Grand Est'],COM,{51},{44}
00b667b0-d4ad-475e-bcc4-250938f69c0b,217200013,Commune de Aigné (72),false,{72001},Commune,2026-03-24 14:42:08.279287+01,gold_establishments_2025,,,,21720001300019,2025,Collectivité Territoriale,Commune,['Sarthe'],['Pays de la Loire'],COM,{72},{52}
02f9941e-bdf2-4893-84a9-f514386ac840,200084630,Commune de Aigondigné (79),false,{79185},Commune,2026-03-24 14:42:09.43682+01,gold_establishments_2025,,,,20008463000017,2025,Collectivité Territoriale,Commune,['Deux-Sèvres'],['Nouvelle-Aquitaine'],COM,{79},{75}
2c1fb1b5-8e00-4c24-82db-12a50bc82f3d,200083251,Commune de Aigre (16),false,{16005},Commune,2026-03-24 14:41:54.362296+01,gold_establishments_2025,,,,20008325100013,2025,Collectivité Territoriale,Commune,['Charente'],['Nouvelle-Aquitaine'],COM,{16},{75}
3b729f1e-b0d6-40b9-9f47-e6ca041d43a2,213100035,Commune de Aigrefeuille (31),false,{31003},Commune,2026-03-24 14:41:57.56054+01,gold_establishments_2025,,,,21310003500012,2025,Collectivité Territoriale,Commune,['Haute-Garonne'],['Occitanie'],COM,{31},{76}
5dc778bf-2ad3-4fb7-9dde-17e3fc4ea0e1,211700034,Commune de Aigrefeuille-d'Aunis (17),false,{17003},Commune,2026-03-24 14:41:54.903238+01,gold_establishments_2025,,,,21170003400013,2025,Collectivité Territoriale,Commune,['Charente-Maritime'],['Nouvelle-Aquitaine'],COM,{17},{75}
2911a7f9-dbf5-4ff8-a81f-35670435bc15,214400020,Commune de Aigrefeuille-sur-Maine (44),false,{44002},Commune,2026-03-24 14:42:00.273698+01,gold_establishments_2025,,,,21440002000019,2025,Collectivité Territoriale,Commune,['Loire-Atlantique'],['Pays de la Loire'],COM,{44},{52}
ced4e5ac-1ed8-4de2-a89d-787a59166a58,213000029,Commune de Aigremont (30),false,{30002},Commune,2026-03-24 14:41:57.56054+01,gold_establishments_2025,,,,21300002900016,2025,Collectivité Territoriale,Commune,['Gard'],['Occitanie'],COM,{30},{76}
7c763609-c454-41b4-b1ca-fd6a5cbfe74b,215200023,Commune de Aigremont (52),false,{52002},Commune,2026-03-24 14:42:01.954481+01,gold_establishments_2025,,,,21520002300012,2025,Collectivité Territoriale,Commune,['Haute-Marne'],['Grand Est'],COM,{52},{44}
4f4264cc-09d8-4765-b86f-7cfd958c1ab3,217800077,Commune de Aigremont (78),false,{78007},Commune,2026-03-24 14:42:09.43682+01,gold_establishments_2025,,,,21780007700018,2025,Collectivité Territoriale,Commune,['Yvelines'],['Île-de-France'],COM,{78},{11}
63bf16a6-2799-497c-b7ae-54150e531270,218900025,Commune de Aigremont (89),false,{89002},Commune,2026-03-24 14:42:11.118516+01,gold_establishments_2025,,,,21890002500014,2025,Collectivité Territoriale,Commune,['Yonne'],['Bourgogne-Franche-Comté'],COM,{89},{27}
0d4bf95f-a833-453b-bb19-23197d861a2e,217300011,Commune de Aiguebelette-le-Lac (73),false,{73001},Commune,2026-03-24 14:42:08.279287+01,gold_establishments_2025,,,,21730001100012,2025,Collectivité Territoriale,Commune,['Savoie'],['Auvergne-Rhône-Alpes'],COM,{73},{84}
3ac2ee05-7736-49d6-990f-af78bd18feac,218100022,Commune de Aiguefonde (81),false,{81002},Commune,2026-03-24 14:42:09.967209+01,gold_establishments_2025,,,,21810002200019,2025,Collectivité Territoriale,Commune,['Tarn'],['Occitanie'],COM,{81},{76}
acbe1ab8-1e24-46f9-b391-046010f68087,216300012,Commune de Aigueperse (63),false,{63001},Commune,2026-03-24 14:42:06.130387+01,gold_establishments_2025,,,,21630001200012,2025,Collectivité Territoriale,Commune,['Puy-de-Dôme'],['Auvergne-Rhône-Alpes'],COM,{63},{84}
5dcd2724-fce9-4670-b42d-329d333c3838,216900027,Commune de Aigueperse (69),false,{69002},Commune,2026-03-24 14:42:07.195692+01,gold_establishments_2025,,,,21690002700014,2025,Collectivité Territoriale,Commune,['Rhône'],['Auvergne-Rhône-Alpes'],COM,{69},{84}
7a961aae-000d-47de-bce8-84c3d6974eda,210900015,Commune de Aigues-Juntes (09),false,{09001},Commune,2026-03-24 14:41:53.095366+01,gold_establishments_2025,,,,21090001500012,2025,Collectivité Territoriale,Commune,['Ariège'],['Occitanie'],COM,{09},{76}
4718db60-cd56-4f1e-b326-75a54edb20d2,213000037,Commune de Aigues-Mortes (30),false,{30003},Commune,2026-03-24 14:41:57.56054+01,gold_establishments_2025,,,,21300003700019,2025,Collectivité Territoriale,Commune,['Gard'],['Occitanie'],COM,{30},{76}
26db2e00-e993-427a-920f-ae9aa2bf9ab4,210900023,Commune de Aigues-Vives (09),false,{09002},Commune,2026-03-24 14:41:53.095366+01,gold_establishments_2025,,,,21090002300016,2025,Collectivité Territoriale,Commune,['Ariège'],['Occitanie'],COM,{09},{76}
382ea1e9-da17-4d13-93e9-442df64c23f3,211100011,Commune de Aigues-Vives (11),false,{11001},Commune,2026-03-24 14:41:53.63825+01,gold_establishments_2025,,,,21110001100017,2025,Collectivité Territoriale,Commune,['Aude'],['Occitanie'],COM,{11},{76}
aa012f71-5de1-4376-a6fd-19bd696d6d60,213000045,Commune de Aigues-Vives (30),false,{30004},Commune,2026-03-24 14:41:57.56054+01,gold_establishments_2025,,,,21300004500012,2025,Collectivité Territoriale,Commune,['Gard'],['Occitanie'],COM,{30},{76}
fd12fc76-483b-4e91-b46d-91ca47c845ca,213400070,Commune de Aigues-Vives (34),false,{34007},Commune,2026-03-24 14:41:58.620411+01,gold_establishments_2025,,,,21340007000016,2025,Collectivité Territoriale,Commune,['Hérault'],['Occitanie'],COM,{34},{76}
4a464810-722f-4cf6-80fa-0df289035d31,214300022,Commune de Aiguilhe (43),false,{43002},Commune,2026-03-24 14:42:00.273698+01,gold_establishments_2025,,,,21430002200016,2025,Collectivité Territoriale,Commune,['Haute-Loire'],['Auvergne-Rhône-Alpes'],COM,{43},{84}
a5dad4c0-8c9d-43c2-b024-308a93310243,210500039,Commune de Aiguilles (05),false,{05003},Commune,2026-03-24 14:41:52.562531+01,gold_establishments_2025,,,,21050003900016,2025,Collectivité Territoriale,Commune,['Hautes-Alpes'],"[""Provence-Alpes-Côte d'Azur""]",COM,{05},{93}
392f9e11-6f13-43ca-87eb-3e5c777f9037,214700049,Commune de Aiguillon (47),false,{47004},Commune,2026-03-24 14:42:00.862623+01,gold_establishments_2025,,,,21470004900015,2025,Collectivité Territoriale,Commune,['Lot-et-Garonne'],['Nouvelle-Aquitaine'],COM,{47},{75}
346ab61b-05fd-4899-808d-dedac380abdd,218300028,Commune de Aiguines (83),false,{83002},Commune,2026-03-24 14:42:10.508772+01,gold_establishments_2025,,,,21830002800014,2025,Collectivité Territoriale,Commune,['Var'],"[""Provence-Alpes-Côte d'Azur""]",COM,{83},{93}
47fa89f7-833d-4330-aa13-6ff1c7aafabb,213600018,Commune de Aigurande (36),false,{36001},Commune,2026-03-24 14:41:59.160244+01,gold_establishments_2025,,,,21360001800013,2025,Collectivité Territoriale,Commune,['Indre'],['Centre-Val de Loire'],COM,{36},{24}
3cb34d9c-a7ea-4ca5-b0a2-b6e8e5aecce5,213000052,Commune de Aiguèze (30),false,{30005},Commune,2026-03-24 14:41:57.56054+01,gold_establishments_2025,,,,21300005200018,2025,Collectivité Territoriale,Commune,['Gard'],['Occitanie'],COM,{30},{76}
dc1521c9-4434-4be4-a957-659fdc1ac9ce,210700027,Commune de Ailhon (07),false,{07002},Commune,2026-03-24 14:41:52.562531+01,gold_establishments_2025,,,,21070002700019,2025,Collectivité Territoriale,Commune,['Ardèche'],['Auvergne-Rhône-Alpes'],COM,{07},{84}
f106cda9-2103-464c-94e6-82c5b9925d33,214500027,Commune de Aillant-sur-Milleron (45),false,{45002},Commune,2026-03-24 14:42:00.862623+01,gold_establishments_2025,,,,21450002700013,2025,Collectivité Territoriale,Commune,['Loiret'],['Centre-Val de Loire'],COM,{45},{24}
a5047976-3bb8-478f-942e-10a5a5c1d7d8,213300023,Commune de Aillas (33),false,{33002},Commune,2026-03-24 14:41:58.09424+01,gold_establishments_2025,,,,21330002300016,2025,Collectivité Territoriale,Commune,['Gironde'],['Nouvelle-Aquitaine'],COM,{33},{75}
d729247b-359f-47c5-b698-9a8b4386f179,214200024,Commune de Ailleux (42),false,{42002},Commune,2026-03-24 14:42:00.273698+01,gold_establishments_2025,,,,21420002400013,2025,Collectivité Territoriale,Commune,['Loire'],['Auvergne-Rhône-Alpes'],COM,{42},{84}
b56f5563-95ea-4611-9def-40885d404f97,217000058,Commune de Aillevans (70),false,{70005},Commune,2026-03-24 14:42:07.735343+01,gold_establishments_2025,,,,21700005800016,2025,Collectivité Territoriale,Commune,['Haute-Saône'],['Bourgogne-Franche-Comté'],COM,{70},{27}
9ea12da4-1d38-4893-bd37-5857a7e0b76c,211000013,Commune de Ailleville (10),false,{10002},Commune,2026-03-24 14:41:53.095366+01,gold_establishments_2025,,,,21100001300014,2025,Collectivité Territoriale,Commune,['Aube'],['Grand Est'],COM,{10},{44}
07de6458-0c9a-4c92-94eb-d12d752ef28b,217000066,Commune de Aillevillers-et-Lyaumont (70),false,{70006},Commune,2026-03-24 14:42:07.735343+01,gold_establishments_2025,,,,21700006600019,2025,Collectivité Territoriale,Commune,['Haute-Saône'],['Bourgogne-Franche-Comté'],COM,{70},{27}
fcf51d29-8fc6-4533-9710-636a2cb83147,215200031,Commune de Aillianville (52),false,{52003},Commune,2026-03-24 14:42:01.954481+01,gold_establishments_2025,,,,21520003100015,2025,Collectivité Territoriale,Commune,['Haute-Marne'],['Grand Est'],COM,{52},{44}
3ac73683-26fd-434b-9273-fab39081d61d,217200021,Commune de Aillières-Beauvoir (72),false,{72002},Commune,2026-03-24 14:42:08.279287+01,gold_establishments_2025,,,,21720002100012,2025,Collectivité Territoriale,Commune,['Sarthe'],['Pays de la Loire'],COM,{72},{52}
3b44daa6-e726-46ca-8dde-c6726c48c421,217300045,Commune de Aillon-le-Jeune (73),false,{73004},Commune,2026-03-24 14:42:08.279287+01,gold_establishments_2025,,,,21730004500010,2025,Collectivité Territoriale,Commune,['Savoie'],['Auvergne-Rhône-Alpes'],COM,{73},{84}
0ecad81f-c217-4372-a6e2-e4b9375a30ad,217300052,Commune de Aillon-le-Vieux (73),false,{73005},Commune,2026-03-24 14:42:08.279287+01,gold_establishments_2025,,,,21730005200016,2025,Collectivité Territoriale,Commune,['Savoie'],['Auvergne-Rhône-Alpes'],COM,{73},{84}
413a6962-324f-45f1-897d-e0e05bc3e423,217000074,Commune de Ailloncourt (70),false,{70007},Commune,2026-03-24 14:42:07.735343+01,gold_establishments_2025,,,,21700007400013,2025,Collectivité Territoriale,Commune,['Haute-Saône'],['Bourgogne-Franche-Comté'],COM,{70},{27}
b89c8987-e2ed-4b55-8b89-29638dc52da9,212700058,Commune de Ailly (27),false,{27005},Commune,2026-03-24 14:41:56.495197+01,gold_establishments_2025,,,,21270005800010,2025,Collectivité Territoriale,Commune,['Eure'],['Normandie'],COM,{27},{28}
9e62185e-5c1c-4207-bdd3-c7f9894973ae,218000081,Commune de Ailly-le-Haut-Clocher (80),false,{80009},Commune,2026-03-24 14:42:09.43682+01,gold_establishments_2025,,,,21800008100016,2025,Collectivité Territoriale,Commune,['Somme'],['Hauts-de-France'],COM,{80},{32}
265a2431-01b6-4438-8eba-66b4d3b07fff,218000099,Commune de Ailly-sur-Noye (80),false,{80010},Commune,2026-03-24 14:42:09.43682+01,gold_establishments_2025,,,,21800009900018,2025,Collectivité Territoriale,Commune,['Somme'],['Hauts-de-France'],COM,{80},{32}
f34bcc88-fb74-4fdc-8309-200e4bfaa26b,218000107,Commune de Ailly-sur-Somme (80),false,{80011},Commune,2026-03-24 14:42:09.43682+01,gold_establishments_2025,,,,21800010700019,2025,Collectivité Territoriale,Commune,['Somme'],['Hauts-de-France'],COM,{80},{32}
aa0414c5-b6d1-43a2-861f-8dde6775b7eb,213000060,Commune de Aimargues (30),false,{30006},Commune,2026-03-24 14:41:57.56054+01,gold_establishments_2025,,,,21300006000011,2025,Collectivité Territoriale,Commune,['Gard'],['Occitanie'],COM,{30},{76}
bb20cb6a-f458-440d-a1e2-dfcb63b37c70,200055762,Commune de Aime-la-Plagne (73),false,{73006},Commune,2026-03-24 14:42:08.279287+01,gold_establishments_2025,,,,20005576200013,2025,Collectivité Territoriale,Commune,['Savoie'],['Auvergne-Rhône-Alpes'],COM,{73},{84}
dcd637b9-30f0-48d8-97ec-2744a4a942db,210300034,Commune de Ainay-le-Château (03),false,{03003},Commune,2026-03-24 14:41:52.020251+01,gold_establishments_2025,,,,21030003400019,2025,Collectivité Territoriale,Commune,['Allier'],['Auvergne-Rhône-Alpes'],COM,{03},{84}
185801e3-2779-4cbf-b861-60637e0e5798,211800024,Commune de Ainay-le-Vieil (18),false,{18002},Commune,2026-03-24 14:41:54.903238+01,gold_establishments_2025,,,,21180002400013,2025,Collectivité Territoriale,Commune,['Cher'],['Centre-Val de Loire'],COM,{18},{24}
08c35d7b-6f54-427b-84b4-073f796eb2a9,216400119,Commune de Aincille (64),false,{64011},Commune,2026-03-24 14:42:06.130387+01,gold_establishments_2025,,,,21640011900014,2025,Collectivité Territoriale,Commune,['Pyrénées-Atlantiques'],['Nouvelle-Aquitaine'],COM,{64},{75}
46d665c0-921b-4395-be0c-9a07bb4b3599,219500089,Commune de Aincourt (95),false,{95008},Commune,2026-03-24 14:42:11.659493+01,gold_establishments_2025,,,,21950008900012,2025,Collectivité Territoriale,Commune,"[""Val-d'Oise""]",['Île-de-France'],COM,{95},{11}
49735566-1009-4755-a76d-408bbbb3a274,215500042,Commune de Aincreville (55),false,{55004},Commune,2026-03-24 14:42:02.957225+01,gold_establishments_2025,,,,21550004200019,2025,Collectivité Territoriale,Commune,['Meuse'],['Grand Est'],COM,{55},{44}
b7223820-76e3-49b3-911c-89a4f1b09142,215400078,Commune de Aingeray (54),false,{54007},Commune,2026-03-24 14:42:02.957225+01,gold_establishments_2025,,,,21540007800014,2025,Collectivité Territoriale,Commune,['Meurthe-et-Moselle'],['Grand Est'],COM,{54},{44}
ddadb325-a65b-4f22-9887-bc553d2f9013,218800035,Commune de Aingeville (88),false,{88003},Commune,2026-03-24 14:42:11.118516+01,gold_establishments_2025,,,,21880003500014,2025,Collectivité Territoriale,Commune,['Vosges'],['Grand Est'],COM,{88},{44}
1de033e0-ebd0-4b89-a319-621037cd2e1d,215200049,Commune de Aingoulaincourt (52),false,{52004},Commune,2026-03-24 14:42:01.954481+01,gold_establishments_2025,,,,21520004900017,2025,Collectivité Territoriale,Commune,['Haute-Marne'],['Grand Est'],COM,{52},{44}
9331f592-332d-4641-921e-696f603edd11,216400127,Commune de Ainharp (64),false,{64012},Commune,2026-03-24 14:42:06.130387+01,gold_establishments_2025,,,,21640012700017,2025,Collectivité Territoriale,Commune,['Pyrénées-Atlantiques'],['Nouvelle-Aquitaine'],COM,{64},{75}
7431632a-70cb-406d-a6c2-7a215599edb9,216400135,Commune de Ainhice-Mongelos (64),false,{64013},Commune,2026-03-24 14:42:06.130387+01,gold_establishments_2025,,,,21640013500010,2025,Collectivité Territoriale,Commune,['Pyrénées-Atlantiques'],['Nouvelle-Aquitaine'],COM,{64},{75}
30e03046-e930-46a2-b1ee-f7a05355c17a,216400143,Commune de Ainhoa (64),false,{64014},Commune,2026-03-24 14:42:06.130387+01,gold_establishments_2025,,,,21640014300014,2025,Collectivité Territoriale,Commune,['Pyrénées-Atlantiques'],['Nouvelle-Aquitaine'],COM,{64},{75}
5cd8a1e9-952a-47c7-8d58-6e78bb0aae61,217000082,Commune de Ainvelle (70),false,{70008},Commune,2026-03-24 14:42:07.735343+01,gold_establishments_2025,,,,21700008200016,2025,Collectivité Territoriale,Commune,['Haute-Saône'],['Bourgogne-Franche-Comté'],COM,{70},{27}
60e356b4-daf1-415e-9079-c1547f6bda8a,218800043,Commune de Ainvelle (88),false,{88004},Commune,2026-03-24 14:42:11.118516+01,gold_establishments_2025,,,,21880004300018,2025,Collectivité Territoriale,Commune,['Vosges'],['Grand Est'],COM,{88},{44}
421b1b6c-a706-4b89-b5be-ecc8eaeaee45,218000115,Commune de Airaines (80),false,{80013},Commune,2026-03-24 14:42:09.43682+01,gold_establishments_2025,,,,21800011500012,2025,Collectivité Territoriale,Commune,['Somme'],['Hauts-de-France'],COM,{80},{32}
2b87cc5c-f4b4-4c81-b4de-fb24b6c4b097,210800033,Commune de Aire (08),false,{08004},Commune,2026-03-24 14:41:52.562531+01,gold_establishments_2025,,,,21080003300016,2025,Collectivité Territoriale,Commune,['Ardennes'],['Grand Est'],COM,{08},{44}
95feb586-bcea-489c-8791-5449c621a2d2,214000010,Commune de Aire-sur-l'Adour (40),false,{40001},Commune,2026-03-24 14:41:59.705606+01,gold_establishments_2025,,,,21400001000014,2025,Collectivité Territoriale,Commune,['Landes'],['Nouvelle-Aquitaine'],COM,{40},{75}
945849bc-0a60-4209-95bb-4cc315e01dff,216200147,Commune de Aire-sur-la-Lys (62),false,{62014},Commune,2026-03-24 14:42:05.597325+01,gold_establishments_2025,,,,21620014700017,2025,Collectivité Territoriale,Commune,['Pas-de-Calais'],['Hauts-de-France'],COM,{62},{32}
1b98c379-f186-420a-9e60-64e1e8fd3702,215000043,Commune de Airel (50),false,{50004},Commune,2026-03-24 14:42:01.412377+01,gold_establishments_2025,,,,21500004300012,2025,Collectivité Territoriale,Commune,['Manche'],['Normandie'],COM,{50},{28}
0df49536-8db8-4619-b83f-aa772a41f39d,216000067,Commune de Airion (60),false,{60008},Commune,2026-03-24 14:42:04.814328+01,gold_establishments_2025,,,,21600006700019,2025,Collectivité Territoriale,Commune,['Oise'],['Hauts-de-France'],COM,{60},{32}
d95b60f3-2754-43c2-b441-e1f0a1c929f1,216200154,Commune de Airon-Notre-Dame (62),false,{62015},Commune,2026-03-24 14:42:05.597325+01,gold_establishments_2025,,,,21620015400013,2025,Collectivité Territoriale,Commune,['Pas-de-Calais'],['Hauts-de-France'],COM,{62},{32}
83a986da-4e5f-4af9-9df7-d8611df05c09,216200162,Commune de Airon-Saint-Vaast (62),false,{62016},Commune,2026-03-24 14:42:05.597325+01,gold_establishments_2025,,,,21620016200016,2025,Collectivité Territoriale,Commune,['Pas-de-Calais'],['Hauts-de-France'],COM,{62},{32}
d41a7443-b17a-43d6-8f86-625cd2e98bba,211100029,Commune de Airoux (11),false,{11002},Commune,2026-03-24 14:41:53.63825+01,gold_establishments_2025,,,,21110002900019,2025,Collectivité Territoriale,Commune,['Aude'],['Occitanie'],COM,{11},{76}
779e1f68-cdf9-4e82-9a60-aa374eea8fd8,200085785,Commune de Airvault (79),false,{79005},Commune,2026-03-24 14:42:09.43682+01,gold_establishments_2025,,,,20008578500018,2025,Collectivité Territoriale,Commune,['Deux-Sèvres'],['Nouvelle-Aquitaine'],COM,{79},{75}
a02a62bd-89df-4d06-b654-77949a36f692,212100051,Commune de Aiserey (21),false,{21005},Commune,2026-03-24 14:41:55.433389+01,gold_establishments_2025,,,,21210005100011,2025,Collectivité Territoriale,Commune,"[""Côte-d'Or""]",['Bourgogne-Franche-Comté'],COM,{21},{27}
75eb5e50-2d92-4d94-87c5-417135332a91,217000090,Commune de Aisey-et-Richecourt (70),false,{70009},Commune,2026-03-24 14:42:07.735343+01,gold_establishments_2025,,,,21700009000019,2025,Collectivité Territoriale,Commune,['Haute-Saône'],['Bourgogne-Franche-Comté'],COM,{70},{27}
98b1e8c3-f1b7-468f-a42a-deef7b598c79,212100069,Commune de Aisey-sur-Seine (21),false,{21006},Commune,2026-03-24 14:41:55.433389+01,gold_establishments_2025,,,,21210006900013,2025,Collectivité Territoriale,Commune,"[""Côte-d'Or""]",['Bourgogne-Franche-Comté'],COM,{21},{27}
1c4d7581-967f-472a-a8fd-141ff07fdce7,210200069,Commune de Aisonville-et-Bernoville (02),false,{02006},Commune,2026-03-24 14:41:51.447482+01,gold_establishments_2025,,,,21020006900016,2025,Collectivité Territoriale,Commune,['Aisne'],['Hauts-de-France'],COM,{02},{32}
308b9e55-47da-4da3-b341-08b1eb74bdae,212100077,Commune de Aisy-sous-Thil (21),false,{21007},Commune,2026-03-24 14:41:55.433389+01,gold_establishments_2025,,,,21210007700016,2025,Collectivité Territoriale,Commune,"[""Côte-d'Or""]",['Bourgogne-Franche-Comté'],COM,{21},{27}
567ace45-a9e1-40a6-9b6d-1f05a9ffde3c,218900041,Commune de Aisy-sur-Armançon (89),false,{89004},Commune,2026-03-24 14:42:11.118516+01,gold_establishments_2025,,,,21890004100011,2025,Collectivité Territoriale,Commune,['Yonne'],['Bourgogne-Franche-Comté'],COM,{89},{27}
5228d508-0f8b-4cbe-808b-b81ee30b1861,212000038,Commune de Aiti (2B),false,{2B003},Commune,2026-03-24 14:41:57.56054+01,gold_establishments_2025,,,,21200003800019,2025,Collectivité Territoriale,Commune,['Haute-Corse'],['Corse'],COM,{2B},{94}
7cda9a2c-fa43-43b0-8a94-a4c04253294b,217300078,Commune de Aiton (73),false,{73007},Commune,2026-03-24 14:42:08.279287+01,gold_establishments_2025,,,,21730007800011,2025,Collectivité Territoriale,Commune,['Savoie'],['Auvergne-Rhône-Alpes'],COM,{73},{84}
26a1edc2-d9b6-40fe-9b1a-c34c2bc58673,211900204,Commune de Aix (19),false,{19002},Commune,2026-03-24 14:41:54.903238+01,gold_establishments_2025,,,,21190020400010,2025,Collectivité Territoriale,Commune,['Corrèze'],['Nouvelle-Aquitaine'],COM,{19},{75}
24a767af-7d59-4ffb-9bd6-dd52a0fe7965,216200196,Commune de Aix-Noulette (62),false,{62019},Commune,2026-03-24 14:42:05.597325+01,gold_establishments_2025,,,,21620019600014,2025,Collectivité Territoriale,Commune,['Pas-de-Calais'],['Hauts-de-France'],COM,{62},{32}
5c88eb95-fcff-4ba0-afca-a6e082e8022d,200058840,Commune de Aix-Villemaur-Pâlis (10),false,{10003},Commune,2026-03-24 14:41:53.095366+01,gold_establishments_2025,,,,20005884000014,2025,Collectivité Territoriale,Commune,['Aube'],['Grand Est'],COM,{10},{44}
478c55c4-3b40-4540-bdfe-5187c78aaec5,216200170,Commune de Aix-en-Ergny (62),false,{62017},Commune,2026-03-24 14:42:05.597325+01,gold_establishments_2025,,,,21620017000019,2025,Collectivité Territoriale,Commune,['Pas-de-Calais'],['Hauts-de-France'],COM,{62},{32}
60ab6ca4-43c1-4019-a4ab-fa1557f108ac,216200188,Commune de Aix-en-Issart (62),false,{62018},Commune,2026-03-24 14:42:05.597325+01,gold_establishments_2025,,,,21620018800011,2025,Collectivité Territoriale,Commune,['Pas-de-Calais'],['Hauts-de-France'],COM,{62},{32}
40dbaa63-41cd-49a9-bb7a-94fa5b5ab69e,211300017,Commune de Aix-en-Provence (13),false,{13001},Commune,2026-03-24 14:41:53.63825+01,gold_establishments_2025,,,,21130001700012,2025,Collectivité Territoriale,Commune,['Bouches-du-Rhône'],"[""Provence-Alpes-Côte d'Azur""]",COM,{13},{93}
0242d41c-6178-4877-9a58-d7673b831c59,215900044,Commune de Aix-en-Pévèle (59),false,{59004},Commune,2026-03-24 14:42:04.280096+01,gold_establishments_2025,,,,21590004400011,2025,Collectivité Territoriale,Commune,['Nord'],['Hauts-de-France'],COM,{59},{32}
27f7ec33-9acd-4fac-9daf-f2f1cfa3da6a,216300020,Commune de Aix-la-Fayette (63),false,{63002},Commune,2026-03-24 14:42:06.130387+01,gold_establishments_2025,,,,21630002000015,2025,Collectivité Territoriale,Commune,['Puy-de-Dôme'],['Auvergne-Rhône-Alpes'],COM,{63},{84}
2e1c7315-21dc-47b4-980f-362fa5182136,217300086,Commune de Aix-les-Bains (73),false,{73008},Commune,2026-03-24 14:42:08.279287+01,gold_establishments_2025,,,,21730008600014,2025,Collectivité Territoriale,Commune,['Savoie'],['Auvergne-Rhône-Alpes'],COM,{73},{84}
45535499-2bb4-4284-b116-9fb7f8c71427,218700102,Commune de Aixe-sur-Vienne (87),false,{87001},Commune,2026-03-24 14:42:11.118516+01,gold_establishments_2025,,,,21870010200013,2025,Collectivité Territoriale,Commune,['Haute-Vienne'],['Nouvelle-Aquitaine'],COM,{87},{75}
ba145e93-1638-46af-92f8-759b4de5b5e4,210700035,Commune de Aizac (07),false,{07003},Commune,2026-03-24 14:41:52.562531+01,gold_establishments_2025,,,,21070003500012,2025,Collectivité Territoriale,Commune,['Ardèche'],['Auvergne-Rhône-Alpes'],COM,{07},{84}
046b0b96-7376-45b8-82b5-0238b5c0e3e7,215200056,Commune de Aizanville (52),false,{52005},Commune,2026-03-24 14:42:01.954481+01,gold_establishments_2025,,,,21520005600012,2025,Collectivité Territoriale,Commune,['Haute-Marne'],['Grand Est'],COM,{52},{44}
cad55ae4-8718-4375-b873-fbd957ed1c40,213600026,Commune de Aize (36),false,{36002},Commune,2026-03-24 14:41:59.160244+01,gold_establishments_2025,,,,21360002600016,2025,Collectivité Territoriale,Commune,['Indre'],['Centre-Val de Loire'],COM,{36},{24}
e7779553-67a9-450a-a7ed-e85441f8ea22,218000123,Commune de Aizecourt-le-Bas (80),false,{80014},Commune,2026-03-24 14:42:09.43682+01,gold_establishments_2025,,,,21800012300016,2025,Collectivité Territoriale,Commune,['Somme'],['Hauts-de-France'],COM,{80},{32}
44ebf4ae-3d21-4e0d-b7de-c2bd16f680d0,218000131,Commune de Aizecourt-le-Haut (80),false,{80015},Commune,2026-03-24 14:42:09.43682+01,gold_establishments_2025,,,,21800013100019,2025,Collectivité Territoriale,Commune,['Somme'],['Hauts-de-France'],COM,{80},{32}
5e4df65f-31b1-4477-a953-4a30ab2f6634,210200077,Commune de Aizelles (02),false,{02007},Commune,2026-03-24 14:41:51.447482+01,gold_establishments_2025,,,,21020007700019,2025,Collectivité Territoriale,Commune,['Aisne'],['Hauts-de-France'],COM,{02},{32}
ad8e72d0-63c8-42f0-85f1-5ea09b2d615a,218500031,Commune de Aizenay (85),false,{85003},Commune,2026-03-24 14:42:10.508772+01,gold_establishments_2025,,,,21850003100016,2025,Collectivité Territoriale,Commune,['Vendée'],['Pays de la Loire'],COM,{85},{52}
9797d8f8-d3e1-4080-89ac-986f67b30691,212700066,Commune de Aizier (27),false,{27006},Commune,2026-03-24 14:41:56.495197+01,gold_establishments_2025,,,,21270006600013,2025,Collectivité Territoriale,Commune,['Eure'],['Normandie'],COM,{27},{28}
c8c78beb-a0a6-432d-9a56-6e3105fc0c0a,210200085,Commune de Aizy-Jouy (02),false,{02008},Commune,2026-03-24 14:41:51.447482+01,gold_establishments_2025,,,,21020008500012,2025,Collectivité Territoriale,Commune,['Aisne'],['Hauts-de-France'],COM,{02},{32}
4c7e2902-2aac-4c57-ba0b-d2c14f2ea093,211100037,Commune de Ajac (11),false,{11003},Commune,2026-03-24 14:41:53.63825+01,gold_establishments_2025,,,,21110003700012,2025,Collectivité Territoriale,Commune,['Aude'],['Occitanie'],COM,{11},{76}
e9ee0345-a2c6-453e-a2ce-6d0cb48c97c6,212000046,Commune de Ajaccio (2A),false,{2A004},Commune,2026-03-24 14:41:57.56054+01,gold_establishments_2025,,,,21200004600012,2025,Collectivité Territoriale,Commune,['Corse-du-Sud'],['Corse'],COM,{2A},{94}
e2b85980-5415-40e8-9853-8ca509c22c86,212300206,Commune de Ajain (23),false,{23002},Commune,2026-03-24 14:41:55.958138+01,gold_establishments_2025,,,,21230020600019,2025,Collectivité Territoriale,Commune,['Creuse'],['Nouvelle-Aquitaine'],COM,{23},{75}
3f009aa7-524a-4612-ac48-3ea4639a2e08,212400048,Commune de Ajat (24),false,{24004},Commune,2026-03-24 14:41:55.958138+01,gold_establishments_2025,,,,21240004800014,2025,Collectivité Territoriale,Commune,['Dordogne'],['Nouvelle-Aquitaine'],COM,{24},{75}
c411effb-dd84-4986-8ae3-a8454e38fe18,215700097,Commune de Ajoncourt (57),false,{57009},Commune,2026-03-24 14:42:03.701372+01,gold_establishments_2025,,,,21570009700011,2025,Collectivité Territoriale,Commune,['Moselle'],['Grand Est'],COM,{57},{44}
8c1c0ad0-5cb1-4409-81f9-f10132179ad1,210700043,Commune de Ajoux (07),false,{07004},Commune,2026-03-24 14:41:52.562531+01,gold_establishments_2025,,,,21070004300016,2025,Collectivité Territoriale,Commune,['Ardèche'],['Auvergne-Rhône-Alpes'],COM,{07},{84}
5dad9e34-1726-4c75-b84a-ee07decad084,211100045,Commune de Alaigne (11),false,{11004},Commune,2026-03-24 14:41:53.63825+01,gold_establishments_2025,,,,21110004500015,2025,Collectivité Territoriale,Commune,['Aude'],['Occitanie'],COM,{11},{76}
8abd7681-6cb3-4c18-9971-5b33efba0629,210200093,Commune de Alaincourt (02),false,{02009},Commune,2026-03-24 14:41:51.447482+01,gold_establishments_2025,,,,21020009300016,2025,Collectivité Territoriale,Commune,['Aisne'],['Hauts-de-France'],COM,{02},{32}
d27c46a6-c83e-43d4-a87b-57da5c28ea9c,217000108,Commune de Alaincourt (70),false,{70010},Commune,2026-03-24 14:42:07.735343+01,gold_establishments_2025,,,,21700010800019,2025,Collectivité Territoriale,Commune,['Haute-Saône'],['Bourgogne-Franche-Comté'],COM,{70},{27}
65654968-e11a-4648-972b-c98b013e2545,215700105,Commune de Alaincourt-la-Côte (57),false,{57010},Commune,2026-03-24 14:42:03.701372+01,gold_establishments_2025,,,,21570010500012,2025,Collectivité Territoriale,Commune,['Moselle'],['Grand Est'],COM,{57},{44}
f19c5ef8-0f8e-4765-b9b4-c19613748b91,211100052,Commune de Alairac (11),false,{11005},Commune,2026-03-24 14:41:53.63825+01,gold_establishments_2025,,,,21110005200011,2025,Collectivité Territoriale,Commune,['Aude'],['Occitanie'],COM,{11},{76}
0220fe88-9e04-46d4-b4ec-b777976b9e2a,213100050,Commune de Alan (31),false,{31005},Commune,2026-03-24 14:41:57.56054+01,gold_establishments_2025,,,,21310005000011,2025,Collectivité Territoriale,Commune,['Haute-Garonne'],['Occitanie'],COM,{31},{76}
e6a30d10-e595-47e4-9275-91ecb89c038d,212000053,Commune de Alando (2B),false,{2B005},Commune,2026-03-24 14:41:57.56054+01,gold_establishments_2025,,,,21200005300018,2025,Collectivité Territoriale,Commune,['Haute-Corse'],['Corse'],COM,{2B},{94}
2339a0a6-3e08-4e1b-8f9c-a6982dd5db56,212000061,Commune de Alata (2A),false,{2A006},Commune,2026-03-24 14:41:57.56054+01,gold_establishments_2025,,,,21200006100011,2025,Collectivité Territoriale,Commune,['Corse-du-Sud'],['Corse'],COM,{2A},{94}
f0720ac7-db53-409e-8265-0a9c0f1880e2,210700050,Commune de Alba-la-Romaine (07),false,{07005},Commune,2026-03-24 14:41:52.562531+01,gold_establishments_2025,,,,21070005000011,2025,Collectivité Territoriale,Commune,['Ardèche'],['Auvergne-Rhône-Alpes'],COM,{07},{84}
31f779e5-18af-49a9-9864-a3d50bc0e116,218100030,Commune de Alban (81),false,{81003},Commune,2026-03-24 14:42:09.967209+01,gold_establishments_2025,,,,21810003000012,2025,Collectivité Territoriale,Commune,['Tarn'],['Occitanie'],COM,{81},{76}
44a085b6-d854-441a-858e-2ecb0d1ab5d4,214800021,Commune de Albaret-Sainte-Marie (48),false,{48002},Commune,2026-03-24 14:42:01.412377+01,gold_establishments_2025,,,,21480002100013,2025,Collectivité Territoriale,Commune,['Lozère'],['Occitanie'],COM,{48},{76}
212521cf-e5bf-458e-b531-9c6b75cdf97c,214800013,Commune de Albaret-le-Comtal (48),false,{48001},Commune,2026-03-24 14:42:01.412377+01,gold_establishments_2025,,,,21480001300010,2025,Collectivité Territoriale,Commune,['Lozère'],['Occitanie'],COM,{48},{76}
ec020658-d1a6-43c8-aad3-ce43b0e6480b,211100060,Commune de Albas (11),false,{11006},Commune,2026-03-24 14:41:53.63825+01,gold_establishments_2025,,,,21110006000014,2025,Collectivité Territoriale,Commune,['Aude'],['Occitanie'],COM,{11},{76}
d5b0804f-bde7-4b61-8263-1641b811ac87,214600017,Commune de Albas (46),false,{46001},Commune,2026-03-24 14:42:00.862623+01,gold_establishments_2025,,,,21460001700013,2025,Collectivité Territoriale,Commune,['Lot'],['Occitanie'],COM,{46},{76}
39e50c45-b775-403c-8653-5e725027de09,218200012,Commune de Albefeuille-Lagarde (82),false,{82001},Commune,2026-03-24 14:42:10.508772+01,gold_establishments_2025,,,,21820001200019,2025,Collectivité Territoriale,Commune,['Tarn-et-Garonne'],['Occitanie'],COM,{82},{76}
c4b9de14-7a0a-453d-a7ac-deef8c0c1dc8,211500251,Commune de Albepierre-Bredons (15),false,{15025},Commune,2026-03-24 14:41:54.362296+01,gold_establishments_2025,,,,21150025100015,2025,Collectivité Territoriale,Commune,['Cantal'],['Auvergne-Rhône-Alpes'],COM,{15},{84}
d145647b-c082-45d0-9260-28c2f470bd60,218000149,Commune de Albert (80),false,{80016},Commune,2026-03-24 14:42:09.43682+01,gold_establishments_2025,,,,21800014900011,2025,Collectivité Territoriale,Commune,['Somme'],['Hauts-de-France'],COM,{80},{32}
2e43ddd9-a135-4008-92e4-0c68768213f3,212000079,Commune de Albertacce (2B),false,{2B007},Commune,2026-03-24 14:41:57.56054+01,gold_establishments_2025,,,,21200007900013,2025,Collectivité Territoriale,Commune,['Haute-Corse'],['Corse'],COM,{2B},{94}
fd76e7a2-4b0c-480a-934c-a301be593207,217300110,Commune de Albertville (73),false,{73011},Commune,2026-03-24 14:42:08.279287+01,gold_establishments_2025,,,,21730011000012,2025,Collectivité Territoriale,Commune,['Savoie'],['Auvergne-Rhône-Alpes'],COM,{73},{84}
326c0362-9d90-4c62-bb18-cd130d6e94f4,215700113,Commune de Albestroff (57),false,{57011},Commune,2026-03-24 14:42:03.701372+01,gold_establishments_2025,,,,21570011300016,2025,Collectivité Territoriale,Commune,['Moselle'],['Grand Est'],COM,{57},{44}
32aa12ba-e116-4436-89f2-395a7107ba28,218100048,Commune de Albi (81),false,{81004},Commune,2026-03-24 14:42:09.967209+01,gold_establishments_2025,,,,21810004800014,2025,Collectivité Territoriale,Commune,['Tarn'],['Occitanie'],COM,{81},{76}
8c59edfb-1570-4e97-aa47-aeaf57cf1bcd,213100068,Commune de Albiac (31),false,{31006},Commune,2026-03-24 14:41:57.56054+01,gold_establishments_2025,,,,21310006800013,2025,Collectivité Territoriale,Commune,['Haute-Garonne'],['Occitanie'],COM,{31},{76}
5287eeb3-438b-43ee-ae97-0685be155d10,214600025,Commune de Albiac (46),false,{46002},Commune,2026-03-24 14:42:00.862623+01,gold_establishments_2025,,,,21460002500016,2025,Collectivité Territoriale,Commune,['Lot'],['Occitanie'],COM,{46},{76}
ef408d23-01f5-4523-89a1-d0d750c1a146,218200020,Commune de Albias (82),false,{82002},Commune,2026-03-24 14:42:10.508772+01,gold_establishments_2025,,,,21820002000012,2025,Collectivité Territoriale,Commune,['Tarn-et-Garonne'],['Occitanie'],COM,{82},{76}
ae1b434f-914a-4b7e-ba3f-6f41a8518cc0,217300136,Commune de Albiez-Montrond (73),false,{73013},Commune,2026-03-24 14:42:08.279287+01,gold_establishments_2025,,,,21730013600017,2025,Collectivité Territoriale,Commune,['Savoie'],['Auvergne-Rhône-Alpes'],COM,{73},{84}
4e3584b8-76cc-4b08-a3b6-d98570b2d386,217300128,Commune de Albiez-le-Jeune (73),false,{73012},Commune,2026-03-24 14:42:08.279287+01,gold_establishments_2025,,,,21730012800014,2025,Collectivité Territoriale,Commune,['Savoie'],['Auvergne-Rhône-Alpes'],COM,{73},{84}
aae74dfa-2cea-4114-9235-f6027f7998b1,211900303,Commune de Albignac (19),false,{19003},Commune,2026-03-24 14:41:54.903238+01,gold_establishments_2025,,,,21190030300010,2025,Collectivité Territoriale,Commune,['Corrèze'],['Nouvelle-Aquitaine'],COM,{19},{75}
359e7d44-da8c-41de-8295-149f8f138ba1,216900035,Commune de Albigny-sur-Saône (69),false,{69003},Commune,2026-03-24 14:42:07.195692+01,gold_establishments_2025,,,,21690003500017,2025,Collectivité Territoriale,Commune,['Rhône'],['Auvergne-Rhône-Alpes'],COM,{69},{84}
e9c1900e-aec5-4eb1-af47-9c323c8c1ab4,218100055,Commune de Albine (81),false,{81005},Commune,2026-03-24 14:42:09.967209+01,gold_establishments_2025,,,,21810005500019,2025,Collectivité Territoriale,Commune,['Tarn'],['Occitanie'],COM,{81},{76}
73717122-8b77-4ca2-b76c-93a50260b55c,212000087,Commune de Albitreccia (2A),false,{2A008},Commune,2026-03-24 14:41:57.56054+01,gold_establishments_2025,,,,21200008700016,2025,Collectivité Territoriale,Commune,['Corse-du-Sud'],['Corse'],COM,{2A},{94}
95a7a8a2-3062-40cc-9542-9fb3bf180ad2,211100078,Commune de Albières (11),false,{11007},Commune,2026-03-24 14:41:53.63825+01,gold_establishments_2025,,,,21110007800016,2025,Collectivité Territoriale,Commune,['Aude'],['Occitanie'],COM,{11},{76}
45642a8c-bcb2-4d04-9308-13b1304fb1b7,210900049,Commune de Albiès (09),false,{09004},Commune,2026-03-24 14:41:53.095366+01,gold_establishments_2025,,,,21090004900011,2025,Collectivité Territoriale,Commune,['Ariège'],['Occitanie'],COM,{09},{76}
a28ab7fd-f7a1-4494-847c-affe7a74f298,212600027,Commune de Albon (26),false,{26002},Commune,2026-03-24 14:41:56.495197+01,gold_establishments_2025,,,,21260002700016,2025,Collectivité Territoriale,Commune,['Drôme'],['Auvergne-Rhône-Alpes'],COM,{26},{84}
062b4b0d-5f79-4cbc-9ae4-297ea844d941,210700068,Commune de Albon-d'Ardèche (07),false,{07006},Commune,2026-03-24 14:41:52.562531+01,gold_establishments_2025,,,,21070006800013,2025,Collectivité Territoriale,Commune,['Ardèche'],['Auvergne-Rhône-Alpes'],COM,{07},{84}
55d7ee12-fde9-4b48-b796-71cbe3f97286,210700076,Commune de Alboussière (07),false,{07007},Commune,2026-03-24 14:41:52.562531+01,gold_establishments_2025,,,,21070007600016,2025,Collectivité Territoriale,Commune,['Ardèche'],['Auvergne-Rhône-Alpes'],COM,{07},{84}
f4541789-5b92-4741-9e04-8d28c2764497,211900402,Commune de Albussac (19),false,{19004},Commune,2026-03-24 14:41:54.903238+01,gold_establishments_2025,,,,21190040200010,2025,Collectivité Territoriale,Commune,['Corrèze'],['Nouvelle-Aquitaine'],COM,{19},{75}
c939c7a9-cffb-46d1-83f2-c37a5aba1ed2,217400027,Commune de Alby-sur-Chéran (74),false,{74002},Commune,2026-03-24 14:42:08.279287+01,gold_establishments_2025,,,,21740002700017,2025,Collectivité Territoriale,Commune,['Haute-Savoie'],['Auvergne-Rhône-Alpes'],COM,{74},{84}
96ab5a1a-b20e-4fc5-869a-e5f858a203e5,216700039,Commune de Albé (67),false,{67003},Commune,2026-03-24 14:42:06.665412+01,gold_establishments_2025,,,,21670003900011,2025,Collectivité Territoriale,Commune,['Bas-Rhin'],['Grand Est'],COM,{67},{44}
e2151ef7-8458-4459-b77a-dbad4d729c40,216400168,Commune de Aldudes (64),false,{64016},Commune,2026-03-24 14:42:06.130387+01,gold_establishments_2025,,,,21640016800011,2025,Collectivité Territoriale,Commune,['Pyrénées-Atlantiques'],['Nouvelle-Aquitaine'],COM,{64},{75}
599fa8c3-dac4-4561-9431-0c5a8108972d,216200204,Commune de Alembon (62),false,{62020},Commune,2026-03-24 14:42:05.597325+01,gold_establishments_2025,,,,21620020400016,2025,Collectivité Territoriale,Commune,['Pas-de-Calais'],['Hauts-de-France'],COM,{62},{32}
a8ee5a22-b1f3-4605-b3d4-304a529427a0,216100016,Commune de Alençon (61),false,{61001},Commune,2026-03-24 14:42:04.814328+01,gold_establishments_2025,,,,21610001600015,2025,Collectivité Territoriale,Commune,['Orne'],['Normandie'],COM,{61},{28}
28527e55-4413-4cc9-9819-845ae7dae720,211100086,Commune de Alet-les-Bains (11),false,{11008},Commune,2026-03-24 14:41:53.63825+01,gold_establishments_2025,,,,21110008600019,2025,Collectivité Territoriale,Commune,['Aude'],['Occitanie'],COM,{11},{76}
83e252a7-538e-4cfe-b12c-b4e2d75b7d2c,216200212,Commune de Alette (62),false,{62021},Commune,2026-03-24 14:42:05.597325+01,gold_establishments_2025,,,,21620021200019,2025,Collectivité Territoriale,Commune,['Pas-de-Calais'],['Hauts-de-France'],COM,{62},{32}
b66233f9-2136-405a-a590-9511d9027656,210900056,Commune de Aleu (09),false,{09005},Commune,2026-03-24 14:41:53.095366+01,gold_establishments_2025,,,,21090005600016,2025,Collectivité Territoriale,Commune,['Ariège'],['Occitanie'],COM,{09},{76}
8e3d0c01-6b7e-44e9-b725-eb94e89f7a3d,217400035,Commune de Alex (74),false,{74003},Commune,2026-03-24 14:42:08.279287+01,gold_establishments_2025,,,,21740003500010,2025,Collectivité Territoriale,Commune,['Haute-Savoie'],['Auvergne-Rhône-Alpes'],COM,{74},{84}
adc1dc56-319c-4a34-bd09-e0d22d6d3b62,215300021,Commune de Alexain (53),false,{53002},Commune,2026-03-24 14:42:01.954481+01,gold_establishments_2025,,,,21530002100015,2025,Collectivité Territoriale,Commune,['Mayenne'],['Pays de la Loire'],COM,{53},{52}
7419442f-8203-4949-8205-7cc8438aa368,212600035,Commune de Aleyrac (26),false,{26003},Commune,2026-03-24 14:41:56.495197+01,gold_establishments_2025,,,,21260003500019,2025,Collectivité Territoriale,Commune,['Drôme'],['Auvergne-Rhône-Alpes'],COM,{26},{84}
59732415-ee6b-4421-8e19-f2a43dce9fe3,219400025,Commune de Alfortville (94),false,{94002},Commune,2026-03-24 14:42:11.659493+01,gold_establishments_2025,,,,21940002500017,2025,Collectivité Territoriale,Commune,['Val-de-Marne'],['Île-de-France'],COM,{94},{11}
a92fa086-3921-4d7a-8f12-3af31fa3a4ec,212000103,Commune de Algajola (2B),false,{2B010},Commune,2026-03-24 14:41:57.56054+01,gold_establishments_2025,,,,21200010300011,2025,Collectivité Territoriale,Commune,['Haute-Corse'],['Corse'],COM,{2B},{94}
ff54efbe-d50e-4765-a96a-9c43ddcd1f44,218100063,Commune de Algans (81),false,{81006},Commune,2026-03-24 14:42:09.967209+01,gold_establishments_2025,,,,21810006300013,2025,Collectivité Territoriale,Commune,['Tarn'],['Occitanie'],COM,{81},{76}
3b1d4fe0-62f4-4c5d-b6cc-6e5c66f1d8cd,216800011,Commune de Algolsheim (68),false,{68001},Commune,2026-03-24 14:42:07.195692+01,gold_establishments_2025,,,,21680001100019,2025,Collectivité Territoriale,Commune,['Haut-Rhin'],['Grand Est'],COM,{68},{44}
794f9ab3-b31d-48c8-bd66-e18d8d5269bf,215700121,Commune de Algrange (57),false,{57012},Commune,2026-03-24 14:42:03.701372+01,gold_establishments_2025,,,,21570012100019,2025,Collectivité Territoriale,Commune,['Moselle'],['Grand Est'],COM,{57},{44}
47e0b0f3-5203-4fbd-a99f-8dd1f2d89fc6,213400096,Commune de Alignan-du-Vent (34),false,{34009},Commune,2026-03-24 14:41:58.620411+01,gold_establishments_2025,,,,21340009600011,2025,Collectivité Territoriale,Commune,['Hérault'],['Occitanie'],COM,{34},{76}
b13dad82-a72a-42ff-addb-ed41c3cccca2,210800041,Commune de Alincourt (08),false,{08005},Commune,2026-03-24 14:41:52.562531+01,gold_establishments_2025,,,,21080004100019,2025,Collectivité Territoriale,Commune,['Ardennes'],['Grand Est'],COM,{08},{44}
de07b070-17c0-4bc5-9bdd-786206d91f40,216200220,Commune de Alincthun (62),false,{62022},Commune,2026-03-24 14:42:05.597325+01,gold_establishments_2025,,,,21620022000012,2025,Collectivité Territoriale,Commune,['Pas-de-Calais'],['Hauts-de-France'],COM,{62},{32}
e777e922-0314-49f4-9d1a-de671abfe619,212100085,Commune de Alise-Sainte-Reine (21),false,{21008},Commune,2026-03-24 14:41:55.433389+01,gold_establishments_2025,,,,21210008500019,2025,Collectivité Territoriale,Commune,"[""Côte-d'Or""]",['Bourgogne-Franche-Comté'],COM,{21},{27}
b56d76aa-c3e7-4819-a171-99bb3f5ca125,210700084,Commune de Alissas (07),false,{07008},Commune,2026-03-24 14:41:52.562531+01,gold_establishments_2025,,,,21070008400010,2025,Collectivité Territoriale,Commune,['Ardèche'],['Auvergne-Rhône-Alpes'],COM,{07},{84}
47e8c5cf-b7a4-48c9-9ef2-b681e83ec269,216900043,Commune de Alix (69),false,{69004},Commune,2026-03-24 14:42:07.195692+01,gold_establishments_2025,,,,21690004300011,2025,Collectivité Territoriale,Commune,['Rhône'],['Auvergne-Rhône-Alpes'],COM,{69},{84}
630d627d-9b82-42cd-9da7-a93b8d5823e9,212600043,Commune de Alixan (26),false,{26004},Commune,2026-03-24 14:41:56.495197+01,gold_establishments_2025,,,,21260004300013,2025,Collectivité Territoriale,Commune,['Drôme'],['Auvergne-Rhône-Alpes'],COM,{26},{84}
64208f1b-fa1e-48d5-b3c6-07464a7d5e8b,212700082,Commune de Alizay (27),false,{27008},Commune,2026-03-24 14:41:56.495197+01,gold_establishments_2025,,,,21270008200010,2025,Collectivité Territoriale,Commune,['Eure'],['Normandie'],COM,{27},{28}
5383a558-b063-431e-b2d2-23490a921ede,213900079,Commune de Alièze (39),false,{39007},Commune,2026-03-24 14:41:59.705606+01,gold_establishments_2025,,,,21390007900012,2025,Collectivité Territoriale,Commune,['Jura'],['Bourgogne-Franche-Comté'],COM,{39},{27}
77334e63-7868-4edb-b8e4-4c6490e667e6,215400086,Commune de Allain (54),false,{54008},Commune,2026-03-24 14:42:02.957225+01,gold_establishments_2025,,,,21540008600017,2025,Collectivité Territoriale,Commune,['Meurthe-et-Moselle'],['Grand Est'],COM,{54},{44}
32b2b83b-a885-4c43-90dc-9629353d0ffc,218000156,Commune de Allaines (80),false,{80017},Commune,2026-03-24 14:42:09.43682+01,gold_establishments_2025,,,,21800015600016,2025,Collectivité Territoriale,Commune,['Somme'],['Hauts-de-France'],COM,{80},{32}
4c83317c-7052-4844-9cb7-61640be12ae8,212800031,Commune de Allainville (28),false,{28003},Commune,2026-03-24 14:41:57.028721+01,gold_establishments_2025,,,,21280003100016,2025,Collectivité Territoriale,Commune,['Eure-et-Loir'],['Centre-Val de Loire'],COM,{28},{24}
5bc27e31-abf7-4812-a848-8fd815adc9d7,217800093,Commune de Allainville (78),false,{78009},Commune,2026-03-24 14:42:09.43682+01,gold_establishments_2025,,,,21780009300015,2025,Collectivité Territoriale,Commune,['Yvelines'],['Île-de-France'],COM,{78},{11}
99058c63-1dcd-4ca4-946e-75bf0cc674a2,215600016,Commune de Allaire (56),false,{56001},Commune,2026-03-24 14:42:03.701372+01,gold_establishments_2025,,,,21560001600012,2025,Collectivité Territoriale,Commune,['Morbihan'],['Bretagne'],COM,{56},{53}
14b02cff-2620-4397-a908-565cc538ac23,215400094,Commune de Allamont (54),false,{54009},Commune,2026-03-24 14:42:02.957225+01,gold_establishments_2025,,,,21540009400011,2025,Collectivité Territoriale,Commune,['Meurthe-et-Moselle'],['Grand Est'],COM,{54},{44}
006e9e6c-1ee8-41e4-ac0d-eacad5000344,215400102,Commune de Allamps (54),false,{54010},Commune,2026-03-24 14:42:02.957225+01,gold_establishments_2025,,,,21540010200061,2025,Collectivité Territoriale,Commune,['Meurthe-et-Moselle'],['Grand Est'],COM,{54},{44}
efd7b341-7f6e-4893-bd78-3765b267bb8d,212600050,Commune de Allan (26),false,{26005},Commune,2026-03-24 14:41:56.495197+01,gold_establishments_2025,,,,21260005000018,2025,Collectivité Territoriale,Commune,['Drôme'],['Auvergne-Rhône-Alpes'],COM,{26},{84}
5143b0c9-a34f-43d9-a45b-a8c260b16410,211500012,Commune de Allanche (15),false,{15001},Commune,2026-03-24 14:41:54.362296+01,gold_establishments_2025,,,,21150001200011,2025,Collectivité Territoriale,Commune,['Cantal'],['Auvergne-Rhône-Alpes'],COM,{15},{84}
9d0e7c2b-6c69-4376-b708-32c89a20edce,210800058,Commune de Alland'Huy-et-Sausseuil (08),false,{08006},Commune,2026-03-24 14:41:52.562531+01,gold_establishments_2025,,,,21080005800013,2025,Collectivité Territoriale,Commune,['Ardennes'],['Grand Est'],COM,{08},{44}
bcaaab2b-76a8-4e19-8289-08e3176399c6,218800050,Commune de Allarmont (88),false,{88005},Commune,2026-03-24 14:42:11.118516+01,gold_establishments_2025,,,,21880005000013,2025,Collectivité Territoriale,Commune,['Vosges'],['Grand Est'],COM,{88},{44}
db520860-ff2c-48f4-8461-a8b10cb3dd77,211700059,Commune de Allas-Bocage (17),false,{17005},Commune,2026-03-24 14:41:54.903238+01,gold_establishments_2025,,,,21170005900010,2025,Collectivité Territoriale,Commune,['Charente-Maritime'],['Nouvelle-Aquitaine'],COM,{17},{75}
782b3168-3c1e-45cf-b511-e5cf5b78db1b,211700067,Commune de Allas-Champagne (17),false,{17006},Commune,2026-03-24 14:41:54.903238+01,gold_establishments_2025,,,,21170006700013,2025,Collectivité Territoriale,Commune,['Charente-Maritime'],['Nouvelle-Aquitaine'],COM,{17},{75}
283de028-fc8b-4e19-a5e9-a66ed4592e75,212400063,Commune de Allas-les-Mines (24),false,{24006},Commune,2026-03-24 14:41:55.958138+01,gold_establishments_2025,,,,21240006300013,2025,Collectivité Territoriale,Commune,['Dordogne'],['Nouvelle-Aquitaine'],COM,{24},{75}
fc8ffc9e-487d-4c74-a37b-9fa0c4ff1235,211900501,Commune de Allassac (19),false,{19005},Commune,2026-03-24 14:41:54.903238+01,gold_establishments_2025,,,,21190050100019,2025,Collectivité Territoriale,Commune,['Corrèze'],['Nouvelle-Aquitaine'],COM,{19},{75}
1d4408fe-d91c-4768-a9b3-965e19988ef4,211300025,Commune de Allauch (13),false,{13002},Commune,2026-03-24 14:41:53.63825+01,gold_establishments_2025,,,,21130002500015,2025,Collectivité Territoriale,Commune,['Bouches-du-Rhône'],"[""Provence-Alpes-Côte d'Azur""]",COM,{13},{93}
851f75e9-ca30-4927-ba11-684c049f48f7,211300033,Commune de Alleins (13),false,{13003},Commune,2026-03-24 14:41:53.63825+01,gold_establishments_2025,,,,21130003300019,2025,Collectivité Territoriale,Commune,['Bouches-du-Rhône'],"[""Provence-Alpes-Côte d'Azur""]",COM,{13},{93}
511ba87f-7d94-46ba-8ce7-98ddb6ec6530,210400040,Commune de Allemagne-en-Provence (04),false,{04004},Commune,2026-03-24 14:41:52.020251+01,gold_establishments_2025,,,,21040004000015,2025,Collectivité Territoriale,Commune,['Alpes-de-Haute-Provence'],"[""Provence-Alpes-Côte d'Azur""]",COM,{04},{93}
00803f06-4a15-4d1e-98b2-225f19932b16,215100041,Commune de Allemanche-Launay-et-Soyer (51),false,{51004},Commune,2026-03-24 14:42:01.412377+01,gold_establishments_2025,,,,21510004100015,2025,Collectivité Territoriale,Commune,['Marne'],['Grand Est'],COM,{51},{44}
29ff1b5f-bf54-4571-9f55-90e44f53947f,212400071,Commune de Allemans (24),false,{24007},Commune,2026-03-24 14:41:55.958138+01,gold_establishments_2025,,,,21240007100016,2025,Collectivité Territoriale,Commune,['Dordogne'],['Nouvelle-Aquitaine'],COM,{24},{75}
5f20ebaf-b9eb-4c4e-b97d-7fc0bf0667d5,214700056,Commune de Allemans-du-Dropt (47),false,{47005},Commune,2026-03-24 14:42:00.862623+01,gold_establishments_2025,,,,21470005600010,2025,Collectivité Territoriale,Commune,['Lot-et-Garonne'],['Nouvelle-Aquitaine'],COM,{47},{75}
456c4530-1ed7-490b-8b58-83808f268c56,210200101,Commune de Allemant (02),false,{02010},Commune,2026-03-24 14:41:51.447482+01,gold_establishments_2025,,,,21020010100017,2025,Collectivité Territoriale,Commune,['Aisne'],['Hauts-de-France'],COM,{02},{32}
d631d5a5-d6f7-44bd-adc0-c8947d4ba1ff,215100058,Commune de Allemant (51),false,{51005},Commune,2026-03-24 14:42:01.412377+01,gold_establishments_2025,,,,21510005800019,2025,Collectivité Territoriale,Commune,['Marne'],['Grand Est'],COM,{51},{44}
40c23971-ec7c-4b85-b947-e124fbdd7169,213800055,Commune de Allemond (38),false,{38005},Commune,2026-03-24 14:41:59.160244+01,gold_establishments_2025,,,,21380005500013,2025,Collectivité Territoriale,Commune,['Isère'],['Auvergne-Rhône-Alpes'],COM,{38},{84}
1f334a16-2b06-4591-8980-4ffe2de96f12,218000164,Commune de Allenay (80),false,{80018},Commune,2026-03-24 14:42:09.43682+01,gold_establishments_2025,,,,21800016400010,2025,Collectivité Territoriale,Commune,['Somme'],['Hauts-de-France'],COM,{80},{32}
6b2a5ce4-5c0a-44b2-a12c-228c389d2567,214800039,Commune de Allenc (48),false,{48003},Commune,2026-03-24 14:42:01.412377+01,gold_establishments_2025,,,,21480003900015,2025,Collectivité Territoriale,Commune,['Lozère'],['Occitanie'],COM,{48},{76}
34a43606-412e-4480-8430-bffa39fd21dd,212500110,Commune de Allenjoie (25),false,{25011},Commune,2026-03-24 14:41:55.958138+01,gold_establishments_2025,,,,21250011000011,2025,Collectivité Territoriale,Commune,['Doubs'],['Bourgogne-Franche-Comté'],COM,{25},{27}
a1728a9f-b831-4bfb-9482-320e2a805514,215900051,Commune de Allennes-les-Marais (59),false,{59005},Commune,2026-03-24 14:42:04.280096+01,gold_establishments_2025,,,,21590005100016,2025,Collectivité Territoriale,Commune,['Nord'],['Hauts-de-France'],COM,{59},{32}
3ae6a55b-7217-4b10-9939-439cd68fced4,212100093,Commune de Allerey (21),false,{21009},Commune,2026-03-24 14:41:55.433389+01,gold_establishments_2025,,,,21210009300013,2025,Collectivité Territoriale,Commune,"[""Côte-d'Or""]",['Bourgogne-Franche-Comté'],COM,{21},{27}
622f4589-d186-4a83-8213-bdb8e9c3f397,217100031,Commune de Allerey-sur-Saône (71),false,{71003},Commune,2026-03-24 14:42:07.735343+01,gold_establishments_2025,,,,21710003100012,2025,Collectivité Territoriale,Commune,['Saône-et-Loire'],['Bourgogne-Franche-Comté'],COM,{71},{27}
13004dac-2a9a-4492-acf1-b5fdab3bd367,218000172,Commune de Allery (80),false,{80019},Commune,2026-03-24 14:42:09.43682+01,gold_establishments_2025,,,,21800017200013,2025,Collectivité Territoriale,Commune,['Somme'],['Hauts-de-France'],COM,{80},{32}
eebdd44d-fe5c-429b-b772-613de389fbb9,212400055,Commune de Alles-sur-Dordogne (24),false,{24005},Commune,2026-03-24 14:41:55.958138+01,gold_establishments_2025,,,,21240005500019,2025,Collectivité Territoriale,Commune,['Dordogne'],['Nouvelle-Aquitaine'],COM,{24},{75}
5754831b-8d3b-4899-aad4-751e87c5bf28,211500020,Commune de Alleuze (15),false,{15002},Commune,2026-03-24 14:41:54.362296+01,gold_establishments_2025,,,,21150002000014,2025,Collectivité Territoriale,Commune,['Cantal'],['Auvergne-Rhône-Alpes'],COM,{15},{84}
f87a5c9d-4e54-406c-9138-392791d2c392,213800063,Commune de Allevard (38),false,{38006},Commune,2026-03-24 14:41:59.160244+01,gold_establishments_2025,,,,21380006300017,2025,Collectivité Territoriale,Commune,['Isère'],['Auvergne-Rhône-Alpes'],COM,{38},{84}
c4ab745e-52ad-4421-a28c-0a5fb7ed5f6b,212600068,Commune de Allex (26),false,{26006},Commune,2026-03-24 14:41:56.495197+01,gold_establishments_2025,,,,21260006800010,2025,Collectivité Territoriale,Commune,['Drôme'],['Auvergne-Rhône-Alpes'],COM,{26},{84}
ae0539dd-05c0-4c30-9af9-be708b497491,214300048,Commune de Alleyrac (43),false,{43004},Commune,2026-03-24 14:42:00.273698+01,gold_establishments_2025,,,,21430004800011,2025,Collectivité Territoriale,Commune,['Haute-Loire'],['Auvergne-Rhône-Alpes'],COM,{43},{84}
4852fc55-2702-40d6-b066-29847e9e9556,214300055,Commune de Alleyras (43),false,{43005},Commune,2026-03-24 14:42:00.273698+01,gold_establishments_2025,,,,21430005500016,2025,Collectivité Territoriale,Commune,['Haute-Loire'],['Auvergne-Rhône-Alpes'],COM,{43},{84}
72629193-7aee-4a31-90f3-ed6b37ddf261,211900600,Commune de Alleyrat (19),false,{19006},Commune,2026-03-24 14:41:54.903238+01,gold_establishments_2025,,,,21190060000019,2025,Collectivité Territoriale,Commune,['Corrèze'],['Nouvelle-Aquitaine'],COM,{19},{75}
60b2a044-f2b9-4328-8570-ab3ffb15016f,212300305,Commune de Alleyrat (23),false,{23003},Commune,2026-03-24 14:41:55.958138+01,gold_establishments_2025,,,,21230030500019,2025,Collectivité Territoriale,Commune,['Creuse'],['Nouvelle-Aquitaine'],COM,{23},{75}
2bdb1c6d-625a-470c-b51a-1d5b2ee8cf32,214700064,Commune de Allez-et-Cazeneuve (47),false,{47006},Commune,2026-03-24 14:42:00.862623+01,gold_establishments_2025,,,,21470006400014,2025,Collectivité Territoriale,Commune,['Lot-et-Garonne'],['Nouvelle-Aquitaine'],COM,{47},{75}
853fad8f-46b6-4c49-981a-7b92a6aac564,215100066,Commune de Alliancelles (51),false,{51006},Commune,2026-03-24 14:42:01.412377+01,gold_establishments_2025,,,,21510006600012,2025,Collectivité Territoriale,Commune,['Marne'],['Grand Est'],COM,{51},{44}
b8f32ba9-cb5f-4668-9785-ba896821bb35,210900064,Commune de Alliat (09),false,{09006},Commune,2026-03-24 14:41:53.095366+01,gold_establishments_2025,,,,21090006400010,2025,Collectivité Territoriale,Commune,['Ariège'],['Occitanie'],COM,{09},{76}
fc4513e9-c74c-4023-b326-eafc1dd1a41d,211000039,Commune de Allibaudières (10),false,{10004},Commune,2026-03-24 14:41:53.095366+01,gold_establishments_2025,,,,21100003900019,2025,Collectivité Territoriale,Commune,['Aube'],['Grand Est'],COM,{10},{44}
70e6de65-2fb7-4768-ad26-d54a9530750c,215200064,Commune de Allichamps (52),false,{52006},Commune,2026-03-24 14:42:01.954481+01,gold_establishments_2025,,,,21520006400016,2025,Collectivité Territoriale,Commune,['Haute-Marne'],['Grand Est'],COM,{52},{44}
001263b0-2ed7-4587-aad9-848251408c31,216500058,Commune de Allier (65),false,{65005},Commune,2026-03-24 14:42:06.665412+01,gold_establishments_2025,,,,21650005800013,2025,Collectivité Territoriale,Commune,['Hautes-Pyrénées'],['Occitanie'],COM,{65},{76}
22c19f4d-df32-42fe-b853-84193ed8348e,215800020,Commune de Alligny-Cosne (58),false,{58002},Commune,2026-03-24 14:42:04.280096+01,gold_establishments_2025,,,,21580002000012,2025,Collectivité Territoriale,Commune,['Nièvre'],['Bourgogne-Franche-Comté'],COM,{58},{27}
fd35190a-ddce-4c96-bb03-289fe089cbc8,215800038,Commune de Alligny-en-Morvan (58),false,{58003},Commune,2026-03-24 14:42:04.280096+01,gold_establishments_2025,,,,21580003800014,2025,Collectivité Territoriale,Commune,['Nièvre'],['Bourgogne-Franche-Comté'],COM,{58},{27}
da70b4d7-b6d8-4271-82d9-605637a21899,212200018,Commune de Allineuc (22),false,{22001},Commune,2026-03-24 14:41:55.433389+01,gold_establishments_2025,,,,21220001800019,2025,Collectivité Territoriale,Commune,"[""Côtes-d'Armor""]",['Bretagne'],COM,{22},{53}
26c2f072-3de1-4e12-ac41-0844388b4783,217400050,Commune de Allinges (74),false,{74005},Commune,2026-03-24 14:42:08.279287+01,gold_establishments_2025,,,,21740005000019,2025,Collectivité Territoriale,Commune,['Haute-Savoie'],['Auvergne-Rhône-Alpes'],COM,{74},{84}
16c55c2e-52cb-4cf9-8833-cb1b2f516dea,210900072,Commune de Allières (09),false,{09007},Commune,2026-03-24 14:41:53.095366+01,gold_establishments_2025,,,,21090007200013,2025,Collectivité Territoriale,Commune,['Ariège'],['Occitanie'],COM,{09},{76}
7443ab0e-06d7-470d-98a5-29311434a66e,211800040,Commune de Allogny (18),false,{18004},Commune,2026-03-24 14:41:54.903238+01,gold_establishments_2025,,,,21180004000019,2025,Collectivité Territoriale,Commune,['Cher'],['Centre-Val de Loire'],COM,{18},{24}
52bf2e17-8bc6-4302-9fa9-08db9f49bd4e,200064145,Commune de Alloinay (79),false,{79136},Commune,2026-03-24 14:42:09.43682+01,gold_establishments_2025,,,,20006414500010,2025,Collectivité Territoriale,Commune,['Deux-Sèvres'],['Nouvelle-Aquitaine'],COM,{79},{75}
aaa74201-78f7-438b-98bc-560d28f924f8,212500136,Commune de Allondans (25),false,{25013},Commune,2026-03-24 14:41:55.958138+01,gold_establishments_2025,,,,21250013600016,2025,Collectivité Territoriale,Commune,['Doubs'],['Bourgogne-Franche-Comté'],COM,{25},{27}
704143fe-fe58-45a6-87ca-05bdc6a5b371,217300144,Commune de Allondaz (73),false,{73014},Commune,2026-03-24 14:42:08.279287+01,gold_establishments_2025,,,,21730014400011,2025,Collectivité Territoriale,Commune,['Savoie'],['Auvergne-Rhône-Alpes'],COM,{73},{84}
1bf86db1-91f6-4400-80e4-eaba49b630b6,215400110,Commune de Allondrelle-la-Malmaison (54),false,{54011},Commune,2026-03-24 14:42:02.957225+01,gold_establishments_2025,,,,21540011000015,2025,Collectivité Territoriale,Commune,['Meurthe-et-Moselle'],['Grand Est'],COM,{54},{44}
24463ced-7748-4701-ba6a-698c9a373a34,216000083,Commune de Allonne (60),false,{60009},Commune,2026-03-24 14:42:04.814328+01,gold_establishments_2025,,,,21600008300016,2025,Collectivité Territoriale,Commune,['Oise'],['Hauts-de-France'],COM,{60},{32}
9084d57d-4251-41cd-9385-6345174098b9,217900075,Commune de Allonne (79),false,{79007},Commune,2026-03-24 14:42:09.43682+01,gold_establishments_2025,,,,21790007500011,2025,Collectivité Territoriale,Commune,['Deux-Sèvres'],['Nouvelle-Aquitaine'],COM,{79},{75}
b03e217b-7684-4e6f-b395-0649b38da87e,212800049,Commune de Allonnes (28),false,{28004},Commune,2026-03-24 14:41:57.028721+01,gold_establishments_2025,,,,21280004900018,2025,Collectivité Territoriale,Commune,['Eure-et-Loir'],['Centre-Val de Loire'],COM,{28},{24}
9958a97a-7577-4cc4-b2bb-56c9cd2aa995,214900029,Commune de Allonnes (49),false,{49002},Commune,2026-03-24 14:42:01.412377+01,gold_establishments_2025,,,,21490002900015,2025,Collectivité Territoriale,Commune,['Maine-et-Loire'],['Pays de la Loire'],COM,{49},{52}
cbc48529-04ec-48a8-b4a7-d36408113516,217200039,Commune de Allonnes (72),false,{72003},Commune,2026-03-24 14:42:08.279287+01,gold_establishments_2025,,,,21720003900014,2025,Collectivité Territoriale,Commune,['Sarthe'],['Pays de la Loire'],COM,{72},{52}
6f8e018f-81f9-4f61-82f8-07847de005b0,210400057,Commune de Allons (04),false,{04005},Commune,2026-03-24 14:41:52.020251+01,gold_establishments_2025,,,,21040005700019,2025,Collectivité Territoriale,Commune,['Alpes-de-Haute-Provence'],"[""Provence-Alpes-Côte d'Azur""]",COM,{04},{93}
d668893a-6785-48b1-aa7e-e252c0b1917c,214700072,Commune de Allons (47),false,{47007},Commune,2026-03-24 14:42:00.862623+01,gold_establishments_2025,,,,21470007200017,2025,Collectivité Territoriale,Commune,['Lot-et-Garonne'],['Nouvelle-Aquitaine'],COM,{47},{75}
98591440-bdb7-4919-b02e-657d6b24fd6c,218000180,Commune de Allonville (80),false,{80020},Commune,2026-03-24 14:42:09.43682+01,gold_establishments_2025,,,,21800018000016,2025,Collectivité Territoriale,Commune,['Somme'],['Hauts-de-France'],COM,{80},{32}
859efa54-e9f7-478d-9fad-aa93ac553bea,217400068,Commune de Allonzier-la-Caille (74),false,{74006},Commune,2026-03-24 14:42:08.279287+01,gold_establishments_2025,,,,21740006800011,2025,Collectivité Territoriale,Commune,['Haute-Savoie'],['Auvergne-Rhône-Alpes'],COM,{74},{84}
e3dcd0d3-963f-4963-8258-b45d01c04f61,210400065,Commune de Allos (04),false,{04006},Commune,2026-03-24 14:41:52.020251+01,gold_establishments_2025,,,,21040006500012,2025,Collectivité Territoriale,Commune,['Alpes-de-Haute-Provence'],"[""Provence-Alpes-Côte d'Azur""]",COM,{04},{93}
b39e18a5-125b-4474-a1cc-76c5abef9425,216200238,Commune de Allouagne (62),false,{62023},Commune,2026-03-24 14:42:05.597325+01,gold_establishments_2025,,,,21620023800014,2025,Collectivité Territoriale,Commune,['Pas-de-Calais'],['Hauts-de-France'],COM,{62},{32}
e0cf5378-7e84-412a-b8a4-6bad7c36980b,211600077,Commune de Alloue (16),false,{16007},Commune,2026-03-24 14:41:54.362296+01,gold_establishments_2025,,,,21160007700013,2025,Collectivité Territoriale,Commune,['Charente'],['Nouvelle-Aquitaine'],COM,{16},{75}
9dcca433-ca50-4e71-9879-e5b3c1082afb,211800057,Commune de Allouis (18),false,{18005},Commune,2026-03-24 14:41:54.903238+01,gold_establishments_2025,,,,21180005700013,2025,Collectivité Territoriale,Commune,['Cher'],['Centre-Val de Loire'],COM,{18},{24}
2f48e5e2-9590-43c8-94a9-f809dd193fdb,217600014,Commune de Allouville-Bellefosse (76),false,{76001},Commune,2026-03-24 14:42:08.818969+01,gold_establishments_2025,,,,21760001400013,2025,Collectivité Territoriale,Commune,['Seine-Maritime'],['Normandie'],COM,{76},{28}
4bdb743e-1bb5-4ad0-bf60-46a1ea51caaf,215800046,Commune de Alluy (58),false,{58004},Commune,2026-03-24 14:42:04.280096+01,gold_establishments_2025,,,,21580004600017,2025,Collectivité Territoriale,Commune,['Nièvre'],['Bourgogne-Franche-Comté'],COM,{58},{27}
9c400533-e539-46fa-b7e9-ab92cffe9fb2,212800056,Commune de Alluyes (28),false,{28005},Commune,2026-03-24 14:41:57.028721+01,gold_establishments_2025,,,,21280005600013,2025,Collectivité Territoriale,Commune,['Eure-et-Loir'],['Centre-Val de Loire'],COM,{28},{24}
f9ef5058-8aae-417b-b2a0-15041853436c,211500038,Commune de Ally (15),false,{15003},Commune,2026-03-24 14:41:54.362296+01,gold_establishments_2025,,,,21150003800016,2025,Collectivité Territoriale,Commune,['Cantal'],['Auvergne-Rhône-Alpes'],COM,{15},{84}
0d7deee8-33ca-43dc-815b-bfdbb9b92c7e,214300063,Commune de Ally (43),false,{43006},Commune,2026-03-24 14:42:00.273698+01,gold_establishments_2025,,,,21430006300010,2025,Collectivité Territoriale,Commune,['Haute-Loire'],['Auvergne-Rhône-Alpes'],COM,{43},{84}
f39c7c10-0c9b-46f6-88e3-219ff3ef0ea2,214300030,Commune de Allègre (43),false,{43003},Commune,2026-03-24 14:42:00.273698+01,gold_establishments_2025,,,,21430003000019,2025,Collectivité Territoriale,Commune,['Haute-Loire'],['Auvergne-Rhône-Alpes'],COM,{43},{84}
040f9fa6-5b3a-4bee-a22a-6b9469194583,213000086,Commune de Allègre-les-Fumades (30),false,{30008},Commune,2026-03-24 14:41:57.56054+01,gold_establishments_2025,,,,21300008600016,2025,Collectivité Territoriale,Commune,['Gard'],['Occitanie'],COM,{30},{76}
dc001d2c-2cce-463c-87f6-ebb178c1ff54,217400043,Commune de Allèves (74),false,{74004},Commune,2026-03-24 14:42:08.279287+01,gold_establishments_2025,,,,21740004300014,2025,Collectivité Territoriale,Commune,['Haute-Savoie'],['Auvergne-Rhône-Alpes'],COM,{74},{84}
c453ebbf-ee72-4034-a519-13fa014e74a7,217100049,Commune de Allériot (71),false,{71004},Commune,2026-03-24 14:42:07.735343+01,gold_establishments_2025,,,,21710004900014,2025,Collectivité Territoriale,Commune,['Saône-et-Loire'],['Bourgogne-Franche-Comté'],COM,{71},{27}
0a4bd44d-61ad-4df0-ba35-7af457558954,218100089,Commune de Almayrac (81),false,{81008},Commune,2026-03-24 14:42:09.967209+01,gold_establishments_2025,,,,21810008900018,2025,Collectivité Territoriale,Commune,['Tarn'],['Occitanie'],COM,{81},{76}
345e26bc-a945-4e96-991b-5eb039be52a6,216100024,Commune de Almenêches (61),false,{61002},Commune,2026-03-24 14:42:04.814328+01,gold_establishments_2025,,,,21610002400019,2025,Collectivité Territoriale,Commune,['Orne'],['Normandie'],COM,{61},{28}
fc3692f5-4d50-4c85-ba8c-5122dfb82d87,211200043,Commune de Almont-les-Junies (12),false,{12004},Commune,2026-03-24 14:41:53.63825+01,gold_establishments_2025,,,,21120004300019,2025,Collectivité Territoriale,Commune,['Aveyron'],['Occitanie'],COM,{12},{76}
b1ac78c4-be8b-4f7d-8f6b-c2a794bddf3a,210900080,Commune de Alos (09),false,{09008},Commune,2026-03-24 14:41:53.095366+01,gold_establishments_2025,,,,21090008000016,2025,Collectivité Territoriale,Commune,['Ariège'],['Occitanie'],COM,{09},{76}
950f2deb-63cc-4485-8533-a164d5ef4e46,218100071,Commune de Alos (81),false,{81007},Commune,2026-03-24 14:42:09.967209+01,gold_establishments_2025,,,,21810007100016,2025,Collectivité Territoriale,Commune,['Tarn'],['Occitanie'],COM,{81},{76}
ae365b94-3529-4619-a768-cced68898f2f,216400176,Commune de Alos-Sibas-Abense (64),false,{64017},Commune,2026-03-24 14:42:06.130387+01,gold_establishments_2025,,,,21640017600014,2025,Collectivité Territoriale,Commune,['Pyrénées-Atlantiques'],['Nouvelle-Aquitaine'],COM,{64},{75}
d9ca9f07-2aa9-409f-8038-90ac6522dda3,212100101,Commune de Aloxe-Corton (21),false,{21010},Commune,2026-03-24 14:41:55.433389+01,gold_establishments_2025,,,,21210010100014,2025,Collectivité Territoriale,Commune,"[""Côte-d'Or""]",['Bourgogne-Franche-Comté'],COM,{21},{27}
ddbf3f60-b018-4243-bd16-283226076ffe,216200246,Commune de Alquines (62),false,{62024},Commune,2026-03-24 14:42:05.597325+01,gold_establishments_2025,,,,21620024600017,2025,Collectivité Territoriale,Commune,['Pas-de-Calais'],['Hauts-de-France'],COM,{62},{32}
f3fd8627-bd3e-4364-bc4c-7d3aedd50d18,211200068,Commune de Alrance (12),false,{12006},Commune,2026-03-24 14:41:53.63825+01,gold_establishments_2025,,,,21120006800016,2025,Collectivité Territoriale,Commune,['Aveyron'],['Occitanie'],COM,{12},{76}
caca0b92-af83-40a8-8185-fbd4baf763c4,215700139,Commune de Alsting (57),false,{57013},Commune,2026-03-24 14:42:03.701372+01,gold_establishments_2025,,,,21570013900011,2025,Collectivité Territoriale,Commune,['Moselle'],['Grand Est'],COM,{57},{44}
5dd13d05-a8fa-468b-85b5-a0b6c5da1015,212000111,Commune de Altagène (2A),false,{2A011},Commune,2026-03-24 14:41:57.56054+01,gold_establishments_2025,,,,21200011100014,2025,Collectivité Territoriale,Commune,['Corse-du-Sud'],['Corse'],COM,{2A},{94}
7a0f35ab-5149-4964-8c3f-2fe2d468d442,216700054,Commune de Alteckendorf (67),false,{67005},Commune,2026-03-24 14:42:06.665412+01,gold_establishments_2025,,,,21670005400010,2025,Collectivité Territoriale,Commune,['Bas-Rhin'],['Grand Est'],COM,{67},{44}
90d1831c-982a-457f-85e0-ee8acaff5537,216800029,Commune de Altenach (68),false,{68002},Commune,2026-03-24 14:42:07.195692+01,gold_establishments_2025,,,,21680002900011,2025,Collectivité Territoriale,Commune,['Haut-Rhin'],['Grand Est'],COM,{68},{44}
890a3c96-3f2d-45d8-98e1-71e95a3ff5d3,216700062,Commune de Altenheim (67),false,{67006},Commune,2026-03-24 14:42:06.665412+01,gold_establishments_2025,,,,21670006200013,2025,Collectivité Territoriale,Commune,['Bas-Rhin'],['Grand Est'],COM,{67},{44}
192e7cbb-35e9-441c-98dc-66b9473d1d22,218400018,Commune de Althen-des-Paluds (84),false,{84001},Commune,2026-03-24 14:42:10.508772+01,gold_establishments_2025,,,,21840001800014,2025,Collectivité Territoriale,Commune,['Vaucluse'],"[""Provence-Alpes-Côte d'Azur""]",COM,{84},{93}
5576a558-d427-413f-bce2-9b4c3ccaa8fe,212000129,Commune de Altiani (2B),false,{2B012},Commune,2026-03-24 14:41:57.56054+01,gold_establishments_2025,,,,21200012900016,2025,Collectivité Territoriale,Commune,['Haute-Corse'],['Corse'],COM,{2B},{94}
0b4c5259-cc9f-4d49-abe2-ea09bc12bd3d,214800047,Commune de Altier (48),false,{48004},Commune,2026-03-24 14:42:01.412377+01,gold_establishments_2025,,,,21480004700018,2025,Collectivité Territoriale,Commune,['Lozère'],['Occitanie'],COM,{48},{76}
28a8e830-203c-4837-ad13-6b8c8352852a,211900709,Commune de Altillac (19),false,{19007},Commune,2026-03-24 14:41:54.903238+01,gold_establishments_2025,,,,21190070900018,2025,Collectivité Territoriale,Commune,['Corrèze'],['Nouvelle-Aquitaine'],COM,{19},{75}
95c1291d-0d71-43a0-8529-a097e0694bec,216800045,Commune de Altkirch (68),false,{68004},Commune,2026-03-24 14:42:07.195692+01,gold_establishments_2025,,,,21680004500017,2025,Collectivité Territoriale,Commune,['Haut-Rhin'],['Grand Est'],COM,{68},{44}
59691e65-2750-4bcc-bb94-c355ab1d7e65,216700088,Commune de Altorf (67),false,{67008},Commune,2026-03-24 14:42:06.665412+01,gold_establishments_2025,,,,21670008800018,2025,Collectivité Territoriale,Commune,['Bas-Rhin'],['Grand Est'],COM,{67},{44}
97042e32-2728-4b86-ba65-d953346db613,215700147,Commune de Altrippe (57),false,{57014},Commune,2026-03-24 14:42:03.701372+01,gold_establishments_2025,,,,21570014700014,2025,Collectivité Territoriale,Commune,['Moselle'],['Grand Est'],COM,{57},{44}
f43d1e6f-e958-4878-b59d-06ce4c3208e5,215700154,Commune de Altviller (57),false,{57015},Commune,2026-03-24 14:42:03.701372+01,gold_establishments_2025,,,,21570015400010,2025,Collectivité Territoriale,Commune,['Moselle'],['Grand Est'],COM,{57},{44}
98f995f0-87db-47a3-a45e-e7577097bd77,216700096,Commune de Altwiller (67),false,{67009},Commune,2026-03-24 14:42:06.665412+01,gold_establishments_2025,,,,21670009600011,2025,Collectivité Territoriale,Commune,['Bas-Rhin'],['Grand Est'],COM,{67},{44}
6df9386b-c8b4-4adc-84f0-71083f377e7f,217100056,Commune de Aluze (71),false,{71005},Commune,2026-03-24 14:42:07.735343+01,gold_establishments_2025,,,,21710005600019,2025,Collectivité Territoriale,Commune,['Saône-et-Loire'],['Bourgogne-Franche-Comté'],COM,{71},{27}
e1f9f801-c5ab-4eba-85e5-55b66c3490ad,214600033,Commune de Alvignac (46),false,{46003},Commune,2026-03-24 14:42:00.862623+01,gold_establishments_2025,,,,21460003300010,2025,Collectivité Territoriale,Commune,['Lot'],['Occitanie'],COM,{46},{76}
a9ed2897-a524-4000-8af7-34ec0aff6767,217600022,Commune de Alvimare (76),false,{76002},Commune,2026-03-24 14:42:08.818969+01,gold_establishments_2025,,,,21760002200016,2025,Collectivité Territoriale,Commune,['Seine-Maritime'],['Normandie'],COM,{76},{28}
504afe26-52e4-41b8-9c70-5379f84f6ae5,210900098,Commune de Alzen (09),false,{09009},Commune,2026-03-24 14:41:53.095366+01,gold_establishments_2025,,,,21090009800018,2025,Collectivité Territoriale,Commune,['Ariège'],['Occitanie'],COM,{09},{76}
da4fbc3b-c74b-4033-a919-ad8c3d7bfc4b,212000137,Commune de Alzi (2B),false,{2B013},Commune,2026-03-24 14:41:57.56054+01,gold_establishments_2025,,,,21200013700019,2025,Collectivité Territoriale,Commune,['Haute-Corse'],['Corse'],COM,{2B},{94}
2069aedd-a1d1-4c66-8bf4-6fbd188b1ec0,215700162,Commune de Alzing (57),false,{57016},Commune,2026-03-24 14:42:03.701372+01,gold_establishments_2025,,,,21570016200047,2025,Collectivité Territoriale,Commune,['Moselle'],['Grand Est'],COM,{57},{44}
1328473b-557f-4748-8922-843a5da1b118,213000094,Commune de Alzon (30),false,{30009},Commune,2026-03-24 14:41:57.56054+01,gold_establishments_2025,,,,21300009400010,2025,Collectivité Territoriale,Commune,['Gard'],['Occitanie'],COM,{30},{76}
4ddea3d8-513a-4461-90a4-31ab7e1adc43,211100094,Commune de Alzonne (11),false,{11009},Commune,2026-03-24 14:41:53.63825+01,gold_establishments_2025,,,,21110009400013,2025,Collectivité Territoriale,Commune,['Aude'],['Occitanie'],COM,{11},{76}
073dd969-d4b1-47e1-9380-d7fd28a1fdd5,216400150,Commune de Alçay-Alçabéhéty-Sunharette (64),false,{64015},Commune,2026-03-24 14:42:06.130387+01,gold_establishments_2025,,,,21640015000019,2025,Collectivité Territoriale,Commune,['Pyrénées-Atlantiques'],['Nouvelle-Aquitaine'],COM,{64},{75}
c688f5a6-84da-426e-8c6d-e9f57600f183,213000078,Commune de Alès (30),false,{30007},Commune,2026-03-24 14:41:57.56054+01,gold_establishments_2025,,,,21300007800013,2025,Collectivité Territoriale,Commune,['Gard'],['Occitanie'],COM,{30},{76}
67da4d99-4db6-4c25-b43e-49638b63744f,216600023,Commune de Alénya (66),false,{66002},Commune,2026-03-24 14:42:06.665412+01,gold_establishments_2025,,,,21660002300016,2025,Collectivité Territoriale,Commune,['Pyrénées-Orientales'],['Occitanie'],COM,{66},{76}
fad31907-12e5-446a-94f9-a9b45facb841,212000095,Commune de Aléria (2B),false,{2B009},Commune,2026-03-24 14:41:57.56054+01,gold_establishments_2025,,,,21200009500019,2025,Collectivité Territoriale,Commune,['Haute-Corse'],['Corse'],COM,{2B},{94}
ca667b16-91c9-43aa-9cf8-2f7a89269d3a,217000116,Commune de Amage (70),false,{70011},Commune,2026-03-24 14:42:07.735343+01,gold_establishments_2025,,,,21700011600012,2025,Collectivité Territoriale,Commune,['Haute-Saône'],['Bourgogne-Franche-Comté'],COM,{70},{27}
22b69ec9-5b9a-471e-a916-b93176ffe246,210800074,Commune de Amagne (08),false,{08008},Commune,2026-03-24 14:41:52.562531+01,gold_establishments_2025,,,,21080007400010,2025,Collectivité Territoriale,Commune,['Ardennes'],['Grand Est'],COM,{08},{44}
15fbad90-6e9e-49c2-9b98-cbbdee7e767f,212500144,Commune de Amagney (25),false,{25014},Commune,2026-03-24 14:41:55.958138+01,gold_establishments_2025,,,,21250014400101,2025,Collectivité Territoriale,Commune,['Doubs'],['Bourgogne-Franche-Comté'],COM,{25},{27}
c120f15a-f626-4bbf-8546-364367d41b3f,217900083,Commune de Amailloux (79),false,{79008},Commune,2026-03-24 14:42:09.43682+01,gold_establishments_2025,,,,21790008300015,2025,Collectivité Territoriale,Commune,['Deux-Sèvres'],['Nouvelle-Aquitaine'],COM,{79},{75}
dfc18e8e-dca7-46e8-8723-7675f9fafd98,211000047,Commune de Amance (10),false,{10005},Commune,2026-03-24 14:41:53.095366+01,gold_establishments_2025,,,,21100004700012,2025,Collectivité Territoriale,Commune,['Aube'],['Grand Est'],COM,{10},{44}
fafa3921-a7fc-492b-ba05-ec881ad277c3,215400128,Commune de Amance (54),false,{54012},Commune,2026-03-24 14:42:02.957225+01,gold_establishments_2025,,,,21540012800017,2025,Collectivité Territoriale,Commune,['Meurthe-et-Moselle'],['Grand Est'],COM,{54},{44}
7aaa3f5f-f058-4d44-a2b5-7c5627144dcf,217000124,Commune de Amance (70),false,{70012},Commune,2026-03-24 14:42:07.735343+01,gold_establishments_2025,,,,21700012400016,2025,Collectivité Territoriale,Commune,['Haute-Saône'],['Bourgogne-Franche-Comté'],COM,{70},{27}
70ed0deb-3e64-469c-bb94-ffa5c8908658,212500151,Commune de Amancey (25),false,{25015},Commune,2026-03-24 14:41:55.958138+01,gold_establishments_2025,,,,21250015100015,2025,Collectivité Territoriale,Commune,['Doubs'],['Bourgogne-Franche-Comté'],COM,{25},{27}
0e41f391-b147-4579-aa79-afd57867afcb,217400076,Commune de Amancy (74),false,{74007},Commune,2026-03-24 14:42:08.279287+01,gold_establishments_2025,,,,21740007600014,2025,Collectivité Territoriale,Commune,['Haute-Savoie'],['Auvergne-Rhône-Alpes'],COM,{74},{84}
1b36e90b-a648-4393-894d-b5a8278a182a,213900087,Commune de Amange (39),false,{39008},Commune,2026-03-24 14:41:59.705606+01,gold_establishments_2025,,,,21390008700015,2025,Collectivité Territoriale,Commune,['Jura'],['Bourgogne-Franche-Comté'],COM,{39},{27}
b9f251a4-7151-4fd9-9fd9-4f929b48b00c,213500028,Commune de Amanlis (35),false,{35002},Commune,2026-03-24 14:41:58.620411+01,gold_establishments_2025,,,,21350002800013,2025,Collectivité Territoriale,Commune,['Ille-et-Vilaine'],['Bretagne'],COM,{35},{53}
c02bf5f1-3352-429c-91d4-efaf04766935,215500059,Commune de Amanty (55),false,{55005},Commune,2026-03-24 14:42:02.957225+01,gold_establishments_2025,,,,21550005900013,2025,Collectivité Territoriale,Commune,['Meuse'],['Grand Est'],COM,{55},{44}
b169947e-9077-4311-9d56-eb9bd2393193,215700170,Commune de Amanvillers (57),false,{57017},Commune,2026-03-24 14:42:03.701372+01,gold_establishments_2025,,,,21570017000016,2025,Collectivité Territoriale,Commune,['Moselle'],['Grand Est'],COM,{57},{44}
d23193f2-6d4b-4128-a206-77585f3cfc5e,217100064,Commune de Amanzé (71),false,{71006},Commune,2026-03-24 14:42:07.735343+01,gold_establishments_2025,,,,21710006400013,2025,Collectivité Territoriale,Commune,['Saône-et-Loire'],['Bourgogne-Franche-Comté'],COM,{71},{27}
2952df5d-7ee1-4b17-a2aa-10125419b515,218100097,Commune de Amarens (81),false,{81009},Commune,2026-03-24 14:42:09.967209+01,gold_establishments_2025,,,,21810009700011,2025,Collectivité Territoriale,Commune,['Tarn'],['Occitanie'],COM,{81},{76}
8cad8402-05e7-427b-87b9-02efa53cb820,212500169,Commune de Amathay-Vésigneux (25),false,{25016},Commune,2026-03-24 14:41:55.958138+01,gold_establishments_2025,,,,21250016900017,2025,Collectivité Territoriale,Commune,['Doubs'],['Bourgogne-Franche-Comté'],COM,{25},{27}
3a4a4680-caa4-4366-9abc-79b8f6032d6f,211400064,Commune de Amayé-sur-Orne (14),false,{14006},Commune,2026-03-24 14:41:53.63825+01,gold_establishments_2025,,,,21140006400013,2025,Collectivité Territoriale,Commune,['Calvados'],['Normandie'],COM,{14},{28}
3482679c-9def-4caf-bafb-bb54b46f3b6d,211400072,Commune de Amayé-sur-Seulles (14),false,{14007},Commune,2026-03-24 14:41:53.63825+01,gold_establishments_2025,,,,21140007200016,2025,Collectivité Territoriale,Commune,['Calvados'],['Normandie'],COM,{14},{28}
94f5dd23-fc89-40f2-9351-b6172ab64b27,215800053,Commune de Amazy (58),false,{58005},Commune,2026-03-24 14:42:04.280096+01,gold_establishments_2025,,,,21580005300013,2025,Collectivité Territoriale,Commune,['Nièvre'],['Bourgogne-Franche-Comté'],COM,{58},{27}
9a1bf51f-1538-4602-b44d-cfcba697ac41,218800068,Commune de Ambacourt (88),false,{88006},Commune,2026-03-24 14:42:11.118516+01,gold_establishments_2025,,,,21880006800049,2025,Collectivité Territoriale,Commune,['Vosges'],['Grand Est'],COM,{88},{44}
62df3ab2-a089-42be-87b6-635640b469e4,213300031,Commune de Ambarès-et-Lagrave (33),false,{33003},Commune,2026-03-24 14:41:58.09424+01,gold_establishments_2025,,,,21330003100019,2025,Collectivité Territoriale,Commune,['Gironde'],['Nouvelle-Aquitaine'],COM,{33},{75}
3852a606-7423-4b02-a227-1d6b04f495cd,213100076,Commune de Ambax (31),false,{31007},Commune,2026-03-24 14:41:57.56054+01,gold_establishments_2025,,,,21310007600016,2025,Collectivité Territoriale,Commune,['Haute-Garonne'],['Occitanie'],COM,{31},{76}
950d546a-97b3-40cf-9b62-da113ce5c74e,218700201,Commune de Ambazac (87),false,{87002},Commune,2026-03-24 14:42:11.118516+01,gold_establishments_2025,,,,21870020100013,2025,Collectivité Territoriale,Commune,['Haute-Vienne'],['Nouvelle-Aquitaine'],COM,{87},{75}
ebdf240e-c5a5-4f80-932a-c86a1874ba78,213800089,Commune de Ambel (38),false,{38008},Commune,2026-03-24 14:41:59.160244+01,gold_establishments_2025,,,,21380008900012,2025,Collectivité Territoriale,Commune,['Isère'],['Auvergne-Rhône-Alpes'],COM,{38},{84}
c2105915-b7ec-41c7-85f5-fdc5ddd9be23,212700090,Commune de Ambenay (27),false,{27009},Commune,2026-03-24 14:41:56.495197+01,gold_establishments_2025,,,,21270009000013,2025,Collectivité Territoriale,Commune,['Eure'],['Normandie'],COM,{27},{28}
62884bdd-9de2-496f-a204-d21854cd2be5,211600093,Commune de Ambernac (16),false,{16009},Commune,2026-03-24 14:41:54.362296+01,gold_establishments_2025,,,,21160009300010,2025,Collectivité Territoriale,Commune,['Charente'],['Nouvelle-Aquitaine'],COM,{16},{75}
347eddc1-a209-4895-9bf2-586f6aa0e44b,218600021,Commune de Amberre (86),false,{86002},Commune,2026-03-24 14:42:10.508772+01,gold_establishments_2025,,,,21860002100016,2025,Collectivité Territoriale,Commune,['Vienne'],['Nouvelle-Aquitaine'],COM,{86},{75}
0e881333-9696-4937-8a7f-0aecdc218013,216300038,Commune de Ambert (63),false,{63003},Commune,2026-03-24 14:42:06.130387+01,gold_establishments_2025,,,,21630003800017,2025,Collectivité Territoriale,Commune,['Puy-de-Dôme'],['Auvergne-Rhône-Alpes'],COM,{63},{84}
045486ea-4575-41e8-870a-46b29d5a8db6,211200076,Commune de Ambeyrac (12),false,{12007},Commune,2026-03-24 14:41:53.63825+01,gold_establishments_2025,,,,21120007600019,2025,Collectivité Territoriale,Commune,['Aveyron'],['Occitanie'],COM,{12},{76}
80b7f22d-3c6d-4092-a3f7-787f35389845,218100105,Commune de Ambialet (81),false,{81010},Commune,2026-03-24 14:42:09.967209+01,gold_establishments_2025,,,,21810010500012,2025,Collectivité Territoriale,Commune,['Tarn'],['Occitanie'],COM,{81},{76}
b2228211-3de6-46c6-bd9f-e1519563a281,212000145,Commune de Ambiegna (2A),false,{2A014},Commune,2026-03-24 14:41:57.56054+01,gold_establishments_2025,,,,21200014500012,2025,Collectivité Territoriale,Commune,['Corse-du-Sud'],['Corse'],COM,{2A},{94}
ccd08e37-d20a-425e-8684-689750759db3,214200032,Commune de Ambierle (42),false,{42003},Commune,2026-03-24 14:42:00.273698+01,gold_establishments_2025,,,,21420003200016,2025,Collectivité Territoriale,Commune,['Loire'],['Auvergne-Rhône-Alpes'],COM,{42},{84}
1d6ff2a0-b52a-4141-9cee-2c72c93dbfe5,213700024,Commune de Ambillou (37),false,{37002},Commune,2026-03-24 14:41:59.160244+01,gold_establishments_2025,,,,21370002400010,2025,Collectivité Territoriale,Commune,['Indre-et-Loire'],['Centre-Val de Loire'],COM,{37},{24}
24973477-03c0-4a4b-9de9-7dbd31c670e3,217400084,Commune de Ambilly (74),false,{74008},Commune,2026-03-24 14:42:08.279287+01,gold_establishments_2025,,,,21740008400018,2025,Collectivité Territoriale,Commune,['Haute-Savoie'],['Auvergne-Rhône-Alpes'],COM,{74},{84}
990159ee-a864-40cd-b289-5b2dc34b0b8e,217000132,Commune de Ambiévillers (70),false,{70013},Commune,2026-03-24 14:42:07.735343+01,gold_establishments_2025,,,,21700013200019,2025,Collectivité Territoriale,Commune,['Haute-Saône'],['Bourgogne-Franche-Comté'],COM,{70},{27}
7c55ca47-8acb-46b4-b047-7ec8a7d20d40,216000109,Commune de Amblainville (60),false,{60010},Commune,2026-03-24 14:42:04.814328+01,gold_establishments_2025,,,,21600010900019,2025,Collectivité Territoriale,Commune,['Oise'],['Hauts-de-France'],COM,{60},{32}
58d56eb2-e24e-4a5f-864b-6dfc4d532a1c,217000140,Commune de Amblans-et-Velotte (70),false,{70014},Commune,2026-03-24 14:42:07.735343+01,gold_establishments_2025,,,,21700014000012,2025,Collectivité Territoriale,Commune,['Haute-Saône'],['Bourgogne-Franche-Comté'],COM,{70},{27}
1bd90f1b-8fe4-4ebc-9dfe-dc557000311c,210200119,Commune de Ambleny (02),false,{02011},Commune,2026-03-24 14:41:51.447482+01,gold_establishments_2025,,,,21020011900019,2025,Collectivité Territoriale,Commune,['Aisne'],['Hauts-de-France'],COM,{02},{32}
7689c366-553f-43c2-b0bd-7ce503eb4854,216200253,Commune de Ambleteuse (62),false,{62025},Commune,2026-03-24 14:42:05.597325+01,gold_establishments_2025,,,,21620025300013,2025,Collectivité Territoriale,Commune,['Pas-de-Calais'],['Hauts-de-France'],COM,{62},{32}
9b095099-dcd6-49b0-b787-39eec0ea6d4a,219500113,Commune de Ambleville (95),false,{95011},Commune,2026-03-24 14:42:11.659493+01,gold_establishments_2025,,,,21950011300010,2025,Collectivité Territoriale,Commune,"[""Val-d'Oise""]",['Île-de-France'],COM,{95},{11}
8958ac9a-ae1e-4fcb-a081-60431aca943d,214100018,Commune de Ambloy (41),false,{41001},Commune,2026-03-24 14:41:59.705606+01,gold_establishments_2025,,,,21410001800016,2025,Collectivité Territoriale,Commune,['Loir-et-Cher'],['Centre-Val de Loire'],COM,{41},{24}
9dd13903-0d50-4d60-a15a-4ae5ffc56d7d,210800090,Commune de Ambly-Fleury (08),false,{08010},Commune,2026-03-24 14:41:52.562531+01,gold_establishments_2025,,,,21080009000016,2025,Collectivité Territoriale,Commune,['Ardennes'],['Grand Est'],COM,{08},{44}
aa0c9141-9e1a-48ba-9212-c70446a68380,215500075,Commune de Ambly-sur-Meuse (55),false,{55007},Commune,2026-03-24 14:42:02.957225+01,gold_establishments_2025,,,,21550007500019,2025,Collectivité Territoriale,Commune,['Meuse'],['Grand Est'],COM,{55},{44}
d92c6962-f561-46e1-a28e-b9e7a2512c52,210100061,Commune de Ambléon (01),false,{01006},Commune,2026-03-24 14:41:51.447482+01,gold_establishments_2025,,,,21010006100014,2025,Collectivité Territoriale,Commune,['Ain'],['Auvergne-Rhône-Alpes'],COM,{01},{84}
a7b61032-d0f3-4174-b525-e901fca10cf8,213700032,Commune de Amboise (37),false,{37003},Commune,2026-03-24 14:41:59.160244+01,gold_establishments_2025,,,,21370003200013,2025,Collectivité Territoriale,Commune,['Indre-et-Loire'],['Centre-Val de Loire'],COM,{37},{24}
606040d6-bdca-4b20-901e-22f614e7f13e,215600024,Commune de Ambon (56),false,{56002},Commune,2026-03-24 14:42:03.701372+01,gold_establishments_2025,,,,21560002400164,2025,Collectivité Territoriale,Commune,['Morbihan'],['Bretagne'],COM,{56},{53}
b3ce7984-f6b4-4745-b59b-36dad0adac6a,212600076,Commune de Ambonil (26),false,{26007},Commune,2026-03-24 14:41:56.495197+01,gold_establishments_2025,,,,21260007600013,2025,Collectivité Territoriale,Commune,['Drôme'],['Auvergne-Rhône-Alpes'],COM,{26},{84}
345db4c7-2ee4-4ded-b354-4f0ca27c91d1,215100074,Commune de Ambonnay (51),false,{51007},Commune,2026-03-24 14:42:01.412377+01,gold_establishments_2025,,,,21510007400016,2025,Collectivité Territoriale,Commune,['Marne'],['Grand Est'],COM,{51},{44}
148fdcfb-d14a-42f3-b67b-02a91767508f,215200072,Commune de Ambonville (52),false,{52007},Commune,2026-03-24 14:42:01.954481+01,gold_establishments_2025,,,,21520007200019,2025,Collectivité Territoriale,Commune,['Haute-Marne'],['Grand Est'],COM,{52},{44}
91ceaaf7-e90c-4d3e-931c-fb823ab5c5bb,213600034,Commune de Ambrault (36),false,{36003},Commune,2026-03-24 14:41:59.160244+01,gold_establishments_2025,,,,21360003400010,2025,Collectivité Territoriale,Commune,['Indre'],['Centre-Val de Loire'],COM,{36},{24}
f01cc332-4567-4a7a-bf88-9b0a728b2d9c,218100113,Commune de Ambres (81),false,{81011},Commune,2026-03-24 14:42:09.967209+01,gold_establishments_2025,,,,21810011300016,2025,Collectivité Territoriale,Commune,['Tarn'],['Occitanie'],COM,{81},{76}
6d786975-0f4d-487b-bddf-07143428c70b,216200261,Commune de Ambricourt (62),false,{62026},Commune,2026-03-24 14:42:05.597325+01,gold_establishments_2025,,,,21620026100016,2025,Collectivité Territoriale,Commune,['Pas-de-Calais'],['Hauts-de-France'],COM,{62},{32}
8de757f5-97ed-4f08-9854-d1bf710c1d4e,210200127,Commune de Ambrief (02),false,{02012},Commune,2026-03-24 14:41:51.447482+01,gold_establishments_2025,,,,21020012700012,2025,Collectivité Territoriale,Commune,['Aisne'],['Hauts-de-France'],COM,{02},{32}
1ffb6a14-1987-46b3-8c6b-8c3e71882da0,216200279,Commune de Ambrines (62),false,{62027},Commune,2026-03-24 14:42:05.597325+01,gold_establishments_2025,,,,21620027900034,2025,Collectivité Territoriale,Commune,['Pas-de-Calais'],['Hauts-de-France'],COM,{62},{32}
b437d1b6-7226-4488-bbae-373b3767939b,215100082,Commune de Ambrières (51),false,{51008},Commune,2026-03-24 14:42:01.412377+01,gold_establishments_2025,,,,21510008200019,2025,Collectivité Territoriale,Commune,['Marne'],['Grand Est'],COM,{51},{44}
de203e41-635e-4b2b-99dd-52ae0580af9f,215300039,Commune de Ambrières-les-Vallées (53),false,{53003},Commune,2026-03-24 14:42:01.954481+01,gold_establishments_2025,,,,21530003900017,2025,Collectivité Territoriale,Commune,['Mayenne'],['Pays de la Loire'],COM,{53},{52}
1cff8ea0-e16f-4180-8e61-12aea13b7f5c,210100079,Commune de Ambronay (01),false,{01007},Commune,2026-03-24 14:41:51.447482+01,gold_establishments_2025,,,,21010007900016,2025,Collectivité Territoriale,Commune,['Ain'],['Auvergne-Rhône-Alpes'],COM,{01},{84}
5063a2ba-77e2-46c7-98a9-aa63628ba017,211900808,Commune de Ambrugeat (19),false,{19008},Commune,2026-03-24 14:41:54.903238+01,gold_establishments_2025,,,,21190080800018,2025,Collectivité Territoriale,Commune,['Corrèze'],['Nouvelle-Aquitaine'],COM,{19},{75}
d62134df-6826-4157-a925-036e0b66bcd4,217600048,Commune de Ambrumesnil (76),false,{76004},Commune,2026-03-24 14:42:08.818969+01,gold_establishments_2025,,,,21760004800011,2025,Collectivité Territoriale,Commune,['Seine-Maritime'],['Normandie'],COM,{76},{28}
6ea1260a-49a3-41cd-9b7f-41e4683c2433,214700080,Commune de Ambrus (47),false,{47008},Commune,2026-03-24 14:42:00.862623+01,gold_establishments_2025,,,,21470008000010,2025,Collectivité Territoriale,Commune,['Lot-et-Garonne'],['Nouvelle-Aquitaine'],COM,{47},{75}
6048e460-aa54-458c-ad82-3a14ec0ddbad,210100087,Commune de Ambutrix (01),false,{01008},Commune,2026-03-24 14:41:51.447482+01,gold_establishments_2025,,,,21010008700019,2025,Collectivité Territoriale,Commune,['Ain'],['Auvergne-Rhône-Alpes'],COM,{01},{84}
0782b097-14c2-4cbe-b6cc-276830ed7370,213300049,Commune de Ambès (33),false,{33004},Commune,2026-03-24 14:41:58.09424+01,gold_establishments_2025,,,,21330004900011,2025,Collectivité Territoriale,Commune,['Gironde'],['Nouvelle-Aquitaine'],COM,{33},{75}
5b7d5d3b-371c-4494-a9e2-9ce71f184411,211600085,Commune de Ambérac (16),false,{16008},Commune,2026-03-24 14:41:54.362296+01,gold_establishments_2025,,,,21160008500016,2025,Collectivité Territoriale,Commune,['Charente'],['Nouvelle-Aquitaine'],COM,{16},{75}
277d7bea-20b8-4731-aa52-ccec880abaa9,210100046,Commune de Ambérieu-en-Bugey (01),false,{01004},Commune,2026-03-24 14:41:51.447482+01,gold_establishments_2025,,,,21010004600015,2025,Collectivité Territoriale,Commune,['Ain'],['Auvergne-Rhône-Alpes'],COM,{01},{84}
cb95b830-fa55-4a13-816b-87ab2a186b80,216900050,Commune de Ambérieux (69),false,{69005},Commune,2026-03-24 14:42:07.195692+01,gold_establishments_2025,,,,21690005000016,2025,Collectivité Territoriale,Commune,['Rhône'],['Auvergne-Rhône-Alpes'],COM,{69},{84}
2b7882b7-5a92-463d-a37b-e884701c3846,210100053,Commune de Ambérieux-en-Dombes (01),false,{01005},Commune,2026-03-24 14:41:51.447482+01,gold_establishments_2025,,,,21010005300011,2025,Collectivité Territoriale,Commune,['Ain'],['Auvergne-Rhône-Alpes'],COM,{01},{84}
6932f24b-13c6-4249-8488-8a31998bf97c,215500083,Commune de Amel-sur-l'Étang (55),false,{55008},Commune,2026-03-24 14:42:02.957225+01,gold_establishments_2025,,,,21550008300013,2025,Collectivité Territoriale,Commune,['Meuse'],['Grand Est'],COM,{55},{44}
0e4ef271-4e40-4f49-b108-2f0cfbbf1d8f,215700188,Commune de Amelécourt (57),false,{57018},Commune,2026-03-24 14:42:03.701372+01,gold_establishments_2025,,,,21570018800018,2025,Collectivité Territoriale,Commune,['Moselle'],['Grand Est'],COM,{57},{44}
a9e8a3e7-50bd-4e1a-9a94-9d60a7699e1d,216400184,Commune de Amendeuix-Oneix (64),false,{64018},Commune,2026-03-24 14:42:06.130387+01,gold_establishments_2025,,,,21640018400018,2025,Collectivité Territoriale,Commune,['Pyrénées-Atlantiques'],['Nouvelle-Aquitaine'],COM,{64},{75}
170f4249-cc11-4f2c-a63a-4752cf2e7e83,215400136,Commune de Amenoncourt (54),false,{54013},Commune,2026-03-24 14:42:02.957225+01,gold_establishments_2025,,,,21540013600010,2025,Collectivité Territoriale,Commune,['Meurthe-et-Moselle'],['Grand Est'],COM,{54},{44}
cfb0dd57-67c9-4e06-ac7f-c438436412a3,219500121,Commune de Amenucourt (95),false,{95012},Commune,2026-03-24 14:42:11.659493+01,gold_establishments_2025,,,,21950012100013,2025,Collectivité Territoriale,Commune,"[""Val-d'Oise""]",['Île-de-France'],COM,{95},{11}
0dac70a2-ba3d-4c3f-8b97-8d782fc14bf7,216200287,Commune de Ames (62),false,{62028},Commune,2026-03-24 14:42:05.597325+01,gold_establishments_2025,,,,21620028700011,2025,Collectivité Territoriale,Commune,['Pas-de-Calais'],['Hauts-de-France'],COM,{62},{32}
7273a5dd-fdcd-4157-a171-75db43d76bbd,216200295,Commune de Amettes (62),false,{62029},Commune,2026-03-24 14:42:05.597325+01,gold_establishments_2025,,,,21620029500014,2025,Collectivité Territoriale,Commune,['Pas-de-Calais'],['Hauts-de-France'],COM,{62},{32}
6abdb355-1a40-4a2c-ba50-f92e932309d2,217100072,Commune de Ameugny (71),false,{71007},Commune,2026-03-24 14:42:07.735343+01,gold_establishments_2025,,,,21710007200016,2025,Collectivité Territoriale,Commune,['Saône-et-Loire'],['Bourgogne-Franche-Comté'],COM,{71},{27}
964838fc-7b93-4cb7-a55f-4be885e98ce3,218800076,Commune de Ameuvelle (88),false,{88007},Commune,2026-03-24 14:42:11.118516+01,gold_establishments_2025,,,,21880007600018,2025,Collectivité Territoriale,Commune,['Vosges'],['Grand Est'],COM,{88},{44}
a0146b8d-0066-4bdc-b517-a8f89f17fdd3,211400098,Commune de Amfreville (14),false,{14009},Commune,2026-03-24 14:41:53.63825+01,gold_establishments_2025,,,,21140009800011,2025,Collectivité Territoriale,Commune,['Calvados'],['Normandie'],COM,{14},{28}
c013072b-dc38-400f-8b4c-58abd5289389,200056026,Commune de Amfreville-Saint-Amand (27),false,{27011},Commune,2026-03-24 14:41:56.495197+01,gold_establishments_2025,,,,20005602600012,2025,Collectivité Territoriale,Commune,['Eure'],['Normandie'],COM,{27},{28}
daffa174-bb62-4058-94f4-26b78c32e560,217600055,Commune de Amfreville-la-Mi-Voie (76),false,{76005},Commune,2026-03-24 14:42:08.818969+01,gold_establishments_2025,,,,21760005500016,2025,Collectivité Territoriale,Commune,['Seine-Maritime'],['Normandie'],COM,{76},{28}
193fbabb-7691-4b37-9f95-72507b80caf3,212700124,Commune de Amfreville-les-Champs (27),false,{27012},Commune,2026-03-24 14:41:56.495197+01,gold_establishments_2025,,,,21270012400010,2025,Collectivité Territoriale,Commune,['Eure'],['Normandie'],COM,{27},{28}
57480cb8-4a62-403b-b7bc-a588829fe1f1,217600063,Commune de Amfreville-les-Champs (76),false,{76006},Commune,2026-03-24 14:42:08.818969+01,gold_establishments_2025,,,,21760006300010,2025,Collectivité Territoriale,Commune,['Seine-Maritime'],['Normandie'],COM,{76},{28}
1ded9947-dfbf-4ccf-bab7-ba90eb244e02,212700132,Commune de Amfreville-sous-les-Monts (27),false,{27013},Commune,2026-03-24 14:41:56.495197+01,gold_establishments_2025,,,,21270013200013,2025,Collectivité Territoriale,Commune,['Eure'],['Normandie'],COM,{27},{28}
9de2ce53-c1a8-46da-bf93-c1cd1026d58c,212700140,Commune de Amfreville-sur-Iton (27),false,{27014},Commune,2026-03-24 14:41:56.495197+01,gold_establishments_2025,,,,21270014000016,2025,Collectivité Territoriale,Commune,['Eure'],['Normandie'],COM,{27},{28}
33cd0977-aff9-4563-adb5-53294b59de11,218000198,Commune de Amiens (80),false,{80021},Commune,2026-03-24 14:42:09.43682+01,gold_establishments_2025,,,,21800019800018,2025,Collectivité Territoriale,Commune,['Somme'],['Hauts-de-France'],COM,{80},{32}
b2a14613-a089-4584-b380-2a11addf6cf7,210200135,Commune de Amifontaine (02),false,{02013},Commune,2026-03-24 14:41:51.447482+01,gold_establishments_2025,,,,21020013500015,2025,Collectivité Territoriale,Commune,['Aisne'],['Hauts-de-France'],COM,{02},{32}
6bd2ca3b-0c6a-424d-ad32-7a387ba76485,215000068,Commune de Amigny (50),false,{50006},Commune,2026-03-24 14:42:01.412377+01,gold_establishments_2025,,,,21500006800019,2025,Collectivité Territoriale,Commune,['Manche'],['Normandie'],COM,{50},{28}
7501867e-c11c-421c-8941-ab45488d47ab,210200143,Commune de Amigny-Rouy (02),false,{02014},Commune,2026-03-24 14:41:51.447482+01,gold_establishments_2025,,,,21020014300019,2025,Collectivité Territoriale,Commune,['Aisne'],['Hauts-de-France'],COM,{02},{32}
38bbf062-6c63-4eef-9f22-c499097e7885,217700020,Commune de Amillis (77),false,{77002},Commune,2026-03-24 14:42:08.818969+01,gold_establishments_2025,,,,21770002000019,2025,Collectivité Territoriale,Commune,['Seine-et-Marne'],['Île-de-France'],COM,{77},{11}
40531938-5640-4cd3-813e-80c40d2d1ebb,212800064,Commune de Amilly (28),false,{28006},Commune,2026-03-24 14:41:57.028721+01,gold_establishments_2025,,,,21280006400017,2025,Collectivité Territoriale,Commune,['Eure-et-Loir'],['Centre-Val de Loire'],COM,{28},{24}
e4e67a07-79a0-4ac3-935c-0670cbd9caa2,214500043,Commune de Amilly (45),false,{45004},Commune,2026-03-24 14:42:00.862623+01,gold_establishments_2025,,,,21450004300010,2025,Collectivité Territoriale,Commune,['Loiret'],['Centre-Val de Loire'],COM,{45},{24}
c18341ec-e74a-4a63-bf44-376f9a3c455c,210600029,Commune de Amirat (06),false,{06002},Commune,2026-03-24 14:41:52.562531+01,gold_establishments_2025,,,,21060002900016,2025,Collectivité Territoriale,Commune,['Alpes-Maritimes'],"[""Provence-Alpes-Côte d'Azur""]",COM,{06},{93}
e60ac9f9-63db-4a6f-a60e-4428d2aaa0de,216800052,Commune de Ammerschwihr (68),false,{68005},Commune,2026-03-24 14:42:07.195692+01,gold_establishments_2025,,,,21680005200013,2025,Collectivité Territoriale,Commune,['Haut-Rhin'],['Grand Est'],COM,{68},{44}
8c68e089-6ab6-4001-b201-f5e464eb4cca,217200047,Commune de Amné (72),false,{72004},Commune,2026-03-24 14:42:08.279287+01,gold_establishments_2025,,,,21720004700017,2025,Collectivité Territoriale,Commune,['Sarthe'],['Pays de la Loire'],COM,{72},{52}
f4e3ff06-6bbb-4f77-8476-cce3971b1353,215700196,Commune de Amnéville (57),false,{57019},Commune,2026-03-24 14:42:03.701372+01,gold_establishments_2025,,,,21570019600011,2025,Collectivité Territoriale,Commune,['Moselle'],['Grand Est'],COM,{57},{44}
af087bc0-0670-4c30-9c1f-9b54c89fb1eb,217000157,Commune de Amoncourt (70),false,{70015},Commune,2026-03-24 14:42:07.735343+01,gold_establishments_2025,,,,21700015700016,2025,Collectivité Territoriale,Commune,['Haute-Saône'],['Bourgogne-Franche-Comté'],COM,{70},{27}
19578997-9b31-41db-a8af-8900ac9c7b62,212500177,Commune de Amondans (25),false,{25017},Commune,2026-03-24 14:41:55.958138+01,gold_establishments_2025,,,,21250017700010,2025,Collectivité Territoriale,Commune,['Doubs'],['Bourgogne-Franche-Comté'],COM,{25},{27}
4db47ece-bc49-47e5-b9d2-e2b99f904a24,217000165,Commune de Amont-et-Effreney (70),false,{70016},Commune,2026-03-24 14:42:07.735343+01,gold_establishments_2025,,,,21700016500019,2025,Collectivité Territoriale,Commune,['Haute-Saône'],['Bourgogne-Franche-Comté'],COM,{70},{27}
6e62b3f6-05d8-4aea-bf8d-f06cfd6c60b7,216400192,Commune de Amorots-Succos (64),false,{64019},Commune,2026-03-24 14:42:06.130387+01,gold_establishments_2025,,,,21640019200011,2025,Collectivité Territoriale,Commune,['Pyrénées-Atlantiques'],['Nouvelle-Aquitaine'],COM,{64},{75}
39a0e559-a7a3-46c6-94da-10cc7c3b7017,214000028,Commune de Amou (40),false,{40002},Commune,2026-03-24 14:41:59.705606+01,gold_establishments_2025,,,,21400002800016,2025,Collectivité Territoriale,Commune,['Landes'],['Nouvelle-Aquitaine'],COM,{40},{75}
909ca1a1-c191-4322-aa8d-bc22ee91277b,212100127,Commune de Ampilly-le-Sec (21),false,{21012},Commune,2026-03-24 14:41:55.433389+01,gold_establishments_2025,,,,21210012700019,2025,Collectivité Territoriale,Commune,"[""Côte-d'Or""]",['Bourgogne-Franche-Comté'],COM,{21},{27}
c63166b6-6157-4c57-83c9-dff853d31633,212100119,Commune de Ampilly-les-Bordes (21),false,{21011},Commune,2026-03-24 14:41:55.433389+01,gold_establishments_2025,,,,21210011900016,2025,Collectivité Territoriale,Commune,"[""Côte-d'Or""]",['Bourgogne-Franche-Comté'],COM,{21},{27}
c0060f61-8cf9-42a2-954b-1b41f5122378,216900068,Commune de Amplepuis (69),false,{69006},Commune,2026-03-24 14:42:07.195692+01,gold_establishments_2025,,,,21690006800018,2025,Collectivité Territoriale,Commune,['Rhône'],['Auvergne-Rhône-Alpes'],COM,{69},{84}
492a475e-29b1-43e2-ae2f-e3f0523958f4,216200303,Commune de Amplier (62),false,{62030},Commune,2026-03-24 14:42:05.597325+01,gold_establishments_2025,,,,21620030300016,2025,Collectivité Territoriale,Commune,['Pas-de-Calais'],['Hauts-de-France'],COM,{62},{32}
807bd524-4ff3-4c2a-9cf6-93c8b2889928,217700038,Commune de Amponville (77),false,{77003},Commune,2026-03-24 14:42:08.818969+01,gold_establishments_2025,,,,21770003800011,2025,Collectivité Territoriale,Commune,['Seine-et-Marne'],['Île-de-France'],COM,{77},{11}
de04d070-56f6-4d49-a6a9-519083c34db9,212000152,Commune de Ampriani (2B),false,{2B015},Commune,2026-03-24 14:41:57.56054+01,gold_establishments_2025,,,,21200015200018,2025,Collectivité Territoriale,Commune,['Haute-Corse'],['Corse'],COM,{2B},{94}
6522ff91-ef72-48c7-8811-58268966c651,216900076,Commune de Ampuis (69),false,{69007},Commune,2026-03-24 14:42:07.195692+01,gold_establishments_2025,,,,21690007600011,2025,Collectivité Territoriale,Commune,['Rhône'],['Auvergne-Rhône-Alpes'],COM,{69},{84}
9c7a23d6-b831-4c79-8bf2-e39effd39dda,218300036,Commune de Ampus (83),false,{83003},Commune,2026-03-24 14:42:10.508772+01,gold_establishments_2025,,,,21830003600017,2025,Collectivité Territoriale,Commune,['Var'],"[""Provence-Alpes-Côte d'Azur""]",COM,{83},{93}
1f74705e-e7dd-4a58-8b93-5a2ff838bedf,217900091,Commune de Amuré (79),false,{79009},Commune,2026-03-24 14:42:09.43682+01,gold_establishments_2025,,,,21790009100018,2025,Collectivité Territoriale,Commune,['Deux-Sèvres'],['Nouvelle-Aquitaine'],COM,{79},{75}
37d43ae3-adf3-4827-ba26-42eb37e90fdd,216000117,Commune de Amy (60),false,{60011},Commune,2026-03-24 14:42:04.814328+01,gold_establishments_2025,,,,21600011700012,2025,Collectivité Territoriale,Commune,['Oise'],['Hauts-de-France'],COM,{60},{32}
d20ea716-e9a2-4fe1-91e1-e037916ebf09,212700108,Commune de Amécourt (27),false,{27010},Commune,2026-03-24 14:41:56.495197+01,gold_establishments_2025,,,,21270010800039,2025,Collectivité Territoriale,Commune,['Eure'],['Normandie'],COM,{27},{28}
e9d9fda7-09c9-4e9e-b52f-a7245aad6c65,216600031,Commune de Amélie-les-Bains-Palalda (66),false,{66003},Commune,2026-03-24 14:42:06.665412+01,gold_establishments_2025,,,,21660003100019,2025,Collectivité Territoriale,Commune,['Pyrénées-Orientales'],['Occitanie'],COM,{66},{76}
d0c0eee9-4563-44c4-b8ae-ca848dc01249,211600119,Commune de Anais (16),false,{16011},Commune,2026-03-24 14:41:54.362296+01,gold_establishments_2025,,,,21160011900013,2025,Collectivité Territoriale,Commune,['Charente'],['Nouvelle-Aquitaine'],COM,{16},{75}
4b161780-dd13-4f05-bed5-3a3c327ca42d,211700075,Commune de Anais (17),false,{17007},Commune,2026-03-24 14:41:54.903238+01,gold_establishments_2025,,,,21170007500016,2025,Collectivité Territoriale,Commune,['Charente-Maritime'],['Nouvelle-Aquitaine'],COM,{17},{75}
39a12025-0fde-4af6-bee8-571325b2e419,213100084,Commune de Anan (31),false,{31008},Commune,2026-03-24 14:41:57.56054+01,gold_establishments_2025,,,,21310008400010,2025,Collectivité Territoriale,Commune,['Haute-Garonne'],['Occitanie'],COM,{31},{76}
87d3950b-5f8a-4c20-932f-29334e38985a,200064350,Commune de Ance Féas (64),false,{64225},Commune,2026-03-24 14:42:06.130387+01,gold_establishments_2025,,,,20006435000016,2025,Collectivité Territoriale,Commune,['Pyrénées-Atlantiques'],['Nouvelle-Aquitaine'],COM,{64},{75}
a8e77cab-4aae-4931-96be-21974b52cc5c,217600071,Commune de Anceaumeville (76),false,{76007},Commune,2026-03-24 14:42:08.818969+01,gold_establishments_2025,,,,21760007100013,2025,Collectivité Territoriale,Commune,['Seine-Maritime'],['Normandie'],COM,{76},{28}
093293b9-10d7-4de0-9d05-831e8b6f3d12,210500047,Commune de Ancelle (05),false,{05004},Commune,2026-03-24 14:41:52.562531+01,gold_establishments_2025,,,,21050004700019,2025,Collectivité Territoriale,Commune,['Hautes-Alpes'],"[""Provence-Alpes-Côte d'Azur""]",COM,{05},{93}
3d23da90-5931-440a-a629-b0c836f660a3,215500091,Commune de Ancemont (55),false,{55009},Commune,2026-03-24 14:42:02.957225+01,gold_establishments_2025,,,,21550009100016,2025,Collectivité Territoriale,Commune,['Meuse'],['Grand Est'],COM,{55},{44}
047bf280-a631-48a5-bf28-f3546b0865f8,200083228,Commune de Ancenis-Saint-Géréon (44),false,{44003},Commune,2026-03-24 14:42:00.273698+01,gold_establishments_2025,,,,20008322800011,2025,Collectivité Territoriale,Commune,['Loire-Atlantique'],['Pays de la Loire'],COM,{44},{52}
2976fa2a-4b0a-4059-90b6-a254eaf0ee5c,215500109,Commune de Ancerville (55),false,{55010},Commune,2026-03-24 14:42:02.957225+01,gold_establishments_2025,,,,21550010900016,2025,Collectivité Territoriale,Commune,['Meuse'],['Grand Est'],COM,{55},{44}
149aa234-ee4a-4e98-9950-d527ec0facf6,215700204,Commune de Ancerville (57),false,{57020},Commune,2026-03-24 14:42:03.701372+01,gold_establishments_2025,,,,21570020400013,2025,Collectivité Territoriale,Commune,['Moselle'],['Grand Est'],COM,{57},{44}
2f71333f-4c15-44d0-902d-1a50022f5bab,215400144,Commune de Ancerviller (54),false,{54014},Commune,2026-03-24 14:42:02.957225+01,gold_establishments_2025,,,,21540014400014,2025,Collectivité Territoriale,Commune,['Meurthe-et-Moselle'],['Grand Est'],COM,{54},{44}
945926d7-6e55-4f90-845f-eab3d89c7705,212100135,Commune de Ancey (21),false,{21013},Commune,2026-03-24 14:41:55.433389+01,gold_establishments_2025,,,,21210013500012,2025,Collectivité Territoriale,Commune,"[""Côte-d'Or""]",['Bourgogne-Franche-Comté'],COM,{21},{27}
d3090a64-67f6-43b1-82b5-ddc45326415a,210800108,Commune de Anchamps (08),false,{08011},Commune,2026-03-24 14:41:52.562531+01,gold_establishments_2025,,,,21080010800016,2025,Collectivité Territoriale,Commune,['Ardennes'],['Grand Est'],COM,{08},{44}
2e9abb6e-e69f-47b1-8434-0d87d7767a79,217000173,Commune de Anchenoncourt-et-Chazel (70),false,{70017},Commune,2026-03-24 14:42:07.735343+01,gold_establishments_2025,,,,21700017300013,2025,Collectivité Territoriale,Commune,['Haute-Saône'],['Bourgogne-Franche-Comté'],COM,{70},{27}
1f731826-8ac6-43ba-bcfc-ae8f6f14001e,213700040,Commune de Anché (37),false,{37004},Commune,2026-03-24 14:41:59.160244+01,gold_establishments_2025,,,,21370004000016,2025,Collectivité Territoriale,Commune,['Indre-et-Loire'],['Centre-Val de Loire'],COM,{37},{24}
fbcc36ad-121c-46e3-ba12-942cab307a00,218600039,Commune de Anché (86),false,{86003},Commune,2026-03-24 14:42:10.508772+01,gold_establishments_2025,,,,21860003900018,2025,Collectivité Territoriale,Commune,['Vienne'],['Nouvelle-Aquitaine'],COM,{86},{75}
48d1d1e1-aa2b-4e61-b8e0-86d94a18d59e,210200150,Commune de Ancienville (02),false,{02015},Commune,2026-03-24 14:41:51.447482+01,gold_establishments_2025,,,,21020015000014,2025,Collectivité Territoriale,Commune,['Aisne'],['Hauts-de-France'],COM,{02},{32}
2df5d40f-4284-41db-bbf4-b5170c06eb00,217000181,Commune de Ancier (70),false,{70018},Commune,2026-03-24 14:42:07.735343+01,gold_establishments_2025,,,,21700018100016,2025,Collectivité Territoriale,Commune,['Haute-Saône'],['Bourgogne-Franche-Comté'],COM,{70},{27}
ae805129-3348-4ccc-bd07-a1d004010955,217200054,Commune de Ancinnes (72),false,{72005},Commune,2026-03-24 14:42:08.279287+01,gold_establishments_2025,,,,21720005400013,2025,Collectivité Territoriale,Commune,['Sarthe'],['Pays de la Loire'],COM,{72},{52}
757bd77b-c34d-4031-803d-c01232e3c58d,216500066,Commune de Ancizan (65),false,{65006},Commune,2026-03-24 14:42:06.665412+01,gold_establishments_2025,,,,21650006600016,2025,Collectivité Territoriale,Commune,['Hautes-Pyrénées'],['Occitanie'],COM,{65},{76}
b2ccf9f0-2933-4689-8525-c2941e196e00,217600089,Commune de Ancourt (76),false,{76008},Commune,2026-03-24 14:42:08.818969+01,gold_establishments_2025,,,,21760008900015,2025,Collectivité Territoriale,Commune,['Seine-Maritime'],['Normandie'],COM,{76},{28}
04184d13-0aab-4538-96b8-bdaaa8b44011,217600097,Commune de Ancourteville-sur-Héricourt (76),false,{76009},Commune,2026-03-24 14:42:08.818969+01,gold_establishments_2025,,,,21760009700018,2025,Collectivité Territoriale,Commune,['Seine-Maritime'],['Normandie'],COM,{76},{28}
6b9ede27-0b6e-4e0e-80cc-69a8b4863478,217600105,Commune de Ancretiéville-Saint-Victor (76),false,{76010},Commune,2026-03-24 14:42:08.818969+01,gold_establishments_2025,,,,21760010500019,2025,Collectivité Territoriale,Commune,['Seine-Maritime'],['Normandie'],COM,{76},{28}
ea58f6d9-7090-4e7b-8a00-0f53d3daee5d,217600113,Commune de Ancretteville-sur-Mer (76),false,{76011},Commune,2026-03-24 14:42:08.818969+01,gold_establishments_2025,,,,21760011300013,2025,Collectivité Territoriale,Commune,['Seine-Maritime'],['Normandie'],COM,{76},{28}
04c0a9ac-d567-4d59-8e8d-45a4408d7dcc,200064921,Commune de Anctoville (nan),false,{14011},Commune,2026-03-24 14:41:53.63825+01,gold_establishments_2025,,,,20006492100113,2025,Collectivité Territoriale,Commune,[''],[''],COM,,
5b2b4fe8-adc7-42df-a183-7a4e3ff6b525,215000084,Commune de Anctoville-sur-Boscq (50),false,{50008},Commune,2026-03-24 14:42:01.412377+01,gold_establishments_2025,,,,21500008400016,2025,Collectivité Territoriale,Commune,['Manche'],['Normandie'],COM,{50},{28}
1fe6ce63-440e-466c-b770-0c47e589219d,216900084,Commune de Ancy (69),false,{69008},Commune,2026-03-24 14:42:07.195692+01,gold_establishments_2025,,,,21690008400015,2025,Collectivité Territoriale,Commune,['Rhône'],['Auvergne-Rhône-Alpes'],COM,{69},{84}
766e5cce-52bf-425a-bbb6-853d7c14d6f0,200058253,Commune de Ancy-Dornot (57),false,{57021},Commune,2026-03-24 14:42:03.701372+01,gold_establishments_2025,,,,20005825300010,2025,Collectivité Territoriale,Commune,['Moselle'],['Grand Est'],COM,{57},{44}
6ea14031-5126-4a32-ae64-162499ec94ff,218900058,Commune de Ancy-le-Franc (89),false,{89005},Commune,2026-03-24 14:42:11.118516+01,gold_establishments_2025,,,,21890005800015,2025,Collectivité Territoriale,Commune,['Yonne'],['Bourgogne-Franche-Comté'],COM,{89},{27}
ff4f5bc4-55ef-4a67-b304-0133f2ef890b,218900066,Commune de Ancy-le-Libre (89),false,{89006},Commune,2026-03-24 14:42:11.118516+01,gold_establishments_2025,,,,21890006600018,2025,Collectivité Territoriale,Commune,['Yonne'],['Bourgogne-Franche-Comté'],COM,{89},{27}
472165ab-c312-4ebd-974a-0318947eced0,212600084,Commune de Ancône (26),false,{26008},Commune,2026-03-24 14:41:56.495197+01,gold_establishments_2025,,,,21260008400017,2025,Collectivité Territoriale,Commune,['Drôme'],['Auvergne-Rhône-Alpes'],COM,{26},{84}
41f5fc37-122a-4635-88db-eef60304fb3f,218000206,Commune de Andainville (80),false,{80022},Commune,2026-03-24 14:42:09.43682+01,gold_establishments_2025,,,,21800020600019,2025,Collectivité Territoriale,Commune,['Somme'],['Hauts-de-France'],COM,{80},{32}
06ca7d6b-0a96-4953-8db3-b05e81f87896,210700092,Commune de Andance (07),false,{07009},Commune,2026-03-24 14:41:52.562531+01,gold_establishments_2025,,,,21070009200013,2025,Collectivité Territoriale,Commune,['Ardèche'],['Auvergne-Rhône-Alpes'],COM,{07},{84}
617bc99c-7dac-4e5f-9c7d-afeaa3daccb6,212600092,Commune de Andancette (26),false,{26009},Commune,2026-03-24 14:41:56.495197+01,gold_establishments_2025,,,,21260009200010,2025,Collectivité Territoriale,Commune,['Drôme'],['Auvergne-Rhône-Alpes'],COM,{26},{84}
919eac84-3711-4ec0-b3e8-5f370371a70d,218000214,Commune de Andechy (80),false,{80023},Commune,2026-03-24 14:42:09.43682+01,gold_establishments_2025,,,,21800021400013,2025,Collectivité Territoriale,Commune,['Somme'],['Hauts-de-France'],COM,{80},{32}
6df586a5-5506-4da6-a913-745ed885b057,212200026,Commune de Andel (22),false,{22002},Commune,2026-03-24 14:41:55.433389+01,gold_establishments_2025,,,,21220002600012,2025,Collectivité Territoriale,Commune,"[""Côtes-d'Armor""]",['Bretagne'],COM,{22},{53}
b0d7e8e7-c528-4566-9409-8685494d493e,210200168,Commune de Andelain (02),false,{02016},Commune,2026-03-24 14:41:51.447482+01,gold_establishments_2025,,,,21020016800016,2025,Collectivité Territoriale,Commune,['Aisne'],['Hauts-de-France'],COM,{02},{32}
4cda252a-e8ba-47fc-81bd-170f0641811f,210300042,Commune de Andelaroche (03),false,{03004},Commune,2026-03-24 14:41:52.020251+01,gold_establishments_2025,,,,21030004200012,2025,Collectivité Territoriale,Commune,['Allier'],['Auvergne-Rhône-Alpes'],COM,{03},{84}
d940c33a-04ac-45e5-b459-8dd9fad833c8,217000199,Commune de Andelarre (70),false,{70019},Commune,2026-03-24 14:42:07.735343+01,gold_establishments_2025,,,,21700019900018,2025,Collectivité Territoriale,Commune,['Haute-Saône'],['Bourgogne-Franche-Comté'],COM,{70},{27}
cbe9a9a1-74d3-40b0-aa41-744744175c29,217000207,Commune de Andelarrot (70),false,{70020},Commune,2026-03-24 14:42:07.735343+01,gold_establishments_2025,,,,21700020700019,2025,Collectivité Territoriale,Commune,['Haute-Saône'],['Bourgogne-Franche-Comté'],COM,{70},{27}
2bc89b4e-6004-4c2f-91eb-ba0ff8e877bd,211500046,Commune de Andelat (15),false,{15004},Commune,2026-03-24 14:41:54.362296+01,gold_establishments_2025,,,,21150004600019,2025,Collectivité Territoriale,Commune,['Cantal'],['Auvergne-Rhône-Alpes'],COM,{15},{84}
00b23235-f208-443c-9dd0-2da924bdc97a,219000015,Commune de Andelnans (90),false,{90001},Commune,2026-03-24 14:42:11.659493+01,gold_establishments_2025,,,,21900001500012,2025,Collectivité Territoriale,Commune,['Territoire de Belfort'],['Bourgogne-Franche-Comté'],COM,{90},{27}
5a5be648-d19e-46bc-a290-c87433ef55fe,215200080,Commune de Andelot-Blancheville (52),false,{52008},Commune,2026-03-24 14:42:01.954481+01,gold_establishments_2025,,,,21520008000012,2025,Collectivité Territoriale,Commune,['Haute-Marne'],['Grand Est'],COM,{52},{44}
a2812e1b-66be-4522-9640-b8376d600b03,213900103,Commune de Andelot-Morval (39),false,{39010},Commune,2026-03-24 14:41:59.705606+01,gold_establishments_2025,,,,21390010300010,2025,Collectivité Territoriale,Commune,['Jura'],['Bourgogne-Franche-Comté'],COM,{39},{27}
dca3c447-40e6-48e7-b142-37b56a3edc2a,213900095,Commune de Andelot-en-Montagne (39),false,{39009},Commune,2026-03-24 14:41:59.705606+01,gold_establishments_2025,,,,21390009500018,2025,Collectivité Territoriale,Commune,['Jura'],['Bourgogne-Franche-Comté'],COM,{39},{27}
8d1351af-c2a8-4a1c-bc55-ff0db53eb879,217800135,Commune de Andelu (78),false,{78013},Commune,2026-03-24 14:42:09.43682+01,gold_establishments_2025,,,,21780013500014,2025,Collectivité Territoriale,Commune,['Yvelines'],['Île-de-France'],COM,{78},{11}
77d7e6ab-722c-4292-bf38-2758a141b574,215500117,Commune de Andernay (55),false,{55011},Commune,2026-03-24 14:42:02.957225+01,gold_establishments_2025,,,,21550011700019,2025,Collectivité Territoriale,Commune,['Meuse'],['Grand Est'],COM,{55},{44}
84d18a0a-292b-4194-84bc-3540038abc5d,213300056,Commune de Andernos-les-Bains (33),false,{33005},Commune,2026-03-24 14:41:58.09424+01,gold_establishments_2025,,,,21330005600016,2025,Collectivité Territoriale,Commune,['Gironde'],['Nouvelle-Aquitaine'],COM,{33},{75}
0c355dbb-aa74-467e-b9e1-c030f56f3162,215400151,Commune de Anderny (54),false,{54015},Commune,2026-03-24 14:42:02.957225+01,gold_establishments_2025,,,,21540015100019,2025,Collectivité Territoriale,Commune,['Meurthe-et-Moselle'],['Grand Est'],COM,{54},{44}
138f3301-b265-4f25-b92b-b8eb4c1fa933,210100095,Commune de Andert-et-Condon (01),false,{01009},Commune,2026-03-24 14:41:51.447482+01,gold_establishments_2025,,,,21010009500012,2025,Collectivité Territoriale,Commune,['Ain'],['Auvergne-Rhône-Alpes'],COM,{01},{84}
3520890a-bb41-49a0-b41e-0b17731002f3,216000125,Commune de Andeville (60),false,{60012},Commune,2026-03-24 14:42:04.814328+01,gold_establishments_2025,,,,21600012500098,2025,Collectivité Territoriale,Commune,['Oise'],['Hauts-de-France'],COM,{60},{32}
12a06507-8a12-43f0-88cb-55d6dde84c22,218100121,Commune de Andillac (81),false,{81012},Commune,2026-03-24 14:42:09.967209+01,gold_establishments_2025,,,,21810012100019,2025,Collectivité Territoriale,Commune,['Tarn'],['Occitanie'],COM,{81},{76}
489f51eb-2eb5-4f1e-b7ff-527a6664319b,211700083,Commune de Andilly (17),false,{17008},Commune,2026-03-24 14:41:54.903238+01,gold_establishments_2025,,,,21170008300010,2025,Collectivité Territoriale,Commune,['Charente-Maritime'],['Nouvelle-Aquitaine'],COM,{17},{75}
2399d557-6318-40f8-80c2-d9e9e9344bcf,215400169,Commune de Andilly (54),false,{54016},Commune,2026-03-24 14:42:02.957225+01,gold_establishments_2025,,,,21540016900011,2025,Collectivité Territoriale,Commune,['Meurthe-et-Moselle'],['Grand Est'],COM,{54},{44}
b348ec1f-354b-450d-9df9-f8e144524744,217400092,Commune de Andilly (74),false,{74009},Commune,2026-03-24 14:42:08.279287+01,gold_establishments_2025,,,,21740009200011,2025,Collectivité Territoriale,Commune,['Haute-Savoie'],['Auvergne-Rhône-Alpes'],COM,{74},{84}
715a1cdc-04e4-4cf1-b155-3ada416c9a44,219500147,Commune de Andilly (95),false,{95014},Commune,2026-03-24 14:42:11.659493+01,gold_establishments_2025,,,,21950014700059,2025,Collectivité Territoriale,Commune,"[""Val-d'Oise""]",['Île-de-France'],COM,{95},{11}
19a5374b-db0a-4007-b9a0-7b6053392d90,215204090,Commune de Andilly-en-Bassigny (52),false,{52009},Commune,2026-03-24 14:42:01.954481+01,gold_establishments_2025,,,,21520409000017,2025,Collectivité Territoriale,Commune,['Haute-Marne'],['Grand Est'],COM,{52},{44}
1582a210-05a3-4b84-ac38-e09b345b5aba,214700098,Commune de Andiran (47),false,{47009},Commune,2026-03-24 14:42:00.862623+01,gold_establishments_2025,,,,21470009800012,2025,Collectivité Territoriale,Commune,['Lot-et-Garonne'],['Nouvelle-Aquitaine'],COM,{47},{75}
4f671f39-961c-4c08-8e2b-3c664b03a476,216700104,Commune de Andlau (67),false,{67010},Commune,2026-03-24 14:42:06.665412+01,gold_establishments_2025,,,,21670010400013,2025,Collectivité Territoriale,Commune,['Bas-Rhin'],['Grand Est'],COM,{67},{44}
ef0aca2f-466c-4875-b3a3-8c4d7633877e,216400218,Commune de Andoins (64),false,{64021},Commune,2026-03-24 14:42:06.130387+01,gold_establishments_2025,,,,21640021800014,2025,Collectivité Territoriale,Commune,['Pyrénées-Atlantiques'],['Nouvelle-Aquitaine'],COM,{64},{75}
18850d85-9faa-48bb-b197-883f9cb49101,216800078,Commune de Andolsheim (68),false,{68007},Commune,2026-03-24 14:42:07.195692+01,gold_establishments_2025,,,,21680007800018,2025,Collectivité Territoriale,Commune,['Haut-Rhin'],['Grand Est'],COM,{68},{44}
e3e4b718-cb68-433d-af00-c8dfa947e5b3,210600037,Commune de Andon (06),false,{06003},Commune,2026-03-24 14:41:52.562531+01,gold_establishments_2025,,,,21060003700019,2025,Collectivité Territoriale,Commune,['Alpes-Maritimes'],"[""Provence-Alpes-Côte d'Azur""]",COM,{06},{93}
4d4dcebc-0f52-4e5d-91c5-bfe36608bc7e,214500050,Commune de Andonville (45),false,{45005},Commune,2026-03-24 14:42:00.862623+01,gold_establishments_2025,,,,21450005000015,2025,Collectivité Territoriale,Commune,['Loiret'],['Centre-Val de Loire'],COM,{45},{24}
fb9a9915-6c51-4d92-8cf9-7d0269afe0f7,217000215,Commune de Andornay (70),false,{70021},Commune,2026-03-24 14:42:07.735343+01,gold_establishments_2025,,,,21700021500012,2025,Collectivité Territoriale,Commune,['Haute-Saône'],['Bourgogne-Franche-Comté'],COM,{70},{27}
802a47bd-fbf0-4be1-964a-639c86794e1c,215300054,Commune de Andouillé (53),false,{53005},Commune,2026-03-24 14:42:01.954481+01,gold_establishments_2025,,,,21530005400016,2025,Collectivité Territoriale,Commune,['Mayenne'],['Pays de la Loire'],COM,{53},{52}
92e4e89b-6b73-442c-88ee-28c9a2792e0e,213500036,Commune de Andouillé-Neuville (35),false,{35003},Commune,2026-03-24 14:41:58.620411+01,gold_establishments_2025,,,,21350003600016,2025,Collectivité Territoriale,Commune,['Ille-et-Vilaine'],['Bretagne'],COM,{35},{53}
bc8b09fd-2728-4312-8448-fa320abd9058,218100139,Commune de Andouque (81),false,{81013},Commune,2026-03-24 14:42:09.967209+01,gold_establishments_2025,,,,21810013900011,2025,Collectivité Territoriale,Commune,['Tarn'],['Occitanie'],COM,{81},{76}
13c306d5-8a62-41d9-aa0f-267f3fa6e776,216400226,Commune de Andrein (64),false,{64022},Commune,2026-03-24 14:42:06.130387+01,gold_establishments_2025,,,,21640022600017,2025,Collectivité Territoriale,Commune,['Pyrénées-Atlantiques'],['Nouvelle-Aquitaine'],COM,{64},{75}
f0a7d45e-0d5c-44b3-bca1-b140dbd88d3f,216200311,Commune de Andres (62),false,{62031},Commune,2026-03-24 14:42:05.597325+01,gold_establishments_2025,,,,21620031100019,2025,Collectivité Territoriale,Commune,['Pas-de-Calais'],['Hauts-de-France'],COM,{62},{32}
4b338fb6-7579-4640-8d27-e6a0aba48916,216500074,Commune de Andrest (65),false,{65007},Commune,2026-03-24 14:42:06.665412+01,gold_establishments_2025,,,,21650007400010,2025,Collectivité Territoriale,Commune,['Hautes-Pyrénées'],['Occitanie'],COM,{65},{76}
5862aad4-f463-4e2f-9ee4-6261dbc86925,217700046,Commune de Andrezel (77),false,{77004},Commune,2026-03-24 14:42:08.818969+01,gold_establishments_2025,,,,21770004600014,2025,Collectivité Territoriale,Commune,['Seine-et-Marne'],['Île-de-France'],COM,{77},{11}
266e0d58-87d5-44b7-b2ad-60784444b2a3,218900074,Commune de Andryes (89),false,{89007},Commune,2026-03-24 14:42:11.118516+01,gold_establishments_2025,,,,21890007400012,2025,Collectivité Territoriale,Commune,['Yonne'],['Bourgogne-Franche-Comté'],COM,{89},{27}
5defd803-b1c9-415a-8cc8-7a6df80b46df,217800150,Commune de Andrésy (78),false,{78015},Commune,2026-03-24 14:42:09.43682+01,gold_establishments_2025,,,,21780015000013,2025,Collectivité Territoriale,Commune,['Yvelines'],['Île-de-France'],COM,{78},{11}
4406022a-2db1-42c8-8660-b7d151485532,214200057,Commune de Andrézieux-Bouthéon (42),false,{42005},Commune,2026-03-24 14:42:00.273698+01,gold_establishments_2025,,,,21420005700179,2025,Collectivité Territoriale,Commune,['Loire'],['Auvergne-Rhône-Alpes'],COM,{42},{84}
b189b8be-0bee-4ce0-9b40-2407de0834d8,213000102,Commune de Anduze (30),false,{30010},Commune,2026-03-24 14:41:57.56054+01,gold_establishments_2025,,,,21300010200011,2025,Collectivité Territoriale,Commune,['Gard'],['Occitanie'],COM,{30},{76}
67850a6d-d06c-4804-a6c1-1ed39b99a182,212700157,Commune de Andé (27),false,{27015},Commune,2026-03-24 14:41:56.495197+01,gold_establishments_2025,,,,21270015700010,2025,Collectivité Territoriale,Commune,['Eure'],['Normandie'],COM,{27},{28}
67068d0d-f5ae-436e-8f4c-5a597a10ab3e,212800072,Commune de Anet (28),false,{28007},Commune,2026-03-24 14:41:57.028721+01,gold_establishments_2025,,,,21280007200010,2025,Collectivité Territoriale,Commune,['Eure-et-Loir'],['Centre-Val de Loire'],COM,{28},{24}
546704ee-1f96-4460-aff2-62e7d87f0cef,216400234,Commune de Angaïs (64),false,{64023},Commune,2026-03-24 14:42:06.130387+01,gold_establishments_2025,,,,21640023400011,2025,Collectivité Territoriale,Commune,['Pyrénées-Atlantiques'],['Nouvelle-Aquitaine'],COM,{64},{75}
420be92f-df45-4d3e-b543-0b3479a5ae0d,211600127,Commune de Angeac-Champagne (16),false,{16012},Commune,2026-03-24 14:41:54.362296+01,gold_establishments_2025,,,,21160012700016,2025,Collectivité Territoriale,Commune,['Charente'],['Nouvelle-Aquitaine'],COM,{16},{75}
442dfc9a-c6b0-46cc-b877-91c2ee0b3b4b,211600135,Commune de Angeac-Charente (16),false,{16013},Commune,2026-03-24 14:41:54.362296+01,gold_establishments_2025,,,,21160013500019,2025,Collectivité Territoriale,Commune,['Charente'],['Nouvelle-Aquitaine'],COM,{16},{75}
d11026b5-4490-49c7-ab53-665fc1fa01ef,210800116,Commune de Angecourt (08),false,{08013},Commune,2026-03-24 14:41:52.562531+01,gold_establishments_2025,,,,21080011600019,2025,Collectivité Territoriale,Commune,['Ardennes'],['Grand Est'],COM,{08},{44}
ef72a696-cd36-40ec-879f-c9735ce54a82,211600143,Commune de Angeduc (16),false,{16014},Commune,2026-03-24 14:41:54.362296+01,gold_establishments_2025,,,,21160014300013,2025,Collectivité Territoriale,Commune,['Charente'],['Nouvelle-Aquitaine'],COM,{16},{75}
3f568e5e-cce4-4579-a58e-7957db482960,218900082,Commune de Angely (89),false,{89008},Commune,2026-03-24 14:42:11.118516+01,gold_establishments_2025,,,,21890008200015,2025,Collectivité Territoriale,Commune,['Yonne'],['Bourgogne-Franche-Comté'],COM,{89},{27}
5191ee54-1e0d-4540-804f-c4ef8aa02619,219000023,Commune de Angeot (90),false,{90002},Commune,2026-03-24 14:42:11.659493+01,gold_establishments_2025,,,,21900002300016,2025,Collectivité Territoriale,Commune,['Territoire de Belfort'],['Bourgogne-Franche-Comté'],COM,{90},{27}
9efb4d58-6685-4d15-94b0-356f5e4cc640,214900078,Commune de Angers (49),false,{49007},Commune,2026-03-24 14:42:01.412377+01,gold_establishments_2025,,,,21490007800012,2025,Collectivité Territoriale,Commune,['Maine-et-Loire'],['Pays de la Loire'],COM,{49},{52}
fe4176b7-0eb6-4e75-95b1-8e5f4128e570,211400122,Commune de Angerville (14),false,{14012},Commune,2026-03-24 14:41:53.63825+01,gold_establishments_2025,,,,21140012200019,2025,Collectivité Territoriale,Commune,['Calvados'],['Normandie'],COM,{14},{28}
0b3b74a6-e831-428a-bed9-1f3b907f5110,219100161,Commune de Angerville (91),false,{91016},Commune,2026-03-24 14:42:11.659493+01,gold_establishments_2025,,,,21910016100013,2025,Collectivité Territoriale,Commune,['Essonne'],['Île-de-France'],COM,{91},{11}
dbeb3d54-a685-47d2-bf97-f636174ba8fe,217600121,Commune de Angerville-Bailleul (76),false,{76012},Commune,2026-03-24 14:42:08.818969+01,gold_establishments_2025,,,,21760012100016,2025,Collectivité Territoriale,Commune,['Seine-Maritime'],['Normandie'],COM,{76},{28}
8fcfac82-39ef-4b7f-b58f-c633b144fa36,217600147,Commune de Angerville-l'Orcher (76),false,{76014},Commune,2026-03-24 14:42:08.818969+01,gold_establishments_2025,,,,21760014700011,2025,Collectivité Territoriale,Commune,['Seine-Maritime'],['Normandie'],COM,{76},{28}
5c179666-e345-423a-9a50-09a6491a6694,212700173,Commune de Angerville-la-Campagne (27),false,{27017},Commune,2026-03-24 14:41:56.495197+01,gold_establishments_2025,,,,21270017300017,2025,Collectivité Territoriale,Commune,['Eure'],['Normandie'],COM,{27},{28}
342e53e2-2b05-4b90-abca-3b34609a4bb9,217600139,Commune de Angerville-la-Martel (76),false,{76013},Commune,2026-03-24 14:42:08.818969+01,gold_establishments_2025,,,,21760013900018,2025,Collectivité Territoriale,Commune,['Seine-Maritime'],['Normandie'],COM,{76},{28}
68107f31-aa6e-4d6b-98c1-93c8e94b9895,219100179,Commune de Angervilliers (91),false,{91017},Commune,2026-03-24 14:42:11.659493+01,gold_establishments_2025,,,,21910017900015,2025,Collectivité Territoriale,Commune,['Essonne'],['Île-de-France'],COM,{91},{11}
fce2687c-af35-43de-9120-a62d741cb329,218200038,Commune de Angeville (82),false,{82003},Commune,2026-03-24 14:42:10.508772+01,gold_establishments_2025,,,,21820003800014,2025,Collectivité Territoriale,Commune,['Tarn-et-Garonne'],['Occitanie'],COM,{82},{76}
6d0a6180-c160-4682-98a3-50f66437793c,215700220,Commune de Angevillers (57),false,{57022},Commune,2026-03-24 14:42:03.701372+01,gold_establishments_2025,,,,21570022000019,2025,Collectivité Territoriale,Commune,['Moselle'],['Grand Est'],COM,{57},{44}
25ede1ff-78e0-4718-a78c-cf1b998c900f,216000133,Commune de Angicourt (60),false,{60013},Commune,2026-03-24 14:42:04.814328+01,gold_establishments_2025,,,,21600013300019,2025,Collectivité Territoriale,Commune,['Oise'],['Hauts-de-France'],COM,{60},{32}
eb8efef1-8e88-4ab3-885e-4cb14c361e1d,217600154,Commune de Angiens (76),false,{76015},Commune,2026-03-24 14:42:08.818969+01,gold_establishments_2025,,,,21760015400017,2025,Collectivité Territoriale,Commune,['Seine-Maritime'],['Normandie'],COM,{76},{28}
e1eb099f-6679-49e3-a09f-98694d4d6b75,217000223,Commune de Angirey (70),false,{70022},Commune,2026-03-24 14:42:07.735343+01,gold_establishments_2025,,,,21700022300016,2025,Collectivité Territoriale,Commune,['Haute-Saône'],['Bourgogne-Franche-Comté'],COM,{70},{27}
3cbaa0b4-e504-4200-af87-2ff4d886e354,216000141,Commune de Angivillers (60),false,{60014},Commune,2026-03-24 14:42:04.814328+01,gold_establishments_2025,,,,21600014100012,2025,Collectivité Territoriale,Commune,['Oise'],['Hauts-de-France'],COM,{60},{32}
5f5f3306-1806-402d-b2bf-076accacae04,213300064,Commune de Anglade (33),false,{33006},Commune,2026-03-24 14:41:58.09424+01,gold_establishments_2025,,,,21330006400010,2025,Collectivité Territoriale,Commune,['Gironde'],['Nouvelle-Aquitaine'],COM,{33},{75}
53bea677-a7cc-4856-bfb2-2d1fb064c77e,211500053,Commune de Anglards-de-Saint-Flour (15),false,{15005},Commune,2026-03-24 14:41:54.362296+01,gold_establishments_2025,,,,21150005300015,2025,Collectivité Territoriale,Commune,['Cantal'],['Auvergne-Rhône-Alpes'],COM,{15},{84}
c2af7dbf-e659-432e-ae1a-d1155c7474e5,211500061,Commune de Anglards-de-Salers (15),false,{15006},Commune,2026-03-24 14:41:54.362296+01,gold_establishments_2025,,,,21150006100018,2025,Collectivité Territoriale,Commune,['Cantal'],['Auvergne-Rhône-Alpes'],COM,{15},{84}
06b3dd1d-f136-4775-a826-ef5753c1e457,214600041,Commune de Anglars (46),false,{46004},Commune,2026-03-24 14:42:00.862623+01,gold_establishments_2025,,,,21460004100013,2025,Collectivité Territoriale,Commune,['Lot'],['Occitanie'],COM,{46},{76}
0f216cb5-da03-4c44-a30e-610b56f52a39,214600058,Commune de Anglars-Juillac (46),false,{46005},Commune,2026-03-24 14:42:00.862623+01,gold_establishments_2025,,,,21460005800017,2025,Collectivité Territoriale,Commune,['Lot'],['Occitanie'],COM,{46},{76}
7b1ce209-1145-4056-a6b6-924d9de52973,214600066,Commune de Anglars-Nozac (46),false,{46006},Commune,2026-03-24 14:42:00.862623+01,gold_establishments_2025,,,,21460006600010,2025,Collectivité Territoriale,Commune,['Lot'],['Occitanie'],COM,{46},{76}
489312a2-a317-4bf2-8ef6-36af495d7314,211200084,Commune de Anglars-Saint-Félix (12),false,{12008},Commune,2026-03-24 14:41:53.63825+01,gold_establishments_2025,,,,21120008400013,2025,Collectivité Territoriale,Commune,['Aveyron'],['Occitanie'],COM,{12},{76}
dad6baf7-7817-413d-8deb-57797fd5a09c,210100103,Commune de Anglefort (01),false,{01010},Commune,2026-03-24 14:41:51.447482+01,gold_establishments_2025,,,,21010010300014,2025,Collectivité Territoriale,Commune,['Ain'],['Auvergne-Rhône-Alpes'],COM,{01},{84}
5034d4b9-2931-4810-9607-9ca8425b0806,218800084,Commune de Anglemont (88),false,{88008},Commune,2026-03-24 14:42:11.118516+01,gold_establishments_2025,,,,21880008400012,2025,Collectivité Territoriale,Commune,['Vosges'],['Grand Est'],COM,{88},{44}
5e9c6d30-3fb6-4318-b3db-1a5a9054b669,210400073,Commune de Angles (04),false,{04007},Commune,2026-03-24 14:41:52.020251+01,gold_establishments_2025,,,,21040007300016,2025,Collectivité Territoriale,Commune,['Alpes-de-Haute-Provence'],"[""Provence-Alpes-Côte d'Azur""]",COM,{04},{93}
f0599ca5-bf27-43d5-ad1f-8dfb5f72e838,218500049,Commune de Angles (85),false,{85004},Commune,2026-03-24 14:42:10.508772+01,gold_establishments_2025,,,,21850004900018,2025,Collectivité Territoriale,Commune,['Vendée'],['Pays de la Loire'],COM,{85},{52}
dd399808-6083-4c1a-a81a-11d9607bca17,218600047,Commune de Angles-sur-l'Anglin (86),false,{86004},Commune,2026-03-24 14:42:10.508772+01,gold_establishments_2025,,,,21860004700011,2025,Collectivité Territoriale,Commune,['Vienne'],['Nouvelle-Aquitaine'],COM,{86},{75}
fffdf24f-163b-4b47-8b85-c9209f4307ec,217600170,Commune de Anglesqueville-l'Esneval (76),false,{76017},Commune,2026-03-24 14:42:08.818969+01,gold_establishments_2025,,,,21760017000013,2025,Collectivité Territoriale,Commune,['Seine-Maritime'],['Normandie'],COM,{76},{28}
1bb7b1d2-29ef-4398-bd4d-cd773df93067,217600162,Commune de Anglesqueville-la-Bras-Long (76),false,{76016},Commune,2026-03-24 14:42:08.818969+01,gold_establishments_2025,,,,21760016200010,2025,Collectivité Territoriale,Commune,['Seine-Maritime'],['Normandie'],COM,{76},{28}
3e2dcd70-6de7-4a44-b251-3a78e20f33f0,216400242,Commune de Anglet (64),false,{64024},Commune,2026-03-24 14:42:06.130387+01,gold_establishments_2025,,,,21640024200014,2025,Collectivité Territoriale,Commune,['Pyrénées-Atlantiques'],['Nouvelle-Aquitaine'],COM,{64},{75}
ddaf742f-a2ce-455f-b02f-b1897ba230c8,211700091,Commune de Angliers (17),false,{17009},Commune,2026-03-24 14:41:54.903238+01,gold_establishments_2025,,,,21170009100013,2025,Collectivité Territoriale,Commune,['Charente-Maritime'],['Nouvelle-Aquitaine'],COM,{17},{75}
84b968b2-5faa-4ac9-b8fa-d08734d0e91e,218600054,Commune de Angliers (86),false,{86005},Commune,2026-03-24 14:42:10.508772+01,gold_establishments_2025,,,,21860005400017,2025,Collectivité Territoriale,Commune,['Vienne'],['Nouvelle-Aquitaine'],COM,{86},{75}
c8aebd71-5300-4f8f-a316-7400633600e7,215100090,Commune de Anglure (51),false,{51009},Commune,2026-03-24 14:42:01.412377+01,gold_establishments_2025,,,,21510009000012,2025,Collectivité Territoriale,Commune,['Marne'],['Grand Est'],COM,{51},{44}
b47f5e95-2830-40cb-8217-94f437d8f99e,217100080,Commune de Anglure-sous-Dun (71),false,{71008},Commune,2026-03-24 14:42:07.735343+01,gold_establishments_2025,,,,21710008000019,2025,Collectivité Territoriale,Commune,['Saône-et-Loire'],['Bourgogne-Franche-Comté'],COM,{71},{27}
95e0206f-c4cd-47ac-8060-d6748eaaa855,215100108,Commune de Angluzelles-et-Courcelles (51),false,{51010},Commune,2026-03-24 14:42:01.412377+01,gold_establishments_2025,,,,21510010800012,2025,Collectivité Territoriale,Commune,['Marne'],['Grand Est'],COM,{51},{44}
502f5ff6-77a2-46f4-ae22-d2b9b84f5b6b,218100147,Commune de Anglès (81),false,{81014},Commune,2026-03-24 14:42:09.967209+01,gold_establishments_2025,,,,21810014700014,2025,Collectivité Territoriale,Commune,['Tarn'],['Occitanie'],COM,{81},{76}
1cd86732-1829-404b-8c0c-de729c5ba9be,212400089,Commune de Angoisse (24),false,{24008},Commune,2026-03-24 14:41:55.958138+01,gold_establishments_2025,,,,21240008900018,2025,Collectivité Territoriale,Commune,['Dordogne'],['Nouvelle-Aquitaine'],COM,{24},{75}
81a01c07-8ddd-4e7c-9301-6eb5123ffab7,215400177,Commune de Angomont (54),false,{54017},Commune,2026-03-24 14:42:02.957225+01,gold_establishments_2025,,,,21540017700014,2025,Collectivité Territoriale,Commune,['Meurthe-et-Moselle'],['Grand Est'],COM,{54},{44}
85ec8dd7-62b1-4aca-977a-64a195d15b23,216500108,Commune de Angos (65),false,{65010},Commune,2026-03-24 14:42:06.665412+01,gold_establishments_2025,,,,21650010800016,2025,Collectivité Territoriale,Commune,['Hautes-Pyrénées'],['Occitanie'],COM,{65},{76}
fd0c5488-f744-401b-a20f-1c92e5a9d4ea,211700109,Commune de Angoulins (17),false,{17010},Commune,2026-03-24 14:41:54.903238+01,gold_establishments_2025,,,,21170010900013,2025,Collectivité Territoriale,Commune,['Charente-Maritime'],['Nouvelle-Aquitaine'],COM,{17},{75}
c525580b-919f-4780-8be8-9635459a5f58,211600150,Commune de Angoulême (16),false,{16015},Commune,2026-03-24 14:41:54.362296+01,gold_establishments_2025,,,,21160015000018,2025,Collectivité Territoriale,Commune,['Charente'],['Nouvelle-Aquitaine'],COM,{16},{75}
b398f4ca-cfff-4014-a5db-56602405c888,214000036,Commune de Angoumé (40),false,{40003},Commune,2026-03-24 14:41:59.705606+01,gold_establishments_2025,,,,21400003600019,2025,Collectivité Territoriale,Commune,['Landes'],['Nouvelle-Aquitaine'],COM,{40},{75}
bdc183ed-1445-488b-bb95-5bb7f9892a48,216400259,Commune de Angous (64),false,{64025},Commune,2026-03-24 14:42:06.130387+01,gold_establishments_2025,,,,21640025900018,2025,Collectivité Territoriale,Commune,['Pyrénées-Atlantiques'],['Nouvelle-Aquitaine'],COM,{64},{75}
d2e958aa-ad07-4e26-8f02-fc1207614392,216600056,Commune de Angoustrine-Villeneuve-des-Escaldes (66),false,{66005},Commune,2026-03-24 14:42:06.665412+01,gold_establishments_2025,,,,21660005600016,2025,Collectivité Territoriale,Commune,['Pyrénées-Orientales'],['Occitanie'],COM,{66},{76}
65441a02-2af4-4616-abbd-cd661546beb4,216200329,Commune de Angres (62),false,{62032},Commune,2026-03-24 14:42:05.597325+01,gold_establishments_2025,,,,21620032900011,2025,Collectivité Territoriale,Commune,['Pas-de-Calais'],['Hauts-de-France'],COM,{62},{32}
eb618f08-3427-4cad-abd8-6800382a6f62,214000044,Commune de Angresse (40),false,{40004},Commune,2026-03-24 14:41:59.705606+01,gold_establishments_2025,,,,21400004400013,2025,Collectivité Territoriale,Commune,['Landes'],['Nouvelle-Aquitaine'],COM,{40},{75}
2e8342c0-258e-4d34-8ef3-b0580660614f,214900086,Commune de Angrie (49),false,{49008},Commune,2026-03-24 14:42:01.412377+01,gold_establishments_2025,,,,21490008600015,2025,Collectivité Territoriale,Commune,['Maine-et-Loire'],['Pays de la Loire'],COM,{49},{52}
3d045927-7699-4722-9fe3-3049285ba4fc,210200176,Commune de Anguilcourt-le-Sart (02),false,{02017},Commune,2026-03-24 14:41:51.447482+01,gold_establishments_2025,,,,21020017600019,2025,Collectivité Territoriale,Commune,['Aisne'],['Hauts-de-France'],COM,{02},{32}
eaa6e166-3ad8-4223-a266-0ece61c3c1bf,216000158,Commune de Angy (60),false,{60015},Commune,2026-03-24 14:42:04.814328+01,gold_establishments_2025,,,,21600015800016,2025,Collectivité Territoriale,Commune,['Oise'],['Hauts-de-France'],COM,{60},{32}
0e7fa89c-4b91-4a24-9ed5-ce9b34ed4aea,214100026,Commune de Angé (41),false,{41002},Commune,2026-03-24 14:41:59.705606+01,gold_establishments_2025,,,,21410002600019,2025,Collectivité Territoriale,Commune,['Loir-et-Cher'],['Centre-Val de Loire'],COM,{41},{24}
1a95bf44-5096-42c0-b96f-b00d2e735ce8,216400267,Commune de Anhaux (64),false,{64026},Commune,2026-03-24 14:42:06.130387+01,gold_establishments_2025,,,,21640026700011,2025,Collectivité Territoriale,Commune,['Pyrénées-Atlantiques'],['Nouvelle-Aquitaine'],COM,{64},{75}
9eacf94f-419d-4b07-bb00-f1ff7f4948ba,215900077,Commune de Anhiers (59),false,{59007},Commune,2026-03-24 14:42:04.280096+01,gold_establishments_2025,,,,21590007700011,2025,Collectivité Territoriale,Commune,['Nord'],['Hauts-de-France'],COM,{59},{32}
1c3023fd-c111-4e75-bc9a-acce32f4cd39,213400104,Commune de Aniane (34),false,{34010},Commune,2026-03-24 14:41:58.620411+01,gold_establishments_2025,,,,21340010400013,2025,Collectivité Territoriale,Commune,['Hérault'],['Occitanie'],COM,{34},{76}
98f0a298-9ef0-418a-932c-6938677d16bd,215900085,Commune de Aniche (59),false,{59008},Commune,2026-03-24 14:42:04.280096+01,gold_establishments_2025,,,,21590008500014,2025,Collectivité Territoriale,Commune,['Nord'],['Hauts-de-France'],COM,{59},{32}
855d3f96-641b-4624-b47b-4eb49d93997d,211400155,Commune de Anisy (14),false,{14015},Commune,2026-03-24 14:41:53.63825+01,gold_establishments_2025,,,,21140015500019,2025,Collectivité Territoriale,Commune,['Calvados'],['Normandie'],COM,{14},{28}
a8c6e414-80b5-45ff-b5a6-7b768df99e5e,200084135,Commune de Anizy-le-Grand (02),false,{02018},Commune,2026-03-24 14:41:51.447482+01,gold_establishments_2025,,,,20008413500017,2025,Collectivité Territoriale,Commune,['Aisne'],['Hauts-de-France'],COM,{02},{32}
cbd59e8d-b226-48bc-8a5d-10a8d780c133,217000231,Commune de Anjeux (70),false,{70023},Commune,2026-03-24 14:42:07.735343+01,gold_establishments_2025,,,,21700023100019,2025,Collectivité Territoriale,Commune,['Haute-Saône'],['Bourgogne-Franche-Comté'],COM,{70},{27}
b9b916c5-b6bc-4fb0-9ad7-40cc713805e7,213800097,Commune de Anjou (38),false,{38009},Commune,2026-03-24 14:41:59.160244+01,gold_establishments_2025,,,,21380009700015,2025,Collectivité Territoriale,Commune,['Isère'],['Auvergne-Rhône-Alpes'],COM,{38},{84}
7b93032d-832f-46bd-807e-84cb735bfe83,213600042,Commune de Anjouin (36),false,{36004},Commune,2026-03-24 14:41:59.160244+01,gold_establishments_2025,,,,21360004200013,2025,Collectivité Territoriale,Commune,['Indre'],['Centre-Val de Loire'],COM,{36},{24}
0eb011c8-89b4-46ad-b435-18afc949e110,219000031,Commune de Anjoutey (90),false,{90003},Commune,2026-03-24 14:42:11.659493+01,gold_establishments_2025,,,,21900003100019,2025,Collectivité Territoriale,Commune,['Territoire de Belfort'],['Bourgogne-Franche-Comté'],COM,{90},{27}
4df9431d-ac7e-4fbe-8cd1-d75cfe46d5e3,216500124,Commune de Anla (65),false,{65012},Commune,2026-03-24 14:42:06.665412+01,gold_establishments_2025,,,,21650012400013,2025,Collectivité Territoriale,Commune,['Hautes-Pyrénées'],['Occitanie'],COM,{65},{76}
4e656265-4ff3-468b-8e3f-8cff2e02da7f,215800061,Commune de Anlezy (58),false,{58006},Commune,2026-03-24 14:42:04.280096+01,gold_establishments_2025,,,,21580006100016,2025,Collectivité Territoriale,Commune,['Nièvre'],['Bourgogne-Franche-Comté'],COM,{58},{27}
7fa4bf55-620e-42d9-adf7-2345295bd430,212400097,Commune de Anlhiac (24),false,{24009},Commune,2026-03-24 14:41:55.958138+01,gold_establishments_2025,,,,21240009700011,2025,Collectivité Territoriale,Commune,['Dordogne'],['Nouvelle-Aquitaine'],COM,{24},{75}
e33e9614-e5ed-4aae-b365-eb4cdf209c46,215800079,Commune de Annay (58),false,{58007},Commune,2026-03-24 14:42:04.280096+01,gold_establishments_2025,,,,21580007900018,2025,Collectivité Territoriale,Commune,['Nièvre'],['Bourgogne-Franche-Comté'],COM,{58},{27}
334be525-ca81-41f8-8499-9de26692ae70,216200337,Commune de Annay (62),false,{62033},Commune,2026-03-24 14:42:05.597325+01,gold_establishments_2025,,,,21620033700014,2025,Collectivité Territoriale,Commune,['Pas-de-Calais'],['Hauts-de-France'],COM,{62},{32}
2d2ca847-91d8-48a6-9b44-d55c402677f5,218900090,Commune de Annay-la-Côte (89),false,{89009},Commune,2026-03-24 14:42:11.118516+01,gold_establishments_2025,,,,21890009000018,2025,Collectivité Territoriale,Commune,['Yonne'],['Bourgogne-Franche-Comté'],COM,{89},{27}
aff44955-0bdd-4202-9d1d-9414ae6a8d91,218900108,Commune de Annay-sur-Serein (89),false,{89010},Commune,2026-03-24 14:42:11.118516+01,gold_establishments_2025,,,,21890010800018,2025,Collectivité Territoriale,Commune,['Yonne'],['Bourgogne-Franche-Comté'],COM,{89},{27}
39c279ee-27eb-4cfd-863f-831a08713b7d,211400163,Commune de Annebault (14),false,{14016},Commune,2026-03-24 14:41:53.63825+01,gold_establishments_2025,,,,21140016300013,2025,Collectivité Territoriale,Commune,['Calvados'],['Normandie'],COM,{14},{28}
f1e0e186-22cf-433f-a98c-00212544d44d,200063402,Commune de Annecy (74),false,{74010},Commune,2026-03-24 14:42:08.279287+01,gold_establishments_2025,,,,20006340200016,2025,Collectivité Territoriale,Commune,['Haute-Savoie'],['Auvergne-Rhône-Alpes'],COM,{74},{84}
0a4ecf86-7fb0-4a1b-a455-53aeb4bb4f66,210800124,Commune de Annelles (08),false,{08014},Commune,2026-03-24 14:41:52.562531+01,gold_establishments_2025,,,,21080012400013,2025,Collectivité Territoriale,Commune,['Ardennes'],['Grand Est'],COM,{08},{44}
87f9c301-d10b-4677-aa8a-ddc93d574052,217400126,Commune de Annemasse (74),false,{74012},Commune,2026-03-24 14:42:08.279287+01,gold_establishments_2025,,,,21740012600017,2025,Collectivité Territoriale,Commune,['Haute-Savoie'],['Auvergne-Rhône-Alpes'],COM,{74},{84}
cd67ee90-1d1a-4b3d-bb11-6ef84e3ea047,211700117,Commune de Annepont (17),false,{17011},Commune,2026-03-24 14:41:54.903238+01,gold_establishments_2025,,,,21170011700016,2025,Collectivité Territoriale,Commune,['Charente-Maritime'],['Nouvelle-Aquitaine'],COM,{17},{75}
88c5500b-0ae3-489b-ac53-767ccfc1c811,216200345,Commune de Annequin (62),false,{62034},Commune,2026-03-24 14:42:05.597325+01,gold_establishments_2025,,,,21620034500017,2025,Collectivité Territoriale,Commune,['Pas-de-Calais'],['Hauts-de-France'],COM,{62},{32}
a20c2b92-e01a-4ac3-8386-3ea62e43e0f9,212400105,Commune de Annesse-et-Beaulieu (24),false,{24010},Commune,2026-03-24 14:41:55.958138+01,gold_establishments_2025,,,,21240010500012,2025,Collectivité Territoriale,Commune,['Dordogne'],['Nouvelle-Aquitaine'],COM,{24},{75}
7fa2fa8f-8f68-4821-816e-9958644c8a5b,217700053,Commune de Annet-sur-Marne (77),false,{77005},Commune,2026-03-24 14:42:08.818969+01,gold_establishments_2025,,,,21770005300010,2025,Collectivité Territoriale,Commune,['Seine-et-Marne'],['Île-de-France'],COM,{77},{11}
3190f16d-64e3-4aed-a8c5-63016e44ff54,215900101,Commune de Anneux (59),false,{59010},Commune,2026-03-24 14:42:04.280096+01,gold_establishments_2025,,,,21590010100019,2025,Collectivité Territoriale,Commune,['Nord'],['Hauts-de-France'],COM,{59},{32}
dd5ce6a6-043d-4b8d-b6fd-a5c5fb0476a2,217600204,Commune de Anneville-Ambourville (76),false,{76020},Commune,2026-03-24 14:42:08.818969+01,gold_establishments_2025,,,,21760020400010,2025,Collectivité Territoriale,Commune,['Seine-Maritime'],['Normandie'],COM,{76},{28}
f35126d7-6d0d-4e94-a65d-873ea33a4ea6,215000134,Commune de Anneville-en-Saire (50),false,{50013},Commune,2026-03-24 14:42:01.412377+01,gold_establishments_2025,,,,21500013400019,2025,Collectivité Territoriale,Commune,['Manche'],['Normandie'],COM,{50},{28}
f611096e-b7d8-4d6a-aea3-bcd2c26ba856,217600196,Commune de Anneville-sur-Scie (76),false,{76019},Commune,2026-03-24 14:42:08.818969+01,gold_establishments_2025,,,,21760019600018,2025,Collectivité Territoriale,Commune,['Seine-Maritime'],['Normandie'],COM,{76},{28}
3659eca5-2443-481e-9784-90abb7ac86b5,212600100,Commune de Anneyron (26),false,{26010},Commune,2026-03-24 14:41:56.495197+01,gold_establishments_2025,,,,21260010000011,2025,Collectivité Territoriale,Commune,['Drôme'],['Auvergne-Rhône-Alpes'],COM,{26},{84}
a2b51d05-e32d-4f25-915c-a845d15a1809,211700125,Commune de Annezay (17),false,{17012},Commune,2026-03-24 14:41:54.903238+01,gold_establishments_2025,,,,21170012500019,2025,Collectivité Territoriale,Commune,['Charente-Maritime'],['Nouvelle-Aquitaine'],COM,{17},{75}
93ac795e-35a3-4ffd-8539-911a5e3dbc07,216200352,Commune de Annezin (62),false,{62035},Commune,2026-03-24 14:42:05.597325+01,gold_establishments_2025,,,,21620035200013,2025,Collectivité Territoriale,Commune,['Pas-de-Calais'],['Hauts-de-France'],COM,{62},{32}
04533257-6244-4462-81cb-f5ace98e83b0,213900111,Commune de Annoire (39),false,{39011},Commune,2026-03-24 14:41:59.705606+01,gold_establishments_2025,,,,21390011100013,2025,Collectivité Territoriale,Commune,['Jura'],['Bourgogne-Franche-Comté'],COM,{39},{27}
15b6a4c7-9104-4b05-a9bb-e05787a00f58,210200192,Commune de Annois (02),false,{02019},Commune,2026-03-24 14:41:51.447482+01,gold_establishments_2025,,,,21020019200016,2025,Collectivité Territoriale,Commune,['Aisne'],['Hauts-de-France'],COM,{02},{32}
fe013388-322b-4046-9fad-85f8524f5435,213800105,Commune de Annoisin-Chatelans (38),false,{38010},Commune,2026-03-24 14:41:59.160244+01,gold_establishments_2025,,,,21380010500016,2025,Collectivité Territoriale,Commune,['Isère'],['Auvergne-Rhône-Alpes'],COM,{38},{84}
bd381604-3278-47fe-89af-55aa41dc2435,211800065,Commune de Annoix (18),false,{18006},Commune,2026-03-24 14:41:54.903238+01,gold_establishments_2025,,,,21180006500016,2025,Collectivité Territoriale,Commune,['Cher'],['Centre-Val de Loire'],COM,{18},{24}
9589e8a2-100c-4bd4-af08-76e5021a6290,210700100,Commune de Annonay (07),false,{07010},Commune,2026-03-24 14:41:52.562531+01,gold_establishments_2025,,,,21070010000014,2025,Collectivité Territoriale,Commune,['Ardèche'],['Auvergne-Rhône-Alpes'],COM,{07},{84}
37837c10-1cd4-43c1-9a26-66cc22e65ba3,215200106,Commune de Annonville (52),false,{52012},Commune,2026-03-24 14:42:01.954481+01,gold_establishments_2025,,,,21520010600015,2025,Collectivité Territoriale,Commune,['Haute-Marne'],['Grand Est'],COM,{52},{44}
ff57bca6-1428-443c-af07-599e601a9f82,210400081,Commune de Annot (04),false,{04008},Commune,2026-03-24 14:41:52.020251+01,gold_establishments_2025,,,,21040008100019,2025,Collectivité Territoriale,Commune,['Alpes-de-Haute-Provence'],"[""Provence-Alpes-Côte d'Azur""]",COM,{04},{93}
6e2e9e80-2fee-4a4a-bdf5-1f0f99123cde,217600212,Commune de Annouville-Vilmesnil (76),false,{76021},Commune,2026-03-24 14:42:08.818969+01,gold_establishments_2025,,,,21760021200013,2025,Collectivité Territoriale,Commune,['Seine-Maritime'],['Normandie'],COM,{76},{28}
152cc21a-817a-4e32-94a6-22cbe7bc7600,218900124,Commune de Annoux (89),false,{89012},Commune,2026-03-24 14:42:11.118516+01,gold_establishments_2025,,,,21890012400015,2025,Collectivité Territoriale,Commune,['Yonne'],['Bourgogne-Franche-Comté'],COM,{89},{27}
be5a9434-4a29-4743-a838-8b7acc8ece8a,218900116,Commune de Annéot (89),false,{89011},Commune,2026-03-24 14:42:11.118516+01,gold_establishments_2025,,,,21890011600011,2025,Collectivité Territoriale,Commune,['Yonne'],['Bourgogne-Franche-Comté'],COM,{89},{27}
90883f8c-621e-4f3a-9538-779e671b20dd,215200098,Commune de Annéville-la-Prairie (52),false,{52011},Commune,2026-03-24 14:42:01.954481+01,gold_establishments_2025,,,,21520009800014,2025,Collectivité Territoriale,Commune,['Haute-Marne'],['Grand Est'],COM,{52},{44}
e6715b71-3a60-43ff-baa4-87b952d1bd9c,215900119,Commune de Annœullin (59),false,{59011},Commune,2026-03-24 14:42:04.280096+01,gold_establishments_2025,,,,21590011900011,2025,Collectivité Territoriale,Commune,['Nord'],['Hauts-de-France'],COM,{59},{32}
1fbab5a2-6738-4b2e-9c31-40e1c4d3137d,215900127,Commune de Anor (59),false,{59012},Commune,2026-03-24 14:42:04.280096+01,gold_establishments_2025,,,,21590012700014,2025,Collectivité Territoriale,Commune,['Nord'],['Hauts-de-France'],COM,{59},{32}
a3026bdf-5639-415f-8018-c0e06b7cc519,216400275,Commune de Anos (64),false,{64027},Commune,2026-03-24 14:42:06.130387+01,gold_establishments_2025,,,,21640027500014,2025,Collectivité Territoriale,Commune,['Pyrénées-Atlantiques'],['Nouvelle-Aquitaine'],COM,{64},{75}
aaaec500-26fc-4f05-aaf2-c5693fd9c3e7,217100098,Commune de Anost (71),false,{71009},Commune,2026-03-24 14:42:07.735343+01,gold_establishments_2025,,,,21710009800011,2025,Collectivité Territoriale,Commune,['Saône-et-Loire'],['Bourgogne-Franche-Comté'],COM,{71},{27}
d11d903f-f44f-4103-ad9d-795a5feb3375,218800092,Commune de Anould (88),false,{88009},Commune,2026-03-24 14:42:11.118516+01,gold_establishments_2025,,,,21880009200015,2025,Collectivité Territoriale,Commune,['Vosges'],['Grand Est'],COM,{88},{44}
8a7ee52d-3e65-4273-bc2c-68ac85487e8e,215400185,Commune de Anoux (54),false,{54018},Commune,2026-03-24 14:42:02.957225+01,gold_establishments_2025,,,,21540018500017,2025,Collectivité Territoriale,Commune,['Meurthe-et-Moselle'],['Grand Est'],COM,{54},{44}
9d8a6351-e99b-4122-868d-89d24d3dab20,216400283,Commune de Anoye (64),false,{64028},Commune,2026-03-24 14:42:06.130387+01,gold_establishments_2025,,,,21640028300018,2025,Collectivité Territoriale,Commune,['Pyrénées-Atlantiques'],['Nouvelle-Aquitaine'],COM,{64},{75}
69297a45-3568-49ff-8aa5-966fa09dd1e7,217600220,Commune de Anquetierville (76),false,{76022},Commune,2026-03-24 14:42:08.818969+01,gold_establishments_2025,,,,21760022000016,2025,Collectivité Territoriale,Commune,['Seine-Maritime'],['Normandie'],COM,{76},{28}
f972c4be-5552-4c74-a702-d54df19aa235,215200114,Commune de Anrosey (52),false,{52013},Commune,2026-03-24 14:42:01.954481+01,gold_establishments_2025,,,,21520011400019,2025,Collectivité Territoriale,Commune,['Haute-Marne'],['Grand Est'],COM,{52},{44}
0223f651-609f-4e03-8d43-5922948719d4,211600168,Commune de Ansac-sur-Vienne (16),false,{16016},Commune,2026-03-24 14:41:54.362296+01,gold_establishments_2025,,,,21160016800010,2025,Collectivité Territoriale,Commune,['Charente'],['Nouvelle-Aquitaine'],COM,{16},{75}
112b778f-7402-4193-b69f-fdb38b7d45cc,216000166,Commune de Ansacq (60),false,{60016},Commune,2026-03-24 14:42:04.814328+01,gold_establishments_2025,,,,21600016600019,2025,Collectivité Territoriale,Commune,['Oise'],['Hauts-de-France'],COM,{60},{32}
739a4728-61e6-410d-b783-8ed25060ef3e,213200025,Commune de Ansan (32),false,{32002},Commune,2026-03-24 14:41:58.09424+01,gold_establishments_2025,,,,21320002500012,2025,Collectivité Territoriale,Commune,['Gers'],['Occitanie'],COM,{32},{76}
b6b474ac-f28f-4e1e-b8a6-968d69358ace,215400193,Commune de Ansauville (54),false,{54019},Commune,2026-03-24 14:42:02.957225+01,gold_establishments_2025,,,,21540019300011,2025,Collectivité Territoriale,Commune,['Meurthe-et-Moselle'],['Grand Est'],COM,{54},{44}
f5fc1af2-5ba5-4e56-838f-c8a263260836,216000174,Commune de Ansauvillers (60),false,{60017},Commune,2026-03-24 14:42:04.814328+01,gold_establishments_2025,,,,21600017400013,2025,Collectivité Territoriale,Commune,['Oise'],['Hauts-de-France'],COM,{60},{32}
b5976caf-a80b-491a-9cd9-ea9a5082fb10,216900092,Commune de Anse (69),false,{69009},Commune,2026-03-24 14:42:07.195692+01,gold_establishments_2025,,,,21690009200018,2025,Collectivité Territoriale,Commune,['Rhône'],['Auvergne-Rhône-Alpes'],COM,{69},{84}
220e2b0c-810a-47a2-a9b2-6050bc69ca53,219711025,Commune de Anse-Bertrand (971),false,{97102},Commune,2026-03-24 14:42:11.659493+01,gold_establishments_2025,,,,21971102500011,2025,Collectivité Territoriale,Commune,['Guadeloupe'],['Guadeloupe'],COM,{971},{01}
39f6b482-69bc-41a6-a72e-b4cdfe645ca2,216600064,Commune de Ansignan (66),false,{66006},Commune,2026-03-24 14:42:06.665412+01,gold_establishments_2025,,,,21660006400010,2025,Collectivité Territoriale,Commune,['Pyrénées-Orientales'],['Occitanie'],COM,{66},{76}
6f48a572-eece-4686-9299-0e56e0e96351,216500132,Commune de Ansost (65),false,{65013},Commune,2026-03-24 14:42:06.665412+01,gold_establishments_2025,,,,21650013200016,2025,Collectivité Territoriale,Commune,['Hautes-Pyrénées'],['Occitanie'],COM,{65},{76}
f507273a-d762-41eb-a719-9f8ed8d9a328,218400026,Commune de Ansouis (84),false,{84002},Commune,2026-03-24 14:42:10.508772+01,gold_establishments_2025,,,,21840002600017,2025,Collectivité Territoriale,Commune,['Vaucluse'],"[""Provence-Alpes-Côte d'Azur""]",COM,{84},{93}
49290199-064b-48b1-bc38-66fea164433c,215900135,Commune de Anstaing (59),false,{59013},Commune,2026-03-24 14:42:04.280096+01,gold_establishments_2025,,,,21590013500017,2025,Collectivité Territoriale,Commune,['Nord'],['Hauts-de-France'],COM,{59},{32}
d138f6c4-d8ff-4943-8c24-4c2ad09196b5,214700106,Commune de Antagnac (47),false,{47010},Commune,2026-03-24 14:42:00.862623+01,gold_establishments_2025,,,,21470010600013,2025,Collectivité Territoriale,Commune,['Lot-et-Garonne'],['Nouvelle-Aquitaine'],COM,{47},{75}
c0640640-67d6-4a64-9c5c-a87fad8dce9a,211500079,Commune de Anterrieux (15),false,{15007},Commune,2026-03-24 14:41:54.362296+01,gold_establishments_2025,,,,21150007900010,2025,Collectivité Territoriale,Commune,['Cantal'],['Auvergne-Rhône-Alpes'],COM,{15},{84}
a842a980-e146-4fb3-af91-30749c328567,212500185,Commune de Anteuil (25),false,{25018},Commune,2026-03-24 14:41:55.958138+01,gold_establishments_2025,,,,21250018500013,2025,Collectivité Territoriale,Commune,['Doubs'],['Bourgogne-Franche-Comté'],COM,{25},{27}
52606d6c-2af3-4dc2-9fe7-10da699daeb9,211700133,Commune de Antezant-la-Chapelle (17),false,{17013},Commune,2026-03-24 14:41:54.903238+01,gold_establishments_2025,,,,21170013300013,2025,Collectivité Territoriale,Commune,['Charente-Maritime'],['Nouvelle-Aquitaine'],COM,{17},{75}
4b45d617-4112-404c-a646-900673122357,215400201,Commune de Anthelupt (54),false,{54020},Commune,2026-03-24 14:42:02.957225+01,gold_establishments_2025,,,,21540020100012,2025,Collectivité Territoriale,Commune,['Meurthe-et-Moselle'],['Grand Est'],COM,{54},{44}
199e2ef7-1c1b-493e-9391-2e017e67ffe0,215100116,Commune de Anthenay (51),false,{51012},Commune,2026-03-24 14:42:01.412377+01,gold_establishments_2025,,,,21510011600015,2025,Collectivité Territoriale,Commune,['Marne'],['Grand Est'],COM,{51},{44}
42d3b645-1bda-4c8b-8289-fe2b829c55c2,210800132,Commune de Antheny (08),false,{08015},Commune,2026-03-24 14:41:52.562531+01,gold_establishments_2025,,,,21080013200016,2025,Collectivité Territoriale,Commune,['Ardennes'],['Grand Est'],COM,{08},{44}
00cfcc36-c8cb-4d6b-b498-b5467ba34379,212100143,Commune de Antheuil (21),false,{21014},Commune,2026-03-24 14:41:55.433389+01,gold_establishments_2025,,,,21210014300016,2025,Collectivité Territoriale,Commune,"[""Côte-d'Or""]",['Bourgogne-Franche-Comté'],COM,{21},{27}
5d402838-7e54-46a3-84e1-515831bf61f3,216000190,Commune de Antheuil-Portes (60),false,{60019},Commune,2026-03-24 14:42:04.814328+01,gold_establishments_2025,,,,21600019000019,2025,Collectivité Territoriale,Commune,['Oise'],['Hauts-de-France'],COM,{60},{32}
83c601da-df86-439f-b13b-01bc9270114a,215800087,Commune de Anthien (58),false,{58008},Commune,2026-03-24 14:42:04.280096+01,gold_establishments_2025,,,,21580008700011,2025,Collectivité Territoriale,Commune,['Nièvre'],['Bourgogne-Franche-Comté'],COM,{58},{27}
5e5079c3-a84b-4a6a-9374-fb285fc5a18a,213800113,Commune de Anthon (38),false,{38011},Commune,2026-03-24 14:41:59.160244+01,gold_establishments_2025,,,,21380011300010,2025,Collectivité Territoriale,Commune,['Isère'],['Auvergne-Rhône-Alpes'],COM,{38},{84}
5795458e-e243-4918-8449-927c727003dc,217400134,Commune de Anthy-sur-Léman (74),false,{74013},Commune,2026-03-24 14:42:08.279287+01,gold_establishments_2025,,,,21740013400011,2025,Collectivité Territoriale,Commune,['Haute-Savoie'],['Auvergne-Rhône-Alpes'],COM,{74},{84}
23d27ce4-f820-42c0-986f-d48554500c8e,214700114,Commune de Anthé (47),false,{47011},Commune,2026-03-24 14:42:00.862623+01,gold_establishments_2025,,,,21470011400017,2025,Collectivité Territoriale,Commune,['Lot-et-Garonne'],['Nouvelle-Aquitaine'],COM,{47},{75}
3738a4ad-ae06-4271-a7cf-ad898d62e041,210600045,Commune de Antibes (06),false,{06004},Commune,2026-03-24 14:41:52.562531+01,gold_establishments_2025,,,,21060004500012,2025,Collectivité Territoriale,Commune,['Alpes-Maritimes'],"[""Provence-Alpes-Côte d'Azur""]",COM,{06},{93}
12c8818a-a5a5-4c32-83c3-d11aec9945b9,216500140,Commune de Antichan (65),false,{65014},Commune,2026-03-24 14:42:06.665412+01,gold_establishments_2025,,,,21650014000019,2025,Collectivité Territoriale,Commune,['Hautes-Pyrénées'],['Occitanie'],COM,{65},{76}
01e0d528-1bba-4dcf-9d1a-0b59e18aed97,213100092,Commune de Antichan-de-Frontignes (31),false,{31009},Commune,2026-03-24 14:41:57.56054+01,gold_establishments_2025,,,,21310009200013,2025,Collectivité Territoriale,Commune,['Haute-Garonne'],['Occitanie'],COM,{31},{76}
bc8e45c7-80f9-499c-9b32-cab9c8492130,211500087,Commune de Antignac (15),false,{15008},Commune,2026-03-24 14:41:54.362296+01,gold_establishments_2025,,,,21150008700013,2025,Collectivité Territoriale,Commune,['Cantal'],['Auvergne-Rhône-Alpes'],COM,{15},{84}
f3c957c0-71d4-4223-8412-299957f69f6d,213100100,Commune de Antignac (31),false,{31010},Commune,2026-03-24 14:41:57.56054+01,gold_establishments_2025,,,,21310010000014,2025,Collectivité Territoriale,Commune,['Haute-Garonne'],['Occitanie'],COM,{31},{76}
7dc9c737-3be3-40ac-beb0-0019017279a4,218500056,Commune de Antigny (85),false,{85005},Commune,2026-03-24 14:42:10.508772+01,gold_establishments_2025,,,,21850005600013,2025,Collectivité Territoriale,Commune,['Vendée'],['Pays de la Loire'],COM,{85},{52}
e1272c2b-cd56-44fa-9a9c-39bc0ad13991,218600062,Commune de Antigny (86),false,{86006},Commune,2026-03-24 14:42:10.508772+01,gold_establishments_2025,,,,21860006200010,2025,Collectivité Territoriale,Commune,['Vienne'],['Nouvelle-Aquitaine'],COM,{86},{75}
5eefa4ed-7958-4c00-a3d4-62c6f482723e,212100150,Commune de Antigny-la-Ville (21),false,{21015},Commune,2026-03-24 14:41:55.433389+01,gold_establishments_2025,,,,21210015000011,2025,Collectivité Territoriale,Commune,"[""Côte-d'Or""]",['Bourgogne-Franche-Comté'],COM,{21},{27}
4f1bcec0-115c-43be-b27a-d3060c860ecd,215700246,Commune de Antilly (57),false,{57024},Commune,2026-03-24 14:42:03.701372+01,gold_establishments_2025,,,,21570024600014,2025,Collectivité Territoriale,Commune,['Moselle'],['Grand Est'],COM,{57},{44}
89e898af-ee79-4669-bb35-262a0cda9051,216000208,Commune de Antilly (60),false,{60020},Commune,2026-03-24 14:42:04.814328+01,gold_establishments_2025,,,,21600020800019,2025,Collectivité Territoriale,Commune,['Oise'],['Hauts-de-France'],COM,{60},{32}
9dc6cb7e-4102-435f-9b49-10fdb5c46774,216500157,Commune de Antin (65),false,{65015},Commune,2026-03-24 14:42:06.665412+01,gold_establishments_2025,,,,21650015700013,2025,Collectivité Territoriale,Commune,['Hautes-Pyrénées'],['Occitanie'],COM,{65},{76}
6a646ede-ec4a-455e-98fc-980ab757c091,212000160,Commune de Antisanti (2B),false,{2B016},Commune,2026-03-24 14:41:57.56054+01,gold_establishments_2025,,,,21200016000011,2025,Collectivité Territoriale,Commune,['Haute-Corse'],['Corse'],COM,{2B},{94}
eca2e5f9-bbc4-4417-a914-4e2bb7203a44,216500165,Commune de Antist (65),false,{65016},Commune,2026-03-24 14:42:06.665412+01,gold_establishments_2025,,,,21650016500016,2025,Collectivité Territoriale,Commune,['Hautes-Pyrénées'],['Occitanie'],COM,{65},{76}
f28d72d7-0c49-4a0f-955c-1565de0795ad,213700057,Commune de Antogny-le-Tillac (37),false,{37005},Commune,2026-03-24 14:41:59.160244+01,gold_establishments_2025,,,,21370005700010,2025,Collectivité Territoriale,Commune,['Indre-et-Loire'],['Centre-Val de Loire'],COM,{37},{24}
a27bcc56-7e3f-49bc-a6b3-9f7689ac3f00,214900094,Commune de Antoigné (49),false,{49009},Commune,2026-03-24 14:42:01.412377+01,gold_establishments_2025,,,,21490009400019,2025,Collectivité Territoriale,Commune,['Maine-et-Loire'],['Pays de la Loire'],COM,{49},{52}
746409eb-951b-4d95-8511-b53093d3c546,216300053,Commune de Antoingt (63),false,{63005},Commune,2026-03-24 14:42:06.130387+01,gold_establishments_2025,,,,21630005300016,2025,Collectivité Territoriale,Commune,['Puy-de-Dôme'],['Auvergne-Rhône-Alpes'],COM,{63},{84}
7ecd30a4-38a9-46ad-949a-b2312402cedb,212400113,Commune de Antonne-et-Trigonant (24),false,{24011},Commune,2026-03-24 14:41:55.958138+01,gold_establishments_2025,,,,21240011300016,2025,Collectivité Territoriale,Commune,['Dordogne'],['Nouvelle-Aquitaine'],COM,{24},{75}
27147eba-b069-4831-bd51-95bb43035e58,219200029,Commune de Antony (92),false,{92002},Commune,2026-03-24 14:42:11.659493+01,gold_establishments_2025,,,,21920002900011,2025,Collectivité Territoriale,Commune,['Hauts-de-Seine'],['Île-de-France'],COM,{92},{11}
c4542522-a043-46a6-b82d-250f14a6c64f,218600070,Commune de Antran (86),false,{86007},Commune,2026-03-24 14:42:10.508772+01,gold_establishments_2025,,,,21860007000013,2025,Collectivité Territoriale,Commune,['Vienne'],['Nouvelle-Aquitaine'],COM,{86},{75}
bba5f8d6-87a6-491a-af22-4b2cd2b5a468,210900114,Commune de Antras (09),false,{09011},Commune,2026-03-24 14:41:53.095366+01,gold_establishments_2025,,,,21090011400013,2025,Collectivité Territoriale,Commune,['Ariège'],['Occitanie'],COM,{09},{76}
6dd812ce-4120-4fee-b711-c9cbdf249cb8,213200033,Commune de Antras (32),false,{32003},Commune,2026-03-24 14:41:58.09424+01,gold_establishments_2025,,,,21320003300016,2025,Collectivité Territoriale,Commune,['Gers'],['Occitanie'],COM,{32},{76}
e5ae0548-d98a-4d03-b9a8-26e690b7ac1f,214800054,Commune de Antrenas (48),false,{48005},Commune,2026-03-24 14:42:01.412377+01,gold_establishments_2025,,,,21480005400014,2025,Collectivité Territoriale,Commune,['Lozère'],['Occitanie'],COM,{48},{76}
3556e2ab-c1c7-45ab-bfb9-21bc76851cd2,211100102,Commune de Antugnac (11),false,{11010},Commune,2026-03-24 14:41:53.63825+01,gold_establishments_2025,,,,21110010200014,2025,Collectivité Territoriale,Commune,['Aude'],['Occitanie'],COM,{11},{76}
4eb1b863-7775-4aba-aec3-439f848cfc17,217100106,Commune de Antully (71),false,{71010},Commune,2026-03-24 14:42:07.735343+01,gold_establishments_2025,,,,21710010600012,2025,Collectivité Territoriale,Commune,['Saône-et-Loire'],['Bourgogne-Franche-Comté'],COM,{71},{27}
01296cb3-b624-4fc1-9ca7-2d726d0eb911,216200360,Commune de Anvin (62),false,{62036},Commune,2026-03-24 14:42:05.597325+01,gold_establishments_2025,,,,21620036000016,2025,Collectivité Territoriale,Commune,['Pas-de-Calais'],['Hauts-de-France'],COM,{62},{32}
0a346e2e-babc-4540-b98b-9b8417facf3f,217600238,Commune de Anvéville (76),false,{76023},Commune,2026-03-24 14:42:08.818969+01,gold_establishments_2025,,,,21760023800018,2025,Collectivité Territoriale,Commune,['Seine-Maritime'],['Normandie'],COM,{76},{28}
90543e3a-f13a-40cf-a896-8dd784d448e4,210200200,Commune de Any-Martin-Rieux (02),false,{02020},Commune,2026-03-24 14:41:51.447482+01,gold_establishments_2025,,,,21020020000017,2025,Collectivité Territoriale,Commune,['Aisne'],['Hauts-de-France'],COM,{02},{32}
3921e4d7-e8c0-48c8-b855-1c034cae3ed6,216300061,Commune de Anzat-le-Luguet (63),false,{63006},Commune,2026-03-24 14:42:06.130387+01,gold_establishments_2025,,,,21630006100019,2025,Collectivité Territoriale,Commune,['Puy-de-Dôme'],['Auvergne-Rhône-Alpes'],COM,{63},{84}
ad3bdfc2-81af-45d7-b733-28faa2629ef4,215700253,Commune de Anzeling (57),false,{57025},Commune,2026-03-24 14:42:03.701372+01,gold_establishments_2025,,,,21570025300010,2025,Collectivité Territoriale,Commune,['Moselle'],['Grand Est'],COM,{57},{44}
88347794-4737-4152-8e3a-f1313e2b28cf,214700122,Commune de Anzex (47),false,{47012},Commune,2026-03-24 14:42:00.862623+01,gold_establishments_2025,,,,21470012200010,2025,Collectivité Territoriale,Commune,['Lot-et-Garonne'],['Nouvelle-Aquitaine'],COM,{47},{75}
834f83c4-bd50-4bbe-b444-6e784987318e,215900143,Commune de Anzin (59),false,{59014},Commune,2026-03-24 14:42:04.280096+01,gold_establishments_2025,,,,21590014300011,2025,Collectivité Territoriale,Commune,['Nord'],['Hauts-de-France'],COM,{59},{32}
d6c1c926-e03a-4bf9-a23b-2cce3a5cd42e,216200378,Commune de Anzin-Saint-Aubin (62),false,{62037},Commune,2026-03-24 14:42:05.597325+01,gold_establishments_2025,,,,21620037800018,2025,Collectivité Territoriale,Commune,['Pas-de-Calais'],['Hauts-de-France'],COM,{62},{32}
6527a2dd-b8b7-4032-af5f-e3062ce32025,217100114,Commune de Anzy-le-Duc (71),false,{71011},Commune,2026-03-24 14:42:07.735343+01,gold_establishments_2025,,,,21710011400016,2025,Collectivité Territoriale,Commune,['Saône-et-Loire'],['Bourgogne-Franche-Comté'],COM,{71},{27}
59ac9f96-30b6-4561-a72e-d8716e29d302,212300404,Commune de Anzême (23),false,{23004},Commune,2026-03-24 14:41:55.958138+01,gold_establishments_2025,,,,21230040400010,2025,Collectivité Territoriale,Commune,['Creuse'],['Nouvelle-Aquitaine'],COM,{23},{75}
8fb6855c-1d57-4c81-9bcb-0c0e7c4fb875,216500090,Commune de Anères (65),false,{65009},Commune,2026-03-24 14:42:06.665412+01,gold_establishments_2025,,,,21650009000016,2025,Collectivité Territoriale,Commune,['Hautes-Pyrénées'],['Occitanie'],COM,{65},{76}
ed45d6fb-4ddc-4347-aa1e-cc492060d97d,213800121,Commune de Aoste (38),false,{38012},Commune,2026-03-24 14:41:59.160244+01,gold_establishments_2025,,,,21380012100013,2025,Collectivité Territoriale,Commune,['Isère'],['Auvergne-Rhône-Alpes'],COM,{38},{84}
976b309d-d370-4443-877a-a5db6c2d9ae4,215100124,Commune de Aougny (51),false,{51013},Commune,2026-03-24 14:42:01.412377+01,gold_establishments_2025,,,,21510012400019,2025,Collectivité Territoriale,Commune,['Marne'],['Grand Est'],COM,{51},{44}
49e432ff-b03c-4d76-a9a7-da5341d6db63,210800140,Commune de Aouste (08),false,{08016},Commune,2026-03-24 14:41:52.562531+01,gold_establishments_2025,,,,21080014000019,2025,Collectivité Territoriale,Commune,['Ardennes'],['Grand Est'],COM,{08},{44}
e8a0a051-9570-497d-ac61-0b7ccf3fa5d9,212600118,Commune de Aouste-sur-Sye (26),false,{26011},Commune,2026-03-24 14:41:56.495197+01,gold_establishments_2025,,,,21260011800013,2025,Collectivité Territoriale,Commune,['Drôme'],['Auvergne-Rhône-Alpes'],COM,{26},{84}
ac9c1013-5600-4168-b320-4925104df80c,218800100,Commune de Aouze (88),false,{88010},Commune,2026-03-24 14:42:11.118516+01,gold_establishments_2025,,,,21880010000016,2025,Collectivité Territoriale,Commune,['Vosges'],['Grand Est'],COM,{88},{44}
f3ec93b2-307d-4ada-a873-c3fa3e2a41b8,215700261,Commune de Apach (57),false,{57026},Commune,2026-03-24 14:42:03.701372+01,gold_establishments_2025,,,,21570026100013,2025,Collectivité Territoriale,Commune,['Moselle'],['Grand Est'],COM,{57},{44}
cdd8492d-85d7-4fb7-8fe1-7743d49abdc0,219733607,Commune de Apatou (973),false,{97360},Commune,2026-03-24 14:42:11.659493+01,gold_establishments_2025,,,,21973360700010,2025,Collectivité Territoriale,Commune,['Guyane'],['Guyane'],COM,{973},{03}
81e1f158-eae8-4f8f-ad0e-250cf7d4a70c,216300079,Commune de Apchat (63),false,{63007},Commune,2026-03-24 14:42:06.130387+01,gold_establishments_2025,,,,21630007900011,2025,Collectivité Territoriale,Commune,['Puy-de-Dôme'],['Auvergne-Rhône-Alpes'],COM,{63},{84}
0572fb48-8bbe-472d-994a-8f83a035f461,211500095,Commune de Apchon (15),false,{15009},Commune,2026-03-24 14:41:54.362296+01,gold_establishments_2025,,,,21150009500016,2025,Collectivité Territoriale,Commune,['Cantal'],['Auvergne-Rhône-Alpes'],COM,{15},{84}
38cb07a4-987d-4bb8-b9dc-0cfd38b7cddc,214200065,Commune de Apinac (42),false,{42006},Commune,2026-03-24 14:42:00.273698+01,gold_establishments_2025,,,,21420006500016,2025,Collectivité Territoriale,Commune,['Loire'],['Auvergne-Rhône-Alpes'],COM,{42},{84}
aadf4342-9468-4ce3-a1d7-2ebabd2446de,218100154,Commune de Appelle (81),false,{81015},Commune,2026-03-24 14:42:09.967209+01,gold_establishments_2025,,,,21810015400010,2025,Collectivité Territoriale,Commune,['Tarn'],['Occitanie'],COM,{81},{76}
84dc1e51-fe9d-4466-9781-c36f064c72e9,216100057,Commune de Appenai-sous-Bellême (61),false,{61005},Commune,2026-03-24 14:42:04.814328+01,gold_establishments_2025,,,,21610005700019,2025,Collectivité Territoriale,Commune,['Orne'],['Normandie'],COM,{61},{28}
7f6fa5c4-f0dd-4fa4-bff9-c22edec62d45,212500193,Commune de Appenans (25),false,{25019},Commune,2026-03-24 14:41:55.958138+01,gold_establishments_2025,,,,21250019300017,2025,Collectivité Territoriale,Commune,['Doubs'],['Bourgogne-Franche-Comté'],COM,{25},{27}
20324f81-701c-4652-ac10-937da2f0f8a2,216800086,Commune de Appenwihr (68),false,{68008},Commune,2026-03-24 14:42:07.195692+01,gold_establishments_2025,,,,21680008600011,2025,Collectivité Territoriale,Commune,['Haut-Rhin'],['Grand Est'],COM,{68},{44}
a16a8db1-8352-4053-86cf-8d5509e73b77,215000167,Commune de Appeville (50),false,{50016},Commune,2026-03-24 14:42:01.412377+01,gold_establishments_2025,,,,21500016700019,2025,Collectivité Territoriale,Commune,['Manche'],['Normandie'],COM,{50},{28}
3589cbb0-c4cd-4a77-9341-7a2ba4479267,212700181,Commune de Appeville-Annebault (27),false,{27018},Commune,2026-03-24 14:41:56.495197+01,gold_establishments_2025,,,,21270018100010,2025,Collectivité Territoriale,Commune,['Eure'],['Normandie'],COM,{27},{28}
2f8d4d1c-aad2-4b36-a7d4-334bbeb2dcd9,212000178,Commune de Appietto (2A),false,{2A017},Commune,2026-03-24 14:41:57.56054+01,gold_establishments_2025,,,,21200017800013,2025,Collectivité Territoriale,Commune,['Corse-du-Sud'],['Corse'],COM,{2A},{94}
127a2d39-f377-4cb7-a737-b84183d9a464,216000216,Commune de Appilly (60),false,{60021},Commune,2026-03-24 14:42:04.814328+01,gold_establishments_2025,,,,21600021600012,2025,Collectivité Territoriale,Commune,['Oise'],['Hauts-de-France'],COM,{60},{32}
568a6e6d-594b-432f-9115-453278d8f27c,218900132,Commune de Appoigny (89),false,{89013},Commune,2026-03-24 14:42:11.118516+01,gold_establishments_2025,,,,21890013200018,2025,Collectivité Territoriale,Commune,['Yonne'],['Bourgogne-Franche-Comté'],COM,{89},{27}
3c9a9991-8ad1-4d65-b9a9-8c71ad9d8ad7,213800139,Commune de Apprieu (38),false,{38013},Commune,2026-03-24 14:41:59.160244+01,gold_establishments_2025,,,,21380013900015,2025,Collectivité Territoriale,Commune,['Isère'],['Auvergne-Rhône-Alpes'],COM,{38},{84}
f34e7073-5353-4684-8bfc-d8bf18b72d7f,210900122,Commune de Appy (09),false,{09012},Commune,2026-03-24 14:41:53.095366+01,gold_establishments_2025,,,,21090012200016,2025,Collectivité Territoriale,Commune,['Ariège'],['Occitanie'],COM,{09},{76}
fa294bf4-7244-46c5-b623-c3692bc36000,210100111,Commune de Apremont (01),false,{01011},Commune,2026-03-24 14:41:51.447482+01,gold_establishments_2025,,,,21010011100017,2025,Collectivité Territoriale,Commune,['Ain'],['Auvergne-Rhône-Alpes'],COM,{01},{84}
99b4e56e-4d70-4801-9a28-892ca0cd384f,210800157,Commune de Apremont (08),false,{08017},Commune,2026-03-24 14:41:52.562531+01,gold_establishments_2025,,,,21080015700013,2025,Collectivité Territoriale,Commune,['Ardennes'],['Grand Est'],COM,{08},{44}
e581d937-bc5e-428c-9546-79cb619e407c,216000224,Commune de Apremont (60),false,{60022},Commune,2026-03-24 14:42:04.814328+01,gold_establishments_2025,,,,21600022400016,2025,Collectivité Territoriale,Commune,['Oise'],['Hauts-de-France'],COM,{60},{32}
2cb5bf47-5b38-4082-a946-2e1e2a712e4e,217000249,Commune de Apremont (70),false,{70024},Commune,2026-03-24 14:42:07.735343+01,gold_establishments_2025,,,,21700024900011,2025,Collectivité Territoriale,Commune,['Haute-Saône'],['Bourgogne-Franche-Comté'],COM,{70},{27}
0c195116-6f04-4d61-bc68-18d53842ec47,217300177,Commune de Apremont (73),false,{73017},Commune,2026-03-24 14:42:08.279287+01,gold_establishments_2025,,,,21730017700011,2025,Collectivité Territoriale,Commune,['Savoie'],['Auvergne-Rhône-Alpes'],COM,{73},{84}
18cbb941-6d78-4a7c-bfc8-1aa883fac2ec,218500064,Commune de Apremont (85),false,{85006},Commune,2026-03-24 14:42:10.508772+01,gold_establishments_2025,,,,21850006400066,2025,Collectivité Territoriale,Commune,['Vendée'],['Pays de la Loire'],COM,{85},{52}
712418bc-304e-43dd-8b75-fac48ec0b7ac,215500125,Commune de Apremont-la-Forêt (55),false,{55012},Commune,2026-03-24 14:42:02.957225+01,gold_establishments_2025,,,,21550012500012,2025,Collectivité Territoriale,Commune,['Meuse'],['Grand Est'],COM,{55},{44}
ff27d277-e90d-440c-ba3f-b8cffc1da975,211800073,Commune de Apremont-sur-Allier (18),false,{18007},Commune,2026-03-24 14:41:54.903238+01,gold_establishments_2025,,,,21180007300010,2025,Collectivité Territoriale,Commune,['Cher'],['Centre-Val de Loire'],COM,{18},{24}
507c7a9a-5509-4917-8ea2-2dc2823f291f,215200122,Commune de Aprey (52),false,{52014},Commune,2026-03-24 14:42:01.954481+01,gold_establishments_2025,,,,21520012200012,2025,Collectivité Territoriale,Commune,['Haute-Marne'],['Grand Est'],COM,{52},{44}
3f0d7dd3-93c1-496e-974f-f93099c045cf,218400034,Commune de Apt (84),false,{84003},Commune,2026-03-24 14:42:10.508772+01,gold_establishments_2025,,,,21840003400011,2025,Collectivité Territoriale,Commune,['Vaucluse'],"[""Provence-Alpes-Côte d'Azur""]",COM,{84},{93}
ada53704-d181-4114-99c4-2a97217e9e49,210900130,Commune de Arabaux (09),false,{09013},Commune,2026-03-24 14:41:53.095366+01,gold_establishments_2025,,,,21090013000019,2025,Collectivité Territoriale,Commune,['Ariège'],['Occitanie'],COM,{09},{76}
c3479a70-7b88-40f8-b9c8-9185c45a03ae,216500173,Commune de Aragnouet (65),false,{65017},Commune,2026-03-24 14:42:06.665412+01,gold_establishments_2025,,,,21650017300010,2025,Collectivité Territoriale,Commune,['Hautes-Pyrénées'],['Occitanie'],COM,{65},{76}
26361b6f-858b-4dc6-9f9d-a2a5f92da420,211100110,Commune de Aragon (11),false,{11011},Commune,2026-03-24 14:41:53.63825+01,gold_establishments_2025,,,,21110011000017,2025,Collectivité Territoriale,Commune,['Aude'],['Occitanie'],COM,{11},{76}
428e02bc-5584-4e6e-a979-b71a08beb5ba,216400291,Commune de Aramits (64),false,{64029},Commune,2026-03-24 14:42:06.130387+01,gold_establishments_2025,,,,21640029100011,2025,Collectivité Territoriale,Commune,['Pyrénées-Atlantiques'],['Nouvelle-Aquitaine'],COM,{64},{75}
c3c6dac4-8109-4ab8-8eb8-c10ed77ba6cf,213000128,Commune de Aramon (30),false,{30012},Commune,2026-03-24 14:41:57.56054+01,gold_establishments_2025,,,,21300012800016,2025,Collectivité Territoriale,Commune,['Gard'],['Occitanie'],COM,{30},{76}
b7e9c695-060a-4d0c-821a-8745ca476d2e,210100129,Commune de Aranc (01),false,{01012},Commune,2026-03-24 14:41:51.447482+01,gold_establishments_2025,,,,21010012900019,2025,Collectivité Territoriale,Commune,['Ain'],['Auvergne-Rhône-Alpes'],COM,{01},{84}
4d97836d-f1aa-44fc-91e5-29f42162f58d,216405878,Commune de Arancou (64),false,{64031},Commune,2026-03-24 14:42:06.130387+01,gold_establishments_2025,,,,21640587800010,2025,Collectivité Territoriale,Commune,['Pyrénées-Atlantiques'],['Nouvelle-Aquitaine'],COM,{64},{75}
710e78d9-cde5-49a5-a2df-306b1fb395da,210100137,Commune de Arandas (01),false,{01013},Commune,2026-03-24 14:41:51.447482+01,gold_establishments_2025,,,,21010013700012,2025,Collectivité Territoriale,Commune,['Ain'],['Auvergne-Rhône-Alpes'],COM,{01},{84}
56253b04-a5bc-4852-b087-df272bdc73a2,200063964,Commune de Arandon-Passins (38),false,{38297},Commune,2026-03-24 14:41:59.160244+01,gold_establishments_2025,,,,20006396400015,2025,Collectivité Territoriale,Commune,['Isère'],['Auvergne-Rhône-Alpes'],COM,{38},{84}
7495aa0d-4642-4c1b-9ace-db01215b59ec,216400325,Commune de Araujuzon (64),false,{64032},Commune,2026-03-24 14:42:06.130387+01,gold_establishments_2025,,,,21640032500017,2025,Collectivité Territoriale,Commune,['Pyrénées-Atlantiques'],['Nouvelle-Aquitaine'],COM,{64},{75}
220292ee-8196-4503-99ca-c89555b0a18e,214300071,Commune de Araules (43),false,{43007},Commune,2026-03-24 14:42:00.273698+01,gold_establishments_2025,,,,21430007100013,2025,Collectivité Territoriale,Commune,['Haute-Loire'],['Auvergne-Rhône-Alpes'],COM,{43},{84}
dc39b6e6-cb79-43ba-944b-9c3a089364fe,216400333,Commune de Araux (64),false,{64033},Commune,2026-03-24 14:42:06.130387+01,gold_establishments_2025,,,,21640033300011,2025,Collectivité Territoriale,Commune,['Pyrénées-Atlantiques'],['Nouvelle-Aquitaine'],COM,{64},{75}
994b5324-28b7-4068-b356-cbb9e9d7adbb,213300072,Commune de Arbanats (33),false,{33007},Commune,2026-03-24 14:41:58.09424+01,gold_establishments_2025,,,,21330007200013,2025,Collectivité Territoriale,Commune,['Gironde'],['Nouvelle-Aquitaine'],COM,{33},{75}
f13a4065-1a64-476b-b1dd-13ec3f6b0f28,213100118,Commune de Arbas (31),false,{31011},Commune,2026-03-24 14:41:57.56054+01,gold_establishments_2025,,,,21310011800016,2025,Collectivité Territoriale,Commune,['Haute-Garonne'],['Occitanie'],COM,{31},{76}
a15fed8d-782e-4e7d-81b9-4dea0ac2441b,217000256,Commune de Arbecey (70),false,{70025},Commune,2026-03-24 14:42:07.735343+01,gold_establishments_2025,,,,21700025600016,2025,Collectivité Territoriale,Commune,['Haute-Saône'],['Bourgogne-Franche-Comté'],COM,{70},{27}
3cc364dd-5228-4e30-93d2-8700602f8281,212000186,Commune de Arbellara (2A),false,{2A018},Commune,2026-03-24 14:41:57.56054+01,gold_establishments_2025,,,,21200018600016,2025,Collectivité Territoriale,Commune,['Corse-du-Sud'],['Corse'],COM,{2A},{94}
da8262f8-484f-4caa-84bf-428eb086b165,210100145,Commune de Arbent (01),false,{01014},Commune,2026-03-24 14:41:51.447482+01,gold_establishments_2025,,,,21010014500015,2025,Collectivité Territoriale,Commune,['Ain'],['Auvergne-Rhône-Alpes'],COM,{01},{84}
947a16cb-636d-46e0-b252-6770dd7a4ea6,210100160,Commune de Arbigny (01),false,{01016},Commune,2026-03-24 14:41:51.447482+01,gold_establishments_2025,,,,21010016000014,2025,Collectivité Territoriale,Commune,['Ain'],['Auvergne-Rhône-Alpes'],COM,{01},{84}
81da2281-5e34-46bc-a0d3-ceae5b68b674,215200130,Commune de Arbigny-sous-Varennes (52),false,{52015},Commune,2026-03-24 14:42:01.954481+01,gold_establishments_2025,,,,21520013000049,2025,Collectivité Territoriale,Commune,['Haute-Marne'],['Grand Est'],COM,{52},{44}
b376af90-c419-45a9-8387-30e8c21fb5f7,217300185,Commune de Arbin (73),false,{73018},Commune,2026-03-24 14:42:08.279287+01,gold_establishments_2025,,,,21730018500014,2025,Collectivité Territoriale,Commune,['Savoie'],['Auvergne-Rhône-Alpes'],COM,{73},{84}
c2f8a974-f00d-4e1a-8278-99ed3a714859,213200041,Commune de Arblade-le-Bas (32),false,{32004},Commune,2026-03-24 14:41:58.09424+01,gold_establishments_2025,,,,21320004100019,2025,Collectivité Territoriale,Commune,['Gers'],['Occitanie'],COM,{32},{76}
c288359c-0fdf-440e-8007-0cd823b7431b,213200058,Commune de Arblade-le-Haut (32),false,{32005},Commune,2026-03-24 14:41:58.09424+01,gold_establishments_2025,,,,21320005800013,2025,Collectivité Territoriale,Commune,['Gers'],['Occitanie'],COM,{32},{76}
ad723653-88cb-4c96-8366-836505831e3a,213900137,Commune de Arbois (39),false,{39013},Commune,2026-03-24 14:41:59.705606+01,gold_establishments_2025,,,,21390013700018,2025,Collectivité Territoriale,Commune,['Jura'],['Bourgogne-Franche-Comté'],COM,{39},{27}
5038bb97-0db2-4004-87b8-02718c68e960,213100126,Commune de Arbon (31),false,{31012},Commune,2026-03-24 14:41:57.56054+01,gold_establishments_2025,,,,21310012600019,2025,Collectivité Territoriale,Commune,['Haute-Garonne'],['Occitanie'],COM,{31},{76}
e6c12a48-f6fa-4bc7-83ae-3e57ecda8c20,216400358,Commune de Arbonne (64),false,{64035},Commune,2026-03-24 14:42:06.130387+01,gold_establishments_2025,,,,21640035800018,2025,Collectivité Territoriale,Commune,['Pyrénées-Atlantiques'],['Nouvelle-Aquitaine'],COM,{64},{75}
2e8a594a-4bf4-4e23-b778-1bacab4a6833,217700061,Commune de Arbonne-la-Forêt (77),false,{77006},Commune,2026-03-24 14:42:08.818969+01,gold_establishments_2025,,,,21770006100013,2025,Collectivité Territoriale,Commune,['Seine-et-Marne'],['Île-de-France'],COM,{77},{11}
9c927552-b8dd-42f0-81e2-fd3ffc05381c,213400112,Commune de Arboras (34),false,{34011},Commune,2026-03-24 14:41:58.620411+01,gold_establishments_2025,,,,21340011200016,2025,Collectivité Territoriale,Commune,['Hérault'],['Occitanie'],COM,{34},{76}
4c04bf7a-6b29-4af5-8edc-a79025928415,212000194,Commune de Arbori (2A),false,{2A019},Commune,2026-03-24 14:41:57.56054+01,gold_establishments_2025,,,,21200019400010,2025,Collectivité Territoriale,Commune,['Corse-du-Sud'],['Corse'],COM,{2A},{94}
826946f1-70d6-4155-82b1-01c9ef629f05,215204140,Commune de Arbot (52),false,{52016},Commune,2026-03-24 14:42:01.954481+01,gold_establishments_2025,,,,21520414000010,2025,Collectivité Territoriale,Commune,['Haute-Marne'],['Grand Est'],COM,{52},{44}
323698fc-a128-4eaa-8720-72cc9449270b,212500201,Commune de Arbouans (25),false,{25020},Commune,2026-03-24 14:41:55.958138+01,gold_establishments_2025,,,,21250020100042,2025,Collectivité Territoriale,Commune,['Doubs'],['Bourgogne-Franche-Comté'],COM,{25},{27}
5bd1db28-c5be-4b24-809c-faca6514b2d4,214000051,Commune de Arboucave (40),false,{40005},Commune,2026-03-24 14:41:59.705606+01,gold_establishments_2025,,,,21400005100018,2025,Collectivité Territoriale,Commune,['Landes'],['Nouvelle-Aquitaine'],COM,{40},{75}
0f4b54fe-6d6f-4d24-8f47-4621363edbcd,216400366,Commune de Arbouet-Sussaute (64),false,{64036},Commune,2026-03-24 14:42:06.130387+01,gold_establishments_2025,,,,21640036600011,2025,Collectivité Territoriale,Commune,['Pyrénées-Atlantiques'],['Nouvelle-Aquitaine'],COM,{64},{75}
f64a8712-0908-4ba7-b927-f49a3fe66155,215800095,Commune de Arbourse (58),false,{58009},Commune,2026-03-24 14:42:04.280096+01,gold_establishments_2025,,,,21580009500014,2025,Collectivité Territoriale,Commune,['Nièvre'],['Bourgogne-Franche-Comté'],COM,{58},{27}
2e71a5a4-bd57-4d0d-b646-e3c2d9528948,216600072,Commune de Arboussols (66),false,{66007},Commune,2026-03-24 14:42:06.665412+01,gold_establishments_2025,,,,21660007200013,2025,Collectivité Territoriale,Commune,['Pyrénées-Orientales'],['Occitanie'],COM,{66},{76}
8ecdccc1-1152-499e-bfbd-31b804b941e9,200053668,Commune de Arboys en Bugey (01),false,{01015},Commune,2026-03-24 14:41:51.447482+01,gold_establishments_2025,,,,20005366800014,2025,Collectivité Territoriale,Commune,['Ain'],['Auvergne-Rhône-Alpes'],COM,{01},{84}
f12f91f9-6e83-4fab-aa90-736bbacc45a8,213500051,Commune de Arbrissel (35),false,{35005},Commune,2026-03-24 14:41:58.620411+01,gold_establishments_2025,,,,21350005100015,2025,Collectivité Territoriale,Commune,['Ille-et-Vilaine'],['Bretagne'],COM,{35},{53}
9a468fa4-f970-4b61-bee3-e29bf5b9802c,216400374,Commune de Arbus (64),false,{64037},Commune,2026-03-24 14:42:06.130387+01,gold_establishments_2025,,,,21640037400015,2025,Collectivité Territoriale,Commune,['Pyrénées-Atlantiques'],['Nouvelle-Aquitaine'],COM,{64},{75}
34cd85d2-64f9-4c27-8ffc-b2bf52d1e1e3,217400159,Commune de Arbusigny (74),false,{74015},Commune,2026-03-24 14:42:08.279287+01,gold_establishments_2025,,,,21740015900018,2025,Collectivité Territoriale,Commune,['Haute-Savoie'],['Auvergne-Rhône-Alpes'],COM,{74},{84}
36403451-5493-4dc6-899a-f173c66497ff,216500181,Commune de Arbéost (65),false,{65018},Commune,2026-03-24 14:42:06.665412+01,gold_establishments_2025,,,,21650018100013,2025,Collectivité Territoriale,Commune,['Hautes-Pyrénées'],['Occitanie'],COM,{65},{76}
0b2b0fdb-ba39-4a10-a714-8cc672c902f5,216400341,Commune de Arbérats-Sillègue (64),false,{64034},Commune,2026-03-24 14:42:06.130387+01,gold_establishments_2025,,,,21640034100014,2025,Collectivité Territoriale,Commune,['Pyrénées-Atlantiques'],['Nouvelle-Aquitaine'],COM,{64},{75}
7ec35b35-0356-4fef-afec-f9052cc530b5,215200148,Commune de Arc-en-Barrois (52),false,{52017},Commune,2026-03-24 14:42:01.954481+01,gold_establishments_2025,,,,21520014800017,2025,Collectivité Territoriale,Commune,['Haute-Marne'],['Grand Est'],COM,{52},{44}
b0d3c3e0-d2a0-427e-acbf-6f48218e5a69,212500219,Commune de Arc-et-Senans (25),false,{25021},Commune,2026-03-24 14:41:55.958138+01,gold_establishments_2025,,,,21250021900010,2025,Collectivité Territoriale,Commune,['Doubs'],['Bourgogne-Franche-Comté'],COM,{25},{27}
125735d8-9e5a-48a3-b5f6-c947e4a00787,217000264,Commune de Arc-lès-Gray (70),false,{70026},Commune,2026-03-24 14:42:07.735343+01,gold_establishments_2025,,,,21700026400010,2025,Collectivité Territoriale,Commune,['Haute-Saône'],['Bourgogne-Franche-Comté'],COM,{70},{27}
04a2560a-da17-4c73-9b9c-27275c225f5e,212500250,Commune de Arc-sous-Cicon (25),false,{25025},Commune,2026-03-24 14:41:55.958138+01,gold_establishments_2025,,,,21250025000015,2025,Collectivité Territoriale,Commune,['Doubs'],['Bourgogne-Franche-Comté'],COM,{25},{27}
0e033ff5-6c37-4870-a15c-d9384ff120ba,212500268,Commune de Arc-sous-Montenot (25),false,{25026},Commune,2026-03-24 14:41:55.958138+01,gold_establishments_2025,,,,21250026800017,2025,Collectivité Territoriale,Commune,['Doubs'],['Bourgogne-Franche-Comté'],COM,{25},{27}
fbb13b0c-8184-41c8-8749-0cead0b12d2f,212100218,Commune de Arc-sur-Tille (21),false,{21021},Commune,2026-03-24 14:41:55.433389+01,gold_establishments_2025,,,,21210021800016,2025,Collectivité Territoriale,Commune,"[""Côte-d'Or""]",['Bourgogne-Franche-Comté'],COM,{21},{27}
4ea4a2e4-247f-441d-9a16-7e7118a65de2,213300098,Commune de Arcachon (33),false,{33009},Commune,2026-03-24 14:41:58.09424+01,gold_establishments_2025,,,,21330009800018,2025,Collectivité Territoriale,Commune,['Gironde'],['Nouvelle-Aquitaine'],COM,{33},{75}
9bd35094-7ccb-4bba-a94c-f730df138ed6,214600074,Commune de Arcambal (46),false,{46007},Commune,2026-03-24 14:42:00.862623+01,gold_establishments_2025,,,,21460007400014,2025,Collectivité Territoriale,Commune,['Lot'],['Occitanie'],COM,{46},{76}
81540413-6a79-4a68-b438-b1ab1adf07ad,216400382,Commune de Arcangues (64),false,{64038},Commune,2026-03-24 14:42:06.130387+01,gold_establishments_2025,,,,21640038200018,2025,Collectivité Territoriale,Commune,['Pyrénées-Atlantiques'],['Nouvelle-Aquitaine'],COM,{64},{75}
e845a97c-bcc8-4b42-8a9c-b584d062bdd0,212100168,Commune de Arceau (21),false,{21016},Commune,2026-03-24 14:41:55.433389+01,gold_establishments_2025,,,,21210016800104,2025,Collectivité Territoriale,Commune,"[""Côte-d'Or""]",['Bourgogne-Franche-Comté'],COM,{21},{27}
c012d3f3-e038-4074-b723-0ccaf2fcf27b,212100176,Commune de Arcenant (21),false,{21017},Commune,2026-03-24 14:41:55.433389+01,gold_establishments_2025,,,,21210017600016,2025,Collectivité Territoriale,Commune,"[""Côte-d'Or""]",['Bourgogne-Franche-Comté'],COM,{21},{27}
eb845803-4820-48e0-aa16-66e1ea5c54a7,210700126,Commune de Arcens (07),false,{07012},Commune,2026-03-24 14:41:52.562531+01,gold_establishments_2025,,,,21070012600019,2025,Collectivité Territoriale,Commune,['Ardèche'],['Auvergne-Rhône-Alpes'],COM,{07},{84}
24d0f08e-8d44-4be9-9155-51b4df4db642,211700158,Commune de Arces (17),false,{17015},Commune,2026-03-24 14:41:54.903238+01,gold_establishments_2025,,,,21170015800010,2025,Collectivité Territoriale,Commune,['Charente-Maritime'],['Nouvelle-Aquitaine'],COM,{17},{75}
11ca2564-a5bd-426c-ad33-a75207c01f78,218900140,Commune de Arces-Dilo (89),false,{89014},Commune,2026-03-24 14:42:11.118516+01,gold_establishments_2025,,,,21890014000011,2025,Collectivité Territoriale,Commune,['Yonne'],['Bourgogne-Franche-Comté'],COM,{89},{27}
9d461757-3558-4fdb-b3fe-aca32b63b0e9,212100184,Commune de Arcey (21),false,{21018},Commune,2026-03-24 14:41:55.433389+01,gold_establishments_2025,,,,21210018400010,2025,Collectivité Territoriale,Commune,"[""Côte-d'Or""]",['Bourgogne-Franche-Comté'],COM,{21},{27}
7b57e965-3e8c-4d64-8d0c-d517853de5e2,212500227,Commune de Arcey (25),false,{25022},Commune,2026-03-24 14:41:55.958138+01,gold_establishments_2025,,,,21250022700088,2025,Collectivité Territoriale,Commune,['Doubs'],['Bourgogne-Franche-Comté'],COM,{25},{27}
8248e7b9-32ee-48a1-ab7c-4c87b5a5534f,210400099,Commune de Archail (04),false,{04009},Commune,2026-03-24 14:41:52.020251+01,gold_establishments_2025,,,,21040009900011,2025,Collectivité Territoriale,Commune,['Alpes-de-Haute-Provence'],"[""Provence-Alpes-Côte d'Azur""]",COM,{04},{93}
93072355-41f7-47c9-9a8e-18d7a8bc2888,217400167,Commune de Archamps (74),false,{74016},Commune,2026-03-24 14:42:08.279287+01,gold_establishments_2025,,,,21740016700011,2025,Collectivité Territoriale,Commune,['Haute-Savoie'],['Auvergne-Rhône-Alpes'],COM,{74},{84}
8cf9ab27-5746-40a0-a25e-10ce81b200eb,213900145,Commune de Archelange (39),false,{39014},Commune,2026-03-24 14:41:59.705606+01,gold_establishments_2025,,,,21390014500011,2025,Collectivité Territoriale,Commune,['Jura'],['Bourgogne-Franche-Comté'],COM,{39},{27}
d751f072-8687-4940-940f-7dea1e89015c,211500103,Commune de Arches (15),false,{15010},Commune,2026-03-24 14:41:54.362296+01,gold_establishments_2025,,,,21150010300018,2025,Collectivité Territoriale,Commune,['Cantal'],['Auvergne-Rhône-Alpes'],COM,{15},{84}
1921b7b4-0938-426b-852a-5bfaa47ec227,218800118,Commune de Arches (88),false,{88011},Commune,2026-03-24 14:42:11.118516+01,gold_establishments_2025,,,,21880011800018,2025,Collectivité Territoriale,Commune,['Vosges'],['Grand Est'],COM,{88},{44}
7024b401-21fd-435e-8633-621173a13827,218800126,Commune de Archettes (88),false,{88012},Commune,2026-03-24 14:42:11.118516+01,gold_establishments_2025,,,,21880012600011,2025,Collectivité Territoriale,Commune,['Vosges'],['Grand Est'],COM,{88},{44}
5a6bd3a8-43a5-489e-8c8c-ce60194ee8da,211700166,Commune de Archiac (17),false,{17016},Commune,2026-03-24 14:41:54.903238+01,gold_establishments_2025,,,,21170016600013,2025,Collectivité Territoriale,Commune,['Charente-Maritime'],['Nouvelle-Aquitaine'],COM,{17},{75}
3be8a328-33d2-4996-b638-f2c41bef4b5d,212400121,Commune de Archignac (24),false,{24012},Commune,2026-03-24 14:41:55.958138+01,gold_establishments_2025,,,,21240012100019,2025,Collectivité Territoriale,Commune,['Dordogne'],['Nouvelle-Aquitaine'],COM,{24},{75}
6f961c7d-2da3-4277-b91a-84ffa84f4e5f,210300059,Commune de Archignat (03),false,{03005},Commune,2026-03-24 14:41:52.020251+01,gold_establishments_2025,,,,21030005900016,2025,Collectivité Territoriale,Commune,['Allier'],['Auvergne-Rhône-Alpes'],COM,{03},{84}
a2ee5ef6-c973-4beb-b865-1ec5a6eed834,218600096,Commune de Archigny (86),false,{86009},Commune,2026-03-24 14:42:10.508772+01,gold_establishments_2025,,,,21860009600018,2025,Collectivité Territoriale,Commune,['Vienne'],['Nouvelle-Aquitaine'],COM,{86},{75}
e5844926-d2bc-4728-b77c-cccdc5da4ec9,211700174,Commune de Archingeay (17),false,{17017},Commune,2026-03-24 14:41:54.903238+01,gold_establishments_2025,,,,21170017400017,2025,Collectivité Territoriale,Commune,['Charente-Maritime'],['Nouvelle-Aquitaine'],COM,{17},{75}
9bb8c250-95de-472a-8d32-b220f071b4f1,210200218,Commune de Archon (02),false,{02021},Commune,2026-03-24 14:41:51.447482+01,gold_establishments_2025,,,,21020021800019,2025,Collectivité Territoriale,Commune,['Aisne'],['Hauts-de-France'],COM,{02},{32}
811f24b5-ae89-45e6-8d69-60ea30ad4eff,214200073,Commune de Arcinges (42),false,{42007},Commune,2026-03-24 14:42:00.273698+01,gold_establishments_2025,,,,21420007300010,2025,Collectivité Territoriale,Commune,['Loire'],['Auvergne-Rhône-Alpes'],COM,{42},{84}
bb8f6830-b68b-4a68-8a70-1227e92bfcce,213300106,Commune de Arcins (33),false,{33010},Commune,2026-03-24 14:41:58.09424+01,gold_establishments_2025,,,,21330010600019,2025,Collectivité Territoriale,Commune,['Gironde'],['Nouvelle-Aquitaine'],COM,{33},{75}
0b671f12-04fc-4b73-882b-2fbdc96e601e,215100132,Commune de Arcis-le-Ponsart (51),false,{51014},Commune,2026-03-24 14:42:01.412377+01,gold_establishments_2025,,,,21510013200012,2025,Collectivité Territoriale,Commune,['Marne'],['Grand Est'],COM,{51},{44}
b93e9f75-f5dd-4e15-858e-793883a1cf32,211000054,Commune de Arcis-sur-Aube (10),false,{10006},Commune,2026-03-24 14:41:53.095366+01,gold_establishments_2025,,,,21100005400018,2025,Collectivité Territoriale,Commune,['Aube'],['Grand Est'],COM,{10},{44}
1b7a20d2-74ea-4f9f-b478-ae124610edd6,200084531,Commune de Arcisses (28),false,{28236},Commune,2026-03-24 14:41:57.028721+01,gold_establishments_2025,,,,20008453100017,2025,Collectivité Territoriale,Commune,['Eure-et-Loir'],['Centre-Val de Loire'],COM,{28},{24}
8dc8d48c-3a2e-43c3-91c3-d879dbfa5224,216500199,Commune de Arcizac-Adour (65),false,{65019},Commune,2026-03-24 14:42:06.665412+01,gold_establishments_2025,,,,21650019900015,2025,Collectivité Territoriale,Commune,['Hautes-Pyrénées'],['Occitanie'],COM,{65},{76}
101cbf91-76a6-46e7-b777-f949940fd6c1,216500207,Commune de Arcizac-ez-Angles (65),false,{65020},Commune,2026-03-24 14:42:06.665412+01,gold_establishments_2025,,,,21650020700016,2025,Collectivité Territoriale,Commune,['Hautes-Pyrénées'],['Occitanie'],COM,{65},{76}
a89e305d-b592-4d9a-8cd1-9087c8092ecc,216500215,Commune de Arcizans-Avant (65),false,{65021},Commune,2026-03-24 14:42:06.665412+01,gold_establishments_2025,,,,21650021500019,2025,Collectivité Territoriale,Commune,['Hautes-Pyrénées'],['Occitanie'],COM,{65},{76}
f55a39cd-f184-41d9-836b-4d7abc8afbd8,216500223,Commune de Arcizans-Dessus (65),false,{65022},Commune,2026-03-24 14:42:06.665412+01,gold_establishments_2025,,,,21650022300013,2025,Collectivité Territoriale,Commune,['Hautes-Pyrénées'],['Occitanie'],COM,{65},{76}
a64f0ba5-4d5b-4e73-84ad-c68e1b2f9196,211800099,Commune de Arcomps (18),false,{18009},Commune,2026-03-24 14:41:54.903238+01,gold_establishments_2025,,,,21180009900015,2025,Collectivité Territoriale,Commune,['Cher'],['Centre-Val de Loire'],COM,{18},{24}
8786a85a-c6f4-48df-a554-e43bcd9a2f2f,214200081,Commune de Arcon (42),false,{42008},Commune,2026-03-24 14:42:00.273698+01,gold_establishments_2025,,,,21420008100013,2025,Collectivité Territoriale,Commune,['Loire'],['Auvergne-Rhône-Alpes'],COM,{42},{84}
b4357ac7-764e-42c1-bbde-367ea6538128,212100200,Commune de Arconcey (21),false,{21020},Commune,2026-03-24 14:41:55.433389+01,gold_establishments_2025,,,,21210020000014,2025,Collectivité Territoriale,Commune,"[""Côte-d'Or""]",['Bourgogne-Franche-Comté'],COM,{21},{27}
14f2f4e9-915b-423e-bfc9-96b04c3b75cf,216300087,Commune de Arconsat (63),false,{63008},Commune,2026-03-24 14:42:06.130387+01,gold_establishments_2025,,,,21630008700014,2025,Collectivité Territoriale,Commune,['Puy-de-Dôme'],['Auvergne-Rhône-Alpes'],COM,{63},{84}
fc092ff5-fcde-4c9e-bdf2-1d1b854123d4,211000062,Commune de Arconville (10),false,{10007},Commune,2026-03-24 14:41:53.095366+01,gold_establishments_2025,,,,21100006200011,2025,Collectivité Territoriale,Commune,['Aube'],['Grand Est'],COM,{10},{44}
c4dab06f-11c0-432d-ba5a-f2fef1e1dea0,219400033,Commune de Arcueil (94),false,{94003},Commune,2026-03-24 14:42:11.659493+01,gold_establishments_2025,,,,21940003300284,2025,Collectivité Territoriale,Commune,['Val-de-Marne'],['Île-de-France'],COM,{94},{11}
1f715f02-ecdb-4453-b242-a16c0a05d729,210200226,Commune de Arcy-Sainte-Restitue (02),false,{02022},Commune,2026-03-24 14:41:51.447482+01,gold_establishments_2025,,,,21020022600012,2025,Collectivité Territoriale,Commune,['Aisne'],['Hauts-de-France'],COM,{02},{32}
33ee189c-e23d-4627-83c9-bf116634096e,218900157,Commune de Arcy-sur-Cure (89),false,{89015},Commune,2026-03-24 14:42:11.118516+01,gold_establishments_2025,,,,21890015700015,2025,Collectivité Territoriale,Commune,['Yonne'],['Bourgogne-Franche-Comté'],COM,{89},{27}
467a21b2-f7ca-4a58-b55d-907fa6b77a2d,212800080,Commune de Ardelles (28),false,{28008},Commune,2026-03-24 14:41:57.028721+01,gold_establishments_2025,,,,21280008000013,2025,Collectivité Territoriale,Commune,['Eure-et-Loir'],['Centre-Val de Loire'],COM,{28},{24}
04dce512-b274-4fbe-acfe-d623d4f58bc2,212800098,Commune de Ardelu (28),false,{28009},Commune,2026-03-24 14:41:57.028721+01,gold_establishments_2025,,,,21280009800015,2025,Collectivité Territoriale,Commune,['Eure-et-Loir'],['Centre-Val de Loire'],COM,{28},{24}
0f59ea53-ffd5-41ce-81a5-c72f95d5f542,211800107,Commune de Ardenais (18),false,{18010},Commune,2026-03-24 14:41:54.903238+01,gold_establishments_2025,,,,21180010700016,2025,Collectivité Territoriale,Commune,['Cher'],['Centre-Val de Loire'],COM,{18},{24}
0cde5c6a-aa0e-430f-977e-b8f0243efadd,217200070,Commune de Ardenay-sur-Mérize (72),false,{72007},Commune,2026-03-24 14:42:08.279287+01,gold_establishments_2025,,,,21720007000019,2025,Collectivité Territoriale,Commune,['Sarthe'],['Pays de la Loire'],COM,{72},{52}
9adc2d55-5742-4128-bbb7-59de5a18b996,216500231,Commune de Ardengost (65),false,{65023},Commune,2026-03-24 14:42:06.665412+01,gold_establishments_2025,,,,21650023100016,2025,Collectivité Territoriale,Commune,['Hautes-Pyrénées'],['Occitanie'],COM,{65},{76}
61c63c06-bccb-41dd-8754-4fb236fc4f54,213600059,Commune de Ardentes (36),false,{36005},Commune,2026-03-24 14:41:59.160244+01,gold_establishments_2025,,,,21360005900090,2025,Collectivité Territoriale,Commune,['Indre'],['Centre-Val de Loire'],COM,{36},{24}
df1eb42f-ae08-4d21-b777-01dc429352e6,216300095,Commune de Ardes (63),false,{63009},Commune,2026-03-24 14:42:06.130387+01,gold_establishments_2025,,,,21630009500017,2025,Collectivité Territoriale,Commune,['Puy-de-Dôme'],['Auvergne-Rhône-Alpes'],COM,{63},{84}
0fede9cd-57c8-4e4a-8eaf-24ea4a2d8ee0,210800165,Commune de Ardeuil-et-Montfauxelles (08),false,{08018},Commune,2026-03-24 14:41:52.562531+01,gold_establishments_2025,,,,21080016500016,2025,Collectivité Territoriale,Commune,['Ardennes'],['Grand Est'],COM,{08},{44}
1c366638-b838-466f-8e18-4d967b0fa10d,211700182,Commune de Ardillières (17),false,{17018},Commune,2026-03-24 14:41:54.903238+01,gold_establishments_2025,,,,21170018200010,2025,Collectivité Territoriale,Commune,['Charente-Maritime'],['Nouvelle-Aquitaine'],COM,{17},{75}
4bad5a79-1d19-4337-b519-ddd2ec1a5e8e,217900125,Commune de Ardin (79),false,{79012},Commune,2026-03-24 14:42:09.43682+01,gold_establishments_2025,,,,21790012500014,2025,Collectivité Territoriale,Commune,['Deux-Sèvres'],['Nouvelle-Aquitaine'],COM,{79},{75}
e3eee623-67d2-4e85-b614-53947d2df4c0,213200074,Commune de Ardizas (32),false,{32007},Commune,2026-03-24 14:41:58.09424+01,gold_establishments_2025,,,,21320007400010,2025,Collectivité Territoriale,Commune,['Gers'],['Occitanie'],COM,{32},{76}
1cfb2784-7f7e-41ef-9974-7e0038134b58,213100134,Commune de Ardiège (31),false,{31013},Commune,2026-03-24 14:41:57.56054+01,gold_establishments_2025,,,,21310013400013,2025,Collectivité Territoriale,Commune,['Haute-Garonne'],['Occitanie'],COM,{31},{76}
b70acccb-2e09-4d5f-a19d-3e1b8d07bae4,210700134,Commune de Ardoix (07),false,{07013},Commune,2026-03-24 14:41:52.562531+01,gold_establishments_2025,,,,21070013400013,2025,Collectivité Territoriale,Commune,['Ardèche'],['Auvergne-Rhône-Alpes'],COM,{07},{84}
dc182a21-f49d-4e3c-8900-24fdef0845af,213900152,Commune de Ardon (39),false,{39015},Commune,2026-03-24 14:41:59.705606+01,gold_establishments_2025,,,,21390015200017,2025,Collectivité Territoriale,Commune,['Jura'],['Bourgogne-Franche-Comté'],COM,{39},{27}
343c191b-747b-4dd1-8872-00be03244df2,214500068,Commune de Ardon (45),false,{45006},Commune,2026-03-24 14:42:00.862623+01,gold_establishments_2025,,,,21450006800017,2025,Collectivité Territoriale,Commune,['Loiret'],['Centre-Val de Loire'],COM,{45},{24}
bbadcea7-8926-46ab-b7eb-2c63d5aa1c58,217600246,Commune de Ardouval (76),false,{76024},Commune,2026-03-24 14:42:08.818969+01,gold_establishments_2025,,,,21760024600011,2025,Collectivité Territoriale,Commune,['Seine-Maritime'],['Normandie'],COM,{76},{28}
7fb85eee-d579-4f01-9da3-56f36b51397a,216200386,Commune de Ardres (62),false,{62038},Commune,2026-03-24 14:42:05.597325+01,gold_establishments_2025,,,,21620038600011,2025,Collectivité Territoriale,Commune,['Pas-de-Calais'],['Hauts-de-France'],COM,{62},{32}
9164c35a-b12f-41f3-bb06-3a27376a2fbc,212000202,Commune de Aregno (2B),false,{2B020},Commune,2026-03-24 14:41:57.56054+01,gold_establishments_2025,,,,21200020200011,2025,Collectivité Territoriale,Commune,['Haute-Corse'],['Corse'],COM,{2B},{94}
5e471836-57e5-4e4b-8db9-a5b506eba33a,214100034,Commune de Areines (41),false,{41003},Commune,2026-03-24 14:41:59.705606+01,gold_establishments_2025,,,,21410003400013,2025,Collectivité Territoriale,Commune,['Loir-et-Cher'],['Centre-Val de Loire'],COM,{41},{24}
dd326fd4-3a3f-49db-bb25-7cf43f8b2c5e,200059061,Commune de Arelaune-en-Seine (76),false,{76401},Commune,2026-03-24 14:42:08.818969+01,gold_establishments_2025,,,,20005906100016,2025,Collectivité Territoriale,Commune,['Seine-Maritime'],['Normandie'],COM,{76},{28}
02e7ed91-9e5f-43b0-9d08-f5dc4136039d,216400390,Commune de Aren (64),false,{64039},Commune,2026-03-24 14:42:06.130387+01,gold_establishments_2025,,,,21640039000011,2025,Collectivité Territoriale,Commune,['Pyrénées-Atlantiques'],['Nouvelle-Aquitaine'],COM,{64},{75}
0f792414-3a1f-4fdf-b760-b0888859e89e,214000069,Commune de Arengosse (40),false,{40006},Commune,2026-03-24 14:41:59.705606+01,gold_establishments_2025,,,,21400006900010,2025,Collectivité Territoriale,Commune,['Landes'],['Nouvelle-Aquitaine'],COM,{40},{75}
84958204-27be-4589-a75a-58f0f4697119,217400183,Commune de Arenthon (74),false,{74018},Commune,2026-03-24 14:42:08.279287+01,gold_establishments_2025,,,,21740018300018,2025,Collectivité Territoriale,Commune,['Haute-Savoie'],['Auvergne-Rhône-Alpes'],COM,{74},{84}
3c0daf62-ad45-4246-820d-0abfa6c18895,213905862,Commune de Aresches (39),false,{39586},Commune,2026-03-24 14:41:59.705606+01,gold_establishments_2025,,,,21390586200016,2025,Collectivité Territoriale,Commune,['Jura'],['Bourgogne-Franche-Comté'],COM,{39},{27}
d4a79893-f2bb-4132-8f30-1d072c29379b,216400416,Commune de Aressy (64),false,{64041},Commune,2026-03-24 14:42:06.130387+01,gold_establishments_2025,,,,21640041600014,2025,Collectivité Territoriale,Commune,['Pyrénées-Atlantiques'],['Nouvelle-Aquitaine'],COM,{64},{75}
af48b70d-4ce8-4eb0-9fe4-d3f0efc03e78,216400408,Commune de Arette (64),false,{64040},Commune,2026-03-24 14:42:06.130387+01,gold_establishments_2025,,,,21640040800011,2025,Collectivité Territoriale,Commune,['Pyrénées-Atlantiques'],['Nouvelle-Aquitaine'],COM,{64},{75}
77654953-1429-4936-8c8c-c922cf502ae7,212300503,Commune de Arfeuille-Châtain (23),false,{23005},Commune,2026-03-24 14:41:55.958138+01,gold_establishments_2025,,,,21230050300019,2025,Collectivité Territoriale,Commune,['Creuse'],['Nouvelle-Aquitaine'],COM,{23},{75}
7a52e2b5-8b4d-4887-849f-9a230e0cbdb7,210300067,Commune de Arfeuilles (03),false,{03006},Commune,2026-03-24 14:41:52.020251+01,gold_establishments_2025,,,,21030006700019,2025,Collectivité Territoriale,Commune,['Allier'],['Auvergne-Rhône-Alpes'],COM,{03},{84}
f9e18eb8-d517-4884-9173-c8014695c574,218100162,Commune de Arfons (81),false,{81016},Commune,2026-03-24 14:42:09.967209+01,gold_establishments_2025,,,,21810016200013,2025,Collectivité Territoriale,Commune,['Tarn'],['Occitanie'],COM,{81},{76}
a3ee7323-4f9e-4508-8257-2cde8ad60f42,216400424,Commune de Argagnon (64),false,{64042},Commune,2026-03-24 14:42:06.130387+01,gold_establishments_2025,,,,21640042400083,2025,Collectivité Territoriale,Commune,['Pyrénées-Atlantiques'],['Nouvelle-Aquitaine'],COM,{64},{75}
99555e69-2045-45b5-9a92-1dc1452ffa06,211400197,Commune de Arganchy (14),false,{14019},Commune,2026-03-24 14:41:53.63825+01,gold_establishments_2025,,,,21140019700011,2025,Collectivité Territoriale,Commune,['Calvados'],['Normandie'],COM,{14},{28}
c081036c-5bb1-4c80-84dc-c6b945956de9,215700287,Commune de Argancy (57),false,{57028},Commune,2026-03-24 14:42:03.701372+01,gold_establishments_2025,,,,21570028700018,2025,Collectivité Territoriale,Commune,['Moselle'],['Grand Est'],COM,{57},{44}
738bc4ac-a08f-48d7-a73d-a9fced0e3705,211000070,Commune de Argançon (10),false,{10008},Commune,2026-03-24 14:41:53.095366+01,gold_establishments_2025,,,,21100007000014,2025,Collectivité Territoriale,Commune,['Aube'],['Grand Est'],COM,{10},{44}
2d350b9f-5710-429d-9f37-661c98ab153c,210900148,Commune de Argein (09),false,{09014},Commune,2026-03-24 14:41:53.095366+01,gold_establishments_2025,,,,21090014800011,2025,Collectivité Territoriale,Commune,['Ariège'],['Occitanie'],COM,{09},{76}
2fdda511-5610-49b9-a140-ee9ccba780be,211100128,Commune de Argeliers (11),false,{11012},Commune,2026-03-24 14:41:53.63825+01,gold_establishments_2025,,,,21110012800019,2025,Collectivité Territoriale,Commune,['Aude'],['Occitanie'],COM,{11},{76}
3e58906c-84ad-4a7f-a3ad-359a0efef2e4,213400120,Commune de Argelliers (34),false,{34012},Commune,2026-03-24 14:41:58.620411+01,gold_establishments_2025,,,,21340012000019,2025,Collectivité Territoriale,Commune,['Hérault'],['Occitanie'],COM,{34},{76}
3fbfaccd-a416-4be4-9f04-661538d155aa,214000077,Commune de Argelos (40),false,{40007},Commune,2026-03-24 14:41:59.705606+01,gold_establishments_2025,,,,21400007700013,2025,Collectivité Territoriale,Commune,['Landes'],['Nouvelle-Aquitaine'],COM,{40},{75}
3a5704eb-abab-430f-8d78-50127364bb1c,216400432,Commune de Argelos (64),false,{64043},Commune,2026-03-24 14:42:06.130387+01,gold_establishments_2025,,,,21640043200011,2025,Collectivité Territoriale,Commune,['Pyrénées-Atlantiques'],['Nouvelle-Aquitaine'],COM,{64},{75}
ee9ed746-d318-482d-b8d8-7421178b8137,214000085,Commune de Argelouse (40),false,{40008},Commune,2026-03-24 14:41:59.705606+01,gold_establishments_2025,,,,21400008500016,2025,Collectivité Territoriale,Commune,['Landes'],['Nouvelle-Aquitaine'],COM,{40},{75}
6aa49797-9424-41e7-b112-7efb5bb5b1b4,216500249,Commune de Argelès-Bagnères (65),false,{65024},Commune,2026-03-24 14:42:06.665412+01,gold_establishments_2025,,,,21650024900018,2025,Collectivité Territoriale,Commune,['Hautes-Pyrénées'],['Occitanie'],COM,{65},{76}
ae51b6cb-d6ba-4306-aa12-4a09be6cb10a,216500256,Commune de Argelès-Gazost (65),false,{65025},Commune,2026-03-24 14:42:06.665412+01,gold_establishments_2025,,,,21650025600013,2025,Collectivité Territoriale,Commune,['Hautes-Pyrénées'],['Occitanie'],COM,{65},{76}
d0ff0a14-5f9b-41d6-9604-153c71fab91e,216600080,Commune de Argelès-sur-Mer (66),false,{66008},Commune,2026-03-24 14:42:06.665412+01,gold_establishments_2025,,,,21660008000016,2025,Collectivité Territoriale,Commune,['Pyrénées-Orientales'],['Occitanie'],COM,{66},{76}
28023eec-0418-4e79-a9b3-6368504410ae,211400205,Commune de Argences (14),false,{14020},Commune,2026-03-24 14:41:53.63825+01,gold_establishments_2025,,,,21140020500012,2025,Collectivité Territoriale,Commune,['Calvados'],['Normandie'],COM,{14},{28}
b421d71b-4c56-47bc-b3de-cc3c580654da,200055846,Commune de Argences en Aubrac (12),false,{12223},Commune,2026-03-24 14:41:53.63825+01,gold_establishments_2025,,,,20005584600014,2025,Collectivité Territoriale,Commune,['Aveyron'],['Occitanie'],COM,{12},{76}
68b8f695-18b7-4b92-acba-6d1f133a024f,211100136,Commune de Argens-Minervois (11),false,{11013},Commune,2026-03-24 14:41:53.63825+01,gold_establishments_2025,,,,21110013600012,2025,Collectivité Territoriale,Commune,['Aude'],['Occitanie'],COM,{11},{76}
fbac47b1-f76b-40ad-ab2f-d669c6a65a00,211800115,Commune de Argent-sur-Sauldre (18),false,{18011},Commune,2026-03-24 14:41:54.903238+01,gold_establishments_2025,,,,21180011500019,2025,Collectivité Territoriale,Commune,['Cher'],['Centre-Val de Loire'],COM,{18},{24}
aa9f3b32-e966-455a-bc66-138a0c03d0ce,216100065,Commune de Argentan (61),false,{61006},Commune,2026-03-24 14:42:04.814328+01,gold_establishments_2025,,,,21610006500012,2025,Collectivité Territoriale,Commune,['Orne'],['Normandie'],COM,{61},{28}
aba6d957-f7d2-415f-b27d-9e4344e1cac3,200063022,Commune de Argentat-sur-Dordogne (19),false,{19010},Commune,2026-03-24 14:41:54.903238+01,gold_establishments_2025,,,,20006302200012,2025,Collectivité Territoriale,Commune,['Corrèze'],['Nouvelle-Aquitaine'],COM,{19},{75}
43e394e5-ea17-4928-b790-33953b5202e6,218900165,Commune de Argentenay (89),false,{89016},Commune,2026-03-24 14:42:11.118516+01,gold_establishments_2025,,,,21890016500018,2025,Collectivité Territoriale,Commune,['Yonne'],['Bourgogne-Franche-Comté'],COM,{89},{27}
ebb53caa-3178-44f7-86f6-2a0467c32fbb,219500188,Commune de Argenteuil (95),false,{95018},Commune,2026-03-24 14:42:11.659493+01,gold_establishments_2025,,,,21950018800012,2025,Collectivité Territoriale,Commune,"[""Val-d'Oise""]",['Île-de-France'],COM,{95},{11}
ee20ad4a-a866-4b18-9445-7faa9f05ea9a,218900173,Commune de Argenteuil-sur-Armançon (89),false,{89017},Commune,2026-03-24 14:42:11.118516+01,gold_establishments_2025,,,,21890017300012,2025,Collectivité Territoriale,Commune,['Yonne'],['Bourgogne-Franche-Comté'],COM,{89},{27}
16820cb0-0c6d-49ff-8fdd-179e735e0ac9,217300193,Commune de Argentine (73),false,{73019},Commune,2026-03-24 14:42:08.279287+01,gold_establishments_2025,,,,21730019300018,2025,Collectivité Territoriale,Commune,['Savoie'],['Auvergne-Rhône-Alpes'],COM,{73},{84}
3f81f27a-1228-4c4a-b23e-1e0678298410,217700079,Commune de Argentières (77),false,{77007},Commune,2026-03-24 14:42:08.818969+01,gold_establishments_2025,,,,21770007900015,2025,Collectivité Territoriale,Commune,['Seine-et-Marne'],['Île-de-France'],COM,{77},{11}
0a32fbd4-d8d4-49f2-b18c-ed6ea638e2e0,214700130,Commune de Argenton (47),false,{47013},Commune,2026-03-24 14:42:00.862623+01,gold_establishments_2025,,,,21470013000013,2025,Collectivité Territoriale,Commune,['Lot-et-Garonne'],['Nouvelle-Aquitaine'],COM,{47},{75}
4a217d60-dfb0-4871-a5eb-0791ab0e4e07,213600067,Commune de Argenton-sur-Creuse (36),false,{36006},Commune,2026-03-24 14:41:59.160244+01,gold_establishments_2025,,,,21360006700085,2025,Collectivité Territoriale,Commune,['Indre'],['Centre-Val de Loire'],COM,{36},{24}
8e725ea0-9f51-40e5-84ea-025db68c6a0d,200055994,Commune de Argentonnay (79),false,{79013},Commune,2026-03-24 14:42:09.43682+01,gold_establishments_2025,,,,20005599400236,2025,Collectivité Territoriale,Commune,['Deux-Sèvres'],['Nouvelle-Aquitaine'],COM,{79},{75}
ef952a36-356f-40f4-b64e-dac984aa64b7,215300070,Commune de Argentré (53),false,{53007},Commune,2026-03-24 14:42:01.954481+01,gold_establishments_2025,,,,21530007000111,2025,Collectivité Territoriale,Commune,['Mayenne'],['Pays de la Loire'],COM,{53},{52}
01fb9e4f-d46e-4e21-b17d-2c812d1f1d1f,213500069,Commune de Argentré-du-Plessis (35),false,{35006},Commune,2026-03-24 14:41:58.620411+01,gold_establishments_2025,,,,21350006900017,2025,Collectivité Territoriale,Commune,['Ille-et-Vilaine'],['Bretagne'],COM,{35},{53}
1ba480d2-7575-4a19-bd93-63db06f744a5,212800106,Commune de Argenvilliers (28),false,{28010},Commune,2026-03-24 14:41:57.028721+01,gold_establishments_2025,,,,21280010600016,2025,Collectivité Territoriale,Commune,['Eure-et-Loir'],['Centre-Val de Loire'],COM,{28},{24}
dc532ffa-5e70-4a9c-b1cf-344e4ad58635,211800123,Commune de Argenvières (18),false,{18012},Commune,2026-03-24 14:41:54.903238+01,gold_establishments_2025,,,,21180012300013,2025,Collectivité Territoriale,Commune,['Cher'],['Centre-Val de Loire'],COM,{18},{24}
24b7e8a4-0672-4dfe-8b4f-c2e9737e3975,215100140,Commune de Argers (51),false,{51015},Commune,2026-03-24 14:42:01.412377+01,gold_establishments_2025,,,,21510014000015,2025,Collectivité Territoriale,Commune,['Marne'],['Grand Est'],COM,{51},{44}
156b52c4-ecb2-4ecd-87f5-e5f4169a2c06,216400440,Commune de Arget (64),false,{64044},Commune,2026-03-24 14:42:06.130387+01,gold_establishments_2025,,,,21640044000014,2025,Collectivité Territoriale,Commune,['Pyrénées-Atlantiques'],['Nouvelle-Aquitaine'],COM,{64},{75}
d1d28d1e-9fcd-4501-bbb7-6fc285e194cf,213000136,Commune de Argilliers (30),false,{30013},Commune,2026-03-24 14:41:57.56054+01,gold_establishments_2025,,,,21300013600019,2025,Collectivité Territoriale,Commune,['Gard'],['Occitanie'],COM,{30},{76}
572e0ffb-c989-4a4a-9ba8-c9d7c9a165a5,217000272,Commune de Argillières (70),false,{70027},Commune,2026-03-24 14:42:07.735343+01,gold_establishments_2025,,,,21700027200013,2025,Collectivité Territoriale,Commune,['Haute-Saône'],['Bourgogne-Franche-Comté'],COM,{70},{27}
27625376-0e38-4e02-9a39-dcf36c5d7b26,212100226,Commune de Argilly (21),false,{21022},Commune,2026-03-24 14:41:55.433389+01,gold_establishments_2025,,,,21210022600019,2025,Collectivité Territoriale,Commune,"[""Côte-d'Or""]",['Bourgogne-Franche-Comté'],COM,{21},{27}
c4d83206-6e70-4cd0-8dd6-9868ab30cc79,210100178,Commune de Argis (01),false,{01017},Commune,2026-03-24 14:41:51.447482+01,gold_establishments_2025,,,,21010017800016,2025,Collectivité Territoriale,Commune,['Ain'],['Auvergne-Rhône-Alpes'],COM,{01},{84}
1bc1ddfd-09ed-4f6f-a769-d6bfb08f11ff,212000210,Commune de Argiusta-Moriccio (2A),false,{2A021},Commune,2026-03-24 14:41:57.56054+01,gold_establishments_2025,,,,21200021000014,2025,Collectivité Territoriale,Commune,['Corse-du-Sud'],['Corse'],COM,{2A},{94}
c4af1d2d-3b0d-46bc-8763-c5bfb25fa741,219000049,Commune de Argiésans (90),false,{90004},Commune,2026-03-24 14:42:11.659493+01,gold_establishments_2025,,,,21900004900011,2025,Collectivité Territoriale,Commune,['Territoire de Belfort'],['Bourgogne-Franche-Comté'],COM,{90},{27}
7c495d94-9cd0-4077-a656-1fa2c212f17c,212900013,Commune de Argol (29),false,{29001},Commune,2026-03-24 14:41:57.028721+01,gold_establishments_2025,,,,21290001300088,2025,Collectivité Territoriale,Commune,['Finistère'],['Bretagne'],COM,{29},{53}
5c3425ad-9c97-405d-be92-c7db257b85ca,217400191,Commune de Argonay (74),false,{74019},Commune,2026-03-24 14:42:08.279287+01,gold_establishments_2025,,,,21740019100011,2025,Collectivité Territoriale,Commune,['Haute-Savoie'],['Auvergne-Rhône-Alpes'],COM,{74},{84}
8000b274-d6b9-4539-86e7-9be401158e23,218000230,Commune de Argoules (80),false,{80025},Commune,2026-03-24 14:42:09.43682+01,gold_establishments_2025,,,,21800023000019,2025,Collectivité Territoriale,Commune,['Somme'],['Hauts-de-France'],COM,{80},{32}
ef8b726f-4e5b-4790-98b0-708b9cb73bfe,217600253,Commune de Argueil (76),false,{76025},Commune,2026-03-24 14:42:08.818969+01,gold_establishments_2025,,,,21760025300017,2025,Collectivité Territoriale,Commune,['Seine-Maritime'],['Normandie'],COM,{76},{28}
57d2a3ec-b635-4176-908d-2cc6ec7da993,218000248,Commune de Arguel (80),false,{80026},Commune,2026-03-24 14:42:09.43682+01,gold_establishments_2025,,,,21800024800011,2025,Collectivité Territoriale,Commune,['Somme'],['Hauts-de-France'],COM,{80},{32}
250f60e9-55bd-476d-b7ee-e31d81104cb6,213100142,Commune de Arguenos (31),false,{31014},Commune,2026-03-24 14:41:57.56054+01,gold_establishments_2025,,,,21310014200016,2025,Collectivité Territoriale,Commune,['Haute-Garonne'],['Occitanie'],COM,{31},{76}
ac415a20-cbab-4661-946d-3a1efc8ae6e7,213100159,Commune de Argut-Dessous (31),false,{31015},Commune,2026-03-24 14:41:57.56054+01,gold_establishments_2025,,,,21310015900010,2025,Collectivité Territoriale,Commune,['Haute-Garonne'],['Occitanie'],COM,{31},{76}
3ac40837-0ad1-4ffc-80aa-f75d97899929,213600075,Commune de Argy (36),false,{36007},Commune,2026-03-24 14:41:59.160244+01,gold_establishments_2025,,,,21360007500013,2025,Collectivité Territoriale,Commune,['Indre'],['Centre-Val de Loire'],COM,{36},{24}
a27fa746-bc8f-4ced-8d65-9416ae14e0b9,218000222,Commune de Argœuves (80),false,{80024},Commune,2026-03-24 14:42:09.43682+01,gold_establishments_2025,,,,21800022200016,2025,Collectivité Territoriale,Commune,['Somme'],['Hauts-de-France'],COM,{80},{32}
66a0786b-cf06-4e40-9256-3b59782bcbab,216400457,Commune de Arhansus (64),false,{64045},Commune,2026-03-24 14:42:06.130387+01,gold_establishments_2025,,,,21640045700018,2025,Collectivité Territoriale,Commune,['Pyrénées-Atlantiques'],['Nouvelle-Aquitaine'],COM,{64},{75}
b46d0c66-b916-4feb-ba20-4c1c59554089,216500264,Commune de Aries-Espénan (65),false,{65026},Commune,2026-03-24 14:42:06.665412+01,gold_establishments_2025,,,,21650026400017,2025,Collectivité Territoriale,Commune,['Hautes-Pyrénées'],['Occitanie'],COM,{65},{76}
1856c569-100a-4ff4-a69d-481ecdf06869,218100170,Commune de Arifat (81),false,{81017},Commune,2026-03-24 14:42:09.967209+01,gold_establishments_2025,,,,21810017000016,2025,Collectivité Territoriale,Commune,['Tarn'],['Occitanie'],COM,{81},{76}
32932f80-562c-46ca-a4c7-ecb4b1c24710,210900155,Commune de Arignac (09),false,{09015},Commune,2026-03-24 14:41:53.095366+01,gold_establishments_2025,,,,21090015500016,2025,Collectivité Territoriale,Commune,['Ariège'],['Occitanie'],COM,{09},{76}
0f2c4090-0116-4738-9ecf-e706d6554909,200077253,Commune de Arinthod (39),false,{39016},Commune,2026-03-24 14:41:59.705606+01,gold_establishments_2025,,,,20007725300058,2025,Collectivité Territoriale,Commune,['Jura'],['Bourgogne-Franche-Comté'],COM,{39},{27}
888954ef-7921-4548-b079-7e139bf5cf38,217300201,Commune de Arith (73),false,{73020},Commune,2026-03-24 14:42:08.279287+01,gold_establishments_2025,,,,21730020100019,2025,Collectivité Territoriale,Commune,['Savoie'],['Auvergne-Rhône-Alpes'],COM,{73},{84}
6f9a4cbc-21d7-4059-8929-6e6e14a0d19f,216300103,Commune de Arlanc (63),false,{63010},Commune,2026-03-24 14:42:06.130387+01,gold_establishments_2025,,,,21630010300019,2025,Collectivité Territoriale,Commune,['Puy-de-Dôme'],['Auvergne-Rhône-Alpes'],COM,{63},{84}
e4c41f2d-859f-44c6-8338-287d3bf94f15,200055135,Commune de Arlay (39),false,{39017},Commune,2026-03-24 14:41:59.705606+01,gold_establishments_2025,,,,20005513500012,2025,Collectivité Territoriale,Commune,['Jura'],['Bourgogne-Franche-Comté'],COM,{39},{27}
455febb2-a0ce-465a-9009-65bbba036d20,210700142,Commune de Arlebosc (07),false,{07014},Commune,2026-03-24 14:41:52.562531+01,gold_establishments_2025,,,,21070014200016,2025,Collectivité Territoriale,Commune,['Ardèche'],['Auvergne-Rhône-Alpes'],COM,{07},{84}
5ae8f9a2-9fb3-4931-bcfa-76101f45d8f5,214300089,Commune de Arlempdes (43),false,{43008},Commune,2026-03-24 14:42:00.273698+01,gold_establishments_2025,,,,21430008900015,2025,Collectivité Territoriale,Commune,['Haute-Loire'],['Auvergne-Rhône-Alpes'],COM,{43},{84}
b2c5a9b7-1da6-4bdd-b68a-3e8277c22ceb,211300041,Commune de Arles (13),false,{13004},Commune,2026-03-24 14:41:53.63825+01,gold_establishments_2025,,,,21130004100012,2025,Collectivité Territoriale,Commune,['Bouches-du-Rhône'],"[""Provence-Alpes-Côte d'Azur""]",COM,{13},{93}
aa6b7864-4601-4609-80ab-629a82d68bf5,216600098,Commune de Arles-sur-Tech (66),false,{66009},Commune,2026-03-24 14:42:06.665412+01,gold_establishments_2025,,,,21660009800018,2025,Collectivité Territoriale,Commune,['Pyrénées-Orientales'],['Occitanie'],COM,{66},{76}
3e3b6f83-a199-45d5-a8c4-c7f5f47b0240,214300097,Commune de Arlet (43),false,{43009},Commune,2026-03-24 14:42:00.273698+01,gold_establishments_2025,,,,21430009700018,2025,Collectivité Territoriale,Commune,['Haute-Loire'],['Auvergne-Rhône-Alpes'],COM,{43},{84}
264ee0e3-d3ac-4782-a284-ec4434cd1e71,215800103,Commune de Arleuf (58),false,{58010},Commune,2026-03-24 14:42:04.280096+01,gold_establishments_2025,,,,21580010300016,2025,Collectivité Territoriale,Commune,['Nièvre'],['Bourgogne-Franche-Comté'],COM,{58},{27}
255bc202-8e05-4402-bdef-84d447371ea2,215900150,Commune de Arleux (59),false,{59015},Commune,2026-03-24 14:42:04.280096+01,gold_establishments_2025,,,,21590015000016,2025,Collectivité Territoriale,Commune,['Nord'],['Hauts-de-France'],COM,{59},{32}
f404c6c5-c1d0-4dbf-b709-854ffc7c42b7,216200394,Commune de Arleux-en-Gohelle (62),false,{62039},Commune,2026-03-24 14:42:05.597325+01,gold_establishments_2025,,,,21620039400015,2025,Collectivité Territoriale,Commune,['Pas-de-Calais'],['Hauts-de-France'],COM,{62},{32}
2952ad8c-4920-4de9-b665-d90176ed68a6,213100175,Commune de Arlos (31),false,{31017},Commune,2026-03-24 14:41:57.56054+01,gold_establishments_2025,,,,21310017500016,2025,Collectivité Territoriale,Commune,['Haute-Garonne'],['Occitanie'],COM,{31},{76}
710b5fb9-c325-4543-9c29-dab7493e5156,214900102,Commune de Armaillé (49),false,{49010},Commune,2026-03-24 14:42:01.412377+01,gold_establishments_2025,,,,21490010200010,2025,Collectivité Territoriale,Commune,['Maine-et-Loire'],['Pays de la Loire'],COM,{49},{52}
72a81c6b-24d4-48f4-983f-dc32f24a08e0,216000232,Commune de Armancourt (60),false,{60023},Commune,2026-03-24 14:42:04.814328+01,gold_establishments_2025,,,,21600023200019,2025,Collectivité Territoriale,Commune,['Oise'],['Hauts-de-France'],COM,{60},{32}
520043c0-5593-4814-87d9-0893b2591172,218000255,Commune de Armancourt (80),false,{80027},Commune,2026-03-24 14:42:09.43682+01,gold_establishments_2025,,,,21800025500016,2025,Collectivité Territoriale,Commune,['Somme'],['Hauts-de-France'],COM,{80},{32}
4680776e-61bf-4ab6-88a6-c303589d7c1d,215400219,Commune de Armaucourt (54),false,{54021},Commune,2026-03-24 14:42:02.957225+01,gold_establishments_2025,,,,21540021900014,2025,Collectivité Territoriale,Commune,['Meurthe-et-Moselle'],['Grand Est'],COM,{54},{44}
c4d09638-1889-4a12-a20b-3f1b6951071d,215900168,Commune de Armbouts-Cappel (59),false,{59016},Commune,2026-03-24 14:42:04.280096+01,gold_establishments_2025,,,,21590016800018,2025,Collectivité Territoriale,Commune,['Nord'],['Hauts-de-France'],COM,{59},{32}
2c47797b-c34b-4584-a7a4-c50d4ebabdce,218900181,Commune de Armeau (89),false,{89018},Commune,2026-03-24 14:42:11.118516+01,gold_establishments_2025,,,,21890018100015,2025,Collectivité Territoriale,Commune,['Yonne'],['Bourgogne-Franche-Comté'],COM,{89},{27}
7e9524b6-cf84-4ed0-a3d2-334bba02443a,216400465,Commune de Armendarits (64),false,{64046},Commune,2026-03-24 14:42:06.130387+01,gold_establishments_2025,,,,21640046500011,2025,Collectivité Territoriale,Commune,['Pyrénées-Atlantiques'],['Nouvelle-Aquitaine'],COM,{64},{75}
a7e39733-d862-49b1-bdef-d097e9d1748b,213200082,Commune de Armentieux (32),false,{32008},Commune,2026-03-24 14:41:58.09424+01,gold_establishments_2025,,,,21320008200013,2025,Collectivité Territoriale,Commune,['Gers'],['Occitanie'],COM,{32},{76}
a9fe832e-1f3e-4a81-b4eb-327463900989,215900176,Commune de Armentières (59),false,{59017},Commune,2026-03-24 14:42:04.280096+01,gold_establishments_2025,,,,21590017600011,2025,Collectivité Territoriale,Commune,['Nord'],['Hauts-de-France'],COM,{59},{32}
ce0c6c17-b5bc-4de3-b426-961b54a05ebd,217700087,Commune de Armentières-en-Brie (77),false,{77008},Commune,2026-03-24 14:42:08.818969+01,gold_establishments_2025,,,,21770008700018,2025,Collectivité Territoriale,Commune,['Seine-et-Marne'],['Île-de-France'],COM,{77},{11}
6fe9a6be-578f-499f-b9ad-596a623a953c,212700199,Commune de Armentières-sur-Avre (27),false,{27019},Commune,2026-03-24 14:41:56.495197+01,gold_establishments_2025,,,,21270019900012,2025,Collectivité Territoriale,Commune,['Eure'],['Normandie'],COM,{27},{28}
ba8a3f67-4bcf-47cc-b6c2-b56beb0d47ab,210200234,Commune de Armentières-sur-Ourcq (02),false,{02023},Commune,2026-03-24 14:41:51.447482+01,gold_establishments_2025,,,,21020023400016,2025,Collectivité Territoriale,Commune,['Aisne'],['Hauts-de-France'],COM,{02},{32}
f5bc2f61-c571-455e-8d57-cfa30eea9d5f,215800111,Commune de Armes (58),false,{58011},Commune,2026-03-24 14:42:04.280096+01,gold_establishments_2025,,,,21580011100019,2025,Collectivité Territoriale,Commune,['Nièvre'],['Bourgogne-Franche-Comté'],COM,{58},{27}
d28246d9-74f8-4c90-ba15-206cd28fe197,214700148,Commune de Armillac (47),false,{47014},Commune,2026-03-24 14:42:00.862623+01,gold_establishments_2025,,,,21470014800015,2025,Collectivité Territoriale,Commune,['Lot-et-Garonne'],['Nouvelle-Aquitaine'],COM,{47},{75}
4ba3a5ab-1a36-441a-9b5d-00c7374357ba,211100144,Commune de Armissan (11),false,{11014},Commune,2026-03-24 14:41:53.63825+01,gold_establishments_2025,,,,21110014400016,2025,Collectivité Territoriale,Commune,['Aude'],['Occitanie'],COM,{11},{76}
23e9f5f5-47c7-4783-99e6-7f2cdd05e125,210100194,Commune de Armix (01),false,{01019},Commune,2026-03-24 14:41:51.447482+01,gold_establishments_2025,,,,21010019400013,2025,Collectivité Territoriale,Commune,['Ain'],['Auvergne-Rhône-Alpes'],COM,{01},{84}
4a50c182-9f73-4933-b232-fcc3e1b3c074,213200090,Commune de Armous-et-Cau (32),false,{32009},Commune,2026-03-24 14:41:58.09424+01,gold_establishments_2025,,,,21320009000016,2025,Collectivité Territoriale,Commune,['Gers'],['Occitanie'],COM,{32},{76}
764f07bb-f359-4791-bac8-cd760b9c0050,217400209,Commune de Armoy (74),false,{74020},Commune,2026-03-24 14:42:08.279287+01,gold_establishments_2025,,,,21740020900011,2025,Collectivité Territoriale,Commune,['Haute-Savoie'],['Auvergne-Rhône-Alpes'],COM,{74},{84}
1f924d5b-8e66-42f6-bddd-859fedb41096,211500111,Commune de Arnac (15),false,{15011},Commune,2026-03-24 14:41:54.362296+01,gold_establishments_2025,,,,21150011100011,2025,Collectivité Territoriale,Commune,['Cantal'],['Auvergne-Rhône-Alpes'],COM,{15},{84}
442bbd97-d036-4177-a2ba-3256016478b7,211901103,Commune de Arnac-Pompadour (19),false,{19011},Commune,2026-03-24 14:41:54.903238+01,gold_establishments_2025,,,,21190110300013,2025,Collectivité Territoriale,Commune,['Corrèze'],['Nouvelle-Aquitaine'],COM,{19},{75}
b5429cde-9e9e-475e-a769-59aff915d04e,218700300,Commune de Arnac-la-Poste (87),false,{87003},Commune,2026-03-24 14:42:11.118516+01,gold_establishments_2025,,,,21870030000013,2025,Collectivité Territoriale,Commune,['Haute-Vienne'],['Nouvelle-Aquitaine'],COM,{87},{75}
751c3854-b414-401b-bdcc-2ead7b03a0e9,211200092,Commune de Arnac-sur-Dourdou (12),false,{12009},Commune,2026-03-24 14:41:53.63825+01,gold_establishments_2025,,,,21120009200016,2025,Collectivité Territoriale,Commune,['Aveyron'],['Occitanie'],COM,{12},{76}
7fe388d8-b1bc-4542-ad4e-cbab28717d87,217200088,Commune de Arnage (72),false,{72008},Commune,2026-03-24 14:42:08.279287+01,gold_establishments_2025,,,,21720008800011,2025,Collectivité Territoriale,Commune,['Sarthe'],['Pays de la Loire'],COM,{72},{52}
5d8b1cb6-f429-43bf-b57a-a40a38645d92,215200155,Commune de Arnancourt (52),false,{52019},Commune,2026-03-24 14:42:01.954481+01,gold_establishments_2025,,,,21520015500012,2025,Collectivité Territoriale,Commune,['Haute-Marne'],['Grand Est'],COM,{52},{44}
bf87ea28-1d43-4f82-9fb9-8ff02df25ae8,216900134,Commune de Arnas (69),false,{69013},Commune,2026-03-24 14:42:07.195692+01,gold_establishments_2025,,,,21690013400018,2025,Collectivité Territoriale,Commune,['Rhône'],['Auvergne-Rhône-Alpes'],COM,{69},{84}
fe13daff-c681-4917-b561-503fbebbe02e,213100183,Commune de Arnaud-Guilhem (31),false,{31018},Commune,2026-03-24 14:41:57.56054+01,gold_establishments_2025,,,,21310018300010,2025,Collectivité Territoriale,Commune,['Haute-Garonne'],['Occitanie'],COM,{31},{76}
04c2789d-a6dd-4538-84ed-33b0df624bb0,210900163,Commune de Arnave (09),false,{09016},Commune,2026-03-24 14:41:53.095366+01,gold_establishments_2025,,,,21090016300010,2025,Collectivité Territoriale,Commune,['Ariège'],['Occitanie'],COM,{09},{76}
5f1870a2-b3f2-423e-888f-1b365f3de411,215400227,Commune de Arnaville (54),false,{54022},Commune,2026-03-24 14:42:02.957225+01,gold_establishments_2025,,,,21540022700058,2025,Collectivité Territoriale,Commune,['Meurthe-et-Moselle'],['Grand Est'],COM,{54},{44}
7affc695-5da2-4370-9ae3-0271ddb68c8d,212100234,Commune de Arnay-le-Duc (21),false,{21023},Commune,2026-03-24 14:41:55.433389+01,gold_establishments_2025,,,,21210023400013,2025,Collectivité Territoriale,Commune,"[""Côte-d'Or""]",['Bourgogne-Franche-Comté'],COM,{21},{27}
b2203d74-ba59-4bfa-9693-32c3f7acf9f6,212100242,Commune de Arnay-sous-Vitteaux (21),false,{21024},Commune,2026-03-24 14:41:55.433389+01,gold_establishments_2025,,,,21210024200016,2025,Collectivité Territoriale,Commune,"[""Côte-d'Or""]",['Bourgogne-Franche-Comté'],COM,{21},{27}
9362ed3e-5fc8-4705-8b4a-b7afaa84e858,212600126,Commune de Arnayon (26),false,{26012},Commune,2026-03-24 14:41:56.495197+01,gold_establishments_2025,,,,21260012600016,2025,Collectivité Territoriale,Commune,['Drôme'],['Auvergne-Rhône-Alpes'],COM,{26},{84}
8e9d22f6-ac0f-4680-9421-e692e417add0,210800199,Commune de Arnicourt (08),false,{08021},Commune,2026-03-24 14:41:52.562531+01,gold_establishments_2025,,,,21080019900015,2025,Collectivité Territoriale,Commune,['Ardennes'],['Grand Est'],COM,{08},{44}
003eaed2-4a73-42f3-9cb2-94f0d15ec0c9,212700207,Commune de Arnières-sur-Iton (27),false,{27020},Commune,2026-03-24 14:41:56.495197+01,gold_establishments_2025,,,,21270020700013,2025,Collectivité Territoriale,Commune,['Eure'],['Normandie'],COM,{27},{28}
97cdfda4-a1d4-46f1-a79f-0adc8e6ca9e0,216400481,Commune de Arnos (64),false,{64048},Commune,2026-03-24 14:42:06.130387+01,gold_establishments_2025,,,,21640048100018,2025,Collectivité Territoriale,Commune,['Pyrénées-Atlantiques'],['Nouvelle-Aquitaine'],COM,{64},{75}
422f24d9-e073-468f-b058-9c2a06f72776,219500196,Commune de Arnouville (95),false,{95019},Commune,2026-03-24 14:42:11.659493+01,gold_establishments_2025,,,,21950019600130,2025,Collectivité Territoriale,Commune,"[""Val-d'Oise""]",['Île-de-France'],COM,{95},{11}
8ec34473-ee1d-4d32-9c50-44d4a24e7c70,217800200,Commune de Arnouville-lès-Mantes (78),false,{78020},Commune,2026-03-24 14:42:09.43682+01,gold_establishments_2025,,,,21780020000016,2025,Collectivité Territoriale,Commune,['Yvelines'],['Île-de-France'],COM,{78},{11}
002c4807-30aa-4bff-8085-22b59d83fcbe,215900184,Commune de Arnèke (59),false,{59018},Commune,2026-03-24 14:42:04.280096+01,gold_establishments_2025,,,,21590018400015,2025,Collectivité Territoriale,Commune,['Nord'],['Hauts-de-France'],COM,{59},{32}
9f055c83-d1be-4eaf-9117-445a02802bdb,216500280,Commune de Arné (65),false,{65028},Commune,2026-03-24 14:42:06.665412+01,gold_establishments_2025,,,,21650028000013,2025,Collectivité Territoriale,Commune,['Hautes-Pyrénées'],['Occitanie'],COM,{65},{76}
83380ad5-a8f6-465a-b153-a66c4d236d32,216400473,Commune de Arnéguy (64),false,{64047},Commune,2026-03-24 14:42:06.130387+01,gold_establishments_2025,,,,21640047300015,2025,Collectivité Territoriale,Commune,['Pyrénées-Atlantiques'],['Nouvelle-Aquitaine'],COM,{64},{75}
aebd49af-d661-4ac3-ae7b-30c707e48271,218800134,Commune de Aroffe (88),false,{88013},Commune,2026-03-24 14:42:11.118516+01,gold_establishments_2025,,,,21880013400015,2025,Collectivité Territoriale,Commune,['Vosges'],['Grand Est'],COM,{88},{44}
751a4684-f01a-4eb2-87e8-6a2bde0f2b1f,200071348,Commune de Aromas (39),false,{39018},Commune,2026-03-24 14:41:59.705606+01,gold_establishments_2025,,,,20007134800011,2025,Collectivité Territoriale,Commune,['Jura'],['Bourgogne-Franche-Comté'],COM,{39},{27}
f2096dc6-4bfe-4e5d-b1f6-d2345f57a332,215300088,Commune de Aron (53),false,{53008},Commune,2026-03-24 14:42:01.954481+01,gold_establishments_2025,,,,21530008800014,2025,Collectivité Territoriale,Commune,['Mayenne'],['Pays de la Loire'],COM,{53},{52}
360d471f-96e2-4cbf-882e-627f938aff04,216400499,Commune de Aroue-Ithorots-Olhaïby (64),false,{64049},Commune,2026-03-24 14:42:06.130387+01,gold_establishments_2025,,,,21640049900010,2025,Collectivité Territoriale,Commune,['Pyrénées-Atlantiques'],['Nouvelle-Aquitaine'],COM,{64},{75}
90f6f0f0-ccb8-4a17-9f31-3211f1c44713,217000280,Commune de Aroz (70),false,{70028},Commune,2026-03-24 14:42:07.735343+01,gold_establishments_2025,,,,21700028000016,2025,Collectivité Territoriale,Commune,['Haute-Saône'],['Bourgogne-Franche-Comté'],COM,{70},{27}
15cdf8da-ff0d-4587-9c08-3961cd3dfcac,213000144,Commune de Arpaillargues-et-Aureillac (30),false,{30014},Commune,2026-03-24 14:41:57.56054+01,gold_establishments_2025,,,,21300014400013,2025,Collectivité Territoriale,Commune,['Gard'],['Occitanie'],COM,{30},{76}
e96671ae-0581-4534-8c6a-44b2525f9241,219100211,Commune de Arpajon (91),false,{91021},Commune,2026-03-24 14:42:11.659493+01,gold_establishments_2025,,,,21910021100016,2025,Collectivité Territoriale,Commune,['Essonne'],['Île-de-France'],COM,{91},{11}
1c69995e-8a23-4418-abc1-6f634695e571,211500129,Commune de Arpajon-sur-Cère (15),false,{15012},Commune,2026-03-24 14:41:54.362296+01,gold_establishments_2025,,,,21150012900013,2025,Collectivité Territoriale,Commune,['Cantal'],['Auvergne-Rhône-Alpes'],COM,{15},{84}
c1d165e2-0810-443b-8be4-f530d065f354,212600134,Commune de Arpavon (26),false,{26013},Commune,2026-03-24 14:41:56.495197+01,gold_establishments_2025,,,,21260013400010,2025,Collectivité Territoriale,Commune,['Drôme'],['Auvergne-Rhône-Alpes'],COM,{26},{84}
e76b0a4b-e99f-4e4e-91b7-763f46678582,217000298,Commune de Arpenans (70),false,{70029},Commune,2026-03-24 14:42:07.735343+01,gold_establishments_2025,,,,21700029800018,2025,Collectivité Territoriale,Commune,['Haute-Saône'],['Bourgogne-Franche-Comté'],COM,{70},{27}
80b95a19-b1e0-4656-a6e0-b770ea36409a,211800131,Commune de Arpheuilles (18),false,{18013},Commune,2026-03-24 14:41:54.903238+01,gold_establishments_2025,,,,21180013100016,2025,Collectivité Territoriale,Commune,['Cher'],['Centre-Val de Loire'],COM,{18},{24}
38e4145a-b654-4038-843b-7e64183b42f8,213600083,Commune de Arpheuilles (36),false,{36008},Commune,2026-03-24 14:41:59.160244+01,gold_establishments_2025,,,,21360008300017,2025,Collectivité Territoriale,Commune,['Indre'],['Centre-Val de Loire'],COM,{36},{24}
56aa4659-6aeb-4bdc-b492-98378765f96a,210300075,Commune de Arpheuilles-Saint-Priest (03),false,{03007},Commune,2026-03-24 14:41:52.020251+01,gold_establishments_2025,,,,21030007500012,2025,Collectivité Territoriale,Commune,['Allier'],['Auvergne-Rhône-Alpes'],COM,{03},{84}
c1de1fee-5119-4fc6-8e10-3a0343156860,213000151,Commune de Arphy (30),false,{30015},Commune,2026-03-24 14:41:57.56054+01,gold_establishments_2025,,,,21300015100018,2025,Collectivité Territoriale,Commune,['Gard'],['Occitanie'],COM,{30},{76}
329acbb5-6a91-430e-8963-bbd7ff6430f7,215300096,Commune de Arquenay (53),false,{53009},Commune,2026-03-24 14:42:01.954481+01,gold_establishments_2025,,,,21530009600017,2025,Collectivité Territoriale,Commune,['Mayenne'],['Pays de la Loire'],COM,{53},{52}
6508f9df-84bc-40ac-8717-42dcad7d4519,211100151,Commune de Arques (11),false,{11015},Commune,2026-03-24 14:41:53.63825+01,gold_establishments_2025,,,,21110015100011,2025,Collectivité Territoriale,Commune,['Aude'],['Occitanie'],COM,{11},{76}
80339f31-bd12-4ade-929f-e0921f3bf7d1,211200100,Commune de Arques (12),false,{12010},Commune,2026-03-24 14:41:53.63825+01,gold_establishments_2025,,,,21120010000017,2025,Collectivité Territoriale,Commune,['Aveyron'],['Occitanie'],COM,{12},{76}
4bda53ae-ae5c-4574-aa20-b27d57855e2f,216200402,Commune de Arques (62),false,{62040},Commune,2026-03-24 14:42:05.597325+01,gold_establishments_2025,,,,21620040200016,2025,Collectivité Territoriale,Commune,['Pas-de-Calais'],['Hauts-de-France'],COM,{62},{32}
5d881c23-66f2-48bc-a984-92495598049a,217600261,Commune de Arques-la-Bataille (76),false,{76026},Commune,2026-03-24 14:42:08.818969+01,gold_establishments_2025,,,,21760026100010,2025,Collectivité Territoriale,Commune,['Seine-Maritime'],['Normandie'],COM,{76},{28}
8738c2f5-ffc1-42cf-8072-841b91eee8a5,211100169,Commune de Arquettes-en-Val (11),false,{11016},Commune,2026-03-24 14:41:53.63825+01,gold_establishments_2025,,,,21110016900013,2025,Collectivité Territoriale,Commune,['Aude'],['Occitanie'],COM,{11},{76}
1ed93cb6-89dd-4b03-b899-a9aedc220380,215800129,Commune de Arquian (58),false,{58012},Commune,2026-03-24 14:42:04.280096+01,gold_establishments_2025,,,,21580012900011,2025,Collectivité Territoriale,Commune,['Nièvre'],['Bourgogne-Franche-Comté'],COM,{58},{27}
cd348cc9-41bf-4672-a64f-21f934ea0f0e,218000263,Commune de Arquèves (80),false,{80028},Commune,2026-03-24 14:42:09.43682+01,gold_establishments_2025,,,,21800026300010,2025,Collectivité Territoriale,Commune,['Somme'],['Hauts-de-France'],COM,{80},{32}
33a267bc-ed94-4370-83be-92a63d5fdc6d,215400235,Commune de Arracourt (54),false,{54023},Commune,2026-03-24 14:42:02.957225+01,gold_establishments_2025,,,,21540023500010,2025,Collectivité Territoriale,Commune,['Meurthe-et-Moselle'],['Grand Est'],COM,{54},{44}
7fb0d983-e32a-4531-b82a-9299c02397da,215600032,Commune de Arradon (56),false,{56003},Commune,2026-03-24 14:42:03.701372+01,gold_establishments_2025,,,,21560003200019,2025,Collectivité Territoriale,Commune,['Morbihan'],['Bretagne'],COM,{56},{53}
9053135e-3566-47f4-91c7-d27e8f75a1e6,215700279,Commune de Arraincourt (57),false,{57027},Commune,2026-03-24 14:42:03.701372+01,gold_establishments_2025,,,,21570027900015,2025,Collectivité Territoriale,Commune,['Moselle'],['Grand Est'],COM,{57},{44}
46036059-bb90-480a-8996-fb84776b07ea,219100229,Commune de Arrancourt (91),false,{91022},Commune,2026-03-24 14:42:11.659493+01,gold_establishments_2025,,,,21910022900018,2025,Collectivité Territoriale,Commune,['Essonne'],['Île-de-France'],COM,{91},{11}
98b9a85a-c436-494e-9374-400254720a59,210200242,Commune de Arrancy (02),false,{02024},Commune,2026-03-24 14:41:51.447482+01,gold_establishments_2025,,,,21020024200019,2025,Collectivité Territoriale,Commune,['Aisne'],['Hauts-de-France'],COM,{02},{32}
312fe1d1-4852-4749-829f-cc5bc4fd8726,215500133,Commune de Arrancy-sur-Crusnes (55),false,{55013},Commune,2026-03-24 14:42:02.957225+01,gold_establishments_2025,,,,21550013300016,2025,Collectivité Territoriale,Commune,['Meuse'],['Grand Est'],COM,{55},{44}
4299c4a0-2dbe-4473-819a-a5423d4d75c1,212100259,Commune de Arrans (21),false,{21025},Commune,2026-03-24 14:41:55.433389+01,gold_establishments_2025,,,,21210025900010,2025,Collectivité Territoriale,Commune,"[""Côte-d'Or""]",['Bourgogne-Franche-Comté'],COM,{21},{27}
8fc01e1a-c2c6-48d3-bc93-8b68b5e4850c,216200410,Commune de Arras (62),false,{62041},Commune,2026-03-24 14:42:05.597325+01,gold_establishments_2025,,,,21620041000019,2025,Collectivité Territoriale,Commune,['Pas-de-Calais'],['Hauts-de-France'],COM,{62},{32}
c4ab8bb1-cdaf-44f8-91cf-0d3e82a6d1f0,216500298,Commune de Arras-en-Lavedan (65),false,{65029},Commune,2026-03-24 14:42:06.665412+01,gold_establishments_2025,,,,21650029800015,2025,Collectivité Territoriale,Commune,['Hautes-Pyrénées'],['Occitanie'],COM,{65},{76}
1c603cbf-dde6-4725-a447-2a28023cc623,210700159,Commune de Arras-sur-Rhône (07),false,{07015},Commune,2026-03-24 14:41:52.562531+01,gold_establishments_2025,,,,21070015900044,2025,Collectivité Territoriale,Commune,['Ardèche'],['Auvergne-Rhône-Alpes'],COM,{07},{84}
5d3690b7-24b3-4de1-acee-940a99bcb6bd,216400507,Commune de Arrast-Larrebieu (64),false,{64050},Commune,2026-03-24 14:42:06.130387+01,gold_establishments_2025,,,,21640050700010,2025,Collectivité Territoriale,Commune,['Pyrénées-Atlantiques'],['Nouvelle-Aquitaine'],COM,{64},{75}
bc9f99b7-d91a-4223-8197-49d10017943c,216400515,Commune de Arraute-Charritte (64),false,{64051},Commune,2026-03-24 14:42:06.130387+01,gold_establishments_2025,,,,21640051500013,2025,Collectivité Territoriale,Commune,['Pyrénées-Atlantiques'],['Nouvelle-Aquitaine'],COM,{64},{75}
c2b50163-88d8-49a4-98d9-5a0cefddc875,215400243,Commune de Arraye-et-Han (54),false,{54024},Commune,2026-03-24 14:42:02.957225+01,gold_establishments_2025,,,,21540024300014,2025,Collectivité Territoriale,Commune,['Meurthe-et-Moselle'],['Grand Est'],COM,{54},{44}
da06ddd6-c695-49f0-891f-d39a46853b8b,216502476,Commune de Arrayou-Lahitte (65),false,{65247},Commune,2026-03-24 14:42:06.665412+01,gold_establishments_2025,,,,21650247600015,2025,Collectivité Territoriale,Commune,['Hautes-Pyrénées'],['Occitanie'],COM,{65},{76}
32e875cf-4f54-4c7f-b2f8-d6ac3417f5cb,213000169,Commune de Arre (30),false,{30016},Commune,2026-03-24 14:41:57.56054+01,gold_establishments_2025,,,,21300016900010,2025,Collectivité Territoriale,Commune,['Gard'],['Occitanie'],COM,{30},{76}
ad026adf-b96d-4bc9-8dc3-4921a789a366,216500314,Commune de Arreau (65),false,{65031},Commune,2026-03-24 14:42:06.665412+01,gold_establishments_2025,,,,21650031400010,2025,Collectivité Territoriale,Commune,['Hautes-Pyrénées'],['Occitanie'],COM,{65},{76}
8ac3ea8f-bc39-4d13-93f1-f0614f89a1a9,211000088,Commune de Arrelles (10),false,{10009},Commune,2026-03-24 14:41:53.095366+01,gold_establishments_2025,,,,21100008800016,2025,Collectivité Territoriale,Commune,['Aube'],['Grand Est'],COM,{10},{44}
627d4d5c-e3fa-4f23-8296-45f17bec4d0d,211000096,Commune de Arrembécourt (10),false,{10010},Commune,2026-03-24 14:41:53.095366+01,gold_establishments_2025,,,,21100009600019,2025,Collectivité Territoriale,Commune,['Aube'],['Grand Est'],COM,{10},{44}
1d295b1a-c4af-4169-896e-e2daacc9821f,216500322,Commune de Arrens-Marsous (65),false,{65032},Commune,2026-03-24 14:42:06.665412+01,gold_establishments_2025,,,,21650032200013,2025,Collectivité Territoriale,Commune,['Hautes-Pyrénées'],['Occitanie'],COM,{65},{76}
fbd3bf87-1f23-4a03-ba7c-2ed940e765a1,211000104,Commune de Arrentières (10),false,{10011},Commune,2026-03-24 14:41:53.095366+01,gold_establishments_2025,,,,21100010400011,2025,Collectivité Territoriale,Commune,['Aube'],['Grand Est'],COM,{10},{44}
98b5b8e4-dc20-4b0a-af62-97684f31d3b9,218800142,Commune de Arrentès-de-Corcieux (88),false,{88014},Commune,2026-03-24 14:42:11.118516+01,gold_establishments_2025,,,,21880014200018,2025,Collectivité Territoriale,Commune,['Vosges'],['Grand Est'],COM,{88},{44}
bd015780-1933-4bc5-bf7f-b70e552a9ab1,218000271,Commune de Arrest (80),false,{80029},Commune,2026-03-24 14:42:09.43682+01,gold_establishments_2025,,,,21800027100047,2025,Collectivité Territoriale,Commune,['Somme'],['Hauts-de-France'],COM,{80},{32}
0103c57c-f920-427e-b453-44c3abd13668,210800207,Commune de Arreux (08),false,{08022},Commune,2026-03-24 14:41:52.562531+01,gold_establishments_2025,,,,21080020700016,2025,Collectivité Territoriale,Commune,['Ardennes'],['Grand Est'],COM,{08},{44}
daefba9f-f154-4e03-ace2-3bf048fc3193,215700295,Commune de Arriance (57),false,{57029},Commune,2026-03-24 14:42:03.701372+01,gold_establishments_2025,,,,21570029500011,2025,Collectivité Territoriale,Commune,['Moselle'],['Grand Est'],COM,{57},{44}
e87cab2a-5046-4eb6-8516-6f0f36d0ac9f,216400523,Commune de Arricau-Bordes (64),false,{64052},Commune,2026-03-24 14:42:06.130387+01,gold_establishments_2025,,,,21640052300017,2025,Collectivité Territoriale,Commune,['Pyrénées-Atlantiques'],['Nouvelle-Aquitaine'],COM,{64},{75}
2ffeda67-74f6-4027-9d70-5d6bed82efcf,216400531,Commune de Arrien (64),false,{64053},Commune,2026-03-24 14:42:06.130387+01,gold_establishments_2025,,,,21640053100010,2025,Collectivité Territoriale,Commune,['Pyrénées-Atlantiques'],['Nouvelle-Aquitaine'],COM,{64},{75}
c517d70d-91d4-4afb-8baa-7b5e63af908e,210900171,Commune de Arrien-en-Bethmale (09),false,{09017},Commune,2026-03-24 14:41:53.095366+01,gold_establishments_2025,,,,21090017100013,2025,Collectivité Territoriale,Commune,['Ariège'],['Occitanie'],COM,{09},{76}
896bd20d-86bb-4ccf-ac85-8891f43134c6,213000177,Commune de Arrigas (30),false,{30017},Commune,2026-03-24 14:41:57.56054+01,gold_establishments_2025,,,,21300017700013,2025,Collectivité Territoriale,Commune,['Gard'],['Occitanie'],COM,{30},{76}
a45e6e15-12a4-4246-96ae-6ed52e2f9655,215100157,Commune de Arrigny (51),false,{51016},Commune,2026-03-24 14:42:01.412377+01,gold_establishments_2025,,,,21510015700019,2025,Collectivité Territoriale,Commune,['Marne'],['Grand Est'],COM,{51},{44}
f3d9b528-cc1c-4728-a6bc-4d962d57d2f7,212000228,Commune de Arro (2A),false,{2A022},Commune,2026-03-24 14:41:57.56054+01,gold_establishments_2025,,,,21200022800016,2025,Collectivité Territoriale,Commune,['Corse-du-Sud'],['Corse'],COM,{2A},{94}
47fc5b6d-2661-474e-b633-8c860dbbe209,216500348,Commune de Arrodets (65),false,{65034},Commune,2026-03-24 14:42:06.665412+01,gold_establishments_2025,,,,21650034800018,2025,Collectivité Territoriale,Commune,['Hautes-Pyrénées'],['Occitanie'],COM,{65},{76}
8210a499-73be-4888-82c1-d8693b47d4a4,216500330,Commune de Arrodets-ez-Angles (65),false,{65033},Commune,2026-03-24 14:42:06.665412+01,gold_establishments_2025,,,,21650033000016,2025,Collectivité Territoriale,Commune,['Hautes-Pyrénées'],['Occitanie'],COM,{65},{76}
5c63c174-9279-4c07-9bf6-0d979baeb889,211400213,Commune de Arromanches-les-Bains (14),false,{14021},Commune,2026-03-24 14:41:53.63825+01,gold_establishments_2025,,,,21140021300016,2025,Collectivité Territoriale,Commune,['Calvados'],['Normandie'],COM,{14},{28}
3473cf48-b487-4005-8e73-33636aa1efdb,210300083,Commune de Arronnes (03),false,{03008},Commune,2026-03-24 14:41:52.020251+01,gold_establishments_2025,,,,21030008300016,2025,Collectivité Territoriale,Commune,['Allier'],['Auvergne-Rhône-Alpes'],COM,{03},{84}
2120f9b8-9b65-47b1-9a7f-bd8558b108b6,219500238,Commune de Arronville (95),false,{95023},Commune,2026-03-24 14:42:11.659493+01,gold_establishments_2025,,,,21950023800015,2025,Collectivité Territoriale,Commune,"[""Val-d'Oise""]",['Île-de-France'],COM,{95},{11}
9438321e-4176-4b75-9d99-49b020e718cf,216400549,Commune de Arros-de-Nay (64),false,{64054},Commune,2026-03-24 14:42:06.130387+01,gold_establishments_2025,,,,21640054900012,2025,Collectivité Territoriale,Commune,['Pyrénées-Atlantiques'],['Nouvelle-Aquitaine'],COM,{64},{75}
aceefae6-25d3-41d6-8c39-98adcfe289b1,216400564,Commune de Arrosès (64),false,{64056},Commune,2026-03-24 14:42:06.130387+01,gold_establishments_2025,,,,21640056400011,2025,Collectivité Territoriale,Commune,['Pyrénées-Atlantiques'],['Nouvelle-Aquitaine'],COM,{64},{75}
9cdad30a-290c-4a6e-a4bb-0a2c0cd0d33a,210900189,Commune de Arrout (09),false,{09018},Commune,2026-03-24 14:41:53.095366+01,gold_establishments_2025,,,,21090018900015,2025,Collectivité Territoriale,Commune,['Ariège'],['Occitanie'],COM,{09},{76}
e8b7e54c-34f7-41c8-ac5d-ed6453af5234,213200108,Commune de Arrouède (32),false,{32010},Commune,2026-03-24 14:41:58.09424+01,gold_establishments_2025,,,,21320010800016,2025,Collectivité Territoriale,Commune,['Gers'],['Occitanie'],COM,{32},{76}
c61914ff-80bf-4ffd-89b6-8a83f66097f4,215700303,Commune de Arry (57),false,{57030},Commune,2026-03-24 14:42:03.701372+01,gold_establishments_2025,,,,21570030300013,2025,Collectivité Territoriale,Commune,['Moselle'],['Grand Est'],COM,{57},{44}
63deb346-352b-4156-b002-9e8b05e75d98,218000289,Commune de Arry (80),false,{80030},Commune,2026-03-24 14:42:09.43682+01,gold_establishments_2025,,,,21800028900015,2025,Collectivité Territoriale,Commune,['Somme'],['Hauts-de-France'],COM,{80},{32}
364a20fc-9209-4d70-af1e-785669e94887,212300602,Commune de Arrènes (23),false,{23006},Commune,2026-03-24 14:41:55.958138+01,gold_establishments_2025,,,,21230060200019,2025,Collectivité Territoriale,Commune,['Creuse'],['Nouvelle-Aquitaine'],COM,{23},{75}
03143d67-c6c5-47c8-9adc-5fbb9eb5fdfa,211600184,Commune de Ars (16),false,{16018},Commune,2026-03-24 14:41:54.362296+01,gold_establishments_2025,,,,21160018400017,2025,Collectivité Territoriale,Commune,['Charente'],['Nouvelle-Aquitaine'],COM,{16},{75}
df075bf2-0b22-491c-a1f9-6db869671e3f,212300701,Commune de Ars (23),false,{23007},Commune,2026-03-24 14:41:55.958138+01,gold_establishments_2025,,,,21230070100019,2025,Collectivité Territoriale,Commune,['Creuse'],['Nouvelle-Aquitaine'],COM,{23},{75}
c0957e0d-ad5f-42b4-acec-d5514571cdfc,215700311,Commune de Ars-Laquenexy (57),false,{57031},Commune,2026-03-24 14:42:03.701372+01,gold_establishments_2025,,,,21570031100065,2025,Collectivité Territoriale,Commune,['Moselle'],['Grand Est'],COM,{57},{44}
4aacca23-4b41-4a83-9a3c-3db9c10bfa9e,211700190,Commune de Ars-en-Ré (17),false,{17019},Commune,2026-03-24 14:41:54.903238+01,gold_establishments_2025,,,,21170019000088,2025,Collectivité Territoriale,Commune,['Charente-Maritime'],['Nouvelle-Aquitaine'],COM,{17},{75}
8085fe14-8a19-4f2a-b483-1df468199f17,216300111,Commune de Ars-les-Favets (63),false,{63011},Commune,2026-03-24 14:42:06.130387+01,gold_establishments_2025,,,,21630011100012,2025,Collectivité Territoriale,Commune,['Puy-de-Dôme'],['Auvergne-Rhône-Alpes'],COM,{63},{84}
709f9ced-41f3-4ca8-8856-e262fb1ea6a1,210100210,Commune de Ars-sur-Formans (01),false,{01021},Commune,2026-03-24 14:41:51.447482+01,gold_establishments_2025,,,,21010021000017,2025,Collectivité Territoriale,Commune,['Ain'],['Auvergne-Rhône-Alpes'],COM,{01},{84}
b9290ed4-f00a-43a1-8f0f-a99b497beb0c,215700329,Commune de Ars-sur-Moselle (57),false,{57032},Commune,2026-03-24 14:42:03.701372+01,gold_establishments_2025,,,,21570032900018,2025,Collectivité Territoriale,Commune,['Moselle'],['Grand Est'],COM,{57},{44}
c01af1c2-b1e5-4025-9d0a-71a0ac43a2de,213300122,Commune de Arsac (33),false,{33012},Commune,2026-03-24 14:41:58.09424+01,gold_establishments_2025,,,,21330012200016,2025,Collectivité Territoriale,Commune,['Gironde'],['Nouvelle-Aquitaine'],COM,{33},{75}
dc8d3f05-1fe0-422d-a499-5cf55ac6dc37,214300105,Commune de Arsac-en-Velay (43),false,{43010},Commune,2026-03-24 14:42:00.273698+01,gold_establishments_2025,,,,21430010500019,2025,Collectivité Territoriale,Commune,['Haute-Loire'],['Auvergne-Rhône-Alpes'],COM,{43},{84}
a80dc061-1314-462b-89c4-a31c2f4d84dc,214000119,Commune de Arsague (40),false,{40011},Commune,2026-03-24 14:41:59.705606+01,gold_establishments_2025,,,,21400011900013,2025,Collectivité Territoriale,Commune,['Landes'],['Nouvelle-Aquitaine'],COM,{40},{75}
5d5ccb15-a53f-46fc-b8c6-deea88adbade,217000306,Commune de Arsans (70),false,{70030},Commune,2026-03-24 14:42:07.735343+01,gold_establishments_2025,,,,21700030600019,2025,Collectivité Territoriale,Commune,['Haute-Saône'],['Bourgogne-Franche-Comté'],COM,{70},{27}
8627bca4-4073-48db-a659-c3a5bbc129e6,211000112,Commune de Arsonval (10),false,{10012},Commune,2026-03-24 14:41:53.095366+01,gold_establishments_2025,,,,21100011200014,2025,Collectivité Territoriale,Commune,['Aube'],['Grand Est'],COM,{10},{44}
36eed245-421e-4d70-b7a2-0d5e165fb63d,213900202,Commune de Arsure-Arsurette (39),false,{39020},Commune,2026-03-24 14:41:59.705606+01,gold_establishments_2025,,,,21390020200010,2025,Collectivité Territoriale,Commune,['Jura'],['Bourgogne-Franche-Comté'],COM,{39},{27}
94de253d-b1fb-4c9f-879d-e05922b7e4d1,216000240,Commune de Arsy (60),false,{60024},Commune,2026-03-24 14:42:04.814328+01,gold_establishments_2025,,,,21600024000012,2025,Collectivité Territoriale,Commune,['Oise'],['Hauts-de-France'],COM,{60},{32}
aadf5aa2-8fdd-4fdd-96dd-a4c4fbab4d1b,215400250,Commune de Art-sur-Meurthe (54),false,{54025},Commune,2026-03-24 14:42:02.957225+01,gold_establishments_2025,,,,21540025000019,2025,Collectivité Territoriale,Commune,['Meurthe-et-Moselle'],['Grand Est'],COM,{54},{44}
5daa413f-5f22-4455-9520-21bb6ccd0e90,216500355,Commune de Artagnan (65),false,{65035},Commune,2026-03-24 14:42:06.665412+01,gold_establishments_2025,,,,21650035500013,2025,Collectivité Territoriale,Commune,['Hautes-Pyrénées'],['Occitanie'],COM,{65},{76}
4bd68bfd-57ee-460b-a1f7-d58a751c7882,210800215,Commune de Artaise-le-Vivier (08),false,{08023},Commune,2026-03-24 14:41:52.562531+01,gold_establishments_2025,,,,21080021500019,2025,Collectivité Territoriale,Commune,['Ardennes'],['Grand Est'],COM,{08},{44}
cb07f0f9-fdb1-45c8-8f78-81003e623e1d,217100122,Commune de Artaix (71),false,{71012},Commune,2026-03-24 14:42:07.735343+01,gold_establishments_2025,,,,21710012200019,2025,Collectivité Territoriale,Commune,['Saône-et-Loire'],['Bourgogne-Franche-Comté'],COM,{71},{27}
79bb7c7e-8b01-40b1-9ab4-5e6389f5b8bc,216500363,Commune de Artalens-Souin (65),false,{65036},Commune,2026-03-24 14:42:06.665412+01,gold_establishments_2025,,,,21650036300017,2025,Collectivité Territoriale,Commune,['Hautes-Pyrénées'],['Occitanie'],COM,{65},{76}
4c93c4ec-0acf-437b-b3d1-540f659d53a2,213700065,Commune de Artannes-sur-Indre (37),false,{37006},Commune,2026-03-24 14:41:59.160244+01,gold_establishments_2025,,,,21370006500013,2025,Collectivité Territoriale,Commune,['Indre-et-Loire'],['Centre-Val de Loire'],COM,{37},{24}
dfc55b0c-206e-478f-b3a3-914b0b7c603f,214900110,Commune de Artannes-sur-Thouet (49),false,{49011},Commune,2026-03-24 14:42:01.412377+01,gold_establishments_2025,,,,21490011000013,2025,Collectivité Territoriale,Commune,['Maine-et-Loire'],['Pays de la Loire'],COM,{49},{52}
291b6880-adaa-4f3f-babb-cb6b10a1ec3b,213800154,Commune de Artas (38),false,{38015},Commune,2026-03-24 14:41:59.160244+01,gold_establishments_2025,,,,21380015400063,2025,Collectivité Territoriale,Commune,['Isère'],['Auvergne-Rhône-Alpes'],COM,{38},{84}
df1562a8-43b4-4914-8a1b-4ed6f09ecc00,214000127,Commune de Artassenx (40),false,{40012},Commune,2026-03-24 14:41:59.705606+01,gold_establishments_2025,,,,21400012700016,2025,Collectivité Territoriale,Commune,['Landes'],['Nouvelle-Aquitaine'],COM,{40},{75}
9e9fcf2c-993f-4f18-a39c-8032393c88a6,210100228,Commune de Artemare (01),false,{01022},Commune,2026-03-24 14:41:51.447482+01,gold_establishments_2025,,,,21010022800019,2025,Collectivité Territoriale,Commune,['Ain'],['Auvergne-Rhône-Alpes'],COM,{01},{84}
4ec3d5eb-7324-4fa8-a34b-64254c8c57e6,210200259,Commune de Artemps (02),false,{02025},Commune,2026-03-24 14:41:51.447482+01,gold_establishments_2025,,,,21020025900013,2025,Collectivité Territoriale,Commune,['Aisne'],['Hauts-de-France'],COM,{02},{32}
c234dac6-c6e6-4aef-bc54-5af39dde5bd0,214500084,Commune de Artenay (45),false,{45008},Commune,2026-03-24 14:42:00.862623+01,gold_establishments_2025,,,,21450008400014,2025,Collectivité Territoriale,Commune,['Loiret'],['Centre-Val de Loire'],COM,{45},{24}
57bf518d-f6b8-4ebf-8613-945a05635e79,217400217,Commune de Arthaz-Pont-Notre-Dame (74),false,{74021},Commune,2026-03-24 14:42:08.279287+01,gold_establishments_2025,,,,21740021700014,2025,Collectivité Territoriale,Commune,['Haute-Savoie'],['Auvergne-Rhône-Alpes'],COM,{74},{84}
ecf306bb-0bd9-4c56-804d-9184fa4cb512,215800137,Commune de Arthel (58),false,{58013},Commune,2026-03-24 14:42:04.280096+01,gold_establishments_2025,,,,21580013700014,2025,Collectivité Territoriale,Commune,['Nièvre'],['Bourgogne-Franche-Comté'],COM,{58},{27}
c8f7aa87-881d-48d2-8a5c-6352c3216e59,211700208,Commune de Arthenac (17),false,{17020},Commune,2026-03-24 14:41:54.903238+01,gold_establishments_2025,,,,21170020800013,2025,Collectivité Territoriale,Commune,['Charente-Maritime'],['Nouvelle-Aquitaine'],COM,{17},{75}
187728b7-be2b-4103-9fe2-c36d0b9e1037,214000135,Commune de Arthez-d'Armagnac (40),false,{40013},Commune,2026-03-24 14:41:59.705606+01,gold_establishments_2025,,,,21400013500019,2025,Collectivité Territoriale,Commune,['Landes'],['Nouvelle-Aquitaine'],COM,{40},{75}
aad1e001-6546-4aa8-a1c6-148c8f89da80,216400580,Commune de Arthez-d'Asson (64),false,{64058},Commune,2026-03-24 14:42:06.130387+01,gold_establishments_2025,,,,21640058000017,2025,Collectivité Territoriale,Commune,['Pyrénées-Atlantiques'],['Nouvelle-Aquitaine'],COM,{64},{75}
5c7ac28d-7285-4cc5-a55e-d3ddb52b2dfd,216400572,Commune de Arthez-de-Béarn (64),false,{64057},Commune,2026-03-24 14:42:06.130387+01,gold_establishments_2025,,,,21640057200014,2025,Collectivité Territoriale,Commune,['Pyrénées-Atlantiques'],['Nouvelle-Aquitaine'],COM,{64},{75}
b2985ad3-383b-4bf0-8742-8747644d01ab,217200096,Commune de Arthezé (72),false,{72009},Commune,2026-03-24 14:42:08.279287+01,gold_establishments_2025,,,,21720009600014,2025,Collectivité Territoriale,Commune,['Sarthe'],['Pays de la Loire'],COM,{72},{52}
1615dc16-de0c-406e-ae6b-f6b9395cc455,219500246,Commune de Arthies (95),false,{95024},Commune,2026-03-24 14:42:11.659493+01,gold_establishments_2025,,,,21950024600018,2025,Collectivité Territoriale,Commune,"[""Val-d'Oise""]",['Île-de-France'],COM,{95},{11}
f18bd62c-aafe-4dfc-93a2-2e0dad640a9f,213600091,Commune de Arthon (36),false,{36009},Commune,2026-03-24 14:41:59.160244+01,gold_establishments_2025,,,,21360009100010,2025,Collectivité Territoriale,Commune,['Indre'],['Centre-Val de Loire'],COM,{36},{24}
ff9d0278-0335-4958-8a46-34d77b6f5c9e,218900199,Commune de Arthonnay (89),false,{89019},Commune,2026-03-24 14:42:11.118516+01,gold_establishments_2025,,,,21890019900017,2025,Collectivité Territoriale,Commune,['Yonne'],['Bourgogne-Franche-Comté'],COM,{89},{27}
a3341a35-308f-4706-8c80-75a809491d72,214200099,Commune de Arthun (42),false,{42009},Commune,2026-03-24 14:42:00.273698+01,gold_establishments_2025,,,,21420009900015,2025,Collectivité Territoriale,Commune,['Loire'],['Auvergne-Rhône-Alpes'],COM,{42},{84}
2d29d52c-f014-4ba0-8891-b222ae19c6ed,218100188,Commune de Arthès (81),false,{81018},Commune,2026-03-24 14:42:09.967209+01,gold_establishments_2025,,,,21810018800018,2025,Collectivité Territoriale,Commune,['Tarn'],['Occitanie'],COM,{81},{76}
dd6ff5be-5d3a-4219-8d4b-12e528ac816c,212600142,Commune de Arthémonay (26),false,{26014},Commune,2026-03-24 14:41:56.495197+01,gold_establishments_2025,,,,21260014200013,2025,Collectivité Territoriale,Commune,['Drôme'],['Auvergne-Rhône-Alpes'],COM,{26},{84}
bf605998-2959-4269-a389-8743d763b45d,210900197,Commune de Artigat (09),false,{09019},Commune,2026-03-24 14:41:53.095366+01,gold_establishments_2025,,,,21090019700018,2025,Collectivité Territoriale,Commune,['Ariège'],['Occitanie'],COM,{09},{76}
3238fcd2-8c08-4ce9-9e8b-1f6c759384a8,218300051,Commune de Artignosc-sur-Verdon (83),false,{83005},Commune,2026-03-24 14:42:10.508772+01,gold_establishments_2025,,,,21830005100057,2025,Collectivité Territoriale,Commune,['Var'],"[""Provence-Alpes-Côte d'Azur""]",COM,{83},{93}
3fa4bfdb-a76e-4da3-a852-dc910861c042,213100191,Commune de Artigue (31),false,{31019},Commune,2026-03-24 14:41:57.56054+01,gold_establishments_2025,,,,21310019100013,2025,Collectivité Territoriale,Commune,['Haute-Garonne'],['Occitanie'],COM,{31},{76}
f6df9478-1a19-45f7-8001-4bd33df1e1a7,216400598,Commune de Artigueloutan (64),false,{64059},Commune,2026-03-24 14:42:06.130387+01,gold_establishments_2025,,,,21640059800019,2025,Collectivité Territoriale,Commune,['Pyrénées-Atlantiques'],['Nouvelle-Aquitaine'],COM,{64},{75}
ecc97d37-ccfd-41c8-ba1d-350741ab3163,216400606,Commune de Artiguelouve (64),false,{64060},Commune,2026-03-24 14:42:06.130387+01,gold_establishments_2025,,,,21640060600010,2025,Collectivité Territoriale,Commune,['Pyrénées-Atlantiques'],['Nouvelle-Aquitaine'],COM,{64},{75}
177c8672-f07e-4ef3-bc1a-d4677366a77e,216500371,Commune de Artiguemy (65),false,{65037},Commune,2026-03-24 14:42:06.665412+01,gold_establishments_2025,,,,21650037100010,2025,Collectivité Territoriale,Commune,['Hautes-Pyrénées'],['Occitanie'],COM,{65},{76}
8997fd69-f944-4fb9-aa99-e9cb887de32e,210900205,Commune de Artigues (09),false,{09020},Commune,2026-03-24 14:41:53.095366+01,gold_establishments_2025,,,,21090020500019,2025,Collectivité Territoriale,Commune,['Ariège'],['Occitanie'],COM,{09},{76}
5b3bf1e7-4fa9-4ab8-8bc8-823db213e18d,211100177,Commune de Artigues (11),false,{11017},Commune,2026-03-24 14:41:53.63825+01,gold_establishments_2025,,,,21110017700016,2025,Collectivité Territoriale,Commune,['Aude'],['Occitanie'],COM,{11},{76}
2bee8229-e207-40dc-9868-923ba71e8bc1,216500389,Commune de Artigues (65),false,{65038},Commune,2026-03-24 14:42:06.665412+01,gold_establishments_2025,,,,21650038900012,2025,Collectivité Territoriale,Commune,['Hautes-Pyrénées'],['Occitanie'],COM,{65},{76}
ae332af5-febe-4fa0-981d-73f704daaa0e,218300069,Commune de Artigues (83),false,{83006},Commune,2026-03-24 14:42:10.508772+01,gold_establishments_2025,,,,21830006900018,2025,Collectivité Territoriale,Commune,['Var'],"[""Provence-Alpes-Côte d'Azur""]",COM,{83},{93}
651b2ab3-6e10-4761-9885-c0c441dc16c5,213300130,Commune de Artigues-près-Bordeaux (33),false,{33013},Commune,2026-03-24 14:41:58.09424+01,gold_establishments_2025,,,,21330013000019,2025,Collectivité Territoriale,Commune,['Gironde'],['Nouvelle-Aquitaine'],COM,{33},{75}
f0dc3c2f-a164-4598-b7ec-8ab063ed4c3a,214100042,Commune de Artins (41),false,{41004},Commune,2026-03-24 14:41:59.705606+01,gold_establishments_2025,,,,21410004200016,2025,Collectivité Territoriale,Commune,['Loir-et-Cher'],['Centre-Val de Loire'],COM,{41},{24}
5de2814d-7236-4ee4-8aa8-01cb74c01a91,210900213,Commune de Artix (09),false,{09021},Commune,2026-03-24 14:41:53.095366+01,gold_establishments_2025,,,,21090021300013,2025,Collectivité Territoriale,Commune,['Ariège'],['Occitanie'],COM,{09},{76}
e101021d-725a-47e9-b279-628173134574,216400614,Commune de Artix (64),false,{64061},Commune,2026-03-24 14:42:06.130387+01,gold_establishments_2025,,,,21640061400014,2025,Collectivité Territoriale,Commune,['Pyrénées-Atlantiques'],['Nouvelle-Aquitaine'],COM,{64},{75}
1570c500-f97b-4f73-b06b-42ef72cd6bb9,216700112,Commune de Artolsheim (67),false,{67011},Commune,2026-03-24 14:42:06.665412+01,gold_establishments_2025,,,,21670011200016,2025,Collectivité Territoriale,Commune,['Bas-Rhin'],['Grand Est'],COM,{67},{44}
393fbd2a-0c2a-48d1-8c19-67e53dbd7080,216300129,Commune de Artonne (63),false,{63012},Commune,2026-03-24 14:42:06.130387+01,gold_establishments_2025,,,,21630012900014,2025,Collectivité Territoriale,Commune,['Puy-de-Dôme'],['Auvergne-Rhône-Alpes'],COM,{63},{84}
1f612ecc-1eb2-4553-bf75-62bc2a798c63,215900192,Commune de Artres (59),false,{59019},Commune,2026-03-24 14:42:04.280096+01,gold_establishments_2025,,,,21590019200018,2025,Collectivité Territoriale,Commune,['Nord'],['Hauts-de-France'],COM,{59},{32}
ef3f689c-ff36-4938-bba5-ba873ddd1116,216800094,Commune de Artzenheim (68),false,{68009},Commune,2026-03-24 14:42:07.195692+01,gold_establishments_2025,,,,21680009400015,2025,Collectivité Territoriale,Commune,['Haut-Rhin'],['Grand Est'],COM,{68},{44}
6c8d1681-9a4a-4588-8d50-472c5e266e65,216400622,Commune de Arudy (64),false,{64062},Commune,2026-03-24 14:42:06.130387+01,gold_establishments_2025,,,,21640062200017,2025,Collectivité Territoriale,Commune,['Pyrénées-Atlantiques'],['Nouvelle-Aquitaine'],COM,{64},{75}
85d56592-34e1-4001-9da1-f01857443be1,214000143,Commune de Arue (40),false,{40014},Commune,2026-03-24 14:41:59.705606+01,gold_establishments_2025,,,,21400014300013,2025,Collectivité Territoriale,Commune,['Landes'],['Nouvelle-Aquitaine'],COM,{40},{75}
6fdf3383-c8c5-4160-81c3-2c01881d0a03,211700216,Commune de Arvert (17),false,{17021},Commune,2026-03-24 14:41:54.903238+01,gold_establishments_2025,,,,21170021600016,2025,Collectivité Territoriale,Commune,['Charente-Maritime'],['Nouvelle-Aquitaine'],COM,{17},{75}
aef32bf0-64a8-46b8-9ac1-e0dfb6a91f34,213300155,Commune de Arveyres (33),false,{33015},Commune,2026-03-24 14:41:58.09424+01,gold_establishments_2025,,,,21330015500016,2025,Collectivité Territoriale,Commune,['Gironde'],['Nouvelle-Aquitaine'],COM,{33},{75}
647fbe5d-f0d4-48f0-a9ef-0e4aefbfa831,211200118,Commune de Arvieu (12),false,{12011},Commune,2026-03-24 14:41:53.63825+01,gold_establishments_2025,,,,21120011800019,2025,Collectivité Territoriale,Commune,['Aveyron'],['Occitanie'],COM,{12},{76}
176fd099-9c1b-4288-9546-514256931919,210500070,Commune de Arvieux (05),false,{05007},Commune,2026-03-24 14:41:52.562531+01,gold_establishments_2025,,,,21050007000011,2025,Collectivité Territoriale,Commune,['Hautes-Alpes'],"[""Provence-Alpes-Côte d'Azur""]",COM,{05},{93}
a2e6a928-6fad-4a6f-b94b-eb51b0a41375,210900221,Commune de Arvigna (09),false,{09022},Commune,2026-03-24 14:41:53.095366+01,gold_establishments_2025,,,,21090022100016,2025,Collectivité Territoriale,Commune,['Ariège'],['Occitanie'],COM,{09},{76}
f6cd3e4c-5aef-4b95-8187-5929eb8aeecd,217300219,Commune de Arvillard (73),false,{73021},Commune,2026-03-24 14:42:08.279287+01,gold_establishments_2025,,,,21730021900011,2025,Collectivité Territoriale,Commune,['Savoie'],['Auvergne-Rhône-Alpes'],COM,{73},{84}
a2bbc6ea-52f0-4d4c-a8ce-ea12269b3c74,217700095,Commune de Arville (77),false,{77009},Commune,2026-03-24 14:42:08.818969+01,gold_establishments_2025,,,,21770009500011,2025,Collectivité Territoriale,Commune,['Seine-et-Marne'],['Île-de-France'],COM,{77},{11}
804704bc-c888-4f09-8392-4b1022db598f,218000297,Commune de Arvillers (80),false,{80031},Commune,2026-03-24 14:42:09.43682+01,gold_establishments_2025,,,,21800029700018,2025,Collectivité Territoriale,Commune,['Somme'],['Hauts-de-France'],COM,{80},{32}
8a8fbf3f-3d37-4653-b9fd-608a23b2f824,200086403,Commune de Arvière-en-Valromey (01),false,{01453},Commune,2026-03-24 14:41:51.447482+01,gold_establishments_2025,,,,20008640300017,2025,Collectivité Territoriale,Commune,['Ain'],['Auvergne-Rhône-Alpes'],COM,{01},{84}
aff9dc7a-23bd-4254-bf7f-ec15be45753c,214000150,Commune de Arx (40),false,{40015},Commune,2026-03-24 14:41:59.705606+01,gold_establishments_2025,,,,21400015000018,2025,Collectivité Territoriale,Commune,['Landes'],['Nouvelle-Aquitaine'],COM,{40},{75}
2e491c0d-eb75-4905-83df-97d812038ad1,216400630,Commune de Arzacq-Arraziguet (64),false,{64063},Commune,2026-03-24 14:42:06.130387+01,gold_establishments_2025,,,,21640063000010,2025,Collectivité Territoriale,Commune,['Pyrénées-Atlantiques'],['Nouvelle-Aquitaine'],COM,{64},{75}
e077ab3a-520e-4e8f-8869-66d661ba587f,215600040,Commune de Arzal (56),false,{56004},Commune,2026-03-24 14:42:03.701372+01,gold_establishments_2025,,,,21560004000012,2025,Collectivité Territoriale,Commune,['Morbihan'],['Bretagne'],COM,{56},{53}
f5972010-7caa-4507-8ec3-0016e2e80354,212900021,Commune de Arzano (29),false,{29002},Commune,2026-03-24 14:41:57.028721+01,gold_establishments_2025,,,,21290002100016,2025,Collectivité Territoriale,Commune,['Finistère'],['Bretagne'],COM,{29},{53}
a4e402d6-88b3-4592-aed0-09956342c419,215800145,Commune de Arzembouy (58),false,{58014},Commune,2026-03-24 14:42:04.280096+01,gold_establishments_2025,,,,21580014500017,2025,Collectivité Territoriale,Commune,['Nièvre'],['Bourgogne-Franche-Comté'],COM,{58},{27}
8ac09c41-b89e-4143-8d14-a4cfd0b2deba,214800070,Commune de Arzenc-d'Apcher (48),false,{48007},Commune,2026-03-24 14:42:01.412377+01,gold_establishments_2025,,,,21480007000010,2025,Collectivité Territoriale,Commune,['Lozère'],['Occitanie'],COM,{48},{76}
6ef53271-d14f-46af-b350-3b1e1d583442,214800088,Commune de Arzenc-de-Randon (48),false,{48008},Commune,2026-03-24 14:42:01.412377+01,gold_establishments_2025,,,,21480008800012,2025,Collectivité Territoriale,Commune,['Lozère'],['Occitanie'],COM,{48},{76}
6bff0326-c423-47db-9fa9-1325942eb3cc,211100185,Commune de Arzens (11),false,{11018},Commune,2026-03-24 14:41:53.63825+01,gold_establishments_2025,,,,21110018500019,2025,Collectivité Territoriale,Commune,['Aude'],['Occitanie'],COM,{11},{76}
920ec082-5dd0-47c3-b1d7-332d96914a3b,215100165,Commune de Arzillières-Neuville (51),false,{51017},Commune,2026-03-24 14:42:01.412377+01,gold_establishments_2025,,,,21510016500012,2025,Collectivité Territoriale,Commune,['Marne'],['Grand Est'],COM,{51},{44}
b29a3e6f-ef46-4c9b-900e-48eaf152863c,215600057,Commune de Arzon (56),false,{56005},Commune,2026-03-24 14:42:03.701372+01,gold_establishments_2025,,,,21560005700016,2025,Collectivité Territoriale,Commune,['Morbihan'],['Bretagne'],COM,{56},{53}
d00a5611-b1f8-4485-a1a4-1a671bddb57b,215700337,Commune de Arzviller (57),false,{57033},Commune,2026-03-24 14:42:03.701372+01,gold_establishments_2025,,,,21570033700011,2025,Collectivité Territoriale,Commune,['Moselle'],['Grand Est'],COM,{57},{44}
dea180df-f4ce-41d9-b5c0-8db8b6c6f167,217400142,Commune de Arâches-la-Frasse (74),false,{74014},Commune,2026-03-24 14:42:08.279287+01,gold_establishments_2025,,,,21740014200014,2025,Collectivité Territoriale,Commune,['Haute-Savoie'],['Auvergne-Rhône-Alpes'],COM,{74},{84}
9079e7b8-66f1-400d-9060-34acd35aed10,217900109,Commune de Arçais (79),false,{79010},Commune,2026-03-24 14:42:09.43682+01,gold_establishments_2025,,,,21790010900018,2025,Collectivité Territoriale,Commune,['Deux-Sèvres'],['Nouvelle-Aquitaine'],COM,{79},{75}
3cdc1d04-3f75-417c-83eb-d70a17b2e74b,211800081,Commune de Arçay (18),false,{18008},Commune,2026-03-24 14:41:54.903238+01,gold_establishments_2025,,,,21180008100013,2025,Collectivité Territoriale,Commune,['Cher'],['Centre-Val de Loire'],COM,{18},{24}
f00db7e9-c8b2-4ed5-8a18-0ae03a71faf2,218600088,Commune de Arçay (86),false,{86008},Commune,2026-03-24 14:42:10.508772+01,gold_establishments_2025,,,,21860008800015,2025,Collectivité Territoriale,Commune,['Vienne'],['Nouvelle-Aquitaine'],COM,{86},{75}
c9e05148-684f-416d-998b-ee3761c6858e,212500243,Commune de Arçon (25),false,{25024},Commune,2026-03-24 14:41:55.958138+01,gold_establishments_2025,,,,21250024300119,2025,Collectivité Territoriale,Commune,['Doubs'],['Bourgogne-Franche-Comté'],COM,{25},{27}
bb954926-7139-4ac1-a8c0-c1bec82956ea,217200062,Commune de Arçonnay (72),false,{72006},Commune,2026-03-24 14:42:08.279287+01,gold_establishments_2025,,,,21720006200123,2025,Collectivité Territoriale,Commune,['Sarthe'],['Pays de la Loire'],COM,{72},{52}
5304dc1c-47b8-45cd-ae13-672806f8efac,213300114,Commune de Arès (33),false,{33011},Commune,2026-03-24 14:41:58.09424+01,gold_establishments_2025,,,,21330011400062,2025,Collectivité Territoriale,Commune,['Gironde'],['Nouvelle-Aquitaine'],COM,{33},{75}
a23ec52f-61a9-4749-9fb0-51626bab55dc,216400648,Commune de Asasp-Arros (64),false,{64064},Commune,2026-03-24 14:42:06.130387+01,gold_establishments_2025,,,,21640064800012,2025,Collectivité Territoriale,Commune,['Pyrénées-Atlantiques'],['Nouvelle-Aquitaine'],COM,{64},{75}
0dca63a4-5eca-4b67-b6b7-3d1713635d0f,216400655,Commune de Ascain (64),false,{64065},Commune,2026-03-24 14:42:06.130387+01,gold_establishments_2025,,,,21640065500017,2025,Collectivité Territoriale,Commune,['Pyrénées-Atlantiques'],['Nouvelle-Aquitaine'],COM,{64},{75}
a48b5efa-dcc1-42e6-8d15-9d4444d02e99,216400663,Commune de Ascarat (64),false,{64066},Commune,2026-03-24 14:42:06.130387+01,gold_establishments_2025,,,,21640066300011,2025,Collectivité Territoriale,Commune,['Pyrénées-Atlantiques'],['Nouvelle-Aquitaine'],COM,{64},{75}
84ee9b47-95a1-4267-b4a2-ace8edfc57b3,216700120,Commune de Aschbach (67),false,{67012},Commune,2026-03-24 14:42:06.665412+01,gold_establishments_2025,,,,21670012000019,2025,Collectivité Territoriale,Commune,['Bas-Rhin'],['Grand Est'],COM,{67},{44}
8d041183-5d87-40ed-bddf-e302d23680a4,214500092,Commune de Aschères-le-Marché (45),false,{45009},Commune,2026-03-24 14:42:00.862623+01,gold_establishments_2025,,,,21450009200017,2025,Collectivité Territoriale,Commune,['Loiret'],['Centre-Val de Loire'],COM,{45},{24}
35c7ec7a-bad5-4571-8de3-1d0379de3ad8,212000236,Commune de Asco (2B),false,{2B023},Commune,2026-03-24 14:41:57.56054+01,gold_establishments_2025,,,,21200023600019,2025,Collectivité Territoriale,Commune,['Haute-Corse'],['Corse'],COM,{2B},{94}
b062ae61-8cdd-4409-8077-c7884ffcb0fd,210900239,Commune de Ascou (09),false,{09023},Commune,2026-03-24 14:41:53.095366+01,gold_establishments_2025,,,,21090023900018,2025,Collectivité Territoriale,Commune,['Ariège'],['Occitanie'],COM,{09},{76}
9978b4b5-db9d-4d27-bccd-03b2aca08818,214500100,Commune de Ascoux (45),false,{45010},Commune,2026-03-24 14:42:00.862623+01,gold_establishments_2025,,,,21450010000018,2025,Collectivité Territoriale,Commune,['Loiret'],['Centre-Val de Loire'],COM,{45},{24}
4c81e151-d093-4a3f-b64d-bd7cc96f0de4,210600052,Commune de Ascros (06),false,{06005},Commune,2026-03-24 14:41:52.562531+01,gold_establishments_2025,,,,21060005200018,2025,Collectivité Territoriale,Commune,['Alpes-Maritimes'],"[""Provence-Alpes-Côte d'Azur""]",COM,{06},{93}
1f984cc5-6502-4e43-bbe2-d450d67cede1,210800223,Commune de Asfeld (08),false,{08024},Commune,2026-03-24 14:41:52.562531+01,gold_establishments_2025,,,,21080022300013,2025,Collectivité Territoriale,Commune,['Ardennes'],['Grand Est'],COM,{08},{44}
4323fd0f-f00c-4997-903c-99d4419b727a,218600104,Commune de Aslonnes (86),false,{86010},Commune,2026-03-24 14:42:10.508772+01,gold_establishments_2025,,,,21860010400010,2025,Collectivité Territoriale,Commune,['Vienne'],['Nouvelle-Aquitaine'],COM,{86},{75}
106df877-3e63-4835-a76f-e3e3c165b8a6,215800152,Commune de Asnan (58),false,{58015},Commune,2026-03-24 14:42:04.280096+01,gold_establishments_2025,,,,21580015200013,2025,Collectivité Territoriale,Commune,['Nièvre'],['Bourgogne-Franche-Comté'],COM,{58},{27}
d1880f20-cba1-49dd-9755-42ff40db2da3,213900228,Commune de Asnans-Beauvoisin (39),false,{39022},Commune,2026-03-24 14:41:59.705606+01,gold_establishments_2025,,,,21390022800015,2025,Collectivité Territoriale,Commune,['Jura'],['Bourgogne-Franche-Comté'],COM,{39},{27}
f8de1449-45db-4830-a0c6-4b37bb0e4175,211400221,Commune de Asnelles (14),false,{14022},Commune,2026-03-24 14:41:53.63825+01,gold_establishments_2025,,,,21140022100019,2025,Collectivité Territoriale,Commune,['Calvados'],['Normandie'],COM,{14},{28}
58befaf7-1902-4350-a7ac-822333f9769b,212700215,Commune de Asnières (27),false,{27021},Commune,2026-03-24 14:41:56.495197+01,gold_establishments_2025,,,,21270021500016,2025,Collectivité Territoriale,Commune,['Eure'],['Normandie'],COM,{27},{28}
2becf6da-a05e-4273-bbee-d15d9c507b5b,211400239,Commune de Asnières-en-Bessin (14),false,{14023},Commune,2026-03-24 14:41:53.63825+01,gold_establishments_2025,,,,21140023900011,2025,Collectivité Territoriale,Commune,['Calvados'],['Normandie'],COM,{14},{28}
fb8b57dd-4b5e-44a2-bba4-d1f3ce1e6d68,212100267,Commune de Asnières-en-Montagne (21),false,{21026},Commune,2026-03-24 14:41:55.433389+01,gold_establishments_2025,,,,21210026700013,2025,Collectivité Territoriale,Commune,"[""Côte-d'Or""]",['Bourgogne-Franche-Comté'],COM,{21},{27}
f61de643-2373-4211-b920-dbfe5f0c0f04,217900158,Commune de Asnières-en-Poitou (79),false,{79015},Commune,2026-03-24 14:42:09.43682+01,gold_establishments_2025,,,,21790015800015,2025,Collectivité Territoriale,Commune,['Deux-Sèvres'],['Nouvelle-Aquitaine'],COM,{79},{75}
28b28b9d-6ca1-48c2-87d8-0437128b85ba,211700224,Commune de Asnières-la-Giraud (17),false,{17022},Commune,2026-03-24 14:41:54.903238+01,gold_establishments_2025,,,,21170022400010,2025,Collectivité Territoriale,Commune,['Charente-Maritime'],['Nouvelle-Aquitaine'],COM,{17},{75}
5f8cdf54-10dc-4b52-8e24-5b41b67f37d9,212100275,Commune de Asnières-lès-Dijon (21),false,{21027},Commune,2026-03-24 14:41:55.433389+01,gold_establishments_2025,,,,21210027500016,2025,Collectivité Territoriale,Commune,"[""Côte-d'Or""]",['Bourgogne-Franche-Comté'],COM,{21},{27}
0a0aca17-1c05-4df2-b2dd-214e4310aac6,218900207,Commune de Asnières-sous-Bois (89),false,{89020},Commune,2026-03-24 14:42:11.118516+01,gold_establishments_2025,,,,21890020700018,2025,Collectivité Territoriale,Commune,['Yonne'],['Bourgogne-Franche-Comté'],COM,{89},{27}
2bd33dbe-883c-4d08-92ff-1a3e260cd621,218600112,Commune de Asnières-sur-Blour (86),false,{86011},Commune,2026-03-24 14:42:10.508772+01,gold_establishments_2025,,,,21860011200013,2025,Collectivité Territoriale,Commune,['Vienne'],['Nouvelle-Aquitaine'],COM,{86},{75}
539e518c-9bfa-4163-b1e9-1462dec22549,211600192,Commune de Asnières-sur-Nouère (16),false,{16019},Commune,2026-03-24 14:41:54.362296+01,gold_establishments_2025,,,,21160019200010,2025,Collectivité Territoriale,Commune,['Charente'],['Nouvelle-Aquitaine'],COM,{16},{75}
c62aeee7-e690-41e6-9b6f-0c79620f1a7b,219500261,Commune de Asnières-sur-Oise (95),false,{95026},Commune,2026-03-24 14:42:11.659493+01,gold_establishments_2025,,,,21950026100017,2025,Collectivité Territoriale,Commune,"[""Val-d'Oise""]",['Île-de-France'],COM,{95},{11}
289fad35-37f7-4188-a8e0-6299f92b88d0,210100236,Commune de Asnières-sur-Saône (01),false,{01023},Commune,2026-03-24 14:41:51.447482+01,gold_establishments_2025,,,,21010023600012,2025,Collectivité Territoriale,Commune,['Ain'],['Auvergne-Rhône-Alpes'],COM,{01},{84}
20fe083b-cc3e-4b7c-a1e2-cd14bda39b41,219200045,Commune de Asnières-sur-Seine (92),false,{92004},Commune,2026-03-24 14:42:11.659493+01,gold_establishments_2025,,,,21920004500017,2025,Collectivité Territoriale,Commune,['Hauts-de-Seine'],['Île-de-France'],COM,{92},{11}
0d3cd4b0-9787-46cd-b3cb-7fd065c6f064,217200104,Commune de Asnières-sur-Vègre (72),false,{72010},Commune,2026-03-24 14:42:08.279287+01,gold_establishments_2025,,,,21720010400016,2025,Collectivité Territoriale,Commune,['Sarthe'],['Pays de la Loire'],COM,{72},{52}
512f6361-0352-4f16-b9ab-326b6125609a,215800160,Commune de Asnois (58),false,{58016},Commune,2026-03-24 14:42:04.280096+01,gold_establishments_2025,,,,21580016000016,2025,Collectivité Territoriale,Commune,['Nièvre'],['Bourgogne-Franche-Comté'],COM,{58},{27}
b09a269f-576c-4274-91b4-c032f7a9750e,218600120,Commune de Asnois (86),false,{86012},Commune,2026-03-24 14:42:10.508772+01,gold_establishments_2025,,,,21860012000016,2025,Collectivité Territoriale,Commune,['Vienne'],['Nouvelle-Aquitaine'],COM,{86},{75}
ea00aaea-4710-4ac6-a096-3336386510ed,215700345,Commune de Aspach (57),false,{57034},Commune,2026-03-24 14:42:03.701372+01,gold_establishments_2025,,,,21570034500014,2025,Collectivité Territoriale,Commune,['Moselle'],['Grand Est'],COM,{57},{44}
f8f8f98f-bbbc-4245-8be3-e3cb7f67265c,216800102,Commune de Aspach (68),false,{68010},Commune,2026-03-24 14:42:07.195692+01,gold_establishments_2025,,,,21680010200016,2025,Collectivité Territoriale,Commune,['Haut-Rhin'],['Grand Est'],COM,{68},{44}
2ed7abd5-5279-4db6-a8b6-82f70f644b92,200053478,Commune de Aspach-Michelbach (68),false,{68012},Commune,2026-03-24 14:42:07.195692+01,gold_establishments_2025,,,,20005347800018,2025,Collectivité Territoriale,Commune,['Haut-Rhin'],['Grand Est'],COM,{68},{44}
76a2ec7e-d9b7-4051-b59d-6ef131dafece,216800110,Commune de Aspach-le-Bas (68),false,{68011},Commune,2026-03-24 14:42:07.195692+01,gold_establishments_2025,,,,21680011000019,2025,Collectivité Territoriale,Commune,['Haut-Rhin'],['Grand Est'],COM,{68},{44}
87fba3e2-5d6c-4698-b795-30227459ad4e,213100209,Commune de Aspet (31),false,{31020},Commune,2026-03-24 14:41:57.56054+01,gold_establishments_2025,,,,21310020900013,2025,Collectivité Territoriale,Commune,['Haute-Garonne'],['Occitanie'],COM,{31},{76}
364dcf71-a8fb-41ea-822d-f9e6a789a825,216500397,Commune de Aspin-Aure (65),false,{65039},Commune,2026-03-24 14:42:06.665412+01,gold_establishments_2025,,,,21650039700015,2025,Collectivité Territoriale,Commune,['Hautes-Pyrénées'],['Occitanie'],COM,{65},{76}
56f5a3c0-42ac-4557-a8db-81cc9f26aaf5,216500405,Commune de Aspin-en-Lavedan (65),false,{65040},Commune,2026-03-24 14:42:06.665412+01,gold_establishments_2025,,,,21650040500016,2025,Collectivité Territoriale,Commune,['Hautes-Pyrénées'],['Occitanie'],COM,{65},{76}
a09ebb13-b1ae-4c97-a17e-454b233fe4c4,213400138,Commune de Aspiran (34),false,{34013},Commune,2026-03-24 14:41:58.620411+01,gold_establishments_2025,,,,21340013800011,2025,Collectivité Territoriale,Commune,['Hérault'],['Occitanie'],COM,{34},{76}
5b0533e3-121e-43fe-b3b7-b589a1e7c529,210500088,Commune de Aspremont (05),false,{05008},Commune,2026-03-24 14:41:52.562531+01,gold_establishments_2025,,,,21050008800013,2025,Collectivité Territoriale,Commune,['Hautes-Alpes'],"[""Provence-Alpes-Côte d'Azur""]",COM,{05},{93}
59f641cf-80e6-4ac8-baff-ce992bc2faeb,210600060,Commune de Aspremont (06),false,{06006},Commune,2026-03-24 14:41:52.562531+01,gold_establishments_2025,,,,21060006000011,2025,Collectivité Territoriale,Commune,['Alpes-Maritimes'],"[""Provence-Alpes-Côte d'Azur""]",COM,{06},{93}
c43f4c61-a291-40fb-b01b-f15340b74df3,210500096,Commune de Aspres-lès-Corps (05),false,{05009},Commune,2026-03-24 14:41:52.562531+01,gold_establishments_2025,,,,21050009600016,2025,Collectivité Territoriale,Commune,['Hautes-Alpes'],"[""Provence-Alpes-Côte d'Azur""]",COM,{05},{93}
7a1e0637-776b-46f3-acc3-c1ffeee7fe8b,210500104,Commune de Aspres-sur-Buëch (05),false,{05010},Commune,2026-03-24 14:41:52.562531+01,gold_establishments_2025,,,,21050010400018,2025,Collectivité Territoriale,Commune,['Hautes-Alpes'],"[""Provence-Alpes-Côte d'Azur""]",COM,{05},{93}
32075e5b-e35a-44f9-8bfd-8adaee28cd88,213100217,Commune de Aspret-Sarrat (31),false,{31021},Commune,2026-03-24 14:41:57.56054+01,gold_establishments_2025,,,,21310021700016,2025,Collectivité Territoriale,Commune,['Haute-Garonne'],['Occitanie'],COM,{31},{76}
352bf2ac-96ea-4326-8b25-6ccca527db3c,211200126,Commune de Asprières (12),false,{12012},Commune,2026-03-24 14:41:53.63825+01,gold_establishments_2025,,,,21120012600012,2025,Collectivité Territoriale,Commune,['Aveyron'],['Occitanie'],COM,{12},{76}
ce76c07e-c8d4-4bf6-8ef9-ca6c1b0425ac,213000185,Commune de Aspères (30),false,{30018},Commune,2026-03-24 14:41:57.56054+01,gold_establishments_2025,,,,21300018500016,2025,Collectivité Territoriale,Commune,['Gard'],['Occitanie'],COM,{30},{76}
10d418c5-f193-40c1-98f6-fd436a0a16d6,216500413,Commune de Asque (65),false,{65041},Commune,2026-03-24 14:42:06.665412+01,gold_establishments_2025,,,,21650041300010,2025,Collectivité Territoriale,Commune,['Hautes-Pyrénées'],['Occitanie'],COM,{65},{76}
0b8de9d5-94d4-40d2-8d7a-9c9beb884650,213300163,Commune de Asques (33),false,{33016},Commune,2026-03-24 14:41:58.09424+01,gold_establishments_2025,,,,21330016300010,2025,Collectivité Territoriale,Commune,['Gironde'],['Nouvelle-Aquitaine'],COM,{33},{75}
2e6d4d35-4a48-421f-9b5f-a1f9634028b9,218200046,Commune de Asques (82),false,{82004},Commune,2026-03-24 14:42:10.508772+01,gold_establishments_2025,,,,21820004600017,2025,Collectivité Territoriale,Commune,['Tarn-et-Garonne'],['Occitanie'],COM,{82},{76}
65d77442-c43c-4375-8e5e-0031278ef590,218900215,Commune de Asquins (89),false,{89021},Commune,2026-03-24 14:42:11.118516+01,gold_establishments_2025,,,,21890021500011,2025,Collectivité Territoriale,Commune,['Yonne'],['Bourgogne-Franche-Comté'],COM,{89},{27}
5e8063ac-6f4e-44ef-9336-171694efff1b,218100196,Commune de Assac (81),false,{81019},Commune,2026-03-24 14:42:09.967209+01,gold_establishments_2025,,,,21810019600011,2025,Collectivité Territoriale,Commune,['Tarn'],['Occitanie'],COM,{81},{76}
68d2a39b-e90b-4a55-a37b-2e4000a94b12,218000305,Commune de Assainvillers (80),false,{80032},Commune,2026-03-24 14:42:09.43682+01,gold_establishments_2025,,,,21800030500019,2025,Collectivité Territoriale,Commune,['Somme'],['Hauts-de-France'],COM,{80},{32}
64e33091-345b-40ee-94b8-0665bc9cae17,217900166,Commune de Assais-les-Jumeaux (79),false,{79016},Commune,2026-03-24 14:42:09.43682+01,gold_establishments_2025,,,,21790016600018,2025,Collectivité Territoriale,Commune,['Deux-Sèvres'],['Nouvelle-Aquitaine'],COM,{79},{75}
1f33deaa-e4cb-45e9-8a92-d9599b99456a,213400146,Commune de Assas (34),false,{34014},Commune,2026-03-24 14:41:58.620411+01,gold_establishments_2025,,,,21340014600014,2025,Collectivité Territoriale,Commune,['Hérault'],['Occitanie'],COM,{34},{76}
df91bdc9-1290-49c6-bf1e-7430df64c6ce,216400671,Commune de Assat (64),false,{64067},Commune,2026-03-24 14:42:06.130387+01,gold_establishments_2025,,,,21640067100014,2025,Collectivité Territoriale,Commune,['Pyrénées-Atlantiques'],['Nouvelle-Aquitaine'],COM,{64},{75}
7bbb5ca5-67f0-433e-8316-ca007c70e385,213700073,Commune de Assay (37),false,{37007},Commune,2026-03-24 14:41:59.160244+01,gold_establishments_2025,,,,21370007300017,2025,Collectivité Territoriale,Commune,['Indre-et-Loire'],['Centre-Val de Loire'],COM,{37},{24}
b63339f7-e0da-4454-a273-99b96ab06cf4,211000120,Commune de Assenay (10),false,{10013},Commune,2026-03-24 14:41:53.095366+01,gold_establishments_2025,,,,21100012000017,2025,Collectivité Territoriale,Commune,['Aube'],['Grand Est'],COM,{10},{44}
a5e2062c-f444-4b82-86f8-2e8dc715f2cf,211000138,Commune de Assencières (10),false,{10014},Commune,2026-03-24 14:41:53.095366+01,gold_establishments_2025,,,,21100013800019,2025,Collectivité Territoriale,Commune,['Aube'],['Grand Est'],COM,{10},{44}
71d2c2d5-1ae7-4e63-b194-29164ce33a31,215700352,Commune de Assenoncourt (57),false,{57035},Commune,2026-03-24 14:42:03.701372+01,gold_establishments_2025,,,,21570035200010,2025,Collectivité Territoriale,Commune,['Moselle'],['Grand Est'],COM,{57},{44}
572bfd8e-dd07-4d34-9379-593bb48b03aa,215900218,Commune de Assevent (59),false,{59021},Commune,2026-03-24 14:42:04.280096+01,gold_establishments_2025,,,,21590021800011,2025,Collectivité Territoriale,Commune,['Nord'],['Hauts-de-France'],COM,{59},{32}
8d1bac4d-32bc-47af-b8b4-d2fdbe625edd,218000313,Commune de Assevillers (80),false,{80033},Commune,2026-03-24 14:42:09.43682+01,gold_establishments_2025,,,,21800031300013,2025,Collectivité Territoriale,Commune,['Somme'],['Hauts-de-France'],COM,{80},{32}
63cb0627-fa46-4113-abd4-e67ca26aeb19,214600090,Commune de Assier (46),false,{46009},Commune,2026-03-24 14:42:00.862623+01,gold_establishments_2025,,,,21460009000010,2025,Collectivité Territoriale,Commune,['Lot'],['Occitanie'],COM,{46},{76}
33d5ec1f-21f9-4665-bcfe-5245b79b2fbc,213800170,Commune de Assieu (38),false,{38017},Commune,2026-03-24 14:41:59.160244+01,gold_establishments_2025,,,,21380017000010,2025,Collectivité Territoriale,Commune,['Isère'],['Auvergne-Rhône-Alpes'],COM,{38},{84}
20b4b02d-9ccf-42d2-a035-4ecf84c5b49e,213400153,Commune de Assignan (34),false,{34015},Commune,2026-03-24 14:41:58.620411+01,gold_establishments_2025,,,,21340015300010,2025,Collectivité Territoriale,Commune,['Hérault'],['Occitanie'],COM,{34},{76}
619690ff-f183-47e2-8cbd-6b9dedd41c24,211800149,Commune de Assigny (18),false,{18014},Commune,2026-03-24 14:41:54.903238+01,gold_establishments_2025,,,,21180014900018,2025,Collectivité Territoriale,Commune,['Cher'],['Centre-Val de Loire'],COM,{18},{24}
5c59267b-7dd4-42cd-97c3-45fa92032215,210200275,Commune de Assis-sur-Serre (02),false,{02027},Commune,2026-03-24 14:41:51.447482+01,gold_establishments_2025,,,,21020027500019,2025,Collectivité Territoriale,Commune,['Aisne'],['Hauts-de-France'],COM,{02},{32}
2b952c88-1831-4287-a3f3-e937fd35c8c3,216400689,Commune de Asson (64),false,{64068},Commune,2026-03-24 14:42:06.130387+01,gold_establishments_2025,,,,21640068900016,2025,Collectivité Territoriale,Commune,['Pyrénées-Atlantiques'],['Nouvelle-Aquitaine'],COM,{64},{75}
4f688650-0425-4b88-a610-04e4386fc134,216700138,Commune de Asswiller (67),false,{67013},Commune,2026-03-24 14:42:06.665412+01,gold_establishments_2025,,,,21670013800011,2025,Collectivité Territoriale,Commune,['Bas-Rhin'],['Grand Est'],COM,{67},{44}
7a4926d6-2dd2-4c2e-830f-8f8628a7c6e2,217200112,Commune de Assé-le-Boisne (72),false,{72011},Commune,2026-03-24 14:42:08.279287+01,gold_establishments_2025,,,,21720011200019,2025,Collectivité Territoriale,Commune,['Sarthe'],['Pays de la Loire'],COM,{72},{52}
8bd689c6-e0b2-42bd-9374-181a83f25507,215300104,Commune de Assé-le-Bérenger (53),false,{53010},Commune,2026-03-24 14:42:01.954481+01,gold_establishments_2025,,,,21530010400019,2025,Collectivité Territoriale,Commune,['Mayenne'],['Pays de la Loire'],COM,{53},{52}
4d8b5cbb-817a-4edb-8759-a4004436a9b7,217200120,Commune de Assé-le-Riboul (72),false,{72012},Commune,2026-03-24 14:42:08.279287+01,gold_establishments_2025,,,,21720012000012,2025,Collectivité Territoriale,Commune,['Sarthe'],['Pays de la Loire'],COM,{72},{52}
111de083-2ba0-4f26-8687-bd8200314228,214400061,Commune de Assérac (44),false,{44006},Commune,2026-03-24 14:42:00.273698+01,gold_establishments_2025,,,,21440006100013,2025,Collectivité Territoriale,Commune,['Loire-Atlantique'],['Pays de la Loire'],COM,{44},{52}
fd3edfeb-f201-4329-b510-a6a12c76fcf1,214700155,Commune de Astaffort (47),false,{47015},Commune,2026-03-24 14:42:00.862623+01,gold_establishments_2025,,,,21470015500010,2025,Collectivité Territoriale,Commune,['Lot-et-Garonne'],['Nouvelle-Aquitaine'],COM,{47},{75}
436bcbfb-aed8-41fa-9567-28fe9564bf9e,211901202,Commune de Astaillac (19),false,{19012},Commune,2026-03-24 14:41:54.903238+01,gold_establishments_2025,,,,21190120200013,2025,Collectivité Territoriale,Commune,['Corrèze'],['Nouvelle-Aquitaine'],COM,{19},{75}
42c58a04-20ba-4dc7-bd36-b0e4b84e7c2d,216400697,Commune de Aste-Béon (64),false,{64069},Commune,2026-03-24 14:42:06.130387+01,gold_establishments_2025,,,,21640069700019,2025,Collectivité Territoriale,Commune,['Pyrénées-Atlantiques'],['Nouvelle-Aquitaine'],COM,{64},{75}
ec3ff286-ed9d-4860-a094-f40146182db3,210700183,Commune de Astet (07),false,{07018},Commune,2026-03-24 14:41:52.562531+01,gold_establishments_2025,,,,21070018300010,2025,Collectivité Territoriale,Commune,['Ardèche'],['Auvergne-Rhône-Alpes'],COM,{07},{84}
f25ce676-7b7f-4650-84d2-23487086ac70,215300112,Commune de Astillé (53),false,{53011},Commune,2026-03-24 14:42:01.954481+01,gold_establishments_2025,,,,21530011200012,2025,Collectivité Territoriale,Commune,['Mayenne'],['Pays de la Loire'],COM,{53},{52}
d6fd4358-0b75-4f66-8701-20c09b136ec5,216400705,Commune de Astis (64),false,{64070},Commune,2026-03-24 14:42:06.130387+01,gold_establishments_2025,,,,21640070500010,2025,Collectivité Territoriale,Commune,['Pyrénées-Atlantiques'],['Nouvelle-Aquitaine'],COM,{64},{75}
52828e2b-07a5-4f50-9e93-a7cd3253ed4f,210900247,Commune de Aston (09),false,{09024},Commune,2026-03-24 14:41:53.095366+01,gold_establishments_2025,,,,21090024700011,2025,Collectivité Territoriale,Commune,['Ariège'],['Occitanie'],COM,{09},{76}
4eacc48f-9625-4f98-b882-14563b5107dc,216500439,Commune de Astugue (65),false,{65043},Commune,2026-03-24 14:42:06.665412+01,gold_establishments_2025,,,,21650043900015,2025,Collectivité Territoriale,Commune,['Hautes-Pyrénées'],['Occitanie'],COM,{65},{76}
80349c93-704b-40b3-bad8-f624d3c5a844,216500421,Commune de Asté (65),false,{65042},Commune,2026-03-24 14:42:06.665412+01,gold_establishments_2025,,,,21650042100013,2025,Collectivité Territoriale,Commune,['Hautes-Pyrénées'],['Occitanie'],COM,{65},{76}
05a88d22-a99b-42e0-9daa-d9d055032e0b,217000314,Commune de Athesans-Étroitefontaine (70),false,{70031},Commune,2026-03-24 14:42:07.735343+01,gold_establishments_2025,,,,21700031400013,2025,Collectivité Territoriale,Commune,['Haute-Saône'],['Bourgogne-Franche-Comté'],COM,{70},{27}
22dd148a-f513-499a-b218-2ad1d2c53859,212100291,Commune de Athie (21),false,{21029},Commune,2026-03-24 14:41:55.433389+01,gold_establishments_2025,,,,21210029100013,2025,Collectivité Territoriale,Commune,"[""Côte-d'Or""]",['Bourgogne-Franche-Comté'],COM,{21},{27}
3b37e05f-7771-4f4a-854b-c0eb095cdb42,218900223,Commune de Athie (89),false,{89022},Commune,2026-03-24 14:42:11.118516+01,gold_establishments_2025,,,,21890022300015,2025,Collectivité Territoriale,Commune,['Yonne'],['Bourgogne-Franche-Comté'],COM,{89},{27}
af09938d-d2c2-49b6-9a08-e9b139e4e72f,215400268,Commune de Athienville (54),false,{54026},Commune,2026-03-24 14:42:02.957225+01,gold_establishments_2025,,,,21540026800011,2025,Collectivité Territoriale,Commune,['Meurthe-et-Moselle'],['Grand Est'],COM,{54},{44}
5d9d476f-99f5-4fba-b6e4-aa02dd6dab06,216200428,Commune de Athies (62),false,{62042},Commune,2026-03-24 14:42:05.597325+01,gold_establishments_2025,,,,21620042800011,2025,Collectivité Territoriale,Commune,['Pas-de-Calais'],['Hauts-de-France'],COM,{62},{32}
5fe87e8a-580a-4134-8bbc-345ad577e8d5,218000321,Commune de Athies (80),false,{80034},Commune,2026-03-24 14:42:09.43682+01,gold_establishments_2025,,,,21800032100016,2025,Collectivité Territoriale,Commune,['Somme'],['Hauts-de-France'],COM,{80},{32}
ac262803-d1a7-444a-b50b-3ba67b969fe8,210200283,Commune de Athies-sous-Laon (02),false,{02028},Commune,2026-03-24 14:41:51.447482+01,gold_establishments_2025,,,,21020028300013,2025,Collectivité Territoriale,Commune,['Aisne'],['Hauts-de-France'],COM,{02},{32}
6714b55a-bc17-4483-b084-5a59b368fd1a,215100173,Commune de Athis (51),false,{51018},Commune,2026-03-24 14:42:01.412377+01,gold_establishments_2025,,,,21510017300016,2025,Collectivité Territoriale,Commune,['Marne'],['Grand Est'],COM,{51},{44}
194174f7-9ef3-4163-9bca-efff09c42181,219100278,Commune de Athis-Mons (91),false,{91027},Commune,2026-03-24 14:42:11.659493+01,gold_establishments_2025,,,,21910027800015,2025,Collectivité Territoriale,Commune,['Essonne'],['Île-de-France'],COM,{91},{11}
35ca0e0c-e832-463e-83da-2f3f07c3f5af,200058642,Commune de Athis-Val de Rouvre (61),false,{61007},Commune,2026-03-24 14:42:04.814328+01,gold_establishments_2025,,,,20005864200014,2025,Collectivité Territoriale,Commune,['Orne'],['Normandie'],COM,{61},{28}
db4c3e68-8110-456d-ba5a-b6fb9093839a,216400713,Commune de Athos-Aspis (64),false,{64071},Commune,2026-03-24 14:42:06.130387+01,gold_establishments_2025,,,,21640071300014,2025,Collectivité Territoriale,Commune,['Pyrénées-Atlantiques'],['Nouvelle-Aquitaine'],COM,{64},{75}
2b782bc8-53d5-4ed6-b626-5f08c5fca743,212100283,Commune de Athée (21),false,{21028},Commune,2026-03-24 14:41:55.433389+01,gold_establishments_2025,,,,21210028300010,2025,Collectivité Territoriale,Commune,"[""Côte-d'Or""]",['Bourgogne-Franche-Comté'],COM,{21},{27}
94f48eec-c342-4f92-bee5-602e06f3c29b,215300120,Commune de Athée (53),false,{53012},Commune,2026-03-24 14:42:01.954481+01,gold_establishments_2025,,,,21530012000015,2025,Collectivité Territoriale,Commune,['Mayenne'],['Pays de la Loire'],COM,{53},{52}
1904ec48-d3f8-4782-bfce-28831a69797c,213700081,Commune de Athée-sur-Cher (37),false,{37008},Commune,2026-03-24 14:41:59.160244+01,gold_establishments_2025,,,,21370008100051,2025,Collectivité Territoriale,Commune,['Indre-et-Loire'],['Centre-Val de Loire'],COM,{37},{24}
0f6831f6-015f-41f6-922b-f6bc356f3da4,219500287,Commune de Attainville (95),false,{95028},Commune,2026-03-24 14:42:11.659493+01,gold_establishments_2025,,,,21950028700012,2025,Collectivité Territoriale,Commune,"[""Val-d'Oise""]",['Île-de-France'],COM,{95},{11}
7d71d7b0-6540-4f49-882c-2f02f484eaf2,215200163,Commune de Attancourt (52),false,{52021},Commune,2026-03-24 14:42:01.954481+01,gold_establishments_2025,,,,21520016300016,2025,Collectivité Territoriale,Commune,['Haute-Marne'],['Grand Est'],COM,{52},{44}
2c551b1c-5b5c-466b-b2fb-d2a903911eb9,216800136,Commune de Attenschwiller (68),false,{68013},Commune,2026-03-24 14:42:07.195692+01,gold_establishments_2025,,,,21680013600014,2025,Collectivité Territoriale,Commune,['Haut-Rhin'],['Grand Est'],COM,{68},{44}
eed94334-2520-480f-8b19-90a96291ba17,215900226,Commune de Attiches (59),false,{59022},Commune,2026-03-24 14:42:04.280096+01,gold_establishments_2025,,,,21590022600014,2025,Collectivité Territoriale,Commune,['Nord'],['Hauts-de-France'],COM,{59},{32}
131f6da9-3e8d-465a-9378-41255bf17a1a,216000257,Commune de Attichy (60),false,{60025},Commune,2026-03-24 14:42:04.814328+01,gold_establishments_2025,,,,21600025700016,2025,Collectivité Territoriale,Commune,['Oise'],['Hauts-de-France'],COM,{60},{32}
f5913f25-7aff-460d-8bdb-89c06dc98b3c,210100244,Commune de Attignat (01),false,{01024},Commune,2026-03-24 14:41:51.447482+01,gold_establishments_2025,,,,21010024400016,2025,Collectivité Territoriale,Commune,['Ain'],['Auvergne-Rhône-Alpes'],COM,{01},{84}
12d30558-d80a-461a-bd79-03fbaad086cd,217300227,Commune de Attignat-Oncin (73),false,{73022},Commune,2026-03-24 14:42:08.279287+01,gold_establishments_2025,,,,21730022700014,2025,Collectivité Territoriale,Commune,['Savoie'],['Auvergne-Rhône-Alpes'],COM,{73},{84}
e65e75a3-0880-4cd2-ad39-3ac76513c799,210800231,Commune de Attigny (08),false,{08025},Commune,2026-03-24 14:41:52.562531+01,gold_establishments_2025,,,,21080023100016,2025,Collectivité Territoriale,Commune,['Ardennes'],['Grand Est'],COM,{08},{44}
9518f443-0797-49c9-afc5-ab5bcb6ceea3,218800167,Commune de Attigny (88),false,{88016},Commune,2026-03-24 14:42:11.118516+01,gold_establishments_2025,,,,21880016700015,2025,Collectivité Territoriale,Commune,['Vosges'],['Grand Est'],COM,{88},{44}
9db56b4e-9a8f-4321-996e-33b335725408,218800159,Commune de Attignéville (88),false,{88015},Commune,2026-03-24 14:42:11.118516+01,gold_establishments_2025,,,,21880015900053,2025,Collectivité Territoriale,Commune,['Vosges'],['Grand Est'],COM,{88},{44}
27cc618d-410d-4b6f-9cbd-933651148753,215700360,Commune de Attilloncourt (57),false,{57036},Commune,2026-03-24 14:42:03.701372+01,gold_establishments_2025,,,,21570036000013,2025,Collectivité Territoriale,Commune,['Moselle'],['Grand Est'],COM,{57},{44}
dd5a6f3c-5f1b-4a13-8e77-9ab1242362b3,210200291,Commune de Attilly (02),false,{02029},Commune,2026-03-24 14:41:51.447482+01,gold_establishments_2025,,,,21020029100016,2025,Collectivité Territoriale,Commune,['Aisne'],['Hauts-de-France'],COM,{02},{32}
8f4b43ee-531d-4e50-af64-cd19bfb31818,216200444,Commune de Attin (62),false,{62044},Commune,2026-03-24 14:42:05.597325+01,gold_establishments_2025,,,,21620044400018,2025,Collectivité Territoriale,Commune,['Pas-de-Calais'],['Hauts-de-France'],COM,{62},{32}
aab38089-b5ee-406a-82cd-9107f6f6d5a6,215400276,Commune de Atton (54),false,{54027},Commune,2026-03-24 14:42:02.957225+01,gold_establishments_2025,,,,21540027600014,2025,Collectivité Territoriale,Commune,['Meurthe-et-Moselle'],['Grand Est'],COM,{54},{44}
3730ec19-d80e-45f5-8f2f-3d3ace470bf6,214500118,Commune de Attray (45),false,{45011},Commune,2026-03-24 14:42:00.862623+01,gold_establishments_2025,,,,21450011800010,2025,Collectivité Territoriale,Commune,['Loiret'],['Centre-Val de Loire'],COM,{45},{24}
3376e5d5-1153-47a1-bd1b-1c85c71aab05,217000322,Commune de Attricourt (70),false,{70032},Commune,2026-03-24 14:42:07.735343+01,gold_establishments_2025,,,,21700032200016,2025,Collectivité Territoriale,Commune,['Haute-Saône'],['Bourgogne-Franche-Comté'],COM,{70},{27}
f08d2342-063a-4361-af3c-d7e04ac595e3,214000168,Commune de Aubagnan (40),false,{40016},Commune,2026-03-24 14:41:59.705606+01,gold_establishments_2025,,,,21400016800010,2025,Collectivité Territoriale,Commune,['Landes'],['Nouvelle-Aquitaine'],COM,{40},{75}
3e66b389-17f3-403f-813e-778343ef8fde,211300058,Commune de Aubagne (13),false,{13005},Commune,2026-03-24 14:41:53.63825+01,gold_establishments_2025,,,,21130005800016,2025,Collectivité Territoriale,Commune,['Bouches-du-Rhône'],"[""Provence-Alpes-Côte d'Azur""]",COM,{13},{93}
28ec5b05-a9f1-4978-af54-24efb1ea256b,212100309,Commune de Aubaine (21),false,{21030},Commune,2026-03-24 14:41:55.433389+01,gold_establishments_2025,,,,21210030900013,2025,Collectivité Territoriale,Commune,"[""Côte-d'Or""]",['Bourgogne-Franche-Comté'],COM,{21},{27}
534118a7-1eff-48a2-a7fb-de41f8ed537d,213000193,Commune de Aubais (30),false,{30019},Commune,2026-03-24 14:41:57.56054+01,gold_establishments_2025,,,,21300019300010,2025,Collectivité Territoriale,Commune,['Gard'],['Occitanie'],COM,{30},{76}
25819d0c-d8d4-4a13-81ed-5346f68640ce,216500447,Commune de Aubarède (65),false,{65044},Commune,2026-03-24 14:42:06.665412+01,gold_establishments_2025,,,,21650044700018,2025,Collectivité Territoriale,Commune,['Hautes-Pyrénées'],['Occitanie'],COM,{65},{76}
55df340f-eaa3-4f48-92bb-2fa4a7fa41d8,212400147,Commune de Aubas (24),false,{24014},Commune,2026-03-24 14:41:55.958138+01,gold_establishments_2025,,,,21240014700014,2025,Collectivité Territoriale,Commune,['Dordogne'],['Nouvelle-Aquitaine'],COM,{24},{75}
238d8c38-a181-4d1b-874a-095ce72fdf47,214300113,Commune de Aubazat (43),false,{43011},Commune,2026-03-24 14:42:00.273698+01,gold_establishments_2025,,,,21430011300013,2025,Collectivité Territoriale,Commune,['Haute-Loire'],['Auvergne-Rhône-Alpes'],COM,{43},{84}
5cde81ff-a70c-4cdb-9ff2-a50ac5b07291,211901301,Commune de Aubazines (19),false,{19013},Commune,2026-03-24 14:41:54.903238+01,gold_establishments_2025,,,,21190130100013,2025,Collectivité Territoriale,Commune,['Corrèze'],['Nouvelle-Aquitaine'],COM,{19},{75}
20f4b622-d345-47fa-8b1b-f26414e1d5a8,215700378,Commune de Aube (57),false,{57037},Commune,2026-03-24 14:42:03.701372+01,gold_establishments_2025,,,,21570037800015,2025,Collectivité Territoriale,Commune,['Moselle'],['Grand Est'],COM,{57},{44}
4cd15cd3-312f-46ab-8a3b-13da5c12f847,216100081,Commune de Aube (61),false,{61008},Commune,2026-03-24 14:42:04.814328+01,gold_establishments_2025,,,,21610008100019,2025,Collectivité Territoriale,Commune,['Orne'],['Normandie'],COM,{61},{28}
d7cdc686-c9e3-4596-94d4-6ab498888b87,210700191,Commune de Aubenas (07),false,{07019},Commune,2026-03-24 14:41:52.562531+01,gold_establishments_2025,,,,21070019100013,2025,Collectivité Territoriale,Commune,['Ardèche'],['Auvergne-Rhône-Alpes'],COM,{07},{84}
f6ed3bfe-a69a-4b0a-922c-07a99c19db6b,210400123,Commune de Aubenas-les-Alpes (04),false,{04012},Commune,2026-03-24 14:41:52.020251+01,gold_establishments_2025,,,,21040012300019,2025,Collectivité Territoriale,Commune,['Alpes-de-Haute-Provence'],"[""Provence-Alpes-Côte d'Azur""]",COM,{04},{93}
bf3cd381-009b-4334-b065-9757a0c60816,212600159,Commune de Aubenasson (26),false,{26015},Commune,2026-03-24 14:41:56.495197+01,gold_establishments_2025,,,,21260015900017,2025,Collectivité Territoriale,Commune,['Drôme'],['Auvergne-Rhône-Alpes'],COM,{26},{84}
db043913-8273-44e5-946c-8227738c144d,215900234,Commune de Aubencheul-au-Bac (59),false,{59023},Commune,2026-03-24 14:42:04.280096+01,gold_establishments_2025,,,,21590023400018,2025,Collectivité Territoriale,Commune,['Nord'],['Hauts-de-France'],COM,{59},{32}
af0e6d3d-0c3e-453c-a70b-bd3bc7e6155f,210200309,Commune de Aubencheul-aux-Bois (02),false,{02030},Commune,2026-03-24 14:41:51.447482+01,gold_establishments_2025,,,,21020030900016,2025,Collectivité Territoriale,Commune,['Aisne'],['Hauts-de-France'],COM,{02},{32}
f7ad5a49-222f-4179-bf49-25a8867e8f0d,210200317,Commune de Aubenton (02),false,{02031},Commune,2026-03-24 14:41:51.447482+01,gold_establishments_2025,,,,21020031700019,2025,Collectivité Territoriale,Commune,['Aisne'],['Hauts-de-France'],COM,{02},{32}
369d011b-f5a6-4563-b83c-f3bf29d1ced6,217700103,Commune de Aubepierre-Ozouer-le-Repos (77),false,{77010},Commune,2026-03-24 14:42:08.818969+01,gold_establishments_2025,,,,21770010300013,2025,Collectivité Territoriale,Commune,['Seine-et-Marne'],['Île-de-France'],COM,{77},{11}
78beb694-4870-4938-ae72-5c574ebd1d01,215204009,Commune de Aubepierre-sur-Aube (52),false,{52022},Commune,2026-03-24 14:42:01.954481+01,gold_establishments_2025,,,,21520400900017,2025,Collectivité Territoriale,Commune,['Haute-Marne'],['Grand Est'],COM,{52},{44}
c8613a95-1106-4e25-b233-fc6c5dc984e2,215900242,Commune de Auberchicourt (59),false,{59024},Commune,2026-03-24 14:42:04.280096+01,gold_establishments_2025,,,,21590024200011,2025,Collectivité Territoriale,Commune,['Nord'],['Hauts-de-France'],COM,{59},{32}
60d7b244-07bc-4ac5-9c4a-8fa8916c507e,218000339,Commune de Aubercourt (80),false,{80035},Commune,2026-03-24 14:42:09.43682+01,gold_establishments_2025,,,,21800033900018,2025,Collectivité Territoriale,Commune,['Somme'],['Hauts-de-France'],COM,{80},{32}
c3a5d0ed-91e2-4cfa-80e7-00651d140dbd,217800291,Commune de Aubergenville (78),false,{78029},Commune,2026-03-24 14:42:09.43682+01,gold_establishments_2025,,,,21780029100015,2025,Collectivité Territoriale,Commune,['Yvelines'],['Île-de-France'],COM,{78},{11}
c62d760b-503b-429a-91da-7cb95af60b7f,215200171,Commune de Auberive (52),false,{52023},Commune,2026-03-24 14:42:01.954481+01,gold_establishments_2025,,,,21520017100019,2025,Collectivité Territoriale,Commune,['Haute-Marne'],['Grand Est'],COM,{52},{44}
fa0e9dcb-cf17-48da-8ca6-d71e373ccea0,213800188,Commune de Auberives-en-Royans (38),false,{38018},Commune,2026-03-24 14:41:59.160244+01,gold_establishments_2025,,,,21380018800012,2025,Collectivité Territoriale,Commune,['Isère'],['Auvergne-Rhône-Alpes'],COM,{38},{84}
db77f436-848d-45fb-b896-77959d39fc03,213800196,Commune de Auberives-sur-Varèze (38),false,{38019},Commune,2026-03-24 14:41:59.160244+01,gold_establishments_2025,,,,21380019600015,2025,Collectivité Territoriale,Commune,['Isère'],['Auvergne-Rhône-Alpes'],COM,{38},{84}
45dc3f9a-31de-4d92-9776-88588e047471,217600303,Commune de Aubermesnil-Beaumais (76),false,{76030},Commune,2026-03-24 14:42:08.818969+01,gold_establishments_2025,,,,21760030300010,2025,Collectivité Territoriale,Commune,['Seine-Maritime'],['Normandie'],COM,{76},{28}
d0230960-40a7-49c3-818a-71806752bd74,217600295,Commune de Aubermesnil-aux-Érables (76),false,{76029},Commune,2026-03-24 14:42:08.818969+01,gold_establishments_2025,,,,21760029500018,2025,Collectivité Territoriale,Commune,['Seine-Maritime'],['Normandie'],COM,{76},{28}
37d3252f-5f3a-45ba-bffa-dbb7fe4eb78a,215900259,Commune de Aubers (59),false,{59025},Commune,2026-03-24 14:42:04.280096+01,gold_establishments_2025,,,,21590025900015,2025,Collectivité Territoriale,Commune,['Nord'],['Hauts-de-France'],COM,{59},{32}
418c3696-5dde-4fae-bb31-d3109575af76,216400721,Commune de Aubertin (64),false,{64072},Commune,2026-03-24 14:42:06.130387+01,gold_establishments_2025,,,,21640072100017,2025,Collectivité Territoriale,Commune,['Pyrénées-Atlantiques'],['Nouvelle-Aquitaine'],COM,{64},{75}
74f185d4-4d6d-4879-828d-35974b6d73a5,211400247,Commune de Auberville (14),false,{14024},Commune,2026-03-24 14:41:53.63825+01,gold_establishments_2025,,,,21140024700014,2025,Collectivité Territoriale,Commune,['Calvados'],['Normandie'],COM,{14},{28}
e1142502-d75a-4f15-8d9c-6bb1e630d349,217600329,Commune de Auberville-la-Manuel (76),false,{76032},Commune,2026-03-24 14:42:08.818969+01,gold_establishments_2025,,,,21760032900015,2025,Collectivité Territoriale,Commune,['Seine-Maritime'],['Normandie'],COM,{76},{28}
2b3b75c1-ff5b-4b45-b1eb-561c64a29264,217600337,Commune de Auberville-la-Renault (76),false,{76033},Commune,2026-03-24 14:42:08.818969+01,gold_establishments_2025,,,,21760033700018,2025,Collectivité Territoriale,Commune,['Seine-Maritime'],['Normandie'],COM,{76},{28}
75da7913-5691-4fb7-b312-ab495a765f82,219300019,Commune de Aubervilliers (93),false,{93001},Commune,2026-03-24 14:42:11.659493+01,gold_establishments_2025,,,,21930001900011,2025,Collectivité Territoriale,Commune,['Seine-Saint-Denis'],['Île-de-France'],COM,{93},{11}
49bbc04b-15b7-43a2-bc32-69e42bdf3bae,200077113,Commune de Aubessagne (05),false,{05039},Commune,2026-03-24 14:41:52.562531+01,gold_establishments_2025,,,,20007711300013,2025,Collectivité Territoriale,Commune,['Hautes-Alpes'],"[""Provence-Alpes-Côte d'Azur""]",COM,{05},{93}
c1b5b893-62cb-4a30-804b-e6aee47b233f,211000146,Commune de Aubeterre (10),false,{10015},Commune,2026-03-24 14:41:53.095366+01,gold_establishments_2025,,,,21100014600012,2025,Collectivité Territoriale,Commune,['Aube'],['Grand Est'],COM,{10},{44}
92e7c711-6320-40e7-bb10-7c8e4dfafb5f,211600200,Commune de Aubeterre-sur-Dronne (16),false,{16020},Commune,2026-03-24 14:41:54.362296+01,gold_establishments_2025,,,,21160020000011,2025,Collectivité Territoriale,Commune,['Charente'],['Nouvelle-Aquitaine'],COM,{16},{75}
07ead90e-c4a0-4566-bf72-2bbe4bf0e046,213305568,Commune de Aubiac (33),false,{33017},Commune,2026-03-24 14:41:58.09424+01,gold_establishments_2025,,,,21330556800015,2025,Collectivité Territoriale,Commune,['Gironde'],['Nouvelle-Aquitaine'],COM,{33},{75}
d009c475-e1ad-4b64-8aec-283f63a619d6,214700163,Commune de Aubiac (47),false,{47016},Commune,2026-03-24 14:42:00.862623+01,gold_establishments_2025,,,,21470016300014,2025,Collectivité Territoriale,Commune,['Lot-et-Garonne'],['Nouvelle-Aquitaine'],COM,{47},{75}
d77edfc9-ec01-4591-9229-3d508f44bf93,216300137,Commune de Aubiat (63),false,{63013},Commune,2026-03-24 14:42:06.130387+01,gold_establishments_2025,,,,21630013700017,2025,Collectivité Territoriale,Commune,['Puy-de-Dôme'],['Auvergne-Rhône-Alpes'],COM,{63},{84}
08b229b1-b478-456e-9d8d-e2a06c830880,213200124,Commune de Aubiet (32),false,{32012},Commune,2026-03-24 14:41:58.09424+01,gold_establishments_2025,,,,21320012400013,2025,Collectivité Territoriale,Commune,['Gers'],['Occitanie'],COM,{32},{76}
725ea37a-c7de-4e0a-a02a-ff001e932dbd,218400042,Commune de Aubignan (84),false,{84004},Commune,2026-03-24 14:42:10.508772+01,gold_establishments_2025,,,,21840004200014,2025,Collectivité Territoriale,Commune,['Vaucluse'],"[""Provence-Alpes-Côte d'Azur""]",COM,{84},{93}
a5d485fc-fd0f-450e-b618-2c838d48b935,210700209,Commune de Aubignas (07),false,{07020},Commune,2026-03-24 14:41:52.562531+01,gold_establishments_2025,,,,21070020900013,2025,Collectivité Territoriale,Commune,['Ardèche'],['Auvergne-Rhône-Alpes'],COM,{07},{84}
542f9eb9-4ac8-4271-a594-ee51b487f44a,210400131,Commune de Aubignosc (04),false,{04013},Commune,2026-03-24 14:41:52.020251+01,gold_establishments_2025,,,,21040013100012,2025,Collectivité Territoriale,Commune,['Alpes-de-Haute-Provence'],"[""Provence-Alpes-Côte d'Azur""]",COM,{04},{93}
9afcb97e-c1ed-46df-952f-cfb0b5ec233b,210300091,Commune de Aubigny (03),false,{03009},Commune,2026-03-24 14:41:52.020251+01,gold_establishments_2025,,,,21030009100019,2025,Collectivité Territoriale,Commune,['Allier'],['Auvergne-Rhône-Alpes'],COM,{03},{84}
4b43fe79-8598-4fb7-be5d-3d691a3a43fe,211400254,Commune de Aubigny (14),false,{14025},Commune,2026-03-24 14:41:53.63825+01,gold_establishments_2025,,,,21140025400010,2025,Collectivité Territoriale,Commune,['Calvados'],['Normandie'],COM,{14},{28}
fa5b1124-7d6d-4e32-bd37-70c4ed064811,217900190,Commune de Aubigny (79),false,{79019},Commune,2026-03-24 14:42:09.43682+01,gold_establishments_2025,,,,21790019000018,2025,Collectivité Territoriale,Commune,['Deux-Sèvres'],['Nouvelle-Aquitaine'],COM,{79},{75}
8e440e91-4cca-480d-a573-41f8d4e03f05,218000347,Commune de Aubigny (80),false,{80036},Commune,2026-03-24 14:42:09.43682+01,gold_establishments_2025,,,,21800034700011,2025,Collectivité Territoriale,Commune,['Somme'],['Hauts-de-France'],COM,{80},{32}
5d1dc3e5-4dab-4a2e-a746-f1f897acc3b9,200057792,Commune de Aubigny-Les Clouzeaux (85),false,{85008},Commune,2026-03-24 14:42:10.508772+01,gold_establishments_2025,,,,20005779200018,2025,Collectivité Territoriale,Commune,['Vendée'],['Pays de la Loire'],COM,{85},{52}
c87ad849-9aba-404d-a3f4-473f172be60b,215900267,Commune de Aubigny-au-Bac (59),false,{59026},Commune,2026-03-24 14:42:04.280096+01,gold_establishments_2025,,,,21590026700018,2025,Collectivité Territoriale,Commune,['Nord'],['Hauts-de-France'],COM,{59},{32}
25da6610-bcdc-4b27-8fbd-6115f55e6ccb,210200325,Commune de Aubigny-aux-Kaisnes (02),false,{02032},Commune,2026-03-24 14:41:51.447482+01,gold_establishments_2025,,,,21020032500012,2025,Collectivité Territoriale,Commune,['Aisne'],['Hauts-de-France'],COM,{02},{32}
727442cf-9e9e-41d2-97e6-5dac8e9ba6e4,216200451,Commune de Aubigny-en-Artois (62),false,{62045},Commune,2026-03-24 14:42:05.597325+01,gold_establishments_2025,,,,21620045100013,2025,Collectivité Territoriale,Commune,['Pas-de-Calais'],['Hauts-de-France'],COM,{62},{32}
9da64544-6085-4cbb-8ecb-ad8b34cdab74,210200333,Commune de Aubigny-en-Laonnois (02),false,{02033},Commune,2026-03-24 14:41:51.447482+01,gold_establishments_2025,,,,21020033300016,2025,Collectivité Territoriale,Commune,['Aisne'],['Hauts-de-France'],COM,{02},{32}
49d9a791-7054-48a2-9d6c-be3c9d7ff116,212100317,Commune de Aubigny-en-Plaine (21),false,{21031},Commune,2026-03-24 14:41:55.433389+01,gold_establishments_2025,,,,21210031700016,2025,Collectivité Territoriale,Commune,"[""Côte-d'Or""]",['Bourgogne-Franche-Comté'],COM,{21},{27}
5aee2bf8-15c4-45ee-9ea5-a75bfdbe70cd,212100325,Commune de Aubigny-la-Ronce (21),false,{21032},Commune,2026-03-24 14:41:55.433389+01,gold_establishments_2025,,,,21210032500019,2025,Collectivité Territoriale,Commune,"[""Côte-d'Or""]",['Bourgogne-Franche-Comté'],COM,{21},{27}
6f25deaf-70fe-4769-8de2-ccb76265e8b6,210800249,Commune de Aubigny-les-Pothées (08),false,{08026},Commune,2026-03-24 14:41:52.562531+01,gold_establishments_2025,,,,21080024900018,2025,Collectivité Territoriale,Commune,['Ardennes'],['Grand Est'],COM,{08},{44}
310573aa-fe30-46b1-b583-3b69821ea9fa,212100333,Commune de Aubigny-lès-Sombernon (21),false,{21033},Commune,2026-03-24 14:41:55.433389+01,gold_establishments_2025,,,,21210033300013,2025,Collectivité Territoriale,Commune,"[""Côte-d'Or""]",['Bourgogne-Franche-Comté'],COM,{21},{27}
be02a32e-6c69-4820-ae47-5e410a363658,211800156,Commune de Aubigny-sur-Nère (18),false,{18015},Commune,2026-03-24 14:41:54.903238+01,gold_establishments_2025,,,,21180015600013,2025,Collectivité Territoriale,Commune,['Cher'],['Centre-Val de Loire'],COM,{18},{24}
45e960b4-4f29-4994-9246-f371271aa774,213500077,Commune de Aubigné (35),false,{35007},Commune,2026-03-24 14:41:58.620411+01,gold_establishments_2025,,,,21350007700010,2025,Collectivité Territoriale,Commune,['Ille-et-Vilaine'],['Bretagne'],COM,{35},{53}
0931be0a-a2a2-44fa-b5bf-fdab3e82af91,217900182,Commune de Aubigné (79),false,{79018},Commune,2026-03-24 14:42:09.43682+01,gold_establishments_2025,,,,21790018200015,2025,Collectivité Territoriale,Commune,['Deux-Sèvres'],['Nouvelle-Aquitaine'],COM,{79},{75}
eddd581f-f0b0-4eea-97e0-577fc5ab7100,217200138,Commune de Aubigné-Racan (72),false,{72013},Commune,2026-03-24 14:42:08.279287+01,gold_establishments_2025,,,,21720013800014,2025,Collectivité Territoriale,Commune,['Sarthe'],['Pays de la Loire'],COM,{72},{52}
7694c6d3-ff82-4628-9891-79f9c42e65ec,214900128,Commune de Aubigné-sur-Layon (49),false,{49012},Commune,2026-03-24 14:42:01.412377+01,gold_establishments_2025,,,,21490012800015,2025,Collectivité Territoriale,Commune,['Maine-et-Loire'],['Pays de la Loire'],COM,{49},{52}
30fc721d-95cb-44b7-8542-6c4182310dfc,215100199,Commune de Aubilly (51),false,{51020},Commune,2026-03-24 14:42:01.412377+01,gold_establishments_2025,,,,21510019900011,2025,Collectivité Territoriale,Commune,['Marne'],['Grand Est'],COM,{51},{44}
c21f8452-bd97-4848-ad52-8eab3bebc8b7,211200134,Commune de Aubin (12),false,{12013},Commune,2026-03-24 14:41:53.63825+01,gold_establishments_2025,,,,21120013400016,2025,Collectivité Territoriale,Commune,['Aveyron'],['Occitanie'],COM,{12},{76}
426a2c79-62f0-495e-953e-045fe871ffdb,216400739,Commune de Aubin (64),false,{64073},Commune,2026-03-24 14:42:06.130387+01,gold_establishments_2025,,,,21640073900019,2025,Collectivité Territoriale,Commune,['Pyrénées-Atlantiques'],['Nouvelle-Aquitaine'],COM,{64},{75}
ee561f1b-248b-43d6-8294-1d465df2ecae,216200469,Commune de Aubin-Saint-Vaast (62),false,{62046},Commune,2026-03-24 14:42:05.597325+01,gold_establishments_2025,,,,21620046900015,2025,Collectivité Territoriale,Commune,['Pas-de-Calais'],['Hauts-de-France'],COM,{62},{32}
76395c14-d689-43b4-9ea1-f0e18da12272,211800164,Commune de Aubinges (18),false,{18016},Commune,2026-03-24 14:41:54.903238+01,gold_establishments_2025,,,,21180016400017,2025,Collectivité Territoriale,Commune,['Cher'],['Centre-Val de Loire'],COM,{18},{24}
8f74549d-3b3a-4921-bf7c-67e03eb1107d,216300145,Commune de Aubière (63),false,{63014},Commune,2026-03-24 14:42:06.130387+01,gold_establishments_2025,,,,21630014500010,2025,Collectivité Territoriale,Commune,['Puy-de-Dôme'],['Auvergne-Rhône-Alpes'],COM,{63},{84}
a4228f4e-6b0f-4146-8a97-1ddd72b80673,210800256,Commune de Auboncourt-Vauzelles (08),false,{08027},Commune,2026-03-24 14:41:52.562531+01,gold_establishments_2025,,,,21080025600013,2025,Collectivité Territoriale,Commune,['Ardennes'],['Grand Est'],COM,{08},{44}
421e1c31-6dc5-49e0-95da-4964fd7c63b9,212500292,Commune de Aubonne (25),false,{25029},Commune,2026-03-24 14:41:55.958138+01,gold_establishments_2025,,,,21250029200017,2025,Collectivité Territoriale,Commune,['Doubs'],['Bourgogne-Franche-Comté'],COM,{25},{27}
19e39ea4-33de-411c-9a25-d9f587274f52,213000201,Commune de Aubord (30),false,{30020},Commune,2026-03-24 14:41:57.56054+01,gold_establishments_2025,,,,21300020100011,2025,Collectivité Territoriale,Commune,['Gard'],['Occitanie'],COM,{30},{76}
420be513-7fbb-44c3-ab10-e3eafa1986bf,216400747,Commune de Aubous (64),false,{64074},Commune,2026-03-24 14:42:06.130387+01,gold_establishments_2025,,,,21640074700012,2025,Collectivité Territoriale,Commune,['Pyrénées-Atlantiques'],['Nouvelle-Aquitaine'],COM,{64},{75}
95657048-4c3c-4fc5-b5d5-ad2bdaf9a0ac,215400284,Commune de Auboué (54),false,{54028},Commune,2026-03-24 14:42:02.957225+01,gold_establishments_2025,,,,21540028400018,2025,Collectivité Territoriale,Commune,['Meurthe-et-Moselle'],['Grand Est'],COM,{54},{44}
7e68ec96-2973-4b38-8348-e952f503490a,212600167,Commune de Aubres (26),false,{26016},Commune,2026-03-24 14:41:56.495197+01,gold_establishments_2025,,,,21260016700051,2025,Collectivité Territoriale,Commune,['Drôme'],['Auvergne-Rhône-Alpes'],COM,{26},{84}
1838fa46-5f1c-4110-b087-083cf1cf1080,210800264,Commune de Aubrives (08),false,{08028},Commune,2026-03-24 14:41:52.562531+01,gold_establishments_2025,,,,21080026400017,2025,Collectivité Territoriale,Commune,['Ardennes'],['Grand Est'],COM,{08},{44}
9171aeaa-5b21-4043-8e86-41d9f02fa24a,216200477,Commune de Aubrometz (62),false,{62047},Commune,2026-03-24 14:42:05.597325+01,gold_establishments_2025,,,,21620047700018,2025,Collectivité Territoriale,Commune,['Pas-de-Calais'],['Hauts-de-France'],COM,{62},{32}
c7c0f321-f97c-417c-b976-1ef078a6d4c4,215900275,Commune de Aubry-du-Hainaut (59),false,{59027},Commune,2026-03-24 14:42:04.280096+01,gold_establishments_2025,,,,21590027500011,2025,Collectivité Territoriale,Commune,['Nord'],['Hauts-de-France'],COM,{59},{32}
0297c01f-a2c6-4aba-bd68-38008af418b8,216100107,Commune de Aubry-le-Panthou (61),false,{61010},Commune,2026-03-24 14:42:04.814328+01,gold_establishments_2025,,,,21610010700012,2025,Collectivité Territoriale,Commune,['Orne'],['Normandie'],COM,{61},{28}
6f5c6061-1130-45dc-9652-4163156dca95,215500141,Commune de Aubréville (55),false,{55014},Commune,2026-03-24 14:42:02.957225+01,gold_establishments_2025,,,,21550014100019,2025,Collectivité Territoriale,Commune,['Meuse'],['Grand Est'],COM,{55},{44}
5ce72f71-7537-470a-9bed-0f5dbf246362,216800144,Commune de Aubure (68),false,{68014},Commune,2026-03-24 14:42:07.195692+01,gold_establishments_2025,,,,21680014400018,2025,Collectivité Territoriale,Commune,['Haut-Rhin'],['Grand Est'],COM,{68},{44}
8ee8a797-068d-4bb9-a1eb-43bc11595f64,213000219,Commune de Aubussargues (30),false,{30021},Commune,2026-03-24 14:41:57.56054+01,gold_establishments_2025,,,,21300021900013,2025,Collectivité Territoriale,Commune,['Gard'],['Occitanie'],COM,{30},{76}
95be0922-53bf-4518-a7d3-570ddeae618b,212300800,Commune de Aubusson (23),false,{23008},Commune,2026-03-24 14:41:55.958138+01,gold_establishments_2025,,,,21230080000019,2025,Collectivité Territoriale,Commune,['Creuse'],['Nouvelle-Aquitaine'],COM,{23},{75}
eba1a37b-5eb1-47b0-b599-9a9bf998455b,216100115,Commune de Aubusson (61),false,{61011},Commune,2026-03-24 14:42:04.814328+01,gold_establishments_2025,,,,21610011500015,2025,Collectivité Territoriale,Commune,['Orne'],['Normandie'],COM,{61},{28}
d2e59647-8f59-4fd6-aa18-aa320e7550ea,216300152,Commune de Aubusson-d'Auvergne (63),false,{63015},Commune,2026-03-24 14:42:06.130387+01,gold_establishments_2025,,,,21630015200016,2025,Collectivité Territoriale,Commune,['Puy-de-Dôme'],['Auvergne-Rhône-Alpes'],COM,{63},{84}
fcfda802-14dc-4b49-940c-2d2b65142767,218000354,Commune de Aubvillers (80),false,{80037},Commune,2026-03-24 14:42:09.43682+01,gold_establishments_2025,,,,21800035400017,2025,Collectivité Territoriale,Commune,['Somme'],['Hauts-de-France'],COM,{80},{32}
24094251-87fb-49b5-a7f2-6ad8581185e1,215900283,Commune de Auby (59),false,{59028},Commune,2026-03-24 14:42:04.280096+01,gold_establishments_2025,,,,21590028300148,2025,Collectivité Territoriale,Commune,['Nord'],['Hauts-de-France'],COM,{59},{32}
4ea9544d-3b30-48bb-aa42-828e5edd8fb9,217600287,Commune de Aubéguimont (76),false,{76028},Commune,2026-03-24 14:42:08.818969+01,gold_establishments_2025,,,,21760028700015,2025,Collectivité Territoriale,Commune,['Seine-Maritime'],['Normandie'],COM,{76},{28}
725e5989-304d-4b82-ad39-ad66c2304fc5,215100181,Commune de Aubérive (51),false,{51019},Commune,2026-03-24 14:42:01.412377+01,gold_establishments_2025,,,,21510018100019,2025,Collectivité Territoriale,Commune,['Marne'],['Grand Est'],COM,{51},{44}
78e7349f-7ddf-4113-9201-f058f893ba25,212200034,Commune de Aucaleuc (22),false,{22003},Commune,2026-03-24 14:41:55.433389+01,gold_establishments_2025,,,,21220003400016,2025,Collectivité Territoriale,Commune,"[""Côtes-d'Armor""]",['Bretagne'],COM,{22},{53}
7de07771-99bd-465a-a5a8-5be8d9696ec0,213100225,Commune de Aucamville (31),false,{31022},Commune,2026-03-24 14:41:57.56054+01,gold_establishments_2025,,,,21310022500019,2025,Collectivité Territoriale,Commune,['Haute-Garonne'],['Occitanie'],COM,{31},{76}
6de7def3-7b50-4a9b-a5a0-247e22d1c60c,218200053,Commune de Aucamville (82),false,{82005},Commune,2026-03-24 14:42:10.508772+01,gold_establishments_2025,,,,21820005300013,2025,Collectivité Territoriale,Commune,['Tarn-et-Garonne'],['Occitanie'],COM,{82},{76}
43e974f0-3628-4d9e-bf63-eeee1404d35c,210900254,Commune de Aucazein (09),false,{09025},Commune,2026-03-24 14:41:53.095366+01,gold_establishments_2025,,,,21090025400017,2025,Collectivité Territoriale,Commune,['Ariège'],['Occitanie'],COM,{09},{76}
b4a4bd41-f7b5-45e5-be50-8c36329423c0,212600175,Commune de Aucelon (26),false,{26017},Commune,2026-03-24 14:41:56.495197+01,gold_establishments_2025,,,,21260017500013,2025,Collectivité Territoriale,Commune,['Drôme'],['Auvergne-Rhône-Alpes'],COM,{26},{84}
e8ac3f45-90ce-4534-b6a5-ea231fc0769b,215000191,Commune de Aucey-la-Plaine (50),false,{50019},Commune,2026-03-24 14:42:01.412377+01,gold_establishments_2025,,,,21500019100019,2025,Collectivité Territoriale,Commune,['Manche'],['Normandie'],COM,{50},{28}
779ec466-6296-4be2-ad21-3822719bb461,213200132,Commune de Auch (32),false,{32013},Commune,2026-03-24 14:41:58.09424+01,gold_establishments_2025,,,,21320013200016,2025,Collectivité Territoriale,Commune,['Gers'],['Occitanie'],COM,{32},{76}
0fbd3d49-3655-4504-9db8-688acd9f74a3,200063956,Commune de Auchay-sur-Vendée (85),false,{85009},Commune,2026-03-24 14:42:10.508772+01,gold_establishments_2025,,,,20006395600011,2025,Collectivité Territoriale,Commune,['Vendée'],['Pays de la Loire'],COM,{85},{52}
f3d5c7a8-34fa-4e6b-970c-2091d74e4831,216200485,Commune de Auchel (62),false,{62048},Commune,2026-03-24 14:42:05.597325+01,gold_establishments_2025,,,,21620048500011,2025,Collectivité Territoriale,Commune,['Pas-de-Calais'],['Hauts-de-France'],COM,{62},{32}
a4ab5115-c9b9-4682-91e5-f248ae69e473,218000362,Commune de Auchonvillers (80),false,{80038},Commune,2026-03-24 14:42:09.43682+01,gold_establishments_2025,,,,21800036200010,2025,Collectivité Territoriale,Commune,['Somme'],['Hauts-de-France'],COM,{80},{32}
749954ab-b723-4ac7-81bc-d71ca45cc6d0,216200493,Commune de Auchy-au-Bois (62),false,{62049},Commune,2026-03-24 14:42:05.597325+01,gold_establishments_2025,,,,21620049300015,2025,Collectivité Territoriale,Commune,['Pas-de-Calais'],['Hauts-de-France'],COM,{62},{32}
096edb1b-8713-41f3-92d2-41df715abe43,216000265,Commune de Auchy-la-Montagne (60),false,{60026},Commune,2026-03-24 14:42:04.814328+01,gold_establishments_2025,,,,21600026500019,2025,Collectivité Territoriale,Commune,['Oise'],['Hauts-de-France'],COM,{60},{32}
17c7c72b-92d3-4ee7-9fb6-11a14f8cc308,216200519,Commune de Auchy-les-Mines (62),false,{62051},Commune,2026-03-24 14:42:05.597325+01,gold_establishments_2025,,,,21620051900017,2025,Collectivité Territoriale,Commune,['Pas-de-Calais'],['Hauts-de-France'],COM,{62},{32}
d6536fce-b957-4c70-bf53-4acd8ec0daf9,215900291,Commune de Auchy-lez-Orchies (59),false,{59029},Commune,2026-03-24 14:42:04.280096+01,gold_establishments_2025,,,,21590029100034,2025,Collectivité Territoriale,Commune,['Nord'],['Hauts-de-France'],COM,{59},{32}
30866729-05ef-4f37-91bf-e19fb9f652f4,216200501,Commune de Auchy-lès-Hesdin (62),false,{62050},Commune,2026-03-24 14:42:05.597325+01,gold_establishments_2025,,,,21620050100015,2025,Collectivité Territoriale,Commune,['Pas-de-Calais'],['Hauts-de-France'],COM,{62},{32}
f4194c04-7f3b-4bf3-8d94-f4856627a997,216500454,Commune de Aucun (65),false,{65045},Commune,2026-03-24 14:42:06.665412+01,gold_establishments_2025,,,,21650045400014,2025,Collectivité Territoriale,Commune,['Hautes-Pyrénées'],['Occitanie'],COM,{65},{76}
14ae34c5-af80-44c3-9b68-be0651d67fb7,216400754,Commune de Audaux (64),false,{64075},Commune,2026-03-24 14:42:06.130387+01,gold_establishments_2025,,,,21640075400018,2025,Collectivité Territoriale,Commune,['Pyrénées-Atlantiques'],['Nouvelle-Aquitaine'],COM,{64},{75}
77a593f8-20fc-4d14-866b-1a897554a71c,213900244,Commune de Audelange (39),false,{39024},Commune,2026-03-24 14:41:59.705606+01,gold_establishments_2025,,,,21390024400012,2025,Collectivité Territoriale,Commune,['Jura'],['Bourgogne-Franche-Comté'],COM,{39},{27}
27fde7ee-3a45-4a12-aa06-06bbf0da959c,215200189,Commune de Audeloncourt (52),false,{52025},Commune,2026-03-24 14:42:01.954481+01,gold_establishments_2025,,,,21520018900011,2025,Collectivité Territoriale,Commune,['Haute-Marne'],['Grand Est'],COM,{52},{44}
021aa5b2-60d7-44eb-a388-855fb97a1c85,216200527,Commune de Audembert (62),false,{62052},Commune,2026-03-24 14:42:05.597325+01,gold_establishments_2025,,,,21620052700010,2025,Collectivité Territoriale,Commune,['Pas-de-Calais'],['Hauts-de-France'],COM,{62},{32}
e2c0ec3e-5428-4d4c-9da5-dbb75aad91cc,213300197,Commune de Audenge (33),false,{33019},Commune,2026-03-24 14:41:58.09424+01,gold_establishments_2025,,,,21330019700018,2025,Collectivité Territoriale,Commune,['Gironde'],['Nouvelle-Aquitaine'],COM,{33},{75}
789c3397-f7c6-439c-a826-303b06e7283c,210300109,Commune de Audes (03),false,{03010},Commune,2026-03-24 14:41:52.020251+01,gold_establishments_2025,,,,21030010900019,2025,Collectivité Territoriale,Commune,['Allier'],['Auvergne-Rhône-Alpes'],COM,{03},{84}
cbf4b6ed-0a07-4903-a0aa-9d93b5ddec5e,212500300,Commune de Audeux (25),false,{25030},Commune,2026-03-24 14:41:55.958138+01,gold_establishments_2025,,,,21250030000018,2025,Collectivité Territoriale,Commune,['Doubs'],['Bourgogne-Franche-Comté'],COM,{25},{27}
1138ff4f-4fd1-4551-b314-f18a773911e0,214500126,Commune de Audeville (45),false,{45012},Commune,2026-03-24 14:42:00.862623+01,gold_establishments_2025,,,,21450012600013,2025,Collectivité Territoriale,Commune,['Loiret'],['Centre-Val de Loire'],COM,{45},{24}
4ef2e390-0dfe-407e-abbd-eba38ce9a54f,200054724,Commune de Audierne (29),false,{29003},Commune,2026-03-24 14:41:57.028721+01,gold_establishments_2025,,,,20005472400014,2025,Collectivité Territoriale,Commune,['Finistère'],['Bretagne'],COM,{29},{53}
987a7d7a-4b37-417e-a868-06d1f8d561c7,210200341,Commune de Audignicourt (02),false,{02034},Commune,2026-03-24 14:41:51.447482+01,gold_establishments_2025,,,,21020034100019,2025,Collectivité Territoriale,Commune,['Aisne'],['Hauts-de-France'],COM,{02},{32}
370e2e59-28d2-44b2-89e1-c37b562c259f,215900317,Commune de Audignies (59),false,{59031},Commune,2026-03-24 14:42:04.280096+01,gold_establishments_2025,,,,21590031700011,2025,Collectivité Territoriale,Commune,['Nord'],['Hauts-de-France'],COM,{59},{32}
24e5bc02-bc90-4166-b5fd-a9cd1d14123b,214000176,Commune de Audignon (40),false,{40017},Commune,2026-03-24 14:41:59.705606+01,gold_establishments_2025,,,,21400017600013,2025,Collectivité Territoriale,Commune,['Landes'],['Nouvelle-Aquitaine'],COM,{40},{75}
c80d10a2-de62-463a-ab9e-56959e837110,210200358,Commune de Audigny (02),false,{02035},Commune,2026-03-24 14:41:51.447482+01,gold_establishments_2025,,,,21020035800013,2025,Collectivité Territoriale,Commune,['Aisne'],['Hauts-de-France'],COM,{02},{32}
bbca3fd6-7c4d-4903-b31c-d8fdd9563a54,212500318,Commune de Audincourt (25),false,{25031},Commune,2026-03-24 14:41:55.958138+01,gold_establishments_2025,,,,21250031800010,2025,Collectivité Territoriale,Commune,['Doubs'],['Bourgogne-Franche-Comté'],COM,{25},{27}
67f93bb4-31b3-4f87-a136-a6927dc06d43,216200535,Commune de Audincthun (62),false,{62053},Commune,2026-03-24 14:42:05.597325+01,gold_establishments_2025,,,,21620053500013,2025,Collectivité Territoriale,Commune,['Pas-de-Calais'],['Hauts-de-France'],COM,{62},{32}
ca7020a6-58ec-4343-96f2-308ebac144a8,216200543,Commune de Audinghen (62),false,{62054},Commune,2026-03-24 14:42:05.597325+01,gold_establishments_2025,,,,21620054300074,2025,Collectivité Territoriale,Commune,['Pas-de-Calais'],['Hauts-de-France'],COM,{62},{32}
15b8f8bf-eb25-4424-97f1-9492b8a1da46,214000184,Commune de Audon (40),false,{40018},Commune,2026-03-24 14:41:59.705606+01,gold_establishments_2025,,,,21400018400017,2025,Collectivité Territoriale,Commune,['Landes'],['Nouvelle-Aquitaine'],COM,{40},{75}
4fe29a50-4ef0-4367-bdeb-d33a8f9187f4,215000217,Commune de Audouville-la-Hubert (50),false,{50021},Commune,2026-03-24 14:42:01.412377+01,gold_establishments_2025,,,,21500021700012,2025,Collectivité Territoriale,Commune,['Manche'],['Normandie'],COM,{50},{28}
fb67916e-f90d-40a5-91a1-981fe7bab9b6,216200550,Commune de Audrehem (62),false,{62055},Commune,2026-03-24 14:42:05.597325+01,gold_establishments_2025,,,,21620055000012,2025,Collectivité Territoriale,Commune,['Pas-de-Calais'],['Hauts-de-France'],COM,{62},{32}
7c708361-13d9-40a2-b80a-3eacf7997427,210900262,Commune de Audressein (09),false,{09026},Commune,2026-03-24 14:41:53.095366+01,gold_establishments_2025,,,,21090026200010,2025,Collectivité Territoriale,Commune,['Ariège'],['Occitanie'],COM,{09},{76}
0e7261c2-837c-4ba1-bf30-d868198f343f,216200568,Commune de Audresselles (62),false,{62056},Commune,2026-03-24 14:42:05.597325+01,gold_establishments_2025,,,,21620056800014,2025,Collectivité Territoriale,Commune,['Pas-de-Calais'],['Hauts-de-France'],COM,{62},{32}
783ba3d0-7ee7-477b-9104-41f69dd5a93d,211400262,Commune de Audrieu (14),false,{14026},Commune,2026-03-24 14:41:53.63825+01,gold_establishments_2025,,,,21140026200070,2025,Collectivité Territoriale,Commune,['Calvados'],['Normandie'],COM,{14},{28}
5cfc63ae-0c03-4c91-a944-b09b2a01756d,212400154,Commune de Audrix (24),false,{24015},Commune,2026-03-24 14:41:55.958138+01,gold_establishments_2025,,,,21240015400010,2025,Collectivité Territoriale,Commune,['Dordogne'],['Nouvelle-Aquitaine'],COM,{24},{75}
a985f8fb-c9ab-4cb1-97e9-08957724be9d,216200576,Commune de Audruicq (62),false,{62057},Commune,2026-03-24 14:42:05.597325+01,gold_establishments_2025,,,,21620057600090,2025,Collectivité Territoriale,Commune,['Pas-de-Calais'],['Hauts-de-France'],COM,{62},{32}
c8e820af-51ec-42d3-a926-c08cdabdf106,215400292,Commune de Audun-le-Roman (54),false,{54029},Commune,2026-03-24 14:42:02.957225+01,gold_establishments_2025,,,,21540029200011,2025,Collectivité Territoriale,Commune,['Meurthe-et-Moselle'],['Grand Est'],COM,{54},{44}
400dabf5-6644-4f2b-a94e-eb2e5d25b18a,215700386,Commune de Audun-le-Tiche (57),false,{57038},Commune,2026-03-24 14:42:03.701372+01,gold_establishments_2025,,,,21570038600018,2025,Collectivité Territoriale,Commune,['Moselle'],['Grand Est'],COM,{57},{44}
2eafa315-d421-439e-8351-cb6a75c45071,217800309,Commune de Auffargis (78),false,{78030},Commune,2026-03-24 14:42:09.43682+01,gold_establishments_2025,,,,21780030900015,2025,Collectivité Territoriale,Commune,['Yvelines'],['Île-de-France'],COM,{78},{11}
f163a2ce-afc6-4947-94c3-f674ade2913b,217700111,Commune de Aufferville (77),false,{77011},Commune,2026-03-24 14:42:08.818969+01,gold_establishments_2025,,,,21770011100016,2025,Collectivité Territoriale,Commune,['Seine-et-Marne'],['Île-de-France'],COM,{77},{11}
17d99ac0-e390-4f8f-96fe-f2caa3699e5d,217800317,Commune de Auffreville-Brasseuil (78),false,{78031},Commune,2026-03-24 14:42:09.43682+01,gold_establishments_2025,,,,21780031700018,2025,Collectivité Territoriale,Commune,['Yvelines'],['Île-de-France'],COM,{78},{11}
92d54cd3-ce0f-491f-95b6-372dbfb767ee,210800272,Commune de Auflance (08),false,{08029},Commune,2026-03-24 14:41:52.562531+01,gold_establishments_2025,,,,21080027200010,2025,Collectivité Territoriale,Commune,['Ardennes'],['Grand Est'],COM,{08},{44}
84a689e1-4562-4f1a-b15b-9e43178b7530,216400770,Commune de Auga (64),false,{64077},Commune,2026-03-24 14:42:06.130387+01,gold_establishments_2025,,,,21640077000014,2025,Collectivité Territoriale,Commune,['Pyrénées-Atlantiques'],['Nouvelle-Aquitaine'],COM,{64},{75}
b300d010-20f9-42d0-b779-cd489033d371,215600065,Commune de Augan (56),false,{56006},Commune,2026-03-24 14:42:03.701372+01,gold_establishments_2025,,,,21560006500019,2025,Collectivité Territoriale,Commune,['Morbihan'],['Bretagne'],COM,{56},{53}
20cf2eb5-882f-47c7-b2a2-060595a9930a,210800280,Commune de Auge (08),false,{08030},Commune,2026-03-24 14:41:52.562531+01,gold_establishments_2025,,,,21080028000013,2025,Collectivité Territoriale,Commune,['Ardennes'],['Grand Est'],COM,{08},{44}
46c180ba-1696-4a63-ab01-711de6fad3d0,212300909,Commune de Auge (23),false,{23009},Commune,2026-03-24 14:41:55.958138+01,gold_establishments_2025,,,,21230090900018,2025,Collectivité Territoriale,Commune,['Creuse'],['Nouvelle-Aquitaine'],COM,{23},{75}
43192d87-82fa-401a-b5a5-8cde1500cfbf,213900251,Commune de Augea (39),false,{39025},Commune,2026-03-24 14:41:59.705606+01,gold_establishments_2025,,,,21390025100017,2025,Collectivité Territoriale,Commune,['Jura'],['Bourgogne-Franche-Comté'],COM,{39},{27}
2e151f47-229f-47d3-a50c-37545fc169bf,216000273,Commune de Auger-Saint-Vincent (60),false,{60027},Commune,2026-03-24 14:42:04.814328+01,gold_establishments_2025,,,,21600027300013,2025,Collectivité Territoriale,Commune,['Oise'],['Hauts-de-France'],COM,{60},{32}
97b98594-6626-4d63-b5bf-31675e7cc4cc,213900269,Commune de Augerans (39),false,{39026},Commune,2026-03-24 14:41:59.705606+01,gold_establishments_2025,,,,21390026900019,2025,Collectivité Territoriale,Commune,['Jura'],['Bourgogne-Franche-Comté'],COM,{39},{27}
3b190453-f9f2-4730-90cd-5f3c2b4a830e,216300160,Commune de Augerolles (63),false,{63016},Commune,2026-03-24 14:42:06.130387+01,gold_establishments_2025,,,,21630016000019,2025,Collectivité Territoriale,Commune,['Puy-de-Dôme'],['Auvergne-Rhône-Alpes'],COM,{63},{84}
7238d660-5e77-4547-a7e4-799da92f2914,217700129,Commune de Augers-en-Brie (77),false,{77012},Commune,2026-03-24 14:42:08.818969+01,gold_establishments_2025,,,,21770012900018,2025,Collectivité Territoriale,Commune,['Seine-et-Marne'],['Île-de-France'],COM,{77},{11}
a5037e30-472a-4e16-afe6-2ded85922b06,214500134,Commune de Augerville-la-Rivière (45),false,{45013},Commune,2026-03-24 14:42:00.862623+01,gold_establishments_2025,,,,21450013400017,2025,Collectivité Territoriale,Commune,['Loiret'],['Centre-Val de Loire'],COM,{45},{24}
a788f9fd-c2be-4e51-875a-f5640f1cf8aa,217000355,Commune de Augicourt (70),false,{70035},Commune,2026-03-24 14:42:07.735343+01,gold_establishments_2025,,,,21700035500016,2025,Collectivité Territoriale,Commune,['Haute-Saône'],['Bourgogne-Franche-Comté'],COM,{70},{27}
5334b520-a0da-4d58-9614-5a822e610b26,212400162,Commune de Augignac (24),false,{24016},Commune,2026-03-24 14:41:55.958138+01,gold_establishments_2025,,,,21240016200062,2025,Collectivité Territoriale,Commune,['Dordogne'],['Nouvelle-Aquitaine'],COM,{24},{75}
7b0ed95f-0a45-4b61-9b57-5de508b38622,210900270,Commune de Augirein (09),false,{09027},Commune,2026-03-24 14:41:53.095366+01,gold_establishments_2025,,,,21090027000013,2025,Collectivité Territoriale,Commune,['Ariège'],['Occitanie'],COM,{09},{76}
d894d295-adac-48f5-869c-637801b5602b,213900277,Commune de Augisey (39),false,{39027},Commune,2026-03-24 14:41:59.705606+01,gold_establishments_2025,,,,21390027700012,2025,Collectivité Territoriale,Commune,['Jura'],['Bourgogne-Franche-Comté'],COM,{39},{27}
d7d94851-6f30-4295-8f29-5b16625d5adc,216300178,Commune de Augnat (63),false,{63017},Commune,2026-03-24 14:42:06.130387+01,gold_establishments_2025,,,,21630017800011,2025,Collectivité Territoriale,Commune,['Puy-de-Dôme'],['Auvergne-Rhône-Alpes'],COM,{63},{84}
3bf53bc7-9e6e-4d3a-905a-add7c71c342a,213200140,Commune de Augnax (32),false,{32014},Commune,2026-03-24 14:41:58.09424+01,gold_establishments_2025,,,,21320014000019,2025,Collectivité Territoriale,Commune,['Gers'],['Occitanie'],COM,{32},{76}
286e5f13-8921-4f57-9999-6cb997c4ebab,218700409,Commune de Augne (87),false,{87004},Commune,2026-03-24 14:42:11.118516+01,gold_establishments_2025,,,,21870040900012,2025,Collectivité Territoriale,Commune,['Haute-Vienne'],['Nouvelle-Aquitaine'],COM,{87},{75}
c9dfbf7e-f554-417c-80d6-779487074116,215700394,Commune de Augny (57),false,{57039},Commune,2026-03-24 14:42:03.701372+01,gold_establishments_2025,,,,21570039400046,2025,Collectivité Territoriale,Commune,['Moselle'],['Grand Est'],COM,{57},{44}
78c6081c-c4eb-41e0-8ff3-619f641440d0,216100123,Commune de Auguaise (61),false,{61012},Commune,2026-03-24 14:42:04.814328+01,gold_establishments_2025,,,,21610012300019,2025,Collectivité Territoriale,Commune,['Orne'],['Normandie'],COM,{61},{28}
a08f32c5-6741-4663-81e0-2899adb2f4a7,210200366,Commune de Augy (02),false,{02036},Commune,2026-03-24 14:41:51.447482+01,gold_establishments_2025,,,,21020036600016,2025,Collectivité Territoriale,Commune,['Aisne'],['Hauts-de-France'],COM,{02},{32}
46d1f8da-11f9-441b-bc69-eafb89e4aaf4,218900231,Commune de Augy (89),false,{89023},Commune,2026-03-24 14:42:11.118516+01,gold_establishments_2025,,,,21890023100083,2025,Collectivité Territoriale,Commune,['Yonne'],['Bourgogne-Franche-Comté'],COM,{89},{27}
c1d89df4-3a47-4693-a83f-68406cee5c55,211800172,Commune de Augy-sur-Aubois (18),false,{18017},Commune,2026-03-24 14:41:54.903238+01,gold_establishments_2025,,,,21180017200010,2025,Collectivité Territoriale,Commune,['Cher'],['Centre-Val de Loire'],COM,{18},{24}
6f757c0b-204f-4af3-bed1-8ee2f2f7de9d,212301006,Commune de Augères (23),false,{23010},Commune,2026-03-24 14:41:55.958138+01,gold_establishments_2025,,,,21230100600012,2025,Collectivité Territoriale,Commune,['Creuse'],['Nouvelle-Aquitaine'],COM,{23},{75}
c166addc-947c-499a-a47d-ac60acfa9f25,217900208,Commune de Augé (79),false,{79020},Commune,2026-03-24 14:42:09.43682+01,gold_establishments_2025,,,,21790020800018,2025,Collectivité Territoriale,Commune,['Deux-Sèvres'],['Nouvelle-Aquitaine'],COM,{79},{75}
9c3f19e9-0323-409b-bfb6-7d5cc30754e4,211700232,Commune de Aujac (17),false,{17023},Commune,2026-03-24 14:41:54.903238+01,gold_establishments_2025,,,,21170023200013,2025,Collectivité Territoriale,Commune,['Charente-Maritime'],['Nouvelle-Aquitaine'],COM,{17},{75}
1a872e80-d061-4456-aea0-aa4e4b0bc30b,213000227,Commune de Aujac (30),false,{30022},Commune,2026-03-24 14:41:57.56054+01,gold_establishments_2025,,,,21300022700016,2025,Collectivité Territoriale,Commune,['Gard'],['Occitanie'],COM,{30},{76}
548783c8-26cf-439e-aeb1-a8d49e564884,213200157,Commune de Aujan-Mournède (32),false,{32015},Commune,2026-03-24 14:41:58.09424+01,gold_establishments_2025,,,,21320015700013,2025,Collectivité Territoriale,Commune,['Gers'],['Occitanie'],COM,{32},{76}
fed6e4a6-8ebe-4ec0-9028-420c3b4d58bf,213000235,Commune de Aujargues (30),false,{30023},Commune,2026-03-24 14:41:57.56054+01,gold_establishments_2025,,,,21300023500019,2025,Collectivité Territoriale,Commune,['Gard'],['Occitanie'],COM,{30},{76}
d0ef7986-d296-43fa-b50e-432bee62ddc1,215200197,Commune de Aujeurres (52),false,{52027},Commune,2026-03-24 14:42:01.954481+01,gold_establishments_2025,,,,21520019700014,2025,Collectivité Territoriale,Commune,['Haute-Marne'],['Grand Est'],COM,{52},{44}
b00908ea-8276-48a8-8332-022cf73f0e4e,214600108,Commune de Aujols (46),false,{46010},Commune,2026-03-24 14:42:00.862623+01,gold_establishments_2025,,,,21460010800010,2025,Collectivité Territoriale,Commune,['Lot'],['Occitanie'],COM,{46},{76}
a9a7647e-a09c-46c6-862e-cbbce59f8c57,212600183,Commune de Aulan (26),false,{26018},Commune,2026-03-24 14:41:56.495197+01,gold_establishments_2025,,,,21260018300017,2025,Collectivité Territoriale,Commune,['Drôme'],['Auvergne-Rhône-Alpes'],COM,{26},{84}
b76514ff-e6c4-4a16-858c-6763c2381249,213000243,Commune de Aulas (30),false,{30024},Commune,2026-03-24 14:41:57.56054+01,gold_establishments_2025,,,,21300024300013,2025,Collectivité Territoriale,Commune,['Gard'],['Occitanie'],COM,{30},{76}
7bad5482-42f5-4ef0-9743-dc208a7fe96c,200056422,Commune de Aulhat-Flat (63),false,{63160},Commune,2026-03-24 14:42:06.130387+01,gold_establishments_2025,,,,20005642200013,2025,Collectivité Territoriale,Commune,['Puy-de-Dôme'],['Auvergne-Rhône-Alpes'],COM,{63},{84}
6e390e42-de74-44d6-878c-6d5ca09542c1,212000244,Commune de Aullène (2A),false,{2A024},Commune,2026-03-24 14:41:57.56054+01,gold_establishments_2025,,,,21200024400013,2025,Collectivité Territoriale,Commune,['Corse-du-Sud'],['Corse'],COM,{2A},{94}
5469a591-c218-429f-8202-676bfc2f7b3e,216300194,Commune de Aulnat (63),false,{63019},Commune,2026-03-24 14:42:06.130387+01,gold_establishments_2025,,,,21630019400075,2025,Collectivité Territoriale,Commune,['Puy-de-Dôme'],['Auvergne-Rhône-Alpes'],COM,{63},{84}
c420ca4b-19af-4e5e-a905-3d96ca6f6e7b,211000153,Commune de Aulnay (10),false,{10017},Commune,2026-03-24 14:41:53.095366+01,gold_establishments_2025,,,,21100015300034,2025,Collectivité Territoriale,Commune,['Aube'],['Grand Est'],COM,{10},{44}
31d37148-1ecf-4233-98fa-766ee2bdb8c4,211700240,Commune de Aulnay (17),false,{17024},Commune,2026-03-24 14:41:54.903238+01,gold_establishments_2025,,,,21170024000016,2025,Collectivité Territoriale,Commune,['Charente-Maritime'],['Nouvelle-Aquitaine'],COM,{17},{75}
2064e882-5999-46ba-a637-b4e73eda3f68,218600138,Commune de Aulnay (86),false,{86013},Commune,2026-03-24 14:42:10.508772+01,gold_establishments_2025,,,,21860013800018,2025,Collectivité Territoriale,Commune,['Vienne'],['Nouvelle-Aquitaine'],COM,{86},{75}
ee704bc5-b54d-4a4d-90da-f0cf9815a114,215100207,Commune de Aulnay-l'Aître (51),false,{51022},Commune,2026-03-24 14:42:01.412377+01,gold_establishments_2025,,,,21510020700012,2025,Collectivité Territoriale,Commune,['Marne'],['Grand Est'],COM,{51},{44}
aaf10337-2ebf-4599-b054-1a76a03a5f13,214500142,Commune de Aulnay-la-Rivière (45),false,{45014},Commune,2026-03-24 14:42:00.862623+01,gold_establishments_2025,,,,21450014200010,2025,Collectivité Territoriale,Commune,['Loiret'],['Centre-Val de Loire'],COM,{45},{24}
51b7f518-e74d-49a0-8985-10dab3a12e81,219300050,Commune de Aulnay-sous-Bois (93),false,{93005},Commune,2026-03-24 14:42:11.659493+01,gold_establishments_2025,,,,21930005000016,2025,Collectivité Territoriale,Commune,['Seine-Saint-Denis'],['Île-de-France'],COM,{93},{11}
b0839851-1ee6-42d4-a5f9-ac9f2a41dde5,212700231,Commune de Aulnay-sur-Iton (27),false,{27023},Commune,2026-03-24 14:41:56.495197+01,gold_establishments_2025,,,,21270023100013,2025,Collectivité Territoriale,Commune,['Eure'],['Normandie'],COM,{27},{28}
d17f852b-6493-4968-9f9d-1532f1d10aeb,215100215,Commune de Aulnay-sur-Marne (51),false,{51023},Commune,2026-03-24 14:42:01.412377+01,gold_establishments_2025,,,,21510021500015,2025,Collectivité Territoriale,Commune,['Marne'],['Grand Est'],COM,{51},{44}
6fb6ceba-8ef4-48a2-a7dd-1a180e469145,217800333,Commune de Aulnay-sur-Mauldre (78),false,{78033},Commune,2026-03-24 14:42:09.43682+01,gold_establishments_2025,,,,21780033300015,2025,Collectivité Territoriale,Commune,['Yvelines'],['Île-de-France'],COM,{78},{11}
3bab1fbf-49bc-408a-bd72-567f51331669,218800175,Commune de Aulnois (88),false,{88017},Commune,2026-03-24 14:42:11.118516+01,gold_establishments_2025,,,,21880017500018,2025,Collectivité Territoriale,Commune,['Vosges'],['Grand Est'],COM,{88},{44}
8626de7c-2992-4d25-b591-2c6060860ec3,215500158,Commune de Aulnois-en-Perthois (55),false,{55015},Commune,2026-03-24 14:42:02.957225+01,gold_establishments_2025,,,,21550015800013,2025,Collectivité Territoriale,Commune,['Meuse'],['Grand Est'],COM,{55},{44}
5d70eb3d-013d-4778-9082-e8fa175b11e1,210200374,Commune de Aulnois-sous-Laon (02),false,{02037},Commune,2026-03-24 14:41:51.447482+01,gold_establishments_2025,,,,21020037400010,2025,Collectivité Territoriale,Commune,['Aisne'],['Hauts-de-France'],COM,{02},{32}
81edc8b8-65e1-4c1f-8d10-439f61182427,215700402,Commune de Aulnois-sur-Seille (57),false,{57040},Commune,2026-03-24 14:42:03.701372+01,gold_establishments_2025,,,,21570040200013,2025,Collectivité Territoriale,Commune,['Moselle'],['Grand Est'],COM,{57},{44}
408392d5-558a-4d9f-9713-2a9133f3a57f,217700137,Commune de Aulnoy (77),false,{77013},Commune,2026-03-24 14:42:08.818969+01,gold_establishments_2025,,,,21770013700011,2025,Collectivité Territoriale,Commune,['Seine-et-Marne'],['Île-de-France'],COM,{77},{11}
77e45ea7-59ed-464f-ae7f-c5a407908adb,215900325,Commune de Aulnoy-lez-Valenciennes (59),false,{59032},Commune,2026-03-24 14:42:04.280096+01,gold_establishments_2025,,,,21590032500014,2025,Collectivité Territoriale,Commune,['Nord'],['Hauts-de-France'],COM,{59},{32}
314fed87-de2f-49a5-81e4-1b59cefb2ff7,215200205,Commune de Aulnoy-sur-Aube (52),false,{52028},Commune,2026-03-24 14:42:01.954481+01,gold_establishments_2025,,,,21520020500015,2025,Collectivité Territoriale,Commune,['Haute-Marne'],['Grand Est'],COM,{52},{44}
43034dd6-e75c-420d-8c29-8415249a91e8,215900333,Commune de Aulnoye-Aymeries (59),false,{59033},Commune,2026-03-24 14:42:04.280096+01,gold_establishments_2025,,,,21590033300018,2025,Collectivité Territoriale,Commune,['Nord'],['Hauts-de-France'],COM,{59},{32}
9e49415b-5467-4eb1-9a5d-de9b393ea92f,212301105,Commune de Aulon (23),false,{23011},Commune,2026-03-24 14:41:55.958138+01,gold_establishments_2025,,,,21230110500012,2025,Collectivité Territoriale,Commune,['Creuse'],['Nouvelle-Aquitaine'],COM,{23},{75}
9be64dbd-54bd-4de8-bb41-284dde62a71a,213100233,Commune de Aulon (31),false,{31023},Commune,2026-03-24 14:41:57.56054+01,gold_establishments_2025,,,,21310023300013,2025,Collectivité Territoriale,Commune,['Haute-Garonne'],['Occitanie'],COM,{31},{76}
73323471-b599-46be-ac7f-865123b10659,216500462,Commune de Aulon (65),false,{65046},Commune,2026-03-24 14:42:06.665412+01,gold_establishments_2025,,,,21650046200017,2025,Collectivité Territoriale,Commune,['Hautes-Pyrénées'],['Occitanie'],COM,{65},{76}
64253061-eed8-422f-8c53-3e83fb9a9b71,200082824,Commune de Aulos-Sinsat (09),false,{09296},Commune,2026-03-24 14:41:53.095366+01,gold_establishments_2025,,,,20008282400018,2025,Collectivité Territoriale,Commune,['Ariège'],['Occitanie'],COM,{09},{76}
3b5cefcc-5263-46c4-8583-01b4547ccb78,218000370,Commune de Ault (80),false,{80039},Commune,2026-03-24 14:42:09.43682+01,gold_establishments_2025,,,,21800037000013,2025,Collectivité Territoriale,Commune,['Somme'],['Hauts-de-France'],COM,{80},{32}
3c1c5a86-06e7-47f6-a60a-9cebe2f15afe,210900296,Commune de Aulus-les-Bains (09),false,{09029},Commune,2026-03-24 14:41:53.095366+01,gold_establishments_2025,,,,21090029600018,2025,Collectivité Territoriale,Commune,['Ariège'],['Occitanie'],COM,{09},{76}
0d0e0d0b-c89b-46b3-9142-6d9490d1d610,217000363,Commune de Aulx-lès-Cromary (70),false,{70036},Commune,2026-03-24 14:42:07.735343+01,gold_establishments_2025,,,,21700036300010,2025,Collectivité Territoriale,Commune,['Haute-Saône'],['Bourgogne-Franche-Comté'],COM,{70},{27}
2684b259-ecbc-4594-9512-41b5d9e72cbf,211700257,Commune de Aumagne (17),false,{17025},Commune,2026-03-24 14:41:54.903238+01,gold_establishments_2025,,,,21170025700010,2025,Collectivité Territoriale,Commune,['Charente-Maritime'],['Nouvelle-Aquitaine'],COM,{17},{75}
0b1fa347-6885-4347-8b68-ccf023b9e10c,217600352,Commune de Aumale (76),false,{76035},Commune,2026-03-24 14:42:08.818969+01,gold_establishments_2025,,,,21760035200017,2025,Collectivité Territoriale,Commune,['Seine-Maritime'],['Normandie'],COM,{76},{28}
553b21d2-38ee-4b83-9a89-5e16438c557a,213400161,Commune de Aumelas (34),false,{34016},Commune,2026-03-24 14:41:58.620411+01,gold_establishments_2025,,,,21340016100013,2025,Collectivité Territoriale,Commune,['Hérault'],['Occitanie'],COM,{34},{76}
03142ffd-31ce-434c-9805-37d4c1f6289a,216200584,Commune de Aumerval (62),false,{62058},Commune,2026-03-24 14:42:05.597325+01,gold_establishments_2025,,,,21620058400011,2025,Collectivité Territoriale,Commune,['Pas-de-Calais'],['Hauts-de-France'],COM,{62},{32}
904d42d0-1b68-486b-9146-0f451d5383f0,213400179,Commune de Aumes (34),false,{34017},Commune,2026-03-24 14:41:58.620411+01,gold_establishments_2025,,,,21340017900015,2025,Collectivité Territoriale,Commune,['Hérault'],['Occitanie'],COM,{34},{76}
5dab7cb4-c15b-4f53-9d6b-b14be94ba64d,213000250,Commune de Aumessas (30),false,{30025},Commune,2026-03-24 14:41:57.56054+01,gold_establishments_2025,,,,21300025000018,2025,Collectivité Territoriale,Commune,['Gard'],['Occitanie'],COM,{30},{76}
11217ad9-64cf-4510-9352-860acdefb945,215700410,Commune de Aumetz (57),false,{57041},Commune,2026-03-24 14:42:03.701372+01,gold_establishments_2025,,,,21570041000016,2025,Collectivité Territoriale,Commune,['Moselle'],['Grand Est'],COM,{57},{44}
cdcb74dc-92fe-41cd-b01d-8ee204eae037,215000225,Commune de Aumeville-Lestre (50),false,{50022},Commune,2026-03-24 14:42:01.412377+01,gold_establishments_2025,,,,21500022500015,2025,Collectivité Territoriale,Commune,['Manche'],['Normandie'],COM,{50},{28}
c9df653e-0572-4910-afb8-1659c9a5f119,213900285,Commune de Aumont (39),false,{39028},Commune,2026-03-24 14:41:59.705606+01,gold_establishments_2025,,,,21390028500015,2025,Collectivité Territoriale,Commune,['Jura'],['Bourgogne-Franche-Comté'],COM,{39},{27}
b5838b5f-db5f-4ed8-a92d-25407aaa0cab,218000396,Commune de Aumont (80),false,{80041},Commune,2026-03-24 14:42:09.43682+01,gold_establishments_2025,,,,21800039600018,2025,Collectivité Territoriale,Commune,['Somme'],['Hauts-de-France'],COM,{80},{32}
e06b6484-37dc-40e7-ad0c-6801c859d5ae,216000281,Commune de Aumont-en-Halatte (60),false,{60028},Commune,2026-03-24 14:42:04.814328+01,gold_establishments_2025,,,,21600028100016,2025,Collectivité Territoriale,Commune,['Oise'],['Hauts-de-France'],COM,{60},{32}
72dfab97-9806-43ff-bd97-7462237b2e27,213900293,Commune de Aumur (39),false,{39029},Commune,2026-03-24 14:41:59.705606+01,gold_establishments_2025,,,,21390029300019,2025,Collectivité Territoriale,Commune,['Jura'],['Bourgogne-Franche-Comté'],COM,{39},{27}
c2ae1176-476b-43c0-b879-8f44f0e02d8c,218000388,Commune de Aumâtre (80),false,{80040},Commune,2026-03-24 14:42:09.43682+01,gold_establishments_2025,,,,21800038800015,2025,Collectivité Territoriale,Commune,['Somme'],['Hauts-de-France'],COM,{80},{32}
1d611c68-dcec-460a-92e2-f751bd4d8410,215100223,Commune de Auménancourt (51),false,{51025},Commune,2026-03-24 14:42:01.412377+01,gold_establishments_2025,,,,21510022300019,2025,Collectivité Territoriale,Commune,['Marne'],['Grand Est'],COM,{51},{44}
debd3cd0-e6fa-4f96-8311-68d496e978ba,200062784,Commune de Aunac-sur-Charente (16),false,{16023},Commune,2026-03-24 14:41:54.362296+01,gold_establishments_2025,,,,20006278400018,2025,Collectivité Territoriale,Commune,['Charente'],['Nouvelle-Aquitaine'],COM,{16},{75}
55a7180d-2083-48a3-9d8e-a3e97d2a0787,211100193,Commune de Aunat (11),false,{11019},Commune,2026-03-24 14:41:53.63825+01,gold_establishments_2025,,,,21110019300013,2025,Collectivité Territoriale,Commune,['Aude'],['Occitanie'],COM,{11},{76}
bc1d88cf-ad6b-4b11-a2f6-9a0208ca6c8c,215800178,Commune de Aunay-en-Bazois (58),false,{58017},Commune,2026-03-24 14:42:04.280096+01,gold_establishments_2025,,,,21580017800018,2025,Collectivité Territoriale,Commune,['Nièvre'],['Bourgogne-Franche-Comté'],COM,{58},{27}
04b30579-ab3a-4cfd-aaa8-5499ceea28f2,216100131,Commune de Aunay-les-Bois (61),false,{61013},Commune,2026-03-24 14:42:04.814328+01,gold_establishments_2025,,,,21610013100012,2025,Collectivité Territoriale,Commune,['Orne'],['Normandie'],COM,{61},{28}
8890575e-8cb2-435d-945c-703f0c14ed94,212800130,Commune de Aunay-sous-Auneau (28),false,{28013},Commune,2026-03-24 14:41:57.028721+01,gold_establishments_2025,,,,21280013000016,2025,Collectivité Territoriale,Commune,['Eure-et-Loir'],['Centre-Val de Loire'],COM,{28},{24}
b0deaff3-7e74-44f0-9ec0-ba497f762c8d,212800148,Commune de Aunay-sous-Crécy (28),false,{28014},Commune,2026-03-24 14:41:57.028721+01,gold_establishments_2025,,,,21280014800018,2025,Collectivité Territoriale,Commune,['Eure-et-Loir'],['Centre-Val de Loire'],COM,{28},{24}
950956c5-d669-439f-ab27-f70cedd2e8e6,200056463,Commune de Auneau-Bleury-Saint-Symphorien (28),false,{28015},Commune,2026-03-24 14:41:57.028721+01,gold_establishments_2025,,,,20005646300017,2025,Collectivité Territoriale,Commune,['Eure-et-Loir'],['Centre-Val de Loire'],COM,{28},{24}
2a95fc8c-a5a1-4a63-b8c1-910f4616e6e0,200073518,Commune de Auneuil (60),false,{60029},Commune,2026-03-24 14:42:04.814328+01,gold_establishments_2025,,,,20007351800017,2025,Collectivité Territoriale,Commune,['Oise'],['Hauts-de-France'],COM,{60},{32}
b4ceec44-3c0f-48a5-8017-16a245e757ea,216100149,Commune de Aunou-le-Faucon (61),false,{61014},Commune,2026-03-24 14:42:04.814328+01,gold_establishments_2025,,,,21610014900014,2025,Collectivité Territoriale,Commune,['Orne'],['Normandie'],COM,{61},{28}
c1c7cb12-6fb3-43a4-b9f9-357f82bf31c6,216100156,Commune de Aunou-sur-Orne (61),false,{61015},Commune,2026-03-24 14:42:04.814328+01,gold_establishments_2025,,,,21610015600019,2025,Collectivité Territoriale,Commune,['Orne'],['Normandie'],COM,{61},{28}
58c731fa-72ea-4889-bbbf-9ddae8164e57,217600360,Commune de Auppegard (76),false,{76036},Commune,2026-03-24 14:42:08.818969+01,gold_establishments_2025,,,,21760036000010,2025,Collectivité Territoriale,Commune,['Seine-Maritime'],['Normandie'],COM,{76},{28}
7057c462-0c56-47e3-a5cf-c01160e69af1,218300077,Commune de Aups (83),false,{83007},Commune,2026-03-24 14:42:10.508772+01,gold_establishments_2025,,,,21830007700011,2025,Collectivité Territoriale,Commune,['Var'],"[""Provence-Alpes-Côte d'Azur""]",COM,{83},{93}
960a2909-e467-48b7-8521-72754987818c,213300171,Commune de Auradou (47),false,{47017},Commune,2026-03-24 14:42:00.862623+01,gold_establishments_2025,,,,21330017100013,2025,Collectivité Territoriale,Commune,['Lot-et-Garonne'],['Nouvelle-Aquitaine'],COM,{47},{75}
440984cd-f18b-4cbc-9ef0-743f4a9a7aeb,213200165,Commune de Auradé (32),false,{32016},Commune,2026-03-24 14:41:58.09424+01,gold_establishments_2025,,,,21320016500016,2025,Collectivité Territoriale,Commune,['Gers'],['Occitanie'],COM,{32},{76}
c5e51dda-863b-47fe-9c4b-5e5a10f4cd78,213100241,Commune de Auragne (31),false,{31024},Commune,2026-03-24 14:41:57.56054+01,gold_establishments_2025,,,,21310024100016,2025,Collectivité Territoriale,Commune,['Haute-Garonne'],['Occitanie'],COM,{31},{76}
d7bcae89-a8bf-4f07-b10a-94a72d374802,215600073,Commune de Auray (56),false,{56007},Commune,2026-03-24 14:42:03.701372+01,gold_establishments_2025,,,,21560007300013,2025,Collectivité Territoriale,Commune,['Morbihan'],['Bretagne'],COM,{56},{53}
b9e83113-b03b-4348-adc4-fd26f9266e02,210800298,Commune de Aure (08),false,{08031},Commune,2026-03-24 14:41:52.562531+01,gold_establishments_2025,,,,21080029800015,2025,Collectivité Territoriale,Commune,['Ardennes'],['Grand Est'],COM,{08},{44}
87ef0cb0-a744-4d36-a4d2-51d733c444a1,200073377,Commune de Aure sur Mer (14),false,{14591},Commune,2026-03-24 14:41:54.362296+01,gold_establishments_2025,,,,20007337700018,2025,Collectivité Territoriale,Commune,['Calvados'],['Normandie'],COM,{14},{28}
97aa1158-b7c4-4560-ab1f-474a14ad4653,214300121,Commune de Aurec-sur-Loire (43),false,{43012},Commune,2026-03-24 14:42:00.273698+01,gold_establishments_2025,,,,21430012100016,2025,Collectivité Territoriale,Commune,['Haute-Loire'],['Auvergne-Rhône-Alpes'],COM,{43},{84}
4e24c83b-f18e-41f8-a2c9-a5f1d42143c9,218700508,Commune de Aureil (87),false,{87005},Commune,2026-03-24 14:42:11.118516+01,gold_establishments_2025,,,,21870050800011,2025,Collectivité Territoriale,Commune,['Haute-Vienne'],['Nouvelle-Aquitaine'],COM,{87},{75}
268e2e0c-a302-43dd-9a1a-48f657f0ea6e,214000192,Commune de Aureilhan (40),false,{40019},Commune,2026-03-24 14:41:59.705606+01,gold_establishments_2025,,,,21400019200010,2025,Collectivité Territoriale,Commune,['Landes'],['Nouvelle-Aquitaine'],COM,{40},{75}
21dec5b2-f97c-4ed4-99fc-53d644f3b14e,216500470,Commune de Aureilhan (65),false,{65047},Commune,2026-03-24 14:42:06.665412+01,gold_establishments_2025,,,,21650047000010,2025,Collectivité Territoriale,Commune,['Hautes-Pyrénées'],['Occitanie'],COM,{65},{76}
e146018f-98c8-4188-b147-709d09ad2c62,211300066,Commune de Aureille (13),false,{13006},Commune,2026-03-24 14:41:53.63825+01,gold_establishments_2025,,,,21130006600019,2025,Collectivité Territoriale,Commune,['Bouches-du-Rhône'],"[""Provence-Alpes-Côte d'Azur""]",COM,{13},{93}
7113805c-25f2-46b0-9ae6-97ec03a17664,212600191,Commune de Aurel (26),false,{26019},Commune,2026-03-24 14:41:56.495197+01,gold_establishments_2025,,,,21260019100010,2025,Collectivité Territoriale,Commune,['Drôme'],['Auvergne-Rhône-Alpes'],COM,{26},{84}
b058022a-dded-44f1-8e07-16b24da44f9d,218400059,Commune de Aurel (84),false,{84005},Commune,2026-03-24 14:42:10.508772+01,gold_establishments_2025,,,,21840005900018,2025,Collectivité Territoriale,Commune,['Vaucluse'],"[""Provence-Alpes-Côte d'Azur""]",COM,{84},{93}
98dbfdad-cbf7-401a-a03f-43d7a914024c,213200173,Commune de Aurensan (32),false,{32017},Commune,2026-03-24 14:41:58.09424+01,gold_establishments_2025,,,,21320017300010,2025,Collectivité Territoriale,Commune,['Gers'],['Occitanie'],COM,{32},{76}
d483b938-c590-400c-9e9a-6b54dbc5dce6,216500488,Commune de Aurensan (65),false,{65048},Commune,2026-03-24 14:42:06.665412+01,gold_establishments_2025,,,,21650048800012,2025,Collectivité Territoriale,Commune,['Hautes-Pyrénées'],['Occitanie'],COM,{65},{76}
0d17155a-c357-45bd-b605-ab49888fdb6b,213100258,Commune de Aureville (31),false,{31025},Commune,2026-03-24 14:41:57.56054+01,gold_establishments_2025,,,,21310025800010,2025,Collectivité Territoriale,Commune,['Haute-Garonne'],['Occitanie'],COM,{31},{76}
58a4135b-24de-4d46-95e3-fd56e7e1bda9,211100201,Commune de Auriac (11),false,{11020},Commune,2026-03-24 14:41:53.63825+01,gold_establishments_2025,,,,21110020100014,2025,Collectivité Territoriale,Commune,['Aude'],['Occitanie'],COM,{11},{76}
27587aba-6660-44fb-8f87-62cde159fb9a,211901400,Commune de Auriac (19),false,{19014},Commune,2026-03-24 14:41:54.903238+01,gold_establishments_2025,,,,21190140000013,2025,Collectivité Territoriale,Commune,['Corrèze'],['Nouvelle-Aquitaine'],COM,{19},{75}
cf874c6d-6340-4fac-bace-2e95a86dfa15,216400788,Commune de Auriac (64),false,{64078},Commune,2026-03-24 14:42:06.130387+01,gold_establishments_2025,,,,21640078800016,2025,Collectivité Territoriale,Commune,['Pyrénées-Atlantiques'],['Nouvelle-Aquitaine'],COM,{64},{75}
91b835bd-84b5-4e18-9740-b84bb8b0283d,211200159,Commune de Auriac-Lagast (12),false,{12015},Commune,2026-03-24 14:41:53.63825+01,gold_establishments_2025,,,,21120015900013,2025,Collectivité Territoriale,Commune,['Aveyron'],['Occitanie'],COM,{12},{76}
1d72aeb9-21f2-4a59-930d-a2e87f103b35,212400188,Commune de Auriac-du-Périgord (24),false,{24018},Commune,2026-03-24 14:41:55.958138+01,gold_establishments_2025,,,,21240018800018,2025,Collectivité Territoriale,Commune,['Dordogne'],['Nouvelle-Aquitaine'],COM,{24},{75}
685fbd39-f957-4f85-8fe6-894a22ecaaba,211500137,Commune de Auriac-l'Église (15),false,{15013},Commune,2026-03-24 14:41:54.362296+01,gold_establishments_2025,,,,21150013700016,2025,Collectivité Territoriale,Commune,['Cantal'],['Auvergne-Rhône-Alpes'],COM,{15},{84}
f173d1f1-fc96-4ab7-bd6f-cd2e94eb805e,214700189,Commune de Auriac-sur-Dropt (47),false,{47018},Commune,2026-03-24 14:42:00.862623+01,gold_establishments_2025,,,,21470018900019,2025,Collectivité Territoriale,Commune,['Lot-et-Garonne'],['Nouvelle-Aquitaine'],COM,{47},{75}
bd73a5a9-dfe4-4517-8680-8a6cfbed6925,213100266,Commune de Auriac-sur-Vendinelle (31),false,{31026},Commune,2026-03-24 14:41:57.56054+01,gold_establishments_2025,,,,21310026600013,2025,Collectivité Territoriale,Commune,['Haute-Garonne'],['Occitanie'],COM,{31},{76}
2a7dcf0b-757a-46b0-843f-1c1a0885d85d,212301204,Commune de Auriat (23),false,{23012},Commune,2026-03-24 14:41:55.958138+01,gold_establishments_2025,,,,21230120400013,2025,Collectivité Territoriale,Commune,['Creuse'],['Nouvelle-Aquitaine'],COM,{23},{75}
497912a7-7dfe-40ca-9122-a609c113db15,213100274,Commune de Auribail (31),false,{31027},Commune,2026-03-24 14:41:57.56054+01,gold_establishments_2025,,,,21310027400017,2025,Collectivité Territoriale,Commune,['Haute-Garonne'],['Occitanie'],COM,{31},{76}
064f51cf-fbcf-4eec-8cef-21e5cbe5fda5,218400067,Commune de Auribeau (84),false,{84006},Commune,2026-03-24 14:42:10.508772+01,gold_establishments_2025,,,,21840006700011,2025,Collectivité Territoriale,Commune,['Vaucluse'],"[""Provence-Alpes-Côte d'Azur""]",COM,{84},{93}
69ac3bd2-e1d1-4079-92e1-4d882be3592f,210600078,Commune de Auribeau-sur-Siagne (06),false,{06007},Commune,2026-03-24 14:41:52.562531+01,gold_establishments_2025,,,,21060007800013,2025,Collectivité Territoriale,Commune,['Alpes-Maritimes'],"[""Provence-Alpes-Côte d'Azur""]",COM,{06},{93}
e332c932-4bad-4d6c-8602-5ea76f23c1ba,214000200,Commune de Aurice (40),false,{40020},Commune,2026-03-24 14:41:59.705606+01,gold_establishments_2025,,,,21400020000011,2025,Collectivité Territoriale,Commune,['Landes'],['Nouvelle-Aquitaine'],COM,{40},{75}
82cd48a0-a591-4033-9ae2-c7dcb1e89554,213100282,Commune de Aurignac (31),false,{31028},Commune,2026-03-24 14:41:57.56054+01,gold_establishments_2025,,,,21310028200010,2025,Collectivité Territoriale,Commune,['Haute-Garonne'],['Occitanie'],COM,{31},{76}
b036608f-5491-441d-a8b1-222dc62292fc,211500145,Commune de Aurillac (15),false,{15014},Commune,2026-03-24 14:41:54.362296+01,gold_establishments_2025,,,,21150014500019,2025,Collectivité Territoriale,Commune,['Cantal'],['Auvergne-Rhône-Alpes'],COM,{15},{84}
0ee9b1fd-bd27-4785-a6cf-7f5550556bba,213200181,Commune de Aurimont (32),false,{32018},Commune,2026-03-24 14:41:58.09424+01,gold_establishments_2025,,,,21320018100013,2025,Collectivité Territoriale,Commune,['Gers'],['Occitanie'],COM,{32},{76}
0b8ce41e-3eb4-4c1b-bacb-eb15fe47869b,213100290,Commune de Aurin (31),false,{31029},Commune,2026-03-24 14:41:57.56054+01,gold_establishments_2025,,,,21310029000013,2025,Collectivité Territoriale,Commune,['Haute-Garonne'],['Occitanie'],COM,{31},{76}
4506f545-a72d-4e1b-83ab-ed44c3e06830,211300074,Commune de Auriol (13),false,{13007},Commune,2026-03-24 14:41:53.63825+01,gold_establishments_2025,,,,21130007400013,2025,Collectivité Territoriale,Commune,['Bouches-du-Rhône'],"[""Provence-Alpes-Côte d'Azur""]",COM,{13},{93}
0c91d73b-288c-4c01-ba6e-071f75208b4c,213300205,Commune de Auriolles (33),false,{33020},Commune,2026-03-24 14:41:58.09424+01,gold_establishments_2025,,,,21330020500019,2025,Collectivité Territoriale,Commune,['Gironde'],['Nouvelle-Aquitaine'],COM,{33},{75}
4a43122d-31e3-463a-8032-5feaa218491a,216400796,Commune de Aurions-Idernes (64),false,{64079},Commune,2026-03-24 14:42:06.130387+01,gold_establishments_2025,,,,21640079600019,2025,Collectivité Territoriale,Commune,['Pyrénées-Atlantiques'],['Nouvelle-Aquitaine'],COM,{64},{75}
db1911bc-3b8b-460a-8257-fd5686d774c0,213800204,Commune de Auris (38),false,{38020},Commune,2026-03-24 14:41:59.160244+01,gold_establishments_2025,,,,21380020400017,2025,Collectivité Territoriale,Commune,['Isère'],['Auvergne-Rhône-Alpes'],COM,{38},{84}
c8fc2338-90e6-4643-9887-13afa796a15d,216300202,Commune de Aurières (63),false,{63020},Commune,2026-03-24 14:42:06.130387+01,gold_establishments_2025,,,,21630020200019,2025,Collectivité Territoriale,Commune,['Puy-de-Dôme'],['Auvergne-Rhône-Alpes'],COM,{63},{84}
ab615474-059d-492f-a697-8a39dcd7ec20,216500496,Commune de Auriébat (65),false,{65049},Commune,2026-03-24 14:42:06.665412+01,gold_establishments_2025,,,,21650049600015,2025,Collectivité Territoriale,Commune,['Hautes-Pyrénées'],['Occitanie'],COM,{65},{76}
a23a6c94-50f9-4280-916f-e8db4a08232c,211300082,Commune de Aurons (13),false,{13008},Commune,2026-03-24 14:41:53.63825+01,gold_establishments_2025,,,,21130008200016,2025,Collectivité Territoriale,Commune,['Bouches-du-Rhône'],"[""Provence-Alpes-Côte d'Azur""]",COM,{13},{93}
82c35169-7a2a-4dca-8e6d-4a6909613742,213300213,Commune de Auros (33),false,{33021},Commune,2026-03-24 14:41:58.09424+01,gold_establishments_2025,,,,21330021300013,2025,Collectivité Territoriale,Commune,['Gironde'],['Nouvelle-Aquitaine'],COM,{33},{75}
c07b0207-6e0f-4e7b-82d4-921812904f25,214800104,Commune de Auroux (48),false,{48010},Commune,2026-03-24 14:42:01.412377+01,gold_establishments_2025,,,,21480010400017,2025,Collectivité Territoriale,Commune,['Lozère'],['Occitanie'],COM,{48},{76}
f846ee61-1592-4526-b807-c20a53403cf5,210300117,Commune de Aurouër (03),false,{03011},Commune,2026-03-24 14:41:52.020251+01,gold_establishments_2025,,,,21030011700012,2025,Collectivité Territoriale,Commune,['Allier'],['Auvergne-Rhône-Alpes'],COM,{03},{84}
ce8a3482-8cf0-47f7-ad64-e2e19b0d3dd2,218100204,Commune de Aussac (81),false,{81020},Commune,2026-03-24 14:42:09.967209+01,gold_establishments_2025,,,,21810020400013,2025,Collectivité Territoriale,Commune,['Tarn'],['Occitanie'],COM,{81},{76}
80f39587-ade9-413e-b5e8-d69a0f47c147,211600242,Commune de Aussac-Vadalle (16),false,{16024},Commune,2026-03-24 14:41:54.362296+01,gold_establishments_2025,,,,21160024200013,2025,Collectivité Territoriale,Commune,['Charente'],['Nouvelle-Aquitaine'],COM,{16},{75}
507c5d33-ad07-4324-b510-ca999e42a0c8,213100308,Commune de Ausseing (31),false,{31030},Commune,2026-03-24 14:41:57.56054+01,gold_establishments_2025,,,,21310030800013,2025,Collectivité Territoriale,Commune,['Haute-Garonne'],['Occitanie'],COM,{31},{76}
b5fca174-0ee3-4f22-b6af-07f6105af48f,216400804,Commune de Aussevielle (64),false,{64080},Commune,2026-03-24 14:42:06.130387+01,gold_establishments_2025,,,,21640080400011,2025,Collectivité Territoriale,Commune,['Pyrénées-Atlantiques'],['Nouvelle-Aquitaine'],COM,{64},{75}
64703b28-bd73-4c66-80f4-6abdaa3c208e,218100212,Commune de Aussillon (81),false,{81021},Commune,2026-03-24 14:42:09.967209+01,gold_establishments_2025,,,,21810021200016,2025,Collectivité Territoriale,Commune,['Tarn'],['Occitanie'],COM,{81},{76}
34f2e1be-a203-4c83-b4da-c55528ca2c55,217300235,Commune de Aussois (73),false,{73023},Commune,2026-03-24 14:42:08.279287+01,gold_establishments_2025,,,,21730023500017,2025,Collectivité Territoriale,Commune,['Savoie'],['Auvergne-Rhône-Alpes'],COM,{73},{84}
13eb5ace-be7d-40bb-b7e1-107670d8f6ee,213100316,Commune de Ausson (31),false,{31031},Commune,2026-03-24 14:41:57.56054+01,gold_establishments_2025,,,,21310031600016,2025,Collectivité Territoriale,Commune,['Haute-Garonne'],['Occitanie'],COM,{31},{76}
004c1a86-d422-4f04-adeb-a63fdfabe213,210800306,Commune de Aussonce (08),false,{08032},Commune,2026-03-24 14:41:52.562531+01,gold_establishments_2025,,,,21080030600016,2025,Collectivité Territoriale,Commune,['Ardennes'],['Grand Est'],COM,{08},{44}
b99f833e-7b59-41ef-9aae-f2edc3cf8746,213100324,Commune de Aussonne (31),false,{31032},Commune,2026-03-24 14:41:57.56054+01,gold_establishments_2025,,,,21310032400010,2025,Collectivité Territoriale,Commune,['Haute-Garonne'],['Occitanie'],COM,{31},{76}
b17fdece-98f0-427a-a800-474215818173,213204688,Commune de Aussos (32),false,{32468},Commune,2026-03-24 14:41:58.09424+01,gold_establishments_2025,,,,21320468800013,2025,Collectivité Territoriale,Commune,['Gers'],['Occitanie'],COM,{32},{76}
04d99c67-9875-4c07-9b31-40b47b7f083c,216400812,Commune de Aussurucq (64),false,{64081},Commune,2026-03-24 14:42:06.130387+01,gold_establishments_2025,,,,21640081200014,2025,Collectivité Territoriale,Commune,['Pyrénées-Atlantiques'],['Nouvelle-Aquitaine'],COM,{64},{75}
28f3da57-1421-46c2-9320-714645cfebd7,214100067,Commune de Autainville (41),false,{41006},Commune,2026-03-24 14:41:59.705606+01,gold_establishments_2025,,,,21410006700013,2025,Collectivité Territoriale,Commune,['Loir-et-Cher'],['Centre-Val de Loire'],COM,{41},{24}
8707e23d-b3b2-46b9-9ab1-1cb784c8d1a0,212500326,Commune de Autechaux (25),false,{25032},Commune,2026-03-24 14:41:55.958138+01,gold_establishments_2025,,,,21250032600013,2025,Collectivité Territoriale,Commune,['Doubs'],['Bourgogne-Franche-Comté'],COM,{25},{27}
2dc2fe6b-71b0-40c7-80f5-3aca5d3e854b,212500334,Commune de Autechaux-Roide (25),false,{25033},Commune,2026-03-24 14:41:55.958138+01,gold_establishments_2025,,,,21250033400017,2025,Collectivité Territoriale,Commune,['Doubs'],['Bourgogne-Franche-Comté'],COM,{25},{27}
11ab66d7-200e-4236-81ea-5cb48d08b30b,213100332,Commune de Auterive (31),false,{31033},Commune,2026-03-24 14:41:57.56054+01,gold_establishments_2025,,,,21310033200013,2025,Collectivité Territoriale,Commune,['Haute-Garonne'],['Occitanie'],COM,{31},{76}
0f3d168a-3e6f-458a-9209-13c9b9721c86,213200199,Commune de Auterive (32),false,{32019},Commune,2026-03-24 14:41:58.09424+01,gold_establishments_2025,,,,21320019900015,2025,Collectivité Territoriale,Commune,['Gers'],['Occitanie'],COM,{32},{76}
957c4af6-09cb-4b0d-99f7-a5c2a6777cfe,218200061,Commune de Auterive (82),false,{82006},Commune,2026-03-24 14:42:10.508772+01,gold_establishments_2025,,,,21820006100016,2025,Collectivité Territoriale,Commune,['Tarn-et-Garonne'],['Occitanie'],COM,{82},{76}
bb56a2c6-b043-42c3-b347-d93eb65a50ee,216400820,Commune de Auterrive (64),false,{64082},Commune,2026-03-24 14:42:06.130387+01,gold_establishments_2025,,,,21640082000017,2025,Collectivité Territoriale,Commune,['Pyrénées-Atlantiques'],['Nouvelle-Aquitaine'],COM,{64},{75}
668ee7aa-b0b5-4b9c-b036-ed62c56f02c1,217000371,Commune de Autet (70),false,{70037},Commune,2026-03-24 14:42:07.735343+01,gold_establishments_2025,,,,21700037100013,2025,Collectivité Territoriale,Commune,['Haute-Saône'],['Bourgogne-Franche-Comté'],COM,{70},{27}
8eba6059-4836-4778-9334-4766f1c9bf0e,216000604,Commune de Auteuil (60),false,{60030},Commune,2026-03-24 14:42:04.814328+01,gold_establishments_2025,,,,21600060400019,2025,Collectivité Territoriale,Commune,['Oise'],['Hauts-de-France'],COM,{60},{32}
25c55ed7-72c9-420f-b824-74069b7085c8,217800341,Commune de Auteuil (78),false,{78034},Commune,2026-03-24 14:42:09.43682+01,gold_establishments_2025,,,,21780034100042,2025,Collectivité Territoriale,Commune,['Yvelines'],['Île-de-France'],COM,{78},{11}
c67e90a1-30d2-4786-b9f6-0c864e98cb20,216400838,Commune de Autevielle-Saint-Martin-Bideren (64),false,{64083},Commune,2026-03-24 14:42:06.130387+01,gold_establishments_2025,,,,21640083800019,2025,Collectivité Territoriale,Commune,['Pyrénées-Atlantiques'],['Nouvelle-Aquitaine'],COM,{64},{75}
205ac5b0-2d2d-42b1-bd29-9d6716adaf9f,210800314,Commune de Authe (08),false,{08033},Commune,2026-03-24 14:41:52.562531+01,gold_establishments_2025,,,,21080031400010,2025,Collectivité Territoriale,Commune,['Ardennes'],['Grand Est'],COM,{08},{44}
fa6745a0-a89b-4fa7-ad1a-6583d6389382,212700256,Commune de Autheuil-Authouillet (27),false,{27025},Commune,2026-03-24 14:41:56.495197+01,gold_establishments_2025,,,,21270025600010,2025,Collectivité Territoriale,Commune,['Eure'],['Normandie'],COM,{27},{28}
b7602d36-251e-423d-950f-53cd5ee0f59d,216000307,Commune de Autheuil-en-Valois (60),false,{60031},Commune,2026-03-24 14:42:04.814328+01,gold_establishments_2025,,,,21600030700019,2025,Collectivité Territoriale,Commune,['Oise'],['Hauts-de-France'],COM,{60},{32}
af07804d-cd97-44cd-adad-eaf0906a668a,218000404,Commune de Autheux (80),false,{80042},Commune,2026-03-24 14:42:09.43682+01,gold_establishments_2025,,,,21800040400028,2025,Collectivité Territoriale,Commune,['Somme'],['Hauts-de-France'],COM,{80},{32}
3faaee52-93e1-4116-95a8-553116274325,212700264,Commune de Authevernes (27),false,{27026},Commune,2026-03-24 14:41:56.495197+01,gold_establishments_2025,,,,21270026400014,2025,Collectivité Territoriale,Commune,['Eure'],['Normandie'],COM,{27},{28}
47a215e6-dbd5-437d-b7e1-739fb2b91e12,216300210,Commune de Authezat (63),false,{63021},Commune,2026-03-24 14:42:06.130387+01,gold_establishments_2025,,,,21630021000012,2025,Collectivité Territoriale,Commune,['Puy-de-Dôme'],['Auvergne-Rhône-Alpes'],COM,{63},{84}
8c76b3c2-216f-4316-8884-f4f3f248b909,211400304,Commune de Authie (14),false,{14030},Commune,2026-03-24 14:41:53.63825+01,gold_establishments_2025,,,,21140030400013,2025,Collectivité Territoriale,Commune,['Calvados'],['Normandie'],COM,{14},{28}
78718b9e-7852-4c2b-b078-051c8e15a024,218000412,Commune de Authie (80),false,{80043},Commune,2026-03-24 14:42:09.43682+01,gold_establishments_2025,,,,21800041200013,2025,Collectivité Territoriale,Commune,['Somme'],['Hauts-de-France'],COM,{80},{32}
ceb849b8-6ab2-4bb8-8b56-d2b6d9d863e9,218000420,Commune de Authieule (80),false,{80044},Commune,2026-03-24 14:42:09.43682+01,gold_establishments_2025,,,,21800042000016,2025,Collectivité Territoriale,Commune,['Somme'],['Hauts-de-France'],COM,{80},{32}
8fa19be8-ab71-4ad6-bb8a-56ce420de04a,217600386,Commune de Authieux-Ratiéville (76),false,{76038},Commune,2026-03-24 14:42:08.818969+01,gold_establishments_2025,,,,21760038600015,2025,Collectivité Territoriale,Commune,['Seine-Maritime'],['Normandie'],COM,{76},{28}
7e82ed9e-dff4-4937-a38f-5497547d17e6,215800186,Commune de Authiou (58),false,{58018},Commune,2026-03-24 14:42:04.280096+01,gold_establishments_2025,,,,21580018600011,2025,Collectivité Territoriale,Commune,['Nièvre'],['Bourgogne-Franche-Comté'],COM,{58},{27}
e88aca1c-bb49-47a5-96da-a558812d283a,217000389,Commune de Authoison (70),false,{70038},Commune,2026-03-24 14:42:07.735343+01,gold_establishments_2025,,,,21700038900015,2025,Collectivité Territoriale,Commune,['Haute-Saône'],['Bourgogne-Franche-Comté'],COM,{70},{27}
c7f768f9-76c6-41fb-948f-4736dc521cb2,210400164,Commune de Authon (04),false,{04016},Commune,2026-03-24 14:41:52.020251+01,gold_establishments_2025,,,,21040016400013,2025,Collectivité Territoriale,Commune,['Alpes-de-Haute-Provence'],"[""Provence-Alpes-Côte d'Azur""]",COM,{04},{93}
7628ff6c-134f-4832-a5a9-2bd2ac39928f,214100075,Commune de Authon (41),false,{41007},Commune,2026-03-24 14:41:59.705606+01,gold_establishments_2025,,,,21410007500016,2025,Collectivité Territoriale,Commune,['Loir-et-Cher'],['Centre-Val de Loire'],COM,{41},{24}
fc5dfafe-9f28-4a70-b890-c7ddd3f60771,200081610,Commune de Authon-du-Perche (28),false,{28018},Commune,2026-03-24 14:41:57.028721+01,gold_establishments_2025,,,,20008161000012,2025,Collectivité Territoriale,Commune,['Eure-et-Loir'],['Centre-Val de Loire'],COM,{28},{24}
6badcd2d-1f71-4d7c-b75a-f9e97e7c9b13,219100351,Commune de Authon-la-Plaine (91),false,{91035},Commune,2026-03-24 14:42:11.659493+01,gold_establishments_2025,,,,21910035100010,2025,Collectivité Territoriale,Commune,['Essonne'],['Île-de-France'],COM,{91},{11}
e3ffc441-e02e-43c7-8b1d-038aec0e0d3d,211700265,Commune de Authon-Ébéon (17),false,{17026},Commune,2026-03-24 14:41:54.903238+01,gold_establishments_2025,,,,21170026500013,2025,Collectivité Territoriale,Commune,['Charente-Maritime'],['Nouvelle-Aquitaine'],COM,{17},{75}
45d65ebd-5ffb-4752-8b08-3772f8f97aae,212700280,Commune de Authou (27),false,{27028},Commune,2026-03-24 14:41:56.495197+01,gold_establishments_2025,,,,21270028000010,2025,Collectivité Territoriale,Commune,['Eure'],['Normandie'],COM,{27},{28}
cbf70046-21b8-4ddf-95ba-63b8e58d203d,218000438,Commune de Authuille (80),false,{80045},Commune,2026-03-24 14:42:09.43682+01,gold_establishments_2025,,,,21800043800018,2025,Collectivité Territoriale,Commune,['Somme'],['Hauts-de-France'],COM,{80},{32}
bc0d6db0-40d8-4fee-ad2c-620cbf65cc6d,213900301,Commune de Authume (39),false,{39030},Commune,2026-03-24 14:41:59.705606+01,gold_establishments_2025,,,,21390030100010,2025,Collectivité Territoriale,Commune,['Jura'],['Bourgogne-Franche-Comté'],COM,{39},{27}
2947dec2-1710-4394-8d3d-a5135f7f06ff,217100130,Commune de Authumes (71),false,{71013},Commune,2026-03-24 14:42:07.735343+01,gold_establishments_2025,,,,21710013000012,2025,Collectivité Territoriale,Commune,['Saône-et-Loire'],['Bourgogne-Franche-Comté'],COM,{71},{27}
7a9bd279-b3c9-4b7b-b126-bdccb8a58daa,212600217,Commune de Autichamp (26),false,{26021},Commune,2026-03-24 14:41:56.495197+01,gold_establishments_2025,,,,21260021700013,2025,Collectivité Territoriale,Commune,['Drôme'],['Auvergne-Rhône-Alpes'],COM,{26},{84}
3db36a9b-75d4-4a21-9072-35eb448e1777,213400187,Commune de Autignac (34),false,{34018},Commune,2026-03-24 14:41:58.620411+01,gold_establishments_2025,,,,21340018700018,2025,Collectivité Territoriale,Commune,['Hérault'],['Occitanie'],COM,{34},{76}
718b1e78-caab-402f-9f13-5316434ca5b0,217600402,Commune de Autigny (76),false,{76040},Commune,2026-03-24 14:42:08.818969+01,gold_establishments_2025,,,,21760040200010,2025,Collectivité Territoriale,Commune,['Seine-Maritime'],['Normandie'],COM,{76},{28}
03ab7faf-1959-4d2d-8e3f-2ce6248404c9,218800191,Commune de Autigny-la-Tour (88),false,{88019},Commune,2026-03-24 14:42:11.118516+01,gold_establishments_2025,,,,21880019100015,2025,Collectivité Territoriale,Commune,['Vosges'],['Grand Est'],COM,{88},{44}
96ccfd11-87d6-487e-9511-3a5d51a3e0ab,215200213,Commune de Autigny-le-Grand (52),false,{52029},Commune,2026-03-24 14:42:01.954481+01,gold_establishments_2025,,,,21520021300019,2025,Collectivité Territoriale,Commune,['Haute-Marne'],['Grand Est'],COM,{52},{44}
68f04d6c-a5d0-4f63-bc25-5da17917dce8,215204124,Commune de Autigny-le-Petit (52),false,{52030},Commune,2026-03-24 14:42:01.954481+01,gold_establishments_2025,,,,21520412400014,2025,Collectivité Territoriale,Commune,['Haute-Marne'],['Grand Est'],COM,{52},{44}
76a035a0-555b-402c-bb4b-67665e624e77,216200592,Commune de Autingues (62),false,{62059},Commune,2026-03-24 14:42:05.597325+01,gold_establishments_2025,,,,21620059200014,2025,Collectivité Territoriale,Commune,['Pas-de-Calais'],['Hauts-de-France'],COM,{62},{32}
e3992224-9bbc-4141-ba80-7e073c827cba,214600116,Commune de Autoire (46),false,{46011},Commune,2026-03-24 14:42:00.862623+01,gold_establishments_2025,,,,21460011600013,2025,Collectivité Territoriale,Commune,['Lot'],['Occitanie'],COM,{46},{76}
2bf4d387-b37d-4a04-818b-a4dc4efaa498,217000397,Commune de Autoreille (70),false,{70039},Commune,2026-03-24 14:42:07.735343+01,gold_establishments_2025,,,,21700039700018,2025,Collectivité Territoriale,Commune,['Haute-Saône'],['Bourgogne-Franche-Comté'],COM,{70},{27}
d39698d8-3005-4659-b300-ec2977b47940,217800366,Commune de Autouillet (78),false,{78036},Commune,2026-03-24 14:42:09.43682+01,gold_establishments_2025,,,,21780036600015,2025,Collectivité Territoriale,Commune,['Yvelines'],['Île-de-France'],COM,{78},{11}
e2960d31-4af2-438e-ba51-527251bd46bf,214300147,Commune de Autrac (43),false,{43014},Commune,2026-03-24 14:42:00.273698+01,gold_establishments_2025,,,,21430014700011,2025,Collectivité Territoriale,Commune,['Haute-Loire'],['Auvergne-Rhône-Alpes'],COM,{43},{84}
587676fe-346a-4b7a-b7fa-d63c2275bf5d,200056224,Commune de Autrans-Méaudre en Vercors (38),false,{38225},Commune,2026-03-24 14:41:59.160244+01,gold_establishments_2025,,,,20005622400013,2025,Collectivité Territoriale,Commune,['Isère'],['Auvergne-Rhône-Alpes'],COM,{38},{84}
145e4f56-1dbb-490f-9ed5-12a37d09b95f,219000825,Commune de Autrechêne (90),false,{90082},Commune,2026-03-24 14:42:11.659493+01,gold_establishments_2025,,,,21900082500014,2025,Collectivité Territoriale,Commune,['Territoire de Belfort'],['Bourgogne-Franche-Comté'],COM,{90},{27}
e3400668-c8e8-4cc3-a0a8-bb8188b51dcb,210800322,Commune de Autrecourt-et-Pourron (08),false,{08034},Commune,2026-03-24 14:41:52.562531+01,gold_establishments_2025,,,,21080032200013,2025,Collectivité Territoriale,Commune,['Ardennes'],['Grand Est'],COM,{08},{44}
149b25ac-4873-488b-af45-d78b335076af,210200390,Commune de Autremencourt (02),false,{02039},Commune,2026-03-24 14:41:51.447482+01,gold_establishments_2025,,,,21020039000016,2025,Collectivité Territoriale,Commune,['Aisne'],['Hauts-de-France'],COM,{02},{32}
d8a6bed4-f363-4df0-b99c-d2259e5c66e6,215400300,Commune de Autrepierre (54),false,{54030},Commune,2026-03-24 14:42:02.957225+01,gold_establishments_2025,,,,21540030000012,2025,Collectivité Territoriale,Commune,['Meurthe-et-Moselle'],['Grand Est'],COM,{54},{44}
79c2d55f-9aa4-4b9c-82ef-bf29be5d7805,210200408,Commune de Autreppes (02),false,{02040},Commune,2026-03-24 14:41:51.447482+01,gold_establishments_2025,,,,21020040800016,2025,Collectivité Territoriale,Commune,['Aisne'],['Hauts-de-France'],COM,{02},{32}
dd753622-4d8c-4236-a667-0e75c85b05da,210200416,Commune de Autreville (02),false,{02041},Commune,2026-03-24 14:41:51.447482+01,gold_establishments_2025,,,,21020041600019,2025,Collectivité Territoriale,Commune,['Aisne'],['Hauts-de-France'],COM,{02},{32}
9da2e5fe-2840-46ef-8403-bcf6def7cc8a,218800209,Commune de Autreville (88),false,{88020},Commune,2026-03-24 14:42:11.118516+01,gold_establishments_2025,,,,21880020900015,2025,Collectivité Territoriale,Commune,['Vosges'],['Grand Est'],COM,{88},{44}
3aa4ea51-8733-4888-8cf3-3527fa2ca711,215400318,Commune de Autreville-sur-Moselle (54),false,{54031},Commune,2026-03-24 14:42:02.957225+01,gold_establishments_2025,,,,21540031800014,2025,Collectivité Territoriale,Commune,['Meurthe-et-Moselle'],['Grand Est'],COM,{54},{44}
7b4fd19c-2537-4dc6-a2cd-d50984f88739,215200221,Commune de Autreville-sur-la-Renne (52),false,{52031},Commune,2026-03-24 14:42:01.954481+01,gold_establishments_2025,,,,21520022100012,2025,Collectivité Territoriale,Commune,['Haute-Marne'],['Grand Est'],COM,{52},{44}
046105e6-2651-4c43-ad12-7761509b35ab,215400326,Commune de Autrey (54),false,{54032},Commune,2026-03-24 14:42:02.957225+01,gold_establishments_2025,,,,21540032600017,2025,Collectivité Territoriale,Commune,['Meurthe-et-Moselle'],['Grand Est'],COM,{54},{44}
94c4310e-aaaa-43de-b11e-6b3242d8e7cd,218800217,Commune de Autrey (88),false,{88021},Commune,2026-03-24 14:42:11.118516+01,gold_establishments_2025,,,,21880021700018,2025,Collectivité Territoriale,Commune,['Vosges'],['Grand Est'],COM,{88},{44}
ee3ba6f0-dab5-4aef-a86f-d8191ae31ad4,217000421,Commune de Autrey-le-Vay (70),false,{70042},Commune,2026-03-24 14:42:07.735343+01,gold_establishments_2025,,,,21700042100016,2025,Collectivité Territoriale,Commune,['Haute-Saône'],['Bourgogne-Franche-Comté'],COM,{70},{27}
c7199235-9f09-4776-b30f-233370ee9c72,217000405,Commune de Autrey-lès-Cerre (70),false,{70040},Commune,2026-03-24 14:42:07.735343+01,gold_establishments_2025,,,,21700040500019,2025,Collectivité Territoriale,Commune,['Haute-Saône'],['Bourgogne-Franche-Comté'],COM,{70},{27}
6a9299eb-fe03-4685-8394-f6a9a08a3d40,217000413,Commune de Autrey-lès-Gray (70),false,{70041},Commune,2026-03-24 14:42:07.735343+01,gold_establishments_2025,,,,21700041300013,2025,Collectivité Territoriale,Commune,['Haute-Saône'],['Bourgogne-Franche-Comté'],COM,{70},{27}
0ab68cc0-d234-4da2-aaf4-1964929e11b7,212100341,Commune de Autricourt (21),false,{21034},Commune,2026-03-24 14:41:55.433389+01,gold_establishments_2025,,,,21210034100016,2025,Collectivité Territoriale,Commune,"[""Côte-d'Or""]",['Bourgogne-Franche-Comté'],COM,{21},{27}
23335ce9-ea89-48ec-baca-bd3a0d4bcfd3,210800330,Commune de Autruche (08),false,{08035},Commune,2026-03-24 14:41:52.562531+01,gold_establishments_2025,,,,21080033000016,2025,Collectivité Territoriale,Commune,['Ardennes'],['Grand Est'],COM,{08},{44}
91558051-1c85-403c-a264-5889d0dbf6e5,214500159,Commune de Autruy-sur-Juine (45),false,{45015},Commune,2026-03-24 14:42:00.862623+01,gold_establishments_2025,,,,21450015900014,2025,Collectivité Territoriale,Commune,['Loiret'],['Centre-Val de Loire'],COM,{45},{24}
8d1ebc62-6faf-475b-9b2e-0301bb11b7db,210800348,Commune de Autry (08),false,{08036},Commune,2026-03-24 14:41:52.562531+01,gold_establishments_2025,,,,21080034800018,2025,Collectivité Territoriale,Commune,['Ardennes'],['Grand Est'],COM,{08},{44}
83f3d7a9-d724-4d96-859d-f82b7bf17c15,210300125,Commune de Autry-Issards (03),false,{03012},Commune,2026-03-24 14:41:52.020251+01,gold_establishments_2025,,,,21030012500015,2025,Collectivité Territoriale,Commune,['Allier'],['Auvergne-Rhône-Alpes'],COM,{03},{84}
013af5b6-5384-42f5-92cd-dea224d6c651,214500167,Commune de Autry-le-Châtel (45),false,{45016},Commune,2026-03-24 14:42:00.862623+01,gold_establishments_2025,,,,21450016700017,2025,Collectivité Territoriale,Commune,['Loiret'],['Centre-Val de Loire'],COM,{45},{24}
6a86bdfd-0e9b-47da-b615-a6fba2655517,213700099,Commune de Autrèche (37),false,{37009},Commune,2026-03-24 14:41:59.160244+01,gold_establishments_2025,,,,21370009900012,2025,Collectivité Territoriale,Commune,['Indre-et-Loire'],['Centre-Val de Loire'],COM,{37},{24}
8ee25455-3175-4561-b643-07e2bc3b32bc,215500174,Commune de Autrécourt-sur-Aire (55),false,{55017},Commune,2026-03-24 14:42:02.957225+01,gold_establishments_2025,,,,21550017400010,2025,Collectivité Territoriale,Commune,['Meuse'],['Grand Est'],COM,{55},{44}
69918a9d-0231-47d9-8a44-7308e30e01a1,215500182,Commune de Autréville-Saint-Lambert (55),false,{55018},Commune,2026-03-24 14:42:02.957225+01,gold_establishments_2025,,,,21550018200013,2025,Collectivité Territoriale,Commune,['Meuse'],['Grand Est'],COM,{55},{44}
6391e1a7-aa5b-4dc9-bdc7-6aad5ffcef93,216000315,Commune de Autrêches (60),false,{60032},Commune,2026-03-24 14:42:04.814328+01,gold_establishments_2025,,,,21600031500012,2025,Collectivité Territoriale,Commune,['Oise'],['Hauts-de-France'],COM,{60},{32}
a3ebba44-8ced-4bea-b5e0-2923efb4c488,217100148,Commune de Autun (71),false,{71014},Commune,2026-03-24 14:42:07.735343+01,gold_establishments_2025,,,,21710014800014,2025,Collectivité Territoriale,Commune,['Saône-et-Loire'],['Bourgogne-Franche-Comté'],COM,{71},{27}
6cac150b-eebb-40bd-8847-6ad8c42e38e8,218200079,Commune de Auty (82),false,{82007},Commune,2026-03-24 14:42:10.508772+01,gold_establishments_2025,,,,21820007900018,2025,Collectivité Territoriale,Commune,['Tarn-et-Garonne'],['Occitanie'],COM,{82},{76}
4a8457b7-febf-4647-a222-1852b9087210,210600086,Commune de Auvare (06),false,{06008},Commune,2026-03-24 14:41:52.562531+01,gold_establishments_2025,,,,21060008600016,2025,Collectivité Territoriale,Commune,['Alpes-Maritimes'],"[""Provence-Alpes-Côte d'Azur""]",COM,{06},{93}
d5464954-3170-4b96-a5cc-30d519494639,215100231,Commune de Auve (51),false,{51027},Commune,2026-03-24 14:42:01.412377+01,gold_establishments_2025,,,,21510023100012,2025,Collectivité Territoriale,Commune,['Marne'],['Grand Est'],COM,{51},{44}
683fb974-a2c1-4471-b7a2-cb5bef385253,219100377,Commune de Auvernaux (91),false,{91037},Commune,2026-03-24 14:42:11.659493+01,gold_establishments_2025,,,,21910037700015,2025,Collectivité Territoriale,Commune,['Essonne'],['Île-de-France'],COM,{91},{11}
7dc5405a-de49-4c55-814e-d38b2ef5987f,214300154,Commune de Auvers (43),false,{43015},Commune,2026-03-24 14:42:00.273698+01,gold_establishments_2025,,,,21430015400017,2025,Collectivité Territoriale,Commune,['Haute-Loire'],['Auvergne-Rhône-Alpes'],COM,{43},{84}
9d2bb9c7-73e1-4746-8304-305f5a92c460,215000233,Commune de Auvers (50),false,{50023},Commune,2026-03-24 14:42:01.412377+01,gold_establishments_2025,,,,21500023300019,2025,Collectivité Territoriale,Commune,['Manche'],['Normandie'],COM,{50},{28}
bb190cc6-b985-44db-88e9-f1af83f2cffd,219100385,Commune de Auvers-Saint-Georges (91),false,{91038},Commune,2026-03-24 14:42:11.659493+01,gold_establishments_2025,,,,21910038500018,2025,Collectivité Territoriale,Commune,['Essonne'],['Île-de-France'],COM,{91},{11}
a2a18b5f-100b-4d8d-a082-56e11fa403f6,217200161,Commune de Auvers-le-Hamon (72),false,{72016},Commune,2026-03-24 14:42:08.279287+01,gold_establishments_2025,,,,21720016100016,2025,Collectivité Territoriale,Commune,['Sarthe'],['Pays de la Loire'],COM,{72},{52}
766092fa-c8ef-4b5a-a018-3a5e80788035,217200179,Commune de Auvers-sous-Montfaucon (72),false,{72017},Commune,2026-03-24 14:42:08.279287+01,gold_establishments_2025,,,,21720017900018,2025,Collectivité Territoriale,Commune,['Sarthe'],['Pays de la Loire'],COM,{72},{52}
6546641c-8763-434b-a5b0-ed2d9a327723,219500394,Commune de Auvers-sur-Oise (95),false,{95039},Commune,2026-03-24 14:42:11.659493+01,gold_establishments_2025,,,,21950039400016,2025,Collectivité Territoriale,Commune,"[""Val-d'Oise""]",['Île-de-France'],COM,{95},{11}
6c331ae0-8d5e-4bfe-89d0-6011b74ebcb8,217000439,Commune de Auvet-et-la-Chapelotte (70),false,{70043},Commune,2026-03-24 14:42:07.735343+01,gold_establishments_2025,,,,21700043900018,2025,Collectivité Territoriale,Commune,['Haute-Saône'],['Bourgogne-Franche-Comté'],COM,{70},{27}
f11c7612-0e66-4b0c-877d-6e7e4e713208,218200087,Commune de Auvillar (82),false,{82008},Commune,2026-03-24 14:42:10.508772+01,gold_establishments_2025,,,,21820008700011,2025,Collectivité Territoriale,Commune,['Tarn-et-Garonne'],['Occitanie'],COM,{82},{76}
6ccb1620-fe13-4a54-a6bc-b5e9d632cf9b,211400338,Commune de Auvillars (14),false,{14033},Commune,2026-03-24 14:41:53.63825+01,gold_establishments_2025,,,,21140033800011,2025,Collectivité Territoriale,Commune,['Calvados'],['Normandie'],COM,{14},{28}
e4349144-8438-42b3-9c9b-bc828a043c11,212100358,Commune de Auvillars-sur-Saône (21),false,{21035},Commune,2026-03-24 14:41:55.433389+01,gold_establishments_2025,,,,21210035800010,2025,Collectivité Territoriale,Commune,"[""Côte-d'Or""]",['Bourgogne-Franche-Comté'],COM,{21},{27}
5941fa53-ffa2-4d1b-b987-f5cd2300bf81,210800355,Commune de Auvillers-les-Forges (08),false,{08037},Commune,2026-03-24 14:41:52.562531+01,gold_establishments_2025,,,,21080035500013,2025,Collectivité Territoriale,Commune,['Ardennes'],['Grand Est'],COM,{08},{44}
3d4c014a-1dfa-4e9a-9a96-4a299a9cd28d,217600428,Commune de Auvilliers (76),false,{76042},Commune,2026-03-24 14:42:08.818969+01,gold_establishments_2025,,,,21760042800015,2025,Collectivité Territoriale,Commune,['Seine-Maritime'],['Normandie'],COM,{76},{28}
d6535583-f9b4-455c-b0e0-386a34c698ee,214500175,Commune de Auvilliers-en-Gâtinais (45),false,{45017},Commune,2026-03-24 14:42:00.862623+01,gold_establishments_2025,,,,21450017500010,2025,Collectivité Territoriale,Commune,['Loiret'],['Centre-Val de Loire'],COM,{45},{24}
522613f6-4902-4ab2-9280-7640735d90dc,216006932,Commune de Aux Marais (60),false,{60703},Commune,2026-03-24 14:42:04.814328+01,gold_establishments_2025,,,,21600693200018,2025,Collectivité Territoriale,Commune,['Oise'],['Hauts-de-France'],COM,{60},{32}
8a37d4d7-34f6-4aef-93e6-e27bcac5a803,213200207,Commune de Aux-Aussat (32),false,{32020},Commune,2026-03-24 14:41:58.09424+01,gold_establishments_2025,,,,21320020700016,2025,Collectivité Territoriale,Commune,['Gers'],['Occitanie'],COM,{32},{76}
4121cd1d-de29-4c68-82cd-a42791cb5768,215000241,Commune de Auxais (50),false,{50024},Commune,2026-03-24 14:42:01.412377+01,gold_establishments_2025,,,,21500024100012,2025,Collectivité Territoriale,Commune,['Manche'],['Normandie'],COM,{50},{28}
ff67c628-e434-45f3-b652-f6c4d6b624d9,213900319,Commune de Auxange (39),false,{39031},Commune,2026-03-24 14:41:59.705606+01,gold_establishments_2025,,,,21390031900012,2025,Collectivité Territoriale,Commune,['Jura'],['Bourgogne-Franche-Comté'],COM,{39},{27}
d8afe691-99bf-49d6-9041-9b0768dab5d3,212100366,Commune de Auxant (21),false,{21036},Commune,2026-03-24 14:41:55.433389+01,gold_establishments_2025,,,,21210036600013,2025,Collectivité Territoriale,Commune,"[""Côte-d'Or""]",['Bourgogne-Franche-Comté'],COM,{21},{27}
d86302e3-f637-405d-9323-e3a3aeeba278,219000056,Commune de Auxelles-Bas (90),false,{90005},Commune,2026-03-24 14:42:11.659493+01,gold_establishments_2025,,,,21900005600016,2025,Collectivité Territoriale,Commune,['Territoire de Belfort'],['Bourgogne-Franche-Comté'],COM,{90},{27}
264eae56-b838-4016-b7a7-4e8fa6183d1a,219000064,Commune de Auxelles-Haut (90),false,{90006},Commune,2026-03-24 14:42:11.659493+01,gold_establishments_2025,,,,21900006400010,2025,Collectivité Territoriale,Commune,['Territoire de Belfort'],['Bourgogne-Franche-Comté'],COM,{90},{27}
64715567-7203-4aac-a8e2-54747391b6a4,218900249,Commune de Auxerre (89),false,{89024},Commune,2026-03-24 14:42:11.118516+01,gold_establishments_2025,,,,21890024900010,2025,Collectivité Territoriale,Commune,['Yonne'],['Bourgogne-Franche-Comté'],COM,{89},{27}
12ee7a47-f877-4669-be29-d3d9c0825ded,212100374,Commune de Auxey-Duresses (21),false,{21037},Commune,2026-03-24 14:41:55.433389+01,gold_establishments_2025,,,,21210037400017,2025,Collectivité Territoriale,Commune,"[""Côte-d'Or""]",['Bourgogne-Franche-Comté'],COM,{21},{27}
0468d40e-a86f-4aa4-866a-74de53d5626e,216200600,Commune de Auxi-le-Château (62),false,{62060},Commune,2026-03-24 14:42:05.597325+01,gold_establishments_2025,,,,21620060000015,2025,Collectivité Territoriale,Commune,['Pas-de-Calais'],['Hauts-de-France'],COM,{62},{32}
808ee980-435d-471a-810c-32817a65fb35,211000161,Commune de Auxon (10),false,{10018},Commune,2026-03-24 14:41:53.095366+01,gold_establishments_2025,,,,21100016100011,2025,Collectivité Territoriale,Commune,['Aube'],['Grand Est'],COM,{10},{44}
00a84f70-b580-4993-97d4-84ef3b3e934f,217000447,Commune de Auxon (70),false,{70044},Commune,2026-03-24 14:42:07.735343+01,gold_establishments_2025,,,,21700044700011,2025,Collectivité Territoriale,Commune,['Haute-Saône'],['Bourgogne-Franche-Comté'],COM,{70},{27}
b723121a-84d5-4f6f-b3eb-834f8c236d18,212100382,Commune de Auxonne (21),false,{21038},Commune,2026-03-24 14:41:55.433389+01,gold_establishments_2025,,,,21210038200010,2025,Collectivité Territoriale,Commune,"[""Côte-d'Or""]",['Bourgogne-Franche-Comté'],COM,{21},{27}
54c89e30-20bc-4685-9258-c43033183cad,214500183,Commune de Auxy (45),false,{45018},Commune,2026-03-24 14:42:00.862623+01,gold_establishments_2025,,,,21450018300014,2025,Collectivité Territoriale,Commune,['Loiret'],['Centre-Val de Loire'],COM,{45},{24}
31614b0c-f775-4791-90ba-c0d1d52af564,217100155,Commune de Auxy (71),false,{71015},Commune,2026-03-24 14:42:07.735343+01,gold_establishments_2025,,,,21710015500019,2025,Collectivité Territoriale,Commune,['Saône-et-Loire'],['Bourgogne-Franche-Comté'],COM,{71},{27}
a9c36294-d48a-49c8-a035-4ab9295ab4a9,218800225,Commune de Auzainvilliers (88),false,{88022},Commune,2026-03-24 14:42:11.118516+01,gold_establishments_2025,,,,21880022500011,2025,Collectivité Territoriale,Commune,['Vosges'],['Grand Est'],COM,{88},{44}
8d78effc-d25e-4416-9844-15eee117f269,212301303,Commune de Auzances (23),false,{23013},Commune,2026-03-24 14:41:55.958138+01,gold_establishments_2025,,,,21230130300013,2025,Collectivité Territoriale,Commune,['Creuse'],['Nouvelle-Aquitaine'],COM,{23},{75}
4c27a89d-2713-490e-9cd6-db150ab68ae8,213100340,Commune de Auzas (31),false,{31034},Commune,2026-03-24 14:41:57.56054+01,gold_establishments_2025,,,,21310034000016,2025,Collectivité Territoriale,Commune,['Haute-Garonne'],['Occitanie'],COM,{31},{76}
50ae6a19-d50f-4a11-b760-4bf75ad10e73,210900304,Commune de Auzat (09),false,{09030},Commune,2026-03-24 14:41:53.095366+01,gold_establishments_2025,,,,21090030400010,2025,Collectivité Territoriale,Commune,['Ariège'],['Occitanie'],COM,{09},{76}
a2b8957b-747d-442d-ad49-b7a2d8ebb41a,216300228,Commune de Auzat-la-Combelle (63),false,{63022},Commune,2026-03-24 14:42:06.130387+01,gold_establishments_2025,,,,21630022800014,2025,Collectivité Territoriale,Commune,['Puy-de-Dôme'],['Auvergne-Rhône-Alpes'],COM,{63},{84}
445baec1-7924-4d29-b427-835fe8d9c912,217600436,Commune de Auzebosc (76),false,{76043},Commune,2026-03-24 14:42:08.818969+01,gold_establishments_2025,,,,21760043600018,2025,Collectivité Territoriale,Commune,['Seine-Maritime'],['Normandie'],COM,{76},{28}
832ba71f-0bb0-41ac-a2a0-54cf283ae10e,216300236,Commune de Auzelles (63),false,{63023},Commune,2026-03-24 14:42:06.130387+01,gold_establishments_2025,,,,21630023600017,2025,Collectivité Territoriale,Commune,['Puy-de-Dôme'],['Auvergne-Rhône-Alpes'],COM,{63},{84}
aa9a83fc-4aca-4b36-ae7d-53ef5268fde0,211500152,Commune de Auzers (15),false,{15015},Commune,2026-03-24 14:41:54.362296+01,gold_establishments_2025,,,,21150015200015,2025,Collectivité Territoriale,Commune,['Cantal'],['Auvergne-Rhône-Alpes'],COM,{15},{84}
e63eca91-86bf-4ba2-96ea-2e3997bc8db0,210400172,Commune de Auzet (04),false,{04017},Commune,2026-03-24 14:41:52.020251+01,gold_establishments_2025,,,,21040017200016,2025,Collectivité Territoriale,Commune,['Alpes-de-Haute-Provence'],"[""Provence-Alpes-Côte d'Azur""]",COM,{04},{93}
ca07e67f-a460-4608-af6e-427879bb4abd,213100357,Commune de Auzeville-Tolosane (31),false,{31035},Commune,2026-03-24 14:41:57.56054+01,gold_establishments_2025,,,,21310035700010,2025,Collectivité Territoriale,Commune,['Haute-Garonne'],['Occitanie'],COM,{31},{76}
428cbb91-5419-4f4e-b4ee-b1a31302f1a2,213100365,Commune de Auzielle (31),false,{31036},Commune,2026-03-24 14:41:57.56054+01,gold_establishments_2025,,,,21310036500013,2025,Collectivité Territoriale,Commune,['Haute-Garonne'],['Occitanie'],COM,{31},{76}
7b36ae93-2b61-48d9-b876-324da6899d43,211200167,Commune de Auzits (12),false,{12016},Commune,2026-03-24 14:41:53.63825+01,gold_establishments_2025,,,,21120016700016,2025,Collectivité Territoriale,Commune,['Aveyron'],['Occitanie'],COM,{12},{76}
350b07e9-4ded-4c16-b3eb-a014e7b1bd43,214300162,Commune de Auzon (43),false,{43016},Commune,2026-03-24 14:42:00.273698+01,gold_establishments_2025,,,,21430016200010,2025,Collectivité Territoriale,Commune,['Haute-Loire'],['Auvergne-Rhône-Alpes'],COM,{43},{84}
082317b3-92a3-421c-a617-5d72edd6af9e,213700107,Commune de Auzouer-en-Touraine (37),false,{37010},Commune,2026-03-24 14:41:59.160244+01,gold_establishments_2025,,,,21370010700013,2025,Collectivité Territoriale,Commune,['Indre-et-Loire'],['Centre-Val de Loire'],COM,{37},{24}
756adb9f-b6ac-45e5-9a17-94e75bc7e05e,217600451,Commune de Auzouville-l'Esneval (76),false,{76045},Commune,2026-03-24 14:42:08.818969+01,gold_establishments_2025,,,,21760045100017,2025,Collectivité Territoriale,Commune,['Seine-Maritime'],['Normandie'],COM,{76},{28}
3da5c7a8-793b-4084-b75b-cd18534331a7,217600469,Commune de Auzouville-sur-Ry (76),false,{76046},Commune,2026-03-24 14:42:08.818969+01,gold_establishments_2025,,,,21760046900019,2025,Collectivité Territoriale,Commune,['Seine-Maritime'],['Normandie'],COM,{76},{28}
a6fb04d7-6010-478c-973b-0ff17fae1b7c,217600477,Commune de Auzouville-sur-Saâne (76),false,{76047},Commune,2026-03-24 14:42:08.818969+01,gold_establishments_2025,,,,21760047700012,2025,Collectivité Territoriale,Commune,['Seine-Maritime'],['Normandie'],COM,{76},{28}
dd55ef33-bf95-4660-9171-9551805f97cc,218600153,Commune de Availles-Limouzine (86),false,{86015},Commune,2026-03-24 14:42:10.508772+01,gold_establishments_2025,,,,21860015300017,2025,Collectivité Territoriale,Commune,['Vienne'],['Nouvelle-Aquitaine'],COM,{86},{75}
a010f14d-2e6d-452d-b022-877c66fc79e6,217900224,Commune de Availles-Thouarsais (79),false,{79022},Commune,2026-03-24 14:42:09.43682+01,gold_establishments_2025,,,,21790022400015,2025,Collectivité Territoriale,Commune,['Deux-Sèvres'],['Nouvelle-Aquitaine'],COM,{79},{75}
f536a38a-a6cb-48f5-8c31-6080e432f6e7,218600146,Commune de Availles-en-Châtellerault (86),false,{86014},Commune,2026-03-24 14:42:10.508772+01,gold_establishments_2025,,,,21860014600011,2025,Collectivité Territoriale,Commune,['Vienne'],['Nouvelle-Aquitaine'],COM,{86},{75}
34f6b4fc-9dad-4bda-8d33-3ff8bdca4cc5,213500085,Commune de Availles-sur-Seiche (35),false,{35008},Commune,2026-03-24 14:41:58.620411+01,gold_establishments_2025,,,,21350008500096,2025,Collectivité Territoriale,Commune,['Ille-et-Vilaine'],['Bretagne'],COM,{35},{53}
26bc772a-2359-4b73-bdf4-099a060a0bc0,216500504,Commune de Avajan (65),false,{65050},Commune,2026-03-24 14:42:06.665412+01,gold_establishments_2025,,,,21650050400016,2025,Collectivité Territoriale,Commune,['Hautes-Pyrénées'],['Occitanie'],COM,{65},{76}
136219c7-9476-4a2e-9c95-0eaf77a943b2,218900256,Commune de Avallon (89),false,{89025},Commune,2026-03-24 14:42:11.118516+01,gold_establishments_2025,,,,21890025600015,2025,Collectivité Territoriale,Commune,['Yonne'],['Bourgogne-Franche-Comté'],COM,{89},{27}
acc794ff-74c4-4a57-b803-d015b203d61c,212500367,Commune de Avanne-Aveney (25),false,{25036},Commune,2026-03-24 14:41:55.958138+01,gold_establishments_2025,,,,21250036700017,2025,Collectivité Territoriale,Commune,['Doubs'],['Bourgogne-Franche-Comté'],COM,{25},{27}
52983c8f-6244-4400-81a1-68e58a42acac,211000187,Commune de Avant-lès-Marcilly (10),false,{10020},Commune,2026-03-24 14:41:53.095366+01,gold_establishments_2025,,,,21100018700040,2025,Collectivité Territoriale,Commune,['Aube'],['Grand Est'],COM,{10},{44}
f5e01922-f7f5-408e-8fa4-ce17109aecb8,211000195,Commune de Avant-lès-Ramerupt (10),false,{10021},Commune,2026-03-24 14:41:53.095366+01,gold_establishments_2025,,,,21100019500019,2025,Collectivité Territoriale,Commune,['Aube'],['Grand Est'],COM,{10},{44}
c68c4853-e4a1-435f-b9df-d1d58571e185,218600161,Commune de Avanton (86),false,{86016},Commune,2026-03-24 14:42:10.508772+01,gold_establishments_2025,,,,21860016100010,2025,Collectivité Territoriale,Commune,['Vienne'],['Nouvelle-Aquitaine'],COM,{86},{75}
3d0eefb9-fdde-4c60-b35b-f1d1fca600b7,210500112,Commune de Avançon (05),false,{05011},Commune,2026-03-24 14:41:52.562531+01,gold_establishments_2025,,,,21050011200011,2025,Collectivité Territoriale,Commune,['Hautes-Alpes'],"[""Provence-Alpes-Côte d'Azur""]",COM,{05},{93}
e994ef92-66e6-4bb0-ac80-db9f4f847821,210800363,Commune de Avançon (08),false,{08038},Commune,2026-03-24 14:41:52.562531+01,gold_establishments_2025,,,,21080036300017,2025,Collectivité Territoriale,Commune,['Ardennes'],['Grand Est'],COM,{08},{44}
e39453ac-33a2-452c-97d1-c53650df3500,212000251,Commune de Avapessa (2B),false,{2B025},Commune,2026-03-24 14:41:57.56054+01,gold_establishments_2025,,,,21200025100018,2025,Collectivité Territoriale,Commune,['Haute-Corse'],['Corse'],COM,{2B},{94}
dc6ca316-4eb0-4b7f-8d20-71c72ea6d0a5,214100083,Commune de Avaray (41),false,{41008},Commune,2026-03-24 14:41:59.705606+01,gold_establishments_2025,,,,21410008300010,2025,Collectivité Territoriale,Commune,['Loir-et-Cher'],['Centre-Val de Loire'],COM,{41},{24}
59ab4e8a-e5d2-4e89-9781-cd8fe47ec5c5,210800371,Commune de Avaux (08),false,{08039},Commune,2026-03-24 14:41:52.562531+01,gold_establishments_2025,,,,21080037100010,2025,Collectivité Territoriale,Commune,['Ardennes'],['Grand Est'],COM,{08},{44}
7a7989a7-88f1-4231-856c-442807b4d764,216900142,Commune de Aveize (69),false,{69014},Commune,2026-03-24 14:42:07.195692+01,gold_establishments_2025,,,,21690014200011,2025,Collectivité Territoriale,Commune,['Rhône'],['Auvergne-Rhône-Alpes'],COM,{69},{84}
0ef912b1-6177-4100-a2e1-17deee7d47ce,214200107,Commune de Aveizieux (42),false,{42010},Commune,2026-03-24 14:42:00.273698+01,gold_establishments_2025,,,,21420010700016,2025,Collectivité Territoriale,Commune,['Loire'],['Auvergne-Rhône-Alpes'],COM,{42},{84}
dd355d1d-a728-4475-a402-4c63ab87f347,212100390,Commune de Avelanges (21),false,{21039},Commune,2026-03-24 14:41:55.433389+01,gold_establishments_2025,,,,21210039000013,2025,Collectivité Territoriale,Commune,"[""Côte-d'Or""]",['Bourgogne-Franche-Comté'],COM,{21},{27}
7f85b0d7-c5a0-477a-bf66-2ae96d8cdeb3,218000446,Commune de Avelesges (80),false,{80046},Commune,2026-03-24 14:42:09.43682+01,gold_establishments_2025,,,,21800044600011,2025,Collectivité Territoriale,Commune,['Somme'],['Hauts-de-France'],COM,{80},{32}
e460f059-f7f0-4fce-adca-b3bdaad43da4,215900341,Commune de Avelin (59),false,{59034},Commune,2026-03-24 14:42:04.280096+01,gold_establishments_2025,,,,21590034100011,2025,Collectivité Territoriale,Commune,['Nord'],['Hauts-de-France'],COM,{59},{32}
349ac76e-fff4-40e6-92e7-0ac2fc4bdca5,218000453,Commune de Aveluy (80),false,{80047},Commune,2026-03-24 14:42:09.43682+01,gold_establishments_2025,,,,21800045300017,2025,Collectivité Territoriale,Commune,['Somme'],['Hauts-de-France'],COM,{80},{32}
090b76a2-ef25-4344-8537-44c1e6ec9955,211400346,Commune de Avenay (14),false,{14034},Commune,2026-03-24 14:41:53.63825+01,gold_establishments_2025,,,,21140034600014,2025,Collectivité Territoriale,Commune,['Calvados'],['Normandie'],COM,{14},{28}
073ba703-26fc-48fd-9320-49f5755ff77c,215100249,Commune de Avenay-Val-d'Or (51),false,{51028},Commune,2026-03-24 14:42:01.412377+01,gold_establishments_2025,,,,21510024900014,2025,Collectivité Territoriale,Commune,['Marne'],['Grand Est'],COM,{51},{44}
8c947f85-a255-427a-8880-1d39749a27c0,213200215,Commune de Avensac (32),false,{32021},Commune,2026-03-24 14:41:58.09424+01,gold_establishments_2025,,,,21320021500019,2025,Collectivité Territoriale,Commune,['Gers'],['Occitanie'],COM,{32},{76}
a594ce9a-13c9-4cf0-8543-3dfa2045a615,213300221,Commune de Avensan (33),false,{33022},Commune,2026-03-24 14:41:58.09424+01,gold_establishments_2025,,,,21330022100016,2025,Collectivité Territoriale,Commune,['Gironde'],['Nouvelle-Aquitaine'],COM,{33},{75}
f4198bba-0846-456d-8b1c-154ceab11df3,216500512,Commune de Aventignan (65),false,{65051},Commune,2026-03-24 14:42:06.665412+01,gold_establishments_2025,,,,21650051200019,2025,Collectivité Territoriale,Commune,['Hautes-Pyrénées'],['Occitanie'],COM,{65},{76}
95be089d-7cab-423c-95a7-8d36802bfc7a,216500520,Commune de Averan (65),false,{65052},Commune,2026-03-24 14:42:06.665412+01,gold_establishments_2025,,,,21650052000012,2025,Collectivité Territoriale,Commune,['Hautes-Pyrénées'],['Occitanie'],COM,{65},{76}
f4849aa2-b61d-49c1-9e56-94fa86077c75,216200618,Commune de Averdoingt (62),false,{62061},Commune,2026-03-24 14:42:05.597325+01,gold_establishments_2025,,,,21620061800017,2025,Collectivité Territoriale,Commune,['Pas-de-Calais'],['Hauts-de-France'],COM,{62},{32}
6c62da07-2a0e-47e4-9266-1fa754638618,214100091,Commune de Averdon (41),false,{41009},Commune,2026-03-24 14:41:59.705606+01,gold_establishments_2025,,,,21410009100013,2025,Collectivité Territoriale,Commune,['Loir-et-Cher'],['Centre-Val de Loire'],COM,{41},{24}
54ff7dec-14fe-4af6-ba09-20b4c60e02bf,210300133,Commune de Avermes (03),false,{03013},Commune,2026-03-24 14:41:52.020251+01,gold_establishments_2025,,,,21030013300019,2025,Collectivité Territoriale,Commune,['Allier'],['Auvergne-Rhône-Alpes'],COM,{03},{84}
bc714a85-69d2-480d-b5e3-4ef8bde87e9a,200076446,Commune de Avernes (95),false,{95040},Commune,2026-03-24 14:42:11.659493+01,gold_establishments_2025,,,,20007644600018,2025,Collectivité Territoriale,Commune,"[""Val-d'Oise""]",['Île-de-France'],COM,{95},{11}
41629bdf-d27f-4a4c-8c77-2901dfd1f876,216100180,Commune de Avernes-Saint-Gourgon (61),false,{61018},Commune,2026-03-24 14:42:04.814328+01,gold_establishments_2025,,,,21610018000019,2025,Collectivité Territoriale,Commune,['Orne'],['Normandie'],COM,{61},{28}
053f2b92-e36d-484d-8a7e-cb58ff9ebeb3,215300138,Commune de Averton (53),false,{53013},Commune,2026-03-24 14:42:01.954481+01,gold_establishments_2025,,,,21530013800066,2025,Collectivité Territoriale,Commune,['Mayenne'],['Pays de la Loire'],COM,{53},{52}
c9e2b8e3-9a37-4f8f-b20f-2c7bdec84913,215900358,Commune de Avesnelles (59),false,{59035},Commune,2026-03-24 14:42:04.280096+01,gold_establishments_2025,,,,21590035800015,2025,Collectivité Territoriale,Commune,['Nord'],['Hauts-de-France'],COM,{59},{32}
aa417970-8aa6-479c-bd5f-23670dba4d37,216200626,Commune de Avesnes (62),false,{62062},Commune,2026-03-24 14:42:05.597325+01,gold_establishments_2025,,,,21620062600010,2025,Collectivité Territoriale,Commune,['Pas-de-Calais'],['Hauts-de-France'],COM,{62},{32}
cbb8e5c0-48a6-458b-854a-e043ca5ca527,218000461,Commune de Avesnes-Chaussoy (80),false,{80048},Commune,2026-03-24 14:42:09.43682+01,gold_establishments_2025,,,,21800046100010,2025,Collectivité Territoriale,Commune,['Somme'],['Hauts-de-France'],COM,{80},{32}
ba71cd3b-6ab4-4239-b36e-c83c71697c8c,217600485,Commune de Avesnes-en-Bray (76),false,{76048},Commune,2026-03-24 14:42:08.818969+01,gold_establishments_2025,,,,21760048500015,2025,Collectivité Territoriale,Commune,['Seine-Maritime'],['Normandie'],COM,{76},{28}
a1290340-f527-49a5-86d2-23c09d29f95e,217200187,Commune de Avesnes-en-Saosnois (72),false,{72018},Commune,2026-03-24 14:42:08.279287+01,gold_establishments_2025,,,,21720018700011,2025,Collectivité Territoriale,Commune,['Sarthe'],['Pays de la Loire'],COM,{72},{52}
3be95c6b-92da-48f8-98aa-8be17d10e6af,217600493,Commune de Avesnes-en-Val (76),false,{76049},Commune,2026-03-24 14:42:08.818969+01,gold_establishments_2025,,,,21760049300019,2025,Collectivité Territoriale,Commune,['Seine-Maritime'],['Normandie'],COM,{76},{28}
be241ef2-b6bc-4588-b101-0a1c991975b6,216200634,Commune de Avesnes-le-Comte (62),false,{62063},Commune,2026-03-24 14:42:05.597325+01,gold_establishments_2025,,,,21620063400014,2025,Collectivité Territoriale,Commune,['Pas-de-Calais'],['Hauts-de-France'],COM,{62},{32}
28a57259-4b5d-4061-a0c0-d4d454a10f9f,215900382,Commune de Avesnes-le-Sec (59),false,{59038},Commune,2026-03-24 14:42:04.280096+01,gold_establishments_2025,,,,21590038200015,2025,Collectivité Territoriale,Commune,['Nord'],['Hauts-de-France'],COM,{59},{32}
1d3a9a66-7d78-4515-8737-74026fc1a2e3,215900374,Commune de Avesnes-les-Aubert (59),false,{59037},Commune,2026-03-24 14:42:04.280096+01,gold_establishments_2025,,,,21590037400012,2025,Collectivité Territoriale,Commune,['Nord'],['Hauts-de-France'],COM,{59},{32}
2aab01f0-9863-4d83-bf32-d1f81b2b30ac,216200642,Commune de Avesnes-lès-Bapaume (62),false,{62064},Commune,2026-03-24 14:42:05.597325+01,gold_establishments_2025,,,,21620064200017,2025,Collectivité Territoriale,Commune,['Pas-de-Calais'],['Hauts-de-France'],COM,{62},{32}
d738e362-5743-4a37-9555-dc90b3c450ad,215900366,Commune de Avesnes-sur-Helpe (59),false,{59036},Commune,2026-03-24 14:42:04.280096+01,gold_establishments_2025,,,,21590036600018,2025,Collectivité Territoriale,Commune,['Nord'],['Hauts-de-France'],COM,{59},{32}
4f75e1b0-19b6-47fc-978c-d7888457e825,214400079,Commune de Avessac (44),false,{44007},Commune,2026-03-24 14:42:00.273698+01,gold_establishments_2025,,,,21440007900049,2025,Collectivité Territoriale,Commune,['Loire-Atlantique'],['Pays de la Loire'],COM,{44},{52}
c77a5910-3a6c-431b-a226-912f75ac6564,217200195,Commune de Avessé (72),false,{72019},Commune,2026-03-24 14:42:08.279287+01,gold_establishments_2025,,,,21720019500014,2025,Collectivité Territoriale,Commune,['Sarthe'],['Pays de la Loire'],COM,{72},{52}
ca1b23b0-1985-4d82-b997-fa3c3fa5d9d2,216500538,Commune de Aveux (65),false,{65053},Commune,2026-03-24 14:42:06.665412+01,gold_establishments_2025,,,,21650053800014,2025,Collectivité Territoriale,Commune,['Hautes-Pyrénées'],['Occitanie'],COM,{65},{76}
f50c7780-b96c-40aa-bc14-59288270b38b,216500546,Commune de Avezac-Prat-Lahitte (65),false,{65054},Commune,2026-03-24 14:42:06.665412+01,gold_establishments_2025,,,,21650054600017,2025,Collectivité Territoriale,Commune,['Hautes-Pyrénées'],['Occitanie'],COM,{65},{76}
59114fb0-2266-46ea-9cf5-ad9db16ec0e0,213200231,Commune de Avezan (32),false,{32023},Commune,2026-03-24 14:41:58.09424+01,gold_establishments_2025,,,,21320023100016,2025,Collectivité Territoriale,Commune,['Gers'],['Occitanie'],COM,{32},{76}
c7a42402-24c6-4dfa-a46d-3c5a28927f24,217200203,Commune de Avezé (72),false,{72020},Commune,2026-03-24 14:42:08.279287+01,gold_establishments_2025,,,,21720020300016,2025,Collectivité Territoriale,Commune,['Sarthe'],['Pays de la Loire'],COM,{72},{52}
25848ec5-1883-48d3-a12c-e893a3d3f38b,218400075,Commune de Avignon (84),false,{84007},Commune,2026-03-24 14:42:10.508772+01,gold_establishments_2025,,,,21840007500014,2025,Collectivité Territoriale,Commune,['Vaucluse'],"[""Provence-Alpes-Côte d'Azur""]",COM,{84},{93}
3c960db8-9b23-4415-aa2d-930261092e25,213900327,Commune de Avignon-lès-Saint-Claude (39),false,{39032},Commune,2026-03-24 14:41:59.705606+01,gold_establishments_2025,,,,21390032700015,2025,Collectivité Territoriale,Commune,['Jura'],['Bourgogne-Franche-Comté'],COM,{39},{27}
5146b073-77c8-4992-9c41-e351ab7064a3,213800238,Commune de Avignonet (38),false,{38023},Commune,2026-03-24 14:41:59.160244+01,gold_establishments_2025,,,,21380023800015,2025,Collectivité Territoriale,Commune,['Isère'],['Auvergne-Rhône-Alpes'],COM,{38},{84}
837ac9d7-633d-4e21-96a1-dd9f0e769bc0,213100373,Commune de Avignonet-Lauragais (31),false,{31037},Commune,2026-03-24 14:41:57.56054+01,gold_establishments_2025,,,,21310037300017,2025,Collectivité Territoriale,Commune,['Haute-Garonne'],['Occitanie'],COM,{31},{76}
860f9026-b9f6-440f-9b04-ccb4907be9db,215400334,Commune de Avillers (54),false,{54033},Commune,2026-03-24 14:42:02.957225+01,gold_establishments_2025,,,,21540033400011,2025,Collectivité Territoriale,Commune,['Meurthe-et-Moselle'],['Grand Est'],COM,{54},{44}
6cdf5966-dcc5-4762-9ef7-95a26f61da08,218800233,Commune de Avillers (88),false,{88023},Commune,2026-03-24 14:42:11.118516+01,gold_establishments_2025,,,,21880023300015,2025,Collectivité Territoriale,Commune,['Vosges'],['Grand Est'],COM,{88},{44}
4d594502-2e78-4299-b58e-0369d8d91ccc,215500216,Commune de Avillers-Sainte-Croix (55),false,{55021},Commune,2026-03-24 14:42:02.957225+01,gold_establishments_2025,,,,21550021600019,2025,Collectivité Territoriale,Commune,['Meuse'],['Grand Est'],COM,{55},{44}
912ce8a3-ee20-438a-a911-f5ea684ad4ad,212500383,Commune de Avilley (25),false,{25038},Commune,2026-03-24 14:41:55.958138+01,gold_establishments_2025,,,,21250038300014,2025,Collectivité Territoriale,Commune,['Doubs'],['Bourgogne-Franche-Comté'],COM,{25},{27}
8b04d74e-dd77-4bbf-87e4-1d4391db6de4,216000323,Commune de Avilly-Saint-Léonard (60),false,{60033},Commune,2026-03-24 14:42:04.814328+01,gold_establishments_2025,,,,21600032300016,2025,Collectivité Territoriale,Commune,['Oise'],['Hauts-de-France'],COM,{60},{32}
0a206a4b-e15b-4750-b149-98c7c0dfa822,216200659,Commune de Avion (62),false,{62065},Commune,2026-03-24 14:42:05.597325+01,gold_establishments_2025,,,,21620065900011,2025,Collectivité Territoriale,Commune,['Pas-de-Calais'],['Hauts-de-France'],COM,{62},{32}
c3085b9c-8e66-4cb5-9a36-9ddd4224de1a,215500224,Commune de Avioth (55),false,{55022},Commune,2026-03-24 14:42:02.957225+01,gold_establishments_2025,,,,21550022400013,2025,Collectivité Territoriale,Commune,['Meuse'],['Grand Est'],COM,{55},{44}
876e09c4-1e49-4706-84aa-e13852fa36e0,211000203,Commune de Avirey-Lingey (10),false,{10022},Commune,2026-03-24 14:41:53.095366+01,gold_establishments_2025,,,,21100020300011,2025,Collectivité Territoriale,Commune,['Aube'],['Grand Est'],COM,{10},{44}
90012d3c-d4c4-4e19-a7af-b74327e646c9,212700314,Commune de Aviron (27),false,{27031},Commune,2026-03-24 14:41:56.495197+01,gold_establishments_2025,,,,21270031400017,2025,Collectivité Territoriale,Commune,['Eure'],['Normandie'],COM,{27},{28}
d830ec53-d6c3-479e-b8fc-0dc0ea494c45,215100256,Commune de Avize (51),false,{51029},Commune,2026-03-24 14:42:01.412377+01,gold_establishments_2025,,,,21510025600019,2025,Collectivité Territoriale,Commune,['Marne'],['Grand Est'],COM,{51},{44}
fe1c4982-6786-4ae3-b52f-6b6375453b8f,215500232,Commune de Avocourt (55),false,{55023},Commune,2026-03-24 14:42:02.957225+01,gold_establishments_2025,,,,21550023200016,2025,Collectivité Territoriale,Commune,['Meuse'],['Grand Est'],COM,{55},{44}
c49f973a-cb85-4414-b2c4-a0372419c8ca,213700115,Commune de Avoine (37),false,{37011},Commune,2026-03-24 14:41:59.160244+01,gold_establishments_2025,,,,21370011500016,2025,Collectivité Territoriale,Commune,['Indre-et-Loire'],['Centre-Val de Loire'],COM,{37},{24}
a13af58f-4dae-4521-9867-e5ed0a2c3f34,216100206,Commune de Avoine (61),false,{61020},Commune,2026-03-24 14:42:04.814328+01,gold_establishments_2025,,,,21610020600012,2025,Collectivité Territoriale,Commune,['Orne'],['Normandie'],COM,{61},{28}
b6d57801-15c6-4453-8e3f-1d36e9f687b6,217200211,Commune de Avoise (72),false,{72021},Commune,2026-03-24 14:42:08.279287+01,gold_establishments_2025,,,,21720021100019,2025,Collectivité Territoriale,Commune,['Sarthe'],['Pays de la Loire'],COM,{72},{52}
c3362203-c2be-4164-b65b-3fccb34ce86a,216700161,Commune de Avolsheim (67),false,{67016},Commune,2026-03-24 14:42:06.665412+01,gold_establishments_2025,,,,21670016100013,2025,Collectivité Territoriale,Commune,['Bas-Rhin'],['Grand Est'],COM,{67},{44}
92197067-1b05-4c77-b830-4ee69063f337,217700145,Commune de Avon (77),false,{77014},Commune,2026-03-24 14:42:08.818969+01,gold_establishments_2025,,,,21770014500014,2025,Collectivité Territoriale,Commune,['Seine-et-Marne'],['Île-de-France'],COM,{77},{11}
c21a7d9e-3e9d-4e4f-8a8d-f0221a7fce1d,217900232,Commune de Avon (79),false,{79023},Commune,2026-03-24 14:42:09.43682+01,gold_establishments_2025,,,,21790023200018,2025,Collectivité Territoriale,Commune,['Deux-Sèvres'],['Nouvelle-Aquitaine'],COM,{79},{75}
0b717541-2588-40a6-995f-323ebfec88d2,211000211,Commune de Avon-la-Pèze (10),false,{10023},Commune,2026-03-24 14:41:53.095366+01,gold_establishments_2025,,,,21100021100014,2025,Collectivité Territoriale,Commune,['Aube'],['Grand Est'],COM,{10},{44}
f68d8f60-1e39-4fcc-9789-7ee0bd8092fb,213700123,Commune de Avon-les-Roches (37),false,{37012},Commune,2026-03-24 14:41:59.160244+01,gold_establishments_2025,,,,21370012300010,2025,Collectivité Territoriale,Commune,['Indre-et-Loire'],['Centre-Val de Loire'],COM,{37},{24}
d54ff43d-db85-4a81-b214-1385e06fe21b,216200667,Commune de Avondance (62),false,{62066},Commune,2026-03-24 14:42:05.597325+01,gold_establishments_2025,,,,21620066700014,2025,Collectivité Territoriale,Commune,['Pas-de-Calais'],['Hauts-de-France'],COM,{62},{32}
62496e97-dd64-43e9-87e1-4b6329e746c0,211800180,Commune de Avord (18),false,{18018},Commune,2026-03-24 14:41:54.903238+01,gold_establishments_2025,,,,21180018000013,2025,Collectivité Territoriale,Commune,['Cher'],['Centre-Val de Loire'],COM,{18},{24}
1555c7bf-cd86-4403-be33-35513fc0d89c,212100408,Commune de Avosnes (21),false,{21040},Commune,2026-03-24 14:41:55.433389+01,gold_establishments_2025,,,,21210040800013,2025,Collectivité Territoriale,Commune,"[""Côte-d'Or""]",['Bourgogne-Franche-Comté'],COM,{21},{27}
acc54a40-9330-4771-b7b2-da1c3941701f,212100416,Commune de Avot (21),false,{21041},Commune,2026-03-24 14:41:55.433389+01,gold_establishments_2025,,,,21210041600016,2025,Collectivité Territoriale,Commune,"[""Côte-d'Or""]",['Bourgogne-Franche-Comté'],COM,{21},{27}
0cdbc371-04d5-4c19-9dbd-f93fcc969480,212500391,Commune de Avoudrey (25),false,{25039},Commune,2026-03-24 14:41:55.958138+01,gold_establishments_2025,,,,21250039100017,2025,Collectivité Territoriale,Commune,['Doubs'],['Bourgogne-Franche-Comté'],COM,{25},{27}
9ab40115-0829-4bfd-9d5a-f54adbf65c23,215400342,Commune de Avrainville (54),false,{54034},Commune,2026-03-24 14:42:02.957225+01,gold_establishments_2025,,,,21540034200014,2025,Collectivité Territoriale,Commune,['Meurthe-et-Moselle'],['Grand Est'],COM,{54},{44}
41658149-2a52-4cd0-baa4-3afe7839d6b8,218800241,Commune de Avrainville (88),false,{88024},Commune,2026-03-24 14:42:11.118516+01,gold_establishments_2025,,,,21880024100018,2025,Collectivité Territoriale,Commune,['Vosges'],['Grand Est'],COM,{88},{44}
96fea92a-a6d6-4867-9c64-a8f13004fcb6,219100419,Commune de Avrainville (91),false,{91041},Commune,2026-03-24 14:42:11.659493+01,gold_establishments_2025,,,,21910041900064,2025,Collectivité Territoriale,Commune,['Essonne'],['Île-de-France'],COM,{91},{11}
bf27aa18-58e4-4787-bade-bf1dec002957,200083640,Commune de Avranches (50),false,{50025},Commune,2026-03-24 14:42:01.412377+01,gold_establishments_2025,,,,20008364000017,2025,Collectivité Territoriale,Commune,['Manche'],['Normandie'],COM,{50},{28}
9ff9e99d-b9d6-4d2e-b17a-4b94cbdde439,218800258,Commune de Avranville (88),false,{88025},Commune,2026-03-24 14:42:11.118516+01,gold_establishments_2025,,,,21880025800012,2025,Collectivité Territoriale,Commune,['Vosges'],['Grand Est'],COM,{88},{44}
de234c5b-4d9c-4bf8-b1a9-979fb558468d,216000331,Commune de Avrechy (60),false,{60034},Commune,2026-03-24 14:42:04.814328+01,gold_establishments_2025,,,,21600033100019,2025,Collectivité Territoriale,Commune,['Oise'],['Hauts-de-France'],COM,{60},{32}
c82d437d-3664-4802-9a3a-ec4da477bde7,200031318,Commune de Avrecourt (52),false,{52033},Commune,2026-03-24 14:42:01.954481+01,gold_establishments_2025,,,,20003131800013,2025,Collectivité Territoriale,Commune,['Haute-Marne'],['Grand Est'],COM,{52},{44}
f0683d77-f6b9-471c-bca3-356e8144abd3,217600501,Commune de Avremesnil (76),false,{76050},Commune,2026-03-24 14:42:08.818969+01,gold_establishments_2025,,,,21760050100019,2025,Collectivité Territoriale,Commune,['Seine-Maritime'],['Normandie'],COM,{76},{28}
51d4e031-757d-4f4f-bd5c-b1a9b0c54c4d,217300250,Commune de Avressieux (73),false,{73025},Commune,2026-03-24 14:42:08.279287+01,gold_establishments_2025,,,,21730025000016,2025,Collectivité Territoriale,Commune,['Savoie'],['Auvergne-Rhône-Alpes'],COM,{73},{84}
32b43ba4-66ea-4a91-89ed-b6d2dfcf7456,211000229,Commune de Avreuil (10),false,{10024},Commune,2026-03-24 14:41:53.095366+01,gold_establishments_2025,,,,21100022900016,2025,Collectivité Territoriale,Commune,['Aube'],['Grand Est'],COM,{10},{44}
a7592c03-cbdb-4db2-9857-b1e717954246,215400359,Commune de Avricourt (54),false,{54035},Commune,2026-03-24 14:42:02.957225+01,gold_establishments_2025,,,,21540035900018,2025,Collectivité Territoriale,Commune,['Meurthe-et-Moselle'],['Grand Est'],COM,{54},{44}
25d0e18c-ded4-4f5c-bd87-d674186cd4ec,215700428,Commune de Avricourt (57),false,{57042},Commune,2026-03-24 14:42:03.701372+01,gold_establishments_2025,,,,21570042800018,2025,Collectivité Territoriale,Commune,['Moselle'],['Grand Est'],COM,{57},{44}
eca1c081-2faf-4137-9c93-146d0c64b088,216000349,Commune de Avricourt (60),false,{60035},Commune,2026-03-24 14:42:04.814328+01,gold_establishments_2025,,,,21600034900011,2025,Collectivité Territoriale,Commune,['Oise'],['Hauts-de-France'],COM,{60},{32}
56c48a7b-1912-4adf-93cf-e06993da6987,217300268,Commune de Avrieux (73),false,{73026},Commune,2026-03-24 14:42:08.279287+01,gold_establishments_2025,,,,21730026800018,2025,Collectivité Territoriale,Commune,['Savoie'],['Auvergne-Rhône-Alpes'],COM,{73},{84}
e651cd9a-8acf-4fd8-8888-e0543e2727a9,217000454,Commune de Avrigney-Virey (70),false,{70045},Commune,2026-03-24 14:42:07.735343+01,gold_establishments_2025,,,,21700045400017,2025,Collectivité Territoriale,Commune,['Haute-Saône'],['Bourgogne-Franche-Comté'],COM,{70},{27}
701ca11b-4860-4789-affc-be6738efe71f,216000356,Commune de Avrigny (60),false,{60036},Commune,2026-03-24 14:42:04.814328+01,gold_establishments_2025,,,,21600035600016,2025,Collectivité Territoriale,Commune,['Oise'],['Hauts-de-France'],COM,{60},{32}
fdc34b1b-2eaf-4245-bf48-c89f108c89a3,215400367,Commune de Avril (54),false,{54036},Commune,2026-03-24 14:42:02.957225+01,gold_establishments_2025,,,,21540036700011,2025,Collectivité Territoriale,Commune,['Meurthe-et-Moselle'],['Grand Est'],COM,{54},{44}
4edb7ce6-cac4-400b-97db-1360bfae814d,215800202,Commune de Avril-sur-Loire (58),false,{58020},Commune,2026-03-24 14:42:04.280096+01,gold_establishments_2025,,,,21580020200016,2025,Collectivité Territoriale,Commune,['Nièvre'],['Bourgogne-Franche-Comté'],COM,{58},{27}
ee841bb0-3e4b-4cf6-b7b2-2591b23d7e8e,210300141,Commune de Avrilly (03),false,{03014},Commune,2026-03-24 14:41:52.020251+01,gold_establishments_2025,,,,21030014100012,2025,Collectivité Territoriale,Commune,['Allier'],['Auvergne-Rhône-Alpes'],COM,{03},{84}
c0fee90d-b524-4d38-8d0c-96c10762ac0c,216100214,Commune de Avrilly (61),false,{61021},Commune,2026-03-24 14:42:04.814328+01,gold_establishments_2025,,,,21610021400016,2025,Collectivité Territoriale,Commune,['Orne'],['Normandie'],COM,{61},{28}
bbd40030-705d-426a-8857-289edec9ca9d,214900151,Commune de Avrillé (49),false,{49015},Commune,2026-03-24 14:42:01.412377+01,gold_establishments_2025,,,,21490015100017,2025,Collectivité Territoriale,Commune,['Maine-et-Loire'],['Pays de la Loire'],COM,{49},{52}
494000ce-9919-4f35-980c-70871b7fc21f,218500106,Commune de Avrillé (85),false,{85010},Commune,2026-03-24 14:42:10.508772+01,gold_establishments_2025,,,,21850010600016,2025,Collectivité Territoriale,Commune,['Vendée'],['Pays de la Loire'],COM,{85},{52}
4173cfee-017a-424f-b5f6-db5b9dd8f335,213700131,Commune de Avrillé-les-Ponceaux (37),false,{37013},Commune,2026-03-24 14:41:59.160244+01,gold_establishments_2025,,,,21370013100013,2025,Collectivité Territoriale,Commune,['Indre-et-Loire'],['Centre-Val de Loire'],COM,{37},{24}
19c832a1-4bdb-4c3e-ad3f-781e4318eca7,216200675,Commune de Avroult (62),false,{62067},Commune,2026-03-24 14:42:05.597325+01,gold_establishments_2025,,,,21620067500017,2025,Collectivité Territoriale,Commune,['Pas-de-Calais'],['Hauts-de-France'],COM,{62},{32}
aa37dc5b-509f-46bc-bea4-8ef1b0560330,215800194,Commune de Avrée (58),false,{58019},Commune,2026-03-24 14:42:04.280096+01,gold_establishments_2025,,,,21580019400015,2025,Collectivité Territoriale,Commune,['Nièvre'],['Bourgogne-Franche-Comté'],COM,{58},{27}
086133e0-5f8c-4598-98c6-2882b88d45ec,211700273,Commune de Avy (17),false,{17027},Commune,2026-03-24 14:41:54.903238+01,gold_establishments_2025,,,,21170027300017,2025,Collectivité Territoriale,Commune,['Charente-Maritime'],['Nouvelle-Aquitaine'],COM,{17},{75}
def0c896-de23-4369-97f1-c43acf055843,213400195,Commune de Avène (34),false,{34019},Commune,2026-03-24 14:41:58.620411+01,gold_establishments_2025,,,,21340019500011,2025,Collectivité Territoriale,Commune,['Hérault'],['Occitanie'],COM,{34},{76}
3c057215-4407-4f2c-8592-f8676ad5e38b,213000268,Commune de Avèze (30),false,{30026},Commune,2026-03-24 14:41:57.56054+01,gold_establishments_2025,,,,21300026800010,2025,Collectivité Territoriale,Commune,['Gard'],['Occitanie'],COM,{30},{76}
4de9dc2d-cf53-4ce3-b8bf-3105cce98382,216300244,Commune de Avèze (63),false,{63024},Commune,2026-03-24 14:42:06.130387+01,gold_establishments_2025,,,,21630024400011,2025,Collectivité Territoriale,Commune,['Puy-de-Dôme'],['Auvergne-Rhône-Alpes'],COM,{63},{84}
cf09c0ae-d1c0-417d-bfac-f327b39b8001,213200223,Commune de Avéron-Bergelle (32),false,{32022},Commune,2026-03-24 14:41:58.09424+01,gold_establishments_2025,,,,21320022300013,2025,Collectivité Territoriale,Commune,['Gers'],['Occitanie'],COM,{32},{76}
87ca89d5-3bd1-41cd-a942-9845f9815969,219733615,Commune de Awala-Yalimapo (973),false,{97361},Commune,2026-03-24 14:42:11.659493+01,gold_establishments_2025,,,,21973361500013,2025,Collectivité Territoriale,Commune,['Guyane'],['Guyane'],COM,{973},{03}
60b06fd1-fc68-4131-97a1-fcbe93f6c7c5,215900390,Commune de Awoingt (59),false,{59039},Commune,2026-03-24 14:42:04.280096+01,gold_establishments_2025,,,,21590039000018,2025,Collectivité Territoriale,Commune,['Nord'],['Hauts-de-France'],COM,{59},{32}
6634485f-85ad-4c8b-81e2-c5abdbd5918f,210900320,Commune de Ax-les-Thermes (09),false,{09032},Commune,2026-03-24 14:41:53.095366+01,gold_establishments_2025,,,,21090032000016,2025,Collectivité Territoriale,Commune,['Ariège'],['Occitanie'],COM,{09},{76}
52a4e416-24c0-4006-8a4e-4273101e3ec0,211100219,Commune de Axat (11),false,{11021},Commune,2026-03-24 14:41:53.63825+01,gold_establishments_2025,,,,21110021900016,2025,Collectivité Territoriale,Commune,['Aude'],['Occitanie'],COM,{11},{76}
3c55948b-6f3f-47ef-98da-cb5454b3e659,210900312,Commune de Axiat (09),false,{09031},Commune,2026-03-24 14:41:53.095366+01,gold_establishments_2025,,,,21090031200013,2025,Collectivité Territoriale,Commune,['Ariège'],['Occitanie'],COM,{09},{76}
20268711-2d29-41dd-a86c-c5d2b9e61039,215700436,Commune de Ay-sur-Moselle (57),false,{57043},Commune,2026-03-24 14:42:03.701372+01,gold_establishments_2025,,,,21570043600011,2025,Collectivité Territoriale,Commune,['Moselle'],['Grand Est'],COM,{57},{44}
114b666a-89ac-4ecc-8b24-03805ab552d6,216300251,Commune de Ayat-sur-Sioule (63),false,{63025},Commune,2026-03-24 14:42:06.130387+01,gold_establishments_2025,,,,21630025100016,2025,Collectivité Territoriale,Commune,['Puy-de-Dôme'],['Auvergne-Rhône-Alpes'],COM,{63},{84}
c8ca6a42-ace8-4066-a05c-6d36c7c175b1,216300269,Commune de Aydat (63),false,{63026},Commune,2026-03-24 14:42:06.130387+01,gold_establishments_2025,,,,21630026900018,2025,Collectivité Territoriale,Commune,['Puy-de-Dôme'],['Auvergne-Rhône-Alpes'],COM,{63},{84}
c31ccc63-5d38-4ad7-8166-c18432fb6d80,216400846,Commune de Aydie (64),false,{64084},Commune,2026-03-24 14:42:06.130387+01,gold_establishments_2025,,,,21640084600012,2025,Collectivité Territoriale,Commune,['Pyrénées-Atlantiques'],['Nouvelle-Aquitaine'],COM,{64},{75}
06af838f-56ed-4bc0-8a6a-a4d3e6d837fd,216400853,Commune de Aydius (64),false,{64085},Commune,2026-03-24 14:42:06.130387+01,gold_establishments_2025,,,,21640085300018,2025,Collectivité Territoriale,Commune,['Pyrénées-Atlantiques'],['Nouvelle-Aquitaine'],COM,{64},{75}
0df3ac04-64d7-4765-b698-f59b3ba3c23c,218800266,Commune de Aydoilles (88),false,{88026},Commune,2026-03-24 14:42:11.118516+01,gold_establishments_2025,,,,21880026600015,2025,Collectivité Territoriale,Commune,['Vosges'],['Grand Est'],COM,{88},{44}
b1ca2f7a-c3e9-4566-9832-095f0576bc00,211901509,Commune de Ayen (19),false,{19015},Commune,2026-03-24 14:41:54.903238+01,gold_establishments_2025,,,,21190150900011,2025,Collectivité Territoriale,Commune,['Corrèze'],['Nouvelle-Aquitaine'],COM,{19},{75}
cb48d463-8bdb-408c-80b7-bdfbfc899559,218000479,Commune de Ayencourt (80),false,{80049},Commune,2026-03-24 14:42:09.43682+01,gold_establishments_2025,,,,21800047900012,2025,Collectivité Territoriale,Commune,['Somme'],['Hauts-de-France'],COM,{80},{32}
b2eacaa1-67a4-4421-aba7-e5c459f25b5b,216200683,Commune de Ayette (62),false,{62068},Commune,2026-03-24 14:42:05.597325+01,gold_establishments_2025,,,,21620068300011,2025,Collectivité Territoriale,Commune,['Pas-de-Calais'],['Hauts-de-France'],COM,{62},{32}
e3221dfd-b44f-40a3-99b4-42b1f6701534,216600106,Commune de Ayguatébia-Talau (66),false,{66010},Commune,2026-03-24 14:42:06.665412+01,gold_establishments_2025,,,,21660010600019,2025,Collectivité Territoriale,Commune,['Pyrénées-Orientales'],['Occitanie'],COM,{66},{76}
cadc17ed-ebc6-4cc7-a1a7-85269d86fcd9,213300239,Commune de Ayguemorte-les-Graves (33),false,{33023},Commune,2026-03-24 14:41:58.09424+01,gold_establishments_2025,,,,21330023900018,2025,Collectivité Territoriale,Commune,['Gironde'],['Nouvelle-Aquitaine'],COM,{33},{75}
ae3f5b87-b047-4581-a082-c10f286f84a5,213100043,Commune de Ayguesvives (31),false,{31004},Commune,2026-03-24 14:41:57.56054+01,gold_establishments_2025,,,,21310004300016,2025,Collectivité Territoriale,Commune,['Haute-Garonne'],['Occitanie'],COM,{31},{76}
0cfb31f8-8a06-4033-acaf-41780b2164f0,213200249,Commune de Ayguetinte (32),false,{32024},Commune,2026-03-24 14:41:58.09424+01,gold_establishments_2025,,,,21320024900018,2025,Collectivité Territoriale,Commune,['Gers'],['Occitanie'],COM,{32},{76}
a11d4bd5-c95f-468b-942a-f1f82a0d2e1b,216400861,Commune de Ayherre (64),false,{64086},Commune,2026-03-24 14:42:06.130387+01,gold_establishments_2025,,,,21640086100011,2025,Collectivité Territoriale,Commune,['Pyrénées-Atlantiques'],['Nouvelle-Aquitaine'],COM,{64},{75}
e6422cb7-9c70-4b56-b18a-b3305908bf9d,217300276,Commune de Ayn (73),false,{73027},Commune,2026-03-24 14:42:08.279287+01,gold_establishments_2025,,,,21730027600011,2025,Collectivité Territoriale,Commune,['Savoie'],['Auvergne-Rhône-Alpes'],COM,{73},{84}
b8236f10-a281-4e42-b16c-3fd462c04cae,214600124,Commune de Aynac (46),false,{46012},Commune,2026-03-24 14:42:00.862623+01,gold_establishments_2025,,,,21460012400017,2025,Collectivité Territoriale,Commune,['Lot'],['Occitanie'],COM,{46},{76}
5f3cd593-beee-48b4-beb3-f3238f954219,211500160,Commune de Ayrens (15),false,{15016},Commune,2026-03-24 14:41:54.362296+01,gold_establishments_2025,,,,21150016000018,2025,Collectivité Territoriale,Commune,['Cantal'],['Auvergne-Rhône-Alpes'],COM,{15},{84}
08544632-3e52-49b5-b2c7-c6f6ce7ae7d7,218600179,Commune de Ayron (86),false,{86017},Commune,2026-03-24 14:42:10.508772+01,gold_establishments_2025,,,,21860017900012,2025,Collectivité Territoriale,Commune,['Vienne'],['Nouvelle-Aquitaine'],COM,{86},{75}
298ba301-ab86-48c8-853d-edf256745833,216500553,Commune de Ayros-Arbouix (65),false,{65055},Commune,2026-03-24 14:42:06.665412+01,gold_establishments_2025,,,,21650055300013,2025,Collectivité Territoriale,Commune,['Hautes-Pyrénées'],['Occitanie'],COM,{65},{76}
96cad2e2-0dd8-4f25-8ee2-08524e188369,217400241,Commune de Ayse (74),false,{74024},Commune,2026-03-24 14:42:08.279287+01,gold_establishments_2025,,,,21740024100014,2025,Collectivité Territoriale,Commune,['Haute-Savoie'],['Auvergne-Rhône-Alpes'],COM,{74},{84}
0cc86f01-ec7a-43dd-ba56-e3669bc92b50,211200175,Commune de Ayssènes (12),false,{12017},Commune,2026-03-24 14:41:53.63825+01,gold_establishments_2025,,,,21120017500019,2025,Collectivité Territoriale,Commune,['Aveyron'],['Occitanie'],COM,{12},{76}
b8ebb442-74b1-4739-9039-30c40fcc9cc3,211700281,Commune de Aytré (17),false,{17028},Commune,2026-03-24 14:41:54.903238+01,gold_establishments_2025,,,,21170028100010,2025,Collectivité Territoriale,Commune,['Charente-Maritime'],['Nouvelle-Aquitaine'],COM,{17},{75}
ffd75c82-16d3-4421-807a-d04c88134dad,216500561,Commune de Ayzac-Ost (65),false,{65056},Commune,2026-03-24 14:42:06.665412+01,gold_establishments_2025,,,,21650056100016,2025,Collectivité Territoriale,Commune,['Hautes-Pyrénées'],['Occitanie'],COM,{65},{76}
2614a85a-2c3b-447b-83b4-4a4277332b35,213200256,Commune de Ayzieu (32),false,{32025},Commune,2026-03-24 14:41:58.09424+01,gold_establishments_2025,,,,21320025600013,2025,Collectivité Territoriale,Commune,['Gers'],['Occitanie'],COM,{32},{76}
19ef8de3-21a7-4323-a6ef-29e1d7398ac4,215500240,Commune de Azannes-et-Soumazannes (55),false,{55024},Commune,2026-03-24 14:42:02.957225+01,gold_establishments_2025,,,,21550024000019,2025,Collectivité Territoriale,Commune,['Meuse'],['Grand Est'],COM,{55},{44}
9072d543-df08-493a-bb94-9e67adf4b500,213100381,Commune de Azas (31),false,{31038},Commune,2026-03-24 14:41:57.56054+01,gold_establishments_2025,,,,21310038100010,2025,Collectivité Territoriale,Commune,['Haute-Garonne'],['Occitanie'],COM,{31},{76}
b7b8c210-4058-417e-a9f8-d655909fceb1,212301402,Commune de Azat-Châtenet (23),false,{23014},Commune,2026-03-24 14:41:55.958138+01,gold_establishments_2025,,,,21230140200013,2025,Collectivité Territoriale,Commune,['Creuse'],['Nouvelle-Aquitaine'],COM,{23},{75}
953cfb10-5a6b-4c2d-8735-2ce5100e79d7,218700607,Commune de Azat-le-Ris (87),false,{87006},Commune,2026-03-24 14:42:11.118516+01,gold_establishments_2025,,,,21870060700011,2025,Collectivité Territoriale,Commune,['Haute-Vienne'],['Nouvelle-Aquitaine'],COM,{87},{75}
c2d94db2-88f2-4598-b415-3b63a84bf251,217900240,Commune de Azay-le-Brûlé (79),false,{79024},Commune,2026-03-24 14:42:09.43682+01,gold_establishments_2025,,,,21790024000086,2025,Collectivité Territoriale,Commune,['Deux-Sèvres'],['Nouvelle-Aquitaine'],COM,{79},{75}
4ab9eb87-4981-4625-91a6-548b8feee13f,213600109,Commune de Azay-le-Ferron (36),false,{36010},Commune,2026-03-24 14:41:59.160244+01,gold_establishments_2025,,,,21360010900010,2025,Collectivité Territoriale,Commune,['Indre'],['Centre-Val de Loire'],COM,{36},{24}
d0f2546b-b613-445b-99e2-879416e1f38c,213700149,Commune de Azay-le-Rideau (37),false,{37014},Commune,2026-03-24 14:41:59.160244+01,gold_establishments_2025,,,,21370014900064,2025,Collectivité Territoriale,Commune,['Indre-et-Loire'],['Centre-Val de Loire'],COM,{37},{24}
80a55e3e-599b-403f-8dc0-058115414b39,213700156,Commune de Azay-sur-Cher (37),false,{37015},Commune,2026-03-24 14:41:59.160244+01,gold_establishments_2025,,,,21370015600010,2025,Collectivité Territoriale,Commune,['Indre-et-Loire'],['Centre-Val de Loire'],COM,{37},{24}
0de16964-1d90-4617-99d6-52f27fb8d268,213700164,Commune de Azay-sur-Indre (37),false,{37016},Commune,2026-03-24 14:41:59.160244+01,gold_establishments_2025,,,,21370016400014,2025,Collectivité Territoriale,Commune,['Indre-et-Loire'],['Centre-Val de Loire'],COM,{37},{24}
702684b3-f42f-4f89-9713-ce4cd4b2e9aa,217900257,Commune de Azay-sur-Thouet (79),false,{79025},Commune,2026-03-24 14:42:09.43682+01,gold_establishments_2025,,,,21790025700015,2025,Collectivité Territoriale,Commune,['Deux-Sèvres'],['Nouvelle-Aquitaine'],COM,{79},{75}
c1d121e7-4b20-44a4-b75f-2fb4b4c52da1,215400375,Commune de Azelot (54),false,{54037},Commune,2026-03-24 14:42:02.957225+01,gold_establishments_2025,,,,21540037500014,2025,Collectivité Territoriale,Commune,['Meurthe-et-Moselle'],['Grand Est'],COM,{54},{44}
33e0648c-9072-43dd-a9b6-0e33e0a820a6,212301501,Commune de Azerables (23),false,{23015},Commune,2026-03-24 14:41:55.958138+01,gold_establishments_2025,,,,21230150100012,2025,Collectivité Territoriale,Commune,['Creuse'],['Nouvelle-Aquitaine'],COM,{23},{75}
05a927de-8485-4a88-9630-b1e8554a8537,215400383,Commune de Azerailles (54),false,{54038},Commune,2026-03-24 14:42:02.957225+01,gold_establishments_2025,,,,21540038300018,2025,Collectivité Territoriale,Commune,['Meurthe-et-Moselle'],['Grand Est'],COM,{54},{44}
a1f94221-8f00-4343-b095-beaffd6aeacf,212400196,Commune de Azerat (24),false,{24019},Commune,2026-03-24 14:41:55.958138+01,gold_establishments_2025,,,,21240019600011,2025,Collectivité Territoriale,Commune,['Dordogne'],['Nouvelle-Aquitaine'],COM,{24},{75}
fcb4dce1-2476-4ead-bc0c-7b202d6fa256,216500579,Commune de Azereix (65),false,{65057},Commune,2026-03-24 14:42:06.665412+01,gold_establishments_2025,,,,21650057900018,2025,Collectivité Territoriale,Commune,['Hautes-Pyrénées'],['Occitanie'],COM,{65},{76}
d4d3220b-163c-41a6-b0da-642e428a1a92,216500587,Commune de Azet (65),false,{65058},Commune,2026-03-24 14:42:06.665412+01,gold_establishments_2025,,,,21650058700011,2025,Collectivité Territoriale,Commune,['Hautes-Pyrénées'],['Occitanie'],COM,{65},{76}
da958d93-b147-4824-9d27-9baef2e24ee5,215000266,Commune de Azeville (50),false,{50026},Commune,2026-03-24 14:42:01.412377+01,gold_establishments_2025,,,,21500026600019,2025,Collectivité Territoriale,Commune,['Manche'],['Normandie'],COM,{50},{28}
2fb89963-b724-43d4-b7d8-b886e5238bee,213400203,Commune de Azillanet (34),false,{34020},Commune,2026-03-24 14:41:58.620411+01,gold_establishments_2025,,,,21340020300013,2025,Collectivité Territoriale,Commune,['Hérault'],['Occitanie'],COM,{34},{76}
d45fcfe3-19e4-47bb-ad95-c76ddc11f92a,211100227,Commune de Azille (11),false,{11022},Commune,2026-03-24 14:41:53.63825+01,gold_establishments_2025,,,,21110022700019,2025,Collectivité Territoriale,Commune,['Aude'],['Occitanie'],COM,{11},{76}
1f5b1083-322f-4ecc-bb2c-e5e5e4b3fc96,212000269,Commune de Azilone-Ampaza (2A),false,{2A026},Commune,2026-03-24 14:41:57.56054+01,gold_establishments_2025,,,,21200026900010,2025,Collectivité Territoriale,Commune,['Corse-du-Sud'],['Corse'],COM,{2A},{94}
83a39926-0cc6-4932-b13d-c8617d22f7e3,216200691,Commune de Azincourt (62),false,{62069},Commune,2026-03-24 14:42:05.597325+01,gold_establishments_2025,,,,21620069100014,2025,Collectivité Territoriale,Commune,['Pas-de-Calais'],['Hauts-de-France'],COM,{62},{32}
e04e9ea7-dc0e-49a6-a3f3-73b23146cfb9,216900167,Commune de Azolette (69),false,{69016},Commune,2026-03-24 14:42:07.195692+01,gold_establishments_2025,,,,21690016700018,2025,Collectivité Territoriale,Commune,['Rhône'],['Auvergne-Rhône-Alpes'],COM,{69},{84}
ed07e67a-5a6b-4775-a8d9-6dc1cad16355,215700444,Commune de Azoudange (57),false,{57044},Commune,2026-03-24 14:42:03.701372+01,gold_establishments_2025,,,,21570044400015,2025,Collectivité Territoriale,Commune,['Moselle'],['Grand Est'],COM,{57},{44}
e1ed5580-9101-4248-b972-c03e09c3c9f8,214000218,Commune de Azur (40),false,{40021},Commune,2026-03-24 14:41:59.705606+01,gold_establishments_2025,,,,21400021800013,2025,Collectivité Territoriale,Commune,['Landes'],['Nouvelle-Aquitaine'],COM,{40},{75}
b05c5c72-4498-47a5-ad0f-08aa2643c9c2,211800198,Commune de Azy (18),false,{18019},Commune,2026-03-24 14:41:54.903238+01,gold_establishments_2025,,,,21180019800015,2025,Collectivité Territoriale,Commune,['Cher'],['Centre-Val de Loire'],COM,{18},{24}
869f58c3-906d-454d-b487-b7e465fdf2fc,215800210,Commune de Azy-le-Vif (58),false,{58021},Commune,2026-03-24 14:42:04.280096+01,gold_establishments_2025,,,,21580021000019,2025,Collectivité Territoriale,Commune,['Nièvre'],['Bourgogne-Franche-Comté'],COM,{58},{27}
a5201197-464e-49e8-95bc-9dc628393f12,210200424,Commune de Azy-sur-Marne (02),false,{02042},Commune,2026-03-24 14:41:51.447482+01,gold_establishments_2025,,,,21020042400013,2025,Collectivité Territoriale,Commune,['Aisne'],['Hauts-de-France'],COM,{02},{32}
788e2453-5f6a-4693-a2c0-9114a899771b,212000277,Commune de Azzana (2A),false,{2A027},Commune,2026-03-24 14:41:57.56054+01,gold_establishments_2025,,,,21200027700013,2025,Collectivité Territoriale,Commune,['Corse-du-Sud'],['Corse'],COM,{2A},{94}
76ccaaa0-1dc2-4563-a5db-3b7ea664b727,214100109,Commune de Azé (41),false,{41010},Commune,2026-03-24 14:41:59.705606+01,gold_establishments_2025,,,,21410010900013,2025,Collectivité Territoriale,Commune,['Loir-et-Cher'],['Centre-Val de Loire'],COM,{41},{24}
ed9416ba-f5f4-4201-bc9a-777649deddc1,217100163,Commune de Azé (71),false,{71016},Commune,2026-03-24 14:42:07.735343+01,gold_establishments_2025,,,,21710016300013,2025,Collectivité Territoriale,Commune,['Saône-et-Loire'],['Bourgogne-Franche-Comté'],COM,{71},{27}
e336d3bf-bba2-415e-826e-b0efc9aa415e,214300170,Commune de Azérat (43),false,{43017},Commune,2026-03-24 14:42:00.273698+01,gold_establishments_2025,,,,21430017000013,2025,Collectivité Territoriale,Commune,['Haute-Loire'],['Auvergne-Rhône-Alpes'],COM,{43},{84}
15f71139-e616-4b30-bd4d-a98d624b9b7d,216400101,Commune de Aïcirits-Camou-Suhast (64),false,{64010},Commune,2026-03-24 14:42:06.130387+01,gold_establishments_2025,,,,21640010100012,2025,Collectivité Territoriale,Commune,['Pyrénées-Atlantiques'],['Nouvelle-Aquitaine'],COM,{64},{75}
3151393e-bfba-4d06-a14f-e982fa11e26b,212500094,Commune de Aïssey (25),false,{25009},Commune,2026-03-24 14:41:55.958138+01,gold_establishments_2025,,,,21250009400017,2025,Collectivité Territoriale,Commune,['Doubs'],['Bourgogne-Franche-Comté'],COM,{25},{27}
b6d01e66-ad8b-4bfb-80d0-f43570f0f873,200055622,Commune de Aÿ-Champagne (51),false,{51030},Commune,2026-03-24 14:42:01.412377+01,gold_establishments_2025,,,,20005562200019,2025,Collectivité Territoriale,Commune,['Marne'],['Grand Est'],COM,{51},{44}
8c0faa16-2b4f-4fa9-bc55-6ab982001ece,213400211,Commune de Babeau-Bouldoux (34),false,{34021},Commune,2026-03-24 14:41:58.620411+01,gold_establishments_2025,,,,21340021100016,2025,Collectivité Territoriale,Commune,['Hérault'],['Occitanie'],COM,{34},{76}
97a734f7-af9f-4734-9aef-225362344d66,217700152,Commune de Baby (77),false,{77015},Commune,2026-03-24 14:42:08.818969+01,gold_establishments_2025,,,,21770015200010,2025,Collectivité Territoriale,Commune,['Seine-et-Marne'],['Île-de-France'],COM,{77},{11}
bee9135d-4cba-49b1-9a62-14997cb0799e,216000364,Commune de Babœuf (60),false,{60037},Commune,2026-03-24 14:42:04.814328+01,gold_establishments_2025,,,,21600036400010,2025,Collectivité Territoriale,Commune,['Oise'],['Hauts-de-France'],COM,{60},{32}
988c655d-7583-4682-bf5d-10c7cfbbb8ef,215400391,Commune de Baccarat (54),false,{54039},Commune,2026-03-24 14:42:02.957225+01,gold_establishments_2025,,,,21540039100011,2025,Collectivité Territoriale,Commune,['Meurthe-et-Moselle'],['Grand Est'],COM,{54},{44}
8d170763-7abf-4798-85e5-608875cc78c0,214500191,Commune de Baccon (45),false,{45019},Commune,2026-03-24 14:42:00.862623+01,gold_establishments_2025,,,,21450019100017,2025,Collectivité Territoriale,Commune,['Loiret'],['Centre-Val de Loire'],COM,{45},{24}
84a2f199-b364-4029-97bc-def85525d899,214600132,Commune de Bach (46),false,{46013},Commune,2026-03-24 14:42:00.862623+01,gold_establishments_2025,,,,21460013200010,2025,Collectivité Territoriale,Commune,['Lot'],['Occitanie'],COM,{46},{76}
a7d72465-1af0-4286-b4f1-366a344d4966,215900416,Commune de Bachant (59),false,{59041},Commune,2026-03-24 14:42:04.280096+01,gold_establishments_2025,,,,21590041600011,2025,Collectivité Territoriale,Commune,['Nord'],['Hauts-de-France'],COM,{59},{32}
09c1e7a9-a8aa-4b1a-8843-31f0ff3c159e,213100399,Commune de Bachas (31),false,{31039},Commune,2026-03-24 14:41:57.56054+01,gold_establishments_2025,,,,21310039900012,2025,Collectivité Territoriale,Commune,['Haute-Garonne'],['Occitanie'],COM,{31},{76}
52f4efac-988e-4e84-ae79-fbb0b0bb08bb,213100407,Commune de Bachos (31),false,{31040},Commune,2026-03-24 14:41:57.56054+01,gold_establishments_2025,,,,21310040700013,2025,Collectivité Territoriale,Commune,['Haute-Garonne'],['Occitanie'],COM,{31},{76}
bd1f400e-f9b6-4935-b2dd-20df5da01c7e,215900424,Commune de Bachy (59),false,{59042},Commune,2026-03-24 14:42:04.280096+01,gold_establishments_2025,,,,21590042400049,2025,Collectivité Territoriale,Commune,['Nord'],['Hauts-de-France'],COM,{59},{32}
4eec4880-4522-4053-b8eb-323420df3e65,215000274,Commune de Bacilly (50),false,{50027},Commune,2026-03-24 14:42:01.412377+01,gold_establishments_2025,,,,21500027400013,2025,Collectivité Territoriale,Commune,['Manche'],['Normandie'],COM,{50},{28}
b3252df4-fb4e-4318-8477-56aa2d36e90f,215100272,Commune de Baconnes (51),false,{51031},Commune,2026-03-24 14:42:01.412377+01,gold_establishments_2025,,,,21510027200016,2025,Collectivité Territoriale,Commune,['Marne'],['Grand Est'],COM,{51},{44}
ae09f267-563f-447e-915a-bdc940447a12,218000487,Commune de Bacouel-sur-Selle (80),false,{80050},Commune,2026-03-24 14:42:09.43682+01,gold_establishments_2025,,,,21800048700015,2025,Collectivité Territoriale,Commune,['Somme'],['Hauts-de-France'],COM,{80},{32}
a44b67a4-7211-4e5a-92e7-2350767fc258,215700451,Commune de Bacourt (57),false,{57045},Commune,2026-03-24 14:42:03.701372+01,gold_establishments_2025,,,,21570045100010,2025,Collectivité Territoriale,Commune,['Moselle'],['Grand Est'],COM,{57},{44}
066372a4-1d85-43bf-99d6-c9b607b80095,216000380,Commune de Bacouël (60),false,{60039},Commune,2026-03-24 14:42:04.814328+01,gold_establishments_2025,,,,21600038000016,2025,Collectivité Territoriale,Commune,['Oise'],['Hauts-de-France'],COM,{60},{32}
56304ec1-6f7a-4f8f-825e-09eaa1d259fb,212700330,Commune de Bacquepuis (27),false,{27033},Commune,2026-03-24 14:41:56.495197+01,gold_establishments_2025,,,,21270033000013,2025,Collectivité Territoriale,Commune,['Eure'],['Normandie'],COM,{27},{28}
6b122ce2-f315-437f-98f3-abb288e35d44,212700348,Commune de Bacqueville (27),false,{27034},Commune,2026-03-24 14:41:56.495197+01,gold_establishments_2025,,,,21270034800015,2025,Collectivité Territoriale,Commune,['Eure'],['Normandie'],COM,{27},{28}
2874a67c-282c-4c91-9b21-c4169c28efdc,217600519,Commune de Bacqueville-en-Caux (76),false,{76051},Commune,2026-03-24 14:42:08.818969+01,gold_establishments_2025,,,,21760051900011,2025,Collectivité Territoriale,Commune,['Seine-Maritime'],['Normandie'],COM,{76},{28}
7f67e6ec-b25a-4b0e-a951-90e977e26faa,211500178,Commune de Badailhac (15),false,{15017},Commune,2026-03-24 14:41:54.362296+01,gold_establishments_2025,,,,21150017800010,2025,Collectivité Territoriale,Commune,['Cantal'],['Auvergne-Rhône-Alpes'],COM,{15},{84}
b75fbbb3-65e9-4a70-a9f8-a697b1158709,214800138,Commune de Badaroux (48),false,{48013},Commune,2026-03-24 14:42:01.412377+01,gold_establishments_2025,,,,21480013800015,2025,Collectivité Territoriale,Commune,['Lozère'],['Occitanie'],COM,{48},{76}
858b05d7-fe04-427d-b3b9-684b4ca7f16c,213601586,Commune de Badecon-le-Pin (36),false,{36158},Commune,2026-03-24 14:41:59.160244+01,gold_establishments_2025,,,,21360158600018,2025,Collectivité Territoriale,Commune,['Indre'],['Centre-Val de Loire'],COM,{36},{24}
902bb2d9-6162-458b-a992-f62616b777b6,212400212,Commune de Badefols-d'Ans (24),false,{24021},Commune,2026-03-24 14:41:55.958138+01,gold_establishments_2025,,,,21240021200016,2025,Collectivité Territoriale,Commune,['Dordogne'],['Nouvelle-Aquitaine'],COM,{24},{75}
9e46c0e0-c311-4965-9a80-44f515a73d92,212400220,Commune de Badefols-sur-Dordogne (24),false,{24022},Commune,2026-03-24 14:41:55.958138+01,gold_establishments_2025,,,,21240022000019,2025,Collectivité Territoriale,Commune,['Dordogne'],['Nouvelle-Aquitaine'],COM,{24},{75}
a6f7ebaa-9f58-4ee9-b8c9-6f847e46e017,215600081,Commune de Baden (56),false,{56008},Commune,2026-03-24 14:42:03.701372+01,gold_establishments_2025,,,,21560008100081,2025,Collectivité Territoriale,Commune,['Morbihan'],['Bretagne'],COM,{56},{53}
457f06b6-57ef-4fac-92f6-a55226f02fd7,211100235,Commune de Badens (11),false,{11023},Commune,2026-03-24 14:41:53.63825+01,gold_establishments_2025,,,,21110023500012,2025,Collectivité Territoriale,Commune,['Aude'],['Occitanie'],COM,{11},{76}
069a0682-2435-411e-8793-e7a1ae752f69,212500409,Commune de Badevel (25),false,{25040},Commune,2026-03-24 14:41:55.958138+01,gold_establishments_2025,,,,21250040900017,2025,Collectivité Territoriale,Commune,['Doubs'],['Bourgogne-Franche-Comté'],COM,{25},{27}
905fb3f5-f16e-4491-9760-942eb96fe786,218800274,Commune de Badménil-aux-Bois (88),false,{88027},Commune,2026-03-24 14:42:11.118516+01,gold_establishments_2025,,,,21880027400019,2025,Collectivité Territoriale,Commune,['Vosges'],['Grand Est'],COM,{88},{44}
391ef685-762e-4da3-b7cb-6471ff346665,215400409,Commune de Badonviller (54),false,{54040},Commune,2026-03-24 14:42:02.957225+01,gold_establishments_2025,,,,21540040900011,2025,Collectivité Territoriale,Commune,['Meurthe-et-Moselle'],['Grand Est'],COM,{54},{44}
a8ec130e-7a4e-43c5-b56f-bcc83967349d,215500265,Commune de Badonvilliers-Gérauvilliers (55),false,{55026},Commune,2026-03-24 14:42:02.957225+01,gold_establishments_2025,,,,21550026500016,2025,Collectivité Territoriale,Commune,['Meuse'],['Grand Est'],COM,{55},{44}
1082ed90-1bf3-495c-8c39-01228411b231,216700179,Commune de Baerendorf (67),false,{67017},Commune,2026-03-24 14:42:06.665412+01,gold_establishments_2025,,,,21670017900015,2025,Collectivité Territoriale,Commune,['Bas-Rhin'],['Grand Est'],COM,{67},{44}
c5fc1aec-273b-463f-8804-36a3452d8b37,215700469,Commune de Baerenthal (57),false,{57046},Commune,2026-03-24 14:42:03.701372+01,gold_establishments_2025,,,,21570046900012,2025,Collectivité Territoriale,Commune,['Moselle'],['Grand Est'],COM,{57},{44}
fbe24c5b-1176-4374-a860-9f60e2fd377d,216300277,Commune de Baffie (63),false,{63027},Commune,2026-03-24 14:42:06.130387+01,gold_establishments_2025,,,,21630027700011,2025,Collectivité Territoriale,Commune,['Puy-de-Dôme'],['Auvergne-Rhône-Alpes'],COM,{63},{84}
93f95b9d-6ce1-468b-8d45-fe80b7f30598,213000276,Commune de Bagard (30),false,{30027},Commune,2026-03-24 14:41:57.56054+01,gold_establishments_2025,,,,21300027600013,2025,Collectivité Territoriale,Commune,['Gard'],['Occitanie'],COM,{30},{76}
e15fc33f-abfa-4566-ad43-43de933ea037,213300247,Commune de Bagas (33),false,{33024},Commune,2026-03-24 14:41:58.09424+01,gold_establishments_2025,,,,21330024700011,2025,Collectivité Territoriale,Commune,['Gironde'],['Nouvelle-Aquitaine'],COM,{33},{75}
8e6d6c75-40c4-45a3-b42d-39e0eed9e0f5,210900338,Commune de Bagert (09),false,{09033},Commune,2026-03-24 14:41:53.095366+01,gold_establishments_2025,,,,21090033800018,2025,Collectivité Territoriale,Commune,['Ariège'],['Occitanie'],COM,{09},{76}
244b605c-403f-479c-881d-0f4f2049dfc5,211100243,Commune de Bages (11),false,{11024},Commune,2026-03-24 14:41:53.63825+01,gold_establishments_2025,,,,21110024300016,2025,Collectivité Territoriale,Commune,['Aude'],['Occitanie'],COM,{11},{76}
707a92e7-1878-40fc-9a7d-6a1db5af92e4,216600114,Commune de Bages (66),false,{66011},Commune,2026-03-24 14:42:06.665412+01,gold_establishments_2025,,,,21660011400013,2025,Collectivité Territoriale,Commune,['Pyrénées-Orientales'],['Occitanie'],COM,{66},{76}
e84dc5da-91c7-4ac5-a7be-f3aacef03f90,213100415,Commune de Bagiry (31),false,{31041},Commune,2026-03-24 14:41:57.56054+01,gold_establishments_2025,,,,21310041500016,2025,Collectivité Territoriale,Commune,['Haute-Garonne'],['Occitanie'],COM,{31},{76}
64a64c45-af27-4b5b-bf2b-ca694359a754,214600157,Commune de Bagnac-sur-Célé (46),false,{46015},Commune,2026-03-24 14:42:00.862623+01,gold_establishments_2025,,,,21460015700017,2025,Collectivité Territoriale,Commune,['Lot'],['Occitanie'],COM,{46},{76}
05d9728b-1c46-4637-8fe3-8563f2f76662,218900272,Commune de Bagneaux (89),false,{89027},Commune,2026-03-24 14:42:11.118516+01,gold_establishments_2025,,,,21890027200012,2025,Collectivité Territoriale,Commune,['Yonne'],['Bourgogne-Franche-Comté'],COM,{89},{27}
3968cb2f-e78d-4462-bdf6-064d9460173d,217700160,Commune de Bagneaux-sur-Loing (77),false,{77016},Commune,2026-03-24 14:42:08.818969+01,gold_establishments_2025,,,,21770016000013,2025,Collectivité Territoriale,Commune,['Seine-et-Marne'],['Île-de-France'],COM,{77},{11}
4f13c0a9-220e-4922-bde9-076c60f84887,210200432,Commune de Bagneux (02),false,{02043},Commune,2026-03-24 14:41:51.447482+01,gold_establishments_2025,,,,21020043200016,2025,Collectivité Territoriale,Commune,['Aisne'],['Hauts-de-France'],COM,{02},{32}
99ca4fc6-8aaa-470e-b156-556c9b39d86d,210300158,Commune de Bagneux (03),false,{03015},Commune,2026-03-24 14:41:52.020251+01,gold_establishments_2025,,,,21030015800016,2025,Collectivité Territoriale,Commune,['Allier'],['Auvergne-Rhône-Alpes'],COM,{03},{84}
0a7d7708-3bfd-4365-b2be-3c80616695db,213600117,Commune de Bagneux (36),false,{36011},Commune,2026-03-24 14:41:59.160244+01,gold_establishments_2025,,,,21360011700013,2025,Collectivité Territoriale,Commune,['Indre'],['Centre-Val de Loire'],COM,{36},{24}
2c8ef9b4-8c2d-4339-896f-2c3b61cc2018,215100280,Commune de Bagneux (51),false,{51032},Commune,2026-03-24 14:42:01.412377+01,gold_establishments_2025,,,,21510028000019,2025,Collectivité Territoriale,Commune,['Marne'],['Grand Est'],COM,{51},{44}
217bb2f3-6160-43ba-b7c8-74e9c9eef35c,215400417,Commune de Bagneux (54),false,{54041},Commune,2026-03-24 14:42:02.957225+01,gold_establishments_2025,,,,21540041700014,2025,Collectivité Territoriale,Commune,['Meurthe-et-Moselle'],['Grand Est'],COM,{54},{44}
b95067f4-0468-4b59-91b6-39dd795dbb8e,219200078,Commune de Bagneux (92),false,{92007},Commune,2026-03-24 14:42:11.659493+01,gold_establishments_2025,,,,21920007800216,2025,Collectivité Territoriale,Commune,['Hauts-de-Seine'],['Île-de-France'],COM,{92},{11}
56a1df66-ad3b-4bd1-99c1-af4784bb94c7,211000237,Commune de Bagneux-la-Fosse (10),false,{10025},Commune,2026-03-24 14:41:53.095366+01,gold_establishments_2025,,,,21100023700019,2025,Collectivité Territoriale,Commune,['Aube'],['Grand Est'],COM,{10},{44}
be0b660f-603e-4f42-8729-73f203c4ddb2,211700299,Commune de Bagnizeau (17),false,{17029},Commune,2026-03-24 14:41:54.903238+01,gold_establishments_2025,,,,21170029900012,2025,Collectivité Territoriale,Commune,['Charente-Maritime'],['Nouvelle-Aquitaine'],COM,{17},{75}
58ac684b-36a2-47ba-a5ef-2d1b6401e178,211100250,Commune de Bagnoles (11),false,{11025},Commune,2026-03-24 14:41:53.63825+01,gold_establishments_2025,,,,21110025000011,2025,Collectivité Territoriale,Commune,['Aude'],['Occitanie'],COM,{11},{76}
bf528b43-0673-4cc0-b21e-2ae2877668dd,200055812,Commune de Bagnoles de l'Orne Normandie (61),false,{61483},Commune,2026-03-24 14:42:05.597325+01,gold_establishments_2025,,,,20005581200016,2025,Collectivité Territoriale,Commune,['Orne'],['Normandie'],COM,{61},{28}
e1d619b7-39cf-45e4-beda-0939a592147a,219300068,Commune de Bagnolet (93),false,{93006},Commune,2026-03-24 14:42:11.659493+01,gold_establishments_2025,,,,21930006800018,2025,Collectivité Territoriale,Commune,['Seine-Saint-Denis'],['Île-de-France'],COM,{93},{11}
6850b606-4b99-4ca0-8c6b-e87c4ed8e5ca,216300285,Commune de Bagnols (63),false,{63028},Commune,2026-03-24 14:42:06.130387+01,gold_establishments_2025,,,,21630028500014,2025,Collectivité Territoriale,Commune,['Puy-de-Dôme'],['Auvergne-Rhône-Alpes'],COM,{63},{84}
84bd5b76-ca83-4841-a34d-f78a30ae66d7,216900175,Commune de Bagnols (69),false,{69017},Commune,2026-03-24 14:42:07.195692+01,gold_establishments_2025,,,,21690017500011,2025,Collectivité Territoriale,Commune,['Rhône'],['Auvergne-Rhône-Alpes'],COM,{69},{84}
5b92bf13-e89e-4d0a-b63f-0a629aad1842,218300085,Commune de Bagnols-en-Forêt (83),false,{83008},Commune,2026-03-24 14:42:10.508772+01,gold_establishments_2025,,,,21830008500014,2025,Collectivité Territoriale,Commune,['Var'],"[""Provence-Alpes-Côte d'Azur""]",COM,{83},{93}
d314e3a6-795b-407e-8974-4f575026f94d,213000284,Commune de Bagnols-sur-Cèze (30),false,{30028},Commune,2026-03-24 14:41:57.56054+01,gold_establishments_2025,,,,21300028400017,2025,Collectivité Territoriale,Commune,['Gard'],['Occitanie'],COM,{30},{76}
e2f2ab7b-6c31-4c89-90bf-8e7c1173c39d,212100424,Commune de Bagnot (21),false,{21042},Commune,2026-03-24 14:41:55.433389+01,gold_establishments_2025,,,,21210042400010,2025,Collectivité Territoriale,Commune,"[""Côte-d'Or""]",['Bourgogne-Franche-Comté'],COM,{21},{27}
f9172db0-77d9-4e9d-abcf-b6bf5bd4054b,216500595,Commune de Bagnères-de-Bigorre (65),false,{65059},Commune,2026-03-24 14:42:06.665412+01,gold_establishments_2025,,,,21650059500014,2025,Collectivité Territoriale,Commune,['Hautes-Pyrénées'],['Occitanie'],COM,{65},{76}
5bd3b2f2-b5fc-4043-9165-7730e45bf222,213100423,Commune de Bagnères-de-Luchon (31),false,{31042},Commune,2026-03-24 14:41:57.56054+01,gold_establishments_2025,,,,21310042300010,2025,Collectivité Territoriale,Commune,['Haute-Garonne'],['Occitanie'],COM,{31},{76}
9040d72b-1375-48c4-84a5-e549ed77d2fc,213500093,Commune de Baguer-Morvan (35),false,{35009},Commune,2026-03-24 14:41:58.620411+01,gold_establishments_2025,,,,21350009300017,2025,Collectivité Territoriale,Commune,['Ille-et-Vilaine'],['Bretagne'],COM,{35},{53}
111f973e-aabe-4d4f-ba21-d3d6e07f4574,213500101,Commune de Baguer-Pican (35),false,{35010},Commune,2026-03-24 14:41:58.620411+01,gold_establishments_2025,,,,21350010100018,2025,Collectivité Territoriale,Commune,['Ille-et-Vilaine'],['Bretagne'],COM,{35},{53}
de3b5387-dcc5-46f4-b530-2c1496b1d950,216600122,Commune de Baho (66),false,{66012},Commune,2026-03-24 14:42:06.665412+01,gold_establishments_2025,,,,21660012200016,2025,Collectivité Territoriale,Commune,['Pyrénées-Orientales'],['Occitanie'],COM,{66},{76}
bb2b95b4-5a30-4e6a-88cd-1be3d7e49778,214000226,Commune de Bahus-Soubiran (40),false,{40022},Commune,2026-03-24 14:41:59.705606+01,gold_establishments_2025,,,,21400022600016,2025,Collectivité Territoriale,Commune,['Landes'],['Nouvelle-Aquitaine'],COM,{40},{75}
e2069861-ebe9-4335-a822-eb2fc2957388,219711033,Commune de Baie-Mahault (971),false,{97103},Commune,2026-03-24 14:42:11.659493+01,gold_establishments_2025,,,,21971103300015,2025,Collectivité Territoriale,Commune,['Guadeloupe'],['Guadeloupe'],COM,{971},{01}
1f0b6d6b-cbf8-41cf-827c-e5db3605a62b,212800197,Commune de Baigneaux (28),false,{28019},Commune,2026-03-24 14:41:57.028721+01,gold_establishments_2025,,,,21280019700015,2025,Collectivité Territoriale,Commune,['Eure-et-Loir'],['Centre-Val de Loire'],COM,{28},{24}
175f5c42-0ad6-4eab-9592-2fae5b2fb633,213300254,Commune de Baigneaux (33),false,{33025},Commune,2026-03-24 14:41:58.09424+01,gold_establishments_2025,,,,21330025400017,2025,Collectivité Territoriale,Commune,['Gironde'],['Nouvelle-Aquitaine'],COM,{33},{75}
2e2df27e-28b7-4847-ad39-c2f64448815b,217000470,Commune de Baignes (70),false,{70047},Commune,2026-03-24 14:42:07.735343+01,gold_establishments_2025,,,,21700047000013,2025,Collectivité Territoriale,Commune,['Haute-Saône'],['Bourgogne-Franche-Comté'],COM,{70},{27}
b98ed1a1-24af-4c77-80ae-05da2f1a07ef,211600259,Commune de Baignes-Sainte-Radegonde (16),false,{16025},Commune,2026-03-24 14:41:54.362296+01,gold_establishments_2025,,,,21160025900017,2025,Collectivité Territoriale,Commune,['Charente'],['Nouvelle-Aquitaine'],COM,{16},{75}
67b59da6-b02e-4076-926f-d5b89c67b9a7,212100432,Commune de Baigneux-les-Juifs (21),false,{21043},Commune,2026-03-24 14:41:55.433389+01,gold_establishments_2025,,,,21210043200013,2025,Collectivité Territoriale,Commune,"[""Côte-d'Or""]",['Bourgogne-Franche-Comté'],COM,{21},{27}
72a481fb-5fbb-47ec-ac77-2ec978ae643e,214000234,Commune de Baigts (40),false,{40023},Commune,2026-03-24 14:41:59.705606+01,gold_establishments_2025,,,,21400023400010,2025,Collectivité Territoriale,Commune,['Landes'],['Nouvelle-Aquitaine'],COM,{40},{75}
cf4cbed7-746c-45fa-a0d2-1d474dd34962,216400879,Commune de Baigts-de-Béarn (64),false,{64087},Commune,2026-03-24 14:42:06.130387+01,gold_establishments_2025,,,,21640087900013,2025,Collectivité Territoriale,Commune,['Pyrénées-Atlantiques'],['Nouvelle-Aquitaine'],COM,{64},{75}
d3baaa78-8890-4f5c-8091-a0085e0baa1b,213400229,Commune de Baillargues (34),false,{34022},Commune,2026-03-24 14:41:58.620411+01,gold_establishments_2025,,,,21340022900018,2025,Collectivité Territoriale,Commune,['Hérault'],['Occitanie'],COM,{34},{76}
5310d4e5-6540-4e56-8321-1bbebbc95ee0,212800239,Commune de Bailleau-Armenonville (28),false,{28023},Commune,2026-03-24 14:41:57.028721+01,gold_establishments_2025,,,,21280023900015,2025,Collectivité Territoriale,Commune,['Eure-et-Loir'],['Centre-Val de Loire'],COM,{28},{24}
fa32924d-a24f-4a97-a916-d928b363ed74,212800221,Commune de Bailleau-l'Évêque (28),false,{28022},Commune,2026-03-24 14:41:57.028721+01,gold_establishments_2025,,,,21280022100013,2025,Collectivité Territoriale,Commune,['Eure-et-Loir'],['Centre-Val de Loire'],COM,{28},{24}
03e80b6f-8423-4aab-9023-4846cc6fab31,212800213,Commune de Bailleau-le-Pin (28),false,{28021},Commune,2026-03-24 14:41:57.028721+01,gold_establishments_2025,,,,21280021300010,2025,Collectivité Territoriale,Commune,['Eure-et-Loir'],['Centre-Val de Loire'],COM,{28},{24}
53712e3c-3baa-4596-a193-c6333b22a857,216600130,Commune de Baillestavy (66),false,{66013},Commune,2026-03-24 14:42:06.665412+01,gold_establishments_2025,,,,21660013000019,2025,Collectivité Territoriale,Commune,['Pyrénées-Orientales'],['Occitanie'],COM,{66},{76}
8a0baf0e-6d98-410d-91ed-92b9f53b7236,219500428,Commune de Baillet-en-France (95),false,{95042},Commune,2026-03-24 14:42:11.659493+01,gold_establishments_2025,,,,21950042800012,2025,Collectivité Territoriale,Commune,"[""Val-d'Oise""]",['Île-de-France'],COM,{95},{11}
6ef34482-e068-4e71-802b-81000b453bdd,215900432,Commune de Bailleul (59),false,{59043},Commune,2026-03-24 14:42:04.280096+01,gold_establishments_2025,,,,21590043200018,2025,Collectivité Territoriale,Commune,['Nord'],['Hauts-de-France'],COM,{59},{32}
e6590a5c-6bc2-44fe-ae8e-2fce826e197b,216100230,Commune de Bailleul (61),false,{61023},Commune,2026-03-24 14:42:04.814328+01,gold_establishments_2025,,,,21610023000012,2025,Collectivité Territoriale,Commune,['Orne'],['Normandie'],COM,{61},{28}
6e90e808-899d-40d2-8876-14a6a2896156,218000495,Commune de Bailleul (80),false,{80051},Commune,2026-03-24 14:42:09.43682+01,gold_establishments_2025,,,,21800049500018,2025,Collectivité Territoriale,Commune,['Somme'],['Hauts-de-France'],COM,{80},{32}
063d40c8-f96f-459c-8997-ca9f2d56ebd3,217600527,Commune de Bailleul-Neuville (76),false,{76052},Commune,2026-03-24 14:42:08.818969+01,gold_establishments_2025,,,,21760052700014,2025,Collectivité Territoriale,Commune,['Seine-Maritime'],['Normandie'],COM,{76},{28}
bfda73f1-4c4d-4e07-a801-05f3bd41fd16,216200733,Commune de Bailleul-Sir-Berthoult (62),false,{62073},Commune,2026-03-24 14:42:05.597325+01,gold_establishments_2025,,,,21620073300014,2025,Collectivité Territoriale,Commune,['Pas-de-Calais'],['Hauts-de-France'],COM,{62},{32}
a6773c63-2dd0-49f1-94f9-911867629ff2,216200709,Commune de Bailleul-aux-Cornailles (62),false,{62070},Commune,2026-03-24 14:42:05.597325+01,gold_establishments_2025,,,,21620070900014,2025,Collectivité Territoriale,Commune,['Pas-de-Calais'],['Hauts-de-France'],COM,{62},{32}
4e1410c3-8a35-41dd-ac95-236830996db6,212700355,Commune de Bailleul-la-Vallée (27),false,{27035},Commune,2026-03-24 14:41:56.495197+01,gold_establishments_2025,,,,21270035500010,2025,Collectivité Territoriale,Commune,['Eure'],['Normandie'],COM,{27},{28}
c34f9634-7c29-4ebe-9087-21ed29870c4f,216000398,Commune de Bailleul-le-Soc (60),false,{60040},Commune,2026-03-24 14:42:04.814328+01,gold_establishments_2025,,,,21600039800018,2025,Collectivité Territoriale,Commune,['Oise'],['Hauts-de-France'],COM,{60},{32}
d67c206e-3d12-41a3-ae36-9b68f3c717ad,216200717,Commune de Bailleul-lès-Pernes (62),false,{62071},Commune,2026-03-24 14:42:05.597325+01,gold_establishments_2025,,,,21620071700017,2025,Collectivité Territoriale,Commune,['Pas-de-Calais'],['Hauts-de-France'],COM,{62},{32}
5cb4b6e8-18c7-463c-92d0-47197306cf6c,216000406,Commune de Bailleul-sur-Thérain (60),false,{60041},Commune,2026-03-24 14:42:04.814328+01,gold_establishments_2025,,,,21600040600019,2025,Collectivité Territoriale,Commune,['Oise'],['Hauts-de-France'],COM,{60},{32}
56ffae77-1f6e-4e15-b860-9ca6d49f1631,216200725,Commune de Bailleulmont (62),false,{62072},Commune,2026-03-24 14:42:05.597325+01,gold_establishments_2025,,,,21620072500010,2025,Collectivité Territoriale,Commune,['Pas-de-Calais'],['Hauts-de-France'],COM,{62},{32}
61f1de45-e85b-4df3-b193-512f87d0cbce,216200741,Commune de Bailleulval (62),false,{62074},Commune,2026-03-24 14:42:05.597325+01,gold_establishments_2025,,,,21620074100017,2025,Collectivité Territoriale,Commune,['Pas-de-Calais'],['Hauts-de-France'],COM,{62},{32}
540965c1-859c-497e-adce-e74a2e3d4ac3,216000414,Commune de Bailleval (60),false,{60042},Commune,2026-03-24 14:42:04.814328+01,gold_establishments_2025,,,,21600041400013,2025,Collectivité Territoriale,Commune,['Oise'],['Hauts-de-France'],COM,{60},{32}
696f700e-9353-482b-9f3e-e2385f532fa5,219711041,Commune de Baillif (971),false,{97104},Commune,2026-03-24 14:42:11.659493+01,gold_establishments_2025,,,,21971104100018,2025,Collectivité Territoriale,Commune,['Guadeloupe'],['Guadeloupe'],COM,{971},{01}
24ecddd6-6183-4a64-ad38-b92d9b699fff,217600535,Commune de Baillolet (76),false,{76053},Commune,2026-03-24 14:42:08.818969+01,gold_establishments_2025,,,,21760053500017,2025,Collectivité Territoriale,Commune,['Seine-Maritime'],['Normandie'],COM,{76},{28}
042cd266-e787-4055-b5a4-814eb3ed15c6,214100125,Commune de Baillou (41),false,{41012},Commune,2026-03-24 14:41:59.705606+01,gold_establishments_2025,,,,21410012500019,2025,Collectivité Territoriale,Commune,['Loir-et-Cher'],['Centre-Val de Loire'],COM,{41},{24}
caf29bc4-afcf-4334-aad8-f99b8071a2c3,216000422,Commune de Bailly (60),false,{60043},Commune,2026-03-24 14:42:04.814328+01,gold_establishments_2025,,,,21600042200016,2025,Collectivité Territoriale,Commune,['Oise'],['Hauts-de-France'],COM,{60},{32}
79eaba03-15a5-46ea-9eb8-99f8091954a4,217800432,Commune de Bailly (78),false,{78043},Commune,2026-03-24 14:42:09.43682+01,gold_establishments_2025,,,,21780043200015,2025,Collectivité Territoriale,Commune,['Yvelines'],['Île-de-France'],COM,{78},{11}
ddc49b27-2fdf-4613-92a5-7de8ad0ad3fb,217700186,Commune de Bailly-Romainvilliers (77),false,{77018},Commune,2026-03-24 14:42:08.818969+01,gold_establishments_2025,,,,21770018600018,2025,Collectivité Territoriale,Commune,['Seine-et-Marne'],['Île-de-France'],COM,{77},{11}
ac5954eb-1ebe-42cd-8c63-cb6373072609,215200239,Commune de Bailly-aux-Forges (52),false,{52034},Commune,2026-03-24 14:42:01.954481+01,gold_establishments_2025,,,,21520023900014,2025,Collectivité Territoriale,Commune,['Haute-Marne'],['Grand Est'],COM,{52},{44}
2141dbab-d2f6-4e2c-94fc-9cbf50a4bd25,217600543,Commune de Bailly-en-Rivière (76),false,{76054},Commune,2026-03-24 14:42:08.818969+01,gold_establishments_2025,,,,21760054300052,2025,Collectivité Territoriale,Commune,['Seine-Maritime'],['Normandie'],COM,{76},{28}
7badd162-28f3-4dd4-8599-9df787963079,211000245,Commune de Bailly-le-Franc (10),false,{10026},Commune,2026-03-24 14:41:53.095366+01,gold_establishments_2025,,,,21100024500012,2025,Collectivité Territoriale,Commune,['Aube'],['Grand Est'],COM,{10},{44}
24077e90-e6b6-46ab-968d-a96b2432ba8a,213500127,Commune de Bain-de-Bretagne (35),false,{35012},Commune,2026-03-24 14:41:58.620411+01,gold_establishments_2025,,,,21350012700013,2025,Collectivité Territoriale,Commune,['Ille-et-Vilaine'],['Bretagne'],COM,{35},{53}
94bfc378-01f3-4683-adbd-b80635dfbb00,216200758,Commune de Baincthun (62),false,{62075},Commune,2026-03-24 14:42:05.597325+01,gold_establishments_2025,,,,21620075800011,2025,Collectivité Territoriale,Commune,['Pas-de-Calais'],['Hauts-de-France'],COM,{62},{32}
5afb0236-bc2a-41a3-bb28-4a4b243be7a3,216200766,Commune de Bainghen (62),false,{62076},Commune,2026-03-24 14:42:05.597325+01,gold_establishments_2025,,,,21620076600014,2025,Collectivité Territoriale,Commune,['Pas-de-Calais'],['Hauts-de-France'],COM,{62},{32}
8ac2c232-949f-4be7-8583-df0504365a88,214300188,Commune de Bains (43),false,{43018},Commune,2026-03-24 14:42:00.273698+01,gold_establishments_2025,,,,21430018800015,2025,Collectivité Territoriale,Commune,['Haute-Loire'],['Auvergne-Rhône-Alpes'],COM,{43},{84}
d75fd019-9752-4643-a7c1-895a1cfa3036,213500135,Commune de Bains-sur-Oust (35),false,{35013},Commune,2026-03-24 14:41:58.620411+01,gold_establishments_2025,,,,21350013500016,2025,Collectivité Territoriale,Commune,['Ille-et-Vilaine'],['Bretagne'],COM,{35},{53}
7957739f-87e5-4559-830f-1a84a902b285,215400425,Commune de Bainville-aux-Miroirs (54),false,{54042},Commune,2026-03-24 14:42:02.957225+01,gold_establishments_2025,,,,21540042500017,2025,Collectivité Territoriale,Commune,['Meurthe-et-Moselle'],['Grand Est'],COM,{54},{44}
d8053d06-3793-4bc2-9341-3ef0a22fd09d,218800308,Commune de Bainville-aux-Saules (88),false,{88030},Commune,2026-03-24 14:42:11.118516+01,gold_establishments_2025,,,,21880030800015,2025,Collectivité Territoriale,Commune,['Vosges'],['Grand Est'],COM,{88},{44}
e3523d50-5ab9-4b90-871a-704338c78dac,215400433,Commune de Bainville-sur-Madon (54),false,{54043},Commune,2026-03-24 14:42:02.957225+01,gold_establishments_2025,,,,21540043300011,2025,Collectivité Territoriale,Commune,['Meurthe-et-Moselle'],['Grand Est'],COM,{54},{44}
9fe12640-ea35-47c3-af06-d4cba0166c64,210600094,Commune de Bairols (06),false,{06009},Commune,2026-03-24 14:41:52.562531+01,gold_establishments_2025,,,,21060009400010,2025,Collectivité Territoriale,Commune,['Alpes-Maritimes'],"[""Provence-Alpes-Côte d'Azur""]",COM,{06},{93}
70d790c7-d554-4cec-bc55-7d089215925a,200056745,Commune de Bairon et ses environs (08),false,{08116},Commune,2026-03-24 14:41:52.562531+01,gold_establishments_2025,,,,20005674500017,2025,Collectivité Territoriale,Commune,['Ardennes'],['Grand Est'],COM,{08},{44}
0a40bdd0-386e-4f81-a4b2-4227fde864d1,213500143,Commune de Bais (35),false,{35014},Commune,2026-03-24 14:41:58.620411+01,gold_establishments_2025,,,,21350014300010,2025,Collectivité Territoriale,Commune,['Ille-et-Vilaine'],['Bretagne'],COM,{35},{53}
df3eb7be-8709-4eed-846a-8eebbbad252e,215300161,Commune de Bais (53),false,{53016},Commune,2026-03-24 14:42:01.954481+01,gold_establishments_2025,,,,21530016100019,2025,Collectivité Territoriale,Commune,['Mayenne'],['Pays de la Loire'],COM,{53},{52}
026350ab-71e5-4f8d-b59e-e53621eef3c8,215900440,Commune de Baisieux (59),false,{59044},Commune,2026-03-24 14:42:04.280096+01,gold_establishments_2025,,,,21590044000011,2025,Collectivité Territoriale,Commune,['Nord'],['Hauts-de-France'],COM,{59},{32}
2bfcf0d4-dd7a-4567-b99a-8fd46df76996,215200247,Commune de Baissey (52),false,{52035},Commune,2026-03-24 14:42:01.954481+01,gold_establishments_2025,,,,21520024700017,2025,Collectivité Territoriale,Commune,['Haute-Marne'],['Grand Est'],COM,{52},{44}
27f95524-1228-4cd8-a229-3f5a4a9ee9b1,215900457,Commune de Baives (59),false,{59045},Commune,2026-03-24 14:42:04.280096+01,gold_establishments_2025,,,,21590045700015,2025,Collectivité Territoriale,Commune,['Nord'],['Hauts-de-France'],COM,{59},{32}
468d23c4-6263-4a6c-8d02-3aa4985ad1de,210700225,Commune de Baix (07),false,{07022},Commune,2026-03-24 14:41:52.562531+01,gold_establishments_2025,,,,21070022500019,2025,Collectivité Territoriale,Commune,['Ardèche'],['Auvergne-Rhône-Alpes'],COM,{07},{84}
1a7b40ac-c71c-4238-b399-1bf0c6ef51c8,216600148,Commune de Baixas (66),false,{66014},Commune,2026-03-24 14:42:06.665412+01,gold_establishments_2025,,,,21660014800078,2025,Collectivité Territoriale,Commune,['Pyrénées-Orientales'],['Occitanie'],COM,{66},{76}
560be52e-6c39-40c0-994b-c9733544163f,218000503,Commune de Baizieux (80),false,{80052},Commune,2026-03-24 14:42:09.43682+01,gold_establishments_2025,,,,21800050300019,2025,Collectivité Territoriale,Commune,['Somme'],['Hauts-de-France'],COM,{80},{32}
fc3420fd-9b86-4b36-8bca-c2af3c4a15bf,214703308,Commune de Bajamont (47),false,{47019},Commune,2026-03-24 14:42:00.862623+01,gold_establishments_2025,,,,21470330800012,2025,Collectivité Territoriale,Commune,['Lot-et-Garonne'],['Nouvelle-Aquitaine'],COM,{47},{75}
e00cfe16-eb47-4924-86dc-27cdbc8c52e0,213200264,Commune de Bajonnette (32),false,{32026},Commune,2026-03-24 14:41:58.09424+01,gold_establishments_2025,,,,21320026400017,2025,Collectivité Territoriale,Commune,['Gers'],['Occitanie'],COM,{32},{76}
f1782bb2-7dfe-46f5-96c1-c87cff9c30f5,216200774,Commune de Bajus (62),false,{62077},Commune,2026-03-24 14:42:05.597325+01,gold_establishments_2025,,,,21620077400018,2025,Collectivité Territoriale,Commune,['Pas-de-Calais'],['Hauts-de-France'],COM,{62},{32}
a8c30df4-5f7c-4537-ae01-cf19b9d931ef,210900346,Commune de Balacet (09),false,{09034},Commune,2026-03-24 14:41:53.095366+01,gold_establishments_2025,,,,21090034600011,2025,Collectivité Territoriale,Commune,['Ariège'],['Occitanie'],COM,{09},{76}
13688f60-07ee-4286-a6bf-6aedbb2988b0,214600165,Commune de Baladou (46),false,{46016},Commune,2026-03-24 14:42:00.862623+01,gold_establishments_2025,,,,21460016500010,2025,Collectivité Territoriale,Commune,['Lot'],['Occitanie'],COM,{46},{76}
cdb9b0ab-a4b6-4e59-9298-c7847a09bfad,216000430,Commune de Balagny-sur-Thérain (60),false,{60044},Commune,2026-03-24 14:42:04.814328+01,gold_establishments_2025,,,,21600043000019,2025,Collectivité Territoriale,Commune,['Oise'],['Hauts-de-France'],COM,{60},{32}
340b50da-c1ee-446a-9b93-208282ea402b,211200183,Commune de Balaguier-d'Olt (12),false,{12018},Commune,2026-03-24 14:41:53.63825+01,gold_establishments_2025,,,,21120018300013,2025,Collectivité Territoriale,Commune,['Aveyron'],['Occitanie'],COM,{12},{76}
dc8cd515-3e42-4eaa-bf27-2f0d789961cd,211200191,Commune de Balaguier-sur-Rance (12),false,{12019},Commune,2026-03-24 14:41:53.63825+01,gold_establishments_2025,,,,21120019100016,2025,Collectivité Territoriale,Commune,['Aveyron'],['Occitanie'],COM,{12},{76}
d6557734-cd32-48cd-913c-c2e35ee5dd0b,210900353,Commune de Balaguères (09),false,{09035},Commune,2026-03-24 14:41:53.095366+01,gold_establishments_2025,,,,21090035300017,2025,Collectivité Territoriale,Commune,['Ariège'],['Occitanie'],COM,{09},{76}
b1c5a4ba-e37c-43fe-add2-3e0c80dd5d30,213900343,Commune de Balaiseaux (39),false,{39034},Commune,2026-03-24 14:41:59.705606+01,gold_establishments_2025,,,,21390034300012,2025,Collectivité Territoriale,Commune,['Jura'],['Bourgogne-Franche-Comté'],COM,{39},{27}
1a7d24c9-b1e2-4f36-a344-929907a0da08,210100277,Commune de Balan (01),false,{01027},Commune,2026-03-24 14:41:51.447482+01,gold_establishments_2025,,,,21010027700016,2025,Collectivité Territoriale,Commune,['Ain'],['Auvergne-Rhône-Alpes'],COM,{01},{84}
7c1a5811-73e2-4755-b0d9-378d39f85296,210800413,Commune de Balan (08),false,{08043},Commune,2026-03-24 14:41:52.562531+01,gold_establishments_2025,,,,21080041300010,2025,Collectivité Territoriale,Commune,['Ardennes'],['Grand Est'],COM,{08},{44}
3c06aa9b-06b0-4e14-b009-75ac749b87a3,213900350,Commune de Balanod (39),false,{39035},Commune,2026-03-24 14:41:59.705606+01,gold_establishments_2025,,,,21390035000017,2025,Collectivité Territoriale,Commune,['Jura'],['Bourgogne-Franche-Comté'],COM,{39},{27}
4a0142e3-b1f7-4310-8584-2040e9549732,216400887,Commune de Balansun (64),false,{64088},Commune,2026-03-24 14:42:06.130387+01,gold_establishments_2025,,,,21640088700016,2025,Collectivité Territoriale,Commune,['Pyrénées-Atlantiques'],['Nouvelle-Aquitaine'],COM,{64},{75}
e10078ca-7fc7-4ac8-9b25-9059760c6f12,211700307,Commune de Balanzac (17),false,{17030},Commune,2026-03-24 14:41:54.903238+01,gold_establishments_2025,,,,21170030700013,2025,Collectivité Territoriale,Commune,['Charente-Maritime'],['Nouvelle-Aquitaine'],COM,{17},{75}
8ba0c174-c4b8-4f08-80ed-b8343e206d32,213400245,Commune de Balaruc-le-Vieux (34),false,{34024},Commune,2026-03-24 14:41:58.620411+01,gold_establishments_2025,,,,21340024500014,2025,Collectivité Territoriale,Commune,['Hérault'],['Occitanie'],COM,{34},{76}
fe8fa4e8-cb2e-46b0-a4f0-a6c0309a7bb1,213400237,Commune de Balaruc-les-Bains (34),false,{34023},Commune,2026-03-24 14:41:58.620411+01,gold_establishments_2025,,,,21340023700177,2025,Collectivité Territoriale,Commune,['Hérault'],['Occitanie'],COM,{34},{76}
298c4ea4-aa32-491b-bf02-7cb308963967,210700233,Commune de Balazuc (07),false,{07023},Commune,2026-03-24 14:41:52.562531+01,gold_establishments_2025,,,,21070023300013,2025,Collectivité Territoriale,Commune,['Ardèche'],['Auvergne-Rhône-Alpes'],COM,{07},{84}
2dffb2b6-c8ee-48ff-8200-bfc901604979,213500150,Commune de Balazé (35),false,{35015},Commune,2026-03-24 14:41:58.620411+01,gold_establishments_2025,,,,21350015000015,2025,Collectivité Territoriale,Commune,['Ille-et-Vilaine'],['Bretagne'],COM,{35},{53}
4a106670-ea5c-4692-b562-fbd92f93a892,214200115,Commune de Balbigny (42),false,{42011},Commune,2026-03-24 14:42:00.273698+01,gold_establishments_2025,,,,21420011500019,2025,Collectivité Territoriale,Commune,['Loire'],['Auvergne-Rhône-Alpes'],COM,{42},{84}
fd2fd1d7-cff5-4766-998e-9c7fc96082bc,216700187,Commune de Balbronn (67),false,{67018},Commune,2026-03-24 14:42:06.665412+01,gold_establishments_2025,,,,21670018700018,2025,Collectivité Territoriale,Commune,['Bas-Rhin'],['Grand Est'],COM,{67},{44}
340d58e0-d9c4-4bd8-8925-498a4c7cb520,216700195,Commune de Baldenheim (67),false,{67019},Commune,2026-03-24 14:42:06.665412+01,gold_establishments_2025,,,,21670019500011,2025,Collectivité Territoriale,Commune,['Bas-Rhin'],['Grand Est'],COM,{67},{44}
e9adcd9e-f5aa-4333-a969-769f2d72c9fd,216800151,Commune de Baldersheim (68),false,{68015},Commune,2026-03-24 14:42:07.195692+01,gold_establishments_2025,,,,21680015100013,2025,Collectivité Territoriale,Commune,['Haut-Rhin'],['Grand Est'],COM,{68},{44}
a4e976b1-6e62-4ed5-80b5-bb4a291a2e30,216400895,Commune de Baleix (64),false,{64089},Commune,2026-03-24 14:42:06.130387+01,gold_establishments_2025,,,,21640089500019,2025,Collectivité Territoriale,Commune,['Pyrénées-Atlantiques'],['Nouvelle-Aquitaine'],COM,{64},{75}
c2ff9834-ee96-4be3-b1ad-a546d68fef5a,213100431,Commune de Balesta (31),false,{31043},Commune,2026-03-24 14:41:57.56054+01,gold_establishments_2025,,,,21310043100013,2025,Collectivité Territoriale,Commune,['Haute-Garonne'],['Occitanie'],COM,{31},{76}
6b89e7bf-ca87-479c-a337-3a27ea9c3f0b,214700205,Commune de Baleyssagues (47),false,{47020},Commune,2026-03-24 14:42:00.862623+01,gold_establishments_2025,,,,21470020500013,2025,Collectivité Territoriale,Commune,['Lot-et-Garonne'],['Nouvelle-Aquitaine'],COM,{47},{75}
50ab2396-67f2-4057-9ca7-4d3593035c46,216800169,Commune de Balgau (68),false,{68016},Commune,2026-03-24 14:42:07.195692+01,gold_establishments_2025,,,,21680016900015,2025,Collectivité Territoriale,Commune,['Haut-Rhin'],['Grand Est'],COM,{68},{44}
c763e22e-b4ee-4fd6-9498-f2acd68db0f3,210800421,Commune de Balham (08),false,{08044},Commune,2026-03-24 14:41:52.562531+01,gold_establishments_2025,,,,21080042100013,2025,Collectivité Territoriale,Commune,['Ardennes'],['Grand Est'],COM,{08},{44}
473578d0-01a7-4346-8949-5fd1cd6e582a,218200095,Commune de Balignac (82),false,{82009},Commune,2026-03-24 14:42:10.508772+01,gold_establishments_2025,,,,21820009500014,2025,Collectivité Territoriale,Commune,['Tarn-et-Garonne'],['Occitanie'],COM,{82},{76}
1e05daad-cfda-47d7-a46e-845cf8aca612,211000252,Commune de Balignicourt (10),false,{10027},Commune,2026-03-24 14:41:53.095366+01,gold_establishments_2025,,,,21100025200018,2025,Collectivité Territoriale,Commune,['Aube'],['Grand Est'],COM,{10},{44}
69cde499-6cf1-484a-84b4-606e7e4856b6,216200782,Commune de Balinghem (62),false,{62078},Commune,2026-03-24 14:42:05.597325+01,gold_establishments_2025,,,,21620078200011,2025,Collectivité Territoriale,Commune,['Pas-de-Calais'],['Hauts-de-France'],COM,{62},{32}
8bff04e6-edae-410b-86d2-1605a6dfc3a8,216400903,Commune de Baliracq-Maumusson (64),false,{64090},Commune,2026-03-24 14:42:06.130387+01,gold_establishments_2025,,,,21640090300011,2025,Collectivité Territoriale,Commune,['Pyrénées-Atlantiques'],['Nouvelle-Aquitaine'],COM,{64},{75}
8fed53e6-c0d6-4613-b077-0487295355a1,216400911,Commune de Baliros (64),false,{64091},Commune,2026-03-24 14:42:06.130387+01,gold_establishments_2025,,,,21640091100014,2025,Collectivité Territoriale,Commune,['Pyrénées-Atlantiques'],['Nouvelle-Aquitaine'],COM,{64},{75}
96e389de-a94e-4c65-b2c1-3299d18f8437,213300262,Commune de Balizac (33),false,{33026},Commune,2026-03-24 14:41:58.09424+01,gold_establishments_2025,,,,21330026200010,2025,Collectivité Territoriale,Commune,['Gironde'],['Nouvelle-Aquitaine'],COM,{33},{75}
af26f749-0c17-464b-bd37-e437b950ac7e,219100443,Commune de Ballainvilliers (91),false,{91044},Commune,2026-03-24 14:42:11.659493+01,gold_establishments_2025,,,,21910044300064,2025,Collectivité Territoriale,Commune,['Essonne'],['Île-de-France'],COM,{91},{11}
d2cd4496-99fc-4a7f-bf74-37baf5a12311,217400258,Commune de Ballaison (74),false,{74025},Commune,2026-03-24 14:42:08.279287+01,gold_establishments_2025,,,,21740025800018,2025,Collectivité Territoriale,Commune,['Haute-Savoie'],['Auvergne-Rhône-Alpes'],COM,{74},{84}
caf62fc6-79d1-4aa2-a963-e127e763cdbd,213700180,Commune de Ballan-Miré (37),false,{37018},Commune,2026-03-24 14:41:59.160244+01,gold_establishments_2025,,,,21370018000010,2025,Collectivité Territoriale,Commune,['Indre-et-Loire'],['Centre-Val de Loire'],COM,{37},{24}
eea79ae4-a07b-4e75-b21c-8cd8946657e2,219100450,Commune de Ballancourt-sur-Essonne (91),false,{91045},Commune,2026-03-24 14:42:11.659493+01,gold_establishments_2025,,,,21910045000010,2025,Collectivité Territoriale,Commune,['Essonne'],['Île-de-France'],COM,{91},{11}
6c64ded8-45e1-4602-b1a5-e9c686cf3756,211700315,Commune de Ballans (17),false,{17031},Commune,2026-03-24 14:41:54.903238+01,gold_establishments_2025,,,,21170031500016,2025,Collectivité Territoriale,Commune,['Charente-Maritime'],['Nouvelle-Aquitaine'],COM,{17},{75}
326c2d66-719d-4952-9a52-8f17836182c0,210800439,Commune de Ballay (08),false,{08045},Commune,2026-03-24 14:41:52.562531+01,gold_establishments_2025,,,,21080043900015,2025,Collectivité Territoriale,Commune,['Ardennes'],['Grand Est'],COM,{08},{44}
ea734e79-a99c-4664-bff5-50c92936abe7,218700706,Commune de Balledent (87),false,{87007},Commune,2026-03-24 14:42:11.118516+01,gold_establishments_2025,,,,21870070600011,2025,Collectivité Territoriale,Commune,['Haute-Vienne'],['Nouvelle-Aquitaine'],COM,{87},{75}
8b23bbe4-17f7-4c9e-be6d-4cf0703485ad,200060432,Commune de Balleroy-sur-Drôme (14),false,{14035},Commune,2026-03-24 14:41:53.63825+01,gold_establishments_2025,,,,20006043200016,2025,Collectivité Territoriale,Commune,['Calvados'],['Normandie'],COM,{14},{28}
f2e6ed5c-da0b-4f85-a7fb-aae5604263fe,216800177,Commune de Ballersdorf (68),false,{68017},Commune,2026-03-24 14:42:07.195692+01,gold_establishments_2025,,,,21680017700075,2025,Collectivité Territoriale,Commune,['Haut-Rhin'],['Grand Est'],COM,{68},{44}
32ffc96d-58dc-4576-998f-62285d5a5048,211700323,Commune de Ballon (17),false,{17032},Commune,2026-03-24 14:41:54.903238+01,gold_establishments_2025,,,,21170032300010,2025,Collectivité Territoriale,Commune,['Charente-Maritime'],['Nouvelle-Aquitaine'],COM,{17},{75}
03078828-6b24-4a77-b87b-afa1ab24066b,200053254,Commune de Ballon-Saint Mars (72),false,{72023},Commune,2026-03-24 14:42:08.279287+01,gold_establishments_2025,,,,20005325400013,2025,Collectivité Territoriale,Commune,['Sarthe'],['Pays de la Loire'],COM,{72},{52}
bb612407-242f-4c10-8f33-34ee415d1e10,212600225,Commune de Ballons (26),false,{26022},Commune,2026-03-24 14:41:56.495197+01,gold_establishments_2025,,,,21260022500016,2025,Collectivité Territoriale,Commune,['Drôme'],['Auvergne-Rhône-Alpes'],COM,{26},{84}
2b75b48f-7c9c-4b7b-a5c2-283b384b322f,217100171,Commune de Ballore (71),false,{71017},Commune,2026-03-24 14:42:07.735343+01,gold_establishments_2025,,,,21710017100016,2025,Collectivité Territoriale,Commune,['Saône-et-Loire'],['Bourgogne-Franche-Comté'],COM,{71},{27}
a3a442d0-f0c0-4abb-bef5-4cf9e1b9a438,215300187,Commune de Ballots (53),false,{53018},Commune,2026-03-24 14:42:01.954481+01,gold_establishments_2025,,,,21530018700014,2025,Collectivité Territoriale,Commune,['Mayenne'],['Pays de la Loire'],COM,{53},{52}
07bcd785-c3c0-4e21-90e1-c1e887784e30,217700194,Commune de Balloy (77),false,{77019},Commune,2026-03-24 14:42:08.818969+01,gold_establishments_2025,,,,21770019400012,2025,Collectivité Territoriale,Commune,['Seine-et-Marne'],['Île-de-France'],COM,{77},{11}
20d54d5b-24b1-4abf-b815-9e7208acaa1c,218800316,Commune de Balléville (88),false,{88031},Commune,2026-03-24 14:42:11.118516+01,gold_establishments_2025,,,,21880031600018,2025,Collectivité Territoriale,Commune,['Vosges'],['Grand Est'],COM,{88},{44}
b5dc1723-7061-4acc-9e2b-ebe8b4c022ba,213100449,Commune de Balma (31),false,{31044},Commune,2026-03-24 14:41:57.56054+01,gold_establishments_2025,,,,21310044900015,2025,Collectivité Territoriale,Commune,['Haute-Garonne'],['Occitanie'],COM,{31},{76}
15ad6709-1e4c-40c8-bad5-ad91012d405d,211000260,Commune de Balnot-la-Grange (10),false,{10028},Commune,2026-03-24 14:41:53.095366+01,gold_establishments_2025,,,,21100026000011,2025,Collectivité Territoriale,Commune,['Aube'],['Grand Est'],COM,{10},{44}
f34db15e-8fc2-427f-9cde-ece5078def6e,211000278,Commune de Balnot-sur-Laignes (10),false,{10029},Commune,2026-03-24 14:41:53.095366+01,gold_establishments_2025,,,,21100027800013,2025,Collectivité Territoriale,Commune,['Aube'],['Grand Est'],COM,{10},{44}
d2402c0a-7032-4e3a-9d9e-5281799f2d5e,212000285,Commune de Balogna (2A),false,{2A028},Commune,2026-03-24 14:41:57.56054+01,gold_establishments_2025,,,,21200028500016,2025,Collectivité Territoriale,Commune,['Corse-du-Sud'],['Corse'],COM,{2A},{94}
89ec019f-8388-4629-af63-bc5faea69be0,212100440,Commune de Balot (21),false,{21044},Commune,2026-03-24 14:41:55.433389+01,gold_establishments_2025,,,,21210044000016,2025,Collectivité Territoriale,Commune,"[""Côte-d'Or""]",['Bourgogne-Franche-Comté'],COM,{21},{27}
ac0f810e-2c18-431e-b4fa-2387a1d933d1,216800185,Commune de Balschwiller (68),false,{68018},Commune,2026-03-24 14:42:07.195692+01,gold_establishments_2025,,,,21680018500011,2025,Collectivité Territoriale,Commune,['Haut-Rhin'],['Grand Est'],COM,{68},{44}
0b1822dd-776d-4be7-b67b-fe7780e3d4c4,214800161,Commune de Balsièges (48),false,{48016},Commune,2026-03-24 14:42:01.412377+01,gold_establishments_2025,,,,21480016100017,2025,Collectivité Territoriale,Commune,['Lozère'],['Occitanie'],COM,{48},{76}
626554f4-5bd5-4627-8f88-45a7495ffc29,216800193,Commune de Baltzenheim (68),false,{68019},Commune,2026-03-24 14:42:07.195692+01,gold_establishments_2025,,,,21680019300015,2025,Collectivité Territoriale,Commune,['Haut-Rhin'],['Grand Est'],COM,{68},{44}
e527a638-630a-4ba9-9be4-59fb810e90d5,211600267,Commune de Balzac (16),false,{16026},Commune,2026-03-24 14:41:54.362296+01,gold_establishments_2025,,,,21160026700010,2025,Collectivité Territoriale,Commune,['Charente'],['Nouvelle-Aquitaine'],COM,{16},{75}
2a810f81-6b27-4d76-b859-da3e7e1b9bd8,218000511,Commune de Balâtre (80),false,{80053},Commune,2026-03-24 14:42:09.43682+01,gold_establishments_2025,,,,21800051100012,2025,Collectivité Territoriale,Commune,['Somme'],['Hauts-de-France'],COM,{80},{32}
572dab3b-8140-4b29-967c-a912fb5ddd83,215900465,Commune de Bambecque (59),false,{59046},Commune,2026-03-24 14:42:04.280096+01,gold_establishments_2025,,,,21590046500018,2025,Collectivité Territoriale,Commune,['Nord'],['Hauts-de-France'],COM,{59},{32}
a8ac6320-d7e6-4f58-8bbb-c7a7a147bb9f,215700477,Commune de Bambiderstroff (57),false,{57047},Commune,2026-03-24 14:42:03.701372+01,gold_establishments_2025,,,,21570047700015,2025,Collectivité Territoriale,Commune,['Moselle'],['Grand Est'],COM,{57},{44}
885503aa-98fc-4b36-b101-c470ed3e14b1,218800324,Commune de Ban-de-Laveline (88),false,{88032},Commune,2026-03-24 14:42:11.118516+01,gold_establishments_2025,,,,21880032400012,2025,Collectivité Territoriale,Commune,['Vosges'],['Grand Est'],COM,{88},{44}
c84a71f0-5380-452d-b8c7-b7cd61f101ee,218800332,Commune de Ban-de-Sapt (88),false,{88033},Commune,2026-03-24 14:42:11.118516+01,gold_establishments_2025,,,,21880033200015,2025,Collectivité Territoriale,Commune,['Vosges'],['Grand Est'],COM,{88},{44}
2aa94389-62e4-4ba9-b136-e74b64c5f695,218805364,Commune de Ban-sur-Meurthe-Clefcy (88),false,{88106},Commune,2026-03-24 14:42:11.118516+01,gold_establishments_2025,,,,21880536400013,2025,Collectivité Territoriale,Commune,['Vosges'],['Grand Est'],COM,{88},{44}
fdbf926d-5508-419c-b421-6e094506c525,200054484,Commune de Banassac-Canilhac (48),false,{48017},Commune,2026-03-24 14:42:01.412377+01,gold_establishments_2025,,,,20005448400015,2025,Collectivité Territoriale,Commune,['Lozère'],['Occitanie'],COM,{48},{76}
1dcc4a12-968e-4b41-be71-69d8ae80140d,216400929,Commune de Banca (64),false,{64092},Commune,2026-03-24 14:42:06.130387+01,gold_establishments_2025,,,,21640092900016,2025,Collectivité Territoriale,Commune,['Pyrénées-Atlantiques'],['Nouvelle-Aquitaine'],COM,{64},{75}
55700077-7b80-4af8-9dcd-a9d6f3c2c2dd,210200440,Commune de Bancigny (02),false,{02044},Commune,2026-03-24 14:41:51.447482+01,gold_establishments_2025,,,,21020044000019,2025,Collectivité Territoriale,Commune,['Aisne'],['Hauts-de-France'],COM,{02},{32}
02d387dc-22d7-4df7-9efe-b76d94383782,216200790,Commune de Bancourt (62),false,{62079},Commune,2026-03-24 14:42:05.597325+01,gold_establishments_2025,,,,21620079000014,2025,Collectivité Territoriale,Commune,['Pas-de-Calais'],['Hauts-de-France'],COM,{62},{32}
42e60329-6d11-467c-9494-04376f721781,218300093,Commune de Bandol (83),false,{83009},Commune,2026-03-24 14:42:10.508772+01,gold_establishments_2025,,,,21830009300018,2025,Collectivité Territoriale,Commune,['Var'],"[""Provence-Alpes-Côte d'Azur""]",COM,{83},{93}
8830ba35-9cf5-4f63-b7ec-01c855812ad1,200008720,Commune de Bandraboua (976),false,{97602},Commune,2026-03-24 14:42:11.659493+01,gold_establishments_2025,,,,20000872000019,2025,Collectivité Territoriale,Commune,['Mayotte'],['Mayotte'],COM,{976},{06}
32ccea13-0e4d-4ba6-8b9c-aad5cfca98c0,200008738,Commune de Bandrele (976),false,{97603},Commune,2026-03-24 14:42:11.659493+01,gold_establishments_2025,,,,20000873800011,2025,Collectivité Territoriale,Commune,['Mayotte'],['Mayotte'],COM,{976},{06}
1c8a5578-4825-4c41-972c-a49bd78e9e9b,210100285,Commune de Baneins (01),false,{01028},Commune,2026-03-24 14:41:51.447482+01,gold_establishments_2025,,,,21010028500019,2025,Collectivité Territoriale,Commune,['Ain'],['Auvergne-Rhône-Alpes'],COM,{01},{84}
13d0e390-6810-4ab9-959e-9689467aaf83,212400238,Commune de Baneuil (24),false,{24023},Commune,2026-03-24 14:41:55.958138+01,gold_establishments_2025,,,,21240023800011,2025,Collectivité Territoriale,Commune,['Dordogne'],['Nouvelle-Aquitaine'],COM,{24},{75}
2f704c09-c1f0-41e3-b173-099bc68bc0b4,215600099,Commune de Bangor (56),false,{56009},Commune,2026-03-24 14:42:03.701372+01,gold_establishments_2025,,,,21560009900018,2025,Collectivité Territoriale,Commune,['Morbihan'],['Bretagne'],COM,{56},{53}
558970b1-df6d-474e-bf22-de742d17eb9a,216500603,Commune de Banios (65),false,{65060},Commune,2026-03-24 14:42:06.665412+01,gold_establishments_2025,,,,21650060300016,2025,Collectivité Territoriale,Commune,['Hautes-Pyrénées'],['Occitanie'],COM,{65},{76}
2958f251-0d33-4410-b70c-25f1d5019d08,212301600,Commune de Banize (23),false,{23016},Commune,2026-03-24 14:41:55.958138+01,gold_establishments_2025,,,,21230160000012,2025,Collectivité Territoriale,Commune,['Creuse'],['Nouvelle-Aquitaine'],COM,{23},{75}
1b9c9e87-020a-46de-b84b-3c451511f98e,212900047,Commune de Bannalec (29),false,{29004},Commune,2026-03-24 14:41:57.028721+01,gold_establishments_2025,,,,21290004700078,2025,Collectivité Territoriale,Commune,['Finistère'],['Bretagne'],COM,{29},{53}
9ccc7349-2f46-4b4c-8bb1-3345cd40565d,212500417,Commune de Bannans (25),false,{25041},Commune,2026-03-24 14:41:55.958138+01,gold_establishments_2025,,,,21250041700010,2025,Collectivité Territoriale,Commune,['Doubs'],['Bourgogne-Franche-Comté'],COM,{25},{27}
558e81d1-6bdb-489f-aa58-a2a757f9f269,211800206,Commune de Bannay (18),false,{18020},Commune,2026-03-24 14:41:54.903238+01,gold_establishments_2025,,,,21180020600016,2025,Collectivité Territoriale,Commune,['Cher'],['Centre-Val de Loire'],COM,{18},{24}
4d747b23-e7eb-485b-bdd2-e47603b79216,215100306,Commune de Bannay (51),false,{51034},Commune,2026-03-24 14:42:01.412377+01,gold_establishments_2025,,,,21510030600012,2025,Collectivité Territoriale,Commune,['Marne'],['Grand Est'],COM,{51},{44}
481c6d9d-c8e4-4c87-a3e6-37adf116628f,215700485,Commune de Bannay (57),false,{57048},Commune,2026-03-24 14:42:03.701372+01,gold_establishments_2025,,,,21570048500018,2025,Collectivité Territoriale,Commune,['Moselle'],['Grand Est'],COM,{57},{44}
6ac77987-cc5a-4575-82be-f74db1e46063,210700241,Commune de Banne (07),false,{07024},Commune,2026-03-24 14:41:52.562531+01,gold_establishments_2025,,,,21070024100016,2025,Collectivité Territoriale,Commune,['Ardèche'],['Auvergne-Rhône-Alpes'],COM,{07},{84}
03a632b1-9b34-4a06-8805-8811ae307f8f,211800214,Commune de Bannegon (18),false,{18021},Commune,2026-03-24 14:41:54.903238+01,gold_establishments_2025,,,,21180021400010,2025,Collectivité Territoriale,Commune,['Cher'],['Centre-Val de Loire'],COM,{18},{24}
c483259f-6140-41c4-9c16-ac2a85a1c09b,214600173,Commune de Bannes (46),false,{46017},Commune,2026-03-24 14:42:00.862623+01,gold_establishments_2025,,,,21460017300014,2025,Collectivité Territoriale,Commune,['Lot'],['Occitanie'],COM,{46},{76}
d6d6222d-7cf5-4178-8b41-fcf798fc807e,215106162,Commune de Bannes (51),false,{51035},Commune,2026-03-24 14:42:01.412377+01,gold_establishments_2025,,,,21510616200013,2025,Collectivité Territoriale,Commune,['Marne'],['Grand Est'],COM,{51},{44}
eab56fd8-ff24-4532-b867-277f8330afc1,215204108,Commune de Bannes (52),false,{52037},Commune,2026-03-24 14:42:01.954481+01,gold_establishments_2025,,,,21520410800017,2025,Collectivité Territoriale,Commune,['Haute-Marne'],['Grand Est'],COM,{52},{44}
c38e9bff-fadd-44aa-b28a-21b5ccfe70aa,215300195,Commune de Bannes (53),false,{53019},Commune,2026-03-24 14:42:01.954481+01,gold_establishments_2025,,,,21530019500017,2025,Collectivité Territoriale,Commune,['Mayenne'],['Pays de la Loire'],COM,{53},{52}
4334c0f6-9dd4-4586-b44f-8026c6fbf034,211400361,Commune de Banneville-la-Campagne (14),false,{14036},Commune,2026-03-24 14:41:53.63825+01,gold_establishments_2025,,,,21140036100013,2025,Collectivité Territoriale,Commune,['Calvados'],['Normandie'],COM,{14},{28}
6c4fbbe6-72c8-418b-91e9-f1ee56fdc4f7,218100220,Commune de Bannières (81),false,{81022},Commune,2026-03-24 14:42:09.967209+01,gold_establishments_2025,,,,21810022000019,2025,Collectivité Territoriale,Commune,['Tarn'],['Occitanie'],COM,{81},{76}
9ab6ba3f-ffe8-4407-90be-06b548c979b4,215500273,Commune de Bannoncourt (55),false,{55027},Commune,2026-03-24 14:42:02.957225+01,gold_establishments_2025,,,,21550027300010,2025,Collectivité Territoriale,Commune,['Meuse'],['Grand Est'],COM,{55},{44}
bcbee2a5-557a-4ba1-a6ff-d9e05356fd29,217700202,Commune de Bannost-Villegagnon (77),false,{77020},Commune,2026-03-24 14:42:08.818969+01,gold_establishments_2025,,,,21770020200013,2025,Collectivité Territoriale,Commune,['Seine-et-Marne'],['Île-de-France'],COM,{77},{11}
7513cafc-88a9-4025-9589-daa678da57a4,210800447,Commune de Banogne-Recouvrance (08),false,{08046},Commune,2026-03-24 14:41:52.562531+01,gold_establishments_2025,,,,21080044700018,2025,Collectivité Territoriale,Commune,['Ardennes'],['Grand Est'],COM,{08},{44}
c3547cb1-c06f-43f8-ad49-cc4636028d36,210400180,Commune de Banon (04),false,{04018},Commune,2026-03-24 14:41:52.020251+01,gold_establishments_2025,,,,21040018000019,2025,Collectivité Territoriale,Commune,['Alpes-de-Haute-Provence'],"[""Provence-Alpes-Côte d'Azur""]",COM,{04},{93}
d329c7bb-861f-476a-82e1-a2ac3e34a9e2,214000242,Commune de Banos (40),false,{40024},Commune,2026-03-24 14:41:59.705606+01,gold_establishments_2025,,,,21400024200013,2025,Collectivité Territoriale,Commune,['Landes'],['Nouvelle-Aquitaine'],COM,{40},{75}
f2f6cfcb-7ed1-407c-9343-101433b20702,213900376,Commune de Bans (39),false,{39037},Commune,2026-03-24 14:41:59.705606+01,gold_establishments_2025,,,,21390037600012,2025,Collectivité Territoriale,Commune,['Jura'],['Bourgogne-Franche-Comté'],COM,{39},{27}
ee804433-d86b-45c7-ac93-2cda3c9bb5ea,216300293,Commune de Bansat (63),false,{63029},Commune,2026-03-24 14:42:06.130387+01,gold_establishments_2025,,,,21630029300018,2025,Collectivité Territoriale,Commune,['Puy-de-Dôme'],['Auvergne-Rhône-Alpes'],COM,{63},{84}
da655a0c-e9e0-46f9-90f5-47a54f6cb79c,217100189,Commune de Bantanges (71),false,{71018},Commune,2026-03-24 14:42:07.735343+01,gold_establishments_2025,,,,21710018900018,2025,Collectivité Territoriale,Commune,['Saône-et-Loire'],['Bourgogne-Franche-Comté'],COM,{71},{27}
bfd966ef-8a2c-4234-aad7-3a0c28b315aa,215900473,Commune de Banteux (59),false,{59047},Commune,2026-03-24 14:42:04.280096+01,gold_establishments_2025,,,,21590047300012,2025,Collectivité Territoriale,Commune,['Nord'],['Hauts-de-France'],COM,{59},{32}
0e9f5744-92f5-4d3a-9f24-8c0757d2e776,219500469,Commune de Banthelu (95),false,{95046},Commune,2026-03-24 14:42:11.659493+01,gold_establishments_2025,,,,21950046900016,2025,Collectivité Territoriale,Commune,"[""Val-d'Oise""]",['Île-de-France'],COM,{95},{11}
0ad6c506-d15c-4c1f-ba19-ae65997de506,215500281,Commune de Bantheville (55),false,{55028},Commune,2026-03-24 14:42:02.957225+01,gold_establishments_2025,,,,21550028100013,2025,Collectivité Territoriale,Commune,['Meuse'],['Grand Est'],COM,{55},{44}
353e6e7f-6ede-41fb-b8b8-a9fd9165db1f,215900481,Commune de Bantigny (59),false,{59048},Commune,2026-03-24 14:42:04.280096+01,gold_establishments_2025,,,,21590048100031,2025,Collectivité Territoriale,Commune,['Nord'],['Hauts-de-France'],COM,{59},{32}
c372dfc6-0a58-4980-9759-b1c711352576,215900499,Commune de Bantouzelle (59),false,{59049},Commune,2026-03-24 14:42:04.280096+01,gold_establishments_2025,,,,21590049900017,2025,Collectivité Territoriale,Commune,['Nord'],['Hauts-de-France'],COM,{59},{32}
5ebccb80-8856-4afc-bfd3-e7340d46588a,216800201,Commune de Bantzenheim (68),false,{68020},Commune,2026-03-24 14:42:07.195692+01,gold_establishments_2025,,,,21680020100016,2025,Collectivité Territoriale,Commune,['Haut-Rhin'],['Grand Est'],COM,{68},{44}
a5760d3f-e2b4-45d1-8811-a97a9fe8c74d,219000072,Commune de Banvillars (90),false,{90007},Commune,2026-03-24 14:42:11.659493+01,gold_establishments_2025,,,,21900007200013,2025,Collectivité Territoriale,Commune,['Territoire de Belfort'],['Bourgogne-Franche-Comté'],COM,{90},{27}
7351257c-5b44-4ecc-b9c7-cca34d3067e8,211400387,Commune de Banville (14),false,{14038},Commune,2026-03-24 14:41:53.63825+01,gold_establishments_2025,,,,21140038700018,2025,Collectivité Territoriale,Commune,['Calvados'],['Normandie'],COM,{14},{28}
c19ab4b4-e9bf-4909-ac67-87c690dbe8dd,216100248,Commune de Banvou (61),false,{61024},Commune,2026-03-24 14:42:04.814328+01,gold_establishments_2025,,,,21610024800014,2025,Collectivité Territoriale,Commune,['Orne'],['Normandie'],COM,{61},{28}
2c908670-3946-4bb1-ba87-5b1a0f27e840,216600155,Commune de Banyuls-dels-Aspres (66),false,{66015},Commune,2026-03-24 14:42:06.665412+01,gold_establishments_2025,,,,21660015500016,2025,Collectivité Territoriale,Commune,['Pyrénées-Orientales'],['Occitanie'],COM,{66},{76}
37b3f135-b37b-49c6-aa7f-6d43254ffd87,216600163,Commune de Banyuls-sur-Mer (66),false,{66016},Commune,2026-03-24 14:42:06.665412+01,gold_establishments_2025,,,,21660016300010,2025,Collectivité Territoriale,Commune,['Pyrénées-Orientales'],['Occitanie'],COM,{66},{76}
b3f7bf87-753d-4c09-bc1e-4f023431bb83,218900280,Commune de Baon (89),false,{89028},Commune,2026-03-24 14:42:11.118516+01,gold_establishments_2025,,,,21890028000015,2025,Collectivité Territoriale,Commune,['Yonne'],['Bourgogne-Franche-Comté'],COM,{89},{27}
d018c1ff-d303-4f7c-82d6-b970b9676905,217600550,Commune de Baons-le-Comte (76),false,{76055},Commune,2026-03-24 14:42:08.818969+01,gold_establishments_2025,,,,21760055000016,2025,Collectivité Territoriale,Commune,['Seine-Maritime'],['Normandie'],COM,{76},{28}
a17e7a24-24a3-4360-9271-c0199554045a,216200808,Commune de Bapaume (62),false,{62080},Commune,2026-03-24 14:42:05.597325+01,gold_establishments_2025,,,,21620080800014,2025,Collectivité Territoriale,Commune,['Pas-de-Calais'],['Hauts-de-France'],COM,{62},{32}
069d34c0-ce41-48e5-8c4d-56d90362f6f5,211901608,Commune de Bar (19),false,{19016},Commune,2026-03-24 14:41:54.903238+01,gold_establishments_2025,,,,21190160800011,2025,Collectivité Territoriale,Commune,['Corrèze'],['Nouvelle-Aquitaine'],COM,{19},{75}
4fb5e7a4-3d90-4928-b97a-cf394a5d7153,215500299,Commune de Bar-le-Duc (55),false,{55029},Commune,2026-03-24 14:42:02.957225+01,gold_establishments_2025,,,,21550029900015,2025,Collectivité Territoriale,Commune,['Meuse'],['Grand Est'],COM,{55},{44}
2f095628-4814-40f3-9538-b2802c8fe798,210800462,Commune de Bar-lès-Buzancy (08),false,{08049},Commune,2026-03-24 14:41:52.562531+01,gold_establishments_2025,,,,21080046200017,2025,Collectivité Territoriale,Commune,['Ardennes'],['Grand Est'],COM,{08},{44}
09b51e39-0b95-434c-807d-9c40ded12912,211000310,Commune de Bar-sur-Aube (10),false,{10033},Commune,2026-03-24 14:41:53.095366+01,gold_establishments_2025,,,,21100031000014,2025,Collectivité Territoriale,Commune,['Aube'],['Grand Est'],COM,{10},{44}
f0e17084-7d9b-4318-9c07-c5d481536a4b,211000328,Commune de Bar-sur-Seine (10),false,{10034},Commune,2026-03-24 14:41:53.095366+01,gold_establishments_2025,,,,21100032800016,2025,Collectivité Territoriale,Commune,['Aube'],['Grand Est'],COM,{10},{44}
bb0df085-ace0-485a-8f2c-fd7168c825e0,214900177,Commune de Baracé (49),false,{49017},Commune,2026-03-24 14:42:01.412377+01,gold_establishments_2025,,,,21490017700012,2025,Collectivité Territoriale,Commune,['Maine-et-Loire'],['Pays de la Loire'],COM,{49},{52}
b0bc27d3-3f12-41e5-a0c0-2987b06d3c29,211100268,Commune de Baraigne (11),false,{11026},Commune,2026-03-24 14:41:53.63825+01,gold_establishments_2025,,,,21110026800013,2025,Collectivité Territoriale,Commune,['Aude'],['Occitanie'],COM,{11},{76}
5594f64a-df88-4b98-ad14-ead1cd223441,213600125,Commune de Baraize (36),false,{36012},Commune,2026-03-24 14:41:59.160244+01,gold_establishments_2025,,,,21360012500016,2025,Collectivité Territoriale,Commune,['Indre'],['Centre-Val de Loire'],COM,{36},{24}
20c2c936-e126-479f-ba04-5b6199aa7d03,216200816,Commune de Baralle (62),false,{62081},Commune,2026-03-24 14:42:05.597325+01,gold_establishments_2025,,,,21620081600017,2025,Collectivité Territoriale,Commune,['Pas-de-Calais'],['Hauts-de-France'],COM,{62},{32}
bc483102-a06f-442f-a448-f4a759aec191,211200563,Commune de Baraqueville (12),false,{12056},Commune,2026-03-24 14:41:53.63825+01,gold_establishments_2025,,,,21120056300016,2025,Collectivité Territoriale,Commune,['Aveyron'],['Occitanie'],COM,{12},{76}
745f7d14-4c76-4bfb-bf60-f97f544f038f,216200824,Commune de Barastre (62),false,{62082},Commune,2026-03-24 14:42:05.597325+01,gold_establishments_2025,,,,21620082400011,2025,Collectivité Territoriale,Commune,['Pas-de-Calais'],['Hauts-de-France'],COM,{62},{32}
92cf1a0d-700a-46b2-b638-bc0a0656f569,210500120,Commune de Baratier (05),false,{05012},Commune,2026-03-24 14:41:52.562531+01,gold_establishments_2025,,,,21050012000014,2025,Collectivité Territoriale,Commune,['Hautes-Alpes'],"[""Provence-Alpes-Côte d'Azur""]",COM,{05},{93}
f9828457-651e-4d66-9eb6-2c654e71604e,216500611,Commune de Barbachen (65),false,{65061},Commune,2026-03-24 14:42:06.665412+01,gold_establishments_2025,,,,21650061100019,2025,Collectivité Territoriale,Commune,['Hautes-Pyrénées'],['Occitanie'],COM,{65},{76}
27581b4e-1060-4ffa-9acf-70aebc4613ff,212000293,Commune de Barbaggio (2B),false,{2B029},Commune,2026-03-24 14:41:57.56054+01,gold_establishments_2025,,,,21200029300010,2025,Collectivité Territoriale,Commune,['Haute-Corse'],['Corse'],COM,{2B},{94}
4e063d07-46cb-41f2-a5b4-866bd7e516d2,211100276,Commune de Barbaira (11),false,{11027},Commune,2026-03-24 14:41:53.63825+01,gold_establishments_2025,,,,21110027600016,2025,Collectivité Territoriale,Commune,['Aude'],['Occitanie'],COM,{11},{76}
b5ca5dcb-93ac-474c-b924-aab119734cd1,210804647,Commune de Barbaise (08),false,{08047},Commune,2026-03-24 14:41:52.562531+01,gold_establishments_2025,,,,21080464700019,2025,Collectivité Territoriale,Commune,['Ardennes'],['Grand Est'],COM,{08},{44}
f602780c-3a2e-448c-b38a-38b87b44e067,215400441,Commune de Barbas (54),false,{54044},Commune,2026-03-24 14:42:02.957225+01,gold_establishments_2025,,,,21540044100014,2025,Collectivité Territoriale,Commune,['Meurthe-et-Moselle'],['Grand Est'],COM,{54},{44}
584039dd-9a18-44c2-bf56-cd83e1a01b07,214700213,Commune de Barbaste (47),false,{47021},Commune,2026-03-24 14:42:00.862623+01,gold_establishments_2025,,,,21470021300017,2025,Collectivité Territoriale,Commune,['Lot-et-Garonne'],['Nouvelle-Aquitaine'],COM,{47},{75}
7e219028-88dc-40dd-9242-36246f0b38b3,213100456,Commune de Barbazan (31),false,{31045},Commune,2026-03-24 14:41:57.56054+01,gold_establishments_2025,,,,21310045600010,2025,Collectivité Territoriale,Commune,['Haute-Garonne'],['Occitanie'],COM,{31},{76}
c5760db6-160f-4034-b882-dac04073690c,216500629,Commune de Barbazan-Debat (65),false,{65062},Commune,2026-03-24 14:42:06.665412+01,gold_establishments_2025,,,,21650062900011,2025,Collectivité Territoriale,Commune,['Hautes-Pyrénées'],['Occitanie'],COM,{65},{76}
c00e8597-1cdf-45d2-a3a7-949bfe7b09fc,216500637,Commune de Barbazan-Dessus (65),false,{65063},Commune,2026-03-24 14:42:06.665412+01,gold_establishments_2025,,,,21650063700014,2025,Collectivité Territoriale,Commune,['Hautes-Pyrénées'],['Occitanie'],COM,{65},{76}
c6ebb54c-18b8-4b5e-8ba0-4f530e40aafd,211300108,Commune de Barbentane (13),false,{13010},Commune,2026-03-24 14:41:53.63825+01,gold_establishments_2025,,,,21130010800019,2025,Collectivité Territoriale,Commune,['Bouches-du-Rhône'],"[""Provence-Alpes-Côte d'Azur""]",COM,{13},{93}
8eba4597-5483-43cb-b474-e8624b3c5be3,217300292,Commune de Barberaz (73),false,{73029},Commune,2026-03-24 14:42:08.279287+01,gold_establishments_2025,,,,21730029200018,2025,Collectivité Territoriale,Commune,['Savoie'],['Auvergne-Rhône-Alpes'],COM,{73},{84}
35f5ccd1-5301-4179-ae65-cd6f5ff61330,211000286,Commune de Barberey-Saint-Sulpice (10),false,{10030},Commune,2026-03-24 14:41:53.095366+01,gold_establishments_2025,,,,21100028600016,2025,Collectivité Territoriale,Commune,['Aube'],['Grand Est'],COM,{10},{44}
92720350-f971-428a-831a-3c7af9136de8,210300166,Commune de Barberier (03),false,{03016},Commune,2026-03-24 14:41:52.020251+01,gold_establishments_2025,,,,21030016600019,2025,Collectivité Territoriale,Commune,['Allier'],['Auvergne-Rhône-Alpes'],COM,{03},{84}
773b870b-ae7b-4af2-8743-453f1e304d9f,211400395,Commune de Barbery (14),false,{14039},Commune,2026-03-24 14:41:53.63825+01,gold_establishments_2025,,,,21140039500011,2025,Collectivité Territoriale,Commune,['Calvados'],['Normandie'],COM,{14},{28}
fefcb9e8-b697-4e7f-8ca1-5d1e8e9dcd59,216000448,Commune de Barbery (60),false,{60045},Commune,2026-03-24 14:42:04.814328+01,gold_establishments_2025,,,,21600044800011,2025,Collectivité Territoriale,Commune,['Oise'],['Hauts-de-France'],COM,{60},{32}
a71fb36c-923f-4c56-a8c9-f0307934336f,211400403,Commune de Barbeville (14),false,{14040},Commune,2026-03-24 14:41:53.63825+01,gold_establishments_2025,,,,21140040300013,2025,Collectivité Territoriale,Commune,['Calvados'],['Normandie'],COM,{14},{28}
dadbee9d-f3cf-42ac-be57-d9f80c838ed6,217700210,Commune de Barbey (77),false,{77021},Commune,2026-03-24 14:42:08.818969+01,gold_establishments_2025,,,,21770021000016,2025,Collectivité Territoriale,Commune,['Seine-et-Marne'],['Île-de-France'],COM,{77},{11}
7d54575a-94f5-410b-9ea4-dd7fc4567ed7,218800357,Commune de Barbey-Seroux (88),false,{88035},Commune,2026-03-24 14:42:11.118516+01,gold_establishments_2025,,,,21880035700012,2025,Collectivité Territoriale,Commune,['Vosges'],['Grand Est'],COM,{88},{44}
f4b507eb-41eb-46b4-aca1-0ae95820d26f,211600283,Commune de Barbezieux-Saint-Hilaire (16),false,{16028},Commune,2026-03-24 14:41:54.362296+01,gold_establishments_2025,,,,21160028300017,2025,Collectivité Territoriale,Commune,['Charente'],['Nouvelle-Aquitaine'],COM,{16},{75}
5fe6a40b-55d3-42ca-9afe-6bf00f100b14,211600275,Commune de Barbezières (16),false,{16027},Commune,2026-03-24 14:41:54.362296+01,gold_establishments_2025,,,,21160027500013,2025,Collectivité Territoriale,Commune,['Charente'],['Nouvelle-Aquitaine'],COM,{16},{75}
57fe8cdf-e187-4949-bae6-01daf3000345,212100457,Commune de Barbirey-sur-Ouche (21),false,{21045},Commune,2026-03-24 14:41:55.433389+01,gold_establishments_2025,,,,21210045700010,2025,Collectivité Territoriale,Commune,"[""Côte-d'Or""]",['Bourgogne-Franche-Comté'],COM,{21},{27}
0d664976-23b0-493d-8adc-94112e877b2a,217700228,Commune de Barbizon (77),false,{77022},Commune,2026-03-24 14:42:08.818969+01,gold_establishments_2025,,,,21770022800018,2025,Collectivité Territoriale,Commune,['Seine-et-Marne'],['Île-de-France'],COM,{77},{11}
39cb6254-130b-4994-b407-f577d83140a1,212600233,Commune de Barbières (26),false,{26023},Commune,2026-03-24 14:41:56.495197+01,gold_establishments_2025,,,,21260023300010,2025,Collectivité Territoriale,Commune,['Drôme'],['Auvergne-Rhône-Alpes'],COM,{26},{84}
8a600050-d63a-4928-8eb9-d4d3a918d843,215100314,Commune de Barbonne-Fayel (51),false,{51036},Commune,2026-03-24 14:42:01.412377+01,gold_establishments_2025,,,,21510031400016,2025,Collectivité Territoriale,Commune,['Marne'],['Grand Est'],COM,{51},{44}
2a370aa6-8062-41f3-9f8f-91f8ab974de0,215400458,Commune de Barbonville (54),false,{54045},Commune,2026-03-24 14:42:02.957225+01,gold_establishments_2025,,,,21540045800018,2025,Collectivité Territoriale,Commune,['Meurthe-et-Moselle'],['Grand Est'],COM,{54},{44}
786d0326-ca55-4006-9c8f-f0707fabcd69,211000294,Commune de Barbuise (10),false,{10031},Commune,2026-03-24 14:41:53.095366+01,gold_establishments_2025,,,,21100029400010,2025,Collectivité Territoriale,Commune,['Aube'],['Grand Est'],COM,{10},{44}
d1a2a829-8a6a-46ae-8caa-7a7a12cd2b0f,210800454,Commune de Barby (08),false,{08048},Commune,2026-03-24 14:41:52.562531+01,gold_establishments_2025,,,,21080045400014,2025,Collectivité Territoriale,Commune,['Ardennes'],['Grand Est'],COM,{08},{44}
4c7eaf2d-a7cf-4f64-812c-166dc109cd17,217300300,Commune de Barby (73),false,{73030},Commune,2026-03-24 14:42:08.279287+01,gold_establishments_2025,,,,21730030000019,2025,Collectivité Territoriale,Commune,['Savoie'],['Auvergne-Rhône-Alpes'],COM,{73},{84}
30bba995-a679-4908-a766-1588570f7a86,218500114,Commune de Barbâtre (85),false,{85011},Commune,2026-03-24 14:42:10.508772+01,gold_establishments_2025,,,,21850011400010,2025,Collectivité Territoriale,Commune,['Vendée'],['Pays de la Loire'],COM,{85},{52}
9bdac8fb-181f-476a-9273-b9c3d82ca4b2,212700371,Commune de Barc (27),false,{27037},Commune,2026-03-24 14:41:56.495197+01,gold_establishments_2025,,,,21270037100017,2025,Collectivité Territoriale,Commune,['Eure'],['Normandie'],COM,{27},{28}
67f850f8-121f-46c0-ae21-2d4387e8a320,212600241,Commune de Barcelonne (26),false,{26024},Commune,2026-03-24 14:41:56.495197+01,gold_establishments_2025,,,,21260024100013,2025,Collectivité Territoriale,Commune,['Drôme'],['Auvergne-Rhône-Alpes'],COM,{26},{84}
71e3caaf-d4e4-4b36-a7fa-db28b67a4cc7,213200272,Commune de Barcelonne-du-Gers (32),false,{32027},Commune,2026-03-24 14:41:58.09424+01,gold_establishments_2025,,,,21320027200010,2025,Collectivité Territoriale,Commune,['Gers'],['Occitanie'],COM,{32},{76}
fc93ba4b-550a-49c8-bbd2-bef4f1010da0,210400198,Commune de Barcelonnette (04),false,{04019},Commune,2026-03-24 14:41:52.020251+01,gold_establishments_2025,,,,21040019800011,2025,Collectivité Territoriale,Commune,['Alpes-de-Haute-Provence'],"[""Provence-Alpes-Côte d'Azur""]",COM,{04},{93}
1656ed11-8388-4495-98a1-b6db7df0b8d0,215700501,Commune de Barchain (57),false,{57050},Commune,2026-03-24 14:42:03.701372+01,gold_establishments_2025,,,,21570050100012,2025,Collectivité Territoriale,Commune,['Moselle'],['Grand Est'],COM,{57},{44}
90fdbb0a-1edd-4113-bd73-c55ab96b2d48,210500138,Commune de Barcillonnette (05),false,{05013},Commune,2026-03-24 14:41:52.562531+01,gold_establishments_2025,,,,21050013800016,2025,Collectivité Territoriale,Commune,['Hautes-Alpes'],"[""Provence-Alpes-Côte d'Azur""]",COM,{05},{93}
76788840-250a-4b8b-b067-814144731b30,213200280,Commune de Barcugnan (32),false,{32028},Commune,2026-03-24 14:41:58.09424+01,gold_establishments_2025,,,,21320028000013,2025,Collectivité Territoriale,Commune,['Gers'],['Occitanie'],COM,{32},{76}
e4dc5f5d-f1f3-4989-ad54-a57554881acd,216400937,Commune de Barcus (64),false,{64093},Commune,2026-03-24 14:42:06.130387+01,gold_establishments_2025,,,,21640093700019,2025,Collectivité Territoriale,Commune,['Pyrénées-Atlantiques'],['Nouvelle-Aquitaine'],COM,{64},{75}
4044055b-15b6-48d6-84dd-582b3b54b0d8,217700236,Commune de Barcy (77),false,{77023},Commune,2026-03-24 14:42:08.818969+01,gold_establishments_2025,,,,21770023600011,2025,Collectivité Territoriale,Commune,['Seine-et-Marne'],['Île-de-France'],COM,{77},{11}
310607e4-4a0c-4931-a2df-f2a557bf0332,214200123,Commune de Bard (42),false,{42012},Commune,2026-03-24 14:42:00.273698+01,gold_establishments_2025,,,,21420012300013,2025,Collectivité Territoriale,Commune,['Loire'],['Auvergne-Rhône-Alpes'],COM,{42},{84}
67be96a0-3606-4edb-8a35-e103ddd8f190,212100465,Commune de Bard-le-Régulier (21),false,{21046},Commune,2026-03-24 14:41:55.433389+01,gold_establishments_2025,,,,21210046500013,2025,Collectivité Territoriale,Commune,"[""Côte-d'Or""]",['Bourgogne-Franche-Comté'],COM,{21},{27}
37e9186d-524f-452a-a7b0-34462dbeae6d,217000488,Commune de Bard-lès-Pesmes (70),false,{70048},Commune,2026-03-24 14:42:07.735343+01,gold_establishments_2025,,,,21700048800015,2025,Collectivité Territoriale,Commune,['Haute-Saône'],['Bourgogne-Franche-Comté'],COM,{70},{27}
9634e020-5565-425d-a144-21c615f751bd,212100473,Commune de Bard-lès-Époisses (21),false,{21047},Commune,2026-03-24 14:41:55.433389+01,gold_establishments_2025,,,,21210047300017,2025,Collectivité Territoriale,Commune,"[""Côte-d'Or""]",['Bourgogne-Franche-Comté'],COM,{21},{27}
a80e4d0d-3096-4201-bd86-68a75ccdbee9,211600291,Commune de Bardenac (16),false,{16029},Commune,2026-03-24 14:41:54.362296+01,gold_establishments_2025,,,,21160029100010,2025,Collectivité Territoriale,Commune,['Charente'],['Nouvelle-Aquitaine'],COM,{16},{75}
4ff942a8-6c6f-4e30-9b17-f975b2bc699c,218200103,Commune de Bardigues (82),false,{82010},Commune,2026-03-24 14:42:10.508772+01,gold_establishments_2025,,,,21820010300016,2025,Collectivité Territoriale,Commune,['Tarn-et-Garonne'],['Occitanie'],COM,{82},{76}
b3496bc0-b6b8-4158-abd3-590ccfa7a762,216400945,Commune de Bardos (64),false,{64094},Commune,2026-03-24 14:42:06.130387+01,gold_establishments_2025,,,,21640094500012,2025,Collectivité Territoriale,Commune,['Pyrénées-Atlantiques'],['Nouvelle-Aquitaine'],COM,{64},{75}
663b1f43-d465-45b6-9f78-9bd77cf8148f,212400246,Commune de Bardou (24),false,{24024},Commune,2026-03-24 14:41:55.958138+01,gold_establishments_2025,,,,21240024600014,2025,Collectivité Territoriale,Commune,['Dordogne'],['Nouvelle-Aquitaine'],COM,{24},{75}
c245f606-6fdc-406c-a5a1-25365070e979,217600568,Commune de Bardouville (76),false,{76056},Commune,2026-03-24 14:42:08.818969+01,gold_establishments_2025,,,,21760056800018,2025,Collectivité Territoriale,Commune,['Seine-Maritime'],['Normandie'],COM,{76},{28}
1cfe13c8-d40c-4607-9ad3-74da08711f20,216500645,Commune de Bareilles (65),false,{65064},Commune,2026-03-24 14:42:06.665412+01,gold_establishments_2025,,,,21650064500017,2025,Collectivité Territoriale,Commune,['Hautes-Pyrénées'],['Occitanie'],COM,{65},{76}
e1f40046-b34f-42ff-9cca-9720b6f2a824,216700203,Commune de Barembach (67),false,{67020},Commune,2026-03-24 14:42:06.665412+01,gold_establishments_2025,,,,21670020300013,2025,Collectivité Territoriale,Commune,['Bas-Rhin'],['Grand Est'],COM,{67},{44}
7417895c-ef60-4dca-a1b0-5911c0c86416,213100464,Commune de Baren (31),false,{31046},Commune,2026-03-24 14:41:57.56054+01,gold_establishments_2025,,,,21310046400014,2025,Collectivité Territoriale,Commune,['Haute-Garonne'],['Occitanie'],COM,{31},{76}
797eb973-9d2e-48c7-af46-e7026cda590c,217600576,Commune de Barentin (76),false,{76057},Commune,2026-03-24 14:42:08.818969+01,gold_establishments_2025,,,,21760057600011,2025,Collectivité Territoriale,Commune,['Seine-Maritime'],['Normandie'],COM,{76},{28}
e4c68b61-70e4-4403-aa7a-799796cd0af0,215000290,Commune de Barenton (50),false,{50029},Commune,2026-03-24 14:42:01.412377+01,gold_establishments_2025,,,,21500029000019,2025,Collectivité Territoriale,Commune,['Manche'],['Normandie'],COM,{50},{28}
d4c082cc-49b2-4ad5-9bd7-d39c495aad3c,210200457,Commune de Barenton-Bugny (02),false,{02046},Commune,2026-03-24 14:41:51.447482+01,gold_establishments_2025,,,,21020045700013,2025,Collectivité Territoriale,Commune,['Aisne'],['Hauts-de-France'],COM,{02},{32}
52cf0709-79ff-431c-bd30-74c8d3776866,210200465,Commune de Barenton-Cel (02),false,{02047},Commune,2026-03-24 14:41:51.447482+01,gold_establishments_2025,,,,21020046500016,2025,Collectivité Territoriale,Commune,['Aisne'],['Hauts-de-France'],COM,{02},{32}
b44cc4a5-d050-44fc-9655-b19409ae33f4,210200473,Commune de Barenton-sur-Serre (02),false,{02048},Commune,2026-03-24 14:41:51.447482+01,gold_establishments_2025,,,,21020047300010,2025,Collectivité Territoriale,Commune,['Aisne'],['Hauts-de-France'],COM,{02},{32}
501b47bf-8faf-4e88-9b82-f927fe6b27b3,215000308,Commune de Barfleur (50),false,{50030},Commune,2026-03-24 14:42:01.412377+01,gold_establishments_2025,,,,21500030800019,2025,Collectivité Territoriale,Commune,['Manche'],['Normandie'],COM,{50},{28}
81ae69d2-f10b-483d-82bf-312c4c45ce85,218300119,Commune de Bargemon (83),false,{83011},Commune,2026-03-24 14:42:10.508772+01,gold_establishments_2025,,,,21830011900011,2025,Collectivité Territoriale,Commune,['Var'],"[""Provence-Alpes-Côte d'Azur""]",COM,{83},{93}
ac6eef22-16bd-47b9-9881-40db48d00d00,212100481,Commune de Barges (21),false,{21048},Commune,2026-03-24 14:41:55.433389+01,gold_establishments_2025,,,,21210048100010,2025,Collectivité Territoriale,Commune,"[""Côte-d'Or""]",['Bourgogne-Franche-Comté'],COM,{21},{27}
31e0c631-d105-401d-8781-b12a0e20d055,214300196,Commune de Barges (43),false,{43019},Commune,2026-03-24 14:42:00.273698+01,gold_establishments_2025,,,,21430019600018,2025,Collectivité Territoriale,Commune,['Haute-Loire'],['Auvergne-Rhône-Alpes'],COM,{43},{84}
4892119d-4e17-43ef-87a6-b02921393ce9,217000496,Commune de Barges (70),false,{70049},Commune,2026-03-24 14:42:07.735343+01,gold_establishments_2025,,,,21700049600018,2025,Collectivité Territoriale,Commune,['Haute-Saône'],['Bourgogne-Franche-Comté'],COM,{70},{27}
f7dba217-8166-4696-8d48-71e198926c97,216000455,Commune de Bargny (60),false,{60046},Commune,2026-03-24 14:42:04.814328+01,gold_establishments_2025,,,,21600045500016,2025,Collectivité Territoriale,Commune,['Oise'],['Hauts-de-France'],COM,{60},{32}
85600a47-9374-4252-95f7-ed5e6bdec4cc,200082881,Commune de Barguelonne-en-Quercy (46),false,{46263},Commune,2026-03-24 14:42:00.862623+01,gold_establishments_2025,,,,20008288100018,2025,Collectivité Territoriale,Commune,['Lot'],['Occitanie'],COM,{46},{76}
ab775a34-5745-4216-913d-d70216076eb2,218300101,Commune de Bargème (83),false,{83010},Commune,2026-03-24 14:42:10.508772+01,gold_establishments_2025,,,,21830010100019,2025,Collectivité Territoriale,Commune,['Var'],"[""Provence-Alpes-Côte d'Azur""]",COM,{83},{93}
72ae7985-893b-4d86-8938-a1e40e88e6b7,213300270,Commune de Barie (33),false,{33027},Commune,2026-03-24 14:41:58.09424+01,gold_establishments_2025,,,,21330027000013,2025,Collectivité Territoriale,Commune,['Gironde'],['Nouvelle-Aquitaine'],COM,{33},{75}
5036dbbc-40a8-4f6e-81b6-0e60b58bef6b,216400952,Commune de Barinque (64),false,{64095},Commune,2026-03-24 14:42:06.130387+01,gold_establishments_2025,,,,21640095200018,2025,Collectivité Territoriale,Commune,['Pyrénées-Atlantiques'],['Nouvelle-Aquitaine'],COM,{64},{75}
df646e80-c38e-4cf2-b6a1-915ea68d1310,215400466,Commune de Barisey-au-Plain (54),false,{54046},Commune,2026-03-24 14:42:02.957225+01,gold_establishments_2025,,,,21540046600011,2025,Collectivité Territoriale,Commune,['Meurthe-et-Moselle'],['Grand Est'],COM,{54},{44}
96b68f8c-730c-4192-ac2a-895561935239,215400474,Commune de Barisey-la-Côte (54),false,{54047},Commune,2026-03-24 14:42:02.957225+01,gold_establishments_2025,,,,21540047400015,2025,Collectivité Territoriale,Commune,['Meurthe-et-Moselle'],['Grand Est'],COM,{54},{44}
59861d9e-ea92-4260-95c8-a254b6e46bfe,210200481,Commune de Barisis-aux-Bois (02),false,{02049},Commune,2026-03-24 14:41:51.447482+01,gold_establishments_2025,,,,21020048100013,2025,Collectivité Territoriale,Commune,['Aisne'],['Hauts-de-France'],COM,{02},{32}
3e66b173-04e7-4857-a2c0-07319ad503b8,217100197,Commune de Barizey (71),false,{71019},Commune,2026-03-24 14:42:07.735343+01,gold_establishments_2025,,,,21710019700011,2025,Collectivité Territoriale,Commune,['Saône-et-Loire'],['Bourgogne-Franche-Comté'],COM,{71},{27}
880e8a3d-b1d5-42c0-8d7f-4ca14fe8c106,210900379,Commune de Barjac (09),false,{09037},Commune,2026-03-24 14:41:53.095366+01,gold_establishments_2025,,,,21090037900012,2025,Collectivité Territoriale,Commune,['Ariège'],['Occitanie'],COM,{09},{76}
05eef7bb-b692-428a-92ea-a279ab9a079d,213000292,Commune de Barjac (30),false,{30029},Commune,2026-03-24 14:41:57.56054+01,gold_establishments_2025,,,,21300029200010,2025,Collectivité Territoriale,Commune,['Gard'],['Occitanie'],COM,{30},{76}
31dedf4b-48f7-4517-8707-a72eea211b58,214800187,Commune de Barjac (48),false,{48018},Commune,2026-03-24 14:42:01.412377+01,gold_establishments_2025,,,,21480018700012,2025,Collectivité Territoriale,Commune,['Lozère'],['Occitanie'],COM,{48},{76}
9a86564d-3792-45c3-add6-a4eb4430f441,218300127,Commune de Barjols (83),false,{83012},Commune,2026-03-24 14:42:10.508772+01,gold_establishments_2025,,,,21830012700014,2025,Collectivité Territoriale,Commune,['Var'],"[""Provence-Alpes-Côte d'Azur""]",COM,{83},{93}
2d87e1bc-f9b1-4733-abeb-3e44f8a6623b,212100499,Commune de Barjon (21),false,{21049},Commune,2026-03-24 14:41:55.433389+01,gold_establishments_2025,,,,21210049900012,2025,Collectivité Territoriale,Commune,"[""Côte-d'Or""]",['Bourgogne-Franche-Comté'],COM,{21},{27}
38302531-db89-4998-b975-af8d9ecf4693,212800247,Commune de Barjouville (28),false,{28024},Commune,2026-03-24 14:41:57.028721+01,gold_establishments_2025,,,,21280024700018,2025,Collectivité Territoriale,Commune,['Eure-et-Loir'],['Centre-Val de Loire'],COM,{28},{24}
00f2f5d4-765a-446c-bf95-c33308a98f7a,210400206,Commune de Barles (04),false,{04020},Commune,2026-03-24 14:41:52.020251+01,gold_establishments_2025,,,,21040020600012,2025,Collectivité Territoriale,Commune,['Alpes-de-Haute-Provence'],"[""Provence-Alpes-Côte d'Azur""]",COM,{04},{93}
f2c4bdb8-ac64-4d46-81e5-bde333f27db5,216500652,Commune de Barlest (65),false,{65065},Commune,2026-03-24 14:42:06.665412+01,gold_establishments_2025,,,,21650065200013,2025,Collectivité Territoriale,Commune,['Hautes-Pyrénées'],['Occitanie'],COM,{65},{76}
7658ce66-2d89-47e2-af6b-0a11f38b124a,218000529,Commune de Barleux (80),false,{80054},Commune,2026-03-24 14:42:09.43682+01,gold_establishments_2025,,,,21800052900014,2025,Collectivité Territoriale,Commune,['Somme'],['Hauts-de-France'],COM,{80},{32}
29cf31c2-aad7-4265-a47b-854f8eb1c19a,211800222,Commune de Barlieu (18),false,{18022},Commune,2026-03-24 14:41:54.903238+01,gold_establishments_2025,,,,21180022200013,2025,Collectivité Territoriale,Commune,['Cher'],['Centre-Val de Loire'],COM,{18},{24}
eba74501-ba45-4ab6-98e4-75714932a8f9,216200832,Commune de Barlin (62),false,{62083},Commune,2026-03-24 14:42:05.597325+01,gold_establishments_2025,,,,21620083200014,2025,Collectivité Territoriale,Commune,['Pas-de-Calais'],['Hauts-de-France'],COM,{62},{32}
56813b91-b293-41d2-8fa0-073507a29da4,216200840,Commune de Barly (62),false,{62084},Commune,2026-03-24 14:42:05.597325+01,gold_establishments_2025,,,,21620084000017,2025,Collectivité Territoriale,Commune,['Pas-de-Calais'],['Hauts-de-France'],COM,{62},{32}
d14fb441-3b7a-49c1-8d29-11265189cb49,218000537,Commune de Barly (80),false,{80055},Commune,2026-03-24 14:42:09.43682+01,gold_establishments_2025,,,,21800053700017,2025,Collectivité Territoriale,Commune,['Somme'],['Hauts-de-France'],COM,{80},{32}
ddb53651-6d9a-4e06-90be-e5b98b1e570c,212800254,Commune de Barmainville (nan),false,{28025},Commune,2026-03-24 14:41:57.028721+01,gold_establishments_2025,,,,21280025400014,2025,Collectivité Territoriale,Commune,[''],[''],COM,,
b7f30fe3-c9fe-476d-9a75-bbf464225aeb,210700258,Commune de Barnas (07),false,{07025},Commune,2026-03-24 14:41:52.562531+01,gold_establishments_2025,,,,21070025800010,2025,Collectivité Territoriale,Commune,['Ardèche'],['Auvergne-Rhône-Alpes'],COM,{07},{84}
a68244b5-f169-4d54-8243-2ad7be3de3d6,212600258,Commune de Barnave (26),false,{26025},Commune,2026-03-24 14:41:56.495197+01,gold_establishments_2025,,,,21260025800017,2025,Collectivité Territoriale,Commune,['Drôme'],['Auvergne-Rhône-Alpes'],COM,{26},{84}
d027b7c5-1626-4c93-bfcc-f09447ad074f,217100205,Commune de Barnay (71),false,{71020},Commune,2026-03-24 14:42:07.735343+01,gold_establishments_2025,,,,21710020500012,2025,Collectivité Territoriale,Commune,['Saône-et-Loire'],['Bourgogne-Franche-Comté'],COM,{71},{27}
3b3b662f-3512-405c-8dc4-78acf0aeebf0,215000316,Commune de Barneville-Carteret (50),false,{50031},Commune,2026-03-24 14:42:01.412377+01,gold_establishments_2025,,,,21500031600012,2025,Collectivité Territoriale,Commune,['Manche'],['Normandie'],COM,{50},{28}
9ff83316-c387-436a-8804-4994dbdbfd68,211400411,Commune de Barneville-la-Bertran (14),false,{14041},Commune,2026-03-24 14:41:53.63825+01,gold_establishments_2025,,,,21140041100016,2025,Collectivité Territoriale,Commune,['Calvados'],['Normandie'],COM,{14},{28}
a86ed4fc-ec32-4ebf-8191-3d6121952744,212700397,Commune de Barneville-sur-Seine (27),false,{27039},Commune,2026-03-24 14:41:56.495197+01,gold_establishments_2025,,,,21270039700012,2025,Collectivité Territoriale,Commune,['Eure'],['Normandie'],COM,{27},{28}
c1888ad5-fda4-42e1-9d5b-a5ddc1a33fde,217600584,Commune de Baromesnil (76),false,{76058},Commune,2026-03-24 14:42:08.818969+01,gold_establishments_2025,,,,21760058400015,2025,Collectivité Territoriale,Commune,['Seine-Maritime'],['Normandie'],COM,{76},{28}
f86a5db1-606b-4b0b-bc85-c621750fe74c,213000300,Commune de Baron (30),false,{30030},Commune,2026-03-24 14:41:57.56054+01,gold_establishments_2025,,,,21300030000011,2025,Collectivité Territoriale,Commune,['Gard'],['Occitanie'],COM,{30},{76}
9d64cd84-b879-4fa0-92e6-5c1e6bfe51d0,213300288,Commune de Baron (33),false,{33028},Commune,2026-03-24 14:41:58.09424+01,gold_establishments_2025,,,,21330028800015,2025,Collectivité Territoriale,Commune,['Gironde'],['Nouvelle-Aquitaine'],COM,{33},{75}
c58aa5ce-7013-486f-87d7-ff017ac23229,216000463,Commune de Baron (60),false,{60047},Commune,2026-03-24 14:42:04.814328+01,gold_establishments_2025,,,,21600046300010,2025,Collectivité Territoriale,Commune,['Oise'],['Hauts-de-France'],COM,{60},{32}
56be4352-3f54-4c36-afef-dfa7c7622486,217100213,Commune de Baron (71),false,{71021},Commune,2026-03-24 14:42:07.735343+01,gold_establishments_2025,,,,21710021300016,2025,Collectivité Territoriale,Commune,['Saône-et-Loire'],['Bourgogne-Franche-Comté'],COM,{71},{27}
317b8d02-9b95-4f5e-b5d7-9157fc21dcb4,211400429,Commune de Baron-sur-Odon (14),false,{14042},Commune,2026-03-24 14:41:53.63825+01,gold_establishments_2025,,,,21140042900018,2025,Collectivité Territoriale,Commune,['Calvados'],['Normandie'],COM,{14},{28}
6740e710-826f-49c0-bcc8-683aba60801f,215700519,Commune de Baronville (57),false,{57051},Commune,2026-03-24 14:42:03.701372+01,gold_establishments_2025,,,,21570051900014,2025,Collectivité Territoriale,Commune,['Moselle'],['Grand Est'],COM,{57},{44}
06b1cf96-deb2-4d61-a624-05a5f9575fd5,211400437,Commune de Barou-en-Auge (14),false,{14043},Commune,2026-03-24 14:41:53.63825+01,gold_establishments_2025,,,,21140043700011,2025,Collectivité Territoriale,Commune,['Calvados'],['Normandie'],COM,{14},{28}
b39c0030-2c78-4fdb-a387-babb7ee0b41e,211000302,Commune de Baroville (10),false,{10032},Commune,2026-03-24 14:41:53.095366+01,gold_establishments_2025,,,,21100030200011,2025,Collectivité Territoriale,Commune,['Aube'],['Grand Est'],COM,{10},{44}
78c5b7a4-2ba6-4adb-b327-fa8202050554,212700405,Commune de Barquet (27),false,{27040},Commune,2026-03-24 14:41:56.495197+01,gold_establishments_2025,,,,21270040500013,2025,Collectivité Territoriale,Commune,['Eure'],['Normandie'],COM,{27},{28}
952b00f4-7346-4433-9e69-d69634a7c845,216700211,Commune de Barr (67),false,{67021},Commune,2026-03-24 14:42:06.665412+01,gold_establishments_2025,,,,21670021100016,2025,Collectivité Territoriale,Commune,['Bas-Rhin'],['Grand Est'],COM,{67},{44}
c5f5b2b0-3bdc-409b-9754-023c8f248acb,210300174,Commune de Barrais-Bussolles (03),false,{03017},Commune,2026-03-24 14:41:52.020251+01,gold_establishments_2025,,,,21030017400013,2025,Collectivité Territoriale,Commune,['Allier'],['Auvergne-Rhône-Alpes'],COM,{03},{84}
beccc58e-43da-4847-8f70-a0ebf7cabcde,213200298,Commune de Barran (32),false,{32029},Commune,2026-03-24 14:41:58.09424+01,gold_establishments_2025,,,,21320029800015,2025,Collectivité Territoriale,Commune,['Gers'],['Occitanie'],COM,{32},{76}
15cd8b99-430e-4d52-9f09-2fa0403fe854,216500660,Commune de Barrancoueu (65),false,{65066},Commune,2026-03-24 14:42:06.665412+01,gold_establishments_2025,,,,21650066000016,2025,Collectivité Territoriale,Commune,['Hautes-Pyrénées'],['Occitanie'],COM,{65},{76}
6720f44b-bf83-48ce-aaa6-f8c68f6a0b61,210400214,Commune de Barras (04),false,{04021},Commune,2026-03-24 14:41:52.020251+01,gold_establishments_2025,,,,21040021400016,2025,Collectivité Territoriale,Commune,['Alpes-de-Haute-Provence'],"[""Provence-Alpes-Côte d'Azur""]",COM,{04},{93}
5567c524-da85-46ee-922d-619997e6f89f,216400960,Commune de Barraute-Camu (64),false,{64096},Commune,2026-03-24 14:42:06.130387+01,gold_establishments_2025,,,,21640096000011,2025,Collectivité Territoriale,Commune,['Pyrénées-Atlantiques'],['Nouvelle-Aquitaine'],COM,{64},{75}
a574940b-f6ca-4c75-8577-518226de2faa,213800279,Commune de Barraux (38),false,{38027},Commune,2026-03-24 14:41:59.160244+01,gold_establishments_2025,,,,21380027900019,2025,Collectivité Territoriale,Commune,['Isère'],['Auvergne-Rhône-Alpes'],COM,{38},{84}
ee520609-99d7-4343-9bf1-f3257f828697,218100238,Commune de Barre (81),false,{81023},Commune,2026-03-24 14:42:09.967209+01,gold_establishments_2025,,,,21810023800011,2025,Collectivité Territoriale,Commune,['Tarn'],['Occitanie'],COM,{81},{76}
fae87c6c-ce60-42d5-a682-670affe7d109,214800195,Commune de Barre-des-Cévennes (48),false,{48019},Commune,2026-03-24 14:42:01.412377+01,gold_establishments_2025,,,,21480019500015,2025,Collectivité Territoriale,Commune,['Lozère'],['Occitanie'],COM,{48},{76}
9a46b16e-80aa-47b1-a83a-fb517931ae04,211600309,Commune de Barret (16),false,{16030},Commune,2026-03-24 14:41:54.362296+01,gold_establishments_2025,,,,21160030900010,2025,Collectivité Territoriale,Commune,['Charente'],['Nouvelle-Aquitaine'],COM,{16},{75}
4c329a55-a9da-425c-a41e-dec5a9caa7fa,212600266,Commune de Barret-de-Lioure (26),false,{26026},Commune,2026-03-24 14:41:56.495197+01,gold_establishments_2025,,,,21260026600010,2025,Collectivité Territoriale,Commune,['Drôme'],['Auvergne-Rhône-Alpes'],COM,{26},{84}
975656ca-6716-4004-a82f-85c784762a92,210500146,Commune de Barret-sur-Méouge (05),false,{05014},Commune,2026-03-24 14:41:52.562531+01,gold_establishments_2025,,,,21050014600019,2025,Collectivité Territoriale,Commune,['Hautes-Alpes'],"[""Provence-Alpes-Côte d'Azur""]",COM,{05},{93}
c4f31cb4-8760-4922-979f-d098476b956b,213900400,Commune de Barretaine (39),false,{39040},Commune,2026-03-24 14:41:59.705606+01,gold_establishments_2025,,,,21390040000010,2025,Collectivité Territoriale,Commune,['Jura'],['Bourgogne-Franche-Comté'],COM,{39},{27}
e5938560-97b3-42e9-bdc9-c3e6e07b4b40,212000301,Commune de Barrettali (2B),false,{2B030},Commune,2026-03-24 14:41:57.56054+01,gold_establishments_2025,,,,21200030100011,2025,Collectivité Territoriale,Commune,['Haute-Corse'],['Corse'],COM,{2B},{94}
1a400a05-c021-432c-8af6-85ba29b5ac45,211500186,Commune de Barriac-les-Bosquets (15),false,{15018},Commune,2026-03-24 14:41:54.362296+01,gold_establishments_2025,,,,21150018600013,2025,Collectivité Territoriale,Commune,['Cantal'],['Auvergne-Rhône-Alpes'],COM,{15},{84}
f75569f9-7f8c-49b1-818b-165fcebcf02a,211600317,Commune de Barro (16),false,{16031},Commune,2026-03-24 14:41:54.362296+01,gold_establishments_2025,,,,21160031700013,2025,Collectivité Territoriale,Commune,['Charente'],['Nouvelle-Aquitaine'],COM,{16},{75}
97184315-9742-4899-9486-3317aaa17bd7,213700198,Commune de Barrou (37),false,{37019},Commune,2026-03-24 14:41:59.160244+01,gold_establishments_2025,,,,21370019800012,2025,Collectivité Territoriale,Commune,['Indre-et-Loire'],['Centre-Val de Loire'],COM,{37},{24}
a427c222-dfee-4eb2-a5b9-5315b704fd17,216500678,Commune de Barry (65),false,{65067},Commune,2026-03-24 14:42:06.665412+01,gold_establishments_2025,,,,21650067800018,2025,Collectivité Territoriale,Commune,['Hautes-Pyrénées'],['Occitanie'],COM,{65},{76}
efcaa763-fca9-4f8f-8278-30bb3cc18ce3,218200111,Commune de Barry-d'Islemade (82),false,{82011},Commune,2026-03-24 14:42:10.508772+01,gold_establishments_2025,,,,21820011100019,2025,Collectivité Territoriale,Commune,['Tarn-et-Garonne'],['Occitanie'],COM,{82},{76}
6445127a-ce9f-42e0-9644-c9bd43ac2050,210400222,Commune de Barrême (04),false,{04022},Commune,2026-03-24 14:41:52.020251+01,gold_establishments_2025,,,,21040022200019,2025,Collectivité Territoriale,Commune,['Alpes-de-Haute-Provence'],"[""Provence-Alpes-Côte d'Azur""]",COM,{04},{93}
c4973160-1408-4b00-93d8-0620e50a09bc,212400253,Commune de Bars (24),false,{24025},Commune,2026-03-24 14:41:55.958138+01,gold_establishments_2025,,,,21240025300010,2025,Collectivité Territoriale,Commune,['Dordogne'],['Nouvelle-Aquitaine'],COM,{24},{75}
58997597-fb03-4235-a077-9c4dee61b2cc,213200306,Commune de Bars (32),false,{32030},Commune,2026-03-24 14:41:58.09424+01,gold_establishments_2025,,,,21320030600016,2025,Collectivité Territoriale,Commune,['Gers'],['Occitanie'],COM,{32},{76}
56052cc3-f78a-47c2-a68c-cacfb4d489c7,212600274,Commune de Barsac (26),false,{26027},Commune,2026-03-24 14:41:56.495197+01,gold_establishments_2025,,,,21260027400014,2025,Collectivité Territoriale,Commune,['Drôme'],['Auvergne-Rhône-Alpes'],COM,{26},{84}
561b5f04-2007-440b-8d8e-5d42ed132d96,213300304,Commune de Barsac (33),false,{33030},Commune,2026-03-24 14:41:58.09424+01,gold_establishments_2025,,,,21330030400010,2025,Collectivité Territoriale,Commune,['Gironde'],['Nouvelle-Aquitaine'],COM,{33},{75}
ec726aba-23bc-4621-a905-e81c7e7e122a,215700527,Commune de Barst (57),false,{57052},Commune,2026-03-24 14:42:03.701372+01,gold_establishments_2025,,,,21570052700017,2025,Collectivité Territoriale,Commune,['Moselle'],['Grand Est'],COM,{57},{44}
bc476431-cfa7-4022-b1d9-d6efee840eb9,212500433,Commune de Bart (25),false,{25043},Commune,2026-03-24 14:41:55.958138+01,gold_establishments_2025,,,,21250043300017,2025,Collectivité Territoriale,Commune,['Doubs'],['Bourgogne-Franche-Comté'],COM,{25},{27}
73667267-c513-4fd8-962e-e5ef4e707ff4,216800219,Commune de Bartenheim (68),false,{68021},Commune,2026-03-24 14:42:07.195692+01,gold_establishments_2025,,,,21680021900018,2025,Collectivité Territoriale,Commune,['Haut-Rhin'],['Grand Est'],COM,{68},{44}
3c688aab-9e30-477a-bdd5-08942b6d4f40,216500686,Commune de Barthe (65),false,{65068},Commune,2026-03-24 14:42:06.665412+01,gold_establishments_2025,,,,21650068600011,2025,Collectivité Territoriale,Commune,['Hautes-Pyrénées'],['Occitanie'],COM,{65},{76}
18cb6a4a-4a4f-40e0-8209-88fe8187a1b3,212500441,Commune de Bartherans (25),false,{25044},Commune,2026-03-24 14:41:55.958138+01,gold_establishments_2025,,,,21250044100010,2025,Collectivité Territoriale,Commune,['Doubs'],['Bourgogne-Franche-Comté'],COM,{25},{27}
277d2ef0-81de-41a5-871f-2fac0ecb762d,216500702,Commune de Bartrès (65),false,{65070},Commune,2026-03-24 14:42:06.665412+01,gold_establishments_2025,,,,21650070200016,2025,Collectivité Territoriale,Commune,['Hautes-Pyrénées'],['Occitanie'],COM,{65},{76}
d37e26fb-bd27-4653-8abb-3f62bfa36765,212700421,Commune de Barville (27),false,{27042},Commune,2026-03-24 14:41:56.495197+01,gold_establishments_2025,,,,21270042100010,2025,Collectivité Territoriale,Commune,['Eure'],['Normandie'],COM,{27},{28}
bc166484-4c28-4586-8109-3eb540e0c2df,216100263,Commune de Barville (61),false,{61026},Commune,2026-03-24 14:42:04.814328+01,gold_establishments_2025,,,,21610026300013,2025,Collectivité Territoriale,Commune,['Orne'],['Normandie'],COM,{61},{28}
d7f13f75-1e0b-47af-a282-b285735be29a,218800365,Commune de Barville (88),false,{88036},Commune,2026-03-24 14:42:11.118516+01,gold_establishments_2025,,,,21880036500049,2025,Collectivité Territoriale,Commune,['Vosges'],['Grand Est'],COM,{88},{44}
153054b5-cf32-44ac-b2b0-9c3a00ba7950,214500217,Commune de Barville-en-Gâtinais (45),false,{45021},Commune,2026-03-24 14:42:00.862623+01,gold_establishments_2025,,,,21450021700010,2025,Collectivité Territoriale,Commune,['Loiret'],['Centre-Val de Loire'],COM,{45},{24}
45aa3797-e142-4c6a-bc1b-68b4860a7424,211700349,Commune de Barzan (17),false,{17034},Commune,2026-03-24 14:41:54.903238+01,gold_establishments_2025,,,,21170034900015,2025,Collectivité Territoriale,Commune,['Charente-Maritime'],['Nouvelle-Aquitaine'],COM,{17},{75}
380088e3-c7eb-4139-81a9-65baf65558a8,216400978,Commune de Barzun (64),false,{64097},Commune,2026-03-24 14:42:06.130387+01,gold_establishments_2025,,,,21640097800013,2025,Collectivité Territoriale,Commune,['Pyrénées-Atlantiques'],['Nouvelle-Aquitaine'],COM,{64},{75}
a974270f-4d1f-4f1d-b5e6-4c9b80442e84,210200499,Commune de Barzy-en-Thiérache (02),false,{02050},Commune,2026-03-24 14:41:51.447482+01,gold_establishments_2025,,,,21020049900015,2025,Collectivité Territoriale,Commune,['Aisne'],['Hauts-de-France'],COM,{02},{32}
0d6ada01-bdde-468f-8b9b-962c94b040b1,210200507,Commune de Barzy-sur-Marne (02),false,{02051},Commune,2026-03-24 14:41:51.447482+01,gold_establishments_2025,,,,21020050700015,2025,Collectivité Territoriale,Commune,['Aisne'],['Hauts-de-France'],COM,{02},{32}
580ba1a7-5699-4d50-a8f3-b5de28c71b6b,216504811,Commune de Barèges (65),false,{65481},Commune,2026-03-24 14:42:06.665412+01,gold_establishments_2025,,,,21650481100011,2025,Collectivité Territoriale,Commune,['Hautes-Pyrénées'],['Occitanie'],COM,{65},{76}
d1bfa0d8-44ea-4f07-abdb-cf92333da2e2,213900384,Commune de Barésia-sur-l'Ain (39),false,{39038},Commune,2026-03-24 14:41:59.705606+01,gold_establishments_2025,,,,21390038400032,2025,Collectivité Territoriale,Commune,['Jura'],['Bourgogne-Franche-Comté'],COM,{39},{27}
a63b5d87-e610-4a4f-936f-36a7db18f4ea,215900507,Commune de Bas-Lieu (59),false,{59050},Commune,2026-03-24 14:42:04.280096+01,gold_establishments_2025,,,,21590050700017,2025,Collectivité Territoriale,Commune,['Nord'],['Hauts-de-France'],COM,{59},{32}
b670625e-1b99-4197-a48c-b12270e4f84e,214000267,Commune de Bas-Mauco (40),false,{40026},Commune,2026-03-24 14:41:59.705606+01,gold_establishments_2025,,,,21400026700010,2025,Collectivité Territoriale,Commune,['Landes'],['Nouvelle-Aquitaine'],COM,{40},{75}
6cbfc8e5-f177-4395-8641-594860f032a7,214300204,Commune de Bas-en-Basset (43),false,{43020},Commune,2026-03-24 14:42:00.273698+01,gold_establishments_2025,,,,21430020400010,2025,Collectivité Territoriale,Commune,['Haute-Loire'],['Auvergne-Rhône-Alpes'],COM,{43},{84}
509ae05c-fc15-43e1-96de-0c6602a9283e,216300301,Commune de Bas-et-Lezat (63),false,{63030},Commune,2026-03-24 14:42:06.130387+01,gold_establishments_2025,,,,21630030100019,2025,Collectivité Territoriale,Commune,['Puy-de-Dôme'],['Auvergne-Rhône-Alpes'],COM,{63},{84}
5d9d415e-2ff2-445b-9d8b-1a7bdc231f30,214000259,Commune de Bascons (40),false,{40025},Commune,2026-03-24 14:41:59.705606+01,gold_establishments_2025,,,,21400025900017,2025,Collectivité Territoriale,Commune,['Landes'],['Nouvelle-Aquitaine'],COM,{40},{75}
fd2a66a7-474f-4e19-af1b-7e97b17077b6,213200314,Commune de Bascous (32),false,{32031},Commune,2026-03-24 14:41:58.09424+01,gold_establishments_2025,,,,21320031400010,2025,Collectivité Territoriale,Commune,['Gers'],['Occitanie'],COM,{32},{76}
f4979f99-9a86-4a48-821e-15a6775129c7,215400490,Commune de Baslieux (54),false,{54049},Commune,2026-03-24 14:42:02.957225+01,gold_establishments_2025,,,,21540049000011,2025,Collectivité Territoriale,Commune,['Meurthe-et-Moselle'],['Grand Est'],COM,{54},{44}
ee7ac923-e180-41ff-857f-a632b6e75d56,215100322,Commune de Baslieux-lès-Fismes (51),false,{51037},Commune,2026-03-24 14:42:01.412377+01,gold_establishments_2025,,,,21510032200019,2025,Collectivité Territoriale,Commune,['Marne'],['Grand Est'],COM,{51},{44}
8831166e-bd42-4cea-a2aa-9544dfb8b396,215100330,Commune de Baslieux-sous-Châtillon (51),false,{51038},Commune,2026-03-24 14:42:01.412377+01,gold_establishments_2025,,,,21510033000012,2025,Collectivité Territoriale,Commune,['Marne'],['Grand Est'],COM,{51},{44}
54bbad28-4a10-496f-89e7-f82ce3d46d28,211400445,Commune de Basly (14),false,{14044},Commune,2026-03-24 14:41:53.63825+01,gold_establishments_2025,,,,21140044500014,2025,Collectivité Territoriale,Commune,['Calvados'],['Normandie'],COM,{14},{28}
16ce4ce8-992a-4dc4-b2c7-9919736e87da,211600325,Commune de Bassac (16),false,{16032},Commune,2026-03-24 14:41:54.362296+01,gold_establishments_2025,,,,21160032500016,2025,Collectivité Territoriale,Commune,['Charente'],['Nouvelle-Aquitaine'],COM,{16},{75}
24637cdb-1497-451f-af12-e534f8ea490c,213400252,Commune de Bassan (34),false,{34025},Commune,2026-03-24 14:41:58.620411+01,gold_establishments_2025,,,,21340025200010,2025,Collectivité Territoriale,Commune,['Hérault'],['Occitanie'],COM,{34},{76}
92d10a1e-9394-498b-b53e-3bc990bad4d4,213300312,Commune de Bassanne (33),false,{33031},Commune,2026-03-24 14:41:58.09424+01,gold_establishments_2025,,,,21330031200013,2025,Collectivité Territoriale,Commune,['Gironde'],['Nouvelle-Aquitaine'],COM,{33},{75}
0b6c76d2-6bd0-469c-a07f-72ef0a697ed3,214400095,Commune de Basse-Goulaine (44),false,{44009},Commune,2026-03-24 14:42:00.273698+01,gold_establishments_2025,,,,21440009500128,2025,Collectivité Territoriale,Commune,['Loire-Atlantique'],['Pays de la Loire'],COM,{44},{52}
11862d6f-28dc-465c-8366-6df2c3621b8f,215702879,Commune de Basse-Ham (57),false,{57287},Commune,2026-03-24 14:42:03.701372+01,gold_establishments_2025,,,,21570287900010,2025,Collectivité Territoriale,Commune,['Moselle'],['Grand Est'],COM,{57},{44}
49e943a4-bf03-42dd-85a1-d39795017a11,219722030,Commune de Basse-Pointe (972),false,{97203},Commune,2026-03-24 14:42:11.659493+01,gold_establishments_2025,,,,21972203000018,2025,Collectivité Territoriale,Commune,['Martinique'],['Martinique'],COM,{972},{02}
41e8b4c5-3c6a-45bc-a3bf-d2e4d43a4ae3,215705740,Commune de Basse-Rentgen (57),false,{57574},Commune,2026-03-24 14:42:04.280096+01,gold_establishments_2025,,,,21570574000011,2025,Collectivité Territoriale,Commune,['Moselle'],['Grand Est'],COM,{57},{44}
a7f19ddb-ed74-4f26-803f-5f869531fa94,219711058,Commune de Basse-Terre (971),false,{97105},Commune,2026-03-24 14:42:11.659493+01,gold_establishments_2025,,,,21971105800012,2025,Collectivité Territoriale,Commune,['Guadeloupe'],['Guadeloupe'],COM,{971},{01}
f3f8bd62-1e09-4e7b-af84-6f464a9d879a,218800373,Commune de Basse-sur-le-Rupt (88),false,{88037},Commune,2026-03-24 14:42:11.118516+01,gold_establishments_2025,,,,21880037300019,2025,Collectivité Territoriale,Commune,['Vosges'],['Grand Est'],COM,{88},{44}
0fa214f1-d69d-46e4-a515-09efab41d5b7,216700229,Commune de Bassemberg (67),false,{67022},Commune,2026-03-24 14:42:06.665412+01,gold_establishments_2025,,,,21670022900018,2025,Collectivité Territoriale,Commune,['Bas-Rhin'],['Grand Est'],COM,{67},{44}
cc4fffbb-d75a-449f-83fa-68961a65c136,211400452,Commune de Basseneville (14),false,{14045},Commune,2026-03-24 14:41:53.63825+01,gold_establishments_2025,,,,21140045200010,2025,Collectivité Territoriale,Commune,['Calvados'],['Normandie'],COM,{14},{28}
73ed16bf-bb2c-4150-acc2-6fcb877f426a,213300320,Commune de Bassens (33),false,{33032},Commune,2026-03-24 14:41:58.09424+01,gold_establishments_2025,,,,21330032000016,2025,Collectivité Territoriale,Commune,['Gironde'],['Nouvelle-Aquitaine'],COM,{33},{75}
b185629a-4004-424d-8dab-f6cc6a876583,217300318,Commune de Bassens (73),false,{73031},Commune,2026-03-24 14:42:08.279287+01,gold_establishments_2025,,,,21730031800011,2025,Collectivité Territoriale,Commune,['Savoie'],['Auvergne-Rhône-Alpes'],COM,{73},{84}
17dc6629-b90b-4c70-89b5-9ed8f6aecc0f,214000275,Commune de Bassercles (40),false,{40027},Commune,2026-03-24 14:41:59.705606+01,gold_establishments_2025,,,,21400027500013,2025,Collectivité Territoriale,Commune,['Landes'],['Nouvelle-Aquitaine'],COM,{40},{75}
14d29574-6f50-47e9-b4ca-471aecb1b42c,218600187,Commune de Basses (86),false,{86018},Commune,2026-03-24 14:42:10.508772+01,gold_establishments_2025,,,,21860018700015,2025,Collectivité Territoriale,Commune,['Vienne'],['Nouvelle-Aquitaine'],COM,{86},{75}
89633295-a5f6-4131-ad90-96626682e19c,216200857,Commune de Basseux (62),false,{62085},Commune,2026-03-24 14:42:05.597325+01,gold_establishments_2025,,,,21620085700011,2025,Collectivité Territoriale,Commune,['Pas-de-Calais'],['Hauts-de-France'],COM,{62},{32}
c5e803f9-80a9-41b1-92d7-0307888172a2,217700244,Commune de Bassevelle (77),false,{77024},Commune,2026-03-24 14:42:08.818969+01,gold_establishments_2025,,,,21770024400015,2025,Collectivité Territoriale,Commune,['Seine-et-Marne'],['Île-de-France'],COM,{77},{11}
193a8ddf-8c28-440b-9b18-f1b57371190f,211500194,Commune de Bassignac (15),false,{15019},Commune,2026-03-24 14:41:54.362296+01,gold_establishments_2025,,,,21150019400017,2025,Collectivité Territoriale,Commune,['Cantal'],['Auvergne-Rhône-Alpes'],COM,{15},{84}
cdbddc8b-88ea-4f8e-b0ac-c83e2271e417,211901707,Commune de Bassignac-le-Bas (19),false,{19017},Commune,2026-03-24 14:41:54.903238+01,gold_establishments_2025,,,,21190170700011,2025,Collectivité Territoriale,Commune,['Corrèze'],['Nouvelle-Aquitaine'],COM,{19},{75}
589eb8e1-a566-4b30-bce3-c0fbeabe9f42,211901806,Commune de Bassignac-le-Haut (19),false,{19018},Commune,2026-03-24 14:41:54.903238+01,gold_establishments_2025,,,,21190180600011,2025,Collectivité Territoriale,Commune,['Corrèze'],['Nouvelle-Aquitaine'],COM,{19},{75}
3acfc574-f4dc-4c71-ba5e-f217ea26a027,217000520,Commune de Bassigney (70),false,{70052},Commune,2026-03-24 14:42:07.735343+01,gold_establishments_2025,,,,21700052000015,2025,Collectivité Territoriale,Commune,['Haute-Saône'],['Bourgogne-Franche-Comté'],COM,{70},{27}
acd148aa-5f92-44e8-9881-913324b736f6,200065159,Commune de Bassillac et Auberoche (24),false,{24026},Commune,2026-03-24 14:41:55.958138+01,gold_establishments_2025,,,,20006515900010,2025,Collectivité Territoriale,Commune,['Dordogne'],['Nouvelle-Aquitaine'],COM,{24},{75}
ef6481ea-b661-40d7-b11f-84ec8a95e423,216400986,Commune de Bassillon-Vauzé (64),false,{64098},Commune,2026-03-24 14:42:06.130387+01,gold_establishments_2025,,,,21640098600016,2025,Collectivité Territoriale,Commune,['Pyrénées-Atlantiques'],['Nouvelle-Aquitaine'],COM,{64},{75}
80fc3399-1f34-440c-81ff-e00baa1548b4,215700535,Commune de Bassing (57),false,{57053},Commune,2026-03-24 14:42:03.701372+01,gold_establishments_2025,,,,21570053500010,2025,Collectivité Territoriale,Commune,['Moselle'],['Grand Est'],COM,{57},{44}
ff33df3e-cf43-4fff-8979-1745058c5cf2,210200515,Commune de Bassoles-Aulers (02),false,{02052},Commune,2026-03-24 14:41:51.447482+01,gold_establishments_2025,,,,21020051500018,2025,Collectivité Territoriale,Commune,['Aisne'],['Hauts-de-France'],COM,{02},{32}
80ed7951-6ef8-438a-af37-5ae449ff6de7,215200262,Commune de Bassoncourt (52),false,{52038},Commune,2026-03-24 14:42:01.954481+01,gold_establishments_2025,,,,21520026200016,2025,Collectivité Territoriale,Commune,['Haute-Marne'],['Grand Est'],COM,{52},{44}
f57b00fe-47a3-4591-8ecf-c56080d9db3d,218900298,Commune de Bassou (89),false,{89029},Commune,2026-03-24 14:42:11.118516+01,gold_establishments_2025,,,,21890029800017,2025,Collectivité Territoriale,Commune,['Yonne'],['Bourgogne-Franche-Comté'],COM,{89},{27}
574d206c-8713-4fe0-851b-3e4e4bc77cad,213200322,Commune de Bassoues (32),false,{32032},Commune,2026-03-24 14:41:58.09424+01,gold_establishments_2025,,,,21320032200013,2025,Collectivité Territoriale,Commune,['Gers'],['Occitanie'],COM,{32},{76}
8a5ff023-86d3-4cab-907e-a87b2d1a7e85,215100348,Commune de Bassu (51),false,{51039},Commune,2026-03-24 14:42:01.412377+01,gold_establishments_2025,,,,21510034800014,2025,Collectivité Territoriale,Commune,['Marne'],['Grand Est'],COM,{51},{44}
0fa5c9d1-dc19-4d7e-b98e-e9d0c2b3a390,215100355,Commune de Bassuet (51),false,{51040},Commune,2026-03-24 14:42:01.412377+01,gold_establishments_2025,,,,21510035500019,2025,Collectivité Territoriale,Commune,['Marne'],['Grand Est'],COM,{51},{44}
b8d34c68-c08e-44eb-bdd7-08c648f1a736,214800203,Commune de Bassurels (48),false,{48020},Commune,2026-03-24 14:42:01.412377+01,gold_establishments_2025,,,,21480020300017,2025,Collectivité Territoriale,Commune,['Lozère'],['Occitanie'],COM,{48},{76}
faf36db3-df40-4968-9527-53aa65d450d4,216401000,Commune de Bassussarry (64),false,{64100},Commune,2026-03-24 14:42:06.130387+01,gold_establishments_2025,,,,21640100000015,2025,Collectivité Territoriale,Commune,['Pyrénées-Atlantiques'],['Nouvelle-Aquitaine'],COM,{64},{75}
144a9f48-a698-4cc2-9815-e820e54642f8,217400290,Commune de Bassy (74),false,{74029},Commune,2026-03-24 14:42:08.279287+01,gold_establishments_2025,,,,21740029000011,2025,Collectivité Territoriale,Commune,['Haute-Savoie'],['Auvergne-Rhône-Alpes'],COM,{74},{84}
fdc457ea-be5e-4e02-8860-ba76e88ad902,216400994,Commune de Bastanès (64),false,{64099},Commune,2026-03-24 14:42:06.130387+01,gold_establishments_2025,,,,21640099400010,2025,Collectivité Territoriale,Commune,['Pyrénées-Atlantiques'],['Nouvelle-Aquitaine'],COM,{64},{75}
9f2c56bb-664a-425b-b70d-684700b2b04d,212000319,Commune de Bastelica (2A),false,{2A031},Commune,2026-03-24 14:41:57.56054+01,gold_establishments_2025,,,,21200031900013,2025,Collectivité Territoriale,Commune,['Corse-du-Sud'],['Corse'],COM,{2A},{94}
188ee870-6d0b-4671-8181-8378a1d979da,212000327,Commune de Bastelicaccia (2A),false,{2A032},Commune,2026-03-24 14:41:57.56054+01,gold_establishments_2025,,,,21200032700016,2025,Collectivité Territoriale,Commune,['Corse-du-Sud'],['Corse'],COM,{2A},{94}
9ce4d830-7323-4fad-9149-beb65aa92e87,214000283,Commune de Bastennes (40),false,{40028},Commune,2026-03-24 14:41:59.705606+01,gold_establishments_2025,,,,21400028300017,2025,Collectivité Territoriale,Commune,['Landes'],['Nouvelle-Aquitaine'],COM,{40},{75}
e79df904-37e3-4fbb-9ad3-17dfc78d54d5,212000335,Commune de Bastia (2B),false,{2B033},Commune,2026-03-24 14:41:57.56054+01,gold_establishments_2025,,,,21200033500019,2025,Collectivité Territoriale,Commune,['Haute-Corse'],['Corse'],COM,{2B},{94}
806e99b0-6cfd-4044-bc3f-873b77281341,212301709,Commune de Basville (23),false,{23017},Commune,2026-03-24 14:41:55.958138+01,gold_establishments_2025,,,,21230170900011,2025,Collectivité Territoriale,Commune,['Creuse'],['Nouvelle-Aquitaine'],COM,{23},{75}
9ca4918d-3956-4f79-8064-409ba7868443,215400508,Commune de Bathelémont (54),false,{54050},Commune,2026-03-24 14:42:02.957225+01,gold_establishments_2025,,,,21540050800010,2025,Collectivité Territoriale,Commune,['Meurthe-et-Moselle'],['Grand Est'],COM,{54},{44}
d7ed6c08-0ec2-4768-af8e-dfd1d1a09ab9,212600282,Commune de Bathernay (26),false,{26028},Commune,2026-03-24 14:41:56.495197+01,gold_establishments_2025,,,,21260028200017,2025,Collectivité Territoriale,Commune,['Drôme'],['Auvergne-Rhône-Alpes'],COM,{26},{84}
117afe5f-847b-40ba-945f-9800d8e9ef8f,215400516,Commune de Batilly (54),false,{54051},Commune,2026-03-24 14:42:02.957225+01,gold_establishments_2025,,,,21540051600013,2025,Collectivité Territoriale,Commune,['Meurthe-et-Moselle'],['Grand Est'],COM,{54},{44}
2c6d8d38-eb74-4046-b49f-4370ff576310,214500225,Commune de Batilly-en-Gâtinais (45),false,{45022},Commune,2026-03-24 14:42:00.862623+01,gold_establishments_2025,,,,21450022500013,2025,Collectivité Territoriale,Commune,['Loiret'],['Centre-Val de Loire'],COM,{45},{24}
0bb22e28-c5e6-4d70-aa6f-a4cace86d9f9,214500233,Commune de Batilly-en-Puisaye (45),false,{45023},Commune,2026-03-24 14:42:00.862623+01,gold_establishments_2025,,,,21450023300017,2025,Collectivité Territoriale,Commune,['Loiret'],['Centre-Val de Loire'],COM,{45},{24}
ffcf90a9-86b1-4a05-8c26-5d5d501efba6,214000291,Commune de Bats (40),false,{40029},Commune,2026-03-24 14:41:59.705606+01,gold_establishments_2025,,,,21400029100010,2025,Collectivité Territoriale,Commune,['Landes'],['Nouvelle-Aquitaine'],COM,{40},{75}
e517c635-67d0-4d79-a044-5b5e54a2052b,216500710,Commune de Batsère (65),false,{65071},Commune,2026-03-24 14:42:06.665412+01,gold_establishments_2025,,,,21650071000019,2025,Collectivité Territoriale,Commune,['Hautes-Pyrénées'],['Occitanie'],COM,{65},{76}
0bb450d1-3b88-48c0-80c9-47bd272a8424,212500466,Commune de Battenans-Varin (25),false,{25046},Commune,2026-03-24 14:41:55.958138+01,gold_establishments_2025,,,,21250046600017,2025,Collectivité Territoriale,Commune,['Doubs'],['Bourgogne-Franche-Comté'],COM,{25},{27}
de122d4c-9dee-472b-af58-163c595261ad,212500458,Commune de Battenans-les-Mines (25),false,{25045},Commune,2026-03-24 14:41:55.958138+01,gold_establishments_2025,,,,21250045800014,2025,Collectivité Territoriale,Commune,['Doubs'],['Bourgogne-Franche-Comté'],COM,{25},{27}
54fdf89e-bba7-46b6-87c6-f569a3f8a7a7,216800227,Commune de Battenheim (68),false,{68022},Commune,2026-03-24 14:42:07.195692+01,gold_establishments_2025,,,,21680022700011,2025,Collectivité Territoriale,Commune,['Haut-Rhin'],['Grand Est'],COM,{68},{44}
6479d050-bf09-43f5-82c9-5a728c946ab5,218800381,Commune de Battexey (88),false,{88038},Commune,2026-03-24 14:42:11.118516+01,gold_establishments_2025,,,,21880038100012,2025,Collectivité Territoriale,Commune,['Vosges'],['Grand Est'],COM,{88},{44}
cd902a01-4cbc-427c-a876-c2a212eeef63,215400524,Commune de Battigny (54),false,{54052},Commune,2026-03-24 14:42:02.957225+01,gold_establishments_2025,,,,21540052400017,2025,Collectivité Territoriale,Commune,['Meurthe-et-Moselle'],['Grand Est'],COM,{54},{44}
17e84a1b-d43f-41e3-8ebc-94f4d8f005f5,217000546,Commune de Battrans (70),false,{70054},Commune,2026-03-24 14:42:07.735343+01,gold_establishments_2025,,,,21700054600010,2025,Collectivité Territoriale,Commune,['Haute-Saône'],['Bourgogne-Franche-Comté'],COM,{70},{27}
c51d5725-f8ef-45c5-8a43-796f4168c5ca,214400103,Commune de Batz-sur-Mer (44),false,{44010},Commune,2026-03-24 14:42:00.273698+01,gold_establishments_2025,,,,21440010300013,2025,Collectivité Territoriale,Commune,['Loire-Atlantique'],['Pays de la Loire'],COM,{44},{52}
e7327089-6aa9-404c-8527-ecf9c73f6e8c,216700237,Commune de Batzendorf (67),false,{67023},Commune,2026-03-24 14:42:06.665412+01,gold_establishments_2025,,,,21670023700011,2025,Collectivité Territoriale,Commune,['Bas-Rhin'],['Grand Est'],COM,{67},{44}
5ccbcc27-61d2-4771-934f-0a88aa91d264,212100507,Commune de Baubigny (21),false,{21050},Commune,2026-03-24 14:41:55.433389+01,gold_establishments_2025,,,,21210050700012,2025,Collectivité Territoriale,Commune,"[""Côte-d'Or""]",['Bourgogne-Franche-Comté'],COM,{21},{27}
1a05dd57-0866-4458-b290-7115370a274e,215000332,Commune de Baubigny (50),false,{50033},Commune,2026-03-24 14:42:01.412377+01,gold_establishments_2025,,,,21500033200019,2025,Collectivité Territoriale,Commune,['Manche'],['Normandie'],COM,{50},{28}
c8ef0e24-6658-46a3-b740-d487e8ca71d8,215600107,Commune de Baud (56),false,{56010},Commune,2026-03-24 14:42:03.701372+01,gold_establishments_2025,,,,21560010700019,2025,Collectivité Territoriale,Commune,['Morbihan'],['Bretagne'],COM,{56},{53}
26958796-3bd8-4d8a-b782-d214bc5a4fb4,215100363,Commune de Baudement (51),false,{51041},Commune,2026-03-24 14:42:01.412377+01,gold_establishments_2025,,,,21510036300013,2025,Collectivité Territoriale,Commune,['Marne'],['Grand Est'],COM,{51},{44}
0ef2c0fd-9e70-4709-a8c5-2423eadc5434,217100221,Commune de Baudemont (71),false,{71022},Commune,2026-03-24 14:42:07.735343+01,gold_establishments_2025,,,,21710022100019,2025,Collectivité Territoriale,Commune,['Saône-et-Loire'],['Bourgogne-Franche-Comté'],COM,{71},{27}
82266c8a-7cf5-43a7-b003-eef96b2eef0f,214000309,Commune de Baudignan (40),false,{40030},Commune,2026-03-24 14:41:59.705606+01,gold_establishments_2025,,,,21400030900010,2025,Collectivité Territoriale,Commune,['Landes'],['Nouvelle-Aquitaine'],COM,{40},{75}
05dc8a87-7ce8-4cd5-8ea6-c0451104b3b3,218300143,Commune de Baudinard-sur-Verdon (83),false,{83014},Commune,2026-03-24 14:42:10.508772+01,gold_establishments_2025,,,,21830014300011,2025,Collectivité Territoriale,Commune,['Var'],"[""Provence-Alpes-Côte d'Azur""]",COM,{83},{93}
459bf463-1845-4a61-ac6a-0b749d560b42,217000553,Commune de Baudoncourt (70),false,{70055},Commune,2026-03-24 14:42:07.735343+01,gold_establishments_2025,,,,21700055300016,2025,Collectivité Territoriale,Commune,['Haute-Saône'],['Bourgogne-Franche-Comté'],COM,{70},{27}
046ef8ba-d138-457d-b138-6201b2d24f2e,215500315,Commune de Baudonvilliers (55),false,{55031},Commune,2026-03-24 14:42:02.957225+01,gold_establishments_2025,,,,21550031500035,2025,Collectivité Territoriale,Commune,['Meuse'],['Grand Est'],COM,{55},{44}
5a5df5f1-d182-4501-a163-0e95eb2bda7b,215000340,Commune de Baudre (50),false,{50034},Commune,2026-03-24 14:42:01.412377+01,gold_establishments_2025,,,,21500034000012,2025,Collectivité Territoriale,Commune,['Manche'],['Normandie'],COM,{50},{28}
18025ee7-f0d2-4a23-80c7-8ca50e917665,215200270,Commune de Baudrecourt (52),false,{52039},Commune,2026-03-24 14:42:01.954481+01,gold_establishments_2025,,,,21520027000019,2025,Collectivité Territoriale,Commune,['Haute-Marne'],['Grand Est'],COM,{52},{44}
affecea2-04b0-4098-bbd4-d98295b35449,215700543,Commune de Baudrecourt (57),false,{57054},Commune,2026-03-24 14:42:03.701372+01,gold_establishments_2025,,,,21570054300014,2025,Collectivité Territoriale,Commune,['Moselle'],['Grand Est'],COM,{57},{44}
ea5e4b0e-7196-4646-8ee8-a2c791c90c63,216401018,Commune de Baudreix (64),false,{64101},Commune,2026-03-24 14:42:06.130387+01,gold_establishments_2025,,,,21640101800017,2025,Collectivité Territoriale,Commune,['Pyrénées-Atlantiques'],['Nouvelle-Aquitaine'],COM,{64},{75}
aef1e177-0a96-4e8a-a8b9-391c85035672,213600133,Commune de Baudres (36),false,{36013},Commune,2026-03-24 14:41:59.160244+01,gold_establishments_2025,,,,21360013300010,2025,Collectivité Territoriale,Commune,['Indre'],['Centre-Val de Loire'],COM,{36},{24}
fb719d53-6fe0-4b3f-b05b-43344d9f597d,212800262,Commune de Baudreville (28),false,{28026},Commune,2026-03-24 14:41:57.028721+01,gold_establishments_2025,,,,21280026200017,2025,Collectivité Territoriale,Commune,['Eure-et-Loir'],['Centre-Val de Loire'],COM,{28},{24}
baa35c2f-a3a2-4102-9b8f-9182003f7edf,218800399,Commune de Baudricourt (88),false,{88039},Commune,2026-03-24 14:42:11.118516+01,gold_establishments_2025,,,,21880039900014,2025,Collectivité Territoriale,Commune,['Vosges'],['Grand Est'],COM,{88},{44}
278f1b19-de5e-45de-b286-299534b711f8,217100239,Commune de Baudrières (71),false,{71023},Commune,2026-03-24 14:42:07.735343+01,gold_establishments_2025,,,,21710023900011,2025,Collectivité Territoriale,Commune,['Saône-et-Loire'],['Bourgogne-Franche-Comté'],COM,{71},{27}
94648d0a-f7d2-4791-adab-2423d83e6520,215500323,Commune de Baudrémont (55),false,{55032},Commune,2026-03-24 14:42:02.957225+01,gold_establishments_2025,,,,21550032300013,2025,Collectivité Territoriale,Commune,['Meuse'],['Grand Est'],COM,{55},{44}
24fd5c8e-6162-4f31-9548-fa64b141f70a,218300150,Commune de Bauduen (83),false,{83015},Commune,2026-03-24 14:42:10.508772+01,gold_establishments_2025,,,,21830015000016,2025,Collectivité Territoriale,Commune,['Var'],"[""Provence-Alpes-Côte d'Azur""]",COM,{83},{93}
10005e6c-7076-42cd-ab4e-250c4ea950fe,200083798,Commune de Baugy (18),false,{18023},Commune,2026-03-24 14:41:54.903238+01,gold_establishments_2025,,,,20008379800013,2025,Collectivité Territoriale,Commune,['Cher'],['Centre-Val de Loire'],COM,{18},{24}
a5f850a8-7711-4c8b-a3aa-38efdb6d9150,216000471,Commune de Baugy (60),false,{60048},Commune,2026-03-24 14:42:04.814328+01,gold_establishments_2025,,,,21600047100013,2025,Collectivité Territoriale,Commune,['Oise'],['Hauts-de-France'],COM,{60},{32}
6817d64d-0235-4b91-b148-d32d5c989678,217100247,Commune de Baugy (71),false,{71024},Commune,2026-03-24 14:42:07.735343+01,gold_establishments_2025,,,,21710024700014,2025,Collectivité Territoriale,Commune,['Saône-et-Loire'],['Bourgogne-Franche-Comté'],COM,{71},{27}
01315ff1-088a-488c-a129-831ce6421e6d,200052702,Commune de Baugé-en-Anjou (49),false,{49018},Commune,2026-03-24 14:42:01.412377+01,gold_establishments_2025,,,,20005270200012,2025,Collectivité Territoriale,Commune,['Maine-et-Loire'],['Pays de la Loire'],COM,{49},{52}
cd2ee163-bd26-449b-8355-69d93ec9a57f,217000561,Commune de Baulay (70),false,{70056},Commune,2026-03-24 14:42:07.735343+01,gold_establishments_2025,,,,21700056100019,2025,Collectivité Territoriale,Commune,['Haute-Saône'],['Bourgogne-Franche-Comté'],COM,{70},{27}
d1a04e89-30b5-490c-9323-74b6058e9395,214500241,Commune de Baule (45),false,{45024},Commune,2026-03-24 14:42:00.862623+01,gold_establishments_2025,,,,21450024100010,2025,Collectivité Territoriale,Commune,['Loiret'],['Centre-Val de Loire'],COM,{45},{24}
dbc12b66-047c-4f09-84e9-5f6b52eac597,212100515,Commune de Baulme-la-Roche (21),false,{21051},Commune,2026-03-24 14:41:55.433389+01,gold_establishments_2025,,,,21210051500015,2025,Collectivité Territoriale,Commune,"[""Côte-d'Or""]",['Bourgogne-Franche-Comté'],COM,{21},{27}
18d64295-eec4-402d-b6ac-45e041aa991c,219100476,Commune de Baulne (91),false,{91047},Commune,2026-03-24 14:42:11.659493+01,gold_establishments_2025,,,,21910047600015,2025,Collectivité Territoriale,Commune,['Essonne'],['Île-de-France'],COM,{91},{11}
e9cd889b-a182-4cc1-938b-bbe7e70a5b27,215500331,Commune de Baulny (55),false,{55033},Commune,2026-03-24 14:42:02.957225+01,gold_establishments_2025,,,,21550033100016,2025,Collectivité Territoriale,Commune,['Meuse'],['Grand Est'],COM,{55},{44}
68c0ac21-0238-474a-b3d7-7d249bd3169f,213500168,Commune de Baulon (35),false,{35016},Commune,2026-03-24 14:41:58.620411+01,gold_establishments_2025,,,,21350016800017,2025,Collectivité Territoriale,Commune,['Ille-et-Vilaine'],['Bretagne'],COM,{35},{53}
7bf4b44f-e992-4a0a-8e8b-8dad9134e7bf,210900445,Commune de Baulou (09),false,{09044},Commune,2026-03-24 14:41:53.095366+01,gold_establishments_2025,,,,21090044500011,2025,Collectivité Territoriale,Commune,['Ariège'],['Occitanie'],COM,{09},{76}
fb1201d4-25d7-4cab-b428-e1f308c5d284,212500474,Commune de Baume-les-Dames (25),false,{25047},Commune,2026-03-24 14:41:55.958138+01,gold_establishments_2025,,,,21250047400011,2025,Collectivité Territoriale,Commune,['Doubs'],['Bourgogne-Franche-Comté'],COM,{25},{27}
c5913313-4fdc-45c7-a050-040d398d09da,213900418,Commune de Baume-les-Messieurs (39),false,{39041},Commune,2026-03-24 14:41:59.705606+01,gold_establishments_2025,,,,21390041800012,2025,Collectivité Territoriale,Commune,['Jura'],['Bourgogne-Franche-Comté'],COM,{39},{27}
c0f21ec8-860e-4d38-963f-1e16d4c75f0f,215000365,Commune de Baupte (50),false,{50036},Commune,2026-03-24 14:42:01.412377+01,gold_establishments_2025,,,,21500036500019,2025,Collectivité Territoriale,Commune,['Manche'],['Normandie'],COM,{50},{28}
4264c0a2-c323-4ef4-8fd6-69643694cafa,213300338,Commune de Baurech (33),false,{33033},Commune,2026-03-24 14:41:58.09424+01,gold_establishments_2025,,,,21330033800018,2025,Collectivité Territoriale,Commune,['Gironde'],['Nouvelle-Aquitaine'],COM,{33},{75}
81c12e5a-a8d3-4afe-91c3-1ea16924a1e6,215900523,Commune de Bauvin (59),false,{59052},Commune,2026-03-24 14:42:04.280096+01,gold_establishments_2025,,,,21590052300014,2025,Collectivité Territoriale,Commune,['Nord'],['Hauts-de-France'],COM,{59},{32}
1ea3b49e-35b2-43f5-9cc6-e45baa3d9455,215400532,Commune de Bauzemont (54),false,{54053},Commune,2026-03-24 14:42:02.957225+01,gold_establishments_2025,,,,21540053200010,2025,Collectivité Territoriale,Commune,['Meurthe-et-Moselle'],['Grand Est'],COM,{54},{44}
74cc2d25-d7a5-405f-bdb2-4be5b32c26d8,214100133,Commune de Bauzy (41),false,{41013},Commune,2026-03-24 14:41:59.705606+01,gold_establishments_2025,,,,21410013300013,2025,Collectivité Territoriale,Commune,['Loir-et-Cher'],['Centre-Val de Loire'],COM,{41},{24}
be9b9a73-6202-4fe4-ba62-9a9cd742384c,212500482,Commune de Bavans (25),false,{25048},Commune,2026-03-24 14:41:55.958138+01,gold_establishments_2025,,,,21250048200014,2025,Collectivité Territoriale,Commune,['Doubs'],['Bourgogne-Franche-Comté'],COM,{25},{27}
e5df95a3-0c8b-40ae-b487-b9abe288888d,215900531,Commune de Bavay (59),false,{59053},Commune,2026-03-24 14:42:04.280096+01,gold_establishments_2025,,,,21590053100017,2025,Collectivité Territoriale,Commune,['Nord'],['Hauts-de-France'],COM,{59},{32}
5958845a-0164-49d0-92b7-394500e9be31,218000545,Commune de Bavelincourt (80),false,{80056},Commune,2026-03-24 14:42:09.43682+01,gold_establishments_2025,,,,21800054500010,2025,Collectivité Territoriale,Commune,['Somme'],['Hauts-de-France'],COM,{80},{32}
c80867fe-13cd-46da-9374-bf25c8f112bb,211400460,Commune de Bavent (14),false,{14046},Commune,2026-03-24 14:41:53.63825+01,gold_establishments_2025,,,,21140046000013,2025,Collectivité Territoriale,Commune,['Calvados'],['Normandie'],COM,{14},{28}
c1781370-c873-4baa-ad8b-2115b361b551,213900426,Commune de Baverans (39),false,{39042},Commune,2026-03-24 14:41:59.705606+01,gold_establishments_2025,,,,21390042600015,2025,Collectivité Territoriale,Commune,['Jura'],['Bourgogne-Franche-Comté'],COM,{39},{27}
72d7117f-1184-4926-b170-44869a6475c1,219000080,Commune de Bavilliers (90),false,{90008},Commune,2026-03-24 14:42:11.659493+01,gold_establishments_2025,,,,21900008000016,2025,Collectivité Territoriale,Commune,['Territoire de Belfort'],['Bourgogne-Franche-Comté'],COM,{90},{27}
85b1fdbc-a8bd-4cb6-ade3-cc1779ce9a68,215900549,Commune de Bavinchove (59),false,{59054},Commune,2026-03-24 14:42:04.280096+01,gold_establishments_2025,,,,21590054900019,2025,Collectivité Territoriale,Commune,['Nord'],['Hauts-de-France'],COM,{59},{32}
30838da5-9eb3-4211-81ef-4ae2896d54aa,216200865,Commune de Bavincourt (62),false,{62086},Commune,2026-03-24 14:42:05.597325+01,gold_establishments_2025,,,,21620086500014,2025,Collectivité Territoriale,Commune,['Pas-de-Calais'],['Hauts-de-France'],COM,{62},{32}
9b726068-20ae-43e0-a79d-41e9181784a6,213100472,Commune de Bax (31),false,{31047},Commune,2026-03-24 14:41:57.56054+01,gold_establishments_2025,,,,21310047200017,2025,Collectivité Territoriale,Commune,['Haute-Garonne'],['Occitanie'],COM,{31},{76}
d4a6de54-3274-4e33-a4f8-c90d771dc763,217000579,Commune de Bay (70),false,{70057},Commune,2026-03-24 14:42:07.735343+01,gold_establishments_2025,,,,21700057900011,2025,Collectivité Territoriale,Commune,['Haute-Saône'],['Bourgogne-Franche-Comté'],COM,{70},{27}
c350cd68-de07-4c69-9e6e-ed60660440c7,215200288,Commune de Bay-sur-Aube (52),false,{52040},Commune,2026-03-24 14:42:01.954481+01,gold_establishments_2025,,,,21520028800011,2025,Collectivité Territoriale,Commune,['Haute-Marne'],['Grand Est'],COM,{52},{44}
62bae0df-4a3d-4799-95a3-84cd0deba1bb,212400279,Commune de Bayac (24),false,{24027},Commune,2026-03-24 14:41:55.958138+01,gold_establishments_2025,,,,21240027900015,2025,Collectivité Territoriale,Commune,['Dordogne'],['Nouvelle-Aquitaine'],COM,{24},{75}
21ab0a8f-75f1-4054-95e6-943ee8edf90c,215201906,Commune de Bayard-sur-Marne (52),false,{52265},Commune,2026-03-24 14:42:01.954481+01,gold_establishments_2025,,,,21520190600017,2025,Collectivité Territoriale,Commune,['Haute-Marne'],['Grand Est'],COM,{52},{44}
be91cdff-2dbc-4111-b604-ea9909b5f56f,213300346,Commune de Bayas (33),false,{33034},Commune,2026-03-24 14:41:58.09424+01,gold_establishments_2025,,,,21330034600011,2025,Collectivité Territoriale,Commune,['Gironde'],['Nouvelle-Aquitaine'],COM,{33},{75}
9c99f1ee-a5ff-4f23-a8c0-e4924d9b36e9,212900054,Commune de Baye (29),false,{29005},Commune,2026-03-24 14:41:57.028721+01,gold_establishments_2025,,,,21290005400017,2025,Collectivité Territoriale,Commune,['Finistère'],['Bretagne'],COM,{29},{53}
eb2d4191-8b1b-42c8-9b69-5f61098a3649,215100371,Commune de Baye (51),false,{51042},Commune,2026-03-24 14:42:01.412377+01,gold_establishments_2025,,,,21510037100016,2025,Collectivité Territoriale,Commune,['Marne'],['Grand Est'],COM,{51},{44}
b442fdea-9570-4e81-becb-3982b805d78d,218800407,Commune de Bayecourt (88),false,{88040},Commune,2026-03-24 14:42:11.118516+01,gold_establishments_2025,,,,21880040700015,2025,Collectivité Territoriale,Commune,['Vosges'],['Grand Est'],COM,{88},{44}
142998e9-9aba-400e-98be-ff5947c743a4,211000336,Commune de Bayel (10),false,{10035},Commune,2026-03-24 14:41:53.095366+01,gold_establishments_2025,,,,21100033600019,2025,Collectivité Territoriale,Commune,['Aube'],['Grand Est'],COM,{10},{44}
9fdd6507-96ce-4e0a-ab2c-e6f17438f403,218000552,Commune de Bayencourt (80),false,{80057},Commune,2026-03-24 14:42:09.43682+01,gold_establishments_2025,,,,21800055200016,2025,Collectivité Territoriale,Commune,['Somme'],['Hauts-de-France'],COM,{80},{32}
f481027d-5b16-4faf-a158-d341e880684c,216200881,Commune de Bayenghem-lès-Seninghem (62),false,{62088},Commune,2026-03-24 14:42:05.597325+01,gold_establishments_2025,,,,21620088100037,2025,Collectivité Territoriale,Commune,['Pas-de-Calais'],['Hauts-de-France'],COM,{62},{32}
0d6740a2-dec8-45da-bbeb-d1b6a5d21f29,216200873,Commune de Bayenghem-lès-Éperlecques (62),false,{62087},Commune,2026-03-24 14:42:05.597325+01,gold_establishments_2025,,,,21620087300042,2025,Collectivité Territoriale,Commune,['Pas-de-Calais'],['Hauts-de-France'],COM,{62},{32}
3b643829-ad2e-41e3-b85b-a61227a94a1b,210300182,Commune de Bayet (03),false,{03018},Commune,2026-03-24 14:41:52.020251+01,gold_establishments_2025,,,,21030018200016,2025,Collectivité Territoriale,Commune,['Allier'],['Auvergne-Rhône-Alpes'],COM,{03},{84}
b2c19fdc-2854-42ac-80d8-d7bbc39c3757,211400478,Commune de Bayeux (14),false,{14047},Commune,2026-03-24 14:41:53.63825+01,gold_establishments_2025,,,,21140047800015,2025,Collectivité Territoriale,Commune,['Calvados'],['Normandie'],COM,{14},{28}
f413bf26-6886-4ecd-a87b-2ab5ff3ebd52,215400540,Commune de Bayon (54),false,{54054},Commune,2026-03-24 14:42:02.957225+01,gold_establishments_2025,,,,21540054000088,2025,Collectivité Territoriale,Commune,['Meurthe-et-Moselle'],['Grand Est'],COM,{54},{44}
44957f70-c6c3-469c-83f3-693ff535e449,213300353,Commune de Bayon-sur-Gironde (33),false,{33035},Commune,2026-03-24 14:41:58.09424+01,gold_establishments_2025,,,,21330035300017,2025,Collectivité Territoriale,Commune,['Gironde'],['Nouvelle-Aquitaine'],COM,{33},{75}
773157dc-9c77-4bd3-a7ed-fcf9665b51ca,216401026,Commune de Bayonne (64),false,{64102},Commune,2026-03-24 14:42:06.130387+01,gold_establishments_2025,,,,21640102600366,2025,Collectivité Territoriale,Commune,['Pyrénées-Atlantiques'],['Nouvelle-Aquitaine'],COM,{64},{75}
fbe214fb-77be-4b46-8ae4-28b0f0f1c0e3,210400230,Commune de Bayons (04),false,{04023},Commune,2026-03-24 14:41:52.020251+01,gold_establishments_2025,,,,21040023000012,2025,Collectivité Territoriale,Commune,['Alpes-de-Haute-Provence'],"[""Provence-Alpes-Côte d'Azur""]",COM,{04},{93}
98e638e6-4834-446e-99cd-7a578ae3c163,210800470,Commune de Bayonville (08),false,{08052},Commune,2026-03-24 14:41:52.562531+01,gold_establishments_2025,,,,21080047000010,2025,Collectivité Territoriale,Commune,['Ardennes'],['Grand Est'],COM,{08},{44}
17b05f85-aeb9-4930-89d5-be87c7be456c,215400557,Commune de Bayonville-sur-Mad (54),false,{54055},Commune,2026-03-24 14:42:02.957225+01,gold_establishments_2025,,,,21540055700017,2025,Collectivité Territoriale,Commune,['Meurthe-et-Moselle'],['Grand Est'],COM,{54},{44}
a98cb58e-b69a-4832-a09c-077c1c141d5a,218000560,Commune de Bayonvillers (80),false,{80058},Commune,2026-03-24 14:42:09.43682+01,gold_establishments_2025,,,,21800056000019,2025,Collectivité Territoriale,Commune,['Somme'],['Hauts-de-France'],COM,{80},{32}
de7e0d37-66ac-4bd1-830e-f4d00920645d,211600341,Commune de Bazac (16),false,{16034},Commune,2026-03-24 14:41:54.362296+01,gold_establishments_2025,,,,21160034100013,2025,Collectivité Territoriale,Commune,['Charente'],['Nouvelle-Aquitaine'],COM,{16},{75}
b9b93e40-7bbc-4d63-b623-e3877d78af01,213600141,Commune de Bazaiges (36),false,{36014},Commune,2026-03-24 14:41:59.160244+01,gold_establishments_2025,,,,21360014100013,2025,Collectivité Territoriale,Commune,['Indre'],['Centre-Val de Loire'],COM,{36},{24}
13afe1f7-23cf-4482-a614-3dc4b4f57ee9,215400565,Commune de Bazailles (54),false,{54056},Commune,2026-03-24 14:42:02.957225+01,gold_establishments_2025,,,,21540056500010,2025,Collectivité Territoriale,Commune,['Meurthe-et-Moselle'],['Grand Est'],COM,{54},{44}
47e8aa69-45d5-4c39-a90a-66a56df01be6,217800481,Commune de Bazainville (78),false,{78048},Commune,2026-03-24 14:42:09.43682+01,gold_establishments_2025,,,,21780048100012,2025,Collectivité Territoriale,Commune,['Yvelines'],['Île-de-France'],COM,{78},{11}
96cbc2a6-06aa-4edf-a8e0-cf359c9e6011,215100389,Commune de Bazancourt (51),false,{51043},Commune,2026-03-24 14:42:01.412377+01,gold_establishments_2025,,,,21510038900018,2025,Collectivité Territoriale,Commune,['Marne'],['Grand Est'],COM,{51},{44}
793ef7ef-0563-414e-bb2e-8eb522818748,216000489,Commune de Bazancourt (60),false,{60049},Commune,2026-03-24 14:42:04.814328+01,gold_establishments_2025,,,,21600048900015,2025,Collectivité Territoriale,Commune,['Oise'],['Hauts-de-France'],COM,{60},{32}
b710e158-547c-4409-bba3-ec9ff10abb9e,218900306,Commune de Bazarnes (89),false,{89030},Commune,2026-03-24 14:42:11.118516+01,gold_establishments_2025,,,,21890030600018,2025,Collectivité Territoriale,Commune,['Yonne'],['Bourgogne-Franche-Comté'],COM,{89},{27}
aee44b6a-ae86-4f09-852c-fa915cf55d77,213300361,Commune de Bazas (33),false,{33036},Commune,2026-03-24 14:41:58.09424+01,gold_establishments_2025,,,,21330036100010,2025,Collectivité Territoriale,Commune,['Gironde'],['Nouvelle-Aquitaine'],COM,{33},{75}
d30fba96-fe32-40ba-9b1f-0019eb66253f,211700356,Commune de Bazauges (17),false,{17035},Commune,2026-03-24 14:41:54.903238+01,gold_establishments_2025,,,,21170035600010,2025,Collectivité Territoriale,Commune,['Charente-Maritime'],['Nouvelle-Aquitaine'],COM,{17},{75}
a65507d2-324f-4c54-8ca2-887fa3164dc3,218800415,Commune de Bazegney (88),false,{88041},Commune,2026-03-24 14:42:11.118516+01,gold_establishments_2025,,,,21880041500018,2025,Collectivité Territoriale,Commune,['Vosges'],['Grand Est'],COM,{88},{44}
017798dc-f5de-418d-ba63-5e90c1def7ae,200102325,Commune de Bazeilles (08),false,{08053},Commune,2026-03-24 14:41:52.562531+01,gold_establishments_2025,,,,20010232500012,2025,Collectivité Territoriale,Commune,['Ardennes'],['Grand Est'],COM,{08},{44}
c607e829-5279-4e53-b460-899315033818,215500349,Commune de Bazeilles-sur-Othain (55),false,{55034},Commune,2026-03-24 14:42:02.957225+01,gold_establishments_2025,,,,21550034900018,2025,Collectivité Territoriale,Commune,['Meuse'],['Grand Est'],COM,{55},{44}
8fcfdb0b-cdf2-4c8f-915c-d8e715b52e70,212301808,Commune de Bazelat (23),false,{23018},Commune,2026-03-24 14:41:55.958138+01,gold_establishments_2025,,,,21230180800011,2025,Collectivité Territoriale,Commune,['Creuse'],['Nouvelle-Aquitaine'],COM,{23},{75}
b9b384b6-050c-4ddd-ac35-d77f16689c09,217800499,Commune de Bazemont (78),false,{78049},Commune,2026-03-24 14:42:09.43682+01,gold_establishments_2025,,,,21780049900014,2025,Collectivité Territoriale,Commune,['Yvelines'],['Île-de-France'],COM,{78},{11}
ed9e9dae-78a2-44cd-877a-7951e73e1b22,214700221,Commune de Bazens (47),false,{47022},Commune,2026-03-24 14:42:00.862623+01,gold_establishments_2025,,,,21470022100010,2025,Collectivité Territoriale,Commune,['Lot-et-Garonne'],['Nouvelle-Aquitaine'],COM,{47},{75}
c21a3d53-f0ee-4fb8-8e5d-cb631021fd12,218000578,Commune de Bazentin (80),false,{80059},Commune,2026-03-24 14:42:09.43682+01,gold_establishments_2025,,,,21800057800011,2025,Collectivité Territoriale,Commune,['Somme'],['Hauts-de-France'],COM,{80},{32}
ae14a826-b5c0-4da4-b28b-9a81eb2c670c,211400494,Commune de Bazenville (14),false,{14049},Commune,2026-03-24 14:41:53.63825+01,gold_establishments_2025,,,,21140049400012,2025,Collectivité Territoriale,Commune,['Calvados'],['Normandie'],COM,{14},{28}
38b1fd20-4e0c-4583-80d8-25864f0c7b42,216500728,Commune de Bazet (65),false,{65072},Commune,2026-03-24 14:42:06.665412+01,gold_establishments_2025,,,,21650072800011,2025,Collectivité Territoriale,Commune,['Hautes-Pyrénées'],['Occitanie'],COM,{65},{76}
5674d3c3-b069-4298-bb11-30351d70f97a,213200330,Commune de Bazian (32),false,{32033},Commune,2026-03-24 14:41:58.09424+01,gold_establishments_2025,,,,21320033000016,2025,Collectivité Territoriale,Commune,['Gers'],['Occitanie'],COM,{32},{76}
3fb37c99-6586-440e-aa55-3c6c3314a652,216000497,Commune de Bazicourt (60),false,{60050},Commune,2026-03-24 14:42:04.814328+01,gold_establishments_2025,,,,21600049700018,2025,Collectivité Territoriale,Commune,['Oise'],['Hauts-de-France'],COM,{60},{32}
dba099e0-5cc1-48d0-996d-dc8a198904ab,218800423,Commune de Bazien (88),false,{88042},Commune,2026-03-24 14:42:11.118516+01,gold_establishments_2025,,,,21880042300012,2025,Collectivité Territoriale,Commune,['Vosges'],['Grand Est'],COM,{88},{44}
7deefa99-4d42-48a0-9c55-c23d7811bb4a,216500736,Commune de Bazillac (65),false,{65073},Commune,2026-03-24 14:42:06.665412+01,gold_establishments_2025,,,,21650073600014,2025,Collectivité Territoriale,Commune,['Hautes-Pyrénées'],['Occitanie'],COM,{65},{76}
1d584593-7d76-4496-a01e-4357cfe2c5c9,212700454,Commune de Bazincourt-sur-Epte (27),false,{27045},Commune,2026-03-24 14:41:56.495197+01,gold_establishments_2025,,,,21270045400011,2025,Collectivité Territoriale,Commune,['Eure'],['Normandie'],COM,{27},{28}
5564d590-1cf1-41e1-ae2c-e956dd5bb362,215500356,Commune de Bazincourt-sur-Saulx (55),false,{55035},Commune,2026-03-24 14:42:02.957225+01,gold_establishments_2025,,,,21550035600013,2025,Collectivité Territoriale,Commune,['Meuse'],['Grand Est'],COM,{55},{44}
97bb05af-cd56-47ac-902e-a96efa6830fd,216200899,Commune de Bazinghen (62),false,{62089},Commune,2026-03-24 14:42:05.597325+01,gold_establishments_2025,,,,21620089900013,2025,Collectivité Territoriale,Commune,['Pas-de-Calais'],['Hauts-de-France'],COM,{62},{32}
1c6b6993-cac9-4fa2-9fd4-2ac402204276,217600592,Commune de Bazinval (76),false,{76059},Commune,2026-03-24 14:42:08.818969+01,gold_establishments_2025,,,,21760059200018,2025,Collectivité Territoriale,Commune,['Seine-Maritime'],['Normandie'],COM,{76},{28}
400addb8-4ec8-476b-9a77-6b591d6a4e96,213100480,Commune de Baziège (31),false,{31048},Commune,2026-03-24 14:41:57.56054+01,gold_establishments_2025,,,,21310048000010,2025,Collectivité Territoriale,Commune,['Haute-Garonne'],['Occitanie'],COM,{31},{76}
941d1c11-4e6e-408c-9f18-163d3511535f,215800236,Commune de Bazoches (58),false,{58023},Commune,2026-03-24 14:42:04.280096+01,gold_establishments_2025,,,,21580023600014,2025,Collectivité Territoriale,Commune,['Nièvre'],['Bourgogne-Franche-Comté'],COM,{58},{27}
823349d9-b650-4040-b027-d45978bbdcc8,216100289,Commune de Bazoches-au-Houlme (61),false,{61028},Commune,2026-03-24 14:42:04.814328+01,gold_establishments_2025,,,,21610028900018,2025,Collectivité Territoriale,Commune,['Orne'],['Normandie'],COM,{61},{28}
9ee9136a-3873-4880-91f5-996fd50a92ed,212800288,Commune de Bazoches-en-Dunois (28),false,{28028},Commune,2026-03-24 14:41:57.028721+01,gold_establishments_2025,,,,21280028800012,2025,Collectivité Territoriale,Commune,['Eure-et-Loir'],['Centre-Val de Loire'],COM,{28},{24}
4330609e-7f86-453f-a5eb-01d3e565c8ca,200096410,Commune de Bazoches-et-Saint-Thibaut (02),false,{02054},Commune,2026-03-24 14:41:51.447482+01,gold_establishments_2025,,,,20009641000010,2025,Collectivité Territoriale,Commune,['Aisne'],['Hauts-de-France'],COM,{02},{32}
0e98a84b-8738-4765-b3c2-b034590b0c3e,214500258,Commune de Bazoches-les-Gallerandes (45),false,{45025},Commune,2026-03-24 14:42:00.862623+01,gold_establishments_2025,,,,21450025800014,2025,Collectivité Territoriale,Commune,['Loiret'],['Centre-Val de Loire'],COM,{45},{24}
7796d76c-9511-4af1-b719-ab52b33b17e6,212800296,Commune de Bazoches-les-Hautes (28),false,{28029},Commune,2026-03-24 14:41:57.028721+01,gold_establishments_2025,,,,21280029600015,2025,Collectivité Territoriale,Commune,['Eure-et-Loir'],['Centre-Val de Loire'],COM,{28},{24}
bb108f5e-ee2e-4187-892d-546e86cc53bd,217700251,Commune de Bazoches-lès-Bray (77),false,{77025},Commune,2026-03-24 14:42:08.818969+01,gold_establishments_2025,,,,21770025100010,2025,Collectivité Territoriale,Commune,['Seine-et-Marne'],['Île-de-France'],COM,{77},{11}
dc1281a5-e68d-46b0-a0b0-c0efe5b92aa6,217800507,Commune de Bazoches-sur-Guyonne (78),false,{78050},Commune,2026-03-24 14:42:09.43682+01,gold_establishments_2025,,,,21780050700014,2025,Collectivité Territoriale,Commune,['Yvelines'],['Île-de-France'],COM,{78},{11}
bc22f996-5c36-4b81-b28e-c9cefb01a9bb,216100297,Commune de Bazoches-sur-Hoëne (61),false,{61029},Commune,2026-03-24 14:42:04.814328+01,gold_establishments_2025,,,,21610029700011,2025,Collectivité Territoriale,Commune,['Orne'],['Normandie'],COM,{61},{28}
29164832-fb40-4fb9-999e-1c4d089c792d,214500266,Commune de Bazoches-sur-le-Betz (45),false,{45026},Commune,2026-03-24 14:42:00.862623+01,gold_establishments_2025,,,,21450026600017,2025,Collectivité Territoriale,Commune,['Loiret'],['Centre-Val de Loire'],COM,{45},{24}
937667df-f1fb-4cd0-a9e5-62a3b870664e,218500130,Commune de Bazoges-en-Paillers (85),false,{85013},Commune,2026-03-24 14:42:10.508772+01,gold_establishments_2025,,,,21850013000016,2025,Collectivité Territoriale,Commune,['Vendée'],['Pays de la Loire'],COM,{85},{52}
646bcd94-29ff-4cf5-8eee-20043317d830,218500148,Commune de Bazoges-en-Pareds (85),false,{85014},Commune,2026-03-24 14:42:10.508772+01,gold_establishments_2025,,,,21850014800075,2025,Collectivité Territoriale,Commune,['Vendée'],['Pays de la Loire'],COM,{85},{52}
3ce85ba8-373a-4e54-81c4-43f76dd1334c,218800431,Commune de Bazoilles-et-Ménil (88),false,{88043},Commune,2026-03-24 14:42:11.118516+01,gold_establishments_2025,,,,21880043100064,2025,Collectivité Territoriale,Commune,['Vosges'],['Grand Est'],COM,{88},{44}
dfb36c38-4a05-4250-914b-b245280aac76,218800449,Commune de Bazoilles-sur-Meuse (88),false,{88044},Commune,2026-03-24 14:42:11.118516+01,gold_establishments_2025,,,,21880044900017,2025,Collectivité Territoriale,Commune,['Vosges'],['Grand Est'],COM,{88},{44}
2d5b1dfb-9714-44dc-9145-cec244cd54fc,215800244,Commune de Bazolles (58),false,{58024},Commune,2026-03-24 14:42:04.280096+01,gold_establishments_2025,,,,21580024400018,2025,Collectivité Territoriale,Commune,['Nièvre'],['Bourgogne-Franche-Comté'],COM,{58},{27}
1575c6eb-95a4-492f-94fe-ee785a0d02fe,215700550,Commune de Bazoncourt (57),false,{57055},Commune,2026-03-24 14:42:03.701372+01,gold_establishments_2025,,,,21570055000019,2025,Collectivité Territoriale,Commune,['Moselle'],['Grand Est'],COM,{57},{44}
8a62a127-c8da-4ccb-9147-443b4be74322,212700462,Commune de Bazoques (27),false,{27046},Commune,2026-03-24 14:41:56.495197+01,gold_establishments_2025,,,,21270046200014,2025,Collectivité Territoriale,Commune,['Eure'],['Normandie'],COM,{27},{28}
a4b541d5-f489-4522-8c00-8e83e34e341c,216500744,Commune de Bazordan (65),false,{65074},Commune,2026-03-24 14:42:06.665412+01,gold_establishments_2025,,,,21650074400018,2025,Collectivité Territoriale,Commune,['Hautes-Pyrénées'],['Occitanie'],COM,{65},{76}
55f014c3-e3e4-4335-a826-6b1c06b58cac,215300252,Commune de Bazougers (53),false,{53025},Commune,2026-03-24 14:42:01.954481+01,gold_establishments_2025,,,,21530025200016,2025,Collectivité Territoriale,Commune,['Mayenne'],['Pays de la Loire'],COM,{53},{52}
ef443ea7-8810-4e75-bfd7-2ec9f2e9b045,200072254,Commune de Bazouges Cré sur Loir (72),false,{72025},Commune,2026-03-24 14:42:08.279287+01,gold_establishments_2025,,,,20007225400010,2025,Collectivité Territoriale,Commune,['Sarthe'],['Pays de la Loire'],COM,{72},{52}
d1189f3f-b335-48c8-bb9d-0a5604abef59,213500192,Commune de Bazouges-la-Pérouse (35),false,{35019},Commune,2026-03-24 14:41:58.620411+01,gold_establishments_2025,,,,21350019200017,2025,Collectivité Territoriale,Commune,['Ille-et-Vilaine'],['Bretagne'],COM,{35},{53}
2356454d-7a50-455a-8ffe-cb63b71626b6,215900556,Commune de Bazuel (59),false,{59055},Commune,2026-03-24 14:42:04.280096+01,gold_establishments_2025,,,,21590055600014,2025,Collectivité Territoriale,Commune,['Nord'],['Hauts-de-France'],COM,{59},{32}
81aa95b5-0f61-4beb-b6e8-cf37de0ee05e,213200348,Commune de Bazugues (32),false,{32034},Commune,2026-03-24 14:41:58.09424+01,gold_establishments_2025,,,,21320034800018,2025,Collectivité Territoriale,Commune,['Gers'],['Occitanie'],COM,{32},{76}
50149646-c4fe-40e5-87d1-b5f0035da919,213100498,Commune de Bazus (31),false,{31049},Commune,2026-03-24 14:41:57.56054+01,gold_establishments_2025,,,,21310049800012,2025,Collectivité Territoriale,Commune,['Haute-Garonne'],['Occitanie'],COM,{31},{76}
3857d445-6b64-4b46-a512-3b5cb31baf4d,216500751,Commune de Bazus-Aure (65),false,{65075},Commune,2026-03-24 14:42:06.665412+01,gold_establishments_2025,,,,21650075100013,2025,Collectivité Territoriale,Commune,['Hautes-Pyrénées'],['Occitanie'],COM,{65},{76}
c61c1b12-1ccd-469f-b776-7e4bfdbc89be,216500769,Commune de Bazus-Neste (65),false,{65076},Commune,2026-03-24 14:42:06.665412+01,gold_establishments_2025,,,,21650076900015,2025,Collectivité Territoriale,Commune,['Hautes-Pyrénées'],['Occitanie'],COM,{65},{76}
d38006bc-fca6-4d7c-8966-c4ebefca028c,215500257,Commune de Baâlon (55),false,{55025},Commune,2026-03-24 14:42:02.957225+01,gold_establishments_2025,,,,21550025700013,2025,Collectivité Territoriale,Commune,['Meuse'],['Grand Est'],COM,{55},{44}
75a3418d-2597-4e9a-8caa-271ba35255ff,210800397,Commune de Baâlons (08),false,{08041},Commune,2026-03-24 14:41:52.562531+01,gold_establishments_2025,,,,21080039700015,2025,Collectivité Territoriale,Commune,['Ardennes'],['Grand Est'],COM,{08},{44}
c2be571e-a88e-483a-bef3-7a9cd7cafc23,217600600,Commune de Beaubec-la-Rosière (76),false,{76060},Commune,2026-03-24 14:42:08.818969+01,gold_establishments_2025,,,,21760060000019,2025,Collectivité Territoriale,Commune,['Seine-Maritime'],['Normandie'],COM,{76},{28}
0a244757-e0d1-4fcc-b500-78532d8395dd,217100254,Commune de Beaubery (71),false,{71025},Commune,2026-03-24 14:42:07.735343+01,gold_establishments_2025,,,,21710025400010,2025,Collectivité Territoriale,Commune,['Saône-et-Loire'],['Bourgogne-Franche-Comté'],COM,{71},{27}
d5128ef6-4c9d-4125-ae2f-3c606aff3a88,212700470,Commune de Beaubray (27),false,{27047},Commune,2026-03-24 14:41:56.495197+01,gold_establishments_2025,,,,21270047000017,2025,Collectivité Territoriale,Commune,['Eure'],['Normandie'],COM,{27},{28}
07ccf767-471e-49fa-80e3-592fcf2a4230,213000326,Commune de Beaucaire (30),false,{30032},Commune,2026-03-24 14:41:57.56054+01,gold_establishments_2025,,,,21300032600016,2025,Collectivité Territoriale,Commune,['Gard'],['Occitanie'],COM,{30},{76}
d5647244-a4e5-4c45-95d4-0a82166affff,213200355,Commune de Beaucaire (32),false,{32035},Commune,2026-03-24 14:41:58.09424+01,gold_establishments_2025,,,,21320035500013,2025,Collectivité Territoriale,Commune,['Gers'],['Occitanie'],COM,{32},{76}
c2615f53-bb33-4f72-8990-9b7a6c9397a7,215900564,Commune de Beaucamps-Ligny (59),false,{59056},Commune,2026-03-24 14:42:04.280096+01,gold_establishments_2025,,,,21590056400018,2025,Collectivité Territoriale,Commune,['Nord'],['Hauts-de-France'],COM,{59},{32}
49a4f221-fbc3-42a7-a1f0-17ebd188addb,218000594,Commune de Beaucamps-le-Jeune (80),false,{80061},Commune,2026-03-24 14:42:09.43682+01,gold_establishments_2025,,,,21800059400018,2025,Collectivité Territoriale,Commune,['Somme'],['Hauts-de-France'],COM,{80},{32}
28576f48-6645-4baf-bb17-dc5c875f915e,218000602,Commune de Beaucamps-le-Vieux (80),false,{80062},Commune,2026-03-24 14:42:09.43682+01,gold_establishments_2025,,,,21800060200019,2025,Collectivité Territoriale,Commune,['Somme'],['Hauts-de-France'],COM,{80},{32}
abbfb381-2bc8-4c92-bc68-8733a28d2cbe,200055390,Commune de Beauce la Romaine (41),false,{41173},Commune,2026-03-24 14:42:00.273698+01,gold_establishments_2025,,,,20005539000013,2025,Collectivité Territoriale,Commune,['Loir-et-Cher'],['Centre-Val de Loire'],COM,{41},{24}
3bcfcc3e-76f1-42c1-8263-4653a126f0ca,216500777,Commune de Beaucens (65),false,{65077},Commune,2026-03-24 14:42:06.665412+01,gold_establishments_2025,,,,21650077700018,2025,Collectivité Territoriale,Commune,['Hautes-Pyrénées'],['Occitanie'],COM,{65},{76}
8a4fa503-d89a-41b1-be35-b0195533dc24,213100506,Commune de Beauchalot (31),false,{31050},Commune,2026-03-24 14:41:57.56054+01,gold_establishments_2025,,,,21310050600012,2025,Collectivité Territoriale,Commune,['Haute-Garonne'],['Occitanie'],COM,{31},{76}
af27e0db-1aee-469d-963d-ce688993fa28,219500519,Commune de Beauchamp (95),false,{95051},Commune,2026-03-24 14:42:11.659493+01,gold_establishments_2025,,,,21950051900018,2025,Collectivité Territoriale,Commune,"[""Val-d'Oise""]",['Île-de-France'],COM,{95},{11}
65e638d5-2b01-4cdd-9c01-8eb8e1f2e393,215000381,Commune de Beauchamps (50),false,{50038},Commune,2026-03-24 14:42:01.412377+01,gold_establishments_2025,,,,21500038100073,2025,Collectivité Territoriale,Commune,['Manche'],['Normandie'],COM,{50},{28}
7ff454e1-078b-42be-9b07-96729cf8ed2c,218000610,Commune de Beauchamps (80),false,{80063},Commune,2026-03-24 14:42:09.43682+01,gold_establishments_2025,,,,21800061000012,2025,Collectivité Territoriale,Commune,['Somme'],['Hauts-de-France'],COM,{80},{32}
ba64f427-8c52-4501-a407-19e4bf5caa50,214500274,Commune de Beauchamps-sur-Huillard (45),false,{45027},Commune,2026-03-24 14:42:00.862623+01,gold_establishments_2025,,,,21450027400011,2025,Collectivité Territoriale,Commune,['Loiret'],['Centre-Val de Loire'],COM,{45},{24}
ea440c7d-ca1a-4a31-9dc9-956d748e9c71,210700274,Commune de Beauchastel (07),false,{07027},Commune,2026-03-24 14:41:52.562531+01,gold_establishments_2025,,,,21070027400017,2025,Collectivité Territoriale,Commune,['Ardèche'],['Auvergne-Rhône-Alpes'],COM,{07},{84}
4308003c-1b6b-45a1-b9d8-8726b1bfd2af,212800304,Commune de Beauche (28),false,{28030},Commune,2026-03-24 14:41:57.028721+01,gold_establishments_2025,,,,21280030400017,2025,Collectivité Territoriale,Commune,['Eure-et-Loir'],['Centre-Val de Loire'],COM,{28},{24}
19faa185-59d0-44d1-8a27-1aa624b69725,215204272,Commune de Beauchemin (52),false,{52042},Commune,2026-03-24 14:42:01.954481+01,gold_establishments_2025,,,,21520427200011,2025,Collectivité Territoriale,Commune,['Haute-Marne'],['Grand Est'],COM,{52},{44}
b62bee0d-5011-4983-b123-61e88aeecd40,217700269,Commune de Beauchery-Saint-Martin (77),false,{77026},Commune,2026-03-24 14:42:08.818969+01,gold_establishments_2025,,,,21770026900012,2025,Collectivité Territoriale,Commune,['Seine-et-Marne'],['Île-de-France'],COM,{77},{11}
d9ce76d5-4697-4bda-b7a3-d9d89851f0f0,214100141,Commune de Beauchêne (41),false,{41014},Commune,2026-03-24 14:41:59.705606+01,gold_establishments_2025,,,,21410014100016,2025,Collectivité Territoriale,Commune,['Loir-et-Cher'],['Centre-Val de Loire'],COM,{41},{24}
f841852d-a72c-4c10-8803-409900550222,215500364,Commune de Beauclair (55),false,{55036},Commune,2026-03-24 14:42:02.957225+01,gold_establishments_2025,,,,21550036400017,2025,Collectivité Territoriale,Commune,['Meuse'],['Grand Est'],COM,{55},{44}
2048ec7c-fe41-4038-abc8-53debdabdc22,215000399,Commune de Beaucoudray (50),false,{50039},Commune,2026-03-24 14:42:01.412377+01,gold_establishments_2025,,,,21500039900018,2025,Collectivité Territoriale,Commune,['Manche'],['Normandie'],COM,{50},{28}
144f8093-bdfb-40bd-9411-3f2df5b59ec0,219000098,Commune de Beaucourt (90),false,{90009},Commune,2026-03-24 14:42:11.659493+01,gold_establishments_2025,,,,21900009800125,2025,Collectivité Territoriale,Commune,['Territoire de Belfort'],['Bourgogne-Franche-Comté'],COM,{90},{27}
cf255d0b-13e7-4fec-ac24-b17c9d496467,218000628,Commune de Beaucourt-en-Santerre (80),false,{80064},Commune,2026-03-24 14:42:09.43682+01,gold_establishments_2025,,,,21800062800014,2025,Collectivité Territoriale,Commune,['Somme'],['Hauts-de-France'],COM,{80},{32}
cd9ab972-c7e1-4c3d-bded-bad31250df5c,218000636,Commune de Beaucourt-sur-l'Ancre (80),false,{80065},Commune,2026-03-24 14:42:09.43682+01,gold_establishments_2025,,,,21800063600017,2025,Collectivité Territoriale,Commune,['Somme'],['Hauts-de-France'],COM,{80},{32}
c3df121f-0471-42c4-90f6-bb4e6db12595,218000644,Commune de Beaucourt-sur-l'Hallue (80),false,{80066},Commune,2026-03-24 14:42:09.43682+01,gold_establishments_2025,,,,21800064400011,2025,Collectivité Territoriale,Commune,['Somme'],['Hauts-de-France'],COM,{80},{32}
c73307eb-6547-4977-b5b1-8674d4244200,214900201,Commune de Beaucouzé (49),false,{49020},Commune,2026-03-24 14:42:01.412377+01,gold_establishments_2025,,,,21490020100069,2025,Collectivité Territoriale,Commune,['Maine-et-Loire'],['Pays de la Loire'],COM,{49},{52}
9baff53a-4ffe-48aa-b148-00721c28e203,213800303,Commune de Beaucroissant (38),false,{38030},Commune,2026-03-24 14:41:59.160244+01,gold_establishments_2025,,,,21380030300017,2025,Collectivité Territoriale,Commune,['Isère'],['Auvergne-Rhône-Alpes'],COM,{38},{84}
51c4fb07-7e34-418e-9c81-3ffa4d39dd0a,213500218,Commune de Beaucé (35),false,{35021},Commune,2026-03-24 14:41:58.620411+01,gold_establishments_2025,,,,21350021800010,2025,Collectivité Territoriale,Commune,['Ille-et-Vilaine'],['Bretagne'],COM,{35},{53}
db2d5b12-9dc3-4bdf-94ed-ffa93a2d46ad,215900572,Commune de Beaudignies (59),false,{59057},Commune,2026-03-24 14:42:04.280096+01,gold_establishments_2025,,,,21590057200011,2025,Collectivité Territoriale,Commune,['Nord'],['Hauts-de-France'],COM,{59},{32}
c86659af-6833-4ee5-b6ac-d6a4c06f64e9,216200915,Commune de Beaudricourt (62),false,{62091},Commune,2026-03-24 14:42:05.597325+01,gold_establishments_2025,,,,21620091500017,2025,Collectivité Territoriale,Commune,['Pas-de-Calais'],['Hauts-de-France'],COM,{62},{32}
51ef889c-8a6e-4bc6-a040-e880047511bf,216500785,Commune de Beaudéan (65),false,{65078},Commune,2026-03-24 14:42:06.665412+01,gold_establishments_2025,,,,21650078500011,2025,Collectivité Territoriale,Commune,['Hautes-Pyrénées'],['Occitanie'],COM,{65},{76}
93920b57-77b2-410c-9c1a-02aa2005147a,216000505,Commune de Beaudéduit (60),false,{60051},Commune,2026-03-24 14:42:04.814328+01,gold_establishments_2025,,,,21600050500018,2025,Collectivité Territoriale,Commune,['Oise'],['Hauts-de-France'],COM,{60},{32}
b5e33b1c-5f85-4d1d-ae1c-cf5db5dcef18,216100321,Commune de Beaufai (61),false,{61032},Commune,2026-03-24 14:42:04.814328+01,gold_establishments_2025,,,,21610032100019,2025,Collectivité Territoriale,Commune,['Orne'],['Normandie'],COM,{61},{28}
6992af4e-7ca3-462d-9b6e-2e59d1c5abe4,217200260,Commune de Beaufay (72),false,{72026},Commune,2026-03-24 14:42:08.279287+01,gold_establishments_2025,,,,21720026000016,2025,Collectivité Territoriale,Commune,['Sarthe'],['Pays de la Loire'],COM,{72},{52}
cbe2bfb2-29bb-4ca9-9c18-c06b85fa1c5f,215000407,Commune de Beauficel (50),false,{50040},Commune,2026-03-24 14:42:01.412377+01,gold_establishments_2025,,,,21500040700019,2025,Collectivité Territoriale,Commune,['Manche'],['Normandie'],COM,{50},{28}
566f1d8c-dba8-461e-b7d0-f2a88fcd4329,212700488,Commune de Beauficel-en-Lyons (27),false,{27048},Commune,2026-03-24 14:41:56.495197+01,gold_establishments_2025,,,,21270048800019,2025,Collectivité Territoriale,Commune,['Eure'],['Normandie'],COM,{27},{28}
83022405-5674-47c5-a0cb-be80355d12df,213800311,Commune de Beaufin (38),false,{38031},Commune,2026-03-24 14:41:59.160244+01,gold_establishments_2025,,,,21380031100010,2025,Collectivité Territoriale,Commune,['Isère'],['Auvergne-Rhône-Alpes'],COM,{38},{84}
a6410f93-3bef-4bda-a9ce-778e6ae98cfd,213100514,Commune de Beaufort (31),false,{31051},Commune,2026-03-24 14:41:57.56054+01,gold_establishments_2025,,,,21310051400016,2025,Collectivité Territoriale,Commune,['Haute-Garonne'],['Occitanie'],COM,{31},{76}
d402a732-999a-467a-83cb-a623d521cf64,213400260,Commune de Beaufort (34),false,{34026},Commune,2026-03-24 14:41:58.620411+01,gold_establishments_2025,,,,21340026000013,2025,Collectivité Territoriale,Commune,['Hérault'],['Occitanie'],COM,{34},{76}
2e2155d9-45c5-4d61-9675-7bac16373fd0,213800329,Commune de Beaufort (38),false,{38032},Commune,2026-03-24 14:41:59.160244+01,gold_establishments_2025,,,,21380032900012,2025,Collectivité Territoriale,Commune,['Isère'],['Auvergne-Rhône-Alpes'],COM,{38},{84}
48084eaa-ad53-4d5b-9a55-b7eae52a9ea1,215900580,Commune de Beaufort (59),false,{59058},Commune,2026-03-24 14:42:04.280096+01,gold_establishments_2025,,,,21590058000048,2025,Collectivité Territoriale,Commune,['Nord'],['Hauts-de-France'],COM,{59},{32}
6a88392c-85cc-4e4b-b466-e96a47d9be02,217300342,Commune de Beaufort (73),false,{73034},Commune,2026-03-24 14:42:08.279287+01,gold_establishments_2025,,,,21730034200011,2025,Collectivité Territoriale,Commune,['Savoie'],['Auvergne-Rhône-Alpes'],COM,{73},{84}
b4934a27-a721-4111-be49-aa55668890fc,216200923,Commune de Beaufort-Blavincourt (62),false,{62092},Commune,2026-03-24 14:42:05.597325+01,gold_establishments_2025,,,,21620092300011,2025,Collectivité Territoriale,Commune,['Pas-de-Calais'],['Hauts-de-France'],COM,{62},{32}
1c0e144b-d274-4db2-b741-616084215123,200086361,Commune de Beaufort-Orbagna (39),false,{39043},Commune,2026-03-24 14:41:59.705606+01,gold_establishments_2025,,,,20008636100017,2025,Collectivité Territoriale,Commune,['Jura'],['Bourgogne-Franche-Comté'],COM,{39},{27}
08d9dd66-bd27-48b2-9499-18cde58cf4b5,200058899,Commune de Beaufort-en-Anjou (49),false,{49021},Commune,2026-03-24 14:42:01.412377+01,gold_establishments_2025,,,,20005889900010,2025,Collectivité Territoriale,Commune,['Maine-et-Loire'],['Pays de la Loire'],COM,{49},{52}
e5544f8a-efdc-4f7f-b6ff-e9a8c5642ddf,215500372,Commune de Beaufort-en-Argonne (55),false,{55037},Commune,2026-03-24 14:42:02.957225+01,gold_establishments_2025,,,,21550037200010,2025,Collectivité Territoriale,Commune,['Meuse'],['Grand Est'],COM,{55},{44}
894a504e-2abd-4582-96f0-8189b7e31f28,218000651,Commune de Beaufort-en-Santerre (80),false,{80067},Commune,2026-03-24 14:42:09.43682+01,gold_establishments_2025,,,,21800065100016,2025,Collectivité Territoriale,Commune,['Somme'],['Hauts-de-France'],COM,{80},{32}
d7669040-3de1-4d68-a52c-d690985ff914,212600357,Commune de Beaufort-sur-Gervanne (26),false,{26035},Commune,2026-03-24 14:41:56.495197+01,gold_establishments_2025,,,,21260035700017,2025,Collectivité Territoriale,Commune,['Drôme'],['Auvergne-Rhône-Alpes'],COM,{26},{84}
5c459c22-e79a-4440-93cd-54a09c204442,218500155,Commune de Beaufou (85),false,{85015},Commune,2026-03-24 14:42:10.508772+01,gold_establishments_2025,,,,21850015500013,2025,Collectivité Territoriale,Commune,['Vendée'],['Pays de la Loire'],COM,{85},{52}
968bad0f-204e-4616-9626-011aec79757b,211402318,Commune de Beaufour-Druval (14),false,{14231},Commune,2026-03-24 14:41:54.362296+01,gold_establishments_2025,,,,21140231800011,2025,Collectivité Territoriale,Commune,['Calvados'],['Normandie'],COM,{14},{28}
e3a54a6c-b531-4296-accf-acfa9eaa6aa9,218800456,Commune de Beaufremont (88),false,{88045},Commune,2026-03-24 14:42:11.118516+01,gold_establishments_2025,,,,21880045600012,2025,Collectivité Territoriale,Commune,['Vosges'],['Grand Est'],COM,{88},{44}
25692f30-7886-4f91-837f-14ce946f4f40,214700239,Commune de Beaugas (47),false,{47023},Commune,2026-03-24 14:42:00.862623+01,gold_establishments_2025,,,,21470023900012,2025,Collectivité Territoriale,Commune,['Lot-et-Garonne'],['Nouvelle-Aquitaine'],COM,{47},{75}
cf112eaf-32d2-4174-a079-71d8c31d4502,211700364,Commune de Beaugeay (17),false,{17036},Commune,2026-03-24 14:41:54.903238+01,gold_establishments_2025,,,,21170036400014,2025,Collectivité Territoriale,Commune,['Charente-Maritime'],['Nouvelle-Aquitaine'],COM,{17},{75}
c1602de9-be78-44f8-a7cc-4acf8e79d328,214500282,Commune de Beaugency (45),false,{45028},Commune,2026-03-24 14:42:00.862623+01,gold_establishments_2025,,,,21450028200014,2025,Collectivité Territoriale,Commune,['Loiret'],['Centre-Val de Loire'],COM,{45},{24}
013f7113-8046-4834-81d1-fd016e81c571,216000513,Commune de Beaugies-sous-Bois (60),false,{60052},Commune,2026-03-24 14:42:04.814328+01,gold_establishments_2025,,,,21600051300012,2025,Collectivité Territoriale,Commune,['Oise'],['Hauts-de-France'],COM,{60},{32}
0add0b84-ee61-4ceb-b146-2ec3d8467952,210400248,Commune de Beaujeu (04),false,{04024},Commune,2026-03-24 14:41:52.020251+01,gold_establishments_2025,,,,21040024800014,2025,Collectivité Territoriale,Commune,['Alpes-de-Haute-Provence'],"[""Provence-Alpes-Côte d'Azur""]",COM,{04},{93}
04388036-7025-42e8-9b48-688614068c5f,216900183,Commune de Beaujeu (69),false,{69018},Commune,2026-03-24 14:42:07.195692+01,gold_establishments_2025,,,,21690018300015,2025,Collectivité Territoriale,Commune,['Rhône'],['Auvergne-Rhône-Alpes'],COM,{69},{84}
9ba7e923-0008-4bb5-bc1e-5327cb2b95af,217000587,Commune de Beaujeu-Saint-Vallier-Pierrejux-et-Quitteur (70),false,{70058},Commune,2026-03-24 14:42:07.735343+01,gold_establishments_2025,,,,21700058700014,2025,Collectivité Territoriale,Commune,['Haute-Saône'],['Bourgogne-Franche-Comté'],COM,{70},{27}
3a75b15e-c468-4842-b4d6-e281be99e4a6,216200931,Commune de Beaulencourt (62),false,{62093},Commune,2026-03-24 14:42:05.597325+01,gold_establishments_2025,,,,21620093100014,2025,Collectivité Territoriale,Commune,['Pas-de-Calais'],['Hauts-de-France'],COM,{62},{32}
fb2145a3-4c3f-49fa-a8ec-c20a8f3a72ef,210700282,Commune de Beaulieu (07),false,{07028},Commune,2026-03-24 14:41:52.562531+01,gold_establishments_2025,,,,21070028200010,2025,Collectivité Territoriale,Commune,['Ardèche'],['Auvergne-Rhône-Alpes'],COM,{07},{84}
d1a789ab-3724-4991-beaf-cd8d70529aa5,211500202,Commune de Beaulieu (15),false,{15020},Commune,2026-03-24 14:41:54.362296+01,gold_establishments_2025,,,,21150020200018,2025,Collectivité Territoriale,Commune,['Cantal'],['Auvergne-Rhône-Alpes'],COM,{15},{84}
9c1ac26e-16b8-4cfe-8dc6-007fed354a8a,212100523,Commune de Beaulieu (21),false,{21052},Commune,2026-03-24 14:41:55.433389+01,gold_establishments_2025,,,,21210052300019,2025,Collectivité Territoriale,Commune,"[""Côte-d'Or""]",['Bourgogne-Franche-Comté'],COM,{21},{27}
7e155ff1-4bac-4d3d-8b99-a6c358318378,213400278,Commune de Beaulieu (34),false,{34027},Commune,2026-03-24 14:41:58.620411+01,gold_establishments_2025,,,,21340027800015,2025,Collectivité Territoriale,Commune,['Hérault'],['Occitanie'],COM,{34},{76}
57990399-8fec-4fe7-9b03-36c38bc93639,213600158,Commune de Beaulieu (36),false,{36015},Commune,2026-03-24 14:41:59.160244+01,gold_establishments_2025,,,,21360015800017,2025,Collectivité Territoriale,Commune,['Indre'],['Centre-Val de Loire'],COM,{36},{24}
e60149c5-7b53-4bf0-ad6a-3577a91ce342,213800337,Commune de Beaulieu (38),false,{38033},Commune,2026-03-24 14:41:59.160244+01,gold_establishments_2025,,,,21380033700015,2025,Collectivité Territoriale,Commune,['Isère'],['Auvergne-Rhône-Alpes'],COM,{38},{84}
050b70b4-8bba-4836-9cb4-3dea33f8d431,214300212,Commune de Beaulieu (43),false,{43021},Commune,2026-03-24 14:42:00.273698+01,gold_establishments_2025,,,,21430021200013,2025,Collectivité Territoriale,Commune,['Haute-Loire'],['Auvergne-Rhône-Alpes'],COM,{43},{84}
a5b314c5-0f0e-4975-bcf1-1a19d4cd6568,200055051,Commune de Beaulieu (58),false,{58026},Commune,2026-03-24 14:42:04.280096+01,gold_establishments_2025,,,,20005505100011,2025,Collectivité Territoriale,Commune,['Nièvre'],['Bourgogne-Franche-Comté'],COM,{58},{27}
4ba7aaf5-1812-46d3-8048-0788f16d37e2,216100347,Commune de Beaulieu (61),false,{61034},Commune,2026-03-24 14:42:04.814328+01,gold_establishments_2025,,,,21610034700014,2025,Collectivité Territoriale,Commune,['Orne'],['Normandie'],COM,{61},{28}
90f827cf-56be-4d82-ab4f-e9b11bb3df48,216300319,Commune de Beaulieu (63),false,{63031},Commune,2026-03-24 14:42:06.130387+01,gold_establishments_2025,,,,21630031900011,2025,Collectivité Territoriale,Commune,['Puy-de-Dôme'],['Auvergne-Rhône-Alpes'],COM,{63},{84}
0707a201-c6be-41b2-9402-3f8e25dc95e8,215500380,Commune de Beaulieu-en-Argonne (55),false,{55038},Commune,2026-03-24 14:42:02.957225+01,gold_establishments_2025,,,,21550038000013,2025,Collectivité Territoriale,Commune,['Meuse'],['Grand Est'],COM,{55},{44}
fe1f43c4-9ba9-44f8-a953-c22dbaa9612f,216000521,Commune de Beaulieu-les-Fontaines (60),false,{60053},Commune,2026-03-24 14:42:04.814328+01,gold_establishments_2025,,,,21600052100015,2025,Collectivité Territoriale,Commune,['Oise'],['Hauts-de-France'],COM,{60},{32}
56ad350a-90ff-4e24-a911-faf01673c6cc,213700206,Commune de Beaulieu-lès-Loches (37),false,{37020},Commune,2026-03-24 14:41:59.160244+01,gold_establishments_2025,,,,21370020600013,2025,Collectivité Territoriale,Commune,['Indre-et-Loire'],['Centre-Val de Loire'],COM,{37},{24}
ff660025-802a-47c3-9633-c85a00787c0b,217900299,Commune de Beaulieu-sous-Parthenay (79),false,{79029},Commune,2026-03-24 14:42:09.43682+01,gold_establishments_2025,,,,21790029900017,2025,Collectivité Territoriale,Commune,['Deux-Sèvres'],['Nouvelle-Aquitaine'],COM,{79},{75}
d37f59b8-f7f4-480c-beb0-00ef7a4b063b,218500163,Commune de Beaulieu-sous-la-Roche (85),false,{85016},Commune,2026-03-24 14:42:10.508772+01,gold_establishments_2025,,,,21850016300082,2025,Collectivité Territoriale,Commune,['Vendée'],['Pays de la Loire'],COM,{85},{52}
1370f527-7289-440f-9b6c-d3ba4851b542,200081487,Commune de Beaulieu-sur-Dordogne (19),false,{19019},Commune,2026-03-24 14:41:54.903238+01,gold_establishments_2025,,,,20008148700015,2025,Collectivité Territoriale,Commune,['Corrèze'],['Nouvelle-Aquitaine'],COM,{19},{75}
a01167ee-017c-4733-ae19-a0807c4ed14e,214900227,Commune de Beaulieu-sur-Layon (49),false,{49022},Commune,2026-03-24 14:42:01.412377+01,gold_establishments_2025,,,,21490022700015,2025,Collectivité Territoriale,Commune,['Maine-et-Loire'],['Pays de la Loire'],COM,{49},{52}
c741e5f8-8bdf-4785-aa91-9672fb6964bb,214500290,Commune de Beaulieu-sur-Loire (45),false,{45029},Commune,2026-03-24 14:42:00.862623+01,gold_establishments_2025,,,,21450029000017,2025,Collectivité Territoriale,Commune,['Loiret'],['Centre-Val de Loire'],COM,{45},{24}
2cc35d79-41c6-4a5b-a9c3-6b56f237a58e,210600110,Commune de Beaulieu-sur-Mer (06),false,{06011},Commune,2026-03-24 14:41:52.562531+01,gold_establishments_2025,,,,21060011000014,2025,Collectivité Territoriale,Commune,['Alpes-Maritimes'],"[""Provence-Alpes-Côte d'Azur""]",COM,{06},{93}
148525d0-774d-4e3e-9d2d-aa92f78f6ed8,215300260,Commune de Beaulieu-sur-Oudon (53),false,{53026},Commune,2026-03-24 14:42:01.954481+01,gold_establishments_2025,,,,21530026000019,2025,Collectivité Territoriale,Commune,['Mayenne'],['Pays de la Loire'],COM,{53},{52}
e94568a6-9e8a-4aff-9369-03b2e1bb08c9,211600358,Commune de Beaulieu-sur-Sonnette (16),false,{16035},Commune,2026-03-24 14:41:54.362296+01,gold_establishments_2025,,,,21160035800017,2025,Collectivité Territoriale,Commune,['Charente'],['Nouvelle-Aquitaine'],COM,{16},{75}
29348dc9-a9fb-4332-a0ec-84632ff3f475,210300190,Commune de Beaulon (03),false,{03019},Commune,2026-03-24 14:41:52.020251+01,gold_establishments_2025,,,,21030019000019,2025,Collectivité Territoriale,Commune,['Allier'],['Auvergne-Rhône-Alpes'],COM,{03},{84}
9ed28a81-fe97-46ae-bc65-db50efbc5a1c,211400536,Commune de Beaumais (14),false,{14053},Commune,2026-03-24 14:41:53.63825+01,gold_establishments_2025,,,,21140053600010,2025,Collectivité Territoriale,Commune,['Calvados'],['Normandie'],COM,{14},{28}
700ce5f7-c343-45ee-a8e5-d075516518ff,213200363,Commune de Beaumarchés (32),false,{32036},Commune,2026-03-24 14:41:58.09424+01,gold_establishments_2025,,,,21320036300017,2025,Collectivité Territoriale,Commune,['Gers'],['Occitanie'],COM,{32},{76}
4dc7f264-1475-40e4-9575-c9ac66c4a77d,216200949,Commune de Beaumerie-Saint-Martin (62),false,{62094},Commune,2026-03-24 14:42:05.597325+01,gold_establishments_2025,,,,21620094900016,2025,Collectivité Territoriale,Commune,['Pas-de-Calais'],['Hauts-de-France'],COM,{62},{32}
76c65b26-37ed-47fb-94c8-d0d733d546fa,218400125,Commune de Beaumes-de-Venise (84),false,{84012},Commune,2026-03-24 14:42:10.508772+01,gold_establishments_2025,,,,21840012500017,2025,Collectivité Territoriale,Commune,['Vaucluse'],"[""Provence-Alpes-Côte d'Azur""]",COM,{84},{93}
af51332b-b7cb-404d-bf95-eb84511f8021,211400544,Commune de Beaumesnil (14),false,{14054},Commune,2026-03-24 14:41:53.63825+01,gold_establishments_2025,,,,21140054400014,2025,Collectivité Territoriale,Commune,['Calvados'],['Normandie'],COM,{14},{28}
cd430794-d17a-44b8-a768-024b8037e546,218400133,Commune de Beaumettes (84),false,{84013},Commune,2026-03-24 14:42:10.508772+01,gold_establishments_2025,,,,21840013300011,2025,Collectivité Territoriale,Commune,['Vaucluse'],"[""Provence-Alpes-Côte d'Azur""]",COM,{84},{93}
49198ad9-89c9-4486-b8eb-1eb6a6ccbaa1,218000669,Commune de Beaumetz (80),false,{80068},Commune,2026-03-24 14:42:09.43682+01,gold_establishments_2025,,,,21800066900034,2025,Collectivité Territoriale,Commune,['Somme'],['Hauts-de-France'],COM,{80},{32}
8fda6eb5-1f25-40e1-9e8c-7df5a8997818,216200956,Commune de Beaumetz-lès-Aire (62),false,{62095},Commune,2026-03-24 14:42:05.597325+01,gold_establishments_2025,,,,21620095600011,2025,Collectivité Territoriale,Commune,['Pas-de-Calais'],['Hauts-de-France'],COM,{62},{32}
4ce29aa6-b580-4d6e-a988-928318462eba,216200964,Commune de Beaumetz-lès-Cambrai (62),false,{62096},Commune,2026-03-24 14:42:05.597325+01,gold_establishments_2025,,,,21620096400015,2025,Collectivité Territoriale,Commune,['Pas-de-Calais'],['Hauts-de-France'],COM,{62},{32}
6ef6a6ad-e548-491e-ad37-ae95cfd076cc,216200972,Commune de Beaumetz-lès-Loges (62),false,{62097},Commune,2026-03-24 14:42:05.597325+01,gold_establishments_2025,,,,21620097200018,2025,Collectivité Territoriale,Commune,['Pas-de-Calais'],['Hauts-de-France'],COM,{62},{32}
35d8e2fa-67cd-4999-95bd-ee811c00fafc,210700290,Commune de Beaumont (07),false,{07029},Commune,2026-03-24 14:41:52.562531+01,gold_establishments_2025,,,,21070029000013,2025,Collectivité Territoriale,Commune,['Ardèche'],['Auvergne-Rhône-Alpes'],COM,{07},{84}
318e862a-1cd7-4d77-8980-d8154d57544d,211902002,Commune de Beaumont (19),false,{19020},Commune,2026-03-24 14:41:54.903238+01,gold_establishments_2025,,,,21190200200016,2025,Collectivité Territoriale,Commune,['Corrèze'],['Nouvelle-Aquitaine'],COM,{19},{75}
a17cd011-8808-4b86-9718-bcd8b8d4af41,213200371,Commune de Beaumont (32),false,{32037},Commune,2026-03-24 14:41:58.09424+01,gold_establishments_2025,,,,21320037100010,2025,Collectivité Territoriale,Commune,['Gers'],['Occitanie'],COM,{32},{76}
d867c109-a374-4415-b2d5-60fdcae0e58f,214300220,Commune de Beaumont (43),false,{43022},Commune,2026-03-24 14:42:00.273698+01,gold_establishments_2025,,,,21430022000016,2025,Collectivité Territoriale,Commune,['Haute-Loire'],['Auvergne-Rhône-Alpes'],COM,{43},{84}
567b1b8f-ea62-4def-9e6e-5290daf156bb,215400573,Commune de Beaumont (54),false,{54057},Commune,2026-03-24 14:42:02.957225+01,gold_establishments_2025,,,,21540057300014,2025,Collectivité Territoriale,Commune,['Meurthe-et-Moselle'],['Grand Est'],COM,{54},{44}
7fe06e50-a7dc-4fe1-8939-537487c04fd3,216300327,Commune de Beaumont (63),false,{63032},Commune,2026-03-24 14:42:06.130387+01,gold_establishments_2025,,,,21630032700014,2025,Collectivité Territoriale,Commune,['Puy-de-Dôme'],['Auvergne-Rhône-Alpes'],COM,{63},{84}
b54777fc-d206-4c61-b995-eb6ed5aa1843,217400316,Commune de Beaumont (74),false,{74031},Commune,2026-03-24 14:42:08.279287+01,gold_establishments_2025,,,,21740031600014,2025,Collectivité Territoriale,Commune,['Haute-Savoie'],['Auvergne-Rhône-Alpes'],COM,{74},{84}
bf6f0296-37e7-4988-ab88-1623323b337d,218900314,Commune de Beaumont (89),false,{89031},Commune,2026-03-24 14:42:11.118516+01,gold_establishments_2025,,,,21890031400012,2025,Collectivité Territoriale,Commune,['Yonne'],['Bourgogne-Franche-Comté'],COM,{89},{27}
df05239a-4596-4b5c-a77c-7a325ccc3bb0,200064533,Commune de Beaumont Saint-Cyr (86),false,{86019},Commune,2026-03-24 14:42:10.508772+01,gold_establishments_2025,,,,20006453300017,2025,Collectivité Territoriale,Commune,['Vienne'],['Nouvelle-Aquitaine'],COM,{86},{75}
c0c614dc-5268-4717-a8fa-d8abb60d7185,218000677,Commune de Beaumont-Hamel (80),false,{80069},Commune,2026-03-24 14:42:09.43682+01,gold_establishments_2025,,,,21800067700011,2025,Collectivité Territoriale,Commune,['Somme'],['Hauts-de-France'],COM,{80},{32}
0bd5993c-c249-458c-a528-9d51183f1f0e,200071124,Commune de Beaumont-Louestault (37),false,{37021},Commune,2026-03-24 14:41:59.160244+01,gold_establishments_2025,,,,20007112400016,2025,Collectivité Territoriale,Commune,['Indre-et-Loire'],['Centre-Val de Loire'],COM,{37},{24}
5bca229b-6e93-45e0-9cb6-427a4eba9342,212600381,Commune de Beaumont-Monteux (26),false,{26038},Commune,2026-03-24 14:41:56.495197+01,gold_establishments_2025,,,,21260038100017,2025,Collectivité Territoriale,Commune,['Drôme'],['Auvergne-Rhône-Alpes'],COM,{26},{84}
fb17cb34-8099-458b-8379-e30671802f7c,215300278,Commune de Beaumont-Pied-de-Bœuf (53),false,{53027},Commune,2026-03-24 14:42:01.954481+01,gold_establishments_2025,,,,21530027800011,2025,Collectivité Territoriale,Commune,['Mayenne'],['Pays de la Loire'],COM,{53},{52}
1c74292f-51db-4bc5-9739-af4c4bd60bf0,217200286,Commune de Beaumont-Pied-de-Bœuf (72),false,{72028},Commune,2026-03-24 14:42:08.279287+01,gold_establishments_2025,,,,21720028600011,2025,Collectivité Territoriale,Commune,['Sarthe'],['Pays de la Loire'],COM,{72},{52}
7b43387d-9018-47f8-84f7-eaa61e6fa003,215800285,Commune de Beaumont-Sardolles (58),false,{58028},Commune,2026-03-24 14:42:04.280096+01,gold_establishments_2025,,,,21580028500011,2025,Collectivité Territoriale,Commune,['Nièvre'],['Bourgogne-Franche-Comté'],COM,{58},{27}
91a77885-74eb-4e50-9feb-56989b54276e,213700230,Commune de Beaumont-Village (37),false,{37023},Commune,2026-03-24 14:41:59.160244+01,gold_establishments_2025,,,,21370023000013,2025,Collectivité Territoriale,Commune,['Indre-et-Loire'],['Centre-Val de Loire'],COM,{37},{24}
3752f62d-7c21-4e1a-bcd7-44e2492b7619,218200137,Commune de Beaumont-de-Lomagne (82),false,{82013},Commune,2026-03-24 14:42:10.508772+01,gold_establishments_2025,,,,21820013700014,2025,Collectivité Territoriale,Commune,['Tarn-et-Garonne'],['Occitanie'],COM,{82},{76}
c1a9b785-99ec-4332-9b3a-f834340e33e2,218400141,Commune de Beaumont-de-Pertuis (84),false,{84014},Commune,2026-03-24 14:42:10.508772+01,gold_establishments_2025,,,,21840014100014,2025,Collectivité Territoriale,Commune,['Vaucluse'],"[""Provence-Alpes-Côte d'Azur""]",COM,{84},{93}
b6da7f13-4a9f-4373-8485-9d0907978fb3,217700277,Commune de Beaumont-du-Gâtinais (77),false,{77027},Commune,2026-03-24 14:42:08.818969+01,gold_establishments_2025,,,,21770027700015,2025,Collectivité Territoriale,Commune,['Seine-et-Marne'],['Île-de-France'],COM,{77},{11}
c44a4248-8892-4832-93e7-a4df7e6b19a2,218700904,Commune de Beaumont-du-Lac (87),false,{87009},Commune,2026-03-24 14:42:11.118516+01,gold_establishments_2025,,,,21870090400012,2025,Collectivité Territoriale,Commune,['Haute-Vienne'],['Nouvelle-Aquitaine'],COM,{87},{75}
14917d25-21ec-4de7-a0d1-72132edb2ee1,218400158,Commune de Beaumont-du-Ventoux (84),false,{84015},Commune,2026-03-24 14:42:10.508772+01,gold_establishments_2025,,,,21840015800018,2025,Collectivité Territoriale,Commune,['Vaucluse'],"[""Provence-Alpes-Côte d'Azur""]",COM,{84},{93}
604b6c71-a78c-4c78-9177-7a07350bda18,210800496,Commune de Beaumont-en-Argonne (08),false,{08055},Commune,2026-03-24 14:41:52.562531+01,gold_establishments_2025,,,,21080049600015,2025,Collectivité Territoriale,Commune,['Ardennes'],['Grand Est'],COM,{08},{44}
d3fb7e4e-92da-4f99-aad7-83a4d420866e,211400551,Commune de Beaumont-en-Auge (14),false,{14055},Commune,2026-03-24 14:41:53.63825+01,gold_establishments_2025,,,,21140055100019,2025,Collectivité Territoriale,Commune,['Calvados'],['Normandie'],COM,{14},{28}
8f7f04f7-1533-4bf4-979e-540e629c2b98,210200556,Commune de Beaumont-en-Beine (02),false,{02056},Commune,2026-03-24 14:41:51.447482+01,gold_establishments_2025,,,,21020055600012,2025,Collectivité Territoriale,Commune,['Aisne'],['Hauts-de-France'],COM,{02},{32}
97d9dfa4-ebc5-4e6c-943e-2501673c9bac,215900598,Commune de Beaumont-en-Cambrésis (59),false,{59059},Commune,2026-03-24 14:42:04.280096+01,gold_establishments_2025,,,,21590059800016,2025,Collectivité Territoriale,Commune,['Nord'],['Hauts-de-France'],COM,{59},{32}
9e0903c3-4875-4380-89a6-01906ee631b7,212600365,Commune de Beaumont-en-Diois (26),false,{26036},Commune,2026-03-24 14:41:56.495197+01,gold_establishments_2025,,,,21260036500010,2025,Collectivité Territoriale,Commune,['Drôme'],['Auvergne-Rhône-Alpes'],COM,{26},{84}
e1a265b6-9c28-4c3b-8f05-ca40bcbfe413,215500398,Commune de Beaumont-en-Verdunois (55),false,{55039},Commune,2026-03-24 14:42:02.957225+01,gold_establishments_2025,,,,21550039800015,2025,Collectivité Territoriale,Commune,['Meuse'],['Grand Est'],COM,{55},{44}
cb344936-5a13-4040-9301-d6f43c79e9be,213700222,Commune de Beaumont-en-Véron (37),false,{37022},Commune,2026-03-24 14:41:59.160244+01,gold_establishments_2025,,,,21370022200010,2025,Collectivité Territoriale,Commune,['Indre-et-Loire'],['Centre-Val de Loire'],COM,{37},{24}
9c315e93-068b-4b6a-bb55-2c73a3940cd0,215800277,Commune de Beaumont-la-Ferrière (58),false,{58027},Commune,2026-03-24 14:42:04.280096+01,gold_establishments_2025,,,,21580027700018,2025,Collectivité Territoriale,Commune,['Nièvre'],['Bourgogne-Franche-Comté'],COM,{58},{27}
337efc67-d889-446e-8bee-cf88afd37c4c,217600626,Commune de Beaumont-le-Hareng (76),false,{76062},Commune,2026-03-24 14:42:08.818969+01,gold_establishments_2025,,,,21760062600014,2025,Collectivité Territoriale,Commune,['Seine-Maritime'],['Normandie'],COM,{76},{28}
6bd40e2f-d22f-4bea-bc15-8bd28e3d046d,212700512,Commune de Beaumont-le-Roger (27),false,{27051},Commune,2026-03-24 14:41:56.495197+01,gold_establishments_2025,,,,21270051200016,2025,Collectivité Territoriale,Commune,['Eure'],['Normandie'],COM,{27},{28}
5061067a-32fa-41f1-af70-927a6eecf23d,212800312,Commune de Beaumont-les-Autels (28),false,{28031},Commune,2026-03-24 14:41:57.028721+01,gold_establishments_2025,,,,21280031200010,2025,Collectivité Territoriale,Commune,['Eure-et-Loir'],['Centre-Val de Loire'],COM,{28},{24}
3e7cad11-3d8e-4a20-a865-5605ddf62f8b,216000539,Commune de Beaumont-les-Nonains (60),false,{60054},Commune,2026-03-24 14:42:04.814328+01,gold_establishments_2025,,,,21600053900017,2025,Collectivité Territoriale,Commune,['Oise'],['Hauts-de-France'],COM,{60},{32}
1c412e96-93d0-43eb-b887-0ab7e54d38d0,216300335,Commune de Beaumont-lès-Randan (63),false,{63033},Commune,2026-03-24 14:42:06.130387+01,gold_establishments_2025,,,,21630033500017,2025,Collectivité Territoriale,Commune,['Puy-de-Dôme'],['Auvergne-Rhône-Alpes'],COM,{63},{84}
03db17ae-0c1c-43be-b889-786e24155026,212600373,Commune de Beaumont-lès-Valence (26),false,{26037},Commune,2026-03-24 14:41:56.495197+01,gold_establishments_2025,,,,21260037300014,2025,Collectivité Territoriale,Commune,['Drôme'],['Auvergne-Rhône-Alpes'],COM,{26},{84}
71f8f7b7-03d5-40d0-b5b2-cc8b13c3f4db,217200278,Commune de Beaumont-sur-Dême (72),false,{72027},Commune,2026-03-24 14:42:08.279287+01,gold_establishments_2025,,,,21720027800018,2025,Collectivité Territoriale,Commune,['Sarthe'],['Pays de la Loire'],COM,{72},{52}
d0e71f48-90c1-41fb-ad20-4a06e4875574,217100262,Commune de Beaumont-sur-Grosne (71),false,{71026},Commune,2026-03-24 14:42:07.735343+01,gold_establishments_2025,,,,21710026200013,2025,Collectivité Territoriale,Commune,['Saône-et-Loire'],['Bourgogne-Franche-Comté'],COM,{71},{27}
2c08e06e-3515-4a1e-8f02-955babd1ea0c,213100522,Commune de Beaumont-sur-Lèze (31),false,{31052},Commune,2026-03-24 14:41:57.56054+01,gold_establishments_2025,,,,21310052200019,2025,Collectivité Territoriale,Commune,['Haute-Garonne'],['Occitanie'],COM,{31},{76}
a5a7cf15-ea0a-4306-be75-9a52cd495842,219500527,Commune de Beaumont-sur-Oise (95),false,{95052},Commune,2026-03-24 14:42:11.659493+01,gold_establishments_2025,,,,21950052700011,2025,Collectivité Territoriale,Commune,"[""Val-d'Oise""]",['Île-de-France'],COM,{95},{11}
1219b6a8-ec43-43c3-9f3b-c1dbf53a127f,217200294,Commune de Beaumont-sur-Sarthe (72),false,{72029},Commune,2026-03-24 14:42:08.279287+01,gold_establishments_2025,,,,21720029400015,2025,Collectivité Territoriale,Commune,['Sarthe'],['Pays de la Loire'],COM,{72},{52}
6e9f17d9-6cce-4fb6-bc88-5de6a1825adc,215100397,Commune de Beaumont-sur-Vesle (51),false,{51044},Commune,2026-03-24 14:42:01.412377+01,gold_establishments_2025,,,,21510039700011,2025,Collectivité Territoriale,Commune,['Marne'],['Grand Est'],COM,{51},{44}
2d88846b-7a0c-4f17-b633-5c1c19dff1f8,212100531,Commune de Beaumont-sur-Vingeanne (21),false,{21053},Commune,2026-03-24 14:41:55.433389+01,gold_establishments_2025,,,,21210053100012,2025,Collectivité Territoriale,Commune,"[""Côte-d'Or""]",['Bourgogne-Franche-Comté'],COM,{21},{27}
b415c167-8e1d-4838-829d-da9a7d828071,212700504,Commune de Beaumontel (27),false,{27050},Commune,2026-03-24 14:41:56.495197+01,gold_establishments_2025,,,,21270050400013,2025,Collectivité Territoriale,Commune,['Eure'],['Normandie'],COM,{27},{28}
07d517c6-4d3e-4a7b-b245-b7eb06bfe6bd,200060036,Commune de Beaumontois en Périgord (24),false,{24028},Commune,2026-03-24 14:41:55.958138+01,gold_establishments_2025,,,,20006003600015,2025,Collectivité Territoriale,Commune,['Dordogne'],['Nouvelle-Aquitaine'],COM,{24},{75}
8643d124-1684-4a5c-819f-b68cab067728,217000595,Commune de Beaumotte-Aubertans (70),false,{70059},Commune,2026-03-24 14:42:07.735343+01,gold_establishments_2025,,,,21700059500017,2025,Collectivité Territoriale,Commune,['Haute-Saône'],['Bourgogne-Franche-Comté'],COM,{70},{27}
7224416e-5e75-487b-85c7-cf6b203a4acf,217000603,Commune de Beaumotte-lès-Pin (70),false,{70060},Commune,2026-03-24 14:42:07.735343+01,gold_establishments_2025,,,,21700060300019,2025,Collectivité Territoriale,Commune,['Haute-Saône'],['Bourgogne-Franche-Comté'],COM,{70},{27}
efb22d48-7b13-43e1-b278-b3ef2237dd7d,210200549,Commune de Beaumé (02),false,{02055},Commune,2026-03-24 14:41:51.447482+01,gold_establishments_2025,,,,21020054900017,2025,Collectivité Territoriale,Commune,['Aisne'],['Hauts-de-France'],COM,{02},{32}
f1d03237-134d-4e23-a8a3-be3d59320c50,218800464,Commune de Beauménil (88),false,{88046},Commune,2026-03-24 14:42:11.118516+01,gold_establishments_2025,,,,21880046400016,2025,Collectivité Territoriale,Commune,['Vosges'],['Grand Est'],COM,{88},{44}
c5c2209b-4f9b-4bb6-83a2-666b1d2dfe63,215100405,Commune de Beaunay (51),false,{51045},Commune,2026-03-24 14:42:01.412377+01,gold_establishments_2025,,,,21510040500012,2025,Collectivité Territoriale,Commune,['Marne'],['Grand Est'],COM,{51},{44}
70859e41-754b-4725-83d3-936bf9d46f27,212100549,Commune de Beaune (21),false,{21054},Commune,2026-03-24 14:41:55.433389+01,gold_establishments_2025,,,,21210054900014,2025,Collectivité Territoriale,Commune,"[""Côte-d'Or""]",['Bourgogne-Franche-Comté'],COM,{21},{27}
a216d56d-0a4d-4f49-9a0a-46b2604e9216,210300208,Commune de Beaune-d'Allier (03),false,{03020},Commune,2026-03-24 14:41:52.020251+01,gold_establishments_2025,,,,21030020800019,2025,Collectivité Territoriale,Commune,['Allier'],['Auvergne-Rhône-Alpes'],COM,{03},{84}
fe9f6419-8b9e-4bf1-8f4e-79adab39c4e7,214500308,Commune de Beaune-la-Rolande (45),false,{45030},Commune,2026-03-24 14:42:00.862623+01,gold_establishments_2025,,,,21450030800017,2025,Collectivité Territoriale,Commune,['Loiret'],['Centre-Val de Loire'],COM,{45},{24}
be16fe24-a693-495e-95f5-b4e5bfde87c3,214300238,Commune de Beaune-sur-Arzon (43),false,{43023},Commune,2026-03-24 14:42:00.273698+01,gold_establishments_2025,,,,21430023800018,2025,Collectivité Territoriale,Commune,['Haute-Loire'],['Auvergne-Rhône-Alpes'],COM,{43},{84}
11178738-4db6-44a0-a9eb-35d88bb59ed2,212100556,Commune de Beaunotte (21),false,{21055},Commune,2026-03-24 14:41:55.433389+01,gold_establishments_2025,,,,21210055600019,2025,Collectivité Territoriale,Commune,"[""Côte-d'Or""]",['Bourgogne-Franche-Comté'],COM,{21},{27}
379b67ed-f94c-4dcd-a94a-f0e5094838e2,210100293,Commune de Beaupont (01),false,{01029},Commune,2026-03-24 14:41:51.447482+01,gold_establishments_2025,,,,21010029300013,2025,Collectivité Territoriale,Commune,['Ain'],['Auvergne-Rhône-Alpes'],COM,{01},{84}
e6e926be-441c-4b91-96cb-31cf821285ec,212400295,Commune de Beaupouyet (24),false,{24029},Commune,2026-03-24 14:41:55.958138+01,gold_establishments_2025,,,,21240029500011,2025,Collectivité Territoriale,Commune,['Dordogne'],['Nouvelle-Aquitaine'],COM,{24},{75}
f18186a0-25c4-4cf3-a509-b23a0fe2e81f,200053619,Commune de Beaupréau-en-Mauges (49),false,{49023},Commune,2026-03-24 14:42:01.412377+01,gold_establishments_2025,,,,20005361900017,2025,Collectivité Territoriale,Commune,['Maine-et-Loire'],['Pays de la Loire'],COM,{49},{52}
2e7d2d59-807d-4efc-93b0-ab343668884c,213100530,Commune de Beaupuy (31),false,{31053},Commune,2026-03-24 14:41:57.56054+01,gold_establishments_2025,,,,21310053000012,2025,Collectivité Territoriale,Commune,['Haute-Garonne'],['Occitanie'],COM,{31},{76}
04f124c1-3f37-4e80-b167-af39c8d21aff,213200389,Commune de Beaupuy (32),false,{32038},Commune,2026-03-24 14:41:58.09424+01,gold_establishments_2025,,,,21320038900012,2025,Collectivité Territoriale,Commune,['Gers'],['Occitanie'],COM,{32},{76}
dc715ee7-99fb-4b86-8499-6726bc29d549,214700247,Commune de Beaupuy (47),false,{47024},Commune,2026-03-24 14:42:00.862623+01,gold_establishments_2025,,,,21470024700015,2025,Collectivité Territoriale,Commune,['Lot-et-Garonne'],['Nouvelle-Aquitaine'],COM,{47},{75}
c5d0bb5c-00df-4457-b732-9c7b35c57fc6,218200145,Commune de Beaupuy (82),false,{82014},Commune,2026-03-24 14:42:10.508772+01,gold_establishments_2025,,,,21820014500017,2025,Collectivité Territoriale,Commune,['Tarn-et-Garonne'],['Occitanie'],COM,{82},{76}
e585ae43-fdf6-4da4-8559-44a3df93c712,218000685,Commune de Beauquesne (80),false,{80070},Commune,2026-03-24 14:42:09.43682+01,gold_establishments_2025,,,,21800068500014,2025,Collectivité Territoriale,Commune,['Somme'],['Hauts-de-France'],COM,{80},{32}
a075fea8-553a-401a-88c5-5e1c68b25a2c,215900606,Commune de Beaurain (59),false,{59060},Commune,2026-03-24 14:42:04.280096+01,gold_establishments_2025,,,,21590060600017,2025,Collectivité Territoriale,Commune,['Nord'],['Hauts-de-France'],COM,{59},{32}
b391fe90-eeaa-42f6-b93d-46f529847a55,216200998,Commune de Beaurains (62),false,{62099},Commune,2026-03-24 14:42:05.597325+01,gold_establishments_2025,,,,21620099800013,2025,Collectivité Territoriale,Commune,['Pas-de-Calais'],['Hauts-de-France'],COM,{62},{32}
79d4976c-0e1e-4a3f-aa26-e4fce92b8010,216000547,Commune de Beaurains-lès-Noyon (60),false,{60055},Commune,2026-03-24 14:42:04.814328+01,gold_establishments_2025,,,,21600054700010,2025,Collectivité Territoriale,Commune,['Oise'],['Hauts-de-France'],COM,{60},{32}
11e9aa26-0dd7-4fc5-8c15-fee534773d6a,216201004,Commune de Beaurainville (62),false,{62100},Commune,2026-03-24 14:42:05.597325+01,gold_establishments_2025,,,,21620100400019,2025,Collectivité Territoriale,Commune,['Pas-de-Calais'],['Hauts-de-France'],COM,{62},{32}
665989fb-ee50-4e3d-ae3b-9eeeaa4542d2,211300124,Commune de Beaurecueil (13),false,{13012},Commune,2026-03-24 14:41:53.63825+01,gold_establishments_2025,,,,21130012400016,2025,Collectivité Territoriale,Commune,['Bouches-du-Rhône'],"[""Provence-Alpes-Côte d'Azur""]",COM,{13},{93}
5b9d0edd-9a8c-4750-9c1c-8b2b88781056,210100301,Commune de Beauregard (01),false,{01030},Commune,2026-03-24 14:41:51.447482+01,gold_establishments_2025,,,,21010030100014,2025,Collectivité Territoriale,Commune,['Ain'],['Auvergne-Rhône-Alpes'],COM,{01},{84}
448dda2d-282e-458f-b6ab-665e4ce9e826,214600207,Commune de Beauregard (46),false,{46020},Commune,2026-03-24 14:42:00.862623+01,gold_establishments_2025,,,,21460020700010,2025,Collectivité Territoriale,Commune,['Lot'],['Occitanie'],COM,{46},{76}
a9dbacfa-4066-4eb2-9130-686d4da0863e,212600399,Commune de Beauregard-Baret (26),false,{26039},Commune,2026-03-24 14:41:56.495197+01,gold_establishments_2025,,,,21260039900019,2025,Collectivité Territoriale,Commune,['Drôme'],['Auvergne-Rhône-Alpes'],COM,{26},{84}
ae2a3351-0716-4fdb-9dfe-a54a9fa82490,216300350,Commune de Beauregard-Vendon (63),false,{63035},Commune,2026-03-24 14:42:06.130387+01,gold_establishments_2025,,,,21630035000016,2025,Collectivité Territoriale,Commune,['Puy-de-Dôme'],['Auvergne-Rhône-Alpes'],COM,{63},{84}
428c892c-91d6-4d37-a64d-808dd600e703,212400303,Commune de Beauregard-de-Terrasson (24),false,{24030},Commune,2026-03-24 14:41:55.958138+01,gold_establishments_2025,,,,21240030300013,2025,Collectivité Territoriale,Commune,['Dordogne'],['Nouvelle-Aquitaine'],COM,{24},{75}
67723175-68f3-48ee-9752-68f26b51341e,212400311,Commune de Beauregard-et-Bassac (24),false,{24031},Commune,2026-03-24 14:41:55.958138+01,gold_establishments_2025,,,,21240031100016,2025,Collectivité Territoriale,Commune,['Dordogne'],['Nouvelle-Aquitaine'],COM,{24},{75}
3e7505de-9344-426f-bec5-a293f9e93969,216300343,Commune de Beauregard-l'Évêque (63),false,{63034},Commune,2026-03-24 14:42:06.130387+01,gold_establishments_2025,,,,21630034300011,2025,Collectivité Territoriale,Commune,['Puy-de-Dôme'],['Auvergne-Rhône-Alpes'],COM,{63},{84}
6c73d72b-909e-4587-86b6-fb315a643a9e,213800345,Commune de Beaurepaire (38),false,{38034},Commune,2026-03-24 14:41:59.160244+01,gold_establishments_2025,,,,21380034500018,2025,Collectivité Territoriale,Commune,['Isère'],['Auvergne-Rhône-Alpes'],COM,{38},{84}
7025d2b5-ec49-476b-8526-da5bc35998b6,216000554,Commune de Beaurepaire (60),false,{60056},Commune,2026-03-24 14:42:04.814328+01,gold_establishments_2025,,,,21600055400016,2025,Collectivité Territoriale,Commune,['Oise'],['Hauts-de-France'],COM,{60},{32}
4de4b591-d507-4365-9a2e-b5ca43e19da9,217600642,Commune de Beaurepaire (76),false,{76064},Commune,2026-03-24 14:42:08.818969+01,gold_establishments_2025,,,,21760064200011,2025,Collectivité Territoriale,Commune,['Seine-Maritime'],['Normandie'],COM,{76},{28}
67ad230c-2a0c-4e36-8f78-6d3c796ee1cd,218500171,Commune de Beaurepaire (85),false,{85017},Commune,2026-03-24 14:42:10.508772+01,gold_establishments_2025,,,,21850017100010,2025,Collectivité Territoriale,Commune,['Vendée'],['Pays de la Loire'],COM,{85},{52}
f4f98a5c-4bc1-4620-94bb-d3be2a70dace,217100270,Commune de Beaurepaire-en-Bresse (71),false,{71027},Commune,2026-03-24 14:42:07.735343+01,gold_establishments_2025,,,,21710027000016,2025,Collectivité Territoriale,Commune,['Saône-et-Loire'],['Bourgogne-Franche-Comté'],COM,{71},{27}
2537cfa8-1650-4417-905b-470ba22dd25e,215900614,Commune de Beaurepaire-sur-Sambre (59),false,{59061},Commune,2026-03-24 14:42:04.280096+01,gold_establishments_2025,,,,21590061400011,2025,Collectivité Territoriale,Commune,['Nord'],['Hauts-de-France'],COM,{59},{32}
83c9857a-eaf6-4827-8928-2c2c1c3dc33f,210200564,Commune de Beaurevoir (02),false,{02057},Commune,2026-03-24 14:41:51.447482+01,gold_establishments_2025,,,,21020056400016,2025,Collectivité Territoriale,Commune,['Aisne'],['Hauts-de-France'],COM,{02},{32}
9993e88c-c1fe-4d78-a728-3f23bdcc185c,210200572,Commune de Beaurieux (02),false,{02058},Commune,2026-03-24 14:41:51.447482+01,gold_establishments_2025,,,,21020057200019,2025,Collectivité Territoriale,Commune,['Aisne'],['Hauts-de-France'],COM,{02},{32}
a56e20f3-5ad1-4c54-86d4-07a7e5e555f2,215900622,Commune de Beaurieux (59),false,{59062},Commune,2026-03-24 14:42:04.280096+01,gold_establishments_2025,,,,21590062200030,2025,Collectivité Territoriale,Commune,['Nord'],['Hauts-de-France'],COM,{59},{32}
04cc7c0f-ea23-4024-b234-c4fd91ab734a,212600407,Commune de Beaurières (26),false,{26040},Commune,2026-03-24 14:41:56.495197+01,gold_establishments_2025,,,,21260040700010,2025,Collectivité Territoriale,Commune,['Drôme'],['Auvergne-Rhône-Alpes'],COM,{26},{84}
25bcda32-c5c7-4a3e-aab8-53a4702b1fe6,212400329,Commune de Beauronne (24),false,{24032},Commune,2026-03-24 14:41:55.958138+01,gold_establishments_2025,,,,21240032900018,2025,Collectivité Territoriale,Commune,['Dordogne'],['Nouvelle-Aquitaine'],COM,{24},{75}
483a13c0-2c95-46a2-9652-63c8ca6eb55e,212600415,Commune de Beausemblant (26),false,{26041},Commune,2026-03-24 14:41:56.495197+01,gold_establishments_2025,,,,21260041500013,2025,Collectivité Territoriale,Commune,['Drôme'],['Auvergne-Rhône-Alpes'],COM,{26},{84}
77ebc0f5-f11b-44e2-ab2b-976c3a1a0ce9,215500406,Commune de Beausite (55),false,{55040},Commune,2026-03-24 14:42:02.957225+01,gold_establishments_2025,,,,21550040600016,2025,Collectivité Territoriale,Commune,['Meuse'],['Grand Est'],COM,{55},{44}
b01ae288-a0f0-47c7-a7a2-f6b36ecfcd59,210600128,Commune de Beausoleil (06),false,{06012},Commune,2026-03-24 14:41:52.562531+01,gold_establishments_2025,,,,21060012800016,2025,Collectivité Territoriale,Commune,['Alpes-Maritimes'],"[""Provence-Alpes-Côte d'Azur""]",COM,{06},{93}
fc65baed-7755-44aa-8cc7-723c61c79fbe,200035285,Commune de Beaussais-Vitré (79),false,{79030},Commune,2026-03-24 14:42:09.43682+01,gold_establishments_2025,,,,20003528500010,2025,Collectivité Territoriale,Commune,['Deux-Sèvres'],['Nouvelle-Aquitaine'],COM,{79},{75}
66345ca3-a10b-405b-b6a6-3216e0500203,200064699,Commune de Beaussais-sur-Mer (22),false,{22209},Commune,2026-03-24 14:41:55.433389+01,gold_establishments_2025,,,,20006469900016,2025,Collectivité Territoriale,Commune,"[""Côtes-d'Armor""]",['Bretagne'],COM,{22},{53}
6aa1d40d-b58f-4b5c-98c8-00bd1539e0ca,217600659,Commune de Beaussault (76),false,{76065},Commune,2026-03-24 14:42:08.818969+01,gold_establishments_2025,,,,21760065900015,2025,Collectivité Territoriale,Commune,['Seine-Maritime'],['Normandie'],COM,{76},{28}
52ef0609-86c7-4969-8da2-0ae63b4b4821,213100548,Commune de Beauteville (31),false,{31054},Commune,2026-03-24 14:41:57.56054+01,gold_establishments_2025,,,,21310054800014,2025,Collectivité Territoriale,Commune,['Haute-Garonne'],['Occitanie'],COM,{31},{76}
46401112-2919-4ca0-8152-3fbae9ea50ed,200081628,Commune de Beautheil-Saints (77),false,{77433},Commune,2026-03-24 14:42:09.43682+01,gold_establishments_2025,,,,20008162800014,2025,Collectivité Territoriale,Commune,['Seine-et-Marne'],['Île-de-France'],COM,{77},{11}
54d690e8-a9ef-4b29-88ba-810061e9c712,213300379,Commune de Beautiran (33),false,{33037},Commune,2026-03-24 14:41:58.09424+01,gold_establishments_2025,,,,21330037900012,2025,Collectivité Territoriale,Commune,['Gironde'],['Nouvelle-Aquitaine'],COM,{33},{75}
82670c83-8a0a-4cb8-a839-2f6e18d989db,210200580,Commune de Beautor (02),false,{02059},Commune,2026-03-24 14:41:51.447482+01,gold_establishments_2025,,,,21020058000012,2025,Collectivité Territoriale,Commune,['Aisne'],['Hauts-de-France'],COM,{02},{32}
ea4cdcc3-825a-4b17-8f5c-c955097a3f1f,217600667,Commune de Beautot (76),false,{76066},Commune,2026-03-24 14:42:08.818969+01,gold_establishments_2025,,,,21760066700018,2025,Collectivité Territoriale,Commune,['Seine-Maritime'],['Normandie'],COM,{76},{28}
348ffc08-9c03-47c2-a235-e3742316dc22,216100354,Commune de Beauvain (61),false,{61035},Commune,2026-03-24 14:42:04.814328+01,gold_establishments_2025,,,,21610035400010,2025,Collectivité Territoriale,Commune,['Orne'],['Normandie'],COM,{61},{28}
c9bac5b2-fba7-4540-a0c3-f316120b6905,216000562,Commune de Beauvais (60),false,{60057},Commune,2026-03-24 14:42:04.814328+01,gold_establishments_2025,,,,21600056200019,2025,Collectivité Territoriale,Commune,['Oise'],['Hauts-de-France'],COM,{60},{32}
b0620c2c-5443-46b1-84fb-02de059b182a,211700372,Commune de Beauvais-sur-Matha (17),false,{17037},Commune,2026-03-24 14:41:54.903238+01,gold_establishments_2025,,,,21170037200017,2025,Collectivité Territoriale,Commune,['Charente-Maritime'],['Nouvelle-Aquitaine'],COM,{17},{75}
da5d13b8-da84-4a9b-b3e8-78b01067bafb,218100246,Commune de Beauvais-sur-Tescou (81),false,{81024},Commune,2026-03-24 14:42:09.967209+01,gold_establishments_2025,,,,21810024600014,2025,Collectivité Territoriale,Commune,['Tarn'],['Occitanie'],COM,{81},{76}
f2cd3c25-3bd5-4711-93d7-003a4bfdc3b1,218000693,Commune de Beauval (80),false,{80071},Commune,2026-03-24 14:42:09.43682+01,gold_establishments_2025,,,,21800069300018,2025,Collectivité Territoriale,Commune,['Somme'],['Hauts-de-France'],COM,{80},{32}
457d10cd-a1cb-46dc-a765-742c5c3807c5,217600634,Commune de Beauval-en-Caux (76),false,{76063},Commune,2026-03-24 14:42:08.818969+01,gold_establishments_2025,,,,21760063400018,2025,Collectivité Territoriale,Commune,['Seine-Maritime'],['Normandie'],COM,{76},{28}
9efe0423-5af1-4255-80ae-f628eb317590,212600423,Commune de Beauvallon (26),false,{26042},Commune,2026-03-24 14:41:56.495197+01,gold_establishments_2025,,,,21260042300017,2025,Collectivité Territoriale,Commune,['Drôme'],['Auvergne-Rhône-Alpes'],COM,{26},{84}
34c4c911-a892-4f4e-aba7-bf2e0a17c77b,200077410,Commune de Beauvallon (69),false,{69179},Commune,2026-03-24 14:42:07.195692+01,gold_establishments_2025,,,,20007741000013,2025,Collectivité Territoriale,Commune,['Rhône'],['Auvergne-Rhône-Alpes'],COM,{69},{84}
bcc72ee6-f9fb-4a63-bfc0-f83c13529481,217100288,Commune de Beauvernois (71),false,{71028},Commune,2026-03-24 14:42:07.735343+01,gold_establishments_2025,,,,21710028800018,2025,Collectivité Territoriale,Commune,['Saône-et-Loire'],['Bourgogne-Franche-Comté'],COM,{71},{27}
77ef8129-34f6-4007-a715-9af991652cca,210400255,Commune de Beauvezer (04),false,{04025},Commune,2026-03-24 14:41:52.020251+01,gold_establishments_2025,,,,21040025500019,2025,Collectivité Territoriale,Commune,['Alpes-de-Haute-Provence'],"[""Provence-Alpes-Côte d'Azur""]",COM,{04},{93}
fc936dd4-693b-44eb-bfc9-08e033afe9db,213100555,Commune de Beauville (31),false,{31055},Commune,2026-03-24 14:41:57.56054+01,gold_establishments_2025,,,,21310055500019,2025,Collectivité Territoriale,Commune,['Haute-Garonne'],['Occitanie'],COM,{31},{76}
762e7600-a710-4b9f-a327-6fd2e9cbacb6,214700254,Commune de Beauville (47),false,{47025},Commune,2026-03-24 14:42:00.862623+01,gold_establishments_2025,,,,21470025400011,2025,Collectivité Territoriale,Commune,['Lot-et-Garonne'],['Nouvelle-Aquitaine'],COM,{47},{75}
95b943a3-fede-44f0-900c-f6701d41c805,212800320,Commune de Beauvilliers (28),false,{28032},Commune,2026-03-24 14:41:57.028721+01,gold_establishments_2025,,,,21280032000013,2025,Collectivité Territoriale,Commune,['Eure-et-Loir'],['Centre-Val de Loire'],COM,{28},{24}
1ecd0662-f29a-45e3-b9fe-b9390e487319,218900322,Commune de Beauvilliers (89),false,{89032},Commune,2026-03-24 14:42:11.118516+01,gold_establishments_2025,,,,21890032200015,2025,Collectivité Territoriale,Commune,['Yonne'],['Bourgogne-Franche-Comté'],COM,{89},{27}
276035ed-64a2-4d71-a9a8-12c753275b07,215000423,Commune de Beauvoir (50),false,{50042},Commune,2026-03-24 14:42:01.412377+01,gold_establishments_2025,,,,21500042300016,2025,Collectivité Territoriale,Commune,['Manche'],['Normandie'],COM,{50},{28}
81c474ef-cf87-44b7-8798-0c5855c4c137,216000570,Commune de Beauvoir (60),false,{60058},Commune,2026-03-24 14:42:04.814328+01,gold_establishments_2025,,,,21600057000012,2025,Collectivité Territoriale,Commune,['Oise'],['Hauts-de-France'],COM,{60},{32}
d63a669f-035d-4f06-9d17-4ba66522254d,217700293,Commune de Beauvoir (77),false,{77029},Commune,2026-03-24 14:42:08.818969+01,gold_establishments_2025,,,,21770029300012,2025,Collectivité Territoriale,Commune,['Seine-et-Marne'],['Île-de-France'],COM,{77},{11}
66c54a84-4932-43d5-b17a-90ff0ecc7fda,218900330,Commune de Beauvoir (89),false,{89033},Commune,2026-03-24 14:42:11.118516+01,gold_establishments_2025,,,,21890033000018,2025,Collectivité Territoriale,Commune,['Yonne'],['Bourgogne-Franche-Comté'],COM,{89},{27}
28196798-b0f9-495b-b92e-68cbd7f750fb,216208819,Commune de Beauvoir-Wavans (62),false,{62881},Commune,2026-03-24 14:42:06.130387+01,gold_establishments_2025,,,,21620881900013,2025,Collectivité Territoriale,Commune,['Pas-de-Calais'],['Hauts-de-France'],COM,{62},{32}
1b61e47d-9e99-4095-af81-fa07f863b98d,213800352,Commune de Beauvoir-de-Marc (38),false,{38035},Commune,2026-03-24 14:41:59.160244+01,gold_establishments_2025,,,,21380035200014,2025,Collectivité Territoriale,Commune,['Isère'],['Auvergne-Rhône-Alpes'],COM,{38},{84}
0759c1a0-c746-4702-96a2-223332ff431c,217600675,Commune de Beauvoir-en-Lyons (76),false,{76067},Commune,2026-03-24 14:42:08.818969+01,gold_establishments_2025,,,,21760067500011,2025,Collectivité Territoriale,Commune,['Seine-Maritime'],['Normandie'],COM,{76},{28}
bb33b5be-9c72-4598-96e5-0ff992c289a5,213800360,Commune de Beauvoir-en-Royans (38),false,{38036},Commune,2026-03-24 14:41:59.160244+01,gold_establishments_2025,,,,21380036000017,2025,Collectivité Territoriale,Commune,['Isère'],['Auvergne-Rhône-Alpes'],COM,{38},{84}
a2482eb0-15b3-4280-88a3-5b6c058666ff,218500189,Commune de Beauvoir-sur-Mer (85),false,{85018},Commune,2026-03-24 14:42:10.508772+01,gold_establishments_2025,,,,21850018900012,2025,Collectivité Territoriale,Commune,['Vendée'],['Pays de la Loire'],COM,{85},{52}
e1767a26-9fef-4259-9689-1733c850ef22,217900315,Commune de Beauvoir-sur-Niort (79),false,{79031},Commune,2026-03-24 14:42:09.43682+01,gold_establishments_2025,,,,21790031500011,2025,Collectivité Territoriale,Commune,['Deux-Sèvres'],['Nouvelle-Aquitaine'],COM,{79},{75}
abf8a0f7-836f-45f3-a60a-e1008f78d27e,216201012,Commune de Beauvois (62),false,{62101},Commune,2026-03-24 14:42:05.597325+01,gold_establishments_2025,,,,21620101200012,2025,Collectivité Territoriale,Commune,['Pas-de-Calais'],['Hauts-de-France'],COM,{62},{32}
d46a43c2-e03d-4662-90e0-c72e6c4a1e20,215900630,Commune de Beauvois-en-Cambrésis (59),false,{59063},Commune,2026-03-24 14:42:04.280096+01,gold_establishments_2025,,,,21590063000017,2025,Collectivité Territoriale,Commune,['Nord'],['Hauts-de-France'],COM,{59},{32}
2b16fb65-4fe9-4363-8b61-d19565c36288,210200598,Commune de Beauvois-en-Vermandois (02),false,{02060},Commune,2026-03-24 14:41:51.447482+01,gold_establishments_2025,,,,21020059800014,2025,Collectivité Territoriale,Commune,['Aisne'],['Hauts-de-France'],COM,{02},{32}
cf410175-2d96-43aa-8b74-e0f7088f0a6a,212600431,Commune de Beauvoisin (26),false,{26043},Commune,2026-03-24 14:41:56.495197+01,gold_establishments_2025,,,,21260043100010,2025,Collectivité Territoriale,Commune,['Drôme'],['Auvergne-Rhône-Alpes'],COM,{26},{84}
5f063999-5271-4380-87cd-b345043e295b,213000334,Commune de Beauvoisin (30),false,{30033},Commune,2026-03-24 14:41:57.56054+01,gold_establishments_2025,,,,21300033400010,2025,Collectivité Territoriale,Commune,['Gard'],['Occitanie'],COM,{30},{76}
263d521e-131b-4c41-b1f2-4b8f1f24906a,210700308,Commune de Beauvène (07),false,{07030},Commune,2026-03-24 14:41:52.562531+01,gold_establishments_2025,,,,21070030800013,2025,Collectivité Territoriale,Commune,['Ardèche'],['Auvergne-Rhône-Alpes'],COM,{07},{84}
663b0120-32ef-471d-885e-3d21c5447c4c,214300246,Commune de Beaux (43),false,{43024},Commune,2026-03-24 14:42:00.273698+01,gold_establishments_2025,,,,21430024600011,2025,Collectivité Territoriale,Commune,['Haute-Loire'],['Auvergne-Rhône-Alpes'],COM,{43},{84}
521e85d0-50f9-4954-82f3-ad7631ff4527,214300253,Commune de Beauzac (43),false,{43025},Commune,2026-03-24 14:42:00.273698+01,gold_establishments_2025,,,,21430025300017,2025,Collectivité Territoriale,Commune,['Haute-Loire'],['Auvergne-Rhône-Alpes'],COM,{43},{84}
6d141b3b-99b2-4920-b178-d6277867633d,213100563,Commune de Beauzelle (31),false,{31056},Commune,2026-03-24 14:41:57.56054+01,gold_establishments_2025,,,,21310056300013,2025,Collectivité Territoriale,Commune,['Haute-Garonne'],['Occitanie'],COM,{31},{76}
cb2a85a6-4f64-4e5b-8c74-929e6fd5c257,214700262,Commune de Beauziac (47),false,{47026},Commune,2026-03-24 14:42:00.862623+01,gold_establishments_2025,,,,21470026200014,2025,Collectivité Territoriale,Commune,['Lot-et-Garonne'],['Nouvelle-Aquitaine'],COM,{47},{75}
000122a7-9723-4520-be39-61326d28e754,216800235,Commune de Beblenheim (68),false,{68023},Commune,2026-03-24 14:42:07.195692+01,gold_establishments_2025,,,,21680023500014,2025,Collectivité Territoriale,Commune,['Haut-Rhin'],['Grand Est'],COM,{68},{44}
dc03e55f-4c88-44aa-b575-7ff43fda3071,217600683,Commune de Bec-de-Mortagne (76),false,{76068},Commune,2026-03-24 14:42:08.818969+01,gold_establishments_2025,,,,21760068300015,2025,Collectivité Territoriale,Commune,['Seine-Maritime'],['Normandie'],COM,{76},{28}
7f7a3e41-56a5-4166-ac26-47ede18bad1b,213200397,Commune de Beccas (32),false,{32039},Commune,2026-03-24 14:41:58.09424+01,gold_establishments_2025,,,,21320039700015,2025,Collectivité Territoriale,Commune,['Gers'],['Occitanie'],COM,{32},{76}
126b3527-3000-4bd1-9795-51f315bffc1d,210200606,Commune de Becquigny (02),false,{02061},Commune,2026-03-24 14:41:51.447482+01,gold_establishments_2025,,,,21020060600015,2025,Collectivité Territoriale,Commune,['Aisne'],['Hauts-de-France'],COM,{02},{32}
4e5580fa-aa1c-4dc9-8210-43002ccc3663,218000719,Commune de Becquigny (80),false,{80074},Commune,2026-03-24 14:42:09.43682+01,gold_establishments_2025,,,,21800071900011,2025,Collectivité Territoriale,Commune,['Somme'],['Hauts-de-France'],COM,{80},{32}
e968dc64-050d-4ef1-829a-546c3a8bbaa5,211800248,Commune de Beddes (18),false,{18024},Commune,2026-03-24 14:41:54.903238+01,gold_establishments_2025,,,,21180024800018,2025,Collectivité Territoriale,Commune,['Cher'],['Centre-Val de Loire'],COM,{18},{24}
b20f1972-76c6-46dd-b8ab-93cda2829ce7,211700380,Commune de Bedenac (17),false,{17038},Commune,2026-03-24 14:41:54.903238+01,gold_establishments_2025,,,,21170038000010,2025,Collectivité Territoriale,Commune,['Charente-Maritime'],['Nouvelle-Aquitaine'],COM,{17},{75}
11ead4be-0931-4ce7-a55f-0bbe937e693c,216401042,Commune de Bedous (64),false,{64104},Commune,2026-03-24 14:42:06.130387+01,gold_establishments_2025,,,,21640104200017,2025,Collectivité Territoriale,Commune,['Pyrénées-Atlantiques'],['Nouvelle-Aquitaine'],COM,{64},{75}
43483a50-9f0e-4cff-9f98-c7f3e08257d4,211800255,Commune de Beffes (18),false,{18025},Commune,2026-03-24 14:41:54.903238+01,gold_establishments_2025,,,,21180025500013,2025,Collectivité Territoriale,Commune,['Cher'],['Centre-Val de Loire'],COM,{18},{24}
de38f43a-64ef-42bb-9936-1420c6d5399d,213900459,Commune de Beffia (39),false,{39045},Commune,2026-03-24 14:41:59.705606+01,gold_establishments_2025,,,,21390045900016,2025,Collectivité Territoriale,Commune,['Jura'],['Bourgogne-Franche-Comté'],COM,{39},{27}
38c46021-d01a-4c5d-85ab-8f3801a62541,210800504,Commune de Beffu-et-le-Morthomme (08),false,{08056},Commune,2026-03-24 14:41:52.562531+01,gold_establishments_2025,,,,21080050400016,2025,Collectivité Territoriale,Commune,['Ardennes'],['Grand Est'],COM,{08},{44}
e14be168-ad1e-4a2b-8f4d-36c006402912,218800472,Commune de Begnécourt (88),false,{88047},Commune,2026-03-24 14:42:11.118516+01,gold_establishments_2025,,,,21880047200019,2025,Collectivité Territoriale,Commune,['Vosges'],['Grand Est'],COM,{88},{44}
80f32fa7-800b-4e70-abf0-18100e842613,215500414,Commune de Behonne (55),false,{55041},Commune,2026-03-24 14:42:02.957225+01,gold_establishments_2025,,,,21550041400010,2025,Collectivité Territoriale,Commune,['Meuse'],['Grand Est'],COM,{55},{44}
59f3c159-de12-4a9a-81cd-df3969839344,215700584,Commune de Behren-lès-Forbach (57),false,{57058},Commune,2026-03-24 14:42:03.701372+01,gold_establishments_2025,,,,21570058400208,2025,Collectivité Territoriale,Commune,['Moselle'],['Grand Est'],COM,{57},{44}
8682ba03-9d67-4921-825d-f1768e04b74e,215600123,Commune de Beignon (56),false,{56012},Commune,2026-03-24 14:42:03.701372+01,gold_establishments_2025,,,,21560012300107,2025,Collectivité Territoriale,Commune,['Morbihan'],['Bretagne'],COM,{56},{53}
5700229d-1c56-4e15-84c3-4a4c9e270001,217200310,Commune de Beillé (72),false,{72031},Commune,2026-03-24 14:42:08.279287+01,gold_establishments_2025,,,,21720031000019,2025,Collectivité Territoriale,Commune,['Sarthe'],['Pays de la Loire'],COM,{72},{52}
0db3042c-203a-4fe9-b140-60aae40a1002,218900348,Commune de Beine (89),false,{89034},Commune,2026-03-24 14:42:11.118516+01,gold_establishments_2025,,,,21890034800010,2025,Collectivité Territoriale,Commune,['Yonne'],['Bourgogne-Franche-Comté'],COM,{89},{27}
96081e31-c7a8-4889-82fd-96e33b0c4f5e,215100413,Commune de Beine-Nauroy (51),false,{51046},Commune,2026-03-24 14:42:01.412377+01,gold_establishments_2025,,,,21510041300016,2025,Collectivité Territoriale,Commune,['Marne'],['Grand Est'],COM,{51},{44}
f18e2065-6ba4-4aa9-9de5-ac8415bbaa4e,216700252,Commune de Beinheim (67),false,{67025},Commune,2026-03-24 14:42:06.665412+01,gold_establishments_2025,,,,21670025200010,2025,Collectivité Territoriale,Commune,['Bas-Rhin'],['Grand Est'],COM,{67},{44}
d3889018-7551-4889-85d1-5c127827b741,212100564,Commune de Beire-le-Châtel (21),false,{21056},Commune,2026-03-24 14:41:55.433389+01,gold_establishments_2025,,,,21210056400013,2025,Collectivité Territoriale,Commune,"[""Côte-d'Or""]",['Bourgogne-Franche-Comté'],COM,{21},{27}
1ca9cd2d-9338-4d3c-8956-390865cbf503,212100572,Commune de Beire-le-Fort (21),false,{21057},Commune,2026-03-24 14:41:55.433389+01,gold_establishments_2025,,,,21210057200016,2025,Collectivité Territoriale,Commune,"[""Côte-d'Or""]",['Bourgogne-Franche-Comté'],COM,{21},{27}
aacadf5f-1658-414f-ace9-621d605cbedc,212301907,Commune de Beissat (23),false,{23019},Commune,2026-03-24 14:41:55.958138+01,gold_establishments_2025,,,,21230190700011,2025,Collectivité Territoriale,Commune,['Creuse'],['Nouvelle-Aquitaine'],COM,{23},{75}
8d1456ca-7af3-4748-b4b8-1ab1193d5778,200083343,Commune de Bel-Air-Val-d'Ance (48),false,{48038},Commune,2026-03-24 14:42:01.412377+01,gold_establishments_2025,,,,20008334300018,2025,Collectivité Territoriale,Commune,['Lozère'],['Occitanie'],COM,{48},{76}
37dd8cba-7877-4610-9fcb-ea1f72bb7a0a,212100580,Commune de Belan-sur-Ource (21),false,{21058},Commune,2026-03-24 14:41:55.433389+01,gold_establishments_2025,,,,21210058000019,2025,Collectivité Territoriale,Commune,"[""Côte-d'Or""]",['Bourgogne-Franche-Comté'],COM,{21},{27}
23eb1356-ed19-4934-b428-5ec2562e40ff,213100571,Commune de Belberaud (31),false,{31057},Commune,2026-03-24 14:41:57.56054+01,gold_establishments_2025,,,,21310057100016,2025,Collectivité Territoriale,Commune,['Haute-Garonne'],['Occitanie'],COM,{31},{76}
b973e9d6-b898-434e-9b42-0cf780037d69,217600691,Commune de Belbeuf (76),false,{76069},Commune,2026-03-24 14:42:08.818969+01,gold_establishments_2025,,,,21760069100018,2025,Collectivité Territoriale,Commune,['Seine-Maritime'],['Normandie'],COM,{76},{28}
81bb6870-df11-43bf-aa07-f78cd04ad76a,213100589,Commune de Belbèze-de-Lauragais (31),false,{31058},Commune,2026-03-24 14:41:57.56054+01,gold_establishments_2025,,,,21310058900018,2025,Collectivité Territoriale,Commune,['Haute-Garonne'],['Occitanie'],COM,{31},{76}
2313f91b-b6d0-4b15-ad7e-cece11b79c2a,213100597,Commune de Belbèze-en-Comminges (31),false,{31059},Commune,2026-03-24 14:41:57.56054+01,gold_establishments_2025,,,,21310059700011,2025,Collectivité Territoriale,Commune,['Haute-Garonne'],['Occitanie'],COM,{31},{76}
0fbfd8dc-0a96-44b3-9b29-09a875143e58,218200152,Commune de Belbèze-en-Lomagne (82),false,{82015},Commune,2026-03-24 14:42:10.508772+01,gold_establishments_2025,,,,21820015200013,2025,Collectivité Territoriale,Commune,['Tarn-et-Garonne'],['Occitanie'],COM,{82},{76}
17ecb173-4634-45c0-aae5-9e824bf2db00,211100284,Commune de Belcaire (11),false,{11028},Commune,2026-03-24 14:41:53.63825+01,gold_establishments_2025,,,,21110028400010,2025,Collectivité Territoriale,Commune,['Aude'],['Occitanie'],COM,{11},{76}
43fa18be-8adb-4f38-943e-26d744e87058,211200241,Commune de Belcastel (12),false,{12024},Commune,2026-03-24 14:41:53.63825+01,gold_establishments_2025,,,,21120024100019,2025,Collectivité Territoriale,Commune,['Aveyron'],['Occitanie'],COM,{12},{76}
985d7408-a270-40cf-b974-77724d3a391a,218100253,Commune de Belcastel (81),false,{81025},Commune,2026-03-24 14:42:09.967209+01,gold_establishments_2025,,,,21810025300010,2025,Collectivité Territoriale,Commune,['Tarn'],['Occitanie'],COM,{81},{76}
72f9a9d1-b1ff-409a-953c-e2ea5f673e48,211100292,Commune de Belcastel-et-Buc (11),false,{11029},Commune,2026-03-24 14:41:53.63825+01,gold_establishments_2025,,,,21110029200013,2025,Collectivité Territoriale,Commune,['Aude'],['Occitanie'],COM,{11},{76}
1a820e04-45ef-4130-8109-5d9d1612b51c,211300132,Commune de Belcodène (13),false,{13013},Commune,2026-03-24 14:41:53.63825+01,gold_establishments_2025,,,,21130013200019,2025,Collectivité Territoriale,Commune,['Bouches-du-Rhône'],"[""Provence-Alpes-Côte d'Azur""]",COM,{13},{93}
0fcf846e-62f6-49cf-91de-d96dab7cd7a9,212400345,Commune de Beleymas (24),false,{24034},Commune,2026-03-24 14:41:55.958138+01,gold_establishments_2025,,,,21240034500014,2025,Collectivité Territoriale,Commune,['Dordogne'],['Nouvelle-Aquitaine'],COM,{24},{75}
0c93c2c6-03b3-485f-9b73-1a5f196a109c,217000611,Commune de Belfahy (70),false,{70061},Commune,2026-03-24 14:42:07.735343+01,gold_establishments_2025,,,,21700061100012,2025,Collectivité Territoriale,Commune,['Haute-Saône'],['Bourgogne-Franche-Comté'],COM,{70},{27}
6a0c9ac9-1a97-4b7c-b046-9ff3936e09a6,212500490,Commune de Belfays (25),false,{25049},Commune,2026-03-24 14:41:55.958138+01,gold_establishments_2025,,,,21250049000017,2025,Collectivité Territoriale,Commune,['Doubs'],['Bourgogne-Franche-Comté'],COM,{25},{27}
f5f124aa-de33-4bb6-b2b2-49bcc9f73ec3,211100300,Commune de Belflou (11),false,{11030},Commune,2026-03-24 14:41:53.63825+01,gold_establishments_2025,,,,21110030000014,2025,Collectivité Territoriale,Commune,['Aude'],['Occitanie'],COM,{11},{76}
07aa69cd-a08c-40cf-b7bc-2cae5bc151ef,216100362,Commune de Belfonds (61),false,{61036},Commune,2026-03-24 14:42:04.814328+01,gold_establishments_2025,,,,21610036200013,2025,Collectivité Territoriale,Commune,['Orne'],['Normandie'],COM,{61},{28}
bdef064b-06f8-4308-b100-a6a6eb9d110f,219000106,Commune de Belfort (90),false,{90010},Commune,2026-03-24 14:42:11.659493+01,gold_establishments_2025,,,,21900010600019,2025,Collectivité Territoriale,Commune,['Territoire de Belfort'],['Bourgogne-Franche-Comté'],COM,{90},{27}
a0c6029f-c0ac-48f2-9a4a-872b7eec7f5f,214600231,Commune de Belfort-du-Quercy (46),false,{46023},Commune,2026-03-24 14:42:00.862623+01,gold_establishments_2025,,,,21460023100010,2025,Collectivité Territoriale,Commune,['Lot'],['Occitanie'],COM,{46},{76}
1eeb2c9e-7a41-44ae-abef-a4786da60552,211100318,Commune de Belfort-sur-Rebenty (11),false,{11031},Commune,2026-03-24 14:41:53.63825+01,gold_establishments_2025,,,,21110031800016,2025,Collectivité Territoriale,Commune,['Aude'],['Occitanie'],COM,{11},{76}
eede19e4-23e6-4349-bd60-53250f58a91a,200064079,Commune de Belforêt-en-Perche (61),false,{61196},Commune,2026-03-24 14:42:05.597325+01,gold_establishments_2025,,,,20006407900011,2025,Collectivité Territoriale,Commune,['Orne'],['Normandie'],COM,{61},{28}
fe4fe488-78a3-4139-8d5b-b1d2ee455052,215300286,Commune de Belgeard (53),false,{53028},Commune,2026-03-24 14:42:01.954481+01,gold_establishments_2025,,,,21530028600014,2025,Collectivité Territoriale,Commune,['Mayenne'],['Pays de la Loire'],COM,{53},{52}
936b106d-258b-42d6-b4d5-9990af83e03b,218300176,Commune de Belgentier (83),false,{83017},Commune,2026-03-24 14:42:10.508772+01,gold_establishments_2025,,,,21830017600078,2025,Collectivité Territoriale,Commune,['Var'],"[""Provence-Alpes-Côte d'Azur""]",COM,{83},{93}
ee238f4a-508d-4050-8769-7a592063423f,212000343,Commune de Belgodère (2B),false,{2B034},Commune,2026-03-24 14:41:57.56054+01,gold_establishments_2025,,,,21200034300013,2025,Collectivité Territoriale,Commune,['Haute-Corse'],['Corse'],COM,{2B},{94}
3dad187c-87e3-4e64-ae1e-d9ca98030095,214000325,Commune de Belhade (40),false,{40032},Commune,2026-03-24 14:41:59.705606+01,gold_establishments_2025,,,,21400032500016,2025,Collectivité Territoriale,Commune,['Landes'],['Nouvelle-Aquitaine'],COM,{40},{75}
fd278313-f3dd-419c-ad9d-e3fc08b64db3,212800338,Commune de Belhomert-Guéhouville (28),false,{28033},Commune,2026-03-24 14:41:57.028721+01,gold_establishments_2025,,,,21280033800015,2025,Collectivité Territoriale,Commune,['Eure-et-Loir'],['Centre-Val de Loire'],COM,{28},{24}
ea7dd274-46f3-4f38-a159-860c5960d10b,213300429,Commune de Belin-Béliet (33),false,{33042},Commune,2026-03-24 14:41:58.09424+01,gold_establishments_2025,,,,21330042900015,2025,Collectivité Territoriale,Commune,['Gironde'],['Nouvelle-Aquitaine'],COM,{33},{75}
4ffd023f-f6e4-4fb5-b81b-9a9d88e2fce5,218701100,Commune de Bellac (87),false,{87011},Commune,2026-03-24 14:42:11.118516+01,gold_establishments_2025,,,,21870110000016,2025,Collectivité Territoriale,Commune,['Haute-Vienne'],['Nouvelle-Aquitaine'],COM,{87},{75}
730a4a28-8d9d-4727-9c32-0d02d38cf218,210400263,Commune de Bellaffaire (04),false,{04026},Commune,2026-03-24 14:41:52.020251+01,gold_establishments_2025,,,,21040026300013,2025,Collectivité Territoriale,Commune,['Alpes-de-Haute-Provence'],"[""Provence-Alpes-Côte d'Azur""]",COM,{04},{93}
593a9c19-e0ee-441c-b9de-e683b2de95d7,215900648,Commune de Bellaing (59),false,{59064},Commune,2026-03-24 14:42:04.280096+01,gold_establishments_2025,,,,21590064800019,2025,Collectivité Territoriale,Commune,['Nord'],['Hauts-de-France'],COM,{59},{32}
2b33f98d-7058-407e-ae84-52cd4ba1775c,218000743,Commune de Bellancourt (80),false,{80078},Commune,2026-03-24 14:42:09.43682+01,gold_establishments_2025,,,,21800074300011,2025,Collectivité Territoriale,Commune,['Somme'],['Hauts-de-France'],COM,{80},{32}
e0c8b33b-6346-4a84-8a42-5124a1dd2735,215700592,Commune de Bellange (57),false,{57059},Commune,2026-03-24 14:42:03.701372+01,gold_establishments_2025,,,,21570059200011,2025,Collectivité Territoriale,Commune,['Moselle'],['Grand Est'],COM,{57},{44}
c5b10ec1-8eee-4c80-beda-8919e42f18e2,216100370,Commune de Bellavilliers (61),false,{61037},Commune,2026-03-24 14:42:04.814328+01,gold_establishments_2025,,,,21610037000016,2025,Collectivité Territoriale,Commune,['Orne'],['Normandie'],COM,{61},{28}
133ab9a5-dc86-490b-91ba-67d4b1e715f2,200064970,Commune de Belle Vie en Auge (14),false,{14527},Commune,2026-03-24 14:41:54.362296+01,gold_establishments_2025,,,,20006497000011,2025,Collectivité Territoriale,Commune,['Calvados'],['Normandie'],COM,{14},{28}
98e9b0eb-ff2c-4893-b0d2-05305295ea70,212200059,Commune de Belle-Isle-en-Terre (22),false,{22005},Commune,2026-03-24 14:41:55.433389+01,gold_establishments_2025,,,,21220005900013,2025,Collectivité Territoriale,Commune,"[""Côtes-d'Armor""]",['Bretagne'],COM,{22},{53}
b681a096-8db6-4fed-9b3f-4a26ec85d439,216201053,Commune de Belle-et-Houllefort (62),false,{62105},Commune,2026-03-24 14:42:05.597325+01,gold_establishments_2025,,,,21620105300016,2025,Collectivité Territoriale,Commune,['Pas-de-Calais'],['Hauts-de-France'],COM,{62},{32}
e4fa08eb-0d9f-4454-aa7c-06b9784f820b,216000596,Commune de Belle-Église (60),false,{60060},Commune,2026-03-24 14:42:04.814328+01,gold_establishments_2025,,,,21600059600017,2025,Collectivité Territoriale,Commune,['Oise'],['Hauts-de-France'],COM,{60},{32}
5851bb0c-0749-4404-b52a-12139390ea7c,210200614,Commune de Belleau (02),false,{02062},Commune,2026-03-24 14:41:51.447482+01,gold_establishments_2025,,,,21020061400019,2025,Collectivité Territoriale,Commune,['Aisne'],['Hauts-de-France'],COM,{02},{32}
589d31f7-4ec1-452c-8f58-623977047ad0,215400599,Commune de Belleau (54),false,{54059},Commune,2026-03-24 14:42:02.957225+01,gold_establishments_2025,,,,21540059900019,2025,Collectivité Territoriale,Commune,['Meurthe-et-Moselle'],['Grand Est'],COM,{54},{44}
a7eb1a95-3fa5-4410-9d88-833edc8fb158,213300437,Commune de Bellebat (33),false,{33043},Commune,2026-03-24 14:41:58.09424+01,gold_establishments_2025,,,,21330043700018,2025,Collectivité Territoriale,Commune,['Gironde'],['Nouvelle-Aquitaine'],COM,{33},{75}
73a4bcd8-e9d1-418e-90c8-e3abe3d3c416,216201046,Commune de Bellebrune (62),false,{62104},Commune,2026-03-24 14:42:05.597325+01,gold_establishments_2025,,,,21620104600010,2025,Collectivité Territoriale,Commune,['Pas-de-Calais'],['Hauts-de-France'],COM,{62},{32}
9f718ca8-5bb6-4f06-b871-9e19786c0070,211902101,Commune de Bellechassagne (19),false,{19021},Commune,2026-03-24 14:41:54.903238+01,gold_establishments_2025,,,,21190210100016,2025,Collectivité Territoriale,Commune,['Corrèze'],['Nouvelle-Aquitaine'],COM,{19},{75}
e0cc7be9-a838-436b-ad2a-f55d31ab139d,218900355,Commune de Bellechaume (89),false,{89035},Commune,2026-03-24 14:42:11.118516+01,gold_establishments_2025,,,,21890035500015,2025,Collectivité Territoriale,Commune,['Yonne'],['Bourgogne-Franche-Comté'],COM,{89},{27}
4f48bb3d-aee0-471a-8eb0-6d669c9cef4e,213900467,Commune de Bellecombe (39),false,{39046},Commune,2026-03-24 14:41:59.705606+01,gold_establishments_2025,,,,21390046700019,2025,Collectivité Territoriale,Commune,['Jura'],['Bourgogne-Franche-Comté'],COM,{39},{27}
48728944-8882-4ddc-a2e6-81c1eb07a97f,212600464,Commune de Bellecombe-Tarendol (26),false,{26046},Commune,2026-03-24 14:41:56.495197+01,gold_establishments_2025,,,,21260046400011,2025,Collectivité Territoriale,Commune,['Drôme'],['Auvergne-Rhône-Alpes'],COM,{26},{84}
d85ad924-34f2-4604-aaba-970c16f770ac,217300367,Commune de Bellecombe-en-Bauges (73),false,{73036},Commune,2026-03-24 14:42:08.279287+01,gold_establishments_2025,,,,21730036700018,2025,Collectivité Territoriale,Commune,['Savoie'],['Auvergne-Rhône-Alpes'],COM,{73},{84}
896d2d35-9c45-4d20-a2b8-c04ec3736f26,212100598,Commune de Bellefond (21),false,{21059},Commune,2026-03-24 14:41:55.433389+01,gold_establishments_2025,,,,21210059800011,2025,Collectivité Territoriale,Commune,"[""Côte-d'Or""]",['Bourgogne-Franche-Comté'],COM,{21},{27}
6d90c08c-836d-4af7-b648-9ff2e0467e8e,213300445,Commune de Bellefond (33),false,{33044},Commune,2026-03-24 14:41:58.09424+01,gold_establishments_2025,,,,21330044500011,2025,Collectivité Territoriale,Commune,['Gironde'],['Nouvelle-Aquitaine'],COM,{33},{75}
0509f955-fccc-4dfd-bb3e-64dc0622566f,218600203,Commune de Bellefonds (86),false,{86020},Commune,2026-03-24 14:42:10.508772+01,gold_establishments_2025,,,,21860020300010,2025,Collectivité Territoriale,Commune,['Vienne'],['Nouvelle-Aquitaine'],COM,{86},{75}
2c6b961b-bf59-4350-9a9a-091297e5bcfe,200068054,Commune de Bellefont-La Rauze (46),false,{46156},Commune,2026-03-24 14:42:00.862623+01,gold_establishments_2025,,,,20006805400010,2025,Collectivité Territoriale,Commune,['Lot'],['Occitanie'],COM,{46},{76}
8c0f3a19-9ce8-4edd-b8ba-468f6e4f60a3,213900475,Commune de Bellefontaine (39),false,{39047},Commune,2026-03-24 14:41:59.705606+01,gold_establishments_2025,,,,21390047500012,2025,Collectivité Territoriale,Commune,['Jura'],['Bourgogne-Franche-Comté'],COM,{39},{27}
dcfdb85c-71bd-4805-bad2-dc3d50fa5af4,218800480,Commune de Bellefontaine (88),false,{88048},Commune,2026-03-24 14:42:11.118516+01,gold_establishments_2025,,,,21880048000012,2025,Collectivité Territoriale,Commune,['Vosges'],['Grand Est'],COM,{88},{44}
3aa87b80-428a-40b3-bde0-f61d781f7c66,219500550,Commune de Bellefontaine (95),false,{95055},Commune,2026-03-24 14:42:11.659493+01,gold_establishments_2025,,,,21950055000013,2025,Collectivité Territoriale,Commune,"[""Val-d'Oise""]",['Île-de-France'],COM,{95},{11}
3b5ca176-2121-4906-8177-6f89a0db3eed,219722345,Commune de Bellefontaine (972),false,{97234},Commune,2026-03-24 14:42:11.659493+01,gold_establishments_2025,,,,21972234500010,2025,Collectivité Territoriale,Commune,['Martinique'],['Martinique'],COM,{972},{02}
fd5265de-ee0e-4bb6-8cb6-a928b5be70b7,216700260,Commune de Bellefosse (67),false,{67026},Commune,2026-03-24 14:42:06.665412+01,gold_establishments_2025,,,,21670026000013,2025,Collectivité Territoriale,Commune,['Bas-Rhin'],['Grand Est'],COM,{67},{44}
4205f957-09ae-4223-94cb-f09f566d0fd7,213000342,Commune de Bellegarde (30),false,{30034},Commune,2026-03-24 14:41:57.56054+01,gold_establishments_2025,,,,21300034200013,2025,Collectivité Territoriale,Commune,['Gard'],['Occitanie'],COM,{30},{76}
dae24187-097d-4c1c-98ba-ce396e55023f,213200413,Commune de Bellegarde (32),false,{32041},Commune,2026-03-24 14:41:58.09424+01,gold_establishments_2025,,,,21320041300010,2025,Collectivité Territoriale,Commune,['Gers'],['Occitanie'],COM,{32},{76}
3b0a0d53-3749-4a34-b33d-78cf49c24ed8,214500316,Commune de Bellegarde (45),false,{45031},Commune,2026-03-24 14:42:00.862623+01,gold_establishments_2025,,,,21450031600010,2025,Collectivité Territoriale,Commune,['Loiret'],['Centre-Val de Loire'],COM,{45},{24}
82010006-5818-40df-a353-342e08de681d,200054583,Commune de Bellegarde-Marsal (81),false,{81026},Commune,2026-03-24 14:42:09.967209+01,gold_establishments_2025,,,,20005458300014,2025,Collectivité Territoriale,Commune,['Tarn'],['Occitanie'],COM,{81},{76}
83bbcd9e-d101-4212-9812-2293eb95b2c9,213800378,Commune de Bellegarde-Poussieu (38),false,{38037},Commune,2026-03-24 14:41:59.160244+01,gold_establishments_2025,,,,21380037800019,2025,Collectivité Territoriale,Commune,['Isère'],['Auvergne-Rhône-Alpes'],COM,{38},{84}
32033169-87c2-4e99-9ea5-de0827da59dc,213100613,Commune de Bellegarde-Sainte-Marie (31),false,{31061},Commune,2026-03-24 14:41:57.56054+01,gold_establishments_2025,,,,21310061300016,2025,Collectivité Territoriale,Commune,['Haute-Garonne'],['Occitanie'],COM,{31},{76}
3d5f25ec-7542-4c8b-99e7-d4c11d47c606,211100326,Commune de Bellegarde-du-Razès (11),false,{11032},Commune,2026-03-24 14:41:53.63825+01,gold_establishments_2025,,,,21110032600019,2025,Collectivité Territoriale,Commune,['Aude'],['Occitanie'],COM,{11},{76}
e4b14bf8-502c-4610-8a0d-efb03c0c6ad0,212600472,Commune de Bellegarde-en-Diois (26),false,{26047},Commune,2026-03-24 14:41:56.495197+01,gold_establishments_2025,,,,21260047200014,2025,Collectivité Territoriale,Commune,['Drôme'],['Auvergne-Rhône-Alpes'],COM,{26},{84}
81aac4c5-788d-42fb-b7fb-9ef8d2fda361,214200131,Commune de Bellegarde-en-Forez (42),false,{42013},Commune,2026-03-24 14:42:00.273698+01,gold_establishments_2025,,,,21420013100016,2025,Collectivité Territoriale,Commune,['Loire'],['Auvergne-Rhône-Alpes'],COM,{42},{84}
b31048dd-dd83-4a15-acd4-1927d2cfd437,212302004,Commune de Bellegarde-en-Marche (23),false,{23020},Commune,2026-03-24 14:41:55.958138+01,gold_establishments_2025,,,,21230200400016,2025,Collectivité Territoriale,Commune,['Creuse'],['Nouvelle-Aquitaine'],COM,{23},{75}
c02aae7a-5c1a-43b6-acfb-135fe12f4474,212500516,Commune de Belleherbe (25),false,{25051},Commune,2026-03-24 14:41:55.958138+01,gold_establishments_2025,,,,21250051600019,2025,Collectivité Territoriale,Commune,['Doubs'],['Bourgogne-Franche-Comté'],COM,{25},{27}
7a8465d0-273b-41dc-b872-a8cce37ec5fb,216800243,Commune de Bellemagny (68),false,{68024},Commune,2026-03-24 14:42:07.195692+01,gold_establishments_2025,,,,21680024300018,2025,Collectivité Territoriale,Commune,['Haut-Rhin'],['Grand Est'],COM,{68},{44}
cc16f6e3-9942-40d8-a49e-c760295297c0,210300224,Commune de Bellenaves (03),false,{03022},Commune,2026-03-24 14:41:52.020251+01,gold_establishments_2025,,,,21030022400016,2025,Collectivité Territoriale,Commune,['Allier'],['Auvergne-Rhône-Alpes'],COM,{03},{84}
b886ee44-f63e-4a55-ac29-26e4460c6eea,217600709,Commune de Bellencombre (76),false,{76070},Commune,2026-03-24 14:42:08.818969+01,gold_establishments_2025,,,,21760070900018,2025,Collectivité Territoriale,Commune,['Seine-Maritime'],['Normandie'],COM,{76},{28}
4f9c45b0-8d1a-4bf4-a47e-b9eac48b1bbc,212100606,Commune de Belleneuve (21),false,{21060},Commune,2026-03-24 14:41:55.433389+01,gold_establishments_2025,,,,21210060600012,2025,Collectivité Territoriale,Commune,"[""Côte-d'Or""]",['Bourgogne-Franche-Comté'],COM,{21},{27}
eba0ebeb-d8c7-4ccf-8869-b73eca3af094,210200622,Commune de Bellenglise (02),false,{02063},Commune,2026-03-24 14:41:51.447482+01,gold_establishments_2025,,,,21020062200012,2025,Collectivité Territoriale,Commune,['Aisne'],['Hauts-de-France'],COM,{02},{32}
1d5ef37f-aa8f-4442-bc53-fb4cbd098ef8,211400577,Commune de Bellengreville (14),false,{14057},Commune,2026-03-24 14:41:53.63825+01,gold_establishments_2025,,,,21140057700014,2025,Collectivité Territoriale,Commune,['Calvados'],['Normandie'],COM,{14},{28}
fb54647e-70ae-4ef1-bcb3-932534f56cdc,217600717,Commune de Bellengreville (76),false,{76071},Commune,2026-03-24 14:42:08.818969+01,gold_establishments_2025,,,,21760071700011,2025,Collectivité Territoriale,Commune,['Seine-Maritime'],['Normandie'],COM,{76},{28}
0ab4d532-ccd2-421e-9b3a-c6cc7a94ed9c,212100614,Commune de Bellenod-sur-Seine (21),false,{21061},Commune,2026-03-24 14:41:55.433389+01,gold_establishments_2025,,,,21210061400016,2025,Collectivité Territoriale,Commune,"[""Côte-d'Or""]",['Bourgogne-Franche-Comté'],COM,{21},{27}
977625d4-f69a-42f7-ba54-e84f5f01b357,212100622,Commune de Bellenot-sous-Pouilly (21),false,{21062},Commune,2026-03-24 14:41:55.433389+01,gold_establishments_2025,,,,21210062200019,2025,Collectivité Territoriale,Commune,"[""Côte-d'Or""]",['Bourgogne-Franche-Comté'],COM,{21},{27}
f08162e9-1304-4e22-a915-2b77b538531e,215500422,Commune de Belleray (55),false,{55042},Commune,2026-03-24 14:42:02.957225+01,gold_establishments_2025,,,,21550042200013,2025,Collectivité Territoriale,Commune,['Meuse'],['Grand Est'],COM,{55},{44}
6e501949-32e0-438b-b071-4ad4f280f79b,210300232,Commune de Bellerive-sur-Allier (03),false,{03023},Commune,2026-03-24 14:41:52.020251+01,gold_establishments_2025,,,,21030023200019,2025,Collectivité Territoriale,Commune,['Allier'],['Auvergne-Rhône-Alpes'],COM,{03},{84}
7e316a6e-c7c2-4bbc-8d4a-96ff2aba10fe,214200149,Commune de Belleroche (42),false,{42014},Commune,2026-03-24 14:42:00.273698+01,gold_establishments_2025,,,,21420014900018,2025,Collectivité Territoriale,Commune,['Loire'],['Auvergne-Rhône-Alpes'],COM,{42},{84}
42cf7dbc-0da9-443f-aa7d-7721ee59e0ae,217001809,Commune de Belles-Fontaines (70),false,{70180},Commune,2026-03-24 14:42:07.735343+01,gold_establishments_2025,,,,21700180900011,2025,Collectivité Territoriale,Commune,['Haute-Saône'],['Bourgogne-Franche-Comté'],COM,{70},{27}
b7a7fb0c-0149-4333-bc67-ff33acbad73a,215700865,Commune de Belles-Forêts (57),false,{57086},Commune,2026-03-24 14:42:03.701372+01,gold_establishments_2025,,,,21570086500011,2025,Collectivité Territoriale,Commune,['Moselle'],['Grand Est'],COM,{57},{44}
046d693f-ca5e-4281-922a-cd67c74083a3,218100279,Commune de Belleserre (81),false,{81027},Commune,2026-03-24 14:42:09.967209+01,gold_establishments_2025,,,,21810027900015,2025,Collectivité Territoriale,Commune,['Tarn'],['Occitanie'],COM,{81},{76}
07199179-a699-481a-a19f-1688ed86c51f,213100621,Commune de Bellesserre (31),false,{31062},Commune,2026-03-24 14:41:57.56054+01,gold_establishments_2025,,,,21310062100019,2025,Collectivité Territoriale,Commune,['Haute-Garonne'],['Occitanie'],COM,{31},{76}
3483504b-f99f-434a-b75d-7694a6245d4c,210200630,Commune de Belleu (02),false,{02064},Commune,2026-03-24 14:41:51.447482+01,gold_establishments_2025,,,,21020063000015,2025,Collectivité Territoriale,Commune,['Aisne'],['Hauts-de-France'],COM,{02},{32}
776da8aa-ddcd-4f96-ba27-24b7c50baa3e,218000750,Commune de Belleuse (80),false,{80079},Commune,2026-03-24 14:42:09.43682+01,gold_establishments_2025,,,,21800075000016,2025,Collectivité Territoriale,Commune,['Somme'],['Hauts-de-France'],COM,{80},{32}
4617de82-34fb-4f94-a005-5551f8e1d2f3,217400324,Commune de Bellevaux (74),false,{74032},Commune,2026-03-24 14:42:08.279287+01,gold_establishments_2025,,,,21740032400018,2025,Collectivité Territoriale,Commune,['Haute-Savoie'],['Auvergne-Rhône-Alpes'],COM,{74},{84}
6ef7f038-7a23-449d-aa19-8d593b2ec5a7,217100296,Commune de Bellevesvre (71),false,{71029},Commune,2026-03-24 14:42:07.735343+01,gold_establishments_2025,,,,21710029600011,2025,Collectivité Territoriale,Commune,['Saône-et-Loire'],['Bourgogne-Franche-Comté'],COM,{71},{27}
d962efa0-95f7-4f2a-817f-dfd44f2b880b,200062941,Commune de Bellevigne (16),false,{16204},Commune,2026-03-24 14:41:54.362296+01,gold_establishments_2025,,,,20006294100014,2025,Collectivité Territoriale,Commune,['Charente'],['Nouvelle-Aquitaine'],COM,{16},{75}
63c95920-763d-472e-8462-2c36e7901f40,200055218,Commune de Bellevigne-en-Layon (49),false,{49345},Commune,2026-03-24 14:42:01.412377+01,gold_establishments_2025,,,,20005521800016,2025,Collectivité Territoriale,Commune,['Maine-et-Loire'],['Pays de la Loire'],COM,{49},{52}
34f14f79-cd3f-48d8-8786-17d74564e5c2,200082576,Commune de Bellevigne-les-Châteaux (49),false,{49060},Commune,2026-03-24 14:42:01.412377+01,gold_establishments_2025,,,,20008257600014,2025,Collectivité Territoriale,Commune,['Maine-et-Loire'],['Pays de la Loire'],COM,{49},{52}
6f7312fb-476b-4d01-a855-ef314ee5a4d7,200057701,Commune de Bellevigny (85),false,{85019},Commune,2026-03-24 14:42:10.508772+01,gold_establishments_2025,,,,20005770100019,2025,Collectivité Territoriale,Commune,['Vendée'],['Pays de la Loire'],COM,{85},{52}
cd2c38df-13d1-45bc-8d13-fff8d88d8274,215400607,Commune de Belleville (54),false,{54060},Commune,2026-03-24 14:42:02.957225+01,gold_establishments_2025,,,,21540060700010,2025,Collectivité Territoriale,Commune,['Meurthe-et-Moselle'],['Grand Est'],COM,{54},{44}
bff3784c-650b-4603-8b29-d39e6ff47cc7,200084416,Commune de Belleville-en-Beaujolais (69),false,{69019},Commune,2026-03-24 14:42:07.195692+01,gold_establishments_2025,,,,20008441600011,2025,Collectivité Territoriale,Commune,['Rhône'],['Auvergne-Rhône-Alpes'],COM,{69},{84}
67da617b-65a2-4af0-8c12-cb645c99e293,217600725,Commune de Belleville-en-Caux (76),false,{76072},Commune,2026-03-24 14:42:08.818969+01,gold_establishments_2025,,,,21760072500014,2025,Collectivité Territoriale,Commune,['Seine-Maritime'],['Normandie'],COM,{76},{28}
f5d8f4e3-f1cd-49b9-8e74-879c4cc81775,210800512,Commune de Belleville-et-Châtillon-sur-Bar (08),false,{08057},Commune,2026-03-24 14:41:52.562531+01,gold_establishments_2025,,,,21080051200019,2025,Collectivité Territoriale,Commune,['Ardennes'],['Grand Est'],COM,{08},{44}
2ed5ee53-d529-4e43-add3-3378b54c1fb0,211800263,Commune de Belleville-sur-Loire (18),false,{18026},Commune,2026-03-24 14:41:54.903238+01,gold_establishments_2025,,,,21180026300017,2025,Collectivité Territoriale,Commune,['Cher'],['Centre-Val de Loire'],COM,{18},{24}
97cba0ba-ceb4-44a6-9fa9-e0b87c13f15e,215500430,Commune de Belleville-sur-Meuse (55),false,{55043},Commune,2026-03-24 14:42:02.957225+01,gold_establishments_2025,,,,21550043000016,2025,Collectivité Territoriale,Commune,['Meuse'],['Grand Est'],COM,{55},{44}
f466640b-f9dd-4c9d-9349-2385073786d1,214300261,Commune de Bellevue-la-Montagne (43),false,{43026},Commune,2026-03-24 14:42:00.273698+01,gold_establishments_2025,,,,21430026100010,2025,Collectivité Territoriale,Commune,['Haute-Loire'],['Auvergne-Rhône-Alpes'],COM,{43},{84}
988a8737-98cd-433c-ba9a-fb4fcb27caba,210100343,Commune de Belley (01),false,{01034},Commune,2026-03-24 14:41:51.447482+01,gold_establishments_2025,,,,21010034300016,2025,Collectivité Territoriale,Commune,['Ain'],['Auvergne-Rhône-Alpes'],COM,{01},{84}
64194e19-2e72-4800-96bb-9d4cce725c41,210100350,Commune de Belleydoux (01),false,{01035},Commune,2026-03-24 14:41:51.447482+01,gold_establishments_2025,,,,21010035000011,2025,Collectivité Territoriale,Commune,['Ain'],['Auvergne-Rhône-Alpes'],COM,{01},{84}
9b758e3b-2a16-43f7-ae76-9160c65035ae,210200648,Commune de Bellicourt (02),false,{02065},Commune,2026-03-24 14:41:51.447482+01,gold_establishments_2025,,,,21020064800017,2025,Collectivité Territoriale,Commune,['Aisne'],['Hauts-de-France'],COM,{02},{32}
16e96dec-46e3-405e-b44c-d29d93a39421,210100319,Commune de Bellignat (01),false,{01031},Commune,2026-03-24 14:41:51.447482+01,gold_establishments_2025,,,,21010031900016,2025,Collectivité Territoriale,Commune,['Ain'],['Auvergne-Rhône-Alpes'],COM,{01},{84}
bc262c86-bf44-4486-a882-2bfd1690fc10,215900655,Commune de Bellignies (59),false,{59065},Commune,2026-03-24 14:42:04.280096+01,gold_establishments_2025,,,,21590065500014,2025,Collectivité Territoriale,Commune,['Nord'],['Hauts-de-France'],COM,{59},{32}
50449228-b5f4-4c55-958a-63197d6b5091,200062677,Commune de Bellinghem (62),false,{62471},Commune,2026-03-24 14:42:05.597325+01,gold_establishments_2025,,,,20006267700014,2025,Collectivité Territoriale,Commune,['Pas-de-Calais'],['Hauts-de-France'],COM,{62},{32}
bcef687f-98aa-4b4f-b775-2ce67f6e2718,210900486,Commune de Belloc (09),false,{09048},Commune,2026-03-24 14:41:53.095366+01,gold_establishments_2025,,,,21090048600015,2025,Collectivité Territoriale,Commune,['Ariège'],['Occitanie'],COM,{09},{76}
6e49af4b-bd88-4d4d-89e2-2e34e3d0abd5,213200421,Commune de Belloc-Saint-Clamens (32),false,{32042},Commune,2026-03-24 14:41:58.09424+01,gold_establishments_2025,,,,21320042100013,2025,Collectivité Territoriale,Commune,['Gers'],['Occitanie'],COM,{32},{76}
3f335a4a-617c-414c-8e4a-bf5d47d3ba67,216405886,Commune de Bellocq (64),false,{64108},Commune,2026-03-24 14:42:06.130387+01,gold_establishments_2025,,,,21640588600013,2025,Collectivité Territoriale,Commune,['Pyrénées-Atlantiques'],['Nouvelle-Aquitaine'],COM,{64},{75}
5b0b6aa4-89c1-432f-af12-42317eba39ac,211600374,Commune de Bellon (16),false,{16037},Commune,2026-03-24 14:41:54.362296+01,gold_establishments_2025,,,,21160037400014,2025,Collectivité Territoriale,Commune,['Charente'],['Nouvelle-Aquitaine'],COM,{16},{75}
94836d04-a9ab-4af2-aa97-e0489a4274b3,216201061,Commune de Bellonne (62),false,{62106},Commune,2026-03-24 14:42:05.597325+01,gold_establishments_2025,,,,21620106100019,2025,Collectivité Territoriale,Commune,['Pas-de-Calais'],['Hauts-de-France'],COM,{62},{32}
133d9892-6214-43ce-a82c-813e216bacef,217700301,Commune de Bellot (77),false,{77030},Commune,2026-03-24 14:42:08.818969+01,gold_establishments_2025,,,,21770030100013,2025,Collectivité Territoriale,Commune,['Seine-et-Marne'],['Île-de-France'],COM,{77},{11}
95789d1f-d411-4e45-9670-23b29b08b8ea,216100404,Commune de Bellou-en-Houlme (61),false,{61040},Commune,2026-03-24 14:42:04.814328+01,gold_establishments_2025,,,,21610040400013,2025,Collectivité Territoriale,Commune,['Orne'],['Normandie'],COM,{61},{28}
47c2d9ed-a2c3-4913-8ead-6e888838852d,216100412,Commune de Bellou-le-Trichard (61),false,{61041},Commune,2026-03-24 14:42:04.814328+01,gold_establishments_2025,,,,21610041200016,2025,Collectivité Territoriale,Commune,['Orne'],['Normandie'],COM,{61},{28}
670eb408-e8b8-4a1a-ac7e-60076b913105,216000612,Commune de Belloy (60),false,{60061},Commune,2026-03-24 14:42:04.814328+01,gold_establishments_2025,,,,21600061200012,2025,Collectivité Territoriale,Commune,['Oise'],['Hauts-de-France'],COM,{60},{32}
63694549-ed39-426e-9c16-52197a90d726,218000776,Commune de Belloy-Saint-Léonard (80),false,{80081},Commune,2026-03-24 14:42:09.43682+01,gold_establishments_2025,,,,21800077600011,2025,Collectivité Territoriale,Commune,['Somme'],['Hauts-de-France'],COM,{80},{32}
45ad8bf5-6b86-4268-9c1c-60c15aca9d56,219500568,Commune de Belloy-en-France (95),false,{95056},Commune,2026-03-24 14:42:11.659493+01,gold_establishments_2025,,,,21950056800015,2025,Collectivité Territoriale,Commune,"[""Val-d'Oise""]",['Île-de-France'],COM,{95},{11}
d2ba8745-86fc-4f36-ac60-d23757989f3f,218000768,Commune de Belloy-en-Santerre (80),false,{80080},Commune,2026-03-24 14:42:09.43682+01,gold_establishments_2025,,,,21800076800018,2025,Collectivité Territoriale,Commune,['Somme'],['Hauts-de-France'],COM,{80},{32}
0350a2b5-db5a-4635-b8b2-4ba5ef897d4f,218000784,Commune de Belloy-sur-Somme (80),false,{80082},Commune,2026-03-24 14:42:09.43682+01,gold_establishments_2025,,,,21800078400015,2025,Collectivité Territoriale,Commune,['Somme'],['Hauts-de-France'],COM,{80},{32}
600f7b67-fe92-43c2-a2e8-abf7b85ba655,211700398,Commune de Belluire (17),false,{17039},Commune,2026-03-24 14:41:54.903238+01,gold_establishments_2025,,,,21170039800012,2025,Collectivité Territoriale,Commune,['Charente-Maritime'],['Nouvelle-Aquitaine'],COM,{17},{75}
91de0197-dfeb-4bbf-8023-032e0fb67455,216100388,Commune de Bellême (61),false,{61038},Commune,2026-03-24 14:42:04.814328+01,gold_establishments_2025,,,,21610038800018,2025,Collectivité Territoriale,Commune,['Orne'],['Normandie'],COM,{61},{28}
f813e948-fb66-43a1-b341-8fff6871960e,217600758,Commune de Belmesnil (76),false,{76075},Commune,2026-03-24 14:42:08.818969+01,gold_establishments_2025,,,,21760075800015,2025,Collectivité Territoriale,Commune,['Seine-Maritime'],['Normandie'],COM,{76},{28}
a2f8b5dd-6308-48b4-b69e-a5190df1f368,212500524,Commune de Belmont (25),false,{25052},Commune,2026-03-24 14:41:55.958138+01,gold_establishments_2025,,,,21250052400013,2025,Collectivité Territoriale,Commune,['Doubs'],['Bourgogne-Franche-Comté'],COM,{25},{27}
b2b14cbd-74b2-46fa-90b9-03ec2b8d46b2,213200439,Commune de Belmont (32),false,{32043},Commune,2026-03-24 14:41:58.09424+01,gold_establishments_2025,,,,21320043900015,2025,Collectivité Territoriale,Commune,['Gers'],['Occitanie'],COM,{32},{76}
3b96b493-a92e-48b7-b970-aea26be88bbc,213800386,Commune de Belmont (38),false,{38038},Commune,2026-03-24 14:41:59.160244+01,gold_establishments_2025,,,,21380038600012,2025,Collectivité Territoriale,Commune,['Isère'],['Auvergne-Rhône-Alpes'],COM,{38},{84}
57b04fb3-1c01-47d1-8704-0b0d89956663,213900483,Commune de Belmont (39),false,{39048},Commune,2026-03-24 14:41:59.705606+01,gold_establishments_2025,,,,21390048300016,2025,Collectivité Territoriale,Commune,['Jura'],['Bourgogne-Franche-Comté'],COM,{39},{27}
cccdbb29-973d-45ce-bc73-3e0b9a7e2953,215200296,Commune de Belmont (52),false,{52043},Commune,2026-03-24 14:42:01.954481+01,gold_establishments_2025,,,,21520029600014,2025,Collectivité Territoriale,Commune,['Haute-Marne'],['Grand Est'],COM,{52},{44}
ed62bb00-e159-4b15-8b16-2a57b4b91ba1,216700278,Commune de Belmont (67),false,{67027},Commune,2026-03-24 14:42:06.665412+01,gold_establishments_2025,,,,21670027800015,2025,Collectivité Territoriale,Commune,['Bas-Rhin'],['Grand Est'],COM,{67},{44}
a3482a9c-7d28-4179-b765-3787f94fe472,217000629,Commune de Belmont (70),false,{70062},Commune,2026-03-24 14:42:07.735343+01,gold_establishments_2025,,,,21700062900014,2025,Collectivité Territoriale,Commune,['Haute-Saône'],['Bourgogne-Franche-Comté'],COM,{70},{27}
66304051-74dd-4c92-8698-f73af68f4329,214600249,Commune de Belmont-Bretenoux (46),false,{46024},Commune,2026-03-24 14:42:00.862623+01,gold_establishments_2025,,,,21460024900012,2025,Collectivité Territoriale,Commune,['Lot'],['Occitanie'],COM,{46},{76}
b7325705-7bb2-4729-9ced-e6fcca8de32d,214600264,Commune de Belmont-Sainte-Foi (46),false,{46026},Commune,2026-03-24 14:42:00.862623+01,gold_establishments_2025,,,,21460026400011,2025,Collectivité Territoriale,Commune,['Lot'],['Occitanie'],COM,{46},{76}
49018af7-683b-4aff-86b4-fd20e16837d9,217300391,Commune de Belmont-Tramonet (73),false,{73039},Commune,2026-03-24 14:42:08.279287+01,gold_establishments_2025,,,,21730039100018,2025,Collectivité Territoriale,Commune,['Savoie'],['Auvergne-Rhône-Alpes'],COM,{73},{84}
e065d63e-94bd-4305-b67b-17da48beefdc,216900209,Commune de Belmont-d'Azergues (69),false,{69020},Commune,2026-03-24 14:42:07.195692+01,gold_establishments_2025,,,,21690020900018,2025,Collectivité Territoriale,Commune,['Rhône'],['Auvergne-Rhône-Alpes'],COM,{69},{84}
83cd1ea1-bc91-4c50-af8a-22477e9e35b9,214200156,Commune de Belmont-de-la-Loire (42),false,{42015},Commune,2026-03-24 14:42:00.273698+01,gold_establishments_2025,,,,21420015600104,2025,Collectivité Territoriale,Commune,['Loire'],['Auvergne-Rhône-Alpes'],COM,{42},{84}
8ec611f9-e152-4464-ac6e-67ac7e5772f6,218800498,Commune de Belmont-lès-Darney (88),false,{88049},Commune,2026-03-24 14:42:11.118516+01,gold_establishments_2025,,,,21880049800014,2025,Collectivité Territoriale,Commune,['Vosges'],['Grand Est'],COM,{88},{44}
e3bd1ee2-f800-44eb-928a-746cd25235ea,218800506,Commune de Belmont-sur-Buttant (88),false,{88050},Commune,2026-03-24 14:42:11.118516+01,gold_establishments_2025,,,,21880050600014,2025,Collectivité Territoriale,Commune,['Vosges'],['Grand Est'],COM,{88},{44}
2c4f72fb-392c-4e28-8169-0c6f75fc9297,211200258,Commune de Belmont-sur-Rance (12),false,{12025},Commune,2026-03-24 14:41:53.63825+01,gold_establishments_2025,,,,21120025800013,2025,Collectivité Territoriale,Commune,['Aveyron'],['Occitanie'],COM,{12},{76}
799a3590-fab2-43f7-bad0-cae5eb62553e,218800514,Commune de Belmont-sur-Vair (88),false,{88051},Commune,2026-03-24 14:42:11.118516+01,gold_establishments_2025,,,,21880051400018,2025,Collectivité Territoriale,Commune,['Vosges'],['Grand Est'],COM,{88},{44}
d4ef78ec-d38a-4c6b-b1d4-d9972f4615ca,217000637,Commune de Belonchamp (70),false,{70063},Commune,2026-03-24 14:42:07.735343+01,gold_establishments_2025,,,,21700063700017,2025,Collectivité Territoriale,Commune,['Haute-Saône'],['Bourgogne-Franche-Comté'],COM,{70},{27}
2d0abfcb-c966-4452-9007-72efeeb9ef69,211100334,Commune de Belpech (11),false,{11033},Commune,2026-03-24 14:41:53.63825+01,gold_establishments_2025,,,,21110033400013,2025,Collectivité Territoriale,Commune,['Aude'],['Occitanie'],COM,{11},{76}
db86bf42-8227-497e-a4ca-bc873ea4c50e,215500448,Commune de Belrain (55),false,{55044},Commune,2026-03-24 14:42:02.957225+01,gold_establishments_2025,,,,21550044800018,2025,Collectivité Territoriale,Commune,['Meuse'],['Grand Est'],COM,{55},{44}
e01e9485-dc8c-478d-97ca-dc9da7cc14e6,218800522,Commune de Belrupt (88),false,{88052},Commune,2026-03-24 14:42:11.118516+01,gold_establishments_2025,,,,21880052200011,2025,Collectivité Territoriale,Commune,['Vosges'],['Grand Est'],COM,{88},{44}
d12d218e-14d8-4696-882f-477919720a96,215500455,Commune de Belrupt-en-Verdunois (55),false,{55045},Commune,2026-03-24 14:42:02.957225+01,gold_establishments_2025,,,,21550045500013,2025,Collectivité Territoriale,Commune,['Meuse'],['Grand Est'],COM,{55},{44}
74110e5d-a3ee-40e0-9bd3-2d372d47aec5,200085801,Commune de Belsentes (07),false,{07165},Commune,2026-03-24 14:41:52.562531+01,gold_establishments_2025,,,,20008580100013,2025,Collectivité Territoriale,Commune,['Ardèche'],['Auvergne-Rhône-Alpes'],COM,{07},{84}
f56d3f35-76c8-4225-abc7-08da4c464d38,210800520,Commune de Belval (08),false,{08058},Commune,2026-03-24 14:41:52.562531+01,gold_establishments_2025,,,,21080052000012,2025,Collectivité Territoriale,Commune,['Ardennes'],['Grand Est'],COM,{08},{44}
de35f4c3-c31b-4ef0-bcb6-5bdd167795a2,215000449,Commune de Belval (50),false,{50044},Commune,2026-03-24 14:42:01.412377+01,gold_establishments_2025,,,,21500044900011,2025,Collectivité Territoriale,Commune,['Manche'],['Normandie'],COM,{50},{28}
d90766dc-0296-43d8-a450-75dda8d3e2c9,218800530,Commune de Belval (88),false,{88053},Commune,2026-03-24 14:42:11.118516+01,gold_establishments_2025,,,,21880053000014,2025,Collectivité Territoriale,Commune,['Vosges'],['Grand Est'],COM,{88},{44}
0dd81003-e839-403a-8089-e15814d8876f,210800538,Commune de Belval-Bois-des-Dames (08),false,{08059},Commune,2026-03-24 14:41:52.562531+01,gold_establishments_2025,,,,21080053800014,2025,Collectivité Territoriale,Commune,['Ardennes'],['Grand Est'],COM,{08},{44}
5784b071-8538-4a16-838c-f402cf375b59,215100421,Commune de Belval-en-Argonne (51),false,{51047},Commune,2026-03-24 14:42:01.412377+01,gold_establishments_2025,,,,21510042100019,2025,Collectivité Territoriale,Commune,['Marne'],['Grand Est'],COM,{51},{44}
913b62b1-71e8-48ac-8980-757438c20fb4,215100439,Commune de Belval-sous-Châtillon (51),false,{51048},Commune,2026-03-24 14:42:01.412377+01,gold_establishments_2025,,,,21510043900011,2025,Collectivité Territoriale,Commune,['Marne'],['Grand Est'],COM,{51},{44}
bbcac6a8-8bcd-4c3a-bf12-44e7e66dbd01,217000645,Commune de Belverne (70),false,{70064},Commune,2026-03-24 14:42:07.735343+01,gold_establishments_2025,,,,21700064500010,2025,Collectivité Territoriale,Commune,['Haute-Saône'],['Bourgogne-Franche-Comté'],COM,{70},{27}
9430880d-a5f7-4e80-a797-1c139144846a,211100359,Commune de Belvianes-et-Cavirac (11),false,{11035},Commune,2026-03-24 14:41:53.63825+01,gold_establishments_2025,,,,21110035900010,2025,Collectivité Territoriale,Commune,['Aude'],['Occitanie'],COM,{11},{76}
1ec8809b-e075-48a8-b76d-7cd215cc8b5d,211100367,Commune de Belvis (11),false,{11036},Commune,2026-03-24 14:41:53.63825+01,gold_establishments_2025,,,,21110036700013,2025,Collectivité Territoriale,Commune,['Aude'],['Occitanie'],COM,{11},{76}
929a0ddf-57a4-4757-b177-e7c76c528766,212500532,Commune de Belvoir (25),false,{25053},Commune,2026-03-24 14:41:55.958138+01,gold_establishments_2025,,,,21250053200016,2025,Collectivité Territoriale,Commune,['Doubs'],['Bourgogne-Franche-Comté'],COM,{25},{27}
71395f41-c1ff-4dc5-8f10-55521aa90cee,213300452,Commune de Belvès-de-Castillon (33),false,{33045},Commune,2026-03-24 14:41:58.09424+01,gold_establishments_2025,,,,21330045200017,2025,Collectivité Territoriale,Commune,['Gironde'],['Nouvelle-Aquitaine'],COM,{33},{75}
7e25ecf4-8403-41e8-a3aa-174f284afdf3,218200160,Commune de Belvèze (82),false,{82016},Commune,2026-03-24 14:42:10.508772+01,gold_establishments_2025,,,,21820016000016,2025,Collectivité Territoriale,Commune,['Tarn-et-Garonne'],['Occitanie'],COM,{82},{76}
6f07bf91-308a-4736-849b-801588f90268,211100342,Commune de Belvèze-du-Razès (11),false,{11034},Commune,2026-03-24 14:41:53.63825+01,gold_establishments_2025,,,,21110034200016,2025,Collectivité Territoriale,Commune,['Aude'],['Occitanie'],COM,{11},{76}
4eae3ae3-6308-4b9f-89fb-08583bd79f23,210600136,Commune de Belvédère (06),false,{06013},Commune,2026-03-24 14:41:52.562531+01,gold_establishments_2025,,,,21060013600019,2025,Collectivité Territoriale,Commune,['Alpes-Maritimes'],"[""Provence-Alpes-Côte d'Azur""]",COM,{06},{93}
1f50a725-1c4d-415e-b132-3636ef8c2563,212000350,Commune de Belvédère-Campomoro (2A),false,{2A035},Commune,2026-03-24 14:41:57.56054+01,gold_establishments_2025,,,,21200035000018,2025,Collectivité Territoriale,Commune,['Corse-du-Sud'],['Corse'],COM,{2A},{94}
dd248b7b-da38-471a-af5e-090ca7482271,213000359,Commune de Belvézet (30),false,{30035},Commune,2026-03-24 14:41:57.56054+01,gold_establishments_2025,,,,21300035900017,2025,Collectivité Territoriale,Commune,['Gard'],['Occitanie'],COM,{30},{76}
fd1cb3ea-22a9-428f-bad9-14154f844322,215600131,Commune de Belz (56),false,{56013},Commune,2026-03-24 14:42:03.701372+01,gold_establishments_2025,,,,21560013100019,2025,Collectivité Territoriale,Commune,['Morbihan'],['Bretagne'],COM,{56},{53}
186702a6-7a3a-4fb5-8ef3-ee92d4fff938,210900502,Commune de Benagues (09),false,{09050},Commune,2026-03-24 14:41:53.095366+01,gold_establishments_2025,,,,21090050200019,2025,Collectivité Territoriale,Commune,['Ariège'],['Occitanie'],COM,{09},{76}
aefac262-9a3c-4865-b014-07ce632c09c8,213700248,Commune de Benais (37),false,{37024},Commune,2026-03-24 14:41:59.160244+01,gold_establishments_2025,,,,21370024800015,2025,Collectivité Territoriale,Commune,['Indre-et-Loire'],['Centre-Val de Loire'],COM,{37},{24}
3813618a-81e2-488f-8c7f-276ae77c2652,210200655,Commune de Benay (02),false,{02066},Commune,2026-03-24 14:41:51.447482+01,gold_establishments_2025,,,,21020065500012,2025,Collectivité Territoriale,Commune,['Aisne'],['Hauts-de-France'],COM,{02},{32}
cb759a5a-4e2e-4ef6-bebf-2450363747d4,211902200,Commune de Benayes (19),false,{19022},Commune,2026-03-24 14:41:54.903238+01,gold_establishments_2025,,,,21190220000016,2025,Collectivité Territoriale,Commune,['Corrèze'],['Nouvelle-Aquitaine'],COM,{19},{75}
3468bfbb-d418-4a8c-8457-214f412b80e7,210600144,Commune de Bendejun (06),false,{06014},Commune,2026-03-24 14:41:52.562531+01,gold_establishments_2025,,,,21060014400013,2025,Collectivité Territoriale,Commune,['Alpes-Maritimes'],"[""Provence-Alpes-Côte d'Azur""]",COM,{06},{93}
761a5933-fe0a-452f-a426-e86270b8566a,216800250,Commune de Bendorf (68),false,{68025},Commune,2026-03-24 14:42:07.195692+01,gold_establishments_2025,,,,21680025000013,2025,Collectivité Territoriale,Commune,['Haut-Rhin'],['Grand Est'],COM,{68},{44}
37794f6f-9d73-49e2-8ba3-aa88f217e2ec,211400593,Commune de Benerville-sur-Mer (14),false,{14059},Commune,2026-03-24 14:41:53.63825+01,gold_establishments_2025,,,,21140059300011,2025,Collectivité Territoriale,Commune,['Calvados'],['Normandie'],COM,{14},{28}
996dffd9-b1c6-4607-8327-917f2e37b11b,211600382,Commune de Benest (16),false,{16038},Commune,2026-03-24 14:41:54.362296+01,gold_establishments_2025,,,,21160038200017,2025,Collectivité Territoriale,Commune,['Charente'],['Nouvelle-Aquitaine'],COM,{16},{75}
b6eb1301-e76a-4718-8e68-63f5dd14f33b,218500205,Commune de Benet (85),false,{85020},Commune,2026-03-24 14:42:10.508772+01,gold_establishments_2025,,,,21850020500016,2025,Collectivité Territoriale,Commune,['Vendée'],['Pays de la Loire'],COM,{85},{52}
af0c0dbe-61eb-415f-91dc-198058cea37a,212100630,Commune de Beneuvre (21),false,{21063},Commune,2026-03-24 14:41:55.433389+01,gold_establishments_2025,,,,21210063000012,2025,Collectivité Territoriale,Commune,"[""Côte-d'Or""]",['Bourgogne-Franche-Comté'],COM,{21},{27}
aec301ee-c0fc-4ad4-a219-06556b255515,215500463,Commune de Beney-en-Woëvre (55),false,{55046},Commune,2026-03-24 14:42:02.957225+01,gold_establishments_2025,,,,21550046300017,2025,Collectivité Territoriale,Commune,['Meuse'],['Grand Est'],COM,{55},{44}
3c96c3eb-2274-4fe4-8e32-0d72b7090001,216700286,Commune de Benfeld (67),false,{67028},Commune,2026-03-24 14:42:06.665412+01,gold_establishments_2025,,,,21670028600091,2025,Collectivité Territoriale,Commune,['Bas-Rhin'],['Grand Est'],COM,{67},{44}
5c692a24-08df-47e8-ba87-41a1a62719e1,211800271,Commune de Bengy-sur-Craon (18),false,{18027},Commune,2026-03-24 14:41:54.903238+01,gold_establishments_2025,,,,21180027100069,2025,Collectivité Territoriale,Commune,['Cher'],['Centre-Val de Loire'],COM,{18},{24}
a1026ff9-d197-4582-b76e-5f57bb76f02d,217800572,Commune de Bennecourt (78),false,{78057},Commune,2026-03-24 14:42:09.43682+01,gold_establishments_2025,,,,21780057200018,2025,Collectivité Territoriale,Commune,['Yvelines'],['Île-de-France'],COM,{78},{11}
f358172a-f1b4-4ca8-a5dc-d4bafc810a75,215400623,Commune de Benney (54),false,{54062},Commune,2026-03-24 14:42:02.957225+01,gold_establishments_2025,,,,21540062300017,2025,Collectivité Territoriale,Commune,['Meurthe-et-Moselle'],['Grand Est'],COM,{54},{44}
11a06601-85a9-404f-b6a8-e5121fa46b3a,216800268,Commune de Bennwihr (68),false,{68026},Commune,2026-03-24 14:42:07.195692+01,gold_establishments_2025,,,,21680026800015,2025,Collectivité Territoriale,Commune,['Haut-Rhin'],['Grand Est'],COM,{68},{44}
25ef4560-18db-4513-9063-1275ba2aeb52,212100648,Commune de Benoisey (21),false,{21064},Commune,2026-03-24 14:41:55.433389+01,gold_establishments_2025,,,,21210064800014,2025,Collectivité Territoriale,Commune,"[""Côte-d'Or""]",['Bourgogne-Franche-Comté'],COM,{21},{27}
8b2661bd-8358-453b-abb2-2f5dd119f57d,211700414,Commune de Benon (17),false,{17041},Commune,2026-03-24 14:41:54.903238+01,gold_establishments_2025,,,,21170041400017,2025,Collectivité Territoriale,Commune,['Charente-Maritime'],['Nouvelle-Aquitaine'],COM,{17},{75}
a742a023-a1e0-4de7-9cd1-4480862305c1,215000456,Commune de Benoîtville (50),false,{50045},Commune,2026-03-24 14:42:01.412377+01,gold_establishments_2025,,,,21500045600057,2025,Collectivité Territoriale,Commune,['Manche'],['Normandie'],COM,{50},{28}
f9b5298a-0138-4678-8a42-980b0f78a98b,213100639,Commune de Benque (31),false,{31063},Commune,2026-03-24 14:41:57.56054+01,gold_establishments_2025,,,,21310063900011,2025,Collectivité Territoriale,Commune,['Haute-Garonne'],['Occitanie'],COM,{31},{76}
19655fe5-a43f-4ea7-93af-03db90fbbbcd,213100647,Commune de Benque-Dessous-et-Dessus (31),false,{31064},Commune,2026-03-24 14:41:57.56054+01,gold_establishments_2025,,,,21310064700014,2025,Collectivité Territoriale,Commune,['Haute-Garonne'],['Occitanie'],COM,{31},{76}
79e389e8-c8e3-4705-ba9d-ef2da31a8bd7,214000374,Commune de Benquet (40),false,{40037},Commune,2026-03-24 14:41:59.705606+01,gold_establishments_2025,,,,21400037400014,2025,Collectivité Territoriale,Commune,['Landes'],['Nouvelle-Aquitaine'],COM,{40},{75}
7984255e-9c07-40bb-93ab-4ce10a257bb3,200064236,Commune de Benqué-Molère (65),false,{65081},Commune,2026-03-24 14:42:06.665412+01,gold_establishments_2025,,,,20006423600017,2025,Collectivité Territoriale,Commune,['Hautes-Pyrénées'],['Occitanie'],COM,{65},{76}
9348bf80-8efd-4ed7-9355-7a45a4719855,216401117,Commune de Bentayou-Sérée (64),false,{64111},Commune,2026-03-24 14:42:06.130387+01,gold_establishments_2025,,,,21640111700017,2025,Collectivité Territoriale,Commune,['Pyrénées-Atlantiques'],['Nouvelle-Aquitaine'],COM,{64},{75}
fb88d456-7159-42a9-83dc-77f99d2a0378,214300279,Commune de Berbezit (43),false,{43027},Commune,2026-03-24 14:42:00.273698+01,gold_establishments_2025,,,,21430027900012,2025,Collectivité Territoriale,Commune,['Haute-Loire'],['Auvergne-Rhône-Alpes'],COM,{43},{84}
eab2c942-ceeb-45e1-88c4-0602f5c37099,212400360,Commune de Berbiguières (24),false,{24036},Commune,2026-03-24 14:41:55.958138+01,gold_establishments_2025,,,,21240036000013,2025,Collectivité Territoriale,Commune,['Dordogne'],['Nouvelle-Aquitaine'],COM,{24},{75}
04bc3654-5d2a-4b41-8e18-fb6e4d1862d3,216500827,Commune de Berbérust-Lias (65),false,{65082},Commune,2026-03-24 14:42:06.665412+01,gold_establishments_2025,,,,21650082700011,2025,Collectivité Territoriale,Commune,['Hautes-Pyrénées'],['Occitanie'],COM,{65},{76}
c0f1971c-2a78-4cca-ae83-fdc591aacf69,211000344,Commune de Bercenay-en-Othe (10),false,{10037},Commune,2026-03-24 14:41:53.095366+01,gold_establishments_2025,,,,21100034400013,2025,Collectivité Territoriale,Commune,['Aube'],['Grand Est'],COM,{10},{44}
3ec36c6a-3261-4e43-a0de-0ee6eeb5efcf,211004346,Commune de Bercenay-le-Hayer (10),false,{10038},Commune,2026-03-24 14:41:53.095366+01,gold_establishments_2025,,,,21100434600014,2025,Collectivité Territoriale,Commune,['Aube'],['Grand Est'],COM,{10},{44}
91cb375c-af52-442a-ba83-7d3396c18709,212500540,Commune de Berche (25),false,{25054},Commune,2026-03-24 14:41:55.958138+01,gold_establishments_2025,,,,21250054000019,2025,Collectivité Territoriale,Commune,['Doubs'],['Bourgogne-Franche-Comté'],COM,{25},{27}
193fbd1a-14a5-4f34-be6c-d1b97550f340,212803381,Commune de Berchères-Saint-Germain (28),false,{28034},Commune,2026-03-24 14:41:57.028721+01,gold_establishments_2025,,,,21280338100012,2025,Collectivité Territoriale,Commune,['Eure-et-Loir'],['Centre-Val de Loire'],COM,{28},{24}
b5b074c3-a1f5-4d6a-a388-17f645545151,212800353,Commune de Berchères-les-Pierres (28),false,{28035},Commune,2026-03-24 14:41:57.028721+01,gold_establishments_2025,,,,21280035300014,2025,Collectivité Territoriale,Commune,['Eure-et-Loir'],['Centre-Val de Loire'],COM,{28},{24}
dd8f1a7c-ca94-44d2-bba1-ce8072201132,212800361,Commune de Berchères-sur-Vesgre (28),false,{28036},Commune,2026-03-24 14:41:57.028721+01,gold_establishments_2025,,,,21280036100017,2025,Collectivité Territoriale,Commune,['Eure-et-Loir'],['Centre-Val de Loire'],COM,{28},{24}
44ec82fc-6fcf-41a5-b649-5f222857b3a6,216201087,Commune de Berck (62),false,{62108},Commune,2026-03-24 14:42:05.597325+01,gold_establishments_2025,,,,21620108700014,2025,Collectivité Territoriale,Commune,['Pas-de-Calais'],['Hauts-de-France'],COM,{62},{32}
4c34ecbc-18ea-4d5d-8d61-dda0e8e712b6,211700422,Commune de Bercloux (17),false,{17042},Commune,2026-03-24 14:41:54.903238+01,gold_establishments_2025,,,,21170042200010,2025,Collectivité Territoriale,Commune,['Charente-Maritime'],['Nouvelle-Aquitaine'],COM,{17},{75}
81c74f00-51ca-475f-89be-51fe1d1c2424,216100438,Commune de Berd'huis (61),false,{61043},Commune,2026-03-24 14:42:04.814328+01,gold_establishments_2025,,,,21610043800011,2025,Collectivité Territoriale,Commune,['Orne'],['Normandie'],COM,{61},{28}
4f6fc104-469f-40ab-9aeb-0c34c9dd9086,213200454,Commune de Berdoues (32),false,{32045},Commune,2026-03-24 14:41:58.09424+01,gold_establishments_2025,,,,21320045400014,2025,Collectivité Territoriale,Commune,['Gers'],['Occitanie'],COM,{32},{76}
ef24e8bd-9127-4f1f-a450-dfa650103b59,216800276,Commune de Berentzwiller (68),false,{68027},Commune,2026-03-24 14:42:07.195692+01,gold_establishments_2025,,,,21680027600018,2025,Collectivité Territoriale,Commune,['Haut-Rhin'],['Grand Est'],COM,{68},{44}
81494142-4547-4ea5-a7be-048bf86a679a,217200328,Commune de Berfay (72),false,{72032},Commune,2026-03-24 14:42:08.279287+01,gold_establishments_2025,,,,21720032800011,2025,Collectivité Territoriale,Commune,['Sarthe'],['Pays de la Loire'],COM,{72},{52}
636e669c-d2c1-4a87-a9ab-6fed2d13f7d8,216700294,Commune de Berg (67),false,{67029},Commune,2026-03-24 14:42:06.665412+01,gold_establishments_2025,,,,21670029400012,2025,Collectivité Territoriale,Commune,['Bas-Rhin'],['Grand Est'],COM,{67},{44}
dee42646-351d-4480-84a9-f4e58f7938c5,215700626,Commune de Berg-sur-Moselle (57),false,{57062},Commune,2026-03-24 14:42:03.701372+01,gold_establishments_2025,,,,21570062600017,2025,Collectivité Territoriale,Commune,['Moselle'],['Grand Est'],COM,{57},{44}
6d79f5e5-38f6-4c67-85f1-12e264b046da,214600272,Commune de Berganty (46),false,{46027},Commune,2026-03-24 14:42:00.862623+01,gold_establishments_2025,,,,21460027200014,2025,Collectivité Territoriale,Commune,['Lot'],['Occitanie'],COM,{46},{76}
778151e4-bcf3-40ee-a61c-a56fc9ca0eb8,216700302,Commune de Bergbieten (67),false,{67030},Commune,2026-03-24 14:42:06.665412+01,gold_establishments_2025,,,,21670030200013,2025,Collectivité Territoriale,Commune,['Bas-Rhin'],['Grand Est'],COM,{67},{44}
11d1fa88-7f82-43a8-9965-e5aedad0de16,212400378,Commune de Bergerac (24),false,{24037},Commune,2026-03-24 14:41:55.958138+01,gold_establishments_2025,,,,21240037800015,2025,Collectivité Territoriale,Commune,['Dordogne'],['Nouvelle-Aquitaine'],COM,{24},{75}
cbcc9ac1-ed6f-4c29-8c52-eda9dd59f8e9,217100304,Commune de Bergesserin (71),false,{71030},Commune,2026-03-24 14:42:07.735343+01,gold_establishments_2025,,,,21710030400013,2025,Collectivité Territoriale,Commune,['Saône-et-Loire'],['Bourgogne-Franche-Comté'],COM,{71},{27}
94c1ccd5-a94a-4ab2-931b-3db5e714a871,216800284,Commune de Bergheim (68),false,{68028},Commune,2026-03-24 14:42:07.195692+01,gold_establishments_2025,,,,21680028400012,2025,Collectivité Territoriale,Commune,['Haut-Rhin'],['Grand Est'],COM,{68},{44}
3e9894a8-63e0-431d-93d0-517e57b7c74c,216800292,Commune de Bergholtz (68),false,{68029},Commune,2026-03-24 14:42:07.195692+01,gold_establishments_2025,,,,21680029200015,2025,Collectivité Territoriale,Commune,['Haut-Rhin'],['Grand Est'],COM,{68},{44}
5f7367c4-4b90-44bc-ab25-9aec239c0d4e,216800300,Commune de Bergholtzzell (68),false,{68030},Commune,2026-03-24 14:42:07.195692+01,gold_establishments_2025,,,,21680030000016,2025,Collectivité Territoriale,Commune,['Haut-Rhin'],['Grand Est'],COM,{68},{44}
0f7d414f-63fc-426d-bb50-3954c4593d62,218000792,Commune de Bergicourt (80),false,{80083},Commune,2026-03-24 14:42:09.43682+01,gold_establishments_2025,,,,21800079200018,2025,Collectivité Territoriale,Commune,['Somme'],['Hauts-de-France'],COM,{80},{32}
7fb8e30c-d6fb-4dfc-a8f8-a42131916e39,210800546,Commune de Bergnicourt (08),false,{08060},Commune,2026-03-24 14:41:52.562531+01,gold_establishments_2025,,,,21080054600017,2025,Collectivité Territoriale,Commune,['Ardennes'],['Grand Est'],COM,{08},{44}
b5f852ca-f74a-4295-8c8f-ad80c56b0a22,216300368,Commune de Bergonne (63),false,{63036},Commune,2026-03-24 14:42:06.130387+01,gold_establishments_2025,,,,21630036800018,2025,Collectivité Territoriale,Commune,['Puy-de-Dôme'],['Auvergne-Rhône-Alpes'],COM,{63},{84}
bd19aba6-1e4a-49ce-9647-adefde1e3fef,214000382,Commune de Bergouey (40),false,{40038},Commune,2026-03-24 14:41:59.705606+01,gold_establishments_2025,,,,21400038200017,2025,Collectivité Territoriale,Commune,['Landes'],['Nouvelle-Aquitaine'],COM,{40},{75}
31b0135b-5d51-42ed-a5ef-4c125233a84c,216401133,Commune de Bergouey-Viellenave (64),false,{64113},Commune,2026-03-24 14:42:06.130387+01,gold_establishments_2025,,,,21640113300014,2025,Collectivité Territoriale,Commune,['Pyrénées-Atlantiques'],['Nouvelle-Aquitaine'],COM,{64},{75}
7d77fb58-2176-4ebd-b29c-06c0617ff873,216201095,Commune de Bergueneuse (62),false,{62109},Commune,2026-03-24 14:42:05.597325+01,gold_establishments_2025,,,,21620109500017,2025,Collectivité Territoriale,Commune,['Pas-de-Calais'],['Hauts-de-France'],COM,{62},{32}
ee45a7e0-758f-4822-b698-e8521415b5a4,215900671,Commune de Bergues (59),false,{59067},Commune,2026-03-24 14:42:04.280096+01,gold_establishments_2025,,,,21590067100011,2025,Collectivité Territoriale,Commune,['Nord'],['Hauts-de-France'],COM,{59},{32}
6446ad8d-bb0e-4888-b381-5d18160506a1,210200663,Commune de Bergues-sur-Sambre (02),false,{02067},Commune,2026-03-24 14:41:51.447482+01,gold_establishments_2025,,,,21020066300016,2025,Collectivité Territoriale,Commune,['Aisne'],['Hauts-de-France'],COM,{02},{32}
7d57f828-2605-4ed8-8d21-da655cb70577,211000351,Commune de Bergères (10),false,{10039},Commune,2026-03-24 14:41:53.095366+01,gold_establishments_2025,,,,21100035100018,2025,Collectivité Territoriale,Commune,['Aube'],['Grand Est'],COM,{10},{44}
6055455d-64c4-448c-8d45-24ac4bd3f386,215100447,Commune de Bergères-lès-Vertus (51),false,{51049},Commune,2026-03-24 14:42:01.412377+01,gold_establishments_2025,,,,21510044700014,2025,Collectivité Territoriale,Commune,['Marne'],['Grand Est'],COM,{51},{44}
e2ec22f8-6101-4653-8da5-6bd7ac09d831,215100454,Commune de Bergères-sous-Montmirail (51),false,{51050},Commune,2026-03-24 14:42:01.412377+01,gold_establishments_2025,,,,21510045400010,2025,Collectivité Territoriale,Commune,['Marne'],['Grand Est'],COM,{51},{44}
023df84a-e20a-4366-b8d4-de913fc79834,212200067,Commune de Berhet (22),false,{22006},Commune,2026-03-24 14:41:55.433389+01,gold_establishments_2025,,,,21220006700016,2025,Collectivité Territoriale,Commune,"[""Côtes-d'Armor""]",['Bretagne'],COM,{22},{53}
95df0ba6-065c-4137-9585-42933bb83724,216100446,Commune de Berjou (61),false,{61044},Commune,2026-03-24 14:42:04.814328+01,gold_establishments_2025,,,,21610044600014,2025,Collectivité Territoriale,Commune,['Orne'],['Normandie'],COM,{61},{28}
78e3c061-8d99-4870-8d9b-ac4f04fd5fba,215900689,Commune de Berlaimont (59),false,{59068},Commune,2026-03-24 14:42:04.280096+01,gold_establishments_2025,,,,21590068900013,2025,Collectivité Territoriale,Commune,['Nord'],['Hauts-de-France'],COM,{59},{32}
410515bb-6328-467e-a05c-a277f07043c4,210200671,Commune de Berlancourt (02),false,{02068},Commune,2026-03-24 14:41:51.447482+01,gold_establishments_2025,,,,21020067100019,2025,Collectivité Territoriale,Commune,['Aisne'],['Hauts-de-France'],COM,{02},{32}
bad412be-8649-4b36-b298-ee5cdd348195,216000620,Commune de Berlancourt (60),false,{60062},Commune,2026-03-24 14:42:04.814328+01,gold_establishments_2025,,,,21600062000015,2025,Collectivité Territoriale,Commune,['Oise'],['Hauts-de-France'],COM,{60},{32}
aed46a55-942f-4037-ab1d-bd8802853265,218100287,Commune de Berlats (81),false,{81028},Commune,2026-03-24 14:42:09.967209+01,gold_establishments_2025,,,,21810028700018,2025,Collectivité Territoriale,Commune,['Tarn'],['Occitanie'],COM,{81},{76}
a47feb93-5884-4d81-bfcb-f6b66c10316e,216201111,Commune de Berlencourt-le-Cauroy (62),false,{62111},Commune,2026-03-24 14:42:05.597325+01,gold_establishments_2025,,,,21620111100012,2025,Collectivité Territoriale,Commune,['Pas-de-Calais'],['Hauts-de-France'],COM,{62},{32}
b3a5e9b3-b07d-4d03-a3fa-baec5fbc0233,216201137,Commune de Berles-Monchel (62),false,{62113},Commune,2026-03-24 14:42:05.597325+01,gold_establishments_2025,,,,21620113700017,2025,Collectivité Territoriale,Commune,['Pas-de-Calais'],['Hauts-de-France'],COM,{62},{32}
a00cdd0e-f1f8-44f3-acab-1d59092a294d,216201129,Commune de Berles-au-Bois (62),false,{62112},Commune,2026-03-24 14:42:05.597325+01,gold_establishments_2025,,,,21620112900014,2025,Collectivité Territoriale,Commune,['Pas-de-Calais'],['Hauts-de-France'],COM,{62},{32}
5fbe7a6b-5c2e-4688-8f71-232f30dadd2d,215700642,Commune de Berling (57),false,{57064},Commune,2026-03-24 14:42:03.701372+01,gold_establishments_2025,,,,21570064200048,2025,Collectivité Territoriale,Commune,['Moselle'],['Grand Est'],COM,{57},{44}
d2494e16-7805-4410-b2a2-4f0ccca1867c,210200689,Commune de Berlise (02),false,{02069},Commune,2026-03-24 14:41:51.447482+01,gold_establishments_2025,,,,21020068900011,2025,Collectivité Territoriale,Commune,['Aisne'],['Hauts-de-France'],COM,{02},{32}
856ab90c-584e-4b9e-ad29-6c27f3ced4af,213400302,Commune de Berlou (34),false,{34030},Commune,2026-03-24 14:41:58.620411+01,gold_establishments_2025,,,,21340030200013,2025,Collectivité Territoriale,Commune,['Hérault'],['Occitanie'],COM,{34},{76}
dfe68218-a006-4fde-99e7-2df446bf7991,215900697,Commune de Bermerain (59),false,{59069},Commune,2026-03-24 14:42:04.280096+01,gold_establishments_2025,,,,21590069700057,2025,Collectivité Territoriale,Commune,['Nord'],['Hauts-de-France'],COM,{59},{32}
41972555-3b61-4bb0-978b-8a0be42e23e8,215900705,Commune de Bermeries (nan),false,{59070},Commune,2026-03-24 14:42:04.280096+01,gold_establishments_2025,,,,21590070500017,2025,Collectivité Territoriale,Commune,[''],[''],COM,,
0c07c094-8fec-490a-b08c-17b916f72100,215700659,Commune de Bermering (57),false,{57065},Commune,2026-03-24 14:42:03.701372+01,gold_establishments_2025,,,,21570065900018,2025,Collectivité Territoriale,Commune,['Moselle'],['Grand Est'],COM,{57},{44}
0e22c576-8739-4467-a479-739f058fba8b,218000800,Commune de Bermesnil (80),false,{80084},Commune,2026-03-24 14:42:09.43682+01,gold_establishments_2025,,,,21800080000019,2025,Collectivité Territoriale,Commune,['Somme'],['Hauts-de-France'],COM,{80},{32}
4f045f5d-f949-4e76-a6c7-0e0f8322782f,216201145,Commune de Bermicourt (62),false,{62114},Commune,2026-03-24 14:42:05.597325+01,gold_establishments_2025,,,,21620114500010,2025,Collectivité Territoriale,Commune,['Pas-de-Calais'],['Hauts-de-France'],COM,{62},{32}
f858bb15-0ca8-4b26-ab4b-72b552363fba,219000114,Commune de Bermont (90),false,{90011},Commune,2026-03-24 14:42:11.659493+01,gold_establishments_2025,,,,21900011400013,2025,Collectivité Territoriale,Commune,['Territoire de Belfort'],['Bourgogne-Franche-Comté'],COM,{90},{27}
0c3d7170-a9c5-4d3b-b51f-13a6d485bc0e,215100462,Commune de Berméricourt (51),false,{51051},Commune,2026-03-24 14:42:01.412377+01,gold_establishments_2025,,,,21510046200013,2025,Collectivité Territoriale,Commune,['Marne'],['Grand Est'],COM,{51},{44}
fd9a9d74-ebb5-4d02-b3b3-30aeedee5d23,211600390,Commune de Bernac (16),false,{16039},Commune,2026-03-24 14:41:54.362296+01,gold_establishments_2025,,,,21160039000010,2025,Collectivité Territoriale,Commune,['Charente'],['Nouvelle-Aquitaine'],COM,{16},{75}
c989b981-aa28-45e1-828a-7b87636be11f,218100295,Commune de Bernac (81),false,{81029},Commune,2026-03-24 14:42:09.967209+01,gold_establishments_2025,,,,21810029500011,2025,Collectivité Territoriale,Commune,['Tarn'],['Occitanie'],COM,{81},{76}
ec9f3016-d9ab-4c0e-a4f9-ba658a45e2ef,216500835,Commune de Bernac-Debat (65),false,{65083},Commune,2026-03-24 14:42:06.665412+01,gold_establishments_2025,,,,21650083500014,2025,Collectivité Territoriale,Commune,['Hautes-Pyrénées'],['Occitanie'],COM,{65},{76}
6fccb827-b610-42cd-97b6-de85dc33754e,216500843,Commune de Bernac-Dessus (65),false,{65084},Commune,2026-03-24 14:42:06.665412+01,gold_establishments_2025,,,,21650084300018,2025,Collectivité Territoriale,Commune,['Hautes-Pyrénées'],['Occitanie'],COM,{65},{76}
26ef7417-4209-4b13-9e3a-fa7574a7d62b,216401141,Commune de Bernadets (64),false,{64114},Commune,2026-03-24 14:42:06.130387+01,gold_establishments_2025,,,,21640114100017,2025,Collectivité Territoriale,Commune,['Pyrénées-Atlantiques'],['Nouvelle-Aquitaine'],COM,{64},{75}
f08d33d4-abaf-411f-82bb-240101ca28c4,216500850,Commune de Bernadets-Debat (65),false,{65085},Commune,2026-03-24 14:42:06.665412+01,gold_establishments_2025,,,,21650085000013,2025,Collectivité Territoriale,Commune,['Hautes-Pyrénées'],['Occitanie'],COM,{65},{76}
d7da7cdc-5800-40ff-9ff3-e5abacc3d42e,216500868,Commune de Bernadets-Dessus (65),false,{65086},Commune,2026-03-24 14:42:06.665412+01,gold_establishments_2025,,,,21650086800015,2025,Collectivité Territoriale,Commune,['Hautes-Pyrénées'],['Occitanie'],COM,{65},{76}
7a49c3d6-8d71-4b3b-9f4e-7e67c68bd9a9,216700310,Commune de Bernardswiller (67),false,{67031},Commune,2026-03-24 14:42:06.665412+01,gold_establishments_2025,,,,21670031000016,2025,Collectivité Territoriale,Commune,['Bas-Rhin'],['Grand Est'],COM,{67},{44}
25a763e0-1fe2-4dba-9d23-f585f900c5d7,216700328,Commune de Bernardvillé (67),false,{67032},Commune,2026-03-24 14:42:06.665412+01,gold_establishments_2025,,,,21670032800018,2025,Collectivité Territoriale,Commune,['Bas-Rhin'],['Grand Est'],COM,{67},{44}
1f1a5927-d655-4707-a8eb-51dba3034c1a,218000826,Commune de Bernaville (80),false,{80086},Commune,2026-03-24 14:42:09.43682+01,gold_establishments_2025,,,,21800082600014,2025,Collectivité Territoriale,Commune,['Somme'],['Hauts-de-France'],COM,{80},{32}
0d04a856-dff4-468e-9a05-c76616b95b62,212700561,Commune de Bernay (27),false,{27056},Commune,2026-03-24 14:41:56.495197+01,gold_establishments_2025,,,,21270056100013,2025,Collectivité Territoriale,Commune,['Eure'],['Normandie'],COM,{27},{28}
0f4d0ab3-ceda-4ea7-8638-f392ad5ab441,200083004,Commune de Bernay-Neuvy-en-Champagne (72),false,{72219},Commune,2026-03-24 14:42:08.279287+01,gold_establishments_2025,,,,20008300400016,2025,Collectivité Territoriale,Commune,['Sarthe'],['Pays de la Loire'],COM,{72},{52}
c94e9f92-eb32-4d18-ab37-8d117cf0380a,211700430,Commune de Bernay-Saint-Martin (17),false,{17043},Commune,2026-03-24 14:41:54.903238+01,gold_establishments_2025,,,,21170043000013,2025,Collectivité Territoriale,Commune,['Charente-Maritime'],['Nouvelle-Aquitaine'],COM,{17},{75}
3c26c4e4-3ef5-4371-b032-e50506f00a05,217700319,Commune de Bernay-Vilbert (77),false,{77031},Commune,2026-03-24 14:42:08.818969+01,gold_establishments_2025,,,,21770031900015,2025,Collectivité Territoriale,Commune,['Seine-et-Marne'],['Île-de-France'],COM,{77},{11}
baebc452-08d2-4eb6-a0eb-abebf5fae448,218000834,Commune de Bernay-en-Ponthieu (80),false,{80087},Commune,2026-03-24 14:42:09.43682+01,gold_establishments_2025,,,,21800083400018,2025,Collectivité Territoriale,Commune,['Somme'],['Hauts-de-France'],COM,{80},{32}
81c404ee-e92e-4e59-affa-082c0e04222e,218000842,Commune de Bernes (80),false,{80088},Commune,2026-03-24 14:42:09.967209+01,gold_establishments_2025,,,,21800084200011,2025,Collectivité Territoriale,Commune,['Somme'],['Hauts-de-France'],COM,{80},{32}
fc725a4b-1515-48b5-b018-2651fdbe7ed7,219500584,Commune de Bernes-sur-Oise (95),false,{95058},Commune,2026-03-24 14:42:11.659493+01,gold_establishments_2025,,,,21950058400012,2025,Collectivité Territoriale,Commune,"[""Val-d'Oise""]",['Île-de-France'],COM,{95},{11}
7e41956c-5096-446d-bb45-4f14c8d293ee,211400635,Commune de Bernesq (14),false,{14063},Commune,2026-03-24 14:41:53.63825+01,gold_establishments_2025,,,,21140063500010,2025,Collectivité Territoriale,Commune,['Calvados'],['Normandie'],COM,{14},{28}
35fd0b12-54c2-4006-aebc-7074687d320e,211600408,Commune de Berneuil (16),false,{16040},Commune,2026-03-24 14:41:54.362296+01,gold_establishments_2025,,,,21160040800010,2025,Collectivité Territoriale,Commune,['Charente'],['Nouvelle-Aquitaine'],COM,{16},{75}
98886eba-d90d-4e1f-923c-6dc3cc996d55,211700448,Commune de Berneuil (17),false,{17044},Commune,2026-03-24 14:41:54.903238+01,gold_establishments_2025,,,,21170044800015,2025,Collectivité Territoriale,Commune,['Charente-Maritime'],['Nouvelle-Aquitaine'],COM,{17},{75}
33dbec91-80c0-41e9-8079-58361bb77c64,218000859,Commune de Berneuil (80),false,{80089},Commune,2026-03-24 14:42:09.967209+01,gold_establishments_2025,,,,21800085900015,2025,Collectivité Territoriale,Commune,['Somme'],['Hauts-de-France'],COM,{80},{32}
1e45a8b3-4e6c-44fc-a1b6-346a7ab5bcea,218701209,Commune de Berneuil (87),false,{87012},Commune,2026-03-24 14:42:11.118516+01,gold_establishments_2025,,,,21870120900015,2025,Collectivité Territoriale,Commune,['Haute-Vienne'],['Nouvelle-Aquitaine'],COM,{87},{75}
16221563-fa2d-4ff9-9135-2ed9ff7f1565,216000638,Commune de Berneuil-en-Bray (60),false,{60063},Commune,2026-03-24 14:42:04.814328+01,gold_establishments_2025,,,,21600063800033,2025,Collectivité Territoriale,Commune,['Oise'],['Hauts-de-France'],COM,{60},{32}
559363dd-2649-4b86-9a8a-db7cc9622dc9,216000646,Commune de Berneuil-sur-Aisne (60),false,{60064},Commune,2026-03-24 14:42:04.814328+01,gold_establishments_2025,,,,21600064600010,2025,Collectivité Territoriale,Commune,['Oise'],['Hauts-de-France'],COM,{60},{32}
b1256ad1-a582-4df8-83a7-68f430ccbac9,216201152,Commune de Berneville (62),false,{62115},Commune,2026-03-24 14:42:05.597325+01,gold_establishments_2025,,,,21620115200016,2025,Collectivité Territoriale,Commune,['Pas-de-Calais'],['Hauts-de-France'],COM,{62},{32}
d183d9bb-92bb-477e-835c-19cbdc571e12,217400332,Commune de Bernex (74),false,{74033},Commune,2026-03-24 14:42:08.279287+01,gold_establishments_2025,,,,21740033200011,2025,Collectivité Territoriale,Commune,['Haute-Savoie'],['Auvergne-Rhône-Alpes'],COM,{74},{84}
48b9bb08-3d84-43ab-8e87-37f44ab70445,212700579,Commune de Bernienville (27),false,{27057},Commune,2026-03-24 14:41:56.495197+01,gold_establishments_2025,,,,21270057900015,2025,Collectivité Territoriale,Commune,['Eure'],['Normandie'],COM,{27},{28}
a0053cca-3a07-4234-88da-cc6b66ecdc2a,216201160,Commune de Bernieulles (62),false,{62116},Commune,2026-03-24 14:42:05.597325+01,gold_establishments_2025,,,,21620116000019,2025,Collectivité Territoriale,Commune,['Pas-de-Calais'],['Hauts-de-France'],COM,{62},{32}
69eafd3b-8c9c-49c5-979b-2d518f552b61,213800394,Commune de Bernin (38),false,{38039},Commune,2026-03-24 14:41:59.160244+01,gold_establishments_2025,,,,21380039400016,2025,Collectivité Territoriale,Commune,['Isère'],['Auvergne-Rhône-Alpes'],COM,{38},{84}
265e6e29-75a0-41a1-bd71-0d832bba2f3e,213000367,Commune de Bernis (30),false,{30036},Commune,2026-03-24 14:41:57.56054+01,gold_establishments_2025,,,,21300036700010,2025,Collectivité Territoriale,Commune,['Gard'],['Occitanie'],COM,{30},{76}
7b3f2416-88ae-468c-818a-e1f9ad311f20,217600824,Commune de Bernières (76),false,{76082},Commune,2026-03-24 14:42:08.818969+01,gold_establishments_2025,,,,21760082400015,2025,Collectivité Territoriale,Commune,['Seine-Maritime'],['Normandie'],COM,{76},{28}
b9c12b73-03df-4d62-aa47-fee913936afb,211400643,Commune de Bernières-d'Ailly (14),false,{14064},Commune,2026-03-24 14:41:53.63825+01,gold_establishments_2025,,,,21140064300014,2025,Collectivité Territoriale,Commune,['Calvados'],['Normandie'],COM,{14},{28}
de65a809-e030-4415-a5df-60c3f2025933,211400668,Commune de Bernières-sur-Mer (14),false,{14066},Commune,2026-03-24 14:41:53.63825+01,gold_establishments_2025,,,,21140066800011,2025,Collectivité Territoriale,Commune,['Calvados'],['Normandie'],COM,{14},{28}
40208dc9-5512-4444-af83-a135c16a6fd5,216700336,Commune de Bernolsheim (67),false,{67033},Commune,2026-03-24 14:42:06.665412+01,gold_establishments_2025,,,,21670033600011,2025,Collectivité Territoriale,Commune,['Bas-Rhin'],['Grand Est'],COM,{67},{44}
20ec28e4-60c6-4c4f-910e-e1847e172769,211000369,Commune de Bernon (10),false,{10040},Commune,2026-03-24 14:41:53.095366+01,gold_establishments_2025,,,,21100036900010,2025,Collectivité Territoriale,Commune,['Aube'],['Grand Est'],COM,{10},{44}
9956b661-7ea0-4f71-9e01-2e2e1e548c0e,213300460,Commune de Bernos-Beaulac (33),false,{33046},Commune,2026-03-24 14:41:58.09424+01,gold_establishments_2025,,,,21330046000010,2025,Collectivité Territoriale,Commune,['Gironde'],['Nouvelle-Aquitaine'],COM,{33},{75}
fb4b192a-2612-4b97-aa86-56ff93d293e3,210200697,Commune de Bernot (02),false,{02070},Commune,2026-03-24 14:41:51.447482+01,gold_establishments_2025,,,,21020069700014,2025,Collectivité Territoriale,Commune,['Aisne'],['Hauts-de-France'],COM,{02},{32}
25359c56-244b-4011-81a8-43e5acd1aafb,218900389,Commune de Bernouil (89),false,{89038},Commune,2026-03-24 14:42:11.118516+01,gold_establishments_2025,,,,21890038900014,2025,Collectivité Territoriale,Commune,['Yonne'],['Bourgogne-Franche-Comté'],COM,{89},{27}
dc2784a0-a351-4e8b-b544-f147f52b045b,212700595,Commune de Bernouville (27),false,{27059},Commune,2026-03-24 14:41:56.495197+01,gold_establishments_2025,,,,21270059500011,2025,Collectivité Territoriale,Commune,['Eure'],['Normandie'],COM,{27},{28}
fe2674ae-1854-4067-b1fe-bddc0f61cc45,200098754,Commune de Bernoy-le-Château (02),false,{02564},Commune,2026-03-24 14:41:52.020251+01,gold_establishments_2025,,,,20009875400019,2025,Collectivité Territoriale,Commune,['Aisne'],['Hauts-de-France'],COM,{02},{32}
8e421b2c-4a71-42cf-af6f-34a4529ed825,200055580,Commune de Bernwiller (68),false,{68006},Commune,2026-03-24 14:42:07.195692+01,gold_establishments_2025,,,,20005558000019,2025,Collectivité Territoriale,Commune,['Haut-Rhin'],['Grand Est'],COM,{68},{44}
3e2960ac-7d28-4412-92e6-d017112a3be1,210200705,Commune de Berny-Rivière (02),false,{02071},Commune,2026-03-24 14:41:51.447482+01,gold_establishments_2025,,,,21020070500015,2025,Collectivité Territoriale,Commune,['Aisne'],['Hauts-de-France'],COM,{02},{32}
21090291-d21a-4348-a581-eac0e2d7700f,218000867,Commune de Berny-en-Santerre (80),false,{80090},Commune,2026-03-24 14:42:09.967209+01,gold_establishments_2025,,,,21800086700018,2025,Collectivité Territoriale,Commune,['Somme'],['Hauts-de-France'],COM,{80},{32}
3765b969-a22b-4670-80cf-4e7faec1f83e,218000818,Commune de Bernâtre (80),false,{80085},Commune,2026-03-24 14:42:09.43682+01,gold_establishments_2025,,,,21800081800011,2025,Collectivité Territoriale,Commune,['Somme'],['Hauts-de-France'],COM,{80},{32}
df4ac29a-ac62-4975-8350-00309f0ad94d,213200462,Commune de Bernède (32),false,{32046},Commune,2026-03-24 14:41:58.09424+01,gold_establishments_2025,,,,21320046200017,2025,Collectivité Territoriale,Commune,['Gers'],['Occitanie'],COM,{32},{76}
1fcc4c26-207e-4126-8dde-21ff20af4f3b,215600149,Commune de Berné (56),false,{56014},Commune,2026-03-24 14:42:03.701372+01,gold_establishments_2025,,,,21560014900011,2025,Collectivité Territoriale,Commune,['Morbihan'],['Bretagne'],COM,{56},{53}
ecc36481-ec7c-4b44-94fb-f2afe2f93476,215400631,Commune de Bernécourt (54),false,{54063},Commune,2026-03-24 14:42:02.957225+01,gold_establishments_2025,,,,21540063100010,2025,Collectivité Territoriale,Commune,['Meurthe-et-Moselle'],['Grand Est'],COM,{54},{44}
519d2f21-cf9a-41a9-b4d9-c73cdbe005c9,213200470,Commune de Berrac (32),false,{32047},Commune,2026-03-24 14:41:58.09424+01,gold_establishments_2025,,,,21320047000010,2025,Collectivité Territoriale,Commune,['Gers'],['Occitanie'],COM,{32},{76}
57570472-6f29-4a14-8753-3255181cf4df,211300140,Commune de Berre-l'Étang (13),false,{13014},Commune,2026-03-24 14:41:53.63825+01,gold_establishments_2025,,,,21130014000012,2025,Collectivité Territoriale,Commune,['Bouches-du-Rhône'],"[""Provence-Alpes-Côte d'Azur""]",COM,{13},{93}
0e1720da-cbe7-4b89-8c59-ad2cee1fe583,210600151,Commune de Berre-les-Alpes (06),false,{06015},Commune,2026-03-24 14:41:52.562531+01,gold_establishments_2025,,,,21060015100018,2025,Collectivité Territoriale,Commune,['Alpes-Maritimes'],"[""Provence-Alpes-Côte d'Azur""]",COM,{06},{93}
68411d68-b384-4b4c-a697-da6052c54560,211100375,Commune de Berriac (11),false,{11037},Commune,2026-03-24 14:41:53.63825+01,gold_establishments_2025,,,,21110037500016,2025,Collectivité Territoriale,Commune,['Aude'],['Occitanie'],COM,{11},{76}
82b4e0a1-141b-41bf-9149-f1d7cefcf21f,210700316,Commune de Berrias-et-Casteljau (07),false,{07031},Commune,2026-03-24 14:41:52.562531+01,gold_establishments_2025,,,,21070031600016,2025,Collectivité Territoriale,Commune,['Ardèche'],['Auvergne-Rhône-Alpes'],COM,{07},{84}
82d1893a-e008-45a7-b956-3c7552346514,215600156,Commune de Berric (56),false,{56015},Commune,2026-03-24 14:42:03.701372+01,gold_establishments_2025,,,,21560015600016,2025,Collectivité Territoriale,Commune,['Morbihan'],['Bretagne'],COM,{56},{53}
0cbac65d-7a05-4a3a-87c1-acfaec356fca,218600229,Commune de Berrie (86),false,{86022},Commune,2026-03-24 14:42:10.508772+01,gold_establishments_2025,,,,21860022900015,2025,Collectivité Territoriale,Commune,['Vienne'],['Nouvelle-Aquitaine'],COM,{86},{75}
85997113-fdeb-4049-92ac-c13f8d8b8131,212900070,Commune de Berrien (29),false,{29007},Commune,2026-03-24 14:41:57.028721+01,gold_establishments_2025,,,,21290007000013,2025,Collectivité Territoriale,Commune,['Finistère'],['Bretagne'],COM,{29},{53}
9835b895-61b7-418d-a013-32c5783a5972,210200713,Commune de Berrieux (02),false,{02072},Commune,2026-03-24 14:41:51.447482+01,gold_establishments_2025,,,,21020071300019,2025,Collectivité Territoriale,Commune,['Aisne'],['Hauts-de-France'],COM,{02},{32}
792ba9ab-2636-4d1c-b14c-17d7b9610478,216401158,Commune de Berrogain-Laruns (64),false,{64115},Commune,2026-03-24 14:42:06.130387+01,gold_establishments_2025,,,,21640115800011,2025,Collectivité Territoriale,Commune,['Pyrénées-Atlantiques'],['Nouvelle-Aquitaine'],COM,{64},{75}
4746a36f-005e-40b9-84dd-3a9c706f711c,215100470,Commune de Berru (51),false,{51052},Commune,2026-03-24 14:42:01.412377+01,gold_establishments_2025,,,,21510047000016,2025,Collectivité Territoriale,Commune,['Marne'],['Grand Est'],COM,{51},{44}
b0ef6013-fac7-45dd-ac93-2c3623799f2c,216800326,Commune de Berrwiller (68),false,{68032},Commune,2026-03-24 14:42:07.195692+01,gold_establishments_2025,,,,21680032600011,2025,Collectivité Territoriale,Commune,['Haut-Rhin'],['Grand Est'],COM,{68},{44}
f292317a-e08f-49de-9fd3-ebd7adc9a81c,211800289,Commune de Berry-Bouy (18),false,{18028},Commune,2026-03-24 14:41:54.903238+01,gold_establishments_2025,,,,21180028900012,2025,Collectivité Territoriale,Commune,['Cher'],['Centre-Val de Loire'],COM,{18},{24}
3bd856e8-a782-454c-a52b-969b6df6e51b,210200721,Commune de Berry-au-Bac (02),false,{02073},Commune,2026-03-24 14:41:51.447482+01,gold_establishments_2025,,,,21020072100012,2025,Collectivité Territoriale,Commune,['Aisne'],['Hauts-de-France'],COM,{02},{32}
7d510feb-ebea-420e-8aaa-27b42b13054f,218701308,Commune de Bersac-sur-Rivalier (87),false,{87013},Commune,2026-03-24 14:42:11.118516+01,gold_establishments_2025,,,,21870130800015,2025,Collectivité Territoriale,Commune,['Haute-Vienne'],['Nouvelle-Aquitaine'],COM,{87},{75}
fc2991c7-30a9-4352-908a-1ac3b53c0a96,213900491,Commune de Bersaillin (39),false,{39049},Commune,2026-03-24 14:41:59.705606+01,gold_establishments_2025,,,,21390049100019,2025,Collectivité Territoriale,Commune,['Jura'],['Bourgogne-Franche-Comté'],COM,{39},{27}
be3ab4ba-b268-4a0d-b0e3-3701e588f4db,215900721,Commune de Bersillies (59),false,{59072},Commune,2026-03-24 14:42:04.280096+01,gold_establishments_2025,,,,21590072100014,2025,Collectivité Territoriale,Commune,['Nord'],['Hauts-de-France'],COM,{59},{32}
5e3dae40-f283-47c6-9759-9b659eeaa34e,213300478,Commune de Berson (33),false,{33047},Commune,2026-03-24 14:41:58.09424+01,gold_establishments_2025,,,,21330047800012,2025,Collectivité Territoriale,Commune,['Gironde'],['Nouvelle-Aquitaine'],COM,{33},{75}
85361cad-3c4f-4781-8f70-99cac4b7dc40,216700344,Commune de Berstett (67),false,{67034},Commune,2026-03-24 14:42:06.665412+01,gold_establishments_2025,,,,21670034400015,2025,Collectivité Territoriale,Commune,['Bas-Rhin'],['Grand Est'],COM,{67},{44}
12eb839f-2aa0-45f4-a4dd-bf80267a777e,216700351,Commune de Berstheim (67),false,{67035},Commune,2026-03-24 14:42:06.665412+01,gold_establishments_2025,,,,21670035100010,2025,Collectivité Territoriale,Commune,['Bas-Rhin'],['Grand Est'],COM,{67},{44}
ce138374-8930-4fc4-8aba-b07cdc5e9298,215900713,Commune de Bersée (59),false,{59071},Commune,2026-03-24 14:42:04.280096+01,gold_establishments_2025,,,,21590071300011,2025,Collectivité Territoriale,Commune,['Nord'],['Hauts-de-France'],COM,{59},{32}
ba341c95-b4dd-42cd-b007-376934fbabca,210300240,Commune de Bert (03),false,{03024},Commune,2026-03-24 14:41:52.020251+01,gold_establishments_2025,,,,21030024000012,2025,Collectivité Territoriale,Commune,['Allier'],['Auvergne-Rhône-Alpes'],COM,{03},{84}
a4f4ac61-3b4a-4840-af0d-6daf8cfa37a2,218000875,Commune de Bertangles (80),false,{80092},Commune,2026-03-24 14:42:09.967209+01,gold_establishments_2025,,,,21800087500045,2025,Collectivité Territoriale,Commune,['Somme'],['Hauts-de-France'],COM,{80},{32}
a1d0105e-3c3b-4369-ba0b-74f828e32088,210200739,Commune de Bertaucourt-Epourdon (02),false,{02074},Commune,2026-03-24 14:41:51.447482+01,gold_establishments_2025,,,,21020073900014,2025,Collectivité Territoriale,Commune,['Aisne'],['Hauts-de-France'],COM,{02},{32}
ef10f63a-2324-4323-b9f3-16484e0259c1,218000883,Commune de Berteaucourt-les-Dames (80),false,{80093},Commune,2026-03-24 14:42:09.967209+01,gold_establishments_2025,,,,21800088300015,2025,Collectivité Territoriale,Commune,['Somme'],['Hauts-de-France'],COM,{80},{32}
ad698f6f-d357-40b3-9e80-1c1239c4348d,218000891,Commune de Berteaucourt-lès-Thennes (80),false,{80094},Commune,2026-03-24 14:42:09.967209+01,gold_establishments_2025,,,,21800089100018,2025,Collectivité Territoriale,Commune,['Somme'],['Hauts-de-France'],COM,{80},{32}
069ba1f1-a821-46cc-8360-7bcfc8ece0c6,217600832,Commune de Bertheauville (76),false,{76083},Commune,2026-03-24 14:42:08.818969+01,gold_establishments_2025,,,,21760083200018,2025,Collectivité Territoriale,Commune,['Seine-Maritime'],['Normandie'],COM,{76},{28}
0d163044-ce92-4e47-b624-3e5b38275bef,216000653,Commune de Berthecourt (60),false,{60065},Commune,2026-03-24 14:42:04.814328+01,gold_establishments_2025,,,,21600065300040,2025,Collectivité Territoriale,Commune,['Oise'],['Hauts-de-France'],COM,{60},{32}
cb955cc6-81c8-45e8-9e9f-fe4e30fd8f04,218600237,Commune de Berthegon (86),false,{86023},Commune,2026-03-24 14:42:10.508772+01,gold_establishments_2025,,,,21860023700018,2025,Collectivité Territoriale,Commune,['Vienne'],['Nouvelle-Aquitaine'],COM,{86},{75}
1123325b-3f23-4388-abba-43c28d2571bd,212500557,Commune de Berthelange (25),false,{25055},Commune,2026-03-24 14:41:55.958138+01,gold_establishments_2025,,,,21250055700013,2025,Collectivité Territoriale,Commune,['Doubs'],['Bourgogne-Franche-Comté'],COM,{25},{27}
a9a08e00-050f-473e-baac-00605a1f3f32,215700667,Commune de Berthelming (57),false,{57066},Commune,2026-03-24 14:42:03.701372+01,gold_establishments_2025,,,,21570066700011,2025,Collectivité Territoriale,Commune,['Moselle'],['Grand Est'],COM,{57},{44}
dbe89ef0-bc27-4fe5-b86a-51d1d37e7312,215900739,Commune de Berthen (59),false,{59073},Commune,2026-03-24 14:42:04.280096+01,gold_establishments_2025,,,,21590073900016,2025,Collectivité Territoriale,Commune,['Nord'],['Hauts-de-France'],COM,{59},{32}
770be8bd-766f-476d-858c-128efe1de37e,213700255,Commune de Berthenay (37),false,{37025},Commune,2026-03-24 14:41:59.160244+01,gold_establishments_2025,,,,21370025500010,2025,Collectivité Territoriale,Commune,['Indre-et-Loire'],['Centre-Val de Loire'],COM,{37},{24}
02c37a42-71fa-46f9-9c50-be4a4802bdbe,210200747,Commune de Berthenicourt (02),false,{02075},Commune,2026-03-24 14:41:51.447482+01,gold_establishments_2025,,,,21020074700017,2025,Collectivité Territoriale,Commune,['Aisne'],['Hauts-de-France'],COM,{02},{32}
9fe3ad61-bae6-4bcd-8d85-c6d15066ae0b,213300486,Commune de Berthez (33),false,{33048},Commune,2026-03-24 14:41:58.09424+01,gold_establishments_2025,,,,21330048600015,2025,Collectivité Territoriale,Commune,['Gironde'],['Nouvelle-Aquitaine'],COM,{33},{75}
045f9dd8-0d8b-49db-8f7e-b537fd60701f,211200266,Commune de Bertholène (12),false,{12026},Commune,2026-03-24 14:41:53.63825+01,gold_establishments_2025,,,,21120026600016,2025,Collectivité Territoriale,Commune,['Aveyron'],['Occitanie'],COM,{12},{76}
98f0c133-521d-41b5-8e51-11fcf307ef0d,212700611,Commune de Berthouville (27),false,{27061},Commune,2026-03-24 14:41:56.495197+01,gold_establishments_2025,,,,21270061100016,2025,Collectivité Territoriale,Commune,['Eure'],['Normandie'],COM,{27},{28}
45681ecc-59a4-4a45-947c-87d34d348473,216300376,Commune de Bertignat (63),false,{63037},Commune,2026-03-24 14:42:06.130387+01,gold_establishments_2025,,,,21630037600011,2025,Collectivité Territoriale,Commune,['Puy-de-Dôme'],['Auvergne-Rhône-Alpes'],COM,{63},{84}
4ae30816-05a5-40b0-bdab-a50c4175aea0,211000377,Commune de Bertignolles (10),false,{10041},Commune,2026-03-24 14:41:53.095366+01,gold_establishments_2025,,,,21100037700013,2025,Collectivité Territoriale,Commune,['Aube'],['Grand Est'],COM,{10},{44}
eb981b32-a863-42fc-b447-56661749a16f,216201178,Commune de Bertincourt (62),false,{62117},Commune,2026-03-24 14:42:05.597325+01,gold_establishments_2025,,,,21620117800011,2025,Collectivité Territoriale,Commune,['Pas-de-Calais'],['Hauts-de-France'],COM,{62},{32}
ec5dbb69-c33d-4318-8da1-3f61ac7198e6,210800561,Commune de Bertoncourt (08),false,{08062},Commune,2026-03-24 14:41:52.562531+01,gold_establishments_2025,,,,21080056100016,2025,Collectivité Territoriale,Commune,['Ardennes'],['Grand Est'],COM,{08},{44}
3d3f87fa-c7d7-4a6e-8e99-057881ee0c6f,215400649,Commune de Bertrambois (54),false,{54064},Commune,2026-03-24 14:42:02.957225+01,gold_establishments_2025,,,,21540064900012,2025,Collectivité Territoriale,Commune,['Meurthe-et-Moselle'],['Grand Est'],COM,{54},{44}
c8700b66-5993-4d38-9f37-cd7d127188fe,218000909,Commune de Bertrancourt (80),false,{80095},Commune,2026-03-24 14:42:09.967209+01,gold_establishments_2025,,,,21800090900018,2025,Collectivité Territoriale,Commune,['Somme'],['Hauts-de-France'],COM,{80},{32}
9bceab55-03ce-47f6-a83b-3f9ddbf802a9,215700675,Commune de Bertrange (57),false,{57067},Commune,2026-03-24 14:42:03.701372+01,gold_establishments_2025,,,,21570067500014,2025,Collectivité Territoriale,Commune,['Moselle'],['Grand Est'],COM,{57},{44}
10405240-1db1-4adf-ad88-4b517f6f9fbf,218100303,Commune de Bertre (81),false,{81030},Commune,2026-03-24 14:42:09.967209+01,gold_establishments_2025,,,,21810030300013,2025,Collectivité Territoriale,Commune,['Tarn'],['Occitanie'],COM,{81},{76}
4c7906c3-2574-416a-96ac-57e4427712d7,216500876,Commune de Bertren (65),false,{65087},Commune,2026-03-24 14:42:06.665412+01,gold_establishments_2025,,,,21650087600018,2025,Collectivité Territoriale,Commune,['Hautes-Pyrénées'],['Occitanie'],COM,{65},{76}
6af1d80c-b1e1-4597-8000-c29db0cd6dd8,217600840,Commune de Bertreville (76),false,{76084},Commune,2026-03-24 14:42:08.818969+01,gold_establishments_2025,,,,21760084000011,2025,Collectivité Territoriale,Commune,['Seine-Maritime'],['Normandie'],COM,{76},{28}
a702bfce-4856-4189-82fb-0204e226f416,217600857,Commune de Bertreville-Saint-Ouen (76),false,{76085},Commune,2026-03-24 14:42:08.818969+01,gold_establishments_2025,,,,21760085700015,2025,Collectivité Territoriale,Commune,['Seine-Maritime'],['Normandie'],COM,{76},{28}
84333781-03fa-4a0f-b190-450773631fe6,212400386,Commune de Bertric-Burée (24),false,{24038},Commune,2026-03-24 14:41:55.958138+01,gold_establishments_2025,,,,21240038600018,2025,Collectivité Territoriale,Commune,['Dordogne'],['Nouvelle-Aquitaine'],COM,{24},{75}
0d844f4a-2018-4fd8-9da3-1aeeba03256b,215400656,Commune de Bertrichamps (54),false,{54065},Commune,2026-03-24 14:42:02.957225+01,gold_establishments_2025,,,,21540065600017,2025,Collectivité Territoriale,Commune,['Meurthe-et-Moselle'],['Grand Est'],COM,{54},{44}
0519f933-a4cb-40cd-ab4a-1e991102847c,210200754,Commune de Bertricourt (02),false,{02076},Commune,2026-03-24 14:41:51.447482+01,gold_establishments_2025,,,,21020075400013,2025,Collectivité Territoriale,Commune,['Aisne'],['Hauts-de-France'],COM,{02},{32}
69732ac9-7336-4989-a2d9-52e0c6c890e4,217600865,Commune de Bertrimont (76),false,{76086},Commune,2026-03-24 14:42:08.818969+01,gold_establishments_2025,,,,21760086500018,2025,Collectivité Territoriale,Commune,['Seine-Maritime'],['Normandie'],COM,{76},{28}
2ffe4894-9813-4835-8703-034269856ffd,218800548,Commune de Bertrimoutier (88),false,{88054},Commune,2026-03-24 14:42:11.118516+01,gold_establishments_2025,,,,21880054800016,2025,Collectivité Territoriale,Commune,['Vosges'],['Grand Est'],COM,{88},{44}
12d711fe-c357-4747-bb4f-176e1a7a1b6d,215900747,Commune de Bertry (59),false,{59074},Commune,2026-03-24 14:42:04.280096+01,gold_establishments_2025,,,,21590074700019,2025,Collectivité Territoriale,Commune,['Nord'],['Hauts-de-France'],COM,{59},{32}
030b28cc-dd17-4008-8726-503402433856,219500592,Commune de Berville (95),false,{95059},Commune,2026-03-24 14:42:11.659493+01,gold_establishments_2025,,,,21950059200015,2025,Collectivité Territoriale,Commune,"[""Val-d'Oise""]",['Île-de-France'],COM,{95},{11}
f39eca04-5c62-4987-9aa5-c7bbadd52e3f,217600873,Commune de Berville-en-Caux (76),false,{76087},Commune,2026-03-24 14:42:08.818969+01,gold_establishments_2025,,,,21760087300012,2025,Collectivité Territoriale,Commune,['Seine-Maritime'],['Normandie'],COM,{76},{28}
f5655287-5ab4-4e20-8be0-a58fd073afa8,212700637,Commune de Berville-la-Campagne (27),false,{27063},Commune,2026-03-24 14:41:56.495197+01,gold_establishments_2025,,,,21270063700011,2025,Collectivité Territoriale,Commune,['Eure'],['Normandie'],COM,{27},{28}
da5d3dbe-d980-4bd2-9dc8-75413bace6e6,212700645,Commune de Berville-sur-Mer (27),false,{27064},Commune,2026-03-24 14:41:56.495197+01,gold_establishments_2025,,,,21270064500014,2025,Collectivité Territoriale,Commune,['Eure'],['Normandie'],COM,{27},{28}
77e07fa3-0479-4e5b-a70b-dc186bf12052,217600881,Commune de Berville-sur-Seine (76),false,{76088},Commune,2026-03-24 14:42:08.818969+01,gold_establishments_2025,,,,21760088100015,2025,Collectivité Territoriale,Commune,['Seine-Maritime'],['Normandie'],COM,{76},{28}
d0aad5db-c8a1-4a4c-9cb3-c7d4bdbbf89c,215700691,Commune de Berviller-en-Moselle (57),false,{57069},Commune,2026-03-24 14:42:03.701372+01,gold_establishments_2025,,,,21570069100045,2025,Collectivité Territoriale,Commune,['Moselle'],['Grand Est'],COM,{57},{44}
e0bd42a5-7200-42d8-a132-e6314e5d8952,215100488,Commune de Berzieux (51),false,{51053},Commune,2026-03-24 14:42:01.412377+01,gold_establishments_2025,,,,21510048800018,2025,Collectivité Territoriale,Commune,['Marne'],['Grand Est'],COM,{51},{44}
65fbfc25-cfa7-4933-badd-5bd87f520d7d,210700324,Commune de Berzème (07),false,{07032},Commune,2026-03-24 14:41:52.562531+01,gold_establishments_2025,,,,21070032400010,2025,Collectivité Territoriale,Commune,['Ardèche'],['Auvergne-Rhône-Alpes'],COM,{07},{84}
8edc10b2-66e7-48ce-b4cb-d3e55a755435,217100320,Commune de Berzé-la-Ville (71),false,{71032},Commune,2026-03-24 14:42:07.735343+01,gold_establishments_2025,,,,21710032000019,2025,Collectivité Territoriale,Commune,['Saône-et-Loire'],['Bourgogne-Franche-Comté'],COM,{71},{27}
8ba8486c-e8f6-4fb2-82fd-50d2e66783b3,217100312,Commune de Berzé-le-Châtel (71),false,{71031},Commune,2026-03-24 14:42:07.735343+01,gold_establishments_2025,,,,21710031200016,2025,Collectivité Territoriale,Commune,['Saône-et-Loire'],['Bourgogne-Franche-Comté'],COM,{71},{27}
851bdc22-18fc-4c26-9134-df96c01646c9,213900509,Commune de Besain (39),false,{39050},Commune,2026-03-24 14:41:59.705606+01,gold_establishments_2025,,,,21390050900018,2025,Collectivité Territoriale,Commune,['Jura'],['Bourgogne-Franche-Comté'],COM,{39},{27}
69c3e1f4-a701-46e3-9df7-b7c45069acb7,212500565,Commune de Besançon (25),false,{25056},Commune,2026-03-24 14:41:55.958138+01,gold_establishments_2025,,,,21250056500016,2025,Collectivité Territoriale,Commune,['Doubs'],['Bourgogne-Franche-Comté'],COM,{25},{27}
653ba670-f563-4b62-a393-42119e6bd7ca,216401166,Commune de Bescat (64),false,{64116},Commune,2026-03-24 14:42:06.130387+01,gold_establishments_2025,,,,21640116600014,2025,Collectivité Territoriale,Commune,['Pyrénées-Atlantiques'],['Nouvelle-Aquitaine'],COM,{64},{75}
06368ee2-a401-433b-a6b0-7ff68173b11b,215000480,Commune de Beslon (50),false,{50048},Commune,2026-03-24 14:42:01.412377+01,gold_establishments_2025,,,,21500048000016,2025,Collectivité Territoriale,Commune,['Manche'],['Normandie'],COM,{50},{28}
1175cab2-74ca-4ed0-91de-68c6db5757b3,210200788,Commune de Besmont (02),false,{02079},Commune,2026-03-24 14:41:51.447482+01,gold_establishments_2025,,,,21020078800011,2025,Collectivité Territoriale,Commune,['Aisne'],['Hauts-de-France'],COM,{02},{32}
72b3b924-5bbf-4333-8818-050b7c4b382f,210200770,Commune de Besmé (02),false,{02078},Commune,2026-03-24 14:41:51.447482+01,gold_establishments_2025,,,,21020077000019,2025,Collectivité Territoriale,Commune,['Aisne'],['Hauts-de-France'],COM,{02},{32}
eb2de46d-f8ee-47fd-aa79-db6e5929aa77,217000652,Commune de Besnans (70),false,{70065},Commune,2026-03-24 14:42:07.735343+01,gold_establishments_2025,,,,21700065200016,2025,Collectivité Territoriale,Commune,['Haute-Saône'],['Bourgogne-Franche-Comté'],COM,{70},{27}
3d32397c-e9b9-4d4c-93fe-1c85e0078e3e,215000498,Commune de Besneville (50),false,{50049},Commune,2026-03-24 14:42:01.412377+01,gold_establishments_2025,,,,21500049800018,2025,Collectivité Territoriale,Commune,['Manche'],['Normandie'],COM,{50},{28}
9c308ce8-e963-43d2-bfd6-ab44977a73f7,210200796,Commune de Besny-et-Loizy (02),false,{02080},Commune,2026-03-24 14:41:51.447482+01,gold_establishments_2025,,,,21020079600014,2025,Collectivité Territoriale,Commune,['Aisne'],['Hauts-de-France'],COM,{02},{32}
579208cc-db49-4bff-afd2-de7a9bf307e1,214400137,Commune de Besné (44),false,{44013},Commune,2026-03-24 14:42:00.273698+01,gold_establishments_2025,,,,21440013700011,2025,Collectivité Territoriale,Commune,['Loire-Atlantique'],['Pays de la Loire'],COM,{44},{52}
cea1677b-85c5-4592-9a8f-50c2477cfb14,211600416,Commune de Bessac (16),false,{16041},Commune,2026-03-24 14:41:54.362296+01,gold_establishments_2025,,,,21160041600013,2025,Collectivité Territoriale,Commune,['Charente'],['Nouvelle-Aquitaine'],COM,{16},{75}
548a7c95-7d33-442a-b176-132556358155,211800297,Commune de Bessais-le-Fromental (18),false,{18029},Commune,2026-03-24 14:41:54.903238+01,gold_establishments_2025,,,,21180029700015,2025,Collectivité Territoriale,Commune,['Cher'],['Centre-Val de Loire'],COM,{18},{24}
3baaafd9-78de-4316-b29d-f82b457f8efe,214300287,Commune de Bessamorel (43),false,{43028},Commune,2026-03-24 14:42:00.273698+01,gold_establishments_2025,,,,21430028700015,2025,Collectivité Territoriale,Commune,['Haute-Loire'],['Auvergne-Rhône-Alpes'],COM,{43},{84}
e55665db-51fa-4b8f-8dbf-c60ffa802022,213400310,Commune de Bessan (34),false,{34031},Commune,2026-03-24 14:41:58.620411+01,gold_establishments_2025,,,,21340031000016,2025,Collectivité Territoriale,Commune,['Hérault'],['Occitanie'],COM,{34},{76}
e91a3784-b6e3-4655-8625-6d85f0c93c69,219500600,Commune de Bessancourt (95),false,{95060},Commune,2026-03-24 14:42:11.659493+01,gold_establishments_2025,,,,21950060000016,2025,Collectivité Territoriale,Commune,"[""Val-d'Oise""]",['Île-de-France'],COM,{95},{11}
6ee92d56-f7c8-4222-bf89-90fd18b8d579,217300409,Commune de Bessans (73),false,{73040},Commune,2026-03-24 14:42:08.279287+01,gold_establishments_2025,,,,21730040900018,2025,Collectivité Territoriale,Commune,['Savoie'],['Auvergne-Rhône-Alpes'],COM,{73},{84}
6bcb0b9d-da35-40bd-8f5a-eba5b23f75e5,210700332,Commune de Bessas (07),false,{07033},Commune,2026-03-24 14:41:52.562531+01,gold_establishments_2025,,,,21070033200013,2025,Collectivité Territoriale,Commune,['Ardèche'],['Auvergne-Rhône-Alpes'],COM,{07},{84}
dac719dd-00e6-4cf6-9c86-527086bb50b6,218500239,Commune de Bessay (85),false,{85023},Commune,2026-03-24 14:42:10.508772+01,gold_establishments_2025,,,,21850023900015,2025,Collectivité Territoriale,Commune,['Vendée'],['Pays de la Loire'],COM,{85},{52}
43fa2c5b-b554-4117-bc9a-65ce1930a700,210300257,Commune de Bessay-sur-Allier (03),false,{03025},Commune,2026-03-24 14:41:52.020251+01,gold_establishments_2025,,,,21030025700016,2025,Collectivité Territoriale,Commune,['Allier'],['Auvergne-Rhône-Alpes'],COM,{03},{84}
54ff984a-fdac-48d1-a3ae-a6632ca981ce,211502695,Commune de Besse (15),false,{15269},Commune,2026-03-24 14:41:54.362296+01,gold_establishments_2025,,,,21150269500011,2025,Collectivité Territoriale,Commune,['Cantal'],['Auvergne-Rhône-Alpes'],COM,{15},{84}
064ad396-2696-4481-97e1-1d43ba710f41,212400394,Commune de Besse (24),false,{24039},Commune,2026-03-24 14:41:55.958138+01,gold_establishments_2025,,,,21240039400012,2025,Collectivité Territoriale,Commune,['Dordogne'],['Nouvelle-Aquitaine'],COM,{24},{75}
7d67fd78-abd4-4f6a-97ca-595f13e9e081,213800402,Commune de Besse (38),false,{38040},Commune,2026-03-24 14:41:59.160244+01,gold_establishments_2025,,,,21380040200017,2025,Collectivité Territoriale,Commune,['Isère'],['Auvergne-Rhône-Alpes'],COM,{38},{84}
1367d907-9609-4471-a2fa-1ed3ae25c25c,216300384,Commune de Besse-et-Saint-Anastaise (63),false,{63038},Commune,2026-03-24 14:42:06.130387+01,gold_establishments_2025,,,,21630038400015,2025,Collectivité Territoriale,Commune,['Puy-de-Dôme'],['Auvergne-Rhône-Alpes'],COM,{63},{84}
6a8d5054-4bd7-4250-904a-64132608ef64,218300184,Commune de Besse-sur-Issole (83),false,{83018},Commune,2026-03-24 14:42:10.508772+01,gold_establishments_2025,,,,21830018400015,2025,Collectivité Territoriale,Commune,['Var'],"[""Provence-Alpes-Côte d'Azur""]",COM,{83},{93}
35ce52dd-d9ea-41e4-b8cc-c88c818fbc50,216900217,Commune de Bessenay (69),false,{69021},Commune,2026-03-24 14:42:07.195692+01,gold_establishments_2025,,,,21690021700011,2025,Collectivité Territoriale,Commune,['Rhône'],['Auvergne-Rhône-Alpes'],COM,{69},{84}
f04f9ab7-baf8-4f46-8ca9-e37222c24ab6,218200178,Commune de Bessens (82),false,{82017},Commune,2026-03-24 14:42:10.508772+01,gold_establishments_2025,,,,21820017800018,2025,Collectivité Territoriale,Commune,['Tarn-et-Garonne'],['Occitanie'],COM,{82},{76}
25bae99c-cd5b-4d0f-9782-38d32af93b8b,210900528,Commune de Besset (09),false,{09052},Commune,2026-03-24 14:41:53.095366+01,gold_establishments_2025,,,,21090052800014,2025,Collectivité Territoriale,Commune,['Ariège'],['Occitanie'],COM,{09},{76}
1bbe0223-c830-411b-b23b-b0b5684e4b15,214200180,Commune de Bessey (42),false,{42018},Commune,2026-03-24 14:42:00.273698+01,gold_establishments_2025,,,,21420018000013,2025,Collectivité Territoriale,Commune,['Loire'],['Auvergne-Rhône-Alpes'],COM,{42},{84}
f797bacf-40a5-4f78-95c4-a6348d8b0e98,212100655,Commune de Bessey-en-Chaume (21),false,{21065},Commune,2026-03-24 14:41:55.433389+01,gold_establishments_2025,,,,21210065500019,2025,Collectivité Territoriale,Commune,"[""Côte-d'Or""]",['Bourgogne-Franche-Comté'],COM,{21},{27}
c2f3308a-810a-4f0a-ad84-8dc2bc2329e3,212100663,Commune de Bessey-la-Cour (21),false,{21066},Commune,2026-03-24 14:41:55.433389+01,gold_establishments_2025,,,,21210066300013,2025,Collectivité Territoriale,Commune,"[""Côte-d'Or""]",['Bourgogne-Franche-Comté'],COM,{21},{27}
306fd016-73da-40e8-bef5-d3101be39a6e,212100671,Commune de Bessey-lès-Cîteaux (21),false,{21067},Commune,2026-03-24 14:41:55.433389+01,gold_establishments_2025,,,,21210067100016,2025,Collectivité Territoriale,Commune,"[""Côte-d'Or""]",['Bourgogne-Franche-Comté'],COM,{21},{27}
1c6c7672-1978-4cca-b78c-27cfbd1e02e5,217900349,Commune de Bessines (79),false,{79034},Commune,2026-03-24 14:42:09.43682+01,gold_establishments_2025,,,,21790034900010,2025,Collectivité Territoriale,Commune,['Deux-Sèvres'],['Nouvelle-Aquitaine'],COM,{79},{75}
5f6113d1-d5df-454d-98e9-26c4fa3cfb7f,218701407,Commune de Bessines-sur-Gartempe (87),false,{87014},Commune,2026-03-24 14:42:11.118516+01,gold_establishments_2025,,,,21870140700015,2025,Collectivité Territoriale,Commune,['Haute-Vienne'],['Nouvelle-Aquitaine'],COM,{87},{75}
fc2e5423-cadf-46d4-a370-e80bf7eca80e,213800410,Commune de Bessins (38),false,{38041},Commune,2026-03-24 14:41:59.160244+01,gold_establishments_2025,,,,21380041000010,2025,Collectivité Territoriale,Commune,['Isère'],['Auvergne-Rhône-Alpes'],COM,{38},{84}
e78ac9a3-ddd4-44c2-aec9-e78bb4c96a1b,213100662,Commune de Bessières (31),false,{31066},Commune,2026-03-24 14:41:57.56054+01,gold_establishments_2025,,,,21310066200013,2025,Collectivité Territoriale,Commune,['Haute-Garonne'],['Occitanie'],COM,{31},{76}
327eb885-9c55-4a4f-bc4d-758502ffbcd1,210300265,Commune de Besson (03),false,{03026},Commune,2026-03-24 14:41:52.020251+01,gold_establishments_2025,,,,21030026500019,2025,Collectivité Territoriale,Commune,['Allier'],['Auvergne-Rhône-Alpes'],COM,{03},{84}
59369368-14cc-4f4e-9346-f7d8f381cbd6,219000122,Commune de Bessoncourt (90),false,{90012},Commune,2026-03-24 14:42:11.659493+01,gold_establishments_2025,,,,21900012200016,2025,Collectivité Territoriale,Commune,['Territoire de Belfort'],['Bourgogne-Franche-Comté'],COM,{90},{27}
0af5a204-a82d-4e47-b1e6-8ff1ffba572f,214603383,Commune de Bessonies (46),false,{46338},Commune,2026-03-24 14:42:00.862623+01,gold_establishments_2025,,,,21460338300016,2025,Collectivité Territoriale,Commune,['Lot'],['Occitanie'],COM,{46},{76}
7a098f40-6c72-426f-b267-13c65f981c6c,211200274,Commune de Bessuéjouls (12),false,{12027},Commune,2026-03-24 14:41:53.63825+01,gold_establishments_2025,,,,21120027400010,2025,Collectivité Territoriale,Commune,['Aveyron'],['Occitanie'],COM,{12},{76}
42477be7-fa42-4bae-94cc-171e0b96e6f7,211004338,Commune de Bessy (10),false,{10043},Commune,2026-03-24 14:41:53.095366+01,gold_establishments_2025,,,,21100433800011,2025,Collectivité Territoriale,Commune,['Aube'],['Grand Est'],COM,{10},{44}
527d479b-7f2f-4614-8817-0cc6c8cce4d2,218900405,Commune de Bessy-sur-Cure (89),false,{89040},Commune,2026-03-24 14:42:11.118516+01,gold_establishments_2025,,,,21890040500018,2025,Collectivité Territoriale,Commune,['Yonne'],['Bourgogne-Franche-Comté'],COM,{89},{27}
c561f9d2-b876-46d2-a950-d00633199eff,211100383,Commune de Bessède-de-Sault (11),false,{11038},Commune,2026-03-24 14:41:53.63825+01,gold_establishments_2025,,,,21110038300010,2025,Collectivité Territoriale,Commune,['Aude'],['Occitanie'],COM,{11},{76}
ec217282-00c0-4619-8d70-1cd0976879ca,213000375,Commune de Bessèges (30),false,{30037},Commune,2026-03-24 14:41:57.56054+01,gold_establishments_2025,,,,21300037500013,2025,Collectivité Territoriale,Commune,['Gard'],['Occitanie'],COM,{30},{76}
191f24ad-1dbc-46c7-b920-c675e3c24b5d,211600424,Commune de Bessé (16),false,{16042},Commune,2026-03-24 14:41:54.362296+01,gold_establishments_2025,,,,21160042400017,2025,Collectivité Territoriale,Commune,['Charente'],['Nouvelle-Aquitaine'],COM,{16},{75}
365a6986-cde1-4bf1-a205-1104bb7ad177,217200351,Commune de Bessé-sur-Braye (72),false,{72035},Commune,2026-03-24 14:42:08.279287+01,gold_establishments_2025,,,,21720035100013,2025,Collectivité Territoriale,Commune,['Sarthe'],['Pays de la Loire'],COM,{72},{52}
1c45dfb4-20ca-4286-9297-bc3eb8bd16b3,210900536,Commune de Bestiac (09),false,{09053},Commune,2026-03-24 14:41:53.095366+01,gold_establishments_2025,,,,21090053600017,2025,Collectivité Territoriale,Commune,['Ariège'],['Occitanie'],COM,{09},{76}
30b6644f-53b2-4d62-8f2f-edd31309cc24,217000660,Commune de Betaucourt (70),false,{70066},Commune,2026-03-24 14:42:07.735343+01,gold_establishments_2025,,,,21700066000019,2025,Collectivité Territoriale,Commune,['Haute-Saône'],['Bourgogne-Franche-Comté'],COM,{70},{27}
e1d66190-a167-4148-8085-ee06507680c6,214000390,Commune de Betbezer-d'Armagnac (40),false,{40039},Commune,2026-03-24 14:41:59.705606+01,gold_establishments_2025,,,,21400039000010,2025,Collectivité Territoriale,Commune,['Landes'],['Nouvelle-Aquitaine'],COM,{40},{75}
618ff315-ae78-4329-a6bb-1d0abd557905,216500884,Commune de Betbèze (65),false,{65088},Commune,2026-03-24 14:42:06.665412+01,gold_establishments_2025,,,,21650088400012,2025,Collectivité Territoriale,Commune,['Hautes-Pyrénées'],['Occitanie'],COM,{65},{76}
dd3ef01e-0a9b-4845-a5f8-d67cc9cebea9,213200488,Commune de Betcave-Aguin (32),false,{32048},Commune,2026-03-24 14:41:58.09424+01,gold_establishments_2025,,,,21320048800012,2025,Collectivité Territoriale,Commune,['Gers'],['Occitanie'],COM,{32},{76}
a223a753-37d1-4ce3-99be-d232a7c1ab6f,210900544,Commune de Betchat (09),false,{09054},Commune,2026-03-24 14:41:53.095366+01,gold_establishments_2025,,,,21090054400011,2025,Collectivité Territoriale,Commune,['Ariège'],['Occitanie'],COM,{09},{76}
2f1dce26-ed7d-4115-8025-2eedf4939091,210900551,Commune de Bethmale (09),false,{09055},Commune,2026-03-24 14:41:53.095366+01,gold_establishments_2025,,,,21090055100016,2025,Collectivité Territoriale,Commune,['Ariège'],['Occitanie'],COM,{09},{76}
3dc0577d-b312-4dc0-93c0-8d8ff6ccdc6f,215100512,Commune de Bethon (51),false,{51056},Commune,2026-03-24 14:42:01.412377+01,gold_establishments_2025,,,,21510051200072,2025,Collectivité Territoriale,Commune,['Marne'],['Grand Est'],COM,{51},{44}
104f7ab3-55e2-4965-8a59-001a7f917e53,212500573,Commune de Bethoncourt (25),false,{25057},Commune,2026-03-24 14:41:55.958138+01,gold_establishments_2025,,,,21250057300010,2025,Collectivité Territoriale,Commune,['Doubs'],['Bourgogne-Franche-Comté'],COM,{25},{27}
b3abdf55-1ef6-4147-83a9-01d82709be41,219000130,Commune de Bethonvilliers (90),false,{90013},Commune,2026-03-24 14:42:11.659493+01,gold_establishments_2025,,,,21900013000019,2025,Collectivité Territoriale,Commune,['Territoire de Belfort'],['Bourgogne-Franche-Comté'],COM,{90},{27}
8a80b5f8-86d1-49b3-9807-88da2fd4631f,217700327,Commune de Beton-Bazoches (77),false,{77032},Commune,2026-03-24 14:42:08.818969+01,gold_establishments_2025,,,,21770032700018,2025,Collectivité Territoriale,Commune,['Seine-et-Marne'],['Île-de-France'],COM,{77},{11}
79901229-3310-4aac-b83c-ee2d9c4fd18a,217000694,Commune de Betoncourt-Saint-Pancras (70),false,{70069},Commune,2026-03-24 14:42:07.735343+01,gold_establishments_2025,,,,21700069400018,2025,Collectivité Territoriale,Commune,['Haute-Saône'],['Bourgogne-Franche-Comté'],COM,{70},{27}
43b80cb9-cd55-4b16-b599-1a4018f5c073,217000678,Commune de Betoncourt-lès-Brotte (70),false,{70067},Commune,2026-03-24 14:42:07.735343+01,gold_establishments_2025,,,,21700067800011,2025,Collectivité Territoriale,Commune,['Haute-Saône'],['Bourgogne-Franche-Comté'],COM,{70},{27}
65f0df0c-12b9-4cae-81be-f77cd76bd7f1,217000702,Commune de Betoncourt-sur-Mance (70),false,{70070},Commune,2026-03-24 14:42:07.735343+01,gold_establishments_2025,,,,21700070200019,2025,Collectivité Territoriale,Commune,['Haute-Saône'],['Bourgogne-Franche-Comté'],COM,{70},{27}
6ec6b1e7-de1a-4b3a-bcf8-7e583a0d377f,213200504,Commune de Betplan (32),false,{32050},Commune,2026-03-24 14:41:58.09424+01,gold_establishments_2025,,,,21320050400016,2025,Collectivité Territoriale,Commune,['Gers'],['Occitanie'],COM,{32},{76}
dd9788f8-d35a-4e77-9901-1d6130b0a2b5,216500892,Commune de Betpouey (65),false,{65089},Commune,2026-03-24 14:42:06.665412+01,gold_establishments_2025,,,,21650089200015,2025,Collectivité Territoriale,Commune,['Hautes-Pyrénées'],['Occitanie'],COM,{65},{76}
f683c187-7db8-4e19-81ff-153f4a6554e8,216500900,Commune de Betpouy (65),false,{65090},Commune,2026-03-24 14:42:06.665412+01,gold_establishments_2025,,,,21650090000016,2025,Collectivité Territoriale,Commune,['Hautes-Pyrénées'],['Occitanie'],COM,{65},{76}
5581415e-4f78-4183-bf8b-f21a7fcbd9b7,216703397,Commune de Betschdorf (67),false,{67339},Commune,2026-03-24 14:42:07.195692+01,gold_establishments_2025,,,,21670339700010,2025,Collectivité Territoriale,Commune,['Bas-Rhin'],['Grand Est'],COM,{67},{44}
0fa85e41-06d8-4422-9264-51af90ce9df1,215400664,Commune de Bettainvillers (54),false,{54066},Commune,2026-03-24 14:42:02.957225+01,gold_establishments_2025,,,,21540066400011,2025,Collectivité Territoriale,Commune,['Meurthe-et-Moselle'],['Grand Est'],COM,{54},{44}
fd7168ca-d611-42d5-822f-3f351e256fe9,215200312,Commune de Bettancourt-la-Ferrée (52),false,{52045},Commune,2026-03-24 14:42:01.954481+01,gold_establishments_2025,,,,21520031200019,2025,Collectivité Territoriale,Commune,['Haute-Marne'],['Grand Est'],COM,{52},{44}
47fe8a7e-5583-4674-a2ec-14ac49390465,215100520,Commune de Bettancourt-la-Longue (51),false,{51057},Commune,2026-03-24 14:42:01.412377+01,gold_establishments_2025,,,,21510052000018,2025,Collectivité Territoriale,Commune,['Marne'],['Grand Est'],COM,{51},{44}
76c60580-6be3-4db7-9b77-b54578b967f6,215700709,Commune de Bettange (57),false,{57070},Commune,2026-03-24 14:42:03.701372+01,gold_establishments_2025,,,,21570070900011,2025,Collectivité Territoriale,Commune,['Moselle'],['Grand Est'],COM,{57},{44}
ba71eeec-d67a-48a8-8991-99fa54d868c8,210100418,Commune de Bettant (01),false,{01041},Commune,2026-03-24 14:41:51.447482+01,gold_establishments_2025,,,,21010041800016,2025,Collectivité Territoriale,Commune,['Ain'],['Auvergne-Rhône-Alpes'],COM,{01},{84}
9ef0af9b-d89d-42bc-bfbb-ac9c699ae480,215700717,Commune de Bettborn (57),false,{57071},Commune,2026-03-24 14:42:03.701372+01,gold_establishments_2025,,,,21570071700014,2025,Collectivité Territoriale,Commune,['Moselle'],['Grand Est'],COM,{57},{44}
8148bfce-2f37-43cc-913c-7e2c3bd5759c,218800555,Commune de Bettegney-Saint-Brice (88),false,{88055},Commune,2026-03-24 14:42:11.118516+01,gold_establishments_2025,,,,21880055500011,2025,Collectivité Territoriale,Commune,['Vosges'],['Grand Est'],COM,{88},{44}
d7b53ad5-5ae0-453c-bd1d-83bb718166fa,215700725,Commune de Bettelainville (57),false,{57072},Commune,2026-03-24 14:42:03.701372+01,gold_establishments_2025,,,,21570072500017,2025,Collectivité Territoriale,Commune,['Moselle'],['Grand Est'],COM,{57},{44}
7597bf5e-ac8d-4af6-8949-727b192655ba,218000933,Commune de Bettembos (80),false,{80098},Commune,2026-03-24 14:42:09.967209+01,gold_establishments_2025,,,,21800093300018,2025,Collectivité Territoriale,Commune,['Somme'],['Hauts-de-France'],COM,{80},{32}
5e90dd5a-ca36-4620-ac2d-804b4545de68,218000941,Commune de Bettencourt-Rivière (80),false,{80099},Commune,2026-03-24 14:42:09.967209+01,gold_establishments_2025,,,,21800094100011,2025,Collectivité Territoriale,Commune,['Somme'],['Hauts-de-France'],COM,{80},{32}
45d41165-a629-4b85-9ecc-2deb5bcff27c,218000958,Commune de Bettencourt-Saint-Ouen (80),false,{80100},Commune,2026-03-24 14:42:09.967209+01,gold_establishments_2025,,,,21800095800015,2025,Collectivité Territoriale,Commune,['Somme'],['Hauts-de-France'],COM,{80},{32}
4ee8ddfc-f920-4ff8-8617-f07829ff6d06,216800334,Commune de Bettendorf (68),false,{68033},Commune,2026-03-24 14:42:07.195692+01,gold_establishments_2025,,,,21680033400015,2025,Collectivité Territoriale,Commune,['Haut-Rhin'],['Grand Est'],COM,{68},{44}
803e59f0-db07-4100-a236-bfee9c87513b,216500918,Commune de Bettes (65),false,{65091},Commune,2026-03-24 14:42:06.665412+01,gold_establishments_2025,,,,21650091800018,2025,Collectivité Territoriale,Commune,['Hautes-Pyrénées'],['Occitanie'],COM,{65},{76}
4a73bc2f-84eb-487f-9fd3-b076a4489c8f,215900762,Commune de Bettignies (59),false,{59076},Commune,2026-03-24 14:42:04.280096+01,gold_establishments_2025,,,,21590076200018,2025,Collectivité Territoriale,Commune,['Nord'],['Hauts-de-France'],COM,{59},{32}
95c5dcfc-588e-40e7-aa27-c7fc0c128ea8,215700733,Commune de Betting (57),false,{57073},Commune,2026-03-24 14:42:03.701372+01,gold_establishments_2025,,,,21570073300011,2025,Collectivité Territoriale,Commune,['Moselle'],['Grand Est'],COM,{57},{44}
bad2d093-3324-40c1-9895-0f2825439686,216800342,Commune de Bettlach (68),false,{68034},Commune,2026-03-24 14:42:07.195692+01,gold_establishments_2025,,,,21680034200018,2025,Collectivité Territoriale,Commune,['Haut-Rhin'],['Grand Est'],COM,{68},{44}
50f9ca06-8c34-4eee-a8da-a43fb3cc31bb,213500242,Commune de Betton (35),false,{35024},Commune,2026-03-24 14:41:58.620411+01,gold_establishments_2025,,,,21350024200259,2025,Collectivité Territoriale,Commune,['Ille-et-Vilaine'],['Bretagne'],COM,{35},{53}
e7b2191e-a732-4c93-bc61-5705caf4912f,217300417,Commune de Betton-Bettonet (73),false,{73041},Commune,2026-03-24 14:42:08.279287+01,gold_establishments_2025,,,,21730041700011,2025,Collectivité Territoriale,Commune,['Savoie'],['Auvergne-Rhône-Alpes'],COM,{73},{84}
f70282bf-0de4-40aa-8894-67c2a781e8a5,218800563,Commune de Bettoncourt (88),false,{88056},Commune,2026-03-24 14:42:11.118516+01,gold_establishments_2025,,,,21880056300015,2025,Collectivité Territoriale,Commune,['Vosges'],['Grand Est'],COM,{88},{44}
9ce82ed0-b39b-4684-8fb1-f74917480234,215900770,Commune de Bettrechies (59),false,{59077},Commune,2026-03-24 14:42:04.280096+01,gold_establishments_2025,,,,21590077000037,2025,Collectivité Territoriale,Commune,['Nord'],['Hauts-de-France'],COM,{59},{32}
cc4797ac-3ad5-447b-be27-549c0cfdc1d3,215700741,Commune de Bettviller (57),false,{57074},Commune,2026-03-24 14:42:03.701372+01,gold_establishments_2025,,,,21570074100097,2025,Collectivité Territoriale,Commune,['Moselle'],['Grand Est'],COM,{57},{44}
8b67bb9c-e7e8-4bf0-8ab1-289901fbe955,216700369,Commune de Bettwiller (67),false,{67036},Commune,2026-03-24 14:42:06.665412+01,gold_establishments_2025,,,,21670036900012,2025,Collectivité Territoriale,Commune,['Bas-Rhin'],['Grand Est'],COM,{67},{44}
e1d8b3bd-101c-42cb-877b-f8fd970009ce,216000695,Commune de Betz (60),false,{60069},Commune,2026-03-24 14:42:04.814328+01,gold_establishments_2025,,,,21600069500017,2025,Collectivité Territoriale,Commune,['Oise'],['Hauts-de-France'],COM,{60},{32}
d68401b1-37c6-450c-82fe-63728d0dbd4b,213700263,Commune de Betz-le-Château (37),false,{37026},Commune,2026-03-24 14:41:59.160244+01,gold_establishments_2025,,,,21370026300055,2025,Collectivité Territoriale,Commune,['Indre-et-Loire'],['Centre-Val de Loire'],COM,{37},{24}
c09c6fb5-c310-4c2e-89a3-f8c76ec81b74,216201202,Commune de Beugin (62),false,{62120},Commune,2026-03-24 14:42:05.597325+01,gold_establishments_2025,,,,21620120200019,2025,Collectivité Territoriale,Commune,['Pas-de-Calais'],['Hauts-de-France'],COM,{62},{32}
4896c475-ddbb-4b2a-ab00-14c6432c9284,210200812,Commune de Beugneux (02),false,{02082},Commune,2026-03-24 14:41:51.447482+01,gold_establishments_2025,,,,21020081200019,2025,Collectivité Territoriale,Commune,['Aisne'],['Hauts-de-France'],COM,{02},{32}
cea18474-604f-4280-8b5e-77130ae6b7a3,215900788,Commune de Beugnies (59),false,{59078},Commune,2026-03-24 14:42:04.280096+01,gold_establishments_2025,,,,21590078800013,2025,Collectivité Territoriale,Commune,['Nord'],['Hauts-de-France'],COM,{59},{32}
055d7cf3-9bd1-4d22-bbdc-e249d8e86b46,218900413,Commune de Beugnon (89),false,{89041},Commune,2026-03-24 14:42:11.118516+01,gold_establishments_2025,,,,21890041300012,2025,Collectivité Territoriale,Commune,['Yonne'],['Bourgogne-Franche-Comté'],COM,{89},{27}
0779a7eb-e911-4a48-a050-842d73164cdf,200085793,Commune de Beugnon-Thireuil (79),false,{79077},Commune,2026-03-24 14:42:09.43682+01,gold_establishments_2025,,,,20008579300012,2025,Collectivité Territoriale,Commune,['Deux-Sèvres'],['Nouvelle-Aquitaine'],COM,{79},{75}
9427a9cf-b481-4149-bf01-f44216d2a220,216201228,Commune de Beugny (62),false,{62122},Commune,2026-03-24 14:42:05.597325+01,gold_establishments_2025,,,,21620122800014,2025,Collectivité Territoriale,Commune,['Pas-de-Calais'],['Hauts-de-France'],COM,{62},{32}
cd97b4c3-a66a-40dd-b570-5b41aba2420f,216201210,Commune de Beugnâtre (62),false,{62121},Commune,2026-03-24 14:42:05.597325+01,gold_establishments_2025,,,,21620121000012,2025,Collectivité Territoriale,Commune,['Pas-de-Calais'],['Hauts-de-France'],COM,{62},{32}
6e269fa5-27e2-46eb-99f3-9cf65fb86cbc,210600169,Commune de Beuil (06),false,{06016},Commune,2026-03-24 14:41:52.562531+01,gold_establishments_2025,,,,21060016900010,2025,Collectivité Territoriale,Commune,['Alpes-Maritimes'],"[""Provence-Alpes-Côte d'Azur""]",COM,{06},{93}
9f5be897-c167-4706-8e39-4934febecab4,217000710,Commune de Beulotte-Saint-Laurent (70),false,{70071},Commune,2026-03-24 14:42:07.735343+01,gold_establishments_2025,,,,21700071000012,2025,Collectivité Territoriale,Commune,['Haute-Saône'],['Bourgogne-Franche-Comté'],COM,{70},{27}
fa47742f-befc-4cdf-a060-a02cf9cd8851,212500581,Commune de Beure (25),false,{25058},Commune,2026-03-24 14:41:55.958138+01,gold_establishments_2025,,,,21250058100088,2025,Collectivité Territoriale,Commune,['Doubs'],['Bourgogne-Franche-Comté'],COM,{25},{27}
c3144dc5-e6b8-4e8d-b6d9-33011595e6ed,211000401,Commune de Beurey (10),false,{10045},Commune,2026-03-24 14:41:53.095366+01,gold_establishments_2025,,,,21100040100011,2025,Collectivité Territoriale,Commune,['Aube'],['Grand Est'],COM,{10},{44}
423e61f7-7b60-4bed-b47d-2efb307b8329,212100689,Commune de Beurey-Bauguay (21),false,{21068},Commune,2026-03-24 14:41:55.433389+01,gold_establishments_2025,,,,21210068900018,2025,Collectivité Territoriale,Commune,"[""Côte-d'Or""]",['Bourgogne-Franche-Comté'],COM,{21},{27}
a608e717-69eb-4f57-a7d0-96b425f4ddb3,215500497,Commune de Beurey-sur-Saulx (55),false,{55049},Commune,2026-03-24 14:42:02.957225+01,gold_establishments_2025,,,,21550049700015,2025,Collectivité Territoriale,Commune,['Meuse'],['Grand Est'],COM,{55},{44}
8322346e-7b2a-4faa-90a6-d2708918a1c7,212100697,Commune de Beurizot (21),false,{21069},Commune,2026-03-24 14:41:55.433389+01,gold_establishments_2025,,,,21210069700011,2025,Collectivité Territoriale,Commune,"[""Côte-d'Or""]",['Bourgogne-Franche-Comté'],COM,{21},{27}
0afa65c3-762b-4fca-86c6-cb7bc43811fa,216300392,Commune de Beurières (63),false,{63039},Commune,2026-03-24 14:42:06.130387+01,gold_establishments_2025,,,,21630039200018,2025,Collectivité Territoriale,Commune,['Puy-de-Dôme'],['Auvergne-Rhône-Alpes'],COM,{63},{84}
26b35a43-06b8-4e8d-ba66-37cb6b3cb643,211700455,Commune de Beurlay (17),false,{17045},Commune,2026-03-24 14:41:54.903238+01,gold_establishments_2025,,,,21170045500010,2025,Collectivité Territoriale,Commune,['Charente-Maritime'],['Nouvelle-Aquitaine'],COM,{17},{75}
0e0e7c3d-d41a-4fa4-bb5d-0be1c69f84b7,215200320,Commune de Beurville (52),false,{52047},Commune,2026-03-24 14:42:01.954481+01,gold_establishments_2025,,,,21520032000012,2025,Collectivité Territoriale,Commune,['Haute-Marne'],['Grand Est'],COM,{52},{44}
ef7693cd-be40-4963-88fd-14a02eabe950,216201236,Commune de Beussent (62),false,{62123},Commune,2026-03-24 14:42:05.597325+01,gold_establishments_2025,,,,21620123600017,2025,Collectivité Territoriale,Commune,['Pas-de-Calais'],['Hauts-de-France'],COM,{62},{32}
be2d2702-426d-4e98-ad9e-bb284deb5158,216401190,Commune de Beuste (64),false,{64119},Commune,2026-03-24 14:42:06.130387+01,gold_establishments_2025,,,,21640119000014,2025,Collectivité Territoriale,Commune,['Pyrénées-Atlantiques'],['Nouvelle-Aquitaine'],COM,{64},{75}
78b014eb-814d-4fd3-b15f-64d5b6cc17f2,212500599,Commune de Beutal (25),false,{25059},Commune,2026-03-24 14:41:55.958138+01,gold_establishments_2025,,,,21250059900015,2025,Collectivité Territoriale,Commune,['Doubs'],['Bourgogne-Franche-Comté'],COM,{25},{27}
1adfb393-0993-4298-9b00-51eff5dc95cc,216201244,Commune de Beutin (62),false,{62124},Commune,2026-03-24 14:42:05.597325+01,gold_establishments_2025,,,,21620124400011,2025,Collectivité Territoriale,Commune,['Pas-de-Calais'],['Hauts-de-France'],COM,{62},{32}
4ff58371-d6e3-4480-9337-d4df57ff8a39,210200820,Commune de Beuvardes (02),false,{02083},Commune,2026-03-24 14:41:51.447482+01,gold_establishments_2025,,,,21020082000012,2025,Collectivité Territoriale,Commune,['Aisne'],['Hauts-de-France'],COM,{02},{32}
a98420be-df13-4917-a320-bcfbfeb5a72f,215400672,Commune de Beuveille (54),false,{54067},Commune,2026-03-24 14:42:02.957225+01,gold_establishments_2025,,,,21540067200063,2025,Collectivité Territoriale,Commune,['Meurthe-et-Moselle'],['Grand Est'],COM,{54},{44}
5c2edaae-3230-48f0-90b9-322effcb38a5,215400680,Commune de Beuvezin (54),false,{54068},Commune,2026-03-24 14:42:02.957225+01,gold_establishments_2025,,,,21540068000017,2025,Collectivité Territoriale,Commune,['Meurthe-et-Moselle'],['Grand Est'],COM,{54},{44}
9ef6b148-4b8b-43b2-8751-73e53ce9bc6e,211400692,Commune de Beuvillers (14),false,{14069},Commune,2026-03-24 14:41:53.63825+01,gold_establishments_2025,,,,21140069200011,2025,Collectivité Territoriale,Commune,['Calvados'],['Normandie'],COM,{14},{28}
627f50d8-e571-47b7-9a0e-e8b17a193e85,215400698,Commune de Beuvillers (54),false,{54069},Commune,2026-03-24 14:42:02.957225+01,gold_establishments_2025,,,,21540069800019,2025,Collectivité Territoriale,Commune,['Meurthe-et-Moselle'],['Grand Est'],COM,{54},{44}
3d450609-335e-48a6-9357-6b2f6f46a9b0,215900796,Commune de Beuvrages (59),false,{59079},Commune,2026-03-24 14:42:04.280096+01,gold_establishments_2025,,,,21590079600123,2025,Collectivité Territoriale,Commune,['Nord'],['Hauts-de-France'],COM,{59},{32}
fc6c3143-8402-4c83-ad04-993ec7b40534,218000966,Commune de Beuvraignes (80),false,{80101},Commune,2026-03-24 14:42:09.967209+01,gold_establishments_2025,,,,21800096600018,2025,Collectivité Territoriale,Commune,['Somme'],['Hauts-de-France'],COM,{80},{32}
fc436e98-7338-4682-ba98-581faeabc25a,216201251,Commune de Beuvrequen (62),false,{62125},Commune,2026-03-24 14:42:05.597325+01,gold_establishments_2025,,,,21620125100016,2025,Collectivité Territoriale,Commune,['Pas-de-Calais'],['Hauts-de-France'],COM,{62},{32}
eb8cc318-76ef-4537-93de-8b379bb90e55,215000506,Commune de Beuvrigny (50),false,{50050},Commune,2026-03-24 14:42:01.412377+01,gold_establishments_2025,,,,21500050600018,2025,Collectivité Territoriale,Commune,['Manche'],['Normandie'],COM,{50},{28}
4cab9dbd-8495-443a-a70e-8ecafb419d2f,215800293,Commune de Beuvron (58),false,{58029},Commune,2026-03-24 14:42:04.280096+01,gold_establishments_2025,,,,21580029300015,2025,Collectivité Territoriale,Commune,['Nièvre'],['Bourgogne-Franche-Comté'],COM,{58},{27}
a981fa38-ee2a-42ef-9e3a-952609e4f713,211400700,Commune de Beuvron-en-Auge (14),false,{14070},Commune,2026-03-24 14:41:53.63825+01,gold_establishments_2025,,,,21140070000012,2025,Collectivité Territoriale,Commune,['Calvados'],['Normandie'],COM,{14},{28}
a9d66f78-4f3b-4251-9991-c153c7b71514,216201269,Commune de Beuvry (62),false,{62126},Commune,2026-03-24 14:42:05.597325+01,gold_establishments_2025,,,,21620126900018,2025,Collectivité Territoriale,Commune,['Pas-de-Calais'],['Hauts-de-France'],COM,{62},{32}
6ae15731-ab7f-426a-bb2f-356bf4575743,215900804,Commune de Beuvry-la-Forêt (59),false,{59080},Commune,2026-03-24 14:42:04.280096+01,gold_establishments_2025,,,,21590080400018,2025,Collectivité Territoriale,Commune,['Nord'],['Hauts-de-France'],COM,{59},{32}
d4f461ff-fc12-4d4f-816b-2a134c2c3cdc,215700758,Commune de Beux (57),false,{57075},Commune,2026-03-24 14:42:03.701372+01,gold_establishments_2025,,,,21570075800018,2025,Collectivité Territoriale,Commune,['Moselle'],['Grand Est'],COM,{57},{44}
d7c36939-e995-42a2-a0d7-4f03f8ef291c,218600260,Commune de Beuxes (86),false,{86026},Commune,2026-03-24 14:42:10.508772+01,gold_establishments_2025,,,,21860026000010,2025,Collectivité Territoriale,Commune,['Vienne'],['Nouvelle-Aquitaine'],COM,{86},{75}
12f993b7-3805-4257-bdc9-0c4c22088b8c,212900088,Commune de Beuzec-Cap-Sizun (29),false,{29008},Commune,2026-03-24 14:41:57.028721+01,gold_establishments_2025,,,,21290008800015,2025,Collectivité Territoriale,Commune,['Finistère'],['Bretagne'],COM,{29},{53}
dcd9193a-7e1e-43b8-a3d4-712b9db6d5e0,212700652,Commune de Beuzeville (27),false,{27065},Commune,2026-03-24 14:41:56.495197+01,gold_establishments_2025,,,,21270065200010,2025,Collectivité Territoriale,Commune,['Eure'],['Normandie'],COM,{27},{28}
3d3e4f22-0556-4b0c-b060-d428e98e1ecd,215000522,Commune de Beuzeville-la-Bastille (50),false,{50052},Commune,2026-03-24 14:42:01.412377+01,gold_establishments_2025,,,,21500052200015,2025,Collectivité Territoriale,Commune,['Manche'],['Normandie'],COM,{50},{28}
eed61d20-357d-4185-b30d-8a0b19937171,217600907,Commune de Beuzeville-la-Grenier (76),false,{76090},Commune,2026-03-24 14:42:08.818969+01,gold_establishments_2025,,,,21760090700018,2025,Collectivité Territoriale,Commune,['Seine-Maritime'],['Normandie'],COM,{76},{28}
43c49097-6f8a-4af7-ad55-a621836ee7df,217600915,Commune de Beuzeville-la-Guérard (76),false,{76091},Commune,2026-03-24 14:42:08.818969+01,gold_establishments_2025,,,,21760091500011,2025,Collectivité Territoriale,Commune,['Seine-Maritime'],['Normandie'],COM,{76},{28}
5575c1b0-9958-4213-9435-b0d9abfacfaa,217600923,Commune de Beuzevillette (76),false,{76092},Commune,2026-03-24 14:42:08.818969+01,gold_establishments_2025,,,,21760092300015,2025,Collectivité Territoriale,Commune,['Seine-Maritime'],['Normandie'],COM,{76},{28}
6d149839-b3f0-41c4-8457-4b66b224677d,217000728,Commune de Beveuge (70),false,{70072},Commune,2026-03-24 14:42:07.735343+01,gold_establishments_2025,,,,21700072800014,2025,Collectivité Territoriale,Commune,['Haute-Saône'],['Bourgogne-Franche-Comté'],COM,{70},{27}
b294032b-4caf-4b22-a2f7-fb3457a9f798,210400271,Commune de Bevons (04),false,{04027},Commune,2026-03-24 14:41:52.020251+01,gold_establishments_2025,,,,21040027100016,2025,Collectivité Territoriale,Commune,['Alpes-de-Haute-Provence'],"[""Provence-Alpes-Côte d'Azur""]",COM,{04},{93}
341b9813-fee6-4725-b259-4c89ec64d322,210100426,Commune de Bey (01),false,{01042},Commune,2026-03-24 14:41:51.447482+01,gold_establishments_2025,,,,21010042600019,2025,Collectivité Territoriale,Commune,['Ain'],['Auvergne-Rhône-Alpes'],COM,{01},{84}
ad800945-8ff6-41e4-9c4e-796444422379,217100338,Commune de Bey (71),false,{71033},Commune,2026-03-24 14:42:07.735343+01,gold_establishments_2025,,,,21710033800011,2025,Collectivité Territoriale,Commune,['Saône-et-Loire'],['Bourgogne-Franche-Comté'],COM,{71},{27}
ac812187-1a95-48c3-a68a-284582ae1c5d,215400706,Commune de Bey-sur-Seille (54),false,{54070},Commune,2026-03-24 14:42:02.957225+01,gold_establishments_2025,,,,21540070600010,2025,Collectivité Territoriale,Commune,['Meurthe-et-Moselle'],['Grand Est'],COM,{54},{44}
fc1ac112-41b6-4038-ba76-46632812fd61,213300494,Commune de Beychac-et-Caillau (33),false,{33049},Commune,2026-03-24 14:41:58.09424+01,gold_establishments_2025,,,,21330049400019,2025,Collectivité Territoriale,Commune,['Gironde'],['Nouvelle-Aquitaine'],COM,{33},{75}
a5f02232-4d81-4b83-84b2-592dbe70b364,214000408,Commune de Beylongue (40),false,{40040},Commune,2026-03-24 14:41:59.705606+01,gold_establishments_2025,,,,21400040800010,2025,Collectivité Territoriale,Commune,['Landes'],['Nouvelle-Aquitaine'],COM,{40},{75}
2cd2b561-0aea-43e3-9300-c08802be49f2,218701506,Commune de Beynac (87),false,{87015},Commune,2026-03-24 14:42:11.118516+01,gold_establishments_2025,,,,21870150600014,2025,Collectivité Territoriale,Commune,['Haute-Vienne'],['Nouvelle-Aquitaine'],COM,{87},{75}
af875191-4844-4d46-ae6a-1af6cc45d827,212400402,Commune de Beynac-et-Cazenac (24),false,{24040},Commune,2026-03-24 14:41:55.958138+01,gold_establishments_2025,,,,21240040200096,2025,Collectivité Territoriale,Commune,['Dordogne'],['Nouvelle-Aquitaine'],COM,{24},{75}
9bb6404f-9f58-4ff8-9349-6ae15452fa04,211902309,Commune de Beynat (19),false,{19023},Commune,2026-03-24 14:41:54.903238+01,gold_establishments_2025,,,,21190230900015,2025,Collectivité Territoriale,Commune,['Corrèze'],['Nouvelle-Aquitaine'],COM,{19},{75}
eaf56394-7420-4077-a9fa-0c5a05b8a59b,210400289,Commune de Beynes (04),false,{04028},Commune,2026-03-24 14:41:52.020251+01,gold_establishments_2025,,,,21040028900018,2025,Collectivité Territoriale,Commune,['Alpes-de-Haute-Provence'],"[""Provence-Alpes-Côte d'Azur""]",COM,{04},{93}
f456828b-5360-47cc-9cb4-cd091d8907e5,217800622,Commune de Beynes (78),false,{78062},Commune,2026-03-24 14:42:09.43682+01,gold_establishments_2025,,,,21780062200011,2025,Collectivité Territoriale,Commune,['Yvelines'],['Île-de-France'],COM,{78},{11}
ce6d4b66-be62-4168-9e2c-bd119d5cf8d9,210100434,Commune de Beynost (01),false,{01043},Commune,2026-03-24 14:41:51.447482+01,gold_establishments_2025,,,,21010043400013,2025,Collectivité Territoriale,Commune,['Ain'],['Auvergne-Rhône-Alpes'],COM,{01},{84}
f37bdad1-518c-4fab-b97c-8a1df386974c,215700766,Commune de Beyren-lès-Sierck (57),false,{57076},Commune,2026-03-24 14:42:03.701372+01,gold_establishments_2025,,,,21570076600052,2025,Collectivité Territoriale,Commune,['Moselle'],['Grand Est'],COM,{57},{44}
f88875bd-1550-49f3-93de-984a23b219f3,216401216,Commune de Beyrie-en-Béarn (64),false,{64121},Commune,2026-03-24 14:42:06.130387+01,gold_establishments_2025,,,,21640121600017,2025,Collectivité Territoriale,Commune,['Pyrénées-Atlantiques'],['Nouvelle-Aquitaine'],COM,{64},{75}
eb14a9ef-10bf-4d67-b096-96db38621d85,216401208,Commune de Beyrie-sur-Joyeuse (64),false,{64120},Commune,2026-03-24 14:42:06.130387+01,gold_establishments_2025,,,,21640120800014,2025,Collectivité Territoriale,Commune,['Pyrénées-Atlantiques'],['Nouvelle-Aquitaine'],COM,{64},{75}
e6d08f0e-23b1-4ff9-a273-93b64972f515,214000416,Commune de Beyries (40),false,{40041},Commune,2026-03-24 14:41:59.705606+01,gold_establishments_2025,,,,21400041600013,2025,Collectivité Territoriale,Commune,['Landes'],['Nouvelle-Aquitaine'],COM,{40},{75}
4cbfc2b2-102a-4d8b-a903-996411c44dc1,200087674,Commune de Beyrède-Jumet-Camous (65),false,{65092},Commune,2026-03-24 14:42:06.665412+01,gold_establishments_2025,,,,20008767400012,2025,Collectivité Territoriale,Commune,['Hautes-Pyrénées'],['Occitanie'],COM,{65},{76}
25a30755-d313-4f64-8fa2-63acee723576,211902408,Commune de Beyssac (19),false,{19024},Commune,2026-03-24 14:41:54.903238+01,gold_establishments_2025,,,,21190240800015,2025,Collectivité Territoriale,Commune,['Corrèze'],['Nouvelle-Aquitaine'],COM,{19},{75}
c6f8c896-cd3c-484d-ac65-b41f49d13bf7,211902507,Commune de Beyssenac (19),false,{19025},Commune,2026-03-24 14:41:54.903238+01,gold_establishments_2025,,,,21190250700014,2025,Collectivité Territoriale,Commune,['Corrèze'],['Nouvelle-Aquitaine'],COM,{19},{75}
82cb8d3b-a338-447a-864b-2e0a0cf3d1c4,213000383,Commune de Bez-et-Esparon (30),false,{30038},Commune,2026-03-24 14:41:57.56054+01,gold_establishments_2025,,,,21300038300017,2025,Collectivité Territoriale,Commune,['Gard'],['Occitanie'],COM,{30},{76}
b4ea0203-8573-46b5-a67a-4e90254a0254,217700335,Commune de Bezalles (77),false,{77033},Commune,2026-03-24 14:42:08.818969+01,gold_establishments_2025,,,,21770033500011,2025,Collectivité Territoriale,Commune,['Seine-et-Marne'],['Île-de-France'],COM,{77},{11}
b689b588-be38-40b9-b7cf-ea41a7758297,215400714,Commune de Bezange-la-Grande (54),false,{54071},Commune,2026-03-24 14:42:02.957225+01,gold_establishments_2025,,,,21540071400014,2025,Collectivité Territoriale,Commune,['Meurthe-et-Moselle'],['Grand Est'],COM,{54},{44}
2f1f4b51-9597-4ced-8375-667e2b1c39cd,215700774,Commune de Bezange-la-Petite (57),false,{57077},Commune,2026-03-24 14:42:03.701372+01,gold_establishments_2025,,,,21570077400015,2025,Collectivité Territoriale,Commune,['Moselle'],['Grand Est'],COM,{57},{44}
daa7ce33-55f9-45f3-a33f-bb73f50fc506,215100538,Commune de Bezannes (51),false,{51058},Commune,2026-03-24 14:42:01.412377+01,gold_establishments_2025,,,,21510053800044,2025,Collectivité Territoriale,Commune,['Marne'],['Grand Est'],COM,{51},{44}
2caa2948-be22-4a7a-af01-875860723717,215400722,Commune de Bezaumont (54),false,{54072},Commune,2026-03-24 14:42:02.957225+01,gold_establishments_2025,,,,21540072200017,2025,Collectivité Territoriale,Commune,['Meurthe-et-Moselle'],['Grand Est'],COM,{54},{44}
20a4d1b4-55bc-44f4-a059-b91b66004b9d,216201277,Commune de Bezinghem (62),false,{62127},Commune,2026-03-24 14:42:05.597325+01,gold_establishments_2025,,,,21620127700011,2025,Collectivité Territoriale,Commune,['Pas-de-Calais'],['Hauts-de-France'],COM,{62},{32}
a2953838-01b2-4025-8998-92bae296c1a0,213100670,Commune de Bezins-Garraux (31),false,{31067},Commune,2026-03-24 14:41:57.56054+01,gold_establishments_2025,,,,21310067000016,2025,Collectivité Territoriale,Commune,['Haute-Garonne'],['Occitanie'],COM,{31},{76}
caaeb090-ac78-485e-b20c-ff920c847516,213200520,Commune de Bezolles (32),false,{32052},Commune,2026-03-24 14:41:58.09424+01,gold_establishments_2025,,,,21320052000012,2025,Collectivité Territoriale,Commune,['Gers'],['Occitanie'],COM,{32},{76}
7ffa7861-aa77-4063-80a9-4b60b5200ca7,219500634,Commune de Bezons (95),false,{95063},Commune,2026-03-24 14:42:11.659493+01,gold_establishments_2025,,,,21950063400395,2025,Collectivité Territoriale,Commune,"[""Val-d'Oise""]",['Île-de-France'],COM,{95},{11}
5570cfe8-3240-4282-a56e-0684948fcb5a,215500505,Commune de Bezonvaux (55),false,{55050},Commune,2026-03-24 14:42:02.957225+01,gold_establishments_2025,,,,21550050500015,2025,Collectivité Territoriale,Commune,['Meuse'],['Grand Est'],COM,{55},{44}
141cd743-707e-48f3-920f-5f8521a9c521,213000391,Commune de Bezouce (30),false,{30039},Commune,2026-03-24 14:41:57.56054+01,gold_establishments_2025,,,,21300039100010,2025,Collectivité Territoriale,Commune,['Gard'],['Occitanie'],COM,{30},{76}
2d771af2-cc27-420f-b305-3a4527d1255a,216201285,Commune de Biache-Saint-Vaast (62),false,{62128},Commune,2026-03-24 14:42:05.597325+01,gold_establishments_2025,,,,21620128500014,2025,Collectivité Territoriale,Commune,['Pas-de-Calais'],['Hauts-de-France'],COM,{62},{32}
7594c2c0-407a-445e-997b-4738826fbad1,218000974,Commune de Biaches (80),false,{80102},Commune,2026-03-24 14:42:09.967209+01,gold_establishments_2025,,,,21800097400012,2025,Collectivité Territoriale,Commune,['Somme'],['Hauts-de-France'],COM,{80},{32}
bfbf92e6-3a53-4f47-b7ea-885b6ba03887,218600278,Commune de Biard (86),false,{86027},Commune,2026-03-24 14:42:10.508772+01,gold_establishments_2025,,,,21860027800012,2025,Collectivité Territoriale,Commune,['Vienne'],['Nouvelle-Aquitaine'],COM,{86},{75}
00f20d95-fda5-43f2-b5b7-aa4f87ba4ef7,213900517,Commune de Biarne (39),false,{39051},Commune,2026-03-24 14:41:59.705606+01,gold_establishments_2025,,,,21390051700011,2025,Collectivité Territoriale,Commune,['Jura'],['Bourgogne-Franche-Comté'],COM,{39},{27}
6e2f4c7e-119f-4128-802e-0f95322a6f43,218000982,Commune de Biarre (80),false,{80103},Commune,2026-03-24 14:42:09.967209+01,gold_establishments_2025,,,,21800098200015,2025,Collectivité Territoriale,Commune,['Somme'],['Hauts-de-France'],COM,{80},{32}
9890d54c-223a-421a-a523-d30c21d0981f,216401224,Commune de Biarritz (64),false,{64122},Commune,2026-03-24 14:42:06.130387+01,gold_establishments_2025,,,,21640122400011,2025,Collectivité Territoriale,Commune,['Pyrénées-Atlantiques'],['Nouvelle-Aquitaine'],COM,{64},{75}
1acf521e-82b8-4e46-9ace-8550ca7204ca,214000424,Commune de Biarrotte (40),false,{40042},Commune,2026-03-24 14:41:59.705606+01,gold_establishments_2025,,,,21400042400017,2025,Collectivité Territoriale,Commune,['Landes'],['Nouvelle-Aquitaine'],COM,{40},{75}
a47192bf-209e-488d-8e0a-e4cf5c90c2a5,214600298,Commune de Biars-sur-Cère (46),false,{46029},Commune,2026-03-24 14:42:00.862623+01,gold_establishments_2025,,,,21460029800019,2025,Collectivité Territoriale,Commune,['Lot'],['Occitanie'],COM,{46},{76}
d2793ea0-f8ea-4859-ace2-7a16e43e8f13,214000432,Commune de Bias (40),false,{40043},Commune,2026-03-24 14:41:59.705606+01,gold_establishments_2025,,,,21400043200010,2025,Collectivité Territoriale,Commune,['Landes'],['Nouvelle-Aquitaine'],COM,{40},{75}
813f14a5-7b65-4124-96ba-a50da8dc6cc8,214700270,Commune de Bias (47),false,{47027},Commune,2026-03-24 14:42:00.862623+01,gold_establishments_2025,,,,21470027000074,2025,Collectivité Territoriale,Commune,['Lot-et-Garonne'],['Nouvelle-Aquitaine'],COM,{47},{75}
d9d5aebc-00ce-49b5-a2c8-5fc585a5d919,214000440,Commune de Biaudos (40),false,{40044},Commune,2026-03-24 14:41:59.705606+01,gold_establishments_2025,,,,21400044000013,2025,Collectivité Territoriale,Commune,['Landes'],['Nouvelle-Aquitaine'],COM,{40},{75}
a96c287f-822a-427f-9fc1-d5a91c155382,215700790,Commune de Bibiche (57),false,{57079},Commune,2026-03-24 14:42:03.701372+01,gold_establishments_2025,,,,21570079000011,2025,Collectivité Territoriale,Commune,['Moselle'],['Grand Est'],COM,{57},{44}
79a33ad1-ac92-4e0b-8d82-84569c9877db,216700377,Commune de Biblisheim (67),false,{67037},Commune,2026-03-24 14:42:06.665412+01,gold_establishments_2025,,,,21670037700015,2025,Collectivité Territoriale,Commune,['Bas-Rhin'],['Grand Est'],COM,{67},{44}
fb4379db-f95e-493e-8f80-aa74fb2af00c,216900225,Commune de Bibost (69),false,{69022},Commune,2026-03-24 14:42:07.195692+01,gold_establishments_2025,,,,21690022500014,2025,Collectivité Territoriale,Commune,['Rhône'],['Auvergne-Rhône-Alpes'],COM,{69},{84}
d0de9952-7627-4b5e-bc49-3371a172eefc,210208245,Commune de Bichancourt (02),false,{02086},Commune,2026-03-24 14:41:51.447482+01,gold_establishments_2025,,,,21020824500014,2025,Collectivité Territoriale,Commune,['Aisne'],['Hauts-de-France'],COM,{02},{32}
29bbd5f7-5837-4662-9008-522aab96afb9,215800301,Commune de Biches (58),false,{58030},Commune,2026-03-24 14:42:04.280096+01,gold_establishments_2025,,,,21580030100016,2025,Collectivité Territoriale,Commune,['Nièvre'],['Bourgogne-Franche-Comté'],COM,{58},{27}
5dc9f333-6d5d-4142-9a95-771df0f844a0,215700808,Commune de Bickenholtz (57),false,{57080},Commune,2026-03-24 14:42:03.701372+01,gold_establishments_2025,,,,21570080800011,2025,Collectivité Territoriale,Commune,['Moselle'],['Grand Est'],COM,{57},{44}
2e56c5a6-8071-4251-9280-0d4ea0be56f3,215400730,Commune de Bicqueley (54),false,{54073},Commune,2026-03-24 14:42:02.957225+01,gold_establishments_2025,,,,21540073000010,2025,Collectivité Territoriale,Commune,['Meurthe-et-Moselle'],['Grand Est'],COM,{54},{44}
8b4ee59f-e845-4790-b607-988c904f6862,216401232,Commune de Bidache (64),false,{64123},Commune,2026-03-24 14:42:06.130387+01,gold_establishments_2025,,,,21640123200014,2025,Collectivité Territoriale,Commune,['Pyrénées-Atlantiques'],['Nouvelle-Aquitaine'],COM,{64},{75}
b6e8e855-21ab-4f9b-9dce-4ddd49d859a2,216401240,Commune de Bidarray (64),false,{64124},Commune,2026-03-24 14:42:06.130387+01,gold_establishments_2025,,,,21640124000017,2025,Collectivité Territoriale,Commune,['Pyrénées-Atlantiques'],['Nouvelle-Aquitaine'],COM,{64},{75}
ad5a5ebc-5e40-4262-84ca-c8d1a8b26ab5,216401257,Commune de Bidart (64),false,{64125},Commune,2026-03-24 14:42:06.130387+01,gold_establishments_2025,,,,21640125700011,2025,Collectivité Territoriale,Commune,['Pyrénées-Atlantiques'],['Nouvelle-Aquitaine'],COM,{64},{75}
0c696f47-47f2-47bc-b1e9-ad7f9ecdf27f,215700816,Commune de Bidestroff (57),false,{57081},Commune,2026-03-24 14:42:03.701372+01,gold_establishments_2025,,,,21570081600014,2025,Collectivité Territoriale,Commune,['Moselle'],['Grand Est'],COM,{57},{44}
b6484adb-cdb7-4a9c-8549-fecdc2c7ee79,215700824,Commune de Biding (57),false,{57082},Commune,2026-03-24 14:42:03.701372+01,gold_establishments_2025,,,,21570082400018,2025,Collectivité Territoriale,Commune,['Moselle'],['Grand Est'],COM,{57},{44}
3daabeed-eedd-48ab-bb58-9f4e61a0e883,210700340,Commune de Bidon (07),false,{07034},Commune,2026-03-24 14:41:52.562531+01,gold_establishments_2025,,,,21070034000016,2025,Collectivité Territoriale,Commune,['Ardèche'],['Auvergne-Rhône-Alpes'],COM,{07},{84}
1f7d9821-4172-4e12-af34-68af55a47047,216401265,Commune de Bidos (64),false,{64126},Commune,2026-03-24 14:42:06.130387+01,gold_establishments_2025,,,,21640126500014,2025,Collectivité Territoriale,Commune,['Pyrénées-Atlantiques'],['Nouvelle-Aquitaine'],COM,{64},{75}
0aa45478-54d4-4f13-a818-c91ef0f0d84c,216800359,Commune de Biederthal (68),false,{68035},Commune,2026-03-24 14:42:07.195692+01,gold_establishments_2025,,,,21680035900012,2025,Collectivité Territoriale,Commune,['Haut-Rhin'],['Grand Est'],COM,{68},{44}
b6e1eef0-4e01-4369-8d69-a4d60c3fc59b,212500615,Commune de Bief (25),false,{25061},Commune,2026-03-24 14:41:55.958138+01,gold_establishments_2025,,,,21250061500019,2025,Collectivité Territoriale,Commune,['Doubs'],['Bourgogne-Franche-Comté'],COM,{25},{27}
10f5549f-26c3-46bb-a531-8a475420def0,213900525,Commune de Bief-des-Maisons (39),false,{39052},Commune,2026-03-24 14:41:59.705606+01,gold_establishments_2025,,,,21390052500014,2025,Collectivité Territoriale,Commune,['Jura'],['Bourgogne-Franche-Comté'],COM,{39},{27}
9528dd1d-8e36-45f4-8408-4c3100a78990,213900533,Commune de Bief-du-Fourg (39),false,{39053},Commune,2026-03-24 14:41:59.705606+01,gold_establishments_2025,,,,21390053300018,2025,Collectivité Territoriale,Commune,['Jura'],['Bourgogne-Franche-Comté'],COM,{39},{27}
0eb8f5b1-98e6-413f-9842-598cb7719c17,213900541,Commune de Biefmorin (39),false,{39054},Commune,2026-03-24 14:41:59.705606+01,gold_establishments_2025,,,,21390054100011,2025,Collectivité Territoriale,Commune,['Jura'],['Bourgogne-Franche-Comté'],COM,{39},{27}
7e59b290-c30e-4635-bb1e-24a0bac5725e,216201293,Commune de Biefvillers-lès-Bapaume (62),false,{62129},Commune,2026-03-24 14:42:05.597325+01,gold_establishments_2025,,,,21620129300018,2025,Collectivité Territoriale,Commune,['Pas-de-Calais'],['Hauts-de-France'],COM,{62},{32}
03808d7a-e789-415f-a3d4-3ebd172ee23f,216401273,Commune de Bielle (64),false,{64127},Commune,2026-03-24 14:42:06.130387+01,gold_establishments_2025,,,,21640127300018,2025,Collectivité Territoriale,Commune,['Pyrénées-Atlantiques'],['Nouvelle-Aquitaine'],COM,{64},{75}
8735d66e-0921-4342-aafa-a325921d442a,218000990,Commune de Biencourt (80),false,{80104},Commune,2026-03-24 14:42:09.967209+01,gold_establishments_2025,,,,21800099000018,2025,Collectivité Territoriale,Commune,['Somme'],['Hauts-de-France'],COM,{80},{32}
c1d5a819-3bc4-4e65-93e1-596fcf7072a7,215500513,Commune de Biencourt-sur-Orge (55),false,{55051},Commune,2026-03-24 14:42:02.957225+01,gold_establishments_2025,,,,21550051300019,2025,Collectivité Territoriale,Commune,['Meuse'],['Grand Est'],COM,{55},{44}
9dfcea49-26b4-4915-a331-f91b5e644565,216000703,Commune de Bienville (60),false,{60070},Commune,2026-03-24 14:42:04.814328+01,gold_establishments_2025,,,,21600070300019,2025,Collectivité Territoriale,Commune,['Oise'],['Hauts-de-France'],COM,{60},{32}
56f289e6-0544-4b85-a56c-0968773d9267,215400748,Commune de Bienville-la-Petite (54),false,{54074},Commune,2026-03-24 14:42:02.957225+01,gold_establishments_2025,,,,21540074800012,2025,Collectivité Territoriale,Commune,['Meurthe-et-Moselle'],['Grand Est'],COM,{54},{44}
a6f6e4ea-7b56-4569-86c3-63257c39e1f8,216201301,Commune de Bienvillers-au-Bois (62),false,{62130},Commune,2026-03-24 14:42:05.597325+01,gold_establishments_2025,,,,21620130100019,2025,Collectivité Territoriale,Commune,['Pas-de-Calais'],['Hauts-de-France'],COM,{62},{32}
1805115b-2f19-4bc6-89d3-01660f4d8c6c,210800587,Commune de Biermes (08),false,{08064},Commune,2026-03-24 14:41:52.562531+01,gold_establishments_2025,,,,21080058700011,2025,Collectivité Territoriale,Commune,['Ardennes'],['Grand Est'],COM,{08},{44}
9b494007-1dde-4671-9686-c4fe7dc91986,216000711,Commune de Biermont (60),false,{60071},Commune,2026-03-24 14:42:04.814328+01,gold_establishments_2025,,,,21600071100012,2025,Collectivité Territoriale,Commune,['Oise'],['Hauts-de-France'],COM,{60},{32}
f35d916c-1276-4ea8-bad6-90f29c8f6e3e,215900820,Commune de Bierne (59),false,{59082},Commune,2026-03-24 14:42:04.280096+01,gold_establishments_2025,,,,21590082000014,2025,Collectivité Territoriale,Commune,['Nord'],['Hauts-de-France'],COM,{59},{32}
2eed0999-370d-4161-b4f6-600bd0b4fd1f,200084648,Commune de Bierné-les-Villages (53),false,{53029},Commune,2026-03-24 14:42:01.954481+01,gold_establishments_2025,,,,20008464800019,2025,Collectivité Territoriale,Commune,['Mayenne'],['Pays de la Loire'],COM,{53},{52}
e7105b81-299c-4e1c-adbc-5f425f08384f,218900421,Commune de Bierry-les-Belles-Fontaines (89),false,{89042},Commune,2026-03-24 14:42:11.118516+01,gold_establishments_2025,,,,21890042100015,2025,Collectivité Territoriale,Commune,['Yonne'],['Bourgogne-Franche-Comté'],COM,{89},{27}
d1f7eefd-f753-4d7f-a152-b37518db1601,210900577,Commune de Biert (09),false,{09057},Commune,2026-03-24 14:41:53.095366+01,gold_establishments_2025,,,,21090057700011,2025,Collectivité Territoriale,Commune,['Ariège'],['Occitanie'],COM,{09},{76}
7e2d3075-8a2d-44bb-813f-86433c0ba78e,217600949,Commune de Bierville (76),false,{76094},Commune,2026-03-24 14:42:08.818969+01,gold_establishments_2025,,,,21760094900010,2025,Collectivité Territoriale,Commune,['Seine-Maritime'],['Normandie'],COM,{76},{28}
30cae9ab-e49b-445b-85d6-364175e01253,216800367,Commune de Biesheim (68),false,{68036},Commune,2026-03-24 14:42:07.195692+01,gold_establishments_2025,,,,21680036700015,2025,Collectivité Territoriale,Commune,['Haut-Rhin'],['Grand Est'],COM,{68},{44}
34dd866e-efaf-497a-bdb3-62c83a724808,215200338,Commune de Biesles (52),false,{52050},Commune,2026-03-24 14:42:01.954481+01,gold_establishments_2025,,,,21520033800014,2025,Collectivité Territoriale,Commune,['Haute-Marne'],['Grand Est'],COM,{52},{44}
796b11b8-fe02-422e-a4c9-629a233db469,216700385,Commune de Bietlenheim (67),false,{67038},Commune,2026-03-24 14:42:06.665412+01,gold_establishments_2025,,,,21670038500018,2025,Collectivité Territoriale,Commune,['Bas-Rhin'],['Grand Est'],COM,{67},{44}
53ebe69a-4235-4c29-a779-fe96538bbb8a,213300502,Commune de Bieujac (33),false,{33050},Commune,2026-03-24 14:41:58.09424+01,gold_establishments_2025,,,,21330050200019,2025,Collectivité Territoriale,Commune,['Gironde'],['Nouvelle-Aquitaine'],COM,{33},{75}
0f0be79a-fa62-48d4-9217-a7194d87ed66,210200853,Commune de Bieuxy (02),false,{02087},Commune,2026-03-24 14:41:51.447482+01,gold_establishments_2025,,,,21020085300013,2025,Collectivité Territoriale,Commune,['Aisne'],['Hauts-de-France'],COM,{02},{32}
0e6a5cfe-0dd1-4d29-9a32-d2d67807ebcb,218800597,Commune de Biffontaine (88),false,{88059},Commune,2026-03-24 14:42:11.118516+01,gold_establishments_2025,,,,21880059700013,2025,Collectivité Territoriale,Commune,['Vosges'],['Grand Est'],COM,{88},{44}
106de037-da39-456b-a09c-efeba0f7f900,213300510,Commune de Biganos (33),false,{33051},Commune,2026-03-24 14:41:58.09424+01,gold_establishments_2025,,,,21330051000012,2025,Collectivité Territoriale,Commune,['Gironde'],['Nouvelle-Aquitaine'],COM,{33},{75}
55fcfc73-b789-4eaf-b46a-b56eb819b75d,215600172,Commune de Bignan (56),false,{56017},Commune,2026-03-24 14:42:03.701372+01,gold_establishments_2025,,,,21560017200013,2025,Collectivité Territoriale,Commune,['Morbihan'],['Bretagne'],COM,{56},{53}
40408a97-6905-40d9-b782-0250d2c5dd9b,211700463,Commune de Bignay (17),false,{17046},Commune,2026-03-24 14:41:54.903238+01,gold_establishments_2025,,,,21170046300014,2025,Collectivité Territoriale,Commune,['Charente-Maritime'],['Nouvelle-Aquitaine'],COM,{17},{75}
25b3ae46-c39e-4437-8d01-8050dcdd0c6f,210800603,Commune de Bignicourt (08),false,{08066},Commune,2026-03-24 14:41:52.562531+01,gold_establishments_2025,,,,21080060300016,2025,Collectivité Territoriale,Commune,['Ardennes'],['Grand Est'],COM,{08},{44}
17683bda-1279-47f9-9416-35146003af7b,215100546,Commune de Bignicourt-sur-Marne (51),false,{51059},Commune,2026-03-24 14:42:01.412377+01,gold_establishments_2025,,,,21510054600013,2025,Collectivité Territoriale,Commune,['Marne'],['Grand Est'],COM,{51},{44}
87713601-7d93-4b14-a290-4da50c4a3d08,215100553,Commune de Bignicourt-sur-Saulx (51),false,{51060},Commune,2026-03-24 14:42:01.412377+01,gold_establishments_2025,,,,21510055300019,2025,Collectivité Territoriale,Commune,['Marne'],['Grand Est'],COM,{51},{44}
6fa16ea6-b933-4a64-8a0d-3810f4fd56af,218600286,Commune de Bignoux (86),false,{86028},Commune,2026-03-24 14:42:10.508772+01,gold_establishments_2025,,,,21860028600015,2025,Collectivité Territoriale,Commune,['Vienne'],['Nouvelle-Aquitaine'],COM,{86},{75}
f893331b-bd9f-44e5-ad28-2a45a560a8f9,212000368,Commune de Bigorno (2B),false,{2B036},Commune,2026-03-24 14:41:57.56054+01,gold_establishments_2025,,,,21200036800010,2025,Collectivité Territoriale,Commune,['Haute-Corse'],['Corse'],COM,{2B},{94}
13a67cd2-3278-424b-aa1d-151e619c21f8,212000376,Commune de Biguglia (2B),false,{2B037},Commune,2026-03-24 14:41:57.56054+01,gold_establishments_2025,,,,21200037600013,2025,Collectivité Territoriale,Commune,['Haute-Corse'],['Corse'],COM,{2B},{94}
bb0a33b6-8217-454d-88f0-c76a2450a797,217600956,Commune de Bihorel (76),false,{76095},Commune,2026-03-24 14:42:08.818969+01,gold_establishments_2025,,,,21760095600015,2025,Collectivité Territoriale,Commune,['Seine-Maritime'],['Normandie'],COM,{76},{28}
9d960b8e-bcf5-4b16-bc76-db1b64cc9b1e,216201319,Commune de Bihucourt (62),false,{62131},Commune,2026-03-24 14:42:05.597325+01,gold_establishments_2025,,,,21620131900011,2025,Collectivité Territoriale,Commune,['Pas-de-Calais'],['Hauts-de-France'],COM,{62},{32}
f02051fa-92f8-4ba5-acc1-70c71700d2e9,211902606,Commune de Bilhac (19),false,{19026},Commune,2026-03-24 14:41:54.903238+01,gold_establishments_2025,,,,21190260600014,2025,Collectivité Territoriale,Commune,['Corrèze'],['Nouvelle-Aquitaine'],COM,{19},{75}
822b93c6-9cf8-4fec-8f50-40b363e8f45a,216401281,Commune de Bilhères (64),false,{64128},Commune,2026-03-24 14:42:06.130387+01,gold_establishments_2025,,,,21640128100011,2025,Collectivité Territoriale,Commune,['Pyrénées-Atlantiques'],['Nouvelle-Aquitaine'],COM,{64},{75}
bdb4f450-9840-49fb-933f-fd6ff328a7e0,212000384,Commune de Bilia (2A),false,{2A038},Commune,2026-03-24 14:41:57.56054+01,gold_establishments_2025,,,,21200038400017,2025,Collectivité Territoriale,Commune,['Corse-du-Sud'],['Corse'],COM,{2A},{94}
43dc14a7-ea3a-48a9-bfc7-76bfb03a1e0d,213800436,Commune de Bilieu (38),false,{38043},Commune,2026-03-24 14:41:59.160244+01,gold_establishments_2025,,,,21380043600015,2025,Collectivité Territoriale,Commune,['Isère'],['Auvergne-Rhône-Alpes'],COM,{38},{84}
2e048250-0c2e-45e4-8746-272bbe6569cb,212800403,Commune de Billancelles (28),false,{28040},Commune,2026-03-24 14:41:57.028721+01,gold_establishments_2025,,,,21280040300017,2025,Collectivité Territoriale,Commune,['Eure-et-Loir'],['Centre-Val de Loire'],COM,{28},{24}
31cbe532-d03b-4bb4-9ef9-807efd18e8c0,218001006,Commune de Billancourt (80),false,{80105},Commune,2026-03-24 14:42:09.967209+01,gold_establishments_2025,,,,21800100600012,2025,Collectivité Territoriale,Commune,['Somme'],['Hauts-de-France'],COM,{80},{32}
47598d1e-7bc1-4d5e-bcbb-610e5f8c246b,213900558,Commune de Billecul (39),false,{39055},Commune,2026-03-24 14:41:59.705606+01,gold_establishments_2025,,,,21390055800015,2025,Collectivité Territoriale,Commune,['Jura'],['Bourgogne-Franche-Comté'],COM,{39},{27}
ce7a80c0-bd89-45b1-8cf4-9a1cd45fd6e0,212100747,Commune de Billey (21),false,{21074},Commune,2026-03-24 14:41:55.433389+01,gold_establishments_2025,,,,21210074700014,2025,Collectivité Territoriale,Commune,"[""Côte-d'Or""]",['Bourgogne-Franche-Comté'],COM,{21},{27}
5a5493bf-5892-4870-8a66-7c41a2a091a0,210300281,Commune de Billezois (03),false,{03028},Commune,2026-03-24 14:41:52.020251+01,gold_establishments_2025,,,,21030028100016,2025,Collectivité Territoriale,Commune,['Allier'],['Auvergne-Rhône-Alpes'],COM,{03},{84}
90ab36a0-a391-4b1d-8b81-b667f3db2ba2,210100442,Commune de Billiat (01),false,{01044},Commune,2026-03-24 14:41:51.447482+01,gold_establishments_2025,,,,21010044200016,2025,Collectivité Territoriale,Commune,['Ain'],['Auvergne-Rhône-Alpes'],COM,{01},{84}
d7d15bef-f7f8-461f-9700-5bcf9d21b157,215600180,Commune de Billiers (56),false,{56018},Commune,2026-03-24 14:42:03.701372+01,gold_establishments_2025,,,,21560018000057,2025,Collectivité Territoriale,Commune,['Morbihan'],['Bretagne'],COM,{56},{53}
478b2b8e-ed6c-4e70-9f50-cc01ab4cd13e,215600198,Commune de Billio (56),false,{56019},Commune,2026-03-24 14:42:03.701372+01,gold_establishments_2025,,,,21560019800018,2025,Collectivité Territoriale,Commune,['Morbihan'],['Bretagne'],COM,{56},{53}
1ae4d2fa-e3ba-4732-8f5f-79b0871152d0,217300425,Commune de Billième (73),false,{73042},Commune,2026-03-24 14:42:08.279287+01,gold_establishments_2025,,,,21730042500014,2025,Collectivité Territoriale,Commune,['Savoie'],['Auvergne-Rhône-Alpes'],COM,{73},{84}
446e8deb-474d-41af-bf3f-3e3000650bfc,213100688,Commune de Billière (31),false,{31068},Commune,2026-03-24 14:41:57.56054+01,gold_establishments_2025,,,,21310068800018,2025,Collectivité Territoriale,Commune,['Haute-Garonne'],['Occitanie'],COM,{31},{76}
00054c9b-2f78-41a4-bcc5-1b04861aac69,216300400,Commune de Billom (63),false,{63040},Commune,2026-03-24 14:42:06.130387+01,gold_establishments_2025,,,,21630040000019,2025,Collectivité Territoriale,Commune,['Puy-de-Dôme'],['Auvergne-Rhône-Alpes'],COM,{63},{84}
22f7a441-f201-4356-8629-d809982545d9,210300299,Commune de Billy (03),false,{03029},Commune,2026-03-24 14:41:52.020251+01,gold_establishments_2025,,,,21030029900018,2025,Collectivité Territoriale,Commune,['Allier'],['Auvergne-Rhône-Alpes'],COM,{03},{84}
dc11d661-6d4b-4511-b309-c29d2833a28c,214100166,Commune de Billy (41),false,{41016},Commune,2026-03-24 14:41:59.705606+01,gold_establishments_2025,,,,21410016600013,2025,Collectivité Territoriale,Commune,['Loir-et-Cher'],['Centre-Val de Loire'],COM,{41},{24}
4dfb4817-0128-44a0-a913-cff4da188431,216201327,Commune de Billy-Berclau (62),false,{62132},Commune,2026-03-24 14:42:05.597325+01,gold_establishments_2025,,,,21620132700063,2025,Collectivité Territoriale,Commune,['Pas-de-Calais'],['Hauts-de-France'],COM,{62},{32}
09e96a31-5a4c-4aee-9764-a7adbed4b811,215800319,Commune de Billy-Chevannes (58),false,{58031},Commune,2026-03-24 14:42:04.280096+01,gold_establishments_2025,,,,21580031900018,2025,Collectivité Territoriale,Commune,['Nièvre'],['Bourgogne-Franche-Comté'],COM,{58},{27}
fb92b7c3-4e2e-43ef-8a7c-75e76a5bd79f,216201335,Commune de Billy-Montigny (62),false,{62133},Commune,2026-03-24 14:42:05.597325+01,gold_establishments_2025,,,,21620133500017,2025,Collectivité Territoriale,Commune,['Pas-de-Calais'],['Hauts-de-France'],COM,{62},{32}
56b2cc9f-2ef3-4a24-b222-8c3bb653ec16,215100561,Commune de Billy-le-Grand (51),false,{51061},Commune,2026-03-24 14:42:01.412377+01,gold_establishments_2025,,,,21510056100012,2025,Collectivité Territoriale,Commune,['Marne'],['Grand Est'],COM,{51},{44}
b65df980-dc20-4b93-be4a-7a61bd7bf0f3,212100754,Commune de Billy-lès-Chanceaux (21),false,{21075},Commune,2026-03-24 14:41:55.433389+01,gold_establishments_2025,,,,21210075400010,2025,Collectivité Territoriale,Commune,"[""Côte-d'Or""]",['Bourgogne-Franche-Comté'],COM,{21},{27}
6a0c0110-cf83-4fcc-b0f6-63d7c862e819,215500539,Commune de Billy-sous-Mangiennes (55),false,{55053},Commune,2026-03-24 14:42:02.957225+01,gold_establishments_2025,,,,21550053900014,2025,Collectivité Territoriale,Commune,['Meuse'],['Grand Est'],COM,{55},{44}
360e720d-fa8f-432d-9efa-8338a2888342,210200879,Commune de Billy-sur-Aisne (02),false,{02089},Commune,2026-03-24 14:41:51.447482+01,gold_establishments_2025,,,,21020087900018,2025,Collectivité Territoriale,Commune,['Aisne'],['Hauts-de-France'],COM,{02},{32}
8d123570-798e-467e-bccb-5fb9cfaaa020,215800327,Commune de Billy-sur-Oisy (58),false,{58032},Commune,2026-03-24 14:42:04.280096+01,gold_establishments_2025,,,,21580032700011,2025,Collectivité Territoriale,Commune,['Nièvre'],['Bourgogne-Franche-Comté'],COM,{58},{27}
cfcc7189-3050-4b3b-be2a-be9c7089d613,210200887,Commune de Billy-sur-Ourcq (02),false,{02090},Commune,2026-03-24 14:41:51.447482+01,gold_establishments_2025,,,,21020088700011,2025,Collectivité Territoriale,Commune,['Aisne'],['Hauts-de-France'],COM,{02},{32}
1ff18458-bcbd-43b7-b97c-ab096e930fff,216401299,Commune de Billère (64),false,{64129},Commune,2026-03-24 14:42:06.130387+01,gold_establishments_2025,,,,21640129900013,2025,Collectivité Territoriale,Commune,['Pyrénées-Atlantiques'],['Nouvelle-Aquitaine'],COM,{64},{75}
b1222ecd-f08f-4fde-b107-f5ac9c1453b4,213500259,Commune de Billé (35),false,{35025},Commune,2026-03-24 14:41:58.620411+01,gold_establishments_2025,,,,21350025900014,2025,Collectivité Territoriale,Commune,['Ille-et-Vilaine'],['Bretagne'],COM,{35},{53}
4be2f922-2955-4bf7-b552-48e102554261,216800375,Commune de Biltzheim (68),false,{68037},Commune,2026-03-24 14:42:07.195692+01,gold_establishments_2025,,,,21680037500059,2025,Collectivité Territoriale,Commune,['Haut-Rhin'],['Grand Est'],COM,{68},{44}
4c509584-bfe2-4a31-99ae-d542c40d29b8,216700393,Commune de Bilwisheim (67),false,{67039},Commune,2026-03-24 14:42:06.665412+01,gold_establishments_2025,,,,21670039300012,2025,Collectivité Territoriale,Commune,['Bas-Rhin'],['Grand Est'],COM,{67},{44}
4007721a-4e0a-47b4-b76f-608dba9a6856,216201343,Commune de Bimont (62),false,{62134},Commune,2026-03-24 14:42:05.597325+01,gold_establishments_2025,,,,21620134300011,2025,Collectivité Territoriale,Commune,['Pas-de-Calais'],['Hauts-de-France'],COM,{62},{32}
727e4bd5-a784-4edc-bcae-6126085f7688,215100579,Commune de Binarville (51),false,{51062},Commune,2026-03-24 14:42:01.412377+01,gold_establishments_2025,,,,21510057900014,2025,Collectivité Territoriale,Commune,['Marne'],['Grand Est'],COM,{51},{44}
f34b3cdb-456b-456e-b39f-625a7190d224,214100174,Commune de Binas (41),false,{41017},Commune,2026-03-24 14:41:59.705606+01,gold_establishments_2025,,,,21410017400017,2025,Collectivité Territoriale,Commune,['Loir-et-Cher'],['Centre-Val de Loire'],COM,{41},{24}
7b02e882-2e07-409b-adba-71c0e1be858f,216700401,Commune de Bindernheim (67),false,{67040},Commune,2026-03-24 14:42:06.665412+01,gold_establishments_2025,,,,21670040100013,2025,Collectivité Territoriale,Commune,['Bas-Rhin'],['Grand Est'],COM,{67},{44}
e8696e4e-c913-420b-bc84-f7a5702996ff,212100762,Commune de Binges (21),false,{21076},Commune,2026-03-24 14:41:55.433389+01,gold_establishments_2025,,,,21210076200013,2025,Collectivité Territoriale,Commune,"[""Côte-d'Or""]",['Bourgogne-Franche-Comté'],COM,{21},{27}
4d1751a1-b391-4e7a-8008-95d8d40ce9cf,200061463,Commune de Binic-Étables-sur-Mer (22),false,{22055},Commune,2026-03-24 14:41:55.433389+01,gold_establishments_2025,,,,20006146300010,2025,Collectivité Territoriale,Commune,"[""Côtes-d'Armor""]",['Bretagne'],COM,{22},{53}
b70360f7-9642-41ec-85a7-ef7a2beaaf40,215700832,Commune de Bining (57),false,{57083},Commune,2026-03-24 14:42:03.701372+01,gold_establishments_2025,,,,21570083200078,2025,Collectivité Territoriale,Commune,['Moselle'],['Grand Est'],COM,{57},{44}
aca970cb-f235-429a-96c7-400f5b45c3ed,215000555,Commune de Biniville (50),false,{50055},Commune,2026-03-24 14:42:01.412377+01,gold_establishments_2025,,,,21500055500015,2025,Collectivité Territoriale,Commune,['Manche'],['Normandie'],COM,{50},{28}
46b03eb4-2aa9-4312-8032-f07f76dfb5cd,213105901,Commune de Binos (31),false,{31590},Commune,2026-03-24 14:41:58.09424+01,gold_establishments_2025,,,,21310590100010,2025,Collectivité Territoriale,Commune,['Haute-Garonne'],['Occitanie'],COM,{31},{76}
757ca436-a046-482d-9d5e-dc102fa869e1,214600306,Commune de Bio (46),false,{46030},Commune,2026-03-24 14:42:00.862623+01,gold_establishments_2025,,,,21460030600010,2025,Collectivité Territoriale,Commune,['Lot'],['Occitanie'],COM,{46},{76}
3c0e5788-0854-44e4-8a81-ff32c1a76dec,213800444,Commune de Biol (38),false,{38044},Commune,2026-03-24 14:41:59.160244+01,gold_establishments_2025,,,,21380044400019,2025,Collectivité Territoriale,Commune,['Isère'],['Auvergne-Rhône-Alpes'],COM,{38},{84}
ef2f4351-9284-4aed-9f78-053372032cd1,216300418,Commune de Biollet (63),false,{63041},Commune,2026-03-24 14:42:06.130387+01,gold_establishments_2025,,,,21630041800011,2025,Collectivité Territoriale,Commune,['Puy-de-Dôme'],['Auvergne-Rhône-Alpes'],COM,{63},{84}
ff5b3875-246d-47be-9cdb-d75e91cb8fad,215700840,Commune de Bioncourt (57),false,{57084},Commune,2026-03-24 14:42:03.701372+01,gold_establishments_2025,,,,21570084000014,2025,Collectivité Territoriale,Commune,['Moselle'],['Grand Est'],COM,{57},{44}
7e3612b4-62e8-473d-b79f-4f4e119cab99,215400755,Commune de Bionville (54),false,{54075},Commune,2026-03-24 14:42:02.957225+01,gold_establishments_2025,,,,21540075500017,2025,Collectivité Territoriale,Commune,['Meurthe-et-Moselle'],['Grand Est'],COM,{54},{44}
9a207898-710e-402f-8227-a2eb1a9892ed,215700857,Commune de Bionville-sur-Nied (57),false,{57085},Commune,2026-03-24 14:42:03.701372+01,gold_establishments_2025,,,,21570085700042,2025,Collectivité Territoriale,Commune,['Moselle'],['Grand Est'],COM,{57},{44}
2b1fe453-4765-4958-8756-12e190226664,210600185,Commune de Biot (06),false,{06018},Commune,2026-03-24 14:41:52.562531+01,gold_establishments_2025,,,,21060018500016,2025,Collectivité Territoriale,Commune,['Alpes-Maritimes'],"[""Provence-Alpes-Côte d'Azur""]",COM,{06},{93}
171a7af4-aa9d-4a7e-9e4f-8b785a6ba4e8,218200186,Commune de Bioule (82),false,{82018},Commune,2026-03-24 14:42:10.508772+01,gold_establishments_2025,,,,21820018600011,2025,Collectivité Territoriale,Commune,['Tarn-et-Garonne'],['Occitanie'],COM,{82},{76}
a34c175e-ba6e-4dcc-a852-86a1c1bfcecc,211600440,Commune de Bioussac (16),false,{16044},Commune,2026-03-24 14:41:54.362296+01,gold_establishments_2025,,,,21160044000013,2025,Collectivité Territoriale,Commune,['Charente'],['Nouvelle-Aquitaine'],COM,{16},{75}
65a5d203-43cd-4d74-9c49-4bd2de1530d7,210300307,Commune de Biozat (03),false,{03030},Commune,2026-03-24 14:41:52.020251+01,gold_establishments_2025,,,,21030030700019,2025,Collectivité Territoriale,Commune,['Allier'],['Auvergne-Rhône-Alpes'],COM,{03},{84}
36c05693-b9cd-4c6a-845a-d033f22f0ef6,211600457,Commune de Birac (16),false,{16045},Commune,2026-03-24 14:41:54.362296+01,gold_establishments_2025,,,,21160045700017,2025,Collectivité Territoriale,Commune,['Charente'],['Nouvelle-Aquitaine'],COM,{16},{75}
56963f50-75d1-45c2-96c2-e6e16589a18a,213300536,Commune de Birac (33),false,{33053},Commune,2026-03-24 14:41:58.09424+01,gold_establishments_2025,,,,21330053600017,2025,Collectivité Territoriale,Commune,['Gironde'],['Nouvelle-Aquitaine'],COM,{33},{75}
02388d4b-0c05-4775-ab26-79628a928c84,214700288,Commune de Birac-sur-Trec (47),false,{47028},Commune,2026-03-24 14:42:00.862623+01,gold_establishments_2025,,,,21470028800019,2025,Collectivité Territoriale,Commune,['Lot-et-Garonne'],['Nouvelle-Aquitaine'],COM,{47},{75}
b7d6d409-09d4-48af-a488-36f56cfc1263,213200546,Commune de Biran (32),false,{32054},Commune,2026-03-24 14:41:58.09424+01,gold_establishments_2025,,,,21320054600017,2025,Collectivité Territoriale,Commune,['Gers'],['Occitanie'],COM,{32},{76}
131f447f-bff3-40b9-9a03-6bfb1e96420c,212400428,Commune de Biras (24),false,{24042},Commune,2026-03-24 14:41:55.958138+01,gold_establishments_2025,,,,21240042800018,2025,Collectivité Territoriale,Commune,['Dordogne'],['Nouvelle-Aquitaine'],COM,{24},{75}
94ce3fca-a989-460f-8ca0-bdb60c81dc66,216401307,Commune de Biriatou (64),false,{64130},Commune,2026-03-24 14:42:06.130387+01,gold_establishments_2025,,,,21640130700014,2025,Collectivité Territoriale,Commune,['Pyrénées-Atlantiques'],['Nouvelle-Aquitaine'],COM,{64},{75}
9cea883a-60c0-4405-95d3-2d3c0f358528,210100459,Commune de Birieux (01),false,{01045},Commune,2026-03-24 14:41:51.447482+01,gold_establishments_2025,,,,21010045900010,2025,Collectivité Territoriale,Commune,['Ain'],['Auvergne-Rhône-Alpes'],COM,{01},{84}
d5aa0067-1d51-4772-bcfd-6b96ced18018,211700471,Commune de Biron (17),false,{17047},Commune,2026-03-24 14:41:54.903238+01,gold_establishments_2025,,,,21170047100017,2025,Collectivité Territoriale,Commune,['Charente-Maritime'],['Nouvelle-Aquitaine'],COM,{17},{75}
8b1a17f9-f298-49b6-ba23-de0c53f0a0ca,212400436,Commune de Biron (24),false,{24043},Commune,2026-03-24 14:41:55.958138+01,gold_establishments_2025,,,,21240043600011,2025,Collectivité Territoriale,Commune,['Dordogne'],['Nouvelle-Aquitaine'],COM,{24},{75}
7b7df85c-50bf-4529-8598-6a69c09f574c,216401315,Commune de Biron (64),false,{64131},Commune,2026-03-24 14:42:06.130387+01,gold_establishments_2025,,,,21640131500017,2025,Collectivité Territoriale,Commune,['Pyrénées-Atlantiques'],['Nouvelle-Aquitaine'],COM,{64},{75}
10d51800-8b88-448c-a198-2997d7b21567,214000465,Commune de Biscarrosse (40),false,{40046},Commune,2026-03-24 14:41:59.705606+01,gold_establishments_2025,,,,21400046500010,2025,Collectivité Territoriale,Commune,['Landes'],['Nouvelle-Aquitaine'],COM,{40},{75}
b2b60ada-41a2-47c7-a82b-90d8fca603be,216700435,Commune de Bischheim (67),false,{67043},Commune,2026-03-24 14:42:06.665412+01,gold_establishments_2025,,,,21670043500011,2025,Collectivité Territoriale,Commune,['Bas-Rhin'],['Grand Est'],COM,{67},{44}
fed85479-7c42-4bd0-aaef-f45945795f23,216700443,Commune de Bischholtz (67),false,{67044},Commune,2026-03-24 14:42:06.665412+01,gold_establishments_2025,,,,21670044300015,2025,Collectivité Territoriale,Commune,['Bas-Rhin'],['Grand Est'],COM,{67},{44}
29efa13b-4740-40fd-9627-28d9a92f5b17,216700450,Commune de Bischoffsheim (67),false,{67045},Commune,2026-03-24 14:42:06.665412+01,gold_establishments_2025,,,,21670045000010,2025,Collectivité Territoriale,Commune,['Bas-Rhin'],['Grand Est'],COM,{67},{44}
abf4e04f-9cdf-44e5-b08a-ce7af2e0c16b,216800383,Commune de Bischwihr (68),false,{68038},Commune,2026-03-24 14:42:07.195692+01,gold_establishments_2025,,,,21680038300012,2025,Collectivité Territoriale,Commune,['Haut-Rhin'],['Grand Est'],COM,{68},{44}
e1e05efb-ece0-4353-82e3-d6a1d77a82a7,216700468,Commune de Bischwiller (67),false,{67046},Commune,2026-03-24 14:42:06.665412+01,gold_establishments_2025,,,,21670046800012,2025,Collectivité Territoriale,Commune,['Bas-Rhin'],['Grand Est'],COM,{67},{44}
1b7e5523-c661-488e-bbe9-ae3882cc8aa1,216800391,Commune de Bisel (68),false,{68039},Commune,2026-03-24 14:42:07.195692+01,gold_establishments_2025,,,,21680039100015,2025,Collectivité Territoriale,Commune,['Haut-Rhin'],['Grand Est'],COM,{68},{44}
7b3862c0-37b5-4e0b-baaa-db6daf9bad3d,212000392,Commune de Bisinchi (2B),false,{2B039},Commune,2026-03-24 14:41:57.56054+01,gold_establishments_2025,,,,21200039200010,2025,Collectivité Territoriale,Commune,['Haute-Corse'],['Corse'],COM,{2B},{94}
a2ff65a5-9109-4db8-a73e-5c266557d520,215500547,Commune de Bislée (55),false,{55054},Commune,2026-03-24 14:42:02.957225+01,gold_establishments_2025,,,,21550054700017,2025,Collectivité Territoriale,Commune,['Meuse'],['Grand Est'],COM,{55},{44}
bdf8cc19-f9bc-413d-9253-6d36cd281117,216700476,Commune de Bissert (67),false,{67047},Commune,2026-03-24 14:42:06.665412+01,gold_establishments_2025,,,,21670047600015,2025,Collectivité Territoriale,Commune,['Bas-Rhin'],['Grand Est'],COM,{67},{44}
6792b0cd-87b0-4424-870e-f85e567e91b8,212100770,Commune de Bissey-la-Côte (21),false,{21077},Commune,2026-03-24 14:41:55.433389+01,gold_establishments_2025,,,,21210077000016,2025,Collectivité Territoriale,Commune,"[""Côte-d'Or""]",['Bourgogne-Franche-Comté'],COM,{21},{27}
c2c708d2-f7ad-4844-b3ec-1db28fb0238d,212100788,Commune de Bissey-la-Pierre (21),false,{21078},Commune,2026-03-24 14:41:55.433389+01,gold_establishments_2025,,,,21210078800018,2025,Collectivité Territoriale,Commune,"[""Côte-d'Or""]",['Bourgogne-Franche-Comté'],COM,{21},{27}
d193b45e-e842-4232-b3e2-7654dfe734a4,217100346,Commune de Bissey-sous-Cruchaud (71),false,{71034},Commune,2026-03-24 14:42:07.735343+01,gold_establishments_2025,,,,21710034600014,2025,Collectivité Territoriale,Commune,['Saône-et-Loire'],['Bourgogne-Franche-Comté'],COM,{71},{27}
928d5c1e-fa21-475b-8ba4-144e263c8f04,215900838,Commune de Bissezeele (59),false,{59083},Commune,2026-03-24 14:42:04.280096+01,gold_establishments_2025,,,,21590083800016,2025,Collectivité Territoriale,Commune,['Nord'],['Hauts-de-France'],COM,{59},{32}
dcf3d411-7abf-4cc8-90aa-09d9def2ed1c,217100353,Commune de Bissy-la-Mâconnaise (71),false,{71035},Commune,2026-03-24 14:42:07.735343+01,gold_establishments_2025,,,,21710035300010,2025,Collectivité Territoriale,Commune,['Saône-et-Loire'],['Bourgogne-Franche-Comté'],COM,{71},{27}
ebf738c6-6f60-4bf5-bff4-e4954545a85e,217100361,Commune de Bissy-sous-Uxelles (71),false,{71036},Commune,2026-03-24 14:42:07.735343+01,gold_establishments_2025,,,,21710036100013,2025,Collectivité Territoriale,Commune,['Saône-et-Loire'],['Bourgogne-Franche-Comté'],COM,{71},{27}
d671dfd8-3a06-40b7-8d2d-a8940ec52927,217100379,Commune de Bissy-sur-Fley (71),false,{71037},Commune,2026-03-24 14:42:07.735343+01,gold_establishments_2025,,,,21710037900015,2025,Collectivité Territoriale,Commune,['Saône-et-Loire'],['Bourgogne-Franche-Comté'],COM,{71},{27}
b3e135cf-e0fb-48b0-b006-420459f63d2e,215700873,Commune de Bisten-en-Lorraine (57),false,{57087},Commune,2026-03-24 14:42:03.701372+01,gold_establishments_2025,,,,21570087300015,2025,Collectivité Territoriale,Commune,['Moselle'],['Grand Est'],COM,{57},{44}
44cce01e-7772-411d-aa80-7e8b48f6cc8c,215700881,Commune de Bistroff (57),false,{57088},Commune,2026-03-24 14:42:03.701372+01,gold_establishments_2025,,,,21570088100018,2025,Collectivité Territoriale,Commune,['Moselle'],['Grand Est'],COM,{57},{44}
ae4ecd9d-2f3a-431b-abb9-57b25e3086a8,215700899,Commune de Bitche (57),false,{57089},Commune,2026-03-24 14:42:03.701372+01,gold_establishments_2025,,,,21570089900010,2025,Collectivité Territoriale,Commune,['Moselle'],['Grand Est'],COM,{57},{44}
2ee961f4-4fd4-4ee2-9011-09038438ea17,215800335,Commune de Bitry (58),false,{58033},Commune,2026-03-24 14:42:04.280096+01,gold_establishments_2025,,,,21580033500014,2025,Collectivité Territoriale,Commune,['Nièvre'],['Bourgogne-Franche-Comté'],COM,{58},{27}
6f9e6058-888e-4e80-95d2-ef8c88607247,216000729,Commune de Bitry (60),false,{60072},Commune,2026-03-24 14:42:04.814328+01,gold_establishments_2025,,,,21600072900014,2025,Collectivité Territoriale,Commune,['Oise'],['Hauts-de-France'],COM,{60},{32}
551eaf2f-ae7c-4daa-8b77-dc20253ad51a,216700484,Commune de Bitschhoffen (67),false,{67048},Commune,2026-03-24 14:42:06.665412+01,gold_establishments_2025,,,,21670048400068,2025,Collectivité Territoriale,Commune,['Bas-Rhin'],['Grand Est'],COM,{67},{44}
141918bf-e84d-44b9-855a-06ee46992084,216800409,Commune de Bitschwiller-lès-Thann (68),false,{68040},Commune,2026-03-24 14:42:07.195692+01,gold_establishments_2025,,,,21680040900015,2025,Collectivité Territoriale,Commune,['Haut-Rhin'],['Grand Est'],COM,{68},{44}
0d8c8d1b-cfa6-4253-89fe-f1e2ca0de1b7,213800451,Commune de Biviers (38),false,{38045},Commune,2026-03-24 14:41:59.160244+01,gold_establishments_2025,,,,21380045100014,2025,Collectivité Territoriale,Commune,['Isère'],['Auvergne-Rhône-Alpes'],COM,{38},{84}
5b1dbb01-7523-48ed-a6a9-5be7e26e86f2,217600964,Commune de Biville-la-Baignarde (76),false,{76096},Commune,2026-03-24 14:42:08.818969+01,gold_establishments_2025,,,,21760096400019,2025,Collectivité Territoriale,Commune,['Seine-Maritime'],['Normandie'],COM,{76},{28}
e51ef313-848a-432e-87c6-f9d32fa403cd,217600972,Commune de Biville-la-Rivière (76),false,{76097},Commune,2026-03-24 14:42:08.818969+01,gold_establishments_2025,,,,21760097200012,2025,Collectivité Territoriale,Commune,['Seine-Maritime'],['Normandie'],COM,{76},{28}
869469ed-4aaf-4ca3-aca0-87dcc4da211d,213200553,Commune de Bivès (32),false,{32055},Commune,2026-03-24 14:41:58.09424+01,gold_establishments_2025,,,,21320055300013,2025,Collectivité Territoriale,Commune,['Gers'],['Occitanie'],COM,{32},{76}
8a829d24-04e2-4c6b-ae5a-781a85cd05cd,211100409,Commune de Bizanet (11),false,{11040},Commune,2026-03-24 14:41:53.63825+01,gold_establishments_2025,,,,21110040900013,2025,Collectivité Territoriale,Commune,['Aude'],['Occitanie'],COM,{11},{76}
32c19a2b-febb-4ac0-8577-e8994844d3d2,216401323,Commune de Bizanos (64),false,{64132},Commune,2026-03-24 14:42:06.130387+01,gold_establishments_2025,,,,21640132300011,2025,Collectivité Territoriale,Commune,['Pyrénées-Atlantiques'],['Nouvelle-Aquitaine'],COM,{64},{75}
c525e4fc-eafe-4172-9696-39dace087c6e,215200346,Commune de Bize (52),false,{52051},Commune,2026-03-24 14:42:01.954481+01,gold_establishments_2025,,,,21520034600017,2025,Collectivité Territoriale,Commune,['Haute-Marne'],['Grand Est'],COM,{52},{44}
14d4cfe3-38c5-47e3-bf6e-5e61b7942c91,216500934,Commune de Bize (65),false,{65093},Commune,2026-03-24 14:42:06.665412+01,gold_establishments_2025,,,,21650093400015,2025,Collectivité Territoriale,Commune,['Hautes-Pyrénées'],['Occitanie'],COM,{65},{76}
1b42ddee-d59f-48b4-af3f-e7da496865eb,211100417,Commune de Bize-Minervois (11),false,{11041},Commune,2026-03-24 14:41:53.63825+01,gold_establishments_2025,,,,21110041700016,2025,Collectivité Territoriale,Commune,['Aude'],['Occitanie'],COM,{11},{76}
2b62b346-66d1-48f1-8aae-b0a76798b649,210300315,Commune de Bizeneuille (03),false,{03031},Commune,2026-03-24 14:41:52.020251+01,gold_establishments_2025,,,,21030031500012,2025,Collectivité Territoriale,Commune,['Allier'],['Auvergne-Rhône-Alpes'],COM,{03},{84}
a5ea48d4-59ea-4364-838a-b00d970a2241,210100467,Commune de Biziat (01),false,{01046},Commune,2026-03-24 14:41:51.447482+01,gold_establishments_2025,,,,21010046700013,2025,Collectivité Territoriale,Commune,['Ain'],['Auvergne-Rhône-Alpes'],COM,{01},{84}
28a541fd-c417-41f0-b561-46af330b15af,213800469,Commune de Bizonnes (38),false,{38046},Commune,2026-03-24 14:41:59.160244+01,gold_establishments_2025,,,,21380046900016,2025,Collectivité Territoriale,Commune,['Isère'],['Auvergne-Rhône-Alpes'],COM,{38},{84}
5d1cb945-aac4-47ba-ae47-4e4c85e40a80,216100461,Commune de Bizou (61),false,{61046},Commune,2026-03-24 14:42:04.814328+01,gold_establishments_2025,,,,21610046100013,2025,Collectivité Territoriale,Commune,['Orne'],['Normandie'],COM,{61},{28}
85a1455c-5a3f-4ff5-b35b-f82316140271,216500942,Commune de Bizous (65),false,{65094},Commune,2026-03-24 14:42:06.665412+01,gold_establishments_2025,,,,21650094200018,2025,Collectivité Territoriale,Commune,['Hautes-Pyrénées'],['Occitanie'],COM,{65},{76}
3ab4ba3b-bc9d-42da-815c-a4ba000cdb26,210200861,Commune de Bièvres (02),false,{02088},Commune,2026-03-24 14:41:51.447482+01,gold_establishments_2025,,,,21020086100016,2025,Collectivité Territoriale,Commune,['Aisne'],['Hauts-de-France'],COM,{02},{32}
bc8e3b5e-f5c5-4be7-b2cd-f212477b2c3e,210800595,Commune de Bièvres (08),false,{08065},Commune,2026-03-24 14:41:52.562531+01,gold_establishments_2025,,,,21080059500014,2025,Collectivité Territoriale,Commune,['Ardennes'],['Grand Est'],COM,{08},{44}
21e49601-a24f-4f92-a3e2-6c0d331004fa,219100641,Commune de Bièvres (91),false,{91064},Commune,2026-03-24 14:42:11.659493+01,gold_establishments_2025,,,,21910064100014,2025,Collectivité Territoriale,Commune,['Essonne'],['Île-de-France'],COM,{91},{11}
b514c9e6-e6df-4c29-ac88-4ee68eed805a,218800589,Commune de Biécourt (88),false,{88058},Commune,2026-03-24 14:42:11.118516+01,gold_establishments_2025,,,,21880058900010,2025,Collectivité Territoriale,Commune,['Vosges'],['Grand Est'],COM,{88},{44}
7eb2204e-93e9-4dd4-87cb-0ef3b78b8b91,215000548,Commune de Biéville (50),false,{50054},Commune,2026-03-24 14:42:01.412377+01,gold_establishments_2025,,,,21500054800010,2025,Collectivité Territoriale,Commune,['Manche'],['Normandie'],COM,{50},{28}
85c3ca93-562c-437b-8156-751741807464,211400684,Commune de Biéville-Beuville (14),false,{14068},Commune,2026-03-24 14:41:53.63825+01,gold_establishments_2025,,,,21140068400018,2025,Collectivité Territoriale,Commune,['Calvados'],['Normandie'],COM,{14},{28}
ae184a7c-1a7e-4e5e-8eb7-cf904f2bfaaa,216000737,Commune de Blacourt (60),false,{60073},Commune,2026-03-24 14:42:04.814328+01,gold_establishments_2025,,,,21600073700017,2025,Collectivité Territoriale,Commune,['Oise'],['Hauts-de-France'],COM,{60},{32}
a1ff085c-2bc3-42a2-bca8-6c63d296678f,217600998,Commune de Blacqueville (76),false,{76099},Commune,2026-03-24 14:42:08.818969+01,gold_establishments_2025,,,,21760099800017,2025,Collectivité Territoriale,Commune,['Seine-Maritime'],['Normandie'],COM,{76},{28}
7afad262-6dac-4673-a99c-569b3f55da45,215100603,Commune de Blacy (51),false,{51065},Commune,2026-03-24 14:42:01.412377+01,gold_establishments_2025,,,,21510060300012,2025,Collectivité Territoriale,Commune,['Marne'],['Grand Est'],COM,{51},{44}
47181a81-564d-459a-b4d7-641a427767b8,218900439,Commune de Blacy (89),false,{89043},Commune,2026-03-24 14:42:11.118516+01,gold_establishments_2025,,,,21890043900017,2025,Collectivité Territoriale,Commune,['Yonne'],['Bourgogne-Franche-Comté'],COM,{89},{27}
cc8693bc-0f59-444e-9a5c-ab20cbae4f4e,216900233,Commune de Blacé (69),false,{69023},Commune,2026-03-24 14:42:07.195692+01,gold_establishments_2025,,,,21690023300018,2025,Collectivité Territoriale,Commune,['Rhône'],['Auvergne-Rhône-Alpes'],COM,{69},{84}
3e49e435-0815-44dd-ba08-9e11faed0793,216700492,Commune de Blaesheim (67),false,{67049},Commune,2026-03-24 14:42:06.665412+01,gold_establishments_2025,,,,21670049200012,2025,Collectivité Territoriale,Commune,['Bas-Rhin'],['Grand Est'],COM,{67},{44}
7d24ede1-6155-4b9d-83ee-267745d13d87,213100696,Commune de Blagnac (31),false,{31069},Commune,2026-03-24 14:41:57.56054+01,gold_establishments_2025,,,,21310069600011,2025,Collectivité Territoriale,Commune,['Haute-Garonne'],['Occitanie'],COM,{31},{76}
c3a6ee15-c0b9-4407-97f3-a2fb4c3897d9,210800611,Commune de Blagny (08),false,{08067},Commune,2026-03-24 14:41:52.562531+01,gold_establishments_2025,,,,21080061100019,2025,Collectivité Territoriale,Commune,['Ardennes'],['Grand Est'],COM,{08},{44}
74a7c68e-4204-448b-b936-3813701f8588,212100796,Commune de Blagny-sur-Vingeanne (21),false,{21079},Commune,2026-03-24 14:41:55.433389+01,gold_establishments_2025,,,,21210079600011,2025,Collectivité Territoriale,Commune,"[""Côte-d'Or""]",['Bourgogne-Franche-Comté'],COM,{21},{27}
d366825d-25b2-4c1a-8444-f371968acda5,213300544,Commune de Blaignac (33),false,{33054},Commune,2026-03-24 14:41:58.09424+01,gold_establishments_2025,,,,21330054400011,2025,Collectivité Territoriale,Commune,['Gironde'],['Nouvelle-Aquitaine'],COM,{33},{75}
5417af8b-95d0-42c9-87fd-1ce05470b691,200083780,Commune de Blaignan-Prignac (33),false,{33055},Commune,2026-03-24 14:41:58.09424+01,gold_establishments_2025,,,,20008378000011,2025,Collectivité Territoriale,Commune,['Gironde'],['Nouvelle-Aquitaine'],COM,{33},{75}
7db5ad7a-1727-4a3d-8cd6-e0841e22fb8b,214400152,Commune de Blain (44),false,{44015},Commune,2026-03-24 14:42:00.273698+01,gold_establishments_2025,,,,21440015200051,2025,Collectivité Territoriale,Commune,['Loire-Atlantique'],['Pays de la Loire'],COM,{44},{52}
6ebdd8fd-5cb0-4fe7-9801-7fac20f7efa7,216000745,Commune de Blaincourt-lès-Précy (60),false,{60074},Commune,2026-03-24 14:42:04.814328+01,gold_establishments_2025,,,,21600074500010,2025,Collectivité Territoriale,Commune,['Oise'],['Hauts-de-France'],COM,{60},{32}
edad0c2c-e310-42bd-a8d8-805efd8e328f,211000419,Commune de Blaincourt-sur-Aube (10),false,{10046},Commune,2026-03-24 14:41:53.095366+01,gold_establishments_2025,,,,21100041900013,2025,Collectivité Territoriale,Commune,['Aube'],['Grand Est'],COM,{10},{44}
a61f457c-0caf-456f-8e29-7ceaba3d0229,217601004,Commune de Blainville-Crevon (76),false,{76100},Commune,2026-03-24 14:42:08.818969+01,gold_establishments_2025,,,,21760100400013,2025,Collectivité Territoriale,Commune,['Seine-Maritime'],['Normandie'],COM,{76},{28}
a0b97ee8-9e94-4d2b-ad69-d06bfe46da6c,215000589,Commune de Blainville-sur-Mer (50),false,{50058},Commune,2026-03-24 14:42:01.412377+01,gold_establishments_2025,,,,21500058900014,2025,Collectivité Territoriale,Commune,['Manche'],['Normandie'],COM,{50},{28}
8f22461e-2dd3-4b68-b0d8-56982bdca876,211400767,Commune de Blainville-sur-Orne (14),false,{14076},Commune,2026-03-24 14:41:53.63825+01,gold_establishments_2025,,,,21140076700011,2025,Collectivité Territoriale,Commune,['Calvados'],['Normandie'],COM,{14},{28}
91f08089-49db-4c5b-ae39-e9737e0e93ee,215400763,Commune de Blainville-sur-l'Eau (54),false,{54076},Commune,2026-03-24 14:42:02.957225+01,gold_establishments_2025,,,,21540076300011,2025,Collectivité Territoriale,Commune,['Meurthe-et-Moselle'],['Grand Est'],COM,{54},{44}
35d2cd87-f654-457d-be4c-46bf4c9a6c18,216201350,Commune de Blairville (62),false,{62135},Commune,2026-03-24 14:42:05.597325+01,gold_establishments_2025,,,,21620135000016,2025,Collectivité Territoriale,Commune,['Pas-de-Calais'],['Hauts-de-France'],COM,{62},{32}
0a350984-0d62-478a-91c1-630514d2c3a5,215100611,Commune de Blaise-sous-Arzillières (51),false,{51066},Commune,2026-03-24 14:42:01.412377+01,gold_establishments_2025,,,,21510061100015,2025,Collectivité Territoriale,Commune,['Marne'],['Grand Est'],COM,{51},{44}
d1323203-caa1-4195-bd3b-97f79b5814f9,200056265,Commune de Blaison-Saint-Sulpice (49),false,{49029},Commune,2026-03-24 14:42:01.412377+01,gold_establishments_2025,,,,20005626500016,2025,Collectivité Territoriale,Commune,['Maine-et-Loire'],['Pays de la Loire'],COM,{49},{52}
b968afc5-da3c-40c8-8c41-5c03fb6083f9,215200353,Commune de Blaisy (52),false,{52053},Commune,2026-03-24 14:42:01.954481+01,gold_establishments_2025,,,,21520035300013,2025,Collectivité Territoriale,Commune,['Haute-Marne'],['Grand Est'],COM,{52},{44}
6c6f2863-f197-4640-aceb-9d1773b7054a,212100804,Commune de Blaisy-Bas (21),false,{21080},Commune,2026-03-24 14:41:55.433389+01,gold_establishments_2025,,,,21210080400013,2025,Collectivité Territoriale,Commune,"[""Côte-d'Or""]",['Bourgogne-Franche-Comté'],COM,{21},{27}
1e8db73c-aba5-4d03-b53e-3d029da34bbe,212100812,Commune de Blaisy-Haut (21),false,{21081},Commune,2026-03-24 14:41:55.433389+01,gold_establishments_2025,,,,21210081200016,2025,Collectivité Territoriale,Commune,"[""Côte-d'Or""]",['Bourgogne-Franche-Comté'],COM,{21},{27}
af7c9896-f09d-4c37-8887-ac0b85b2ef00,213100704,Commune de Blajan (31),false,{31070},Commune,2026-03-24 14:41:57.56054+01,gold_establishments_2025,,,,21310070400013,2025,Collectivité Territoriale,Commune,['Haute-Garonne'],['Occitanie'],COM,{31},{76}
270c47d4-d6ce-4427-bf2d-bb85ef25d87d,212500631,Commune de Blamont (25),false,{25063},Commune,2026-03-24 14:41:55.958138+01,gold_establishments_2025,,,,21250063100016,2025,Collectivité Territoriale,Commune,['Doubs'],['Bourgogne-Franche-Comté'],COM,{25},{27}
bfe6a497-f272-414c-87ae-4b18ab1cfb4e,218100329,Commune de Blan (81),false,{81032},Commune,2026-03-24 14:42:09.967209+01,gold_establishments_2025,,,,21810032900018,2025,Collectivité Territoriale,Commune,['Tarn'],['Occitanie'],COM,{81},{76}
43f098ec-9700-4523-83dc-43a74ff9bdc5,211800305,Commune de Blancafort (18),false,{18030},Commune,2026-03-24 14:41:54.903238+01,gold_establishments_2025,,,,21180030500016,2025,Collectivité Territoriale,Commune,['Cher'],['Centre-Val de Loire'],COM,{18},{24}
0afaeaab-e7d6-4788-9fa7-56c6bc36e701,212100820,Commune de Blancey (21),false,{21082},Commune,2026-03-24 14:41:55.433389+01,gold_establishments_2025,,,,21210082000019,2025,Collectivité Territoriale,Commune,"[""Côte-d'Or""]",['Bourgogne-Franche-Comté'],COM,{21},{27}
909688cc-a6a1-42e1-8294-6b381ebbfab6,216000752,Commune de Blancfossé (60),false,{60075},Commune,2026-03-24 14:42:04.814328+01,gold_establishments_2025,,,,21600075200016,2025,Collectivité Territoriale,Commune,['Oise'],['Hauts-de-France'],COM,{60},{32}
0a82ba89-c317-4194-b0a7-bce4665edbbd,215700907,Commune de Blanche-Église (57),false,{57090},Commune,2026-03-24 14:42:03.701372+01,gold_establishments_2025,,,,21570090700011,2025,Collectivité Territoriale,Commune,['Moselle'],['Grand Est'],COM,{57},{44}
cc209c7f-cda8-4404-832b-93a65d02f311,210800629,Commune de Blanchefosse-et-Bay (08),false,{08069},Commune,2026-03-24 14:41:52.562531+01,gold_establishments_2025,,,,21080062900011,2025,Collectivité Territoriale,Commune,['Ardennes'],['Grand Est'],COM,{08},{44}
b04a6222-52b8-4932-bacc-70bab2ed06bc,216700500,Commune de Blancherupt (67),false,{67050},Commune,2026-03-24 14:42:06.665412+01,gold_establishments_2025,,,,21670050000012,2025,Collectivité Territoriale,Commune,['Bas-Rhin'],['Grand Est'],COM,{67},{44}
b938384b-39f2-4594-a0ba-9c0f47702585,200077782,Commune de Blancs-Coteaux (51),false,{51612},Commune,2026-03-24 14:42:01.954481+01,gold_establishments_2025,,,,20007778200015,2025,Collectivité Territoriale,Commune,['Marne'],['Grand Est'],COM,{51},{44}
aea780f4-285f-421a-bcf7-d3926baafbf7,212800411,Commune de Blandainville (28),false,{28041},Commune,2026-03-24 14:41:57.028721+01,gold_establishments_2025,,,,21280041100010,2025,Collectivité Territoriale,Commune,['Eure-et-Loir'],['Centre-Val de Loire'],COM,{28},{24}
bf974eaa-e0e8-400c-bf95-64e2233075e2,213000409,Commune de Blandas (30),false,{30040},Commune,2026-03-24 14:41:57.56054+01,gold_establishments_2025,,,,21300040900010,2025,Collectivité Territoriale,Commune,['Gard'],['Occitanie'],COM,{30},{76}
8dc2052a-74fa-485e-870f-699477789b74,213800477,Commune de Blandin (38),false,{38047},Commune,2026-03-24 14:41:59.160244+01,gold_establishments_2025,,,,21380047700019,2025,Collectivité Territoriale,Commune,['Isère'],['Auvergne-Rhône-Alpes'],COM,{38},{84}
7813c3f2-d007-458a-81c4-189f5f908c8d,200062651,Commune de Blandouet-Saint Jean (53),false,{53228},Commune,2026-03-24 14:42:02.957225+01,gold_establishments_2025,,,,20006265100019,2025,Collectivité Territoriale,Commune,['Mayenne'],['Pays de la Loire'],COM,{53},{52}
c1addfd5-edd4-4257-bc70-69944be33624,217700343,Commune de Blandy (77),false,{77034},Commune,2026-03-24 14:42:08.818969+01,gold_establishments_2025,,,,21770034300015,2025,Collectivité Territoriale,Commune,['Seine-et-Marne'],['Île-de-France'],COM,{77},{11}
9c10ac84-efa8-4626-bb58-009cf9fcf6b0,219100674,Commune de Blandy (91),false,{91067},Commune,2026-03-24 14:42:11.659493+01,gold_establishments_2025,,,,21910067400015,2025,Collectivité Territoriale,Commune,['Essonne'],['Île-de-France'],COM,{91},{11}
37ead87f-65f2-45c3-8b8f-228f62840c9b,216201376,Commune de Blangerval-Blangermont (62),false,{62137},Commune,2026-03-24 14:42:05.597325+01,gold_establishments_2025,,,,21620137600011,2025,Collectivité Territoriale,Commune,['Pas-de-Calais'],['Hauts-de-France'],COM,{62},{32}
990d736f-fc2a-4802-8552-2c763040b9b6,218001022,Commune de Blangy-Tronville (80),false,{80107},Commune,2026-03-24 14:42:09.967209+01,gold_establishments_2025,,,,21800102200019,2025,Collectivité Territoriale,Commune,['Somme'],['Hauts-de-France'],COM,{80},{32}
053149d1-da62-4c1e-8ee2-5f47bbb2b8b7,211400775,Commune de Blangy-le-Château (14),false,{14077},Commune,2026-03-24 14:41:53.63825+01,gold_establishments_2025,,,,21140077500014,2025,Collectivité Territoriale,Commune,['Calvados'],['Normandie'],COM,{14},{28}
847662bd-a93b-4d29-86ea-cb8376d1648c,218001014,Commune de Blangy-sous-Poix (80),false,{80106},Commune,2026-03-24 14:42:09.967209+01,gold_establishments_2025,,,,21800101400016,2025,Collectivité Territoriale,Commune,['Somme'],['Hauts-de-France'],COM,{80},{32}
5a9cee7d-15bc-426c-9960-a8118ff19b88,217601012,Commune de Blangy-sur-Bresle (76),false,{76101},Commune,2026-03-24 14:42:08.818969+01,gold_establishments_2025,,,,21760101200016,2025,Collectivité Territoriale,Commune,['Seine-Maritime'],['Normandie'],COM,{76},{28}
4b90f833-7e13-4c99-9c6c-b277c4ac2ece,216201384,Commune de Blangy-sur-Ternoise (62),false,{62138},Commune,2026-03-24 14:42:05.597325+01,gold_establishments_2025,,,,21620138400015,2025,Collectivité Territoriale,Commune,['Pas-de-Calais'],['Hauts-de-France'],COM,{62},{32}
b894502b-bc78-48b9-9ee5-1b192ed3a3de,218900447,Commune de Blannay (89),false,{89044},Commune,2026-03-24 14:42:11.118516+01,gold_establishments_2025,,,,21890044700010,2025,Collectivité Territoriale,Commune,['Yonne'],['Bourgogne-Franche-Comté'],COM,{89},{27}
26d95b7d-b7ce-4043-ac51-6e395dce1d0b,212100838,Commune de Blanot (21),false,{21083},Commune,2026-03-24 14:41:55.433389+01,gold_establishments_2025,,,,21210083800011,2025,Collectivité Territoriale,Commune,"[""Côte-d'Or""]",['Bourgogne-Franche-Comté'],COM,{21},{27}
a1dd8b28-0ebf-49e5-aa6a-e8c370d05cc6,217100395,Commune de Blanot (71),false,{71039},Commune,2026-03-24 14:42:07.735343+01,gold_establishments_2025,,,,21710039500011,2025,Collectivité Territoriale,Commune,['Saône-et-Loire'],['Bourgogne-Franche-Comté'],COM,{71},{27}
76cf2780-18e9-4c02-96b7-0b2ab62d45b2,213200561,Commune de Blanquefort (32),false,{32056},Commune,2026-03-24 14:41:58.09424+01,gold_establishments_2025,,,,21320056100016,2025,Collectivité Territoriale,Commune,['Gers'],['Occitanie'],COM,{32},{76}
4708e68e-6368-4f0d-9bff-0407e388bf93,213300569,Commune de Blanquefort (33),false,{33056},Commune,2026-03-24 14:41:58.09424+01,gold_establishments_2025,,,,21330056900018,2025,Collectivité Territoriale,Commune,['Gironde'],['Nouvelle-Aquitaine'],COM,{33},{75}
b683e105-9bb9-4f65-a0e2-bc9a75241e2d,214700296,Commune de Blanquefort-sur-Briolance (47),false,{47029},Commune,2026-03-24 14:42:00.862623+01,gold_establishments_2025,,,,21470029600012,2025,Collectivité Territoriale,Commune,['Lot-et-Garonne'],['Nouvelle-Aquitaine'],COM,{47},{75}
ea810413-4f70-4b5c-92a5-b42665898075,214300303,Commune de Blanzac (43),false,{43030},Commune,2026-03-24 14:42:00.273698+01,gold_establishments_2025,,,,21430030300010,2025,Collectivité Territoriale,Commune,['Haute-Loire'],['Auvergne-Rhône-Alpes'],COM,{43},{84}
d5a63a4d-bfa1-4cf0-97f9-744e05ff1c08,218701704,Commune de Blanzac (87),false,{87017},Commune,2026-03-24 14:42:11.118516+01,gold_establishments_2025,,,,21870170400015,2025,Collectivité Territoriale,Commune,['Haute-Vienne'],['Nouvelle-Aquitaine'],COM,{87},{75}
2919a702-6e96-4269-bc18-5a3115024a99,211700489,Commune de Blanzac-lès-Matha (17),false,{17048},Commune,2026-03-24 14:41:54.903238+01,gold_establishments_2025,,,,21170048900019,2025,Collectivité Territoriale,Commune,['Charente-Maritime'],['Nouvelle-Aquitaine'],COM,{17},{75}
6a257d16-5df5-468c-a934-0fa2c3739981,211600473,Commune de Blanzaguet-Saint-Cybard (16),false,{16047},Commune,2026-03-24 14:41:54.362296+01,gold_establishments_2025,,,,21160047300014,2025,Collectivité Territoriale,Commune,['Charente'],['Nouvelle-Aquitaine'],COM,{16},{75}
141c12b6-72f4-4797-8722-3931a5a24c67,216300426,Commune de Blanzat (63),false,{63042},Commune,2026-03-24 14:42:06.130387+01,gold_establishments_2025,,,,21630042600014,2025,Collectivité Territoriale,Commune,['Puy-de-Dôme'],['Auvergne-Rhône-Alpes'],COM,{63},{84}
b192a1e2-1a6d-4674-91f1-884806a3f044,218600294,Commune de Blanzay (86),false,{86029},Commune,2026-03-24 14:42:10.508772+01,gold_establishments_2025,,,,21860029400019,2025,Collectivité Territoriale,Commune,['Vienne'],['Nouvelle-Aquitaine'],COM,{86},{75}
7f29f1fe-3c89-41af-9969-664328573072,211700497,Commune de Blanzay-sur-Boutonne (17),false,{17049},Commune,2026-03-24 14:41:54.903238+01,gold_establishments_2025,,,,21170049700012,2025,Collectivité Territoriale,Commune,['Charente-Maritime'],['Nouvelle-Aquitaine'],COM,{17},{75}
869cc6a9-1165-44d1-965e-372882764e4c,217100403,Commune de Blanzy (71),false,{71040},Commune,2026-03-24 14:42:07.735343+01,gold_establishments_2025,,,,21710040300013,2025,Collectivité Territoriale,Commune,['Saône-et-Loire'],['Bourgogne-Franche-Comté'],COM,{71},{27}
b5c0ff36-c0b2-45c9-ab1a-66770f4ceb9c,210800637,Commune de Blanzy-la-Salonnaise (08),false,{08070},Commune,2026-03-24 14:41:52.562531+01,gold_establishments_2025,,,,21080063700014,2025,Collectivité Territoriale,Commune,['Ardennes'],['Grand Est'],COM,{08},{44}
5902ec36-fb18-4317-830a-e73b285fb747,210200895,Commune de Blanzy-lès-Fismes (02),false,{02091},Commune,2026-03-24 14:41:51.447482+01,gold_establishments_2025,,,,21020089500014,2025,Collectivité Territoriale,Commune,['Aisne'],['Hauts-de-France'],COM,{02},{32}
0c140eef-eaf3-48b3-9c60-226d7af8333c,215500554,Commune de Blanzée (55),false,{55055},Commune,2026-03-24 14:42:02.957225+01,gold_establishments_2025,,,,21550055400013,2025,Collectivité Territoriale,Commune,['Meuse'],['Grand Est'],COM,{55},{44}
97ed2bc5-fd3e-45fb-8cf8-51ecd5575b88,216000760,Commune de Blargies (60),false,{60076},Commune,2026-03-24 14:42:04.814328+01,gold_establishments_2025,,,,21600076000019,2025,Collectivité Territoriale,Commune,['Oise'],['Hauts-de-France'],COM,{60},{32}
5643b922-3271-40d2-b842-1b1420fbaacd,212500656,Commune de Blarians (25),false,{25065},Commune,2026-03-24 14:41:55.958138+01,gold_establishments_2025,,,,21250065600013,2025,Collectivité Territoriale,Commune,['Doubs'],['Bourgogne-Franche-Comté'],COM,{25},{27}
f0fc3845-ab14-4971-ac98-34bf6bb3e40a,215900846,Commune de Blaringhem (59),false,{59084},Commune,2026-03-24 14:42:04.280096+01,gold_establishments_2025,,,,21590084600019,2025,Collectivité Territoriale,Commune,['Nord'],['Hauts-de-France'],COM,{59},{32}
28e8407c-6199-40f1-b17e-7fcdcf4f2ad7,214600314,Commune de Blars (46),false,{46031},Commune,2026-03-24 14:42:00.862623+01,gold_establishments_2025,,,,21460031400014,2025,Collectivité Territoriale,Commune,['Lot'],['Occitanie'],COM,{46},{76}
963efa92-da0f-4773-99db-c63632f2fe03,217800689,Commune de Blaru (78),false,{78068},Commune,2026-03-24 14:42:09.43682+01,gold_establishments_2025,,,,21780068900010,2025,Collectivité Territoriale,Commune,['Yvelines'],['Île-de-France'],COM,{78},{11}
d082582a-df78-4160-b6c6-3f1cc9dbd2de,213300577,Commune de Blasimon (33),false,{33057},Commune,2026-03-24 14:41:58.09424+01,gold_establishments_2025,,,,21330057700011,2025,Collectivité Territoriale,Commune,['Gironde'],['Nouvelle-Aquitaine'],COM,{33},{75}
ea0dcd7a-20b8-430f-b375-58510a22141d,214300311,Commune de Blassac (43),false,{43031},Commune,2026-03-24 14:42:00.273698+01,gold_establishments_2025,,,,21430031100013,2025,Collectivité Territoriale,Commune,['Haute-Loire'],['Auvergne-Rhône-Alpes'],COM,{43},{84}
3bfd8978-f0c4-4383-ac82-d6e265428949,212302301,Commune de Blaudeix (nan),false,{23023},Commune,2026-03-24 14:41:55.958138+01,gold_establishments_2025,,,,21230230100016,2025,Collectivité Territoriale,Commune,[''],[''],COM,,
d4e6fc23-6af3-4fb7-8142-69b2850d1b4f,210600193,Commune de Blausasc (06),false,{06019},Commune,2026-03-24 14:41:52.562531+01,gold_establishments_2025,,,,21060019300010,2025,Collectivité Territoriale,Commune,['Alpes-Maritimes'],"[""Provence-Alpes-Côte d'Azur""]",COM,{06},{93}
4ef61614-04f7-4aa2-96ab-657f6d2f083c,218400182,Commune de Blauvac (84),false,{84018},Commune,2026-03-24 14:42:10.508772+01,gold_establishments_2025,,,,21840018200018,2025,Collectivité Territoriale,Commune,['Vaucluse'],"[""Provence-Alpes-Côte d'Azur""]",COM,{84},{93}
d88d9721-93e8-4bfa-8100-7a8d0ce93b98,213000417,Commune de Blauzac (30),false,{30041},Commune,2026-03-24 14:41:57.56054+01,gold_establishments_2025,,,,21300041700013,2025,Collectivité Territoriale,Commune,['Gard'],['Occitanie'],COM,{30},{76}
027a8c21-9556-4113-b17e-aa81727c75c9,214800260,Commune de Blavignac (48),false,{48026},Commune,2026-03-24 14:42:01.412377+01,gold_establishments_2025,,,,21480026000017,2025,Collectivité Territoriale,Commune,['Lozère'],['Occitanie'],COM,{48},{76}
d99d20f0-a830-4b07-866e-f7c80183baa8,214300329,Commune de Blavozy (43),false,{43032},Commune,2026-03-24 14:42:00.273698+01,gold_establishments_2025,,,,21430032900015,2025,Collectivité Territoriale,Commune,['Haute-Loire'],['Auvergne-Rhône-Alpes'],COM,{43},{84}
71da8242-21e6-40e8-ac84-bac5510894b3,211400783,Commune de Blay (14),false,{14078},Commune,2026-03-24 14:41:53.63825+01,gold_establishments_2025,,,,21140078300018,2025,Collectivité Territoriale,Commune,['Calvados'],['Normandie'],COM,{14},{28}
877d0695-52dc-4303-a44b-07d9a0d2ec5e,213300585,Commune de Blaye (33),false,{33058},Commune,2026-03-24 14:41:58.09424+01,gold_establishments_2025,,,,21330058500014,2025,Collectivité Territoriale,Commune,['Gironde'],['Nouvelle-Aquitaine'],COM,{33},{75}
8d2220b8-ebc0-484f-8197-51d45cd898cc,218100337,Commune de Blaye-les-Mines (81),false,{81033},Commune,2026-03-24 14:42:09.967209+01,gold_establishments_2025,,,,21810033700011,2025,Collectivité Territoriale,Commune,['Tarn'],['Occitanie'],COM,{81},{76}
f105fc34-a79b-4268-bdba-3fadbe926d6a,214700304,Commune de Blaymont (47),false,{47030},Commune,2026-03-24 14:42:00.862623+01,gold_establishments_2025,,,,21470030400014,2025,Collectivité Territoriale,Commune,['Lot-et-Garonne'],['Nouvelle-Aquitaine'],COM,{47},{75}
f6c3ace8-8adc-406a-bc77-47519d9eaaa9,213200579,Commune de Blaziert (32),false,{32057},Commune,2026-03-24 14:41:58.09424+01,gold_establishments_2025,,,,21320057900018,2025,Collectivité Territoriale,Commune,['Gers'],['Occitanie'],COM,{32},{76}
7f977f2d-0d14-48db-ac4d-9330db852ce5,218900454,Commune de Bleigny-le-Carreau (89),false,{89045},Commune,2026-03-24 14:42:11.118516+01,gold_establishments_2025,,,,21890045400016,2025,Collectivité Territoriale,Commune,['Yonne'],['Bourgogne-Franche-Comté'],COM,{89},{27}
f8e81111-70a5-4092-8fd8-2e614a7ca68a,216201392,Commune de Blendecques (62),false,{62139},Commune,2026-03-24 14:42:05.597325+01,gold_establishments_2025,,,,21620139200075,2025,Collectivité Territoriale,Commune,['Pas-de-Calais'],['Hauts-de-France'],COM,{62},{32}
30b5f480-02e1-47b3-bca4-ab6eea113240,217700350,Commune de Blennes (77),false,{77035},Commune,2026-03-24 14:42:08.818969+01,gold_establishments_2025,,,,21770035000010,2025,Collectivité Territoriale,Commune,['Seine-et-Marne'],['Île-de-France'],COM,{77},{11}
80e2632c-deef-45da-8697-c5927ef08877,214300337,Commune de Blesle (43),false,{43033},Commune,2026-03-24 14:42:00.273698+01,gold_establishments_2025,,,,21430033700018,2025,Collectivité Territoriale,Commune,['Haute-Loire'],['Auvergne-Rhône-Alpes'],COM,{43},{84}
94515415-8993-4d41-93fe-6b4ff902832d,215100629,Commune de Blesme (51),false,{51068},Commune,2026-03-24 14:42:01.412377+01,gold_establishments_2025,,,,21510062900017,2025,Collectivité Territoriale,Commune,['Marne'],['Grand Est'],COM,{51},{44}
a2df715f-04d5-4eb5-ae9a-d4b98be67cf8,210200911,Commune de Blesmes (02),false,{02094},Commune,2026-03-24 14:41:51.447482+01,gold_establishments_2025,,,,21020091100019,2025,Collectivité Territoriale,Commune,['Aisne'],['Hauts-de-France'],COM,{02},{32}
f3f908cf-edca-4643-b67e-92169440d282,212302400,Commune de Blessac (23),false,{23024},Commune,2026-03-24 14:41:55.958138+01,gold_establishments_2025,,,,21230240000016,2025,Collectivité Territoriale,Commune,['Creuse'],['Nouvelle-Aquitaine'],COM,{23},{75}
21b94c76-59da-4459-b91b-74b542a8f411,215200379,Commune de Blessonville (52),false,{52056},Commune,2026-03-24 14:42:01.954481+01,gold_establishments_2025,,,,21520037900018,2025,Collectivité Territoriale,Commune,['Haute-Marne'],['Grand Est'],COM,{52},{44}
f6b305f1-52f7-4611-aaf6-86217ff27306,216201418,Commune de Blessy (62),false,{62141},Commune,2026-03-24 14:42:05.597325+01,gold_establishments_2025,,,,21620141800011,2025,Collectivité Territoriale,Commune,['Pas-de-Calais'],['Hauts-de-France'],COM,{62},{32}
4a52f34d-e766-4581-bae3-8374eff70ad6,211800313,Commune de Blet (18),false,{18031},Commune,2026-03-24 14:41:54.903238+01,gold_establishments_2025,,,,21180031300010,2025,Collectivité Territoriale,Commune,['Cher'],['Centre-Val de Loire'],COM,{18},{24}
64c4844e-3925-459d-aa60-47bc0c9eaf88,213900566,Commune de Bletterans (39),false,{39056},Commune,2026-03-24 14:41:59.705606+01,gold_establishments_2025,,,,21390056600018,2025,Collectivité Territoriale,Commune,['Jura'],['Bourgogne-Franche-Comté'],COM,{39},{27}
189d1130-a6db-4803-a0ae-2fd0dc0a9e3d,218800613,Commune de Bleurville (88),false,{88061},Commune,2026-03-24 14:42:11.118516+01,gold_establishments_2025,,,,21880061300075,2025,Collectivité Territoriale,Commune,['Vosges'],['Grand Est'],COM,{88},{44}
e0eb8d87-238f-4b76-a1bd-641683788c4b,218800621,Commune de Blevaincourt (88),false,{88062},Commune,2026-03-24 14:42:11.118516+01,gold_establishments_2025,,,,21880062100011,2025,Collectivité Territoriale,Commune,['Vosges'],['Grand Est'],COM,{88},{44}
7c464db8-dba3-40a7-b120-070f284d7482,216000778,Commune de Blicourt (60),false,{60077},Commune,2026-03-24 14:42:04.814328+01,gold_establishments_2025,,,,21600077800011,2025,Collectivité Territoriale,Commune,['Oise'],['Hauts-de-France'],COM,{60},{32}
154a5223-0e96-41e8-8cf4-a36d15e427bf,216700518,Commune de Blienschwiller (67),false,{67051},Commune,2026-03-24 14:42:06.665412+01,gold_establishments_2025,,,,21670051800014,2025,Collectivité Territoriale,Commune,['Bas-Rhin'],['Grand Est'],COM,{67},{44}
17245ccd-dba7-42ed-893f-0ca8a64de90d,215700931,Commune de Blies-Guersviller (57),false,{57093},Commune,2026-03-24 14:42:03.701372+01,gold_establishments_2025,,,,21570093100011,2025,Collectivité Territoriale,Commune,['Moselle'],['Grand Est'],COM,{57},{44}
ea026723-2cc3-4102-886c-71ead202a144,215700923,Commune de Blies-Ébersing (57),false,{57092},Commune,2026-03-24 14:42:03.701372+01,gold_establishments_2025,,,,21570092300018,2025,Collectivité Territoriale,Commune,['Moselle'],['Grand Est'],COM,{57},{44}
3cd138ab-ecd4-4de4-946c-6742abf20452,215700915,Commune de Bliesbruck (57),false,{57091},Commune,2026-03-24 14:42:03.701372+01,gold_establishments_2025,,,,21570091500014,2025,Collectivité Territoriale,Commune,['Moselle'],['Grand Est'],COM,{57},{44}
e9450493-aa35-4dad-b542-8043d7cf227d,210400305,Commune de Blieux (04),false,{04030},Commune,2026-03-24 14:41:52.020251+01,gold_establishments_2025,,,,21040030500012,2025,Collectivité Territoriale,Commune,['Alpes-de-Haute-Provence'],"[""Provence-Alpes-Côte d'Azur""]",COM,{04},{93}
177f334c-f5fe-4843-a57d-d72314c6f782,211000427,Commune de Blignicourt (10),false,{10047},Commune,2026-03-24 14:41:53.095366+01,gold_establishments_2025,,,,21100042700016,2025,Collectivité Territoriale,Commune,['Aube'],['Grand Est'],COM,{10},{44}
e651f1ef-b5a0-4d28-8cbc-4d8ca267c7eb,211000435,Commune de Bligny (10),false,{10048},Commune,2026-03-24 14:41:53.095366+01,gold_establishments_2025,,,,21100043500019,2025,Collectivité Territoriale,Commune,['Aube'],['Grand Est'],COM,{10},{44}
3dc1edd1-a669-43af-9fac-d7f7e5cf8ea7,215100637,Commune de Bligny (51),false,{51069},Commune,2026-03-24 14:42:01.412377+01,gold_establishments_2025,,,,21510063700010,2025,Collectivité Territoriale,Commune,['Marne'],['Grand Est'],COM,{51},{44}
01e6ccea-52e2-4bcf-952e-2929b16d33c3,212100853,Commune de Bligny-le-Sec (21),false,{21085},Commune,2026-03-24 14:41:55.433389+01,gold_establishments_2025,,,,21210085300010,2025,Collectivité Territoriale,Commune,"[""Côte-d'Or""]",['Bourgogne-Franche-Comté'],COM,{21},{27}
45b460be-60cb-463b-83ef-c543d2db751c,212100861,Commune de Bligny-lès-Beaune (21),false,{21086},Commune,2026-03-24 14:41:55.433389+01,gold_establishments_2025,,,,21210086100013,2025,Collectivité Territoriale,Commune,"[""Côte-d'Or""]",['Bourgogne-Franche-Comté'],COM,{21},{27}
fa324bd8-e89b-4783-bb5b-2855b8ab286e,212100879,Commune de Bligny-sur-Ouche (21),false,{21087},Commune,2026-03-24 14:41:55.433389+01,gold_establishments_2025,,,,21210087900015,2025,Collectivité Territoriale,Commune,"[""Côte-d'Or""]",['Bourgogne-Franche-Comté'],COM,{21},{27}
7b3bf9e9-a685-4f89-b6fc-112fd0f3fb58,216000786,Commune de Blincourt (60),false,{60078},Commune,2026-03-24 14:42:04.814328+01,gold_establishments_2025,,,,21600078600014,2025,Collectivité Territoriale,Commune,['Oise'],['Hauts-de-France'],COM,{60},{32}
76334ed4-276d-4c1f-8eae-a448a398fc94,216201426,Commune de Blingel (62),false,{62142},Commune,2026-03-24 14:42:05.597325+01,gold_establishments_2025,,,,21620142600014,2025,Collectivité Territoriale,Commune,['Pas-de-Calais'],['Hauts-de-France'],COM,{62},{32}
91059608-2e6e-4dd8-a567-31d3e22ddabc,215800343,Commune de Blismes (58),false,{58034},Commune,2026-03-24 14:42:04.280096+01,gold_establishments_2025,,,,21580034300018,2025,Collectivité Territoriale,Commune,['Nièvre'],['Bourgogne-Franche-Comté'],COM,{58},{27}
fb2d67ce-b53a-49fe-8e6e-7de14cff2869,216800417,Commune de Blodelsheim (68),false,{68041},Commune,2026-03-24 14:42:07.195692+01,gold_establishments_2025,,,,21680041700018,2025,Collectivité Territoriale,Commune,['Haut-Rhin'],['Grand Est'],COM,{68},{44}
ce0a2d36-cfac-46ef-bec6-2656396018f4,214100182,Commune de Blois (41),false,{41018},Commune,2026-03-24 14:41:59.705606+01,gold_establishments_2025,,,,21410018200010,2025,Collectivité Territoriale,Commune,['Loir-et-Cher'],['Centre-Val de Loire'],COM,{41},{24}
e3312493-8ae8-4158-bb8f-f8ab6f4afdb6,213900574,Commune de Blois-sur-Seille (39),false,{39057},Commune,2026-03-24 14:41:59.705606+01,gold_establishments_2025,,,,21390057400012,2025,Collectivité Territoriale,Commune,['Jura'],['Bourgogne-Franche-Comté'],COM,{39},{27}
50accf51-e1cb-4909-acc7-b4828e8da2bd,211100425,Commune de Blomac (11),false,{11042},Commune,2026-03-24 14:41:53.63825+01,gold_establishments_2025,,,,21110042500019,2025,Collectivité Territoriale,Commune,['Aude'],['Occitanie'],COM,{11},{76}
3108ab64-5f83-4364-8914-4bdb43011a6b,210300323,Commune de Blomard (03),false,{03032},Commune,2026-03-24 14:41:52.020251+01,gold_establishments_2025,,,,21030032300016,2025,Collectivité Territoriale,Commune,['Allier'],['Auvergne-Rhône-Alpes'],COM,{03},{84}
2ef4fdfd-9a58-4abc-bee0-b5f172fea538,210800645,Commune de Blombay (08),false,{08071},Commune,2026-03-24 14:41:52.562531+01,gold_establishments_2025,,,,21080064500017,2025,Collectivité Territoriale,Commune,['Ardennes'],['Grand Est'],COM,{08},{44}
93950478-b25b-419a-a4e5-d9d263343fd7,218701803,Commune de Blond (87),false,{87018},Commune,2026-03-24 14:42:11.118516+01,gold_establishments_2025,,,,21870180300015,2025,Collectivité Territoriale,Commune,['Haute-Vienne'],['Nouvelle-Aquitaine'],COM,{87},{75}
19c3ea9c-cad7-46db-9819-b66a7228dc3d,217000744,Commune de Blondefontaine (70),false,{70074},Commune,2026-03-24 14:42:07.735343+01,gold_establishments_2025,,,,21700074400011,2025,Collectivité Territoriale,Commune,['Haute-Saône'],['Bourgogne-Franche-Comté'],COM,{70},{27}
cf32ba42-40f5-41b0-a0e5-bf7c577ff658,211400791,Commune de Blonville-sur-Mer (14),false,{14079},Commune,2026-03-24 14:41:53.63825+01,gold_establishments_2025,,,,21140079100011,2025,Collectivité Territoriale,Commune,['Calvados'],['Normandie'],COM,{14},{28}
9836641b-6dac-4d55-b151-22ba4f15a314,217601046,Commune de Blosseville (76),false,{76104},Commune,2026-03-24 14:42:08.818969+01,gold_establishments_2025,,,,21760104600014,2025,Collectivité Territoriale,Commune,['Seine-Maritime'],['Normandie'],COM,{76},{28}
ed86d1ce-39f3-43fa-897a-22cf9a45122e,215000597,Commune de Blosville (50),false,{50059},Commune,2026-03-24 14:42:01.412377+01,gold_establishments_2025,,,,21500059700017,2025,Collectivité Territoriale,Commune,['Manche'],['Normandie'],COM,{50},{28}
990d81e9-6e76-4a07-a135-a6e46c5bd7e4,216300434,Commune de Blot-l'Église (63),false,{63043},Commune,2026-03-24 14:42:06.130387+01,gold_establishments_2025,,,,21630043400018,2025,Collectivité Territoriale,Commune,['Puy-de-Dôme'],['Auvergne-Rhône-Alpes'],COM,{63},{84}
1795e422-50e0-480d-81b3-52e51146b1c0,216800425,Commune de Blotzheim (68),false,{68042},Commune,2026-03-24 14:42:07.195692+01,gold_establishments_2025,,,,21680042500086,2025,Collectivité Territoriale,Commune,['Haut-Rhin'],['Grand Est'],COM,{68},{44}
9308a65c-780b-4fb1-adb2-99342014c87d,214900300,Commune de Blou (49),false,{49030},Commune,2026-03-24 14:42:01.412377+01,gold_establishments_2025,,,,21490030000010,2025,Collectivité Territoriale,Commune,['Maine-et-Loire'],['Pays de la Loire'],COM,{49},{52}
d7064eab-f79e-41ae-972a-24919bc69c15,213200587,Commune de Blousson-Sérian (32),false,{32058},Commune,2026-03-24 14:41:58.09424+01,gold_establishments_2025,,,,21320058700011,2025,Collectivité Territoriale,Commune,['Gers'],['Occitanie'],COM,{32},{76}
db2abeb9-f68e-424b-bcf4-9f2a0cde3ffd,217400357,Commune de Bloye (74),false,{74035},Commune,2026-03-24 14:42:08.279287+01,gold_establishments_2025,,,,21740035700018,2025,Collectivité Territoriale,Commune,['Haute-Savoie'],['Auvergne-Rhône-Alpes'],COM,{74},{84}
c4adff4b-424c-4d6a-a933-912763c64210,217400365,Commune de Bluffy (74),false,{74036},Commune,2026-03-24 14:42:08.279287+01,gold_establishments_2025,,,,21740036500011,2025,Collectivité Territoriale,Commune,['Haute-Savoie'],['Auvergne-Rhône-Alpes'],COM,{74},{84}
0680dab4-7fc1-42df-ab73-a433dbc42000,215200387,Commune de Blumeray (52),false,{52057},Commune,2026-03-24 14:42:01.954481+01,gold_establishments_2025,,,,21520038700011,2025,Collectivité Territoriale,Commune,['Haute-Marne'],['Grand Est'],COM,{52},{44}
e1d3a3fc-09a1-4cbb-ae71-b29394756bb9,212500664,Commune de Blussangeaux (25),false,{25066},Commune,2026-03-24 14:41:55.958138+01,gold_establishments_2025,,,,21250066400017,2025,Collectivité Territoriale,Commune,['Doubs'],['Bourgogne-Franche-Comté'],COM,{25},{27}
0d984d3b-6ad5-4c85-a72d-2ba7f9d9cfa8,212500672,Commune de Blussans (25),false,{25067},Commune,2026-03-24 14:41:55.958138+01,gold_establishments_2025,,,,21250067200010,2025,Collectivité Territoriale,Commune,['Doubs'],['Bourgogne-Franche-Comté'],COM,{25},{27}
3183f37b-02ac-473e-b969-ed2a1f6518ce,213900582,Commune de Blye (39),false,{39058},Commune,2026-03-24 14:41:59.705606+01,gold_establishments_2025,,,,21390058200015,2025,Collectivité Territoriale,Commune,['Jura'],['Bourgogne-Franche-Comté'],COM,{39},{27}
1d74f0cd-7037-4a59-bcd2-97a92ae7b03f,210100475,Commune de Blyes (01),false,{01047},Commune,2026-03-24 14:41:51.447482+01,gold_establishments_2025,,,,21010047500016,2025,Collectivité Territoriale,Commune,['Ain'],['Auvergne-Rhône-Alpes'],COM,{01},{84}
2e80cd3b-5acc-4124-8ed9-853687cab38d,215400771,Commune de Blâmont (54),false,{54077},Commune,2026-03-24 14:42:02.957225+01,gold_establishments_2025,,,,21540077100139,2025,Collectivité Territoriale,Commune,['Meurthe-et-Moselle'],['Grand Est'],COM,{54},{44}
6d77a93e-540a-43a2-b77c-1f79c2d13084,217200377,Commune de Blèves (72),false,{72037},Commune,2026-03-24 14:42:08.279287+01,gold_establishments_2025,,,,21720037700018,2025,Collectivité Territoriale,Commune,['Sarthe'],['Pays de la Loire'],COM,{72},{52}
1396beb6-6f2b-4f89-a34f-ed1a60606445,215200361,Commune de Blécourt (52),false,{52055},Commune,2026-03-24 14:42:01.954481+01,gold_establishments_2025,,,,21520036100016,2025,Collectivité Territoriale,Commune,['Haute-Marne'],['Grand Est'],COM,{52},{44}
f564903b-4858-466d-a268-6927eb6fe57b,215900853,Commune de Blécourt (59),false,{59085},Commune,2026-03-24 14:42:04.280096+01,gold_establishments_2025,,,,21590085300015,2025,Collectivité Territoriale,Commune,['Nord'],['Hauts-de-France'],COM,{59},{32}
5025edbf-45e4-4984-a218-e250a0a2a5fc,215400789,Commune de Blémerey (54),false,{54078},Commune,2026-03-24 14:42:02.957225+01,gold_establishments_2025,,,,21540078900016,2025,Collectivité Territoriale,Commune,['Meurthe-et-Moselle'],['Grand Est'],COM,{54},{44}
d902164d-8bec-4564-9870-73b3f2262e6c,218800605,Commune de Blémerey (88),false,{88060},Commune,2026-03-24 14:42:11.118516+01,gold_establishments_2025,,,,21880060500014,2025,Collectivité Territoriale,Commune,['Vosges'],['Grand Est'],COM,{88},{44}
5513a12f-f579-4fbf-9bee-4aaeb0ac0e49,218900462,Commune de Bléneau (89),false,{89046},Commune,2026-03-24 14:42:11.118516+01,gold_establishments_2025,,,,21890046200019,2025,Collectivité Territoriale,Commune,['Yonne'],['Bourgogne-Franche-Comté'],COM,{89},{27}
aa153cf0-b519-468c-9cc4-7de8a9f7239c,215400797,Commune de Blénod-lès-Pont-à-Mousson (54),false,{54079},Commune,2026-03-24 14:42:02.957225+01,gold_establishments_2025,,,,21540079700019,2025,Collectivité Territoriale,Commune,['Meurthe-et-Moselle'],['Grand Est'],COM,{54},{44}
d247781c-84d4-4d6b-8232-c3114ef47066,215400805,Commune de Blénod-lès-Toul (54),false,{54080},Commune,2026-03-24 14:42:02.957225+01,gold_establishments_2025,,,,21540080500044,2025,Collectivité Territoriale,Commune,['Meurthe-et-Moselle'],['Grand Est'],COM,{54},{44}
77ad9c79-2681-4281-8bdb-07e3c0c7b3c2,216201400,Commune de Bléquin (62),false,{62140},Commune,2026-03-24 14:42:05.597325+01,gold_establishments_2025,,,,21620140000019,2025,Collectivité Territoriale,Commune,['Pas-de-Calais'],['Hauts-de-France'],COM,{62},{32}
ed76ee2b-c817-463e-a35a-e5563416ecc4,210200903,Commune de Blérancourt (02),false,{02093},Commune,2026-03-24 14:41:51.447482+01,gold_establishments_2025,,,,21020090300016,2025,Collectivité Territoriale,Commune,['Aisne'],['Hauts-de-France'],COM,{02},{32}
06cb2a63-f85e-444d-a289-31e0c636ab04,213500267,Commune de Bléruais (35),false,{35026},Commune,2026-03-24 14:41:58.620411+01,gold_establishments_2025,,,,21350026700017,2025,Collectivité Territoriale,Commune,['Ille-et-Vilaine'],['Bretagne'],COM,{35},{53}
23eb1d17-22c5-4548-b124-f17a834b1f5b,213700271,Commune de Bléré (37),false,{37027},Commune,2026-03-24 14:41:59.160244+01,gold_establishments_2025,,,,21370027100017,2025,Collectivité Territoriale,Commune,['Indre-et-Loire'],['Centre-Val de Loire'],COM,{37},{24}
d1507e08-6457-4b58-8ea2-e24b18a72c91,213300593,Commune de Blésignac (33),false,{33059},Commune,2026-03-24 14:41:58.09424+01,gold_establishments_2025,,,,21330059300018,2025,Collectivité Territoriale,Commune,['Gironde'],['Nouvelle-Aquitaine'],COM,{33},{75}
c23a16f7-ad78-4e85-8d83-5385e7d3b5a6,219300084,Commune de Bobigny (93),false,{93008},Commune,2026-03-24 14:42:11.659493+01,gold_establishments_2025,,,,21930008400015,2025,Collectivité Territoriale,Commune,['Seine-Saint-Denis'],['Île-de-France'],COM,{93},{11}
eafbba43-f93a-4c8f-9440-3f99875e15a0,212200083,Commune de Bobital (22),false,{22008},Commune,2026-03-24 14:41:55.433389+01,gold_establishments_2025,,,,21220008300013,2025,Collectivité Territoriale,Commune,"[""Côtes-d'Armor""]",['Bretagne'],COM,{22},{53}
820019fb-ef92-4d3a-83de-dfe265f9592f,212000400,Commune de Bocognano (2A),false,{2A040},Commune,2026-03-24 14:41:57.56054+01,gold_establishments_2025,,,,21200040000011,2025,Collectivité Territoriale,Commune,['Corse-du-Sud'],['Corse'],COM,{2A},{94}
e499a4e3-4c91-4005-b734-974a7cf5ffc6,218800639,Commune de Bocquegney (88),false,{88063},Commune,2026-03-24 14:42:11.118516+01,gold_establishments_2025,,,,21880063900013,2025,Collectivité Territoriale,Commune,['Vosges'],['Grand Est'],COM,{88},{44}
649aa073-e991-456b-a747-39f20482bc22,212900104,Commune de Bodilis (29),false,{29010},Commune,2026-03-24 14:41:57.028721+01,gold_establishments_2025,,,,21290010400010,2025,Collectivité Territoriale,Commune,['Finistère'],['Bretagne'],COM,{29},{53}
c6a73ce4-9d2e-479e-a52f-54e45c83c2fc,216401331,Commune de Boeil-Bezing (64),false,{64133},Commune,2026-03-24 14:42:06.130387+01,gold_establishments_2025,,,,21640133100014,2025,Collectivité Territoriale,Commune,['Pyrénées-Atlantiques'],['Nouvelle-Aquitaine'],COM,{64},{75}
e5cf097c-907f-411b-821e-f3a3cf8dce71,215900861,Commune de Boeschepe (59),false,{59086},Commune,2026-03-24 14:42:04.280096+01,gold_establishments_2025,,,,21590086100018,2025,Collectivité Territoriale,Commune,['Nord'],['Hauts-de-France'],COM,{59},{32}
4b5ccf8b-515c-42f6-9c77-0bee9ab9aa41,216201434,Commune de Boffles (62),false,{62143},Commune,2026-03-24 14:42:05.597325+01,gold_establishments_2025,,,,21620143400018,2025,Collectivité Territoriale,Commune,['Pas-de-Calais'],['Hauts-de-France'],COM,{62},{32}
67652ef0-74ef-4011-8af9-58610a4bf680,210700357,Commune de Boffres (07),false,{07035},Commune,2026-03-24 14:41:52.562531+01,gold_establishments_2025,,,,21070035700010,2025,Collectivité Territoriale,Commune,['Ardèche'],['Auvergne-Rhône-Alpes'],COM,{07},{84}
d9ace07b-7d2e-4147-bc75-5eeff49ed3cd,210800652,Commune de Bogny-sur-Meuse (08),false,{08081},Commune,2026-03-24 14:41:52.562531+01,gold_establishments_2025,,,,21080065200153,2025,Collectivité Territoriale,Commune,['Ardennes'],['Grand Est'],COM,{08},{44}
1b902de1-a2bd-4c1a-96f3-d457e8537227,210700365,Commune de Bogy (07),false,{07036},Commune,2026-03-24 14:41:52.562531+01,gold_establishments_2025,,,,21070036500013,2025,Collectivité Territoriale,Commune,['Ardèche'],['Auvergne-Rhône-Alpes'],COM,{07},{84}
6ca1e385-75c6-49d0-b21c-4d21d00eaa79,217400381,Commune de Bogève (74),false,{74038},Commune,2026-03-24 14:42:08.279287+01,gold_establishments_2025,,,,21740038100018,2025,Collectivité Territoriale,Commune,['Haute-Savoie'],['Auvergne-Rhône-Alpes'],COM,{74},{84}
b5e567c9-9149-42c4-9346-6dd0cee36ec8,210200929,Commune de Bohain-en-Vermandois (02),false,{02095},Commune,2026-03-24 14:41:51.447482+01,gold_establishments_2025,,,,21020092900011,2025,Collectivité Territoriale,Commune,['Aisne'],['Hauts-de-France'],COM,{02},{32}
3035fdee-ec6e-48d8-affb-f1b354ec7858,215600206,Commune de Bohal (56),false,{56020},Commune,2026-03-24 14:42:03.701372+01,gold_establishments_2025,,,,21560020600019,2025,Collectivité Territoriale,Commune,['Morbihan'],['Bretagne'],COM,{56},{53}
f28b51e8-3f23-4c46-8e99-964eaa7d25e4,212900112,Commune de Bohars (29),false,{29011},Commune,2026-03-24 14:41:57.028721+01,gold_establishments_2025,,,,21290011200013,2025,Collectivité Territoriale,Commune,['Finistère'],['Bretagne'],COM,{29},{53}
8d17734d-134c-4b83-aeb3-d8f5e9f4c211,210102455,Commune de Bohas-Meyriat-Rignat (01),false,{01245},Commune,2026-03-24 14:41:51.447482+01,gold_establishments_2025,,,,21010245500016,2025,Collectivité Territoriale,Commune,['Ain'],['Auvergne-Rhône-Alpes'],COM,{01},{84}
408ea1c8-abe9-4965-8355-b87798e99e3c,219100690,Commune de Boigneville (91),false,{91069},Commune,2026-03-24 14:42:11.659493+01,gold_establishments_2025,,,,21910069000011,2025,Collectivité Territoriale,Commune,['Essonne'],['Île-de-France'],COM,{91},{11}
23b45b35-68c8-4eb8-aa60-65726afeb201,214500340,Commune de Boigny-sur-Bionne (45),false,{45034},Commune,2026-03-24 14:42:00.862623+01,gold_establishments_2025,,,,21450034000010,2025,Collectivité Territoriale,Commune,['Loiret'],['Centre-Val de Loire'],COM,{45},{24}
ddcaf674-fc91-4bbb-bd9f-70bf8f5d906a,217800705,Commune de Boinville-en-Mantois (78),false,{78070},Commune,2026-03-24 14:42:09.43682+01,gold_establishments_2025,,,,21780070500014,2025,Collectivité Territoriale,Commune,['Yvelines'],['Île-de-France'],COM,{78},{11}
bf393141-de78-49f7-b7de-9e74ca19e693,215500570,Commune de Boinville-en-Woëvre (55),false,{55057},Commune,2026-03-24 14:42:02.957225+01,gold_establishments_2025,,,,21550057000019,2025,Collectivité Territoriale,Commune,['Meuse'],['Grand Est'],COM,{55},{44}
b58491c1-2f86-42d1-83c7-ae1d00ea878f,217800713,Commune de Boinville-le-Gaillard (78),false,{78071},Commune,2026-03-24 14:42:09.43682+01,gold_establishments_2025,,,,21780071300018,2025,Collectivité Territoriale,Commune,['Yvelines'],['Île-de-France'],COM,{78},{11}
c5fbe95c-6728-4c0f-aaf4-e9062f304903,217800721,Commune de Boinvilliers (78),false,{78072},Commune,2026-03-24 14:42:09.43682+01,gold_establishments_2025,,,,21780072100011,2025,Collectivité Territoriale,Commune,['Yvelines'],['Île-de-France'],COM,{78},{11}
64575ce0-3771-4aae-8077-169ff81b4b56,216201442,Commune de Boiry-Becquerelle (62),false,{62144},Commune,2026-03-24 14:42:05.597325+01,gold_establishments_2025,,,,21620144200011,2025,Collectivité Territoriale,Commune,['Pas-de-Calais'],['Hauts-de-France'],COM,{62},{32}
9b36996e-6a95-4732-8c09-05179cb894d6,216201459,Commune de Boiry-Notre-Dame (62),false,{62145},Commune,2026-03-24 14:42:05.597325+01,gold_establishments_2025,,,,21620145900015,2025,Collectivité Territoriale,Commune,['Pas-de-Calais'],['Hauts-de-France'],COM,{62},{32}
df03ebb0-4ab6-444f-ae58-7a80a789b178,216201467,Commune de Boiry-Saint-Martin (62),false,{62146},Commune,2026-03-24 14:42:05.597325+01,gold_establishments_2025,,,,21620146700018,2025,Collectivité Territoriale,Commune,['Pas-de-Calais'],['Hauts-de-France'],COM,{62},{32}
6e53b0ce-c2fd-448d-993e-6903a8779c1c,216201475,Commune de Boiry-Sainte-Rictrude (62),false,{62147},Commune,2026-03-24 14:42:05.597325+01,gold_establishments_2025,,,,21620147500011,2025,Collectivité Territoriale,Commune,['Pas-de-Calais'],['Hauts-de-France'],COM,{62},{32}
56209ee0-4113-4019-b094-64820b82be8d,211700505,Commune de Bois (17),false,{17050},Commune,2026-03-24 14:41:54.903238+01,gold_establishments_2025,,,,21170050500012,2025,Collectivité Territoriale,Commune,['Charente-Maritime'],['Nouvelle-Aquitaine'],COM,{17},{75}
ea098eda-fa8b-44bd-a49d-498cb68abcd0,212700686,Commune de Bois-Anzeray (27),false,{27068},Commune,2026-03-24 14:41:56.495197+01,gold_establishments_2025,,,,21270068600018,2025,Collectivité Territoriale,Commune,['Eure'],['Normandie'],COM,{27},{28}
4edc26bd-2b13-49b8-8d8e-4ca8324ed667,212700694,Commune de Bois-Arnault (27),false,{27069},Commune,2026-03-24 14:41:56.495197+01,gold_establishments_2025,,,,21270069400012,2025,Collectivité Territoriale,Commune,['Eure'],['Normandie'],COM,{27},{28}
7aeafdd4-8c2f-4ce4-867a-c4e891df5f99,216201483,Commune de Bois-Bernard (62),false,{62148},Commune,2026-03-24 14:42:05.597325+01,gold_establishments_2025,,,,21620148300015,2025,Collectivité Territoriale,Commune,['Pas-de-Calais'],['Hauts-de-France'],COM,{62},{32}
48d2199d-fd8e-4bd5-90b8-2650c080a09d,219200094,Commune de Bois-Colombes (92),false,{92009},Commune,2026-03-24 14:42:11.659493+01,gold_establishments_2025,,,,21920009400015,2025,Collectivité Territoriale,Commune,['Hauts-de-Seine'],['Île-de-France'],COM,{92},{11}
25d6984e-24d1-4bc5-a8ac-42f0640b8068,215900887,Commune de Bois-Grenier (59),false,{59088},Commune,2026-03-24 14:42:04.280096+01,gold_establishments_2025,,,,21590088700013,2025,Collectivité Territoriale,Commune,['Nord'],['Hauts-de-France'],COM,{59},{32}
faba4fc3-2831-4e22-996f-fa74f1915ad5,217601079,Commune de Bois-Guilbert (76),false,{76107},Commune,2026-03-24 14:42:08.818969+01,gold_establishments_2025,,,,21760107900015,2025,Collectivité Territoriale,Commune,['Seine-Maritime'],['Normandie'],COM,{76},{28}
9f789e05-06e3-4475-aae5-e89cc44c5c6e,217601087,Commune de Bois-Guillaume (76),false,{76108},Commune,2026-03-24 14:42:08.818969+01,gold_establishments_2025,,,,21760108700018,2025,Collectivité Territoriale,Commune,['Seine-Maritime'],['Normandie'],COM,{76},{28}
d083b163-126c-4727-8cf6-ea60e4cebda7,219100757,Commune de Bois-Herpin (91),false,{91075},Commune,2026-03-24 14:42:11.659493+01,gold_establishments_2025,,,,21910075700018,2025,Collectivité Territoriale,Commune,['Essonne'],['Île-de-France'],COM,{91},{11}
f17b80e1-e098-49f7-92b7-b35bef5608f4,217601103,Commune de Bois-Himont (76),false,{76110},Commune,2026-03-24 14:42:08.818969+01,gold_establishments_2025,,,,21760110300013,2025,Collectivité Territoriale,Commune,['Seine-Maritime'],['Normandie'],COM,{76},{28}
7f5696f0-6b26-42eb-85d8-d6fa2c01d54f,217601095,Commune de Bois-Héroult (76),false,{76109},Commune,2026-03-24 14:42:08.818969+01,gold_establishments_2025,,,,21760109500011,2025,Collectivité Territoriale,Commune,['Seine-Maritime'],['Normandie'],COM,{76},{28}
f67d10d7-647b-418f-aafa-af2716d7beba,212700728,Commune de Bois-Jérôme-Saint-Ouen (27),false,{27072},Commune,2026-03-24 14:41:56.495197+01,gold_establishments_2025,,,,21270072800018,2025,Collectivité Territoriale,Commune,['Eure'],['Normandie'],COM,{27},{28}
07ef8d0e-03b5-40cf-951a-a4ab4f199659,212700751,Commune de Bois-Normand-près-Lyre (27),false,{27075},Commune,2026-03-24 14:41:56.495197+01,gold_establishments_2025,,,,21270075100010,2025,Collectivité Territoriale,Commune,['Eure'],['Normandie'],COM,{27},{28}
382f0068-3071-4daa-bf23-6c2678c3f836,217100411,Commune de Bois-Sainte-Marie (71),false,{71041},Commune,2026-03-24 14:42:07.735343+01,gold_establishments_2025,,,,21710041100016,2025,Collectivité Territoriale,Commune,['Saône-et-Loire'],['Bourgogne-Franche-Comté'],COM,{71},{27}
d53e5781-48b6-4183-b1b6-80bc3b9b5834,213900590,Commune de Bois-d'Amont (39),false,{39059},Commune,2026-03-24 14:41:59.705606+01,gold_establishments_2025,,,,21390059000018,2025,Collectivité Territoriale,Commune,['Jura'],['Bourgogne-Franche-Comté'],COM,{39},{27}
bec71420-f33a-4b65-9304-ec3db2557b84,217800739,Commune de Bois-d'Arcy (78),false,{78073},Commune,2026-03-24 14:42:09.43682+01,gold_establishments_2025,,,,21780073900013,2025,Collectivité Territoriale,Commune,['Yvelines'],['Île-de-France'],COM,{78},{11}
2f393473-4e85-4bc0-aa65-7c0bca6f5c25,218900496,Commune de Bois-d'Arcy (89),false,{89049},Commune,2026-03-24 14:42:11.118516+01,gold_establishments_2025,,,,21890049600017,2025,Collectivité Territoriale,Commune,['Yonne'],['Bourgogne-Franche-Comté'],COM,{89},{27}
c6f2ac75-dcc2-426c-8eed-146aef5b665f,217601061,Commune de Bois-d'Ennebourg (76),false,{76106},Commune,2026-03-24 14:42:08.818969+01,gold_establishments_2025,,,,21760106100013,2025,Collectivité Territoriale,Commune,['Seine-Maritime'],['Normandie'],COM,{76},{28}
e069f05e-8558-4211-ac66-f3b7461cd92c,218800647,Commune de Bois-de-Champ (88),false,{88064},Commune,2026-03-24 14:42:11.118516+01,gold_establishments_2025,,,,21880064700016,2025,Collectivité Territoriale,Commune,['Vosges'],['Grand Est'],COM,{88},{44}
abf278ea-2db8-4fef-884f-61c3b7bf85d4,218500247,Commune de Bois-de-Céné (85),false,{85024},Commune,2026-03-24 14:42:10.508772+01,gold_establishments_2025,,,,21850024700018,2025,Collectivité Territoriale,Commune,['Vendée'],['Pays de la Loire'],COM,{85},{52}
0a3446d9-0edc-42f3-8c67-cfc959bed632,213900608,Commune de Bois-de-Gand (39),false,{39060},Commune,2026-03-24 14:41:59.705606+01,gold_establishments_2025,,,,21390060800018,2025,Collectivité Territoriale,Commune,['Jura'],['Bourgogne-Franche-Comté'],COM,{39},{27}
1c56c196-5c17-4654-8039-89ccaeb4cf50,200084457,Commune de Bois-de-Haye (54),false,{54557},Commune,2026-03-24 14:42:02.957225+01,gold_establishments_2025,,,,20008445700015,2025,Collectivité Territoriale,Commune,['Meurthe-et-Moselle'],['Grand Est'],COM,{54},{44}
11f74cd2-bc7b-4b2d-a449-37532658cc2f,213100712,Commune de Bois-de-la-Pierre (31),false,{31071},Commune,2026-03-24 14:41:57.56054+01,gold_establishments_2025,,,,21310071200016,2025,Collectivité Territoriale,Commune,['Haute-Garonne'],['Occitanie'],COM,{31},{76}
1d7b4795-16fe-4add-94f1-e1168ba9c06e,217601111,Commune de Bois-l'Évêque (76),false,{76111},Commune,2026-03-24 14:42:08.818969+01,gold_establishments_2025,,,,21760111100016,2025,Collectivité Territoriale,Commune,['Seine-Maritime'],['Normandie'],COM,{76},{28}
cba0bfb6-d221-4211-861c-c5c7b288daff,212700736,Commune de Bois-le-Roi (27),false,{27073},Commune,2026-03-24 14:41:56.495197+01,gold_establishments_2025,,,,21270073600011,2025,Collectivité Territoriale,Commune,['Eure'],['Normandie'],COM,{27},{28}
0b5e7b26-1990-4ac4-94c6-1f8546e64e66,217700376,Commune de Bois-le-Roi (77),false,{77037},Commune,2026-03-24 14:42:08.818969+01,gold_establishments_2025,,,,21770037600015,2025,Collectivité Territoriale,Commune,['Seine-et-Marne'],['Île-de-France'],COM,{77},{11}
78db6f4e-d3c7-4220-8f62-c762abed6e94,210200937,Commune de Bois-lès-Pargny (02),false,{02096},Commune,2026-03-24 14:41:51.447482+01,gold_establishments_2025,,,,21020093700014,2025,Collectivité Territoriale,Commune,['Aisne'],['Hauts-de-France'],COM,{02},{32}
f1d4f765-e542-4aa7-93cc-65feb25b9e4a,218001030,Commune de Boisbergues (80),false,{80108},Commune,2026-03-24 14:42:09.967209+01,gold_establishments_2025,,,,21800103000012,2025,Collectivité Territoriale,Commune,['Somme'],['Hauts-de-France'],COM,{80},{32}
d4700440-b566-41a2-9a96-11fbe318e1cc,211600481,Commune de Boisbreteau (16),false,{16048},Commune,2026-03-24 14:41:54.362296+01,gold_establishments_2025,,,,21160048100017,2025,Collectivité Territoriale,Commune,['Charente'],['Nouvelle-Aquitaine'],COM,{16},{75}
530370cd-326d-4076-88e7-45b30e5f65a0,200049757,Commune de Boischampré (61),false,{61375},Commune,2026-03-24 14:42:05.597325+01,gold_establishments_2025,,,,20004975700012,2025,Collectivité Territoriale,Commune,['Orne'],['Normandie'],COM,{61},{28}
65a194f4-bc39-4769-9fc0-03818f6d696f,214500357,Commune de Boiscommun (45),false,{45035},Commune,2026-03-24 14:42:00.862623+01,gold_establishments_2025,,,,21450035700014,2025,Collectivité Territoriale,Commune,['Loiret'],['Centre-Val de Loire'],COM,{45},{24}
eda67629-2772-466b-920c-0452bb0e0e44,216201491,Commune de Boisdinghem (62),false,{62149},Commune,2026-03-24 14:42:05.597325+01,gold_establishments_2025,,,,21620149100018,2025,Collectivité Territoriale,Commune,['Pas-de-Calais'],['Hauts-de-France'],COM,{62},{32}
23a368ee-99d6-452a-8812-e60109354b13,217700368,Commune de Boisdon (77),false,{77036},Commune,2026-03-24 14:42:08.818969+01,gold_establishments_2025,,,,21770036800012,2025,Collectivité Territoriale,Commune,['Seine-et-Marne'],['Île-de-France'],COM,{77},{11}
5cdd6326-bb90-41fc-b2ef-7ef2b8815042,219500741,Commune de Boisemont (95),false,{95074},Commune,2026-03-24 14:42:11.659493+01,gold_establishments_2025,,,,21950074100018,2025,Collectivité Territoriale,Commune,"[""Val-d'Oise""]",['Île-de-France'],COM,{95},{11}
cee4529e-db2d-4f2e-90a7-4c1649e0381f,213500275,Commune de Boisgervilly (35),false,{35027},Commune,2026-03-24 14:41:58.620411+01,gold_establishments_2025,,,,21350027500010,2025,Collectivité Territoriale,Commune,['Ille-et-Vilaine'],['Bretagne'],COM,{35},{53}
ce48ad75-d8a1-48bb-9922-dedcc496f433,216201509,Commune de Boisjean (62),false,{62150},Commune,2026-03-24 14:42:05.597325+01,gold_establishments_2025,,,,21620150900017,2025,Collectivité Territoriale,Commune,['Pas-de-Calais'],['Hauts-de-France'],COM,{62},{32}
d33dad7b-b275-4241-8b9a-43a89d8756ba,216201525,Commune de Boisleux-Saint-Marc (62),false,{62152},Commune,2026-03-24 14:42:05.597325+01,gold_establishments_2025,,,,21620152500013,2025,Collectivité Territoriale,Commune,['Pas-de-Calais'],['Hauts-de-France'],COM,{62},{32}
e01d384e-7b01-4cc0-9b7c-d270b7699ac1,216201517,Commune de Boisleux-au-Mont (62),false,{62151},Commune,2026-03-24 14:42:05.597325+01,gold_establishments_2025,,,,21620151700010,2025,Collectivité Territoriale,Commune,['Pas-de-Calais'],['Hauts-de-France'],COM,{62},{32}
79411fe7-b4e9-4614-a07f-e3f10cf29f64,215400813,Commune de Boismont (54),false,{54081},Commune,2026-03-24 14:42:02.957225+01,gold_establishments_2025,,,,21540081300014,2025,Collectivité Territoriale,Commune,['Meurthe-et-Moselle'],['Grand Est'],COM,{54},{44}
e94597f5-2cb7-4325-82ce-8ee872983ff9,218001055,Commune de Boismont (80),false,{80110},Commune,2026-03-24 14:42:09.967209+01,gold_establishments_2025,,,,21800105500019,2025,Collectivité Territoriale,Commune,['Somme'],['Hauts-de-France'],COM,{80},{32}
937fbe85-ab38-4432-abe6-9f3b9e405512,214500365,Commune de Boismorand (45),false,{45036},Commune,2026-03-24 14:42:00.862623+01,gold_establishments_2025,,,,21450036500017,2025,Collectivité Territoriale,Commune,['Loiret'],['Centre-Val de Loire'],COM,{45},{24}
f27c2557-6f8b-4c3b-b204-565c28575a32,217900380,Commune de Boismé (79),false,{79038},Commune,2026-03-24 14:42:09.43682+01,gold_establishments_2025,,,,21790038000049,2025,Collectivité Territoriale,Commune,['Deux-Sèvres'],['Nouvelle-Aquitaine'],COM,{79},{75}
22dce1b1-2a4f-4920-9479-d4a9bee29f83,212700744,Commune de Boisney (27),false,{27074},Commune,2026-03-24 14:41:56.495197+01,gold_establishments_2025,,,,21270074400015,2025,Collectivité Territoriale,Commune,['Eure'],['Normandie'],COM,{27},{28}
b377d5e2-1efe-4f9e-a470-948de2d7c3ac,200056992,Commune de Boisné-La Tude (16),false,{16082},Commune,2026-03-24 14:41:54.362296+01,gold_establishments_2025,,,,20005699200015,2025,Collectivité Territoriale,Commune,['Charente'],['Nouvelle-Aquitaine'],COM,{16},{75}
72898285-f26c-412a-818c-0f7c90d02ce8,211700521,Commune de Boisredon (17),false,{17052},Commune,2026-03-24 14:41:54.903238+01,gold_establishments_2025,,,,21170052100019,2025,Collectivité Territoriale,Commune,['Charente-Maritime'],['Nouvelle-Aquitaine'],COM,{17},{75}
1e2b255f-3ea5-4e2c-b064-fa64401ace65,217601137,Commune de Boissay (76),false,{76113},Commune,2026-03-24 14:42:08.818969+01,gold_establishments_2025,,,,21760113700011,2025,Collectivité Territoriale,Commune,['Seine-Maritime'],['Normandie'],COM,{76},{28}
5314e44b-2328-4724-b21c-1ec0106ae0b7,212400451,Commune de Boisse (24),false,{24045},Commune,2026-03-24 14:41:55.958138+01,gold_establishments_2025,,,,21240045100010,2025,Collectivité Territoriale,Commune,['Dordogne'],['Nouvelle-Aquitaine'],COM,{24},{75}
73602fac-0694-4d98-9761-31f8cdd859b9,211200282,Commune de Boisse-Penchot (12),false,{12028},Commune,2026-03-24 14:41:53.63825+01,gold_establishments_2025,,,,21120028200013,2025,Collectivité Territoriale,Commune,['Aveyron'],['Occitanie'],COM,{12},{76}
7bf422a3-05ed-4f76-bbd1-d5cd0e42a5f8,214100190,Commune de Boisseau (41),false,{41019},Commune,2026-03-24 14:41:59.705606+01,gold_establishments_2025,,,,21410019000013,2025,Collectivité Territoriale,Commune,['Loir-et-Cher'],['Centre-Val de Loire'],COM,{41},{24}
c41c5bd2-3fdb-485d-81c1-e573831c3a81,214500373,Commune de Boisseaux (45),false,{45037},Commune,2026-03-24 14:42:00.862623+01,gold_establishments_2025,,,,21450037300011,2025,Collectivité Territoriale,Commune,['Loiret'],['Centre-Val de Loire'],COM,{45},{24}
ce01e262-c28d-4559-ac7b-50fb38cea4c6,216100495,Commune de Boissei-la-Lande (61),false,{61049},Commune,2026-03-24 14:42:04.814328+01,gold_establishments_2025,,,,21610049500011,2025,Collectivité Territoriale,Commune,['Orne'],['Normandie'],COM,{61},{28}
d59beab9-8204-4e92-9446-ecd8492f8f25,213400336,Commune de Boisseron (34),false,{34033},Commune,2026-03-24 14:41:58.620411+01,gold_establishments_2025,,,,21340033600011,2025,Collectivité Territoriale,Commune,['Hérault'],['Occitanie'],COM,{34},{76}
b0d9f43a-b5f3-48bb-9fd0-b02ee175512f,211500210,Commune de Boisset (15),false,{15021},Commune,2026-03-24 14:41:54.362296+01,gold_establishments_2025,,,,21150021000011,2025,Collectivité Territoriale,Commune,['Cantal'],['Auvergne-Rhône-Alpes'],COM,{15},{84}
abab2b7c-0fcc-4973-a8ce-029086ee70b4,213400344,Commune de Boisset (34),false,{34034},Commune,2026-03-24 14:41:58.620411+01,gold_establishments_2025,,,,21340034400015,2025,Collectivité Territoriale,Commune,['Hérault'],['Occitanie'],COM,{34},{76}
eadeeeba-668f-43c5-8f3d-43113372d5cc,214300345,Commune de Boisset (43),false,{43034},Commune,2026-03-24 14:42:00.273698+01,gold_establishments_2025,,,,21430034500011,2025,Collectivité Territoriale,Commune,['Haute-Loire'],['Auvergne-Rhône-Alpes'],COM,{43},{84}
12cfa912-9692-42bb-ae95-c0b07c0dae9f,214200214,Commune de Boisset-Saint-Priest (42),false,{42021},Commune,2026-03-24 14:42:00.273698+01,gold_establishments_2025,,,,21420021400010,2025,Collectivité Territoriale,Commune,['Loire'],['Auvergne-Rhône-Alpes'],COM,{42},{84}
5eaa2243-6c2b-45f6-abe3-cfd991bc1a35,213000425,Commune de Boisset-et-Gaujac (30),false,{30042},Commune,2026-03-24 14:41:57.56054+01,gold_establishments_2025,,,,21300042500016,2025,Collectivité Territoriale,Commune,['Gard'],['Occitanie'],COM,{30},{76}
587b87f5-1958-44eb-be9c-f69e5319bb8b,212700769,Commune de Boisset-les-Prévanches (27),false,{27076},Commune,2026-03-24 14:41:56.495197+01,gold_establishments_2025,,,,21270076900012,2025,Collectivité Territoriale,Commune,['Eure'],['Normandie'],COM,{27},{28}
c254c549-f815-4bd2-9411-23e3650ba670,214200206,Commune de Boisset-lès-Montrond (42),false,{42020},Commune,2026-03-24 14:42:00.273698+01,gold_establishments_2025,,,,21420020600016,2025,Collectivité Territoriale,Commune,['Loire'],['Auvergne-Rhône-Alpes'],COM,{42},{84}
bf473ae9-1707-4da5-946e-6e2819f0c63e,217800762,Commune de Boissets (78),false,{78076},Commune,2026-03-24 14:42:09.43682+01,gold_establishments_2025,,,,21780076200015,2025,Collectivité Territoriale,Commune,['Yvelines'],['Île-de-France'],COM,{78},{11}
75f38aa2-acaa-4798-869e-e701e1881350,217700384,Commune de Boissettes (77),false,{77038},Commune,2026-03-24 14:42:08.818969+01,gold_establishments_2025,,,,21770038400019,2025,Collectivité Territoriale,Commune,['Seine-et-Marne'],['Île-de-France'],COM,{77},{11}
d188182b-85d1-4a2f-b243-046aa2a0a20a,218701902,Commune de Boisseuil (87),false,{87019},Commune,2026-03-24 14:42:11.118516+01,gold_establishments_2025,,,,21870190200015,2025,Collectivité Territoriale,Commune,['Haute-Vienne'],['Nouvelle-Aquitaine'],COM,{87},{75}
335690c1-a6dd-4aad-8f3e-89f7a9ee7bb6,212400469,Commune de Boisseuilh (24),false,{24046},Commune,2026-03-24 14:41:55.958138+01,gold_establishments_2025,,,,21240046900012,2025,Collectivité Territoriale,Commune,['Dordogne'],['Nouvelle-Aquitaine'],COM,{24},{75}
f10f51fe-3530-4276-ad24-a5341c62844f,210100509,Commune de Boissey (01),false,{01050},Commune,2026-03-24 14:41:51.447482+01,gold_establishments_2025,,,,21010050900012,2025,Collectivité Territoriale,Commune,['Ain'],['Auvergne-Rhône-Alpes'],COM,{01},{84}
6dff7dfd-1c1e-421d-8a53-ce39ec64a59c,212700777,Commune de Boissey-le-Châtel (27),false,{27077},Commune,2026-03-24 14:41:56.495197+01,gold_establishments_2025,,,,21270077700015,2025,Collectivité Territoriale,Commune,['Eure'],['Normandie'],COM,{27},{28}
c5bd9a08-d81c-4c4c-81b6-22ec5c7bff4c,218100345,Commune de Boissezon (81),false,{81034},Commune,2026-03-24 14:42:09.967209+01,gold_establishments_2025,,,,21810034500014,2025,Collectivité Territoriale,Commune,['Tarn'],['Occitanie'],COM,{81},{76}
ac345278-5a39-4b4e-b82e-1c4709c18553,213900616,Commune de Boissia (39),false,{39061},Commune,2026-03-24 14:41:59.705606+01,gold_establishments_2025,,,,21390061600011,2025,Collectivité Territoriale,Commune,['Jura'],['Bourgogne-Franche-Comté'],COM,{39},{27}
1540dfca-8c9b-4d9f-843b-fa39175f7df5,217700392,Commune de Boissise-la-Bertrand (77),false,{77039},Commune,2026-03-24 14:42:08.818969+01,gold_establishments_2025,,,,21770039200012,2025,Collectivité Territoriale,Commune,['Seine-et-Marne'],['Île-de-France'],COM,{77},{11}
8169625f-af5d-46c4-8ed6-e861084d1a55,217700400,Commune de Boissise-le-Roi (77),false,{77040},Commune,2026-03-24 14:42:08.818969+01,gold_establishments_2025,,,,21770040000013,2025,Collectivité Territoriale,Commune,['Seine-et-Marne'],['Île-de-France'],COM,{77},{11}
76190f81-f55b-46b6-bf37-feb5e9f859ee,213000433,Commune de Boissières (30),false,{30043},Commune,2026-03-24 14:41:57.56054+01,gold_establishments_2025,,,,21300043300010,2025,Collectivité Territoriale,Commune,['Gard'],['Occitanie'],COM,{30},{76}
4bdf9b73-7666-43df-aee8-1e0e8ff88fba,214600322,Commune de Boissières (46),false,{46032},Commune,2026-03-24 14:42:00.862623+01,gold_establishments_2025,,,,21460032200017,2025,Collectivité Territoriale,Commune,['Lot'],['Occitanie'],COM,{46},{76}
f7a46ea5-134b-43da-b4e8-5ea29e730381,216000794,Commune de Boissy-Fresnoy (60),false,{60079},Commune,2026-03-24 14:42:04.814328+01,gold_establishments_2025,,,,21600079400018,2025,Collectivité Territoriale,Commune,['Oise'],['Hauts-de-France'],COM,{60},{32}
8d4a5f98-a52e-490b-b0cf-ed5b22f4cbf8,212700793,Commune de Boissy-Lamberville (27),false,{27079},Commune,2026-03-24 14:41:56.495197+01,gold_establishments_2025,,,,21270079300012,2025,Collectivité Territoriale,Commune,['Eure'],['Normandie'],COM,{27},{28}
b668fdb3-d40b-4916-ab75-126155f46f10,217800820,Commune de Boissy-Mauvoisin (78),false,{78082},Commune,2026-03-24 14:42:09.43682+01,gold_establishments_2025,,,,21780082000011,2025,Collectivité Territoriale,Commune,['Yvelines'],['Île-de-France'],COM,{78},{11}
7a34ea3f-076a-45c5-8bc7-f3399d756b33,219400041,Commune de Boissy-Saint-Léger (94),false,{94004},Commune,2026-03-24 14:42:11.659493+01,gold_establishments_2025,,,,21940004100014,2025,Collectivité Territoriale,Commune,['Val-de-Marne'],['Île-de-France'],COM,{94},{11}
2ff3c0d9-c03f-4b1c-9a38-4d8c8fe65527,217700418,Commune de Boissy-aux-Cailles (77),false,{77041},Commune,2026-03-24 14:42:08.818969+01,gold_establishments_2025,,,,21770041800015,2025,Collectivité Territoriale,Commune,['Seine-et-Marne'],['Île-de-France'],COM,{77},{11}
f2727cd0-1488-47ab-9ea5-f60ca5841651,212800452,Commune de Boissy-en-Drouais (28),false,{28045},Commune,2026-03-24 14:41:57.028721+01,gold_establishments_2025,,,,21280045200014,2025,Collectivité Territoriale,Commune,['Eure-et-Loir'],['Centre-Val de Loire'],COM,{28},{24}
d9a2a621-570d-4794-b4da-5885174a99c8,219500782,Commune de Boissy-l'Aillerie (95),false,{95078},Commune,2026-03-24 14:42:11.659493+01,gold_establishments_2025,,,,21950078200012,2025,Collectivité Territoriale,Commune,"[""Val-d'Oise""]",['Île-de-France'],COM,{95},{11}
592803c5-2602-4fb2-8b3f-98b9d9666c08,219100799,Commune de Boissy-la-Rivière (91),false,{91079},Commune,2026-03-24 14:42:11.659493+01,gold_establishments_2025,,,,21910079900010,2025,Collectivité Territoriale,Commune,['Essonne'],['Île-de-France'],COM,{91},{11}
a02a4717-3fed-4b3e-b25c-236e3e4aae33,217700426,Commune de Boissy-le-Châtel (77),false,{77042},Commune,2026-03-24 14:42:08.818969+01,gold_establishments_2025,,,,21770042600018,2025,Collectivité Territoriale,Commune,['Seine-et-Marne'],['Île-de-France'],COM,{77},{11}
11690b95-cbe5-49de-8e71-8dc8c7c27da8,219100807,Commune de Boissy-le-Cutté (91),false,{91080},Commune,2026-03-24 14:42:11.659493+01,gold_establishments_2025,,,,21910080700011,2025,Collectivité Territoriale,Commune,['Essonne'],['Île-de-France'],COM,{91},{11}
eb2b21f8-2bd9-4bbc-a011-f80a772befcf,215100645,Commune de Boissy-le-Repos (51),false,{51070},Commune,2026-03-24 14:42:01.412377+01,gold_establishments_2025,,,,21510064500013,2025,Collectivité Territoriale,Commune,['Marne'],['Grand Est'],COM,{51},{44}
e28f7b26-5bf3-40d8-8215-4f1de2bbc436,219100815,Commune de Boissy-le-Sec (91),false,{91081},Commune,2026-03-24 14:42:11.659493+01,gold_establishments_2025,,,,21910081500014,2025,Collectivité Territoriale,Commune,['Essonne'],['Île-de-France'],COM,{91},{11}
ea588a6d-ef85-465f-941f-1d39ecfcbad4,212800460,Commune de Boissy-lès-Perche (28),false,{28046},Commune,2026-03-24 14:41:57.028721+01,gold_establishments_2025,,,,21280046000017,2025,Collectivité Territoriale,Commune,['Eure-et-Loir'],['Centre-Val de Loire'],COM,{28},{24}
7bc632dd-bffd-42bd-9329-48eb490c39a1,217800846,Commune de Boissy-sans-Avoir (78),false,{78084},Commune,2026-03-24 14:42:09.43682+01,gold_establishments_2025,,,,21780084600016,2025,Collectivité Territoriale,Commune,['Yvelines'],['Île-de-France'],COM,{78},{11}
a15149d7-de33-4475-bfb3-aabe69163889,219100856,Commune de Boissy-sous-Saint-Yon (91),false,{91085},Commune,2026-03-24 14:42:11.659493+01,gold_establishments_2025,,,,21910085600018,2025,Collectivité Territoriale,Commune,['Essonne'],['Île-de-France'],COM,{91},{11}
a13d0694-37fc-460b-8e7b-4d0c03b10b55,213100720,Commune de Boissède (31),false,{31072},Commune,2026-03-24 14:41:57.56054+01,gold_establishments_2025,,,,21310072000019,2025,Collectivité Territoriale,Commune,['Haute-Garonne'],['Occitanie'],COM,{31},{76}
7a693488-91a7-40f9-9617-a3f06cf3abc1,213500283,Commune de Boistrudan (35),false,{35028},Commune,2026-03-24 14:41:58.620411+01,gold_establishments_2025,,,,21350028300014,2025,Collectivité Territoriale,Commune,['Ille-et-Vilaine'],['Bretagne'],COM,{35},{53}
61c900c3-dacb-4e5a-ae0e-ee835ae6f434,212800478,Commune de Boisville-la-Saint-Père (28),false,{28047},Commune,2026-03-24 14:41:57.028721+01,gold_establishments_2025,,,,21280047800019,2025,Collectivité Territoriale,Commune,['Eure-et-Loir'],['Centre-Val de Loire'],COM,{28},{24}
1e51fb74-13f2-4034-b5da-a9307a25f390,215000621,Commune de Boisyvon (50),false,{50062},Commune,2026-03-24 14:42:01.412377+01,gold_establishments_2025,,,,21500062100015,2025,Collectivité Territoriale,Commune,['Manche'],['Normandie'],COM,{50},{28}
498b5b19-d68c-4655-8ded-f71d067d8b30,216100511,Commune de Boitron (61),false,{61051},Commune,2026-03-24 14:42:04.814328+01,gold_establishments_2025,,,,21610051100015,2025,Collectivité Territoriale,Commune,['Orne'],['Normandie'],COM,{61},{28}
ed67bc21-55bb-4999-b403-be0615b98248,217700434,Commune de Boitron (77),false,{77043},Commune,2026-03-24 14:42:08.818969+01,gold_establishments_2025,,,,21770043400012,2025,Collectivité Territoriale,Commune,['Seine-et-Marne'],['Île-de-France'],COM,{77},{11}
d82c19a5-7ee8-4898-8b1a-ad4dacc82551,200082766,Commune de Boivre-la-Vallée (86),false,{86123},Commune,2026-03-24 14:42:10.508772+01,gold_establishments_2025,,,,20008276600011,2025,Collectivité Territoriale,Commune,['Vienne'],['Nouvelle-Aquitaine'],COM,{86},{75}
368589d2-e57c-4555-8f47-64f601af28a0,212500706,Commune de Bolandoz (25),false,{25070},Commune,2026-03-24 14:41:55.958138+01,gold_establishments_2025,,,,21250070600016,2025,Collectivité Territoriale,Commune,['Doubs'],['Bourgogne-Franche-Comté'],COM,{25},{27}
dcebb5e2-c8ed-4a47-9545-1615882b8091,212900120,Commune de Bolazec (29),false,{29012},Commune,2026-03-24 14:41:57.028721+01,gold_establishments_2025,,,,21290012000016,2025,Collectivité Territoriale,Commune,['Finistère'],['Bretagne'],COM,{29},{53}
987d6e66-5206-4c7c-ac65-e80c49eb4593,217601145,Commune de Bolbec (76),false,{76114},Commune,2026-03-24 14:42:08.818969+01,gold_establishments_2025,,,,21760114500014,2025,Collectivité Territoriale,Commune,['Seine-Maritime'],['Normandie'],COM,{76},{28}
19af8c19-7609-4672-91ed-6a8ee6184bc2,217601152,Commune de Bolleville (76),false,{76115},Commune,2026-03-24 14:42:08.818969+01,gold_establishments_2025,,,,21760115200010,2025,Collectivité Territoriale,Commune,['Seine-Maritime'],['Normandie'],COM,{76},{28}
bee544a9-6855-4f6a-b24c-14c192ec6be6,215900895,Commune de Bollezeele (59),false,{59089},Commune,2026-03-24 14:42:04.280096+01,gold_establishments_2025,,,,21590089500016,2025,Collectivité Territoriale,Commune,['Nord'],['Hauts-de-France'],COM,{59},{32}
35957af0-4144-4e69-9415-6e6193306687,216800433,Commune de Bollwiller (68),false,{68043},Commune,2026-03-24 14:42:07.195692+01,gold_establishments_2025,,,,21680043300015,2025,Collectivité Territoriale,Commune,['Haut-Rhin'],['Grand Est'],COM,{68},{44}
46a88132-e24a-45f4-b9a8-e6b4b2347d27,218400190,Commune de Bollène (84),false,{84019},Commune,2026-03-24 14:42:10.508772+01,gold_establishments_2025,,,,21840019000011,2025,Collectivité Territoriale,Commune,['Vaucluse'],"[""Provence-Alpes-Côte d'Azur""]",COM,{84},{93}
43946276-2c7c-4316-9677-e4ed590da9f4,215200395,Commune de Bologne (52),false,{52058},Commune,2026-03-24 14:42:01.954481+01,gold_establishments_2025,,,,21520039500014,2025,Collectivité Territoriale,Commune,['Haute-Marne'],['Grand Est'],COM,{52},{44}
45655c06-cacf-4b7a-b971-6bee893fa017,210100517,Commune de Bolozon (01),false,{01051},Commune,2026-03-24 14:41:51.447482+01,gold_establishments_2025,,,,21010051700015,2025,Collectivité Territoriale,Commune,['Ain'],['Auvergne-Rhône-Alpes'],COM,{01},{84}
3bc63434-24c5-499c-87ed-7e0bcfd646ed,216600205,Commune de Bolquère (66),false,{66020},Commune,2026-03-24 14:42:06.665412+01,gold_establishments_2025,,,,21660020500084,2025,Collectivité Territoriale,Commune,['Pyrénées-Orientales'],['Occitanie'],COM,{66},{76}
8121bbc2-bde9-4737-9b59-3d2988c0756a,216700542,Commune de Bolsenheim (67),false,{67054},Commune,2026-03-24 14:42:06.665412+01,gold_establishments_2025,,,,21670054200014,2025,Collectivité Territoriale,Commune,['Bas-Rhin'],['Grand Est'],COM,{67},{44}
0257abae-d613-4c65-974b-c34225c74a42,217700442,Commune de Bombon (77),false,{77044},Commune,2026-03-24 14:42:08.818969+01,gold_establishments_2025,,,,21770044200015,2025,Collectivité Territoriale,Commune,['Seine-et-Marne'],['Île-de-France'],COM,{77},{11}
129aa172-840e-4c04-ae46-40492f6186e6,213300601,Commune de Bommes (33),false,{33060},Commune,2026-03-24 14:41:58.09424+01,gold_establishments_2025,,,,21330060100019,2025,Collectivité Territoriale,Commune,['Gironde'],['Nouvelle-Aquitaine'],COM,{33},{75}
9ea3d2fc-390e-4b86-a12d-4253794848ce,213600190,Commune de Bommiers (36),false,{36019},Commune,2026-03-24 14:41:59.160244+01,gold_establishments_2025,,,,21360019000036,2025,Collectivité Territoriale,Commune,['Indre'],['Centre-Val de Loire'],COM,{36},{24}
415f70d4-3ed8-4cdf-8cde-8b891c6ee652,210900585,Commune de Bompas (09),false,{09058},Commune,2026-03-24 14:41:53.095366+01,gold_establishments_2025,,,,21090058500014,2025,Collectivité Territoriale,Commune,['Ariège'],['Occitanie'],COM,{09},{76}
561da6c2-949b-4ef1-8821-8a74c0e10df0,216600213,Commune de Bompas (66),false,{66021},Commune,2026-03-24 14:42:06.665412+01,gold_establishments_2025,,,,21660021300096,2025,Collectivité Territoriale,Commune,['Pyrénées-Orientales'],['Occitanie'],COM,{66},{76}
7affbf9f-1e6c-4282-b9d4-1d6ec5f702a7,216201533,Commune de Bomy (62),false,{62153},Commune,2026-03-24 14:42:05.597325+01,gold_establishments_2025,,,,21620153300017,2025,Collectivité Territoriale,Commune,['Pas-de-Calais'],['Hauts-de-France'],COM,{62},{32}
5f06064e-99ef-419e-99de-1ce08c7ee697,200065571,Commune de Bon Repos sur Blavet (22),false,{22107},Commune,2026-03-24 14:41:55.433389+01,gold_establishments_2025,,,,20006557100016,2025,Collectivité Territoriale,Commune,"[""Côtes-d'Armor""]",['Bretagne'],COM,{22},{53}
c21e8aa8-e2b3-4d8f-90fb-5b68a6c8f9bd,214700320,Commune de Bon-Encontre (47),false,{47032},Commune,2026-03-24 14:42:00.862623+01,gold_establishments_2025,,,,21470032000010,2025,Collectivité Territoriale,Commune,['Lot-et-Garonne'],['Nouvelle-Aquitaine'],COM,{47},{75}
1e0eff74-eaa7-4166-9bc2-1d8815304fad,215800350,Commune de Bona (58),false,{58035},Commune,2026-03-24 14:42:04.280096+01,gold_establishments_2025,,,,21580035000013,2025,Collectivité Territoriale,Commune,['Nièvre'],['Bourgogne-Franche-Comté'],COM,{58},{27}
92ab0f77-0ca2-4f15-9e5c-f7afdf673016,210900593,Commune de Bonac-Irazein (09),false,{09059},Commune,2026-03-24 14:41:53.095366+01,gold_establishments_2025,,,,21090059300018,2025,Collectivité Territoriale,Commune,['Ariège'],['Occitanie'],COM,{09},{76}
0e2dda23-a8ac-4daf-96a8-80c354742ee4,213200595,Commune de Bonas (32),false,{32059},Commune,2026-03-24 14:41:58.09424+01,gold_establishments_2025,,,,21320059500014,2025,Collectivité Territoriale,Commune,['Gers'],['Occitanie'],COM,{32},{76}
4a18297f-0a86-42ba-8fa5-290b9629e960,217000751,Commune de Bonboillon (70),false,{70075},Commune,2026-03-24 14:42:07.735343+01,gold_establishments_2025,,,,21700075100016,2025,Collectivité Territoriale,Commune,['Haute-Saône'],['Bourgogne-Franche-Comté'],COM,{70},{27}
078b37d0-9419-46e1-bee6-ee19b22e255e,215300344,Commune de Bonchamp-lès-Laval (53),false,{53034},Commune,2026-03-24 14:42:01.954481+01,gold_establishments_2025,,,,21530034400011,2025,Collectivité Territoriale,Commune,['Mayenne'],['Pays de la Loire'],COM,{53},{52}
2062cd20-48ca-45a4-b204-6191e027680f,210200945,Commune de Boncourt (02),false,{02097},Commune,2026-03-24 14:41:51.447482+01,gold_establishments_2025,,,,21020094500017,2025,Collectivité Territoriale,Commune,['Aisne'],['Hauts-de-France'],COM,{02},{32}
2d4643c5-9665-4d3b-ae56-4519119ba385,212700819,Commune de Boncourt (27),false,{27081},Commune,2026-03-24 14:41:56.495197+01,gold_establishments_2025,,,,21270081900015,2025,Collectivité Territoriale,Commune,['Eure'],['Normandie'],COM,{27},{28}
e052a550-cf3b-442e-acfe-54c30d33dca1,212800502,Commune de Boncourt (28),false,{28050},Commune,2026-03-24 14:41:57.028721+01,gold_establishments_2025,,,,21280050200016,2025,Collectivité Territoriale,Commune,['Eure-et-Loir'],['Centre-Val de Loire'],COM,{28},{24}
c065956f-fbe1-4ff3-bc40-7e4ac845aade,215400821,Commune de Boncourt (54),false,{54082},Commune,2026-03-24 14:42:02.957225+01,gold_establishments_2025,,,,21540082100058,2025,Collectivité Territoriale,Commune,['Meurthe-et-Moselle'],['Grand Est'],COM,{54},{44}
3649885a-7af0-45f3-82f2-8f0102f50666,212100887,Commune de Boncourt-le-Bois (21),false,{21088},Commune,2026-03-24 14:41:55.433389+01,gold_establishments_2025,,,,21210088700018,2025,Collectivité Territoriale,Commune,"[""Côte-d'Or""]",['Bourgogne-Franche-Comté'],COM,{21},{27}
3d1a452d-4f7d-4e6e-a136-ae616f943c7b,215500588,Commune de Boncourt-sur-Meuse (55),false,{55058},Commune,2026-03-24 14:42:02.957225+01,gold_establishments_2025,,,,21550058800011,2025,Collectivité Territoriale,Commune,['Meuse'],['Grand Est'],COM,{55},{44}
878fe10e-6925-403a-95d8-6345830d165b,212800494,Commune de Boncé (28),false,{28049},Commune,2026-03-24 14:41:57.028721+01,gold_establishments_2025,,,,21280049400016,2025,Collectivité Territoriale,Commune,['Eure-et-Loir'],['Centre-Val de Loire'],COM,{28},{24}
426046db-9477-4e36-ae1c-c7150bf1056a,214500381,Commune de Bondaroy (45),false,{45038},Commune,2026-03-24 14:42:00.862623+01,gold_establishments_2025,,,,21450038100014,2025,Collectivité Territoriale,Commune,['Loiret'],['Centre-Val de Loire'],COM,{45},{24}
ab2040ff-dcf2-44a1-a1c5-c03c38ab3065,212500714,Commune de Bondeval (25),false,{25071},Commune,2026-03-24 14:41:55.958138+01,gold_establishments_2025,,,,21250071400010,2025,Collectivité Territoriale,Commune,['Doubs'],['Bourgogne-Franche-Comté'],COM,{25},{27}
102fb3a5-33e3-4576-ac2a-ddf0d85a206e,213100738,Commune de Bondigoux (31),false,{31073},Commune,2026-03-24 14:41:57.56054+01,gold_establishments_2025,,,,21310073800011,2025,Collectivité Territoriale,Commune,['Haute-Garonne'],['Occitanie'],COM,{31},{76}
3a94f3e5-cfa4-480f-9ab1-e109c2d93fe2,219100864,Commune de Bondoufle (91),false,{91086},Commune,2026-03-24 14:42:11.659493+01,gold_establishments_2025,,,,21910086400137,2025,Collectivité Territoriale,Commune,['Essonne'],['Île-de-France'],COM,{91},{11}
25484e27-56c3-4b2d-88af-4e19f953d3b5,215900903,Commune de Bondues (59),false,{59090},Commune,2026-03-24 14:42:04.280096+01,gold_establishments_2025,,,,21590090300018,2025,Collectivité Territoriale,Commune,['Nord'],['Hauts-de-France'],COM,{59},{32}
a6b4c74e-1752-4128-884f-495d84ac10c8,219300100,Commune de Bondy (93),false,{93010},Commune,2026-03-24 14:42:11.659493+01,gold_establishments_2025,,,,21930010000019,2025,Collectivité Territoriale,Commune,['Seine-Saint-Denis'],['Île-de-France'],COM,{93},{11}
61e426a2-a40e-468e-86ef-b83b2df46c27,216300442,Commune de Bongheat (63),false,{63044},Commune,2026-03-24 14:42:06.130387+01,gold_establishments_2025,,,,21630044200011,2025,Collectivité Territoriale,Commune,['Puy-de-Dôme'],['Auvergne-Rhône-Alpes'],COM,{63},{84}
e17dae01-389e-4dd3-b311-9d985786d21b,212000418,Commune de Bonifacio (2A),false,{2A041},Commune,2026-03-24 14:41:57.56054+01,gold_establishments_2025,,,,21200041800013,2025,Collectivité Territoriale,Commune,['Corse-du-Sud'],['Corse'],COM,{2A},{94}
f8e2dd7a-6831-4abd-ac89-6f4df63f05ea,216000810,Commune de Bonlier (60),false,{60081},Commune,2026-03-24 14:42:04.814328+01,gold_establishments_2025,,,,21600081000012,2025,Collectivité Territoriale,Commune,['Oise'],['Hauts-de-France'],COM,{60},{32}
e958fe4f-54ab-406d-9f60-48ed4a9af62e,213900632,Commune de Bonlieu (39),false,{39063},Commune,2026-03-24 14:41:59.705606+01,gold_establishments_2025,,,,21390063200018,2025,Collectivité Territoriale,Commune,['Jura'],['Bourgogne-Franche-Comté'],COM,{39},{27}
e49083c6-d966-480d-94fd-9d7561f0fd18,212600522,Commune de Bonlieu-sur-Roubion (26),false,{26052},Commune,2026-03-24 14:41:56.495197+01,gold_establishments_2025,,,,21260052200016,2025,Collectivité Territoriale,Commune,['Drôme'],['Auvergne-Rhône-Alpes'],COM,{26},{84}
d8e5cb8b-dc7e-4797-84ef-cc5474e2cb67,216401349,Commune de Bonloc (64),false,{64134},Commune,2026-03-24 14:42:06.130387+01,gold_establishments_2025,,,,21640134900016,2025,Collectivité Territoriale,Commune,['Pyrénées-Atlantiques'],['Nouvelle-Aquitaine'],COM,{64},{75}
cb029464-4025-4ca4-b408-6ec6723d3514,210900601,Commune de Bonnac (09),false,{09060},Commune,2026-03-24 14:41:53.095366+01,gold_establishments_2025,,,,21090060100019,2025,Collectivité Territoriale,Commune,['Ariège'],['Occitanie'],COM,{09},{76}
85616447-af83-4668-aba8-841e2f0ee88d,211500228,Commune de Bonnac (15),false,{15022},Commune,2026-03-24 14:41:54.362296+01,gold_establishments_2025,,,,21150022800013,2025,Collectivité Territoriale,Commune,['Cantal'],['Auvergne-Rhône-Alpes'],COM,{15},{84}
e5a34e5f-a246-4a26-b350-14955581de6a,218702009,Commune de Bonnac-la-Côte (87),false,{87020},Commune,2026-03-24 14:42:11.118516+01,gold_establishments_2025,,,,21870200900018,2025,Collectivité Territoriale,Commune,['Haute-Vienne'],['Nouvelle-Aquitaine'],COM,{87},{75}
8b30e73e-90a4-4499-88c3-b94307d4370f,212500722,Commune de Bonnal (25),false,{25072},Commune,2026-03-24 14:41:55.958138+01,gold_establishments_2025,,,,21250072200013,2025,Collectivité Territoriale,Commune,['Doubs'],['Bourgogne-Franche-Comté'],COM,{25},{27}
2ccab2d9-3826-4197-a91a-3a3dc178fc55,218900504,Commune de Bonnard (89),false,{89050},Commune,2026-03-24 14:42:11.118516+01,gold_establishments_2025,,,,21890050400018,2025,Collectivité Territoriale,Commune,['Yonne'],['Bourgogne-Franche-Comté'],COM,{89},{27}
2ae5068a-d762-44ac-8475-a9e8127740aa,212302509,Commune de Bonnat (23),false,{23025},Commune,2026-03-24 14:41:55.958138+01,gold_establishments_2025,,,,21230250900014,2025,Collectivité Territoriale,Commune,['Creuse'],['Nouvelle-Aquitaine'],COM,{23},{75}
45289b06-8b6d-4acb-bf89-20e1938cabe3,212500730,Commune de Bonnay (25),false,{25073},Commune,2026-03-24 14:41:55.958138+01,gold_establishments_2025,,,,21250073000016,2025,Collectivité Territoriale,Commune,['Doubs'],['Bourgogne-Franche-Comté'],COM,{25},{27}
05eaced1-5a8f-4aae-b126-85c7601d8ace,218001063,Commune de Bonnay (80),false,{80112},Commune,2026-03-24 14:42:09.967209+01,gold_establishments_2025,,,,21800106300013,2025,Collectivité Territoriale,Commune,['Somme'],['Hauts-de-France'],COM,{80},{32}
c3df6b6a-b6a5-47a5-bcf2-ebfe97789455,200098622,Commune de Bonnay-Saint-Ythaire (71),false,{71042},Commune,2026-03-24 14:42:07.735343+01,gold_establishments_2025,,,,20009862200018,2025,Collectivité Territoriale,Commune,['Saône-et-Loire'],['Bourgogne-Franche-Comté'],COM,{71},{27}
7413da63-1389-4f6e-ae7b-1e38f4205005,217400407,Commune de Bonne (74),false,{74040},Commune,2026-03-24 14:42:08.279287+01,gold_establishments_2025,,,,21740040700078,2025,Collectivité Territoriale,Commune,['Haute-Savoie'],['Auvergne-Rhône-Alpes'],COM,{74},{84}
dc1f3630-6b17-4623-ba23-823ead6ddb86,211400833,Commune de Bonnebosq (14),false,{14083},Commune,2026-03-24 14:41:53.63825+01,gold_establishments_2025,,,,21140083300011,2025,Collectivité Territoriale,Commune,['Calvados'],['Normandie'],COM,{14},{28}
0f5142e1-6efc-49f6-acb7-4b2f327cf3bd,215204082,Commune de Bonnecourt (52),false,{52059},Commune,2026-03-24 14:42:01.954481+01,gold_establishments_2025,,,,21520408200014,2025,Collectivité Territoriale,Commune,['Haute-Marne'],['Grand Est'],COM,{52},{44}
1b761ac1-837a-4384-bfdc-8800b2ef485b,213800485,Commune de Bonnefamille (38),false,{38048},Commune,2026-03-24 14:41:59.160244+01,gold_establishments_2025,,,,21380048500012,2025,Collectivité Territoriale,Commune,['Isère'],['Auvergne-Rhône-Alpes'],COM,{38},{84}
588119a5-ed7a-415d-a7f3-2a416988c753,216100529,Commune de Bonnefoi (61),false,{61052},Commune,2026-03-24 14:42:04.814328+01,gold_establishments_2025,,,,21610052900017,2025,Collectivité Territoriale,Commune,['Orne'],['Normandie'],COM,{61},{28}
951a2ebb-c50e-4761-9eab-fb4338c302ab,211902705,Commune de Bonnefond (19),false,{19027},Commune,2026-03-24 14:41:54.903238+01,gold_establishments_2025,,,,21190270500014,2025,Collectivité Territoriale,Commune,['Corrèze'],['Nouvelle-Aquitaine'],COM,{19},{75}
e38dc0aa-67ef-454c-bbe1-c9bc9003f5d7,216500959,Commune de Bonnefont (65),false,{65095},Commune,2026-03-24 14:42:06.665412+01,gold_establishments_2025,,,,21650095900012,2025,Collectivité Territoriale,Commune,['Hautes-Pyrénées'],['Occitanie'],COM,{65},{76}
53fd416e-54bc-4a15-abe8-e84039e8ffbf,213900657,Commune de Bonnefontaine (39),false,{39065},Commune,2026-03-24 14:41:59.705606+01,gold_establishments_2025,,,,21390065700015,2025,Collectivité Territoriale,Commune,['Jura'],['Bourgogne-Franche-Comté'],COM,{39},{27}
86444c7c-f49f-4c1c-8f10-23bebba814b4,214000473,Commune de Bonnegarde (40),false,{40047},Commune,2026-03-24 14:41:59.705606+01,gold_establishments_2025,,,,21400047300014,2025,Collectivité Territoriale,Commune,['Landes'],['Nouvelle-Aquitaine'],COM,{40},{75}
d48084c9-77fb-4d15-8a76-041fe6f6b6bf,210200952,Commune de Bonneil (02),false,{02098},Commune,2026-03-24 14:41:51.447482+01,gold_establishments_2025,,,,21020095200013,2025,Collectivité Territoriale,Commune,['Aisne'],['Hauts-de-France'],COM,{02},{32}
c6e4fe31-42ea-4dc2-becb-ce24db991c85,217800879,Commune de Bonnelles (78),false,{78087},Commune,2026-03-24 14:42:09.43682+01,gold_establishments_2025,,,,21780087900017,2025,Collectivité Territoriale,Commune,['Yvelines'],['Île-de-France'],COM,{78},{11}
367bc0d7-8138-4d8f-a35e-87fc8b89532d,213500291,Commune de Bonnemain (35),false,{35029},Commune,2026-03-24 14:41:58.620411+01,gold_establishments_2025,,,,21350029100017,2025,Collectivité Territoriale,Commune,['Ille-et-Vilaine'],['Bretagne'],COM,{35},{53}
e8df24dd-48a2-498d-927f-364b8927a9ca,211400841,Commune de Bonnemaison (14),false,{14084},Commune,2026-03-24 14:41:53.63825+01,gold_establishments_2025,,,,21140084100014,2025,Collectivité Territoriale,Commune,['Calvados'],['Normandie'],COM,{14},{28}
0e6494e1-0d34-44dd-8853-46ab7d123d28,216500967,Commune de Bonnemazon (65),false,{65096},Commune,2026-03-24 14:42:06.665412+01,gold_establishments_2025,,,,21650096700015,2025,Collectivité Territoriale,Commune,['Hautes-Pyrénées'],['Occitanie'],COM,{65},{76}
f93c6ece-2b5a-4b1f-9e8c-b8a844324297,212100895,Commune de Bonnencontre (21),false,{21089},Commune,2026-03-24 14:41:55.433389+01,gold_establishments_2025,,,,21210089500011,2025,Collectivité Territoriale,Commune,"[""Côte-d'Or""]",['Bourgogne-Franche-Comté'],COM,{21},{27}
a17c1b62-262b-4928-88ac-7f0d30828f72,211600499,Commune de Bonnes (16),false,{16049},Commune,2026-03-24 14:41:54.362296+01,gold_establishments_2025,,,,21160049900019,2025,Collectivité Territoriale,Commune,['Charente'],['Nouvelle-Aquitaine'],COM,{16},{75}
695f1fee-e7b8-4c79-9ba0-640b79186c97,218600310,Commune de Bonnes (86),false,{86031},Commune,2026-03-24 14:42:10.508772+01,gold_establishments_2025,,,,21860031000013,2025,Collectivité Territoriale,Commune,['Vienne'],['Nouvelle-Aquitaine'],COM,{86},{75}
82b336a9-cd30-4642-993d-2332704d0c9e,210200960,Commune de Bonnesvalyn (02),false,{02099},Commune,2026-03-24 14:41:51.447482+01,gold_establishments_2025,,,,21020096000016,2025,Collectivité Territoriale,Commune,['Aisne'],['Hauts-de-France'],COM,{02},{32}
46b59a02-465a-4203-9d0c-7b1d1ffc8793,215500596,Commune de Bonnet (55),false,{55059},Commune,2026-03-24 14:42:02.957225+01,gold_establishments_2025,,,,21550059600014,2025,Collectivité Territoriale,Commune,['Meuse'],['Grand Est'],COM,{55},{44}
a239210a-4540-4af1-949a-9d7054432a72,213300619,Commune de Bonnetan (33),false,{33061},Commune,2026-03-24 14:41:58.09424+01,gold_establishments_2025,,,,21330061900011,2025,Collectivité Territoriale,Commune,['Gironde'],['Nouvelle-Aquitaine'],COM,{33},{75}
97bd6592-c6ea-4de2-a015-40ce61fe97d5,211600507,Commune de Bonneuil (16),false,{16050},Commune,2026-03-24 14:41:54.362296+01,gold_establishments_2025,,,,21160050700019,2025,Collectivité Territoriale,Commune,['Charente'],['Nouvelle-Aquitaine'],COM,{16},{75}
6e9038ea-f404-49e8-a4a3-16269fc0fc85,213600208,Commune de Bonneuil (36),false,{36020},Commune,2026-03-24 14:41:59.160244+01,gold_establishments_2025,,,,21360020800010,2025,Collectivité Territoriale,Commune,['Indre'],['Centre-Val de Loire'],COM,{36},{24}
5d53a2b8-411c-45b5-8475-e6a5ed92e46c,218600328,Commune de Bonneuil-Matours (86),false,{86032},Commune,2026-03-24 14:42:10.508772+01,gold_establishments_2025,,,,21860032800015,2025,Collectivité Territoriale,Commune,['Vienne'],['Nouvelle-Aquitaine'],COM,{86},{75}
19f779f1-990c-43d1-b502-534cea47f746,219500881,Commune de Bonneuil-en-France (95),false,{95088},Commune,2026-03-24 14:42:11.659493+01,gold_establishments_2025,,,,21950088100012,2025,Collectivité Territoriale,Commune,"[""Val-d'Oise""]",['Île-de-France'],COM,{95},{11}
cd011c9a-bc98-476c-9162-b4388314131c,216000836,Commune de Bonneuil-en-Valois (60),false,{60083},Commune,2026-03-24 14:42:04.814328+01,gold_establishments_2025,,,,21600083600017,2025,Collectivité Territoriale,Commune,['Oise'],['Hauts-de-France'],COM,{60},{32}
6aac1eac-389f-4305-9643-7b9ace9c4fe2,216000828,Commune de Bonneuil-les-Eaux (60),false,{60082},Commune,2026-03-24 14:42:04.814328+01,gold_establishments_2025,,,,21600082800014,2025,Collectivité Territoriale,Commune,['Oise'],['Hauts-de-France'],COM,{60},{32}
de041967-ade7-4f2b-b85b-59b200a1e9d1,219400116,Commune de Bonneuil-sur-Marne (94),false,{94011},Commune,2026-03-24 14:42:11.659493+01,gold_establishments_2025,,,,21940011600014,2025,Collectivité Territoriale,Commune,['Val-de-Marne'],['Île-de-France'],COM,{94},{11}
88846829-2f42-405b-8aac-61ada525ae9a,212800510,Commune de Bonneval (28),false,{28051},Commune,2026-03-24 14:41:57.028721+01,gold_establishments_2025,,,,21280051000019,2025,Collectivité Territoriale,Commune,['Eure-et-Loir'],['Centre-Val de Loire'],COM,{28},{24}
38c394d3-701c-4b2a-bdd2-be6300c48e23,214300352,Commune de Bonneval (43),false,{43035},Commune,2026-03-24 14:42:00.273698+01,gold_establishments_2025,,,,21430035200017,2025,Collectivité Territoriale,Commune,['Haute-Loire'],['Auvergne-Rhône-Alpes'],COM,{43},{84}
713cf628-b787-4357-b715-99413edca3a2,217300474,Commune de Bonneval-sur-Arc (73),false,{73047},Commune,2026-03-24 14:42:08.279287+01,gold_establishments_2025,,,,21730047400012,2025,Collectivité Territoriale,Commune,['Savoie'],['Auvergne-Rhône-Alpes'],COM,{73},{84}
a382f242-9d31-48fe-9583-b848ed55f0e9,212500755,Commune de Bonnevaux (25),false,{25075},Commune,2026-03-24 14:41:55.958138+01,gold_establishments_2025,,,,21250075500013,2025,Collectivité Territoriale,Commune,['Doubs'],['Bourgogne-Franche-Comté'],COM,{25},{27}
74905ef0-0370-4764-beaa-edfa5dc45156,213000441,Commune de Bonnevaux (30),false,{30044},Commune,2026-03-24 14:41:57.56054+01,gold_establishments_2025,,,,21300044100013,2025,Collectivité Territoriale,Commune,['Gard'],['Occitanie'],COM,{30},{76}
e3e8ce06-5c5e-44ca-b038-8e0c3a667f91,217400415,Commune de Bonnevaux (74),false,{74041},Commune,2026-03-24 14:42:08.279287+01,gold_establishments_2025,,,,21740041500014,2025,Collectivité Territoriale,Commune,['Haute-Savoie'],['Auvergne-Rhône-Alpes'],COM,{74},{84}
f6b35641-4c3d-4bad-be98-2afbae238042,214100208,Commune de Bonneveau (41),false,{41020},Commune,2026-03-24 14:41:59.705606+01,gold_establishments_2025,,,,21410020800013,2025,Collectivité Territoriale,Commune,['Loir-et-Cher'],['Centre-Val de Loire'],COM,{41},{24}
8318a3fd-de69-451e-be1e-1e6c7a6ba59a,217000769,Commune de Bonnevent-Velloreille (70),false,{70076},Commune,2026-03-24 14:42:07.735343+01,gold_establishments_2025,,,,21700076900018,2025,Collectivité Territoriale,Commune,['Haute-Saône'],['Bourgogne-Franche-Comté'],COM,{70},{27}
8e322ab2-d15f-4d5e-8a58-36e8b590c838,217400423,Commune de Bonneville (74),false,{74042},Commune,2026-03-24 14:42:08.279287+01,gold_establishments_2025,,,,21740042300018,2025,Collectivité Territoriale,Commune,['Haute-Savoie'],['Auvergne-Rhône-Alpes'],COM,{74},{84}
ab98ed4f-460b-44d8-8d03-52c250aa2034,218001071,Commune de Bonneville (80),false,{80113},Commune,2026-03-24 14:42:09.967209+01,gold_establishments_2025,,,,21800107100040,2025,Collectivité Territoriale,Commune,['Somme'],['Hauts-de-France'],COM,{80},{32}
edc42475-2bf3-46b0-8cce-bc65d5514751,212700835,Commune de Bonneville-Aptot (27),false,{27083},Commune,2026-03-24 14:41:56.495197+01,gold_establishments_2025,,,,21270083500011,2025,Collectivité Territoriale,Commune,['Eure'],['Normandie'],COM,{27},{28}
fa3096d2-6c96-45e8-9def-54502a5144c3,212400485,Commune de Bonneville-et-Saint-Avit-de-Fumadières (24),false,{24048},Commune,2026-03-24 14:41:55.958138+01,gold_establishments_2025,,,,21240048500018,2025,Collectivité Territoriale,Commune,['Dordogne'],['Nouvelle-Aquitaine'],COM,{24},{75}
07a6423b-8691-4f80-a0d3-400a3d650350,211400858,Commune de Bonneville-la-Louvet (14),false,{14085},Commune,2026-03-24 14:41:53.63825+01,gold_establishments_2025,,,,21140085800018,2025,Collectivité Territoriale,Commune,['Calvados'],['Normandie'],COM,{14},{28}
138912d6-d17b-4d9b-9104-f5086c397792,211400866,Commune de Bonneville-sur-Touques (14),false,{14086},Commune,2026-03-24 14:41:53.63825+01,gold_establishments_2025,,,,21140086600011,2025,Collectivité Territoriale,Commune,['Calvados'],['Normandie'],COM,{14},{28}
e979cf9d-6efc-4c1c-83db-04b131db835a,218400208,Commune de Bonnieux (84),false,{84020},Commune,2026-03-24 14:42:10.508772+01,gold_establishments_2025,,,,21840020800011,2025,Collectivité Territoriale,Commune,['Vaucluse'],"[""Provence-Alpes-Côte d'Azur""]",COM,{84},{93}
4c3757bf-7442-4fec-ae63-d8dd59da9f49,216201558,Commune de Bonningues-lès-Ardres (62),false,{62155},Commune,2026-03-24 14:42:05.597325+01,gold_establishments_2025,,,,21620155800014,2025,Collectivité Territoriale,Commune,['Pas-de-Calais'],['Hauts-de-France'],COM,{62},{32}
fe892ab5-79bf-4e81-add2-fef871463de0,216201566,Commune de Bonningues-lès-Calais (62),false,{62156},Commune,2026-03-24 14:42:05.597325+01,gold_establishments_2025,,,,21620156600017,2025,Collectivité Territoriale,Commune,['Pas-de-Calais'],['Hauts-de-France'],COM,{62},{32}
e594bbd6-1d4f-4e6d-8e58-4b8145fda698,216000844,Commune de Bonnières (60),false,{60084},Commune,2026-03-24 14:42:04.814328+01,gold_establishments_2025,,,,21600084400011,2025,Collectivité Territoriale,Commune,['Oise'],['Hauts-de-France'],COM,{60},{32}
aa2493b6-fca6-49df-bb65-eb722b41692f,200083418,Commune de Bonnières (62),false,{62154},Commune,2026-03-24 14:42:05.597325+01,gold_establishments_2025,,,,20008341800018,2025,Collectivité Territoriale,Commune,['Pas-de-Calais'],['Hauts-de-France'],COM,{62},{32}
24c35821-c3e4-4951-b19e-56330d3cfef9,217800895,Commune de Bonnières-sur-Seine (78),false,{78089},Commune,2026-03-24 14:42:09.43682+01,gold_establishments_2025,,,,21780089500013,2025,Collectivité Territoriale,Commune,['Yvelines'],['Île-de-France'],COM,{78},{11}
43c66c4e-ea23-42f4-a07b-8c480cb9b2d8,216401356,Commune de Bonnut (64),false,{64135},Commune,2026-03-24 14:42:06.130387+01,gold_establishments_2025,,,,21640135600011,2025,Collectivité Territoriale,Commune,['Pyrénées-Atlantiques'],['Nouvelle-Aquitaine'],COM,{64},{75}
d5e96570-129d-40f0-aa1b-b4b68de1a4d4,214500407,Commune de Bonny-sur-Loire (45),false,{45040},Commune,2026-03-24 14:42:00.862623+01,gold_establishments_2025,,,,21450040700017,2025,Collectivité Territoriale,Commune,['Loiret'],['Centre-Val de Loire'],COM,{45},{24}
8f70c6b1-3108-4aff-9338-543cf8b6ad39,214500399,Commune de Bonnée (45),false,{45039},Commune,2026-03-24 14:42:00.862623+01,gold_establishments_2025,,,,21450039900016,2025,Collectivité Territoriale,Commune,['Loiret'],['Centre-Val de Loire'],COM,{45},{24}
0d1fc6fb-f29a-4799-9ccb-4838e377c2f8,217200393,Commune de Bonnétable (72),false,{72039},Commune,2026-03-24 14:42:08.279287+01,gold_establishments_2025,,,,21720039300015,2025,Collectivité Territoriale,Commune,['Sarthe'],['Pays de la Loire'],COM,{72},{52}
ea54bfe9-7bbb-4147-ba55-d541f5866133,212500748,Commune de Bonnétage (25),false,{25074},Commune,2026-03-24 14:41:55.958138+01,gold_establishments_2025,,,,21250074800018,2025,Collectivité Territoriale,Commune,['Doubs'],['Bourgogne-Franche-Comté'],COM,{25},{27}
1d771e2c-7227-4bdd-9dee-57b841e18555,211400874,Commune de Bonnœil (14),false,{14087},Commune,2026-03-24 14:41:53.63825+01,gold_establishments_2025,,,,21140087400015,2025,Collectivité Territoriale,Commune,['Calvados'],['Normandie'],COM,{14},{28}
ec2ee4fc-3cd3-4fc5-8302-6aeb8188bee6,216500975,Commune de Bonrepos (65),false,{65097},Commune,2026-03-24 14:42:06.665412+01,gold_establishments_2025,,,,21650097500018,2025,Collectivité Territoriale,Commune,['Hautes-Pyrénées'],['Occitanie'],COM,{65},{76}
908dc776-59b1-4ca8-aaf1-a1d23b2e2476,213100746,Commune de Bonrepos-Riquet (31),false,{31074},Commune,2026-03-24 14:41:57.56054+01,gold_establishments_2025,,,,21310074600014,2025,Collectivité Territoriale,Commune,['Haute-Garonne'],['Occitanie'],COM,{31},{76}
756465de-8c8f-4392-a3c3-dca84eeea6e2,213100753,Commune de Bonrepos-sur-Aussonnelle (31),false,{31075},Commune,2026-03-24 14:41:57.56054+01,gold_establishments_2025,,,,21310075300010,2025,Collectivité Territoriale,Commune,['Haute-Garonne'],['Occitanie'],COM,{31},{76}
2d6e8eab-576a-49f2-a008-0c49b80026ee,211400882,Commune de Bons-Tassilly (14),false,{14088},Commune,2026-03-24 14:41:53.63825+01,gold_establishments_2025,,,,21140088200018,2025,Collectivité Territoriale,Commune,['Calvados'],['Normandie'],COM,{14},{28}
df367d4a-a540-4cf1-a9a8-0d1ab121db5f,217400431,Commune de Bons-en-Chablais (74),false,{74043},Commune,2026-03-24 14:42:08.279287+01,gold_establishments_2025,,,,21740043100011,2025,Collectivité Territoriale,Commune,['Haute-Savoie'],['Auvergne-Rhône-Alpes'],COM,{74},{84}
763c5e19-30f2-4ec8-bf75-742a26492d59,217601038,Commune de Bonsecours (76),false,{76103},Commune,2026-03-24 14:42:08.818969+01,gold_establishments_2025,,,,21760103800011,2025,Collectivité Territoriale,Commune,['Seine-Maritime'],['Normandie'],COM,{76},{28}
72a482d8-c58b-4d11-a400-8e602efcc046,216100537,Commune de Bonsmoulins (61),false,{61053},Commune,2026-03-24 14:42:04.814328+01,gold_establishments_2025,,,,21610053700010,2025,Collectivité Territoriale,Commune,['Orne'],['Normandie'],COM,{61},{28}
c3e2ca29-4517-4107-bf82-fa4661a1b2da,210600219,Commune de Bonson (06),false,{06021},Commune,2026-03-24 14:41:52.562531+01,gold_establishments_2025,,,,21060021900013,2025,Collectivité Territoriale,Commune,['Alpes-Maritimes'],"[""Provence-Alpes-Côte d'Azur""]",COM,{06},{93}
98a9b362-fc34-4f69-be0b-08e0d28a7552,214200222,Commune de Bonson (42),false,{42022},Commune,2026-03-24 14:42:00.273698+01,gold_establishments_2025,,,,21420022200013,2025,Collectivité Territoriale,Commune,['Loire'],['Auvergne-Rhône-Alpes'],COM,{42},{84}
76754e7e-6754-4a5b-81d4-a27b8d3682d5,217300482,Commune de Bonvillard (73),false,{73048},Commune,2026-03-24 14:42:08.279287+01,gold_establishments_2025,,,,21730048200015,2025,Collectivité Territoriale,Commune,['Savoie'],['Auvergne-Rhône-Alpes'],COM,{73},{84}
95871075-f0e4-433a-8c70-581b7d92715f,217300490,Commune de Bonvillaret (73),false,{73049},Commune,2026-03-24 14:42:08.279287+01,gold_establishments_2025,,,,21730049000018,2025,Collectivité Territoriale,Commune,['Savoie'],['Auvergne-Rhône-Alpes'],COM,{73},{84}
3b8a5830-9daa-4a7d-8266-b648fcbec0f7,215400839,Commune de Bonviller (54),false,{54083},Commune,2026-03-24 14:42:02.957225+01,gold_establishments_2025,,,,21540083900035,2025,Collectivité Territoriale,Commune,['Meurthe-et-Moselle'],['Grand Est'],COM,{54},{44}
7868537a-79f7-41d0-a95d-7f9051c02315,216000851,Commune de Bonvillers (60),false,{60085},Commune,2026-03-24 14:42:04.814328+01,gold_establishments_2025,,,,21600085100016,2025,Collectivité Territoriale,Commune,['Oise'],['Hauts-de-France'],COM,{60},{32}
79869592-45eb-4a8a-9dca-47f810fb5a89,218800654,Commune de Bonvillet (88),false,{88065},Commune,2026-03-24 14:42:11.118516+01,gold_establishments_2025,,,,21880065400012,2025,Collectivité Territoriale,Commune,['Vosges'],['Grand Est'],COM,{88},{44}
e9f7e9e1-0bb3-4dee-8958-5ac4624d240b,210200978,Commune de Bony (02),false,{02100},Commune,2026-03-24 14:41:51.447482+01,gold_establishments_2025,,,,21020097800018,2025,Collectivité Territoriale,Commune,['Aisne'],['Hauts-de-France'],COM,{02},{32}
44c4fd19-7ea7-4415-9843-db241a2e09d7,213300627,Commune de Bonzac (33),false,{33062},Commune,2026-03-24 14:41:58.09424+01,gold_establishments_2025,,,,21330062700014,2025,Collectivité Territoriale,Commune,['Gironde'],['Nouvelle-Aquitaine'],COM,{33},{75}
c1986019-bdff-47ab-a499-f4b9292066b4,200040913,Commune de Bonzée (55),false,{55060},Commune,2026-03-24 14:42:02.957225+01,gold_establishments_2025,,,,20004091300010,2025,Collectivité Territoriale,Commune,['Meuse'],['Grand Est'],COM,{55},{44}
6244597d-ebd3-41ae-9b84-779b8aaff9e3,216700559,Commune de Boofzheim (67),false,{67055},Commune,2026-03-24 14:42:06.665412+01,gold_establishments_2025,,,,21670055900018,2025,Collectivité Territoriale,Commune,['Bas-Rhin'],['Grand Est'],COM,{67},{44}
81634707-cb27-4f2b-8e64-6d1413aa9d91,217601160,Commune de Boos (76),false,{76116},Commune,2026-03-24 14:42:08.818969+01,gold_establishments_2025,,,,21760116000013,2025,Collectivité Territoriale,Commune,['Seine-Maritime'],['Normandie'],COM,{76},{28}
847b6b2c-b143-4e52-abc6-fc36e948b7bf,216700567,Commune de Bootzheim (67),false,{67056},Commune,2026-03-24 14:42:06.665412+01,gold_establishments_2025,,,,21670056700011,2025,Collectivité Territoriale,Commune,['Bas-Rhin'],['Grand Est'],COM,{67},{44}
522aa429-f06b-4832-8fee-f9940f72fbab,212200117,Commune de Boqueho (22),false,{22011},Commune,2026-03-24 14:41:55.433389+01,gold_establishments_2025,,,,21220011700019,2025,Collectivité Territoriale,Commune,"[""Côtes-d'Armor""]",['Bretagne'],COM,{22},{53}
6af10359-1651-410f-ad60-5c89c4a02c39,211200290,Commune de Bor-et-Bar (12),false,{12029},Commune,2026-03-24 14:41:53.63825+01,gold_establishments_2025,,,,21120029000016,2025,Collectivité Territoriale,Commune,['Aveyron'],['Occitanie'],COM,{12},{76}
ccf12897-a643-4456-aa1f-0c37dadc2dfe,216000869,Commune de Boran-sur-Oise (60),false,{60086},Commune,2026-03-24 14:42:04.814328+01,gold_establishments_2025,,,,21600086900018,2025,Collectivité Territoriale,Commune,['Oise'],['Hauts-de-France'],COM,{60},{32}
1ff8f305-77cf-436f-a561-0d078005404d,216401364,Commune de Borce (64),false,{64136},Commune,2026-03-24 14:42:06.130387+01,gold_establishments_2025,,,,21640136400015,2025,Collectivité Territoriale,Commune,['Pyrénées-Atlantiques'],['Nouvelle-Aquitaine'],COM,{64},{75}
a3883ea6-7d8e-4ad3-a202-393bd1c6e947,212302608,Commune de Bord-Saint-Georges (23),false,{23026},Commune,2026-03-24 14:41:55.958138+01,gold_establishments_2025,,,,21230260800014,2025,Collectivité Territoriale,Commune,['Creuse'],['Nouvelle-Aquitaine'],COM,{23},{75}
f7a020cd-7485-4ac5-bdb9-3fc671501820,213300635,Commune de Bordeaux (33),false,{33063},Commune,2026-03-24 14:41:58.09424+01,gold_establishments_2025,,,,21330063500017,2025,Collectivité Territoriale,Commune,['Gironde'],['Nouvelle-Aquitaine'],COM,{33},{75}
5faaf270-ccad-43ad-b6c0-35bd6afe1c5f,217601178,Commune de Bordeaux-Saint-Clair (76),false,{76117},Commune,2026-03-24 14:42:08.818969+01,gold_establishments_2025,,,,21760117800015,2025,Collectivité Territoriale,Commune,['Seine-Maritime'],['Normandie'],COM,{76},{28}
1a5d52a4-ad2b-49c9-98c0-9dce1c79f9b2,214500415,Commune de Bordeaux-en-Gâtinais (45),false,{45041},Commune,2026-03-24 14:42:00.862623+01,gold_establishments_2025,,,,21450041500010,2025,Collectivité Territoriale,Commune,['Loiret'],['Centre-Val de Loire'],COM,{45},{24}
72320e62-6869-444f-acf5-eb30f6aff7d9,216401380,Commune de Bordes (64),false,{64138},Commune,2026-03-24 14:42:06.130387+01,gold_establishments_2025,,,,21640138000094,2025,Collectivité Territoriale,Commune,['Pyrénées-Atlantiques'],['Nouvelle-Aquitaine'],COM,{64},{75}
8e7e914d-5298-4dcd-8b59-a8a279a30b67,216501015,Commune de Bordes (65),false,{65101},Commune,2026-03-24 14:42:06.665412+01,gold_establishments_2025,,,,21650101500012,2025,Collectivité Territoriale,Commune,['Hautes-Pyrénées'],['Occitanie'],COM,{65},{76}
f942dab1-9025-43d4-99fa-9ecac0c66075,200064053,Commune de Bordes-Uchentein (09),false,{09062},Commune,2026-03-24 14:41:53.095366+01,gold_establishments_2025,,,,20006405300016,2025,Collectivité Territoriale,Commune,['Ariège'],['Occitanie'],COM,{09},{76}
8a73f9ea-88ef-45c0-82e3-83097b2f7549,213100761,Commune de Bordes-de-Rivière (31),false,{31076},Commune,2026-03-24 14:41:57.56054+01,gold_establishments_2025,,,,21310076100013,2025,Collectivité Territoriale,Commune,['Haute-Garonne'],['Occitanie'],COM,{31},{76}
478dd786-d3dd-4d49-b929-30eb9827ec9e,213000458,Commune de Bordezac (30),false,{30045},Commune,2026-03-24 14:41:57.56054+01,gold_establishments_2025,,,,21300045800017,2025,Collectivité Territoriale,Commune,['Gard'],['Occitanie'],COM,{30},{76}
7725c1e3-f18e-43b2-9c32-d247aa5fd71c,211700539,Commune de Bords (17),false,{17053},Commune,2026-03-24 14:41:54.903238+01,gold_establishments_2025,,,,21170053900011,2025,Collectivité Territoriale,Commune,['Charente-Maritime'],['Nouvelle-Aquitaine'],COM,{17},{75}
ff5185cf-cd59-4220-a066-f799abaa27e6,216401372,Commune de Bordères (64),false,{64137},Commune,2026-03-24 14:42:06.130387+01,gold_establishments_2025,,,,21640137200018,2025,Collectivité Territoriale,Commune,['Pyrénées-Atlantiques'],['Nouvelle-Aquitaine'],COM,{64},{75}
7c79be1a-2b38-4f7d-9959-545138875e04,216500991,Commune de Bordères-Louron (65),false,{65099},Commune,2026-03-24 14:42:06.665412+01,gold_establishments_2025,,,,21650099100015,2025,Collectivité Territoriale,Commune,['Hautes-Pyrénées'],['Occitanie'],COM,{65},{76}
287ae8df-d4ae-40a2-9a2c-df96329d9917,214000499,Commune de Bordères-et-Lamensans (40),false,{40049},Commune,2026-03-24 14:41:59.705606+01,gold_establishments_2025,,,,21400049900019,2025,Collectivité Territoriale,Commune,['Landes'],['Nouvelle-Aquitaine'],COM,{40},{75}
a5e7ae66-a170-49f6-aa32-d4d01e3ac7c3,216501007,Commune de Bordères-sur-l'Échez (65),false,{65100},Commune,2026-03-24 14:42:06.665412+01,gold_establishments_2025,,,,21650100700019,2025,Collectivité Territoriale,Commune,['Hautes-Pyrénées'],['Occitanie'],COM,{65},{76}
4c3dfcb7-2149-4825-b31e-b6cf4d573ef2,211700547,Commune de Boresse-et-Martron (17),false,{17054},Commune,2026-03-24 14:41:54.903238+01,gold_establishments_2025,,,,21170054700014,2025,Collectivité Territoriale,Commune,['Charente-Maritime'],['Nouvelle-Aquitaine'],COM,{17},{75}
9ca2c129-4909-47b8-9d28-a59dc1123ef5,216000877,Commune de Borest (60),false,{60087},Commune,2026-03-24 14:42:04.814328+01,gold_establishments_2025,,,,21600087700011,2025,Collectivité Territoriale,Commune,['Oise'],['Hauts-de-France'],COM,{60},{32}
056f561c-a90e-4b05-a963-78d6d5a4ff0e,217000777,Commune de Borey (70),false,{70077},Commune,2026-03-24 14:42:07.735343+01,gold_establishments_2025,,,,21700077700011,2025,Collectivité Territoriale,Commune,['Haute-Saône'],['Bourgogne-Franche-Comté'],COM,{70},{27}
49f89dfb-ad3c-45a5-b332-cd63cc5141dc,212000426,Commune de Borgo (2B),false,{2B042},Commune,2026-03-24 14:41:57.56054+01,gold_establishments_2025,,,,21200042600016,2025,Collectivité Territoriale,Commune,['Haute-Corse'],['Corse'],COM,{2B},{94}
64ed2ab8-9b0f-41e8-b164-6e68614a2668,218300192,Commune de Bormes-les-Mimosas (83),false,{83019},Commune,2026-03-24 14:42:10.508772+01,gold_establishments_2025,,,,21830019200018,2025,Collectivité Territoriale,Commune,['Var'],"[""Provence-Alpes-Côte d'Azur""]",COM,{83},{93}
5f95a28b-b5dd-4f52-8e1c-74b6c669f9df,217601186,Commune de Bornambusc (76),false,{76118},Commune,2026-03-24 14:42:08.818969+01,gold_establishments_2025,,,,21760118600018,2025,Collectivité Territoriale,Commune,['Seine-Maritime'],['Normandie'],COM,{76},{28}
cf019218-121e-4456-8ce2-410cbdd224bf,213900665,Commune de Bornay (39),false,{39066},Commune,2026-03-24 14:41:59.705606+01,gold_establishments_2025,,,,21390066500018,2025,Collectivité Territoriale,Commune,['Jura'],['Bourgogne-Franche-Comté'],COM,{39},{27}
85b8df76-7e5a-495a-aeb0-98e49e79142e,210700381,Commune de Borne (07),false,{07038},Commune,2026-03-24 14:41:52.562531+01,gold_establishments_2025,,,,21070038100010,2025,Collectivité Territoriale,Commune,['Ardèche'],['Auvergne-Rhône-Alpes'],COM,{07},{84}
07821bb8-352f-4561-81aa-7e2db6fd5799,214300360,Commune de Borne (43),false,{43036},Commune,2026-03-24 14:42:00.273698+01,gold_establishments_2025,,,,21430036000010,2025,Collectivité Territoriale,Commune,['Haute-Loire'],['Auvergne-Rhône-Alpes'],COM,{43},{84}
2cf0de11-bd88-4eb6-a595-528a9c709db9,200053734,Commune de Bornel (60),false,{60088},Commune,2026-03-24 14:42:04.814328+01,gold_establishments_2025,,,,20005373400014,2025,Collectivité Territoriale,Commune,['Oise'],['Hauts-de-France'],COM,{60},{32}
7060ed54-8e6e-41b6-b00f-92fef3e5fc80,219000148,Commune de Boron (90),false,{90014},Commune,2026-03-24 14:42:11.659493+01,gold_establishments_2025,,,,21900014800011,2025,Collectivité Territoriale,Commune,['Territoire de Belfort'],['Bourgogne-Franche-Comté'],COM,{90},{27}
3b8edffc-5773-43da-95f8-416298da4214,215900911,Commune de Borre (59),false,{59091},Commune,2026-03-24 14:42:04.280096+01,gold_establishments_2025,,,,21590091100011,2025,Collectivité Territoriale,Commune,['Nord'],['Hauts-de-France'],COM,{59},{32}
e9b099f9-9121-481b-9bba-aa406ee6a221,212400501,Commune de Borrèze (24),false,{24050},Commune,2026-03-24 14:41:55.958138+01,gold_establishments_2025,,,,21240050100012,2025,Collectivité Territoriale,Commune,['Dordogne'],['Nouvelle-Aquitaine'],COM,{24},{75}
08970e0a-aecf-463d-a151-b657e7ec1160,211600531,Commune de Bors (Canton de Charente-Sud) (16),false,{16053},Commune,2026-03-24 14:41:54.362296+01,gold_establishments_2025,,,,21160053100019,2025,Collectivité Territoriale,Commune,['Charente'],['Nouvelle-Aquitaine'],COM,{16},{75}
e9ed2241-af72-4e2d-a138-43aade04c1e5,211600523,Commune de Bors (Canton de Tude-et-Lavalette) (16),false,{16052},Commune,2026-03-24 14:41:54.362296+01,gold_establishments_2025,,,,21160052300016,2025,Collectivité Territoriale,Commune,['Charente'],['Nouvelle-Aquitaine'],COM,{16},{75}
f43826e1-f4db-41ad-a65e-0e4bb79c5cca,216300459,Commune de Bort-l'Étang (63),false,{63045},Commune,2026-03-24 14:42:06.130387+01,gold_establishments_2025,,,,21630045900015,2025,Collectivité Territoriale,Commune,['Puy-de-Dôme'],['Auvergne-Rhône-Alpes'],COM,{63},{84}
9538a787-15bd-436c-959c-53052c3677b6,211902804,Commune de Bort-les-Orgues (19),false,{19028},Commune,2026-03-24 14:41:54.903238+01,gold_establishments_2025,,,,21190280400015,2025,Collectivité Territoriale,Commune,['Corrèze'],['Nouvelle-Aquitaine'],COM,{19},{75}
9a36228f-a1f2-48f0-8529-82570c428b15,215400854,Commune de Borville (54),false,{54085},Commune,2026-03-24 14:42:02.957225+01,gold_establishments_2025,,,,21540085400018,2025,Collectivité Territoriale,Commune,['Meurthe-et-Moselle'],['Grand Est'],COM,{54},{44}
41e424ec-ca65-4eb8-a517-dbf0e39c9572,210700373,Commune de Borée (07),false,{07037},Commune,2026-03-24 14:41:52.562531+01,gold_establishments_2025,,,,21070037300017,2025,Collectivité Territoriale,Commune,['Ardèche'],['Auvergne-Rhône-Alpes'],COM,{07},{84}
0c2d2024-e0e2-4ad6-8604-613eac7eec78,217601202,Commune de Bosc-Bordel (76),false,{76120},Commune,2026-03-24 14:42:08.818969+01,gold_establishments_2025,,,,21760120200013,2025,Collectivité Territoriale,Commune,['Seine-Maritime'],['Normandie'],COM,{76},{28}
7b08af43-7614-463c-aa29-c9d53c6648f7,217601194,Commune de Bosc-Bérenger (76),false,{76119},Commune,2026-03-24 14:42:08.818969+01,gold_establishments_2025,,,,21760119400012,2025,Collectivité Territoriale,Commune,['Seine-Maritime'],['Normandie'],COM,{76},{28}
96760ed5-6396-4d82-97b7-47624348c7c6,217601236,Commune de Bosc-Guérard-Saint-Adrien (76),false,{76123},Commune,2026-03-24 14:42:08.818969+01,gold_establishments_2025,,,,21760123600011,2025,Collectivité Territoriale,Commune,['Seine-Maritime'],['Normandie'],COM,{76},{28}
175f0390-9c71-4f98-945b-865be281d5ff,217601244,Commune de Bosc-Hyons (76),false,{76124},Commune,2026-03-24 14:42:08.818969+01,gold_establishments_2025,,,,21760124400015,2025,Collectivité Territoriale,Commune,['Seine-Maritime'],['Normandie'],COM,{76},{28}
7e25d8c5-5345-4541-8d18-3e54bcc9fc69,217601269,Commune de Bosc-Mesnil (76),false,{76126},Commune,2026-03-24 14:42:08.818969+01,gold_establishments_2025,,,,21760126900012,2025,Collectivité Territoriale,Commune,['Seine-Maritime'],['Normandie'],COM,{76},{28}
08e62cbd-d0d0-4bc0-8158-23858e1c31bb,217601251,Commune de Bosc-le-Hard (76),false,{76125},Commune,2026-03-24 14:42:08.818969+01,gold_establishments_2025,,,,21760125100010,2025,Collectivité Territoriale,Commune,['Seine-Maritime'],['Normandie'],COM,{76},{28}
bf8ade71-ebd2-49f9-b5e4-461b36cbfd02,217601210,Commune de Bosc-Édeline (76),false,{76121},Commune,2026-03-24 14:42:08.818969+01,gold_establishments_2025,,,,21760121000016,2025,Collectivité Territoriale,Commune,['Seine-Maritime'],['Normandie'],COM,{76},{28}
c67cba22-fd9e-46f2-83a6-beaf356c9886,211700554,Commune de Boscamnant (17),false,{17055},Commune,2026-03-24 14:41:54.903238+01,gold_establishments_2025,,,,21170055400010,2025,Collectivité Territoriale,Commune,['Charente-Maritime'],['Nouvelle-Aquitaine'],COM,{17},{75}
476a0366-33e4-4e2d-a1ba-2b9b37a5858a,216401398,Commune de Bosdarros (64),false,{64139},Commune,2026-03-24 14:42:06.130387+01,gold_establishments_2025,,,,21640139800013,2025,Collectivité Territoriale,Commune,['Pyrénées-Atlantiques'],['Nouvelle-Aquitaine'],COM,{64},{75}
25ce016c-636c-4d67-9e80-a2c4d07d0005,212700918,Commune de Bosgouet (27),false,{27091},Commune,2026-03-24 14:41:56.495197+01,gold_establishments_2025,,,,21270091800015,2025,Collectivité Territoriale,Commune,['Eure'],['Normandie'],COM,{27},{28}
11b0de00-d5a6-4207-99ac-d2f352a1b290,217100445,Commune de Bosjean (71),false,{71044},Commune,2026-03-24 14:42:07.735343+01,gold_establishments_2025,,,,21710044500014,2025,Collectivité Territoriale,Commune,['Saône-et-Loire'],['Bourgogne-Franche-Comté'],COM,{71},{27}
8d3f56d8-4d15-43ea-b96c-7f39f772816d,218702108,Commune de Bosmie-l'Aiguille (87),false,{87021},Commune,2026-03-24 14:42:11.118516+01,gold_establishments_2025,,,,21870210800018,2025,Collectivité Territoriale,Commune,['Haute-Vienne'],['Nouvelle-Aquitaine'],COM,{87},{75}
d171207b-b560-4a63-b13d-844172d8c96c,210200986,Commune de Bosmont-sur-Serre (02),false,{02101},Commune,2026-03-24 14:41:51.447482+01,gold_establishments_2025,,,,21020098600011,2025,Collectivité Territoriale,Commune,['Aisne'],['Hauts-de-France'],COM,{02},{32}
f17783f2-8fd1-412d-b589-323e9bfca8a2,212302707,Commune de Bosmoreau-les-Mines (23),false,{23027},Commune,2026-03-24 14:41:55.958138+01,gold_establishments_2025,,,,21230270700014,2025,Collectivité Territoriale,Commune,['Creuse'],['Nouvelle-Aquitaine'],COM,{23},{75}
46b6ac80-4e16-4224-aa33-bcdf489885c8,218001089,Commune de Bosquel (80),false,{80114},Commune,2026-03-24 14:42:09.967209+01,gold_establishments_2025,,,,21800108900018,2025,Collectivité Territoriale,Commune,['Somme'],['Hauts-de-France'],COM,{80},{32}
af303c84-8bcc-48f0-80f3-87b13ce45492,212700942,Commune de Bosquentin (27),false,{27094},Commune,2026-03-24 14:41:56.495197+01,gold_establishments_2025,,,,21270094200015,2025,Collectivité Territoriale,Commune,['Eure'],['Normandie'],COM,{27},{28}
a0a96f24-08e7-4bc7-ae05-f28a3e547629,212700959,Commune de Bosrobert (27),false,{27095},Commune,2026-03-24 14:41:56.495197+01,gold_establishments_2025,,,,21270095900019,2025,Collectivité Territoriale,Commune,['Eure'],['Normandie'],COM,{27},{28}
61acf2ee-1d5e-4a14-95dc-02f248ad5576,212302806,Commune de Bosroger (23),false,{23028},Commune,2026-03-24 14:41:55.958138+01,gold_establishments_2025,,,,21230280600014,2025,Collectivité Territoriale,Commune,['Creuse'],['Nouvelle-Aquitaine'],COM,{23},{75}
62042c4c-8733-4325-96f1-ff23f1a6a714,200063873,Commune de Bosroumois (27),false,{27090},Commune,2026-03-24 14:41:56.495197+01,gold_establishments_2025,,,,20006387300018,2025,Collectivité Territoriale,Commune,['Eure'],['Normandie'],COM,{27},{28}
6141d79c-eb68-4db4-bb56-40e382a0b7d7,211000450,Commune de Bossancourt (10),false,{10050},Commune,2026-03-24 14:41:53.095366+01,gold_establishments_2025,,,,21100045000018,2025,Collectivité Territoriale,Commune,['Aube'],['Grand Est'],COM,{10},{44}
dd39919c-0612-43e2-ba78-62bf39ae27fd,213700289,Commune de Bossay-sur-Claise (37),false,{37028},Commune,2026-03-24 14:41:59.160244+01,gold_establishments_2025,,,,21370028900019,2025,Collectivité Territoriale,Commune,['Indre-et-Loire'],['Centre-Val de Loire'],COM,{37},{24}
61785b1d-6036-485c-ab12-23b42bc4634d,216700575,Commune de Bosselshausen (67),false,{67057},Commune,2026-03-24 14:42:06.665412+01,gold_establishments_2025,,,,21670057500014,2025,Collectivité Territoriale,Commune,['Bas-Rhin'],['Grand Est'],COM,{67},{44}
bbacbeb0-7fa6-40ea-85a9-0dabd9dc2fb3,216700583,Commune de Bossendorf (67),false,{67058},Commune,2026-03-24 14:42:06.665412+01,gold_establishments_2025,,,,21670058300018,2025,Collectivité Territoriale,Commune,['Bas-Rhin'],['Grand Est'],COM,{67},{44}
b5949d57-f9d0-40c2-9196-3a4413c937ad,212400519,Commune de Bosset (24),false,{24051},Commune,2026-03-24 14:41:55.958138+01,gold_establishments_2025,,,,21240051900014,2025,Collectivité Territoriale,Commune,['Dordogne'],['Nouvelle-Aquitaine'],COM,{24},{75}
85537349-86a3-4874-950f-7d23b02b0de0,217400449,Commune de Bossey (74),false,{74044},Commune,2026-03-24 14:42:08.279287+01,gold_establishments_2025,,,,21740044900013,2025,Collectivité Territoriale,Commune,['Haute-Savoie'],['Auvergne-Rhône-Alpes'],COM,{74},{84}
70f227a6-3521-4a77-8a91-0b64fe7e4221,213800493,Commune de Bossieu (38),false,{38049},Commune,2026-03-24 14:41:59.160244+01,gold_establishments_2025,,,,21380049300016,2025,Collectivité Territoriale,Commune,['Isère'],['Auvergne-Rhône-Alpes'],COM,{38},{84}
24cb01b2-267f-4439-9829-e1637b9b7ff7,213300643,Commune de Bossugan (33),false,{33064},Commune,2026-03-24 14:41:58.09424+01,gold_establishments_2025,,,,21330064300011,2025,Collectivité Territoriale,Commune,['Gironde'],['Nouvelle-Aquitaine'],COM,{33},{75}
2b04c4b9-1c6f-4588-8923-13c790a4ca15,210800678,Commune de Bossus-lès-Rumigny (08),false,{08073},Commune,2026-03-24 14:41:52.562531+01,gold_establishments_2025,,,,21080067800018,2025,Collectivité Territoriale,Commune,['Ardennes'],['Grand Est'],COM,{08},{44}
1a00c153-b483-4aa4-8ff3-a8c58a3be833,213700297,Commune de Bossée (37),false,{37029},Commune,2026-03-24 14:41:59.160244+01,gold_establishments_2025,,,,21370029700012,2025,Collectivité Territoriale,Commune,['Indre-et-Loire'],['Centre-Val de Loire'],COM,{37},{24}
3e504e8c-f5e8-4fe5-913d-ce216d80f5e4,210300331,Commune de Bost (03),false,{03033},Commune,2026-03-24 14:41:52.020251+01,gold_establishments_2025,,,,21030033100019,2025,Collectivité Territoriale,Commune,['Allier'],['Auvergne-Rhône-Alpes'],COM,{03},{84}
3e10db23-6eb3-45d7-9439-c077befa7607,214000507,Commune de Bostens (40),false,{40050},Commune,2026-03-24 14:41:59.705606+01,gold_establishments_2025,,,,21400050700019,2025,Collectivité Territoriale,Commune,['Landes'],['Nouvelle-Aquitaine'],COM,{40},{75}
b522d2a5-f0b3-4513-8cd4-4f352e4c1f40,217601285,Commune de Bosville (76),false,{76128},Commune,2026-03-24 14:42:08.818969+01,gold_establishments_2025,,,,21760128500018,2025,Collectivité Territoriale,Commune,['Seine-Maritime'],['Normandie'],COM,{76},{28}
22510dba-8f87-4c10-8e39-d38c0706c5e6,219000155,Commune de Botans (90),false,{90015},Commune,2026-03-24 14:42:11.659493+01,gold_establishments_2025,,,,21900015500016,2025,Collectivité Territoriale,Commune,['Territoire de Belfort'],['Bourgogne-Franche-Comté'],COM,{90},{27}
25fc6545-cafa-4118-a767-6e72f1a3c5c5,212900138,Commune de Botmeur (29),false,{29013},Commune,2026-03-24 14:41:57.028721+01,gold_establishments_2025,,,,21290013800018,2025,Collectivité Territoriale,Commune,['Finistère'],['Bretagne'],COM,{29},{53}
e6451b56-153b-4cfb-a5ae-8cb152f19423,212900146,Commune de Botsorhel (29),false,{29014},Commune,2026-03-24 14:41:57.028721+01,gold_establishments_2025,,,,21290014600011,2025,Collectivité Territoriale,Commune,['Finistère'],['Bretagne'],COM,{29},{53}
1c71ba1f-0732-4f88-a151-6326d70296c7,214500431,Commune de Bou (45),false,{45043},Commune,2026-03-24 14:42:00.862623+01,gold_establishments_2025,,,,21450043100017,2025,Collectivité Territoriale,Commune,['Loiret'],['Centre-Val de Loire'],COM,{45},{24}
1c167f08-fce7-435b-a4b5-7110b67f8c01,217800903,Commune de Bouafle (78),false,{78090},Commune,2026-03-24 14:42:09.43682+01,gold_establishments_2025,,,,21780090300015,2025,Collectivité Territoriale,Commune,['Yvelines'],['Île-de-France'],COM,{78},{11}
2546bb0a-32a0-474c-a0ed-d73e33725d84,212700975,Commune de Bouafles (27),false,{27097},Commune,2026-03-24 14:41:56.495197+01,gold_establishments_2025,,,,21270097500015,2025,Collectivité Territoriale,Commune,['Eure'],['Normandie'],COM,{27},{28}
fdfec6bc-08d3-4006-8606-db00eeaff23c,210900643,Commune de Bouan (09),false,{09064},Commune,2026-03-24 14:41:53.095366+01,gold_establishments_2025,,,,21090064300011,2025,Collectivité Territoriale,Commune,['Ariège'],['Occitanie'],COM,{09},{76}
d53cff40-3a99-47f2-a275-bc81b2ad3842,214400186,Commune de Bouaye (44),false,{44018},Commune,2026-03-24 14:42:00.273698+01,gold_establishments_2025,,,,21440018600018,2025,Collectivité Territoriale,Commune,['Loire-Atlantique'],['Pays de la Loire'],COM,{44},{52}
8a6720ea-3545-45d1-9e1d-4757ecd5f27e,216201574,Commune de Boubers-lès-Hesmond (62),false,{62157},Commune,2026-03-24 14:42:05.597325+01,gold_establishments_2025,,,,21620157400011,2025,Collectivité Territoriale,Commune,['Pas-de-Calais'],['Hauts-de-France'],COM,{62},{32}
4fda4723-2adb-468e-838b-de0360f24f04,216201582,Commune de Boubers-sur-Canche (62),false,{62158},Commune,2026-03-24 14:42:05.597325+01,gold_establishments_2025,,,,21620158200014,2025,Collectivité Territoriale,Commune,['Pas-de-Calais'],['Hauts-de-France'],COM,{62},{32}
e1243038-ad42-4751-99ae-c93209566b85,216000893,Commune de Boubiers (60),false,{60089},Commune,2026-03-24 14:42:04.814328+01,gold_establishments_2025,,,,21600089300018,2025,Collectivité Territoriale,Commune,['Oise'],['Hauts-de-France'],COM,{60},{32}
4bfe75df-5a26-45a0-96f3-453c07ec41e9,211300157,Commune de Bouc-Bel-Air (13),false,{13015},Commune,2026-03-24 14:41:53.63825+01,gold_establishments_2025,,,,21130015700016,2025,Collectivité Territoriale,Commune,['Bouches-du-Rhône'],"[""Provence-Alpes-Côte d'Azur""]",COM,{13},{93}
cb32a653-6ee4-409d-954d-f28ababafa1c,213200603,Commune de Boucagnères (32),false,{32060},Commune,2026-03-24 14:41:58.09424+01,gold_establishments_2025,,,,21320060300016,2025,Collectivité Territoriale,Commune,['Gers'],['Occitanie'],COM,{32},{76}
e58ecfdc-a555-438e-be69-d6b2232e5e99,216401406,Commune de Boucau (64),false,{64140},Commune,2026-03-24 14:42:06.130387+01,gold_establishments_2025,,,,21640140600014,2025,Collectivité Territoriale,Commune,['Pyrénées-Atlantiques'],['Nouvelle-Aquitaine'],COM,{64},{75}
98fa5035-9301-44e2-9644-90bbb7201bae,215900929,Commune de Bouchain (59),false,{59092},Commune,2026-03-24 14:42:04.280096+01,gold_establishments_2025,,,,21590092900013,2025,Collectivité Territoriale,Commune,['Nord'],['Hauts-de-France'],COM,{59},{32}
169b6cea-5937-4567-9c5d-5fe6e5d41360,215300351,Commune de Bouchamps-lès-Craon (53),false,{53035},Commune,2026-03-24 14:42:01.954481+01,gold_establishments_2025,,,,21530035100016,2025,Collectivité Territoriale,Commune,['Mayenne'],['Pays de la Loire'],COM,{53},{52}
ff14c093-8828-4654-848d-af5b35c83aab,218001097,Commune de Bouchavesnes-Bergen (80),false,{80115},Commune,2026-03-24 14:42:09.967209+01,gold_establishments_2025,,,,21800109700011,2025,Collectivité Territoriale,Commune,['Somme'],['Hauts-de-France'],COM,{80},{32}
940f75b7-a719-4576-a254-eda885e0c6b8,214900359,Commune de Bouchemaine (49),false,{49035},Commune,2026-03-24 14:42:01.412377+01,gold_establishments_2025,,,,21490035900016,2025,Collectivité Territoriale,Commune,['Maine-et-Loire'],['Pays de la Loire'],COM,{49},{52}
c9204a4a-fa7d-45a9-a17f-39572c739339,215700956,Commune de Boucheporn (57),false,{57095},Commune,2026-03-24 14:42:03.701372+01,gold_establishments_2025,,,,21570095600018,2025,Collectivité Territoriale,Commune,['Moselle'],['Grand Est'],COM,{57},{44}
a5c2ba82-d8ac-4157-8bf6-e9c951e011d2,212600548,Commune de Bouchet (26),false,{26054},Commune,2026-03-24 14:41:56.495197+01,gold_establishments_2025,,,,21260054800045,2025,Collectivité Territoriale,Commune,['Drôme'],['Auvergne-Rhône-Alpes'],COM,{26},{84}
b0f3912d-13f0-464f-a5e9-ced1d19794ad,212700983,Commune de Bouchevilliers (27),false,{27098},Commune,2026-03-24 14:41:56.495197+01,gold_establishments_2025,,,,21270098300019,2025,Collectivité Territoriale,Commune,['Eure'],['Normandie'],COM,{27},{28}
b52383ac-ce40-4f2a-99eb-25fb50a0a6b5,218001105,Commune de Bouchoir (80),false,{80116},Commune,2026-03-24 14:42:09.967209+01,gold_establishments_2025,,,,21800110500012,2025,Collectivité Territoriale,Commune,['Somme'],['Hauts-de-France'],COM,{80},{32}
6a53b2dd-6244-4bec-ac0c-63b094aa0c65,218001113,Commune de Bouchon (80),false,{80117},Commune,2026-03-24 14:42:09.967209+01,gold_establishments_2025,,,,21800111300016,2025,Collectivité Territoriale,Commune,['Somme'],['Hauts-de-France'],COM,{80},{32}
2c628a20-d4b2-4379-ac4f-fa4ba3e31c83,215100652,Commune de Bouchy-Saint-Genest (51),false,{51071},Commune,2026-03-24 14:42:01.412377+01,gold_establishments_2025,,,,21510065200019,2025,Collectivité Territoriale,Commune,['Marne'],['Grand Est'],COM,{51},{44}
3c9d7ee6-2e34-41f1-9cd2-908b8ba30e24,210700407,Commune de Boucieu-le-Roi (07),false,{07040},Commune,2026-03-24 14:41:52.562531+01,gold_establishments_2025,,,,21070040700013,2025,Collectivité Territoriale,Commune,['Ardèche'],['Auvergne-Rhône-Alpes'],COM,{07},{84}
246d7b39-9005-4cb8-816e-f74b8a3f08ea,200076370,Commune de Bouclans (25),false,{25078},Commune,2026-03-24 14:41:55.958138+01,gold_establishments_2025,,,,20007637000010,2025,Collectivité Territoriale,Commune,['Doubs'],['Bourgogne-Franche-Comté'],COM,{25},{27}
25d4daae-fa7f-4120-91b6-74601739dbc1,213000466,Commune de Boucoiran-et-Nozières (30),false,{30046},Commune,2026-03-24 14:41:57.56054+01,gold_establishments_2025,,,,21300046600010,2025,Collectivité Territoriale,Commune,['Gard'],['Occitanie'],COM,{30},{76}
58bf599a-c7dc-4002-9e44-759c78ca2fea,210800686,Commune de Bouconville (08),false,{08074},Commune,2026-03-24 14:41:52.562531+01,gold_establishments_2025,,,,21080068600011,2025,Collectivité Territoriale,Commune,['Ardennes'],['Grand Est'],COM,{08},{44}
391e8a4c-bec2-4182-8a6a-3931c6d5b3e3,210200994,Commune de Bouconville-Vauclair (02),false,{02102},Commune,2026-03-24 14:41:51.447482+01,gold_establishments_2025,,,,21020099400015,2025,Collectivité Territoriale,Commune,['Aisne'],['Hauts-de-France'],COM,{02},{32}
0b8012ea-d6d8-4ec9-8e15-889d88535542,215500620,Commune de Bouconville-sur-Madt (55),false,{55062},Commune,2026-03-24 14:42:02.957225+01,gold_establishments_2025,,,,21550062000012,2025,Collectivité Territoriale,Commune,['Meuse'],['Grand Est'],COM,{55},{44}
7e18e8ca-ddad-446d-85c8-14544f4671fc,216000901,Commune de Bouconvillers (60),false,{60090},Commune,2026-03-24 14:42:04.814328+01,gold_establishments_2025,,,,21600090100019,2025,Collectivité Territoriale,Commune,['Oise'],['Hauts-de-France'],COM,{60},{32}
4e94b8e9-cd09-423b-be66-37a8288c8fa6,215400862,Commune de Boucq (54),false,{54086},Commune,2026-03-24 14:42:02.957225+01,gold_establishments_2025,,,,21540086200011,2025,Collectivité Territoriale,Commune,['Meurthe-et-Moselle'],['Grand Est'],COM,{54},{44}
256224bc-b258-49db-9f19-e69df84586e6,210300349,Commune de Boucé (03),false,{03034},Commune,2026-03-24 14:41:52.020251+01,gold_establishments_2025,,,,21030034900011,2025,Collectivité Territoriale,Commune,['Allier'],['Auvergne-Rhône-Alpes'],COM,{03},{84}
c89721cb-7678-47ad-b0ed-4f8e6c62e466,216100552,Commune de Boucé (61),false,{61055},Commune,2026-03-24 14:42:04.814328+01,gold_establishments_2025,,,,21610055200019,2025,Collectivité Territoriale,Commune,['Orne'],['Normandie'],COM,{61},{28}
1f2788ab-3555-4425-90c2-25da3776d40f,216300467,Commune de Boudes (63),false,{63046},Commune,2026-03-24 14:42:06.130387+01,gold_establishments_2025,,,,21630046700018,2025,Collectivité Territoriale,Commune,['Puy-de-Dôme'],['Auvergne-Rhône-Alpes'],COM,{63},{84}
7a75261d-5172-40e0-95a9-a030b6dce574,217601293,Commune de Boudeville (76),false,{76129},Commune,2026-03-24 14:42:08.818969+01,gold_establishments_2025,,,,21760129300012,2025,Collectivité Territoriale,Commune,['Seine-Maritime'],['Normandie'],COM,{76},{28}
1969e308-389b-4db5-a86e-ec5837165227,218200194,Commune de Boudou (82),false,{82019},Commune,2026-03-24 14:42:10.508772+01,gold_establishments_2025,,,,21820019400015,2025,Collectivité Territoriale,Commune,['Tarn-et-Garonne'],['Occitanie'],COM,{82},{76}
e39e05a0-09f5-4067-b3e8-4af4700ed0ba,213100787,Commune de Boudrac (31),false,{31078},Commune,2026-03-24 14:41:57.56054+01,gold_establishments_2025,,,,21310078700018,2025,Collectivité Territoriale,Commune,['Haute-Garonne'],['Occitanie'],COM,{31},{76}
d1947c8c-3a76-43f2-96a5-6f3a73cecadf,212100903,Commune de Boudreville (21),false,{21090},Commune,2026-03-24 14:41:55.433389+01,gold_establishments_2025,,,,21210090300013,2025,Collectivité Territoriale,Commune,"[""Côte-d'Or""]",['Bourgogne-Franche-Comté'],COM,{21},{27}
8d874b5d-dbdd-4ae8-b3b7-185dc6482b42,214703456,Commune de Boudy-de-Beauregard (47),false,{47033},Commune,2026-03-24 14:42:00.862623+01,gold_establishments_2025,,,,21470345600019,2025,Collectivité Territoriale,Commune,['Lot-et-Garonne'],['Nouvelle-Aquitaine'],COM,{47},{75}
b156e5f9-1cb2-4de1-8b2c-0090a557f70d,216401414,Commune de Boueilh-Boueilho-Lasque (64),false,{64141},Commune,2026-03-24 14:42:06.130387+01,gold_establishments_2025,,,,21640141400018,2025,Collectivité Territoriale,Commune,['Pyrénées-Atlantiques'],['Nouvelle-Aquitaine'],COM,{64},{75}
21c0b494-37ed-48d1-9a89-85b36573eb0e,217601301,Commune de Bouelles (76),false,{76130},Commune,2026-03-24 14:42:08.818969+01,gold_establishments_2025,,,,21760130100013,2025,Collectivité Territoriale,Commune,['Seine-Maritime'],['Normandie'],COM,{76},{28}
d5bb5b7f-d258-4bae-b576-1bffb5fa2839,215300377,Commune de Bouessay (53),false,{53037},Commune,2026-03-24 14:42:01.954481+01,gold_establishments_2025,,,,21530037700011,2025,Collectivité Territoriale,Commune,['Mayenne'],['Pays de la Loire'],COM,{53},{52}
5517bfde-ad89-473f-a525-8159c531a9b6,213600224,Commune de Bouesse (36),false,{36022},Commune,2026-03-24 14:41:59.160244+01,gold_establishments_2025,,,,21360022400017,2025,Collectivité Territoriale,Commune,['Indre'],['Centre-Val de Loire'],COM,{36},{24}
9c2989e7-9c6a-4fdf-95d4-cc640a6947d9,210201018,Commune de Bouffignereux (02),false,{02104},Commune,2026-03-24 14:41:51.447482+01,gold_establishments_2025,,,,21020101800012,2025,Collectivité Territoriale,Commune,['Aisne'],['Hauts-de-France'],COM,{02},{32}
301b7e87-7b76-46b8-9470-a3bc347abe39,218001121,Commune de Boufflers (80),false,{80118},Commune,2026-03-24 14:42:09.967209+01,gold_establishments_2025,,,,21800112100019,2025,Collectivité Territoriale,Commune,['Somme'],['Hauts-de-France'],COM,{80},{32}
cca2970d-7c42-4b12-9f41-1f1b0b0c199d,214100224,Commune de Bouffry (41),false,{41022},Commune,2026-03-24 14:41:59.705606+01,gold_establishments_2025,,,,21410022400010,2025,Collectivité Territoriale,Commune,['Loir-et-Cher'],['Centre-Val de Loire'],COM,{41},{24}
faf0332c-0226-470a-a972-b7270efdf177,219500915,Commune de Bouffémont (95),false,{95091},Commune,2026-03-24 14:42:11.659493+01,gold_establishments_2025,,,,21950091500018,2025,Collectivité Territoriale,Commune,"[""Val-d'Oise""]",['Île-de-France'],COM,{95},{11}
bc562a7a-6eb5-4756-a081-c51db8505e1a,218001139,Commune de Bougainville (80),false,{80119},Commune,2026-03-24 14:42:09.967209+01,gold_establishments_2025,,,,21800113900011,2025,Collectivité Territoriale,Commune,['Somme'],['Hauts-de-France'],COM,{80},{32}
167add08-0230-4315-9d9e-8e68ff4898ec,216401422,Commune de Bougarber (64),false,{64142},Commune,2026-03-24 14:42:06.130387+01,gold_establishments_2025,,,,21640142200011,2025,Collectivité Territoriale,Commune,['Pyrénées-Atlantiques'],['Nouvelle-Aquitaine'],COM,{64},{75}
b4b460e1-1388-4e64-9c79-c6a0b297eeeb,213600232,Commune de Bouges-le-Château (36),false,{36023},Commune,2026-03-24 14:41:59.160244+01,gold_establishments_2025,,,,21360023200010,2025,Collectivité Territoriale,Commune,['Indre'],['Centre-Val de Loire'],COM,{36},{24}
18dd3529-82b9-4201-8c24-718566678f5a,217000785,Commune de Bougey (70),false,{70078},Commune,2026-03-24 14:42:07.735343+01,gold_establishments_2025,,,,21700078500014,2025,Collectivité Territoriale,Commune,['Haute-Saône'],['Bourgogne-Franche-Comté'],COM,{70},{27}
76c48a51-643b-40b5-9192-b73043f11d4a,217800929,Commune de Bougival (78),false,{78092},Commune,2026-03-24 14:42:09.43682+01,gold_establishments_2025,,,,21780092900010,2025,Collectivité Territoriale,Commune,['Yvelines'],['Île-de-France'],COM,{78},{11}
bf88c24d-4e23-4ee4-bd92-cf53017445b2,212800528,Commune de Bouglainval (28),false,{28052},Commune,2026-03-24 14:41:57.028721+01,gold_establishments_2025,,,,21280052800011,2025,Collectivité Territoriale,Commune,['Eure-et-Loir'],['Centre-Val de Loire'],COM,{28},{24}
e158c7e4-0321-413a-8e3c-a8ccfb2b2b92,217700459,Commune de Bougligny (77),false,{77045},Commune,2026-03-24 14:42:08.818969+01,gold_establishments_2025,,,,21770045900019,2025,Collectivité Territoriale,Commune,['Seine-et-Marne'],['Île-de-France'],COM,{77},{11}
eecd6c87-3be2-4033-9a5e-3b838d1a58f4,214700346,Commune de Bouglon (47),false,{47034},Commune,2026-03-24 14:42:00.862623+01,gold_establishments_2025,,,,21470034600015,2025,Collectivité Territoriale,Commune,['Lot-et-Garonne'],['Nouvelle-Aquitaine'],COM,{47},{75}
64acd85c-23ca-402f-8105-b2634a08508c,211700562,Commune de Bougneau (17),false,{17056},Commune,2026-03-24 14:41:54.903238+01,gold_establishments_2025,,,,21170056200013,2025,Collectivité Territoriale,Commune,['Charente-Maritime'],['Nouvelle-Aquitaine'],COM,{17},{75}
1896fdb1-e22b-4730-9a6b-870c5dac6dbf,217000793,Commune de Bougnon (70),false,{70079},Commune,2026-03-24 14:42:07.735343+01,gold_establishments_2025,,,,21700079300018,2025,Collectivité Territoriale,Commune,['Haute-Saône'],['Bourgogne-Franche-Comté'],COM,{70},{27}
1c169587-26ab-46a1-963d-1226b10bfd39,217900422,Commune de Bougon (79),false,{79042},Commune,2026-03-24 14:42:09.43682+01,gold_establishments_2025,,,,21790042200015,2025,Collectivité Territoriale,Commune,['Deux-Sèvres'],['Nouvelle-Aquitaine'],COM,{79},{75}
d77970b3-1c9e-468e-9216-41e64c5419b8,214000515,Commune de Bougue (40),false,{40051},Commune,2026-03-24 14:41:59.705606+01,gold_establishments_2025,,,,21400051500012,2025,Collectivité Territoriale,Commune,['Landes'],['Nouvelle-Aquitaine'],COM,{40},{75}
a2d0b3fd-c4c9-40d5-9b8f-44b6e3c30fcb,214400202,Commune de Bouguenais (44),false,{44020},Commune,2026-03-24 14:42:00.273698+01,gold_establishments_2025,,,,21440020200013,2025,Collectivité Territoriale,Commune,['Loire-Atlantique'],['Pays de la Loire'],COM,{44},{52}
4316eb25-6c97-4e59-bf3c-c4fa439cc2bd,211400890,Commune de Bougy (14),false,{14089},Commune,2026-03-24 14:41:53.63825+01,gold_establishments_2025,,,,21140089000011,2025,Collectivité Territoriale,Commune,['Calvados'],['Normandie'],COM,{14},{28}
9a5355aa-5b8b-4679-a2cd-4277cbd5fdff,214500449,Commune de Bougy-lez-Neuville (45),false,{45044},Commune,2026-03-24 14:42:00.862623+01,gold_establishments_2025,,,,21450044900019,2025,Collectivité Territoriale,Commune,['Loiret'],['Centre-Val de Loire'],COM,{45},{24}
303d9679-8919-4561-ba0a-0aaf3f6b2869,213800519,Commune de Bougé-Chambalud (38),false,{38051},Commune,2026-03-24 14:41:59.160244+01,gold_establishments_2025,,,,21380051900018,2025,Collectivité Territoriale,Commune,['Isère'],['Auvergne-Rhône-Alpes'],COM,{38},{84}
46264ff5-2451-4197-a6bc-1a3149698c9c,217100452,Commune de Bouhans (71),false,{71045},Commune,2026-03-24 14:42:07.735343+01,gold_establishments_2025,,,,21710045200010,2025,Collectivité Territoriale,Commune,['Saône-et-Loire'],['Bourgogne-Franche-Comté'],COM,{71},{27}
e6746df4-9a2b-4dff-a0b1-ea0a8ecdda15,217000801,Commune de Bouhans-et-Feurg (70),false,{70080},Commune,2026-03-24 14:42:07.735343+01,gold_establishments_2025,,,,21700080100019,2025,Collectivité Territoriale,Commune,['Haute-Saône'],['Bourgogne-Franche-Comté'],COM,{70},{27}
d8483c31-46ff-4eec-b678-3c742d0bcc6a,217000819,Commune de Bouhans-lès-Lure (70),false,{70081},Commune,2026-03-24 14:42:07.735343+01,gold_establishments_2025,,,,21700081900011,2025,Collectivité Territoriale,Commune,['Haute-Saône'],['Bourgogne-Franche-Comté'],COM,{70},{27}
2984cad1-ed5f-4666-b12a-53cd7ce4a022,217000827,Commune de Bouhans-lès-Montbozon (70),false,{70082},Commune,2026-03-24 14:42:07.735343+01,gold_establishments_2025,,,,21700082700014,2025,Collectivité Territoriale,Commune,['Haute-Saône'],['Bourgogne-Franche-Comté'],COM,{70},{27}
552023fe-4312-4da0-99f6-1a7fef888a06,211700570,Commune de Bouhet (17),false,{17057},Commune,2026-03-24 14:41:54.903238+01,gold_establishments_2025,,,,21170057000016,2025,Collectivité Territoriale,Commune,['Charente-Maritime'],['Nouvelle-Aquitaine'],COM,{17},{75}
b5c30d4b-311c-45af-bee1-3395df70266a,212100911,Commune de Bouhey (21),false,{21091},Commune,2026-03-24 14:41:55.433389+01,gold_establishments_2025,,,,21210091100016,2025,Collectivité Territoriale,Commune,"[""Côte-d'Or""]",['Bourgogne-Franche-Comté'],COM,{21},{27}
33483ba1-7c2c-4c94-a298-0d378fc204f8,215800368,Commune de Bouhy (58),false,{58036},Commune,2026-03-24 14:42:04.280096+01,gold_establishments_2025,,,,21580036800015,2025,Collectivité Territoriale,Commune,['Nièvre'],['Bourgogne-Franche-Comté'],COM,{58},{27}
3ca35404-893d-4e67-b173-2a082cbfdd10,216501023,Commune de Bouilh-Devant (65),false,{65102},Commune,2026-03-24 14:42:06.665412+01,gold_establishments_2025,,,,21650102300016,2025,Collectivité Territoriale,Commune,['Hautes-Pyrénées'],['Occitanie'],COM,{65},{76}
72979a98-ddb1-4ed7-9c44-9ea141afada7,216501031,Commune de Bouilh-Péreuilh (65),false,{65103},Commune,2026-03-24 14:42:06.665412+01,gold_establishments_2025,,,,21650103100019,2025,Collectivité Territoriale,Commune,['Hautes-Pyrénées'],['Occitanie'],COM,{65},{76}
3521820b-fa17-4080-8264-b83a1b86953c,211100433,Commune de Bouilhonnac (11),false,{11043},Commune,2026-03-24 14:41:53.63825+01,gold_establishments_2025,,,,21110043300013,2025,Collectivité Territoriale,Commune,['Aude'],['Occitanie'],COM,{11},{76}
b3cb828e-60c9-420d-b6a8-fd5d3957bb53,211200308,Commune de Bouillac (12),false,{12030},Commune,2026-03-24 14:41:53.63825+01,gold_establishments_2025,,,,21120030800016,2025,Collectivité Territoriale,Commune,['Aveyron'],['Occitanie'],COM,{12},{76}
59bbd77e-a9ba-4463-9062-15069429d95b,212400527,Commune de Bouillac (24),false,{24052},Commune,2026-03-24 14:41:55.958138+01,gold_establishments_2025,,,,21240052700017,2025,Collectivité Territoriale,Commune,['Dordogne'],['Nouvelle-Aquitaine'],COM,{24},{75}
ba3ea2e6-e8dc-491b-898f-a95d7512596f,218200202,Commune de Bouillac (82),false,{82020},Commune,2026-03-24 14:42:10.508772+01,gold_establishments_2025,,,,21820020200016,2025,Collectivité Territoriale,Commune,['Tarn-et-Garonne'],['Occitanie'],COM,{82},{76}
55b4a528-2701-4a56-a2e5-b245b99a9c54,218001162,Commune de Bouillancourt-en-Séry (80),false,{80120},Commune,2026-03-24 14:42:09.967209+01,gold_establishments_2025,,,,21800116200013,2025,Collectivité Territoriale,Commune,['Somme'],['Hauts-de-France'],COM,{80},{32}
a898992d-092f-45c9-b59c-0b0d33936443,218001170,Commune de Bouillancourt-la-Bataille (80),false,{80121},Commune,2026-03-24 14:42:09.967209+01,gold_establishments_2025,,,,21800117000016,2025,Collectivité Territoriale,Commune,['Somme'],['Hauts-de-France'],COM,{80},{32}
420fa0fd-f847-41e1-90d8-ea1478de07b9,216000919,Commune de Bouillancy (60),false,{60091},Commune,2026-03-24 14:42:04.814328+01,gold_establishments_2025,,,,21600091900011,2025,Collectivité Territoriale,Commune,['Oise'],['Hauts-de-France'],COM,{60},{32}
9352d69d-257b-40a2-b569-07d472cdae01,212100929,Commune de Bouilland (21),false,{21092},Commune,2026-03-24 14:41:55.433389+01,gold_establishments_2025,,,,21210092900018,2025,Collectivité Territoriale,Commune,"[""Côte-d'Or""]",['Bourgogne-Franche-Comté'],COM,{21},{27}
e4f7b046-b577-4711-8c80-10fec327b374,219711066,Commune de Bouillante (971),false,{97106},Commune,2026-03-24 14:42:11.659493+01,gold_establishments_2025,,,,21971106600015,2025,Collectivité Territoriale,Commune,['Guadeloupe'],['Guadeloupe'],COM,{971},{01}
7cd06f53-524d-4cbe-a4be-a8cde4638e92,213000474,Commune de Bouillargues (30),false,{30047},Commune,2026-03-24 14:41:57.56054+01,gold_establishments_2025,,,,21300047400014,2025,Collectivité Territoriale,Commune,['Gard'],['Occitanie'],COM,{30},{76}
3375cfec-ec19-4cb4-b5ad-cb41506bce06,216401430,Commune de Bouillon (64),false,{64143},Commune,2026-03-24 14:42:06.130387+01,gold_establishments_2025,,,,21640143000014,2025,Collectivité Territoriale,Commune,['Pyrénées-Atlantiques'],['Nouvelle-Aquitaine'],COM,{64},{75}
6c67b566-1dcb-4147-8082-d2477f03c35d,215400870,Commune de Bouillonville (54),false,{54087},Commune,2026-03-24 14:42:02.957225+01,gold_establishments_2025,,,,21540087000030,2025,Collectivité Territoriale,Commune,['Meurthe-et-Moselle'],['Grand Est'],COM,{54},{44}
a00c96eb-2682-4743-87af-f4d369b0af0e,211000468,Commune de Bouilly (10),false,{10051},Commune,2026-03-24 14:41:53.095366+01,gold_establishments_2025,,,,21100046800010,2025,Collectivité Territoriale,Commune,['Aube'],['Grand Est'],COM,{10},{44}
e05c0df9-ac5b-468d-96fa-938a454be083,215100660,Commune de Bouilly (51),false,{51072},Commune,2026-03-24 14:42:01.412377+01,gold_establishments_2025,,,,21510066000012,2025,Collectivité Territoriale,Commune,['Marne'],['Grand Est'],COM,{51},{44}
11d95a77-f379-4ffc-ba0a-de5142b4b819,214500456,Commune de Bouilly-en-Gâtinais (45),false,{45045},Commune,2026-03-24 14:42:00.862623+01,gold_establishments_2025,,,,21450045600014,2025,Collectivité Territoriale,Commune,['Loiret'],['Centre-Val de Loire'],COM,{45},{24}
36f23011-57cf-4ce2-9a11-d40461f5ec40,218500288,Commune de Bouillé-Courdault (85),false,{85028},Commune,2026-03-24 14:42:10.508772+01,gold_establishments_2025,,,,21850028800012,2025,Collectivité Territoriale,Commune,['Vendée'],['Pays de la Loire'],COM,{85},{52}
943f23a0-39ca-46c9-88ca-3e80ead8b0b0,214900367,Commune de Bouillé-Ménard (49),false,{49036},Commune,2026-03-24 14:42:01.412377+01,gold_establishments_2025,,,,21490036700019,2025,Collectivité Territoriale,Commune,['Maine-et-Loire'],['Pays de la Loire'],COM,{49},{52}
b0addc76-f7fa-4141-99a3-a5d81dfdec4b,218500296,Commune de Bouin (85),false,{85029},Commune,2026-03-24 14:42:10.508772+01,gold_establishments_2025,,,,21850029600015,2025,Collectivité Territoriale,Commune,['Vendée'],['Pays de la Loire'],COM,{85},{52}
2ae34335-211e-4114-8afa-9465a944e879,216206615,Commune de Bouin-Plumoison (62),false,{62661},Commune,2026-03-24 14:42:05.597325+01,gold_establishments_2025,,,,21620661500017,2025,Collectivité Territoriale,Commune,['Pas-de-Calais'],['Hauts-de-France'],COM,{62},{32}
1a4c0035-bd6f-47fc-9721-2dca46ff4421,211100441,Commune de Bouisse (11),false,{11044},Commune,2026-03-24 14:41:53.63825+01,gold_establishments_2025,,,,21110044100016,2025,Collectivité Territoriale,Commune,['Aude'],['Occitanie'],COM,{11},{76}
fdc7302f-4303-4c8e-b9c4-c00c7950a5fb,212100937,Commune de Bouix (21),false,{21093},Commune,2026-03-24 14:41:55.433389+01,gold_establishments_2025,,,,21210093700011,2025,Collectivité Territoriale,Commune,"[""Côte-d'Or""]",['Bourgogne-Franche-Comté'],COM,{21},{27}
09f3928f-321a-4a3a-aa84-f7a1ca54d59c,212500797,Commune de Boujailles (25),false,{25079},Commune,2026-03-24 14:41:55.958138+01,gold_establishments_2025,,,,21250079700015,2025,Collectivité Territoriale,Commune,['Doubs'],['Bourgogne-Franche-Comté'],COM,{25},{27}
1e512832-799d-451c-bd5c-1d5fcde1d6a4,213400377,Commune de Boujan-sur-Libron (34),false,{34037},Commune,2026-03-24 14:41:58.620411+01,gold_establishments_2025,,,,21340037700015,2025,Collectivité Territoriale,Commune,['Hérault'],['Occitanie'],COM,{34},{76}
37146f29-b277-4cdc-a74e-4de39b1b43b2,211000476,Commune de Boulages (10),false,{10052},Commune,2026-03-24 14:41:53.095366+01,gold_establishments_2025,,,,21100047600013,2025,Collectivité Territoriale,Commune,['Aube'],['Grand Est'],COM,{10},{44}
06dce24f-d7bd-4d71-a648-b38717d5b404,218800662,Commune de Boulaincourt (88),false,{88066},Commune,2026-03-24 14:42:11.118516+01,gold_establishments_2025,,,,21880066200015,2025,Collectivité Territoriale,Commune,['Vosges'],['Grand Est'],COM,{88},{44}
92cf4dbf-75ab-4127-9ea8-0da374de0554,217700467,Commune de Boulancourt (77),false,{77046},Commune,2026-03-24 14:42:08.818969+01,gold_establishments_2025,,,,21770046700012,2025,Collectivité Territoriale,Commune,['Seine-et-Marne'],['Île-de-France'],COM,{77},{11}
0b057bcb-3612-4a34-9c0d-5f0cd85f5029,215700964,Commune de Boulange (57),false,{57096},Commune,2026-03-24 14:42:03.701372+01,gold_establishments_2025,,,,21570096400012,2025,Collectivité Territoriale,Commune,['Moselle'],['Grand Est'],COM,{57},{44}
69f00cd8-89e4-42b7-b71c-0831167c4eee,213200611,Commune de Boulaur (32),false,{32061},Commune,2026-03-24 14:41:58.09424+01,gold_establishments_2025,,,,21320061100019,2025,Collectivité Territoriale,Commune,['Gers'],['Occitanie'],COM,{32},{76}
2a4c7936-28b1-45ca-8b21-129f52772eaa,215700972,Commune de Boulay-Moselle (57),false,{57097},Commune,2026-03-24 14:42:03.701372+01,gold_establishments_2025,,,,21570097200015,2025,Collectivité Territoriale,Commune,['Moselle'],['Grand Est'],COM,{57},{44}
0c1be86e-2406-42ef-9b97-19656d879af8,214500464,Commune de Boulay-les-Barres (45),false,{45046},Commune,2026-03-24 14:42:00.862623+01,gold_establishments_2025,,,,21450046400018,2025,Collectivité Territoriale,Commune,['Loiret'],['Centre-Val de Loire'],COM,{45},{24}
423f57e3-ee2f-490d-a280-f2c3fe388b53,215300385,Commune de Boulay-les-Ifs (53),false,{53038},Commune,2026-03-24 14:42:01.954481+01,gold_establishments_2025,,,,21530038500014,2025,Collectivité Territoriale,Commune,['Mayenne'],['Pays de la Loire'],COM,{53},{52}
581a5081-5e18-414a-81eb-f69391b67bb7,200065357,Commune de Boulazac Isle Manoire (24),false,{24053},Commune,2026-03-24 14:41:55.958138+01,gold_establishments_2025,,,,20006535700010,2025,Collectivité Territoriale,Commune,['Dordogne'],['Nouvelle-Aquitaine'],COM,{24},{75}
cf841ffb-e06b-41ff-9957-b928489f0b51,211300173,Commune de Boulbon (13),false,{13017},Commune,2026-03-24 14:41:53.63825+01,gold_establishments_2025,,,,21130017300013,2025,Collectivité Territoriale,Commune,['Bouches-du-Rhône'],"[""Provence-Alpes-Côte d'Azur""]",COM,{13},{93}
120c1797-e887-42e1-9311-96ef1e2fd8d5,212600555,Commune de Boulc (26),false,{26055},Commune,2026-03-24 14:41:56.495197+01,gold_establishments_2025,,,,21260055500016,2025,Collectivité Territoriale,Commune,['Drôme'],['Auvergne-Rhône-Alpes'],COM,{26},{84}
d3c04809-06c2-47bd-9d35-c953b654becf,216600221,Commune de Boule-d'Amont (66),false,{66022},Commune,2026-03-24 14:42:06.665412+01,gold_establishments_2025,,,,21660022100016,2025,Collectivité Territoriale,Commune,['Pyrénées-Orientales'],['Occitanie'],COM,{66},{76}
89b7a541-d863-4241-9346-dba32c60bd5b,216600239,Commune de Bouleternère (66),false,{66023},Commune,2026-03-24 14:42:06.665412+01,gold_establishments_2025,,,,21660023900018,2025,Collectivité Territoriale,Commune,['Pyrénées-Orientales'],['Occitanie'],COM,{66},{76}
800a0d9f-821f-4ec3-a9ae-5b9346fc44b9,217700475,Commune de Bouleurs (77),false,{77047},Commune,2026-03-24 14:42:08.818969+01,gold_establishments_2025,,,,21770047500015,2025,Collectivité Territoriale,Commune,['Seine-et-Marne'],['Île-de-France'],COM,{77},{11}
3ac10dd4-1448-4b94-87d4-bc3cef5f154d,215100678,Commune de Bouleuse (51),false,{51073},Commune,2026-03-24 14:42:01.412377+01,gold_establishments_2025,,,,21510067800014,2025,Collectivité Territoriale,Commune,['Marne'],['Grand Est'],COM,{51},{44}
8a8c354f-b356-4671-95cf-74c211a12b7d,213300650,Commune de Bouliac (33),false,{33065},Commune,2026-03-24 14:41:58.09424+01,gold_establishments_2025,,,,21330065000016,2025,Collectivité Territoriale,Commune,['Gironde'],['Nouvelle-Aquitaine'],COM,{33},{75}
4f5e16fb-4b0c-48a7-bb67-43111008ac1b,210700415,Commune de Boulieu-lès-Annonay (07),false,{07041},Commune,2026-03-24 14:41:52.562531+01,gold_establishments_2025,,,,21070041500040,2025,Collectivité Territoriale,Commune,['Ardèche'],['Auvergne-Rhône-Alpes'],COM,{07},{84}
9609b292-1f4e-4242-a79a-3b9a378d9636,210100525,Commune de Bouligneux (01),false,{01052},Commune,2026-03-24 14:41:51.447482+01,gold_establishments_2025,,,,21010052500018,2025,Collectivité Territoriale,Commune,['Ain'],['Auvergne-Rhône-Alpes'],COM,{01},{84}
df4dfc90-2153-4bce-9b95-c0c877863160,217000835,Commune de Bouligney (70),false,{70083},Commune,2026-03-24 14:42:07.735343+01,gold_establishments_2025,,,,21700083500017,2025,Collectivité Territoriale,Commune,['Haute-Saône'],['Bourgogne-Franche-Comté'],COM,{70},{27}
36431b50-95f9-4ad7-aef9-f9924ad3a9ad,215500638,Commune de Bouligny (55),false,{55063},Commune,2026-03-24 14:42:02.957225+01,gold_establishments_2025,,,,21550063800014,2025,Collectivité Territoriale,Commune,['Meuse'],['Grand Est'],COM,{55},{44}
c11883d7-cef4-4c59-b025-0f11210f8935,216501049,Commune de Boulin (65),false,{65104},Commune,2026-03-24 14:42:06.665412+01,gold_establishments_2025,,,,21650104900011,2025,Collectivité Territoriale,Commune,['Hautes-Pyrénées'],['Occitanie'],COM,{65},{76}
989fa0e0-c03a-4993-91a5-cbb4cb8755e6,216000927,Commune de Boullarre (60),false,{60092},Commune,2026-03-24 14:42:04.814328+01,gold_establishments_2025,,,,21600092700014,2025,Collectivité Territoriale,Commune,['Oise'],['Hauts-de-France'],COM,{60},{32}
4fa99465-a896-4067-99a4-a0d9317c6d91,219100930,Commune de Boullay-les-Troux (91),false,{91093},Commune,2026-03-24 14:42:11.659493+01,gold_establishments_2025,,,,21910093000011,2025,Collectivité Territoriale,Commune,['Essonne'],['Île-de-France'],COM,{91},{11}
e7eaf997-ad84-423d-9d5d-67ce2e1ac859,211800321,Commune de Boulleret (18),false,{18032},Commune,2026-03-24 14:41:54.903238+01,gold_establishments_2025,,,,21180032100013,2025,Collectivité Territoriale,Commune,['Cher'],['Centre-Val de Loire'],COM,{18},{24}
a07f184e-c881-42f6-9f19-78afeb6e8292,212701007,Commune de Boulleville (27),false,{27100},Commune,2026-03-24 14:41:56.495197+01,gold_establishments_2025,,,,21270100700016,2025,Collectivité Territoriale,Commune,['Eure'],['Normandie'],COM,{27},{28}
300a280d-08e3-4f4c-9954-eb8498cf3aef,213100795,Commune de Bouloc (31),false,{31079},Commune,2026-03-24 14:41:57.56054+01,gold_establishments_2025,,,,21310079500011,2025,Collectivité Territoriale,Commune,['Haute-Garonne'],['Occitanie'],COM,{31},{76}
e8675bc8-49e4-46df-ad0a-480ebacb9e13,218200210,Commune de Bouloc-en-Quercy (82),false,{82021},Commune,2026-03-24 14:42:10.508772+01,gold_establishments_2025,,,,21820021000019,2025,Collectivité Territoriale,Commune,['Tarn-et-Garonne'],['Occitanie'],COM,{82},{76}
7debfe31-965f-4f2a-a34d-14bf5b64471f,219200128,Commune de Boulogne-Billancourt (92),false,{92012},Commune,2026-03-24 14:42:11.659493+01,gold_establishments_2025,,,,21920012800011,2025,Collectivité Territoriale,Commune,['Hauts-de-Seine'],['Île-de-France'],COM,{92},{11}
2b6e6834-dd8d-4045-a121-02db7af74875,216000935,Commune de Boulogne-la-Grasse (60),false,{60093},Commune,2026-03-24 14:42:04.814328+01,gold_establishments_2025,,,,21600093500017,2025,Collectivité Territoriale,Commune,['Oise'],['Hauts-de-France'],COM,{60},{32}
f2018f9b-ffb5-4c46-8583-d7e52d255bbc,213100803,Commune de Boulogne-sur-Gesse (31),false,{31080},Commune,2026-03-24 14:41:57.56054+01,gold_establishments_2025,,,,21310080300013,2025,Collectivité Territoriale,Commune,['Haute-Garonne'],['Occitanie'],COM,{31},{76}
5f62b010-f82c-4512-9107-9e984a12aa45,215900937,Commune de Boulogne-sur-Helpe (59),false,{59093},Commune,2026-03-24 14:42:04.280096+01,gold_establishments_2025,,,,21590093700016,2025,Collectivité Territoriale,Commune,['Nord'],['Hauts-de-France'],COM,{59},{32}
b4b0b9f8-7c0c-415e-ac36-a691d6b7db00,216201608,Commune de Boulogne-sur-Mer (62),false,{62160},Commune,2026-03-24 14:42:05.597325+01,gold_establishments_2025,,,,21620160800017,2025,Collectivité Territoriale,Commune,['Pas-de-Calais'],['Hauts-de-France'],COM,{62},{32}
ce384731-82d1-4b6f-93b1-8aef3cf9ab5c,217200427,Commune de Bouloire (72),false,{72042},Commune,2026-03-24 14:42:08.279287+01,gold_establishments_2025,,,,21720042700011,2025,Collectivité Territoriale,Commune,['Sarthe'],['Pays de la Loire'],COM,{72},{52}
e9ff9946-4101-4d6e-81d8-6d886cfdea6f,211400908,Commune de Boulon (14),false,{14090},Commune,2026-03-24 14:41:53.63825+01,gold_establishments_2025,,,,21140090800011,2025,Collectivité Territoriale,Commune,['Calvados'],['Normandie'],COM,{14},{28}
7d41111a-3bb1-4555-9e90-40cb1de9bb4a,217000843,Commune de Boulot (70),false,{70084},Commune,2026-03-24 14:42:07.735343+01,gold_establishments_2025,,,,21700084300011,2025,Collectivité Territoriale,Commune,['Haute-Saône'],['Bourgogne-Franche-Comté'],COM,{70},{27}
a46ce52b-ef83-4014-a4ab-a9d5915892c3,217000850,Commune de Boult (70),false,{70085},Commune,2026-03-24 14:42:07.735343+01,gold_establishments_2025,,,,21700085000016,2025,Collectivité Territoriale,Commune,['Haute-Saône'],['Bourgogne-Franche-Comté'],COM,{70},{27}
72625a83-3472-458f-9fd4-760e76f77809,210800694,Commune de Boult-aux-Bois (08),false,{08075},Commune,2026-03-24 14:41:52.562531+01,gold_establishments_2025,,,,21080069400015,2025,Collectivité Territoriale,Commune,['Ardennes'],['Grand Est'],COM,{08},{44}
d89b0ae5-fd99-47cc-8a0a-65e3dbb9bdb6,215100686,Commune de Boult-sur-Suippe (51),false,{51074},Commune,2026-03-24 14:42:01.412377+01,gold_establishments_2025,,,,21510068600017,2025,Collectivité Territoriale,Commune,['Marne'],['Grand Est'],COM,{51},{44}
758ae06b-bb44-404b-8685-ef3c9dbf62c8,210800702,Commune de Boulzicourt (08),false,{08076},Commune,2026-03-24 14:41:52.562531+01,gold_establishments_2025,,,,21080070200016,2025,Collectivité Territoriale,Commune,['Ardennes'],['Grand Est'],COM,{08},{44}
852501ef-ea15-4ecc-95e2-f2b46fabcf30,216401448,Commune de Boumourt (64),false,{64144},Commune,2026-03-24 14:42:06.130387+01,gold_establishments_2025,,,,21640144800016,2025,Collectivité Territoriale,Commune,['Pyrénées-Atlantiques'],['Nouvelle-Aquitaine'],COM,{64},{75}
1f92a0bf-4ac6-4473-8294-a3846d510c93,212400543,Commune de Bouniagues (24),false,{24054},Commune,2026-03-24 14:41:55.958138+01,gold_establishments_2025,,,,21240054300014,2025,Collectivité Territoriale,Commune,['Dordogne'],['Nouvelle-Aquitaine'],COM,{24},{75}
7a22f373-9cce-49b2-a6b3-fbeb1fb8a28a,216201616,Commune de Bouquehault (62),false,{62161},Commune,2026-03-24 14:42:05.597325+01,gold_establishments_2025,,,,21620161600010,2025,Collectivité Territoriale,Commune,['Pas-de-Calais'],['Hauts-de-France'],COM,{62},{32}
f8760c99-b884-4b86-8eef-e4e4b33fa963,212701015,Commune de Bouquelon (27),false,{27101},Commune,2026-03-24 14:41:56.495197+01,gold_establishments_2025,,,,21270101500019,2025,Collectivité Territoriale,Commune,['Eure'],['Normandie'],COM,{27},{28}
70e85ddb-2197-4418-be98-7479e45af397,218001188,Commune de Bouquemaison (80),false,{80122},Commune,2026-03-24 14:42:09.967209+01,gold_establishments_2025,,,,21800118800018,2025,Collectivité Territoriale,Commune,['Somme'],['Hauts-de-France'],COM,{80},{32}
60bc0dcb-cd9c-4c2b-a9d4-7beb685c8db4,215500646,Commune de Bouquemont (55),false,{55064},Commune,2026-03-24 14:42:02.957225+01,gold_establishments_2025,,,,21550064600017,2025,Collectivité Territoriale,Commune,['Meuse'],['Grand Est'],COM,{55},{44}
1a8a0546-6cce-4d13-a4d0-ed908ee4b737,213000482,Commune de Bouquet (30),false,{30048},Commune,2026-03-24 14:41:57.56054+01,gold_establishments_2025,,,,21300048200017,2025,Collectivité Territoriale,Commune,['Gard'],['Occitanie'],COM,{30},{76}
e9b77b86-105c-4a44-9ba6-c4064e586b36,212701023,Commune de Bouquetot (27),false,{27102},Commune,2026-03-24 14:41:56.495197+01,gold_establishments_2025,,,,21270102300013,2025,Collectivité Territoriale,Commune,['Eure'],['Normandie'],COM,{27},{28}
afb36607-5c59-45fd-90b4-8606f6df6b0b,219500949,Commune de Bouqueval (95),false,{95094},Commune,2026-03-24 14:42:11.659493+01,gold_establishments_2025,,,,21950094900017,2025,Collectivité Territoriale,Commune,"[""Val-d'Oise""]",['Île-de-France'],COM,{95},{11}
11d1b46d-6d54-47e8-ae66-ded57ddfbfb7,211000484,Commune de Bouranton (10),false,{10053},Commune,2026-03-24 14:41:53.095366+01,gold_establishments_2025,,,,21100048400017,2025,Collectivité Territoriale,Commune,['Aube'],['Grand Est'],COM,{10},{44}
f83cc7ba-10d5-427d-9b0e-0d2ecc4dbc68,219100955,Commune de Bouray-sur-Juine (91),false,{91095},Commune,2026-03-24 14:42:11.659493+01,gold_establishments_2025,,,,21910095500018,2025,Collectivité Territoriale,Commune,['Essonne'],['Île-de-France'],COM,{91},{11}
cfa59eba-937b-4fda-8fbb-44cecea249ad,216800458,Commune de Bourbach-le-Bas (68),false,{68045},Commune,2026-03-24 14:42:07.195692+01,gold_establishments_2025,,,,21680045800012,2025,Collectivité Territoriale,Commune,['Haut-Rhin'],['Grand Est'],COM,{68},{44}
c7560a07-9067-4191-a761-8b89e293e530,216800466,Commune de Bourbach-le-Haut (68),false,{68046},Commune,2026-03-24 14:42:07.195692+01,gold_establishments_2025,,,,21680046600015,2025,Collectivité Territoriale,Commune,['Haut-Rhin'],['Grand Est'],COM,{68},{44}
dc91e679-015f-402d-a44e-a307e628dd4b,212100945,Commune de Bourberain (21),false,{21094},Commune,2026-03-24 14:41:55.433389+01,gold_establishments_2025,,,,21210094500014,2025,Collectivité Territoriale,Commune,"[""Côte-d'Or""]",['Bourgogne-Franche-Comté'],COM,{21},{27}
45105600-4867-4d2b-b642-9b311f0e98e9,217100478,Commune de Bourbon-Lancy (71),false,{71047},Commune,2026-03-24 14:42:07.735343+01,gold_establishments_2025,,,,21710047800015,2025,Collectivité Territoriale,Commune,['Saône-et-Loire'],['Bourgogne-Franche-Comté'],COM,{71},{27}
559d13f1-bd6f-4b13-af23-f6558258bbab,210300364,Commune de Bourbon-l'Archambault (03),false,{03036},Commune,2026-03-24 14:41:52.020251+01,gold_establishments_2025,,,,21030036400010,2025,Collectivité Territoriale,Commune,['Allier'],['Auvergne-Rhône-Alpes'],COM,{03},{84}
2ad97116-32a6-4f50-9b8b-5a0914015b6d,215200403,Commune de Bourbonne-les-Bains (52),false,{52060},Commune,2026-03-24 14:42:01.954481+01,gold_establishments_2025,,,,21520040300016,2025,Collectivité Territoriale,Commune,['Haute-Marne'],['Grand Est'],COM,{52},{44}
79f49159-dcb7-457e-aaba-5fdc00ddb781,215900945,Commune de Bourbourg (59),false,{59094},Commune,2026-03-24 14:42:04.280096+01,gold_establishments_2025,,,,21590094500019,2025,Collectivité Territoriale,Commune,['Nord'],['Hauts-de-France'],COM,{59},{32}
b4a388ec-1690-4870-9afe-363377490082,212200133,Commune de Bourbriac (22),false,{22013},Commune,2026-03-24 14:41:55.433389+01,gold_establishments_2025,,,,21220013300016,2025,Collectivité Territoriale,Commune,"[""Côtes-d'Armor""]",['Bretagne'],COM,{22},{53}
8e0bf227-4cc1-4517-be34-21a2049d80cb,217000868,Commune de Bourbévelle (70),false,{70086},Commune,2026-03-24 14:42:07.735343+01,gold_establishments_2025,,,,21700086800018,2025,Collectivité Territoriale,Commune,['Haute-Saône'],['Bourgogne-Franche-Comté'],COM,{70},{27}
37992ae8-6cd7-4e51-b795-564bef27dcc9,211700588,Commune de Bourcefranc-le-Chapus (17),false,{17058},Commune,2026-03-24 14:41:54.903238+01,gold_establishments_2025,,,,21170058800018,2025,Collectivité Territoriale,Commune,['Charente-Maritime'],['Nouvelle-Aquitaine'],COM,{17},{75}
8e684a2a-0f65-41d8-9e99-13d83a3742f2,210800710,Commune de Bourcq (08),false,{08077},Commune,2026-03-24 14:41:52.562531+01,gold_establishments_2025,,,,21080071000019,2025,Collectivité Territoriale,Commune,['Ardennes'],['Grand Est'],COM,{08},{44}
4f9cbd09-3596-46b1-953d-9dfde3ac4cf4,217601327,Commune de Bourdainville (76),false,{76132},Commune,2026-03-24 14:42:08.818969+01,gold_establishments_2025,,,,21760132700018,2025,Collectivité Territoriale,Commune,['Seine-Maritime'],['Normandie'],COM,{76},{28}
b4b01ad6-542a-495d-8533-e6aefa65f9fa,214000523,Commune de Bourdalat (40),false,{40052},Commune,2026-03-24 14:41:59.705606+01,gold_establishments_2025,,,,21400052300016,2025,Collectivité Territoriale,Commune,['Landes'],['Nouvelle-Aquitaine'],COM,{40},{75}
a73d93a6-b877-47ed-81e8-200abf63ada1,217300508,Commune de Bourdeau (73),false,{73050},Commune,2026-03-24 14:42:08.279287+01,gold_establishments_2025,,,,21730050800017,2025,Collectivité Territoriale,Commune,['Savoie'],['Auvergne-Rhône-Alpes'],COM,{73},{84}
c1912252-5c03-480f-985d-0ef0b08896a8,212600563,Commune de Bourdeaux (26),false,{26056},Commune,2026-03-24 14:41:56.495197+01,gold_establishments_2025,,,,21260056300010,2025,Collectivité Territoriale,Commune,['Drôme'],['Auvergne-Rhône-Alpes'],COM,{26},{84}
2f582076-c095-4e77-8ff8-96be0cf2f5e8,212400550,Commune de Bourdeilles (24),false,{24055},Commune,2026-03-24 14:41:55.958138+01,gold_establishments_2025,,,,21240055000019,2025,Collectivité Territoriale,Commune,['Dordogne'],['Nouvelle-Aquitaine'],COM,{24},{75}
69bd63f3-9b23-4a95-8d63-f040265575a6,213300668,Commune de Bourdelles (33),false,{33066},Commune,2026-03-24 14:41:58.09424+01,gold_establishments_2025,,,,21330066800018,2025,Collectivité Territoriale,Commune,['Gironde'],['Nouvelle-Aquitaine'],COM,{33},{75}
1453484f-b2bb-4c70-b259-bc64469a2eb7,211000492,Commune de Bourdenay (10),false,{10054},Commune,2026-03-24 14:41:53.095366+01,gold_establishments_2025,,,,21100049200010,2025,Collectivité Territoriale,Commune,['Aube'],['Grand Est'],COM,{10},{44}
5ef125be-8b9c-4681-98a9-3f4123b3c958,216401455,Commune de Bourdettes (64),false,{64145},Commune,2026-03-24 14:42:06.130387+01,gold_establishments_2025,,,,21640145500011,2025,Collectivité Territoriale,Commune,['Pyrénées-Atlantiques'],['Nouvelle-Aquitaine'],COM,{64},{75}
155c5b84-e3eb-456c-8575-bbe76c9aa5da,213000490,Commune de Bourdic (30),false,{30049},Commune,2026-03-24 14:41:57.56054+01,gold_establishments_2025,,,,21300049000010,2025,Collectivité Territoriale,Commune,['Gard'],['Occitanie'],COM,{30},{76}
653e3238-ecb0-40be-8c65-a860762b0f76,218001147,Commune de Bourdon (80),false,{80123},Commune,2026-03-24 14:42:09.967209+01,gold_establishments_2025,,,,21800114700014,2025,Collectivité Territoriale,Commune,['Somme'],['Hauts-de-France'],COM,{80},{32}
8d9580d2-254e-499a-813b-6f0ecf74773d,215700998,Commune de Bourdonnay (57),false,{57099},Commune,2026-03-24 14:42:03.701372+01,gold_establishments_2025,,,,21570099800010,2025,Collectivité Territoriale,Commune,['Moselle'],['Grand Est'],COM,{57},{44}
47462096-c8a6-47ef-8217-f927b6755374,217800960,Commune de Bourdonné (78),false,{78096},Commune,2026-03-24 14:42:09.43682+01,gold_establishments_2025,,,,21780096000015,2025,Collectivité Territoriale,Commune,['Yvelines'],['Île-de-France'],COM,{78},{11}
6f4e41b9-aeb5-4735-aeb3-c96d438bf35c,215200411,Commune de Bourdons-sur-Rognon (52),false,{52061},Commune,2026-03-24 14:42:01.954481+01,gold_establishments_2025,,,,21520041100019,2025,Collectivité Territoriale,Commune,['Haute-Marne'],['Grand Est'],COM,{52},{44}
2642994e-6d00-4032-91be-63f983ba669b,216201624,Commune de Bourecq (62),false,{62162},Commune,2026-03-24 14:42:05.597325+01,gold_establishments_2025,,,,21620162400014,2025,Collectivité Territoriale,Commune,['Pas-de-Calais'],['Hauts-de-France'],COM,{62},{32}
8341c48a-3ebc-40c0-8623-ca3d2ebbe8c6,210201026,Commune de Bouresches (02),false,{02105},Commune,2026-03-24 14:41:51.447482+01,gold_establishments_2025,,,,21020102600015,2025,Collectivité Territoriale,Commune,['Aisne'],['Hauts-de-France'],COM,{02},{32}
3de3c87a-5e35-4290-a653-18c3c3c12afc,218600344,Commune de Bouresse (86),false,{86034},Commune,2026-03-24 14:42:10.508772+01,gold_establishments_2025,,,,21860034400012,2025,Collectivité Territoriale,Commune,['Vienne'],['Nouvelle-Aquitaine'],COM,{86},{75}
17ace538-b2c0-4472-a137-ecc9bd024c1f,216201632,Commune de Bouret-sur-Canche (62),false,{62163},Commune,2026-03-24 14:42:05.597325+01,gold_establishments_2025,,,,21620163200017,2025,Collectivité Territoriale,Commune,['Pas-de-Calais'],['Hauts-de-France'],COM,{62},{32}
f380e2bf-ce0e-4a39-9aa1-27486e095d9b,215500653,Commune de Boureuilles (55),false,{55065},Commune,2026-03-24 14:42:02.957225+01,gold_establishments_2025,,,,21550065300013,2025,Collectivité Territoriale,Commune,['Meuse'],['Grand Est'],COM,{55},{44}
2c8e65a6-6194-4e4e-b991-b6ef7da7a393,213300676,Commune de Bourg (33),false,{33067},Commune,2026-03-24 14:41:58.09424+01,gold_establishments_2025,,,,21330067600011,2025,Collectivité Territoriale,Commune,['Gironde'],['Nouvelle-Aquitaine'],COM,{33},{75}
93b0e63e-b995-4a23-a633-b090ab4a5b14,215200429,Commune de Bourg (52),false,{52062},Commune,2026-03-24 14:42:01.954481+01,gold_establishments_2025,,,,21520042900011,2025,Collectivité Territoriale,Commune,['Haute-Marne'],['Grand Est'],COM,{52},{44}
3a6f4acc-9879-4aeb-abaf-ad94acec6eba,212701031,Commune de Bourg-Achard (27),false,{27103},Commune,2026-03-24 14:41:56.495197+01,gold_establishments_2025,,,,21270103100016,2025,Collectivité Territoriale,Commune,['Eure'],['Normandie'],COM,{27},{28}
e9fcd17a-3093-476c-8992-cf0e8814a519,218600351,Commune de Bourg-Archambault (86),false,{86035},Commune,2026-03-24 14:42:10.508772+01,gold_establishments_2025,,,,21860035100017,2025,Collectivité Territoriale,Commune,['Vienne'],['Nouvelle-Aquitaine'],COM,{86},{75}
744fd578-0225-4b4e-9db9-5c666526455b,214200230,Commune de Bourg-Argental (42),false,{42023},Commune,2026-03-24 14:42:00.273698+01,gold_establishments_2025,,,,21420023000131,2025,Collectivité Territoriale,Commune,['Loire'],['Auvergne-Rhône-Alpes'],COM,{42},{84}
3b943353-4707-4c46-96ac-57f1ab4688d0,212701049,Commune de Bourg-Beaudouin (27),false,{27104},Commune,2026-03-24 14:41:56.495197+01,gold_establishments_2025,,,,21270104900018,2025,Collectivité Territoriale,Commune,['Eure'],['Normandie'],COM,{27},{28}
8b5d6f4a-29f2-4074-b650-f9bb063742ab,212900153,Commune de Bourg-Blanc (29),false,{29015},Commune,2026-03-24 14:41:57.028721+01,gold_establishments_2025,,,,21290015300017,2025,Collectivité Territoriale,Commune,['Finistère'],['Bretagne'],COM,{29},{53}
8407168e-b801-4d34-927a-0ae14ff0c25e,216700591,Commune de Bourg-Bruche (67),false,{67059},Commune,2026-03-24 14:42:06.665412+01,gold_establishments_2025,,,,21670059100011,2025,Collectivité Territoriale,Commune,['Bas-Rhin'],['Grand Est'],COM,{67},{44}
85a23695-628e-4650-9b50-4222343504a9,211600564,Commune de Bourg-Charente (16),false,{16056},Commune,2026-03-24 14:41:54.362296+01,gold_establishments_2025,,,,21160056400010,2025,Collectivité Territoriale,Commune,['Charente'],['Nouvelle-Aquitaine'],COM,{16},{75}
8d2250cd-7e8e-45d5-b92b-9baafd530176,210800728,Commune de Bourg-Fidèle (08),false,{08078},Commune,2026-03-24 14:41:52.562531+01,gold_establishments_2025,,,,21080072800011,2025,Collectivité Territoriale,Commune,['Ardennes'],['Grand Est'],COM,{08},{44}
bdee0b39-e019-44de-8ec9-1e44ee0c17af,216300483,Commune de Bourg-Lastic (63),false,{63048},Commune,2026-03-24 14:42:06.130387+01,gold_establishments_2025,,,,21630048300015,2025,Collectivité Territoriale,Commune,['Puy-de-Dôme'],['Auvergne-Rhône-Alpes'],COM,{63},{84}
7591bc22-98d7-4b3e-a5bc-3395c6b899cc,216600254,Commune de Bourg-Madame (66),false,{66025},Commune,2026-03-24 14:42:06.665412+01,gold_establishments_2025,,,,21660025400017,2025,Collectivité Territoriale,Commune,['Pyrénées-Orientales'],['Occitanie'],COM,{66},{76}
7c21ead2-aeec-40de-8fed-60dd9bf413e7,210700423,Commune de Bourg-Saint-Andéol (07),false,{07042},Commune,2026-03-24 14:41:52.562531+01,gold_establishments_2025,,,,21070042300010,2025,Collectivité Territoriale,Commune,['Ardèche'],['Auvergne-Rhône-Alpes'],COM,{07},{84}
121b63a2-aafa-4bc1-894d-0f78a17427e3,213100829,Commune de Bourg-Saint-Bernard (31),false,{31082},Commune,2026-03-24 14:41:57.56054+01,gold_establishments_2025,,,,21310082900018,2025,Collectivité Territoriale,Commune,['Haute-Garonne'],['Occitanie'],COM,{31},{76}
a2876bf3-47c3-444f-b5fc-52b45081631b,210100541,Commune de Bourg-Saint-Christophe (01),false,{01054},Commune,2026-03-24 14:41:51.447482+01,gold_establishments_2025,,,,21010054100015,2025,Collectivité Territoriale,Commune,['Ain'],['Auvergne-Rhône-Alpes'],COM,{01},{84}
ded68ff7-4061-4d8b-8d8a-ef761235cd00,217300540,Commune de Bourg-Saint-Maurice (73),false,{73054},Commune,2026-03-24 14:42:08.279287+01,gold_establishments_2025,,,,21730054000010,2025,Collectivité Territoriale,Commune,['Savoie'],['Auvergne-Rhône-Alpes'],COM,{73},{84}
cb36f148-dce0-490e-8610-ecbe54aefbf8,215200437,Commune de Bourg-Sainte-Marie (52),false,{52063},Commune,2026-03-24 14:42:01.954481+01,gold_establishments_2025,,,,21520043700014,2025,Collectivité Territoriale,Commune,['Haute-Marne'],['Grand Est'],COM,{52},{44}
a5dd7daf-06ae-4b7a-8cf4-e2c9fbf37a96,213100811,Commune de Bourg-d'Oueil (31),false,{31081},Commune,2026-03-24 14:41:57.56054+01,gold_establishments_2025,,,,21310081100016,2025,Collectivité Territoriale,Commune,['Haute-Garonne'],['Occitanie'],COM,{31},{76}
24ce5681-1b3e-44ab-8b88-ed37040df739,216501056,Commune de Bourg-de-Bigorre (65),false,{65105},Commune,2026-03-24 14:42:06.665412+01,gold_establishments_2025,,,,21650105600016,2025,Collectivité Territoriale,Commune,['Hautes-Pyrénées'],['Occitanie'],COM,{65},{76}
a850fcd1-3363-43fd-bd53-9a17c95115ca,212600571,Commune de Bourg-de-Péage (26),false,{26057},Commune,2026-03-24 14:41:56.495197+01,gold_establishments_2025,,,,21260057100013,2025,Collectivité Territoriale,Commune,['Drôme'],['Auvergne-Rhône-Alpes'],COM,{26},{84}
4072a08a-8d9c-4a9b-adb5-c6bba0589a21,213900707,Commune de Bourg-de-Sirod (39),false,{39070},Commune,2026-03-24 14:41:59.705606+01,gold_establishments_2025,,,,21390070700018,2025,Collectivité Territoriale,Commune,['Jura'],['Bourgogne-Franche-Comté'],COM,{39},{27}
372bb6e2-51e0-41d4-a4ed-7bd5199d7ce2,218200228,Commune de Bourg-de-Visa (82),false,{82022},Commune,2026-03-24 14:42:10.508772+01,gold_establishments_2025,,,,21820022800011,2025,Collectivité Territoriale,Commune,['Tarn-et-Garonne'],['Occitanie'],COM,{82},{76}
28059dbb-0365-4e17-8721-8ccd3b242dce,213500333,Commune de Bourg-des-Comptes (35),false,{35033},Commune,2026-03-24 14:41:58.620411+01,gold_establishments_2025,,,,21350033300017,2025,Collectivité Territoriale,Commune,['Ille-et-Vilaine'],['Bretagne'],COM,{35},{53}
745ff389-7975-42cb-82d5-a9e4d86d257d,212400576,Commune de Bourg-des-Maisons (24),false,{24057},Commune,2026-03-24 14:41:55.958138+01,gold_establishments_2025,,,,21240057600014,2025,Collectivité Territoriale,Commune,['Dordogne'],['Nouvelle-Aquitaine'],COM,{24},{75}
219e7973-70bf-4116-8706-c3660a0d1621,212400584,Commune de Bourg-du-Bost (24),false,{24058},Commune,2026-03-24 14:41:55.958138+01,gold_establishments_2025,,,,21240058400018,2025,Collectivité Territoriale,Commune,['Dordogne'],['Nouvelle-Aquitaine'],COM,{24},{75}
adf8e029-e0c9-4b93-a134-76d7f66be6be,210100533,Commune de Bourg-en-Bresse (01),false,{01053},Commune,2026-03-24 14:41:51.447482+01,gold_establishments_2025,,,,21010053300012,2025,Collectivité Territoriale,Commune,['Ain'],['Auvergne-Rhône-Alpes'],COM,{01},{84}
67b00be7-f1bd-44a7-97fd-c396316b9320,210201034,Commune de Bourg-et-Comin (02),false,{02106},Commune,2026-03-24 14:41:51.447482+01,gold_establishments_2025,,,,21020103400019,2025,Collectivité Territoriale,Commune,['Aisne'],['Hauts-de-France'],COM,{02},{32}
33d8d96e-cfe1-4aae-afa0-3a588aca6cd2,214900383,Commune de Bourg-l'Évêque (49),false,{49038},Commune,2026-03-24 14:42:01.412377+01,gold_establishments_2025,,,,21490038300016,2025,Collectivité Territoriale,Commune,['Maine-et-Loire'],['Pays de la Loire'],COM,{49},{52}
59923251-7052-4392-8830-0a642b75318d,219200144,Commune de Bourg-la-Reine (92),false,{92014},Commune,2026-03-24 14:42:11.659493+01,gold_establishments_2025,,,,21920014400018,2025,Collectivité Territoriale,Commune,['Hauts-de-Seine'],['Île-de-France'],COM,{92},{11}
1f7ded07-ada5-4886-98b9-938c21ca96a0,217100486,Commune de Bourg-le-Comte (71),false,{71048},Commune,2026-03-24 14:42:07.735343+01,gold_establishments_2025,,,,21710048600018,2025,Collectivité Territoriale,Commune,['Saône-et-Loire'],['Bourgogne-Franche-Comté'],COM,{71},{27}
c530d123-fed3-40f6-bc6e-a3d17b11aa94,217200435,Commune de Bourg-le-Roi (72),false,{72043},Commune,2026-03-24 14:42:08.279287+01,gold_establishments_2025,,,,21720043500014,2025,Collectivité Territoriale,Commune,['Sarthe'],['Pays de la Loire'],COM,{72},{52}
edf10dae-8dd2-4d93-ae14-35ce65d9bf03,212600589,Commune de Bourg-lès-Valence (26),false,{26058},Commune,2026-03-24 14:41:56.495197+01,gold_establishments_2025,,,,21260058900015,2025,Collectivité Territoriale,Commune,['Drôme'],['Auvergne-Rhône-Alpes'],COM,{26},{84}
8270942a-3af6-41dd-88e4-65baa99fbda7,219000163,Commune de Bourg-sous-Châtelet (90),false,{90016},Commune,2026-03-24 14:42:11.659493+01,gold_establishments_2025,,,,21900016300010,2025,Collectivité Territoriale,Commune,['Territoire de Belfort'],['Bourgogne-Franche-Comté'],COM,{90},{27}
5efaf147-cd0f-4004-b596-f0d0cabad1b7,215700980,Commune de Bourgaltroff (57),false,{57098},Commune,2026-03-24 14:42:03.701372+01,gold_establishments_2025,,,,21570098000018,2025,Collectivité Territoriale,Commune,['Moselle'],['Grand Est'],COM,{57},{44}
daeac43f-1ac5-4896-b6af-ba1dc5d8501a,212303002,Commune de Bourganeuf (23),false,{23030},Commune,2026-03-24 14:41:55.958138+01,gold_establishments_2025,,,,21230300200019,2025,Collectivité Territoriale,Commune,['Creuse'],['Nouvelle-Aquitaine'],COM,{23},{75}
ac479e8d-2d0a-4439-a7d0-204a31e7f48d,213500325,Commune de Bourgbarré (35),false,{35032},Commune,2026-03-24 14:41:58.620411+01,gold_establishments_2025,,,,21350032500062,2025,Collectivité Territoriale,Commune,['Ille-et-Vilaine'],['Bretagne'],COM,{35},{53}
9b234edc-a74d-4237-9ad3-dc4b89846637,211400916,Commune de Bourgeauville (14),false,{14091},Commune,2026-03-24 14:41:53.63825+01,gold_establishments_2025,,,,21140091600014,2025,Collectivité Territoriale,Commune,['Calvados'],['Normandie'],COM,{14},{28}
ceec369c-800d-4ae7-b55b-266a3470b455,211800339,Commune de Bourges (18),false,{18033},Commune,2026-03-24 14:41:54.903238+01,gold_establishments_2025,,,,21180033900882,2025,Collectivité Territoriale,Commune,['Cher'],['Centre-Val de Loire'],COM,{18},{24}
20bfe0a0-09fd-4252-815a-d67df81af571,217300524,Commune de Bourget-en-Huile (73),false,{73052},Commune,2026-03-24 14:42:08.279287+01,gold_establishments_2025,,,,21730052400014,2025,Collectivité Territoriale,Commune,['Savoie'],['Auvergne-Rhône-Alpes'],COM,{73},{84}
a9490e1c-066c-4ed6-97da-a4bade52a836,216700609,Commune de Bourgheim (67),false,{67060},Commune,2026-03-24 14:42:06.665412+01,gold_establishments_2025,,,,21670060900011,2025,Collectivité Territoriale,Commune,['Bas-Rhin'],['Grand Est'],COM,{67},{44}
31d01688-5b16-40db-86fd-c793f675c904,215900960,Commune de Bourghelles (59),false,{59096},Commune,2026-03-24 14:42:04.280096+01,gold_establishments_2025,,,,21590096000018,2025,Collectivité Territoriale,Commune,['Nord'],['Hauts-de-France'],COM,{59},{32}
a86ab309-e0e0-4f30-babc-230094b3c01c,212400592,Commune de Bourgnac (24),false,{24059},Commune,2026-03-24 14:41:55.958138+01,gold_establishments_2025,,,,21240059200011,2025,Collectivité Territoriale,Commune,['Dordogne'],['Nouvelle-Aquitaine'],COM,{24},{75}
2953b10d-72dc-494c-845a-c36a05725005,211700596,Commune de Bourgneuf (17),false,{17059},Commune,2026-03-24 14:41:54.903238+01,gold_establishments_2025,,,,21170059600045,2025,Collectivité Territoriale,Commune,['Charente-Maritime'],['Nouvelle-Aquitaine'],COM,{17},{75}
ea88579f-a783-4d33-a781-cca432c961d2,217300532,Commune de Bourgneuf (73),false,{73053},Commune,2026-03-24 14:42:08.279287+01,gold_establishments_2025,,,,21730053200017,2025,Collectivité Territoriale,Commune,['Savoie'],['Auvergne-Rhône-Alpes'],COM,{73},{84}
d4f90082-2dbd-4bf0-aad6-6114d141c1c6,200062990,Commune de Bourgogne-Fresne (51),false,{51075},Commune,2026-03-24 14:42:01.412377+01,gold_establishments_2025,,,,20006299000011,2025,Collectivité Territoriale,Commune,['Marne'],['Grand Est'],COM,{51},{44}
33cccba5-8470-4328-b056-17e96018edc4,213800535,Commune de Bourgoin-Jallieu (38),false,{38053},Commune,2026-03-24 14:41:59.160244+01,gold_establishments_2025,,,,21380053500014,2025,Collectivité Territoriale,Commune,['Isère'],['Auvergne-Rhône-Alpes'],COM,{38},{84}
e9d6a88b-7d45-4eed-9f17-6f239fd98ee1,215300401,Commune de Bourgon (53),false,{53040},Commune,2026-03-24 14:42:01.954481+01,gold_establishments_2025,,,,21530040100019,2025,Collectivité Territoriale,Commune,['Mayenne'],['Pays de la Loire'],COM,{53},{52}
7f89a1be-0888-42f5-9a4b-fa770d358116,214700353,Commune de Bourgougnague (47),false,{47035},Commune,2026-03-24 14:42:00.862623+01,gold_establishments_2025,,,,21470035300011,2025,Collectivité Territoriale,Commune,['Lot-et-Garonne'],['Nouvelle-Aquitaine'],COM,{47},{75}
cddaf151-d01b-4849-9b8e-7e0fadbeefa9,200058501,Commune de Bourgs sur Colagne (48),false,{48099},Commune,2026-03-24 14:42:01.412377+01,gold_establishments_2025,,,,20005850100012,2025,Collectivité Territoriale,Commune,['Lozère'],['Occitanie'],COM,{48},{76}
8c2517bb-b22b-4983-8d7d-f42325354ae4,213700313,Commune de Bourgueil (37),false,{37031},Commune,2026-03-24 14:41:59.160244+01,gold_establishments_2025,,,,21370031300017,2025,Collectivité Territoriale,Commune,['Indre-et-Loire'],['Centre-Val de Loire'],COM,{37},{24}
603d329a-c16a-49c1-a565-a24c979fad21,215000696,Commune de Bourguenolles (50),false,{50069},Commune,2026-03-24 14:42:01.412377+01,gold_establishments_2025,,,,21500069600017,2025,Collectivité Territoriale,Commune,['Manche'],['Normandie'],COM,{50},{28}
ac41d17e-2429-4371-be56-13cb2dcc028c,212500821,Commune de Bourguignon (25),false,{25082},Commune,2026-03-24 14:41:55.958138+01,gold_establishments_2025,,,,21250082100013,2025,Collectivité Territoriale,Commune,['Doubs'],['Bourgogne-Franche-Comté'],COM,{25},{27}
b3be2c62-e99c-4468-a465-b22b355238be,217000876,Commune de Bourguignon-lès-Conflans (70),false,{70087},Commune,2026-03-24 14:42:07.735343+01,gold_establishments_2025,,,,21700087600011,2025,Collectivité Territoriale,Commune,['Haute-Saône'],['Bourgogne-Franche-Comté'],COM,{70},{27}
d8da0cd2-1dc4-44ab-8054-daca0ecd103b,217000892,Commune de Bourguignon-lès-Morey (70),false,{70089},Commune,2026-03-24 14:42:07.735343+01,gold_establishments_2025,,,,21700089200018,2025,Collectivité Territoriale,Commune,['Haute-Saône'],['Bourgogne-Franche-Comté'],COM,{70},{27}
1c9a5929-adf2-4bd4-91be-f8a61f73b4a9,217000884,Commune de Bourguignon-lès-la-Charité (70),false,{70088},Commune,2026-03-24 14:42:07.735343+01,gold_establishments_2025,,,,21700088400015,2025,Collectivité Territoriale,Commune,['Haute-Saône'],['Bourgogne-Franche-Comté'],COM,{70},{27}
c2016020-ccf4-471b-9eb8-f6d9ce86c307,210201042,Commune de Bourguignon-sous-Coucy (02),false,{02107},Commune,2026-03-24 14:41:51.447482+01,gold_establishments_2025,,,,21020104200012,2025,Collectivité Territoriale,Commune,['Aisne'],['Hauts-de-France'],COM,{02},{32}
2f3f96f8-9f46-428a-b6c3-9981715c3f2d,210201059,Commune de Bourguignon-sous-Montbavin (02),false,{02108},Commune,2026-03-24 14:41:51.447482+01,gold_establishments_2025,,,,21020105900016,2025,Collectivité Territoriale,Commune,['Aisne'],['Hauts-de-France'],COM,{02},{32}
52969aae-3dfd-4ff1-82fe-50b141a9bd17,211000500,Commune de Bourguignons (10),false,{10055},Commune,2026-03-24 14:41:53.095366+01,gold_establishments_2025,,,,21100050000010,2025,Collectivité Territoriale,Commune,['Aube'],['Grand Est'],COM,{10},{44}
ded2f796-17e6-440e-adbd-3a657a5de665,211400924,Commune de Bourguébus (14),false,{14092},Commune,2026-03-24 14:41:53.63825+01,gold_establishments_2025,,,,21140092400059,2025,Collectivité Territoriale,Commune,['Calvados'],['Normandie'],COM,{14},{28}
72747c80-4c65-45d4-8532-f1faf4522818,200086213,Commune de Bourgvallées (50),false,{50546},Commune,2026-03-24 14:42:01.412377+01,gold_establishments_2025,,,,20008621300143,2025,Collectivité Territoriale,Commune,['Manche'],['Normandie'],COM,{50},{28}
79c62935-df85-4b0a-89cd-b666175f05c9,217100502,Commune de Bourgvilain (71),false,{71050},Commune,2026-03-24 14:42:07.735343+01,gold_establishments_2025,,,,21710050200012,2025,Collectivité Territoriale,Commune,['Saône-et-Loire'],['Bourgogne-Franche-Comté'],COM,{71},{27}
1dc93027-b96e-45a9-a2b2-122c1441a295,213300684,Commune de Bourideys (33),false,{33068},Commune,2026-03-24 14:41:58.09424+01,gold_establishments_2025,,,,21330068400015,2025,Collectivité Territoriale,Commune,['Gironde'],['Nouvelle-Aquitaine'],COM,{33},{75}
405df578-f4b7-4031-8741-ad3284c7c3e9,211100466,Commune de Bourigeole (11),false,{11046},Commune,2026-03-24 14:41:53.63825+01,gold_establishments_2025,,,,21110046600013,2025,Collectivité Territoriale,Commune,['Aude'],['Occitanie'],COM,{11},{76}
cea88ccb-ad7e-478f-a9a3-6708b4374327,216501064,Commune de Bourisp (65),false,{65106},Commune,2026-03-24 14:42:06.665412+01,gold_establishments_2025,,,,21650106400010,2025,Collectivité Territoriale,Commune,['Hautes-Pyrénées'],['Occitanie'],COM,{65},{76}
12f20d11-0713-4074-89ec-de173ffbd4d2,211100458,Commune de Bouriège (11),false,{11045},Commune,2026-03-24 14:41:53.63825+01,gold_establishments_2025,,,,21110045800010,2025,Collectivité Territoriale,Commune,['Aude'],['Occitanie'],COM,{11},{76}
f35bc3b2-83f7-4b0f-9cb4-1a5d8c4e5f50,214700361,Commune de Bourlens (47),false,{47036},Commune,2026-03-24 14:42:00.862623+01,gold_establishments_2025,,,,21470036100014,2025,Collectivité Territoriale,Commune,['Lot-et-Garonne'],['Nouvelle-Aquitaine'],COM,{47},{75}
cc153a6c-6d9d-4d4d-b514-76e1c673ceb2,216201640,Commune de Bourlon (62),false,{62164},Commune,2026-03-24 14:42:05.597325+01,gold_establishments_2025,,,,21620164000010,2025,Collectivité Territoriale,Commune,['Pas-de-Calais'],['Hauts-de-France'],COM,{62},{32}
b51f1f3b-96c7-47b7-911b-7c4af7d73f1a,200082832,Commune de Bourmont-entre-Meuse-et-Mouzon (52),false,{52064},Commune,2026-03-24 14:42:01.954481+01,gold_establishments_2025,,,,20008283200011,2025,Collectivité Territoriale,Commune,['Haute-Marne'],['Grand Est'],COM,{52},{44}
d99e7e65-378d-4aa3-8cdb-160526b4e0d7,212701064,Commune de Bournainville-Faverolles (27),false,{27106},Commune,2026-03-24 14:41:56.495197+01,gold_establishments_2025,,,,21270106400017,2025,Collectivité Territoriale,Commune,['Eure'],['Normandie'],COM,{27},{28}
a00d6bc5-d09f-4d17-b13e-330a071f98e7,213700321,Commune de Bournan (37),false,{37032},Commune,2026-03-24 14:41:59.160244+01,gold_establishments_2025,,,,21370032100010,2025,Collectivité Territoriale,Commune,['Indre-et-Loire'],['Centre-Val de Loire'],COM,{37},{24}
58adb798-9791-457c-834b-0dbedbd6e874,218600369,Commune de Bournand (86),false,{86036},Commune,2026-03-24 14:42:10.508772+01,gold_establishments_2025,,,,21860036900019,2025,Collectivité Territoriale,Commune,['Vienne'],['Nouvelle-Aquitaine'],COM,{86},{75}
0473897c-2d91-4259-a02c-49e753004a0c,211200316,Commune de Bournazel (12),false,{12031},Commune,2026-03-24 14:41:53.63825+01,gold_establishments_2025,,,,21120031600019,2025,Collectivité Territoriale,Commune,['Aveyron'],['Occitanie'],COM,{12},{76}
5ecffc7c-aef2-4001-96c8-d404b49139c1,218100352,Commune de Bournazel (81),false,{81035},Commune,2026-03-24 14:42:09.967209+01,gold_establishments_2025,,,,21810035200010,2025,Collectivité Territoriale,Commune,['Tarn'],['Occitanie'],COM,{81},{76}
10875788-e584-47d0-9a01-38e7c1078c27,218500338,Commune de Bourneau (85),false,{85033},Commune,2026-03-24 14:42:10.508772+01,gold_establishments_2025,,,,21850033800015,2025,Collectivité Territoriale,Commune,['Vendée'],['Pays de la Loire'],COM,{85},{52}
7b9c0d3e-8c0e-42e2-80e6-61e3ee003152,214700379,Commune de Bournel (47),false,{47037},Commune,2026-03-24 14:42:00.862623+01,gold_establishments_2025,,,,21470037900016,2025,Collectivité Territoriale,Commune,['Lot-et-Garonne'],['Nouvelle-Aquitaine'],COM,{47},{75}
c718fcf0-bacf-43f8-aa18-b55d1c484326,200056059,Commune de Bourneville-Sainte-Croix (27),false,{27107},Commune,2026-03-24 14:41:56.495197+01,gold_establishments_2025,,,,20005605900013,2025,Collectivité Territoriale,Commune,['Eure'],['Normandie'],COM,{27},{28}
74abbddd-15d6-4c44-87e9-24d748519f5b,218500346,Commune de Bournezeau (85),false,{85034},Commune,2026-03-24 14:42:10.508772+01,gold_establishments_2025,,,,21850034600018,2025,Collectivité Territoriale,Commune,['Vendée'],['Pays de la Loire'],COM,{85},{52}
a8068e82-1620-4aca-ae98-8a6c864af66e,212400600,Commune de Bourniquel (24),false,{24060},Commune,2026-03-24 14:41:55.958138+01,gold_establishments_2025,,,,21240060000012,2025,Collectivité Territoriale,Commune,['Dordogne'],['Nouvelle-Aquitaine'],COM,{24},{75}
fec657ff-6022-4944-86a9-db2df3880e61,212500839,Commune de Bournois (25),false,{25083},Commune,2026-03-24 14:41:55.958138+01,gold_establishments_2025,,,,21250083900015,2025,Collectivité Territoriale,Commune,['Doubs'],['Bourgogne-Franche-Comté'],COM,{25},{27}
dfcb0db0-bef3-4fa6-9070-a55bd439dc01,214300386,Commune de Bournoncle-Saint-Pierre (43),false,{43038},Commune,2026-03-24 14:42:00.273698+01,gold_establishments_2025,,,,21430038600015,2025,Collectivité Territoriale,Commune,['Haute-Loire'],['Auvergne-Rhône-Alpes'],COM,{43},{84}
e3aaf9fa-c3f3-404d-9f60-c937b7038bed,216201657,Commune de Bournonville (62),false,{62165},Commune,2026-03-24 14:42:05.597325+01,gold_establishments_2025,,,,21620165700014,2025,Collectivité Territoriale,Commune,['Pas-de-Calais'],['Hauts-de-France'],COM,{62},{32}
cc57e990-f53b-496a-a2ad-919834744085,216401463,Commune de Bournos (64),false,{64146},Commune,2026-03-24 14:42:06.130387+01,gold_establishments_2025,,,,21640146300015,2025,Collectivité Territoriale,Commune,['Pyrénées-Atlantiques'],['Nouvelle-Aquitaine'],COM,{64},{75}
ede7e92f-d7eb-40e5-befd-88a6365ffc71,219000171,Commune de Bourogne (90),false,{90017},Commune,2026-03-24 14:42:11.659493+01,gold_establishments_2025,,,,21900017100013,2025,Collectivité Territoriale,Commune,['Territoire de Belfort'],['Bourgogne-Franche-Comté'],COM,{90},{27}
86320b1e-7ae7-4b6d-9463-5abd6d080895,214700387,Commune de Bourran (47),false,{47038},Commune,2026-03-24 14:42:00.862623+01,gold_establishments_2025,,,,21470038700019,2025,Collectivité Territoriale,Commune,['Lot-et-Garonne'],['Nouvelle-Aquitaine'],COM,{47},{75}
d1fe9ea6-2c00-4ea2-bb6a-32b4d5fba52d,218200236,Commune de Bourret (82),false,{82023},Commune,2026-03-24 14:42:10.508772+01,gold_establishments_2025,,,,21820023600014,2025,Collectivité Territoriale,Commune,['Tarn-et-Garonne'],['Occitanie'],COM,{82},{76}
3c22804c-1fcc-44c5-a23e-3dc5622f856f,214000531,Commune de Bourriot-Bergonce (40),false,{40053},Commune,2026-03-24 14:41:59.705606+01,gold_establishments_2025,,,,21400053100019,2025,Collectivité Territoriale,Commune,['Landes'],['Nouvelle-Aquitaine'],COM,{40},{75}
3020f341-1141-4d11-b046-1bf3533ce880,217700483,Commune de Bourron-Marlotte (77),false,{77048},Commune,2026-03-24 14:42:08.818969+01,gold_establishments_2025,,,,21770048300019,2025,Collectivité Territoriale,Commune,['Seine-et-Marne'],['Île-de-France'],COM,{77},{11}
8fe25ace-68a9-4dd9-800d-2343476a85c1,212400618,Commune de Bourrou (24),false,{24061},Commune,2026-03-24 14:41:55.958138+01,gold_establishments_2025,,,,21240061800014,2025,Collectivité Territoriale,Commune,['Dordogne'],['Nouvelle-Aquitaine'],COM,{24},{75}
e7733cf0-4f0e-4893-b565-2b656be03d7c,213200629,Commune de Bourrouillan (32),false,{32062},Commune,2026-03-24 14:41:58.09424+01,gold_establishments_2025,,,,21320062900011,2025,Collectivité Territoriale,Commune,['Gers'],['Occitanie'],COM,{32},{76}
f4fe1008-d8e3-445b-8dac-9f660a60f44b,216501072,Commune de Bourréac (65),false,{65107},Commune,2026-03-24 14:42:06.665412+01,gold_establishments_2025,,,,21650107200013,2025,Collectivité Territoriale,Commune,['Hautes-Pyrénées'],['Occitanie'],COM,{65},{76}
d081e4fc-f1f2-4e4a-b337-7532a6a61a68,216201665,Commune de Bours (62),false,{62166},Commune,2026-03-24 14:42:05.597325+01,gold_establishments_2025,,,,21620166500017,2025,Collectivité Territoriale,Commune,['Pas-de-Calais'],['Hauts-de-France'],COM,{62},{32}
93a77c94-93a4-4c54-9a40-28f94b4c75fd,216501080,Commune de Bours (65),false,{65108},Commune,2026-03-24 14:42:06.665412+01,gold_establishments_2025,,,,21650108000016,2025,Collectivité Territoriale,Commune,['Hautes-Pyrénées'],['Occitanie'],COM,{65},{76}
de94ec33-8ba5-4457-a6a2-d0360bfe78ca,215100702,Commune de Boursault (51),false,{51076},Commune,2026-03-24 14:42:01.412377+01,gold_establishments_2025,,,,21510070200012,2025,Collectivité Territoriale,Commune,['Marne'],['Grand Est'],COM,{51},{44}
a1942154-6d69-424c-b4c8-a4a5b6cb5a1f,214100240,Commune de Boursay (41),false,{41024},Commune,2026-03-24 14:41:59.705606+01,gold_establishments_2025,,,,21410024000016,2025,Collectivité Territoriale,Commune,['Loir-et-Cher'],['Centre-Val de Loire'],COM,{41},{24}
e9b92af3-dd2a-4135-ad2f-8267b32347b7,215701004,Commune de Bourscheid (57),false,{57100},Commune,2026-03-24 14:42:03.701372+01,gold_establishments_2025,,,,21570100400016,2025,Collectivité Territoriale,Commune,['Moselle'],['Grand Est'],COM,{57},{44}
81b4b01b-110b-4a4b-8667-f0e9211db881,212200141,Commune de Bourseul (22),false,{22014},Commune,2026-03-24 14:41:55.433389+01,gold_establishments_2025,,,,21220014100019,2025,Collectivité Territoriale,Commune,"[""Côtes-d'Armor""]",['Bretagne'],COM,{22},{53}
3cb5aaf8-b7ce-4b81-9202-b420d3584dcb,218001154,Commune de Bourseville (80),false,{80124},Commune,2026-03-24 14:42:09.967209+01,gold_establishments_2025,,,,21800115400010,2025,Collectivité Territoriale,Commune,['Somme'],['Hauts-de-France'],COM,{80},{32}
a1059678-a14e-4193-ba36-c69c944b3854,215900978,Commune de Boursies (59),false,{59097},Commune,2026-03-24 14:42:04.280096+01,gold_establishments_2025,,,,21590097800010,2025,Collectivité Territoriale,Commune,['Nord'],['Hauts-de-France'],COM,{59},{32}
9338d837-a81f-4ba9-af39-2bc7aaa5edd3,216201673,Commune de Boursin (62),false,{62167},Commune,2026-03-24 14:42:05.597325+01,gold_establishments_2025,,,,21620167300011,2025,Collectivité Territoriale,Commune,['Pas-de-Calais'],['Hauts-de-France'],COM,{62},{32}
67191673-60c0-4a6a-86e4-69d5cee1ce6a,217000900,Commune de Boursières (70),false,{70090},Commune,2026-03-24 14:42:07.735343+01,gold_establishments_2025,,,,21700090000019,2025,Collectivité Territoriale,Commune,['Haute-Saône'],['Bourgogne-Franche-Comté'],COM,{70},{27}
3483d911-4a9f-4603-8923-1e7b8d89d2c1,216000943,Commune de Boursonne (60),false,{60094},Commune,2026-03-24 14:42:04.814328+01,gold_establishments_2025,,,,21600094300011,2025,Collectivité Territoriale,Commune,['Oise'],['Hauts-de-France'],COM,{60},{32}
f47946be-ef5f-470d-b76c-bb887e57501e,212701080,Commune de Bourth (27),false,{27108},Commune,2026-03-24 14:41:56.495197+01,gold_establishments_2025,,,,21270108000013,2025,Collectivité Territoriale,Commune,['Eure'],['Normandie'],COM,{27},{28}
599f2eba-2375-4270-adde-ae1bda6be98c,216201681,Commune de Bourthes (62),false,{62168},Commune,2026-03-24 14:42:05.597325+01,gold_establishments_2025,,,,21620168100014,2025,Collectivité Territoriale,Commune,['Pas-de-Calais'],['Hauts-de-France'],COM,{62},{32}
52905c4d-c419-47d1-a9ee-4ab297c77e1f,217601343,Commune de Bourville (76),false,{76134},Commune,2026-03-24 14:42:08.818969+01,gold_establishments_2025,,,,21760134300015,2025,Collectivité Territoriale,Commune,['Seine-Maritime'],['Normandie'],COM,{76},{28}
4f3f0400-4a37-49c8-9cdd-d6bab97874c0,216000950,Commune de Boury-en-Vexin (60),false,{60095},Commune,2026-03-24 14:42:04.814328+01,gold_establishments_2025,,,,21600095000016,2025,Collectivité Territoriale,Commune,['Oise'],['Hauts-de-France'],COM,{60},{32}
159a39f6-cf93-4895-a44d-c5ce23c4dc7e,215701012,Commune de Bousbach (57),false,{57101},Commune,2026-03-24 14:42:03.701372+01,gold_establishments_2025,,,,21570101200019,2025,Collectivité Territoriale,Commune,['Moselle'],['Grand Est'],COM,{57},{44}
79559cac-8a6e-43fe-a615-37ee3ed71df1,215900986,Commune de Bousbecque (59),false,{59098},Commune,2026-03-24 14:42:04.280096+01,gold_establishments_2025,,,,21590098600013,2025,Collectivité Territoriale,Commune,['Nord'],['Hauts-de-France'],COM,{59},{32}
43f76529-d014-4e41-93f0-ad36e07475ff,215900994,Commune de Bousies (59),false,{59099},Commune,2026-03-24 14:42:04.280096+01,gold_establishments_2025,,,,21590099400058,2025,Collectivité Territoriale,Commune,['Nord'],['Hauts-de-France'],COM,{59},{32}
532ec0eb-3cb6-4b13-9a3e-e4034ddddd82,215901000,Commune de Bousignies (59),false,{59100},Commune,2026-03-24 14:42:04.280096+01,gold_establishments_2025,,,,21590100000012,2025,Collectivité Territoriale,Commune,['Nord'],['Hauts-de-France'],COM,{59},{32}
9c9cba7a-d824-418a-a8cc-410ab4b6a048,215901018,Commune de Bousignies-sur-Roc (59),false,{59101},Commune,2026-03-24 14:42:04.280096+01,gold_establishments_2025,,,,21590101800014,2025,Collectivité Territoriale,Commune,['Nord'],['Hauts-de-France'],COM,{59},{32}
5464afa6-bcf8-4daa-b296-bf58b5adafaf,211200324,Commune de Boussac (12),false,{12032},Commune,2026-03-24 14:41:53.63825+01,gold_establishments_2025,,,,21120032400013,2025,Collectivité Territoriale,Commune,['Aveyron'],['Occitanie'],COM,{12},{76}
e45c6eff-c40d-483a-827d-3d7616c84a8c,212303101,Commune de Boussac (23),false,{23031},Commune,2026-03-24 14:41:55.958138+01,gold_establishments_2025,,,,21230310100019,2025,Collectivité Territoriale,Commune,['Creuse'],['Nouvelle-Aquitaine'],COM,{23},{75}
810d017e-1897-4456-b091-afe98d67ae80,214600355,Commune de Boussac (46),false,{46035},Commune,2026-03-24 14:42:00.862623+01,gold_establishments_2025,,,,21460035500017,2025,Collectivité Territoriale,Commune,['Lot'],['Occitanie'],COM,{46},{76}
3e9b1263-ce97-4ab3-ba3c-60f690839a5c,212303200,Commune de Boussac-Bourg (23),false,{23032},Commune,2026-03-24 14:41:55.958138+01,gold_establishments_2025,,,,21230320000019,2025,Collectivité Territoriale,Commune,['Creuse'],['Nouvelle-Aquitaine'],COM,{23},{75}
368a040a-cc52-4b45-babd-baa8ee65bbfc,217900471,Commune de Boussais (79),false,{79047},Commune,2026-03-24 14:42:09.43682+01,gold_establishments_2025,,,,21790047100012,2025,Collectivité Territoriale,Commune,['Deux-Sèvres'],['Nouvelle-Aquitaine'],COM,{79},{75}
78b6dced-4e8b-4e20-bb03-78c408cfa01a,213100837,Commune de Boussan (31),false,{31083},Commune,2026-03-24 14:41:57.56054+01,gold_establishments_2025,,,,21310083700011,2025,Collectivité Territoriale,Commune,['Haute-Garonne'],['Occitanie'],COM,{31},{76}
7ddeb244-79d9-4d9f-aea3-4bc2f3f959c9,213700339,Commune de Boussay (37),false,{37033},Commune,2026-03-24 14:41:59.160244+01,gold_establishments_2025,,,,21370033900012,2025,Collectivité Territoriale,Commune,['Indre-et-Loire'],['Centre-Val de Loire'],COM,{37},{24}
435c54d5-efe8-4f80-9b18-3f0c8222fa80,214400228,Commune de Boussay (44),false,{44022},Commune,2026-03-24 14:42:00.273698+01,gold_establishments_2025,,,,21440022800018,2025,Collectivité Territoriale,Commune,['Loire-Atlantique'],['Pays de la Loire'],COM,{44},{52}
1dab49eb-cfff-4552-b33e-44d23078f79d,215701020,Commune de Bousse (57),false,{57102},Commune,2026-03-24 14:42:03.701372+01,gold_establishments_2025,,,,21570102000012,2025,Collectivité Territoriale,Commune,['Moselle'],['Grand Est'],COM,{57},{44}
6d6b2075-7a77-449e-8501-f3121dbacd06,217200443,Commune de Bousse (72),false,{72044},Commune,2026-03-24 14:42:08.279287+01,gold_establishments_2025,,,,21720044300018,2025,Collectivité Territoriale,Commune,['Sarthe'],['Pays de la Loire'],COM,{72},{52}
0902b346-9715-46da-b152-e9ecaf06b45f,212100952,Commune de Bousselange (21),false,{21095},Commune,2026-03-24 14:41:55.433389+01,gold_establishments_2025,,,,21210095200010,2025,Collectivité Territoriale,Commune,"[""Côte-d'Or""]",['Bourgogne-Franche-Comté'],COM,{21},{27}
a8f481a7-c0c5-46d4-9367-2d1e9f74d4a8,210900650,Commune de Boussenac (09),false,{09065},Commune,2026-03-24 14:41:53.095366+01,gold_establishments_2025,,,,21090065000016,2025,Collectivité Territoriale,Commune,['Ariège'],['Occitanie'],COM,{09},{76}
25ca8ecf-f41f-4fb2-840c-2d99dc245a5a,212100960,Commune de Boussenois (21),false,{21096},Commune,2026-03-24 14:41:55.433389+01,gold_establishments_2025,,,,21210096000013,2025,Collectivité Territoriale,Commune,"[""Côte-d'Or""]",['Bourgogne-Franche-Comté'],COM,{21},{27}
ecee609e-531e-4436-b8fb-4d3ef52d2416,213100845,Commune de Boussens (31),false,{31084},Commune,2026-03-24 14:41:57.56054+01,gold_establishments_2025,,,,21310084500014,2025,Collectivité Territoriale,Commune,['Haute-Garonne'],['Occitanie'],COM,{31},{76}
5affdfad-3389-4c0b-9b7a-facf33073024,217000918,Commune de Bousseraucourt (70),false,{70091},Commune,2026-03-24 14:42:07.735343+01,gold_establishments_2025,,,,21700091800011,2025,Collectivité Territoriale,Commune,['Haute-Saône'],['Bourgogne-Franche-Comté'],COM,{70},{27}
95cf6be1-0a7d-4349-87a2-3c7d6131626c,215701038,Commune de Bousseviller (57),false,{57103},Commune,2026-03-24 14:42:03.701372+01,gold_establishments_2025,,,,21570103800030,2025,Collectivité Territoriale,Commune,['Moselle'],['Grand Est'],COM,{57},{44}
85069a62-7868-4de7-b786-c775958b9a57,212100978,Commune de Boussey (21),false,{21097},Commune,2026-03-24 14:41:55.433389+01,gold_establishments_2025,,,,21210097800015,2025,Collectivité Territoriale,Commune,"[""Côte-d'Or""]",['Bourgogne-Franche-Comté'],COM,{21},{27}
1d237457-9b42-4391-86e4-407ecfc2b775,218001196,Commune de Boussicourt (80),false,{80125},Commune,2026-03-24 14:42:09.967209+01,gold_establishments_2025,,,,21800119600011,2025,Collectivité Territoriale,Commune,['Somme'],['Hauts-de-France'],COM,{80},{32}
d0c79afa-80b6-4fd4-b33d-f09d9761da9b,212500847,Commune de Boussières (25),false,{25084},Commune,2026-03-24 14:41:55.958138+01,gold_establishments_2025,,,,21250084700018,2025,Collectivité Territoriale,Commune,['Doubs'],['Bourgogne-Franche-Comté'],COM,{25},{27}
13a95b8b-c1de-433d-94fa-c6feb6264867,215901026,Commune de Boussières-en-Cambrésis (59),false,{59102},Commune,2026-03-24 14:42:04.280096+01,gold_establishments_2025,,,,21590102600017,2025,Collectivité Territoriale,Commune,['Nord'],['Hauts-de-France'],COM,{59},{32}
608d46d7-e984-482e-b9f8-ea0417860bae,215901034,Commune de Boussières-sur-Sambre (59),false,{59103},Commune,2026-03-24 14:42:04.280096+01,gold_establishments_2025,,,,21590103400011,2025,Collectivité Territoriale,Commune,['Nord'],['Hauts-de-France'],COM,{59},{32}
ddd89bdb-f3dd-4517-b19b-374eb3c105e8,215901042,Commune de Boussois (59),false,{59104},Commune,2026-03-24 14:42:04.280096+01,gold_establishments_2025,,,,21590104200014,2025,Collectivité Territoriale,Commune,['Nord'],['Hauts-de-France'],COM,{59},{32}
c663745b-f92a-4446-915f-f22ae6ff8ecc,217400464,Commune de Boussy (74),false,{74046},Commune,2026-03-24 14:42:08.279287+01,gold_establishments_2025,,,,21740046400012,2025,Collectivité Territoriale,Commune,['Haute-Savoie'],['Auvergne-Rhône-Alpes'],COM,{74},{84}
d2b23630-ef02-448b-b692-030b20e0d6c3,219100971,Commune de Boussy-Saint-Antoine (91),false,{91097},Commune,2026-03-24 14:42:11.659493+01,gold_establishments_2025,,,,21910097100015,2025,Collectivité Territoriale,Commune,['Essonne'],['Île-de-France'],COM,{91},{11}
75111aef-71e9-4c12-87f6-ad4ea792c03e,214700395,Commune de Boussès (47),false,{47039},Commune,2026-03-24 14:42:00.862623+01,gold_establishments_2025,,,,21470039500012,2025,Collectivité Territoriale,Commune,['Lot-et-Garonne'],['Nouvelle-Aquitaine'],COM,{47},{75}
16e28089-f267-45db-898d-ce9f5fb09ab8,215701046,Commune de Boust (57),false,{57104},Commune,2026-03-24 14:42:03.701372+01,gold_establishments_2025,,,,21570104600017,2025,Collectivité Territoriale,Commune,['Moselle'],['Grand Est'],COM,{57},{44}
82556954-cd77-4048-90e2-7af99f47991b,215701053,Commune de Boustroff (57),false,{57105},Commune,2026-03-24 14:42:03.701372+01,gold_establishments_2025,,,,21570105300013,2025,Collectivité Territoriale,Commune,['Moselle'],['Grand Est'],COM,{57},{44}
5f06e27f-a677-46df-8725-33812141297c,218100360,Commune de Bout-du-Pont-de-Larn (81),false,{81036},Commune,2026-03-24 14:42:09.967209+01,gold_establishments_2025,,,,21810036000013,2025,Collectivité Territoriale,Commune,['Tarn'],['Occitanie'],COM,{81},{76}
015d937f-1835-4eff-8236-a1e38211ce07,212400626,Commune de Bouteilles-Saint-Sébastien (24),false,{24062},Commune,2026-03-24 14:41:55.958138+01,gold_establishments_2025,,,,21240062600017,2025,Collectivité Territoriale,Commune,['Dordogne'],['Nouvelle-Aquitaine'],COM,{24},{75}
5cb66cea-305c-4b24-ae0d-f204a7f93ede,211100482,Commune de Boutenac (11),false,{11048},Commune,2026-03-24 14:41:53.63825+01,gold_establishments_2025,,,,21110048200010,2025,Collectivité Territoriale,Commune,['Aude'],['Occitanie'],COM,{11},{76}
5740651e-087f-4c19-9853-549612dadf05,211700604,Commune de Boutenac-Touvent (17),false,{17060},Commune,2026-03-24 14:41:54.903238+01,gold_establishments_2025,,,,21170060400013,2025,Collectivité Territoriale,Commune,['Charente-Maritime'],['Nouvelle-Aquitaine'],COM,{17},{75}
ac00728d-be85-4d08-82d6-94fb14347e48,216000976,Commune de Boutencourt (60),false,{60097},Commune,2026-03-24 14:42:04.814328+01,gold_establishments_2025,,,,21600097600011,2025,Collectivité Territoriale,Commune,['Oise'],['Hauts-de-France'],COM,{60},{32}
bbc50b01-6bb1-41cd-b753-e4acc7f1bb96,219100989,Commune de Boutervilliers (91),false,{91098},Commune,2026-03-24 14:42:11.659493+01,gold_establishments_2025,,,,21910098900017,2025,Collectivité Territoriale,Commune,['Essonne'],['Île-de-France'],COM,{91},{11}
c71f8d32-30b7-4ef3-b63f-b0c4913aabd8,211600572,Commune de Bouteville (16),false,{16057},Commune,2026-03-24 14:41:54.362296+01,gold_establishments_2025,,,,21160057200013,2025,Collectivité Territoriale,Commune,['Charente'],['Nouvelle-Aquitaine'],COM,{16},{75}
19f56aae-f479-4e68-b318-0e15d72c7e2c,211600580,Commune de Boutiers-Saint-Trojan (16),false,{16058},Commune,2026-03-24 14:41:54.362296+01,gold_establishments_2025,,,,21160058000016,2025,Collectivité Territoriale,Commune,['Charente'],['Nouvelle-Aquitaine'],COM,{16},{75}
adf696dc-ea3e-4fab-9128-8bffe538276e,217700491,Commune de Boutigny (77),false,{77049},Commune,2026-03-24 14:42:08.818969+01,gold_establishments_2025,,,,21770049100012,2025,Collectivité Territoriale,Commune,['Seine-et-Marne'],['Île-de-France'],COM,{77},{11}
2f1f7359-87a4-4436-81c7-525f369497cc,212800569,Commune de Boutigny-Prouais (28),false,{28056},Commune,2026-03-24 14:41:57.028721+01,gold_establishments_2025,,,,21280056900015,2025,Collectivité Territoriale,Commune,['Eure-et-Loir'],['Centre-Val de Loire'],COM,{28},{24}
08298606-cb00-4eba-8de9-85ba8421893c,219100997,Commune de Boutigny-sur-Essonne (91),false,{91099},Commune,2026-03-24 14:42:11.659493+01,gold_establishments_2025,,,,21910099700010,2025,Collectivité Territoriale,Commune,['Essonne'],['Île-de-France'],COM,{91},{11}
85458079-429e-4235-bebe-27e845704548,218007839,Commune de Bouttencourt (80),false,{80126},Commune,2026-03-24 14:42:09.967209+01,gold_establishments_2025,,,,21800783900010,2025,Collectivité Territoriale,Commune,['Somme'],['Hauts-de-France'],COM,{80},{32}
3c192d5f-a04a-413e-aee3-1c52b9ae54fc,215000704,Commune de Boutteville (50),false,{50070},Commune,2026-03-24 14:42:01.412377+01,gold_establishments_2025,,,,21500070400019,2025,Collectivité Territoriale,Commune,['Manche'],['Normandie'],COM,{50},{28}
0a7e13ca-4e70-4c0b-bcae-04ec15f825e3,213100852,Commune de Boutx (31),false,{31085},Commune,2026-03-24 14:41:57.56054+01,gold_establishments_2025,,,,21310085200010,2025,Collectivité Territoriale,Commune,['Haute-Garonne'],['Occitanie'],COM,{31},{76}
3c775690-bcd4-46cc-b8ba-9451d94642bd,218001204,Commune de Bouvaincourt-sur-Bresle (80),false,{80127},Commune,2026-03-24 14:42:09.967209+01,gold_establishments_2025,,,,21800120400013,2025,Collectivité Territoriale,Commune,['Somme'],['Hauts-de-France'],COM,{80},{32}
5bda5270-bfe9-4463-aeae-c68207a5d9af,215100710,Commune de Bouvancourt (51),false,{51077},Commune,2026-03-24 14:42:01.412377+01,gold_establishments_2025,,,,21510071000015,2025,Collectivité Territoriale,Commune,['Marne'],['Grand Est'],COM,{51},{44}
6b807539-05c8-4889-b984-7710b87ed3cc,212600597,Commune de Bouvante (26),false,{26059},Commune,2026-03-24 14:41:56.495197+01,gold_establishments_2025,,,,21260059700018,2025,Collectivité Territoriale,Commune,['Drôme'],['Auvergne-Rhône-Alpes'],COM,{26},{84}
21521117-82ea-4b8e-a6da-9a9beb7c2af5,216201699,Commune de Bouvelinghem (62),false,{62169},Commune,2026-03-24 14:42:05.597325+01,gold_establishments_2025,,,,21620169900016,2025,Collectivité Territoriale,Commune,['Pas-de-Calais'],['Hauts-de-France'],COM,{62},{32}
2193b172-427f-4b1a-900d-a7cef14fe566,210800744,Commune de Bouvellemont (08),false,{08080},Commune,2026-03-24 14:41:52.562531+01,gold_establishments_2025,,,,21080074400018,2025,Collectivité Territoriale,Commune,['Ardennes'],['Grand Est'],COM,{08},{44}
32602ee5-7f87-40d6-8af7-ffeb7610c483,212500854,Commune de Bouverans (25),false,{25085},Commune,2026-03-24 14:41:55.958138+01,gold_establishments_2025,,,,21250085400014,2025,Collectivité Territoriale,Commune,['Doubs'],['Bourgogne-Franche-Comté'],COM,{25},{27}
c1880636-aeda-449e-bd63-dea8666e22bc,213800543,Commune de Bouvesse-Quirieu (38),false,{38054},Commune,2026-03-24 14:41:59.160244+01,gold_establishments_2025,,,,21380054300018,2025,Collectivité Territoriale,Commune,['Isère'],['Auvergne-Rhône-Alpes'],COM,{38},{84}
bb7e38ad-48a2-4721-8c39-e5ce8a2e56ae,215901059,Commune de Bouvignies (59),false,{59105},Commune,2026-03-24 14:42:04.280096+01,gold_establishments_2025,,,,21590105900018,2025,Collectivité Territoriale,Commune,['Nord'],['Hauts-de-France'],COM,{59},{32}
dfdfe565-34d1-46d1-9ea6-9f890f1f8f39,216201707,Commune de Bouvigny-Boyeffles (62),false,{62170},Commune,2026-03-24 14:42:05.597325+01,gold_establishments_2025,,,,21620170700017,2025,Collectivité Territoriale,Commune,['Pas-de-Calais'],['Hauts-de-France'],COM,{62},{32}
915042e7-8288-41bf-a5c9-65b8dbf39ec4,212800577,Commune de Bouville (28),false,{28057},Commune,2026-03-24 14:41:57.028721+01,gold_establishments_2025,,,,21280057700018,2025,Collectivité Territoriale,Commune,['Eure-et-Loir'],['Centre-Val de Loire'],COM,{28},{24}
18842495-6c78-4c06-ad3c-c85bdb5a1b54,217601350,Commune de Bouville (76),false,{76135},Commune,2026-03-24 14:42:08.818969+01,gold_establishments_2025,,,,21760135000010,2025,Collectivité Territoriale,Commune,['Seine-Maritime'],['Normandie'],COM,{76},{28}
406d534d-1ac3-4292-a0c0-efdc5bff31f4,219101003,Commune de Bouville (91),false,{91100},Commune,2026-03-24 14:42:11.659493+01,gold_establishments_2025,,,,21910100300016,2025,Collectivité Territoriale,Commune,['Essonne'],['Île-de-France'],COM,{91},{11}
399969dc-caac-470b-af21-9115355bdfc7,218001212,Commune de Bouvincourt-en-Vermandois (80),false,{80128},Commune,2026-03-24 14:42:09.967209+01,gold_establishments_2025,,,,21800121200016,2025,Collectivité Territoriale,Commune,['Somme'],['Hauts-de-France'],COM,{80},{32}
98630026-5d6a-47d6-9523-fd987be36fd8,215901067,Commune de Bouvines (59),false,{59106},Commune,2026-03-24 14:42:04.280096+01,gold_establishments_2025,,,,21590106700011,2025,Collectivité Territoriale,Commune,['Nord'],['Hauts-de-France'],COM,{59},{32}
453429da-8ac7-46e9-8176-1343aaf14a47,212600605,Commune de Bouvières (26),false,{26060},Commune,2026-03-24 14:41:56.495197+01,gold_establishments_2025,,,,21260060500019,2025,Collectivité Territoriale,Commune,['Drôme'],['Auvergne-Rhône-Alpes'],COM,{26},{84}
91d18b0a-86ed-4e3b-a1df-c7032a07fd95,216000984,Commune de Bouvresse (60),false,{60098},Commune,2026-03-24 14:42:04.814328+01,gold_establishments_2025,,,,21600098400015,2025,Collectivité Territoriale,Commune,['Oise'],['Hauts-de-France'],COM,{60},{32}
561e41e6-1a6d-47ae-885b-508c098a8303,214400236,Commune de Bouvron (44),false,{44023},Commune,2026-03-24 14:42:00.273698+01,gold_establishments_2025,,,,21440023600011,2025,Collectivité Territoriale,Commune,['Loire-Atlantique'],['Pays de la Loire'],COM,{44},{52}
fe75ac17-6541-4783-83ab-e65e6bbb4a93,215400888,Commune de Bouvron (54),false,{54088},Commune,2026-03-24 14:42:02.957225+01,gold_establishments_2025,,,,21540088800016,2025,Collectivité Territoriale,Commune,['Meurthe-et-Moselle'],['Grand Est'],COM,{54},{44}
74d8a2e8-bc5f-4b50-822a-ff90690a6284,212100986,Commune de Boux-sous-Salmaise (21),false,{21098},Commune,2026-03-24 14:41:55.433389+01,gold_establishments_2025,,,,21210098600018,2025,Collectivité Territoriale,Commune,"[""Côte-d'Or""]",['Bourgogne-Franche-Comté'],COM,{21},{27}
f34b166b-83ec-4935-9b8d-40a8c3888c9a,218800696,Commune de Bouxières-aux-Bois (88),false,{88069},Commune,2026-03-24 14:42:11.118516+01,gold_establishments_2025,,,,21880069600013,2025,Collectivité Territoriale,Commune,['Vosges'],['Grand Est'],COM,{88},{44}
db58de85-9f5e-475b-a75f-6e1a11ed0c42,215400896,Commune de Bouxières-aux-Chênes (54),false,{54089},Commune,2026-03-24 14:42:02.957225+01,gold_establishments_2025,,,,21540089600019,2025,Collectivité Territoriale,Commune,['Meurthe-et-Moselle'],['Grand Est'],COM,{54},{44}
247d0214-4b6f-4deb-909e-8db38c3ffcc0,215400904,Commune de Bouxières-aux-Dames (54),false,{54090},Commune,2026-03-24 14:42:02.957225+01,gold_establishments_2025,,,,21540090400011,2025,Collectivité Territoriale,Commune,['Meurthe-et-Moselle'],['Grand Est'],COM,{54},{44}
2b886f6f-24f0-438e-bfc1-b7896d29dd71,215400912,Commune de Bouxières-sous-Froidmont (54),false,{54091},Commune,2026-03-24 14:42:02.957225+01,gold_establishments_2025,,,,21540091200014,2025,Collectivité Territoriale,Commune,['Meurthe-et-Moselle'],['Grand Est'],COM,{54},{44}
c6fdc228-1a66-40f1-b3a7-6c342929839b,218800704,Commune de Bouxurulles (88),false,{88070},Commune,2026-03-24 14:42:11.118516+01,gold_establishments_2025,,,,21880070400015,2025,Collectivité Territoriale,Commune,['Vosges'],['Grand Est'],COM,{88},{44}
5a1e0f5a-e18d-4aeb-8c2e-07e78e97b94e,216700617,Commune de Bouxwiller (67),false,{67061},Commune,2026-03-24 14:42:06.665412+01,gold_establishments_2025,,,,21670061700014,2025,Collectivité Territoriale,Commune,['Bas-Rhin'],['Grand Est'],COM,{67},{44}
e26a5927-e69e-4b5a-bb3d-6e5ab445ab02,216800490,Commune de Bouxwiller (68),false,{68049},Commune,2026-03-24 14:42:07.195692+01,gold_establishments_2025,,,,21680049000015,2025,Collectivité Territoriale,Commune,['Haut-Rhin'],['Grand Est'],COM,{68},{44}
fe867693-905e-4c4d-a432-4853bd101b0a,215100728,Commune de Bouy (51),false,{51078},Commune,2026-03-24 14:42:01.412377+01,gold_establishments_2025,,,,21510072800017,2025,Collectivité Territoriale,Commune,['Marne'],['Grand Est'],COM,{51},{44}
699f2838-98a9-4a93-a34c-5795cb17070d,211000518,Commune de Bouy-Luxembourg (10),false,{10056},Commune,2026-03-24 14:41:53.095366+01,gold_establishments_2025,,,,21100051800012,2025,Collectivité Territoriale,Commune,['Aube'],['Grand Est'],COM,{10},{44}
cc6a39a8-00fc-4e5c-ac91-8b90c6401fe2,211000526,Commune de Bouy-sur-Orvin (10),false,{10057},Commune,2026-03-24 14:41:53.095366+01,gold_establishments_2025,,,,21100052600015,2025,Collectivité Territoriale,Commune,['Aube'],['Grand Est'],COM,{10},{44}
390746ac-f086-4ecc-bb73-c40b0f0e418f,210600227,Commune de Bouyon (06),false,{06022},Commune,2026-03-24 14:41:52.562531+01,gold_establishments_2025,,,,21060022700016,2025,Collectivité Territoriale,Commune,['Alpes-Maritimes'],"[""Provence-Alpes-Côte d'Azur""]",COM,{06},{93}
4af0389c-7725-4dbc-9c73-f11d518dc988,211800347,Commune de Bouzais (18),false,{18034},Commune,2026-03-24 14:41:54.903238+01,gold_establishments_2025,,,,21180034700018,2025,Collectivité Territoriale,Commune,['Cher'],['Centre-Val de Loire'],COM,{18},{24}
1ff71150-36e4-47a6-b2a3-49617924045d,215200452,Commune de Bouzancourt (52),false,{52065},Commune,2026-03-24 14:42:01.954481+01,gold_establishments_2025,,,,21520045200013,2025,Collectivité Territoriale,Commune,['Haute-Marne'],['Grand Est'],COM,{52},{44}
394b5295-8ca3-4d05-8d45-470efd4a1fb8,215400920,Commune de Bouzanville (54),false,{54092},Commune,2026-03-24 14:42:02.957225+01,gold_establishments_2025,,,,21540092000017,2025,Collectivité Territoriale,Commune,['Meurthe-et-Moselle'],['Grand Est'],COM,{54},{44}
a2ac20ca-c984-4d27-8d99-608781b3cdb2,212100994,Commune de Bouze-lès-Beaune (21),false,{21099},Commune,2026-03-24 14:41:55.433389+01,gold_establishments_2025,,,,21210099400012,2025,Collectivité Territoriale,Commune,"[""Côte-d'Or""]",['Bourgogne-Franche-Comté'],COM,{21},{27}
b37e8b79-95e6-48b2-a88c-55c68a043c1d,216300491,Commune de Bouzel (63),false,{63049},Commune,2026-03-24 14:42:06.130387+01,gold_establishments_2025,,,,21630049100018,2025,Collectivité Territoriale,Commune,['Puy-de-Dôme'],['Auvergne-Rhône-Alpes'],COM,{63},{84}
ba9eb7ec-cc79-4666-96e0-29ad099e1886,218800712,Commune de Bouzemont (88),false,{88071},Commune,2026-03-24 14:42:11.118516+01,gold_establishments_2025,,,,21880071200018,2025,Collectivité Territoriale,Commune,['Vosges'],['Grand Est'],COM,{88},{44}
9f83aa32-04db-4d23-9f81-59c22e3d8368,217100510,Commune de Bouzeron (71),false,{71051},Commune,2026-03-24 14:42:07.735343+01,gold_establishments_2025,,,,21710051000015,2025,Collectivité Territoriale,Commune,['Saône-et-Loire'],['Bourgogne-Franche-Comté'],COM,{71},{27}
044926ad-04bf-4098-b968-13907ec4c8ab,212400634,Commune de Bouzic (24),false,{24063},Commune,2026-03-24 14:41:55.958138+01,gold_establishments_2025,,,,21240063400011,2025,Collectivité Territoriale,Commune,['Dordogne'],['Nouvelle-Aquitaine'],COM,{24},{75}
cc96b17c-a299-4cf0-82d7-39a001f37ed7,213400393,Commune de Bouzigues (34),false,{34039},Commune,2026-03-24 14:41:58.620411+01,gold_establishments_2025,,,,21340039300012,2025,Collectivité Territoriale,Commune,['Hérault'],['Occitanie'],COM,{34},{76}
12ebc465-2b37-421b-b68f-d0dd2833e3b0,213100860,Commune de Bouzin (31),false,{31086},Commune,2026-03-24 14:41:57.56054+01,gold_establishments_2025,,,,21310086000013,2025,Collectivité Territoriale,Commune,['Haute-Garonne'],['Occitanie'],COM,{31},{76}
8c20c438-7138-41e4-8085-aea4332d917a,218001220,Commune de Bouzincourt (80),false,{80129},Commune,2026-03-24 14:42:09.967209+01,gold_establishments_2025,,,,21800122000019,2025,Collectivité Territoriale,Commune,['Somme'],['Hauts-de-France'],COM,{80},{32}
6b809adb-6e1c-44cc-a451-1965bb9713d7,214600371,Commune de Bouziès (46),false,{46037},Commune,2026-03-24 14:42:00.862623+01,gold_establishments_2025,,,,21460037100014,2025,Collectivité Territoriale,Commune,['Lot'],['Occitanie'],COM,{46},{76}
8e2fe3ff-c3e8-4df2-b47b-353b9811ffb5,213200637,Commune de Bouzon-Gellenave (32),false,{32063},Commune,2026-03-24 14:41:58.09424+01,gold_establishments_2025,,,,21320063700014,2025,Collectivité Territoriale,Commune,['Gers'],['Occitanie'],COM,{32},{76}
3b2fc991-1e85-45e7-a1f6-8e0e1321906f,215701061,Commune de Bouzonville (57),false,{57106},Commune,2026-03-24 14:42:03.701372+01,gold_establishments_2025,,,,21570106100016,2025,Collectivité Territoriale,Commune,['Moselle'],['Grand Est'],COM,{57},{44}
8654f5a2-ed84-4e65-8ac7-cf565c5a0435,214500472,Commune de Bouzonville-aux-Bois (45),false,{45047},Commune,2026-03-24 14:42:00.862623+01,gold_establishments_2025,,,,21450047200011,2025,Collectivité Territoriale,Commune,['Loiret'],['Centre-Val de Loire'],COM,{45},{24}
8b33e24a-8ea0-430e-88df-10c0033c56a8,215100736,Commune de Bouzy (51),false,{51079},Commune,2026-03-24 14:42:01.412377+01,gold_establishments_2025,,,,21510073600010,2025,Collectivité Territoriale,Commune,['Marne'],['Grand Est'],COM,{51},{44}
37d1f7e3-af04-4594-aa48-6d3790cc70f8,214500498,Commune de Bouzy-la-Forêt (45),false,{45049},Commune,2026-03-24 14:42:00.862623+01,gold_establishments_2025,,,,21450049800016,2025,Collectivité Territoriale,Commune,['Loiret'],['Centre-Val de Loire'],COM,{45},{24}
2b36572a-9e2c-4a76-a90a-1d6094cf141d,215300369,Commune de Bouère (53),false,{53036},Commune,2026-03-24 14:42:01.954481+01,gold_establishments_2025,,,,21530036900018,2025,Collectivité Territoriale,Commune,['Mayenne'],['Pays de la Loire'],COM,{53},{52}
2c3033bb-2f4a-43cf-8e28-feaecf3e49b1,210201000,Commune de Boué (02),false,{02103},Commune,2026-03-24 14:41:51.447482+01,gold_establishments_2025,,,,21020100000010,2025,Collectivité Territoriale,Commune,['Aisne'],['Hauts-de-France'],COM,{02},{32}
a75d51c3-7a0f-40a5-9d9f-c22dbb13acee,214400194,Commune de Bouée (44),false,{44019},Commune,2026-03-24 14:42:00.273698+01,gold_establishments_2025,,,,21440019400012,2025,Collectivité Territoriale,Commune,['Loire-Atlantique'],['Pays de la Loire'],COM,{44},{52}
cba88cd9-aa9e-4bdc-aef1-660551d023e6,200008746,Commune de Bouéni (976),false,{97604},Commune,2026-03-24 14:42:11.659493+01,gold_establishments_2025,,,,20000874600014,2025,Collectivité Territoriale,Commune,['Mayotte'],['Mayotte'],COM,{976},{06}
08d2258b-8c28-44b8-829c-196929138d12,217200419,Commune de Bouër (72),false,{72041},Commune,2026-03-24 14:42:08.279287+01,gold_establishments_2025,,,,21720041900018,2025,Collectivité Territoriale,Commune,['Sarthe'],['Pays de la Loire'],COM,{72},{52}
07fb6358-cf6d-4198-94a2-31b6971ff6d5,211600556,Commune de Bouëx (16),false,{16055},Commune,2026-03-24 14:41:54.362296+01,gold_establishments_2025,,,,21160055600016,2025,Collectivité Territoriale,Commune,['Charente'],['Nouvelle-Aquitaine'],COM,{16},{75}
3fea1680-68f2-4db1-bbc6-4fc08d5809c1,213500358,Commune de Bovel (35),false,{35035},Commune,2026-03-24 14:41:58.620411+01,gold_establishments_2025,,,,21350035800014,2025,Collectivité Territoriale,Commune,['Ille-et-Vilaine'],['Bretagne'],COM,{35},{53}
4a3a6873-445a-4dbb-9d93-e70d375b117d,218001238,Commune de Bovelles (80),false,{80130},Commune,2026-03-24 14:42:09.967209+01,gold_establishments_2025,,,,21800123800011,2025,Collectivité Territoriale,Commune,['Somme'],['Hauts-de-France'],COM,{80},{32}
4529a7c5-f9e8-42b4-bf61-ade52fc4a390,218001246,Commune de Boves (80),false,{80131},Commune,2026-03-24 14:42:09.967209+01,gold_establishments_2025,,,,21800124600014,2025,Collectivité Territoriale,Commune,['Somme'],['Hauts-de-France'],COM,{80},{32}
db29fd81-5ff8-4a1c-b7e1-ec86f12bbf0b,215500679,Commune de Boviolles (55),false,{55067},Commune,2026-03-24 14:42:02.957225+01,gold_establishments_2025,,,,21550067900018,2025,Collectivité Territoriale,Commune,['Meuse'],['Grand Est'],COM,{55},{44}
979e7222-7884-4f0f-b9fc-8dc2a23a87a5,215500661,Commune de Bovée-sur-Barboure (55),false,{55066},Commune,2026-03-24 14:42:02.957225+01,gold_establishments_2025,,,,21550066100016,2025,Collectivité Territoriale,Commune,['Meuse'],['Grand Est'],COM,{55},{44}
79f5233e-64e3-46f2-937d-95086bcef80c,216201715,Commune de Boyaval (62),false,{62171},Commune,2026-03-24 14:42:05.597325+01,gold_establishments_2025,,,,21620171500010,2025,Collectivité Territoriale,Commune,['Pas-de-Calais'],['Hauts-de-France'],COM,{62},{32}
0b61990b-9fe1-408c-bf9d-257914692083,216201723,Commune de Boyelles (62),false,{62172},Commune,2026-03-24 14:42:05.597325+01,gold_establishments_2025,,,,21620172300014,2025,Collectivité Territoriale,Commune,['Pas-de-Calais'],['Hauts-de-France'],COM,{62},{32}
17d86da1-f512-49ce-988f-c2f5cce960fe,214200255,Commune de Boyer (42),false,{42025},Commune,2026-03-24 14:42:00.273698+01,gold_establishments_2025,,,,21420025500013,2025,Collectivité Territoriale,Commune,['Loire'],['Auvergne-Rhône-Alpes'],COM,{42},{84}
f7235b53-4a1e-43b7-a2e7-ff94227b81a3,217100528,Commune de Boyer (71),false,{71052},Commune,2026-03-24 14:42:07.735343+01,gold_establishments_2025,,,,21710052800017,2025,Collectivité Territoriale,Commune,['Saône-et-Loire'],['Bourgogne-Franche-Comté'],COM,{71},{27}
c3d2d5ed-1bd5-4a0f-b2c7-30d13874e92c,210100566,Commune de Boyeux-Saint-Jérôme (01),false,{01056},Commune,2026-03-24 14:41:51.447482+01,gold_establishments_2025,,,,21010056600012,2025,Collectivité Territoriale,Commune,['Ain'],['Auvergne-Rhône-Alpes'],COM,{01},{84}
a363a802-4041-49cf-b5cf-4df58671004f,214500506,Commune de Boynes (45),false,{45050},Commune,2026-03-24 14:42:00.862623+01,gold_establishments_2025,,,,21450050600016,2025,Collectivité Territoriale,Commune,['Loiret'],['Centre-Val de Loire'],COM,{45},{24}
775e3ffa-4d43-4ce5-a96a-561417f20994,210100574,Commune de Boz (01),false,{01057},Commune,2026-03-24 14:41:51.447482+01,gold_establishments_2025,,,,21010057400016,2025,Collectivité Territoriale,Commune,['Ain'],['Auvergne-Rhône-Alpes'],COM,{01},{84}
aa98b139-1000-4dee-b971-e39758db4c66,210700399,Commune de Bozas (07),false,{07039},Commune,2026-03-24 14:41:52.562531+01,gold_establishments_2025,,,,21070039900012,2025,Collectivité Territoriale,Commune,['Ardèche'],['Auvergne-Rhône-Alpes'],COM,{07},{84}
096e2e62-27ea-4ea1-9f8a-cebd155b3c76,217300557,Commune de Bozel (73),false,{73055},Commune,2026-03-24 14:42:08.279287+01,gold_establishments_2025,,,,21730055700014,2025,Collectivité Territoriale,Commune,['Savoie'],['Auvergne-Rhône-Alpes'],COM,{73},{84}
ca7913ea-81e4-4b36-9601-941664b59b66,211200332,Commune de Bozouls (12),false,{12033},Commune,2026-03-24 14:41:53.63825+01,gold_establishments_2025,,,,21120033200016,2025,Collectivité Territoriale,Commune,['Aveyron'],['Occitanie'],COM,{12},{76}
d50792f6-a6e3-4813-b47d-8dc9e153dab0,214700312,Commune de Boé (47),false,{47031},Commune,2026-03-24 14:42:00.862623+01,gold_establishments_2025,,,,21470031200017,2025,Collectivité Territoriale,Commune,['Lot-et-Garonne'],['Nouvelle-Aquitaine'],COM,{47},{75}
db6f27a9-e73c-4a9b-9ff4-b7d9750850e5,216100487,Commune de Boëcé (61),false,{61048},Commune,2026-03-24 14:42:04.814328+01,gold_establishments_2025,,,,21610048700018,2025,Collectivité Territoriale,Commune,['Orne'],['Normandie'],COM,{61},{28}
5e313564-f306-49cd-affb-559f3b09ea83,217400373,Commune de Boëge (74),false,{74037},Commune,2026-03-24 14:42:08.279287+01,gold_establishments_2025,,,,21740037300015,2025,Collectivité Territoriale,Commune,['Haute-Savoie'],['Auvergne-Rhône-Alpes'],COM,{74},{84}
8700d20a-575b-4404-aaa8-10fe9e0fb4a3,214200198,Commune de Boën-sur-Lignon (42),false,{42019},Commune,2026-03-24 14:42:00.273698+01,gold_establishments_2025,,,,21420019800015,2025,Collectivité Territoriale,Commune,['Loire'],['Auvergne-Rhône-Alpes'],COM,{42},{84}
d21c574e-400d-47a8-8264-707b5a9fb800,215900879,Commune de Boëseghem (59),false,{59087},Commune,2026-03-24 14:42:04.280096+01,gold_establishments_2025,,,,21590087900010,2025,Collectivité Territoriale,Commune,['Nord'],['Hauts-de-France'],COM,{59},{32}
c988f03c-5a23-44d5-84ac-969bd06a3915,214500332,Commune de Boësses (45),false,{45033},Commune,2026-03-24 14:42:00.862623+01,gold_establishments_2025,,,,21450033200017,2025,Collectivité Territoriale,Commune,['Loiret'],['Centre-Val de Loire'],COM,{45},{24}
8dbf0b6e-9ff4-4b9a-8dea-d531d2b84c21,217200385,Commune de Boëssé-le-Sec (72),false,{72038},Commune,2026-03-24 14:42:08.279287+01,gold_establishments_2025,,,,21720038500011,2025,Collectivité Territoriale,Commune,['Sarthe'],['Pays de la Loire'],COM,{72},{52}
e1315c5c-e197-4178-87ca-62550d38ff2f,216500983,Commune de Boô-Silhen (65),false,{65098},Commune,2026-03-24 14:42:06.665412+01,gold_establishments_2025,,,,21650098300012,2025,Collectivité Territoriale,Commune,['Hautes-Pyrénées'],['Occitanie'],COM,{65},{76}
ea25895d-484e-4e69-92b5-cd68b8c19939,215500687,Commune de Brabant-en-Argonne (55),false,{55068},Commune,2026-03-24 14:42:02.957225+01,gold_establishments_2025,,,,21550068700011,2025,Collectivité Territoriale,Commune,['Meuse'],['Grand Est'],COM,{55},{44}
c61c0755-b4b3-4603-8005-65d7d4ddecb2,215500695,Commune de Brabant-le-Roi (55),false,{55069},Commune,2026-03-24 14:42:02.957225+01,gold_establishments_2025,,,,21550069500014,2025,Collectivité Territoriale,Commune,['Meuse'],['Grand Est'],COM,{55},{44}
6af5b652-c553-4fb6-ba6d-63eb9b358304,215500703,Commune de Brabant-sur-Meuse (55),false,{55070},Commune,2026-03-24 14:42:02.957225+01,gold_establishments_2025,,,,21550070300016,2025,Collectivité Territoriale,Commune,['Meuse'],['Grand Est'],COM,{55},{44}
a03fdb24-8356-45b1-ab51-e9ee5499e746,213300700,Commune de Brach (33),false,{33070},Commune,2026-03-24 14:41:58.09424+01,gold_establishments_2025,,,,21330070000019,2025,Collectivité Territoriale,Commune,['Gironde'],['Nouvelle-Aquitaine'],COM,{33},{75}
564b44f1-215a-432e-ab5d-3b4d451e960b,215200460,Commune de Brachay (52),false,{52066},Commune,2026-03-24 14:42:01.954481+01,gold_establishments_2025,,,,21520046000016,2025,Collectivité Territoriale,Commune,['Haute-Marne'],['Grand Est'],COM,{52},{44}
ced8b592-bd13-45c4-86a1-d4bddad4af52,218001253,Commune de Braches (80),false,{80132},Commune,2026-03-24 14:42:09.967209+01,gold_establishments_2025,,,,21800125300010,2025,Collectivité Territoriale,Commune,['Somme'],['Hauts-de-France'],COM,{80},{32}
d89b8dfd-37b3-4418-adef-76eb6c980ed5,217601368,Commune de Brachy (76),false,{76136},Commune,2026-03-24 14:42:08.818969+01,gold_establishments_2025,,,,21760136800012,2025,Collectivité Territoriale,Commune,['Seine-Maritime'],['Normandie'],COM,{76},{28}
015dd29b-4dbb-44f3-9dcc-2114cfa97718,214100257,Commune de Bracieux (41),false,{41025},Commune,2026-03-24 14:41:59.705606+01,gold_establishments_2025,,,,21410025700010,2025,Collectivité Territoriale,Commune,['Loir-et-Cher'],['Centre-Val de Loire'],COM,{41},{24}
d26b6806-984a-441e-8972-9365fe0b73d6,213900723,Commune de Bracon (39),false,{39072},Commune,2026-03-24 14:41:59.705606+01,gold_establishments_2025,,,,21390072300015,2025,Collectivité Territoriale,Commune,['Jura'],['Bourgogne-Franche-Comté'],COM,{39},{27}
72de6391-00b0-4a37-9589-fa74033cb93f,217601384,Commune de Bracquetuit (76),false,{76138},Commune,2026-03-24 14:42:08.818969+01,gold_establishments_2025,,,,21760138400019,2025,Collectivité Territoriale,Commune,['Seine-Maritime'],['Normandie'],COM,{76},{28}
b107cb9e-6579-43f9-9501-ef1b873ecf90,217601392,Commune de Bradiancourt (76),false,{76139},Commune,2026-03-24 14:42:08.818969+01,gold_establishments_2025,,,,21760139200012,2025,Collectivité Territoriale,Commune,['Seine-Maritime'],['Normandie'],COM,{76},{28}
c4a92aff-8182-4610-8c69-e725475afa9f,213000508,Commune de Bragassargues (30),false,{30050},Commune,2026-03-24 14:41:57.56054+01,gold_establishments_2025,,,,21300050800019,2025,Collectivité Territoriale,Commune,['Gard'],['Occitanie'],COM,{30},{76}
d00e7ed1-2df8-4faa-8d9c-a9cbfb8008d0,213100878,Commune de Bragayrac (31),false,{31087},Commune,2026-03-24 14:41:57.56054+01,gold_establishments_2025,,,,21310087800015,2025,Collectivité Territoriale,Commune,['Haute-Garonne'],['Occitanie'],COM,{31},{76}
3b379785-e9af-4239-a8d9-d127c9cd671d,211500244,Commune de Brageac (15),false,{15024},Commune,2026-03-24 14:41:54.362296+01,gold_establishments_2025,,,,21150024400010,2025,Collectivité Territoriale,Commune,['Cantal'],['Auvergne-Rhône-Alpes'],COM,{15},{84}
124e48b5-0832-4dfd-8535-e1525c259aac,211000534,Commune de Bragelogne-Beauvoir (10),false,{10058},Commune,2026-03-24 14:41:53.095366+01,gold_establishments_2025,,,,21100053400019,2025,Collectivité Territoriale,Commune,['Aube'],['Grand Est'],COM,{10},{44}
6286b438-57a8-4a4f-b52e-a134239146d8,217100544,Commune de Bragny-sur-Saône (71),false,{71054},Commune,2026-03-24 14:42:07.735343+01,gold_establishments_2025,,,,21710054400014,2025,Collectivité Territoriale,Commune,['Saône-et-Loire'],['Bourgogne-Franche-Comté'],COM,{71},{27}
bd90a1b9-3c61-4335-a3c3-28f9c1255735,212500862,Commune de Braillans (25),false,{25086},Commune,2026-03-24 14:41:55.958138+01,gold_establishments_2025,,,,21250086200017,2025,Collectivité Territoriale,Commune,['Doubs'],['Bourgogne-Franche-Comté'],COM,{25},{27}
1e967fd1-e5cd-402d-9353-3531e5a2c3cb,218001261,Commune de Brailly-Cornehotte (80),false,{80133},Commune,2026-03-24 14:42:09.967209+01,gold_establishments_2025,,,,21800126100013,2025,Collectivité Territoriale,Commune,['Somme'],['Hauts-de-France'],COM,{80},{32}
3a095480-547e-46bb-bfb3-39ff76c22ba0,212101000,Commune de Brain (21),false,{21100},Commune,2026-03-24 14:41:55.433389+01,gold_establishments_2025,,,,21210100000017,2025,Collectivité Territoriale,Commune,"[""Côte-d'Or""]",['Bourgogne-Franche-Comté'],COM,{21},{27}
a247da40-a257-449f-9694-6fd0bbeec241,214900417,Commune de Brain-sur-Allonnes (49),false,{49041},Commune,2026-03-24 14:42:01.412377+01,gold_establishments_2025,,,,21490041700012,2025,Collectivité Territoriale,Commune,['Maine-et-Loire'],['Pays de la Loire'],COM,{49},{52}
fe9b5a96-3dbc-4705-bf76-dc3478cee3be,213900731,Commune de Brainans (39),false,{39073},Commune,2026-03-24 14:41:59.705606+01,gold_establishments_2025,,,,21390073100018,2025,Collectivité Territoriale,Commune,['Jura'],['Bourgogne-Franche-Comté'],COM,{39},{27}
ac445397-2ec4-4576-862c-bc99801a161d,210201075,Commune de Braine (02),false,{02110},Commune,2026-03-24 14:41:51.447482+01,gold_establishments_2025,,,,21020107500012,2025,Collectivité Territoriale,Commune,['Aisne'],['Hauts-de-France'],COM,{02},{32}
b0e4de8c-4c7a-4929-83b2-3fdf003bf7d1,214400244,Commune de Brains (44),false,{44024},Commune,2026-03-24 14:42:00.273698+01,gold_establishments_2025,,,,21440024400015,2025,Collectivité Territoriale,Commune,['Loire-Atlantique'],['Pays de la Loire'],COM,{44},{52}
55ca1153-c93c-449c-8694-9c1bab2b706e,217200450,Commune de Brains-sur-Gée (72),false,{72045},Commune,2026-03-24 14:42:08.279287+01,gold_establishments_2025,,,,21720045000013,2025,Collectivité Territoriale,Commune,['Sarthe'],['Pays de la Loire'],COM,{72},{52}
1bf77f78-a34f-42c1-8c80-cb2a7ef8aa06,215300419,Commune de Brains-sur-les-Marches (53),false,{53041},Commune,2026-03-24 14:42:01.954481+01,gold_establishments_2025,,,,21530041900011,2025,Collectivité Territoriale,Commune,['Mayenne'],['Pays de la Loire'],COM,{53},{52}
ce8bad23-730f-4591-8a25-11e82dddb4a8,215000720,Commune de Brainville (50),false,{50072},Commune,2026-03-24 14:42:01.412377+01,gold_establishments_2025,,,,21500072000015,2025,Collectivité Territoriale,Commune,['Manche'],['Normandie'],COM,{50},{28}
aa59c3da-3311-414d-87a0-77e3aeb30e7e,215400938,Commune de Brainville (54),false,{54093},Commune,2026-03-24 14:42:02.957225+01,gold_establishments_2025,,,,21540093800019,2025,Collectivité Territoriale,Commune,['Meurthe-et-Moselle'],['Grand Est'],COM,{54},{44}
c7dde785-d1ec-4893-b83d-47ebbb42dff3,215200478,Commune de Brainville-sur-Meuse (52),false,{52067},Commune,2026-03-24 14:42:01.954481+01,gold_establishments_2025,,,,21520047800018,2025,Collectivité Territoriale,Commune,['Haute-Marne'],['Grand Est'],COM,{52},{44}
2f870839-d3f9-4efa-8e5c-6b8d405e07a4,216000992,Commune de Braisnes-sur-Aronde (60),false,{60099},Commune,2026-03-24 14:42:04.814328+01,gold_establishments_2025,,,,21600099200018,2025,Collectivité Territoriale,Commune,['Oise'],['Hauts-de-France'],COM,{60},{32}
e2c76e4d-a8cb-430f-9a23-b0e93ca8ef19,210300372,Commune de Braize (03),false,{03037},Commune,2026-03-24 14:41:52.020251+01,gold_establishments_2025,,,,21030037200013,2025,Collectivité Territoriale,Commune,['Allier'],['Auvergne-Rhône-Alpes'],COM,{03},{84}
faede884-6eec-4acf-8726-e1704d012fac,215400946,Commune de Bralleville (54),false,{54094},Commune,2026-03-24 14:42:02.957225+01,gold_establishments_2025,,,,21540094600012,2025,Collectivité Territoriale,Commune,['Meurthe-et-Moselle'],['Grand Est'],COM,{54},{44}
091c4f13-f2d1-4df4-81d5-3ebd524a320b,211100490,Commune de Bram (11),false,{11049},Commune,2026-03-24 14:41:53.63825+01,gold_establishments_2025,,,,21110049000013,2025,Collectivité Territoriale,Commune,['Aude'],['Occitanie'],COM,{11},{76}
05c219d8-423b-4a7c-8be0-ee66620cf7ea,217601400,Commune de Brametot (76),false,{76140},Commune,2026-03-24 14:42:08.818969+01,gold_establishments_2025,,,,21760140000013,2025,Collectivité Territoriale,Commune,['Seine-Maritime'],['Normandie'],COM,{76},{28}
5b139784-d904-40e6-a1d0-912869d35db1,216501098,Commune de Bramevaque (65),false,{65109},Commune,2026-03-24 14:42:06.665412+01,gold_establishments_2025,,,,21650109800018,2025,Collectivité Territoriale,Commune,['Hautes-Pyrénées'],['Occitanie'],COM,{65},{76}
e2f420d5-14e2-4d1c-bfba-b84a21780958,211700612,Commune de Bran (17),false,{17061},Commune,2026-03-24 14:41:54.903238+01,gold_establishments_2025,,,,21170061200016,2025,Collectivité Territoriale,Commune,['Charente-Maritime'],['Nouvelle-Aquitaine'],COM,{17},{75}
81e11aff-7e56-4adf-9914-becb13fded53,211902903,Commune de Branceilles (19),false,{19029},Commune,2026-03-24 14:41:54.903238+01,gold_establishments_2025,,,,21190290300015,2025,Collectivité Territoriale,Commune,['Corrèze'],['Nouvelle-Aquitaine'],COM,{19},{75}
7a22c609-7054-42fb-9a2e-0b68d04fb15d,218900538,Commune de Branches (89),false,{89053},Commune,2026-03-24 14:42:11.118516+01,gold_establishments_2025,,,,21890053800057,2025,Collectivité Territoriale,Commune,['Yonne'],['Bourgogne-Franche-Comté'],COM,{89},{27}
19afac03-9430-4a91-ac90-c8deed9f19f9,210201083,Commune de Brancourt-en-Laonnois (02),false,{02111},Commune,2026-03-24 14:41:51.447482+01,gold_establishments_2025,,,,21020108300016,2025,Collectivité Territoriale,Commune,['Aisne'],['Hauts-de-France'],COM,{02},{32}
52fdbf23-e9e8-4406-a36e-68c356c5b1c4,210201091,Commune de Brancourt-le-Grand (02),false,{02112},Commune,2026-03-24 14:41:51.447482+01,gold_establishments_2025,,,,21020109100019,2025,Collectivité Territoriale,Commune,['Aisne'],['Hauts-de-France'],COM,{02},{32}
23985a1c-1cc7-459c-9aa3-18458018d1a4,215500711,Commune de Brandeville (55),false,{55071},Commune,2026-03-24 14:42:02.957225+01,gold_establishments_2025,,,,21550071100019,2025,Collectivité Territoriale,Commune,['Meuse'],['Grand Est'],COM,{55},{44}
65714c0e-0d03-4e52-b4fa-03580b5245bb,215600222,Commune de Brandivy (56),false,{56022},Commune,2026-03-24 14:42:03.701372+01,gold_establishments_2025,,,,21560022200016,2025,Collectivité Territoriale,Commune,['Morbihan'],['Bretagne'],COM,{56},{53}
e95701b0-ab4c-44d0-8aec-13cdf3c4b248,212000434,Commune de Brando (2B),false,{2B043},Commune,2026-03-24 14:41:57.56054+01,gold_establishments_2025,,,,21200043400010,2025,Collectivité Territoriale,Commune,['Haute-Corse'],['Corse'],COM,{2B},{94}
4c54ffad-0f5a-40ee-90db-76fa2e2df839,211200340,Commune de Brandonnet (12),false,{12034},Commune,2026-03-24 14:41:53.63825+01,gold_establishments_2025,,,,21120034000019,2025,Collectivité Territoriale,Commune,['Aveyron'],['Occitanie'],COM,{12},{76}
dbf63945-4cab-4595-8492-d80966b9d4a3,215100744,Commune de Brandonvillers (51),false,{51080},Commune,2026-03-24 14:42:01.412377+01,gold_establishments_2025,,,,21510074400014,2025,Collectivité Territoriale,Commune,['Marne'],['Grand Est'],COM,{51},{44}
e563d784-8553-464f-9193-534426c9774e,215600214,Commune de Brandérion (56),false,{56021},Commune,2026-03-24 14:42:03.701372+01,gold_establishments_2025,,,,21560021400062,2025,Collectivité Territoriale,Commune,['Morbihan'],['Bretagne'],COM,{56},{53}
963f0f9a-73ea-4742-8acd-30477248a531,217100569,Commune de Branges (71),false,{71056},Commune,2026-03-24 14:42:07.735343+01,gold_establishments_2025,,,,21710056900011,2025,Collectivité Territoriale,Commune,['Saône-et-Loire'],['Bourgogne-Franche-Comté'],COM,{71},{27}
f9ee21b2-2e63-49b9-a10b-c54ee3e12687,213800550,Commune de Brangues (38),false,{38055},Commune,2026-03-24 14:41:59.160244+01,gold_establishments_2025,,,,21380055000013,2025,Collectivité Territoriale,Commune,['Isère'],['Auvergne-Rhône-Alpes'],COM,{38},{84}
5a1807ad-335c-4c16-87bb-b2977a5409a6,218900546,Commune de Brannay (89),false,{89054},Commune,2026-03-24 14:42:11.118516+01,gold_establishments_2025,,,,21890054600019,2025,Collectivité Territoriale,Commune,['Yonne'],['Bourgogne-Franche-Comté'],COM,{89},{27}
0cded792-3e17-4152-be24-804c4451547b,212500870,Commune de Branne (25),false,{25087},Commune,2026-03-24 14:41:55.958138+01,gold_establishments_2025,,,,21250087000010,2025,Collectivité Territoriale,Commune,['Doubs'],['Bourgogne-Franche-Comté'],COM,{25},{27}
74e01a47-a913-48d5-8256-a6a576e5fb3e,213300718,Commune de Branne (33),false,{33071},Commune,2026-03-24 14:41:58.09424+01,gold_establishments_2025,,,,21330071800011,2025,Collectivité Territoriale,Commune,['Gironde'],['Nouvelle-Aquitaine'],COM,{33},{75}
7b1f8526-1e1e-4ea4-a38a-25fca93c93f0,213300726,Commune de Brannens (33),false,{33072},Commune,2026-03-24 14:41:58.09424+01,gold_establishments_2025,,,,21330072600014,2025,Collectivité Territoriale,Commune,['Gironde'],['Nouvelle-Aquitaine'],COM,{33},{75}
ad75b84b-1bc3-4b35-99d9-758be527f2f7,213000516,Commune de Branoux-les-Taillades (30),false,{30051},Commune,2026-03-24 14:41:57.56054+01,gold_establishments_2025,,,,21300051600012,2025,Collectivité Territoriale,Commune,['Gard'],['Occitanie'],COM,{30},{76}
d5bb4680-92c7-4d26-8bc4-4bd3d4c31b88,213900749,Commune de Brans (39),false,{39074},Commune,2026-03-24 14:41:59.705606+01,gold_establishments_2025,,,,21390074900010,2025,Collectivité Territoriale,Commune,['Jura'],['Bourgogne-Franche-Comté'],COM,{39},{27}
a5bede29-7da9-4429-9ed1-d7e873afdf86,210300380,Commune de Bransat (03),false,{03038},Commune,2026-03-24 14:41:52.020251+01,gold_establishments_2025,,,,21030038000016,2025,Collectivité Territoriale,Commune,['Allier'],['Auvergne-Rhône-Alpes'],COM,{03},{84}
5066077f-85ab-41fd-ac6f-93c9887385b0,215100751,Commune de Branscourt (51),false,{51081},Commune,2026-03-24 14:42:01.412377+01,gold_establishments_2025,,,,21510075100019,2025,Collectivité Territoriale,Commune,['Marne'],['Grand Est'],COM,{51},{44}
a369ab3d-e831-4cb7-8074-b6210dc5055b,217700509,Commune de Bransles (77),false,{77050},Commune,2026-03-24 14:42:08.818969+01,gold_establishments_2025,,,,21770050900011,2025,Collectivité Territoriale,Commune,['Seine-et-Marne'],['Île-de-France'],COM,{77},{11}
1559a71b-a1bb-4d66-bedc-c7a77c757813,218400216,Commune de Brantes (84),false,{84021},Commune,2026-03-24 14:42:10.508772+01,gold_establishments_2025,,,,21840021600014,2025,Collectivité Territoriale,Commune,['Vaucluse'],"[""Provence-Alpes-Côte d'Azur""]",COM,{84},{93}
b040a677-4f90-46d1-8a18-0fc3cd80fee6,218800738,Commune de Brantigny (88),false,{88073},Commune,2026-03-24 14:42:11.118516+01,gold_establishments_2025,,,,21880073800013,2025,Collectivité Territoriale,Commune,['Vosges'],['Grand Est'],COM,{88},{44}
9ed9aa61-4a6c-4a8d-abc6-023f6c016718,200084127,Commune de Brantôme en Périgord (24),false,{24064},Commune,2026-03-24 14:41:55.958138+01,gold_establishments_2025,,,,20008412700014,2025,Collectivité Territoriale,Commune,['Dordogne'],['Nouvelle-Aquitaine'],COM,{24},{75}
f139e0e4-f25a-4b3a-b8d1-0e8a0762d6ae,211400932,Commune de Branville (14),false,{14093},Commune,2026-03-24 14:41:53.63825+01,gold_establishments_2025,,,,21140093200011,2025,Collectivité Territoriale,Commune,['Calvados'],['Normandie'],COM,{14},{28}
e737c9c1-68a4-4410-883d-4c3c620191b9,215500729,Commune de Braquis (55),false,{55072},Commune,2026-03-24 14:42:02.957225+01,gold_establishments_2025,,,,21550072900011,2025,Collectivité Territoriale,Commune,['Meuse'],['Grand Est'],COM,{55},{44}
db76336d-b029-435b-824d-744f7574edc6,218300218,Commune de Bras (83),false,{83021},Commune,2026-03-24 14:42:10.508772+01,gold_establishments_2025,,,,21830021800011,2025,Collectivité Territoriale,Commune,['Var'],"[""Provence-Alpes-Côte d'Azur""]",COM,{83},{93}
8fd4d29c-82f7-4f4f-aac5-b4006540a6c7,219740024,Commune de Bras-Panon (974),false,{97402},Commune,2026-03-24 14:42:11.659493+01,gold_establishments_2025,,,,21974002400019,2025,Collectivité Territoriale,Commune,['La Réunion'],['La Réunion'],COM,{974},{04}
cc771822-1a38-440c-83c8-95a312e771a5,210400313,Commune de Bras-d'Asse (04),false,{04031},Commune,2026-03-24 14:41:52.020251+01,gold_establishments_2025,,,,21040031300016,2025,Collectivité Territoriale,Commune,['Alpes-de-Haute-Provence'],"[""Provence-Alpes-Côte d'Azur""]",COM,{04},{93}
89dba71c-0098-448b-839a-a30311b0d735,215500737,Commune de Bras-sur-Meuse (55),false,{55073},Commune,2026-03-24 14:42:02.957225+01,gold_establishments_2025,,,,21550073700014,2025,Collectivité Territoriale,Commune,['Meuse'],['Grand Est'],COM,{55},{44}
01029349-8c60-4670-ac06-68cfe96a9640,211200357,Commune de Brasc (12),false,{12035},Commune,2026-03-24 14:41:53.63825+01,gold_establishments_2025,,,,21120035700013,2025,Collectivité Territoriale,Commune,['Aveyron'],['Occitanie'],COM,{12},{76}
451a7659-7b4f-4534-b018-8e72dd9e7fc9,210201109,Commune de Brasles (02),false,{02114},Commune,2026-03-24 14:41:51.447482+01,gold_establishments_2025,,,,21020110900019,2025,Collectivité Territoriale,Commune,['Aisne'],['Hauts-de-France'],COM,{02},{32}
90ab0e4f-ac53-47f7-a558-cec81d002f42,213700347,Commune de Braslou (37),false,{37034},Commune,2026-03-24 14:41:59.160244+01,gold_establishments_2025,,,,21370034700015,2025,Collectivité Territoriale,Commune,['Indre-et-Loire'],['Centre-Val de Loire'],COM,{37},{24}
6043396a-2abc-4f2b-a728-7d4bfbf51aa0,212900161,Commune de Brasparts (29),false,{29016},Commune,2026-03-24 14:41:57.028721+01,gold_establishments_2025,,,,21290016100010,2025,Collectivité Territoriale,Commune,['Finistère'],['Bretagne'],COM,{29},{53}
bc5b04c0-8767-4658-b4c8-0e337ce7eb27,210900668,Commune de Brassac (09),false,{09066},Commune,2026-03-24 14:41:53.095366+01,gold_establishments_2025,,,,21090066800018,2025,Collectivité Territoriale,Commune,['Ariège'],['Occitanie'],COM,{09},{76}
54c7753b-b4b7-406c-92cd-0722e1a0f671,218100378,Commune de Brassac (81),false,{81037},Commune,2026-03-24 14:42:09.967209+01,gold_establishments_2025,,,,21810037800015,2025,Collectivité Territoriale,Commune,['Tarn'],['Occitanie'],COM,{81},{76}
fb0778e5-f42c-4612-8cfa-5a1a230590e3,218200244,Commune de Brassac (82),false,{82024},Commune,2026-03-24 14:42:10.508772+01,gold_establishments_2025,,,,21820024400018,2025,Collectivité Territoriale,Commune,['Tarn-et-Garonne'],['Occitanie'],COM,{82},{76}
9f00c6c9-a74c-422f-8702-da374714f156,216300509,Commune de Brassac-les-Mines (63),false,{63050},Commune,2026-03-24 14:42:06.130387+01,gold_establishments_2025,,,,21630050900017,2025,Collectivité Territoriale,Commune,['Puy-de-Dôme'],['Auvergne-Rhône-Alpes'],COM,{63},{84}
06eade34-e6c4-4569-8951-32f804b03c19,214000549,Commune de Brassempouy (40),false,{40054},Commune,2026-03-24 14:41:59.705606+01,gold_establishments_2025,,,,21400054900011,2025,Collectivité Territoriale,Commune,['Landes'],['Nouvelle-Aquitaine'],COM,{40},{75}
7ed6bc34-6394-455c-8401-8ad16be35b99,216001008,Commune de Brasseuse (60),false,{60100},Commune,2026-03-24 14:42:04.814328+01,gold_establishments_2025,,,,21600100800012,2025,Collectivité Territoriale,Commune,['Oise'],['Hauts-de-France'],COM,{60},{32}
23adeaaa-6e38-4590-94d0-624f03bdd229,215800376,Commune de Brassy (58),false,{58037},Commune,2026-03-24 14:42:04.280096+01,gold_establishments_2025,,,,21580037600018,2025,Collectivité Territoriale,Commune,['Nièvre'],['Bourgogne-Franche-Comté'],COM,{58},{27}
f126cdd9-dbff-4a19-8b0c-0e40e862b0dd,218001279,Commune de Brassy (80),false,{80134},Commune,2026-03-24 14:42:09.967209+01,gold_establishments_2025,,,,21800127900015,2025,Collectivité Territoriale,Commune,['Somme'],['Hauts-de-France'],COM,{80},{32}
d6e8e2e8-dbbb-4a26-b0fc-5f45da120a43,215400953,Commune de Bratte (54),false,{54095},Commune,2026-03-24 14:42:02.957225+01,gold_establishments_2025,,,,21540095300018,2025,Collectivité Territoriale,Commune,['Meurthe-et-Moselle'],['Grand Est'],COM,{54},{44}
52f56b70-d4ec-4676-8eda-2bdcaa279a4c,213300734,Commune de Braud-et-Saint-Louis (33),false,{33073},Commune,2026-03-24 14:41:58.09424+01,gold_establishments_2025,,,,21330073400018,2025,Collectivité Territoriale,Commune,['Gironde'],['Nouvelle-Aquitaine'],COM,{33},{75}
f29ffc00-b7ef-4d90-b4fe-6ade8477053f,215500752,Commune de Brauvilliers (55),false,{55075},Commune,2026-03-24 14:42:02.957225+01,gold_establishments_2025,,,,21550075200013,2025,Collectivité Territoriale,Commune,['Meuse'],['Grand Est'],COM,{55},{44}
3310a7dd-f41e-4f68-9b6f-09164b220c4e,210400321,Commune de Braux (04),false,{04032},Commune,2026-03-24 14:41:52.020251+01,gold_establishments_2025,,,,21040032100019,2025,Collectivité Territoriale,Commune,['Alpes-de-Haute-Provence'],"[""Provence-Alpes-Côte d'Azur""]",COM,{04},{93}
4dd86396-464f-405c-be0b-32e0ac98d219,211000542,Commune de Braux (10),false,{10059},Commune,2026-03-24 14:41:53.095366+01,gold_establishments_2025,,,,21100054200012,2025,Collectivité Territoriale,Commune,['Aube'],['Grand Est'],COM,{10},{44}
61bd4c95-fa2a-4ee5-93e0-77085d0a25a7,212101018,Commune de Braux (21),false,{21101},Commune,2026-03-24 14:41:55.433389+01,gold_establishments_2025,,,,21210101800019,2025,Collectivité Territoriale,Commune,"[""Côte-d'Or""]",['Bourgogne-Franche-Comté'],COM,{21},{27}
29f7af37-1a1b-4e1f-9c4c-39b582d88030,215100777,Commune de Braux-Saint-Remy (51),false,{51083},Commune,2026-03-24 14:42:01.412377+01,gold_establishments_2025,,,,21510077700014,2025,Collectivité Territoriale,Commune,['Marne'],['Grand Est'],COM,{51},{44}
d1f4968e-703c-4ce3-82d7-dd08590e2652,215100769,Commune de Braux-Sainte-Cohière (51),false,{51082},Commune,2026-03-24 14:42:01.412377+01,gold_establishments_2025,,,,21510076900011,2025,Collectivité Territoriale,Commune,['Marne'],['Grand Est'],COM,{51},{44}
54a50dd9-8b13-4cfd-b6f3-64f0416158a0,215200486,Commune de Braux-le-Châtel (52),false,{52069},Commune,2026-03-24 14:42:01.954481+01,gold_establishments_2025,,,,21520048600011,2025,Collectivité Territoriale,Commune,['Haute-Marne'],['Grand Est'],COM,{52},{44}
233cd5d6-c4d9-43c4-88a3-c2969a2b4cf9,213100886,Commune de Brax (31),false,{31088},Commune,2026-03-24 14:41:57.56054+01,gold_establishments_2025,,,,21310088600018,2025,Collectivité Territoriale,Commune,['Haute-Garonne'],['Occitanie'],COM,{31},{76}
8dade4e5-d77f-4e4f-b0e1-cd6ae84dfb04,214700403,Commune de Brax (47),false,{47040},Commune,2026-03-24 14:42:00.862623+01,gold_establishments_2025,,,,21470040300014,2025,Collectivité Territoriale,Commune,['Lot-et-Garonne'],['Nouvelle-Aquitaine'],COM,{47},{75}
891dd944-4bd1-4384-94a8-fe22b7335bf1,212701098,Commune de Bray (27),false,{27109},Commune,2026-03-24 14:41:56.495197+01,gold_establishments_2025,,,,21270109800015,2025,Collectivité Territoriale,Commune,['Eure'],['Normandie'],COM,{27},{28}
4a152538-62ad-4a6b-baec-776f6e63915f,217100577,Commune de Bray (71),false,{71057},Commune,2026-03-24 14:42:07.735343+01,gold_establishments_2025,,,,21710057700014,2025,Collectivité Territoriale,Commune,['Saône-et-Loire'],['Bourgogne-Franche-Comté'],COM,{71},{27}
01379cfb-220c-49e3-be45-f4eb9978b3cd,215901075,Commune de Bray-Dunes (59),false,{59107},Commune,2026-03-24 14:42:04.280096+01,gold_establishments_2025,,,,21590107500014,2025,Collectivité Territoriale,Commune,['Nord'],['Hauts-de-France'],COM,{59},{32}
ff445e0f-1f4d-4ce4-b3c2-4b933ecc205f,200063683,Commune de Bray-Saint-Aignan (45),false,{45051},Commune,2026-03-24 14:42:00.862623+01,gold_establishments_2025,,,,20006368300011,2025,Collectivité Territoriale,Commune,['Loiret'],['Centre-Val de Loire'],COM,{45},{24}
1efa5662-24a6-445f-9287-32688d0ead0f,210208070,Commune de Bray-Saint-Christophe (02),false,{02117},Commune,2026-03-24 14:41:51.447482+01,gold_establishments_2025,,,,21020807000016,2025,Collectivité Territoriale,Commune,['Aisne'],['Hauts-de-France'],COM,{02},{32}
3b66c2df-b5eb-48b0-b015-4e912d00b7ea,219501012,Commune de Bray-et-Lû (95),false,{95101},Commune,2026-03-24 14:42:11.659493+01,gold_establishments_2025,,,,21950101200013,2025,Collectivité Territoriale,Commune,"[""Val-d'Oise""]",['Île-de-France'],COM,{95},{11}
6607c24c-19ff-43e0-9a6c-ed91522a9fca,218001287,Commune de Bray-lès-Mareuil (80),false,{80135},Commune,2026-03-24 14:42:09.967209+01,gold_establishments_2025,,,,21800128700018,2025,Collectivité Territoriale,Commune,['Somme'],['Hauts-de-France'],COM,{80},{32}
95607dd3-8c35-4f2a-a4d8-dad29ccb318a,217700517,Commune de Bray-sur-Seine (77),false,{77051},Commune,2026-03-24 14:42:08.818969+01,gold_establishments_2025,,,,21770051700014,2025,Collectivité Territoriale,Commune,['Seine-et-Marne'],['Île-de-France'],COM,{77},{11}
8d11b808-ca8c-4dc8-9bcf-2dad667d0d90,218001295,Commune de Bray-sur-Somme (80),false,{80136},Commune,2026-03-24 14:42:09.967209+01,gold_establishments_2025,,,,21800129500011,2025,Collectivité Territoriale,Commune,['Somme'],['Hauts-de-France'],COM,{80},{32}
c5bd6361-b94a-4a4a-8146-50c1a19aa447,210208088,Commune de Braye (02),false,{02118},Commune,2026-03-24 14:41:51.447482+01,gold_establishments_2025,,,,21020808800018,2025,Collectivité Territoriale,Commune,['Aisne'],['Hauts-de-France'],COM,{02},{32}
a5a89b1a-8a30-466b-9f72-8ffaa832e46a,210201117,Commune de Braye-en-Laonnois (02),false,{02115},Commune,2026-03-24 14:41:51.447482+01,gold_establishments_2025,,,,21020111700012,2025,Collectivité Territoriale,Commune,['Aisne'],['Hauts-de-France'],COM,{02},{32}
bd1d2ded-31ea-48da-a39b-cce8832bd2f6,210201125,Commune de Braye-en-Thiérache (02),false,{02116},Commune,2026-03-24 14:41:51.447482+01,gold_establishments_2025,,,,21020112500015,2025,Collectivité Territoriale,Commune,['Aisne'],['Hauts-de-France'],COM,{02},{32}
bf2cc91e-eb7a-4ffd-90d3-434e44ca1081,213700354,Commune de Braye-sous-Faye (37),false,{37035},Commune,2026-03-24 14:41:59.160244+01,gold_establishments_2025,,,,21370035400011,2025,Collectivité Territoriale,Commune,['Indre-et-Loire'],['Centre-Val de Loire'],COM,{37},{24}
9bc7bacd-127e-4683-81ea-3161bf35e230,213700362,Commune de Braye-sur-Maulne (37),false,{37036},Commune,2026-03-24 14:41:59.160244+01,gold_establishments_2025,,,,21370036200014,2025,Collectivité Territoriale,Commune,['Indre-et-Loire'],['Centre-Val de Loire'],COM,{37},{24}
e0ca79a5-5be0-4369-9731-7bcd81a6b1f5,212101026,Commune de Brazey-en-Morvan (21),false,{21102},Commune,2026-03-24 14:41:55.433389+01,gold_establishments_2025,,,,21210102600012,2025,Collectivité Territoriale,Commune,"[""Côte-d'Or""]",['Bourgogne-Franche-Comté'],COM,{21},{27}
c926f3e1-af69-45e0-9015-a107a844f741,212101034,Commune de Brazey-en-Plaine (21),false,{21103},Commune,2026-03-24 14:41:55.433389+01,gold_establishments_2025,,,,21210103400016,2025,Collectivité Territoriale,Commune,"[""Côte-d'Or""]",['Bourgogne-Franche-Comté'],COM,{21},{27}
b987efee-0742-4ee9-ab12-b1a6670af47f,216201731,Commune de Brebières (62),false,{62173},Commune,2026-03-24 14:42:05.597325+01,gold_establishments_2025,,,,21620173100017,2025,Collectivité Territoriale,Commune,['Pas-de-Calais'],['Hauts-de-France'],COM,{62},{32}
67f613cc-af1f-4771-ae57-99319a524b81,219000189,Commune de Brebotte (90),false,{90018},Commune,2026-03-24 14:42:11.659493+01,gold_establishments_2025,,,,21900018900015,2025,Collectivité Territoriale,Commune,['Territoire de Belfort'],['Bourgogne-Franche-Comté'],COM,{90},{27}
3064ee1c-0c3b-4609-8112-b291ba4546bf,215600230,Commune de Brech (56),false,{56023},Commune,2026-03-24 14:42:03.701372+01,gold_establishments_2025,,,,21560023000019,2025,Collectivité Territoriale,Commune,['Morbihan'],['Bretagne'],COM,{56},{53}
82260bda-b8f8-4c17-8495-08b8334b3b4f,218800746,Commune de Brechainville (88),false,{88074},Commune,2026-03-24 14:42:11.118516+01,gold_establishments_2025,,,,21880074600016,2025,Collectivité Territoriale,Commune,['Vosges'],['Grand Est'],COM,{88},{44}
9b794e36-8375-4b79-818f-5a61f462c549,212500888,Commune de Breconchaux (25),false,{25088},Commune,2026-03-24 14:41:55.958138+01,gold_establishments_2025,,,,21250088800012,2025,Collectivité Territoriale,Commune,['Doubs'],['Bourgogne-Franche-Comté'],COM,{25},{27}
6e097dbb-29e2-4028-bd13-4ae5c5673973,215300427,Commune de Brecé (53),false,{53042},Commune,2026-03-24 14:42:01.954481+01,gold_establishments_2025,,,,21530042700014,2025,Collectivité Territoriale,Commune,['Mayenne'],['Pays de la Loire'],COM,{53},{52}
6caa65bc-732b-4c0f-8dc6-fb29cae80bd7,215701087,Commune de Breidenbach (57),false,{57108},Commune,2026-03-24 14:42:03.701372+01,gold_establishments_2025,,,,21570108700011,2025,Collectivité Territoriale,Commune,['Moselle'],['Grand Est'],COM,{57},{44}
ee9df425-1a1c-4679-9756-b8fb63882aac,210600235,Commune de Breil-sur-Roya (06),false,{06023},Commune,2026-03-24 14:41:52.562531+01,gold_establishments_2025,,,,21060023500019,2025,Collectivité Territoriale,Commune,['Alpes-Maritimes'],"[""Provence-Alpes-Côte d'Azur""]",COM,{06},{93}
ea09cb01-29d5-4941-ac25-92eb29609642,218001303,Commune de Breilly (80),false,{80137},Commune,2026-03-24 14:42:09.967209+01,gold_establishments_2025,,,,21800130300013,2025,Collectivité Territoriale,Commune,['Somme'],['Hauts-de-France'],COM,{80},{32}
da06db65-bdb6-4753-ade0-535c94a7b1c2,215701095,Commune de Breistroff-la-Grande (57),false,{57109},Commune,2026-03-24 14:42:03.701372+01,gold_establishments_2025,,,,21570109500014,2025,Collectivité Territoriale,Commune,['Moselle'],['Grand Est'],COM,{57},{44}
412809aa-befd-442c-bd38-b332215c0c06,216700625,Commune de Breitenau (67),false,{67062},Commune,2026-03-24 14:42:06.665412+01,gold_establishments_2025,,,,21670062500017,2025,Collectivité Territoriale,Commune,['Bas-Rhin'],['Grand Est'],COM,{67},{44}
1ea152ab-99f6-4007-89c8-e270f90349b2,216700633,Commune de Breitenbach (67),false,{67063},Commune,2026-03-24 14:42:06.665412+01,gold_establishments_2025,,,,21670063300060,2025,Collectivité Territoriale,Commune,['Bas-Rhin'],['Grand Est'],COM,{67},{44}
e0276cca-60f5-47c9-ad53-546b536c2987,216800516,Commune de Breitenbach-Haut-Rhin (68),false,{68051},Commune,2026-03-24 14:42:07.195692+01,gold_establishments_2025,,,,21680051600017,2025,Collectivité Territoriale,Commune,['Haut-Rhin'],['Grand Est'],COM,{68},{44}
6e2e52e6-1dbb-4b65-bcd7-90ce5cdede91,218502433,Commune de Brem-sur-Mer (85),false,{85243},Commune,2026-03-24 14:42:10.508772+01,gold_establishments_2025,,,,21850243300012,2025,Collectivité Territoriale,Commune,['Vendée'],['Pays de la Loire'],COM,{85},{52}
3609424d-810e-4b8a-bbfa-b1118ca3f4c7,212500896,Commune de Bremondans (25),false,{25089},Commune,2026-03-24 14:41:55.958138+01,gold_establishments_2025,,,,21250089600015,2025,Collectivité Territoriale,Commune,['Doubs'],['Bourgogne-Franche-Comté'],COM,{25},{27}
52d4fa15-c603-4681-b221-e3e0c2e01961,212600613,Commune de Bren (26),false,{26061},Commune,2026-03-24 14:41:56.495197+01,gold_establishments_2025,,,,21260061300013,2025,Collectivité Territoriale,Commune,['Drôme'],['Auvergne-Rhône-Alpes'],COM,{26},{84}
c08c3730-7478-4b2f-87bb-265c5bc01128,213400401,Commune de Brenas (34),false,{34040},Commune,2026-03-24 14:41:58.620411+01,gold_establishments_2025,,,,21340040100013,2025,Collectivité Territoriale,Commune,['Hérault'],['Occitanie'],COM,{34},{76}
e72557b7-f91f-4eb4-8426-e9ba85920048,216300517,Commune de Brenat (63),false,{63051},Commune,2026-03-24 14:42:06.130387+01,gold_establishments_2025,,,,21630051700010,2025,Collectivité Territoriale,Commune,['Puy-de-Dôme'],['Auvergne-Rhône-Alpes'],COM,{63},{84}
4ce02a07-76f6-4af7-a633-0142b079fc4c,210208104,Commune de Brenelle (02),false,{02120},Commune,2026-03-24 14:41:51.447482+01,gold_establishments_2025,,,,21020810400013,2025,Collectivité Territoriale,Commune,['Aisne'],['Hauts-de-France'],COM,{02},{32}
218d17dd-3f0f-4961-8b72-338018619d07,214600397,Commune de Brengues (46),false,{46039},Commune,2026-03-24 14:42:00.862623+01,gold_establishments_2025,,,,21460039700019,2025,Collectivité Territoriale,Commune,['Lot'],['Occitanie'],COM,{46},{76}
b6a49036-4105-4bd8-ac0b-2b47b7243407,215200494,Commune de Brennes (52),false,{52070},Commune,2026-03-24 14:42:01.954481+01,gold_establishments_2025,,,,21520049400015,2025,Collectivité Territoriale,Commune,['Haute-Marne'],['Grand Est'],COM,{52},{44}
e9aa1a01-63a6-4c82-9538-f685ec574bee,212900187,Commune de Brennilis (29),false,{29018},Commune,2026-03-24 14:41:57.028721+01,gold_establishments_2025,,,,21290018700015,2025,Collectivité Territoriale,Commune,['Finistère'],['Bretagne'],COM,{29},{53}
b97d1c90-2fb6-4d41-b71a-956fb861f3a3,218300226,Commune de Brenon (83),false,{83022},Commune,2026-03-24 14:42:10.508772+01,gold_establishments_2025,,,,21830022600014,2025,Collectivité Territoriale,Commune,['Var'],"[""Provence-Alpes-Côte d'Azur""]",COM,{83},{93}
70688bce-2018-4810-8631-558816a734d2,216001024,Commune de Brenouille (60),false,{60102},Commune,2026-03-24 14:42:04.814328+01,gold_establishments_2025,,,,21600102400019,2025,Collectivité Territoriale,Commune,['Oise'],['Hauts-de-France'],COM,{60},{32}
a54a3cea-631e-496c-8bbb-475350aad2c4,214800302,Commune de Brenoux (48),false,{48030},Commune,2026-03-24 14:42:01.412377+01,gold_establishments_2025,,,,21480030200017,2025,Collectivité Territoriale,Commune,['Lozère'],['Occitanie'],COM,{48},{76}
300a1543-73b5-4a9e-85a5-c513d92ca2ef,210100616,Commune de Brens (01),false,{01061},Commune,2026-03-24 14:41:51.447482+01,gold_establishments_2025,,,,21010061600015,2025,Collectivité Territoriale,Commune,['Ain'],['Auvergne-Rhône-Alpes'],COM,{01},{84}
f4669979-5e72-462e-b1ba-a131150cb433,218100386,Commune de Brens (81),false,{81038},Commune,2026-03-24 14:42:09.967209+01,gold_establishments_2025,,,,21810038600018,2025,Collectivité Territoriale,Commune,['Tarn'],['Occitanie'],COM,{81},{76}
ba1707da-909b-4909-ab82-7ddd3a1e885f,217400480,Commune de Brenthonne (74),false,{74048},Commune,2026-03-24 14:42:08.279287+01,gold_establishments_2025,,,,21740048000018,2025,Collectivité Territoriale,Commune,['Haute-Savoie'],['Auvergne-Rhône-Alpes'],COM,{74},{84}
7c1382ce-94ed-48d8-8140-d15d94fc74e4,210208146,Commune de Breny (02),false,{02121},Commune,2026-03-24 14:41:51.447482+01,gold_establishments_2025,,,,21020814600014,2025,Collectivité Territoriale,Commune,['Aisne'],['Hauts-de-France'],COM,{02},{32}
11c6c85c-2c4a-4c36-adc5-3c08253ca070,211700620,Commune de Bresdon (17),false,{17062},Commune,2026-03-24 14:41:54.903238+01,gold_establishments_2025,,,,21170062000019,2025,Collectivité Territoriale,Commune,['Charente-Maritime'],['Nouvelle-Aquitaine'],COM,{17},{75}
fbf4d31b-2c7d-4e81-8505-a56de4c61d25,217000926,Commune de Bresilley (70),false,{70092},Commune,2026-03-24 14:42:07.735343+01,gold_establishments_2025,,,,21700092600014,2025,Collectivité Territoriale,Commune,['Haute-Saône'],['Bourgogne-Franche-Comté'],COM,{70},{27}
143a85c4-728c-4ffc-8d80-07d3dea3d033,218001311,Commune de Bresle (80),false,{80138},Commune,2026-03-24 14:42:09.967209+01,gold_establishments_2025,,,,21800131100016,2025,Collectivité Territoriale,Commune,['Somme'],['Hauts-de-France'],COM,{80},{32}
99f956ed-9767-4d5e-bb01-22cf206048a8,216001032,Commune de Bresles (60),false,{60103},Commune,2026-03-24 14:42:04.814328+01,gold_establishments_2025,,,,21600103200012,2025,Collectivité Territoriale,Commune,['Oise'],['Hauts-de-France'],COM,{60},{32}
cd68c2fa-8d28-4200-8f5a-676f332df19e,210300398,Commune de Bresnay (03),false,{03039},Commune,2026-03-24 14:41:52.020251+01,gold_establishments_2025,,,,21030039800018,2025,Collectivité Territoriale,Commune,['Allier'],['Auvergne-Rhône-Alpes'],COM,{03},{84}
c70ced91-d777-4b74-8d88-973a265c3f4b,200086965,Commune de Bresse Vallons (01),false,{01130},Commune,2026-03-24 14:41:51.447482+01,gold_establishments_2025,,,,20008696500015,2025,Collectivité Territoriale,Commune,['Ain'],['Auvergne-Rhône-Alpes'],COM,{01},{84}
a4c5c795-4827-40ca-89e5-80be95f0034d,217100585,Commune de Bresse-sur-Grosne (71),false,{71058},Commune,2026-03-24 14:42:07.735343+01,gold_establishments_2025,,,,21710058500017,2025,Collectivité Territoriale,Commune,['Saône-et-Loire'],['Bourgogne-Franche-Comté'],COM,{71},{27}
48858647-bd88-4b2f-b2f0-d91062848d9b,212101059,Commune de Bressey-sur-Tille (21),false,{21105},Commune,2026-03-24 14:41:55.433389+01,gold_establishments_2025,,,,21210105900013,2025,Collectivité Territoriale,Commune,"[""Côte-d'Or""]",['Bourgogne-Franche-Comté'],COM,{21},{27}
50f6b875-c477-4554-9c55-1b4e82597085,213800568,Commune de Bressieux (38),false,{38056},Commune,2026-03-24 14:41:59.160244+01,gold_establishments_2025,,,,21380056800015,2025,Collectivité Territoriale,Commune,['Isère'],['Auvergne-Rhône-Alpes'],COM,{38},{84}
4977a131-bfee-4a5f-9657-4d4b6215568a,210100624,Commune de Bressolles (01),false,{01062},Commune,2026-03-24 14:41:51.447482+01,gold_establishments_2025,,,,21010062400019,2025,Collectivité Territoriale,Commune,['Ain'],['Auvergne-Rhône-Alpes'],COM,{01},{84}
d9926ed8-8299-411d-b4fc-aacd64f721fa,210300406,Commune de Bressolles (03),false,{03040},Commune,2026-03-24 14:41:52.020251+01,gold_establishments_2025,,,,21030040600019,2025,Collectivité Territoriale,Commune,['Allier'],['Auvergne-Rhône-Alpes'],COM,{03},{84}
df04cd1b-8bbe-45fb-93a4-9e034afef56c,218200251,Commune de Bressols (82),false,{82025},Commune,2026-03-24 14:42:10.508772+01,gold_establishments_2025,,,,21820025100013,2025,Collectivité Territoriale,Commune,['Tarn-et-Garonne'],['Occitanie'],COM,{82},{76}
a7743699-aa80-45fd-8e8d-67ddfafd6ad4,213800576,Commune de Bresson (38),false,{38057},Commune,2026-03-24 14:41:59.160244+01,gold_establishments_2025,,,,21380057600018,2025,Collectivité Territoriale,Commune,['Isère'],['Auvergne-Rhône-Alpes'],COM,{38},{84}
33ded5d0-0011-449e-b3d6-f495ddf961aa,217900497,Commune de Bressuire (79),false,{79049},Commune,2026-03-24 14:42:09.43682+01,gold_establishments_2025,,,,21790049700017,2025,Collectivité Territoriale,Commune,['Deux-Sèvres'],['Nouvelle-Aquitaine'],COM,{79},{75}
bb45add2-4487-404a-bda5-7a1fd7862137,212900195,Commune de Brest (29),false,{29019},Commune,2026-03-24 14:41:57.028721+01,gold_establishments_2025,,,,21290019500018,2025,Collectivité Territoriale,Commune,['Finistère'],['Bretagne'],COM,{29},{53}
98f0db2e-aa52-4c38-852b-f078deebc5c0,212701106,Commune de Brestot (27),false,{27110},Commune,2026-03-24 14:41:56.495197+01,gold_establishments_2025,,,,21270110600016,2025,Collectivité Territoriale,Commune,['Eure'],['Normandie'],COM,{27},{28}
836b283c-ab6c-4de8-acdb-5779037084b7,213600240,Commune de Bretagne (36),false,{36024},Commune,2026-03-24 14:41:59.160244+01,gold_establishments_2025,,,,21360024000013,2025,Collectivité Territoriale,Commune,['Indre'],['Centre-Val de Loire'],COM,{36},{24}
9f1d8835-6303-425e-a794-023501a51dd7,219000197,Commune de Bretagne (90),false,{90019},Commune,2026-03-24 14:42:11.659493+01,gold_establishments_2025,,,,21900019700018,2025,Collectivité Territoriale,Commune,['Territoire de Belfort'],['Bourgogne-Franche-Comté'],COM,{90},{27}
e50aaa46-5222-4b02-9373-bae5afa0091b,213200645,Commune de Bretagne-d'Armagnac (32),false,{32064},Commune,2026-03-24 14:41:58.09424+01,gold_establishments_2025,,,,21320064500017,2025,Collectivité Territoriale,Commune,['Gers'],['Occitanie'],COM,{32},{76}
800c0bd3-2e73-482d-9717-e23ac85f2d38,214000556,Commune de Bretagne-de-Marsan (40),false,{40055},Commune,2026-03-24 14:41:59.705606+01,gold_establishments_2025,,,,21400055600016,2025,Collectivité Territoriale,Commune,['Landes'],['Nouvelle-Aquitaine'],COM,{40},{75}
bf1eafb2-0e7b-40a9-8982-509a4021d5c9,212701114,Commune de Bretagnolles (27),false,{27111},Commune,2026-03-24 14:41:56.495197+01,gold_establishments_2025,,,,21270111400010,2025,Collectivité Territoriale,Commune,['Eure'],['Normandie'],COM,{27},{28}
4283e2ab-5708-4e12-927c-53283f921acd,214500522,Commune de Breteau (45),false,{45052},Commune,2026-03-24 14:42:00.862623+01,gold_establishments_2025,,,,21450052200013,2025,Collectivité Territoriale,Commune,['Loiret'],['Centre-Val de Loire'],COM,{45},{24}
54c8683f-7804-4c59-ac9a-230b8a6c46df,213500408,Commune de Breteil (35),false,{35040},Commune,2026-03-24 14:41:58.620411+01,gold_establishments_2025,,,,21350040800017,2025,Collectivité Territoriale,Commune,['Ille-et-Vilaine'],['Bretagne'],COM,{35},{53}
89fe557b-f999-4d14-9008-dec65765a30b,212101067,Commune de Bretenière (21),false,{21106},Commune,2026-03-24 14:41:55.433389+01,gold_establishments_2025,,,,21210106700016,2025,Collectivité Territoriale,Commune,"[""Côte-d'Or""]",['Bourgogne-Franche-Comté'],COM,{21},{27}
9108fe68-f809-4295-802f-275818c69cf8,213900772,Commune de Bretenières (39),false,{39077},Commune,2026-03-24 14:41:59.705606+01,gold_establishments_2025,,,,21390077200012,2025,Collectivité Territoriale,Commune,['Jura'],['Bourgogne-Franche-Comté'],COM,{39},{27}
7822c92c-d9d3-4127-bc2a-b77741ff3f46,214600389,Commune de Bretenoux (46),false,{46038},Commune,2026-03-24 14:42:00.862623+01,gold_establishments_2025,,,,21460038900016,2025,Collectivité Territoriale,Commune,['Lot'],['Occitanie'],COM,{46},{76}
d75236e4-2f35-46eb-98aa-513959ad525e,200058246,Commune de Breteuil (27),false,{27112},Commune,2026-03-24 14:41:56.495197+01,gold_establishments_2025,,,,20005824600014,2025,Collectivité Territoriale,Commune,['Eure'],['Normandie'],COM,{27},{28}
302c7e93-a454-4b2e-9a3b-13e22f4d4d8c,216001040,Commune de Breteuil (60),false,{60104},Commune,2026-03-24 14:42:04.814328+01,gold_establishments_2025,,,,21600104000015,2025,Collectivité Territoriale,Commune,['Oise'],['Hauts-de-France'],COM,{60},{32}
6cfb9fb3-7829-4c59-9d3a-e3f84b5f6d4a,216100602,Commune de Brethel (61),false,{61060},Commune,2026-03-24 14:42:04.814328+01,gold_establishments_2025,,,,21610060200012,2025,Collectivité Territoriale,Commune,['Orne'],['Normandie'],COM,{61},{28}
76cc7bda-f3bf-4683-8c42-ef46eb6d1879,215200502,Commune de Brethenay (52),false,{52072},Commune,2026-03-24 14:42:01.954481+01,gold_establishments_2025,,,,21520050200015,2025,Collectivité Territoriale,Commune,['Haute-Marne'],['Grand Est'],COM,{52},{44}
66409ee0-60a2-457d-aed0-b94fa9b1da4e,212500938,Commune de Bretigney (25),false,{25093},Commune,2026-03-24 14:41:56.495197+01,gold_establishments_2025,,,,21250093800015,2025,Collectivité Territoriale,Commune,['Doubs'],['Bourgogne-Franche-Comté'],COM,{25},{27}
70955dc0-68d4-43ed-9140-9bef724a994c,212500946,Commune de Bretigney-Notre-Dame (25),false,{25094},Commune,2026-03-24 14:41:56.495197+01,gold_establishments_2025,,,,21250094600018,2025,Collectivité Territoriale,Commune,['Doubs'],['Bourgogne-Franche-Comté'],COM,{25},{27}
cc22510a-eab1-40a9-809a-fa040dad696f,217900505,Commune de Bretignolles (79),false,{79050},Commune,2026-03-24 14:42:09.43682+01,gold_establishments_2025,,,,21790050500017,2025,Collectivité Territoriale,Commune,['Deux-Sèvres'],['Nouvelle-Aquitaine'],COM,{79},{75}
468a47c6-5358-45fb-80d8-1fe1a7b0a646,218500353,Commune de Bretignolles-sur-Mer (85),false,{85035},Commune,2026-03-24 14:42:10.508772+01,gold_establishments_2025,,,,21850035300014,2025,Collectivité Territoriale,Commune,['Vendée'],['Pays de la Loire'],COM,{85},{52}
6f686451-9c68-4e6e-9401-ee7133cb8b2f,212101075,Commune de Bretigny (21),false,{21107},Commune,2026-03-24 14:41:55.433389+01,gold_establishments_2025,,,,21210107500019,2025,Collectivité Territoriale,Commune,"[""Côte-d'Or""]",['Bourgogne-Franche-Comté'],COM,{21},{27}
77e4e45c-3798-42b5-9ff3-2682682674f2,216100610,Commune de Bretoncelles (61),false,{61061},Commune,2026-03-24 14:42:04.814328+01,gold_establishments_2025,,,,21610061000015,2025,Collectivité Territoriale,Commune,['Orne'],['Normandie'],COM,{61},{28}
79aa19e8-1241-47f0-8f3f-061512602e8b,212500953,Commune de Bretonvillers (25),false,{25095},Commune,2026-03-24 14:41:56.495197+01,gold_establishments_2025,,,,21250095300089,2025,Collectivité Territoriale,Commune,['Doubs'],['Bourgogne-Franche-Comté'],COM,{25},{27}
b6bd2965-f988-43e6-83d8-9e1a7a16758a,212600621,Commune de Brette (26),false,{26062},Commune,2026-03-24 14:41:56.495197+01,gold_establishments_2025,,,,21260062100016,2025,Collectivité Territoriale,Commune,['Drôme'],['Auvergne-Rhône-Alpes'],COM,{26},{84}
64198a13-3dc7-4c3e-8e19-c34de88ce5f5,217200476,Commune de Brette-les-Pins (72),false,{72047},Commune,2026-03-24 14:42:08.279287+01,gold_establishments_2025,,,,21720047600018,2025,Collectivité Territoriale,Commune,['Sarthe'],['Pays de la Loire'],COM,{72},{52}
2235c855-5955-4ed4-b8c0-830d4178cdec,216800524,Commune de Bretten (68),false,{68052},Commune,2026-03-24 14:42:07.195692+01,gold_establishments_2025,,,,21680052400011,2025,Collectivité Territoriale,Commune,['Haut-Rhin'],['Grand Est'],COM,{68},{44}
236c9da2-5709-4102-a499-3faa3ea3b70d,211600598,Commune de Brettes (16),false,{16059},Commune,2026-03-24 14:41:54.362296+01,gold_establishments_2025,,,,21160059800018,2025,Collectivité Territoriale,Commune,['Charente'],['Nouvelle-Aquitaine'],COM,{16},{75}
10f04e72-c718-43d1-8368-5ea8f9e25eb3,215000779,Commune de Bretteville (50),false,{50077},Commune,2026-03-24 14:42:01.412377+01,gold_establishments_2025,,,,21500077900011,2025,Collectivité Territoriale,Commune,['Manche'],['Normandie'],COM,{50},{28}
c291b22e-cf80-4fd9-a136-c28df502c3bb,217601442,Commune de Bretteville-Saint-Laurent (76),false,{76144},Commune,2026-03-24 14:42:08.818969+01,gold_establishments_2025,,,,21760144200015,2025,Collectivité Territoriale,Commune,['Seine-Maritime'],['Normandie'],COM,{76},{28}
e3237d2b-b593-41a6-a6e0-86ad1cc9e107,217601434,Commune de Bretteville-du-Grand-Caux (76),false,{76143},Commune,2026-03-24 14:42:08.818969+01,gold_establishments_2025,,,,21760143400012,2025,Collectivité Territoriale,Commune,['Seine-Maritime'],['Normandie'],COM,{76},{28}
fc0dda74-7dfa-43fc-8a0c-53f0c8fe88cb,211400973,Commune de Bretteville-le-Rabet (14),false,{14097},Commune,2026-03-24 14:41:53.63825+01,gold_establishments_2025,,,,21140097300015,2025,Collectivité Territoriale,Commune,['Calvados'],['Normandie'],COM,{14},{28}
d6c63c25-1aab-47da-b066-b299e3da551c,215000787,Commune de Bretteville-sur-Ay (50),false,{50078},Commune,2026-03-24 14:42:01.412377+01,gold_establishments_2025,,,,21500078700014,2025,Collectivité Territoriale,Commune,['Manche'],['Normandie'],COM,{50},{28}
63348cf8-cbba-439c-b43c-36d99c8e9f31,211401005,Commune de Bretteville-sur-Laize (14),false,{14100},Commune,2026-03-24 14:41:53.63825+01,gold_establishments_2025,,,,21140100500015,2025,Collectivité Territoriale,Commune,['Calvados'],['Normandie'],COM,{14},{28}
b3309225-2306-4fd8-ab81-9c074799123c,211401013,Commune de Bretteville-sur-Odon (14),false,{14101},Commune,2026-03-24 14:41:53.63825+01,gold_establishments_2025,,,,21140101300019,2025,Collectivité Territoriale,Commune,['Calvados'],['Normandie'],COM,{14},{28}
3d9232f5-b299-46cb-b29d-49c62d1fc998,215701103,Commune de Brettnach (57),false,{57110},Commune,2026-03-24 14:42:03.701372+01,gold_establishments_2025,,,,21570110300016,2025,Collectivité Territoriale,Commune,['Moselle'],['Grand Est'],COM,{57},{44}
66b727e5-d71a-42fa-bbf8-ffd2c1eeb727,213100894,Commune de Bretx (31),false,{31089},Commune,2026-03-24 14:41:57.56054+01,gold_establishments_2025,,,,21310089400012,2025,Collectivité Territoriale,Commune,['Haute-Garonne'],['Occitanie'],COM,{31},{76}
7ea6b92b-2e48-4adc-b488-c62f79b2470d,217000934,Commune de Breuches (70),false,{70093},Commune,2026-03-24 14:42:07.735343+01,gold_establishments_2025,,,,21700093400018,2025,Collectivité Territoriale,Commune,['Haute-Saône'],['Bourgogne-Franche-Comté'],COM,{70},{27}
9f30a816-b119-44c0-8396-e33734cac363,217000942,Commune de Breuchotte (70),false,{70094},Commune,2026-03-24 14:42:07.735343+01,gold_establishments_2025,,,,21700094200011,2025,Collectivité Territoriale,Commune,['Haute-Saône'],['Bourgogne-Franche-Comté'],COM,{70},{27}
52e0510a-6576-49f8-b31c-cef0bf5b80d0,215800384,Commune de Breugnon (58),false,{58038},Commune,2026-03-24 14:42:04.280096+01,gold_establishments_2025,,,,21580038400012,2025,Collectivité Territoriale,Commune,['Nièvre'],['Bourgogne-Franche-Comté'],COM,{58},{27}
dd9c11bd-bb5d-43b8-b864-aa4a8caaa786,218001329,Commune de Breuil (80),false,{80139},Commune,2026-03-24 14:42:09.967209+01,gold_establishments_2025,,,,21800132900018,2025,Collectivité Territoriale,Commune,['Somme'],['Hauts-de-France'],COM,{80},{32}
a9068cfd-bdb9-420e-b471-13d513597427,217801042,Commune de Breuil-Bois-Robert (78),false,{78104},Commune,2026-03-24 14:42:09.43682+01,gold_establishments_2025,,,,21780104200011,2025,Collectivité Territoriale,Commune,['Yvelines'],['Île-de-France'],COM,{78},{11}
b217cf53-8034-4bbe-9fa3-af5f5220c8f3,211700653,Commune de Breuil-Magné (17),false,{17065},Commune,2026-03-24 14:41:54.903238+01,gold_establishments_2025,,,,21170065300010,2025,Collectivité Territoriale,Commune,['Charente-Maritime'],['Nouvelle-Aquitaine'],COM,{17},{75}
fba8038d-e6b0-4cff-b94f-149c7755ab47,211700638,Commune de Breuil-la-Réorte (17),false,{17063},Commune,2026-03-24 14:41:54.903238+01,gold_establishments_2025,,,,21170063800011,2025,Collectivité Territoriale,Commune,['Charente-Maritime'],['Nouvelle-Aquitaine'],COM,{17},{75}
b880fe97-2fdf-461c-bf43-07c3f3bf1b0a,216001065,Commune de Breuil-le-Sec (60),false,{60106},Commune,2026-03-24 14:42:04.814328+01,gold_establishments_2025,,,,21600106500012,2025,Collectivité Territoriale,Commune,['Oise'],['Hauts-de-France'],COM,{60},{32}
fc82f204-9e1a-4600-bf99-628ec8b6cf71,216001073,Commune de Breuil-le-Vert (60),false,{60107},Commune,2026-03-24 14:42:04.814328+01,gold_establishments_2025,,,,21600107300016,2025,Collectivité Territoriale,Commune,['Oise'],['Hauts-de-France'],COM,{60},{32}
5e811af8-77d1-4a95-bf37-50ac98036c10,215100801,Commune de Breuil-sur-Vesle (51),false,{51086},Commune,2026-03-24 14:42:01.412377+01,gold_establishments_2025,,,,21510080100012,2025,Collectivité Territoriale,Commune,['Marne'],['Grand Est'],COM,{51},{44}
e453173e-2077-4145-aced-5d304db79ec6,218702207,Commune de Breuilaufa (87),false,{87022},Commune,2026-03-24 14:42:11.118516+01,gold_establishments_2025,,,,21870220700018,2025,Collectivité Territoriale,Commune,['Haute-Vienne'],['Nouvelle-Aquitaine'],COM,{87},{75}
25e75228-1dd3-4409-9199-819df4a4c0c0,211700646,Commune de Breuillet (17),false,{17064},Commune,2026-03-24 14:41:54.903238+01,gold_establishments_2025,,,,21170064600014,2025,Collectivité Territoriale,Commune,['Charente-Maritime'],['Nouvelle-Aquitaine'],COM,{17},{75}
6d4935c5-e645-4562-ba2a-62aa25232177,219101052,Commune de Breuillet (91),false,{91105},Commune,2026-03-24 14:42:11.659493+01,gold_establishments_2025,,,,21910105200112,2025,Collectivité Territoriale,Commune,['Essonne'],['Île-de-France'],COM,{91},{11}
7999bbdc-8a38-438a-901b-0d41be9b3a07,212701148,Commune de Breuilpont (27),false,{27114},Commune,2026-03-24 14:41:56.495197+01,gold_establishments_2025,,,,21270114800018,2025,Collectivité Territoriale,Commune,['Eure'],['Normandie'],COM,{27},{28}
770bc59e-0b9a-4593-8f8c-4a8b0fe7a263,217000959,Commune de Breurey-lès-Faverney (70),false,{70095},Commune,2026-03-24 14:42:07.735343+01,gold_establishments_2025,,,,21700095900015,2025,Collectivité Territoriale,Commune,['Haute-Saône'],['Bourgogne-Franche-Comté'],COM,{70},{27}
b1e6c325-44ae-4c1f-b355-aa34bfc0c145,216700658,Commune de Breuschwickersheim (67),false,{67065},Commune,2026-03-24 14:42:06.665412+01,gold_establishments_2025,,,,21670065800018,2025,Collectivité Territoriale,Commune,['Bas-Rhin'],['Grand Est'],COM,{67},{44}
b0ef6510-83b2-4b4b-8ea2-91cd2b359aaa,215200510,Commune de Breuvannes-en-Bassigny (52),false,{52074},Commune,2026-03-24 14:42:01.954481+01,gold_establishments_2025,,,,21520051000018,2025,Collectivité Territoriale,Commune,['Haute-Marne'],['Grand Est'],COM,{52},{44}
dc0ebebf-8361-4c93-bc2f-123a613324c8,215100819,Commune de Breuvery-sur-Coole (51),false,{51087},Commune,2026-03-24 14:42:01.412377+01,gold_establishments_2025,,,,21510081900014,2025,Collectivité Territoriale,Commune,['Marne'],['Grand Est'],COM,{51},{44}
17644fd9-c207-41df-b885-c4b4f696b4fa,215000795,Commune de Breuville (50),false,{50079},Commune,2026-03-24 14:42:01.412377+01,gold_establishments_2025,,,,21500079500017,2025,Collectivité Territoriale,Commune,['Manche'],['Normandie'],COM,{50},{28}
aacf1b62-329b-4967-bc85-0e7f07e876f5,215500778,Commune de Breux (55),false,{55077},Commune,2026-03-24 14:42:02.957225+01,gold_establishments_2025,,,,21550077800018,2025,Collectivité Territoriale,Commune,['Meuse'],['Grand Est'],COM,{55},{44}
8038a157-b0aa-4170-9376-c938fdfcc5e3,219101060,Commune de Breux-Jouy (91),false,{91106},Commune,2026-03-24 14:42:11.659493+01,gold_establishments_2025,,,,21910106000016,2025,Collectivité Territoriale,Commune,['Essonne'],['Île-de-France'],COM,{91},{11}
69b54380-9dd2-40f6-9cc4-522075ec4436,212701155,Commune de Breux-sur-Avre (27),false,{27115},Commune,2026-03-24 14:41:56.495197+01,gold_establishments_2025,,,,21270115500013,2025,Collectivité Territoriale,Commune,['Eure'],['Normandie'],COM,{27},{28}
13a522a8-9792-4457-9eca-4eb5ac86722a,213900780,Commune de Brevans (39),false,{39078},Commune,2026-03-24 14:41:59.705606+01,gold_establishments_2025,,,,21390078000015,2025,Collectivité Territoriale,Commune,['Jura'],['Bourgogne-Franche-Comté'],COM,{39},{27}
b4a85e21-4260-4eee-896d-6cb6f3314702,217000967,Commune de Brevilliers (70),false,{70096},Commune,2026-03-24 14:42:07.735343+01,gold_establishments_2025,,,,21700096700018,2025,Collectivité Territoriale,Commune,['Haute-Saône'],['Bourgogne-Franche-Comté'],COM,{70},{27}
ecefeda6-d4c3-4491-99f4-0a0bc005ab7c,212500961,Commune de Brey-et-Maison-du-Bois (25),false,{25096},Commune,2026-03-24 14:41:56.495197+01,gold_establishments_2025,,,,21250096100017,2025,Collectivité Territoriale,Commune,['Doubs'],['Bourgogne-Franche-Comté'],COM,{25},{27}
d2e1d83b-165b-4c4f-9934-bf8a624037b7,212800593,Commune de Brezolles (28),false,{28059},Commune,2026-03-24 14:41:57.028721+01,gold_establishments_2025,,,,21280059300015,2025,Collectivité Territoriale,Commune,['Eure-et-Loir'],['Centre-Val de Loire'],COM,{28},{24}
9764d9b6-9410-4c2e-90f2-2d93cbba7a8c,211500269,Commune de Brezons (15),false,{15026},Commune,2026-03-24 14:41:54.362296+01,gold_establishments_2025,,,,21150026900017,2025,Collectivité Territoriale,Commune,['Cantal'],['Auvergne-Rhône-Alpes'],COM,{15},{84}
126efc31-214d-4607-83de-3df8e0604144,212101083,Commune de Brianny (21),false,{21108},Commune,2026-03-24 14:41:55.433389+01,gold_establishments_2025,,,,21210108300013,2025,Collectivité Territoriale,Commune,"[""Côte-d'Or""]",['Bourgogne-Franche-Comté'],COM,{21},{27}
55cfa309-abff-4f42-b663-0ca4665c3622,217100601,Commune de Briant (71),false,{71060},Commune,2026-03-24 14:42:07.735343+01,gold_establishments_2025,,,,21710060100012,2025,Collectivité Territoriale,Commune,['Saône-et-Loire'],['Bourgogne-Franche-Comté'],COM,{71},{27}
213c11da-44d3-4b26-885f-b3d989e2e1fd,213600257,Commune de Briantes (36),false,{36025},Commune,2026-03-24 14:41:59.160244+01,gold_establishments_2025,,,,21360025700017,2025,Collectivité Territoriale,Commune,['Indre'],['Centre-Val de Loire'],COM,{36},{24}
135dcce6-1f34-4bf9-bf80-50b5011cbac8,210500237,Commune de Briançon (05),false,{05023},Commune,2026-03-24 14:41:52.562531+01,gold_establishments_2025,,,,21050023700354,2025,Collectivité Territoriale,Commune,['Hautes-Alpes'],"[""Provence-Alpes-Côte d'Azur""]",COM,{05},{93}
5db6ffc5-3ffc-489d-b8ea-6b6c5addea33,210600243,Commune de Briançonnet (06),false,{06024},Commune,2026-03-24 14:41:52.562531+01,gold_establishments_2025,,,,21060024300013,2025,Collectivité Territoriale,Commune,['Alpes-Maritimes'],"[""Provence-Alpes-Côte d'Azur""]",COM,{06},{93}
e20ba5ff-8ab0-4024-acb6-0a00953343e2,214500530,Commune de Briare (45),false,{45053},Commune,2026-03-24 14:42:00.862623+01,gold_establishments_2025,,,,21450053000016,2025,Collectivité Territoriale,Commune,['Loiret'],['Centre-Val de Loire'],COM,{45},{24}
ee31438f-480a-477d-a4b8-2c88b30176cf,214500548,Commune de Briarres-sur-Essonne (45),false,{45054},Commune,2026-03-24 14:42:00.862623+01,gold_establishments_2025,,,,21450054800034,2025,Collectivité Territoriale,Commune,['Loiret'],['Centre-Val de Loire'],COM,{45},{24}
c4f67f81-5ca3-4aaa-b180-bb3fdcf3ea1f,216201806,Commune de Brias (62),false,{62180},Commune,2026-03-24 14:42:05.597325+01,gold_establishments_2025,,,,21620180600017,2025,Collectivité Territoriale,Commune,['Pas-de-Calais'],['Hauts-de-France'],COM,{62},{32}
94dd76ca-e824-483b-872b-b07726862318,215901083,Commune de Briastre (59),false,{59108},Commune,2026-03-24 14:42:04.280096+01,gold_establishments_2025,,,,21590108300018,2025,Collectivité Territoriale,Commune,['Nord'],['Hauts-de-France'],COM,{59},{32}
b8d96807-5210-429c-9a02-4f8a270fc49b,218100394,Commune de Briatexte (81),false,{81039},Commune,2026-03-24 14:42:09.967209+01,gold_establishments_2025,,,,21810039400012,2025,Collectivité Territoriale,Commune,['Tarn'],['Occitanie'],COM,{81},{76}
6fb942cf-a592-44df-bec2-347da89b49d6,215200528,Commune de Briaucourt (52),false,{52075},Commune,2026-03-24 14:42:01.954481+01,gold_establishments_2025,,,,21520052800010,2025,Collectivité Territoriale,Commune,['Haute-Marne'],['Grand Est'],COM,{52},{44}
9df85f7a-5e5f-4f5d-9234-3a468074becb,217000975,Commune de Briaucourt (70),false,{70097},Commune,2026-03-24 14:42:07.735343+01,gold_establishments_2025,,,,21700097500011,2025,Collectivité Territoriale,Commune,['Haute-Saône'],['Bourgogne-Franche-Comté'],COM,{70},{27}
56fea34b-a10d-419d-986e-8d9b8ba020d0,215200536,Commune de Bricon (52),false,{52076},Commune,2026-03-24 14:42:01.954481+01,gold_establishments_2025,,,,21520053600013,2025,Collectivité Territoriale,Commune,['Haute-Marne'],['Grand Est'],COM,{52},{44}
b004522a-2bb4-4ade-8bc6-800f33421566,212800601,Commune de Briconville (28),false,{28060},Commune,2026-03-24 14:41:57.028721+01,gold_establishments_2025,,,,21280060100016,2025,Collectivité Territoriale,Commune,['Eure-et-Loir'],['Centre-Val de Loire'],COM,{28},{24}
5cd8011a-5552-4ff4-a13a-f16c64098a89,200057297,Commune de Bricquebec-en-Cotentin (50),false,{50082},Commune,2026-03-24 14:42:01.412377+01,gold_establishments_2025,,,,20005729700018,2025,Collectivité Territoriale,Commune,['Manche'],['Normandie'],COM,{50},{28}
9b920ad1-ef59-4bcb-8d96-17d7bcfa8b2e,215000837,Commune de Bricquebosq (50),false,{50083},Commune,2026-03-24 14:42:01.412377+01,gold_establishments_2025,,,,21500083700017,2025,Collectivité Territoriale,Commune,['Manche'],['Normandie'],COM,{50},{28}
f91427d9-e9d4-428f-8379-4be6c9262fee,211401070,Commune de Bricqueville (14),false,{14107},Commune,2026-03-24 14:41:53.63825+01,gold_establishments_2025,,,,21140107000019,2025,Collectivité Territoriale,Commune,['Calvados'],['Normandie'],COM,{14},{28}
9a1cd196-3c82-4b8c-9460-aea959726253,215000845,Commune de Bricqueville-la-Blouette (50),false,{50084},Commune,2026-03-24 14:42:01.412377+01,gold_establishments_2025,,,,21500084500010,2025,Collectivité Territoriale,Commune,['Manche'],['Normandie'],COM,{50},{28}
dbfe872d-b998-4e96-92c0-ee3aa63af27a,215000852,Commune de Bricqueville-sur-Mer (50),false,{50085},Commune,2026-03-24 14:42:01.412377+01,gold_establishments_2025,,,,21500085200016,2025,Collectivité Territoriale,Commune,['Manche'],['Normandie'],COM,{50},{28}
6f39a4cb-0245-4d02-935d-6926ea74ee42,214500555,Commune de Bricy (45),false,{45055},Commune,2026-03-24 14:42:00.862623+01,gold_establishments_2025,,,,21450055500013,2025,Collectivité Territoriale,Commune,['Loiret'],['Centre-Val de Loire'],COM,{45},{24}
32af8883-7e18-4ae2-999d-643db277b32a,217300573,Commune de Brides-les-Bains (73),false,{73057},Commune,2026-03-24 14:42:08.279287+01,gold_establishments_2025,,,,21730057300011,2025,Collectivité Territoriale,Commune,['Savoie'],['Auvergne-Rhône-Alpes'],COM,{73},{84}
a00c8862-7ef9-4630-85da-77bc90143632,213700396,Commune de Bridoré (37),false,{37039},Commune,2026-03-24 14:41:59.160244+01,gold_establishments_2025,,,,21370039600012,2025,Collectivité Territoriale,Commune,['Indre-et-Loire'],['Centre-Val de Loire'],COM,{37},{24}
cf73c404-db84-425a-a662-679ec612430f,210201133,Commune de Brie (02),false,{02122},Commune,2026-03-24 14:41:51.447482+01,gold_establishments_2025,,,,21020113300019,2025,Collectivité Territoriale,Commune,['Aisne'],['Hauts-de-France'],COM,{02},{32}
8cd19b97-b0b7-4765-8551-ad0b57a1c5f7,210900676,Commune de Brie (09),false,{09067},Commune,2026-03-24 14:41:53.095366+01,gold_establishments_2025,,,,21090067600011,2025,Collectivité Territoriale,Commune,['Ariège'],['Occitanie'],COM,{09},{76}
2c5a900a-b151-4da7-bf25-a13a7adf6971,211600614,Commune de Brie (16),false,{16061},Commune,2026-03-24 14:41:54.362296+01,gold_establishments_2025,,,,21160061400013,2025,Collectivité Territoriale,Commune,['Charente'],['Nouvelle-Aquitaine'],COM,{16},{75}
5e1a8a96-d405-45cc-b4ac-4b21a69b8520,213500416,Commune de Brie (35),false,{35041},Commune,2026-03-24 14:41:58.620411+01,gold_establishments_2025,,,,21350041600010,2025,Collectivité Territoriale,Commune,['Ille-et-Vilaine'],['Bretagne'],COM,{35},{53}
cce1d696-e6db-480d-9438-ff8ffd9d16b3,218001345,Commune de Brie (80),false,{80141},Commune,2026-03-24 14:42:09.967209+01,gold_establishments_2025,,,,21800134500014,2025,Collectivité Territoriale,Commune,['Somme'],['Hauts-de-France'],COM,{80},{32}
06fb3704-8b60-4c88-87e1-cfd38bd2f159,217700533,Commune de Brie-Comte-Robert (77),false,{77053},Commune,2026-03-24 14:42:08.818969+01,gold_establishments_2025,,,,21770053300011,2025,Collectivité Territoriale,Commune,['Seine-et-Marne'],['Île-de-France'],COM,{77},{11}
5ed29078-9ccf-490d-b10c-6438ead6ad69,211700661,Commune de Brie-sous-Archiac (17),false,{17066},Commune,2026-03-24 14:41:54.903238+01,gold_establishments_2025,,,,21170066100013,2025,Collectivité Territoriale,Commune,['Charente-Maritime'],['Nouvelle-Aquitaine'],COM,{17},{75}
a51b1a54-c153-4f28-b96e-67dea4491a5c,211600622,Commune de Brie-sous-Barbezieux (16),false,{16062},Commune,2026-03-24 14:41:54.362296+01,gold_establishments_2025,,,,21160062200016,2025,Collectivité Territoriale,Commune,['Charente'],['Nouvelle-Aquitaine'],COM,{16},{75}
8ea5e19b-e95e-439b-b64a-22ddfb6acc50,211600630,Commune de Brie-sous-Chalais (16),false,{16063},Commune,2026-03-24 14:41:54.362296+01,gold_establishments_2025,,,,21160063000019,2025,Collectivité Territoriale,Commune,['Charente'],['Nouvelle-Aquitaine'],COM,{16},{75}
021dd82a-d0e8-4c6a-b6a6-5e05f031d37f,211700679,Commune de Brie-sous-Matha (17),false,{17067},Commune,2026-03-24 14:41:54.903238+01,gold_establishments_2025,,,,21170067900015,2025,Collectivité Territoriale,Commune,['Charente-Maritime'],['Nouvelle-Aquitaine'],COM,{17},{75}
4a3720ad-7baa-418a-b8f9-ebb59751cf43,211700687,Commune de Brie-sous-Mortagne (17),false,{17068},Commune,2026-03-24 14:41:54.903238+01,gold_establishments_2025,,,,21170068700018,2025,Collectivité Territoriale,Commune,['Charente-Maritime'],['Nouvelle-Aquitaine'],COM,{17},{75}
70a4b3c6-77b8-4271-b7df-5a2e34705e1f,212900203,Commune de Briec (29),false,{29020},Commune,2026-03-24 14:41:57.028721+01,gold_establishments_2025,,,,21290020300010,2025,Collectivité Territoriale,Commune,['Finistère'],['Bretagne'],COM,{29},{53}
14843c36-290a-4c43-84ac-a90dd7a86434,211000575,Commune de Briel-sur-Barse (10),false,{10062},Commune,2026-03-24 14:41:53.095366+01,gold_establishments_2025,,,,21100057500012,2025,Collectivité Territoriale,Commune,['Aube'],['Grand Est'],COM,{10},{44}
07fae1a9-d8e5-4419-ae21-fcca8537a5dd,213500424,Commune de Brielles (35),false,{35042},Commune,2026-03-24 14:41:58.620411+01,gold_establishments_2025,,,,21350042400014,2025,Collectivité Territoriale,Commune,['Ille-et-Vilaine'],['Bretagne'],COM,{35},{53}
1271685e-bdc2-4ef8-92b2-357f0323538e,217100619,Commune de Brienne (71),false,{71061},Commune,2026-03-24 14:42:07.735343+01,gold_establishments_2025,,,,21710061900014,2025,Collectivité Territoriale,Commune,['Saône-et-Loire'],['Bourgogne-Franche-Comté'],COM,{71},{27}
8547ce8f-54ee-4847-a853-f9a6c6aee152,211000583,Commune de Brienne-la-Vieille (10),false,{10063},Commune,2026-03-24 14:41:53.095366+01,gold_establishments_2025,,,,21100058300016,2025,Collectivité Territoriale,Commune,['Aube'],['Grand Est'],COM,{10},{44}
88e0c8d9-7385-4a80-98fa-1705bf11d832,211000591,Commune de Brienne-le-Château (10),false,{10064},Commune,2026-03-24 14:41:53.095366+01,gold_establishments_2025,,,,21100059100019,2025,Collectivité Territoriale,Commune,['Aube'],['Grand Est'],COM,{10},{44}
84b3ba24-44e8-4d3e-afb0-4fac0cd02f03,210800777,Commune de Brienne-sur-Aisne (08),false,{08084},Commune,2026-03-24 14:41:52.562531+01,gold_establishments_2025,,,,21080077700018,2025,Collectivité Territoriale,Commune,['Ardennes'],['Grand Est'],COM,{08},{44}
f56e983f-1953-4559-94eb-49fba74f9126,214200263,Commune de Briennon (42),false,{42026},Commune,2026-03-24 14:42:00.273698+01,gold_establishments_2025,,,,21420026300058,2025,Collectivité Territoriale,Commune,['Loire'],['Auvergne-Rhône-Alpes'],COM,{42},{84}
0a5a7693-6519-44e6-908f-897990965994,218900553,Commune de Brienon-sur-Armançon (89),false,{89055},Commune,2026-03-24 14:42:11.118516+01,gold_establishments_2025,,,,21890055300015,2025,Collectivité Territoriale,Commune,['Yonne'],['Bourgogne-Franche-Comté'],COM,{89},{27}
9180510e-bb1d-4bbc-a2c4-d40ac90f9706,217900554,Commune de Brieuil-sur-Chizé (79),false,{79055},Commune,2026-03-24 14:42:09.43682+01,gold_establishments_2025,,,,21790055400015,2025,Collectivité Territoriale,Commune,['Deux-Sèvres'],['Nouvelle-Aquitaine'],COM,{79},{75}
b9086a1d-3036-4518-a325-eaa92a0ae12b,210800785,Commune de Brieulles-sur-Bar (08),false,{08085},Commune,2026-03-24 14:41:52.562531+01,gold_establishments_2025,,,,21080078500011,2025,Collectivité Territoriale,Commune,['Ardennes'],['Grand Est'],COM,{08},{44}
734499d2-0231-454b-9b34-04048420ec9c,215500786,Commune de Brieulles-sur-Meuse (55),false,{55078},Commune,2026-03-24 14:42:02.957225+01,gold_establishments_2025,,,,21550078600011,2025,Collectivité Territoriale,Commune,['Meuse'],['Grand Est'],COM,{55},{44}
84e42d84-2d93-435a-b125-4a277d966153,216100628,Commune de Brieux (61),false,{61062},Commune,2026-03-24 14:42:04.814328+01,gold_establishments_2025,,,,21610062800017,2025,Collectivité Territoriale,Commune,['Orne'],['Normandie'],COM,{61},{28}
949949c8-ff4c-4295-a1cc-e88bc0d0553e,216300533,Commune de Briffons (63),false,{63053},Commune,2026-03-24 14:42:06.130387+01,gold_establishments_2025,,,,21630053300017,2025,Collectivité Territoriale,Commune,['Puy-de-Dôme'],['Auvergne-Rhône-Alpes'],COM,{63},{84}
8197eb7d-9223-4847-ae11-1f9d460f2b74,213400419,Commune de Brignac (34),false,{34041},Commune,2026-03-24 14:41:58.620411+01,gold_establishments_2025,,,,21340041900015,2025,Collectivité Territoriale,Commune,['Hérault'],['Occitanie'],COM,{34},{76}
e089d530-869c-4ab3-afa5-570ce06056e2,215600255,Commune de Brignac (56),false,{56025},Commune,2026-03-24 14:42:03.701372+01,gold_establishments_2025,,,,21560025500016,2025,Collectivité Territoriale,Commune,['Morbihan'],['Bretagne'],COM,{56},{53}
fd81bbf2-20e7-433a-8210-9e1fb01f11e3,211903000,Commune de Brignac-la-Plaine (19),false,{19030},Commune,2026-03-24 14:41:54.903238+01,gold_establishments_2025,,,,21190300000019,2025,Collectivité Territoriale,Commune,['Corrèze'],['Nouvelle-Aquitaine'],COM,{19},{75}
97627c30-4ac9-4e9c-b882-6666f72170a8,216900274,Commune de Brignais (69),false,{69027},Commune,2026-03-24 14:42:07.195692+01,gold_establishments_2025,,,,21690027400012,2025,Collectivité Territoriale,Commune,['Rhône'],['Auvergne-Rhône-Alpes'],COM,{69},{84}
c1cdcbac-1a45-424e-947d-b949d41a47d8,219501103,Commune de Brignancourt (95),false,{95110},Commune,2026-03-24 14:42:11.659493+01,gold_establishments_2025,,,,21950110300010,2025,Collectivité Territoriale,Commune,"[""Val-d'Oise""]",['Île-de-France'],COM,{95},{11}
0b2addbe-2d9f-43ca-9b1d-b4f7217aab0f,213100902,Commune de Brignemont (31),false,{31090},Commune,2026-03-24 14:41:57.56054+01,gold_establishments_2025,,,,21310090200013,2025,Collectivité Territoriale,Commune,['Haute-Garonne'],['Occitanie'],COM,{31},{76}
84929f2a-6661-40b0-bafa-a59ba8454c18,218300234,Commune de Brignoles (83),false,{83023},Commune,2026-03-24 14:42:10.508772+01,gold_establishments_2025,,,,21830023400018,2025,Collectivité Territoriale,Commune,['Var'],"[""Provence-Alpes-Côte d'Azur""]",COM,{83},{93}
d143b9fe-50dc-4599-b563-4206d6167ea4,213000532,Commune de Brignon (30),false,{30053},Commune,2026-03-24 14:41:57.56054+01,gold_establishments_2025,,,,21300053200019,2025,Collectivité Territoriale,Commune,['Gard'],['Occitanie'],COM,{30},{76}
66371b09-e8ff-49dc-8774-8194104a2390,218600377,Commune de Brigueil-le-Chantre (86),false,{86037},Commune,2026-03-24 14:42:10.508772+01,gold_establishments_2025,,,,21860037700012,2025,Collectivité Territoriale,Commune,['Vienne'],['Nouvelle-Aquitaine'],COM,{86},{75}
b402fc31-13f2-48d9-b673-c5de5002e4e1,211600648,Commune de Brigueuil (16),false,{16064},Commune,2026-03-24 14:41:54.362296+01,gold_establishments_2025,,,,21160064800011,2025,Collectivité Territoriale,Commune,['Charente'],['Nouvelle-Aquitaine'],COM,{16},{75}
af0de883-0cbf-4256-8130-ca9593e7cbf5,219101110,Commune de Briis-sous-Forges (91),false,{91111},Commune,2026-03-24 14:42:11.659493+01,gold_establishments_2025,,,,21910111000019,2025,Collectivité Territoriale,Commune,['Essonne'],['Île-de-France'],COM,{91},{11}
9a6d9304-2829-45de-b26f-bc27a42f6ca9,211600655,Commune de Brillac (16),false,{16065},Commune,2026-03-24 14:41:54.362296+01,gold_establishments_2025,,,,21160065500016,2025,Collectivité Territoriale,Commune,['Charente'],['Nouvelle-Aquitaine'],COM,{16},{75}
f998e0fc-3577-48a4-90ec-e544bd384e47,211000609,Commune de Brillecourt (10),false,{10065},Commune,2026-03-24 14:41:53.095366+01,gold_establishments_2025,,,,21100060900019,2025,Collectivité Territoriale,Commune,['Aube'],['Grand Est'],COM,{10},{44}
fd270d46-a3b2-44eb-9eee-9972253a90e1,215000860,Commune de Brillevast (50),false,{50086},Commune,2026-03-24 14:42:01.412377+01,gold_establishments_2025,,,,21500086000019,2025,Collectivité Territoriale,Commune,['Manche'],['Normandie'],COM,{50},{28}
8385953a-763e-4ede-949f-3069207b933f,215901091,Commune de Brillon (59),false,{59109},Commune,2026-03-24 14:42:04.280096+01,gold_establishments_2025,,,,21590109100011,2025,Collectivité Territoriale,Commune,['Nord'],['Hauts-de-France'],COM,{59},{32}
010f22bd-32d0-4695-8d24-c95dc4d244af,215500794,Commune de Brillon-en-Barrois (55),false,{55079},Commune,2026-03-24 14:42:02.957225+01,gold_establishments_2025,,,,21550079400015,2025,Collectivité Territoriale,Commune,['Meuse'],['Grand Est'],COM,{55},{44}
8be1ddb0-d67c-4e35-b2e8-b49114901bc4,216201772,Commune de Brimeux (62),false,{62177},Commune,2026-03-24 14:42:05.597325+01,gold_establishments_2025,,,,21620177200011,2025,Collectivité Territoriale,Commune,['Pas-de-Calais'],['Hauts-de-France'],COM,{62},{32}
51ca0403-e70f-40ae-9135-2403122e59ac,215100827,Commune de Brimont (51),false,{51088},Commune,2026-03-24 14:42:01.412377+01,gold_establishments_2025,,,,21510082700017,2025,Collectivité Territoriale,Commune,['Marne'],['Grand Est'],COM,{51},{44}
86ce42ec-4269-4ba5-8655-704d0262ea25,215401001,Commune de Brin-sur-Seille (54),false,{54100},Commune,2026-03-24 14:42:02.957225+01,gold_establishments_2025,,,,21540100100015,2025,Collectivité Territoriale,Commune,['Meurthe-et-Moselle'],['Grand Est'],COM,{54},{44}
06c753c0-1f62-4691-b68c-95c8258ffbca,211800362,Commune de Brinay (18),false,{18036},Commune,2026-03-24 14:41:54.903238+01,gold_establishments_2025,,,,21180036200017,2025,Collectivité Territoriale,Commune,['Cher'],['Centre-Val de Loire'],COM,{18},{24}
ed805d58-21b9-4e07-8605-bc815af27ce4,215800400,Commune de Brinay (58),false,{58040},Commune,2026-03-24 14:42:04.280096+01,gold_establishments_2025,,,,21580040000016,2025,Collectivité Territoriale,Commune,['Nièvre'],['Bourgogne-Franche-Comté'],COM,{58},{27}
d55cfe05-6cb7-40d8-bfdb-621a1a6bf557,216800540,Commune de Brinckheim (68),false,{68054},Commune,2026-03-24 14:42:07.195692+01,gold_establishments_2025,,,,21680054000058,2025,Collectivité Territoriale,Commune,['Haut-Rhin'],['Grand Est'],COM,{68},{44}
e05f2f62-47f5-4a10-ad8a-3935e35699c9,216900282,Commune de Brindas (69),false,{69028},Commune,2026-03-24 14:42:07.195692+01,gold_establishments_2025,,,,21690028200015,2025,Collectivité Territoriale,Commune,['Rhône'],['Auvergne-Rhône-Alpes'],COM,{69},{84}
3f6dfc48-a6e8-4162-8b05-bfae61b48cca,212200190,Commune de Bringolo (22),false,{22019},Commune,2026-03-24 14:41:55.433389+01,gold_establishments_2025,,,,21220019000016,2025,Collectivité Territoriale,Commune,"[""Côtes-d'Armor""]",['Bretagne'],COM,{22},{53}
492265fe-d23b-4e20-bcbd-8e78d6c63a88,215800418,Commune de Brinon-sur-Beuvron (58),false,{58041},Commune,2026-03-24 14:42:04.280096+01,gold_establishments_2025,,,,21580041800018,2025,Collectivité Territoriale,Commune,['Nièvre'],['Bourgogne-Franche-Comté'],COM,{58},{27}
90878f16-c4dc-469f-b3f4-c6fbd65be793,211800370,Commune de Brinon-sur-Sauldre (18),false,{18037},Commune,2026-03-24 14:41:54.903238+01,gold_establishments_2025,,,,21180037000010,2025,Collectivité Territoriale,Commune,['Cher'],['Centre-Val de Loire'],COM,{18},{24}
3c95b6a7-3ce7-4fd4-870c-604b431c05e2,213900798,Commune de Briod (39),false,{39079},Commune,2026-03-24 14:41:59.705606+01,gold_establishments_2025,,,,21390079800017,2025,Collectivité Territoriale,Commune,['Jura'],['Bourgogne-Franche-Comté'],COM,{39},{27}
218b5082-4ed3-4fcd-825e-7fdc89b16cc8,214900482,Commune de Briollay (49),false,{49048},Commune,2026-03-24 14:42:01.412377+01,gold_establishments_2025,,,,21490048200016,2025,Collectivité Territoriale,Commune,['Maine-et-Loire'],['Pays de la Loire'],COM,{49},{52}
01c3534a-071f-42e5-8823-a1a36f91b3a2,210100632,Commune de Brion (01),false,{01063},Commune,2026-03-24 14:41:51.447482+01,gold_establishments_2025,,,,21010063200012,2025,Collectivité Territoriale,Commune,['Ain'],['Auvergne-Rhône-Alpes'],COM,{01},{84}
22151bfc-b2ad-4853-8a3e-51e4a285aca3,213600265,Commune de Brion (36),false,{36026},Commune,2026-03-24 14:41:59.160244+01,gold_establishments_2025,,,,21360026500010,2025,Collectivité Territoriale,Commune,['Indre'],['Centre-Val de Loire'],COM,{36},{24}
eee0762c-fa1d-499b-b3ed-a54fbc839992,213800600,Commune de Brion (38),false,{38060},Commune,2026-03-24 14:41:59.160244+01,gold_establishments_2025,,,,21380060000016,2025,Collectivité Territoriale,Commune,['Isère'],['Auvergne-Rhône-Alpes'],COM,{38},{84}
86055898-17ba-4a81-aa7c-0de4d6d58c70,214800310,Commune de Brion (48),false,{48031},Commune,2026-03-24 14:42:01.412377+01,gold_establishments_2025,,,,21480031000010,2025,Collectivité Territoriale,Commune,['Lozère'],['Occitanie'],COM,{48},{76}
65b49ecb-4ff1-42b5-9dc7-f3bd9c63bda3,217100627,Commune de Brion (71),false,{71062},Commune,2026-03-24 14:42:07.735343+01,gold_establishments_2025,,,,21710062700017,2025,Collectivité Territoriale,Commune,['Saône-et-Loire'],['Bourgogne-Franche-Comté'],COM,{71},{27}
8a8bfe0d-343b-4649-9c7a-6e765001fb42,218600385,Commune de Brion (86),false,{86038},Commune,2026-03-24 14:42:10.508772+01,gold_establishments_2025,,,,21860038500015,2025,Collectivité Territoriale,Commune,['Vienne'],['Nouvelle-Aquitaine'],COM,{86},{75}
49b5702d-f52f-487d-a781-6be305747b1d,218900561,Commune de Brion (89),false,{89056},Commune,2026-03-24 14:42:11.118516+01,gold_establishments_2025,,,,21890056100075,2025,Collectivité Territoriale,Commune,['Yonne'],['Bourgogne-Franche-Comté'],COM,{89},{27}
f2a022a4-cbc5-4e87-afcc-b61a91a1d5d4,217900562,Commune de Brion-près-Thouet (79),false,{79056},Commune,2026-03-24 14:42:09.43682+01,gold_establishments_2025,,,,21790056200018,2025,Collectivité Territoriale,Commune,['Deux-Sèvres'],['Nouvelle-Aquitaine'],COM,{79},{75}
24519f97-3321-41b2-946c-337621525ed9,212101091,Commune de Brion-sur-Ource (21),false,{21109},Commune,2026-03-24 14:41:55.433389+01,gold_establishments_2025,,,,21210109100016,2025,Collectivité Territoriale,Commune,"[""Côte-d'Or""]",['Bourgogne-Franche-Comté'],COM,{21},{27}
19364eca-4e40-4eaa-acf7-bf5287b28bf0,212701163,Commune de Brionne (27),false,{27116},Commune,2026-03-24 14:41:56.495197+01,gold_establishments_2025,,,,21270116300017,2025,Collectivité Territoriale,Commune,['Eure'],['Normandie'],COM,{27},{28}
fd260a8b-8197-4a8c-b38f-80a01efb8f54,210100640,Commune de Briord (01),false,{01064},Commune,2026-03-24 14:41:51.447482+01,gold_establishments_2025,,,,21010064000015,2025,Collectivité Territoriale,Commune,['Ain'],['Auvergne-Rhône-Alpes'],COM,{01},{84}
3fcee684-c9bf-4418-9847-128c91e8b113,217200484,Commune de Briosne-lès-Sables (72),false,{72048},Commune,2026-03-24 14:42:08.279287+01,gold_establishments_2025,,,,21720048400012,2025,Collectivité Territoriale,Commune,['Sarthe'],['Pays de la Loire'],COM,{72},{52}
c6770222-286c-41e5-907b-29bdc18d52dc,216001081,Commune de Briot (60),false,{60108},Commune,2026-03-24 14:42:04.814328+01,gold_establishments_2025,,,,21600108100019,2025,Collectivité Territoriale,Commune,['Oise'],['Hauts-de-France'],COM,{60},{32}
b3cf096a-8ad9-4709-b96e-f385ca90511e,214100273,Commune de Briou (41),false,{41027},Commune,2026-03-24 14:41:59.705606+01,gold_establishments_2025,,,,21410027300017,2025,Collectivité Territoriale,Commune,['Loir-et-Cher'],['Centre-Val de Loire'],COM,{41},{24}
249c3437-4ec4-412a-9cb2-544d9425f83a,214300402,Commune de Brioude (43),false,{43040},Commune,2026-03-24 14:42:00.273698+01,gold_establishments_2025,,,,21430040200010,2025,Collectivité Territoriale,Commune,['Haute-Loire'],['Auvergne-Rhône-Alpes'],COM,{43},{84}
a3260e94-5437-4634-9b3d-39200db79f78,217900570,Commune de Brioux-sur-Boutonne (79),false,{79057},Commune,2026-03-24 14:42:09.43682+01,gold_establishments_2025,,,,21790057000011,2025,Collectivité Territoriale,Commune,['Deux-Sèvres'],['Nouvelle-Aquitaine'],COM,{79},{75}
e7262a3b-ee34-449a-9d78-697736d61b7b,216100636,Commune de Briouze (61),false,{61063},Commune,2026-03-24 14:42:04.814328+01,gold_establishments_2025,,,,21610063600010,2025,Collectivité Territoriale,Commune,['Orne'],['Normandie'],COM,{61},{28}
3479184b-069f-4e47-8979-011d2ea9c472,218001352,Commune de Briquemesnil-Floxicourt (80),false,{80142},Commune,2026-03-24 14:42:09.967209+01,gold_establishments_2025,,,,21800135200010,2025,Collectivité Territoriale,Commune,['Somme'],['Hauts-de-France'],COM,{80},{32}
0b6c349a-061b-406f-8a50-33285706bec8,210800793,Commune de Briquenay (08),false,{08086},Commune,2026-03-24 14:41:52.562531+01,gold_establishments_2025,,,,21080079300015,2025,Collectivité Territoriale,Commune,['Ardennes'],['Grand Est'],COM,{08},{44}
5642bb5f-f06f-47b7-80bb-43dd7b11c27b,216401471,Commune de Briscous (64),false,{64147},Commune,2026-03-24 14:42:06.130387+01,gold_establishments_2025,,,,21640147100018,2025,Collectivité Territoriale,Commune,['Pyrénées-Atlantiques'],['Nouvelle-Aquitaine'],COM,{64},{75}
4afe1053-ea66-41d3-bcb5-28b6060ef0b6,217300599,Commune de Brison-Saint-Innocent (73),false,{73059},Commune,2026-03-24 14:42:08.279287+01,gold_establishments_2025,,,,21730059900016,2025,Collectivité Territoriale,Commune,['Savoie'],['Auvergne-Rhône-Alpes'],COM,{73},{84}
a4677749-f7d3-4dbf-b3e7-492a3445ba61,213400427,Commune de Brissac (34),false,{34042},Commune,2026-03-24 14:41:58.620411+01,gold_establishments_2025,,,,21340042700018,2025,Collectivité Territoriale,Commune,['Hérault'],['Occitanie'],COM,{34},{76}
ec006394-643c-4357-b2c0-7c40c553ba0b,200064582,Commune de Brissac Loire Aubance (49),false,{49050},Commune,2026-03-24 14:42:01.412377+01,gold_establishments_2025,,,,20006458200014,2025,Collectivité Territoriale,Commune,['Maine-et-Loire'],['Pays de la Loire'],COM,{49},{52}
ef2caba9-5942-4808-ae14-0676a3464a09,210208112,Commune de Brissay-Choigny (02),false,{02123},Commune,2026-03-24 14:41:51.447482+01,gold_establishments_2025,,,,21020811200016,2025,Collectivité Territoriale,Commune,['Aisne'],['Hauts-de-France'],COM,{02},{32}
2ea90aea-2539-4ad3-927c-f3176e947282,210208120,Commune de Brissy-Hamégicourt (02),false,{02124},Commune,2026-03-24 14:41:51.447482+01,gold_establishments_2025,,,,21020812000019,2025,Collectivité Territoriale,Commune,['Aisne'],['Hauts-de-France'],COM,{02},{32}
16d75ab8-9756-440d-8d2f-8c763369c408,211903109,Commune de Brive-la-Gaillarde (19),false,{19031},Commune,2026-03-24 14:41:54.903238+01,gold_establishments_2025,,,,21190310900018,2025,Collectivité Territoriale,Commune,['Corrèze'],['Nouvelle-Aquitaine'],COM,{19},{75}
f68bf5cf-722f-40fa-bbc9-077aa31b9668,213600273,Commune de Brives (36),false,{36027},Commune,2026-03-24 14:41:59.160244+01,gold_establishments_2025,,,,21360027300014,2025,Collectivité Territoriale,Commune,['Indre'],['Centre-Val de Loire'],COM,{36},{24}
a45cb82c-ccc8-459c-ac93-3c162535aaf7,214300410,Commune de Brives-Charensac (43),false,{43041},Commune,2026-03-24 14:42:00.273698+01,gold_establishments_2025,,,,21430041000013,2025,Collectivité Territoriale,Commune,['Haute-Loire'],['Auvergne-Rhône-Alpes'],COM,{43},{84}
84e4b0b1-3f28-498f-b4d0-05bad5b3e038,211700695,Commune de Brives-sur-Charente (17),false,{17069},Commune,2026-03-24 14:41:54.903238+01,gold_establishments_2025,,,,21170069500011,2025,Collectivité Territoriale,Commune,['Charente-Maritime'],['Nouvelle-Aquitaine'],COM,{17},{75}
6f4bef0d-3d91-4392-a7f3-38d732209066,215000878,Commune de Brix (50),false,{50087},Commune,2026-03-24 14:42:01.412377+01,gold_establishments_2025,,,,21500087800011,2025,Collectivité Territoriale,Commune,['Manche'],['Normandie'],COM,{50},{28}
cce63877-7d9c-4442-91ed-3c7b7592c64d,215500802,Commune de Brixey-aux-Chanoines (55),false,{55080},Commune,2026-03-24 14:42:02.957225+01,gold_establishments_2025,,,,21550080200016,2025,Collectivité Territoriale,Commune,['Meuse'],['Grand Est'],COM,{55},{44}
76f4f3fa-c8ca-4b9f-860e-9622ab0d5563,211700703,Commune de Brizambourg (17),false,{17070},Commune,2026-03-24 14:41:54.903238+01,gold_establishments_2025,,,,21170070300013,2025,Collectivité Territoriale,Commune,['Charente-Maritime'],['Nouvelle-Aquitaine'],COM,{17},{75}
aad32991-0028-44e8-b18e-1169b819ffc9,213700404,Commune de Brizay (37),false,{37040},Commune,2026-03-24 14:41:59.160244+01,gold_establishments_2025,,,,21370040400014,2025,Collectivité Territoriale,Commune,['Indre-et-Loire'],['Centre-Val de Loire'],COM,{37},{24}
43712101-bf94-4e5b-863d-61aca612f101,215500810,Commune de Brizeaux (55),false,{55081},Commune,2026-03-24 14:42:02.957225+01,gold_establishments_2025,,,,21550081000019,2025,Collectivité Territoriale,Commune,['Meuse'],['Grand Est'],COM,{55},{44}
482efdce-985d-48a1-9ffc-be8690072c72,217400498,Commune de Brizon (74),false,{74049},Commune,2026-03-24 14:42:08.279287+01,gold_establishments_2025,,,,21740049800010,2025,Collectivité Territoriale,Commune,['Haute-Savoie'],['Auvergne-Rhône-Alpes'],COM,{74},{84}
97fcb663-e0e2-4a7d-be85-c4c8bad84fdc,219101094,Commune de Brières-les-Scellés (91),false,{91109},Commune,2026-03-24 14:42:11.659493+01,gold_establishments_2025,,,,21910109400015,2025,Collectivité Territoriale,Commune,['Essonne'],['Île-de-France'],COM,{91},{11}
72d31fec-7cd5-42ac-a446-6d8db0274a3b,213800592,Commune de Brié-et-Angonnes (38),false,{38059},Commune,2026-03-24 14:41:59.160244+01,gold_establishments_2025,,,,21380059200015,2025,Collectivité Territoriale,Commune,['Isère'],['Auvergne-Rhône-Alpes'],COM,{38},{84}
93798de7-615e-4c42-8ccf-de1275831476,214000564,Commune de Brocas (40),false,{40056},Commune,2026-03-24 14:41:59.705606+01,gold_establishments_2025,,,,21400056400010,2025,Collectivité Territoriale,Commune,['Landes'],['Nouvelle-Aquitaine'],COM,{40},{75}
56425531-dc22-4eab-b212-993a7336333b,212101109,Commune de Brochon (21),false,{21110},Commune,2026-03-24 14:41:55.433389+01,gold_establishments_2025,,,,21210110900016,2025,Collectivité Territoriale,Commune,"[""Côte-d'Or""]",['Bourgogne-Franche-Comté'],COM,{21},{27}
d667de50-6498-4ea4-ba27-f98b2ed196a2,218001360,Commune de Brocourt (80),false,{80143},Commune,2026-03-24 14:42:09.967209+01,gold_establishments_2025,,,,21800136000013,2025,Collectivité Territoriale,Commune,['Somme'],['Hauts-de-France'],COM,{80},{32}
3f22c240-8d9d-4bc0-ab50-476aed26e698,215500828,Commune de Brocourt-en-Argonne (55),false,{55082},Commune,2026-03-24 14:42:02.957225+01,gold_establishments_2025,,,,21550082800011,2025,Collectivité Territoriale,Commune,['Meuse'],['Grand Est'],COM,{55},{44}
90b9dd97-44f5-40f7-90a4-bc510c929540,212701171,Commune de Broglie (27),false,{27117},Commune,2026-03-24 14:41:56.495197+01,gold_establishments_2025,,,,21270117100010,2025,Collectivité Territoriale,Commune,['Eure'],['Normandie'],COM,{27},{28}
b4fbe958-7ab9-44b7-b03b-bbd5b0ff593b,212500979,Commune de Brognard (25),false,{25097},Commune,2026-03-24 14:41:56.495197+01,gold_establishments_2025,,,,21250097900019,2025,Collectivité Territoriale,Commune,['Doubs'],['Bourgogne-Franche-Comté'],COM,{25},{27}
d9a5b463-d9d8-4765-b66c-18d65c230c3d,210800801,Commune de Brognon (08),false,{08087},Commune,2026-03-24 14:41:52.562531+01,gold_establishments_2025,,,,21080080100016,2025,Collectivité Territoriale,Commune,['Ardennes'],['Grand Est'],COM,{08},{44}
493022b3-2455-4bc5-a2b0-502f24112995,212101117,Commune de Brognon (21),false,{21111},Commune,2026-03-24 14:41:55.433389+01,gold_establishments_2025,,,,21210111700019,2025,Collectivité Territoriale,Commune,"[""Côte-d'Or""]",['Bourgogne-Franche-Comté'],COM,{21},{27}
46f3f65f-648d-4888-94fc-269f6bce16db,212101125,Commune de Broin (21),false,{21112},Commune,2026-03-24 14:41:55.433389+01,gold_establishments_2025,,,,21210112500012,2025,Collectivité Territoriale,Commune,"[""Côte-d'Or""]",['Bourgogne-Franche-Comté'],COM,{21},{27}
a08effb8-eaf4-4f53-a961-6d261763806a,212101133,Commune de Broindon (21),false,{21113},Commune,2026-03-24 14:41:55.433389+01,gold_establishments_2025,,,,21210113300016,2025,Collectivité Territoriale,Commune,"[""Côte-d'Or""]",['Bourgogne-Franche-Comté'],COM,{21},{27}
9366a3c3-0e11-4af0-bb53-be3086af6195,213900806,Commune de Broissia (39),false,{39080},Commune,2026-03-24 14:41:59.705606+01,gold_establishments_2025,,,,21390080600018,2025,Collectivité Territoriale,Commune,['Jura'],['Bourgogne-Franche-Comté'],COM,{39},{27}
c862693a-949e-43d3-8d3c-27f299b90780,216001099,Commune de Brombos (60),false,{60109},Commune,2026-03-24 14:42:04.814328+01,gold_establishments_2025,,,,21600109900011,2025,Collectivité Territoriale,Commune,['Oise'],['Hauts-de-France'],COM,{60},{32}
712c23d4-5681-4a15-ae2f-9da1ecd57db2,214500563,Commune de Bromeilles (45),false,{45056},Commune,2026-03-24 14:42:00.862623+01,gold_establishments_2025,,,,21450056300017,2025,Collectivité Territoriale,Commune,['Loiret'],['Centre-Val de Loire'],COM,{45},{24}
f9785ebe-7f30-40ad-b044-542762699bc9,211200365,Commune de Brommat (12),false,{12036},Commune,2026-03-24 14:41:53.63825+01,gold_establishments_2025,,,,21120036500016,2025,Collectivité Territoriale,Commune,['Aveyron'],['Occitanie'],COM,{12},{76}
8871550f-e641-4fec-a44e-a09ce6aeb7e5,216300558,Commune de Bromont-Lamothe (63),false,{63055},Commune,2026-03-24 14:42:06.130387+01,gold_establishments_2025,,,,21630055800014,2025,Collectivité Territoriale,Commune,['Puy-de-Dôme'],['Auvergne-Rhône-Alpes'],COM,{63},{84}
5daa614b-255d-4c58-aa9b-542c28930643,216900290,Commune de Bron (69),false,{69029},Commune,2026-03-24 14:42:07.195692+01,gold_establishments_2025,,,,21690029000018,2025,Collectivité Territoriale,Commune,['Rhône'],['Auvergne-Rhône-Alpes'],COM,{69},{84}
49667711-ea8c-48d2-bca1-ba27983a064f,215701111,Commune de Bronvaux (57),false,{57111},Commune,2026-03-24 14:42:03.701372+01,gold_establishments_2025,,,,21570111100019,2025,Collectivité Territoriale,Commune,['Moselle'],['Grand Est'],COM,{57},{44}
236e4c21-d06f-4a9a-b598-e4f77a431137,212200208,Commune de Broons (22),false,{22020},Commune,2026-03-24 14:41:55.433389+01,gold_establishments_2025,,,,21220020800016,2025,Collectivité Territoriale,Commune,"[""Côtes-d'Armor""]",['Bretagne'],COM,{22},{53}
ee86fc32-5e83-42fc-8fc5-da9deb50004d,216001107,Commune de Broquiers (60),false,{60110},Commune,2026-03-24 14:42:04.814328+01,gold_establishments_2025,,,,21600110700012,2025,Collectivité Territoriale,Commune,['Oise'],['Hauts-de-France'],COM,{60},{32}
5f9f64b2-0e5d-4872-b293-b17e5e113d8d,211200373,Commune de Broquiès (12),false,{12037},Commune,2026-03-24 14:41:53.63825+01,gold_establishments_2025,,,,21120037300010,2025,Collectivité Territoriale,Commune,['Aveyron'],['Occitanie'],COM,{12},{76}
fcde71db-3528-44a4-ab92-ec86412c9182,211600663,Commune de Brossac (16),false,{16066},Commune,2026-03-24 14:41:54.362296+01,gold_establishments_2025,,,,21160066300010,2025,Collectivité Territoriale,Commune,['Charente'],['Nouvelle-Aquitaine'],COM,{16},{75}
77aac831-6ba6-4ae3-a182-896f5fb95fdd,210700449,Commune de Brossainc (07),false,{07044},Commune,2026-03-24 14:41:52.562531+01,gold_establishments_2025,,,,21070044900015,2025,Collectivité Territoriale,Commune,['Ardèche'],['Auvergne-Rhône-Alpes'],COM,{07},{84}
c4d55756-0a90-4c3e-a2c3-c8baeeaa85f6,214900532,Commune de Brossay (49),false,{49053},Commune,2026-03-24 14:42:01.412377+01,gold_establishments_2025,,,,21490053200018,2025,Collectivité Territoriale,Commune,['Maine-et-Loire'],['Pays de la Loire'],COM,{49},{52}
00535149-c05b-4134-8eee-93bc370b35ab,218900579,Commune de Brosses (89),false,{89057},Commune,2026-03-24 14:42:11.118516+01,gold_establishments_2025,,,,21890057900010,2025,Collectivité Territoriale,Commune,['Yonne'],['Bourgogne-Franche-Comté'],COM,{89},{27}
cb2f913e-cd6d-44fa-9405-cea0449ead7c,212701189,Commune de Brosville (27),false,{27118},Commune,2026-03-24 14:41:56.495197+01,gold_establishments_2025,,,,21270118900012,2025,Collectivité Territoriale,Commune,['Eure'],['Normandie'],COM,{27},{28}
eb8f54e5-3159-4b0c-820e-1d88e75c8e89,217000983,Commune de Brotte-lès-Luxeuil (70),false,{70098},Commune,2026-03-24 14:42:07.735343+01,gold_establishments_2025,,,,21700098300015,2025,Collectivité Territoriale,Commune,['Haute-Saône'],['Bourgogne-Franche-Comté'],COM,{70},{27}
23574b7e-da8e-42ff-a1b8-39d6c2d19011,217000991,Commune de Brotte-lès-Ray (70),false,{70099},Commune,2026-03-24 14:42:07.735343+01,gold_establishments_2025,,,,21700099100018,2025,Collectivité Territoriale,Commune,['Haute-Saône'],['Bourgogne-Franche-Comté'],COM,{70},{27}
198c70a9-9e10-4ccb-a418-721c4893a5d4,212800619,Commune de Brou (28),false,{28061},Commune,2026-03-24 14:41:57.028721+01,gold_establishments_2025,,,,21280061900018,2025,Collectivité Territoriale,Commune,['Eure-et-Loir'],['Centre-Val de Loire'],COM,{28},{24}
8d3282c4-b541-4a54-9ed6-164502cf4096,217700558,Commune de Brou-sur-Chantereine (77),false,{77055},Commune,2026-03-24 14:42:08.818969+01,gold_establishments_2025,,,,21770055800018,2025,Collectivité Territoriale,Commune,['Seine-et-Marne'],['Île-de-France'],COM,{77},{11}
1f7e9972-f005-467f-829c-845005f5edba,215000886,Commune de Brouains (50),false,{50088},Commune,2026-03-24 14:42:01.412377+01,gold_establishments_2025,,,,21500088600014,2025,Collectivité Territoriale,Commune,['Manche'],['Normandie'],COM,{50},{28}
73d8bd34-adb5-4818-a3ff-b53feac9e42e,213500440,Commune de Broualan (35),false,{35044},Commune,2026-03-24 14:41:58.620411+01,gold_establishments_2025,,,,21350044000010,2025,Collectivité Territoriale,Commune,['Ille-et-Vilaine'],['Bretagne'],COM,{35},{53}
8d4a3e5a-b204-47e3-8b63-2b43d86e7b15,212400667,Commune de Brouchaud (24),false,{24066},Commune,2026-03-24 14:41:55.958138+01,gold_establishments_2025,,,,21240066700011,2025,Collectivité Territoriale,Commune,['Dordogne'],['Nouvelle-Aquitaine'],COM,{24},{75}
4413e05e-03b0-493b-a032-c99062f5e42b,218001378,Commune de Brouchy (80),false,{80144},Commune,2026-03-24 14:42:09.967209+01,gold_establishments_2025,,,,21800137800015,2025,Collectivité Territoriale,Commune,['Somme'],['Hauts-de-France'],COM,{80},{32}
13e978e3-45a6-4cc1-b25d-0f44c4bcd9ce,215701129,Commune de Brouck (57),false,{57112},Commune,2026-03-24 14:42:03.701372+01,gold_establishments_2025,,,,21570112900011,2025,Collectivité Territoriale,Commune,['Moselle'],['Grand Est'],COM,{57},{44}
ae3f9f34-e1af-40d6-b1f1-5fd154e8fed1,215901109,Commune de Brouckerque (59),false,{59110},Commune,2026-03-24 14:42:04.280096+01,gold_establishments_2025,,,,21590110900011,2025,Collectivité Territoriale,Commune,['Nord'],['Hauts-de-France'],COM,{59},{32}
5c7555e1-4913-480e-8fa7-5a97e8b763fb,215701137,Commune de Brouderdorff (57),false,{57113},Commune,2026-03-24 14:42:03.701372+01,gold_establishments_2025,,,,21570113700014,2025,Collectivité Territoriale,Commune,['Moselle'],['Grand Est'],COM,{57},{44}
76ef857a-22fa-4501-9c76-848b9261a315,215500836,Commune de Brouennes (55),false,{55083},Commune,2026-03-24 14:42:02.957225+01,gold_establishments_2025,,,,21550083600014,2025,Collectivité Territoriale,Commune,['Meuse'],['Grand Est'],COM,{55},{44}
6886cfef-1181-4cbc-ac6f-c06add9719ae,216600262,Commune de Brouilla (66),false,{66026},Commune,2026-03-24 14:42:06.665412+01,gold_establishments_2025,,,,21660026200010,2025,Collectivité Territoriale,Commune,['Pyrénées-Orientales'],['Occitanie'],COM,{66},{76}
99d8e375-4a71-43f4-af92-2fe54b4e3d41,215100835,Commune de Brouillet (51),false,{51089},Commune,2026-03-24 14:42:01.412377+01,gold_establishments_2025,,,,21510083500010,2025,Collectivité Territoriale,Commune,['Marne'],['Grand Est'],COM,{51},{44}
c283b467-3fd2-4c73-8ecd-fc27e53113eb,213300742,Commune de Brouqueyran (33),false,{33074},Commune,2026-03-24 14:41:58.09424+01,gold_establishments_2025,,,,21330074200011,2025,Collectivité Territoriale,Commune,['Gironde'],['Nouvelle-Aquitaine'],COM,{33},{75}
3f28a3e1-ddb1-4fed-a0b5-2957719e199e,212303408,Commune de Brousse (23),false,{23034},Commune,2026-03-24 14:41:55.958138+01,gold_establishments_2025,,,,21230340800018,2025,Collectivité Territoriale,Commune,['Creuse'],['Nouvelle-Aquitaine'],COM,{23},{75}
3443f917-80fa-407e-ae09-b36db553358a,216300566,Commune de Brousse (63),false,{63056},Commune,2026-03-24 14:42:06.130387+01,gold_establishments_2025,,,,21630056600017,2025,Collectivité Territoriale,Commune,['Puy-de-Dôme'],['Auvergne-Rhône-Alpes'],COM,{63},{84}
4a480789-2571-40be-b5dd-225bd1728774,218100402,Commune de Brousse (81),false,{81040},Commune,2026-03-24 14:42:09.967209+01,gold_establishments_2025,,,,21810040200013,2025,Collectivité Territoriale,Commune,['Tarn'],['Occitanie'],COM,{81},{76}
bc1bd073-1ae8-401f-9fe7-564a48ef09ba,211200381,Commune de Brousse-le-Château (12),false,{12038},Commune,2026-03-24 14:41:53.63825+01,gold_establishments_2025,,,,21120038100013,2025,Collectivité Territoriale,Commune,['Aveyron'],['Occitanie'],COM,{12},{76}
2b2a55a9-ec09-4611-82dd-5e7d4718d1b5,211100524,Commune de Brousses-et-Villaret (11),false,{11052},Commune,2026-03-24 14:41:53.63825+01,gold_establishments_2025,,,,21110052400019,2025,Collectivité Territoriale,Commune,['Aude'],['Occitanie'],COM,{11},{76}
eee41b82-308d-44e8-8736-5aa711977126,215200544,Commune de Brousseval (52),false,{52079},Commune,2026-03-24 14:42:01.954481+01,gold_establishments_2025,,,,21520054400017,2025,Collectivité Territoriale,Commune,['Haute-Marne'],['Grand Est'],COM,{52},{44}
f5df1c5b-0290-4b82-a29a-861498600626,215500851,Commune de Broussey-Raulecourt (55),false,{55085},Commune,2026-03-24 14:42:02.957225+01,gold_establishments_2025,,,,21550085100013,2025,Collectivité Territoriale,Commune,['Meuse'],['Grand Est'],COM,{55},{44}
895af7ea-9aa1-41bc-8351-28138f77cbec,215500844,Commune de Broussey-en-Blois (55),false,{55084},Commune,2026-03-24 14:42:02.957225+01,gold_establishments_2025,,,,21550084400018,2025,Collectivité Territoriale,Commune,['Meuse'],['Grand Est'],COM,{55},{44}
217bddee-11c1-4647-9188-7ba595bcc333,215100843,Commune de Broussy-le-Grand (51),false,{51090},Commune,2026-03-24 14:42:01.412377+01,gold_establishments_2025,,,,21510084300014,2025,Collectivité Territoriale,Commune,['Marne'],['Grand Est'],COM,{51},{44}
bb8f0b09-b3e9-4726-a20e-d7c0d340c286,215100850,Commune de Broussy-le-Petit (51),false,{51091},Commune,2026-03-24 14:42:01.412377+01,gold_establishments_2025,,,,21510085000019,2025,Collectivité Territoriale,Commune,['Marne'],['Grand Est'],COM,{51},{44}
1f61a1b8-91ac-4d39-a866-d550ef83f2d0,218800761,Commune de Brouvelieures (88),false,{88076},Commune,2026-03-24 14:42:11.118516+01,gold_establishments_2025,,,,21880076100015,2025,Collectivité Territoriale,Commune,['Vosges'],['Grand Est'],COM,{88},{44}
af8cb8cc-b87a-4c90-99ab-9adcca1fde4e,215401019,Commune de Brouville (54),false,{54101},Commune,2026-03-24 14:42:02.957225+01,gold_establishments_2025,,,,21540101900017,2025,Collectivité Territoriale,Commune,['Meurthe-et-Moselle'],['Grand Est'],COM,{54},{44}
17afaa05-949c-47ad-a9c2-8ced33ee0798,215701145,Commune de Brouviller (57),false,{57114},Commune,2026-03-24 14:42:03.701372+01,gold_establishments_2025,,,,21570114500017,2025,Collectivité Territoriale,Commune,['Moselle'],['Grand Est'],COM,{57},{44}
2c98a0f8-d7dc-490b-b561-a73420f08836,219101128,Commune de Brouy (91),false,{91112},Commune,2026-03-24 14:42:11.659493+01,gold_establishments_2025,,,,21910112800011,2025,Collectivité Territoriale,Commune,['Essonne'],['Île-de-France'],COM,{91},{11}
b1803140-4945-425c-b738-dd7eef55bd53,213000557,Commune de Brouzet-lès-Alès (30),false,{30055},Commune,2026-03-24 14:41:57.56054+01,gold_establishments_2025,,,,21300055700016,2025,Collectivité Territoriale,Commune,['Gard'],['Occitanie'],COM,{30},{76}
cd9f4183-74c1-4681-b2a1-941599943095,213000540,Commune de Brouzet-lès-Quissac (30),false,{30054},Commune,2026-03-24 14:41:57.56054+01,gold_establishments_2025,,,,21300054000012,2025,Collectivité Territoriale,Commune,['Gard'],['Occitanie'],COM,{30},{76}
6e7df9e6-a6d0-4e73-87a1-a410af39e5a7,212800627,Commune de Broué (28),false,{28062},Commune,2026-03-24 14:41:57.028721+01,gold_establishments_2025,,,,21280062700011,2025,Collectivité Territoriale,Commune,['Eure-et-Loir'],['Centre-Val de Loire'],COM,{28},{24}
40a64cf2-ee93-41a2-8352-97a1dbad8463,215901117,Commune de Broxeele (59),false,{59111},Commune,2026-03-24 14:42:04.280096+01,gold_establishments_2025,,,,21590111700014,2025,Collectivité Territoriale,Commune,['Nord'],['Hauts-de-France'],COM,{59},{32}
e166ec13-3496-47c9-a143-89b9439f05f7,217100635,Commune de Broye (71),false,{71063},Commune,2026-03-24 14:42:07.735343+01,gold_establishments_2025,,,,21710063500010,2025,Collectivité Territoriale,Commune,['Saône-et-Loire'],['Bourgogne-Franche-Comté'],COM,{71},{27}
cd02f29c-be42-4885-9962-2d3e6361d4c9,217001015,Commune de Broye-Aubigney-Montseugny (70),false,{70101},Commune,2026-03-24 14:42:07.735343+01,gold_establishments_2025,,,,21700101500015,2025,Collectivité Territoriale,Commune,['Haute-Saône'],['Bourgogne-Franche-Comté'],COM,{70},{27}
fd3263f9-e2f2-4a20-bbdf-1770af01f474,217001007,Commune de Broye-les-Loups-et-Verfontaine (70),false,{70100},Commune,2026-03-24 14:42:07.735343+01,gold_establishments_2025,,,,21700100700012,2025,Collectivité Territoriale,Commune,['Haute-Saône'],['Bourgogne-Franche-Comté'],COM,{70},{27}
8ce62197-235d-4554-b513-ff44cb74e274,215100868,Commune de Broyes (51),false,{51092},Commune,2026-03-24 14:42:01.412377+01,gold_establishments_2025,,,,21510086800011,2025,Collectivité Territoriale,Commune,['Marne'],['Grand Est'],COM,{51},{44}
96a7a6c2-88a5-41be-b340-2bf09619bfe9,216001115,Commune de Broyes (60),false,{60111},Commune,2026-03-24 14:42:04.814328+01,gold_establishments_2025,,,,21600111500015,2025,Collectivité Territoriale,Commune,['Oise'],['Hauts-de-France'],COM,{60},{32}
8dc16b60-e533-4d4c-b6b7-964a71a28226,218100410,Commune de Broze (81),false,{81041},Commune,2026-03-24 14:42:09.967209+01,gold_establishments_2025,,,,21810041000016,2025,Collectivité Territoriale,Commune,['Tarn'],['Occitanie'],COM,{81},{76}
1f1a5fef-8e24-46a7-b5e9-10381f6f5061,210300430,Commune de Broût-Vernet (03),false,{03043},Commune,2026-03-24 14:41:52.020251+01,gold_establishments_2025,,,,21030043000019,2025,Collectivité Territoriale,Commune,['Allier'],['Auvergne-Rhône-Alpes'],COM,{03},{84}
a7fb56c9-deb5-473e-a6fd-1332a9661fe9,217100643,Commune de Bruailles (71),false,{71064},Commune,2026-03-24 14:42:07.735343+01,gold_establishments_2025,,,,21710064300014,2025,Collectivité Territoriale,Commune,['Saône-et-Loire'],['Bourgogne-Franche-Comté'],COM,{71},{27}
4e06350d-89df-4152-a019-99ec746cfd99,216201780,Commune de Bruay-la-Buissière (62),false,{62178},Commune,2026-03-24 14:42:05.597325+01,gold_establishments_2025,,,,21620178000014,2025,Collectivité Territoriale,Commune,['Pas-de-Calais'],['Hauts-de-France'],COM,{62},{32}
f458c464-0521-4176-ad3c-79c6df145a87,215901125,Commune de Bruay-sur-l'Escaut (59),false,{59112},Commune,2026-03-24 14:42:04.280096+01,gold_establishments_2025,,,,21590112500017,2025,Collectivité Territoriale,Commune,['Nord'],['Hauts-de-France'],COM,{59},{32}
05e667ff-b432-434e-954a-7fd4c6946c85,213500457,Commune de Bruc-sur-Aff (35),false,{35045},Commune,2026-03-24 14:41:58.620411+01,gold_establishments_2025,,,,21350045700014,2025,Collectivité Territoriale,Commune,['Ille-et-Vilaine'],['Bretagne'],COM,{35},{53}
f979ae39-4eb9-4682-8f20-5090a9d1d245,218001386,Commune de Brucamps (80),false,{80145},Commune,2026-03-24 14:42:09.967209+01,gold_establishments_2025,,,,21800138600018,2025,Collectivité Territoriale,Commune,['Somme'],['Hauts-de-France'],COM,{80},{32}
36321ae9-201a-4edc-88df-e050e0c093b3,214700411,Commune de Bruch (47),false,{47041},Commune,2026-03-24 14:42:00.862623+01,gold_establishments_2025,,,,21470041100017,2025,Collectivité Territoriale,Commune,['Lot-et-Garonne'],['Nouvelle-Aquitaine'],COM,{47},{75}
1c5b5358-0950-48af-8788-55cbf9852f01,211401104,Commune de Brucourt (14),false,{14110},Commune,2026-03-24 14:41:53.63825+01,gold_establishments_2025,,,,21140110400016,2025,Collectivité Territoriale,Commune,['Calvados'],['Normandie'],COM,{14},{28}
3b75f6d5-32fc-4f63-a4e3-c658f55d7b6f,218300259,Commune de Brue-Auriac (83),false,{83025},Commune,2026-03-24 14:42:10.508772+01,gold_establishments_2025,,,,21830025900015,2025,Collectivité Territoriale,Commune,['Var'],"[""Provence-Alpes-Côte d'Azur""]",COM,{83},{93}
7ece3477-bd2d-4863-80d0-26ff3415669c,216800557,Commune de Bruebach (68),false,{68055},Commune,2026-03-24 14:42:07.195692+01,gold_establishments_2025,,,,21680055700011,2025,Collectivité Territoriale,Commune,['Haut-Rhin'],['Grand Est'],COM,{68},{44}
f98db570-964a-4cb9-b55a-beafe9ab000c,217801133,Commune de Brueil-en-Vexin (78),false,{78113},Commune,2026-03-24 14:42:09.43682+01,gold_establishments_2025,,,,21780113300018,2025,Collectivité Territoriale,Commune,['Yvelines'],['Île-de-France'],COM,{78},{11}
0a03140b-1d15-4bb0-9208-2b13309a75bb,211100532,Commune de Brugairolles (11),false,{11053},Commune,2026-03-24 14:41:53.63825+01,gold_establishments_2025,,,,21110053200012,2025,Collectivité Territoriale,Commune,['Aude'],['Occitanie'],COM,{11},{76}
a53b220b-b7e2-423b-b539-8c991dd463f9,213300759,Commune de Bruges (33),false,{33075},Commune,2026-03-24 14:41:58.09424+01,gold_establishments_2025,,,,21330075900015,2025,Collectivité Territoriale,Commune,['Gironde'],['Nouvelle-Aquitaine'],COM,{33},{75}
595ce86e-681c-4fb3-a63e-0d5926fe722e,216401489,Commune de Bruges-Capbis-Mifaget (64),false,{64148},Commune,2026-03-24 14:42:06.130387+01,gold_establishments_2025,,,,21640148900010,2025,Collectivité Territoriale,Commune,['Pyrénées-Atlantiques'],['Nouvelle-Aquitaine'],COM,{64},{75}
8c1569ab-44e1-4077-b6de-842e71a0b397,210300448,Commune de Brugheas (03),false,{03044},Commune,2026-03-24 14:41:52.020251+01,gold_establishments_2025,,,,21030044800011,2025,Collectivité Territoriale,Commune,['Allier'],['Auvergne-Rhône-Alpes'],COM,{03},{84}
6f8948f6-3d14-494e-a349-5d450fc5b317,214700429,Commune de Brugnac (47),false,{47042},Commune,2026-03-24 14:42:00.862623+01,gold_establishments_2025,,,,21470042900019,2025,Collectivité Territoriale,Commune,['Lot-et-Garonne'],['Nouvelle-Aquitaine'],COM,{47},{75}
ae38eb9c-8e12-41fc-8f83-d22a3823098c,213200660,Commune de Brugnens (32),false,{32066},Commune,2026-03-24 14:41:58.09424+01,gold_establishments_2025,,,,21320066000016,2025,Collectivité Territoriale,Commune,['Gers'],['Occitanie'],COM,{32},{76}
ec3817d7-7eae-45c5-a0cf-e70b74da14aa,215100876,Commune de Brugny-Vaudancourt (51),false,{51093},Commune,2026-03-24 14:42:01.412377+01,gold_establishments_2025,,,,21510087600014,2025,Collectivité Territoriale,Commune,['Marne'],['Grand Est'],COM,{51},{44}
36f334e2-db73-4503-8b4b-1752394d0322,213100910,Commune de Bruguières (31),false,{31091},Commune,2026-03-24 14:41:57.56054+01,gold_establishments_2025,,,,21310091000016,2025,Collectivité Territoriale,Commune,['Haute-Garonne'],['Occitanie'],COM,{31},{76}
8bb4646d-d7a0-4258-88b5-d79ee17ff3f8,215901141,Commune de Bruille-Saint-Amand (59),false,{59114},Commune,2026-03-24 14:42:04.280096+01,gold_establishments_2025,,,,21590114100014,2025,Collectivité Territoriale,Commune,['Nord'],['Hauts-de-France'],COM,{59},{32}
331ba43d-7dc6-474c-8e18-5720bbca75fa,215901133,Commune de Bruille-lez-Marchiennes (59),false,{59113},Commune,2026-03-24 14:42:04.280096+01,gold_establishments_2025,,,,21590113300011,2025,Collectivité Territoriale,Commune,['Nord'],['Hauts-de-France'],COM,{59},{32}
201dda57-c4e1-4bfa-b8e9-a0a0e843befc,215701152,Commune de Brulange (57),false,{57115},Commune,2026-03-24 14:42:03.701372+01,gold_establishments_2025,,,,21570115200013,2025,Collectivité Territoriale,Commune,['Moselle'],['Grand Est'],COM,{57},{44}
1e50bf74-b983-4629-b56b-e680a5572d26,215401027,Commune de Bruley (54),false,{54102},Commune,2026-03-24 14:42:02.957225+01,gold_establishments_2025,,,,21540102700010,2025,Collectivité Territoriale,Commune,['Meurthe-et-Moselle'],['Grand Est'],COM,{54},{44}
4dd0551b-786c-4526-ab33-caef6137a152,216100644,Commune de Brullemail (61),false,{61064},Commune,2026-03-24 14:42:04.814328+01,gold_establishments_2025,,,,21610064400014,2025,Collectivité Territoriale,Commune,['Orne'],['Normandie'],COM,{61},{28}
a38c22f2-4abd-4359-b8f0-597813c7d611,216900308,Commune de Brullioles (69),false,{69030},Commune,2026-03-24 14:42:07.195692+01,gold_establishments_2025,,,,21690030800018,2025,Collectivité Territoriale,Commune,['Rhône'],['Auvergne-Rhône-Alpes'],COM,{69},{84}
8c7ab647-b486-43aa-b2d8-6e4a1a3b8b90,216700674,Commune de Brumath (67),false,{67067},Commune,2026-03-24 14:42:06.665412+01,gold_establishments_2025,,,,21670067400015,2025,Collectivité Territoriale,Commune,['Bas-Rhin'],['Grand Est'],COM,{67},{44}
7cc427fc-cc32-4e3f-8f69-ff54a5cef5a8,210208153,Commune de Brumetz (02),false,{02125},Commune,2026-03-24 14:41:51.447482+01,gold_establishments_2025,,,,21020815300010,2025,Collectivité Territoriale,Commune,['Aisne'],['Hauts-de-France'],COM,{02},{32}
c2fba961-d6c5-4990-8c2d-3dd8ee92d8ee,210201141,Commune de Brunehamel (02),false,{02126},Commune,2026-03-24 14:41:51.447482+01,gold_establishments_2025,,,,21020114100012,2025,Collectivité Territoriale,Commune,['Aisne'],['Hauts-de-France'],COM,{02},{32}
c0d70ee2-e96b-4e68-98da-4d22f1df4452,216201798,Commune de Brunembert (62),false,{62179},Commune,2026-03-24 14:42:05.597325+01,gold_establishments_2025,,,,21620179800016,2025,Collectivité Territoriale,Commune,['Pas-de-Calais'],['Hauts-de-France'],COM,{62},{32}
1d1a30b3-fa79-4288-90db-39029bc300c6,210400354,Commune de Brunet (04),false,{04035},Commune,2026-03-24 14:41:52.020251+01,gold_establishments_2025,,,,21040035400010,2025,Collectivité Territoriale,Commune,['Alpes-de-Haute-Provence'],"[""Provence-Alpes-Côte d'Azur""]",COM,{04},{93}
9b6c8eed-1b9b-422d-83a6-bf0483e5fb5c,218200269,Commune de Bruniquel (82),false,{82026},Commune,2026-03-24 14:42:10.508772+01,gold_establishments_2025,,,,21820026900015,2025,Collectivité Territoriale,Commune,['Tarn-et-Garonne'],['Occitanie'],COM,{82},{76}
bbe5aac6-b2a3-4afe-9a48-cca877100ccf,219101144,Commune de Brunoy (91),false,{91114},Commune,2026-03-24 14:42:11.659493+01,gold_establishments_2025,,,,21910114400018,2025,Collectivité Territoriale,Commune,['Essonne'],['Île-de-France'],COM,{91},{11}
b1d12332-c876-4581-86f2-ff3df94be32f,200057909,Commune de Brunstatt-Didenheim (68),false,{68056},Commune,2026-03-24 14:42:07.195692+01,gold_establishments_2025,,,,20005790900018,2025,Collectivité Territoriale,Commune,['Haut-Rhin'],['Grand Est'],COM,{68},{44}
40eafa5c-74b0-4b17-a1fc-5b8896267496,216001123,Commune de Brunvillers-la-Motte (60),false,{60112},Commune,2026-03-24 14:42:04.814328+01,gold_establishments_2025,,,,21600112300019,2025,Collectivité Territoriale,Commune,['Oise'],['Hauts-de-France'],COM,{60},{32}
e1963480-5789-49ed-a7a4-9cf9fcac1841,215901158,Commune de Brunémont (59),false,{59115},Commune,2026-03-24 14:42:04.280096+01,gold_establishments_2025,,,,21590115800018,2025,Collectivité Territoriale,Commune,['Nord'],['Hauts-de-France'],COM,{59},{32}
7eb7c3e5-2357-46b5-81e5-9c9720e1ccf6,211200399,Commune de Brusque (12),false,{12039},Commune,2026-03-24 14:41:53.63825+01,gold_establishments_2025,,,,21120039900015,2025,Collectivité Territoriale,Commune,['Aveyron'],['Occitanie'],COM,{12},{76}
b683e3bf-20b1-466b-be74-da1c6a26ff2f,217001023,Commune de Brussey (70),false,{70102},Commune,2026-03-24 14:42:07.735343+01,gold_establishments_2025,,,,21700102300019,2025,Collectivité Territoriale,Commune,['Haute-Saône'],['Bourgogne-Franche-Comté'],COM,{70},{27}
16e9cbef-58cf-40e1-8fc0-66552b9e8fac,216900316,Commune de Brussieu (69),false,{69031},Commune,2026-03-24 14:42:07.195692+01,gold_establishments_2025,,,,21690031600011,2025,Collectivité Territoriale,Commune,['Rhône'],['Auvergne-Rhône-Alpes'],COM,{69},{84}
20fd728b-13cd-4ff5-b728-7b839865beb8,215100884,Commune de Brusson (51),false,{51094},Commune,2026-03-24 14:42:01.412377+01,gold_establishments_2025,,,,21510088400018,2025,Collectivité Territoriale,Commune,['Marne'],['Grand Est'],COM,{51},{44}
d4d84db6-d7dc-43a0-996a-73f4954df246,212200216,Commune de Brusvily (22),false,{22021},Commune,2026-03-24 14:41:55.433389+01,gold_establishments_2025,,,,21220021600019,2025,Collectivité Territoriale,Commune,"[""Côtes-d'Armor""]",['Bretagne'],COM,{22},{53}
53dfd110-8e55-4d0c-ba84-90e6a59531b4,218001394,Commune de Brutelles (80),false,{80146},Commune,2026-03-24 14:42:09.967209+01,gold_establishments_2025,,,,21800139400012,2025,Collectivité Territoriale,Commune,['Somme'],['Hauts-de-France'],COM,{80},{32}
2906be22-740e-4c70-9bc4-4ad4932f2546,215401035,Commune de Bruville (54),false,{54103},Commune,2026-03-24 14:42:02.957225+01,gold_establishments_2025,,,,21540103500013,2025,Collectivité Territoriale,Commune,['Meurthe-et-Moselle'],['Grand Est'],COM,{54},{44}
5813eacc-61cb-4cab-b19a-0bd7af987e41,218600393,Commune de Brux (86),false,{86039},Commune,2026-03-24 14:42:10.508772+01,gold_establishments_2025,,,,21860039300019,2025,Collectivité Territoriale,Commune,['Vienne'],['Nouvelle-Aquitaine'],COM,{86},{75}
be24b19b-8ab7-4084-9fdd-6fdb4525f897,210201174,Commune de Bruys (02),false,{02129},Commune,2026-03-24 14:41:51.447482+01,gold_establishments_2025,,,,21020117400013,2025,Collectivité Territoriale,Commune,['Aisne'],['Hauts-de-France'],COM,{02},{32}
10567176-39c1-4bba-a787-2df68d786407,218800787,Commune de Bruyères (88),false,{88078},Commune,2026-03-24 14:42:11.118516+01,gold_establishments_2025,,,,21880078700010,2025,Collectivité Territoriale,Commune,['Vosges'],['Grand Est'],COM,{88},{44}
b896c013-8218-44cc-bb7e-ea5fdf5aaf97,210201166,Commune de Bruyères-et-Montbérault (02),false,{02128},Commune,2026-03-24 14:41:51.447482+01,gold_establishments_2025,,,,21020116600019,2025,Collectivité Territoriale,Commune,['Aisne'],['Hauts-de-France'],COM,{02},{32}
d989f16f-1251-4018-b64a-ecd1b957bee3,219101151,Commune de Bruyères-le-Châtel (91),false,{91115},Commune,2026-03-24 14:42:11.659493+01,gold_establishments_2025,,,,21910115100013,2025,Collectivité Territoriale,Commune,['Essonne'],['Île-de-France'],COM,{91},{11}
d9eae010-2f7d-44d6-aff9-92af51d1810c,210201158,Commune de Bruyères-sur-Fère (02),false,{02127},Commune,2026-03-24 14:41:51.447482+01,gold_establishments_2025,,,,21020115800016,2025,Collectivité Territoriale,Commune,['Aisne'],['Hauts-de-France'],COM,{02},{32}
9d7813de-c236-4199-aedb-f2006801af04,219501160,Commune de Bruyères-sur-Oise (95),false,{95116},Commune,2026-03-24 14:42:11.659493+01,gold_establishments_2025,,,,21950116000010,2025,Collectivité Territoriale,Commune,"[""Val-d'Oise""]",['Île-de-France'],COM,{95},{11}
7a3d7156-bfb7-42ea-98a0-9dc1a48697cd,213500473,Commune de Bruz (35),false,{35047},Commune,2026-03-24 14:41:58.620411+01,gold_establishments_2025,,,,21350047300011,2025,Collectivité Territoriale,Commune,['Ille-et-Vilaine'],['Bretagne'],COM,{35},{53}
7b27c08f-5a64-4a57-9a8c-8f786c5594bf,211800388,Commune de Bruère-Allichamps (18),false,{18038},Commune,2026-03-24 14:41:54.903238+01,gold_establishments_2025,,,,21180038800012,2025,Collectivité Territoriale,Commune,['Cher'],['Centre-Val de Loire'],COM,{18},{24}
cce7b8fa-06ff-45db-8edf-d04dd5284c64,215901166,Commune de Bry (59),false,{59116},Commune,2026-03-24 14:42:04.280096+01,gold_establishments_2025,,,,21590116600011,2025,Collectivité Territoriale,Commune,['Nord'],['Hauts-de-France'],COM,{59},{32}
914fb62d-3156-4300-bc02-f23cceda6470,219400157,Commune de Bry-sur-Marne (94),false,{94015},Commune,2026-03-24 14:42:11.659493+01,gold_establishments_2025,,,,21940015700018,2025,Collectivité Territoriale,Commune,['Val-de-Marne'],['Île-de-France'],COM,{94},{11}
0ede72c7-27e7-489d-8b26-d7bebd89f09f,213700370,Commune de Brèches (37),false,{37037},Commune,2026-03-24 14:41:59.160244+01,gold_establishments_2025,,,,21370037000017,2025,Collectivité Territoriale,Commune,['Indre-et-Loire'],['Centre-Val de Loire'],COM,{37},{24}
39af8223-594e-45c4-86b9-455ed50b0927,212500904,Commune de Brères (25),false,{25090},Commune,2026-03-24 14:41:55.958138+01,gold_establishments_2025,,,,21250090400017,2025,Collectivité Territoriale,Commune,['Doubs'],['Bourgogne-Franche-Comté'],COM,{25},{27}
d5aacaef-6328-4843-874f-27b6073af4ab,215800392,Commune de Brèves (58),false,{58039},Commune,2026-03-24 14:42:04.280096+01,gold_establishments_2025,,,,21580039200015,2025,Collectivité Territoriale,Commune,['Nièvre'],['Bourgogne-Franche-Comté'],COM,{58},{27}
601c9e09-7a02-4572-87f0-f3f884a5306e,213500374,Commune de Bréal-sous-Montfort (35),false,{35037},Commune,2026-03-24 14:41:58.620411+01,gold_establishments_2025,,,,21350037400011,2025,Collectivité Territoriale,Commune,['Ille-et-Vilaine'],['Bretagne'],COM,{35},{53}
1f4a868a-2fd4-4c0a-94bd-3fcf43f810e9,213500382,Commune de Bréal-sous-Vitré (35),false,{35038},Commune,2026-03-24 14:41:58.620411+01,gold_establishments_2025,,,,21350038200014,2025,Collectivité Territoriale,Commune,['Ille-et-Vilaine'],['Bretagne'],COM,{35},{53}
a9709070-f5a9-4545-9a50-0644fcc81563,219501020,Commune de Bréançon (95),false,{95102},Commune,2026-03-24 14:42:11.659493+01,gold_establishments_2025,,,,21950102000016,2025,Collectivité Territoriale,Commune,"[""Val-d'Oise""]",['Île-de-France'],COM,{95},{11}
dafa200f-6a9c-468a-ab67-03d1349a956e,217700525,Commune de Bréau (77),false,{77052},Commune,2026-03-24 14:42:08.818969+01,gold_establishments_2025,,,,21770052500017,2025,Collectivité Territoriale,Commune,['Seine-et-Marne'],['Île-de-France'],COM,{77},{11}
d65d7a45-a6ef-4fbd-ad21-3e069951c091,200082428,Commune de Bréau-Mars (30),false,{30052},Commune,2026-03-24 14:41:57.56054+01,gold_establishments_2025,,,,20008242800018,2025,Collectivité Territoriale,Commune,['Gard'],['Occitanie'],COM,{30},{76}
a64fa007-79a0-4b2c-abd3-b321c37d02be,217601418,Commune de Bréauté (76),false,{76141},Commune,2026-03-24 14:42:08.818969+01,gold_establishments_2025,,,,21760141800031,2025,Collectivité Territoriale,Commune,['Seine-Maritime'],['Normandie'],COM,{76},{28}
13757318-f56a-44a7-bcfa-8b483b220695,215100785,Commune de Bréban (51),false,{51084},Commune,2026-03-24 14:42:01.412377+01,gold_establishments_2025,,,,21510078500017,2025,Collectivité Territoriale,Commune,['Marne'],['Grand Est'],COM,{51},{44}
cee42008-c1b2-439a-841b-fa505a969249,215000746,Commune de Brécey (50),false,{50074},Commune,2026-03-24 14:42:01.412377+01,gold_establishments_2025,,,,21500074600010,2025,Collectivité Territoriale,Commune,['Manche'],['Normandie'],COM,{50},{28}
85be68d4-0245-4ec2-9d03-e30a580128a6,212800585,Commune de Bréchamps (28),false,{28058},Commune,2026-03-24 14:41:57.028721+01,gold_establishments_2025,,,,21280058500011,2025,Collectivité Territoriale,Commune,['Eure-et-Loir'],['Centre-Val de Loire'],COM,{28},{24}
864d479b-f84b-4ddb-9d57-c9ca09672594,216800508,Commune de Bréchaumont (68),false,{68050},Commune,2026-03-24 14:42:07.195692+01,gold_establishments_2025,,,,21680050800014,2025,Collectivité Territoriale,Commune,['Haut-Rhin'],['Grand Est'],COM,{68},{44}
6e5d7997-42ef-4795-af8c-21bf00331763,210208096,Commune de Brécy (02),false,{02119},Commune,2026-03-24 14:41:51.447482+01,gold_establishments_2025,,,,21020809600011,2025,Collectivité Territoriale,Commune,['Aisne'],['Hauts-de-France'],COM,{02},{32}
2925ec27-dfff-4982-a9df-552177a33557,211800354,Commune de Brécy (18),false,{18035},Commune,2026-03-24 14:41:54.903238+01,gold_establishments_2025,,,,21180035400014,2025,Collectivité Territoriale,Commune,['Cher'],['Centre-Val de Loire'],COM,{18},{24}
f0029534-6671-41cb-9ead-af513840ec5d,210800751,Commune de Brécy-Brières (08),false,{08082},Commune,2026-03-24 14:41:52.562531+01,gold_establishments_2025,,,,21080075100013,2025,Collectivité Territoriale,Commune,['Ardennes'],['Grand Est'],COM,{08},{44}
2c3e6d82-37e6-4cd1-99a8-114077303bcb,213500390,Commune de Brécé (35),false,{35039},Commune,2026-03-24 14:41:58.620411+01,gold_establishments_2025,,,,21350039000017,2025,Collectivité Territoriale,Commune,['Ille-et-Vilaine'],['Bretagne'],COM,{35},{53}
18e4be96-7889-4554-a84d-002d67a3c0a9,215300435,Commune de Brée (53),false,{53043},Commune,2026-03-24 14:42:01.954481+01,gold_establishments_2025,,,,21530043500017,2025,Collectivité Territoriale,Commune,['Mayenne'],['Pays de la Loire'],COM,{53},{52}
f5a57b27-8747-4af2-a2d5-6b411a7549b2,210100582,Commune de Brégnier-Cordon (01),false,{01058},Commune,2026-03-24 14:41:51.447482+01,gold_establishments_2025,,,,21010058200019,2025,Collectivité Territoriale,Commune,['Ain'],['Auvergne-Rhône-Alpes'],COM,{01},{84}
708e5522-69a9-4a6a-9428-ca43e75a4ee6,216001016,Commune de Brégy (60),false,{60101},Commune,2026-03-24 14:42:04.814328+01,gold_establishments_2025,,,,21600101600015,2025,Collectivité Territoriale,Commune,['Oise'],['Hauts-de-France'],COM,{60},{32}
25d800de-0bc1-47df-8123-94c1aeeda93e,215701079,Commune de Bréhain (57),false,{57107},Commune,2026-03-24 14:42:03.701372+01,gold_establishments_2025,,,,21570107900018,2025,Collectivité Territoriale,Commune,['Moselle'],['Grand Est'],COM,{57},{44}
282c386b-dba1-4ef6-a124-9cb6c405afcf,215400961,Commune de Bréhain-la-Ville (54),false,{54096},Commune,2026-03-24 14:42:02.957225+01,gold_establishments_2025,,,,21540096100011,2025,Collectivité Territoriale,Commune,['Meurthe-et-Moselle'],['Grand Est'],COM,{54},{44}
8709c0a0-8725-4327-854e-af24368fcdb3,215000761,Commune de Bréhal (50),false,{50076},Commune,2026-03-24 14:42:01.412377+01,gold_establishments_2025,,,,21500076100019,2025,Collectivité Territoriale,Commune,['Manche'],['Normandie'],COM,{50},{28}
d06ffdce-d2ac-4e36-8323-f04c9e04611a,215600248,Commune de Bréhan (56),false,{56024},Commune,2026-03-24 14:42:03.701372+01,gold_establishments_2025,,,,21560024800011,2025,Collectivité Territoriale,Commune,['Morbihan'],['Bretagne'],COM,{56},{53}
82058adb-9620-4f71-829a-5e9c38f8f04e,212200158,Commune de Bréhand (22),false,{22015},Commune,2026-03-24 14:41:55.433389+01,gold_establishments_2025,,,,21220015800013,2025,Collectivité Territoriale,Commune,"[""Côtes-d'Armor""]",['Bretagne'],COM,{22},{53}
66144dd8-93ea-41f6-a213-cf91371d8462,213700388,Commune de Bréhémont (37),false,{37038},Commune,2026-03-24 14:41:59.160244+01,gold_establishments_2025,,,,21370038800019,2025,Collectivité Territoriale,Commune,['Indre-et-Loire'],['Centre-Val de Loire'],COM,{37},{24}
f61331e8-8a0c-45b7-b1db-18db9da3a8e7,215500760,Commune de Bréhéville (55),false,{55076},Commune,2026-03-24 14:42:02.957225+01,gold_establishments_2025,,,,21550076000016,2025,Collectivité Territoriale,Commune,['Meuse'],['Grand Est'],COM,{55},{44}
033bd22d-c035-4fdf-9f42-510ce0142db9,212200182,Commune de Brélidy (22),false,{22018},Commune,2026-03-24 14:41:55.433389+01,gold_establishments_2025,,,,21220018200013,2025,Collectivité Territoriale,Commune,"[""Côtes-d'Armor""]",['Bretagne'],COM,{22},{53}
2f0ef181-36c1-48b7-a204-0ec18188a75e,212900179,Commune de Brélès (29),false,{29017},Commune,2026-03-24 14:41:57.028721+01,gold_establishments_2025,,,,21290017900046,2025,Collectivité Territoriale,Commune,['Finistère'],['Bretagne'],COM,{29},{53}
1e1611b4-1515-4e46-8252-d542d7d0ddd5,215400987,Commune de Brémoncourt (54),false,{54098},Commune,2026-03-24 14:42:02.957225+01,gold_establishments_2025,,,,21540098700016,2025,Collectivité Territoriale,Commune,['Meurthe-et-Moselle'],['Grand Est'],COM,{54},{44}
9b679852-97f6-45cc-9ec6-b5c983dfef47,217601426,Commune de Brémontier-Merval (76),false,{76142},Commune,2026-03-24 14:42:08.818969+01,gold_establishments_2025,,,,21760142600018,2025,Collectivité Territoriale,Commune,['Seine-Maritime'],['Normandie'],COM,{76},{28}
f2140136-d150-4634-bdf5-90906672a709,211400965,Commune de Brémoy (14),false,{14096},Commune,2026-03-24 14:41:53.63825+01,gold_establishments_2025,,,,21140096500011,2025,Collectivité Territoriale,Commune,['Calvados'],['Normandie'],COM,{14},{28}
3bd62f17-8a58-4123-9f55-e79c271249db,212101042,Commune de Brémur-et-Vaurois (21),false,{21104},Commune,2026-03-24 14:41:55.433389+01,gold_establishments_2025,,,,21210104200019,2025,Collectivité Territoriale,Commune,"[""Côte-d'Or""]",['Bourgogne-Franche-Comté'],COM,{21},{27}
6e86e895-66c1-45da-a8b3-13890d3e6b24,215400979,Commune de Bréménil (54),false,{54097},Commune,2026-03-24 14:42:02.957225+01,gold_establishments_2025,,,,21540097900013,2025,Collectivité Territoriale,Commune,['Meurthe-et-Moselle'],['Grand Est'],COM,{54},{44}
13ab8b1c-120b-4fa7-a8d9-14d065628180,210100608,Commune de Brénod (01),false,{01060},Commune,2026-03-24 14:41:51.447482+01,gold_establishments_2025,,,,21010060800012,2025,Collectivité Territoriale,Commune,['Ain'],['Auvergne-Rhône-Alpes'],COM,{01},{84}
e44419e4-5ad5-4a2d-b2a8-6847b9c0cb10,212701130,Commune de Brétigny (27),false,{27113},Commune,2026-03-24 14:41:56.495197+01,gold_establishments_2025,,,,21270113000016,2025,Collectivité Territoriale,Commune,['Eure'],['Normandie'],COM,{27},{28}
9283fda6-9e81-47cd-8647-f465531d47bd,216001057,Commune de Brétigny (60),false,{60105},Commune,2026-03-24 14:42:04.814328+01,gold_establishments_2025,,,,21600105700019,2025,Collectivité Territoriale,Commune,['Oise'],['Hauts-de-France'],COM,{60},{32}
e55c3aa2-3336-4ef0-9cb8-337b56d753bb,219101037,Commune de Brétigny-sur-Orge (91),false,{91103},Commune,2026-03-24 14:42:11.659493+01,gold_establishments_2025,,,,21910103700014,2025,Collectivité Territoriale,Commune,['Essonne'],['Île-de-France'],COM,{91},{11}
3b9ad086-8548-4d86-8db7-4a336fb1fefa,214100265,Commune de Brévainville (41),false,{41026},Commune,2026-03-24 14:41:59.705606+01,gold_establishments_2025,,,,21410026500013,2025,Collectivité Territoriale,Commune,['Loir-et-Cher'],['Centre-Val de Loire'],COM,{41},{24}
c2f4b538-f4c3-48a8-9d49-b200f05c2efa,217801075,Commune de Bréval (78),false,{78107},Commune,2026-03-24 14:42:09.43682+01,gold_establishments_2025,,,,21780107500011,2025,Collectivité Territoriale,Commune,['Yvelines'],['Île-de-France'],COM,{78},{11}
266ad7be-89ab-45da-ba0f-71868e48e73e,211000559,Commune de Bréviandes (10),false,{10060},Commune,2026-03-24 14:41:53.095366+01,gold_establishments_2025,,,,21100055900016,2025,Collectivité Territoriale,Commune,['Aube'],['Grand Est'],COM,{10},{44}
f5885521-e853-45e7-9cc5-aaf8823a426a,211600606,Commune de Bréville (16),false,{16060},Commune,2026-03-24 14:41:54.362296+01,gold_establishments_2025,,,,21160060600019,2025,Collectivité Territoriale,Commune,['Charente'],['Nouvelle-Aquitaine'],COM,{16},{75}
87893504-cb1a-40cd-ac88-8b2f920df58f,211401062,Commune de Bréville-les-Monts (14),false,{14106},Commune,2026-03-24 14:41:53.63825+01,gold_establishments_2025,,,,21140106200016,2025,Collectivité Territoriale,Commune,['Calvados'],['Normandie'],COM,{14},{28}
df78fa77-3636-4b63-91b7-ca2413214124,215000811,Commune de Bréville-sur-Mer (50),false,{50081},Commune,2026-03-24 14:42:01.412377+01,gold_establishments_2025,,,,21500081100012,2025,Collectivité Territoriale,Commune,['Manche'],['Normandie'],COM,{50},{28}
12fbe2c2-d7db-438d-922b-e4ec82737cc2,216201756,Commune de Brévillers (62),false,{62175},Commune,2026-03-24 14:42:05.597325+01,gold_establishments_2025,,,,21620175600014,2025,Collectivité Territoriale,Commune,['Pas-de-Calais'],['Hauts-de-France'],COM,{62},{32}
961edf68-3ef7-4492-bfb0-9cec625c974c,218001337,Commune de Brévillers (80),false,{80140},Commune,2026-03-24 14:42:09.967209+01,gold_establishments_2025,,,,21800133700011,2025,Collectivité Territoriale,Commune,['Somme'],['Hauts-de-France'],COM,{80},{32}
79f1d40e-3099-4f9c-99b7-69344bcd3876,210800769,Commune de Brévilly (08),false,{08083},Commune,2026-03-24 14:41:52.562531+01,gold_establishments_2025,,,,21080076900015,2025,Collectivité Territoriale,Commune,['Ardennes'],['Grand Est'],COM,{08},{44}
2de5a32f-9828-4d80-865b-0df087b5ec14,211000567,Commune de Brévonnes (10),false,{10061},Commune,2026-03-24 14:41:53.095366+01,gold_establishments_2025,,,,21100056700019,2025,Collectivité Territoriale,Commune,['Aube'],['Grand Est'],COM,{10},{44}
6323ea5f-67f2-4b2b-9648-846ee24b207a,216201764,Commune de Bréxent-Énocq (62),false,{62176},Commune,2026-03-24 14:42:05.597325+01,gold_establishments_2025,,,,21620176400018,2025,Collectivité Territoriale,Commune,['Pas-de-Calais'],['Hauts-de-France'],COM,{62},{32}
30bdb703-4055-4f72-a01b-e11d31cb554f,210500229,Commune de Bréziers (05),false,{05022},Commune,2026-03-24 14:41:52.562531+01,gold_establishments_2025,,,,21050022900013,2025,Collectivité Territoriale,Commune,['Hautes-Alpes'],"[""Provence-Alpes-Côte d'Azur""]",COM,{05},{93}
5bf31bd5-dcba-41d8-b078-d60b38d34e16,211100516,Commune de Brézilhac (11),false,{11051},Commune,2026-03-24 14:41:53.63825+01,gold_establishments_2025,,,,21110051600015,2025,Collectivité Territoriale,Commune,['Aude'],['Occitanie'],COM,{11},{76}
bde14d9f-2781-420e-b475-92e47211f55e,213800584,Commune de Brézins (38),false,{38058},Commune,2026-03-24 14:41:59.160244+01,gold_establishments_2025,,,,21380058400012,2025,Collectivité Territoriale,Commune,['Isère'],['Auvergne-Rhône-Alpes'],COM,{38},{84}
cd4a0ad9-7b91-427e-ad56-9ab9586d5e80,216201749,Commune de Brêmes (62),false,{62174},Commune,2026-03-24 14:42:05.597325+01,gold_establishments_2025,,,,21620174900019,2025,Collectivité Territoriale,Commune,['Pas-de-Calais'],['Hauts-de-France'],COM,{62},{32}
6cd76a9f-8be9-433f-802f-ab96233aa3b1,218800779,Commune de Brû (88),false,{88077},Commune,2026-03-24 14:42:11.118516+01,gold_establishments_2025,,,,21880077900017,2025,Collectivité Territoriale,Commune,['Vosges'],['Grand Est'],COM,{88},{44}
88a17ba9-a30a-4cb1-8f02-9ce4ab8c4481,217900588,Commune de Brûlain (79),false,{79058},Commune,2026-03-24 14:42:09.43682+01,gold_establishments_2025,,,,21790058800013,2025,Collectivité Territoriale,Commune,['Deux-Sèvres'],['Nouvelle-Aquitaine'],COM,{79},{75}
ca6235bc-8244-4bb2-95ea-46d02e51f526,217200500,Commune de Brûlon (72),false,{72050},Commune,2026-03-24 14:42:08.279287+01,gold_establishments_2025,,,,21720050000015,2025,Collectivité Territoriale,Commune,['Sarthe'],['Pays de la Loire'],COM,{72},{52}
1b3480cf-950d-44c4-b177-ec4ef73f107d,200057511,Commune de Buais-Les-Monts (50),false,{50090},Commune,2026-03-24 14:42:01.412377+01,gold_establishments_2025,,,,20005751100012,2025,Collectivité Territoriale,Commune,['Manche'],['Normandie'],COM,{50},{28}
0188c654-71b7-4cc5-983f-e3a8dda8501e,214000572,Commune de Buanes (40),false,{40057},Commune,2026-03-24 14:41:59.705606+01,gold_establishments_2025,,,,21400057200013,2025,Collectivité Territoriale,Commune,['Landes'],['Nouvelle-Aquitaine'],COM,{40},{75}
9180f28f-6c6d-4059-890c-47af79e5a73b,215600263,Commune de Bubry (56),false,{56026},Commune,2026-03-24 14:42:03.701372+01,gold_establishments_2025,,,,21560026300010,2025,Collectivité Territoriale,Commune,['Morbihan'],['Bretagne'],COM,{56},{53}
16fb1738-92a9-4ff1-afda-9c44d0093f17,217801174,Commune de Buc (78),false,{78117},Commune,2026-03-24 14:42:09.43682+01,gold_establishments_2025,,,,21780117400012,2025,Collectivité Territoriale,Commune,['Yvelines'],['Île-de-France'],COM,{78},{11}
c312156e-6ca7-4ade-a548-a8a0fc0c2fa5,219000205,Commune de Buc (90),false,{90020},Commune,2026-03-24 14:42:11.659493+01,gold_establishments_2025,,,,21900020500019,2025,Collectivité Territoriale,Commune,['Territoire de Belfort'],['Bourgogne-Franche-Comté'],COM,{90},{27}
715b5371-b7a4-4c49-ac51-2eb4f733c7a0,216001131,Commune de Bucamps (60),false,{60113},Commune,2026-03-24 14:42:04.814328+01,gold_establishments_2025,,,,21600113100012,2025,Collectivité Territoriale,Commune,['Oise'],['Hauts-de-France'],COM,{60},{32}
a8446a00-d7b7-4eaa-b3d4-008756a16f8f,211000617,Commune de Bucey-en-Othe (10),false,{10066},Commune,2026-03-24 14:41:53.095366+01,gold_establishments_2025,,,,21100061700012,2025,Collectivité Territoriale,Commune,['Aube'],['Grand Est'],COM,{10},{44}
f92aa745-0d2b-4fb8-bee1-6ecd707cd65a,217001049,Commune de Bucey-lès-Gy (70),false,{70104},Commune,2026-03-24 14:42:07.735343+01,gold_establishments_2025,,,,21700104900063,2025,Collectivité Territoriale,Commune,['Haute-Saône'],['Bourgogne-Franche-Comté'],COM,{70},{27}
a2a54f90-0300-4fe5-9f96-8642eb2e12a4,217001056,Commune de Bucey-lès-Traves (70),false,{70105},Commune,2026-03-24 14:42:07.735343+01,gold_establishments_2025,,,,21700105600019,2025,Collectivité Territoriale,Commune,['Haute-Saône'],['Bourgogne-Franche-Comté'],COM,{70},{27}
62abd84c-eee7-4b0d-96f7-2e97d0ae8cf2,217801182,Commune de Buchelay (78),false,{78118},Commune,2026-03-24 14:42:09.43682+01,gold_establishments_2025,,,,21780118200015,2025,Collectivité Territoriale,Commune,['Yvelines'],['Île-de-France'],COM,{78},{11}
24b72848-5ae2-40bd-9a62-317a2be60d45,215701160,Commune de Buchy (57),false,{57116},Commune,2026-03-24 14:42:03.701372+01,gold_establishments_2025,,,,21570116000016,2025,Collectivité Territoriale,Commune,['Moselle'],['Grand Est'],COM,{57},{44}
7b89d0c7-2023-4543-be3a-f0e0e44e0417,200068187,Commune de Buchy (76),false,{76146},Commune,2026-03-24 14:42:08.818969+01,gold_establishments_2025,,,,20006818700018,2025,Collectivité Territoriale,Commune,['Seine-Maritime'],['Normandie'],COM,{76},{28}
990ef374-2cb9-40cf-a59d-df06040c852f,211000625,Commune de Buchères (10),false,{10067},Commune,2026-03-24 14:41:53.095366+01,gold_establishments_2025,,,,21100062500015,2025,Collectivité Territoriale,Commune,['Aube'],['Grand Est'],COM,{10},{44}
09f4efb5-13dd-486c-8e45-25d14df70904,210201182,Commune de Bucilly (02),false,{02130},Commune,2026-03-24 14:41:51.447482+01,gold_establishments_2025,,,,21020118200016,2025,Collectivité Territoriale,Commune,['Aisne'],['Hauts-de-France'],COM,{02},{32}
b2f5f10a-aa69-449b-a9b0-9988953a0a9a,216201814,Commune de Bucquoy (62),false,{62181},Commune,2026-03-24 14:42:05.597325+01,gold_establishments_2025,,,,21620181400011,2025,Collectivité Territoriale,Commune,['Pas-de-Calais'],['Hauts-de-France'],COM,{62},{32}
3f0e2d3a-93aa-41bb-a20c-3acd23eed9f2,214500597,Commune de Bucy-Saint-Liphard (45),false,{45059},Commune,2026-03-24 14:42:00.862623+01,gold_establishments_2025,,,,21450059700015,2025,Collectivité Territoriale,Commune,['Loiret'],['Centre-Val de Loire'],COM,{45},{24}
776a0771-c4e2-4fe2-9ce7-5c27a7c8aa3d,210208161,Commune de Bucy-le-Long (02),false,{02131},Commune,2026-03-24 14:41:51.447482+01,gold_establishments_2025,,,,21020816100013,2025,Collectivité Territoriale,Commune,['Aisne'],['Hauts-de-France'],COM,{02},{32}
adc96da6-1345-4f71-8d58-92ee004eac75,214500589,Commune de Bucy-le-Roi (45),false,{45058},Commune,2026-03-24 14:42:00.862623+01,gold_establishments_2025,,,,21450058900012,2025,Collectivité Territoriale,Commune,['Loiret'],['Centre-Val de Loire'],COM,{45},{24}
659e5c16-32be-4a45-a56d-9d168b4d8272,210201190,Commune de Bucy-lès-Cerny (02),false,{02132},Commune,2026-03-24 14:41:51.447482+01,gold_establishments_2025,,,,21020119000019,2025,Collectivité Territoriale,Commune,['Aisne'],['Hauts-de-France'],COM,{02},{32}
e30bd3c1-30f6-4021-8acf-b36126a7ec40,210201208,Commune de Bucy-lès-Pierrepont (02),false,{02133},Commune,2026-03-24 14:41:51.447482+01,gold_establishments_2025,,,,21020120800019,2025,Collectivité Territoriale,Commune,['Aisne'],['Hauts-de-France'],COM,{02},{32}
d4701cd8-fa0b-4c71-9a93-6265026dc728,211401112,Commune de Bucéels (14),false,{14111},Commune,2026-03-24 14:41:53.63825+01,gold_establishments_2025,,,,21140111200019,2025,Collectivité Territoriale,Commune,['Calvados'],['Normandie'],COM,{14},{28}
5ade7c2a-1c23-4c12-a83c-6ab8265c40ef,212303507,Commune de Budelière (23),false,{23035},Commune,2026-03-24 14:41:55.958138+01,gold_establishments_2025,,,,21230350700017,2025,Collectivité Territoriale,Commune,['Creuse'],['Nouvelle-Aquitaine'],COM,{23},{75}
42721f91-b284-4674-9e03-5c95278693ea,215701178,Commune de Buding (57),false,{57117},Commune,2026-03-24 14:42:03.701372+01,gold_establishments_2025,,,,21570117800018,2025,Collectivité Territoriale,Commune,['Moselle'],['Grand Est'],COM,{57},{44}
8a816823-8b2b-46ae-80d5-99443eeb9930,215701186,Commune de Budling (57),false,{57118},Commune,2026-03-24 14:42:03.701372+01,gold_establishments_2025,,,,21570118600011,2025,Collectivité Territoriale,Commune,['Moselle'],['Grand Est'],COM,{57},{44}
4737acb4-cee6-4843-a41c-d8579cf4c3ce,213300767,Commune de Budos (33),false,{33076},Commune,2026-03-24 14:41:58.09424+01,gold_establishments_2025,,,,21330076700018,2025,Collectivité Territoriale,Commune,['Gironde'],['Nouvelle-Aquitaine'],COM,{33},{75}
aadd0b1d-67cf-4df0-8992-64ef2c4b30dd,212701197,Commune de Bueil (27),false,{27119},Commune,2026-03-24 14:41:56.495197+01,gold_establishments_2025,,,,21270119700015,2025,Collectivité Territoriale,Commune,['Eure'],['Normandie'],COM,{27},{28}
7ae7163a-d615-46bd-93f5-5fa02c929792,213700412,Commune de Bueil-en-Touraine (37),false,{37041},Commune,2026-03-24 14:41:59.160244+01,gold_establishments_2025,,,,21370041200017,2025,Collectivité Territoriale,Commune,['Indre-et-Loire'],['Centre-Val de Loire'],COM,{37},{24}
0e529e91-f867-41ed-bfff-758589ced4a8,210100657,Commune de Buellas (01),false,{01065},Commune,2026-03-24 14:41:51.447482+01,gold_establishments_2025,,,,21010065700019,2025,Collectivité Territoriale,Commune,['Ain'],['Auvergne-Rhône-Alpes'],COM,{01},{84}
03b944e2-47d3-47c9-a94b-15118d56d8d7,216800573,Commune de Buethwiller (68),false,{68057},Commune,2026-03-24 14:42:07.195692+01,gold_establishments_2025,,,,21680057300018,2025,Collectivité Territoriale,Commune,['Haut-Rhin'],['Grand Est'],COM,{68},{44}
136c9b51-2e36-4a41-b373-342b2d4d2df9,212500987,Commune de Buffard (25),false,{25098},Commune,2026-03-24 14:41:56.495197+01,gold_establishments_2025,,,,21250098700012,2025,Collectivité Territoriale,Commune,['Doubs'],['Bourgogne-Franche-Comté'],COM,{25},{27}
220f54c9-8430-4053-879f-4f6836ff88a6,217001064,Commune de Buffignécourt (70),false,{70106},Commune,2026-03-24 14:42:07.735343+01,gold_establishments_2025,,,,21700106400013,2025,Collectivité Territoriale,Commune,['Haute-Saône'],['Bourgogne-Franche-Comté'],COM,{70},{27}
49ecabd4-ac40-4c3b-9efa-4bb5acbce9f5,217100650,Commune de Buffières (71),false,{71065},Commune,2026-03-24 14:42:07.735343+01,gold_establishments_2025,,,,21710065000019,2025,Collectivité Territoriale,Commune,['Saône-et-Loire'],['Bourgogne-Franche-Comté'],COM,{71},{27}
2aaebf72-2e8d-4adb-a7e9-4463579f210d,212101141,Commune de Buffon (21),false,{21114},Commune,2026-03-24 14:41:55.433389+01,gold_establishments_2025,,,,21210114100019,2025,Collectivité Territoriale,Commune,"[""Côte-d'Or""]",['Bourgogne-Franche-Comté'],COM,{21},{27}
25a765c2-a7ea-453e-99a1-3827f6a2bd7f,211100557,Commune de Bugarach (11),false,{11055},Commune,2026-03-24 14:41:53.63825+01,gold_establishments_2025,,,,21110055700019,2025,Collectivité Territoriale,Commune,['Aude'],['Occitanie'],COM,{11},{76}
aa53e8e5-c1a2-443f-9afd-c04dfdf65eb1,216501106,Commune de Bugard (65),false,{65110},Commune,2026-03-24 14:42:06.665412+01,gold_establishments_2025,,,,21650110600019,2025,Collectivité Territoriale,Commune,['Hautes-Pyrénées'],['Occitanie'],COM,{65},{76}
d24bec9d-5ddf-42c1-b9a5-039c92dd9c95,211903307,Commune de Bugeat (19),false,{19033},Commune,2026-03-24 14:41:54.903238+01,gold_establishments_2025,,,,21190330700018,2025,Collectivité Territoriale,Commune,['Corrèze'],['Nouvelle-Aquitaine'],COM,{19},{75}
b85fc182-d863-4cb5-889b-10e1d63001c9,216401497,Commune de Bugnein (64),false,{64149},Commune,2026-03-24 14:42:06.130387+01,gold_establishments_2025,,,,21640149700013,2025,Collectivité Territoriale,Commune,['Pyrénées-Atlantiques'],['Nouvelle-Aquitaine'],COM,{64},{75}
4000b582-5394-4027-a7eb-c6d2dab487eb,215901174,Commune de Bugnicourt (59),false,{59117},Commune,2026-03-24 14:42:04.280096+01,gold_establishments_2025,,,,21590117400015,2025,Collectivité Territoriale,Commune,['Nord'],['Hauts-de-France'],COM,{59},{32}
6a81ed9b-72b6-40f9-b170-a8f298daf9d9,215200551,Commune de Bugnières (52),false,{52082},Commune,2026-03-24 14:42:01.954481+01,gold_establishments_2025,,,,21520055100012,2025,Collectivité Territoriale,Commune,['Haute-Marne'],['Grand Est'],COM,{52},{44}
e96526a8-cc48-487e-8996-312504de0eaa,212500995,Commune de Bugny (25),false,{25099},Commune,2026-03-24 14:41:56.495197+01,gold_establishments_2025,,,,21250099500015,2025,Collectivité Territoriale,Commune,['Doubs'],['Bourgogne-Franche-Comté'],COM,{25},{27}
7c31a89e-1515-433f-8e20-72bf6a6e7ba2,216700690,Commune de Buhl (67),false,{67069},Commune,2026-03-24 14:42:06.665412+01,gold_establishments_2025,,,,21670069000037,2025,Collectivité Territoriale,Commune,['Bas-Rhin'],['Grand Est'],COM,{67},{44}
16350997-7e88-4731-a821-7fb22604bcc1,216800581,Commune de Buhl (68),false,{68058},Commune,2026-03-24 14:42:07.195692+01,gold_establishments_2025,,,,21680058100011,2025,Collectivité Territoriale,Commune,['Haut-Rhin'],['Grand Est'],COM,{68},{44}
16cff492-053b-4fe8-b95e-beabf2ac4b4e,215701194,Commune de Buhl-Lorraine (57),false,{57119},Commune,2026-03-24 14:42:03.701372+01,gold_establishments_2025,,,,21570119400072,2025,Collectivité Territoriale,Commune,['Moselle'],['Grand Est'],COM,{57},{44}
457b9f67-c668-41e2-82b6-939c40b9f03f,219501194,Commune de Buhy (95),false,{95119},Commune,2026-03-24 14:42:11.659493+01,gold_establishments_2025,,,,21950119400019,2025,Collectivité Territoriale,Commune,"[""Val-d'Oise""]",['Île-de-France'],COM,{95},{11}
11b15379-8618-4e9e-8935-3a17983618fe,216001149,Commune de Buicourt (60),false,{60114},Commune,2026-03-24 14:42:04.814328+01,gold_establishments_2025,,,,21600114900014,2025,Collectivité Territoriale,Commune,['Oise'],['Hauts-de-France'],COM,{60},{32}
db116f66-f922-439b-a423-02519853a927,218001428,Commune de Buigny-Saint-Maclou (80),false,{80149},Commune,2026-03-24 14:42:09.967209+01,gold_establishments_2025,,,,21800142800018,2025,Collectivité Territoriale,Commune,['Somme'],['Hauts-de-France'],COM,{80},{32}
7ef7962c-b5c0-4a97-9060-1c6b6e61e4d1,218001402,Commune de Buigny-l'Abbé (80),false,{80147},Commune,2026-03-24 14:42:09.967209+01,gold_establishments_2025,,,,21800140200013,2025,Collectivité Territoriale,Commune,['Somme'],['Hauts-de-France'],COM,{80},{32}
35705f5e-f46a-4cdf-9b45-48b45b25fb16,218001410,Commune de Buigny-lès-Gamaches (80),false,{80148},Commune,2026-03-24 14:42:09.967209+01,gold_establishments_2025,,,,21800141000016,2025,Collectivité Territoriale,Commune,['Somme'],['Hauts-de-France'],COM,{80},{32}
7b8f4d08-a3e1-48ef-a8c0-9f25ddf149f9,210201216,Commune de Buire (02),false,{02134},Commune,2026-03-24 14:41:51.447482+01,gold_establishments_2025,,,,21020121600012,2025,Collectivité Territoriale,Commune,['Aisne'],['Hauts-de-France'],COM,{02},{32}
ac302733-16fa-4f72-80c3-0dc87807493f,218001436,Commune de Buire-Courcelles (80),false,{80150},Commune,2026-03-24 14:42:09.967209+01,gold_establishments_2025,,,,21800143600011,2025,Collectivité Territoriale,Commune,['Somme'],['Hauts-de-France'],COM,{80},{32}
e35865f1-9703-468b-bd30-c0e515c58bd7,216201822,Commune de Buire-au-Bois (62),false,{62182},Commune,2026-03-24 14:42:05.597325+01,gold_establishments_2025,,,,21620182200014,2025,Collectivité Territoriale,Commune,['Pas-de-Calais'],['Hauts-de-France'],COM,{62},{32}
83692aee-a07c-4ef2-b29a-6e1035228aec,216201830,Commune de Buire-le-Sec (62),false,{62183},Commune,2026-03-24 14:42:05.597325+01,gold_establishments_2025,,,,21620183000017,2025,Collectivité Territoriale,Commune,['Pas-de-Calais'],['Hauts-de-France'],COM,{62},{32}
aac94527-9bb1-4f7b-a92b-4ceb8ae60161,218001444,Commune de Buire-sur-l'Ancre (80),false,{80151},Commune,2026-03-24 14:42:09.967209+01,gold_establishments_2025,,,,21800144400015,2025,Collectivité Territoriale,Commune,['Somme'],['Hauts-de-France'],COM,{80},{32}
c564090b-f4c2-44b4-a43c-6a693aaf4445,210201224,Commune de Buironfosse (02),false,{02135},Commune,2026-03-24 14:41:51.447482+01,gold_establishments_2025,,,,21020122400016,2025,Collectivité Territoriale,Commune,['Aisne'],['Hauts-de-France'],COM,{02},{32}
08c8d73a-1ebb-47db-8ff9-2e70d52b8a3c,212600639,Commune de Buis-les-Baronnies (26),false,{26063},Commune,2026-03-24 14:41:56.495197+01,gold_establishments_2025,,,,21260063900067,2025,Collectivité Territoriale,Commune,['Drôme'],['Auvergne-Rhône-Alpes'],COM,{26},{84}
d4c9eb71-b743-42e0-84df-2043389ca382,210500252,Commune de Buissard (05),false,{05025},Commune,2026-03-24 14:41:52.562531+01,gold_establishments_2025,,,,21050025200015,2025,Collectivité Territoriale,Commune,['Hautes-Alpes'],"[""Provence-Alpes-Côte d'Azur""]",COM,{05},{93}
e9563e1a-515d-4106-a5d1-f010d7f13706,218400224,Commune de Buisson (84),false,{84022},Commune,2026-03-24 14:42:10.508772+01,gold_establishments_2025,,,,21840022400018,2025,Collectivité Territoriale,Commune,['Vaucluse'],"[""Provence-Alpes-Côte d'Azur""]",COM,{84},{93}
9090e8e0-2945-4dd2-9e2d-3836a4efff9f,215401043,Commune de Buissoncourt (54),false,{54104},Commune,2026-03-24 14:42:02.957225+01,gold_establishments_2025,,,,21540104300017,2025,Collectivité Territoriale,Commune,['Meurthe-et-Moselle'],['Grand Est'],COM,{54},{44}
ca506064-2a3b-4609-a931-26c1ee29e529,216201848,Commune de Buissy (62),false,{62184},Commune,2026-03-24 14:42:05.597325+01,gold_establishments_2025,,,,21620184800019,2025,Collectivité Territoriale,Commune,['Pas-de-Calais'],['Hauts-de-France'],COM,{62},{32}
1463acbc-ba1f-4dd3-aad9-b235a248377c,218702405,Commune de Bujaleuf (87),false,{87024},Commune,2026-03-24 14:42:11.118516+01,gold_establishments_2025,,,,21870240500091,2025,Collectivité Territoriale,Commune,['Haute-Vienne'],['Nouvelle-Aquitaine'],COM,{87},{75}
5cd16a51-a0d2-4f58-aef3-0b117ee8c5d9,216501114,Commune de Bulan (65),false,{65111},Commune,2026-03-24 14:42:06.665412+01,gold_establishments_2025,,,,21650111400013,2025,Collectivité Territoriale,Commune,['Hautes-Pyrénées'],['Occitanie'],COM,{65},{76}
1d82e006-aed3-4a53-8a28-523f30202d72,212200232,Commune de Bulat-Pestivien (22),false,{22023},Commune,2026-03-24 14:41:55.433389+01,gold_establishments_2025,,,,21220023200016,2025,Collectivité Territoriale,Commune,"[""Côtes-d'Armor""]",['Bretagne'],COM,{22},{53}
b18a3d69-940e-4d66-bb39-0d46771a8934,215800426,Commune de Bulcy (58),false,{58042},Commune,2026-03-24 14:42:04.280096+01,gold_establishments_2025,,,,21580042600011,2025,Collectivité Territoriale,Commune,['Nièvre'],['Bourgogne-Franche-Comté'],COM,{58},{27}
a59beccb-cad5-46d4-9e6a-65a6a59fb4f8,218800795,Commune de Bulgnéville (88),false,{88079},Commune,2026-03-24 14:42:11.118516+01,gold_establishments_2025,,,,21880079500013,2025,Collectivité Territoriale,Commune,['Vosges'],['Grand Est'],COM,{88},{44}
9a350529-f94a-47f8-8c75-09f7ae5a3dd2,216300582,Commune de Bulhon (63),false,{63058},Commune,2026-03-24 14:42:06.130387+01,gold_establishments_2025,,,,21630058200014,2025,Collectivité Territoriale,Commune,['Puy-de-Dôme'],['Auvergne-Rhône-Alpes'],COM,{63},{84}
c69c67fc-48b1-4310-9909-80d5ddca8c97,212800650,Commune de Bullainville (28),false,{28065},Commune,2026-03-24 14:41:57.028721+01,gold_establishments_2025,,,,21280065000013,2025,Collectivité Territoriale,Commune,['Eure-et-Loir'],['Centre-Val de Loire'],COM,{28},{24}
b3229af8-4c75-456e-9e2a-5e54d2009842,212501001,Commune de Bulle (25),false,{25100},Commune,2026-03-24 14:41:56.495197+01,gold_establishments_2025,,,,21250100100011,2025,Collectivité Territoriale,Commune,['Doubs'],['Bourgogne-Franche-Comté'],COM,{25},{27}
611369e9-6255-4a6e-a53b-92136f9474e7,216201855,Commune de Bullecourt (62),false,{62185},Commune,2026-03-24 14:42:05.597325+01,gold_establishments_2025,,,,21620185500014,2025,Collectivité Territoriale,Commune,['Pas-de-Calais'],['Hauts-de-France'],COM,{62},{32}
6dcb1768-f67f-447c-aee8-ea6cbd5f657c,216001156,Commune de Bulles (60),false,{60115},Commune,2026-03-24 14:42:04.814328+01,gold_establishments_2025,,,,21600115600019,2025,Collectivité Territoriale,Commune,['Oise'],['Hauts-de-France'],COM,{60},{32}
7b1c0f57-948c-439b-914f-7e96ae2c7415,215401050,Commune de Bulligny (54),false,{54105},Commune,2026-03-24 14:42:02.957225+01,gold_establishments_2025,,,,21540105000061,2025,Collectivité Territoriale,Commune,['Meurthe-et-Moselle'],['Grand Est'],COM,{54},{44}
92080e89-7420-46dd-9675-efbe0d62abcb,217801208,Commune de Bullion (78),false,{78120},Commune,2026-03-24 14:42:09.43682+01,gold_establishments_2025,,,,21780120800018,2025,Collectivité Territoriale,Commune,['Yvelines'],['Île-de-France'],COM,{78},{11}
2f8f0dc9-71ed-4e6e-b47a-70e136aad925,214200271,Commune de Bully (42),false,{42027},Commune,2026-03-24 14:42:00.273698+01,gold_establishments_2025,,,,21420027100010,2025,Collectivité Territoriale,Commune,['Loire'],['Auvergne-Rhône-Alpes'],COM,{42},{84}
bc9692b3-28de-4354-bede-c0dab217ba83,216900324,Commune de Bully (69),false,{69032},Commune,2026-03-24 14:42:07.195692+01,gold_establishments_2025,,,,21690032400015,2025,Collectivité Territoriale,Commune,['Rhône'],['Auvergne-Rhône-Alpes'],COM,{69},{84}
882d77fd-7983-4a79-990c-a4c801065161,217601475,Commune de Bully (76),false,{76147},Commune,2026-03-24 14:42:08.818969+01,gold_establishments_2025,,,,21760147500015,2025,Collectivité Territoriale,Commune,['Seine-Maritime'],['Normandie'],COM,{76},{28}
5e5f6156-8c9b-4c51-8023-c655541553ed,216201863,Commune de Bully-les-Mines (62),false,{62186},Commune,2026-03-24 14:42:05.597325+01,gold_establishments_2025,,,,21620186300018,2025,Collectivité Territoriale,Commune,['Pas-de-Calais'],['Hauts-de-France'],COM,{62},{32}
822d1624-b3b2-472b-b2bf-bfdaac8ee95f,210800819,Commune de Bulson (08),false,{08088},Commune,2026-03-24 14:41:52.562531+01,gold_establishments_2025,,,,21080081900018,2025,Collectivité Territoriale,Commune,['Ardennes'],['Grand Est'],COM,{08},{44}
59cf59d5-580f-412c-b981-c9e90e5b5ebc,218800803,Commune de Bult (88),false,{88080},Commune,2026-03-24 14:42:11.118516+01,gold_establishments_2025,,,,21880080300015,2025,Collectivité Territoriale,Commune,['Vosges'],['Grand Est'],COM,{88},{44}
772bb757-39a2-4ce3-a78b-594465fa80f9,215600271,Commune de Buléon (56),false,{56027},Commune,2026-03-24 14:42:03.701372+01,gold_establishments_2025,,,,21560027100013,2025,Collectivité Territoriale,Commune,['Morbihan'],['Bretagne'],COM,{56},{53}
7eeb8578-1074-47f1-85ba-56138c03e733,216501122,Commune de Bun (65),false,{65112},Commune,2026-03-24 14:42:06.665412+01,gold_establishments_2025,,,,21650112200016,2025,Collectivité Territoriale,Commune,['Hautes-Pyrénées'],['Occitanie'],COM,{65},{76}
5a74c7ae-c02c-4d08-889d-b7fb090b5245,212101158,Commune de Buncey (21),false,{21115},Commune,2026-03-24 14:41:55.433389+01,gold_establishments_2025,,,,21210115800013,2025,Collectivité Territoriale,Commune,"[""Côte-d'Or""]",['Bourgogne-Franche-Comté'],COM,{21},{27}
3201e3fa-4974-48c2-a26f-1a824b14c309,216201871,Commune de Buneville (62),false,{62187},Commune,2026-03-24 14:42:05.597325+01,gold_establishments_2025,,,,21620187100011,2025,Collectivité Territoriale,Commune,['Pas-de-Calais'],['Hauts-de-France'],COM,{62},{32}
c8ef5231-6314-41c5-a88c-0d88d75af829,219101219,Commune de Buno-Bonnevaux (91),false,{91121},Commune,2026-03-24 14:42:11.659493+01,gold_establishments_2025,,,,21910121900018,2025,Collectivité Territoriale,Commune,['Essonne'],['Île-de-France'],COM,{91},{11}
70e02eb9-8363-4268-a911-205efcdfbc04,216401505,Commune de Bunus (64),false,{64150},Commune,2026-03-24 14:42:06.130387+01,gold_establishments_2025,,,,21640150500013,2025,Collectivité Territoriale,Commune,['Pyrénées-Atlantiques'],['Nouvelle-Aquitaine'],COM,{64},{75}
5a0c8a5f-56a1-430c-97fa-1cfe3221d469,211600671,Commune de Bunzac (16),false,{16067},Commune,2026-03-24 14:41:54.362296+01,gold_establishments_2025,,,,21160067100013,2025,Collectivité Territoriale,Commune,['Charente'],['Nouvelle-Aquitaine'],COM,{16},{75}
ce71be54-649c-43ae-abb7-d2bcb109e3e6,218400232,Commune de Buoux (84),false,{84023},Commune,2026-03-24 14:42:10.508772+01,gold_establishments_2025,,,,21840023200011,2025,Collectivité Territoriale,Commune,['Vaucluse'],"[""Provence-Alpes-Côte d'Azur""]",COM,{84},{93}
2d8b1f30-3a78-4888-a38a-7e0d73fec5a6,216700708,Commune de Burbach (67),false,{67070},Commune,2026-03-24 14:42:06.665412+01,gold_establishments_2025,,,,21670070800011,2025,Collectivité Territoriale,Commune,['Bas-Rhin'],['Grand Est'],COM,{67},{44}
5acf3594-c400-4102-a5bf-97c2b17ae4ac,216201889,Commune de Burbure (62),false,{62188},Commune,2026-03-24 14:42:05.597325+01,gold_establishments_2025,,,,21620188900013,2025,Collectivité Territoriale,Commune,['Pas-de-Calais'],['Hauts-de-France'],COM,{62},{32}
cb9cd501-8dd9-4557-a62e-acb677291480,213800634,Commune de Burcin (38),false,{38063},Commune,2026-03-24 14:41:59.160244+01,gold_establishments_2025,,,,21380063400015,2025,Collectivité Territoriale,Commune,['Isère'],['Auvergne-Rhône-Alpes'],COM,{38},{84}
b22154bc-aa24-4e80-bb4d-f2d53e72e8d7,217700566,Commune de Burcy (77),false,{77056},Commune,2026-03-24 14:42:08.818969+01,gold_establishments_2025,,,,21770056600011,2025,Collectivité Territoriale,Commune,['Seine-et-Marne'],['Île-de-France'],COM,{77},{11}
e33704b4-e972-465a-b3e3-bf1301c75291,214200289,Commune de Burdignes (42),false,{42028},Commune,2026-03-24 14:42:00.273698+01,gold_establishments_2025,,,,21420028900012,2025,Collectivité Territoriale,Commune,['Loire'],['Auvergne-Rhône-Alpes'],COM,{42},{84}
6261a624-a240-4610-be4a-fd8e2bb07eff,217400506,Commune de Burdignin (74),false,{74050},Commune,2026-03-24 14:42:08.279287+01,gold_establishments_2025,,,,21740050600010,2025,Collectivité Territoriale,Commune,['Haute-Savoie'],['Auvergne-Rhône-Alpes'],COM,{74},{84}
6d8f80ea-a322-474b-91b8-9b49a25c5df0,215500877,Commune de Bure (55),false,{55087},Commune,2026-03-24 14:42:02.957225+01,gold_establishments_2025,,,,21550087700018,2025,Collectivité Territoriale,Commune,['Meuse'],['Grand Est'],COM,{55},{44}
d3087fc1-c681-4384-a708-b3cd164ea8a5,212101166,Commune de Bure-les-Templiers (21),false,{21116},Commune,2026-03-24 14:41:55.433389+01,gold_establishments_2025,,,,21210116600016,2025,Collectivité Territoriale,Commune,"[""Côte-d'Or""]",['Bourgogne-Franche-Comté'],COM,{21},{27}
e2745f8a-8475-4d1b-9122-25ac848a94bb,210201232,Commune de Burelles (02),false,{02136},Commune,2026-03-24 14:41:51.447482+01,gold_establishments_2025,,,,21020123200019,2025,Collectivité Territoriale,Commune,['Aisne'],['Hauts-de-France'],COM,{02},{32}
d6c92985-8cfd-41b4-be2f-769bff2f7992,215401068,Commune de Bures (54),false,{54106},Commune,2026-03-24 14:42:02.957225+01,gold_establishments_2025,,,,21540106800014,2025,Collectivité Territoriale,Commune,['Meurthe-et-Moselle'],['Grand Est'],COM,{54},{44}
374137d8-6b03-468a-bc65-d8e8ddddb33e,216100677,Commune de Bures (61),false,{61067},Commune,2026-03-24 14:42:04.814328+01,gold_establishments_2025,,,,21610067700014,2025,Collectivité Territoriale,Commune,['Orne'],['Normandie'],COM,{61},{28}
b2337386-bcc5-49c8-9f0f-8105b524566a,217601483,Commune de Bures-en-Bray (76),false,{76148},Commune,2026-03-24 14:42:08.818969+01,gold_establishments_2025,,,,21760148300019,2025,Collectivité Territoriale,Commune,['Seine-Maritime'],['Normandie'],COM,{76},{28}
9304999a-40e7-4789-9c7b-11e14c19192b,219101227,Commune de Bures-sur-Yvette (91),false,{91122},Commune,2026-03-24 14:42:11.659493+01,gold_establishments_2025,,,,21910122700011,2025,Collectivité Territoriale,Commune,['Essonne'],['Île-de-France'],COM,{91},{11}
ae41ce12-5067-4d76-a463-55461e495a37,212701205,Commune de Burey (27),false,{27120},Commune,2026-03-24 14:41:56.495197+01,gold_establishments_2025,,,,21270120500016,2025,Collectivité Territoriale,Commune,['Eure'],['Normandie'],COM,{27},{28}
a3f6df19-ff8b-47f6-89eb-4456ab265257,215500885,Commune de Burey-en-Vaux (55),false,{55088},Commune,2026-03-24 14:42:02.957225+01,gold_establishments_2025,,,,21550088500011,2025,Collectivité Territoriale,Commune,['Meuse'],['Grand Est'],COM,{55},{44}
99297654-432f-4202-914d-264348a29543,215500893,Commune de Burey-la-Côte (55),false,{55089},Commune,2026-03-24 14:42:02.957225+01,gold_establishments_2025,,,,21550089300015,2025,Collectivité Territoriale,Commune,['Meuse'],['Grand Est'],COM,{55},{44}
a79bd6c5-a868-4026-9ccb-8b745c263d4f,216501130,Commune de Burg (65),false,{65113},Commune,2026-03-24 14:42:06.665412+01,gold_establishments_2025,,,,21650113000019,2025,Collectivité Territoriale,Commune,['Hautes-Pyrénées'],['Occitanie'],COM,{65},{76}
944de0b9-64ca-43c9-ba3b-82407fcd9901,213100928,Commune de Burgalays (31),false,{31092},Commune,2026-03-24 14:41:57.56054+01,gold_establishments_2025,,,,21310092800018,2025,Collectivité Territoriale,Commune,['Haute-Garonne'],['Occitanie'],COM,{31},{76}
bd0fe3a8-bc77-48b4-9ae0-8a08e84b31ae,216401513,Commune de Burgaronne (64),false,{64151},Commune,2026-03-24 14:42:06.130387+01,gold_establishments_2025,,,,21640151300017,2025,Collectivité Territoriale,Commune,['Pyrénées-Atlantiques'],['Nouvelle-Aquitaine'],COM,{64},{75}
107b8d50-4d32-416a-968e-077502a8bfc7,212501019,Commune de Burgille (25),false,{25101},Commune,2026-03-24 14:41:56.495197+01,gold_establishments_2025,,,,21250101900013,2025,Collectivité Territoriale,Commune,['Doubs'],['Bourgogne-Franche-Comté'],COM,{25},{27}
72a21756-01c8-42ea-9434-27db263d8d4d,218702504,Commune de Burgnac (87),false,{87025},Commune,2026-03-24 14:42:11.118516+01,gold_establishments_2025,,,,21870250400018,2025,Collectivité Territoriale,Commune,['Haute-Vienne'],['Nouvelle-Aquitaine'],COM,{87},{75}
dd006632-b126-41bd-af18-80b6be6e525c,217100668,Commune de Burgy (71),false,{71066},Commune,2026-03-24 14:42:07.735343+01,gold_establishments_2025,,,,21710066800011,2025,Collectivité Territoriale,Commune,['Saône-et-Loire'],['Bourgogne-Franche-Comté'],COM,{71},{27}
6c655c3f-60da-48ad-8471-11885d682ece,211700729,Commune de Burie (17),false,{17072},Commune,2026-03-24 14:41:54.903238+01,gold_establishments_2025,,,,21170072900018,2025,Collectivité Territoriale,Commune,['Charente-Maritime'],['Nouvelle-Aquitaine'],COM,{17},{75}
22f3ef8d-6599-435e-891c-2312990c2e87,215401076,Commune de Buriville (54),false,{54107},Commune,2026-03-24 14:42:02.957225+01,gold_establishments_2025,,,,21540107600017,2025,Collectivité Territoriale,Commune,['Meurthe-et-Moselle'],['Grand Est'],COM,{54},{44}
a8d1745f-3084-4cd9-a82b-4b8ec910686d,218100428,Commune de Burlats (81),false,{81042},Commune,2026-03-24 14:42:09.967209+01,gold_establishments_2025,,,,21810042800018,2025,Collectivité Territoriale,Commune,['Tarn'],['Occitanie'],COM,{81},{76}
a7bd421d-c603-4987-b2f7-98058bc1348f,215701202,Commune de Burlioncourt (57),false,{57120},Commune,2026-03-24 14:42:03.701372+01,gold_establishments_2025,,,,21570120200016,2025,Collectivité Territoriale,Commune,['Moselle'],['Grand Est'],COM,{57},{44}
b8154484-01a6-4ca0-98ac-8e2a1512a4a1,217100676,Commune de Burnand (71),false,{71067},Commune,2026-03-24 14:42:07.735343+01,gold_establishments_2025,,,,21710067600014,2025,Collectivité Territoriale,Commune,['Saône-et-Loire'],['Bourgogne-Franche-Comté'],COM,{71},{27}
a0e2665f-e7de-4887-883d-f7b0991690fa,212501027,Commune de Burnevillers (25),false,{25102},Commune,2026-03-24 14:41:56.495197+01,gold_establishments_2025,,,,21250102700016,2025,Collectivité Territoriale,Commune,['Doubs'],['Bourgogne-Franche-Comté'],COM,{25},{27}
c42a986b-c543-46b1-b64b-2e24235ccd08,216800599,Commune de Burnhaupt-le-Bas (68),false,{68059},Commune,2026-03-24 14:42:07.195692+01,gold_establishments_2025,,,,21680059900013,2025,Collectivité Territoriale,Commune,['Haut-Rhin'],['Grand Est'],COM,{68},{44}
88bc9eca-8372-4c69-a3e1-4aa1ece99f4c,216800607,Commune de Burnhaupt-le-Haut (68),false,{68060},Commune,2026-03-24 14:42:07.195692+01,gold_establishments_2025,,,,21680060700014,2025,Collectivité Territoriale,Commune,['Haut-Rhin'],['Grand Est'],COM,{68},{44}
14dd93a0-5b0d-4364-842d-844ae950899b,216401521,Commune de Buros (64),false,{64152},Commune,2026-03-24 14:42:06.130387+01,gold_establishments_2025,,,,21640152100010,2025,Collectivité Territoriale,Commune,['Pyrénées-Atlantiques'],['Nouvelle-Aquitaine'],COM,{64},{75}
e77ea450-edf4-4f86-9124-202fb5c61709,216401539,Commune de Burosse-Mendousse (64),false,{64153},Commune,2026-03-24 14:42:06.130387+01,gold_establishments_2025,,,,21640153900012,2025,Collectivité Territoriale,Commune,['Pyrénées-Atlantiques'],['Nouvelle-Aquitaine'],COM,{64},{75}
b70bb7c8-5e7f-48d2-966d-e56d1d834b09,210900684,Commune de Burret (09),false,{09068},Commune,2026-03-24 14:41:53.095366+01,gold_establishments_2025,,,,21090068400015,2025,Collectivité Territoriale,Commune,['Ariège'],['Occitanie'],COM,{09},{76}
2f132456-df6f-4f77-9510-f5d5071672b0,216100685,Commune de Bursard (61),false,{61068},Commune,2026-03-24 14:42:04.814328+01,gold_establishments_2025,,,,21610068500017,2025,Collectivité Territoriale,Commune,['Orne'],['Normandie'],COM,{61},{28}
d6ff4574-5c3f-40db-8005-8c6302a0fb0f,215401084,Commune de Burthecourt-aux-Chênes (54),false,{54108},Commune,2026-03-24 14:42:02.957225+01,gold_establishments_2025,,,,21540108400011,2025,Collectivité Territoriale,Commune,['Meurthe-et-Moselle'],['Grand Est'],COM,{54},{44}
be291fb8-5289-4849-888f-a5a074ebf47b,215701210,Commune de Burtoncourt (57),false,{57121},Commune,2026-03-24 14:42:03.701372+01,gold_establishments_2025,,,,21570121000019,2025,Collectivité Territoriale,Commune,['Moselle'],['Grand Est'],COM,{57},{44}
449b2f6e-e9f0-4e3f-a3eb-1d115c6227b4,216001164,Commune de Bury (60),false,{60116},Commune,2026-03-24 14:42:04.814328+01,gold_establishments_2025,,,,21600116400013,2025,Collectivité Territoriale,Commune,['Oise'],['Hauts-de-France'],COM,{60},{32}
379bfaa9-015f-402e-8e5a-bb524feaf2c7,210700456,Commune de Burzet (07),false,{07045},Commune,2026-03-24 14:41:52.562531+01,gold_establishments_2025,,,,21070045600010,2025,Collectivité Territoriale,Commune,['Ardèche'],['Auvergne-Rhône-Alpes'],COM,{07},{84}
e243edd1-5bef-41f2-9347-cb810506b601,217100684,Commune de Burzy (71),false,{71068},Commune,2026-03-24 14:42:07.735343+01,gold_establishments_2025,,,,21710068400018,2025,Collectivité Territoriale,Commune,['Saône-et-Loire'],['Bourgogne-Franche-Comté'],COM,{71},{27}
7229bc03-1c45-47f3-a2a7-2839e713770d,216100669,Commune de Buré (61),false,{61066},Commune,2026-03-24 14:42:04.814328+01,gold_establishments_2025,,,,21610066900011,2025,Collectivité Territoriale,Commune,['Orne'],['Normandie'],COM,{61},{28}
a9b85940-9747-4560-848b-e6c31d80b0c2,216201897,Commune de Bus (62),false,{62189},Commune,2026-03-24 14:42:05.597325+01,gold_establishments_2025,,,,21620189700016,2025,Collectivité Territoriale,Commune,['Pas-de-Calais'],['Hauts-de-France'],COM,{62},{32}
c8513b64-d4ad-4f30-9513-ccbb95fe25c8,218001451,Commune de Bus-la-Mésière (80),false,{80152},Commune,2026-03-24 14:42:09.967209+01,gold_establishments_2025,,,,21800145100010,2025,Collectivité Territoriale,Commune,['Somme'],['Hauts-de-France'],COM,{80},{32}
8b9cf874-812d-4b93-bf11-b40830605089,218001469,Commune de Bus-lès-Artois (80),false,{80153},Commune,2026-03-24 14:42:09.967209+01,gold_establishments_2025,,,,21800146900012,2025,Collectivité Territoriale,Commune,['Somme'],['Hauts-de-France'],COM,{80},{32}
1afe3ccd-893f-4d9e-9598-1fe9d02ae2af,216800615,Commune de Buschwiller (68),false,{68061},Commune,2026-03-24 14:42:07.195692+01,gold_establishments_2025,,,,21680061500017,2025,Collectivité Territoriale,Commune,['Haut-Rhin'],['Grand Est'],COM,{68},{44}
3dfca424-0272-4c94-9c2e-dcd9c480db87,215901182,Commune de Busigny (59),false,{59118},Commune,2026-03-24 14:42:04.280096+01,gold_establishments_2025,,,,21590118200018,2025,Collectivité Territoriale,Commune,['Nord'],['Hauts-de-France'],COM,{59},{32}
8f3940de-3e95-4bbd-81fd-d4e8640e44fe,214100281,Commune de Busloup (41),false,{41028},Commune,2026-03-24 14:41:59.705606+01,gold_establishments_2025,,,,21410028100010,2025,Collectivité Territoriale,Commune,['Loir-et-Cher'],['Centre-Val de Loire'],COM,{41},{24}
960befde-16c5-4bc0-ac46-5c20cf5cf533,216201905,Commune de Busnes (62),false,{62190},Commune,2026-03-24 14:42:05.597325+01,gold_establishments_2025,,,,21620190500017,2025,Collectivité Territoriale,Commune,['Pas-de-Calais'],['Hauts-de-France'],COM,{62},{32}
d512de91-b4bc-4854-8ba9-c9ef17131669,218100436,Commune de Busque (81),false,{81043},Commune,2026-03-24 14:42:09.967209+01,gold_establishments_2025,,,,21810043600011,2025,Collectivité Territoriale,Commune,['Tarn'],['Occitanie'],COM,{81},{76}
6ce31300-007c-4af7-87d6-03b69ef6ec46,212400691,Commune de Bussac (24),false,{24069},Commune,2026-03-24 14:41:55.958138+01,gold_establishments_2025,,,,21240069100011,2025,Collectivité Territoriale,Commune,['Dordogne'],['Nouvelle-Aquitaine'],COM,{24},{75}
f1e778c1-fcde-43e6-b88c-f57339c8fe47,211700745,Commune de Bussac-Forêt (17),false,{17074},Commune,2026-03-24 14:41:54.903238+01,gold_establishments_2025,,,,21170074500014,2025,Collectivité Territoriale,Commune,['Charente-Maritime'],['Nouvelle-Aquitaine'],COM,{17},{75}
f1a89ea5-313f-4f30-aca1-2098d4b20448,211700737,Commune de Bussac-sur-Charente (17),false,{17073},Commune,2026-03-24 14:41:54.903238+01,gold_establishments_2025,,,,21170073700011,2025,Collectivité Territoriale,Commune,['Charente-Maritime'],['Nouvelle-Aquitaine'],COM,{17},{75}
dfbe7571-af00-49b9-a1ec-7ec2e5b30657,218800811,Commune de Bussang (88),false,{88081},Commune,2026-03-24 14:42:11.118516+01,gold_establishments_2025,,,,21880081100018,2025,Collectivité Territoriale,Commune,['Vosges'],['Grand Est'],COM,{88},{44}
d4cc401d-1fc2-479a-8203-51090495f463,212101174,Commune de Busseaut (21),false,{21117},Commune,2026-03-24 14:41:55.433389+01,gold_establishments_2025,,,,21210117400010,2025,Collectivité Territoriale,Commune,"[""Côte-d'Or""]",['Bourgogne-Franche-Comté'],COM,{21},{27}
c402f485-7d47-4b20-9f2f-e571d5255570,212400709,Commune de Busserolles (24),false,{24070},Commune,2026-03-24 14:41:55.958138+01,gold_establishments_2025,,,,21240070900011,2025,Collectivité Territoriale,Commune,['Dordogne'],['Nouvelle-Aquitaine'],COM,{24},{75}
dde67f88-7ec4-494c-b447-609ec147364b,212101182,Commune de Busserotte-et-Montenaille (21),false,{21118},Commune,2026-03-24 14:41:55.433389+01,gold_establishments_2025,,,,21210118200013,2025,Collectivité Territoriale,Commune,"[""Côte-d'Or""]",['Bourgogne-Franche-Comté'],COM,{21},{27}
abbb387e-6adf-4837-a01c-b664acdf860a,210300455,Commune de Busset (03),false,{03045},Commune,2026-03-24 14:41:52.020251+01,gold_establishments_2025,,,,21030045500016,2025,Collectivité Territoriale,Commune,['Allier'],['Auvergne-Rhône-Alpes'],COM,{03},{84}
b23376f6-de6c-4e09-9c9c-3e1ad059de92,210201240,Commune de Bussiares (02),false,{02137},Commune,2026-03-24 14:41:51.447482+01,gold_establishments_2025,,,,21020124000012,2025,Collectivité Territoriale,Commune,['Aisne'],['Hauts-de-France'],COM,{02},{32}
d3b0cfb4-6f8d-4a58-9e0a-2a86cff8e8f8,212400717,Commune de Bussière-Badil (24),false,{24071},Commune,2026-03-24 14:41:55.958138+01,gold_establishments_2025,,,,21240071700014,2025,Collectivité Territoriale,Commune,['Dordogne'],['Nouvelle-Aquitaine'],COM,{24},{75}
de694c7a-4ff0-4965-9658-a5f8ad5874b7,212303606,Commune de Bussière-Dunoise (23),false,{23036},Commune,2026-03-24 14:41:55.958138+01,gold_establishments_2025,,,,21230360600017,2025,Collectivité Territoriale,Commune,['Creuse'],['Nouvelle-Aquitaine'],COM,{23},{75}
1e78904f-1f10-48cd-94a2-b7fabda06c74,218702702,Commune de Bussière-Galant (87),false,{87027},Commune,2026-03-24 14:42:11.118516+01,gold_establishments_2025,,,,21870270200018,2025,Collectivité Territoriale,Commune,['Haute-Vienne'],['Nouvelle-Aquitaine'],COM,{87},{75}
a474fa36-c6aa-4208-bbb8-8e7b2ee29885,212303705,Commune de Bussière-Nouvelle (23),false,{23037},Commune,2026-03-24 14:41:55.958138+01,gold_establishments_2025,,,,21230370500017,2025,Collectivité Territoriale,Commune,['Creuse'],['Nouvelle-Aquitaine'],COM,{23},{75}
b48812e3-3937-4801-9ec1-f868a1faa2f1,212303804,Commune de Bussière-Saint-Georges (23),false,{23038},Commune,2026-03-24 14:41:55.958138+01,gold_establishments_2025,,,,21230380400018,2025,Collectivité Territoriale,Commune,['Creuse'],['Nouvelle-Aquitaine'],COM,{23},{75}
5ddceeee-96f3-4482-9a14-ba741d2a24e0,212101190,Commune de Bussières (21),false,{21119},Commune,2026-03-24 14:41:55.433389+01,gold_establishments_2025,,,,21210119000016,2025,Collectivité Territoriale,Commune,"[""Côte-d'Or""]",['Bourgogne-Franche-Comté'],COM,{21},{27}
a377460a-54bb-47ef-88b9-2b067f21da5d,214200297,Commune de Bussières (42),false,{42029},Commune,2026-03-24 14:42:00.273698+01,gold_establishments_2025,,,,21420029700015,2025,Collectivité Territoriale,Commune,['Loire'],['Auvergne-Rhône-Alpes'],COM,{42},{84}
71b37233-0427-4901-b438-d5ed5633f2a0,216300608,Commune de Bussières (63),false,{63060},Commune,2026-03-24 14:42:06.130387+01,gold_establishments_2025,,,,21630060800017,2025,Collectivité Territoriale,Commune,['Puy-de-Dôme'],['Auvergne-Rhône-Alpes'],COM,{63},{84}
30ff5b12-4953-437c-8d7f-5c8f07d34bd4,217001072,Commune de Bussières (70),false,{70107},Commune,2026-03-24 14:42:07.735343+01,gold_establishments_2025,,,,21700107200016,2025,Collectivité Territoriale,Commune,['Haute-Saône'],['Bourgogne-Franche-Comté'],COM,{70},{27}
dbaec4d4-a251-4bca-ac74-f9b02bb7fbd1,217100692,Commune de Bussières (71),false,{71069},Commune,2026-03-24 14:42:07.735343+01,gold_establishments_2025,,,,21710069200011,2025,Collectivité Territoriale,Commune,['Saône-et-Loire'],['Bourgogne-Franche-Comté'],COM,{71},{27}
b47acfa8-284f-4d5f-836f-5ce4953e967a,217700574,Commune de Bussières (77),false,{77057},Commune,2026-03-24 14:42:08.818969+01,gold_establishments_2025,,,,21770057400015,2025,Collectivité Territoriale,Commune,['Seine-et-Marne'],['Île-de-France'],COM,{77},{11}
bcc17091-746b-456e-97b6-e465b3796a2e,218900587,Commune de Bussières (89),false,{89058},Commune,2026-03-24 14:42:11.118516+01,gold_establishments_2025,,,,21890058700013,2025,Collectivité Territoriale,Commune,['Yonne'],['Bourgogne-Franche-Comté'],COM,{89},{27}
e0b68f33-e392-4137-908b-96b4f6ad530d,216300616,Commune de Bussières-et-Pruns (63),false,{63061},Commune,2026-03-24 14:42:06.130387+01,gold_establishments_2025,,,,21630061600010,2025,Collectivité Territoriale,Commune,['Puy-de-Dôme'],['Auvergne-Rhône-Alpes'],COM,{63},{84}
e3f2a4d3-46d2-43c6-80cf-d5970a598dc2,215200577,Commune de Busson (52),false,{52084},Commune,2026-03-24 14:42:01.954481+01,gold_establishments_2025,,,,21520057700017,2025,Collectivité Territoriale,Commune,['Haute-Marne'],['Grand Est'],COM,{52},{44}
509d3162-8d8e-4d81-b10d-4ef2976b4bd4,218001477,Commune de Bussu (80),false,{80154},Commune,2026-03-24 14:42:09.967209+01,gold_establishments_2025,,,,21800147700015,2025,Collectivité Territoriale,Commune,['Somme'],['Hauts-de-France'],COM,{80},{32}
04b7528a-3721-4632-9e93-e8a9ff3e5b7c,216401547,Commune de Bussunarits-Sarrasquette (64),false,{64154},Commune,2026-03-24 14:42:06.130387+01,gold_establishments_2025,,,,21640154700015,2025,Collectivité Territoriale,Commune,['Pyrénées-Atlantiques'],['Nouvelle-Aquitaine'],COM,{64},{75}
12b85e44-cc6d-4366-9478-f76f29d933fd,218001485,Commune de Bussus-lès-Yaucourt (80),false,{80155},Commune,2026-03-24 14:42:09.967209+01,gold_establishments_2025,,,,21800148500018,2025,Collectivité Territoriale,Commune,['Somme'],['Hauts-de-France'],COM,{80},{32}
82cc5e3a-8d1b-464b-b5d9-d52f0f6d4be9,211800404,Commune de Bussy (18),false,{18040},Commune,2026-03-24 14:41:54.903238+01,gold_establishments_2025,,,,21180040400017,2025,Collectivité Territoriale,Commune,['Cher'],['Centre-Val de Loire'],COM,{18},{24}
a92681b8-ede6-4479-9c25-0de687d9f2ee,216001172,Commune de Bussy (60),false,{60117},Commune,2026-03-24 14:42:04.814328+01,gold_establishments_2025,,,,21600117200016,2025,Collectivité Territoriale,Commune,['Oise'],['Hauts-de-France'],COM,{60},{32}
ceaf93a8-6326-4005-96ef-f4e0c99fd860,214200305,Commune de Bussy-Albieux (42),false,{42030},Commune,2026-03-24 14:42:00.273698+01,gold_establishments_2025,,,,21420030500016,2025,Collectivité Territoriale,Commune,['Loire'],['Auvergne-Rhône-Alpes'],COM,{42},{84}
6ef9b65a-646b-448e-a7fc-152d9af5552b,215100926,Commune de Bussy-Lettrée (51),false,{51099},Commune,2026-03-24 14:42:01.412377+01,gold_establishments_2025,,,,21510092600017,2025,Collectivité Territoriale,Commune,['Marne'],['Grand Est'],COM,{51},{44}
1f78b52d-50d2-4263-a131-b3f561fc4af3,217700582,Commune de Bussy-Saint-Georges (77),false,{77058},Commune,2026-03-24 14:42:08.818969+01,gold_establishments_2025,,,,21770058200018,2025,Collectivité Territoriale,Commune,['Seine-et-Marne'],['Île-de-France'],COM,{77},{11}
ff3487c6-b154-45cb-b0b1-d7a0a58d53c2,217700590,Commune de Bussy-Saint-Martin (77),false,{77059},Commune,2026-03-24 14:42:08.818969+01,gold_establishments_2025,,,,21770059000011,2025,Collectivité Territoriale,Commune,['Seine-et-Marne'],['Île-de-France'],COM,{77},{11}
546919f7-339b-4398-9a4e-e59d061a74b8,218900595,Commune de Bussy-en-Othe (89),false,{89059},Commune,2026-03-24 14:42:11.118516+01,gold_establishments_2025,,,,21890059500016,2025,Collectivité Territoriale,Commune,['Yonne'],['Bourgogne-Franche-Comté'],COM,{89},{27}
65ee9b0b-7b24-4ea2-90a2-34ea78440e4b,212101216,Commune de Bussy-la-Pesle (21),false,{21121},Commune,2026-03-24 14:41:55.433389+01,gold_establishments_2025,,,,21210121600019,2025,Collectivité Territoriale,Commune,"[""Côte-d'Or""]",['Bourgogne-Franche-Comté'],COM,{21},{27}
ad4d835b-b527-462f-9f1d-6d9a13bda56b,215800434,Commune de Bussy-la-Pesle (58),false,{58043},Commune,2026-03-24 14:42:04.280096+01,gold_establishments_2025,,,,21580043400015,2025,Collectivité Territoriale,Commune,['Nièvre'],['Bourgogne-Franche-Comté'],COM,{58},{27}
666c98b9-a83f-49f4-9c4e-7e4d3d473715,215100900,Commune de Bussy-le-Château (51),false,{51097},Commune,2026-03-24 14:42:01.412377+01,gold_establishments_2025,,,,21510090000012,2025,Collectivité Territoriale,Commune,['Marne'],['Grand Est'],COM,{51},{44}
beda7cfd-ea41-4302-992b-36d12514fe89,212101224,Commune de Bussy-le-Grand (21),false,{21122},Commune,2026-03-24 14:41:55.433389+01,gold_establishments_2025,,,,21210122400013,2025,Collectivité Territoriale,Commune,"[""Côte-d'Or""]",['Bourgogne-Franche-Comté'],COM,{21},{27}
7eafec67-34c8-4022-a3c2-3acce449e905,215100918,Commune de Bussy-le-Repos (51),false,{51098},Commune,2026-03-24 14:42:01.412377+01,gold_establishments_2025,,,,21510091800014,2025,Collectivité Territoriale,Commune,['Marne'],['Grand Est'],COM,{51},{44}
5f43052e-ed93-4136-abf3-1c3534a4dab3,218900603,Commune de Bussy-le-Repos (89),false,{89060},Commune,2026-03-24 14:42:11.118516+01,gold_establishments_2025,,,,21890060300018,2025,Collectivité Territoriale,Commune,['Yonne'],['Bourgogne-Franche-Comté'],COM,{89},{27}
254b54ac-e3d9-4563-b405-861b330e82d2,218001493,Commune de Bussy-lès-Daours (80),false,{80156},Commune,2026-03-24 14:42:09.967209+01,gold_establishments_2025,,,,21800149300012,2025,Collectivité Territoriale,Commune,['Somme'],['Hauts-de-France'],COM,{80},{32}
c8b67ad5-3602-4b4c-9242-716512d12764,218001501,Commune de Bussy-lès-Poix (80),false,{80157},Commune,2026-03-24 14:42:09.967209+01,gold_establishments_2025,,,,21800150100012,2025,Collectivité Territoriale,Commune,['Somme'],['Hauts-de-France'],COM,{80},{32}
a9f872e7-d0d7-4af3-b17e-9b0b82d7b605,216300590,Commune de Busséol (63),false,{63059},Commune,2026-03-24 14:42:06.130387+01,gold_establishments_2025,,,,21630059000017,2025,Collectivité Territoriale,Commune,['Puy-de-Dôme'],['Auvergne-Rhône-Alpes'],COM,{63},{84}
cf20b7e3-e2a1-4f86-8cf2-5dfb44ce7153,216700716,Commune de Bust (67),false,{67071},Commune,2026-03-24 14:42:06.665412+01,gold_establishments_2025,,,,21670071600063,2025,Collectivité Territoriale,Commune,['Bas-Rhin'],['Grand Est'],COM,{67},{44}
ad1c4fa8-fd9e-4455-a12a-aef868e2823c,212000459,Commune de Bustanico (2B),false,{2B045},Commune,2026-03-24 14:41:57.56054+01,gold_establishments_2025,,,,21200045900017,2025,Collectivité Territoriale,Commune,['Haute-Corse'],['Corse'],COM,{2B},{94}
4ef3a34a-5c26-423a-9a81-42be0554ebed,216401554,Commune de Bustince-Iriberry (64),false,{64155},Commune,2026-03-24 14:42:06.130387+01,gold_establishments_2025,,,,21640155400011,2025,Collectivité Territoriale,Commune,['Pyrénées-Atlantiques'],['Nouvelle-Aquitaine'],COM,{64},{75}
6e6ce81b-c77f-436f-987d-fc612f034b5c,216700682,Commune de Buswiller (67),false,{67068},Commune,2026-03-24 14:42:06.665412+01,gold_establishments_2025,,,,21670068200018,2025,Collectivité Territoriale,Commune,['Bas-Rhin'],['Grand Est'],COM,{67},{44}
24ba46c6-0f01-449e-8d23-8a900ae7bcff,212501035,Commune de Busy (25),false,{25103},Commune,2026-03-24 14:41:56.495197+01,gold_establishments_2025,,,,21250103500019,2025,Collectivité Territoriale,Commune,['Doubs'],['Bourgogne-Franche-Comté'],COM,{25},{27}
0d93b540-9105-4a6f-9e33-ceafa9b956b6,217001098,Commune de Buthiers (70),false,{70109},Commune,2026-03-24 14:42:07.735343+01,gold_establishments_2025,,,,21700109800011,2025,Collectivité Territoriale,Commune,['Haute-Saône'],['Bourgogne-Franche-Comté'],COM,{70},{27}
743b61ff-3629-4720-90ba-f60c5dc54523,217700608,Commune de Buthiers (77),false,{77060},Commune,2026-03-24 14:42:08.818969+01,gold_establishments_2025,,,,21770060800011,2025,Collectivité Territoriale,Commune,['Seine-et-Marne'],['Île-de-France'],COM,{77},{11}
7cd583ab-b5f3-4ab4-8540-d6f7e14994cf,217601491,Commune de Butot (76),false,{76149},Commune,2026-03-24 14:42:08.818969+01,gold_establishments_2025,,,,21760149100012,2025,Collectivité Territoriale,Commune,['Seine-Maritime'],['Normandie'],COM,{76},{28}
74127a9c-b6ec-4e49-81ed-0f21d194c6fd,217607324,Commune de Butot-Vénesville (76),false,{76732},Commune,2026-03-24 14:42:08.818969+01,gold_establishments_2025,,,,21760732400019,2025,Collectivité Territoriale,Commune,['Seine-Maritime'],['Normandie'],COM,{76},{28}
0543db02-d870-419d-925d-e37a5001d8d1,219501202,Commune de Butry-sur-Oise (95),false,{95120},Commune,2026-03-24 14:42:11.659493+01,gold_establishments_2025,,,,21950120200010,2025,Collectivité Territoriale,Commune,"[""Val-d'Oise""]",['Île-de-France'],COM,{95},{11}
61d15aff-23f8-48d1-bb30-bbf5faf49ac8,218900611,Commune de Butteaux (89),false,{89061},Commune,2026-03-24 14:42:11.118516+01,gold_establishments_2025,,,,21890061100011,2025,Collectivité Territoriale,Commune,['Yonne'],['Bourgogne-Franche-Comté'],COM,{89},{27}
510281f2-5872-44dd-b302-76af28c20a43,216700724,Commune de Butten (67),false,{67072},Commune,2026-03-24 14:42:06.665412+01,gold_establishments_2025,,,,21670072400018,2025,Collectivité Territoriale,Commune,['Bas-Rhin'],['Grand Est'],COM,{67},{44}
07f52ae2-16b2-476d-aeda-6cc8549f205e,218001519,Commune de Buverchy (80),false,{80158},Commune,2026-03-24 14:42:09.967209+01,gold_establishments_2025,,,,21800151900014,2025,Collectivité Territoriale,Commune,['Somme'],['Hauts-de-France'],COM,{80},{32}
09be18ae-2228-4f76-8a71-43cf5eb8dcf4,213900814,Commune de Buvilly (39),false,{39081},Commune,2026-03-24 14:41:59.705606+01,gold_establishments_2025,,,,21390081400012,2025,Collectivité Territoriale,Commune,['Jura'],['Bourgogne-Franche-Comté'],COM,{39},{27}
a3e1c7fe-ab25-4e5c-bbb0-b839e9731447,212101232,Commune de Buxerolles (21),false,{21123},Commune,2026-03-24 14:41:55.433389+01,gold_establishments_2025,,,,21210123200016,2025,Collectivité Territoriale,Commune,"[""Côte-d'Or""]",['Bourgogne-Franche-Comté'],COM,{21},{27}
5ffe13c3-56fe-4d83-be30-0ed80f985567,218600419,Commune de Buxerolles (86),false,{86041},Commune,2026-03-24 14:42:10.508772+01,gold_establishments_2025,,,,21860041900012,2025,Collectivité Territoriale,Commune,['Vienne'],['Nouvelle-Aquitaine'],COM,{86},{75}
24b4cb37-93ee-4a02-8ab7-f98a4a0bda84,211000633,Commune de Buxeuil (10),false,{10068},Commune,2026-03-24 14:41:53.095366+01,gold_establishments_2025,,,,21100063300019,2025,Collectivité Territoriale,Commune,['Aube'],['Grand Est'],COM,{10},{44}
1a886670-81c7-49fc-a16f-580e5d8591a7,213600299,Commune de Buxeuil (36),false,{36029},Commune,2026-03-24 14:41:59.160244+01,gold_establishments_2025,,,,21360029900019,2025,Collectivité Territoriale,Commune,['Indre'],['Centre-Val de Loire'],COM,{36},{24}
5d38bd13-a454-4a5a-aff6-598a3940d76b,218600427,Commune de Buxeuil (86),false,{86042},Commune,2026-03-24 14:42:10.508772+01,gold_establishments_2025,,,,21860042700015,2025,Collectivité Territoriale,Commune,['Vienne'],['Nouvelle-Aquitaine'],COM,{86},{75}
e5213e91-7da3-4f91-b815-9a22de384919,213600307,Commune de Buxières-d'Aillac (36),false,{36030},Commune,2026-03-24 14:41:59.160244+01,gold_establishments_2025,,,,21360030700010,2025,Collectivité Territoriale,Commune,['Indre'],['Centre-Val de Loire'],COM,{36},{24}
33d5c593-9a85-4f03-8ac8-c760675f1c0e,210300463,Commune de Buxières-les-Mines (03),false,{03046},Commune,2026-03-24 14:41:52.020251+01,gold_establishments_2025,,,,21030046300010,2025,Collectivité Territoriale,Commune,['Allier'],['Auvergne-Rhône-Alpes'],COM,{03},{84}
2dcdf56b-06e7-444a-862b-fff9463ead8f,215200585,Commune de Buxières-lès-Clefmont (52),false,{52085},Commune,2026-03-24 14:42:01.954481+01,gold_establishments_2025,,,,21520058500010,2025,Collectivité Territoriale,Commune,['Haute-Marne'],['Grand Est'],COM,{52},{44}
2ca346b1-261f-44fa-9ffb-a5631d0c565b,215200593,Commune de Buxières-lès-Villiers (52),false,{52087},Commune,2026-03-24 14:42:01.954481+01,gold_establishments_2025,,,,21520059300014,2025,Collectivité Territoriale,Commune,['Haute-Marne'],['Grand Est'],COM,{52},{44}
5df59830-ca87-41d4-96d6-e792f3043314,216300624,Commune de Buxières-sous-Montaigut (63),false,{63062},Commune,2026-03-24 14:42:06.130387+01,gold_establishments_2025,,,,21630062400014,2025,Collectivité Territoriale,Commune,['Puy-de-Dôme'],['Auvergne-Rhône-Alpes'],COM,{63},{84}
2d82aa16-f11b-4ae1-b0ff-6d29f3d61cdb,215500935,Commune de Buxières-sous-les-Côtes (55),false,{55093},Commune,2026-03-24 14:42:02.957225+01,gold_establishments_2025,,,,21550093500014,2025,Collectivité Territoriale,Commune,['Meuse'],['Grand Est'],COM,{55},{44}
fe695696-04a9-4071-b0fb-4e2bb29f4b75,211000641,Commune de Buxières-sur-Arce (10),false,{10069},Commune,2026-03-24 14:41:53.095366+01,gold_establishments_2025,,,,21100064100012,2025,Collectivité Territoriale,Commune,['Aube'],['Grand Est'],COM,{10},{44}
7a16d533-63db-4dca-a739-60273360bec3,217100700,Commune de Buxy (71),false,{71070},Commune,2026-03-24 14:42:07.735343+01,gold_establishments_2025,,,,21710070000012,2025,Collectivité Territoriale,Commune,['Saône-et-Loire'],['Bourgogne-Franche-Comté'],COM,{71},{27}
0dfa4ef9-cee3-4425-a319-4a95ac9af0f6,215901190,Commune de Buysscheure (59),false,{59119},Commune,2026-03-24 14:42:04.280096+01,gold_establishments_2025,,,,21590119000011,2025,Collectivité Territoriale,Commune,['Nord'],['Hauts-de-France'],COM,{59},{32}
d6224a5b-6f57-41b1-add0-9f9c812bafbe,210900692,Commune de Buzan (09),false,{09069},Commune,2026-03-24 14:41:53.095366+01,gold_establishments_2025,,,,21090069200018,2025,Collectivité Territoriale,Commune,['Ariège'],['Occitanie'],COM,{09},{76}
b2f986d6-7d64-4cbe-ae27-7305747c4f91,210201257,Commune de Buzancy (02),false,{02138},Commune,2026-03-24 14:41:51.447482+01,gold_establishments_2025,,,,21020125700016,2025,Collectivité Territoriale,Commune,['Aisne'],['Hauts-de-France'],COM,{02},{32}
4c3046cb-4394-4ff2-8fef-14e4977b1872,210800827,Commune de Buzancy (08),false,{08089},Commune,2026-03-24 14:41:52.562531+01,gold_establishments_2025,,,,21080082700011,2025,Collectivité Territoriale,Commune,['Ardennes'],['Grand Est'],COM,{08},{44}
9fb6ee07-af23-400f-ad92-07d5dee5766a,213600315,Commune de Buzançais (36),false,{36031},Commune,2026-03-24 14:41:59.160244+01,gold_establishments_2025,,,,21360031500013,2025,Collectivité Territoriale,Commune,['Indre'],['Centre-Val de Loire'],COM,{36},{24}
6f6ebb0c-0753-47cc-9fe9-c9948457c84b,214700437,Commune de Buzet-sur-Baïse (47),false,{47043},Commune,2026-03-24 14:42:00.862623+01,gold_establishments_2025,,,,21470043700012,2025,Collectivité Territoriale,Commune,['Lot-et-Garonne'],['Nouvelle-Aquitaine'],COM,{47},{75}
868d807e-a42c-4b20-b4b0-b248cca8b123,213100944,Commune de Buzet-sur-Tarn (31),false,{31094},Commune,2026-03-24 14:41:57.56054+01,gold_establishments_2025,,,,21310094400015,2025,Collectivité Territoriale,Commune,['Haute-Garonne'],['Occitanie'],COM,{31},{76}
f055f267-0abe-4438-a6ec-31686e91b5d3,216401562,Commune de Buziet (64),false,{64156},Commune,2026-03-24 14:42:06.130387+01,gold_establishments_2025,,,,21640156200014,2025,Collectivité Territoriale,Commune,['Pyrénées-Atlantiques'],['Nouvelle-Aquitaine'],COM,{64},{75}
89d032e2-ee23-4fcf-b902-aff129623f55,213400435,Commune de Buzignargues (34),false,{34043},Commune,2026-03-24 14:41:58.620411+01,gold_establishments_2025,,,,21340043500011,2025,Collectivité Territoriale,Commune,['Hérault'],['Occitanie'],COM,{34},{76}
0c4451ae-52ca-4acc-9c52-4291dce4bc55,216501148,Commune de Buzon (65),false,{65114},Commune,2026-03-24 14:42:06.665412+01,gold_establishments_2025,,,,21650114800011,2025,Collectivité Territoriale,Commune,['Hautes-Pyrénées'],['Occitanie'],COM,{65},{76}
05f9992a-036e-4fde-a9de-0b129e9aa85f,216401570,Commune de Buzy (64),false,{64157},Commune,2026-03-24 14:42:06.130387+01,gold_establishments_2025,,,,21640157000017,2025,Collectivité Territoriale,Commune,['Pyrénées-Atlantiques'],['Nouvelle-Aquitaine'],COM,{64},{75}
f1ca1781-0411-44c3-a961-a14542cba07a,215500943,Commune de Buzy-Darmont (55),false,{55094},Commune,2026-03-24 14:42:02.957225+01,gold_establishments_2025,,,,21550094300018,2025,Collectivité Territoriale,Commune,['Meuse'],['Grand Est'],COM,{55},{44}
6f35d522-c357-41d8-bfa9-98f80595af08,211800396,Commune de Bué (18),false,{18039},Commune,2026-03-24 14:41:54.903238+01,gold_establishments_2025,,,,21180039600015,2025,Collectivité Territoriale,Commune,['Cher'],['Centre-Val de Loire'],COM,{18},{24}
d2ca302c-a7a5-4e3d-b141-604e2b200a37,212501043,Commune de By (25),false,{25104},Commune,2026-03-24 14:41:56.495197+01,gold_establishments_2025,,,,21250104300013,2025,Collectivité Territoriale,Commune,['Doubs'],['Bourgogne-Franche-Comté'],COM,{25},{27}
502c0d1b-d0e0-49fd-a113-107564c1bcc3,212501050,Commune de Byans-sur-Doubs (25),false,{25105},Commune,2026-03-24 14:41:56.495197+01,gold_establishments_2025,,,,21250105000018,2025,Collectivité Territoriale,Commune,['Doubs'],['Bourgogne-Franche-Comté'],COM,{25},{27}
b7aa2fe9-c756-4eeb-bb2a-888bb963456b,200077220,Commune de Bâgé-Dommartin (01),false,{01025},Commune,2026-03-24 14:41:51.447482+01,gold_establishments_2025,,,,20007722000016,2025,Collectivité Territoriale,Commune,['Ain'],['Auvergne-Rhône-Alpes'],COM,{01},{84}
1406dae3-9f19-40dc-ad90-322edf1d664d,210100269,Commune de Bâgé-le-Châtel (01),false,{01026},Commune,2026-03-24 14:41:51.447482+01,gold_establishments_2025,,,,21010026900013,2025,Collectivité Territoriale,Commune,['Ain'],['Auvergne-Rhône-Alpes'],COM,{01},{84}
1a719a08-991f-4714-8411-de675be70902,212700363,Commune de Bâlines (27),false,{27036},Commune,2026-03-24 14:41:56.495197+01,gold_establishments_2025,,,,21270036300014,2025,Collectivité Territoriale,Commune,['Eure'],['Normandie'],COM,{27},{28}
3a0f3ab7-965d-4b34-aed2-360ae5661331,213300395,Commune de Bègles (33),false,{33039},Commune,2026-03-24 14:41:58.09424+01,gold_establishments_2025,,,,21330039500018,2025,Collectivité Territoriale,Commune,['Gironde'],['Nouvelle-Aquitaine'],COM,{33},{75}
022d762e-2630-4caa-8996-39282495062f,210300216,Commune de Bègues (03),false,{03021},Commune,2026-03-24 14:41:52.020251+01,gold_establishments_2025,,,,21030021600012,2025,Collectivité Territoriale,Commune,['Allier'],['Auvergne-Rhône-Alpes'],COM,{03},{84}
c40f6014-5bea-4f5c-b8f0-7d0c33249d61,212100713,Commune de Bèze (21),false,{21071},Commune,2026-03-24 14:41:55.433389+01,gold_establishments_2025,,,,21210071300016,2025,Collectivité Territoriale,Commune,"[""Côte-d'Or""]",['Bourgogne-Franche-Comté'],COM,{21},{27}
e8958092-6721-44a8-b332-318f9539f38f,218000586,Commune de Béalcourt (80),false,{80060},Commune,2026-03-24 14:42:09.43682+01,gold_establishments_2025,,,,21800058600014,2025,Collectivité Territoriale,Commune,['Somme'],['Hauts-de-France'],COM,{80},{32}
80d1a0c6-4915-41b6-ae02-9aadceaefd0b,216200907,Commune de Béalencourt (62),false,{62090},Commune,2026-03-24 14:42:05.597325+01,gold_establishments_2025,,,,21620090700014,2025,Collectivité Territoriale,Commune,['Pas-de-Calais'],['Hauts-de-France'],COM,{62},{32}
83d432dc-17a4-4b6b-9a2e-cd81d99d3af6,215800251,Commune de Béard (58),false,{58025},Commune,2026-03-24 14:42:04.280096+01,gold_establishments_2025,,,,21580025100013,2025,Collectivité Territoriale,Commune,['Nièvre'],['Bourgogne-Franche-Comté'],COM,{58},{27}
95474b3b-4dbf-4f21-9900-20b30af2f87b,210101705,Commune de Béard-Géovreissiat (01),false,{01170},Commune,2026-03-24 14:41:51.447482+01,gold_establishments_2025,,,,21010170500015,2025,Collectivité Territoriale,Commune,['Ain'],['Auvergne-Rhône-Alpes'],COM,{01},{84}
7441fceb-ccbc-4fd7-9357-5c128b4501b3,215700568,Commune de Bébing (57),false,{57056},Commune,2026-03-24 14:42:03.701372+01,gold_establishments_2025,,,,21570056800011,2025,Collectivité Territoriale,Commune,['Moselle'],['Grand Est'],COM,{57},{44}
9042c5a3-2cec-4dd3-a74d-dfda04dc782d,217900323,Commune de Béceleuf (79),false,{79032},Commune,2026-03-24 14:42:09.43682+01,gold_establishments_2025,,,,21790032300015,2025,Collectivité Territoriale,Commune,['Deux-Sèvres'],['Nouvelle-Aquitaine'],COM,{79},{75}
ce741538-390a-4800-a007-1f0b6188165d,215400581,Commune de Béchamps (54),false,{54058},Commune,2026-03-24 14:42:02.957225+01,gold_establishments_2025,,,,21540058100017,2025,Collectivité Territoriale,Commune,['Meurthe-et-Moselle'],['Grand Est'],COM,{54},{44}
778cf433-20a5-4fab-a445-6eba6b892003,213500226,Commune de Bécherel (35),false,{35022},Commune,2026-03-24 14:41:58.620411+01,gold_establishments_2025,,,,21350022600013,2025,Collectivité Territoriale,Commune,['Ille-et-Vilaine'],['Bretagne'],COM,{35},{53}
32c68faa-8983-4a63-921b-91e03bcdc889,211600366,Commune de Bécheresse (16),false,{16036},Commune,2026-03-24 14:41:54.362296+01,gold_establishments_2025,,,,21160036600010,2025,Collectivité Territoriale,Commune,['Charente'],['Nouvelle-Aquitaine'],COM,{16},{75}
728e488d-69ca-4fd4-acda-c0391a0dad1c,215700576,Commune de Béchy (57),false,{57057},Commune,2026-03-24 14:42:03.701372+01,gold_establishments_2025,,,,21570057600014,2025,Collectivité Territoriale,Commune,['Moselle'],['Grand Est'],COM,{57},{44}
115bd65f-b91b-488b-bac2-69ca743b26cd,214900268,Commune de Bécon-les-Granits (49),false,{49026},Commune,2026-03-24 14:42:01.412377+01,gold_establishments_2025,,,,21490026800019,2025,Collectivité Territoriale,Commune,['Maine-et-Loire'],['Pays de la Loire'],COM,{49},{52}
660f5eff-a2be-44ca-b2f9-78f27da99d0d,218000701,Commune de Bécordel-Bécourt (80),false,{80073},Commune,2026-03-24 14:42:09.43682+01,gold_establishments_2025,,,,21800070100019,2025,Collectivité Territoriale,Commune,['Somme'],['Hauts-de-France'],COM,{80},{32}
55bc445b-d55c-4a13-8cd4-ba2ce3d37ad4,216201020,Commune de Bécourt (62),false,{62102},Commune,2026-03-24 14:42:05.597325+01,gold_establishments_2025,,,,21620102000015,2025,Collectivité Territoriale,Commune,['Pas-de-Calais'],['Hauts-de-France'],COM,{62},{32}
47a240e5-3379-4f3d-95ea-ea79736a5f7c,213400286,Commune de Bédarieux (34),false,{34028},Commune,2026-03-24 14:41:58.620411+01,gold_establishments_2025,,,,21340028600018,2025,Collectivité Territoriale,Commune,['Hérault'],['Occitanie'],COM,{34},{76}
ca74566e-5e4a-43dc-8c82-435b54cc96c1,218400166,Commune de Bédarrides (84),false,{84016},Commune,2026-03-24 14:42:10.508772+01,gold_establishments_2025,,,,21840016600011,2025,Collectivité Territoriale,Commune,['Vaucluse'],"[""Provence-Alpes-Côte d'Azur""]",COM,{84},{93}
25dfbe4d-fcb7-4e37-9502-aaadb4776968,210900452,Commune de Bédeilhac-et-Aynat (09),false,{09045},Commune,2026-03-24 14:41:53.095366+01,gold_establishments_2025,,,,21090045200017,2025,Collectivité Territoriale,Commune,['Ariège'],['Occitanie'],COM,{09},{76}
c41089b8-d479-47a2-9949-18f1b760cda3,210900460,Commune de Bédeille (09),false,{09046},Commune,2026-03-24 14:41:53.095366+01,gold_establishments_2025,,,,21090046000010,2025,Collectivité Territoriale,Commune,['Ariège'],['Occitanie'],COM,{09},{76}
670a68e1-c408-4051-b926-cdd83050f547,216401034,Commune de Bédeille (64),false,{64103},Commune,2026-03-24 14:42:06.130387+01,gold_establishments_2025,,,,21640103400014,2025,Collectivité Territoriale,Commune,['Pyrénées-Atlantiques'],['Nouvelle-Aquitaine'],COM,{64},{75}
95d1cff9-cead-42bf-bd44-0878650799fe,218400174,Commune de Bédoin (84),false,{84017},Commune,2026-03-24 14:42:10.508772+01,gold_establishments_2025,,,,21840017400015,2025,Collectivité Territoriale,Commune,['Vaucluse'],"[""Provence-Alpes-Côte d'Azur""]",COM,{84},{93}
9d15d234-5a47-4c05-ab9e-59a41290b0cb,200057560,Commune de Bédouès-Cocurès (48),false,{48050},Commune,2026-03-24 14:42:01.412377+01,gold_establishments_2025,,,,20005756000050,2025,Collectivité Territoriale,Commune,['Lozère'],['Occitanie'],COM,{48},{76}
47d15ae6-d2b6-4b66-8ff9-f7042e895020,214600215,Commune de Béduer (46),false,{46021},Commune,2026-03-24 14:42:00.862623+01,gold_establishments_2025,,,,21460021500013,2025,Collectivité Territoriale,Commune,['Lot'],['Occitanie'],COM,{46},{76}
51dc3c8b-038b-47dc-a845-77b9bb01c143,213200405,Commune de Bédéchan (32),false,{32040},Commune,2026-03-24 14:41:58.09424+01,gold_establishments_2025,,,,21320040500016,2025,Collectivité Territoriale,Commune,['Gers'],['Occitanie'],COM,{32},{76}
a6b30fc2-4280-4b69-bafe-bbd6a822d15b,213500234,Commune de Bédée (35),false,{35023},Commune,2026-03-24 14:41:58.620411+01,gold_establishments_2025,,,,21350023400017,2025,Collectivité Territoriale,Commune,['Ille-et-Vilaine'],['Bretagne'],COM,{35},{53}
5d007519-6452-4e7e-9076-2ba02d710297,214000317,Commune de Bégaar (40),false,{40031},Commune,2026-03-24 14:41:59.705606+01,gold_establishments_2025,,,,21400031700013,2025,Collectivité Territoriale,Commune,['Landes'],['Nouvelle-Aquitaine'],COM,{40},{75}
4f7b0f3b-be41-49a5-b966-7ef715b94744,213300387,Commune de Bégadan (33),false,{33038},Commune,2026-03-24 14:41:58.09424+01,gold_establishments_2025,,,,21330038700015,2025,Collectivité Territoriale,Commune,['Gironde'],['Nouvelle-Aquitaine'],COM,{33},{75}
e258d132-8723-4be6-ab3c-c3231fb6f676,215600115,Commune de Béganne (56),false,{56011},Commune,2026-03-24 14:42:03.701372+01,gold_establishments_2025,,,,21560011500012,2025,Collectivité Territoriale,Commune,['Morbihan'],['Bretagne'],COM,{56},{53}
9b0038e5-b5e3-4975-9676-096fa7f7e063,212200042,Commune de Bégard (22),false,{22004},Commune,2026-03-24 14:41:55.433389+01,gold_establishments_2025,,,,21220004200019,2025,Collectivité Territoriale,Commune,"[""Côtes-d'Armor""]",['Bretagne'],COM,{22},{53}
81d1b73e-5c51-45b2-bffc-2c6a8d4a66ca,216500793,Commune de Bégole (65),false,{65079},Commune,2026-03-24 14:42:06.665412+01,gold_establishments_2025,,,,21650079300015,2025,Collectivité Territoriale,Commune,['Hautes-Pyrénées'],['Occitanie'],COM,{65},{76}
cb9a72c5-92c2-4c06-a761-a90a9b528f2b,214900276,Commune de Bégrolles-en-Mauges (49),false,{49027},Commune,2026-03-24 14:42:01.412377+01,gold_establishments_2025,,,,21490027600079,2025,Collectivité Territoriale,Commune,['Maine-et-Loire'],['Pays de la Loire'],COM,{49},{52}
0276c0fe-08d1-4445-beba-9cdb94e0cdb6,213300403,Commune de Béguey (33),false,{33040},Commune,2026-03-24 14:41:58.09424+01,gold_establishments_2025,,,,21330040300010,2025,Collectivité Territoriale,Commune,['Gironde'],['Nouvelle-Aquitaine'],COM,{33},{75}
6ad4b056-9ba4-4525-983b-b2a63c893ac5,216401059,Commune de Béguios (64),false,{64105},Commune,2026-03-24 14:42:06.130387+01,gold_establishments_2025,,,,21640105900011,2025,Collectivité Territoriale,Commune,['Pyrénées-Atlantiques'],['Nouvelle-Aquitaine'],COM,{64},{75}
c1c665fc-6edf-4847-991f-1011a0ab40ae,216201038,Commune de Béhagnies (62),false,{62103},Commune,2026-03-24 14:42:05.597325+01,gold_establishments_2025,,,,21620103800017,2025,Collectivité Territoriale,Commune,['Pas-de-Calais'],['Hauts-de-France'],COM,{62},{32}
78838249-81ea-4936-aadf-ae54b2ba387f,216401067,Commune de Béhasque-Lapiste (64),false,{64106},Commune,2026-03-24 14:42:06.130387+01,gold_establishments_2025,,,,21640106700014,2025,Collectivité Territoriale,Commune,['Pyrénées-Atlantiques'],['Nouvelle-Aquitaine'],COM,{64},{75}
4508848d-922a-453e-a529-0cb54ed149ef,218000727,Commune de Béhen (80),false,{80076},Commune,2026-03-24 14:42:09.43682+01,gold_establishments_2025,,,,21800072700014,2025,Collectivité Territoriale,Commune,['Somme'],['Hauts-de-France'],COM,{80},{32}
8a4e598d-bb45-4ff7-9f7f-cfbbb2c509bb,218000735,Commune de Béhencourt (80),false,{80077},Commune,2026-03-24 14:42:09.43682+01,gold_establishments_2025,,,,21800073500017,2025,Collectivité Territoriale,Commune,['Somme'],['Hauts-de-France'],COM,{80},{32}
6db89f1d-11c1-49bd-976e-ff66accd5624,216401075,Commune de Béhorléguy (64),false,{64107},Commune,2026-03-24 14:42:06.130387+01,gold_establishments_2025,,,,21640107500017,2025,Collectivité Territoriale,Commune,['Pyrénées-Atlantiques'],['Nouvelle-Aquitaine'],COM,{64},{75}
905be93d-7192-45a2-8624-e41ef50a8664,217800531,Commune de Béhoust (78),false,{78053},Commune,2026-03-24 14:42:09.43682+01,gold_establishments_2025,,,,21780053100014,2025,Collectivité Territoriale,Commune,['Yvelines'],['Île-de-France'],COM,{78},{11}
399db628-724d-4123-a00c-48ecbc5e03a5,214900284,Commune de Béhuard (49),false,{49028},Commune,2026-03-24 14:42:01.412377+01,gold_establishments_2025,,,,21490028400016,2025,Collectivité Territoriale,Commune,['Maine-et-Loire'],['Pays de la Loire'],COM,{49},{52}
e64c5ef3-0d56-453a-be4f-f0e3ad12db4c,216000588,Commune de Béhéricourt (60),false,{60059},Commune,2026-03-24 14:42:04.814328+01,gold_establishments_2025,,,,21600058800014,2025,Collectivité Territoriale,Commune,['Oise'],['Hauts-de-France'],COM,{60},{32}
a1375bee-28e9-4980-a57d-740689271cb0,213400294,Commune de Bélarga (34),false,{34029},Commune,2026-03-24 14:41:58.620411+01,gold_establishments_2025,,,,21340029400012,2025,Collectivité Territoriale,Commune,['Hérault'],['Occitanie'],COM,{34},{76}
b42cafb1-4835-4817-af87-1aa58e8acd68,214600223,Commune de Bélaye (46),false,{46022},Commune,2026-03-24 14:42:00.862623+01,gold_establishments_2025,,,,21460022300017,2025,Collectivité Territoriale,Commune,['Lot'],['Occitanie'],COM,{46},{76}
4861e050-d80e-4e07-9be2-8400390a2125,210900478,Commune de Bélesta (09),false,{09047},Commune,2026-03-24 14:41:53.095366+01,gold_establishments_2025,,,,21090047800012,2025,Collectivité Territoriale,Commune,['Ariège'],['Occitanie'],COM,{09},{76}
a187bfd4-afec-4db3-9e93-6ff3075dd2b4,216600197,Commune de Bélesta (66),false,{66019},Commune,2026-03-24 14:42:06.665412+01,gold_establishments_2025,,,,21660019700018,2025,Collectivité Territoriale,Commune,['Pyrénées-Orientales'],['Occitanie'],COM,{66},{76}
b49dadf9-e4a3-4791-b111-db270477edce,213100605,Commune de Bélesta-en-Lauragais (31),false,{31060},Commune,2026-03-24 14:41:57.56054+01,gold_establishments_2025,,,,21310060500012,2025,Collectivité Territoriale,Commune,['Haute-Garonne'],['Occitanie'],COM,{31},{76}
14a3c1b0-3e95-4129-ab80-b6c43ce30335,210100327,Commune de Béligneux (01),false,{01032},Commune,2026-03-24 14:41:51.447482+01,gold_establishments_2025,,,,21010032700019,2025,Collectivité Territoriale,Commune,['Ain'],['Auvergne-Rhône-Alpes'],COM,{01},{84}
1c48a257-2edc-4ec8-8eb0-00dc251de6dc,214000333,Commune de Bélis (40),false,{40033},Commune,2026-03-24 14:41:59.705606+01,gold_establishments_2025,,,,21400033300010,2025,Collectivité Territoriale,Commune,['Landes'],['Nouvelle-Aquitaine'],COM,{40},{75}
598d8084-09c8-4b6f-9043-b7348cb31bb4,214000341,Commune de Bélus (40),false,{40034},Commune,2026-03-24 14:41:59.705606+01,gold_establishments_2025,,,,21400034100013,2025,Collectivité Territoriale,Commune,['Landes'],['Nouvelle-Aquitaine'],COM,{40},{75}
0b8c579a-4cfa-4dbf-a3bd-3a5e85d67f2c,213600166,Commune de Bélâbre (36),false,{36016},Commune,2026-03-24 14:41:59.160244+01,gold_establishments_2025,,,,21360016600010,2025,Collectivité Territoriale,Commune,['Indre'],['Centre-Val de Loire'],COM,{36},{24}
911f04a9-146b-4c66-be07-56b1666886d0,212700546,Commune de Bémécourt (27),false,{27054},Commune,2026-03-24 14:41:56.495197+01,gold_establishments_2025,,,,21270054600014,2025,Collectivité Territoriale,Commune,['Eure'],['Normandie'],COM,{27},{28}
8e57d73d-33b8-4027-9067-f003e495e8df,210900494,Commune de Bénac (09),false,{09049},Commune,2026-03-24 14:41:53.095366+01,gold_establishments_2025,,,,21090049400019,2025,Collectivité Territoriale,Commune,['Ariège'],['Occitanie'],COM,{09},{76}
cc40bd34-a518-49ac-ab5f-9a7dbaa52189,216500801,Commune de Bénac (65),false,{65080},Commune,2026-03-24 14:42:06.665412+01,gold_establishments_2025,,,,21650080100016,2025,Collectivité Territoriale,Commune,['Hautes-Pyrénées'],['Occitanie'],COM,{65},{76}
ecd2db7c-d2dd-49f7-9c69-c62a640dac54,210900510,Commune de Bénaix (09),false,{09051},Commune,2026-03-24 14:41:53.095366+01,gold_establishments_2025,,,,21090051000012,2025,Collectivité Territoriale,Commune,['Ariège'],['Occitanie'],COM,{09},{76}
8d3e9a7b-fb75-4544-95b9-8b37fd225790,215400615,Commune de Bénaménil (54),false,{54061},Commune,2026-03-24 14:42:02.957225+01,gold_establishments_2025,,,,21540061500013,2025,Collectivité Territoriale,Commune,['Meurthe-et-Moselle'],['Grand Est'],COM,{54},{44}
7e5c57f3-c1ed-498f-8c14-9a1a5e2bae6f,217600766,Commune de Bénarville (76),false,{76076},Commune,2026-03-24 14:42:08.818969+01,gold_establishments_2025,,,,21760076600018,2025,Collectivité Territoriale,Commune,['Seine-Maritime'],['Normandie'],COM,{76},{28}
d10f2d90-46c2-4d77-ac83-df640cf90d2a,214000366,Commune de Bénesse-Maremne (40),false,{40036},Commune,2026-03-24 14:41:59.705606+01,gold_establishments_2025,,,,21400036600010,2025,Collectivité Territoriale,Commune,['Landes'],['Nouvelle-Aquitaine'],COM,{40},{75}
2e8e5a86-0da4-4c73-8180-c3661a020450,214000358,Commune de Bénesse-lès-Dax (40),false,{40035},Commune,2026-03-24 14:41:59.705606+01,gold_establishments_2025,,,,21400035800017,2025,Collectivité Territoriale,Commune,['Landes'],['Nouvelle-Aquitaine'],COM,{40},{75}
83fa8b1a-12eb-4237-8fd5-642acf1ceddb,215700600,Commune de Bénestroff (57),false,{57060},Commune,2026-03-24 14:42:03.701372+01,gold_establishments_2025,,,,21570060000012,2025,Collectivité Territoriale,Commune,['Moselle'],['Grand Est'],COM,{57},{44}
4f4a5705-d838-4d66-a7ff-f34e7bbcfbdf,217600774,Commune de Bénesville (76),false,{76077},Commune,2026-03-24 14:42:08.818969+01,gold_establishments_2025,,,,21760077400012,2025,Collectivité Territoriale,Commune,['Seine-Maritime'],['Normandie'],COM,{76},{28}
e908f188-245b-41af-a1af-3a64d5ff23c8,216201079,Commune de Bénifontaine (62),false,{62107},Commune,2026-03-24 14:42:05.597325+01,gold_establishments_2025,,,,21620107900011,2025,Collectivité Territoriale,Commune,['Pas-de-Calais'],['Hauts-de-France'],COM,{62},{32}
4c73acd5-8962-42ef-8bdd-b22ddf5a454d,215700618,Commune de Béning-lès-Saint-Avold (57),false,{57061},Commune,2026-03-24 14:42:03.701372+01,gold_establishments_2025,,,,21570061800014,2025,Collectivité Territoriale,Commune,['Moselle'],['Grand Est'],COM,{57},{44}
a0a6b233-450a-417f-96d4-921983c61632,212600480,Commune de Bénivay-Ollon (26),false,{26048},Commune,2026-03-24 14:41:56.495197+01,gold_establishments_2025,,,,21260048000017,2025,Collectivité Territoriale,Commune,['Drôme'],['Auvergne-Rhône-Alpes'],COM,{26},{84}
f834980a-8c65-4ce2-b5be-c416f86ffcd8,212900062,Commune de Bénodet (29),false,{29006},Commune,2026-03-24 14:41:57.028721+01,gold_establishments_2025,,,,21290006200010,2025,Collectivité Territoriale,Commune,['Finistère'],['Bretagne'],COM,{29},{53}
424e0c2f-3eb9-42bb-b2b2-0beb4f015030,210100376,Commune de Bénonces (01),false,{01037},Commune,2026-03-24 14:41:51.447482+01,gold_establishments_2025,,,,21010037600016,2025,Collectivité Territoriale,Commune,['Ain'],['Auvergne-Rhône-Alpes'],COM,{01},{84}
95c06c5c-e61d-47ca-9111-81a4ac7893ca,211400601,Commune de Bénouville (14),false,{14060},Commune,2026-03-24 14:41:53.63825+01,gold_establishments_2025,,,,21140060100012,2025,Collectivité Territoriale,Commune,['Calvados'],['Normandie'],COM,{14},{28}
ec4f2e2d-c758-4b37-b4cc-98d6c991b314,217600790,Commune de Bénouville (76),false,{76079},Commune,2026-03-24 14:42:08.818969+01,gold_establishments_2025,,,,21760079000018,2025,Collectivité Territoriale,Commune,['Seine-Maritime'],['Normandie'],COM,{76},{28}
f4d2d50a-8500-4832-80f7-737d72553160,210100384,Commune de Bény (01),false,{01038},Commune,2026-03-24 14:41:51.447482+01,gold_establishments_2025,,,,21010038400010,2025,Collectivité Territoriale,Commune,['Ain'],['Auvergne-Rhône-Alpes'],COM,{01},{84}
b4a771a3-b927-48d6-91b4-3bd579d5302f,211400627,Commune de Bény-sur-Mer (14),false,{14062},Commune,2026-03-24 14:41:53.63825+01,gold_establishments_2025,,,,21140062700017,2025,Collectivité Territoriale,Commune,['Calvados'],['Normandie'],COM,{14},{28}
b7d284f4-779e-4ccd-b78a-7f3fab71d5e0,216401091,Commune de Bénéjacq (64),false,{64109},Commune,2026-03-24 14:42:06.130387+01,gold_establishments_2025,,,,21640109100014,2025,Collectivité Territoriale,Commune,['Pyrénées-Atlantiques'],['Nouvelle-Aquitaine'],COM,{64},{75}
9bd2316f-352f-4007-aa75-f86d724d5b87,212302103,Commune de Bénévent-l'Abbaye (23),false,{23021},Commune,2026-03-24 14:41:55.958138+01,gold_establishments_2025,,,,21230210300016,2025,Collectivité Territoriale,Commune,['Creuse'],['Nouvelle-Aquitaine'],COM,{23},{75}
b131a818-a85d-41a6-989f-1645e95ece88,218900371,Commune de Béon (89),false,{89037},Commune,2026-03-24 14:42:11.118516+01,gold_establishments_2025,,,,21890037100012,2025,Collectivité Territoriale,Commune,['Yonne'],['Bourgogne-Franche-Comté'],COM,{89},{27}
65a9b70e-84f3-4fa8-9449-517cb9f2d3c5,216401109,Commune de Béost (64),false,{64110},Commune,2026-03-24 14:42:06.130387+01,gold_establishments_2025,,,,21640110900014,2025,Collectivité Territoriale,Commune,['Pyrénées-Atlantiques'],['Nouvelle-Aquitaine'],COM,{64},{75}
b2fc8e8c-c5c2-48a6-a3c1-912e3ec6f18b,213100654,Commune de Bérat (31),false,{31065},Commune,2026-03-24 14:41:57.56054+01,gold_establishments_2025,,,,21310065400010,2025,Collectivité Territoriale,Commune,['Haute-Garonne'],['Occitanie'],COM,{31},{76}
9c8da602-ca14-4ff4-9892-175a7867f0cf,213200447,Commune de Béraut (32),false,{32044},Commune,2026-03-24 14:41:58.09424+01,gold_establishments_2025,,,,21320044700018,2025,Collectivité Territoriale,Commune,['Gers'],['Occitanie'],COM,{32},{76}
66f8c28d-b435-41d6-88f5-8f1cf20be60f,215900663,Commune de Bérelles (59),false,{59066},Commune,2026-03-24 14:42:04.280096+01,gold_establishments_2025,,,,21590066300018,2025,Collectivité Territoriale,Commune,['Nord'],['Hauts-de-France'],COM,{59},{32}
142795a3-fa72-4083-8349-cfec86960136,212700553,Commune de Bérengeville-la-Campagne (27),false,{27055},Commune,2026-03-24 14:41:56.495197+01,gold_establishments_2025,,,,21270055300010,2025,Collectivité Territoriale,Commune,['Eure'],['Normandie'],COM,{27},{28}
3722543c-bec5-40b8-aa8b-2b3f3d8c7d14,216401125,Commune de Bérenx (64),false,{64112},Commune,2026-03-24 14:42:06.130387+01,gold_establishments_2025,,,,21640112500010,2025,Collectivité Territoriale,Commune,['Pyrénées-Atlantiques'],['Nouvelle-Aquitaine'],COM,{64},{75}
18f588f0-7275-4f9a-908e-8c84d018c246,215700634,Commune de Bérig-Vintrange (57),false,{57063},Commune,2026-03-24 14:42:03.701372+01,gold_establishments_2025,,,,21570063400011,2025,Collectivité Territoriale,Commune,['Moselle'],['Grand Est'],COM,{57},{44}
5ddb633e-31fd-4910-a567-b9b408b97350,215000464,Commune de Bérigny (50),false,{50046},Commune,2026-03-24 14:42:01.412377+01,gold_establishments_2025,,,,21500046400010,2025,Collectivité Territoriale,Commune,['Manche'],['Normandie'],COM,{50},{28}
cd55ee8f-9f51-425f-a695-304e1fd56f23,212800379,Commune de Bérou-la-Mulotière (28),false,{28037},Commune,2026-03-24 14:41:57.028721+01,gold_establishments_2025,,,,21280037900019,2025,Collectivité Territoriale,Commune,['Eure-et-Loir'],['Centre-Val de Loire'],COM,{28},{24}
30c3e00a-dbf7-48a1-9c63-5df0da5f4d3b,218900397,Commune de Béru (89),false,{89039},Commune,2026-03-24 14:42:11.118516+01,gold_establishments_2025,,,,21890039700017,2025,Collectivité Territoriale,Commune,['Yonne'],['Bourgogne-Franche-Comté'],COM,{89},{27}
40d8eafc-a339-4c02-b588-963dae42961a,218600245,Commune de Béruges (86),false,{86024},Commune,2026-03-24 14:42:10.508772+01,gold_establishments_2025,,,,21860024500011,2025,Collectivité Territoriale,Commune,['Vienne'],['Nouvelle-Aquitaine'],COM,{86},{75}
0cc126ea-449f-495e-aa98-7ef780ff79d8,211000385,Commune de Bérulle (10),false,{10042},Commune,2026-03-24 14:41:53.095366+01,gold_establishments_2025,,,,21100038500016,2025,Collectivité Territoriale,Commune,['Aube'],['Grand Est'],COM,{10},{44}
74047d95-92e5-42f9-b114-f34d2b10150d,217200344,Commune de Bérus (72),false,{72034},Commune,2026-03-24 14:42:08.279287+01,gold_establishments_2025,,,,21720034400018,2025,Collectivité Territoriale,Commune,['Sarthe'],['Pays de la Loire'],COM,{72},{52}
80560958-a2a1-4d31-b29d-fdb58900e1b6,210100400,Commune de Béréziat (01),false,{01040},Commune,2026-03-24 14:41:51.447482+01,gold_establishments_2025,,,,21010040000014,2025,Collectivité Territoriale,Commune,['Ain'],['Auvergne-Rhône-Alpes'],COM,{01},{84}
1f854573-ac2e-4cfe-9d5e-59caba4f6246,212600498,Commune de Bésayes (26),false,{26049},Commune,2026-03-24 14:41:56.495197+01,gold_establishments_2025,,,,21260049800019,2025,Collectivité Territoriale,Commune,['Drôme'],['Auvergne-Rhône-Alpes'],COM,{26},{84}
0b52bbd4-2782-48dc-9b80-d4403c215814,212600506,Commune de Bésignan (26),false,{26050},Commune,2026-03-24 14:41:56.495197+01,gold_establishments_2025,,,,21260050600019,2025,Collectivité Territoriale,Commune,['Drôme'],['Auvergne-Rhône-Alpes'],COM,{26},{84}
550f556b-03c3-4f68-9edd-2a13113f4325,216401174,Commune de Bésingrand (64),false,{64117},Commune,2026-03-24 14:42:06.130387+01,gold_establishments_2025,,,,21640117400018,2025,Collectivité Territoriale,Commune,['Pyrénées-Atlantiques'],['Nouvelle-Aquitaine'],COM,{64},{75}
e891c446-1632-4d3c-87cd-3614089ceb62,214600280,Commune de Bétaille (46),false,{46028},Commune,2026-03-24 14:42:00.862623+01,gold_establishments_2025,,,,21460028000017,2025,Collectivité Territoriale,Commune,['Lot'],['Occitanie'],COM,{46},{76}
f29a0eb2-e542-4d77-a923-42faf852cbf8,216000661,Commune de Béthancourt-en-Valois (60),false,{60066},Commune,2026-03-24 14:42:04.814328+01,gold_establishments_2025,,,,21600066100019,2025,Collectivité Territoriale,Commune,['Oise'],['Hauts-de-France'],COM,{60},{32}
0a6d16df-ae8b-4a3f-af87-521fc27da551,210200804,Commune de Béthancourt-en-Vaux (02),false,{02081},Commune,2026-03-24 14:41:51.447482+01,gold_establishments_2025,,,,21020080400016,2025,Collectivité Territoriale,Commune,['Aisne'],['Hauts-de-France'],COM,{02},{32}
a9aadc0b-31d7-4143-8483-cfa1a9746019,215500471,Commune de Béthelainville (55),false,{55047},Commune,2026-03-24 14:42:02.957225+01,gold_establishments_2025,,,,21550047100010,2025,Collectivité Territoriale,Commune,['Meuse'],['Grand Est'],COM,{55},{44}
e534fc0b-b51a-4f7c-b04b-cabc93663d0f,219500618,Commune de Béthemont-la-Forêt (95),false,{95061},Commune,2026-03-24 14:42:11.659493+01,gold_establishments_2025,,,,21950061800018,2025,Collectivité Territoriale,Commune,"[""Val-d'Oise""]",['Île-de-France'],COM,{95},{11}
f877dd93-9b6d-4c3e-bd17-cc48ea0b4814,215900754,Commune de Béthencourt (59),false,{59075},Commune,2026-03-24 14:42:04.280096+01,gold_establishments_2025,,,,21590075400015,2025,Collectivité Territoriale,Commune,['Nord'],['Hauts-de-France'],COM,{59},{32}
2c2e4b20-1ed4-45eb-b218-8b8dbf56dbba,218000917,Commune de Béthencourt-sur-Mer (80),false,{80096},Commune,2026-03-24 14:42:09.967209+01,gold_establishments_2025,,,,21800091700011,2025,Collectivité Territoriale,Commune,['Somme'],['Hauts-de-France'],COM,{80},{32}
39332fdd-2bcb-4596-bb42-5173a2e86a78,218000925,Commune de Béthencourt-sur-Somme (80),false,{80097},Commune,2026-03-24 14:42:09.967209+01,gold_establishments_2025,,,,21800092500014,2025,Collectivité Territoriale,Commune,['Somme'],['Hauts-de-France'],COM,{80},{32}
62430522-7582-4ff4-90c8-47677190813f,215100496,Commune de Bétheniville (51),false,{51054},Commune,2026-03-24 14:42:01.412377+01,gold_establishments_2025,,,,21510049600011,2025,Collectivité Territoriale,Commune,['Marne'],['Grand Est'],COM,{51},{44}
5053e4e6-1a1d-445c-b7d4-c577e028ae05,215100504,Commune de Bétheny (51),false,{51055},Commune,2026-03-24 14:42:01.412377+01,gold_establishments_2025,,,,21510050400012,2025,Collectivité Territoriale,Commune,['Marne'],['Grand Est'],COM,{51},{44}
940a670c-6cca-496a-b53a-27d7e96f0a0d,215500489,Commune de Béthincourt (55),false,{55048},Commune,2026-03-24 14:42:02.957225+01,gold_establishments_2025,,,,21550048900012,2025,Collectivité Territoriale,Commune,['Meuse'],['Grand Est'],COM,{55},{44}
5df1645f-b6f5-4b11-b296-4ae73b3629f2,218600252,Commune de Béthines (86),false,{86025},Commune,2026-03-24 14:42:10.508772+01,gold_establishments_2025,,,,21860025200017,2025,Collectivité Territoriale,Commune,['Vienne'],['Nouvelle-Aquitaine'],COM,{86},{75}
f1126373-8ac1-4ff5-a22a-e2b733576648,216000679,Commune de Béthisy-Saint-Martin (60),false,{60067},Commune,2026-03-24 14:42:04.814328+01,gold_establishments_2025,,,,21600067900011,2025,Collectivité Territoriale,Commune,['Oise'],['Hauts-de-France'],COM,{60},{32}
df4dfce7-1be8-4ea8-849e-d0b91ff7e702,216000687,Commune de Béthisy-Saint-Pierre (60),false,{60068},Commune,2026-03-24 14:42:04.814328+01,gold_establishments_2025,,,,21600068700014,2025,Collectivité Territoriale,Commune,['Oise'],['Hauts-de-France'],COM,{60},{32}
fbefb9d6-755b-4070-82d1-bee8d525aba6,217200369,Commune de Béthon (72),false,{72036},Commune,2026-03-24 14:42:08.279287+01,gold_establishments_2025,,,,21720036900015,2025,Collectivité Territoriale,Commune,['Sarthe'],['Pays de la Loire'],COM,{72},{52}
09daa215-4857-43b7-bea8-fa49a75e04fb,216201186,Commune de Béthonsart (62),false,{62118},Commune,2026-03-24 14:42:05.597325+01,gold_establishments_2025,,,,21620118600014,2025,Collectivité Territoriale,Commune,['Pas-de-Calais'],['Hauts-de-France'],COM,{62},{32}
aa7bbdee-80b3-4d73-92f0-2333bf45f5fb,212800387,Commune de Béthonvilliers (28),false,{28038},Commune,2026-03-24 14:41:57.028721+01,gold_establishments_2025,,,,21280038700012,2025,Collectivité Territoriale,Commune,['Eure-et-Loir'],['Centre-Val de Loire'],COM,{28},{24}
b4b51f5a-94e5-4cb0-9913-5765b43d154c,216209106,Commune de Béthune (62),false,{62119},Commune,2026-03-24 14:42:05.597325+01,gold_establishments_2025,,,,21620910600014,2025,Collectivité Territoriale,Commune,['Pas-de-Calais'],['Hauts-de-France'],COM,{62},{32}
7c8c0b91-3ffa-447b-ba7d-3fee3e3c3708,211000393,Commune de Bétignicourt (10),false,{10044},Commune,2026-03-24 14:41:53.095366+01,gold_establishments_2025,,,,21100039300010,2025,Collectivité Territoriale,Commune,['Aube'],['Grand Est'],COM,{10},{44}
c9367ebd-201a-47f4-8a95-4d791087b96c,213200496,Commune de Bétous (32),false,{32049},Commune,2026-03-24 14:41:58.09424+01,gold_establishments_2025,,,,21320049600015,2025,Collectivité Territoriale,Commune,['Gers'],['Occitanie'],COM,{32},{76}
7ddb80e5-391d-41f7-9cc5-1856fc766bc6,216401182,Commune de Bétracq (64),false,{64118},Commune,2026-03-24 14:42:06.130387+01,gold_establishments_2025,,,,21640118200011,2025,Collectivité Territoriale,Commune,['Pyrénées-Atlantiques'],['Nouvelle-Aquitaine'],COM,{64},{75}
fe2d2780-fb87-486d-a7aa-ad03f7ead5bd,212302202,Commune de Bétête (23),false,{23022},Commune,2026-03-24 14:41:55.958138+01,gold_establishments_2025,,,,21230220200016,2025,Collectivité Territoriale,Commune,['Creuse'],['Nouvelle-Aquitaine'],COM,{23},{75}
d8d9c19f-e822-4570-be3a-3149e3cf620d,213800428,Commune de Bévenais (38),false,{38042},Commune,2026-03-24 14:41:59.160244+01,gold_establishments_2025,,,,21380042800012,2025,Collectivité Territoriale,Commune,['Isère'],['Auvergne-Rhône-Alpes'],COM,{38},{84}
a1c10a31-cb33-4d95-8081-dd7de64ca036,212800395,Commune de Béville-le-Comte (28),false,{28039},Commune,2026-03-24 14:41:57.028721+01,gold_establishments_2025,,,,21280039500015,2025,Collectivité Territoriale,Commune,['Eure-et-Loir'],['Centre-Val de Loire'],COM,{28},{24}
2ed88a17-cfcf-4659-82b8-1b40e533e9e3,215900812,Commune de Bévillers (59),false,{59081},Commune,2026-03-24 14:42:04.280096+01,gold_establishments_2025,,,,21590081200011,2025,Collectivité Territoriale,Commune,['Nord'],['Hauts-de-France'],COM,{59},{32}
46b1eee6-1882-4d44-b425-9ef8dc0b7aa8,212100705,Commune de Bévy (21),false,{21070},Commune,2026-03-24 14:41:55.433389+01,gold_establishments_2025,,,,21210070500012,2025,Collectivité Territoriale,Commune,"[""Côte-d'Or""]",['Bourgogne-Franche-Comté'],COM,{21},{27}
0b238a49-b605-4e3d-a810-465b6fabbca7,200099182,Commune de Bézac (09),false,{09056},Commune,2026-03-24 14:41:53.095366+01,gold_establishments_2025,,,,20009918200012,2025,Collectivité Territoriale,Commune,['Ariège'],['Occitanie'],COM,{09},{76}
67d3a4e7-ed6c-48b7-840b-9e957dace407,217600931,Commune de Bézancourt (76),false,{76093},Commune,2026-03-24 14:42:08.818969+01,gold_establishments_2025,,,,21760093100018,2025,Collectivité Territoriale,Commune,['Seine-Maritime'],['Normandie'],COM,{76},{28}
a1983121-daf8-43d2-8938-86bd0361369e,210600177,Commune de Bézaudun-les-Alpes (06),false,{06017},Commune,2026-03-24 14:41:52.562531+01,gold_establishments_2025,,,,21060017700013,2025,Collectivité Territoriale,Commune,['Alpes-Maritimes'],"[""Provence-Alpes-Côte d'Azur""]",COM,{06},{93}
3c2e0193-6fac-48db-82e4-4297f4a68d02,212600514,Commune de Bézaudun-sur-Bîne (26),false,{26051},Commune,2026-03-24 14:41:56.495197+01,gold_establishments_2025,,,,21260051400013,2025,Collectivité Territoriale,Commune,['Drôme'],['Auvergne-Rhône-Alpes'],COM,{26},{84}
bc0ad251-b5dc-4f31-920c-ec39d6abe135,210300273,Commune de Bézenet (03),false,{03027},Commune,2026-03-24 14:41:52.020251+01,gold_establishments_2025,,,,21030027300013,2025,Collectivité Territoriale,Commune,['Allier'],['Auvergne-Rhône-Alpes'],COM,{03},{84}
edf059a6-9090-4ae9-b376-fb1911aaed73,213400328,Commune de Béziers (34),false,{34032},Commune,2026-03-24 14:41:58.620411+01,gold_establishments_2025,,,,21340032800018,2025,Collectivité Territoriale,Commune,['Hérault'],['Occitanie'],COM,{34},{76}
aeb801ab-495a-4a45-bb28-0816f4b10e84,212100721,Commune de Bézouotte (21),false,{21072},Commune,2026-03-24 14:41:55.433389+01,gold_establishments_2025,,,,21210072100019,2025,Collectivité Territoriale,Commune,"[""Côte-d'Or""]",['Bourgogne-Franche-Comté'],COM,{21},{27}
cc1e8b2f-be2b-4fb1-8646-e0dd19c81352,210200846,Commune de Bézu-Saint-Germain (02),false,{02085},Commune,2026-03-24 14:41:51.447482+01,gold_establishments_2025,,,,21020084600017,2025,Collectivité Territoriale,Commune,['Aisne'],['Hauts-de-France'],COM,{02},{32}
40e0d0e4-36c6-46f6-82e3-52aef9b5332d,212700678,Commune de Bézu-Saint-Éloi (27),false,{27067},Commune,2026-03-24 14:41:56.495197+01,gold_establishments_2025,,,,21270067800015,2025,Collectivité Territoriale,Commune,['Eure'],['Normandie'],COM,{27},{28}
c27409e3-7ec3-45f2-860e-330f70149d2d,212700660,Commune de Bézu-la-Forêt (27),false,{27066},Commune,2026-03-24 14:41:56.495197+01,gold_establishments_2025,,,,21270066000013,2025,Collectivité Territoriale,Commune,['Eure'],['Normandie'],COM,{27},{28}
0439370b-0822-4c5c-92a8-adbda56f1f3b,210200838,Commune de Bézu-le-Guéry (02),false,{02084},Commune,2026-03-24 14:41:51.447482+01,gold_establishments_2025,,,,21020083800014,2025,Collectivité Territoriale,Commune,['Aisne'],['Hauts-de-France'],COM,{02},{32}
f03a3faf-e5cd-4654-9b60-34547b8b4458,213200538,Commune de Bézues-Bajon (32),false,{32053},Commune,2026-03-24 14:41:58.09424+01,gold_establishments_2025,,,,21320053800014,2025,Collectivité Territoriale,Commune,['Gers'],['Occitanie'],COM,{32},{76}
3504a053-6dac-4c2a-ac06-dc9618d9e5e5,213200512,Commune de Bézéril (32),false,{32051},Commune,2026-03-24 14:41:58.09424+01,gold_establishments_2025,,,,21320051200019,2025,Collectivité Territoriale,Commune,['Gers'],['Occitanie'],COM,{32},{76}
4fa98783-7c41-4fec-bc3d-790029ea5b4a,212800643,Commune de Bû (28),false,{28064},Commune,2026-03-24 14:41:57.028721+01,gold_establishments_2025,,,,21280064300018,2025,Collectivité Territoriale,Commune,['Eure-et-Loir'],['Centre-Val de Loire'],COM,{28},{24}
0dede0cb-9153-4c09-8309-496219bb2ff9,216700526,Commune de Bœrsch (67),false,{67052},Commune,2026-03-24 14:42:06.665412+01,gold_establishments_2025,,,,21670052600017,2025,Collectivité Territoriale,Commune,['Bas-Rhin'],['Grand Est'],COM,{67},{44}
97d2e0c5-7c89-4ceb-887f-47c68bd7baae,216700534,Commune de Bœsenbiesen (67),false,{67053},Commune,2026-03-24 14:42:06.665412+01,gold_establishments_2025,,,,21670053400011,2025,Collectivité Territoriale,Commune,['Bas-Rhin'],['Grand Est'],COM,{67},{44}
fc8e7dc5-3421-4ffe-8560-652c093cfe5b,218900488,Commune de Bœurs-en-Othe (89),false,{89048},Commune,2026-03-24 14:42:11.118516+01,gold_establishments_2025,,,,21890048800014,2025,Collectivité Territoriale,Commune,['Yonne'],['Bourgogne-Franche-Comté'],COM,{89},{27}
590d0b0e-98e9-4349-b6ad-72ec24b4d1c7,216501155,Commune de Cabanac (65),false,{65115},Commune,2026-03-24 14:42:06.665412+01,gold_establishments_2025,,,,21650115500016,2025,Collectivité Territoriale,Commune,['Hautes-Pyrénées'],['Occitanie'],COM,{65},{76}
703add6f-3956-4339-876d-522d523ed1b7,213100951,Commune de Cabanac-Cazaux (31),false,{31095},Commune,2026-03-24 14:41:57.56054+01,gold_establishments_2025,,,,21310095100010,2025,Collectivité Territoriale,Commune,['Haute-Garonne'],['Occitanie'],COM,{31},{76}
3051e95b-b32a-4ed2-bb76-cb23fba3eed4,213100969,Commune de Cabanac-Séguenville (31),false,{31096},Commune,2026-03-24 14:41:57.56054+01,gold_establishments_2025,,,,21310096900012,2025,Collectivité Territoriale,Commune,['Haute-Garonne'],['Occitanie'],COM,{31},{76}
2c434ea5-3a95-4b57-9956-c585d54c1a4f,213300775,Commune de Cabanac-et-Villagrains (33),false,{33077},Commune,2026-03-24 14:41:58.09424+01,gold_establishments_2025,,,,21330077500011,2025,Collectivité Territoriale,Commune,['Gironde'],['Nouvelle-Aquitaine'],COM,{33},{75}
5630d462-6f0b-4c8b-939a-457e114fa084,211300181,Commune de Cabannes (13),false,{13018},Commune,2026-03-24 14:41:53.63825+01,gold_establishments_2025,,,,21130018100016,2025,Collectivité Territoriale,Commune,['Bouches-du-Rhône'],"[""Provence-Alpes-Côte d'Azur""]",COM,{13},{93}
05d6ef61-a55a-4896-a26a-e69dfc64a7f2,211200415,Commune de Cabanès (12),false,{12041},Commune,2026-03-24 14:41:53.63825+01,gold_establishments_2025,,,,21120041500019,2025,Collectivité Territoriale,Commune,['Aveyron'],['Occitanie'],COM,{12},{76}
6e203ed1-0565-4be2-8b32-b1b17f2df26c,218100444,Commune de Cabanès (81),false,{81044},Commune,2026-03-24 14:42:09.967209+01,gold_establishments_2025,,,,21810044400015,2025,Collectivité Territoriale,Commune,['Tarn'],['Occitanie'],COM,{81},{76}
24d1b4f3-5614-429c-bb26-19be3854e124,213300783,Commune de Cabara (33),false,{33078},Commune,2026-03-24 14:41:58.09424+01,gold_establishments_2025,,,,21330078300015,2025,Collectivité Territoriale,Commune,['Gironde'],['Nouvelle-Aquitaine'],COM,{33},{75}
4a7bd3db-5263-4c4e-a676-2119782691ab,211700752,Commune de Cabariot (17),false,{17075},Commune,2026-03-24 14:41:54.903238+01,gold_establishments_2025,,,,21170075200010,2025,Collectivité Territoriale,Commune,['Charente-Maritime'],['Nouvelle-Aquitaine'],COM,{17},{75}
c1f40e8c-c861-4c4f-921e-a875bdaddfa0,213200678,Commune de Cabas-Loumassès (nan),false,{32067},Commune,2026-03-24 14:41:58.09424+01,gold_establishments_2025,,,,21320067800018,2025,Collectivité Territoriale,Commune,[''],[''],COM,,
356e5ac5-68fe-402a-881b-45f292e2197e,218300267,Commune de Cabasse (83),false,{83026},Commune,2026-03-24 14:42:10.508772+01,gold_establishments_2025,,,,21830026700018,2025,Collectivité Territoriale,Commune,['Var'],"[""Provence-Alpes-Côte d'Azur""]",COM,{83},{93}
01bc476c-ba32-46de-b2b1-e7d4ae030a88,216600288,Commune de Cabestany (66),false,{66028},Commune,2026-03-24 14:42:06.665412+01,gold_establishments_2025,,,,21660028800015,2025,Collectivité Territoriale,Commune,['Pyrénées-Orientales'],['Occitanie'],COM,{66},{76}
bc6f9219-d4ed-4836-bdd5-bed6a9065936,216401588,Commune de Cabidos (64),false,{64158},Commune,2026-03-24 14:42:06.130387+01,gold_establishments_2025,,,,21640158800019,2025,Collectivité Territoriale,Commune,['Pyrénées-Atlantiques'],['Nouvelle-Aquitaine'],COM,{64},{75}
90596b9b-177f-4efb-83f0-119366e0dc88,211401179,Commune de Cabourg (14),false,{14117},Commune,2026-03-24 14:41:53.63825+01,gold_establishments_2025,,,,21140117900018,2025,Collectivité Territoriale,Commune,['Calvados'],['Normandie'],COM,{14},{28}
633dc047-a884-445c-aa79-32b39ff23762,214600405,Commune de Cabrerets (46),false,{46040},Commune,2026-03-24 14:42:00.862623+01,gold_establishments_2025,,,,21460040500010,2025,Collectivité Territoriale,Commune,['Lot'],['Occitanie'],COM,{46},{76}
f2e79cff-dd56-4a5c-8d40-40f2f5a69d47,213400443,Commune de Cabrerolles (34),false,{34044},Commune,2026-03-24 14:41:58.620411+01,gold_establishments_2025,,,,21340044300015,2025,Collectivité Territoriale,Commune,['Hérault'],['Occitanie'],COM,{34},{76}
3f4ec575-e524-4cfc-a883-fd8765f9671f,211100565,Commune de Cabrespine (11),false,{11056},Commune,2026-03-24 14:41:53.63825+01,gold_establishments_2025,,,,21110056500012,2025,Collectivité Territoriale,Commune,['Aude'],['Occitanie'],COM,{11},{76}
67f8061d-72c6-4da1-8bc2-c5794105444a,210600268,Commune de Cabris (06),false,{06026},Commune,2026-03-24 14:41:52.562531+01,gold_establishments_2025,,,,21060026800010,2025,Collectivité Territoriale,Commune,['Alpes-Maritimes'],"[""Provence-Alpes-Côte d'Azur""]",COM,{06},{93}
c4d3ee68-f902-4eca-966c-2f6b99e10b07,213000573,Commune de Cabrières (30),false,{30057},Commune,2026-03-24 14:41:57.56054+01,gold_establishments_2025,,,,21300057300013,2025,Collectivité Territoriale,Commune,['Gard'],['Occitanie'],COM,{30},{76}
e9232867-6004-46b4-99d5-2a8e88bacc1f,213400450,Commune de Cabrières (34),false,{34045},Commune,2026-03-24 14:41:58.620411+01,gold_establishments_2025,,,,21340045000010,2025,Collectivité Territoriale,Commune,['Hérault'],['Occitanie'],COM,{34},{76}
b69dcc3b-92ec-4f58-96c0-6c93a2fbed4f,218400240,Commune de Cabrières-d'Aigues (84),false,{84024},Commune,2026-03-24 14:42:10.508772+01,gold_establishments_2025,,,,21840024000014,2025,Collectivité Territoriale,Commune,['Vaucluse'],"[""Provence-Alpes-Côte d'Azur""]",COM,{84},{93}
2c70d40b-d94a-4870-9d78-e3a7763b0577,218400257,Commune de Cabrières-d'Avignon (84),false,{84025},Commune,2026-03-24 14:42:10.508772+01,gold_establishments_2025,,,,21840025700018,2025,Collectivité Territoriale,Commune,['Vaucluse'],"[""Provence-Alpes-Côte d'Azur""]",COM,{84},{93}
4bac6749-f4e3-4f8b-b7ca-38d6ed9e0826,211300199,Commune de Cabriès (13),false,{13019},Commune,2026-03-24 14:41:53.63825+01,gold_establishments_2025,,,,21130019900018,2025,Collectivité Territoriale,Commune,['Bouches-du-Rhône'],"[""Provence-Alpes-Côte d'Azur""]",COM,{13},{93}
127a9fb2-591f-4d7d-a0ec-b50ddd2268f2,219400165,Commune de Cachan (94),false,{94016},Commune,2026-03-24 14:42:11.659493+01,gold_establishments_2025,,,,21940016500011,2025,Collectivité Territoriale,Commune,['Val-de-Marne'],['Île-de-France'],COM,{94},{11}
dd809834-c2b5-4183-be64-e2a12c92631d,214000580,Commune de Cachen (40),false,{40058},Commune,2026-03-24 14:41:59.705606+01,gold_establishments_2025,,,,21400058000016,2025,Collectivité Territoriale,Commune,['Landes'],['Nouvelle-Aquitaine'],COM,{40},{75}
773ce7d2-c215-4b74-9098-f9862ca8be8c,218001527,Commune de Cachy (80),false,{80159},Commune,2026-03-24 14:42:09.967209+01,gold_establishments_2025,,,,21800152700017,2025,Collectivité Territoriale,Commune,['Somme'],['Hauts-de-France'],COM,{80},{32}
2d68dd3b-f562-4850-a745-a4eaa2f73f68,218100469,Commune de Cadalen (81),false,{81046},Commune,2026-03-24 14:42:09.967209+01,gold_establishments_2025,,,,21810046900012,2025,Collectivité Territoriale,Commune,['Tarn'],['Occitanie'],COM,{81},{76}
d9345279-42ab-4770-8a79-15e0ca1bef91,210900718,Commune de Cadarcet (09),false,{09071},Commune,2026-03-24 14:41:53.095366+01,gold_establishments_2025,,,,21090071800011,2025,Collectivité Territoriale,Commune,['Ariège'],['Occitanie'],COM,{09},{76}
99fa347f-bcc1-4ac5-9326-278f973e0653,213300791,Commune de Cadarsac (33),false,{33079},Commune,2026-03-24 14:41:58.09424+01,gold_establishments_2025,,,,21330079100018,2025,Collectivité Territoriale,Commune,['Gironde'],['Nouvelle-Aquitaine'],COM,{33},{75}
a23f0dd6-fc45-47bc-af64-ade16b79e6c1,213300809,Commune de Cadaujac (33),false,{33080},Commune,2026-03-24 14:41:58.09424+01,gold_establishments_2025,,,,21330080900018,2025,Collectivité Territoriale,Commune,['Gironde'],['Nouvelle-Aquitaine'],COM,{33},{75}
31659cdb-bfc3-4958-a8ef-8922ab20c33f,213200686,Commune de Cadeilhan (32),false,{32068},Commune,2026-03-24 14:41:58.09424+01,gold_establishments_2025,,,,21320068600011,2025,Collectivité Territoriale,Commune,['Gers'],['Occitanie'],COM,{32},{76}
79173801-5d81-4084-b1b1-811f305359d5,216501171,Commune de Cadeilhan-Trachère (65),false,{65117},Commune,2026-03-24 14:42:06.665412+01,gold_establishments_2025,,,,21650117100013,2025,Collectivité Territoriale,Commune,['Hautes-Pyrénées'],['Occitanie'],COM,{65},{76}
cf8bcfbc-afb5-48f7-9114-e917de408b7d,213200694,Commune de Cadeillan (32),false,{32069},Commune,2026-03-24 14:41:58.09424+01,gold_establishments_2025,,,,21320069400015,2025,Collectivité Territoriale,Commune,['Gers'],['Occitanie'],COM,{32},{76}
df1d86d0-2f89-4a1b-b027-75785ffff9d8,212501068,Commune de Cademène (25),false,{25106},Commune,2026-03-24 14:41:56.495197+01,gold_establishments_2025,,,,21250106800010,2025,Collectivité Territoriale,Commune,['Doubs'],['Bourgogne-Franche-Comté'],COM,{25},{27}
26d2bd71-3b3d-4ec9-b990-33021bf17a6e,215600289,Commune de Caden (56),false,{56028},Commune,2026-03-24 14:42:03.701372+01,gold_establishments_2025,,,,21560028900015,2025,Collectivité Territoriale,Commune,['Morbihan'],['Bretagne'],COM,{56},{53}
e040cda9-7843-43ad-abed-b2c7962c65d8,218400265,Commune de Cadenet (84),false,{84026},Commune,2026-03-24 14:42:10.508772+01,gold_establishments_2025,,,,21840026500011,2025,Collectivité Territoriale,Commune,['Vaucluse'],"[""Provence-Alpes-Côte d'Azur""]",COM,{84},{93}
53079e9f-bb0a-4926-bf13-d25d83cf5db1,218400273,Commune de Caderousse (84),false,{84027},Commune,2026-03-24 14:42:10.508772+01,gold_establishments_2025,,,,21840027300015,2025,Collectivité Territoriale,Commune,['Vaucluse'],"[""Provence-Alpes-Côte d'Azur""]",COM,{84},{93}
17d34988-4c65-4c23-9b75-4eec2a4959f1,213300825,Commune de Cadillac-en-Fronsadais (33),false,{33082},Commune,2026-03-24 14:41:58.09424+01,gold_establishments_2025,,,,21330082500014,2025,Collectivité Territoriale,Commune,['Gironde'],['Nouvelle-Aquitaine'],COM,{33},{75}
77458362-7ea4-4de4-b705-43d6a909e09d,213300817,Commune de Cadillac-sur-Garonne (33),false,{33081},Commune,2026-03-24 14:41:58.09424+01,gold_establishments_2025,,,,21330081700011,2025,Collectivité Territoriale,Commune,['Gironde'],['Nouvelle-Aquitaine'],COM,{33},{75}
b1bf82c7-2811-4abe-ad32-cac3734eb94d,216401596,Commune de Cadillon (64),false,{64159},Commune,2026-03-24 14:42:06.130387+01,gold_establishments_2025,,,,21640159600012,2025,Collectivité Territoriale,Commune,['Pyrénées-Atlantiques'],['Nouvelle-Aquitaine'],COM,{64},{75}
112e31e4-d071-4052-a83b-06707b236b83,218100477,Commune de Cadix (81),false,{81047},Commune,2026-03-24 14:42:09.967209+01,gold_establishments_2025,,,,21810047700015,2025,Collectivité Territoriale,Commune,['Tarn'],['Occitanie'],COM,{81},{76}
8a5be2c0-8b91-428d-bdde-632d8ffb313f,211300207,Commune de Cadolive (13),false,{13020},Commune,2026-03-24 14:41:53.63825+01,gold_establishments_2025,,,,21130020700019,2025,Collectivité Territoriale,Commune,['Bouches-du-Rhône'],"[""Provence-Alpes-Côte d'Azur""]",COM,{13},{93}
614591e0-f601-40fe-ad85-a8925380c50d,213100985,Commune de Cadours (31),false,{31098},Commune,2026-03-24 14:41:57.56054+01,gold_establishments_2025,,,,21310098500018,2025,Collectivité Territoriale,Commune,['Haute-Garonne'],['Occitanie'],COM,{31},{76}
9d0e519a-aa00-4086-83a9-5a19149978fb,214600413,Commune de Cadrieu (46),false,{46041},Commune,2026-03-24 14:42:00.862623+01,gold_establishments_2025,,,,21460041300014,2025,Collectivité Territoriale,Commune,['Lot'],['Occitanie'],COM,{46},{76}
99e36239-7945-432c-a5d3-913c41e00a7e,216501163,Commune de Cadéac (65),false,{65116},Commune,2026-03-24 14:42:06.665412+01,gold_establishments_2025,,,,21650116300010,2025,Collectivité Territoriale,Commune,['Hautes-Pyrénées'],['Occitanie'],COM,{65},{76}
3f51f2af-cb1b-4c52-9496-2f7531f5b40b,211401187,Commune de Caen (14),false,{14118},Commune,2026-03-24 14:41:53.63825+01,gold_establishments_2025,,,,21140118700011,2025,Collectivité Territoriale,Commune,['Calvados'],['Normandie'],COM,{14},{28}
4865b48c-377f-4a00-893a-a8e55f0e556e,216201913,Commune de Caffiers (62),false,{62191},Commune,2026-03-24 14:42:05.597325+01,gold_establishments_2025,,,,21620191300011,2025,Collectivité Territoriale,Commune,['Pas-de-Calais'],['Hauts-de-France'],COM,{62},{32}
e1878f0b-36a3-40a8-9b59-1832192675d9,218100485,Commune de Cagnac-les-Mines (81),false,{81048},Commune,2026-03-24 14:42:09.967209+01,gold_establishments_2025,,,,21810048500018,2025,Collectivité Territoriale,Commune,['Tarn'],['Occitanie'],COM,{81},{76}
fe66fd35-51e1-4c6d-900c-ff58ae279fe1,212000467,Commune de Cagnano (2B),false,{2B046},Commune,2026-03-24 14:41:57.56054+01,gold_establishments_2025,,,,21200046700010,2025,Collectivité Territoriale,Commune,['Haute-Corse'],['Corse'],COM,{2B},{94}
19dd980e-dbaf-47af-9e9b-906822f4c467,210600276,Commune de Cagnes-sur-Mer (06),false,{06027},Commune,2026-03-24 14:41:52.562531+01,gold_establishments_2025,,,,21060027600013,2025,Collectivité Territoriale,Commune,['Alpes-Maritimes'],"[""Provence-Alpes-Côte d'Azur""]",COM,{06},{93}
f7c1b58d-28ed-4431-8ae8-b11c3b571055,216201921,Commune de Cagnicourt (62),false,{62192},Commune,2026-03-24 14:42:05.597325+01,gold_establishments_2025,,,,21620192100014,2025,Collectivité Territoriale,Commune,['Pas-de-Calais'],['Hauts-de-France'],COM,{62},{32}
274b4538-0f70-423e-866b-512a6126fecf,215901216,Commune de Cagnoncles (59),false,{59121},Commune,2026-03-24 14:42:04.280096+01,gold_establishments_2025,,,,21590121600014,2025,Collectivité Territoriale,Commune,['Nord'],['Hauts-de-France'],COM,{59},{32}
4e28632e-2e85-4b56-b5d7-fccce6526722,214000598,Commune de Cagnotte (40),false,{40059},Commune,2026-03-24 14:41:59.705606+01,gold_establishments_2025,,,,21400059800018,2025,Collectivité Territoriale,Commune,['Landes'],['Nouvelle-Aquitaine'],COM,{40},{75}
f632f3ce-1d59-4114-bbfb-5ef2880e44cf,211401195,Commune de Cagny (14),false,{14119},Commune,2026-03-24 14:41:53.63825+01,gold_establishments_2025,,,,21140119500014,2025,Collectivité Territoriale,Commune,['Calvados'],['Normandie'],COM,{14},{28}
7f27623f-be0a-417d-9bdf-4cf749ebd144,218001535,Commune de Cagny (80),false,{80160},Commune,2026-03-24 14:42:09.967209+01,gold_establishments_2025,,,,21800153500010,2025,Collectivité Territoriale,Commune,['Somme'],['Hauts-de-France'],COM,{80},{32}
7f29edf4-2f38-4e89-abed-39d6e6a5854d,211401203,Commune de Cahagnes (14),false,{14120},Commune,2026-03-24 14:41:53.63825+01,gold_establishments_2025,,,,21140120300016,2025,Collectivité Territoriale,Commune,['Calvados'],['Normandie'],COM,{14},{28}
879edde3-5871-43e0-ba6c-da93651eceb9,211401211,Commune de Cahagnolles (14),false,{14121},Commune,2026-03-24 14:41:53.63825+01,gold_establishments_2025,,,,21140121100019,2025,Collectivité Territoriale,Commune,['Calvados'],['Normandie'],COM,{14},{28}
af7e0183-e570-4331-a42c-a44388b3d885,216100693,Commune de Cahan (61),false,{61069},Commune,2026-03-24 14:42:04.814328+01,gold_establishments_2025,,,,21610069300011,2025,Collectivité Territoriale,Commune,['Orne'],['Normandie'],COM,{61},{28}
7e710638-24ed-4a9f-bb68-0b0b37ad45ec,216501189,Commune de Caharet (65),false,{65118},Commune,2026-03-24 14:42:06.665412+01,gold_establishments_2025,,,,21650118900015,2025,Collectivité Territoriale,Commune,['Hautes-Pyrénées'],['Occitanie'],COM,{65},{76}
6833290a-ef8f-46b5-acf6-c637671f0b39,218001543,Commune de Cahon (80),false,{80161},Commune,2026-03-24 14:42:09.967209+01,gold_establishments_2025,,,,21800154300014,2025,Collectivité Territoriale,Commune,['Somme'],['Hauts-de-France'],COM,{80},{32}
79d562a2-6836-40d3-938b-0a4e62e20859,214600421,Commune de Cahors (46),false,{46042},Commune,2026-03-24 14:42:00.862623+01,gold_establishments_2025,,,,21460042100017,2025,Collectivité Territoriale,Commune,['Lot'],['Occitanie'],COM,{46},{76}
d6d190ef-79cb-4ff5-825f-4312e7cb2482,214600439,Commune de Cahus (46),false,{46043},Commune,2026-03-24 14:42:00.862623+01,gold_establishments_2025,,,,21460043900019,2025,Collectivité Territoriale,Commune,['Lot'],['Occitanie'],COM,{46},{76}
dd30db95-40d6-4875-8dc7-092044184251,211100573,Commune de Cahuzac (11),false,{11057},Commune,2026-03-24 14:41:53.63825+01,gold_establishments_2025,,,,21110057300016,2025,Collectivité Territoriale,Commune,['Aude'],['Occitanie'],COM,{11},{76}
8a90046a-38ac-4570-8c86-9d91aa8079f9,214700445,Commune de Cahuzac (47),false,{47044},Commune,2026-03-24 14:42:00.862623+01,gold_establishments_2025,,,,21470044500015,2025,Collectivité Territoriale,Commune,['Lot-et-Garonne'],['Nouvelle-Aquitaine'],COM,{47},{75}
bc1325da-1271-4924-a250-e2842c7a0599,218100493,Commune de Cahuzac (81),false,{81049},Commune,2026-03-24 14:42:09.967209+01,gold_establishments_2025,,,,21810049300012,2025,Collectivité Territoriale,Commune,['Tarn'],['Occitanie'],COM,{81},{76}
2734ec84-f805-4f5c-9b25-0f70c203e03f,213200702,Commune de Cahuzac-sur-Adour (32),false,{32070},Commune,2026-03-24 14:41:58.09424+01,gold_establishments_2025,,,,21320070200016,2025,Collectivité Territoriale,Commune,['Gers'],['Occitanie'],COM,{32},{76}
6ceddaf4-43a7-40bb-a1d7-6f435ff09bbf,218100519,Commune de Cahuzac-sur-Vère (81),false,{81051},Commune,2026-03-24 14:42:09.967209+01,gold_establishments_2025,,,,21810051900014,2025,Collectivité Territoriale,Commune,['Tarn'],['Occitanie'],COM,{81},{76}
38efd735-c9c4-4786-bbf6-d2805827c3df,213100993,Commune de Caignac (31),false,{31099},Commune,2026-03-24 14:41:57.56054+01,gold_establishments_2025,,,,21310099300012,2025,Collectivité Territoriale,Commune,['Haute-Garonne'],['Occitanie'],COM,{31},{76}
849358f9-611b-41b8-897e-40657e7a64bd,211100581,Commune de Cailhau (11),false,{11058},Commune,2026-03-24 14:41:53.63825+01,gold_establishments_2025,,,,21110058100043,2025,Collectivité Territoriale,Commune,['Aude'],['Occitanie'],COM,{11},{76}
aef49c49-1f13-416c-91e1-5f3dc95e06e5,211100599,Commune de Cailhavel (11),false,{11059},Commune,2026-03-24 14:41:53.63825+01,gold_establishments_2025,,,,21110059900011,2025,Collectivité Territoriale,Commune,['Aude'],['Occitanie'],COM,{11},{76}
e64791a9-c00e-4b3c-9c66-0d2668cff5e1,211100607,Commune de Cailla (11),false,{11060},Commune,2026-03-24 14:41:53.63825+01,gold_establishments_2025,,,,21110060700012,2025,Collectivité Territoriale,Commune,['Aude'],['Occitanie'],COM,{11},{76}
a9225eb9-c6f3-44e1-b45c-70a127041ce6,214600447,Commune de Caillac (46),false,{46044},Commune,2026-03-24 14:42:00.862623+01,gold_establishments_2025,,,,21460044700012,2025,Collectivité Territoriale,Commune,['Lot'],['Occitanie'],COM,{46},{76}
4bbf8dbb-b203-4a64-aa02-d6a0570e16cc,213200710,Commune de Caillavet (32),false,{32071},Commune,2026-03-24 14:41:58.09424+01,gold_establishments_2025,,,,21320071000019,2025,Collectivité Territoriale,Commune,['Gers'],['Occitanie'],COM,{32},{76}
a414976e-e784-4557-9640-f1777ccf5152,210600284,Commune de Caille (06),false,{06028},Commune,2026-03-24 14:41:52.562531+01,gold_establishments_2025,,,,21060028400017,2025,Collectivité Territoriale,Commune,['Alpes-Maritimes'],"[""Provence-Alpes-Côte d'Azur""]",COM,{06},{93}
0953cffd-3d14-4694-8ad5-555182324e9c,217601517,Commune de Cailleville (76),false,{76151},Commune,2026-03-24 14:42:08.818969+01,gold_establishments_2025,,,,21760151700014,2025,Collectivité Territoriale,Commune,['Seine-Maritime'],['Normandie'],COM,{76},{28}
32aaea11-ab28-4b2f-bfbb-524fcefc4cc1,212701239,Commune de Caillouet-Orgeville (27),false,{27123},Commune,2026-03-24 14:41:56.495197+01,gold_establishments_2025,,,,21270123900015,2025,Collectivité Territoriale,Commune,['Eure'],['Normandie'],COM,{27},{28}
c5930066-3bb5-4000-9139-a8bc5ae535b4,216900332,Commune de Cailloux-sur-Fontaines (69),false,{69033},Commune,2026-03-24 14:42:07.195692+01,gold_establishments_2025,,,,21690033200018,2025,Collectivité Territoriale,Commune,['Rhône'],['Auvergne-Rhône-Alpes'],COM,{69},{84}
dd9d8e57-33e8-4e98-9ae3-1d0ea9df6a1a,210201265,Commune de Caillouël-Crépigny (02),false,{02139},Commune,2026-03-24 14:41:51.447482+01,gold_establishments_2025,,,,21020126500019,2025,Collectivité Territoriale,Commune,['Aisne'],['Hauts-de-France'],COM,{02},{32}
4832c774-4006-417e-9bd4-fdf454b5b85d,217601525,Commune de Cailly (76),false,{76152},Commune,2026-03-24 14:42:08.818969+01,gold_establishments_2025,,,,21760152500017,2025,Collectivité Territoriale,Commune,['Seine-Maritime'],['Normandie'],COM,{76},{28}
408532a0-3bff-478f-ad0f-28b6fc45807a,212701247,Commune de Cailly-sur-Eure (27),false,{27124},Commune,2026-03-24 14:41:56.495197+01,gold_establishments_2025,,,,21270124700018,2025,Collectivité Territoriale,Commune,['Eure'],['Normandie'],COM,{27},{28}
ba0b734d-922a-4926-8ffa-5383ab3225f3,218400281,Commune de Cairanne (84),false,{84028},Commune,2026-03-24 14:42:10.508772+01,gold_establishments_2025,,,,21840028100018,2025,Collectivité Territoriale,Commune,['Vaucluse'],"[""Provence-Alpes-Côte d'Azur""]",COM,{84},{93}
f4befe6a-db0c-4775-9f2d-0103341e900a,211401237,Commune de Cairon (14),false,{14123},Commune,2026-03-24 14:41:53.63825+01,gold_establishments_2025,,,,21140123700014,2025,Collectivité Territoriale,Commune,['Calvados'],['Normandie'],COM,{14},{28}
cb1e239c-3bb1-4590-8412-105123afbd5f,216001180,Commune de Caisnes (60),false,{60118},Commune,2026-03-24 14:42:04.814328+01,gold_establishments_2025,,,,21600118000019,2025,Collectivité Territoriale,Commune,['Oise'],['Hauts-de-France'],COM,{60},{32}
886c56b4-3c9b-4c8c-a01c-0dc98843a748,213000607,Commune de Caissargues (30),false,{30060},Commune,2026-03-24 14:41:57.56054+01,gold_establishments_2025,,,,21300060700019,2025,Collectivité Territoriale,Commune,['Gard'],['Occitanie'],COM,{30},{76}
300a40eb-6915-47a7-a4d1-2e0deba6aa94,218001550,Commune de Caix (80),false,{80162},Commune,2026-03-24 14:42:09.967209+01,gold_establishments_2025,,,,21800155000019,2025,Collectivité Territoriale,Commune,['Somme'],['Hauts-de-France'],COM,{80},{32}
2fa70290-5a35-4b9d-bb86-6eb4e7a30d5d,216600296,Commune de Caixas (66),false,{66029},Commune,2026-03-24 14:42:06.665412+01,gold_establishments_2025,,,,21660029600018,2025,Collectivité Territoriale,Commune,['Pyrénées-Orientales'],['Occitanie'],COM,{66},{76}
5d429737-be78-4eb1-92d1-87d185e98758,216501197,Commune de Caixon (65),false,{65119},Commune,2026-03-24 14:42:06.665412+01,gold_establishments_2025,,,,21650119700018,2025,Collectivité Territoriale,Commune,['Hautes-Pyrénées'],['Occitanie'],COM,{65},{76}
134ca6ac-7daa-40db-aa6d-9bfc36277386,214600454,Commune de Cajarc (46),false,{46045},Commune,2026-03-24 14:42:00.862623+01,gold_establishments_2025,,,,21460045400018,2025,Collectivité Territoriale,Commune,['Lot'],['Occitanie'],COM,{46},{76}
38082f6d-dcdc-4ca9-9005-224593b553da,212000475,Commune de Calacuccia (2B),false,{2B047},Commune,2026-03-24 14:41:57.56054+01,gold_establishments_2025,,,,21200047500013,2025,Collectivité Territoriale,Commune,['Haute-Corse'],['Corse'],COM,{2B},{94}
da8db31d-dbd9-4a94-9bbb-2a9451e70af8,216201939,Commune de Calais (62),false,{62193},Commune,2026-03-24 14:42:05.597325+01,gold_establishments_2025,,,,21620193900016,2025,Collectivité Territoriale,Commune,['Pas-de-Calais'],['Hauts-de-France'],COM,{62},{32}
b06ec1fd-0d1c-4143-8ea1-2437e579f738,214600462,Commune de Calamane (46),false,{46046},Commune,2026-03-24 14:42:00.862623+01,gold_establishments_2025,,,,21460046200011,2025,Collectivité Territoriale,Commune,['Lot'],['Occitanie'],COM,{46},{76}
f5cdd211-1422-44ce-8be7-9fa22bb0d78f,215600297,Commune de Calan (56),false,{56029},Commune,2026-03-24 14:42:03.701372+01,gold_establishments_2025,,,,21560029700018,2025,Collectivité Territoriale,Commune,['Morbihan'],['Bretagne'],COM,{56},{53}
4c6eeee5-1e92-4503-a8d4-e5975cfd08b9,212200240,Commune de Calanhel (22),false,{22024},Commune,2026-03-24 14:41:55.433389+01,gold_establishments_2025,,,,21220024000019,2025,Collectivité Territoriale,Commune,"[""Côtes-d'Armor""]",['Bretagne'],COM,{22},{53}
9a22852b-beac-4cc1-b8c5-91480394abfa,216501205,Commune de Calavanté (65),false,{65120},Commune,2026-03-24 14:42:06.665412+01,gold_establishments_2025,,,,21650120500019,2025,Collectivité Territoriale,Commune,['Hautes-Pyrénées'],['Occitanie'],COM,{65},{76}
353bb6b3-2131-4fd8-82bb-e0392c69ff46,212000483,Commune de Calcatoggio (2A),false,{2A048},Commune,2026-03-24 14:41:57.56054+01,gold_establishments_2025,,,,21200048300017,2025,Collectivité Territoriale,Commune,['Corse-du-Sud'],['Corse'],COM,{2A},{94}
d475b6ab-69c0-498e-893d-f0d74fc55f64,216600304,Commune de Calce (66),false,{66030},Commune,2026-03-24 14:42:06.665412+01,gold_establishments_2025,,,,21660030400010,2025,Collectivité Territoriale,Commune,['Pyrénées-Orientales'],['Occitanie'],COM,{66},{76}
653b57a6-9b53-4bf0-a866-cad9d077abd9,212000491,Commune de Calenzana (2B),false,{2B049},Commune,2026-03-24 14:41:57.56054+01,gold_establishments_2025,,,,21200049100010,2025,Collectivité Territoriale,Commune,['Haute-Corse'],['Corse'],COM,{2B},{94}
cfc741a4-00d2-47e9-b6e5-dd60b20fdb66,214700452,Commune de Calignac (47),false,{47045},Commune,2026-03-24 14:42:00.862623+01,gold_establishments_2025,,,,21470045200011,2025,Collectivité Territoriale,Commune,['Lot-et-Garonne'],['Nouvelle-Aquitaine'],COM,{47},{75}
1ab881f0-0695-4866-b93c-0894104710ad,216100701,Commune de Caligny (61),false,{61070},Commune,2026-03-24 14:42:04.814328+01,gold_establishments_2025,,,,21610070100012,2025,Collectivité Territoriale,Commune,['Orne'],['Normandie'],COM,{61},{28}
eb25ae5d-8fc2-4929-b669-cc33ca9c366d,212200257,Commune de Callac (22),false,{22025},Commune,2026-03-24 14:41:55.433389+01,gold_establishments_2025,,,,21220025700013,2025,Collectivité Territoriale,Commune,"[""Côtes-d'Armor""]",['Bretagne'],COM,{22},{53}
a246a259-26ae-4d5a-917b-87d993bccd6e,218300283,Commune de Callas (83),false,{83028},Commune,2026-03-24 14:42:10.508772+01,gold_establishments_2025,,,,21830028300015,2025,Collectivité Territoriale,Commune,['Var'],"[""Provence-Alpes-Côte d'Azur""]",COM,{83},{93}
7de8fb60-d44d-44ba-bf9a-1f338de1f2dc,214000606,Commune de Callen (40),false,{40060},Commune,2026-03-24 14:41:59.705606+01,gold_establishments_2025,,,,21400060600019,2025,Collectivité Territoriale,Commune,['Landes'],['Nouvelle-Aquitaine'],COM,{40},{75}
33dbbe7c-1aed-4627-b2fa-b674b65d8166,217601228,Commune de Callengeville (76),false,{76122},Commune,2026-03-24 14:42:08.818969+01,gold_establishments_2025,,,,21760122800018,2025,Collectivité Territoriale,Commune,['Seine-Maritime'],['Normandie'],COM,{76},{28}
882ae150-a6e5-4fc8-960c-7eb1f067817e,212701254,Commune de Calleville (27),false,{27125},Commune,2026-03-24 14:41:56.495197+01,gold_establishments_2025,,,,21270125400014,2025,Collectivité Territoriale,Commune,['Eure'],['Normandie'],COM,{27},{28}
7d62dbe1-fe07-448e-a6b2-d54b91702ad0,217601533,Commune de Calleville-les-Deux-Églises (76),false,{76153},Commune,2026-03-24 14:42:08.818969+01,gold_establishments_2025,,,,21760153300011,2025,Collectivité Territoriale,Commune,['Seine-Maritime'],['Normandie'],COM,{76},{28}
b3178e11-e38f-46b7-a9d9-44ab65a183ec,213200728,Commune de Callian (32),false,{32072},Commune,2026-03-24 14:41:58.09424+01,gold_establishments_2025,,,,21320072800011,2025,Collectivité Territoriale,Commune,['Gers'],['Occitanie'],COM,{32},{76}
0167e7e5-ab03-421e-a81e-39f86c850117,218300291,Commune de Callian (83),false,{83029},Commune,2026-03-24 14:42:10.508772+01,gold_establishments_2025,,,,21830029100018,2025,Collectivité Territoriale,Commune,['Var'],"[""Provence-Alpes-Côte d'Azur""]",COM,{83},{93}
9a3c9153-5df9-49eb-9f42-43cf85179001,216600320,Commune de Calmeilles (66),false,{66032},Commune,2026-03-24 14:42:06.665412+01,gold_establishments_2025,,,,21660032000016,2025,Collectivité Territoriale,Commune,['Pyrénées-Orientales'],['Occitanie'],COM,{66},{76}
72dc14e3-f944-480b-a59e-48c86be834e7,211200423,Commune de Calmels-et-le-Viala (12),false,{12042},Commune,2026-03-24 14:41:53.63825+01,gold_establishments_2025,,,,21120042300013,2025,Collectivité Territoriale,Commune,['Aveyron'],['Occitanie'],COM,{12},{76}
08728dd7-0dc3-4537-a27b-dd1e3f2e9269,211200431,Commune de Calmont (12),false,{12043},Commune,2026-03-24 14:41:53.63825+01,gold_establishments_2025,,,,21120043100016,2025,Collectivité Territoriale,Commune,['Aveyron'],['Occitanie'],COM,{12},{76}
587e6af1-cf5c-4dc6-a203-b1dddb21cb9e,213101009,Commune de Calmont (31),false,{31100},Commune,2026-03-24 14:41:57.56054+01,gold_establishments_2025,,,,21310100900016,2025,Collectivité Territoriale,Commune,['Haute-Garonne'],['Occitanie'],COM,{31},{76}
e8cd297c-2c93-466d-a4b6-9806eb9198cc,217001114,Commune de Calmoutier (70),false,{70111},Commune,2026-03-24 14:42:07.735343+01,gold_establishments_2025,,,,21700111400016,2025,Collectivité Territoriale,Commune,['Haute-Saône'],['Bourgogne-Franche-Comté'],COM,{70},{27}
a10c402f-c349-49eb-a658-4841e1a4c7d4,214200313,Commune de Caloire (42),false,{42031},Commune,2026-03-24 14:42:00.273698+01,gold_establishments_2025,,,,21420031300010,2025,Collectivité Territoriale,Commune,['Loire'],['Auvergne-Rhône-Alpes'],COM,{42},{84}
4522fb70-d1f5-4dbc-a9b3-712297514c61,214700460,Commune de Calonges (47),false,{47046},Commune,2026-03-24 14:42:00.862623+01,gold_establishments_2025,,,,21470046000014,2025,Collectivité Territoriale,Commune,['Lot-et-Garonne'],['Nouvelle-Aquitaine'],COM,{47},{75}
cdd1a456-5354-405c-b5db-e814aadd272f,216201947,Commune de Calonne-Ricouart (62),false,{62194},Commune,2026-03-24 14:42:05.597325+01,gold_establishments_2025,,,,21620194700019,2025,Collectivité Territoriale,Commune,['Pas-de-Calais'],['Hauts-de-France'],COM,{62},{32}
56f77cf0-6eef-4265-805d-39fb3800ca32,216201954,Commune de Calonne-sur-la-Lys (62),false,{62195},Commune,2026-03-24 14:42:05.597325+01,gold_establishments_2025,,,,21620195400015,2025,Collectivité Territoriale,Commune,['Pas-de-Calais'],['Hauts-de-France'],COM,{62},{32}
6e652df5-b678-4473-b9c8-3dd944fe65e7,212200265,Commune de Calorguen (22),false,{22026},Commune,2026-03-24 14:41:55.433389+01,gold_establishments_2025,,,,21220026500016,2025,Collectivité Territoriale,Commune,"[""Côtes-d'Armor""]",['Bretagne'],COM,{22},{53}
c9feac0a-48fa-4a7b-a21b-d6e8227e4789,216900340,Commune de Caluire-et-Cuire (69),false,{69034},Commune,2026-03-24 14:42:07.195692+01,gold_establishments_2025,,,,21690034000011,2025,Collectivité Territoriale,Commune,['Rhône'],['Auvergne-Rhône-Alpes'],COM,{69},{84}
109e54f5-f8e4-4abb-b672-56d1bd187413,212000509,Commune de Calvi (2B),false,{2B050},Commune,2026-03-24 14:41:57.56054+01,gold_establishments_2025,,,,21200050900019,2025,Collectivité Territoriale,Commune,['Haute-Corse'],['Corse'],COM,{2B},{94}
87112649-a08d-4b0a-9cf8-0d4b38c54414,212400741,Commune de Calviac-en-Périgord (24),false,{24074},Commune,2026-03-24 14:41:55.958138+01,gold_establishments_2025,,,,21240074100014,2025,Collectivité Territoriale,Commune,['Dordogne'],['Nouvelle-Aquitaine'],COM,{24},{75}
bb224bc4-573f-4827-9dc5-fefbe1285b9b,214600496,Commune de Calvignac (46),false,{46049},Commune,2026-03-24 14:42:00.862623+01,gold_establishments_2025,,,,21460049600019,2025,Collectivité Territoriale,Commune,['Lot'],['Occitanie'],COM,{46},{76}
6e7e3a69-7330-499f-a4a0-8e0b6105dd0f,213000623,Commune de Calvisson (30),false,{30062},Commune,2026-03-24 14:41:57.56054+01,gold_establishments_2025,,,,21300062300016,2025,Collectivité Territoriale,Commune,['Gard'],['Occitanie'],COM,{30},{76}
a19472bd-d2d6-4b17-8e46-7b11f67e35ca,210900726,Commune de Calzan (09),false,{09072},Commune,2026-03-24 14:41:53.095366+01,gold_establishments_2025,,,,21090072600014,2025,Collectivité Territoriale,Commune,['Ariège'],['Occitanie'],COM,{09},{76}
bbd0e6fc-0570-4bc6-8394-372dc56fbb70,212400733,Commune de Calès (24),false,{24073},Commune,2026-03-24 14:41:55.958138+01,gold_establishments_2025,,,,21240073300011,2025,Collectivité Territoriale,Commune,['Dordogne'],['Nouvelle-Aquitaine'],COM,{24},{75}
5e5cf6c3-e470-475e-ab44-2211fa7e4fd2,214600470,Commune de Calès (46),false,{46047},Commune,2026-03-24 14:42:00.862623+01,gold_establishments_2025,,,,21460047000014,2025,Collectivité Territoriale,Commune,['Lot'],['Occitanie'],COM,{46},{76}
c31648fb-f13e-4f41-997c-833aecf80bb4,216501213,Commune de Camalès (65),false,{65121},Commune,2026-03-24 14:42:06.665412+01,gold_establishments_2025,,,,21650121300013,2025,Collectivité Territoriale,Commune,['Hautes-Pyrénées'],['Occitanie'],COM,{65},{76}
3930f41c-ec05-461a-9563-746e652316a7,210900734,Commune de Camarade (09),false,{09073},Commune,2026-03-24 14:41:53.095366+01,gold_establishments_2025,,,,21090073400018,2025,Collectivité Territoriale,Commune,['Ariège'],['Occitanie'],COM,{09},{76}
34cb69ee-17dc-43ca-8b62-3fafa4b43754,218400299,Commune de Camaret-sur-Aigues (84),false,{84029},Commune,2026-03-24 14:42:10.508772+01,gold_establishments_2025,,,,21840029900010,2025,Collectivité Territoriale,Commune,['Vaucluse'],"[""Provence-Alpes-Côte d'Azur""]",COM,{84},{93}
2afdc028-503a-4e9e-9f58-3e235f72e7f7,212900229,Commune de Camaret-sur-Mer (29),false,{29022},Commune,2026-03-24 14:41:57.028721+01,gold_establishments_2025,,,,21290022900015,2025,Collectivité Territoriale,Commune,['Finistère'],['Bretagne'],COM,{29},{53}
90dec55a-f550-4689-b72c-a95bfaae50e3,213300833,Commune de Camarsac (33),false,{33083},Commune,2026-03-24 14:41:58.09424+01,gold_establishments_2025,,,,21330083300018,2025,Collectivité Territoriale,Commune,['Gironde'],['Nouvelle-Aquitaine'],COM,{33},{75}
e5377136-0584-4525-bef5-61181ab21602,211200449,Commune de Camarès (12),false,{12044},Commune,2026-03-24 14:41:53.63825+01,gold_establishments_2025,,,,21120044900018,2025,Collectivité Territoriale,Commune,['Aveyron'],['Occitanie'],COM,{12},{76}
d9f851de-e512-4910-a0be-162bf483451d,214600504,Commune de Cambayrac (46),false,{46050},Commune,2026-03-24 14:42:00.862623+01,gold_establishments_2025,,,,21460050400010,2025,Collectivité Territoriale,Commune,['Lot'],['Occitanie'],COM,{46},{76}
27b544d9-b487-4be9-97cb-5e209879cc1f,213101017,Commune de Cambernard (31),false,{31101},Commune,2026-03-24 14:41:57.56054+01,gold_establishments_2025,,,,21310101700019,2025,Collectivité Territoriale,Commune,['Haute-Garonne'],['Occitanie'],COM,{31},{76}
636bd8a6-9b47-43d4-af58-31adbd24e16d,215000928,Commune de Cambernon (50),false,{50092},Commune,2026-03-24 14:42:01.412377+01,gold_establishments_2025,,,,21500092800014,2025,Collectivité Territoriale,Commune,['Manche'],['Normandie'],COM,{50},{28}
8aa58c59-0f33-4f83-b490-2ba76d8dfe70,213300841,Commune de Cambes (33),false,{33084},Commune,2026-03-24 14:41:58.09424+01,gold_establishments_2025,,,,21330084100011,2025,Collectivité Territoriale,Commune,['Gironde'],['Nouvelle-Aquitaine'],COM,{33},{75}
71680e31-484a-4535-9395-0410a3fbe1d2,214600512,Commune de Cambes (46),false,{46051},Commune,2026-03-24 14:42:00.862623+01,gold_establishments_2025,,,,21460051200013,2025,Collectivité Territoriale,Commune,['Lot'],['Occitanie'],COM,{46},{76}
38296c27-9119-45f3-bc8e-c786537d94dc,214700478,Commune de Cambes (47),false,{47047},Commune,2026-03-24 14:42:00.862623+01,gold_establishments_2025,,,,21470047800016,2025,Collectivité Territoriale,Commune,['Lot-et-Garonne'],['Nouvelle-Aquitaine'],COM,{47},{75}
942d0ff3-a7ea-43c2-b01a-c06b2334137c,211401252,Commune de Cambes-en-Plaine (14),false,{14125},Commune,2026-03-24 14:41:53.63825+01,gold_establishments_2025,,,,21140125200013,2025,Collectivité Territoriale,Commune,['Calvados'],['Normandie'],COM,{14},{28}
814321ca-582c-4ab0-b51a-878aa834cacc,212000517,Commune de Cambia (2B),false,{2B051},Commune,2026-03-24 14:41:57.56054+01,gold_establishments_2025,,,,21200051700012,2025,Collectivité Territoriale,Commune,['Haute-Corse'],['Corse'],COM,{2B},{94}
87dd5d99-6584-4c8e-85cf-656633bb29a3,213101025,Commune de Cambiac (31),false,{31102},Commune,2026-03-24 14:41:57.56054+01,gold_establishments_2025,,,,21310102500012,2025,Collectivité Territoriale,Commune,['Haute-Garonne'],['Occitanie'],COM,{31},{76}
e4226443-a6e8-46e0-9aeb-792f897292d5,211100615,Commune de Cambieure (11),false,{11061},Commune,2026-03-24 14:41:53.63825+01,gold_establishments_2025,,,,21110061500015,2025,Collectivité Territoriale,Commune,['Aude'],['Occitanie'],COM,{11},{76}
251f5650-3408-48dd-9776-3ec5579cf969,216201970,Commune de Camblain-Châtelain (62),false,{62197},Commune,2026-03-24 14:42:05.597325+01,gold_establishments_2025,,,,21620197000011,2025,Collectivité Territoriale,Commune,['Pas-de-Calais'],['Hauts-de-France'],COM,{62},{32}
f0a7e6a9-aa15-44b8-9983-8b15d0e8dfcc,216201996,Commune de Camblain-l'Abbé (62),false,{62199},Commune,2026-03-24 14:42:05.597325+01,gold_establishments_2025,,,,21620199600016,2025,Collectivité Territoriale,Commune,['Pas-de-Calais'],['Hauts-de-France'],COM,{62},{32}
2a32835b-0b5e-407f-9044-410d6133ff0c,213300858,Commune de Camblanes-et-Meynac (33),false,{33085},Commune,2026-03-24 14:41:58.09424+01,gold_establishments_2025,,,,21330085800015,2025,Collectivité Territoriale,Commune,['Gironde'],['Nouvelle-Aquitaine'],COM,{33},{75}
64e0a75d-265c-4db7-9d1c-c83098416ec0,216201988,Commune de Cambligneul (62),false,{62198},Commune,2026-03-24 14:42:05.597325+01,gold_establishments_2025,,,,21620198800013,2025,Collectivité Territoriale,Commune,['Pas-de-Calais'],['Hauts-de-France'],COM,{62},{32}
d0711c9d-7890-4106-ab5d-cceb698a6ae8,216401604,Commune de Cambo-les-Bains (64),false,{64160},Commune,2026-03-24 14:42:06.130387+01,gold_establishments_2025,,,,21640160400014,2025,Collectivité Territoriale,Commune,['Pyrénées-Atlantiques'],['Nouvelle-Aquitaine'],COM,{64},{75}
f88d8ae5-e4b1-4b94-836d-908f655e049b,218100527,Commune de Cambon (81),false,{81052},Commune,2026-03-24 14:42:09.967209+01,gold_establishments_2025,,,,21810052700017,2025,Collectivité Territoriale,Commune,['Tarn'],['Occitanie'],COM,{81},{76}
608555ba-0da5-461a-b6e2-d07ae46a66e3,213400468,Commune de Cambon-et-Salvergues (34),false,{34046},Commune,2026-03-24 14:41:58.620411+01,gold_establishments_2025,,,,21340046800012,2025,Collectivité Territoriale,Commune,['Hérault'],['Occitanie'],COM,{34},{76}
de10fb2b-2f7e-44ce-b648-d16317e8eb74,218100501,Commune de Cambon-lès-Lavaur (81),false,{81050},Commune,2026-03-24 14:42:09.967209+01,gold_establishments_2025,,,,21810050100012,2025,Collectivité Territoriale,Commune,['Tarn'],['Occitanie'],COM,{81},{76}
a2313108-d55e-4c8b-8593-20a05caa8fcc,211200456,Commune de Camboulazet (12),false,{12045},Commune,2026-03-24 14:41:53.63825+01,gold_establishments_2025,,,,21120045600013,2025,Collectivité Territoriale,Commune,['Aveyron'],['Occitanie'],COM,{12},{76}
2304247d-088e-4a79-81ab-3763322302e6,214600520,Commune de Camboulit (46),false,{46052},Commune,2026-03-24 14:42:00.862623+01,gold_establishments_2025,,,,21460052000016,2025,Collectivité Territoriale,Commune,['Lot'],['Occitanie'],COM,{46},{76}
7770d4d0-c821-4ff8-b714-bc24311dde0b,218100543,Commune de Cambounet-sur-le-Sor (81),false,{81054},Commune,2026-03-24 14:42:09.967209+01,gold_establishments_2025,,,,21810054300014,2025,Collectivité Territoriale,Commune,['Tarn'],['Occitanie'],COM,{81},{76}
9fa223e3-5749-4576-8565-7d2f3335ea55,218100535,Commune de Cambounès (81),false,{81053},Commune,2026-03-24 14:42:09.967209+01,gold_establishments_2025,,,,21810053500010,2025,Collectivité Territoriale,Commune,['Tarn'],['Occitanie'],COM,{81},{76}
1ded051d-2425-4ecb-9ac9-61014417fe6e,215901224,Commune de Cambrai (59),false,{59122},Commune,2026-03-24 14:42:04.280096+01,gold_establishments_2025,,,,21590122400018,2025,Collectivité Territoriale,Commune,['Nord'],['Hauts-de-France'],COM,{59},{32}
1050a4bd-8c4e-4da3-bc60-03a309ca81f3,200083194,Commune de Cambremer (14),false,{14126},Commune,2026-03-24 14:41:53.63825+01,gold_establishments_2025,,,,20008319400015,2025,Collectivité Territoriale,Commune,['Calvados'],['Normandie'],COM,{14},{28}
d3a59599-25f5-41eb-8b17-8a6de97db2d5,216202002,Commune de Cambrin (62),false,{62200},Commune,2026-03-24 14:42:05.597325+01,gold_establishments_2025,,,,21620200200012,2025,Collectivité Territoriale,Commune,['Pas-de-Calais'],['Hauts-de-France'],COM,{62},{32}
dc93e612-61b3-4bab-8f15-0309ae393056,218001568,Commune de Cambron (80),false,{80163},Commune,2026-03-24 14:42:09.967209+01,gold_establishments_2025,,,,21800156800011,2025,Collectivité Territoriale,Commune,['Somme'],['Hauts-de-France'],COM,{80},{32}
96c1a982-f7a1-433d-9f04-2b689713e571,216001206,Commune de Cambronne-lès-Clermont (60),false,{60120},Commune,2026-03-24 14:42:04.814328+01,gold_establishments_2025,,,,21600120600012,2025,Collectivité Territoriale,Commune,['Oise'],['Hauts-de-France'],COM,{60},{32}
5afaa141-156e-48ce-a36e-8e5faa88674f,216001198,Commune de Cambronne-lès-Ribécourt (60),false,{60119},Commune,2026-03-24 14:42:04.814328+01,gold_establishments_2025,,,,21600119800011,2025,Collectivité Territoriale,Commune,['Oise'],['Hauts-de-France'],COM,{60},{32}
2002533c-22b9-4581-a3e6-0e6595aaf453,214600538,Commune de Camburat (46),false,{46053},Commune,2026-03-24 14:42:00.862623+01,gold_establishments_2025,,,,21460053800018,2025,Collectivité Territoriale,Commune,['Lot'],['Occitanie'],COM,{46},{76}
7ead249d-3244-406a-918d-7a7f8dca2ee5,216401612,Commune de Came (64),false,{64161},Commune,2026-03-24 14:42:06.130387+01,gold_establishments_2025,,,,21640161200017,2025,Collectivité Territoriale,Commune,['Pyrénées-Atlantiques'],['Nouvelle-Aquitaine'],COM,{64},{75}
d17dd1b7-0d62-45ea-88ed-4fe7e108ec28,210201273,Commune de Camelin (02),false,{02140},Commune,2026-03-24 14:41:51.447482+01,gold_establishments_2025,,,,21020127300013,2025,Collectivité Territoriale,Commune,['Aisne'],['Hauts-de-France'],COM,{02},{32}
394e472d-fd03-4ef7-ba6f-fb789f5fd1f1,216100719,Commune de Camembert (61),false,{61071},Commune,2026-03-24 14:42:04.814328+01,gold_establishments_2025,,,,21610071900014,2025,Collectivité Territoriale,Commune,['Orne'],['Normandie'],COM,{61},{28}
519f8bbc-c834-44aa-b804-a2bb2853b782,215000936,Commune de Cametours (50),false,{50093},Commune,2026-03-24 14:42:01.412377+01,gold_establishments_2025,,,,21500093600017,2025,Collectivité Territoriale,Commune,['Manche'],['Normandie'],COM,{50},{28}
2c92997f-3af5-48f0-b91e-d70904b995c4,213300866,Commune de Camiac-et-Saint-Denis (33),false,{33086},Commune,2026-03-24 14:41:58.09424+01,gold_establishments_2025,,,,21330086600018,2025,Collectivité Territoriale,Commune,['Gironde'],['Nouvelle-Aquitaine'],COM,{33},{75}
a3d15049-67cb-408b-b4bb-996adb87d7d2,216202010,Commune de Camiers (62),false,{62201},Commune,2026-03-24 14:42:05.597325+01,gold_establishments_2025,,,,21620201000064,2025,Collectivité Territoriale,Commune,['Pas-de-Calais'],['Hauts-de-France'],COM,{62},{32}
9ca4b7af-3df7-485f-88ef-fc8fc8828593,213300874,Commune de Camiran (33),false,{33087},Commune,2026-03-24 14:41:58.09424+01,gold_establishments_2025,,,,21330087400012,2025,Collectivité Territoriale,Commune,['Gironde'],['Nouvelle-Aquitaine'],COM,{33},{75}
c328eb0a-a540-4dee-862b-b8c42c791133,211200464,Commune de Camjac (12),false,{12046},Commune,2026-03-24 14:41:53.63825+01,gold_establishments_2025,,,,21120046400017,2025,Collectivité Territoriale,Commune,['Aveyron'],['Occitanie'],COM,{12},{76}
ac31f8e6-1b3c-40c7-b1fa-dffcbfaa5389,212200281,Commune de Camlez (22),false,{22028},Commune,2026-03-24 14:41:55.433389+01,gold_establishments_2025,,,,21220028100013,2025,Collectivité Territoriale,Commune,"[""Côtes-d'Armor""]",['Bretagne'],COM,{22},{53}
4b6a3c03-b42e-49a5-80dc-3245c22a1205,210900742,Commune de Camon (09),false,{09074},Commune,2026-03-24 14:41:53.095366+01,gold_establishments_2025,,,,21090074200011,2025,Collectivité Territoriale,Commune,['Ariège'],['Occitanie'],COM,{09},{76}
85b3d7f5-83b6-4a73-bc8d-8524a1e34d8b,218001576,Commune de Camon (80),false,{80164},Commune,2026-03-24 14:42:09.967209+01,gold_establishments_2025,,,,21800157600014,2025,Collectivité Territoriale,Commune,['Somme'],['Hauts-de-France'],COM,{80},{32}
3827805b-6dd5-4d00-91d2-425ea028e863,219733565,Commune de Camopi (973),false,{97356},Commune,2026-03-24 14:42:11.659493+01,gold_establishments_2025,,,,21973356500010,2025,Collectivité Territoriale,Commune,['Guyane'],['Guyane'],COM,{973},{03}
738ddc88-1d14-43b8-8ac0-4a6e7ded6a38,215600313,Commune de Camors (56),false,{56031},Commune,2026-03-24 14:42:03.701372+01,gold_establishments_2025,,,,21560031300120,2025,Collectivité Territoriale,Commune,['Morbihan'],['Bretagne'],COM,{56},{53}
b177d286-e706-4150-853f-a067a4f10476,216401620,Commune de Camou-Cihigue (64),false,{64162},Commune,2026-03-24 14:42:06.130387+01,gold_establishments_2025,,,,21640162000010,2025,Collectivité Territoriale,Commune,['Pyrénées-Atlantiques'],['Nouvelle-Aquitaine'],COM,{64},{75}
de7e5877-46cf-43a4-93d1-5f0b17d66815,215600305,Commune de Camoël (56),false,{56030},Commune,2026-03-24 14:42:03.701372+01,gold_establishments_2025,,,,21560030500019,2025,Collectivité Territoriale,Commune,['Morbihan'],['Bretagne'],COM,{56},{53}
0654a663-7dc1-416c-8929-54052074017e,211100623,Commune de Campagna-de-Sault (11),false,{11062},Commune,2026-03-24 14:41:53.63825+01,gold_establishments_2025,,,,21110062300019,2025,Collectivité Territoriale,Commune,['Aude'],['Occitanie'],COM,{11},{76}
e4bdc7c6-bbd6-4c70-bc43-5198291a26e4,211200472,Commune de Campagnac (12),false,{12047},Commune,2026-03-24 14:41:53.63825+01,gold_establishments_2025,,,,21120047200010,2025,Collectivité Territoriale,Commune,['Aveyron'],['Occitanie'],COM,{12},{76}
0f1164c6-56aa-4f43-8687-145e8e34b2b1,218100568,Commune de Campagnac (81),false,{81056},Commune,2026-03-24 14:42:09.967209+01,gold_establishments_2025,,,,21810056800011,2025,Collectivité Territoriale,Commune,['Tarn'],['Occitanie'],COM,{81},{76}
6aa5e680-659e-436b-86aa-c90f03b14254,212400758,Commune de Campagnac-lès-Quercy (24),false,{24075},Commune,2026-03-24 14:41:55.958138+01,gold_establishments_2025,,,,21240075800018,2025,Collectivité Territoriale,Commune,['Dordogne'],['Nouvelle-Aquitaine'],COM,{24},{75}
9a888540-7c27-4f4e-8af5-a5cd28fcade6,213400476,Commune de Campagnan (34),false,{34047},Commune,2026-03-24 14:41:58.620411+01,gold_establishments_2025,,,,21340047600015,2025,Collectivité Territoriale,Commune,['Hérault'],['Occitanie'],COM,{34},{76}
390f5326-ea6d-4e13-b646-e08f28ae25ec,212400766,Commune de Campagne (24),false,{24076},Commune,2026-03-24 14:41:55.958138+01,gold_establishments_2025,,,,21240076600011,2025,Collectivité Territoriale,Commune,['Dordogne'],['Nouvelle-Aquitaine'],COM,{24},{75}
1c5f4624-6c6e-4065-9c26-a5676d13417f,213400484,Commune de Campagne (34),false,{34048},Commune,2026-03-24 14:41:58.620411+01,gold_establishments_2025,,,,21340048400019,2025,Collectivité Territoriale,Commune,['Hérault'],['Occitanie'],COM,{34},{76}
5d2185a8-255c-41ec-8169-22474f16ee6a,214000614,Commune de Campagne (40),false,{40061},Commune,2026-03-24 14:41:59.705606+01,gold_establishments_2025,,,,21400061400013,2025,Collectivité Territoriale,Commune,['Landes'],['Nouvelle-Aquitaine'],COM,{40},{75}
a7e48ea5-d3b9-49eb-ad06-3f5b8d1581b4,216001214,Commune de Campagne (60),false,{60121},Commune,2026-03-24 14:42:04.814328+01,gold_establishments_2025,,,,21600121400016,2025,Collectivité Territoriale,Commune,['Oise'],['Hauts-de-France'],COM,{60},{32}
35e66fc4-40a0-46b1-9987-85e8cf7f64aa,213200736,Commune de Campagne-d'Armagnac (32),false,{32073},Commune,2026-03-24 14:41:58.09424+01,gold_establishments_2025,,,,21320073600014,2025,Collectivité Territoriale,Commune,['Gers'],['Occitanie'],COM,{32},{76}
36f3c9e7-f5ce-48b4-b22e-6559688f8866,216202028,Commune de Campagne-lès-Boulonnais (62),false,{62202},Commune,2026-03-24 14:42:05.597325+01,gold_establishments_2025,,,,21620202800017,2025,Collectivité Territoriale,Commune,['Pas-de-Calais'],['Hauts-de-France'],COM,{62},{32}
86bdfc12-7109-4acf-8ab3-bcfe29311da3,216202036,Commune de Campagne-lès-Guines (62),false,{62203},Commune,2026-03-24 14:42:05.597325+01,gold_establishments_2025,,,,21620203600010,2025,Collectivité Territoriale,Commune,['Pas-de-Calais'],['Hauts-de-France'],COM,{62},{32}
17ef2bf7-ebd3-452b-9d98-ce517021ca04,216202044,Commune de Campagne-lès-Hesdin (62),false,{62204},Commune,2026-03-24 14:42:05.597325+01,gold_establishments_2025,,,,21620204400014,2025,Collectivité Territoriale,Commune,['Pas-de-Calais'],['Hauts-de-France'],COM,{62},{32}
7eccd70b-ad2d-459a-93bb-23b540d74fbb,216202051,Commune de Campagne-lès-Wardrecques (62),false,{62205},Commune,2026-03-24 14:42:05.597325+01,gold_establishments_2025,,,,21620205100019,2025,Collectivité Territoriale,Commune,['Pas-de-Calais'],['Hauts-de-France'],COM,{62},{32}
5307160c-e7d7-44d9-bcf9-74b05927418c,210900759,Commune de Campagne-sur-Arize (09),false,{09075},Commune,2026-03-24 14:41:53.095366+01,gold_establishments_2025,,,,21090075900015,2025,Collectivité Territoriale,Commune,['Ariège'],['Occitanie'],COM,{09},{76}
02d1bafb-4ec1-43f5-9bd9-3bf2c27b78c3,211100631,Commune de Campagne-sur-Aude (11),false,{11063},Commune,2026-03-24 14:41:53.63825+01,gold_establishments_2025,,,,21110063100012,2025,Collectivité Territoriale,Commune,['Aude'],['Occitanie'],COM,{11},{76}
420c6688-392b-483d-910c-ad4b9b0c56ff,211401278,Commune de Campagnolles (14),false,{14127},Commune,2026-03-24 14:41:53.63825+01,gold_establishments_2025,,,,21140127800018,2025,Collectivité Territoriale,Commune,['Calvados'],['Normandie'],COM,{14},{28}
165173e6-c6ac-4537-90ae-02c1186301d2,216501239,Commune de Campan (65),false,{65123},Commune,2026-03-24 14:42:06.665412+01,gold_establishments_2025,,,,21650123900018,2025,Collectivité Territoriale,Commune,['Hautes-Pyrénées'],['Occitanie'],COM,{65},{76}
4a6bc096-cb8c-48f8-9f9b-ddb1b9df07d1,212000525,Commune de Campana (2B),false,{2B052},Commune,2026-03-24 14:41:57.56054+01,gold_establishments_2025,,,,21200052500015,2025,Collectivité Territoriale,Commune,['Haute-Corse'],['Corse'],COM,{2B},{94}
00b6a22d-de3b-4d4b-9169-59dacfda287a,216501247,Commune de Camparan (65),false,{65124},Commune,2026-03-24 14:42:06.665412+01,gold_establishments_2025,,,,21650124700011,2025,Collectivité Territoriale,Commune,['Hautes-Pyrénées'],['Occitanie'],COM,{65},{76}
471f4b17-a0db-4bbb-ae93-80efa07a34b2,214400251,Commune de Campbon (44),false,{44025},Commune,2026-03-24 14:42:00.273698+01,gold_establishments_2025,,,,21440025100010,2025,Collectivité Territoriale,Commune,['Loire-Atlantique'],['Pays de la Loire'],COM,{44},{52}
61c68908-5120-4d46-920f-3b62313ff9bc,216006940,Commune de Campeaux (60),false,{60122},Commune,2026-03-24 14:42:04.814328+01,gold_establishments_2025,,,,21600694000011,2025,Collectivité Territoriale,Commune,['Oise'],['Hauts-de-France'],COM,{60},{32}
bd15d13c-8a00-49f5-a30d-2a17810637e8,213000649,Commune de Campestre-et-Luc (30),false,{30064},Commune,2026-03-24 14:41:57.56054+01,gold_establishments_2025,,,,21300064900011,2025,Collectivité Territoriale,Commune,['Gard'],['Occitanie'],COM,{30},{76}
13fe40fb-a569-4841-adc7-f02cbcf38412,214000622,Commune de Campet-et-Lamolère (40),false,{40062},Commune,2026-03-24 14:41:59.705606+01,gold_establishments_2025,,,,21400062200016,2025,Collectivité Territoriale,Commune,['Landes'],['Nouvelle-Aquitaine'],COM,{40},{75}
782d0651-7273-46ad-9952-8c366f0c93a7,215901232,Commune de Camphin-en-Carembault (59),false,{59123},Commune,2026-03-24 14:42:04.280096+01,gold_establishments_2025,,,,21590123200011,2025,Collectivité Territoriale,Commune,['Nord'],['Hauts-de-France'],COM,{59},{32}
cad90f10-2093-4b42-ba02-0f140fb7d540,215901240,Commune de Camphin-en-Pévèle (59),false,{59124},Commune,2026-03-24 14:42:04.280096+01,gold_establishments_2025,,,,21590124000014,2025,Collectivité Territoriale,Commune,['Nord'],['Hauts-de-France'],COM,{59},{32}
6348cab3-ba7b-483a-a858-6be792511640,212000533,Commune de Campi (2B),false,{2B053},Commune,2026-03-24 14:41:57.56054+01,gold_establishments_2025,,,,21200053300019,2025,Collectivité Territoriale,Commune,['Haute-Corse'],['Corse'],COM,{2B},{94}
2b734ffe-d589-4f41-a138-4033c574f440,216202069,Commune de Campigneulles-les-Grandes (62),false,{62206},Commune,2026-03-24 14:42:05.597325+01,gold_establishments_2025,,,,21620206900011,2025,Collectivité Territoriale,Commune,['Pas-de-Calais'],['Hauts-de-France'],COM,{62},{32}
02688f88-d935-4de5-8d95-0627e9f8852f,216202077,Commune de Campigneulles-les-Petites (62),false,{62207},Commune,2026-03-24 14:42:05.597325+01,gold_establishments_2025,,,,21620207700014,2025,Collectivité Territoriale,Commune,['Pas-de-Calais'],['Hauts-de-France'],COM,{62},{32}
5bddc416-50e0-426f-a5a5-d9c7f9ba095e,211401302,Commune de Campigny (14),false,{14130},Commune,2026-03-24 14:41:53.63825+01,gold_establishments_2025,,,,21140130200016,2025,Collectivité Territoriale,Commune,['Calvados'],['Normandie'],COM,{14},{28}
3a755754-d669-4932-bcef-7d8cc5293cae,212701262,Commune de Campigny (27),false,{27126},Commune,2026-03-24 14:41:56.495197+01,gold_establishments_2025,,,,21270126200017,2025,Collectivité Territoriale,Commune,['Eure'],['Normandie'],COM,{27},{28}
e4020d27-a188-4908-839a-7636cf5a68d8,212000541,Commune de Campile (2B),false,{2B054},Commune,2026-03-24 14:41:57.56054+01,gold_establishments_2025,,,,21200054100012,2025,Collectivité Territoriale,Commune,['Haute-Corse'],['Corse'],COM,{2B},{94}
e14841c7-afa9-43da-861b-1add6edb9196,216501254,Commune de Campistrous (65),false,{65125},Commune,2026-03-24 14:42:06.665412+01,gold_establishments_2025,,,,21650125400017,2025,Collectivité Territoriale,Commune,['Hautes-Pyrénées'],['Occitanie'],COM,{65},{76}
cac36731-36bb-46e6-ad54-d22feae188f4,212000558,Commune de Campitello (2B),false,{2B055},Commune,2026-03-24 14:41:57.56054+01,gold_establishments_2025,,,,21200055800016,2025,Collectivité Territoriale,Commune,['Haute-Corse'],['Corse'],COM,{2B},{94}
a24dae45-aafb-402d-8265-c132c6884f98,213400492,Commune de Camplong (34),false,{34049},Commune,2026-03-24 14:41:58.620411+01,gold_establishments_2025,,,,21340049200012,2025,Collectivité Territoriale,Commune,['Hérault'],['Occitanie'],COM,{34},{76}
e74c4d65-a98d-4630-9b17-0cc241e7d284,211100649,Commune de Camplong-d'Aude (11),false,{11064},Commune,2026-03-24 14:41:53.63825+01,gold_establishments_2025,,,,21110064900014,2025,Collectivité Territoriale,Commune,['Aude'],['Occitanie'],COM,{11},{76}
53ec5b49-fe07-41f4-a599-be9519f6150d,217601541,Commune de Campneuseville (76),false,{76154},Commune,2026-03-24 14:42:08.818969+01,gold_establishments_2025,,,,21760154100014,2025,Collectivité Territoriale,Commune,['Seine-Maritime'],['Normandie'],COM,{76},{28}
b84afa6d-696f-41c9-b365-18ae50755347,212000566,Commune de Campo (2A),false,{2A056},Commune,2026-03-24 14:41:57.56054+01,gold_establishments_2025,,,,21200056600019,2025,Collectivité Territoriale,Commune,['Corse-du-Sud'],['Corse'],COM,{2A},{94}
edab6ada-1eb9-4ab4-ad25-cc60139d2ffa,211200480,Commune de Campouriez (12),false,{12048},Commune,2026-03-24 14:41:53.63825+01,gold_establishments_2025,,,,21120048000013,2025,Collectivité Territoriale,Commune,['Aveyron'],['Occitanie'],COM,{12},{76}
2f61b4e3-6746-48e5-a5da-8b1dc5abf294,216600353,Commune de Campoussy (66),false,{66035},Commune,2026-03-24 14:42:06.665412+01,gold_establishments_2025,,,,21660035300017,2025,Collectivité Territoriale,Commune,['Pyrénées-Orientales'],['Occitanie'],COM,{66},{76}
1adbce67-d65b-4cc8-95bc-024bec1c3c58,216001222,Commune de Campremy (60),false,{60123},Commune,2026-03-24 14:42:04.814328+01,gold_establishments_2025,,,,21600122200019,2025,Collectivité Territoriale,Commune,['Oise'],['Hauts-de-France'],COM,{60},{32}
46454e34-2c23-40d8-ab15-5abe4f04c0da,215000944,Commune de Camprond (50),false,{50094},Commune,2026-03-24 14:42:01.412377+01,gold_establishments_2025,,,,21500094400011,2025,Collectivité Territoriale,Commune,['Manche'],['Normandie'],COM,{50},{28}
d49f5258-4380-4679-967c-1b0280a865f6,211903406,Commune de Camps-Saint-Mathurin-Léobazel (19),false,{19034},Commune,2026-03-24 14:41:54.903238+01,gold_establishments_2025,,,,21190340600018,2025,Collectivité Territoriale,Commune,['Corrèze'],['Nouvelle-Aquitaine'],COM,{19},{75}
68bf7d18-e139-4a1f-a21e-0ddcab6e33ad,218001584,Commune de Camps-en-Amiénois (80),false,{80165},Commune,2026-03-24 14:42:09.967209+01,gold_establishments_2025,,,,21800158400018,2025,Collectivité Territoriale,Commune,['Somme'],['Hauts-de-France'],COM,{80},{32}
be5edee1-4425-4397-982d-a8e3fb389e39,218300309,Commune de Camps-la-Source (83),false,{83030},Commune,2026-03-24 14:42:10.508772+01,gold_establishments_2025,,,,21830030900018,2025,Collectivité Territoriale,Commune,['Var'],"[""Provence-Alpes-Côte d'Azur""]",COM,{83},{93}
a49dd12e-499f-471c-8ebe-0f7d14b9b6f7,211100656,Commune de Camps-sur-l'Agly (11),false,{11065},Commune,2026-03-24 14:41:53.63825+01,gold_establishments_2025,,,,21110065600019,2025,Collectivité Territoriale,Commune,['Aude'],['Occitanie'],COM,{11},{76}
5bb75678-08d8-4f87-83d8-f5a0b5f17987,213300882,Commune de Camps-sur-l'Isle (33),false,{33088},Commune,2026-03-24 14:41:58.09424+01,gold_establishments_2025,,,,21330088200015,2025,Collectivité Territoriale,Commune,['Gironde'],['Nouvelle-Aquitaine'],COM,{33},{75}
ecbac46a-5ebf-43b0-bf4f-4599ed6fe85a,218200277,Commune de Campsas (82),false,{82027},Commune,2026-03-24 14:42:10.508772+01,gold_establishments_2025,,,,21820027700018,2025,Collectivité Territoriale,Commune,['Tarn-et-Garonne'],['Occitanie'],COM,{82},{76}
cb35f245-5bbe-4dc8-850b-e0d11b582f19,212400774,Commune de Campsegret (24),false,{24077},Commune,2026-03-24 14:41:55.958138+01,gold_establishments_2025,,,,21240077400015,2025,Collectivité Territoriale,Commune,['Dordogne'],['Nouvelle-Aquitaine'],COM,{24},{75}
21be6897-c16a-4103-9ed4-dc22b6916d6b,211200498,Commune de Campuac (12),false,{12049},Commune,2026-03-24 14:41:53.63825+01,gold_establishments_2025,,,,21120049800015,2025,Collectivité Territoriale,Commune,['Aveyron'],['Occitanie'],COM,{12},{76}
60ec32e4-f90a-4188-9798-e26a4d3dc14c,213300890,Commune de Campugnan (33),false,{33089},Commune,2026-03-24 14:41:58.09424+01,gold_establishments_2025,,,,21330089000018,2025,Collectivité Territoriale,Commune,['Gironde'],['Nouvelle-Aquitaine'],COM,{33},{75}
efa1d1b6-1031-4f2e-aa54-4dee7d55ee59,216501262,Commune de Campuzan (65),false,{65126},Commune,2026-03-24 14:42:06.665412+01,gold_establishments_2025,,,,21650126200010,2025,Collectivité Territoriale,Commune,['Hautes-Pyrénées'],['Occitanie'],COM,{65},{76}
84b8b44e-b13d-470b-b148-a3403b50d62b,215600321,Commune de Campénéac (56),false,{56032},Commune,2026-03-24 14:42:03.701372+01,gold_establishments_2025,,,,21560032100016,2025,Collectivité Territoriale,Commune,['Morbihan'],['Bretagne'],COM,{56},{53}
891187fc-fba1-4f39-9383-d7c0f4883fd4,216600346,Commune de Campôme (66),false,{66034},Commune,2026-03-24 14:42:06.665412+01,gold_establishments_2025,,,,21660034600011,2025,Collectivité Territoriale,Commune,['Pyrénées-Orientales'],['Occitanie'],COM,{66},{76}
a78f2b3f-ea34-4ad7-86ca-b00ed06be09a,211100664,Commune de Camurac (11),false,{11066},Commune,2026-03-24 14:41:53.63825+01,gold_establishments_2025,,,,21110066400013,2025,Collectivité Territoriale,Commune,['Aude'],['Occitanie'],COM,{11},{76}
885e9bd5-42b7-4e50-b31f-7a8a1a1c9a90,216600338,Commune de Camélas (66),false,{66033},Commune,2026-03-24 14:42:06.665412+01,gold_establishments_2025,,,,21660033800018,2025,Collectivité Territoriale,Commune,['Pyrénées-Orientales'],['Occitanie'],COM,{66},{76}
ae6a522a-ae29-4d3a-b8fa-825e6e5f49c2,212000574,Commune de Canale-di-Verde (2B),false,{2B057},Commune,2026-03-24 14:41:57.56054+01,gold_establishments_2025,,,,21200057400013,2025,Collectivité Territoriale,Commune,['Haute-Corse'],['Corse'],COM,{2B},{94}
8507faeb-f5ff-4945-a22b-5ec6bd7a1bb9,218200285,Commune de Canals (82),false,{82028},Commune,2026-03-24 14:42:10.508772+01,gold_establishments_2025,,,,21820028500011,2025,Collectivité Territoriale,Commune,['Tarn-et-Garonne'],['Occitanie'],COM,{82},{76}
a163c236-7d48-4e36-a77e-da766747ed02,218001592,Commune de Canaples (80),false,{80166},Commune,2026-03-24 14:42:09.967209+01,gold_establishments_2025,,,,21800159200011,2025,Collectivité Territoriale,Commune,['Somme'],['Hauts-de-France'],COM,{80},{32}
34910785-1321-4978-a37d-70d2fe920a76,212701270,Commune de Canappeville (27),false,{27127},Commune,2026-03-24 14:41:56.495197+01,gold_establishments_2025,,,,21270127000010,2025,Collectivité Territoriale,Commune,['Eure'],['Normandie'],COM,{27},{28}
6ddd9ccf-8ab5-4b4e-ba32-086c7130ad06,211401310,Commune de Canapville (14),false,{14131},Commune,2026-03-24 14:41:53.63825+01,gold_establishments_2025,,,,21140131000019,2025,Collectivité Territoriale,Commune,['Calvados'],['Normandie'],COM,{14},{28}
f25dc7ef-d0d7-4b95-947c-c894f5403611,216100727,Commune de Canapville (61),false,{61072},Commune,2026-03-24 14:42:04.814328+01,gold_establishments_2025,,,,21610072700017,2025,Collectivité Territoriale,Commune,['Orne'],['Normandie'],COM,{61},{28}
17c64950-0d16-4440-88b0-2136e2dc35a4,212000582,Commune de Canari (2B),false,{2B058},Commune,2026-03-24 14:41:57.56054+01,gold_establishments_2025,,,,21200058200016,2025,Collectivité Territoriale,Commune,['Haute-Corse'],['Corse'],COM,{2B},{94}
e4d09992-504c-43d1-b09b-ccc9df015a88,213000656,Commune de Canaules-et-Argentières (30),false,{30065},Commune,2026-03-24 14:41:57.56054+01,gold_establishments_2025,,,,21300065600016,2025,Collectivité Territoriale,Commune,['Gard'],['Occitanie'],COM,{30},{76}
9a91def1-72c8-4996-b11b-ec6c32a4a047,212000590,Commune de Canavaggia (2B),false,{2B059},Commune,2026-03-24 14:41:57.56054+01,gold_establishments_2025,,,,21200059000019,2025,Collectivité Territoriale,Commune,['Haute-Corse'],['Corse'],COM,{2B},{94}
82232e19-a0fe-4934-87cf-a0dc61931471,216600361,Commune de Canaveilles (66),false,{66036},Commune,2026-03-24 14:42:06.665412+01,gold_establishments_2025,,,,21660036100010,2025,Collectivité Territoriale,Commune,['Pyrénées-Orientales'],['Occitanie'],COM,{66},{76}
aa68c1d7-11ff-4f2a-b504-a43e83a6897e,213500499,Commune de Cancale (35),false,{35049},Commune,2026-03-24 14:41:58.620411+01,gold_establishments_2025,,,,21350049900016,2025,Collectivité Territoriale,Commune,['Ille-et-Vilaine'],['Bretagne'],COM,{35},{53}
ce6909fd-7e62-41ec-9fe0-6fa5654ba6c3,211401328,Commune de Canchy (14),false,{14132},Commune,2026-03-24 14:41:53.63825+01,gold_establishments_2025,,,,21140132800011,2025,Collectivité Territoriale,Commune,['Calvados'],['Normandie'],COM,{14},{28}
4d123882-756e-4593-97e4-55e5a7a93b8a,218001600,Commune de Canchy (80),false,{80167},Commune,2026-03-24 14:42:09.967209+01,gold_establishments_2025,,,,21800160000012,2025,Collectivité Territoriale,Commune,['Somme'],['Hauts-de-France'],COM,{80},{32}
fcbe3961-5d51-431c-9155-e6323b35c39b,214700486,Commune de Cancon (47),false,{47048},Commune,2026-03-24 14:42:00.862623+01,gold_establishments_2025,,,,21470048600019,2025,Collectivité Territoriale,Commune,['Lot-et-Garonne'],['Nouvelle-Aquitaine'],COM,{47},{75}
e3a065f5-c47e-4db4-8ec9-a7a37101e49b,218001618,Commune de Candas (80),false,{80168},Commune,2026-03-24 14:42:09.967209+01,gold_establishments_2025,,,,21800161800014,2025,Collectivité Territoriale,Commune,['Somme'],['Hauts-de-France'],COM,{80},{32}
71f4b229-a848-4871-b2a2-82b0ca7713b9,213700420,Commune de Candes-Saint-Martin (37),false,{37042},Commune,2026-03-24 14:41:59.160244+01,gold_establishments_2025,,,,21370042000010,2025,Collectivité Territoriale,Commune,['Indre-et-Loire'],['Centre-Val de Loire'],COM,{37},{24}
74323520-90ed-499f-aedb-925810e9a069,213400500,Commune de Candillargues (34),false,{34050},Commune,2026-03-24 14:41:58.620411+01,gold_establishments_2025,,,,21340050000012,2025,Collectivité Territoriale,Commune,['Hérault'],['Occitanie'],COM,{34},{76}
d01d242a-3317-4a59-826a-968592107998,216001230,Commune de Candor (60),false,{60124},Commune,2026-03-24 14:42:04.814328+01,gold_establishments_2025,,,,21600123000012,2025,Collectivité Territoriale,Commune,['Oise'],['Hauts-de-France'],COM,{60},{32}
bc72bf06-d34c-4862-b8ae-e6b539af6a46,214000630,Commune de Candresse (40),false,{40063},Commune,2026-03-24 14:41:59.705606+01,gold_establishments_2025,,,,21400063000019,2025,Collectivité Territoriale,Commune,['Landes'],['Nouvelle-Aquitaine'],COM,{40},{75}
a8713388-fb15-4374-a3e8-4ff6df3721de,214900540,Commune de Candé (49),false,{49054},Commune,2026-03-24 14:42:01.412377+01,gold_establishments_2025,,,,21490054000011,2025,Collectivité Territoriale,Commune,['Maine-et-Loire'],['Pays de la Loire'],COM,{49},{52}
b658f4fd-63e0-4821-a7a7-cc5b54845a68,214100299,Commune de Candé-sur-Beuvron (41),false,{41029},Commune,2026-03-24 14:41:59.705606+01,gold_establishments_2025,,,,21410029900012,2025,Collectivité Territoriale,Commune,['Loir-et-Cher'],['Centre-Val de Loire'],COM,{41},{24}
bbd6a6ac-6647-48e4-a58b-ce4718eeb7ed,217601558,Commune de Canehan (76),false,{76155},Commune,2026-03-24 14:42:08.818969+01,gold_establishments_2025,,,,21760155800018,2025,Collectivité Territoriale,Commune,['Seine-Maritime'],['Normandie'],COM,{76},{28}
ad6c3ced-af2a-4eab-8a4d-c8b9250ffec5,213101033,Commune de Canens (31),false,{31103},Commune,2026-03-24 14:41:57.56054+01,gold_establishments_2025,,,,21310103300016,2025,Collectivité Territoriale,Commune,['Haute-Garonne'],['Occitanie'],COM,{31},{76}
49194b30-90f1-4e69-8e34-e617cb4d9d02,214000648,Commune de Canenx-et-Réaut (40),false,{40064},Commune,2026-03-24 14:41:59.705606+01,gold_establishments_2025,,,,21400064800011,2025,Collectivité Territoriale,Commune,['Landes'],['Nouvelle-Aquitaine'],COM,{40},{75}
9b887fa0-8b6d-4d04-9259-f1a47c36497a,211100672,Commune de Canet (11),false,{11067},Commune,2026-03-24 14:41:53.63825+01,gold_establishments_2025,,,,21110067200016,2025,Collectivité Territoriale,Commune,['Aude'],['Occitanie'],COM,{11},{76}
1bb6a3f0-0bb0-482a-ad5e-b1fdfb6fa04e,213400518,Commune de Canet (34),false,{34051},Commune,2026-03-24 14:41:58.620411+01,gold_establishments_2025,,,,21340051800014,2025,Collectivité Territoriale,Commune,['Hérault'],['Occitanie'],COM,{34},{76}
985a11fc-4cb6-4027-b6b8-44cd02da9668,211200506,Commune de Canet-de-Salars (12),false,{12050},Commune,2026-03-24 14:41:53.63825+01,gold_establishments_2025,,,,21120050600015,2025,Collectivité Territoriale,Commune,['Aveyron'],['Occitanie'],COM,{12},{76}
69963745-69a2-4dcb-bdf1-1a9b796bbbb7,216600379,Commune de Canet-en-Roussillon (66),false,{66037},Commune,2026-03-24 14:42:06.665412+01,gold_establishments_2025,,,,21660037900012,2025,Collectivité Territoriale,Commune,['Pyrénées-Orientales'],['Occitanie'],COM,{66},{76}
ded8c0c7-8005-4658-b286-e3c06a08f61e,216202085,Commune de Canettemont (62),false,{62208},Commune,2026-03-24 14:42:05.597325+01,gold_establishments_2025,,,,21620208500017,2025,Collectivité Territoriale,Commune,['Pas-de-Calais'],['Hauts-de-France'],COM,{62},{32}
8e0b697d-3545-4f0f-93fe-ad0e0e232cfd,213700438,Commune de Cangey (37),false,{37043},Commune,2026-03-24 14:41:59.160244+01,gold_establishments_2025,,,,21370043800012,2025,Collectivité Territoriale,Commune,['Indre-et-Loire'],['Centre-Val de Loire'],COM,{37},{24}
a43b63f0-bc26-41a3-b42b-89cb7d7b1f4b,214600546,Commune de Caniac-du-Causse (46),false,{46054},Commune,2026-03-24 14:42:00.862623+01,gold_establishments_2025,,,,21460054600011,2025,Collectivité Territoriale,Commune,['Lot'],['Occitanie'],COM,{46},{76}
6fcc59e7-02b1-42f4-b75c-254a3fe9252f,212200299,Commune de Canihuel (22),false,{22029},Commune,2026-03-24 14:41:55.433389+01,gold_establishments_2025,,,,21220029900015,2025,Collectivité Territoriale,Commune,"[""Côtes-d'Armor""]",['Bretagne'],COM,{22},{53}
71c339b0-61ff-4820-b6b6-154209d3c51b,200063543,Commune de Canisy (50),false,{50095},Commune,2026-03-24 14:42:01.412377+01,gold_establishments_2025,,,,20006354300017,2025,Collectivité Territoriale,Commune,['Manche'],['Normandie'],COM,{50},{28}
c77d5a0b-f466-4fde-8861-8fdd23d833d5,216202093,Commune de Canlers (62),false,{62209},Commune,2026-03-24 14:42:05.597325+01,gold_establishments_2025,,,,21620209300011,2025,Collectivité Territoriale,Commune,['Pas-de-Calais'],['Hauts-de-France'],COM,{62},{32}
5a417464-d815-4a8f-95dc-841ba12c323f,216001248,Commune de Canly (60),false,{60125},Commune,2026-03-24 14:42:04.814328+01,gold_establishments_2025,,,,21600124800014,2025,Collectivité Territoriale,Commune,['Oise'],['Hauts-de-France'],COM,{60},{32}
8cfd4b35-730b-49f3-8c59-001070ce87a4,216001255,Commune de Cannectancourt (60),false,{60126},Commune,2026-03-24 14:42:04.814328+01,gold_establishments_2025,,,,21600125500019,2025,Collectivité Territoriale,Commune,['Oise'],['Hauts-de-France'],COM,{60},{32}
e59ed3dc-d0c6-4f35-92a6-c3a35f1e6ce3,212000608,Commune de Cannelle (2A),false,{2A060},Commune,2026-03-24 14:41:57.56054+01,gold_establishments_2025,,,,21200060800019,2025,Collectivité Territoriale,Commune,['Corse-du-Sud'],['Corse'],COM,{2A},{94}
3d925b80-88a9-4003-8cad-5a613c696ee2,210600292,Commune de Cannes (06),false,{06029},Commune,2026-03-24 14:41:52.562531+01,gold_establishments_2025,,,,21060029200010,2025,Collectivité Territoriale,Commune,['Alpes-Maritimes'],"[""Provence-Alpes-Côte d'Azur""]",COM,{06},{93}
49715d11-3d18-4c2f-9ecf-e8ae274c7575,213000664,Commune de Cannes-et-Clairan (30),false,{30066},Commune,2026-03-24 14:41:57.56054+01,gold_establishments_2025,,,,21300066400010,2025,Collectivité Territoriale,Commune,['Gard'],['Occitanie'],COM,{30},{76}
6bf23b3f-016e-44dd-a1a3-7c7605875b04,217700616,Commune de Cannes-Écluse (77),false,{77061},Commune,2026-03-24 14:42:08.818969+01,gold_establishments_2025,,,,21770061600014,2025,Collectivité Territoriale,Commune,['Seine-et-Marne'],['Île-de-France'],COM,{77},{11}
6c8c015b-2757-4736-b44b-a5d5c5372a3a,218001626,Commune de Cannessières (80),false,{80169},Commune,2026-03-24 14:42:09.967209+01,gold_establishments_2025,,,,21800162600017,2025,Collectivité Territoriale,Commune,['Somme'],['Hauts-de-France'],COM,{80},{32}
b379cbcb-24af-4d90-9950-a4a9f4820263,216001263,Commune de Canny-sur-Matz (60),false,{60127},Commune,2026-03-24 14:42:04.814328+01,gold_establishments_2025,,,,21600126300013,2025,Collectivité Territoriale,Commune,['Oise'],['Hauts-de-France'],COM,{60},{32}
cff7e786-3e5e-4682-af5e-8920888318ef,216001271,Commune de Canny-sur-Thérain (60),false,{60128},Commune,2026-03-24 14:42:04.814328+01,gold_establishments_2025,,,,21600127100016,2025,Collectivité Territoriale,Commune,['Oise'],['Hauts-de-France'],COM,{60},{32}
f5ea3ae1-7b77-4b4b-bfa3-3eac08828914,216600387,Commune de Canohès (66),false,{66038},Commune,2026-03-24 14:42:06.665412+01,gold_establishments_2025,,,,21660038700015,2025,Collectivité Territoriale,Commune,['Pyrénées-Orientales'],['Occitanie'],COM,{66},{76}
013b6f2e-acc1-4a8d-a434-66c5ecf6f529,217601566,Commune de Canouville (76),false,{76156},Commune,2026-03-24 14:42:08.818969+01,gold_establishments_2025,,,,21760156600011,2025,Collectivité Territoriale,Commune,['Seine-Maritime'],['Normandie'],COM,{76},{28}
6f43a0c6-7099-45d2-b2b2-443659aa40cd,200056851,Commune de Cans et Cévennes (48),false,{48166},Commune,2026-03-24 14:42:01.412377+01,gold_establishments_2025,,,,20005685100013,2025,Collectivité Territoriale,Commune,['Lozère'],['Occitanie'],COM,{48},{76}
88838300-eb24-45ab-a268-936f3f43106c,215901257,Commune de Cantaing-sur-Escaut (59),false,{59125},Commune,2026-03-24 14:42:04.280096+01,gold_establishments_2025,,,,21590125700018,2025,Collectivité Territoriale,Commune,['Nord'],['Hauts-de-France'],COM,{59},{32}
0242f910-2595-4a1c-8706-f338eb3c030d,216504829,Commune de Cantaous (65),false,{65482},Commune,2026-03-24 14:42:06.665412+01,gold_establishments_2025,,,,21650482900013,2025,Collectivité Territoriale,Commune,['Hautes-Pyrénées'],['Occitanie'],COM,{65},{76}
76e00b19-179c-4eff-814e-cbdb9bed485b,210600318,Commune de Cantaron (06),false,{06031},Commune,2026-03-24 14:41:52.562531+01,gold_establishments_2025,,,,21060031800013,2025,Collectivité Territoriale,Commune,['Alpes-Maritimes'],"[""Provence-Alpes-Côte d'Azur""]",COM,{06},{93}
3e0d2804-c9e7-49b2-afe7-ff9206048f77,217601574,Commune de Canteleu (76),false,{76157},Commune,2026-03-24 14:42:08.818969+01,gold_establishments_2025,,,,21760157400163,2025,Collectivité Territoriale,Commune,['Seine-Maritime'],['Normandie'],COM,{76},{28}
c6e4ca70-4642-42b1-a0b0-37faca74b5ae,211401344,Commune de Canteloup (14),false,{14134},Commune,2026-03-24 14:41:53.63825+01,gold_establishments_2025,,,,21140134400018,2025,Collectivité Territoriale,Commune,['Calvados'],['Normandie'],COM,{14},{28}
85ff79ce-b674-4436-8afc-48da9a989fe4,215000969,Commune de Canteloup (50),false,{50096},Commune,2026-03-24 14:42:01.412377+01,gold_establishments_2025,,,,21500096900018,2025,Collectivité Territoriale,Commune,['Manche'],['Normandie'],COM,{50},{28}
8d73a729-e56f-4965-b5d7-8f95d3163e82,214900557,Commune de Cantenay-Épinard (49),false,{49055},Commune,2026-03-24 14:42:01.412377+01,gold_establishments_2025,,,,21490055700015,2025,Collectivité Territoriale,Commune,['Maine-et-Loire'],['Pays de la Loire'],COM,{49},{52}
6037c32d-acd9-4071-a5ea-89d06e674e99,218001634,Commune de Cantigny (80),false,{80170},Commune,2026-03-24 14:42:09.967209+01,gold_establishments_2025,,,,21800163400011,2025,Collectivité Territoriale,Commune,['Somme'],['Hauts-de-France'],COM,{80},{32}
50d5ed46-4811-4f09-971a-44c6c04a33fa,215901265,Commune de Cantin (59),false,{59126},Commune,2026-03-24 14:42:04.280096+01,gold_establishments_2025,,,,21590126500011,2025,Collectivité Territoriale,Commune,['Nord'],['Hauts-de-France'],COM,{59},{32}
965cb632-304e-4425-a0b5-fe3f207abfc8,211200514,Commune de Cantoin (12),false,{12051},Commune,2026-03-24 14:41:53.63825+01,gold_establishments_2025,,,,21120051400019,2025,Collectivité Territoriale,Commune,['Aveyron'],['Occitanie'],COM,{12},{76}
c688e53d-7bda-478c-92cb-cdd5e469fccb,210900767,Commune de Canté (09),false,{09076},Commune,2026-03-24 14:41:53.095366+01,gold_establishments_2025,,,,21090076700018,2025,Collectivité Territoriale,Commune,['Ariège'],['Occitanie'],COM,{09},{76}
4a8962be-5a9e-43c2-af5f-6f5040d58df2,215000977,Commune de Canville-la-Rocque (50),false,{50097},Commune,2026-03-24 14:42:01.412377+01,gold_establishments_2025,,,,21500097700011,2025,Collectivité Territoriale,Commune,['Manche'],['Normandie'],COM,{50},{28}
ba1363e9-b9a1-470a-ba8f-f6250f2f6ed2,217601582,Commune de Canville-les-Deux-Églises (76),false,{76158},Commune,2026-03-24 14:42:08.818969+01,gold_establishments_2025,,,,21760158200018,2025,Collectivité Territoriale,Commune,['Seine-Maritime'],['Normandie'],COM,{76},{28}
ef2f6f03-b622-4f21-b9b6-a905a509526a,217601590,Commune de Cany-Barville (76),false,{76159},Commune,2026-03-24 14:42:08.818969+01,gold_establishments_2025,,,,21760159000011,2025,Collectivité Territoriale,Commune,['Seine-Maritime'],['Normandie'],COM,{76},{28}
30c13caa-23be-430f-84c6-9dcf6c969d43,213300908,Commune de Canéjan (33),false,{33090},Commune,2026-03-24 14:41:58.09424+01,gold_establishments_2025,,,,21330090800018,2025,Collectivité Territoriale,Commune,['Gironde'],['Nouvelle-Aquitaine'],COM,{33},{75}
9791764a-9302-47cc-8285-3dea1fab5f19,212701296,Commune de Caorches-Saint-Nicolas (27),false,{27129},Commune,2026-03-24 14:41:56.495197+01,gold_establishments_2025,,,,21270129600015,2025,Collectivité Territoriale,Commune,['Eure'],['Normandie'],COM,{27},{28}
a1d42849-70e1-4c75-9349-a4d826bc46c2,218001642,Commune de Caours (80),false,{80171},Commune,2026-03-24 14:42:09.967209+01,gold_establishments_2025,,,,21800164200014,2025,Collectivité Territoriale,Commune,['Somme'],['Hauts-de-France'],COM,{80},{32}
e95d1cb9-fd26-4882-8fe0-eac565cbdc75,212200307,Commune de Caouënnec-Lanvézéac (22),false,{22030},Commune,2026-03-24 14:41:55.433389+01,gold_establishments_2025,,,,21220030700016,2025,Collectivité Territoriale,Commune,"[""Côtes-d'Armor""]",['Bretagne'],COM,{22},{53}
a4387471-ca4f-4e69-8881-e508cb5f900c,213203656,Commune de Cap d'Astarac (32),false,{32365},Commune,2026-03-24 14:41:58.09424+01,gold_establishments_2025,,,,21320365600011,2025,Collectivité Territoriale,Commune,['Gers'],['Occitanie'],COM,{32},{76}
2de6066d-6409-4234-8c6a-a43996fe69ca,210600326,Commune de Cap-d'Ail (06),false,{06032},Commune,2026-03-24 14:41:52.562531+01,gold_establishments_2025,,,,21060032600016,2025,Collectivité Territoriale,Commune,['Alpes-Maritimes'],"[""Provence-Alpes-Côte d'Azur""]",COM,{06},{93}
3bcaeaa2-d259-4fa3-a52e-5f3ef4fcf73a,214000655,Commune de Capbreton (40),false,{40065},Commune,2026-03-24 14:41:59.705606+01,gold_establishments_2025,,,,21400065500016,2025,Collectivité Territoriale,Commune,['Landes'],['Nouvelle-Aquitaine'],COM,{40},{75}
a4cf522d-32b3-4ee0-9617-42f7e6cb62ff,214600553,Commune de Capdenac (46),false,{46055},Commune,2026-03-24 14:42:00.862623+01,gold_establishments_2025,,,,21460055300017,2025,Collectivité Territoriale,Commune,['Lot'],['Occitanie'],COM,{46},{76}
f4f4b9db-512f-46f7-88d1-87b5a5a00a3c,211200522,Commune de Capdenac-Gare (12),false,{12052},Commune,2026-03-24 14:41:53.63825+01,gold_establishments_2025,,,,21120052200012,2025,Collectivité Territoriale,Commune,['Aveyron'],['Occitanie'],COM,{12},{76}
3198ea86-f7aa-4f99-a019-3326418ad5db,212400808,Commune de Capdrot (24),false,{24080},Commune,2026-03-24 14:41:55.958138+01,gold_establishments_2025,,,,21240080800011,2025,Collectivité Territoriale,Commune,['Dordogne'],['Nouvelle-Aquitaine'],COM,{24},{75}
e6e599c0-8eb5-4323-837c-5858530de135,215901273,Commune de Capelle (59),false,{59127},Commune,2026-03-24 14:42:04.280096+01,gold_establishments_2025,,,,21590127300015,2025,Collectivité Territoriale,Commune,['Nord'],['Hauts-de-France'],COM,{59},{32}
057c67f1-183e-4ef4-940f-9ecf251004aa,216202119,Commune de Capelle-Fermont (62),false,{62211},Commune,2026-03-24 14:42:05.597325+01,gold_establishments_2025,,,,21620211900014,2025,Collectivité Territoriale,Commune,['Pas-de-Calais'],['Hauts-de-France'],COM,{62},{32}
38a4422f-ecfd-466d-8ce5-4b4b209b218e,212701304,Commune de Capelle-les-Grands (27),false,{27130},Commune,2026-03-24 14:41:56.495197+01,gold_establishments_2025,,,,21270130400017,2025,Collectivité Territoriale,Commune,['Eure'],['Normandie'],COM,{27},{28}
f67c31fd-3821-49e6-aa60-f09d64651d36,216202127,Commune de Capelle-lès-Hesdin (62),false,{62212},Commune,2026-03-24 14:42:05.597325+01,gold_establishments_2025,,,,21620212700017,2025,Collectivité Territoriale,Commune,['Pas-de-Calais'],['Hauts-de-France'],COM,{62},{32}
81d2e397-d481-4798-ac1c-90417acf1086,211100680,Commune de Capendu (11),false,{11068},Commune,2026-03-24 14:41:53.63825+01,gold_establishments_2025,,,,21110068000019,2025,Collectivité Territoriale,Commune,['Aude'],['Occitanie'],COM,{11},{76}
85036764-081d-4bc2-b537-1e23c3012404,213101041,Commune de Capens (31),false,{31104},Commune,2026-03-24 14:41:57.56054+01,gold_establishments_2025,,,,21310104100019,2025,Collectivité Territoriale,Commune,['Haute-Garonne'],['Occitanie'],COM,{31},{76}
f0d77401-21da-4d58-be9c-c847fe7ffdfd,213400526,Commune de Capestang (34),false,{34052},Commune,2026-03-24 14:41:58.620411+01,gold_establishments_2025,,,,21340052600017,2025,Collectivité Territoriale,Commune,['Hérault'],['Occitanie'],COM,{34},{76}
391e7bcf-1861-4165-bbb3-f242c8a56f4d,219711074,Commune de Capesterre-Belle-Eau (971),false,{97107},Commune,2026-03-24 14:42:11.659493+01,gold_establishments_2025,,,,21971107400019,2025,Collectivité Territoriale,Commune,['Guadeloupe'],['Guadeloupe'],COM,{971},{01}
bbcb6f6e-e6e1-4761-8ed3-4a628d3a136b,219711082,Commune de Capesterre-de-Marie-Galante (971),false,{97108},Commune,2026-03-24 14:42:11.659493+01,gold_establishments_2025,,,,21971108200012,2025,Collectivité Territoriale,Commune,['Guadeloupe'],['Guadeloupe'],COM,{971},{01}
9902ab61-c4b3-49f7-b76e-c5c7ca4f7d5f,213300932,Commune de Capian (33),false,{33093},Commune,2026-03-24 14:41:58.09424+01,gold_establishments_2025,,,,21330093200018,2025,Collectivité Territoriale,Commune,['Gironde'],['Nouvelle-Aquitaine'],COM,{33},{75}
9eb805b7-f192-4e15-bd22-fe94f728f570,215901281,Commune de Capinghem (59),false,{59128},Commune,2026-03-24 14:42:04.280096+01,gold_establishments_2025,,,,21590128100018,2025,Collectivité Territoriale,Commune,['Nord'],['Hauts-de-France'],COM,{59},{32}
8620156e-f4cd-4ffc-9c84-409196f5e1d2,213300940,Commune de Caplong (33),false,{33094},Commune,2026-03-24 14:41:58.09424+01,gold_establishments_2025,,,,21330094000011,2025,Collectivité Territoriale,Commune,['Gironde'],['Nouvelle-Aquitaine'],COM,{33},{75}
5389010f-9db2-4ca4-9ebe-51718ec34e54,210900775,Commune de Capoulet-et-Junac (09),false,{09077},Commune,2026-03-24 14:41:53.095366+01,gold_establishments_2025,,,,21090077500011,2025,Collectivité Territoriale,Commune,['Ariège'],['Occitanie'],COM,{09},{76}
e9c4b18d-1273-47ce-8196-71f4d209b6ff,215701228,Commune de Cappel (57),false,{57122},Commune,2026-03-24 14:42:03.701372+01,gold_establishments_2025,,,,21570122800011,2025,Collectivité Territoriale,Commune,['Moselle'],['Grand Est'],COM,{57},{44}
6ba35096-8c13-4a06-b54e-5a9520adb83b,215901307,Commune de Cappelle-Brouck (59),false,{59130},Commune,2026-03-24 14:42:04.280096+01,gold_establishments_2025,,,,21590130700011,2025,Collectivité Territoriale,Commune,['Nord'],['Hauts-de-France'],COM,{59},{32}
05fc515b-c639-4c33-9aaa-5b2a9bfa6229,215901299,Commune de Cappelle-en-Pévèle (59),false,{59129},Commune,2026-03-24 14:42:04.280096+01,gold_establishments_2025,,,,21590129900010,2025,Collectivité Territoriale,Commune,['Nord'],['Hauts-de-France'],COM,{59},{32}
582dbe2b-a3bc-4e81-9a7a-23fd71f2a249,215901315,Commune de Cappelle-la-Grande (59),false,{59131},Commune,2026-03-24 14:42:04.280096+01,gold_establishments_2025,,,,21590131500014,2025,Collectivité Territoriale,Commune,['Nord'],['Hauts-de-France'],COM,{59},{32}
f3c4fa4f-ed84-43b7-8107-ecd4d72c552d,218001659,Commune de Cappy (80),false,{80172},Commune,2026-03-24 14:42:09.967209+01,gold_establishments_2025,,,,21800165900018,2025,Collectivité Territoriale,Commune,['Somme'],['Hauts-de-France'],COM,{80},{32}
8cc8129f-ee53-4e05-a618-ac30770e4a13,213300957,Commune de Captieux (33),false,{33095},Commune,2026-03-24 14:41:58.09424+01,gold_establishments_2025,,,,21330095700015,2025,Collectivité Territoriale,Commune,['Gironde'],['Nouvelle-Aquitaine'],COM,{33},{75}
cb456061-e447-4a1a-a2ad-0466949c1af3,216501270,Commune de Capvern (65),false,{65127},Commune,2026-03-24 14:42:06.665412+01,gold_establishments_2025,,,,21650127000013,2025,Collectivité Territoriale,Commune,['Hautes-Pyrénées'],['Occitanie'],COM,{65},{76}
6f41fb62-d432-4845-9305-c8dc1ed7c40e,213101058,Commune de Caragoudes (31),false,{31105},Commune,2026-03-24 14:41:57.56054+01,gold_establishments_2025,,,,21310105800013,2025,Collectivité Territoriale,Commune,['Haute-Garonne'],['Occitanie'],COM,{31},{76}
8b263a94-d1f3-4901-9f55-c8b3125b33e2,213101066,Commune de Caraman (31),false,{31106},Commune,2026-03-24 14:41:57.56054+01,gold_establishments_2025,,,,21310106600016,2025,Collectivité Territoriale,Commune,['Haute-Garonne'],['Occitanie'],COM,{31},{76}
7ceb13b4-ea55-486e-a8ff-bf41deebbd76,216600395,Commune de Caramany (66),false,{66039},Commune,2026-03-24 14:42:06.665412+01,gold_establishments_2025,,,,21660039500018,2025,Collectivité Territoriale,Commune,['Pyrénées-Orientales'],['Occitanie'],COM,{66},{76}
3e215738-5278-4ad9-82da-6946df2abf04,212900237,Commune de Carantec (29),false,{29023},Commune,2026-03-24 14:41:57.028721+01,gold_establishments_2025,,,,21290023700018,2025,Collectivité Territoriale,Commune,['Finistère'],['Bretagne'],COM,{29},{53}
d9559bfc-df69-401f-97a5-9d16709f0750,215000985,Commune de Carantilly (50),false,{50098},Commune,2026-03-24 14:42:01.412377+01,gold_establishments_2025,,,,21500098500014,2025,Collectivité Territoriale,Commune,['Manche'],['Normandie'],COM,{50},{28}
897fa9c3-4dc3-40c7-beab-02a3a2243d46,214600561,Commune de Carayac (46),false,{46056},Commune,2026-03-24 14:42:00.862623+01,gold_establishments_2025,,,,21460056100010,2025,Collectivité Territoriale,Commune,['Lot'],['Occitanie'],COM,{46},{76}
88b79f30-ca83-4262-8300-c53322bc89ea,214900565,Commune de Carbay (49),false,{49056},Commune,2026-03-24 14:42:01.412377+01,gold_establishments_2025,,,,21490056500067,2025,Collectivité Territoriale,Commune,['Maine-et-Loire'],['Pays de la Loire'],COM,{49},{52}
0083df3d-d8a8-43ae-b428-a17b96efce07,218100584,Commune de Carbes (81),false,{81058},Commune,2026-03-24 14:42:09.967209+01,gold_establishments_2025,,,,21810058400018,2025,Collectivité Territoriale,Commune,['Tarn'],['Occitanie'],COM,{81},{76}
08347658-e69e-47ba-a5f2-53734eebed81,212000616,Commune de Carbini (2A),false,{2A061},Commune,2026-03-24 14:41:57.56054+01,gold_establishments_2025,,,,21200061600012,2025,Collectivité Territoriale,Commune,['Corse-du-Sud'],['Corse'],COM,{2A},{94}
6d735dbe-75b8-4db1-a7fc-e6b66f389aa1,213300965,Commune de Carbon-Blanc (33),false,{33096},Commune,2026-03-24 14:41:58.09424+01,gold_establishments_2025,,,,21330096500018,2025,Collectivité Territoriale,Commune,['Gironde'],['Nouvelle-Aquitaine'],COM,{33},{75}
1d642887-5aa5-4547-b4f9-af5da6a9d5b6,213101074,Commune de Carbonne (31),false,{31107},Commune,2026-03-24 14:41:57.56054+01,gold_establishments_2025,,,,21310107400010,2025,Collectivité Territoriale,Commune,['Haute-Garonne'],['Occitanie'],COM,{31},{76}
3d439381-a89c-41a6-8e84-397b56ffe65f,212000624,Commune de Carbuccia (2A),false,{2A062},Commune,2026-03-24 14:41:57.56054+01,gold_establishments_2025,,,,21200062400016,2025,Collectivité Territoriale,Commune,['Corse-du-Sud'],['Corse'],COM,{2A},{94}
1a44d974-6649-4031-b6f2-a8c9cd39dd27,211401351,Commune de Carcagny (14),false,{14135},Commune,2026-03-24 14:41:53.63825+01,gold_establishments_2025,,,,21140135100013,2025,Collectivité Territoriale,Commune,['Calvados'],['Normandie'],COM,{14},{28}
dd723845-8add-4f35-8d86-5c95083febfc,210900783,Commune de Carcanières (09),false,{09078},Commune,2026-03-24 14:41:53.095366+01,gold_establishments_2025,,,,21090078300015,2025,Collectivité Territoriale,Commune,['Ariège'],['Occitanie'],COM,{09},{76}
3f995aff-8d6e-4e38-b4ee-9d86eb278b43,213300973,Commune de Carcans (33),false,{33097},Commune,2026-03-24 14:41:58.09424+01,gold_establishments_2025,,,,21330097300129,2025,Collectivité Territoriale,Commune,['Gironde'],['Nouvelle-Aquitaine'],COM,{33},{75}
e10dce96-119c-441e-b569-aa4e11f30538,214000663,Commune de Carcarès-Sainte-Croix (40),false,{40066},Commune,2026-03-24 14:41:59.705606+01,gold_establishments_2025,,,,21400066300010,2025,Collectivité Territoriale,Commune,['Landes'],['Nouvelle-Aquitaine'],COM,{40},{75}
64188fda-f48d-4857-b8f4-46d3dff1c123,211100698,Commune de Carcassonne (11),false,{11069},Commune,2026-03-24 14:41:53.63825+01,gold_establishments_2025,,,,21110069800011,2025,Collectivité Territoriale,Commune,['Aude'],['Occitanie'],COM,{11},{76}
f9e69f3f-c316-4be4-b99c-38f449a7dc5e,214000671,Commune de Carcen-Ponson (40),false,{40067},Commune,2026-03-24 14:41:59.705606+01,gold_establishments_2025,,,,21400067100013,2025,Collectivité Territoriale,Commune,['Landes'],['Nouvelle-Aquitaine'],COM,{40},{75}
7b6cbba7-75c6-440c-a977-84a052041526,212000632,Commune de Carcheto-Brustico (2B),false,{2B063},Commune,2026-03-24 14:41:57.56054+01,gold_establishments_2025,,,,21200063200019,2025,Collectivité Territoriale,Commune,['Haute-Corse'],['Corse'],COM,{2B},{94}
9fd3d573-88f2-4b64-a5a3-49a44a4d3fb6,218300325,Commune de Carcès (83),false,{83032},Commune,2026-03-24 14:42:10.508772+01,gold_establishments_2025,,,,21830032500014,2025,Collectivité Territoriale,Commune,['Var'],"[""Provence-Alpes-Côte d'Azur""]",COM,{83},{93}
47fde098-c1f2-4817-b2e0-4d60e413b3e5,214600579,Commune de Cardaillac (46),false,{46057},Commune,2026-03-24 14:42:00.862623+01,gold_establishments_2025,,,,21460057900012,2025,Collectivité Territoriale,Commune,['Lot'],['Occitanie'],COM,{46},{76}
d0bda74c-aa06-455f-877a-3de1d2240a62,213300981,Commune de Cardan (33),false,{33098},Commune,2026-03-24 14:41:58.09424+01,gold_establishments_2025,,,,21330098100015,2025,Collectivité Territoriale,Commune,['Gironde'],['Nouvelle-Aquitaine'],COM,{33},{75}
880a0bbe-2901-4888-910c-b1ed361a7ce4,213101082,Commune de Cardeilhac (31),false,{31108},Commune,2026-03-24 14:41:57.56054+01,gold_establishments_2025,,,,21310108200013,2025,Collectivité Territoriale,Commune,['Haute-Garonne'],['Occitanie'],COM,{31},{76}
ad0a3a10-cf09-4d77-928c-36514e621121,216401653,Commune de Cardesse (64),false,{64165},Commune,2026-03-24 14:42:06.130387+01,gold_establishments_2025,,,,21640165300011,2025,Collectivité Territoriale,Commune,['Pyrénées-Atlantiques'],['Nouvelle-Aquitaine'],COM,{64},{75}
98ce5eca-87b6-447c-b75e-223ae12e0d9e,213000680,Commune de Cardet (30),false,{30068},Commune,2026-03-24 14:41:57.56054+01,gold_establishments_2025,,,,21300068000016,2025,Collectivité Territoriale,Commune,['Gard'],['Occitanie'],COM,{30},{76}
67d6bed9-4593-4ceb-a8cf-f9911d12ca2d,212000640,Commune de Cardo-Torgia (2A),false,{2A064},Commune,2026-03-24 14:41:57.56054+01,gold_establishments_2025,,,,21200064000012,2025,Collectivité Territoriale,Commune,['Corse-du-Sud'],['Corse'],COM,{2A},{94}
f337ac2a-0429-41e9-9946-e6cf1dd8a45b,218001667,Commune de Cardonnette (80),false,{80173},Commune,2026-03-24 14:42:09.967209+01,gold_establishments_2025,,,,21800166700011,2025,Collectivité Territoriale,Commune,['Somme'],['Hauts-de-France'],COM,{80},{32}
61fb52ca-fada-429d-bba2-8e53cce9d7d0,211401369,Commune de Cardonville (14),false,{14136},Commune,2026-03-24 14:41:53.63825+01,gold_establishments_2025,,,,21140136900015,2025,Collectivité Territoriale,Commune,['Calvados'],['Normandie'],COM,{14},{28}
a2372d2f-7643-47d3-be0a-f74398367b50,213500507,Commune de Cardroc (35),false,{35050},Commune,2026-03-24 14:41:58.620411+01,gold_establishments_2025,,,,21350050700016,2025,Collectivité Territoriale,Commune,['Ille-et-Vilaine'],['Bretagne'],COM,{35},{53}
bd0f422b-4045-4981-825e-92c40bc7894f,215300476,Commune de Carelles (53),false,{53047},Commune,2026-03-24 14:42:01.954481+01,gold_establishments_2025,,,,21530047600011,2025,Collectivité Territoriale,Commune,['Mayenne'],['Pays de la Loire'],COM,{53},{52}
b0199d3d-7827-4bb9-a85d-b00bb4f127a5,216202135,Commune de Carency (62),false,{62213},Commune,2026-03-24 14:42:05.597325+01,gold_establishments_2025,,,,21620213500010,2025,Collectivité Territoriale,Commune,['Pas-de-Calais'],['Hauts-de-France'],COM,{62},{32}
cd788522-a5e5-4339-bc2e-26e45e6e8324,214600587,Commune de Carennac (46),false,{46058},Commune,2026-03-24 14:42:00.862623+01,gold_establishments_2025,,,,21460058700015,2025,Collectivité Territoriale,Commune,['Lot'],['Occitanie'],COM,{46},{76}
85a306e8-c3aa-4159-9525-842af93c7237,200085579,Commune de Carentan-les-Marais (50),false,{50099},Commune,2026-03-24 14:42:01.412377+01,gold_establishments_2025,,,,20008557900015,2025,Collectivité Territoriale,Commune,['Manche'],['Normandie'],COM,{50},{28}
1681add4-2bd0-4a2c-aa5e-7f354a5e3c3e,200067569,Commune de Carentoir (56),false,{56033},Commune,2026-03-24 14:42:03.701372+01,gold_establishments_2025,,,,20006756900075,2025,Collectivité Territoriale,Commune,['Morbihan'],['Bretagne'],COM,{56},{53}
405dffa6-43ce-4725-a78c-71769588ebb8,212000665,Commune de Cargiaca (2A),false,{2A066},Commune,2026-03-24 14:41:57.56054+01,gold_establishments_2025,,,,21200066500019,2025,Collectivité Territoriale,Commune,['Corse-du-Sud'],['Corse'],COM,{2A},{94}
3bbcd43e-fb3d-41f9-a355-198639807448,212000657,Commune de Cargèse (2A),false,{2A065},Commune,2026-03-24 14:41:57.56054+01,gold_establishments_2025,,,,21200065700016,2025,Collectivité Territoriale,Commune,['Corse-du-Sud'],['Corse'],COM,{2A},{94}
2804b441-913e-4880-b866-1013351f2c8a,212900245,Commune de Carhaix-Plouguer (29),false,{29024},Commune,2026-03-24 14:41:57.028721+01,gold_establishments_2025,,,,21290024500011,2025,Collectivité Territoriale,Commune,['Finistère'],['Bretagne'],COM,{29},{53}
b74bc63f-2c83-4c66-ad81-6e3917ea7ad2,210800835,Commune de Carignan (08),false,{08090},Commune,2026-03-24 14:41:52.562531+01,gold_establishments_2025,,,,21080083500014,2025,Collectivité Territoriale,Commune,['Ardennes'],['Grand Est'],COM,{08},{44}
36f20287-56ab-43c7-8379-b7be140a0e22,213300999,Commune de Carignan-de-Bordeaux (33),false,{33099},Commune,2026-03-24 14:41:58.09424+01,gold_establishments_2025,,,,21330099900017,2025,Collectivité Territoriale,Commune,['Gironde'],['Nouvelle-Aquitaine'],COM,{33},{75}
3643b6da-4b92-4b11-9e3c-8d1bd7161377,218900629,Commune de Carisey (89),false,{89062},Commune,2026-03-24 14:42:11.118516+01,gold_establishments_2025,,,,21890062900013,2025,Collectivité Territoriale,Commune,['Yonne'],['Bourgogne-Franche-Comté'],COM,{89},{27}
b40d406e-e966-4141-8aba-7e2d5a7ea7aa,210900791,Commune de Carla-Bayle (09),false,{09079},Commune,2026-03-24 14:41:53.095366+01,gold_establishments_2025,,,,21090079100018,2025,Collectivité Territoriale,Commune,['Ariège'],['Occitanie'],COM,{09},{76}
66a0c5ae-4f97-4144-96b8-f5e3c655c684,210900809,Commune de Carla-de-Roquefort (09),false,{09080},Commune,2026-03-24 14:41:53.095366+01,gold_establishments_2025,,,,21090080900018,2025,Collectivité Territoriale,Commune,['Ariège'],['Occitanie'],COM,{09},{76}
44b4b7c2-9d80-4c93-9608-44b10c6b6891,211500285,Commune de Carlat (15),false,{15028},Commune,2026-03-24 14:41:54.362296+01,gold_establishments_2025,,,,21150028500013,2025,Collectivité Territoriale,Commune,['Cantal'],['Auvergne-Rhône-Alpes'],COM,{15},{84}
7a0cabae-7574-48dd-81e6-7fe5d8d4ba89,213400534,Commune de Carlencas-et-Levas (34),false,{34053},Commune,2026-03-24 14:41:58.620411+01,gold_establishments_2025,,,,21340053400011,2025,Collectivité Territoriale,Commune,['Hérault'],['Occitanie'],COM,{34},{76}
552a5266-4125-4ae0-a7b1-ed58a3e3631b,216001289,Commune de Carlepont (60),false,{60129},Commune,2026-03-24 14:42:04.814328+01,gold_establishments_2025,,,,21600128900018,2025,Collectivité Territoriale,Commune,['Oise'],['Hauts-de-France'],COM,{60},{32}
8dc09ebd-84b1-4faa-8101-fa215dd649db,215701236,Commune de Carling (57),false,{57123},Commune,2026-03-24 14:42:03.701372+01,gold_establishments_2025,,,,21570123600014,2025,Collectivité Territoriale,Commune,['Moselle'],['Grand Est'],COM,{57},{44}
0d786b6d-0be5-46fc-8335-7ed9e8376041,211100706,Commune de Carlipa (11),false,{11070},Commune,2026-03-24 14:41:53.63825+01,gold_establishments_2025,,,,21110070600012,2025,Collectivité Territoriale,Commune,['Aude'],['Occitanie'],COM,{11},{76}
359956e5-19bf-4438-9830-6aafa73f4130,214600595,Commune de Carlucet (46),false,{46059},Commune,2026-03-24 14:42:00.862623+01,gold_establishments_2025,,,,21460059500018,2025,Collectivité Territoriale,Commune,['Lot'],['Occitanie'],COM,{46},{76}
35dc4e48-0010-426a-9f62-5131b79eebcc,218100592,Commune de Carlus (81),false,{81059},Commune,2026-03-24 14:42:09.967209+01,gold_establishments_2025,,,,21810059200011,2025,Collectivité Territoriale,Commune,['Tarn'],['Occitanie'],COM,{81},{76}
2ac09c14-1474-484f-921e-546e63af6e79,212400816,Commune de Carlux (24),false,{24081},Commune,2026-03-24 14:41:55.958138+01,gold_establishments_2025,,,,21240081600014,2025,Collectivité Territoriale,Commune,['Dordogne'],['Nouvelle-Aquitaine'],COM,{24},{75}
512788a2-c40d-4470-97dc-abb01958534d,216202143,Commune de Carly (62),false,{62214},Commune,2026-03-24 14:42:05.597325+01,gold_establishments_2025,,,,21620214300014,2025,Collectivité Territoriale,Commune,['Pas-de-Calais'],['Hauts-de-France'],COM,{62},{32}
3bf51974-5f4a-4b6a-b8df-7f8c67b3530d,218100600,Commune de Carmaux (81),false,{81060},Commune,2026-03-24 14:42:09.967209+01,gold_establishments_2025,,,,21810060000012,2025,Collectivité Territoriale,Commune,['Tarn'],['Occitanie'],COM,{81},{76}
0e74737b-118c-4ce7-8dae-acd9fe5e94c7,215600347,Commune de Carnac (56),false,{56034},Commune,2026-03-24 14:42:03.701372+01,gold_establishments_2025,,,,21560034700011,2025,Collectivité Territoriale,Commune,['Morbihan'],['Bretagne'],COM,{56},{53}
5e70cb4e-1d52-4cb3-b638-bceaa7bf5120,214600603,Commune de Carnac-Rouffiac (46),false,{46060},Commune,2026-03-24 14:42:00.862623+01,gold_establishments_2025,,,,21460060300010,2025,Collectivité Territoriale,Commune,['Lot'],['Occitanie'],COM,{46},{76}
2de82671-3a65-42a9-be79-09a238b5eae2,213000698,Commune de Carnas (30),false,{30069},Commune,2026-03-24 14:41:57.56054+01,gold_establishments_2025,,,,21300069800018,2025,Collectivité Territoriale,Commune,['Gard'],['Occitanie'],COM,{30},{76}
0d5ae67a-dc33-43bf-90a8-56f3fd8b9ac8,217700624,Commune de Carnetin (77),false,{77062},Commune,2026-03-24 14:42:08.818969+01,gold_establishments_2025,,,,21770062400018,2025,Collectivité Territoriale,Commune,['Seine-et-Marne'],['Île-de-France'],COM,{77},{11}
33adb79a-db3f-473b-a709-eb006dc8ae8e,215001017,Commune de Carneville (50),false,{50101},Commune,2026-03-24 14:42:01.412377+01,gold_establishments_2025,,,,21500101700015,2025,Collectivité Territoriale,Commune,['Manche'],['Normandie'],COM,{50},{28}
a4f70da2-46bf-423c-9fca-88e914f4c7b1,215901331,Commune de Carnin (59),false,{59133},Commune,2026-03-24 14:42:04.280096+01,gold_establishments_2025,,,,21590133100045,2025,Collectivité Territoriale,Commune,['Nord'],['Hauts-de-France'],COM,{59},{32}
e380ecfb-37ab-4433-8ef2-152e336f7c04,215901323,Commune de Carnières (59),false,{59132},Commune,2026-03-24 14:42:04.280096+01,gold_establishments_2025,,,,21590132300018,2025,Collectivité Territoriale,Commune,['Nord'],['Hauts-de-France'],COM,{59},{32}
cdec69f8-4d85-4d0c-bf1b-0847db907386,218300333,Commune de Carnoules (83),false,{83033},Commune,2026-03-24 14:42:10.508772+01,gold_establishments_2025,,,,21830033300018,2025,Collectivité Territoriale,Commune,['Var'],"[""Provence-Alpes-Côte d'Azur""]",COM,{83},{93}
2b5a8a11-1533-4054-88ed-03c71536077c,211301197,Commune de Carnoux-en-Provence (13),false,{13119},Commune,2026-03-24 14:41:53.63825+01,gold_establishments_2025,,,,21130119700011,2025,Collectivité Territoriale,Commune,['Bouches-du-Rhône'],"[""Provence-Alpes-Côte d'Azur""]",COM,{13},{93}
9ac1c6eb-1351-4ddb-98d2-8d997e794a2b,200084119,Commune de Carnoy-Mametz (80),false,{80505},Commune,2026-03-24 14:42:09.967209+01,gold_establishments_2025,,,,20008411900011,2025,Collectivité Territoriale,Commune,['Somme'],['Hauts-de-France'],COM,{80},{32}
645c9a96-2b8b-48fd-9c93-5ed5104137cf,212200315,Commune de Carnoët (22),false,{22031},Commune,2026-03-24 14:41:55.433389+01,gold_establishments_2025,,,,21220031500019,2025,Collectivité Territoriale,Commune,"[""Côtes-d'Armor""]",['Bretagne'],COM,{22},{53}
e6ad83a6-879b-4ab7-87de-98d24d688b3a,215600354,Commune de Caro (56),false,{56035},Commune,2026-03-24 14:42:03.701372+01,gold_establishments_2025,,,,21560035400017,2025,Collectivité Territoriale,Commune,['Morbihan'],['Bretagne'],COM,{56},{53}
edd3959d-27c1-4c58-acca-731ded606cba,216401661,Commune de Caro (64),false,{64166},Commune,2026-03-24 14:42:06.130387+01,gold_establishments_2025,,,,21640166100014,2025,Collectivité Territoriale,Commune,['Pyrénées-Atlantiques'],['Nouvelle-Aquitaine'],COM,{64},{75}
dc6f6ce3-eb90-45fb-b136-3f91c04f2719,215001025,Commune de Carolles (50),false,{50102},Commune,2026-03-24 14:42:01.412377+01,gold_establishments_2025,,,,21500102500018,2025,Collectivité Territoriale,Commune,['Manche'],['Normandie'],COM,{50},{28}
d58ced77-b347-451a-bba8-930649cb15b5,218400307,Commune de Caromb (84),false,{84030},Commune,2026-03-24 14:42:10.508772+01,gold_establishments_2025,,,,21840030700011,2025,Collectivité Territoriale,Commune,['Vaucluse'],"[""Provence-Alpes-Côte d'Azur""]",COM,{84},{93}
671c0d0f-4d40-4507-9012-2ea1cae8b368,218400315,Commune de Carpentras (84),false,{84031},Commune,2026-03-24 14:42:10.508772+01,gold_establishments_2025,,,,21840031500014,2025,Collectivité Territoriale,Commune,['Vaucluse'],"[""Provence-Alpes-Côte d'Azur""]",COM,{84},{93}
a6183283-28b2-44b6-ae40-b8115f4777a8,212000673,Commune de Carpineto (2B),false,{2B067},Commune,2026-03-24 14:41:57.56054+01,gold_establishments_2025,,,,21200067300013,2025,Collectivité Territoriale,Commune,['Haute-Corse'],['Corse'],COM,{2B},{94}
77ebbe1c-7876-469f-9173-21f1c6e2beec,211401377,Commune de Carpiquet (14),false,{14137},Commune,2026-03-24 14:41:53.63825+01,gold_establishments_2025,,,,21140137700018,2025,Collectivité Territoriale,Commune,['Calvados'],['Normandie'],COM,{14},{28}
3f49e5f4-3384-4c9f-b75a-a558a66e827c,214400269,Commune de Carquefou (44),false,{44026},Commune,2026-03-24 14:42:00.273698+01,gold_establishments_2025,,,,21440026900012,2025,Collectivité Territoriale,Commune,['Loire-Atlantique'],['Pays de la Loire'],COM,{44},{52}
79ef5542-170f-41da-8d7d-1b35c67cedbd,218300341,Commune de Carqueiranne (83),false,{83034},Commune,2026-03-24 14:42:10.508772+01,gold_establishments_2025,,,,21830034100011,2025,Collectivité Territoriale,Commune,['Var'],"[""Provence-Alpes-Côte d'Azur""]",COM,{83},{93}
35abb257-d64e-45c0-bc2e-56d09f593d2c,216401687,Commune de Carresse-Cassaber (64),false,{64168},Commune,2026-03-24 14:42:06.130387+01,gold_establishments_2025,,,,21640168700019,2025,Collectivité Territoriale,Commune,['Pyrénées-Atlantiques'],['Nouvelle-Aquitaine'],COM,{64},{75}
bed63d2b-384a-44ce-bd1f-f3b5cb3dfb8d,217801232,Commune de Carrières-sous-Poissy (78),false,{78123},Commune,2026-03-24 14:42:09.43682+01,gold_establishments_2025,,,,21780123200174,2025,Collectivité Territoriale,Commune,['Yvelines'],['Île-de-France'],COM,{78},{11}
52428514-78a2-4a02-b609-41f75df373ca,217801240,Commune de Carrières-sur-Seine (78),false,{78124},Commune,2026-03-24 14:42:09.43682+01,gold_establishments_2025,,,,21780124000011,2025,Collectivité Territoriale,Commune,['Yvelines'],['Île-de-France'],COM,{78},{11}
2cc13536-8e1a-4e74-9020-06acef926292,210600334,Commune de Carros (06),false,{06033},Commune,2026-03-24 14:41:52.562531+01,gold_establishments_2025,,,,21060033400010,2025,Collectivité Territoriale,Commune,['Alpes-Maritimes'],"[""Provence-Alpes-Côte d'Azur""]",COM,{06},{93}
744aa60f-f594-4a3b-9d41-efa5230863d8,216100743,Commune de Carrouges (61),false,{61074},Commune,2026-03-24 14:42:04.814328+01,gold_establishments_2025,,,,21610074300014,2025,Collectivité Territoriale,Commune,['Orne'],['Normandie'],COM,{61},{28}
b83aeb68-5173-4f33-ac70-cd74e5eec5be,211300215,Commune de Carry-le-Rouet (13),false,{13021},Commune,2026-03-24 14:41:53.63825+01,gold_establishments_2025,,,,21130021500012,2025,Collectivité Territoriale,Commune,['Bouches-du-Rhône'],"[""Provence-Alpes-Côte d'Azur""]",COM,{13},{93}
7aa640c4-80c8-46ed-967d-6b79d2d8be94,216401679,Commune de Carrère (64),false,{64167},Commune,2026-03-24 14:42:06.130387+01,gold_establishments_2025,,,,21640167900016,2025,Collectivité Territoriale,Commune,['Pyrénées-Atlantiques'],['Nouvelle-Aquitaine'],COM,{64},{75}
cd4722ba-1e2f-4216-b150-80808cfa641e,218001691,Commune de Carrépuis (80),false,{80176},Commune,2026-03-24 14:42:09.967209+01,gold_establishments_2025,,,,21800169100011,2025,Collectivité Territoriale,Commune,['Somme'],['Hauts-de-France'],COM,{80},{32}
b2fea7ca-bab3-4ba4-9440-219e379dc988,213301005,Commune de Cars (33),false,{33100},Commune,2026-03-24 14:41:58.09424+01,gold_establishments_2025,,,,21330100500012,2025,Collectivité Territoriale,Commune,['Gironde'],['Nouvelle-Aquitaine'],COM,{33},{75}
37c7403e-cabb-452e-bc92-55acf635b174,212400824,Commune de Carsac-Aillac (24),false,{24082},Commune,2026-03-24 14:41:55.958138+01,gold_establishments_2025,,,,21240082400018,2025,Collectivité Territoriale,Commune,['Dordogne'],['Nouvelle-Aquitaine'],COM,{24},{75}
66418e37-2c23-4c8b-bd7e-96d2bf1257ce,212400832,Commune de Carsac-de-Gurson (24),false,{24083},Commune,2026-03-24 14:41:55.958138+01,gold_establishments_2025,,,,21240083200011,2025,Collectivité Territoriale,Commune,['Dordogne'],['Nouvelle-Aquitaine'],COM,{24},{75}
4e3b20df-9151-4245-bc54-96e3888d6a0a,213000706,Commune de Carsan (30),false,{30070},Commune,2026-03-24 14:41:57.56054+01,gold_establishments_2025,,,,21300070600019,2025,Collectivité Territoriale,Commune,['Gard'],['Occitanie'],COM,{30},{76}
1d9d2d9f-3337-4e35-bbc4-468d5f53af71,216800623,Commune de Carspach (68),false,{68062},Commune,2026-03-24 14:42:07.195692+01,gold_establishments_2025,,,,21680062300011,2025,Collectivité Territoriale,Commune,['Haut-Rhin'],['Grand Est'],COM,{68},{44}
e118be12-a496-4131-adcf-445ba465e376,213301013,Commune de Cartelègue (33),false,{33101},Commune,2026-03-24 14:41:58.09424+01,gold_establishments_2025,,,,21330101300016,2025,Collectivité Territoriale,Commune,['Gironde'],['Nouvelle-Aquitaine'],COM,{33},{75}
8bd55c3c-89d7-4000-929f-ff76417550b9,212000681,Commune de Carticasi (2B),false,{2B068},Commune,2026-03-24 14:41:57.56054+01,gold_establishments_2025,,,,21200068100016,2025,Collectivité Territoriale,Commune,['Haute-Corse'],['Corse'],COM,{2B},{94}
daf8d764-3c37-42d9-897d-dd7359f942ed,215901349,Commune de Cartignies (59),false,{59134},Commune,2026-03-24 14:42:04.280096+01,gold_establishments_2025,,,,21590134900013,2025,Collectivité Territoriale,Commune,['Nord'],['Hauts-de-France'],COM,{59},{32}
1827bd7d-edbd-40b5-ad0a-6c6b7a776836,218001709,Commune de Cartigny (80),false,{80177},Commune,2026-03-24 14:42:09.967209+01,gold_establishments_2025,,,,21800170900011,2025,Collectivité Territoriale,Commune,['Somme'],['Hauts-de-France'],COM,{80},{32}
fda9cf44-3148-4440-9ea5-65ad432379e5,211401385,Commune de Cartigny-l'Épinay (14),false,{14138},Commune,2026-03-24 14:41:53.63825+01,gold_establishments_2025,,,,21140138500011,2025,Collectivité Territoriale,Commune,['Calvados'],['Normandie'],COM,{14},{28}
4809ffcf-21fb-44d1-8502-1de5e57e39c2,212400840,Commune de Carves (24),false,{24084},Commune,2026-03-24 14:41:55.958138+01,gold_establishments_2025,,,,21240084000014,2025,Collectivité Territoriale,Commune,['Dordogne'],['Nouvelle-Aquitaine'],COM,{24},{75}
59227ea1-f4f1-41a0-b9b5-8ebe32ddf976,217601616,Commune de Carville-Pot-de-Fer (76),false,{76161},Commune,2026-03-24 14:42:08.818969+01,gold_establishments_2025,,,,21760161600014,2025,Collectivité Territoriale,Commune,['Seine-Maritime'],['Normandie'],COM,{76},{28}
f7c0581f-b623-47b4-8315-0cdceb19f7f6,217601608,Commune de Carville-la-Folletière (76),false,{76160},Commune,2026-03-24 14:42:08.818969+01,gold_establishments_2025,,,,21760160800011,2025,Collectivité Territoriale,Commune,['Seine-Maritime'],['Normandie'],COM,{76},{28}
c2c55cd9-061c-488a-abb9-8b5ad3a5f92a,216202150,Commune de Carvin (62),false,{62215},Commune,2026-03-24 14:42:05.597325+01,gold_establishments_2025,,,,21620215000019,2025,Collectivité Territoriale,Commune,['Pas-de-Calais'],['Hauts-de-France'],COM,{62},{32}
7ecd40f7-76c7-4925-a561-5ca04d91a1b0,212000699,Commune de Casabianca (2B),false,{2B069},Commune,2026-03-24 14:41:57.56054+01,gold_establishments_2025,,,,21200069900018,2025,Collectivité Territoriale,Commune,['Haute-Corse'],['Corse'],COM,{2B},{94}
bb5e744b-91c3-4b45-bc73-1dbf09977e20,212000707,Commune de Casaglione (2A),false,{2A070},Commune,2026-03-24 14:41:57.56054+01,gold_establishments_2025,,,,21200070700019,2025,Collectivité Territoriale,Commune,['Corse-du-Sud'],['Corse'],COM,{2A},{94}
125898dd-d840-498e-b52e-7bacecf1dd2d,212000715,Commune de Casalabriva (2A),false,{2A071},Commune,2026-03-24 14:41:57.56054+01,gold_establishments_2025,,,,21200071500012,2025,Collectivité Territoriale,Commune,['Corse-du-Sud'],['Corse'],COM,{2A},{94}
60209474-bfa2-40f1-a06d-c6ebbd64bae3,212000723,Commune de Casalta (2B),false,{2B072},Commune,2026-03-24 14:41:57.56054+01,gold_establishments_2025,,,,21200072300016,2025,Collectivité Territoriale,Commune,['Haute-Corse'],['Corse'],COM,{2B},{94}
91eb94d8-7538-4483-a2a5-34e6dfeda367,212000731,Commune de Casamaccioli (2B),false,{2B073},Commune,2026-03-24 14:41:57.56054+01,gold_establishments_2025,,,,21200073100019,2025,Collectivité Territoriale,Commune,['Haute-Corse'],['Corse'],COM,{2B},{94}
02055195-ef7e-4945-879e-5b0a7499348a,212000749,Commune de Casanova (2B),false,{2B074},Commune,2026-03-24 14:41:57.56054+01,gold_establishments_2025,,,,21200074900011,2025,Collectivité Territoriale,Commune,['Haute-Corse'],['Corse'],COM,{2B},{94}
040ce390-a66b-4711-a7ce-9ebfed7cc9de,211100714,Commune de Cascastel-des-Corbières (11),false,{11071},Commune,2026-03-24 14:41:53.63825+01,gold_establishments_2025,,,,21110071400016,2025,Collectivité Territoriale,Commune,['Aude'],['Occitanie'],COM,{11},{76}
127f1ea8-07d6-43ea-812d-e86c589e0f20,219722055,Commune de Case-Pilote (972),false,{97205},Commune,2026-03-24 14:42:11.659493+01,gold_establishments_2025,,,,21972205500015,2025,Collectivité Territoriale,Commune,['Martinique'],['Martinique'],COM,{972},{02}
30840a49-6292-43ef-ada0-59c5134f0e75,216600403,Commune de Casefabre (66),false,{66040},Commune,2026-03-24 14:42:06.665412+01,gold_establishments_2025,,,,21660040300010,2025,Collectivité Territoriale,Commune,['Pyrénées-Orientales'],['Occitanie'],COM,{66},{76}
54673373-52b2-417c-8866-9e88207a7848,218400323,Commune de Caseneuve (84),false,{84032},Commune,2026-03-24 14:42:10.508772+01,gold_establishments_2025,,,,21840032300018,2025,Collectivité Territoriale,Commune,['Vaucluse'],"[""Provence-Alpes-Côte d'Azur""]",COM,{84},{93}
3ea1c042-7a04-4f9a-9247-9c5c4395e1da,216600411,Commune de Cases-de-Pène (66),false,{66041},Commune,2026-03-24 14:42:06.665412+01,gold_establishments_2025,,,,21660041100013,2025,Collectivité Territoriale,Commune,['Pyrénées-Orientales'],['Occitanie'],COM,{66},{76}
71003bda-4851-4699-ae4a-360a7ad878fc,212000756,Commune de Casevecchie (2B),false,{2B075},Commune,2026-03-24 14:41:57.56054+01,gold_establishments_2025,,,,21200075600016,2025,Collectivité Territoriale,Commune,['Haute-Corse'],['Corse'],COM,{2B},{94}
413beb55-d2c0-4023-bbda-4be74022f710,213101090,Commune de Cassagnabère-Tournas (31),false,{31109},Commune,2026-03-24 14:41:57.56054+01,gold_establishments_2025,,,,21310109000016,2025,Collectivité Territoriale,Commune,['Haute-Garonne'],['Occitanie'],COM,{31},{76}
ac80bfef-ced1-4466-8218-fcb64ab5436e,214800369,Commune de Cassagnas (48),false,{48036},Commune,2026-03-24 14:42:01.412377+01,gold_establishments_2025,,,,21480036900016,2025,Collectivité Territoriale,Commune,['Lozère'],['Occitanie'],COM,{48},{76}
c761f07d-fa11-43e7-a1de-d6ccfbab0f0f,213101108,Commune de Cassagne (31),false,{31110},Commune,2026-03-24 14:41:57.56054+01,gold_establishments_2025,,,,21310110800016,2025,Collectivité Territoriale,Commune,['Haute-Garonne'],['Occitanie'],COM,{31},{76}
4b720664-3891-41d4-a2c3-4b7ad7b96bf9,214600611,Commune de Cassagnes (46),false,{46061},Commune,2026-03-24 14:42:00.862623+01,gold_establishments_2025,,,,21460061100013,2025,Collectivité Territoriale,Commune,['Lot'],['Occitanie'],COM,{46},{76}
ec28b171-fca0-489d-aa9e-9580fbeb1b6e,216600429,Commune de Cassagnes (66),false,{66042},Commune,2026-03-24 14:42:06.665412+01,gold_establishments_2025,,,,21660042900015,2025,Collectivité Territoriale,Commune,['Pyrénées-Orientales'],['Occitanie'],COM,{66},{76}
0b6e47e4-8452-4e18-80a3-550233a933d0,211200571,Commune de Cassagnes-Bégonhès (12),false,{12057},Commune,2026-03-24 14:41:53.63825+01,gold_establishments_2025,,,,21120057100118,2025,Collectivité Territoriale,Commune,['Aveyron'],['Occitanie'],COM,{12},{76}
edb7a94f-7d48-47d5-bd7b-1de03c905a40,213000714,Commune de Cassagnoles (30),false,{30071},Commune,2026-03-24 14:41:57.56054+01,gold_establishments_2025,,,,21300071400013,2025,Collectivité Territoriale,Commune,['Gard'],['Occitanie'],COM,{30},{76}
b3431601-2b07-4299-81c9-efc56747231d,213400542,Commune de Cassagnoles (34),false,{34054},Commune,2026-03-24 14:41:58.620411+01,gold_establishments_2025,,,,21340054200014,2025,Collectivité Territoriale,Commune,['Hérault'],['Occitanie'],COM,{34},{76}
6c5669da-222d-4770-9035-eeb5b240eace,213200751,Commune de Cassaigne (32),false,{32075},Commune,2026-03-24 14:41:58.09424+01,gold_establishments_2025,,,,21320075100013,2025,Collectivité Territoriale,Commune,['Gers'],['Occitanie'],COM,{32},{76}
c7c26bc0-df50-4f19-906e-6f1ad765124a,211100730,Commune de Cassaignes (11),false,{11073},Commune,2026-03-24 14:41:53.63825+01,gold_establishments_2025,,,,21110073000012,2025,Collectivité Territoriale,Commune,['Aude'],['Occitanie'],COM,{11},{76}
7a055ea8-1f80-4f6c-989a-262588dee175,211500293,Commune de Cassaniouze (15),false,{15029},Commune,2026-03-24 14:41:54.362296+01,gold_establishments_2025,,,,21150029300017,2025,Collectivité Territoriale,Commune,['Cantal'],['Auvergne-Rhône-Alpes'],COM,{15},{84}
7197a07a-c216-4228-97e9-278991fbf2ec,215901356,Commune de Cassel (59),false,{59135},Commune,2026-03-24 14:42:04.280096+01,gold_establishments_2025,,,,21590135600018,2025,Collectivité Territoriale,Commune,['Nord'],['Hauts-de-France'],COM,{59},{32}
02e5d27b-9001-44bd-b792-3a038e3d48d1,214000689,Commune de Cassen (40),false,{40068},Commune,2026-03-24 14:41:59.705606+01,gold_establishments_2025,,,,21400068900015,2025,Collectivité Territoriale,Commune,['Landes'],['Nouvelle-Aquitaine'],COM,{40},{75}
238487f6-2edc-4993-b228-c5edeba76e4b,214700494,Commune de Casseneuil (47),false,{47049},Commune,2026-03-24 14:42:00.862623+01,gold_establishments_2025,,,,21470049400013,2025,Collectivité Territoriale,Commune,['Lot-et-Garonne'],['Nouvelle-Aquitaine'],COM,{47},{75}
23c72bfd-d500-459f-ae8b-54f64fd698ba,213301021,Commune de Casseuil (33),false,{33102},Commune,2026-03-24 14:41:58.09424+01,gold_establishments_2025,,,,21330102100019,2025,Collectivité Territoriale,Commune,['Gironde'],['Nouvelle-Aquitaine'],COM,{33},{75}
ed8ce9d1-a564-49df-881a-01bc4ed99781,214700502,Commune de Cassignas (47),false,{47050},Commune,2026-03-24 14:42:00.862623+01,gold_establishments_2025,,,,21470050200013,2025,Collectivité Territoriale,Commune,['Lot-et-Garonne'],['Nouvelle-Aquitaine'],COM,{47},{75}
c2855019-7ab9-4e91-a0d9-64a2a96afc85,211300223,Commune de Cassis (13),false,{13022},Commune,2026-03-24 14:41:53.63825+01,gold_establishments_2025,,,,21130022300016,2025,Collectivité Territoriale,Commune,['Bouches-du-Rhône'],"[""Provence-Alpes-Côte d'Azur""]",COM,{13},{93}
da69b9b1-ef53-4fa9-8aef-2c67265de922,214400277,Commune de Casson (44),false,{44027},Commune,2026-03-24 14:42:00.273698+01,gold_establishments_2025,,,,21440027700015,2025,Collectivité Territoriale,Commune,['Loire-Atlantique'],['Pays de la Loire'],COM,{44},{52}
ee4a8f80-88f8-4086-8424-6f9d5309f115,211200589,Commune de Cassuéjouls (12),false,{12058},Commune,2026-03-24 14:41:53.63825+01,gold_establishments_2025,,,,21120058900011,2025,Collectivité Territoriale,Commune,['Aveyron'],['Occitanie'],COM,{12},{76}
51daf51b-6b5e-4795-9747-c4c45c383522,212900252,Commune de Cast (29),false,{29025},Commune,2026-03-24 14:41:57.028721+01,gold_establishments_2025,,,,21290025200017,2025,Collectivité Territoriale,Commune,['Finistère'],['Bretagne'],COM,{29},{53}
7ca99fb3-fc13-4ee8-a2dd-f180bc8f5a75,213101116,Commune de Castagnac (31),false,{31111},Commune,2026-03-24 14:41:57.56054+01,gold_establishments_2025,,,,21310111600019,2025,Collectivité Territoriale,Commune,['Haute-Garonne'],['Occitanie'],COM,{31},{76}
b2d9d077-6f75-4ef0-b465-167e89d1f2b7,210600342,Commune de Castagniers (06),false,{06034},Commune,2026-03-24 14:41:52.562531+01,gold_establishments_2025,,,,21060034200013,2025,Collectivité Territoriale,Commune,['Alpes-Maritimes'],"[""Provence-Alpes-Côte d'Azur""]",COM,{06},{93}
d677d43f-834e-414d-9d1d-9460b0f9eb5a,213101124,Commune de Castagnède (31),false,{31112},Commune,2026-03-24 14:41:57.56054+01,gold_establishments_2025,,,,21310112400013,2025,Collectivité Territoriale,Commune,['Haute-Garonne'],['Occitanie'],COM,{31},{76}
551e16a3-dcaa-4e00-a1ae-8589c4b893e7,216401703,Commune de Castagnède (64),false,{64170},Commune,2026-03-24 14:42:06.130387+01,gold_establishments_2025,,,,21640170300014,2025,Collectivité Territoriale,Commune,['Pyrénées-Atlantiques'],['Nouvelle-Aquitaine'],COM,{64},{75}
5850c196-2a5d-4ae3-9f08-ec1208a8c1c2,214000697,Commune de Castaignos-Souslens (40),false,{40069},Commune,2026-03-24 14:41:59.705606+01,gold_establishments_2025,,,,21400069700018,2025,Collectivité Territoriale,Commune,['Landes'],['Nouvelle-Aquitaine'],COM,{40},{75}
0667bf1c-3958-4e23-a312-c6a864270f78,214000705,Commune de Castandet (40),false,{40070},Commune,2026-03-24 14:41:59.705606+01,gold_establishments_2025,,,,21400070500019,2025,Collectivité Territoriale,Commune,['Landes'],['Nouvelle-Aquitaine'],COM,{40},{75}
17193130-f334-4724-a1af-62efc90b5c99,211200597,Commune de Castanet (12),false,{12059},Commune,2026-03-24 14:41:53.63825+01,gold_establishments_2025,,,,21120059700014,2025,Collectivité Territoriale,Commune,['Aveyron'],['Occitanie'],COM,{12},{76}
c4b134f0-d3e6-4bfd-8423-8619b47be782,218100618,Commune de Castanet (81),false,{81061},Commune,2026-03-24 14:42:09.967209+01,gold_establishments_2025,,,,21810061800014,2025,Collectivité Territoriale,Commune,['Tarn'],['Occitanie'],COM,{81},{76}
1cec0b5e-6930-4b69-b32a-767be2fd04b6,218200293,Commune de Castanet (82),false,{82029},Commune,2026-03-24 14:42:10.508772+01,gold_establishments_2025,,,,21820029300015,2025,Collectivité Territoriale,Commune,['Tarn-et-Garonne'],['Occitanie'],COM,{82},{76}
2d603a04-9057-4753-ab7d-16d13cfa5b68,213101132,Commune de Castanet-Tolosan (31),false,{31113},Commune,2026-03-24 14:41:57.56054+01,gold_establishments_2025,,,,21310113200016,2025,Collectivité Territoriale,Commune,['Haute-Garonne'],['Occitanie'],COM,{31},{76}
645ac983-3eb4-49d2-a06e-5a4767bc8b1f,213400559,Commune de Castanet-le-Haut (34),false,{34055},Commune,2026-03-24 14:41:58.620411+01,gold_establishments_2025,,,,21340055900018,2025,Collectivité Territoriale,Commune,['Hérault'],['Occitanie'],COM,{34},{76}
658098b7-0ba5-4587-87ec-faca3b5fc165,211100755,Commune de Castans (11),false,{11075},Commune,2026-03-24 14:41:53.63825+01,gold_establishments_2025,,,,21110075500019,2025,Collectivité Territoriale,Commune,['Aude'],['Occitanie'],COM,{11},{76}
0914d495-6db1-4119-8ce4-ff11c6a3433c,216401711,Commune de Casteide-Cami (64),false,{64171},Commune,2026-03-24 14:42:06.130387+01,gold_establishments_2025,,,,21640171100017,2025,Collectivité Territoriale,Commune,['Pyrénées-Atlantiques'],['Nouvelle-Aquitaine'],COM,{64},{75}
eba93bb9-306b-46a5-b9d1-65c397b17511,216401729,Commune de Casteide-Candau (64),false,{64172},Commune,2026-03-24 14:42:06.130387+01,gold_establishments_2025,,,,21640172900019,2025,Collectivité Territoriale,Commune,['Pyrénées-Atlantiques'],['Nouvelle-Aquitaine'],COM,{64},{75}
e941a292-3fc2-42e8-a29b-5ee9ab3b7f92,216401737,Commune de Casteide-Doat (64),false,{64173},Commune,2026-03-24 14:42:06.130387+01,gold_establishments_2025,,,,21640173700012,2025,Collectivité Territoriale,Commune,['Pyrénées-Atlantiques'],['Nouvelle-Aquitaine'],COM,{64},{75}
7b55ac78-3e33-4e68-baed-b5a510c3f471,216600437,Commune de Casteil (66),false,{66043},Commune,2026-03-24 14:42:06.665412+01,gold_establishments_2025,,,,21660043700018,2025,Collectivité Territoriale,Commune,['Pyrénées-Orientales'],['Occitanie'],COM,{66},{76}
77fbae14-c847-4679-be09-564b88013c24,214000747,Commune de Castel-Sarrazin (40),false,{40074},Commune,2026-03-24 14:41:59.705606+01,gold_establishments_2025,,,,21400074700011,2025,Collectivité Territoriale,Commune,['Landes'],['Nouvelle-Aquitaine'],COM,{40},{75}
6fca9814-5634-4ab6-82d3-85b4a220d25c,216501288,Commune de Castelbajac (65),false,{65128},Commune,2026-03-24 14:42:06.665412+01,gold_establishments_2025,,,,21650128800015,2025,Collectivité Territoriale,Commune,['Hautes-Pyrénées'],['Occitanie'],COM,{65},{76}
65531a43-be49-4ff0-a9f5-8c3dbd47c9c4,213101140,Commune de Castelbiague (31),false,{31114},Commune,2026-03-24 14:41:57.56054+01,gold_establishments_2025,,,,21310114000019,2025,Collectivité Territoriale,Commune,['Haute-Garonne'],['Occitanie'],COM,{31},{76}
f57c756e-194f-478e-8b6b-9a63ad2ccd91,214700510,Commune de Castelculier (47),false,{47051},Commune,2026-03-24 14:42:00.862623+01,gold_establishments_2025,,,,21470051000016,2025,Collectivité Territoriale,Commune,['Lot-et-Garonne'],['Nouvelle-Aquitaine'],COM,{47},{75}
542baea0-d8a6-4115-a975-3378daec9f5e,218200301,Commune de Castelferrus (82),false,{82030},Commune,2026-03-24 14:42:10.508772+01,gold_establishments_2025,,,,21820030100016,2025,Collectivité Territoriale,Commune,['Tarn-et-Garonne'],['Occitanie'],COM,{82},{76}
3449c9a4-5bb6-47fd-a7ce-c3964eca186a,214600629,Commune de Castelfranc (46),false,{46062},Commune,2026-03-24 14:42:00.862623+01,gold_establishments_2025,,,,21460062900015,2025,Collectivité Territoriale,Commune,['Lot'],['Occitanie'],COM,{46},{76}
afc5ab16-f91a-4c89-b180-83290ed4eba1,213101157,Commune de Castelgaillard (31),false,{31115},Commune,2026-03-24 14:41:57.56054+01,gold_establishments_2025,,,,21310115700013,2025,Collectivité Territoriale,Commune,['Haute-Garonne'],['Occitanie'],COM,{31},{76}
43e4c234-7d01-47a4-8f0d-7afdf6c735d9,213101165,Commune de Castelginest (31),false,{31116},Commune,2026-03-24 14:41:57.56054+01,gold_establishments_2025,,,,21310116500016,2025,Collectivité Territoriale,Commune,['Haute-Garonne'],['Occitanie'],COM,{31},{76}
50a76ab3-cb20-4307-abd8-99049c0ad3a5,214700528,Commune de Casteljaloux (47),false,{47052},Commune,2026-03-24 14:42:00.862623+01,gold_establishments_2025,,,,21470052800018,2025,Collectivité Territoriale,Commune,['Lot-et-Garonne'],['Nouvelle-Aquitaine'],COM,{47},{75}
0aa24498-fc8b-47cc-8bf6-350c67587f67,214700536,Commune de Castella (47),false,{47053},Commune,2026-03-24 14:42:00.862623+01,gold_establishments_2025,,,,21470053600011,2025,Collectivité Territoriale,Commune,['Lot-et-Garonne'],['Nouvelle-Aquitaine'],COM,{47},{75}
7783a6c2-a1dd-44dd-89bb-0ea78e21dc80,210400396,Commune de Castellane (04),false,{04039},Commune,2026-03-24 14:41:52.020251+01,gold_establishments_2025,,,,21040039600011,2025,Collectivité Territoriale,Commune,['Alpes-de-Haute-Provence'],"[""Provence-Alpes-Côte d'Azur""]",COM,{04},{93}
ee67123e-4ba2-419b-81d4-95637e8462e8,210600359,Commune de Castellar (06),false,{06035},Commune,2026-03-24 14:41:52.562531+01,gold_establishments_2025,,,,21060035900017,2025,Collectivité Territoriale,Commune,['Alpes-Maritimes'],"[""Provence-Alpes-Côte d'Azur""]",COM,{06},{93}
0f434756-4892-4c63-9ef3-655e0a5483dc,212000772,Commune de Castellare-di-Casinca (2B),false,{2B077},Commune,2026-03-24 14:41:57.56054+01,gold_establishments_2025,,,,21200077200013,2025,Collectivité Territoriale,Commune,['Haute-Corse'],['Corse'],COM,{2B},{94}
cb6866f3-3c65-49ab-9749-86b5b84533dd,212000780,Commune de Castellare-di-Mercurio (2B),false,{2B078},Commune,2026-03-24 14:41:57.56054+01,gold_establishments_2025,,,,21200078000016,2025,Collectivité Territoriale,Commune,['Haute-Corse'],['Corse'],COM,{2B},{94}
47c16878-7f75-4ca9-b89e-df6e19f2c96c,218400331,Commune de Castellet-en-Luberon (84),false,{84033},Commune,2026-03-24 14:42:10.508772+01,gold_establishments_2025,,,,21840033100011,2025,Collectivité Territoriale,Commune,['Vaucluse'],"[""Provence-Alpes-Côte d'Azur""]",COM,{84},{93}
21f93dbe-4ad7-4573-8909-27a0b82cd938,210400420,Commune de Castellet-lès-Sausses (04),false,{04042},Commune,2026-03-24 14:41:52.020251+01,gold_establishments_2025,,,,21040042000019,2025,Collectivité Territoriale,Commune,['Alpes-de-Haute-Provence'],"[""Provence-Alpes-Côte d'Azur""]",COM,{04},{93}
dd01ddd6-e017-40b0-823c-ba9e1e433500,212000798,Commune de Castello-di-Rostino (2B),false,{2B079},Commune,2026-03-24 14:41:57.56054+01,gold_establishments_2025,,,,21200079800018,2025,Collectivité Territoriale,Commune,['Haute-Corse'],['Corse'],COM,{2B},{94}
01f7ae26-0394-4302-8f83-3e762d3e8203,211200605,Commune de Castelmary (12),false,{12060},Commune,2026-03-24 14:41:53.63825+01,gold_establishments_2025,,,,21120060500015,2025,Collectivité Territoriale,Commune,['Aveyron'],['Occitanie'],COM,{12},{76}
811cc55a-cf46-4d84-b00d-ed1ba837cbe6,213101173,Commune de Castelmaurou (31),false,{31117},Commune,2026-03-24 14:41:57.56054+01,gold_establishments_2025,,,,21310117300010,2025,Collectivité Territoriale,Commune,['Haute-Garonne'],['Occitanie'],COM,{31},{76}
498d7fc1-2ec6-4709-b015-eb3d666f6a4b,218200319,Commune de Castelmayran (82),false,{82031},Commune,2026-03-24 14:42:10.508772+01,gold_establishments_2025,,,,21820031900018,2025,Collectivité Territoriale,Commune,['Tarn-et-Garonne'],['Occitanie'],COM,{82},{76}
41dc0f9b-e5e4-4679-8391-271cfd60a872,213301039,Commune de Castelmoron-d'Albret (33),false,{33103},Commune,2026-03-24 14:41:58.09424+01,gold_establishments_2025,,,,21330103900011,2025,Collectivité Territoriale,Commune,['Gironde'],['Nouvelle-Aquitaine'],COM,{33},{75}
9fb99afe-1a0c-4964-8706-f3b4cd452625,214700544,Commune de Castelmoron-sur-Lot (47),false,{47054},Commune,2026-03-24 14:42:00.862623+01,gold_establishments_2025,,,,21470054400015,2025,Collectivité Territoriale,Commune,['Lot-et-Garonne'],['Nouvelle-Aquitaine'],COM,{47},{75}
8a159349-2535-4801-b03d-78997131450f,200057586,Commune de Castelnau d'Auzan Labarrère (32),false,{32079},Commune,2026-03-24 14:41:58.09424+01,gold_establishments_2025,,,,20005758600014,2025,Collectivité Territoriale,Commune,['Gers'],['Occitanie'],COM,{32},{76}
40a45a7a-f6b4-48ab-be85-d77640fad46a,213200769,Commune de Castelnau-Barbarens (32),false,{32076},Commune,2026-03-24 14:41:58.09424+01,gold_establishments_2025,,,,21320076900015,2025,Collectivité Territoriale,Commune,['Gers'],['Occitanie'],COM,{32},{76}
a06002e0-1aa0-4f33-880e-eb88a2cf15bf,214000713,Commune de Castelnau-Chalosse (40),false,{40071},Commune,2026-03-24 14:41:59.705606+01,gold_establishments_2025,,,,21400071300013,2025,Collectivité Territoriale,Commune,['Landes'],['Nouvelle-Aquitaine'],COM,{40},{75}
18d82871-a22f-4d26-b76b-429f73ba2cda,210900825,Commune de Castelnau-Durban (09),false,{09082},Commune,2026-03-24 14:41:53.095366+01,gold_establishments_2025,,,,21090082500014,2025,Collectivité Territoriale,Commune,['Ariège'],['Occitanie'],COM,{09},{76}
4271fbdd-be6c-4512-bffc-e18af39d7878,216501296,Commune de Castelnau-Magnoac (65),false,{65129},Commune,2026-03-24 14:42:06.665412+01,gold_establishments_2025,,,,21650129600018,2025,Collectivité Territoriale,Commune,['Hautes-Pyrénées'],['Occitanie'],COM,{65},{76}
ff6fcfaa-8cb2-4a9d-a7a8-9819aedf65e8,200063741,Commune de Castelnau-Montratier (46),false,{46063},Commune,2026-03-24 14:42:00.862623+01,gold_establishments_2025,,,,20006374100017,2025,Collectivité Territoriale,Commune,['Lot'],['Occitanie'],COM,{46},{76}
6c235cc1-2176-4ad5-ad20-6d5b31b1a4a8,213101199,Commune de Castelnau-Picampeau (31),false,{31119},Commune,2026-03-24 14:41:57.56054+01,gold_establishments_2025,,,,21310119900015,2025,Collectivité Territoriale,Commune,['Haute-Garonne'],['Occitanie'],COM,{31},{76}
e3d6d707-376a-4c67-b6f3-c1e6cad11fa0,211200621,Commune de Castelnau-Pégayrols (12),false,{12062},Commune,2026-03-24 14:41:53.63825+01,gold_establishments_2025,,,,21120062100012,2025,Collectivité Territoriale,Commune,['Aveyron'],['Occitanie'],COM,{12},{76}
e32a835c-df0d-4c15-91a9-ce7bea1c0e86,216501304,Commune de Castelnau-Rivière-Basse (65),false,{65130},Commune,2026-03-24 14:42:06.665412+01,gold_establishments_2025,,,,21650130400010,2025,Collectivité Territoriale,Commune,['Hautes-Pyrénées'],['Occitanie'],COM,{65},{76}
3ab9f0ca-a39d-4421-a59f-47e2e664d2df,214000721,Commune de Castelnau-Tursan (40),false,{40072},Commune,2026-03-24 14:41:59.705606+01,gold_establishments_2025,,,,21400072100016,2025,Collectivité Territoriale,Commune,['Landes'],['Nouvelle-Aquitaine'],COM,{40},{75}
21cc5e30-60a9-4d4a-af5f-e70319b0e0a7,213000722,Commune de Castelnau-Valence (30),false,{30072},Commune,2026-03-24 14:41:57.56054+01,gold_establishments_2025,,,,21300072200016,2025,Collectivité Territoriale,Commune,['Gard'],['Occitanie'],COM,{30},{76}
3b2f34d3-dcf7-4e1e-85e2-73b842374f5a,213200777,Commune de Castelnau-d'Anglès (32),false,{32077},Commune,2026-03-24 14:41:58.09424+01,gold_establishments_2025,,,,21320077700018,2025,Collectivité Territoriale,Commune,['Gers'],['Occitanie'],COM,{32},{76}
b8a5feba-d71a-4595-a52a-64877fe7b4b3,213200785,Commune de Castelnau-d'Arbieu (32),false,{32078},Commune,2026-03-24 14:41:58.09424+01,gold_establishments_2025,,,,21320078500011,2025,Collectivité Territoriale,Commune,['Gers'],['Occitanie'],COM,{32},{76}
34d6b347-89a4-490b-9774-7dd567208a26,211100771,Commune de Castelnau-d'Aude (11),false,{11077},Commune,2026-03-24 14:41:53.63825+01,gold_establishments_2025,,,,21110077100016,2025,Collectivité Territoriale,Commune,['Aude'],['Occitanie'],COM,{11},{76}
68fac2e0-915a-4e14-a17a-a1defb3177b3,213101181,Commune de Castelnau-d'Estrétefonds (31),false,{31118},Commune,2026-03-24 14:41:57.56054+01,gold_establishments_2025,,,,21310118100013,2025,Collectivité Territoriale,Commune,['Haute-Garonne'],['Occitanie'],COM,{31},{76}
d3f63395-ad82-4008-8568-cf673541c5bc,213400567,Commune de Castelnau-de-Guers (34),false,{34056},Commune,2026-03-24 14:41:58.620411+01,gold_establishments_2025,,,,21340056700011,2025,Collectivité Territoriale,Commune,['Hérault'],['Occitanie'],COM,{34},{76}
3af8c7b5-490d-43fe-a97a-a4fbf4c363bc,218100634,Commune de Castelnau-de-Lévis (81),false,{81063},Commune,2026-03-24 14:42:09.967209+01,gold_establishments_2025,,,,21810063400011,2025,Collectivité Territoriale,Commune,['Tarn'],['Occitanie'],COM,{81},{76}
bcd26177-e72f-4dbb-88a4-e3667942e14f,211200613,Commune de Castelnau-de-Mandailles (12),false,{12061},Commune,2026-03-24 14:41:53.63825+01,gold_establishments_2025,,,,21120061300019,2025,Collectivité Territoriale,Commune,['Aveyron'],['Occitanie'],COM,{12},{76}
35b6b1df-8bd6-4c02-808d-6091f564e443,218100642,Commune de Castelnau-de-Montmiral (81),false,{81064},Commune,2026-03-24 14:42:09.967209+01,gold_establishments_2025,,,,21810064200014,2025,Collectivité Territoriale,Commune,['Tarn'],['Occitanie'],COM,{81},{76}
c56cdbfc-354c-42a4-afdc-1e924b3738f8,213301047,Commune de Castelnau-de-Médoc (33),false,{33104},Commune,2026-03-24 14:41:58.09424+01,gold_establishments_2025,,,,21330104700014,2025,Collectivité Territoriale,Commune,['Gironde'],['Nouvelle-Aquitaine'],COM,{33},{75}
b8fb3fc8-2b8c-4df5-9079-8a7fa68e62b4,213400575,Commune de Castelnau-le-Lez (34),false,{34057},Commune,2026-03-24 14:41:58.620411+01,gold_establishments_2025,,,,21340057500014,2025,Collectivité Territoriale,Commune,['Hérault'],['Occitanie'],COM,{34},{76}
f2518b20-b365-4713-8a84-946176a1fa64,214700569,Commune de Castelnau-sur-Gupie (47),false,{47056},Commune,2026-03-24 14:42:00.862623+01,gold_establishments_2025,,,,21470056900012,2025,Collectivité Territoriale,Commune,['Lot-et-Garonne'],['Nouvelle-Aquitaine'],COM,{47},{75}
a705a2ff-f0b6-4269-aa3f-058d218aceb1,213200801,Commune de Castelnau-sur-l'Auvignon (32),false,{32080},Commune,2026-03-24 14:41:58.09424+01,gold_establishments_2025,,,,21320080100016,2025,Collectivité Territoriale,Commune,['Gers'],['Occitanie'],COM,{32},{76}
18bb9f65-a007-4245-8e28-539710991553,214700551,Commune de Castelnaud-de-Gratecambe (47),false,{47055},Commune,2026-03-24 14:42:00.862623+01,gold_establishments_2025,,,,21470055100010,2025,Collectivité Territoriale,Commune,['Lot-et-Garonne'],['Nouvelle-Aquitaine'],COM,{47},{75}
83454527-2647-4083-ad83-8738fd70c6d4,212400865,Commune de Castelnaud-la-Chapelle (24),false,{24086},Commune,2026-03-24 14:41:55.958138+01,gold_establishments_2025,,,,21240086500011,2025,Collectivité Territoriale,Commune,['Dordogne'],['Nouvelle-Aquitaine'],COM,{24},{75}
a6f7ed03-736a-477d-9d97-b75c1664eef3,211100763,Commune de Castelnaudary (11),false,{11076},Commune,2026-03-24 14:41:53.63825+01,gold_establishments_2025,,,,21110076300013,2025,Collectivité Territoriale,Commune,['Aude'],['Occitanie'],COM,{11},{76}
6ccb12f5-4a53-4fac-b7cc-e730a007f3db,213200819,Commune de Castelnavet (32),false,{32081},Commune,2026-03-24 14:41:58.09424+01,gold_establishments_2025,,,,21320081900018,2025,Collectivité Territoriale,Commune,['Gers'],['Occitanie'],COM,{32},{76}
24e05f41-4caf-4f3e-b9b3-d0e19a2ab901,214000739,Commune de Castelner (40),false,{40073},Commune,2026-03-24 14:41:59.705606+01,gold_establishments_2025,,,,21400073900018,2025,Collectivité Territoriale,Commune,['Landes'],['Nouvelle-Aquitaine'],COM,{40},{75}
94ffdedd-b6a0-4e24-a822-c93946aade95,216600445,Commune de Castelnou (66),false,{66044},Commune,2026-03-24 14:42:06.665412+01,gold_establishments_2025,,,,21660044500011,2025,Collectivité Territoriale,Commune,['Pyrénées-Orientales'],['Occitanie'],COM,{66},{76}
87e7fb09-56a0-471f-9fc5-41d26a92070a,211100789,Commune de Castelreng (11),false,{11078},Commune,2026-03-24 14:41:53.63825+01,gold_establishments_2025,,,,21110078900018,2025,Collectivité Territoriale,Commune,['Aude'],['Occitanie'],COM,{11},{76}
bea51947-20fc-42b5-9ca0-f1b1afd16b14,200065142,Commune de Castels et Bézenac (24),false,{24087},Commune,2026-03-24 14:41:55.958138+01,gold_establishments_2025,,,,20006514200016,2025,Collectivité Territoriale,Commune,['Dordogne'],['Nouvelle-Aquitaine'],COM,{24},{75}
f6ca8640-faea-4843-9122-8093999c341c,218200327,Commune de Castelsagrat (82),false,{82032},Commune,2026-03-24 14:42:10.508772+01,gold_establishments_2025,,,,21820032700011,2025,Collectivité Territoriale,Commune,['Tarn-et-Garonne'],['Occitanie'],COM,{82},{76}
cdbf1e8c-bac5-4a47-b685-cdee426b5d81,218200335,Commune de Castelsarrasin (82),false,{82033},Commune,2026-03-24 14:42:10.508772+01,gold_establishments_2025,,,,21820033500014,2025,Collectivité Territoriale,Commune,['Tarn-et-Garonne'],['Occitanie'],COM,{82},{76}
5a9b8440-1bcf-43e4-bbf5-e16f7e9101b2,216501312,Commune de Castelvieilh (65),false,{65131},Commune,2026-03-24 14:42:06.665412+01,gold_establishments_2025,,,,21650131200013,2025,Collectivité Territoriale,Commune,['Hautes-Pyrénées'],['Occitanie'],COM,{65},{76}
2e3464c8-a458-4b2b-a163-afcd7b4f6831,213301054,Commune de Castelviel (33),false,{33105},Commune,2026-03-24 14:41:58.09424+01,gold_establishments_2025,,,,21330105400010,2025,Collectivité Territoriale,Commune,['Gironde'],['Nouvelle-Aquitaine'],COM,{33},{75}
13946ebc-646e-489c-b32b-cd83ea30158e,216501346,Commune de Casterets (65),false,{65134},Commune,2026-03-24 14:42:06.665412+01,gold_establishments_2025,,,,21650134600011,2025,Collectivité Territoriale,Commune,['Hautes-Pyrénées'],['Occitanie'],COM,{65},{76}
d7da82de-b38d-4c5d-b28b-4512ae8ea9f0,216401752,Commune de Castet (64),false,{64175},Commune,2026-03-24 14:42:06.130387+01,gold_establishments_2025,,,,21640175200011,2025,Collectivité Territoriale,Commune,['Pyrénées-Atlantiques'],['Nouvelle-Aquitaine'],COM,{64},{75}
663ae99f-12e0-4b03-a2f1-5ff28e9e6e5e,213200850,Commune de Castet-Arrouy (32),false,{32085},Commune,2026-03-24 14:41:58.09424+01,gold_establishments_2025,,,,21320085000013,2025,Collectivité Territoriale,Commune,['Gers'],['Occitanie'],COM,{32},{76}
6bac67e3-e5c7-4f60-bee7-80c8191f4aad,216401760,Commune de Castetbon (64),false,{64176},Commune,2026-03-24 14:42:06.130387+01,gold_establishments_2025,,,,21640176000014,2025,Collectivité Territoriale,Commune,['Pyrénées-Atlantiques'],['Nouvelle-Aquitaine'],COM,{64},{75}
da9a35dc-34a5-4580-abb4-b36271744e12,216401786,Commune de Castetnau-Camblong (64),false,{64178},Commune,2026-03-24 14:42:06.130387+01,gold_establishments_2025,,,,21640178600019,2025,Collectivité Territoriale,Commune,['Pyrénées-Atlantiques'],['Nouvelle-Aquitaine'],COM,{64},{75}
df40e9b1-1128-45c7-a228-b617d1ec7c70,216405845,Commune de Castetner (64),false,{64179},Commune,2026-03-24 14:42:06.130387+01,gold_establishments_2025,,,,21640584500019,2025,Collectivité Territoriale,Commune,['Pyrénées-Atlantiques'],['Nouvelle-Aquitaine'],COM,{64},{75}
669072a4-b06e-43e3-a16f-bee700645bbc,216401802,Commune de Castetpugon (64),false,{64180},Commune,2026-03-24 14:42:06.130387+01,gold_establishments_2025,,,,21640180200014,2025,Collectivité Territoriale,Commune,['Pyrénées-Atlantiques'],['Nouvelle-Aquitaine'],COM,{64},{75}
6554995c-49f3-4735-9c63-98b0e891c2e7,214000754,Commune de Castets (40),false,{40075},Commune,2026-03-24 14:41:59.705606+01,gold_establishments_2025,,,,21400075400017,2025,Collectivité Territoriale,Commune,['Landes'],['Nouvelle-Aquitaine'],COM,{40},{75}
72f65dd8-df1c-412f-b05f-1d3711ab3e20,200064301,Commune de Castets et Castillon (33),false,{33106},Commune,2026-03-24 14:41:58.09424+01,gold_establishments_2025,,,,20006430100019,2025,Collectivité Territoriale,Commune,['Gironde'],['Nouvelle-Aquitaine'],COM,{33},{75}
f470e52b-68c0-409f-b9df-29a1166a2dd6,210900841,Commune de Castex (09),false,{09084},Commune,2026-03-24 14:41:53.095366+01,gold_establishments_2025,,,,21090084100011,2025,Collectivité Territoriale,Commune,['Ariège'],['Occitanie'],COM,{09},{76}
8238897b-739d-4967-850d-d5d52a863a4c,213200868,Commune de Castex (32),false,{32086},Commune,2026-03-24 14:41:58.09424+01,gold_establishments_2025,,,,21320086800015,2025,Collectivité Territoriale,Commune,['Gers'],['Occitanie'],COM,{32},{76}
49a5c3db-6bd3-4161-84ff-08e3ad2c689f,213200876,Commune de Castex-d'Armagnac (32),false,{32087},Commune,2026-03-24 14:41:58.09424+01,gold_establishments_2025,,,,21320087600018,2025,Collectivité Territoriale,Commune,['Gers'],['Occitanie'],COM,{32},{76}
7be76fcf-459f-4309-8b9d-a0c0b6384901,213101223,Commune de Casties-Labrande (31),false,{31122},Commune,2026-03-24 14:41:57.56054+01,gold_establishments_2025,,,,21310122300013,2025,Collectivité Territoriale,Commune,['Haute-Garonne'],['Occitanie'],COM,{31},{76}
f9df4104-87dd-40d4-9968-c5121fc3d1fb,212000806,Commune de Castifao (2B),false,{2B080},Commune,2026-03-24 14:41:57.56054+01,gold_establishments_2025,,,,21200080600019,2025,Collectivité Territoriale,Commune,['Haute-Corse'],['Corse'],COM,{2B},{94}
4575443d-d637-47f5-b4ea-d03588fc149c,212000814,Commune de Castiglione (2B),false,{2B081},Commune,2026-03-24 14:41:57.56054+01,gold_establishments_2025,,,,21200081400013,2025,Collectivité Territoriale,Commune,['Haute-Corse'],['Corse'],COM,{2B},{94}
ae04240a-785c-4bf0-81a2-31ee8123b0e4,210600367,Commune de Castillon (06),false,{06036},Commune,2026-03-24 14:41:52.562531+01,gold_establishments_2025,,,,21060036700010,2025,Collectivité Territoriale,Commune,['Alpes-Maritimes'],"[""Provence-Alpes-Côte d'Azur""]",COM,{06},{93}
09cb954e-7c77-4411-af9a-5fdb57828245,211401401,Commune de Castillon (14),false,{14140},Commune,2026-03-24 14:41:53.63825+01,gold_establishments_2025,,,,21140140100016,2025,Collectivité Territoriale,Commune,['Calvados'],['Normandie'],COM,{14},{28}
685123b3-1ddf-4114-bd46-a243aff89fe2,216501353,Commune de Castillon (65),false,{65135},Commune,2026-03-24 14:42:06.665412+01,gold_establishments_2025,,,,21650135300017,2025,Collectivité Territoriale,Commune,['Hautes-Pyrénées'],['Occitanie'],COM,{65},{76}
8572e973-46cb-44c5-afbd-215713ec8dad,216401810,Commune de Castillon (Canton d'Arthez-de-Béarn) (64),false,{64181},Commune,2026-03-24 14:42:06.130387+01,gold_establishments_2025,,,,21640181000017,2025,Collectivité Territoriale,Commune,['Pyrénées-Atlantiques'],['Nouvelle-Aquitaine'],COM,{64},{75}
fdd0c818-652f-42d2-8859-88ff5681384d,216401828,Commune de Castillon (Canton de Lembeye) (64),false,{64182},Commune,2026-03-24 14:42:06.130387+01,gold_establishments_2025,,,,21640182800019,2025,Collectivité Territoriale,Commune,['Pyrénées-Atlantiques'],['Nouvelle-Aquitaine'],COM,{64},{75}
5a0cf5c8-4915-401a-b6db-01a6d9c571e8,213200884,Commune de Castillon-Debats (32),false,{32088},Commune,2026-03-24 14:41:58.09424+01,gold_establishments_2025,,,,21320088400012,2025,Collectivité Territoriale,Commune,['Gers'],['Occitanie'],COM,{32},{76}
4ee67fc9-3d3c-4e10-bd97-ce9b9d951114,213200892,Commune de Castillon-Massas (32),false,{32089},Commune,2026-03-24 14:41:58.09424+01,gold_establishments_2025,,,,21320089200015,2025,Collectivité Territoriale,Commune,['Gers'],['Occitanie'],COM,{32},{76}
21a2aa82-aca3-4632-828c-2e3efe547dae,213200900,Commune de Castillon-Savès (32),false,{32090},Commune,2026-03-24 14:41:58.09424+01,gold_establishments_2025,,,,21320090000016,2025,Collectivité Territoriale,Commune,['Gers'],['Occitanie'],COM,{32},{76}
7d46bc59-c07f-4c0f-8572-69613f7fc101,213101231,Commune de Castillon-de-Larboust (31),false,{31123},Commune,2026-03-24 14:41:57.56054+01,gold_establishments_2025,,,,21310123100016,2025,Collectivité Territoriale,Commune,['Haute-Garonne'],['Occitanie'],COM,{31},{76}
29f853a8-8292-4d4a-a00a-b21d79dcc146,213101249,Commune de Castillon-de-Saint-Martory (31),false,{31124},Commune,2026-03-24 14:41:57.56054+01,gold_establishments_2025,,,,21310124900018,2025,Collectivité Territoriale,Commune,['Haute-Garonne'],['Occitanie'],COM,{31},{76}
437ad316-4ee2-4f9b-841e-f06e9cac2eb8,213000730,Commune de Castillon-du-Gard (30),false,{30073},Commune,2026-03-24 14:41:57.56054+01,gold_establishments_2025,,,,21300073000019,2025,Collectivité Territoriale,Commune,['Gard'],['Occitanie'],COM,{30},{76}
6d2a19e6-bd39-4909-b5dc-8e162f38846c,211401419,Commune de Castillon-en-Auge (14),false,{14141},Commune,2026-03-24 14:41:53.63825+01,gold_establishments_2025,,,,21140141900018,2025,Collectivité Territoriale,Commune,['Calvados'],['Normandie'],COM,{14},{28}
2b698fb7-c413-42f9-9a80-1163ef71830b,210900858,Commune de Castillon-en-Couserans (09),false,{09085},Commune,2026-03-24 14:41:53.095366+01,gold_establishments_2025,,,,21090085800015,2025,Collectivité Territoriale,Commune,['Ariège'],['Occitanie'],COM,{09},{76}
d249db18-66ed-4b32-a88b-a78282cac6d1,213301088,Commune de Castillon-la-Bataille (33),false,{33108},Commune,2026-03-24 14:41:58.09424+01,gold_establishments_2025,,,,21330108800018,2025,Collectivité Territoriale,Commune,['Gironde'],['Nouvelle-Aquitaine'],COM,{33},{75}
c3a3a54b-5d22-4c8e-8332-0f18e794ba33,214700577,Commune de Castillonnès (47),false,{47057},Commune,2026-03-24 14:42:00.862623+01,gold_establishments_2025,,,,21470057700015,2025,Collectivité Territoriale,Commune,['Lot-et-Garonne'],['Nouvelle-Aquitaine'],COM,{47},{75}
4ec77dc1-cc48-4fb3-9202-a2a9873aa101,213200918,Commune de Castin (32),false,{32091},Commune,2026-03-24 14:41:58.09424+01,gold_establishments_2025,,,,21320091800018,2025,Collectivité Territoriale,Commune,['Gers'],['Occitanie'],COM,{32},{76}
3de5593a-6299-4071-a264-a45387fe1264,200086502,Commune de Castine-en-Plaine (14),false,{14538},Commune,2026-03-24 14:41:54.362296+01,gold_establishments_2025,,,,20008650200016,2025,Collectivité Territoriale,Commune,['Calvados'],['Normandie'],COM,{14},{28}
d98dfee5-b134-45c8-bd2b-a306475a58d5,212000822,Commune de Castineta (2B),false,{2B082},Commune,2026-03-24 14:41:57.56054+01,gold_establishments_2025,,,,21200082200016,2025,Collectivité Territoriale,Commune,['Haute-Corse'],['Corse'],COM,{2B},{94}
d7a005eb-0e2d-454d-8402-2489316092dd,212000830,Commune de Castirla (2B),false,{2B083},Commune,2026-03-24 14:41:57.56054+01,gold_establishments_2025,,,,21200083000019,2025,Collectivité Territoriale,Commune,['Haute-Corse'],['Corse'],COM,{2B},{94}
27b21330-231a-4c30-a105-17148bbe8486,210201299,Commune de Castres (02),false,{02142},Commune,2026-03-24 14:41:51.447482+01,gold_establishments_2025,,,,21020129900018,2025,Collectivité Territoriale,Commune,['Aisne'],['Hauts-de-France'],COM,{02},{32}
b4084c5b-bb31-4872-9827-b1fce0df993b,218100659,Commune de Castres (81),false,{81065},Commune,2026-03-24 14:42:09.967209+01,gold_establishments_2025,,,,21810065900018,2025,Collectivité Territoriale,Commune,['Tarn'],['Occitanie'],COM,{81},{76}
cf0a811c-fe6e-4aba-8a62-5633669f99a2,213301096,Commune de Castres-Gironde (33),false,{33109},Commune,2026-03-24 14:41:58.09424+01,gold_establishments_2025,,,,21330109600011,2025,Collectivité Territoriale,Commune,['Gironde'],['Nouvelle-Aquitaine'],COM,{33},{75}
42ca1687-a01d-45dc-aaa5-65d1bd266f70,213400583,Commune de Castries (34),false,{34058},Commune,2026-03-24 14:41:58.620411+01,gold_establishments_2025,,,,21340058300018,2025,Collectivité Territoriale,Commune,['Hérault'],['Occitanie'],COM,{34},{76}
1c29ce53-c609-4d14-b4d3-39999b4dc383,218200343,Commune de Castéra-Bouzet (82),false,{82034},Commune,2026-03-24 14:42:10.508772+01,gold_establishments_2025,,,,21820034300018,2025,Collectivité Territoriale,Commune,['Tarn-et-Garonne'],['Occitanie'],COM,{82},{76}
f4e6ee5e-9afe-47f5-b0c6-dacbd0110711,216501320,Commune de Castéra-Lanusse (65),false,{65132},Commune,2026-03-24 14:42:06.665412+01,gold_establishments_2025,,,,21650132000016,2025,Collectivité Territoriale,Commune,['Hautes-Pyrénées'],['Occitanie'],COM,{65},{76}
f29298e2-80ad-4bb6-8685-c707f782a0fb,213200827,Commune de Castéra-Lectourois (32),false,{32082},Commune,2026-03-24 14:41:58.09424+01,gold_establishments_2025,,,,21320082700011,2025,Collectivité Territoriale,Commune,['Gers'],['Occitanie'],COM,{32},{76}
0f0f6dda-2969-4e81-98b6-bb3a3da5aca9,216501338,Commune de Castéra-Lou (65),false,{65133},Commune,2026-03-24 14:42:06.665412+01,gold_establishments_2025,,,,21650133800018,2025,Collectivité Territoriale,Commune,['Hautes-Pyrénées'],['Occitanie'],COM,{65},{76}
c920b27a-fc02-4185-86c5-562f69ebdab0,216401745,Commune de Castéra-Loubix (64),false,{64174},Commune,2026-03-24 14:42:06.130387+01,gold_establishments_2025,,,,21640174500015,2025,Collectivité Territoriale,Commune,['Pyrénées-Atlantiques'],['Nouvelle-Aquitaine'],COM,{64},{75}
f13b1143-c287-4398-a8d6-47dbe01fee3b,213200835,Commune de Castéra-Verduzan (32),false,{32083},Commune,2026-03-24 14:41:58.09424+01,gold_establishments_2025,,,,21320083500014,2025,Collectivité Territoriale,Commune,['Gers'],['Occitanie'],COM,{32},{76}
4e2256cf-d501-4eed-b34a-e06689ac0c51,213101215,Commune de Castéra-Vignoles (31),false,{31121},Commune,2026-03-24 14:41:57.56054+01,gold_establishments_2025,,,,21310121500019,2025,Collectivité Territoriale,Commune,['Haute-Garonne'],['Occitanie'],COM,{31},{76}
86075564-dd84-4a98-86a6-cbf4ecc44ca3,210900833,Commune de Castéras (09),false,{09083},Commune,2026-03-24 14:41:53.095366+01,gold_establishments_2025,,,,21090083300018,2025,Collectivité Territoriale,Commune,['Ariège'],['Occitanie'],COM,{09},{76}
8b7e5409-6e70-4144-be6a-51c16d383a04,213200843,Commune de Castéron (32),false,{32084},Commune,2026-03-24 14:41:58.09424+01,gold_establishments_2025,,,,21320084300018,2025,Collectivité Territoriale,Commune,['Gers'],['Occitanie'],COM,{32},{76}
4c4817cd-e060-4b3d-aba7-0e2e5feb348a,216401778,Commune de Castétis (64),false,{64177},Commune,2026-03-24 14:42:06.130387+01,gold_establishments_2025,,,,21640177800016,2025,Collectivité Territoriale,Commune,['Pyrénées-Atlantiques'],['Nouvelle-Aquitaine'],COM,{64},{75}
38de6e9b-f17b-4b2b-ad4c-d504caab7eca,217601632,Commune de Catenay (76),false,{76163},Commune,2026-03-24 14:42:08.818969+01,gold_establishments_2025,,,,21760163200011,2025,Collectivité Territoriale,Commune,['Seine-Maritime'],['Normandie'],COM,{76},{28}
65382b9a-d6c4-4d34-9848-f61fe5640388,216001297,Commune de Catenoy (60),false,{60130},Commune,2026-03-24 14:42:04.814328+01,gold_establishments_2025,,,,21600129700011,2025,Collectivité Territoriale,Commune,['Oise'],['Hauts-de-France'],COM,{60},{32}
5b6e7c4e-0a1f-4150-bbed-8a029374a643,212000848,Commune de Cateri (2B),false,{2B084},Commune,2026-03-24 14:41:57.56054+01,gold_establishments_2025,,,,21200084800011,2025,Collectivité Territoriale,Commune,['Haute-Corse'],['Corse'],COM,{2B},{94}
e20f6176-1514-49f7-bb29-0642da228677,213101256,Commune de Cathervielle (31),false,{31125},Commune,2026-03-24 14:41:57.56054+01,gold_establishments_2025,,,,21310125600013,2025,Collectivité Territoriale,Commune,['Haute-Garonne'],['Occitanie'],COM,{31},{76}
cc60b25d-4bd5-4c12-a211-a0aa8c123ce0,216001305,Commune de Catheux (60),false,{60131},Commune,2026-03-24 14:42:04.814328+01,gold_establishments_2025,,,,21600130500012,2025,Collectivité Territoriale,Commune,['Oise'],['Hauts-de-France'],COM,{60},{32}
f176569e-d821-47b7-a65b-b0466329d988,216001313,Commune de Catigny (60),false,{60132},Commune,2026-03-24 14:42:04.814328+01,gold_establishments_2025,,,,21600131300016,2025,Collectivité Territoriale,Commune,['Oise'],['Hauts-de-France'],COM,{60},{32}
22deed83-1e23-451a-94a9-a8d46556db77,216001321,Commune de Catillon-Fumechon (60),false,{60133},Commune,2026-03-24 14:42:04.814328+01,gold_establishments_2025,,,,21600132100019,2025,Collectivité Territoriale,Commune,['Oise'],['Hauts-de-France'],COM,{60},{32}
dddb1752-2fe9-4f81-ad6d-2dd84eb7b6d7,215901372,Commune de Catillon-sur-Sambre (59),false,{59137},Commune,2026-03-24 14:42:04.280096+01,gold_establishments_2025,,,,21590137200015,2025,Collectivité Territoriale,Commune,['Nord'],['Hauts-de-France'],COM,{59},{32}
003cb162-35be-4e08-bb4b-da5234623550,216600452,Commune de Catllar (66),false,{66045},Commune,2026-03-24 14:42:06.665412+01,gold_establishments_2025,,,,21660045200017,2025,Collectivité Territoriale,Commune,['Pyrénées-Orientales'],['Occitanie'],COM,{66},{76}
77296951-a27f-447b-bd5a-d3d296f23527,213200926,Commune de Catonvielle (32),false,{32092},Commune,2026-03-24 14:41:58.09424+01,gold_establishments_2025,,,,21320092600011,2025,Collectivité Territoriale,Commune,['Gers'],['Occitanie'],COM,{32},{76}
c435563c-1602-4524-9da1-913661f02129,215901380,Commune de Cattenières (59),false,{59138},Commune,2026-03-24 14:42:04.280096+01,gold_establishments_2025,,,,21590138000018,2025,Collectivité Territoriale,Commune,['Nord'],['Hauts-de-France'],COM,{59},{32}
59e20a0c-675e-462c-98d1-9d58097190b7,215701244,Commune de Cattenom (57),false,{57124},Commune,2026-03-24 14:42:03.701372+01,gold_establishments_2025,,,,21570124400018,2025,Collectivité Territoriale,Commune,['Moselle'],['Grand Est'],COM,{57},{44}
84463c69-c312-479d-8345-e51fb7e5dba6,215001058,Commune de Catteville (50),false,{50105},Commune,2026-03-24 14:42:01.412377+01,gold_establishments_2025,,,,21500105800019,2025,Collectivité Territoriale,Commune,['Manche'],['Normandie'],COM,{50},{28}
1a7abfd5-a0b1-4a46-990d-16c6d1702628,214600645,Commune de Catus (46),false,{46064},Commune,2026-03-24 14:42:00.862623+01,gold_establishments_2025,,,,21460064500011,2025,Collectivité Territoriale,Commune,['Lot'],['Occitanie'],COM,{46},{76}
55f3a628-a2dd-4570-8267-6c334a81025d,214703316,Commune de Caubeyres (47),false,{47058},Commune,2026-03-24 14:42:00.862623+01,gold_establishments_2025,,,,21470331600015,2025,Collectivité Territoriale,Commune,['Lot-et-Garonne'],['Nouvelle-Aquitaine'],COM,{47},{75}
c8ee3180-d0a0-4795-afd6-22dd196a4872,213101264,Commune de Caubiac (31),false,{31126},Commune,2026-03-24 14:41:57.56054+01,gold_establishments_2025,,,,21310126400017,2025,Collectivité Territoriale,Commune,['Haute-Garonne'],['Occitanie'],COM,{31},{76}
cbb2a0fe-cb51-4a91-b5a2-2a05ca0cdba2,216401836,Commune de Caubios-Loos (64),false,{64183},Commune,2026-03-24 14:42:06.130387+01,gold_establishments_2025,,,,21640183600012,2025,Collectivité Territoriale,Commune,['Pyrénées-Atlantiques'],['Nouvelle-Aquitaine'],COM,{64},{75}
fa5a1ce2-d627-455c-ab2f-0883e86b886f,214700593,Commune de Caubon-Saint-Sauveur (47),false,{47059},Commune,2026-03-24 14:42:00.862623+01,gold_establishments_2025,,,,21470059300012,2025,Collectivité Territoriale,Commune,['Lot-et-Garonne'],['Nouvelle-Aquitaine'],COM,{47},{75}
6189a31e-59ff-4b63-a4e4-731ac9c65312,213101272,Commune de Caubous (31),false,{31127},Commune,2026-03-24 14:41:57.56054+01,gold_establishments_2025,,,,21310127200010,2025,Collectivité Territoriale,Commune,['Haute-Garonne'],['Occitanie'],COM,{31},{76}
f08f62fc-0f01-404d-b118-a943a3885cd9,216501361,Commune de Caubous (65),false,{65136},Commune,2026-03-24 14:42:06.665412+01,gold_establishments_2025,,,,21650136100010,2025,Collectivité Territoriale,Commune,['Hautes-Pyrénées'],['Occitanie'],COM,{65},{76}
44a4783b-d469-41c2-8f38-fca45816fbec,218100667,Commune de Caucalières (81),false,{81066},Commune,2026-03-24 14:42:09.967209+01,gold_establishments_2025,,,,21810066700011,2025,Collectivité Territoriale,Commune,['Tarn'],['Occitanie'],COM,{81},{76}
61b95717-038e-4626-ba19-0a1eeb721a24,216202176,Commune de Cauchy-à-la-Tour (62),false,{62217},Commune,2026-03-24 14:42:05.597325+01,gold_establishments_2025,,,,21620217600014,2025,Collectivité Territoriale,Commune,['Pas-de-Calais'],['Hauts-de-France'],COM,{62},{32}
0658854e-97cc-4e56-ba78-434d2c296dd4,216202184,Commune de Caucourt (62),false,{62218},Commune,2026-03-24 14:42:05.597325+01,gold_establishments_2025,,,,21620218400018,2025,Collectivité Territoriale,Commune,['Pas-de-Calais'],['Hauts-de-France'],COM,{62},{32}
7a8173f8-d597-4a3f-9db6-6e66d4140cad,215600362,Commune de Caudan (56),false,{56036},Commune,2026-03-24 14:42:03.701372+01,gold_establishments_2025,,,,21560036200010,2025,Collectivité Territoriale,Commune,['Morbihan'],['Bretagne'],COM,{56},{53}
db295b50-3415-4e9a-b403-da0b5d7c82d5,217601657,Commune de Caudebec-lès-Elbeuf (76),false,{76165},Commune,2026-03-24 14:42:08.818969+01,gold_establishments_2025,,,,21760165700018,2025,Collectivité Territoriale,Commune,['Seine-Maritime'],['Normandie'],COM,{76},{28}
d4dd6058-1b99-43c8-a0ab-cd5238591f74,211100797,Commune de Caudebronde (11),false,{11079},Commune,2026-03-24 14:41:53.63825+01,gold_establishments_2025,,,,21110079700011,2025,Collectivité Territoriale,Commune,['Aude'],['Occitanie'],COM,{11},{76}
33fbf599-8b9d-4748-ad25-5c55356876d1,214700601,Commune de Caudecoste (47),false,{47060},Commune,2026-03-24 14:42:00.862623+01,gold_establishments_2025,,,,21470060100013,2025,Collectivité Territoriale,Commune,['Lot-et-Garonne'],['Nouvelle-Aquitaine'],COM,{47},{75}
4a7b29a8-dc1e-41be-b763-291b39424725,216600478,Commune de Caudiès-de-Conflent (66),false,{66047},Commune,2026-03-24 14:42:06.665412+01,gold_establishments_2025,,,,21660047800012,2025,Collectivité Territoriale,Commune,['Pyrénées-Orientales'],['Occitanie'],COM,{66},{76}
595ebc28-a01f-4f37-91d9-2e1bba6ef4ec,216600460,Commune de Caudiès-de-Fenouillèdes (66),false,{66046},Commune,2026-03-24 14:42:06.665412+01,gold_establishments_2025,,,,21660046000010,2025,Collectivité Territoriale,Commune,['Pyrénées-Orientales'],['Occitanie'],COM,{66},{76}
20e48bfd-d1b8-45db-8969-71867498a6dd,213301112,Commune de Caudrot (33),false,{33111},Commune,2026-03-24 14:41:58.09424+01,gold_establishments_2025,,,,21330111200016,2025,Collectivité Territoriale,Commune,['Gironde'],['Nouvelle-Aquitaine'],COM,{33},{75}
84543f38-62ef-420a-a67d-2c5db7eb4d3c,215901398,Commune de Caudry (59),false,{59139},Commune,2026-03-24 14:42:04.280096+01,gold_establishments_2025,,,,21590139800010,2025,Collectivité Territoriale,Commune,['Nord'],['Hauts-de-France'],COM,{59},{32}
d3d649e5-b71b-4ed3-8d66-e5bbb608b606,216001339,Commune de Cauffry (60),false,{60134},Commune,2026-03-24 14:42:04.814328+01,gold_establishments_2025,,,,21600133900011,2025,Collectivité Territoriale,Commune,['Oise'],['Hauts-de-France'],COM,{60},{32}
281c033b-e252-4ad0-ac85-a8838197b9df,212701320,Commune de Caugé (27),false,{27132},Commune,2026-03-24 14:41:56.495197+01,gold_establishments_2025,,,,21270132000013,2025,Collectivité Territoriale,Commune,['Eure'],['Normandie'],COM,{27},{28}
3fcfdd4b-da7f-4616-ade8-98a73e76c49a,213101280,Commune de Caujac (31),false,{31128},Commune,2026-03-24 14:41:57.56054+01,gold_establishments_2025,,,,21310128000013,2025,Collectivité Territoriale,Commune,['Haute-Garonne'],['Occitanie'],COM,{31},{76}
1b1929be-d8a6-41e8-8acc-ff3777ee52c6,210201315,Commune de Caulaincourt (02),false,{02144},Commune,2026-03-24 14:41:51.447482+01,gold_establishments_2025,,,,21020131500012,2025,Collectivité Territoriale,Commune,['Aisne'],['Hauts-de-France'],COM,{02},{32}
ba7e812d-df37-4a89-b965-8bbaea7334ee,218001717,Commune de Caulières (80),false,{80179},Commune,2026-03-24 14:42:09.967209+01,gold_establishments_2025,,,,21800171700014,2025,Collectivité Territoriale,Commune,['Somme'],['Hauts-de-France'],COM,{80},{32}
c090e091-a02e-4a33-a982-a616d6229d96,215901406,Commune de Caullery (59),false,{59140},Commune,2026-03-24 14:42:04.280096+01,gold_establishments_2025,,,,21590140600011,2025,Collectivité Territoriale,Commune,['Nord'],['Hauts-de-France'],COM,{59},{32}
bd2398d1-856d-412c-a2d4-1bb957b20b79,212200323,Commune de Caulnes (22),false,{22032},Commune,2026-03-24 14:41:55.433389+01,gold_establishments_2025,,,,21220032300179,2025,Collectivité Territoriale,Commune,"[""Côtes-d'Armor""]",['Bretagne'],COM,{22},{53}
4dc307f4-677c-4df3-8fa9-26f5f2e88c3a,210201323,Commune de Caumont (02),false,{02145},Commune,2026-03-24 14:41:51.447482+01,gold_establishments_2025,,,,21020132300016,2025,Collectivité Territoriale,Commune,['Aisne'],['Hauts-de-France'],COM,{02},{32}
3ebf29e5-9c15-40b0-8b94-d35be1fbd758,210900866,Commune de Caumont (09),false,{09086},Commune,2026-03-24 14:41:53.095366+01,gold_establishments_2025,,,,21090086600018,2025,Collectivité Territoriale,Commune,['Ariège'],['Occitanie'],COM,{09},{76}
5c0a0081-b5bf-445b-ba05-8be6cd05a0ba,212701338,Commune de Caumont (27),false,{27133},Commune,2026-03-24 14:41:56.495197+01,gold_establishments_2025,,,,21270133800015,2025,Collectivité Territoriale,Commune,['Eure'],['Normandie'],COM,{27},{28}
b2075d99-e9da-4f8b-a63b-acf0d79defba,213200934,Commune de Caumont (32),false,{32093},Commune,2026-03-24 14:41:58.09424+01,gold_establishments_2025,,,,21320093400015,2025,Collectivité Territoriale,Commune,['Gers'],['Occitanie'],COM,{32},{76}
f0babea1-9315-4803-93ba-2fad45617e73,213301120,Commune de Caumont (33),false,{33112},Commune,2026-03-24 14:41:58.09424+01,gold_establishments_2025,,,,21330112000019,2025,Collectivité Territoriale,Commune,['Gironde'],['Nouvelle-Aquitaine'],COM,{33},{75}
60d3c555-b61f-4e74-89de-d8f0f0a873a2,216202192,Commune de Caumont (62),false,{62219},Commune,2026-03-24 14:42:05.597325+01,gold_establishments_2025,,,,21620219200011,2025,Collectivité Territoriale,Commune,['Pas-de-Calais'],['Hauts-de-France'],COM,{62},{32}
77cc8ee0-f763-44c3-b4e0-da8d0889b54f,218200350,Commune de Caumont (82),false,{82035},Commune,2026-03-24 14:42:10.508772+01,gold_establishments_2025,,,,21820035000013,2025,Collectivité Territoriale,Commune,['Tarn-et-Garonne'],['Occitanie'],COM,{82},{76}
83749e5f-397a-4276-9b89-727f2ec6cab2,200064871,Commune de Caumont-sur-Aure (14),false,{14143},Commune,2026-03-24 14:41:53.63825+01,gold_establishments_2025,,,,20006487100011,2025,Collectivité Territoriale,Commune,['Calvados'],['Normandie'],COM,{14},{28}
1d7cf076-2314-4956-90cc-60f959651d51,218400349,Commune de Caumont-sur-Durance (84),false,{84034},Commune,2026-03-24 14:42:10.508772+01,gold_establishments_2025,,,,21840034900013,2025,Collectivité Territoriale,Commune,['Vaucluse'],"[""Provence-Alpes-Côte d'Azur""]",COM,{84},{93}
6432adfd-a077-46ae-8ebb-a431d7851825,214700619,Commune de Caumont-sur-Garonne (47),false,{47061},Commune,2026-03-24 14:42:00.862623+01,gold_establishments_2025,,,,21470061900015,2025,Collectivité Territoriale,Commune,['Lot-et-Garonne'],['Nouvelle-Aquitaine'],COM,{47},{75}
c69c71dc-ff28-4faa-b563-fef2795df074,214000762,Commune de Cauna (40),false,{40076},Commune,2026-03-24 14:41:59.705606+01,gold_establishments_2025,,,,21400076200010,2025,Collectivité Territoriale,Commune,['Landes'],['Nouvelle-Aquitaine'],COM,{40},{75}
2e2bb021-b622-43f6-bbce-9e4e98bcd6f6,217900604,Commune de Caunay (nan),false,{79060},Commune,2026-03-24 14:42:09.43682+01,gold_establishments_2025,,,,21790060400018,2025,Collectivité Territoriale,Commune,[''],[''],COM,,
a9a73f42-909a-4bdc-97f1-92bcb380d54d,214000770,Commune de Cauneille (40),false,{40077},Commune,2026-03-24 14:41:59.705606+01,gold_establishments_2025,,,,21400077000013,2025,Collectivité Territoriale,Commune,['Landes'],['Nouvelle-Aquitaine'],COM,{40},{75}
64888ea3-0aa8-4984-a64c-6a82775195fa,211100813,Commune de Caunes-Minervois (11),false,{11081},Commune,2026-03-24 14:41:53.63825+01,gold_establishments_2025,,,,21110081300016,2025,Collectivité Territoriale,Commune,['Aude'],['Occitanie'],COM,{11},{76}
ea31e89b-9027-42cf-a3d5-3ae954f6b44d,211100821,Commune de Caunette-sur-Lauquet (11),false,{11082},Commune,2026-03-24 14:41:53.63825+01,gold_establishments_2025,,,,21110082100019,2025,Collectivité Territoriale,Commune,['Aude'],['Occitanie'],COM,{11},{76}
f4fea82d-e062-4a98-a27d-3d2014bb0af1,211100839,Commune de Caunettes-en-Val (11),false,{11083},Commune,2026-03-24 14:41:53.63825+01,gold_establishments_2025,,,,21110083900011,2025,Collectivité Territoriale,Commune,['Aude'],['Occitanie'],COM,{11},{76}
077ac2d4-95d6-49fa-90f4-da2901069059,214000788,Commune de Caupenne (40),false,{40078},Commune,2026-03-24 14:41:59.705606+01,gold_establishments_2025,,,,21400078800015,2025,Collectivité Territoriale,Commune,['Landes'],['Nouvelle-Aquitaine'],COM,{40},{75}
ed9729f2-437a-40fc-b548-f0d13006a8ea,213200942,Commune de Caupenne-d'Armagnac (32),false,{32094},Commune,2026-03-24 14:41:58.09424+01,gold_establishments_2025,,,,21320094200018,2025,Collectivité Territoriale,Commune,['Gers'],['Occitanie'],COM,{32},{76}
21d572a4-b824-4a73-9798-86e778edce8a,212200331,Commune de Caurel (22),false,{22033},Commune,2026-03-24 14:41:55.433389+01,gold_establishments_2025,,,,21220033100016,2025,Collectivité Territoriale,Commune,"[""Côtes-d'Armor""]",['Bretagne'],COM,{22},{53}
4f012aca-8810-4372-9bfe-0c108d79be2c,215100942,Commune de Caurel (51),false,{51101},Commune,2026-03-24 14:42:01.412377+01,gold_establishments_2025,,,,21510094200014,2025,Collectivité Territoriale,Commune,['Marne'],['Grand Est'],COM,{51},{44}
6125d7a5-e2a3-46f5-9024-b58d6ce5f06b,212000855,Commune de Cauro (2A),false,{2A085},Commune,2026-03-24 14:41:57.56054+01,gold_establishments_2025,,,,21200085500016,2025,Collectivité Territoriale,Commune,['Corse-du-Sud'],['Corse'],COM,{2A},{94}
f74a90d6-2871-46d9-a832-2997a0c5c01e,215901414,Commune de Cauroir (59),false,{59141},Commune,2026-03-24 14:42:04.280096+01,gold_establishments_2025,,,,21590141400015,2025,Collectivité Territoriale,Commune,['Nord'],['Hauts-de-France'],COM,{59},{32}
bb954268-7f41-416c-afc5-c2dab713ca1a,210800843,Commune de Cauroy (08),false,{08092},Commune,2026-03-24 14:41:52.562531+01,gold_establishments_2025,,,,21080084300018,2025,Collectivité Territoriale,Commune,['Ardennes'],['Grand Est'],COM,{08},{44}
4463bf3f-2893-4440-b4ee-687c68f50b33,215100959,Commune de Cauroy-lès-Hermonville (51),false,{51102},Commune,2026-03-24 14:42:01.412377+01,gold_establishments_2025,,,,21510095900018,2025,Collectivité Territoriale,Commune,['Marne'],['Grand Est'],COM,{51},{44}
3232ee41-3889-4d5f-af99-eca392c509e2,212400881,Commune de Cause-de-Clérans (24),false,{24088},Commune,2026-03-24 14:41:55.958138+01,gold_establishments_2025,,,,21240088100018,2025,Collectivité Territoriale,Commune,['Dordogne'],['Nouvelle-Aquitaine'],COM,{24},{75}
00fa38b3-8415-420c-8107-d2aa3919ec27,218200376,Commune de Caussade (82),false,{82037},Commune,2026-03-24 14:42:10.508772+01,gold_establishments_2025,,,,21820037600018,2025,Collectivité Territoriale,Commune,['Tarn-et-Garonne'],['Occitanie'],COM,{82},{76}
27876fe3-41c6-4daf-be50-f81c4ed87cb7,216501379,Commune de Caussade-Rivière (65),false,{65137},Commune,2026-03-24 14:42:06.665412+01,gold_establishments_2025,,,,21650137900012,2025,Collectivité Territoriale,Commune,['Hautes-Pyrénées'],['Occitanie'],COM,{65},{76}
baf9f8cc-ab19-4351-9dec-ccd89da248ec,213000748,Commune de Causse-Bégon (30),false,{30074},Commune,2026-03-24 14:41:57.56054+01,gold_establishments_2025,,,,21300074800011,2025,Collectivité Territoriale,Commune,['Gard'],['Occitanie'],COM,{30},{76}
9fd00048-6f71-42e4-9f7e-db3f47307311,213400609,Commune de Causse-de-la-Selle (34),false,{34060},Commune,2026-03-24 14:41:58.620411+01,gold_establishments_2025,,,,21340060900011,2025,Collectivité Territoriale,Commune,['Hérault'],['Occitanie'],COM,{34},{76}
61b83fb4-bac4-471a-ba07-9064486d0520,211202577,Commune de Causse-et-Diège (12),false,{12257},Commune,2026-03-24 14:41:53.63825+01,gold_establishments_2025,,,,21120257700014,2025,Collectivité Territoriale,Commune,['Aveyron'],['Occitanie'],COM,{12},{76}
3ce79a8c-98e2-4ab2-a8b3-b76a3856d924,213200959,Commune de Caussens (32),false,{32095},Commune,2026-03-24 14:41:58.09424+01,gold_establishments_2025,,,,21320095900012,2025,Collectivité Territoriale,Commune,['Gers'],['Occitanie'],COM,{32},{76}
e46cc839-932f-4e52-960d-27000153c980,213400617,Commune de Causses-et-Veyran (34),false,{34061},Commune,2026-03-24 14:41:58.620411+01,gold_establishments_2025,,,,21340061700014,2025,Collectivité Territoriale,Commune,['Hérault'],['Occitanie'],COM,{34},{76}
280b2da1-63ed-4e5f-b710-7b31320e1541,213400625,Commune de Caussiniojouls (34),false,{34062},Commune,2026-03-24 14:41:58.620411+01,gold_establishments_2025,,,,21340062500017,2025,Collectivité Territoriale,Commune,['Hérault'],['Occitanie'],COM,{34},{76}
84821de2-cbfc-4719-aff2-deff538874ea,210600375,Commune de Caussols (06),false,{06037},Commune,2026-03-24 14:41:52.562531+01,gold_establishments_2025,,,,21060037500013,2025,Collectivité Territoriale,Commune,['Alpes-Maritimes'],"[""Provence-Alpes-Côte d'Azur""]",COM,{06},{93}
54547032-cff7-4980-99ad-757cbf750d28,210900874,Commune de Caussou (09),false,{09087},Commune,2026-03-24 14:41:53.095366+01,gold_establishments_2025,,,,21090087400012,2025,Collectivité Territoriale,Commune,['Ariège'],['Occitanie'],COM,{09},{76}
fa542cb6-a59f-4e81-a0cf-c49f6a86df37,216501387,Commune de Cauterets (65),false,{65138},Commune,2026-03-24 14:42:06.665412+01,gold_establishments_2025,,,,21650138700015,2025,Collectivité Territoriale,Commune,['Hautes-Pyrénées'],['Occitanie'],COM,{65},{76}
27fa3182-15ed-4246-8487-cf71210fd41b,212701346,Commune de Cauverville-en-Roumois (27),false,{27134},Commune,2026-03-24 14:41:56.495197+01,gold_establishments_2025,,,,21270134600018,2025,Collectivité Territoriale,Commune,['Eure'],['Normandie'],COM,{27},{28}
c7cd5007-043e-4058-9f05-2be5014db24d,211401450,Commune de Cauvicourt (14),false,{14145},Commune,2026-03-24 14:41:53.63825+01,gold_establishments_2025,,,,21140145000013,2025,Collectivité Territoriale,Commune,['Calvados'],['Normandie'],COM,{14},{28}
ecdb6443-235f-4586-bb82-3706e716e7a3,213301138,Commune de Cauvignac (33),false,{33113},Commune,2026-03-24 14:41:58.09424+01,gold_establishments_2025,,,,21330113800011,2025,Collectivité Territoriale,Commune,['Gironde'],['Nouvelle-Aquitaine'],COM,{33},{75}
ce99a172-e8c3-4a07-bf71-504564d04deb,216001347,Commune de Cauvigny (60),false,{60135},Commune,2026-03-24 14:42:04.814328+01,gold_establishments_2025,,,,21600134700014,2025,Collectivité Territoriale,Commune,['Oise'],['Hauts-de-France'],COM,{60},{32}
ccee1bb9-b402-438b-befb-f096e5fc38d6,211401468,Commune de Cauville (14),false,{14146},Commune,2026-03-24 14:41:53.63825+01,gold_establishments_2025,,,,21140146800015,2025,Collectivité Territoriale,Commune,['Calvados'],['Normandie'],COM,{14},{28}
f25ad257-7760-4e30-a442-4b953200dbc8,217601673,Commune de Cauville-sur-Mer (76),false,{76167},Commune,2026-03-24 14:42:08.818969+01,gold_establishments_2025,,,,21760167300015,2025,Collectivité Territoriale,Commune,['Seine-Maritime'],['Normandie'],COM,{76},{28}
af8b4558-dd72-4a61-bd7e-b70987e166c3,213400633,Commune de Caux (34),false,{34063},Commune,2026-03-24 14:41:58.620411+01,gold_establishments_2025,,,,21340063300011,2025,Collectivité Territoriale,Commune,['Hérault'],['Occitanie'],COM,{34},{76}
8404d8ab-a501-4cb6-b19a-ba2ca1f2eb9e,211100847,Commune de Caux-et-Sauzens (11),false,{11084},Commune,2026-03-24 14:41:53.63825+01,gold_establishments_2025,,,,21110084700014,2025,Collectivité Territoriale,Commune,['Aude'],['Occitanie'],COM,{11},{76}
ccc1b1e4-3226-46ec-8c16-a25251a5201c,214700627,Commune de Cauzac (47),false,{47062},Commune,2026-03-24 14:42:00.862623+01,gold_establishments_2025,,,,21470062700018,2025,Collectivité Territoriale,Commune,['Lot-et-Garonne'],['Nouvelle-Aquitaine'],COM,{47},{75}
12fa7413-2b74-4744-b8c3-65c07602f2e7,214600652,Commune de Cavagnac (46),false,{46065},Commune,2026-03-24 14:42:00.862623+01,gold_establishments_2025,,,,21460065200017,2025,Collectivité Territoriale,Commune,['Lot'],['Occitanie'],COM,{46},{76}
e01fe10f-5a0f-4078-8895-686ddac242b4,218400356,Commune de Cavaillon (84),false,{84035},Commune,2026-03-24 14:42:10.508772+01,gold_establishments_2025,,,,21840035600018,2025,Collectivité Territoriale,Commune,['Vaucluse'],"[""Provence-Alpes-Côte d'Azur""]",COM,{84},{93}
b9449cc6-119c-492e-96e2-32eb435c604c,218300366,Commune de Cavalaire-sur-Mer (83),false,{83036},Commune,2026-03-24 14:42:10.508772+01,gold_establishments_2025,,,,21830036600018,2025,Collectivité Territoriale,Commune,['Var'],"[""Provence-Alpes-Côte d'Azur""]",COM,{83},{93}
634a4172-d031-4a28-bd60-6274a95c11a2,212200349,Commune de Cavan (22),false,{22034},Commune,2026-03-24 14:41:55.433389+01,gold_establishments_2025,,,,21220034900067,2025,Collectivité Territoriale,Commune,"[""Côtes-d'Armor""]",['Bretagne'],COM,{22},{53}
57219972-ba85-4bcd-bc75-3fc029f3b0a4,211100854,Commune de Cavanac (11),false,{11085},Commune,2026-03-24 14:41:53.63825+01,gold_establishments_2025,,,,21110085400010,2025,Collectivité Territoriale,Commune,['Aude'],['Occitanie'],COM,{11},{76}
8d59019c-af72-448e-a190-70798f1fe6cc,214700635,Commune de Cavarc (47),false,{47063},Commune,2026-03-24 14:42:00.862623+01,gold_establishments_2025,,,,21470063500011,2025,Collectivité Territoriale,Commune,['Lot-et-Garonne'],['Nouvelle-Aquitaine'],COM,{47},{75}
2d1bfd09-2353-48c8-a7f5-1b1ee933bc2d,213000755,Commune de Caveirac (30),false,{30075},Commune,2026-03-24 14:41:57.56054+01,gold_establishments_2025,,,,21300075500016,2025,Collectivité Territoriale,Commune,['Gard'],['Occitanie'],COM,{30},{76}
13c32e18-978d-48de-b7f2-13012cb4355a,211100862,Commune de Caves (11),false,{11086},Commune,2026-03-24 14:41:53.63825+01,gold_establishments_2025,,,,21110086200013,2025,Collectivité Territoriale,Commune,['Aude'],['Occitanie'],COM,{11},{76}
884f00da-4d9d-42c0-b218-fc91a8694326,213301146,Commune de Cavignac (33),false,{33114},Commune,2026-03-24 14:41:58.09424+01,gold_establishments_2025,,,,21330114600014,2025,Collectivité Territoriale,Commune,['Gironde'],['Nouvelle-Aquitaine'],COM,{33},{75}
b25c0e47-14ee-4ca2-bb42-d121fe456c07,215001066,Commune de Cavigny (50),false,{50106},Commune,2026-03-24 14:42:01.412377+01,gold_establishments_2025,,,,21500106600012,2025,Collectivité Territoriale,Commune,['Manche'],['Normandie'],COM,{50},{28}
bdd904d0-ccf9-4b0e-aeb7-af0064cff7f4,213000763,Commune de Cavillargues (30),false,{30076},Commune,2026-03-24 14:41:57.56054+01,gold_establishments_2025,,,,21300076300010,2025,Collectivité Territoriale,Commune,['Gard'],['Occitanie'],COM,{30},{76}
9741c4a2-b5f8-4a41-beee-67524fe0e52e,218001725,Commune de Cavillon (80),false,{80180},Commune,2026-03-24 14:42:09.967209+01,gold_establishments_2025,,,,21800172500017,2025,Collectivité Territoriale,Commune,['Somme'],['Hauts-de-France'],COM,{80},{32}
e0b3e935-d541-49d7-9ff2-9bd684db3010,216202200,Commune de Cavron-Saint-Martin (62),false,{62220},Commune,2026-03-24 14:42:05.597325+01,gold_establishments_2025,,,,21620220000012,2025,Collectivité Territoriale,Commune,['Pas-de-Calais'],['Hauts-de-France'],COM,{62},{32}
27138102-c438-449c-a944-3e01392087ed,210900882,Commune de Caychax-et-Senconac (09),false,{09088},Commune,2026-03-24 14:41:53.095366+01,gold_establishments_2025,,,,21090088200015,2025,Collectivité Territoriale,Commune,['Ariège'],['Occitanie'],COM,{09},{76}
c128b06b-3e3c-42b6-b58f-e989a137b333,219733029,Commune de Cayenne (973),false,{97302},Commune,2026-03-24 14:42:11.659493+01,gold_establishments_2025,,,,21973302900017,2025,Collectivité Territoriale,Commune,['Guyane'],['Guyane'],COM,{973},{03}
bf18665e-eb3b-461d-919b-0b94989d972b,218001733,Commune de Cayeux-en-Santerre (80),false,{80181},Commune,2026-03-24 14:42:09.967209+01,gold_establishments_2025,,,,21800173300011,2025,Collectivité Territoriale,Commune,['Somme'],['Hauts-de-France'],COM,{80},{32}
ca481d79-47c6-4b95-b253-fbee6df8dae9,218001741,Commune de Cayeux-sur-Mer (80),false,{80182},Commune,2026-03-24 14:42:09.967209+01,gold_establishments_2025,,,,21800174100014,2025,Collectivité Territoriale,Commune,['Somme'],['Hauts-de-France'],COM,{80},{32}
bb97d352-506a-4536-bf30-4ad816864c86,218200384,Commune de Caylus (82),false,{82038},Commune,2026-03-24 14:42:10.508772+01,gold_establishments_2025,,,,21820038400012,2025,Collectivité Territoriale,Commune,['Tarn-et-Garonne'],['Occitanie'],COM,{82},{76}
f376741b-1061-423b-b27f-d83f2fd2b502,218200392,Commune de Cayrac (82),false,{82039},Commune,2026-03-24 14:42:10.508772+01,gold_establishments_2025,,,,21820039200015,2025,Collectivité Territoriale,Commune,['Tarn-et-Garonne'],['Occitanie'],COM,{82},{76}
7b6f2a2d-27e5-458b-828e-9e87aedda91f,214300428,Commune de Cayres (43),false,{43042},Commune,2026-03-24 14:42:00.273698+01,gold_establishments_2025,,,,21430042800015,2025,Collectivité Territoriale,Commune,['Haute-Loire'],['Auvergne-Rhône-Alpes'],COM,{43},{84}
559b25ca-6cf2-445d-8870-0782304ea1d0,218200400,Commune de Cayriech (82),false,{82040},Commune,2026-03-24 14:42:10.508772+01,gold_establishments_2025,,,,21820040000016,2025,Collectivité Territoriale,Commune,['Tarn-et-Garonne'],['Occitanie'],COM,{82},{76}
f59100c4-4cf4-42df-a2b1-ff5192d64977,211500301,Commune de Cayrols (15),false,{15030},Commune,2026-03-24 14:41:54.362296+01,gold_establishments_2025,,,,21150030100018,2025,Collectivité Territoriale,Commune,['Cantal'],['Auvergne-Rhône-Alpes'],COM,{15},{84}
c530896b-c0d6-47cd-ba68-00b49a65bad1,213105935,Commune de Cazac (31),false,{31593},Commune,2026-03-24 14:41:58.09424+01,gold_establishments_2025,,,,21310593500018,2025,Collectivité Territoriale,Commune,['Haute-Garonne'],['Occitanie'],COM,{31},{76}
8fc3fb41-7fbe-4f18-a60e-0db47797c16d,213301153,Commune de Cazalis (33),false,{33115},Commune,2026-03-24 14:41:58.09424+01,gold_establishments_2025,,,,21330115300010,2025,Collectivité Territoriale,Commune,['Gironde'],['Nouvelle-Aquitaine'],COM,{33},{75}
9357e19b-fcd9-457c-84ee-e256c2fffc76,214000796,Commune de Cazalis (40),false,{40079},Commune,2026-03-24 14:41:59.705606+01,gold_establishments_2025,,,,21400079600018,2025,Collectivité Territoriale,Commune,['Landes'],['Nouvelle-Aquitaine'],COM,{40},{75}
a5957d7b-fa58-4ca9-a9c7-e00573d2e3d6,211100870,Commune de Cazalrenoux (11),false,{11087},Commune,2026-03-24 14:41:53.63825+01,gold_establishments_2025,,,,21110087000016,2025,Collectivité Territoriale,Commune,['Aude'],['Occitanie'],COM,{11},{76}
beebe965-85de-4001-93ab-7501ff8afe99,214600660,Commune de Cazals (46),false,{46066},Commune,2026-03-24 14:42:00.862623+01,gold_establishments_2025,,,,21460066000010,2025,Collectivité Territoriale,Commune,['Lot'],['Occitanie'],COM,{46},{76}
a443887c-70eb-4ca1-977d-24d202d0ed9e,218200418,Commune de Cazals (82),false,{82041},Commune,2026-03-24 14:42:10.508772+01,gold_establishments_2025,,,,21820041800018,2025,Collectivité Territoriale,Commune,['Tarn-et-Garonne'],['Occitanie'],COM,{82},{76}
2070555b-3650-4983-882b-066d5107195e,210900890,Commune de Cazals-des-Baylès (09),false,{09089},Commune,2026-03-24 14:41:53.095366+01,gold_establishments_2025,,,,21090089000018,2025,Collectivité Territoriale,Commune,['Ariège'],['Occitanie'],COM,{09},{76}
504ea264-7a13-4d55-9587-51430923ba0d,213101306,Commune de Cazaril-Tambourès (31),false,{31130},Commune,2026-03-24 14:41:57.56054+01,gold_establishments_2025,,,,21310130600016,2025,Collectivité Territoriale,Commune,['Haute-Garonne'],['Occitanie'],COM,{31},{76}
ee6eac28-7502-4974-8848-c47c0f855198,216501395,Commune de Cazarilh (65),false,{65139},Commune,2026-03-24 14:42:06.665412+01,gold_establishments_2025,,,,21650139500018,2025,Collectivité Territoriale,Commune,['Hautes-Pyrénées'],['Occitanie'],COM,{65},{76}
e1fbf258-6193-4abc-91f3-cef511d60fe4,213101298,Commune de Cazarilh-Laspènes (31),false,{31129},Commune,2026-03-24 14:41:57.56054+01,gold_establishments_2025,,,,21310129800015,2025,Collectivité Territoriale,Commune,['Haute-Garonne'],['Occitanie'],COM,{31},{76}
b4b0c7ce-12ea-45c3-859d-47fa1c4ff1ff,213301161,Commune de Cazats (33),false,{33116},Commune,2026-03-24 14:41:58.09424+01,gold_establishments_2025,,,,21330116100013,2025,Collectivité Territoriale,Commune,['Gironde'],['Nouvelle-Aquitaine'],COM,{33},{75}
428522d7-7fe8-4d7c-bd96-e267a9e79b5c,213200967,Commune de Cazaubon (32),false,{32096},Commune,2026-03-24 14:41:58.09424+01,gold_establishments_2025,,,,21320096700015,2025,Collectivité Territoriale,Commune,['Gers'],['Occitanie'],COM,{32},{76}
a77ec954-5614-4045-9d75-0fe6bf63ef53,213301179,Commune de Cazaugitat (33),false,{33117},Commune,2026-03-24 14:41:58.09424+01,gold_establishments_2025,,,,21330117900015,2025,Collectivité Territoriale,Commune,['Gironde'],['Nouvelle-Aquitaine'],COM,{33},{75}
aa803376-6e39-4177-9248-20bb93b4c0f1,213101314,Commune de Cazaunous (31),false,{31131},Commune,2026-03-24 14:41:57.56054+01,gold_establishments_2025,,,,21310131400010,2025,Collectivité Territoriale,Commune,['Haute-Garonne'],['Occitanie'],COM,{31},{76}
88626444-9817-465e-b5a2-529b338a10aa,210900908,Commune de Cazaux (09),false,{09090},Commune,2026-03-24 14:41:53.095366+01,gold_establishments_2025,,,,21090090800018,2025,Collectivité Territoriale,Commune,['Ariège'],['Occitanie'],COM,{09},{76}
92fbba3a-431c-4843-81b2-83ff45d1cb03,216501403,Commune de Cazaux-Debat (65),false,{65140},Commune,2026-03-24 14:42:06.665412+01,gold_establishments_2025,,,,21650140300010,2025,Collectivité Territoriale,Commune,['Hautes-Pyrénées'],['Occitanie'],COM,{65},{76}
69a5f99f-881d-4752-bdf5-f52f8c511f21,216501411,Commune de Cazaux-Fréchet-Anéran-Camors (65),false,{65141},Commune,2026-03-24 14:42:06.665412+01,gold_establishments_2025,,,,21650141100013,2025,Collectivité Territoriale,Commune,['Hautes-Pyrénées'],['Occitanie'],COM,{65},{76}
75874b16-d763-4ce2-a811-6a66c6b4341f,213101322,Commune de Cazaux-Layrisse (31),false,{31132},Commune,2026-03-24 14:41:57.56054+01,gold_establishments_2025,,,,21310132200013,2025,Collectivité Territoriale,Commune,['Haute-Garonne'],['Occitanie'],COM,{31},{76}
996e7efb-a808-4b8f-aa65-d7e84d6d43ec,213200983,Commune de Cazaux-Savès (32),false,{32098},Commune,2026-03-24 14:41:58.09424+01,gold_establishments_2025,,,,21320098300012,2025,Collectivité Territoriale,Commune,['Gers'],['Occitanie'],COM,{32},{76}
596d3671-2cf5-4bf7-847e-a3f14915a3ec,213200991,Commune de Cazaux-Villecomtal (32),false,{32099},Commune,2026-03-24 14:41:58.09424+01,gold_establishments_2025,,,,21320099100015,2025,Collectivité Territoriale,Commune,['Gers'],['Occitanie'],COM,{32},{76}
df93af2d-de1f-4de9-a56a-3e7fdb366612,213200975,Commune de Cazaux-d'Anglès (32),false,{32097},Commune,2026-03-24 14:41:58.09424+01,gold_establishments_2025,,,,21320097500018,2025,Collectivité Territoriale,Commune,['Gers'],['Occitanie'],COM,{32},{76}
ef4c0246-c6dd-4e08-bfd7-58cdf3e7c7b8,210900916,Commune de Cazavet (09),false,{09091},Commune,2026-03-24 14:41:53.095366+01,gold_establishments_2025,,,,21090091600011,2025,Collectivité Territoriale,Commune,['Ariège'],['Occitanie'],COM,{09},{76}
f835f1c4-5005-41ad-9e6e-117120735284,213101330,Commune de Cazeaux-de-Larboust (31),false,{31133},Commune,2026-03-24 14:41:57.56054+01,gold_establishments_2025,,,,21310133000016,2025,Collectivité Territoriale,Commune,['Haute-Garonne'],['Occitanie'],COM,{31},{76}
447e3b62-d199-41b3-b14d-6f26e392fbf0,213400658,Commune de Cazedarnes (34),false,{34065},Commune,2026-03-24 14:41:58.620411+01,gold_establishments_2025,,,,21340065800018,2025,Collectivité Territoriale,Commune,['Hérault'],['Occitanie'],COM,{34},{76}
168551a4-2a38-4bc8-9559-9cd23ef07339,210900924,Commune de Cazenave-Serres-et-Allens (09),false,{09092},Commune,2026-03-24 14:41:53.095366+01,gold_establishments_2025,,,,21090092400015,2025,Collectivité Territoriale,Commune,['Ariège'],['Occitanie'],COM,{09},{76}
826ee48f-f1c7-4cfa-86b9-a7dde81b214a,213201007,Commune de Cazeneuve (32),false,{32100},Commune,2026-03-24 14:41:58.09424+01,gold_establishments_2025,,,,21320100700019,2025,Collectivité Territoriale,Commune,['Gers'],['Occitanie'],COM,{32},{76}
acead13d-3675-43e5-b479-72ed0cf6fd64,213101348,Commune de Cazeneuve-Montaut (31),false,{31134},Commune,2026-03-24 14:41:57.56054+01,gold_establishments_2025,,,,21310134800018,2025,Collectivité Territoriale,Commune,['Haute-Garonne'],['Occitanie'],COM,{31},{76}
85d04c56-7a9c-4422-ab45-1c6d33346f59,218200426,Commune de Cazes-Mondenard (82),false,{82042},Commune,2026-03-24 14:42:10.508772+01,gold_establishments_2025,,,,21820042600011,2025,Collectivité Territoriale,Commune,['Tarn-et-Garonne'],['Occitanie'],COM,{82},{76}
ec339b67-4414-4d0d-9198-77edaa8b98dc,213400666,Commune de Cazevieille (34),false,{34066},Commune,2026-03-24 14:41:58.620411+01,gold_establishments_2025,,,,21340066600011,2025,Collectivité Territoriale,Commune,['Hérault'],['Occitanie'],COM,{34},{76}
333f7050-5f9d-4cdd-aec6-44b12f4be2f2,214700643,Commune de Cazideroque (47),false,{47064},Commune,2026-03-24 14:42:00.862623+01,gold_establishments_2025,,,,21470064300015,2025,Collectivité Territoriale,Commune,['Lot-et-Garonne'],['Nouvelle-Aquitaine'],COM,{47},{75}
3106b176-cdce-4dcb-8d67-7302c026d070,211100888,Commune de Cazilhac (11),false,{11088},Commune,2026-03-24 14:41:53.63825+01,gold_establishments_2025,,,,21110088800018,2025,Collectivité Territoriale,Commune,['Aude'],['Occitanie'],COM,{11},{76}
a6b691dc-cc16-43c4-b976-b50fed1fe399,213400674,Commune de Cazilhac (34),false,{34067},Commune,2026-03-24 14:41:58.620411+01,gold_establishments_2025,,,,21340067400015,2025,Collectivité Territoriale,Commune,['Hérault'],['Occitanie'],COM,{34},{76}
b62a5739-efc7-4b6e-a038-935442f2712b,213400682,Commune de Cazouls-d'Hérault (34),false,{34068},Commune,2026-03-24 14:41:58.620411+01,gold_establishments_2025,,,,21340068200018,2025,Collectivité Territoriale,Commune,['Hérault'],['Occitanie'],COM,{34},{76}
606f11bf-aa5c-4d54-be3d-03e827bf97da,213400690,Commune de Cazouls-lès-Béziers (34),false,{34069},Commune,2026-03-24 14:41:58.620411+01,gold_establishments_2025,,,,21340069000011,2025,Collectivité Territoriale,Commune,['Hérault'],['Occitanie'],COM,{34},{76}
263a6264-c44d-4302-91f7-5fe5a9a08c45,213101355,Commune de Cazères (31),false,{31135},Commune,2026-03-24 14:41:57.56054+01,gold_establishments_2025,,,,21310135500013,2025,Collectivité Territoriale,Commune,['Haute-Garonne'],['Occitanie'],COM,{31},{76}
6baedf15-3937-455f-b1d8-d54a5f7e9936,214000804,Commune de Cazères-sur-l'Adour (40),false,{40080},Commune,2026-03-24 14:41:59.705606+01,gold_establishments_2025,,,,21400080400010,2025,Collectivité Territoriale,Commune,['Landes'],['Nouvelle-Aquitaine'],COM,{40},{75}
757e86d5-26cb-404d-8d22-b16e69df2cce,215901208,Commune de Caëstre (59),false,{59120},Commune,2026-03-24 14:42:04.280096+01,gold_establishments_2025,,,,21590120800011,2025,Collectivité Territoriale,Commune,['Nord'],['Hauts-de-France'],COM,{59},{32}
d85569ff-14f3-47f4-b00e-8a44a8f99d18,216100750,Commune de Ceaucé (61),false,{61075},Commune,2026-03-24 14:42:04.814328+01,gold_establishments_2025,,,,21610075000019,2025,Collectivité Territoriale,Commune,['Orne'],['Normandie'],COM,{61},{28}
c6d30101-d5d7-458e-99d1-bdb824341d28,213600323,Commune de Ceaulmont (36),false,{36032},Commune,2026-03-24 14:41:59.160244+01,gold_establishments_2025,,,,21360032300017,2025,Collectivité Territoriale,Commune,['Indre'],['Centre-Val de Loire'],COM,{36},{24}
208eed3e-7619-4fe6-8068-f1fa7deac769,218600443,Commune de Ceaux-en-Loudun (86),false,{86044},Commune,2026-03-24 14:42:10.508772+01,gold_establishments_2025,,,,21860044300012,2025,Collectivité Territoriale,Commune,['Vienne'],['Nouvelle-Aquitaine'],COM,{86},{75}
f89aeb69-268b-4a23-b98e-773e7cff12da,215200601,Commune de Ceffonds (52),false,{52088},Commune,2026-03-24 14:42:01.954481+01,gold_establishments_2025,,,,21520060100015,2025,Collectivité Territoriale,Commune,['Haute-Marne'],['Grand Est'],COM,{52},{44}
92919f78-35c7-443c-a50e-c7b7393f832f,210100673,Commune de Ceignes (01),false,{01067},Commune,2026-03-24 14:41:51.447482+01,gold_establishments_2025,,,,21010067300016,2025,Collectivité Territoriale,Commune,['Ain'],['Auvergne-Rhône-Alpes'],COM,{01},{84}
f7f72dfe-d564-4cac-830d-4af52346ed46,213400716,Commune de Ceilhes-et-Rocozels (34),false,{34071},Commune,2026-03-24 14:41:58.620411+01,gold_establishments_2025,,,,21340071600014,2025,Collectivité Territoriale,Commune,['Hérault'],['Occitanie'],COM,{34},{76}
beda443f-6258-4541-a9e8-01b4e9791efc,210500260,Commune de Ceillac (05),false,{05026},Commune,2026-03-24 14:41:52.562531+01,gold_establishments_2025,,,,21050026000018,2025,Collectivité Territoriale,Commune,['Hautes-Alpes'],"[""Provence-Alpes-Côte d'Azur""]",COM,{05},{93}
370c9776-ad83-4aff-aca6-b3ba41f01482,216300657,Commune de Ceilloux (63),false,{63065},Commune,2026-03-24 14:42:06.130387+01,gold_establishments_2025,,,,21630065700014,2025,Collectivité Territoriale,Commune,['Puy-de-Dôme'],['Auvergne-Rhône-Alpes'],COM,{63},{84}
cf8d8d29-1bc9-4434-bd4b-cccd6248faaf,215401092,Commune de Ceintrey (54),false,{54109},Commune,2026-03-24 14:42:02.957225+01,gold_establishments_2025,,,,21540109200014,2025,Collectivité Territoriale,Commune,['Meurthe-et-Moselle'],['Grand Est'],COM,{54},{44}
62d2d11a-1b4f-441d-8faf-adc23a93eb20,218600450,Commune de Celle-Lévescault (86),false,{86045},Commune,2026-03-24 14:42:10.508772+01,gold_establishments_2025,,,,21860045000017,2025,Collectivité Territoriale,Commune,['Vienne'],['Nouvelle-Aquitaine'],COM,{86},{75}
90683c73-df16-4608-a8d4-e46555806cc4,211600689,Commune de Cellefrouin (16),false,{16068},Commune,2026-03-24 14:41:54.362296+01,gold_establishments_2025,,,,21160068900015,2025,Collectivité Territoriale,Commune,['Charente'],['Nouvelle-Aquitaine'],COM,{16},{75}
bc5291f0-8c0e-456e-a31b-8fd568dff5aa,210900932,Commune de Celles (09),false,{09093},Commune,2026-03-24 14:41:53.095366+01,gold_establishments_2025,,,,21090093200018,2025,Collectivité Territoriale,Commune,['Ariège'],['Occitanie'],COM,{09},{76}
b32477f7-f9ad-45cb-a39e-85c0cca211f6,211700760,Commune de Celles (17),false,{17076},Commune,2026-03-24 14:41:54.903238+01,gold_establishments_2025,,,,21170076000013,2025,Collectivité Territoriale,Commune,['Charente-Maritime'],['Nouvelle-Aquitaine'],COM,{17},{75}
c492b3db-98c1-4f60-9708-fbfbb13fe266,212400907,Commune de Celles (24),false,{24090},Commune,2026-03-24 14:41:55.958138+01,gold_establishments_2025,,,,21240090700011,2025,Collectivité Territoriale,Commune,['Dordogne'],['Nouvelle-Aquitaine'],COM,{24},{75}
6a26bcf6-7f96-434d-b904-f6d054b80e7f,213400724,Commune de Celles (34),false,{34072},Commune,2026-03-24 14:41:58.620411+01,gold_establishments_2025,,,,21340072400018,2025,Collectivité Territoriale,Commune,['Hérault'],['Occitanie'],COM,{34},{76}
36c05ddb-9037-4f5c-a633-2d78efd8c897,215200619,Commune de Celles-en-Bassigny (52),false,{52089},Commune,2026-03-24 14:42:01.954481+01,gold_establishments_2025,,,,21520061900017,2025,Collectivité Territoriale,Commune,['Haute-Marne'],['Grand Est'],COM,{52},{44}
67bc42f9-9650-4a58-a0fd-9eb5e762d69b,210201331,Commune de Celles-lès-Condé (02),false,{02146},Commune,2026-03-24 14:41:51.447482+01,gold_establishments_2025,,,,21020133100019,2025,Collectivité Territoriale,Commune,['Aisne'],['Hauts-de-France'],COM,{02},{32}
8d7ad1c8-48cd-465c-b752-7e1cde1da624,210201356,Commune de Celles-sur-Aisne (02),false,{02148},Commune,2026-03-24 14:41:51.447482+01,gold_establishments_2025,,,,21020135600016,2025,Collectivité Territoriale,Commune,['Aisne'],['Hauts-de-France'],COM,{02},{32}
47157379-33cf-4473-85e5-b95fac86d1ff,200083897,Commune de Celles-sur-Belle (79),false,{79061},Commune,2026-03-24 14:42:09.43682+01,gold_establishments_2025,,,,20008389700013,2025,Collectivité Territoriale,Commune,['Deux-Sèvres'],['Nouvelle-Aquitaine'],COM,{79},{75}
719bc29b-be9e-4d5f-8547-f54d50d3d7fd,216300665,Commune de Celles-sur-Durolle (63),false,{63066},Commune,2026-03-24 14:42:06.130387+01,gold_establishments_2025,,,,21630066500017,2025,Collectivité Territoriale,Commune,['Puy-de-Dôme'],['Auvergne-Rhône-Alpes'],COM,{63},{84}
96e0a6ca-24af-4e8d-8efc-57490229eff4,211000658,Commune de Celles-sur-Ource (10),false,{10070},Commune,2026-03-24 14:41:53.095366+01,gold_establishments_2025,,,,21100065800016,2025,Collectivité Territoriale,Commune,['Aube'],['Grand Est'],COM,{10},{44}
fe2bf397-249b-426e-8c3c-3a8c8e65a082,218800829,Commune de Celles-sur-Plaine (88),false,{88082},Commune,2026-03-24 14:42:11.118516+01,gold_establishments_2025,,,,21880082900010,2025,Collectivité Territoriale,Commune,['Vosges'],['Grand Est'],COM,{88},{44}
7f4ef9dc-1bfd-4c2c-b479-1a230310707b,211600697,Commune de Cellettes (16),false,{16069},Commune,2026-03-24 14:41:54.362296+01,gold_establishments_2025,,,,21160069700018,2025,Collectivité Territoriale,Commune,['Charente'],['Nouvelle-Aquitaine'],COM,{16},{75}
74fba0c1-6d44-4630-9acb-d4fadf6758de,214100315,Commune de Cellettes (41),false,{41031},Commune,2026-03-24 14:42:00.273698+01,gold_establishments_2025,,,,21410031500016,2025,Collectivité Territoriale,Commune,['Loir-et-Cher'],['Centre-Val de Loire'],COM,{41},{24}
22d0247a-59b4-4e46-b7fd-75ea6f80d5cc,210700472,Commune de Cellier-du-Luc (07),false,{07047},Commune,2026-03-24 14:41:52.562531+01,gold_establishments_2025,,,,21070047200017,2025,Collectivité Territoriale,Commune,['Ardèche'],['Auvergne-Rhône-Alpes'],COM,{07},{84}
d3fdae89-7962-4443-8eee-23d04f1f43d1,214200321,Commune de Cellieu (42),false,{42032},Commune,2026-03-24 14:42:00.273698+01,gold_establishments_2025,,,,21420032100013,2025,Collectivité Territoriale,Commune,['Loire'],['Auvergne-Rhône-Alpes'],COM,{42},{84}
30d198da-04be-4869-b7a9-2b974729635c,214100307,Commune de Cellé (41),false,{41030},Commune,2026-03-24 14:42:00.273698+01,gold_establishments_2025,,,,21410030700013,2025,Collectivité Territoriale,Commune,['Loir-et-Cher'],['Centre-Val de Loire'],COM,{41},{24}
05abfd73-f06e-4360-800d-4aaf03b1c4ba,213600331,Commune de Celon (36),false,{36033},Commune,2026-03-24 14:41:59.160244+01,gold_establishments_2025,,,,21360033100010,2025,Collectivité Territoriale,Commune,['Indre'],['Centre-Val de Loire'],COM,{36},{24}
7b8eb5c9-e69c-4c53-93c4-edb77a07dab7,211500327,Commune de Celoux (15),false,{15032},Commune,2026-03-24 14:41:54.362296+01,gold_establishments_2025,,,,21150032700013,2025,Collectivité Territoriale,Commune,['Cantal'],['Auvergne-Rhône-Alpes'],COM,{15},{84}
f44b9bf6-59c6-4d6f-ac2c-c72d7d10de31,215200627,Commune de Celsoy (52),false,{52090},Commune,2026-03-24 14:42:01.954481+01,gold_establishments_2025,,,,21520062700010,2025,Collectivité Territoriale,Commune,['Haute-Marne'],['Grand Est'],COM,{52},{44}
989b7a28-b36e-47ff-b436-2ff8861ce637,217001122,Commune de Cemboing (70),false,{70112},Commune,2026-03-24 14:42:07.735343+01,gold_establishments_2025,,,,21700112200019,2025,Collectivité Territoriale,Commune,['Haute-Saône'],['Bourgogne-Franche-Comté'],COM,{70},{27}
182ed925-9656-406b-893f-2136d714c242,216001354,Commune de Cempuis (60),false,{60136},Commune,2026-03-24 14:42:04.814328+01,gold_establishments_2025,,,,21600135400010,2025,Collectivité Territoriale,Commune,['Oise'],['Hauts-de-France'],COM,{60},{32}
fb697160-51f1-4467-b535-23ca0262374b,217001130,Commune de Cenans (70),false,{70113},Commune,2026-03-24 14:42:07.735343+01,gold_establishments_2025,,,,21700113000012,2025,Collectivité Territoriale,Commune,['Haute-Saône'],['Bourgogne-Franche-Comté'],COM,{70},{27}
cf2a34f6-7591-4313-bef0-c3e3b2648bb4,213000771,Commune de Cendras (30),false,{30077},Commune,2026-03-24 14:41:57.56054+01,gold_establishments_2025,,,,21300077100013,2025,Collectivité Territoriale,Commune,['Gard'],['Occitanie'],COM,{30},{76}
c5ff7907-6d24-4ec5-9b18-eef181bbe8ee,217001148,Commune de Cendrecourt (70),false,{70114},Commune,2026-03-24 14:42:07.735343+01,gold_establishments_2025,,,,21700114800014,2025,Collectivité Territoriale,Commune,['Haute-Saône'],['Bourgogne-Franche-Comté'],COM,{70},{27}
6ca7706f-0dc6-4bc5-b3a8-54890c0e5611,212501076,Commune de Cendrey (25),false,{25107},Commune,2026-03-24 14:41:56.495197+01,gold_establishments_2025,,,,21250107600013,2025,Collectivité Territoriale,Commune,['Doubs'],['Bourgogne-Franche-Comté'],COM,{25},{27}
58390e9e-8c55-46b2-a558-ddf3c1b90e96,211100896,Commune de Cenne-Monestiés (11),false,{11089},Commune,2026-03-24 14:41:53.63825+01,gold_establishments_2025,,,,21110089600011,2025,Collectivité Territoriale,Commune,['Aude'],['Occitanie'],COM,{11},{76}
38fd51f2-ca9f-40a7-b9b9-b2038a220d33,213301195,Commune de Cenon (33),false,{33119},Commune,2026-03-24 14:41:58.09424+01,gold_establishments_2025,,,,21330119500011,2025,Collectivité Territoriale,Commune,['Gironde'],['Nouvelle-Aquitaine'],COM,{33},{75}
7316d162-8df8-4045-a0ee-719f1e8dfe9f,218600468,Commune de Cenon-sur-Vienne (86),false,{86046},Commune,2026-03-24 14:42:10.508772+01,gold_establishments_2025,,,,21860046800019,2025,Collectivité Territoriale,Commune,['Vienne'],['Nouvelle-Aquitaine'],COM,{86},{75}
92a87c3f-620b-4dfc-bba6-de94a2100eb5,213900830,Commune de Censeau (39),false,{39083},Commune,2026-03-24 14:41:59.705606+01,gold_establishments_2025,,,,21390083000018,2025,Collectivité Territoriale,Commune,['Jura'],['Bourgogne-Franche-Comté'],COM,{39},{27}
6be94803-5373-4693-a935-9d5f09c5ee45,212101240,Commune de Censerey (21),false,{21124},Commune,2026-03-24 14:41:55.433389+01,gold_establishments_2025,,,,21210124000019,2025,Collectivité Territoriale,Commune,"[""Côte-d'Or""]",['Bourgogne-Franche-Comté'],COM,{21},{27}
96692822-59b3-4dc0-8209-b1016deaffde,218900645,Commune de Censy (89),false,{89064},Commune,2026-03-24 14:42:11.118516+01,gold_establishments_2025,,,,21890064500019,2025,Collectivité Territoriale,Commune,['Yonne'],['Bourgogne-Franche-Comté'],COM,{89},{27}
460f3dec-0aad-4219-850e-a20579ce85e4,211200654,Commune de Centrès (12),false,{12065},Commune,2026-03-24 14:41:53.63825+01,gold_establishments_2025,,,,21120065400013,2025,Collectivité Territoriale,Commune,['Aveyron'],['Occitanie'],COM,{12},{76}
cc3792c0-3371-4412-9589-9916efbf81b5,212000863,Commune de Centuri (2B),false,{2B086},Commune,2026-03-24 14:41:57.56054+01,gold_establishments_2025,,,,21200086300010,2025,Collectivité Territoriale,Commune,['Haute-Corse'],['Corse'],COM,{2B},{94}
5dfdf12b-673e-4764-9e24-a454f2068823,216900357,Commune de Cenves (69),false,{69035},Commune,2026-03-24 14:42:07.195692+01,gold_establishments_2025,,,,21690035700015,2025,Collectivité Territoriale,Commune,['Rhône'],['Auvergne-Rhône-Alpes'],COM,{69},{84}
b5b66e3c-df46-45ae-8975-96faec83eda9,214500613,Commune de Cepoy (45),false,{45061},Commune,2026-03-24 14:42:00.862623+01,gold_establishments_2025,,,,21450061300010,2025,Collectivité Territoriale,Commune,['Loiret'],['Centre-Val de Loire'],COM,{45},{24}
398ff822-5b54-44d3-b7cc-52cf8efb4710,211800446,Commune de Cerbois (18),false,{18044},Commune,2026-03-24 14:41:54.903238+01,gold_establishments_2025,,,,21180044600018,2025,Collectivité Territoriale,Commune,['Cher'],['Centre-Val de Loire'],COM,{18},{24}
ab8918e1-0327-40d9-ad57-efb2efeb1c3a,216600486,Commune de Cerbère (66),false,{66048},Commune,2026-03-24 14:42:06.665412+01,gold_establishments_2025,,,,21660048600015,2025,Collectivité Territoriale,Commune,['Pyrénées-Orientales'],['Occitanie'],COM,{66},{76}
ce6c7bb1-5cf8-4da0-b9bd-98b690212739,217400514,Commune de Cercier (74),false,{74051},Commune,2026-03-24 14:42:08.279287+01,gold_establishments_2025,,,,21740051400014,2025,Collectivité Territoriale,Commune,['Haute-Savoie'],['Auvergne-Rhône-Alpes'],COM,{74},{84}
7116c014-12bf-42f1-a0c7-69bbc765fbe4,216900365,Commune de Cercié (69),false,{69036},Commune,2026-03-24 14:42:07.195692+01,gold_establishments_2025,,,,21690036500018,2025,Collectivité Territoriale,Commune,['Rhône'],['Auvergne-Rhône-Alpes'],COM,{69},{84}
3bbde64e-fe9a-407a-9e3b-8e830352d994,214500621,Commune de Cercottes (45),false,{45062},Commune,2026-03-24 14:42:00.862623+01,gold_establishments_2025,,,,21450062100013,2025,Collectivité Territoriale,Commune,['Loiret'],['Centre-Val de Loire'],COM,{45},{24}
a30e7f10-defc-4c62-bc8a-d9690ab7fee3,211700778,Commune de Cercoux (17),false,{17077},Commune,2026-03-24 14:41:54.903238+01,gold_establishments_2025,,,,21170077800015,2025,Collectivité Territoriale,Commune,['Charente-Maritime'],['Nouvelle-Aquitaine'],COM,{17},{75}
f682b38f-1e28-4ad6-acf6-36ece4fb9bc7,215800467,Commune de Cercy-la-Tour (58),false,{58046},Commune,2026-03-24 14:42:04.280096+01,gold_establishments_2025,,,,21580046700015,2025,Collectivité Territoriale,Commune,['Nièvre'],['Bourgogne-Franche-Comté'],COM,{58},{27}
01bbe932-4fa7-4ae6-b05c-8b303b85c5fa,210100681,Commune de Cerdon (01),false,{01068},Commune,2026-03-24 14:41:51.447482+01,gold_establishments_2025,,,,21010068100019,2025,Collectivité Territoriale,Commune,['Ain'],['Auvergne-Rhône-Alpes'],COM,{01},{84}
4a99b91a-5280-4f37-97e0-3cf8c7229d4e,214500639,Commune de Cerdon (45),false,{45063},Commune,2026-03-24 14:42:00.862623+01,gold_establishments_2025,,,,21450063900015,2025,Collectivité Territoriale,Commune,['Loiret'],['Centre-Val de Loire'],COM,{45},{24}
9c563cdb-b9be-4cd4-b39e-0e9f3d9df0e5,213700479,Commune de Cerelles (37),false,{37047},Commune,2026-03-24 14:41:59.160244+01,gold_establishments_2025,,,,21370047900016,2025,Collectivité Territoriale,Commune,['Indre-et-Loire'],['Centre-Val de Loire'],COM,{37},{24}
2a204b07-d8d6-491a-8af6-4a28ebae1c9e,215901422,Commune de Cerfontaine (59),false,{59142},Commune,2026-03-24 14:42:04.280096+01,gold_establishments_2025,,,,21590142200018,2025,Collectivité Territoriale,Commune,['Nord'],['Hauts-de-France'],COM,{59},{32}
f448878f-fea1-4540-a3fc-f9b9552b0167,219501277,Commune de Cergy (95),false,{95127},Commune,2026-03-24 14:42:11.659493+01,gold_establishments_2025,,,,21950127700897,2025,Collectivité Territoriale,Commune,"[""Val-d'Oise""]",['Île-de-France'],COM,{95},{11}
ce4edbb3-f1fe-4746-9b4c-c8bb9e017528,218900660,Commune de Cerisiers (89),false,{89066},Commune,2026-03-24 14:42:11.118516+01,gold_establishments_2025,,,,21890066000018,2025,Collectivité Territoriale,Commune,['Yonne'],['Bourgogne-Franche-Comté'],COM,{89},{27}
63c7e518-eeba-45ff-b641-4db75c071f5e,215200635,Commune de Cerisières (52),false,{52091},Commune,2026-03-24 14:42:01.954481+01,gold_establishments_2025,,,,21520063500013,2025,Collectivité Territoriale,Commune,['Haute-Marne'],['Grand Est'],COM,{52},{44}
150beff3-11b7-4fd4-9d95-df31d198e462,218001766,Commune de Cerisy (80),false,{80184},Commune,2026-03-24 14:42:09.967209+01,gold_establishments_2025,,,,21800176600011,2025,Collectivité Territoriale,Commune,['Somme'],['Hauts-de-France'],COM,{80},{32}
198844a5-9523-46de-a2c4-6018600d13ed,216100784,Commune de Cerisy-Belle-Étoile (61),false,{61078},Commune,2026-03-24 14:42:04.814328+01,gold_establishments_2025,,,,21610078400018,2025,Collectivité Territoriale,Commune,['Orne'],['Normandie'],COM,{61},{28}
11b15a63-9a58-4208-9fcd-053382be8c7c,218001758,Commune de Cerisy-Buleux (80),false,{80183},Commune,2026-03-24 14:42:09.967209+01,gold_establishments_2025,,,,21800175800018,2025,Collectivité Territoriale,Commune,['Somme'],['Hauts-de-France'],COM,{80},{32}
5b399c89-ec96-4019-a00a-1f482b44f278,215001108,Commune de Cerisy-la-Forêt (50),false,{50110},Commune,2026-03-24 14:42:01.412377+01,gold_establishments_2025,,,,21500110800012,2025,Collectivité Territoriale,Commune,['Manche'],['Normandie'],COM,{50},{28}
2943e260-c801-4619-b663-0d0ebfa4a3a4,215001116,Commune de Cerisy-la-Salle (50),false,{50111},Commune,2026-03-24 14:42:01.412377+01,gold_establishments_2025,,,,21500111600015,2025,Collectivité Territoriale,Commune,['Manche'],['Normandie'],COM,{50},{28}
e31ce9d5-6f1c-4201-b409-cfd0e281f98d,216100776,Commune de Cerisé (61),false,{61077},Commune,2026-03-24 14:42:04.814328+01,gold_establishments_2025,,,,21610077600014,2025,Collectivité Territoriale,Commune,['Orne'],['Normandie'],COM,{61},{28}
36c5d062-2d20-4e01-bb73-35acfdb81a27,217900620,Commune de Cerizay (79),false,{79062},Commune,2026-03-24 14:42:09.43682+01,gold_establishments_2025,,,,21790062000014,2025,Collectivité Territoriale,Commune,['Deux-Sèvres'],['Nouvelle-Aquitaine'],COM,{79},{75}
0f6d3607-3b48-4a38-9cc9-ece1c1128bc1,210201364,Commune de Cerizy (02),false,{02149},Commune,2026-03-24 14:41:51.447482+01,gold_establishments_2025,,,,21020136400010,2025,Collectivité Territoriale,Commune,['Aisne'],['Hauts-de-France'],COM,{02},{32}
3dce401b-23e0-453e-b0c5-66220bf3c330,213900848,Commune de Cernans (39),false,{39084},Commune,2026-03-24 14:41:59.705606+01,gold_establishments_2025,,,,21390084800010,2025,Collectivité Territoriale,Commune,['Jura'],['Bourgogne-Franche-Comté'],COM,{39},{27}
b6437a50-ece6-48c0-8d59-f6ba579b1b35,211401476,Commune de Cernay (14),false,{14147},Commune,2026-03-24 14:41:53.63825+01,gold_establishments_2025,,,,21140147600018,2025,Collectivité Territoriale,Commune,['Calvados'],['Normandie'],COM,{14},{28}
635185f0-8ddc-4343-b403-4e23b4d5c0f2,212800676,Commune de Cernay (28),false,{28067},Commune,2026-03-24 14:41:57.028721+01,gold_establishments_2025,,,,21280067600018,2025,Collectivité Territoriale,Commune,['Eure-et-Loir'],['Centre-Val de Loire'],COM,{28},{24}
c6a4c13f-9fc2-4350-94eb-c65f7fea3bf3,216800631,Commune de Cernay (68),false,{68063},Commune,2026-03-24 14:42:07.195692+01,gold_establishments_2025,,,,21680063100014,2025,Collectivité Territoriale,Commune,['Haut-Rhin'],['Grand Est'],COM,{68},{44}
fe983e88-2bff-4755-bd23-f64db50ae5d9,218600476,Commune de Cernay (86),false,{86047},Commune,2026-03-24 14:42:10.508772+01,gold_establishments_2025,,,,21860047600012,2025,Collectivité Territoriale,Commune,['Vienne'],['Nouvelle-Aquitaine'],COM,{86},{75}
ad978c99-54b4-4379-abb4-0424e06eab66,215100975,Commune de Cernay-en-Dormois (51),false,{51104},Commune,2026-03-24 14:42:01.412377+01,gold_establishments_2025,,,,21510097500014,2025,Collectivité Territoriale,Commune,['Marne'],['Grand Est'],COM,{51},{44}
6e1c0995-d2df-42f5-a586-a0e7dc2d3c79,212501084,Commune de Cernay-l'Église (25),false,{25108},Commune,2026-03-24 14:41:56.495197+01,gold_establishments_2025,,,,21250108400017,2025,Collectivité Territoriale,Commune,['Doubs'],['Bourgogne-Franche-Comté'],COM,{25},{27}
3d777c11-3ba3-4655-96fd-df6953d29555,217801281,Commune de Cernay-la-Ville (78),false,{78128},Commune,2026-03-24 14:42:09.43682+01,gold_establishments_2025,,,,21780128100015,2025,Collectivité Territoriale,Commune,['Yvelines'],['Île-de-France'],COM,{78},{11}
d6d2b4a2-0ef0-4d08-b55b-cdf68dd4d744,215100983,Commune de Cernay-lès-Reims (51),false,{51105},Commune,2026-03-24 14:42:01.412377+01,gold_establishments_2025,,,,21510098300018,2025,Collectivité Territoriale,Commune,['Marne'],['Grand Est'],COM,{51},{44}
6ab23e67-580b-495a-9cc4-42884904e80b,217700665,Commune de Cerneux (77),false,{77066},Commune,2026-03-24 14:42:08.818969+01,gold_establishments_2025,,,,21770066500011,2025,Collectivité Territoriale,Commune,['Seine-et-Marne'],['Île-de-France'],COM,{77},{11}
a28eb7ac-c495-4e0d-b94a-78c3332e6978,217400522,Commune de Cernex (74),false,{74052},Commune,2026-03-24 14:42:08.279287+01,gold_establishments_2025,,,,21740052200017,2025,Collectivité Territoriale,Commune,['Haute-Savoie'],['Auvergne-Rhône-Alpes'],COM,{74},{84}
af257087-cdbf-4ec5-b5bc-04c9d21b3753,210800850,Commune de Cernion (08),false,{08094},Commune,2026-03-24 14:41:52.562531+01,gold_establishments_2025,,,,21080085000013,2025,Collectivité Territoriale,Commune,['Ardennes'],['Grand Est'],COM,{08},{44}
1ddf7f89-2198-4fe8-a84c-3b61246ad79a,213900855,Commune de Cerniébaud (39),false,{39085},Commune,2026-03-24 14:41:59.705606+01,gold_establishments_2025,,,,21390085500015,2025,Collectivité Territoriale,Commune,['Jura'],['Bourgogne-Franche-Comté'],COM,{39},{27}
85e41a93-4eeb-471f-9251-93f3fd8eab89,213900863,Commune de Cernon (39),false,{39086},Commune,2026-03-24 14:41:59.705606+01,gold_establishments_2025,,,,21390086300019,2025,Collectivité Territoriale,Commune,['Jura'],['Bourgogne-Franche-Comté'],COM,{39},{27}
03ddc220-3d6c-43a2-a69f-857a6ed7b694,215100991,Commune de Cernon (51),false,{51106},Commune,2026-03-24 14:42:01.412377+01,gold_establishments_2025,,,,21510099100011,2025,Collectivité Territoriale,Commune,['Marne'],['Grand Est'],COM,{51},{44}
81155d68-33cf-4c82-afd3-5035321816df,216001362,Commune de Cernoy (60),false,{60137},Commune,2026-03-24 14:42:04.814328+01,gold_establishments_2025,,,,21600136200013,2025,Collectivité Territoriale,Commune,['Oise'],['Hauts-de-France'],COM,{60},{32}
345e7c82-23ab-4a92-b42a-fe9de9a3bf7e,214500647,Commune de Cernoy-en-Berry (45),false,{45064},Commune,2026-03-24 14:42:00.862623+01,gold_establishments_2025,,,,21450064700018,2025,Collectivité Territoriale,Commune,['Loiret'],['Centre-Val de Loire'],COM,{45},{24}
51754ead-d685-407d-a5ab-5b38525d2bd7,214900573,Commune de Cernusson (49),false,{49057},Commune,2026-03-24 14:42:01.412377+01,gold_establishments_2025,,,,21490057300012,2025,Collectivité Territoriale,Commune,['Maine-et-Loire'],['Pays de la Loire'],COM,{49},{52}
5f7e4e1c-1f05-4073-b42d-d4f3129e85a9,219101292,Commune de Cerny (91),false,{91129},Commune,2026-03-24 14:42:11.659493+01,gold_establishments_2025,,,,21910129200056,2025,Collectivité Territoriale,Commune,['Essonne'],['Île-de-France'],COM,{91},{11}
4c105169-7918-4c23-831f-eabe124d0b4d,210201372,Commune de Cerny-en-Laonnois (02),false,{02150},Commune,2026-03-24 14:41:51.447482+01,gold_establishments_2025,,,,21020137200013,2025,Collectivité Territoriale,Commune,['Aisne'],['Hauts-de-France'],COM,{02},{32}
d31d9605-db46-45d3-8a73-b570a170147f,210201380,Commune de Cerny-lès-Bucy (02),false,{02151},Commune,2026-03-24 14:41:51.447482+01,gold_establishments_2025,,,,21020138000016,2025,Collectivité Territoriale,Commune,['Aisne'],['Hauts-de-France'],COM,{02},{32}
3482e1ca-119a-46e2-8bc7-9cc2fb707902,217001155,Commune de Cerre-lès-Noroy (70),false,{70115},Commune,2026-03-24 14:42:07.735343+01,gold_establishments_2025,,,,21700115500019,2025,Collectivité Territoriale,Commune,['Haute-Saône'],['Bourgogne-Franche-Comté'],COM,{70},{27}
ba8dad94-b365-4787-8f07-c38eba939f14,213400732,Commune de Cers (34),false,{34073},Commune,2026-03-24 14:41:58.620411+01,gold_establishments_2025,,,,21340073200011,2025,Collectivité Territoriale,Commune,['Hérault'],['Occitanie'],COM,{34},{76}
0eb71173-1358-4537-b9e4-bccffafb88c0,210201398,Commune de Cerseuil (02),false,{02152},Commune,2026-03-24 14:41:51.447482+01,gold_establishments_2025,,,,21020139800018,2025,Collectivité Territoriale,Commune,['Aisne'],['Hauts-de-France'],COM,{02},{32}
4def2216-542b-472b-89c3-d0819c3cc620,217100726,Commune de Cersot (71),false,{71072},Commune,2026-03-24 14:42:07.735343+01,gold_establishments_2025,,,,21710072600017,2025,Collectivité Territoriale,Commune,['Saône-et-Loire'],['Bourgogne-Franche-Comté'],COM,{71},{27}
594c11db-3de1-4be9-a11d-55972ad6622a,218800837,Commune de Certilleux (88),false,{88083},Commune,2026-03-24 14:42:11.118516+01,gold_establishments_2025,,,,21880083700013,2025,Collectivité Territoriale,Commune,['Vosges'],['Grand Est'],COM,{88},{44}
afec7b23-b69b-49d1-8594-8f8de022199f,210100699,Commune de Certines (01),false,{01069},Commune,2026-03-24 14:41:51.447482+01,gold_establishments_2025,,,,21010069900011,2025,Collectivité Territoriale,Commune,['Ain'],['Auvergne-Rhône-Alpes'],COM,{01},{84}
dbc0703f-f96c-4f41-b1a5-58af5dd6163c,217400530,Commune de Cervens (74),false,{74053},Commune,2026-03-24 14:42:08.279287+01,gold_establishments_2025,,,,21740053000010,2025,Collectivité Territoriale,Commune,['Haute-Savoie'],['Auvergne-Rhône-Alpes'],COM,{74},{84}
e765ab2b-e9b2-4f92-b0cb-27a1e118c86a,215401100,Commune de Cerville (54),false,{54110},Commune,2026-03-24 14:42:02.957225+01,gold_establishments_2025,,,,21540110000049,2025,Collectivité Territoriale,Commune,['Meurthe-et-Moselle'],['Grand Est'],COM,{54},{44}
37e30637-2dac-427c-8d9e-3fc9a832d3a3,212000871,Commune de Cervione (2B),false,{2B087},Commune,2026-03-24 14:41:57.56054+01,gold_establishments_2025,,,,21200087100013,2025,Collectivité Territoriale,Commune,['Haute-Corse'],['Corse'],COM,{2B},{94}
e1314d8f-74e9-4f6e-b4d6-43a9dc4c9ba8,210500278,Commune de Cervières (05),false,{05027},Commune,2026-03-24 14:41:52.562531+01,gold_establishments_2025,,,,21050027800010,2025,Collectivité Territoriale,Commune,['Hautes-Alpes'],"[""Provence-Alpes-Côte d'Azur""]",COM,{05},{93}
9b2d9c42-47a1-43c6-b338-cc1ca01ae130,214200347,Commune de Cervières (42),false,{42034},Commune,2026-03-24 14:42:00.273698+01,gold_establishments_2025,,,,21420034700018,2025,Collectivité Territoriale,Commune,['Loire'],['Auvergne-Rhône-Alpes'],COM,{42},{84}
2085176e-21ca-4917-bdab-c4d32212e5b8,215800475,Commune de Cervon (58),false,{58047},Commune,2026-03-24 14:42:04.280096+01,gold_establishments_2025,,,,21580047500018,2025,Collectivité Territoriale,Commune,['Nièvre'],['Bourgogne-Franche-Comté'],COM,{58},{27}
41216dce-7150-4a09-bef7-29005e9cd9a7,214300444,Commune de Cerzat (43),false,{43044},Commune,2026-03-24 14:42:00.273698+01,gold_establishments_2025,,,,21430044400012,2025,Collectivité Territoriale,Commune,['Haute-Loire'],['Auvergne-Rhône-Alpes'],COM,{43},{84}
3c94c224-4a9d-4009-b783-1061fa16bbaa,213900889,Commune de Cesancey (39),false,{39088},Commune,2026-03-24 14:41:59.705606+01,gold_establishments_2025,,,,21390088900014,2025,Collectivité Territoriale,Commune,['Jura'],['Bourgogne-Franche-Comté'],COM,{39},{27}
dad95897-03c5-4c0e-b02a-2b1e209c2d37,210900957,Commune de Cescau (09),false,{09095},Commune,2026-03-24 14:41:53.095366+01,gold_establishments_2025,,,,21090095700015,2025,Collectivité Territoriale,Commune,['Ariège'],['Occitanie'],COM,{09},{76}
18f53406-c3bb-4a65-bcf6-d1cef7ecafed,216401844,Commune de Cescau (64),false,{64184},Commune,2026-03-24 14:42:06.130387+01,gold_establishments_2025,,,,21640184400016,2025,Collectivité Territoriale,Commune,['Pyrénées-Atlantiques'],['Nouvelle-Aquitaine'],COM,{64},{75}
dc74012c-e5e3-48eb-bb92-16c5eb334170,211401492,Commune de Cesny-aux-Vignes (14),false,{14149},Commune,2026-03-24 14:41:53.63825+01,gold_establishments_2025,,,,21140149200015,2025,Collectivité Territoriale,Commune,['Calvados'],['Normandie'],COM,{14},{28}
ee84740a-5967-45d5-b7a3-c955658c436d,200083160,Commune de Cesny-les-Sources (14),false,{14150},Commune,2026-03-24 14:41:53.63825+01,gold_establishments_2025,,,,20008316000016,2025,Collectivité Territoriale,Commune,['Calvados'],['Normandie'],COM,{14},{28}
799b4d68-d32f-4f9d-a9af-42abfbaac80e,213301211,Commune de Cessac (33),false,{33121},Commune,2026-03-24 14:41:58.09424+01,gold_establishments_2025,,,,21330121100016,2025,Collectivité Territoriale,Commune,['Gironde'],['Nouvelle-Aquitaine'],COM,{33},{75}
cebba58b-22f1-44cb-be51-0431b60fe860,213101371,Commune de Cessales (31),false,{31137},Commune,2026-03-24 14:41:57.56054+01,gold_establishments_2025,,,,21310137100010,2025,Collectivité Territoriale,Commune,['Haute-Garonne'],['Occitanie'],COM,{31},{76}
b8d84118-f2e4-4aba-9170-7765a23645fb,215500950,Commune de Cesse (55),false,{55095},Commune,2026-03-24 14:42:02.957225+01,gold_establishments_2025,,,,21550095000013,2025,Collectivité Territoriale,Commune,['Meuse'],['Grand Est'],COM,{55},{44}
2026b916-563e-4f77-9aed-a310408728ef,213400740,Commune de Cessenon-sur-Orb (34),false,{34074},Commune,2026-03-24 14:41:58.620411+01,gold_establishments_2025,,,,21340074000014,2025,Collectivité Territoriale,Commune,['Hérault'],['Occitanie'],COM,{34},{76}
e53c6968-e69e-4d7b-843c-70df135071c5,213400757,Commune de Cesseras (34),false,{34075},Commune,2026-03-24 14:41:58.620411+01,gold_establishments_2025,,,,21340075700018,2025,Collectivité Territoriale,Commune,['Hérault'],['Occitanie'],COM,{34},{76}
232e5f73-5f07-482d-96c9-faaae0a332cd,210300497,Commune de Cesset (03),false,{03049},Commune,2026-03-24 14:41:52.020251+01,gold_establishments_2025,,,,21030049700018,2025,Collectivité Territoriale,Commune,['Allier'],['Auvergne-Rhône-Alpes'],COM,{03},{84}
f9c30517-a159-4879-ac23-8def88a4b50c,212701353,Commune de Cesseville (27),false,{27135},Commune,2026-03-24 14:41:56.495197+01,gold_establishments_2025,,,,21270135300014,2025,Collectivité Territoriale,Commune,['Eure'],['Normandie'],COM,{27},{28}
b1fd6eca-7509-458a-827d-3085c1266d5f,212501092,Commune de Cessey (25),false,{25109},Commune,2026-03-24 14:41:56.495197+01,gold_establishments_2025,,,,21250109200010,2025,Collectivité Territoriale,Commune,['Doubs'],['Bourgogne-Franche-Comté'],COM,{25},{27}
0f3a4c40-8ff8-44a9-8bb7-3d32827d5a0f,212101265,Commune de Cessey-sur-Tille (21),false,{21126},Commune,2026-03-24 14:41:55.433389+01,gold_establishments_2025,,,,21210126500016,2025,Collectivité Territoriale,Commune,"[""Côte-d'Or""]",['Bourgogne-Franche-Comté'],COM,{21},{27}
11fc29ac-36fc-41e9-81d2-a0c3aa4e8a66,213800642,Commune de Cessieu (38),false,{38064},Commune,2026-03-24 14:41:59.160244+01,gold_establishments_2025,,,,21380064200018,2025,Collectivité Territoriale,Commune,['Isère'],['Auvergne-Rhône-Alpes'],COM,{38},{84}
283bb8a0-17bd-448c-a494-0e25592a6fe1,200086338,Commune de Cessières-Suzy (02),false,{02153},Commune,2026-03-24 14:41:51.447482+01,gold_establishments_2025,,,,20008633800015,2025,Collectivité Territoriale,Commune,['Aisne'],['Hauts-de-France'],COM,{02},{32}
97a6db20-911e-46b9-afe1-38f56f8aa3c9,217700673,Commune de Cesson (77),false,{77067},Commune,2026-03-24 14:42:08.818969+01,gold_establishments_2025,,,,21770067300106,2025,Collectivité Territoriale,Commune,['Seine-et-Marne'],['Île-de-France'],COM,{77},{11}
75abe1f7-28b9-4e48-982a-28b226fe1ba1,213500515,Commune de Cesson-Sévigné (35),false,{35051},Commune,2026-03-24 14:41:58.620411+01,gold_establishments_2025,,,,21350051500019,2025,Collectivité Territoriale,Commune,['Ille-et-Vilaine'],['Bretagne'],COM,{35},{53}
9e554771-e97d-42db-82a4-cfb9eae014cd,217700681,Commune de Cessoy-en-Montois (77),false,{77068},Commune,2026-03-24 14:42:08.818969+01,gold_establishments_2025,,,,21770068100018,2025,Collectivité Territoriale,Commune,['Seine-et-Marne'],['Île-de-France'],COM,{77},{11}
46c6d8cf-4db6-4606-b0f2-182c4aee2c41,210100715,Commune de Cessy (01),false,{01071},Commune,2026-03-24 14:41:51.447482+01,gold_establishments_2025,,,,21010071500015,2025,Collectivité Territoriale,Commune,['Ain'],['Auvergne-Rhône-Alpes'],COM,{01},{84}
2bea68ea-7385-498e-8846-aa618404aaed,215800483,Commune de Cessy-les-Bois (58),false,{58048},Commune,2026-03-24 14:42:04.280096+01,gold_establishments_2025,,,,21580048300012,2025,Collectivité Territoriale,Commune,['Nièvre'],['Bourgogne-Franche-Comté'],COM,{58},{27}
4890ba9a-d22b-4835-81fe-631e153519cd,213301229,Commune de Cestas (33),false,{33122},Commune,2026-03-24 14:41:58.09424+01,gold_establishments_2025,,,,21330122900018,2025,Collectivité Territoriale,Commune,['Gironde'],['Nouvelle-Aquitaine'],COM,{33},{75}
23046c84-9997-4a19-a8a2-7285423356a6,218100675,Commune de Cestayrols (81),false,{81067},Commune,2026-03-24 14:42:09.967209+01,gold_establishments_2025,,,,21810067500014,2025,Collectivité Territoriale,Commune,['Tarn'],['Occitanie'],COM,{81},{76}
26ee29c0-e37f-4167-be84-28eb65c9e799,216100792,Commune de Ceton (61),false,{61079},Commune,2026-03-24 14:42:04.814328+01,gold_establishments_2025,,,,21610079200102,2025,Collectivité Territoriale,Commune,['Orne'],['Normandie'],COM,{61},{28}
02ce58e3-dd1a-4440-918e-ae89af674088,216401851,Commune de Cette-Eygun (64),false,{64185},Commune,2026-03-24 14:42:06.130387+01,gold_establishments_2025,,,,21640185100011,2025,Collectivité Territoriale,Commune,['Pyrénées-Atlantiques'],['Nouvelle-Aquitaine'],COM,{64},{75}
98f7c077-40e0-4d11-bbc0-723041accbd6,217300631,Commune de Cevins (73),false,{73063},Commune,2026-03-24 14:42:08.279287+01,gold_establishments_2025,,,,21730063100017,2025,Collectivité Territoriale,Commune,['Savoie'],['Auvergne-Rhône-Alpes'],COM,{73},{84}
4b93c229-fd16-4dd5-9875-b567603c567f,213400765,Commune de Ceyras (34),false,{34076},Commune,2026-03-24 14:41:58.620411+01,gold_establishments_2025,,,,21340076500011,2025,Collectivité Territoriale,Commune,['Hérault'],['Occitanie'],COM,{34},{76}
1fdd05d7-5236-4851-9d68-6dd580bc577d,216300707,Commune de Ceyrat (63),false,{63070},Commune,2026-03-24 14:42:06.130387+01,gold_establishments_2025,,,,21630070700017,2025,Collectivité Territoriale,Commune,['Puy-de-Dôme'],['Auvergne-Rhône-Alpes'],COM,{63},{84}
892bab7a-dfaf-49ce-b408-4e5fa43bfe5e,211300231,Commune de Ceyreste (13),false,{13023},Commune,2026-03-24 14:41:53.63825+01,gold_establishments_2025,,,,21130023100019,2025,Collectivité Territoriale,Commune,['Bouches-du-Rhône'],"[""Provence-Alpes-Côte d'Azur""]",COM,{13},{93}
f3065f47-44a5-4f0f-9084-d77f92e8234f,212304208,Commune de Ceyroux (23),false,{23042},Commune,2026-03-24 14:41:55.958138+01,gold_establishments_2025,,,,21230420800011,2025,Collectivité Territoriale,Commune,['Creuse'],['Nouvelle-Aquitaine'],COM,{23},{75}
3e98b758-4d0c-4de1-9a8b-271f138a94ac,214300451,Commune de Ceyssac (43),false,{43045},Commune,2026-03-24 14:42:00.273698+01,gold_establishments_2025,,,,21430045100017,2025,Collectivité Territoriale,Commune,['Haute-Loire'],['Auvergne-Rhône-Alpes'],COM,{43},{84}
35623aab-9d1e-43fa-b394-3d8ab8c84efd,216300715,Commune de Ceyssat (63),false,{63071},Commune,2026-03-24 14:42:06.130387+01,gold_establishments_2025,,,,21630071500010,2025,Collectivité Territoriale,Commune,['Puy-de-Dôme'],['Auvergne-Rhône-Alpes'],COM,{63},{84}
9e759495-3ec8-4277-90fc-da0f9e3e576f,210100723,Commune de Ceyzériat (01),false,{01072},Commune,2026-03-24 14:41:51.447482+01,gold_establishments_2025,,,,21010072300019,2025,Collectivité Territoriale,Commune,['Ain'],['Auvergne-Rhône-Alpes'],COM,{01},{84}
c02c73b5-aec3-49b6-a598-e088842dd538,210100731,Commune de Ceyzérieu (01),false,{01073},Commune,2026-03-24 14:41:51.447482+01,gold_establishments_2025,,,,21010073100012,2025,Collectivité Territoriale,Commune,['Ain'],['Auvergne-Rhône-Alpes'],COM,{01},{84}
2e1fc64a-812b-4265-95c6-cf5ce3f2114e,214200354,Commune de Cezay (42),false,{42035},Commune,2026-03-24 14:42:00.273698+01,gold_establishments_2025,,,,21420035400014,2025,Collectivité Territoriale,Commune,['Loire'],['Auvergne-Rhône-Alpes'],COM,{42},{84}
339a5691-04b8-4eab-9f9e-ccc398ceddc4,211600705,Commune de Chabanais (16),false,{16070},Commune,2026-03-24 14:41:54.362296+01,gold_establishments_2025,,,,21160070500019,2025,Collectivité Territoriale,Commune,['Charente'],['Nouvelle-Aquitaine'],COM,{16},{75}
2f8b88e3-71f2-4985-b25a-d7cc52faa850,200065852,Commune de Chabanière (69),false,{69228},Commune,2026-03-24 14:42:07.735343+01,gold_establishments_2025,,,,20006585200010,2025,Collectivité Territoriale,Commune,['Rhône'],['Auvergne-Rhône-Alpes'],COM,{69},{84}
d210bef2-d1e8-4588-9f28-d08c2a18d207,210500286,Commune de Chabestan (05),false,{05028},Commune,2026-03-24 14:41:52.562531+01,gold_establishments_2025,,,,21050028600013,2025,Collectivité Territoriale,Commune,['Hautes-Alpes'],"[""Provence-Alpes-Côte d'Azur""]",COM,{05},{93}
e3be11bc-f22c-480e-b9bd-cec293ac1a71,212600647,Commune de Chabeuil (26),false,{26064},Commune,2026-03-24 14:41:56.495197+01,gold_establishments_2025,,,,21260064700011,2025,Collectivité Territoriale,Commune,['Drôme'],['Auvergne-Rhône-Alpes'],COM,{26},{84}
bea94180-4aaa-4f49-a24a-ca943073dbd3,218900686,Commune de Chablis (89),false,{89068},Commune,2026-03-24 14:42:11.118516+01,gold_establishments_2025,,,,21890068600013,2025,Collectivité Territoriale,Commune,['Yonne'],['Bourgogne-Franche-Comté'],COM,{89},{27}
2d54ae72-ea01-49f7-b22d-c5b94040b5e6,210500294,Commune de Chabottes (05),false,{05029},Commune,2026-03-24 14:41:52.562531+01,gold_establishments_2025,,,,21050029400017,2025,Collectivité Territoriale,Commune,['Hautes-Alpes'],"[""Provence-Alpes-Côte d'Azur""]",COM,{05},{93}
151a8e4d-5070-4cb0-96ad-4946d9e142af,218600484,Commune de Chabournay (86),false,{86048},Commune,2026-03-24 14:42:10.508772+01,gold_establishments_2025,,,,21860048400016,2025,Collectivité Territoriale,Commune,['Vienne'],['Nouvelle-Aquitaine'],COM,{86},{75}
0ec32f87-024d-47f7-8644-d5ebad296474,211600713,Commune de Chabrac (16),false,{16071},Commune,2026-03-24 14:41:54.362296+01,gold_establishments_2025,,,,21160071300013,2025,Collectivité Territoriale,Commune,['Charente'],['Nouvelle-Aquitaine'],COM,{16},{75}
46dd5a0e-3e18-448e-9cb7-65a02ffe166c,216300723,Commune de Chabreloche (63),false,{63072},Commune,2026-03-24 14:42:06.130387+01,gold_establishments_2025,,,,21630072300014,2025,Collectivité Territoriale,Commune,['Puy-de-Dôme'],['Auvergne-Rhône-Alpes'],COM,{63},{84}
9b56ea33-726f-4878-af64-50b2f2caac46,211903505,Commune de Chabrignac (19),false,{19035},Commune,2026-03-24 14:41:54.903238+01,gold_establishments_2025,,,,21190350500017,2025,Collectivité Territoriale,Commune,['Corrèze'],['Nouvelle-Aquitaine'],COM,{19},{75}
f5249299-b6f3-4040-9205-3c9de6146e43,212600654,Commune de Chabrillan (26),false,{26065},Commune,2026-03-24 14:41:56.495197+01,gold_establishments_2025,,,,21260065400017,2025,Collectivité Territoriale,Commune,['Drôme'],['Auvergne-Rhône-Alpes'],COM,{26},{84}
22c51222-9bc8-4482-80f7-a74379542ec4,213600349,Commune de Chabris (36),false,{36034},Commune,2026-03-24 14:41:59.160244+01,gold_establishments_2025,,,,21360034900053,2025,Collectivité Territoriale,Commune,['Indre'],['Centre-Val de Loire'],COM,{36},{24}
ff5adea9-625a-41a4-bf36-3463dbdec9ef,211000666,Commune de Chacenay (10),false,{10071},Commune,2026-03-24 14:41:53.095366+01,gold_establishments_2025,,,,21100066600019,2025,Collectivité Territoriale,Commune,['Aube'],['Grand Est'],COM,{10},{44}
293ade4c-94c3-4a85-a559-f06f36ba1f02,210201414,Commune de Chacrise (02),false,{02154},Commune,2026-03-24 14:41:51.447482+01,gold_establishments_2025,,,,21020141400013,2025,Collectivité Territoriale,Commune,['Aisne'],['Hauts-de-France'],COM,{02},{32}
3024e26c-ebe9-4131-a1a9-50f16cd564f7,216300731,Commune de Chadeleuf (63),false,{63073},Commune,2026-03-24 14:42:06.130387+01,gold_establishments_2025,,,,21630073100017,2025,Collectivité Territoriale,Commune,['Puy-de-Dôme'],['Auvergne-Rhône-Alpes'],COM,{63},{84}
088dee05-29ff-4fe6-8836-f74292c66408,211700786,Commune de Chadenac (17),false,{17078},Commune,2026-03-24 14:41:54.903238+01,gold_establishments_2025,,,,21170078600018,2025,Collectivité Territoriale,Commune,['Charente-Maritime'],['Nouvelle-Aquitaine'],COM,{17},{75}
7166664e-22ad-4d4a-91bc-a800d2016cda,214800377,Commune de Chadenet (48),false,{48037},Commune,2026-03-24 14:42:01.412377+01,gold_establishments_2025,,,,21480037700019,2025,Collectivité Territoriale,Commune,['Lozère'],['Occitanie'],COM,{48},{76}
c4dd9b4e-573e-41f4-a441-d24df4a2215a,214300469,Commune de Chadrac (43),false,{43046},Commune,2026-03-24 14:42:00.273698+01,gold_establishments_2025,,,,21430046900019,2025,Collectivité Territoriale,Commune,['Haute-Loire'],['Auvergne-Rhône-Alpes'],COM,{43},{84}
d210d24d-326a-4670-b84b-cb10252cf0bc,214300477,Commune de Chadron (43),false,{43047},Commune,2026-03-24 14:42:00.273698+01,gold_establishments_2025,,,,21430047700012,2025,Collectivité Territoriale,Commune,['Haute-Loire'],['Auvergne-Rhône-Alpes'],COM,{43},{84}
60013ebc-f8f1-4c83-8480-72129b41ca7c,211600721,Commune de Chadurie (16),false,{16072},Commune,2026-03-24 14:41:54.362296+01,gold_establishments_2025,,,,21160072100016,2025,Collectivité Territoriale,Commune,['Charente'],['Nouvelle-Aquitaine'],COM,{16},{75}
2e272bef-94f9-4c2c-87f6-ba7ff52fdeec,212501100,Commune de Chaffois (25),false,{25110},Commune,2026-03-24 14:41:56.495197+01,gold_establishments_2025,,,,21250110000011,2025,Collectivité Territoriale,Commune,['Doubs'],['Bourgogne-Franche-Comté'],COM,{25},{27}
1a4eef89-d61e-49fc-bd9c-7dc79525ce16,217001163,Commune de Chagey (70),false,{70116},Commune,2026-03-24 14:42:07.735343+01,gold_establishments_2025,,,,21700116300013,2025,Collectivité Territoriale,Commune,['Haute-Saône'],['Bourgogne-Franche-Comté'],COM,{70},{27}
7f37ca7b-dab1-47c7-b6a5-3fff99e1a8c9,214200362,Commune de Chagnon (42),false,{42036},Commune,2026-03-24 14:42:00.273698+01,gold_establishments_2025,,,,21420036200017,2025,Collectivité Territoriale,Commune,['Loire'],['Auvergne-Rhône-Alpes'],COM,{42},{84}
87b7f1fb-b4a0-4ba9-b412-7af2269489eb,210800868,Commune de Chagny (08),false,{08095},Commune,2026-03-24 14:41:52.562531+01,gold_establishments_2025,,,,21080086800015,2025,Collectivité Territoriale,Commune,['Ardennes'],['Grand Est'],COM,{08},{44}
1747fd38-9f32-40dd-b097-3b892e9508cf,217100734,Commune de Chagny (71),false,{71073},Commune,2026-03-24 14:42:07.735343+01,gold_establishments_2025,,,,21710073400011,2025,Collectivité Territoriale,Commune,['Saône-et-Loire'],['Bourgogne-Franche-Comté'],COM,{71},{27}
557b0588-7af0-4e60-9fe3-a2f0f09a8b84,217200526,Commune de Chahaignes (72),false,{72052},Commune,2026-03-24 14:42:08.279287+01,gold_establishments_2025,,,,21720052600010,2025,Collectivité Territoriale,Commune,['Sarthe'],['Pays de la Loire'],COM,{72},{52}
2ccb452c-bd57-453f-b3fd-f657ede24971,216100800,Commune de Chahains (61),false,{61080},Commune,2026-03-24 14:42:04.814328+01,gold_establishments_2025,,,,21610080000012,2025,Collectivité Territoriale,Commune,['Orne'],['Normandie'],COM,{61},{28}
10610c1a-04b8-48a6-8b41-0b75f67c5f44,212101273,Commune de Chaignay (21),false,{21127},Commune,2026-03-24 14:41:55.433389+01,gold_establishments_2025,,,,21210127300010,2025,Collectivité Territoriale,Commune,"[""Côte-d'Or""]",['Bourgogne-Franche-Comté'],COM,{21},{27}
1bfb4336-5b99-4d6d-a4ef-27a84a53067d,212701361,Commune de Chaignes (27),false,{27136},Commune,2026-03-24 14:41:56.495197+01,gold_establishments_2025,,,,21270136100017,2025,Collectivité Territoriale,Commune,['Eure'],['Normandie'],COM,{27},{28}
45344903-080c-43b2-ba68-6d2053fbf74c,213600356,Commune de Chaillac (36),false,{36035},Commune,2026-03-24 14:41:59.160244+01,gold_establishments_2025,,,,21360035600017,2025,Collectivité Territoriale,Commune,['Indre'],['Centre-Val de Loire'],COM,{36},{24}
dc33b5cf-be33-410b-b324-7ffbc437f1dd,218703007,Commune de Chaillac-sur-Vienne (87),false,{87030},Commune,2026-03-24 14:42:11.118516+01,gold_establishments_2025,,,,21870300700011,2025,Collectivité Territoriale,Commune,['Haute-Vienne'],['Nouvelle-Aquitaine'],COM,{87},{75}
53e502a8-ce00-4d39-85d9-ef1f1e0d3c44,215300484,Commune de Chailland (53),false,{53048},Commune,2026-03-24 14:42:01.954481+01,gold_establishments_2025,,,,21530048400015,2025,Collectivité Territoriale,Commune,['Mayenne'],['Pays de la Loire'],COM,{53},{52}
b5831294-d83a-49e9-9005-eb0d5bc778d7,214100323,Commune de Chailles (41),false,{41032},Commune,2026-03-24 14:42:00.273698+01,gold_establishments_2025,,,,21410032300010,2025,Collectivité Territoriale,Commune,['Loir-et-Cher'],['Centre-Val de Loire'],COM,{41},{24}
2a6722e7-5078-43c6-a614-507828acad57,211700794,Commune de Chaillevette (17),false,{17079},Commune,2026-03-24 14:41:54.903238+01,gold_establishments_2025,,,,21170079400012,2025,Collectivité Territoriale,Commune,['Charente-Maritime'],['Nouvelle-Aquitaine'],COM,{17},{75}
e0e9b4b3-7b3e-4c53-bf6b-54c7d208b475,210201422,Commune de Chaillevois (02),false,{02155},Commune,2026-03-24 14:41:51.447482+01,gold_establishments_2025,,,,21020142200016,2025,Collectivité Territoriale,Commune,['Aisne'],['Hauts-de-France'],COM,{02},{32}
d6a7ca15-dcdd-4c4d-8c4d-78c0207ee69d,218900694,Commune de Chailley (89),false,{89069},Commune,2026-03-24 14:42:11.118516+01,gold_establishments_2025,,,,21890069400017,2025,Collectivité Territoriale,Commune,['Yonne'],['Bourgogne-Franche-Comté'],COM,{89},{27}
c06df451-d470-4c8c-b6a6-bea063483a83,215500968,Commune de Chaillon (55),false,{55096},Commune,2026-03-24 14:42:02.957225+01,gold_establishments_2025,,,,21550096800015,2025,Collectivité Territoriale,Commune,['Meuse'],['Grand Est'],COM,{55},{44}
7839f820-2dc9-4a23-a9cd-cb880a4b460e,200059178,Commune de Chailloué (61),false,{61081},Commune,2026-03-24 14:42:04.814328+01,gold_establishments_2025,,,,20005917800018,2025,Collectivité Territoriale,Commune,['Orne'],['Normandie'],COM,{61},{28}
96f5c71b-ad61-46eb-8899-42cafed8a754,217700699,Commune de Chailly-en-Bière (77),false,{77069},Commune,2026-03-24 14:42:08.818969+01,gold_establishments_2025,,,,21770069900010,2025,Collectivité Territoriale,Commune,['Seine-et-Marne'],['Île-de-France'],COM,{77},{11}
4ef7f83e-8870-4b83-ac92-2abf082919a6,217700707,Commune de Chailly-en-Brie (77),false,{77070},Commune,2026-03-24 14:42:08.818969+01,gold_establishments_2025,,,,21770070700086,2025,Collectivité Territoriale,Commune,['Seine-et-Marne'],['Île-de-France'],COM,{77},{11}
11125ccf-9866-4346-b443-34dfe18a1f0a,214500662,Commune de Chailly-en-Gâtinais (45),false,{45066},Commune,2026-03-24 14:42:00.862623+01,gold_establishments_2025,,,,21450066200017,2025,Collectivité Territoriale,Commune,['Loiret'],['Centre-Val de Loire'],COM,{45},{24}
6cb96590-6a89-4d30-89b6-1ec442d8149c,215701251,Commune de Chailly-lès-Ennery (57),false,{57125},Commune,2026-03-24 14:42:03.701372+01,gold_establishments_2025,,,,21570125100013,2025,Collectivité Territoriale,Commune,['Moselle'],['Grand Est'],COM,{57},{44}
32a54ba5-bcfe-4a5a-b501-28b9177bc084,212101281,Commune de Chailly-sur-Armançon (21),false,{21128},Commune,2026-03-24 14:41:55.433389+01,gold_establishments_2025,,,,21210128100013,2025,Collectivité Territoriale,Commune,"[""Côte-d'Or""]",['Bourgogne-Franche-Comté'],COM,{21},{27}
30503a5a-5db7-4a64-9ad0-c8e7100827f0,218500429,Commune de Chaillé-les-Marais (85),false,{85042},Commune,2026-03-24 14:42:10.508772+01,gold_establishments_2025,,,,21850042900012,2025,Collectivité Territoriale,Commune,['Vendée'],['Pays de la Loire'],COM,{85},{52}
d9710743-0212-4019-ab86-f169beb78d09,217400548,Commune de Chainaz-les-Frasses (74),false,{74054},Commune,2026-03-24 14:42:08.279287+01,gold_establishments_2025,,,,21740054800012,2025,Collectivité Territoriale,Commune,['Haute-Savoie'],['Auvergne-Rhône-Alpes'],COM,{74},{84}
0b43012d-f087-4ffc-b89a-0f696d421963,214500670,Commune de Chaingy (45),false,{45067},Commune,2026-03-24 14:42:00.862623+01,gold_establishments_2025,,,,21450067000010,2025,Collectivité Territoriale,Commune,['Loiret'],['Centre-Val de Loire'],COM,{45},{24}
6096e530-8092-46d7-aca6-5262789847b6,217700715,Commune de Chaintreaux (77),false,{77071},Commune,2026-03-24 14:42:08.818969+01,gold_establishments_2025,,,,21770071500014,2025,Collectivité Territoriale,Commune,['Seine-et-Marne'],['Île-de-France'],COM,{77},{11}
a38a7209-8a61-478f-aebb-cfac1978f468,215101007,Commune de Chaintrix-Bierges (51),false,{51107},Commune,2026-03-24 14:42:01.412377+01,gold_establishments_2025,,,,21510100700015,2025,Collectivité Territoriale,Commune,['Marne'],['Grand Est'],COM,{51},{44}
4dc04cc5-ea18-4941-88c0-7edf9406e756,217100742,Commune de Chaintré (71),false,{71074},Commune,2026-03-24 14:42:07.735343+01,gold_establishments_2025,,,,21710074200014,2025,Collectivité Territoriale,Commune,['Saône-et-Loire'],['Bourgogne-Franche-Comté'],COM,{71},{27}
0afd4774-d02a-4f27-84ad-bdbd61ffa673,212701379,Commune de Chaise-Dieu-du-Theil (27),false,{27137},Commune,2026-03-24 14:41:56.495197+01,gold_establishments_2025,,,,21270137900019,2025,Collectivité Territoriale,Commune,['Eure'],['Normandie'],COM,{27},{28}
14213c7b-d4bd-43f4-8a60-6d0c32f4240d,211100912,Commune de Chalabre (11),false,{11091},Commune,2026-03-24 14:41:53.63825+01,gold_establishments_2025,,,,21110091200016,2025,Collectivité Territoriale,Commune,['Aude'],['Occitanie'],COM,{11},{76}
66357094-542f-42d0-bec9-974eb209bfd6,212400949,Commune de Chalagnac (24),false,{24094},Commune,2026-03-24 14:41:55.958138+01,gold_establishments_2025,,,,21240094900013,2025,Collectivité Territoriale,Commune,['Dordogne'],['Nouvelle-Aquitaine'],COM,{24},{75}
60578d45-23d2-4bd8-9953-b15039d871e3,214200370,Commune de Chalain-d'Uzore (42),false,{42037},Commune,2026-03-24 14:42:00.273698+01,gold_establishments_2025,,,,21420037000010,2025,Collectivité Territoriale,Commune,['Loire'],['Auvergne-Rhône-Alpes'],COM,{42},{84}
f282c687-cfdd-43db-a597-a209f80c8ccf,214200388,Commune de Chalain-le-Comtal (42),false,{42038},Commune,2026-03-24 14:42:00.273698+01,gold_establishments_2025,,,,21420038800012,2025,Collectivité Territoriale,Commune,['Loire'],['Auvergne-Rhône-Alpes'],COM,{42},{84}
3b957842-dd11-42d7-b010-401700263ecd,215500976,Commune de Chalaines (55),false,{55097},Commune,2026-03-24 14:42:02.957225+01,gold_establishments_2025,,,,21550097600018,2025,Collectivité Territoriale,Commune,['Meuse'],['Grand Est'],COM,{55},{44}
31f9fba8-65ab-42a3-9f1d-e259496f7088,211600739,Commune de Chalais (16),false,{16073},Commune,2026-03-24 14:41:54.362296+01,gold_establishments_2025,,,,21160073900018,2025,Collectivité Territoriale,Commune,['Charente'],['Nouvelle-Aquitaine'],COM,{16},{75}
a964261b-d06c-477c-9a86-dacaa1480bf8,212400956,Commune de Chalais (24),false,{24095},Commune,2026-03-24 14:41:55.958138+01,gold_establishments_2025,,,,21240095600018,2025,Collectivité Territoriale,Commune,['Dordogne'],['Nouvelle-Aquitaine'],COM,{24},{75}
dcfd38c8-af74-431d-a20c-76f24cb767e2,213600364,Commune de Chalais (36),false,{36036},Commune,2026-03-24 14:41:59.160244+01,gold_establishments_2025,,,,21360036400011,2025,Collectivité Territoriale,Commune,['Indre'],['Centre-Val de Loire'],COM,{36},{24}
0f145795-544f-4628-9ffd-a1c66f69bff4,218600492,Commune de Chalais (86),false,{86049},Commune,2026-03-24 14:42:10.508772+01,gold_establishments_2025,,,,21860049200019,2025,Collectivité Territoriale,Commune,['Vienne'],['Nouvelle-Aquitaine'],COM,{86},{75}
1e79b229-6c42-4e1a-8970-04f2c9dd5354,210100749,Commune de Chalamont (01),false,{01074},Commune,2026-03-24 14:41:51.447482+01,gold_establishments_2025,,,,21010074900071,2025,Collectivité Territoriale,Commune,['Ain'],['Auvergne-Rhône-Alpes'],COM,{01},{84}
dc60062c-da2e-4611-a8ed-aed150b8cf36,216800649,Commune de Chalampé (68),false,{68064},Commune,2026-03-24 14:42:07.195692+01,gold_establishments_2025,,,,21680064900016,2025,Collectivité Territoriale,Commune,['Haut-Rhin'],['Grand Est'],COM,{68},{44}
df9883f8-3cfc-4036-a1ef-09b949f55a23,215200643,Commune de Chalancey (52),false,{52092},Commune,2026-03-24 14:42:01.954481+01,gold_establishments_2025,,,,21520064300017,2025,Collectivité Territoriale,Commune,['Haute-Marne'],['Grand Est'],COM,{52},{44}
948e7a38-335e-4c3d-acc0-20b628bddc13,212600670,Commune de Chalancon (26),false,{26067},Commune,2026-03-24 14:41:56.495197+01,gold_establishments_2025,,,,21260067000013,2025,Collectivité Territoriale,Commune,['Drôme'],['Auvergne-Rhône-Alpes'],COM,{26},{84}
ce1b95bc-0cd1-4790-a95f-a246af7fdcd2,218600500,Commune de Chalandray (86),false,{86050},Commune,2026-03-24 14:42:10.508772+01,gold_establishments_2025,,,,21860050000019,2025,Collectivité Territoriale,Commune,['Vienne'],['Nouvelle-Aquitaine'],COM,{86},{75}
16024894-ae85-4190-b51b-255b526d3af9,210201430,Commune de Chalandry (02),false,{02156},Commune,2026-03-24 14:41:51.447482+01,gold_establishments_2025,,,,21020143000019,2025,Collectivité Territoriale,Commune,['Aisne'],['Hauts-de-France'],COM,{02},{32}
25e6f6bd-f130-446c-b473-494fb4414d1b,210800876,Commune de Chalandry-Elaire (08),false,{08096},Commune,2026-03-24 14:41:52.562531+01,gold_establishments_2025,,,,21080087600042,2025,Collectivité Territoriale,Commune,['Ardennes'],['Grand Est'],COM,{08},{44}
59a791e8-90e4-445b-a007-50ba3c61872f,217700723,Commune de Chalautre-la-Grande (77),false,{77072},Commune,2026-03-24 14:42:08.818969+01,gold_establishments_2025,,,,21770072300018,2025,Collectivité Territoriale,Commune,['Seine-et-Marne'],['Île-de-France'],COM,{77},{11}
437d0a49-23ca-40dc-97cc-79373628cc45,217700731,Commune de Chalautre-la-Petite (77),false,{77073},Commune,2026-03-24 14:42:08.818969+01,gold_establishments_2025,,,,21770073100011,2025,Collectivité Territoriale,Commune,['Seine-et-Marne'],['Île-de-France'],COM,{77},{11}
cb2f657b-03db-4332-b7f4-a7191c02ede2,215800491,Commune de Chalaux (58),false,{58049},Commune,2026-03-24 14:42:04.280096+01,gold_establishments_2025,,,,21580049100015,2025,Collectivité Territoriale,Commune,['Nièvre'],['Bourgogne-Franche-Comté'],COM,{58},{27}
5267e550-9f1f-4c42-8609-d341dc57e147,210100756,Commune de Chaleins (01),false,{01075},Commune,2026-03-24 14:41:51.447482+01,gold_establishments_2025,,,,21010075600019,2025,Collectivité Territoriale,Commune,['Ain'],['Auvergne-Rhône-Alpes'],COM,{01},{84}
da502505-3b7c-4460-aa63-036652e750f0,210700480,Commune de Chalencon (07),false,{07048},Commune,2026-03-24 14:41:52.562531+01,gold_establishments_2025,,,,21070048000010,2025,Collectivité Territoriale,Commune,['Ardèche'],['Auvergne-Rhône-Alpes'],COM,{07},{84}
6d7f93d2-e319-412e-a686-1faef9f472c7,211000682,Commune de Chalette-sur-Voire (10),false,{10073},Commune,2026-03-24 14:41:53.095366+01,gold_establishments_2025,,,,21100068200016,2025,Collectivité Territoriale,Commune,['Aube'],['Grand Est'],COM,{10},{44}
b7576e9d-91de-4a99-8cd7-216bb4729b96,210100764,Commune de Chaley (01),false,{01076},Commune,2026-03-24 14:41:51.447482+01,gold_establishments_2025,,,,21010076400013,2025,Collectivité Territoriale,Commune,['Ain'],['Auvergne-Rhône-Alpes'],COM,{01},{84}
a719b1f3-4083-4dc5-8270-c4712ff736f1,212501126,Commune de Chalezeule (25),false,{25112},Commune,2026-03-24 14:41:56.495197+01,gold_establishments_2025,,,,21250112600016,2025,Collectivité Territoriale,Commune,['Doubs'],['Bourgogne-Franche-Comté'],COM,{25},{27}
36c82e52-a43a-4012-b712-528c3f43e0ed,211500343,Commune de Chaliers (15),false,{15034},Commune,2026-03-24 14:41:54.362296+01,gold_establishments_2025,,,,21150034300010,2025,Collectivité Territoriale,Commune,['Cantal'],['Auvergne-Rhône-Alpes'],COM,{15},{84}
92608760-00ae-4e6d-a7c1-1dfcadd47f37,217700756,Commune de Chalifert (77),false,{77075},Commune,2026-03-24 14:42:08.818969+01,gold_establishments_2025,,,,21770075600018,2025,Collectivité Territoriale,Commune,['Seine-et-Marne'],['Île-de-France'],COM,{77},{11}
f0a188a5-ef5e-4a4e-8d58-f6469c9b3faa,215401118,Commune de Chaligny (54),false,{54111},Commune,2026-03-24 14:42:02.957225+01,gold_establishments_2025,,,,21540111800017,2025,Collectivité Territoriale,Commune,['Meurthe-et-Moselle'],['Grand Est'],COM,{54},{44}
a4772cb8-6c58-4c68-8638-f3279204b026,215200650,Commune de Chalindrey (52),false,{52093},Commune,2026-03-24 14:42:01.954481+01,gold_establishments_2025,,,,21520065000012,2025,Collectivité Territoriale,Commune,['Haute-Marne'],['Grand Est'],COM,{52},{44}
db7fd0d6-4aaa-4ab9-b382-aed4659e8f0d,211800453,Commune de Chalivoy-Milon (18),false,{18045},Commune,2026-03-24 14:41:54.903238+01,gold_establishments_2025,,,,21180045300014,2025,Collectivité Territoriale,Commune,['Cher'],['Centre-Val de Loire'],COM,{18},{24}
bee96972-7113-412a-abfa-acf55b58e763,214900615,Commune de Challain-la-Potherie (49),false,{49061},Commune,2026-03-24 14:42:01.412377+01,gold_establishments_2025,,,,21490061500011,2025,Collectivité Territoriale,Commune,['Maine-et-Loire'],['Pays de la Loire'],COM,{49},{52}
8758a8a6-5ef0-4edd-9033-12189ac45b7d,218500478,Commune de Challans (85),false,{85047},Commune,2026-03-24 14:42:10.508772+01,gold_establishments_2025,,,,21850047800209,2025,Collectivité Territoriale,Commune,['Vendée'],['Pays de la Loire'],COM,{85},{52}
4a9f6ae6-b413-4ad9-a286-3e85abdf501a,215800509,Commune de Challement (58),false,{58050},Commune,2026-03-24 14:42:04.280096+01,gold_establishments_2025,,,,21580050900014,2025,Collectivité Territoriale,Commune,['Nièvre'],['Bourgogne-Franche-Comté'],COM,{58},{27}
b8775db6-2299-4952-a60c-cbfa3fa19a33,210800884,Commune de Challerange (08),false,{08097},Commune,2026-03-24 14:41:52.562531+01,gold_establishments_2025,,,,21080088400012,2025,Collectivité Territoriale,Commune,['Ardennes'],['Grand Est'],COM,{08},{44}
7ceecbd1-24a2-4e96-bbfe-6fc11da1e964,217200534,Commune de Challes (72),false,{72053},Commune,2026-03-24 14:42:08.279287+01,gold_establishments_2025,,,,21720053400014,2025,Collectivité Territoriale,Commune,['Sarthe'],['Pays de la Loire'],COM,{72},{52}
f1b3b007-7b03-4f7f-9622-4749d2ca1f6a,210100772,Commune de Challes-la-Montagne (01),false,{01077},Commune,2026-03-24 14:41:51.447482+01,gold_establishments_2025,,,,21010077200016,2025,Collectivité Territoriale,Commune,['Ain'],['Auvergne-Rhône-Alpes'],COM,{01},{84}
2a2dfb6a-0740-4e91-920a-dbca1c9ca7ba,217300649,Commune de Challes-les-Eaux (73),false,{73064},Commune,2026-03-24 14:42:08.279287+01,gold_establishments_2025,,,,21730064900019,2025,Collectivité Territoriale,Commune,['Savoie'],['Auvergne-Rhône-Alpes'],COM,{73},{84}
929a52c9-7368-48fd-8c7c-5adb0e85a999,212800684,Commune de Challet (28),false,{28068},Commune,2026-03-24 14:41:57.028721+01,gold_establishments_2025,,,,21280068400012,2025,Collectivité Territoriale,Commune,['Eure-et-Loir'],['Centre-Val de Loire'],COM,{28},{24}
cb6c67ea-7c3f-4d96-bc26-54e5a56ba140,210100780,Commune de Challex (01),false,{01078},Commune,2026-03-24 14:41:51.447482+01,gold_establishments_2025,,,,21010078000019,2025,Collectivité Territoriale,Commune,['Ain'],['Auvergne-Rhône-Alpes'],COM,{01},{84}
a1898141-7cbe-4bd5-9439-e3f2228f741f,211600747,Commune de Challignac (16),false,{16074},Commune,2026-03-24 14:41:54.362296+01,gold_establishments_2025,,,,21160074700011,2025,Collectivité Territoriale,Commune,['Charente'],['Nouvelle-Aquitaine'],COM,{16},{75}
0174b168-c72c-4990-ad00-ad1a2da3ccc4,217400555,Commune de Challonges (74),false,{74055},Commune,2026-03-24 14:42:08.279287+01,gold_establishments_2025,,,,21740055500017,2025,Collectivité Territoriale,Commune,['Haute-Savoie'],['Auvergne-Rhône-Alpes'],COM,{74},{84}
09572486-c140-4b12-8e32-a648f685cd2b,215800517,Commune de Challuy (58),false,{58051},Commune,2026-03-24 14:42:04.280096+01,gold_establishments_2025,,,,21580051700017,2025,Collectivité Territoriale,Commune,['Nièvre'],['Bourgogne-Franche-Comté'],COM,{58},{27}
b640b805-932d-4ff5-aec9-710e45ccd7d1,217700764,Commune de Chalmaison (77),false,{77076},Commune,2026-03-24 14:42:08.818969+01,gold_establishments_2025,,,,21770076400012,2025,Collectivité Territoriale,Commune,['Seine-et-Marne'],['Île-de-France'],COM,{77},{11}
94cfb1f7-69bc-4a8c-83d2-c6d6d7f20cf8,200055085,Commune de Chalmazel-Jeansagnière (42),false,{42039},Commune,2026-03-24 14:42:00.273698+01,gold_establishments_2025,,,,20005508500019,2025,Collectivité Territoriale,Commune,['Loire'],['Auvergne-Rhône-Alpes'],COM,{42},{84}
265a54ec-b829-40c3-b492-65a903979958,217100759,Commune de Chalmoux (71),false,{71075},Commune,2026-03-24 14:42:07.735343+01,gold_establishments_2025,,,,21710075900018,2025,Collectivité Territoriale,Commune,['Saône-et-Loire'],['Bourgogne-Franche-Comté'],COM,{71},{27}
0911cfcc-dab8-41fa-84ab-602b13192398,219101300,Commune de Chalo-Saint-Mars (91),false,{91130},Commune,2026-03-24 14:42:11.659493+01,gold_establishments_2025,,,,21910130000016,2025,Collectivité Territoriale,Commune,['Essonne'],['Île-de-France'],COM,{91},{11}
7b72f45d-0391-4541-87b9-4e9b8988aad1,213800667,Commune de Chalon (38),false,{38066},Commune,2026-03-24 14:41:59.160244+01,gold_establishments_2025,,,,21380066700015,2025,Collectivité Territoriale,Commune,['Isère'],['Auvergne-Rhône-Alpes'],COM,{38},{84}
b87333b8-b172-49dc-9cdd-b4fed1a916d2,217100767,Commune de Chalon-sur-Saône (71),false,{71076},Commune,2026-03-24 14:42:07.735343+01,gold_establishments_2025,,,,21710076700011,2025,Collectivité Territoriale,Commune,['Saône-et-Loire'],['Bourgogne-Franche-Comté'],COM,{71},{27}
0aee0c83-22e4-4ea3-9198-925fa5558f8c,214900631,Commune de Chalonnes-sur-Loire (49),false,{49063},Commune,2026-03-24 14:42:01.412377+01,gold_establishments_2025,,,,21490063100018,2025,Collectivité Territoriale,Commune,['Maine-et-Loire'],['Pays de la Loire'],COM,{49},{52}
5821ac4c-c190-4e09-b880-37bf7f99f639,219101318,Commune de Chalou-Moulineux (91),false,{91131},Commune,2026-03-24 14:42:11.659493+01,gold_establishments_2025,,,,21910131800018,2025,Collectivité Territoriale,Commune,['Essonne'],['Île-de-France'],COM,{91},{11}
412b0f14-b54c-48da-8f59-76ade848d17e,215101031,Commune de Chaltrait (51),false,{51110},Commune,2026-03-24 14:42:01.412377+01,gold_establishments_2025,,,,21510103100015,2025,Collectivité Territoriale,Commune,['Marne'],['Grand Est'],COM,{51},{44}
23f669d6-740d-4c92-a385-e6960deb7edf,216300749,Commune de Chalus (63),false,{63074},Commune,2026-03-24 14:42:06.130387+01,gold_establishments_2025,,,,21630074900019,2025,Collectivité Territoriale,Commune,['Puy-de-Dôme'],['Auvergne-Rhône-Alpes'],COM,{63},{84}
377a6c48-4c4c-4a50-8c0e-385787652fc8,211500368,Commune de Chalvignac (15),false,{15036},Commune,2026-03-24 14:41:54.362296+01,gold_establishments_2025,,,,21150036800017,2025,Collectivité Territoriale,Commune,['Cantal'],['Auvergne-Rhône-Alpes'],COM,{15},{84}
1e6ec082-7092-4943-8309-578fd9556531,215200676,Commune de Chalvraines (52),false,{52095},Commune,2026-03-24 14:42:01.954481+01,gold_establishments_2025,,,,21520067600017,2025,Collectivité Territoriale,Commune,['Haute-Marne'],['Grand Est'],COM,{52},{44}
1b2b50ce-c1c3-4b14-b901-fdaba09281ac,212501118,Commune de Chalèze (25),false,{25111},Commune,2026-03-24 14:41:56.495197+01,gold_establishments_2025,,,,21250111800013,2025,Collectivité Territoriale,Commune,['Doubs'],['Bourgogne-Franche-Comté'],COM,{25},{27}
c80cb511-aa8e-4d10-b961-a05731bd8a16,213301245,Commune de Chamadelle (33),false,{33124},Commune,2026-03-24 14:41:58.620411+01,gold_establishments_2025,,,,21330124500014,2025,Collectivité Territoriale,Commune,['Gironde'],['Nouvelle-Aquitaine'],COM,{33},{75}
05b1d0bc-9906-46f3-90a5-b346d242d165,218800845,Commune de Chamagne (88),false,{88084},Commune,2026-03-24 14:42:11.118516+01,gold_establishments_2025,,,,21880084500016,2025,Collectivité Territoriale,Commune,['Vosges'],['Grand Est'],COM,{88},{44}
d8c9551e-9588-40f6-9c3f-2b4438a0da64,213800675,Commune de Chamagnieu (38),false,{38067},Commune,2026-03-24 14:41:59.160244+01,gold_establishments_2025,,,,21380067500018,2025,Collectivité Territoriale,Commune,['Isère'],['Auvergne-Rhône-Alpes'],COM,{38},{84}
6f1e7eb9-c350-4292-9e25-a08d2c710002,216300756,Commune de Chamalières (63),false,{63075},Commune,2026-03-24 14:42:06.130387+01,gold_establishments_2025,,,,21630075600014,2025,Collectivité Territoriale,Commune,['Puy-de-Dôme'],['Auvergne-Rhône-Alpes'],COM,{63},{84}
834cbc9d-1db1-4bd8-b92a-2f1e5f33ec24,214300493,Commune de Chamalières-sur-Loire (43),false,{43049},Commune,2026-03-24 14:42:00.273698+01,gold_establishments_2025,,,,21430049300019,2025,Collectivité Territoriale,Commune,['Haute-Loire'],['Auvergne-Rhône-Alpes'],COM,{43},{84}
c7b91f7e-fcff-4fdb-aa25-805f11e7ac3d,212600696,Commune de Chamaloc (26),false,{26069},Commune,2026-03-24 14:41:56.495197+01,gold_establishments_2025,,,,21260069600018,2025,Collectivité Territoriale,Commune,['Drôme'],['Auvergne-Rhône-Alpes'],COM,{26},{84}
c9cf2084-c4de-45c9-b068-a5619209f622,216001370,Commune de Chamant (60),false,{60138},Commune,2026-03-24 14:42:04.814328+01,gold_establishments_2025,,,,21600137000016,2025,Collectivité Territoriale,Commune,['Oise'],['Hauts-de-France'],COM,{60},{32}
87aca91e-e217-42d8-8443-77a4e4a386e5,219101326,Commune de Chamarande (91),false,{91132},Commune,2026-03-24 14:42:11.659493+01,gold_establishments_2025,,,,21910132600011,2025,Collectivité Territoriale,Commune,['Essonne'],['Île-de-France'],COM,{91},{11}
0496d1d2-81ce-460e-b261-68d957ca02a4,215200866,Commune de Chamarandes-Choignes (52),false,{52125},Commune,2026-03-24 14:42:01.954481+01,gold_establishments_2025,,,,21520086600014,2025,Collectivité Territoriale,Commune,['Haute-Marne'],['Grand Est'],COM,{52},{44}
bc7f59e9-21eb-4170-8164-098c88e1dc39,212600704,Commune de Chamaret (26),false,{26070},Commune,2026-03-24 14:41:56.495197+01,gold_establishments_2025,,,,21260070400010,2025,Collectivité Territoriale,Commune,['Drôme'],['Auvergne-Rhône-Alpes'],COM,{26},{84}
cbbe22c5-cc25-4701-a88a-68947c5df205,212101299,Commune de Chambain (21),false,{21129},Commune,2026-03-24 14:41:55.433389+01,gold_establishments_2025,,,,21210129900015,2025,Collectivité Territoriale,Commune,"[""Côte-d'Or""]",['Bourgogne-Franche-Comté'],COM,{21},{27}
74803776-792e-47f8-b696-ffcefc4ea082,200057818,Commune de Chambaron sur Morge (63),false,{63244},Commune,2026-03-24 14:42:06.130387+01,gold_establishments_2025,,,,20005781800011,2025,Collectivité Territoriale,Commune,['Puy-de-Dôme'],['Auvergne-Rhône-Alpes'],COM,{63},{84}
b6bdf148-1118-424a-bad9-1f54df10f8a0,212101307,Commune de Chambeire (21),false,{21130},Commune,2026-03-24 14:41:55.433389+01,gold_establishments_2025,,,,21210130700016,2025,Collectivité Territoriale,Commune,"[""Côte-d'Or""]",['Bourgogne-Franche-Comté'],COM,{21},{27}
7c1f935d-1306-4cfe-8514-884fcdf919b4,214900649,Commune de Chambellay (49),false,{49064},Commune,2026-03-24 14:42:01.412377+01,gold_establishments_2025,,,,21490064900010,2025,Collectivité Territoriale,Commune,['Maine-et-Loire'],['Pays de la Loire'],COM,{49},{52}
74c035a8-fc6a-48ed-b9b6-6ec92975f452,212304307,Commune de Chamberaud (23),false,{23043},Commune,2026-03-24 14:41:55.958138+01,gold_establishments_2025,,,,21230430700011,2025,Collectivité Territoriale,Commune,['Creuse'],['Nouvelle-Aquitaine'],COM,{23},{75}
40544aea-7492-4111-9c0b-1ea820d11a26,211903604,Commune de Chamberet (19),false,{19036},Commune,2026-03-24 14:41:54.903238+01,gold_establishments_2025,,,,21190360400018,2025,Collectivité Territoriale,Commune,['Corrèze'],['Nouvelle-Aquitaine'],COM,{19},{75}
b314b334-872b-41d8-83a9-be3acfbbeb8e,214300501,Commune de Chambezon (43),false,{43050},Commune,2026-03-24 14:42:00.273698+01,gold_establishments_2025,,,,21430050100019,2025,Collectivité Territoriale,Commune,['Haute-Loire'],['Auvergne-Rhône-Alpes'],COM,{43},{84}
d26a0d55-a2f7-4544-b97b-e2903bec0410,217100775,Commune de Chambilly (71),false,{71077},Commune,2026-03-24 14:42:07.735343+01,gold_establishments_2025,,,,21710077500014,2025,Collectivité Territoriale,Commune,['Saône-et-Loire'],['Bourgogne-Franche-Comté'],COM,{71},{27}
e72ab811-a53e-4dff-aeb5-efc6681cc65b,212701387,Commune de Chamblac (27),false,{27138},Commune,2026-03-24 14:41:56.495197+01,gold_establishments_2025,,,,21270138700012,2025,Collectivité Territoriale,Commune,['Eure'],['Normandie'],COM,{27},{28}
6165e7cb-d39c-415b-ab48-5d8f7663d96c,212101315,Commune de Chamblanc (21),false,{21131},Commune,2026-03-24 14:41:55.433389+01,gold_establishments_2025,,,,21210131500019,2025,Collectivité Territoriale,Commune,"[""Côte-d'Or""]",['Bourgogne-Franche-Comté'],COM,{21},{27}
67e468e1-db25-4d99-a2e5-8882101d8ac6,213900939,Commune de Chamblay (39),false,{39093},Commune,2026-03-24 14:41:59.705606+01,gold_establishments_2025,,,,21390093900017,2025,Collectivité Territoriale,Commune,['Jura'],['Bourgogne-Franche-Comté'],COM,{39},{27}
f81430dd-e6ea-4911-ba18-051b4cdbb900,214200420,Commune de Chambles (42),false,{42042},Commune,2026-03-24 14:42:00.273698+01,gold_establishments_2025,,,,21420042000013,2025,Collectivité Territoriale,Commune,['Loire'],['Auvergne-Rhône-Alpes'],COM,{42},{84}
3244ff42-5879-4852-89f0-aa996167c936,210300521,Commune de Chamblet (03),false,{03052},Commune,2026-03-24 14:41:52.020251+01,gold_establishments_2025,,,,21030052100015,2025,Collectivité Territoriale,Commune,['Allier'],['Auvergne-Rhône-Alpes'],COM,{03},{84}
b8650189-b54e-4454-a441-d1e2512f7e32,215401126,Commune de Chambley-Bussières (54),false,{54112},Commune,2026-03-24 14:42:02.957225+01,gold_establishments_2025,,,,21540112600010,2025,Collectivité Territoriale,Commune,['Meurthe-et-Moselle'],['Grand Est'],COM,{54},{44}
81d12379-6ae6-4b9a-8af0-d74c765966fa,216001388,Commune de Chambly (60),false,{60139},Commune,2026-03-24 14:42:04.814328+01,gold_establishments_2025,,,,21600138800018,2025,Collectivité Territoriale,Commune,['Oise'],['Hauts-de-France'],COM,{60},{32}
f5e308d2-e61f-4eb3-8666-60cd3e4d7711,200056117,Commune de Chambois (27),false,{27032},Commune,2026-03-24 14:41:56.495197+01,gold_establishments_2025,,,,20005611700019,2025,Collectivité Territoriale,Commune,['Eure'],['Normandie'],COM,{27},{28}
f4d6d45c-2bda-4927-9ef7-659114c68515,212101331,Commune de Chambolle-Musigny (21),false,{21133},Commune,2026-03-24 14:41:55.433389+01,gold_establishments_2025,,,,21210133100016,2025,Collectivité Territoriale,Commune,"[""Côte-d'Or""]",['Bourgogne-Franche-Comté'],COM,{21},{27}
b4c6872d-87e2-4e0c-9932-ae7097751609,211700802,Commune de Chambon (17),false,{17080},Commune,2026-03-24 14:41:54.903238+01,gold_establishments_2025,,,,21170080200013,2025,Collectivité Territoriale,Commune,['Charente-Maritime'],['Nouvelle-Aquitaine'],COM,{17},{75}
659c056e-6b01-448f-9660-a39e3d40019c,211800461,Commune de Chambon (18),false,{18046},Commune,2026-03-24 14:41:54.903238+01,gold_establishments_2025,,,,21180046100017,2025,Collectivité Territoriale,Commune,['Cher'],['Centre-Val de Loire'],COM,{18},{24}
ec9e7715-69a5-4923-b1e4-6f9b1fefc083,213000797,Commune de Chambon (30),false,{30079},Commune,2026-03-24 14:41:57.56054+01,gold_establishments_2025,,,,21300079700018,2025,Collectivité Territoriale,Commune,['Gard'],['Occitanie'],COM,{30},{76}
c3b8f335-5f96-455d-aaec-f2e43671a694,213700487,Commune de Chambon (37),false,{37048},Commune,2026-03-24 14:41:59.160244+01,gold_establishments_2025,,,,21370048700019,2025,Collectivité Territoriale,Commune,['Indre-et-Loire'],['Centre-Val de Loire'],COM,{37},{24}
762e6292-c468-406c-b38a-2c6acd6688c2,212304406,Commune de Chambon-Sainte-Croix (23),false,{23044},Commune,2026-03-24 14:41:55.958138+01,gold_establishments_2025,,,,21230440600011,2025,Collectivité Territoriale,Commune,['Creuse'],['Nouvelle-Aquitaine'],COM,{23},{75}
01159cda-05a7-4ecc-a858-14967ad6adbc,214500696,Commune de Chambon-la-Forêt (45),false,{45069},Commune,2026-03-24 14:42:00.862623+01,gold_establishments_2025,,,,21450069600015,2025,Collectivité Territoriale,Commune,['Loiret'],['Centre-Val de Loire'],COM,{45},{24}
8c4c9414-0413-4a2e-8400-fbb9eee3c9f9,216300764,Commune de Chambon-sur-Dolore (63),false,{63076},Commune,2026-03-24 14:42:06.130387+01,gold_establishments_2025,,,,21630076400018,2025,Collectivité Territoriale,Commune,['Puy-de-Dôme'],['Auvergne-Rhône-Alpes'],COM,{63},{84}
cb74c46d-b573-4798-89ed-b3341f8f90fd,216300772,Commune de Chambon-sur-Lac (63),false,{63077},Commune,2026-03-24 14:42:06.130387+01,gold_establishments_2025,,,,21630077200011,2025,Collectivité Territoriale,Commune,['Puy-de-Dôme'],['Auvergne-Rhône-Alpes'],COM,{63},{84}
217d13d8-28aa-44a0-9875-5c9078c22e47,212304505,Commune de Chambon-sur-Voueize (23),false,{23045},Commune,2026-03-24 14:41:55.958138+01,gold_establishments_2025,,,,21230450500010,2025,Collectivité Territoriale,Commune,['Creuse'],['Nouvelle-Aquitaine'],COM,{23},{75}
50cd3c22-e3fe-47f1-acc8-61e8e04cdc2a,210700506,Commune de Chambonas (07),false,{07050},Commune,2026-03-24 14:41:52.562531+01,gold_establishments_2025,,,,21070050600012,2025,Collectivité Territoriale,Commune,['Ardèche'],['Auvergne-Rhône-Alpes'],COM,{07},{84}
ab0e8d35-36cd-4ed5-b467-80ccba597f08,212304604,Commune de Chambonchard (23),false,{23046},Commune,2026-03-24 14:41:55.958138+01,gold_establishments_2025,,,,21230460400011,2025,Collectivité Territoriale,Commune,['Creuse'],['Nouvelle-Aquitaine'],COM,{23},{75}
ac674195-b5b3-4784-95b5-686e4690e55e,212304703,Commune de Chamborand (23),false,{23047},Commune,2026-03-24 14:41:55.958138+01,gold_establishments_2025,,,,21230470300011,2025,Collectivité Territoriale,Commune,['Creuse'],['Nouvelle-Aquitaine'],COM,{23},{75}
d4646b0b-38ff-4e5f-abe2-7cedea366e31,212701395,Commune de Chambord (27),false,{27139},Commune,2026-03-24 14:41:56.495197+01,gold_establishments_2025,,,,21270139500015,2025,Collectivité Territoriale,Commune,['Eure'],['Normandie'],COM,{27},{28}
8fab0dab-d06f-4a28-b976-20413402605f,214100349,Commune de Chambord (41),false,{41034},Commune,2026-03-24 14:42:00.273698+01,gold_establishments_2025,,,,21410034900015,2025,Collectivité Territoriale,Commune,['Loir-et-Cher'],['Centre-Val de Loire'],COM,{41},{24}
4ff9c9b0-2d08-4fcf-a8e1-26d0b95b25fb,218703304,Commune de Chamboret (87),false,{87033},Commune,2026-03-24 14:42:11.118516+01,gold_establishments_2025,,,,21870330400012,2025,Collectivité Territoriale,Commune,['Haute-Vienne'],['Nouvelle-Aquitaine'],COM,{87},{75}
fa27ec3e-d2da-41a1-b73f-b0899fcfaa49,213000805,Commune de Chamborigaud (30),false,{30080},Commune,2026-03-24 14:41:57.56054+01,gold_establishments_2025,,,,21300080500019,2025,Collectivité Territoriale,Commune,['Gard'],['Occitanie'],COM,{30},{76}
56a05efc-8b30-4ec3-a4f8-dacde4d62897,217001189,Commune de Chambornay-lès-Bellevaux (70),false,{70118},Commune,2026-03-24 14:42:07.735343+01,gold_establishments_2025,,,,21700118900018,2025,Collectivité Territoriale,Commune,['Haute-Saône'],['Bourgogne-Franche-Comté'],COM,{70},{27}
ba1c039b-c1c8-43f5-9a3e-6b01d2e386b1,217001197,Commune de Chambornay-lès-Pin (70),false,{70119},Commune,2026-03-24 14:42:07.735343+01,gold_establishments_2025,,,,21700119700011,2025,Collectivité Territoriale,Commune,['Haute-Saône'],['Bourgogne-Franche-Comté'],COM,{70},{27}
61d80ba6-4395-4f99-96e8-21f747339e9f,216001396,Commune de Chambors (60),false,{60140},Commune,2026-03-24 14:42:04.814328+01,gold_establishments_2025,,,,21600139600011,2025,Collectivité Territoriale,Commune,['Oise'],['Hauts-de-France'],COM,{60},{32}
b3e26087-5ab6-46dd-811d-d02a070aea6a,216900373,Commune de Chambost-Allières (69),false,{69037},Commune,2026-03-24 14:42:07.195692+01,gold_establishments_2025,,,,21690037300012,2025,Collectivité Territoriale,Commune,['Rhône'],['Auvergne-Rhône-Alpes'],COM,{69},{84}
fc96e033-452f-4438-b3e3-d0bbf12b5f59,216900381,Commune de Chambost-Longessaigne (69),false,{69038},Commune,2026-03-24 14:42:07.195692+01,gold_establishments_2025,,,,21690038100015,2025,Collectivité Territoriale,Commune,['Rhône'],['Auvergne-Rhône-Alpes'],COM,{69},{84}
8d8fa61a-8e0d-4de7-b15a-010d945c728d,211903703,Commune de Chamboulive (19),false,{19037},Commune,2026-03-24 14:41:54.903238+01,gold_establishments_2025,,,,21190370300018,2025,Collectivité Territoriale,Commune,['Corrèze'],['Nouvelle-Aquitaine'],COM,{19},{75}
0a39386b-f9bd-4152-b48c-4b6bca30f007,217801331,Commune de Chambourcy (78),false,{78133},Commune,2026-03-24 14:42:09.43682+01,gold_establishments_2025,,,,21780133100018,2025,Collectivité Territoriale,Commune,['Yvelines'],['Île-de-France'],COM,{78},{11}
442abdf0-55f9-4647-8160-862b48486ed5,213700495,Commune de Chambourg-sur-Indre (37),false,{37049},Commune,2026-03-24 14:41:59.160244+01,gold_establishments_2025,,,,21370049500012,2025,Collectivité Territoriale,Commune,['Indre-et-Loire'],['Centre-Val de Loire'],COM,{37},{24}
0065e421-08d4-4cf0-ad1f-5af7ff5f73aa,212701403,Commune de Chambray (27),false,{27140},Commune,2026-03-24 14:41:56.495197+01,gold_establishments_2025,,,,21270140300017,2025,Collectivité Territoriale,Commune,['Eure'],['Normandie'],COM,{27},{28}
cb7d961b-4cd8-41f1-945e-71a3104311bc,213700503,Commune de Chambray-lès-Tours (37),false,{37050},Commune,2026-03-24 14:41:59.160244+01,gold_establishments_2025,,,,21370050300013,2025,Collectivité Territoriale,Commune,['Indre-et-Loire'],['Centre-Val de Loire'],COM,{37},{24}
47cc6cf6-51a6-4d91-92c7-c3c16b804114,215101049,Commune de Chambrecy (51),false,{51111},Commune,2026-03-24 14:42:01.412377+01,gold_establishments_2025,,,,21510104900017,2025,Collectivité Territoriale,Commune,['Marne'],['Grand Est'],COM,{51},{44}
b127a99a-0bcd-4cb0-972e-1a99faf175ff,215701269,Commune de Chambrey (57),false,{57126},Commune,2026-03-24 14:42:03.701372+01,gold_establishments_2025,,,,21570126900056,2025,Collectivité Territoriale,Commune,['Moselle'],['Grand Est'],COM,{57},{44}
fe4699bf-3cb4-4572-a5d0-55f9beba2c12,215200684,Commune de Chambroncourt (52),false,{52097},Commune,2026-03-24 14:42:01.954481+01,gold_establishments_2025,,,,21520068400011,2025,Collectivité Territoriale,Commune,['Haute-Marne'],['Grand Est'],COM,{52},{44}
56d2decf-c340-47c4-a2e3-3f098c4234e8,210201448,Commune de Chambry (02),false,{02157},Commune,2026-03-24 14:41:51.447482+01,gold_establishments_2025,,,,21020144800011,2025,Collectivité Territoriale,Commune,['Aisne'],['Hauts-de-France'],COM,{02},{32}
4fa621f8-a98f-4d30-8be2-b9f8bc179bb7,217700772,Commune de Chambry (77),false,{77077},Commune,2026-03-24 14:42:08.818969+01,gold_establishments_2025,,,,21770077200015,2025,Collectivité Territoriale,Commune,['Seine-et-Marne'],['Île-de-France'],COM,{77},{11}
da53b0d6-6ef7-4d9b-98e1-a8195a0bdc64,214200412,Commune de Chambéon (42),false,{42041},Commune,2026-03-24 14:42:00.273698+01,gold_establishments_2025,,,,21420041200010,2025,Collectivité Territoriale,Commune,['Loire'],['Auvergne-Rhône-Alpes'],COM,{42},{84}
caa591cf-d53a-48f9-951a-5d4880a1b22a,210300513,Commune de Chambérat (03),false,{03051},Commune,2026-03-24 14:41:52.020251+01,gold_establishments_2025,,,,21030051300012,2025,Collectivité Territoriale,Commune,['Allier'],['Auvergne-Rhône-Alpes'],COM,{03},{84}
55befd0c-e1cc-4105-8bf9-06833b3d57ed,213900921,Commune de Chambéria (39),false,{39092},Commune,2026-03-24 14:41:59.705606+01,gold_establishments_2025,,,,21390092100015,2025,Collectivité Territoriale,Commune,['Jura'],['Bourgogne-Franche-Comté'],COM,{39},{27}
2d7ad5fd-6511-46ef-af5d-c6fe67fd6a9f,217300656,Commune de Chambéry (73),false,{73065},Commune,2026-03-24 14:42:08.279287+01,gold_establishments_2025,,,,21730065600014,2025,Collectivité Territoriale,Commune,['Savoie'],['Auvergne-Rhône-Alpes'],COM,{73},{84}
8bee5f24-8ab0-43d1-8e1a-e76adfdbcaec,212101323,Commune de Chambœuf (21),false,{21132},Commune,2026-03-24 14:41:55.433389+01,gold_establishments_2025,,,,21210132300013,2025,Collectivité Territoriale,Commune,"[""Côte-d'Or""]",['Bourgogne-Franche-Comté'],COM,{21},{27}
2c7a75c1-84e6-40ee-bf8a-ba422e1b1ed2,214200438,Commune de Chambœuf (42),false,{42043},Commune,2026-03-24 14:42:00.273698+01,gold_establishments_2025,,,,21420043800015,2025,Collectivité Territoriale,Commune,['Loire'],['Auvergne-Rhône-Alpes'],COM,{42},{84}
a4e35361-69e5-4d0f-84a3-c2a4a1359702,216900399,Commune de Chamelet (69),false,{69039},Commune,2026-03-24 14:42:07.195692+01,gold_establishments_2025,,,,21690039900017,2025,Collectivité Territoriale,Commune,['Rhône'],['Auvergne-Rhône-Alpes'],COM,{69},{84}
704e465f-a668-4ce4-80d3-266572a3c814,215101056,Commune de Chamery (51),false,{51112},Commune,2026-03-24 14:42:01.412377+01,gold_establishments_2025,,,,21510105600012,2025,Collectivité Territoriale,Commune,['Marne'],['Grand Est'],COM,{51},{44}
52d7022a-5028-4062-bb68-ac8ded9e2068,212501134,Commune de Chamesey (25),false,{25113},Commune,2026-03-24 14:41:56.495197+01,gold_establishments_2025,,,,21250113400010,2025,Collectivité Territoriale,Commune,['Doubs'],['Bourgogne-Franche-Comté'],COM,{25},{27}
c065069a-9e83-43ad-81a3-097cebcc5f7a,212501142,Commune de Chamesol (25),false,{25114},Commune,2026-03-24 14:41:56.495197+01,gold_establishments_2025,,,,21250114200013,2025,Collectivité Territoriale,Commune,['Doubs'],['Bourgogne-Franche-Comté'],COM,{25},{27}
7f568343-bbb1-42d6-a2c3-d7e64d5ec404,212101349,Commune de Chamesson (21),false,{21134},Commune,2026-03-24 14:41:55.433389+01,gold_establishments_2025,,,,21210134900018,2025,Collectivité Territoriale,Commune,"[""Côte-d'Or""]",['Bourgogne-Franche-Comté'],COM,{21},{27}
38066e25-1811-4c40-b03d-4c3071c39aab,211903802,Commune de Chameyrat (19),false,{19038},Commune,2026-03-24 14:41:54.903238+01,gold_establishments_2025,,,,21190380200018,2025,Collectivité Territoriale,Commune,['Corrèze'],['Nouvelle-Aquitaine'],COM,{19},{75}
1868aa66-7488-4ec0-a2aa-6e3c5819ec93,217700780,Commune de Chamigny (77),false,{77078},Commune,2026-03-24 14:42:08.818969+01,gold_establishments_2025,,,,21770078000018,2025,Collectivité Territoriale,Commune,['Seine-et-Marne'],['Île-de-France'],COM,{77},{11}
82ecb7c1-fcfc-4d9d-a870-95598ab0b421,217100783,Commune de Chamilly (71),false,{71078},Commune,2026-03-24 14:42:07.735343+01,gold_establishments_2025,,,,21710078300018,2025,Collectivité Territoriale,Commune,['Saône-et-Loire'],['Bourgogne-Franche-Comté'],COM,{71},{27}
dfe27654-62b4-443a-99bc-337a296ae09e,213900947,Commune de Chamole (39),false,{39094},Commune,2026-03-24 14:41:59.705606+01,gold_establishments_2025,,,,21390094700010,2025,Collectivité Territoriale,Commune,['Jura'],['Bourgogne-Franche-Comté'],COM,{39},{27}
bab31b5d-cba4-470c-9c2d-eed8642d5d04,217400563,Commune de Chamonix-Mont-Blanc (74),false,{74056},Commune,2026-03-24 14:42:08.279287+01,gold_establishments_2025,,,,21740056300011,2025,Collectivité Territoriale,Commune,['Haute-Savoie'],['Auvergne-Rhône-Alpes'],COM,{74},{84}
3d73d036-9226-46ef-b9d0-74f8283e733a,211700810,Commune de Chamouillac (17),false,{17081},Commune,2026-03-24 14:41:54.903238+01,gold_establishments_2025,,,,21170081000016,2025,Collectivité Territoriale,Commune,['Charente-Maritime'],['Nouvelle-Aquitaine'],COM,{17},{75}
cf7af2e6-22ba-475b-bf24-b5759666628e,210201455,Commune de Chamouille (02),false,{02158},Commune,2026-03-24 14:41:51.447482+01,gold_establishments_2025,,,,21020145500016,2025,Collectivité Territoriale,Commune,['Aisne'],['Hauts-de-France'],COM,{02},{32}
acf4bb8d-03a0-4bd1-9374-1e4516f9340a,215200692,Commune de Chamouilley (52),false,{52099},Commune,2026-03-24 14:42:01.954481+01,gold_establishments_2025,,,,21520069200014,2025,Collectivité Territoriale,Commune,['Haute-Marne'],['Grand Est'],COM,{52},{44}
029edd60-c464-4a4b-ac86-aad2afaed616,217300680,Commune de Chamousset (73),false,{73068},Commune,2026-03-24 14:42:08.279287+01,gold_establishments_2025,,,,21730068000014,2025,Collectivité Territoriale,Commune,['Savoie'],['Auvergne-Rhône-Alpes'],COM,{73},{84}
ce3f5f51-a9c2-436a-8162-270a07303f65,218900710,Commune de Chamoux (89),false,{89071},Commune,2026-03-24 14:42:11.118516+01,gold_establishments_2025,,,,21890071000011,2025,Collectivité Territoriale,Commune,['Yonne'],['Bourgogne-Franche-Comté'],COM,{89},{27}
51ac6e0e-ac4c-40d3-9121-fb5acc23d3f1,217300698,Commune de Chamoux-sur-Gelon (73),false,{73069},Commune,2026-03-24 14:42:08.279287+01,gold_establishments_2025,,,,21730069800016,2025,Collectivité Territoriale,Commune,['Savoie'],['Auvergne-Rhône-Alpes'],COM,{73},{84}
da00bd45-9784-4e92-ac7f-504a89a52a91,211000690,Commune de Chamoy (10),false,{10074},Commune,2026-03-24 14:41:53.095366+01,gold_establishments_2025,,,,21100069000019,2025,Collectivité Territoriale,Commune,['Aube'],['Grand Est'],COM,{10},{44}
194a287a-4ca4-4109-b53c-e23bffa7942d,212701411,Commune de Champ-Dolent (27),false,{27141},Commune,2026-03-24 14:41:56.495197+01,gold_establishments_2025,,,,21270141100010,2025,Collectivité Territoriale,Commune,['Eure'],['Normandie'],COM,{27},{28}
c0282462-ae09-45c4-b240-4c977076c47f,216100883,Commune de Champ-Haut (61),false,{61088},Commune,2026-03-24 14:42:04.814328+01,gold_establishments_2025,,,,21610088300018,2025,Collectivité Territoriale,Commune,['Orne'],['Normandie'],COM,{61},{28}
9e4fe34e-da47-414e-a87c-9026e6a1dea3,217300722,Commune de Champ-Laurent (73),false,{73072},Commune,2026-03-24 14:42:08.279287+01,gold_establishments_2025,,,,21730072200014,2025,Collectivité Territoriale,Commune,['Savoie'],['Auvergne-Rhône-Alpes'],COM,{73},{84}
14bf3255-6ad6-4176-9fcb-92cf1bf1ccf8,212101372,Commune de Champ-d'Oiseau (21),false,{21137},Commune,2026-03-24 14:41:55.433389+01,gold_establishments_2025,,,,21210137200010,2025,Collectivité Territoriale,Commune,"[""Côte-d'Or""]",['Bourgogne-Franche-Comté'],COM,{21},{27}
99a85a84-7117-4bad-9bab-2a31130fafd1,218800860,Commune de Champ-le-Duc (88),false,{88086},Commune,2026-03-24 14:42:11.118516+01,gold_establishments_2025,,,,21880086000015,2025,Collectivité Territoriale,Commune,['Vosges'],['Grand Est'],COM,{88},{44}
f3163b4d-996d-42f4-bb17-842d217a3875,211000732,Commune de Champ-sur-Barse (10),false,{10078},Commune,2026-03-24 14:41:53.095366+01,gold_establishments_2025,,,,21100073200019,2025,Collectivité Territoriale,Commune,['Aube'],['Grand Est'],COM,{10},{44}
7794df28-1881-4a17-8daf-93141ebf40f4,213800717,Commune de Champ-sur-Drac (38),false,{38071},Commune,2026-03-24 14:41:59.160244+01,gold_establishments_2025,,,,21380071700018,2025,Collectivité Territoriale,Commune,['Isère'],['Auvergne-Rhône-Alpes'],COM,{38},{84}
0fdae8c0-ef93-45cb-816b-610e65844169,211500376,Commune de Champagnac (15),false,{15037},Commune,2026-03-24 14:41:54.362296+01,gold_establishments_2025,,,,21150037600010,2025,Collectivité Territoriale,Commune,['Cantal'],['Auvergne-Rhône-Alpes'],COM,{15},{84}
84501be8-e60e-490a-a35f-632e1d4d7fef,211700828,Commune de Champagnac (17),false,{17082},Commune,2026-03-24 14:41:54.903238+01,gold_establishments_2025,,,,21170082800018,2025,Collectivité Territoriale,Commune,['Charente-Maritime'],['Nouvelle-Aquitaine'],COM,{17},{75}
7db89de0-d995-4ca6-8467-3dca80d0227d,212400964,Commune de Champagnac-de-Belair (24),false,{24096},Commune,2026-03-24 14:41:55.958138+01,gold_establishments_2025,,,,21240096400012,2025,Collectivité Territoriale,Commune,['Dordogne'],['Nouvelle-Aquitaine'],COM,{24},{75}
8a12dc88-6bf9-4cb7-bbe1-6137f0736cb3,211903901,Commune de Champagnac-la-Noaille (19),false,{19039},Commune,2026-03-24 14:41:54.903238+01,gold_establishments_2025,,,,21190390100018,2025,Collectivité Territoriale,Commune,['Corrèze'],['Nouvelle-Aquitaine'],COM,{19},{75}
c7162d79-1937-46c7-b960-285d037bb0ea,211904008,Commune de Champagnac-la-Prune (19),false,{19040},Commune,2026-03-24 14:41:54.903238+01,gold_establishments_2025,,,,21190400800011,2025,Collectivité Territoriale,Commune,['Corrèze'],['Nouvelle-Aquitaine'],COM,{19},{75}
3a8157f1-f0e2-497c-9891-562c6513a38b,218703403,Commune de Champagnac-la-Rivière (87),false,{87034},Commune,2026-03-24 14:42:11.118516+01,gold_establishments_2025,,,,21870340300012,2025,Collectivité Territoriale,Commune,['Haute-Vienne'],['Nouvelle-Aquitaine'],COM,{87},{75}
e7c24e2c-81c9-4884-973a-c5e6404ef4e5,214300527,Commune de Champagnac-le-Vieux (43),false,{43052},Commune,2026-03-24 14:42:00.273698+01,gold_establishments_2025,,,,21430052700014,2025,Collectivité Territoriale,Commune,['Haute-Loire'],['Auvergne-Rhône-Alpes'],COM,{43},{84}
bb13590b-f721-4fc7-8f7d-4e71d23cac2c,212304802,Commune de Champagnat (23),false,{23048},Commune,2026-03-24 14:41:55.958138+01,gold_establishments_2025,,,,21230480200011,2025,Collectivité Territoriale,Commune,['Creuse'],['Nouvelle-Aquitaine'],COM,{23},{75}
49287fec-82c3-45b6-b118-4765385187a9,217100791,Commune de Champagnat (71),false,{71079},Commune,2026-03-24 14:42:07.735343+01,gold_establishments_2025,,,,21710079100011,2025,Collectivité Territoriale,Commune,['Saône-et-Loire'],['Bourgogne-Franche-Comté'],COM,{71},{27}
716aab0c-e91c-45b2-9dff-240f52f2afe5,216300798,Commune de Champagnat-le-Jeune (63),false,{63079},Commune,2026-03-24 14:42:06.130387+01,gold_establishments_2025,,,,21630079800016,2025,Collectivité Territoriale,Commune,['Puy-de-Dôme'],['Auvergne-Rhône-Alpes'],COM,{63},{84}
7a2cb897-ef49-45a8-856a-5f670c31cfe0,210700514,Commune de Champagne (07),false,{07051},Commune,2026-03-24 14:41:52.562531+01,gold_establishments_2025,,,,21070051400016,2025,Collectivité Territoriale,Commune,['Ardèche'],['Auvergne-Rhône-Alpes'],COM,{07},{84}
dff789e7-fbdb-4f37-ba31-5b6dff78bb2a,211700836,Commune de Champagne (17),false,{17083},Commune,2026-03-24 14:41:54.903238+01,gold_establishments_2025,,,,21170083600011,2025,Collectivité Territoriale,Commune,['Charente-Maritime'],['Nouvelle-Aquitaine'],COM,{17},{75}
9a847bc7-9b3b-429f-8f15-c833d78cf7c0,211600762,Commune de Champagne-Mouton (16),false,{16076},Commune,2026-03-24 14:41:54.362296+01,gold_establishments_2025,,,,21160076200010,2025,Collectivité Territoriale,Commune,['Charente'],['Nouvelle-Aquitaine'],COM,{16},{75}
8165c4e2-b5f0-4768-bb6c-d5c8bd5796d3,211600754,Commune de Champagne-Vigny (16),false,{16075},Commune,2026-03-24 14:41:54.362296+01,gold_establishments_2025,,,,21160075400017,2025,Collectivité Territoriale,Commune,['Charente'],['Nouvelle-Aquitaine'],COM,{16},{75}
f0f08736-4876-495a-baa7-a4266cef815a,216900407,Commune de Champagne-au-Mont-d'Or (69),false,{69040},Commune,2026-03-24 14:42:07.195692+01,gold_establishments_2025,,,,21690040700018,2025,Collectivité Territoriale,Commune,['Rhône'],['Auvergne-Rhône-Alpes'],COM,{69},{84}
2e7a1b61-d525-4b58-b154-1e2e000b2ccf,210100798,Commune de Champagne-en-Valromey (01),false,{01079},Commune,2026-03-24 14:41:51.447482+01,gold_establishments_2025,,,,21010079800011,2025,Collectivité Territoriale,Commune,['Ain'],['Auvergne-Rhône-Alpes'],COM,{01},{84}
ef93d9d3-073e-4ebe-96fd-6b531845e03f,212400972,Commune de Champagne-et-Fontaine (24),false,{24097},Commune,2026-03-24 14:41:55.958138+01,gold_establishments_2025,,,,21240097200015,2025,Collectivité Territoriale,Commune,['Dordogne'],['Nouvelle-Aquitaine'],COM,{24},{75}
6e6dae6a-abbe-4922-af1c-91fe7f680e35,213900954,Commune de Champagne-sur-Loue (39),false,{39095},Commune,2026-03-24 14:41:59.705606+01,gold_establishments_2025,,,,21390095400016,2025,Collectivité Territoriale,Commune,['Jura'],['Bourgogne-Franche-Comté'],COM,{39},{27}
18cd380f-c6f1-425a-86af-211e1704ca6e,219501343,Commune de Champagne-sur-Oise (95),false,{95134},Commune,2026-03-24 14:42:11.659493+01,gold_establishments_2025,,,,21950134300012,2025,Collectivité Territoriale,Commune,"[""Val-d'Oise""]",['Île-de-France'],COM,{95},{11}
c8db7fdd-054b-436b-b278-c03180c74ecf,217700798,Commune de Champagne-sur-Seine (77),false,{77079},Commune,2026-03-24 14:42:08.818969+01,gold_establishments_2025,,,,21770079800010,2025,Collectivité Territoriale,Commune,['Seine-et-Marne'],['Île-de-France'],COM,{77},{11}
6859cf0f-4c8d-4b41-9439-34307e004919,212101356,Commune de Champagne-sur-Vingeanne (21),false,{21135},Commune,2026-03-24 14:41:55.433389+01,gold_establishments_2025,,,,21210135600013,2025,Collectivité Territoriale,Commune,"[""Côte-d'Or""]",['Bourgogne-Franche-Comté'],COM,{21},{27}
00cf8040-4779-4b7f-a903-e088e82e6f65,217300706,Commune de Champagneux (73),false,{73070},Commune,2026-03-24 14:42:08.279287+01,gold_establishments_2025,,,,21730070600017,2025,Collectivité Territoriale,Commune,['Savoie'],['Auvergne-Rhône-Alpes'],COM,{73},{84}
8b0fc43e-3058-4e52-89e9-c7186fd9f0ce,212501159,Commune de Champagney (25),false,{25115},Commune,2026-03-24 14:41:56.495197+01,gold_establishments_2025,,,,21250115900017,2025,Collectivité Territoriale,Commune,['Doubs'],['Bourgogne-Franche-Comté'],COM,{25},{27}
b9dc6e09-4fcb-4301-875b-ba63e682e553,213900962,Commune de Champagney (39),false,{39096},Commune,2026-03-24 14:41:59.705606+01,gold_establishments_2025,,,,21390096200019,2025,Collectivité Territoriale,Commune,['Jura'],['Bourgogne-Franche-Comté'],COM,{39},{27}
21030332-9182-4c43-92f9-6a19192298fa,217001205,Commune de Champagney (70),false,{70120},Commune,2026-03-24 14:42:07.735343+01,gold_establishments_2025,,,,21700120500012,2025,Collectivité Territoriale,Commune,['Haute-Saône'],['Bourgogne-Franche-Comté'],COM,{70},{27}
a1af14e1-9ea4-4a77-92a8-8d7873e925c0,213800683,Commune de Champagnier (38),false,{38068},Commune,2026-03-24 14:41:59.160244+01,gold_establishments_2025,,,,21380068300012,2025,Collectivité Territoriale,Commune,['Isère'],['Auvergne-Rhône-Alpes'],COM,{38},{84}
79e784c9-8c7e-4931-8a27-0f154cb9a028,213900970,Commune de Champagnole (39),false,{39097},Commune,2026-03-24 14:41:59.705606+01,gold_establishments_2025,,,,21390097000012,2025,Collectivité Territoriale,Commune,['Jura'],['Bourgogne-Franche-Comté'],COM,{39},{27}
e799d19b-61c2-4a37-8172-62b27a0b3dca,211700844,Commune de Champagnolles (17),false,{17084},Commune,2026-03-24 14:41:54.903238+01,gold_establishments_2025,,,,21170084400015,2025,Collectivité Territoriale,Commune,['Charente-Maritime'],['Nouvelle-Aquitaine'],COM,{17},{75}
03e43c8d-65bf-4bc4-814b-0ba7f21b73ac,212101364,Commune de Champagny (21),false,{21136},Commune,2026-03-24 14:41:55.433389+01,gold_establishments_2025,,,,21210136400017,2025,Collectivité Territoriale,Commune,"[""Côte-d'Or""]",['Bourgogne-Franche-Comté'],COM,{21},{27}
2b80a008-cdf5-4a6c-8290-d3f5e1f36a98,217300714,Commune de Champagny-en-Vanoise (73),false,{73071},Commune,2026-03-24 14:42:08.279287+01,gold_establishments_2025,,,,21730071400011,2025,Collectivité Territoriale,Commune,['Savoie'],['Auvergne-Rhône-Alpes'],COM,{73},{84}
76380fd6-cb24-446a-90a7-a834e1057f51,217100809,Commune de Champagny-sous-Uxelles (71),false,{71080},Commune,2026-03-24 14:42:07.735343+01,gold_establishments_2025,,,,21710080900011,2025,Collectivité Territoriale,Commune,['Saône-et-Loire'],['Bourgogne-Franche-Comté'],COM,{71},{27}
d5c8b2b8-104c-4724-be39-75e2b679cb12,217200542,Commune de Champagné (72),false,{72054},Commune,2026-03-24 14:42:08.279287+01,gold_establishments_2025,,,,21720054200017,2025,Collectivité Territoriale,Commune,['Sarthe'],['Pays de la Loire'],COM,{72},{52}
0c070937-c74b-4484-a461-116c4a3ebb0f,218600526,Commune de Champagné-Saint-Hilaire (86),false,{86052},Commune,2026-03-24 14:42:10.508772+01,gold_establishments_2025,,,,21860052600014,2025,Collectivité Territoriale,Commune,['Vienne'],['Nouvelle-Aquitaine'],COM,{86},{75}
20d32a37-fa79-4bf6-b293-6b5f94c88147,218600518,Commune de Champagné-le-Sec (86),false,{86051},Commune,2026-03-24 14:42:10.508772+01,gold_establishments_2025,,,,21860051800011,2025,Collectivité Territoriale,Commune,['Vienne'],['Nouvelle-Aquitaine'],COM,{86},{75}
f84fcd7a-80d2-4914-8ba2-6b6f724ca256,218500494,Commune de Champagné-les-Marais (85),false,{85049},Commune,2026-03-24 14:42:10.508772+01,gold_establishments_2025,,,,21850049400016,2025,Collectivité Territoriale,Commune,['Vendée'],['Pays de la Loire'],COM,{85},{52}
e5d77243-2c3a-43f5-8e21-ac5e76e0d8df,215800525,Commune de Champallement (58),false,{58052},Commune,2026-03-24 14:42:04.280096+01,gold_establishments_2025,,,,21580052500010,2025,Collectivité Territoriale,Commune,['Nièvre'],['Bourgogne-Franche-Comté'],COM,{58},{27}
b0667f93-480f-4312-8a03-8f0c95590f2c,217400571,Commune de Champanges (74),false,{74057},Commune,2026-03-24 14:42:08.279287+01,gold_establishments_2025,,,,21740057100014,2025,Collectivité Territoriale,Commune,['Haute-Savoie'],['Auvergne-Rhône-Alpes'],COM,{74},{84}
11e08156-a535-432b-9994-e6df76f4310b,215101064,Commune de Champaubert (51),false,{51113},Commune,2026-03-24 14:42:01.412377+01,gold_establishments_2025,,,,21510106400016,2025,Collectivité Territoriale,Commune,['Marne'],['Grand Est'],COM,{51},{44}
2dca7525-38f0-4245-ad25-eda820939cf2,210500310,Commune de Champcella (05),false,{05031},Commune,2026-03-24 14:41:52.562531+01,gold_establishments_2025,,,,21050031000011,2025,Collectivité Territoriale,Commune,['Hautes-Alpes'],"[""Provence-Alpes-Côte d'Azur""]",COM,{05},{93}
eab26f3a-f68d-4058-8d9e-0dfe8cea5997,217700806,Commune de Champcenest (77),false,{77080},Commune,2026-03-24 14:42:08.818969+01,gold_establishments_2025,,,,21770080600011,2025,Collectivité Territoriale,Commune,['Seine-et-Marne'],['Île-de-France'],COM,{77},{11}
88cea90b-c292-40c2-875c-f61e427b84b1,216100842,Commune de Champcerie (61),false,{61084},Commune,2026-03-24 14:42:04.814328+01,gold_establishments_2025,,,,21610084200014,2025,Collectivité Territoriale,Commune,['Orne'],['Normandie'],COM,{61},{28}
175467ce-5e88-44f6-9d86-873bbaff4262,212400980,Commune de Champcevinel (24),false,{24098},Commune,2026-03-24 14:41:55.958138+01,gold_establishments_2025,,,,21240098000018,2025,Collectivité Territoriale,Commune,['Dordogne'],['Nouvelle-Aquitaine'],COM,{24},{75}
7b65d20c-38b8-4bf1-833f-a8a8d7320dd2,218900728,Commune de Champcevrais (89),false,{89072},Commune,2026-03-24 14:42:11.118516+01,gold_establishments_2025,,,,21890072800013,2025,Collectivité Territoriale,Commune,['Yonne'],['Bourgogne-Franche-Comté'],COM,{89},{27}
4868d40d-0db2-4d35-80e0-bbed79423539,214300535,Commune de Champclause (43),false,{43053},Commune,2026-03-24 14:42:00.273698+01,gold_establishments_2025,,,,21430053500074,2025,Collectivité Territoriale,Commune,['Haute-Loire'],['Auvergne-Rhône-Alpes'],COM,{43},{84}
a93387e5-5d22-4721-941e-33b106a50a7d,219101359,Commune de Champcueil (91),false,{91135},Commune,2026-03-24 14:42:11.659493+01,gold_establishments_2025,,,,21910135900012,2025,Collectivité Territoriale,Commune,['Essonne'],['Île-de-France'],COM,{91},{11}
70b9dc72-a579-4ba0-bceb-5cb55c63ba63,217900661,Commune de Champdeniers (79),false,{79066},Commune,2026-03-24 14:42:09.43682+01,gold_establishments_2025,,,,21790066100018,2025,Collectivité Territoriale,Commune,['Deux-Sèvres'],['Nouvelle-Aquitaine'],COM,{79},{75}
9b524f6e-8a94-46a6-9aa2-3989b494fca0,217700814,Commune de Champdeuil (77),false,{77081},Commune,2026-03-24 14:42:08.818969+01,gold_establishments_2025,,,,21770081400015,2025,Collectivité Territoriale,Commune,['Seine-et-Marne'],['Île-de-France'],COM,{77},{11}
bd1ce912-c28a-4f42-9c15-c13e1984b5cd,214200461,Commune de Champdieu (42),false,{42046},Commune,2026-03-24 14:42:00.273698+01,gold_establishments_2025,,,,21420046100017,2025,Collectivité Territoriale,Commune,['Loire'],['Auvergne-Rhône-Alpes'],COM,{42},{84}
67a4d462-22d1-469a-add6-48b3c9d31647,213900996,Commune de Champdivers (39),false,{39099},Commune,2026-03-24 14:41:59.705606+01,gold_establishments_2025,,,,21390099600017,2025,Collectivité Territoriale,Commune,['Jura'],['Bourgogne-Franche-Comté'],COM,{39},{27}
18c45f39-b061-4e3b-8c60-ef9dfd6e63d4,211700851,Commune de Champdolent (17),false,{17085},Commune,2026-03-24 14:41:54.903238+01,gold_establishments_2025,,,,21170085100036,2025,Collectivité Territoriale,Commune,['Charente-Maritime'],['Nouvelle-Aquitaine'],COM,{17},{75}
b21d86cf-ed0b-48dd-9d71-c080cdba334d,200056695,Commune de Champdor-Corcelles (01),false,{01080},Commune,2026-03-24 14:41:51.447482+01,gold_establishments_2025,,,,20005669500014,2025,Collectivité Territoriale,Commune,['Ain'],['Auvergne-Rhône-Alpes'],COM,{01},{84}
b199a7a5-eca6-43a6-bd80-88d4a0bfbd7f,218800852,Commune de Champdray (88),false,{88085},Commune,2026-03-24 14:42:11.118516+01,gold_establishments_2025,,,,21880085200012,2025,Collectivité Territoriale,Commune,['Vosges'],['Grand Est'],COM,{88},{44}
0750f547-3d23-46dd-b9df-6bc08a6697a4,212101380,Commune de Champdôtre (21),false,{21138},Commune,2026-03-24 14:41:55.433389+01,gold_establishments_2025,,,,21210138000013,2025,Collectivité Territoriale,Commune,"[""Côte-d'Or""]",['Bourgogne-Franche-Comté'],COM,{21},{27}
1313b552-9c3b-43f8-88d7-cdba3b3065d3,212101398,Commune de Champeau-en-Morvan (21),false,{21139},Commune,2026-03-24 14:41:55.433389+01,gold_establishments_2025,,,,21210139800015,2025,Collectivité Territoriale,Commune,"[""Côte-d'Or""]",['Bourgogne-Franche-Comté'],COM,{21},{27}
b9460c49-80c6-44f1-aa35-8d67df9a2265,213500523,Commune de Champeaux (35),false,{35052},Commune,2026-03-24 14:41:58.620411+01,gold_establishments_2025,,,,21350052300013,2025,Collectivité Territoriale,Commune,['Ille-et-Vilaine'],['Bretagne'],COM,{35},{53}
e9d204fe-4dbf-40d4-b0c2-8408af917ad2,215001173,Commune de Champeaux (50),false,{50117},Commune,2026-03-24 14:42:01.412377+01,gold_establishments_2025,,,,21500117300016,2025,Collectivité Territoriale,Commune,['Manche'],['Normandie'],COM,{50},{28}
46194cd4-9770-4c7b-92af-106a91dc51a3,217700822,Commune de Champeaux (77),false,{77082},Commune,2026-03-24 14:42:08.818969+01,gold_establishments_2025,,,,21770082200018,2025,Collectivité Territoriale,Commune,['Seine-et-Marne'],['Île-de-France'],COM,{77},{11}
2132688d-00e2-4e9c-940e-e81fd792a61b,216100875,Commune de Champeaux-sur-Sarthe (61),false,{61087},Commune,2026-03-24 14:42:04.814328+01,gold_establishments_2025,,,,21610087500014,2025,Collectivité Territoriale,Commune,['Orne'],['Normandie'],COM,{61},{28}
41228bc5-6f45-4120-8003-31f9d9433b91,216300806,Commune de Champeix (63),false,{63080},Commune,2026-03-24 14:42:06.130387+01,gold_establishments_2025,,,,21630080600017,2025,Collectivité Territoriale,Commune,['Puy-de-Dôme'],['Auvergne-Rhône-Alpes'],COM,{63},{84}
afd3de61-bc23-4511-99b8-091be479faa5,212701429,Commune de Champenard (27),false,{27142},Commune,2026-03-24 14:41:56.495197+01,gold_establishments_2025,,,,21270142900012,2025,Collectivité Territoriale,Commune,['Eure'],['Normandie'],COM,{27},{28}
44d426c9-a0bc-497d-90fb-a8371ec33f27,215401134,Commune de Champenoux (54),false,{54113},Commune,2026-03-24 14:42:02.957225+01,gold_establishments_2025,,,,21540113400014,2025,Collectivité Territoriale,Commune,['Meurthe-et-Moselle'],['Grand Est'],COM,{54},{44}
61c23ce1-484a-484f-ae69-267abff0353a,217001213,Commune de Champey (70),false,{70121},Commune,2026-03-24 14:42:07.735343+01,gold_establishments_2025,,,,21700121300016,2025,Collectivité Territoriale,Commune,['Haute-Saône'],['Bourgogne-Franche-Comté'],COM,{70},{27}
cb14e410-f8d0-4942-a749-a4255fd70c2c,215401142,Commune de Champey-sur-Moselle (54),false,{54114},Commune,2026-03-24 14:42:02.957225+01,gold_establishments_2025,,,,21540114200017,2025,Collectivité Territoriale,Commune,['Meurthe-et-Moselle'],['Grand Est'],COM,{54},{44}
e65d8283-9a26-4761-b620-f733df354378,217200567,Commune de Champfleur (72),false,{72056},Commune,2026-03-24 14:42:08.279287+01,gold_establishments_2025,,,,21720056700048,2025,Collectivité Territoriale,Commune,['Sarthe'],['Pays de la Loire'],COM,{72},{52}
5cb1dedd-1543-403c-b491-df1c968497a2,211000708,Commune de Champfleury (10),false,{10075},Commune,2026-03-24 14:41:53.095366+01,gold_establishments_2025,,,,21100070800019,2025,Collectivité Territoriale,Commune,['Aube'],['Grand Est'],COM,{10},{44}
7c930b23-f938-40b2-9552-359ce9aa51e4,215101072,Commune de Champfleury (51),false,{51115},Commune,2026-03-24 14:42:01.412377+01,gold_establishments_2025,,,,21510107200019,2025,Collectivité Territoriale,Commune,['Marne'],['Grand Est'],COM,{51},{44}
2ccb6999-10de-4f40-99f0-a46df9fefa9e,217100817,Commune de Champforgeuil (71),false,{71081},Commune,2026-03-24 14:42:07.735343+01,gold_establishments_2025,,,,21710081700014,2025,Collectivité Territoriale,Commune,['Saône-et-Loire'],['Bourgogne-Franche-Comté'],COM,{71},{27}
07269661-39a5-44eb-b62e-ac2f85ed1f7d,210100814,Commune de Champfromier (01),false,{01081},Commune,2026-03-24 14:41:51.447482+01,gold_establishments_2025,,,,21010081400016,2025,Collectivité Territoriale,Commune,['Ain'],['Auvergne-Rhône-Alpes'],COM,{01},{84}
ca4f7384-1e9c-4e1b-9992-47562746928f,215300526,Commune de Champfrémont (53),false,{53052},Commune,2026-03-24 14:42:01.954481+01,gold_establishments_2025,,,,21530052600013,2025,Collectivité Territoriale,Commune,['Mayenne'],['Pays de la Loire'],COM,{53},{52}
67c39068-e31f-446b-b15a-3a8cabd01e10,215300534,Commune de Champgenéteux (53),false,{53053},Commune,2026-03-24 14:42:01.954481+01,gold_establishments_2025,,,,21530053400017,2025,Collectivité Territoriale,Commune,['Mayenne'],['Pays de la Loire'],COM,{53},{52}
5074b2ee-3552-45a9-a824-ba3b48192afb,215101080,Commune de Champguyon (51),false,{51116},Commune,2026-03-24 14:42:01.412377+01,gold_establishments_2025,,,,21510108000012,2025,Collectivité Territoriale,Commune,['Marne'],['Grand Est'],COM,{51},{44}
b629e1f9-bf20-4a96-8f1e-1a3b726948ec,212800700,Commune de Champhol (28),false,{28070},Commune,2026-03-24 14:41:57.028721+01,gold_establishments_2025,,,,21280070000016,2025,Collectivité Territoriale,Commune,['Eure-et-Loir'],['Centre-Val de Loire'],COM,{28},{24}
24672411-7dda-46b6-988d-593a0b84dd23,218001774,Commune de Champien (80),false,{80185},Commune,2026-03-24 14:42:09.967209+01,gold_establishments_2025,,,,21800177400015,2025,Collectivité Territoriale,Commune,['Somme'],['Hauts-de-France'],COM,{80},{32}
1b0ed25d-9174-4702-8aa1-2b8558e54c49,213800691,Commune de Champier (38),false,{38069},Commune,2026-03-24 14:41:59.160244+01,gold_establishments_2025,,,,21380069100015,2025,Collectivité Territoriale,Commune,['Isère'],['Auvergne-Rhône-Alpes'],COM,{38},{84}
33da49b3-52f9-4dc8-857c-cb3a94e428a3,218900736,Commune de Champignelles (89),false,{89073},Commune,2026-03-24 14:42:11.118516+01,gold_establishments_2025,,,,21890073600016,2025,Collectivité Territoriale,Commune,['Yonne'],['Bourgogne-Franche-Comté'],COM,{89},{27}
e25bc90d-bde9-485f-9405-bf6bbf8c5936,215101098,Commune de Champigneul-Champagne (51),false,{51117},Commune,2026-03-24 14:42:01.412377+01,gold_establishments_2025,,,,21510109800014,2025,Collectivité Territoriale,Commune,['Marne'],['Grand Est'],COM,{51},{44}
e1ccaa1f-37cc-45de-bfa8-5e1f0217e5b8,210800900,Commune de Champigneul-sur-Vence (08),false,{08099},Commune,2026-03-24 14:41:52.562531+01,gold_establishments_2025,,,,21080090000016,2025,Collectivité Territoriale,Commune,['Ardennes'],['Grand Est'],COM,{08},{44}
4102b726-95a3-4288-a80d-318eeb21e03c,210800892,Commune de Champigneulle (08),false,{08098},Commune,2026-03-24 14:41:52.562531+01,gold_establishments_2025,,,,21080089200023,2025,Collectivité Territoriale,Commune,['Ardennes'],['Grand Est'],COM,{08},{44}
1d7f9126-f761-4274-b821-c02c966f2947,215401159,Commune de Champigneulles (54),false,{54115},Commune,2026-03-24 14:42:02.957225+01,gold_establishments_2025,,,,21540115900011,2025,Collectivité Territoriale,Commune,['Meurthe-et-Moselle'],['Grand Est'],COM,{54},{44}
b761acdd-adc5-44c5-ad78-84fb154c0062,215200700,Commune de Champigneulles-en-Bassigny (52),false,{52101},Commune,2026-03-24 14:42:01.954481+01,gold_establishments_2025,,,,21520070000015,2025,Collectivité Territoriale,Commune,['Haute-Marne'],['Grand Est'],COM,{52},{44}
28c6530b-070b-41e0-8b97-400ee335c9ee,211000716,Commune de Champignol-lez-Mondeville (10),false,{10076},Commune,2026-03-24 14:41:53.095366+01,gold_establishments_2025,,,,21100071600012,2025,Collectivité Territoriale,Commune,['Aube'],['Grand Est'],COM,{10},{44}
9f3ece76-928e-4282-a6ac-34e0d2f4a2de,212101406,Commune de Champignolles (21),false,{21140},Commune,2026-03-24 14:41:55.433389+01,gold_establishments_2025,,,,21210140600016,2025,Collectivité Territoriale,Commune,"[""Côte-d'Or""]",['Bourgogne-Franche-Comté'],COM,{21},{27}
a9c017bc-d10e-4921-90dc-19644ce91d69,215101106,Commune de Champigny (51),false,{51118},Commune,2026-03-24 14:42:01.412377+01,gold_establishments_2025,,,,21510110600015,2025,Collectivité Territoriale,Commune,['Marne'],['Grand Est'],COM,{51},{44}
98568915-6249-47be-8a33-9327fa0d68a8,218900744,Commune de Champigny (89),false,{89074},Commune,2026-03-24 14:42:11.118516+01,gold_establishments_2025,,,,21890074400010,2025,Collectivité Territoriale,Commune,['Yonne'],['Bourgogne-Franche-Comté'],COM,{89},{27}
8adbe07a-6121-4203-8cd0-95b674defdd2,200063428,Commune de Champigny en Rochereau (86),false,{86053},Commune,2026-03-24 14:42:10.508772+01,gold_establishments_2025,,,,20006342800086,2025,Collectivité Territoriale,Commune,['Vienne'],['Nouvelle-Aquitaine'],COM,{86},{75}
91b638cb-68bf-4d0a-86fc-f4741177f0a8,214100356,Commune de Champigny-en-Beauce (41),false,{41035},Commune,2026-03-24 14:42:00.273698+01,gold_establishments_2025,,,,21410035600010,2025,Collectivité Territoriale,Commune,['Loir-et-Cher'],['Centre-Val de Loire'],COM,{41},{24}
5c0b6ebf-b271-4929-ae18-47cd95cc947f,212701445,Commune de Champigny-la-Futelaye (27),false,{27144},Commune,2026-03-24 14:41:56.495197+01,gold_establishments_2025,,,,21270144500018,2025,Collectivité Territoriale,Commune,['Eure'],['Normandie'],COM,{27},{28}
b8477480-81b5-4f64-a34a-4139fc42f90b,215200718,Commune de Champigny-lès-Langres (52),false,{52102},Commune,2026-03-24 14:42:01.954481+01,gold_establishments_2025,,,,21520071800017,2025,Collectivité Territoriale,Commune,['Haute-Marne'],['Grand Est'],COM,{52},{44}
0c549054-88e9-4920-91c4-346385151494,215204157,Commune de Champigny-sous-Varennes (52),false,{52103},Commune,2026-03-24 14:42:01.954481+01,gold_establishments_2025,,,,21520415700014,2025,Collectivité Territoriale,Commune,['Haute-Marne'],['Grand Est'],COM,{52},{44}
aa111e18-ca0f-4f82-b475-7a8fcd97bdf5,211000724,Commune de Champigny-sur-Aube (10),false,{10077},Commune,2026-03-24 14:41:53.095366+01,gold_establishments_2025,,,,21100072400016,2025,Collectivité Territoriale,Commune,['Aube'],['Grand Est'],COM,{10},{44}
2d35b35b-03b2-483c-b324-89d505250d20,219400173,Commune de Champigny-sur-Marne (94),false,{94017},Commune,2026-03-24 14:42:11.659493+01,gold_establishments_2025,,,,21940017300015,2025,Collectivité Territoriale,Commune,['Val-de-Marne'],['Île-de-France'],COM,{94},{11}
6329899e-60e6-4bea-a3fb-e37bacd6f2fb,213700511,Commune de Champigny-sur-Veude (37),false,{37051},Commune,2026-03-24 14:41:59.160244+01,gold_establishments_2025,,,,21370051100016,2025,Collectivité Territoriale,Commune,['Indre-et-Loire'],['Centre-Val de Loire'],COM,{37},{24}
8c3f8998-69d9-4d05-8088-5ef72cb3443b,213600380,Commune de Champillet (36),false,{36038},Commune,2026-03-24 14:41:59.160244+01,gold_establishments_2025,,,,21360038000017,2025,Collectivité Territoriale,Commune,['Indre'],['Centre-Val de Loire'],COM,{36},{24}
c5d5b129-4390-4c9f-bc93-21c41f94d9cf,215101114,Commune de Champillon (51),false,{51119},Commune,2026-03-24 14:42:01.412377+01,gold_establishments_2025,,,,21510111400019,2025,Collectivité Territoriale,Commune,['Marne'],['Grand Est'],COM,{51},{44}
f9c3feaa-0ed7-4197-b7cd-fbb181b0542b,210700522,Commune de Champis (07),false,{07052},Commune,2026-03-24 14:41:52.562531+01,gold_establishments_2025,,,,21070052200019,2025,Collectivité Territoriale,Commune,['Ardèche'],['Auvergne-Rhône-Alpes'],COM,{07},{84}
61e90626-3dab-4468-9b81-5b972e8be03e,219101367,Commune de Champlan (91),false,{91136},Commune,2026-03-24 14:42:11.659493+01,gold_establishments_2025,,,,21910136700015,2025,Collectivité Territoriale,Commune,['Essonne'],['Île-de-France'],COM,{91},{11}
3fabc987-8fd0-4b7a-891b-5848668121af,215101122,Commune de Champlat-et-Boujacourt (51),false,{51120},Commune,2026-03-24 14:42:01.412377+01,gold_establishments_2025,,,,21510112200012,2025,Collectivité Territoriale,Commune,['Marne'],['Grand Est'],COM,{51},{44}
9526f57b-bfad-4b9e-bab2-7ed057a25a81,218900751,Commune de Champlay (89),false,{89075},Commune,2026-03-24 14:42:11.118516+01,gold_establishments_2025,,,,21890075100015,2025,Collectivité Territoriale,Commune,['Yonne'],['Bourgogne-Franche-Comté'],COM,{89},{27}
e6317b83-a9ef-4c37-934f-dc4c14cee40c,217100825,Commune de Champlecy (71),false,{71082},Commune,2026-03-24 14:42:07.735343+01,gold_establishments_2025,,,,21710082500017,2025,Collectivité Territoriale,Commune,['Saône-et-Loire'],['Bourgogne-Franche-Comté'],COM,{71},{27}
f5b61f17-2930-459b-b4f3-319ca5601b78,215800533,Commune de Champlemy (58),false,{58053},Commune,2026-03-24 14:42:04.280096+01,gold_establishments_2025,,,,21580053300014,2025,Collectivité Territoriale,Commune,['Nièvre'],['Bourgogne-Franche-Comté'],COM,{58},{27}
4e12b3fb-6df9-4f2e-a91e-850042a8ecbd,210800918,Commune de Champlin (08),false,{08100},Commune,2026-03-24 14:41:52.562531+01,gold_establishments_2025,,,,21080091800018,2025,Collectivité Territoriale,Commune,['Ardennes'],['Grand Est'],COM,{08},{44}
77527bdb-d9e8-4925-856a-0525cb0e4e09,215800541,Commune de Champlin (58),false,{58054},Commune,2026-03-24 14:42:04.280096+01,gold_establishments_2025,,,,21580054100017,2025,Collectivité Territoriale,Commune,['Nièvre'],['Bourgogne-Franche-Comté'],COM,{58},{27}
a7095ab2-ef6d-4a95-b3d6-c035b32a785b,217001221,Commune de Champlitte (70),false,{70122},Commune,2026-03-24 14:42:07.735343+01,gold_establishments_2025,,,,21700122100019,2025,Collectivité Territoriale,Commune,['Haute-Saône'],['Bourgogne-Franche-Comté'],COM,{70},{27}
8c45fe8f-bf90-4a8c-bce5-be2b0c5d7622,212501167,Commune de Champlive (25),false,{25116},Commune,2026-03-24 14:41:56.495197+01,gold_establishments_2025,,,,21250116700010,2025,Collectivité Territoriale,Commune,['Doubs'],['Bourgogne-Franche-Comté'],COM,{25},{27}
c2e042cc-ce9b-42be-830a-57c914f4e5f3,218900769,Commune de Champlost (89),false,{89076},Commune,2026-03-24 14:42:11.118516+01,gold_establishments_2025,,,,21890076900017,2025,Collectivité Territoriale,Commune,['Yonne'],['Bourgogne-Franche-Comté'],COM,{89},{27}
4fdffc16-16f1-4aaa-89f4-be287a7b42b1,211600770,Commune de Champmillon (16),false,{16077},Commune,2026-03-24 14:41:54.362296+01,gold_establishments_2025,,,,21160077000013,2025,Collectivité Territoriale,Commune,['Charente'],['Nouvelle-Aquitaine'],COM,{16},{75}
b83e616e-9f12-4461-947b-61f84c1723be,219101375,Commune de Champmotteux (91),false,{91137},Commune,2026-03-24 14:42:11.659493+01,gold_establishments_2025,,,,21910137500018,2025,Collectivité Territoriale,Commune,['Essonne'],['Île-de-France'],COM,{91},{11}
c90ac661-f15b-49e6-86b5-3922c2f58a30,215500992,Commune de Champneuville (55),false,{55099},Commune,2026-03-24 14:42:02.957225+01,gold_establishments_2025,,,,21550099200015,2025,Collectivité Territoriale,Commune,['Meuse'],['Grand Est'],COM,{55},{44}
064e3624-a555-44fd-bb59-42b13a56f823,211600788,Commune de Champniers (16),false,{16078},Commune,2026-03-24 14:41:54.362296+01,gold_establishments_2025,,,,21160078800015,2025,Collectivité Territoriale,Commune,['Charente'],['Nouvelle-Aquitaine'],COM,{16},{75}
36ad64ad-e4f3-41a6-8f95-a658e8ad1749,218600542,Commune de Champniers (86),false,{86054},Commune,2026-03-24 14:42:10.508772+01,gold_establishments_2025,,,,21860054200011,2025,Collectivité Territoriale,Commune,['Vienne'],['Nouvelle-Aquitaine'],COM,{86},{75}
d7a5e96a-2201-44b5-9e44-42d8eb9daa8c,212401004,Commune de Champniers-et-Reilhac (24),false,{24100},Commune,2026-03-24 14:41:55.958138+01,gold_establishments_2025,,,,21240100400016,2025,Collectivité Territoriale,Commune,['Dordogne'],['Nouvelle-Aquitaine'],COM,{24},{75}
1f1f0b18-4e02-4184-bfcc-424414204100,218703502,Commune de Champnétery (87),false,{87035},Commune,2026-03-24 14:42:11.118516+01,gold_establishments_2025,,,,21870350200011,2025,Collectivité Territoriale,Commune,['Haute-Vienne'],['Nouvelle-Aquitaine'],COM,{87},{75}
3d217c3f-f770-4c65-a547-e9ca9f0fb223,214200479,Commune de Champoly (42),false,{42047},Commune,2026-03-24 14:42:00.273698+01,gold_establishments_2025,,,,21420047900019,2025,Collectivité Territoriale,Commune,['Loire'],['Auvergne-Rhône-Alpes'],COM,{42},{84}
ed2dcb88-b20b-491d-8bd9-1fb454dddd49,210500328,Commune de Champoléon (05),false,{05032},Commune,2026-03-24 14:41:52.562531+01,gold_establishments_2025,,,,21050032800013,2025,Collectivité Territoriale,Commune,['Hautes-Alpes'],"[""Provence-Alpes-Côte d'Azur""]",COM,{05},{93}
59874a95-5ada-41bc-bc67-460fc61b4989,216100891,Commune de Champosoult (61),false,{61089},Commune,2026-03-24 14:42:04.814328+01,gold_establishments_2025,,,,21610089100011,2025,Collectivité Territoriale,Commune,['Orne'],['Normandie'],COM,{61},{28}
d5bf5101-a11b-4c3a-aabd-e082790d6799,215501008,Commune de Champougny (55),false,{55100},Commune,2026-03-24 14:42:02.957225+01,gold_establishments_2025,,,,21550100800019,2025,Collectivité Territoriale,Commune,['Meuse'],['Grand Est'],COM,{55},{44}
9beccffd-c291-4656-8f6e-bb549ef1477c,214500704,Commune de Champoulet (45),false,{45070},Commune,2026-03-24 14:42:00.862623+01,gold_establishments_2025,,,,21450070400017,2025,Collectivité Territoriale,Commune,['Loiret'],['Centre-Val de Loire'],COM,{45},{24}
51790f73-1868-4f1e-a139-01f93b951827,212501175,Commune de Champoux (25),false,{25117},Commune,2026-03-24 14:41:56.495197+01,gold_establishments_2025,,,,21250117500013,2025,Collectivité Territoriale,Commune,['Doubs'],['Bourgogne-Franche-Comté'],COM,{25},{27}
1f285675-f62e-45a3-979f-adb84fec2cd0,212101414,Commune de Champrenault (21),false,{21141},Commune,2026-03-24 14:41:55.433389+01,gold_establishments_2025,,,,21210141400010,2025,Collectivité Territoriale,Commune,"[""Côte-d'Or""]",['Bourgogne-Franche-Comté'],COM,{21},{27}
ef3ad278-8809-4059-afcb-79f638a49c84,215001181,Commune de Champrepus (50),false,{50118},Commune,2026-03-24 14:42:01.412377+01,gold_establishments_2025,,,,21500118100019,2025,Collectivité Territoriale,Commune,['Manche'],['Normandie'],COM,{50},{28}
d7d1f195-4fc5-42d8-b663-81285db9aed9,217200575,Commune de Champrond (72),false,{72057},Commune,2026-03-24 14:42:08.279287+01,gold_establishments_2025,,,,21720057500017,2025,Collectivité Territoriale,Commune,['Sarthe'],['Pays de la Loire'],COM,{72},{52}
c4a8ae5b-c2a2-429d-9503-56397980ac36,212800718,Commune de Champrond-en-Gâtine (28),false,{28071},Commune,2026-03-24 14:41:57.028721+01,gold_establishments_2025,,,,21280071800018,2025,Collectivité Territoriale,Commune,['Eure-et-Loir'],['Centre-Val de Loire'],COM,{28},{24}
9b9b58ca-ee5b-4bdb-bda3-e137e6917a7c,212800726,Commune de Champrond-en-Perchet (28),false,{28072},Commune,2026-03-24 14:41:57.028721+01,gold_establishments_2025,,,,21280072600011,2025,Collectivité Territoriale,Commune,['Eure-et-Loir'],['Centre-Val de Loire'],COM,{28},{24}
a766630d-2813-424a-b147-9cbc56328bb0,213901002,Commune de Champrougier (39),false,{39100},Commune,2026-03-24 14:41:59.705606+01,gold_establishments_2025,,,,21390100200013,2025,Collectivité Territoriale,Commune,['Jura'],['Bourgogne-Franche-Comté'],COM,{39},{27}
84677932-97e4-4ae0-a42d-7e39b0a1d890,210201463,Commune de Champs (02),false,{02159},Commune,2026-03-24 14:41:51.447482+01,gold_establishments_2025,,,,21020146300010,2025,Collectivité Territoriale,Commune,['Aisne'],['Hauts-de-France'],COM,{02},{32}
5b3981c8-1c63-41a1-9ce8-f4cbb5389bfd,216300822,Commune de Champs (63),false,{63082},Commune,2026-03-24 14:42:06.130387+01,gold_establishments_2025,,,,21630082200014,2025,Collectivité Territoriale,Commune,['Puy-de-Dôme'],['Auvergne-Rhône-Alpes'],COM,{63},{84}
96f49aa9-0f53-410b-8eca-ebf84f41f863,212401012,Commune de Champs-Romain (24),false,{24101},Commune,2026-03-24 14:41:55.958138+01,gold_establishments_2025,,,,21240101200019,2025,Collectivité Territoriale,Commune,['Dordogne'],['Nouvelle-Aquitaine'],COM,{24},{75}
b8fe18ec-4a07-4d78-8fbe-65a40ad43937,217700830,Commune de Champs-sur-Marne (77),false,{77083},Commune,2026-03-24 14:42:08.818969+01,gold_establishments_2025,,,,21770083000011,2025,Collectivité Territoriale,Commune,['Seine-et-Marne'],['Île-de-France'],COM,{77},{11}
60906f50-9c1c-4699-86d2-c242b2858d3d,211500384,Commune de Champs-sur-Tarentaine-Marchal (15),false,{15038},Commune,2026-03-24 14:41:54.362296+01,gold_establishments_2025,,,,21150038400014,2025,Collectivité Territoriale,Commune,['Cantal'],['Auvergne-Rhône-Alpes'],COM,{15},{84}
7236d00e-193e-4e6d-9ba4-b1b11ba34fc7,218900777,Commune de Champs-sur-Yonne (89),false,{89077},Commune,2026-03-24 14:42:11.118516+01,gold_establishments_2025,,,,21890077700010,2025,Collectivité Territoriale,Commune,['Yonne'],['Bourgogne-Franche-Comté'],COM,{89},{27}
d0a23e02-4b8b-413f-b8f5-724e2660495a,218703601,Commune de Champsac (87),false,{87036},Commune,2026-03-24 14:42:11.118516+01,gold_establishments_2025,,,,21870360100011,2025,Collectivité Territoriale,Commune,['Haute-Vienne'],['Nouvelle-Aquitaine'],COM,{87},{75}
fd65cd02-7fdc-4009-81ee-2af21672cafe,212304901,Commune de Champsanglard (23),false,{23049},Commune,2026-03-24 14:41:55.958138+01,gold_establishments_2025,,,,21230490100011,2025,Collectivité Territoriale,Commune,['Creuse'],['Nouvelle-Aquitaine'],COM,{23},{75}
dc895754-b375-4721-94d6-4e170ccdd0ac,216100917,Commune de Champsecret (61),false,{61091},Commune,2026-03-24 14:42:04.814328+01,gold_establishments_2025,,,,21610091700014,2025,Collectivité Territoriale,Commune,['Orne'],['Normandie'],COM,{61},{28}
b8c7e371-1101-4836-b18e-23b1aed0e963,212800734,Commune de Champseru (28),false,{28073},Commune,2026-03-24 14:41:57.028721+01,gold_establishments_2025,,,,21280073400015,2025,Collectivité Territoriale,Commune,['Eure-et-Loir'],['Centre-Val de Loire'],COM,{28},{24}
a7b1e3a0-475d-4ac4-8490-ef0b4099280c,215200569,Commune de Champsevraine (52),false,{52083},Commune,2026-03-24 14:42:01.954481+01,gold_establishments_2025,,,,21520056900014,2025,Collectivité Territoriale,Commune,['Haute-Marne'],['Grand Est'],COM,{52},{44}
4bc16ef3-a5b2-46ba-be4b-2bb5e2b31af7,210400479,Commune de Champtercier (04),false,{04047},Commune,2026-03-24 14:41:52.020251+01,gold_establishments_2025,,,,21040047900015,2025,Collectivité Territoriale,Commune,['Alpes-de-Haute-Provence'],"[""Provence-Alpes-Côte d'Azur""]",COM,{04},{93}
77ea3cd6-e525-4a26-b203-a9fa4cb0c86c,200056158,Commune de Champtoceaux (nan),false,{49069},Commune,2026-03-24 14:42:01.412377+01,gold_establishments_2025,,,,20005615800294,2025,Collectivité Territoriale,Commune,[''],[''],COM,,
9b3f4b9c-9116-4d02-806c-e6fa7a4fbc69,214900680,Commune de Champtocé-sur-Loire (49),false,{49068},Commune,2026-03-24 14:42:01.412377+01,gold_establishments_2025,,,,21490068000015,2025,Collectivité Territoriale,Commune,['Maine-et-Loire'],['Pays de la Loire'],COM,{49},{52}
a383da51-ba1e-44bc-8267-d09a9b3b0db0,217001247,Commune de Champtonnay (70),false,{70124},Commune,2026-03-24 14:42:07.735343+01,gold_establishments_2025,,,,21700124700014,2025,Collectivité Territoriale,Commune,['Haute-Saône'],['Bourgogne-Franche-Comté'],COM,{70},{27}
96510514-d081-4ca9-ad1b-63fdb861b8ac,213901010,Commune de Champvans (39),false,{39101},Commune,2026-03-24 14:41:59.705606+01,gold_establishments_2025,,,,21390101000016,2025,Collectivité Territoriale,Commune,['Jura'],['Bourgogne-Franche-Comté'],COM,{39},{27}
90446377-9d48-4097-b170-c77bcc56b93b,217001254,Commune de Champvans (70),false,{70125},Commune,2026-03-24 14:42:07.735343+01,gold_establishments_2025,,,,21700125400010,2025,Collectivité Territoriale,Commune,['Haute-Saône'],['Bourgogne-Franche-Comté'],COM,{70},{27}
08f15327-132d-470b-b4ed-5e4e48e44481,212501191,Commune de Champvans-les-Moulins (25),false,{25119},Commune,2026-03-24 14:41:56.495197+01,gold_establishments_2025,,,,21250119100010,2025,Collectivité Territoriale,Commune,['Doubs'],['Bourgogne-Franche-Comté'],COM,{25},{27}
8b60ac26-510e-4127-aab1-2da1ea6d28c4,215800558,Commune de Champvert (58),false,{58055},Commune,2026-03-24 14:42:04.280096+01,gold_establishments_2025,,,,21580055800011,2025,Collectivité Territoriale,Commune,['Nièvre'],['Bourgogne-Franche-Comté'],COM,{58},{27}
9e383dba-11d9-41a7-8bd1-5662eaffaa7a,215101130,Commune de Champvoisy (51),false,{51121},Commune,2026-03-24 14:42:01.412377+01,gold_establishments_2025,,,,21510113000015,2025,Collectivité Territoriale,Commune,['Marne'],['Grand Est'],COM,{51},{44}
33e140c1-73b2-4485-9696-c32223c1636a,215800566,Commune de Champvoux (58),false,{58056},Commune,2026-03-24 14:42:04.280096+01,gold_establishments_2025,,,,21580056600014,2025,Collectivité Territoriale,Commune,['Nièvre'],['Bourgogne-Franche-Comté'],COM,{58},{27}
4fc7c2a8-56d1-44e0-a785-ebeab84a2066,215300518,Commune de Champéon (53),false,{53051},Commune,2026-03-24 14:42:01.954481+01,gold_establishments_2025,,,,21530051800010,2025,Collectivité Territoriale,Commune,['Mayenne'],['Pays de la Loire'],COM,{53},{52}
b86e460c-4e6e-48c0-be16-e7d692294409,216300814,Commune de Champétières (63),false,{63081},Commune,2026-03-24 14:42:06.130387+01,gold_establishments_2025,,,,21630081400011,2025,Collectivité Territoriale,Commune,['Puy-de-Dôme'],['Auvergne-Rhône-Alpes'],COM,{63},{84}
75f9f606-bf47-4936-8eee-3e0561c16903,213805674,Commune de Chamrousse (38),false,{38567},Commune,2026-03-24 14:41:59.705606+01,gold_establishments_2025,,,,21380567400016,2025,Collectivité Territoriale,Commune,['Isère'],['Auvergne-Rhône-Alpes'],COM,{38},{84}
5cb05815-91a4-457e-a7dd-79d4bfaeaf2d,218900793,Commune de Chamvres (89),false,{89079},Commune,2026-03-24 14:42:11.118516+01,gold_establishments_2025,,,,21890079300017,2025,Collectivité Territoriale,Commune,['Yonne'],['Bourgogne-Franche-Comté'],COM,{89},{27}
f64443a5-6c30-4a42-a78b-f7e4e2676231,214800393,Commune de Chanac (48),false,{48039},Commune,2026-03-24 14:42:01.412377+01,gold_establishments_2025,,,,21480039300016,2025,Collectivité Territoriale,Commune,['Lozère'],['Occitanie'],COM,{48},{76}
4dda40f8-5521-400e-bc0b-94e86f8de4b3,211904107,Commune de Chanac-les-Mines (19),false,{19041},Commune,2026-03-24 14:41:54.903238+01,gold_establishments_2025,,,,21190410700011,2025,Collectivité Territoriale,Commune,['Corrèze'],['Nouvelle-Aquitaine'],COM,{19},{75}
c351ad1b-283d-42c7-9eea-ee14b663cf48,214300543,Commune de Chanaleilles (43),false,{43054},Commune,2026-03-24 14:42:00.273698+01,gold_establishments_2025,,,,21430054300011,2025,Collectivité Territoriale,Commune,['Haute-Loire'],['Auvergne-Rhône-Alpes'],COM,{43},{84}
f65424ba-5cb9-44c0-a238-f846b9f002a1,213800725,Commune de Chanas (38),false,{38072},Commune,2026-03-24 14:41:59.160244+01,gold_establishments_2025,,,,21380072500011,2025,Collectivité Territoriale,Commune,['Isère'],['Auvergne-Rhône-Alpes'],COM,{38},{84}
fb76521c-cec6-4ec9-955e-de25925dad3c,216300830,Commune de Chanat-la-Mouteyre (63),false,{63083},Commune,2026-03-24 14:42:06.130387+01,gold_establishments_2025,,,,21630083000017,2025,Collectivité Territoriale,Commune,['Puy-de-Dôme'],['Auvergne-Rhône-Alpes'],COM,{63},{84}
25e5095c-040d-4c98-88dd-248fe74785cb,210100822,Commune de Chanay (01),false,{01082},Commune,2026-03-24 14:41:51.447482+01,gold_establishments_2025,,,,21010082200050,2025,Collectivité Territoriale,Commune,['Ain'],['Auvergne-Rhône-Alpes'],COM,{01},{84}
9b123e27-5b4c-4661-83f3-2f87daf54777,217300730,Commune de Chanaz (73),false,{73073},Commune,2026-03-24 14:42:08.279287+01,gold_establishments_2025,,,,21730073000017,2025,Collectivité Territoriale,Commune,['Savoie'],['Auvergne-Rhône-Alpes'],COM,{73},{84}
28860cd2-ad92-44a9-952f-f0b7b224cb3e,212101422,Commune de Chanceaux (21),false,{21142},Commune,2026-03-24 14:41:55.433389+01,gold_establishments_2025,,,,21210142200013,2025,Collectivité Territoriale,Commune,"[""Côte-d'Or""]",['Bourgogne-Franche-Comté'],COM,{21},{27}
eebc245a-353c-4b61-8260-80fd3046839a,213700537,Commune de Chanceaux-près-Loches (37),false,{37053},Commune,2026-03-24 14:41:59.160244+01,gold_establishments_2025,,,,21370053700011,2025,Collectivité Territoriale,Commune,['Indre-et-Loire'],['Centre-Val de Loire'],COM,{37},{24}
c5d9ede0-feea-4afc-9d14-080e97dfe9aa,213700545,Commune de Chanceaux-sur-Choisille (37),false,{37054},Commune,2026-03-24 14:41:59.160244+01,gold_establishments_2025,,,,21370054500014,2025,Collectivité Territoriale,Commune,['Indre-et-Loire'],['Centre-Val de Loire'],COM,{37},{24}
a62510a3-7131-435b-be00-42e564eb0602,212401020,Commune de Chancelade (24),false,{24102},Commune,2026-03-24 14:41:55.958138+01,gold_establishments_2025,,,,21240102000012,2025,Collectivité Territoriale,Commune,['Dordogne'],['Nouvelle-Aquitaine'],COM,{24},{75}
f730fcb1-01f8-4f60-b636-8322383d3dec,215200726,Commune de Chancenay (52),false,{52104},Commune,2026-03-24 14:42:01.954481+01,gold_establishments_2025,,,,21520072600010,2025,Collectivité Territoriale,Commune,['Haute-Marne'],['Grand Est'],COM,{52},{44}
3b35efa8-7e48-474b-9bbd-7135da3208f1,217001262,Commune de Chancey (70),false,{70126},Commune,2026-03-24 14:42:07.735343+01,gold_establishments_2025,,,,21700126200013,2025,Collectivité Territoriale,Commune,['Haute-Saône'],['Bourgogne-Franche-Comté'],COM,{70},{27}
461d83fc-cfd0-4727-aeef-cad037bdf985,213901028,Commune de Chancia (39),false,{39102},Commune,2026-03-24 14:41:59.705606+01,gold_establishments_2025,,,,21390102800018,2025,Collectivité Territoriale,Commune,['Jura'],['Bourgogne-Franche-Comté'],COM,{39},{27}
36445c1b-7bba-4ac8-9c1b-6a5b412811da,216100925,Commune de Chandai (61),false,{61092},Commune,2026-03-24 14:42:04.814328+01,gold_establishments_2025,,,,21610092500017,2025,Collectivité Territoriale,Commune,['Orne'],['Normandie'],COM,{61},{28}
81d387f8-8961-489f-a1f0-6db17eb947d1,210700530,Commune de Chandolas (07),false,{07053},Commune,2026-03-24 14:41:52.562531+01,gold_establishments_2025,,,,21070053000012,2025,Collectivité Territoriale,Commune,['Ardèche'],['Auvergne-Rhône-Alpes'],COM,{07},{84}
772052cf-95a5-48b8-b2d2-b3c8302060a7,214200487,Commune de Chandon (42),false,{42048},Commune,2026-03-24 14:42:00.273698+01,gold_establishments_2025,,,,21420048700012,2025,Collectivité Territoriale,Commune,['Loire'],['Auvergne-Rhône-Alpes'],COM,{42},{84}
5ded00c2-e69f-4d70-8ab1-5e81a23b3245,210100830,Commune de Chaneins (01),false,{01083},Commune,2026-03-24 14:41:51.447482+01,gold_establishments_2025,,,,21010083000012,2025,Collectivité Territoriale,Commune,['Ain'],['Auvergne-Rhône-Alpes'],COM,{01},{84}
9e23c41f-e6a2-4001-af82-a267e394f3b8,217100858,Commune de Change (71),false,{71085},Commune,2026-03-24 14:42:07.735343+01,gold_establishments_2025,,,,21710085800018,2025,Collectivité Territoriale,Commune,['Saône-et-Loire'],['Bourgogne-Franche-Comté'],COM,{71},{27}
c768f269-5789-4d91-8c40-07c22948616c,215204066,Commune de Changey (52),false,{52105},Commune,2026-03-24 14:42:01.954481+01,gold_establishments_2025,,,,21520406600017,2025,Collectivité Territoriale,Commune,['Haute-Marne'],['Grand Est'],COM,{52},{44}
152cd69a-f12f-4fe5-9ff5-08dcd1b6939b,217700848,Commune de Changis-sur-Marne (77),false,{77084},Commune,2026-03-24 14:42:08.818969+01,gold_establishments_2025,,,,21770084800013,2025,Collectivité Territoriale,Commune,['Seine-et-Marne'],['Île-de-France'],COM,{77},{11}
367c4249-3a12-43f2-881f-5705a5efddf3,214200495,Commune de Changy (42),false,{42049},Commune,2026-03-24 14:42:00.273698+01,gold_establishments_2025,,,,21420049500015,2025,Collectivité Territoriale,Commune,['Loire'],['Auvergne-Rhône-Alpes'],COM,{42},{84}
369dabc4-1559-4108-a2f7-3834c48db940,215101148,Commune de Changy (51),false,{51122},Commune,2026-03-24 14:42:01.412377+01,gold_establishments_2025,,,,21510114800017,2025,Collectivité Territoriale,Commune,['Marne'],['Grand Est'],COM,{51},{44}
47c186ff-e2bf-412d-98ab-8fd5e8e841a1,217100866,Commune de Changy (71),false,{71086},Commune,2026-03-24 14:42:07.735343+01,gold_establishments_2025,,,,21710086600011,2025,Collectivité Territoriale,Commune,['Saône-et-Loire'],['Bourgogne-Franche-Comté'],COM,{71},{27}
a0fcdaad-a495-46e8-b16d-c45574e1dfda,215300542,Commune de Changé (53),false,{53054},Commune,2026-03-24 14:42:01.954481+01,gold_establishments_2025,,,,21530054200010,2025,Collectivité Territoriale,Commune,['Mayenne'],['Pays de la Loire'],COM,{53},{52}
16b85dde-3556-495c-b5ea-80305d2d95e7,217200583,Commune de Changé (72),false,{72058},Commune,2026-03-24 14:42:08.279287+01,gold_establishments_2025,,,,21720058300011,2025,Collectivité Territoriale,Commune,['Sarthe'],['Pays de la Loire'],COM,{72},{52}
c0c3d514-7cf1-4259-8db3-ded078a211b8,214300550,Commune de Chaniat (43),false,{43055},Commune,2026-03-24 14:42:00.273698+01,gold_establishments_2025,,,,21430055000016,2025,Collectivité Territoriale,Commune,['Haute-Loire'],['Auvergne-Rhône-Alpes'],COM,{43},{84}
77a999f3-0f85-44ca-824b-8cf64a9649cd,211700869,Commune de Chaniers (17),false,{17086},Commune,2026-03-24 14:41:54.903238+01,gold_establishments_2025,,,,21170086900012,2025,Collectivité Territoriale,Commune,['Charente-Maritime'],['Nouvelle-Aquitaine'],COM,{17},{75}
150661ae-128f-4b92-b825-94d9f6cf7e2f,212101430,Commune de Channay (21),false,{21143},Commune,2026-03-24 14:41:55.433389+01,gold_establishments_2025,,,,21210143000016,2025,Collectivité Territoriale,Commune,"[""Côte-d'Or""]",['Bourgogne-Franche-Comté'],COM,{21},{27}
80340ae3-9b34-4db2-942a-bb311d0c217b,213700552,Commune de Channay-sur-Lathan (37),false,{37055},Commune,2026-03-24 14:41:59.160244+01,gold_establishments_2025,,,,21370055200010,2025,Collectivité Territoriale,Commune,['Indre-et-Loire'],['Centre-Val de Loire'],COM,{37},{24}
4f6cf48b-10e4-47b2-9b03-04e92775cb89,211000740,Commune de Channes (10),false,{10079},Commune,2026-03-24 14:41:53.095366+01,gold_establishments_2025,,,,21100074000012,2025,Collectivité Territoriale,Commune,['Aube'],['Grand Est'],COM,{10},{44}
415ce4f7-80e3-4de6-aff2-45f937652942,216300848,Commune de Chanonat (63),false,{63084},Commune,2026-03-24 14:42:06.130387+01,gold_establishments_2025,,,,21630084800019,2025,Collectivité Territoriale,Commune,['Puy-de-Dôme'],['Auvergne-Rhône-Alpes'],COM,{63},{84}
f17418d1-1351-44a6-b973-47e85a171bff,212600712,Commune de Chanos-Curson (26),false,{26071},Commune,2026-03-24 14:41:56.495197+01,gold_establishments_2025,,,,21260071200013,2025,Collectivité Territoriale,Commune,['Drôme'],['Auvergne-Rhône-Alpes'],COM,{26},{84}
724c799b-5510-43fc-984e-707133eb88f2,210500336,Commune de Chanousse (05),false,{05033},Commune,2026-03-24 14:41:52.562531+01,gold_establishments_2025,,,,21050033600016,2025,Collectivité Territoriale,Commune,['Hautes-Alpes'],"[""Provence-Alpes-Côte d'Azur""]",COM,{05},{93}
3a39faac-1924-4cdb-afa7-403921cc7d2e,215200734,Commune de Chanoy (52),false,{52106},Commune,2026-03-24 14:42:01.954481+01,gold_establishments_2025,,,,21520073400014,2025,Collectivité Territoriale,Commune,['Haute-Marne'],['Grand Est'],COM,{52},{44}
9850e759-7fd6-45d0-80ae-b1f0b9a372e3,210100848,Commune de Chanoz-Châtenay (01),false,{01084},Commune,2026-03-24 14:41:51.447482+01,gold_establishments_2025,,,,21010084800014,2025,Collectivité Territoriale,Commune,['Ain'],['Auvergne-Rhône-Alpes'],COM,{01},{84}
a38f6cbb-011c-4ce0-ae53-a58cdb672c3e,214500720,Commune de Chanteau (45),false,{45072},Commune,2026-03-24 14:42:00.862623+01,gold_establishments_2025,,,,21450072000013,2025,Collectivité Territoriale,Commune,['Loiret'],['Centre-Val de Loire'],COM,{45},{24}
186a0d89-5941-4dd3-aa77-9a8712aef776,214500738,Commune de Chantecoq (45),false,{45073},Commune,2026-03-24 14:42:00.862623+01,gold_establishments_2025,,,,21450073800015,2025,Collectivité Territoriale,Commune,['Loiret'],['Centre-Val de Loire'],COM,{45},{24}
608f8d13-9abb-4f29-be5d-7646b4a1e396,215401167,Commune de Chanteheux (54),false,{54116},Commune,2026-03-24 14:42:02.957225+01,gold_establishments_2025,,,,21540116700014,2025,Collectivité Territoriale,Commune,['Meurthe-et-Moselle'],['Grand Est'],COM,{54},{44}
30590e01-6af9-4f3d-91dc-b1218e0f749a,211904206,Commune de Chanteix (19),false,{19042},Commune,2026-03-24 14:41:54.903238+01,gold_establishments_2025,,,,21190420600011,2025,Collectivité Territoriale,Commune,['Corrèze'],['Nouvelle-Aquitaine'],COM,{19},{75}
5ad35d01-6d69-464b-b9b8-8d0374c694da,210300539,Commune de Chantelle (03),false,{03053},Commune,2026-03-24 14:41:52.020251+01,gold_establishments_2025,,,,21030053900017,2025,Collectivité Territoriale,Commune,['Allier'],['Auvergne-Rhône-Alpes'],COM,{03},{84}
da5b56ee-4da3-446d-8d68-e0955e0585ff,213500549,Commune de Chanteloup (35),false,{35054},Commune,2026-03-24 14:41:58.620411+01,gold_establishments_2025,,,,21350054900018,2025,Collectivité Territoriale,Commune,['Ille-et-Vilaine'],['Bretagne'],COM,{35},{53}
742e6684-ca7b-4d9f-bd96-09468997df22,215001207,Commune de Chanteloup (50),false,{50120},Commune,2026-03-24 14:42:01.412377+01,gold_establishments_2025,,,,21500120700012,2025,Collectivité Territoriale,Commune,['Manche'],['Normandie'],COM,{50},{28}
6a2becad-06d1-43e2-8554-8fd1f412f679,217900695,Commune de Chanteloup (79),false,{79069},Commune,2026-03-24 14:42:09.43682+01,gold_establishments_2025,,,,21790069500016,2025,Collectivité Territoriale,Commune,['Deux-Sèvres'],['Nouvelle-Aquitaine'],COM,{79},{75}
e8c18c7e-3b06-4016-b986-f55ef5aeaf14,217700855,Commune de Chanteloup-en-Brie (77),false,{77085},Commune,2026-03-24 14:42:08.818969+01,gold_establishments_2025,,,,21770085500018,2025,Collectivité Territoriale,Commune,['Seine-et-Marne'],['Île-de-France'],COM,{77},{11}
30179231-ab37-4dda-b4a4-3cfb271e94ca,214900706,Commune de Chanteloup-les-Bois (49),false,{49070},Commune,2026-03-24 14:42:01.412377+01,gold_establishments_2025,,,,21490070600018,2025,Collectivité Territoriale,Commune,['Maine-et-Loire'],['Pays de la Loire'],COM,{49},{52}
52bb4b63-6b1f-46fa-9e69-83b634c1b4ae,217801380,Commune de Chanteloup-les-Vignes (78),false,{78138},Commune,2026-03-24 14:42:09.43682+01,gold_establishments_2025,,,,21780138000015,2025,Collectivité Territoriale,Commune,['Yvelines'],['Île-de-France'],COM,{78},{11}
5190a361-1f01-4bbb-92a2-7c7b6907c653,215101155,Commune de Chantemerle (51),false,{51124},Commune,2026-03-24 14:42:01.412377+01,gold_establishments_2025,,,,21510115500012,2025,Collectivité Territoriale,Commune,['Marne'],['Grand Est'],COM,{51},{44}
abaf031a-0f3c-418e-8fff-c9412346e9af,212600720,Commune de Chantemerle-les-Blés (26),false,{26072},Commune,2026-03-24 14:41:56.495197+01,gold_establishments_2025,,,,21260072000016,2025,Collectivité Territoriale,Commune,['Drôme'],['Auvergne-Rhône-Alpes'],COM,{26},{84}
94c73b6b-c3ba-4ff2-ab26-8926f2dc1172,212600738,Commune de Chantemerle-lès-Grignan (26),false,{26073},Commune,2026-03-24 14:41:56.495197+01,gold_establishments_2025,,,,21260073800018,2025,Collectivité Territoriale,Commune,['Drôme'],['Auvergne-Rhône-Alpes'],COM,{26},{84}
9f741eeb-ff19-4d7a-b911-9ae016d3ee11,211700877,Commune de Chantemerle-sur-la-Soie (17),false,{17087},Commune,2026-03-24 14:41:54.903238+01,gold_establishments_2025,,,,21170087700015,2025,Collectivité Territoriale,Commune,['Charente-Maritime'],['Nouvelle-Aquitaine'],COM,{17},{75}
d5d1826e-0ec5-4e7f-a917-6f74d5778f79,215800574,Commune de Chantenay-Saint-Imbert (58),false,{58057},Commune,2026-03-24 14:42:04.280096+01,gold_establishments_2025,,,,21580057400018,2025,Collectivité Territoriale,Commune,['Nièvre'],['Bourgogne-Franche-Comté'],COM,{58},{27}
5de18658-fe45-4976-a187-a8b6dada5a26,217200591,Commune de Chantenay-Villedieu (72),false,{72059},Commune,2026-03-24 14:42:08.279287+01,gold_establishments_2025,,,,21720059100014,2025,Collectivité Territoriale,Commune,['Sarthe'],['Pays de la Loire'],COM,{72},{52}
bd37f5b1-739a-4619-acf0-bdf50ad451a8,213500556,Commune de Chantepie (35),false,{35055},Commune,2026-03-24 14:41:58.620411+01,gold_establishments_2025,,,,21350055600013,2025,Collectivité Territoriale,Commune,['Ille-et-Vilaine'],['Bretagne'],COM,{35},{53}
e1d96575-5796-46a2-bbc7-382a82aa208e,200086452,Commune de Chantepérier (38),false,{38073},Commune,2026-03-24 14:41:59.160244+01,gold_establishments_2025,,,,20008645200014,2025,Collectivité Territoriale,Commune,['Isère'],['Auvergne-Rhône-Alpes'],COM,{38},{84}
5d4942d6-f098-4f0f-b866-cae1d0688ecf,215503582,Commune de Chanteraine (55),false,{55358},Commune,2026-03-24 14:42:03.701372+01,gold_establishments_2025,,,,21550358200011,2025,Collectivité Territoriale,Commune,['Meuse'],['Grand Est'],COM,{55},{44}
2269fc61-fa83-4233-b223-72eb606afad5,211500400,Commune de Chanterelle (15),false,{15040},Commune,2026-03-24 14:41:54.362296+01,gold_establishments_2025,,,,21150040000018,2025,Collectivité Territoriale,Commune,['Cantal'],['Auvergne-Rhône-Alpes'],COM,{15},{84}
0f41f908-2840-463c-909e-467afe729ece,217001270,Commune de Chantes (70),false,{70127},Commune,2026-03-24 14:42:07.735343+01,gold_establishments_2025,,,,21700127000016,2025,Collectivité Territoriale,Commune,['Haute-Saône'],['Bourgogne-Franche-Comté'],COM,{70},{27}
75f7b382-a592-4ca5-914a-ed389ed3c47b,213800741,Commune de Chantesse (38),false,{38074},Commune,2026-03-24 14:41:59.160244+01,gold_establishments_2025,,,,21380074100018,2025,Collectivité Territoriale,Commune,['Isère'],['Auvergne-Rhône-Alpes'],COM,{38},{84}
7c19de74-e85e-4ed8-98f4-3aad4c9a0458,214300568,Commune de Chanteuges (43),false,{43056},Commune,2026-03-24 14:42:00.273698+01,gold_establishments_2025,,,,21430056800018,2025,Collectivité Territoriale,Commune,['Haute-Loire'],['Auvergne-Rhône-Alpes'],COM,{43},{84}
2e74a0d5-4d95-48de-950a-0cef2f4df28a,211600796,Commune de Chantillac (16),false,{16079},Commune,2026-03-24 14:41:54.362296+01,gold_establishments_2025,,,,21160079600018,2025,Collectivité Territoriale,Commune,['Charente'],['Nouvelle-Aquitaine'],COM,{16},{75}
dd484ef0-3edf-4f9c-984c-4cde41ae06b3,216001404,Commune de Chantilly (60),false,{60141},Commune,2026-03-24 14:42:04.814328+01,gold_establishments_2025,,,,21600140400013,2025,Collectivité Territoriale,Commune,['Oise'],['Hauts-de-France'],COM,{60},{32}
d2167208-b309-42dc-964d-d44a6307e7bd,218500510,Commune de Chantonnay (85),false,{85051},Commune,2026-03-24 14:42:10.508772+01,gold_establishments_2025,,,,21850051000019,2025,Collectivité Territoriale,Commune,['Vendée'],['Pays de la Loire'],COM,{85},{52}
dd1f994a-e4f5-4a53-95ba-82b778149c23,218800878,Commune de Chantraine (88),false,{88087},Commune,2026-03-24 14:42:11.118516+01,gold_establishments_2025,,,,21880087800017,2025,Collectivité Territoriale,Commune,['Vosges'],['Grand Est'],COM,{88},{44}
0d2354d9-e9b2-408e-919e-0cfc51d5dc0f,215200742,Commune de Chantraines (52),false,{52107},Commune,2026-03-24 14:42:01.954481+01,gold_establishments_2025,,,,21520074200017,2025,Collectivité Territoriale,Commune,['Haute-Marne'],['Grand Est'],COM,{52},{44}
3cf9b8a1-10c8-4fb1-9b6a-b3f1dd77a710,212501209,Commune de Chantrans (25),false,{25120},Commune,2026-03-24 14:41:56.495197+01,gold_establishments_2025,,,,21250120900010,2025,Collectivité Territoriale,Commune,['Doubs'],['Bourgogne-Franche-Comté'],COM,{25},{27}
883e5535-c794-4cc4-be16-95790f6431cc,215300559,Commune de Chantrigné (53),false,{53055},Commune,2026-03-24 14:42:01.954481+01,gold_establishments_2025,,,,21530055900014,2025,Collectivité Territoriale,Commune,['Mayenne'],['Pays de la Loire'],COM,{53},{52}
79c86c2b-9d5e-49ee-950a-ab65c4783914,212401046,Commune de Chantérac (24),false,{24104},Commune,2026-03-24 14:41:55.958138+01,gold_establishments_2025,,,,21240104600017,2025,Collectivité Territoriale,Commune,['Dordogne'],['Nouvelle-Aquitaine'],COM,{24},{75}
070982bc-2264-4a8c-bcba-85d61e6aeb40,216100933,Commune de Chanu (61),false,{61093},Commune,2026-03-24 14:42:04.814328+01,gold_establishments_2025,,,,21610093300011,2025,Collectivité Territoriale,Commune,['Orne'],['Normandie'],COM,{61},{28}
92535eb4-4514-4d62-8957-078a3e5d4cf3,200085009,Commune de Chanverrie (85),false,{85302},Commune,2026-03-24 14:42:10.508772+01,gold_establishments_2025,,,,20008500900013,2025,Collectivité Territoriale,Commune,['Vendée'],['Pays de la Loire'],COM,{85},{52}
a35b5ea8-ce2c-4868-b6ca-fae25eeb8b9b,215701277,Commune de Chanville (57),false,{57127},Commune,2026-03-24 14:42:03.701372+01,gold_establishments_2025,,,,21570127700018,2025,Collectivité Territoriale,Commune,['Moselle'],['Grand Est'],COM,{57},{44}
b91e645b-a240-4c9d-93b4-9838afa58b4f,213700529,Commune de Chançay (37),false,{37052},Commune,2026-03-24 14:41:59.160244+01,gold_establishments_2025,,,,21370052900018,2025,Collectivité Territoriale,Commune,['Indre-et-Loire'],['Centre-Val de Loire'],COM,{37},{24}
17ca8464-3e2d-433c-ac3c-17f4eb02ed1d,210700548,Commune de Chanéac (07),false,{07054},Commune,2026-03-24 14:41:52.562531+01,gold_establishments_2025,,,,21070054800071,2025,Collectivité Territoriale,Commune,['Ardèche'],['Auvergne-Rhône-Alpes'],COM,{07},{84}
f4dfc591-3887-4811-89e4-a1516d0a4430,214100364,Commune de Chaon (41),false,{41036},Commune,2026-03-24 14:42:00.273698+01,gold_establishments_2025,,,,21410036400014,2025,Collectivité Territoriale,Commune,['Loir-et-Cher'],['Centre-Val de Loire'],COM,{41},{24}
8658f869-e2ae-4429-86d6-d8847e96089c,215401175,Commune de Chaouilley (54),false,{54117},Commune,2026-03-24 14:42:02.957225+01,gold_establishments_2025,,,,21540117500017,2025,Collectivité Territoriale,Commune,['Meurthe-et-Moselle'],['Grand Est'],COM,{54},{44}
5a392a80-6d30-493f-9288-cf52ee0de6f2,211000757,Commune de Chaource (10),false,{10080},Commune,2026-03-24 14:41:53.095366+01,gold_establishments_2025,,,,21100075700016,2025,Collectivité Territoriale,Commune,['Aube'],['Grand Est'],COM,{10},{44}
5e542c2a-0581-46e3-a752-458bf20cdb58,210201471,Commune de Chaourse (02),false,{02160},Commune,2026-03-24 14:41:51.447482+01,gold_establishments_2025,,,,21020147100054,2025,Collectivité Territoriale,Commune,['Aisne'],['Hauts-de-France'],COM,{02},{32}
8d2a1dec-e6b3-49e8-aeb0-0cd8d673d786,217100874,Commune de Chapaize (71),false,{71087},Commune,2026-03-24 14:42:07.735343+01,gold_establishments_2025,,,,21710087400015,2025,Collectivité Territoriale,Commune,['Saône-et-Loire'],['Bourgogne-Franche-Comté'],COM,{71},{27}
7dfefc3c-ffe6-461d-a988-c06872b58a2c,213800758,Commune de Chapareillan (38),false,{38075},Commune,2026-03-24 14:41:59.160244+01,gold_establishments_2025,,,,21380075800012,2025,Collectivité Territoriale,Commune,['Isère'],['Auvergne-Rhône-Alpes'],COM,{38},{84}
626a9e73-ea3b-4a79-a671-3b9bdcd23ef7,216300855,Commune de Chapdes-Beaufort (63),false,{63085},Commune,2026-03-24 14:42:06.130387+01,gold_establishments_2025,,,,21630085500014,2025,Collectivité Territoriale,Commune,['Puy-de-Dôme'],['Auvergne-Rhône-Alpes'],COM,{63},{84}
81987316-3d2b-4c65-915c-adef3c0fe545,212401053,Commune de Chapdeuil (24),false,{24105},Commune,2026-03-24 14:41:55.958138+01,gold_establishments_2025,,,,21240105300013,2025,Collectivité Territoriale,Commune,['Dordogne'],['Nouvelle-Aquitaine'],COM,{24},{75}
94d17098-14b3-48a6-8609-6f6d992f4dfa,210300547,Commune de Chapeau (03),false,{03054},Commune,2026-03-24 14:41:52.020251+01,gold_establishments_2025,,,,21030054700010,2025,Collectivité Territoriale,Commune,['Allier'],['Auvergne-Rhône-Alpes'],COM,{03},{84}
15741ba0-7045-4b9d-9adf-2ecbe86ff208,217400613,Commune de Chapeiry (74),false,{74061},Commune,2026-03-24 14:42:08.279287+01,gold_establishments_2025,,,,21740061300014,2025,Collectivité Territoriale,Commune,['Haute-Savoie'],['Auvergne-Rhône-Alpes'],COM,{74},{84}
f20dbcd1-8bc8-4b87-883b-adefc04e1c54,215101163,Commune de Chapelaine (51),false,{51125},Commune,2026-03-24 14:42:01.412377+01,gold_establishments_2025,,,,21510116300016,2025,Collectivité Territoriale,Commune,['Marne'],['Grand Est'],COM,{51},{44}
e02927a4-7223-481e-8983-cf195cc58a6e,212800783,Commune de Chapelle-Guillaume (28),false,{28078},Commune,2026-03-24 14:41:57.028721+01,gold_establishments_2025,,,,21280078300012,2025,Collectivité Territoriale,Commune,['Eure-et-Loir'],['Centre-Val de Loire'],COM,{28},{24}
6c0c1397-7fb6-4082-9069-04fbf2009dce,212800791,Commune de Chapelle-Royale (28),false,{28079},Commune,2026-03-24 14:41:57.028721+01,gold_establishments_2025,,,,21280079100015,2025,Collectivité Territoriale,Commune,['Eure-et-Loir'],['Centre-Val de Loire'],COM,{28},{24}
22f1e166-3f76-4516-bb16-2b0c0124032d,211904602,Commune de Chapelle-Spinasse (19),false,{19046},Commune,2026-03-24 14:41:54.903238+01,gold_establishments_2025,,,,21190460200011,2025,Collectivité Territoriale,Commune,['Corrèze'],['Nouvelle-Aquitaine'],COM,{19},{75}
8e53afa7-561e-47e6-ad3a-d126f2627233,211000773,Commune de Chapelle-Vallon (10),false,{10082},Commune,2026-03-24 14:41:53.095366+01,gold_establishments_2025,,,,21100077300013,2025,Collectivité Territoriale,Commune,['Aube'],['Grand Est'],COM,{10},{44}
dae90345-76dc-48d4-988e-cdc8b86e6ea5,218600591,Commune de Chapelle-Viviers (86),false,{86059},Commune,2026-03-24 14:42:10.508772+01,gold_establishments_2025,,,,21860059100018,2025,Collectivité Territoriale,Commune,['Vienne'],['Nouvelle-Aquitaine'],COM,{86},{75}
9dae97d8-ee45-4f14-b3ea-2493092513f0,213901044,Commune de Chapelle-Voland (39),false,{39104},Commune,2026-03-24 14:41:59.705606+01,gold_establishments_2025,,,,21390104400015,2025,Collectivité Territoriale,Commune,['Jura'],['Bourgogne-Franche-Comté'],COM,{39},{27}
d30bf092-9449-4997-a656-429f2ee7d6b7,212501225,Commune de Chapelle-d'Huin (25),false,{25122},Commune,2026-03-24 14:41:56.495197+01,gold_establishments_2025,,,,21250122500016,2025,Collectivité Territoriale,Commune,['Doubs'],['Bourgogne-Franche-Comté'],COM,{25},{27}
d4603afa-de04-4362-822c-c078040609c4,212501217,Commune de Chapelle-des-Bois (25),false,{25121},Commune,2026-03-24 14:41:56.495197+01,gold_establishments_2025,,,,21250121700013,2025,Collectivité Territoriale,Commune,['Doubs'],['Bourgogne-Franche-Comté'],COM,{25},{27}
ab6c1bf1-4c30-4402-9198-551ef0105ba4,214500787,Commune de Chapelon (45),false,{45078},Commune,2026-03-24 14:42:00.862623+01,gold_establishments_2025,,,,21450078700012,2025,Collectivité Territoriale,Commune,['Loiret'],['Centre-Val de Loire'],COM,{45},{24}
80b9ef8f-acec-4cdf-9b32-41a44aa27dae,217801406,Commune de Chapet (78),false,{78140},Commune,2026-03-24 14:42:09.43682+01,gold_establishments_2025,,,,21780140600018,2025,Collectivité Territoriale,Commune,['Yvelines'],['Île-de-France'],COM,{78},{11}
3c7e9407-0871-4260-835c-8e2778837a8a,213901051,Commune de Chapois (39),false,{39105},Commune,2026-03-24 14:41:59.705606+01,gold_establishments_2025,,,,21390105100010,2025,Collectivité Territoriale,Commune,['Jura'],['Bourgogne-Franche-Comté'],COM,{39},{27}
74cbcee9-d3de-4bca-94c1-dee49adb5259,216902700,Commune de Chaponnay (69),false,{69270},Commune,2026-03-24 14:42:07.735343+01,gold_establishments_2025,,,,21690270000014,2025,Collectivité Territoriale,Commune,['Rhône'],['Auvergne-Rhône-Alpes'],COM,{69},{84}
78dc84c1-7e5c-497e-a682-4fdcd44b96fc,216900431,Commune de Chaponost (69),false,{69043},Commune,2026-03-24 14:42:07.195692+01,gold_establishments_2025,,,,21690043100018,2025,Collectivité Territoriale,Commune,['Rhône'],['Auvergne-Rhône-Alpes'],COM,{69},{84}
b59ff2bc-bede-4122-8032-34e46cbb3c6b,210300588,Commune de Chappes (03),false,{03058},Commune,2026-03-24 14:41:52.020251+01,gold_establishments_2025,,,,21030058800014,2025,Collectivité Territoriale,Commune,['Allier'],['Auvergne-Rhône-Alpes'],COM,{03},{84}
d160c146-aa89-4e92-a184-7e223baebd18,210800934,Commune de Chappes (08),false,{08102},Commune,2026-03-24 14:41:52.562531+01,gold_establishments_2025,,,,21080093400015,2025,Collectivité Territoriale,Commune,['Ardennes'],['Grand Est'],COM,{08},{44}
896b1c50-304e-497e-8ab8-66a2027fdeca,211000781,Commune de Chappes (10),false,{10083},Commune,2026-03-24 14:41:53.095366+01,gold_establishments_2025,,,,21100078100016,2025,Collectivité Territoriale,Commune,['Aube'],['Grand Est'],COM,{10},{44}
94c6fa83-d671-4189-a014-86cdf989d968,216300897,Commune de Chappes (63),false,{63089},Commune,2026-03-24 14:42:06.130387+01,gold_establishments_2025,,,,21630089700016,2025,Collectivité Territoriale,Commune,['Puy-de-Dôme'],['Auvergne-Rhône-Alpes'],COM,{63},{84}
b72ae3fc-117f-429f-8c60-a89b3728adef,218703809,Commune de Chaptelat (87),false,{87038},Commune,2026-03-24 14:42:11.118516+01,gold_establishments_2025,,,,21870380900010,2025,Collectivité Territoriale,Commune,['Haute-Vienne'],['Nouvelle-Aquitaine'],COM,{87},{75}
16d7bff3-2384-45b0-9fe5-9513c3cee21d,216300905,Commune de Chaptuzat (63),false,{63090},Commune,2026-03-24 14:42:06.130387+01,gold_establishments_2025,,,,21630090500017,2025,Collectivité Territoriale,Commune,['Puy-de-Dôme'],['Auvergne-Rhône-Alpes'],COM,{63},{84}
373b1e9a-5945-499f-add1-06340fb8a009,213800808,Commune de Charancieu (38),false,{38080},Commune,2026-03-24 14:41:59.160244+01,gold_establishments_2025,,,,21380080800015,2025,Collectivité Territoriale,Commune,['Isère'],['Auvergne-Rhône-Alpes'],COM,{38},{84}
0bb5a580-f4ff-4d25-9949-f93d98247234,213800816,Commune de Charantonnay (38),false,{38081},Commune,2026-03-24 14:41:59.160244+01,gold_establishments_2025,,,,21380081600018,2025,Collectivité Territoriale,Commune,['Isère'],['Auvergne-Rhône-Alpes'],COM,{38},{84}
b4c39eb8-6dc4-4328-a416-b8d70ec8cf49,213800824,Commune de Charavines (38),false,{38082},Commune,2026-03-24 14:41:59.160244+01,gold_establishments_2025,,,,21380082400012,2025,Collectivité Territoriale,Commune,['Isère'],['Auvergne-Rhône-Alpes'],COM,{38},{84}
4cc539fd-4074-4462-a023-bb4c1227794e,210800942,Commune de Charbogne (08),false,{08103},Commune,2026-03-24 14:41:52.562531+01,gold_establishments_2025,,,,21080094200018,2025,Collectivité Territoriale,Commune,['Ardennes'],['Grand Est'],COM,{08},{44}
93c5cc5f-907a-4bb0-953c-118cb6ef8e69,217100981,Commune de Charbonnat (71),false,{71098},Commune,2026-03-24 14:42:07.735343+01,gold_establishments_2025,,,,21710098100018,2025,Collectivité Territoriale,Commune,['Saône-et-Loire'],['Bourgogne-Franche-Comté'],COM,{71},{27}
34b95675-fb75-49e9-8a8a-ae7a23f7dfe3,216300913,Commune de Charbonnier-les-Mines (63),false,{63091},Commune,2026-03-24 14:42:06.130387+01,gold_establishments_2025,,,,21630091300011,2025,Collectivité Territoriale,Commune,['Puy-de-Dôme'],['Auvergne-Rhône-Alpes'],COM,{63},{84}
c328f033-9787-4a97-b1d7-031a624fe41a,212800809,Commune de Charbonnières (28),false,{28080},Commune,2026-03-24 14:41:57.028721+01,gold_establishments_2025,,,,21280080900015,2025,Collectivité Territoriale,Commune,['Eure-et-Loir'],['Centre-Val de Loire'],COM,{28},{24}
76aa7baf-5c9d-4012-9b34-063b5f9b4505,217100999,Commune de Charbonnières (71),false,{71099},Commune,2026-03-24 14:42:07.735343+01,gold_establishments_2025,,,,21710099900010,2025,Collectivité Territoriale,Commune,['Saône-et-Loire'],['Bourgogne-Franche-Comté'],COM,{71},{27}
f1d7fb45-a763-4abf-9c88-bc36a6496165,216900449,Commune de Charbonnières-les-Bains (69),false,{69044},Commune,2026-03-24 14:42:07.195692+01,gold_establishments_2025,,,,21690044900010,2025,Collectivité Territoriale,Commune,['Rhône'],['Auvergne-Rhône-Alpes'],COM,{69},{84}
9f092e30-d5e4-42f4-bb2a-1ea5461f1f50,216300921,Commune de Charbonnières-les-Varennes (63),false,{63092},Commune,2026-03-24 14:42:06.130387+01,gold_establishments_2025,,,,21630092100014,2025,Collectivité Territoriale,Commune,['Puy-de-Dôme'],['Auvergne-Rhône-Alpes'],COM,{63},{84}
10dda46e-b2fc-406c-8945-b23aa8ba11a6,216300939,Commune de Charbonnières-les-Vieilles (63),false,{63093},Commune,2026-03-24 14:42:06.130387+01,gold_establishments_2025,,,,21630093900016,2025,Collectivité Territoriale,Commune,['Puy-de-Dôme'],['Auvergne-Rhône-Alpes'],COM,{63},{84}
4f566228-becc-4bd3-a26a-abb1d71d2d14,218900835,Commune de Charbuy (89),false,{89083},Commune,2026-03-24 14:42:11.118516+01,gold_establishments_2025,,,,21890083500016,2025,Collectivité Territoriale,Commune,['Yonne'],['Bourgogne-Franche-Comté'],COM,{89},{27}
cc629971-721f-45dd-ac76-4a5f604650f0,217001304,Commune de Charcenne (70),false,{70130},Commune,2026-03-24 14:42:07.735343+01,gold_establishments_2025,,,,21700130400013,2025,Collectivité Territoriale,Commune,['Haute-Saône'],['Bourgogne-Franche-Comté'],COM,{70},{27}
dca05fe5-eefe-467f-87ea-001462712fe9,215300617,Commune de Charchigné (53),false,{53061},Commune,2026-03-24 14:42:01.954481+01,gold_establishments_2025,,,,21530061700010,2025,Collectivité Territoriale,Commune,['Mayenne'],['Pays de la Loire'],COM,{53},{52}
0be1e81b-3497-45de-8cad-0d34c7ac536d,213901069,Commune de Charchilla (39),false,{39106},Commune,2026-03-24 14:41:59.705606+01,gold_establishments_2025,,,,21390106900012,2025,Collectivité Territoriale,Commune,['Jura'],['Bourgogne-Franche-Comté'],COM,{39},{27}
be2b5cbc-46e3-41e8-a4a4-25043ad20484,213901077,Commune de Charcier (39),false,{39107},Commune,2026-03-24 14:41:59.705606+01,gold_establishments_2025,,,,21390107700015,2025,Collectivité Territoriale,Commune,['Jura'],['Bourgogne-Franche-Comté'],COM,{39},{27}
5adec8e1-bb48-4db8-961b-d1851a3eef07,212305304,Commune de Chard (23),false,{23053},Commune,2026-03-24 14:41:55.958138+01,gold_establishments_2025,,,,21230530400017,2025,Collectivité Territoriale,Commune,['Creuse'],['Nouvelle-Aquitaine'],COM,{23},{75}
1f5a6357-e005-40aa-b0cf-3683ec6222f3,210800959,Commune de Chardeny (08),false,{08104},Commune,2026-03-24 14:41:52.562531+01,gold_establishments_2025,,,,21080095900012,2025,Collectivité Territoriale,Commune,['Ardennes'],['Grand Est'],COM,{08},{44}
dafda459-03ed-457e-a850-f8b0828df243,215501016,Commune de Chardogne (55),false,{55101},Commune,2026-03-24 14:42:02.957225+01,gold_establishments_2025,,,,21550101600012,2025,Collectivité Territoriale,Commune,['Meuse'],['Grand Est'],COM,{55},{44}
4d07fb43-9c09-4c8a-9d7a-5785657b2516,217101005,Commune de Chardonnay (71),false,{71100},Commune,2026-03-24 14:42:07.735343+01,gold_establishments_2025,,,,21710100500015,2025,Collectivité Territoriale,Commune,['Saône-et-Loire'],['Bourgogne-Franche-Comté'],COM,{71},{27}
bf65aa7b-a259-4f87-ac74-4b50eb90242c,210300596,Commune de Chareil-Cintrat (03),false,{03059},Commune,2026-03-24 14:41:52.020251+01,gold_establishments_2025,,,,21030059600017,2025,Collectivité Territoriale,Commune,['Allier'],['Auvergne-Rhône-Alpes'],COM,{03},{84}
213d4ec3-3e29-411e-9844-83731e6b8b60,212101448,Commune de Charencey (21),false,{21144},Commune,2026-03-24 14:41:55.433389+01,gold_establishments_2025,,,,21210144800018,2025,Collectivité Territoriale,Commune,"[""Côte-d'Or""]",['Bourgogne-Franche-Comté'],COM,{21},{27}
33e02f35-b850-4100-bd5e-fbb29cc3c9ab,200076412,Commune de Charencey (61),false,{61429},Commune,2026-03-24 14:42:05.597325+01,gold_establishments_2025,,,,20007641200010,2025,Collectivité Territoriale,Commune,['Orne'],['Normandie'],COM,{61},{28}
97a5637c-15ec-4082-a080-76ea9d7d854e,213901085,Commune de Charency (39),false,{39108},Commune,2026-03-24 14:41:59.705606+01,gold_establishments_2025,,,,21390108500018,2025,Collectivité Territoriale,Commune,['Jura'],['Bourgogne-Franche-Comté'],COM,{39},{27}
e0f4d2b8-033c-4546-add3-aca38ced3abf,215401183,Commune de Charency-Vezin (54),false,{54118},Commune,2026-03-24 14:42:02.957225+01,gold_establishments_2025,,,,21540118300011,2025,Collectivité Territoriale,Commune,['Meurthe-et-Moselle'],['Grand Est'],COM,{54},{44}
2c20a50b-043f-4a00-9380-b2ec184b194c,212600761,Commune de Charens (26),false,{26076},Commune,2026-03-24 14:41:56.495197+01,gold_establishments_2025,,,,21260076100010,2025,Collectivité Territoriale,Commune,['Drôme'],['Auvergne-Rhône-Alpes'],COM,{26},{84}
4c4bda10-7855-4e21-ad5a-896ac738a780,216300947,Commune de Charensat (63),false,{63094},Commune,2026-03-24 14:42:06.130387+01,gold_establishments_2025,,,,21630094700019,2025,Collectivité Territoriale,Commune,['Puy-de-Dôme'],['Auvergne-Rhône-Alpes'],COM,{63},{84}
6f19e38e-d192-40d8-9df8-b8167deec28e,216900456,Commune de Charentay (69),false,{69045},Commune,2026-03-24 14:42:07.195692+01,gold_establishments_2025,,,,21690045600015,2025,Collectivité Territoriale,Commune,['Rhône'],['Auvergne-Rhône-Alpes'],COM,{69},{84}
6780cec8-9cdb-4380-b5a9-78ee024bdf03,218900843,Commune de Charentenay (89),false,{89084},Commune,2026-03-24 14:42:11.118516+01,gold_establishments_2025,,,,21890084300010,2025,Collectivité Territoriale,Commune,['Yonne'],['Bourgogne-Franche-Comté'],COM,{89},{27}
559209fa-ae2c-49ed-9636-f5ca438c164c,213700594,Commune de Charentilly (37),false,{37059},Commune,2026-03-24 14:41:59.160244+01,gold_establishments_2025,,,,21370059400012,2025,Collectivité Territoriale,Commune,['Indre-et-Loire'],['Centre-Val de Loire'],COM,{37},{24}
aba1c330-e631-4367-9623-04b9d011a777,211800529,Commune de Charenton-du-Cher (18),false,{18052},Commune,2026-03-24 14:41:54.903238+01,gold_establishments_2025,,,,21180052900011,2025,Collectivité Territoriale,Commune,['Cher'],['Centre-Val de Loire'],COM,{18},{24}
ceb880fa-96d0-447b-afc4-c54ca5ea6822,219400181,Commune de Charenton-le-Pont (94),false,{94018},Commune,2026-03-24 14:42:11.659493+01,gold_establishments_2025,,,,21940018100018,2025,Collectivité Territoriale,Commune,['Val-de-Marne'],['Île-de-France'],COM,{94},{11}
1ec04ed4-0a34-449a-84df-b807b5e660d1,211800537,Commune de Charentonnay (18),false,{18053},Commune,2026-03-24 14:41:54.903238+01,gold_establishments_2025,,,,21180053700014,2025,Collectivité Territoriale,Commune,['Cher'],['Centre-Val de Loire'],COM,{18},{24}
fe91da0f-cbf4-4dde-9508-d068a7a877a1,213800832,Commune de Charette (38),false,{38083},Commune,2026-03-24 14:41:59.160244+01,gold_establishments_2025,,,,21380083200015,2025,Collectivité Territoriale,Commune,['Isère'],['Auvergne-Rhône-Alpes'],COM,{38},{84}
1f5e5b64-4af5-44b1-86b1-d03fcb8f86fa,217105931,Commune de Charette-Varennes (71),false,{71101},Commune,2026-03-24 14:42:07.735343+01,gold_establishments_2025,,,,21710593100018,2025,Collectivité Territoriale,Commune,['Saône-et-Loire'],['Bourgogne-Franche-Comté'],COM,{71},{27}
3dc99546-bc3b-49cc-bbf7-77912ac6f836,215401191,Commune de Charey (54),false,{54119},Commune,2026-03-24 14:42:02.957225+01,gold_establishments_2025,,,,21540119100014,2025,Collectivité Territoriale,Commune,['Meurthe-et-Moselle'],['Grand Est'],COM,{54},{44}
4e5e35b1-521e-4cbb-9f7d-365bb0ed87de,217001320,Commune de Chargey-lès-Gray (70),false,{70132},Commune,2026-03-24 14:42:07.735343+01,gold_establishments_2025,,,,21700132000019,2025,Collectivité Territoriale,Commune,['Haute-Saône'],['Bourgogne-Franche-Comté'],COM,{70},{27}
6d0376a2-fb46-4d43-b3d3-842449156726,217001338,Commune de Chargey-lès-Port (70),false,{70133},Commune,2026-03-24 14:42:07.735343+01,gold_establishments_2025,,,,21700133800011,2025,Collectivité Territoriale,Commune,['Haute-Saône'],['Bourgogne-Franche-Comté'],COM,{70},{27}
df4327d6-0d1a-4e7b-a243-08baf155ebf4,213700602,Commune de Chargé (37),false,{37060},Commune,2026-03-24 14:41:59.160244+01,gold_establishments_2025,,,,21370060200013,2025,Collectivité Territoriale,Commune,['Indre-et-Loire'],['Centre-Val de Loire'],COM,{37},{24}
5381d16f-ef90-4c9c-9107-9cbae262b421,217001346,Commune de Chariez (70),false,{70134},Commune,2026-03-24 14:42:07.735343+01,gold_establishments_2025,,,,21700134600014,2025,Collectivité Territoriale,Commune,['Haute-Saône'],['Bourgogne-Franche-Comté'],COM,{70},{27}
0ee9e0eb-3759-4134-b362-24d553f895a1,212101455,Commune de Charigny (21),false,{21145},Commune,2026-03-24 14:41:55.433389+01,gold_establishments_2025,,,,21210145500013,2025,Collectivité Territoriale,Commune,"[""Côte-d'Or""]",['Bourgogne-Franche-Comté'],COM,{21},{27}
b71a7c40-31ec-489e-b888-f93903ff76e8,210100871,Commune de Charix (01),false,{01087},Commune,2026-03-24 14:41:51.447482+01,gold_establishments_2025,,,,21010087100016,2025,Collectivité Territoriale,Commune,['Ain'],['Auvergne-Rhône-Alpes'],COM,{01},{84}
c7a3d49f-9791-42c9-bf72-8a61a10352a6,213101389,Commune de Charlas (31),false,{31138},Commune,2026-03-24 14:41:57.56054+01,gold_establishments_2025,,,,21310138900012,2025,Collectivité Territoriale,Commune,['Haute-Garonne'],['Occitanie'],COM,{31},{76}
08242261-f156-4e1d-9b40-ef683bfb0376,211300249,Commune de Charleval (13),false,{13024},Commune,2026-03-24 14:41:53.63825+01,gold_establishments_2025,,,,21130024900011,2025,Collectivité Territoriale,Commune,['Bouches-du-Rhône'],"[""Provence-Alpes-Côte d'Azur""]",COM,{13},{93}
90b54beb-3c96-4037-959b-f05bfccbf67f,212701510,Commune de Charleval (27),false,{27151},Commune,2026-03-24 14:41:56.495197+01,gold_establishments_2025,,,,21270151000019,2025,Collectivité Territoriale,Commune,['Eure'],['Normandie'],COM,{27},{28}
eb1fa4d6-7679-4dd0-aaaa-f2b5a7e9e2eb,215101205,Commune de Charleville (51),false,{51129},Commune,2026-03-24 14:42:01.412377+01,gold_establishments_2025,,,,21510120500015,2025,Collectivité Territoriale,Commune,['Marne'],['Grand Est'],COM,{51},{44}
c5fa060e-f97e-48c3-88c3-ae6e8db7bb1b,210800967,Commune de Charleville-Mézières (08),false,{08105},Commune,2026-03-24 14:41:52.562531+01,gold_establishments_2025,,,,21080096700015,2025,Collectivité Territoriale,Commune,['Ardennes'],['Grand Est'],COM,{08},{44}
239ab66e-aa25-4792-9c08-3dcf41f3cbd7,215701285,Commune de Charleville-sous-Bois (57),false,{57128},Commune,2026-03-24 14:42:03.701372+01,gold_establishments_2025,,,,21570128500011,2025,Collectivité Territoriale,Commune,['Moselle'],['Grand Est'],COM,{57},{44}
61f5cfd3-e3e3-4cd3-8656-cac715125635,214200529,Commune de Charlieu (42),false,{42052},Commune,2026-03-24 14:42:00.273698+01,gold_establishments_2025,,,,21420052900011,2025,Collectivité Territoriale,Commune,['Loire'],['Auvergne-Rhône-Alpes'],COM,{42},{84}
fd832bce-481c-49f3-83f4-c88165100a1b,211800545,Commune de Charly (18),false,{18054},Commune,2026-03-24 14:41:54.903238+01,gold_establishments_2025,,,,21180054500017,2025,Collectivité Territoriale,Commune,['Cher'],['Centre-Val de Loire'],COM,{18},{24}
ed51b04b-eb62-4f2d-9b08-c3c1419f0a7c,216900464,Commune de Charly (69),false,{69046},Commune,2026-03-24 14:42:07.195692+01,gold_establishments_2025,,,,21690046400019,2025,Collectivité Territoriale,Commune,['Rhône'],['Auvergne-Rhône-Alpes'],COM,{69},{84}
5fdbde0b-3f22-4518-8478-2f1ba4347caf,215701293,Commune de Charly-Oradour (57),false,{57129},Commune,2026-03-24 14:42:03.701372+01,gold_establishments_2025,,,,21570129300015,2025,Collectivité Territoriale,Commune,['Moselle'],['Grand Est'],COM,{57},{44}
142f2851-b13a-47b8-bfd6-aa6c88c54995,210201505,Commune de Charly-sur-Marne (02),false,{02163},Commune,2026-03-24 14:41:51.447482+01,gold_establishments_2025,,,,21020150500018,2025,Collectivité Territoriale,Commune,['Aisne'],['Hauts-de-France'],COM,{02},{32}
bc1da0d3-6287-44b5-833c-4040ffbada1e,212501241,Commune de Charmauvillers (25),false,{25124},Commune,2026-03-24 14:41:56.495197+01,gold_establishments_2025,,,,21250124100013,2025,Collectivité Territoriale,Commune,['Doubs'],['Bourgogne-Franche-Comté'],COM,{25},{27}
0cb03b8d-1d89-4e24-afbe-bcd9974d9903,210300604,Commune de Charmeil (03),false,{03060},Commune,2026-03-24 14:41:52.020251+01,gold_establishments_2025,,,,21030060400019,2025,Collectivité Territoriale,Commune,['Allier'],['Auvergne-Rhône-Alpes'],COM,{03},{84}
48e304cf-472d-4a27-8dd5-a9be930b875b,211500434,Commune de Charmensac (15),false,{15043},Commune,2026-03-24 14:41:54.362296+01,gold_establishments_2025,,,,21150043400017,2025,Collectivité Territoriale,Commune,['Cantal'],['Auvergne-Rhône-Alpes'],COM,{15},{84}
fa8052f8-afa1-4f59-aa9f-71aa5fab1b3b,217700947,Commune de Charmentray (77),false,{77094},Commune,2026-03-24 14:42:08.818969+01,gold_establishments_2025,,,,21770094700013,2025,Collectivité Territoriale,Commune,['Seine-et-Marne'],['Île-de-France'],COM,{77},{11}
558f2927-276d-4b4a-92cd-8d70014fdb5b,210201521,Commune de Charmes (02),false,{02165},Commune,2026-03-24 14:41:51.447482+01,gold_establishments_2025,,,,21020152100015,2025,Collectivité Territoriale,Commune,['Aisne'],['Hauts-de-France'],COM,{02},{32}
7741b65a-98d3-4c6f-8c75-d7a599ceaae3,210300612,Commune de Charmes (03),false,{03061},Commune,2026-03-24 14:41:52.020251+01,gold_establishments_2025,,,,21030061200012,2025,Collectivité Territoriale,Commune,['Allier'],['Auvergne-Rhône-Alpes'],COM,{03},{84}
5e5f6c6b-6ee5-4c57-a1a8-b705bdb3f6ac,212101463,Commune de Charmes (21),false,{21146},Commune,2026-03-24 14:41:55.433389+01,gold_establishments_2025,,,,21210146300017,2025,Collectivité Territoriale,Commune,"[""Côte-d'Or""]",['Bourgogne-Franche-Comté'],COM,{21},{27}
048d3bcb-d9cf-4c9c-8060-dd98a4917059,215204041,Commune de Charmes (52),false,{52108},Commune,2026-03-24 14:42:01.954481+01,gold_establishments_2025,,,,21520404100010,2025,Collectivité Territoriale,Commune,['Haute-Marne'],['Grand Est'],COM,{52},{44}
3d251fc5-12d3-4495-900d-9239413fca9d,218800902,Commune de Charmes (88),false,{88090},Commune,2026-03-24 14:42:11.118516+01,gold_establishments_2025,,,,21880090200015,2025,Collectivité Territoriale,Commune,['Vosges'],['Grand Est'],COM,{88},{44}
0a793cc0-7247-44a9-bece-0d21154914b0,217001353,Commune de Charmes-Saint-Valbert (70),false,{70135},Commune,2026-03-24 14:42:07.735343+01,gold_establishments_2025,,,,21700135300010,2025,Collectivité Territoriale,Commune,['Haute-Saône'],['Bourgogne-Franche-Comté'],COM,{70},{27}
0d1b090b-bd8e-4285-8cf2-1f42deb16af6,215200759,Commune de Charmes-en-l'Angle (52),false,{52109},Commune,2026-03-24 14:42:01.954481+01,gold_establishments_2025,,,,21520075900011,2025,Collectivité Territoriale,Commune,['Haute-Marne'],['Grand Est'],COM,{52},{44}
eedea1f9-af52-4337-8e95-f15d4ca67e81,215401209,Commune de Charmes-la-Côte (54),false,{54120},Commune,2026-03-24 14:42:02.957225+01,gold_establishments_2025,,,,21540120900014,2025,Collectivité Territoriale,Commune,['Meurthe-et-Moselle'],['Grand Est'],COM,{54},{44}
900c7662-087f-4ba1-ae28-6a6d1b178b89,215200767,Commune de Charmes-la-Grande (52),false,{52110},Commune,2026-03-24 14:42:01.954481+01,gold_establishments_2025,,,,21520076700014,2025,Collectivité Territoriale,Commune,['Haute-Marne'],['Grand Est'],COM,{52},{44}
8be9c699-d1ce-489b-8679-777bd249afd8,210700555,Commune de Charmes-sur-Rhône (07),false,{07055},Commune,2026-03-24 14:41:52.562531+01,gold_establishments_2025,,,,21070055500019,2025,Collectivité Territoriale,Commune,['Ardèche'],['Auvergne-Rhône-Alpes'],COM,{07},{84}
b835627e-e8c6-4e47-a83d-f248256893f6,212600779,Commune de Charmes-sur-l'Herbasse (26),false,{26077},Commune,2026-03-24 14:41:56.495197+01,gold_establishments_2025,,,,21260077900012,2025,Collectivité Territoriale,Commune,['Drôme'],['Auvergne-Rhône-Alpes'],COM,{26},{84}
f5e75a6a-3635-4959-aa03-5ce8b3939a38,212501258,Commune de Charmoille (25),false,{25125},Commune,2026-03-24 14:41:56.495197+01,gold_establishments_2025,,,,21250125800017,2025,Collectivité Territoriale,Commune,['Doubs'],['Bourgogne-Franche-Comté'],COM,{25},{27}
ed0b9f9d-3057-4772-8246-63d56216f5a0,217001361,Commune de Charmoille (70),false,{70136},Commune,2026-03-24 14:42:07.735343+01,gold_establishments_2025,,,,21700136100013,2025,Collectivité Territoriale,Commune,['Haute-Saône'],['Bourgogne-Franche-Comté'],COM,{70},{27}
5601843a-deb9-4a2b-83a9-958d6431995e,215401217,Commune de Charmois (54),false,{54121},Commune,2026-03-24 14:42:02.957225+01,gold_establishments_2025,,,,21540121700017,2025,Collectivité Territoriale,Commune,['Meurthe-et-Moselle'],['Grand Est'],COM,{54},{44}
47bf788b-8352-46eb-962a-5cf130aa6f4a,219000213,Commune de Charmois (90),false,{90021},Commune,2026-03-24 14:42:11.659493+01,gold_establishments_2025,,,,21900021300013,2025,Collectivité Territoriale,Commune,['Territoire de Belfort'],['Bourgogne-Franche-Comté'],COM,{90},{27}
222f4688-92ba-4c19-828f-9282780e6949,218800910,Commune de Charmois-devant-Bruyères (88),false,{88091},Commune,2026-03-24 14:42:11.118516+01,gold_establishments_2025,,,,21880091000018,2025,Collectivité Territoriale,Commune,['Vosges'],['Grand Est'],COM,{88},{44}
7a5edb7e-7e24-48b7-852e-cfd2076b5b69,218800928,Commune de Charmois-l'Orgueilleux (88),false,{88092},Commune,2026-03-24 14:42:11.118516+01,gold_establishments_2025,,,,21880092800010,2025,Collectivité Territoriale,Commune,['Vosges'],['Grand Est'],COM,{88},{44}
e58bcfe6-6690-40df-9f9a-2f793ac7c855,215101213,Commune de Charmont (51),false,{51130},Commune,2026-03-24 14:42:01.412377+01,gold_establishments_2025,,,,21510121300019,2025,Collectivité Territoriale,Commune,['Marne'],['Grand Est'],COM,{51},{44}
6fe038b4-7661-4dfc-ac18-01513610d08b,219501418,Commune de Charmont (95),false,{95141},Commune,2026-03-24 14:42:11.659493+01,gold_establishments_2025,,,,21950141800012,2025,Collectivité Territoriale,Commune,"[""Val-d'Oise""]",['Île-de-France'],COM,{95},{11}
e4510686-d0c3-48f4-afdb-152d3616ebca,214500803,Commune de Charmont-en-Beauce (45),false,{45080},Commune,2026-03-24 14:42:00.862623+01,gold_establishments_2025,,,,21450080300017,2025,Collectivité Territoriale,Commune,['Loiret'],['Centre-Val de Loire'],COM,{45},{24}
2a7a4840-8555-4cbb-86f4-5c7eb69efb40,211000799,Commune de Charmont-sous-Barbuise (10),false,{10084},Commune,2026-03-24 14:41:53.095366+01,gold_establishments_2025,,,,21100079900018,2025,Collectivité Territoriale,Commune,['Aube'],['Grand Est'],COM,{10},{44}
b1ec388f-fe64-4d32-ab7a-4e0c181658dc,211000807,Commune de Charmoy (10),false,{10085},Commune,2026-03-24 14:41:53.095366+01,gold_establishments_2025,,,,21100080700019,2025,Collectivité Territoriale,Commune,['Aube'],['Grand Est'],COM,{10},{44}
65078e99-d93a-41d3-850d-b4672f109859,217101039,Commune de Charmoy (71),false,{71103},Commune,2026-03-24 14:42:07.735343+01,gold_establishments_2025,,,,21710103900014,2025,Collectivité Territoriale,Commune,['Saône-et-Loire'],['Bourgogne-Franche-Comté'],COM,{71},{27}
badfa537-9441-4fd8-9071-4a8fdc1dcf37,218900850,Commune de Charmoy (89),false,{89085},Commune,2026-03-24 14:42:11.118516+01,gold_establishments_2025,,,,21890085000015,2025,Collectivité Territoriale,Commune,['Yonne'],['Bourgogne-Franche-Comté'],COM,{89},{27}
26fd7ad6-7bc5-4139-8a32-5c818bbaa169,211600838,Commune de Charmé (16),false,{16083},Commune,2026-03-24 14:41:54.362296+01,gold_establishments_2025,,,,21160083800018,2025,Collectivité Territoriale,Commune,['Charente'],['Nouvelle-Aquitaine'],COM,{16},{75}
a388e955-b57e-4c5f-94ae-d840bfbf27ea,210700563,Commune de Charnas (07),false,{07056},Commune,2026-03-24 14:41:52.562531+01,gold_establishments_2025,,,,21070056300013,2025,Collectivité Territoriale,Commune,['Ardèche'],['Auvergne-Rhône-Alpes'],COM,{07},{84}
c4427ca5-bf3e-459d-8e1e-041b3b4185bf,216300954,Commune de Charnat (63),false,{63095},Commune,2026-03-24 14:42:06.130387+01,gold_establishments_2025,,,,21630095400015,2025,Collectivité Territoriale,Commune,['Puy-de-Dôme'],['Auvergne-Rhône-Alpes'],COM,{63},{84}
c45ed582-d67a-4871-bf86-ecd3befaebdc,212501266,Commune de Charnay (25),false,{25126},Commune,2026-03-24 14:41:56.495197+01,gold_establishments_2025,,,,21250126600010,2025,Collectivité Territoriale,Commune,['Doubs'],['Bourgogne-Franche-Comté'],COM,{25},{27}
4b39d087-423e-405a-ae14-f81bc77f8be4,216900472,Commune de Charnay (69),false,{69047},Commune,2026-03-24 14:42:07.195692+01,gold_establishments_2025,,,,21690047200012,2025,Collectivité Territoriale,Commune,['Rhône'],['Auvergne-Rhône-Alpes'],COM,{69},{84}
9cdc0afd-d3f6-4f5d-b72b-78961c1ec5dc,217101047,Commune de Charnay-lès-Chalon (71),false,{71104},Commune,2026-03-24 14:42:07.735343+01,gold_establishments_2025,,,,21710104700017,2025,Collectivité Territoriale,Commune,['Saône-et-Loire'],['Bourgogne-Franche-Comté'],COM,{71},{27}
af25628c-0535-46a3-be9f-e9864d2309f6,217101054,Commune de Charnay-lès-Mâcon (71),false,{71105},Commune,2026-03-24 14:42:07.735343+01,gold_establishments_2025,,,,21710105400013,2025,Collectivité Territoriale,Commune,['Saône-et-Loire'],['Bourgogne-Franche-Comté'],COM,{71},{27}
dfaebcef-4aa7-463e-9ad9-be487405cd9f,213700610,Commune de Charnizay (37),false,{37061},Commune,2026-03-24 14:41:59.160244+01,gold_establishments_2025,,,,21370061000016,2025,Collectivité Territoriale,Commune,['Indre-et-Loire'],['Centre-Val de Loire'],COM,{37},{24}
37504479-7878-4af7-9f0a-1d4813eaba89,213901119,Commune de Charnod (39),false,{39111},Commune,2026-03-24 14:41:59.705606+01,gold_establishments_2025,,,,21390111900015,2025,Collectivité Territoriale,Commune,['Jura'],['Bourgogne-Franche-Comté'],COM,{39},{27}
f20441b8-8591-468b-b60e-33094d9596aa,210800975,Commune de Charnois (08),false,{08106},Commune,2026-03-24 14:41:52.562531+01,gold_establishments_2025,,,,21080097500018,2025,Collectivité Territoriale,Commune,['Ardennes'],['Grand Est'],COM,{08},{44}
c07d40be-9dfb-4c61-9ec9-b500dc70e1a6,210100889,Commune de Charnoz-sur-Ain (01),false,{01088},Commune,2026-03-24 14:41:51.447482+01,gold_establishments_2025,,,,21010088900018,2025,Collectivité Territoriale,Commune,['Ain'],['Auvergne-Rhône-Alpes'],COM,{01},{84}
469bda9e-a96c-407f-94a1-8e9700dd4a1a,212101471,Commune de Charny (21),false,{21147},Commune,2026-03-24 14:41:55.433389+01,gold_establishments_2025,,,,21210147100010,2025,Collectivité Territoriale,Commune,"[""Côte-d'Or""]",['Bourgogne-Franche-Comté'],COM,{21},{27}
69935a32-a2e2-4c99-96a3-8ec22ba4d869,217700954,Commune de Charny (77),false,{77095},Commune,2026-03-24 14:42:08.818969+01,gold_establishments_2025,,,,21770095400019,2025,Collectivité Territoriale,Commune,['Seine-et-Marne'],['Île-de-France'],COM,{77},{11}
fdc35721-5c38-4030-a475-7a5f2f4c7311,200055788,Commune de Charny Orée de Puisaye (89),false,{89086},Commune,2026-03-24 14:42:11.118516+01,gold_establishments_2025,,,,20005578800018,2025,Collectivité Territoriale,Commune,['Yonne'],['Bourgogne-Franche-Comté'],COM,{89},{27}
a6fa95d0-750b-46cd-b98a-009d261e1305,211000815,Commune de Charny-le-Bachot (10),false,{10086},Commune,2026-03-24 14:41:53.095366+01,gold_establishments_2025,,,,21100081500012,2025,Collectivité Territoriale,Commune,['Aube'],['Grand Est'],COM,{10},{44}
dc1ee15f-9ef7-4a9c-b36f-5016e3d2ccd9,215501024,Commune de Charny-sur-Meuse (55),false,{55102},Commune,2026-03-24 14:42:02.957225+01,gold_establishments_2025,,,,21550102400016,2025,Collectivité Territoriale,Commune,['Meuse'],['Grand Est'],COM,{55},{44}
b753e396-1b8e-4448-8758-090c6777abbb,213800840,Commune de Charnècles (38),false,{38084},Commune,2026-03-24 14:41:59.160244+01,gold_establishments_2025,,,,21380084000018,2025,Collectivité Territoriale,Commune,['Isère'],['Auvergne-Rhône-Alpes'],COM,{38},{84}
9c51c80e-9927-47b5-944e-7b4842e9aad2,217101062,Commune de Charolles (71),false,{71106},Commune,2026-03-24 14:42:07.735343+01,gold_establishments_2025,,,,21710106200016,2025,Collectivité Territoriale,Commune,['Saône-et-Loire'],['Bourgogne-Franche-Comté'],COM,{71},{27}
b221f319-f01b-4686-a1aa-1476e791c7ff,212600787,Commune de Charols (26),false,{26078},Commune,2026-03-24 14:41:56.495197+01,gold_establishments_2025,,,,21260078700015,2025,Collectivité Territoriale,Commune,['Drôme'],['Auvergne-Rhône-Alpes'],COM,{26},{84}
a3afcae3-d8df-4d71-b7d3-cf6fd5377eed,212800817,Commune de Charonville (28),false,{28081},Commune,2026-03-24 14:41:57.028721+01,gold_establishments_2025,,,,21280081700018,2025,Collectivité Territoriale,Commune,['Eure-et-Loir'],['Centre-Val de Loire'],COM,{28},{24}
21c8cd74-82e6-45c3-ad0e-95ff0146f86a,215501032,Commune de Charpentry (55),false,{55103},Commune,2026-03-24 14:42:02.957225+01,gold_establishments_2025,,,,21550103200019,2025,Collectivité Territoriale,Commune,['Meuse'],['Grand Est'],COM,{55},{44}
58d3b591-3794-4380-a01e-e3f060208efa,212600795,Commune de Charpey (26),false,{26079},Commune,2026-03-24 14:41:56.495197+01,gold_establishments_2025,,,,21260079500018,2025,Collectivité Territoriale,Commune,['Drôme'],['Auvergne-Rhône-Alpes'],COM,{26},{84}
d4e99cb7-b916-4290-8800-19739917c7fd,212800825,Commune de Charpont (28),false,{28082},Commune,2026-03-24 14:41:57.028721+01,gold_establishments_2025,,,,21280082500011,2025,Collectivité Territoriale,Commune,['Eure-et-Loir'],['Centre-Val de Loire'],COM,{28},{24}
025daffa-b586-45b7-ad20-1701c6d14e27,212501274,Commune de Charquemont (25),false,{25127},Commune,2026-03-24 14:41:56.495197+01,gold_establishments_2025,,,,21250127400014,2025,Collectivité Territoriale,Commune,['Doubs'],['Bourgogne-Franche-Comté'],COM,{25},{27}
340b6780-50e6-41e3-943c-cf88bb8e31ed,214300600,Commune de Charraix (43),false,{43060},Commune,2026-03-24 14:42:00.273698+01,gold_establishments_2025,,,,21430060000019,2025,Collectivité Territoriale,Commune,['Haute-Loire'],['Auvergne-Rhône-Alpes'],COM,{43},{84}
6f66be06-37ab-4265-bc8d-ca3b7eb39fb5,211600846,Commune de Charras (16),false,{16084},Commune,2026-03-24 14:41:54.362296+01,gold_establishments_2025,,,,21160084600011,2025,Collectivité Territoriale,Commune,['Charente'],['Nouvelle-Aquitaine'],COM,{16},{75}
c7d96818-8628-4937-91bc-021e675b2896,216401869,Commune de Charre (64),false,{64186},Commune,2026-03-24 14:42:06.130387+01,gold_establishments_2025,,,,21640186900013,2025,Collectivité Territoriale,Commune,['Pyrénées-Atlantiques'],['Nouvelle-Aquitaine'],COM,{64},{75}
a7f2adf8-130d-453a-be2a-c81be79e4dc2,217101070,Commune de Charrecey (71),false,{71107},Commune,2026-03-24 14:42:07.735343+01,gold_establishments_2025,,,,21710107000019,2025,Collectivité Territoriale,Commune,['Saône-et-Loire'],['Bourgogne-Franche-Comté'],COM,{71},{27}
628ba389-6afc-4537-8e5e-df829cf4e39b,212101489,Commune de Charrey-sur-Saône (21),false,{21148},Commune,2026-03-24 14:41:55.433389+01,gold_establishments_2025,,,,21210148900012,2025,Collectivité Territoriale,Commune,"[""Côte-d'Or""]",['Bourgogne-Franche-Comté'],COM,{21},{27}
59e593a1-03c9-418c-9669-97917a99c37f,212101497,Commune de Charrey-sur-Seine (21),false,{21149},Commune,2026-03-24 14:41:55.433389+01,gold_establishments_2025,,,,21210149700015,2025,Collectivité Territoriale,Commune,"[""Côte-d'Or""]",['Bourgogne-Franche-Comté'],COM,{21},{27}
eb5d2cd2-8a55-4dcf-8958-b88b8a9903d2,215800608,Commune de Charrin (58),false,{58060},Commune,2026-03-24 14:42:04.280096+01,gold_establishments_2025,,,,21580060800014,2025,Collectivité Territoriale,Commune,['Nièvre'],['Bourgogne-Franche-Comté'],COM,{58},{27}
8bd80405-1630-4d33-954f-2fe59c0f2f6d,216401877,Commune de Charritte-de-Bas (64),false,{64187},Commune,2026-03-24 14:42:06.130387+01,gold_establishments_2025,,,,21640187700016,2025,Collectivité Territoriale,Commune,['Pyrénées-Atlantiques'],['Nouvelle-Aquitaine'],COM,{64},{75}
03f95d40-5b77-4b79-a625-06cd5d17cddf,211700919,Commune de Charron (17),false,{17091},Commune,2026-03-24 14:41:54.903238+01,gold_establishments_2025,,,,21170091900015,2025,Collectivité Territoriale,Commune,['Charente-Maritime'],['Nouvelle-Aquitaine'],COM,{17},{75}
17abc336-d1ab-46b6-9b81-3955fc3e5398,212305403,Commune de Charron (23),false,{23054},Commune,2026-03-24 14:41:55.958138+01,gold_establishments_2025,,,,21230540300017,2025,Collectivité Territoriale,Commune,['Creuse'],['Nouvelle-Aquitaine'],COM,{23},{75}
bcb5b5df-e53d-4c36-b70f-f76d6ac0849c,210300620,Commune de Charroux (03),false,{03062},Commune,2026-03-24 14:41:52.020251+01,gold_establishments_2025,,,,21030062000015,2025,Collectivité Territoriale,Commune,['Allier'],['Auvergne-Rhône-Alpes'],COM,{03},{84}
a80b534b-897e-4728-89ac-8be1d91923b6,218600617,Commune de Charroux (86),false,{86061},Commune,2026-03-24 14:42:10.508772+01,gold_establishments_2025,,,,21860061700011,2025,Collectivité Territoriale,Commune,['Vienne'],['Nouvelle-Aquitaine'],COM,{86},{75}
480e6250-271b-4c70-b252-1e6508d87611,219501426,Commune de Chars (95),false,{95142},Commune,2026-03-24 14:42:11.659493+01,gold_establishments_2025,,,,21950142600015,2025,Collectivité Territoriale,Commune,"[""Val-d'Oise""]",['Île-de-France'],COM,{95},{11}
e1346bd3-e56c-45ee-bb7f-8c36d70a908e,214500811,Commune de Charsonville (45),false,{45081},Commune,2026-03-24 14:42:00.862623+01,gold_establishments_2025,,,,21450081100010,2025,Collectivité Territoriale,Commune,['Loiret'],['Centre-Val de Loire'],COM,{45},{24}
2a433bfd-c82d-4e59-87d6-39eb6a862176,212800841,Commune de Chartainvilliers (28),false,{28084},Commune,2026-03-24 14:41:57.028721+01,gold_establishments_2025,,,,21280084100018,2025,Collectivité Territoriale,Commune,['Eure-et-Loir'],['Centre-Val de Loire'],COM,{28},{24}
9a5d8f2d-8656-4fa5-9e29-8cfbc38d6d5e,212800858,Commune de Chartres (28),false,{28085},Commune,2026-03-24 14:41:57.028721+01,gold_establishments_2025,,,,21280085800012,2025,Collectivité Territoriale,Commune,['Eure-et-Loir'],['Centre-Val de Loire'],COM,{28},{24}
ea3ee5fd-1485-4bfd-9e14-5660dad56c56,213500663,Commune de Chartres-de-Bretagne (35),false,{35066},Commune,2026-03-24 14:41:58.620411+01,gold_establishments_2025,,,,21350066300017,2025,Collectivité Territoriale,Commune,['Ille-et-Vilaine'],['Bretagne'],COM,{35},{53}
66cc2c1c-0e11-400c-aee9-52b848cc70b5,217700962,Commune de Chartrettes (77),false,{77096},Commune,2026-03-24 14:42:08.818969+01,gold_establishments_2025,,,,21770096200012,2025,Collectivité Territoriale,Commune,['Seine-et-Marne'],['Île-de-France'],COM,{77},{11}
bc0b36a5-f55e-46db-829a-c5c1eb797d6a,211904701,Commune de Chartrier-Ferrière (19),false,{19047},Commune,2026-03-24 14:41:54.903238+01,gold_establishments_2025,,,,21190470100011,2025,Collectivité Territoriale,Commune,['Corrèze'],['Nouvelle-Aquitaine'],COM,{19},{75}
85ce44f1-b104-414e-bd10-d29b67d56a3d,217700970,Commune de Chartronges (77),false,{77097},Commune,2026-03-24 14:42:08.818969+01,gold_establishments_2025,,,,21770097000015,2025,Collectivité Territoriale,Commune,['Seine-et-Marne'],['Île-de-France'],COM,{77},{11}
a7c43ec5-556c-40ef-93b1-1393d828fc1c,211700927,Commune de Chartuzac (17),false,{17092},Commune,2026-03-24 14:41:54.903238+01,gold_establishments_2025,,,,21170092700018,2025,Collectivité Territoriale,Commune,['Charente-Maritime'],['Nouvelle-Aquitaine'],COM,{17},{75}
5be25437-7486-499b-b8ad-f8fc4ec1bbd9,210201539,Commune de Chartèves (02),false,{02166},Commune,2026-03-24 14:41:51.447482+01,gold_establishments_2025,,,,21020153900017,2025,Collectivité Territoriale,Commune,['Aisne'],['Hauts-de-France'],COM,{02},{32}
67363325-1e06-4e88-a33d-ca963f4ba198,213800857,Commune de Charvieu-Chavagneux (38),false,{38085},Commune,2026-03-24 14:41:59.160244+01,gold_establishments_2025,,,,21380085700012,2025,Collectivité Territoriale,Commune,['Isère'],['Auvergne-Rhône-Alpes'],COM,{38},{84}
c7f50866-4981-4ed4-a134-e902df06e6e9,217400621,Commune de Charvonnex (74),false,{74062},Commune,2026-03-24 14:42:08.279287+01,gold_establishments_2025,,,,21740062100017,2025,Collectivité Territoriale,Commune,['Haute-Savoie'],['Auvergne-Rhône-Alpes'],COM,{74},{84}
4860e69d-a003-4933-8140-f8f4da0363f5,213901093,Commune de Charézier (39),false,{39109},Commune,2026-03-24 14:41:59.705606+01,gold_establishments_2025,,,,21390109300012,2025,Collectivité Territoriale,Commune,['Jura'],['Bourgogne-Franche-Comté'],COM,{39},{27}
b2e3bc58-4be6-49ef-b9af-67715c5a3eeb,216300962,Commune de Chas (63),false,{63096},Commune,2026-03-24 14:42:06.130387+01,gold_establishments_2025,,,,21630096200018,2025,Collectivité Territoriale,Commune,['Puy-de-Dôme'],['Auvergne-Rhône-Alpes'],COM,{63},{84}
485ea0a5-9e9e-4e78-86ef-3e898b8d1800,211000823,Commune de Chaserey (10),false,{10087},Commune,2026-03-24 14:41:53.095366+01,gold_establishments_2025,,,,21100082300016,2025,Collectivité Territoriale,Commune,['Aube'],['Grand Est'],COM,{10},{44}
fd921782-d517-49d6-871b-d944974f209a,218500585,Commune de Chasnais (85),false,{85058},Commune,2026-03-24 14:42:10.508772+01,gold_establishments_2025,,,,21850058500011,2025,Collectivité Territoriale,Commune,['Vendée'],['Pays de la Loire'],COM,{85},{52}
f1aa76a9-256c-4e20-9dc3-4935290d0689,215800616,Commune de Chasnay (58),false,{58061},Commune,2026-03-24 14:42:04.280096+01,gold_establishments_2025,,,,21580061600017,2025,Collectivité Territoriale,Commune,['Nièvre'],['Bourgogne-Franche-Comté'],COM,{58},{27}
aa0f7f46-3f46-47ce-a4f5-be631abe3dc7,213500671,Commune de Chasné-sur-Illet (35),false,{35067},Commune,2026-03-24 14:41:58.620411+01,gold_establishments_2025,,,,21350067100010,2025,Collectivité Territoriale,Commune,['Ille-et-Vilaine'],['Bretagne'],COM,{35},{53}
de2afecc-5a85-49b7-a1a3-0bb0afb942f9,214300618,Commune de Chaspinhac (43),false,{43061},Commune,2026-03-24 14:42:00.273698+01,gold_establishments_2025,,,,21430061800011,2025,Collectivité Territoriale,Commune,['Haute-Loire'],['Auvergne-Rhône-Alpes'],COM,{43},{84}
81f83641-5c5a-4585-b2b4-981eb52c3a0b,214300626,Commune de Chaspuzac (43),false,{43062},Commune,2026-03-24 14:42:00.273698+01,gold_establishments_2025,,,,21430062600014,2025,Collectivité Territoriale,Commune,['Haute-Loire'],['Auvergne-Rhône-Alpes'],COM,{43},{84}
5b120fe3-1505-478f-bb8f-951e8b6fba68,216300970,Commune de Chassagne (63),false,{63097},Commune,2026-03-24 14:42:06.130387+01,gold_establishments_2025,,,,21630097000011,2025,Collectivité Territoriale,Commune,['Puy-de-Dôme'],['Auvergne-Rhône-Alpes'],COM,{63},{84}
05279aca-38b3-4976-9f83-9619c36ede8e,212101505,Commune de Chassagne-Montrachet (21),false,{21150},Commune,2026-03-24 14:41:55.433389+01,gold_establishments_2025,,,,21210150500015,2025,Collectivité Territoriale,Commune,"[""Côte-d'Or""]",['Bourgogne-Franche-Comté'],COM,{21},{27}
e47106b7-f403-4572-940e-b6735638c971,212501290,Commune de Chassagne-Saint-Denis (25),false,{25129},Commune,2026-03-24 14:41:56.495197+01,gold_establishments_2025,,,,21250129000010,2025,Collectivité Territoriale,Commune,['Doubs'],['Bourgogne-Franche-Comté'],COM,{25},{27}
cb8dfac6-b934-4856-be2c-796e0936a84f,214300634,Commune de Chassagnes (43),false,{43063},Commune,2026-03-24 14:42:00.273698+01,gold_establishments_2025,,,,21430063400018,2025,Collectivité Territoriale,Commune,['Haute-Loire'],['Auvergne-Rhône-Alpes'],COM,{43},{84}
a92eaa57-6e23-4877-b7b1-a95fbe64a8f1,212401145,Commune de Chassaignes (24),false,{24114},Commune,2026-03-24 14:41:55.958138+01,gold_establishments_2025,,,,21240114500017,2025,Collectivité Territoriale,Commune,['Dordogne'],['Nouvelle-Aquitaine'],COM,{24},{75}
4b18bc6d-c5e1-4db9-b0fc-038ecf8acb29,200085959,Commune de Chassal-Molinges (39),false,{39339},Commune,2026-03-24 14:41:59.705606+01,gold_establishments_2025,,,,20008595900019,2025,Collectivité Territoriale,Commune,['Jura'],['Bourgogne-Franche-Comté'],COM,{39},{27}
e40ce901-b598-47db-be8a-3e21d853f554,212800866,Commune de Chassant (28),false,{28086},Commune,2026-03-24 14:41:57.028721+01,gold_establishments_2025,,,,21280086600015,2025,Collectivité Territoriale,Commune,['Eure-et-Loir'],['Centre-Val de Loire'],COM,{28},{24}
e8090b68-bea1-4b1a-9d80-5e03c707180c,213800873,Commune de Chasse-sur-Rhône (38),false,{38087},Commune,2026-03-24 14:41:59.160244+01,gold_establishments_2025,,,,21380087300019,2025,Collectivité Territoriale,Commune,['Isère'],['Auvergne-Rhône-Alpes'],COM,{38},{84}
cc5644c7-345f-4a26-b799-f4d92a7f2ff7,217101088,Commune de Chasselas (71),false,{71108},Commune,2026-03-24 14:42:07.735343+01,gold_establishments_2025,,,,21710108800011,2025,Collectivité Territoriale,Commune,['Saône-et-Loire'],['Bourgogne-Franche-Comté'],COM,{71},{27}
e120cc38-7bf7-4396-b104-e2f94d93bcb9,213800865,Commune de Chasselay (38),false,{38086},Commune,2026-03-24 14:41:59.160244+01,gold_establishments_2025,,,,21380086500015,2025,Collectivité Territoriale,Commune,['Isère'],['Auvergne-Rhône-Alpes'],COM,{38},{84}
d16c3eab-f7eb-4cf7-a8af-68159ec4da25,216900498,Commune de Chasselay (69),false,{69049},Commune,2026-03-24 14:42:07.195692+01,gold_establishments_2025,,,,21690049800017,2025,Collectivité Territoriale,Commune,['Rhône'],['Auvergne-Rhône-Alpes'],COM,{69},{84}
d89dabf4-563c-473d-b225-e44ff55d6be4,210201547,Commune de Chassemy (02),false,{02167},Commune,2026-03-24 14:41:51.447482+01,gold_establishments_2025,,,,21020154700010,2025,Collectivité Territoriale,Commune,['Aisne'],['Hauts-de-France'],COM,{02},{32}
829d46b9-0de7-4837-b145-d4d12d0aa723,210300638,Commune de Chassenard (03),false,{03063},Commune,2026-03-24 14:41:52.020251+01,gold_establishments_2025,,,,21030063800017,2025,Collectivité Territoriale,Commune,['Allier'],['Auvergne-Rhône-Alpes'],COM,{03},{84}
921d943d-a6d5-463d-aa7a-a3a115fd0537,213600422,Commune de Chasseneuil (36),false,{36042},Commune,2026-03-24 14:41:59.160244+01,gold_establishments_2025,,,,21360042200017,2025,Collectivité Territoriale,Commune,['Indre'],['Centre-Val de Loire'],COM,{36},{24}
0b1b0ee0-2e9f-4243-b2d6-2e81e0673034,218600625,Commune de Chasseneuil-du-Poitou (86),false,{86062},Commune,2026-03-24 14:42:10.508772+01,gold_establishments_2025,,,,21860062500014,2025,Collectivité Territoriale,Commune,['Vienne'],['Nouvelle-Aquitaine'],COM,{86},{75}
3230b226-6463-4366-9d92-1cdc83b5e5ca,211600853,Commune de Chasseneuil-sur-Bonnieure (16),false,{16085},Commune,2026-03-24 14:41:54.362296+01,gold_establishments_2025,,,,21160085300017,2025,Collectivité Territoriale,Commune,['Charente'],['Nouvelle-Aquitaine'],COM,{16},{75}
32549c5d-23b2-40ac-97d4-3ce68de34f4e,211600861,Commune de Chassenon (16),false,{16086},Commune,2026-03-24 14:41:54.362296+01,gold_establishments_2025,,,,21160086100010,2025,Collectivité Territoriale,Commune,['Charente'],['Nouvelle-Aquitaine'],COM,{16},{75}
4c73c3fe-ef10-4b11-b775-c8862bcc643c,212101513,Commune de Chassey (21),false,{21151},Commune,2026-03-24 14:41:55.433389+01,gold_establishments_2025,,,,21210151300019,2025,Collectivité Territoriale,Commune,"[""Côte-d'Or""]",['Bourgogne-Franche-Comté'],COM,{21},{27}
7ed37f25-10ed-4272-beaf-4ead55a9db98,215501040,Commune de Chassey-Beaupré (55),false,{55104},Commune,2026-03-24 14:42:02.957225+01,gold_establishments_2025,,,,21550104000012,2025,Collectivité Territoriale,Commune,['Meuse'],['Grand Est'],COM,{55},{44}
07a017ff-d7e2-49fb-92f0-8effd744b801,217101096,Commune de Chassey-le-Camp (71),false,{71109},Commune,2026-03-24 14:42:07.735343+01,gold_establishments_2025,,,,21710109600014,2025,Collectivité Territoriale,Commune,['Saône-et-Loire'],['Bourgogne-Franche-Comté'],COM,{71},{27}
cc11bf4e-6ba6-4936-aece-01b14d7a104e,217001379,Commune de Chassey-lès-Montbozon (70),false,{70137},Commune,2026-03-24 14:42:07.735343+01,gold_establishments_2025,,,,21700137900015,2025,Collectivité Territoriale,Commune,['Haute-Saône'],['Bourgogne-Franche-Comté'],COM,{70},{27}
0bf05a6e-e94a-49d9-bb82-11062e3b92dc,217001387,Commune de Chassey-lès-Scey (70),false,{70138},Commune,2026-03-24 14:42:07.735343+01,gold_establishments_2025,,,,21700138700018,2025,Collectivité Territoriale,Commune,['Haute-Saône'],['Bourgogne-Franche-Comté'],COM,{70},{27}
acb30323-0392-433b-81c2-515e51a910d3,211600879,Commune de Chassiecq (16),false,{16087},Commune,2026-03-24 14:41:54.362296+01,gold_establishments_2025,,,,21160087900012,2025,Collectivité Territoriale,Commune,['Charente'],['Nouvelle-Aquitaine'],COM,{16},{75}
551acba7-50a9-4634-967d-ef7a695a7a74,210700589,Commune de Chassiers (07),false,{07058},Commune,2026-03-24 14:41:52.562531+01,gold_establishments_2025,,,,21070058900018,2025,Collectivité Territoriale,Commune,['Ardèche'],['Auvergne-Rhône-Alpes'],COM,{07},{84}
934d0e8a-3504-4c80-88b7-2643fe3483bf,216902718,Commune de Chassieu (69),false,{69271},Commune,2026-03-24 14:42:07.735343+01,gold_establishments_2025,,,,21690271800016,2025,Collectivité Territoriale,Commune,['Rhône'],['Auvergne-Rhône-Alpes'],COM,{69},{84}
d26d5a1d-60a0-4142-869c-40da555c3c29,218900876,Commune de Chassignelles (89),false,{89087},Commune,2026-03-24 14:42:11.118516+01,gold_establishments_2025,,,,21890087600010,2025,Collectivité Territoriale,Commune,['Yonne'],['Bourgogne-Franche-Comté'],COM,{89},{27}
985b9b02-36d6-4f92-b900-d0f0b1b4f82f,213800899,Commune de Chassignieu (38),false,{38089},Commune,2026-03-24 14:41:59.160244+01,gold_establishments_2025,,,,21380089900014,2025,Collectivité Territoriale,Commune,['Isère'],['Auvergne-Rhône-Alpes'],COM,{38},{84}
ae8ebc45-9916-4d58-82dd-fb248956cacd,213600430,Commune de Chassignolles (36),false,{36043},Commune,2026-03-24 14:41:59.160244+01,gold_establishments_2025,,,,21360043000010,2025,Collectivité Territoriale,Commune,['Indre'],['Centre-Val de Loire'],COM,{36},{24}
4687bd12-4607-4528-901d-7f9e3b27e1f8,214300642,Commune de Chassignolles (43),false,{43064},Commune,2026-03-24 14:42:00.273698+01,gold_establishments_2025,,,,21430064200011,2025,Collectivité Territoriale,Commune,['Haute-Loire'],['Auvergne-Rhône-Alpes'],COM,{43},{84}
9fb88953-fda5-4192-ae03-8760f92c81da,215200775,Commune de Chassigny (52),false,{52113},Commune,2026-03-24 14:42:01.954481+01,gold_establishments_2025,,,,21520077500017,2025,Collectivité Territoriale,Commune,['Haute-Marne'],['Grand Est'],COM,{52},{44}
2382dcba-ac4b-48e2-b612-9c5e4d1f918d,217101104,Commune de Chassigny-sous-Dun (71),false,{71110},Commune,2026-03-24 14:42:07.735343+01,gold_establishments_2025,,,,21710110400016,2025,Collectivité Territoriale,Commune,['Saône-et-Loire'],['Bourgogne-Franche-Comté'],COM,{71},{27}
ab1cc1bb-35cd-4932-90ab-8767b87d2386,217200708,Commune de Chassillé (72),false,{72070},Commune,2026-03-24 14:42:08.279287+01,gold_establishments_2025,,,,21720070800014,2025,Collectivité Territoriale,Commune,['Sarthe'],['Pays de la Loire'],COM,{72},{52}
dc1bab55-7762-4d71-a09a-5631292e60ae,211600887,Commune de Chassors (16),false,{16088},Commune,2026-03-24 14:41:54.362296+01,gold_establishments_2025,,,,21160088700015,2025,Collectivité Territoriale,Commune,['Charente'],['Nouvelle-Aquitaine'],COM,{16},{75}
9e7918b6-fe12-4949-8f85-06050d45324c,211800560,Commune de Chassy (18),false,{18056},Commune,2026-03-24 14:41:54.903238+01,gold_establishments_2025,,,,21180056000016,2025,Collectivité Territoriale,Commune,['Cher'],['Centre-Val de Loire'],COM,{18},{24}
f06faa34-f485-49b0-95ff-1d8e4b754cdf,217101112,Commune de Chassy (71),false,{71111},Commune,2026-03-24 14:42:07.735343+01,gold_establishments_2025,,,,21710111200019,2025,Collectivité Territoriale,Commune,['Saône-et-Loire'],['Bourgogne-Franche-Comté'],COM,{71},{27}
d0070a73-d0ea-47b4-adf0-cb4cce560d0a,218900884,Commune de Chassy (89),false,{89088},Commune,2026-03-24 14:42:11.118516+01,gold_establishments_2025,,,,21890088400014,2025,Collectivité Territoriale,Commune,['Yonne'],['Bourgogne-Franche-Comté'],COM,{89},{27}
d6e0b65d-4b1c-4b60-b92c-508c5ec52f15,214800419,Commune de Chastanier (48),false,{48041},Commune,2026-03-24 14:42:01.412377+01,gold_establishments_2025,,,,21480041900019,2025,Collectivité Territoriale,Commune,['Lozère'],['Occitanie'],COM,{48},{76}
d362f358-a51e-43ff-b545-613bd6a937be,211904909,Commune de Chasteaux (19),false,{19049},Commune,2026-03-24 14:41:54.903238+01,gold_establishments_2025,,,,21190490900010,2025,Collectivité Territoriale,Commune,['Corrèze'],['Nouvelle-Aquitaine'],COM,{19},{75}
42fb0c1f-44a8-4184-b5b7-8a201008eea2,214300659,Commune de Chastel (43),false,{43065},Commune,2026-03-24 14:42:00.273698+01,gold_establishments_2025,,,,21430065900015,2025,Collectivité Territoriale,Commune,['Haute-Loire'],['Auvergne-Rhône-Alpes'],COM,{43},{84}
dff43839-fdbd-449b-934f-d52f11eeddab,212600803,Commune de Chastel-Arnaud (26),false,{26080},Commune,2026-03-24 14:41:56.495197+01,gold_establishments_2025,,,,21260080300010,2025,Collectivité Territoriale,Commune,['Drôme'],['Auvergne-Rhône-Alpes'],COM,{26},{84}
3de68d56-6022-4460-8c4d-3b0570d25517,214800427,Commune de Chastel-Nouvel (48),false,{48042},Commune,2026-03-24 14:42:01.412377+01,gold_establishments_2025,,,,21480042700012,2025,Collectivité Territoriale,Commune,['Lozère'],['Occitanie'],COM,{48},{76}
f31ef90c-bc9f-450e-abb5-c709be597f67,218900892,Commune de Chastellux-sur-Cure (89),false,{89089},Commune,2026-03-24 14:42:11.118516+01,gold_establishments_2025,,,,21890089200017,2025,Collectivité Territoriale,Commune,['Yonne'],['Bourgogne-Franche-Comté'],COM,{89},{27}
7e78571c-8755-4007-96c1-cc27c9485e40,216300988,Commune de Chastreix (63),false,{63098},Commune,2026-03-24 14:42:06.130387+01,gold_establishments_2025,,,,21630098800013,2025,Collectivité Territoriale,Commune,['Puy-de-Dôme'],['Auvergne-Rhône-Alpes'],COM,{63},{84}
5ebbc0ea-2246-452f-9079-cb4d0df11472,218600633,Commune de Chatain (86),false,{86063},Commune,2026-03-24 14:42:10.508772+01,gold_establishments_2025,,,,21860063300018,2025,Collectivité Territoriale,Commune,['Vienne'],['Nouvelle-Aquitaine'],COM,{86},{75}
6e09b9fd-2469-43d5-a955-838b1b5e7484,210800991,Commune de Chatel-Chéhéry (08),false,{08109},Commune,2026-03-24 14:41:52.562531+01,gold_establishments_2025,,,,21080099100015,2025,Collectivité Territoriale,Commune,['Ardennes'],['Grand Est'],COM,{08},{44}
f5dd5648-f3bf-494b-8b1c-9af4a7493a20,213901176,Commune de Chatelay (39),false,{39117},Commune,2026-03-24 14:41:59.705606+01,gold_establishments_2025,,,,21390117600015,2025,Collectivité Territoriale,Commune,['Jura'],['Bourgogne-Franche-Comté'],COM,{39},{27}
40f0de90-57a7-4e3e-a6bf-9dc5187284d5,215200791,Commune de Chatenay-Mâcheron (52),false,{52115},Commune,2026-03-24 14:42:01.954481+01,gold_establishments_2025,,,,21520079100014,2025,Collectivité Territoriale,Commune,['Haute-Marne'],['Grand Est'],COM,{52},{44}
0fd1a198-d328-4312-aa57-168f1fac552b,215204074,Commune de Chatenay-Vaudin (52),false,{52116},Commune,2026-03-24 14:42:01.954481+01,gold_establishments_2025,,,,21520407400011,2025,Collectivité Territoriale,Commune,['Haute-Marne'],['Grand Est'],COM,{52},{44}
9b5a4248-038a-437a-adf6-13279ad3fae1,211700950,Commune de Chatenet (17),false,{17095},Commune,2026-03-24 14:41:54.903238+01,gold_establishments_2025,,,,21170095000010,2025,Collectivité Territoriale,Commune,['Charente-Maritime'],['Nouvelle-Aquitaine'],COM,{17},{75}
675af99a-9926-47f1-b798-50642cc1aa7d,219101458,Commune de Chatignonville (91),false,{91145},Commune,2026-03-24 14:42:11.659493+01,gold_establishments_2025,,,,21910145800012,2025,Collectivité Territoriale,Commune,['Essonne'],['Île-de-France'],COM,{91},{11}
0f93d524-eed4-43e9-9049-945221313b0c,215200809,Commune de Chatonrupt-Sommermont (52),false,{52118},Commune,2026-03-24 14:42:01.954481+01,gold_establishments_2025,,,,21520080900014,2025,Collectivité Territoriale,Commune,['Haute-Marne'],['Grand Est'],COM,{52},{44}
a8e91b49-f3f0-4651-8e22-b00fc7deb19e,217801463,Commune de Chatou (78),false,{78146},Commune,2026-03-24 14:42:09.43682+01,gold_establishments_2025,,,,21780146300019,2025,Collectivité Territoriale,Commune,['Yvelines'],['Île-de-France'],COM,{78},{11}
fea7a31a-daf0-4ed0-b94a-d19a9f8b1028,215501065,Commune de Chattancourt (55),false,{55106},Commune,2026-03-24 14:42:02.957225+01,gold_establishments_2025,,,,21550106500019,2025,Collectivité Territoriale,Commune,['Meuse'],['Grand Est'],COM,{55},{44}
d5cc5b1a-de41-40df-aef1-1391b46038e7,213800956,Commune de Chatte (38),false,{38095},Commune,2026-03-24 14:41:59.160244+01,gold_establishments_2025,,,,21380095600012,2025,Collectivité Territoriale,Commune,['Isère'],['Auvergne-Rhône-Alpes'],COM,{38},{84}
788583f5-d6ad-4eab-b80d-0c9d8174e9c0,212600886,Commune de Chatuzange-le-Goubet (26),false,{26088},Commune,2026-03-24 14:41:56.495197+01,gold_establishments_2025,,,,21260088600015,2025,Collectivité Territoriale,Commune,['Drôme'],['Auvergne-Rhône-Alpes'],COM,{26},{84}
4d316b3a-e5fc-40ed-9bed-2f987a11e285,212501365,Commune de Chaucenne (25),false,{25136},Commune,2026-03-24 14:41:56.495197+01,gold_establishments_2025,,,,21250136500010,2025,Collectivité Territoriale,Commune,['Doubs'],['Bourgogne-Franche-Comté'],COM,{25},{27}
eab2da99-2d98-49f5-ad2f-0a47a78374db,214800443,Commune de Chauchailles (48),false,{48044},Commune,2026-03-24 14:42:01.412377+01,gold_establishments_2025,,,,21480044300019,2025,Collectivité Territoriale,Commune,['Lozère'],['Occitanie'],COM,{48},{76}
c994b7c1-9da8-4c17-aee3-5397ec1e5980,211000849,Commune de Chauchigny (10),false,{10090},Commune,2026-03-24 14:41:53.095366+01,gold_establishments_2025,,,,21100084900011,2025,Collectivité Territoriale,Commune,['Aube'],['Grand Est'],COM,{10},{44}
5c3933f0-6ab1-426d-8a20-dbbf4d17c713,218500643,Commune de Chauché (85),false,{85064},Commune,2026-03-24 14:42:10.508772+01,gold_establishments_2025,,,,21850064300018,2025,Collectivité Territoriale,Commune,['Vendée'],['Pays de la Loire'],COM,{85},{52}
837443c5-f108-4451-b052-44cee35346cb,217703354,Commune de Chauconin-Neufmontiers (77),false,{77335},Commune,2026-03-24 14:42:09.43682+01,gold_establishments_2025,,,,21770335400019,2025,Collectivité Territoriale,Commune,['Seine-et-Marne'],['Île-de-France'],COM,{77},{11}
b7556f54-6795-4b61-ace4-fd0d1dffe280,210201588,Commune de Chaudardes (02),false,{02171},Commune,2026-03-24 14:41:51.447482+01,gold_establishments_2025,,,,21020158800014,2025,Collectivité Territoriale,Commune,['Aisne'],['Hauts-de-France'],COM,{02},{32}
5b968e73-8597-46d7-a8b7-744dab093e8d,212600894,Commune de Chaudebonne (26),false,{26089},Commune,2026-03-24 14:41:56.495197+01,gold_establishments_2025,,,,21260089400019,2025,Collectivité Territoriale,Commune,['Drôme'],['Auvergne-Rhône-Alpes'],COM,{26},{84}
59bb99d6-59c2-4be4-b956-9870626debf1,214900821,Commune de Chaudefonds-sur-Layon (49),false,{49082},Commune,2026-03-24 14:42:01.412377+01,gold_establishments_2025,,,,21490082100031,2025,Collectivité Territoriale,Commune,['Maine-et-Loire'],['Pays de la Loire'],COM,{49},{52}
c9c9eafb-c352-4dd9-bec6-5c699f7c2393,215101296,Commune de Chaudefontaine (51),false,{51139},Commune,2026-03-24 14:42:01.954481+01,gold_establishments_2025,,,,21510129600014,2025,Collectivité Territoriale,Commune,['Marne'],['Grand Est'],COM,{51},{44}
0dcace42-8d96-4883-881b-2baf48a1b37b,215200817,Commune de Chaudenay (52),false,{52119},Commune,2026-03-24 14:42:01.954481+01,gold_establishments_2025,,,,21520081700017,2025,Collectivité Territoriale,Commune,['Haute-Marne'],['Grand Est'],COM,{52},{44}
c84f427c-77de-40bf-991b-a0e23646821e,217101195,Commune de Chaudenay (71),false,{71119},Commune,2026-03-24 14:42:07.735343+01,gold_establishments_2025,,,,21710119500014,2025,Collectivité Territoriale,Commune,['Saône-et-Loire'],['Bourgogne-Franche-Comté'],COM,{71},{27}
17cb5a3b-9167-40ca-a61e-74f576fdc1b6,212101554,Commune de Chaudenay-la-Ville (21),false,{21155},Commune,2026-03-24 14:41:55.433389+01,gold_establishments_2025,,,,21210155400013,2025,Collectivité Territoriale,Commune,"[""Côte-d'Or""]",['Bourgogne-Franche-Comté'],COM,{21},{27}
5535d7cd-cbe5-4b09-a23a-e5b2e1c5f8e7,212101562,Commune de Chaudenay-le-Château (21),false,{21156},Commune,2026-03-24 14:41:55.433389+01,gold_establishments_2025,,,,21210156200016,2025,Collectivité Territoriale,Commune,"[""Côte-d'Or""]",['Bourgogne-Franche-Comté'],COM,{21},{27}
1312bf4b-09dd-4f74-bd2e-d42d870c3e0c,215401225,Commune de Chaudeney-sur-Moselle (54),false,{54122},Commune,2026-03-24 14:42:02.957225+01,gold_establishments_2025,,,,21540122500010,2025,Collectivité Territoriale,Commune,['Meurthe-et-Moselle'],['Grand Est'],COM,{54},{44}
9946fee8-a8dd-4a2d-84ff-ea5e07662c26,211500459,Commune de Chaudes-Aigues (15),false,{15045},Commune,2026-03-24 14:41:54.362296+01,gold_establishments_2025,,,,21150045900014,2025,Collectivité Territoriale,Commune,['Cantal'],['Auvergne-Rhône-Alpes'],COM,{15},{84}
ee749bd3-4f67-4e3e-b38f-d075955a6bd4,214800450,Commune de Chaudeyrac (48),false,{48045},Commune,2026-03-24 14:42:01.412377+01,gold_establishments_2025,,,,21480045000014,2025,Collectivité Territoriale,Commune,['Lozère'],['Occitanie'],COM,{48},{76}
52195e23-d999-41d8-9906-9073ce7f3168,214300667,Commune de Chaudeyrolles (43),false,{43066},Commune,2026-03-24 14:42:00.273698+01,gold_establishments_2025,,,,21430066700018,2025,Collectivité Territoriale,Commune,['Haute-Loire'],['Auvergne-Rhône-Alpes'],COM,{43},{84}
8de0fd45-c373-4361-a0ef-d98fb7ebec07,212800940,Commune de Chaudon (28),false,{28094},Commune,2026-03-24 14:41:57.028721+01,gold_establishments_2025,,,,21280094000018,2025,Collectivité Territoriale,Commune,['Eure-et-Loir'],['Centre-Val de Loire'],COM,{28},{24}
55393656-056c-45ab-a448-623b1e3a5776,210400552,Commune de Chaudon-Norante (04),false,{04055},Commune,2026-03-24 14:41:52.020251+01,gold_establishments_2025,,,,21040055200019,2025,Collectivité Territoriale,Commune,['Alpes-de-Haute-Provence'],"[""Provence-Alpes-Côte d'Azur""]",COM,{04},{93}
db61cdbd-7f1b-4799-bb94-628bb26cecc9,211000856,Commune de Chaudrey (10),false,{10091},Commune,2026-03-24 14:41:53.095366+01,gold_establishments_2025,,,,21100085600016,2025,Collectivité Territoriale,Commune,['Aube'],['Grand Est'],COM,{10},{44}
4149aba5-9e73-4fed-bd5d-2396d16c1987,210201596,Commune de Chaudun (02),false,{02172},Commune,2026-03-24 14:41:51.447482+01,gold_establishments_2025,,,,21020159600017,2025,Collectivité Territoriale,Commune,['Aisne'],['Hauts-de-France'],COM,{02},{32}
69d12647-e5cf-4cfb-b336-ac675953d76d,217101203,Commune de Chauffailles (71),false,{71120},Commune,2026-03-24 14:42:07.735343+01,gold_establishments_2025,,,,21710120300016,2025,Collectivité Territoriale,Commune,['Saône-et-Loire'],['Bourgogne-Franche-Comté'],COM,{71},{27}
7adfb63e-d877-41fb-b2d5-139d3469656b,218800977,Commune de Chauffecourt (88),false,{88097},Commune,2026-03-24 14:42:11.118516+01,gold_establishments_2025,,,,21880097700017,2025,Collectivité Territoriale,Commune,['Vosges'],['Grand Est'],COM,{88},{44}
c484c6f4-be57-4b3c-a3a2-696121d97a55,211000864,Commune de Chauffour-lès-Bailly (10),false,{10092},Commune,2026-03-24 14:41:53.095366+01,gold_establishments_2025,,,,21100086400010,2025,Collectivité Territoriale,Commune,['Aube'],['Grand Est'],COM,{10},{44}
7327b8af-9034-4de0-8b08-39a18bc28083,219101482,Commune de Chauffour-lès-Étréchy (91),false,{91148},Commune,2026-03-24 14:42:11.659493+01,gold_establishments_2025,,,,21910148200012,2025,Collectivité Territoriale,Commune,['Essonne'],['Île-de-France'],COM,{91},{11}
b633b10e-b9f8-44c6-ba7d-b38eb9dda3d8,211905005,Commune de Chauffour-sur-Vell (19),false,{19050},Commune,2026-03-24 14:41:54.903238+01,gold_establishments_2025,,,,21190500500016,2025,Collectivité Territoriale,Commune,['Corrèze'],['Nouvelle-Aquitaine'],COM,{19},{75}
92cc5dff-7d32-461b-8b99-3666629158e0,212800957,Commune de Chauffours (28),false,{28095},Commune,2026-03-24 14:41:57.028721+01,gold_establishments_2025,,,,21280095700012,2025,Collectivité Territoriale,Commune,['Eure-et-Loir'],['Centre-Val de Loire'],COM,{28},{24}
3f77afe0-5be6-4b9d-94cd-709d4c7859bf,215200825,Commune de Chauffourt (52),false,{52120},Commune,2026-03-24 14:42:01.954481+01,gold_establishments_2025,,,,21520082500010,2025,Collectivité Territoriale,Commune,['Haute-Marne'],['Grand Est'],COM,{52},{44}
0c9bf017-707b-417b-8d85-5460d419918a,217701069,Commune de Chauffry (77),false,{77106},Commune,2026-03-24 14:42:08.818969+01,gold_establishments_2025,,,,21770106900015,2025,Collectivité Territoriale,Commune,['Seine-et-Marne'],['Île-de-France'],COM,{77},{11}
f29d5ade-fb2e-436d-a8ad-2c224ea78ca5,217200732,Commune de Chaufour-Notre-Dame (72),false,{72073},Commune,2026-03-24 14:42:08.279287+01,gold_establishments_2025,,,,21720073200014,2025,Collectivité Territoriale,Commune,['Sarthe'],['Pays de la Loire'],COM,{72},{52}
18c4d15c-8e72-4cf2-a9d7-220ae898961f,217801471,Commune de Chaufour-lès-Bonnières (78),false,{78147},Commune,2026-03-24 14:42:09.43682+01,gold_establishments_2025,,,,21780147100012,2025,Collectivité Territoriale,Commune,['Yvelines'],['Île-de-France'],COM,{78},{11}
9f5eeffd-15e1-4c99-9df1-40694cab6ed6,212101570,Commune de Chaugey (21),false,{21157},Commune,2026-03-24 14:41:55.433389+01,gold_establishments_2025,,,,21210157000019,2025,Collectivité Territoriale,Commune,"[""Côte-d'Or""]",['Bourgogne-Franche-Comté'],COM,{21},{27}
712c829b-59ad-412a-96e9-8794f16aff28,215800673,Commune de Chaulgnes (58),false,{58067},Commune,2026-03-24 14:42:04.280096+01,gold_establishments_2025,,,,21580067300018,2025,Collectivité Territoriale,Commune,['Nièvre'],['Bourgogne-Franche-Comté'],COM,{58},{27}
2b1ff58f-b450-4f59-915a-98b01c78bad0,214800468,Commune de Chaulhac (48),false,{48046},Commune,2026-03-24 14:42:01.412377+01,gold_establishments_2025,,,,21480046800016,2025,Collectivité Territoriale,Commune,['Lozère'],['Occitanie'],COM,{48},{76}
565cc1b7-21f4-47cc-8a49-a4efeb5165b7,215005141,Commune de Chaulieu (50),false,{50514},Commune,2026-03-24 14:42:01.412377+01,gold_establishments_2025,,,,21500514100019,2025,Collectivité Territoriale,Commune,['Manche'],['Normandie'],COM,{50},{28}
2de50ad6-94f2-4690-8b79-0de74b9ac8bf,218001782,Commune de Chaulnes (80),false,{80186},Commune,2026-03-24 14:42:09.967209+01,gold_establishments_2025,,,,21800178200018,2025,Collectivité Territoriale,Commune,['Somme'],['Hauts-de-France'],COM,{80},{32}
82ccd5b4-2445-41c8-9345-e3fe79e1048b,213101397,Commune de Chaum (31),false,{31139},Commune,2026-03-24 14:41:57.56054+01,gold_establishments_2025,,,,21310139700015,2025,Collectivité Territoriale,Commune,['Haute-Garonne'],['Occitanie'],COM,{31},{76}
ab371e56-50c1-4854-be2d-e4c2f4967081,215800681,Commune de Chaumard (58),false,{58068},Commune,2026-03-24 14:42:04.280096+01,gold_establishments_2025,,,,21580068100011,2025,Collectivité Territoriale,Commune,['Nièvre'],['Bourgogne-Franche-Comté'],COM,{58},{27}
aefb895d-a7fb-48dc-937b-96eb13f8bb66,212101588,Commune de Chaume-et-Courchamp (21),false,{21158},Commune,2026-03-24 14:41:55.433389+01,gold_establishments_2025,,,,21210158800011,2025,Collectivité Territoriale,Commune,"[""Côte-d'Or""]",['Bourgogne-Franche-Comté'],COM,{21},{27}
1da69da0-5f7b-49ab-aca0-72ed98944f01,212101604,Commune de Chaume-lès-Baigneux (21),false,{21160},Commune,2026-03-24 14:41:55.433389+01,gold_establishments_2025,,,,21210160400016,2025,Collectivité Territoriale,Commune,"[""Côte-d'Or""]",['Bourgogne-Franche-Comté'],COM,{21},{27}
a97c1a78-70b0-42db-8a7d-0a498eb5bfbd,211905104,Commune de Chaumeil (19),false,{19051},Commune,2026-03-24 14:41:54.903238+01,gold_establishments_2025,,,,21190510400017,2025,Collectivité Territoriale,Commune,['Corrèze'],['Nouvelle-Aquitaine'],COM,{19},{75}
05d2f1b1-8528-4b97-8b09-ca48c3b234cd,217001429,Commune de Chaumercenne (70),false,{70142},Commune,2026-03-24 14:42:07.735343+01,gold_establishments_2025,,,,21700142900018,2025,Collectivité Territoriale,Commune,['Haute-Saône'],['Bourgogne-Franche-Comté'],COM,{70},{27}
44434420-d6b6-4bad-aec9-4bbba3b7ea36,213901242,Commune de Chaumergy (39),false,{39124},Commune,2026-03-24 14:41:59.705606+01,gold_establishments_2025,,,,21390124200015,2025,Collectivité Territoriale,Commune,['Jura'],['Bourgogne-Franche-Comté'],COM,{39},{27}
7edaaa01-2796-44dd-912f-2e53b4ab8d1a,217701077,Commune de Chaumes-en-Brie (77),false,{77107},Commune,2026-03-24 14:42:08.818969+01,gold_establishments_2025,,,,21770107700018,2025,Collectivité Territoriale,Commune,['Seine-et-Marne'],['Île-de-France'],COM,{77},{11}
26d3c7d0-b2aa-4f70-9407-f302eb3f8bfd,200058121,Commune de Chaumes-en-Retz (44),false,{44005},Commune,2026-03-24 14:42:00.273698+01,gold_establishments_2025,,,,20005812100019,2025,Collectivité Territoriale,Commune,['Loire-Atlantique'],['Pays de la Loire'],COM,{44},{52}
2593c3fa-fe10-47f9-8cc6-400234996a4f,211000872,Commune de Chaumesnil (10),false,{10093},Commune,2026-03-24 14:41:53.095366+01,gold_establishments_2025,,,,21100087200013,2025,Collectivité Territoriale,Commune,['Aube'],['Grand Est'],COM,{10},{44}
e5b76a62-c47b-43a6-9407-ce9cdb9894cc,211800602,Commune de Chaumont (18),false,{18060},Commune,2026-03-24 14:41:54.903238+01,gold_establishments_2025,,,,21180060200016,2025,Collectivité Territoriale,Commune,['Cher'],['Centre-Val de Loire'],COM,{18},{24}
58bc9eb3-f5f7-45b7-a99c-749499c12df3,215200833,Commune de Chaumont (52),false,{52121},Commune,2026-03-24 14:42:01.954481+01,gold_establishments_2025,,,,21520083300014,2025,Collectivité Territoriale,Commune,['Haute-Marne'],['Grand Est'],COM,{52},{44}
c3315fcd-53a8-47aa-9ee1-efe2fbceb64a,216101030,Commune de Chaumont (61),false,{61103},Commune,2026-03-24 14:42:04.814328+01,gold_establishments_2025,,,,21610103000015,2025,Collectivité Territoriale,Commune,['Orne'],['Normandie'],COM,{61},{28}
c80a89b6-4556-4f6a-b599-3954004c546f,217400654,Commune de Chaumont (74),false,{74065},Commune,2026-03-24 14:42:08.279287+01,gold_establishments_2025,,,,21740065400018,2025,Collectivité Territoriale,Commune,['Haute-Savoie'],['Auvergne-Rhône-Alpes'],COM,{74},{84}
20148663-0e0c-4c3b-b8d3-87d3dab0253a,218900934,Commune de Chaumont (89),false,{89093},Commune,2026-03-24 14:42:11.118516+01,gold_establishments_2025,,,,21890093400017,2025,Collectivité Territoriale,Commune,['Yonne'],['Bourgogne-Franche-Comté'],COM,{89},{27}
ae5694c6-8a78-4836-8d65-5cb517f51411,210801023,Commune de Chaumont-Porcien (08),false,{08113},Commune,2026-03-24 14:41:52.562531+01,gold_establishments_2025,,,,21080102300016,2025,Collectivité Territoriale,Commune,['Ardennes'],['Grand Est'],COM,{08},{44}
fe053607-7c93-423b-a372-a903cae4f277,215501073,Commune de Chaumont-devant-Damvillers (55),false,{55107},Commune,2026-03-24 14:42:02.957225+01,gold_establishments_2025,,,,21550107300013,2025,Collectivité Territoriale,Commune,['Meuse'],['Grand Est'],COM,{55},{44}
272efed2-1a5d-44d0-944d-542c8d06c5dd,216001420,Commune de Chaumont-en-Vexin (60),false,{60143},Commune,2026-03-24 14:42:04.814328+01,gold_establishments_2025,,,,21600142000019,2025,Collectivité Territoriale,Commune,['Oise'],['Hauts-de-France'],COM,{60},{32}
335e13d2-effd-406d-b74b-2fadfd3dd85a,215200841,Commune de Chaumont-la-Ville (52),false,{52122},Commune,2026-03-24 14:42:01.954481+01,gold_establishments_2025,,,,21520084100017,2025,Collectivité Territoriale,Commune,['Haute-Marne'],['Grand Est'],COM,{52},{44}
9674b8d4-14b7-4a21-ab12-b6f998ecdee8,212101612,Commune de Chaumont-le-Bois (21),false,{21161},Commune,2026-03-24 14:41:55.433389+01,gold_establishments_2025,,,,21210161200019,2025,Collectivité Territoriale,Commune,"[""Côte-d'Or""]",['Bourgogne-Franche-Comté'],COM,{21},{27}
ba01185d-9b04-4af4-b6b6-03a65b61b2f8,216301051,Commune de Chaumont-le-Bourg (63),false,{63105},Commune,2026-03-24 14:42:06.130387+01,gold_establishments_2025,,,,21630105100019,2025,Collectivité Territoriale,Commune,['Puy-de-Dôme'],['Auvergne-Rhône-Alpes'],COM,{63},{84}
f83e63c0-005f-4031-a57e-fe6c02dce99e,215501081,Commune de Chaumont-sur-Aire (55),false,{55108},Commune,2026-03-24 14:42:02.957225+01,gold_establishments_2025,,,,21550108100016,2025,Collectivité Territoriale,Commune,['Meuse'],['Grand Est'],COM,{55},{44}
b419c619-600f-4c31-8dfa-5789a4ef5cea,214100455,Commune de Chaumont-sur-Loire (41),false,{41045},Commune,2026-03-24 14:42:00.273698+01,gold_establishments_2025,,,,21410045500010,2025,Collectivité Territoriale,Commune,['Loir-et-Cher'],['Centre-Val de Loire'],COM,{41},{24}
03dabd87-1855-4865-88ba-55b758bcc347,214100463,Commune de Chaumont-sur-Tharonne (41),false,{41046},Commune,2026-03-24 14:42:00.273698+01,gold_establishments_2025,,,,21410046300014,2025,Collectivité Territoriale,Commune,['Loir-et-Cher'],['Centre-Val de Loire'],COM,{41},{24}
bb193962-5737-4e03-b705-4acb9bc5f4d3,219501491,Commune de Chaumontel (95),false,{95149},Commune,2026-03-24 14:42:11.659493+01,gold_establishments_2025,,,,21950149100019,2025,Collectivité Territoriale,Commune,"[""Val-d'Oise""]",['Île-de-France'],COM,{95},{11}
2cfe756e-31df-47ad-8049-4edf6390d8f6,215800699,Commune de Chaumot (58),false,{58069},Commune,2026-03-24 14:42:04.280096+01,gold_establishments_2025,,,,21580069900013,2025,Collectivité Territoriale,Commune,['Nièvre'],['Bourgogne-Franche-Comté'],COM,{58},{27}
31504283-e93d-4b55-9da1-61f7bf24df3e,218900942,Commune de Chaumot (89),false,{89094},Commune,2026-03-24 14:42:11.118516+01,gold_establishments_2025,,,,21890094200010,2025,Collectivité Territoriale,Commune,['Yonne'],['Bourgogne-Franche-Comté'],COM,{89},{27}
1ee1966b-b605-4b4d-ad81-458c3425ce24,218800985,Commune de Chaumousey (88),false,{88098},Commune,2026-03-24 14:42:11.118516+01,gold_establishments_2025,,,,21880098500010,2025,Collectivité Territoriale,Commune,['Vosges'],['Grand Est'],COM,{88},{44}
dd522b15-e594-4df0-a3a4-9e06bce97152,211800610,Commune de Chaumoux-Marcilly (18),false,{18061},Commune,2026-03-24 14:41:54.903238+01,gold_establishments_2025,,,,21180061000019,2025,Collectivité Territoriale,Commune,['Cher'],['Centre-Val de Loire'],COM,{18},{24}
b61ca572-f2db-4569-b3f3-eccbb919d280,213700644,Commune de Chaumussay (37),false,{37064},Commune,2026-03-24 14:41:59.160244+01,gold_establishments_2025,,,,21370064400015,2025,Collectivité Territoriale,Commune,['Indre-et-Loire'],['Centre-Val de Loire'],COM,{37},{24}
b826a865-4ea5-4ea6-ae36-28a77ccc7397,215101304,Commune de Chaumuzy (51),false,{51140},Commune,2026-03-24 14:42:01.954481+01,gold_establishments_2025,,,,21510130400016,2025,Collectivité Territoriale,Commune,['Marne'],['Grand Est'],COM,{51},{44}
3385b71a-ecfd-4b5b-b4e6-fbadb91d63dc,211700968,Commune de Chaunac (17),false,{17096},Commune,2026-03-24 14:41:54.903238+01,gold_establishments_2025,,,,21170096800012,2025,Collectivité Territoriale,Commune,['Charente-Maritime'],['Nouvelle-Aquitaine'],COM,{17},{75}
c5fed252-92ff-4abb-aab2-d285436b402d,218600682,Commune de Chaunay (86),false,{86068},Commune,2026-03-24 14:42:10.508772+01,gold_establishments_2025,,,,21860068200015,2025,Collectivité Territoriale,Commune,['Vienne'],['Nouvelle-Aquitaine'],COM,{86},{75}
68e84253-02b0-4895-abed-966daff99348,210201604,Commune de Chauny (02),false,{02173},Commune,2026-03-24 14:41:51.447482+01,gold_establishments_2025,,,,21020160400019,2025,Collectivité Territoriale,Commune,['Aisne'],['Hauts-de-France'],COM,{02},{32}
5c3ee839-9cf2-468d-89e5-f0262ae45037,217900810,Commune de Chauray (79),false,{79081},Commune,2026-03-24 14:42:09.43682+01,gold_establishments_2025,,,,21790081000011,2025,Collectivité Territoriale,Commune,['Deux-Sèvres'],['Nouvelle-Aquitaine'],COM,{79},{75}
933b80b7-f623-4e74-8d01-dbed6bfb6e71,216301069,Commune de Chauriat (63),false,{63106},Commune,2026-03-24 14:42:06.130387+01,gold_establishments_2025,,,,21630106900011,2025,Collectivité Territoriale,Commune,['Puy-de-Dôme'],['Auvergne-Rhône-Alpes'],COM,{63},{84}
57d96bf8-0354-4024-a685-a79790490a59,216900514,Commune de Chaussan (69),false,{69051},Commune,2026-03-24 14:42:07.195692+01,gold_establishments_2025,,,,21690051400011,2025,Collectivité Territoriale,Commune,['Rhône'],['Auvergne-Rhône-Alpes'],COM,{69},{84}
2f2cfed1-371b-49e5-a19c-3cc680606b69,211500467,Commune de Chaussenac (15),false,{15046},Commune,2026-03-24 14:41:54.362296+01,gold_establishments_2025,,,,21150046700017,2025,Collectivité Territoriale,Commune,['Cantal'],['Auvergne-Rhône-Alpes'],COM,{15},{84}
3355dde4-091a-4217-9bb7-262c748d6e35,213901275,Commune de Chaussenans (39),false,{39127},Commune,2026-03-24 14:41:59.705606+01,gold_establishments_2025,,,,21390127500015,2025,Collectivité Territoriale,Commune,['Jura'],['Bourgogne-Franche-Comté'],COM,{39},{27}
885c0e25-8b2c-4612-ba7c-836ede41e2d6,214203390,Commune de Chausseterre (42),false,{42339},Commune,2026-03-24 14:42:00.273698+01,gold_establishments_2025,,,,21420339000015,2025,Collectivité Territoriale,Commune,['Loire'],['Auvergne-Rhône-Alpes'],COM,{42},{84}
6f90144e-432b-4094-aa95-54a3a44db977,213901283,Commune de Chaussin (39),false,{39128},Commune,2026-03-24 14:41:59.705606+01,gold_establishments_2025,,,,21390128300019,2025,Collectivité Territoriale,Commune,['Jura'],['Bourgogne-Franche-Comté'],COM,{39},{27}
d346a80a-168b-4211-806a-b5d958d061cb,218001808,Commune de Chaussoy-Epagny (80),false,{80188},Commune,2026-03-24 14:42:09.967209+01,gold_establishments_2025,,,,21800180800011,2025,Collectivité Territoriale,Commune,['Somme'],['Hauts-de-France'],COM,{80},{32}
d60b4eb3-2892-455b-ad6c-b376cd064bb6,214500886,Commune de Chaussy (45),false,{45088},Commune,2026-03-24 14:42:00.862623+01,gold_establishments_2025,,,,21450088600012,2025,Collectivité Territoriale,Commune,['Loiret'],['Centre-Val de Loire'],COM,{45},{24}
68aba8f0-3dc0-4844-b857-86bd951504eb,219501509,Commune de Chaussy (95),false,{95150},Commune,2026-03-24 14:42:11.659493+01,gold_establishments_2025,,,,21950150900018,2025,Collectivité Territoriale,Commune,"[""Val-d'Oise""]",['Île-de-France'],COM,{95},{11}
278962eb-6a8d-4f2e-90ee-abc94544c89e,212600910,Commune de Chauvac-Laux-Montaux (26),false,{26091},Commune,2026-03-24 14:41:56.495197+01,gold_establishments_2025,,,,21260091000013,2025,Collectivité Territoriale,Commune,['Drôme'],['Auvergne-Rhône-Alpes'],COM,{26},{84}
375daed3-0bac-4d03-970a-a65f2071c012,215501107,Commune de Chauvency-Saint-Hubert (55),false,{55110},Commune,2026-03-24 14:42:02.957225+01,gold_establishments_2025,,,,21550110700019,2025,Collectivité Territoriale,Commune,['Meuse'],['Grand Est'],COM,{55},{44}
ad655484-5139-45a9-bd89-d75bf2513afc,215501099,Commune de Chauvency-le-Château (55),false,{55109},Commune,2026-03-24 14:42:02.957225+01,gold_establishments_2025,,,,21550109900018,2025,Collectivité Territoriale,Commune,['Meuse'],['Grand Est'],COM,{55},{44}
e0d1be09-6f04-45ba-abce-740a4820940b,218600708,Commune de Chauvigny (86),false,{86070},Commune,2026-03-24 14:42:10.508772+01,gold_establishments_2025,,,,21860070800018,2025,Collectivité Territoriale,Commune,['Vienne'],['Nouvelle-Aquitaine'],COM,{86},{75}
3a691496-6036-46c2-bfea-24a68420baf7,214100489,Commune de Chauvigny-du-Perche (41),false,{41048},Commune,2026-03-24 14:42:00.273698+01,gold_establishments_2025,,,,21410048900019,2025,Collectivité Territoriale,Commune,['Loir-et-Cher'],['Centre-Val de Loire'],COM,{41},{24}
00a68a50-1c0c-47ae-8158-9b3e5b780f22,213500754,Commune de Chauvigné (35),false,{35075},Commune,2026-03-24 14:41:58.620411+01,gold_establishments_2025,,,,21350075400097,2025,Collectivité Territoriale,Commune,['Ille-et-Vilaine'],['Bretagne'],COM,{35},{53}
86834778-f451-478d-b026-e8d0cc9c03dc,212701536,Commune de Chauvincourt-Provemont (27),false,{27153},Commune,2026-03-24 14:41:56.495197+01,gold_establishments_2025,,,,21270153600014,2025,Collectivité Territoriale,Commune,['Eure'],['Normandie'],COM,{27},{28}
b2dff9ef-3e1c-4d14-b4f7-46aa5181c6b7,217001437,Commune de Chauvirey-le-Châtel (70),false,{70143},Commune,2026-03-24 14:42:07.735343+01,gold_establishments_2025,,,,21700143700011,2025,Collectivité Territoriale,Commune,['Haute-Saône'],['Bourgogne-Franche-Comté'],COM,{70},{27}
3f4de99e-b8a2-4fdb-9069-ca56c447918d,217001445,Commune de Chauvirey-le-Vieil (70),false,{70144},Commune,2026-03-24 14:42:07.735343+01,gold_establishments_2025,,,,21700144500014,2025,Collectivité Territoriale,Commune,['Haute-Saône'],['Bourgogne-Franche-Comté'],COM,{70},{27}
02dae035-0d94-414e-9039-f691fd0d6ee3,215501115,Commune de Chauvoncourt (55),false,{55111},Commune,2026-03-24 14:42:02.957225+01,gold_establishments_2025,,,,21550111500012,2025,Collectivité Territoriale,Commune,['Meuse'],['Grand Est'],COM,{55},{44}
5cfcab37-8451-4062-8e13-7d525bcc713e,219501517,Commune de Chauvry (95),false,{95151},Commune,2026-03-24 14:42:11.659493+01,gold_establishments_2025,,,,21950151700011,2025,Collectivité Territoriale,Commune,"[""Val-d'Oise""]",['Île-de-France'],COM,{95},{11}
5b1eb928-a47b-4a42-868d-a1ab677b54d4,214400384,Commune de Chauvé (44),false,{44038},Commune,2026-03-24 14:42:00.273698+01,gold_establishments_2025,,,,21440038400019,2025,Collectivité Territoriale,Commune,['Loire-Atlantique'],['Pays de la Loire'],COM,{44},{52}
969bd774-6c4e-4060-9189-496d8b64b5d1,212101620,Commune de Chaux (21),false,{21162},Commune,2026-03-24 14:41:55.433389+01,gold_establishments_2025,,,,21210162000012,2025,Collectivité Territoriale,Commune,"[""Côte-d'Or""]",['Bourgogne-Franche-Comté'],COM,{21},{27}
018f5704-1055-40a2-b0a5-7f9bf81907cf,219000239,Commune de Chaux (90),false,{90023},Commune,2026-03-24 14:42:11.659493+01,gold_establishments_2025,,,,21900023900018,2025,Collectivité Territoriale,Commune,['Territoire de Belfort'],['Bourgogne-Franche-Comté'],COM,{90},{27}
0f3158df-cc62-43c1-aa70-439b4586de23,213901333,Commune de Chaux-Champagny (39),false,{39133},Commune,2026-03-24 14:41:59.705606+01,gold_establishments_2025,,,,21390133300012,2025,Collectivité Territoriale,Commune,['Jura'],['Bourgogne-Franche-Comté'],COM,{39},{27}
3228aed6-60b0-48a9-8c3b-dadd11f12f35,212501423,Commune de Chaux-Neuve (25),false,{25142},Commune,2026-03-24 14:41:56.495197+01,gold_establishments_2025,,,,21250142300017,2025,Collectivité Territoriale,Commune,['Doubs'],['Bourgogne-Franche-Comté'],COM,{25},{27}
9842b1ff-552e-4c74-8e14-b7a6b2c0fc65,213901291,Commune de Chaux-des-Crotenay (39),false,{39129},Commune,2026-03-24 14:41:59.705606+01,gold_establishments_2025,,,,21390129100012,2025,Collectivité Territoriale,Commune,['Jura'],['Bourgogne-Franche-Comté'],COM,{39},{27}
f9fc2e7b-b27b-45a9-ab87-4c06e704d3a0,217001452,Commune de Chaux-la-Lotière (70),false,{70145},Commune,2026-03-24 14:42:07.735343+01,gold_establishments_2025,,,,21700145200010,2025,Collectivité Territoriale,Commune,['Haute-Saône'],['Bourgogne-Franche-Comté'],COM,{70},{27}
6d46fe04-b51e-4438-8615-4bdf61ee9528,212501415,Commune de Chaux-lès-Passavant (25),false,{25141},Commune,2026-03-24 14:41:56.495197+01,gold_establishments_2025,,,,21250141500013,2025,Collectivité Territoriale,Commune,['Doubs'],['Bourgogne-Franche-Comté'],COM,{25},{27}
6e94f27a-41df-42c1-aa1b-689df0f3afb1,217001460,Commune de Chaux-lès-Port (70),false,{70146},Commune,2026-03-24 14:42:07.735343+01,gold_establishments_2025,,,,21700146000013,2025,Collectivité Territoriale,Commune,['Haute-Saône'],['Bourgogne-Franche-Comté'],COM,{70},{27}
99a1f29f-03d1-4ebc-9046-ce2d73a0783b,210700613,Commune de Chauzon (07),false,{07061},Commune,2026-03-24 14:41:52.562531+01,gold_establishments_2025,,,,21070061300016,2025,Collectivité Territoriale,Commune,['Ardèche'],['Auvergne-Rhône-Alpes'],COM,{07},{84}
825f78b8-02f0-45eb-985e-a465799212e8,213500762,Commune de Chavagne (35),false,{35076},Commune,2026-03-24 14:41:58.620411+01,gold_establishments_2025,,,,21350076200017,2025,Collectivité Territoriale,Commune,['Ille-et-Vilaine'],['Bretagne'],COM,{35},{53}
d15a2709-08f3-426d-9504-8e38dc2fff50,218500650,Commune de Chavagnes-en-Paillers (85),false,{85065},Commune,2026-03-24 14:42:10.508772+01,gold_establishments_2025,,,,21850065000013,2025,Collectivité Territoriale,Commune,['Vendée'],['Pays de la Loire'],COM,{85},{52}
87b1433c-2f64-47c5-b27b-858b4103aee6,218500668,Commune de Chavagnes-les-Redoux (85),false,{85066},Commune,2026-03-24 14:42:10.508772+01,gold_establishments_2025,,,,21850066800015,2025,Collectivité Territoriale,Commune,['Vendée'],['Pays de la Loire'],COM,{85},{52}
1b0b4151-753e-48ba-8fc3-3e56bcf4b94d,211905203,Commune de Chavanac (19),false,{19052},Commune,2026-03-24 14:41:54.903238+01,gold_establishments_2025,,,,21190520300017,2025,Collectivité Territoriale,Commune,['Corrèze'],['Nouvelle-Aquitaine'],COM,{19},{75}
806c26a5-956f-4b3b-a01d-07e619be0071,212306005,Commune de Chavanat (23),false,{23060},Commune,2026-03-24 14:41:55.958138+01,gold_establishments_2025,,,,21230600500019,2025,Collectivité Territoriale,Commune,['Creuse'],['Nouvelle-Aquitaine'],COM,{23},{75}
9b416ad8-e639-4170-9acd-1de136ea687e,219000247,Commune de Chavanatte (90),false,{90024},Commune,2026-03-24 14:42:11.659493+01,gold_establishments_2025,,,,21900024700011,2025,Collectivité Territoriale,Commune,['Territoire de Belfort'],['Bourgogne-Franche-Comté'],COM,{90},{27}
756233a9-139c-4e89-bd90-ba1164a3b46b,214200560,Commune de Chavanay (42),false,{42056},Commune,2026-03-24 14:42:00.273698+01,gold_establishments_2025,,,,21420056000016,2025,Collectivité Territoriale,Commune,['Loire'],['Auvergne-Rhône-Alpes'],COM,{42},{84}
fc08055f-cb39-46dd-bee0-150c2f1958e9,211000880,Commune de Chavanges (10),false,{10094},Commune,2026-03-24 14:41:53.095366+01,gold_establishments_2025,,,,21100088000016,2025,Collectivité Territoriale,Commune,['Aube'],['Grand Est'],COM,{10},{44}
91cfb44b-a567-4132-91a2-5d497ab9a44f,214300675,Commune de Chavaniac-Lafayette (43),false,{43067},Commune,2026-03-24 14:42:00.273698+01,gold_establishments_2025,,,,21430067500011,2025,Collectivité Territoriale,Commune,['Haute-Loire'],['Auvergne-Rhône-Alpes'],COM,{43},{84}
089618ca-25ea-447b-8a6e-6ab34c0633e4,217400662,Commune de Chavannaz (74),false,{74066},Commune,2026-03-24 14:42:08.279287+01,gold_establishments_2025,,,,21740066200011,2025,Collectivité Territoriale,Commune,['Haute-Savoie'],['Auvergne-Rhône-Alpes'],COM,{74},{84}
17129f95-bef6-44ac-8d6b-499dfbc41cda,217001478,Commune de Chavanne (70),false,{70147},Commune,2026-03-24 14:42:07.735343+01,gold_establishments_2025,,,,21700147800015,2025,Collectivité Territoriale,Commune,['Haute-Saône'],['Bourgogne-Franche-Comté'],COM,{70},{27}
3b360942-39f3-46c0-a8d3-48fd9829c5e8,211800636,Commune de Chavannes (18),false,{18063},Commune,2026-03-24 14:41:54.903238+01,gold_establishments_2025,,,,21180063600014,2025,Collectivité Territoriale,Commune,['Cher'],['Centre-Val de Loire'],COM,{18},{24}
4ca6238f-ba28-4649-99d3-eb469da25252,212600928,Commune de Chavannes (26),false,{26092},Commune,2026-03-24 14:41:56.495197+01,gold_establishments_2025,,,,21260092800015,2025,Collectivité Territoriale,Commune,['Drôme'],['Auvergne-Rhône-Alpes'],COM,{26},{84}
4241f0c7-4a6e-4d57-98b4-c73d4d94c73e,219000254,Commune de Chavannes-les-Grands (90),false,{90025},Commune,2026-03-24 14:42:11.659493+01,gold_establishments_2025,,,,21900025400017,2025,Collectivité Territoriale,Commune,['Territoire de Belfort'],['Bourgogne-Franche-Comté'],COM,{90},{27}
ba45e25f-9d3d-463e-8c0c-0cbfccd1fcb9,210100947,Commune de Chavannes-sur-Reyssouze (01),false,{01094},Commune,2026-03-24 14:41:51.447482+01,gold_establishments_2025,,,,21010094700014,2025,Collectivité Territoriale,Commune,['Ain'],['Auvergne-Rhône-Alpes'],COM,{01},{84}
f9fdc6df-7657-4ee9-a18d-47114930ab57,216800656,Commune de Chavannes-sur-l'Étang (68),false,{68065},Commune,2026-03-24 14:42:07.195692+01,gold_establishments_2025,,,,21680065600011,2025,Collectivité Territoriale,Commune,['Haut-Rhin'],['Grand Est'],COM,{68},{44}
d60ac986-27d5-40c2-b44f-7aa68aebf5e6,217400670,Commune de Chavanod (74),false,{74067},Commune,2026-03-24 14:42:08.279287+01,gold_establishments_2025,,,,21740067000071,2025,Collectivité Territoriale,Commune,['Haute-Savoie'],['Auvergne-Rhône-Alpes'],COM,{74},{84}
09360372-60e0-4ba8-9f11-902b110f712d,213800972,Commune de Chavanoz (38),false,{38097},Commune,2026-03-24 14:41:59.160244+01,gold_establishments_2025,,,,21380097200019,2025,Collectivité Territoriale,Commune,['Isère'],['Auvergne-Rhône-Alpes'],COM,{38},{84}
1faa576b-dfac-4a0f-b0bb-2bd97df3e58e,216301077,Commune de Chavaroux (63),false,{63107},Commune,2026-03-24 14:42:06.130387+01,gold_establishments_2025,,,,21630107700014,2025,Collectivité Territoriale,Commune,['Puy-de-Dôme'],['Auvergne-Rhône-Alpes'],COM,{63},{84}
cc95bd4d-a993-4d7e-b354-cfd0ee27c3d3,213700651,Commune de Chaveignes (37),false,{37065},Commune,2026-03-24 14:41:59.160244+01,gold_establishments_2025,,,,21370065100010,2025,Collectivité Territoriale,Commune,['Indre-et-Loire'],['Centre-Val de Loire'],COM,{37},{24}
ecaf7af6-1427-4d66-b32d-be604483c891,218800993,Commune de Chavelot (88),false,{88099},Commune,2026-03-24 14:42:11.118516+01,gold_establishments_2025,,,,21880099300014,2025,Collectivité Territoriale,Commune,['Vosges'],['Grand Est'],COM,{88},{44}
4070207a-2bd4-4075-89b5-74c03e358a3a,217801521,Commune de Chavenay (78),false,{78152},Commune,2026-03-24 14:42:09.43682+01,gold_establishments_2025,,,,21780152100014,2025,Collectivité Territoriale,Commune,['Yvelines'],['Île-de-France'],COM,{78},{11}
0bc3a5ce-5058-40aa-88c4-7921be27970f,210300703,Commune de Chavenon (03),false,{03070},Commune,2026-03-24 14:41:52.020251+01,gold_establishments_2025,,,,21030070300019,2025,Collectivité Territoriale,Commune,['Allier'],['Auvergne-Rhône-Alpes'],COM,{03},{84}
b689106d-0a17-4156-a5a4-ea9e4cfce5e5,216001438,Commune de Chavençon (60),false,{60144},Commune,2026-03-24 14:42:04.814328+01,gold_establishments_2025,,,,21600143800011,2025,Collectivité Territoriale,Commune,['Oise'],['Hauts-de-France'],COM,{60},{32}
5697f366-541e-4eb9-babb-0745bdf5c9b1,211905302,Commune de Chaveroche (19),false,{19053},Commune,2026-03-24 14:41:54.903238+01,gold_establishments_2025,,,,21190530200017,2025,Collectivité Territoriale,Commune,['Corrèze'],['Nouvelle-Aquitaine'],COM,{19},{75}
af454999-6727-4277-a94b-ba19fe2d4fe5,210100962,Commune de Chaveyriat (01),false,{01096},Commune,2026-03-24 14:41:51.447482+01,gold_establishments_2025,,,,21010096200013,2025,Collectivité Territoriale,Commune,['Ain'],['Auvergne-Rhône-Alpes'],COM,{01},{84}
e8cbc987-b2dc-4ee4-9b27-cabc356e89b3,210201612,Commune de Chavignon (02),false,{02174},Commune,2026-03-24 14:41:51.447482+01,gold_establishments_2025,,,,21020161200012,2025,Collectivité Territoriale,Commune,['Aisne'],['Hauts-de-France'],COM,{02},{32}
5b33042d-9c18-43c3-ac46-9ddeb372160b,210201620,Commune de Chavigny (02),false,{02175},Commune,2026-03-24 14:41:51.447482+01,gold_establishments_2025,,,,21020162000015,2025,Collectivité Territoriale,Commune,['Aisne'],['Hauts-de-France'],COM,{02},{32}
02b87767-d08a-432e-b044-b910ea376875,215401233,Commune de Chavigny (54),false,{54123},Commune,2026-03-24 14:42:02.957225+01,gold_establishments_2025,,,,21540123300014,2025,Collectivité Territoriale,Commune,['Meurthe-et-Moselle'],['Grand Est'],COM,{54},{44}
425ce35d-0cf1-4b41-85fc-fdf6a3eeaa72,212701544,Commune de Chavigny-Bailleul (27),false,{27154},Commune,2026-03-24 14:41:56.495197+01,gold_establishments_2025,,,,21270154400018,2025,Collectivité Territoriale,Commune,['Eure'],['Normandie'],COM,{27},{28}
a565310e-7838-4b03-9ed4-dbddc1edf3a1,219200227,Commune de Chaville (92),false,{92022},Commune,2026-03-24 14:42:11.659493+01,gold_establishments_2025,,,,21920022700011,2025,Collectivité Territoriale,Commune,['Hauts-de-Seine'],['Île-de-France'],COM,{92},{11}
895efcbe-3351-4c07-b387-d8d7b117bfa2,213600489,Commune de Chavin (36),false,{36048},Commune,2026-03-24 14:41:59.160244+01,gold_establishments_2025,,,,21360048900040,2025,Collectivité Territoriale,Commune,['Indre'],['Centre-Val de Loire'],COM,{36},{24}
522d169a-485f-4cb2-b93a-4355cb788718,210201638,Commune de Chavonne (02),false,{02176},Commune,2026-03-24 14:41:51.447482+01,gold_establishments_2025,,,,21020163800017,2025,Collectivité Territoriale,Commune,['Aisne'],['Hauts-de-France'],COM,{02},{32}
478b85b8-bc83-4966-b50f-aff988c5ca80,215101320,Commune de Chavot-Courcourt (51),false,{51142},Commune,2026-03-24 14:42:01.954481+01,gold_establishments_2025,,,,21510132000012,2025,Collectivité Territoriale,Commune,['Marne'],['Grand Est'],COM,{51},{44}
77ef47b7-d910-4a1c-b18d-872400c9adeb,215001264,Commune de Chavoy (50),false,{50126},Commune,2026-03-24 14:42:01.412377+01,gold_establishments_2025,,,,21500126400013,2025,Collectivité Territoriale,Commune,['Manche'],['Normandie'],COM,{50},{28}
ce5e9675-96c6-45a3-8cc3-57ad0d60129d,210300711,Commune de Chavroches (03),false,{03071},Commune,2026-03-24 14:41:52.020251+01,gold_establishments_2025,,,,21030071100012,2025,Collectivité Territoriale,Commune,['Allier'],['Auvergne-Rhône-Alpes'],COM,{03},{84}
24a8bcb1-09ed-41ce-9abc-5fd26b5764fd,213901341,Commune de Chavéria (39),false,{39134},Commune,2026-03-24 14:41:59.705606+01,gold_establishments_2025,,,,21390134100015,2025,Collectivité Territoriale,Commune,['Jura'],['Bourgogne-Franche-Comté'],COM,{39},{27}
acc559be-1a08-42e1-9802-f02d7d87373d,212501431,Commune de Chay (25),false,{25143},Commune,2026-03-24 14:41:56.495197+01,gold_establishments_2025,,,,21250143100010,2025,Collectivité Territoriale,Commune,['Doubs'],['Bourgogne-Franche-Comté'],COM,{25},{27}
004e27a2-b212-4c70-a9d2-681e24147731,216900522,Commune de Chazay-d'Azergues (69),false,{69052},Commune,2026-03-24 14:42:07.195692+01,gold_establishments_2025,,,,21690052200014,2025,Collectivité Territoriale,Commune,['Rhône'],['Auvergne-Rhône-Alpes'],COM,{69},{84}
853b5afc-e858-4a71-a968-b0e54aab6ae6,210700621,Commune de Chazeaux (07),false,{07062},Commune,2026-03-24 14:41:52.562531+01,gold_establishments_2025,,,,21070062100019,2025,Collectivité Territoriale,Commune,['Ardèche'],['Auvergne-Rhône-Alpes'],COM,{07},{84}
438f68f6-60a1-4d59-925f-0f57d51b8779,213600497,Commune de Chazelet (36),false,{36049},Commune,2026-03-24 14:41:59.160244+01,gold_establishments_2025,,,,21360049700019,2025,Collectivité Territoriale,Commune,['Indre'],['Centre-Val de Loire'],COM,{36},{24}
84097fdc-15e8-471a-9257-8d4f4803b9e5,211500483,Commune de Chazelles (15),false,{15048},Commune,2026-03-24 14:41:54.362296+01,gold_establishments_2025,,,,21150048300014,2025,Collectivité Territoriale,Commune,['Cantal'],['Auvergne-Rhône-Alpes'],COM,{15},{84}
e1692bc3-0873-48d3-b3c5-e13e593a800d,211600937,Commune de Chazelles (16),false,{16093},Commune,2026-03-24 14:41:54.362296+01,gold_establishments_2025,,,,21160093700018,2025,Collectivité Territoriale,Commune,['Charente'],['Nouvelle-Aquitaine'],COM,{16},{75}
34fdbc54-98f5-4555-8ff1-2ede08fbea6c,214300683,Commune de Chazelles (43),false,{43068},Commune,2026-03-24 14:42:00.273698+01,gold_establishments_2025,,,,21430068300015,2025,Collectivité Territoriale,Commune,['Haute-Loire'],['Auvergne-Rhône-Alpes'],COM,{43},{84}
87d90eb3-f151-42c8-b853-45b80852ef8c,215401241,Commune de Chazelles-sur-Albe (54),false,{54124},Commune,2026-03-24 14:42:02.957225+01,gold_establishments_2025,,,,21540124100017,2025,Collectivité Territoriale,Commune,['Meurthe-et-Moselle'],['Grand Est'],COM,{54},{44}
116f9313-9a4a-4f77-9f4b-af778e434f9e,214200586,Commune de Chazelles-sur-Lavieu (42),false,{42058},Commune,2026-03-24 14:42:00.273698+01,gold_establishments_2025,,,,21420058600011,2025,Collectivité Territoriale,Commune,['Loire'],['Auvergne-Rhône-Alpes'],COM,{42},{84}
e3adae8d-94b5-41c1-b64b-d15323753068,214200594,Commune de Chazelles-sur-Lyon (42),false,{42059},Commune,2026-03-24 14:42:00.273698+01,gold_establishments_2025,,,,21420059400015,2025,Collectivité Territoriale,Commune,['Loire'],['Auvergne-Rhône-Alpes'],COM,{42},{84}
91064c0b-2952-4c4b-bd24-1c7250fd2346,210300729,Commune de Chazemais (03),false,{03072},Commune,2026-03-24 14:41:52.020251+01,gold_establishments_2025,,,,21030072900014,2025,Collectivité Territoriale,Commune,['Allier'],['Auvergne-Rhône-Alpes'],COM,{03},{84}
82dce37b-f434-47d1-8209-df3a8fda5072,212101638,Commune de Chazeuil (21),false,{21163},Commune,2026-03-24 14:41:55.433389+01,gold_establishments_2025,,,,21210163800014,2025,Collectivité Territoriale,Commune,"[""Côte-d'Or""]",['Bourgogne-Franche-Comté'],COM,{21},{27}
6ff72c75-4b5e-4721-93b5-69a0ad5affc2,215800707,Commune de Chazeuil (58),false,{58070},Commune,2026-03-24 14:42:04.280096+01,gold_establishments_2025,,,,21580070700014,2025,Collectivité Territoriale,Commune,['Nièvre'],['Bourgogne-Franche-Comté'],COM,{58},{27}
6af5a48f-3861-4c57-9d84-a199943aab96,200063121,Commune de Chazey-Bons (01),false,{01098},Commune,2026-03-24 14:41:51.447482+01,gold_establishments_2025,,,,20006312100012,2025,Collectivité Territoriale,Commune,['Ain'],['Auvergne-Rhône-Alpes'],COM,{01},{84}
bea4c623-2ea3-4b3c-8dd7-fde180bee2ef,210100996,Commune de Chazey-sur-Ain (01),false,{01099},Commune,2026-03-24 14:41:51.447482+01,gold_establishments_2025,,,,21010099600011,2025,Collectivité Territoriale,Commune,['Ain'],['Auvergne-Rhône-Alpes'],COM,{01},{84}
b34400d3-ef8b-489a-85d8-c7569ad94655,212101646,Commune de Chazilly (21),false,{21164},Commune,2026-03-24 14:41:55.433389+01,gold_establishments_2025,,,,21210164600017,2025,Collectivité Territoriale,Commune,"[""Côte-d'Or""]",['Bourgogne-Franche-Comté'],COM,{21},{27}
4c969d96-dae7-4f23-aca1-2320a73c5ff8,212501456,Commune de Chazot (25),false,{25145},Commune,2026-03-24 14:41:56.495197+01,gold_establishments_2025,,,,21250145600017,2025,Collectivité Territoriale,Commune,['Doubs'],['Bourgogne-Franche-Comté'],COM,{25},{27}
022bed99-3c60-4c16-a082-fff4031f93a3,214900896,Commune de Chazé-sur-Argos (49),false,{49089},Commune,2026-03-24 14:42:01.412377+01,gold_establishments_2025,,,,21490089600017,2025,Collectivité Territoriale,Commune,['Maine-et-Loire'],['Pays de la Loire'],COM,{49},{52}
797aea0a-3d24-435e-b510-355e68376ea4,213900905,Commune de Chaînée-des-Coupis (39),false,{39090},Commune,2026-03-24 14:41:59.705606+01,gold_establishments_2025,,,,21390090500018,2025,Collectivité Territoriale,Commune,['Jura'],['Bourgogne-Franche-Comté'],COM,{39},{27}
02cb926b-f9d3-4904-82f9-50d98856675a,200082386,Commune de Chef-Boutonne (79),false,{79083},Commune,2026-03-24 14:42:09.43682+01,gold_establishments_2025,,,,20008238600018,2025,Collectivité Territoriale,Commune,['Deux-Sèvres'],['Nouvelle-Aquitaine'],COM,{79},{75}
0366c69a-7cbf-4ec6-827f-31870fc6d06e,218801009,Commune de Chef-Haut (88),false,{88100},Commune,2026-03-24 14:42:11.118516+01,gold_establishments_2025,,,,21880100900018,2025,Collectivité Territoriale,Commune,['Vosges'],['Grand Est'],COM,{88},{44}
fe59e6d6-a92b-4a0b-a4f6-e78b5e4cafaa,214900904,Commune de Cheffes (49),false,{49090},Commune,2026-03-24 14:42:01.412377+01,gold_establishments_2025,,,,21490090400019,2025,Collectivité Territoriale,Commune,['Maine-et-Loire'],['Pays de la Loire'],COM,{49},{52}
45d00600-915f-4557-9f25-52b5d23f4d7f,218500676,Commune de Cheffois (85),false,{85067},Commune,2026-03-24 14:42:10.508772+01,gold_establishments_2025,,,,21850067600018,2025,Collectivité Territoriale,Commune,['Vendée'],['Pays de la Loire'],COM,{85},{52}
4d761b65-9f3f-4d4b-8790-304703b21bb0,210101002,Commune de Cheignieu-la-Balme (01),false,{01100},Commune,2026-03-24 14:41:51.447482+01,gold_establishments_2025,,,,21010100200017,2025,Collectivité Territoriale,Commune,['Ain'],['Auvergne-Rhône-Alpes'],COM,{01},{84}
81b57f67-cffa-449a-83e5-b25960dac16c,217101229,Commune de Cheilly-lès-Maranges (71),false,{71122},Commune,2026-03-24 14:42:07.735343+01,gold_establishments_2025,,,,21710122900011,2025,Collectivité Territoriale,Commune,['Saône-et-Loire'],['Bourgogne-Franche-Comté'],COM,{71},{27}
6e196ec8-dab8-490a-9709-c27c20d71b09,213700677,Commune de Cheillé (37),false,{37067},Commune,2026-03-24 14:41:59.160244+01,gold_establishments_2025,,,,21370067700015,2025,Collectivité Territoriale,Commune,['Indre-et-Loire'],['Centre-Val de Loire'],COM,{37},{24}
88689b9d-daaa-4aac-9f73-07fc49039911,213101405,Commune de Chein-Dessus (31),false,{31140},Commune,2026-03-24 14:41:57.56054+01,gold_establishments_2025,,,,21310140500016,2025,Collectivité Territoriale,Commune,['Haute-Garonne'],['Occitanie'],COM,{31},{76}
dce94045-737f-4740-a4da-f9d1b6b7ff7e,218704302,Commune de Cheissoux (87),false,{87043},Commune,2026-03-24 14:42:11.118516+01,gold_establishments_2025,,,,21870430200015,2025,Collectivité Territoriale,Commune,['Haute-Vienne'],['Nouvelle-Aquitaine'],COM,{87},{75}
15718ebf-92b2-40cb-b126-2b7b3ca6c34a,214400392,Commune de Cheix-en-Retz (44),false,{44039},Commune,2026-03-24 14:42:00.273698+01,gold_establishments_2025,,,,21440039200012,2025,Collectivité Territoriale,Commune,['Loire-Atlantique'],['Pays de la Loire'],COM,{44},{52}
7bc182e9-a3bf-498d-bcfa-63135847c2f7,216202218,Commune de Chelers (62),false,{62221},Commune,2026-03-24 14:42:05.597325+01,gold_establishments_2025,,,,21620221800014,2025,Collectivité Territoriale,Commune,['Pas-de-Calais'],['Hauts-de-France'],COM,{62},{32}
0c8fe92a-142d-47ff-9c54-d3bf32f668d1,216501429,Commune de Chelle-Debat (65),false,{65142},Commune,2026-03-24 14:42:06.665412+01,gold_establishments_2025,,,,21650142900015,2025,Collectivité Territoriale,Commune,['Hautes-Pyrénées'],['Occitanie'],COM,{65},{76}
829ed764-21b0-4239-944a-a5bbe49d1a0c,216501437,Commune de Chelle-Spou (65),false,{65143},Commune,2026-03-24 14:42:06.665412+01,gold_establishments_2025,,,,21650143700018,2025,Collectivité Territoriale,Commune,['Hautes-Pyrénées'],['Occitanie'],COM,{65},{76}
bdcc670d-962a-4e81-a3fc-0a6d78009bdb,216001446,Commune de Chelles (60),false,{60145},Commune,2026-03-24 14:42:04.814328+01,gold_establishments_2025,,,,21600144600014,2025,Collectivité Territoriale,Commune,['Oise'],['Hauts-de-France'],COM,{60},{32}
1cfb782b-9465-44b3-b42f-03c4d2e8f90f,217701085,Commune de Chelles (77),false,{77108},Commune,2026-03-24 14:42:08.818969+01,gold_establishments_2025,,,,21770108500011,2025,Collectivité Territoriale,Commune,['Seine-et-Marne'],['Île-de-France'],COM,{77},{11}
2f9dd8e1-0611-48cc-b668-43877fd0936a,213500770,Commune de Chelun (35),false,{35077},Commune,2026-03-24 14:41:58.620411+01,gold_establishments_2025,,,,21350077000010,2025,Collectivité Territoriale,Commune,['Ille-et-Vilaine'],['Bretagne'],COM,{35},{53}
d4df32c6-2902-4d32-b265-0a0c580ef60c,200066686,Commune de Chemaudin et Vaux (25),false,{25147},Commune,2026-03-24 14:41:56.495197+01,gold_establishments_2025,,,,20006668600086,2025,Collectivité Territoriale,Commune,['Doubs'],['Bourgogne-Franche-Comté'],COM,{25},{27}
d884d426-92d1-4901-8a93-d53314554166,215300666,Commune de Chemazé (53),false,{53066},Commune,2026-03-24 14:42:01.954481+01,gold_establishments_2025,,,,21530066600017,2025,Collectivité Territoriale,Commune,['Mayenne'],['Pays de la Loire'],COM,{53},{52}
7e60da35-f5fa-4f31-917d-7468cf2b46c6,213901366,Commune de Chemenot (39),false,{39136},Commune,2026-03-24 14:41:59.705606+01,gold_establishments_2025,,,,21390136600012,2025,Collectivité Territoriale,Commune,['Jura'],['Bourgogne-Franche-Comté'],COM,{39},{27}
5c582352-2d75-49db-a6d0-461eb1408911,216101055,Commune de Chemilli (61),false,{61105},Commune,2026-03-24 14:42:04.814328+01,gold_establishments_2025,,,,21610105500012,2025,Collectivité Territoriale,Commune,['Orne'],['Normandie'],COM,{61},{28}
5548ab82-d27f-4928-820b-c73dde5a27a2,210300737,Commune de Chemilly (03),false,{03073},Commune,2026-03-24 14:41:52.020251+01,gold_establishments_2025,,,,21030073700017,2025,Collectivité Territoriale,Commune,['Allier'],['Auvergne-Rhône-Alpes'],COM,{03},{84}
4a7a7ed2-7d98-4d0f-be25-e19a92da1ad7,217001486,Commune de Chemilly (70),false,{70148},Commune,2026-03-24 14:42:07.735343+01,gold_establishments_2025,,,,21700148600018,2025,Collectivité Territoriale,Commune,['Haute-Saône'],['Bourgogne-Franche-Comté'],COM,{70},{27}
6ecdbb8a-3e1b-4b9d-b0dd-aebb9bbc33c8,218900959,Commune de Chemilly-sur-Serein (89),false,{89095},Commune,2026-03-24 14:42:11.118516+01,gold_establishments_2025,,,,21890095900014,2025,Collectivité Territoriale,Commune,['Yonne'],['Bourgogne-Franche-Comté'],COM,{89},{27}
0efa7a82-f51e-41ca-a349-27f5f7a7a005,218900967,Commune de Chemilly-sur-Yonne (89),false,{89096},Commune,2026-03-24 14:42:11.118516+01,gold_establishments_2025,,,,21890096700017,2025,Collectivité Territoriale,Commune,['Yonne'],['Bourgogne-Franche-Comté'],COM,{89},{27}
6feb6863-750b-426c-a931-65d8b050e1b8,200053593,Commune de Chemillé-en-Anjou (49),false,{49092},Commune,2026-03-24 14:42:01.412377+01,gold_establishments_2025,,,,20005359300014,2025,Collectivité Territoriale,Commune,['Maine-et-Loire'],['Pays de la Loire'],COM,{49},{52}
e5d0cede-03bd-4ab3-8401-149dcf676972,213700685,Commune de Chemillé-sur-Dême (37),false,{37068},Commune,2026-03-24 14:41:59.160244+01,gold_establishments_2025,,,,21370068500018,2025,Collectivité Territoriale,Commune,['Indre-et-Loire'],['Centre-Val de Loire'],COM,{37},{24}
92c10093-8faa-45f5-9aca-0a05ef436aaf,213700693,Commune de Chemillé-sur-Indrois (37),false,{37069},Commune,2026-03-24 14:41:59.160244+01,gold_establishments_2025,,,,21370069300012,2025,Collectivité Territoriale,Commune,['Indre-et-Loire'],['Centre-Val de Loire'],COM,{37},{24}
a12ed835-4f2f-4243-94f8-06cf69f0e73e,213901382,Commune de Chemin (39),false,{39138},Commune,2026-03-24 14:41:59.705606+01,gold_establishments_2025,,,,21390138200019,2025,Collectivité Territoriale,Commune,['Jura'],['Bourgogne-Franche-Comté'],COM,{39},{27}
584822b3-b2e7-40e7-ac65-07824f97cea0,212101653,Commune de Chemin-d'Aisey (21),false,{21165},Commune,2026-03-24 14:41:55.433389+01,gold_establishments_2025,,,,21210165300013,2025,Collectivité Territoriale,Commune,"[""Côte-d'Or""]",['Bourgogne-Franche-Comté'],COM,{21},{27}
352a57b5-7611-4ffa-b2fb-40b05147c190,210700639,Commune de Cheminas (07),false,{07063},Commune,2026-03-24 14:41:52.562531+01,gold_establishments_2025,,,,21070063900011,2025,Collectivité Territoriale,Commune,['Ardèche'],['Auvergne-Rhône-Alpes'],COM,{07},{84}
61f01e13-fb65-444a-ac6b-677a3407061d,215101346,Commune de Cheminon (51),false,{51144},Commune,2026-03-24 14:42:01.954481+01,gold_establishments_2025,,,,21510134600017,2025,Collectivité Territoriale,Commune,['Marne'],['Grand Est'],COM,{51},{44}
fad80004-20ef-4d60-8dd3-8df1ff365947,215701376,Commune de Cheminot (57),false,{57137},Commune,2026-03-24 14:42:03.701372+01,gold_establishments_2025,,,,21570137600018,2025,Collectivité Territoriale,Commune,['Moselle'],['Grand Est'],COM,{57},{44}
011e685f-6965-4a0c-9a9f-18b94c35071c,217200740,Commune de Chemiré-en-Charnie (72),false,{72074},Commune,2026-03-24 14:42:08.279287+01,gold_establishments_2025,,,,21720074000041,2025,Collectivité Territoriale,Commune,['Sarthe'],['Pays de la Loire'],COM,{72},{52}
2fe14307-5f74-4b76-9dc3-ae90e3eaf7dc,217200757,Commune de Chemiré-le-Gaudin (72),false,{72075},Commune,2026-03-24 14:42:08.279287+01,gold_establishments_2025,,,,21720075700011,2025,Collectivité Territoriale,Commune,['Sarthe'],['Pays de la Loire'],COM,{72},{52}
7fbdb79f-bc1d-48e1-8d30-58cb66796023,215901455,Commune de Chemy (59),false,{59145},Commune,2026-03-24 14:42:04.280096+01,gold_establishments_2025,,,,21590145500018,2025,Collectivité Territoriale,Commune,['Nord'],['Hauts-de-France'],COM,{59},{32}
62dc2f62-0e39-44ae-a64d-f3c28b06181c,211700984,Commune de Chenac-Saint-Seurin-d'Uzet (17),false,{17098},Commune,2026-03-24 14:41:54.903238+01,gold_establishments_2025,,,,21170098400019,2025,Collectivité Territoriale,Commune,['Charente-Maritime'],['Nouvelle-Aquitaine'],COM,{17},{75}
c868929a-45b2-463f-a357-beaae844ddd6,211905401,Commune de Chenailler-Mascheix (19),false,{19054},Commune,2026-03-24 14:41:54.903238+01,gold_establishments_2025,,,,21190540100017,2025,Collectivité Territoriale,Commune,['Corrèze'],['Nouvelle-Aquitaine'],COM,{19},{75}
0400bd76-1795-46a0-89b9-9d8fbb54b937,215101353,Commune de Chenay (51),false,{51145},Commune,2026-03-24 14:42:01.954481+01,gold_establishments_2025,,,,21510135300013,2025,Collectivité Territoriale,Commune,['Marne'],['Grand Est'],COM,{51},{44}
62b33e0a-f245-4fbb-ae7f-a9745bc90e2e,217200765,Commune de Chenay (72),false,{72076},Commune,2026-03-24 14:42:08.279287+01,gold_establishments_2025,,,,21720076500014,2025,Collectivité Territoriale,Commune,['Sarthe'],['Pays de la Loire'],COM,{72},{52}
0fcd83ba-8588-45de-8a24-26bc6226fdda,217900844,Commune de Chenay (79),false,{79084},Commune,2026-03-24 14:42:09.43682+01,gold_establishments_2025,,,,21790084400010,2025,Collectivité Territoriale,Commune,['Deux-Sèvres'],['Nouvelle-Aquitaine'],COM,{79},{75}
2eab7204-0d9b-4f00-a830-072d92a360bd,217101237,Commune de Chenay-le-Châtel (71),false,{71123},Commune,2026-03-24 14:42:07.735343+01,gold_establishments_2025,,,,21710123700014,2025,Collectivité Territoriale,Commune,['Saône-et-Loire'],['Bourgogne-Franche-Comté'],COM,{71},{27}
2c76d8a0-d1d7-4bf7-af70-b31d84d0a5b1,217001494,Commune de Chenebier (70),false,{70149},Commune,2026-03-24 14:42:07.735343+01,gold_establishments_2025,,,,21700149400012,2025,Collectivité Territoriale,Commune,['Haute-Saône'],['Bourgogne-Franche-Comté'],COM,{70},{27}
f8dbc6f6-f033-4a51-8b5d-26918eddd1f2,212501498,Commune de Chenecey-Buillon (25),false,{25149},Commune,2026-03-24 14:41:56.495197+01,gold_establishments_2025,,,,21250149800019,2025,Collectivité Territoriale,Commune,['Doubs'],['Bourgogne-Franche-Comté'],COM,{25},{27}
46958985-4bf4-4b51-b7c9-ddbff18adbec,214200602,Commune de Chenereilles (42),false,{42060},Commune,2026-03-24 14:42:00.273698+01,gold_establishments_2025,,,,21420060200016,2025,Collectivité Territoriale,Commune,['Loire'],['Auvergne-Rhône-Alpes'],COM,{42},{84}
524a56b0-78f6-416c-a027-a74d9578e612,214300691,Commune de Chenereilles (43),false,{43069},Commune,2026-03-24 14:42:00.273698+01,gold_establishments_2025,,,,21430069100018,2025,Collectivité Territoriale,Commune,['Haute-Loire'],['Auvergne-Rhône-Alpes'],COM,{43},{84}
1008b477-6ebc-4d90-9ee5-6b6a950c88c5,218600724,Commune de Chenevelles (86),false,{86072},Commune,2026-03-24 14:42:10.508772+01,gold_establishments_2025,,,,21860072400015,2025,Collectivité Territoriale,Commune,['Vienne'],['Nouvelle-Aquitaine'],COM,{86},{75}
b88689d1-fca3-45d1-9cae-deb98ac1a07d,215401258,Commune de Chenevières (54),false,{54125},Commune,2026-03-24 14:42:02.957225+01,gold_establishments_2025,,,,21540125800094,2025,Collectivité Territoriale,Commune,['Meurthe-et-Moselle'],['Grand Est'],COM,{54},{44}
161c29db-7137-4eb0-8aea-420e72cdb715,217001502,Commune de Chenevrey-et-Morogne (70),false,{70150},Commune,2026-03-24 14:42:07.735343+01,gold_establishments_2025,,,,21700150200012,2025,Collectivité Territoriale,Commune,['Haute-Saône'],['Bourgogne-Franche-Comté'],COM,{70},{27}
8f5573f7-99da-4b5e-8561-a11e90165528,218900983,Commune de Cheney (89),false,{89098},Commune,2026-03-24 14:42:11.118516+01,gold_establishments_2025,,,,21890098300014,2025,Collectivité Territoriale,Commune,['Yonne'],['Bourgogne-Franche-Comté'],COM,{89},{27}
d85b2582-8222-44dc-9fea-73f95d0bc4a4,215401266,Commune de Chenicourt (54),false,{54126},Commune,2026-03-24 14:42:02.957225+01,gold_establishments_2025,,,,21540126600014,2025,Collectivité Territoriale,Commune,['Meurthe-et-Moselle'],['Grand Est'],COM,{54},{44}
abba3de4-c2b0-4f11-b743-ebc641eacb11,215101361,Commune de Cheniers (51),false,{51146},Commune,2026-03-24 14:42:01.954481+01,gold_establishments_2025,,,,21510136100016,2025,Collectivité Territoriale,Commune,['Marne'],['Grand Est'],COM,{51},{44}
b8a43241-2422-4d0f-a1f8-e5bc2bd0ed3e,200059632,Commune de Chenillé-Champteussé (49),false,{49067},Commune,2026-03-24 14:42:01.412377+01,gold_establishments_2025,,,,20005963200014,2025,Collectivité Territoriale,Commune,['Maine-et-Loire'],['Pays de la Loire'],COM,{49},{52}
9ffce2e5-db5f-48ca-ab03-a6e57a541cdb,218801017,Commune de Cheniménil (88),false,{88101},Commune,2026-03-24 14:42:11.118516+01,gold_establishments_2025,,,,21880101700011,2025,Collectivité Territoriale,Commune,['Vosges'],['Grand Est'],COM,{88},{44}
8d467adb-b0e3-453f-8d9e-0be6f33eeec0,215401274,Commune de Chenières (54),false,{54127},Commune,2026-03-24 14:42:02.957225+01,gold_establishments_2025,,,,21540127400034,2025,Collectivité Territoriale,Commune,['Meurthe-et-Moselle'],['Grand Est'],COM,{54},{44}
631a73be-6b16-463f-a02f-b90b2bb84b65,212701551,Commune de Chennebrun (27),false,{27155},Commune,2026-03-24 14:41:57.028721+01,gold_establishments_2025,,,,21270155100054,2025,Collectivité Territoriale,Commune,['Eure'],['Normandie'],COM,{27},{28}
c266972f-e893-4548-98d1-74bb7c866ba4,211000906,Commune de Chennegy (10),false,{10096},Commune,2026-03-24 14:41:53.095366+01,gold_establishments_2025,,,,21100090600019,2025,Collectivité Territoriale,Commune,['Aube'],['Grand Est'],COM,{10},{44}
9f7cea93-18a4-4981-ab97-ab044878a576,219501541,Commune de Chennevières-lès-Louvres (95),false,{95154},Commune,2026-03-24 14:42:11.659493+01,gold_establishments_2025,,,,21950154100011,2025,Collectivité Territoriale,Commune,"[""Val-d'Oise""]",['Île-de-France'],COM,{95},{11}
89b24380-6424-4204-934b-14be2fbce897,219400199,Commune de Chennevières-sur-Marne (94),false,{94019},Commune,2026-03-24 14:42:11.659493+01,gold_establishments_2025,,,,21940019900184,2025,Collectivité Territoriale,Commune,['Val-de-Marne'],['Île-de-France'],COM,{94},{11}
2727ad43-5d08-4168-b2ee-21afac56c8d2,215701384,Commune de Chenois (57),false,{57138},Commune,2026-03-24 14:42:03.701372+01,gold_establishments_2025,,,,21570138400012,2025,Collectivité Territoriale,Commune,['Moselle'],['Grand Est'],COM,{57},{44}
e7eb51e3-d5dd-47c0-abcf-f0c512e7d229,200084036,Commune de Chenoise-Cucharmoy (77),false,{77109},Commune,2026-03-24 14:42:08.818969+01,gold_establishments_2025,,,,20008403600041,2025,Collectivité Territoriale,Commune,['Seine-et-Marne'],['Île-de-France'],COM,{77},{11}
b95d8433-4381-4e3a-abdf-8d8161f79c96,211600952,Commune de Chenon (16),false,{16095},Commune,2026-03-24 14:41:54.362296+01,gold_establishments_2025,,,,21160095200017,2025,Collectivité Territoriale,Commune,['Charente'],['Nouvelle-Aquitaine'],COM,{16},{75}
2fd08e48-f1e3-45a4-98e2-b9202cf9ee4b,213700701,Commune de Chenonceaux (37),false,{37070},Commune,2026-03-24 14:41:59.160244+01,gold_establishments_2025,,,,21370070100013,2025,Collectivité Territoriale,Commune,['Indre-et-Loire'],['Centre-Val de Loire'],COM,{37},{24}
2322b510-dc56-4ecc-91f9-47e2bbd27eef,217701101,Commune de Chenou (77),false,{77110},Commune,2026-03-24 14:42:08.818969+01,gold_establishments_2025,,,,21770110100016,2025,Collectivité Territoriale,Commune,['Seine-et-Marne'],['Île-de-France'],COM,{77},{11}
c18c63f7-f244-47a5-95c2-9c45a3d67991,217400704,Commune de Chens-sur-Léman (74),false,{74070},Commune,2026-03-24 14:42:08.279287+01,gold_establishments_2025,,,,21740070400011,2025,Collectivité Territoriale,Commune,['Haute-Savoie'],['Auvergne-Rhône-Alpes'],COM,{74},{84}
40c36a96-84a0-4732-bdf3-d49711c93f9c,217200773,Commune de Chenu (72),false,{72077},Commune,2026-03-24 14:42:08.279287+01,gold_establishments_2025,,,,21720077300018,2025,Collectivité Territoriale,Commune,['Sarthe'],['Pays de la Loire'],COM,{72},{52}
01a89345-49ab-4609-a06d-444012878ebe,218900991,Commune de Cheny (89),false,{89099},Commune,2026-03-24 14:42:11.118516+01,gold_establishments_2025,,,,21890099100017,2025,Collectivité Territoriale,Commune,['Yonne'],['Bourgogne-Franche-Comté'],COM,{89},{27}
8dd25a94-e204-40cf-bb60-eaf0570890a6,212101661,Commune de Chenôve (21),false,{21166},Commune,2026-03-24 14:41:55.433389+01,gold_establishments_2025,,,,21210166100016,2025,Collectivité Territoriale,Commune,"[""Côte-d'Or""]",['Bourgogne-Franche-Comté'],COM,{21},{27}
4ffbf230-87f0-4a65-bc33-7264a3483e47,217101245,Commune de Chenôves (71),false,{71124},Commune,2026-03-24 14:42:07.735343+01,gold_establishments_2025,,,,21710124500017,2025,Collectivité Territoriale,Commune,['Saône-et-Loire'],['Bourgogne-Franche-Comté'],COM,{71},{27}
0099fb32-492f-4eba-b310-e5f09658c517,211700992,Commune de Chepniers (17),false,{17099},Commune,2026-03-24 14:41:54.903238+01,gold_establishments_2025,,,,21170099200012,2025,Collectivité Territoriale,Commune,['Charente-Maritime'],['Nouvelle-Aquitaine'],COM,{17},{75}
2c965046-9712-479c-bd31-74362cc9bf84,216001453,Commune de Chepoix (60),false,{60146},Commune,2026-03-24 14:42:04.814328+01,gold_establishments_2025,,,,21600145300010,2025,Collectivité Territoriale,Commune,['Oise'],['Hauts-de-France'],COM,{60},{32}
c9daa103-6bee-43b8-815f-a716853daf5a,215101387,Commune de Cheppes-la-Prairie (51),false,{51148},Commune,2026-03-24 14:42:01.954481+01,gold_establishments_2025,,,,21510138700011,2025,Collectivité Territoriale,Commune,['Marne'],['Grand Est'],COM,{51},{44}
15720667-0138-40a4-8745-92df2d815414,215501131,Commune de Cheppy (55),false,{55113},Commune,2026-03-24 14:42:02.957225+01,gold_establishments_2025,,,,21550113100019,2025,Collectivité Territoriale,Commune,['Meuse'],['Grand Est'],COM,{55},{44}
26588981-072f-48f0-8994-9c5e6375d3b9,219101565,Commune de Cheptainville (91),false,{91156},Commune,2026-03-24 14:42:11.659493+01,gold_establishments_2025,,,,21910156500014,2025,Collectivité Territoriale,Commune,['Essonne'],['Île-de-France'],COM,{91},{11}
283d9322-ade5-4eae-9f6f-60c020593c6e,215101395,Commune de Chepy (51),false,{51149},Commune,2026-03-24 14:42:01.954481+01,gold_establishments_2025,,,,21510139500014,2025,Collectivité Territoriale,Commune,['Marne'],['Grand Est'],COM,{51},{44}
8eda5daa-c5de-4bed-acb2-9ee4527d9651,211701016,Commune de Cherbonnières (17),false,{17101},Commune,2026-03-24 14:41:54.903238+01,gold_establishments_2025,,,,21170101600019,2025,Collectivité Territoriale,Commune,['Charente-Maritime'],['Nouvelle-Aquitaine'],COM,{17},{75}
dc7b49f1-1a0e-4048-affb-8a68426670e3,200056844,Commune de Cherbourg-en-Cotentin (50),false,{50129},Commune,2026-03-24 14:42:01.412377+01,gold_establishments_2025,,,,20005684400018,2025,Collectivité Territoriale,Commune,['Manche'],['Normandie'],COM,{50},{28}
6f170082-010c-4e41-86fb-ce9966eb735b,214200610,Commune de Cherier (42),false,{42061},Commune,2026-03-24 14:42:00.273698+01,gold_establishments_2025,,,,21420061000019,2025,Collectivité Territoriale,Commune,['Loire'],['Auvergne-Rhône-Alpes'],COM,{42},{84}
d69935c5-90e4-4f5a-9ade-e3d82fa99c7f,212800981,Commune de Cherisy (28),false,{28098},Commune,2026-03-24 14:41:57.028721+01,gold_establishments_2025,,,,21280098100079,2025,Collectivité Territoriale,Commune,['Eure-et-Loir'],['Centre-Val de Loire'],COM,{28},{24}
4885da1a-c503-4934-9433-9d958e132a00,211701024,Commune de Chermignac (17),false,{17102},Commune,2026-03-24 14:41:54.903238+01,gold_establishments_2025,,,,21170102400013,2025,Collectivité Territoriale,Commune,['Charente-Maritime'],['Nouvelle-Aquitaine'],COM,{17},{75}
6819bf31-0ccb-4bee-a7e5-215e3e35ee88,218801025,Commune de Chermisey (88),false,{88102},Commune,2026-03-24 14:42:11.118516+01,gold_establishments_2025,,,,21880102500014,2025,Collectivité Territoriale,Commune,['Vosges'],['Grand Est'],COM,{88},{44}
d4ce4d82-ed25-46aa-9e8d-83f5671ff772,210201653,Commune de Chermizy-Ailles (02),false,{02178},Commune,2026-03-24 14:41:51.447482+01,gold_establishments_2025,,,,21020165300016,2025,Collectivité Territoriale,Commune,['Aisne'],['Hauts-de-France'],COM,{02},{32}
bea58d6c-b039-4b8e-bbc2-3fb5e713b187,213500788,Commune de Cherrueix (35),false,{35078},Commune,2026-03-24 14:41:58.620411+01,gold_establishments_2025,,,,21350078800012,2025,Collectivité Territoriale,Commune,['Ille-et-Vilaine'],['Bretagne'],COM,{35},{53}
fb627129-eb2e-4492-b280-ff8feeec1a0b,200082568,Commune de Cherré-Au (72),false,{72080},Commune,2026-03-24 14:42:08.279287+01,gold_establishments_2025,,,,20008256800011,2025,Collectivité Territoriale,Commune,['Sarthe'],['Pays de la Loire'],COM,{72},{52}
b8b3d8d5-d72a-4ac1-a061-fa4002904b41,212401194,Commune de Cherval (24),false,{24119},Commune,2026-03-24 14:41:55.958138+01,gold_establishments_2025,,,,21240119400015,2025,Collectivité Territoriale,Commune,['Dordogne'],['Nouvelle-Aquitaine'],COM,{24},{75}
e1831111-3f7f-4a88-b0b4-b5fed4b385c5,212401202,Commune de Cherveix-Cubas (24),false,{24120},Commune,2026-03-24 14:41:55.958138+01,gold_establishments_2025,,,,21240120200016,2025,Collectivité Territoriale,Commune,['Dordogne'],['Nouvelle-Aquitaine'],COM,{24},{75}
7853500d-cba6-4e7d-9a3d-6c8c9aae19ad,218600732,Commune de Cherves (86),false,{86073},Commune,2026-03-24 14:42:10.508772+01,gold_establishments_2025,,,,21860073200018,2025,Collectivité Territoriale,Commune,['Vienne'],['Nouvelle-Aquitaine'],COM,{86},{75}
efe3be63-5343-4b9c-9900-c61162b721c5,211600960,Commune de Cherves-Châtelars (16),false,{16096},Commune,2026-03-24 14:41:54.362296+01,gold_establishments_2025,,,,21160096000010,2025,Collectivité Territoriale,Commune,['Charente'],['Nouvelle-Aquitaine'],COM,{16},{75}
01c94100-2c94-441f-9b16-1bcad50e6306,217900869,Commune de Cherveux (79),false,{79086},Commune,2026-03-24 14:42:09.43682+01,gold_establishments_2025,,,,21790086900017,2025,Collectivité Territoriale,Commune,['Deux-Sèvres'],['Nouvelle-Aquitaine'],COM,{79},{75}
8d4652e8-578e-4563-b20c-f1111167daaf,211000914,Commune de Chervey (10),false,{10097},Commune,2026-03-24 14:41:53.095366+01,gold_establishments_2025,,,,21100091400013,2025,Collectivité Territoriale,Commune,['Aube'],['Grand Est'],COM,{10},{44}
65f67651-1a98-4e20-976a-28ca7f7f1e8c,215101403,Commune de Cherville (51),false,{51150},Commune,2026-03-24 14:42:01.954481+01,gold_establishments_2025,,,,21510140300016,2025,Collectivité Territoriale,Commune,['Marne'],['Grand Est'],COM,{51},{44}
91df6326-232c-47cd-a6e6-e96dce8a6c9c,211000922,Commune de Chesley (10),false,{10098},Commune,2026-03-24 14:41:53.095366+01,gold_establishments_2025,,,,21100092200016,2025,Collectivité Territoriale,Commune,['Aube'],['Grand Est'],COM,{10},{44}
3d3390f8-927f-4387-bc25-4d46d7a9b391,210801064,Commune de Chesnois-Auboncourt (08),false,{08117},Commune,2026-03-24 14:41:52.562531+01,gold_establishments_2025,,,,21080106400010,2025,Collectivité Territoriale,Commune,['Ardennes'],['Grand Est'],COM,{08},{44}
e820b7de-fa90-4cba-a36d-a7f231fc6be9,215701400,Commune de Chesny (57),false,{57140},Commune,2026-03-24 14:42:03.701372+01,gold_establishments_2025,,,,21570140000016,2025,Collectivité Territoriale,Commune,['Moselle'],['Grand Est'],COM,{57},{44}
cea8d050-bab9-4b40-a329-bf905e60d541,217400712,Commune de Chessenaz (74),false,{74071},Commune,2026-03-24 14:42:08.279287+01,gold_establishments_2025,,,,21740071200014,2025,Collectivité Territoriale,Commune,['Haute-Savoie'],['Auvergne-Rhône-Alpes'],COM,{74},{84}
4a1b71b6-2d3c-47b7-96d7-f05ec04bdb07,216900563,Commune de Chessy (69),false,{69056},Commune,2026-03-24 14:42:07.195692+01,gold_establishments_2025,,,,21690056300018,2025,Collectivité Territoriale,Commune,['Rhône'],['Auvergne-Rhône-Alpes'],COM,{69},{84}
db2528af-30b5-4928-a63e-d3ca4b2636b1,217701119,Commune de Chessy (77),false,{77111},Commune,2026-03-24 14:42:08.818969+01,gold_establishments_2025,,,,21770111900018,2025,Collectivité Territoriale,Commune,['Seine-et-Marne'],['Île-de-France'],COM,{77},{11}
e62563da-a1c0-40a3-84be-e7f4841f9bc6,211000930,Commune de Chessy-les-Prés (10),false,{10099},Commune,2026-03-24 14:41:53.095366+01,gold_establishments_2025,,,,21100093000019,2025,Collectivité Territoriale,Commune,['Aube'],['Grand Est'],COM,{10},{44}
89dc59e1-de0e-4d74-8ab0-8a535b20f8dd,212101679,Commune de Cheuge (21),false,{21167},Commune,2026-03-24 14:41:55.433389+01,gold_establishments_2025,,,,21210167900018,2025,Collectivité Territoriale,Commune,"[""Côte-d'Or""]",['Bourgogne-Franche-Comté'],COM,{21},{27}
88d181e1-2576-4960-92d1-c47d80c2c2c1,216501445,Commune de Cheust (65),false,{65144},Commune,2026-03-24 14:42:06.665412+01,gold_establishments_2025,,,,21650144500011,2025,Collectivité Territoriale,Commune,['Hautes-Pyrénées'],['Occitanie'],COM,{65},{76}
020cab9f-d347-4298-a700-f0f08e470635,210300745,Commune de Chevagnes (03),false,{03074},Commune,2026-03-24 14:41:52.020251+01,gold_establishments_2025,,,,21030074500010,2025,Collectivité Territoriale,Commune,['Allier'],['Auvergne-Rhône-Alpes'],COM,{03},{84}
1d5cdf0f-cdc2-46c2-b808-f2768f6e3513,217101260,Commune de Chevagny-les-Chevrières (71),false,{71126},Commune,2026-03-24 14:42:07.735343+01,gold_establishments_2025,,,,21710126000016,2025,Collectivité Territoriale,Commune,['Saône-et-Loire'],['Bourgogne-Franche-Comté'],COM,{71},{27}
f87dc5de-884f-4bd4-9a5e-4e5b00470c41,217101278,Commune de Chevagny-sur-Guye (71),false,{71127},Commune,2026-03-24 14:42:07.735343+01,gold_establishments_2025,,,,21710127800018,2025,Collectivité Territoriale,Commune,['Saône-et-Loire'],['Bourgogne-Franche-Comté'],COM,{71},{27}
54a6c911-0c0d-4e86-b374-ef31f7370142,213500796,Commune de Chevaigné (35),false,{35079},Commune,2026-03-24 14:41:58.620411+01,gold_establishments_2025,,,,21350079600015,2025,Collectivité Territoriale,Commune,['Ille-et-Vilaine'],['Bretagne'],COM,{35},{53}
bbd837a0-d2d8-4407-a43b-2d84867b954d,215300690,Commune de Chevaigné-du-Maine (53),false,{53069},Commune,2026-03-24 14:42:01.954481+01,gold_establishments_2025,,,,21530069000017,2025,Collectivité Territoriale,Commune,['Mayenne'],['Pays de la Loire'],COM,{53},{52}
40aa96e6-761d-42af-9a71-a3db79648b0b,218400380,Commune de Cheval-Blanc (84),false,{84038},Commune,2026-03-24 14:42:10.508772+01,gold_establishments_2025,,,,21840038000018,2025,Collectivité Territoriale,Commune,['Vaucluse'],"[""Provence-Alpes-Côte d'Azur""]",COM,{84},{93}
455bfafb-d7a1-4a47-b232-cc9c11ef34e0,217400720,Commune de Chevaline (74),false,{74072},Commune,2026-03-24 14:42:08.279287+01,gold_establishments_2025,,,,21740072000017,2025,Collectivité Territoriale,Commune,['Haute-Savoie'],['Auvergne-Rhône-Alpes'],COM,{74},{84}
e9e07e34-1e59-4e6f-8102-64915437dc84,211701040,Commune de Chevanceaux (17),false,{17104},Commune,2026-03-24 14:41:54.903238+01,gold_establishments_2025,,,,21170104000019,2025,Collectivité Territoriale,Commune,['Charente-Maritime'],['Nouvelle-Aquitaine'],COM,{17},{75}
a2fa041f-2d79-466c-a961-fabfe93180b2,212101687,Commune de Chevannay (21),false,{21168},Commune,2026-03-24 14:41:55.433389+01,gold_establishments_2025,,,,21210168700011,2025,Collectivité Territoriale,Commune,"[""Côte-d'Or""]",['Bourgogne-Franche-Comté'],COM,{21},{27}
7718953b-0483-4feb-af8e-46f90a45bdf0,212101695,Commune de Chevannes (21),false,{21169},Commune,2026-03-24 14:41:55.433389+01,gold_establishments_2025,,,,21210169500014,2025,Collectivité Territoriale,Commune,"[""Côte-d'Or""]",['Bourgogne-Franche-Comté'],COM,{21},{27}
23c78af1-7d14-4d43-af87-db9010b64419,214500910,Commune de Chevannes (45),false,{45091},Commune,2026-03-24 14:42:00.862623+01,gold_establishments_2025,,,,21450091000010,2025,Collectivité Territoriale,Commune,['Loiret'],['Centre-Val de Loire'],COM,{45},{24}
e369ca24-7f70-420e-886d-2e9d4f512f3f,218901023,Commune de Chevannes (89),false,{89102},Commune,2026-03-24 14:42:11.118516+01,gold_establishments_2025,,,,21890102300018,2025,Collectivité Territoriale,Commune,['Yonne'],['Bourgogne-Franche-Comté'],COM,{89},{27}
6ae94d64-643c-4cea-bf3c-b14b8fa47cb2,219101599,Commune de Chevannes (91),false,{91159},Commune,2026-03-24 14:42:11.659493+01,gold_establishments_2025,,,,21910159900062,2025,Collectivité Territoriale,Commune,['Essonne'],['Île-de-France'],COM,{91},{11}
7acf378a-7194-413b-98e7-7efb1318b31a,215800715,Commune de Chevannes-Changy (58),false,{58071},Commune,2026-03-24 14:42:04.280096+01,gold_establishments_2025,,,,21580071500017,2025,Collectivité Territoriale,Commune,['Nièvre'],['Bourgogne-Franche-Comté'],COM,{58},{27}
a611ec82-1f4c-4980-acb3-835578a6e332,210201695,Commune de Chevennes (02),false,{02182},Commune,2026-03-24 14:41:51.447482+01,gold_establishments_2025,,,,21020169500017,2025,Collectivité Territoriale,Commune,['Aisne'],['Hauts-de-France'],COM,{02},{32}
e3dac18f-b4ab-4bc1-bd77-0175af71792b,215800723,Commune de Chevenon (58),false,{58072},Commune,2026-03-24 14:42:04.280096+01,gold_establishments_2025,,,,21580072300011,2025,Collectivité Territoriale,Commune,['Nièvre'],['Bourgogne-Franche-Comté'],COM,{58},{27}
6243b0c3-21ac-4101-9261-eb49490a30a1,217400738,Commune de Chevenoz (74),false,{74073},Commune,2026-03-24 14:42:08.279287+01,gold_establishments_2025,,,,21740073800019,2025,Collectivité Territoriale,Commune,['Haute-Savoie'],['Auvergne-Rhône-Alpes'],COM,{74},{84}
f5b43dae-b966-4a86-8a85-96a07f525c50,214100505,Commune de Cheverny (41),false,{41050},Commune,2026-03-24 14:42:00.273698+01,gold_establishments_2025,,,,21410050500012,2025,Collectivité Territoriale,Commune,['Loir-et-Cher'],['Centre-Val de Loire'],COM,{41},{24}
379d6235-b5c9-4118-8383-3057ce25d767,210801072,Commune de Cheveuges (08),false,{08119},Commune,2026-03-24 14:41:52.562531+01,gold_establishments_2025,,,,21080107200013,2025,Collectivité Territoriale,Commune,['Ardennes'],['Grand Est'],COM,{08},{44}
9c25d9a0-370a-4849-8c24-4d03999992ed,217001510,Commune de Chevigney (70),false,{70151},Commune,2026-03-24 14:42:07.735343+01,gold_establishments_2025,,,,21700151000015,2025,Collectivité Territoriale,Commune,['Haute-Saône'],['Bourgogne-Franche-Comté'],COM,{70},{27}
daf4650c-7a0b-47d8-b460-ff45040b94bf,212501514,Commune de Chevigney-lès-Vercel (25),false,{25151},Commune,2026-03-24 14:41:56.495197+01,gold_establishments_2025,,,,21250151400013,2025,Collectivité Territoriale,Commune,['Doubs'],['Bourgogne-Franche-Comté'],COM,{25},{27}
c20237f3-fa3a-4842-b92b-7ab17fe3c089,212501506,Commune de Chevigney-sur-l'Ognon (25),false,{25150},Commune,2026-03-24 14:41:56.495197+01,gold_establishments_2025,,,,21250150600019,2025,Collectivité Territoriale,Commune,['Doubs'],['Bourgogne-Franche-Comté'],COM,{25},{27}
3f4fd59f-fc82-47ea-9ee1-8682462824df,213901416,Commune de Chevigny (39),false,{39141},Commune,2026-03-24 14:41:59.705606+01,gold_establishments_2025,,,,21390141600015,2025,Collectivité Territoriale,Commune,['Jura'],['Bourgogne-Franche-Comté'],COM,{39},{27}
02aef8d0-787e-4595-8185-d56bdc45ed4b,212101711,Commune de Chevigny-Saint-Sauveur (21),false,{21171},Commune,2026-03-24 14:41:55.433389+01,gold_establishments_2025,,,,21210171100019,2025,Collectivité Territoriale,Commune,"[""Côte-d'Or""]",['Bourgogne-Franche-Comté'],COM,{21},{27}
ba1d45f2-8980-4ae3-8d80-839509708681,212101703,Commune de Chevigny-en-Valière (21),false,{21170},Commune,2026-03-24 14:41:55.433389+01,gold_establishments_2025,,,,21210170300016,2025,Collectivité Territoriale,Commune,"[""Côte-d'Or""]",['Bourgogne-Franche-Comté'],COM,{21},{27}
2d39485d-34b0-4b84-8e6f-c26f01eed55a,210101010,Commune de Chevillard (01),false,{01101},Commune,2026-03-24 14:41:51.447482+01,gold_establishments_2025,,,,21010101000010,2025,Collectivité Territoriale,Commune,['Ain'],['Auvergne-Rhône-Alpes'],COM,{01},{84}
cbc3bd22-703f-4ee4-be50-c99b224e7cf3,215200858,Commune de Chevillon (52),false,{52123},Commune,2026-03-24 14:42:01.954481+01,gold_establishments_2025,,,,21520085800011,2025,Collectivité Territoriale,Commune,['Haute-Marne'],['Grand Est'],COM,{52},{44}
5c1a9574-c159-4c9b-bb94-9f6cfd197cc4,214500928,Commune de Chevillon-sur-Huillard (45),false,{45092},Commune,2026-03-24 14:42:00.862623+01,gold_establishments_2025,,,,21450092800012,2025,Collectivité Territoriale,Commune,['Loiret'],['Centre-Val de Loire'],COM,{45},{24}
499a3198-dd76-4730-beb8-85a30ad266e2,214500936,Commune de Chevilly (45),false,{45093},Commune,2026-03-24 14:42:00.862623+01,gold_establishments_2025,,,,21450093600015,2025,Collectivité Territoriale,Commune,['Loiret'],['Centre-Val de Loire'],COM,{45},{24}
65b50f18-4218-4bef-93ff-d29ac393b602,219400215,Commune de Chevilly-Larue (94),false,{94021},Commune,2026-03-24 14:42:11.659493+01,gold_establishments_2025,,,,21940021500014,2025,Collectivité Territoriale,Commune,['Val-de-Marne'],['Île-de-France'],COM,{94},{11}
33df7e4f-5fb6-4264-ad41-d7fdd2ed336e,217200831,Commune de Chevillé (72),false,{72083},Commune,2026-03-24 14:42:08.279287+01,gold_establishments_2025,,,,21720083100014,2025,Collectivité Territoriale,Commune,['Sarthe'],['Pays de la Loire'],COM,{72},{52}
1cf344b4-c566-4a71-b03f-784b25978a3c,216900571,Commune de Chevinay (69),false,{69057},Commune,2026-03-24 14:42:07.195692+01,gold_establishments_2025,,,,21690057100011,2025,Collectivité Territoriale,Commune,['Rhône'],['Auvergne-Rhône-Alpes'],COM,{69},{84}
21b5fce8-ac92-4ef5-81c1-ba77a8f2d532,216001461,Commune de Chevincourt (60),false,{60147},Commune,2026-03-24 14:42:04.814328+01,gold_establishments_2025,,,,21600146100013,2025,Collectivité Territoriale,Commune,['Oise'],['Hauts-de-France'],COM,{60},{32}
12a92ed5-42c2-46eb-8f68-0727adb846e7,210801080,Commune de Chevières (08),false,{08120},Commune,2026-03-24 14:41:52.562531+01,gold_establishments_2025,,,,21080108000016,2025,Collectivité Territoriale,Commune,['Ardennes'],['Grand Est'],COM,{08},{44}
d4d8491f-ad6a-4701-ad00-7d0dc5ad4a0c,217701127,Commune de Chevrainvilliers (77),false,{77112},Commune,2026-03-24 14:42:08.818969+01,gold_establishments_2025,,,,21770112700011,2025,Collectivité Territoriale,Commune,['Seine-et-Marne'],['Île-de-France'],COM,{77},{11}
3bbf811c-7f1c-4f4d-be6b-2d295cb332fe,213901424,Commune de Chevreaux (39),false,{39142},Commune,2026-03-24 14:41:59.705606+01,gold_establishments_2025,,,,21390142400019,2025,Collectivité Territoriale,Commune,['Jura'],['Bourgogne-Franche-Comté'],COM,{39},{27}
b0071f23-5482-4833-9cff-ade285a79187,210201703,Commune de Chevregny (02),false,{02183},Commune,2026-03-24 14:41:51.447482+01,gold_establishments_2025,,,,21020170300019,2025,Collectivité Territoriale,Commune,['Aisne'],['Hauts-de-France'],COM,{02},{32}
28562719-34a9-4c2b-a923-ac614a23e471,210201711,Commune de Chevresis-Monceau (02),false,{02184},Commune,2026-03-24 14:41:51.447482+01,gold_establishments_2025,,,,21020171100012,2025,Collectivité Territoriale,Commune,['Aisne'],['Hauts-de-France'],COM,{02},{32}
d71ac911-e93a-4eef-baac-3079f48fa0b7,217801604,Commune de Chevreuse (78),false,{78160},Commune,2026-03-24 14:42:09.43682+01,gold_establishments_2025,,,,21780160400018,2025,Collectivité Territoriale,Commune,['Yvelines'],['Île-de-France'],COM,{78},{11}
2c56c2e6-f921-4390-a08c-b8032f808df5,217400746,Commune de Chevrier (74),false,{74074},Commune,2026-03-24 14:42:08.279287+01,gold_establishments_2025,,,,21740074600012,2025,Collectivité Territoriale,Commune,['Haute-Savoie'],['Auvergne-Rhône-Alpes'],COM,{74},{84}
c9ccb17b-a180-4aec-a60c-35e50619e691,213800998,Commune de Chevrières (38),false,{38099},Commune,2026-03-24 14:41:59.160244+01,gold_establishments_2025,,,,21380099800014,2025,Collectivité Territoriale,Commune,['Isère'],['Auvergne-Rhône-Alpes'],COM,{38},{84}
8d9bfe33-36c2-4014-a842-d68b46b43bb2,214200628,Commune de Chevrières (42),false,{42062},Commune,2026-03-24 14:42:00.273698+01,gold_establishments_2025,,,,21420062800011,2025,Collectivité Territoriale,Commune,['Loire'],['Auvergne-Rhône-Alpes'],COM,{42},{84}
538f0b79-6cb1-4e0f-ae16-477ca3045a53,216001487,Commune de Chevrières (60),false,{60149},Commune,2026-03-24 14:42:04.814328+01,gold_establishments_2025,,,,21600148700018,2025,Collectivité Territoriale,Commune,['Oise'],['Hauts-de-France'],COM,{60},{32}
e67718ca-9386-4113-acc0-3ea309bd6004,215800731,Commune de Chevroches (58),false,{58073},Commune,2026-03-24 14:42:04.280096+01,gold_establishments_2025,,,,21580073100014,2025,Collectivité Territoriale,Commune,['Nièvre'],['Bourgogne-Franche-Comté'],COM,{58},{27}
25b516de-2c46-43db-ba5e-fd99afff4fbe,213901432,Commune de Chevrotaine (39),false,{39143},Commune,2026-03-24 14:41:59.705606+01,gold_establishments_2025,,,,21390143200012,2025,Collectivité Territoriale,Commune,['Jura'],['Bourgogne-Franche-Comté'],COM,{39},{27}
b3fd559c-f695-424f-ba77-a5e41c2a01f3,210101028,Commune de Chevroux (01),false,{01102},Commune,2026-03-24 14:41:51.447482+01,gold_establishments_2025,,,,21010102800012,2025,Collectivité Territoriale,Commune,['Ain'],['Auvergne-Rhône-Alpes'],COM,{01},{84}
46b44674-ce0c-4f26-ad27-42c877f10a90,212501530,Commune de Chevroz (25),false,{25153},Commune,2026-03-24 14:41:56.495197+01,gold_establishments_2025,,,,21250153000019,2025,Collectivité Territoriale,Commune,['Doubs'],['Bourgogne-Franche-Comté'],COM,{25},{27}
edeebd1c-0f08-49fa-8b79-8d9304278276,217701135,Commune de Chevru (77),false,{77113},Commune,2026-03-24 14:42:08.818969+01,gold_establishments_2025,,,,21770113500014,2025,Collectivité Territoriale,Commune,['Seine-et-Marne'],['Île-de-France'],COM,{77},{11}
505e7283-8733-458a-b7a5-f6a8b94903af,210101036,Commune de Chevry (01),false,{01103},Commune,2026-03-24 14:41:51.447482+01,gold_establishments_2025,,,,21010103600056,2025,Collectivité Territoriale,Commune,['Ain'],['Auvergne-Rhône-Alpes'],COM,{01},{84}
17bb57d5-153c-4101-ab4b-b2e71ce6c73f,217701143,Commune de Chevry-Cossigny (77),false,{77114},Commune,2026-03-24 14:42:08.818969+01,gold_establishments_2025,,,,21770114300018,2025,Collectivité Territoriale,Commune,['Seine-et-Marne'],['Île-de-France'],COM,{77},{11}
2eea70f7-0031-40bc-9d29-325aeae2e4c7,217701150,Commune de Chevry-en-Sereine (77),false,{77115},Commune,2026-03-24 14:42:08.818969+01,gold_establishments_2025,,,,21770115000013,2025,Collectivité Territoriale,Commune,['Seine-et-Marne'],['Île-de-France'],COM,{77},{11}
1de8ec20-3b39-4d0d-bdaa-02672389b826,214500944,Commune de Chevry-sous-le-Bignon (45),false,{45094},Commune,2026-03-24 14:42:00.862623+01,gold_establishments_2025,,,,21450094400019,2025,Collectivité Territoriale,Commune,['Loiret'],['Centre-Val de Loire'],COM,{45},{24}
9920b1e7-3812-4faa-a28c-72aee04ae167,217900877,Commune de Chey (79),false,{79087},Commune,2026-03-24 14:42:09.43682+01,gold_establishments_2025,,,,21790087700010,2025,Collectivité Territoriale,Commune,['Deux-Sèvres'],['Nouvelle-Aquitaine'],COM,{79},{75}
1b1f691d-529f-4081-8de0-7c257558f4b1,211500491,Commune de Cheylade (15),false,{15049},Commune,2026-03-24 14:41:54.362296+01,gold_establishments_2025,,,,21150049100017,2025,Collectivité Territoriale,Commune,['Cantal'],['Auvergne-Rhône-Alpes'],COM,{15},{84}
8d637a51-f6a2-423b-a8d4-bd11c04af97d,214800484,Commune de Cheylard-l'Évêque (48),false,{48048},Commune,2026-03-24 14:42:01.412377+01,gold_establishments_2025,,,,21480048400013,2025,Collectivité Territoriale,Commune,['Lozère'],['Occitanie'],COM,{48},{76}
bb4864cc-0442-4f6f-81fe-ef34204fd206,213801012,Commune de Cheyssieu (38),false,{38101},Commune,2026-03-24 14:41:59.160244+01,gold_establishments_2025,,,,21380101200013,2025,Collectivité Territoriale,Commune,['Isère'],['Auvergne-Rhône-Alpes'],COM,{38},{84}
f1e0a7ed-2eb4-4d7d-b0ef-4d88761dbfa7,211800651,Commune de Chezal-Benoît (18),false,{18065},Commune,2026-03-24 14:41:54.903238+01,gold_establishments_2025,,,,21180065100013,2025,Collectivité Territoriale,Commune,['Cher'],['Centre-Val de Loire'],COM,{18},{24}
3c89e172-4814-4368-9b8d-b19c6d677b5d,210300752,Commune de Chezelle (03),false,{03075},Commune,2026-03-24 14:41:52.020251+01,gold_establishments_2025,,,,21030075200016,2025,Collectivité Territoriale,Commune,['Allier'],['Auvergne-Rhône-Alpes'],COM,{03},{84}
51431602-1400-4402-a606-cea3a44a9285,213600505,Commune de Chezelles (36),false,{36050},Commune,2026-03-24 14:41:59.160244+01,gold_establishments_2025,,,,21360050500019,2025,Collectivité Territoriale,Commune,['Indre'],['Centre-Val de Loire'],COM,{36},{24}
4223fe8a-f8a2-4831-8108-d44acfd6c667,213700719,Commune de Chezelles (37),false,{37071},Commune,2026-03-24 14:41:59.160244+01,gold_establishments_2025,,,,21370071900015,2025,Collectivité Territoriale,Commune,['Indre-et-Loire'],['Centre-Val de Loire'],COM,{37},{24}
4beddc72-a3ea-47a2-b368-2e8353ed7d88,212000889,Commune de Chiatra (2B),false,{2B088},Commune,2026-03-24 14:41:57.56054+01,gold_establishments_2025,,,,21200088900015,2025,Collectivité Territoriale,Commune,['Haute-Corse'],['Corse'],COM,{2B},{94}
f7cf1762-7ea4-48da-9ae3-c78c45003466,218901056,Commune de Chichery (89),false,{89105},Commune,2026-03-24 14:42:11.118516+01,gold_establishments_2025,,,,21890105600018,2025,Collectivité Territoriale,Commune,['Yonne'],['Bourgogne-Franche-Comté'],COM,{89},{27}
5e9e9eef-4569-46bd-b609-12a6434bf4be,215101411,Commune de Chichey (51),false,{51151},Commune,2026-03-24 14:42:01.954481+01,gold_establishments_2025,,,,21510141100019,2025,Collectivité Territoriale,Commune,['Marne'],['Grand Est'],COM,{51},{44}
39084cf6-f058-4a48-9840-cabc99cd03c8,213801038,Commune de Chichilianne (38),false,{38103},Commune,2026-03-24 14:41:59.160244+01,gold_establishments_2025,,,,21380103800018,2025,Collectivité Territoriale,Commune,['Isère'],['Auvergne-Rhône-Alpes'],COM,{38},{84}
9a0202da-ccf3-41c4-b24d-6575b1a7a17f,217900885,Commune de Chiché (79),false,{79088},Commune,2026-03-24 14:42:09.43682+01,gold_establishments_2025,,,,21790088500013,2025,Collectivité Territoriale,Commune,['Deux-Sèvres'],['Nouvelle-Aquitaine'],COM,{79},{75}
0b1a881e-9420-45da-9870-c4c7defd2390,218901049,Commune de Chichée (89),false,{89104},Commune,2026-03-24 14:42:11.118516+01,gold_establishments_2025,,,,21890104900013,2025,Collectivité Territoriale,Commune,['Yonne'],['Bourgogne-Franche-Comté'],COM,{89},{27}
18508c91-0148-4044-9cb6-8bc3d53441bd,200008753,Commune de Chiconi (976),false,{97605},Commune,2026-03-24 14:42:11.659493+01,gold_establishments_2025,,,,20000875300010,2025,Collectivité Territoriale,Commune,['Mayotte'],['Mayotte'],COM,{976},{06}
2f398204-5e9f-49bd-8e2e-d52912e5ab9d,215701418,Commune de Chicourt (57),false,{57141},Commune,2026-03-24 14:42:03.701372+01,gold_establishments_2025,,,,21570141800018,2025,Collectivité Territoriale,Commune,['Moselle'],['Grand Est'],COM,{57},{44}
ae3f3bec-b79a-4a4d-aaf8-da02b1d8e32a,215800749,Commune de Chiddes (58),false,{58074},Commune,2026-03-24 14:42:04.280096+01,gold_establishments_2025,,,,21580074900016,2025,Collectivité Territoriale,Commune,['Nièvre'],['Bourgogne-Franche-Comté'],COM,{58},{27}
f256eefe-b8aa-40d4-932f-a4fb98ef5650,217101286,Commune de Chiddes (71),false,{71128},Commune,2026-03-24 14:42:07.735343+01,gold_establishments_2025,,,,21710128600011,2025,Collectivité Territoriale,Commune,['Saône-et-Loire'],['Bourgogne-Franche-Comté'],COM,{71},{27}
8bef39f1-54ce-46ef-b08e-2f13c3eaf535,210201745,Commune de Chierry (02),false,{02187},Commune,2026-03-24 14:41:51.447482+01,gold_establishments_2025,,,,21020174500010,2025,Collectivité Territoriale,Commune,['Aisne'],['Hauts-de-France'],COM,{02},{32}
e4cbe358-c6d2-46e2-9a25-2b503c1b0bd7,215701426,Commune de Chieulles (57),false,{57142},Commune,2026-03-24 14:42:03.701372+01,gold_establishments_2025,,,,21570142600011,2025,Collectivité Territoriale,Commune,['Moselle'],['Grand Est'],COM,{57},{44}
26e9f86c-a7da-464a-be17-9d78c5b5663b,217300847,Commune de Chignin (73),false,{73084},Commune,2026-03-24 14:42:08.279287+01,gold_establishments_2025,,,,21730084700019,2025,Collectivité Territoriale,Commune,['Savoie'],['Auvergne-Rhône-Alpes'],COM,{73},{84}
1e97b0ef-0335-4cfe-b418-4d97aaa3b64c,210201752,Commune de Chigny (02),false,{02188},Commune,2026-03-24 14:41:51.447482+01,gold_establishments_2025,,,,21020175200016,2025,Collectivité Territoriale,Commune,['Aisne'],['Hauts-de-France'],COM,{02},{32}
41b7250b-d60c-45c7-963b-1de9a6f3de88,215101429,Commune de Chigny-les-Roses (51),false,{51152},Commune,2026-03-24 14:42:01.954481+01,gold_establishments_2025,,,,21510142900011,2025,Collectivité Territoriale,Commune,['Marne'],['Grand Est'],COM,{51},{44}
d913f924-1b0e-4eab-bedd-b48d86626497,214300709,Commune de Chilhac (43),false,{43070},Commune,2026-03-24 14:42:00.273698+01,gold_establishments_2025,,,,21430070900018,2025,Collectivité Territoriale,Commune,['Haute-Loire'],['Auvergne-Rhône-Alpes'],COM,{43},{84}
2ad95a14-5776-46a6-a4ca-0bdb145cac25,211600994,Commune de Chillac (16),false,{16099},Commune,2026-03-24 14:41:54.362296+01,gold_establishments_2025,,,,21160099400019,2025,Collectivité Territoriale,Commune,['Charente'],['Nouvelle-Aquitaine'],COM,{16},{75}
86903937-4acd-4b66-8df4-106c5eaf0bd7,213901457,Commune de Chille (39),false,{39145},Commune,2026-03-24 14:41:59.705606+01,gold_establishments_2025,,,,21390145700019,2025,Collectivité Territoriale,Commune,['Jura'],['Bourgogne-Franche-Comté'],COM,{39},{27}
030d3fc0-4705-43d5-a700-30b581a9ff27,214500951,Commune de Chilleurs-aux-Bois (45),false,{45095},Commune,2026-03-24 14:42:00.862623+01,gold_establishments_2025,,,,21450095100014,2025,Collectivité Territoriale,Commune,['Loiret'],['Centre-Val de Loire'],COM,{45},{24}
32f0ac96-e3a5-4e42-8873-d903c954f2cd,210801098,Commune de Chilly (08),false,{08121},Commune,2026-03-24 14:41:52.562531+01,gold_establishments_2025,,,,21080109800018,2025,Collectivité Territoriale,Commune,['Ardennes'],['Grand Est'],COM,{08},{44}
311a601e-ebc2-4b5d-b1d9-3eea86e6ab28,217400753,Commune de Chilly (74),false,{74075},Commune,2026-03-24 14:42:08.279287+01,gold_establishments_2025,,,,21740075300018,2025,Collectivité Territoriale,Commune,['Haute-Savoie'],['Auvergne-Rhône-Alpes'],COM,{74},{84}
4b5eaa40-8a86-4b45-95a6-2780fb8434f0,218001832,Commune de Chilly (80),false,{80191},Commune,2026-03-24 14:42:09.967209+01,gold_establishments_2025,,,,21800183200011,2025,Collectivité Territoriale,Commune,['Somme'],['Hauts-de-France'],COM,{80},{32}
f14f03d7-2905-43f9-ac2e-10ac69f7f5a0,219101615,Commune de Chilly-Mazarin (91),false,{91161},Commune,2026-03-24 14:42:11.659493+01,gold_establishments_2025,,,,21910161500017,2025,Collectivité Territoriale,Commune,['Essonne'],['Île-de-France'],COM,{91},{11}
7dc335d5-dc83-4eff-873f-87ad68372e17,213901465,Commune de Chilly-le-Vignoble (39),false,{39146},Commune,2026-03-24 14:41:59.705606+01,gold_establishments_2025,,,,21390146500046,2025,Collectivité Territoriale,Commune,['Jura'],['Bourgogne-Franche-Comté'],COM,{39},{27}
bc06c5ea-be09-4e1e-bdc0-a84d7ee8c6ca,213901473,Commune de Chilly-sur-Salins (39),false,{39147},Commune,2026-03-24 14:41:59.705606+01,gold_establishments_2025,,,,21390147300016,2025,Collectivité Territoriale,Commune,['Jura'],['Bourgogne-Franche-Comté'],COM,{39},{27}
6c51f0d6-1acd-43a1-9c62-b7b30db40637,213801046,Commune de Chimilin (38),false,{38104},Commune,2026-03-24 14:41:59.160244+01,gold_establishments_2025,,,,21380104600011,2025,Collectivité Territoriale,Commune,['Isère'],['Auvergne-Rhône-Alpes'],COM,{38},{84}
af007df9-7ae6-4280-a0b8-3f3ed51de174,217300854,Commune de Chindrieux (73),false,{73085},Commune,2026-03-24 14:42:08.279287+01,gold_establishments_2025,,,,21730085400015,2025,Collectivité Territoriale,Commune,['Savoie'],['Auvergne-Rhône-Alpes'],COM,{73},{84}
fcbc20e2-375e-4ae8-9e7c-e90c98a8243d,213700727,Commune de Chinon (37),false,{37072},Commune,2026-03-24 14:41:59.160244+01,gold_establishments_2025,,,,21370072700018,2025,Collectivité Territoriale,Commune,['Indre-et-Loire'],['Centre-Val de Loire'],COM,{37},{24}
24281868-f348-4870-be66-6bc025f11502,218001840,Commune de Chipilly (80),false,{80192},Commune,2026-03-24 14:42:09.967209+01,gold_establishments_2025,,,,21800184000014,2025,Collectivité Territoriale,Commune,['Somme'],['Hauts-de-France'],COM,{80},{32}
ad517644-91a0-4959-b8c0-deae9b3ed9b6,211601000,Commune de Chirac (16),false,{16100},Commune,2026-03-24 14:41:54.362296+01,gold_establishments_2025,,,,21160100000014,2025,Collectivité Territoriale,Commune,['Charente'],['Nouvelle-Aquitaine'],COM,{16},{75}
b76943d2-4517-42d7-9b8d-5ace2318473a,211905500,Commune de Chirac-Bellevue (19),false,{19055},Commune,2026-03-24 14:41:54.903238+01,gold_establishments_2025,,,,21190550000016,2025,Collectivité Territoriale,Commune,['Corrèze'],['Nouvelle-Aquitaine'],COM,{19},{75}
1d12acd4-10ca-4c51-aeee-f4a1c2fa4640,214200636,Commune de Chirassimont (42),false,{42063},Commune,2026-03-24 14:42:00.273698+01,gold_establishments_2025,,,,21420063600014,2025,Collectivité Territoriale,Commune,['Loire'],['Auvergne-Rhône-Alpes'],COM,{42},{84}
7f544fdb-4981-4483-b6f0-3682e3f466cc,210300778,Commune de Chirat-l'Église (03),false,{03077},Commune,2026-03-24 14:41:52.020251+01,gold_establishments_2025,,,,21030077800011,2025,Collectivité Territoriale,Commune,['Allier'],['Auvergne-Rhône-Alpes'],COM,{03},{84}
82038025-1bf0-4e50-aec1-d79c26763bb2,213801053,Commune de Chirens (38),false,{38105},Commune,2026-03-24 14:41:59.160244+01,gold_establishments_2025,,,,21380105300017,2025,Collectivité Territoriale,Commune,['Isère'],['Auvergne-Rhône-Alpes'],COM,{38},{84}
4e8de39c-3d77-4540-a76f-51030dde511d,218001857,Commune de Chirmont (80),false,{80193},Commune,2026-03-24 14:42:09.967209+01,gold_establishments_2025,,,,21800185700018,2025,Collectivité Territoriale,Commune,['Somme'],['Hauts-de-France'],COM,{80},{32}
ee85274c-be1d-4681-9181-ecbdfd8831d7,210700654,Commune de Chirols (07),false,{07065},Commune,2026-03-24 14:41:52.562531+01,gold_establishments_2025,,,,21070065400010,2025,Collectivité Territoriale,Commune,['Ardèche'],['Auvergne-Rhône-Alpes'],COM,{07},{84}
79d3a7c2-ac90-44a3-af1e-1a3c1cd5c887,200008779,Commune de Chirongui (976),false,{97606},Commune,2026-03-24 14:42:11.659493+01,gold_establishments_2025,,,,20000877900015,2025,Collectivité Territoriale,Commune,['Mayotte'],['Mayotte'],COM,{976},{06}
fe8fdd1c-e637-43f3-8cc9-ed7131c74304,216900589,Commune de Chiroubles (69),false,{69058},Commune,2026-03-24 14:42:07.195692+01,gold_establishments_2025,,,,21690058900013,2025,Collectivité Territoriale,Commune,['Rhône'],['Auvergne-Rhône-Alpes'],COM,{69},{84}
501e58f5-f0bb-43ca-9b94-ada47c735d1b,216001495,Commune de Chiry-Ourscamp (60),false,{60150},Commune,2026-03-24 14:42:04.814328+01,gold_establishments_2025,,,,21600149500011,2025,Collectivité Territoriale,Commune,['Oise'],['Hauts-de-France'],COM,{60},{32}
dd781ead-27ea-4af6-9fa8-efbf0047d7fe,218600740,Commune de Chiré-en-Montreuil (86),false,{86074},Commune,2026-03-24 14:42:10.508772+01,gold_establishments_2025,,,,21860074000011,2025,Collectivité Territoriale,Commune,['Vienne'],['Nouvelle-Aquitaine'],COM,{86},{75}
0091aa56-3ada-47b4-a87b-b99fb80b991b,216501460,Commune de Chis (65),false,{65146},Commune,2026-03-24 14:42:06.665412+01,gold_establishments_2025,,,,21650146000010,2025,Collectivité Territoriale,Commune,['Hautes-Pyrénées'],['Occitanie'],COM,{65},{76}
e3a5ae16-54c3-44c5-b096-2edf34ee5708,212003669,Commune de Chisa (2B),false,{2B366},Commune,2026-03-24 14:41:57.56054+01,gold_establishments_2025,,,,21200366900018,2025,Collectivité Territoriale,Commune,['Haute-Corse'],['Corse'],COM,{2B},{94}
e165ad38-071a-4f31-ac0b-9f30c1aae6aa,214100513,Commune de Chissay-en-Touraine (41),false,{41051},Commune,2026-03-24 14:42:00.273698+01,gold_establishments_2025,,,,21410051300016,2025,Collectivité Territoriale,Commune,['Loir-et-Cher'],['Centre-Val de Loire'],COM,{41},{24}
478bfcbf-60c6-420e-9d05-8071dbea8e54,213700735,Commune de Chisseaux (37),false,{37073},Commune,2026-03-24 14:41:59.160244+01,gold_establishments_2025,,,,21370073500011,2025,Collectivité Territoriale,Commune,['Indre-et-Loire'],['Centre-Val de Loire'],COM,{37},{24}
612d3893-c0ae-4d69-956d-00c3b3940e38,217101294,Commune de Chissey-en-Morvan (71),false,{71129},Commune,2026-03-24 14:42:07.735343+01,gold_establishments_2025,,,,21710129400015,2025,Collectivité Territoriale,Commune,['Saône-et-Loire'],['Bourgogne-Franche-Comté'],COM,{71},{27}
ebee3300-8a21-4a45-be0f-2dd8acba0bc8,217101302,Commune de Chissey-lès-Mâcon (71),false,{71130},Commune,2026-03-24 14:42:07.735343+01,gold_establishments_2025,,,,21710130200016,2025,Collectivité Territoriale,Commune,['Saône-et-Loire'],['Bourgogne-Franche-Comté'],COM,{71},{27}
672c155f-b763-41fa-982b-e48e3910e23b,213901499,Commune de Chissey-sur-Loue (39),false,{39149},Commune,2026-03-24 14:41:59.705606+01,gold_establishments_2025,,,,21390149900011,2025,Collectivité Territoriale,Commune,['Jura'],['Bourgogne-Franche-Comté'],COM,{39},{27}
2b60723d-9733-4d24-9003-b097a0cbc7f8,214100521,Commune de Chitenay (41),false,{41052},Commune,2026-03-24 14:42:00.273698+01,gold_establishments_2025,,,,21410052100019,2025,Collectivité Territoriale,Commune,['Loir-et-Cher'],['Centre-Val de Loire'],COM,{41},{24}
a10fbecb-2002-4b42-a389-25dc2c607318,213600513,Commune de Chitray (36),false,{36051},Commune,2026-03-24 14:41:59.160244+01,gold_establishments_2025,,,,21360051300013,2025,Collectivité Territoriale,Commune,['Indre'],['Centre-Val de Loire'],COM,{36},{24}
b51e4dc1-cfc7-4e3b-910a-34f2d3dc024d,218901080,Commune de Chitry (89),false,{89108},Commune,2026-03-24 14:42:11.118516+01,gold_establishments_2025,,,,21890108000018,2025,Collectivité Territoriale,Commune,['Yonne'],['Bourgogne-Franche-Comté'],COM,{89},{27}
eb489761-9ef6-4cad-8304-941ad0d96ef5,215800756,Commune de Chitry-les-Mines (58),false,{58075},Commune,2026-03-24 14:42:04.280096+01,gold_establishments_2025,,,,21580075600011,2025,Collectivité Territoriale,Commune,['Nièvre'],['Bourgogne-Franche-Comté'],COM,{58},{27}
7d1ad520-2769-4462-a630-607d4063af9e,211701057,Commune de Chives (17),false,{17105},Commune,2026-03-24 14:41:54.903238+01,gold_establishments_2025,,,,21170105700013,2025,Collectivité Territoriale,Commune,['Charente-Maritime'],['Nouvelle-Aquitaine'],COM,{17},{75}
4681f3d8-52cb-40eb-9a8d-347fa143739e,212101729,Commune de Chivres (21),false,{21172},Commune,2026-03-24 14:41:55.433389+01,gold_establishments_2025,,,,21210172900011,2025,Collectivité Territoriale,Commune,"[""Côte-d'Or""]",['Bourgogne-Franche-Comté'],COM,{21},{27}
0d4bee95-9f3a-4086-bdbe-d1e5fa8f05f9,210201778,Commune de Chivres-Val (02),false,{02190},Commune,2026-03-24 14:41:51.447482+01,gold_establishments_2025,,,,21020177800011,2025,Collectivité Territoriale,Commune,['Aisne'],['Hauts-de-France'],COM,{02},{32}
3e849eb3-253a-4f14-8ac1-fe0e386d1eb9,210201760,Commune de Chivres-en-Laonnois (02),false,{02189},Commune,2026-03-24 14:41:51.447482+01,gold_establishments_2025,,,,21020176000019,2025,Collectivité Territoriale,Commune,['Aisne'],['Hauts-de-France'],COM,{02},{32}
533a6c43-41af-48e5-a04e-06489950b364,210201786,Commune de Chivy-lès-Étouvelles (02),false,{02191},Commune,2026-03-24 14:41:51.447482+01,gold_establishments_2025,,,,21020178600014,2025,Collectivité Territoriale,Commune,['Aisne'],['Hauts-de-France'],COM,{02},{32}
9322d7f1-6a24-4110-872a-306907b40c15,217900901,Commune de Chizé (79),false,{79090},Commune,2026-03-24 14:42:09.43682+01,gold_establishments_2025,,,,21790090100018,2025,Collectivité Territoriale,Commune,['Deux-Sèvres'],['Nouvelle-Aquitaine'],COM,{79},{75}
e3c05a89-4731-4975-86f1-877010b80358,216202242,Commune de Chocques (62),false,{62224},Commune,2026-03-24 14:42:05.597325+01,gold_establishments_2025,,,,21620224200014,2025,Collectivité Territoriale,Commune,['Pas-de-Calais'],['Hauts-de-France'],COM,{62},{32}
21ce9f3e-73a6-484c-8232-d374af401a1a,215200874,Commune de Choilley-Dardenay (52),false,{52126},Commune,2026-03-24 14:42:01.954481+01,gold_establishments_2025,,,,21520087400018,2025,Collectivité Territoriale,Commune,['Haute-Marne'],['Grand Est'],COM,{52},{44}
14ac7506-6425-4847-bec6-caeaba0f3649,217801620,Commune de Choisel (78),false,{78162},Commune,2026-03-24 14:42:09.43682+01,gold_establishments_2025,,,,21780162000014,2025,Collectivité Territoriale,Commune,['Yvelines'],['Île-de-France'],COM,{78},{11}
9846a79e-6b55-4bdb-9a78-5c90aabfc210,215200882,Commune de Choiseul (52),false,{52127},Commune,2026-03-24 14:42:01.954481+01,gold_establishments_2025,,,,21520088200011,2025,Collectivité Territoriale,Commune,['Haute-Marne'],['Grand Est'],COM,{52},{44}
316d8a61-cfb8-4425-ac74-7b57cf67fac7,213901507,Commune de Choisey (39),false,{39150},Commune,2026-03-24 14:41:59.705606+01,gold_establishments_2025,,,,21390150700011,2025,Collectivité Territoriale,Commune,['Jura'],['Bourgogne-Franche-Comté'],COM,{39},{27}
df84dedf-f24e-4a63-a72a-765c606162a3,215901471,Commune de Choisies (59),false,{59147},Commune,2026-03-24 14:42:04.280096+01,gold_establishments_2025,,,,21590147100015,2025,Collectivité Territoriale,Commune,['Nord'],['Hauts-de-France'],COM,{59},{32}
433c7e8f-30e3-40e7-8b46-6ef38941bc77,217400761,Commune de Choisy (74),false,{74076},Commune,2026-03-24 14:42:08.279287+01,gold_establishments_2025,,,,21740076100011,2025,Collectivité Territoriale,Commune,['Haute-Savoie'],['Auvergne-Rhône-Alpes'],COM,{74},{84}
28ad7bb6-185a-4c5c-ba27-8cc14b991c17,216001503,Commune de Choisy-au-Bac (60),false,{60151},Commune,2026-03-24 14:42:04.814328+01,gold_establishments_2025,,,,21600150300012,2025,Collectivité Territoriale,Commune,['Oise'],['Hauts-de-France'],COM,{60},{32}
c27bab10-a56f-4d70-b8f4-584b67a57f61,217701168,Commune de Choisy-en-Brie (77),false,{77116},Commune,2026-03-24 14:42:08.818969+01,gold_establishments_2025,,,,21770116800015,2025,Collectivité Territoriale,Commune,['Seine-et-Marne'],['Île-de-France'],COM,{77},{11}
b54a9f95-73f4-47c9-819a-da9142bb3b4f,216001511,Commune de Choisy-la-Victoire (60),false,{60152},Commune,2026-03-24 14:42:04.814328+01,gold_establishments_2025,,,,21600151100015,2025,Collectivité Territoriale,Commune,['Oise'],['Hauts-de-France'],COM,{60},{32}
8b63b544-bf34-414b-a048-2d606bccd9e3,219400223,Commune de Choisy-le-Roi (94),false,{94022},Commune,2026-03-24 14:42:11.659493+01,gold_establishments_2025,,,,21940022300018,2025,Collectivité Territoriale,Commune,['Val-de-Marne'],['Île-de-France'],COM,{94},{11}
786eb6be-c6e8-4bbe-a7f5-1a66e687d444,214900995,Commune de Cholet (49),false,{49099},Commune,2026-03-24 14:42:01.412377+01,gold_establishments_2025,,,,21490099500017,2025,Collectivité Territoriale,Commune,['Maine-et-Loire'],['Pays de la Loire'],COM,{49},{52}
39a69069-1778-4214-81b9-42639f907e40,213801061,Commune de Cholonge (38),false,{38106},Commune,2026-03-24 14:41:59.160244+01,gold_establishments_2025,,,,21380106100010,2025,Collectivité Territoriale,Commune,['Isère'],['Auvergne-Rhône-Alpes'],COM,{38},{84}
b30b3470-c5e5-483e-9bb2-b757a3b0bd87,215401282,Commune de Choloy-Ménillot (54),false,{54128},Commune,2026-03-24 14:42:02.957225+01,gold_establishments_2025,,,,21540128200011,2025,Collectivité Territoriale,Commune,['Meurthe-et-Moselle'],['Grand Est'],COM,{54},{44}
89fcf656-8b72-4803-af20-05bbcfeb0304,214300717,Commune de Chomelix (43),false,{43071},Commune,2026-03-24 14:42:00.273698+01,gold_establishments_2025,,,,21430071700011,2025,Collectivité Territoriale,Commune,['Haute-Loire'],['Auvergne-Rhône-Alpes'],COM,{43},{84}
c161e73e-eeb8-4947-9e29-27c1f72c664b,210700662,Commune de Chomérac (07),false,{07066},Commune,2026-03-24 14:41:52.562531+01,gold_establishments_2025,,,,21070066200013,2025,Collectivité Territoriale,Commune,['Ardèche'],['Auvergne-Rhône-Alpes'],COM,{07},{84}
67ef8c5d-c1a9-4586-ad1c-78e61fadfe90,213801079,Commune de Chonas-l'Amballan (38),false,{38107},Commune,2026-03-24 14:41:59.160244+01,gold_establishments_2025,,,,21380107900012,2025,Collectivité Territoriale,Commune,['Isère'],['Auvergne-Rhône-Alpes'],COM,{38},{84}
6eee1369-d731-4bc3-9dbe-15ea4a95de43,215501149,Commune de Chonville-Malaumont (55),false,{55114},Commune,2026-03-24 14:42:02.957225+01,gold_establishments_2025,,,,21550114900011,2025,Collectivité Territoriale,Commune,['Meuse'],['Grand Est'],COM,{55},{44}
5f4c9b59-3821-46c2-b153-d51b9dd20df7,210801106,Commune de Chooz (08),false,{08122},Commune,2026-03-24 14:41:52.562531+01,gold_establishments_2025,,,,21080110600019,2025,Collectivité Territoriale,Commune,['Ardennes'],['Grand Est'],COM,{08},{44}
19776bae-c59e-4589-805a-f843778b58e4,216001529,Commune de Choqueuse-les-Bénards (60),false,{60153},Commune,2026-03-24 14:42:04.814328+01,gold_establishments_2025,,,,21600152900017,2025,Collectivité Territoriale,Commune,['Oise'],['Hauts-de-France'],COM,{60},{32}
9212002c-4793-4827-810a-2fc345387584,213801087,Commune de Choranche (38),false,{38108},Commune,2026-03-24 14:41:59.160244+01,gold_establishments_2025,,,,21380108700015,2025,Collectivité Territoriale,Commune,['Isère'],['Auvergne-Rhône-Alpes'],COM,{38},{84}
419df7e2-0a97-4892-854a-84de20c49e36,212101737,Commune de Chorey-les-Beaune (21),false,{21173},Commune,2026-03-24 14:41:55.433389+01,gold_establishments_2025,,,,21210173700014,2025,Collectivité Territoriale,Commune,"[""Côte-d'Or""]",['Bourgogne-Franche-Comté'],COM,{21},{27}
1b867c57-7bda-42bb-b449-27550e8d878f,210500401,Commune de Chorges (05),false,{05040},Commune,2026-03-24 14:41:52.562531+01,gold_establishments_2025,,,,21050040100018,2025,Collectivité Territoriale,Commune,['Hautes-Alpes'],"[""Provence-Alpes-Côte d'Azur""]",COM,{05},{93}
2f56717c-5c44-4456-91be-7448d8066182,211401591,Commune de Chouain (14),false,{14159},Commune,2026-03-24 14:41:53.63825+01,gold_establishments_2025,,,,21140159100014,2025,Collectivité Territoriale,Commune,['Calvados'],['Normandie'],COM,{14},{28}
dc0be384-ea0d-4eb0-a8c1-8d8aba67c3e4,213600521,Commune de Chouday (36),false,{36052},Commune,2026-03-24 14:41:59.160244+01,gold_establishments_2025,,,,21360052100016,2025,Collectivité Territoriale,Commune,['Indre'],['Centre-Val de Loire'],COM,{36},{24}
08373a4b-7e67-4a38-96e7-9d06f27cc104,214100539,Commune de Choue (41),false,{41053},Commune,2026-03-24 14:42:00.273698+01,gold_establishments_2025,,,,21410053900011,2025,Collectivité Territoriale,Commune,['Loir-et-Cher'],['Centre-Val de Loire'],COM,{41},{24}
2da6e134-8578-4578-b2b4-236570dd21ef,215800764,Commune de Chougny (58),false,{58076},Commune,2026-03-24 14:42:04.280096+01,gold_establishments_2025,,,,21580076400015,2025,Collectivité Territoriale,Commune,['Nièvre'],['Bourgogne-Franche-Comté'],COM,{58},{27}
3999d6f6-05e6-4bf6-a55a-9bc077e1abae,215101437,Commune de Chouilly (51),false,{51153},Commune,2026-03-24 14:42:01.954481+01,gold_establishments_2025,,,,21510143700014,2025,Collectivité Territoriale,Commune,['Marne'],['Grand Est'],COM,{51},{44}
0da6587c-a948-494a-a3ec-2b07fa8fd6b2,218600757,Commune de Chouppes (86),false,{86075},Commune,2026-03-24 14:42:10.508772+01,gold_establishments_2025,,,,21860075700015,2025,Collectivité Territoriale,Commune,['Vienne'],['Nouvelle-Aquitaine'],COM,{86},{75}
8b3b1fed-bf70-4b32-ade8-de3f8f986cf1,212401210,Commune de Chourgnac (24),false,{24121},Commune,2026-03-24 14:41:55.958138+01,gold_establishments_2025,,,,21240121000019,2025,Collectivité Territoriale,Commune,['Dordogne'],['Nouvelle-Aquitaine'],COM,{24},{75}
496b73ca-0a8a-49b6-acc0-f457c1ff036d,214100547,Commune de Choussy (41),false,{41054},Commune,2026-03-24 14:42:00.273698+01,gold_establishments_2025,,,,21410054700014,2025,Collectivité Territoriale,Commune,['Loir-et-Cher'],['Centre-Val de Loire'],COM,{41},{24}
0015fe82-07ee-4d86-bb2e-2e4ab7e317ee,210300786,Commune de Chouvigny (03),false,{03078},Commune,2026-03-24 14:41:52.020251+01,gold_establishments_2025,,,,21030078600014,2025,Collectivité Territoriale,Commune,['Allier'],['Auvergne-Rhône-Alpes'],COM,{03},{84}
faaa75e7-8e1f-4adc-b716-d743d07518cb,213901515,Commune de Choux (39),false,{39151},Commune,2026-03-24 14:41:59.705606+01,gold_establishments_2025,,,,21390151500014,2025,Collectivité Territoriale,Commune,['Jura'],['Bourgogne-Franche-Comté'],COM,{39},{27}
ca053be9-f90c-4064-ab02-4f04f411a526,210201794,Commune de Chouy (02),false,{02192},Commune,2026-03-24 14:41:51.447482+01,gold_establishments_2025,,,,21020179400018,2025,Collectivité Territoriale,Commune,['Aisne'],['Hauts-de-France'],COM,{02},{32}
d4f9fb85-66e4-46ad-b2a3-c351dd3f2d2e,212501548,Commune de Chouzelot (25),false,{25154},Commune,2026-03-24 14:41:56.495197+01,gold_establishments_2025,,,,21250154800011,2025,Collectivité Territoriale,Commune,['Doubs'],['Bourgogne-Franche-Comté'],COM,{25},{27}
ebcda9a7-7e4a-456a-b1a2-a8e82499cc08,213700743,Commune de Chouzé-sur-Loire (37),false,{37074},Commune,2026-03-24 14:41:59.160244+01,gold_establishments_2025,,,,21370074300015,2025,Collectivité Territoriale,Commune,['Indre-et-Loire'],['Centre-Val de Loire'],COM,{37},{24}
980b8163-a9b9-483a-8334-258398f8cc9e,213801095,Commune de Chozeau (38),false,{38109},Commune,2026-03-24 14:41:59.160244+01,gold_establishments_2025,,,,21380109500018,2025,Collectivité Territoriale,Commune,['Isère'],['Auvergne-Rhône-Alpes'],COM,{38},{84}
a7c59ede-b950-46fc-be04-31e47985f0ad,214500977,Commune de Chuelles (45),false,{45097},Commune,2026-03-24 14:42:00.862623+01,gold_establishments_2025,,,,21450097700019,2025,Collectivité Territoriale,Commune,['Loiret'],['Centre-Val de Loire'],COM,{45},{24}
961361c9-25a6-4795-b3a4-c7ba0e3b01fa,210801114,Commune de Chuffilly-Roche (08),false,{08123},Commune,2026-03-24 14:41:52.562531+01,gold_establishments_2025,,,,21080111400013,2025,Collectivité Territoriale,Commune,['Ardennes'],['Grand Est'],COM,{08},{44}
a58d169e-eb05-4998-b589-111794af2294,218001865,Commune de Chuignes (80),false,{80194},Commune,2026-03-24 14:42:09.967209+01,gold_establishments_2025,,,,21800186500011,2025,Collectivité Territoriale,Commune,['Somme'],['Hauts-de-France'],COM,{80},{32}
da0b209c-41b2-4793-ac6b-137b640d9fe5,218001873,Commune de Chuignolles (80),false,{80195},Commune,2026-03-24 14:42:09.967209+01,gold_establishments_2025,,,,21800187300015,2025,Collectivité Territoriale,Commune,['Somme'],['Hauts-de-France'],COM,{80},{32}
757df841-fe33-40ef-ba15-537d6cff1c78,212800999,Commune de Chuisnes (28),false,{28099},Commune,2026-03-24 14:41:57.028721+01,gold_establishments_2025,,,,21280099900071,2025,Collectivité Territoriale,Commune,['Eure-et-Loir'],['Centre-Val de Loire'],COM,{28},{24}
79006519-1eb5-4d07-a468-1eb4c23c3b92,213000813,Commune de Chusclan (30),false,{30081},Commune,2026-03-24 14:41:57.56054+01,gold_establishments_2025,,,,21300081300013,2025,Collectivité Territoriale,Commune,['Gard'],['Occitanie'],COM,{30},{76}
1c6a82f3-08b4-4963-9029-d25228c48ad1,214200644,Commune de Chuyer (42),false,{42064},Commune,2026-03-24 14:42:00.273698+01,gold_establishments_2025,,,,21420064400018,2025,Collectivité Territoriale,Commune,['Loire'],['Auvergne-Rhône-Alpes'],COM,{42},{84}
0ad3aebe-a0d3-42c3-8a1f-569a5d88c336,213801103,Commune de Chuzelles (38),false,{38110},Commune,2026-03-24 14:41:59.160244+01,gold_establishments_2025,,,,21380110300010,2025,Collectivité Territoriale,Commune,['Isère'],['Auvergne-Rhône-Alpes'],COM,{38},{84}
b2258b8a-969f-42da-b155-fb91aaa539f6,213800659,Commune de Châbons (38),false,{38065},Commune,2026-03-24 14:41:59.160244+01,gold_establishments_2025,,,,21380065900012,2025,Collectivité Territoriale,Commune,['Isère'],['Auvergne-Rhône-Alpes'],COM,{38},{84}
4ab4afab-cb1b-4e0c-8f9c-69c53fe44fad,214500688,Commune de Châlette-sur-Loing (45),false,{45068},Commune,2026-03-24 14:42:00.862623+01,gold_establishments_2025,,,,21450068800012,2025,Collectivité Territoriale,Commune,['Loiret'],['Centre-Val de Loire'],COM,{45},{24}
80044468-0d9a-49e0-a27c-bb8f1eda4e7f,215300492,Commune de Châlons-du-Maine (53),false,{53049},Commune,2026-03-24 14:42:01.954481+01,gold_establishments_2025,,,,21530049200018,2025,Collectivité Territoriale,Commune,['Mayenne'],['Pays de la Loire'],COM,{53},{52}
e50b3605-59e1-4405-b069-e47ac5ee47a2,215101015,Commune de Châlons-en-Champagne (51),false,{51108},Commune,2026-03-24 14:42:01.412377+01,gold_establishments_2025,,,,21510101500018,2025,Collectivité Territoriale,Commune,['Marne'],['Grand Est'],COM,{51},{44}
9f96660d-99fa-4f87-b695-d3f17908fd3b,215101023,Commune de Châlons-sur-Vesle (51),false,{51109},Commune,2026-03-24 14:42:01.412377+01,gold_establishments_2025,,,,21510102300012,2025,Collectivité Territoriale,Commune,['Marne'],['Grand Est'],COM,{51},{44}
33093688-ba2b-4564-aaf9-2058656d2530,217001171,Commune de Châlonvillars (70),false,{70117},Commune,2026-03-24 14:42:07.735343+01,gold_establishments_2025,,,,21700117100016,2025,Collectivité Territoriale,Commune,['Haute-Saône'],['Bourgogne-Franche-Comté'],COM,{70},{27}
3ccf9c8e-9d19-4323-b2e5-ade49377f207,218703205,Commune de Châlus (87),false,{87032},Commune,2026-03-24 14:42:11.118516+01,gold_establishments_2025,,,,21870320500011,2025,Collectivité Territoriale,Commune,['Haute-Vienne'],['Nouvelle-Aquitaine'],COM,{87},{75}
508d3bb4-0e67-4743-b7c1-501a528d06af,217100841,Commune de Chânes (71),false,{71084},Commune,2026-03-24 14:42:07.735343+01,gold_establishments_2025,,,,21710084100014,2025,Collectivité Territoriale,Commune,['Saône-et-Loire'],['Bourgogne-Franche-Comté'],COM,{71},{27}
04196980-af95-4236-a028-5ee7608bb0cb,211800552,Commune de Chârost (18),false,{18055},Commune,2026-03-24 14:41:54.903238+01,gold_establishments_2025,,,,21180055200013,2025,Collectivité Territoriale,Commune,['Cher'],['Centre-Val de Loire'],COM,{18},{24}
206ef825-4b0f-47fb-9305-9e679f163fc5,212800874,Commune de Châtaincourt (28),false,{28087},Commune,2026-03-24 14:41:57.028721+01,gold_establishments_2025,,,,21280087400019,2025,Collectivité Territoriale,Commune,['Eure-et-Loir'],['Centre-Val de Loire'],COM,{28},{24}
6ae702d3-ac37-4b69-ac4c-a96501f35e6b,218800936,Commune de Châtas (88),false,{88093},Commune,2026-03-24 14:42:11.118516+01,gold_establishments_2025,,,,21880093600013,2025,Collectivité Territoriale,Commune,['Vosges'],['Grand Est'],COM,{88},{44}
b04c976d-e23a-4ec9-9914-5edeec1a5f36,217101120,Commune de Château (71),false,{71112},Commune,2026-03-24 14:42:07.735343+01,gold_establishments_2025,,,,21710112000012,2025,Collectivité Territoriale,Commune,['Saône-et-Loire'],['Bourgogne-Franche-Comté'],COM,{71},{27}
d78cde8c-ed15-423a-8980-80e76cb155cd,210400495,Commune de Château-Arnoux-Saint-Auban (04),false,{04049},Commune,2026-03-24 14:41:52.020251+01,gold_establishments_2025,,,,21040049500011,2025,Collectivité Territoriale,Commune,['Alpes-de-Haute-Provence'],"[""Provence-Alpes-Côte d'Azur""]",COM,{04},{93}
0d294917-4db9-4451-9cd5-61d827219d29,213800907,Commune de Château-Bernard (38),false,{38090},Commune,2026-03-24 14:41:59.160244+01,gold_establishments_2025,,,,21380090700015,2025,Collectivité Territoriale,Commune,['Isère'],['Auvergne-Rhône-Alpes'],COM,{38},{84}
9101a6b5-088c-46fc-87b3-d51aef7b683b,215701301,Commune de Château-Bréhain (57),false,{57130},Commune,2026-03-24 14:42:03.701372+01,gold_establishments_2025,,,,21570130100016,2025,Collectivité Territoriale,Commune,['Moselle'],['Grand Est'],COM,{57},{44}
4aace282-d981-47f0-ad9e-c080aa5d9221,213901143,Commune de Château-Chalon (39),false,{39114},Commune,2026-03-24 14:41:59.705606+01,gold_establishments_2025,,,,21390114300015,2025,Collectivité Territoriale,Commune,['Jura'],['Bourgogne-Franche-Comté'],COM,{39},{27}
73e08c57-4a35-464f-87f5-0df78b14ef44,218703908,Commune de Château-Chervix (87),false,{87039},Commune,2026-03-24 14:42:11.118516+01,gold_establishments_2025,,,,21870390800010,2025,Collectivité Territoriale,Commune,['Haute-Vienne'],['Nouvelle-Aquitaine'],COM,{87},{75}
ca328ff8-95f8-4efb-a918-c55f28f198c2,215800632,Commune de Château-Chinon (Campagne) (58),false,{58063},Commune,2026-03-24 14:42:04.280096+01,gold_establishments_2025,,,,21580063200014,2025,Collectivité Territoriale,Commune,['Nièvre'],['Bourgogne-Franche-Comté'],COM,{58},{27}
927c8a03-1d42-4561-a1b2-0423b4c25839,215800624,Commune de Château-Chinon (Ville) (58),false,{58062},Commune,2026-03-24 14:42:04.280096+01,gold_establishments_2025,,,,21580062400011,2025,Collectivité Territoriale,Commune,['Nièvre'],['Bourgogne-Franche-Comté'],COM,{58},{27}
80113051-8604-433e-a62e-09ff3fcd2260,210100897,Commune de Château-Gaillard (01),false,{01089},Commune,2026-03-24 14:41:51.447482+01,gold_establishments_2025,,,,21010089700011,2025,Collectivité Territoriale,Commune,['Ain'],['Auvergne-Rhône-Alpes'],COM,{01},{84}
6117c803-60d7-4397-8956-e62e8a6ddd58,218600641,Commune de Château-Garnier (86),false,{86064},Commune,2026-03-24 14:42:10.508772+01,gold_establishments_2025,,,,21860064100011,2025,Collectivité Territoriale,Commune,['Vienne'],['Nouvelle-Aquitaine'],COM,{86},{75}
28113b2b-c388-4f74-9d1c-66ed1064cba1,200084655,Commune de Château-Gontier-sur-Mayenne (53),false,{53062},Commune,2026-03-24 14:42:01.954481+01,gold_establishments_2025,,,,20008465500014,2025,Collectivité Territoriale,Commune,['Mayenne'],['Pays de la Loire'],COM,{53},{52}
ce6340b5-3799-4c4d-a729-3d85e34878dc,218500619,Commune de Château-Guibert (85),false,{85061},Commune,2026-03-24 14:42:10.508772+01,gold_establishments_2025,,,,21850061900018,2025,Collectivité Territoriale,Commune,['Vendée'],['Pays de la Loire'],COM,{85},{52}
5f72d31e-d654-4564-8c19-c2a711c5910f,217700996,Commune de Château-Landon (77),false,{77099},Commune,2026-03-24 14:42:08.818969+01,gold_establishments_2025,,,,21770099600010,2025,Collectivité Territoriale,Commune,['Seine-et-Marne'],['Île-de-France'],COM,{77},{11}
a8488641-a4e4-4cf5-9e4c-18600840b286,218600658,Commune de Château-Larcher (86),false,{86065},Commune,2026-03-24 14:42:10.508772+01,gold_establishments_2025,,,,21860065800015,2025,Collectivité Territoriale,Commune,['Vienne'],['Nouvelle-Aquitaine'],COM,{86},{75}
3cdf17b7-39c6-47a4-8e46-b2a415d07282,210800983,Commune de Château-Porcien (08),false,{08107},Commune,2026-03-24 14:41:52.562531+01,gold_establishments_2025,,,,21080098300012,2025,Collectivité Territoriale,Commune,['Ardennes'],['Grand Est'],COM,{08},{44}
70349498-6d0b-4166-9e98-3299efb3e4bf,214500837,Commune de Château-Renard (45),false,{45083},Commune,2026-03-24 14:42:00.862623+01,gold_establishments_2025,,,,21450083700015,2025,Collectivité Territoriale,Commune,['Loiret'],['Centre-Val de Loire'],COM,{45},{24}
5331ea4d-4dfd-4b13-a663-cdfb9786a39e,213700636,Commune de Château-Renault (37),false,{37063},Commune,2026-03-24 14:41:59.160244+01,gold_establishments_2025,,,,21370063600011,2025,Collectivité Territoriale,Commune,['Indre-et-Loire'],['Centre-Val de Loire'],COM,{37},{24}
d6180db0-2f80-4bc7-b6ed-b60a9621316d,215701319,Commune de Château-Rouge (57),false,{57131},Commune,2026-03-24 14:42:03.701372+01,gold_establishments_2025,,,,21570131900018,2025,Collectivité Territoriale,Commune,['Moselle'],['Grand Est'],COM,{57},{44}
adca8097-29d4-4084-b352-f29cbb87ca93,215701327,Commune de Château-Salins (57),false,{57132},Commune,2026-03-24 14:42:03.701372+01,gold_establishments_2025,,,,21570132700011,2025,Collectivité Territoriale,Commune,['Moselle'],['Grand Est'],COM,{57},{44}
a7521e95-008f-4562-8ed0-b627d21b7739,210201554,Commune de Château-Thierry (02),false,{02168},Commune,2026-03-24 14:41:51.447482+01,gold_establishments_2025,,,,21020155400016,2025,Collectivité Territoriale,Commune,['Aisne'],['Hauts-de-France'],COM,{02},{32}
db07c1e9-c801-4349-8cb2-b3026b253530,214400376,Commune de Château-Thébaud (44),false,{44037},Commune,2026-03-24 14:42:00.273698+01,gold_establishments_2025,,,,21440037600015,2025,Collectivité Territoriale,Commune,['Loire-Atlantique'],['Pays de la Loire'],COM,{44},{52}
c85fb54d-6528-45ba-a0ed-54175909c28c,210900965,Commune de Château-Verdun (09),false,{09096},Commune,2026-03-24 14:41:53.095366+01,gold_establishments_2025,,,,21090096500018,2025,Collectivité Territoriale,Commune,['Ariège'],['Occitanie'],COM,{09},{76}
294016ea-88af-4fac-a2d0-dfbcaf4df425,210500385,Commune de Château-Ville-Vieille (05),false,{05038},Commune,2026-03-24 14:41:52.562531+01,gold_establishments_2025,,,,21050038500013,2025,Collectivité Territoriale,Commune,['Hautes-Alpes'],"[""Provence-Alpes-Côte d'Azur""]",COM,{05},{93}
9666c06b-f335-4f81-b6c8-2cd4af7f4e87,215701335,Commune de Château-Voué (57),false,{57133},Commune,2026-03-24 14:42:03.701372+01,gold_establishments_2025,,,,21570133500014,2025,Collectivité Territoriale,Commune,['Moselle'],['Grand Est'],COM,{57},{44}
ec862f10-82be-412f-a4c6-bcfe6affcaee,215901448,Commune de Château-l'Abbaye (59),false,{59144},Commune,2026-03-24 14:42:04.280096+01,gold_establishments_2025,,,,21590144800013,2025,Collectivité Territoriale,Commune,['Nord'],['Hauts-de-France'],COM,{59},{32}
8ce9d663-1967-4323-8102-57c2a6284051,217200724,Commune de Château-l'Hermitage (72),false,{72072},Commune,2026-03-24 14:42:08.279287+01,gold_establishments_2025,,,,21720072400011,2025,Collectivité Territoriale,Commune,['Sarthe'],['Pays de la Loire'],COM,{72},{52}
d397d10d-16ca-4c2c-99e0-f48d23a8dec6,212401152,Commune de Château-l'Évêque (24),false,{24115},Commune,2026-03-24 14:41:55.958138+01,gold_establishments_2025,,,,21240115200013,2025,Collectivité Territoriale,Commune,['Dordogne'],['Nouvelle-Aquitaine'],COM,{24},{75}
a6f803c0-f3ab-4045-95d4-42f802c86647,213700628,Commune de Château-la-Vallière (37),false,{37062},Commune,2026-03-24 14:41:59.160244+01,gold_establishments_2025,,,,21370062800018,2025,Collectivité Territoriale,Commune,['Indre-et-Loire'],['Centre-Val de Loire'],COM,{37},{24}
9440eeb0-80d8-48a5-8b53-a1ba03eb12b9,210300646,Commune de Château-sur-Allier (03),false,{03064},Commune,2026-03-24 14:41:52.020251+01,gold_establishments_2025,,,,21030064600010,2025,Collectivité Territoriale,Commune,['Allier'],['Auvergne-Rhône-Alpes'],COM,{03},{84}
265a3992-f403-4745-8663-22ee7f23b36b,216301010,Commune de Château-sur-Cher (63),false,{63101},Commune,2026-03-24 14:42:06.130387+01,gold_establishments_2025,,,,21630101000015,2025,Collectivité Territoriale,Commune,['Puy-de-Dôme'],['Auvergne-Rhône-Alpes'],COM,{63},{84}
30a53945-80c0-413a-b6f7-b367262de7a6,212701528,Commune de Château-sur-Epte (27),false,{27152},Commune,2026-03-24 14:41:56.495197+01,gold_establishments_2025,,,,21270152800011,2025,Collectivité Territoriale,Commune,['Eure'],['Normandie'],COM,{27},{28}
9ec3cebf-180a-4f38-9362-c4717dc6a9f1,211600895,Commune de Châteaubernard (16),false,{16089},Commune,2026-03-24 14:41:54.362296+01,gold_establishments_2025,,,,21160089500018,2025,Collectivité Territoriale,Commune,['Charente'],['Nouvelle-Aquitaine'],COM,{16},{75}
005c31c3-b16b-48b0-adb4-84e5d0cd95fe,217700988,Commune de Châteaubleau (77),false,{77098},Commune,2026-03-24 14:42:08.818969+01,gold_establishments_2025,,,,21770098800017,2025,Collectivité Territoriale,Commune,['Seine-et-Marne'],['Île-de-France'],COM,{77},{11}
af2daea7-674a-4f3d-b26e-382dbc84c4ff,210700597,Commune de Châteaubourg (07),false,{07059},Commune,2026-03-24 14:41:52.562531+01,gold_establishments_2025,,,,21070059700011,2025,Collectivité Territoriale,Commune,['Ardèche'],['Auvergne-Rhône-Alpes'],COM,{07},{84}
5709e1f3-93d0-4744-9aa3-59a3258305f8,213500689,Commune de Châteaubourg (35),false,{35068},Commune,2026-03-24 14:41:58.620411+01,gold_establishments_2025,,,,21350068900251,2025,Collectivité Territoriale,Commune,['Ille-et-Vilaine'],['Bretagne'],COM,{35},{53}
2a5890d4-5b4b-4e58-a708-b009d605570f,214400368,Commune de Châteaubriant (44),false,{44036},Commune,2026-03-24 14:42:00.273698+01,gold_establishments_2025,,,,21440036800012,2025,Collectivité Territoriale,Commune,['Loire-Atlantique'],['Pays de la Loire'],COM,{44},{52}
69f01239-fa4f-4fc1-8e4c-b28970f60f97,212600811,Commune de Châteaudouble (26),false,{26081},Commune,2026-03-24 14:41:56.495197+01,gold_establishments_2025,,,,21260081100013,2025,Collectivité Territoriale,Commune,['Drôme'],['Auvergne-Rhône-Alpes'],COM,{26},{84}
f33e8638-a6a7-482d-b9d2-fd16ef6b08fc,218300382,Commune de Châteaudouble (83),false,{83038},Commune,2026-03-24 14:42:10.508772+01,gold_establishments_2025,,,,21830038200015,2025,Collectivité Territoriale,Commune,['Var'],"[""Provence-Alpes-Côte d'Azur""]",COM,{83},{93}
eea8ad5c-fab9-40dc-b12b-4a8926d880d1,212800882,Commune de Châteaudun (28),false,{28088},Commune,2026-03-24 14:41:57.028721+01,gold_establishments_2025,,,,21280088200012,2025,Collectivité Territoriale,Commune,['Eure-et-Loir'],['Centre-Val de Loire'],COM,{28},{24}
cb1afdab-c652-44f4-b755-5061ada44784,210400503,Commune de Châteaufort (04),false,{04050},Commune,2026-03-24 14:41:52.020251+01,gold_establishments_2025,,,,21040050300012,2025,Collectivité Territoriale,Commune,['Alpes-de-Haute-Provence'],"[""Provence-Alpes-Côte d'Azur""]",COM,{04},{93}
4e9afbb2-8c48-4f9a-8d8d-87196a89aae3,217801430,Commune de Châteaufort (78),false,{78143},Commune,2026-03-24 14:42:09.43682+01,gold_establishments_2025,,,,21780143000018,2025,Collectivité Territoriale,Commune,['Yvelines'],['Île-de-France'],COM,{78},{11}
85442310-67bb-42c8-9b25-c307362424fd,216300996,Commune de Châteaugay (63),false,{63099},Commune,2026-03-24 14:42:06.130387+01,gold_establishments_2025,,,,21630099600016,2025,Collectivité Territoriale,Commune,['Puy-de-Dôme'],['Auvergne-Rhône-Alpes'],COM,{63},{84}
0b494aad-459c-415b-83f7-58b894284029,200064483,Commune de Châteaugiron (35),false,{35069},Commune,2026-03-24 14:41:58.620411+01,gold_establishments_2025,,,,20006448300015,2025,Collectivité Territoriale,Commune,['Ille-et-Vilaine'],['Bretagne'],COM,{35},{53}
ee6ac07c-9781-42a4-9d60-075b7e06ee08,212900260,Commune de Châteaulin (29),false,{29026},Commune,2026-03-24 14:41:57.028721+01,gold_establishments_2025,,,,21290026000010,2025,Collectivité Territoriale,Commune,['Finistère'],['Bretagne'],COM,{29},{53}
ca283614-05dc-400b-aec1-5aa6a88050b3,211800578,Commune de Châteaumeillant (18),false,{18057},Commune,2026-03-24 14:41:54.903238+01,gold_establishments_2025,,,,21180057800018,2025,Collectivité Territoriale,Commune,['Cher'],['Centre-Val de Loire'],COM,{18},{24}
2b8c3fcc-4291-4f96-b335-1ad489a274ca,212101521,Commune de Châteauneuf (21),false,{21152},Commune,2026-03-24 14:41:55.433389+01,gold_establishments_2025,,,,21210152100012,2025,Collectivité Territoriale,Commune,"[""Côte-d'Or""]",['Bourgogne-Franche-Comté'],COM,{21},{27}
5bb250e1-e0c2-4562-b9d3-5f835526c075,214200537,Commune de Châteauneuf (42),false,{42053},Commune,2026-03-24 14:42:00.273698+01,gold_establishments_2025,,,,21420053700014,2025,Collectivité Territoriale,Commune,['Loire'],['Auvergne-Rhône-Alpes'],COM,{42},{84}
4c81709f-9339-401d-b0d1-8a8a4477a039,217101138,Commune de Châteauneuf (71),false,{71113},Commune,2026-03-24 14:42:07.735343+01,gold_establishments_2025,,,,21710113800014,2025,Collectivité Territoriale,Commune,['Saône-et-Loire'],['Bourgogne-Franche-Comté'],COM,{71},{27}
aed44e11-2d98-4d64-a952-f34da467d009,217300797,Commune de Châteauneuf (73),false,{73079},Commune,2026-03-24 14:42:08.279287+01,gold_establishments_2025,,,,21730079700016,2025,Collectivité Territoriale,Commune,['Savoie'],['Auvergne-Rhône-Alpes'],COM,{73},{84}
cf79b502-8dce-492f-b9cc-f65af1ac05d4,218500627,Commune de Châteauneuf (85),false,{85062},Commune,2026-03-24 14:42:10.508772+01,gold_establishments_2025,,,,21850062700011,2025,Collectivité Territoriale,Commune,['Vendée'],['Pays de la Loire'],COM,{85},{52}
ea653df7-c72e-4009-8f64-8e342f29221f,210600383,Commune de Châteauneuf-Grasse (06),false,{06038},Commune,2026-03-24 14:41:52.562531+01,gold_establishments_2025,,,,21060038300017,2025,Collectivité Territoriale,Commune,['Alpes-Maritimes'],"[""Provence-Alpes-Côte d'Azur""]",COM,{06},{93}
9a422ca1-7341-42dd-8897-22c801c49f22,210400511,Commune de Châteauneuf-Miravail (04),false,{04051},Commune,2026-03-24 14:41:52.020251+01,gold_establishments_2025,,,,21040051100015,2025,Collectivité Territoriale,Commune,['Alpes-de-Haute-Provence'],"[""Provence-Alpes-Côte d'Azur""]",COM,{04},{93}
b77d6e6b-a5d3-442f-9a0e-405e3646eee7,210400537,Commune de Châteauneuf-Val-Saint-Donat (04),false,{04053},Commune,2026-03-24 14:41:52.020251+01,gold_establishments_2025,,,,21040053700010,2025,Collectivité Territoriale,Commune,['Alpes-de-Haute-Provence'],"[""Provence-Alpes-Côte d'Azur""]",COM,{04},{93}
983a96d1-36a0-4853-bc0a-9965db36e7dc,215800640,Commune de Châteauneuf-Val-de-Bargis (58),false,{58064},Commune,2026-03-24 14:42:04.280096+01,gold_establishments_2025,,,,21580064000017,2025,Collectivité Territoriale,Commune,['Nièvre'],['Bourgogne-Franche-Comté'],COM,{58},{27}
fa713531-4db2-4f73-bb85-1c9c360b9d3d,210600391,Commune de Châteauneuf-Villevieille (06),false,{06039},Commune,2026-03-24 14:41:52.562531+01,gold_establishments_2025,,,,21060039100010,2025,Collectivité Territoriale,Commune,['Alpes-Maritimes'],"[""Provence-Alpes-Côte d'Azur""]",COM,{06},{93}
f4439273-6b8c-4a19-b030-41081226faed,210600409,Commune de Châteauneuf-d'Entraunes (06),false,{06040},Commune,2026-03-24 14:41:52.562531+01,gold_establishments_2025,,,,21060040900010,2025,Collectivité Territoriale,Commune,['Alpes-Maritimes'],"[""Provence-Alpes-Côte d'Azur""]",COM,{06},{93}
7a63fbe5-b622-4ece-8575-eccfc82a055f,213500705,Commune de Châteauneuf-d'Ille-et-Vilaine (35),false,{35070},Commune,2026-03-24 14:41:58.620411+01,gold_establishments_2025,,,,21350070500016,2025,Collectivité Territoriale,Commune,['Ille-et-Vilaine'],['Bretagne'],COM,{35},{53}
9088f25c-d99b-4ff2-a3ef-1d380b28b9bb,210500351,Commune de Châteauneuf-d'Oze (05),false,{05035},Commune,2026-03-24 14:41:52.562531+01,gold_establishments_2025,,,,21050035100015,2025,Collectivité Territoriale,Commune,['Hautes-Alpes'],"[""Provence-Alpes-Côte d'Azur""]",COM,{05},{93}
a778b4ad-8dcb-4555-9c5b-c03b93891e9e,212600829,Commune de Châteauneuf-de-Bordette (26),false,{26082},Commune,2026-03-24 14:41:56.495197+01,gold_establishments_2025,,,,21260082900015,2025,Collectivité Territoriale,Commune,['Drôme'],['Auvergne-Rhône-Alpes'],COM,{26},{84}
d44594a5-9d2d-484b-a985-b571e3b6db57,218400364,Commune de Châteauneuf-de-Gadagne (84),false,{84036},Commune,2026-03-24 14:42:10.508772+01,gold_establishments_2025,,,,21840036400012,2025,Collectivité Territoriale,Commune,['Vaucluse'],"[""Provence-Alpes-Côte d'Azur""]",COM,{84},{93}
541c4c6d-fe45-4ef7-bd65-3939a23d8ea5,212600837,Commune de Châteauneuf-de-Galaure (26),false,{26083},Commune,2026-03-24 14:41:56.495197+01,gold_establishments_2025,,,,21260083700018,2025,Collectivité Territoriale,Commune,['Drôme'],['Auvergne-Rhône-Alpes'],COM,{26},{84}
59162a1d-ce59-49dd-aecb-3b5ef1f698a9,214800435,Commune de Châteauneuf-de-Randon (48),false,{48043},Commune,2026-03-24 14:42:01.412377+01,gold_establishments_2025,,,,21480043500015,2025,Collectivité Territoriale,Commune,['Lozère'],['Occitanie'],COM,{48},{76}
d55ac2fd-9383-42e7-80cb-444a41069b93,210700605,Commune de Châteauneuf-de-Vernoux (07),false,{07060},Commune,2026-03-24 14:41:52.562531+01,gold_establishments_2025,,,,21070060500012,2025,Collectivité Territoriale,Commune,['Ardèche'],['Auvergne-Rhône-Alpes'],COM,{07},{84}
98094e97-7e0b-4230-8508-c3ebe7a23476,212900278,Commune de Châteauneuf-du-Faou (29),false,{29027},Commune,2026-03-24 14:41:57.028721+01,gold_establishments_2025,,,,21290027800012,2025,Collectivité Territoriale,Commune,['Finistère'],['Bretagne'],COM,{29},{53}
ea45cd40-3539-474e-b56d-2e64cb917627,218400372,Commune de Châteauneuf-du-Pape (84),false,{84037},Commune,2026-03-24 14:42:10.508772+01,gold_establishments_2025,,,,21840037200015,2025,Collectivité Territoriale,Commune,['Vaucluse'],"[""Provence-Alpes-Côte d'Azur""]",COM,{84},{93}
fdf98fd8-9d5d-4175-b4cf-2b27b9361129,212600852,Commune de Châteauneuf-du-Rhône (26),false,{26085},Commune,2026-03-24 14:41:56.495197+01,gold_establishments_2025,,,,21260085200017,2025,Collectivité Territoriale,Commune,['Drôme'],['Auvergne-Rhône-Alpes'],COM,{26},{84}
d970ff7d-f485-4f09-a3df-baee59e0ebd4,212800890,Commune de Châteauneuf-en-Thymerais (28),false,{28089},Commune,2026-03-24 14:41:57.028721+01,gold_establishments_2025,,,,21280089000015,2025,Collectivité Territoriale,Commune,['Eure-et-Loir'],['Centre-Val de Loire'],COM,{28},{24}
552d7d1e-aee6-4431-904e-a0e34d5f8657,218704005,Commune de Châteauneuf-la-Forêt (87),false,{87040},Commune,2026-03-24 14:42:11.118516+01,gold_establishments_2025,,,,21870400500014,2025,Collectivité Territoriale,Commune,['Haute-Vienne'],['Nouvelle-Aquitaine'],COM,{87},{75}
116aa2e3-3675-4b2e-8f6d-41a5e0b50e88,211300256,Commune de Châteauneuf-le-Rouge (13),false,{13025},Commune,2026-03-24 14:41:53.63825+01,gold_establishments_2025,,,,21130025600016,2025,Collectivité Territoriale,Commune,['Bouches-du-Rhône'],"[""Provence-Alpes-Côte d'Azur""]",COM,{13},{93}
634f8151-f342-472a-9ba8-9622b50b1b60,216301002,Commune de Châteauneuf-les-Bains (63),false,{63100},Commune,2026-03-24 14:42:06.130387+01,gold_establishments_2025,,,,21630100200012,2025,Collectivité Territoriale,Commune,['Puy-de-Dôme'],['Auvergne-Rhône-Alpes'],COM,{63},{84}
dd090785-fa1a-4b23-88b1-cec69f103eb0,211300264,Commune de Châteauneuf-les-Martigues (13),false,{13026},Commune,2026-03-24 14:41:53.63825+01,gold_establishments_2025,,,,21130026400010,2025,Collectivité Territoriale,Commune,['Bouches-du-Rhône'],"[""Provence-Alpes-Côte d'Azur""]",COM,{13},{93}
8490b197-d114-4e14-9979-07e520f12366,211600903,Commune de Châteauneuf-sur-Charente (16),false,{16090},Commune,2026-03-24 14:41:54.362296+01,gold_establishments_2025,,,,21160090300010,2025,Collectivité Territoriale,Commune,['Charente'],['Nouvelle-Aquitaine'],COM,{16},{75}
fdcbe010-6adc-4df1-b4aa-df40a4bd9ba6,211800586,Commune de Châteauneuf-sur-Cher (18),false,{18058},Commune,2026-03-24 14:41:54.903238+01,gold_establishments_2025,,,,21180058600011,2025,Collectivité Territoriale,Commune,['Cher'],['Centre-Val de Loire'],COM,{18},{24}
aa5519e9-f265-4a0f-b003-4cc3d2fd383e,212600845,Commune de Châteauneuf-sur-Isère (26),false,{26084},Commune,2026-03-24 14:41:56.495197+01,gold_establishments_2025,,,,21260084500011,2025,Collectivité Territoriale,Commune,['Drôme'],['Auvergne-Rhône-Alpes'],COM,{26},{84}
05412367-be25-41c7-8d9b-3624981d49d4,214500829,Commune de Châteauneuf-sur-Loire (45),false,{45082},Commune,2026-03-24 14:42:00.862623+01,gold_establishments_2025,,,,21450082900012,2025,Collectivité Territoriale,Commune,['Loiret'],['Centre-Val de Loire'],COM,{45},{24}
91405dde-419b-42fe-9463-0b7d69c9ad09,218704104,Commune de Châteauponsac (87),false,{87041},Commune,2026-03-24 14:42:11.118516+01,gold_establishments_2025,,,,21870410400015,2025,Collectivité Territoriale,Commune,['Haute-Vienne'],['Nouvelle-Aquitaine'],COM,{87},{75}
3e8d7d01-7f82-441f-969e-1312831b8ade,210400545,Commune de Châteauredon (04),false,{04054},Commune,2026-03-24 14:41:52.020251+01,gold_establishments_2025,,,,21040054500013,2025,Collectivité Territoriale,Commune,['Alpes-de-Haute-Provence'],"[""Provence-Alpes-Côte d'Azur""]",COM,{04},{93}
f1ba2e6f-d78e-458e-8558-0835240080d9,211300272,Commune de Châteaurenard (13),false,{13027},Commune,2026-03-24 14:41:53.63825+01,gold_establishments_2025,,,,21130027200013,2025,Collectivité Territoriale,Commune,['Bouches-du-Rhône'],"[""Provence-Alpes-Côte d'Azur""]",COM,{13},{93}
03187e1d-4ec4-4d23-9cc7-97d0fe29df25,213600448,Commune de Châteauroux (36),false,{36044},Commune,2026-03-24 14:41:59.160244+01,gold_establishments_2025,,,,21360044800012,2025,Collectivité Territoriale,Commune,['Indre'],['Centre-Val de Loire'],COM,{36},{24}
6dbfd1c2-b2f1-4e1d-bccc-811f1b6b0ef8,210500369,Commune de Châteauroux-les-Alpes (05),false,{05036},Commune,2026-03-24 14:41:52.562531+01,gold_establishments_2025,,,,21050036900017,2025,Collectivité Territoriale,Commune,['Hautes-Alpes'],"[""Provence-Alpes-Côte d'Azur""]",COM,{05},{93}
7a38708a-e169-405d-b165-3a0a9e1598ac,218300390,Commune de Châteauvert (83),false,{83039},Commune,2026-03-24 14:42:10.508772+01,gold_establishments_2025,,,,21830039000018,2025,Collectivité Territoriale,Commune,['Var'],"[""Provence-Alpes-Côte d'Azur""]",COM,{83},{93}
68de2263-0c11-4b62-84f0-d7ab849bec29,210500377,Commune de Châteauvieux (05),false,{05037},Commune,2026-03-24 14:41:52.562531+01,gold_establishments_2025,,,,21050037700010,2025,Collectivité Territoriale,Commune,['Hautes-Alpes'],"[""Provence-Alpes-Côte d'Azur""]",COM,{05},{93}
75dd8b03-5764-49d4-b1ab-753d15a89a1a,214100422,Commune de Châteauvieux (41),false,{41042},Commune,2026-03-24 14:42:00.273698+01,gold_establishments_2025,,,,21410042200010,2025,Collectivité Territoriale,Commune,['Loir-et-Cher'],['Centre-Val de Loire'],COM,{41},{24}
3a7a5eb4-ed61-46e2-aa99-cfd32aebd214,218300408,Commune de Châteauvieux (83),false,{83040},Commune,2026-03-24 14:42:10.508772+01,gold_establishments_2025,,,,21830040800018,2025,Collectivité Territoriale,Commune,['Var'],"[""Provence-Alpes-Côte d'Azur""]",COM,{83},{93}
66f4939a-bb35-46ef-aa61-38d70b6ae627,212501308,Commune de Châteauvieux-les-Fossés (25),false,{25130},Commune,2026-03-24 14:41:56.495197+01,gold_establishments_2025,,,,21250130800010,2025,Collectivité Territoriale,Commune,['Doubs'],['Bourgogne-Franche-Comté'],COM,{25},{27}
71aa7df2-53e1-4141-8880-080f652a1440,213800915,Commune de Châteauvilain (38),false,{38091},Commune,2026-03-24 14:41:59.160244+01,gold_establishments_2025,,,,21380091500018,2025,Collectivité Territoriale,Commune,['Isère'],['Auvergne-Rhône-Alpes'],COM,{38},{84}
17f51962-e267-48bb-bf96-e19e72bdd04c,215200783,Commune de Châteauvillain (52),false,{52114},Commune,2026-03-24 14:42:01.954481+01,gold_establishments_2025,,,,21520078300011,2025,Collectivité Territoriale,Commune,['Haute-Marne'],['Grand Est'],COM,{52},{44}
00022c71-296c-48c0-bd69-3f0feb55b9ff,217400639,Commune de Châtel (74),false,{74063},Commune,2026-03-24 14:42:08.279287+01,gold_establishments_2025,,,,21740063900019,2025,Collectivité Territoriale,Commune,['Haute-Savoie'],['Auvergne-Rhône-Alpes'],COM,{74},{84}
ae30d900-4fbb-4a9f-a8df-557e6c9636ca,218900918,Commune de Châtel-Censoir (89),false,{89091},Commune,2026-03-24 14:42:11.118516+01,gold_establishments_2025,,,,21890091800010,2025,Collectivité Territoriale,Commune,['Yonne'],['Bourgogne-Franche-Comté'],COM,{89},{27}
f103f2ae-b6c0-4664-891d-35dc657794e6,216301036,Commune de Châtel-Guyon (63),false,{63103},Commune,2026-03-24 14:42:06.130387+01,gold_establishments_2025,,,,21630103600010,2025,Collectivité Territoriale,Commune,['Puy-de-Dôme'],['Auvergne-Rhône-Alpes'],COM,{63},{84}
6bea9680-463f-49cb-8d08-41576346c032,218900926,Commune de Châtel-Gérard (89),false,{89092},Commune,2026-03-24 14:42:11.118516+01,gold_establishments_2025,,,,21890092600013,2025,Collectivité Territoriale,Commune,['Yonne'],['Bourgogne-Franche-Comté'],COM,{89},{27}
c6bf1812-8679-4223-a7e3-9927af5c03f1,210300661,Commune de Châtel-Montagne (03),false,{03066},Commune,2026-03-24 14:41:52.020251+01,gold_establishments_2025,,,,21030066100019,2025,Collectivité Territoriale,Commune,['Allier'],['Auvergne-Rhône-Alpes'],COM,{03},{84}
2deab120-f409-498c-83ee-a52fcf6e6be8,217101153,Commune de Châtel-Moron (71),false,{71115},Commune,2026-03-24 14:42:07.735343+01,gold_establishments_2025,,,,21710115300013,2025,Collectivité Territoriale,Commune,['Saône-et-Loire'],['Bourgogne-Franche-Comté'],COM,{71},{27}
db9325db-6782-4bc8-993b-abfdd5d2c416,215701343,Commune de Châtel-Saint-Germain (57),false,{57134},Commune,2026-03-24 14:42:03.701372+01,gold_establishments_2025,,,,21570134300018,2025,Collectivité Territoriale,Commune,['Moselle'],['Grand Est'],COM,{57},{44}
567d6dc7-c1ee-40c1-9cee-97278a72e82e,213901184,Commune de Châtel-de-Joux (39),false,{39118},Commune,2026-03-24 14:41:59.705606+01,gold_establishments_2025,,,,21390118400019,2025,Collectivité Territoriale,Commune,['Jura'],['Bourgogne-Franche-Comté'],COM,{39},{27}
dc8906a1-9fee-4991-9916-06ed197ff475,210300653,Commune de Châtel-de-Neuvre (03),false,{03065},Commune,2026-03-24 14:41:52.020251+01,gold_establishments_2025,,,,21030065300016,2025,Collectivité Territoriale,Commune,['Allier'],['Auvergne-Rhône-Alpes'],COM,{03},{84}
f2381479-640b-43db-9c18-767c65c14b38,200068336,Commune de Châtel-en-Trièves (38),false,{38456},Commune,2026-03-24 14:41:59.705606+01,gold_establishments_2025,,,,20006833600086,2025,Collectivité Territoriale,Commune,['Isère'],['Auvergne-Rhône-Alpes'],COM,{38},{84}
332d81b7-dc40-4648-a6ca-a236212126ad,218800944,Commune de Châtel-sur-Moselle (88),false,{88094},Commune,2026-03-24 14:42:11.118516+01,gold_establishments_2025,,,,21880094400017,2025,Collectivité Territoriale,Commune,['Vosges'],['Grand Est'],COM,{88},{44}
3544ed44-7a5a-4568-8bed-c8d49556e831,211700943,Commune de Châtelaillon-Plage (17),false,{17094},Commune,2026-03-24 14:41:54.903238+01,gold_establishments_2025,,,,21170094300015,2025,Collectivité Territoriale,Commune,['Charente-Maritime'],['Nouvelle-Aquitaine'],COM,{17},{75}
7697711c-ee3e-4ecb-9a79-d398f9fe806e,215300633,Commune de Châtelain (53),false,{53063},Commune,2026-03-24 14:42:01.954481+01,gold_establishments_2025,,,,21530063300017,2025,Collectivité Territoriale,Commune,['Mayenne'],['Pays de la Loire'],COM,{53},{52}
b49f78ac-29dc-4008-a233-59c0d896b8a3,212305502,Commune de Châtelard (23),false,{23055},Commune,2026-03-24 14:41:55.958138+01,gold_establishments_2025,,,,21230550200016,2025,Collectivité Territoriale,Commune,['Creuse'],['Nouvelle-Aquitaine'],COM,{23},{75}
c8af7ba9-2c8a-401a-a572-894b21d9bd7b,200082857,Commune de Châtelaudren-Plouagat (22),false,{22206},Commune,2026-03-24 14:41:55.433389+01,gold_establishments_2025,,,,20008285700018,2025,Collectivité Territoriale,Commune,"[""Côtes-d'Armor""]",['Bretagne'],COM,{22},{53}
5b53ff76-3fc4-4d65-97fc-b89dbe161c3a,212501316,Commune de Châtelblanc (25),false,{25131},Commune,2026-03-24 14:41:56.495197+01,gold_establishments_2025,,,,21250131600013,2025,Collectivité Territoriale,Commune,['Doubs'],['Bourgogne-Franche-Comté'],COM,{25},{27}
c03f0cc4-d9c9-4e9b-bb8c-28bdbc47d569,216301028,Commune de Châteldon (63),false,{63102},Commune,2026-03-24 14:42:06.130387+01,gold_establishments_2025,,,,21630102800017,2025,Collectivité Territoriale,Commune,['Puy-de-Dôme'],['Auvergne-Rhône-Alpes'],COM,{63},{84}
ed361b0b-5ee5-4aa1-b798-c621197ea280,212101539,Commune de Châtellenot (21),false,{21153},Commune,2026-03-24 14:41:55.433389+01,gold_establishments_2025,,,,21210153900014,2025,Collectivité Territoriale,Commune,"[""Côte-d'Or""]",['Bourgogne-Franche-Comté'],COM,{21},{27}
d28e10d0-02e4-46e2-ac8e-8118ad0bd6c8,218600666,Commune de Châtellerault (86),false,{86066},Commune,2026-03-24 14:42:10.508772+01,gold_establishments_2025,,,,21860066600018,2025,Collectivité Territoriale,Commune,['Vienne'],['Nouvelle-Aquitaine'],COM,{86},{75}
c62939c4-a404-428b-bb3f-177cb3fe6d18,213901200,Commune de Châtelneuf (39),false,{39120},Commune,2026-03-24 14:41:59.705606+01,gold_establishments_2025,,,,21390120000013,2025,Collectivité Territoriale,Commune,['Jura'],['Bourgogne-Franche-Comté'],COM,{39},{27}
4da30172-f4e0-492f-ab54-a432a0d2932d,214200545,Commune de Châtelneuf (42),false,{42054},Commune,2026-03-24 14:42:00.273698+01,gold_establishments_2025,,,,21420054500017,2025,Collectivité Territoriale,Commune,['Loire'],['Auvergne-Rhône-Alpes'],COM,{42},{84}
d12a6177-acac-46af-85bb-a1ae748c9754,210300679,Commune de Châtelperron (03),false,{03067},Commune,2026-03-24 14:41:52.020251+01,gold_establishments_2025,,,,21030067900011,2025,Collectivité Territoriale,Commune,['Allier'],['Auvergne-Rhône-Alpes'],COM,{03},{84}
5d3e4f6c-6bba-4c99-ba6f-e9e9af2d7fa2,215101247,Commune de Châtelraould-Saint-Louvent (51),false,{51134},Commune,2026-03-24 14:42:01.954481+01,gold_establishments_2025,,,,21510124700017,2025,Collectivité Territoriale,Commune,['Marne'],['Grand Est'],COM,{51},{44}
92802b69-ede8-4171-b310-85744da99cfc,210300687,Commune de Châtelus (03),false,{03068},Commune,2026-03-24 14:41:52.020251+01,gold_establishments_2025,,,,21030068700014,2025,Collectivité Territoriale,Commune,['Allier'],['Auvergne-Rhône-Alpes'],COM,{03},{84}
c52fe5e8-7245-498e-8b0b-c2a6d91e7394,213800923,Commune de Châtelus (38),false,{38092},Commune,2026-03-24 14:41:59.160244+01,gold_establishments_2025,,,,21380092300012,2025,Collectivité Territoriale,Commune,['Isère'],['Auvergne-Rhône-Alpes'],COM,{38},{84}
92eacd61-c699-41c9-9cda-c7e22a0fcb86,214200552,Commune de Châtelus (42),false,{42055},Commune,2026-03-24 14:42:00.273698+01,gold_establishments_2025,,,,21420055200013,2025,Collectivité Territoriale,Commune,['Loire'],['Auvergne-Rhône-Alpes'],COM,{42},{84}
b559cbd7-6650-4890-9fe0-32e0a7a98eb4,212305700,Commune de Châtelus-Malvaleix (23),false,{23057},Commune,2026-03-24 14:41:55.958138+01,gold_establishments_2025,,,,21230570000016,2025,Collectivité Territoriale,Commune,['Creuse'],['Nouvelle-Aquitaine'],COM,{23},{75}
1f24063f-f1a4-4dd2-af41-1ae0cb27d027,212305601,Commune de Châtelus-le-Marcheix (23),false,{23056},Commune,2026-03-24 14:41:55.958138+01,gold_establishments_2025,,,,21230560100016,2025,Collectivité Territoriale,Commune,['Creuse'],['Nouvelle-Aquitaine'],COM,{23},{75}
741ffd99-b7bb-4703-a398-d7b5e88fe83d,210100905,Commune de Châtenay (01),false,{01090},Commune,2026-03-24 14:41:51.447482+01,gold_establishments_2025,,,,21010090500012,2025,Collectivité Territoriale,Commune,['Ain'],['Auvergne-Rhône-Alpes'],COM,{01},{84}
2c6233a5-070c-4b3e-b8ad-7371430211a1,212800924,Commune de Châtenay (28),false,{28092},Commune,2026-03-24 14:41:57.028721+01,gold_establishments_2025,,,,21280092400012,2025,Collectivité Territoriale,Commune,['Eure-et-Loir'],['Centre-Val de Loire'],COM,{28},{24}
ae0da80c-ff6d-4271-984d-be7a441b952a,213800931,Commune de Châtenay (38),false,{38093},Commune,2026-03-24 14:41:59.160244+01,gold_establishments_2025,,,,21380093100015,2025,Collectivité Territoriale,Commune,['Isère'],['Auvergne-Rhône-Alpes'],COM,{38},{84}
d7599721-905b-44e1-8cca-2c379a753dcb,217101161,Commune de Châtenay (71),false,{71116},Commune,2026-03-24 14:42:07.735343+01,gold_establishments_2025,,,,21710116100016,2025,Collectivité Territoriale,Commune,['Saône-et-Loire'],['Bourgogne-Franche-Comté'],COM,{71},{27}
276c8846-4cb0-4b5f-8e2a-8e3adee57a4f,219200193,Commune de Châtenay-Malabry (92),false,{92019},Commune,2026-03-24 14:42:11.659493+01,gold_establishments_2025,,,,21920019300015,2025,Collectivité Territoriale,Commune,['Hauts-de-Seine'],['Île-de-France'],COM,{92},{11}
ef6d2f18-d176-451c-a094-44b8c31c15f5,219501442,Commune de Châtenay-en-France (95),false,{95144},Commune,2026-03-24 14:42:11.659493+01,gold_establishments_2025,,,,21950144200012,2025,Collectivité Territoriale,Commune,"[""Val-d'Oise""]",['Île-de-France'],COM,{95},{11}
ca8e0741-ca82-4723-bb92-06c054881f78,217701010,Commune de Châtenay-sur-Seine (77),false,{77101},Commune,2026-03-24 14:42:08.818969+01,gold_establishments_2025,,,,21770101000019,2025,Collectivité Territoriale,Commune,['Seine-et-Marne'],['Île-de-France'],COM,{77},{11}
f2857df2-39ed-422a-94b4-c23ee54c8adc,217001403,Commune de Châteney (70),false,{70140},Commune,2026-03-24 14:42:07.735343+01,gold_establishments_2025,,,,21700140300013,2025,Collectivité Territoriale,Commune,['Haute-Saône'],['Bourgogne-Franche-Comté'],COM,{70},{27}
ce44a898-622c-4462-8d24-f240a8959c04,213901218,Commune de Châtenois (39),false,{39121},Commune,2026-03-24 14:41:59.705606+01,gold_establishments_2025,,,,21390121800015,2025,Collectivité Territoriale,Commune,['Jura'],['Bourgogne-Franche-Comté'],COM,{39},{27}
2c5c6756-9d82-42c1-b92c-bde80e023e3b,216700732,Commune de Châtenois (67),false,{67073},Commune,2026-03-24 14:42:06.665412+01,gold_establishments_2025,,,,21670073200011,2025,Collectivité Territoriale,Commune,['Bas-Rhin'],['Grand Est'],COM,{67},{44}
8925e409-1cfa-4f27-89f0-4cb5a006d883,217001411,Commune de Châtenois (70),false,{70141},Commune,2026-03-24 14:42:07.735343+01,gold_establishments_2025,,,,21700141100016,2025,Collectivité Territoriale,Commune,['Haute-Saône'],['Bourgogne-Franche-Comté'],COM,{70},{27}
cd141344-8cc4-4e32-871e-bcbc81a92a6e,218800951,Commune de Châtenois (88),false,{88095},Commune,2026-03-24 14:42:11.118516+01,gold_establishments_2025,,,,21880095100012,2025,Collectivité Territoriale,Commune,['Vosges'],['Grand Est'],COM,{88},{44}
970ce604-41ff-495a-a08c-ee1ac4537f5f,219000221,Commune de Châtenois-les-Forges (90),false,{90022},Commune,2026-03-24 14:42:11.659493+01,gold_establishments_2025,,,,21900022100016,2025,Collectivité Territoriale,Commune,['Territoire de Belfort'],['Bourgogne-Franche-Comté'],COM,{90},{27}
53ac4d69-3a2e-4435-81eb-81fe8a3ed8e1,214500845,Commune de Châtenoy (45),false,{45084},Commune,2026-03-24 14:42:00.862623+01,gold_establishments_2025,,,,21450084500018,2025,Collectivité Territoriale,Commune,['Loiret'],['Centre-Val de Loire'],COM,{45},{24}
ec3a2a0e-7b1e-4945-8864-a0fd1d7cbb18,217701028,Commune de Châtenoy (77),false,{77102},Commune,2026-03-24 14:42:08.818969+01,gold_establishments_2025,,,,21770102800011,2025,Collectivité Territoriale,Commune,['Seine-et-Marne'],['Île-de-France'],COM,{77},{11}
090f3e57-3741-4c84-9958-a61e8e642330,217101179,Commune de Châtenoy-en-Bresse (71),false,{71117},Commune,2026-03-24 14:42:07.735343+01,gold_establishments_2025,,,,21710117900018,2025,Collectivité Territoriale,Commune,['Saône-et-Loire'],['Bourgogne-Franche-Comté'],COM,{71},{27}
b97a1237-641e-45ab-952b-32d4b407292f,217101187,Commune de Châtenoy-le-Royal (71),false,{71118},Commune,2026-03-24 14:42:07.735343+01,gold_establishments_2025,,,,21710118700011,2025,Collectivité Territoriale,Commune,['Saône-et-Loire'],['Bourgogne-Franche-Comté'],COM,{71},{27}
7de1b886-eff1-4632-860c-6ed0dbb62edb,211600911,Commune de Châtignac (16),false,{16091},Commune,2026-03-24 14:41:54.362296+01,gold_establishments_2025,,,,21160091100013,2025,Collectivité Territoriale,Commune,['Charente'],['Nouvelle-Aquitaine'],COM,{16},{75}
af5ddd4a-1e56-49fd-946d-c74b7b6b2d21,210300695,Commune de Châtillon (03),false,{03069},Commune,2026-03-24 14:41:52.020251+01,gold_establishments_2025,,,,21030069500017,2025,Collectivité Territoriale,Commune,['Allier'],['Auvergne-Rhône-Alpes'],COM,{03},{84}
834a97f7-15d2-43c2-9198-845a63ad5e74,213901226,Commune de Châtillon (39),false,{39122},Commune,2026-03-24 14:41:59.705606+01,gold_establishments_2025,,,,21390122600018,2025,Collectivité Territoriale,Commune,['Jura'],['Bourgogne-Franche-Comté'],COM,{39},{27}
c45339c9-97ed-4853-9d85-0db3c4bd0148,216900506,Commune de Châtillon (69),false,{69050},Commune,2026-03-24 14:42:07.195692+01,gold_establishments_2025,,,,21690050600017,2025,Collectivité Territoriale,Commune,['Rhône'],['Auvergne-Rhône-Alpes'],COM,{69},{84}
f16749cf-2eec-4009-aa0e-416c4fdae5e7,219200201,Commune de Châtillon (92),false,{92020},Commune,2026-03-24 14:42:11.659493+01,gold_establishments_2025,,,,21920020100016,2025,Collectivité Territoriale,Commune,['Hauts-de-Seine'],['Île-de-France'],COM,{92},{11}
02b811cf-4a6f-45cf-a89d-6c2b4e4aab56,214500852,Commune de Châtillon-Coligny (45),false,{45085},Commune,2026-03-24 14:42:00.862623+01,gold_establishments_2025,,,,21450085200014,2025,Collectivité Territoriale,Commune,['Loiret'],['Centre-Val de Loire'],COM,{45},{24}
047f06d7-a62f-4433-a57c-c157e045193e,212501324,Commune de Châtillon-Guyotte (25),false,{25132},Commune,2026-03-24 14:41:56.495197+01,gold_establishments_2025,,,,21250132400017,2025,Collectivité Territoriale,Commune,['Doubs'],['Bourgogne-Franche-Comté'],COM,{25},{27}
8104e8d6-103d-40c4-aff4-156dc71ede4e,212600878,Commune de Châtillon-Saint-Jean (26),false,{26087},Commune,2026-03-24 14:41:56.495197+01,gold_establishments_2025,,,,21260087800012,2025,Collectivité Territoriale,Commune,['Drôme'],['Auvergne-Rhône-Alpes'],COM,{26},{84}
29ceeeba-592c-44ab-9a30-804f06ace1e0,215800657,Commune de Châtillon-en-Bazois (58),false,{58065},Commune,2026-03-24 14:42:04.280096+01,gold_establishments_2025,,,,21580065700011,2025,Collectivité Territoriale,Commune,['Nièvre'],['Bourgogne-Franche-Comté'],COM,{58},{27}
2c43f4d0-8473-4af0-864b-64c87209f45e,200084960,Commune de Châtillon-en-Diois (26),false,{26086},Commune,2026-03-24 14:41:56.495197+01,gold_establishments_2025,,,,20008496000018,2025,Collectivité Territoriale,Commune,['Drôme'],['Auvergne-Rhône-Alpes'],COM,{26},{84}
5c1a54dc-90f9-413e-8071-06327609f882,213500721,Commune de Châtillon-en-Vendelais (35),false,{35072},Commune,2026-03-24 14:41:58.620411+01,gold_establishments_2025,,,,21350072100138,2025,Collectivité Territoriale,Commune,['Ille-et-Vilaine'],['Bretagne'],COM,{35},{53}
9e37f591-c172-4e62-82c8-ded1902f6906,217701036,Commune de Châtillon-la-Borde (77),false,{77103},Commune,2026-03-24 14:42:08.818969+01,gold_establishments_2025,,,,21770103600014,2025,Collectivité Territoriale,Commune,['Seine-et-Marne'],['Île-de-France'],COM,{77},{11}
a5cb54c8-8013-4d93-b296-258d78da237e,210100921,Commune de Châtillon-la-Palud (01),false,{01092},Commune,2026-03-24 14:41:51.447482+01,gold_establishments_2025,,,,21010092100019,2025,Collectivité Territoriale,Commune,['Ain'],['Auvergne-Rhône-Alpes'],COM,{01},{84}
db5c3c7f-f48e-4805-aab3-317d5e4f4599,212501332,Commune de Châtillon-le-Duc (25),false,{25133},Commune,2026-03-24 14:41:56.495197+01,gold_establishments_2025,,,,21250133200010,2025,Collectivité Territoriale,Commune,['Doubs'],['Bourgogne-Franche-Comté'],COM,{25},{27}
6122244a-8ef5-4565-be18-ace596011344,214500860,Commune de Châtillon-le-Roi (45),false,{45086},Commune,2026-03-24 14:42:00.862623+01,gold_establishments_2025,,,,21450086000017,2025,Collectivité Territoriale,Commune,['Loiret'],['Centre-Val de Loire'],COM,{45},{24}
62852774-ec69-42ec-91d8-5e78e4c6283e,210201562,Commune de Châtillon-lès-Sons (02),false,{02169},Commune,2026-03-24 14:41:51.447482+01,gold_establishments_2025,,,,21020156200019,2025,Collectivité Territoriale,Commune,['Aisne'],['Hauts-de-France'],COM,{02},{32}
9c79fe8a-9a81-4435-af4e-b3d630319094,215501057,Commune de Châtillon-sous-les-Côtes (55),false,{55105},Commune,2026-03-24 14:42:02.957225+01,gold_establishments_2025,,,,21550105700016,2025,Collectivité Territoriale,Commune,['Meuse'],['Grand Est'],COM,{55},{44}
a56598c3-57bf-4dab-8e37-bd3fd8dd09fd,215101254,Commune de Châtillon-sur-Broué (51),false,{51135},Commune,2026-03-24 14:42:01.954481+01,gold_establishments_2025,,,,21510125400013,2025,Collectivité Territoriale,Commune,['Marne'],['Grand Est'],COM,{51},{44}
840ef627-e096-4e3b-8be7-ad98ba2254fe,210100939,Commune de Châtillon-sur-Chalaronne (01),false,{01093},Commune,2026-03-24 14:41:51.447482+01,gold_establishments_2025,,,,21010093900011,2025,Collectivité Territoriale,Commune,['Ain'],['Auvergne-Rhône-Alpes'],COM,{01},{84}
03953032-f398-4ccc-b621-635af3ed8d9f,214100430,Commune de Châtillon-sur-Cher (41),false,{41043},Commune,2026-03-24 14:42:00.273698+01,gold_establishments_2025,,,,21410043000013,2025,Collectivité Territoriale,Commune,['Loir-et-Cher'],['Centre-Val de Loire'],COM,{41},{24}
03170575-d558-43e7-8d00-57c23af37471,217400647,Commune de Châtillon-sur-Cluses (74),false,{74064},Commune,2026-03-24 14:42:08.279287+01,gold_establishments_2025,,,,21740064700012,2025,Collectivité Territoriale,Commune,['Haute-Savoie'],['Auvergne-Rhône-Alpes'],COM,{74},{84}
40ef90bd-dc7a-425d-9285-c501edb178d8,215300641,Commune de Châtillon-sur-Colmont (53),false,{53064},Commune,2026-03-24 14:42:01.954481+01,gold_establishments_2025,,,,21530064100010,2025,Collectivité Territoriale,Commune,['Mayenne'],['Pays de la Loire'],COM,{53},{52}
a88ef0a1-f1f2-4bfc-a575-03090aee27b9,213600455,Commune de Châtillon-sur-Indre (36),false,{36045},Commune,2026-03-24 14:41:59.160244+01,gold_establishments_2025,,,,21360045500017,2025,Collectivité Territoriale,Commune,['Indre'],['Centre-Val de Loire'],COM,{36},{24}
7a4c88ea-b3ff-40cb-b1e9-10875277509d,214500878,Commune de Châtillon-sur-Loire (45),false,{45087},Commune,2026-03-24 14:42:00.862623+01,gold_establishments_2025,,,,21450087800019,2025,Collectivité Territoriale,Commune,['Loiret'],['Centre-Val de Loire'],COM,{45},{24}
000947fd-9010-40f7-8e6f-ade8cde08418,215101262,Commune de Châtillon-sur-Marne (51),false,{51136},Commune,2026-03-24 14:42:01.954481+01,gold_establishments_2025,,,,21510126200107,2025,Collectivité Territoriale,Commune,['Marne'],['Grand Est'],COM,{51},{44}
d994388e-df8f-4031-852d-569a0adfcc00,215101270,Commune de Châtillon-sur-Morin (51),false,{51137},Commune,2026-03-24 14:42:01.954481+01,gold_establishments_2025,,,,21510127000019,2025,Collectivité Territoriale,Commune,['Marne'],['Grand Est'],COM,{51},{44}
3a966aa2-7f02-4758-93a6-a1135b1892f1,210201570,Commune de Châtillon-sur-Oise (02),false,{02170},Commune,2026-03-24 14:41:51.447482+01,gold_establishments_2025,,,,21020157000012,2025,Collectivité Territoriale,Commune,['Aisne'],['Hauts-de-France'],COM,{02},{32}
51d6cdf9-4eb7-476c-bedb-5d3f47bd5b4d,218800969,Commune de Châtillon-sur-Saône (88),false,{88096},Commune,2026-03-24 14:42:11.118516+01,gold_establishments_2025,,,,21880096900014,2025,Collectivité Territoriale,Commune,['Vosges'],['Grand Est'],COM,{88},{44}
ee9654bd-c1e7-4864-a918-9ed30a7f537b,212101547,Commune de Châtillon-sur-Seine (21),false,{21154},Commune,2026-03-24 14:41:55.433389+01,gold_establishments_2025,,,,21210154700017,2025,Collectivité Territoriale,Commune,"[""Côte-d'Or""]",['Bourgogne-Franche-Comté'],COM,{21},{27}
21cdc46f-1bad-4640-8ab8-da94bc7e11a3,217900802,Commune de Châtillon-sur-Thouet (79),false,{79080},Commune,2026-03-24 14:42:09.43682+01,gold_establishments_2025,,,,21790080200018,2025,Collectivité Territoriale,Commune,['Deux-Sèvres'],['Nouvelle-Aquitaine'],COM,{79},{75}
30542630-d0d0-4879-a8c7-0775993229d6,215800665,Commune de Châtin (58),false,{58066},Commune,2026-03-24 14:42:04.280096+01,gold_establishments_2025,,,,21580066500014,2025,Collectivité Territoriale,Commune,['Nièvre'],['Bourgogne-Franche-Comté'],COM,{58},{27}
64c7acdf-c87d-444c-814c-2dd978417ddc,213800949,Commune de Châtonnay (38),false,{38094},Commune,2026-03-24 14:41:59.160244+01,gold_establishments_2025,,,,21380094900017,2025,Collectivité Territoriale,Commune,['Isère'],['Auvergne-Rhône-Alpes'],COM,{38},{84}
a90f8b0d-429e-44b3-814d-fd5e885dbbae,211000831,Commune de Châtres (10),false,{10089},Commune,2026-03-24 14:41:53.095366+01,gold_establishments_2025,,,,21100083100019,2025,Collectivité Territoriale,Commune,['Aube'],['Grand Est'],COM,{10},{44}
069edced-498a-4e62-b076-50cdf5931b3f,212401160,Commune de Châtres (24),false,{24116},Commune,2026-03-24 14:41:55.958138+01,gold_establishments_2025,,,,21240116000016,2025,Collectivité Territoriale,Commune,['Dordogne'],['Nouvelle-Aquitaine'],COM,{24},{75}
41828ecc-4b8f-439a-8827-85fca54faa74,217701044,Commune de Châtres (77),false,{77104},Commune,2026-03-24 14:42:08.818969+01,gold_establishments_2025,,,,21770104400018,2025,Collectivité Territoriale,Commune,['Seine-et-Marne'],['Île-de-France'],COM,{77},{11}
b5fd7aeb-5c09-48a7-a6cd-0ecac9459c55,214100448,Commune de Châtres-sur-Cher (41),false,{41044},Commune,2026-03-24 14:42:00.273698+01,gold_establishments_2025,,,,21410044800015,2025,Collectivité Territoriale,Commune,['Loir-et-Cher'],['Centre-Val de Loire'],COM,{41},{24}
26b0ed42-a5c5-4974-8f5f-a1ae5b8818d9,215101288,Commune de Châtrices (51),false,{51138},Commune,2026-03-24 14:42:01.954481+01,gold_establishments_2025,,,,21510128800011,2025,Collectivité Territoriale,Commune,['Marne'],['Grand Est'],COM,{51},{44}
462c0a89-305c-4922-92c6-cd4bf16d6f4b,219000262,Commune de Chèvremont (90),false,{90026},Commune,2026-03-24 14:42:11.659493+01,gold_establishments_2025,,,,21900026200010,2025,Collectivité Territoriale,Commune,['Territoire de Belfort'],['Bourgogne-Franche-Comté'],COM,{90},{27}
c31f565d-4a74-4e8a-9507-80004bb3f404,216001479,Commune de Chèvreville (60),false,{60148},Commune,2026-03-24 14:42:04.814328+01,gold_establishments_2025,,,,21600147900015,2025,Collectivité Territoriale,Commune,['Oise'],['Hauts-de-France'],COM,{60},{32}
605f7c15-fd87-45f6-b440-fc89c59acb18,216501452,Commune de Chèze (65),false,{65145},Commune,2026-03-24 14:42:06.665412+01,gold_establishments_2025,,,,21650145200017,2025,Collectivité Territoriale,Commune,['Hautes-Pyrénées'],['Occitanie'],COM,{65},{76}
fbb8e92b-7356-40f7-ac37-db55f47b5936,213801020,Commune de Chèzeneuve (38),false,{38102},Commune,2026-03-24 14:41:59.160244+01,gold_establishments_2025,,,,21380102000057,2025,Collectivité Territoriale,Commune,['Isère'],['Auvergne-Rhône-Alpes'],COM,{38},{84}
3d07da0f-c78c-4b38-ac50-3534c4ee13e6,214500894,Commune de Chécy (45),false,{45089},Commune,2026-03-24 14:42:00.862623+01,gold_establishments_2025,,,,21450089400016,2025,Collectivité Territoriale,Commune,['Loiret'],['Centre-Val de Loire'],COM,{45},{24}
7ebe1301-9039-42bd-8526-e9e1505c2f0f,213700669,Commune de Chédigny (37),false,{37066},Commune,2026-03-24 14:41:59.160244+01,gold_establishments_2025,,,,21370066900012,2025,Collectivité Territoriale,Commune,['Indre-et-Loire'],['Centre-Val de Loire'],COM,{37},{24}
ff272207-5fc8-4150-aca9-d25371358347,213201031,Commune de Chélan (32),false,{32103},Commune,2026-03-24 14:41:58.09424+01,gold_establishments_2025,,,,21320103100019,2025,Collectivité Territoriale,Commune,['Gers'],['Occitanie'],COM,{32},{76}
d69e9b97-b3c0-4369-a817-e12dd45e5cff,213800980,Commune de Chélieu (38),false,{38098},Commune,2026-03-24 14:41:59.160244+01,gold_establishments_2025,,,,21380098000012,2025,Collectivité Territoriale,Commune,['Isère'],['Auvergne-Rhône-Alpes'],COM,{38},{84}
62af53bd-bbca-4d38-9fe1-e8be47cb5f17,214100497,Commune de Chémery (41),false,{41049},Commune,2026-03-24 14:42:00.273698+01,gold_establishments_2025,,,,21410049700012,2025,Collectivité Territoriale,Commune,['Loir-et-Cher'],['Centre-Val de Loire'],COM,{41},{24}
f06f6a20-c998-4a90-ada6-91276690e640,200060366,Commune de Chémery-Chéhéry (08),false,{08115},Commune,2026-03-24 14:41:52.562531+01,gold_establishments_2025,,,,20006036600016,2025,Collectivité Territoriale,Commune,['Ardennes'],['Grand Est'],COM,{08},{44}
35c8fcda-3056-492d-b2af-3172da8764b0,215701368,Commune de Chémery-les-Deux (57),false,{57136},Commune,2026-03-24 14:42:03.701372+01,gold_establishments_2025,,,,21570136800015,2025,Collectivité Territoriale,Commune,['Moselle'],['Grand Est'],COM,{57},{44}
54fea1fb-e213-4ce0-9f20-52d98574b486,215300674,Commune de Chémeré-le-Roi (53),false,{53067},Commune,2026-03-24 14:42:01.954481+01,gold_establishments_2025,,,,21530067400011,2025,Collectivité Territoriale,Commune,['Mayenne'],['Pays de la Loire'],COM,{53},{52}
feb0a54c-b4b6-4e09-b69d-c8ca5911f389,216900530,Commune de Chénas (69),false,{69053},Commune,2026-03-24 14:42:07.195692+01,gold_establishments_2025,,,,21690053000017,2025,Collectivité Territoriale,Commune,['Rhône'],['Auvergne-Rhône-Alpes'],COM,{69},{84}
8e037e83-1e05-418a-8539-6119e3b8062b,216900548,Commune de Chénelette (69),false,{69054},Commune,2026-03-24 14:42:07.195692+01,gold_establishments_2025,,,,21690054800019,2025,Collectivité Territoriale,Commune,['Rhône'],['Auvergne-Rhône-Alpes'],COM,{69},{84}
ffc304e1-87cc-4053-9cc4-fdc0a98bfa46,212306203,Commune de Chéniers (23),false,{23062},Commune,2026-03-24 14:41:55.958138+01,gold_establishments_2025,,,,21230620300010,2025,Collectivité Territoriale,Commune,['Creuse'],['Nouvelle-Aquitaine'],COM,{23},{75}
9955b4f6-8e21-4066-a19c-9580f9bc3f80,212306104,Commune de Chénérailles (23),false,{23061},Commune,2026-03-24 14:41:55.958138+01,gold_establishments_2025,,,,21230610400010,2025,Collectivité Territoriale,Commune,['Creuse'],['Nouvelle-Aquitaine'],COM,{23},{75}
7f1b1e9b-84b7-440a-9feb-fc144757cdc5,218001824,Commune de Chépy (80),false,{80190},Commune,2026-03-24 14:42:09.967209+01,gold_establishments_2025,,,,21800182400018,2025,Collectivité Territoriale,Commune,['Somme'],['Hauts-de-France'],COM,{80},{32}
4cf63d4f-d5da-4d6d-9a2d-84ad96da485a,211701008,Commune de Chérac (17),false,{17100},Commune,2026-03-24 14:41:54.903238+01,gold_establishments_2025,,,,21170100800016,2025,Collectivité Territoriale,Commune,['Charente-Maritime'],['Nouvelle-Aquitaine'],COM,{17},{75}
4f60de5f-0822-4cdf-9391-9245ddb8467a,215300682,Commune de Chérancé (53),false,{53068},Commune,2026-03-24 14:42:01.954481+01,gold_establishments_2025,,,,21530068200014,2025,Collectivité Territoriale,Commune,['Mayenne'],['Pays de la Loire'],COM,{53},{52}
8b4292c4-2f93-405a-a6c3-3d6793aef619,217200781,Commune de Chérancé (72),false,{72078},Commune,2026-03-24 14:42:08.279287+01,gold_establishments_2025,,,,21720078100011,2025,Collectivité Territoriale,Commune,['Sarthe'],['Pays de la Loire'],COM,{72},{52}
6e7cadc3-3f24-4ac0-85d0-1c110dbc0598,216401885,Commune de Chéraute (64),false,{64188},Commune,2026-03-24 14:42:06.130387+01,gold_establishments_2025,,,,21640188500019,2025,Collectivité Territoriale,Commune,['Pyrénées-Atlantiques'],['Nouvelle-Aquitaine'],COM,{64},{75}
4aaef093-b8cc-4c0e-adfa-50051c702b4a,219501574,Commune de Chérence (95),false,{95157},Commune,2026-03-24 14:42:11.659493+01,gold_establishments_2025,,,,21950157400012,2025,Collectivité Territoriale,Commune,"[""Val-d'Oise""]",['Île-de-France'],COM,{95},{11}
29840b8f-ac21-48d1-936f-a5c3df62876c,215001306,Commune de Chérencé-le-Héron (50),false,{50130},Commune,2026-03-24 14:42:01.412377+01,gold_establishments_2025,,,,21500130600012,2025,Collectivité Territoriale,Commune,['Manche'],['Normandie'],COM,{50},{28}
5f8e4793-1677-4ff6-9c0f-2fe4b7d1ecc9,215901463,Commune de Chéreng (59),false,{59146},Commune,2026-03-24 14:42:04.280096+01,gold_establishments_2025,,,,21590146300012,2025,Collectivité Territoriale,Commune,['Nord'],['Hauts-de-France'],COM,{59},{32}
5fe41c30-2a28-4d24-8a44-a2d923ef5c42,216202226,Commune de Chériennes (62),false,{62222},Commune,2026-03-24 14:42:05.597325+01,gold_establishments_2025,,,,21620222600017,2025,Collectivité Territoriale,Commune,['Pas-de-Calais'],['Hauts-de-France'],COM,{62},{32}
3abf347d-8e45-4c2c-982c-f531e097e3a9,217900851,Commune de Chérigné (79),false,{79085},Commune,2026-03-24 14:42:09.43682+01,gold_establishments_2025,,,,21790085100015,2025,Collectivité Territoriale,Commune,['Deux-Sèvres'],['Nouvelle-Aquitaine'],COM,{79},{75}
fedd5c68-b611-4129-aeaf-217ef2b2aab1,217200799,Commune de Chérisay (72),false,{72079},Commune,2026-03-24 14:42:08.279287+01,gold_establishments_2025,,,,21720079900013,2025,Collectivité Territoriale,Commune,['Sarthe'],['Pays de la Loire'],COM,{72},{52}
ff8642b5-5f3f-401d-ac5e-3e0e5315bb15,215701392,Commune de Chérisey (57),false,{57139},Commune,2026-03-24 14:42:03.701372+01,gold_establishments_2025,,,,21570139200015,2025,Collectivité Territoriale,Commune,['Moselle'],['Grand Est'],COM,{57},{44}
be28fb8c-3755-453a-a723-20f079b2d6c8,216202234,Commune de Chérisy (62),false,{62223},Commune,2026-03-24 14:42:05.597325+01,gold_establishments_2025,,,,21620223400011,2025,Collectivité Territoriale,Commune,['Pas-de-Calais'],['Hauts-de-France'],COM,{62},{32}
b179d509-95c4-4e56-9fef-41f832a818ed,217101252,Commune de Chérizet (71),false,{71125},Commune,2026-03-24 14:42:07.735343+01,gold_establishments_2025,,,,21710125200013,2025,Collectivité Territoriale,Commune,['Saône-et-Loire'],['Bourgogne-Franche-Comté'],COM,{71},{27}
9ee9cfb2-2f28-4b69-a573-6437259e442d,218704401,Commune de Chéronnac (87),false,{87044},Commune,2026-03-24 14:42:11.118516+01,gold_establishments_2025,,,,21870440100015,2025,Collectivité Territoriale,Commune,['Haute-Vienne'],['Nouvelle-Aquitaine'],COM,{87},{75}
cf1f36aa-88f3-4dd9-a4f1-2fb75fa85fdb,212701569,Commune de Chéronvilliers (27),false,{27156},Commune,2026-03-24 14:41:57.028721+01,gold_establishments_2025,,,,21270156900015,2025,Collectivité Territoriale,Commune,['Eure'],['Normandie'],COM,{27},{28}
75db5998-fc88-4662-a7bf-d0defc9aba46,218901007,Commune de Chéroy (89),false,{89100},Commune,2026-03-24 14:42:11.118516+01,gold_establishments_2025,,,,21890100700011,2025,Collectivité Territoriale,Commune,['Yonne'],['Bourgogne-Franche-Comté'],COM,{89},{27}
cd95c9f4-73ee-4704-9b8c-7e2d46f62e5b,211800644,Commune de Chéry (18),false,{18064},Commune,2026-03-24 14:41:54.903238+01,gold_establishments_2025,,,,21180064400018,2025,Collectivité Territoriale,Commune,['Cher'],['Centre-Val de Loire'],COM,{18},{24}
5a3ac602-208c-4914-afa1-2e5c4d3ca7f7,210201661,Commune de Chéry-Chartreuve (02),false,{02179},Commune,2026-03-24 14:41:51.447482+01,gold_establishments_2025,,,,21020166100019,2025,Collectivité Territoriale,Commune,['Aisne'],['Hauts-de-France'],COM,{02},{32}
36a687e8-44c2-4b40-9477-3ae7dae487a1,210201679,Commune de Chéry-lès-Pouilly (02),false,{02180},Commune,2026-03-24 14:41:51.447482+01,gold_establishments_2025,,,,21020167900011,2025,Collectivité Territoriale,Commune,['Aisne'],['Hauts-de-France'],COM,{02},{32}
dfc70bcc-a975-4b82-bdba-87ae789ddf96,210201687,Commune de Chéry-lès-Rozoy (02),false,{02181},Commune,2026-03-24 14:41:51.447482+01,gold_establishments_2025,,,,21020168700014,2025,Collectivité Territoriale,Commune,['Aisne'],['Hauts-de-France'],COM,{02},{32}
cc0aaaf5-618b-4419-8916-c44d978aa68b,210201646,Commune de Chérêt (02),false,{02177},Commune,2026-03-24 14:41:51.447482+01,gold_establishments_2025,,,,21020164600010,2025,Collectivité Territoriale,Commune,['Aisne'],['Hauts-de-France'],COM,{02},{32}
9195e877-d39e-481f-8fcb-4d4fdbc27e36,218901015,Commune de Chéu (89),false,{89101},Commune,2026-03-24 14:42:11.118516+01,gold_establishments_2025,,,,21890101500014,2025,Collectivité Territoriale,Commune,['Yonne'],['Bourgogne-Franche-Comté'],COM,{89},{27}
ad6563b0-b630-4d0c-a6f3-2b86c9ee6c8f,200031375,Commune de Chézeaux (52),false,{52124},Commune,2026-03-24 14:42:01.954481+01,gold_establishments_2025,,,,20003137500013,2025,Collectivité Territoriale,Commune,['Haute-Marne'],['Grand Est'],COM,{52},{44}
4199821d-41e7-4050-8706-024dd01157af,210101044,Commune de Chézery-Forens (01),false,{01104},Commune,2026-03-24 14:41:51.447482+01,gold_establishments_2025,,,,21010104400019,2025,Collectivité Territoriale,Commune,['Ain'],['Auvergne-Rhône-Alpes'],COM,{01},{84}
8fa3ce69-5c69-4ea6-b2b2-eb21016261c6,210300760,Commune de Chézy (03),false,{03076},Commune,2026-03-24 14:41:52.020251+01,gold_establishments_2025,,,,21030076000019,2025,Collectivité Territoriale,Commune,['Allier'],['Auvergne-Rhône-Alpes'],COM,{03},{84}
b47268a0-b3be-40cc-b05c-a04f1a6f01bb,210201729,Commune de Chézy-en-Orxois (02),false,{02185},Commune,2026-03-24 14:41:51.447482+01,gold_establishments_2025,,,,21020172900014,2025,Collectivité Territoriale,Commune,['Aisne'],['Hauts-de-France'],COM,{02},{32}
f72a449f-a933-435d-8ffd-193147cbc776,210201737,Commune de Chézy-sur-Marne (02),false,{02186},Commune,2026-03-24 14:41:51.447482+01,gold_establishments_2025,,,,21020173700017,2025,Collectivité Territoriale,Commune,['Aisne'],['Hauts-de-France'],COM,{02},{32}
e54a19f1-b777-465a-a7c1-3c9e740a9254,213901390,Commune de Chêne-Bernard (39),false,{39139},Commune,2026-03-24 14:41:59.705606+01,gold_establishments_2025,,,,21390139000012,2025,Collectivité Territoriale,Commune,['Jura'],['Bourgogne-Franche-Comté'],COM,{39},{27}
954b2889-1f75-4473-b49e-9d39d1ce853b,213901408,Commune de Chêne-Sec (39),false,{39140},Commune,2026-03-24 14:41:59.705606+01,gold_establishments_2025,,,,21390140800012,2025,Collectivité Territoriale,Commune,['Jura'],['Bourgogne-Franche-Comté'],COM,{39},{27}
3ea27a64-8e70-4931-8924-af96954390cc,217400688,Commune de Chêne-en-Semine (74),false,{74068},Commune,2026-03-24 14:42:08.279287+01,gold_establishments_2025,,,,21740068800016,2025,Collectivité Territoriale,Commune,['Haute-Savoie'],['Auvergne-Rhône-Alpes'],COM,{74},{84}
8027e483-2f9f-4378-beb2-e35b7793913e,217400696,Commune de Chênex (74),false,{74069},Commune,2026-03-24 14:42:08.279287+01,gold_establishments_2025,,,,21740069600019,2025,Collectivité Territoriale,Commune,['Haute-Savoie'],['Auvergne-Rhône-Alpes'],COM,{74},{84}
8c4f130d-46f6-42f4-bb11-682b10669b23,213101413,Commune de Ciadoux (31),false,{31141},Commune,2026-03-24 14:41:57.56054+01,gold_establishments_2025,,,,21310141300010,2025,Collectivité Territoriale,Commune,['Haute-Garonne'],['Occitanie'],COM,{31},{76}
0994dc1a-6957-4e32-a4b1-cab75826dc7f,212000897,Commune de Ciamannacce (2A),false,{2A089},Commune,2026-03-24 14:41:57.56054+01,gold_establishments_2025,,,,21200089700018,2025,Collectivité Territoriale,Commune,['Corse-du-Sud'],['Corse'],COM,{2A},{94}
3e028699-4f9b-4a10-8a56-5b65edaa9791,216401893,Commune de Ciboure (64),false,{64189},Commune,2026-03-24 14:42:06.130387+01,gold_establishments_2025,,,,21640189300013,2025,Collectivité Territoriale,Commune,['Pyrénées-Atlantiques'],['Nouvelle-Aquitaine'],COM,{64},{75}
15f3cf0d-b15c-4b0d-91a1-0133c1623b95,217601749,Commune de Cideville (76),false,{76174},Commune,2026-03-24 14:42:08.818969+01,gold_establishments_2025,,,,21760174900013,2025,Collectivité Territoriale,Commune,['Seine-Maritime'],['Normandie'],COM,{76},{28}
ecaf73ff-8b30-499e-a74f-475b58169a51,213101421,Commune de Cier-de-Luchon (31),false,{31142},Commune,2026-03-24 14:41:57.56054+01,gold_establishments_2025,,,,21310142100013,2025,Collectivité Territoriale,Commune,['Haute-Garonne'],['Occitanie'],COM,{31},{76}
9f8b0c4e-5ec8-4a40-820f-9e1391dd6142,213101439,Commune de Cier-de-Rivière (31),false,{31143},Commune,2026-03-24 14:41:57.56054+01,gold_establishments_2025,,,,21310143900015,2025,Collectivité Territoriale,Commune,['Haute-Garonne'],['Occitanie'],COM,{31},{76}
9607b640-f939-46ab-8f08-bcce036d15c2,210208260,Commune de Cierges (02),false,{02193},Commune,2026-03-24 14:41:51.447482+01,gold_establishments_2025,,,,21020826000013,2025,Collectivité Territoriale,Commune,['Aisne'],['Hauts-de-France'],COM,{02},{32}
168cd4d5-6ebb-477c-9cbe-ed6aa9f55491,215501156,Commune de Cierges-sous-Montfaucon (55),false,{55115},Commune,2026-03-24 14:42:02.957225+01,gold_establishments_2025,,,,21550115600016,2025,Collectivité Territoriale,Commune,['Meuse'],['Grand Est'],COM,{55},{44}
32f3b3c2-ba7e-45a1-93d3-1ec7aa0831c3,213101447,Commune de Cierp-Gaud (31),false,{31144},Commune,2026-03-24 14:41:57.56054+01,gold_establishments_2025,,,,21310144700018,2025,Collectivité Territoriale,Commune,['Haute-Garonne'],['Occitanie'],COM,{31},{76}
c662ab97-bd80-4d42-aed7-097b2b16fbc0,212701585,Commune de Cierrey (27),false,{27158},Commune,2026-03-24 14:41:57.028721+01,gold_establishments_2025,,,,21270158500011,2025,Collectivité Territoriale,Commune,['Eure'],['Normandie'],COM,{27},{28}
65797716-17fc-4ed6-8fb2-37f43bfffe54,211701065,Commune de Cierzac (17),false,{17106},Commune,2026-03-24 14:41:54.903238+01,gold_establishments_2025,,,,21170106500016,2025,Collectivité Territoriale,Commune,['Charente-Maritime'],['Nouvelle-Aquitaine'],COM,{17},{75}
bccfb2d8-d3b3-4953-809c-012f35437d99,214600702,Commune de Cieurac (46),false,{46070},Commune,2026-03-24 14:42:00.862623+01,gold_establishments_2025,,,,21460070200010,2025,Collectivité Territoriale,Commune,['Lot'],['Occitanie'],COM,{46},{76}
3b67a254-6815-40e5-bd23-b58ce5d0df12,216501478,Commune de Cieutat (65),false,{65147},Commune,2026-03-24 14:42:06.665412+01,gold_establishments_2025,,,,21650147800012,2025,Collectivité Territoriale,Commune,['Hautes-Pyrénées'],['Occitanie'],COM,{65},{76}
426496a7-601e-4620-bb02-6b9333b54ab5,218704500,Commune de Cieux (87),false,{87045},Commune,2026-03-24 14:42:11.118516+01,gold_establishments_2025,,,,21870450000014,2025,Collectivité Territoriale,Commune,['Haute-Vienne'],['Nouvelle-Aquitaine'],COM,{87},{75}
d4105ed2-5f2c-4454-810d-6b7d31edd992,215800772,Commune de Ciez (58),false,{58077},Commune,2026-03-24 14:42:04.280096+01,gold_establishments_2025,,,,21580077200018,2025,Collectivité Territoriale,Commune,['Nièvre'],['Bourgogne-Franche-Comté'],COM,{58},{27}
53e286c8-31de-47bb-bb3a-a02bcba95bd6,213700750,Commune de Cigogné (37),false,{37075},Commune,2026-03-24 14:41:59.160244+01,gold_establishments_2025,,,,21370075000010,2025,Collectivité Territoriale,Commune,['Indre-et-Loire'],['Centre-Val de Loire'],COM,{37},{24}
6806099a-470c-4346-a4fd-ef73a4b3d8b3,219740248,Commune de Cilaos (974),false,{97424},Commune,2026-03-24 14:42:11.659493+01,gold_establishments_2025,,,,21974024800014,2025,Collectivité Territoriale,Commune,['La Réunion'],['La Réunion'],COM,{974},{04}
bc074ff7-ca5f-4f35-9fa8-af76435e163e,210201810,Commune de Cilly (02),false,{02194},Commune,2026-03-24 14:41:51.447482+01,gold_establishments_2025,,,,21020181000012,2025,Collectivité Territoriale,Commune,['Aisne'],['Hauts-de-France'],COM,{02},{32}
60685f06-4955-4cd4-9179-998915f75a1d,213700768,Commune de Cinais (37),false,{37076},Commune,2026-03-24 14:41:59.160244+01,gold_establishments_2025,,,,21370076800012,2025,Collectivité Territoriale,Commune,['Indre-et-Loire'],['Centre-Val de Loire'],COM,{37},{24}
427bc46e-9e4e-4489-bdfd-11566399d4a3,210300794,Commune de Cindré (03),false,{03079},Commune,2026-03-24 14:41:52.020251+01,gold_establishments_2025,,,,21030079400018,2025,Collectivité Territoriale,Commune,['Allier'],['Auvergne-Rhône-Alpes'],COM,{03},{84}
c5e3df2c-be47-42a2-a730-0039830f3ceb,213700776,Commune de Cinq-Mars-la-Pile (37),false,{37077},Commune,2026-03-24 14:41:59.160244+01,gold_establishments_2025,,,,21370077600015,2025,Collectivité Territoriale,Commune,['Indre-et-Loire'],['Centre-Val de Loire'],COM,{37},{24}
a7c0e2a2-22af-455d-a331-a816c02915b4,216001537,Commune de Cinqueux (60),false,{60154},Commune,2026-03-24 14:42:04.814328+01,gold_establishments_2025,,,,21600153700010,2025,Collectivité Territoriale,Commune,['Oise'],['Hauts-de-France'],COM,{60},{32}
6ba1b624-7194-4182-b87f-33b04abac77d,213101454,Commune de Cintegabelle (31),false,{31145},Commune,2026-03-24 14:41:57.56054+01,gold_establishments_2025,,,,21310145400014,2025,Collectivité Territoriale,Commune,['Haute-Garonne'],['Occitanie'],COM,{31},{76}
34517c10-170e-4f69-844b-d92789527c5a,211401609,Commune de Cintheaux (14),false,{14160},Commune,2026-03-24 14:41:53.63825+01,gold_establishments_2025,,,,21140160900014,2025,Collectivité Territoriale,Commune,['Calvados'],['Normandie'],COM,{14},{28}
21ca5b78-34e6-47e7-bef4-2509b0978a5b,212801005,Commune de Cintray (28),false,{28100},Commune,2026-03-24 14:41:57.028721+01,gold_establishments_2025,,,,21280100500019,2025,Collectivité Territoriale,Commune,['Eure-et-Loir'],['Centre-Val de Loire'],COM,{28},{24}
84f84969-f249-4505-bef3-46a1eaa74c94,217001536,Commune de Cintrey (70),false,{70153},Commune,2026-03-24 14:42:07.735343+01,gold_establishments_2025,,,,21700153600010,2025,Collectivité Territoriale,Commune,['Haute-Saône'],['Bourgogne-Franche-Comté'],COM,{70},{27}
0f41f5e3-dee9-4197-b6d0-219a7e9b55e4,213500804,Commune de Cintré (35),false,{35080},Commune,2026-03-24 14:41:58.620411+01,gold_establishments_2025,,,,21350080400108,2025,Collectivité Territoriale,Commune,['Ille-et-Vilaine'],['Bretagne'],COM,{35},{53}
4c19b65d-434b-412e-a158-16465032e287,210600417,Commune de Cipières (06),false,{06041},Commune,2026-03-24 14:41:52.562531+01,gold_establishments_2025,,,,21060041700013,2025,Collectivité Territoriale,Commune,['Alpes-Maritimes'],"[""Provence-Alpes-Côte d'Azur""]",COM,{06},{93}
c336ad0b-e318-4c53-8422-aa44b11f495b,216101071,Commune de Ciral (61),false,{61107},Commune,2026-03-24 14:42:04.814328+01,gold_establishments_2025,,,,21610107100019,2025,Collectivité Territoriale,Commune,['Orne'],['Normandie'],COM,{61},{28}
04f48084-3588-433f-a435-89bc2e6a6852,213700784,Commune de Ciran (37),false,{37078},Commune,2026-03-24 14:41:59.160244+01,gold_establishments_2025,,,,21370078400019,2025,Collectivité Territoriale,Commune,['Indre-et-Loire'],['Centre-Val de Loire'],COM,{37},{24}
c742de25-7e52-4094-9f59-c76401172b55,218801033,Commune de Circourt (88),false,{88103},Commune,2026-03-24 14:42:11.118516+01,gold_establishments_2025,,,,21880103300018,2025,Collectivité Territoriale,Commune,['Vosges'],['Grand Est'],COM,{88},{44}
2c701306-61c0-4efd-8e27-ba66214b70d9,218801041,Commune de Circourt-sur-Mouzon (88),false,{88104},Commune,2026-03-24 14:42:11.118516+01,gold_establishments_2025,,,,21880104100045,2025,Collectivité Territoriale,Commune,['Vosges'],['Grand Est'],COM,{88},{44}
1a6e7576-c844-4b44-b64e-e053b9787ac9,216001545,Commune de Cires-lès-Mello (60),false,{60155},Commune,2026-03-24 14:42:04.814328+01,gold_establishments_2025,,,,21600154500013,2025,Collectivité Territoriale,Commune,['Oise'],['Hauts-de-France'],COM,{60},{32}
ddd089ec-4dbb-4be1-9f84-de1c835cbb2b,217001544,Commune de Cirey (70),false,{70154},Commune,2026-03-24 14:42:07.735343+01,gold_establishments_2025,,,,21700154400014,2025,Collectivité Territoriale,Commune,['Haute-Saône'],['Bourgogne-Franche-Comté'],COM,{70},{27}
3fe162f5-7edf-4c28-8e0d-c140fa0b1826,215200890,Commune de Cirey-lès-Mareilles (52),false,{52128},Commune,2026-03-24 14:42:01.954481+01,gold_establishments_2025,,,,21520089000014,2025,Collectivité Territoriale,Commune,['Haute-Marne'],['Grand Est'],COM,{52},{44}
f670ffed-7829-4fa5-a3ad-c70b3612edc5,212101752,Commune de Cirey-lès-Pontailler (21),false,{21175},Commune,2026-03-24 14:41:55.433389+01,gold_establishments_2025,,,,21210175200013,2025,Collectivité Territoriale,Commune,"[""Côte-d'Or""]",['Bourgogne-Franche-Comté'],COM,{21},{27}
153464fb-d33b-463b-baea-2c6f47b2e033,215200908,Commune de Cirey-sur-Blaise (52),false,{52129},Commune,2026-03-24 14:42:01.954481+01,gold_establishments_2025,,,,21520090800014,2025,Collectivité Territoriale,Commune,['Haute-Marne'],['Grand Est'],COM,{52},{44}
27502d86-7243-4e1a-b5df-1a69ca05c255,215401290,Commune de Cirey-sur-Vezouze (54),false,{54129},Commune,2026-03-24 14:42:02.957225+01,gold_establishments_2025,,,,21540129000014,2025,Collectivité Territoriale,Commune,['Meurthe-et-Moselle'],['Grand Est'],COM,{54},{44}
d8fe1c2a-2388-410e-be48-419295619241,215200916,Commune de Cirfontaines-en-Azois (52),false,{52130},Commune,2026-03-24 14:42:01.954481+01,gold_establishments_2025,,,,21520091600017,2025,Collectivité Territoriale,Commune,['Haute-Marne'],['Grand Est'],COM,{52},{44}
bcc58ebc-5d1c-4a2b-9c5a-5209ec66a0de,215200924,Commune de Cirfontaines-en-Ornois (52),false,{52131},Commune,2026-03-24 14:42:01.954481+01,gold_establishments_2025,,,,21520092400011,2025,Collectivité Territoriale,Commune,['Haute-Marne'],['Grand Est'],COM,{52},{44}
f4e57351-aa8f-46ab-a549-84771869ec0c,217900919,Commune de Cirières (79),false,{79091},Commune,2026-03-24 14:42:09.43682+01,gold_establishments_2025,,,,21790091900010,2025,Collectivité Territoriale,Commune,['Deux-Sèvres'],['Nouvelle-Aquitaine'],COM,{79},{75}
9f3682d5-b06f-48e7-a4f8-197f8ec19176,213600539,Commune de Ciron (36),false,{36053},Commune,2026-03-24 14:41:59.160244+01,gold_establishments_2025,,,,21360053900018,2025,Collectivité Territoriale,Commune,['Indre'],['Centre-Val de Loire'],COM,{36},{24}
ecd3076e-677a-488a-abc7-510e79ed36a2,210201828,Commune de Ciry-Salsogne (02),false,{02195},Commune,2026-03-24 14:41:51.447482+01,gold_establishments_2025,,,,21020182800014,2025,Collectivité Territoriale,Commune,['Aisne'],['Hauts-de-France'],COM,{02},{32}
917723e4-9e0f-4581-bfa4-03b18a0d9558,217101328,Commune de Ciry-le-Noble (71),false,{71132},Commune,2026-03-24 14:42:07.735343+01,gold_establishments_2025,,,,21710132800011,2025,Collectivité Territoriale,Commune,['Saône-et-Loire'],['Bourgogne-Franche-Comté'],COM,{71},{27}
54118987-b730-407f-ba09-ee02f469250c,213101462,Commune de Cirès (31),false,{31146},Commune,2026-03-24 14:41:57.56054+01,gold_establishments_2025,,,,21310146200017,2025,Collectivité Territoriale,Commune,['Haute-Garonne'],['Occitanie'],COM,{31},{76}
127acbcb-3b25-40b4-a4d5-d5c5a64d86f7,211701073,Commune de Ciré-d'Aunis (17),false,{17107},Commune,2026-03-24 14:41:54.903238+01,gold_establishments_2025,,,,21170107300010,2025,Collectivité Territoriale,Commune,['Charente-Maritime'],['Nouvelle-Aquitaine'],COM,{17},{75}
0456d214-c0b5-4f10-a5bf-1b09c0d56e7c,216101089,Commune de Cisai-Saint-Aubin (61),false,{61108},Commune,2026-03-24 14:42:04.814328+01,gold_establishments_2025,,,,21610108900011,2025,Collectivité Territoriale,Commune,['Orne'],['Normandie'],COM,{61},{28}
12ecb8ed-76b8-457e-9b16-3a6c0e9b7781,213301252,Commune de Cissac-Médoc (33),false,{33125},Commune,2026-03-24 14:41:58.620411+01,gold_establishments_2025,,,,21330125200010,2025,Collectivité Territoriale,Commune,['Gironde'],['Nouvelle-Aquitaine'],COM,{33},{75}
467d4b03-ab7f-4192-a121-2d80cfd51b3a,218600765,Commune de Cissé (86),false,{86076},Commune,2026-03-24 14:42:10.508772+01,gold_establishments_2025,,,,21860076500018,2025,Collectivité Territoriale,Commune,['Vienne'],['Nouvelle-Aquitaine'],COM,{86},{75}
1632bd99-5c52-4242-b727-4df537b920f5,216301101,Commune de Cisternes-la-Forêt (63),false,{63110},Commune,2026-03-24 14:42:06.130387+01,gold_establishments_2025,,,,21630110100012,2025,Collectivité Territoriale,Commune,['Puy-de-Dôme'],['Auvergne-Rhône-Alpes'],COM,{63},{84}
1e083773-1da1-4aa4-81ed-9c1d5c827b04,214300733,Commune de Cistrières (43),false,{43073},Commune,2026-03-24 14:42:00.273698+01,gold_establishments_2025,,,,21430073300018,2025,Collectivité Territoriale,Commune,['Haute-Loire'],['Auvergne-Rhône-Alpes'],COM,{43},{84}
e9021e70-e1aa-45cd-b74d-eb9dc5b8fdb3,218001881,Commune de Citerne (80),false,{80196},Commune,2026-03-24 14:42:09.967209+01,gold_establishments_2025,,,,21800188100018,2025,Collectivité Territoriale,Commune,['Somme'],['Hauts-de-France'],COM,{80},{32}
6993f7dd-71ac-4036-93ac-0e8bbeeb4b81,217001551,Commune de Citers (70),false,{70155},Commune,2026-03-24 14:42:07.735343+01,gold_establishments_2025,,,,21700155100019,2025,Collectivité Territoriale,Commune,['Haute-Saône'],['Bourgogne-Franche-Comté'],COM,{70},{27}
b417d697-12f8-4a7b-ae2c-d3d13c8028e2,217001569,Commune de Citey (70),false,{70156},Commune,2026-03-24 14:42:07.735343+01,gold_establishments_2025,,,,21700156900011,2025,Collectivité Territoriale,Commune,['Haute-Saône'],['Bourgogne-Franche-Comté'],COM,{70},{27}
2aa40422-6f80-4696-bd6c-e27494242049,211100920,Commune de Citou (11),false,{11092},Commune,2026-03-24 14:41:53.63825+01,gold_establishments_2025,,,,21110092000019,2025,Collectivité Territoriale,Commune,['Aude'],['Occitanie'],COM,{11},{76}
f7244d2b-7c8b-4af6-b98c-c73b0d7e407c,217701176,Commune de Citry (77),false,{77117},Commune,2026-03-24 14:42:08.818969+01,gold_establishments_2025,,,,21770117600018,2025,Collectivité Territoriale,Commune,['Seine-et-Marne'],['Île-de-France'],COM,{77},{11}
3680f413-677f-4c36-a96d-ba07b3a85e6a,218600773,Commune de Civaux (86),false,{86077},Commune,2026-03-24 14:42:10.508772+01,gold_establishments_2025,,,,21860077300012,2025,Collectivité Territoriale,Commune,['Vienne'],['Nouvelle-Aquitaine'],COM,{86},{75}
7d3cbebe-6215-4556-ae88-7fad9e10c74d,214200651,Commune de Civens (42),false,{42065},Commune,2026-03-24 14:42:00.273698+01,gold_establishments_2025,,,,21420065100013,2025,Collectivité Territoriale,Commune,['Loire'],['Auvergne-Rhône-Alpes'],COM,{42},{84}
c84b610d-e924-405d-9ead-8900d2949b10,213301260,Commune de Civrac-de-Blaye (33),false,{33126},Commune,2026-03-24 14:41:58.620411+01,gold_establishments_2025,,,,21330126000013,2025,Collectivité Territoriale,Commune,['Gironde'],['Nouvelle-Aquitaine'],COM,{33},{75}
1c0d2ba6-308a-4070-9536-98261a01881b,213301286,Commune de Civrac-en-Médoc (33),false,{33128},Commune,2026-03-24 14:41:58.620411+01,gold_establishments_2025,,,,21330128600018,2025,Collectivité Territoriale,Commune,['Gironde'],['Nouvelle-Aquitaine'],COM,{33},{75}
6560cb26-3413-4deb-bda6-8b263ac6e9d1,213301278,Commune de Civrac-sur-Dordogne (33),false,{33127},Commune,2026-03-24 14:41:58.620411+01,gold_establishments_2025,,,,21330127800015,2025,Collectivité Territoriale,Commune,['Gironde'],['Nouvelle-Aquitaine'],COM,{33},{75}
2b069dd1-b2b4-44af-8877-de6aed8489fb,211800669,Commune de Civray (18),false,{18066},Commune,2026-03-24 14:41:54.903238+01,gold_establishments_2025,,,,21180066900031,2025,Collectivité Territoriale,Commune,['Cher'],['Centre-Val de Loire'],COM,{18},{24}
73447302-c818-45fb-a95b-e80e8ceaf953,218600781,Commune de Civray (86),false,{86078},Commune,2026-03-24 14:42:10.508772+01,gold_establishments_2025,,,,21860078100015,2025,Collectivité Territoriale,Commune,['Vienne'],['Nouvelle-Aquitaine'],COM,{86},{75}
1ad32427-5d27-4567-af20-16b5147c574d,213700792,Commune de Civray-de-Touraine (37),false,{37079},Commune,2026-03-24 14:41:59.160244+01,gold_establishments_2025,,,,21370079200012,2025,Collectivité Territoriale,Commune,['Indre-et-Loire'],['Centre-Val de Loire'],COM,{37},{24}
e878afb9-69d1-4c10-a588-427a4d24abfa,213700800,Commune de Civray-sur-Esves (37),false,{37080},Commune,2026-03-24 14:41:59.160244+01,gold_establishments_2025,,,,21370080000013,2025,Collectivité Territoriale,Commune,['Indre-et-Loire'],['Centre-Val de Loire'],COM,{37},{24}
5518604e-c92b-4b19-b024-4d6521756672,210101051,Commune de Civrieux (01),false,{01105},Commune,2026-03-24 14:41:51.447482+01,gold_establishments_2025,,,,21010105100014,2025,Collectivité Territoriale,Commune,['Ain'],['Auvergne-Rhône-Alpes'],COM,{01},{84}
97c0d488-5801-45ea-9959-88fa6276961d,216900597,Commune de Civrieux-d'Azergues (69),false,{69059},Commune,2026-03-24 14:42:07.195692+01,gold_establishments_2025,,,,21690059700016,2025,Collectivité Territoriale,Commune,['Rhône'],['Auvergne-Rhône-Alpes'],COM,{69},{84}
564784c9-854e-414c-9641-e787fede3fd2,212101760,Commune de Civry-en-Montagne (21),false,{21176},Commune,2026-03-24 14:41:55.433389+01,gold_establishments_2025,,,,21210176000016,2025,Collectivité Territoriale,Commune,"[""Côte-d'Or""]",['Bourgogne-Franche-Comté'],COM,{21},{27}
2add6ae6-e844-4670-96a6-07947847353e,217801638,Commune de Civry-la-Forêt (78),false,{78163},Commune,2026-03-24 14:42:09.43682+01,gold_establishments_2025,,,,21780163800016,2025,Collectivité Territoriale,Commune,['Yvelines'],['Île-de-France'],COM,{78},{11}
28b4fd22-48a9-42ff-b4f5-69fd40e2a7f2,218001899,Commune de Cizancourt (80),false,{80197},Commune,2026-03-24 14:42:09.967209+01,gold_establishments_2025,,,,21800189900010,2025,Collectivité Territoriale,Commune,['Somme'],['Hauts-de-France'],COM,{80},{32}
386b7411-ba72-4126-b306-07369e47ffc7,214901001,Commune de Cizay-la-Madeleine (49),false,{49100},Commune,2026-03-24 14:42:01.412377+01,gold_establishments_2025,,,,21490100100013,2025,Collectivité Territoriale,Commune,['Maine-et-Loire'],['Pays de la Loire'],COM,{49},{52}
966c4f6d-75c5-444f-a85a-a59ab84c4794,210101069,Commune de Cize (01),false,{01106},Commune,2026-03-24 14:41:51.447482+01,gold_establishments_2025,,,,21010106900016,2025,Collectivité Territoriale,Commune,['Ain'],['Auvergne-Rhône-Alpes'],COM,{01},{84}
c4374449-c194-49af-90bc-6be2944e1716,213901531,Commune de Cize (39),false,{39153},Commune,2026-03-24 14:41:59.705606+01,gold_establishments_2025,,,,21390153100011,2025,Collectivité Territoriale,Commune,['Jura'],['Bourgogne-Franche-Comté'],COM,{39},{27}
d56cdd57-30ef-4464-b4fb-07cba8236a37,215800780,Commune de Cizely (58),false,{58078},Commune,2026-03-24 14:42:04.280096+01,gold_establishments_2025,,,,21580078000011,2025,Collectivité Territoriale,Commune,['Nièvre'],['Bourgogne-Franche-Comté'],COM,{58},{27}
ee76fe8c-597d-426f-b9ab-57d6461b0dff,216501486,Commune de Cizos (65),false,{65148},Commune,2026-03-24 14:42:06.665412+01,gold_establishments_2025,,,,21650148600015,2025,Collectivité Territoriale,Commune,['Hautes-Pyrénées'],['Occitanie'],COM,{65},{76}
ff878261-0575-4b61-9aa9-2e37f4053c55,210201836,Commune de Clacy-et-Thierret (02),false,{02196},Commune,2026-03-24 14:41:51.447482+01,gold_establishments_2025,,,,21020183600017,2025,Collectivité Territoriale,Commune,['Aisne'],['Hauts-de-France'],COM,{02},{32}
fdbcb593-1a51-4539-84a8-32454024d3f3,212401228,Commune de Cladech (24),false,{24122},Commune,2026-03-24 14:41:55.958138+01,gold_establishments_2025,,,,21240122800011,2025,Collectivité Territoriale,Commune,['Dordogne'],['Nouvelle-Aquitaine'],COM,{24},{75}
b8142b48-c905-4da4-b827-7e0f2fdbbda3,216600502,Commune de Claira (66),false,{66050},Commune,2026-03-24 14:42:06.665412+01,gold_establishments_2025,,,,21660050200019,2025,Collectivité Territoriale,Commune,['Pyrénées-Orientales'],['Occitanie'],COM,{66},{76}
87fe27ec-4891-48e2-b317-0142b685bfa4,214700650,Commune de Clairac (47),false,{47065},Commune,2026-03-24 14:42:00.862623+01,gold_establishments_2025,,,,21470065000010,2025,Collectivité Territoriale,Commune,['Lot-et-Garonne'],['Nouvelle-Aquitaine'],COM,{47},{75}
4b6d1e79-e126-4ec5-aadd-14a4bf4030e2,212306302,Commune de Clairavaux (23),false,{23063},Commune,2026-03-24 14:41:55.958138+01,gold_establishments_2025,,,,21230630200010,2025,Collectivité Territoriale,Commune,['Creuse'],['Nouvelle-Aquitaine'],COM,{23},{75}
ed8199a3-a7f0-4548-8f99-bcf716032d06,217801646,Commune de Clairefontaine-en-Yvelines (78),false,{78164},Commune,2026-03-24 14:42:09.43682+01,gold_establishments_2025,,,,21780164600019,2025,Collectivité Territoriale,Commune,['Yvelines'],['Île-de-France'],COM,{78},{11}
cbd9965e-8bcb-41cd-8799-9cab50a61861,217001577,Commune de Clairegoutte (70),false,{70157},Commune,2026-03-24 14:42:07.735343+01,gold_establishments_2025,,,,21700157700014,2025,Collectivité Territoriale,Commune,['Haute-Saône'],['Bourgogne-Franche-Comté'],COM,{70},{27}
1b1538a7-7a41-4bbc-961b-a709cfaca2b2,215901489,Commune de Clairfayts (59),false,{59148},Commune,2026-03-24 14:42:04.280096+01,gold_establishments_2025,,,,21590148900017,2025,Collectivité Territoriale,Commune,['Nord'],['Hauts-de-France'],COM,{59},{32}
1e66874c-ade2-4c35-9675-5cec8b8dc7a4,210201802,Commune de Clairfontaine (02),false,{02197},Commune,2026-03-24 14:41:51.447482+01,gold_establishments_2025,,,,21020180200019,2025,Collectivité Territoriale,Commune,['Aisne'],['Hauts-de-France'],COM,{02},{32}
f03638dd-d62a-4d43-b767-c2749a770c7f,216202259,Commune de Clairmarais (62),false,{62225},Commune,2026-03-24 14:42:05.597325+01,gold_establishments_2025,,,,21620225900018,2025,Collectivité Territoriale,Commune,['Pas-de-Calais'],['Hauts-de-France'],COM,{62},{32}
4e09d948-c636-4762-9499-aef26ea86bb1,216001552,Commune de Clairoix (60),false,{60156},Commune,2026-03-24 14:42:04.814328+01,gold_establishments_2025,,,,21600155200050,2025,Collectivité Territoriale,Commune,['Oise'],['Hauts-de-France'],COM,{60},{32}
08ed02e5-f6a7-43a9-beb2-9f71dd7a4913,211200662,Commune de Clairvaux-d'Aveyron (12),false,{12066},Commune,2026-03-24 14:41:53.63825+01,gold_establishments_2025,,,,21120066200016,2025,Collectivité Territoriale,Commune,['Aveyron'],['Occitanie'],COM,{12},{76}
1570ba71-8d0e-4d56-a0c1-5077aae1b4bc,213901549,Commune de Clairvaux-les-Lacs (39),false,{39154},Commune,2026-03-24 14:41:59.705606+01,gold_establishments_2025,,,,21390154900013,2025,Collectivité Territoriale,Commune,['Jura'],['Bourgogne-Franche-Comté'],COM,{39},{27}
7e99286a-b511-43af-bbc4-396db88af592,218001907,Commune de Clairy-Saulchoix (80),false,{80198},Commune,2026-03-24 14:42:09.967209+01,gold_establishments_2025,,,,21800190700011,2025,Collectivité Territoriale,Commune,['Somme'],['Hauts-de-France'],COM,{80},{32}
7f8936e2-3bcf-480d-839b-7133ca9e682d,217601756,Commune de Clais (76),false,{76175},Commune,2026-03-24 14:42:08.818969+01,gold_establishments_2025,,,,21760175600018,2025,Collectivité Territoriale,Commune,['Seine-Maritime'],['Normandie'],COM,{76},{28}
0e074cf7-f819-4197-ab0b-334775eba858,211601018,Commune de Claix (16),false,{16101},Commune,2026-03-24 14:41:54.362296+01,gold_establishments_2025,,,,21160101800016,2025,Collectivité Territoriale,Commune,['Charente'],['Nouvelle-Aquitaine'],COM,{16},{75}
b90cbc61-d2e1-4cb9-9372-81c54e9f5fb2,213801111,Commune de Claix (38),false,{38111},Commune,2026-03-24 14:41:59.160244+01,gold_establishments_2025,,,,21380111100013,2025,Collectivité Territoriale,Commune,['Isère'],['Auvergne-Rhône-Alpes'],COM,{38},{84}
a2e8b1e9-f1d8-40b3-801b-b8f14f13b2fc,211701081,Commune de Clam (17),false,{17108},Commune,2026-03-24 14:41:54.903238+01,gold_establishments_2025,,,,21170108100013,2025,Collectivité Territoriale,Commune,['Charente-Maritime'],['Nouvelle-Aquitaine'],COM,{17},{75}
d8acdb67-6725-412d-9b2f-1959f98aef8b,215101445,Commune de Clamanges (51),false,{51154},Commune,2026-03-24 14:42:01.954481+01,gold_establishments_2025,,,,21510144500017,2025,Collectivité Territoriale,Commune,['Marne'],['Grand Est'],COM,{51},{44}
9cab04ed-02ef-4c6a-9f84-af1e9235895a,219200235,Commune de Clamart (92),false,{92023},Commune,2026-03-24 14:42:11.659493+01,gold_establishments_2025,,,,21920023500014,2025,Collectivité Territoriale,Commune,['Hauts-de-Seine'],['Île-de-France'],COM,{92},{11}
53bda9b2-297a-4ce0-a3c5-6a5b6af4d006,210201844,Commune de Clamecy (02),false,{02198},Commune,2026-03-24 14:41:51.447482+01,gold_establishments_2025,,,,21020184400011,2025,Collectivité Territoriale,Commune,['Aisne'],['Hauts-de-France'],COM,{02},{32}
43421a91-6405-4104-9663-dac77f0c4c70,215800798,Commune de Clamecy (58),false,{58079},Commune,2026-03-24 14:42:04.280096+01,gold_establishments_2025,,,,21580079800013,2025,Collectivité Territoriale,Commune,['Nièvre'],['Bourgogne-Franche-Comté'],COM,{58},{27}
e8015c98-4be6-4612-8fe2-058d8ed064c0,210400578,Commune de Clamensane (04),false,{04057},Commune,2026-03-24 14:41:52.020251+01,gold_establishments_2025,,,,21040057800014,2025,Collectivité Territoriale,Commune,['Alpes-de-Haute-Provence'],"[""Provence-Alpes-Côte d'Azur""]",COM,{04},{93}
c587abeb-4100-4a60-9ab2-6263f87d792b,212101778,Commune de Clamerey (21),false,{21177},Commune,2026-03-24 14:41:55.433389+01,gold_establishments_2025,,,,21210177800018,2025,Collectivité Territoriale,Commune,"[""Côte-d'Or""]",['Bourgogne-Franche-Comté'],COM,{21},{27}
2b453bdf-a338-4172-b8cb-37d64e20e3a7,210600425,Commune de Clans (06),false,{06042},Commune,2026-03-24 14:41:52.562531+01,gold_establishments_2025,,,,21060042500016,2025,Collectivité Territoriale,Commune,['Alpes-Maritimes'],"[""Provence-Alpes-Côte d'Azur""]",COM,{06},{93}
4b19afbc-3fcd-482d-8f0c-bb32dc26c063,217001585,Commune de Clans (70),false,{70158},Commune,2026-03-24 14:42:07.735343+01,gold_establishments_2025,,,,21700158500017,2025,Collectivité Territoriale,Commune,['Haute-Saône'],['Bourgogne-Franche-Comté'],COM,{70},{27}
fdcf6b29-3a8b-44bd-914f-87b46f138917,212600936,Commune de Clansayes (26),false,{26093},Commune,2026-03-24 14:41:56.495197+01,gold_establishments_2025,,,,21260093600018,2025,Collectivité Territoriale,Commune,['Drôme'],['Auvergne-Rhône-Alpes'],COM,{26},{84}
c47c5339-1145-4a97-9a54-ab6d6591698f,213400773,Commune de Clapiers (34),false,{34077},Commune,2026-03-24 14:41:58.620411+01,gold_establishments_2025,,,,21340077300015,2025,Collectivité Territoriale,Commune,['Hérault'],['Occitanie'],COM,{34},{76}
30717068-fbf0-4fa4-85e7-4fc361ba8aa2,216600510,Commune de Clara-Villerach (66),false,{66051},Commune,2026-03-24 14:42:06.665412+01,gold_establishments_2025,,,,21660051000012,2025,Collectivité Territoriale,Commune,['Pyrénées-Orientales'],['Occitanie'],COM,{66},{76}
acbdc8da-a028-4e73-bb8c-82142fe445b5,213101470,Commune de Clarac (31),false,{31147},Commune,2026-03-24 14:41:57.56054+01,gold_establishments_2025,,,,21310147000010,2025,Collectivité Territoriale,Commune,['Haute-Garonne'],['Occitanie'],COM,{31},{76}
62f8cd32-6d2d-42df-8af5-45ddc03dca70,216501494,Commune de Clarac (65),false,{65149},Commune,2026-03-24 14:42:06.665412+01,gold_establishments_2025,,,,21650149400019,2025,Collectivité Territoriale,Commune,['Hautes-Pyrénées'],['Occitanie'],COM,{65},{76}
48c46c6f-8672-4e96-905c-9613d140d737,216401901,Commune de Claracq (64),false,{64190},Commune,2026-03-24 14:42:06.130387+01,gold_establishments_2025,,,,21640190100014,2025,Collectivité Territoriale,Commune,['Pyrénées-Atlantiques'],['Nouvelle-Aquitaine'],COM,{64},{75}
bf82fab5-c5df-400f-be1e-d0977ab61787,217400779,Commune de Clarafond-Arcine (74),false,{74077},Commune,2026-03-24 14:42:08.279287+01,gold_establishments_2025,,,,21740077900013,2025,Collectivité Territoriale,Commune,['Haute-Savoie'],['Auvergne-Rhône-Alpes'],COM,{74},{84}
1d55e9e2-03a3-47ad-8aba-08849879981b,211401617,Commune de Clarbec (14),false,{14161},Commune,2026-03-24 14:41:53.63825+01,gold_establishments_2025,,,,21140161700017,2025,Collectivité Territoriale,Commune,['Calvados'],['Normandie'],COM,{14},{28}
ba24438f-69f6-4636-9a61-01143922d46e,216501502,Commune de Clarens (65),false,{65150},Commune,2026-03-24 14:42:06.665412+01,gold_establishments_2025,,,,21650150200019,2025,Collectivité Territoriale,Commune,['Hautes-Pyrénées'],['Occitanie'],COM,{65},{76}
43008b86-e54e-44b3-9ba8-8c2d808ae874,213000821,Commune de Clarensac (30),false,{30082},Commune,2026-03-24 14:41:57.56054+01,gold_establishments_2025,,,,21300082100016,2025,Collectivité Territoriale,Commune,['Gard'],['Occitanie'],COM,{30},{76}
b7985c18-ee94-46ca-9b0b-e78d1deb8b20,210400586,Commune de Claret (04),false,{04058},Commune,2026-03-24 14:41:52.020251+01,gold_establishments_2025,,,,21040058600017,2025,Collectivité Territoriale,Commune,['Alpes-de-Haute-Provence'],"[""Provence-Alpes-Côte d'Azur""]",COM,{04},{93}
5ee40ede-9cf4-424b-9402-8b818fea45b7,213400781,Commune de Claret (34),false,{34078},Commune,2026-03-24 14:41:58.620411+01,gold_establishments_2025,,,,21340078100018,2025,Collectivité Territoriale,Commune,['Hérault'],['Occitanie'],COM,{34},{76}
a7c46527-ea36-442f-b9f2-d456885268ad,215901497,Commune de Clary (59),false,{59149},Commune,2026-03-24 14:42:04.280096+01,gold_establishments_2025,,,,21590149700010,2025,Collectivité Territoriale,Commune,['Nord'],['Hauts-de-France'],COM,{59},{32}
2d6fb815-5930-42af-8bb0-c73ee146eb32,214000820,Commune de Classun (40),false,{40082},Commune,2026-03-24 14:41:59.705606+01,gold_establishments_2025,,,,21400082000016,2025,Collectivité Territoriale,Commune,['Landes'],['Nouvelle-Aquitaine'],COM,{40},{75}
75c7b893-f361-44d5-9387-a5ab082e15c9,210201851,Commune de Clastres (02),false,{02199},Commune,2026-03-24 14:41:51.447482+01,gold_establishments_2025,,,,21020185100016,2025,Collectivité Territoriale,Commune,['Aisne'],['Hauts-de-France'],COM,{02},{32}
5a1a75b5-777b-489e-829a-fd51695eb11f,217601764,Commune de Clasville (76),false,{76176},Commune,2026-03-24 14:42:08.818969+01,gold_establishments_2025,,,,21760176400012,2025,Collectivité Territoriale,Commune,['Seine-Maritime'],['Normandie'],COM,{76},{28}
b4b037ec-1714-4753-9437-4a0ac2fda136,218801058,Commune de Claudon (88),false,{88105},Commune,2026-03-24 14:42:11.118516+01,gold_establishments_2025,,,,21880105800015,2025,Collectivité Territoriale,Commune,['Vosges'],['Grand Est'],COM,{88},{44}
a439322d-8645-47f6-a125-dcbe42709720,213801129,Commune de Clavans-en-Haut-Oisans (38),false,{38112},Commune,2026-03-24 14:41:59.160244+01,gold_establishments_2025,,,,21380112900015,2025,Collectivité Territoriale,Commune,['Isère'],['Auvergne-Rhône-Alpes'],COM,{38},{84}
136a07a7-7095-4e33-8ff4-91c1d27afeb0,216900605,Commune de Claveisolles (69),false,{69060},Commune,2026-03-24 14:42:07.195692+01,gold_establishments_2025,,,,21690060500017,2025,Collectivité Territoriale,Commune,['Rhône'],['Auvergne-Rhône-Alpes'],COM,{69},{84}
a24c3526-4086-4fc1-b9c4-6e5692351f7e,211701099,Commune de Clavette (17),false,{17109},Commune,2026-03-24 14:41:54.903238+01,gold_establishments_2025,,,,21170109900015,2025,Collectivité Territoriale,Commune,['Charente-Maritime'],['Nouvelle-Aquitaine'],COM,{17},{75}
4eaa5ec4-fc41-44d1-9dbd-5c08b033b2eb,212600944,Commune de Claveyson (26),false,{26094},Commune,2026-03-24 14:41:56.495197+01,gold_establishments_2025,,,,21260094400012,2025,Collectivité Territoriale,Commune,['Drôme'],['Auvergne-Rhône-Alpes'],COM,{26},{84}
29f3585c-bfa2-4376-822b-6df477dadd6a,218300416,Commune de Claviers (83),false,{83041},Commune,2026-03-24 14:42:10.508772+01,gold_establishments_2025,,,,21830041600011,2025,Collectivité Territoriale,Commune,['Var'],"[""Provence-Alpes-Côte d'Azur""]",COM,{83},{93}
937fc3d4-e7c9-4701-8c5e-7e5fd754fcfe,212701619,Commune de Claville (27),false,{27161},Commune,2026-03-24 14:41:57.028721+01,gold_establishments_2025,,,,21270161900018,2025,Collectivité Territoriale,Commune,['Eure'],['Normandie'],COM,{27},{28}
ec7f2a17-7d89-4377-baaf-c40e5d9436e3,217601772,Commune de Claville-Motteville (76),false,{76177},Commune,2026-03-24 14:42:08.818969+01,gold_establishments_2025,,,,21760177200015,2025,Collectivité Territoriale,Commune,['Seine-Maritime'],['Normandie'],COM,{76},{28}
ce43bd91-e491-4eb2-bba2-dd8ca895fef2,211500517,Commune de Clavières (15),false,{15051},Commune,2026-03-24 14:41:54.362296+01,gold_establishments_2025,,,,21150051700019,2025,Collectivité Territoriale,Commune,['Cantal'],['Auvergne-Rhône-Alpes'],COM,{15},{84}
3d6288f6-b3d3-41e4-8986-6dc6780193ac,210801122,Commune de Clavy-Warby (08),false,{08124},Commune,2026-03-24 14:41:52.562531+01,gold_establishments_2025,,,,21080112200016,2025,Collectivité Territoriale,Commune,['Ardennes'],['Grand Est'],COM,{08},{44}
54ae38e5-4483-45e5-a0d9-c4a4c05cefe3,217900927,Commune de Clavé (79),false,{79092},Commune,2026-03-24 14:42:09.43682+01,gold_establishments_2025,,,,21790092700013,2025,Collectivité Territoriale,Commune,['Deux-Sèvres'],['Nouvelle-Aquitaine'],COM,{79},{75}
0c4500ad-fa08-4311-ac9a-fe06b0c67aaf,217701184,Commune de Claye-Souilly (77),false,{77118},Commune,2026-03-24 14:42:08.818969+01,gold_establishments_2025,,,,21770118400012,2025,Collectivité Territoriale,Commune,['Seine-et-Marne'],['Île-de-France'],COM,{77},{11}
d16d41fa-5067-400d-974a-cdb671c02ed1,213500812,Commune de Clayes (35),false,{35081},Commune,2026-03-24 14:41:58.620411+01,gold_establishments_2025,,,,21350081200010,2025,Collectivité Territoriale,Commune,['Ille-et-Vilaine'],['Bretagne'],COM,{35},{53}
4120d40e-cb7b-4f71-b794-5e70ed7257b8,215401308,Commune de Clayeures (54),false,{54130},Commune,2026-03-24 14:42:02.957225+01,gold_establishments_2025,,,,21540130800014,2025,Collectivité Territoriale,Commune,['Meurthe-et-Moselle'],['Grand Est'],COM,{54},{44}
06e40987-532e-41bc-8082-f6f119d8a5da,216700740,Commune de Cleebourg (67),false,{67074},Commune,2026-03-24 14:42:06.665412+01,gold_establishments_2025,,,,21670074000014,2025,Collectivité Territoriale,Commune,['Bas-Rhin'],['Grand Est'],COM,{67},{44}
c4b868f1-d641-4b6e-a502-bfec00f811c9,200057610,Commune de Clef Vallée d'Eure (27),false,{27191},Commune,2026-03-24 14:41:57.028721+01,gold_establishments_2025,,,,20005761000012,2025,Collectivité Territoriale,Commune,['Eure'],['Normandie'],COM,{27},{28}
aadda25c-cdc2-40c4-ad58-2d60c81d84e1,215200932,Commune de Clefmont (52),false,{52132},Commune,2026-03-24 14:42:01.954481+01,gold_establishments_2025,,,,21520093200014,2025,Collectivité Territoriale,Commune,['Haute-Marne'],['Grand Est'],COM,{52},{44}
bd74b9a3-b43f-4a1b-b0da-98ff1d083e11,213801137,Commune de Clelles (38),false,{38113},Commune,2026-03-24 14:41:59.160244+01,gold_establishments_2025,,,,21380113700018,2025,Collectivité Territoriale,Commune,['Isère'],['Auvergne-Rhône-Alpes'],COM,{38},{84}
22ec295d-3634-462a-9bc7-f98b6e8cf451,216202275,Commune de Clenleu (62),false,{62227},Commune,2026-03-24 14:42:05.597325+01,gold_establishments_2025,,,,21620227500014,2025,Collectivité Territoriale,Commune,['Pas-de-Calais'],['Hauts-de-France'],COM,{62},{32}
f3018b4b-502d-40c6-b6ee-25f4b0d7c355,214200669,Commune de Cleppé (42),false,{42066},Commune,2026-03-24 14:42:00.273698+01,gold_establishments_2025,,,,21420066900015,2025,Collectivité Territoriale,Commune,['Loire'],['Auvergne-Rhône-Alpes'],COM,{42},{84}
ac770869-43fa-4ccc-9ec9-66545991ba04,211905609,Commune de Clergoux (19),false,{19056},Commune,2026-03-24 14:41:54.903238+01,gold_establishments_2025,,,,21190560900015,2025,Collectivité Territoriale,Commune,['Corrèze'],['Nouvelle-Aquitaine'],COM,{19},{75}
cb27bd99-9cf1-4081-b56d-081f32a49960,216301127,Commune de Clerlande (63),false,{63112},Commune,2026-03-24 14:42:06.130387+01,gold_establishments_2025,,,,21630112700017,2025,Collectivité Territoriale,Commune,['Puy-de-Dôme'],['Auvergne-Rhône-Alpes'],COM,{63},{84}
515500a7-05d4-4d83-bb29-7ee5d43f7eb7,210900973,Commune de Clermont (09),false,{09097},Commune,2026-03-24 14:41:53.095366+01,gold_establishments_2025,,,,21090097300012,2025,Collectivité Territoriale,Commune,['Ariège'],['Occitanie'],COM,{09},{76}
d4dc56b9-5dbe-4822-bdc7-904dbfcd15e6,214000846,Commune de Clermont (40),false,{40084},Commune,2026-03-24 14:41:59.705606+01,gold_establishments_2025,,,,21400084600011,2025,Collectivité Territoriale,Commune,['Landes'],['Nouvelle-Aquitaine'],COM,{40},{75}
5d6d3ff1-8282-43a4-b73c-e65e3cfe23ad,216001560,Commune de Clermont (60),false,{60157},Commune,2026-03-24 14:42:04.814328+01,gold_establishments_2025,,,,21600156000012,2025,Collectivité Territoriale,Commune,['Oise'],['Hauts-de-France'],COM,{60},{32}
a30c4189-c29e-4996-b8ef-6e16acffada1,217400787,Commune de Clermont (74),false,{74078},Commune,2026-03-24 14:42:08.279287+01,gold_establishments_2025,,,,21740078700016,2025,Collectivité Territoriale,Commune,['Haute-Savoie'],['Auvergne-Rhône-Alpes'],COM,{74},{84}
dacb0cfd-af14-49aa-a7f3-295c949053cc,217200849,Commune de Clermont-Créans (72),false,{72084},Commune,2026-03-24 14:42:08.279287+01,gold_establishments_2025,,,,21720084900016,2025,Collectivité Territoriale,Commune,['Sarthe'],['Pays de la Loire'],COM,{72},{52}
5b6efb2e-88f4-4b83-8205-ed26084ca654,214700668,Commune de Clermont-Dessous (47),false,{47066},Commune,2026-03-24 14:42:00.862623+01,gold_establishments_2025,,,,21470066800012,2025,Collectivité Territoriale,Commune,['Lot-et-Garonne'],['Nouvelle-Aquitaine'],COM,{47},{75}
e2541d92-3424-4c0b-ad3e-042b468f8690,216301135,Commune de Clermont-Ferrand (63),false,{63113},Commune,2026-03-24 14:42:06.130387+01,gold_establishments_2025,,,,21630113500010,2025,Collectivité Territoriale,Commune,['Puy-de-Dôme'],['Auvergne-Rhône-Alpes'],COM,{63},{84}
7f092258-e4e7-4f3e-99e2-cfe39b69d1ac,213201049,Commune de Clermont-Pouyguillès (32),false,{32104},Commune,2026-03-24 14:41:58.09424+01,gold_establishments_2025,,,,21320104900011,2025,Collectivité Territoriale,Commune,['Gers'],['Occitanie'],COM,{32},{76}
1c8295f5-76a4-4a8a-8106-91f88b0d9870,213201056,Commune de Clermont-Savès (32),false,{32105},Commune,2026-03-24 14:41:58.09424+01,gold_establishments_2025,,,,21320105600016,2025,Collectivité Territoriale,Commune,['Gers'],['Occitanie'],COM,{32},{76}
df14072d-8520-4da2-ad10-e15d536cf941,214700676,Commune de Clermont-Soubiran (47),false,{47067},Commune,2026-03-24 14:42:00.862623+01,gold_establishments_2025,,,,21470067600015,2025,Collectivité Territoriale,Commune,['Lot-et-Garonne'],['Nouvelle-Aquitaine'],COM,{47},{75}
bd5067d4-6455-4b9b-9723-8d29977a1dc3,212401244,Commune de Clermont-d'Excideuil (24),false,{24124},Commune,2026-03-24 14:41:55.958138+01,gold_establishments_2025,,,,21240124400018,2025,Collectivité Territoriale,Commune,['Dordogne'],['Nouvelle-Aquitaine'],COM,{24},{75}
4f3b4607-cbfe-42f9-80a8-4a0caf1896a5,212401236,Commune de Clermont-de-Beauregard (24),false,{24123},Commune,2026-03-24 14:41:55.958138+01,gold_establishments_2025,,,,21240123600014,2025,Collectivité Territoriale,Commune,['Dordogne'],['Nouvelle-Aquitaine'],COM,{24},{75}
6453a59d-563d-46bd-81f5-df6376c3019c,215501172,Commune de Clermont-en-Argonne (55),false,{55117},Commune,2026-03-24 14:42:02.957225+01,gold_establishments_2025,,,,21550117200013,2025,Collectivité Territoriale,Commune,['Meuse'],['Grand Est'],COM,{55},{44}
34e6ec0e-01d0-4f58-a5a6-d29aa9cba80a,213400799,Commune de Clermont-l'Hérault (34),false,{34079},Commune,2026-03-24 14:41:58.620411+01,gold_establishments_2025,,,,21340079900010,2025,Collectivité Territoriale,Commune,['Hérault'],['Occitanie'],COM,{34},{76}
0d1d044b-87de-4ca1-b32c-cfdee9f5a126,213101488,Commune de Clermont-le-Fort (31),false,{31148},Commune,2026-03-24 14:41:57.56054+01,gold_establishments_2025,,,,21310148800012,2025,Collectivité Territoriale,Commune,['Haute-Garonne'],['Occitanie'],COM,{31},{76}
981450ea-8b19-4978-a3a2-3c7d46c63401,210201869,Commune de Clermont-les-Fermes (02),false,{02200},Commune,2026-03-24 14:41:51.447482+01,gold_establishments_2025,,,,21020186900018,2025,Collectivité Territoriale,Commune,['Aisne'],['Hauts-de-France'],COM,{02},{32}
c3db13de-a09a-4a23-a943-fb2c4b719849,211100946,Commune de Clermont-sur-Lauquet (11),false,{11094},Commune,2026-03-24 14:41:53.63825+01,gold_establishments_2025,,,,21110094600014,2025,Collectivité Territoriale,Commune,['Aude'],['Occitanie'],COM,{11},{76}
d88fc66c-cdaa-4f3d-8104-9a2a2ffe2c68,216202283,Commune de Clerques (62),false,{62228},Commune,2026-03-24 14:42:05.597325+01,gold_establishments_2025,,,,21620228300018,2025,Collectivité Territoriale,Commune,['Pas-de-Calais'],['Hauts-de-France'],COM,{62},{32}
a0a88e30-f7a1-464a-92a3-bd01f7eb7962,215101452,Commune de Clesles (51),false,{51155},Commune,2026-03-24 14:42:01.954481+01,gold_establishments_2025,,,,21510145200013,2025,Collectivité Territoriale,Commune,['Marne'],['Grand Est'],COM,{51},{44}
2ca23426-bae9-45ce-92d6-3e0c65e4dd08,217101369,Commune de Clessy (71),false,{71136},Commune,2026-03-24 14:42:07.735343+01,gold_establishments_2025,,,,21710136900015,2025,Collectivité Territoriale,Commune,['Saône-et-Loire'],['Bourgogne-Franche-Comté'],COM,{71},{27}
920957c8-4f01-4f2e-bd11-7d6ca9678f92,217101351,Commune de Clessé (71),false,{71135},Commune,2026-03-24 14:42:07.735343+01,gold_establishments_2025,,,,21710135100013,2025,Collectivité Territoriale,Commune,['Saône-et-Loire'],['Bourgogne-Franche-Comté'],COM,{71},{27}
eb27569a-550d-47c0-a077-f8e65ff5c67b,217900943,Commune de Clessé (79),false,{79094},Commune,2026-03-24 14:42:09.43682+01,gold_establishments_2025,,,,21790094300010,2025,Collectivité Territoriale,Commune,['Deux-Sèvres'],['Nouvelle-Aquitaine'],COM,{79},{75}
2d3d9526-eb34-49ff-a78d-4daf2c8a5827,218801090,Commune de Cleurie (88),false,{88109},Commune,2026-03-24 14:42:11.118516+01,gold_establishments_2025,,,,21880109000018,2025,Collectivité Territoriale,Commune,['Vosges'],['Grand Est'],COM,{88},{44}
c1a0f96a-69f4-4f0f-819e-3c37347e6f8f,217601806,Commune de Cleuville (76),false,{76180},Commune,2026-03-24 14:42:08.818969+01,gold_establishments_2025,,,,21760180600011,2025,Collectivité Territoriale,Commune,['Seine-Maritime'],['Normandie'],COM,{76},{28}
df793278-0578-43c5-9f4a-e3fc6969ce52,213301294,Commune de Cleyrac (33),false,{33129},Commune,2026-03-24 14:41:58.620411+01,gold_establishments_2025,,,,21330129400012,2025,Collectivité Territoriale,Commune,['Gironde'],['Nouvelle-Aquitaine'],COM,{33},{75}
471cd687-6170-4354-a21a-7f0764651c49,210101077,Commune de Cleyzieu (01),false,{01107},Commune,2026-03-24 14:41:51.447482+01,gold_establishments_2025,,,,21010107700019,2025,Collectivité Territoriale,Commune,['Ain'],['Auvergne-Rhône-Alpes'],COM,{01},{84}
9fa6cea8-6243-42ad-83fb-6a5bc7a591d6,219200243,Commune de Clichy (92),false,{92024},Commune,2026-03-24 14:42:11.659493+01,gold_establishments_2025,,,,21920024300018,2025,Collectivité Territoriale,Commune,['Hauts-de-Seine'],['Île-de-France'],COM,{92},{11}
7c67def5-190e-4bda-a79e-9df5be0f5cb3,219300142,Commune de Clichy-sous-Bois (93),false,{93014},Commune,2026-03-24 14:42:11.659493+01,gold_establishments_2025,,,,21930014200011,2025,Collectivité Territoriale,Commune,['Seine-Saint-Denis'],['Île-de-France'],COM,{93},{11}
9785f474-c068-4242-9bb3-9ef01b9f6b9f,216700757,Commune de Climbach (67),false,{67075},Commune,2026-03-24 14:42:06.665412+01,gold_establishments_2025,,,,21670075700018,2025,Collectivité Territoriale,Commune,['Bas-Rhin'],['Grand Est'],COM,{67},{44}
dc8c6d53-dd4d-44de-88b4-507df9da55db,215200940,Commune de Clinchamp (52),false,{52133},Commune,2026-03-24 14:42:01.954481+01,gold_establishments_2025,,,,21520094000017,2025,Collectivité Territoriale,Commune,['Haute-Marne'],['Grand Est'],COM,{52},{44}
f2c22216-a80e-4d0f-80cd-e623dc9a4d4d,211701115,Commune de Clion (17),false,{17111},Commune,2026-03-24 14:41:54.903238+01,gold_establishments_2025,,,,21170111500019,2025,Collectivité Territoriale,Commune,['Charente-Maritime'],['Nouvelle-Aquitaine'],COM,{17},{75}
61b1dfd7-8a13-49a0-beaf-48acc738b783,213600554,Commune de Clion (36),false,{36055},Commune,2026-03-24 14:41:59.160244+01,gold_establishments_2025,,,,21360055400017,2025,Collectivité Territoriale,Commune,['Indre'],['Centre-Val de Loire'],COM,{36},{24}
1fe100f8-4362-4baa-9ed4-bf45c2deaccd,212600977,Commune de Cliousclat (26),false,{26097},Commune,2026-03-24 14:41:56.495197+01,gold_establishments_2025,,,,21260097700012,2025,Collectivité Territoriale,Commune,['Drôme'],['Auvergne-Rhône-Alpes'],COM,{26},{84}
cf57e7f5-cf5a-45cd-8ecb-1dc13bc0f6ca,217601822,Commune de Cliponville (76),false,{76182},Commune,2026-03-24 14:42:08.818969+01,gold_establishments_2025,,,,21760182200018,2025,Collectivité Territoriale,Commune,['Seine-Maritime'],['Normandie'],COM,{76},{28}
a84713da-036c-42c2-8f1e-8494fdaf6afb,210801130,Commune de Cliron (08),false,{08125},Commune,2026-03-24 14:41:52.562531+01,gold_establishments_2025,,,,21080113000019,2025,Collectivité Territoriale,Commune,['Ardennes'],['Grand Est'],COM,{08},{44}
a0d243f7-0b8b-41bb-9b2a-0d322c03130c,214400434,Commune de Clisson (44),false,{44043},Commune,2026-03-24 14:42:00.273698+01,gold_establishments_2025,,,,21440043400012,2025,Collectivité Territoriale,Commune,['Loire-Atlantique'],['Pays de la Loire'],COM,{44},{52}
6a18ee36-dd9f-44f4-bc42-1b07634aa3b1,215001355,Commune de Clitourps (50),false,{50135},Commune,2026-03-24 14:42:01.412377+01,gold_establishments_2025,,,,21500135500019,2025,Collectivité Territoriale,Commune,['Manche'],['Normandie'],COM,{50},{28}
fa653cae-1f2a-49cc-a2c1-afdfbf7119ec,212900310,Commune de Clohars-Carnoët (29),false,{29031},Commune,2026-03-24 14:41:57.028721+01,gold_establishments_2025,,,,21290031000013,2025,Collectivité Territoriale,Commune,['Finistère'],['Bretagne'],COM,{29},{53}
180033ea-4361-453d-bfc6-e4a6d8f932af,212900328,Commune de Clohars-Fouesnant (29),false,{29032},Commune,2026-03-24 14:41:57.028721+01,gold_establishments_2025,,,,21290032800015,2025,Collectivité Territoriale,Commune,['Finistère'],['Bretagne'],COM,{29},{53}
648ec626-7592-4329-ad99-9adba8322808,212101810,Commune de Clomot (21),false,{21181},Commune,2026-03-24 14:41:55.433389+01,gold_establishments_2025,,,,21210181000019,2025,Collectivité Territoriale,Commune,"[""Côte-d'Or""]",['Bourgogne-Franche-Comté'],COM,{21},{27}
486afc08-b456-4122-bb8e-a155c92cdfab,213801145,Commune de Clonas-sur-Varèze (38),false,{38114},Commune,2026-03-24 14:41:59.160244+01,gold_establishments_2025,,,,21380114500011,2025,Collectivité Territoriale,Commune,['Isère'],['Auvergne-Rhône-Alpes'],COM,{38},{84}
98a030c9-2932-40ea-884a-eca7718b4770,217701192,Commune de Clos-Fontaine (77),false,{77119},Commune,2026-03-24 14:42:08.818969+01,gold_establishments_2025,,,,21770119200015,2025,Collectivité Territoriale,Commune,['Seine-et-Marne'],['Île-de-France'],COM,{77},{11}
6f520004-43ef-447a-bd2e-e3c069ed1e1c,215701434,Commune de Clouange (57),false,{57143},Commune,2026-03-24 14:42:03.701372+01,gold_establishments_2025,,,,21570143400015,2025,Collectivité Territoriale,Commune,['Moselle'],['Grand Est'],COM,{57},{44}
aea78c23-bd19-4ffc-8ed5-50378cdde153,218600807,Commune de Cloué (86),false,{86080},Commune,2026-03-24 14:42:10.508772+01,gold_establishments_2025,,,,21860080700018,2025,Collectivité Territoriale,Commune,['Vienne'],['Nouvelle-Aquitaine'],COM,{86},{75}
c4205123-6603-48cd-9946-5e636f160c77,200064764,Commune de Cloyes-les-Trois-Rivières (28),false,{28103},Commune,2026-03-24 14:41:57.028721+01,gold_establishments_2025,,,,20006476400018,2025,Collectivité Territoriale,Commune,['Eure-et-Loir'],['Centre-Val de Loire'],COM,{28},{24}
c6c90832-a8a9-4e9c-8cc3-a0b4e1fa7d4a,215101460,Commune de Cloyes-sur-Marne (51),false,{51156},Commune,2026-03-24 14:42:01.954481+01,gold_establishments_2025,,,,21510146000016,2025,Collectivité Territoriale,Commune,['Marne'],['Grand Est'],COM,{51},{44}
9512bd68-2655-4897-ba80-8164602a55c6,213901556,Commune de Clucy (39),false,{39155},Commune,2026-03-24 14:41:59.705606+01,gold_establishments_2025,,,,21390155600018,2025,Collectivité Territoriale,Commune,['Jura'],['Bourgogne-Franche-Comté'],COM,{39},{27}
3a276746-4f04-4225-8dbe-1325c506b999,212306401,Commune de Clugnat (23),false,{23064},Commune,2026-03-24 14:41:55.958138+01,gold_establishments_2025,,,,21230640100010,2025,Collectivité Territoriale,Commune,['Creuse'],['Nouvelle-Aquitaine'],COM,{23},{75}
6f4abaf1-09e2-4025-b307-76a3a9d88491,213600562,Commune de Cluis (36),false,{36056},Commune,2026-03-24 14:41:59.160244+01,gold_establishments_2025,,,,21360056200010,2025,Collectivité Territoriale,Commune,['Indre'],['Centre-Val de Loire'],COM,{36},{24}
07215a94-ae37-4480-9480-a5ea472d4659,210400594,Commune de Clumanc (04),false,{04059},Commune,2026-03-24 14:41:52.020251+01,gold_establishments_2025,,,,21040059400011,2025,Collectivité Territoriale,Commune,['Alpes-de-Haute-Provence'],"[""Provence-Alpes-Côte d'Azur""]",COM,{04},{93}
e71513f9-3393-420f-b6fb-a6d477ae3be5,217101377,Commune de Cluny (71),false,{71137},Commune,2026-03-24 14:42:07.735343+01,gold_establishments_2025,,,,21710137700018,2025,Collectivité Territoriale,Commune,['Saône-et-Loire'],['Bourgogne-Franche-Comté'],COM,{71},{27}
0512bf68-438a-4ec6-8ea6-a329659fed67,217400811,Commune de Cluses (74),false,{74081},Commune,2026-03-24 14:42:08.279287+01,gold_establishments_2025,,,,21740081100014,2025,Collectivité Territoriale,Commune,['Haute-Savoie'],['Auvergne-Rhône-Alpes'],COM,{74},{84}
78eb6339-e512-408a-ab01-f7c6a50f3dc3,217900950,Commune de Clussais-la-Pommeraie (79),false,{79095},Commune,2026-03-24 14:42:09.43682+01,gold_establishments_2025,,,,21790095000015,2025,Collectivité Territoriale,Commune,['Deux-Sèvres'],['Nouvelle-Aquitaine'],COM,{79},{75}
53209811-92db-4506-9ad9-5069f2fe4802,200047520,Commune de Clux-Villeneuve (71),false,{71578},Commune,2026-03-24 14:42:08.279287+01,gold_establishments_2025,,,,20004752000016,2025,Collectivité Territoriale,Commune,['Saône-et-Loire'],['Bourgogne-Franche-Comté'],COM,{71},{27}
08dffbfc-2267-4e35-9087-08975278ca8e,214000838,Commune de Clèdes (40),false,{40083},Commune,2026-03-24 14:41:59.705606+01,gold_establishments_2025,,,,21400083800018,2025,Collectivité Territoriale,Commune,['Landes'],['Nouvelle-Aquitaine'],COM,{40},{75}
bf53cff1-a600-40af-a2b9-355d895ba60c,217601798,Commune de Clères (76),false,{76179},Commune,2026-03-24 14:42:08.818969+01,gold_establishments_2025,,,,21760179800010,2025,Collectivité Territoriale,Commune,['Seine-Maritime'],['Normandie'],COM,{76},{28}
f43e5bc9-848d-4093-ba3d-5b7a7ead7344,211401625,Commune de Clécy (14),false,{14162},Commune,2026-03-24 14:41:53.63825+01,gold_establishments_2025,,,,21140162500010,2025,Collectivité Territoriale,Commune,['Calvados'],['Normandie'],COM,{14},{28}
869c7909-8bb6-4903-acf9-f8347c4be7a9,212900286,Commune de Cléden-Cap-Sizun (29),false,{29028},Commune,2026-03-24 14:41:57.028721+01,gold_establishments_2025,,,,21290028600064,2025,Collectivité Territoriale,Commune,['Finistère'],['Bretagne'],COM,{29},{53}
184d0807-3e97-4639-9a28-1e15a3151e69,212900294,Commune de Cléden-Poher (29),false,{29029},Commune,2026-03-24 14:41:57.028721+01,gold_establishments_2025,,,,21290029400019,2025,Collectivité Territoriale,Commune,['Finistère'],['Bretagne'],COM,{29},{53}
b1263551-33aa-41bd-ae81-0bce9ee3cd9b,212900302,Commune de Cléder (29),false,{29030},Commune,2026-03-24 14:41:57.028721+01,gold_establishments_2025,,,,21290030200010,2025,Collectivité Territoriale,Commune,['Finistère'],['Bretagne'],COM,{29},{53}
5bc24ad1-dae6-4708-8f3b-d52e6376813a,215600404,Commune de Cléguer (56),false,{56040},Commune,2026-03-24 14:42:03.701372+01,gold_establishments_2025,,,,21560040400077,2025,Collectivité Territoriale,Commune,['Morbihan'],['Bretagne'],COM,{56},{53}
b49e7884-c162-46c0-b11d-58460e5e064d,215600412,Commune de Cléguérec (56),false,{56041},Commune,2026-03-24 14:42:03.701372+01,gold_establishments_2025,,,,21560041200013,2025,Collectivité Territoriale,Commune,['Morbihan'],['Bretagne'],COM,{56},{53}
d90c3b46-9a7c-4164-ad23-890a625696d8,216301119,Commune de Clémensat (63),false,{63111},Commune,2026-03-24 14:42:06.130387+01,gold_establishments_2025,,,,21630111900014,2025,Collectivité Territoriale,Commune,['Puy-de-Dôme'],['Auvergne-Rhône-Alpes'],COM,{63},{84}
145ebab5-942b-494e-8f10-a38bb77aa532,215401316,Commune de Clémery (54),false,{54131},Commune,2026-03-24 14:42:02.957225+01,gold_establishments_2025,,,,21540131600017,2025,Collectivité Territoriale,Commune,['Meurthe-et-Moselle'],['Grand Est'],COM,{54},{44}
8da0720b-e838-45f5-bf26-9197281b8dbf,211800677,Commune de Clémont (18),false,{18067},Commune,2026-03-24 14:41:54.903238+01,gold_establishments_2025,,,,21180067700018,2025,Collectivité Territoriale,Commune,['Cher'],['Centre-Val de Loire'],COM,{18},{24}
c0944c96-d5af-4095-be4d-4adadfab1fe5,212101794,Commune de Clénay (21),false,{21179},Commune,2026-03-24 14:41:55.433389+01,gold_establishments_2025,,,,21210179400015,2025,Collectivité Territoriale,Commune,"[""Côte-d'Or""]",['Bourgogne-Franche-Comté'],COM,{21},{27}
e5714dfb-150c-4d31-bc12-8a8529cce7f4,217601780,Commune de Cléon (76),false,{76178},Commune,2026-03-24 14:42:08.818969+01,gold_establishments_2025,,,,21760178000018,2025,Collectivité Territoriale,Commune,['Seine-Maritime'],['Normandie'],COM,{76},{28}
07dcf54d-7d71-4349-98e3-3c1fed54d0c7,212600951,Commune de Cléon-d'Andran (26),false,{26095},Commune,2026-03-24 14:41:56.495197+01,gold_establishments_2025,,,,21260095100017,2025,Collectivité Territoriale,Commune,['Drôme'],['Auvergne-Rhône-Alpes'],COM,{26},{84}
9c3e0840-7124-41dd-9f42-2a9d9cd1f9a2,211701107,Commune de Clérac (17),false,{17110},Commune,2026-03-24 14:41:54.903238+01,gold_establishments_2025,,,,21170110700016,2025,Collectivité Territoriale,Commune,['Charente-Maritime'],['Nouvelle-Aquitaine'],COM,{17},{75}
a3894153-ea39-44a0-9077-40cdd1902b49,211000948,Commune de Clérey (10),false,{10100},Commune,2026-03-24 14:41:53.095366+01,gold_establishments_2025,,,,21100094800011,2025,Collectivité Territoriale,Commune,['Aube'],['Grand Est'],COM,{10},{44}
8d4ace0a-7909-431a-997f-9c8f6193c6a2,218801074,Commune de Clérey-la-Côte (88),false,{88107},Commune,2026-03-24 14:42:11.118516+01,gold_establishments_2025,,,,21880107400012,2025,Collectivité Territoriale,Commune,['Vosges'],['Grand Est'],COM,{88},{44}
1da89154-3125-40ef-a17e-12efe66b537f,215401324,Commune de Clérey-sur-Brenon (54),false,{54132},Commune,2026-03-24 14:42:02.957225+01,gold_establishments_2025,,,,21540132400011,2025,Collectivité Territoriale,Commune,['Meurthe-et-Moselle'],['Grand Est'],COM,{54},{44}
43d317b0-8f37-40e7-b445-28bc0ce02cb1,212600969,Commune de Clérieux (26),false,{26096},Commune,2026-03-24 14:41:56.495197+01,gold_establishments_2025,,,,21260096900019,2025,Collectivité Territoriale,Commune,['Drôme'],['Auvergne-Rhône-Alpes'],COM,{26},{84}
5b5746bc-7cec-403e-9883-6e6683ff491e,212501555,Commune de Cléron (25),false,{25155},Commune,2026-03-24 14:41:56.495197+01,gold_establishments_2025,,,,21250155500016,2025,Collectivité Territoriale,Commune,['Doubs'],['Bourgogne-Franche-Comté'],COM,{25},{27}
07cef10a-dc73-4b6b-ac54-16e429135ad8,212101802,Commune de Cléry (21),false,{21180},Commune,2026-03-24 14:41:55.433389+01,gold_establishments_2025,,,,21210180200016,2025,Collectivité Territoriale,Commune,"[""Côte-d'Or""]",['Bourgogne-Franche-Comté'],COM,{21},{27}
016e864f-19b1-4e84-a13a-7f2dc69c4b3b,217300862,Commune de Cléry (73),false,{73086},Commune,2026-03-24 14:42:08.279287+01,gold_establishments_2025,,,,21730086200018,2025,Collectivité Territoriale,Commune,['Savoie'],['Auvergne-Rhône-Alpes'],COM,{73},{84}
1e73ab2c-c289-4167-ae33-17ee821ee044,214500985,Commune de Cléry-Saint-André (45),false,{45098},Commune,2026-03-24 14:42:00.862623+01,gold_establishments_2025,,,,21450098500012,2025,Collectivité Territoriale,Commune,['Loiret'],['Centre-Val de Loire'],COM,{45},{24}
203959fd-630b-4ff6-885b-56c57555aa58,219501665,Commune de Cléry-en-Vexin (95),false,{95166},Commune,2026-03-24 14:42:11.659493+01,gold_establishments_2025,,,,21950166500018,2025,Collectivité Territoriale,Commune,"[""Val-d'Oise""]",['Île-de-France'],COM,{95},{11}
1041306e-1173-490b-8871-7d64e1620e60,215508441,Commune de Cléry-le-Grand (55),false,{55118},Commune,2026-03-24 14:42:02.957225+01,gold_establishments_2025,,,,21550844100015,2025,Collectivité Territoriale,Commune,['Meuse'],['Grand Est'],COM,{55},{44}
e2dfd03d-54cc-421f-95d8-a382e525bad9,215501198,Commune de Cléry-le-Petit (55),false,{55119},Commune,2026-03-24 14:42:02.957225+01,gold_establishments_2025,,,,21550119800018,2025,Collectivité Territoriale,Commune,['Meuse'],['Grand Est'],COM,{55},{44}
e09eb4ce-eb36-4c7b-b8b5-d260f50d2d8b,218001915,Commune de Cléry-sur-Somme (80),false,{80199},Commune,2026-03-24 14:42:09.967209+01,gold_establishments_2025,,,,21800191500014,2025,Collectivité Territoriale,Commune,['Somme'],['Hauts-de-France'],COM,{80},{32}
58daee2e-53ba-481f-93e7-e0322a4a5046,213600547,Commune de Cléré-du-Bois (36),false,{36054},Commune,2026-03-24 14:41:59.160244+01,gold_establishments_2025,,,,21360054700011,2025,Collectivité Territoriale,Commune,['Indre'],['Centre-Val de Loire'],COM,{36},{24}
eb93ae13-e0f6-4825-9b17-5b5444aa698e,213700818,Commune de Cléré-les-Pins (37),false,{37081},Commune,2026-03-24 14:41:59.160244+01,gold_establishments_2025,,,,21370081800015,2025,Collectivité Territoriale,Commune,['Indre-et-Loire'],['Centre-Val de Loire'],COM,{37},{24}
30138965-4f21-4ebf-bb58-b5f2166fd9b3,214901027,Commune de Cléré-sur-Layon (49),false,{49102},Commune,2026-03-24 14:42:01.412377+01,gold_establishments_2025,,,,21490102700018,2025,Collectivité Territoriale,Commune,['Maine-et-Loire'],['Pays de la Loire'],COM,{49},{52}
06ca7dce-93e4-41f1-94fa-394e60244cca,216202291,Commune de Cléty (62),false,{62229},Commune,2026-03-24 14:42:05.597325+01,gold_establishments_2025,,,,21620229100037,2025,Collectivité Territoriale,Commune,['Pas-de-Calais'],['Hauts-de-France'],COM,{62},{32}
5505bc56-f25f-488b-9c23-a1212c934604,211401633,Commune de Cléville (14),false,{14163},Commune,2026-03-24 14:41:53.63825+01,gold_establishments_2025,,,,21140163300014,2025,Collectivité Territoriale,Commune,['Calvados'],['Normandie'],COM,{14},{28}
a112c8b2-f963-4fea-b825-bca6cfe21e50,217601814,Commune de Cléville (76),false,{76181},Commune,2026-03-24 14:42:08.818969+01,gold_establishments_2025,,,,21760181400015,2025,Collectivité Territoriale,Commune,['Seine-Maritime'],['Normandie'],COM,{76},{28}
7b7f595f-5338-43b6-b420-7acd48a98e0e,212801021,Commune de Clévilliers (28),false,{28102},Commune,2026-03-24 14:41:57.028721+01,gold_establishments_2025,,,,21280102100016,2025,Collectivité Territoriale,Commune,['Eure-et-Loir'],['Centre-Val de Loire'],COM,{28},{24}
0d1e0f49-cae0-4df4-ae3c-478782f450ff,218801108,Commune de Clézentaine (88),false,{88110},Commune,2026-03-24 14:42:11.118516+01,gold_establishments_2025,,,,21880110800018,2025,Collectivité Territoriale,Commune,['Vosges'],['Grand Est'],COM,{88},{44}
82867447-019f-4b8a-9899-05574f4f1dd5,212200406,Commune de Coadout (22),false,{22040},Commune,2026-03-24 14:41:55.433389+01,gold_establishments_2025,,,,21220040600016,2025,Collectivité Territoriale,Commune,"[""Côtes-d'Armor""]",['Bretagne'],COM,{22},{53}
603a1d2e-9aac-4b7e-ab4d-226e101976ae,210600433,Commune de Coaraze (06),false,{06043},Commune,2026-03-24 14:41:52.562531+01,gold_establishments_2025,,,,21060043300010,2025,Collectivité Territoriale,Commune,['Alpes-Maritimes'],"[""Provence-Alpes-Côte d'Azur""]",COM,{06},{93}
4177912e-0112-4321-b99f-8f81c4dfb66a,216401919,Commune de Coarraze (64),false,{64191},Commune,2026-03-24 14:42:06.130387+01,gold_establishments_2025,,,,21640191900016,2025,Collectivité Territoriale,Commune,['Pyrénées-Atlantiques'],['Nouvelle-Aquitaine'],COM,{64},{75}
327412b6-7cc3-4f9f-ae1c-19b57d47d682,212900351,Commune de Coat-Méal (29),false,{29035},Commune,2026-03-24 14:41:57.028721+01,gold_establishments_2025,,,,21290035100017,2025,Collectivité Territoriale,Commune,['Finistère'],['Bretagne'],COM,{29},{53}
0284fda8-fce8-44d1-affb-4f87b61d634a,212200414,Commune de Coatascorn (22),false,{22041},Commune,2026-03-24 14:41:55.433389+01,gold_establishments_2025,,,,21220041400010,2025,Collectivité Territoriale,Commune,"[""Côtes-d'Armor""]",['Bretagne'],COM,{22},{53}
0eeb01bb-6f1e-43f2-a505-9a0fab3fab85,212200422,Commune de Coatréven (22),false,{22042},Commune,2026-03-24 14:41:55.433389+01,gold_establishments_2025,,,,21220042200013,2025,Collectivité Territoriale,Commune,"[""Côtes-d'Armor""]",['Bretagne'],COM,{22},{53}
fddb57e6-5125-4797-a017-40a6ed7cbe67,212600985,Commune de Cobonne (26),false,{26098},Commune,2026-03-24 14:41:56.495197+01,gold_establishments_2025,,,,21260098500015,2025,Collectivité Territoriale,Commune,['Drôme'],['Auvergne-Rhône-Alpes'],COM,{26},{84}
d29d5f3c-4c91-465a-b2b0-ad94e90a6ce9,215901505,Commune de Cobrieux (59),false,{59150},Commune,2026-03-24 14:42:04.280096+01,gold_establishments_2025,,,,21590150500010,2025,Collectivité Territoriale,Commune,['Nord'],['Hauts-de-France'],COM,{59},{32}
f4e02a99-2b9e-44da-bccd-5d03440d0298,217701200,Commune de Cocherel (77),false,{77120},Commune,2026-03-24 14:42:08.818969+01,gold_establishments_2025,,,,21770120000016,2025,Collectivité Territoriale,Commune,['Seine-et-Marne'],['Île-de-France'],COM,{77},{11}
ab0d1f5e-fce9-4385-8371-bc4e7a4adfe9,215701442,Commune de Cocheren (57),false,{57144},Commune,2026-03-24 14:42:03.701372+01,gold_establishments_2025,,,,21570144200018,2025,Collectivité Territoriale,Commune,['Moselle'],['Grand Est'],COM,{57},{44}
cbfa8fe6-cb07-4eb1-b971-eb7d9ea8f631,211000955,Commune de Coclois (10),false,{10101},Commune,2026-03-24 14:41:53.095366+01,gold_establishments_2025,,,,21100095500016,2025,Collectivité Territoriale,Commune,['Aube'],['Grand Est'],COM,{10},{44}
e21ffcea-3203-4bc2-a801-204d7cfbedb7,218001923,Commune de Cocquerel (80),false,{80200},Commune,2026-03-24 14:42:09.967209+01,gold_establishments_2025,,,,21800192300018,2025,Collectivité Territoriale,Commune,['Somme'],['Hauts-de-France'],COM,{80},{32}
af6617b6-1103-4086-a163-b97524ba5a23,214700684,Commune de Cocumont (47),false,{47068},Commune,2026-03-24 14:42:00.862623+01,gold_establishments_2025,,,,21470068400019,2025,Collectivité Territoriale,Commune,['Lot-et-Garonne'],['Nouvelle-Aquitaine'],COM,{47},{75}
cf86e30d-58c0-4eca-b30d-bdb49a83a843,216600528,Commune de Codalet (66),false,{66052},Commune,2026-03-24 14:42:06.665412+01,gold_establishments_2025,,,,21660052800014,2025,Collectivité Territoriale,Commune,['Pyrénées-Orientales'],['Occitanie'],COM,{66},{76}
f968e77a-8980-4c3e-b349-74c00b095dc5,213000839,Commune de Codognan (30),false,{30083},Commune,2026-03-24 14:41:57.56054+01,gold_establishments_2025,,,,21300083900018,2025,Collectivité Territoriale,Commune,['Gard'],['Occitanie'],COM,{30},{76}
82ceb5aa-b1ad-4cc2-af2b-fa8b3ff16e04,213000847,Commune de Codolet (30),false,{30084},Commune,2026-03-24 14:41:57.56054+01,gold_establishments_2025,,,,21300084700011,2025,Collectivité Territoriale,Commune,['Gard'],['Occitanie'],COM,{30},{76}
4257c0f9-405b-46cc-a093-1857e0c6f686,212000905,Commune de Coggia (2A),false,{2A090},Commune,2026-03-24 14:41:57.56054+01,gold_establishments_2025,,,,21200090500019,2025,Collectivité Territoriale,Commune,['Corse-du-Sud'],['Corse'],COM,{2A},{94}
6554c733-7af0-488c-b6ea-05d881b39eba,213901564,Commune de Cogna (39),false,{39156},Commune,2026-03-24 14:41:59.705606+01,gold_establishments_2025,,,,21390156400012,2025,Collectivité Territoriale,Commune,['Jura'],['Bourgogne-Franche-Comté'],COM,{39},{27}
24993813-63c7-467d-9f7e-2317df3e5f1c,211601026,Commune de Cognac (16),false,{16102},Commune,2026-03-24 14:41:54.362296+01,gold_establishments_2025,,,,21160102600019,2025,Collectivité Territoriale,Commune,['Charente'],['Nouvelle-Aquitaine'],COM,{16},{75}
2b45daf6-b476-4a04-8f53-6dc988e05f51,218704609,Commune de Cognac-la-Forêt (87),false,{87046},Commune,2026-03-24 14:42:11.118516+01,gold_establishments_2025,,,,21870460900013,2025,Collectivité Territoriale,Commune,['Haute-Vienne'],['Nouvelle-Aquitaine'],COM,{87},{75}
098d439a-17f9-4ca8-a6bd-45f4867ebc16,210300802,Commune de Cognat-Lyonne (03),false,{03080},Commune,2026-03-24 14:41:52.020251+01,gold_establishments_2025,,,,21030080200019,2025,Collectivité Territoriale,Commune,['Allier'],['Auvergne-Rhône-Alpes'],COM,{03},{84}
5c4b9055-4e28-404c-9c83-d44347da972b,217200856,Commune de Cogners (72),false,{72085},Commune,2026-03-24 14:42:08.279287+01,gold_establishments_2025,,,,21720085600011,2025,Collectivité Territoriale,Commune,['Sarthe'],['Pays de la Loire'],COM,{72},{52}
895632ac-9f20-41f4-b586-ea4749d2c658,213801160,Commune de Cognet (38),false,{38116},Commune,2026-03-24 14:41:59.160244+01,gold_establishments_2025,,,,21380116000010,2025,Collectivité Territoriale,Commune,['Isère'],['Auvergne-Rhône-Alpes'],COM,{38},{84}
c5c80028-f615-4577-be20-1a03a92e5784,217300870,Commune de Cognin (73),false,{73087},Commune,2026-03-24 14:42:08.279287+01,gold_establishments_2025,,,,21730087000011,2025,Collectivité Territoriale,Commune,['Savoie'],['Auvergne-Rhône-Alpes'],COM,{73},{84}
cd5f9052-58f7-4564-899a-707019708965,213801178,Commune de Cognin-les-Gorges (38),false,{38117},Commune,2026-03-24 14:41:59.160244+01,gold_establishments_2025,,,,21380117800012,2025,Collectivité Territoriale,Commune,['Isère'],['Auvergne-Rhône-Alpes'],COM,{38},{84}
e9bf7d83-4b56-4941-af88-027c255eedc4,217001593,Commune de Cognières (70),false,{70159},Commune,2026-03-24 14:42:07.735343+01,gold_establishments_2025,,,,21700159300011,2025,Collectivité Territoriale,Commune,['Haute-Saône'],['Bourgogne-Franche-Comté'],COM,{70},{27}
582962de-43b9-4ef4-ad68-5b08877e4b9a,212000913,Commune de Cognocoli-Monticchi (2A),false,{2A091},Commune,2026-03-24 14:41:57.56054+01,gold_establishments_2025,,,,21200091300013,2025,Collectivité Territoriale,Commune,['Corse-du-Sud'],['Corse'],COM,{2A},{94}
7036ff15-3198-444c-b929-94e490d72b01,211800685,Commune de Cogny (18),false,{18068},Commune,2026-03-24 14:41:54.903238+01,gold_establishments_2025,,,,21180068500011,2025,Collectivité Territoriale,Commune,['Cher'],['Centre-Val de Loire'],COM,{18},{24}
c8af6fb4-cd88-4616-b92b-ea79236f597d,216900613,Commune de Cogny (69),false,{69061},Commune,2026-03-24 14:42:07.195692+01,gold_establishments_2025,,,,21690061300011,2025,Collectivité Territoriale,Commune,['Rhône'],['Auvergne-Rhône-Alpes'],COM,{69},{84}
f53d7188-3a02-4139-bb23-e79dd3e5d204,218300424,Commune de Cogolin (83),false,{83042},Commune,2026-03-24 14:42:10.508772+01,gold_establishments_2025,,,,21830042400015,2025,Collectivité Territoriale,Commune,['Var'],"[""Provence-Alpes-Côte d'Azur""]",COM,{83},{93}
1dcab614-31b9-4f72-ad64-8ffece36a73e,214300741,Commune de Cohade (43),false,{43074},Commune,2026-03-24 14:42:00.273698+01,gold_establishments_2025,,,,21430074100011,2025,Collectivité Territoriale,Commune,['Haute-Loire'],['Auvergne-Rhône-Alpes'],COM,{43},{84}
83db5fbe-1b0c-4818-bd85-b03c5521e1c8,217300888,Commune de Cohennoz (73),false,{73088},Commune,2026-03-24 14:42:08.279287+01,gold_establishments_2025,,,,21730088800013,2025,Collectivité Territoriale,Commune,['Savoie'],['Auvergne-Rhône-Alpes'],COM,{73},{84}
d86dafc6-225a-48d2-abe4-ac42f30427d1,212200455,Commune de Cohiniac (22),false,{22045},Commune,2026-03-24 14:41:55.433389+01,gold_establishments_2025,,,,21220045500013,2025,Collectivité Territoriale,Commune,"[""Côtes-d'Armor""]",['Bretagne'],COM,{22},{53}
616bdb8f-7bb5-4ac0-aab1-7de70154d153,215200957,Commune de Cohons (52),false,{52134},Commune,2026-03-24 14:42:01.954481+01,gold_establishments_2025,,,,21520095700011,2025,Collectivité Territoriale,Commune,['Haute-Marne'],['Grand Est'],COM,{52},{44}
c0a08b23-d0e6-4a58-aa8b-3432c1cf0a72,215200965,Commune de Coiffy-le-Bas (52),false,{52135},Commune,2026-03-24 14:42:01.954481+01,gold_establishments_2025,,,,21520096500014,2025,Collectivité Territoriale,Commune,['Haute-Marne'],['Grand Est'],COM,{52},{44}
2f0ed40f-e699-44e0-b100-dec473a76d3d,215200973,Commune de Coiffy-le-Haut (52),false,{52136},Commune,2026-03-24 14:42:01.954481+01,gold_establishments_2025,,,,21520097300018,2025,Collectivité Territoriale,Commune,['Haute-Marne'],['Grand Est'],COM,{52},{44}
ac4e0646-587e-4ff8-a771-5948f67bb3ae,218001931,Commune de Coigneux (80),false,{80201},Commune,2026-03-24 14:42:09.967209+01,gold_establishments_2025,,,,21800193100011,2025,Collectivité Territoriale,Commune,['Somme'],['Hauts-de-France'],COM,{80},{32}
a2ebd491-0d03-430a-9171-82413e3a80e5,217801687,Commune de Coignières (78),false,{78168},Commune,2026-03-24 14:42:09.43682+01,gold_establishments_2025,,,,21780168700096,2025,Collectivité Territoriale,Commune,['Yvelines'],['Île-de-France'],COM,{78},{11}
88cb9da0-73e7-4f19-9699-65b745a14dc2,213301302,Commune de Coimères (33),false,{33130},Commune,2026-03-24 14:41:58.620411+01,gold_establishments_2025,,,,21330130200013,2025,Collectivité Territoriale,Commune,['Gironde'],['Nouvelle-Aquitaine'],COM,{33},{75}
018b9c36-2de9-4496-927f-5bdffc65152c,215701467,Commune de Coin-lès-Cuvry (57),false,{57146},Commune,2026-03-24 14:42:03.701372+01,gold_establishments_2025,,,,21570146700015,2025,Collectivité Territoriale,Commune,['Moselle'],['Grand Est'],COM,{57},{44}
578cdef6-c187-4b41-8426-0c6137b36e30,215701475,Commune de Coin-sur-Seille (57),false,{57147},Commune,2026-03-24 14:42:03.701372+01,gold_establishments_2025,,,,21570147500018,2025,Collectivité Territoriale,Commune,['Moselle'],['Grand Est'],COM,{57},{44}
323a301d-8c70-4103-9173-9f8959fed2be,214500993,Commune de Coinces (45),false,{45099},Commune,2026-03-24 14:42:00.862623+01,gold_establishments_2025,,,,21450099300016,2025,Collectivité Territoriale,Commune,['Loiret'],['Centre-Val de Loire'],COM,{45},{24}
95812a41-8a64-4e8b-bfb4-c6229243098c,218801116,Commune de Coinches (88),false,{88111},Commune,2026-03-24 14:42:11.118516+01,gold_establishments_2025,,,,21880111600011,2025,Collectivité Territoriale,Commune,['Vosges'],['Grand Est'],COM,{88},{44}
9178a1d7-78f5-4dff-a404-1df1afa51d08,215407990,Commune de Coincourt (54),false,{54133},Commune,2026-03-24 14:42:02.957225+01,gold_establishments_2025,,,,21540799000013,2025,Collectivité Territoriale,Commune,['Meurthe-et-Moselle'],['Grand Est'],COM,{54},{44}
63478c91-a61d-4024-aaaf-8e2e2e58db4d,210201885,Commune de Coincy (02),false,{02203},Commune,2026-03-24 14:41:51.447482+01,gold_establishments_2025,,,,21020188500014,2025,Collectivité Territoriale,Commune,['Aisne'],['Hauts-de-France'],COM,{02},{32}
6c4d5bdf-ef4f-4afe-baf5-1885feab91e9,215701459,Commune de Coincy (57),false,{57145},Commune,2026-03-24 14:42:03.701372+01,gold_establishments_2025,,,,21570145900012,2025,Collectivité Territoriale,Commune,['Moselle'],['Grand Est'],COM,{57},{44}
de55ec39-c7ee-40ce-b21d-8688ac69b92d,213600570,Commune de Coings (36),false,{36057},Commune,2026-03-24 14:41:59.160244+01,gold_establishments_2025,,,,21360057000013,2025,Collectivité Territoriale,Commune,['Indre'],['Centre-Val de Loire'],COM,{36},{24}
70b624af-a3c1-4a44-85db-063f187c236c,210201893,Commune de Coingt (02),false,{02204},Commune,2026-03-24 14:41:51.447482+01,gold_establishments_2025,,,,21020189300018,2025,Collectivité Territoriale,Commune,['Aisne'],['Hauts-de-France'],COM,{02},{32}
c61dafe7-0e3f-4ffc-b0a7-daf98b0c6524,213301310,Commune de Coirac (33),false,{33131},Commune,2026-03-24 14:41:58.620411+01,gold_establishments_2025,,,,21330131000016,2025,Collectivité Territoriale,Commune,['Gironde'],['Nouvelle-Aquitaine'],COM,{33},{75}
61f27d58-94ff-48ef-852f-2b109d34fb0f,216900621,Commune de Coise (69),false,{69062},Commune,2026-03-24 14:42:07.195692+01,gold_establishments_2025,,,,21690062100014,2025,Collectivité Territoriale,Commune,['Rhône'],['Auvergne-Rhône-Alpes'],COM,{69},{84}
9a3920d3-5e9d-4054-bee2-5ff2ce188f02,217300896,Commune de Coise-Saint-Jean-Pied-Gauthier (73),false,{73089},Commune,2026-03-24 14:42:08.279287+01,gold_establishments_2025,,,,21730089600016,2025,Collectivité Territoriale,Commune,['Savoie'],['Auvergne-Rhône-Alpes'],COM,{73},{84}
35a006b6-7f87-4561-b1a8-d48f4848b711,213901572,Commune de Coiserette (39),false,{39157},Commune,2026-03-24 14:41:59.705606+01,gold_establishments_2025,,,,21390157200015,2025,Collectivité Territoriale,Commune,['Jura'],['Bourgogne-Franche-Comté'],COM,{39},{27}
7d1c1eb5-2dd1-4a21-9519-5d4db7da1909,217001601,Commune de Coisevaux (70),false,{70160},Commune,2026-03-24 14:42:07.735343+01,gold_establishments_2025,,,,21700160100012,2025,Collectivité Territoriale,Commune,['Haute-Saône'],['Bourgogne-Franche-Comté'],COM,{70},{27}
c9ce3883-1f77-4ee3-9f8f-02414becf398,218001949,Commune de Coisy (80),false,{80202},Commune,2026-03-24 14:42:09.967209+01,gold_establishments_2025,,,,21800194900013,2025,Collectivité Territoriale,Commune,['Somme'],['Hauts-de-France'],COM,{80},{32}
ec4c2543-5864-40d2-8532-4f09264136b9,211701149,Commune de Coivert (17),false,{17114},Commune,2026-03-24 14:41:54.903238+01,gold_establishments_2025,,,,21170114900018,2025,Collectivité Territoriale,Commune,['Charente-Maritime'],['Nouvelle-Aquitaine'],COM,{17},{75}
9018db62-d6c3-4c6e-856b-78da124cd6bb,216001578,Commune de Coivrel (60),false,{60158},Commune,2026-03-24 14:42:04.814328+01,gold_establishments_2025,,,,21600157800014,2025,Collectivité Territoriale,Commune,['Oise'],['Hauts-de-France'],COM,{60},{32}
d0fca035-4217-4a4d-8e65-7273fe87e5ea,215101478,Commune de Coizard-Joches (51),false,{51157},Commune,2026-03-24 14:42:01.954481+01,gold_establishments_2025,,,,21510147800018,2025,Collectivité Territoriale,Commune,['Marne'],['Grand Est'],COM,{51},{44}
d967db8e-e0da-4e9b-bba3-32195502941c,214700692,Commune de Colayrac-Saint-Cirq (47),false,{47069},Commune,2026-03-24 14:42:00.862623+01,gold_establishments_2025,,,,21470069200012,2025,Collectivité Territoriale,Commune,['Lot-et-Garonne'],['Nouvelle-Aquitaine'],COM,{47},{75}
427fdb11-99fe-4b11-bf3b-56fda4a314a7,216202309,Commune de Colembert (62),false,{62230},Commune,2026-03-24 14:42:05.597325+01,gold_establishments_2025,,,,21620230900011,2025,Collectivité Territoriale,Commune,['Pas-de-Calais'],['Hauts-de-France'],COM,{62},{32}
8e138318-231a-4cf5-85d9-f8998e00b601,210101085,Commune de Coligny (01),false,{01108},Commune,2026-03-24 14:41:51.447482+01,gold_establishments_2025,,,,21010108500012,2025,Collectivité Territoriale,Commune,['Ain'],['Auvergne-Rhône-Alpes'],COM,{01},{84}
326377c0-01aa-4be0-80ae-c17d070538f9,218001956,Commune de Colincamps (80),false,{80203},Commune,2026-03-24 14:42:09.967209+01,gold_establishments_2025,,,,21800195600018,2025,Collectivité Territoriale,Commune,['Somme'],['Hauts-de-France'],COM,{80},{32}
ea837b97-7cd6-4cef-8c12-7ad6b1f62bfd,218901122,Commune de Collan (89),false,{89112},Commune,2026-03-24 14:42:11.118516+01,gold_establishments_2025,,,,21890112200018,2025,Collectivité Territoriale,Commune,['Yonne'],['Bourgogne-Franche-Comté'],COM,{89},{27}
071e558c-3b01-4598-bfe7-d5f14d35c208,211500525,Commune de Collandres (15),false,{15052},Commune,2026-03-24 14:41:54.362296+01,gold_establishments_2025,,,,21150052500012,2025,Collectivité Territoriale,Commune,['Cantal'],['Auvergne-Rhône-Alpes'],COM,{15},{84}
39897113-152f-4bd8-bf0d-ea23aaa87c72,212701627,Commune de Collandres-Quincarnon (27),false,{27162},Commune,2026-03-24 14:41:57.028721+01,gold_establishments_2025,,,,21270162700011,2025,Collectivité Territoriale,Commune,['Eure'],['Normandie'],COM,{27},{28}
438dfb37-6e71-4d71-b665-5d25e93212a1,216301143,Commune de Collanges (63),false,{63114},Commune,2026-03-24 14:42:06.130387+01,gold_establishments_2025,,,,21630114300014,2025,Collectivité Territoriale,Commune,['Puy-de-Dôme'],['Auvergne-Rhône-Alpes'],COM,{63},{84}
22a02f9d-4e32-4a8a-b1aa-4f2aff3d5b48,214300758,Commune de Collat (43),false,{43075},Commune,2026-03-24 14:42:00.273698+01,gold_establishments_2025,,,,21430075800015,2025,Collectivité Territoriale,Commune,['Haute-Loire'],['Auvergne-Rhône-Alpes'],COM,{43},{84}
37c6f224-979d-41aa-8ec4-3f570511d650,218901130,Commune de Collemiers (89),false,{89113},Commune,2026-03-24 14:42:11.118516+01,gold_establishments_2025,,,,21890113000011,2025,Collectivité Territoriale,Commune,['Yonne'],['Bourgogne-Franche-Comté'],COM,{89},{27}
0d55df25-5895-4d07-80fc-04f6f1b8ab51,215901513,Commune de Colleret (59),false,{59151},Commune,2026-03-24 14:42:04.280096+01,gold_establishments_2025,,,,21590151300014,2025,Collectivité Territoriale,Commune,['Nord'],['Hauts-de-France'],COM,{59},{32}
caf90857-a0e8-4f84-b9eb-eb3e62e63d26,212701635,Commune de Colletot (27),false,{27163},Commune,2026-03-24 14:41:57.028721+01,gold_establishments_2025,,,,21270163500014,2025,Collectivité Territoriale,Commune,['Eure'],['Normandie'],COM,{27},{28}
165a1aac-51b7-44a7-8bca-c74d407f05d9,217601830,Commune de Colleville (76),false,{76183},Commune,2026-03-24 14:42:08.818969+01,gold_establishments_2025,,,,21760183000011,2025,Collectivité Territoriale,Commune,['Seine-Maritime'],['Normandie'],COM,{76},{28}
f7141454-5f28-42cf-aebd-faac054612e1,211401666,Commune de Colleville-Montgomery (14),false,{14166},Commune,2026-03-24 14:41:53.63825+01,gold_establishments_2025,,,,21140166600014,2025,Collectivité Territoriale,Commune,['Calvados'],['Normandie'],COM,{14},{28}
e73dbe9c-bef8-48ac-92f7-3b1913bd8328,211401658,Commune de Colleville-sur-Mer (14),false,{14165},Commune,2026-03-24 14:41:53.63825+01,gold_establishments_2025,,,,21140165800011,2025,Collectivité Territoriale,Commune,['Calvados'],['Normandie'],COM,{14},{28}
a08f58a4-f730-48f4-b655-a15e29523dcd,213000854,Commune de Collias (30),false,{30085},Commune,2026-03-24 14:41:57.56054+01,gold_establishments_2025,,,,21300085400074,2025,Collectivité Territoriale,Commune,['Gard'],['Occitanie'],COM,{30},{76}
0a7ba36a-0bb0-4106-8f56-635d994ad52c,210201901,Commune de Colligis-Crandelain (02),false,{02205},Commune,2026-03-24 14:41:51.447482+01,gold_establishments_2025,,,,21020190100019,2025,Collectivité Territoriale,Commune,['Aisne'],['Hauts-de-France'],COM,{02},{32}
65a739a0-a082-4384-94f9-cb90512c3ae5,200062339,Commune de Colligny-Maizery (57),false,{57148},Commune,2026-03-24 14:42:03.701372+01,gold_establishments_2025,,,,20006233900011,2025,Collectivité Territoriale,Commune,['Moselle'],['Grand Est'],COM,{57},{44}
8962713d-eae6-4da7-ac82-71a972a3f97d,216202317,Commune de Colline-Beaumont (62),false,{62231},Commune,2026-03-24 14:42:05.597325+01,gold_establishments_2025,,,,21620231700014,2025,Collectivité Territoriale,Commune,['Pas-de-Calais'],['Hauts-de-France'],COM,{62},{32}
b3db6eef-4d5d-4b3f-8498-af070eb74794,216600536,Commune de Collioure (66),false,{66053},Commune,2026-03-24 14:42:06.665412+01,gold_establishments_2025,,,,21660053600017,2025,Collectivité Territoriale,Commune,['Pyrénées-Orientales'],['Occitanie'],COM,{66},{76}
e79773c8-dfb4-46ae-b0d6-0cc6498f8059,218300432,Commune de Collobrières (83),false,{83043},Commune,2026-03-24 14:42:10.508772+01,gold_establishments_2025,,,,21830043200018,2025,Collectivité Territoriale,Commune,['Var'],"[""Provence-Alpes-Côte d'Azur""]",COM,{83},{93}
5d7e5f2a-cb19-4358-b462-64d1601357a7,217101393,Commune de Collonge-en-Charollais (71),false,{71139},Commune,2026-03-24 14:42:07.735343+01,gold_establishments_2025,,,,21710139300015,2025,Collectivité Territoriale,Commune,['Saône-et-Loire'],['Bourgogne-Franche-Comté'],COM,{71},{27}
fa01cd8b-99cf-4648-820d-2af7f976e7f1,217101401,Commune de Collonge-la-Madeleine (71),false,{71140},Commune,2026-03-24 14:42:07.735343+01,gold_establishments_2025,,,,21710140100016,2025,Collectivité Territoriale,Commune,['Saône-et-Loire'],['Bourgogne-Franche-Comté'],COM,{71},{27}
49ce3b4f-9b9f-48db-9680-66c9811bf2c9,210101093,Commune de Collonges (01),false,{01109},Commune,2026-03-24 14:41:51.447482+01,gold_establishments_2025,,,,21010109300016,2025,Collectivité Territoriale,Commune,['Ain'],['Auvergne-Rhône-Alpes'],COM,{01},{84}
005b92df-92a1-4a7a-a348-27e4d7395baf,216900639,Commune de Collonges-au-Mont-d'Or (69),false,{69063},Commune,2026-03-24 14:42:07.195692+01,gold_establishments_2025,,,,21690063900016,2025,Collectivité Territoriale,Commune,['Rhône'],['Auvergne-Rhône-Alpes'],COM,{69},{84}
670a9ca6-dc03-4f44-9b91-0a2a004aa3db,200088508,Commune de Collonges-et-Premières (21),false,{21183},Commune,2026-03-24 14:41:55.433389+01,gold_establishments_2025,,,,20008850800011,2025,Collectivité Territoriale,Commune,"[""Côte-d'Or""]",['Bourgogne-Franche-Comté'],COM,{21},{27}
36d06b99-d903-4170-9bbe-f9447689f428,211905708,Commune de Collonges-la-Rouge (19),false,{19057},Commune,2026-03-24 14:41:54.903238+01,gold_establishments_2025,,,,21190570800015,2025,Collectivité Territoriale,Commune,['Corrèze'],['Nouvelle-Aquitaine'],COM,{19},{75}
1a5449eb-e7ab-4682-8e6f-576ed0ec1d08,212101828,Commune de Collonges-lès-Bévy (21),false,{21182},Commune,2026-03-24 14:41:55.433389+01,gold_establishments_2025,,,,21210182800011,2025,Collectivité Territoriale,Commune,"[""Côte-d'Or""]",['Bourgogne-Franche-Comté'],COM,{21},{27}
171b0fe0-1564-4638-9ff3-725229882929,217400829,Commune de Collonges-sous-Salève (74),false,{74082},Commune,2026-03-24 14:42:08.279287+01,gold_establishments_2025,,,,21740082900016,2025,Collectivité Territoriale,Commune,['Haute-Savoie'],['Auvergne-Rhône-Alpes'],COM,{74},{84}
19a6c56e-1966-48bf-9c12-11a104e76b07,210600458,Commune de Collongues (06),false,{06045},Commune,2026-03-24 14:41:52.562531+01,gold_establishments_2025,,,,21060045800017,2025,Collectivité Territoriale,Commune,['Alpes-Maritimes'],"[""Provence-Alpes-Côte d'Azur""]",COM,{06},{93}
0499c477-c566-4f45-b1a6-b64b71f36433,216501510,Commune de Collongues (65),false,{65151},Commune,2026-03-24 14:42:06.665412+01,gold_establishments_2025,,,,21650151000012,2025,Collectivité Territoriale,Commune,['Hautes-Pyrénées'],['Occitanie'],COM,{65},{76}
f1873826-5784-4b23-aa6c-e8fb74bd1ec8,212900369,Commune de Collorec (29),false,{29036},Commune,2026-03-24 14:41:57.028721+01,gold_establishments_2025,,,,21290036900019,2025,Collectivité Territoriale,Commune,['Finistère'],['Bretagne'],COM,{29},{53}
00c4c37f-3b53-4248-ae29-996ac6240bc7,213000862,Commune de Collorgues (30),false,{30086},Commune,2026-03-24 14:41:57.56054+01,gold_establishments_2025,,,,21300086200010,2025,Collectivité Territoriale,Commune,['Gard'],['Occitanie'],COM,{30},{76}
dfc9bcac-3414-478b-85b6-ccbb7754b1a4,217701218,Commune de Collégien (77),false,{77121},Commune,2026-03-24 14:42:08.818969+01,gold_establishments_2025,,,,21770121800018,2025,Collectivité Territoriale,Commune,['Seine-et-Marne'],['Île-de-France'],COM,{77},{11}
5c8a7cc0-e875-4fae-8d5c-37912806cb54,216800664,Commune de Colmar (68),false,{68066},Commune,2026-03-24 14:42:07.195692+01,gold_establishments_2025,,,,21680066400015,2025,Collectivité Territoriale,Commune,['Haut-Rhin'],['Grand Est'],COM,{68},{44}
2039f9d4-aaf6-40df-82e6-162c08d825d5,210400610,Commune de Colmars (04),false,{04061},Commune,2026-03-24 14:41:52.020251+01,gold_establishments_2025,,,,21040061000015,2025,Collectivité Territoriale,Commune,['Alpes-de-Haute-Provence'],"[""Provence-Alpes-Côte d'Azur""]",COM,{04},{93}
811b9b32-de78-4703-b21d-1e2c8bd9cdab,215701491,Commune de Colmen (57),false,{57149},Commune,2026-03-24 14:42:03.701372+01,gold_establishments_2025,,,,21570149100015,2025,Collectivité Territoriale,Commune,['Moselle'],['Grand Est'],COM,{57},{44}
cffdcd76-7210-4d54-9e4e-af8f9027a37c,217601848,Commune de Colmesnil-Manneville (76),false,{76184},Commune,2026-03-24 14:42:08.818969+01,gold_establishments_2025,,,,21760184800013,2025,Collectivité Territoriale,Commune,['Seine-Maritime'],['Normandie'],COM,{76},{28}
cde857ff-8a63-44e1-a060-20231df9601a,215401340,Commune de Colmey (54),false,{54134},Commune,2026-03-24 14:42:02.957225+01,gold_establishments_2025,,,,21540134000017,2025,Collectivité Territoriale,Commune,['Meurthe-et-Moselle'],['Grand Est'],COM,{54},{44}
35a046d6-05eb-4d2e-beca-4abdb2b7ed34,215200981,Commune de Colmier-le-Bas (52),false,{52137},Commune,2026-03-24 14:42:01.954481+01,gold_establishments_2025,,,,21520098100011,2025,Collectivité Territoriale,Commune,['Haute-Marne'],['Grand Est'],COM,{52},{44}
b403c8da-f0c9-4715-802a-7e1e7ea38156,215200999,Commune de Colmier-le-Haut (52),false,{52138},Commune,2026-03-24 14:42:01.954481+01,gold_establishments_2025,,,,21520099900013,2025,Collectivité Territoriale,Commune,['Haute-Marne'],['Grand Est'],COM,{52},{44}
5294a94e-6a9c-4eb6-a74d-da2abcddb4fa,215800814,Commune de Colméry (58),false,{58081},Commune,2026-03-24 14:42:04.280096+01,gold_establishments_2025,,,,21580081400018,2025,Collectivité Territoriale,Commune,['Nièvre'],['Bourgogne-Franche-Comté'],COM,{58},{27}
45f9c3b0-a34b-4e48-b7b5-af6d8d78009c,213000870,Commune de Colognac (30),false,{30087},Commune,2026-03-24 14:41:57.56054+01,gold_establishments_2025,,,,21300087000013,2025,Collectivité Territoriale,Commune,['Gard'],['Occitanie'],COM,{30},{76}
5b6a5790-fdf9-4359-9e4a-ce15248de124,213201064,Commune de Cologne (32),false,{32106},Commune,2026-03-24 14:41:58.09424+01,gold_establishments_2025,,,,21320106400010,2025,Collectivité Territoriale,Commune,['Gers'],['Occitanie'],COM,{32},{76}
0a412427-64ea-4685-9305-1686b38cd7df,210600466,Commune de Colomars (06),false,{06046},Commune,2026-03-24 14:41:52.562531+01,gold_establishments_2025,,,,21060046600010,2025,Collectivité Territoriale,Commune,['Alpes-Maritimes'],"[""Provence-Alpes-Côte d'Azur""]",COM,{06},{93}
6c00dcc8-3acc-49d9-83a3-7a2404555746,213801186,Commune de Colombe (38),false,{38118},Commune,2026-03-24 14:41:59.160244+01,gold_establishments_2025,,,,21380118600015,2025,Collectivité Territoriale,Commune,['Isère'],['Auvergne-Rhône-Alpes'],COM,{38},{84}
7d1cb696-2949-45c2-b426-5e68a2aee054,217001627,Commune de Colombe-lès-Vesoul (70),false,{70162},Commune,2026-03-24 14:42:07.735343+01,gold_establishments_2025,,,,21700162700017,2025,Collectivité Territoriale,Commune,['Haute-Saône'],['Bourgogne-Franche-Comté'],COM,{70},{27}
e093e1ca-bf5d-4b16-a0d2-9579995dc66a,211401674,Commune de Colombelles (14),false,{14167},Commune,2026-03-24 14:41:53.63825+01,gold_establishments_2025,,,,21140167400018,2025,Collectivité Territoriale,Commune,['Calvados'],['Normandie'],COM,{14},{28}
68ff3e7a-70df-4139-a48b-8ebe8dd12dd9,219200250,Commune de Colombes (92),false,{92025},Commune,2026-03-24 14:42:11.659493+01,gold_establishments_2025,,,,21920025000013,2025,Collectivité Territoriale,Commune,['Hauts-de-Seine'],['Île-de-France'],COM,{92},{11}
a3c05e85-cbe3-4142-a878-b1bd2409f3f1,200069334,Commune de Colombey les Deux Églises (52),false,{52140},Commune,2026-03-24 14:42:01.954481+01,gold_establishments_2025,,,,20006933400015,2025,Collectivité Territoriale,Commune,['Haute-Marne'],['Grand Est'],COM,{52},{44}
00c4b0b8-2b16-4fe9-ac18-3f577ac55351,215401357,Commune de Colombey-les-Belles (54),false,{54135},Commune,2026-03-24 14:42:02.957225+01,gold_establishments_2025,,,,21540135700011,2025,Collectivité Territoriale,Commune,['Meurthe-et-Moselle'],['Grand Est'],COM,{54},{44}
2308f95f-493b-4e3c-9b78-084b1ab967cf,210300810,Commune de Colombier (03),false,{03081},Commune,2026-03-24 14:41:52.020251+01,gold_establishments_2025,,,,21030081000012,2025,Collectivité Territoriale,Commune,['Allier'],['Auvergne-Rhône-Alpes'],COM,{03},{84}
ddd89582-9acd-4415-8b04-37b57352286b,212101844,Commune de Colombier (21),false,{21184},Commune,2026-03-24 14:41:55.433389+01,gold_establishments_2025,,,,21210184400018,2025,Collectivité Territoriale,Commune,"[""Côte-d'Or""]",['Bourgogne-Franche-Comté'],COM,{21},{27}
2ad44d17-d585-4e67-8d06-49239420a3c4,212401269,Commune de Colombier (24),false,{24126},Commune,2026-03-24 14:41:55.958138+01,gold_establishments_2025,,,,21240126900015,2025,Collectivité Territoriale,Commune,['Dordogne'],['Nouvelle-Aquitaine'],COM,{24},{75}
72134265-5772-4574-b527-73552403c319,214200677,Commune de Colombier (42),false,{42067},Commune,2026-03-24 14:42:00.273698+01,gold_establishments_2025,,,,21420067700018,2025,Collectivité Territoriale,Commune,['Loire'],['Auvergne-Rhône-Alpes'],COM,{42},{84}
80690dda-a860-479c-bb98-cfe28b437ec8,217001635,Commune de Colombier (70),false,{70163},Commune,2026-03-24 14:42:07.735343+01,gold_establishments_2025,,,,21700163500051,2025,Collectivité Territoriale,Commune,['Haute-Saône'],['Bourgogne-Franche-Comté'],COM,{70},{27}
40bece7a-e52f-4d86-9320-df0c0bfde369,212501597,Commune de Colombier-Fontaine (25),false,{25159},Commune,2026-03-24 14:41:56.495197+01,gold_establishments_2025,,,,21250159700018,2025,Collectivité Territoriale,Commune,['Doubs'],['Bourgogne-Franche-Comté'],COM,{25},{27}
6bf32100-9023-4fae-aa7d-f064614b2a45,216902999,Commune de Colombier-Saugnieu (69),false,{69299},Commune,2026-03-24 14:42:07.735343+01,gold_establishments_2025,,,,21690299900095,2025,Collectivité Territoriale,Commune,['Rhône'],['Auvergne-Rhône-Alpes'],COM,{69},{84}
9c9d0e86-1de6-4f99-af29-edec6f4a9022,217101419,Commune de Colombier-en-Brionnais (71),false,{71141},Commune,2026-03-24 14:42:07.735343+01,gold_establishments_2025,,,,21710141900018,2025,Collectivité Territoriale,Commune,['Saône-et-Loire'],['Bourgogne-Franche-Comté'],COM,{71},{27}
5f717039-ef03-40ab-b4d5-7051fa5c9e0c,210700670,Commune de Colombier-le-Cardinal (07),false,{07067},Commune,2026-03-24 14:41:52.562531+01,gold_establishments_2025,,,,21070067000016,2025,Collectivité Territoriale,Commune,['Ardèche'],['Auvergne-Rhône-Alpes'],COM,{07},{84}
7a9c2deb-4d29-4ca2-9b20-6156c2dd50ac,210700688,Commune de Colombier-le-Jeune (07),false,{07068},Commune,2026-03-24 14:41:52.562531+01,gold_establishments_2025,,,,21070068800018,2025,Collectivité Territoriale,Commune,['Ardèche'],['Auvergne-Rhône-Alpes'],COM,{07},{84}
63d6fd68-9137-4fd2-a54d-22b4701f9b58,210700696,Commune de Colombier-le-Vieux (07),false,{07069},Commune,2026-03-24 14:41:52.562531+01,gold_establishments_2025,,,,21070069600011,2025,Collectivité Territoriale,Commune,['Ardèche'],['Auvergne-Rhône-Alpes'],COM,{07},{84}
75391847-388c-433a-841a-ef090c7e7d53,211701156,Commune de Colombiers (17),false,{17115},Commune,2026-03-24 14:41:54.903238+01,gold_establishments_2025,,,,21170115600013,2025,Collectivité Territoriale,Commune,['Charente-Maritime'],['Nouvelle-Aquitaine'],COM,{17},{75}
f85bc131-4c40-4165-83db-0446253f1ceb,211800693,Commune de Colombiers (18),false,{18069},Commune,2026-03-24 14:41:54.903238+01,gold_establishments_2025,,,,21180069300015,2025,Collectivité Territoriale,Commune,['Cher'],['Centre-Val de Loire'],COM,{18},{24}
539e4203-64c7-460d-9fef-00dca842a914,213400815,Commune de Colombiers (34),false,{34081},Commune,2026-03-24 14:41:58.620411+01,gold_establishments_2025,,,,21340081500071,2025,Collectivité Territoriale,Commune,['Hérault'],['Occitanie'],COM,{34},{76}
55a89257-551d-4a3a-a396-ffedeed89595,216101113,Commune de Colombiers (61),false,{61111},Commune,2026-03-24 14:42:04.814328+01,gold_establishments_2025,,,,21610111300019,2025,Collectivité Territoriale,Commune,['Orne'],['Normandie'],COM,{61},{28}
99a9d1aa-5a91-4a75-81b3-8ea7272d5381,218600815,Commune de Colombiers (86),false,{86081},Commune,2026-03-24 14:42:10.508772+01,gold_establishments_2025,,,,21860081500011,2025,Collectivité Territoriale,Commune,['Vienne'],['Nouvelle-Aquitaine'],COM,{86},{75}
3f1f8084-a430-44eb-93d6-92bf5563614f,215300716,Commune de Colombiers-du-Plessis (53),false,{53071},Commune,2026-03-24 14:42:01.954481+01,gold_establishments_2025,,,,21530071600010,2025,Collectivité Territoriale,Commune,['Mayenne'],['Pays de la Loire'],COM,{53},{52}
7e5295ee-f8f2-4d01-b862-7156d7a8c37b,211401690,Commune de Colombiers-sur-Seulles (14),false,{14169},Commune,2026-03-24 14:41:53.63825+01,gold_establishments_2025,,,,21140169000014,2025,Collectivité Territoriale,Commune,['Calvados'],['Normandie'],COM,{14},{28}
812c79cd-df4a-4bfd-8446-4b34c6d624b8,217001528,Commune de Colombine (70),false,{70152},Commune,2026-03-24 14:42:07.735343+01,gold_establishments_2025,,,,21700152800017,2025,Collectivité Territoriale,Commune,['Haute-Saône'],['Bourgogne-Franche-Comté'],COM,{70},{27}
82ddae7e-ce48-49c7-bf76-4108b4fd4ddb,211401682,Commune de Colombières (14),false,{14168},Commune,2026-03-24 14:41:53.63825+01,gold_establishments_2025,,,,21140168200011,2025,Collectivité Territoriale,Commune,['Calvados'],['Normandie'],COM,{14},{28}
7ea3432a-a186-4300-b470-9f6f3c72fcfa,213400807,Commune de Colombières-sur-Orb (34),false,{34080},Commune,2026-03-24 14:41:58.620411+01,gold_establishments_2025,,,,21340080700011,2025,Collectivité Territoriale,Commune,['Hérault'],['Occitanie'],COM,{34},{76}
30d367bb-25c2-46b3-b14c-12649e45fbbe,211200688,Commune de Colombiès (12),false,{12068},Commune,2026-03-24 14:41:53.63825+01,gold_establishments_2025,,,,21120068800011,2025,Collectivité Territoriale,Commune,['Aveyron'],['Occitanie'],COM,{12},{76}
c4014769-49d7-4e34-98f9-d4a75c06135c,217001643,Commune de Colombotte (70),false,{70164},Commune,2026-03-24 14:42:07.735343+01,gold_establishments_2025,,,,21700164300014,2025,Collectivité Territoriale,Commune,['Haute-Saône'],['Bourgogne-Franche-Comté'],COM,{70},{27}
1e24cf0c-bdf4-42aa-bcc6-a77e580cf258,215001389,Commune de Colomby (50),false,{50138},Commune,2026-03-24 14:42:01.412377+01,gold_establishments_2025,,,,21500138900018,2025,Collectivité Territoriale,Commune,['Manche'],['Normandie'],COM,{50},{28}
893d9182-fb44-4da5-b17e-e4e2893fcae4,200054922,Commune de Colomby-Anguerny (14),false,{14014},Commune,2026-03-24 14:41:53.63825+01,gold_establishments_2025,,,,20005492200014,2025,Collectivité Territoriale,Commune,['Calvados'],['Normandie'],COM,{14},{28}
60c75e8d-c30e-478a-84fe-f3a304eff86e,211000963,Commune de Colombé-la-Fosse (10),false,{10102},Commune,2026-03-24 14:41:53.095366+01,gold_establishments_2025,,,,21100096300010,2025,Collectivité Territoriale,Commune,['Aube'],['Grand Est'],COM,{10},{44}
5b4c33dc-a7ce-4b43-89f1-25dd018a35ca,211000971,Commune de Colombé-le-Sec (10),false,{10103},Commune,2026-03-24 14:41:53.095366+01,gold_establishments_2025,,,,21100097100013,2025,Collectivité Territoriale,Commune,['Aube'],['Grand Est'],COM,{10},{44}
da8322cc-dc63-424c-aad9-aded4a2b4dd7,213101496,Commune de Colomiers (31),false,{31149},Commune,2026-03-24 14:41:57.56054+01,gold_establishments_2025,,,,21310149600015,2025,Collectivité Territoriale,Commune,['Haute-Garonne'],['Occitanie'],COM,{31},{76}
16390878-5bb5-40d6-b98d-b894dd455c37,210101101,Commune de Colomieu (01),false,{01110},Commune,2026-03-24 14:41:51.447482+01,gold_establishments_2025,,,,21010110100017,2025,Collectivité Territoriale,Commune,['Ain'],['Auvergne-Rhône-Alpes'],COM,{01},{84}
8d46aa59-5bfc-4cdf-90de-935d6be8b257,212306500,Commune de Colondannes (23),false,{23065},Commune,2026-03-24 14:41:55.958138+01,gold_establishments_2025,,,,21230650000019,2025,Collectivité Territoriale,Commune,['Creuse'],['Nouvelle-Aquitaine'],COM,{23},{75}
fefb030b-33be-42c5-b31c-3fce146ce875,210201919,Commune de Colonfay (02),false,{02206},Commune,2026-03-24 14:41:51.447482+01,gold_establishments_2025,,,,21020191900011,2025,Collectivité Territoriale,Commune,['Aisne'],['Hauts-de-France'],COM,{02},{32}
e0d6cd7f-1a49-484b-9cd6-e5b11643218b,213901598,Commune de Colonne (39),false,{39159},Commune,2026-03-24 14:41:59.705606+01,gold_establishments_2025,,,,21390159800010,2025,Collectivité Territoriale,Commune,['Jura'],['Bourgogne-Franche-Comté'],COM,{39},{27}
b5d192ba-d035-471b-84d6-31c70b8b1d0c,212600993,Commune de Colonzelle (26),false,{26099},Commune,2026-03-24 14:41:56.495197+01,gold_establishments_2025,,,,21260099300019,2025,Collectivité Territoriale,Commune,['Drôme'],['Auvergne-Rhône-Alpes'],COM,{26},{84}
fea99919-3bfc-4fc9-a197-ae351936b61d,215600420,Commune de Colpo (56),false,{56042},Commune,2026-03-24 14:42:03.701372+01,gold_establishments_2025,,,,21560042000016,2025,Collectivité Territoriale,Commune,['Morbihan'],['Bretagne'],COM,{56},{53}
b52af469-4bc5-4686-be3c-03c53851cfd9,216700765,Commune de Colroy-la-Roche (67),false,{67076},Commune,2026-03-24 14:42:06.665412+01,gold_establishments_2025,,,,21670076500011,2025,Collectivité Territoriale,Commune,['Bas-Rhin'],['Grand Est'],COM,{67},{44}
590cab6c-68ea-4e0c-85a5-36be3bc9b4cd,212801047,Commune de Coltainville (28),false,{28104},Commune,2026-03-24 14:41:57.028721+01,gold_establishments_2025,,,,21280104700011,2025,Collectivité Territoriale,Commune,['Eure-et-Loir'],['Centre-Val de Loire'],COM,{28},{24}
3c614cb7-964d-4658-86a6-c534f5edb089,211500533,Commune de Coltines (15),false,{15053},Commune,2026-03-24 14:41:54.362296+01,gold_establishments_2025,,,,21150053300016,2025,Collectivité Territoriale,Commune,['Cantal'],['Auvergne-Rhône-Alpes'],COM,{15},{84}
d1f86a7a-a6eb-45d2-abeb-969ea7f90301,200082691,Commune de Coly-Saint-Amand (24),false,{24364},Commune,2026-03-24 14:41:55.958138+01,gold_establishments_2025,,,,20008269100011,2025,Collectivité Territoriale,Commune,['Dordogne'],['Nouvelle-Aquitaine'],COM,{24},{75}
ad912981-c49d-40a7-a4d7-9c9856eb35d5,213400823,Commune de Combaillaux (34),false,{34082},Commune,2026-03-24 14:41:58.620411+01,gold_establishments_2025,,,,21340082300018,2025,Collectivité Territoriale,Commune,['Hérault'],['Occitanie'],COM,{34},{76}
d2b838ce-d195-4b4f-9353-3ae80520ac03,213000888,Commune de Combas (30),false,{30088},Commune,2026-03-24 14:41:57.56054+01,gold_establishments_2025,,,,21300088800015,2025,Collectivité Territoriale,Commune,['Gard'],['Occitanie'],COM,{30},{76}
28d9f9bc-4b55-47ce-a973-d99444bda52c,217001650,Commune de Combeaufontaine (70),false,{70165},Commune,2026-03-24 14:42:07.735343+01,gold_establishments_2025,,,,21700165000019,2025,Collectivité Territoriale,Commune,['Haute-Saône'],['Bourgogne-Franche-Comté'],COM,{70},{27}
bfaf055c-9e44-4bf0-ad93-567716f1f6c1,218100683,Commune de Combefa (81),false,{81068},Commune,2026-03-24 14:42:09.967209+01,gold_establishments_2025,,,,21810068300018,2025,Collectivité Territoriale,Commune,['Tarn'],['Occitanie'],COM,{81},{76}
2363d92e-aadd-4378-a877-83d713c5b98e,212401285,Commune de Comberanche-et-Épeluche (24),false,{24128},Commune,2026-03-24 14:41:55.958138+01,gold_establishments_2025,,,,21240128500011,2025,Collectivité Territoriale,Commune,['Dordogne'],['Nouvelle-Aquitaine'],COM,{24},{75}
0d9bb514-fdd8-4ad6-a9d1-49cf518d2723,217001668,Commune de Comberjon (70),false,{70166},Commune,2026-03-24 14:42:07.735343+01,gold_establishments_2025,,,,21700166800011,2025,Collectivité Territoriale,Commune,['Haute-Saône'],['Bourgogne-Franche-Comté'],COM,{70},{27}
4aa61564-033d-4b7f-8866-8ca21333ccef,218200434,Commune de Comberouger (82),false,{82043},Commune,2026-03-24 14:42:10.508772+01,gold_establishments_2025,,,,21820043400015,2025,Collectivité Territoriale,Commune,['Tarn-et-Garonne'],['Occitanie'],COM,{82},{76}
e8d61987-2fee-4ebd-8b16-b51e4987e26a,212101851,Commune de Combertault (21),false,{21185},Commune,2026-03-24 14:41:55.433389+01,gold_establishments_2025,,,,21210185100013,2025,Collectivité Territoriale,Commune,"[""Côte-d'Or""]",['Bourgogne-Franche-Comté'],COM,{21},{27}
68564e34-e18d-4b8e-a6f2-248414a70ca2,213400831,Commune de Combes (34),false,{34083},Commune,2026-03-24 14:41:58.620411+01,gold_establishments_2025,,,,21340083100011,2025,Collectivité Territoriale,Commune,['Hérault'],['Occitanie'],COM,{34},{76}
555dd27a-5cbb-4f17-ba73-2d8c04b6bb5a,211601034,Commune de Combiers (16),false,{16103},Commune,2026-03-24 14:41:54.362296+01,gold_establishments_2025,,,,21160103400013,2025,Collectivité Territoriale,Commune,['Charente'],['Nouvelle-Aquitaine'],COM,{16},{75}
2049b8d5-32c1-47b9-b9d8-8016e72d1b50,212101869,Commune de Comblanchien (21),false,{21186},Commune,2026-03-24 14:41:55.433389+01,gold_establishments_2025,,,,21210186900015,2025,Collectivité Territoriale,Commune,"[""Côte-d'Or""]",['Bourgogne-Franche-Comté'],COM,{21},{27}
21803e68-48f8-4127-988b-0f0dddf3eb10,218001964,Commune de Combles (80),false,{80204},Commune,2026-03-24 14:42:09.967209+01,gold_establishments_2025,,,,21800196400012,2025,Collectivité Territoriale,Commune,['Somme'],['Hauts-de-France'],COM,{80},{32}
b3dd7e5f-ce53-4a8f-b70c-26567c843a49,215501206,Commune de Combles-en-Barrois (55),false,{55120},Commune,2026-03-24 14:42:02.957225+01,gold_establishments_2025,,,,21550120600068,2025,Collectivité Territoriale,Commune,['Meuse'],['Grand Est'],COM,{55},{44}
a5b54377-bfe7-4ee8-ac05-d32cd29887b6,213500846,Commune de Comblessac (35),false,{35084},Commune,2026-03-24 14:41:58.620411+01,gold_establishments_2025,,,,21350084600018,2025,Collectivité Territoriale,Commune,['Ille-et-Vilaine'],['Bretagne'],COM,{35},{53}
5a224d8b-9a5d-446e-8ed9-e1848e87069d,214501009,Commune de Combleux (45),false,{45100},Commune,2026-03-24 14:42:00.862623+01,gold_establishments_2025,,,,21450100900010,2025,Collectivité Territoriale,Commune,['Loiret'],['Centre-Val de Loire'],COM,{45},{24}
65c5187e-bdab-41e3-89bf-13e1b2134064,216101139,Commune de Comblot (61),false,{61113},Commune,2026-03-24 14:42:04.814328+01,gold_establishments_2025,,,,21610113900014,2025,Collectivité Territoriale,Commune,['Orne'],['Normandie'],COM,{61},{28}
128b0ef4-f1a3-4959-8032-da418094a519,217400837,Commune de Combloux (74),false,{74083},Commune,2026-03-24 14:42:08.279287+01,gold_establishments_2025,,,,21740083700019,2025,Collectivité Territoriale,Commune,['Haute-Savoie'],['Auvergne-Rhône-Alpes'],COM,{74},{84}
1e3f31cc-2342-4fd0-8f82-2a6e859e6e03,212701643,Commune de Combon (27),false,{27164},Commune,2026-03-24 14:41:57.028721+01,gold_establishments_2025,,,,21270164300018,2025,Collectivité Territoriale,Commune,['Eure'],['Normandie'],COM,{27},{28}
b5328eea-1e28-4846-bf0a-f24011b14a37,213500853,Commune de Combourg (35),false,{35085},Commune,2026-03-24 14:41:58.620411+01,gold_establishments_2025,,,,21350085300014,2025,Collectivité Territoriale,Commune,['Ille-et-Vilaine'],['Bretagne'],COM,{35},{53}
8841de77-fd79-473c-a4f3-06728eb803f0,213500861,Commune de Combourtillé (35),false,{35086},Commune,2026-03-24 14:41:58.620411+01,gold_establishments_2025,,,,21350086100017,2025,Collectivité Territoriale,Commune,['Ille-et-Vilaine'],['Bretagne'],COM,{35},{53}
d85c0d48-2b63-427a-8e99-3d28b64885b9,212601009,Commune de Combovin (26),false,{26100},Commune,2026-03-24 14:41:56.495197+01,gold_establishments_2025,,,,21260100900013,2025,Collectivité Territoriale,Commune,['Drôme'],['Auvergne-Rhône-Alpes'],COM,{26},{84}
b841946a-0e03-4be7-8370-08a1ab769ea8,216301150,Commune de Combrailles (63),false,{63115},Commune,2026-03-24 14:42:06.130387+01,gold_establishments_2025,,,,21630115000019,2025,Collectivité Territoriale,Commune,['Puy-de-Dôme'],['Auvergne-Rhône-Alpes'],COM,{63},{84}
1f5c0d23-0d87-4016-8989-95b711036544,217900968,Commune de Combrand (79),false,{79096},Commune,2026-03-24 14:42:09.43682+01,gold_establishments_2025,,,,21790096800017,2025,Collectivité Territoriale,Commune,['Deux-Sèvres'],['Nouvelle-Aquitaine'],COM,{79},{75}
2908ff5f-80f0-4961-ad6a-d9a940a98140,211401716,Commune de Combray (14),false,{14171},Commune,2026-03-24 14:41:53.63825+01,gold_establishments_2025,,,,21140171600017,2025,Collectivité Territoriale,Commune,['Calvados'],['Normandie'],COM,{14},{28}
860c467a-4740-4462-99a4-bc8c848c3dd8,214200685,Commune de Combre (42),false,{42068},Commune,2026-03-24 14:42:00.273698+01,gold_establishments_2025,,,,21420068500011,2025,Collectivité Territoriale,Commune,['Loire'],['Auvergne-Rhône-Alpes'],COM,{42},{84}
1e1d53f7-43a4-4568-9658-ca0103f8e33f,212801054,Commune de Combres (28),false,{28105},Commune,2026-03-24 14:41:57.028721+01,gold_establishments_2025,,,,21280105400017,2025,Collectivité Territoriale,Commune,['Eure-et-Loir'],['Centre-Val de Loire'],COM,{28},{24}
1c81761a-bbe1-40b0-bd99-26d388425f35,215501214,Commune de Combres-sous-les-Côtes (55),false,{55121},Commune,2026-03-24 14:42:02.957225+01,gold_establishments_2025,,,,21550121400013,2025,Collectivité Territoriale,Commune,['Meuse'],['Grand Est'],COM,{55},{44}
fa718b1d-907c-486b-90c5-5cf4e23e64ed,211905807,Commune de Combressol (19),false,{19058},Commune,2026-03-24 14:41:54.903238+01,gold_establishments_2025,,,,21190580700015,2025,Collectivité Territoriale,Commune,['Corrèze'],['Nouvelle-Aquitaine'],COM,{19},{75}
80128fde-4ddf-4d2e-ac57-762a151b210a,211200696,Commune de Combret (12),false,{12069},Commune,2026-03-24 14:41:53.63825+01,gold_establishments_2025,,,,21120069600014,2025,Collectivité Territoriale,Commune,['Aveyron'],['Occitanie'],COM,{12},{76}
d05b8e26-0e8d-401a-8315-a9924e761d7a,214501017,Commune de Combreux (45),false,{45101},Commune,2026-03-24 14:42:00.862623+01,gold_establishments_2025,,,,21450101700013,2025,Collectivité Territoriale,Commune,['Loiret'],['Centre-Val de Loire'],COM,{45},{24}
c94cf684-29a9-4bc4-92f3-33e34441482b,218801132,Commune de Combrimont (88),false,{88113},Commune,2026-03-24 14:42:11.118516+01,gold_establishments_2025,,,,21880113200018,2025,Collectivité Territoriale,Commune,['Vosges'],['Grand Est'],COM,{88},{44}
a7dae355-ceb9-4ea1-a080-edfc563565ea,212900377,Commune de Combrit (29),false,{29037},Commune,2026-03-24 14:41:57.028721+01,gold_establishments_2025,,,,21290037700012,2025,Collectivité Territoriale,Commune,['Finistère'],['Bretagne'],COM,{29},{53}
ea9ca76b-5082-4d5e-988e-d7638ca66a93,216301168,Commune de Combronde (63),false,{63116},Commune,2026-03-24 14:42:06.130387+01,gold_establishments_2025,,,,21630116800011,2025,Collectivité Territoriale,Commune,['Puy-de-Dôme'],['Auvergne-Rhône-Alpes'],COM,{63},{84}
0d6f0697-7ac4-400b-af1c-77964e3a45ca,217701226,Commune de Combs-la-Ville (77),false,{77122},Commune,2026-03-24 14:42:08.818969+01,gold_establishments_2025,,,,21770122600011,2025,Collectivité Territoriale,Commune,['Seine-et-Marne'],['Île-de-France'],COM,{77},{11}
70480ce0-c4b3-4906-a716-0fafe3d8de92,211100953,Commune de Comigne (11),false,{11095},Commune,2026-03-24 14:41:53.63825+01,gold_establishments_2025,,,,21110095300010,2025,Collectivité Territoriale,Commune,['Aude'],['Occitanie'],COM,{11},{76}
d5313fd8-d89b-4407-8d59-a8aed5862fa4,215901521,Commune de Comines (59),false,{59152},Commune,2026-03-24 14:42:04.280096+01,gold_establishments_2025,,,,21590152100017,2025,Collectivité Territoriale,Commune,['Nord'],['Hauts-de-France'],COM,{59},{32}
69c7d4fe-41a2-4989-bfda-ea18f8d058b1,212900385,Commune de Commana (29),false,{29038},Commune,2026-03-24 14:41:57.028721+01,gold_establishments_2025,,,,21290038500015,2025,Collectivité Territoriale,Commune,['Finistère'],['Bretagne'],COM,{29},{53}
1ba8d4b7-320b-4f6c-a13b-66f1d8e2a6c2,212101877,Commune de Commarin (21),false,{21187},Commune,2026-03-24 14:41:55.433389+01,gold_establishments_2025,,,,21210187700018,2025,Collectivité Territoriale,Commune,"[""Côte-d'Or""]",['Bourgogne-Franche-Comté'],COM,{21},{27}
9191e63c-59cd-4bbf-b502-599c59f57ee9,216101147,Commune de Commeaux (61),false,{61114},Commune,2026-03-24 14:42:04.814328+01,gold_establishments_2025,,,,21610114700017,2025,Collectivité Territoriale,Commune,['Orne'],['Normandie'],COM,{61},{28}
c6e7835f-9eb2-4910-97ef-a801f62c817b,214200693,Commune de Commelle-Vernay (42),false,{42069},Commune,2026-03-24 14:42:00.273698+01,gold_establishments_2025,,,,21420069300015,2025,Collectivité Territoriale,Commune,['Loire'],['Auvergne-Rhône-Alpes'],COM,{42},{84}
5a470f82-5c15-414a-b10e-b79cf2c377f8,213901606,Commune de Commenailles (39),false,{39160},Commune,2026-03-24 14:41:59.705606+01,gold_establishments_2025,,,,21390160600011,2025,Collectivité Territoriale,Commune,['Jura'],['Bourgogne-Franche-Comté'],COM,{39},{27}
5c608325-b20c-4521-b7fb-03fc77bc1c2f,210201927,Commune de Commenchon (02),false,{02207},Commune,2026-03-24 14:41:51.447482+01,gold_establishments_2025,,,,21020192700014,2025,Collectivité Territoriale,Commune,['Aisne'],['Hauts-de-France'],COM,{02},{32}
78636606-9433-4ab2-91bd-317ec63c6fa3,214000853,Commune de Commensacq (40),false,{40085},Commune,2026-03-24 14:41:59.705606+01,gold_establishments_2025,,,,21400085300017,2025,Collectivité Territoriale,Commune,['Landes'],['Nouvelle-Aquitaine'],COM,{40},{75}
d0f1c748-2639-4cbe-9a10-ce1b838e0759,210300828,Commune de Commentry (03),false,{03082},Commune,2026-03-24 14:41:52.020251+01,gold_establishments_2025,,,,21030082800014,2025,Collectivité Territoriale,Commune,['Allier'],['Auvergne-Rhône-Alpes'],COM,{03},{84}
112c8952-c030-4101-9112-9a05a9cf5f8f,200102267,Commune de Commeny (95),false,{95169},Commune,2026-03-24 14:42:11.659493+01,gold_establishments_2025,,,,20010226700016,2025,Collectivité Territoriale,Commune,"[""Val-d'Oise""]",['Île-de-France'],COM,{95},{11}
3684c834-8a30-4e8c-b0ed-7d3d9cdc3d0b,218500718,Commune de Commequiers (85),false,{85071},Commune,2026-03-24 14:42:10.508772+01,gold_establishments_2025,,,,21850071800018,2025,Collectivité Territoriale,Commune,['Vendée'],['Pays de la Loire'],COM,{85},{52}
a8203f78-3265-44bb-8b58-16319df4632e,215300724,Commune de Commer (53),false,{53072},Commune,2026-03-24 14:42:01.954481+01,gold_establishments_2025,,,,21530072400014,2025,Collectivité Territoriale,Commune,['Mayenne'],['Pays de la Loire'],COM,{53},{52}
efce7bfe-764e-4125-9da4-484e7f427cae,215501222,Commune de Commercy (55),false,{55122},Commune,2026-03-24 14:42:02.957225+01,gold_establishments_2025,,,,21550122200016,2025,Collectivité Territoriale,Commune,['Meuse'],['Grand Est'],COM,{55},{44}
c167c433-361e-4101-b3b7-71755e5a443e,217200864,Commune de Commerveil (72),false,{72086},Commune,2026-03-24 14:42:08.279287+01,gold_establishments_2025,,,,21720086400015,2025,Collectivité Territoriale,Commune,['Sarthe'],['Pays de la Loire'],COM,{72},{52}
66e7fceb-3a86-4a1d-8d84-de608df11a4f,211401724,Commune de Commes (14),false,{14172},Commune,2026-03-24 14:41:53.63825+01,gold_establishments_2025,,,,21140172400011,2025,Collectivité Territoriale,Commune,['Calvados'],['Normandie'],COM,{14},{28}
f735bd97-7676-414a-a604-6f2502d79f9c,216902726,Commune de Communay (69),false,{69272},Commune,2026-03-24 14:42:07.735343+01,gold_establishments_2025,,,,21690272600019,2025,Collectivité Territoriale,Commune,['Rhône'],['Auvergne-Rhône-Alpes'],COM,{69},{84}
53aad203-0449-4a65-80be-c1c40e5054e7,216301176,Commune de Compains (63),false,{63117},Commune,2026-03-24 14:42:06.130387+01,gold_establishments_2025,,,,21630117600014,2025,Collectivité Territoriale,Commune,['Puy-de-Dôme'],['Auvergne-Rhône-Alpes'],COM,{63},{84}
b607bd09-998f-4686-9402-97796e27428e,217601855,Commune de Compainville (76),false,{76185},Commune,2026-03-24 14:42:08.818969+01,gold_establishments_2025,,,,21760185500018,2025,Collectivité Territoriale,Commune,['Seine-Maritime'],['Normandie'],COM,{76},{28}
2a750613-c6cc-414a-bec3-401c2bb0a84b,217701234,Commune de Compans (77),false,{77123},Commune,2026-03-24 14:42:08.818969+01,gold_establishments_2025,,,,21770123400015,2025,Collectivité Territoriale,Commune,['Seine-et-Marne'],['Île-de-France'],COM,{77},{11}
ac13331d-5a90-4cdf-bb8a-5ee461eecd42,215101494,Commune de Compertrix (51),false,{51160},Commune,2026-03-24 14:42:01.954481+01,gold_establishments_2025,,,,21510149400015,2025,Collectivité Territoriale,Commune,['Marne'],['Grand Est'],COM,{51},{44}
3c458c9c-b55d-41ef-9219-3f6d0165f7a3,211200704,Commune de Compeyre (12),false,{12070},Commune,2026-03-24 14:41:53.63825+01,gold_establishments_2025,,,,21120070400016,2025,Collectivité Territoriale,Commune,['Aveyron'],['Occitanie'],COM,{12},{76}
753e3385-4822-4513-b5f8-333fe257411d,218901155,Commune de Compigny (89),false,{89115},Commune,2026-03-24 14:42:11.118516+01,gold_establishments_2025,,,,21890115500018,2025,Collectivité Territoriale,Commune,['Yonne'],['Bourgogne-Franche-Comté'],COM,{89},{27}
569c53b3-2cd4-4228-a61e-f1e320761a56,216001586,Commune de Compiègne (60),false,{60159},Commune,2026-03-24 14:42:04.814328+01,gold_establishments_2025,,,,21600158600017,2025,Collectivité Territoriale,Commune,['Oise'],['Hauts-de-France'],COM,{60},{32}
64debc0d-c7dd-49ae-af6a-acca0ca83694,211200712,Commune de Compolibat (12),false,{12071},Commune,2026-03-24 14:41:53.63825+01,gold_establishments_2025,,,,21120071200019,2025,Collectivité Territoriale,Commune,['Aveyron'],['Occitanie'],COM,{12},{76}
fe5bf799-da1a-4102-807e-c1495a7d799c,218704708,Commune de Compreignac (87),false,{87047},Commune,2026-03-24 14:42:11.118516+01,gold_establishments_2025,,,,21870470800013,2025,Collectivité Territoriale,Commune,['Haute-Vienne'],['Nouvelle-Aquitaine'],COM,{87},{75}
74bfbfa1-0993-4569-b9cd-4e4e177ac6da,211200720,Commune de Comprégnac (12),false,{12072},Commune,2026-03-24 14:41:53.63825+01,gold_establishments_2025,,,,21120072000012,2025,Collectivité Territoriale,Commune,['Aveyron'],['Occitanie'],COM,{12},{76}
f3fbff07-5b5b-4554-ab0a-7b5395923cbc,212601017,Commune de Comps (26),false,{26101},Commune,2026-03-24 14:41:56.495197+01,gold_establishments_2025,,,,21260101700016,2025,Collectivité Territoriale,Commune,['Drôme'],['Auvergne-Rhône-Alpes'],COM,{26},{84}
b05ccbc8-0b9b-4393-8380-1996e8be61b4,213000896,Commune de Comps (30),false,{30089},Commune,2026-03-24 14:41:57.56054+01,gold_establishments_2025,,,,21300089600018,2025,Collectivité Territoriale,Commune,['Gard'],['Occitanie'],COM,{30},{76}
1952c3f3-7d7e-42a9-8f5a-4725f1e00439,213301328,Commune de Comps (33),false,{33132},Commune,2026-03-24 14:41:58.620411+01,gold_establishments_2025,,,,21330132800018,2025,Collectivité Territoriale,Commune,['Gironde'],['Nouvelle-Aquitaine'],COM,{33},{75}
bd32dbeb-ba25-4476-8f51-08a3ffe5ec14,211200738,Commune de Comps-la-Grand-Ville (12),false,{12073},Commune,2026-03-24 14:41:53.63825+01,gold_establishments_2025,,,,21120073800014,2025,Collectivité Territoriale,Commune,['Aveyron'],['Occitanie'],COM,{12},{76}
603003e5-bc91-4ddd-a528-546e80fe4cb8,218300440,Commune de Comps-sur-Artuby (83),false,{83044},Commune,2026-03-24 14:42:10.508772+01,gold_establishments_2025,,,,21830044000011,2025,Collectivité Territoriale,Commune,['Var'],"[""Provence-Alpes-Côte d'Azur""]",COM,{83},{93}
2bcabcd4-5a6d-45ed-ba51-0397f235fdf2,211100961,Commune de Comus (11),false,{11096},Commune,2026-03-24 14:41:53.63825+01,gold_establishments_2025,,,,21110096100013,2025,Collectivité Territoriale,Commune,['Aude'],['Occitanie'],COM,{11},{76}
b78ff00b-0d3e-47ce-9436-060b6bac5ace,214100570,Commune de Conan (41),false,{41057},Commune,2026-03-24 14:42:00.273698+01,gold_establishments_2025,,,,21410057000016,2025,Collectivité Territoriale,Commune,['Loir-et-Cher'],['Centre-Val de Loire'],COM,{41},{24}
57e0bdc4-cd0f-40a5-b296-aba15a9ba728,210101119,Commune de Conand (01),false,{01111},Commune,2026-03-24 14:41:51.447482+01,gold_establishments_2025,,,,21010111900019,2025,Collectivité Territoriale,Commune,['Ain'],['Auvergne-Rhône-Alpes'],COM,{01},{84}
cd573fe5-77d3-4df5-bfd5-9701e1eac24f,216600544,Commune de Conat (66),false,{66054},Commune,2026-03-24 14:42:06.665412+01,gold_establishments_2025,,,,21660054400011,2025,Collectivité Territoriale,Commune,['Pyrénées-Orientales'],['Occitanie'],COM,{66},{76}
0244e278-06a5-4377-bf29-931c39ef9e65,212000921,Commune de Conca (2A),false,{2A092},Commune,2026-03-24 14:41:57.56054+01,gold_establishments_2025,,,,21200092100016,2025,Collectivité Territoriale,Commune,['Corse-du-Sud'],['Corse'],COM,{2A},{94}
390baece-fd10-4a42-abdf-0e94f348fb65,212900393,Commune de Concarneau (29),false,{29039},Commune,2026-03-24 14:41:57.028721+01,gold_establishments_2025,,,,21290039300019,2025,Collectivité Territoriale,Commune,['Finistère'],['Bretagne'],COM,{29},{53}
380d6669-4ccc-4e00-b153-888c6007b133,210201935,Commune de Concevreux (02),false,{02208},Commune,2026-03-24 14:41:51.447482+01,gold_establishments_2025,,,,21020193500017,2025,Collectivité Territoriale,Commune,['Aisne'],['Hauts-de-France'],COM,{02},{32}
0cf89fdb-28e9-44e8-a43a-05566a01d6e2,212701650,Commune de Conches-en-Ouche (27),false,{27165},Commune,2026-03-24 14:41:57.028721+01,gold_establishments_2025,,,,21270165000013,2025,Collectivité Territoriale,Commune,['Eure'],['Normandie'],COM,{27},{28}
a4dfbe9e-4a6d-4682-8aba-65cf9b1f53c6,217701242,Commune de Conches-sur-Gondoire (77),false,{77124},Commune,2026-03-24 14:42:08.818969+01,gold_establishments_2025,,,,21770124200018,2025,Collectivité Territoriale,Commune,['Seine-et-Marne'],['Île-de-France'],COM,{77},{11}
1b76a125-bbd3-4422-803e-31ca300ec29d,216401927,Commune de Conchez-de-Béarn (64),false,{64192},Commune,2026-03-24 14:42:06.130387+01,gold_establishments_2025,,,,21640192700019,2025,Collectivité Territoriale,Commune,['Pyrénées-Atlantiques'],['Nouvelle-Aquitaine'],COM,{64},{75}
3488de83-56f3-4e7c-8317-f63fde196b96,216202333,Commune de Conchil-le-Temple (62),false,{62233},Commune,2026-03-24 14:42:05.597325+01,gold_establishments_2025,,,,21620233300011,2025,Collectivité Territoriale,Commune,['Pas-de-Calais'],['Hauts-de-France'],COM,{62},{32}
4dcc8221-f293-4995-88db-9e4050288de3,216001594,Commune de Conchy-les-Pots (60),false,{60160},Commune,2026-03-24 14:42:04.814328+01,gold_establishments_2025,,,,21600159400011,2025,Collectivité Territoriale,Commune,['Oise'],['Hauts-de-France'],COM,{60},{32}
c8c3d51d-1c4f-4df4-8a71-dba5007c2f17,216202341,Commune de Conchy-sur-Canche (62),false,{62234},Commune,2026-03-24 14:42:05.597325+01,gold_establishments_2025,,,,21620234100048,2025,Collectivité Territoriale,Commune,['Pas-de-Calais'],['Hauts-de-France'],COM,{62},{32}
1ba43bc8-b85f-4058-9db5-7da6c263b393,215600438,Commune de Concoret (56),false,{56043},Commune,2026-03-24 14:42:03.701372+01,gold_establishments_2025,,,,21560043800018,2025,Collectivité Territoriale,Commune,['Morbihan'],['Bretagne'],COM,{56},{53}
706e8e26-85bf-4e9a-b1d5-21b1a7b14907,214600728,Commune de Concorès (46),false,{46072},Commune,2026-03-24 14:42:00.862623+01,gold_establishments_2025,,,,21460072800015,2025,Collectivité Territoriale,Commune,['Lot'],['Occitanie'],COM,{46},{76}
9aa72a82-9007-4697-8132-b212bed7ff0e,214600736,Commune de Concots (46),false,{46073},Commune,2026-03-24 14:42:00.862623+01,gold_establishments_2025,,,,21460073600018,2025,Collectivité Territoriale,Commune,['Lot'],['Occitanie'],COM,{46},{76}
b6cd42f5-7beb-4bb0-8b6f-516e20e6c7bb,213000904,Commune de Concoules (30),false,{30090},Commune,2026-03-24 14:41:57.56054+01,gold_establishments_2025,,,,21300090400010,2025,Collectivité Territoriale,Commune,['Gard'],['Occitanie'],COM,{30},{76}
745702e5-522a-40e6-ae16-db7e827929f7,213600588,Commune de Concremiers (36),false,{36058},Commune,2026-03-24 14:41:59.160244+01,gold_establishments_2025,,,,21360058800015,2025,Collectivité Territoriale,Commune,['Indre'],['Centre-Val de Loire'],COM,{36},{24}
80bcc2a5-92f6-4b5c-aa06-8d0e3e89789f,211800701,Commune de Concressault (18),false,{18070},Commune,2026-03-24 14:41:54.903238+01,gold_establishments_2025,,,,21180070100016,2025,Collectivité Territoriale,Commune,['Cher'],['Centre-Val de Loire'],COM,{18},{24}
7be52e07-d2ba-4ee0-b580-3d8f621c6951,214100588,Commune de Concriers (41),false,{41058},Commune,2026-03-24 14:42:00.273698+01,gold_establishments_2025,,,,21410058800018,2025,Collectivité Territoriale,Commune,['Loir-et-Cher'],['Centre-Val de Loire'],COM,{41},{24}
47ddc84b-1e37-47e4-8151-14ed0c35de21,211905906,Commune de Concèze (19),false,{19059},Commune,2026-03-24 14:41:54.903238+01,gold_establishments_2025,,,,21190590600015,2025,Collectivité Territoriale,Commune,['Corrèze'],['Nouvelle-Aquitaine'],COM,{19},{75}
881038af-deb6-4c39-9a90-ea6fe9103cf0,211601042,Commune de Condac (16),false,{16104},Commune,2026-03-24 14:41:54.362296+01,gold_establishments_2025,,,,21160104200016,2025,Collectivité Territoriale,Commune,['Charente'],['Nouvelle-Aquitaine'],COM,{16},{75}
0c18732b-156c-4956-9212-f6223c18de4c,217101435,Commune de Condal (71),false,{71143},Commune,2026-03-24 14:42:07.735343+01,gold_establishments_2025,,,,21710143500014,2025,Collectivité Territoriale,Commune,['Saône-et-Loire'],['Bourgogne-Franche-Comté'],COM,{71},{27}
73df619d-2359-4a99-ae8f-e811b6d47de6,210101127,Commune de Condamine (01),false,{01112},Commune,2026-03-24 14:41:51.447482+01,gold_establishments_2025,,,,21010112700012,2025,Collectivité Territoriale,Commune,['Ain'],['Auvergne-Rhône-Alpes'],COM,{01},{84}
c19cc10e-ec77-4a70-b269-b299f1109380,213901622,Commune de Condamine (39),false,{39162},Commune,2026-03-24 14:41:59.705606+01,gold_establishments_2025,,,,21390162200018,2025,Collectivité Territoriale,Commune,['Jura'],['Bourgogne-Franche-Comté'],COM,{39},{27}
5681c114-5155-44b8-8e25-b941c209e924,211500541,Commune de Condat (15),false,{15054},Commune,2026-03-24 14:41:54.362296+01,gold_establishments_2025,,,,21150054100019,2025,Collectivité Territoriale,Commune,['Cantal'],['Auvergne-Rhône-Alpes'],COM,{15},{84}
8dbc9160-2f48-43e9-8a1d-ee3909b52ff1,214600744,Commune de Condat (46),false,{46074},Commune,2026-03-24 14:42:00.862623+01,gold_establishments_2025,,,,21460074400012,2025,Collectivité Territoriale,Commune,['Lot'],['Occitanie'],COM,{46},{76}
a0b4722d-e96e-4ea6-b594-bea571d9b5da,216301184,Commune de Condat-en-Combraille (63),false,{63118},Commune,2026-03-24 14:42:06.130387+01,gold_establishments_2025,,,,21630118400018,2025,Collectivité Territoriale,Commune,['Puy-de-Dôme'],['Auvergne-Rhône-Alpes'],COM,{63},{84}
e68d59c7-c2e4-4929-8d13-82aed527704f,216301192,Commune de Condat-lès-Montboissier (63),false,{63119},Commune,2026-03-24 14:42:06.130387+01,gold_establishments_2025,,,,21630119200011,2025,Collectivité Territoriale,Commune,['Puy-de-Dôme'],['Auvergne-Rhône-Alpes'],COM,{63},{84}
9357cac9-ecbb-490c-a56b-21a8b372c28b,211906003,Commune de Condat-sur-Ganaveix (19),false,{19060},Commune,2026-03-24 14:41:54.903238+01,gold_establishments_2025,,,,21190600300010,2025,Collectivité Territoriale,Commune,['Corrèze'],['Nouvelle-Aquitaine'],COM,{19},{75}
5ba4739b-0f3c-4146-84bb-a837660c056a,212401293,Commune de Condat-sur-Trincou (24),false,{24129},Commune,2026-03-24 14:41:55.958138+01,gold_establishments_2025,,,,21240129300015,2025,Collectivité Territoriale,Commune,['Dordogne'],['Nouvelle-Aquitaine'],COM,{24},{75}
86e07bf3-e1a8-4dfe-aafd-45bc97000220,218704807,Commune de Condat-sur-Vienne (87),false,{87048},Commune,2026-03-24 14:42:11.118516+01,gold_establishments_2025,,,,21870480700013,2025,Collectivité Territoriale,Commune,['Haute-Vienne'],['Nouvelle-Aquitaine'],COM,{87},{75}
45880d69-831f-45d7-91dd-6cb30f073d63,212401301,Commune de Condat-sur-Vézère (24),false,{24130},Commune,2026-03-24 14:41:55.958138+01,gold_establishments_2025,,,,21240130100016,2025,Collectivité Territoriale,Commune,['Dordogne'],['Nouvelle-Aquitaine'],COM,{24},{75}
8e0afbbf-6bc4-427e-9198-d21c4152ad48,210101135,Commune de Condeissiat (01),false,{01113},Commune,2026-03-24 14:41:51.447482+01,gold_establishments_2025,,,,21010113500015,2025,Collectivité Territoriale,Commune,['Ain'],['Auvergne-Rhône-Alpes'],COM,{01},{84}
7650775a-7a66-4e0c-ad0c-a5a13efdb27a,213901630,Commune de Condes (39),false,{39163},Commune,2026-03-24 14:41:59.705606+01,gold_establishments_2025,,,,21390163000011,2025,Collectivité Territoriale,Commune,['Jura'],['Bourgogne-Franche-Comté'],COM,{39},{27}
bd6522f7-a7a9-4141-8ebf-ec664f9c79a4,215201013,Commune de Condes (52),false,{52141},Commune,2026-03-24 14:42:01.954481+01,gold_establishments_2025,,,,21520101300012,2025,Collectivité Territoriale,Commune,['Haute-Marne'],['Grand Est'],COM,{52},{44}
1db46f07-2104-4ed9-8ecb-a71e7cad5a12,216202358,Commune de Condette (62),false,{62235},Commune,2026-03-24 14:42:05.597325+01,gold_establishments_2025,,,,21620235800018,2025,Collectivité Territoriale,Commune,['Pas-de-Calais'],['Hauts-de-France'],COM,{62},{32}
847f1707-6c15-4146-9385-3d55be0d58c6,214700700,Commune de Condezaygues (47),false,{47070},Commune,2026-03-24 14:42:00.862623+01,gold_establishments_2025,,,,21470070000013,2025,Collectivité Territoriale,Commune,['Lot-et-Garonne'],['Nouvelle-Aquitaine'],COM,{47},{75}
9a84b251-bf77-4097-a490-bcd04d1b56a7,212601025,Commune de Condillac (26),false,{26102},Commune,2026-03-24 14:41:56.495197+01,gold_establishments_2025,,,,21260102500019,2025,Collectivité Territoriale,Commune,['Drôme'],['Auvergne-Rhône-Alpes'],COM,{26},{84}
869a1f79-f908-4e2e-86ba-0b503e2ab670,213201072,Commune de Condom (32),false,{32107},Commune,2026-03-24 14:41:58.09424+01,gold_establishments_2025,,,,21320107200195,2025,Collectivité Territoriale,Commune,['Gers'],['Occitanie'],COM,{32},{76}
1530e595-95fa-4829-bd0c-0ffbb937e4e0,211200746,Commune de Condom-d'Aubrac (12),false,{12074},Commune,2026-03-24 14:41:53.63825+01,gold_establishments_2025,,,,21120074600017,2025,Collectivité Territoriale,Commune,['Aveyron'],['Occitanie'],COM,{12},{76}
a9b84622-0bce-4338-ad93-1a968f4752c7,212601033,Commune de Condorcet (26),false,{26103},Commune,2026-03-24 14:41:56.495197+01,gold_establishments_2025,,,,21260103300013,2025,Collectivité Territoriale,Commune,['Drôme'],['Auvergne-Rhône-Alpes'],COM,{26},{84}
e0e128a3-e9f3-43ed-b2da-66f484d1c015,210201976,Commune de Condren (02),false,{02212},Commune,2026-03-24 14:41:51.447482+01,gold_establishments_2025,,,,21020197600011,2025,Collectivité Territoriale,Commune,['Aisne'],['Hauts-de-France'],COM,{02},{32}
77a9fcf0-781d-4f5d-bbc8-d57c448a4aa0,216900647,Commune de Condrieu (69),false,{69064},Commune,2026-03-24 14:42:07.195692+01,gold_establishments_2025,,,,21690064700019,2025,Collectivité Territoriale,Commune,['Rhône'],['Auvergne-Rhône-Alpes'],COM,{69},{84}
4ae0c866-0b86-4260-912c-fef6d6be4d98,213600596,Commune de Condé (36),false,{36059},Commune,2026-03-24 14:41:59.160244+01,gold_establishments_2025,,,,21360059600018,2025,Collectivité Territoriale,Commune,['Indre'],['Centre-Val de Loire'],COM,{36},{24}
8c823df1-9a90-43b8-9120-21e258e6bb56,218001972,Commune de Condé-Folie (80),false,{80205},Commune,2026-03-24 14:42:09.967209+01,gold_establishments_2025,,,,21800197200015,2025,Collectivité Territoriale,Commune,['Somme'],['Hauts-de-France'],COM,{80},{32}
76687a43-6feb-44d6-ad9b-26db9c638e67,215701509,Commune de Condé-Northen (57),false,{57150},Commune,2026-03-24 14:42:03.701372+01,gold_establishments_2025,,,,21570150900014,2025,Collectivité Territoriale,Commune,['Moselle'],['Grand Est'],COM,{57},{44}
0d1013ef-0f5b-4cd2-bb23-215cf0d5dec9,217701259,Commune de Condé-Sainte-Libiaire (77),false,{77125},Commune,2026-03-24 14:42:08.818969+01,gold_establishments_2025,,,,21770125900012,2025,Collectivité Territoriale,Commune,['Seine-et-Marne'],['Île-de-France'],COM,{77},{11}
62f473c1-433a-437b-ad32-44c453e25e11,210201943,Commune de Condé-en-Brie (02),false,{02209},Commune,2026-03-24 14:41:51.447482+01,gold_establishments_2025,,,,21020194300011,2025,Collectivité Territoriale,Commune,['Aisne'],['Hauts-de-France'],COM,{02},{32}
d9d57c75-0643-45c4-99fe-c20debde1ccc,200056877,Commune de Condé-en-Normandie (14),false,{14174},Commune,2026-03-24 14:41:53.63825+01,gold_establishments_2025,,,,20005687700018,2025,Collectivité Territoriale,Commune,['Calvados'],['Normandie'],COM,{14},{28}
402cc9d1-84fb-4041-9637-bba529b76622,210801155,Commune de Condé-lès-Autry (08),false,{08128},Commune,2026-03-24 14:41:52.562531+01,gold_establishments_2025,,,,21080115500016,2025,Collectivité Territoriale,Commune,['Ardennes'],['Grand Est'],COM,{08},{44}
0f428d25-d9a4-4fbe-a9e9-4e85cd6d1076,210801148,Commune de Condé-lès-Herpy (08),false,{08126},Commune,2026-03-24 14:41:52.562531+01,gold_establishments_2025,,,,21080114800011,2025,Collectivité Territoriale,Commune,['Ardennes'],['Grand Est'],COM,{08},{44}
45f886cf-156f-4873-a8cd-a70b07338b37,210201950,Commune de Condé-sur-Aisne (02),false,{02210},Commune,2026-03-24 14:41:51.447482+01,gold_establishments_2025,,,,21020195000016,2025,Collectivité Territoriale,Commune,['Aisne'],['Hauts-de-France'],COM,{02},{32}
16f62f1c-36d4-419d-bc1a-5f2db9492492,200053965,Commune de Condé-sur-Huisne (nan),false,{61116},Commune,2026-03-24 14:42:05.597325+01,gold_establishments_2025,,,,20005396500014,2025,Collectivité Territoriale,Commune,[''],[''],COM,,
bd6fa3ad-a5fd-4903-baf2-b900b15009ad,211401732,Commune de Condé-sur-Ifs (14),false,{14173},Commune,2026-03-24 14:41:53.63825+01,gold_establishments_2025,,,,21140173200014,2025,Collectivité Territoriale,Commune,['Calvados'],['Normandie'],COM,{14},{28}
9b4c6158-fc22-44f7-8706-8a011fd3b313,215101502,Commune de Condé-sur-Marne (51),false,{51161},Commune,2026-03-24 14:42:01.954481+01,gold_establishments_2025,,,,21510150200015,2025,Collectivité Territoriale,Commune,['Marne'],['Grand Est'],COM,{51},{44}
fbc4773b-c912-495e-b4f3-42fe7e915a33,212701676,Commune de Condé-sur-Risle (27),false,{27167},Commune,2026-03-24 14:41:57.028721+01,gold_establishments_2025,,,,21270167600018,2025,Collectivité Territoriale,Commune,['Eure'],['Normandie'],COM,{27},{28}
51e96793-4d81-4cb3-b9d3-df61ca8d3c24,216101170,Commune de Condé-sur-Sarthe (61),false,{61117},Commune,2026-03-24 14:42:05.597325+01,gold_establishments_2025,,,,21610117000019,2025,Collectivité Territoriale,Commune,['Orne'],['Normandie'],COM,{61},{28}
7e11aec6-908a-4701-ad0a-0679c54a9cd5,211401757,Commune de Condé-sur-Seulles (14),false,{14175},Commune,2026-03-24 14:41:53.63825+01,gold_establishments_2025,,,,21140175700011,2025,Collectivité Territoriale,Commune,['Calvados'],['Normandie'],COM,{14},{28}
0bb071bb-d155-425a-9847-a97544da42fa,210201968,Commune de Condé-sur-Suippe (02),false,{02211},Commune,2026-03-24 14:41:51.447482+01,gold_establishments_2025,,,,21020196800018,2025,Collectivité Territoriale,Commune,['Aisne'],['Hauts-de-France'],COM,{02},{32}
382c6879-93fe-4484-a8ea-1df181e840a1,217801711,Commune de Condé-sur-Vesgre (78),false,{78171},Commune,2026-03-24 14:42:09.43682+01,gold_establishments_2025,,,,21780171100011,2025,Collectivité Territoriale,Commune,['Yvelines'],['Île-de-France'],COM,{78},{11}
8c92d6c6-44cd-4c59-bc31-1969b89b083b,200063592,Commune de Condé-sur-Vire (50),false,{50139},Commune,2026-03-24 14:42:01.412377+01,gold_establishments_2025,,,,20006359200014,2025,Collectivité Territoriale,Commune,['Manche'],['Normandie'],COM,{50},{28}
0d151b54-3a3f-4014-b9c0-d0e8fd780205,215901539,Commune de Condé-sur-l'Escaut (59),false,{59153},Commune,2026-03-24 14:42:04.280096+01,gold_establishments_2025,,,,21590153900019,2025,Collectivité Territoriale,Commune,['Nord'],['Hauts-de-France'],COM,{59},{32}
a51bcd20-90c5-4e7f-8f2c-22dc233554e9,219501707,Commune de Condécourt (95),false,{95170},Commune,2026-03-24 14:42:11.659493+01,gold_establishments_2025,,,,21950170700018,2025,Collectivité Territoriale,Commune,"[""Val-d'Oise""]",['Île-de-France'],COM,{95},{11}
a3181627-a84f-4d63-97e7-5cec1d56aa01,211601059,Commune de Condéon (16),false,{16105},Commune,2026-03-24 14:41:54.362296+01,gold_establishments_2025,,,,21160105900010,2025,Collectivité Territoriale,Commune,['Charente'],['Nouvelle-Aquitaine'],COM,{16},{75}
ee9f18e9-6052-4d96-9209-fa94104d8f0a,217001676,Commune de Conflandey (70),false,{70167},Commune,2026-03-24 14:42:07.735343+01,gold_establishments_2025,,,,21700167600014,2025,Collectivité Territoriale,Commune,['Haute-Saône'],['Bourgogne-Franche-Comté'],COM,{70},{27}
e7f6793e-b92b-4d44-9703-991d99ed8fe5,217801729,Commune de Conflans-Sainte-Honorine (78),false,{78172},Commune,2026-03-24 14:42:09.43682+01,gold_establishments_2025,,,,21780172900013,2025,Collectivité Territoriale,Commune,['Yvelines'],['Île-de-France'],COM,{78},{11}
2e96eb20-c329-4d51-9dd9-596bab278369,215401365,Commune de Conflans-en-Jarnisy (54),false,{54136},Commune,2026-03-24 14:42:02.957225+01,gold_establishments_2025,,,,21540136500014,2025,Collectivité Territoriale,Commune,['Meurthe-et-Moselle'],['Grand Est'],COM,{54},{44}
0778028e-2236-4a63-8bcb-394efed2f3d8,217200872,Commune de Conflans-sur-Anille (72),false,{72087},Commune,2026-03-24 14:42:08.279287+01,gold_establishments_2025,,,,21720087200018,2025,Collectivité Territoriale,Commune,['Sarthe'],['Pays de la Loire'],COM,{72},{52}
24527d6e-f8c1-4ca7-b730-490300a1ac74,217001684,Commune de Conflans-sur-Lanterne (70),false,{70168},Commune,2026-03-24 14:42:07.735343+01,gold_establishments_2025,,,,21700168400018,2025,Collectivité Territoriale,Commune,['Haute-Saône'],['Bourgogne-Franche-Comté'],COM,{70},{27}
170f58ea-73b5-4034-8fb0-142003c8b7f3,214501025,Commune de Conflans-sur-Loing (45),false,{45102},Commune,2026-03-24 14:42:00.862623+01,gold_establishments_2025,,,,21450102500016,2025,Collectivité Territoriale,Commune,['Loiret'],['Centre-Val de Loire'],COM,{45},{24}
1b598b3f-402b-471e-85d4-c61f9d7fc663,215101510,Commune de Conflans-sur-Seine (51),false,{51162},Commune,2026-03-24 14:42:01.954481+01,gold_establishments_2025,,,,21510151000018,2025,Collectivité Territoriale,Commune,['Marne'],['Grand Est'],COM,{51},{44}
f31079c2-52fc-414c-812f-14db858afcb7,200054047,Commune de Confolens (16),false,{16106},Commune,2026-03-24 14:41:54.362296+01,gold_establishments_2025,,,,20005404700010,2025,Collectivité Territoriale,Commune,['Charente'],['Nouvelle-Aquitaine'],COM,{16},{75}
7be2c9fc-714b-4733-aad0-29c5cbc19461,211916705,Commune de Confolent-Port-Dieu (19),false,{19167},Commune,2026-03-24 14:41:54.903238+01,gold_establishments_2025,,,,21191670500018,2025,Collectivité Territoriale,Commune,['Corrèze'],['Nouvelle-Aquitaine'],COM,{19},{75}
360dad52-bd6a-4d15-aa8e-bb929ce764e8,210101143,Commune de Confort (01),false,{01114},Commune,2026-03-24 14:41:51.447482+01,gold_establishments_2025,,,,21010114300019,2025,Collectivité Territoriale,Commune,['Ain'],['Auvergne-Rhône-Alpes'],COM,{01},{84}
5b8ef2b1-da57-4806-a542-62650ac69d8e,212901458,Commune de Confort-Meilars (29),false,{29145},Commune,2026-03-24 14:41:57.028721+01,gold_establishments_2025,,,,21290145800019,2025,Collectivité Territoriale,Commune,['Finistère'],['Bretagne'],COM,{29},{53}
d1cbbeb9-cc0c-413b-928b-c413b1278272,217001692,Commune de Confracourt (70),false,{70169},Commune,2026-03-24 14:42:07.735343+01,gold_establishments_2025,,,,21700169200011,2025,Collectivité Territoriale,Commune,['Haute-Saône'],['Bourgogne-Franche-Comté'],COM,{70},{27}
c28d7eeb-9880-497a-acc6-25d48cc0de68,210101150,Commune de Confrançon (01),false,{01115},Commune,2026-03-24 14:41:51.447482+01,gold_establishments_2025,,,,21010115000014,2025,Collectivité Territoriale,Commune,['Ain'],['Auvergne-Rhône-Alpes'],COM,{01},{84}
d87da734-8bc3-4cc4-b44f-58988d6b90a3,219106135,Commune de Congerville-Thionville (91),false,{91613},Commune,2026-03-24 14:42:11.659493+01,gold_establishments_2025,,,,21910613500011,2025,Collectivité Territoriale,Commune,['Essonne'],['Île-de-France'],COM,{91},{11}
f811b152-9aac-4ccb-b877-b7fd7af19364,217701267,Commune de Congis-sur-Thérouanne (77),false,{77126},Commune,2026-03-24 14:42:08.818969+01,gold_establishments_2025,,,,21770126700015,2025,Collectivité Territoriale,Commune,['Seine-et-Marne'],['Île-de-France'],COM,{77},{11}
55f92f0b-8e81-4a60-9dc0-05bf0e1e91fa,215300732,Commune de Congrier (53),false,{53073},Commune,2026-03-24 14:42:01.954481+01,gold_establishments_2025,,,,21530073200058,2025,Collectivité Territoriale,Commune,['Mayenne'],['Pays de la Loire'],COM,{53},{52}
6ad485e1-d00a-4f42-beb0-e906630cebb4,215101528,Commune de Congy (51),false,{51163},Commune,2026-03-24 14:42:01.954481+01,gold_establishments_2025,,,,21510152800010,2025,Collectivité Territoriale,Commune,['Marne'],['Grand Est'],COM,{51},{44}
f892605b-1bca-4f4d-adb7-85363a389cad,217200880,Commune de Congé-sur-Orne (72),false,{72088},Commune,2026-03-24 14:42:08.279287+01,gold_establishments_2025,,,,21720088000011,2025,Collectivité Territoriale,Commune,['Sarthe'],['Pays de la Loire'],COM,{72},{52}
82a3710b-a122-4ee8-86a5-698ec18eae7c,213000912,Commune de Congénies (30),false,{30091},Commune,2026-03-24 14:41:57.56054+01,gold_establishments_2025,,,,21300091200013,2025,Collectivité Territoriale,Commune,['Gard'],['Occitanie'],COM,{30},{76}
e19cc63f-ef02-4b04-8878-c6e8ffed3832,212801062,Commune de Conie-Molitard (28),false,{28106},Commune,2026-03-24 14:41:57.028721+01,gold_establishments_2025,,,,21280106200010,2025,Collectivité Territoriale,Commune,['Eure-et-Loir'],['Centre-Val de Loire'],COM,{28},{24}
932c1f59-b825-4dd8-9d2b-755c66ea4a15,211100987,Commune de Conilhac-Corbières (11),false,{11098},Commune,2026-03-24 14:41:53.63825+01,gold_establishments_2025,,,,21110098700018,2025,Collectivité Territoriale,Commune,['Aude'],['Occitanie'],COM,{11},{76}
da509ba1-e70b-4fac-8880-3107b8165e27,217300912,Commune de Conjux (73),false,{73091},Commune,2026-03-24 14:42:08.279287+01,gold_establishments_2025,,,,21730091200011,2025,Collectivité Territoriale,Commune,['Savoie'],['Auvergne-Rhône-Alpes'],COM,{73},{84}
6c3a24b6-3e49-400f-85f5-11135083144f,217200898,Commune de Conlie (72),false,{72089},Commune,2026-03-24 14:42:08.279287+01,gold_establishments_2025,,,,21720089800013,2025,Collectivité Territoriale,Commune,['Sarthe'],['Pays de la Loire'],COM,{72},{52}
77066514-f7a7-4427-b515-b885eef757d9,213901648,Commune de Conliège (39),false,{39164},Commune,2026-03-24 14:41:59.705606+01,gold_establishments_2025,,,,21390164800013,2025,Collectivité Territoriale,Commune,['Jura'],['Bourgogne-Franche-Comté'],COM,{39},{27}
96ad3b85-4418-4c8c-9530-7d8bbcb6a14c,211200753,Commune de Connac (12),false,{12075},Commune,2026-03-24 14:41:53.63825+01,gold_establishments_2025,,,,21120075300013,2025,Collectivité Territoriale,Commune,['Aveyron'],['Occitanie'],COM,{12},{76}
5c93c449-5789-42e5-9020-82595cd3f92a,214300766,Commune de Connangles (43),false,{43076},Commune,2026-03-24 14:42:00.273698+01,gold_establishments_2025,,,,21430076600018,2025,Collectivité Territoriale,Commune,['Haute-Loire'],['Auvergne-Rhône-Alpes'],COM,{43},{84}
766cf969-b521-44b6-8322-90d9a06fe406,215101536,Commune de Connantray-Vaurefroy (51),false,{51164},Commune,2026-03-24 14:42:01.954481+01,gold_establishments_2025,,,,21510153600013,2025,Collectivité Territoriale,Commune,['Marne'],['Grand Est'],COM,{51},{44}
e44f3138-6431-4318-806a-5840b661c340,215101544,Commune de Connantre (51),false,{51165},Commune,2026-03-24 14:42:01.954481+01,gold_establishments_2025,,,,21510154400017,2025,Collectivité Territoriale,Commune,['Marne'],['Grand Est'],COM,{51},{44}
ea40b16b-d938-4c04-85e4-5919da4e3716,213000920,Commune de Connaux (30),false,{30092},Commune,2026-03-24 14:41:57.56054+01,gold_establishments_2025,,,,21300092000016,2025,Collectivité Territoriale,Commune,['Gard'],['Occitanie'],COM,{30},{76}
2459829c-e85e-451c-9f20-a2496043be7b,212401327,Commune de Conne-de-Labarde (24),false,{24132},Commune,2026-03-24 14:41:55.958138+01,gold_establishments_2025,,,,21240132700011,2025,Collectivité Territoriale,Commune,['Dordogne'],['Nouvelle-Aquitaine'],COM,{24},{75}
06773ca2-82bd-411d-9bd7-e6405859989a,212701684,Commune de Connelles (27),false,{27168},Commune,2026-03-24 14:41:57.028721+01,gold_establishments_2025,,,,21270168400012,2025,Collectivité Territoriale,Commune,['Eure'],['Normandie'],COM,{27},{28}
655a9423-38f6-4e97-a966-1efe41d19861,217200906,Commune de Connerré (72),false,{72090},Commune,2026-03-24 14:42:08.279287+01,gold_establishments_2025,,,,21720090600014,2025,Collectivité Territoriale,Commune,['Sarthe'],['Pays de la Loire'],COM,{72},{52}
04fa530b-4d42-44c2-a862-4ded00685f0e,212401319,Commune de Connezac (24),false,{24131},Commune,2026-03-24 14:41:55.958138+01,gold_establishments_2025,,,,21240131900018,2025,Collectivité Territoriale,Commune,['Dordogne'],['Nouvelle-Aquitaine'],COM,{24},{75}
997830b1-691e-4436-bf3d-33abe8d6b558,210201984,Commune de Connigis (02),false,{02213},Commune,2026-03-24 14:41:51.447482+01,gold_establishments_2025,,,,21020198400015,2025,Collectivité Territoriale,Commune,['Aisne'],['Hauts-de-France'],COM,{02},{32}
6c7035ca-902a-4926-b9a8-ba14f2df3a80,214400442,Commune de Conquereuil (44),false,{44044},Commune,2026-03-24 14:42:00.273698+01,gold_establishments_2025,,,,21440044200015,2025,Collectivité Territoriale,Commune,['Loire-Atlantique'],['Pays de la Loire'],COM,{44},{52}
0911344c-a636-4931-a590-289b3b96b6d6,200055929,Commune de Conques (nan),false,{12076},Commune,2026-03-24 14:41:53.63825+01,gold_establishments_2025,,,,20005592900141,2025,Collectivité Territoriale,Commune,[''],[''],COM,,
d3d8e3a6-8012-493c-bc3e-453d64b3f659,211100995,Commune de Conques-sur-Orbiel (11),false,{11099},Commune,2026-03-24 14:41:53.63825+01,gold_establishments_2025,,,,21110099500011,2025,Collectivité Territoriale,Commune,['Aude'],['Occitanie'],COM,{11},{76}
40529b01-619b-4141-a862-10bcf4e77007,213000938,Commune de Conqueyrac (30),false,{30093},Commune,2026-03-24 14:41:57.56054+01,gold_establishments_2025,,,,21300093800018,2025,Collectivité Territoriale,Commune,['Gard'],['Occitanie'],COM,{30},{76}
0f3bad53-104e-412d-b9ae-67daf40331fd,215401373,Commune de Cons-la-Grandville (54),false,{54137},Commune,2026-03-24 14:42:02.957225+01,gold_establishments_2025,,,,21540137300067,2025,Collectivité Territoriale,Commune,['Meurthe-et-Moselle'],['Grand Est'],COM,{54},{44}
69f66d77-7aa0-42e8-a904-67939cc95b26,211701164,Commune de Consac (17),false,{17116},Commune,2026-03-24 14:41:54.903238+01,gold_establishments_2025,,,,21170116400017,2025,Collectivité Territoriale,Commune,['Charente-Maritime'],['Nouvelle-Aquitaine'],COM,{17},{75}
c0e95140-3f36-4ef7-a6b7-e2767681d62c,215501248,Commune de Consenvoye (55),false,{55124},Commune,2026-03-24 14:42:02.957225+01,gold_establishments_2025,,,,21550124800011,2025,Collectivité Territoriale,Commune,['Meuse'],['Grand Est'],COM,{55},{44}
0aaad8c9-41fb-4fb9-8cd3-8aa206d15ea9,215201021,Commune de Consigny (52),false,{52142},Commune,2026-03-24 14:42:01.954481+01,gold_establishments_2025,,,,21520102100015,2025,Collectivité Territoriale,Commune,['Haute-Marne'],['Grand Est'],COM,{52},{44}
91679eba-035d-4179-a749-84b60cd3d393,212501613,Commune de Consolation-Maisonnettes (25),false,{25161},Commune,2026-03-24 14:41:56.495197+01,gold_establishments_2025,,,,21250161300013,2025,Collectivité Territoriale,Commune,['Doubs'],['Bourgogne-Franche-Comté'],COM,{25},{27}
e0633996-a8ed-45f9-85a5-6170e1fc8f01,210600474,Commune de Conségudes (06),false,{06047},Commune,2026-03-24 14:41:52.562531+01,gold_establishments_2025,,,,21060047400014,2025,Collectivité Territoriale,Commune,['Alpes-Maritimes'],"[""Provence-Alpes-Côte d'Azur""]",COM,{06},{93}
1a4e5bd8-6542-451f-97df-097022bdab6c,218001980,Commune de Contalmaison (80),false,{80206},Commune,2026-03-24 14:42:09.967209+01,gold_establishments_2025,,,,21800198000018,2025,Collectivité Territoriale,Commune,['Somme'],['Hauts-de-France'],COM,{80},{32}
c48d632c-ff60-4507-8496-e530a7bd7bcb,217400860,Commune de Contamine-Sarzin (74),false,{74086},Commune,2026-03-24 14:42:08.279287+01,gold_establishments_2025,,,,21740086000011,2025,Collectivité Territoriale,Commune,['Haute-Savoie'],['Auvergne-Rhône-Alpes'],COM,{74},{84}
ab7ef8c7-8ed9-4a01-83a4-9675a0786885,217400878,Commune de Contamine-sur-Arve (74),false,{74087},Commune,2026-03-24 14:42:08.279287+01,gold_establishments_2025,,,,21740087800013,2025,Collectivité Territoriale,Commune,['Haute-Savoie'],['Auvergne-Rhône-Alpes'],COM,{74},{84}
cff26508-e2b5-4451-9860-91d79d233aa3,215101551,Commune de Contault (51),false,{51166},Commune,2026-03-24 14:42:01.954481+01,gold_establishments_2025,,,,21510155100012,2025,Collectivité Territoriale,Commune,['Marne'],['Grand Est'],COM,{51},{44}
0b390912-45c0-476b-9fa2-43c8a1e9293d,218001998,Commune de Contay (80),false,{80207},Commune,2026-03-24 14:42:09.967209+01,gold_establishments_2025,,,,21800199800010,2025,Collectivité Territoriale,Commune,['Somme'],['Hauts-de-France'],COM,{80},{32}
e4a919cf-a87d-4794-87ba-340ae3d119ae,213901655,Commune de Conte (39),false,{39165},Commune,2026-03-24 14:41:59.705606+01,gold_establishments_2025,,,,21390165500018,2025,Collectivité Territoriale,Commune,['Jura'],['Bourgogne-Franche-Comté'],COM,{39},{27}
3cdd1622-2881-4fd2-8bf7-ba121f7bad8c,210600482,Commune de Contes (06),false,{06048},Commune,2026-03-24 14:41:52.562531+01,gold_establishments_2025,,,,21060048200017,2025,Collectivité Territoriale,Commune,['Alpes-Maritimes'],"[""Provence-Alpes-Côte d'Azur""]",COM,{06},{93}
25bbb2f1-cbca-442d-a62f-0296444f6f0c,216202366,Commune de Contes (62),false,{62236},Commune,2026-03-24 14:42:05.597325+01,gold_establishments_2025,,,,21620236600011,2025,Collectivité Territoriale,Commune,['Pas-de-Calais'],['Hauts-de-France'],COM,{62},{32}
41fa7175-3f3b-4d95-9be2-012c51e4360b,210201992,Commune de Contescourt (02),false,{02214},Commune,2026-03-24 14:41:52.020251+01,gold_establishments_2025,,,,21020199200018,2025,Collectivité Territoriale,Commune,['Aisne'],['Hauts-de-France'],COM,{02},{32}
05631c03-6781-4c4b-b086-1fda8e1da7c8,215300740,Commune de Contest (53),false,{53074},Commune,2026-03-24 14:42:01.954481+01,gold_establishments_2025,,,,21530074000010,2025,Collectivité Territoriale,Commune,['Mayenne'],['Pays de la Loire'],COM,{53},{52}
30a5c08d-dcce-430a-85e5-0ce749d9eb08,212701692,Commune de Conteville (27),false,{27169},Commune,2026-03-24 14:41:57.028721+01,gold_establishments_2025,,,,21270169200015,2025,Collectivité Territoriale,Commune,['Eure'],['Normandie'],COM,{27},{28}
9aa347b3-bf62-4c5d-9852-1d68247974bd,216001602,Commune de Conteville (60),false,{60161},Commune,2026-03-24 14:42:04.814328+01,gold_establishments_2025,,,,21600160200012,2025,Collectivité Territoriale,Commune,['Oise'],['Hauts-de-France'],COM,{60},{32}
8575f734-0b0c-4f10-82ae-aaad524f56d0,217601863,Commune de Conteville (76),false,{76186},Commune,2026-03-24 14:42:08.818969+01,gold_establishments_2025,,,,21760186300012,2025,Collectivité Territoriale,Commune,['Seine-Maritime'],['Normandie'],COM,{76},{28}
940d13f4-1ee4-4081-828e-20d988d9048b,218002004,Commune de Conteville (80),false,{80208},Commune,2026-03-24 14:42:09.967209+01,gold_establishments_2025,,,,21800200400016,2025,Collectivité Territoriale,Commune,['Somme'],['Hauts-de-France'],COM,{80},{32}
0cf6d1d7-8ac2-441d-96b0-81f7197aee56,216202382,Commune de Conteville-en-Ternois (62),false,{62238},Commune,2026-03-24 14:42:05.597325+01,gold_establishments_2025,,,,21620238200018,2025,Collectivité Territoriale,Commune,['Pas-de-Calais'],['Hauts-de-France'],COM,{62},{32}
bca7eced-5246-46c2-a8a5-015719d9c957,216202374,Commune de Conteville-lès-Boulogne (62),false,{62237},Commune,2026-03-24 14:42:05.597325+01,gold_establishments_2025,,,,21620237400015,2025,Collectivité Territoriale,Commune,['Pas-de-Calais'],['Hauts-de-France'],COM,{62},{32}
990f80a4-da6e-4587-b390-39370ea0150c,215701517,Commune de Conthil (57),false,{57151},Commune,2026-03-24 14:42:03.701372+01,gold_establishments_2025,,,,21570151700017,2025,Collectivité Territoriale,Commune,['Moselle'],['Grand Est'],COM,{57},{44}
25610fae-0da5-42cb-b621-f1b47a38a0cd,210300836,Commune de Contigny (03),false,{03083},Commune,2026-03-24 14:41:52.020251+01,gold_establishments_2025,,,,21030083600017,2025,Collectivité Territoriale,Commune,['Allier'],['Auvergne-Rhône-Alpes'],COM,{03},{84}
fa795161-0de4-418f-a007-67fd3dfe0715,217200914,Commune de Contilly (72),false,{72091},Commune,2026-03-24 14:42:08.279287+01,gold_establishments_2025,,,,21720091400018,2025,Collectivité Territoriale,Commune,['Sarthe'],['Pays de la Loire'],COM,{72},{52}
f393263b-8d40-4fe6-a45f-99931202ce86,213700826,Commune de Continvoir (37),false,{37082},Commune,2026-03-24 14:41:59.160244+01,gold_establishments_2025,,,,21370082600018,2025,Collectivité Territoriale,Commune,['Indre-et-Loire'],['Centre-Val de Loire'],COM,{37},{24}
73342f53-7202-472f-a97d-9e4565eb290e,210900981,Commune de Contrazy (09),false,{09098},Commune,2026-03-24 14:41:53.095366+01,gold_establishments_2025,,,,21090098100015,2025,Collectivité Territoriale,Commune,['Ariège'],['Occitanie'],COM,{09},{76}
a6adc692-b45c-4ac2-bd1b-e06cfafab006,218002020,Commune de Contre (80),false,{80210},Commune,2026-03-24 14:42:09.967209+01,gold_establishments_2025,,,,21800202000012,2025,Collectivité Territoriale,Commune,['Somme'],['Hauts-de-France'],COM,{80},{32}
c8fea543-1b30-4410-ab87-5c109dbc19c9,217601871,Commune de Contremoulins (76),false,{76187},Commune,2026-03-24 14:42:08.818969+01,gold_establishments_2025,,,,21760187100015,2025,Collectivité Territoriale,Commune,['Seine-Maritime'],['Normandie'],COM,{76},{28}
f91f2918-98d7-4b24-becf-93bbd0f6736f,211800719,Commune de Contres (18),false,{18071},Commune,2026-03-24 14:41:54.903238+01,gold_establishments_2025,,,,21180071900018,2025,Collectivité Territoriale,Commune,['Cher'],['Centre-Val de Loire'],COM,{18},{24}
a6a69e41-feb4-4e6a-90e8-e6de5c35ad21,210801163,Commune de Contreuve (08),false,{08130},Commune,2026-03-24 14:41:52.562531+01,gold_establishments_2025,,,,21080116300010,2025,Collectivité Territoriale,Commune,['Ardennes'],['Grand Est'],COM,{08},{44}
62979424-386d-4513-9342-3a93d5d66db3,210101168,Commune de Contrevoz (01),false,{01116},Commune,2026-03-24 14:41:51.447482+01,gold_establishments_2025,,,,21010116800016,2025,Collectivité Territoriale,Commune,['Ain'],['Auvergne-Rhône-Alpes'],COM,{01},{84}
92885404-9ac8-4896-b4ae-0f45ce491efc,218801140,Commune de Contrexéville (88),false,{88114},Commune,2026-03-24 14:42:11.118516+01,gold_establishments_2025,,,,21880114000011,2025,Collectivité Territoriale,Commune,['Vosges'],['Grand Est'],COM,{88},{44}
420311cd-86bb-4390-8b1f-0b9f633017de,215501255,Commune de Contrisson (55),false,{55125},Commune,2026-03-24 14:42:02.957225+01,gold_establishments_2025,,,,21550125500040,2025,Collectivité Territoriale,Commune,['Meuse'],['Grand Est'],COM,{55},{44}
c512714a-460b-4f7b-b9f2-7e5b4376cc04,211701172,Commune de Contré (17),false,{17117},Commune,2026-03-24 14:41:54.903238+01,gold_establishments_2025,,,,21170117200010,2025,Collectivité Territoriale,Commune,['Charente-Maritime'],['Nouvelle-Aquitaine'],COM,{17},{75}
b3a448be-f6ca-4a15-a846-e65a77d48be5,217001700,Commune de Contréglise (70),false,{70170},Commune,2026-03-24 14:42:07.735343+01,gold_establishments_2025,,,,21700170000012,2025,Collectivité Territoriale,Commune,['Haute-Saône'],['Bourgogne-Franche-Comté'],COM,{70},{27}
99b6ce45-a055-4151-b01b-f8df6323449a,218002038,Commune de Conty (80),false,{80211},Commune,2026-03-24 14:42:09.967209+01,gold_establishments_2025,,,,21800203800014,2025,Collectivité Territoriale,Commune,['Somme'],['Hauts-de-France'],COM,{80},{32}
3a2cceb6-4d70-4e56-b5c2-cda1eb49f70f,215701525,Commune de Contz-les-Bains (57),false,{57152},Commune,2026-03-24 14:42:03.701372+01,gold_establishments_2025,,,,21570152500051,2025,Collectivité Territoriale,Commune,['Moselle'],['Grand Est'],COM,{57},{44}
33c32aeb-a30b-42b5-851d-bb414af8833c,210101176,Commune de Conzieu (01),false,{01117},Commune,2026-03-24 14:41:51.447482+01,gold_establishments_2025,,,,21010117600019,2025,Collectivité Territoriale,Commune,['Ain'],['Auvergne-Rhône-Alpes'],COM,{01},{84}
c356fef9-6ed1-4063-9e4f-9cd52e37bd0d,215101569,Commune de Coole (51),false,{51167},Commune,2026-03-24 14:42:01.954481+01,gold_establishments_2025,,,,21510156900014,2025,Collectivité Territoriale,Commune,['Marne'],['Grand Est'],COM,{51},{44}
a69e7590-5a8d-421f-b4df-ff504814b6bb,215101577,Commune de Coolus (51),false,{51168},Commune,2026-03-24 14:42:01.954481+01,gold_establishments_2025,,,,21510157700017,2025,Collectivité Territoriale,Commune,['Marne'],['Grand Est'],COM,{51},{44}
59bd637e-c8ed-4097-84ec-81e6af89f30b,217400886,Commune de Copponex (74),false,{74088},Commune,2026-03-24 14:42:08.279287+01,gold_establishments_2025,,,,21740088600016,2025,Collectivité Territoriale,Commune,['Haute-Savoie'],['Auvergne-Rhône-Alpes'],COM,{74},{84}
fa80938e-dfab-4f5d-86af-f9266acd85d6,211401773,Commune de Coquainvilliers (14),false,{14177},Commune,2026-03-24 14:41:53.63825+01,gold_establishments_2025,,,,21140177300018,2025,Collectivité Territoriale,Commune,['Calvados'],['Normandie'],COM,{14},{28}
d74e8478-c9ad-4441-8322-146eb51929c0,216202390,Commune de Coquelles (62),false,{62239},Commune,2026-03-24 14:42:05.597325+01,gold_establishments_2025,,,,21620239000011,2025,Collectivité Territoriale,Commune,['Pas-de-Calais'],['Hauts-de-France'],COM,{62},{32}
24a31e2c-f008-4d3f-8c75-68643eaf9b32,212801070,Commune de Corancez (28),false,{28107},Commune,2026-03-24 14:41:57.028721+01,gold_establishments_2025,,,,21280107000013,2025,Collectivité Territoriale,Commune,['Eure-et-Loir'],['Centre-Val de Loire'],COM,{28},{24}
85bd0ea2-a562-434d-b825-01be95885e3b,215800822,Commune de Corancy (58),false,{58082},Commune,2026-03-24 14:42:04.280096+01,gold_establishments_2025,,,,21580082200011,2025,Collectivité Territoriale,Commune,['Nièvre'],['Bourgogne-Franche-Comté'],COM,{58},{27}
c2c25e54-6b88-45ab-afac-841d0e3ee72d,212900419,Commune de Coray (29),false,{29041},Commune,2026-03-24 14:41:57.028721+01,gold_establishments_2025,,,,21290041900012,2025,Collectivité Territoriale,Commune,['Finistère'],['Bretagne'],COM,{29},{53}
bed590bc-20a1-4896-bd62-08fbb7d8aa5a,212000939,Commune de Corbara (2B),false,{2B093},Commune,2026-03-24 14:41:57.56054+01,gold_establishments_2025,,,,21200093900018,2025,Collectivité Territoriale,Commune,['Haute-Corse'],['Corse'],COM,{2B},{94}
5d9d026f-3654-4442-9081-498c55d047f2,218200442,Commune de Corbarieu (82),false,{82044},Commune,2026-03-24 14:42:10.508772+01,gold_establishments_2025,,,,21820044200018,2025,Collectivité Territoriale,Commune,['Tarn-et-Garonne'],['Occitanie'],COM,{82},{76}
aef5ff2e-c044-4ed7-b9f9-71f2596dea07,216902734,Commune de Corbas (69),false,{69273},Commune,2026-03-24 14:42:07.735343+01,gold_establishments_2025,,,,21690273400013,2025,Collectivité Territoriale,Commune,['Rhône'],['Auvergne-Rhône-Alpes'],COM,{69},{84}
c83dc340-c01b-4e65-a447-0124cbe8d430,216202408,Commune de Corbehem (62),false,{62240},Commune,2026-03-24 14:42:05.597325+01,gold_establishments_2025,,,,21620240800011,2025,Collectivité Territoriale,Commune,['Pas-de-Calais'],['Hauts-de-France'],COM,{62},{32}
4c371ae5-205f-48ea-ae5a-d885468f8085,215101585,Commune de Corbeil (51),false,{51169},Commune,2026-03-24 14:42:01.954481+01,gold_establishments_2025,,,,21510158500010,2025,Collectivité Territoriale,Commune,['Marne'],['Grand Est'],COM,{51},{44}
0bb0e0bd-ee50-4963-b4f0-cd29aa7cfe89,216001610,Commune de Corbeil-Cerf (60),false,{60162},Commune,2026-03-24 14:42:04.814328+01,gold_establishments_2025,,,,21600161000015,2025,Collectivité Territoriale,Commune,['Oise'],['Hauts-de-France'],COM,{60},{32}
3d520470-f6fd-4bbd-989f-ec5f9f065016,219101748,Commune de Corbeil-Essonnes (91),false,{91174},Commune,2026-03-24 14:42:11.659493+01,gold_establishments_2025,,,,21910174800016,2025,Collectivité Territoriale,Commune,['Essonne'],['Île-de-France'],COM,{91},{11}
ad2224d4-8cc9-4d99-b52c-3901a8c02830,214501033,Commune de Corbeilles (45),false,{45103},Commune,2026-03-24 14:42:00.862623+01,gold_establishments_2025,,,,21450103300010,2025,Collectivité Territoriale,Commune,['Loiret'],['Centre-Val de Loire'],COM,{45},{24}
dae6735d-c7f5-488e-9a17-0ea58cefef7b,217300920,Commune de Corbel (73),false,{73092},Commune,2026-03-24 14:42:08.279287+01,gold_establishments_2025,,,,21730092000014,2025,Collectivité Territoriale,Commune,['Savoie'],['Auvergne-Rhône-Alpes'],COM,{73},{84}
26a4f291-c2f0-473c-9571-72412bf88e7e,213801244,Commune de Corbelin (38),false,{38124},Commune,2026-03-24 14:41:59.160244+01,gold_establishments_2025,,,,21380124400012,2025,Collectivité Territoriale,Commune,['Isère'],['Auvergne-Rhône-Alpes'],COM,{38},{84}
62114e44-2c25-460d-b64f-a0d9527dd9bf,217001718,Commune de Corbenay (70),false,{70171},Commune,2026-03-24 14:42:07.735343+01,gold_establishments_2025,,,,21700171800014,2025,Collectivité Territoriale,Commune,['Haute-Saône'],['Bourgogne-Franche-Comté'],COM,{70},{27}
3eff9aa2-8557-474c-b93b-2a62a16083c5,210202008,Commune de Corbeny (02),false,{02215},Commune,2026-03-24 14:41:52.020251+01,gold_establishments_2025,,,,21020200800012,2025,Collectivité Territoriale,Commune,['Aisne'],['Hauts-de-France'],COM,{02},{32}
0a83f8b3-1ab7-4956-b190-ff036bf4d20f,212101893,Commune de Corberon (21),false,{21189},Commune,2026-03-24 14:41:55.433389+01,gold_establishments_2025,,,,21210189300015,2025,Collectivité Territoriale,Commune,"[""Côte-d'Or""]",['Bourgogne-Franche-Comté'],COM,{21},{27}
c969884b-9d65-4804-b779-52771ca86b01,218002046,Commune de Corbie (80),false,{80212},Commune,2026-03-24 14:42:09.967209+01,gold_establishments_2025,,,,21800204600017,2025,Collectivité Territoriale,Commune,['Somme'],['Hauts-de-France'],COM,{80},{32}
4a06819c-9c0a-41f7-b72a-20b24c41127d,215800830,Commune de Corbigny (58),false,{58083},Commune,2026-03-24 14:42:04.280096+01,gold_establishments_2025,,,,21580083000014,2025,Collectivité Territoriale,Commune,['Nièvre'],['Bourgogne-Franche-Comté'],COM,{58},{27}
32b51054-8a9f-4158-b989-653678714883,211101001,Commune de Corbières (11),false,{11100},Commune,2026-03-24 14:41:53.63825+01,gold_establishments_2025,,,,21110100100017,2025,Collectivité Territoriale,Commune,['Aude'],['Occitanie'],COM,{11},{76}
96dee336-7096-450b-a5cb-7cd2f56c82d2,210400636,Commune de Corbières-en-Provence (04),false,{04063},Commune,2026-03-24 14:41:52.020251+01,gold_establishments_2025,,,,21040063600010,2025,Collectivité Territoriale,Commune,['Alpes-de-Haute-Provence'],"[""Provence-Alpes-Côte d'Azur""]",COM,{04},{93}
202c8dd8-266b-4504-a796-8e70b0c00cf8,216101188,Commune de Corbon (61),false,{61118},Commune,2026-03-24 14:42:05.597325+01,gold_establishments_2025,,,,21610118800011,2025,Collectivité Territoriale,Commune,['Orne'],['Normandie'],COM,{61},{28}
d387e981-5026-439b-95af-666d0ff6b2e9,210101184,Commune de Corbonod (01),false,{01118},Commune,2026-03-24 14:41:51.447482+01,gold_establishments_2025,,,,21010118400013,2025,Collectivité Territoriale,Commune,['Ain'],['Auvergne-Rhône-Alpes'],COM,{01},{84}
c3d0124e-959e-4767-b227-41f6a26a3c40,219101755,Commune de Corbreuse (91),false,{91175},Commune,2026-03-24 14:42:11.659493+01,gold_establishments_2025,,,,21910175500011,2025,Collectivité Territoriale,Commune,['Essonne'],['Île-de-France'],COM,{91},{11}
73b180df-cc49-4761-af10-a11f94cf2e99,216600551,Commune de Corbère (66),false,{66055},Commune,2026-03-24 14:42:06.665412+01,gold_establishments_2025,,,,21660055100016,2025,Collectivité Territoriale,Commune,['Pyrénées-Orientales'],['Occitanie'],COM,{66},{76}
12e30937-b6cd-440d-ab6b-326ed635615c,216401935,Commune de Corbère-Abères (64),false,{64193},Commune,2026-03-24 14:42:06.130387+01,gold_establishments_2025,,,,21640193500012,2025,Collectivité Territoriale,Commune,['Pyrénées-Atlantiques'],['Nouvelle-Aquitaine'],COM,{64},{75}
ccc2d353-b713-49f7-9a50-aa1159db4cdf,216600569,Commune de Corbère-les-Cabanes (66),false,{66056},Commune,2026-03-24 14:42:06.665412+01,gold_establishments_2025,,,,21660056900018,2025,Collectivité Territoriale,Commune,['Pyrénées-Orientales'],['Occitanie'],COM,{66},{76}
cdeeaa23-46cc-4f13-a76b-b5a9bafcfd75,213000946,Commune de Corbès (nan),false,{30094},Commune,2026-03-24 14:41:57.56054+01,gold_establishments_2025,,,,21300094600037,2025,Collectivité Territoriale,Commune,[''],[''],COM,,
cfad8453-95b1-45d5-a375-842d26302531,212501639,Commune de Corcelle-Mieslot (25),false,{25163},Commune,2026-03-24 14:41:56.495197+01,gold_establishments_2025,,,,21250163900018,2025,Collectivité Territoriale,Commune,['Doubs'],['Bourgogne-Franche-Comté'],COM,{25},{27}
84fd3285-6210-4705-ab1e-121e614958d9,212501621,Commune de Corcelles-Ferrières (25),false,{25162},Commune,2026-03-24 14:41:56.495197+01,gold_establishments_2025,,,,21250162100016,2025,Collectivité Territoriale,Commune,['Doubs'],['Bourgogne-Franche-Comté'],COM,{25},{27}
be78fab5-2fbb-4d17-9a30-59e67ea89ccb,216900654,Commune de Corcelles-en-Beaujolais (69),false,{69065},Commune,2026-03-24 14:42:07.195692+01,gold_establishments_2025,,,,21690065400015,2025,Collectivité Territoriale,Commune,['Rhône'],['Auvergne-Rhône-Alpes'],COM,{69},{84}
b307e1fb-9164-4cce-b291-a4e4720d2a34,212101901,Commune de Corcelles-les-Arts (21),false,{21190},Commune,2026-03-24 14:41:55.433389+01,gold_establishments_2025,,,,21210190100016,2025,Collectivité Territoriale,Commune,"[""Côte-d'Or""]",['Bourgogne-Franche-Comté'],COM,{21},{27}
47784133-4f1e-41c0-9d93-fe8ec24a5a59,212101927,Commune de Corcelles-les-Monts (21),false,{21192},Commune,2026-03-24 14:41:55.433389+01,gold_establishments_2025,,,,21210192700037,2025,Collectivité Territoriale,Commune,"[""Côte-d'Or""]",['Bourgogne-Franche-Comté'],COM,{21},{27}
945b2bdb-50f0-4560-9b29-193cf86caa83,212101919,Commune de Corcelles-lès-Cîteaux (21),false,{21191},Commune,2026-03-24 14:41:55.433389+01,gold_establishments_2025,,,,21210191900018,2025,Collectivité Territoriale,Commune,"[""Côte-d'Or""]",['Bourgogne-Franche-Comté'],COM,{21},{27}
0dab2713-8ddb-41b6-92bc-dac4ded947ce,218801157,Commune de Corcieux (88),false,{88115},Commune,2026-03-24 14:42:11.118516+01,gold_establishments_2025,,,,21880115700015,2025,Collectivité Territoriale,Commune,['Vosges'],['Grand Est'],COM,{88},{44}
f5f95033-14df-4f82-a467-21c82aad4dc1,212501647,Commune de Corcondray (25),false,{25164},Commune,2026-03-24 14:41:56.495197+01,gold_establishments_2025,,,,21250164700011,2025,Collectivité Territoriale,Commune,['Doubs'],['Bourgogne-Franche-Comté'],COM,{25},{27}
bb884115-f28b-4054-8692-4f104c3c6a63,213000953,Commune de Corconne (30),false,{30095},Commune,2026-03-24 14:41:57.56054+01,gold_establishments_2025,,,,21300095300017,2025,Collectivité Territoriale,Commune,['Gard'],['Occitanie'],COM,{30},{76}
a22c3020-9a7f-4bc4-ab76-3b608e95d965,214401564,Commune de Corcoué-sur-Logne (44),false,{44156},Commune,2026-03-24 14:42:00.273698+01,gold_establishments_2025,,,,21440156400015,2025,Collectivité Territoriale,Commune,['Loire-Atlantique'],['Pays de la Loire'],COM,{44},{52}
c69c620a-6bcf-4ee1-adc6-f186fea7f182,210202016,Commune de Corcy (02),false,{02216},Commune,2026-03-24 14:41:52.020251+01,gold_establishments_2025,,,,21020201600015,2025,Collectivité Territoriale,Commune,['Aisne'],['Hauts-de-France'],COM,{02},{32}
e88c1053-7fb9-419c-9495-22efb76a2e39,211401799,Commune de Cordebugle (14),false,{14179},Commune,2026-03-24 14:41:53.63825+01,gold_establishments_2025,,,,21140179900013,2025,Collectivité Territoriale,Commune,['Calvados'],['Normandie'],COM,{14},{28}
0385e134-a60e-4017-b16b-179c3b968634,214200701,Commune de Cordelle (42),false,{42070},Commune,2026-03-24 14:42:00.273698+01,gold_establishments_2025,,,,21420070100016,2025,Collectivité Territoriale,Commune,['Loire'],['Auvergne-Rhône-Alpes'],COM,{42},{84}
fb38711e-ba6b-4006-bbc8-42172c05e149,214400459,Commune de Cordemais (44),false,{44045},Commune,2026-03-24 14:42:00.273698+01,gold_establishments_2025,,,,21440045900019,2025,Collectivité Territoriale,Commune,['Loire-Atlantique'],['Pays de la Loire'],COM,{44},{52}
5ecdab3e-5a27-400b-b30e-26686b6997a3,218200459,Commune de Cordes-Tolosannes (82),false,{82045},Commune,2026-03-24 14:42:10.508772+01,gold_establishments_2025,,,,21820045900012,2025,Collectivité Territoriale,Commune,['Tarn-et-Garonne'],['Occitanie'],COM,{82},{76}
a417d7fc-0371-4d1c-a93f-8836606154f8,218100691,Commune de Cordes-sur-Ciel (81),false,{81069},Commune,2026-03-24 14:42:09.967209+01,gold_establishments_2025,,,,21810069100011,2025,Collectivité Territoriale,Commune,['Tarn'],['Occitanie'],COM,{81},{76}
1aaeb45f-f701-43ed-aeb0-a8fbccfe0b0c,217101443,Commune de Cordesse (71),false,{71144},Commune,2026-03-24 14:42:07.735343+01,gold_establishments_2025,,,,21710144300018,2025,Collectivité Territoriale,Commune,['Saône-et-Loire'],['Bourgogne-Franche-Comté'],COM,{71},{27}
35b0e278-2f82-4f8f-b8e9-f8efacdf8a9a,211401807,Commune de Cordey (14),false,{14180},Commune,2026-03-24 14:41:53.63825+01,gold_establishments_2025,,,,21140180700014,2025,Collectivité Territoriale,Commune,['Calvados'],['Normandie'],COM,{14},{28}
e53a40c9-0f24-497b-a938-10b608eb3bbd,217400894,Commune de Cordon (74),false,{74089},Commune,2026-03-24 14:42:08.279287+01,gold_establishments_2025,,,,21740089400010,2025,Collectivité Territoriale,Commune,['Haute-Savoie'],['Auvergne-Rhône-Alpes'],COM,{74},{84}
ee925847-dcd1-484a-a6f0-80651f563b1b,217001742,Commune de Cordonnet (70),false,{70174},Commune,2026-03-24 14:42:07.735343+01,gold_establishments_2025,,,,21700174200014,2025,Collectivité Territoriale,Commune,['Haute-Saône'],['Bourgogne-Franche-Comté'],COM,{70},{27}
217ad3d1-0d67-4739-8f18-950b26547d44,211500558,Commune de Coren (15),false,{15055},Commune,2026-03-24 14:41:54.362296+01,gold_establishments_2025,,,,21150055800013,2025,Collectivité Territoriale,Commune,['Cantal'],['Auvergne-Rhône-Alpes'],COM,{15},{84}
758bbb86-2dc7-424c-ae8a-5ad1793d349b,213801269,Commune de Corenc (38),false,{38126},Commune,2026-03-24 14:41:59.160244+01,gold_establishments_2025,,,,21380126900019,2025,Collectivité Territoriale,Commune,['Isère'],['Auvergne-Rhône-Alpes'],COM,{38},{84}
80d37dd8-1084-4b9e-8c8b-73d974e06931,216301200,Commune de Corent (63),false,{63120},Commune,2026-03-24 14:42:06.130387+01,gold_establishments_2025,,,,21630120000012,2025,Collectivité Territoriale,Commune,['Puy-de-Dôme'],['Auvergne-Rhône-Alpes'],COM,{63},{84}
357402d3-afe3-4884-ba97-60e080ddaa16,215101593,Commune de Corfélix (51),false,{51170},Commune,2026-03-24 14:42:01.954481+01,gold_establishments_2025,,,,21510159300014,2025,Collectivité Territoriale,Commune,['Marne'],['Grand Est'],COM,{51},{44}
bf609a70-306e-4177-a4c0-fc7b444e3ffb,212101935,Commune de Corgengoux (21),false,{21193},Commune,2026-03-24 14:41:55.433389+01,gold_establishments_2025,,,,21210193500014,2025,Collectivité Territoriale,Commune,"[""Côte-d'Or""]",['Bourgogne-Franche-Comté'],COM,{21},{27}
35780657-f207-4312-964d-bb7c690dbced,212401343,Commune de Corgnac-sur-l'Isle (24),false,{24134},Commune,2026-03-24 14:41:55.958138+01,gold_establishments_2025,,,,21240134300018,2025,Collectivité Territoriale,Commune,['Dordogne'],['Nouvelle-Aquitaine'],COM,{24},{75}
454c1df7-64ba-4ae3-aa96-a2c2e4500060,212101943,Commune de Corgoloin (21),false,{21194},Commune,2026-03-24 14:41:55.433389+01,gold_establishments_2025,,,,21210194300018,2025,Collectivité Territoriale,Commune,"[""Côte-d'Or""]",['Bourgogne-Franche-Comté'],COM,{21},{27}
eb6e2c78-13ce-4a39-9567-70ef4f6899de,211701180,Commune de Corignac (17),false,{17118},Commune,2026-03-24 14:41:54.903238+01,gold_establishments_2025,,,,21170118000013,2025,Collectivité Territoriale,Commune,['Charente-Maritime'],['Nouvelle-Aquitaine'],COM,{17},{75}
0c3cbe45-a5d0-47da-a02d-64e8bc65b0eb,212200471,Commune de Corlay (22),false,{22047},Commune,2026-03-24 14:41:55.433389+01,gold_establishments_2025,,,,21220047100010,2025,Collectivité Territoriale,Commune,"[""Côtes-d'Armor""]",['Bretagne'],COM,{22},{53}
d42cca06-be2a-46e8-a781-76f2a16b1cdd,210101218,Commune de Corlier (01),false,{01121},Commune,2026-03-24 14:41:51.447482+01,gold_establishments_2025,,,,21010121800019,2025,Collectivité Territoriale,Commune,['Ain'],['Auvergne-Rhône-Alpes'],COM,{01},{84}
92788db1-5105-45b8-9101-07e38e5e74bc,212801088,Commune de Cormainville (28),false,{28108},Commune,2026-03-24 14:41:57.028721+01,gold_establishments_2025,,,,21280108800015,2025,Collectivité Territoriale,Commune,['Eure-et-Loir'],['Centre-Val de Loire'],COM,{28},{24}
9a9cfa0f-63f1-4b38-8470-2ad57cccd113,217101450,Commune de Cormatin (71),false,{71145},Commune,2026-03-24 14:42:07.735343+01,gold_establishments_2025,,,,21710145000013,2025,Collectivité Territoriale,Commune,['Saône-et-Loire'],['Bourgogne-Franche-Comté'],COM,{71},{27}
ebb6d36b-7c0c-4589-a13f-9ae341c12ed8,211701206,Commune de Corme-Royal (17),false,{17120},Commune,2026-03-24 14:41:54.903238+01,gold_establishments_2025,,,,21170120600016,2025,Collectivité Territoriale,Commune,['Charente-Maritime'],['Nouvelle-Aquitaine'],COM,{17},{75}
03c98bed-be5d-422b-a446-0a1268c1ba11,211701198,Commune de Corme-Écluse (17),false,{17119},Commune,2026-03-24 14:41:54.903238+01,gold_establishments_2025,,,,21170119800015,2025,Collectivité Territoriale,Commune,['Charente-Maritime'],['Nouvelle-Aquitaine'],COM,{17},{75}
2ef4e1a7-7ae9-44ba-aa2e-7e99fe351fea,212701700,Commune de Cormeilles (27),false,{27170},Commune,2026-03-24 14:41:57.028721+01,gold_establishments_2025,,,,21270170000016,2025,Collectivité Territoriale,Commune,['Eure'],['Normandie'],COM,{27},{28}
95a836a0-9731-458f-939d-136162ba235a,216001628,Commune de Cormeilles (60),false,{60163},Commune,2026-03-24 14:42:04.814328+01,gold_establishments_2025,,,,21600162800017,2025,Collectivité Territoriale,Commune,['Oise'],['Hauts-de-France'],COM,{60},{32}
e1a38f81-3a72-40b1-be4a-e0b421a98f12,219501764,Commune de Cormeilles-en-Parisis (95),false,{95176},Commune,2026-03-24 14:42:11.659493+01,gold_establishments_2025,,,,21950176400019,2025,Collectivité Territoriale,Commune,"[""Val-d'Oise""]",['Île-de-France'],COM,{95},{11}
e5f27176-79ec-48cd-a696-39b08d44c37b,219501772,Commune de Cormeilles-en-Vexin (95),false,{95177},Commune,2026-03-24 14:42:11.659493+01,gold_establishments_2025,,,,21950177200012,2025,Collectivité Territoriale,Commune,"[""Val-d'Oise""]",['Île-de-France'],COM,{95},{11}
4facfba2-451a-4e15-97e6-a7f24dcd9d30,211401815,Commune de Cormelles-le-Royal (14),false,{14181},Commune,2026-03-24 14:41:53.63825+01,gold_establishments_2025,,,,21140181500017,2025,Collectivité Territoriale,Commune,['Calvados'],['Normandie'],COM,{14},{28}
c3d7bd0d-8dbf-4f3d-8cb2-6faccfc12783,214100604,Commune de Cormenon (41),false,{41060},Commune,2026-03-24 14:42:00.273698+01,gold_establishments_2025,,,,21410060400013,2025,Collectivité Territoriale,Commune,['Loir-et-Cher'],['Centre-Val de Loire'],COM,{41},{24}
3d398045-cfe5-4b4c-a19a-6ae7852459f6,214100612,Commune de Cormeray (41),false,{41061},Commune,2026-03-24 14:42:00.273698+01,gold_establishments_2025,,,,21410061200016,2025,Collectivité Territoriale,Commune,['Loir-et-Cher'],['Centre-Val de Loire'],COM,{41},{24}
f966e5dd-c61c-4384-b4bb-217bec217d49,213700834,Commune de Cormery (37),false,{37083},Commune,2026-03-24 14:41:59.160244+01,gold_establishments_2025,,,,21370083400012,2025,Collectivité Territoriale,Commune,['Indre-et-Loire'],['Centre-Val de Loire'],COM,{37},{24}
9981b235-c95d-4671-a450-c154da6665aa,217200930,Commune de Cormes (72),false,{72093},Commune,2026-03-24 14:42:08.279287+01,gold_establishments_2025,,,,21720093000014,2025,Collectivité Territoriale,Commune,['Sarthe'],['Pays de la Loire'],COM,{72},{52}
3906c646-f4aa-4058-9b4b-474176d71468,200073385,Commune de Cormicy (51),false,{51171},Commune,2026-03-24 14:42:01.954481+01,gold_establishments_2025,,,,20007338500011,2025,Collectivité Territoriale,Commune,['Marne'],['Grand Est'],COM,{51},{44}
eb0c811c-e27b-4d00-88f1-cf1bd0878e35,211401823,Commune de Cormolain (14),false,{14182},Commune,2026-03-24 14:41:53.63825+01,gold_establishments_2025,,,,21140182300011,2025,Collectivité Territoriale,Commune,['Calvados'],['Normandie'],COM,{14},{28}
6460650d-32f1-4587-bed0-534ab718448d,216202416,Commune de Cormont (62),false,{62241},Commune,2026-03-24 14:42:05.597325+01,gold_establishments_2025,,,,21620241600014,2025,Collectivité Territoriale,Commune,['Pas-de-Calais'],['Hauts-de-France'],COM,{62},{32}
efd08ade-cf7d-4310-a700-12cf37f449cd,215101619,Commune de Cormontreuil (51),false,{51172},Commune,2026-03-24 14:42:01.954481+01,gold_establishments_2025,,,,21510161900017,2025,Collectivité Territoriale,Commune,['Marne'],['Grand Est'],COM,{51},{44}
226e6cea-87e2-48f9-94a5-21b1059bc7be,210101234,Commune de Cormoranche-sur-Saône (01),false,{01123},Commune,2026-03-24 14:41:51.447482+01,gold_establishments_2025,,,,21010123400016,2025,Collectivité Territoriale,Commune,['Ain'],['Auvergne-Rhône-Alpes'],COM,{01},{84}
0d3b82dd-da91-42f8-a85e-7a262c843760,211000989,Commune de Cormost (10),false,{10104},Commune,2026-03-24 14:41:53.095366+01,gold_establishments_2025,,,,21100098900015,2025,Collectivité Territoriale,Commune,['Aube'],['Grand Est'],COM,{10},{44}
48fbf1d2-4788-43a1-b06c-e29327b24261,200069367,Commune de Cormot-Vauchignon (21),false,{21195},Commune,2026-03-24 14:41:55.433389+01,gold_establishments_2025,,,,20006936700015,2025,Collectivité Territoriale,Commune,"[""Côte-d'Or""]",['Bourgogne-Franche-Comté'],COM,{21},{27}
ea7cb2bb-a8dd-45d1-a3ef-28ecd508c3f0,215101627,Commune de Cormoyeux (51),false,{51173},Commune,2026-03-24 14:42:01.954481+01,gold_establishments_2025,,,,21510162700010,2025,Collectivité Territoriale,Commune,['Marne'],['Grand Est'],COM,{51},{44}
d971a304-1530-4f87-9a52-881d52be09b8,210101242,Commune de Cormoz (01),false,{01124},Commune,2026-03-24 14:41:51.447482+01,gold_establishments_2025,,,,21010124200019,2025,Collectivité Territoriale,Commune,['Ain'],['Auvergne-Rhône-Alpes'],COM,{01},{84}
482d4115-1d2e-4afe-bd78-21abb7a13af4,214600751,Commune de Corn (46),false,{46075},Commune,2026-03-24 14:42:00.862623+01,gold_establishments_2025,,,,21460075100017,2025,Collectivité Territoriale,Commune,['Lot'],['Occitanie'],COM,{46},{76}
8f182f42-3eaa-46a5-93aa-8418aa992840,214600769,Commune de Cornac (46),false,{46076},Commune,2026-03-24 14:42:00.862623+01,gold_establishments_2025,,,,21460076900019,2025,Collectivité Territoriale,Commune,['Lot'],['Occitanie'],COM,{46},{76}
ec0926e9-84db-4a2e-8c18-6b98afd5e8a3,218901163,Commune de Cornant (89),false,{89116},Commune,2026-03-24 14:42:11.118516+01,gold_establishments_2025,,,,21890116300012,2025,Collectivité Territoriale,Commune,['Yonne'],['Bourgogne-Franche-Comté'],COM,{89},{27}
8c086ba6-8584-42c0-972d-cec4a1bdaa9c,210700704,Commune de Cornas (07),false,{07070},Commune,2026-03-24 14:41:52.562531+01,gold_establishments_2025,,,,21070070400013,2025,Collectivité Territoriale,Commune,['Ardèche'],['Auvergne-Rhône-Alpes'],COM,{07},{84}
91a601f6-e298-408e-b0f8-6f8bafb6b6da,210801171,Commune de Cornay (08),false,{08131},Commune,2026-03-24 14:41:52.562531+01,gold_establishments_2025,,,,21080117100013,2025,Collectivité Territoriale,Commune,['Ardennes'],['Grand Est'],COM,{08},{44}
f1a56791-0bbb-4867-b869-642ea6602b70,213101504,Commune de Cornebarrieu (31),false,{31150},Commune,2026-03-24 14:41:57.56054+01,gold_establishments_2025,,,,21310150400016,2025,Collectivité Territoriale,Commune,['Haute-Garonne'],['Occitanie'],COM,{31},{76}
0c94bc41-3289-4d13-92eb-4566d9db6a5a,213400849,Commune de Corneilhan (34),false,{34084},Commune,2026-03-24 14:41:58.620411+01,gold_establishments_2025,,,,21340084900013,2025,Collectivité Territoriale,Commune,['Hérault'],['Occitanie'],COM,{34},{76}
cf8fe31d-7d59-4c8c-b10c-c5e1cb27db6f,216600577,Commune de Corneilla-de-Conflent (66),false,{66057},Commune,2026-03-24 14:42:06.665412+01,gold_establishments_2025,,,,21660057700011,2025,Collectivité Territoriale,Commune,['Pyrénées-Orientales'],['Occitanie'],COM,{66},{76}
baa15205-9433-4647-971b-8a6d12657d49,216600593,Commune de Corneilla-del-Vercol (66),false,{66059},Commune,2026-03-24 14:42:06.665412+01,gold_establishments_2025,,,,21660059300018,2025,Collectivité Territoriale,Commune,['Pyrénées-Orientales'],['Occitanie'],COM,{66},{76}
fbdfaa1c-3b83-457e-b240-59a4fcd593ef,216600585,Commune de Corneilla-la-Rivière (66),false,{66058},Commune,2026-03-24 14:42:06.665412+01,gold_establishments_2025,,,,21660058500014,2025,Collectivité Territoriale,Commune,['Pyrénées-Orientales'],['Occitanie'],COM,{66},{76}
0c4a2018-aea0-45f3-99de-c6a3cd692b7e,213201080,Commune de Corneillan (32),false,{32108},Commune,2026-03-24 14:41:58.09424+01,gold_establishments_2025,,,,21320108000016,2025,Collectivité Territoriale,Commune,['Gers'],['Occitanie'],COM,{32},{76}
2f42c186-0b18-4cd5-a0cf-28e58677575f,212701734,Commune de Corneville-la-Fouquetière (27),false,{27173},Commune,2026-03-24 14:41:57.028721+01,gold_establishments_2025,,,,21270173400015,2025,Collectivité Territoriale,Commune,['Eure'],['Normandie'],COM,{27},{28}
cfbc1ca7-141e-42af-8a5c-b8675ac31f12,212701742,Commune de Corneville-sur-Risle (27),false,{27174},Commune,2026-03-24 14:41:57.028721+01,gold_establishments_2025,,,,21270174200059,2025,Collectivité Territoriale,Commune,['Eure'],['Normandie'],COM,{27},{28}
7bf966c9-685f-422b-8784-f6e9f74c50f4,217400902,Commune de Cornier (74),false,{74090},Commune,2026-03-24 14:42:08.279287+01,gold_establishments_2025,,,,21740090200011,2025,Collectivité Territoriale,Commune,['Haute-Savoie'],['Auvergne-Rhône-Alpes'],COM,{74},{84}
8ac45fc3-ae52-4f94-805a-fd0e291b584b,211906102,Commune de Cornil (19),false,{19061},Commune,2026-03-24 14:41:54.903238+01,gold_establishments_2025,,,,21190610200010,2025,Collectivité Territoriale,Commune,['Corrèze'],['Nouvelle-Aquitaine'],COM,{19},{75}
88395d02-fb91-416d-82ad-0ce87b2d43ce,212601041,Commune de Cornillac (26),false,{26104},Commune,2026-03-24 14:41:56.495197+01,gold_establishments_2025,,,,21260104100016,2025,Collectivité Territoriale,Commune,['Drôme'],['Auvergne-Rhône-Alpes'],COM,{26},{84}
cb0c3e13-4091-4287-be40-ac804aab519c,212401350,Commune de Cornille (24),false,{24135},Commune,2026-03-24 14:41:55.958138+01,gold_establishments_2025,,,,21240135000013,2025,Collectivité Territoriale,Commune,['Dordogne'],['Nouvelle-Aquitaine'],COM,{24},{75}
3d3e1be4-38e3-461d-8c2a-4e21ba74db7e,213000961,Commune de Cornillon (30),false,{30096},Commune,2026-03-24 14:41:57.56054+01,gold_establishments_2025,,,,21300096100010,2025,Collectivité Territoriale,Commune,['Gard'],['Occitanie'],COM,{30},{76}
ba8736aa-073f-4ae8-a6ac-82e766580c3c,211300298,Commune de Cornillon-Confoux (13),false,{13029},Commune,2026-03-24 14:41:53.63825+01,gold_establishments_2025,,,,21130029800018,2025,Collectivité Territoriale,Commune,['Bouches-du-Rhône'],"[""Provence-Alpes-Côte d'Azur""]",COM,{13},{93}
2e8b4846-2771-4559-8577-951adc2a440d,213801277,Commune de Cornillon-en-Trièves (38),false,{38127},Commune,2026-03-24 14:41:59.160244+01,gold_establishments_2025,,,,21380127700012,2025,Collectivité Territoriale,Commune,['Isère'],['Auvergne-Rhône-Alpes'],COM,{38},{84}
a513620c-f4cd-4072-bb06-f705a4afd4f2,212601058,Commune de Cornillon-sur-l'Oule (26),false,{26105},Commune,2026-03-24 14:41:56.495197+01,gold_establishments_2025,,,,21260105800010,2025,Collectivité Territoriale,Commune,['Drôme'],['Auvergne-Rhône-Alpes'],COM,{26},{84}
ea193971-1503-4661-9616-36fb6a04273c,213500879,Commune de Cornillé (35),false,{35087},Commune,2026-03-24 14:41:58.620411+01,gold_establishments_2025,,,,21350087900019,2025,Collectivité Territoriale,Commune,['Ille-et-Vilaine'],['Bretagne'],COM,{35},{53}
da41edce-cffb-4080-bbe5-cdf0ab025e9c,214901076,Commune de Cornillé-les-Caves (49),false,{49107},Commune,2026-03-24 14:42:01.412377+01,gold_establishments_2025,,,,21490107600015,2025,Collectivité Territoriale,Commune,['Maine-et-Loire'],['Pays de la Loire'],COM,{49},{52}
32dd732f-1450-45cd-8fbc-544896bf9cf4,218801165,Commune de Cornimont (88),false,{88116},Commune,2026-03-24 14:42:11.118516+01,gold_establishments_2025,,,,21880116500141,2025,Collectivité Territoriale,Commune,['Vosges'],['Grand Est'],COM,{88},{44}
37d1c8f7-fdf5-4c0e-bc50-f855f6386458,213901663,Commune de Cornod (39),false,{39166},Commune,2026-03-24 14:41:59.705606+01,gold_establishments_2025,,,,21390166300012,2025,Collectivité Territoriale,Commune,['Jura'],['Bourgogne-Franche-Comté'],COM,{39},{27}
916a464d-358a-4c93-ad81-b87fa4ac967d,217001759,Commune de Cornot (70),false,{70175},Commune,2026-03-24 14:42:07.735343+01,gold_establishments_2025,,,,21700175900018,2025,Collectivité Territoriale,Commune,['Haute-Saône'],['Bourgogne-Franche-Comté'],COM,{70},{27}
09e9f29b-abf9-496c-8d5e-65f09b0cccef,211200779,Commune de Cornus (12),false,{12077},Commune,2026-03-24 14:41:53.63825+01,gold_establishments_2025,,,,21120077900018,2025,Collectivité Territoriale,Commune,['Aveyron'],['Occitanie'],COM,{12},{76}
721267db-1d37-4f8c-b9ae-73a9d82720a7,211800727,Commune de Cornusse (18),false,{18072},Commune,2026-03-24 14:41:54.903238+01,gold_establishments_2025,,,,21180072700011,2025,Collectivité Territoriale,Commune,['Cher'],['Centre-Val de Loire'],COM,{18},{24}
18975508-84f8-44a9-9b26-49e3b6c602d6,210801189,Commune de Corny-Machéroménil (08),false,{08132},Commune,2026-03-24 14:41:52.562531+01,gold_establishments_2025,,,,21080118900015,2025,Collectivité Territoriale,Commune,['Ardennes'],['Grand Est'],COM,{08},{44}
4c39c9d7-ac46-4478-8a26-94b1bcc947c7,215701533,Commune de Corny-sur-Moselle (57),false,{57153},Commune,2026-03-24 14:42:03.701372+01,gold_establishments_2025,,,,21570153300014,2025,Collectivité Territoriale,Commune,['Moselle'],['Grand Est'],COM,{57},{44}
97373075-678c-426f-ab48-1ada36fa77e7,214901092,Commune de Coron (49),false,{49109},Commune,2026-03-24 14:42:01.412377+01,gold_establishments_2025,,,,21490109200053,2025,Collectivité Territoriale,Commune,['Maine-et-Loire'],['Pays de la Loire'],COM,{49},{52}
843217ba-4d67-4b2e-a359-8bfb6458a985,218500734,Commune de Corpe (85),false,{85073},Commune,2026-03-24 14:42:10.508772+01,gold_establishments_2025,,,,21850073400015,2025,Collectivité Territoriale,Commune,['Vendée'],['Pays de la Loire'],COM,{85},{52}
6203ff77-c9d3-41da-b796-ff64e76cb0d0,212101968,Commune de Corpeau (21),false,{21196},Commune,2026-03-24 14:41:55.433389+01,gold_establishments_2025,,,,21210196800015,2025,Collectivité Territoriale,Commune,"[""Côte-d'Or""]",['Bourgogne-Franche-Comté'],COM,{21},{27}
64a4c240-8db6-415e-9e02-4b6304ed33c2,212101976,Commune de Corpoyer-la-Chapelle (21),false,{21197},Commune,2026-03-24 14:41:55.433389+01,gold_establishments_2025,,,,21210197600018,2025,Collectivité Territoriale,Commune,"[""Côte-d'Or""]",['Bourgogne-Franche-Comté'],COM,{21},{27}
1f6172e2-1570-49e4-bdde-1029b904a698,213801285,Commune de Corps (38),false,{38128},Commune,2026-03-24 14:41:59.160244+01,gold_establishments_2025,,,,21380128500015,2025,Collectivité Territoriale,Commune,['Isère'],['Auvergne-Rhône-Alpes'],COM,{38},{84}
b55a8422-6c18-47ab-ae9f-f3a21a674414,213500887,Commune de Corps-Nuds (35),false,{35088},Commune,2026-03-24 14:41:58.620411+01,gold_establishments_2025,,,,21350088700103,2025,Collectivité Territoriale,Commune,['Ille-et-Vilaine'],['Bretagne'],COM,{35},{53}
d0511647-729c-4f0a-80e9-61406576490b,214501041,Commune de Corquilleroy (45),false,{45104},Commune,2026-03-24 14:42:00.862623+01,gold_establishments_2025,,,,21450104100013,2025,Collectivité Territoriale,Commune,['Loiret'],['Centre-Val de Loire'],COM,{45},{24}
d6549088-12a0-45b9-9dd1-7a7a2756ebf7,200082998,Commune de Corquoy (18),false,{18073},Commune,2026-03-24 14:41:54.903238+01,gold_establishments_2025,,,,20008299800010,2025,Collectivité Territoriale,Commune,['Cher'],['Centre-Val de Loire'],COM,{18},{24}
c2012e65-beec-48ed-8da9-645176c34568,212000947,Commune de Corrano (2A),false,{2A094},Commune,2026-03-24 14:41:57.56054+01,gold_establishments_2025,,,,21200094700011,2025,Collectivité Territoriale,Commune,['Corse-du-Sud'],['Corse'],COM,{2A},{94}
43030556-c4fe-4da8-a95a-f6916f626cda,217001767,Commune de Corravillers (70),false,{70176},Commune,2026-03-24 14:42:07.735343+01,gold_establishments_2025,,,,21700176700011,2025,Collectivité Territoriale,Commune,['Haute-Saône'],['Bourgogne-Franche-Comté'],COM,{70},{27}
8a0d2cdd-cb5c-493f-95d6-0722b0693de0,217001775,Commune de Corre (70),false,{70177},Commune,2026-03-24 14:42:07.735343+01,gold_establishments_2025,,,,21700177500014,2025,Collectivité Territoriale,Commune,['Haute-Saône'],['Bourgogne-Franche-Comté'],COM,{70},{27}
24a42af7-d459-48be-9bcf-161c3e9be9a3,218300457,Commune de Correns (83),false,{83045},Commune,2026-03-24 14:42:10.508772+01,gold_establishments_2025,,,,21830045700015,2025,Collectivité Territoriale,Commune,['Var'],"[""Provence-Alpes-Côte d'Azur""]",COM,{83},{93}
1fd64f34-f5c2-4bf3-8ca8-550f5707e843,213801293,Commune de Corrençon-en-Vercors (38),false,{38129},Commune,2026-03-24 14:41:59.160244+01,gold_establishments_2025,,,,21380129300019,2025,Collectivité Territoriale,Commune,['Isère'],['Auvergne-Rhône-Alpes'],COM,{38},{84}
f4db3b7c-72c6-4045-8189-d29784b35c61,215101635,Commune de Corribert (51),false,{51174},Commune,2026-03-24 14:42:01.954481+01,gold_establishments_2025,,,,21510163500013,2025,Collectivité Territoriale,Commune,['Marne'],['Grand Est'],COM,{51},{44}
1f6cfd17-faff-419b-8403-78a0eb4e9d0e,215101643,Commune de Corrobert (51),false,{51175},Commune,2026-03-24 14:42:01.954481+01,gold_establishments_2025,,,,21510164300017,2025,Collectivité Territoriale,Commune,['Marne'],['Grand Est'],COM,{51},{44}
1fae1164-9727-4f8a-8537-d7c8d44c4a8f,212101984,Commune de Corrombles (21),false,{21198},Commune,2026-03-24 14:41:55.433389+01,gold_establishments_2025,,,,21210198400012,2025,Collectivité Territoriale,Commune,"[""Côte-d'Or""]",['Bourgogne-Franche-Comté'],COM,{21},{27}
24c35d82-7fab-4aab-9408-ec7567516878,213101512,Commune de Corronsac (31),false,{31151},Commune,2026-03-24 14:41:57.56054+01,gold_establishments_2025,,,,21310151200019,2025,Collectivité Territoriale,Commune,['Haute-Garonne'],['Occitanie'],COM,{31},{76}
0a8f735a-304d-421c-9a9d-1370bdf46d20,215101650,Commune de Corroy (51),false,{51176},Commune,2026-03-24 14:42:01.954481+01,gold_establishments_2025,,,,21510165000012,2025,Collectivité Territoriale,Commune,['Marne'],['Grand Est'],COM,{51},{44}
478adaa8-2a27-471b-a93b-1a156ffa6676,211906201,Commune de Corrèze (19),false,{19062},Commune,2026-03-24 14:41:54.903238+01,gold_establishments_2025,,,,21190620100010,2025,Collectivité Territoriale,Commune,['Corrèze'],['Nouvelle-Aquitaine'],COM,{19},{75}
164ce26b-07e8-4d3c-b224-2c4ddae010b2,212101992,Commune de Corsaint (21),false,{21199},Commune,2026-03-24 14:41:55.433389+01,gold_establishments_2025,,,,21210199200015,2025,Collectivité Territoriale,Commune,"[""Côte-d'Or""]",['Bourgogne-Franche-Comté'],COM,{21},{27}
e8d3815b-b32c-4d96-9688-85e5e56d4435,216600601,Commune de Corsavy (66),false,{66060},Commune,2026-03-24 14:42:06.665412+01,gold_establishments_2025,,,,21660060100019,2025,Collectivité Territoriale,Commune,['Pyrénées-Orientales'],['Occitanie'],COM,{66},{76}
2e603f68-0f37-472a-96ca-32ed571a1175,212000954,Commune de Corscia (2B),false,{2B095},Commune,2026-03-24 14:41:57.56054+01,gold_establishments_2025,,,,21200095400017,2025,Collectivité Territoriale,Commune,['Haute-Corse'],['Corse'],COM,{2B},{94}
0a8a683f-bc5b-410f-8a3d-907c1eae88a4,214400467,Commune de Corsept (44),false,{44046},Commune,2026-03-24 14:42:00.273698+01,gold_establishments_2025,,,,21440046700012,2025,Collectivité Territoriale,Commune,['Loire-Atlantique'],['Pays de la Loire'],COM,{44},{52}
e9ccb6aa-e61f-46a7-9063-3af65a94b8c3,212200489,Commune de Corseul (22),false,{22048},Commune,2026-03-24 14:41:55.433389+01,gold_establishments_2025,,,,21220048900012,2025,Collectivité Territoriale,Commune,"[""Côtes-d'Armor""]",['Bretagne'],COM,{22},{53}
4141bacc-9789-46e5-b69d-af2039997039,217101468,Commune de Cortambert (71),false,{71146},Commune,2026-03-24 14:42:07.735343+01,gold_establishments_2025,,,,21710146800015,2025,Collectivité Territoriale,Commune,['Saône-et-Loire'],['Bourgogne-Franche-Comté'],COM,{71},{27}
858b01f4-581c-4a3c-a757-f401c6ce37ff,212000962,Commune de Corte (2B),false,{2B096},Commune,2026-03-24 14:41:57.56054+01,gold_establishments_2025,,,,21200096200010,2025,Collectivité Territoriale,Commune,['Haute-Corse'],['Corse'],COM,{2B},{94}
569c0da8-1189-4ab9-b517-d9814a74ba54,217101476,Commune de Cortevaix (71),false,{71147},Commune,2026-03-24 14:42:07.735343+01,gold_establishments_2025,,,,21710147600018,2025,Collectivité Territoriale,Commune,['Saône-et-Loire'],['Bourgogne-Franche-Comté'],COM,{71},{27}
d3a9ad90-7f5d-4a74-bbb5-316b7e16e7f5,214501058,Commune de Cortrat (45),false,{45105},Commune,2026-03-24 14:42:00.862623+01,gold_establishments_2025,,,,21450105800017,2025,Collectivité Territoriale,Commune,['Loiret'],['Centre-Val de Loire'],COM,{45},{24}
0fed4244-8654-4699-ae8a-8179771def98,210101259,Commune de Corveissiat (01),false,{01125},Commune,2026-03-24 14:41:51.447482+01,gold_establishments_2025,,,,21010125900013,2025,Collectivité Territoriale,Commune,['Ain'],['Auvergne-Rhône-Alpes'],COM,{01},{84}
ae1bf19f-6a3f-412a-9a80-cf9e33af41f1,215800848,Commune de Corvol-d'Embernard (58),false,{58084},Commune,2026-03-24 14:42:04.280096+01,gold_establishments_2025,,,,21580084800016,2025,Collectivité Territoriale,Commune,['Nièvre'],['Bourgogne-Franche-Comté'],COM,{58},{27}
1019b31a-1d1c-44c9-952b-9031ff0398df,215800855,Commune de Corvol-l'Orgueilleux (58),false,{58085},Commune,2026-03-24 14:42:04.280096+01,gold_establishments_2025,,,,21580085500011,2025,Collectivité Territoriale,Commune,['Nièvre'],['Bourgogne-Franche-Comté'],COM,{58},{27}
96715396-a23b-4797-8947-8b2a37d2d8c2,214901100,Commune de Corzé (49),false,{49110},Commune,2026-03-24 14:42:01.412377+01,gold_establishments_2025,,,,21490110000013,2025,Collectivité Territoriale,Commune,['Maine-et-Loire'],['Pays de la Loire'],COM,{49},{52}
f5c30135-6ce4-4925-b426-47ba3d9757b5,210900999,Commune de Cos (09),false,{09099},Commune,2026-03-24 14:41:53.095366+01,gold_establishments_2025,,,,21090099900017,2025,Collectivité Territoriale,Commune,['Ariège'],['Occitanie'],COM,{09},{76}
60348371-35c6-4536-9c38-aa611fe54ddf,213901671,Commune de Cosges (39),false,{39167},Commune,2026-03-24 14:41:59.705606+01,gold_establishments_2025,,,,21390167100015,2025,Collectivité Territoriale,Commune,['Jura'],['Bourgogne-Franche-Comté'],COM,{39},{27}
35ad79a5-ce77-44ca-bcd5-422399d8db1b,216401943,Commune de Coslédaà-Lube-Boast (64),false,{64194},Commune,2026-03-24 14:42:06.130387+01,gold_establishments_2025,,,,21640194300016,2025,Collectivité Territoriale,Commune,['Pyrénées-Atlantiques'],['Nouvelle-Aquitaine'],COM,{64},{75}
460a9e27-cf51-4703-a418-6527d01c02ab,215300757,Commune de Cosmes (53),false,{53075},Commune,2026-03-24 14:42:01.954481+01,gold_establishments_2025,,,,21530075700055,2025,Collectivité Territoriale,Commune,['Mayenne'],['Pays de la Loire'],COM,{53},{52}
8ad56334-0be9-4413-a0b5-0fabc2e2f497,211906300,Commune de Cosnac (19),false,{19063},Commune,2026-03-24 14:41:54.903238+01,gold_establishments_2025,,,,21190630000010,2025,Collectivité Territoriale,Commune,['Corrèze'],['Nouvelle-Aquitaine'],COM,{19},{75}
a72c2f49-7786-45f4-bd6b-295b78873202,215800863,Commune de Cosne-Cours-sur-Loire (58),false,{58086},Commune,2026-03-24 14:42:04.280096+01,gold_establishments_2025,,,,21580086300015,2025,Collectivité Territoriale,Commune,['Nièvre'],['Bourgogne-Franche-Comté'],COM,{58},{27}
46eac676-ee4c-4af2-ba67-3a9e0f9ef4cc,210300844,Commune de Cosne-d'Allier (03),false,{03084},Commune,2026-03-24 14:41:52.020251+01,gold_establishments_2025,,,,21030084400011,2025,Collectivité Territoriale,Commune,['Allier'],['Auvergne-Rhône-Alpes'],COM,{03},{84}
ab7b9ca2-1b40-4c5f-93c3-e20204ae70fa,215401381,Commune de Cosnes-et-Romain (54),false,{54138},Commune,2026-03-24 14:42:02.957225+01,gold_establishments_2025,,,,21540138100011,2025,Collectivité Territoriale,Commune,['Meurthe-et-Moselle'],['Grand Est'],COM,{54},{44}
63c3b45a-f9e8-48a1-bd4d-cfd7ce5ad4a1,215800871,Commune de Cossaye (58),false,{58087},Commune,2026-03-24 14:42:04.280096+01,gold_establishments_2025,,,,21580087100018,2025,Collectivité Territoriale,Commune,['Nièvre'],['Bourgogne-Franche-Comté'],COM,{58},{27}
b8bdeee5-e36f-40fa-a0d4-702d5124383f,211401831,Commune de Cossesseville (14),false,{14183},Commune,2026-03-24 14:41:53.63825+01,gold_establishments_2025,,,,21140183100014,2025,Collectivité Territoriale,Commune,['Calvados'],['Normandie'],COM,{14},{28}
5d270887-1ddd-4f90-82eb-42e1d96f06f6,216700773,Commune de Cosswiller (67),false,{67077},Commune,2026-03-24 14:42:06.665412+01,gold_establishments_2025,,,,21670077300015,2025,Collectivité Territoriale,Commune,['Bas-Rhin'],['Grand Est'],COM,{67},{44}
76570a91-cbde-4bf6-a6fd-e75ceb44363c,215300765,Commune de Cossé-en-Champagne (53),false,{53076},Commune,2026-03-24 14:42:01.954481+01,gold_establishments_2025,,,,21530076500017,2025,Collectivité Territoriale,Commune,['Mayenne'],['Pays de la Loire'],COM,{53},{52}
1904154a-63dd-4084-baf8-61c964b30f4e,215300773,Commune de Cossé-le-Vivien (53),false,{53077},Commune,2026-03-24 14:42:01.954481+01,gold_establishments_2025,,,,21530077300011,2025,Collectivité Territoriale,Commune,['Mayenne'],['Pays de la Loire'],COM,{53},{52}
42cb04ec-961e-45f0-8494-bb6f7a290254,212000970,Commune de Costa (2B),false,{2B097},Commune,2026-03-24 14:41:57.56054+01,gold_establishments_2025,,,,21200097000013,2025,Collectivité Territoriale,Commune,['Haute-Corse'],['Corse'],COM,{2B},{94}
98e0857d-033e-4414-8705-5e12b22a2d2a,214300774,Commune de Costaros (43),false,{43077},Commune,2026-03-24 14:42:00.273698+01,gold_establishments_2025,,,,21430077400012,2025,Collectivité Territoriale,Commune,['Haute-Loire'],['Auvergne-Rhône-Alpes'],COM,{43},{84}
a7411f6b-a18b-4432-8714-cb3043bcf3e5,200063238,Commune de Coteaux du Lizon (39),false,{39491},Commune,2026-03-24 14:41:59.705606+01,gold_establishments_2025,,,,20006323800014,2025,Collectivité Territoriale,Commune,['Jura'],['Bourgogne-Franche-Comté'],COM,{39},{27}
c5fb842c-da4c-4450-ba69-1c431dca9ffd,200083129,Commune de Coteaux-du-Blanzacais (16),false,{16046},Commune,2026-03-24 14:41:54.362296+01,gold_establishments_2025,,,,20008312900011,2025,Collectivité Territoriale,Commune,['Charente'],['Nouvelle-Aquitaine'],COM,{16},{75}
8c40c706-2882-480b-8582-1a3f56139457,200065969,Commune de Coteaux-sur-Loire (37),false,{37232},Commune,2026-03-24 14:41:59.160244+01,gold_establishments_2025,,,,20006596900012,2025,Collectivité Territoriale,Commune,['Indre-et-Loire'],['Centre-Val de Loire'],COM,{37},{24}
668fe1eb-ab43-4e09-8dc1-0afbe93f0d2a,212000988,Commune de Coti-Chiavari (2A),false,{2A098},Commune,2026-03-24 14:41:57.56054+01,gold_establishments_2025,,,,21200098800015,2025,Collectivité Territoriale,Commune,['Corse-du-Sud'],['Corse'],COM,{2A},{94}
69928d00-404e-4330-a7f4-60b9fb8d0b38,218300465,Commune de Cotignac (83),false,{83046},Commune,2026-03-24 14:42:10.508772+01,gold_establishments_2025,,,,21830046500018,2025,Collectivité Territoriale,Commune,['Var'],"[""Provence-Alpes-Côte d'Azur""]",COM,{83},{93}
d085b46c-b547-4867-9a63-faab5f86645a,214200735,Commune de Cottance (42),false,{42073},Commune,2026-03-24 14:42:00.273698+01,gold_establishments_2025,,,,21420073500014,2025,Collectivité Territoriale,Commune,['Loire'],['Auvergne-Rhône-Alpes'],COM,{42},{84}
e63b6fde-eff8-4f78-b634-dbeb239541de,218002053,Commune de Cottenchy (80),false,{80213},Commune,2026-03-24 14:42:09.967209+01,gold_establishments_2025,,,,21800205300013,2025,Collectivité Territoriale,Commune,['Somme'],['Hauts-de-France'],COM,{80},{32}
eb96bea8-7df1-4e13-b94c-2a5f1d6c8204,211401849,Commune de Cottun (14),false,{14184},Commune,2026-03-24 14:41:53.63825+01,gold_establishments_2025,,,,21140184900016,2025,Collectivité Territoriale,Commune,['Calvados'],['Normandie'],COM,{14},{28}
0844420a-7012-454c-953c-c26551aaad2e,217601889,Commune de Cottévrard (76),false,{76188},Commune,2026-03-24 14:42:08.818969+01,gold_establishments_2025,,,,21760188900017,2025,Collectivité Territoriale,Commune,['Seine-Maritime'],['Normandie'],COM,{76},{28}
d7a74f2d-160a-4b55-8f81-ff1b87310334,211800743,Commune de Couargues (18),false,{18074},Commune,2026-03-24 14:41:54.903238+01,gold_establishments_2025,,,,21180074300018,2025,Collectivité Territoriale,Commune,['Cher'],['Centre-Val de Loire'],COM,{18},{24}
41e43656-1ea1-43ce-a5a4-a1fff203efc4,217701275,Commune de Coubert (77),false,{77127},Commune,2026-03-24 14:42:08.818969+01,gold_establishments_2025,,,,21770127500018,2025,Collectivité Territoriale,Commune,['Seine-et-Marne'],['Île-de-France'],COM,{77},{11}
5b7c8bbc-2a65-46b8-a962-49a10aa28e74,213301336,Commune de Coubeyrac (33),false,{33133},Commune,2026-03-24 14:41:58.620411+01,gold_establishments_2025,,,,21330133600011,2025,Collectivité Territoriale,Commune,['Gironde'],['Nouvelle-Aquitaine'],COM,{33},{75}
7e0c688e-ce9b-4ecd-ac67-b7483b81ba7a,211200795,Commune de Coubisou (12),false,{12079},Commune,2026-03-24 14:41:53.63825+01,gold_establishments_2025,,,,21120079500014,2025,Collectivité Territoriale,Commune,['Aveyron'],['Occitanie'],COM,{12},{76}
cc7f0d71-f1b6-4947-b517-16edd8223648,212401368,Commune de Coubjours (24),false,{24136},Commune,2026-03-24 14:41:55.958138+01,gold_establishments_2025,,,,21240136800015,2025,Collectivité Territoriale,Commune,['Dordogne'],['Nouvelle-Aquitaine'],COM,{24},{75}
317a365d-f914-4143-8abd-bbfaddfe3c9a,215204306,Commune de Coublanc (52),false,{52145},Commune,2026-03-24 14:42:01.954481+01,gold_establishments_2025,,,,21520430600017,2025,Collectivité Territoriale,Commune,['Haute-Marne'],['Grand Est'],COM,{52},{44}
b551bbe0-aa84-4a02-bff5-2ce7114f5c6b,217101484,Commune de Coublanc (71),false,{71148},Commune,2026-03-24 14:42:07.735343+01,gold_establishments_2025,,,,21710148400012,2025,Collectivité Territoriale,Commune,['Saône-et-Loire'],['Bourgogne-Franche-Comté'],COM,{71},{27}
8f451ca1-8c4f-4c83-8df0-f7c7418027e3,213801335,Commune de Coublevie (38),false,{38133},Commune,2026-03-24 14:41:59.160244+01,gold_establishments_2025,,,,21380133500018,2025,Collectivité Territoriale,Commune,['Isère'],['Auvergne-Rhône-Alpes'],COM,{38},{84}
a4ce084c-ad52-4f75-a119-90a2eda606b5,216401950,Commune de Coublucq (64),false,{64195},Commune,2026-03-24 14:42:06.130387+01,gold_establishments_2025,,,,21640195000011,2025,Collectivité Territoriale,Commune,['Pyrénées-Atlantiques'],['Nouvelle-Aquitaine'],COM,{64},{75}
916534c5-64a2-4dbb-a640-926a1b8b9437,214300782,Commune de Coubon (43),false,{43078},Commune,2026-03-24 14:42:00.273698+01,gold_establishments_2025,,,,21430078200015,2025,Collectivité Territoriale,Commune,['Haute-Loire'],['Auvergne-Rhône-Alpes'],COM,{43},{84}
4224f41e-8c93-4b07-9ca7-b5b5906aa915,219300159,Commune de Coubron (93),false,{93015},Commune,2026-03-24 14:42:11.659493+01,gold_establishments_2025,,,,21930015900015,2025,Collectivité Territoriale,Commune,['Seine-Saint-Denis'],['Île-de-France'],COM,{93},{11}
10354d7b-e536-4c6f-8f2b-fe10c6209eaa,217101492,Commune de Couches (71),false,{71149},Commune,2026-03-24 14:42:07.735343+01,gold_establishments_2025,,,,21710149200015,2025,Collectivité Territoriale,Commune,['Saône-et-Loire'],['Bourgogne-Franche-Comté'],COM,{71},{27}
d05eeace-c0d9-41f7-b8b9-8e093d80d734,212102008,Commune de Couchey (21),false,{21200},Commune,2026-03-24 14:41:55.433389+01,gold_establishments_2025,,,,21210200800019,2025,Collectivité Territoriale,Commune,"[""Côte-d'Or""]",['Bourgogne-Franche-Comté'],COM,{21},{27}
e174f42b-5484-4dc2-ac69-fdbd182e5c7a,210700712,Commune de Coucouron (07),false,{07071},Commune,2026-03-24 14:41:52.562531+01,gold_establishments_2025,,,,21070071200016,2025,Collectivité Territoriale,Commune,['Ardèche'],['Auvergne-Rhône-Alpes'],COM,{07},{84}
0e9f818d-5676-4e39-9577-a0af426b06a7,210801197,Commune de Coucy (08),false,{08133},Commune,2026-03-24 14:41:52.562531+01,gold_establishments_2025,,,,21080119700018,2025,Collectivité Territoriale,Commune,['Ardennes'],['Grand Est'],COM,{08},{44}
1202756d-1bce-498e-9aa5-6623d946b5c1,210202040,Commune de Coucy-la-Ville (02),false,{02219},Commune,2026-03-24 14:41:52.020251+01,gold_establishments_2025,,,,21020204000015,2025,Collectivité Territoriale,Commune,['Aisne'],['Hauts-de-France'],COM,{02},{32}
0c2fedf1-0d68-48eb-8fee-02edce306af6,210202024,Commune de Coucy-le-Château-Auffrique (02),false,{02217},Commune,2026-03-24 14:41:52.020251+01,gold_establishments_2025,,,,21020202400019,2025,Collectivité Territoriale,Commune,['Aisne'],['Hauts-de-France'],COM,{02},{32}
cfab8cc0-ecc4-4512-aaf0-0d7d77562d5f,210202032,Commune de Coucy-lès-Eppes (02),false,{02218},Commune,2026-03-24 14:41:52.020251+01,gold_establishments_2025,,,,21020203200046,2025,Collectivité Territoriale,Commune,['Aisne'],['Hauts-de-France'],COM,{02},{32}
639f1b8b-f743-418a-80ea-cf407db1da3e,214100620,Commune de Couddes (41),false,{41062},Commune,2026-03-24 14:42:00.273698+01,gold_establishments_2025,,,,21410062000019,2025,Collectivité Territoriale,Commune,['Loir-et-Cher'],['Centre-Val de Loire'],COM,{41},{24}
e2865fa1-81d4-4362-a556-95025dbe4527,216101204,Commune de Coudehard (61),false,{61120},Commune,2026-03-24 14:42:05.597325+01,gold_establishments_2025,,,,21610120400016,2025,Collectivité Territoriale,Commune,['Orne'],['Normandie'],COM,{61},{28}
bd9e254f-5808-428b-a466-9b9d9dc81c95,215901554,Commune de Coudekerque-Branche (59),false,{59155},Commune,2026-03-24 14:42:04.280096+01,gold_establishments_2025,,,,21590155400018,2025,Collectivité Territoriale,Commune,['Nord'],['Hauts-de-France'],COM,{59},{32}
8a6e5bf5-757e-4792-9366-123a2623ef78,216301218,Commune de Coudes (63),false,{63121},Commune,2026-03-24 14:42:06.130387+01,gold_establishments_2025,,,,21630121800014,2025,Collectivité Territoriale,Commune,['Puy-de-Dôme'],['Auvergne-Rhône-Alpes'],COM,{63},{84}
768a9e58-57f1-4e54-b5da-dc703adf1d2b,215001439,Commune de Coudeville-sur-Mer (50),false,{50143},Commune,2026-03-24 14:42:01.412377+01,gold_establishments_2025,,,,21500143900011,2025,Collectivité Territoriale,Commune,['Manche'],['Normandie'],COM,{50},{28}
ab03ba02-cc1c-47a4-8cb9-db14479b9d36,211101019,Commune de Coudons (11),false,{11101},Commune,2026-03-24 14:41:53.63825+01,gold_establishments_2025,,,,21110101900019,2025,Collectivité Territoriale,Commune,['Aude'],['Occitanie'],COM,{11},{76}
2854f7a2-4268-41e4-8d60-be15bcc77c1b,211301189,Commune de Coudoux (13),false,{13118},Commune,2026-03-24 14:41:53.63825+01,gold_establishments_2025,,,,21130118900018,2025,Collectivité Territoriale,Commune,['Bouches-du-Rhône'],"[""Provence-Alpes-Côte d'Azur""]",COM,{13},{93}
1e7f2972-4978-4703-8e21-8a5bd78f4053,212701767,Commune de Coudray (27),false,{27176},Commune,2026-03-24 14:41:57.028721+01,gold_establishments_2025,,,,21270176700015,2025,Collectivité Territoriale,Commune,['Eure'],['Normandie'],COM,{27},{28}
eb1108fa-6988-4ef8-b6b6-a893ab26b1b0,215300781,Commune de Coudray (53),false,{53078},Commune,2026-03-24 14:42:01.954481+01,gold_establishments_2025,,,,21530078100014,2025,Collectivité Territoriale,Commune,['Mayenne'],['Pays de la Loire'],COM,{53},{52}
1f80244a-2de8-460e-b2d9-9d78de13368c,212801112,Commune de Coudray-au-Perche (28),false,{28111},Commune,2026-03-24 14:41:57.028721+01,gold_establishments_2025,,,,21280111200013,2025,Collectivité Territoriale,Commune,['Eure-et-Loir'],['Centre-Val de Loire'],COM,{28},{24}
62721b5b-06ca-4244-806d-ca38fc18b900,217200948,Commune de Coudrecieux (72),false,{72094},Commune,2026-03-24 14:42:08.279287+01,gold_establishments_2025,,,,21720094800016,2025,Collectivité Territoriale,Commune,['Sarthe'],['Pays de la Loire'],COM,{72},{52}
b7c7fb90-b544-460b-b0c3-0f216249abc9,212701775,Commune de Coudres (27),false,{27177},Commune,2026-03-24 14:41:57.028721+01,gold_establishments_2025,,,,21270177500018,2025,Collectivité Territoriale,Commune,['Eure'],['Normandie'],COM,{27},{28}
cc1610af-fc97-4ff7-8ac3-3922c7302bda,214501074,Commune de Coudroy (45),false,{45107},Commune,2026-03-24 14:42:00.862623+01,gold_establishments_2025,,,,21450107400014,2025,Collectivité Territoriale,Commune,['Loiret'],['Centre-Val de Loire'],COM,{45},{24}
3c30396a-1d32-446e-bb2d-a5d674822d5a,216001651,Commune de Coudun (60),false,{60166},Commune,2026-03-24 14:42:04.814328+01,gold_establishments_2025,,,,21600165100019,2025,Collectivité Territoriale,Commune,['Oise'],['Hauts-de-France'],COM,{60},{32}
59c13c05-680c-45bf-ac4d-2b17848e6aad,214000861,Commune de Coudures (40),false,{40086},Commune,2026-03-24 14:41:59.705606+01,gold_establishments_2025,,,,21400086100010,2025,Collectivité Territoriale,Commune,['Landes'],['Nouvelle-Aquitaine'],COM,{40},{75}
91e8b94a-b8a0-4d3c-9c33-51e1c82e37f9,213101520,Commune de Coueilles (31),false,{31152},Commune,2026-03-24 14:41:57.56054+01,gold_establishments_2025,,,,21310152000012,2025,Collectivité Territoriale,Commune,['Haute-Garonne'],['Occitanie'],COM,{31},{76}
4d6a0203-c63b-4bb1-96d4-b72b1439e257,213700842,Commune de Couesmes (37),false,{37084},Commune,2026-03-24 14:41:59.160244+01,gold_establishments_2025,,,,21370084200015,2025,Collectivité Territoriale,Commune,['Indre-et-Loire'],['Centre-Val de Loire'],COM,{37},{24}
13457e45-e1f2-48ec-97ad-8496299d3a8c,215300799,Commune de Couesmes-Vaucé (53),false,{53079},Commune,2026-03-24 14:42:02.957225+01,gold_establishments_2025,,,,21530079900016,2025,Collectivité Territoriale,Commune,['Mayenne'],['Pays de la Loire'],COM,{53},{52}
d2b2655e-d4ac-4e8e-abf8-a7b041aa9684,211101027,Commune de Couffoulens (11),false,{11102},Commune,2026-03-24 14:41:53.63825+01,gold_establishments_2025,,,,21110102700012,2025,Collectivité Territoriale,Commune,['Aude'],['Occitanie'],COM,{11},{76}
254e146a-ac06-4b90-a48f-33c3c6efa98e,214100638,Commune de Couffy (41),false,{41063},Commune,2026-03-24 14:42:00.273698+01,gold_establishments_2025,,,,21410063800011,2025,Collectivité Territoriale,Commune,['Loir-et-Cher'],['Centre-Val de Loire'],COM,{41},{24}
0ad0d943-7105-4574-b25b-250c28e82fba,211906409,Commune de Couffy-sur-Sarsonne (19),false,{19064},Commune,2026-03-24 14:41:54.903238+01,gold_establishments_2025,,,,21190640900019,2025,Collectivité Territoriale,Commune,['Corrèze'],['Nouvelle-Aquitaine'],COM,{19},{75}
7c4d9798-c83e-4611-93b8-c442a54ee23e,214400483,Commune de Couffé (44),false,{44048},Commune,2026-03-24 14:42:00.273698+01,gold_establishments_2025,,,,21440048300019,2025,Collectivité Territoriale,Commune,['Loire-Atlantique'],['Pays de la Loire'],COM,{44},{52}
551eb1b4-c1fa-4edf-9ccd-08757f833778,210901005,Commune de Couflens (09),false,{09100},Commune,2026-03-24 14:41:53.095366+01,gold_establishments_2025,,,,21090100500012,2025,Collectivité Territoriale,Commune,['Ariège'],['Occitanie'],COM,{09},{76}
fd2b5a79-8375-4c61-b576-5a59b673c7ea,218100709,Commune de Coufouleux (81),false,{81070},Commune,2026-03-24 14:42:09.967209+01,gold_establishments_2025,,,,21810070900011,2025,Collectivité Territoriale,Commune,['Tarn'],['Occitanie'],COM,{81},{76}
dbc9d306-c747-4c08-9fb0-90c121375f04,217701283,Commune de Couilly-Pont-aux-Dames (77),false,{77128},Commune,2026-03-24 14:42:08.818969+01,gold_establishments_2025,,,,21770128300012,2025,Collectivité Territoriale,Commune,['Seine-et-Marne'],['Île-de-France'],COM,{77},{11}
8f3c46de-6cab-4a8d-9c90-2bfa93a88774,216202424,Commune de Couin (62),false,{62242},Commune,2026-03-24 14:42:05.597325+01,gold_establishments_2025,,,,21620242400018,2025,Collectivité Territoriale,Commune,['Pas-de-Calais'],['Hauts-de-France'],COM,{62},{32}
138e63ee-c11d-4229-9bb4-2b940ebd62f7,211101035,Commune de Couiza (11),false,{11103},Commune,2026-03-24 14:41:53.63825+01,gold_establishments_2025,,,,21110103500015,2025,Collectivité Territoriale,Commune,['Aude'],['Occitanie'],COM,{11},{76}
e7dcb9f8-b90f-4725-adf9-c39f6963479c,213101538,Commune de Couladère (31),false,{31153},Commune,2026-03-24 14:41:57.56054+01,gold_establishments_2025,,,,21310153800014,2025,Collectivité Territoriale,Commune,['Haute-Garonne'],['Occitanie'],COM,{31},{76}
f6face7e-a462-4201-9962-3289a0546a50,217200955,Commune de Coulaines (72),false,{72095},Commune,2026-03-24 14:42:08.279287+01,gold_establishments_2025,,,,21720095500011,2025,Collectivité Territoriale,Commune,['Sarthe'],['Pays de la Loire'],COM,{72},{52}
8016585b-d47d-4dc3-88cc-a0b69ecb88ba,210300851,Commune de Coulandon (03),false,{03085},Commune,2026-03-24 14:41:52.020251+01,gold_establishments_2025,,,,21030085100016,2025,Collectivité Territoriale,Commune,['Allier'],['Auvergne-Rhône-Alpes'],COM,{03},{84}
c2cda39b-fde6-44b2-984b-5e448a2e89e8,218901171,Commune de Coulangeron (89),false,{89117},Commune,2026-03-24 14:42:11.118516+01,gold_establishments_2025,,,,21890117100015,2025,Collectivité Territoriale,Commune,['Yonne'],['Bourgogne-Franche-Comté'],COM,{89},{27}
8b0ac19e-b4a0-47da-b04d-5418ee43fcfc,210300869,Commune de Coulanges (03),false,{03086},Commune,2026-03-24 14:41:52.020251+01,gold_establishments_2025,,,,21030086900018,2025,Collectivité Territoriale,Commune,['Allier'],['Auvergne-Rhône-Alpes'],COM,{03},{84}
2a5ab39a-6371-42dd-8ad4-4e831295891a,218901189,Commune de Coulanges-la-Vineuse (89),false,{89118},Commune,2026-03-24 14:42:11.118516+01,gold_establishments_2025,,,,21890118900017,2025,Collectivité Territoriale,Commune,['Yonne'],['Bourgogne-Franche-Comté'],COM,{89},{27}
9b42fce5-b2da-41ea-be88-74b789caeaa1,215800889,Commune de Coulanges-lès-Nevers (58),false,{58088},Commune,2026-03-24 14:42:04.280096+01,gold_establishments_2025,,,,21580088900010,2025,Collectivité Territoriale,Commune,['Nièvre'],['Bourgogne-Franche-Comté'],COM,{58},{27}
4cf0a946-af91-40f2-9ac5-311df204cb6b,218901197,Commune de Coulanges-sur-Yonne (89),false,{89119},Commune,2026-03-24 14:42:11.118516+01,gold_establishments_2025,,,,21890119700010,2025,Collectivité Territoriale,Commune,['Yonne'],['Bourgogne-Franche-Comté'],COM,{89},{27}
88fa7200-e372-4b82-b817-de5a58763ecf,217200963,Commune de Coulans-sur-Gée (72),false,{72096},Commune,2026-03-24 14:42:08.279287+01,gold_establishments_2025,,,,21720096300015,2025,Collectivité Territoriale,Commune,['Sarthe'],['Pays de la Loire'],COM,{72},{52}
acf6a00e-6ad1-4808-9980-dd81bbb77452,212401376,Commune de Coulaures (24),false,{24137},Commune,2026-03-24 14:41:55.958138+01,gold_establishments_2025,,,,21240137600018,2025,Collectivité Territoriale,Commune,['Dordogne'],['Nouvelle-Aquitaine'],COM,{24},{75}
a12f9677-a8de-4d6c-805f-2a852e20412d,210300877,Commune de Couleuvre (03),false,{03087},Commune,2026-03-24 14:41:52.020251+01,gold_establishments_2025,,,,21030087700011,2025,Collectivité Territoriale,Commune,['Allier'],['Auvergne-Rhône-Alpes'],COM,{03},{84}
0373df8c-e112-4820-a80d-e922736d7815,217001791,Commune de Coulevon (70),false,{70179},Commune,2026-03-24 14:42:07.735343+01,gold_establishments_2025,,,,21700179100011,2025,Collectivité Territoriale,Commune,['Haute-Saône'],['Bourgogne-Franche-Comté'],COM,{70},{27}
afbbd2ad-975b-4473-8006-0d7885dedac7,211601075,Commune de Coulgens (16),false,{16107},Commune,2026-03-24 14:41:54.362296+01,gold_establishments_2025,,,,21160107500016,2025,Collectivité Territoriale,Commune,['Charente'],['Nouvelle-Aquitaine'],COM,{16},{75}
4feee17b-020f-470e-baad-32ae8180a7c7,216101212,Commune de Coulimer (61),false,{61121},Commune,2026-03-24 14:42:05.597325+01,gold_establishments_2025,,,,21610121200019,2025,Collectivité Territoriale,Commune,['Orne'],['Normandie'],COM,{61},{28}
a533c9cf-105b-4ec0-91a6-ec5c508a1771,218002061,Commune de Coullemelle (80),false,{80214},Commune,2026-03-24 14:42:09.967209+01,gold_establishments_2025,,,,21800206100016,2025,Collectivité Territoriale,Commune,['Somme'],['Hauts-de-France'],COM,{80},{32}
e205a939-f604-461a-9d66-b09c906d0248,216202432,Commune de Coullemont (62),false,{62243},Commune,2026-03-24 14:42:05.597325+01,gold_establishments_2025,,,,21620243200011,2025,Collectivité Territoriale,Commune,['Pas-de-Calais'],['Hauts-de-France'],COM,{62},{32}
363255f9-02b6-44dc-8f36-56463bc60ecc,214501082,Commune de Coullons (45),false,{45108},Commune,2026-03-24 14:42:00.862623+01,gold_establishments_2025,,,,21450108200017,2025,Collectivité Territoriale,Commune,['Loiret'],['Centre-Val de Loire'],COM,{45},{24}
8435fdc8-f5af-4bed-beeb-5dbfc1a46ec4,216101220,Commune de Coulmer (61),false,{61122},Commune,2026-03-24 14:42:05.597325+01,gold_establishments_2025,,,,21610122000012,2025,Collectivité Territoriale,Commune,['Orne'],['Normandie'],COM,{61},{28}
ec65c79c-16f6-4f90-998a-9b04e32314e4,212102016,Commune de Coulmier-le-Sec (21),false,{21201},Commune,2026-03-24 14:41:55.433389+01,gold_establishments_2025,,,,21210201600012,2025,Collectivité Territoriale,Commune,"[""Côte-d'Or""]",['Bourgogne-Franche-Comté'],COM,{21},{27}
1b6f9345-ae04-4457-adf4-4e151b733b1f,214501090,Commune de Coulmiers (45),false,{45109},Commune,2026-03-24 14:42:00.862623+01,gold_establishments_2025,,,,21450109000010,2025,Collectivité Territoriale,Commune,['Loiret'],['Centre-Val de Loire'],COM,{45},{24}
377fafe1-e9c3-480c-93aa-24566ee40e32,213400856,Commune de Coulobres (34),false,{34085},Commune,2026-03-24 14:41:58.620411+01,gold_establishments_2025,,,,21340085600018,2025,Collectivité Territoriale,Commune,['Hérault'],['Occitanie'],COM,{34},{76}
1f65af8a-5d3c-40b7-aff6-031cdff4348e,216202440,Commune de Coulogne (62),false,{62244},Commune,2026-03-24 14:42:05.597325+01,gold_establishments_2025,,,,21620244000014,2025,Collectivité Territoriale,Commune,['Pas-de-Calais'],['Hauts-de-France'],COM,{62},{32}
d1f45af3-1ed9-4899-86f7-9f368b02ad03,216001669,Commune de Couloisy (60),false,{60167},Commune,2026-03-24 14:42:04.814328+01,gold_establishments_2025,,,,21600166900011,2025,Collectivité Territoriale,Commune,['Oise'],['Hauts-de-France'],COM,{60},{32}
42ab7c1a-d6c9-43fb-9790-9b63049fb892,218600831,Commune de Coulombiers (86),false,{86083},Commune,2026-03-24 14:42:10.508772+01,gold_establishments_2025,,,,21860083100018,2025,Collectivité Territoriale,Commune,['Vienne'],['Nouvelle-Aquitaine'],COM,{86},{75}
c910d10b-6b57-4981-b580-d58162cc021c,212801138,Commune de Coulombs (28),false,{28113},Commune,2026-03-24 14:41:57.028721+01,gold_establishments_2025,,,,21280113800018,2025,Collectivité Territoriale,Commune,['Eure-et-Loir'],['Centre-Val de Loire'],COM,{28},{24}
ff0d984f-83e9-4c26-9e55-8f33bfe4b5bd,217701291,Commune de Coulombs-en-Valois (77),false,{77129},Commune,2026-03-24 14:42:08.818969+01,gold_establishments_2025,,,,21770129100015,2025,Collectivité Territoriale,Commune,['Seine-et-Marne'],['Île-de-France'],COM,{77},{11}
c29f9e51-fff8-4a39-ad91-f18920d60534,216202457,Commune de Coulomby (62),false,{62245},Commune,2026-03-24 14:42:05.597325+01,gold_establishments_2025,,,,21620245700018,2025,Collectivité Territoriale,Commune,['Pas-de-Calais'],['Hauts-de-France'],COM,{62},{32}
5e96ccf7-5571-4ebd-a24b-a9767fe85f25,217701309,Commune de Coulommes (77),false,{77130},Commune,2026-03-24 14:42:08.818969+01,gold_establishments_2025,,,,21770130900015,2025,Collectivité Territoriale,Commune,['Seine-et-Marne'],['Île-de-France'],COM,{77},{11}
97c6284f-505e-4ede-93ec-cc6eb2b4f633,210801205,Commune de Coulommes-et-Marqueny (08),false,{08134},Commune,2026-03-24 14:41:52.562531+01,gold_establishments_2025,,,,21080120500019,2025,Collectivité Territoriale,Commune,['Ardennes'],['Grand Est'],COM,{08},{44}
30fe86dc-85a2-4f10-9242-029c25ff5bb8,215101668,Commune de Coulommes-la-Montagne (51),false,{51177},Commune,2026-03-24 14:42:01.954481+01,gold_establishments_2025,,,,21510166800014,2025,Collectivité Territoriale,Commune,['Marne'],['Grand Est'],COM,{51},{44}
99a553f8-4557-4e2b-894f-7b7ca1c19ce7,217701317,Commune de Coulommiers (77),false,{77131},Commune,2026-03-24 14:42:08.818969+01,gold_establishments_2025,,,,21770131700018,2025,Collectivité Territoriale,Commune,['Seine-et-Marne'],['Île-de-France'],COM,{77},{11}
3cca8a6a-0d29-4150-b288-f91916b8b1f9,214100653,Commune de Coulommiers-la-Tour (41),false,{41065},Commune,2026-03-24 14:42:00.273698+01,gold_establishments_2025,,,,21410065300010,2025,Collectivité Territoriale,Commune,['Loir-et-Cher'],['Centre-Val de Loire'],COM,{41},{24}
ad8e6235-a80c-47a3-a362-3394e2233166,217901008,Commune de Coulon (79),false,{79100},Commune,2026-03-24 14:42:09.43682+01,gold_establishments_2025,,,,21790100800011,2025,Collectivité Territoriale,Commune,['Deux-Sèvres'],['Nouvelle-Aquitaine'],COM,{79},{75}
bbca7bf5-4742-4956-b74d-8d2d6495889d,216101238,Commune de Coulonces (61),false,{61123},Commune,2026-03-24 14:42:05.597325+01,gold_establishments_2025,,,,21610123800014,2025,Collectivité Territoriale,Commune,['Orne'],['Normandie'],COM,{61},{28}
3eb8ec7b-8442-487e-bba2-cdda819869ae,211601083,Commune de Coulonges (16),false,{16108},Commune,2026-03-24 14:41:54.362296+01,gold_establishments_2025,,,,21160108300010,2025,Collectivité Territoriale,Commune,['Charente'],['Nouvelle-Aquitaine'],COM,{16},{75}
13e06c35-131a-4b34-b990-465c7b3a9997,211701222,Commune de Coulonges (17),false,{17122},Commune,2026-03-24 14:41:54.903238+01,gold_establishments_2025,,,,21170122200013,2025,Collectivité Territoriale,Commune,['Charente-Maritime'],['Nouvelle-Aquitaine'],COM,{17},{75}
361d530e-5450-43bb-ae04-da964737ef2b,210202057,Commune de Coulonges-Cohan (02),false,{02220},Commune,2026-03-24 14:41:52.020251+01,gold_establishments_2025,,,,21020205700019,2025,Collectivité Territoriale,Commune,['Aisne'],['Hauts-de-France'],COM,{02},{32}
bfc4bc24-8ed0-4961-b2a6-ba6d66271422,217901024,Commune de Coulonges-Thouarsais (79),false,{79102},Commune,2026-03-24 14:42:09.43682+01,gold_establishments_2025,,,,21790102400018,2025,Collectivité Territoriale,Commune,['Deux-Sèvres'],['Nouvelle-Aquitaine'],COM,{79},{75}
1111c37c-73e5-436a-b3e9-2d98a5eb4738,218600849,Commune de Coulonges-les-Hérolles (86),false,{86084},Commune,2026-03-24 14:42:10.508772+01,gold_establishments_2025,,,,21860084900010,2025,Collectivité Territoriale,Commune,['Vienne'],['Nouvelle-Aquitaine'],COM,{86},{75}
cfd793da-3f54-430a-b10c-fd5b4eb30bc6,216101261,Commune de Coulonges-sur-Sarthe (61),false,{61126},Commune,2026-03-24 14:42:05.597325+01,gold_establishments_2025,,,,21610126100016,2025,Collectivité Territoriale,Commune,['Orne'],['Normandie'],COM,{61},{28}
2f0ec5f3-c982-40c8-ae19-ed1c1a4a58d6,217901016,Commune de Coulonges-sur-l'Autize (79),false,{79101},Commune,2026-03-24 14:42:09.43682+01,gold_establishments_2025,,,,21790101600014,2025,Collectivité Territoriale,Commune,['Deux-Sèvres'],['Nouvelle-Aquitaine'],COM,{79},{75}
3c11036f-1f3e-462f-abb3-3143a0d933c2,217200989,Commune de Coulongé (72),false,{72098},Commune,2026-03-24 14:42:08.279287+01,gold_establishments_2025,,,,21720098900010,2025,Collectivité Territoriale,Commune,['Sarthe'],['Pays de la Loire'],COM,{72},{52}
025cbe14-1653-49b4-a1cc-1a9935e44991,218002079,Commune de Coulonvillers (80),false,{80215},Commune,2026-03-24 14:42:09.967209+01,gold_establishments_2025,,,,21800207900018,2025,Collectivité Territoriale,Commune,['Somme'],['Hauts-de-France'],COM,{80},{32}
ed6de6ff-a483-474f-af24-23d06dba706b,213201098,Commune de Couloumé-Mondebat (32),false,{32109},Commune,2026-03-24 14:41:58.09424+01,gold_establishments_2025,,,,21320109800018,2025,Collectivité Territoriale,Commune,['Gers'],['Occitanie'],COM,{32},{76}
0a01677b-e3ee-4dd5-bf72-80f945fd5f54,212401384,Commune de Coulounieix-Chamiers (24),false,{24138},Commune,2026-03-24 14:41:55.958138+01,gold_establishments_2025,,,,21240138400012,2025,Collectivité Territoriale,Commune,['Dordogne'],['Nouvelle-Aquitaine'],COM,{24},{75}
bf046e67-5860-41b7-8b68-4215696879a7,218901205,Commune de Coulours (89),false,{89120},Commune,2026-03-24 14:42:11.118516+01,gold_establishments_2025,,,,21890120500011,2025,Collectivité Territoriale,Commune,['Yonne'],['Bourgogne-Franche-Comté'],COM,{89},{27}
45a1c3f0-5c7c-489b-8b5c-f2b15eed1b71,215800897,Commune de Couloutre (58),false,{58089},Commune,2026-03-24 14:42:04.280096+01,gold_establishments_2025,,,,21580089700013,2025,Collectivité Territoriale,Commune,['Nièvre'],['Bourgogne-Franche-Comté'],COM,{58},{27}
47773c6a-fe2d-4725-b268-31da726abc1e,215001447,Commune de Coulouvray-Boisbenâtre (50),false,{50144},Commune,2026-03-24 14:42:01.412377+01,gold_establishments_2025,,,,21500144700014,2025,Collectivité Territoriale,Commune,['Manche'],['Normandie'],COM,{50},{28}
144c683d-7344-4272-aaf7-8c2dc41cbb38,214700718,Commune de Coulx (47),false,{47071},Commune,2026-03-24 14:42:00.862623+01,gold_establishments_2025,,,,21470071800015,2025,Collectivité Territoriale,Commune,['Lot-et-Garonne'],['Nouvelle-Aquitaine'],COM,{47},{75}
6124d8bf-b9d5-4b55-adc9-a1983c16ca35,215701541,Commune de Coume (57),false,{57154},Commune,2026-03-24 14:42:03.701372+01,gold_establishments_2025,,,,21570154100017,2025,Collectivité Territoriale,Commune,['Moselle'],['Grand Est'],COM,{57},{44}
b61ab07f-467e-408f-ace2-2ab0db17f057,211101043,Commune de Counozouls (11),false,{11104},Commune,2026-03-24 14:41:53.63825+01,gold_establishments_2025,,,,21110104300019,2025,Collectivité Territoriale,Commune,['Aude'],['Occitanie'],COM,{11},{76}
59d58347-4bc0-466f-a9f0-fbbfdbe3a8c2,216202465,Commune de Coupelle-Neuve (62),false,{62246},Commune,2026-03-24 14:42:05.597325+01,gold_establishments_2025,,,,21620246500011,2025,Collectivité Territoriale,Commune,['Pas-de-Calais'],['Hauts-de-France'],COM,{62},{32}
cd038a08-150f-49f8-ad88-65611a12d19e,216202473,Commune de Coupelle-Vieille (62),false,{62247},Commune,2026-03-24 14:42:05.597325+01,gold_establishments_2025,,,,21620247300015,2025,Collectivité Territoriale,Commune,['Pas-de-Calais'],['Hauts-de-France'],COM,{62},{32}
7c29275e-5442-44da-9b2e-cea9b5d61e68,215101676,Commune de Coupetz (51),false,{51178},Commune,2026-03-24 14:42:01.954481+01,gold_establishments_2025,,,,21510167600017,2025,Collectivité Territoriale,Commune,['Marne'],['Grand Est'],COM,{51},{44}
f4973b58-4cf7-49e5-a4e3-c4d8dab814de,211200803,Commune de Coupiac (12),false,{12080},Commune,2026-03-24 14:41:53.63825+01,gold_establishments_2025,,,,21120080300016,2025,Collectivité Territoriale,Commune,['Aveyron'],['Occitanie'],COM,{12},{76}
4b8181ca-500d-4952-b350-b823770895d2,215201039,Commune de Coupray (52),false,{52146},Commune,2026-03-24 14:42:01.954481+01,gold_establishments_2025,,,,21520103900017,2025,Collectivité Territoriale,Commune,['Haute-Marne'],['Grand Est'],COM,{52},{44}
9f1bbf7c-5657-4640-9a05-3c0d368a261c,210202065,Commune de Coupru (02),false,{02221},Commune,2026-03-24 14:41:52.020251+01,gold_establishments_2025,,,,21020206500012,2025,Collectivité Territoriale,Commune,['Aisne'],['Hauts-de-France'],COM,{02},{32}
a109b221-cf9e-4550-86cb-bb74e1111d8a,215300807,Commune de Couptrain (53),false,{53080},Commune,2026-03-24 14:42:02.957225+01,gold_establishments_2025,,,,21530080700017,2025,Collectivité Territoriale,Commune,['Mayenne'],['Pays de la Loire'],COM,{53},{52}
bc58f0f0-1e21-4ba3-8654-ddba1bc5d37a,217701325,Commune de Coupvray (77),false,{77132},Commune,2026-03-24 14:42:08.818969+01,gold_establishments_2025,,,,21770132500011,2025,Collectivité Territoriale,Commune,['Seine-et-Marne'],['Île-de-France'],COM,{77},{11}
083371b7-7de6-4ef0-a4c5-c79d911402c6,215101684,Commune de Coupéville (51),false,{51179},Commune,2026-03-24 14:42:01.954481+01,gold_establishments_2025,,,,21510168400011,2025,Collectivité Territoriale,Commune,['Marne'],['Grand Est'],COM,{51},{44}
bdff7cf7-07c1-4ccb-a8c4-31f6acb9592f,213301344,Commune de Couquèques (33),false,{33134},Commune,2026-03-24 14:41:58.620411+01,gold_establishments_2025,,,,21330134400015,2025,Collectivité Territoriale,Commune,['Gironde'],['Nouvelle-Aquitaine'],COM,{33},{75}
e12c5208-9898-4018-8312-520f75fe980a,214100679,Commune de Cour-Cheverny (41),false,{41067},Commune,2026-03-24 14:42:00.273698+01,gold_establishments_2025,,,,21410067900023,2025,Collectivité Territoriale,Commune,['Loir-et-Cher'],['Centre-Val de Loire'],COM,{41},{24}
2e07a2a8-95d1-46a6-83b1-e3460b9e5597,200059236,Commune de Cour-Maugis sur Huisne (61),false,{61050},Commune,2026-03-24 14:42:04.814328+01,gold_establishments_2025,,,,20005923600014,2025,Collectivité Territoriale,Commune,['Orne'],['Normandie'],COM,{61},{28}
d115dd86-9de4-4ed4-b82b-cf27c7a9d355,212501738,Commune de Cour-Saint-Maurice (25),false,{25173},Commune,2026-03-24 14:41:56.495197+01,gold_establishments_2025,,,,21250173800018,2025,Collectivité Territoriale,Commune,['Doubs'],['Bourgogne-Franche-Comté'],COM,{25},{27}
38626291-e88b-4acb-94d0-52ab25be273e,213801343,Commune de Cour-et-Buis (38),false,{38134},Commune,2026-03-24 14:41:59.160244+01,gold_establishments_2025,,,,21380134300012,2025,Collectivité Territoriale,Commune,['Isère'],['Auvergne-Rhône-Alpes'],COM,{38},{84}
b1bac0fc-a03e-45ea-a2f2-b92ba9eb0263,215201062,Commune de Cour-l'Évêque (52),false,{52151},Commune,2026-03-24 14:42:01.954481+01,gold_establishments_2025,,,,21520106200019,2025,Collectivité Territoriale,Commune,['Haute-Marne'],['Grand Est'],COM,{52},{44}
6bb3dd9c-7178-4a1c-b9c2-5e6c520dcf72,214100695,Commune de Cour-sur-Loire (41),false,{41069},Commune,2026-03-24 14:42:00.273698+01,gold_establishments_2025,,,,21410069500011,2025,Collectivité Territoriale,Commune,['Loir-et-Cher'],['Centre-Val de Loire'],COM,{41},{24}
c0534c9d-776c-4636-b2c4-0b48cd8ef8f3,219101805,Commune de Courances (91),false,{91180},Commune,2026-03-24 14:42:11.659493+01,gold_establishments_2025,,,,21910180500014,2025,Collectivité Territoriale,Commune,['Essonne'],['Île-de-France'],COM,{91},{11}
dea3dba2-dc54-40f8-a5a1-272d8707d9ba,211701248,Commune de Courant (17),false,{17124},Commune,2026-03-24 14:41:54.903238+01,gold_establishments_2025,,,,21170124800018,2025,Collectivité Territoriale,Commune,['Charente-Maritime'],['Nouvelle-Aquitaine'],COM,{17},{75}
d2bc08fc-0d06-41be-8781-1b185ca8c80e,212102024,Commune de Courban (21),false,{21202},Commune,2026-03-24 14:41:55.433389+01,gold_establishments_2025,,,,21210202400016,2025,Collectivité Territoriale,Commune,"[""Côte-d'Or""]",['Bourgogne-Franche-Comté'],COM,{21},{27}
3a4df111-2beb-4d5e-a1ef-4b8fadfa397b,212801146,Commune de Courbehaye (28),false,{28114},Commune,2026-03-24 14:41:57.028721+01,gold_establishments_2025,,,,21280114600011,2025,Collectivité Territoriale,Commune,['Eure-et-Loir'],['Centre-Val de Loire'],COM,{28},{24}
47c7e240-6d21-416b-843b-c59de79b47a9,210202073,Commune de Courbes (02),false,{02222},Commune,2026-03-24 14:41:52.020251+01,gold_establishments_2025,,,,21020207300016,2025,Collectivité Territoriale,Commune,['Aisne'],['Hauts-de-France'],COM,{02},{32}
4b556622-3178-47cf-a876-6761858bab8b,215401399,Commune de Courbesseaux (54),false,{54139},Commune,2026-03-24 14:42:02.957225+01,gold_establishments_2025,,,,21540139900013,2025,Collectivité Territoriale,Commune,['Meurthe-et-Moselle'],['Grand Est'],COM,{54},{44}
37edb17b-0a76-446a-8eb9-173d2ee1eb52,213901689,Commune de Courbette (39),false,{39168},Commune,2026-03-24 14:41:59.705606+01,gold_establishments_2025,,,,21390168900017,2025,Collectivité Territoriale,Commune,['Jura'],['Bourgogne-Franche-Comté'],COM,{39},{27}
695a5988-e680-47cd-a5d8-64be9b7ae877,215300823,Commune de Courbeveille (53),false,{53082},Commune,2026-03-24 14:42:02.957225+01,gold_establishments_2025,,,,21530082300014,2025,Collectivité Territoriale,Commune,['Mayenne'],['Pays de la Loire'],COM,{53},{52}
e4d96dd6-3c7f-495e-82a2-85bd2b8a6014,219200268,Commune de Courbevoie (92),false,{92026},Commune,2026-03-24 14:42:11.659493+01,gold_establishments_2025,,,,21920026800015,2025,Collectivité Territoriale,Commune,['Hauts-de-Seine'],['Île-de-France'],COM,{92},{11}
9acd9c85-27e3-4211-b093-f1d091c305c2,214700726,Commune de Courbiac (47),false,{47072},Commune,2026-03-24 14:42:00.862623+01,gold_establishments_2025,,,,21470072600018,2025,Collectivité Territoriale,Commune,['Lot-et-Garonne'],['Nouvelle-Aquitaine'],COM,{47},{75}
4c0f1a3a-e517-4687-9d08-2b525f0de834,211601091,Commune de Courbillac (16),false,{16109},Commune,2026-03-24 14:41:54.362296+01,gold_establishments_2025,,,,21160109100013,2025,Collectivité Territoriale,Commune,['Charente'],['Nouvelle-Aquitaine'],COM,{16},{75}
79dad5a6-4195-47aa-9488-df41a12b3faa,210202081,Commune de Courboin (02),false,{02223},Commune,2026-03-24 14:41:52.020251+01,gold_establishments_2025,,,,21020208100019,2025,Collectivité Territoriale,Commune,['Aisne'],['Hauts-de-France'],COM,{02},{32}
666b6439-d959-4785-8c37-f69f38230193,213901697,Commune de Courbouzon (39),false,{39169},Commune,2026-03-24 14:41:59.705606+01,gold_establishments_2025,,,,21390169700010,2025,Collectivité Territoriale,Commune,['Jura'],['Bourgogne-Franche-Comté'],COM,{39},{27}
bc4d32d1-cb59-47d3-8cb3-c5f5975896e0,214100661,Commune de Courbouzon (41),false,{41066},Commune,2026-03-24 14:42:00.273698+01,gold_establishments_2025,,,,21410066100013,2025,Collectivité Territoriale,Commune,['Loir-et-Cher'],['Centre-Val de Loire'],COM,{41},{24}
7a659364-b3de-468d-8548-6e99da41bf15,212701791,Commune de Courbépine (27),false,{27179},Commune,2026-03-24 14:41:57.028721+01,gold_establishments_2025,,,,21270179100015,2025,Collectivité Territoriale,Commune,['Eure'],['Normandie'],COM,{27},{28}
1a27a842-1e62-413d-860f-a1bd09508b19,217200997,Commune de Courcebœufs (72),false,{72099},Commune,2026-03-24 14:42:08.279287+01,gold_establishments_2025,,,,21720099700013,2025,Collectivité Territoriale,Commune,['Sarthe'],['Pays de la Loire'],COM,{72},{52}
b9ac54e8-ef3b-4c1b-9da6-e4e320df10d7,218002087,Commune de Courcelette (80),false,{80216},Commune,2026-03-24 14:42:09.967209+01,gold_establishments_2025,,,,21800208700011,2025,Collectivité Territoriale,Commune,['Somme'],['Hauts-de-France'],COM,{80},{32}
17be8e62-ae50-4f82-b886-9e2973fcab69,211701255,Commune de Courcelles (17),false,{17125},Commune,2026-03-24 14:41:54.903238+01,gold_establishments_2025,,,,21170125500013,2025,Collectivité Territoriale,Commune,['Charente-Maritime'],['Nouvelle-Aquitaine'],COM,{17},{75}
afe84114-aad7-4ff2-a13a-6caf51b78f52,212501712,Commune de Courcelles (25),false,{25171},Commune,2026-03-24 14:41:56.495197+01,gold_establishments_2025,,,,21250171200013,2025,Collectivité Territoriale,Commune,['Doubs'],['Bourgogne-Franche-Comté'],COM,{25},{27}
13cd5f1f-6084-4931-905e-45da31dafdb5,215401407,Commune de Courcelles (54),false,{54140},Commune,2026-03-24 14:42:02.957225+01,gold_establishments_2025,,,,21540140700014,2025,Collectivité Territoriale,Commune,['Meurthe-et-Moselle'],['Grand Est'],COM,{54},{44}
13ab5dad-40bf-455c-b49b-9e7255ca5a77,215800905,Commune de Courcelles (58),false,{58090},Commune,2026-03-24 14:42:04.280096+01,gold_establishments_2025,,,,21580090500014,2025,Collectivité Territoriale,Commune,['Nièvre'],['Bourgogne-Franche-Comté'],COM,{58},{27}
798a3aef-bc38-44d1-9b82-b7a425ce80b5,219000270,Commune de Courcelles (90),false,{90027},Commune,2026-03-24 14:42:11.659493+01,gold_establishments_2025,,,,21900027000013,2025,Collectivité Territoriale,Commune,['Territoire de Belfort'],['Bourgogne-Franche-Comté'],COM,{90},{27}
0a61aaf0-61dd-4acb-9d37-020fdaf65c9e,215701558,Commune de Courcelles-Chaussy (57),false,{57155},Commune,2026-03-24 14:42:03.701372+01,gold_establishments_2025,,,,21570155800011,2025,Collectivité Territoriale,Commune,['Moselle'],['Grand Est'],COM,{57},{44}
d3f9daa3-4c2b-4b7c-89ed-f15a2cc207db,216001677,Commune de Courcelles-Epayelles (60),false,{60168},Commune,2026-03-24 14:42:04.814328+01,gold_establishments_2025,,,,21600167700014,2025,Collectivité Territoriale,Commune,['Oise'],['Hauts-de-France'],COM,{60},{32}
225012f3-9387-4d47-abd8-fd4e9226a7d8,212102032,Commune de Courcelles-Frémoy (21),false,{21203},Commune,2026-03-24 14:41:55.433389+01,gold_establishments_2025,,,,21210203200019,2025,Collectivité Territoriale,Commune,"[""Côte-d'Or""]",['Bourgogne-Franche-Comté'],COM,{21},{27}
af760a81-8d1a-4d56-8ab1-c431225a0117,215101692,Commune de Courcelles-Sapicourt (51),false,{51181},Commune,2026-03-24 14:42:01.954481+01,gold_establishments_2025,,,,21510169200014,2025,Collectivité Territoriale,Commune,['Marne'],['Grand Est'],COM,{51},{44}
dae5460a-dbfa-4790-9d60-0bad9116012a,218002095,Commune de Courcelles-au-Bois (80),false,{80217},Commune,2026-03-24 14:42:09.967209+01,gold_establishments_2025,,,,21800209500014,2025,Collectivité Territoriale,Commune,['Somme'],['Hauts-de-France'],COM,{80},{32}
4ef4a324-ad60-49c9-9d7a-c9d145b81f68,213700867,Commune de Courcelles-de-Touraine (37),false,{37086},Commune,2026-03-24 14:41:59.160244+01,gold_establishments_2025,,,,21370086700012,2025,Collectivité Territoriale,Commune,['Indre-et-Loire'],['Centre-Val de Loire'],COM,{37},{24}
75714f47-49a7-4ea1-9a48-93a607cd274b,215501271,Commune de Courcelles-en-Barrois (55),false,{55127},Commune,2026-03-24 14:42:02.957225+01,gold_establishments_2025,,,,21550127100013,2025,Collectivité Territoriale,Commune,['Meuse'],['Grand Est'],COM,{55},{44}
df55d9c5-ce34-42df-ba8a-3248ed382681,217701333,Commune de Courcelles-en-Bassée (77),false,{77133},Commune,2026-03-24 14:42:09.43682+01,gold_establishments_2025,,,,21770133300015,2025,Collectivité Territoriale,Commune,['Seine-et-Marne'],['Île-de-France'],COM,{77},{11}
99c09375-cce7-4b23-872b-2c25803ff0d4,215201047,Commune de Courcelles-en-Montagne (52),false,{52147},Commune,2026-03-24 14:42:01.954481+01,gold_establishments_2025,,,,21520104700010,2025,Collectivité Territoriale,Commune,['Haute-Marne'],['Grand Est'],COM,{52},{44}
c816e913-98ea-409a-b41d-ac3282f7b3e5,217201003,Commune de Courcelles-la-Forêt (72),false,{72100},Commune,2026-03-24 14:42:08.279287+01,gold_establishments_2025,,,,21720100300019,2025,Collectivité Territoriale,Commune,['Sarthe'],['Pays de la Loire'],COM,{72},{52}
b3ab9b39-e2fc-4c5c-bbf8-1ebb5730effb,216202481,Commune de Courcelles-le-Comte (62),false,{62248},Commune,2026-03-24 14:42:05.597325+01,gold_establishments_2025,,,,21620248100018,2025,Collectivité Territoriale,Commune,['Pas-de-Calais'],['Hauts-de-France'],COM,{62},{32}
6608fd56-7835-4a78-86f3-a748fb73d3e9,214501108,Commune de Courcelles-le-Roi (45),false,{45110},Commune,2026-03-24 14:42:00.862623+01,gold_establishments_2025,,,,21450110800010,2025,Collectivité Territoriale,Commune,['Loiret'],['Centre-Val de Loire'],COM,{45},{24}
17c3092e-1469-4ac1-92ca-c6fcf0e19e60,216001685,Commune de Courcelles-lès-Gisors (60),false,{60169},Commune,2026-03-24 14:42:04.814328+01,gold_establishments_2025,,,,21600168500017,2025,Collectivité Territoriale,Commune,['Oise'],['Hauts-de-France'],COM,{60},{32}
5d9e0268-5b1a-4386-899b-3a925bad7c3a,216202499,Commune de Courcelles-lès-Lens (62),false,{62249},Commune,2026-03-24 14:42:05.597325+01,gold_establishments_2025,,,,21620249900010,2025,Collectivité Territoriale,Commune,['Pas-de-Calais'],['Hauts-de-France'],COM,{62},{32}
35178153-ea21-41b8-9b18-dcadb473d3de,212102040,Commune de Courcelles-lès-Montbard (21),false,{21204},Commune,2026-03-24 14:41:55.433389+01,gold_establishments_2025,,,,21210204000012,2025,Collectivité Territoriale,Commune,"[""Côte-d'Or""]",['Bourgogne-Franche-Comté'],COM,{21},{27}
f2d2f208-6b5a-421d-9b58-441b4673c090,212501704,Commune de Courcelles-lès-Montbéliard (25),false,{25170},Commune,2026-03-24 14:41:56.495197+01,gold_establishments_2025,,,,21250170400010,2025,Collectivité Territoriale,Commune,['Doubs'],['Bourgogne-Franche-Comté'],COM,{25},{27}
a4dc6578-4e00-45d0-b2ca-c670b1b3cfc0,212102057,Commune de Courcelles-lès-Semur (21),false,{21205},Commune,2026-03-24 14:41:55.433389+01,gold_establishments_2025,,,,21210205700016,2025,Collectivité Territoriale,Commune,"[""Côte-d'Or""]",['Bourgogne-Franche-Comté'],COM,{21},{27}
911597ed-8790-4e01-bd91-81c41790a00a,218801173,Commune de Courcelles-sous-Châtenois (88),false,{88117},Commune,2026-03-24 14:42:11.118516+01,gold_establishments_2025,,,,21880117300012,2025,Collectivité Territoriale,Commune,['Vosges'],['Grand Est'],COM,{88},{44}
0eaad432-7621-4513-8949-b9d01adab7c1,218002103,Commune de Courcelles-sous-Moyencourt (80),false,{80218},Commune,2026-03-24 14:42:09.967209+01,gold_establishments_2025,,,,21800210300016,2025,Collectivité Territoriale,Commune,['Somme'],['Hauts-de-France'],COM,{80},{32}
84af5358-a584-459c-b100-970c308dc8da,218002111,Commune de Courcelles-sous-Thoix (80),false,{80219},Commune,2026-03-24 14:42:09.967209+01,gold_establishments_2025,,,,21800211100019,2025,Collectivité Territoriale,Commune,['Somme'],['Hauts-de-France'],COM,{80},{32}
2de44a59-5609-4808-bca3-3437d034dd74,215501289,Commune de Courcelles-sur-Aire (55),false,{55128},Commune,2026-03-24 14:42:02.957225+01,gold_establishments_2025,,,,21550128900015,2025,Collectivité Territoriale,Commune,['Meuse'],['Grand Est'],COM,{55},{44}
72ce8827-9cf2-4dab-9878-1a1fcd4bd89b,215201054,Commune de Courcelles-sur-Blaise (52),false,{52149},Commune,2026-03-24 14:42:01.954481+01,gold_establishments_2025,,,,21520105400016,2025,Collectivité Territoriale,Commune,['Haute-Marne'],['Grand Est'],COM,{52},{44}
fbd69915-e79a-4dd6-b652-bdc0711e19b5,215701566,Commune de Courcelles-sur-Nied (57),false,{57156},Commune,2026-03-24 14:42:03.701372+01,gold_establishments_2025,,,,21570156600014,2025,Collectivité Territoriale,Commune,['Moselle'],['Grand Est'],COM,{57},{44}
70642029-2723-4a70-9533-bf50fe17ae20,212701809,Commune de Courcelles-sur-Seine (27),false,{27180},Commune,2026-03-24 14:41:57.028721+01,gold_establishments_2025,,,,21270180900015,2025,Collectivité Territoriale,Commune,['Eure'],['Normandie'],COM,{27},{28}
77c30d2e-c7a2-4c50-acce-029c085d18ca,210202099,Commune de Courcelles-sur-Vesle (02),false,{02224},Commune,2026-03-24 14:41:52.020251+01,gold_establishments_2025,,,,21020209900011,2025,Collectivité Territoriale,Commune,['Aisne'],['Hauts-de-France'],COM,{02},{32}
25006e96-19a6-4505-9c87-afe57d4442ec,219501814,Commune de Courcelles-sur-Viosne (95),false,{95181},Commune,2026-03-24 14:42:11.659493+01,gold_establishments_2025,,,,21950181400012,2025,Collectivité Territoriale,Commune,"[""Val-d'Oise""]",['Île-de-France'],COM,{95},{11}
6b8ffe7f-318f-4689-897b-0b8b99be288a,211000997,Commune de Courcelles-sur-Voire (10),false,{10105},Commune,2026-03-24 14:41:53.095366+01,gold_establishments_2025,,,,21100099700018,2025,Collectivité Territoriale,Commune,['Aube'],['Grand Est'],COM,{10},{44}
aa3ea82c-12ec-4c3e-a634-01389e106db8,215101700,Commune de Courcemain (51),false,{51182},Commune,2026-03-24 14:42:01.954481+01,gold_establishments_2025,,,,21510170000015,2025,Collectivité Territoriale,Commune,['Marne'],['Grand Est'],COM,{51},{44}
c9e51e09-28ec-4e6d-845e-3303507fa498,217201011,Commune de Courcemont (72),false,{72101},Commune,2026-03-24 14:42:08.279287+01,gold_establishments_2025,,,,21720101100012,2025,Collectivité Territoriale,Commune,['Sarthe'],['Pays de la Loire'],COM,{72},{52}
1f29f9db-1362-453a-9ab2-e8e2300ebd20,211701263,Commune de Courcerac (17),false,{17126},Commune,2026-03-24 14:41:54.903238+01,gold_establishments_2025,,,,21170126300017,2025,Collectivité Territoriale,Commune,['Charente-Maritime'],['Nouvelle-Aquitaine'],COM,{17},{75}
4e152128-9fea-4a49-9fc4-75b593c61bf8,211001003,Commune de Courceroy (10),false,{10106},Commune,2026-03-24 14:41:53.095366+01,gold_establishments_2025,,,,21100100300014,2025,Collectivité Territoriale,Commune,['Aube'],['Grand Est'],COM,{10},{44}
be52d6ab-09fd-418b-9899-9ff3dd69e2f8,217701341,Commune de Courchamp (77),false,{77134},Commune,2026-03-24 14:42:09.43682+01,gold_establishments_2025,,,,21770134100018,2025,Collectivité Territoriale,Commune,['Seine-et-Marne'],['Île-de-France'],COM,{77},{11}
29aecd01-7672-4e1a-a3ca-43a4b15207a7,210202107,Commune de Courchamps (02),false,{02225},Commune,2026-03-24 14:41:52.020251+01,gold_establishments_2025,,,,21020210700012,2025,Collectivité Territoriale,Commune,['Aisne'],['Hauts-de-France'],COM,{02},{32}
6ca18e03-c9b0-4630-b322-0071cabcb671,214901134,Commune de Courchamps (49),false,{49113},Commune,2026-03-24 14:42:01.412377+01,gold_establishments_2025,,,,21490113400012,2025,Collectivité Territoriale,Commune,['Maine-et-Loire'],['Pays de la Loire'],COM,{49},{52}
8cda9127-dda9-4518-9fa6-7fed0a211fdb,212501720,Commune de Courchapon (25),false,{25172},Commune,2026-03-24 14:41:56.495197+01,gold_establishments_2025,,,,21250172000016,2025,Collectivité Territoriale,Commune,['Doubs'],['Bourgogne-Franche-Comté'],COM,{25},{27}
6a55a851-a5e1-44bf-b3a7-f3c7e50008fc,215901562,Commune de Courchelettes (59),false,{59156},Commune,2026-03-24 14:42:04.280096+01,gold_establishments_2025,,,,21590156200011,2025,Collectivité Territoriale,Commune,['Nord'],['Hauts-de-France'],COM,{59},{32}
47d489c3-b59e-484f-8de9-def7bd255a17,200064038,Commune de Courchevel (73),false,{73227},Commune,2026-03-24 14:42:08.279287+01,gold_establishments_2025,,,,20006403800017,2025,Collectivité Territoriale,Commune,['Savoie'],['Auvergne-Rhône-Alpes'],COM,{73},{84}
230cf81b-b5f9-48e4-80b2-8f90473b2695,215300831,Commune de Courcité (53),false,{53083},Commune,2026-03-24 14:42:02.957225+01,gold_establishments_2025,,,,21530083100017,2025,Collectivité Territoriale,Commune,['Mayenne'],['Pays de la Loire'],COM,{53},{52}
c8f60b59-528f-40be-b369-668224b8feb2,217201029,Commune de Courcival (72),false,{72102},Commune,2026-03-24 14:42:08.279287+01,gold_establishments_2025,,,,21720102900014,2025,Collectivité Territoriale,Commune,['Sarthe'],['Pays de la Loire'],COM,{72},{52}
b89d45f7-aab6-48fa-a0a2-8296799cb0fa,211701289,Commune de Courcoury (17),false,{17128},Commune,2026-03-24 14:41:54.903238+01,gold_establishments_2025,,,,21170128900012,2025,Collectivité Territoriale,Commune,['Charente-Maritime'],['Nouvelle-Aquitaine'],COM,{17},{75}
43ccd2e8-61eb-43a4-9b09-25f2c4261b62,213700875,Commune de Courcoué (37),false,{37087},Commune,2026-03-24 14:41:59.160244+01,gold_establishments_2025,,,,21370087500015,2025,Collectivité Territoriale,Commune,['Indre-et-Loire'],['Centre-Val de Loire'],COM,{37},{24}
4844f562-c206-441e-a585-15c54ce6f02c,217001817,Commune de Courcuire (70),false,{70181},Commune,2026-03-24 14:42:07.735343+01,gold_establishments_2025,,,,21700181700014,2025,Collectivité Territoriale,Commune,['Haute-Saône'],['Bourgogne-Franche-Comté'],COM,{70},{27}
b44c7f09-c69f-4495-a91b-050458871290,211401906,Commune de Courcy (14),false,{14190},Commune,2026-03-24 14:41:53.63825+01,gold_establishments_2025,,,,21140190600014,2025,Collectivité Territoriale,Commune,['Calvados'],['Normandie'],COM,{14},{28}
3e96023d-a08b-4e4f-929b-58aafef32f92,215001454,Commune de Courcy (50),false,{50145},Commune,2026-03-24 14:42:01.412377+01,gold_establishments_2025,,,,21500145400010,2025,Collectivité Territoriale,Commune,['Manche'],['Normandie'],COM,{50},{28}
56faffa0-9572-4dd6-8336-888a1aa1101e,215101718,Commune de Courcy (51),false,{51183},Commune,2026-03-24 14:42:01.954481+01,gold_establishments_2025,,,,21510171800017,2025,Collectivité Territoriale,Commune,['Marne'],['Grand Est'],COM,{51},{44}
fb6d494c-5d9c-4a6f-9147-f8872ef5b748,214501116,Commune de Courcy-aux-Loges (45),false,{45111},Commune,2026-03-24 14:42:00.862623+01,gold_establishments_2025,,,,21450111600013,2025,Collectivité Territoriale,Commune,['Loiret'],['Centre-Val de Loire'],COM,{45},{24}
56639425-8df3-4d20-9eeb-b69208610e3a,200086429,Commune de Courcôme (16),false,{16110},Commune,2026-03-24 14:41:54.362296+01,gold_establishments_2025,,,,20008642900012,2025,Collectivité Territoriale,Commune,['Charente'],['Nouvelle-Aquitaine'],COM,{16},{75}
b5cd42f2-4103-45a2-820e-1ef0119bb1f7,212701817,Commune de Courdemanche (27),false,{27181},Commune,2026-03-24 14:41:57.028721+01,gold_establishments_2025,,,,21270181700018,2025,Collectivité Territoriale,Commune,['Eure'],['Normandie'],COM,{27},{28}
2ee4af31-97c5-42b3-8ea1-01ab64073019,217201037,Commune de Courdemanche (72),false,{72103},Commune,2026-03-24 14:42:08.279287+01,gold_establishments_2025,,,,21720103700017,2025,Collectivité Territoriale,Commune,['Sarthe'],['Pays de la Loire'],COM,{72},{52}
5ac6d17f-e068-4fb1-8494-a242bcb32142,215101726,Commune de Courdemanges (51),false,{51184},Commune,2026-03-24 14:42:01.954481+01,gold_establishments_2025,,,,21510172600010,2025,Collectivité Territoriale,Commune,['Marne'],['Grand Est'],COM,{51},{44}
d7e4408f-7e9e-43a4-b2dd-56258b92c8c1,219501830,Commune de Courdimanche (95),false,{95183},Commune,2026-03-24 14:42:11.659493+01,gold_establishments_2025,,,,21950183000018,2025,Collectivité Territoriale,Commune,"[""Val-d'Oise""]",['Île-de-France'],COM,{95},{11}
68f65d55-5f00-45fc-be6e-698ede0009b4,219101847,Commune de Courdimanche-sur-Essonne (91),false,{91184},Commune,2026-03-24 14:42:11.659493+01,gold_establishments_2025,,,,21910184700016,2025,Collectivité Territoriale,Commune,['Essonne'],['Île-de-France'],COM,{91},{11}
29e886ef-7fa8-4007-b056-800f98e263b7,213101553,Commune de Couret (31),false,{31155},Commune,2026-03-24 14:41:57.56054+01,gold_establishments_2025,,,,21310155300013,2025,Collectivité Territoriale,Commune,['Haute-Garonne'],['Occitanie'],COM,{31},{76}
bf0048cb-55c2-47a0-bce3-65f8265646e1,217201045,Commune de Courgains (72),false,{72104},Commune,2026-03-24 14:42:08.279287+01,gold_establishments_2025,,,,21720104500010,2025,Collectivité Territoriale,Commune,['Sarthe'],['Pays de la Loire'],COM,{72},{52}
5c0fe23c-0986-4f42-ba35-0486d2617712,211601117,Commune de Courgeac (16),false,{16111},Commune,2026-03-24 14:41:54.362296+01,gold_establishments_2025,,,,21160111700016,2025,Collectivité Territoriale,Commune,['Charente'],['Nouvelle-Aquitaine'],COM,{16},{75}
589b791b-98dc-4ac3-971c-45a2aec3ffda,217201052,Commune de Courgenard (72),false,{72105},Commune,2026-03-24 14:42:08.279287+01,gold_establishments_2025,,,,21720105200016,2025,Collectivité Territoriale,Commune,['Sarthe'],['Pays de la Loire'],COM,{72},{52}
2e6e6d97-d2c0-46a1-b3de-978cb7eb0901,218901221,Commune de Courgenay (89),false,{89122},Commune,2026-03-24 14:42:11.118516+01,gold_establishments_2025,,,,21890122100018,2025,Collectivité Territoriale,Commune,['Yonne'],['Bourgogne-Franche-Comté'],COM,{89},{27}
226d6be7-5fbf-424c-a990-3aa693c142ed,217801851,Commune de Courgent (78),false,{78185},Commune,2026-03-24 14:42:09.43682+01,gold_establishments_2025,,,,21780185100015,2025,Collectivité Territoriale,Commune,['Yvelines'],['Île-de-France'],COM,{78},{11}
b2d38bf9-1e7e-4d19-a962-eb6e77b91947,216101295,Commune de Courgeon (61),false,{61129},Commune,2026-03-24 14:42:05.597325+01,gold_establishments_2025,,,,21610129500014,2025,Collectivité Territoriale,Commune,['Orne'],['Normandie'],COM,{61},{28}
2f0fa192-4e9c-4ca1-8c55-60b3cc564678,216101303,Commune de Courgeoût (61),false,{61130},Commune,2026-03-24 14:42:05.597325+01,gold_establishments_2025,,,,21610130300016,2025,Collectivité Territoriale,Commune,['Orne'],['Normandie'],COM,{61},{28}
219fe548-5c84-4f07-8cc4-639f8771acab,218901239,Commune de Courgis (89),false,{89123},Commune,2026-03-24 14:42:11.118516+01,gold_establishments_2025,,,,21890123900010,2025,Collectivité Territoriale,Commune,['Yonne'],['Bourgogne-Franche-Comté'],COM,{89},{27}
a5b4360a-34cb-49d6-a0a8-ac96c27c5bc6,215101734,Commune de Courgivaux (51),false,{51185},Commune,2026-03-24 14:42:01.954481+01,gold_establishments_2025,,,,21510173400014,2025,Collectivité Territoriale,Commune,['Marne'],['Grand Est'],COM,{51},{44}
dbf4239a-b6bf-46c6-9650-8b2c6605168e,216301226,Commune de Courgoul (63),false,{63122},Commune,2026-03-24 14:42:06.130387+01,gold_establishments_2025,,,,21630122600017,2025,Collectivité Territoriale,Commune,['Puy-de-Dôme'],['Auvergne-Rhône-Alpes'],COM,{63},{84}
cdc9edfa-0cb0-4c8c-9203-dd80ef059c17,215101742,Commune de Courjeonnet (51),false,{51186},Commune,2026-03-24 14:42:01.954481+01,gold_establishments_2025,,,,21510174200017,2025,Collectivité Territoriale,Commune,['Marne'],['Grand Est'],COM,{51},{44}
80b75bc9-21ed-4309-8ba4-7a095a8b83d7,211601125,Commune de Courlac (16),false,{16112},Commune,2026-03-24 14:41:54.362296+01,gold_establishments_2025,,,,21160112500019,2025,Collectivité Territoriale,Commune,['Charente'],['Nouvelle-Aquitaine'],COM,{16},{75}
4f9c360e-e5fd-4b75-b36c-918f641da10f,215101759,Commune de Courlandon (51),false,{51187},Commune,2026-03-24 14:42:01.954481+01,gold_establishments_2025,,,,21510175900011,2025,Collectivité Territoriale,Commune,['Marne'],['Grand Est'],COM,{51},{44}
892dc903-c7d8-4f71-bbd3-b7b64428045e,213901705,Commune de Courlans (39),false,{39170},Commune,2026-03-24 14:41:59.705606+01,gold_establishments_2025,,,,21390170500011,2025,Collectivité Territoriale,Commune,['Jura'],['Bourgogne-Franche-Comté'],COM,{39},{27}
884b36d9-2303-4892-8be0-04bf13ca6f1e,213901713,Commune de Courlaoux (39),false,{39171},Commune,2026-03-24 14:41:59.705606+01,gold_establishments_2025,,,,21390171300015,2025,Collectivité Territoriale,Commune,['Jura'],['Bourgogne-Franche-Comté'],COM,{39},{27}
347958c5-6f25-487e-ab94-fcf095b55819,217901032,Commune de Courlay (79),false,{79103},Commune,2026-03-24 14:42:09.43682+01,gold_establishments_2025,,,,21790103200011,2025,Collectivité Territoriale,Commune,['Deux-Sèvres'],['Nouvelle-Aquitaine'],COM,{79},{75}
66eb8317-878a-45ad-bb23-3550260de7db,212102073,Commune de Courlon (21),false,{21207},Commune,2026-03-24 14:41:55.433389+01,gold_establishments_2025,,,,21210207300013,2025,Collectivité Territoriale,Commune,"[""Côte-d'Or""]",['Bourgogne-Franche-Comté'],COM,{21},{27}
5ec4989e-1112-4145-aa79-10a3e9c48f82,218901247,Commune de Courlon-sur-Yonne (89),false,{89124},Commune,2026-03-24 14:42:11.118516+01,gold_establishments_2025,,,,21890124700013,2025,Collectivité Territoriale,Commune,['Yonne'],['Bourgogne-Franche-Comté'],COM,{89},{27}
4e38b3f2-e534-497c-a097-d14c07298c2a,214901142,Commune de Courléon (49),false,{49114},Commune,2026-03-24 14:42:01.412377+01,gold_establishments_2025,,,,21490114200015,2025,Collectivité Territoriale,Commune,['Maine-et-Loire'],['Pays de la Loire'],COM,{49},{52}
f89fa8de-5b2b-4638-a680-ef0e4ed3b829,210101275,Commune de Courmangoux (01),false,{01127},Commune,2026-03-24 14:41:51.447482+01,gold_establishments_2025,,,,21010127500019,2025,Collectivité Territoriale,Commune,['Ain'],['Auvergne-Rhône-Alpes'],COM,{01},{84}
f2c29f4c-7c04-45a5-9681-a2abcd6e681b,215101767,Commune de Courmas (51),false,{51188},Commune,2026-03-24 14:42:01.954481+01,gold_establishments_2025,,,,21510176700014,2025,Collectivité Territoriale,Commune,['Marne'],['Grand Est'],COM,{51},{44}
b2c1640e-8a48-4303-a62d-a7dca4b96a42,210202115,Commune de Courmelles (02),false,{02226},Commune,2026-03-24 14:41:52.020251+01,gold_establishments_2025,,,,21020211500015,2025,Collectivité Territoriale,Commune,['Aisne'],['Hauts-de-France'],COM,{02},{32}
45245feb-f1c9-45ac-8173-9b3bded86597,214100687,Commune de Courmemin (41),false,{41068},Commune,2026-03-24 14:42:00.273698+01,gold_establishments_2025,,,,21410068700018,2025,Collectivité Territoriale,Commune,['Loir-et-Cher'],['Centre-Val de Loire'],COM,{41},{24}
9c2d95a8-01b8-4483-808e-f80dce0b171c,210600490,Commune de Courmes (06),false,{06049},Commune,2026-03-24 14:41:52.562531+01,gold_establishments_2025,,,,21060049000010,2025,Collectivité Territoriale,Commune,['Alpes-Maritimes'],"[""Provence-Alpes-Côte d'Azur""]",COM,{06},{93}
0463914c-b183-4949-b503-55939af96c83,210202123,Commune de Courmont (02),false,{02227},Commune,2026-03-24 14:41:52.020251+01,gold_establishments_2025,,,,21020212300019,2025,Collectivité Territoriale,Commune,['Aisne'],['Hauts-de-France'],COM,{02},{32}
da766d35-0c99-4179-a05a-b9c82657c427,217001825,Commune de Courmont (70),false,{70182},Commune,2026-03-24 14:42:07.735343+01,gold_establishments_2025,,,,21700182500017,2025,Collectivité Territoriale,Commune,['Haute-Saône'],['Bourgogne-Franche-Comté'],COM,{70},{27}
a74546cf-dc65-4f79-a046-83989c2fb188,211101050,Commune de Cournanel (11),false,{11105},Commune,2026-03-24 14:41:53.63825+01,gold_establishments_2025,,,,21110105000014,2025,Collectivité Territoriale,Commune,['Aude'],['Occitanie'],COM,{11},{76}
58252311-98cd-4305-b4dc-3cf5dcc63c38,213400864,Commune de Courniou (34),false,{34086},Commune,2026-03-24 14:41:58.620411+01,gold_establishments_2025,,,,21340086400012,2025,Collectivité Territoriale,Commune,['Hérault'],['Occitanie'],COM,{34},{76}
d73b80c6-3dff-4036-b437-2d32e626106b,216301234,Commune de Cournols (63),false,{63123},Commune,2026-03-24 14:42:06.130387+01,gold_establishments_2025,,,,21630123400011,2025,Collectivité Territoriale,Commune,['Puy-de-Dôme'],['Auvergne-Rhône-Alpes'],COM,{63},{84}
5a22701f-3a0a-4feb-9910-5b6a19af2587,215600446,Commune de Cournon (56),false,{56044},Commune,2026-03-24 14:42:03.701372+01,gold_establishments_2025,,,,21560044600011,2025,Collectivité Territoriale,Commune,['Morbihan'],['Bretagne'],COM,{56},{53}
2ab610f4-7272-4512-a255-17116e781aa9,216301242,Commune de Cournon-d'Auvergne (63),false,{63124},Commune,2026-03-24 14:42:06.130387+01,gold_establishments_2025,,,,21630124200014,2025,Collectivité Territoriale,Commune,['Puy-de-Dôme'],['Auvergne-Rhône-Alpes'],COM,{63},{84}
8d28a43c-108a-48cd-90e4-a9b5f7a6d5c5,213400872,Commune de Cournonsec (34),false,{34087},Commune,2026-03-24 14:41:58.620411+01,gold_establishments_2025,,,,21340087200015,2025,Collectivité Territoriale,Commune,['Hérault'],['Occitanie'],COM,{34},{76}
6540b502-d274-46c3-98c1-580465e526f2,213400880,Commune de Cournonterral (34),false,{34088},Commune,2026-03-24 14:41:58.620411+01,gold_establishments_2025,,,,21340088000018,2025,Collectivité Territoriale,Commune,['Hérault'],['Occitanie'],COM,{34},{76}
46b973ef-27d3-49e8-9536-0b1e3d0f39ec,215501297,Commune de Courouvre (55),false,{55129},Commune,2026-03-24 14:42:02.957225+01,gold_establishments_2025,,,,21550129700018,2025,Collectivité Territoriale,Commune,['Meuse'],['Grand Est'],COM,{55},{44}
05f2c43f-e370-4923-b549-421d532c9e3d,217701358,Commune de Courpalay (77),false,{77135},Commune,2026-03-24 14:42:09.43682+01,gold_establishments_2025,,,,21770135800012,2025,Collectivité Territoriale,Commune,['Seine-et-Marne'],['Île-de-France'],COM,{77},{11}
be733b12-7406-41c0-8002-1ab5f7d28a2a,213301351,Commune de Courpiac (33),false,{33135},Commune,2026-03-24 14:41:58.620411+01,gold_establishments_2025,,,,21330135100010,2025,Collectivité Territoriale,Commune,['Gironde'],['Nouvelle-Aquitaine'],COM,{33},{75}
78170297-e1d9-4bfc-a8bb-ed5e740a36a1,211701297,Commune de Courpignac (17),false,{17129},Commune,2026-03-24 14:41:54.903238+01,gold_establishments_2025,,,,21170129700015,2025,Collectivité Territoriale,Commune,['Charente-Maritime'],['Nouvelle-Aquitaine'],COM,{17},{75}
1d6e83cd-c41f-46f5-b20b-abc1f952087e,216301259,Commune de Courpière (63),false,{63125},Commune,2026-03-24 14:42:06.130387+01,gold_establishments_2025,,,,21630125900018,2025,Collectivité Territoriale,Commune,['Puy-de-Dôme'],['Auvergne-Rhône-Alpes'],COM,{63},{84}
aeb486e1-c7cb-4a20-8fff-013291b258a9,217705359,Commune de Courquetaine (77),false,{77136},Commune,2026-03-24 14:42:09.43682+01,gold_establishments_2025,,,,21770535900016,2025,Collectivité Territoriale,Commune,['Seine-et-Marne'],['Île-de-France'],COM,{77},{11}
262499eb-0785-4015-a3fa-572e5cbaa324,213201106,Commune de Courrensan (32),false,{32110},Commune,2026-03-24 14:41:58.09424+01,gold_establishments_2025,,,,21320110600019,2025,Collectivité Territoriale,Commune,['Gers'],['Occitanie'],COM,{32},{76}
b422e57c-8c1c-4101-bc07-e57df4370128,218100717,Commune de Courris (81),false,{81071},Commune,2026-03-24 14:42:09.967209+01,gold_establishments_2025,,,,21810071700014,2025,Collectivité Territoriale,Commune,['Tarn'],['Occitanie'],COM,{81},{76}
3e7f14b0-ef6c-461f-9837-c40a53658d78,216202507,Commune de Courrières (62),false,{62250},Commune,2026-03-24 14:42:05.597325+01,gold_establishments_2025,,,,21620250700010,2025,Collectivité Territoriale,Commune,['Pas-de-Calais'],['Hauts-de-France'],COM,{62},{32}
63b07f9f-d386-43c4-9115-5c9315cfe91c,213000979,Commune de Courry (30),false,{30097},Commune,2026-03-24 14:41:57.56054+01,gold_establishments_2025,,,,21300097900012,2025,Collectivité Territoriale,Commune,['Gard'],['Occitanie'],COM,{30},{76}
2f87da33-334b-404b-8e5d-5153666e0a14,214700734,Commune de Cours (47),false,{47073},Commune,2026-03-24 14:42:00.862623+01,gold_establishments_2025,,,,21470073400012,2025,Collectivité Territoriale,Commune,['Lot-et-Garonne'],['Nouvelle-Aquitaine'],COM,{47},{75}
8395c98e-64ed-4ff9-88f9-0b7d4b7b3e0d,200056133,Commune de Cours (69),false,{69066},Commune,2026-03-24 14:42:07.195692+01,gold_establishments_2025,,,,20005613300016,2025,Collectivité Territoriale,Commune,['Rhône'],['Auvergne-Rhône-Alpes'],COM,{69},{84}
36c03e35-fa98-40db-926e-22968ab4c1eb,217901040,Commune de Cours (79),false,{79104},Commune,2026-03-24 14:42:09.43682+01,gold_establishments_2025,,,,21790104000014,2025,Collectivité Territoriale,Commune,['Deux-Sèvres'],['Nouvelle-Aquitaine'],COM,{79},{75}
9179742d-6f3a-424e-b0fa-3e4b1f5abf99,213301369,Commune de Cours-de-Monségur (33),false,{33136},Commune,2026-03-24 14:41:58.620411+01,gold_establishments_2025,,,,21330136900012,2025,Collectivité Territoriale,Commune,['Gironde'],['Nouvelle-Aquitaine'],COM,{33},{75}
ba99ab2c-85c7-40a2-97fa-35d555df0e3f,212401400,Commune de Cours-de-Pile (24),false,{24140},Commune,2026-03-24 14:41:55.958138+01,gold_establishments_2025,,,,21240140000016,2025,Collectivité Territoriale,Commune,['Dordogne'],['Nouvelle-Aquitaine'],COM,{24},{75}
dd6d9d78-281a-4193-8ad6-e6e302b220aa,213301377,Commune de Cours-les-Bains (33),false,{33137},Commune,2026-03-24 14:41:58.620411+01,gold_establishments_2025,,,,21330137700015,2025,Collectivité Territoriale,Commune,['Gironde'],['Nouvelle-Aquitaine'],COM,{33},{75}
79b6854c-6647-423d-810c-c0e89b0b3046,211800750,Commune de Cours-les-Barres (18),false,{18075},Commune,2026-03-24 14:41:54.903238+01,gold_establishments_2025,,,,21180075000013,2025,Collectivité Territoriale,Commune,['Cher'],['Centre-Val de Loire'],COM,{18},{24}
c4af9d23-7ff5-49be-8b72-2478161141ae,212401392,Commune de Coursac (24),false,{24139},Commune,2026-03-24 14:41:55.958138+01,gold_establishments_2025,,,,21240139200015,2025,Collectivité Territoriale,Commune,['Dordogne'],['Nouvelle-Aquitaine'],COM,{24},{75}
79e96998-fec5-4153-b017-517b0c5036c0,211101068,Commune de Coursan (11),false,{11106},Commune,2026-03-24 14:41:53.63825+01,gold_establishments_2025,,,,21110106800016,2025,Collectivité Territoriale,Commune,['Aude'],['Occitanie'],COM,{11},{76}
74035ade-a9fe-4431-bf90-20018a41c34c,211001011,Commune de Coursan-en-Othe (10),false,{10107},Commune,2026-03-24 14:41:53.095366+01,gold_establishments_2025,,,,21100101100017,2025,Collectivité Territoriale,Commune,['Aube'],['Grand Est'],COM,{10},{44}
760c3faf-7fe0-47da-8527-1e024a011b70,210600508,Commune de Coursegoules (06),false,{06050},Commune,2026-03-24 14:41:52.562531+01,gold_establishments_2025,,,,21060050800019,2025,Collectivité Territoriale,Commune,['Alpes-Maritimes'],"[""Provence-Alpes-Côte d'Azur""]",COM,{06},{93}
ed9304bd-9f29-47d6-a0e6-181ffdf9432c,216202515,Commune de Courset (62),false,{62251},Commune,2026-03-24 14:42:05.597325+01,gold_establishments_2025,,,,21620251500013,2025,Collectivité Territoriale,Commune,['Pas-de-Calais'],['Hauts-de-France'],COM,{62},{32}
5a53f0a5-be49-4c6d-bbf5-5273bece61c9,211401914,Commune de Courseulles-sur-Mer (14),false,{14191},Commune,2026-03-24 14:41:53.63825+01,gold_establishments_2025,,,,21140191400018,2025,Collectivité Territoriale,Commune,['Calvados'],['Normandie'],COM,{14},{28}
06633e78-2dc8-430c-99f5-e87b2028f3ab,219101862,Commune de Courson-Monteloup (91),false,{91186},Commune,2026-03-24 14:42:11.659493+01,gold_establishments_2025,,,,21910186200015,2025,Collectivité Territoriale,Commune,['Essonne'],['Île-de-France'],COM,{91},{11}
7da9e4db-2aa2-4a08-89d6-d31f358a7abd,218901254,Commune de Courson-les-Carrières (89),false,{89125},Commune,2026-03-24 14:42:11.118516+01,gold_establishments_2025,,,,21890125400019,2025,Collectivité Territoriale,Commune,['Yonne'],['Bourgogne-Franche-Comté'],COM,{89},{27}
9f8d1fe7-eae0-4d17-9b70-104727830b43,217701374,Commune de Courtacon (77),false,{77137},Commune,2026-03-24 14:42:09.43682+01,gold_establishments_2025,,,,21770137400019,2025,Collectivité Territoriale,Commune,['Seine-et-Marne'],['Île-de-France'],COM,{77},{11}
fedb85f3-1d0f-4c12-8654-8afebb072607,215101775,Commune de Courtagnon (51),false,{51190},Commune,2026-03-24 14:42:01.954481+01,gold_establishments_2025,,,,21510177500017,2025,Collectivité Territoriale,Commune,['Marne'],['Grand Est'],COM,{51},{44}
386df5ff-b127-4231-9b44-0abd4af62e0e,211001029,Commune de Courtaoult (10),false,{10108},Commune,2026-03-24 14:41:53.095366+01,gold_establishments_2025,,,,21100102900019,2025,Collectivité Territoriale,Commune,['Aube'],['Grand Est'],COM,{10},{44}
4afa2d75-2c72-4246-88aa-a677dc2350c6,211101076,Commune de Courtauly (11),false,{11107},Commune,2026-03-24 14:41:53.63825+01,gold_establishments_2025,,,,21110107600019,2025,Collectivité Territoriale,Commune,['Aude'],['Occitanie'],COM,{11},{76}
3371ffa6-cd73-4ad1-9e10-d8c96d6b7e74,216800672,Commune de Courtavon (68),false,{68067},Commune,2026-03-24 14:42:07.195692+01,gold_establishments_2025,,,,21680067200018,2025,Collectivité Territoriale,Commune,['Haut-Rhin'],['Grand Est'],COM,{68},{44}
95733ce2-3c29-46f1-bbc0-45ed025bb84c,212501746,Commune de Courtefontaine (25),false,{25174},Commune,2026-03-24 14:41:56.495197+01,gold_establishments_2025,,,,21250174600011,2025,Collectivité Territoriale,Commune,['Doubs'],['Bourgogne-Franche-Comté'],COM,{25},{27}
96dc70b7-f715-4aab-a603-09ce3c58b70a,213901721,Commune de Courtefontaine (39),false,{39172},Commune,2026-03-24 14:41:59.705606+01,gold_establishments_2025,,,,21390172100018,2025,Collectivité Territoriale,Commune,['Jura'],['Bourgogne-Franche-Comté'],COM,{39},{27}
e0e17613-0031-4efd-9dc4-b48b4d3f2db4,212701825,Commune de Courteilles (27),false,{27182},Commune,2026-03-24 14:41:57.028721+01,gold_establishments_2025,,,,21270182500011,2025,Collectivité Territoriale,Commune,['Eure'],['Normandie'],COM,{27},{28}
26ac2aa4-4c4b-42b0-848f-6d31eed95bb1,211906508,Commune de Courteix (19),false,{19065},Commune,2026-03-24 14:41:54.903238+01,gold_establishments_2025,,,,21190650800018,2025,Collectivité Territoriale,Commune,['Corrèze'],['Nouvelle-Aquitaine'],COM,{19},{75}
00d87e1c-2285-46a9-9c1c-1bf12033e22d,219000288,Commune de Courtelevant (90),false,{90028},Commune,2026-03-24 14:42:11.659493+01,gold_establishments_2025,,,,21900028800015,2025,Collectivité Territoriale,Commune,['Territoire de Belfort'],['Bourgogne-Franche-Comté'],COM,{90},{27}
f6fdcfa1-2726-4175-9357-853f148ed4fe,218002129,Commune de Courtemanche (80),false,{80220},Commune,2026-03-24 14:42:09.967209+01,gold_establishments_2025,,,,21800212900011,2025,Collectivité Territoriale,Commune,['Somme'],['Hauts-de-France'],COM,{80},{32}
5d4c5cf3-1267-4622-9249-1c7d4ca43858,214501132,Commune de Courtemaux (45),false,{45113},Commune,2026-03-24 14:42:00.862623+01,gold_establishments_2025,,,,21450113200010,2025,Collectivité Territoriale,Commune,['Loiret'],['Centre-Val de Loire'],COM,{45},{24}
a03b7dc1-2a81-496a-a9d9-d83c150f55cd,210202131,Commune de Courtemont-Varennes (02),false,{02228},Commune,2026-03-24 14:41:52.020251+01,gold_establishments_2025,,,,21020213100012,2025,Collectivité Territoriale,Commune,['Aisne'],['Hauts-de-France'],COM,{02},{32}
29007006-2e18-44f6-9f2b-fdb63eaa6c4d,214501140,Commune de Courtempierre (45),false,{45114},Commune,2026-03-24 14:42:00.862623+01,gold_establishments_2025,,,,21450114000013,2025,Collectivité Territoriale,Commune,['Loiret'],['Centre-Val de Loire'],COM,{45},{24}
be53d2c6-e478-4b6a-9725-1a9952127265,213801350,Commune de Courtenay (38),false,{38135},Commune,2026-03-24 14:41:59.160244+01,gold_establishments_2025,,,,21380135000017,2025,Collectivité Territoriale,Commune,['Isère'],['Auvergne-Rhône-Alpes'],COM,{38},{84}
74aa78c5-184c-4238-8dc3-791cfcc897c2,214501157,Commune de Courtenay (45),false,{45115},Commune,2026-03-24 14:42:00.862623+01,gold_establishments_2025,,,,21450115700066,2025,Collectivité Territoriale,Commune,['Loiret'],['Centre-Val de Loire'],COM,{45},{24}
70899689-5729-42ac-98bd-511c44f2f03f,211001037,Commune de Courtenot (10),false,{10109},Commune,2026-03-24 14:41:53.095366+01,gold_establishments_2025,,,,21100103700012,2025,Collectivité Territoriale,Commune,['Aube'],['Grand Est'],COM,{10},{44}
dd5d8fa7-b49c-4cb9-91d6-2a9dfc84ff06,211001045,Commune de Courteranges (10),false,{10110},Commune,2026-03-24 14:41:53.095366+01,gold_establishments_2025,,,,21100104500015,2025,Collectivité Territoriale,Commune,['Aube'],['Grand Est'],COM,{10},{44}
b93a8132-24e4-42b6-bf15-646951acd24c,211001052,Commune de Courteron (10),false,{10111},Commune,2026-03-24 14:41:53.095366+01,gold_establishments_2025,,,,21100105200011,2025,Collectivité Territoriale,Commune,['Aube'],['Grand Est'],COM,{10},{44}
6b4c6a82-71ed-45eb-ad8b-a6d155da79b8,210101283,Commune de Courtes (01),false,{01128},Commune,2026-03-24 14:41:51.447482+01,gold_establishments_2025,,,,21010128300013,2025,Collectivité Territoriale,Commune,['Ain'],['Auvergne-Rhône-Alpes'],COM,{01},{84}
f9a026fb-f0af-4f85-a751-41f1733f88af,217001833,Commune de Courtesoult-et-Gatey (70),false,{70183},Commune,2026-03-24 14:42:07.735343+01,gold_establishments_2025,,,,21700183300011,2025,Collectivité Territoriale,Commune,['Haute-Saône'],['Bourgogne-Franche-Comté'],COM,{70},{27}
e3688c9b-16bc-49fd-8c16-79652b202596,212501753,Commune de Courtetain-et-Salans (25),false,{25175},Commune,2026-03-24 14:41:56.495197+01,gold_establishments_2025,,,,21250175300017,2025,Collectivité Territoriale,Commune,['Doubs'],['Bourgogne-Franche-Comté'],COM,{25},{27}
61a8463a-5af9-47d0-9fbd-f5326ca080eb,216001693,Commune de Courteuil (60),false,{60170},Commune,2026-03-24 14:42:04.814328+01,gold_establishments_2025,,,,21600169300011,2025,Collectivité Territoriale,Commune,['Oise'],['Hauts-de-France'],COM,{60},{32}
aa3d3cde-989d-4ff5-b0ac-5081e26bf3e0,215101791,Commune de Courthiézy (51),false,{51192},Commune,2026-03-24 14:42:01.954481+01,gold_establishments_2025,,,,21510179100014,2025,Collectivité Territoriale,Commune,['Marne'],['Grand Est'],COM,{51},{44}
0007f22c-fce3-413b-ae37-e0e9aac34ef3,218400398,Commune de Courthézon (84),false,{84039},Commune,2026-03-24 14:42:10.508772+01,gold_establishments_2025,,,,21840039800010,2025,Collectivité Territoriale,Commune,['Vaucluse'],"[""Provence-Alpes-Côte d'Azur""]",COM,{84},{93}
5564a11a-27a2-4af7-89c2-9a42d1e8451c,213201114,Commune de Courties (32),false,{32111},Commune,2026-03-24 14:41:58.09424+01,gold_establishments_2025,,,,21320111400013,2025,Collectivité Territoriale,Commune,['Gers'],['Occitanie'],COM,{32},{76}
ef8fb7d3-db03-4870-934d-872a522617ca,216001701,Commune de Courtieux (60),false,{60171},Commune,2026-03-24 14:42:04.814328+01,gold_establishments_2025,,,,21600170100012,2025,Collectivité Territoriale,Commune,['Oise'],['Hauts-de-France'],COM,{60},{32}
45b4fd79-d9f6-471e-a32c-8f5ff58eca86,217201060,Commune de Courtillers (72),false,{72106},Commune,2026-03-24 14:42:08.279287+01,gold_establishments_2025,,,,21720106000019,2025,Collectivité Territoriale,Commune,['Sarthe'],['Pays de la Loire'],COM,{72},{52}
c439c067-ea6d-45ba-9a04-ca3a3411c39e,215001462,Commune de Courtils (50),false,{50146},Commune,2026-03-24 14:42:01.412377+01,gold_establishments_2025,,,,21500146200013,2025,Collectivité Territoriale,Commune,['Manche'],['Normandie'],COM,{50},{28}
4b4e4ada-d86a-4f56-b7e4-6c4a134a4d5b,215101809,Commune de Courtisols (51),false,{51193},Commune,2026-03-24 14:42:01.954481+01,gold_establishments_2025,,,,21510180900014,2025,Collectivité Territoriale,Commune,['Marne'],['Grand Est'],COM,{51},{44}
1afad376-0530-42a1-9658-2b55605c129a,212102081,Commune de Courtivron (21),false,{21208},Commune,2026-03-24 14:41:55.433389+01,gold_establishments_2025,,,,21210208100016,2025,Collectivité Territoriale,Commune,"[""Côte-d'Or""]",['Bourgogne-Franche-Comté'],COM,{21},{27}
fed020fd-2e60-46e4-8a05-4a12d6876d69,218901262,Commune de Courtoin (89),false,{89126},Commune,2026-03-24 14:42:11.118516+01,gold_establishments_2025,,,,21890126200012,2025,Collectivité Territoriale,Commune,['Yonne'],['Bourgogne-Franche-Comté'],COM,{89},{27}
a536a2f6-1c2d-418e-b51e-e8ec7b46be25,218901270,Commune de Courtois-sur-Yonne (89),false,{89127},Commune,2026-03-24 14:42:11.118516+01,gold_establishments_2025,,,,21890127000015,2025,Collectivité Territoriale,Commune,['Yonne'],['Bourgogne-Franche-Comté'],COM,{89},{27}
24528555-a719-4d2d-ae55-c567bb1fb0ef,216101337,Commune de Courtomer (61),false,{61133},Commune,2026-03-24 14:42:05.597325+01,gold_establishments_2025,,,,21610133700014,2025,Collectivité Territoriale,Commune,['Orne'],['Normandie'],COM,{61},{28}
f65a3cde-79b4-499c-b406-ec6656a627d4,217701382,Commune de Courtomer (77),false,{77138},Commune,2026-03-24 14:42:09.43682+01,gold_establishments_2025,,,,21770138200012,2025,Collectivité Territoriale,Commune,['Seine-et-Marne'],['Île-de-France'],COM,{77},{11}
bfafda8b-1154-43b4-8fe8-08dc0a9a8685,211401930,Commune de Courtonne-la-Meurdrac (14),false,{14193},Commune,2026-03-24 14:41:53.63825+01,gold_establishments_2025,,,,21140193000014,2025,Collectivité Territoriale,Commune,['Calvados'],['Normandie'],COM,{14},{28}
a54a0a1d-c671-4fe2-a716-c1c23afcfd35,211401948,Commune de Courtonne-les-Deux-Églises (14),false,{14194},Commune,2026-03-24 14:41:53.63825+01,gold_establishments_2025,,,,21140194800016,2025,Collectivité Territoriale,Commune,['Calvados'],['Normandie'],COM,{14},{28}
30ffbd43-f9e2-4559-b100-78d79ab02070,210202149,Commune de Courtrizy-et-Fussigny (02),false,{02229},Commune,2026-03-24 14:41:52.020251+01,gold_establishments_2025,,,,21020214900014,2025,Collectivité Territoriale,Commune,['Aisne'],['Hauts-de-France'],COM,{02},{32}
d73e8f52-e5e0-47aa-8b84-20b3de22368f,217701390,Commune de Courtry (77),false,{77139},Commune,2026-03-24 14:42:09.43682+01,gold_establishments_2025,,,,21770139000015,2025,Collectivité Territoriale,Commune,['Seine-et-Marne'],['Île-de-France'],COM,{77},{11}
c4be92fb-4aba-4f9a-915b-05fe44ecefaa,215101783,Commune de Courtémont (51),false,{51191},Commune,2026-03-24 14:42:01.954481+01,gold_establishments_2025,,,,21510178300011,2025,Collectivité Territoriale,Commune,['Marne'],['Grand Est'],COM,{51},{44}
90df51ba-6d1a-47af-8c11-079fbbacc776,211401955,Commune de Courvaudon (14),false,{14195},Commune,2026-03-24 14:41:53.63825+01,gold_establishments_2025,,,,21140195500011,2025,Collectivité Territoriale,Commune,['Calvados'],['Normandie'],COM,{14},{28}
ad9fb166-8be5-4742-81a6-6890eabb0401,215101817,Commune de Courville (51),false,{51194},Commune,2026-03-24 14:42:01.954481+01,gold_establishments_2025,,,,21510181700017,2025,Collectivité Territoriale,Commune,['Marne'],['Grand Est'],COM,{51},{44}
fd4fc5d6-68a4-43bb-9300-3944a0e96b2c,212801161,Commune de Courville-sur-Eure (28),false,{28116},Commune,2026-03-24 14:41:57.028721+01,gold_establishments_2025,,,,21280116100010,2025,Collectivité Territoriale,Commune,['Eure-et-Loir'],['Centre-Val de Loire'],COM,{28},{24}
0954d6ea-b360-43ba-94c0-47e66f167335,212501761,Commune de Courvières (25),false,{25176},Commune,2026-03-24 14:41:56.495197+01,gold_establishments_2025,,,,21250176100010,2025,Collectivité Territoriale,Commune,['Doubs'],['Bourgogne-Franche-Comté'],COM,{25},{27}
b72288e0-b30d-4a8b-adc9-a36c07c98329,216900670,Commune de Courzieu (69),false,{69067},Commune,2026-03-24 14:42:07.195692+01,gold_establishments_2025,,,,21690067000011,2025,Collectivité Territoriale,Commune,['Rhône'],['Auvergne-Rhône-Alpes'],COM,{69},{84}
6bd1ef8b-28e3-4f4e-9b4c-ede753a8a6f8,210300885,Commune de Courçais (03),false,{03088},Commune,2026-03-24 14:41:52.020251+01,gold_establishments_2025,,,,21030088500014,2025,Collectivité Territoriale,Commune,['Allier'],['Auvergne-Rhône-Alpes'],COM,{03},{84}
693bb13e-6450-4167-80ad-e43ad7abd7bc,213700859,Commune de Courçay (37),false,{37085},Commune,2026-03-24 14:41:59.160244+01,gold_establishments_2025,,,,21370085900019,2025,Collectivité Territoriale,Commune,['Indre-et-Loire'],['Centre-Val de Loire'],COM,{37},{24}
bc99e7d6-4983-4b90-8576-b90393d233c8,211701271,Commune de Courçon (17),false,{17127},Commune,2026-03-24 14:41:54.903238+01,gold_establishments_2025,,,,21170127100010,2025,Collectivité Territoriale,Commune,['Charente-Maritime'],['Nouvelle-Aquitaine'],COM,{17},{75}
1661a792-474c-4996-9032-e8fece0f74a1,213901739,Commune de Cousance (39),false,{39173},Commune,2026-03-24 14:41:59.705606+01,gold_establishments_2025,,,,21390173900010,2025,Collectivité Territoriale,Commune,['Jura'],['Bourgogne-Franche-Comté'],COM,{39},{27}
61b02bf0-1c28-4d70-b375-e67b57772ce1,215501321,Commune de Cousances-les-Forges (55),false,{55132},Commune,2026-03-24 14:42:02.957225+01,gold_establishments_2025,,,,21550132100065,2025,Collectivité Territoriale,Commune,['Meuse'],['Grand Est'],COM,{55},{44}
b35fb509-30b4-40d1-aa03-451ea4487169,215505181,Commune de Cousances-lès-Triconville (55),false,{55518},Commune,2026-03-24 14:42:03.701372+01,gold_establishments_2025,,,,21550518100010,2025,Collectivité Territoriale,Commune,['Meuse'],['Grand Est'],COM,{55},{44}
92185d92-4db1-4d31-a85b-0d0dac4a31ce,215901570,Commune de Cousolre (59),false,{59157},Commune,2026-03-24 14:42:04.280096+01,gold_establishments_2025,,,,21590157000014,2025,Collectivité Territoriale,Commune,['Nord'],['Hauts-de-France'],COM,{59},{32}
dead02bf-2ea6-4c42-8cca-a63d982e3b5b,210901013,Commune de Coussa (09),false,{09101},Commune,2026-03-24 14:41:53.095366+01,gold_establishments_2025,,,,21090101300016,2025,Collectivité Territoriale,Commune,['Ariège'],['Occitanie'],COM,{09},{76}
a64478bb-19bc-46a3-88dd-c0f3e4098114,218704906,Commune de Coussac-Bonneval (87),false,{87049},Commune,2026-03-24 14:42:11.118516+01,gold_establishments_2025,,,,21870490600013,2025,Collectivité Territoriale,Commune,['Haute-Vienne'],['Nouvelle-Aquitaine'],COM,{87},{75}
85af61a9-ee31-42d2-8b2a-a527beec3d5e,216501536,Commune de Coussan (65),false,{65153},Commune,2026-03-24 14:42:06.665412+01,gold_establishments_2025,,,,21650153600017,2025,Collectivité Territoriale,Commune,['Hautes-Pyrénées'],['Occitanie'],COM,{65},{76}
3c93da39-7dcd-4344-a071-092dfbe97187,218600856,Commune de Coussay (86),false,{86085},Commune,2026-03-24 14:42:10.508772+01,gold_establishments_2025,,,,21860085600015,2025,Collectivité Territoriale,Commune,['Vienne'],['Nouvelle-Aquitaine'],COM,{86},{75}
6b3f1368-451d-44e8-8642-2725eccd161f,218600864,Commune de Coussay-les-Bois (86),false,{86086},Commune,2026-03-24 14:42:10.508772+01,gold_establishments_2025,,,,21860086400019,2025,Collectivité Territoriale,Commune,['Vienne'],['Nouvelle-Aquitaine'],COM,{86},{75}
85cb79c0-4008-49f1-9dba-68dc8b4ff01d,211001060,Commune de Coussegrey (10),false,{10112},Commune,2026-03-24 14:41:53.095366+01,gold_establishments_2025,,,,21100106000014,2025,Collectivité Territoriale,Commune,['Aube'],['Grand Est'],COM,{10},{44}
82262e5e-df69-4feb-a682-3650f79ecdf1,218801181,Commune de Coussey (88),false,{88118},Commune,2026-03-24 14:42:11.118516+01,gold_establishments_2025,,,,21880118100015,2025,Collectivité Territoriale,Commune,['Vosges'],['Grand Est'],COM,{88},{44}
de5ba10d-61e9-4790-825f-124497038742,211800768,Commune de Coust (18),false,{18076},Commune,2026-03-24 14:41:54.903238+01,gold_establishments_2025,,,,21180076800015,2025,Collectivité Territoriale,Commune,['Cher'],['Centre-Val de Loire'],COM,{18},{24}
4e1b1997-1878-4001-87d9-dd4d2661ac49,211101092,Commune de Coustaussa (11),false,{11109},Commune,2026-03-24 14:41:53.63825+01,gold_establishments_2025,,,,21110109200016,2025,Collectivité Territoriale,Commune,['Aude'],['Occitanie'],COM,{11},{76}
ba7d3d6b-e2a0-4c8f-bf65-432a24092643,211101100,Commune de Coustouge (11),false,{11110},Commune,2026-03-24 14:41:53.63825+01,gold_establishments_2025,,,,21110110000017,2025,Collectivité Territoriale,Commune,['Aude'],['Occitanie'],COM,{11},{76}
884177fa-4011-43a9-8cfc-c7a43b3d5f7c,216600619,Commune de Coustouges (66),false,{66061},Commune,2026-03-24 14:42:06.665412+01,gold_establishments_2025,,,,21660061900011,2025,Collectivité Territoriale,Commune,['Pyrénées-Orientales'],['Occitanie'],COM,{66},{76}
a27d213e-9d81-4c04-8553-862436d5fb3e,215001470,Commune de Coutances (50),false,{50147},Commune,2026-03-24 14:42:01.412377+01,gold_establishments_2025,,,,21500147000016,2025,Collectivité Territoriale,Commune,['Manche'],['Normandie'],COM,{50},{28}
ba472ced-7c82-4e20-a2b7-fc9ff0bdf77a,210300893,Commune de Coutansouze (03),false,{03089},Commune,2026-03-24 14:41:52.020251+01,gold_establishments_2025,,,,21030089300018,2025,Collectivité Territoriale,Commune,['Allier'],['Auvergne-Rhône-Alpes'],COM,{03},{84}
84ce2217-e7de-44f8-8842-1957fdf4ed21,218901288,Commune de Coutarnoux (89),false,{89128},Commune,2026-03-24 14:42:11.118516+01,gold_establishments_2025,,,,21890128800017,2025,Collectivité Territoriale,Commune,['Yonne'],['Bourgogne-Franche-Comté'],COM,{89},{27}
88717ee9-0f97-4652-a922-f3234a5aa65d,210901021,Commune de Coutens (09),false,{09102},Commune,2026-03-24 14:41:53.095366+01,gold_establishments_2025,,,,21090102100019,2025,Collectivité Territoriale,Commune,['Ariège'],['Occitanie'],COM,{09},{76}
8b560346-6fc4-4cc4-bf49-19c63cd04da2,217701408,Commune de Coutençon (77),false,{77140},Commune,2026-03-24 14:42:09.43682+01,gold_establishments_2025,,,,21770140800015,2025,Collectivité Territoriale,Commune,['Seine-et-Marne'],['Île-de-France'],COM,{77},{11}
27dd31e0-cae2-4312-831b-b6daf8a25813,212102099,Commune de Couternon (21),false,{21209},Commune,2026-03-24 14:41:55.433389+01,gold_establishments_2025,,,,21210209900018,2025,Collectivité Territoriale,Commune,"[""Côte-d'Or""]",['Bourgogne-Franche-Comté'],COM,{21},{27}
d86d44ad-e444-4200-a172-23523b0f4bf3,214300790,Commune de Couteuges (43),false,{43079},Commune,2026-03-24 14:42:00.273698+01,gold_establishments_2025,,,,21430079000018,2025,Collectivité Territoriale,Commune,['Haute-Loire'],['Auvergne-Rhône-Alpes'],COM,{43},{84}
9c21ceeb-60f3-436d-abfc-add6b723020f,217701416,Commune de Coutevroult (77),false,{77141},Commune,2026-03-24 14:42:09.43682+01,gold_establishments_2025,,,,21770141600018,2025,Collectivité Territoriale,Commune,['Seine-et-Marne'],['Île-de-France'],COM,{77},{11}
18d62fb5-4a40-4c16-ac4b-40a9220e4ae7,217001841,Commune de Couthenans (70),false,{70184},Commune,2026-03-24 14:42:07.735343+01,gold_establishments_2025,,,,21700184100014,2025,Collectivité Territoriale,Commune,['Haute-Saône'],['Bourgogne-Franche-Comté'],COM,{70},{27}
f23a89d4-22f9-4ea1-8048-be08e346dbde,214700742,Commune de Couthures-sur-Garonne (47),false,{47074},Commune,2026-03-24 14:42:00.862623+01,gold_establishments_2025,,,,21470074200015,2025,Collectivité Territoriale,Commune,['Lot-et-Garonne'],['Nouvelle-Aquitaine'],COM,{47},{75}
e969b20f-5794-4755-b231-402ea53d4ecc,215901588,Commune de Coutiches (59),false,{59158},Commune,2026-03-24 14:42:04.280096+01,gold_establishments_2025,,,,21590158800016,2025,Collectivité Territoriale,Commune,['Nord'],['Hauts-de-France'],COM,{59},{32}
570c7ea1-a870-4a17-88a4-e8a4cfa9266b,214200743,Commune de Coutouvre (42),false,{42074},Commune,2026-03-24 14:42:00.273698+01,gold_establishments_2025,,,,21420074300018,2025,Collectivité Territoriale,Commune,['Loire'],['Auvergne-Rhône-Alpes'],COM,{42},{84}
d0c2c306-9406-49f0-98d3-efe8fe7ba1e6,213301385,Commune de Coutras (33),false,{33138},Commune,2026-03-24 14:41:58.620411+01,gold_establishments_2025,,,,21330138500018,2025,Collectivité Territoriale,Commune,['Gironde'],['Nouvelle-Aquitaine'],COM,{33},{75}
084fbb17-fa43-4314-bd9f-b179d59e9524,211601141,Commune de Couture (16),false,{16114},Commune,2026-03-24 14:41:54.362296+01,gold_establishments_2025,,,,21160114100016,2025,Collectivité Territoriale,Commune,['Charente'],['Nouvelle-Aquitaine'],COM,{16},{75}
d2015907-a65b-4138-9c6a-4c696536a650,217901065,Commune de Couture-d'Argenson (79),false,{79106},Commune,2026-03-24 14:42:09.43682+01,gold_establishments_2025,,,,21790106500011,2025,Collectivité Territoriale,Commune,['Deux-Sèvres'],['Nouvelle-Aquitaine'],COM,{79},{75}
f31d50bc-cfc3-4d0a-8b0a-37ad24d4cc6f,216202531,Commune de Couturelle (62),false,{62253},Commune,2026-03-24 14:42:05.597325+01,gold_establishments_2025,,,,21620253100010,2025,Collectivité Territoriale,Commune,['Pas-de-Calais'],['Hauts-de-France'],COM,{62},{32}
2e1c7ad6-3100-4c57-8c15-e751f3598798,212401418,Commune de Coutures (24),false,{24141},Commune,2026-03-24 14:41:55.958138+01,gold_establishments_2025,,,,21240141800018,2025,Collectivité Territoriale,Commune,['Dordogne'],['Nouvelle-Aquitaine'],COM,{24},{75}
6d5158e1-8a01-43ba-85a4-cc411b6287c4,213301393,Commune de Coutures (33),false,{33139},Commune,2026-03-24 14:41:58.620411+01,gold_establishments_2025,,,,21330139300012,2025,Collectivité Territoriale,Commune,['Gironde'],['Nouvelle-Aquitaine'],COM,{33},{75}
072465e3-9bdb-4f09-a409-f3c891f5d988,218200467,Commune de Coutures (82),false,{82046},Commune,2026-03-24 14:42:10.508772+01,gold_establishments_2025,,,,21820046700015,2025,Collectivité Territoriale,Commune,['Tarn-et-Garonne'],['Occitanie'],COM,{82},{76}
11912be5-01a1-45a2-9db7-4c6a68281203,215001488,Commune de Couvains (50),false,{50148},Commune,2026-03-24 14:42:01.412377+01,gold_establishments_2025,,,,21500148800018,2025,Collectivité Territoriale,Commune,['Manche'],['Normandie'],COM,{50},{28}
94822bdb-6bef-4df3-94cb-0b5a475c1c13,215501339,Commune de Couvertpuis (55),false,{55133},Commune,2026-03-24 14:42:02.957225+01,gold_establishments_2025,,,,21550133900018,2025,Collectivité Territoriale,Commune,['Meuse'],['Grand Est'],COM,{55},{44}
ff52fdfc-4727-46cb-99a8-f82be426ebcb,211001078,Commune de Couvignon (10),false,{10113},Commune,2026-03-24 14:41:53.095366+01,gold_establishments_2025,,,,21100107800016,2025,Collectivité Territoriale,Commune,['Aube'],['Grand Est'],COM,{10},{44}
b51148dd-e35e-4a55-8973-fe3db5d07b38,215001496,Commune de Couville (50),false,{50149},Commune,2026-03-24 14:42:01.412377+01,gold_establishments_2025,,,,21500149600011,2025,Collectivité Territoriale,Commune,['Manche'],['Normandie'],COM,{50},{28}
5638230b-bf37-442c-ae0e-01b8eaee08cb,215501347,Commune de Couvonges (55),false,{55134},Commune,2026-03-24 14:42:02.957225+01,gold_establishments_2025,,,,21550134700011,2025,Collectivité Territoriale,Commune,['Meuse'],['Grand Est'],COM,{55},{44}
14c9b57e-1a59-4ce2-8c98-43d69e296f1e,210202156,Commune de Couvrelles (02),false,{02230},Commune,2026-03-24 14:41:52.020251+01,gold_establishments_2025,,,,21020215600019,2025,Collectivité Territoriale,Commune,['Aisne'],['Hauts-de-France'],COM,{02},{32}
6d40ce57-2c4f-41f9-b850-3dbc585fd68c,210202164,Commune de Couvron-et-Aumencourt (02),false,{02231},Commune,2026-03-24 14:41:52.020251+01,gold_establishments_2025,,,,21020216400088,2025,Collectivité Territoriale,Commune,['Aisne'],['Hauts-de-France'],COM,{02},{32}
9812b426-c21a-4a19-9e26-71722e58aeeb,215101825,Commune de Couvrot (51),false,{51195},Commune,2026-03-24 14:42:01.954481+01,gold_establishments_2025,,,,21510182500010,2025,Collectivité Territoriale,Commune,['Marne'],['Grand Est'],COM,{51},{44}
ec4e506b-d0ed-43a6-9d78-f69c2dd2cb47,210700720,Commune de Coux (07),false,{07072},Commune,2026-03-24 14:41:52.562531+01,gold_establishments_2025,,,,21070072000019,2025,Collectivité Territoriale,Commune,['Ardèche'],['Auvergne-Rhône-Alpes'],COM,{07},{84}
3d174199-0334-498e-be4b-03e431bdfb30,211701305,Commune de Coux (17),false,{17130},Commune,2026-03-24 14:41:54.903238+01,gold_establishments_2025,,,,21170130500016,2025,Collectivité Territoriale,Commune,['Charente-Maritime'],['Nouvelle-Aquitaine'],COM,{17},{75}
a207cde1-b65f-4e60-9b5a-03c3fab5e9da,200059756,Commune de Coux et Bigaroque-Mouzens (24),false,{24142},Commune,2026-03-24 14:41:55.958138+01,gold_establishments_2025,,,,20005975600011,2025,Collectivité Territoriale,Commune,['Dordogne'],['Nouvelle-Aquitaine'],COM,{24},{75}
98bf9a66-4e95-4467-b7fe-1f540e4b75e8,211800776,Commune de Couy (18),false,{18077},Commune,2026-03-24 14:41:54.903238+01,gold_establishments_2025,,,,21180077600075,2025,Collectivité Territoriale,Commune,['Cher'],['Centre-Val de Loire'],COM,{18},{24}
a4231e8c-31f3-4786-b876-4263c3fafd6e,212401434,Commune de Couze-et-Saint-Front (24),false,{24143},Commune,2026-03-24 14:41:55.958138+01,gold_establishments_2025,,,,21240143400015,2025,Collectivité Territoriale,Commune,['Dordogne'],['Nouvelle-Aquitaine'],COM,{24},{75}
e4bb41eb-5804-47bb-8fda-697000ee7a3f,218705002,Commune de Couzeix (87),false,{87050},Commune,2026-03-24 14:42:11.118516+01,gold_establishments_2025,,,,21870500200010,2025,Collectivité Territoriale,Commune,['Haute-Vienne'],['Nouvelle-Aquitaine'],COM,{87},{75}
f609cd55-a769-45d1-a355-09567dd839b4,213700883,Commune de Couziers (37),false,{37088},Commune,2026-03-24 14:41:59.160244+01,gold_establishments_2025,,,,21370088300019,2025,Collectivité Territoriale,Commune,['Indre-et-Loire'],['Centre-Val de Loire'],COM,{37},{24}
06250ae2-e7da-42eb-9fcd-c56f752731f8,210300901,Commune de Couzon (03),false,{03090},Commune,2026-03-24 14:41:52.020251+01,gold_establishments_2025,,,,21030090100019,2025,Collectivité Territoriale,Commune,['Allier'],['Auvergne-Rhône-Alpes'],COM,{03},{84}
628dfead-0d78-4266-9bad-ae98c13d3ffc,216900688,Commune de Couzon-au-Mont-d'Or (69),false,{69068},Commune,2026-03-24 14:42:07.195692+01,gold_establishments_2025,,,,21690068800013,2025,Collectivité Territoriale,Commune,['Rhône'],['Auvergne-Rhône-Alpes'],COM,{69},{84}
86ba830d-a630-4ab3-b83e-d1c35396d443,214600785,Commune de Couzou (46),false,{46078},Commune,2026-03-24 14:42:00.862623+01,gold_establishments_2025,,,,21460078500015,2025,Collectivité Territoriale,Commune,['Lot'],['Occitanie'],COM,{46},{76}
53cf9304-cf7f-4d15-8a00-599ea18af59e,214400475,Commune de Couëron (44),false,{44047},Commune,2026-03-24 14:42:00.273698+01,gold_establishments_2025,,,,21440047500015,2025,Collectivité Territoriale,Commune,['Loire-Atlantique'],['Pays de la Loire'],COM,{44},{52}
5365d09e-4322-4d98-ad39-3304c1db5c0b,200076495,Commune de Couëtron-au-Perche (41),false,{41248},Commune,2026-03-24 14:42:00.273698+01,gold_establishments_2025,,,,20007649500015,2025,Collectivité Territoriale,Commune,['Loir-et-Cher'],['Centre-Val de Loire'],COM,{41},{24}
6aaccc35-851e-4b3e-b55e-a7b6e06721d2,213101561,Commune de Cox (31),false,{31156},Commune,2026-03-24 14:41:57.56054+01,gold_establishments_2025,,,,21310156100016,2025,Collectivité Territoriale,Commune,['Haute-Garonne'],['Occitanie'],COM,{31},{76}
adca43a5-b098-4ea6-9cd4-b520fa054285,216001719,Commune de Coye-la-Forêt (60),false,{60172},Commune,2026-03-24 14:42:04.814328+01,gold_establishments_2025,,,,21600171900014,2025,Collectivité Territoriale,Commune,['Oise'],['Hauts-de-France'],COM,{60},{32}
566a4001-9ea9-4052-88ba-82952357a79c,216202549,Commune de Coyecques (62),false,{62254},Commune,2026-03-24 14:42:05.597325+01,gold_establishments_2025,,,,21620254900012,2025,Collectivité Territoriale,Commune,['Pas-de-Calais'],['Hauts-de-France'],COM,{62},{32}
bb2f16db-79eb-4cb2-8812-44516620c906,210202172,Commune de Coyolles (02),false,{02232},Commune,2026-03-24 14:41:52.020251+01,gold_establishments_2025,,,,21020217200016,2025,Collectivité Territoriale,Commune,['Aisne'],['Hauts-de-France'],COM,{02},{32}
1f8efbee-c95f-439e-9566-0b3fdebd5203,213901747,Commune de Coyrière (39),false,{39174},Commune,2026-03-24 14:41:59.705606+01,gold_establishments_2025,,,,21390174700013,2025,Collectivité Territoriale,Commune,['Jura'],['Bourgogne-Franche-Comté'],COM,{39},{27}
f2df0b86-a4c1-4db4-bd99-5aecd7a7e2d6,213901754,Commune de Coyron (39),false,{39175},Commune,2026-03-24 14:41:59.705606+01,gold_establishments_2025,,,,21390175400019,2025,Collectivité Territoriale,Commune,['Jura'],['Bourgogne-Franche-Comté'],COM,{39},{27}
c6a3c0c3-2bdd-4514-9cae-a4b8968ef55c,215401415,Commune de Coyviller (54),false,{54141},Commune,2026-03-24 14:42:02.957225+01,gold_establishments_2025,,,,21540141500017,2025,Collectivité Territoriale,Commune,['Meurthe-et-Moselle'],['Grand Est'],COM,{54},{44}
c0591416-4b73-44f0-a073-3c70594419fe,211701313,Commune de Cozes (17),false,{17131},Commune,2026-03-24 14:41:54.903238+01,gold_establishments_2025,,,,21170131300010,2025,Collectivité Territoriale,Commune,['Charente-Maritime'],['Nouvelle-Aquitaine'],COM,{17},{75}
d5c56e88-c3e7-43c0-ae28-b3c3501877f1,212000996,Commune de Cozzano (2A),false,{2A099},Commune,2026-03-24 14:41:57.56054+01,gold_establishments_2025,,,,21200099600018,2025,Collectivité Territoriale,Commune,['Corse-du-Sud'],['Corse'],COM,{2A},{94}
d65debbc-7b40-46b8-9f9e-6290748df9ce,213500820,Commune de Coësmes (35),false,{35082},Commune,2026-03-24 14:41:58.620411+01,gold_establishments_2025,,,,21350082000013,2025,Collectivité Territoriale,Commune,['Ille-et-Vilaine'],['Bretagne'],COM,{35},{53}
1d441aa6-6f53-43b1-aae2-03db3eb81c44,212200430,Commune de Coëtlogon (nan),false,{22043},Commune,2026-03-24 14:41:55.433389+01,gold_establishments_2025,,,,21220043000016,2025,Collectivité Territoriale,Commune,[''],[''],COM,,
9caddd29-c32f-4ef5-a524-917ef8f06b34,212200448,Commune de Coëtmieux (22),false,{22044},Commune,2026-03-24 14:41:55.433389+01,gold_establishments_2025,,,,21220044800018,2025,Collectivité Territoriale,Commune,"[""Côtes-d'Armor""]",['Bretagne'],COM,{22},{53}
618742dc-b8f3-4f0c-8d12-72c437f11d73,218500700,Commune de Coëx (85),false,{85070},Commune,2026-03-24 14:42:10.508772+01,gold_establishments_2025,,,,21850070000016,2025,Collectivité Territoriale,Commune,['Vendée'],['Pays de la Loire'],COM,{85},{52}
a206e0e1-fdc3-46c8-b73e-dde28e77bbb8,215600461,Commune de Crach (56),false,{56046},Commune,2026-03-24 14:42:03.701372+01,gold_establishments_2025,,,,21560046100010,2025,Collectivité Territoriale,Commune,['Morbihan'],['Bretagne'],COM,{56},{53}
bcfe35e1-09cf-4394-bf97-3dc946d5908e,213801368,Commune de Crachier (38),false,{38136},Commune,2026-03-24 14:41:59.160244+01,gold_establishments_2025,,,,21380136800019,2025,Collectivité Territoriale,Commune,['Isère'],['Auvergne-Rhône-Alpes'],COM,{38},{84}
18f0cb51-1ee4-4cc1-a4d8-96da92c18895,218901296,Commune de Crain (89),false,{89129},Commune,2026-03-24 14:42:11.118516+01,gold_establishments_2025,,,,21890129600010,2025,Collectivité Territoriale,Commune,['Yonne'],['Bourgogne-Franche-Comté'],COM,{89},{27}
6a633e76-b220-48a2-9b2f-4adf62ec65c1,215701582,Commune de Craincourt (57),false,{57158},Commune,2026-03-24 14:42:03.701372+01,gold_establishments_2025,,,,21570158200011,2025,Collectivité Territoriale,Commune,['Moselle'],['Grand Est'],COM,{57},{44}
a9c0c24d-172b-4484-b001-77fa4de5daad,214200750,Commune de Craintilleux (42),false,{42075},Commune,2026-03-24 14:42:00.273698+01,gold_establishments_2025,,,,21420075000013,2025,Collectivité Territoriale,Commune,['Loire'],['Auvergne-Rhône-Alpes'],COM,{42},{84}
523842c7-34ad-4fc8-8b10-eeaf49fd1f5f,218801199,Commune de Crainvilliers (88),false,{88119},Commune,2026-03-24 14:42:11.118516+01,gold_establishments_2025,,,,21880119900017,2025,Collectivité Territoriale,Commune,['Vosges'],['Grand Est'],COM,{88},{44}
d3db8a95-93a0-4a39-953a-7def3181655f,211701321,Commune de Cram-Chaban (17),false,{17132},Commune,2026-03-24 14:41:54.903238+01,gold_establishments_2025,,,,21170132100013,2025,Collectivité Territoriale,Commune,['Charente-Maritime'],['Nouvelle-Aquitaine'],COM,{17},{75}
aebd35f5-bd39-4569-a26e-d57d8aba51d7,210202180,Commune de Cramaille (02),false,{02233},Commune,2026-03-24 14:41:52.020251+01,gold_establishments_2025,,,,21020218000019,2025,Collectivité Territoriale,Commune,['Aisne'],['Hauts-de-France'],COM,{02},{32}
81f116a2-89fe-4fb5-9258-fdf86b0374a5,213901762,Commune de Cramans (39),false,{39176},Commune,2026-03-24 14:41:59.705606+01,gold_establishments_2025,,,,21390176200012,2025,Collectivité Territoriale,Commune,['Jura'],['Bourgogne-Franche-Comté'],COM,{39},{27}
053d3012-3036-4fae-9073-133a0da7f843,215101833,Commune de Cramant (51),false,{51196},Commune,2026-03-24 14:42:01.954481+01,gold_establishments_2025,,,,21510183300014,2025,Collectivité Territoriale,Commune,['Marne'],['Grand Est'],COM,{51},{44}
b9f4bd48-9966-44c8-ae25-9a73350fe6e0,216001727,Commune de Cramoisy (60),false,{60173},Commune,2026-03-24 14:42:04.814328+01,gold_establishments_2025,,,,21600172700017,2025,Collectivité Territoriale,Commune,['Oise'],['Hauts-de-France'],COM,{60},{32}
beb07e71-cae2-44ae-8cb4-78c2ed588fd2,218002137,Commune de Cramont (80),false,{80221},Commune,2026-03-24 14:42:09.967209+01,gold_establishments_2025,,,,21800213700014,2025,Collectivité Territoriale,Commune,['Somme'],['Hauts-de-France'],COM,{80},{32}
783f71a1-41c4-4a41-9753-ca93aa14b216,210901039,Commune de Crampagna (09),false,{09103},Commune,2026-03-24 14:41:53.095366+01,gold_establishments_2025,,,,21090103900011,2025,Collectivité Territoriale,Commune,['Ariège'],['Occitanie'],COM,{09},{76}
c515921f-ae51-4d18-a989-4f0343a4bf22,216101378,Commune de Craménil (61),false,{61137},Commune,2026-03-24 14:42:05.597325+01,gold_establishments_2025,,,,21610137800018,2025,Collectivité Territoriale,Commune,['Orne'],['Normandie'],COM,{61},{28}
ed152d65-c643-449e-925e-7bb16ea033d5,211001086,Commune de Crancey (10),false,{10114},Commune,2026-03-24 14:41:53.095366+01,gold_establishments_2025,,,,21100108600019,2025,Collectivité Territoriale,Commune,['Aube'],['Grand Est'],COM,{10},{44}
ee1a8ab2-8dd1-4849-be30-fcc2cae9d07b,211500566,Commune de Crandelles (15),false,{15056},Commune,2026-03-24 14:41:54.362296+01,gold_establishments_2025,,,,21150056600016,2025,Collectivité Territoriale,Commune,['Cantal'],['Auvergne-Rhône-Alpes'],COM,{15},{84}
6fa44cca-9457-48ee-9ae4-4ae87cf9fcc5,217201078,Commune de Crannes-en-Champagne (72),false,{72107},Commune,2026-03-24 14:42:08.279287+01,gold_establishments_2025,,,,21720107800011,2025,Collectivité Territoriale,Commune,['Sarthe'],['Pays de la Loire'],COM,{72},{52}
e9db8d38-8b54-49ed-8536-44da9c59deee,210101291,Commune de Crans (01),false,{01129},Commune,2026-03-24 14:41:51.447482+01,gold_establishments_2025,,,,21010129100016,2025,Collectivité Territoriale,Commune,['Ain'],['Auvergne-Rhône-Alpes'],COM,{01},{84}
4a81ef98-5ca7-452d-b6a3-ee5552016869,213901788,Commune de Crans (39),false,{39178},Commune,2026-03-24 14:41:59.705606+01,gold_establishments_2025,,,,21390178800017,2025,Collectivité Territoriale,Commune,['Jura'],['Bourgogne-Franche-Comté'],COM,{39},{27}
6b29d870-2e04-4a1c-a072-2a00ed0782da,211200837,Commune de Cransac (12),false,{12083},Commune,2026-03-24 14:41:53.63825+01,gold_establishments_2025,,,,21120083700014,2025,Collectivité Territoriale,Commune,['Aveyron'],['Occitanie'],COM,{12},{76}
4c315418-0b21-4cb5-b131-6ae49f9cb7ae,215401423,Commune de Crantenoy (54),false,{54142},Commune,2026-03-24 14:42:02.957225+01,gold_establishments_2025,,,,21540142300011,2025,Collectivité Territoriale,Commune,['Meurthe-et-Moselle'],['Grand Est'],COM,{54},{44}
3d92a598-0ab6-43fb-92e1-9781d793222f,217400944,Commune de Cranves-Sales (74),false,{74094},Commune,2026-03-24 14:42:08.279287+01,gold_establishments_2025,,,,21740094400013,2025,Collectivité Territoriale,Commune,['Haute-Savoie'],['Auvergne-Rhône-Alpes'],COM,{74},{84}
e8ea478f-aa9a-4503-b7be-a040c65faeee,215300849,Commune de Craon (53),false,{53084},Commune,2026-03-24 14:42:02.957225+01,gold_establishments_2025,,,,21530084900019,2025,Collectivité Territoriale,Commune,['Mayenne'],['Pays de la Loire'],COM,{53},{52}
94d145c8-e81c-4f73-b4c1-8270b87ade3f,218600872,Commune de Craon (86),false,{86087},Commune,2026-03-24 14:42:10.508772+01,gold_establishments_2025,,,,21860087200012,2025,Collectivité Territoriale,Commune,['Vienne'],['Nouvelle-Aquitaine'],COM,{86},{75}
38426261-8b69-432b-b285-85dde0ccbd59,210202198,Commune de Craonne (02),false,{02234},Commune,2026-03-24 14:41:52.020251+01,gold_establishments_2025,,,,21020219800011,2025,Collectivité Territoriale,Commune,['Aisne'],['Hauts-de-France'],COM,{02},{32}
59e7d9e8-b3fc-4e44-bb90-2468e505f5bb,210202206,Commune de Craonnelle (02),false,{02235},Commune,2026-03-24 14:41:52.020251+01,gold_establishments_2025,,,,21020220600012,2025,Collectivité Territoriale,Commune,['Aisne'],['Hauts-de-France'],COM,{02},{32}
8febb2cc-3479-47e0-926f-1dc7f2dc8cd9,216001735,Commune de Crapeaumesnil (60),false,{60174},Commune,2026-03-24 14:42:04.814328+01,gold_establishments_2025,,,,21600173500010,2025,Collectivité Territoriale,Commune,['Oise'],['Hauts-de-France'],COM,{60},{32}
032fc574-8995-4189-b0bc-88b08f416c18,216900696,Commune de Craponne (69),false,{69069},Commune,2026-03-24 14:42:07.195692+01,gold_establishments_2025,,,,21690069600016,2025,Collectivité Territoriale,Commune,['Rhône'],['Auvergne-Rhône-Alpes'],COM,{69},{84}
29273973-98b7-43b9-8ced-3698b2aaff49,214300808,Commune de Craponne-sur-Arzon (43),false,{43080},Commune,2026-03-24 14:42:00.273698+01,gold_establishments_2025,,,,21430080800018,2025,Collectivité Territoriale,Commune,['Haute-Loire'],['Auvergne-Rhône-Alpes'],COM,{43},{84}
b77f0058-0427-4184-9c8e-dd24b453fff5,213801376,Commune de Cras (38),false,{38137},Commune,2026-03-24 14:41:59.160244+01,gold_establishments_2025,,,,21380137600012,2025,Collectivité Territoriale,Commune,['Isère'],['Auvergne-Rhône-Alpes'],COM,{38},{84}
72672ee7-1a7e-4e3b-8573-1b21b7c90273,214600793,Commune de Cras (46),false,{46079},Commune,2026-03-24 14:42:00.862623+01,gold_establishments_2025,,,,21460079300019,2025,Collectivité Territoriale,Commune,['Lot'],['Occitanie'],COM,{46},{76}
ab95f66a-404b-4823-8351-dc6a05ca6aa7,216700781,Commune de Crastatt (67),false,{67078},Commune,2026-03-24 14:42:06.665412+01,gold_establishments_2025,,,,21670078100018,2025,Collectivité Territoriale,Commune,['Bas-Rhin'],['Grand Est'],COM,{67},{44}
9c441ebd-4b76-427e-a217-6937de76964b,213201122,Commune de Crastes (32),false,{32112},Commune,2026-03-24 14:41:58.09424+01,gold_establishments_2025,,,,21320112200016,2025,Collectivité Territoriale,Commune,['Gers'],['Occitanie'],COM,{32},{76}
0eaae4e1-2c38-4f85-b880-e699e0dfea79,212701841,Commune de Crasville (27),false,{27184},Commune,2026-03-24 14:41:57.028721+01,gold_establishments_2025,,,,21270184100018,2025,Collectivité Territoriale,Commune,['Eure'],['Normandie'],COM,{27},{28}
6ec44330-ffff-40e9-b52b-d70c0967cd2f,215001504,Commune de Crasville (50),false,{50150},Commune,2026-03-24 14:42:01.412377+01,gold_establishments_2025,,,,21500150400012,2025,Collectivité Territoriale,Commune,['Manche'],['Normandie'],COM,{50},{28}
494849db-6052-46d8-b6e5-35acc8aa04e6,217601897,Commune de Crasville-la-Mallet (76),false,{76189},Commune,2026-03-24 14:42:08.818969+01,gold_establishments_2025,,,,21760189700010,2025,Collectivité Territoriale,Commune,['Seine-Maritime'],['Normandie'],COM,{76},{28}
1b27be48-90f1-4f8a-b4cf-0f575f5502c8,217601905,Commune de Crasville-la-Rocquefort (76),false,{76190},Commune,2026-03-24 14:42:08.818969+01,gold_establishments_2025,,,,21760190500011,2025,Collectivité Territoriale,Commune,['Seine-Maritime'],['Normandie'],COM,{76},{28}
b29fc204-b62a-41e2-9600-ebae5708c83b,219000296,Commune de Cravanche (90),false,{90029},Commune,2026-03-24 14:42:11.659493+01,gold_establishments_2025,,,,21900029600018,2025,Collectivité Territoriale,Commune,['Territoire de Belfort'],['Bourgogne-Franche-Comté'],COM,{90},{27}
95955c35-1bd0-4c2d-95e2-97d7faa2eaf6,211701339,Commune de Cravans (17),false,{17133},Commune,2026-03-24 14:41:54.903238+01,gold_establishments_2025,,,,21170133900015,2025,Collectivité Territoriale,Commune,['Charente-Maritime'],['Nouvelle-Aquitaine'],COM,{17},{75}
80b325b9-480d-413a-909f-6c83fe473d56,214501165,Commune de Cravant (45),false,{45116},Commune,2026-03-24 14:42:00.862623+01,gold_establishments_2025,,,,21450116500010,2025,Collectivité Territoriale,Commune,['Loiret'],['Centre-Val de Loire'],COM,{45},{24}
ba7f4130-8a98-4cc0-80e6-92cfecdc89ed,213700891,Commune de Cravant-les-Côteaux (37),false,{37089},Commune,2026-03-24 14:41:59.160244+01,gold_establishments_2025,,,,21370089100012,2025,Collectivité Territoriale,Commune,['Indre-et-Loire'],['Centre-Val de Loire'],COM,{37},{24}
2af4506e-5fc4-4405-bd56-a3d2fa82cc3c,213201130,Commune de Cravencères (32),false,{32113},Commune,2026-03-24 14:41:58.09424+01,gold_establishments_2025,,,,21320113000019,2025,Collectivité Territoriale,Commune,['Gers'],['Occitanie'],COM,{32},{76}
536f4783-126d-49fd-9d1a-2c3f38c91a13,217801885,Commune de Cravent (78),false,{78188},Commune,2026-03-24 14:42:09.43682+01,gold_establishments_2025,,,,21780188500013,2025,Collectivité Territoriale,Commune,['Yvelines'],['Île-de-France'],COM,{78},{11}
543d639a-4634-4b13-89a9-239fe5c95b6a,214600801,Commune de Crayssac (46),false,{46080},Commune,2026-03-24 14:42:00.862623+01,gold_establishments_2025,,,,21460080100010,2025,Collectivité Territoriale,Commune,['Lot'],['Occitanie'],COM,{46},{76}
c63ca700-014e-4ebf-a071-2f3292ae1d5b,215901596,Commune de Craywick (59),false,{59159},Commune,2026-03-24 14:42:04.280096+01,gold_establishments_2025,,,,21590159600019,2025,Collectivité Territoriale,Commune,['Nord'],['Hauts-de-France'],COM,{59},{32}
6fb25229-d540-4bfe-b977-6141224d2bc1,211701347,Commune de Crazannes (17),false,{17134},Commune,2026-03-24 14:41:54.903238+01,gold_establishments_2025,,,,21170134700018,2025,Collectivité Territoriale,Commune,['Charente-Maritime'],['Nouvelle-Aquitaine'],COM,{17},{75}
a8bdbb0a-702d-4b56-9b80-c0ed1951502a,216001743,Commune de Creil (60),false,{60175},Commune,2026-03-24 14:42:04.814328+01,gold_establishments_2025,,,,21600174300527,2025,Collectivité Territoriale,Commune,['Oise'],['Hauts-de-France'],COM,{60},{32}
d3c92768-6499-45c4-9980-77c75c0a8925,213400898,Commune de Creissan (34),false,{34089},Commune,2026-03-24 14:41:58.620411+01,gold_establishments_2025,,,,21340089800010,2025,Collectivité Territoriale,Commune,['Hérault'],['Occitanie'],COM,{34},{76}
7f6036de-0064-48f0-9c16-9655fe73bd95,211200845,Commune de Creissels (12),false,{12084},Commune,2026-03-24 14:41:53.63825+01,gold_establishments_2025,,,,21120084500017,2025,Collectivité Territoriale,Commune,['Aveyron'],['Occitanie'],COM,{12},{76}
daea2523-f6c0-4ddb-b04c-63b8458b63ed,214200768,Commune de Cremeaux (42),false,{42076},Commune,2026-03-24 14:42:00.273698+01,gold_establishments_2025,,,,21420076800015,2025,Collectivité Territoriale,Commune,['Loire'],['Auvergne-Rhône-Alpes'],COM,{42},{84}
320b3d62-6df6-4e63-a75c-0f35a7d084fe,217400951,Commune de Crempigny-Bonneguête (74),false,{74095},Commune,2026-03-24 14:42:08.279287+01,gold_establishments_2025,,,,21740095100018,2025,Collectivité Territoriale,Commune,['Haute-Savoie'],['Auvergne-Rhône-Alpes'],COM,{74},{84}
2468476c-7a0d-4b7c-96e5-5a9a8c0deab4,214600827,Commune de Cremps (46),false,{46082},Commune,2026-03-24 14:42:00.862623+01,gold_establishments_2025,,,,21460082700015,2025,Collectivité Territoriale,Commune,['Lot'],['Occitanie'],COM,{46},{76}
829badfc-842b-4908-824a-ba0003a3bda0,213901796,Commune de Crenans (39),false,{39179},Commune,2026-03-24 14:41:59.705606+01,gold_establishments_2025,,,,21390179600010,2025,Collectivité Territoriale,Commune,['Jura'],['Bourgogne-Franche-Comté'],COM,{39},{27}
4751049c-698d-41b0-a32f-b3d4a888c279,211001094,Commune de Creney-près-Troyes (10),false,{10115},Commune,2026-03-24 14:41:53.095366+01,gold_establishments_2025,,,,21100109400013,2025,Collectivité Territoriale,Commune,['Aube'],['Grand Est'],COM,{10},{44}
188b7b3e-1e48-4f38-88ad-8ce0cac3aeb2,215300856,Commune de Crennes-sur-Fraubée (53),false,{53085},Commune,2026-03-24 14:42:02.957225+01,gold_establishments_2025,,,,21530085600014,2025,Collectivité Territoriale,Commune,['Mayenne'],['Pays de la Loire'],COM,{53},{52}
5034afd5-f058-47e8-a647-acdda7b8b78e,217001858,Commune de Cresancey (70),false,{70185},Commune,2026-03-24 14:42:07.735343+01,gold_establishments_2025,,,,21700185800018,2025,Collectivité Territoriale,Commune,['Haute-Saône'],['Bourgogne-Franche-Comté'],COM,{70},{27}
6dfd993f-3c8f-4bb8-86a1-a4a47efc524b,213000987,Commune de Crespian (30),false,{30098},Commune,2026-03-24 14:41:57.56054+01,gold_establishments_2025,,,,21300098700015,2025,Collectivité Territoriale,Commune,['Gard'],['Occitanie'],COM,{30},{76}
a18d3f92-2407-4768-851b-2d9e6b7e8ea1,211200852,Commune de Crespin (12),false,{12085},Commune,2026-03-24 14:41:53.63825+01,gold_establishments_2025,,,,21120085200013,2025,Collectivité Territoriale,Commune,['Aveyron'],['Occitanie'],COM,{12},{76}
11638027-226e-471b-ab37-2ea392fd3ab1,215901604,Commune de Crespin (59),false,{59160},Commune,2026-03-24 14:42:04.280096+01,gold_establishments_2025,,,,21590160400011,2025,Collectivité Territoriale,Commune,['Nord'],['Hauts-de-France'],COM,{59},{32}
d4bc007a-0381-451b-af65-37bd84e53be7,218100725,Commune de Crespin (81),false,{81072},Commune,2026-03-24 14:42:09.967209+01,gold_establishments_2025,,,,21810072500017,2025,Collectivité Territoriale,Commune,['Tarn'],['Occitanie'],COM,{81},{76}
52f5ef65-8abd-4cb3-8167-052deface063,218100733,Commune de Crespinet (81),false,{81073},Commune,2026-03-24 14:42:09.967209+01,gold_establishments_2025,,,,21810073300011,2025,Collectivité Territoriale,Commune,['Tarn'],['Occitanie'],COM,{81},{76}
28c5bd93-9d02-4550-874f-654729831f2f,217801893,Commune de Crespières (78),false,{78189},Commune,2026-03-24 14:42:09.43682+01,gold_establishments_2025,,,,21780189300017,2025,Collectivité Territoriale,Commune,['Yvelines'],['Île-de-France'],COM,{78},{11}
0c3134b2-7a9d-4c6e-8a9d-8cfaf2da8467,211001110,Commune de Crespy-le-Neuf (10),false,{10117},Commune,2026-03-24 14:41:53.095366+01,gold_establishments_2025,,,,21100111000017,2025,Collectivité Territoriale,Commune,['Aube'],['Grand Est'],COM,{10},{44}
30ad958f-6c7c-4a36-9d12-20679ef9938e,210300927,Commune de Cressanges (03),false,{03092},Commune,2026-03-24 14:41:52.020251+01,gold_establishments_2025,,,,21030092700014,2025,Collectivité Territoriale,Commune,['Allier'],['Auvergne-Rhône-Alpes'],COM,{03},{84}
c7267a49-b737-4c8c-b764-db3246a5a98b,212306807,Commune de Cressat (23),false,{23068},Commune,2026-03-24 14:41:55.958138+01,gold_establishments_2025,,,,21230680700018,2025,Collectivité Territoriale,Commune,['Creuse'],['Nouvelle-Aquitaine'],COM,{23},{75}
9245edd7-ce00-44e4-9506-e84a8793ed8d,200082279,Commune de Cressensac-Sarrazac (46),false,{46083},Commune,2026-03-24 14:42:00.862623+01,gold_establishments_2025,,,,20008227900015,2025,Collectivité Territoriale,Commune,['Lot'],['Occitanie'],COM,{46},{76}
2872d7aa-b34a-4cfe-8a03-a89cb6f158eb,211401971,Commune de Cresserons (14),false,{14197},Commune,2026-03-24 14:41:53.63825+01,gold_establishments_2025,,,,21140197100018,2025,Collectivité Territoriale,Commune,['Calvados'],['Normandie'],COM,{14},{28}
debefbba-f10b-4c90-afda-e36e06290cc1,211401989,Commune de Cresseveuille (14),false,{14198},Commune,2026-03-24 14:41:53.63825+01,gold_establishments_2025,,,,21140198900010,2025,Collectivité Territoriale,Commune,['Calvados'],['Normandie'],COM,{14},{28}
01345316-0e19-47d2-96f4-9d2662050a46,213901804,Commune de Cressia (39),false,{39180},Commune,2026-03-24 14:41:59.705606+01,gold_establishments_2025,,,,21390180400012,2025,Collectivité Territoriale,Commune,['Jura'],['Bourgogne-Franche-Comté'],COM,{39},{27}
cc32ba6c-afef-4f95-bedd-9e9c7d9ecef6,210101333,Commune de Cressin-Rochefort (01),false,{01133},Commune,2026-03-24 14:41:51.447482+01,gold_establishments_2025,,,,21010133300016,2025,Collectivité Territoriale,Commune,['Ain'],['Auvergne-Rhône-Alpes'],COM,{01},{84}
02040148-1ef6-461c-af78-76cb0bf07999,216001768,Commune de Cressonsacq (60),false,{60177},Commune,2026-03-24 14:42:04.814328+01,gold_establishments_2025,,,,21600176800011,2025,Collectivité Territoriale,Commune,['Oise'],['Hauts-de-France'],COM,{60},{32}
431f1b7e-510f-4829-91cb-f4a5ec168cb0,218002160,Commune de Cressy-Omencourt (80),false,{80224},Commune,2026-03-24 14:42:09.967209+01,gold_establishments_2025,,,,21800216000016,2025,Collectivité Territoriale,Commune,['Somme'],['Hauts-de-France'],COM,{80},{32}
509205e4-44d2-4bec-9354-e4b4e3866ae0,217101526,Commune de Cressy-sur-Somme (71),false,{71152},Commune,2026-03-24 14:42:07.735343+01,gold_establishments_2025,,,,21710152600010,2025,Collectivité Territoriale,Commune,['Saône-et-Loire'],['Bourgogne-Franche-Comté'],COM,{71},{27}
96a38c93-2176-4233-b402-0be9eec6f397,211701354,Commune de Cressé (17),false,{17135},Commune,2026-03-24 14:41:54.903238+01,gold_establishments_2025,,,,21170135400014,2025,Collectivité Territoriale,Commune,['Charente-Maritime'],['Nouvelle-Aquitaine'],COM,{17},{75}
68c98901-72a9-4d74-99b0-72b976d7128f,212601082,Commune de Crest (26),false,{26108},Commune,2026-03-24 14:41:56.495197+01,gold_establishments_2025,,,,21260108200010,2025,Collectivité Territoriale,Commune,['Drôme'],['Auvergne-Rhône-Alpes'],COM,{26},{84}
38020cc4-dc61-45a2-b503-0dbb9dcc449e,217300946,Commune de Crest-Voland (73),false,{73094},Commune,2026-03-24 14:42:08.279287+01,gold_establishments_2025,,,,21730094600019,2025,Collectivité Territoriale,Commune,['Savoie'],['Auvergne-Rhône-Alpes'],COM,{73},{84}
55a7b392-51a4-4b94-aafc-27a31dcc6f30,218400406,Commune de Crestet (84),false,{84040},Commune,2026-03-24 14:42:10.508772+01,gold_establishments_2025,,,,21840040600011,2025,Collectivité Territoriale,Commune,['Vaucluse'],"[""Provence-Alpes-Côte d'Azur""]",COM,{84},{93}
461c491a-c280-4bb7-88f5-b438bcefb32a,212701858,Commune de Crestot (27),false,{27185},Commune,2026-03-24 14:41:57.028721+01,gold_establishments_2025,,,,21270185800012,2025,Collectivité Territoriale,Commune,['Eure'],['Normandie'],COM,{27},{28}
f1137eaf-74fd-41a9-aca0-4fc4de348cfe,200065118,Commune de Creully sur Seulles (14),false,{14200},Commune,2026-03-24 14:41:53.63825+01,gold_establishments_2025,,,,20006511800016,2025,Collectivité Territoriale,Commune,['Calvados'],['Normandie'],COM,{14},{28}
352746c2-8337-4dd5-95b9-ede554cf6ea6,218002178,Commune de Creuse (80),false,{80225},Commune,2026-03-24 14:42:09.967209+01,gold_establishments_2025,,,,21800217800018,2025,Collectivité Territoriale,Commune,['Somme'],['Hauts-de-France'],COM,{80},{32}
cb27351a-8e04-4fed-a465-708c9fc1ef39,215701608,Commune de Creutzwald (57),false,{57160},Commune,2026-03-24 14:42:03.701372+01,gold_establishments_2025,,,,21570160800014,2025,Collectivité Territoriale,Commune,['Moselle'],['Grand Est'],COM,{57},{44}
c995090a-7b3f-4615-a62b-87a282705c82,210300935,Commune de Creuzier-le-Neuf (03),false,{03093},Commune,2026-03-24 14:41:52.020251+01,gold_establishments_2025,,,,21030093500017,2025,Collectivité Territoriale,Commune,['Allier'],['Auvergne-Rhône-Alpes'],COM,{03},{84}
a0534ef5-f3ac-4cf9-98f7-1a443ddb6f0c,210300943,Commune de Creuzier-le-Vieux (03),false,{03094},Commune,2026-03-24 14:41:52.020251+01,gold_establishments_2025,,,,21030094300011,2025,Collectivité Territoriale,Commune,['Allier'],['Auvergne-Rhône-Alpes'],COM,{03},{84}
057884d4-7b18-4016-85f9-d7b32857de91,217001874,Commune de Crevans-et-la-Chapelle-lès-Granges (70),false,{70187},Commune,2026-03-24 14:42:07.735343+01,gold_establishments_2025,,,,21700187400015,2025,Collectivité Territoriale,Commune,['Haute-Saône'],['Bourgogne-Franche-Comté'],COM,{70},{27}
d70aae2c-138a-485b-be7f-3d962cce32db,213600604,Commune de Crevant (36),false,{36060},Commune,2026-03-24 14:41:59.160244+01,gold_establishments_2025,,,,21360060400010,2025,Collectivité Territoriale,Commune,['Indre'],['Centre-Val de Loire'],COM,{36},{24}
356ec73d-d7bc-4e26-a3ec-51a18cbff113,216301283,Commune de Crevant-Laveine (63),false,{63128},Commune,2026-03-24 14:42:06.130387+01,gold_establishments_2025,,,,21630128300018,2025,Collectivité Territoriale,Commune,['Puy-de-Dôme'],['Auvergne-Rhône-Alpes'],COM,{63},{84}
13f884bc-0ca3-4113-b925-6acec09d8466,217001882,Commune de Creveney (70),false,{70188},Commune,2026-03-24 14:42:07.735343+01,gold_establishments_2025,,,,21700188200018,2025,Collectivité Territoriale,Commune,['Haute-Saône'],['Bourgogne-Franche-Comté'],COM,{70},{27}
f5797330-3bb2-442d-800c-0f108a9fe268,213500903,Commune de Crevin (35),false,{35090},Commune,2026-03-24 14:41:58.620411+01,gold_establishments_2025,,,,21350090300017,2025,Collectivité Territoriale,Commune,['Ille-et-Vilaine'],['Bretagne'],COM,{35},{53}
cfc9ce10-4d91-46a8-a4b1-e545214f77d9,213801392,Commune de Creys-Mépieu (38),false,{38139},Commune,2026-03-24 14:41:59.160244+01,gold_establishments_2025,,,,21380139200019,2025,Collectivité Territoriale,Commune,['Isère'],['Auvergne-Rhône-Alpes'],COM,{38},{84}
6925062d-8ceb-4add-b55f-388fe2e57cc0,212401442,Commune de Creyssac (24),false,{24144},Commune,2026-03-24 14:41:55.958138+01,gold_establishments_2025,,,,21240144200018,2025,Collectivité Territoriale,Commune,['Dordogne'],['Nouvelle-Aquitaine'],COM,{24},{75}
73dd13d9-e260-4f4e-a0c5-e2863a0479d7,212401459,Commune de Creysse (24),false,{24145},Commune,2026-03-24 14:41:55.958138+01,gold_establishments_2025,,,,21240145900012,2025,Collectivité Territoriale,Commune,['Dordogne'],['Nouvelle-Aquitaine'],COM,{24},{75}
75d5b434-7631-4370-8a47-f243d5c6a4de,214600843,Commune de Creysse (46),false,{46084},Commune,2026-03-24 14:42:00.862623+01,gold_establishments_2025,,,,21460084300012,2025,Collectivité Territoriale,Commune,['Lot'],['Occitanie'],COM,{46},{76}
213beafc-5fac-48fd-a0a0-5cc6acaf9907,210700746,Commune de Creysseilles (07),false,{07074},Commune,2026-03-24 14:41:52.562531+01,gold_establishments_2025,,,,21070074600014,2025,Collectivité Territoriale,Commune,['Ardèche'],['Auvergne-Rhône-Alpes'],COM,{07},{84}
c6a4e849-781f-4fa8-ba8c-3b31b7535abd,212401467,Commune de Creyssensac-et-Pissot (24),false,{24146},Commune,2026-03-24 14:41:55.958138+01,gold_establishments_2025,,,,21240146700015,2025,Collectivité Territoriale,Commune,['Dordogne'],['Nouvelle-Aquitaine'],COM,{24},{75}
8da25fac-e948-4196-876f-12ae544a1c7e,211402029,Commune de Cricquebœuf (14),false,{14202},Commune,2026-03-24 14:41:53.63825+01,gold_establishments_2025,,,,21140202900014,2025,Collectivité Territoriale,Commune,['Calvados'],['Normandie'],COM,{14},{28}
83de1681-a738-45fe-a8c5-b13454ba91f8,211402037,Commune de Cricqueville-en-Auge (14),false,{14203},Commune,2026-03-24 14:41:53.63825+01,gold_establishments_2025,,,,21140203700017,2025,Collectivité Territoriale,Commune,['Calvados'],['Normandie'],COM,{14},{28}
0f0c8fae-b49a-4fd1-957b-b9826b2f8507,211402045,Commune de Cricqueville-en-Bessin (14),false,{14204},Commune,2026-03-24 14:41:53.63825+01,gold_establishments_2025,,,,21140204500010,2025,Collectivité Territoriale,Commune,['Calvados'],['Normandie'],COM,{14},{28}
2b9291ba-0b73-4ecc-a34e-38c72ec8b9c2,217601921,Commune de Criel-sur-Mer (76),false,{76192},Commune,2026-03-24 14:42:08.818969+01,gold_establishments_2025,,,,21760192100018,2025,Collectivité Territoriale,Commune,['Seine-Maritime'],['Normandie'],COM,{76},{28}
bf345717-35b2-4679-aee0-663d68b365ce,216001792,Commune de Crillon (60),false,{60180},Commune,2026-03-24 14:42:04.814328+01,gold_establishments_2025,,,,21600179200011,2025,Collectivité Territoriale,Commune,['Oise'],['Hauts-de-France'],COM,{60},{32}
86ecd3b0-1f13-4a3f-a411-2d1d27cad28b,218400414,Commune de Crillon-le-Brave (84),false,{84041},Commune,2026-03-24 14:42:10.508772+01,gold_establishments_2025,,,,21840041400015,2025,Collectivité Territoriale,Commune,['Vaucluse'],"[""Provence-Alpes-Côte d'Azur""]",COM,{84},{93}
3ebcc02c-3e0d-4fed-a003-4b14012a001b,215401472,Commune de Crion (54),false,{54147},Commune,2026-03-24 14:42:02.957225+01,gold_establishments_2025,,,,21540147200018,2025,Collectivité Territoriale,Commune,['Meurthe-et-Moselle'],['Grand Est'],COM,{54},{44}
919531d0-5bd5-45e3-8f2e-7867f08e17e7,217601947,Commune de Criquebeuf-en-Caux (76),false,{76194},Commune,2026-03-24 14:42:08.818969+01,gold_establishments_2025,,,,21760194700013,2025,Collectivité Territoriale,Commune,['Seine-Maritime'],['Normandie'],COM,{76},{28}
2469b0e4-dfba-4b18-816a-fbecfed922ec,212701874,Commune de Criquebeuf-la-Campagne (27),false,{27187},Commune,2026-03-24 14:41:57.028721+01,gold_establishments_2025,,,,21270187400019,2025,Collectivité Territoriale,Commune,['Eure'],['Normandie'],COM,{27},{28}
0d1d4856-4037-4189-b759-16f1caf4e50b,212701882,Commune de Criquebeuf-sur-Seine (27),false,{27188},Commune,2026-03-24 14:41:57.028721+01,gold_establishments_2025,,,,21270188200012,2025,Collectivité Territoriale,Commune,['Eure'],['Normandie'],COM,{27},{28}
42b205c0-ed65-4705-950e-c84ab44ad389,217601962,Commune de Criquetot-l'Esneval (76),false,{76196},Commune,2026-03-24 14:42:08.818969+01,gold_establishments_2025,,,,21760196200012,2025,Collectivité Territoriale,Commune,['Seine-Maritime'],['Normandie'],COM,{76},{28}
5699f71d-1d17-4460-a38a-14724d7e1455,217601954,Commune de Criquetot-le-Mauconduit (76),false,{76195},Commune,2026-03-24 14:42:08.818969+01,gold_establishments_2025,,,,21760195400019,2025,Collectivité Territoriale,Commune,['Seine-Maritime'],['Normandie'],COM,{76},{28}
19f6431a-3f0f-4fd9-9a82-5b2c307833ab,217601970,Commune de Criquetot-sur-Longueville (76),false,{76197},Commune,2026-03-24 14:42:08.818969+01,gold_establishments_2025,,,,21760197000015,2025,Collectivité Territoriale,Commune,['Seine-Maritime'],['Normandie'],COM,{76},{28}
dfc89758-f7e6-4730-99eb-b9bf7ffc6b53,217601988,Commune de Criquetot-sur-Ouville (76),false,{76198},Commune,2026-03-24 14:42:08.818969+01,gold_establishments_2025,,,,21760198800017,2025,Collectivité Territoriale,Commune,['Seine-Maritime'],['Normandie'],COM,{76},{28}
bb388f97-cd11-478c-8182-afbcb7ae11cf,217601996,Commune de Criquiers (76),false,{76199},Commune,2026-03-24 14:42:08.818969+01,gold_establishments_2025,,,,21760199600010,2025,Collectivité Territoriale,Commune,['Seine-Maritime'],['Normandie'],COM,{76},{28}
3531f91f-94a7-4ead-99d6-af79f734794e,217701457,Commune de Crisenoy (77),false,{77145},Commune,2026-03-24 14:42:09.43682+01,gold_establishments_2025,,,,21770145700012,2025,Collectivité Territoriale,Commune,['Seine-et-Marne'],['Île-de-France'],COM,{77},{11}
d7f00272-d9fb-42ae-abac-a767b9a25ba0,216001800,Commune de Crisolles (60),false,{60181},Commune,2026-03-24 14:42:04.814328+01,gold_establishments_2025,,,,21600180000012,2025,Collectivité Territoriale,Commune,['Oise'],['Hauts-de-France'],COM,{60},{32}
a9a10647-2175-438c-a5eb-a1e4dd4b3470,213700909,Commune de Crissay-sur-Manse (37),false,{37090},Commune,2026-03-24 14:41:59.160244+01,gold_establishments_2025,,,,21370090900012,2025,Collectivité Territoriale,Commune,['Indre-et-Loire'],['Centre-Val de Loire'],COM,{37},{24}
26c1bfb6-d459-405d-bb42-c0d3c67bbcb7,213901820,Commune de Crissey (39),false,{39182},Commune,2026-03-24 14:41:59.705606+01,gold_establishments_2025,,,,21390182000018,2025,Collectivité Territoriale,Commune,['Jura'],['Bourgogne-Franche-Comté'],COM,{39},{27}
6bdd5ce3-6c1a-489c-a00e-fe44e9134bf6,217101542,Commune de Crissey (71),false,{71154},Commune,2026-03-24 14:42:07.735343+01,gold_establishments_2025,,,,21710154200017,2025,Collectivité Territoriale,Commune,['Saône-et-Loire'],['Bourgogne-Franche-Comté'],COM,{71},{27}
9a66f6d8-4405-4b57-a7e3-49d49c15bec2,217201094,Commune de Crissé (72),false,{72109},Commune,2026-03-24 14:42:08.279287+01,gold_establishments_2025,,,,21720109400018,2025,Collectivité Territoriale,Commune,['Sarthe'],['Pays de la Loire'],COM,{72},{52}
38e539d2-8819-4230-91ca-cf858ea7f879,212001002,Commune de Cristinacce (2A),false,{2A100},Commune,2026-03-24 14:41:57.56054+01,gold_establishments_2025,,,,21200100200014,2025,Collectivité Territoriale,Commune,['Corse-du-Sud'],['Corse'],COM,{2A},{94}
6bcc4f2a-3342-4ba5-90aa-afe6ea1c3d22,211402052,Commune de Cristot (14),false,{14205},Commune,2026-03-24 14:41:53.63825+01,gold_establishments_2025,,,,21140205200016,2025,Collectivité Territoriale,Commune,['Calvados'],['Normandie'],COM,{14},{28}
1a2f555c-8051-4bde-839b-671b981b2a50,211601166,Commune de Criteuil-la-Magdeleine (16),false,{16116},Commune,2026-03-24 14:41:54.362296+01,gold_establishments_2025,,,,21160116600013,2025,Collectivité Territoriale,Commune,['Charente'],['Nouvelle-Aquitaine'],COM,{16},{75}
0b0b6ca8-d381-48ef-9309-32aa6c8c11c9,217602002,Commune de Critot (76),false,{76200},Commune,2026-03-24 14:42:08.818969+01,gold_establishments_2025,,,,21760200200016,2025,Collectivité Territoriale,Commune,['Seine-Maritime'],['Normandie'],COM,{76},{28}
60be88e2-8a9a-44e9-8442-59e614ce7632,212001010,Commune de Croce (2B),false,{2B101},Commune,2026-03-24 14:41:57.56054+01,gold_establishments_2025,,,,21200101000017,2025,Collectivité Territoriale,Commune,['Haute-Corse'],['Corse'],COM,{2B},{94}
178e2e61-86ee-465d-8837-bc6cd0d0c82a,215901620,Commune de Crochte (59),false,{59162},Commune,2026-03-24 14:42:04.280096+01,gold_establishments_2025,,,,21590162000033,2025,Collectivité Territoriale,Commune,['Nord'],['Hauts-de-France'],COM,{59},{32}
3da6ccc3-061c-46cf-9384-7bd905b0b808,212001028,Commune de Crocicchia (2B),false,{2B102},Commune,2026-03-24 14:41:57.56054+01,gold_establishments_2025,,,,21200102800019,2025,Collectivité Territoriale,Commune,['Haute-Corse'],['Corse'],COM,{2B},{94}
f83f3739-2a38-439e-a516-c682860b9843,212306906,Commune de Crocq (23),false,{23069},Commune,2026-03-24 14:41:55.958138+01,gold_establishments_2025,,,,21230690600018,2025,Collectivité Territoriale,Commune,['Creuse'],['Nouvelle-Aquitaine'],COM,{23},{75}
6393c8af-5e81-4fb5-8a72-2324ade52eca,211402060,Commune de Crocy (14),false,{14206},Commune,2026-03-24 14:41:53.63825+01,gold_establishments_2025,,,,21140206000019,2025,Collectivité Territoriale,Commune,['Calvados'],['Normandie'],COM,{14},{28}
f7a08268-3b3c-4c7b-824b-5ab82b74204a,213301419,Commune de Croignon (33),false,{33141},Commune,2026-03-24 14:41:58.620411+01,gold_establishments_2025,,,,21330141900015,2025,Collectivité Territoriale,Commune,['Gironde'],['Nouvelle-Aquitaine'],COM,{33},{75}
0bb3f738-2ed2-4b86-aac0-02aa7c2d839e,216202580,Commune de Croisette (62),false,{62258},Commune,2026-03-24 14:42:05.597325+01,gold_establishments_2025,,,,21620258000017,2025,Collectivité Territoriale,Commune,['Pas-de-Calais'],['Hauts-de-France'],COM,{62},{32}
6f3f6cef-b1e1-4042-b7ae-0543f870350e,211402078,Commune de Croisilles (14),false,{14207},Commune,2026-03-24 14:41:54.362296+01,gold_establishments_2025,,,,21140207800011,2025,Collectivité Territoriale,Commune,['Calvados'],['Normandie'],COM,{14},{28}
b9c99b01-3a71-4b87-a591-1a624461943b,212801187,Commune de Croisilles (28),false,{28118},Commune,2026-03-24 14:41:57.028721+01,gold_establishments_2025,,,,21280118700015,2025,Collectivité Territoriale,Commune,['Eure-et-Loir'],['Centre-Val de Loire'],COM,{28},{24}
363a0827-2b24-43be-a497-ff45b726e72b,216101386,Commune de Croisilles (61),false,{61138},Commune,2026-03-24 14:42:05.597325+01,gold_establishments_2025,,,,21610138600011,2025,Collectivité Territoriale,Commune,['Orne'],['Normandie'],COM,{61},{28}
a6a3b8a8-31ed-437d-a380-c39e62ec5942,216202598,Commune de Croisilles (62),false,{62259},Commune,2026-03-24 14:42:05.597325+01,gold_establishments_2025,,,,21620259800019,2025,Collectivité Territoriale,Commune,['Pas-de-Calais'],['Hauts-de-France'],COM,{62},{32}
f6b3856b-6244-4e9a-8ada-3c55f2b93bed,215401480,Commune de Croismare (54),false,{54148},Commune,2026-03-24 14:42:02.957225+01,gold_establishments_2025,,,,21540148000011,2025,Collectivité Territoriale,Commune,['Meurthe-et-Moselle'],['Grand Est'],COM,{54},{44}
6f78f536-f8d1-440e-8f13-1f5d4d8a63f5,217701465,Commune de Croissy-Beaubourg (77),false,{77146},Commune,2026-03-24 14:42:09.43682+01,gold_establishments_2025,,,,21770146500015,2025,Collectivité Territoriale,Commune,['Seine-et-Marne'],['Île-de-France'],COM,{77},{11}
dc01e8cc-bc18-469f-b0fa-4fa7b82c619e,216001826,Commune de Croissy-sur-Celle (60),false,{60183},Commune,2026-03-24 14:42:04.814328+01,gold_establishments_2025,,,,21600182600017,2025,Collectivité Territoriale,Commune,['Oise'],['Hauts-de-France'],COM,{60},{32}
329006d0-89c8-4204-b68f-074cc5e95bb6,217801901,Commune de Croissy-sur-Seine (78),false,{78190},Commune,2026-03-24 14:42:09.43682+01,gold_establishments_2025,,,,21780190100109,2025,Collectivité Territoriale,Commune,['Yvelines'],['Île-de-France'],COM,{78},{11}
d956f3c7-0666-4581-9941-4929c0c47875,211800800,Commune de Croisy (18),false,{18080},Commune,2026-03-24 14:41:54.903238+01,gold_establishments_2025,,,,21180080000016,2025,Collectivité Territoriale,Commune,['Cher'],['Centre-Val de Loire'],COM,{18},{24}
32c327b7-a864-4e8b-845f-4312aff4094f,217602010,Commune de Croisy-sur-Andelle (76),false,{76201},Commune,2026-03-24 14:42:08.818969+01,gold_establishments_2025,,,,21760201000019,2025,Collectivité Territoriale,Commune,['Seine-Maritime'],['Normandie'],COM,{76},{28}
33fbf516-72ef-45f9-bb5c-ebd6d59485f6,212701908,Commune de Croisy-sur-Eure (27),false,{27190},Commune,2026-03-24 14:41:57.028721+01,gold_establishments_2025,,,,21270190800015,2025,Collectivité Territoriale,Commune,['Eure'],['Normandie'],COM,{27},{28}
6183d4f3-3db8-45ef-a2d6-0dbaa281e4b4,215901638,Commune de Croix (59),false,{59163},Commune,2026-03-24 14:42:04.280096+01,gold_establishments_2025,,,,21590163800019,2025,Collectivité Territoriale,Commune,['Nord'],['Hauts-de-France'],COM,{59},{32}
17961f5f-4f74-4fdb-a4c5-5b6c0fe4902b,219000304,Commune de Croix (90),false,{90030},Commune,2026-03-24 14:42:11.659493+01,gold_establishments_2025,,,,21900030400010,2025,Collectivité Territoriale,Commune,['Territoire de Belfort'],['Bourgogne-Franche-Comté'],COM,{90},{27}
e4520132-5f07-4245-b311-f7c67ebe1828,215901646,Commune de Croix-Caluyau (59),false,{59164},Commune,2026-03-24 14:42:04.280096+01,gold_establishments_2025,,,,21590164600012,2025,Collectivité Territoriale,Commune,['Nord'],['Hauts-de-France'],COM,{59},{32}
51a463c3-1b92-446f-981c-98567da0f0a3,211701362,Commune de Croix-Chapeau (17),false,{17136},Commune,2026-03-24 14:41:54.903238+01,gold_establishments_2025,,,,21170136200017,2025,Collectivité Territoriale,Commune,['Charente-Maritime'],['Nouvelle-Aquitaine'],COM,{17},{75}
0efb2468-0a26-41b7-8e1d-ecfa9c625d92,210202255,Commune de Croix-Fonsomme (02),false,{02240},Commune,2026-03-24 14:41:52.020251+01,gold_establishments_2025,,,,21020225500019,2025,Collectivité Territoriale,Commune,['Aisne'],['Hauts-de-France'],COM,{02},{32}
1d176b7c-9491-4cc6-92e0-3aefe27e6b6a,217602036,Commune de Croix-Mare (76),false,{76203},Commune,2026-03-24 14:42:08.818969+01,gold_establishments_2025,,,,21760203600014,2025,Collectivité Territoriale,Commune,['Seine-Maritime'],['Normandie'],COM,{76},{28}
8bc3dc63-c8cb-47b4-a933-c31ddfe1992c,218002186,Commune de Croix-Moligneaux (80),false,{80226},Commune,2026-03-24 14:42:09.967209+01,gold_establishments_2025,,,,21800218600011,2025,Collectivité Territoriale,Commune,['Somme'],['Hauts-de-France'],COM,{80},{32}
751f4652-570a-4858-8007-f5db61a01315,216202606,Commune de Croix-en-Ternois (62),false,{62260},Commune,2026-03-24 14:42:05.597325+01,gold_establishments_2025,,,,21620260600010,2025,Collectivité Territoriale,Commune,['Pas-de-Calais'],['Hauts-de-France'],COM,{62},{32}
8a2f39ba-ed08-43a7-9666-ad1106990e92,217602028,Commune de Croixdalle (76),false,{76202},Commune,2026-03-24 14:42:08.818969+01,gold_establishments_2025,,,,21760202800011,2025,Collectivité Territoriale,Commune,['Seine-Maritime'],['Normandie'],COM,{76},{28}
c8234b01-8842-40a9-9737-fdc6a37904aa,218002194,Commune de Croixrault (80),false,{80227},Commune,2026-03-24 14:42:09.967209+01,gold_establishments_2025,,,,21800219400015,2025,Collectivité Territoriale,Commune,['Somme'],['Hauts-de-France'],COM,{80},{32}
d6fa0aa5-735e-440c-9ca9-9688adc02c64,214200776,Commune de Croizet-sur-Gand (42),false,{42077},Commune,2026-03-24 14:42:00.273698+01,gold_establishments_2025,,,,21420077600018,2025,Collectivité Territoriale,Commune,['Loire'],['Auvergne-Rhône-Alpes'],COM,{42},{84}
00daad76-2de6-48db-aca9-5afab162ec10,213801400,Commune de Crolles (38),false,{38140},Commune,2026-03-24 14:41:59.160244+01,gold_establishments_2025,,,,21380140000010,2025,Collectivité Territoriale,Commune,['Isère'],['Auvergne-Rhône-Alpes'],COM,{38},{84}
c110354e-1251-4253-8d6c-9e0a7bc9d5f3,215001553,Commune de Crollon (50),false,{50155},Commune,2026-03-24 14:42:01.412377+01,gold_establishments_2025,,,,21500155300019,2025,Collectivité Territoriale,Commune,['Manche'],['Normandie'],COM,{50},{28}
e23c6f20-aea3-41a0-8625-ebbef30dbc93,218705309,Commune de Cromac (87),false,{87053},Commune,2026-03-24 14:42:11.118516+01,gold_establishments_2025,,,,21870530900019,2025,Collectivité Territoriale,Commune,['Haute-Vienne'],['Nouvelle-Aquitaine'],COM,{87},{75}
42a96bb9-3f5f-4f53-ba16-8c76bee8771f,217001890,Commune de Cromary (70),false,{70189},Commune,2026-03-24 14:42:07.735343+01,gold_establishments_2025,,,,21700189000011,2025,Collectivité Territoriale,Commune,['Haute-Saône'],['Bourgogne-Franche-Comté'],COM,{70},{27}
1c48b429-c40d-44d9-9c92-247b7348cf3e,217101559,Commune de Cronat (71),false,{71155},Commune,2026-03-24 14:42:07.735343+01,gold_establishments_2025,,,,21710155900011,2025,Collectivité Territoriale,Commune,['Saône-et-Loire'],['Bourgogne-Franche-Comté'],COM,{71},{27}
f6f4abef-d9b4-49b8-a940-555e6f3d13db,214300824,Commune de Cronce (43),false,{43082},Commune,2026-03-24 14:42:00.273698+01,gold_establishments_2025,,,,21430082400015,2025,Collectivité Territoriale,Commune,['Haute-Loire'],['Auvergne-Rhône-Alpes'],COM,{43},{84}
262c34f4-1aed-4aa2-9899-fcfeeaef7015,217602044,Commune de Cropus (76),false,{76204},Commune,2026-03-24 14:42:08.818969+01,gold_establishments_2025,,,,21760204400018,2025,Collectivité Territoriale,Commune,['Seine-Maritime'],['Normandie'],COM,{76},{28}
2ce34bee-70c4-4d54-aa98-639941b583e4,213000995,Commune de Cros (30),false,{30099},Commune,2026-03-24 14:41:57.56054+01,gold_establishments_2025,,,,21300099500018,2025,Collectivité Territoriale,Commune,['Gard'],['Occitanie'],COM,{30},{76}
98cdc1de-230f-487a-985e-59bbad71e52e,216301291,Commune de Cros (63),false,{63129},Commune,2026-03-24 14:42:06.130387+01,gold_establishments_2025,,,,21630129100011,2025,Collectivité Territoriale,Commune,['Puy-de-Dôme'],['Auvergne-Rhône-Alpes'],COM,{63},{84}
e69d3c20-5ca5-4023-9a40-8d647045dfe6,210700753,Commune de Cros-de-Géorand (07),false,{07075},Commune,2026-03-24 14:41:52.562531+01,gold_establishments_2025,,,,21070075300010,2025,Collectivité Territoriale,Commune,['Ardèche'],['Auvergne-Rhône-Alpes'],COM,{07},{84}
acfa5c69-046c-4d65-a0ea-7b7bc7dde2b4,211500574,Commune de Cros-de-Montvert (15),false,{15057},Commune,2026-03-24 14:41:54.362296+01,gold_establishments_2025,,,,21150057400010,2025,Collectivité Territoriale,Commune,['Cantal'],['Auvergne-Rhône-Alpes'],COM,{15},{84}
d0286816-8790-44cb-a572-c0ccf751d5e3,211500582,Commune de Cros-de-Ronesque (15),false,{15058},Commune,2026-03-24 14:41:54.362296+01,gold_establishments_2025,,,,21150058200013,2025,Collectivité Territoriale,Commune,['Cantal'],['Auvergne-Rhône-Alpes'],COM,{15},{84}
ee4a9bba-da32-4b37-85f7-1c49db703212,212501779,Commune de Crosey-le-Grand (25),false,{25177},Commune,2026-03-24 14:41:56.495197+01,gold_establishments_2025,,,,21250177900012,2025,Collectivité Territoriale,Commune,['Doubs'],['Bourgogne-Franche-Comté'],COM,{25},{27}
643edad0-001d-44bf-b75e-d7761975def8,212501787,Commune de Crosey-le-Petit (25),false,{25178},Commune,2026-03-24 14:41:56.495197+01,gold_establishments_2025,,,,21250178700015,2025,Collectivité Territoriale,Commune,['Doubs'],['Bourgogne-Franche-Comté'],COM,{25},{27}
234aabc1-2027-44e8-abb1-87589930f595,217201102,Commune de Crosmières (72),false,{72110},Commune,2026-03-24 14:42:08.279287+01,gold_establishments_2025,,,,21720110200019,2025,Collectivité Territoriale,Commune,['Sarthe'],['Pays de la Loire'],COM,{72},{52}
9b8a0e7d-7c4d-44de-820c-34bd76c40266,219101912,Commune de Crosne (91),false,{91191},Commune,2026-03-24 14:42:11.659493+01,gold_establishments_2025,,,,21910191200018,2025,Collectivité Territoriale,Commune,['Essonne'],['Île-de-France'],COM,{91},{11}
b3ea84f3-f1f0-4232-ad1d-30b52070b9f9,214400509,Commune de Crossac (44),false,{44050},Commune,2026-03-24 14:42:00.273698+01,gold_establishments_2025,,,,21440050900011,2025,Collectivité Territoriale,Commune,['Loire-Atlantique'],['Pays de la Loire'],COM,{44},{52}
a3e8dbfc-2593-4b25-b212-ed6349318dda,211800818,Commune de Crosses (18),false,{18081},Commune,2026-03-24 14:41:54.903238+01,gold_establishments_2025,,,,21180081800018,2025,Collectivité Territoriale,Commune,['Cher'],['Centre-Val de Loire'],COM,{18},{24}
e98c3911-1110-4466-9508-7be13264f8ee,212701924,Commune de Crosville-la-Vieille (27),false,{27192},Commune,2026-03-24 14:41:57.028721+01,gold_establishments_2025,,,,21270192400012,2025,Collectivité Territoriale,Commune,['Eure'],['Normandie'],COM,{27},{28}
c19099dd-342f-4e44-8ba3-7e730f47520d,215001561,Commune de Crosville-sur-Douve (50),false,{50156},Commune,2026-03-24 14:42:01.412377+01,gold_establishments_2025,,,,21500156100012,2025,Collectivité Territoriale,Commune,['Manche'],['Normandie'],COM,{50},{28}
fe2a7e75-ffc9-4d01-8be1-8413661289ef,217602051,Commune de Crosville-sur-Scie (76),false,{76205},Commune,2026-03-24 14:42:08.818969+01,gold_establishments_2025,,,,21760205100013,2025,Collectivité Territoriale,Commune,['Seine-Maritime'],['Normandie'],COM,{76},{28}
71905b96-a6a9-4584-9148-45f994055f50,213700925,Commune de Crotelles (37),false,{37092},Commune,2026-03-24 14:41:59.160244+01,gold_establishments_2025,,,,21370092500018,2025,Collectivité Territoriale,Commune,['Indre-et-Loire'],['Centre-Val de Loire'],COM,{37},{24}
5e41fe31-7122-4109-b95f-e3235c18d11b,213901838,Commune de Crotenay (39),false,{39183},Commune,2026-03-24 14:41:59.705606+01,gold_establishments_2025,,,,21390183800010,2025,Collectivité Territoriale,Commune,['Jura'],['Bourgogne-Franche-Comté'],COM,{39},{27}
3af4544b-a8d1-45a6-a2fb-e8759edfb641,212701932,Commune de Croth (27),false,{27193},Commune,2026-03-24 14:41:57.028721+01,gold_establishments_2025,,,,21270193200015,2025,Collectivité Territoriale,Commune,['Eure'],['Normandie'],COM,{27},{28}
16ff8901-65a2-4652-af8d-cccf04bfe38a,210500450,Commune de Crots (05),false,{05045},Commune,2026-03-24 14:41:52.562531+01,gold_establishments_2025,,,,21050045000015,2025,Collectivité Territoriale,Commune,['Hautes-Alpes'],"[""Provence-Alpes-Côte d'Azur""]",COM,{05},{93}
ed5e4af7-cf8f-40a0-ab06-aad0ac91fd04,214501181,Commune de Crottes-en-Pithiverais (45),false,{45118},Commune,2026-03-24 14:42:00.862623+01,gold_establishments_2025,,,,21450118100017,2025,Collectivité Territoriale,Commune,['Loiret'],['Centre-Val de Loire'],COM,{45},{24}
b00f82ec-7ac9-4984-983b-b06774a2e5d4,210101341,Commune de Crottet (01),false,{01134},Commune,2026-03-24 14:41:51.447482+01,gold_establishments_2025,,,,21010134100019,2025,Collectivité Territoriale,Commune,['Ain'],['Auvergne-Rhône-Alpes'],COM,{01},{84}
6cdeb9bd-1df3-44a5-a56c-74c74be21be8,211402094,Commune de Crouay (14),false,{14209},Commune,2026-03-24 14:41:54.362296+01,gold_establishments_2025,,,,21140209400018,2025,Collectivité Territoriale,Commune,['Calvados'],['Normandie'],COM,{14},{28}
17f7c1b8-abc8-4612-88fa-52dd673c1593,216401968,Commune de Crouseilles (64),false,{64196},Commune,2026-03-24 14:42:06.130387+01,gold_establishments_2025,,,,21640196800013,2025,Collectivité Territoriale,Commune,['Pyrénées-Atlantiques'],['Nouvelle-Aquitaine'],COM,{64},{75}
264bbda4-281d-4ea0-a8af-855d5fe1e687,218600880,Commune de Croutelle (86),false,{86088},Commune,2026-03-24 14:42:10.508772+01,gold_establishments_2025,,,,21860088000015,2025,Collectivité Territoriale,Commune,['Vienne'],['Nouvelle-Aquitaine'],COM,{86},{75}
a9933540-efb5-4844-beea-f75be173ead4,216001834,Commune de Croutoy (60),false,{60184},Commune,2026-03-24 14:42:04.814328+01,gold_establishments_2025,,,,21600183400011,2025,Collectivité Territoriale,Commune,['Oise'],['Hauts-de-France'],COM,{60},{32}
0bdcdc0a-e6e7-4a67-aa27-1847eba87b33,216101394,Commune de Crouttes (61),false,{61139},Commune,2026-03-24 14:42:05.597325+01,gold_establishments_2025,,,,21610139400015,2025,Collectivité Territoriale,Commune,['Orne'],['Normandie'],COM,{61},{28}
abc70cf9-6d64-42f5-a702-4e9fa617683f,210202271,Commune de Crouttes-sur-Marne (02),false,{02242},Commune,2026-03-24 14:41:52.020251+01,gold_establishments_2025,,,,21020227100016,2025,Collectivité Territoriale,Commune,['Aisne'],['Hauts-de-France'],COM,{02},{32}
9214d596-ab1a-4d9f-aadb-ffe55ff35bc1,210202289,Commune de Crouy (02),false,{02243},Commune,2026-03-24 14:41:52.020251+01,gold_establishments_2025,,,,21020228900018,2025,Collectivité Territoriale,Commune,['Aisne'],['Hauts-de-France'],COM,{02},{32}
f2fa9710-33f1-47f9-b7c1-4371db801c95,218002210,Commune de Crouy-Saint-Pierre (80),false,{80229},Commune,2026-03-24 14:42:09.967209+01,gold_establishments_2025,,,,21800221000019,2025,Collectivité Territoriale,Commune,['Somme'],['Hauts-de-France'],COM,{80},{32}
5f928dfc-bf67-481e-b312-24332bd88db8,216001842,Commune de Crouy-en-Thelle (60),false,{60185},Commune,2026-03-24 14:42:04.814328+01,gold_establishments_2025,,,,21600184200014,2025,Collectivité Territoriale,Commune,['Oise'],['Hauts-de-France'],COM,{60},{32}
9be43cb8-54bb-483c-b8b9-e5c9a9ee1190,214100711,Commune de Crouy-sur-Cosson (41),false,{41071},Commune,2026-03-24 14:42:00.273698+01,gold_establishments_2025,,,,21410071100016,2025,Collectivité Territoriale,Commune,['Loir-et-Cher'],['Centre-Val de Loire'],COM,{41},{24}
41d5bb28-847a-46c7-a49a-35eef7897c51,217701481,Commune de Crouy-sur-Ourcq (77),false,{77148},Commune,2026-03-24 14:42:09.43682+01,gold_establishments_2025,,,,21770148100012,2025,Collectivité Territoriale,Commune,['Seine-et-Marne'],['Île-de-France'],COM,{77},{11}
11ccdab2-0760-415d-a4dd-1ab4555c03fe,212501803,Commune de Crouzet-Migette (25),false,{25180},Commune,2026-03-24 14:41:56.495197+01,gold_establishments_2025,,,,21250180300010,2025,Collectivité Territoriale,Commune,['Doubs'],['Bourgogne-Franche-Comté'],COM,{25},{27}
6b8aa38a-dfa7-416d-8c69-052ea18a256f,213700933,Commune de Crouzilles (37),false,{37093},Commune,2026-03-24 14:41:59.160244+01,gold_establishments_2025,,,,21370093300012,2025,Collectivité Territoriale,Commune,['Indre-et-Loire'],['Centre-Val de Loire'],COM,{37},{24}
1ccb1802-b05d-491b-bffe-e682e00f8e1b,212307003,Commune de Crozant (23),false,{23070},Commune,2026-03-24 14:41:55.958138+01,gold_establishments_2025,,,,21230700300013,2025,Collectivité Territoriale,Commune,['Creuse'],['Nouvelle-Aquitaine'],COM,{23},{75}
c8c8b148-22c1-494a-925e-4eb95cd62819,212307102,Commune de Croze (23),false,{23071},Commune,2026-03-24 14:41:55.958138+01,gold_establishments_2025,,,,21230710200013,2025,Collectivité Territoriale,Commune,['Creuse'],['Nouvelle-Aquitaine'],COM,{23},{75}
19d2768c-3f66-4365-ae5f-80dd9d42cec4,212601108,Commune de Crozes-Hermitage (26),false,{26110},Commune,2026-03-24 14:41:56.495197+01,gold_establishments_2025,,,,21260110800013,2025,Collectivité Territoriale,Commune,['Drôme'],['Auvergne-Rhône-Alpes'],COM,{26},{84}
7ea9731c-1dd6-4e1d-9cb6-2a9c4a05d44a,210101358,Commune de Crozet (01),false,{01135},Commune,2026-03-24 14:41:51.447482+01,gold_establishments_2025,,,,21010135800013,2025,Collectivité Territoriale,Commune,['Ain'],['Auvergne-Rhône-Alpes'],COM,{01},{84}
6aab7b3b-6cad-43e1-8ede-25a7b7593a3c,212900427,Commune de Crozon (29),false,{29042},Commune,2026-03-24 14:41:57.028721+01,gold_establishments_2025,,,,21290042700015,2025,Collectivité Territoriale,Commune,['Finistère'],['Bretagne'],COM,{29},{53}
4fdfb053-c2f0-48ca-b080-3ed277a71203,213600612,Commune de Crozon-sur-Vauvre (36),false,{36061},Commune,2026-03-24 14:41:59.160244+01,gold_establishments_2025,,,,21360061200013,2025,Collectivité Territoriale,Commune,['Indre'],['Centre-Val de Loire'],COM,{36},{24}
5b5b3435-0433-46a0-9882-f0ff86afdd44,210700761,Commune de Cruas (07),false,{07076},Commune,2026-03-24 14:41:52.562531+01,gold_establishments_2025,,,,21070076100013,2025,Collectivité Territoriale,Commune,['Ardèche'],['Auvergne-Rhône-Alpes'],COM,{07},{84}
6e42b429-1f2e-48fd-aca2-656f5e6a655e,212801203,Commune de Crucey-Villages (28),false,{28120},Commune,2026-03-24 14:41:57.028721+01,gold_establishments_2025,,,,21280120300010,2025,Collectivité Territoriale,Commune,['Eure-et-Loir'],['Centre-Val de Loire'],COM,{28},{24}
d627e9c7-093d-4cad-a946-f2630be3d769,214100729,Commune de Crucheray (41),false,{41072},Commune,2026-03-24 14:42:00.273698+01,gold_establishments_2025,,,,21410072900018,2025,Collectivité Territoriale,Commune,['Loir-et-Cher'],['Centre-Val de Loire'],COM,{41},{24}
35caff11-a111-4a11-b207-1e93cc35ec9f,217300961,Commune de Cruet (73),false,{73096},Commune,2026-03-24 14:42:08.279287+01,gold_establishments_2025,,,,21730096100018,2025,Collectivité Territoriale,Commune,['Savoie'],['Auvergne-Rhône-Alpes'],COM,{73},{84}
863e116f-698e-4e2b-91c5-1bacbd92f3e9,212102149,Commune de Crugey (21),false,{21214},Commune,2026-03-24 14:41:55.433389+01,gold_establishments_2025,,,,21210214900011,2025,Collectivité Territoriale,Commune,"[""Côte-d'Or""]",['Bourgogne-Franche-Comté'],COM,{21},{27}
9c8c3c41-93c2-459b-99b9-c6c9f210b240,215101858,Commune de Crugny (51),false,{51198},Commune,2026-03-24 14:42:01.954481+01,gold_establishments_2025,,,,21510185800011,2025,Collectivité Territoriale,Commune,['Marne'],['Grand Est'],COM,{51},{44}
480d2e99-c957-423f-be24-dd3439b317cd,215600511,Commune de Cruguel (56),false,{56051},Commune,2026-03-24 14:42:03.701372+01,gold_establishments_2025,,,,21560051100012,2025,Collectivité Territoriale,Commune,['Morbihan'],['Bretagne'],COM,{56},{53}
a4aed115-bfc2-4ba9-b72d-a145bd9e3bbc,210400651,Commune de Cruis (04),false,{04065},Commune,2026-03-24 14:41:52.020251+01,gold_establishments_2025,,,,21040065100019,2025,Collectivité Territoriale,Commune,['Alpes-de-Haute-Provence'],"[""Provence-Alpes-Côte d'Azur""]",COM,{04},{93}
b2397942-864e-4f9a-ae97-d107ec7a5baa,216101402,Commune de Crulai (61),false,{61140},Commune,2026-03-24 14:42:05.597325+01,gold_establishments_2025,,,,21610140200016,2025,Collectivité Territoriale,Commune,['Orne'],['Normandie'],COM,{61},{28}
5a4dea11-4b23-49a3-b0e6-492145bb3f14,212601116,Commune de Crupies (26),false,{26111},Commune,2026-03-24 14:41:56.495197+01,gold_establishments_2025,,,,21260111600016,2025,Collectivité Territoriale,Commune,['Drôme'],['Auvergne-Rhône-Alpes'],COM,{26},{84}
949c8644-1098-421c-a560-667b74dcaf1b,210202297,Commune de Crupilly (02),false,{02244},Commune,2026-03-24 14:41:52.020251+01,gold_establishments_2025,,,,21020229700011,2025,Collectivité Territoriale,Commune,['Aisne'],['Hauts-de-France'],COM,{02},{32}
e912f679-06cb-4fbe-b095-966c9dd3a507,211101118,Commune de Cruscades (11),false,{11111},Commune,2026-03-24 14:41:53.63825+01,gold_establishments_2025,,,,21110111800019,2025,Collectivité Territoriale,Commune,['Aude'],['Occitanie'],COM,{11},{76}
844421d8-9231-42d7-a0a7-b8c63c817075,217400969,Commune de Cruseilles (74),false,{74096},Commune,2026-03-24 14:42:08.279287+01,gold_establishments_2025,,,,21740096900010,2025,Collectivité Territoriale,Commune,['Haute-Savoie'],['Auvergne-Rhône-Alpes'],COM,{74},{84}
df47a205-1bb2-40b5-b34a-d70828e7fe1c,215401498,Commune de Crusnes (54),false,{54149},Commune,2026-03-24 14:42:02.957225+01,gold_establishments_2025,,,,21540149800013,2025,Collectivité Territoriale,Commune,['Meurthe-et-Moselle'],['Grand Est'],COM,{54},{44}
1835c207-af8a-4753-8b14-1ad584ba37db,213001001,Commune de Cruviers-Lascours (30),false,{30100},Commune,2026-03-24 14:41:57.56054+01,gold_establishments_2025,,,,21300100100014,2025,Collectivité Territoriale,Commune,['Gard'],['Occitanie'],COM,{30},{76}
b882447b-4cdc-44db-a683-2ecbb5ee2a5f,215800921,Commune de Crux-la-Ville (58),false,{58092},Commune,2026-03-24 14:42:04.280096+01,gold_establishments_2025,,,,21580092100011,2025,Collectivité Territoriale,Commune,['Nièvre'],['Bourgogne-Franche-Comté'],COM,{58},{27}
394fbb91-01f0-40b2-9485-ad5d3723ba2b,217101567,Commune de Cruzille (71),false,{71156},Commune,2026-03-24 14:42:07.735343+01,gold_establishments_2025,,,,21710156700014,2025,Collectivité Territoriale,Commune,['Saône-et-Loire'],['Bourgogne-Franche-Comté'],COM,{71},{27}
4928eb0a-a34d-4328-a0f2-4d5ff17717b0,210101366,Commune de Cruzilles-lès-Mépillat (01),false,{01136},Commune,2026-03-24 14:41:51.447482+01,gold_establishments_2025,,,,21010136600016,2025,Collectivité Territoriale,Commune,['Ain'],['Auvergne-Rhône-Alpes'],COM,{01},{84}
331ef6e4-b13c-4023-a615-29769be490ca,213400922,Commune de Cruzy (34),false,{34092},Commune,2026-03-24 14:41:58.620411+01,gold_establishments_2025,,,,21340092200018,2025,Collectivité Territoriale,Commune,['Hérault'],['Occitanie'],COM,{34},{76}
98b27e18-272c-4140-a3fd-d454709bfc94,218901312,Commune de Cruzy-le-Châtel (89),false,{89131},Commune,2026-03-24 14:42:11.118516+01,gold_establishments_2025,,,,21890131200015,2025,Collectivité Territoriale,Commune,['Yonne'],['Bourgogne-Franche-Comté'],COM,{89},{27}
98ec42a7-e331-4b28-820f-b359344c4735,218901320,Commune de Cry (89),false,{89132},Commune,2026-03-24 14:42:11.118516+01,gold_establishments_2025,,,,21890132000018,2025,Collectivité Territoriale,Commune,['Yonne'],['Bourgogne-Franche-Comté'],COM,{89},{27}
748797a9-07c2-4441-8e72-b7400e2025c1,217701440,Commune de Crèvecœur-en-Brie (77),false,{77144},Commune,2026-03-24 14:42:09.43682+01,gold_establishments_2025,,,,21770144000018,2025,Collectivité Territoriale,Commune,['Seine-et-Marne'],['Île-de-France'],COM,{77},{11}
3804d6e8-8ef2-4887-81aa-d433ff8c706c,216001776,Commune de Crèvecœur-le-Grand (60),false,{60178},Commune,2026-03-24 14:42:04.814328+01,gold_establishments_2025,,,,21600177600014,2025,Collectivité Territoriale,Commune,['Oise'],['Hauts-de-France'],COM,{60},{32}
b47d521e-4b8a-488d-a72b-e4b19639a44d,216001784,Commune de Crèvecœur-le-Petit (60),false,{60179},Commune,2026-03-24 14:42:04.814328+01,gold_establishments_2025,,,,21600178400018,2025,Collectivité Territoriale,Commune,['Oise'],['Hauts-de-France'],COM,{60},{32}
1eefb1f7-d8c3-484a-808f-6ee767455745,215901612,Commune de Crèvecœur-sur-l'Escaut (59),false,{59161},Commune,2026-03-24 14:42:04.280096+01,gold_establishments_2025,,,,21590161200014,2025,Collectivité Territoriale,Commune,['Nord'],['Hauts-de-France'],COM,{59},{32}
79b9a5fd-8f78-4cb8-aa5c-54d73519c0c8,215001512,Commune de Créances (50),false,{50151},Commune,2026-03-24 14:42:01.412377+01,gold_establishments_2025,,,,21500151200114,2025,Collectivité Territoriale,Commune,['Manche'],['Normandie'],COM,{50},{28}
38f3f58d-3700-4794-b6c0-cb201e2cbb3e,212102107,Commune de Créancey (21),false,{21210},Commune,2026-03-24 14:41:55.433389+01,gold_establishments_2025,,,,21210210700019,2025,Collectivité Territoriale,Commune,"[""Côte-d'Or""]",['Bourgogne-Franche-Comté'],COM,{21},{27}
2daa3d90-d6dd-4b30-b8ef-059c63da5272,212102115,Commune de Crécey-sur-Tille (21),false,{21211},Commune,2026-03-24 14:41:55.433389+01,gold_establishments_2025,,,,21210211500012,2025,Collectivité Territoriale,Commune,"[""Côte-d'Or""]",['Bourgogne-Franche-Comté'],COM,{21},{27}
e7a0c323-2f9c-44cb-87cb-da3fbd9be10a,216501544,Commune de Créchets (65),false,{65154},Commune,2026-03-24 14:42:06.665412+01,gold_establishments_2025,,,,21650154400011,2025,Collectivité Territoriale,Commune,['Hautes-Pyrénées'],['Occitanie'],COM,{65},{76}
d2077182-c394-4e4e-9009-ee3f407cac93,210300919,Commune de Créchy (03),false,{03091},Commune,2026-03-24 14:41:52.020251+01,gold_establishments_2025,,,,21030091900011,2025,Collectivité Territoriale,Commune,['Allier'],['Auvergne-Rhône-Alpes'],COM,{03},{84}
b053901b-5e38-4fd2-a9be-786cef98a519,212801179,Commune de Crécy-Couvé (28),false,{28117},Commune,2026-03-24 14:41:57.028721+01,gold_establishments_2025,,,,21280117900012,2025,Collectivité Territoriale,Commune,['Eure-et-Loir'],['Centre-Val de Loire'],COM,{28},{24}
276cf1e3-95e1-4f0f-87d2-5237dbe6b02a,210202214,Commune de Crécy-au-Mont (02),false,{02236},Commune,2026-03-24 14:41:52.020251+01,gold_establishments_2025,,,,21020221400016,2025,Collectivité Territoriale,Commune,['Aisne'],['Hauts-de-France'],COM,{02},{32}
10bc5b49-bd7a-41a5-8098-a83ed5edb2eb,218002145,Commune de Crécy-en-Ponthieu (80),false,{80222},Commune,2026-03-24 14:42:09.967209+01,gold_establishments_2025,,,,21800214500017,2025,Collectivité Territoriale,Commune,['Somme'],['Hauts-de-France'],COM,{80},{32}
eb9c3609-7c24-459f-9b0c-05bb80cc63a7,217701424,Commune de Crécy-la-Chapelle (77),false,{77142},Commune,2026-03-24 14:42:09.43682+01,gold_establishments_2025,,,,21770142400012,2025,Collectivité Territoriale,Commune,['Seine-et-Marne'],['Île-de-France'],COM,{77},{11}
cb46672c-5306-45bc-b7ab-9b996e60950c,210202222,Commune de Crécy-sur-Serre (02),false,{02237},Commune,2026-03-24 14:41:52.020251+01,gold_establishments_2025,,,,21020222200019,2025,Collectivité Territoriale,Commune,['Aisne'],['Hauts-de-France'],COM,{02},{32}
63e612f6-2066-45ef-a56f-a5d16bce151e,215600479,Commune de Crédin (56),false,{56047},Commune,2026-03-24 14:42:03.701372+01,gold_establishments_2025,,,,21560047900087,2025,Collectivité Territoriale,Commune,['Morbihan'],['Bretagne'],COM,{56},{53}
ca4a0092-bf7f-4b4f-a1bf-512f2a659b9c,214600819,Commune de Crégols (46),false,{46081},Commune,2026-03-24 14:42:00.862623+01,gold_establishments_2025,,,,21460081900012,2025,Collectivité Territoriale,Commune,['Lot'],['Occitanie'],COM,{46},{76}
b41f4fb9-4a56-49d8-9fba-b87e161edd49,217701432,Commune de Crégy-lès-Meaux (77),false,{77143},Commune,2026-03-24 14:42:09.43682+01,gold_establishments_2025,,,,21770143200015,2025,Collectivité Territoriale,Commune,['Seine-et-Marne'],['Île-de-France'],COM,{77},{11}
8debe1b2-d469-4ae1-9a33-db3d5df45b84,215701590,Commune de Créhange (57),false,{57159},Commune,2026-03-24 14:42:03.701372+01,gold_establishments_2025,,,,21570159000014,2025,Collectivité Territoriale,Commune,['Moselle'],['Grand Est'],COM,{57},{44}
f2865b7d-3d39-4c48-952d-4a5bccb3e681,212200497,Commune de Créhen (22),false,{22049},Commune,2026-03-24 14:41:55.433389+01,gold_establishments_2025,,,,21220049700015,2025,Collectivité Territoriale,Commune,"[""Côtes-d'Armor""]",['Bretagne'],COM,{22},{53}
278c077f-726d-4613-b631-18bec1b1a383,216202556,Commune de Crémarest (62),false,{62255},Commune,2026-03-24 14:42:05.597325+01,gold_establishments_2025,,,,21620255600017,2025,Collectivité Territoriale,Commune,['Pas-de-Calais'],['Hauts-de-France'],COM,{62},{32}
0f4a5664-dd12-4eb1-926d-6036a2b12785,218002152,Commune de Crémery (80),false,{80223},Commune,2026-03-24 14:42:09.967209+01,gold_establishments_2025,,,,21800215200013,2025,Collectivité Territoriale,Commune,['Somme'],['Hauts-de-France'],COM,{80},{32}
3b35e0bd-c599-44e6-bf7c-af0a87a8eaef,213801384,Commune de Crémieu (38),false,{38138},Commune,2026-03-24 14:41:59.160244+01,gold_establishments_2025,,,,21380138400016,2025,Collectivité Territoriale,Commune,['Isère'],['Auvergne-Rhône-Alpes'],COM,{38},{84}
bc793998-62bc-40a3-9704-9537517337ce,213301401,Commune de Créon (33),false,{33140},Commune,2026-03-24 14:41:58.620411+01,gold_establishments_2025,,,,21330140100013,2025,Collectivité Territoriale,Commune,['Gironde'],['Nouvelle-Aquitaine'],COM,{33},{75}
a6d4fdce-83fc-40ef-ab1f-4fb392c5c9c7,214000879,Commune de Créon-d'Armagnac (40),false,{40087},Commune,2026-03-24 14:41:59.705606+01,gold_establishments_2025,,,,21400087900012,2025,Collectivité Territoriale,Commune,['Landes'],['Nouvelle-Aquitaine'],COM,{40},{75}
bfb0ae30-66f1-4e65-87dc-51ee72a534a8,217101518,Commune de Créot (71),false,{71151},Commune,2026-03-24 14:42:07.735343+01,gold_establishments_2025,,,,21710151800017,2025,Collectivité Territoriale,Commune,['Saône-et-Loire'],['Bourgogne-Franche-Comté'],COM,{71},{27}
8b694474-c3b5-4d6e-aeb0-5bc410adecee,212102123,Commune de Crépand (21),false,{21212},Commune,2026-03-24 14:41:55.433389+01,gold_establishments_2025,,,,21210212300016,2025,Collectivité Territoriale,Commune,"[""Côte-d'Or""]",['Bourgogne-Franche-Comté'],COM,{21},{27}
90ee6baa-1b7c-46e2-8882-0e4c62d9553a,215401431,Commune de Crépey (54),false,{54143},Commune,2026-03-24 14:42:02.957225+01,gold_establishments_2025,,,,21540143100014,2025,Collectivité Territoriale,Commune,['Meurthe-et-Moselle'],['Grand Est'],COM,{54},{44}
9e145137-5d29-4d52-ad95-02d16384b95a,212601074,Commune de Crépol (26),false,{26107},Commune,2026-03-24 14:41:56.495197+01,gold_establishments_2025,,,,21260107400017,2025,Collectivité Territoriale,Commune,['Drôme'],['Auvergne-Rhône-Alpes'],COM,{26},{84}
51971b8c-e30f-45cf-a1e2-a402598e31a4,211401963,Commune de Crépon (14),false,{14196},Commune,2026-03-24 14:41:53.63825+01,gold_establishments_2025,,,,21140196300015,2025,Collectivité Territoriale,Commune,['Calvados'],['Normandie'],COM,{14},{28}
46cd3320-1721-49c8-945a-403309febbbb,210202230,Commune de Crépy (02),false,{02238},Commune,2026-03-24 14:41:52.020251+01,gold_establishments_2025,,,,21020223000012,2025,Collectivité Territoriale,Commune,['Aisne'],['Hauts-de-France'],COM,{02},{32}
97e35e7c-9899-4705-a149-42fb2fb22589,216202564,Commune de Crépy (62),false,{62256},Commune,2026-03-24 14:42:05.597325+01,gold_establishments_2025,,,,21620256400011,2025,Collectivité Territoriale,Commune,['Pas-de-Calais'],['Hauts-de-France'],COM,{62},{32}
c2e6b119-79c6-4cd6-a14b-66869952a2f6,216001750,Commune de Crépy-en-Valois (60),false,{60176},Commune,2026-03-24 14:42:04.814328+01,gold_establishments_2025,,,,21600175000019,2025,Collectivité Territoriale,Commune,['Oise'],['Hauts-de-France'],COM,{60},{32}
09c61503-f3a0-4564-ba6e-36103fba619d,216202572,Commune de Créquy (62),false,{62257},Commune,2026-03-24 14:42:05.597325+01,gold_establishments_2025,,,,21620257200030,2025,Collectivité Territoriale,Commune,['Pas-de-Calais'],['Hauts-de-France'],COM,{62},{32}
0881d5c5-022a-4142-953e-f378eb446dfd,211001102,Commune de Crésantignes (10),false,{10116},Commune,2026-03-24 14:41:53.095366+01,gold_establishments_2025,,,,21100110200014,2025,Collectivité Territoriale,Commune,['Aube'],['Grand Est'],COM,{10},{44}
9bc29f95-3dbc-4171-ad59-be3992eea615,219400280,Commune de Créteil (94),false,{94028},Commune,2026-03-24 14:42:11.659493+01,gold_establishments_2025,,,,21940028000018,2025,Collectivité Territoriale,Commune,['Val-de-Marne'],['Île-de-France'],COM,{94},{11}
db9faebb-d502-4f0d-bbb4-f3cc32241a17,215401456,Commune de Crévic (54),false,{54145},Commune,2026-03-24 14:42:02.957225+01,gold_establishments_2025,,,,21540145600094,2025,Collectivité Territoriale,Commune,['Meurthe-et-Moselle'],['Grand Est'],COM,{54},{44}
92355df2-2dfd-4e45-a3c1-5eca20c5119e,210500443,Commune de Crévoux (05),false,{05044},Commune,2026-03-24 14:41:52.562531+01,gold_establishments_2025,,,,21050044300010,2025,Collectivité Territoriale,Commune,['Hautes-Alpes'],"[""Provence-Alpes-Côte d'Azur""]",COM,{05},{93}
6b38a7af-7481-4e04-9e98-4ba1d6887226,215401449,Commune de Crévéchamps (54),false,{54144},Commune,2026-03-24 14:42:02.957225+01,gold_establishments_2025,,,,21540144900016,2025,Collectivité Territoriale,Commune,['Meurthe-et-Moselle'],['Grand Est'],COM,{54},{44}
1d50435e-6812-4167-a4b6-c7a64d781973,210202248,Commune de Crézancy (02),false,{02239},Commune,2026-03-24 14:41:52.020251+01,gold_establishments_2025,,,,21020224800030,2025,Collectivité Territoriale,Commune,['Aisne'],['Hauts-de-France'],COM,{02},{32}
7e438d9d-ed20-4707-82be-3430dcd16b09,211800792,Commune de Crézancy-en-Sancerre (18),false,{18079},Commune,2026-03-24 14:41:54.903238+01,gold_establishments_2025,,,,21180079200015,2025,Collectivité Territoriale,Commune,['Cher'],['Centre-Val de Loire'],COM,{18},{24}
6f1210c6-e10b-4d51-8389-849718782468,211800784,Commune de Crézançay-sur-Cher (18),false,{18078},Commune,2026-03-24 14:41:54.903238+01,gold_establishments_2025,,,,21180078400012,2025,Collectivité Territoriale,Commune,['Cher'],['Centre-Val de Loire'],COM,{18},{24}
840334e0-5ab6-4cd6-b2ed-6b8f51f85a03,215401464,Commune de Crézilles (54),false,{54146},Commune,2026-03-24 14:42:02.957225+01,gold_establishments_2025,,,,21540146400015,2025,Collectivité Territoriale,Commune,['Meurthe-et-Moselle'],['Grand Est'],COM,{54},{44}
ea43307d-c540-4feb-a31c-3da1942c6370,217101500,Commune de Crêches-sur-Saône (71),false,{71150},Commune,2026-03-24 14:42:07.735343+01,gold_establishments_2025,,,,21710150000015,2025,Collectivité Territoriale,Commune,['Saône-et-Loire'],['Bourgogne-Franche-Comté'],COM,{71},{27}
882ea2e4-3211-4ffa-915f-18f128be4263,200055556,Commune de Crêts en Belledonne (38),false,{38439},Commune,2026-03-24 14:41:59.705606+01,gold_establishments_2025,,,,20005555600019,2025,Collectivité Territoriale,Commune,['Isère'],['Auvergne-Rhône-Alpes'],COM,{38},{84}
e380e6db-3e75-4ca9-b1f0-a312a3e48d2a,216700799,Commune de Crœttwiller (67),false,{67079},Commune,2026-03-24 14:42:06.665412+01,gold_establishments_2025,,,,21670079900010,2025,Collectivité Territoriale,Commune,['Bas-Rhin'],['Grand Est'],COM,{67},{44}
83665445-ee5c-4c59-bec1-96e131c920c0,214300832,Commune de Cubelles (43),false,{43083},Commune,2026-03-24 14:42:00.273698+01,gold_establishments_2025,,,,21430083200018,2025,Collectivité Territoriale,Commune,['Haute-Loire'],['Auvergne-Rhône-Alpes'],COM,{43},{84}
965c50c2-3dcd-4c79-8fe7-f2688a9ab4fc,214800534,Commune de Cubières (48),false,{48053},Commune,2026-03-24 14:42:01.412377+01,gold_establishments_2025,,,,21480053400015,2025,Collectivité Territoriale,Commune,['Lozère'],['Occitanie'],COM,{48},{76}
3a49b1c2-0735-410a-8119-ab1d1e00f838,211101126,Commune de Cubières-sur-Cinoble (11),false,{11112},Commune,2026-03-24 14:41:53.63825+01,gold_establishments_2025,,,,21110112600012,2025,Collectivité Territoriale,Commune,['Aude'],['Occitanie'],COM,{11},{76}
99035fdc-5995-46da-b7ea-f75f42218cf0,214800542,Commune de Cubiérettes (48),false,{48054},Commune,2026-03-24 14:42:01.412377+01,gold_establishments_2025,,,,21480054200018,2025,Collectivité Territoriale,Commune,['Lozère'],['Occitanie'],COM,{48},{76}
df276165-c462-41a2-83f9-ac7e93335353,200065316,Commune de Cubjac-Auvézère-Val d'Ans (24),false,{24147},Commune,2026-03-24 14:41:55.958138+01,gold_establishments_2025,,,,20006531600016,2025,Collectivité Territoriale,Commune,['Dordogne'],['Nouvelle-Aquitaine'],COM,{24},{75}
ddeec604-1559-4458-a22a-fe994ee7a465,211906607,Commune de Cublac (19),false,{19066},Commune,2026-03-24 14:41:54.903238+01,gold_establishments_2025,,,,21190660700018,2025,Collectivité Territoriale,Commune,['Corrèze'],['Nouvelle-Aquitaine'],COM,{19},{75}
e7f59220-81a7-4d6b-b833-dc78194c6d56,216900704,Commune de Cublize (69),false,{69070},Commune,2026-03-24 14:42:07.195692+01,gold_establishments_2025,,,,21690070400018,2025,Collectivité Territoriale,Commune,['Rhône'],['Auvergne-Rhône-Alpes'],COM,{69},{84}
5b0bbe3e-661a-4462-a2f7-e9bacbdc61d1,213301427,Commune de Cubnezais (33),false,{33142},Commune,2026-03-24 14:41:58.620411+01,gold_establishments_2025,,,,21330142700018,2025,Collectivité Territoriale,Commune,['Gironde'],['Nouvelle-Aquitaine'],COM,{33},{75}
0e0c22e2-08ea-4c83-a433-4b43f3dcbe49,212501811,Commune de Cubrial (25),false,{25181},Commune,2026-03-24 14:41:56.495197+01,gold_establishments_2025,,,,21250181100013,2025,Collectivité Territoriale,Commune,['Doubs'],['Bourgogne-Franche-Comté'],COM,{25},{27}
9fa64094-50ab-439c-8869-2f0ad84edbf8,212501829,Commune de Cubry (25),false,{25182},Commune,2026-03-24 14:41:56.495197+01,gold_establishments_2025,,,,21250182900015,2025,Collectivité Territoriale,Commune,['Doubs'],['Bourgogne-Franche-Comté'],COM,{25},{27}
3efd23d8-8e14-4167-a3d6-981aaa8144d7,217001908,Commune de Cubry-lès-Faverney (70),false,{70190},Commune,2026-03-24 14:42:07.735343+01,gold_establishments_2025,,,,21700190800011,2025,Collectivité Territoriale,Commune,['Haute-Saône'],['Bourgogne-Franche-Comté'],COM,{70},{27}
05225285-e3d1-45a8-9821-8738fa62c989,213301435,Commune de Cubzac-les-Ponts (33),false,{33143},Commune,2026-03-24 14:41:58.620411+01,gold_establishments_2025,,,,21330143500011,2025,Collectivité Territoriale,Commune,['Gironde'],['Nouvelle-Aquitaine'],COM,{33},{75}
604eef5c-8513-48fc-be75-640a8b8201ee,215101866,Commune de Cuchery (51),false,{51199},Commune,2026-03-24 14:42:01.954481+01,gold_establishments_2025,,,,21510186600014,2025,Collectivité Territoriale,Commune,['Marne'],['Grand Est'],COM,{51},{44}
f1e3c292-8f4b-49db-ad21-ec746aed28e1,216202614,Commune de Cucq (62),false,{62261},Commune,2026-03-24 14:42:05.597325+01,gold_establishments_2025,,,,21620261400014,2025,Collectivité Territoriale,Commune,['Pas-de-Calais'],['Hauts-de-France'],COM,{62},{32}
f6e06bfc-207d-4123-a0ed-547221d26176,211101134,Commune de Cucugnan (11),false,{11113},Commune,2026-03-24 14:41:53.63825+01,gold_establishments_2025,,,,21110113400016,2025,Collectivité Territoriale,Commune,['Aude'],['Occitanie'],COM,{11},{76}
779d255f-7009-42b3-8449-f4ae8ba2ace9,218400422,Commune de Cucuron (84),false,{84042},Commune,2026-03-24 14:42:10.508772+01,gold_establishments_2025,,,,21840042200018,2025,Collectivité Territoriale,Commune,['Vaucluse'],"[""Provence-Alpes-Côte d'Azur""]",COM,{84},{93}
a9513640-dec2-4c9d-b262-0f286ed4360b,213301443,Commune de Cudos (33),false,{33144},Commune,2026-03-24 14:41:58.620411+01,gold_establishments_2025,,,,21330144300015,2025,Collectivité Territoriale,Commune,['Gironde'],['Nouvelle-Aquitaine'],COM,{33},{75}
1b6428bc-9b43-4be7-9251-59595c3b75d7,218901338,Commune de Cudot (89),false,{89133},Commune,2026-03-24 14:42:11.118516+01,gold_establishments_2025,,,,21890133800010,2025,Collectivité Territoriale,Commune,['Yonne'],['Bourgogne-Franche-Comté'],COM,{89},{27}
2b0428eb-1c65-4756-a549-f3e30dcb8ffd,218300499,Commune de Cuers (83),false,{83049},Commune,2026-03-24 14:42:10.508772+01,gold_establishments_2025,,,,21830049900017,2025,Collectivité Territoriale,Commune,['Var'],"[""Provence-Alpes-Côte d'Azur""]",COM,{83},{93}
288035de-6e7a-4d17-bd1d-bd18b01270e1,210202305,Commune de Cuffies (02),false,{02245},Commune,2026-03-24 14:41:52.020251+01,gold_establishments_2025,,,,21020230500012,2025,Collectivité Territoriale,Commune,['Aisne'],['Hauts-de-France'],COM,{02},{32}
31d601c0-db73-43b1-b3ae-73e95d06cb2e,211800826,Commune de Cuffy (18),false,{18082},Commune,2026-03-24 14:41:54.903238+01,gold_establishments_2025,,,,21180082600011,2025,Collectivité Territoriale,Commune,['Cher'],['Centre-Val de Loire'],COM,{18},{24}
0304cbb9-84ee-4a67-b7d3-326b06965e02,218500767,Commune de Cugand-la-Bernardière (85),false,{85076},Commune,2026-03-24 14:42:10.508772+01,gold_establishments_2025,,,,21850076700015,2025,Collectivité Territoriale,Commune,['Vendée'],['Pays de la Loire'],COM,{85},{52}
5e49a5c5-3f0a-4ff1-86df-8ca871bbdc01,211300306,Commune de Cuges-les-Pins (13),false,{13030},Commune,2026-03-24 14:41:53.63825+01,gold_establishments_2025,,,,21130030600019,2025,Collectivité Territoriale,Commune,['Bouches-du-Rhône'],"[""Provence-Alpes-Côte d'Azur""]",COM,{13},{93}
76875bb6-faed-449f-b010-67772a91df9e,213101579,Commune de Cugnaux (31),false,{31157},Commune,2026-03-24 14:41:57.56054+01,gold_establishments_2025,,,,21310157900018,2025,Collectivité Territoriale,Commune,['Haute-Garonne'],['Occitanie'],COM,{31},{76}
93f4e363-3a0f-480c-935c-1f2ecc9dc5a5,217001924,Commune de Cugney (70),false,{70192},Commune,2026-03-24 14:42:07.735343+01,gold_establishments_2025,,,,21700192400018,2025,Collectivité Territoriale,Commune,['Haute-Saône'],['Bourgogne-Franche-Comté'],COM,{70},{27}
b7fdfb16-47b5-44d1-b9fe-1de266caabee,210202313,Commune de Cugny (02),false,{02246},Commune,2026-03-24 14:41:52.020251+01,gold_establishments_2025,,,,21020231300016,2025,Collectivité Territoriale,Commune,['Aisne'],['Hauts-de-France'],COM,{02},{32}
75ff98a4-6201-4ac5-bb3c-35cd7a37b129,213500929,Commune de Cuguen (35),false,{35092},Commune,2026-03-24 14:41:58.620411+01,gold_establishments_2025,,,,21350092900012,2025,Collectivité Territoriale,Commune,['Ille-et-Vilaine'],['Bretagne'],COM,{35},{53}
73a30906-2079-4e54-88e7-58205e0514be,213101587,Commune de Cuguron (31),false,{31158},Commune,2026-03-24 14:41:57.56054+01,gold_establishments_2025,,,,21310158700011,2025,Collectivité Territoriale,Commune,['Haute-Garonne'],['Occitanie'],COM,{31},{76}
5be69dc8-0d94-439c-b618-3acf1b3eae51,218600898,Commune de Cuhon (86),false,{86089},Commune,2026-03-24 14:42:10.508772+01,gold_establishments_2025,,,,21860089800017,2025,Collectivité Territoriale,Commune,['Vienne'],['Nouvelle-Aquitaine'],COM,{86},{75}
7a234af1-b23d-46c0-bd93-7c90c8576ba9,216001859,Commune de Cuignières (60),false,{60186},Commune,2026-03-24 14:42:04.814328+01,gold_establishments_2025,,,,21600185900018,2025,Collectivité Territoriale,Commune,['Oise'],['Hauts-de-France'],COM,{60},{32}
8c64f540-9fbe-4d16-8a51-260dbfec691d,216001867,Commune de Cuigy-en-Bray (60),false,{60187},Commune,2026-03-24 14:42:04.814328+01,gold_establishments_2025,,,,21600186700011,2025,Collectivité Territoriale,Commune,['Oise'],['Hauts-de-France'],COM,{60},{32}
221fbbef-adbe-4b69-802f-d6a1c82d52e1,215300880,Commune de Cuillé (53),false,{53088},Commune,2026-03-24 14:42:02.957225+01,gold_establishments_2025,,,,21530088000014,2025,Collectivité Territoriale,Commune,['Mayenne'],['Pays de la Loire'],COM,{53},{52}
0d412386-1a2b-4705-ac46-f20d6cda4d32,216202622,Commune de Cuinchy (62),false,{62262},Commune,2026-03-24 14:42:05.597325+01,gold_establishments_2025,,,,21620262200017,2025,Collectivité Territoriale,Commune,['Pas-de-Calais'],['Hauts-de-France'],COM,{62},{32}
5aac1e00-07c6-4e29-9f8e-3ba7b7651904,215901653,Commune de Cuincy (59),false,{59165},Commune,2026-03-24 14:42:04.280096+01,gold_establishments_2025,,,,21590165300018,2025,Collectivité Territoriale,Commune,['Nord'],['Hauts-de-France'],COM,{59},{32}
bfefe2e8-8015-4360-a328-3dfbc71995ae,214200792,Commune de Cuinzier (42),false,{42079},Commune,2026-03-24 14:42:00.273698+01,gold_establishments_2025,,,,21420079200015,2025,Collectivité Territoriale,Commune,['Loire'],['Auvergne-Rhône-Alpes'],COM,{42},{84}
4d0819fd-3dd5-485e-a38c-e5d1075f3064,210202321,Commune de Cuirieux (02),false,{02248},Commune,2026-03-24 14:41:52.020251+01,gold_establishments_2025,,,,21020232100019,2025,Collectivité Territoriale,Commune,['Aisne'],['Hauts-de-France'],COM,{02},{32}
d3907ac0-c307-41ff-9bb4-08939b1c3064,210202339,Commune de Cuiry-Housse (02),false,{02249},Commune,2026-03-24 14:41:52.020251+01,gold_establishments_2025,,,,21020233900011,2025,Collectivité Territoriale,Commune,['Aisne'],['Hauts-de-France'],COM,{02},{32}
378b82a8-2c12-4907-af8c-f6826087884a,210202347,Commune de Cuiry-lès-Chaudardes (02),false,{02250},Commune,2026-03-24 14:41:52.020251+01,gold_establishments_2025,,,,21020234700014,2025,Collectivité Territoriale,Commune,['Aisne'],['Hauts-de-France'],COM,{02},{32}
7d0c17f9-8959-4316-b6ab-236d16fdc138,210202354,Commune de Cuiry-lès-Iviers (02),false,{02251},Commune,2026-03-24 14:41:52.020251+01,gold_establishments_2025,,,,21020235400010,2025,Collectivité Territoriale,Commune,['Aisne'],['Hauts-de-France'],COM,{02},{32}
7b1c725c-9079-48ad-90dd-67a73f4f3da3,215101874,Commune de Cuis (51),false,{51200},Commune,2026-03-24 14:42:01.954481+01,gold_establishments_2025,,,,21510187400018,2025,Collectivité Territoriale,Commune,['Marne'],['Grand Est'],COM,{51},{44}
0361d9cb-43d9-44f9-9dd7-88e41de1b884,216001875,Commune de Cuise-la-Motte (60),false,{60188},Commune,2026-03-24 14:42:04.814328+01,gold_establishments_2025,,,,21600187500014,2025,Collectivité Territoriale,Commune,['Oise'],['Hauts-de-France'],COM,{60},{32}
203365af-6372-42d5-a085-edacb2650efb,217101575,Commune de Cuiseaux (71),false,{71157},Commune,2026-03-24 14:42:07.735343+01,gold_establishments_2025,,,,21710157500017,2025,Collectivité Territoriale,Commune,['Saône-et-Loire'],['Bourgogne-Franche-Comté'],COM,{71},{27}
2dbc55f1-1afb-415b-9192-67469a329db9,212102156,Commune de Cuiserey (21),false,{21215},Commune,2026-03-24 14:41:55.433389+01,gold_establishments_2025,,,,21210215600016,2025,Collectivité Territoriale,Commune,"[""Côte-d'Or""]",['Bourgogne-Franche-Comté'],COM,{21},{27}
42b936c7-9474-4c40-a7c8-485d4f829002,217101583,Commune de Cuisery (71),false,{71158},Commune,2026-03-24 14:42:07.735343+01,gold_establishments_2025,,,,21710158300011,2025,Collectivité Territoriale,Commune,['Saône-et-Loire'],['Bourgogne-Franche-Comté'],COM,{71},{27}
ff565ea3-648f-4ef9-8aba-aee641dc2284,213901853,Commune de Cuisia (39),false,{39185},Commune,2026-03-24 14:41:59.705606+01,gold_establishments_2025,,,,21390185300019,2025,Collectivité Territoriale,Commune,['Jura'],['Bourgogne-Franche-Comté'],COM,{39},{27}
ef6252f0-92bf-42a1-9d1c-bd7a9e3c82d3,200002160,Commune de Cuisles (51),false,{51201},Commune,2026-03-24 14:42:01.954481+01,gold_establishments_2025,,,,20000216000014,2025,Collectivité Territoriale,Commune,['Marne'],['Grand Est'],COM,{51},{44}
becf2b3c-fe2c-4269-a000-9cff7caaebd8,216101410,Commune de Cuissai (61),false,{61141},Commune,2026-03-24 14:42:05.597325+01,gold_establishments_2025,,,,21610141000019,2025,Collectivité Territoriale,Commune,['Orne'],['Normandie'],COM,{61},{28}
cb478840-b8f3-4dc3-8328-ee94abe24294,210202362,Commune de Cuissy-et-Geny (02),false,{02252},Commune,2026-03-24 14:41:52.020251+01,gold_establishments_2025,,,,21020236200013,2025,Collectivité Territoriale,Commune,['Aisne'],['Hauts-de-France'],COM,{02},{32}
d8c66475-c76b-4b80-8ee4-5d2a45babbe7,215501370,Commune de Cuisy (55),false,{55137},Commune,2026-03-24 14:42:02.957225+01,gold_establishments_2025,,,,21550137000013,2025,Collectivité Territoriale,Commune,['Meuse'],['Grand Est'],COM,{55},{44}
94ce710f-3eb5-4e45-9e2e-5f071208a730,217701507,Commune de Cuisy (77),false,{77150},Commune,2026-03-24 14:42:09.43682+01,gold_establishments_2025,,,,21770150700014,2025,Collectivité Territoriale,Commune,['Seine-et-Marne'],['Île-de-France'],COM,{77},{11}
2aebe88d-fdaa-4ccf-9069-9646aa942615,210202370,Commune de Cuisy-en-Almont (02),false,{02253},Commune,2026-03-24 14:41:52.020251+01,gold_establishments_2025,,,,21020237000016,2025,Collectivité Territoriale,Commune,['Aisne'],['Hauts-de-France'],COM,{02},{32}
3cdef92d-9c78-4b73-8b9e-979f97ffd635,211800834,Commune de Culan (18),false,{18083},Commune,2026-03-24 14:41:54.903238+01,gold_establishments_2025,,,,21180083400015,2025,Collectivité Territoriale,Commune,['Cher'],['Centre-Val de Loire'],COM,{18},{24}
9a1eccaa-7a4d-4850-9078-c312e60cd969,200043891,Commune de Culey (55),false,{55138},Commune,2026-03-24 14:42:02.957225+01,gold_establishments_2025,,,,20004389100015,2025,Collectivité Territoriale,Commune,['Meuse'],['Grand Est'],COM,{55},{44}
8b6ea895-9267-4aad-80e7-f5dd26beb211,211402110,Commune de Culey-le-Patry (14),false,{14211},Commune,2026-03-24 14:41:54.362296+01,gold_establishments_2025,,,,21140211000012,2025,Collectivité Territoriale,Commune,['Calvados'],['Normandie'],COM,{14},{28}
7b2cf31e-e3dc-4120-9def-e0e3eaa5a3e0,216301317,Commune de Culhat (63),false,{63131},Commune,2026-03-24 14:42:06.130387+01,gold_establishments_2025,,,,21630131700014,2025,Collectivité Territoriale,Commune,['Puy-de-Dôme'],['Auvergne-Rhône-Alpes'],COM,{63},{84}
73824fa7-d09a-4369-b94c-7d2780cbb448,213801418,Commune de Culin (38),false,{38141},Commune,2026-03-24 14:41:59.160244+01,gold_establishments_2025,,,,21380141800012,2025,Collectivité Territoriale,Commune,['Isère'],['Auvergne-Rhône-Alpes'],COM,{38},{84}
07b5bfa3-5e0f-4748-b628-dd6fd5b1a64d,217101591,Commune de Culles-les-Roches (71),false,{71159},Commune,2026-03-24 14:42:07.735343+01,gold_establishments_2025,,,,21710159100014,2025,Collectivité Territoriale,Commune,['Saône-et-Loire'],['Bourgogne-Franche-Comté'],COM,{71},{27}
b5577620-e453-4ae2-8d08-0ace1b1f1fb9,215201070,Commune de Culmont (52),false,{52155},Commune,2026-03-24 14:42:01.954481+01,gold_establishments_2025,,,,21520107000012,2025,Collectivité Territoriale,Commune,['Haute-Marne'],['Grand Est'],COM,{52},{44}
25f6f8c5-af97-4582-be7c-899be53d1a5c,200099406,Commune de Culoz-Béon (01),false,{01138},Commune,2026-03-24 14:41:51.447482+01,gold_establishments_2025,,,,20009940600015,2025,Collectivité Territoriale,Commune,['Ain'],['Auvergne-Rhône-Alpes'],COM,{01},{84}
1e0b78ba-c109-4e98-95c0-3a5d9dc14e17,217001932,Commune de Cult (70),false,{70193},Commune,2026-03-24 14:42:07.735343+01,gold_establishments_2025,,,,21700193200011,2025,Collectivité Territoriale,Commune,['Haute-Saône'],['Bourgogne-Franche-Comté'],COM,{70},{27}
194d11a9-2a3c-401e-8776-1e6bd00314d0,214800559,Commune de Cultures (48),false,{48055},Commune,2026-03-24 14:42:01.412377+01,gold_establishments_2025,,,,21480055900012,2025,Collectivité Territoriale,Commune,['Lozère'],['Occitanie'],COM,{48},{76}
888a8751-71ff-4b82-980d-1391734db79b,212102164,Commune de Culètre (21),false,{21216},Commune,2026-03-24 14:41:55.433389+01,gold_establishments_2025,,,,21210216400010,2025,Collectivité Territoriale,Commune,"[""Côte-d'Or""]",['Bourgogne-Franche-Comté'],COM,{21},{27}
99e9923b-65df-44b8-ac7f-9e2e9892a14a,215101882,Commune de Cumières (51),false,{51202},Commune,2026-03-24 14:42:01.954481+01,gold_establishments_2025,,,,21510188200011,2025,Collectivité Territoriale,Commune,['Marne'],['Grand Est'],COM,{51},{44}
39af1597-839b-4d37-8d56-2975bcd1c90b,215501396,Commune de Cumières-le-Mort-Homme (55),false,{55139},Commune,2026-03-24 14:42:02.957225+01,gold_establishments_2025,,,,21550139600018,2025,Collectivité Territoriale,Commune,['Meuse'],['Grand Est'],COM,{55},{44}
a80e77c7-3c93-46d6-940b-da03f3eba309,211101142,Commune de Cumiès (11),false,{11114},Commune,2026-03-24 14:41:53.63825+01,gold_establishments_2025,,,,21110114200019,2025,Collectivité Territoriale,Commune,['Aude'],['Occitanie'],COM,{11},{76}
f0614d8c-b950-435a-8861-bf70947022f0,218200475,Commune de Cumont (82),false,{82047},Commune,2026-03-24 14:42:10.508772+01,gold_establishments_2025,,,,21820047500018,2025,Collectivité Territoriale,Commune,['Tarn-et-Garonne'],['Occitanie'],COM,{82},{76}
edb96630-9a15-46b6-a5a0-90d9a2533aa2,218100741,Commune de Cunac (81),false,{81074},Commune,2026-03-24 14:42:09.967209+01,gold_establishments_2025,,,,21810074100014,2025,Collectivité Territoriale,Commune,['Tarn'],['Occitanie'],COM,{81},{76}
c79bdd84-80f6-415a-85b1-cee69b103b7e,215800939,Commune de Cuncy-lès-Varzy (58),false,{58093},Commune,2026-03-24 14:42:04.280096+01,gold_establishments_2025,,,,21580093900013,2025,Collectivité Territoriale,Commune,['Nièvre'],['Bourgogne-Franche-Comté'],COM,{58},{27}
3441b084-4db6-4886-8d8d-e099964ccfe3,215501404,Commune de Cunel (55),false,{55140},Commune,2026-03-24 14:42:02.957225+01,gold_establishments_2025,,,,21550140400010,2025,Collectivité Territoriale,Commune,['Meuse'],['Grand Est'],COM,{55},{44}
7848c2a0-7baf-4748-8bf2-aa61b6f32f36,219000312,Commune de Cunelières (90),false,{90031},Commune,2026-03-24 14:42:11.659493+01,gold_establishments_2025,,,,21900031200013,2025,Collectivité Territoriale,Commune,['Territoire de Belfort'],['Bourgogne-Franche-Comté'],COM,{90},{27}
b6d0f5de-3d79-4c82-b531-d42717dcece9,211001136,Commune de Cunfin (10),false,{10119},Commune,2026-03-24 14:41:53.095366+01,gold_establishments_2025,,,,21100113600012,2025,Collectivité Territoriale,Commune,['Aube'],['Grand Est'],COM,{10},{44}
0ac3d123-17b9-4055-9d0c-9335c09345a8,216301325,Commune de Cunlhat (63),false,{63132},Commune,2026-03-24 14:42:06.130387+01,gold_establishments_2025,,,,21630132500017,2025,Collectivité Territoriale,Commune,['Puy-de-Dôme'],['Auvergne-Rhône-Alpes'],COM,{63},{84}
2365c019-3fe9-4dc5-9338-1cf72b1c84e7,212401483,Commune de Cunèges (24),false,{24148},Commune,2026-03-24 14:41:55.958138+01,gold_establishments_2025,,,,21240148300012,2025,Collectivité Territoriale,Commune,['Dordogne'],['Nouvelle-Aquitaine'],COM,{24},{75}
91e8fd62-3505-4f4b-a2dd-d6e1a3ef3dd9,215101890,Commune de Cuperly (51),false,{51203},Commune,2026-03-24 14:42:01.954481+01,gold_establishments_2025,,,,21510189000014,2025,Collectivité Territoriale,Commune,['Marne'],['Grand Est'],COM,{51},{44}
5d00a07e-b56c-445f-9e80-8aa148f0d5e4,214700767,Commune de Cuq (47),false,{47076},Commune,2026-03-24 14:42:00.862623+01,gold_establishments_2025,,,,21470076700012,2025,Collectivité Territoriale,Commune,['Lot-et-Garonne'],['Nouvelle-Aquitaine'],COM,{47},{75}
0989d420-fd1d-4b2a-9ba9-bfa50072dc88,218100758,Commune de Cuq (81),false,{81075},Commune,2026-03-24 14:42:09.967209+01,gold_establishments_2025,,,,21810075800018,2025,Collectivité Territoriale,Commune,['Tarn'],['Occitanie'],COM,{81},{76}
a96f74cd-56b0-45e1-a253-65e523cea155,218100766,Commune de Cuq-Toulza (81),false,{81076},Commune,2026-03-24 14:42:09.967209+01,gold_establishments_2025,,,,21810076600011,2025,Collectivité Territoriale,Commune,['Tarn'],['Occitanie'],COM,{81},{76}
e914481c-2e9c-4dee-9361-0bc51a25cc91,216401976,Commune de Cuqueron (64),false,{64197},Commune,2026-03-24 14:42:06.130387+01,gold_establishments_2025,,,,21640197600016,2025,Collectivité Territoriale,Commune,['Pyrénées-Atlantiques'],['Nouvelle-Aquitaine'],COM,{64},{75}
08e502ab-e441-480b-9848-465ebe6a4b92,211601174,Commune de Curac (16),false,{16117},Commune,2026-03-24 14:41:54.362296+01,gold_establishments_2025,,,,21160117400017,2025,Collectivité Territoriale,Commune,['Charente'],['Nouvelle-Aquitaine'],COM,{16},{75}
bb12374b-fd51-48c3-bbf6-28f9ae43fe35,211203070,Commune de Curan (12),false,{12307},Commune,2026-03-24 14:41:53.63825+01,gold_establishments_2025,,,,21120307000019,2025,Collectivité Territoriale,Commune,['Aveyron'],['Occitanie'],COM,{12},{76}
a3e6db46-6e90-4993-82d4-abb13548b3a5,210400669,Commune de Curbans (04),false,{04066},Commune,2026-03-24 14:41:52.020251+01,gold_establishments_2025,,,,21040066900011,2025,Collectivité Territoriale,Commune,['Alpes-de-Haute-Provence'],"[""Provence-Alpes-Côte d'Azur""]",COM,{04},{93}
b66afe53-e6f9-43be-99ec-47598277b210,217101609,Commune de Curbigny (71),false,{71160},Commune,2026-03-24 14:42:07.735343+01,gold_establishments_2025,,,,21710160900014,2025,Collectivité Territoriale,Commune,['Saône-et-Loire'],['Bourgogne-Franche-Comté'],COM,{71},{27}
2d4e99f2-0806-4847-b088-338d85e2a98d,218002228,Commune de Curchy (80),false,{80230},Commune,2026-03-24 14:42:09.967209+01,gold_establishments_2025,,,,21800222800011,2025,Collectivité Territoriale,Commune,['Somme'],['Hauts-de-France'],COM,{80},{32}
98dc468d-ecb1-4451-a4b2-5cec9094685b,210101390,Commune de Curciat-Dongalon (01),false,{01139},Commune,2026-03-24 14:41:51.447482+01,gold_establishments_2025,,,,21010139000016,2025,Collectivité Territoriale,Commune,['Ain'],['Auvergne-Rhône-Alpes'],COM,{01},{84}
513f8795-7080-45c6-93fd-450ed47a25f8,217101617,Commune de Curdin (71),false,{71161},Commune,2026-03-24 14:42:07.735343+01,gold_establishments_2025,,,,21710161700017,2025,Collectivité Territoriale,Commune,['Saône-et-Loire'],['Bourgogne-Franche-Comté'],COM,{71},{27}
6881d24e-cd0b-4b8e-867e-8b06ebc5c0e9,210400677,Commune de Curel (04),false,{04067},Commune,2026-03-24 14:41:52.020251+01,gold_establishments_2025,,,,21040067700014,2025,Collectivité Territoriale,Commune,['Alpes-de-Haute-Provence'],"[""Provence-Alpes-Côte d'Azur""]",COM,{04},{93}
b646b77c-9967-4c30-92fa-db6334bb5787,215201088,Commune de Curel (52),false,{52156},Commune,2026-03-24 14:42:01.954481+01,gold_establishments_2025,,,,21520108800014,2025,Collectivité Territoriale,Commune,['Haute-Marne'],['Grand Est'],COM,{52},{44}
fc8c87dc-f79c-42c3-b4b0-6b5da3b2483c,211906706,Commune de Curemonte (19),false,{19067},Commune,2026-03-24 14:41:54.903238+01,gold_establishments_2025,,,,21190670600018,2025,Collectivité Territoriale,Commune,['Corrèze'],['Nouvelle-Aquitaine'],COM,{19},{75}
8c1334f9-2718-4fac-8c46-aec61f46043d,217201110,Commune de Cures (72),false,{72111},Commune,2026-03-24 14:42:08.279287+01,gold_establishments_2025,,,,21720111000012,2025,Collectivité Territoriale,Commune,['Sarthe'],['Pays de la Loire'],COM,{72},{52}
78aee8a2-3cdb-4c85-aed7-e175b703de40,215901661,Commune de Curgies (59),false,{59166},Commune,2026-03-24 14:42:04.280096+01,gold_establishments_2025,,,,21590166100011,2025,Collectivité Territoriale,Commune,['Nord'],['Hauts-de-France'],COM,{59},{32}
29923674-412b-429c-94d0-6582826830c5,217101625,Commune de Curgy (71),false,{71162},Commune,2026-03-24 14:42:07.735343+01,gold_establishments_2025,,,,21710162500010,2025,Collectivité Territoriale,Commune,['Saône-et-Loire'],['Bourgogne-Franche-Comté'],COM,{71},{27}
5937ff90-71fe-4ed6-be47-95e400c9a51a,217300979,Commune de Curienne (73),false,{73097},Commune,2026-03-24 14:42:08.279287+01,gold_establishments_2025,,,,21730097900010,2025,Collectivité Territoriale,Commune,['Savoie'],['Auvergne-Rhône-Alpes'],COM,{73},{84}
1b0ff59e-2201-48be-8a6d-ccb81fdf38a0,216900712,Commune de Curis-au-Mont-d'Or (69),false,{69071},Commune,2026-03-24 14:42:07.195692+01,gold_establishments_2025,,,,21690071200011,2025,Collectivité Territoriale,Commune,['Rhône'],['Auvergne-Rhône-Alpes'],COM,{69},{84}
7d749427-b796-4248-88ef-c4b400675bbf,211200886,Commune de Curières (12),false,{12088},Commune,2026-03-24 14:41:53.63825+01,gold_establishments_2025,,,,21120088600011,2025,Collectivité Territoriale,Commune,['Aveyron'],['Occitanie'],COM,{12},{76}
d898a96e-5644-4ff8-b607-b65b40028558,212102172,Commune de Curley (21),false,{21217},Commune,2026-03-24 14:41:55.433389+01,gold_establishments_2025,,,,21210217200013,2025,Collectivité Territoriale,Commune,"[""Côte-d'Or""]",['Bourgogne-Franche-Comté'],COM,{21},{27}
e7cb4713-160e-459f-86a8-d3a96d0e531c,218002236,Commune de Curlu (80),false,{80231},Commune,2026-03-24 14:42:09.967209+01,gold_establishments_2025,,,,21800223600014,2025,Collectivité Territoriale,Commune,['Somme'],['Hauts-de-France'],COM,{80},{32}
325fe67b-721e-4b8b-9089-1fc4212e78ef,215201096,Commune de Curmont (52),false,{52157},Commune,2026-03-24 14:42:01.954481+01,gold_establishments_2025,,,,21520109600017,2025,Collectivité Territoriale,Commune,['Haute-Marne'],['Grand Est'],COM,{52},{44}
c05d9db8-a1e0-4abd-bfad-0a3e733c6f73,212601124,Commune de Curnier (26),false,{26112},Commune,2026-03-24 14:41:56.495197+01,gold_establishments_2025,,,,21260112400010,2025,Collectivité Territoriale,Commune,['Drôme'],['Auvergne-Rhône-Alpes'],COM,{26},{84}
566e5b37-d68e-4559-8fe1-0128fab2ace3,213301450,Commune de Cursan (33),false,{33145},Commune,2026-03-24 14:41:58.620411+01,gold_establishments_2025,,,,21330145000010,2025,Collectivité Territoriale,Commune,['Gironde'],['Nouvelle-Aquitaine'],COM,{33},{75}
10eba052-d14c-4639-9754-002732c71837,210101408,Commune de Curtafond (01),false,{01140},Commune,2026-03-24 14:41:51.447482+01,gold_establishments_2025,,,,21010140800016,2025,Collectivité Territoriale,Commune,['Ain'],['Auvergne-Rhône-Alpes'],COM,{01},{84}
e9585fca-2331-4aff-aad3-e1528ef8a226,212102180,Commune de Curtil-Saint-Seine (21),false,{21218},Commune,2026-03-24 14:41:55.433389+01,gold_establishments_2025,,,,21210218000016,2025,Collectivité Territoriale,Commune,"[""Côte-d'Or""]",['Bourgogne-Franche-Comté'],COM,{21},{27}
e2aa498b-25d6-4817-9f10-cf14fe1f2c45,212102198,Commune de Curtil-Vergy (21),false,{21219},Commune,2026-03-24 14:41:55.433389+01,gold_establishments_2025,,,,21210219800018,2025,Collectivité Territoriale,Commune,"[""Côte-d'Or""]",['Bourgogne-Franche-Comté'],COM,{21},{27}
06b5d446-615e-47b8-888c-aa0e466a0615,217101633,Commune de Curtil-sous-Buffières (71),false,{71163},Commune,2026-03-24 14:42:07.735343+01,gold_establishments_2025,,,,21710163300014,2025,Collectivité Territoriale,Commune,['Saône-et-Loire'],['Bourgogne-Franche-Comté'],COM,{71},{27}
b6ee2e06-b69b-4ef9-81c4-383d8d275f91,217101641,Commune de Curtil-sous-Burnand (71),false,{71164},Commune,2026-03-24 14:42:07.735343+01,gold_establishments_2025,,,,21710164100017,2025,Collectivité Territoriale,Commune,['Saône-et-Loire'],['Bourgogne-Franche-Comté'],COM,{71},{27}
d5b7c168-f223-48ac-bfac-f363a9613e48,218100774,Commune de Curvalle (81),false,{81077},Commune,2026-03-24 14:42:09.967209+01,gold_establishments_2025,,,,21810077400015,2025,Collectivité Territoriale,Commune,['Tarn'],['Occitanie'],COM,{81},{76}
492b8230-8b43-4470-bfc7-7f6898fc8cde,218600914,Commune de Curzay-sur-Vonne (86),false,{86091},Commune,2026-03-24 14:42:10.508772+01,gold_establishments_2025,,,,21860091400012,2025,Collectivité Territoriale,Commune,['Vienne'],['Nouvelle-Aquitaine'],COM,{86},{75}
a1deef69-0082-49d3-a81e-dfdc1ba0db9d,218500775,Commune de Curzon (85),false,{85077},Commune,2026-03-24 14:42:10.508772+01,gold_establishments_2025,,,,21850077500018,2025,Collectivité Territoriale,Commune,['Vendée'],['Pays de la Loire'],COM,{85},{52}
f10ac93a-fa24-4a45-b203-c4ca9c5df8df,218600906,Commune de Curçay-sur-Dive (86),false,{86090},Commune,2026-03-24 14:42:10.508772+01,gold_establishments_2025,,,,21860090600018,2025,Collectivité Territoriale,Commune,['Vienne'],['Nouvelle-Aquitaine'],COM,{86},{75}
3d789b3e-413f-475a-9a0a-ff34ac672403,212501837,Commune de Cusance (25),false,{25183},Commune,2026-03-24 14:41:56.495197+01,gold_establishments_2025,,,,21250183700018,2025,Collectivité Territoriale,Commune,['Doubs'],['Bourgogne-Franche-Comté'],COM,{25},{27}
938eff82-bb0d-4bf9-a5ef-39b4ba0fbe57,212501845,Commune de Cuse-et-Adrisans (25),false,{25184},Commune,2026-03-24 14:41:56.495197+01,gold_establishments_2025,,,,21250184500011,2025,Collectivité Territoriale,Commune,['Doubs'],['Bourgogne-Franche-Comté'],COM,{25},{27}
be894266-7e7a-4130-963a-ecd919d202c4,215201104,Commune de Cusey (52),false,{52158},Commune,2026-03-24 14:42:01.954481+01,gold_establishments_2025,,,,21520110400019,2025,Collectivité Territoriale,Commune,['Haute-Marne'],['Grand Est'],COM,{52},{44}
5e5c6ca4-ca76-47d3-be68-5445a1b1e668,211500590,Commune de Cussac (15),false,{15059},Commune,2026-03-24 14:41:54.362296+01,gold_establishments_2025,,,,21150059000016,2025,Collectivité Territoriale,Commune,['Cantal'],['Auvergne-Rhône-Alpes'],COM,{15},{84}
912c37e0-f711-4cbc-a927-27b51884e64f,218705408,Commune de Cussac (87),false,{87054},Commune,2026-03-24 14:42:11.118516+01,gold_establishments_2025,,,,21870540800019,2025,Collectivité Territoriale,Commune,['Haute-Vienne'],['Nouvelle-Aquitaine'],COM,{87},{75}
916874c4-8809-4ab5-8c7c-debc8064798e,213301468,Commune de Cussac-Fort-Médoc (33),false,{33146},Commune,2026-03-24 14:41:58.620411+01,gold_establishments_2025,,,,21330146800012,2025,Collectivité Territoriale,Commune,['Gironde'],['Nouvelle-Aquitaine'],COM,{33},{75}
0eac5992-ee63-41b3-8336-5f4bcf64c0c3,214300840,Commune de Cussac-sur-Loire (43),false,{43084},Commune,2026-03-24 14:42:00.273698+01,gold_establishments_2025,,,,21430084000011,2025,Collectivité Territoriale,Commune,['Haute-Loire'],['Auvergne-Rhône-Alpes'],COM,{43},{84}
550b17da-a36e-4f8e-ac32-449ce055118f,211001144,Commune de Cussangy (10),false,{10120},Commune,2026-03-24 14:41:53.095366+01,gold_establishments_2025,,,,21100114400016,2025,Collectivité Territoriale,Commune,['Aube'],['Grand Est'],COM,{10},{44}
fef6deda-0ecc-4592-b6d7-f8e19b364b96,213700941,Commune de Cussay (37),false,{37094},Commune,2026-03-24 14:41:59.160244+01,gold_establishments_2025,,,,21370094100015,2025,Collectivité Territoriale,Commune,['Indre-et-Loire'],['Centre-Val de Loire'],COM,{37},{24}
6a458d7f-0748-428e-b533-80e2c951b282,210300950,Commune de Cusset (03),false,{03095},Commune,2026-03-24 14:41:52.020251+01,gold_establishments_2025,,,,21030095000016,2025,Collectivité Territoriale,Commune,['Allier'],['Auvergne-Rhône-Alpes'],COM,{03},{84}
95d99f4c-984f-4cc7-bc36-aa12beb1fd04,212102206,Commune de Cussey-les-Forges (21),false,{21220},Commune,2026-03-24 14:41:55.433389+01,gold_establishments_2025,,,,21210220600019,2025,Collectivité Territoriale,Commune,"[""Côte-d'Or""]",['Bourgogne-Franche-Comté'],COM,{21},{27}
0bbf493d-2e31-4e63-a440-629dd8449600,200096808,Commune de Cussey-sur-Lison (25),false,{25185},Commune,2026-03-24 14:41:56.495197+01,gold_establishments_2025,,,,20009680800015,2025,Collectivité Territoriale,Commune,['Doubs'],['Bourgogne-Franche-Comté'],COM,{25},{27}
56cb9a86-1ca8-4447-b630-d61c822658a5,212501860,Commune de Cussey-sur-l'Ognon (25),false,{25186},Commune,2026-03-24 14:41:56.495197+01,gold_establishments_2025,,,,21250186000010,2025,Collectivité Territoriale,Commune,['Doubs'],['Bourgogne-Franche-Comté'],COM,{25},{27}
147e736f-80d7-43e3-9eea-bd90f682a0ce,211402144,Commune de Cussy (14),false,{14214},Commune,2026-03-24 14:41:54.362296+01,gold_establishments_2025,,,,21140214400011,2025,Collectivité Territoriale,Commune,['Calvados'],['Normandie'],COM,{14},{28}
ee4e04a7-8673-4528-9cbc-8e7044004e50,217101658,Commune de Cussy-en-Morvan (71),false,{71165},Commune,2026-03-24 14:42:07.735343+01,gold_establishments_2025,,,,21710165800011,2025,Collectivité Territoriale,Commune,['Saône-et-Loire'],['Bourgogne-Franche-Comté'],COM,{71},{27}
4daa6e07-7832-440f-b17a-fee335e9734b,212102214,Commune de Cussy-la-Colonne (21),false,{21221},Commune,2026-03-24 14:41:55.433389+01,gold_establishments_2025,,,,21210221400021,2025,Collectivité Territoriale,Commune,"[""Côte-d'Or""]",['Bourgogne-Franche-Comté'],COM,{21},{27}
2c6aa4cb-9e29-4cd1-981e-cbea54a32900,212102222,Commune de Cussy-le-Châtel (21),false,{21222},Commune,2026-03-24 14:41:55.433389+01,gold_establishments_2025,,,,21210222200016,2025,Collectivité Territoriale,Commune,"[""Côte-d'Or""]",['Bourgogne-Franche-Comté'],COM,{21},{27}
8364615f-3996-4e77-8cdf-c8b83ccf2999,218901346,Commune de Cussy-les-Forges (89),false,{89134},Commune,2026-03-24 14:42:11.118516+01,gold_establishments_2025,,,,21890134600013,2025,Collectivité Territoriale,Commune,['Yonne'],['Bourgogne-Franche-Comté'],COM,{89},{27}
df4ed921-f9a8-47f5-8cc6-589853c448d8,215401506,Commune de Custines (54),false,{54150},Commune,2026-03-24 14:42:02.957225+01,gold_establishments_2025,,,,21540150600013,2025,Collectivité Territoriale,Commune,['Meurthe-et-Moselle'],['Grand Est'],COM,{54},{44}
f7712289-3ad2-437a-af3a-30b523f26919,217400977,Commune de Cusy (74),false,{74097},Commune,2026-03-24 14:42:08.279287+01,gold_establishments_2025,,,,21740097700013,2025,Collectivité Territoriale,Commune,['Haute-Savoie'],['Auvergne-Rhône-Alpes'],COM,{74},{84}
ec7e918c-55f4-4b4c-be1b-a3f2612835ee,210202388,Commune de Cutry (02),false,{02254},Commune,2026-03-24 14:41:52.020251+01,gold_establishments_2025,,,,21020238800018,2025,Collectivité Territoriale,Commune,['Aisne'],['Hauts-de-France'],COM,{02},{32}
8a858bcf-e41c-46d8-bbd9-e94d62b0e6dc,215401514,Commune de Cutry (54),false,{54151},Commune,2026-03-24 14:42:02.957225+01,gold_establishments_2025,,,,21540151400017,2025,Collectivité Territoriale,Commune,['Meurthe-et-Moselle'],['Grand Est'],COM,{54},{44}
7cfee037-400b-448e-98de-c96d050eee81,216001883,Commune de Cuts (60),false,{60189},Commune,2026-03-24 14:42:04.814328+01,gold_establishments_2025,,,,21600188300018,2025,Collectivité Territoriale,Commune,['Oise'],['Hauts-de-France'],COM,{60},{32}
f3a80385-8a4b-4ddd-9311-b4ce9ab74b45,215701616,Commune de Cutting (57),false,{57161},Commune,2026-03-24 14:42:03.701372+01,gold_establishments_2025,,,,21570161600017,2025,Collectivité Territoriale,Commune,['Moselle'],['Grand Est'],COM,{57},{44}
05dbaaa4-1d15-46ab-a4ea-c574d34d2bec,212001036,Commune de Cuttoli-Corticchiato (2A),false,{2A103},Commune,2026-03-24 14:41:57.56054+01,gold_establishments_2025,,,,21200103600012,2025,Collectivité Territoriale,Commune,['Corse-du-Sud'],['Corse'],COM,{2A},{94}
66f5f73d-7c18-4938-95da-0841d7005713,217400985,Commune de Cuvat (74),false,{74098},Commune,2026-03-24 14:42:08.279287+01,gold_establishments_2025,,,,21740098500016,2025,Collectivité Territoriale,Commune,['Haute-Savoie'],['Auvergne-Rhône-Alpes'],COM,{74},{84}
c2ea149f-3708-469b-aab8-6040b72499f7,217001940,Commune de Cuve (70),false,{70194},Commune,2026-03-24 14:42:07.735343+01,gold_establishments_2025,,,,21700194000014,2025,Collectivité Territoriale,Commune,['Haute-Saône'],['Bourgogne-Franche-Comté'],COM,{70},{27}
a86c4167-0dd1-479c-b46a-24cdf13b6ccf,216001891,Commune de Cuvergnon (60),false,{60190},Commune,2026-03-24 14:42:04.814328+01,gold_establishments_2025,,,,21600189100011,2025,Collectivité Territoriale,Commune,['Oise'],['Hauts-de-France'],COM,{60},{32}
f8221fd8-d511-42ca-94cf-ef192c72aeaa,211402151,Commune de Cuverville (14),false,{14215},Commune,2026-03-24 14:41:54.362296+01,gold_establishments_2025,,,,21140215100016,2025,Collectivité Territoriale,Commune,['Calvados'],['Normandie'],COM,{14},{28}
a26ba5ff-394a-414e-a001-d7d7e51cc372,212701940,Commune de Cuverville (27),false,{27194},Commune,2026-03-24 14:41:57.028721+01,gold_establishments_2025,,,,21270194000018,2025,Collectivité Territoriale,Commune,['Eure'],['Normandie'],COM,{27},{28}
5ec428aa-5aa9-44a6-8e1f-b9be6693b4fc,217602069,Commune de Cuverville (76),false,{76206},Commune,2026-03-24 14:42:08.818969+01,gold_establishments_2025,,,,21760206900015,2025,Collectivité Territoriale,Commune,['Seine-Maritime'],['Normandie'],COM,{76},{28}
e2821d84-32fe-469c-bf09-07a47144e85f,217602077,Commune de Cuverville-sur-Yères (76),false,{76207},Commune,2026-03-24 14:42:08.818969+01,gold_establishments_2025,,,,21760207700018,2025,Collectivité Territoriale,Commune,['Seine-Maritime'],['Normandie'],COM,{76},{28}
d74d92bc-d4de-4d5f-825b-f2f0a3dc1c91,215001587,Commune de Cuves (50),false,{50158},Commune,2026-03-24 14:42:01.412377+01,gold_establishments_2025,,,,21500158700017,2025,Collectivité Territoriale,Commune,['Manche'],['Normandie'],COM,{50},{28}
55ce3ce4-d635-4b7d-b3c2-6652c64fd8d2,215201112,Commune de Cuves (52),false,{52159},Commune,2026-03-24 14:42:01.954481+01,gold_establishments_2025,,,,21520111200012,2025,Collectivité Territoriale,Commune,['Haute-Marne'],['Grand Est'],COM,{52},{44}
cd8f73af-85c9-4b03-aa93-409e14d997d1,213901879,Commune de Cuvier (39),false,{39187},Commune,2026-03-24 14:41:59.705606+01,gold_establishments_2025,,,,21390187900014,2025,Collectivité Territoriale,Commune,['Jura'],['Bourgogne-Franche-Comté'],COM,{39},{27}
e936716a-afca-4ffb-9b65-1b8c7da86d02,215901679,Commune de Cuvillers (59),false,{59167},Commune,2026-03-24 14:42:04.280096+01,gold_establishments_2025,,,,21590167900013,2025,Collectivité Territoriale,Commune,['Nord'],['Hauts-de-France'],COM,{59},{32}
4fdbcd00-9fe8-47ed-be90-f04cfa962d36,216001909,Commune de Cuvilly (60),false,{60191},Commune,2026-03-24 14:42:04.814328+01,gold_establishments_2025,,,,21600190900011,2025,Collectivité Territoriale,Commune,['Oise'],['Hauts-de-France'],COM,{60},{32}
4b94fcf0-fc02-4854-a27b-53c98784f141,215701624,Commune de Cuvry (57),false,{57162},Commune,2026-03-24 14:42:03.701372+01,gold_establishments_2025,,,,21570162400052,2025,Collectivité Territoriale,Commune,['Moselle'],['Grand Est'],COM,{57},{44}
cbaf6a2f-093e-427f-9781-c08b2310dfa0,211101159,Commune de Cuxac-Cabardès (11),false,{11115},Commune,2026-03-24 14:41:53.63825+01,gold_establishments_2025,,,,21110115900013,2025,Collectivité Territoriale,Commune,['Aude'],['Occitanie'],COM,{11},{76}
1c058e3f-549d-41db-a2b6-68423e3d4fe9,211101167,Commune de Cuxac-d'Aude (11),false,{11116},Commune,2026-03-24 14:41:53.63825+01,gold_establishments_2025,,,,21110116700016,2025,Collectivité Territoriale,Commune,['Aude'],['Occitanie'],COM,{11},{76}
9a2ea67c-eb32-4e44-a6c7-67c72fbdebf5,216001917,Commune de Cuy (60),false,{60192},Commune,2026-03-24 14:42:04.814328+01,gold_establishments_2025,,,,21600191700014,2025,Collectivité Territoriale,Commune,['Oise'],['Hauts-de-France'],COM,{60},{32}
a5eb8d46-e952-4f46-9887-08b64f00155a,218901361,Commune de Cuy (89),false,{89136},Commune,2026-03-24 14:42:11.118516+01,gold_establishments_2025,,,,21890136100012,2025,Collectivité Territoriale,Commune,['Yonne'],['Bourgogne-Franche-Comté'],COM,{89},{27}
c17055a4-3f70-4cff-98b8-987a0596e6da,217602085,Commune de Cuy-Saint-Fiacre (76),false,{76208},Commune,2026-03-24 14:42:08.818969+01,gold_establishments_2025,,,,21760208500011,2025,Collectivité Territoriale,Commune,['Seine-Maritime'],['Normandie'],COM,{76},{28}
f2375b53-0303-420f-bfae-bc93b42098bc,214600850,Commune de Cuzac (46),false,{46085},Commune,2026-03-24 14:42:00.862623+01,gold_establishments_2025,,,,21460085000017,2025,Collectivité Territoriale,Commune,['Lot'],['Occitanie'],COM,{46},{76}
7f6789a1-50c9-491c-8deb-a0681a56c3c6,214600868,Commune de Cuzance (46),false,{46086},Commune,2026-03-24 14:42:00.862623+01,gold_establishments_2025,,,,21460086800019,2025,Collectivité Territoriale,Commune,['Lot'],['Occitanie'],COM,{46},{76}
520a7a9c-e179-4ded-ac4b-cfa7d4a85034,210101416,Commune de Cuzieu (01),false,{01141},Commune,2026-03-24 14:41:51.447482+01,gold_establishments_2025,,,,21010141600019,2025,Collectivité Territoriale,Commune,['Ain'],['Auvergne-Rhône-Alpes'],COM,{01},{84}
b6a309aa-7960-41c2-b414-13836b1e31c8,214200818,Commune de Cuzieu (42),false,{42081},Commune,2026-03-24 14:42:00.273698+01,gold_establishments_2025,,,,21420081800018,2025,Collectivité Territoriale,Commune,['Loire'],['Auvergne-Rhône-Alpes'],COM,{42},{84}
bd577ca4-b2e9-4b2e-88e2-e3a3dab207f7,213600620,Commune de Cuzion (36),false,{36062},Commune,2026-03-24 14:41:59.160244+01,gold_establishments_2025,,,,21360062000016,2025,Collectivité Territoriale,Commune,['Indre'],['Centre-Val de Loire'],COM,{36},{24}
ee6cc0d7-97b5-4c75-939e-37188b5cf55d,214700775,Commune de Cuzorn (47),false,{47077},Commune,2026-03-24 14:42:00.862623+01,gold_establishments_2025,,,,21470077500015,2025,Collectivité Territoriale,Commune,['Lot-et-Garonne'],['Nouvelle-Aquitaine'],COM,{47},{75}
ec92baaa-9b9a-49cc-b040-21b25eaf55f7,217101666,Commune de Cuzy (71),false,{71166},Commune,2026-03-24 14:42:07.735343+01,gold_establishments_2025,,,,21710166600014,2025,Collectivité Territoriale,Commune,['Saône-et-Loire'],['Bourgogne-Franche-Comté'],COM,{71},{27}
aae0cbb6-1b3b-460e-962d-fd0175534f5e,210600524,Commune de Cuébris (06),false,{06052},Commune,2026-03-24 14:41:52.562531+01,gold_establishments_2025,,,,21060052400016,2025,Collectivité Territoriale,Commune,['Alpes-Maritimes'],"[""Provence-Alpes-Côte d'Azur""]",COM,{06},{93}
856899b9-ac00-496f-ab9b-67d495013b65,213201148,Commune de Cuélas (32),false,{32114},Commune,2026-03-24 14:41:58.09424+01,gold_establishments_2025,,,,21320114800011,2025,Collectivité Territoriale,Commune,['Gers'],['Occitanie'],COM,{32},{76}
63d41e98-44b5-4189-8d94-d9440d8754cf,210202396,Commune de Cys-la-Commune (02),false,{02255},Commune,2026-03-24 14:41:52.020251+01,gold_establishments_2025,,,,21020239600011,2025,Collectivité Territoriale,Commune,['Aisne'],['Hauts-de-France'],COM,{02},{32}
82679652-6490-428c-a6e4-e418c514f73e,215901687,Commune de Cysoing (59),false,{59168},Commune,2026-03-24 14:42:04.280096+01,gold_establishments_2025,,,,21590168700081,2025,Collectivité Territoriale,Commune,['Nord'],['Hauts-de-France'],COM,{59},{32}
2266261e-c482-4700-afef-2c7fc5cd221b,214000812,Commune de Cère (40),false,{40081},Commune,2026-03-24 14:41:59.705606+01,gold_establishments_2025,,,,21400081200013,2025,Collectivité Territoriale,Commune,['Landes'],['Nouvelle-Aquitaine'],COM,{40},{75}
ec4a965e-4390-489b-85ec-75d32b8a49d8,215001082,Commune de Céaux (50),false,{50108},Commune,2026-03-24 14:42:01.412377+01,gold_establishments_2025,,,,21500108200019,2025,Collectivité Territoriale,Commune,['Manche'],['Normandie'],COM,{50},{28}
8935b9e0-6211-4420-9686-9931e45024b4,214300436,Commune de Céaux-d'Allègre (43),false,{43043},Commune,2026-03-24 14:42:00.273698+01,gold_establishments_2025,,,,21430043600018,2025,Collectivité Territoriale,Commune,['Haute-Loire'],['Auvergne-Rhône-Alpes'],COM,{43},{84}
fb4de016-0375-4a47-941d-d5c150453ef1,213400708,Commune de Cébazan (34),false,{34070},Commune,2026-03-24 14:41:58.620411+01,gold_establishments_2025,,,,21340070800011,2025,Collectivité Territoriale,Commune,['Hérault'],['Occitanie'],COM,{34},{76}
65a5730c-6bcc-4651-8917-8ae50c548fff,216300632,Commune de Cébazat (63),false,{63063},Commune,2026-03-24 14:42:06.130387+01,gold_establishments_2025,,,,21630063200017,2025,Collectivité Territoriale,Commune,['Puy-de-Dôme'],['Auvergne-Rhône-Alpes'],COM,{63},{84}
b512e61d-6135-4bd7-9c31-d626759677b4,217700657,Commune de Cély (77),false,{77065},Commune,2026-03-24 14:42:08.818969+01,gold_establishments_2025,,,,21770065700018,2025,Collectivité Territoriale,Commune,['Seine-et-Marne'],['Île-de-France'],COM,{77},{11}
3889bc6a-e3be-4278-a1aa-3b36b915dd1b,213301187,Commune de Cénac (33),false,{33118},Commune,2026-03-24 14:41:58.09424+01,gold_establishments_2025,,,,21330118700018,2025,Collectivité Territoriale,Commune,['Gironde'],['Nouvelle-Aquitaine'],COM,{33},{75}
24528880-e292-4061-a65f-bfd0c64ac501,212400915,Commune de Cénac-et-Saint-Julien (24),false,{24091},Commune,2026-03-24 14:41:55.958138+01,gold_establishments_2025,,,,21240091500014,2025,Collectivité Territoriale,Commune,['Dordogne'],['Nouvelle-Aquitaine'],COM,{24},{75}
9908c34a-0d4a-427d-8fab-142aa0b15eea,214600686,Commune de Cénevières (46),false,{46068},Commune,2026-03-24 14:42:00.862623+01,gold_establishments_2025,,,,21460068600015,2025,Collectivité Territoriale,Commune,['Lot'],['Occitanie'],COM,{46},{76}
1364d62a-41f6-4e35-9811-177a9f425372,213101363,Commune de Cépet (31),false,{31136},Commune,2026-03-24 14:41:57.56054+01,gold_establishments_2025,,,,21310136300017,2025,Collectivité Territoriale,Commune,['Haute-Garonne'],['Occitanie'],COM,{31},{76}
c95a7a78-0a8e-4352-970e-f92159feb90f,211100904,Commune de Cépie (11),false,{11090},Commune,2026-03-24 14:41:53.63825+01,gold_establishments_2025,,,,21110090400013,2025,Collectivité Territoriale,Commune,['Aude'],['Occitanie'],COM,{11},{76}
11c55660-1492-4c2f-bdd7-19e4835578ac,213201015,Commune de Céran (32),false,{32101},Commune,2026-03-24 14:41:58.09424+01,gold_establishments_2025,,,,21320101500012,2025,Collectivité Territoriale,Commune,['Gers'],['Occitanie'],COM,{32},{76}
8328f27d-2528-4b21-bc94-d14d284698ad,217200518,Commune de Cérans-Foulletourte (72),false,{72051},Commune,2026-03-24 14:42:08.279287+01,gold_establishments_2025,,,,21720051800017,2025,Collectivité Territoriale,Commune,['Sarthe'],['Pays de la Loire'],COM,{72},{52}
8c231866-06df-44bb-bec3-fe469fc0ecf9,215001090,Commune de Cérences (50),false,{50109},Commune,2026-03-24 14:42:01.412377+01,gold_establishments_2025,,,,21500109000012,2025,Collectivité Territoriale,Commune,['Manche'],['Normandie'],COM,{50},{28}
3cbdf2e4-57fb-47d7-9c34-3167daafb60c,210400453,Commune de Céreste-en-Luberon (04),false,{04045},Commune,2026-03-24 14:41:52.020251+01,gold_establishments_2025,,,,21040045300010,2025,Collectivité Territoriale,Commune,['Alpes-de-Haute-Provence'],"[""Provence-Alpes-Côte d'Azur""]",COM,{04},{93}
4bc791ae-e3a3-4eda-a5ca-772b66e24a8e,216600494,Commune de Céret (66),false,{66049},Commune,2026-03-24 14:42:06.665412+01,gold_establishments_2025,,,,21660049400019,2025,Collectivité Territoriale,Commune,['Pyrénées-Orientales'],['Occitanie'],COM,{66},{76}
df3d9490-53a7-4ce0-9bc9-79d379da9c44,210300489,Commune de Cérilly (03),false,{03048},Commune,2026-03-24 14:41:52.020251+01,gold_establishments_2025,,,,21030048900015,2025,Collectivité Territoriale,Commune,['Allier'],['Auvergne-Rhône-Alpes'],COM,{03},{84}
85626d12-f2e1-4dd8-a4a0-1b7d559ca325,212101257,Commune de Cérilly (21),false,{21125},Commune,2026-03-24 14:41:55.433389+01,gold_establishments_2025,,,,21210125700013,2025,Collectivité Territoriale,Commune,"[""Côte-d'Or""]",['Bourgogne-Franche-Comté'],COM,{21},{27}
4295be8b-06de-4c22-966a-def7676aec5a,218900652,Commune de Cérilly (89),false,{89065},Commune,2026-03-24 14:42:11.118516+01,gold_establishments_2025,,,,21890065200015,2025,Collectivité Territoriale,Commune,['Yonne'],['Bourgogne-Franche-Comté'],COM,{89},{27}
0907a8eb-98f3-4856-8134-9831c2f86559,210900940,Commune de Cérizols (09),false,{09094},Commune,2026-03-24 14:41:53.095366+01,gold_establishments_2025,,,,21090094000011,2025,Collectivité Territoriale,Commune,['Ariège'],['Occitanie'],COM,{09},{76}
d81690be-bb51-4e26-b064-8e9f04d655ff,217100718,Commune de Céron (71),false,{71071},Commune,2026-03-24 14:42:07.735343+01,gold_establishments_2025,,,,21710071800014,2025,Collectivité Territoriale,Commune,['Saône-et-Loire'],['Bourgogne-Franche-Comté'],COM,{71},{27}
bb2e3039-edfa-444f-93c4-052e06a11ecf,213301203,Commune de Cérons (33),false,{33120},Commune,2026-03-24 14:41:58.09424+01,gold_establishments_2025,,,,21330120300013,2025,Collectivité Territoriale,Commune,['Gironde'],['Nouvelle-Aquitaine'],COM,{33},{75}
f77a3ab4-f963-4a37-a7d3-a1ed8374bf31,213700461,Commune de Céré-la-Ronde (37),false,{37046},Commune,2026-03-24 14:41:59.160244+01,gold_establishments_2025,,,,21370046100014,2025,Collectivité Territoriale,Commune,['Indre-et-Loire'],['Centre-Val de Loire'],COM,{37},{24}
47b91363-0be4-4014-a979-6cc579570376,217300615,Commune de Césarches (73),false,{73061},Commune,2026-03-24 14:42:08.279287+01,gold_establishments_2025,,,,21730061500010,2025,Collectivité Territoriale,Commune,['Savoie'],['Auvergne-Rhône-Alpes'],COM,{73},{84}
ec087057-1b99-465e-a58a-2043566a84a7,214500654,Commune de Césarville-Dossainville (45),false,{45065},Commune,2026-03-24 14:42:00.862623+01,gold_establishments_2025,,,,21450065400014,2025,Collectivité Territoriale,Commune,['Loiret'],['Centre-Val de Loire'],COM,{45},{24}
969f3fcc-57db-4aa1-8919-6cf5350271fd,213301237,Commune de Cézac (33),false,{33123},Commune,2026-03-24 14:41:58.620411+01,gold_establishments_2025,,,,21330123700011,2025,Collectivité Territoriale,Commune,['Gironde'],['Nouvelle-Aquitaine'],COM,{33},{75}
c95c676d-7e11-46ac-a7ac-0a2b4356123d,214600694,Commune de Cézac (46),false,{46069},Commune,2026-03-24 14:42:00.862623+01,gold_establishments_2025,,,,21460069400019,2025,Collectivité Territoriale,Commune,['Lot'],['Occitanie'],COM,{46},{76}
60af8e86-e113-432d-9208-559d52b45dd0,213201023,Commune de Cézan (32),false,{32102},Commune,2026-03-24 14:41:58.09424+01,gold_establishments_2025,,,,21320102300016,2025,Collectivité Territoriale,Commune,['Gers'],['Occitanie'],COM,{32},{76}
ec86b8db-04e6-4f36-9468-e722730f62f8,211500335,Commune de Cézens (15),false,{15033},Commune,2026-03-24 14:41:54.362296+01,gold_establishments_2025,,,,21150033500016,2025,Collectivité Territoriale,Commune,['Cantal'],['Auvergne-Rhône-Alpes'],COM,{15},{84}
b3eae0de-1ed4-401a-90c0-d3c61e6773e5,218900678,Commune de Cézy (89),false,{89067},Commune,2026-03-24 14:42:11.118516+01,gold_establishments_2025,,,,21890067800010,2025,Collectivité Territoriale,Commune,['Yonne'],['Bourgogne-Franche-Comté'],COM,{89},{27}
865b0542-6c00-4cc9-8855-6590f349df1b,212501662,Commune de Côtebrune (25),false,{25166},Commune,2026-03-24 14:41:56.495197+01,gold_establishments_2025,,,,21250166200010,2025,Collectivité Territoriale,Commune,['Doubs'],['Bourgogne-Franche-Comté'],COM,{25},{27}
fce54fe3-e9b2-43ab-aa07-1de06c391560,200058535,Commune de Cœur de Causse (46),false,{46138},Commune,2026-03-24 14:42:00.862623+01,gold_establishments_2025,,,,20005853500010,2025,Collectivité Territoriale,Commune,['Lot'],['Occitanie'],COM,{46},{76}
2290fa6d-3961-4d39-ba10-082086589298,200098796,Commune de Cœur-de-la-Vallée (51),false,{51457},Commune,2026-03-24 14:42:01.954481+01,gold_establishments_2025,,,,20009879600010,2025,Collectivité Territoriale,Commune,['Marne'],['Grand Est'],COM,{51},{44}
2899d8ea-b3f8-4f59-afff-b0a7222bf578,210201877,Commune de Cœuvres-et-Valsery (02),false,{02201},Commune,2026-03-24 14:41:51.447482+01,gold_establishments_2025,,,,21020187700011,2025,Collectivité Territoriale,Commune,['Aisne'],['Hauts-de-France'],COM,{02},{32}
87a12376-2b40-4160-8d98-de765dd00bc7,219101987,Commune de D'Huison-Longueville (91),false,{91198},Commune,2026-03-24 14:42:11.659493+01,gold_establishments_2025,,,,21910198700010,2025,Collectivité Territoriale,Commune,['Essonne'],['Île-de-France'],COM,{91},{11}
efbdc523-aaf1-4b75-a986-16e37d353028,215701632,Commune de Dabo (57),false,{57163},Commune,2026-03-24 14:42:03.701372+01,gold_establishments_2025,,,,21570163200014,2025,Collectivité Territoriale,Commune,['Moselle'],['Grand Est'],COM,{57},{44}
90f8d3e1-5dbc-4773-be3e-1c04caabcc62,216700807,Commune de Dachstein (67),false,{67080},Commune,2026-03-24 14:42:06.665412+01,gold_establishments_2025,,,,21670080700011,2025,Collectivité Territoriale,Commune,['Bas-Rhin'],['Grand Est'],COM,{67},{44}
f07f6a98-7065-4d2d-a8f0-4a42dba38361,214501199,Commune de Dadonville (45),false,{45119},Commune,2026-03-24 14:42:00.862623+01,gold_establishments_2025,,,,21450119900019,2025,Collectivité Territoriale,Commune,['Loiret'],['Centre-Val de Loire'],COM,{45},{24}
a965ff0d-db32-4fd2-8332-b6263f92c5e6,212401509,Commune de Daglan (24),false,{24150},Commune,2026-03-24 14:41:55.958138+01,gold_establishments_2025,,,,21240150900014,2025,Collectivité Territoriale,Commune,['Dordogne'],['Nouvelle-Aquitaine'],COM,{24},{75}
b1eea00b-2fba-4715-8432-c8baff0a2fa7,210101424,Commune de Dagneux (01),false,{01142},Commune,2026-03-24 14:41:51.447482+01,gold_establishments_2025,,,,21010142400013,2025,Collectivité Territoriale,Commune,['Ain'],['Auvergne-Rhône-Alpes'],COM,{01},{84}
3643f7b0-935d-4083-9ba1-408704fc549a,217701515,Commune de Dagny (77),false,{77151},Commune,2026-03-24 14:42:09.43682+01,gold_establishments_2025,,,,21770151500017,2025,Collectivité Territoriale,Commune,['Seine-et-Marne'],['Île-de-France'],COM,{77},{11}
6b4180cf-bcf0-4de8-b0b9-fa234fb6df2b,210202404,Commune de Dagny-Lambercy (02),false,{02256},Commune,2026-03-24 14:41:52.020251+01,gold_establishments_2025,,,,21020240400013,2025,Collectivité Territoriale,Commune,['Aisne'],['Hauts-de-France'],COM,{02},{32}
b6433b88-f720-44f2-896d-da01f8541337,215501412,Commune de Dagonville (55),false,{55141},Commune,2026-03-24 14:42:02.957225+01,gold_establishments_2025,,,,21550141200013,2025,Collectivité Territoriale,Commune,['Meuse'],['Grand Est'],COM,{55},{44}
317b3ad6-1450-410b-a2b9-c782783930fa,216700815,Commune de Dahlenheim (67),false,{67081},Commune,2026-03-24 14:42:06.665412+01,gold_establishments_2025,,,,21670081500014,2025,Collectivité Territoriale,Commune,['Bas-Rhin'],['Grand Est'],COM,{67},{44}
35017555-eec5-42f1-a6c2-44a81064e58a,213301476,Commune de Daignac (33),false,{33147},Commune,2026-03-24 14:41:58.620411+01,gold_establishments_2025,,,,21330147600015,2025,Collectivité Territoriale,Commune,['Gironde'],['Nouvelle-Aquitaine'],COM,{33},{75}
b88e7e23-3102-4b64-9e32-145a2f6b4915,210801221,Commune de Daigny (08),false,{08136},Commune,2026-03-24 14:41:52.562531+01,gold_establishments_2025,,,,21080122100016,2025,Collectivité Territoriale,Commune,['Ardennes'],['Grand Est'],COM,{08},{44}
0e32a6c9-26da-4f8d-91ff-5504681e1c2a,215201120,Commune de Daillancourt (52),false,{52160},Commune,2026-03-24 14:42:01.954481+01,gold_establishments_2025,,,,21520112000015,2025,Collectivité Territoriale,Commune,['Haute-Marne'],['Grand Est'],COM,{52},{44}
539b8e4d-bcd4-4e6b-8ae4-67656d632b17,215201138,Commune de Daillecourt (52),false,{52161},Commune,2026-03-24 14:42:01.954481+01,gold_establishments_2025,,,,21520113800017,2025,Collectivité Territoriale,Commune,['Haute-Marne'],['Grand Est'],COM,{52},{44}
ee67f733-7c00-473d-b1e0-05cf9be931f7,216202630,Commune de Dainville (62),false,{62263},Commune,2026-03-24 14:42:05.597325+01,gold_establishments_2025,,,,21620263000010,2025,Collectivité Territoriale,Commune,['Pas-de-Calais'],['Hauts-de-France'],COM,{62},{32}
a6cf38f1-a12e-4672-91c2-5611a0c21332,215501420,Commune de Dainville-Bertheléville (55),false,{55142},Commune,2026-03-24 14:42:02.957225+01,gold_establishments_2025,,,,21550142000016,2025,Collectivité Territoriale,Commune,['Meuse'],['Grand Est'],COM,{55},{44}
116aa3e1-a18a-4e33-819e-21082b0582d7,212102230,Commune de Daix (21),false,{21223},Commune,2026-03-24 14:41:55.433389+01,gold_establishments_2025,,,,21210223000019,2025,Collectivité Territoriale,Commune,"[""Côte-d'Or""]",['Bourgogne-Franche-Comté'],COM,{21},{27}
932015bd-29b1-4eb8-9467-8c466d411a40,215701657,Commune de Dalem (57),false,{57165},Commune,2026-03-24 14:42:03.701372+01,gold_establishments_2025,,,,21570165700011,2025,Collectivité Territoriale,Commune,['Moselle'],['Grand Est'],COM,{57},{44}
770779a4-dd81-4a37-8f6b-7191e0f7d882,215701665,Commune de Dalhain (57),false,{57166},Commune,2026-03-24 14:42:03.701372+01,gold_establishments_2025,,,,21570166500014,2025,Collectivité Territoriale,Commune,['Moselle'],['Grand Est'],COM,{57},{44}
7bb481b3-d209-4561-9249-f76eeba9465d,216700823,Commune de Dalhunden (67),false,{67082},Commune,2026-03-24 14:42:06.665412+01,gold_establishments_2025,,,,21670082300018,2025,Collectivité Territoriale,Commune,['Bas-Rhin'],['Grand Est'],COM,{67},{44}
324489d4-3cf9-4b5b-9721-a2260d812770,210202412,Commune de Dallon (02),false,{02257},Commune,2026-03-24 14:41:52.020251+01,gold_establishments_2025,,,,21020241200016,2025,Collectivité Territoriale,Commune,['Aisne'],['Hauts-de-France'],COM,{02},{32}
ba35438a-62d4-4ff6-8901-e077bdc49f2c,210901047,Commune de Dalou (09),false,{09104},Commune,2026-03-24 14:41:53.095366+01,gold_establishments_2025,,,,21090104700063,2025,Collectivité Territoriale,Commune,['Ariège'],['Occitanie'],COM,{09},{76}
80722a92-236c-47ce-93ed-4dacb759793f,215701673,Commune de Dalstein (57),false,{57167},Commune,2026-03-24 14:42:03.701372+01,gold_establishments_2025,,,,21570167300018,2025,Collectivité Territoriale,Commune,['Moselle'],['Grand Est'],COM,{57},{44}
a5ac36cf-f483-4a9f-a496-eb88e4e01600,210600532,Commune de Daluis (06),false,{06053},Commune,2026-03-24 14:41:52.562531+01,gold_establishments_2025,,,,21060053200019,2025,Collectivité Territoriale,Commune,['Alpes-Maritimes'],"[""Provence-Alpes-Côte d'Azur""]",COM,{06},{93}
7e147d67-3efc-4467-8245-be0df22d2c78,218801215,Commune de Damas-aux-Bois (88),false,{88121},Commune,2026-03-24 14:42:11.118516+01,gold_establishments_2025,,,,21880121500011,2025,Collectivité Territoriale,Commune,['Vosges'],['Grand Est'],COM,{88},{44}
fec2c443-9da4-4981-9724-8c2bbd7193bb,218801223,Commune de Damas-et-Bettegney (88),false,{88122},Commune,2026-03-24 14:42:11.118516+01,gold_establishments_2025,,,,21880122300015,2025,Collectivité Territoriale,Commune,['Vosges'],['Grand Est'],COM,{88},{44}
b1f16d53-3d35-41d4-b281-88d10934af84,214700783,Commune de Damazan (47),false,{47078},Commune,2026-03-24 14:42:00.862623+01,gold_establishments_2025,,,,21470078300019,2025,Collectivité Territoriale,Commune,['Lot-et-Garonne'],['Nouvelle-Aquitaine'],COM,{47},{75}
ae0b9b55-29aa-458e-912d-810cd0f07de7,216700831,Commune de Dambach (67),false,{67083},Commune,2026-03-24 14:42:07.195692+01,gold_establishments_2025,,,,21670083100011,2025,Collectivité Territoriale,Commune,['Bas-Rhin'],['Grand Est'],COM,{67},{44}
939105f2-ae20-4b6f-97bb-93b145176959,216700849,Commune de Dambach-la-Ville (67),false,{67084},Commune,2026-03-24 14:42:07.195692+01,gold_establishments_2025,,,,21670084900013,2025,Collectivité Territoriale,Commune,['Bas-Rhin'],['Grand Est'],COM,{67},{44}
cf8f010c-9729-41ea-8034-eddf079a1f62,212501878,Commune de Dambelin (25),false,{25187},Commune,2026-03-24 14:41:56.495197+01,gold_establishments_2025,,,,21250187800012,2025,Collectivité Territoriale,Commune,['Doubs'],['Bourgogne-Franche-Comté'],COM,{25},{27}
88a789f5-6dd8-45d1-b2d3-666df0f65785,212501886,Commune de Dambenois (25),false,{25188},Commune,2026-03-24 14:41:56.495197+01,gold_establishments_2025,,,,21250188600015,2025,Collectivité Territoriale,Commune,['Doubs'],['Bourgogne-Franche-Comté'],COM,{25},{27}
b5ed4a39-8041-403c-9ce3-2c35cfc731ff,217001957,Commune de Dambenoît-lès-Colombe (70),false,{70195},Commune,2026-03-24 14:42:07.735343+01,gold_establishments_2025,,,,21700195700018,2025,Collectivité Territoriale,Commune,['Haute-Saône'],['Bourgogne-Franche-Comté'],COM,{70},{27}
9b35cede-0e29-4e0e-9f16-685629bb9993,218801231,Commune de Damblain (88),false,{88123},Commune,2026-03-24 14:42:11.118516+01,gold_establishments_2025,,,,21880123100018,2025,Collectivité Territoriale,Commune,['Vosges'],['Grand Est'],COM,{88},{44}
c37e51ac-59ed-429a-8d8d-33a9f922a4d9,211402169,Commune de Damblainville (14),false,{14216},Commune,2026-03-24 14:41:54.362296+01,gold_establishments_2025,,,,21140216900018,2025,Collectivité Territoriale,Commune,['Calvados'],['Normandie'],COM,{14},{28}
bb3cab86-bebc-45f1-bb5f-ecb3c29624d7,212801211,Commune de Dambron (28),false,{28121},Commune,2026-03-24 14:41:57.028721+01,gold_establishments_2025,,,,21280121100013,2025,Collectivité Territoriale,Commune,['Eure-et-Loir'],['Centre-Val de Loire'],COM,{28},{24}
c4d97d9e-842c-4ec0-9fc5-a84f37125c4f,216101428,Commune de Dame-Marie (61),false,{61142},Commune,2026-03-24 14:42:05.597325+01,gold_establishments_2025,,,,21610142800011,2025,Collectivité Territoriale,Commune,['Orne'],['Normandie'],COM,{61},{28}
4b805351-afe6-4216-acba-a96a2b3fd45d,213700958,Commune de Dame-Marie-les-Bois (37),false,{37095},Commune,2026-03-24 14:41:59.160244+01,gold_establishments_2025,,,,21370095800019,2025,Collectivité Territoriale,Commune,['Indre-et-Loire'],['Centre-Val de Loire'],COM,{37},{24}
96c637ff-3ffa-4ada-b8a6-4d8bbadaeda6,215401522,Commune de Damelevières (54),false,{54152},Commune,2026-03-24 14:42:02.957225+01,gold_establishments_2025,,,,21540152200119,2025,Collectivité Territoriale,Commune,['Meurthe-et-Moselle'],['Grand Est'],COM,{54},{44}
e34bdb8f-b33a-49d8-8990-5410cd80c489,217101674,Commune de Damerey (71),false,{71167},Commune,2026-03-24 14:42:07.735343+01,gold_establishments_2025,,,,21710167400018,2025,Collectivité Territoriale,Commune,['Saône-et-Loire'],['Bourgogne-Franche-Comté'],COM,{71},{27}
96e808c6-b724-4549-b886-2dd514435f4a,215101908,Commune de Damery (51),false,{51204},Commune,2026-03-24 14:42:01.954481+01,gold_establishments_2025,,,,21510190800014,2025,Collectivité Territoriale,Commune,['Marne'],['Grand Est'],COM,{51},{44}
2d53d5b2-d87a-482e-b123-0ddfadf686e8,218002244,Commune de Damery (80),false,{80232},Commune,2026-03-24 14:42:09.967209+01,gold_establishments_2025,,,,21800224400018,2025,Collectivité Territoriale,Commune,['Somme'],['Hauts-de-France'],COM,{80},{32}
005fb1a3-e085-42ed-a9f5-0158e62dba5f,215600529,Commune de Damgan (56),false,{56052},Commune,2026-03-24 14:42:03.701372+01,gold_establishments_2025,,,,21560052900014,2025,Collectivité Territoriale,Commune,['Morbihan'],['Bretagne'],COM,{56},{53}
efb63426-d97a-45ff-8fd4-63818e49ca36,218100782,Commune de Damiatte (81),false,{81078},Commune,2026-03-24 14:42:09.967209+01,gold_establishments_2025,,,,21810078200018,2025,Collectivité Territoriale,Commune,['Tarn'],['Occitanie'],COM,{81},{76}
559c3213-7ef9-4164-ad0e-2f52ee50e225,216101436,Commune de Damigny (61),false,{61143},Commune,2026-03-24 14:42:05.597325+01,gold_establishments_2025,,,,21610143600014,2025,Collectivité Territoriale,Commune,['Orne'],['Normandie'],COM,{61},{28}
01eb3cea-d9e7-4861-99e8-bb93a5f30317,215501438,Commune de Damloup (55),false,{55143},Commune,2026-03-24 14:42:02.957225+01,gold_establishments_2025,,,,21550143800018,2025,Collectivité Territoriale,Commune,['Meuse'],['Grand Est'],COM,{55},{44}
7bb03236-8576-40b9-9291-98df7e25a88d,210202420,Commune de Dammard (02),false,{02258},Commune,2026-03-24 14:41:52.020251+01,gold_establishments_2025,,,,21020242000019,2025,Collectivité Territoriale,Commune,['Aisne'],['Hauts-de-France'],COM,{02},{32}
fe181731-e81a-46fa-ba42-a279fe715a75,212801229,Commune de Dammarie (28),false,{28122},Commune,2026-03-24 14:41:57.028721+01,gold_establishments_2025,,,,21280122900015,2025,Collectivité Territoriale,Commune,['Eure-et-Loir'],['Centre-Val de Loire'],COM,{28},{24}
da9a7663-8a4f-46a7-87c1-1366d37dbcd7,214501207,Commune de Dammarie-en-Puisaye (45),false,{45120},Commune,2026-03-24 14:42:00.862623+01,gold_establishments_2025,,,,21450120700010,2025,Collectivité Territoriale,Commune,['Loiret'],['Centre-Val de Loire'],COM,{45},{24}
e3cb8c66-f59e-4156-8c42-c94d8c91182e,217701523,Commune de Dammarie-les-Lys (77),false,{77152},Commune,2026-03-24 14:42:09.43682+01,gold_establishments_2025,,,,21770152300011,2025,Collectivité Territoriale,Commune,['Seine-et-Marne'],['Île-de-France'],COM,{77},{11}
28a62d4f-cb7d-435f-8ea5-bf8fa0c9b4f8,214501215,Commune de Dammarie-sur-Loing (45),false,{45121},Commune,2026-03-24 14:42:00.862623+01,gold_establishments_2025,,,,21450121500013,2025,Collectivité Territoriale,Commune,['Loiret'],['Centre-Val de Loire'],COM,{45},{24}
b0b5592d-c712-438f-9fc4-89f5d91883b4,215501446,Commune de Dammarie-sur-Saulx (55),false,{55144},Commune,2026-03-24 14:42:02.957225+01,gold_establishments_2025,,,,21550144600011,2025,Collectivité Territoriale,Commune,['Meuse'],['Grand Est'],COM,{55},{44}
e191ee47-9468-40ed-9bd8-88b988d54878,213901887,Commune de Dammartin-Marpain (39),false,{39188},Commune,2026-03-24 14:41:59.705606+01,gold_establishments_2025,,,,21390188700017,2025,Collectivité Territoriale,Commune,['Jura'],['Bourgogne-Franche-Comté'],COM,{39},{27}
de844491-fc72-4427-96d9-be2520c50dd4,217701531,Commune de Dammartin-en-Goële (77),false,{77153},Commune,2026-03-24 14:42:09.43682+01,gold_establishments_2025,,,,21770153100014,2025,Collectivité Territoriale,Commune,['Seine-et-Marne'],['Île-de-France'],COM,{77},{11}
cee61eab-8f0c-48f4-bcce-6663d71a13cc,217801927,Commune de Dammartin-en-Serve (78),false,{78192},Commune,2026-03-24 14:42:09.43682+01,gold_establishments_2025,,,,21780192700013,2025,Collectivité Territoriale,Commune,['Yvelines'],['Île-de-France'],COM,{78},{11}
7e4215ba-5bc7-4384-8565-613edfc5314c,212501894,Commune de Dammartin-les-Templiers (25),false,{25189},Commune,2026-03-24 14:41:56.495197+01,gold_establishments_2025,,,,21250189400019,2025,Collectivité Territoriale,Commune,['Doubs'],['Bourgogne-Franche-Comté'],COM,{25},{27}
12cd1745-1cdb-4a1d-88e4-93016c9f278f,215201146,Commune de Dammartin-sur-Meuse (52),false,{52162},Commune,2026-03-24 14:42:01.954481+01,gold_establishments_2025,,,,21520114600010,2025,Collectivité Territoriale,Commune,['Haute-Marne'],['Grand Est'],COM,{52},{44}
7c00fc4a-fa81-415e-8d41-75c5988c10b7,217701549,Commune de Dammartin-sur-Tigeaux (77),false,{77154},Commune,2026-03-24 14:42:09.43682+01,gold_establishments_2025,,,,21770154900016,2025,Collectivité Territoriale,Commune,['Seine-et-Marne'],['Île-de-France'],COM,{77},{11}
f40a9a8e-d2eb-4864-9055-1675d7c086c6,215901695,Commune de Damousies (59),false,{59169},Commune,2026-03-24 14:42:04.280096+01,gold_establishments_2025,,,,21590169500019,2025,Collectivité Territoriale,Commune,['Nord'],['Hauts-de-France'],COM,{59},{32}
7d3de561-dd6d-47cb-a8a3-d5692b208735,210801239,Commune de Damouzy (08),false,{08137},Commune,2026-03-24 14:41:52.562531+01,gold_establishments_2025,,,,21080123900018,2025,Collectivité Territoriale,Commune,['Ardennes'],['Grand Est'],COM,{08},{44}
1da22784-3249-4bba-bbf7-cc89479cc36b,213901895,Commune de Damparis (39),false,{39189},Commune,2026-03-24 14:41:59.705606+01,gold_establishments_2025,,,,21390189500010,2025,Collectivité Territoriale,Commune,['Jura'],['Bourgogne-Franche-Comté'],COM,{39},{27}
ca6b7899-fad7-4291-b1da-061d9fb577d0,211001151,Commune de Dampierre (10),false,{10121},Commune,2026-03-24 14:41:53.095366+01,gold_establishments_2025,,,,21100115100011,2025,Collectivité Territoriale,Commune,['Aube'],['Grand Est'],COM,{10},{44}
e7941d24-44c6-4e01-8ec8-ed0c6714661e,200087203,Commune de Dampierre (39),false,{39190},Commune,2026-03-24 14:41:59.705606+01,gold_establishments_2025,,,,20008720300010,2025,Collectivité Territoriale,Commune,['Jura'],['Bourgogne-Franche-Comté'],COM,{39},{27}
2d003989-8a37-4909-9319-adc042f751e1,215204033,Commune de Dampierre (52),false,{52163},Commune,2026-03-24 14:42:01.954481+01,gold_establishments_2025,,,,21520403300017,2025,Collectivité Territoriale,Commune,['Haute-Marne'],['Grand Est'],COM,{52},{44}
b26d6d19-d81e-4001-8666-b4d124312dc2,217602101,Commune de Dampierre-Saint-Nicolas (76),false,{76210},Commune,2026-03-24 14:42:08.818969+01,gold_establishments_2025,,,,21760210100016,2025,Collectivité Territoriale,Commune,['Seine-Maritime'],['Normandie'],COM,{76},{28}
525eddfe-a1c9-49ee-ba7d-38f36f211226,215101916,Commune de Dampierre-au-Temple (nan),false,{51205},Commune,2026-03-24 14:42:01.954481+01,gold_establishments_2025,,,,21510191600017,2025,Collectivité Territoriale,Commune,[''],[''],COM,,
2db5da99-ecc8-487e-9386-b1f91e6e4918,217602093,Commune de Dampierre-en-Bray (76),false,{76209},Commune,2026-03-24 14:42:08.818969+01,gold_establishments_2025,,,,21760209300031,2025,Collectivité Territoriale,Commune,['Seine-Maritime'],['Normandie'],COM,{76},{28}
a510b935-9d55-43f3-8db1-890d7f31e6d0,217101682,Commune de Dampierre-en-Bresse (71),false,{71168},Commune,2026-03-24 14:42:07.735343+01,gold_establishments_2025,,,,21710168200011,2025,Collectivité Territoriale,Commune,['Saône-et-Loire'],['Bourgogne-Franche-Comté'],COM,{71},{27}
931bda32-6fd9-4d78-aef1-653eb9f7bde9,214501223,Commune de Dampierre-en-Burly (45),false,{45122},Commune,2026-03-24 14:42:00.862623+01,gold_establishments_2025,,,,21450122300017,2025,Collectivité Territoriale,Commune,['Loiret'],['Centre-Val de Loire'],COM,{45},{24}
25c8bfee-c611-42b5-b0d8-c817e47be613,211800842,Commune de Dampierre-en-Crot (18),false,{18084},Commune,2026-03-24 14:41:54.903238+01,gold_establishments_2025,,,,21180084200018,2025,Collectivité Territoriale,Commune,['Cher'],['Centre-Val de Loire'],COM,{18},{24}
3765d933-d37a-4d57-b71b-4c929364b35b,211800859,Commune de Dampierre-en-Graçay (18),false,{18085},Commune,2026-03-24 14:41:54.903238+01,gold_establishments_2025,,,,21180085900012,2025,Collectivité Territoriale,Commune,['Cher'],['Centre-Val de Loire'],COM,{18},{24}
c9092477-e2c4-4315-a061-8ea0770af9b0,212102248,Commune de Dampierre-en-Montagne (21),false,{21224},Commune,2026-03-24 14:41:55.433389+01,gold_establishments_2025,,,,21210224800011,2025,Collectivité Territoriale,Commune,"[""Côte-d'Or""]",['Bourgogne-Franche-Comté'],COM,{21},{27}
40c2c8d0-b8c8-4244-adfc-4260962ce7ee,217801935,Commune de Dampierre-en-Yvelines (78),false,{78193},Commune,2026-03-24 14:42:09.43682+01,gold_establishments_2025,,,,21780193500016,2025,Collectivité Territoriale,Commune,['Yvelines'],['Île-de-France'],COM,{78},{11}
9e913ce7-bcdf-4246-8333-9b8ccc559ee2,212102255,Commune de Dampierre-et-Flée (21),false,{21225},Commune,2026-03-24 14:41:55.433389+01,gold_establishments_2025,,,,21210225500016,2025,Collectivité Territoriale,Commune,"[""Côte-d'Or""]",['Bourgogne-Franche-Comté'],COM,{21},{27}
5344231b-92b5-4a28-b6a4-d4a7c97de1c4,215101924,Commune de Dampierre-le-Château (51),false,{51206},Commune,2026-03-24 14:42:01.954481+01,gold_establishments_2025,,,,21510192400011,2025,Collectivité Territoriale,Commune,['Marne'],['Grand Est'],COM,{51},{44}
d2f8158f-975a-41e4-a485-96fa44268682,212501902,Commune de Dampierre-les-Bois (25),false,{25190},Commune,2026-03-24 14:41:56.495197+01,gold_establishments_2025,,,,21250190200010,2025,Collectivité Territoriale,Commune,['Doubs'],['Bourgogne-Franche-Comté'],COM,{25},{27}
cfbc29ae-59e7-47fa-8798-3be0ab649033,217001965,Commune de Dampierre-lès-Conflans (70),false,{70196},Commune,2026-03-24 14:42:07.735343+01,gold_establishments_2025,,,,21700196500011,2025,Collectivité Territoriale,Commune,['Haute-Saône'],['Bourgogne-Franche-Comté'],COM,{70},{27}
8ccdc811-4707-4ca3-a4ed-bf21f8c1eb04,215800947,Commune de Dampierre-sous-Bouhy (58),false,{58094},Commune,2026-03-24 14:42:04.280096+01,gold_establishments_2025,,,,21580094700016,2025,Collectivité Territoriale,Commune,['Nièvre'],['Bourgogne-Franche-Comté'],COM,{58},{27}
7a75c59a-7c87-4afd-bf2f-d95a93b166e6,212801237,Commune de Dampierre-sous-Brou (28),false,{28123},Commune,2026-03-24 14:41:57.028721+01,gold_establishments_2025,,,,21280123700018,2025,Collectivité Territoriale,Commune,['Eure-et-Loir'],['Centre-Val de Loire'],COM,{28},{24}
e19d9759-4b24-459c-8aa1-fb7b817b3649,212801245,Commune de Dampierre-sur-Avre (28),false,{28124},Commune,2026-03-24 14:41:57.028721+01,gold_establishments_2025,,,,21280124500011,2025,Collectivité Territoriale,Commune,['Eure-et-Loir'],['Centre-Val de Loire'],COM,{28},{24}
5d324846-0b16-41c5-9409-7ddc30164b5b,211701388,Commune de Dampierre-sur-Boutonne (17),false,{17138},Commune,2026-03-24 14:41:54.903238+01,gold_establishments_2025,,,,21170138800012,2025,Collectivité Territoriale,Commune,['Charente-Maritime'],['Nouvelle-Aquitaine'],COM,{17},{75}
455189b4-27be-4055-b044-b383b9316362,217001973,Commune de Dampierre-sur-Linotte (70),false,{70197},Commune,2026-03-24 14:42:07.735343+01,gold_establishments_2025,,,,21700197300080,2025,Collectivité Territoriale,Commune,['Haute-Saône'],['Bourgogne-Franche-Comté'],COM,{70},{27}
b013fef5-a4e5-4391-80b6-11b5d0e944ec,215101932,Commune de Dampierre-sur-Moivre (51),false,{51208},Commune,2026-03-24 14:42:01.954481+01,gold_establishments_2025,,,,21510193200014,2025,Collectivité Territoriale,Commune,['Marne'],['Grand Est'],COM,{51},{44}
9cf6d305-3edf-4485-b470-e149925029b4,217001981,Commune de Dampierre-sur-Salon (70),false,{70198},Commune,2026-03-24 14:42:07.735343+01,gold_establishments_2025,,,,21700198100018,2025,Collectivité Territoriale,Commune,['Haute-Saône'],['Bourgogne-Franche-Comté'],COM,{70},{27}
2cb98548-859d-43dd-b301-03bb418f9f7b,212501910,Commune de Dampierre-sur-le-Doubs (25),false,{25191},Commune,2026-03-24 14:41:56.495197+01,gold_establishments_2025,,,,21250191000013,2025,Collectivité Territoriale,Commune,['Doubs'],['Bourgogne-Franche-Comté'],COM,{25},{27}
2c9f1a46-2f6b-4e49-9abd-a3e481edd425,212501928,Commune de Dampjoux (25),false,{25192},Commune,2026-03-24 14:41:56.495197+01,gold_establishments_2025,,,,21250192800015,2025,Collectivité Territoriale,Commune,['Doubs'],['Bourgogne-Franche-Comté'],COM,{25},{27}
ff929156-c7f0-4034-b64c-a91107ea863b,210202438,Commune de Dampleux (02),false,{02259},Commune,2026-03-24 14:41:52.020251+01,gold_establishments_2025,,,,21020243800011,2025,Collectivité Territoriale,Commune,['Aisne'],['Hauts-de-France'],COM,{02},{32}
5664f428-b11b-4520-8996-66e2a6bfd976,217701556,Commune de Dampmart (77),false,{77155},Commune,2026-03-24 14:42:09.43682+01,gold_establishments_2025,,,,21770155600011,2025,Collectivité Territoriale,Commune,['Seine-et-Marne'],['Île-de-France'],COM,{77},{11}
7ef25481-0286-495f-a686-d6659f98a817,211906805,Commune de Dampniat (19),false,{19068},Commune,2026-03-24 14:41:54.903238+01,gold_establishments_2025,,,,21190680500018,2025,Collectivité Territoriale,Commune,['Corrèze'],['Nouvelle-Aquitaine'],COM,{19},{75}
9c8d5542-c6a1-45d7-bfd8-d19b87278e8a,212501936,Commune de Damprichard (25),false,{25193},Commune,2026-03-24 14:41:56.495197+01,gold_establishments_2025,,,,21250193600018,2025,Collectivité Territoriale,Commune,['Doubs'],['Bourgogne-Franche-Comté'],COM,{25},{27}
023aed85-9258-4090-9629-4a1779e26c3d,217002005,Commune de Dampvalley-Saint-Pancras (70),false,{70200},Commune,2026-03-24 14:42:07.735343+01,gold_establishments_2025,,,,21700200500015,2025,Collectivité Territoriale,Commune,['Haute-Saône'],['Bourgogne-Franche-Comté'],COM,{70},{27}
afceef01-6183-41cd-a2fb-69b682400b7b,217001999,Commune de Dampvalley-lès-Colombe (70),false,{70199},Commune,2026-03-24 14:42:07.735343+01,gold_establishments_2025,,,,21700199900010,2025,Collectivité Territoriale,Commune,['Haute-Saône'],['Bourgogne-Franche-Comté'],COM,{70},{27}
ef250b63-6ba3-4662-8db0-c5f8171fe625,215401530,Commune de Dampvitoux (54),false,{54153},Commune,2026-03-24 14:42:02.957225+01,gold_establishments_2025,,,,21540153000013,2025,Collectivité Territoriale,Commune,['Meurthe-et-Moselle'],['Grand Est'],COM,{54},{44}
b16da9b4-665c-4abb-8c23-e7b102823b3c,215201153,Commune de Damrémont (52),false,{52164},Commune,2026-03-24 14:42:01.954481+01,gold_establishments_2025,,,,21520115300016,2025,Collectivité Territoriale,Commune,['Haute-Marne'],['Grand Est'],COM,{52},{44}
5b0f1379-c210-4617-8de9-53f576cff502,215501453,Commune de Damvillers (55),false,{55145},Commune,2026-03-24 14:42:02.957225+01,gold_establishments_2025,,,,21550145300017,2025,Collectivité Territoriale,Commune,['Meuse'],['Grand Est'],COM,{55},{44}
3ac14959-f1b6-46b3-ad72-b8af083b842a,218500783,Commune de Damvix (85),false,{85078},Commune,2026-03-24 14:42:10.508772+01,gold_establishments_2025,,,,21850078300053,2025,Collectivité Territoriale,Commune,['Vendée'],['Pays de la Loire'],COM,{85},{52}
c841bb68-700c-4bdc-9ef3-11045084b40b,216001925,Commune de Daméraucourt (60),false,{60193},Commune,2026-03-24 14:42:04.814328+01,gold_establishments_2025,,,,21600192500017,2025,Collectivité Territoriale,Commune,['Oise'],['Hauts-de-France'],COM,{60},{32}
f65c7749-7229-4688-b62d-92c75a1f09a6,215201161,Commune de Dancevoir (52),false,{52165},Commune,2026-03-24 14:42:01.954481+01,gold_establishments_2025,,,,21520116100019,2025,Collectivité Territoriale,Commune,['Haute-Marne'],['Grand Est'],COM,{52},{44}
10e6a740-63f6-4cf2-903b-d19af3e765f9,217602119,Commune de Dancourt (76),false,{76211},Commune,2026-03-24 14:42:08.818969+01,gold_establishments_2025,,,,21760211900018,2025,Collectivité Territoriale,Commune,['Seine-Maritime'],['Normandie'],COM,{76},{28}
90de696b-5305-4ff8-88b6-10c20dbe8f26,218002251,Commune de Dancourt-Popincourt (80),false,{80233},Commune,2026-03-24 14:42:09.967209+01,gold_establishments_2025,,,,21800225100013,2025,Collectivité Territoriale,Commune,['Somme'],['Hauts-de-France'],COM,{80},{32}
e369f68d-b677-4b4d-8799-00f5cb3c3c3b,212801260,Commune de Dancy (28),false,{28126},Commune,2026-03-24 14:41:57.028721+01,gold_establishments_2025,,,,21280126000010,2025,Collectivité Territoriale,Commune,['Eure-et-Loir'],['Centre-Val de Loire'],COM,{28},{24}
2c5760b0-88e0-4a5b-944b-0b21b7cd9059,211402185,Commune de Danestal (14),false,{14218},Commune,2026-03-24 14:41:54.362296+01,gold_establishments_2025,,,,21140218500014,2025,Collectivité Territoriale,Commune,['Calvados'],['Normandie'],COM,{14},{28}
b7df35c8-f549-4379-ac78-d92f1b986c78,200076537,Commune de Dangeau (28),false,{28127},Commune,2026-03-24 14:41:57.028721+01,gold_establishments_2025,,,,20007653700014,2025,Collectivité Territoriale,Commune,['Eure-et-Loir'],['Centre-Val de Loire'],COM,{28},{24}
f5cd5229-6ee2-4c91-8090-431e8fe6c862,212801286,Commune de Dangers (28),false,{28128},Commune,2026-03-24 14:41:57.028721+01,gold_establishments_2025,,,,21280128600015,2025,Collectivité Territoriale,Commune,['Eure-et-Loir'],['Centre-Val de Loire'],COM,{28},{24}
cdd61744-46e8-4553-9298-87b5d4958597,217201128,Commune de Dangeul (72),false,{72112},Commune,2026-03-24 14:42:08.279287+01,gold_establishments_2025,,,,21720112800048,2025,Collectivité Territoriale,Commune,['Sarthe'],['Pays de la Loire'],COM,{72},{52}
fc8b0c11-5b99-4e93-97d8-b43a96cf0505,216700856,Commune de Dangolsheim (67),false,{67085},Commune,2026-03-24 14:42:07.195692+01,gold_establishments_2025,,,,21670085600018,2025,Collectivité Territoriale,Commune,['Bas-Rhin'],['Grand Est'],COM,{67},{44}
99c21a60-00f3-4cbc-940b-da38180468fe,212701999,Commune de Dangu (27),false,{27199},Commune,2026-03-24 14:41:57.028721+01,gold_establishments_2025,,,,21270199900014,2025,Collectivité Territoriale,Commune,['Eure'],['Normandie'],COM,{27},{28}
567d888f-f2f5-4867-bd42-f67810d5fdc7,215001595,Commune de Dangy (50),false,{50159},Commune,2026-03-24 14:42:01.412377+01,gold_establishments_2025,,,,21500159500010,2025,Collectivité Territoriale,Commune,['Manche'],['Normandie'],COM,{50},{28}
3658d585-46dd-4703-a1b3-2b138fd76b78,218600922,Commune de Dangé-Saint-Romain (86),false,{86092},Commune,2026-03-24 14:42:10.508772+01,gold_establishments_2025,,,,21860092200015,2025,Collectivité Territoriale,Commune,['Vienne'],['Nouvelle-Aquitaine'],COM,{86},{75}
3c027106-c0e4-40df-9208-fdff030ed462,210202446,Commune de Danizy (02),false,{02260},Commune,2026-03-24 14:41:52.020251+01,gold_establishments_2025,,,,21020244600014,2025,Collectivité Territoriale,Commune,['Aisne'],['Hauts-de-France'],COM,{02},{32}
ff3c0f6e-615a-47fd-9f01-c18e0c34b0e9,219000320,Commune de Danjoutin (90),false,{90032},Commune,2026-03-24 14:42:11.659493+01,gold_establishments_2025,,,,21900032000016,2025,Collectivité Territoriale,Commune,['Territoire de Belfort'],['Bourgogne-Franche-Comté'],COM,{90},{27}
3f432a89-51d4-4c59-b8db-a848320bd656,215701681,Commune de Danne-et-Quatre-Vents (57),false,{57168},Commune,2026-03-24 14:42:03.701372+01,gold_establishments_2025,,,,21570168100094,2025,Collectivité Territoriale,Commune,['Moselle'],['Grand Est'],COM,{57},{44}
4d259062-3c9d-4574-92c3-69000e16ba60,215701699,Commune de Dannelbourg (57),false,{57169},Commune,2026-03-24 14:42:03.701372+01,gold_establishments_2025,,,,21570169900013,2025,Collectivité Territoriale,Commune,['Moselle'],['Grand Est'],COM,{57},{44}
9197b0d1-541f-4ced-b818-d63157367c49,212501944,Commune de Dannemarie (25),false,{25194},Commune,2026-03-24 14:41:56.495197+01,gold_establishments_2025,,,,21250194400012,2025,Collectivité Territoriale,Commune,['Doubs'],['Bourgogne-Franche-Comté'],COM,{25},{27}
0124de72-8c9d-41ee-93dd-3435a3c9297f,216800680,Commune de Dannemarie (68),false,{68068},Commune,2026-03-24 14:42:07.195692+01,gold_establishments_2025,,,,21680068000011,2025,Collectivité Territoriale,Commune,['Haut-Rhin'],['Grand Est'],COM,{68},{44}
322b016a-0133-4ef1-b140-442a708ea0af,217801943,Commune de Dannemarie (78),false,{78194},Commune,2026-03-24 14:42:09.43682+01,gold_establishments_2025,,,,21780194300010,2025,Collectivité Territoriale,Commune,['Yvelines'],['Île-de-France'],COM,{78},{11}
3ba12089-c983-4a15-b499-3ba79b14e4fc,212501951,Commune de Dannemarie-sur-Crète (25),false,{25195},Commune,2026-03-24 14:41:56.495197+01,gold_establishments_2025,,,,21250195100041,2025,Collectivité Territoriale,Commune,['Doubs'],['Bourgogne-Franche-Comté'],COM,{25},{27}
07921b37-4337-4037-9db3-90eb8269dae2,218901379,Commune de Dannemoine (89),false,{89137},Commune,2026-03-24 14:42:11.118516+01,gold_establishments_2025,,,,21890137900014,2025,Collectivité Territoriale,Commune,['Yonne'],['Bourgogne-Franche-Comté'],COM,{89},{27}
147438ff-8eb8-437b-bce4-9367e8d4be4e,219101953,Commune de Dannemois (91),false,{91195},Commune,2026-03-24 14:42:11.659493+01,gold_establishments_2025,,,,21910195300012,2025,Collectivité Territoriale,Commune,['Essonne'],['Île-de-France'],COM,{91},{11}
44c23727-af4f-4602-bc19-bce5839be9d0,216202648,Commune de Dannes (62),false,{62264},Commune,2026-03-24 14:42:05.597325+01,gold_establishments_2025,,,,21620264800012,2025,Collectivité Territoriale,Commune,['Pas-de-Calais'],['Hauts-de-France'],COM,{62},{32}
dad8f3a9-8a37-4671-8fb3-83ef5b871989,215501461,Commune de Dannevoux (55),false,{55146},Commune,2026-03-24 14:42:02.957225+01,gold_establishments_2025,,,,21550146100010,2025,Collectivité Territoriale,Commune,['Meuse'],['Grand Est'],COM,{55},{44}
5a9c0919-7506-47df-a076-cc80d4d1ee0d,214100737,Commune de Danzé (41),false,{41073},Commune,2026-03-24 14:42:00.273698+01,gold_establishments_2025,,,,21410073700011,2025,Collectivité Territoriale,Commune,['Loir-et-Cher'],['Centre-Val de Loire'],COM,{41},{24}
7c307211-718c-4b32-a1ff-692b495c1865,215300898,Commune de Daon (53),false,{53089},Commune,2026-03-24 14:42:02.957225+01,gold_establishments_2025,,,,21530089800016,2025,Collectivité Territoriale,Commune,['Mayenne'],['Pays de la Loire'],COM,{53},{52}
cf281cb2-80f7-44eb-a85a-2a2e49d8249e,212900435,Commune de Daoulas (29),false,{29043},Commune,2026-03-24 14:41:57.028721+01,gold_establishments_2025,,,,21290043500117,2025,Collectivité Territoriale,Commune,['Finistère'],['Bretagne'],COM,{29},{53}
17732718-3037-474c-82ef-095813c33ecd,218002269,Commune de Daours (80),false,{80234},Commune,2026-03-24 14:42:09.967209+01,gold_establishments_2025,,,,21800226900015,2025,Collectivité Territoriale,Commune,['Somme'],['Hauts-de-France'],COM,{80},{32}
9763063d-1f89-4807-b3a0-4079955b2c85,211906904,Commune de Darazac (19),false,{19069},Commune,2026-03-24 14:41:54.903238+01,gold_establishments_2025,,,,21190690400019,2025,Collectivité Territoriale,Commune,['Corrèze'],['Nouvelle-Aquitaine'],COM,{19},{75}
1a1fb297-b816-43cc-9d1e-82b66e33eb78,213901911,Commune de Darbonnay (39),false,{39191},Commune,2026-03-24 14:41:59.705606+01,gold_establishments_2025,,,,21390191100015,2025,Collectivité Territoriale,Commune,['Jura'],['Bourgogne-Franche-Comté'],COM,{39},{27}
3ffa5923-9c1f-46dc-a061-77a76cf4f20e,210700779,Commune de Darbres (07),false,{07077},Commune,2026-03-24 14:41:52.562531+01,gold_establishments_2025,,,,21070077900015,2025,Collectivité Territoriale,Commune,['Ardèche'],['Auvergne-Rhône-Alpes'],COM,{07},{84}
74217ae2-aab3-4b56-b538-94052e363571,212102263,Commune de Darcey (21),false,{21226},Commune,2026-03-24 14:41:55.433389+01,gold_establishments_2025,,,,21210226300010,2025,Collectivité Territoriale,Commune,"[""Côte-d'Or""]",['Bourgogne-Franche-Comté'],COM,{21},{27}
a570be1d-a71b-4aa5-984e-8c4c4e237c9b,213301484,Commune de Dardenac (33),false,{33148},Commune,2026-03-24 14:41:58.620411+01,gold_establishments_2025,,,,21330148400019,2025,Collectivité Territoriale,Commune,['Gironde'],['Nouvelle-Aquitaine'],COM,{33},{75}
a50b4a05-86e0-41c2-b938-a672c1862d90,212702005,Commune de Dardez (27),false,{27200},Commune,2026-03-24 14:41:57.028721+01,gold_establishments_2025,,,,21270200500019,2025,Collectivité Territoriale,Commune,['Eure'],['Normandie'],COM,{27},{28}
f4daee62-d44e-450b-bd48-22c8ab6b8f85,216900720,Commune de Dardilly (69),false,{69072},Commune,2026-03-24 14:42:07.195692+01,gold_establishments_2025,,,,21690072000014,2025,Collectivité Territoriale,Commune,['Rhône'],['Auvergne-Rhône-Alpes'],COM,{69},{84}
7e0b92bd-fc33-4a4c-919c-e9fbd760745c,216001933,Commune de Dargies (60),false,{60194},Commune,2026-03-24 14:42:04.814328+01,gold_establishments_2025,,,,21600193300011,2025,Collectivité Territoriale,Commune,['Oise'],['Hauts-de-France'],COM,{60},{32}
ff5068cb-194e-4625-8b79-95e0f661a626,218002277,Commune de Dargnies (80),false,{80235},Commune,2026-03-24 14:42:09.967209+01,gold_establishments_2025,,,,21800227700018,2025,Collectivité Territoriale,Commune,['Somme'],['Hauts-de-France'],COM,{80},{32}
aadd2e5d-a99a-4125-a556-e59fa87388fa,214200834,Commune de Dargoire (42),false,{42083},Commune,2026-03-24 14:42:00.273698+01,gold_establishments_2025,,,,21420083400015,2025,Collectivité Territoriale,Commune,['Loire'],['Auvergne-Rhône-Alpes'],COM,{42},{84}
82e0333b-b330-43d8-bedc-213d7a4e1c6b,215201179,Commune de Darmannes (52),false,{52167},Commune,2026-03-24 14:42:01.954481+01,gold_establishments_2025,,,,21520117900011,2025,Collectivité Territoriale,Commune,['Haute-Marne'],['Grand Est'],COM,{52},{44}
a1c41bbb-6c8c-4666-a40f-cfa2f9024e55,211907001,Commune de Darnets (19),false,{19070},Commune,2026-03-24 14:41:54.903238+01,gold_establishments_2025,,,,21190700100013,2025,Collectivité Territoriale,Commune,['Corrèze'],['Nouvelle-Aquitaine'],COM,{19},{75}
1c50a682-dc93-4ff8-9e33-835875fae139,218801249,Commune de Darney (88),false,{88124},Commune,2026-03-24 14:42:11.118516+01,gold_establishments_2025,,,,21880124900010,2025,Collectivité Territoriale,Commune,['Vosges'],['Grand Est'],COM,{88},{44}
5a6ddd86-d63a-4a7d-9298-930470bb734b,218801256,Commune de Darney-aux-Chênes (88),false,{88125},Commune,2026-03-24 14:42:11.118516+01,gold_establishments_2025,,,,21880125600015,2025,Collectivité Territoriale,Commune,['Vosges'],['Grand Est'],COM,{88},{44}
454c8452-5974-4025-8004-512599e75732,218801264,Commune de Darnieulles (88),false,{88126},Commune,2026-03-24 14:42:11.118516+01,gold_establishments_2025,,,,21880126400019,2025,Collectivité Territoriale,Commune,['Vosges'],['Grand Est'],COM,{88},{44}
a4823b3b-7a10-4675-9969-513db0313918,217602127,Commune de Darnétal (76),false,{76212},Commune,2026-03-24 14:42:08.818969+01,gold_establishments_2025,,,,21760212700011,2025,Collectivité Territoriale,Commune,['Seine-Maritime'],['Normandie'],COM,{76},{28}
172f6bb0-180c-4702-aa5f-5ee7f55ccb56,212102271,Commune de Darois (21),false,{21227},Commune,2026-03-24 14:41:55.433389+01,gold_establishments_2025,,,,21210227100013,2025,Collectivité Territoriale,Commune,"[""Côte-d'Or""]",['Bourgogne-Franche-Comté'],COM,{21},{27}
b9c1ece1-3ca2-4ffc-9e0e-13ca9eb974fc,217701564,Commune de Darvault (77),false,{77156},Commune,2026-03-24 14:42:09.43682+01,gold_establishments_2025,,,,21770156400015,2025,Collectivité Territoriale,Commune,['Seine-et-Marne'],['Île-de-France'],COM,{77},{11}
34c2178b-ecf2-4824-b74a-949abf6ad13e,214501231,Commune de Darvoy (45),false,{45123},Commune,2026-03-24 14:42:00.862623+01,gold_establishments_2025,,,,21450123100010,2025,Collectivité Territoriale,Commune,['Loiret'],['Centre-Val de Loire'],COM,{45},{24}
5da7f98e-91ac-41ec-a838-d9ca55d7e317,212501969,Commune de Dasle (25),false,{25196},Commune,2026-03-24 14:41:56.495197+01,gold_establishments_2025,,,,21250196900019,2025,Collectivité Territoriale,Commune,['Doubs'],['Bourgogne-Franche-Comté'],COM,{25},{27}
3dc673d8-c48b-4b23-93fe-9a7229bdc654,216700864,Commune de Daubensand (67),false,{67086},Commune,2026-03-24 14:42:07.195692+01,gold_establishments_2025,,,,21670086400012,2025,Collectivité Territoriale,Commune,['Bas-Rhin'],['Grand Est'],COM,{67},{44}
ec685cf7-388b-4ad4-92a1-2fe734714723,217602135,Commune de Daubeuf-Serville (76),false,{76213},Commune,2026-03-24 14:42:08.818969+01,gold_establishments_2025,,,,21760213500014,2025,Collectivité Territoriale,Commune,['Seine-Maritime'],['Normandie'],COM,{76},{28}
3d5f16e9-5d08-498b-bba1-57b7b9b18e77,212702013,Commune de Daubeuf-la-Campagne (27),false,{27201},Commune,2026-03-24 14:41:57.028721+01,gold_establishments_2025,,,,21270201300013,2025,Collectivité Territoriale,Commune,['Eure'],['Normandie'],COM,{27},{28}
949d7c3f-e3da-4300-a65b-6dcd90da95c2,212702021,Commune de Daubeuf-près-Vatteville (27),false,{27202},Commune,2026-03-24 14:41:57.028721+01,gold_establishments_2025,,,,21270202100016,2025,Collectivité Territoriale,Commune,['Eure'],['Normandie'],COM,{27},{28}
eed78fae-5321-408c-a7d6-2278963fd5ca,213301492,Commune de Daubèze (33),false,{33149},Commune,2026-03-24 14:41:58.620411+01,gold_establishments_2025,,,,21330149200012,2025,Collectivité Territoriale,Commune,['Gironde'],['Nouvelle-Aquitaine'],COM,{33},{75}
84c79c11-1678-4535-ac87-8c593def79f1,216700872,Commune de Dauendorf (67),false,{67087},Commune,2026-03-24 14:42:07.195692+01,gold_establishments_2025,,,,21670087200015,2025,Collectivité Territoriale,Commune,['Bas-Rhin'],['Grand Est'],COM,{67},{44}
959bec52-749f-4869-98f3-a09cf07825a7,210901054,Commune de Daumazan-sur-Arize (09),false,{09105},Commune,2026-03-24 14:41:53.095366+01,gold_establishments_2025,,,,21090105400010,2025,Collectivité Territoriale,Commune,['Ariège'],['Occitanie'],COM,{09},{76}
ed311da1-9301-4147-8c0b-a9d10e985bf0,210400685,Commune de Dauphin (04),false,{04068},Commune,2026-03-24 14:41:52.020251+01,gold_establishments_2025,,,,21040068500017,2025,Collectivité Territoriale,Commune,['Alpes-de-Haute-Provence'],"[""Provence-Alpes-Côte d'Azur""]",COM,{04},{93}
ed2ed6dc-faae-48ac-aa2a-71d5d79d6dd8,214700791,Commune de Dausse (47),false,{47079},Commune,2026-03-24 14:42:00.862623+01,gold_establishments_2025,,,,21470079100012,2025,Collectivité Territoriale,Commune,['Lot-et-Garonne'],['Nouvelle-Aquitaine'],COM,{47},{75}
aceda1ae-5f84-47de-a55e-23cf218a4bf3,213101603,Commune de Daux (31),false,{31160},Commune,2026-03-24 14:41:57.56054+01,gold_establishments_2025,,,,21310160300016,2025,Collectivité Territoriale,Commune,['Haute-Garonne'],['Occitanie'],COM,{31},{76}
1f163dc8-fd59-427b-b1e3-c0dfd1a0d1a5,216301341,Commune de Dauzat-sur-Vodable (63),false,{63134},Commune,2026-03-24 14:42:06.130387+01,gold_establishments_2025,,,,21630134100014,2025,Collectivité Territoriale,Commune,['Puy-de-Dôme'],['Auvergne-Rhône-Alpes'],COM,{63},{84}
6bae9692-4c3d-4dde-b7fe-7165340ab513,216301358,Commune de Davayat (63),false,{63135},Commune,2026-03-24 14:42:06.130387+01,gold_establishments_2025,,,,21630135800018,2025,Collectivité Territoriale,Commune,['Puy-de-Dôme'],['Auvergne-Rhône-Alpes'],COM,{63},{84}
e6e867fe-a259-4632-af3b-fb7bc7d08156,217101690,Commune de Davayé (71),false,{71169},Commune,2026-03-24 14:42:07.735343+01,gold_establishments_2025,,,,21710169000014,2025,Collectivité Territoriale,Commune,['Saône-et-Loire'],['Bourgogne-Franche-Comté'],COM,{71},{27}
cf127e90-e922-4137-8fe1-8ec523dc0d7c,211101175,Commune de Davejean (11),false,{11117},Commune,2026-03-24 14:41:53.63825+01,gold_establishments_2025,,,,21110117500019,2025,Collectivité Territoriale,Commune,['Aude'],['Occitanie'],COM,{11},{76}
4505513a-c118-4cca-8ea5-477658685360,218002285,Commune de Davenescourt (80),false,{80236},Commune,2026-03-24 14:42:09.967209+01,gold_establishments_2025,,,,21800228500011,2025,Collectivité Territoriale,Commune,['Somme'],['Hauts-de-France'],COM,{80},{32}
d0c234bc-5401-418a-9306-d5d3e50f0a7a,211907100,Commune de Davignac (19),false,{19071},Commune,2026-03-24 14:41:54.903238+01,gold_establishments_2025,,,,21190710000013,2025,Collectivité Territoriale,Commune,['Corrèze'],['Nouvelle-Aquitaine'],COM,{19},{75}
42eee291-4f44-4407-b102-fa2a4090ead6,211001169,Commune de Davrey (10),false,{10122},Commune,2026-03-24 14:41:53.095366+01,gold_establishments_2025,,,,21100116900013,2025,Collectivité Territoriale,Commune,['Aube'],['Grand Est'],COM,{10},{44}
7ae63c26-5c38-435c-93dc-72c222ccea0f,217801968,Commune de Davron (78),false,{78196},Commune,2026-03-24 14:42:09.43682+01,gold_establishments_2025,,,,21780196800017,2025,Collectivité Territoriale,Commune,['Yvelines'],['Île-de-France'],COM,{78},{11}
313ec7c5-bc58-47e8-bb68-2942b04aeb6b,210700787,Commune de Davézieux (07),false,{07078},Commune,2026-03-24 14:41:52.562531+01,gold_establishments_2025,,,,21070078700018,2025,Collectivité Territoriale,Commune,['Ardèche'],['Auvergne-Rhône-Alpes'],COM,{07},{84}
ca7ecdb2-75a2-4aa5-93bd-ad0a5016c0e8,214000887,Commune de Dax (40),false,{40088},Commune,2026-03-24 14:41:59.705606+01,gold_establishments_2025,,,,21400088700015,2025,Collectivité Territoriale,Commune,['Landes'],['Nouvelle-Aquitaine'],COM,{40},{75}
bd2174dd-9383-4cda-b1b9-8cb91bc2eb60,211402201,Commune de Deauville (14),false,{14220},Commune,2026-03-24 14:41:54.362296+01,gold_establishments_2025,,,,21140220100019,2025,Collectivité Territoriale,Commune,['Calvados'],['Normandie'],COM,{14},{28}
43a2cb70-3371-4ec3-92c2-32758efe55a9,213001019,Commune de Deaux (30),false,{30101},Commune,2026-03-24 14:41:57.56054+01,gold_establishments_2025,,,,21300101900016,2025,Collectivité Territoriale,Commune,['Gard'],['Occitanie'],COM,{30},{76}
55c15dea-77ac-4502-ae11-f637cc5f1e72,211200894,Commune de Decazeville (12),false,{12089},Commune,2026-03-24 14:41:53.63825+01,gold_establishments_2025,,,,21120089400015,2025,Collectivité Territoriale,Commune,['Aveyron'],['Occitanie'],COM,{12},{76}
dad5060a-112a-4f31-99f4-32f5d2661030,215901703,Commune de Dechy (59),false,{59170},Commune,2026-03-24 14:42:04.280096+01,gold_establishments_2025,,,,21590170300011,2025,Collectivité Territoriale,Commune,['Nord'],['Hauts-de-France'],COM,{59},{32}
f7781a25-6356-4520-8c73-db0a6c7a32de,215800954,Commune de Decize (58),false,{58095},Commune,2026-03-24 14:42:04.280096+01,gold_establishments_2025,,,,21580095400012,2025,Collectivité Territoriale,Commune,['Nièvre'],['Bourgogne-Franche-Comté'],COM,{58},{27}
a14b6303-d755-4209-91be-aaa5657d7673,217201136,Commune de Degré (72),false,{72113},Commune,2026-03-24 14:42:08.279287+01,gold_establishments_2025,,,,21720113600017,2025,Collectivité Territoriale,Commune,['Sarthe'],['Pays de la Loire'],COM,{72},{52}
443785e2-f1f1-487e-ac37-354e3b56c77e,217201144,Commune de Dehault (72),false,{72114},Commune,2026-03-24 14:42:08.279287+01,gold_establishments_2025,,,,21720114400011,2025,Collectivité Territoriale,Commune,['Sarthe'],['Pays de la Loire'],COM,{72},{52}
ca25169e-30a8-46b4-9826-1664148a3432,216700880,Commune de Dehlingen (67),false,{67088},Commune,2026-03-24 14:42:07.195692+01,gold_establishments_2025,,,,21670088000018,2025,Collectivité Territoriale,Commune,['Bas-Rhin'],['Grand Est'],COM,{67},{44}
dae36b4a-1959-471d-be1e-558eff314986,215901711,Commune de Dehéries (59),false,{59171},Commune,2026-03-24 14:42:04.280096+01,gold_establishments_2025,,,,21590171100014,2025,Collectivité Territoriale,Commune,['Nord'],['Hauts-de-France'],COM,{59},{32}
3441572d-08b6-41ea-bc17-be8872c85088,218801272,Commune de Deinvillers (88),false,{88127},Commune,2026-03-24 14:42:11.118516+01,gold_establishments_2025,,,,21880127200012,2025,Collectivité Territoriale,Commune,['Vosges'],['Grand Est'],COM,{88},{44}
c590a6d9-c75e-4df3-99b0-3402d951a3d6,217002013,Commune de Delain (70),false,{70201},Commune,2026-03-24 14:42:07.735343+01,gold_establishments_2025,,,,21700201300019,2025,Collectivité Territoriale,Commune,['Haute-Saône'],['Bourgogne-Franche-Comté'],COM,{70},{27}
e1f3261a-9d39-4375-bc1c-14570485877f,216202655,Commune de Delettes (62),false,{62265},Commune,2026-03-24 14:42:05.597325+01,gold_establishments_2025,,,,21620265500058,2025,Collectivité Territoriale,Commune,['Pas-de-Calais'],['Hauts-de-France'],COM,{62},{32}
1cdd75fc-4473-47bb-bfd5-d40e57433a3f,216001941,Commune de Delincourt (60),false,{60195},Commune,2026-03-24 14:42:04.814328+01,gold_establishments_2025,,,,21600194100014,2025,Collectivité Territoriale,Commune,['Oise'],['Hauts-de-France'],COM,{60},{32}
857f009b-48fc-441e-a724-d9335c671425,219000338,Commune de Delle (90),false,{90033},Commune,2026-03-24 14:42:11.659493+01,gold_establishments_2025,,,,21900033800174,2025,Collectivité Territoriale,Commune,['Territoire de Belfort'],['Bourgogne-Franche-Comté'],COM,{90},{27}
2e552a3f-4b0f-4b67-adf4-cf558baa28c6,215701715,Commune de Delme (57),false,{57171},Commune,2026-03-24 14:42:03.701372+01,gold_establishments_2025,,,,21570171500017,2025,Collectivité Territoriale,Commune,['Moselle'],['Grand Est'],COM,{57},{44}
b85b6b25-9f0c-4d76-afa7-b44cb113dfe2,215501487,Commune de Delouze-Rosières (55),false,{55148},Commune,2026-03-24 14:42:02.957225+01,gold_establishments_2025,,,,21550148700015,2025,Collectivité Territoriale,Commune,['Meuse'],['Grand Est'],COM,{55},{44}
61101f1c-e927-424b-a1f4-cd30fbe81ef8,215501495,Commune de Delut (55),false,{55149},Commune,2026-03-24 14:42:02.957225+01,gold_establishments_2025,,,,21550149500018,2025,Collectivité Territoriale,Commune,['Meuse'],['Grand Est'],COM,{55},{44}
b0d4edfe-30f9-42f1-8e5d-4718ed4e6e45,212501977,Commune de Deluz (25),false,{25197},Commune,2026-03-24 14:41:56.495197+01,gold_establishments_2025,,,,21250197700012,2025,Collectivité Territoriale,Commune,['Doubs'],['Bourgogne-Franche-Comté'],COM,{25},{27}
f06716e5-aaa3-461f-b432-b43d060d3f76,210400693,Commune de Demandolx (04),false,{04069},Commune,2026-03-24 14:41:52.020251+01,gold_establishments_2025,,,,21040069300011,2025,Collectivité Territoriale,Commune,['Alpes-de-Haute-Provence'],"[""Provence-Alpes-Côte d'Azur""]",COM,{04},{93}
457f940d-2f80-4bc8-a318-4f7ac4038fac,200086486,Commune de Demange-Baudignécourt (55),false,{55150},Commune,2026-03-24 14:42:02.957225+01,gold_establishments_2025,,,,20008648600012,2025,Collectivité Territoriale,Commune,['Meuse'],['Grand Est'],COM,{55},{44}
f119d559-d39b-4646-995b-8763db255d01,217002021,Commune de Demangevelle (70),false,{70202},Commune,2026-03-24 14:42:07.735343+01,gold_establishments_2025,,,,21700202100012,2025,Collectivité Territoriale,Commune,['Haute-Saône'],['Bourgogne-Franche-Comté'],COM,{70},{27}
592338a8-017c-463e-80ce-d4cf2f59acac,200008787,Commune de Dembeni (976),false,{97607},Commune,2026-03-24 14:42:11.659493+01,gold_establishments_2025,,,,20000878700018,2025,Collectivité Territoriale,Commune,['Mayotte'],['Mayotte'],COM,{976},{06}
732eb91b-eb66-4aa2-9ff8-288f22ac4966,217400993,Commune de Demi-Quartier (74),false,{74099},Commune,2026-03-24 14:42:08.279287+01,gold_establishments_2025,,,,21740099300010,2025,Collectivité Territoriale,Commune,['Haute-Savoie'],['Auvergne-Rhône-Alpes'],COM,{74},{84}
f3d91cef-f4eb-458e-9a78-22ddd1c09578,217101708,Commune de Demigny (71),false,{71170},Commune,2026-03-24 14:42:07.735343+01,gold_establishments_2025,,,,21710170800014,2025,Collectivité Territoriale,Commune,['Saône-et-Loire'],['Bourgogne-Franche-Comté'],COM,{71},{27}
c84d3130-ca1c-4736-8cdb-4ba57b8463b9,215901729,Commune de Denain (59),false,{59172},Commune,2026-03-24 14:42:04.280096+01,gold_establishments_2025,,,,21590172900016,2025,Collectivité Territoriale,Commune,['Nord'],['Hauts-de-France'],COM,{59},{32}
8361ff84-6e6b-4835-af3d-3d818b29a818,215300906,Commune de Denazé (53),false,{53090},Commune,2026-03-24 14:42:02.957225+01,gold_establishments_2025,,,,21530090600017,2025,Collectivité Territoriale,Commune,['Mayenne'],['Pays de la Loire'],COM,{53},{52}
40d309db-bdc2-4214-9ed2-fdfcdded57f1,210300976,Commune de Deneuille-les-Mines (03),false,{03097},Commune,2026-03-24 14:41:52.020251+01,gold_establishments_2025,,,,21030097600011,2025,Collectivité Territoriale,Commune,['Allier'],['Auvergne-Rhône-Alpes'],COM,{03},{84}
fc0a9565-eb3b-4a86-9b04-c6d7dc7b9a11,210300968,Commune de Deneuille-lès-Chantelle (03),false,{03096},Commune,2026-03-24 14:41:52.020251+01,gold_establishments_2025,,,,21030096800018,2025,Collectivité Territoriale,Commune,['Allier'],['Auvergne-Rhône-Alpes'],COM,{03},{84}
ced27553-e11d-401f-818c-c3d631c70837,215401548,Commune de Deneuvre (54),false,{54154},Commune,2026-03-24 14:42:02.957225+01,gold_establishments_2025,,,,21540154800015,2025,Collectivité Territoriale,Commune,['Meurthe-et-Moselle'],['Grand Est'],COM,{54},{44}
618c7cfd-279d-479b-a76b-a4d5d892d3c4,213901929,Commune de Denezières (39),false,{39192},Commune,2026-03-24 14:41:59.705606+01,gold_establishments_2025,,,,21390192900017,2025,Collectivité Territoriale,Commune,['Jura'],['Bourgogne-Franche-Comté'],COM,{39},{27}
b36aab47-7b9d-4992-a438-8b7dfe9ecb2d,216401984,Commune de Denguin (64),false,{64198},Commune,2026-03-24 14:42:06.130387+01,gold_establishments_2025,,,,21640198400010,2025,Collectivité Territoriale,Commune,['Pyrénées-Atlantiques'],['Nouvelle-Aquitaine'],COM,{64},{75}
72323a4d-21a9-4d6f-8467-6cc196b29050,216900746,Commune de Denicé (69),false,{69074},Commune,2026-03-24 14:42:07.195692+01,gold_establishments_2025,,,,21690074600019,2025,Collectivité Territoriale,Commune,['Rhône'],['Auvergne-Rhône-Alpes'],COM,{69},{84}
ca2d5429-c12d-4f3d-ad98-8a052e7cccaa,216202663,Commune de Denier (62),false,{62266},Commune,2026-03-24 14:42:05.597325+01,gold_establishments_2025,,,,21620266300011,2025,Collectivité Territoriale,Commune,['Pas-de-Calais'],['Hauts-de-France'],COM,{62},{32}
be2106dc-0892-4152-936f-4cf30fa19c5e,218801280,Commune de Denipaire (88),false,{88128},Commune,2026-03-24 14:42:11.118516+01,gold_establishments_2025,,,,21880128000015,2025,Collectivité Territoriale,Commune,['Vosges'],['Grand Est'],COM,{88},{44}
f998bbf5-8201-4642-b711-ed23d431d448,216202671,Commune de Dennebrœucq (62),false,{62267},Commune,2026-03-24 14:42:05.597325+01,gold_establishments_2025,,,,21620267100014,2025,Collectivité Territoriale,Commune,['Pas-de-Calais'],['Hauts-de-France'],COM,{62},{32}
87ffdfee-6ca8-46ed-8e62-3c9bee17a53a,217101716,Commune de Dennevy (71),false,{71171},Commune,2026-03-24 14:42:07.735343+01,gold_establishments_2025,,,,21710171600017,2025,Collectivité Territoriale,Commune,['Saône-et-Loire'],['Bourgogne-Franche-Comté'],COM,{71},{27}
414e4580-08fb-440d-a9d9-fe35426554c1,219000346,Commune de Denney (90),false,{90034},Commune,2026-03-24 14:42:11.659493+01,gold_establishments_2025,,,,21900034600011,2025,Collectivité Territoriale,Commune,['Territoire de Belfort'],['Bourgogne-Franche-Comté'],COM,{90},{27}
57f4e859-df13-4962-ae0e-cc352ac728c3,212801294,Commune de Denonville (28),false,{28129},Commune,2026-03-24 14:41:57.028721+01,gold_establishments_2025,,,,21280129400019,2025,Collectivité Territoriale,Commune,['Eure-et-Loir'],['Centre-Val de Loire'],COM,{28},{24}
66fca48b-c026-4e96-8c7c-b2295c1690f1,215701723,Commune de Denting (57),false,{57172},Commune,2026-03-24 14:42:03.701372+01,gold_establishments_2025,,,,21570172300011,2025,Collectivité Territoriale,Commune,['Moselle'],['Grand Est'],COM,{57},{44}
d1adab51-a86e-4a73-ab82-ec5523f3ba9a,217002047,Commune de Denèvre (70),false,{70204},Commune,2026-03-24 14:42:07.735343+01,gold_establishments_2025,,,,21700204700017,2025,Collectivité Territoriale,Commune,['Haute-Saône'],['Bourgogne-Franche-Comté'],COM,{70},{27}
c5ba7935-24f6-4298-8563-5c156d03dd5d,214901209,Commune de Denée (49),false,{49120},Commune,2026-03-24 14:42:01.412377+01,gold_establishments_2025,,,,21490120900012,2025,Collectivité Territoriale,Commune,['Maine-et-Loire'],['Pays de la Loire'],COM,{49},{52}
dfd5b4e1-579e-449a-97d3-d5bafe9f8c81,218801298,Commune de Derbamont (88),false,{88129},Commune,2026-03-24 14:42:11.118516+01,gold_establishments_2025,,,,21880129800017,2025,Collectivité Territoriale,Commune,['Vosges'],['Grand Est'],COM,{88},{44}
3e94dd97-42a6-4735-88d0-9de3570b5674,210202453,Commune de Dercy (02),false,{02261},Commune,2026-03-24 14:41:52.020251+01,gold_establishments_2025,,,,21020245300010,2025,Collectivité Territoriale,Commune,['Aisne'],['Hauts-de-France'],COM,{02},{32}
ca61a0a3-38ee-4f0d-9d6b-2fdb9ef334af,218600930,Commune de Dercé (86),false,{86093},Commune,2026-03-24 14:42:10.508772+01,gold_establishments_2025,,,,21860093000018,2025,Collectivité Territoriale,Commune,['Vienne'],['Nouvelle-Aquitaine'],COM,{86},{75}
11eef0f0-6e97-48bf-b301-4caeae63779a,211101183,Commune de Dernacueillette (11),false,{11118},Commune,2026-03-24 14:41:53.63825+01,gold_establishments_2025,,,,21110118300013,2025,Collectivité Territoriale,Commune,['Aude'],['Occitanie'],COM,{11},{76}
035125c9-f890-4fb9-9b53-dc603359955e,218002301,Commune de Dernancourt (80),false,{80238},Commune,2026-03-24 14:42:09.967209+01,gold_establishments_2025,,,,21800230100016,2025,Collectivité Territoriale,Commune,['Somme'],['Hauts-de-France'],COM,{80},{32}
072b1a45-ab7f-42e0-9977-210eb1a75995,214400517,Commune de Derval (44),false,{44051},Commune,2026-03-24 14:42:00.273698+01,gold_establishments_2025,,,,21440051700014,2025,Collectivité Territoriale,Commune,['Loire-Atlantique'],['Pays de la Loire'],COM,{44},{52}
43faae75-0c3f-4d8f-8766-6a455f65d276,213701154,Commune de Descartes (37),false,{37115},Commune,2026-03-24 14:41:59.160244+01,gold_establishments_2025,,,,21370115400014,2025,Collectivité Territoriale,Commune,['Indre-et-Loire'],['Centre-Val de Loire'],COM,{37},{24}
d9e36cdd-fd74-431a-b526-7715f21a1fe4,214300857,Commune de Desges (43),false,{43085},Commune,2026-03-24 14:42:00.273698+01,gold_establishments_2025,,,,21430085700015,2025,Collectivité Territoriale,Commune,['Haute-Loire'],['Auvergne-Rhône-Alpes'],COM,{43},{84}
bc1a6181-2c85-4450-adc0-d790c58c8d17,219711116,Commune de Deshaies (971),false,{97111},Commune,2026-03-24 14:42:11.659493+01,gold_establishments_2025,,,,21971111600018,2025,Collectivité Territoriale,Commune,['Guadeloupe'],['Guadeloupe'],COM,{971},{01}
e9e69ef9-4c38-4429-8ae8-137b2f400559,217401009,Commune de Desingy (74),false,{74100},Commune,2026-03-24 14:42:08.279287+01,gold_establishments_2025,,,,21740100900014,2025,Collectivité Territoriale,Commune,['Haute-Savoie'],['Auvergne-Rhône-Alpes'],COM,{74},{84}
dfb2f900-3ea6-4876-9a4d-b22a737a0bc1,214501249,Commune de Desmonts (45),false,{45124},Commune,2026-03-24 14:42:00.862623+01,gold_establishments_2025,,,,21450124900012,2025,Collectivité Territoriale,Commune,['Loiret'],['Centre-Val de Loire'],COM,{45},{24}
8139c454-c287-4e26-9b75-9f443940a60a,213901945,Commune de Desnes (39),false,{39194},Commune,2026-03-24 14:41:59.705606+01,gold_establishments_2025,,,,21390194500013,2025,Collectivité Territoriale,Commune,['Jura'],['Bourgogne-Franche-Comté'],COM,{39},{27}
cb57e4d2-c055-4a14-a7ee-28b817a92716,215701731,Commune de Desseling (57),false,{57173},Commune,2026-03-24 14:42:03.701372+01,gold_establishments_2025,,,,21570173100014,2025,Collectivité Territoriale,Commune,['Moselle'],['Grand Est'],COM,{57},{44}
c848764a-4f3d-44b7-9d66-30823b9bd2ac,216800698,Commune de Dessenheim (68),false,{68069},Commune,2026-03-24 14:42:07.195692+01,gold_establishments_2025,,,,21680069800013,2025,Collectivité Territoriale,Commune,['Haut-Rhin'],['Grand Est'],COM,{68},{44}
4c531225-9737-461b-baa8-d64562e848e1,218801306,Commune de Destord (88),false,{88130},Commune,2026-03-24 14:42:11.118516+01,gold_establishments_2025,,,,21880130600018,2025,Collectivité Territoriale,Commune,['Vosges'],['Grand Est'],COM,{88},{44}
4fcf3c79-b88c-4e1f-9b76-b26f6b08bf42,215701749,Commune de Destry (57),false,{57174},Commune,2026-03-24 14:42:03.701372+01,gold_establishments_2025,,,,21570174900016,2025,Collectivité Territoriale,Commune,['Moselle'],['Grand Est'],COM,{57},{44}
a02f181c-c8d5-4e93-b38a-32d8c08f1cc8,216202689,Commune de Desvres (62),false,{62268},Commune,2026-03-24 14:42:05.597325+01,gold_establishments_2025,,,,21620268900016,2025,Collectivité Territoriale,Commune,['Pas-de-Calais'],['Hauts-de-France'],COM,{62},{32}
12eadbb4-b574-40a7-aa14-1215b66e1893,217101724,Commune de Dettey (71),false,{71172},Commune,2026-03-24 14:42:07.735343+01,gold_establishments_2025,,,,21710172400011,2025,Collectivité Territoriale,Commune,['Saône-et-Loire'],['Bourgogne-Franche-Comté'],COM,{71},{27}
402b2d25-f463-4a90-889f-777570148453,216700898,Commune de Dettwiller (67),false,{67089},Commune,2026-03-24 14:42:07.195692+01,gold_establishments_2025,,,,21670089800010,2025,Collectivité Territoriale,Commune,['Bas-Rhin'],['Grand Est'],COM,{67},{44}
06da3fc2-8e48-4bc5-a10c-fba342ee2a2d,219501970,Commune de Deuil-la-Barre (95),false,{95197},Commune,2026-03-24 14:42:11.659493+01,gold_establishments_2025,,,,21950197000012,2025,Collectivité Territoriale,Commune,"[""Val-d'Oise""]",['Île-de-France'],COM,{95},{11}
922d66ad-ec03-4b32-b86d-a9524c1018e1,210202461,Commune de Deuillet (02),false,{02262},Commune,2026-03-24 14:41:52.020251+01,gold_establishments_2025,,,,21020246100013,2025,Collectivité Territoriale,Commune,['Aisne'],['Hauts-de-France'],COM,{02},{32}
4806381c-e10d-4129-9d63-d3e47791cb95,200062271,Commune de Deux Rivières (89),false,{89130},Commune,2026-03-24 14:42:11.118516+01,gold_establishments_2025,,,,20006227100016,2025,Collectivité Territoriale,Commune,['Yonne'],['Bourgogne-Franche-Comté'],COM,{89},{27}
0c4d9a77-9500-4aea-b115-4682735e1506,210300992,Commune de Deux-Chaises (03),false,{03099},Commune,2026-03-24 14:41:52.020251+01,gold_establishments_2025,,,,21030099200018,2025,Collectivité Territoriale,Commune,['Allier'],['Auvergne-Rhône-Alpes'],COM,{03},{84}
dc5a9a4e-f570-440f-b42e-57b377c26bf8,200084424,Commune de Deux-Grosnes (69),false,{69135},Commune,2026-03-24 14:42:07.195692+01,gold_establishments_2025,,,,20008442400015,2025,Collectivité Territoriale,Commune,['Rhône'],['Auvergne-Rhône-Alpes'],COM,{69},{84}
d96af146-7cb0-4923-9ccf-e480533a4120,211402243,Commune de Deux-Jumeaux (14),false,{14224},Commune,2026-03-24 14:41:54.362296+01,gold_establishments_2025,,,,21140224300011,2025,Collectivité Territoriale,Commune,['Calvados'],['Normandie'],COM,{14},{28}
adfe150b-e8c2-4894-926b-c0f92cf00332,211500608,Commune de Deux-Verges (15),false,{15060},Commune,2026-03-24 14:41:54.362296+01,gold_establishments_2025,,,,21150060800016,2025,Collectivité Territoriale,Commune,['Cantal'],['Auvergne-Rhône-Alpes'],COM,{15},{84}
420f343e-b177-4bbd-aa5d-9eabe4485578,215401555,Commune de Deuxville (54),false,{54155},Commune,2026-03-24 14:42:02.957225+01,gold_establishments_2025,,,,21540155500010,2025,Collectivité Territoriale,Commune,['Meurthe-et-Moselle'],['Grand Est'],COM,{54},{44}
9d319d70-48a4-49e6-97c5-b4db0a7fbd34,215800962,Commune de Devay (58),false,{58096},Commune,2026-03-24 14:42:04.280096+01,gold_establishments_2025,,,,21580096200015,2025,Collectivité Territoriale,Commune,['Nièvre'],['Bourgogne-Franche-Comté'],COM,{58},{27}
6133c100-9a69-4358-905d-53043d13b1bc,212502009,Commune de Devecey (25),false,{25200},Commune,2026-03-24 14:41:56.495197+01,gold_establishments_2025,,,,21250200900013,2025,Collectivité Territoriale,Commune,['Doubs'],['Bourgogne-Franche-Comté'],COM,{25},{27}
46a8a816-86a0-497e-9024-3366a6e46102,210700803,Commune de Devesset (07),false,{07080},Commune,2026-03-24 14:41:52.562531+01,gold_establishments_2025,,,,21070080300013,2025,Collectivité Territoriale,Commune,['Ardèche'],['Auvergne-Rhône-Alpes'],COM,{07},{84}
a20de80d-1ced-4503-8ba8-f463562bbffc,211601182,Commune de Deviat (16),false,{16118},Commune,2026-03-24 14:41:54.362296+01,gold_establishments_2025,,,,21160118200010,2025,Collectivité Territoriale,Commune,['Charente'],['Nouvelle-Aquitaine'],COM,{16},{75}
d633ca9b-2d03-4111-bbea-bfae2d914549,210801254,Commune de Deville (08),false,{08139},Commune,2026-03-24 14:41:52.562531+01,gold_establishments_2025,,,,21080125400017,2025,Collectivité Territoriale,Commune,['Ardennes'],['Grand Est'],COM,{08},{44}
1fe74906-b32a-4347-8a34-14632a967347,218002319,Commune de Devise (80),false,{80239},Commune,2026-03-24 14:42:09.967209+01,gold_establishments_2025,,,,21800231900018,2025,Collectivité Territoriale,Commune,['Somme'],['Hauts-de-France'],COM,{80},{32}
4ba30bcc-045a-40cf-a7ea-12411d51faab,217101732,Commune de Devrouze (71),false,{71173},Commune,2026-03-24 14:42:07.735343+01,gold_establishments_2025,,,,21710173200014,2025,Collectivité Territoriale,Commune,['Saône-et-Loire'],['Bourgogne-Franche-Comté'],COM,{71},{27}
9f708427-c195-41c7-a941-c18c5c6a3b31,216501551,Commune de Devèze (65),false,{65155},Commune,2026-03-24 14:42:06.665412+01,gold_establishments_2025,,,,21650155100016,2025,Collectivité Territoriale,Commune,['Hautes-Pyrénées'],['Occitanie'],COM,{65},{76}
6049cf4c-1a17-4c51-ba41-7d9a311dc585,218801314,Commune de Deycimont (88),false,{88131},Commune,2026-03-24 14:42:11.118516+01,gold_establishments_2025,,,,21880131400012,2025,Collectivité Territoriale,Commune,['Vosges'],['Grand Est'],COM,{88},{44}
e94e6669-7f4e-4ff2-9e30-9f46a02135d8,213101611,Commune de Deyme (31),false,{31161},Commune,2026-03-24 14:41:57.56054+01,gold_establishments_2025,,,,21310161100019,2025,Collectivité Territoriale,Commune,['Haute-Garonne'],['Occitanie'],COM,{31},{76}
33859118-63a0-4672-8317-fbb643aafde6,218801322,Commune de Deyvillers (88),false,{88132},Commune,2026-03-24 14:42:11.118516+01,gold_establishments_2025,,,,21880132200015,2025,Collectivité Territoriale,Commune,['Vosges'],['Grand Est'],COM,{88},{44}
c58198f5-908e-4e1c-8fa2-246b4023ba06,217101740,Commune de Dezize-lès-Maranges (71),false,{71174},Commune,2026-03-24 14:42:07.735343+01,gold_establishments_2025,,,,21710174000017,2025,Collectivité Territoriale,Commune,['Saône-et-Loire'],['Bourgogne-Franche-Comté'],COM,{71},{27}
82b2518e-7877-48f1-8d66-e5890268c160,215901737,Commune de Deûlémont (59),false,{59173},Commune,2026-03-24 14:42:04.280096+01,gold_establishments_2025,,,,21590173700019,2025,Collectivité Territoriale,Commune,['Nord'],['Hauts-de-France'],COM,{59},{32}
61984e01-f1a1-4494-b8d1-66fb87d90894,217701572,Commune de Dhuisy (77),false,{77157},Commune,2026-03-24 14:42:09.43682+01,gold_establishments_2025,,,,21770157200018,2025,Collectivité Territoriale,Commune,['Seine-et-Marne'],['Île-de-France'],COM,{77},{11}
b12107d3-4a5b-46d3-8504-e90d2f23a020,210202479,Commune de Dhuizel (02),false,{02263},Commune,2026-03-24 14:41:52.020251+01,gold_establishments_2025,,,,21020247900015,2025,Collectivité Territoriale,Commune,['Aisne'],['Hauts-de-France'],COM,{02},{32}
a5a1852b-e950-4794-8987-059b60d836d3,214100745,Commune de Dhuizon (41),false,{41074},Commune,2026-03-24 14:42:00.273698+01,gold_establishments_2025,,,,21410074500014,2025,Collectivité Territoriale,Commune,['Loir-et-Cher'],['Centre-Val de Loire'],COM,{41},{24}
af63ee67-18fd-47e4-a11c-eddbfe0583fa,200053411,Commune de Dhuys et Morin-en-Brie (02),false,{02458},Commune,2026-03-24 14:41:52.020251+01,gold_establishments_2025,,,,20005341100019,2025,Collectivité Territoriale,Commune,['Aisne'],['Hauts-de-France'],COM,{02},{32}
13829e59-f4a2-483f-96c7-0b525e7c3c47,200066421,Commune de Dialan sur Chaîne (14),false,{14347},Commune,2026-03-24 14:41:54.362296+01,gold_establishments_2025,,,,20006642100013,2025,Collectivité Territoriale,Commune,['Calvados'],['Normandie'],COM,{14},{28}
511d1189-b231-43b4-867d-67df3260b24f,212102297,Commune de Diancey (21),false,{21229},Commune,2026-03-24 14:41:55.433389+01,gold_establishments_2025,,,,21210229700018,2025,Collectivité Territoriale,Commune,"[""Côte-d'Or""]",['Bourgogne-Franche-Comté'],COM,{21},{27}
64154d3f-8b91-4db8-86be-40282a528b83,215701756,Commune de Diane-Capelle (57),false,{57175},Commune,2026-03-24 14:42:03.701372+01,gold_establishments_2025,,,,21570175600011,2025,Collectivité Territoriale,Commune,['Moselle'],['Grand Est'],COM,{57},{44}
d08660b5-7614-4992-a74a-6ce05e0edfa3,217701580,Commune de Diant (77),false,{77158},Commune,2026-03-24 14:42:09.43682+01,gold_establishments_2025,,,,21770158000011,2025,Collectivité Territoriale,Commune,['Seine-et-Marne'],['Île-de-France'],COM,{77},{11}
7f910c08-4f4d-4665-bf66-72a3ae4095d9,215401563,Commune de Diarville (54),false,{54156},Commune,2026-03-24 14:42:02.957225+01,gold_establishments_2025,,,,21540156300014,2025,Collectivité Territoriale,Commune,['Meurthe-et-Moselle'],['Grand Est'],COM,{54},{44}
7dfcc990-d53b-4092-a4e9-7ebae8a7c3be,217101757,Commune de Diconne (71),false,{71175},Commune,2026-03-24 14:42:07.735343+01,gold_establishments_2025,,,,21710175700011,2025,Collectivité Territoriale,Commune,['Saône-et-Loire'],['Bourgogne-Franche-Comté'],COM,{71},{27}
970e3272-530c-4404-9235-acbd14e811c1,212601132,Commune de Die (26),false,{26113},Commune,2026-03-24 14:41:56.495197+01,gold_establishments_2025,,,,21260113200013,2025,Collectivité Territoriale,Commune,['Drôme'],['Auvergne-Rhône-Alpes'],COM,{26},{84}
3e1d3162-2df9-43d4-839c-3e9e8acf09b9,215701764,Commune de Diebling (57),false,{57176},Commune,2026-03-24 14:42:03.701372+01,gold_establishments_2025,,,,21570176400015,2025,Collectivité Territoriale,Commune,['Moselle'],['Grand Est'],COM,{57},{44}
2eade4dc-7505-4b23-9512-8670cd5460c7,216700906,Commune de Diebolsheim (67),false,{67090},Commune,2026-03-24 14:42:07.195692+01,gold_establishments_2025,,,,21670090600011,2025,Collectivité Territoriale,Commune,['Bas-Rhin'],['Grand Est'],COM,{67},{44}
20070926-c6e0-487d-9b87-639b6dc128b5,216700914,Commune de Diedendorf (67),false,{67091},Commune,2026-03-24 14:42:07.195692+01,gold_establishments_2025,,,,21670091400015,2025,Collectivité Territoriale,Commune,['Bas-Rhin'],['Grand Est'],COM,{67},{44}
15c7734b-9a59-411e-a62d-906e1dfa2762,216700922,Commune de Dieffenbach-au-Val (67),false,{67092},Commune,2026-03-24 14:42:07.195692+01,gold_establishments_2025,,,,21670092200018,2025,Collectivité Territoriale,Commune,['Bas-Rhin'],['Grand Est'],COM,{67},{44}
092a9b1e-5d41-4e61-bcbc-b345f16aecd1,216700930,Commune de Dieffenbach-lès-Wœrth (67),false,{67093},Commune,2026-03-24 14:42:07.195692+01,gold_establishments_2025,,,,21670093000011,2025,Collectivité Territoriale,Commune,['Bas-Rhin'],['Grand Est'],COM,{67},{44}
98ddad6b-854a-4d23-b52f-ad4a3537ddda,216700948,Commune de Dieffenthal (67),false,{67094},Commune,2026-03-24 14:42:07.195692+01,gold_establishments_2025,,,,21670094800013,2025,Collectivité Territoriale,Commune,['Bas-Rhin'],['Grand Est'],COM,{67},{44}
56349454-a8e7-4651-9c6c-e44e6f424560,216800714,Commune de Diefmatten (68),false,{68071},Commune,2026-03-24 14:42:07.195692+01,gold_establishments_2025,,,,21680071400018,2025,Collectivité Territoriale,Commune,['Haut-Rhin'],['Grand Est'],COM,{68},{44}
edd7086c-adae-4baa-972d-e4110ad534a8,216700955,Commune de Diemeringen (67),false,{67095},Commune,2026-03-24 14:42:07.195692+01,gold_establishments_2025,,,,21670095500018,2025,Collectivité Territoriale,Commune,['Bas-Rhin'],['Grand Est'],COM,{67},{44}
d4600a37-9703-4b16-9510-79036ee923e2,211500616,Commune de Dienne (15),false,{15061},Commune,2026-03-24 14:41:54.362296+01,gold_establishments_2025,,,,21150061600019,2025,Collectivité Territoriale,Commune,['Cantal'],['Auvergne-Rhône-Alpes'],COM,{15},{84}
32edf9f5-9a48-43ff-a7e8-80adcd8208fb,215800970,Commune de Diennes-Aubigny (58),false,{58097},Commune,2026-03-24 14:42:04.280096+01,gold_establishments_2025,,,,21580097000018,2025,Collectivité Territoriale,Commune,['Nièvre'],['Bourgogne-Franche-Comté'],COM,{58},{27}
ecd51446-d641-4eed-9da9-91f3129ab3f5,218600948,Commune de Dienné (86),false,{86094},Commune,2026-03-24 14:42:10.508772+01,gold_establishments_2025,,,,21860094800010,2025,Collectivité Territoriale,Commune,['Vienne'],['Nouvelle-Aquitaine'],COM,{86},{75}
036b59d6-1062-48c2-8593-8c04dd7e1ff4,211001177,Commune de Dienville (10),false,{10123},Commune,2026-03-24 14:41:53.095366+01,gold_establishments_2025,,,,21100117700016,2025,Collectivité Territoriale,Commune,['Aube'],['Grand Est'],COM,{10},{44}
801f5d8f-8880-47c9-817e-cfbbf90165cc,217602176,Commune de Dieppe (76),false,{76217},Commune,2026-03-24 14:42:08.818969+01,gold_establishments_2025,,,,21760217600018,2025,Collectivité Territoriale,Commune,['Seine-Maritime'],['Normandie'],COM,{76},{28}
8106f466-3cfe-4d35-b6c8-ae4a52f95cbb,215501537,Commune de Dieppe-sous-Douaumont (55),false,{55153},Commune,2026-03-24 14:42:02.957225+01,gold_establishments_2025,,,,21550153700017,2025,Collectivité Territoriale,Commune,['Meuse'],['Grand Est'],COM,{55},{44}
1a6b8dad-ca53-45c8-b7ea-798e6a4683cc,213700966,Commune de Dierre (37),false,{37096},Commune,2026-03-24 14:41:59.160244+01,gold_establishments_2025,,,,21370096600012,2025,Collectivité Territoriale,Commune,['Indre-et-Loire'],['Centre-Val de Loire'],COM,{37},{24}
b27d8806-1904-4d4c-8108-a1106370c093,211001185,Commune de Dierrey-Saint-Julien (10),false,{10124},Commune,2026-03-24 14:41:53.095366+01,gold_establishments_2025,,,,21100118500019,2025,Collectivité Territoriale,Commune,['Aube'],['Grand Est'],COM,{10},{44}
63c0daeb-84ca-4db4-92fe-3d3446e779ea,211001193,Commune de Dierrey-Saint-Pierre (10),false,{10125},Commune,2026-03-24 14:41:53.095366+01,gold_establishments_2025,,,,21100119300013,2025,Collectivité Territoriale,Commune,['Aube'],['Grand Est'],COM,{10},{44}
20357f02-8b9e-4c81-8947-6d8ba014a618,215707654,Commune de Diesen (57),false,{57765},Commune,2026-03-24 14:42:04.280096+01,gold_establishments_2025,,,,21570765400012,2025,Collectivité Territoriale,Commune,['Moselle'],['Grand Est'],COM,{57},{44}
4d3a2e29-d0cf-4f74-8de0-31c638c8d887,216800722,Commune de Dietwiller (68),false,{68072},Commune,2026-03-24 14:42:07.195692+01,gold_establishments_2025,,,,21680072200011,2025,Collectivité Territoriale,Commune,['Haut-Rhin'],['Grand Est'],COM,{68},{44}
714d7b8e-d726-47a3-81b8-b1c87e8d0e7c,216001966,Commune de Dieudonné (60),false,{60197},Commune,2026-03-24 14:42:04.814328+01,gold_establishments_2025,,,,21600196600011,2025,Collectivité Territoriale,Commune,['Oise'],['Hauts-de-France'],COM,{60},{32}
cd742670-35a2-43af-a30a-904424d6870e,215501545,Commune de Dieue-sur-Meuse (55),false,{55154},Commune,2026-03-24 14:42:02.957225+01,gold_establishments_2025,,,,21550154500010,2025,Collectivité Territoriale,Commune,['Meuse'],['Grand Est'],COM,{55},{44}
bf40c3a1-595d-46fb-b8a9-804a7034f65c,212601140,Commune de Dieulefit (26),false,{26114},Commune,2026-03-24 14:41:56.495197+01,gold_establishments_2025,,,,21260114000016,2025,Collectivité Territoriale,Commune,['Drôme'],['Auvergne-Rhône-Alpes'],COM,{26},{84}
d818e62c-5fc6-41f6-99da-9c0fdbdf9d24,213301500,Commune de Dieulivol (33),false,{33150},Commune,2026-03-24 14:41:58.620411+01,gold_establishments_2025,,,,21330150000012,2025,Collectivité Territoriale,Commune,['Gironde'],['Nouvelle-Aquitaine'],COM,{33},{75}
3ddd7877-50ae-4d18-8024-4b0331f57773,215401571,Commune de Dieulouard (54),false,{54157},Commune,2026-03-24 14:42:02.957225+01,gold_establishments_2025,,,,21540157100017,2025,Collectivité Territoriale,Commune,['Meurthe-et-Moselle'],['Grand Est'],COM,{54},{44}
7d8cb35c-ff0a-4c24-ae67-16ba3b308b05,218200483,Commune de Dieupentale (82),false,{82048},Commune,2026-03-24 14:42:10.508772+01,gold_establishments_2025,,,,21820048300012,2025,Collectivité Territoriale,Commune,['Tarn-et-Garonne'],['Occitanie'],COM,{82},{76}
ba211d3b-cb11-4a70-b6d1-b32c930c44a1,215701772,Commune de Dieuze (57),false,{57177},Commune,2026-03-24 14:42:03.701372+01,gold_establishments_2025,,,,21570177200018,2025,Collectivité Territoriale,Commune,['Moselle'],['Grand Est'],COM,{57},{44}
db0290c5-2794-4b72-a73c-22551c6de46c,215701780,Commune de Diffembach-lès-Hellimer (57),false,{57178},Commune,2026-03-24 14:42:03.701372+01,gold_establishments_2025,,,,21570178000011,2025,Collectivité Territoriale,Commune,['Moselle'],['Grand Est'],COM,{57},{44}
0e66d569-0918-4bf6-bd7f-a533202c403e,218901395,Commune de Diges (89),false,{89139},Commune,2026-03-24 14:42:11.118516+01,gold_establishments_2025,,,,21890139500010,2025,Collectivité Territoriale,Commune,['Yonne'],['Bourgogne-Franche-Comté'],COM,{89},{27}
d3a9d3a7-8a1d-4058-b16b-d291e311adcd,213901978,Commune de Digna (39),false,{39197},Commune,2026-03-24 14:41:59.705606+01,gold_establishments_2025,,,,21390197800014,2025,Collectivité Territoriale,Commune,['Jura'],['Bourgogne-Franche-Comté'],COM,{39},{27}
e59a0358-0582-48f1-93fe-e233d844f37e,211601190,Commune de Dignac (16),false,{16119},Commune,2026-03-24 14:41:54.362296+01,gold_establishments_2025,,,,21160119000013,2025,Collectivité Territoriale,Commune,['Charente'],['Nouvelle-Aquitaine'],COM,{16},{75}
f1b8a0eb-69e5-43a5-b2a3-2d5d971d1751,210400701,Commune de Digne-les-Bains (04),false,{04070},Commune,2026-03-24 14:41:52.020251+01,gold_establishments_2025,,,,21040070100012,2025,Collectivité Territoriale,Commune,['Alpes-de-Haute-Provence'],"[""Provence-Alpes-Côte d'Azur""]",COM,{04},{93}
fdee4579-2c0a-49f2-bd64-1612d22afc7e,218801330,Commune de Dignonville (88),false,{88133},Commune,2026-03-24 14:42:11.118516+01,gold_establishments_2025,,,,21880133000018,2025,Collectivité Territoriale,Commune,['Vosges'],['Grand Est'],COM,{88},{44}
7595f45f-6987-4e7d-80d7-72941c40403a,212801302,Commune de Digny (28),false,{28130},Commune,2026-03-24 14:41:57.028721+01,gold_establishments_2025,,,,21280130200010,2025,Collectivité Territoriale,Commune,['Eure-et-Loir'],['Centre-Val de Loire'],COM,{28},{24}
eda207e6-ac0c-4f5e-8df4-eb1dbb5e8aaf,217101765,Commune de Digoin (71),false,{71176},Commune,2026-03-24 14:42:07.735343+01,gold_establishments_2025,,,,21710176500014,2025,Collectivité Territoriale,Commune,['Saône-et-Loire'],['Bourgogne-Franche-Comté'],COM,{71},{27}
686b1292-cae5-4182-85f8-c3217e102f9a,215001629,Commune de Digosville (50),false,{50162},Commune,2026-03-24 14:42:01.412377+01,gold_establishments_2025,,,,21500162900033,2025,Collectivité Territoriale,Commune,['Manche'],['Normandie'],COM,{50},{28}
7482a714-8fc6-40db-9398-e39d1c7b114c,212102313,Commune de Dijon (21),false,{21231},Commune,2026-03-24 14:41:55.433389+01,gold_establishments_2025,,,,21210231300013,2025,Collectivité Territoriale,Commune,"[""Côte-d'Or""]",['Bourgogne-Franche-Comté'],COM,{21},{27}
fb6729bf-c10b-482a-a767-d4e80f49812b,214501256,Commune de Dimancheville (45),false,{45125},Commune,2026-03-24 14:42:00.862623+01,gold_establishments_2025,,,,21450125600017,2025,Collectivité Territoriale,Commune,['Loiret'],['Centre-Val de Loire'],COM,{45},{24}
9a9e759d-d392-417f-b52c-b19d8e049e88,216700963,Commune de Dimbsthal (67),false,{67096},Commune,2026-03-24 14:42:07.195692+01,gold_establishments_2025,,,,21670096300012,2025,Collectivité Territoriale,Commune,['Bas-Rhin'],['Grand Est'],COM,{67},{44}
360cc736-5f2c-45e1-82bc-350bf90b6b91,215901745,Commune de Dimechaux (59),false,{59174},Commune,2026-03-24 14:42:04.280096+01,gold_establishments_2025,,,,21590174500012,2025,Collectivité Territoriale,Commune,['Nord'],['Hauts-de-France'],COM,{59},{32}
443178b1-b599-4eef-be48-c32b26a907c2,215901752,Commune de Dimont (59),false,{59175},Commune,2026-03-24 14:42:04.280096+01,gold_establishments_2025,,,,21590175200018,2025,Collectivité Territoriale,Commune,['Nord'],['Hauts-de-France'],COM,{59},{32}
7fd391be-0289-4a87-ac65-46298e53631f,200076578,Commune de Dinan (22),false,{22050},Commune,2026-03-24 14:41:55.433389+01,gold_establishments_2025,,,,20007657800018,2025,Collectivité Territoriale,Commune,"[""Côtes-d'Armor""]",['Bretagne'],COM,{22},{53}
ba81263a-f475-4556-a7d1-04a1305acf90,213500937,Commune de Dinard (35),false,{35093},Commune,2026-03-24 14:41:58.620411+01,gold_establishments_2025,,,,21350093700015,2025,Collectivité Territoriale,Commune,['Ille-et-Vilaine'],['Bretagne'],COM,{35},{53}
d7dbbff0-acfa-4e4a-bcb9-bbc57439de80,216700971,Commune de Dingsheim (67),false,{67097},Commune,2026-03-24 14:42:07.195692+01,gold_establishments_2025,,,,21670097100015,2025,Collectivité Territoriale,Commune,['Bas-Rhin'],['Grand Est'],COM,{67},{44}
4be5eb01-09e5-4365-abd7-62f184c4b993,217401025,Commune de Dingy-Saint-Clair (74),false,{74102},Commune,2026-03-24 14:42:08.279287+01,gold_establishments_2025,,,,21740102500010,2025,Collectivité Territoriale,Commune,['Haute-Savoie'],['Auvergne-Rhône-Alpes'],COM,{74},{84}
90d756aa-78e6-4f6f-b5c9-8acd66b4dfe6,217401017,Commune de Dingy-en-Vuache (74),false,{74101},Commune,2026-03-24 14:42:08.279287+01,gold_establishments_2025,,,,21740101700017,2025,Collectivité Territoriale,Commune,['Haute-Savoie'],['Auvergne-Rhône-Alpes'],COM,{74},{84}
e82e99ca-45b9-493c-b318-c42ebf8e9211,213500945,Commune de Dingé (35),false,{35094},Commune,2026-03-24 14:41:58.620411+01,gold_establishments_2025,,,,21350094500018,2025,Collectivité Territoriale,Commune,['Ille-et-Vilaine'],['Bretagne'],COM,{35},{53}
b9c229b4-7e5a-4462-820e-a1e6e48f0559,218801348,Commune de Dinozé (88),false,{88134},Commune,2026-03-24 14:42:11.118516+01,gold_establishments_2025,,,,21880134800010,2025,Collectivité Territoriale,Commune,['Vosges'],['Grand Est'],COM,{88},{44}
8066a180-3530-49f7-9f4f-3751d216cc69,218705606,Commune de Dinsac (87),false,{87056},Commune,2026-03-24 14:42:11.118516+01,gold_establishments_2025,,,,21870560600018,2025,Collectivité Territoriale,Commune,['Haute-Vienne'],['Nouvelle-Aquitaine'],COM,{87},{75}
cc524221-c0c1-4229-88e7-6b9449bf9d70,216700989,Commune de Dinsheim-sur-Bruche (67),false,{67098},Commune,2026-03-24 14:42:07.195692+01,gold_establishments_2025,,,,21670098900017,2025,Collectivité Territoriale,Commune,['Bas-Rhin'],['Grand Est'],COM,{67},{44}
81728bab-074e-4668-9830-711d0a680584,215201187,Commune de Dinteville (52),false,{52168},Commune,2026-03-24 14:42:01.954481+01,gold_establishments_2025,,,,21520118700014,2025,Collectivité Territoriale,Commune,['Haute-Marne'],['Grand Est'],COM,{52},{44}
fd6c5678-21e9-4229-96db-61410b56be79,212900443,Commune de Dinéault (29),false,{29044},Commune,2026-03-24 14:41:57.028721+01,gold_establishments_2025,,,,21290044300012,2025,Collectivité Territoriale,Commune,['Finistère'],['Bretagne'],COM,{29},{53}
6a7848c8-30a7-4303-b3c5-684bbe5c86d7,213400930,Commune de Dio-et-Valquières (nan),false,{34093},Commune,2026-03-24 14:41:58.620411+01,gold_establishments_2025,,,,21340093000011,2025,Collectivité Territoriale,Commune,[''],[''],COM,,
29d271d0-9c7e-4052-b1b1-014c5bfba6ba,213001027,Commune de Dions (30),false,{30102},Commune,2026-03-24 14:41:57.56054+01,gold_establishments_2025,,,,21300102700019,2025,Collectivité Territoriale,Commune,['Gard'],['Occitanie'],COM,{30},{76}
2560be27-6fd9-47bb-86bd-6a452e511a7c,213600646,Commune de Diors (36),false,{36064},Commune,2026-03-24 14:41:59.160244+01,gold_establishments_2025,,,,21360064600011,2025,Collectivité Territoriale,Commune,['Indre'],['Centre-Val de Loire'],COM,{36},{24}
88a1256f-3854-4141-81d5-0720ab4e4e9b,210301008,Commune de Diou (03),false,{03100},Commune,2026-03-24 14:41:52.020251+01,gold_establishments_2025,,,,21030100800012,2025,Collectivité Territoriale,Commune,['Allier'],['Auvergne-Rhône-Alpes'],COM,{03},{84}
29a53612-df66-45ef-8b2a-cbd8ac002541,213600653,Commune de Diou (36),false,{36065},Commune,2026-03-24 14:41:59.160244+01,gold_establishments_2025,,,,21360065300017,2025,Collectivité Territoriale,Commune,['Indre'],['Centre-Val de Loire'],COM,{36},{24}
62b4ae78-f60b-4ecf-856b-0b8aa0098211,211601208,Commune de Dirac (16),false,{16120},Commune,2026-03-24 14:41:54.362296+01,gold_establishments_2025,,,,21160120800013,2025,Collectivité Territoriale,Commune,['Charente'],['Nouvelle-Aquitaine'],COM,{16},{75}
3d5f5946-a054-431a-8460-841f46d90a5b,212900450,Commune de Dirinon (29),false,{29045},Commune,2026-03-24 14:41:57.028721+01,gold_establishments_2025,,,,21290045000090,2025,Collectivité Territoriale,Commune,['Finistère'],['Bretagne'],COM,{29},{53}
f8e2b8ef-1b76-4665-b7f1-e3dd0e529681,215800988,Commune de Dirol (58),false,{58098},Commune,2026-03-24 14:42:04.280096+01,gold_establishments_2025,,,,21580098800010,2025,Collectivité Territoriale,Commune,['Nièvre'],['Bourgogne-Franche-Comté'],COM,{58},{27}
d8ba3b58-bbce-43b7-94e0-3425bb51dfb2,218901411,Commune de Dissangis (89),false,{89141},Commune,2026-03-24 14:42:11.118516+01,gold_establishments_2025,,,,21890141100015,2025,Collectivité Territoriale,Commune,['Yonne'],['Bourgogne-Franche-Comté'],COM,{89},{27}
b1ac7e32-8d41-47a6-b486-b3bb2fec0401,218600955,Commune de Dissay (86),false,{86095},Commune,2026-03-24 14:42:10.508772+01,gold_establishments_2025,,,,21860095500015,2025,Collectivité Territoriale,Commune,['Vienne'],['Nouvelle-Aquitaine'],COM,{86},{75}
ccad9095-a88f-48f5-9b94-e93385640a1d,217201151,Commune de Dissay-sous-Courcillon (72),false,{72115},Commune,2026-03-24 14:42:08.279287+01,gold_establishments_2025,,,,21720115100016,2025,Collectivité Territoriale,Commune,['Sarthe'],['Pays de la Loire'],COM,{72},{52}
0311cf3e-1b2f-4bf3-90d0-065a54b0f786,215701798,Commune de Distroff (57),false,{57179},Commune,2026-03-24 14:42:03.701372+01,gold_establishments_2025,,,,21570179800013,2025,Collectivité Territoriale,Commune,['Moselle'],['Grand Est'],COM,{57},{44}
60c61be4-cedd-4b30-9b04-c6db89136242,214901233,Commune de Distré (49),false,{49123},Commune,2026-03-24 14:42:01.412377+01,gold_establishments_2025,,,,21490123300012,2025,Collectivité Territoriale,Commune,['Maine-et-Loire'],['Pays de la Loire'],COM,{49},{52}
d8ca824e-a067-4157-a265-8bbafa3d0c04,216401992,Commune de Diusse (64),false,{64199},Commune,2026-03-24 14:42:06.130387+01,gold_establishments_2025,,,,21640199200013,2025,Collectivité Territoriale,Commune,['Pyrénées-Atlantiques'],['Nouvelle-Aquitaine'],COM,{64},{75}
315dd278-6328-4637-8281-00f585ca802e,212601157,Commune de Divajeu (26),false,{26115},Commune,2026-03-24 14:41:56.495197+01,gold_establishments_2025,,,,21260115700010,2025,Collectivité Territoriale,Commune,['Drôme'],['Auvergne-Rhône-Alpes'],COM,{26},{84}
d07ebc1a-a1de-4c0b-b39a-c92955f4812d,200054815,Commune de Divatte-sur-Loire (44),false,{44029},Commune,2026-03-24 14:42:00.273698+01,gold_establishments_2025,,,,20005481500010,2025,Collectivité Territoriale,Commune,['Loire-Atlantique'],['Pays de la Loire'],COM,{44},{52}
77365bb1-2994-4eb6-9967-4e498f9e4853,216001974,Commune de Dives (60),false,{60198},Commune,2026-03-24 14:42:04.814328+01,gold_establishments_2025,,,,21600197400015,2025,Collectivité Territoriale,Commune,['Oise'],['Hauts-de-France'],COM,{60},{32}
0fcea920-9373-475d-8777-0e442f0fa86a,211402250,Commune de Dives-sur-Mer (14),false,{14225},Commune,2026-03-24 14:41:54.362296+01,gold_establishments_2025,,,,21140225000016,2025,Collectivité Territoriale,Commune,['Calvados'],['Normandie'],COM,{14},{28}
8e610f02-9795-4418-9371-29c6cf17881b,216202705,Commune de Divion (62),false,{62270},Commune,2026-03-24 14:42:05.597325+01,gold_establishments_2025,,,,21620270500010,2025,Collectivité Territoriale,Commune,['Pas-de-Calais'],['Hauts-de-France'],COM,{62},{32}
f8fce9ca-1fe0-43fc-8b08-081d6094f9a0,210101432,Commune de Divonne-les-Bains (01),false,{01143},Commune,2026-03-24 14:41:51.447482+01,gold_establishments_2025,,,,21010143200016,2025,Collectivité Territoriale,Commune,['Ain'],['Auvergne-Rhône-Alpes'],COM,{01},{84}
e124cbe4-5a60-428f-a694-a58e9c292bdc,218901429,Commune de Dixmont (89),false,{89142},Commune,2026-03-24 14:42:11.118516+01,gold_establishments_2025,,,,21890142900017,2025,Collectivité Territoriale,Commune,['Yonne'],['Bourgogne-Franche-Comté'],COM,{89},{27}
2c94cdad-217b-47bc-904c-3589114439ac,213801467,Commune de Dizimieu (38),false,{38146},Commune,2026-03-24 14:41:59.160244+01,gold_establishments_2025,,,,21380146700019,2025,Collectivité Territoriale,Commune,['Isère'],['Auvergne-Rhône-Alpes'],COM,{38},{84}
da1a6c7a-967f-4c9f-bfe9-422a2304fcb8,215101940,Commune de Dizy (51),false,{51210},Commune,2026-03-24 14:42:01.954481+01,gold_establishments_2025,,,,21510194000017,2025,Collectivité Territoriale,Commune,['Marne'],['Grand Est'],COM,{51},{44}
1138ce11-08c1-4565-a706-0b17549b831e,210202487,Commune de Dizy-le-Gros (02),false,{02264},Commune,2026-03-24 14:41:52.020251+01,gold_establishments_2025,,,,21020248700018,2025,Collectivité Territoriale,Commune,['Aisne'],['Hauts-de-France'],COM,{02},{32}
9dac6c31-21b3-4482-ad44-c5d0a61e21d4,216900753,Commune de Dième (69),false,{69075},Commune,2026-03-24 14:42:07.195692+01,gold_establishments_2025,,,,21690075300015,2025,Collectivité Territoriale,Commune,['Rhône'],['Auvergne-Rhône-Alpes'],COM,{69},{84}
d838b655-4977-4d8e-ad93-eb1c0fc57fe3,213801442,Commune de Diémoz (38),false,{38144},Commune,2026-03-24 14:41:59.160244+01,gold_establishments_2025,,,,21380144200012,2025,Collectivité Territoriale,Commune,['Isère'],['Auvergne-Rhône-Alpes'],COM,{38},{84}
bac77bd3-38b0-44ce-8efb-fd380bca75a2,212102305,Commune de Diénay (21),false,{21230},Commune,2026-03-24 14:41:55.433389+01,gold_establishments_2025,,,,21210230500019,2025,Collectivité Territoriale,Commune,"[""Côte-d'Or""]",['Bourgogne-Franche-Comté'],COM,{21},{27}
9e01e2b8-a836-459c-aa60-38912453a2b5,216202697,Commune de Diéval (62),false,{62269},Commune,2026-03-24 14:42:05.597325+01,gold_establishments_2025,,,,21620269700043,2025,Collectivité Territoriale,Commune,['Pas-de-Calais'],['Hauts-de-France'],COM,{62},{32}
bad0b05e-943b-4d75-8737-6b9f1813bca0,214000895,Commune de Doazit (40),false,{40089},Commune,2026-03-24 14:41:59.705606+01,gold_establishments_2025,,,,21400089500018,2025,Collectivité Territoriale,Commune,['Landes'],['Nouvelle-Aquitaine'],COM,{40},{75}
e1dfa577-7a52-4365-9b2d-ad6f0860955b,216402008,Commune de Doazon (64),false,{64200},Commune,2026-03-24 14:42:06.130387+01,gold_establishments_2025,,,,21640200800017,2025,Collectivité Territoriale,Commune,['Pyrénées-Atlantiques'],['Nouvelle-Aquitaine'],COM,{64},{75}
a2d5701d-fa8d-41a8-80b9-7a213eee4bb7,218801355,Commune de Docelles (88),false,{88135},Commune,2026-03-24 14:42:11.118516+01,gold_establishments_2025,,,,21880135500015,2025,Collectivité Territoriale,Commune,['Vosges'],['Grand Est'],COM,{88},{44}
dc3c01cd-be50-4830-97af-238ad2c00389,216402016,Commune de Dognen (64),false,{64201},Commune,2026-03-24 14:42:06.130387+01,gold_establishments_2025,,,,21640201600010,2025,Collectivité Territoriale,Commune,['Pyrénées-Atlantiques'],['Nouvelle-Aquitaine'],COM,{64},{75}
a2fa3be7-0cb0-4fd5-8e74-caeb7fba4126,218801363,Commune de Dogneville (88),false,{88136},Commune,2026-03-24 14:42:11.118516+01,gold_establishments_2025,,,,21880136300019,2025,Collectivité Territoriale,Commune,['Vosges'],['Grand Est'],COM,{88},{44}
b27b6622-b31e-4b2a-98e0-dd66ca24d7d9,216202713,Commune de Dohem (62),false,{62271},Commune,2026-03-24 14:42:05.597325+01,gold_establishments_2025,,,,21620271300014,2025,Collectivité Territoriale,Commune,['Pas-de-Calais'],['Hauts-de-France'],COM,{62},{32}
1959c373-efb0-4fd1-bad8-cdd6503aca97,210202495,Commune de Dohis (02),false,{02265},Commune,2026-03-24 14:41:52.020251+01,gold_establishments_2025,,,,21020249500011,2025,Collectivité Territoriale,Commune,['Aisne'],['Hauts-de-France'],COM,{02},{32}
82eb4b3e-a8ad-41e5-a0e4-9e19a219b8eb,215901760,Commune de Doignies (59),false,{59176},Commune,2026-03-24 14:42:04.280096+01,gold_establishments_2025,,,,21590176000011,2025,Collectivité Territoriale,Commune,['Nord'],['Hauts-de-France'],COM,{59},{32}
7a1562c0-f0bd-4181-b270-d579b0386dd9,218002327,Commune de Doingt (80),false,{80240},Commune,2026-03-24 14:42:09.967209+01,gold_establishments_2025,,,,21800232700011,2025,Collectivité Territoriale,Commune,['Somme'],['Hauts-de-France'],COM,{80},{32}
2250f426-0767-4a88-9661-c4df57f97843,212401517,Commune de Doissat (24),false,{24151},Commune,2026-03-24 14:41:55.958138+01,gold_establishments_2025,,,,21240151700017,2025,Collectivité Territoriale,Commune,['Dordogne'],['Nouvelle-Aquitaine'],COM,{24},{75}
3225a2cb-b0d1-4e1f-90c1-e9df3c3b7bfb,213801475,Commune de Doissin (38),false,{38147},Commune,2026-03-24 14:41:59.160244+01,gold_establishments_2025,,,,21380147500012,2025,Collectivité Territoriale,Commune,['Isère'],['Auvergne-Rhône-Alpes'],COM,{38},{84}
561834dc-e398-482e-8868-2baab377ab8a,200057677,Commune de Doix lès Fontaines (85),false,{85080},Commune,2026-03-24 14:42:10.508772+01,gold_establishments_2025,,,,20005767700011,2025,Collectivité Territoriale,Commune,['Vendée'],['Pays de la Loire'],COM,{85},{52}
126d5ea4-b8f0-4636-82c9-fee685aa0ee4,214200859,Commune de Doizieux (42),false,{42085},Commune,2026-03-24 14:42:00.273698+01,gold_establishments_2025,,,,21420085900012,2025,Collectivité Territoriale,Commune,['Loire'],['Auvergne-Rhône-Alpes'],COM,{42},{84}
5e9f8b5a-e4eb-4ab6-8eaf-7d13a8feeb41,213500952,Commune de Dol-de-Bretagne (35),false,{35095},Commune,2026-03-24 14:41:58.620411+01,gold_establishments_2025,,,,21350095200014,2025,Collectivité Territoriale,Commune,['Ille-et-Vilaine'],['Bretagne'],COM,{35},{53}
37c1cbca-5383-420e-bb70-effaad0eee13,218801371,Commune de Dolaincourt (88),false,{88137},Commune,2026-03-24 14:42:11.118516+01,gold_establishments_2025,,,,21880137100012,2025,Collectivité Territoriale,Commune,['Vosges'],['Grand Est'],COM,{88},{44}
dbb8ebc1-94df-423c-a0d0-e1f11c5d5427,211001201,Commune de Dolancourt (10),false,{10126},Commune,2026-03-24 14:41:53.095366+01,gold_establishments_2025,,,,21100120100014,2025,Collectivité Territoriale,Commune,['Aube'],['Grand Est'],COM,{10},{44}
304ef706-2000-4804-aafd-882baf6906b8,215401589,Commune de Dolcourt (54),false,{54158},Commune,2026-03-24 14:42:02.957225+01,gold_establishments_2025,,,,21540158900019,2025,Collectivité Territoriale,Commune,['Meurthe-et-Moselle'],['Grand Est'],COM,{54},{44}
76188f61-31aa-40ab-b029-159ce02cc835,213901986,Commune de Dole (39),false,{39198},Commune,2026-03-24 14:41:59.705606+01,gold_establishments_2025,,,,21390198600017,2025,Collectivité Territoriale,Commune,['Jura'],['Bourgogne-Franche-Comté'],COM,{39},{27}
722af769-7720-484f-ad6d-314336e4df73,210202503,Commune de Dolignon (02),false,{02266},Commune,2026-03-24 14:41:52.020251+01,gold_establishments_2025,,,,21020250300012,2025,Collectivité Territoriale,Commune,['Aisne'],['Hauts-de-France'],COM,{02},{32}
8895fd24-b436-43d8-bd91-99c13f45a8bd,216800730,Commune de Dolleren (68),false,{68073},Commune,2026-03-24 14:42:07.195692+01,gold_establishments_2025,,,,21680073000014,2025,Collectivité Territoriale,Commune,['Haut-Rhin'],['Grand Est'],COM,{68},{44}
f66ed219-e3c9-471c-a314-5871ef561ecb,217201185,Commune de Dollon (72),false,{72118},Commune,2026-03-24 14:42:08.279287+01,gold_establishments_2025,,,,21720118500014,2025,Collectivité Territoriale,Commune,['Sarthe'],['Pays de la Loire'],COM,{72},{52}
5fd0c574-7f1a-41f9-931e-1952b8abaabe,218901437,Commune de Dollot (89),false,{89143},Commune,2026-03-24 14:42:11.118516+01,gold_establishments_2025,,,,21890143700010,2025,Collectivité Territoriale,Commune,['Yonne'],['Bourgogne-Franche-Comté'],COM,{89},{27}
483e08f7-acff-4a57-a562-5a3d104a9ecb,214700817,Commune de Dolmayrac (47),false,{47081},Commune,2026-03-24 14:42:00.862623+01,gold_establishments_2025,,,,21470081700015,2025,Collectivité Territoriale,Commune,['Lot-et-Garonne'],['Nouvelle-Aquitaine'],COM,{47},{75}
c0cf4770-da7f-4b6b-95af-f482abecf8ab,213801483,Commune de Dolomieu (38),false,{38148},Commune,2026-03-24 14:41:59.160244+01,gold_establishments_2025,,,,21380148300016,2025,Collectivité Territoriale,Commune,['Isère'],['Auvergne-Rhône-Alpes'],COM,{38},{84}
ebf861cd-8675-4265-8376-9bc4f13374d8,211701404,Commune de Dolus-d'Oléron (17),false,{17140},Commune,2026-03-24 14:41:54.903238+01,gold_establishments_2025,,,,21170140400017,2025,Collectivité Territoriale,Commune,['Charente-Maritime'],['Nouvelle-Aquitaine'],COM,{17},{75}
ab3d96b3-2e7d-4f5f-83ed-1f58aa0adffc,213700974,Commune de Dolus-le-Sec (37),false,{37097},Commune,2026-03-24 14:41:59.160244+01,gold_establishments_2025,,,,21370097400016,2025,Collectivité Territoriale,Commune,['Indre-et-Loire'],['Centre-Val de Loire'],COM,{37},{24}
0804e82f-8ef7-45d3-9348-14069a49733c,215701806,Commune de Dolving (57),false,{57180},Commune,2026-03-24 14:42:03.701372+01,gold_establishments_2025,,,,21570180600014,2025,Collectivité Territoriale,Commune,['Moselle'],['Grand Est'],COM,{57},{44}
303a82fa-6f3f-41e0-a435-77dc04ddb099,210801262,Commune de Dom-le-Mesnil (08),false,{08140},Commune,2026-03-24 14:41:52.562531+01,gold_establishments_2025,,,,21080126200010,2025,Collectivité Territoriale,Commune,['Ardennes'],['Grand Est'],COM,{08},{44}
a86dac2b-2bde-4cec-8e97-5e0148788a38,213500960,Commune de Domagné (35),false,{35096},Commune,2026-03-24 14:41:58.620411+01,gold_establishments_2025,,,,21350096000017,2025,Collectivité Territoriale,Commune,['Ille-et-Vilaine'],['Bretagne'],COM,{35},{53}
9e70cfa0-5dfb-4cab-bb18-a203bddd8ea5,216301366,Commune de Domaize (63),false,{63136},Commune,2026-03-24 14:42:06.130387+01,gold_establishments_2025,,,,21630136600011,2025,Collectivité Territoriale,Commune,['Puy-de-Dôme'],['Auvergne-Rhône-Alpes'],COM,{63},{84}
7e253203-67a1-4683-be05-358393242c7f,213500978,Commune de Domalain (35),false,{35097},Commune,2026-03-24 14:41:58.620411+01,gold_establishments_2025,,,,21350097800043,2025,Collectivité Territoriale,Commune,['Ille-et-Vilaine'],['Bretagne'],COM,{35},{53}
08cce274-5a4b-4dbf-9bae-3c9f1e897e2d,217401033,Commune de Domancy (74),false,{74103},Commune,2026-03-24 14:42:08.279287+01,gold_establishments_2025,,,,21740103300014,2025,Collectivité Territoriale,Commune,['Haute-Savoie'],['Auvergne-Rhône-Alpes'],COM,{74},{84}
5d8c0b62-10f7-4bdf-b6ac-a5cb2bcc4281,213801491,Commune de Domarin (38),false,{38149},Commune,2026-03-24 14:41:59.160244+01,gold_establishments_2025,,,,21380149100019,2025,Collectivité Territoriale,Commune,['Isère'],['Auvergne-Rhône-Alpes'],COM,{38},{84}
db47fd36-da65-4089-91e4-5468d6dc38a5,218002335,Commune de Domart-en-Ponthieu (80),false,{80241},Commune,2026-03-24 14:42:09.967209+01,gold_establishments_2025,,,,21800233500014,2025,Collectivité Territoriale,Commune,['Somme'],['Hauts-de-France'],COM,{80},{32}
51145bd8-6742-4302-abbe-b5efcdb1eff2,218002343,Commune de Domart-sur-la-Luce (80),false,{80242},Commune,2026-03-24 14:42:09.967209+01,gold_establishments_2025,,,,21800234300018,2025,Collectivité Territoriale,Commune,['Somme'],['Hauts-de-France'],COM,{80},{32}
c1c7fa8a-7984-4260-8704-58d83e98f21f,218901445,Commune de Domats (89),false,{89144},Commune,2026-03-24 14:42:11.118516+01,gold_establishments_2025,,,,21890144500013,2025,Collectivité Territoriale,Commune,['Yonne'],['Bourgogne-Franche-Comté'],COM,{89},{27}
106b9578-cb09-4db0-a656-6d460543954a,213001035,Commune de Domazan (30),false,{30103},Commune,2026-03-24 14:41:57.56054+01,gold_establishments_2025,,,,21300103500012,2025,Collectivité Territoriale,Commune,['Gard'],['Occitanie'],COM,{30},{76}
e42001f9-521d-4e2e-a94f-91ff4ab393b0,218801389,Commune de Dombasle-devant-Darney (88),false,{88138},Commune,2026-03-24 14:42:11.118516+01,gold_establishments_2025,,,,21880138900014,2025,Collectivité Territoriale,Commune,['Vosges'],['Grand Est'],COM,{88},{44}
aad114d9-c49a-469a-bf9a-6554b24aa516,215501552,Commune de Dombasle-en-Argonne (55),false,{55155},Commune,2026-03-24 14:42:02.957225+01,gold_establishments_2025,,,,21550155200016,2025,Collectivité Territoriale,Commune,['Meuse'],['Grand Est'],COM,{55},{44}
04df81e1-a711-453f-a98a-b43e43a38d9f,218801397,Commune de Dombasle-en-Xaintois (88),false,{88139},Commune,2026-03-24 14:42:11.118516+01,gold_establishments_2025,,,,21880139700017,2025,Collectivité Territoriale,Commune,['Vosges'],['Grand Est'],COM,{88},{44}
6dd42924-5ba2-4297-af52-868828068706,215401597,Commune de Dombasle-sur-Meurthe (54),false,{54159},Commune,2026-03-24 14:42:02.957225+01,gold_establishments_2025,,,,21540159700012,2025,Collectivité Territoriale,Commune,['Meurthe-et-Moselle'],['Grand Est'],COM,{54},{44}
59d6b70e-d244-49b3-9288-ee2453bf3c09,215201195,Commune de Domblain (52),false,{52169},Commune,2026-03-24 14:42:01.954481+01,gold_establishments_2025,,,,21520119500017,2025,Collectivité Territoriale,Commune,['Haute-Marne'],['Grand Est'],COM,{52},{44}
81ee4be1-37dc-4d68-afaa-8f860c08c3c1,200086395,Commune de Domblans (39),false,{39199},Commune,2026-03-24 14:41:59.705606+01,gold_establishments_2025,,,,20008639500015,2025,Collectivité Territoriale,Commune,['Jura'],['Bourgogne-Franche-Comté'],COM,{39},{27}
99245016-c551-4831-8961-18784a605293,215501560,Commune de Dombras (55),false,{55156},Commune,2026-03-24 14:42:02.957225+01,gold_establishments_2025,,,,21550156000019,2025,Collectivité Territoriale,Commune,['Meuse'],['Grand Est'],COM,{55},{44}
cc712155-cbea-4369-8276-dc6e4194df3c,218801405,Commune de Dombrot-le-Sec (88),false,{88140},Commune,2026-03-24 14:42:11.118516+01,gold_establishments_2025,,,,21880140500018,2025,Collectivité Territoriale,Commune,['Vosges'],['Grand Est'],COM,{88},{44}
dfbabcab-5b70-45c4-9181-975a19cec579,218801413,Commune de Dombrot-sur-Vair (88),false,{88141},Commune,2026-03-24 14:42:11.118516+01,gold_establishments_2025,,,,21880141300012,2025,Collectivité Territoriale,Commune,['Vosges'],['Grand Est'],COM,{88},{44}
6273123e-8802-48de-b4eb-f1c81ff23653,218901452,Commune de Domecy-sur-Cure (89),false,{89145},Commune,2026-03-24 14:42:11.118516+01,gold_establishments_2025,,,,21890145200019,2025,Collectivité Territoriale,Commune,['Yonne'],['Bourgogne-Franche-Comté'],COM,{89},{27}
9f631d0e-b91c-4416-8479-dd9882fd963f,218901460,Commune de Domecy-sur-le-Vault (89),false,{89146},Commune,2026-03-24 14:42:11.118516+01,gold_establishments_2025,,,,21890146000012,2025,Collectivité Territoriale,Commune,['Yonne'],['Bourgogne-Franche-Comté'],COM,{89},{27}
0f1903c9-236b-4977-8dfe-70392abe1107,218002350,Commune de Domesmont (80),false,{80243},Commune,2026-03-24 14:42:09.967209+01,gold_establishments_2025,,,,21800235000013,2025,Collectivité Territoriale,Commune,['Somme'],['Hauts-de-France'],COM,{80},{32}
ae35a020-8a0e-4076-938a-8cf6335cf5c4,213001043,Commune de Domessargues (30),false,{30104},Commune,2026-03-24 14:41:57.56054+01,gold_establishments_2025,,,,21300104300057,2025,Collectivité Territoriale,Commune,['Gard'],['Occitanie'],COM,{30},{76}
7e2132ea-c168-4ba3-bd36-55f006a911c4,217301001,Commune de Domessin (73),false,{73100},Commune,2026-03-24 14:42:08.279287+01,gold_establishments_2025,,,,21730100100012,2025,Collectivité Territoriale,Commune,['Savoie'],['Auvergne-Rhône-Alpes'],COM,{73},{84}
a375d582-cdae-4931-bcfd-3270c4466486,214300865,Commune de Domeyrat (43),false,{43086},Commune,2026-03-24 14:42:00.273698+01,gold_establishments_2025,,,,21430086500018,2025,Collectivité Territoriale,Commune,['Haute-Loire'],['Auvergne-Rhône-Alpes'],COM,{43},{84}
9e9446a3-ad80-4b21-a0a8-a4e65145594b,212307201,Commune de Domeyrot (23),false,{23072},Commune,2026-03-24 14:41:55.958138+01,gold_establishments_2025,,,,21230720100013,2025,Collectivité Territoriale,Commune,['Creuse'],['Nouvelle-Aquitaine'],COM,{23},{75}
cdc1e16e-5e03-41df-9368-94cfaa4661ff,216402024,Commune de Domezain-Berraute (64),false,{64202},Commune,2026-03-24 14:42:06.130387+01,gold_establishments_2025,,,,21640202400014,2025,Collectivité Territoriale,Commune,['Pyrénées-Atlantiques'],['Nouvelle-Aquitaine'],COM,{64},{75}
e197a986-0843-4064-872f-beea7a2848a1,218801454,Commune de Domfaing (88),false,{88145},Commune,2026-03-24 14:42:11.118516+01,gold_establishments_2025,,,,21880145400016,2025,Collectivité Territoriale,Commune,['Vosges'],['Grand Est'],COM,{88},{44}
39d9d4fd-1609-46cd-b2c1-589c586ecdcb,216700997,Commune de Domfessel (67),false,{67099},Commune,2026-03-24 14:42:07.195692+01,gold_establishments_2025,,,,21670099700010,2025,Collectivité Territoriale,Commune,['Bas-Rhin'],['Grand Est'],COM,{67},{44}
77e40a6a-9d0d-4805-bed2-69e1e4b7a2d0,216001990,Commune de Domfront (60),false,{60200},Commune,2026-03-24 14:42:04.814328+01,gold_establishments_2025,,,,21600199000011,2025,Collectivité Territoriale,Commune,['Oise'],['Hauts-de-France'],COM,{60},{32}
1e04b4c3-7329-4b32-8248-ecd925b985c4,200059194,Commune de Domfront en Poiraie (61),false,{61145},Commune,2026-03-24 14:42:05.597325+01,gold_establishments_2025,,,,20005919400015,2025,Collectivité Territoriale,Commune,['Orne'],['Normandie'],COM,{61},{28}
9527340b-72f0-4331-8ed3-f96f738c739e,217201193,Commune de Domfront-en-Champagne (72),false,{72119},Commune,2026-03-24 14:42:08.279287+01,gold_establishments_2025,,,,21720119300018,2025,Collectivité Territoriale,Commune,['Sarthe'],['Pays de la Loire'],COM,{72},{52}
8546a299-f862-47d0-a69c-f1ae75b469ca,215401621,Commune de Domgermain (54),false,{54162},Commune,2026-03-24 14:42:02.957225+01,gold_establishments_2025,,,,21540162100010,2025,Collectivité Territoriale,Commune,['Meurthe-et-Moselle'],['Grand Est'],COM,{54},{44}
5f76c8f6-7fb1-4856-8b7b-c9484fabbee4,218002368,Commune de Dominois (80),false,{80244},Commune,2026-03-24 14:42:09.967209+01,gold_establishments_2025,,,,21800236800015,2025,Collectivité Territoriale,Commune,['Somme'],['Hauts-de-France'],COM,{80},{32}
f470f259-c37a-4e56-b9c9-d9a9edacee8a,215001645,Commune de Domjean (50),false,{50164},Commune,2026-03-24 14:42:01.412377+01,gold_establishments_2025,,,,21500164500013,2025,Collectivité Territoriale,Commune,['Manche'],['Normandie'],COM,{50},{28}
9985a7a9-e2e0-4b43-b594-e02e36d32d06,215401639,Commune de Domjevin (54),false,{54163},Commune,2026-03-24 14:42:02.957225+01,gold_establishments_2025,,,,21540163900012,2025,Collectivité Territoriale,Commune,['Meurthe-et-Moselle'],['Grand Est'],COM,{54},{44}
5ec0914b-f9d5-4a84-a1ef-282ef8247854,218801462,Commune de Domjulien (88),false,{88146},Commune,2026-03-24 14:42:11.118516+01,gold_establishments_2025,,,,21880146200019,2025,Collectivité Territoriale,Commune,['Vosges'],['Grand Est'],COM,{88},{44}
624c9e5a-ab0e-4e9a-9e72-1a8bfb1c5923,213500994,Commune de Domloup (35),false,{35099},Commune,2026-03-24 14:41:58.620411+01,gold_establishments_2025,,,,21350099400016,2025,Collectivité Territoriale,Commune,['Ille-et-Vilaine'],['Bretagne'],COM,{35},{53}
7aa3f566-32c4-4859-b40a-13dd58ae87ad,218002376,Commune de Domléger-Longvillers (80),false,{80245},Commune,2026-03-24 14:42:09.967209+01,gold_establishments_2025,,,,21800237600018,2025,Collectivité Territoriale,Commune,['Somme'],['Hauts-de-France'],COM,{80},{32}
54654611-5148-4ee7-b3ed-c8d55b499274,215401647,Commune de Dommarie-Eulmont (54),false,{54164},Commune,2026-03-24 14:42:02.957225+01,gold_establishments_2025,,,,21540164700015,2025,Collectivité Territoriale,Commune,['Meurthe-et-Moselle'],['Grand Est'],COM,{54},{44}
d65cd587-ee49-49a8-9c36-820c0f2acbe2,215204298,Commune de Dommarien (52),false,{52170},Commune,2026-03-24 14:42:01.954481+01,gold_establishments_2025,,,,21520429800016,2025,Collectivité Territoriale,Commune,['Haute-Marne'],['Grand Est'],COM,{52},{44}
e69de9a6-3212-4b43-a1b8-6bc1e18f914c,215401654,Commune de Dommartemont (54),false,{54165},Commune,2026-03-24 14:42:02.957225+01,gold_establishments_2025,,,,21540165400011,2025,Collectivité Territoriale,Commune,['Meurthe-et-Moselle'],['Grand Est'],COM,{54},{44}
8bbbbcd4-6deb-4a1d-975c-c63305a6de7a,212502017,Commune de Dommartin (25),false,{25201},Commune,2026-03-24 14:41:56.495197+01,gold_establishments_2025,,,,21250201700016,2025,Collectivité Territoriale,Commune,['Doubs'],['Bourgogne-Franche-Comté'],COM,{25},{27}
7d85c992-bf5b-4993-9d6c-8c4d0326dddb,215800996,Commune de Dommartin (58),false,{58099},Commune,2026-03-24 14:42:04.280096+01,gold_establishments_2025,,,,21580099600013,2025,Collectivité Territoriale,Commune,['Nièvre'],['Bourgogne-Franche-Comté'],COM,{58},{27}
95fe4530-748c-45f7-9fe6-1ba5aa0ddfe2,216900761,Commune de Dommartin (69),false,{69076},Commune,2026-03-24 14:42:07.195692+01,gold_establishments_2025,,,,21690076100018,2025,Collectivité Territoriale,Commune,['Rhône'],['Auvergne-Rhône-Alpes'],COM,{69},{84}
e3d3d95b-3972-4985-99f7-61e44c8469ce,218002384,Commune de Dommartin (80),false,{80246},Commune,2026-03-24 14:42:09.967209+01,gold_establishments_2025,,,,21800238400012,2025,Collectivité Territoriale,Commune,['Somme'],['Hauts-de-France'],COM,{80},{32}
ec96f024-51a4-4e25-8dae-423d92c955a4,215101957,Commune de Dommartin-Dampierre (51),false,{51211},Commune,2026-03-24 14:42:01.954481+01,gold_establishments_2025,,,,21510195700011,2025,Collectivité Territoriale,Commune,['Marne'],['Grand Est'],COM,{51},{44}
a0a684c2-6cf8-4e6d-a7d5-202bcddf5b81,215101965,Commune de Dommartin-Lettrée (51),false,{51212},Commune,2026-03-24 14:42:01.954481+01,gold_establishments_2025,,,,21510196500014,2025,Collectivité Territoriale,Commune,['Marne'],['Grand Est'],COM,{51},{44}
1927d6f1-6802-4774-9ab2-c460d8bca26e,215101981,Commune de Dommartin-Varimont (51),false,{51214},Commune,2026-03-24 14:42:01.954481+01,gold_establishments_2025,,,,21510198100011,2025,Collectivité Territoriale,Commune,['Marne'],['Grand Est'],COM,{51},{44}
1cf8cd68-177c-4e47-8e77-a34af8f20ab4,218801470,Commune de Dommartin-aux-Bois (88),false,{88147},Commune,2026-03-24 14:42:11.118516+01,gold_establishments_2025,,,,21880147000012,2025,Collectivité Territoriale,Commune,['Vosges'],['Grand Est'],COM,{88},{44}
55ce053e-4ddb-4b63-9bb2-bb5da2c06343,215401662,Commune de Dommartin-la-Chaussée (54),false,{54166},Commune,2026-03-24 14:42:02.957225+01,gold_establishments_2025,,,,21540166200014,2025,Collectivité Territoriale,Commune,['Meurthe-et-Moselle'],['Grand Est'],COM,{54},{44}
34f507fb-c9b1-4695-8619-2ea872fcdaab,215501578,Commune de Dommartin-la-Montagne (55),false,{55157},Commune,2026-03-24 14:42:02.957225+01,gold_establishments_2025,,,,21550157800011,2025,Collectivité Territoriale,Commune,['Meuse'],['Grand Est'],COM,{55},{44}
4881a974-5d1b-4739-ab76-d77d13158bd8,211001219,Commune de Dommartin-le-Coq (10),false,{10127},Commune,2026-03-24 14:41:53.095366+01,gold_establishments_2025,,,,21100121900016,2025,Collectivité Territoriale,Commune,['Aube'],['Grand Est'],COM,{10},{44}
74125ae7-d955-4803-b1cc-b8773cb8a773,215201203,Commune de Dommartin-le-Franc (52),false,{52171},Commune,2026-03-24 14:42:01.954481+01,gold_establishments_2025,,,,21520120300019,2025,Collectivité Territoriale,Commune,['Haute-Marne'],['Grand Est'],COM,{52},{44}
fb018078-4247-472d-9cb5-e6a83fbbb896,215201211,Commune de Dommartin-le-Saint-Père (52),false,{52172},Commune,2026-03-24 14:42:01.954481+01,gold_establishments_2025,,,,21520121100012,2025,Collectivité Territoriale,Commune,['Haute-Marne'],['Grand Est'],COM,{52},{44}
97486dec-84f4-42c9-9cb7-1ce29bcc0c28,217101773,Commune de Dommartin-lès-Cuiseaux (71),false,{71177},Commune,2026-03-24 14:42:07.735343+01,gold_establishments_2025,,,,21710177300018,2025,Collectivité Territoriale,Commune,['Saône-et-Loire'],['Bourgogne-Franche-Comté'],COM,{71},{27}
e501854d-0887-468b-bc84-d02ce796d29f,218801488,Commune de Dommartin-lès-Remiremont (88),false,{88148},Commune,2026-03-24 14:42:11.118516+01,gold_establishments_2025,,,,21880148800014,2025,Collectivité Territoriale,Commune,['Vosges'],['Grand Est'],COM,{88},{44}
2963c3ac-5f8c-4cb2-9274-d47add5f898d,215401670,Commune de Dommartin-lès-Toul (54),false,{54167},Commune,2026-03-24 14:42:02.957225+01,gold_establishments_2025,,,,21540167000017,2025,Collectivité Territoriale,Commune,['Meurthe-et-Moselle'],['Grand Est'],COM,{54},{44}
7b519ad1-7309-4a91-8bd3-dec3c98be1ce,218801496,Commune de Dommartin-lès-Vallois (88),false,{88149},Commune,2026-03-24 14:42:11.118516+01,gold_establishments_2025,,,,21880149600017,2025,Collectivité Territoriale,Commune,['Vosges'],['Grand Est'],COM,{88},{44}
4a207f2b-18e2-464b-a1b4-32fabe33cbd5,215401688,Commune de Dommartin-sous-Amance (54),false,{54168},Commune,2026-03-24 14:42:02.957225+01,gold_establishments_2025,,,,21540168800019,2025,Collectivité Territoriale,Commune,['Meurthe-et-Moselle'],['Grand Est'],COM,{54},{44}
d96ffeb3-43fa-403d-bff2-84bfde7cffcc,215101973,Commune de Dommartin-sous-Hans (51),false,{51213},Commune,2026-03-24 14:42:01.954481+01,gold_establishments_2025,,,,21510197300018,2025,Collectivité Territoriale,Commune,['Marne'],['Grand Est'],COM,{51},{44}
022a8d16-6659-419e-bff9-f9d092d5c401,218801504,Commune de Dommartin-sur-Vraine (88),false,{88150},Commune,2026-03-24 14:42:11.118516+01,gold_establishments_2025,,,,21880150400018,2025,Collectivité Territoriale,Commune,['Vosges'],['Grand Est'],COM,{88},{44}
d91ce272-4bd8-41c1-88de-2bf9c21acbef,215501586,Commune de Dommary-Baroncourt (55),false,{55158},Commune,2026-03-24 14:42:02.957225+01,gold_establishments_2025,,,,21550158600063,2025,Collectivité Territoriale,Commune,['Meuse'],['Grand Est'],COM,{55},{44}
46232685-08cf-458f-96b9-d9874ea63414,212401525,Commune de Domme (24),false,{24152},Commune,2026-03-24 14:41:55.958138+01,gold_establishments_2025,,,,21240152500010,2025,Collectivité Territoriale,Commune,['Dordogne'],['Nouvelle-Aquitaine'],COM,{24},{75}
641d19a0-6849-4417-ac84-6575bf433913,210801270,Commune de Dommery (08),false,{08141},Commune,2026-03-24 14:41:52.562531+01,gold_establishments_2025,,,,21080127000013,2025,Collectivité Territoriale,Commune,['Ardennes'],['Grand Est'],COM,{08},{44}
01fe4252-0415-478b-9a35-2a26efd8bca2,210202511,Commune de Dommiers (02),false,{02267},Commune,2026-03-24 14:41:52.020251+01,gold_establishments_2025,,,,21020251100015,2025,Collectivité Territoriale,Commune,['Aisne'],['Hauts-de-France'],COM,{02},{32}
b93bef47-7c7a-4ce6-90c9-0644756d7091,215701814,Commune de Domnom-lès-Dieuze (57),false,{57181},Commune,2026-03-24 14:42:03.701372+01,gold_establishments_2025,,,,21570181400018,2025,Collectivité Territoriale,Commune,['Moselle'],['Grand Est'],COM,{57},{44}
13272fa0-19ed-4d21-a606-ca4b2c4c66ba,219501996,Commune de Domont (95),false,{95199},Commune,2026-03-24 14:42:11.659493+01,gold_establishments_2025,,,,21950199600017,2025,Collectivité Territoriale,Commune,"[""Val-d'Oise""]",['Île-de-France'],COM,{95},{11}
aa54f3b7-6a6e-4714-80a3-80f69d5c1c7e,218801512,Commune de Dompaire (88),false,{88151},Commune,2026-03-24 14:42:11.118516+01,gold_establishments_2025,,,,21880151200011,2025,Collectivité Territoriale,Commune,['Vosges'],['Grand Est'],COM,{88},{44}
0a198fb8-c7e7-47ad-840e-24dc83400331,215501594,Commune de Dompcevrin (55),false,{55159},Commune,2026-03-24 14:42:02.957225+01,gold_establishments_2025,,,,21550159400018,2025,Collectivité Territoriale,Commune,['Meuse'],['Grand Est'],COM,{55},{44}
9c4368f3-fb26-4488-95ca-855865f5f3c8,216002006,Commune de Dompierre (60),false,{60201},Commune,2026-03-24 14:42:04.814328+01,gold_establishments_2025,,,,21600200600015,2025,Collectivité Territoriale,Commune,['Oise'],['Hauts-de-France'],COM,{60},{32}
b418671f-0613-4b04-85f4-5041e97c37fe,216101469,Commune de Dompierre (61),false,{61146},Commune,2026-03-24 14:42:05.597325+01,gold_establishments_2025,,,,21610146900015,2025,Collectivité Territoriale,Commune,['Orne'],['Normandie'],COM,{61},{28}
a20bf07c-6c11-494e-a8ec-425fd86ec956,218801520,Commune de Dompierre (88),false,{88152},Commune,2026-03-24 14:42:11.118516+01,gold_establishments_2025,,,,21880152000014,2025,Collectivité Territoriale,Commune,['Vosges'],['Grand Est'],COM,{88},{44}
592f4bda-8182-48c8-9fe1-6d5cbdac4a93,218002392,Commune de Dompierre-Becquincourt (80),false,{80247},Commune,2026-03-24 14:42:09.967209+01,gold_establishments_2025,,,,21800239200015,2025,Collectivité Territoriale,Commune,['Somme'],['Hauts-de-France'],COM,{80},{32}
f6257bd5-caa0-4a0f-a6a9-dbfe130999dd,215501602,Commune de Dompierre-aux-Bois (55),false,{55160},Commune,2026-03-24 14:42:02.957225+01,gold_establishments_2025,,,,21550160200019,2025,Collectivité Territoriale,Commune,['Meuse'],['Grand Est'],COM,{55},{44}
c7776930-2846-4f29-9b03-4bfd7b5496d1,212102321,Commune de Dompierre-en-Morvan (21),false,{21232},Commune,2026-03-24 14:41:55.433389+01,gold_establishments_2025,,,,21210232100016,2025,Collectivité Territoriale,Commune,"[""Côte-d'Or""]",['Bourgogne-Franche-Comté'],COM,{21},{27}
384bdefe-97cf-4559-b825-cfd68c652484,217101781,Commune de Dompierre-les-Ormes (71),false,{71178},Commune,2026-03-24 14:42:07.735343+01,gold_establishments_2025,,,,21710178100011,2025,Collectivité Territoriale,Commune,['Saône-et-Loire'],['Bourgogne-Franche-Comté'],COM,{71},{27}
e7482c06-388d-4081-8458-e37a749c2356,212502025,Commune de Dompierre-les-Tilleuls (25),false,{25202},Commune,2026-03-24 14:41:56.495197+01,gold_establishments_2025,,,,21250202500019,2025,Collectivité Territoriale,Commune,['Doubs'],['Bourgogne-Franche-Comté'],COM,{25},{27}
e0dfd8c0-4f66-4a0e-99a8-4b9204312a78,218705705,Commune de Dompierre-les-Églises (87),false,{87057},Commune,2026-03-24 14:42:11.118516+01,gold_establishments_2025,,,,21870570500018,2025,Collectivité Territoriale,Commune,['Haute-Vienne'],['Nouvelle-Aquitaine'],COM,{87},{75}
44167cfe-7eb1-4419-9e22-3be68f2dcdfc,217101799,Commune de Dompierre-sous-Sanvignes (71),false,{71179},Commune,2026-03-24 14:42:07.735343+01,gold_establishments_2025,,,,21710179900013,2025,Collectivité Territoriale,Commune,['Saône-et-Loire'],['Bourgogne-Franche-Comté'],COM,{71},{27}
76a8f09a-2363-47c6-b4dc-52efb36d1cf1,218002400,Commune de Dompierre-sur-Authie (80),false,{80248},Commune,2026-03-24 14:42:09.967209+01,gold_establishments_2025,,,,21800240000016,2025,Collectivité Territoriale,Commune,['Somme'],['Hauts-de-France'],COM,{80},{32}
dcd487c0-0b37-4e84-85f7-e620c23f3ede,210301024,Commune de Dompierre-sur-Besbre (03),false,{03102},Commune,2026-03-24 14:41:52.020251+01,gold_establishments_2025,,,,21030102400019,2025,Collectivité Territoriale,Commune,['Allier'],['Auvergne-Rhône-Alpes'],COM,{03},{84}
8b8a9cde-6632-42ad-aa9d-d7e3bfbb796c,210101465,Commune de Dompierre-sur-Chalaronne (01),false,{01146},Commune,2026-03-24 14:41:51.447482+01,gold_establishments_2025,,,,21010146500016,2025,Collectivité Territoriale,Commune,['Ain'],['Auvergne-Rhône-Alpes'],COM,{01},{84}
c5e667e5-9c0a-46c1-9227-8cc5ff2403da,211701412,Commune de Dompierre-sur-Charente (17),false,{17141},Commune,2026-03-24 14:41:54.903238+01,gold_establishments_2025,,,,21170141200010,2025,Collectivité Territoriale,Commune,['Charente-Maritime'],['Nouvelle-Aquitaine'],COM,{17},{75}
0575a5f2-109c-457c-a57e-c57360d68b2e,215901778,Commune de Dompierre-sur-Helpe (59),false,{59177},Commune,2026-03-24 14:42:04.280096+01,gold_establishments_2025,,,,21590177800013,2025,Collectivité Territoriale,Commune,['Nord'],['Hauts-de-France'],COM,{59},{32}
634c62fa-bd04-40f1-9e63-be2b13e56a10,211701420,Commune de Dompierre-sur-Mer (17),false,{17142},Commune,2026-03-24 14:41:54.903238+01,gold_establishments_2025,,,,21170142000112,2025,Collectivité Territoriale,Commune,['Charente-Maritime'],['Nouvelle-Aquitaine'],COM,{17},{75}
1f73d023-d7b4-4fd1-b743-2a97aa0f03b6,213902000,Commune de Dompierre-sur-Mont (39),false,{39200},Commune,2026-03-24 14:41:59.705606+01,gold_establishments_2025,,,,21390200000016,2025,Collectivité Territoriale,Commune,['Jura'],['Bourgogne-Franche-Comté'],COM,{39},{27}
35a6f2ba-9d7c-44b0-b25f-902ee8340da8,215801010,Commune de Dompierre-sur-Nièvre (58),false,{58101},Commune,2026-03-24 14:42:04.280096+01,gold_establishments_2025,,,,21580101000012,2025,Collectivité Territoriale,Commune,['Nièvre'],['Bourgogne-Franche-Comté'],COM,{58},{27}
3b591f4f-31f5-4d59-adb9-d2ad0f1bd3a5,210101457,Commune de Dompierre-sur-Veyle (01),false,{01145},Commune,2026-03-24 14:41:51.447482+01,gold_establishments_2025,,,,21010145700013,2025,Collectivité Territoriale,Commune,['Ain'],['Auvergne-Rhône-Alpes'],COM,{01},{84}
b46dbc3f-a2a3-437d-baad-46c30c1208a8,218500817,Commune de Dompierre-sur-Yon (85),false,{85081},Commune,2026-03-24 14:42:10.508772+01,gold_establishments_2025,,,,21850081700018,2025,Collectivité Territoriale,Commune,['Vendée'],['Pays de la Loire'],COM,{85},{52}
6a257f56-fa85-4334-95c6-f1be409146d8,210700811,Commune de Dompnac (07),false,{07081},Commune,2026-03-24 14:41:52.562531+01,gold_establishments_2025,,,,21070081100016,2025,Collectivité Territoriale,Commune,['Ardèche'],['Auvergne-Rhône-Alpes'],COM,{07},{84}
214f02b3-2002-4952-954e-95982083a615,212502033,Commune de Domprel (25),false,{25203},Commune,2026-03-24 14:41:56.495197+01,gold_establishments_2025,,,,21250203300013,2025,Collectivité Territoriale,Commune,['Doubs'],['Bourgogne-Franche-Comté'],COM,{25},{27}
c7df433a-6b48-44fa-8cbd-b7ad968900cd,215101999,Commune de Dompremy (51),false,{51215},Commune,2026-03-24 14:42:01.954481+01,gold_establishments_2025,,,,21510199900013,2025,Collectivité Territoriale,Commune,['Marne'],['Grand Est'],COM,{51},{44}
0199f05b-943e-4c69-83b4-5881c8f8215d,215401696,Commune de Domprix (54),false,{54169},Commune,2026-03-24 14:42:02.957225+01,gold_establishments_2025,,,,21540169600012,2025,Collectivité Territoriale,Commune,['Meurthe-et-Moselle'],['Grand Est'],COM,{54},{44}
d5a2c693-8426-48e2-97ae-f5338c4eba95,218705804,Commune de Domps (87),false,{87058},Commune,2026-03-24 14:42:11.118516+01,gold_establishments_2025,,,,21870580400019,2025,Collectivité Territoriale,Commune,['Haute-Vienne'],['Nouvelle-Aquitaine'],COM,{87},{75}
c0c36db8-ec55-4055-8863-23164753d149,218801538,Commune de Domptail (88),false,{88153},Commune,2026-03-24 14:42:11.118516+01,gold_establishments_2025,,,,21880153800016,2025,Collectivité Territoriale,Commune,['Vosges'],['Grand Est'],COM,{88},{44}
996c0965-0aa9-47a8-9832-cac8dd742bec,215401704,Commune de Domptail-en-l'Air (54),false,{54170},Commune,2026-03-24 14:42:02.957225+01,gold_establishments_2025,,,,21540170400014,2025,Collectivité Territoriale,Commune,['Meurthe-et-Moselle'],['Grand Est'],COM,{54},{44}
356db09e-951f-4352-a4e2-030011dfe1c2,210202529,Commune de Domptin (02),false,{02268},Commune,2026-03-24 14:41:52.020251+01,gold_establishments_2025,,,,21020252900017,2025,Collectivité Territoriale,Commune,['Aisne'],['Hauts-de-France'],COM,{02},{32}
fad3f194-6d85-4684-8218-6c65f7a3d6d7,218002418,Commune de Domqueur (80),false,{80249},Commune,2026-03-24 14:42:09.967209+01,gold_establishments_2025,,,,21800241800018,2025,Collectivité Territoriale,Commune,['Somme'],['Hauts-de-France'],COM,{80},{32}
8c208ba1-958e-449f-8d73-7d3e940167c8,215201229,Commune de Domremy-Landéville (52),false,{52173},Commune,2026-03-24 14:42:01.954481+01,gold_establishments_2025,,,,21520122900014,2025,Collectivité Territoriale,Commune,['Haute-Marne'],['Grand Est'],COM,{52},{44}
9ce6d24c-e3a0-4e49-b18f-5db300786604,215501628,Commune de Domremy-la-Canne (55),false,{55162},Commune,2026-03-24 14:42:02.957225+01,gold_establishments_2025,,,,21550162800014,2025,Collectivité Territoriale,Commune,['Meuse'],['Grand Est'],COM,{55},{44}
0fb77d22-9d42-4d81-8147-67d5cdc264d8,218801546,Commune de Domrémy-la-Pucelle (88),false,{88154},Commune,2026-03-24 14:42:11.118516+01,gold_establishments_2025,,,,21880154600019,2025,Collectivité Territoriale,Commune,['Vosges'],['Grand Est'],COM,{88},{44}
df366d5b-884d-45db-a94a-0084363b12c3,210101473,Commune de Domsure (01),false,{01147},Commune,2026-03-24 14:41:51.447482+01,gold_establishments_2025,,,,21010147300010,2025,Collectivité Territoriale,Commune,['Ain'],['Auvergne-Rhône-Alpes'],COM,{01},{84}
b33aa6ce-3e02-439a-a6b7-ee3abc9acf15,218801553,Commune de Domvallier (88),false,{88155},Commune,2026-03-24 14:42:11.118516+01,gold_establishments_2025,,,,21880155300015,2025,Collectivité Territoriale,Commune,['Vosges'],['Grand Est'],COM,{88},{44}
8d30bf54-60dc-43f2-885f-cc56198337e7,218002426,Commune de Domvast (80),false,{80250},Commune,2026-03-24 14:42:09.967209+01,gold_establishments_2025,,,,21800242600011,2025,Collectivité Territoriale,Commune,['Somme'],['Hauts-de-France'],COM,{80},{32}
5d18134f-5580-4dd5-b2a6-b0c795f9808e,213801509,Commune de Domène (38),false,{38150},Commune,2026-03-24 14:41:59.160244+01,gold_establishments_2025,,,,21380150900018,2025,Collectivité Territoriale,Commune,['Isère'],['Auvergne-Rhône-Alpes'],COM,{38},{84}
63e0cc75-594d-4585-9c27-a35a846f5c85,215401605,Commune de Domèvre-en-Haye (54),false,{54160},Commune,2026-03-24 14:42:02.957225+01,gold_establishments_2025,,,,21540160500013,2025,Collectivité Territoriale,Commune,['Meurthe-et-Moselle'],['Grand Est'],COM,{54},{44}
f0bf31c2-a2e9-4f5c-bc3b-748a96f8eff2,218801447,Commune de Domèvre-sous-Montfort (88),false,{88144},Commune,2026-03-24 14:42:11.118516+01,gold_establishments_2025,,,,21880144700010,2025,Collectivité Territoriale,Commune,['Vosges'],['Grand Est'],COM,{88},{44}
766f572f-64b1-4e59-ab25-f7b85e2830b1,218801421,Commune de Domèvre-sur-Avière (88),false,{88142},Commune,2026-03-24 14:42:11.118516+01,gold_establishments_2025,,,,21880142100015,2025,Collectivité Territoriale,Commune,['Vosges'],['Grand Est'],COM,{88},{44}
f981ac0a-34ad-4c22-9461-b9653c12b4f9,218801439,Commune de Domèvre-sur-Durbion (88),false,{88143},Commune,2026-03-24 14:42:11.118516+01,gold_establishments_2025,,,,21880143900017,2025,Collectivité Territoriale,Commune,['Vosges'],['Grand Est'],COM,{88},{44}
d7926eb7-82c4-4fb6-abee-7efd5d4bbb2c,215401613,Commune de Domèvre-sur-Vezouze (54),false,{54161},Commune,2026-03-24 14:42:02.957225+01,gold_establishments_2025,,,,21540161300017,2025,Collectivité Territoriale,Commune,['Meurthe-et-Moselle'],['Grand Est'],COM,{54},{44}
ea9cbc85-eca7-41ab-ba94-e690a8c95144,216001982,Commune de Doméliers (60),false,{60199},Commune,2026-03-24 14:42:04.814328+01,gold_establishments_2025,,,,21600198200018,2025,Collectivité Territoriale,Commune,['Oise'],['Hauts-de-France'],COM,{60},{32}
09f31111-93d9-43e0-89b2-d06c91737a7a,210301016,Commune de Domérat (03),false,{03101},Commune,2026-03-24 14:41:52.020251+01,gold_establishments_2025,,,,21030101600015,2025,Collectivité Territoriale,Commune,['Allier'],['Auvergne-Rhône-Alpes'],COM,{03},{84}
27f0f4ef-95f9-42cc-a8e3-dd2e4605e377,215906702,Commune de Don (59),false,{59670},Commune,2026-03-24 14:42:04.814328+01,gold_establishments_2025,,,,21590670200018,2025,Collectivité Territoriale,Commune,['Nord'],['Hauts-de-France'],COM,{59},{32}
79d272cd-2ce6-4c62-b147-7e23a3a6eeef,211101217,Commune de Donazac (11),false,{11121},Commune,2026-03-24 14:41:53.63825+01,gold_establishments_2025,,,,21110121700019,2025,Collectivité Territoriale,Commune,['Aude'],['Occitanie'],COM,{11},{76}
fa802b74-e889-4b00-9e5a-4b8f29cf23bf,210801288,Commune de Donchery (08),false,{08142},Commune,2026-03-24 14:41:52.562531+01,gold_establishments_2025,,,,21080128800015,2025,Collectivité Territoriale,Commune,['Ardennes'],['Grand Est'],COM,{08},{44}
d9209ca4-9841-4915-970d-fe3d0c8f8066,218801561,Commune de Doncières (88),false,{88156},Commune,2026-03-24 14:42:11.118516+01,gold_establishments_2025,,,,21880156100018,2025,Collectivité Territoriale,Commune,['Vosges'],['Grand Est'],COM,{88},{44}
7a84f238-a149-468e-8a7c-e42e960f9f68,215501636,Commune de Doncourt-aux-Templiers (55),false,{55163},Commune,2026-03-24 14:42:02.957225+01,gold_establishments_2025,,,,21550163600017,2025,Collectivité Territoriale,Commune,['Meuse'],['Grand Est'],COM,{55},{44}
950cee9f-9708-4c9b-baf8-a4db9f8ee8e3,215401712,Commune de Doncourt-lès-Conflans (54),false,{54171},Commune,2026-03-24 14:42:02.957225+01,gold_establishments_2025,,,,21540171200017,2025,Collectivité Territoriale,Commune,['Meurthe-et-Moselle'],['Grand Est'],COM,{54},{44}
ec0d90f5-8c90-43d1-b6a9-33e703cc2068,215401720,Commune de Doncourt-lès-Longuyon (54),false,{54172},Commune,2026-03-24 14:42:02.957225+01,gold_establishments_2025,,,,21540172000010,2025,Collectivité Territoriale,Commune,['Meurthe-et-Moselle'],['Grand Est'],COM,{54},{44}
8db4d89e-ad90-4402-ab23-5730921869a7,215201237,Commune de Doncourt-sur-Meuse (52),false,{52174},Commune,2026-03-24 14:42:01.954481+01,gold_establishments_2025,,,,21520123700017,2025,Collectivité Territoriale,Commune,['Haute-Marne'],['Grand Est'],COM,{52},{44}
7d63cb2f-ce5a-4f9b-9af2-0f7fd9584831,214700825,Commune de Dondas (47),false,{47082},Commune,2026-03-24 14:42:00.862623+01,gold_establishments_2025,,,,21470082500018,2025,Collectivité Territoriale,Commune,['Lot-et-Garonne'],['Nouvelle-Aquitaine'],COM,{47},{75}
424c62d3-2f93-4850-9a64-5a765b5aec58,214400525,Commune de Donges (44),false,{44052},Commune,2026-03-24 14:42:00.273698+01,gold_establishments_2025,,,,21440052500017,2025,Collectivité Territoriale,Commune,['Loire-Atlantique'],['Pays de la Loire'],COM,{44},{52}
0d795da2-0680-49ad-9701-fd1325182d93,215201245,Commune de Donjeux (52),false,{52175},Commune,2026-03-24 14:42:01.954481+01,gold_establishments_2025,,,,21520124500010,2025,Collectivité Territoriale,Commune,['Haute-Marne'],['Grand Est'],COM,{52},{44}
e7eb7543-e1a6-4042-9713-794c57ab1441,215701822,Commune de Donjeux (57),false,{57182},Commune,2026-03-24 14:42:03.701372+01,gold_establishments_2025,,,,21570182200011,2025,Collectivité Territoriale,Commune,['Moselle'],['Grand Est'],COM,{57},{44}
aee2ff06-e5ae-445e-a600-4b5b64c9e54c,211402268,Commune de Donnay (14),false,{14226},Commune,2026-03-24 14:41:54.362296+01,gold_establishments_2025,,,,21140226800018,2025,Collectivité Territoriale,Commune,['Calvados'],['Normandie'],COM,{14},{28}
fa9fc615-0c7e-4c34-9bae-5b11f077141e,218100808,Commune de Donnazac (81),false,{81080},Commune,2026-03-24 14:42:09.967209+01,gold_establishments_2025,,,,21810080800011,2025,Collectivité Territoriale,Commune,['Tarn'],['Occitanie'],COM,{81},{76}
d469a7f2-5856-4d32-ad3f-428de5972b73,215701830,Commune de Donnelay (57),false,{57183},Commune,2026-03-24 14:42:03.701372+01,gold_establishments_2025,,,,21570183000014,2025,Collectivité Territoriale,Commune,['Moselle'],['Grand Est'],COM,{57},{44}
0dc2e52a-58e4-4e3b-81ec-557082e2a249,212801328,Commune de Donnemain-Saint-Mamès (28),false,{28132},Commune,2026-03-24 14:41:57.028721+01,gold_establishments_2025,,,,21280132800015,2025,Collectivité Territoriale,Commune,['Eure-et-Loir'],['Centre-Val de Loire'],COM,{28},{24}
b3c9472c-aef7-448e-af2d-40c97bb540c2,217701598,Commune de Donnemarie-Dontilly (77),false,{77159},Commune,2026-03-24 14:42:09.43682+01,gold_establishments_2025,,,,21770159800013,2025,Collectivité Territoriale,Commune,['Seine-et-Marne'],['Île-de-France'],COM,{77},{11}
5b36a733-fdbe-4359-a413-8e01d5d3a68e,211001227,Commune de Donnement (10),false,{10128},Commune,2026-03-24 14:41:53.095366+01,gold_establishments_2025,,,,21100122700019,2025,Collectivité Territoriale,Commune,['Aube'],['Grand Est'],COM,{10},{44}
d64af2e0-8088-4e85-a5f4-aaf964b9c9b3,216701003,Commune de Donnenheim (67),false,{67100},Commune,2026-03-24 14:42:07.195692+01,gold_establishments_2025,,,,21670100300016,2025,Collectivité Territoriale,Commune,['Bas-Rhin'],['Grand Est'],COM,{67},{44}
90ca54f5-6c24-4f32-a84d-21d1232dc853,214501264,Commune de Donnery (45),false,{45126},Commune,2026-03-24 14:42:00.862623+01,gold_establishments_2025,,,,21450126400011,2025,Collectivité Territoriale,Commune,['Loiret'],['Centre-Val de Loire'],COM,{45},{24}
d28a4d59-12d3-48a4-bd32-e57265258103,213101629,Commune de Donneville (31),false,{31162},Commune,2026-03-24 14:41:57.56054+01,gold_establishments_2025,,,,21310162900011,2025,Collectivité Territoriale,Commune,['Haute-Garonne'],['Occitanie'],COM,{31},{76}
73fd6c00-50f7-46a9-b64b-04f3b919c221,213301518,Commune de Donnezac (33),false,{33151},Commune,2026-03-24 14:41:58.620411+01,gold_establishments_2025,,,,21330151800014,2025,Collectivité Territoriale,Commune,['Gironde'],['Nouvelle-Aquitaine'],COM,{33},{75}
9618a6de-4ca6-4425-aba4-50c83335ea65,212307300,Commune de Dontreix (23),false,{23073},Commune,2026-03-24 14:41:55.958138+01,gold_establishments_2025,,,,21230730000013,2025,Collectivité Territoriale,Commune,['Creuse'],['Nouvelle-Aquitaine'],COM,{23},{75}
d0a05f27-bb33-410b-8fe4-46e55c8a9268,215102005,Commune de Dontrien (51),false,{51216},Commune,2026-03-24 14:42:01.954481+01,gold_establishments_2025,,,,21510200500018,2025,Collectivité Territoriale,Commune,['Marne'],['Grand Est'],COM,{51},{44}
bfcdf278-d2f1-4108-b4f5-a0826832cbb6,215001652,Commune de Donville-les-Bains (50),false,{50165},Commune,2026-03-24 14:42:01.412377+01,gold_establishments_2025,,,,21500165200019,2025,Collectivité Territoriale,Commune,['Manche'],['Normandie'],COM,{50},{28}
877215a3-bc07-4cb5-9b9a-c5d21623323b,213301526,Commune de Donzac (33),false,{33152},Commune,2026-03-24 14:41:58.620411+01,gold_establishments_2025,,,,21330152600017,2025,Collectivité Territoriale,Commune,['Gironde'],['Nouvelle-Aquitaine'],COM,{33},{75}
21c50217-53a9-420b-b7f2-247dade3ef19,218200491,Commune de Donzac (82),false,{82049},Commune,2026-03-24 14:42:10.508772+01,gold_establishments_2025,,,,21820049100015,2025,Collectivité Territoriale,Commune,['Tarn-et-Garonne'],['Occitanie'],COM,{82},{76}
e1d1534c-5929-44bd-bd52-8bb30f424276,214000903,Commune de Donzacq (40),false,{40090},Commune,2026-03-24 14:41:59.705606+01,gold_establishments_2025,,,,21400090300010,2025,Collectivité Territoriale,Commune,['Landes'],['Nouvelle-Aquitaine'],COM,{40},{75}
3360a00f-b870-4178-aa9d-47281d4b7f94,211907209,Commune de Donzenac (19),false,{19072},Commune,2026-03-24 14:41:54.903238+01,gold_establishments_2025,,,,21190720900012,2025,Collectivité Territoriale,Commune,['Corrèze'],['Nouvelle-Aquitaine'],COM,{19},{75}
20ea5497-ba4e-4366-b67d-e379c6f7c996,215801028,Commune de Donzy (58),false,{58102},Commune,2026-03-24 14:42:04.280096+01,gold_establishments_2025,,,,21580102800014,2025,Collectivité Territoriale,Commune,['Nièvre'],['Bourgogne-Franche-Comté'],COM,{58},{27}
2ef0f5df-731f-4544-b669-422eabfcfc93,217101815,Commune de Donzy-le-Pertuis (71),false,{71181},Commune,2026-03-24 14:42:07.735343+01,gold_establishments_2025,,,,21710181500017,2025,Collectivité Territoriale,Commune,['Saône-et-Loire'],['Bourgogne-Franche-Comté'],COM,{71},{27}
35858b58-a1a1-4425-ac42-44e88a4c26c3,212601165,Commune de Donzère (26),false,{26116},Commune,2026-03-24 14:41:56.495197+01,gold_establishments_2025,,,,21260116500013,2025,Collectivité Territoriale,Commune,['Drôme'],['Auvergne-Rhône-Alpes'],COM,{26},{84}
cdc8d11c-4abd-4db3-978f-31b89668da45,216301374,Commune de Doranges (63),false,{63137},Commune,2026-03-24 14:42:06.130387+01,gold_establishments_2025,,,,21630137400015,2025,Collectivité Territoriale,Commune,['Puy-de-Dôme'],['Auvergne-Rhône-Alpes'],COM,{63},{84}
fdea7697-0d6c-486c-add6-5b552235a07a,219000353,Commune de Dorans (90),false,{90035},Commune,2026-03-24 14:42:11.659493+01,gold_establishments_2025,,,,21900035300017,2025,Collectivité Territoriale,Commune,['Territoire de Belfort'],['Bourgogne-Franche-Comté'],COM,{90},{27}
66b5ed83-d433-4e5a-879d-d4bc8f405342,216301382,Commune de Dorat (63),false,{63138},Commune,2026-03-24 14:42:06.130387+01,gold_establishments_2025,,,,21630138200018,2025,Collectivité Territoriale,Commune,['Puy-de-Dôme'],['Auvergne-Rhône-Alpes'],COM,{63},{84}
7a3c04af-69cb-4e3e-a2f1-abea398bf302,214501272,Commune de Dordives (45),false,{45127},Commune,2026-03-24 14:42:00.862623+01,gold_establishments_2025,,,,21450127200014,2025,Collectivité Territoriale,Commune,['Loiret'],['Centre-Val de Loire'],COM,{45},{24}
f8a137ba-e084-4d34-b463-b278fdbb5149,216301390,Commune de Dore-l'Église (63),false,{63139},Commune,2026-03-24 14:42:06.130387+01,gold_establishments_2025,,,,21630139000011,2025,Collectivité Territoriale,Commune,['Puy-de-Dôme'],['Auvergne-Rhône-Alpes'],COM,{63},{84}
f2d3d79b-a76a-4827-aadd-944999b43bf9,210202537,Commune de Dorengt (02),false,{02269},Commune,2026-03-24 14:41:52.020251+01,gold_establishments_2025,,,,21020253700010,2025,Collectivité Territoriale,Commune,['Aisne'],['Hauts-de-France'],COM,{02},{32}
2e44d9ce-7228-4970-b5b0-cd9d26b3d992,216701011,Commune de Dorlisheim (67),false,{67101},Commune,2026-03-24 14:42:07.195692+01,gold_establishments_2025,,,,21670101100019,2025,Collectivité Territoriale,Commune,['Bas-Rhin'],['Grand Est'],COM,{67},{44}
f8ef46d1-6d02-4a00-b6d8-09ad1386a7ce,215102013,Commune de Dormans (51),false,{51217},Commune,2026-03-24 14:42:01.954481+01,gold_establishments_2025,,,,21510201300012,2025,Collectivité Territoriale,Commune,['Marne'],['Grand Est'],COM,{51},{44}
b2a1b5e5-03fd-4632-a082-768223d03f37,217701614,Commune de Dormelles (77),false,{77161},Commune,2026-03-24 14:42:09.43682+01,gold_establishments_2025,,,,21770161400018,2025,Collectivité Territoriale,Commune,['Seine-et-Marne'],['Île-de-France'],COM,{77},{11}
be087e55-0c41-4cd4-ae67-f1e65d63bc5c,210700829,Commune de Dornas (07),false,{07082},Commune,2026-03-24 14:41:52.562531+01,gold_establishments_2025,,,,21070082900018,2025,Collectivité Territoriale,Commune,['Ardèche'],['Auvergne-Rhône-Alpes'],COM,{07},{84}
cc3a982b-92ae-4cc5-ab33-8915e3859655,215801036,Commune de Dornecy (58),false,{58103},Commune,2026-03-24 14:42:04.280096+01,gold_establishments_2025,,,,21580103600017,2025,Collectivité Territoriale,Commune,['Nièvre'],['Bourgogne-Franche-Comté'],COM,{58},{27}
e3943088-3786-400e-a9a9-7791d9dad4a9,215801044,Commune de Dornes (58),false,{58104},Commune,2026-03-24 14:42:04.280096+01,gold_establishments_2025,,,,21580104400011,2025,Collectivité Territoriale,Commune,['Nièvre'],['Bourgogne-Franche-Comté'],COM,{58},{27}
fcad6223-cd65-4bcd-ace0-6fda9eb5beec,216600627,Commune de Dorres (66),false,{66062},Commune,2026-03-24 14:42:06.665412+01,gold_establishments_2025,,,,21660062700014,2025,Collectivité Territoriale,Commune,['Pyrénées-Orientales'],['Occitanie'],COM,{66},{76}
8b00bc3b-7db3-4446-be18-c14b48367ff0,210101481,Commune de Dortan (01),false,{01148},Commune,2026-03-24 14:41:51.447482+01,gold_establishments_2025,,,,21010148100013,2025,Collectivité Territoriale,Commune,['Ain'],['Auvergne-Rhône-Alpes'],COM,{01},{84}
8e05a3e7-3c0b-4d4b-97a5-839d3eff325b,211001235,Commune de Dosches (10),false,{10129},Commune,2026-03-24 14:41:53.095366+01,gold_establishments_2025,,,,21100123500012,2025,Collectivité Territoriale,Commune,['Aube'],['Grand Est'],COM,{10},{44}
965c09ee-e945-4f31-b4bd-78da5b732809,211001243,Commune de Dosnon (10),false,{10130},Commune,2026-03-24 14:41:53.095366+01,gold_establishments_2025,,,,21100124300016,2025,Collectivité Territoriale,Commune,['Aube'],['Grand Est'],COM,{10},{44}
c8214791-d899-47ed-ac5f-847656137568,216701029,Commune de Dossenheim-Kochersberg (67),false,{67102},Commune,2026-03-24 14:42:07.195692+01,gold_establishments_2025,,,,21670102900011,2025,Collectivité Territoriale,Commune,['Bas-Rhin'],['Grand Est'],COM,{67},{44}
905ca8f4-616c-4af0-accb-09a16254e742,216701037,Commune de Dossenheim-sur-Zinsel (67),false,{67103},Commune,2026-03-24 14:42:07.195692+01,gold_establishments_2025,,,,21670103700014,2025,Collectivité Territoriale,Commune,['Bas-Rhin'],['Grand Est'],COM,{67},{44}
5dee7e98-3d30-4ea0-9b84-55030f1a7ed7,213600661,Commune de Douadic (36),false,{36066},Commune,2026-03-24 14:41:59.160244+01,gold_establishments_2025,,,,21360066100010,2025,Collectivité Territoriale,Commune,['Indre'],['Centre-Val de Loire'],COM,{36},{24}
87c98d6f-88cd-4a48-a807-e26ce36f11da,215901786,Commune de Douai (59),false,{59178},Commune,2026-03-24 14:42:04.280096+01,gold_establishments_2025,,,,21590178600016,2025,Collectivité Territoriale,Commune,['Nord'],['Hauts-de-France'],COM,{59},{32}
7e3f6956-015a-422c-a94c-57b004dbf7cc,212702039,Commune de Douains (27),false,{27203},Commune,2026-03-24 14:41:57.028721+01,gold_establishments_2025,,,,21270203900018,2025,Collectivité Territoriale,Commune,['Eure'],['Normandie'],COM,{27},{28}
a0590c03-e540-4244-9b05-69423dbb544c,212900468,Commune de Douarnenez (29),false,{29046},Commune,2026-03-24 14:41:57.028721+01,gold_establishments_2025,,,,21290046800019,2025,Collectivité Territoriale,Commune,['Finistère'],['Bretagne'],COM,{29},{53}
82776cc7-e6e4-4e26-b294-17695978ba50,200086445,Commune de Douaumont-Vaux (55),false,{55537},Commune,2026-03-24 14:42:03.701372+01,gold_establishments_2025,,,,20008644500018,2025,Collectivité Territoriale,Commune,['Meuse'],['Grand Est'],COM,{55},{44}
cccb98e5-e2cf-4aeb-828a-f896b054d76c,212502041,Commune de Doubs (25),false,{25204},Commune,2026-03-24 14:41:56.495197+01,gold_establishments_2025,,,,21250204100016,2025,Collectivité Territoriale,Commune,['Doubs'],['Bourgogne-Franche-Comté'],COM,{25},{27}
d4ec2418-be0b-463e-9a6b-790eb5b5ad42,217201201,Commune de Doucelles (72),false,{72120},Commune,2026-03-24 14:42:08.279287+01,gold_establishments_2025,,,,21720120100035,2025,Collectivité Territoriale,Commune,['Sarthe'],['Pays de la Loire'],COM,{72},{52}
4502d1d1-5f6e-427a-9cd0-5ab469908945,212401541,Commune de Douchapt (24),false,{24154},Commune,2026-03-24 14:41:55.958138+01,gold_establishments_2025,,,,21240154100017,2025,Collectivité Territoriale,Commune,['Dordogne'],['Nouvelle-Aquitaine'],COM,{24},{75}
9a8538a9-635f-40f4-8791-50eea2c54f51,210202545,Commune de Douchy (02),false,{02270},Commune,2026-03-24 14:41:52.020251+01,gold_establishments_2025,,,,21020254500013,2025,Collectivité Territoriale,Commune,['Aisne'],['Hauts-de-France'],COM,{02},{32}
5b337302-2a76-46c3-b875-6a4be04625d0,200056794,Commune de Douchy-Montcorbon (45),false,{45129},Commune,2026-03-24 14:42:00.862623+01,gold_establishments_2025,,,,20005679400015,2025,Collectivité Territoriale,Commune,['Loiret'],['Centre-Val de Loire'],COM,{45},{24}
f268e014-0545-4734-b6ed-b746b02b7bba,215901794,Commune de Douchy-les-Mines (59),false,{59179},Commune,2026-03-24 14:42:04.280096+01,gold_establishments_2025,,,,21590179400010,2025,Collectivité Territoriale,Commune,['Nord'],['Hauts-de-France'],COM,{59},{32}
ffed6647-f6f7-4f92-8484-a0ef1204a63c,216202721,Commune de Douchy-lès-Ayette (62),false,{62272},Commune,2026-03-24 14:42:05.597325+01,gold_establishments_2025,,,,21620272100017,2025,Collectivité Territoriale,Commune,['Pas-de-Calais'],['Hauts-de-France'],COM,{62},{32}
d3f3e1be-867c-4d23-ac09-806e7e39cc29,213902018,Commune de Doucier (39),false,{39201},Commune,2026-03-24 14:41:59.705606+01,gold_establishments_2025,,,,21390201800018,2025,Collectivité Territoriale,Commune,['Jura'],['Bourgogne-Franche-Comté'],COM,{39},{27}
6852ca33-e925-48a7-ad80-d8d590b728f7,217301019,Commune de Doucy-en-Bauges (73),false,{73101},Commune,2026-03-24 14:42:08.279287+01,gold_establishments_2025,,,,21730101900014,2025,Collectivité Territoriale,Commune,['Savoie'],['Auvergne-Rhône-Alpes'],COM,{73},{84}
89552b07-1aef-47db-8593-9f3e2423855d,216202739,Commune de Doudeauville (62),false,{62273},Commune,2026-03-24 14:42:05.597325+01,gold_establishments_2025,,,,21620273900035,2025,Collectivité Territoriale,Commune,['Pas-de-Calais'],['Hauts-de-France'],COM,{62},{32}
00a44d8c-e44c-48be-ad7d-743cde74ec43,217602184,Commune de Doudeauville (76),false,{76218},Commune,2026-03-24 14:42:08.818969+01,gold_establishments_2025,,,,21760218400012,2025,Collectivité Territoriale,Commune,['Seine-Maritime'],['Normandie'],COM,{76},{28}
43b62123-d5d0-477b-b409-e8ebf9d585bd,212702047,Commune de Doudeauville-en-Vexin (27),false,{27204},Commune,2026-03-24 14:41:57.028721+01,gold_establishments_2025,,,,21270204700011,2025,Collectivité Territoriale,Commune,['Eure'],['Normandie'],COM,{27},{28}
4ec75558-50e5-404f-afec-57b54de6e8e8,218002434,Commune de Doudelainville (80),false,{80251},Commune,2026-03-24 14:42:09.967209+01,gold_establishments_2025,,,,21800243400015,2025,Collectivité Territoriale,Commune,['Somme'],['Hauts-de-France'],COM,{80},{32}
bb65d84c-b951-44f7-b4ee-29342a4fc834,217602192,Commune de Doudeville (76),false,{76219},Commune,2026-03-24 14:42:08.818969+01,gold_establishments_2025,,,,21760219200015,2025,Collectivité Territoriale,Commune,['Seine-Maritime'],['Normandie'],COM,{76},{28}
8a5e2e51-8cee-462d-9098-9fc5ab1bb92d,214700833,Commune de Doudrac (47),false,{47083},Commune,2026-03-24 14:42:00.862623+01,gold_establishments_2025,,,,21470083300012,2025,Collectivité Territoriale,Commune,['Lot-et-Garonne'],['Nouvelle-Aquitaine'],COM,{47},{75}
4c92e1e5-8180-46df-94dc-a536c24af302,217701622,Commune de Doue (77),false,{77162},Commune,2026-03-24 14:42:09.43682+01,gold_establishments_2025,,,,21770162200011,2025,Collectivité Territoriale,Commune,['Seine-et-Marne'],['Île-de-France'],COM,{77},{11}
4213e2fd-a878-4bbc-875d-ae79837a0d37,214600884,Commune de Douelle (46),false,{46088},Commune,2026-03-24 14:42:00.862623+01,gold_establishments_2025,,,,21460088400016,2025,Collectivité Territoriale,Commune,['Lot'],['Occitanie'],COM,{46},{76}
d88a09f1-8438-4efb-865f-6a9552da7e48,217201219,Commune de Douillet (72),false,{72121},Commune,2026-03-24 14:42:08.279287+01,gold_establishments_2025,,,,21720121900011,2025,Collectivité Territoriale,Commune,['Sarthe'],['Pays de la Loire'],COM,{72},{52}
7d082492-c655-4c98-a0a2-d05330da25bb,218002442,Commune de Douilly (80),false,{80252},Commune,2026-03-24 14:42:09.967209+01,gold_establishments_2025,,,,21800244200018,2025,Collectivité Territoriale,Commune,['Somme'],['Hauts-de-France'],COM,{80},{32}
a55ddd8b-9286-4790-a4e6-1b539184caf6,215201252,Commune de Doulaincourt-Saucourt (52),false,{52177},Commune,2026-03-24 14:42:01.954481+01,gold_establishments_2025,,,,21520125200016,2025,Collectivité Territoriale,Commune,['Haute-Marne'],['Grand Est'],COM,{52},{44}
97bda21f-59d7-416c-9ae4-580f90b58470,215501651,Commune de Doulcon (55),false,{55165},Commune,2026-03-24 14:42:02.957225+01,gold_establishments_2025,,,,21550165100016,2025,Collectivité Territoriale,Commune,['Meuse'],['Grand Est'],COM,{55},{44}
246c86ac-1e91-432e-b591-1befe1b8d7f0,215201260,Commune de Doulevant-le-Château (52),false,{52178},Commune,2026-03-24 14:42:01.954481+01,gold_establishments_2025,,,,21520126000019,2025,Collectivité Territoriale,Commune,['Haute-Marne'],['Grand Est'],COM,{52},{44}
b8a730d7-a54e-41c1-b836-bf656b36a92b,215201278,Commune de Doulevant-le-Petit (52),false,{52179},Commune,2026-03-24 14:42:01.954481+01,gold_establishments_2025,,,,21520127800029,2025,Collectivité Territoriale,Commune,['Haute-Marne'],['Grand Est'],COM,{52},{44}
1dded46f-7043-4e2a-92fe-42c50e17527d,213301534,Commune de Doulezon (33),false,{33153},Commune,2026-03-24 14:41:58.620411+01,gold_establishments_2025,,,,21330153400011,2025,Collectivité Territoriale,Commune,['Gironde'],['Nouvelle-Aquitaine'],COM,{33},{75}
df173abf-5d43-49a8-ad18-be40e269f172,218002459,Commune de Doullens (80),false,{80253},Commune,2026-03-24 14:42:09.967209+01,gold_establishments_2025,,,,21800245900012,2025,Collectivité Territoriale,Commune,['Somme'],['Hauts-de-France'],COM,{80},{32}
e35a06c2-74a2-470d-9d34-f7331e8c9673,210801296,Commune de Doumely-Bégny (08),false,{08143},Commune,2026-03-24 14:41:52.562531+01,gold_establishments_2025,,,,21080129600018,2025,Collectivité Territoriale,Commune,['Ardennes'],['Grand Est'],COM,{08},{44}
43c5556f-3fe6-49b6-bd07-0fcf1405aa33,216402032,Commune de Doumy (64),false,{64203},Commune,2026-03-24 14:42:06.130387+01,gold_establishments_2025,,,,21640203200017,2025,Collectivité Territoriale,Commune,['Pyrénées-Atlantiques'],['Nouvelle-Aquitaine'],COM,{64},{75}
6def679f-808d-4a6e-bed0-f4f726b04e69,218801579,Commune de Dounoux (88),false,{88157},Commune,2026-03-24 14:42:11.118516+01,gold_establishments_2025,,,,21880157900010,2025,Collectivité Territoriale,Commune,['Vosges'],['Grand Est'],COM,{88},{44}
7b9ddb8a-be32-4592-b4fd-02d11594003d,213001050,Commune de Dourbies (30),false,{30105},Commune,2026-03-24 14:41:57.56054+01,gold_establishments_2025,,,,21300105000011,2025,Collectivité Territoriale,Commune,['Gard'],['Occitanie'],COM,{30},{76}
cbb38458-94de-4bbe-a466-e2c8bed7c112,213501018,Commune de Dourdain (35),false,{35101},Commune,2026-03-24 14:41:58.620411+01,gold_establishments_2025,,,,21350101800013,2025,Collectivité Territoriale,Commune,['Ille-et-Vilaine'],['Bretagne'],COM,{35},{53}
01fb2ec0-dbf4-4649-b28b-def1638123d2,219102001,Commune de Dourdan (91),false,{91200},Commune,2026-03-24 14:42:11.659493+01,gold_establishments_2025,,,,21910200100019,2025,Collectivité Territoriale,Commune,['Essonne'],['Île-de-France'],COM,{91},{11}
7bdad2ae-e62b-400c-862e-8426d9b24611,216202747,Commune de Dourges (62),false,{62274},Commune,2026-03-24 14:42:05.597325+01,gold_establishments_2025,,,,21620274700012,2025,Collectivité Territoriale,Commune,['Pas-de-Calais'],['Hauts-de-France'],COM,{62},{32}
343753d8-4273-471d-9850-ea17595e5aee,218100816,Commune de Dourgne (81),false,{81081},Commune,2026-03-24 14:42:09.967209+01,gold_establishments_2025,,,,21810081600014,2025,Collectivité Territoriale,Commune,['Tarn'],['Occitanie'],COM,{81},{76}
6c2614c1-cc18-4927-93d6-2de4911d0813,216202754,Commune de Douriez (62),false,{62275},Commune,2026-03-24 14:42:05.597325+01,gold_establishments_2025,,,,21620275400018,2025,Collectivité Territoriale,Commune,['Pas-de-Calais'],['Hauts-de-France'],COM,{62},{32}
1ce3644d-6950-47ea-93d0-123e11721694,215901810,Commune de Dourlers (59),false,{59181},Commune,2026-03-24 14:42:04.280096+01,gold_establishments_2025,,,,21590181000014,2025,Collectivité Territoriale,Commune,['Nord'],['Hauts-de-France'],COM,{59},{32}
ee02c52e-0a11-4871-8717-0bc9b2855b1d,218706000,Commune de Dournazac (87),false,{87060},Commune,2026-03-24 14:42:11.118516+01,gold_establishments_2025,,,,21870600000013,2025,Collectivité Territoriale,Commune,['Haute-Vienne'],['Nouvelle-Aquitaine'],COM,{87},{75}
ae027714-9e86-408d-8497-d6b5f14ec03f,213902026,Commune de Dournon (39),false,{39202},Commune,2026-03-24 14:41:59.705606+01,gold_establishments_2025,,,,21390202600011,2025,Collectivité Territoriale,Commune,['Jura'],['Bourgogne-Franche-Comté'],COM,{39},{27}
5d4fa767-a153-4a3c-a4ad-44088b35d816,216501569,Commune de Dours (65),false,{65156},Commune,2026-03-24 14:42:06.665412+01,gold_establishments_2025,,,,21650156900018,2025,Collectivité Territoriale,Commune,['Hautes-Pyrénées'],['Occitanie'],COM,{65},{76}
3126a831-fef6-444a-b9f4-900a1eed959d,217401041,Commune de Doussard (74),false,{74104},Commune,2026-03-24 14:42:08.279287+01,gold_establishments_2025,,,,21740104100017,2025,Collectivité Territoriale,Commune,['Haute-Savoie'],['Auvergne-Rhône-Alpes'],COM,{74},{84}
fbfd4aa3-0e14-46e0-80f5-8875d1fe74bd,218600963,Commune de Doussay (86),false,{86096},Commune,2026-03-24 14:42:10.508772+01,gold_establishments_2025,,,,21860096300019,2025,Collectivité Territoriale,Commune,['Vienne'],['Nouvelle-Aquitaine'],COM,{86},{75}
c4efe5f4-73e0-4916-ac15-a944dcbe50b6,217401058,Commune de Douvaine (74),false,{74105},Commune,2026-03-24 14:42:08.279287+01,gold_establishments_2025,,,,21740105800011,2025,Collectivité Territoriale,Commune,['Haute-Savoie'],['Auvergne-Rhône-Alpes'],COM,{74},{84}
76df983a-0eba-46d9-a9af-6c248a8fe7d3,212401558,Commune de Douville (24),false,{24155},Commune,2026-03-24 14:41:55.958138+01,gold_establishments_2025,,,,21240155800011,2025,Collectivité Territoriale,Commune,['Dordogne'],['Nouvelle-Aquitaine'],COM,{24},{75}
3f07fbc2-abb0-4795-a085-b49b8a7cf72d,211402276,Commune de Douville-en-Auge (14),false,{14227},Commune,2026-03-24 14:41:54.362296+01,gold_establishments_2025,,,,21140227600011,2025,Collectivité Territoriale,Commune,['Calvados'],['Normandie'],COM,{14},{28}
899c5577-354d-4619-8bac-8444063b04c8,212702054,Commune de Douville-sur-Andelle (27),false,{27205},Commune,2026-03-24 14:41:57.028721+01,gold_establishments_2025,,,,21270205400017,2025,Collectivité Territoriale,Commune,['Eure'],['Normandie'],COM,{27},{28}
0019613e-2595-493a-8d59-8a0aaf305653,217602200,Commune de Douvrend (76),false,{76220},Commune,2026-03-24 14:42:08.818969+01,gold_establishments_2025,,,,21760220000016,2025,Collectivité Territoriale,Commune,['Seine-Maritime'],['Normandie'],COM,{76},{28}
b6c53ebc-762d-4016-8814-b5f255e46cbe,210101499,Commune de Douvres (01),false,{01149},Commune,2026-03-24 14:41:51.447482+01,gold_establishments_2025,,,,21010149900049,2025,Collectivité Territoriale,Commune,['Ain'],['Auvergne-Rhône-Alpes'],COM,{01},{84}
99dabecc-f2e7-4bcd-9c3c-36444b357e33,211402284,Commune de Douvres-la-Délivrande (14),false,{14228},Commune,2026-03-24 14:41:54.362296+01,gold_establishments_2025,,,,21140228400015,2025,Collectivité Territoriale,Commune,['Calvados'],['Normandie'],COM,{14},{28}
fa95e690-3bad-4255-9f35-5c809fe57599,216202762,Commune de Douvrin (62),false,{62276},Commune,2026-03-24 14:42:05.597325+01,gold_establishments_2025,,,,21620276200011,2025,Collectivité Territoriale,Commune,['Pas-de-Calais'],['Hauts-de-France'],COM,{62},{32}
2573d04e-25b3-457e-90a9-d783eb2c6288,210801304,Commune de Doux (08),false,{08144},Commune,2026-03-24 14:41:52.562531+01,gold_establishments_2025,,,,21080130400010,2025,Collectivité Territoriale,Commune,['Ardennes'],['Grand Est'],COM,{08},{44}
9bab28eb-b192-4401-9b8c-508d01614934,217901081,Commune de Doux (79),false,{79108},Commune,2026-03-24 14:42:09.43682+01,gold_establishments_2025,,,,21790108100018,2025,Collectivité Territoriale,Commune,['Deux-Sèvres'],['Nouvelle-Aquitaine'],COM,{79},{75}
dfd11d63-a649-4b12-b983-f837a896f0d0,217701630,Commune de Douy-la-Ramée (77),false,{77163},Commune,2026-03-24 14:42:09.43682+01,gold_establishments_2025,,,,21770163000014,2025,Collectivité Territoriale,Commune,['Seine-et-Marne'],['Île-de-France'],COM,{77},{11}
4ac83ec0-4a0a-4ccf-a6ec-f7cb61140010,214700841,Commune de Douzains (47),false,{47084},Commune,2026-03-24 14:42:00.862623+01,gold_establishments_2025,,,,21470084100015,2025,Collectivité Territoriale,Commune,['Lot-et-Garonne'],['Nouvelle-Aquitaine'],COM,{47},{75}
90cd9122-a443-4e7a-a592-1eb9d56dba26,211601216,Commune de Douzat (16),false,{16121},Commune,2026-03-24 14:41:54.362296+01,gold_establishments_2025,,,,21160121600016,2025,Collectivité Territoriale,Commune,['Charente'],['Nouvelle-Aquitaine'],COM,{16},{75}
671cc63f-f83a-4275-a8ec-7b8e240fe378,211101225,Commune de Douzens (11),false,{11122},Commune,2026-03-24 14:41:53.63825+01,gold_establishments_2025,,,,21110122500012,2025,Collectivité Territoriale,Commune,['Aude'],['Occitanie'],COM,{11},{76}
c030e6d9-9e93-4f9e-b88d-2339fccb8deb,212401574,Commune de Douzillac (24),false,{24157},Commune,2026-03-24 14:41:55.958138+01,gold_establishments_2025,,,,21240157400018,2025,Collectivité Territoriale,Commune,['Dordogne'],['Nouvelle-Aquitaine'],COM,{24},{75}
15a7a49e-3edb-4829-99d8-a56f799fd246,200053437,Commune de Douzy (08),false,{08145},Commune,2026-03-24 14:41:52.562531+01,gold_establishments_2025,,,,20005343700014,2025,Collectivité Territoriale,Commune,['Ardennes'],['Grand Est'],COM,{08},{44}
ab0be20f-5d74-46fe-8f18-a84faf223968,200065225,Commune de Doué-en-Anjou (49),false,{49125},Commune,2026-03-24 14:42:01.412377+01,gold_establishments_2025,,,,20006522500019,2025,Collectivité Territoriale,Commune,['Maine-et-Loire'],['Pays de la Loire'],COM,{49},{52}
9f36b44b-b01e-4cdc-895e-b081c882ea68,215001660,Commune de Doville (50),false,{50166},Commune,2026-03-24 14:42:01.412377+01,gold_establishments_2025,,,,21500166000012,2025,Collectivité Territoriale,Commune,['Manche'],['Normandie'],COM,{50},{28}
6aac07ca-c5d5-4bc4-b3b5-0cee21356668,213902034,Commune de Doye (39),false,{39203},Commune,2026-03-24 14:41:59.705606+01,gold_establishments_2025,,,,21390203400015,2025,Collectivité Territoriale,Commune,['Jura'],['Bourgogne-Franche-Comté'],COM,{39},{27}
063ea638-ef34-455e-b3b9-0897967c0334,210301040,Commune de Doyet (03),false,{03104},Commune,2026-03-24 14:41:52.020251+01,gold_establishments_2025,,,,21030104000015,2025,Collectivité Territoriale,Commune,['Allier'],['Auvergne-Rhône-Alpes'],COM,{03},{84}
e31f19c9-0dec-4239-b9fc-5529273b39a8,211402292,Commune de Dozulé (14),false,{14229},Commune,2026-03-24 14:41:54.362296+01,gold_establishments_2025,,,,21140229200018,2025,Collectivité Territoriale,Commune,['Calvados'],['Normandie'],COM,{14},{28}
fcb8e4a7-9bc0-4394-ba43-22b85e964e21,216701045,Commune de Drachenbronn-Birlenbach (67),false,{67104},Commune,2026-03-24 14:42:07.195692+01,gold_establishments_2025,,,,21670104500017,2025,Collectivité Territoriale,Commune,['Bas-Rhin'],['Grand Est'],COM,{67},{44}
14e6d406-41e9-4764-b69b-a9ab9b501314,213700982,Commune de Draché (37),false,{37098},Commune,2026-03-24 14:41:59.160244+01,gold_establishments_2025,,,,21370098200019,2025,Collectivité Territoriale,Commune,['Indre-et-Loire'],['Centre-Val de Loire'],COM,{37},{24}
99411099-cd7d-407b-8ed6-da929744420c,218901478,Commune de Dracy (89),false,{89147},Commune,2026-03-24 14:42:11.118516+01,gold_establishments_2025,,,,21890147800014,2025,Collectivité Territoriale,Commune,['Yonne'],['Bourgogne-Franche-Comté'],COM,{89},{27}
7eb64471-937b-4ced-b60a-e078086bc4e3,217101849,Commune de Dracy-Saint-Loup (71),false,{71184},Commune,2026-03-24 14:42:07.735343+01,gold_establishments_2025,,,,21710184900016,2025,Collectivité Territoriale,Commune,['Saône-et-Loire'],['Bourgogne-Franche-Comté'],COM,{71},{27}
a0756c64-d4be-40b7-a426-3c97ad367c9e,217101823,Commune de Dracy-le-Fort (71),false,{71182},Commune,2026-03-24 14:42:07.735343+01,gold_establishments_2025,,,,21710182300011,2025,Collectivité Territoriale,Commune,['Saône-et-Loire'],['Bourgogne-Franche-Comté'],COM,{71},{27}
0c81be51-e546-4023-bfce-bdbdb09c4487,217101831,Commune de Dracy-lès-Couches (71),false,{71183},Commune,2026-03-24 14:42:07.735343+01,gold_establishments_2025,,,,21710183100014,2025,Collectivité Territoriale,Commune,['Saône-et-Loire'],['Bourgogne-Franche-Comté'],COM,{71},{27}
17f86fa8-89c4-4d15-ac2e-bac3ec10b65f,216900779,Commune de Dracé (69),false,{69077},Commune,2026-03-24 14:42:07.195692+01,gold_establishments_2025,,,,21690077900010,2025,Collectivité Territoriale,Commune,['Rhône'],['Auvergne-Rhône-Alpes'],COM,{69},{84}
2a4a7e63-36eb-4b95-822d-15170912997c,215001678,Commune de Dragey-Ronthon (50),false,{50167},Commune,2026-03-24 14:42:01.412377+01,gold_establishments_2025,,,,21500167800014,2025,Collectivité Territoriale,Commune,['Manche'],['Normandie'],COM,{50},{28}
ceb67df7-138f-489a-bee7-04c4d69961ab,218300507,Commune de Draguignan (83),false,{83050},Commune,2026-03-24 14:42:10.508772+01,gold_establishments_2025,,,,21830050700017,2025,Collectivité Territoriale,Commune,['Var'],"[""Provence-Alpes-Côte d'Azur""]",COM,{83},{93}
7926d007-3254-4546-a891-bc3a84e2b72a,217401066,Commune de Draillant (74),false,{74106},Commune,2026-03-24 14:42:08.279287+01,gold_establishments_2025,,,,21740106600014,2025,Collectivité Territoriale,Commune,['Haute-Savoie'],['Auvergne-Rhône-Alpes'],COM,{74},{84}
633d36f5-6752-40f4-a695-7419a4d3afa2,210400727,Commune de Draix (04),false,{04072},Commune,2026-03-24 14:41:52.020251+01,gold_establishments_2025,,,,21040072700017,2025,Collectivité Territoriale,Commune,['Alpes-de-Haute-Provence'],"[""Provence-Alpes-Côte d'Azur""]",COM,{04},{93}
2e3623ec-0c99-42e2-bf8d-cb653046d511,210801320,Commune de Draize (08),false,{08146},Commune,2026-03-24 14:41:52.562531+01,gold_establishments_2025,,,,21080132000016,2025,Collectivité Territoriale,Commune,['Ardennes'],['Grand Est'],COM,{08},{44}
b7520e8a-fa5d-4e3c-8e0b-ffa237e52009,212102339,Commune de Drambon (21),false,{21233},Commune,2026-03-24 14:41:55.433389+01,gold_establishments_2025,,,,21210233900018,2025,Collectivité Territoriale,Commune,"[""Côte-d'Or""]",['Bourgogne-Franche-Comté'],COM,{21},{27}
3b3ae2cb-d5cb-4e5a-b375-95acf7a7ea38,213902042,Commune de Dramelay (39),false,{39204},Commune,2026-03-24 14:41:59.705606+01,gold_establishments_2025,,,,21390204200018,2025,Collectivité Territoriale,Commune,['Jura'],['Bourgogne-Franche-Comté'],COM,{39},{27}
00e3281d-bae6-41d3-a672-e031081f8af8,219300290,Commune de Drancy (93),false,{93029},Commune,2026-03-24 14:42:11.659493+01,gold_establishments_2025,,,,21930029000018,2025,Collectivité Territoriale,Commune,['Seine-Saint-Denis'],['Île-de-France'],COM,{93},{11}
77290fd2-2e75-4cfe-ab17-9ac519dd11d5,210600540,Commune de Drap (06),false,{06054},Commune,2026-03-24 14:41:52.562531+01,gold_establishments_2025,,,,21060054000012,2025,Collectivité Territoriale,Commune,['Alpes-Maritimes'],"[""Provence-Alpes-Côte d'Azur""]",COM,{06},{93}
cec2219e-a1ce-4243-b87c-43b3627f2a7f,210202552,Commune de Dravegny (02),false,{02271},Commune,2026-03-24 14:41:52.020251+01,gold_establishments_2025,,,,21020255200019,2025,Collectivité Territoriale,Commune,['Aisne'],['Hauts-de-France'],COM,{02},{32}
50d5b20e-39c4-4d40-affe-fc09e7892327,219102019,Commune de Draveil (91),false,{91201},Commune,2026-03-24 14:42:11.659493+01,gold_establishments_2025,,,,21910201900011,2025,Collectivité Territoriale,Commune,['Essonne'],['Île-de-France'],COM,{91},{11}
aca08925-05f3-4867-8445-ad0b0137f294,214400533,Commune de Drefféac (44),false,{44053},Commune,2026-03-24 14:42:00.273698+01,gold_establishments_2025,,,,21440053300011,2025,Collectivité Territoriale,Commune,['Loire-Atlantique'],['Pays de la Loire'],COM,{44},{52}
4141223a-bf34-41bf-a636-3eaa07103ffe,218002467,Commune de Dreuil-lès-Amiens (80),false,{80256},Commune,2026-03-24 14:42:09.967209+01,gold_establishments_2025,,,,21800246700015,2025,Collectivité Territoriale,Commune,['Somme'],['Hauts-de-France'],COM,{80},{32}
e9441909-8c37-4d31-9e50-1e7f8976a70e,210901062,Commune de Dreuilhe (09),false,{09106},Commune,2026-03-24 14:41:53.095366+01,gold_establishments_2025,,,,21090106200013,2025,Collectivité Territoriale,Commune,['Ariège'],['Occitanie'],COM,{09},{76}
62fd47cb-8564-4c8d-91ee-ede8e63cdd1d,212801344,Commune de Dreux (28),false,{28134},Commune,2026-03-24 14:41:57.028721+01,gold_establishments_2025,,,,21280134400012,2025,Collectivité Territoriale,Commune,['Eure-et-Loir'],['Centre-Val de Loire'],COM,{28},{24}
fe6411de-15d8-4dcd-b32e-159386475afd,211800867,Commune de Drevant (18),false,{18086},Commune,2026-03-24 14:41:54.903238+01,gold_establishments_2025,,,,21180086700015,2025,Collectivité Territoriale,Commune,['Cher'],['Centre-Val de Loire'],COM,{18},{24}
4d00fad0-e525-46d1-a776-5e969b87561e,210801338,Commune de Dricourt (08),false,{08147},Commune,2026-03-24 14:41:52.562531+01,gold_establishments_2025,,,,21080133800018,2025,Collectivité Territoriale,Commune,['Ardennes'],['Grand Est'],COM,{08},{44}
b2d27207-25da-4da5-a61e-86c1646e60b5,218002475,Commune de Driencourt (80),false,{80258},Commune,2026-03-24 14:42:09.967209+01,gold_establishments_2025,,,,21800247500018,2025,Collectivité Territoriale,Commune,['Somme'],['Hauts-de-France'],COM,{80},{32}
d3797748-19d9-4b0e-ae36-fb89e8b512a1,215901828,Commune de Drincham (59),false,{59182},Commune,2026-03-24 14:42:04.280096+01,gold_establishments_2025,,,,21590182800032,2025,Collectivité Territoriale,Commune,['Nord'],['Hauts-de-France'],COM,{59},{32}
6e6066a9-47ea-4315-bc7f-72782ec89337,216202770,Commune de Drocourt (62),false,{62277},Commune,2026-03-24 14:42:05.597325+01,gold_establishments_2025,,,,21620277000014,2025,Collectivité Territoriale,Commune,['Pas-de-Calais'],['Hauts-de-France'],COM,{62},{32}
afa4a8af-a4d3-41ca-b7d7-36f9849adbfd,217802024,Commune de Drocourt (78),false,{78202},Commune,2026-03-24 14:42:09.43682+01,gold_establishments_2025,,,,21780202400018,2025,Collectivité Territoriale,Commune,['Yvelines'],['Île-de-France'],COM,{78},{11}
acf45da8-08b9-4734-9105-4c2fc96f82c2,212702062,Commune de Droisy (27),false,{27206},Commune,2026-03-24 14:41:57.028721+01,gold_establishments_2025,,,,21270206200010,2025,Collectivité Territoriale,Commune,['Eure'],['Normandie'],COM,{27},{28}
3591cebe-b87a-400e-b185-31e0703f01ff,217401074,Commune de Droisy (74),false,{74107},Commune,2026-03-24 14:42:08.279287+01,gold_establishments_2025,,,,21740107400018,2025,Collectivité Territoriale,Commune,['Haute-Savoie'],['Auvergne-Rhône-Alpes'],COM,{74},{84}
5c9c6de6-0518-4f9d-92dd-ec274498e2a0,210301057,Commune de Droiturier (03),false,{03105},Commune,2026-03-24 14:41:52.020251+01,gold_establishments_2025,,,,21030105700019,2025,Collectivité Territoriale,Commune,['Allier'],['Auvergne-Rhône-Alpes'],COM,{03},{84}
a3504cac-6f6d-40d4-823f-a3f46d49197e,210202560,Commune de Droizy (02),false,{02272},Commune,2026-03-24 14:41:52.020251+01,gold_establishments_2025,,,,21020256000012,2025,Collectivité Territoriale,Commune,['Aisne'],['Hauts-de-France'],COM,{02},{32}
f393dfa1-00a0-4696-9c3b-27b3e7ef6b71,210101507,Commune de Drom (01),false,{01150},Commune,2026-03-24 14:41:51.447482+01,gold_establishments_2025,,,,21010150700015,2025,Collectivité Territoriale,Commune,['Ain'],['Auvergne-Rhône-Alpes'],COM,{01},{84}
d68c1c8d-bf4a-45b9-94f9-75238336b5e4,218002483,Commune de Dromesnil (80),false,{80259},Commune,2026-03-24 14:42:09.967209+01,gold_establishments_2025,,,,21800248300012,2025,Collectivité Territoriale,Commune,['Somme'],['Hauts-de-France'],COM,{80},{32}
24b0418e-f84d-4a68-a5b6-e6a4976d0f90,217602218,Commune de Drosay (76),false,{76221},Commune,2026-03-24 14:42:08.818969+01,gold_establishments_2025,,,,21760221800018,2025,Collectivité Territoriale,Commune,['Seine-Maritime'],['Normandie'],COM,{76},{28}
e1ab7768-9b17-456a-873d-569fd9e40473,215102039,Commune de Drosnay (51),false,{51219},Commune,2026-03-24 14:42:01.954481+01,gold_establishments_2025,,,,21510203900017,2025,Collectivité Territoriale,Commune,['Marne'],['Grand Est'],COM,{51},{44}
9892a7f0-9752-4035-8d0a-09ba5a940f0f,212801351,Commune de Droue-sur-Drouette (28),false,{28135},Commune,2026-03-24 14:41:57.028721+01,gold_establishments_2025,,,,21280135100017,2025,Collectivité Territoriale,Commune,['Eure-et-Loir'],['Centre-Val de Loire'],COM,{28},{24}
f404c942-3991-49ba-8961-c90026b2a8e9,213501026,Commune de Drouges (35),false,{35102},Commune,2026-03-24 14:41:58.620411+01,gold_establishments_2025,,,,21350102600016,2025,Collectivité Territoriale,Commune,['Ille-et-Vilaine'],['Bretagne'],COM,{35},{53}
0233aaca-1a1f-4e8f-9557-9f91dd66b7b7,215102047,Commune de Drouilly (51),false,{51220},Commune,2026-03-24 14:42:01.954481+01,gold_establishments_2025,,,,21510204700010,2025,Collectivité Territoriale,Commune,['Marne'],['Grand Est'],COM,{51},{44}
c5a61eb2-283d-4404-8149-0b1c4b5c7c3f,211001250,Commune de Droupt-Saint-Basle (10),false,{10131},Commune,2026-03-24 14:41:53.095366+01,gold_establishments_2025,,,,21100125000011,2025,Collectivité Territoriale,Commune,['Aube'],['Grand Est'],COM,{10},{44}
b9c94342-b312-46f3-801d-bb0d9d270b93,211001268,Commune de Droupt-Sainte-Marie (10),false,{10132},Commune,2026-03-24 14:41:53.095366+01,gold_establishments_2025,,,,21100126800013,2025,Collectivité Territoriale,Commune,['Aube'],['Grand Est'],COM,{10},{44}
2ae86d84-59cf-480a-b43c-26189214fe8e,215401738,Commune de Drouville (54),false,{54173},Commune,2026-03-24 14:42:02.957225+01,gold_establishments_2025,,,,21540173800012,2025,Collectivité Territoriale,Commune,['Meurthe-et-Moselle'],['Grand Est'],COM,{54},{44}
5edc992e-345d-4800-9e3d-a13614e4b4c4,216202788,Commune de Drouvin-le-Marais (62),false,{62278},Commune,2026-03-24 14:42:05.597325+01,gold_establishments_2025,,,,21620278800016,2025,Collectivité Territoriale,Commune,['Pas-de-Calais'],['Hauts-de-France'],COM,{62},{32}
54f8c8a5-0e22-4b20-8133-c566a4d32b4d,218706109,Commune de Droux (87),false,{87061},Commune,2026-03-24 14:42:11.118516+01,gold_establishments_2025,,,,21870610900012,2025,Collectivité Territoriale,Commune,['Haute-Vienne'],['Nouvelle-Aquitaine'],COM,{87},{75}
5b289af6-3512-40bf-af40-01bff93e5404,214100752,Commune de Droué (41),false,{41075},Commune,2026-03-24 14:42:00.273698+01,gold_establishments_2025,,,,21410075200010,2025,Collectivité Territoriale,Commune,['Loir-et-Cher'],['Centre-Val de Loire'],COM,{41},{24}
69df7c2b-d57d-4c07-9e2e-0ac6acfb8173,211402300,Commune de Drubec (14),false,{14230},Commune,2026-03-24 14:41:54.362296+01,gold_establishments_2025,,,,21140230000019,2025,Collectivité Territoriale,Commune,['Calvados'],['Normandie'],COM,{14},{28}
021b8c8e-aa4b-4160-bd48-12ca4210dc20,218002491,Commune de Drucat (80),false,{80260},Commune,2026-03-24 14:42:09.967209+01,gold_establishments_2025,,,,21800249100015,2025,Collectivité Territoriale,Commune,['Somme'],['Hauts-de-France'],COM,{80},{32}
55c4a8a7-228a-4611-b9cf-b1a7d9f01bd0,212702070,Commune de Drucourt (27),false,{27207},Commune,2026-03-24 14:41:57.028721+01,gold_establishments_2025,,,,21270207000013,2025,Collectivité Territoriale,Commune,['Eure'],['Normandie'],COM,{27},{28}
228811c4-dea0-4d83-afb7-ac95057fe2d0,213101645,Commune de Drudas (31),false,{31164},Commune,2026-03-24 14:41:57.56054+01,gold_establishments_2025,,,,21310164500017,2025,Collectivité Territoriale,Commune,['Haute-Garonne'],['Occitanie'],COM,{31},{76}
fccd21ec-93a3-4ae0-a13c-4bc826ef5f9b,200064665,Commune de Druelle Balsac (12),false,{12090},Commune,2026-03-24 14:41:53.63825+01,gold_establishments_2025,,,,20006466500017,2025,Collectivité Territoriale,Commune,['Aveyron'],['Occitanie'],COM,{12},{76}
979abd86-e257-4e5a-ac97-210d52d30651,211500632,Commune de Drugeac (15),false,{15063},Commune,2026-03-24 14:41:54.362296+01,gold_establishments_2025,,,,21150063200016,2025,Collectivité Territoriale,Commune,['Cantal'],['Auvergne-Rhône-Alpes'],COM,{15},{84}
a63f11c5-5be2-4bca-b31d-16c919d7ed52,210101515,Commune de Druillat (01),false,{01151},Commune,2026-03-24 14:41:51.447482+01,gold_establishments_2025,,,,21010151500018,2025,Collectivité Territoriale,Commune,['Ain'],['Auvergne-Rhône-Alpes'],COM,{01},{84}
45546de8-96f0-49b8-9699-1512847b5e99,211200910,Commune de Drulhe (12),false,{12091},Commune,2026-03-24 14:41:53.63825+01,gold_establishments_2025,,,,21120091000019,2025,Collectivité Territoriale,Commune,['Aveyron'],['Occitanie'],COM,{12},{76}
a02cfcec-d2e6-4bff-8a06-f0884e548a37,216701052,Commune de Drulingen (67),false,{67105},Commune,2026-03-24 14:42:07.195692+01,gold_establishments_2025,,,,21670105200096,2025,Collectivité Territoriale,Commune,['Bas-Rhin'],['Grand Est'],COM,{67},{44}
78692d1f-0711-4c60-b6ef-3bde634d8260,217301035,Commune de Drumettaz-Clarafond (73),false,{73103},Commune,2026-03-24 14:42:08.279287+01,gold_establishments_2025,,,,21730103500010,2025,Collectivité Territoriale,Commune,['Savoie'],['Auvergne-Rhône-Alpes'],COM,{73},{84}
1ed5eaf0-f788-4f9e-ae0a-98be6746d447,216701060,Commune de Drusenheim (67),false,{67106},Commune,2026-03-24 14:42:07.195692+01,gold_establishments_2025,,,,21670106000016,2025,Collectivité Territoriale,Commune,['Bas-Rhin'],['Grand Est'],COM,{67},{44}
e2c25d2a-8a8b-4b36-80d1-3ef353c5970a,215801051,Commune de Druy-Parigny (58),false,{58105},Commune,2026-03-24 14:42:04.280096+01,gold_establishments_2025,,,,21580105100016,2025,Collectivité Territoriale,Commune,['Nièvre'],['Bourgogne-Franche-Comté'],COM,{58},{27}
ab1e47c2-1629-4495-a546-c23d571ae2f6,213700990,Commune de Druye (37),false,{37099},Commune,2026-03-24 14:41:59.160244+01,gold_establishments_2025,,,,21370099000012,2025,Collectivité Territoriale,Commune,['Indre-et-Loire'],['Centre-Val de Loire'],COM,{37},{24}
f711c056-33f2-4279-8ad4-d71b587068b4,218901486,Commune de Druyes-les-Belles-Fontaines (89),false,{89148},Commune,2026-03-24 14:42:11.118516+01,gold_establishments_2025,,,,21890148600017,2025,Collectivité Territoriale,Commune,['Yonne'],['Bourgogne-Franche-Comté'],COM,{89},{27}
0f175efe-ce5b-4357-ac9c-ebd94e1dcf58,214501306,Commune de Dry (45),false,{45130},Commune,2026-03-24 14:42:00.862623+01,gold_establishments_2025,,,,21450130600010,2025,Collectivité Territoriale,Commune,['Loiret'],['Centre-Val de Loire'],COM,{45},{24}
a45801e9-1903-40c1-8bc5-54df12b71933,212102347,Commune de Drée (21),false,{21234},Commune,2026-03-24 14:41:55.433389+01,gold_establishments_2025,,,,21210234700011,2025,Collectivité Territoriale,Commune,"[""Côte-d'Or""]",['Bourgogne-Franche-Comté'],COM,{21},{27}
e3eefa1a-04d2-40ef-adf5-1e91867066a2,213101637,Commune de Drémil-Lafage (31),false,{31163},Commune,2026-03-24 14:41:57.56054+01,gold_establishments_2025,,,,21310163700014,2025,Collectivité Territoriale,Commune,['Haute-Garonne'],['Occitanie'],COM,{31},{76}
0430498f-2595-4c88-b557-be3200411c0c,212200521,Commune de Duault (22),false,{22052},Commune,2026-03-24 14:41:55.433389+01,gold_establishments_2025,,,,21220052100012,2025,Collectivité Territoriale,Commune,"[""Côtes-d'Armor""]",['Bretagne'],COM,{22},{53}
d1193535-b147-417b-bfcf-07d9f1230c01,200056521,Commune de Ducey-Les Chéris (50),false,{50168},Commune,2026-03-24 14:42:01.412377+01,gold_establishments_2025,,,,20005652100012,2025,Collectivité Territoriale,Commune,['Manche'],['Normandie'],COM,{50},{28}
7a7d776f-946c-4bb6-8a7c-1b0ff6cac31c,217602226,Commune de Duclair (76),false,{76222},Commune,2026-03-24 14:42:08.818969+01,gold_establishments_2025,,,,21760222600011,2025,Collectivité Territoriale,Commune,['Seine-Maritime'],['Normandie'],COM,{76},{28}
4633ca0b-b701-4c7f-a003-3ec9388380b7,219722071,Commune de Ducos (972),false,{97207},Commune,2026-03-24 14:42:11.659493+01,gold_establishments_2025,,,,21972207100012,2025,Collectivité Territoriale,Commune,['Martinique'],['Martinique'],COM,{972},{02}
46982ef0-cb1e-40a0-9849-927c9132dfa6,211402326,Commune de Ducy-Sainte-Marguerite (14),false,{14232},Commune,2026-03-24 14:41:54.362296+01,gold_establishments_2025,,,,21140232600014,2025,Collectivité Territoriale,Commune,['Calvados'],['Normandie'],COM,{14},{28}
de38804b-3cff-4b09-977e-25acb072dd33,216900787,Commune de Duerne (69),false,{69078},Commune,2026-03-24 14:42:07.195692+01,gold_establishments_2025,,,,21690078700013,2025,Collectivité Territoriale,Commune,['Rhône'],['Auvergne-Rhône-Alpes'],COM,{69},{84}
8ec6ba92-9c33-4966-bc41-7639f9a5ccef,212102354,Commune de Duesme (21),false,{21235},Commune,2026-03-24 14:41:55.433389+01,gold_establishments_2025,,,,21210235400017,2025,Collectivité Territoriale,Commune,"[""Côte-d'Or""]",['Bourgogne-Franche-Comté'],COM,{21},{27}
aa8bfd23-14b6-4642-b8de-fe88041209f3,213201163,Commune de Duffort (32),false,{32116},Commune,2026-03-24 14:41:58.09424+01,gold_establishments_2025,,,,21320116300010,2025,Collectivité Territoriale,Commune,['Gers'],['Occitanie'],COM,{32},{76}
79342d4c-14db-46ef-baa9-c66486bfa06e,219300308,Commune de Dugny (93),false,{93030},Commune,2026-03-24 14:42:11.659493+01,gold_establishments_2025,,,,21930030800018,2025,Collectivité Territoriale,Commune,['Seine-Saint-Denis'],['Île-de-France'],COM,{93},{11}
e815f418-d598-4cc4-b3e2-362fbf44c977,215501669,Commune de Dugny-sur-Meuse (55),false,{55166},Commune,2026-03-24 14:42:02.957225+01,gold_establishments_2025,,,,21550166900018,2025,Collectivité Territoriale,Commune,['Meuse'],['Grand Est'],COM,{55},{44}
6f2ddf48-9e27-4544-b5b9-c1b880dd4680,214000911,Commune de Duhort-Bachen (40),false,{40091},Commune,2026-03-24 14:41:59.705606+01,gold_establishments_2025,,,,21400091100013,2025,Collectivité Territoriale,Commune,['Landes'],['Nouvelle-Aquitaine'],COM,{40},{75}
babc04dc-1820-40e6-9181-9058877a78d9,211101233,Commune de Duilhac-sous-Peyrepertuse (11),false,{11123},Commune,2026-03-24 14:41:53.63825+01,gold_establishments_2025,,,,21110123300016,2025,Collectivité Territoriale,Commune,['Aude'],['Occitanie'],COM,{11},{76}
2c9930be-d1ac-4912-aa45-3f037fddc4a1,217401082,Commune de Duingt (74),false,{74108},Commune,2026-03-24 14:42:08.279287+01,gold_establishments_2025,,,,21740108200011,2025,Collectivité Territoriale,Commune,['Haute-Savoie'],['Auvergne-Rhône-Alpes'],COM,{74},{84}
43675a18-7075-42be-a4d8-f22ff368b8c2,216202796,Commune de Duisans (62),false,{62279},Commune,2026-03-24 14:42:05.597325+01,gold_establishments_2025,,,,21620279600019,2025,Collectivité Territoriale,Commune,['Pas-de-Calais'],['Hauts-de-France'],COM,{62},{32}
75db55ce-754c-425e-ab45-71e9f036acb4,217301043,Commune de Dullin (73),false,{73104},Commune,2026-03-24 14:42:08.279287+01,gold_establishments_2025,,,,21730104300014,2025,Collectivité Territoriale,Commune,['Savoie'],['Auvergne-Rhône-Alpes'],COM,{73},{84}
e2331b51-1f33-4697-9c18-092366d40b13,214000929,Commune de Dumes (40),false,{40092},Commune,2026-03-24 14:41:59.705606+01,gold_establishments_2025,,,,21400092900015,2025,Collectivité Territoriale,Commune,['Landes'],['Nouvelle-Aquitaine'],COM,{40},{75}
c42ebd9b-3ed6-4ca3-9f4c-08bc79c48a28,210901070,Commune de Dun (09),false,{09107},Commune,2026-03-24 14:41:53.095366+01,gold_establishments_2025,,,,21090107000016,2025,Collectivité Territoriale,Commune,['Ariège'],['Occitanie'],COM,{09},{76}
ef2418e6-02bc-44ea-9002-d04bc0b29195,212307508,Commune de Dun-le-Palestel (23),false,{23075},Commune,2026-03-24 14:41:55.958138+01,gold_establishments_2025,,,,21230750800011,2025,Collectivité Territoriale,Commune,['Creuse'],['Nouvelle-Aquitaine'],COM,{23},{75}
1c450121-cc01-4a2b-8359-f8cf45645b09,213600687,Commune de Dun-le-Poëlier (36),false,{36068},Commune,2026-03-24 14:41:59.160244+01,gold_establishments_2025,,,,21360068700015,2025,Collectivité Territoriale,Commune,['Indre'],['Centre-Val de Loire'],COM,{36},{24}
ee88996a-e915-42aa-bc76-6d97d8fb0f8d,215801069,Commune de Dun-les-Places (58),false,{58106},Commune,2026-03-24 14:42:04.280096+01,gold_establishments_2025,,,,21580106900018,2025,Collectivité Territoriale,Commune,['Nièvre'],['Bourgogne-Franche-Comté'],COM,{58},{27}
1d4f1b45-7218-479a-acb1-ff6c1c4a9731,211800875,Commune de Dun-sur-Auron (18),false,{18087},Commune,2026-03-24 14:41:54.903238+01,gold_establishments_2025,,,,21180087500018,2025,Collectivité Territoriale,Commune,['Cher'],['Centre-Val de Loire'],COM,{18},{24}
5392584f-16bb-479d-9a9e-c678dd21210d,215801077,Commune de Dun-sur-Grandry (58),false,{58107},Commune,2026-03-24 14:42:04.280096+01,gold_establishments_2025,,,,21580107700011,2025,Collectivité Territoriale,Commune,['Nièvre'],['Bourgogne-Franche-Comté'],COM,{58},{27}
bf4c859a-89f6-4bef-82fe-03d3d691d274,215501677,Commune de Dun-sur-Meuse (55),false,{55167},Commune,2026-03-24 14:42:02.957225+01,gold_establishments_2025,,,,21550167700011,2025,Collectivité Territoriale,Commune,['Meuse'],['Grand Est'],COM,{55},{44}
ea0d74d3-a03c-45fd-9cd6-e49bcea74b56,217201227,Commune de Duneau (72),false,{72122},Commune,2026-03-24 14:42:08.279287+01,gold_establishments_2025,,,,21720122700014,2025,Collectivité Territoriale,Commune,['Sarthe'],['Pays de la Loire'],COM,{72},{52}
dda179e7-dac6-4728-90ed-7fe7f3f7088b,218200509,Commune de Dunes (82),false,{82050},Commune,2026-03-24 14:42:10.508772+01,gold_establishments_2025,,,,21820050900014,2025,Collectivité Territoriale,Commune,['Tarn-et-Garonne'],['Occitanie'],COM,{82},{76}
c13dc5a2-6dfd-4c45-a7a5-f2d9e700c0bb,213600679,Commune de Dunet (36),false,{36067},Commune,2026-03-24 14:41:59.160244+01,gold_establishments_2025,,,,21360067900012,2025,Collectivité Territoriale,Commune,['Indre'],['Centre-Val de Loire'],COM,{36},{24}
924f4c45-7c14-4f59-a140-f7049bbd7703,212502074,Commune de Dung (25),false,{25207},Commune,2026-03-24 14:41:56.495197+01,gold_establishments_2025,,,,21250207400017,2025,Collectivité Territoriale,Commune,['Doubs'],['Bourgogne-Franche-Comté'],COM,{25},{27}
79e287b8-c8f2-4ba4-9494-8a7eb54769f1,210700837,Commune de Dunière-sur-Eyrieux (07),false,{07083},Commune,2026-03-24 14:41:52.562531+01,gold_establishments_2025,,,,21070083700011,2025,Collectivité Territoriale,Commune,['Ardèche'],['Auvergne-Rhône-Alpes'],COM,{07},{84}
3e8a11eb-182c-44ec-a11f-56f8058d5537,214300873,Commune de Dunières (43),false,{43087},Commune,2026-03-24 14:42:00.273698+01,gold_establishments_2025,,,,21430087300012,2025,Collectivité Territoriale,Commune,['Haute-Loire'],['Auvergne-Rhône-Alpes'],COM,{43},{84}
2cf6b400-7ac5-4f2c-81b2-3333b078d47e,200027159,Commune de Dunkerque (59),false,{59183},Commune,2026-03-24 14:42:04.280096+01,gold_establishments_2025,,,,20002715900017,2025,Collectivité Territoriale,Commune,['Nord'],['Hauts-de-France'],COM,{59},{32}
f5943107-efee-4cd4-b690-a9154c758fc4,216701078,Commune de Duntzenheim (67),false,{67107},Commune,2026-03-24 14:42:07.195692+01,gold_establishments_2025,,,,21670107800018,2025,Collectivité Territoriale,Commune,['Bas-Rhin'],['Grand Est'],COM,{67},{44}
e8dcf793-9b3f-4b95-b4b1-8de4a494fb17,216701086,Commune de Duppigheim (67),false,{67108},Commune,2026-03-24 14:42:07.195692+01,gold_establishments_2025,,,,21670108600011,2025,Collectivité Territoriale,Commune,['Bas-Rhin'],['Grand Est'],COM,{67},{44}
93065604-0237-4b64-a92e-425e768260ce,213201171,Commune de Duran (32),false,{32117},Commune,2026-03-24 14:41:58.09424+01,gold_establishments_2025,,,,21320117100013,2025,Collectivité Territoriale,Commune,['Gers'],['Occitanie'],COM,{32},{76}
e7c789c8-ce30-4394-8092-e6ac6c299e35,214700858,Commune de Durance (47),false,{47085},Commune,2026-03-24 14:42:00.862623+01,gold_establishments_2025,,,,21470085800019,2025,Collectivité Territoriale,Commune,['Lot-et-Garonne'],['Nouvelle-Aquitaine'],COM,{47},{75}
89b74944-4670-4fb6-94ce-1649c302372c,210600557,Commune de Duranus (06),false,{06055},Commune,2026-03-24 14:41:52.562531+01,gold_establishments_2025,,,,21060055700016,2025,Collectivité Territoriale,Commune,['Alpes-Maritimes'],"[""Provence-Alpes-Côte d'Azur""]",COM,{06},{93}
1c2119b6-3e91-4d08-8af9-ba646d455e66,212702088,Commune de Duranville (27),false,{27208},Commune,2026-03-24 14:41:57.028721+01,gold_establishments_2025,,,,21270208800015,2025,Collectivité Territoriale,Commune,['Eure'],['Normandie'],COM,{27},{28}
8fb236c0-9c1c-4a3e-9a5c-cdde8219e08d,214700866,Commune de Duras (47),false,{47086},Commune,2026-03-24 14:42:00.862623+01,gold_establishments_2025,,,,21470086600012,2025,Collectivité Territoriale,Commune,['Lot-et-Garonne'],['Nouvelle-Aquitaine'],COM,{47},{75}
a4255837-a03b-4dba-809c-f1e168e2f979,214600892,Commune de Duravel (46),false,{46089},Commune,2026-03-24 14:42:00.862623+01,gold_establishments_2025,,,,21460089200019,2025,Collectivité Territoriale,Commune,['Lot'],['Occitanie'],COM,{46},{76}
7bd0c7a4-8a31-4096-aadb-e67dbcebf585,213201189,Commune de Durban (32),false,{32118},Commune,2026-03-24 14:41:58.09424+01,gold_establishments_2025,,,,21320118900015,2025,Collectivité Territoriale,Commune,['Gers'],['Occitanie'],COM,{32},{76}
092c1f3a-be46-4879-bd5f-84c104afd5ec,211101241,Commune de Durban-Corbières (11),false,{11124},Commune,2026-03-24 14:41:53.63825+01,gold_establishments_2025,,,,21110124100019,2025,Collectivité Territoriale,Commune,['Aude'],['Occitanie'],COM,{11},{76}
d296eac8-fb07-478d-bff8-aa2f74ee7798,210901088,Commune de Durban-sur-Arize (09),false,{09108},Commune,2026-03-24 14:41:53.095366+01,gold_establishments_2025,,,,21090108800018,2025,Collectivité Territoriale,Commune,['Ariège'],['Occitanie'],COM,{09},{76}
13682dc7-116b-40eb-a6dc-b1f4b4fe04b1,214600900,Commune de Durbans (46),false,{46090},Commune,2026-03-24 14:42:00.862623+01,gold_establishments_2025,,,,21460090000010,2025,Collectivité Territoriale,Commune,['Lot'],['Occitanie'],COM,{46},{76}
d516b39e-f42a-44f6-9c7e-37a6135ed17d,216101485,Commune de Durcet (61),false,{61148},Commune,2026-03-24 14:42:05.597325+01,gold_establishments_2025,,,,21610148500011,2025,Collectivité Territoriale,Commune,['Orne'],['Normandie'],COM,{61},{28}
89366c2b-1dd8-4b75-b634-e80f350cc5bc,210301065,Commune de Durdat-Larequille (03),false,{03106},Commune,2026-03-24 14:41:52.020251+01,gold_establishments_2025,,,,21030106500012,2025,Collectivité Territoriale,Commune,['Allier'],['Auvergne-Rhône-Alpes'],COM,{03},{84}
a85611b2-9339-438d-944b-df010ce70962,217201235,Commune de Dureil (72),false,{72123},Commune,2026-03-24 14:42:08.279287+01,gold_establishments_2025,,,,21720123500017,2025,Collectivité Territoriale,Commune,['Sarthe'],['Pays de la Loire'],COM,{72},{52}
4b3a9957-8d53-4a77-bceb-2f22aa2552ad,211200928,Commune de Durenque (12),false,{12092},Commune,2026-03-24 14:41:53.63825+01,gold_establishments_2025,,,,21120092800011,2025,Collectivité Territoriale,Commune,['Aveyron'],['Occitanie'],COM,{12},{76}
22b711d9-847f-42a8-96d3-20ffacac62db,210901096,Commune de Durfort (09),false,{09109},Commune,2026-03-24 14:41:53.095366+01,gold_establishments_2025,,,,21090109600011,2025,Collectivité Territoriale,Commune,['Ariège'],['Occitanie'],COM,{09},{76}
2dccc86c-82c3-4474-8422-71ed6a8c536c,218100832,Commune de Durfort (81),false,{81083},Commune,2026-03-24 14:42:09.967209+01,gold_establishments_2025,,,,21810083200011,2025,Collectivité Territoriale,Commune,['Tarn'],['Occitanie'],COM,{81},{76}
7609ab39-01f5-41d8-86b9-481d492850ad,218200517,Commune de Durfort-Lacapelette (82),false,{82051},Commune,2026-03-24 14:42:10.508772+01,gold_establishments_2025,,,,21820051700017,2025,Collectivité Territoriale,Commune,['Tarn-et-Garonne'],['Occitanie'],COM,{82},{76}
2791d0b9-f931-4adf-9357-6631ee091f29,213001068,Commune de Durfort-et-Saint-Martin-de-Sossenac (30),false,{30106},Commune,2026-03-24 14:41:57.56054+01,gold_establishments_2025,,,,21300106800013,2025,Collectivité Territoriale,Commune,['Gard'],['Occitanie'],COM,{30},{76}
a3b5f8ae-73c0-48e6-bd33-332d253cdf4e,216800748,Commune de Durlinsdorf (68),false,{68074},Commune,2026-03-24 14:42:07.195692+01,gold_establishments_2025,,,,21680074800016,2025,Collectivité Territoriale,Commune,['Haut-Rhin'],['Grand Est'],COM,{68},{44}
ad13a984-e480-401c-b16e-51b4991b5cb5,216800755,Commune de Durmenach (68),false,{68075},Commune,2026-03-24 14:42:07.195692+01,gold_establishments_2025,,,,21680075500011,2025,Collectivité Territoriale,Commune,['Haut-Rhin'],['Grand Est'],COM,{68},{44}
587f7581-b695-4d7a-a9cd-12e6c0e22433,216301408,Commune de Durmignat (63),false,{63140},Commune,2026-03-24 14:42:06.130387+01,gold_establishments_2025,,,,21630140800011,2025,Collectivité Territoriale,Commune,['Puy-de-Dôme'],['Auvergne-Rhône-Alpes'],COM,{63},{84}
3754700f-d67c-40c6-b4fc-13a9a3019002,212502082,Commune de Durnes (25),false,{25208},Commune,2026-03-24 14:41:56.495197+01,gold_establishments_2025,,,,21250208200010,2025,Collectivité Territoriale,Commune,['Doubs'],['Bourgogne-Franche-Comté'],COM,{25},{27}
eabcbc7b-5738-40fc-9afb-a5c98fe7d118,216701094,Commune de Durningen (67),false,{67109},Commune,2026-03-24 14:42:07.195692+01,gold_establishments_2025,,,,21670109400015,2025,Collectivité Territoriale,Commune,['Bas-Rhin'],['Grand Est'],COM,{67},{44}
adeaf84d-8389-4281-8c1b-c30ccc8bfb82,216701102,Commune de Durrenbach (67),false,{67110},Commune,2026-03-24 14:42:07.195692+01,gold_establishments_2025,,,,21670110200016,2025,Collectivité Territoriale,Commune,['Bas-Rhin'],['Grand Est'],COM,{67},{44}
ced87ad2-c268-4e21-bc85-699d7191de25,216800763,Commune de Durrenentzen (68),false,{68076},Commune,2026-03-24 14:42:07.195692+01,gold_establishments_2025,,,,21680076300049,2025,Collectivité Territoriale,Commune,['Haut-Rhin'],['Grand Est'],COM,{68},{44}
4438ee9f-f402-4164-a0e4-a32f32384d2f,216701110,Commune de Durstel (67),false,{67111},Commune,2026-03-24 14:42:07.195692+01,gold_establishments_2025,,,,21670111000068,2025,Collectivité Territoriale,Commune,['Bas-Rhin'],['Grand Est'],COM,{67},{44}
dfb4de6e-c652-4bce-a407-a5d462f9a848,214901274,Commune de Durtal (49),false,{49127},Commune,2026-03-24 14:42:01.412377+01,gold_establishments_2025,,,,21490127400016,2025,Collectivité Territoriale,Commune,['Maine-et-Loire'],['Pays de la Loire'],COM,{49},{52}
12e2dae7-ca7c-42e6-8e6a-b34f5772d93f,216301416,Commune de Durtol (63),false,{63141},Commune,2026-03-24 14:42:06.130387+01,gold_establishments_2025,,,,21630141600014,2025,Collectivité Territoriale,Commune,['Puy-de-Dôme'],['Auvergne-Rhône-Alpes'],COM,{63},{84}
53a0015b-3d96-4082-a50c-d4608f248b66,210202578,Commune de Dury (02),false,{02273},Commune,2026-03-24 14:41:52.020251+01,gold_establishments_2025,,,,21020257800014,2025,Collectivité Territoriale,Commune,['Aisne'],['Hauts-de-France'],COM,{02},{32}
76182962-4a45-400a-b258-e8e206e9cec4,216202804,Commune de Dury (62),false,{62280},Commune,2026-03-24 14:42:05.597325+01,gold_establishments_2025,,,,21620280400011,2025,Collectivité Territoriale,Commune,['Pas-de-Calais'],['Hauts-de-France'],COM,{62},{32}
32f3d92f-1b76-4afe-b804-3e48659f357a,218002509,Commune de Dury (80),false,{80261},Commune,2026-03-24 14:42:09.967209+01,gold_establishments_2025,,,,21800250900014,2025,Collectivité Territoriale,Commune,['Somme'],['Hauts-de-France'],COM,{80},{32}
6c6f8d41-35de-4fa2-afb8-8bee3e90fd90,212401582,Commune de Dussac (24),false,{24158},Commune,2026-03-24 14:41:55.958138+01,gold_establishments_2025,,,,21240158200011,2025,Collectivité Territoriale,Commune,['Dordogne'],['Nouvelle-Aquitaine'],COM,{24},{75}
cc17eb20-ff73-45de-a546-31189d5dbed6,216701128,Commune de Duttlenheim (67),false,{67112},Commune,2026-03-24 14:42:07.195692+01,gold_establishments_2025,,,,21670112800011,2025,Collectivité Territoriale,Commune,['Bas-Rhin'],['Grand Est'],COM,{67},{44}
c29ca23b-2b8e-47a8-b20e-88df990aa7dd,216002014,Commune de Duvy (60),false,{60203},Commune,2026-03-24 14:42:04.814328+01,gold_establishments_2025,,,,21600201400019,2025,Collectivité Territoriale,Commune,['Oise'],['Hauts-de-France'],COM,{60},{32}
58370a4f-080f-4ae6-a455-3b3f9f4e55ed,215501685,Commune de Duzey (55),false,{55168},Commune,2026-03-24 14:42:02.957225+01,gold_establishments_2025,,,,21550168500014,2025,Collectivité Territoriale,Commune,['Meuse'],['Grand Est'],COM,{55},{44}
4f3928bb-3d46-47cc-897c-b543b146c7e3,217101856,Commune de Dyo (71),false,{71185},Commune,2026-03-24 14:42:07.735343+01,gold_establishments_2025,,,,21710185600011,2025,Collectivité Territoriale,Commune,['Saône-et-Loire'],['Bourgogne-Franche-Comté'],COM,{71},{27}
45c0070a-d38e-482e-923b-329bb602af99,218901494,Commune de Dyé (89),false,{89149},Commune,2026-03-24 14:42:11.118516+01,gold_establishments_2025,,,,21890149400011,2025,Collectivité Territoriale,Commune,['Yonne'],['Bourgogne-Franche-Comté'],COM,{89},{27}
e66a8431-4575-4054-a279-3b7aa9f21670,200008795,Commune de Dzaoudzi (976),false,{97608},Commune,2026-03-24 14:42:11.659493+01,gold_establishments_2025,,,,20000879500011,2025,Collectivité Territoriale,Commune,['Mayotte'],['Mayotte'],COM,{976},{06}
3611264a-eb32-478e-81b1-882400c17851,216902759,Commune de Décines-Charpieu (69),false,{69275},Commune,2026-03-24 14:42:07.735343+01,gold_establishments_2025,,,,21690275900010,2025,Collectivité Territoriale,Commune,['Rhône'],['Auvergne-Rhône-Alpes'],COM,{69},{84}
27efc45c-d9f2-419a-a2e3-890ede9f755b,214600876,Commune de Dégagnac (46),false,{46087},Commune,2026-03-24 14:42:00.862623+01,gold_establishments_2025,,,,21460087600012,2025,Collectivité Territoriale,Commune,['Lot'],['Occitanie'],COM,{46},{76}
9f219ae7-3522-4410-8724-4a0026c1b52e,211402219,Commune de Démouville (14),false,{14221},Commune,2026-03-24 14:41:54.362296+01,gold_establishments_2025,,,,21140221900011,2025,Collectivité Territoriale,Commune,['Calvados'],['Normandie'],COM,{14},{28}
a52368af-4b30-4c09-8745-3b696073244e,213201155,Commune de Dému (32),false,{32115},Commune,2026-03-24 14:41:58.09424+01,gold_establishments_2025,,,,21320115500016,2025,Collectivité Territoriale,Commune,['Gers'],['Occitanie'],COM,{32},{76}
81ce346d-3273-4baf-b23a-5753b81d8fd0,218002293,Commune de Démuin (80),false,{80237},Commune,2026-03-24 14:42:09.967209+01,gold_establishments_2025,,,,21800229300015,2025,Collectivité Territoriale,Commune,['Somme'],['Hauts-de-France'],COM,{80},{32}
a68658c6-a5e9-49fd-833f-a46aa06d5d8f,218100790,Commune de Dénat (81),false,{81079},Commune,2026-03-24 14:42:09.967209+01,gold_establishments_2025,,,,21810079000011,2025,Collectivité Territoriale,Commune,['Tarn'],['Occitanie'],COM,{81},{76}
9c0895e8-0cd4-482f-a71e-3bdd9a509615,217602143,Commune de Dénestanville (76),false,{76214},Commune,2026-03-24 14:42:08.818969+01,gold_establishments_2025,,,,21760214300018,2025,Collectivité Territoriale,Commune,['Seine-Maritime'],['Normandie'],COM,{76},{28}
3698b588-9d48-4dda-82e4-f4c352677693,214901217,Commune de Dénezé-sous-Doué (49),false,{49121},Commune,2026-03-24 14:42:01.412377+01,gold_establishments_2025,,,,21490121700015,2025,Collectivité Territoriale,Commune,['Maine-et-Loire'],['Pays de la Loire'],COM,{49},{52}
d38d90e6-aca0-453a-8545-cecf70ac7def,213600638,Commune de Déols (36),false,{36063},Commune,2026-03-24 14:41:59.160244+01,gold_establishments_2025,,,,21360063800018,2025,Collectivité Territoriale,Commune,['Indre'],['Centre-Val de Loire'],COM,{36},{24}
57cc32ea-5b58-4355-82dc-ebb4d63c2ca1,210700795,Commune de Désaignes (07),false,{07079},Commune,2026-03-24 14:41:52.562531+01,gold_establishments_2025,,,,21070079500011,2025,Collectivité Territoriale,Commune,['Ardèche'],['Auvergne-Rhône-Alpes'],COM,{07},{84}
7c119fba-8569-4fe0-8c22-0448d62654a0,212501985,Commune de Désandans (25),false,{25198},Commune,2026-03-24 14:41:56.495197+01,gold_establishments_2025,,,,21250198500049,2025,Collectivité Territoriale,Commune,['Doubs'],['Bourgogne-Franche-Comté'],COM,{25},{27}
b9e6bc51-6884-4fa2-90cc-546489952b99,210300984,Commune de Désertines (03),false,{03098},Commune,2026-03-24 14:41:52.020251+01,gold_establishments_2025,,,,21030098400015,2025,Collectivité Territoriale,Commune,['Allier'],['Auvergne-Rhône-Alpes'],COM,{03},{84}
1cd1ca23-9083-4a71-8a13-a70ff0868b8b,215300914,Commune de Désertines (53),false,{53091},Commune,2026-03-24 14:42:02.957225+01,gold_establishments_2025,,,,21530091400011,2025,Collectivité Territoriale,Commune,['Mayenne'],['Pays de la Loire'],COM,{53},{52}
4e236e9e-7515-4242-ab6a-47f07a03cfe7,212501993,Commune de Déservillers (25),false,{25199},Commune,2026-03-24 14:41:56.495197+01,gold_establishments_2025,,,,21250199300019,2025,Collectivité Territoriale,Commune,['Doubs'],['Bourgogne-Franche-Comté'],COM,{25},{27}
87f49abd-7d7e-4d58-8dd4-3aca16f26bcd,212102289,Commune de Détain-et-Bruant (21),false,{21228},Commune,2026-03-24 14:41:55.433389+01,gold_establishments_2025,,,,21210228900015,2025,Collectivité Territoriale,Commune,"[""Côte-d'Or""]",['Bourgogne-Franche-Comté'],COM,{21},{27}
a7ba4c5c-db0b-4414-908f-020c98252bd9,217300995,Commune de Détrier (73),false,{73099},Commune,2026-03-24 14:42:08.279287+01,gold_establishments_2025,,,,21730099500016,2025,Collectivité Territoriale,Commune,['Savoie'],['Auvergne-Rhône-Alpes'],COM,{73},{84}
21c5f3a3-ba48-4b6f-81d7-1e1682473d02,214700809,Commune de Dévillac (47),false,{47080},Commune,2026-03-24 14:42:00.862623+01,gold_establishments_2025,,,,21470080900012,2025,Collectivité Territoriale,Commune,['Lot-et-Garonne'],['Nouvelle-Aquitaine'],COM,{47},{75}
426e8fae-ed1c-405c-b4a3-013810ae70e7,217602168,Commune de Déville-lès-Rouen (76),false,{76216},Commune,2026-03-24 14:42:08.818969+01,gold_establishments_2025,,,,21760216800015,2025,Collectivité Territoriale,Commune,['Seine-Maritime'],['Normandie'],COM,{76},{28}
53986294-13de-4fb6-9a91-bb37e92b13e4,200033694,Commune de Dévoluy (05),false,{05139},Commune,2026-03-24 14:41:52.562531+01,gold_establishments_2025,,,,20003369400015,2025,Collectivité Territoriale,Commune,['Hautes-Alpes'],"[""Provence-Alpes-Côte d'Azur""]",COM,{05},{93}
75b2c897-9148-49f5-a65f-15aae7f042e6,211701396,Commune de Dœuil-sur-le-Mignon (17),false,{17139},Commune,2026-03-24 14:41:54.903238+01,gold_establishments_2025,,,,21170139600056,2025,Collectivité Territoriale,Commune,['Charente-Maritime'],['Nouvelle-Aquitaine'],COM,{17},{75}
38ed0625-3069-44e1-a808-1ceb048058c6,213501034,Commune de Eancé (35),false,{35103},Commune,2026-03-24 14:41:58.620411+01,gold_establishments_2025,,,,21350103400010,2025,Collectivité Territoriale,Commune,['Ille-et-Vilaine'],['Bretagne'],COM,{35},{53}
d0ea046e-6f0d-45cd-9f1f-74d51f84f500,219502036,Commune de Eaubonne (95),false,{95203},Commune,2026-03-24 14:42:11.659493+01,gold_establishments_2025,,,,21950203600011,2025,Collectivité Territoriale,Commune,"[""Val-d'Oise""]",['Île-de-France'],COM,{95},{11}
9faaee2a-f1b5-4378-8468-6aeaec80a506,218002517,Commune de Eaucourt-sur-Somme (80),false,{80262},Commune,2026-03-24 14:42:09.967209+01,gold_establishments_2025,,,,21800251700017,2025,Collectivité Territoriale,Commune,['Somme'],['Hauts-de-France'],COM,{80},{32}
a372ec66-0691-4f85-8ab3-6f3cfbac4353,213101652,Commune de Eaunes (31),false,{31165},Commune,2026-03-24 14:41:57.56054+01,gold_establishments_2025,,,,21310165200013,2025,Collectivité Territoriale,Commune,['Haute-Garonne'],['Occitanie'],COM,{31},{76}
f7b7264d-5dae-42bc-80b2-fab122946845,216402040,Commune de Eaux-Bonnes (64),false,{64204},Commune,2026-03-24 14:42:06.130387+01,gold_establishments_2025,,,,21640204000010,2025,Collectivité Territoriale,Commune,['Pyrénées-Atlantiques'],['Nouvelle-Aquitaine'],COM,{64},{75}
d1ab5815-929d-45f7-abd5-e9e9c147321d,211001276,Commune de Eaux-Puiseaux (10),false,{10133},Commune,2026-03-24 14:41:53.095366+01,gold_establishments_2025,,,,21100127600016,2025,Collectivité Territoriale,Commune,['Aube'],['Grand Est'],COM,{10},{44}
519bcfda-c167-42da-86ac-bb7d12cc8386,213201197,Commune de Eauze (32),false,{32119},Commune,2026-03-24 14:41:58.09424+01,gold_establishments_2025,,,,21320119700018,2025,Collectivité Territoriale,Commune,['Gers'],['Occitanie'],COM,{32},{76}
0e24da11-d735-482f-92c5-887a4badff09,215901844,Commune de Ebblinghem (59),false,{59184},Commune,2026-03-24 14:42:04.280096+01,gold_establishments_2025,,,,21590184400013,2025,Collectivité Territoriale,Commune,['Nord'],['Hauts-de-France'],COM,{59},{32}
83f13ae4-e6dd-4836-abd3-4ff5a02f31df,216701136,Commune de Eberbach-Seltz (67),false,{67113},Commune,2026-03-24 14:42:07.195692+01,gold_establishments_2025,,,,21670113600014,2025,Collectivité Territoriale,Commune,['Bas-Rhin'],['Grand Est'],COM,{67},{44}
3675d826-14c6-4ef0-864d-42d18370f315,216701151,Commune de Ebersheim (67),false,{67115},Commune,2026-03-24 14:42:07.195692+01,gold_establishments_2025,,,,21670115100013,2025,Collectivité Territoriale,Commune,['Bas-Rhin'],['Grand Est'],COM,{67},{44}
2e84486e-a6ac-440b-8c4d-d92ff186011a,216701169,Commune de Ebersmunster (67),false,{67116},Commune,2026-03-24 14:42:07.195692+01,gold_establishments_2025,,,,21670116900015,2025,Collectivité Territoriale,Commune,['Bas-Rhin'],['Grand Est'],COM,{67},{44}
41c611e7-5265-4a91-a90f-75b2deeaeb76,212001044,Commune de Eccica-Suarella (2A),false,{2A104},Commune,2026-03-24 14:41:57.56054+01,gold_establishments_2025,,,,21200104400016,2025,Collectivité Territoriale,Commune,['Corse-du-Sud'],['Corse'],COM,{2A},{94}
e6777458-47a8-4cac-8e1c-a1f1b1cbfe35,215901869,Commune de Eccles (59),false,{59186},Commune,2026-03-24 14:42:04.280096+01,gold_establishments_2025,,,,21590186900010,2025,Collectivité Territoriale,Commune,['Nord'],['Hauts-de-France'],COM,{59},{32}
5943a664-7f50-4965-9dd4-7e605e6e2c53,216202812,Commune de Echinghen (62),false,{62281},Commune,2026-03-24 14:42:05.597325+01,gold_establishments_2025,,,,21620281200014,2025,Collectivité Territoriale,Commune,['Pas-de-Calais'],['Hauts-de-France'],COM,{62},{32}
109b9f0c-0e89-42ba-8b4a-687b7de5fdc9,216701177,Commune de Eckartswiller (67),false,{67117},Commune,2026-03-24 14:42:07.195692+01,gold_establishments_2025,,,,21670117700018,2025,Collectivité Territoriale,Commune,['Bas-Rhin'],['Grand Est'],COM,{67},{44}
7414fdd0-412b-436d-b564-21441d17ffa2,216701185,Commune de Eckbolsheim (67),false,{67118},Commune,2026-03-24 14:42:07.195692+01,gold_establishments_2025,,,,21670118500011,2025,Collectivité Territoriale,Commune,['Bas-Rhin'],['Grand Est'],COM,{67},{44}
eb1755c5-5dc9-4f13-8253-4188b9b30f37,216701193,Commune de Eckwersheim (67),false,{67119},Commune,2026-03-24 14:42:07.195692+01,gold_establishments_2025,,,,21670119300049,2025,Collectivité Territoriale,Commune,['Bas-Rhin'],['Grand Est'],COM,{67},{44}
3999f0b7-c348-423b-b1e7-b910802fd769,210700845,Commune de Eclassan (07),false,{07084},Commune,2026-03-24 14:41:52.562531+01,gold_establishments_2025,,,,21070084500014,2025,Collectivité Territoriale,Commune,['Ardèche'],['Auvergne-Rhône-Alpes'],COM,{07},{84}
e411dab1-852f-4c2c-94a3-0e10d0baa0c0,200049815,Commune de Eclose-Badinières (38),false,{38152},Commune,2026-03-24 14:41:59.160244+01,gold_establishments_2025,,,,20004981500018,2025,Collectivité Territoriale,Commune,['Isère'],['Auvergne-Rhône-Alpes'],COM,{38},{84}
3cb30061-811d-466e-b80b-4274a5f7710d,215201310,Commune de Ecot-la-Combe (52),false,{52183},Commune,2026-03-24 14:42:01.954481+01,gold_establishments_2025,,,,21520131000012,2025,Collectivité Territoriale,Commune,['Haute-Marne'],['Grand Est'],COM,{52},{44}
1c312ed1-b716-48d2-bf37-ddbd608a0cdc,216202861,Commune de Ecquedecques (62),false,{62286},Commune,2026-03-24 14:42:05.597325+01,gold_establishments_2025,,,,21620286100011,2025,Collectivité Territoriale,Commune,['Pas-de-Calais'],['Hauts-de-France'],COM,{62},{32}
1657b2a5-0741-4fa8-a3b5-c9ae0df22767,216202887,Commune de Ecques (62),false,{62288},Commune,2026-03-24 14:42:05.597325+01,gold_establishments_2025,,,,21620288700016,2025,Collectivité Territoriale,Commune,['Pas-de-Calais'],['Hauts-de-France'],COM,{62},{32}
92c5a55d-d9ae-40b5-9a29-d8925a9036b1,212702153,Commune de Ecquetot (27),false,{27215},Commune,2026-03-24 14:41:57.028721+01,gold_establishments_2025,,,,21270215300017,2025,Collectivité Territoriale,Commune,['Eure'],['Normandie'],COM,{27},{28}
b6ff25ad-0428-453d-b5f7-f2d0911d14ee,217802065,Commune de Ecquevilly (78),false,{78206},Commune,2026-03-24 14:42:09.43682+01,gold_establishments_2025,,,,21780206500011,2025,Collectivité Territoriale,Commune,['Yvelines'],['Île-de-France'],COM,{78},{11}
e640e326-5b57-4faa-ab14-2169fdc99166,217602275,Commune de Ectot-l'Auber (76),false,{76227},Commune,2026-03-24 14:42:08.818969+01,gold_establishments_2025,,,,21760227500018,2025,Collectivité Territoriale,Commune,['Seine-Maritime'],['Normandie'],COM,{76},{28}
a4284ca9-8865-41e8-b017-a4cf6fe316a2,217602283,Commune de Ectot-lès-Baons (76),false,{76228},Commune,2026-03-24 14:42:08.818969+01,gold_establishments_2025,,,,21760228300012,2025,Collectivité Territoriale,Commune,['Seine-Maritime'],['Normandie'],COM,{76},{28}
7077e2f4-68e8-4ec9-9c73-c0e817c21ae9,212900484,Commune de Edern (29),false,{29048},Commune,2026-03-24 14:41:57.028721+01,gold_establishments_2025,,,,21290048400016,2025,Collectivité Territoriale,Commune,['Finistère'],['Bretagne'],COM,{29},{53}
49766961-ce1a-49b6-84bd-469b6559b973,215901893,Commune de Eecke (59),false,{59189},Commune,2026-03-24 14:42:04.280096+01,gold_establishments_2025,,,,21590189300051,2025,Collectivité Territoriale,Commune,['Nord'],['Hauts-de-France'],COM,{59},{32}
934aa52a-db68-49df-a4c3-c89f725b7821,216301432,Commune de Effiat (63),false,{63143},Commune,2026-03-24 14:42:06.130387+01,gold_establishments_2025,,,,21630143200011,2025,Collectivité Territoriale,Commune,['Puy-de-Dôme'],['Auvergne-Rhône-Alpes'],COM,{63},{84}
dc88bb03-6830-455d-8cba-337d5c132581,215201328,Commune de Effincourt (52),false,{52184},Commune,2026-03-24 14:42:01.954481+01,gold_establishments_2025,,,,21520132800014,2025,Collectivité Territoriale,Commune,['Haute-Marne'],['Grand Est'],COM,{52},{44}
8b0f223d-df25-4e3f-9b18-af51c8537bbe,210202594,Commune de Effry (02),false,{02275},Commune,2026-03-24 14:41:52.020251+01,gold_establishments_2025,,,,21020259400011,2025,Collectivité Territoriale,Commune,['Aisne'],['Hauts-de-France'],COM,{02},{32}
a650fc23-f541-4946-be51-c43f5cbf6778,216800771,Commune de Eglingen (68),false,{68077},Commune,2026-03-24 14:42:07.195692+01,gold_establishments_2025,,,,21680077100018,2025,Collectivité Territoriale,Commune,['Haut-Rhin'],['Grand Est'],COM,{68},{44}
890049fc-9744-4817-8e26-2aa0dde20dcb,219000361,Commune de Eguenigue (90),false,{90036},Commune,2026-03-24 14:42:11.659493+01,gold_establishments_2025,,,,21900036100010,2025,Collectivité Territoriale,Commune,['Territoire de Belfort'],['Bourgogne-Franche-Comté'],COM,{90},{27}
f416c5b6-0a04-4f15-a889-9d1c8fc26e80,216800789,Commune de Eguisheim (68),false,{68078},Commune,2026-03-24 14:42:07.195692+01,gold_establishments_2025,,,,21680078900010,2025,Collectivité Territoriale,Commune,['Haut-Rhin'],['Grand Est'],COM,{68},{44}
7ed18b29-0971-4e4a-907a-722b63f12bab,216701201,Commune de Eichhoffen (67),false,{67120},Commune,2026-03-24 14:42:07.195692+01,gold_establishments_2025,,,,21670120100016,2025,Collectivité Territoriale,Commune,['Bas-Rhin'],['Grand Est'],COM,{67},{44}
2553fa5a-43a0-4e17-8dc2-73518340af68,215701897,Commune de Eincheville (57),false,{57189},Commune,2026-03-24 14:42:03.701372+01,gold_establishments_2025,,,,21570189700013,2025,Collectivité Territoriale,Commune,['Moselle'],['Grand Est'],COM,{57},{44}
30be1c2f-d9f1-4aa6-89dc-0ffd5ff9fc08,215401753,Commune de Einvaux (54),false,{54175},Commune,2026-03-24 14:42:02.957225+01,gold_establishments_2025,,,,21540175300052,2025,Collectivité Territoriale,Commune,['Meurthe-et-Moselle'],['Grand Est'],COM,{54},{44}
4ce8f5b6-efe5-40f2-b16f-19f3bc09ae47,215401761,Commune de Einville-au-Jard (54),false,{54176},Commune,2026-03-24 14:42:02.957225+01,gold_establishments_2025,,,,21540176100014,2025,Collectivité Territoriale,Commune,['Meurthe-et-Moselle'],['Grand Est'],COM,{54},{44}
b77066db-6419-41d1-8830-8aa9cca9a924,215501719,Commune de Eix (55),false,{55171},Commune,2026-03-24 14:42:02.957225+01,gold_establishments_2025,,,,21550171900011,2025,Collectivité Territoriale,Commune,['Meuse'],['Grand Est'],COM,{55},{44}
c916f08e-4c0d-4822-8c4c-f973bbdb6af9,216800797,Commune de Elbach (68),false,{68079},Commune,2026-03-24 14:42:07.195692+01,gold_establishments_2025,,,,21680079700013,2025,Collectivité Territoriale,Commune,['Haut-Rhin'],['Grand Est'],COM,{68},{44}
c50d125c-28de-4bb7-9409-54e72e59ff74,217602317,Commune de Elbeuf (76),false,{76231},Commune,2026-03-24 14:42:08.818969+01,gold_establishments_2025,,,,21760231700018,2025,Collectivité Territoriale,Commune,['Seine-Maritime'],['Normandie'],COM,{76},{28}
f4b74ed3-032c-448e-b8cd-41f36cc3224c,217602291,Commune de Elbeuf-en-Bray (76),false,{76229},Commune,2026-03-24 14:42:08.818969+01,gold_establishments_2025,,,,21760229100015,2025,Collectivité Territoriale,Commune,['Seine-Maritime'],['Normandie'],COM,{76},{28}
e4a7ade3-78af-4ffb-b348-a3e42d26ae29,217602309,Commune de Elbeuf-sur-Andelle (76),false,{76230},Commune,2026-03-24 14:42:08.818969+01,gold_establishments_2025,,,,21760230900015,2025,Collectivité Territoriale,Commune,['Seine-Maritime'],['Normandie'],COM,{76},{28}
5ee2322b-b261-489e-96c7-0645d7dd8c61,217602333,Commune de Ellecourt (76),false,{76233},Commune,2026-03-24 14:42:08.818969+01,gold_establishments_2025,,,,21760233300015,2025,Collectivité Territoriale,Commune,['Seine-Maritime'],['Normandie'],COM,{76},{28}
73e00095-f69b-470f-b41f-d183f570bedb,212900492,Commune de Elliant (29),false,{29049},Commune,2026-03-24 14:41:57.028721+01,gold_establishments_2025,,,,21290049200142,2025,Collectivité Territoriale,Commune,['Finistère'],['Bretagne'],COM,{29},{53}
67ae58b9-387e-4d67-9a31-125f77057db5,211402367,Commune de Ellon (14),false,{14236},Commune,2026-03-24 14:41:54.362296+01,gold_establishments_2025,,,,21140236700018,2025,Collectivité Territoriale,Commune,['Calvados'],['Normandie'],COM,{14},{28}
0d394967-49c4-41df-9206-7a5d4cdec7c0,216600650,Commune de Elne (66),false,{66065},Commune,2026-03-24 14:42:06.665412+01,gold_establishments_2025,,,,21660065000016,2025,Collectivité Territoriale,Commune,['Pyrénées-Orientales'],['Occitanie'],COM,{66},{76}
8823238e-b395-4c19-9a80-ff9572a6c09e,216202929,Commune de Elnes (62),false,{62292},Commune,2026-03-24 14:42:05.597325+01,gold_establishments_2025,,,,21620292900016,2025,Collectivité Territoriale,Commune,['Pas-de-Calais'],['Hauts-de-France'],COM,{62},{32}
b1bff580-de91-4f13-a356-9f81014ac968,216701219,Commune de Elsenheim (67),false,{67121},Commune,2026-03-24 14:42:07.195692+01,gold_establishments_2025,,,,21670121900018,2025,Collectivité Territoriale,Commune,['Bas-Rhin'],['Grand Est'],COM,{67},{44}
7f7a5d46-9e29-4f0e-8c49-84e210fba2ef,215701905,Commune de Elvange (57),false,{57190},Commune,2026-03-24 14:42:03.701372+01,gold_establishments_2025,,,,21570190500014,2025,Collectivité Territoriale,Commune,['Moselle'],['Grand Est'],COM,{57},{44}
078395cd-15f6-434d-a5bd-abf80ee3ec67,215600537,Commune de Elven (56),false,{56053},Commune,2026-03-24 14:42:03.701372+01,gold_establishments_2025,,,,21560053700017,2025,Collectivité Territoriale,Commune,['Morbihan'],['Bretagne'],COM,{56},{53}
0df11cbc-367d-40d9-a29e-4a85d999a000,215701913,Commune de Elzange (57),false,{57191},Commune,2026-03-24 14:42:03.701372+01,gold_establishments_2025,,,,21570191300018,2025,Collectivité Territoriale,Commune,['Moselle'],['Grand Est'],COM,{57},{44}
74052085-a9d3-4d4f-8c28-f56cfc570db5,215401779,Commune de Emberménil (54),false,{54177},Commune,2026-03-24 14:42:02.957225+01,gold_establishments_2025,,,,21540177900016,2025,Collectivité Territoriale,Commune,['Meurthe-et-Moselle'],['Grand Est'],COM,{54},{44}
4fc22250-f07a-4a6e-ab29-362155709123,211101258,Commune de Embres-et-Castelmaure (11),false,{11125},Commune,2026-03-24 14:41:53.63825+01,gold_establishments_2025,,,,21110125800013,2025,Collectivité Territoriale,Commune,['Aude'],['Occitanie'],COM,{11},{76}
8a84b4e7-b39b-46dd-80b8-58d9241ca5ca,218002541,Commune de Embreville (80),false,{80265},Commune,2026-03-24 14:42:09.967209+01,gold_establishments_2025,,,,21800254100017,2025,Collectivité Territoriale,Commune,['Somme'],['Hauts-de-France'],COM,{80},{32}
d12b04f1-c62d-43f9-b668-19dddce0707d,210500468,Commune de Embrun (05),false,{05046},Commune,2026-03-24 14:41:52.562531+01,gold_establishments_2025,,,,21050046800017,2025,Collectivité Territoriale,Commune,['Hautes-Alpes'],"[""Provence-Alpes-Côte d'Azur""]",COM,{05},{93}
8c6f8ea4-1eb3-42f0-8df2-b216dd62c2ec,216202937,Commune de Embry (62),false,{62293},Commune,2026-03-24 14:42:05.597325+01,gold_establishments_2025,,,,21620293700019,2025,Collectivité Territoriale,Commune,['Pas-de-Calais'],['Hauts-de-France'],COM,{62},{32}
34d80cd0-c0cf-4c48-a5fd-4ea33b5dd6fc,216800805,Commune de Emlingen (68),false,{68080},Commune,2026-03-24 14:42:07.195692+01,gold_establishments_2025,,,,21680080500014,2025,Collectivité Territoriale,Commune,['Haut-Rhin'],['Grand Est'],COM,{68},{44}
40aca0af-b888-43b4-a947-75d368b44e7b,215901935,Commune de Emmerin (59),false,{59193},Commune,2026-03-24 14:42:04.280096+01,gold_establishments_2025,,,,21590193500043,2025,Collectivité Territoriale,Commune,['Nord'],['Hauts-de-France'],COM,{59},{32}
7b1e0b2d-be40-498c-87f2-e4262d748dee,213101660,Commune de Empeaux (31),false,{31166},Commune,2026-03-24 14:41:57.56054+01,gold_establishments_2025,,,,21310166000016,2025,Collectivité Territoriale,Commune,['Haute-Garonne'],['Occitanie'],COM,{31},{76}
49d26c7c-f909-43d6-8b74-7ff1d1080377,210700852,Commune de Empurany (07),false,{07085},Commune,2026-03-24 14:41:52.562531+01,gold_establishments_2025,,,,21070085200010,2025,Collectivité Territoriale,Commune,['Ardèche'],['Auvergne-Rhône-Alpes'],COM,{07},{84}
4e6b4c2a-1df8-463d-b4de-7b9323cb3a0f,215801085,Commune de Empury (58),false,{58108},Commune,2026-03-24 14:42:04.280096+01,gold_establishments_2025,,,,21580108500014,2025,Collectivité Territoriale,Commune,['Nièvre'],['Bourgogne-Franche-Comté'],COM,{58},{27}
1fc7afd2-07b2-4bf5-ac3a-1b55ef762209,211601273,Commune de Empuré (16),false,{16127},Commune,2026-03-24 14:41:54.362296+01,gold_establishments_2025,,,,21160127300017,2025,Collectivité Territoriale,Commune,['Charente'],['Nouvelle-Aquitaine'],COM,{16},{75}
a73fcfa4-a672-4478-85fc-e3e0328664d2,213201205,Commune de Encausse (32),false,{32120},Commune,2026-03-24 14:41:58.09424+01,gold_establishments_2025,,,,21320120500019,2025,Collectivité Territoriale,Commune,['Gers'],['Occitanie'],COM,{32},{76}
bce7f9a4-92b2-4186-9398-d279d8e05f08,213101678,Commune de Encausse-les-Thermes (31),false,{31167},Commune,2026-03-24 14:41:57.56054+01,gold_establishments_2025,,,,21310167800018,2025,Collectivité Territoriale,Commune,['Haute-Garonne'],['Occitanie'],COM,{31},{76}
b8b6a00e-4d79-48b3-87e0-83a7406605c4,210400735,Commune de Enchastrayes (04),false,{04073},Commune,2026-03-24 14:41:52.020251+01,gold_establishments_2025,,,,21040073500010,2025,Collectivité Territoriale,Commune,['Alpes-de-Haute-Provence'],"[""Provence-Alpes-Côte d'Azur""]",COM,{04},{93}
4e0866b4-f641-4488-84be-cd2348417e1a,215701921,Commune de Enchenberg (57),false,{57192},Commune,2026-03-24 14:42:03.701372+01,gold_establishments_2025,,,,21570192100011,2025,Collectivité Territoriale,Commune,['Moselle'],['Grand Est'],COM,{57},{44}
a7dffc72-ff84-4a0c-addf-aa1ce036d71e,210901104,Commune de Encourtiech (09),false,{09110},Commune,2026-03-24 14:41:53.095366+01,gold_establishments_2025,,,,21090110400013,2025,Collectivité Territoriale,Commune,['Ariège'],['Occitanie'],COM,{09},{76}
6482a5d4-780f-4d81-be6a-e2231c5fef49,213201213,Commune de Endoufielle (32),false,{32121},Commune,2026-03-24 14:41:58.09424+01,gold_establishments_2025,,,,21320121300013,2025,Collectivité Territoriale,Commune,['Gers'],['Occitanie'],COM,{32},{76}
8617358a-473a-4e98-899c-082537d8b2a2,215201336,Commune de Enfonvelle (52),false,{52185},Commune,2026-03-24 14:42:01.954481+01,gold_establishments_2025,,,,21520133600017,2025,Collectivité Territoriale,Commune,['Haute-Marne'],['Grand Est'],COM,{52},{44}
5a389d08-4059-4074-999e-bcd8655b743c,214700874,Commune de Engayrac (47),false,{47087},Commune,2026-03-24 14:42:00.862623+01,gold_establishments_2025,,,,21470087400016,2025,Collectivité Territoriale,Commune,['Lot-et-Garonne'],['Nouvelle-Aquitaine'],COM,{47},{75}
6f46af2c-5561-465c-9705-ccfc6b5e4b18,211001318,Commune de Engente (10),false,{10137},Commune,2026-03-24 14:41:53.095366+01,gold_establishments_2025,,,,21100131800016,2025,Collectivité Territoriale,Commune,['Aube'],['Grand Est'],COM,{10},{44}
f278b39c-5040-4951-934c-700538e4645e,214501330,Commune de Engenville (45),false,{45133},Commune,2026-03-24 14:42:00.862623+01,gold_establishments_2025,,,,21450133000010,2025,Collectivité Territoriale,Commune,['Loiret'],['Centre-Val de Loire'],COM,{45},{24}
92dbe199-1625-4e77-88d7-360f97af6d0a,219502101,Commune de Enghien-les-Bains (95),false,{95210},Commune,2026-03-24 14:42:11.659493+01,gold_establishments_2025,,,,21950210100013,2025,Collectivité Territoriale,Commune,"[""Val-d'Oise""]",['Île-de-France'],COM,{95},{11}
4e13b125-f116-4f6f-9d2f-2ab7fdcf1097,213801533,Commune de Engins (38),false,{38153},Commune,2026-03-24 14:41:59.160244+01,gold_establishments_2025,,,,21380153300018,2025,Collectivité Territoriale,Commune,['Isère'],['Auvergne-Rhône-Alpes'],COM,{38},{84}
a5fae8e8-b682-4060-88a3-35ee3ee18e9f,210202602,Commune de Englancourt (02),false,{02276},Commune,2026-03-24 14:41:52.020251+01,gold_establishments_2025,,,,21020260200012,2025,Collectivité Territoriale,Commune,['Aisne'],['Hauts-de-France'],COM,{02},{32}
af4ad123-fc54-4fe9-bb2d-12bb5491077e,218002558,Commune de Englebelmer (80),false,{80266},Commune,2026-03-24 14:42:09.967209+01,gold_establishments_2025,,,,21800255800011,2025,Collectivité Territoriale,Commune,['Somme'],['Hauts-de-France'],COM,{80},{32}
3a45d12c-6fa9-42aa-af89-cac2768947d6,215901943,Commune de Englefontaine (59),false,{59194},Commune,2026-03-24 14:42:04.280096+01,gold_establishments_2025,,,,21590194300013,2025,Collectivité Territoriale,Commune,['Nord'],['Hauts-de-France'],COM,{59},{32}
73386737-8f33-4df2-9253-d8318f817475,211402383,Commune de Englesqueville-en-Auge (14),false,{14238},Commune,2026-03-24 14:41:54.362296+01,gold_establishments_2025,,,,21140238300015,2025,Collectivité Territoriale,Commune,['Calvados'],['Normandie'],COM,{14},{28}
f589cfb2-452a-49bf-bbd1-790cebb6e733,211402391,Commune de Englesqueville-la-Percée (14),false,{14239},Commune,2026-03-24 14:41:54.362296+01,gold_establishments_2025,,,,21140239100018,2025,Collectivité Territoriale,Commune,['Calvados'],['Normandie'],COM,{14},{28}
3fa2d8da-a019-4f9c-84bc-a9434d068cd7,215901950,Commune de Englos (59),false,{59195},Commune,2026-03-24 14:42:04.280096+01,gold_establishments_2025,,,,21590195000018,2025,Collectivité Territoriale,Commune,['Nord'],['Hauts-de-France'],COM,{59},{32}
82278b44-da94-487b-b2a9-18bd88344474,210901112,Commune de Engomer (09),false,{09111},Commune,2026-03-24 14:41:53.095366+01,gold_establishments_2025,,,,21090111200016,2025,Collectivité Territoriale,Commune,['Ariège'],['Occitanie'],COM,{09},{76}
5b2dee17-bc0b-4d00-9174-11af10b3115b,216701235,Commune de Engwiller (67),false,{67123},Commune,2026-03-24 14:42:07.195692+01,gold_establishments_2025,,,,21670123500014,2025,Collectivité Territoriale,Commune,['Bas-Rhin'],['Grand Est'],COM,{67},{44}
840855e2-7628-496c-a00e-3335e95cd887,218002566,Commune de Ennemain (80),false,{80267},Commune,2026-03-24 14:42:09.967209+01,gold_establishments_2025,,,,21800256600014,2025,Collectivité Territoriale,Commune,['Somme'],['Hauts-de-France'],COM,{80},{32}
5f7c46bb-3ce4-48a8-9ba9-f35b9186481c,215701939,Commune de Ennery (57),false,{57193},Commune,2026-03-24 14:42:03.701372+01,gold_establishments_2025,,,,21570193900013,2025,Collectivité Territoriale,Commune,['Moselle'],['Grand Est'],COM,{57},{44}
5a24bc81-4702-437f-9d48-1d5064660223,219502119,Commune de Ennery (95),false,{95211},Commune,2026-03-24 14:42:11.659493+01,gold_establishments_2025,,,,21950211900015,2025,Collectivité Territoriale,Commune,"[""Val-d'Oise""]",['Île-de-France'],COM,{95},{11}
bbfd80bb-efc3-432e-9cc0-9b955c91fbf7,215901968,Commune de Ennetières-en-Weppes (59),false,{59196},Commune,2026-03-24 14:42:04.280096+01,gold_establishments_2025,,,,21590196800010,2025,Collectivité Territoriale,Commune,['Nord'],['Hauts-de-France'],COM,{59},{32}
42be9498-c678-4b8e-98e6-51062d51c4e9,215901976,Commune de Ennevelin (59),false,{59197},Commune,2026-03-24 14:42:04.280096+01,gold_establishments_2025,,,,21590197600013,2025,Collectivité Territoriale,Commune,['Nord'],['Hauts-de-France'],COM,{59},{32}
9820a275-44a4-4c81-aed6-ebbc4ea005ca,216301481,Commune de Ennezat (63),false,{63148},Commune,2026-03-24 14:42:06.130387+01,gold_establishments_2025,,,,21630148100018,2025,Collectivité Territoriale,Commune,['Puy-de-Dôme'],['Auvergne-Rhône-Alpes'],COM,{63},{84}
38212612-cd54-424d-91bd-12e219108045,211800883,Commune de Ennordres (18),false,{18088},Commune,2026-03-24 14:41:54.903238+01,gold_establishments_2025,,,,21180088300012,2025,Collectivité Territoriale,Commune,['Cher'],['Centre-Val de Loire'],COM,{18},{24}
c270ac5f-24e8-4022-b412-a4eb7138bb1d,200063006,Commune de Enquin-lez-Guinegatte (62),false,{62295},Commune,2026-03-24 14:42:05.597325+01,gold_establishments_2025,,,,20006300600015,2025,Collectivité Territoriale,Commune,['Pas-de-Calais'],['Hauts-de-France'],COM,{62},{32}
5f369500-93b7-4154-9101-248d96e24fca,216202960,Commune de Enquin-sur-Baillons (62),false,{62296},Commune,2026-03-24 14:42:05.597325+01,gold_establishments_2025,,,,21620296000011,2025,Collectivité Territoriale,Commune,['Pas-de-Calais'],['Hauts-de-France'],COM,{62},{32}
133d2557-2e49-45d4-a6d8-71570a1afadd,216501577,Commune de Ens (65),false,{65157},Commune,2026-03-24 14:42:06.665412+01,gold_establishments_2025,,,,21650157700011,2025,Collectivité Territoriale,Commune,['Hautes-Pyrénées'],['Occitanie'],COM,{65},{76}
e1352121-aed8-4d42-a23e-2949940671ac,217901115,Commune de Ensigné (79),false,{79111},Commune,2026-03-24 14:42:09.43682+01,gold_establishments_2025,,,,21790111500014,2025,Collectivité Territoriale,Commune,['Deux-Sèvres'],['Nouvelle-Aquitaine'],COM,{79},{75}
2d346be9-65ac-4bc6-9f4d-0c9eb7a6845c,216800821,Commune de Ensisheim (68),false,{68082},Commune,2026-03-24 14:42:07.195692+01,gold_establishments_2025,,,,21680082100102,2025,Collectivité Territoriale,Commune,['Haut-Rhin'],['Grand Est'],COM,{68},{44}
17244462-9175-408d-a259-238835b2b45b,211300330,Commune de Ensuès-la-Redonne (13),false,{13033},Commune,2026-03-24 14:41:53.63825+01,gold_establishments_2025,,,,21130033000019,2025,Collectivité Territoriale,Commune,['Bouches-du-Rhône'],"[""Provence-Alpes-Côte d'Azur""]",COM,{13},{93}
f79ecfce-df85-46eb-962b-96fba8e47e34,210400743,Commune de Entrages (04),false,{04074},Commune,2026-03-24 14:41:52.020251+01,gold_establishments_2025,,,,21040074300014,2025,Collectivité Territoriale,Commune,['Alpes-de-Haute-Provence'],"[""Provence-Alpes-Côte d'Azur""]",COM,{04},{93}
dc5767b1-67f0-41cf-b635-2a4fea092b47,213801541,Commune de Entraigues (38),false,{38154},Commune,2026-03-24 14:41:59.160244+01,gold_establishments_2025,,,,21380154100011,2025,Collectivité Territoriale,Commune,['Isère'],['Auvergne-Rhône-Alpes'],COM,{38},{84}
a153dd71-d684-4084-8c3f-91f54076234a,216301499,Commune de Entraigues (63),false,{63149},Commune,2026-03-24 14:42:06.130387+01,gold_establishments_2025,,,,21630149900010,2025,Collectivité Territoriale,Commune,['Puy-de-Dôme'],['Auvergne-Rhône-Alpes'],COM,{63},{84}
8be45753-a55b-4112-9151-51f8476cf105,218400430,Commune de Entraigues-sur-la-Sorgue (84),false,{84043},Commune,2026-03-24 14:42:10.508772+01,gold_establishments_2025,,,,21840043000011,2025,Collectivité Territoriale,Commune,['Vaucluse'],"[""Provence-Alpes-Côte d'Azur""]",COM,{84},{93}
65ee505c-2665-4396-bec6-72a9d1ae9fb3,215801093,Commune de Entrains-sur-Nohain (58),false,{58109},Commune,2026-03-24 14:42:04.280096+01,gold_establishments_2025,,,,21580109300018,2025,Collectivité Territoriale,Commune,['Nièvre'],['Bourgogne-Franche-Comté'],COM,{58},{27}
5650c0bd-ca13-47af-8042-f3ec24b68654,215300948,Commune de Entrammes (53),false,{53094},Commune,2026-03-24 14:42:02.957225+01,gold_establishments_2025,,,,21530094800142,2025,Collectivité Territoriale,Commune,['Mayenne'],['Pays de la Loire'],COM,{53},{52}
5f3a8fb0-787d-4d86-9b67-c916ec350736,215701947,Commune de Entrange (57),false,{57194},Commune,2026-03-24 14:42:03.701372+01,gold_establishments_2025,,,,21570194700016,2025,Collectivité Territoriale,Commune,['Moselle'],['Grand Est'],COM,{57},{44}
abdc1cad-fd87-49f4-8d34-7e48f4bd9c0c,210600565,Commune de Entraunes (06),false,{06056},Commune,2026-03-24 14:41:52.562531+01,gold_establishments_2025,,,,21060056500019,2025,Collectivité Territoriale,Commune,['Alpes-Maritimes'],"[""Provence-Alpes-Côte d'Azur""]",COM,{06},{93}
34ea6acd-26d8-4b9d-8a33-0807cbde31b5,211200944,Commune de Entraygues-sur-Truyère (12),false,{12094},Commune,2026-03-24 14:41:53.63825+01,gold_establishments_2025,,,,21120094400018,2025,Collectivité Territoriale,Commune,['Aveyron'],['Occitanie'],COM,{12},{76}
d714ef98-0498-456b-8155-9e00b0b0bb4a,219740032,Commune de Entre-Deux (974),false,{97403},Commune,2026-03-24 14:42:11.659493+01,gold_establishments_2025,,,,21974003200012,2025,Collectivité Territoriale,Commune,['La Réunion'],['La Réunion'],COM,{974},{04}
730b16d0-ea74-459f-8a08-9d5e6ae54bc3,200086296,Commune de Entre-Vignes (34),false,{34246},Commune,2026-03-24 14:41:58.620411+01,gold_establishments_2025,,,,20008629600015,2025,Collectivité Territoriale,Commune,['Hérault'],['Occitanie'],COM,{34},{76}
a8c98b7b-73ca-437a-bb26-6f1bbe8f7f91,218801595,Commune de Entre-deux-Eaux (88),false,{88159},Commune,2026-03-24 14:42:11.118516+01,gold_establishments_2025,,,,21880159500016,2025,Collectivité Territoriale,Commune,['Vosges'],['Grand Est'],COM,{88},{44}
312f33f4-d725-4104-a9a8-8de0776fa0a7,213801558,Commune de Entre-deux-Guiers (38),false,{38155},Commune,2026-03-24 14:41:59.160244+01,gold_establishments_2025,,,,21380155800015,2025,Collectivité Territoriale,Commune,['Isère'],['Auvergne-Rhône-Alpes'],COM,{38},{84}
678ac557-a86c-4f51-9685-cb9f1df2d95b,213902083,Commune de Entre-deux-Monts (39),false,{39208},Commune,2026-03-24 14:41:59.705606+01,gold_establishments_2025,,,,21390208300012,2025,Collectivité Territoriale,Commune,['Jura'],['Bourgogne-Franche-Comté'],COM,{39},{27}
22886a7f-d1dc-4be7-9fa0-6571621cf386,218300515,Commune de Entrecasteaux (83),false,{83051},Commune,2026-03-24 14:42:10.508772+01,gold_establishments_2025,,,,21830051500010,2025,Collectivité Territoriale,Commune,['Var'],"[""Provence-Alpes-Côte d'Azur""]",COM,{83},{93}
3d285cf1-c7e6-4ad7-a1f1-06c6609b345d,218400448,Commune de Entrechaux (84),false,{84044},Commune,2026-03-24 14:42:10.508772+01,gold_establishments_2025,,,,21840044800013,2025,Collectivité Territoriale,Commune,['Vaucluse'],"[""Provence-Alpes-Côte d'Azur""]",COM,{84},{93}
9982696c-0a63-4d51-af78-7c1429768e18,200053833,Commune de Entrelacs (73),false,{73010},Commune,2026-03-24 14:42:08.279287+01,gold_establishments_2025,,,,20005383300014,2025,Collectivité Territoriale,Commune,['Savoie'],['Auvergne-Rhône-Alpes'],COM,{73},{84}
22dabbce-c396-4251-9d19-dc38d5ed6b76,217301076,Commune de Entremont-le-Vieux (73),false,{73107},Commune,2026-03-24 14:42:08.279287+01,gold_establishments_2025,,,,21730107600014,2025,Collectivité Territoriale,Commune,['Savoie'],['Auvergne-Rhône-Alpes'],COM,{73},{84}
0465d9d6-3028-4004-8e71-a410f3fcc9b0,210400750,Commune de Entrepierres (04),false,{04075},Commune,2026-03-24 14:41:52.020251+01,gold_establishments_2025,,,,21040075000019,2025,Collectivité Territoriale,Commune,['Alpes-de-Haute-Provence'],"[""Provence-Alpes-Côte d'Azur""]",COM,{04},{93}
3239196d-bcae-4fa0-8f33-7253bdf20bec,210400768,Commune de Entrevaux (04),false,{04076},Commune,2026-03-24 14:41:52.020251+01,gold_establishments_2025,,,,21040076800011,2025,Collectivité Territoriale,Commune,['Alpes-de-Haute-Provence'],"[""Provence-Alpes-Côte d'Azur""]",COM,{04},{93}
e7bede3b-2e7f-457f-8ba7-58ff9f8ed861,210400776,Commune de Entrevennes (04),false,{04077},Commune,2026-03-24 14:41:52.020251+01,gold_establishments_2025,,,,21040077600014,2025,Collectivité Territoriale,Commune,['Alpes-de-Haute-Provence'],"[""Provence-Alpes-Côte d'Azur""]",COM,{04},{93}
05ba612c-ab24-4859-8229-53f81a5f18cc,217401116,Commune de Entrevernes (74),false,{74111},Commune,2026-03-24 14:42:08.279287+01,gold_establishments_2025,,,,21740111600017,2025,Collectivité Territoriale,Commune,['Haute-Savoie'],['Auvergne-Rhône-Alpes'],COM,{74},{84}
06b09de7-f21c-4826-a7ae-d8ff828509fc,216701243,Commune de Entzheim (67),false,{67124},Commune,2026-03-24 14:42:07.195692+01,gold_establishments_2025,,,,21670124300018,2025,Collectivité Territoriale,Commune,['Bas-Rhin'],['Grand Est'],COM,{67},{44}
925fdfd7-7c89-4883-9d3b-619cbb17f365,216301507,Commune de Enval (63),false,{63150},Commune,2026-03-24 14:42:06.130387+01,gold_establishments_2025,,,,21630150700010,2025,Collectivité Territoriale,Commune,['Puy-de-Dôme'],['Auvergne-Rhône-Alpes'],COM,{63},{84}
17d72b1f-803d-443c-985f-6d38bec0fa12,216600668,Commune de Enveitg (66),false,{66066},Commune,2026-03-24 14:42:06.665412+01,gold_establishments_2025,,,,21660066800018,2025,Collectivité Territoriale,Commune,['Pyrénées-Orientales'],['Occitanie'],COM,{66},{76}
34cadacc-f1f3-46d2-a59b-6b95a0330862,217602358,Commune de Envermeu (76),false,{76235},Commune,2026-03-24 14:42:08.818969+01,gold_establishments_2025,,,,21760235800012,2025,Collectivité Territoriale,Commune,['Seine-Maritime'],['Normandie'],COM,{76},{28}
6737de2c-6cde-4d9f-9c8e-c9c72381bef4,217602366,Commune de Envronville (76),false,{76236},Commune,2026-03-24 14:42:08.818969+01,gold_establishments_2025,,,,21760236600015,2025,Collectivité Territoriale,Commune,['Seine-Maritime'],['Normandie'],COM,{76},{28}
e5971951-f89b-4070-a470-04741d71f2e0,213101686,Commune de Eoux (31),false,{31168},Commune,2026-03-24 14:41:57.56054+01,gold_establishments_2025,,,,21310168600011,2025,Collectivité Territoriale,Commune,['Haute-Garonne'],['Occitanie'],COM,{31},{76}
ba29f181-22ee-408c-ba64-04a0cc8d96e9,200053551,Commune de Epagny Metz-Tessy (74),false,{74112},Commune,2026-03-24 14:42:08.279287+01,gold_establishments_2025,,,,20005355100012,2025,Collectivité Territoriale,Commune,['Haute-Savoie'],['Auvergne-Rhône-Alpes'],COM,{74},{84}
a7a50f2a-585a-41f0-84af-e04e4b9b479c,216701250,Commune de Epfig (67),false,{67125},Commune,2026-03-24 14:42:07.195692+01,gold_establishments_2025,,,,21670125000013,2025,Collectivité Territoriale,Commune,['Bas-Rhin'],['Grand Est'],COM,{67},{44}
cc06d43f-b999-4364-8e87-8f86452c0f41,213501042,Commune de Epiniac (35),false,{35104},Commune,2026-03-24 14:41:58.620411+01,gold_establishments_2025,,,,21350104200013,2025,Collectivité Territoriale,Commune,['Ille-et-Vilaine'],['Bretagne'],COM,{35},{53}
8fbab039-244c-4c70-a49e-455fbad3c1b6,215801101,Commune de Epiry (58),false,{58110},Commune,2026-03-24 14:42:04.280096+01,gold_establishments_2025,,,,21580110100019,2025,Collectivité Territoriale,Commune,['Nièvre'],['Bourgogne-Franche-Comté'],COM,{58},{27}
03d08e66-84a0-426e-b39c-1b658579b28b,215901984,Commune de Eppe-Sauvage (59),false,{59198},Commune,2026-03-24 14:42:04.280096+01,gold_establishments_2025,,,,21590198400017,2025,Collectivité Territoriale,Commune,['Nord'],['Hauts-de-France'],COM,{59},{32}
77b9ee75-72ea-4215-86b5-8af919d0e235,210202669,Commune de Eppes (02),false,{02282},Commune,2026-03-24 14:41:52.020251+01,gold_establishments_2025,,,,21020266900011,2025,Collectivité Territoriale,Commune,['Aisne'],['Hauts-de-France'],COM,{02},{32}
9ebc7a6b-b631-4f03-a8e4-ca788832d68e,218002632,Commune de Eppeville (80),false,{80274},Commune,2026-03-24 14:42:09.967209+01,gold_establishments_2025,,,,21800263200014,2025,Collectivité Territoriale,Commune,['Somme'],['Hauts-de-France'],COM,{80},{32}
9460bdf1-5583-4ce5-854f-fe53c99bb2e4,215701954,Commune de Epping (57),false,{57195},Commune,2026-03-24 14:42:03.701372+01,gold_establishments_2025,,,,21570195400012,2025,Collectivité Territoriale,Commune,['Moselle'],['Grand Est'],COM,{57},{44}
398f1eb1-11e7-4b99-b073-c9e419858c1a,216202994,Commune de Eps (62),false,{62299},Commune,2026-03-24 14:42:05.597325+01,gold_establishments_2025,,,,21620299400010,2025,Collectivité Territoriale,Commune,['Pas-de-Calais'],['Hauts-de-France'],COM,{62},{32}
05cccb36-6dea-498b-86c5-00b2cf4ba83d,211402441,Commune de Eraines (14),false,{14244},Commune,2026-03-24 14:41:54.362296+01,gold_establishments_2025,,,,21140244100011,2025,Collectivité Territoriale,Commune,['Calvados'],['Normandie'],COM,{14},{28}
4d0487a1-862b-4559-911b-d1f89616e3df,212001051,Commune de Erbajolo (2B),false,{2B105},Commune,2026-03-24 14:41:57.56054+01,gold_establishments_2025,,,,21200105100011,2025,Collectivité Territoriale,Commune,['Haute-Corse'],['Corse'],COM,{2B},{94}
8c86e6db-dbe6-488a-a5e5-1c82a63def98,214400541,Commune de Erbray (44),false,{44054},Commune,2026-03-24 14:42:00.273698+01,gold_establishments_2025,,,,21440054100014,2025,Collectivité Territoriale,Commune,['Loire-Atlantique'],['Pays de la Loire'],COM,{44},{52}
eed1ffeb-ac98-4af7-b03f-c9808e2dfdf3,213501059,Commune de Erbrée (35),false,{35105},Commune,2026-03-24 14:41:58.620411+01,gold_establishments_2025,,,,21350105900017,2025,Collectivité Territoriale,Commune,['Ille-et-Vilaine'],['Bretagne'],COM,{35},{53}
c444d67e-8b7d-4f5f-84f8-738a6367d0e2,215401803,Commune de Erbéviller-sur-Amezule (54),false,{54180},Commune,2026-03-24 14:42:02.957225+01,gold_establishments_2025,,,,21540180300014,2025,Collectivité Territoriale,Commune,['Meurthe-et-Moselle'],['Grand Est'],COM,{54},{44}
3e5b30c2-665f-44c6-afdb-028b25a087d2,214501355,Commune de Erceville (45),false,{45135},Commune,2026-03-24 14:42:00.862623+01,gold_establishments_2025,,,,21450135500017,2025,Collectivité Territoriale,Commune,['Loiret'],['Centre-Val de Loire'],COM,{45},{24}
bd377388-486d-4fc0-aa22-6d397eff42e9,218002665,Commune de Erches (80),false,{80278},Commune,2026-03-24 14:42:09.967209+01,gold_establishments_2025,,,,21800266500014,2025,Collectivité Territoriale,Commune,['Somme'],['Hauts-de-France'],COM,{80},{32}
af509595-33b4-44f7-829d-24cb2a76c616,218002673,Commune de Ercheu (80),false,{80279},Commune,2026-03-24 14:42:09.967209+01,gold_establishments_2025,,,,21800267300018,2025,Collectivité Territoriale,Commune,['Somme'],['Hauts-de-France'],COM,{80},{32}
12f7e385-6e42-4655-9e72-98716dacaaa4,215901992,Commune de Erchin (59),false,{59199},Commune,2026-03-24 14:42:04.280096+01,gold_establishments_2025,,,,21590199200010,2025,Collectivité Territoriale,Commune,['Nord'],['Hauts-de-France'],COM,{59},{32}
31e459b5-c485-4314-b704-5979a332d68c,215701962,Commune de Erching (57),false,{57196},Commune,2026-03-24 14:42:03.701372+01,gold_establishments_2025,,,,21570196200015,2025,Collectivité Territoriale,Commune,['Moselle'],['Grand Est'],COM,{57},{44}
e6beb0d3-570e-4910-ae4e-c6cacde83684,216701268,Commune de Erckartswiller (67),false,{67126},Commune,2026-03-24 14:42:07.195692+01,gold_establishments_2025,,,,21670126800015,2025,Collectivité Territoriale,Commune,['Bas-Rhin'],['Grand Est'],COM,{67},{44}
7bcfa9d7-ed6d-496e-90ae-e0405a3b0fc1,218002681,Commune de Ercourt (80),false,{80280},Commune,2026-03-24 14:42:09.967209+01,gold_establishments_2025,,,,21800268100011,2025,Collectivité Territoriale,Commune,['Somme'],['Hauts-de-France'],COM,{80},{32}
6d970ee7-12f1-4ae6-84c8-3844c0b22e81,216002105,Commune de Ercuis (60),false,{60212},Commune,2026-03-24 14:42:04.814328+01,gold_establishments_2025,,,,21600210500015,2025,Collectivité Territoriale,Commune,['Oise'],['Hauts-de-France'],COM,{60},{32}
4d68cb12-707f-478c-8a2d-358a6ea9dc67,210901138,Commune de Ercé (09),false,{09113},Commune,2026-03-24 14:41:53.095366+01,gold_establishments_2025,,,,21090113800011,2025,Collectivité Territoriale,Commune,['Ariège'],['Occitanie'],COM,{09},{76}
693cec96-12e5-427c-9bf0-d4887413b8d7,213501067,Commune de Ercé-en-Lamée (35),false,{35106},Commune,2026-03-24 14:41:58.620411+01,gold_establishments_2025,,,,21350106700010,2025,Collectivité Territoriale,Commune,['Ille-et-Vilaine'],['Bretagne'],COM,{35},{53}
e5198397-7240-48a1-8468-7f7e374e4bb4,213501075,Commune de Ercé-près-Liffré (35),false,{35107},Commune,2026-03-24 14:41:58.620411+01,gold_establishments_2025,,,,21350107500013,2025,Collectivité Territoriale,Commune,['Ille-et-Vilaine'],['Bretagne'],COM,{35},{53}
59f5f354-f00c-46a9-937e-ec2a5937b151,215600545,Commune de Erdeven (56),false,{56054},Commune,2026-03-24 14:42:03.701372+01,gold_establishments_2025,,,,21560054500010,2025,Collectivité Territoriale,Commune,['Morbihan'],['Bretagne'],COM,{56},{53}
4b1fa7f7-2a93-43c9-b83e-47ae7c7bdc39,200059582,Commune de Erdre-en-Anjou (49),false,{49367},Commune,2026-03-24 14:42:01.412377+01,gold_establishments_2025,,,,20005958200011,2025,Collectivité Territoriale,Commune,['Maine-et-Loire'],['Pays de la Loire'],COM,{49},{52}
9441fa25-166e-49d3-8d4b-17e4e66588a7,216701276,Commune de Ergersheim (67),false,{67127},Commune,2026-03-24 14:42:07.195692+01,gold_establishments_2025,,,,21670127600034,2025,Collectivité Territoriale,Commune,['Bas-Rhin'],['Grand Est'],COM,{67},{44}
a1a134b4-461b-48f9-9427-abb0e17c5214,218002699,Commune de Ergnies (80),false,{80281},Commune,2026-03-24 14:42:09.967209+01,gold_establishments_2025,,,,21800269900013,2025,Collectivité Territoriale,Commune,['Somme'],['Hauts-de-France'],COM,{80},{32}
d6e24f77-2a30-4c6b-895d-43c8b677f512,216203026,Commune de Ergny (62),false,{62302},Commune,2026-03-24 14:42:05.597325+01,gold_establishments_2025,,,,21620302600010,2025,Collectivité Territoriale,Commune,['Pas-de-Calais'],['Hauts-de-France'],COM,{62},{32}
5edb9aed-eac4-46f7-8282-def3d35787e5,212900518,Commune de Ergué-Gabéric (29),false,{29051},Commune,2026-03-24 14:41:57.028721+01,gold_establishments_2025,,,,21290051800201,2025,Collectivité Territoriale,Commune,['Finistère'],['Bretagne'],COM,{29},{53}
7b8220af-bb78-4cbe-8383-5ddd8d451b84,215902008,Commune de Eringhem (59),false,{59200},Commune,2026-03-24 14:42:04.280096+01,gold_establishments_2025,,,,21590200800014,2025,Collectivité Territoriale,Commune,['Nord'],['Hauts-de-France'],COM,{59},{32}
c48fa403-ba48-4102-861e-6503ecfa09e6,210202677,Commune de Erlon (02),false,{02283},Commune,2026-03-24 14:41:52.020251+01,gold_establishments_2025,,,,21020267700014,2025,Collectivité Territoriale,Commune,['Aisne'],['Hauts-de-France'],COM,{02},{32}
07b80caa-ec31-403e-acde-d0979ba64011,210202685,Commune de Erloy (02),false,{02284},Commune,2026-03-24 14:41:52.020251+01,gold_establishments_2025,,,,21020268500017,2025,Collectivité Territoriale,Commune,['Aisne'],['Hauts-de-France'],COM,{02},{32}
f7ae0918-408c-42ab-8a2e-07e6bb9196b2,216002113,Commune de Ermenonville (60),false,{60213},Commune,2026-03-24 14:42:04.814328+01,gold_establishments_2025,,,,21600211300019,2025,Collectivité Territoriale,Commune,['Oise'],['Hauts-de-France'],COM,{60},{32}
a7d6c4af-6268-48ce-a3af-8ce1eb8ff3e4,212801419,Commune de Ermenonville-la-Grande (28),false,{28141},Commune,2026-03-24 14:41:57.028721+01,gold_establishments_2025,,,,21280141900012,2025,Collectivité Territoriale,Commune,['Eure-et-Loir'],['Centre-Val de Loire'],COM,{28},{24}
e8a47d20-c5f4-475e-b004-5020a23217a6,212801427,Commune de Ermenonville-la-Petite (28),false,{28142},Commune,2026-03-24 14:41:57.028721+01,gold_establishments_2025,,,,21280142700015,2025,Collectivité Territoriale,Commune,['Eure-et-Loir'],['Centre-Val de Loire'],COM,{28},{24}
f1f558c1-743d-460a-ab05-82a999b57adc,217602416,Commune de Ermenouville (76),false,{76241},Commune,2026-03-24 14:42:08.818969+01,gold_establishments_2025,,,,21760241600018,2025,Collectivité Territoriale,Commune,['Seine-Maritime'],['Normandie'],COM,{76},{28}
ad4e26f2-a4d7-483d-99d4-bbfd2bbfd07a,219502192,Commune de Ermont (95),false,{95219},Commune,2026-03-24 14:42:11.659493+01,gold_establishments_2025,,,,21950219200012,2025,Collectivité Territoriale,Commune,"[""Val-d'Oise""]",['Île-de-France'],COM,{95},{11}
c5edf572-5118-4ca0-b949-71396c314abd,216002121,Commune de Ernemont-Boutavent (60),false,{60214},Commune,2026-03-24 14:42:04.814328+01,gold_establishments_2025,,,,21600212100012,2025,Collectivité Territoriale,Commune,['Oise'],['Hauts-de-France'],COM,{60},{32}
81fa919c-05d2-43dc-bd1a-5825199239df,217602424,Commune de Ernemont-la-Villette (76),false,{76242},Commune,2026-03-24 14:42:08.818969+01,gold_establishments_2025,,,,21760242400012,2025,Collectivité Territoriale,Commune,['Seine-Maritime'],['Normandie'],COM,{76},{28}
e4fd4414-5c84-4ece-9cb7-4ba039f1518b,217602432,Commune de Ernemont-sur-Buchy (76),false,{76243},Commune,2026-03-24 14:42:08.818969+01,gold_establishments_2025,,,,21760243200015,2025,Collectivité Territoriale,Commune,['Seine-Maritime'],['Normandie'],COM,{76},{28}
374c4399-2523-4651-88ae-e503a931b075,211402458,Commune de Ernes (14),false,{14245},Commune,2026-03-24 14:41:54.362296+01,gold_establishments_2025,,,,21140245800015,2025,Collectivité Territoriale,Commune,['Calvados'],['Normandie'],COM,{14},{28}
ab2a9047-147d-452d-b516-93e2fd62a487,215701970,Commune de Ernestviller (57),false,{57197},Commune,2026-03-24 14:42:03.701372+01,gold_establishments_2025,,,,21570197000018,2025,Collectivité Territoriale,Commune,['Moselle'],['Grand Est'],COM,{57},{44}
9e65aa99-a8f5-4ed1-9116-935e30dc111c,215501792,Commune de Erneville-aux-Bois (55),false,{55179},Commune,2026-03-24 14:42:02.957225+01,gold_establishments_2025,,,,21550179200018,2025,Collectivité Territoriale,Commune,['Meuse'],['Grand Est'],COM,{55},{44}
911302ed-50e1-45f4-a2cf-97f6cf75760d,216701284,Commune de Ernolsheim-Bruche (67),false,{67128},Commune,2026-03-24 14:42:07.195692+01,gold_establishments_2025,,,,21670128400012,2025,Collectivité Territoriale,Commune,['Bas-Rhin'],['Grand Est'],COM,{67},{44}
06417157-e089-4a0d-b987-412547794245,216701292,Commune de Ernolsheim-lès-Saverne (67),false,{67129},Commune,2026-03-24 14:42:07.195692+01,gold_establishments_2025,,,,21670129200015,2025,Collectivité Territoriale,Commune,['Bas-Rhin'],['Grand Est'],COM,{67},{44}
de671c2f-cd84-4518-b264-08507aab7069,216203042,Commune de Erny-Saint-Julien (62),false,{62304},Commune,2026-03-24 14:42:05.597325+01,gold_establishments_2025,,,,21620304200017,2025,Collectivité Territoriale,Commune,['Pas-de-Calais'],['Hauts-de-France'],COM,{62},{32}
fef66c1e-70fc-4038-9ec7-601e7f30ccdc,215300963,Commune de Ernée (53),false,{53096},Commune,2026-03-24 14:42:02.957225+01,gold_establishments_2025,,,,21530096300018,2025,Collectivité Territoriale,Commune,['Mayenne'],['Pays de la Loire'],COM,{53},{52}
4f4a4eaa-4be1-439e-84ab-7e227fc2b106,210901146,Commune de Erp (09),false,{09114},Commune,2026-03-24 14:41:53.095366+01,gold_establishments_2025,,,,21090114600014,2025,Collectivité Territoriale,Commune,['Ariège'],['Occitanie'],COM,{09},{76}
fdaaed1a-3517-4a17-ac2c-1fe221e713bb,216002139,Commune de Erquery (60),false,{60215},Commune,2026-03-24 14:42:04.814328+01,gold_establishments_2025,,,,21600213900014,2025,Collectivité Territoriale,Commune,['Oise'],['Hauts-de-France'],COM,{60},{32}
a9d9df24-ad4d-4ab8-9d02-1c6b7f811253,215902024,Commune de Erquinghem-Lys (59),false,{59202},Commune,2026-03-24 14:42:04.280096+01,gold_establishments_2025,,,,21590202400011,2025,Collectivité Territoriale,Commune,['Nord'],['Hauts-de-France'],COM,{59},{32}
896f5837-d0a5-4ef7-85c9-04e823d0c959,215902016,Commune de Erquinghem-le-Sec (59),false,{59201},Commune,2026-03-24 14:42:04.280096+01,gold_establishments_2025,,,,21590201600017,2025,Collectivité Territoriale,Commune,['Nord'],['Hauts-de-France'],COM,{59},{32}
29bd2c2c-bc3f-4c2e-b584-ab920b7105e9,216002147,Commune de Erquinvillers (60),false,{60216},Commune,2026-03-24 14:42:04.814328+01,gold_establishments_2025,,,,21600214700017,2025,Collectivité Territoriale,Commune,['Oise'],['Hauts-de-France'],COM,{60},{32}
3951775f-e7b6-4856-a486-0535f926fe80,212200547,Commune de Erquy (22),false,{22054},Commune,2026-03-24 14:41:55.433389+01,gold_establishments_2025,,,,21220054700017,2025,Collectivité Territoriale,Commune,"[""Côtes-d'Armor""]",['Bretagne'],COM,{22},{53}
f89cecfc-b7d9-42fd-9ae9-ad50dc019658,216600676,Commune de Err (66),false,{66067},Commune,2026-03-24 14:42:06.665412+01,gold_establishments_2025,,,,21660067600011,2025,Collectivité Territoriale,Commune,['Pyrénées-Orientales'],['Occitanie'],COM,{66},{76}
3f9b2e67-4f43-4468-b1c6-5c8586ef6450,215902032,Commune de Erre (59),false,{59203},Commune,2026-03-24 14:42:04.280096+01,gold_establishments_2025,,,,21590203200014,2025,Collectivité Territoriale,Commune,['Nord'],['Hauts-de-France'],COM,{59},{32}
1c341179-d5bf-4f66-8a3c-88da2bbd0d2c,217002153,Commune de Errevet (70),false,{70215},Commune,2026-03-24 14:42:07.735343+01,gold_establishments_2025,,,,21700215300013,2025,Collectivité Territoriale,Commune,['Haute-Saône'],['Bourgogne-Franche-Comté'],COM,{70},{27}
3ff003b8-051f-4c79-b323-7d5f9fc95176,215401811,Commune de Errouville (54),false,{54181},Commune,2026-03-24 14:42:02.957225+01,gold_establishments_2025,,,,21540181100017,2025,Collectivité Territoriale,Commune,['Meurthe-et-Moselle'],['Grand Est'],COM,{54},{44}
9be0b7bc-bf2d-41a1-a3b5-2a2006fb8322,212001077,Commune de Ersa (2B),false,{2B107},Commune,2026-03-24 14:41:57.56054+01,gold_establishments_2025,,,,21200107700016,2025,Collectivité Territoriale,Commune,['Haute-Corse'],['Corse'],COM,{2B},{94}
5b0c15ac-731b-46d1-9c38-d65e91e9561b,216701300,Commune de Erstein (67),false,{67130},Commune,2026-03-24 14:42:07.195692+01,gold_establishments_2025,,,,21670130000016,2025,Collectivité Territoriale,Commune,['Bas-Rhin'],['Grand Est'],COM,{67},{44}
f9f32247-d778-45ca-bb86-340914b6049a,215701988,Commune de Erstroff (57),false,{57198},Commune,2026-03-24 14:42:03.701372+01,gold_establishments_2025,,,,21570198800010,2025,Collectivité Territoriale,Commune,['Moselle'],['Grand Est'],COM,{57},{44}
7919ecc9-e744-424a-9830-2a6e76a65fa4,214501363,Commune de Ervauville (45),false,{45136},Commune,2026-03-24 14:42:00.862623+01,gold_establishments_2025,,,,21450136300011,2025,Collectivité Territoriale,Commune,['Loiret'],['Centre-Val de Loire'],COM,{45},{24}
3ee6c076-a15b-4b37-be1f-4da95e5ab044,216203067,Commune de Ervillers (62),false,{62306},Commune,2026-03-24 14:42:05.597325+01,gold_establishments_2025,,,,21620306700014,2025,Collectivité Territoriale,Commune,['Pas-de-Calais'],['Hauts-de-France'],COM,{62},{32}
41ab3181-0293-4c82-9ea0-fbd28cb46c99,211001342,Commune de Ervy-le-Châtel (10),false,{10140},Commune,2026-03-24 14:41:53.095366+01,gold_establishments_2025,,,,21100134200016,2025,Collectivité Territoriale,Commune,['Aube'],['Grand Est'],COM,{10},{44}
45ed0d62-e30d-4083-910d-6682f7cf1c8e,216501585,Commune de Esbareich (65),false,{65158},Commune,2026-03-24 14:42:06.665412+01,gold_establishments_2025,,,,21650158500014,2025,Collectivité Territoriale,Commune,['Hautes-Pyrénées'],['Occitanie'],COM,{65},{76}
56a51ced-2a40-47c8-8cec-884667675a67,212102495,Commune de Esbarres (21),false,{21249},Commune,2026-03-24 14:41:55.433389+01,gold_establishments_2025,,,,21210249500018,2025,Collectivité Territoriale,Commune,"[""Côte-d'Or""]",['Bourgogne-Franche-Comté'],COM,{21},{27}
e7073926-ef2f-4a3c-a964-78f87a6cce19,217701713,Commune de Esbly (77),false,{77171},Commune,2026-03-24 14:42:09.43682+01,gold_establishments_2025,,,,21770171300018,2025,Collectivité Territoriale,Commune,['Seine-et-Marne'],['Île-de-France'],COM,{77},{11}
59c756af-604a-4ed0-8dd1-337b0045b99b,217002161,Commune de Esboz-Brest (70),false,{70216},Commune,2026-03-24 14:42:07.735343+01,gold_establishments_2025,,,,21700216100016,2025,Collectivité Territoriale,Commune,['Haute-Saône'],['Bourgogne-Franche-Comté'],COM,{70},{27}
33cc98b9-0887-4927-b30e-16a535756271,216501593,Commune de Escala (65),false,{65159},Commune,2026-03-24 14:42:06.665412+01,gold_establishments_2025,,,,21650159300018,2025,Collectivité Territoriale,Commune,['Hautes-Pyrénées'],['Occitanie'],COM,{65},{76}
e1f63ea0-6f00-4b45-943a-fb359514350f,214000937,Commune de Escalans (40),false,{40093},Commune,2026-03-24 14:41:59.705606+01,gold_establishments_2025,,,,21400093700018,2025,Collectivité Territoriale,Commune,['Landes'],['Nouvelle-Aquitaine'],COM,{40},{75}
0a2c515a-6e0e-4b11-80d2-b87a83d4e9df,211101266,Commune de Escales (11),false,{11126},Commune,2026-03-24 14:41:53.63825+01,gold_establishments_2025,,,,21110126600016,2025,Collectivité Territoriale,Commune,['Aude'],['Occitanie'],COM,{11},{76}
6600469d-d361-490d-8154-d23c0f1e4dfd,216203075,Commune de Escalles (62),false,{62307},Commune,2026-03-24 14:42:05.597325+01,gold_establishments_2025,,,,21620307500017,2025,Collectivité Territoriale,Commune,['Pas-de-Calais'],['Hauts-de-France'],COM,{62},{32}
2bb56b3f-bc8a-4ab2-b635-1efe0adfc2ef,213101694,Commune de Escalquens (31),false,{31169},Commune,2026-03-24 14:41:57.56054+01,gold_establishments_2025,,,,21310169400015,2025,Collectivité Territoriale,Commune,['Haute-Garonne'],['Occitanie'],COM,{31},{76}
3f989bc1-981f-4ebc-bad4-d11e66588f2f,216002154,Commune de Escames (60),false,{60217},Commune,2026-03-24 14:42:04.814328+01,gold_establishments_2025,,,,21600215400013,2025,Collectivité Territoriale,Commune,['Oise'],['Hauts-de-France'],COM,{60},{32}
5a9d50e4-1d67-4aec-8add-75a1ffa2aafa,214600918,Commune de Escamps (46),false,{46091},Commune,2026-03-24 14:42:00.862623+01,gold_establishments_2025,,,,21460091800012,2025,Collectivité Territoriale,Commune,['Lot'],['Occitanie'],COM,{46},{76}
94965b39-9484-4600-bfd5-3403d6dd51af,218901544,Commune de Escamps (89),false,{89154},Commune,2026-03-24 14:42:11.118516+01,gold_establishments_2025,,,,21890154400013,2025,Collectivité Territoriale,Commune,['Yonne'],['Bourgogne-Franche-Comté'],COM,{89},{27}
342bfd27-9bc2-4841-86a0-26a3a7ba6aae,211200951,Commune de Escandolières (12),false,{12095},Commune,2026-03-24 14:41:53.63825+01,gold_establishments_2025,,,,21120095100013,2025,Collectivité Territoriale,Commune,['Aveyron'],['Occitanie'],COM,{12},{76}
8c5b7907-66c1-4233-b76d-8b69e68a6939,213101702,Commune de Escanecrabe (31),false,{31170},Commune,2026-03-24 14:41:57.56054+01,gold_establishments_2025,,,,21310170200016,2025,Collectivité Territoriale,Commune,['Haute-Garonne'],['Occitanie'],COM,{31},{76}
6e0b38f9-9040-4247-9a5b-fa373cce1132,215102153,Commune de Escardes (51),false,{51233},Commune,2026-03-24 14:42:01.954481+01,gold_establishments_2025,,,,21510215300016,2025,Collectivité Territoriale,Commune,['Marne'],['Grand Est'],COM,{51},{44}
70711432-fdfe-4080-a1e8-9db1b8e6f209,215902040,Commune de Escarmain (59),false,{59204},Commune,2026-03-24 14:42:04.280096+01,gold_establishments_2025,,,,21590204000017,2025,Collectivité Territoriale,Commune,['Nord'],['Hauts-de-France'],COM,{59},{32}
60569b60-e224-40ff-889e-756e127a6789,216600684,Commune de Escaro (66),false,{66068},Commune,2026-03-24 14:42:06.665412+01,gold_establishments_2025,,,,21660068400015,2025,Collectivité Territoriale,Commune,['Pyrénées-Orientales'],['Occitanie'],COM,{66},{76}
a761153d-daca-4788-a18f-e15fde287e03,214700882,Commune de Escassefort (47),false,{47088},Commune,2026-03-24 14:42:00.862623+01,gold_establishments_2025,,,,21470088200019,2025,Collectivité Territoriale,Commune,['Lot-et-Garonne'],['Nouvelle-Aquitaine'],COM,{47},{75}
f76ed281-aa77-4881-805b-f4381a0b54f8,218200525,Commune de Escatalens (82),false,{82052},Commune,2026-03-24 14:42:10.508772+01,gold_establishments_2025,,,,21820052500010,2025,Collectivité Territoriale,Commune,['Tarn-et-Garonne'],['Occitanie'],COM,{82},{76}
2d968245-708d-40f3-bb40-1ee7fe53f9d6,215902057,Commune de Escaudain (59),false,{59205},Commune,2026-03-24 14:42:04.280096+01,gold_establishments_2025,,,,21590205700011,2025,Collectivité Territoriale,Commune,['Nord'],['Hauts-de-France'],COM,{59},{32}
0aee67d6-4efa-40f7-a1e7-c36ef301c89d,213301559,Commune de Escaudes (33),false,{33155},Commune,2026-03-24 14:41:58.620411+01,gold_establishments_2025,,,,21330155900018,2025,Collectivité Territoriale,Commune,['Gironde'],['Nouvelle-Aquitaine'],COM,{33},{75}
7cdee53a-9867-4386-9ec2-cb16be59bdf5,215902065,Commune de Escaudœuvres (59),false,{59206},Commune,2026-03-24 14:42:04.280096+01,gold_establishments_2025,,,,21590206500014,2025,Collectivité Territoriale,Commune,['Nord'],['Hauts-de-France'],COM,{59},{32}
c74e619e-d69b-4a19-9a6d-28d9242ba1b7,216501601,Commune de Escaunets (65),false,{65160},Commune,2026-03-24 14:42:06.665412+01,gold_establishments_2025,,,,21650160100019,2025,Collectivité Territoriale,Commune,['Hautes-Pyrénées'],['Occitanie'],COM,{65},{76}
528780f0-a98f-4f17-b627-45a8fbf1f3b2,215902073,Commune de Escautpont (59),false,{59207},Commune,2026-03-24 14:42:04.280096+01,gold_establishments_2025,,,,21590207300083,2025,Collectivité Territoriale,Commune,['Nord'],['Hauts-de-France'],COM,{59},{32}
dd4a66e0-8fb3-4b78-a704-1a4f15643572,218200533,Commune de Escazeaux (82),false,{82053},Commune,2026-03-24 14:42:10.508772+01,gold_establishments_2025,,,,21820053300014,2025,Collectivité Territoriale,Commune,['Tarn-et-Garonne'],['Occitanie'],COM,{82},{76}
022a0dab-b632-499b-b761-5f42e18f7a09,216701318,Commune de Eschau (67),false,{67131},Commune,2026-03-24 14:42:07.195692+01,gold_establishments_2025,,,,21670131800018,2025,Collectivité Territoriale,Commune,['Bas-Rhin'],['Grand Est'],COM,{67},{44}
67459671-15da-454f-9965-cb66428345fb,216701326,Commune de Eschbach (67),false,{67132},Commune,2026-03-24 14:42:07.195692+01,gold_establishments_2025,,,,21670132600011,2025,Collectivité Territoriale,Commune,['Bas-Rhin'],['Grand Est'],COM,{67},{44}
71fe1a6c-d335-4dbb-8e3c-02617131803c,216800839,Commune de Eschbach-au-Val (68),false,{68083},Commune,2026-03-24 14:42:07.195692+01,gold_establishments_2025,,,,21680083900013,2025,Collectivité Territoriale,Commune,['Haut-Rhin'],['Grand Est'],COM,{68},{44}
cb9ad231-fe0c-4c23-80d3-394672cd14d5,216701334,Commune de Eschbourg (67),false,{67133},Commune,2026-03-24 14:42:07.195692+01,gold_establishments_2025,,,,21670133400015,2025,Collectivité Territoriale,Commune,['Bas-Rhin'],['Grand Est'],COM,{67},{44}
da4b1bdb-349e-4f0a-8d8f-e2676efff4a5,216800847,Commune de Eschentzwiller (68),false,{68084},Commune,2026-03-24 14:42:07.195692+01,gold_establishments_2025,,,,21680084700016,2025,Collectivité Territoriale,Commune,['Haut-Rhin'],['Grand Est'],COM,{68},{44}
1cb747fe-ca50-4098-ba0f-09507445d5ef,215701996,Commune de Escherange (57),false,{57199},Commune,2026-03-24 14:42:03.701372+01,gold_establishments_2025,,,,21570199600013,2025,Collectivité Territoriale,Commune,['Moselle'],['Grand Est'],COM,{57},{44}
a944083c-e716-43ed-b7eb-7c619cf08962,216002162,Commune de Esches (60),false,{60218},Commune,2026-03-24 14:42:04.814328+01,gold_establishments_2025,,,,21600216200016,2025,Collectivité Territoriale,Commune,['Oise'],['Hauts-de-France'],COM,{60},{32}
a1d97354-b667-4cf2-a45a-767c93b26030,216701342,Commune de Eschwiller (67),false,{67134},Commune,2026-03-24 14:42:07.195692+01,gold_establishments_2025,,,,21670134200018,2025,Collectivité Territoriale,Commune,['Bas-Rhin'],['Grand Est'],COM,{67},{44}
4189c936-b5fe-48fc-a54b-27833cd0dc35,210901153,Commune de Esclagne (09),false,{09115},Commune,2026-03-24 14:41:53.095366+01,gold_establishments_2025,,,,21090115300010,2025,Collectivité Territoriale,Commune,['Ariège'],['Occitanie'],COM,{09},{76}
07971097-8289-4585-b171-adb037e6893d,218002715,Commune de Esclainvillers (80),false,{80283},Commune,2026-03-24 14:42:09.967209+01,gold_establishments_2025,,,,21800271500017,2025,Collectivité Territoriale,Commune,['Somme'],['Hauts-de-France'],COM,{80},{32}
958fe119-898d-4090-8614-d47b32f86d92,214800567,Commune de Esclanèdes (48),false,{48056},Commune,2026-03-24 14:42:01.412377+01,gold_establishments_2025,,,,21480056700015,2025,Collectivité Territoriale,Commune,['Lozère'],['Occitanie'],COM,{48},{76}
bfc50d98-8c0a-4148-b338-03d311605c43,213201221,Commune de Esclassan-Labastide (32),false,{32122},Commune,2026-03-24 14:41:58.09424+01,gold_establishments_2025,,,,21320122100016,2025,Collectivité Territoriale,Commune,['Gers'],['Occitanie'],COM,{32},{76}
b6a94ec2-85b8-4cc0-abd2-1474b3ca3c4c,214600926,Commune de Esclauzels (46),false,{46092},Commune,2026-03-24 14:42:00.862623+01,gold_establishments_2025,,,,21460092600015,2025,Collectivité Territoriale,Commune,['Lot'],['Occitanie'],COM,{46},{76}
3cb04515-3870-46ac-9967-f215fe30a0a4,217602440,Commune de Esclavelles (76),false,{76244},Commune,2026-03-24 14:42:08.818969+01,gold_establishments_2025,,,,21760244000018,2025,Collectivité Territoriale,Commune,['Seine-Maritime'],['Normandie'],COM,{76},{28}
9aa1b24f-1778-4d50-befa-7943306c86af,215102161,Commune de Esclavolles-Lurey (51),false,{51234},Commune,2026-03-24 14:42:01.954481+01,gold_establishments_2025,,,,21510216100019,2025,Collectivité Territoriale,Commune,['Marne'],['Grand Est'],COM,{51},{44}
bf5d5e81-43c9-4ed9-9ee2-4be01b58ce3d,218801611,Commune de Escles (88),false,{88161},Commune,2026-03-24 14:42:11.118516+01,gold_establishments_2025,,,,21880161100011,2025,Collectivité Territoriale,Commune,['Vosges'],['Grand Est'],COM,{88},{44}
5f3b8eb8-0fea-4318-bb79-8d1a081249bb,216002170,Commune de Escles-Saint-Pierre (60),false,{60219},Commune,2026-03-24 14:42:04.814328+01,gold_establishments_2025,,,,21600217000019,2025,Collectivité Territoriale,Commune,['Oise'],['Hauts-de-France'],COM,{60},{32}
a3f55ec1-9e31-4975-a022-fe0d1c63dfa4,214700890,Commune de Esclottes (47),false,{47089},Commune,2026-03-24 14:42:00.862623+01,gold_establishments_2025,,,,21470089000012,2025,Collectivité Territoriale,Commune,['Lot-et-Garonne'],['Nouvelle-Aquitaine'],COM,{47},{75}
998cf506-1358-4540-ad35-98af34a3fd08,215902081,Commune de Escobecques (59),false,{59208},Commune,2026-03-24 14:42:04.280096+01,gold_establishments_2025,,,,21590208100011,2025,Collectivité Territoriale,Commune,['Nord'],['Hauts-de-France'],COM,{59},{32}
f1171c6e-7ea6-4164-b06b-fe99e10fe553,212401624,Commune de Escoire (24),false,{24162},Commune,2026-03-24 14:41:55.958138+01,gold_establishments_2025,,,,21240162400011,2025,Collectivité Territoriale,Commune,['Dordogne'],['Nouvelle-Aquitaine'],COM,{24},{75}
1da2da17-a955-47d3-9592-568174a2ba87,218901551,Commune de Escolives-Sainte-Camille (89),false,{89155},Commune,2026-03-24 14:42:11.118516+01,gold_establishments_2025,,,,21890155100018,2025,Collectivité Territoriale,Commune,['Yonne'],['Bourgogne-Franche-Comté'],COM,{89},{27}
7143eddb-c873-4f56-9145-6dc63a6ef087,210801395,Commune de Escombres-et-le-Chesnois (08),false,{08153},Commune,2026-03-24 14:41:52.562531+01,gold_establishments_2025,,,,21080139500018,2025,Collectivité Territoriale,Commune,['Ardennes'],['Grand Est'],COM,{08},{44}
f9c9f8c6-8531-4844-9c61-8ab280da62fc,216501619,Commune de Escondeaux (65),false,{65161},Commune,2026-03-24 14:42:06.665412+01,gold_establishments_2025,,,,21650161900011,2025,Collectivité Territoriale,Commune,['Hautes-Pyrénées'],['Occitanie'],COM,{65},{76}
09e6e462-1412-4523-a31d-323bcce70cc5,216501627,Commune de Esconnets (65),false,{65162},Commune,2026-03-24 14:42:06.665412+01,gold_establishments_2025,,,,21650162700014,2025,Collectivité Territoriale,Commune,['Hautes-Pyrénées'],['Occitanie'],COM,{65},{76}
b2e75975-279c-4a87-bfc5-b6ed52ceec79,211500640,Commune de Escorailles (15),false,{15064},Commune,2026-03-24 14:41:54.362296+01,gold_establishments_2025,,,,21150064000019,2025,Collectivité Territoriale,Commune,['Cantal'],['Auvergne-Rhône-Alpes'],COM,{15},{84}
1ec2bf94-c3e3-4afa-aadd-e817990629ab,213201239,Commune de Escornebœuf (32),false,{32123},Commune,2026-03-24 14:41:58.09424+01,gold_establishments_2025,,,,21320123900018,2025,Collectivité Territoriale,Commune,['Gers'],['Occitanie'],COM,{32},{76}
6966bc95-1481-40bd-abc6-5816e4b8a7ac,212801435,Commune de Escorpain (28),false,{28143},Commune,2026-03-24 14:41:57.028721+01,gold_establishments_2025,,,,21280143500018,2025,Collectivité Territoriale,Commune,['Eure-et-Loir'],['Centre-Val de Loire'],COM,{28},{24}
5193c660-ffa7-4441-84da-4540ddafa7f9,216402057,Commune de Escos (64),false,{64205},Commune,2026-03-24 14:42:06.130387+01,gold_establishments_2025,,,,21640205700014,2025,Collectivité Territoriale,Commune,['Pyrénées-Atlantiques'],['Nouvelle-Aquitaine'],COM,{64},{75}
0f815c97-619f-4762-bb9e-c33c531287fc,210901161,Commune de Escosse (09),false,{09116},Commune,2026-03-24 14:41:53.095366+01,gold_establishments_2025,,,,21090116100013,2025,Collectivité Territoriale,Commune,['Ariège'],['Occitanie'],COM,{09},{76}
05521e4f-5439-4832-9e5d-02505a08f404,216402065,Commune de Escot (64),false,{64206},Commune,2026-03-24 14:42:06.130387+01,gold_establishments_2025,,,,21640206500017,2025,Collectivité Territoriale,Commune,['Pyrénées-Atlantiques'],['Nouvelle-Aquitaine'],COM,{64},{75}
6a0c6c14-f05c-4e58-b60a-f03297434ab5,216501635,Commune de Escots (65),false,{65163},Commune,2026-03-24 14:42:06.665412+01,gold_establishments_2025,,,,21650163500017,2025,Collectivité Territoriale,Commune,['Hautes-Pyrénées'],['Occitanie'],COM,{65},{76}
bdc0ede6-b033-4b3c-8d88-5226350bda25,216402073,Commune de Escou (64),false,{64207},Commune,2026-03-24 14:42:06.130387+01,gold_establishments_2025,,,,21640207300011,2025,Collectivité Territoriale,Commune,['Pyrénées-Atlantiques'],['Nouvelle-Aquitaine'],COM,{64},{75}
53e60fff-33ef-4f07-b898-3e3bcf97f644,216402081,Commune de Escoubès (64),false,{64208},Commune,2026-03-24 14:42:06.130387+01,gold_establishments_2025,,,,21640208100014,2025,Collectivité Territoriale,Commune,['Pyrénées-Atlantiques'],['Nouvelle-Aquitaine'],COM,{64},{75}
74270d23-3c13-426f-b130-ba9f88add6b4,216501643,Commune de Escoubès-Pouts (65),false,{65164},Commune,2026-03-24 14:42:06.665412+01,gold_establishments_2025,,,,21650164300011,2025,Collectivité Territoriale,Commune,['Hautes-Pyrénées'],['Occitanie'],COM,{65},{76}
fed1332b-084c-4bbe-8f54-9b3ea7664f85,213105919,Commune de Escoulis (31),false,{31591},Commune,2026-03-24 14:41:58.09424+01,gold_establishments_2025,,,,21310591900012,2025,Collectivité Territoriale,Commune,['Haute-Garonne'],['Occitanie'],COM,{31},{76}
c6637e4a-d904-4f82-a469-9bb2b3ed87fd,211101274,Commune de Escouloubre (11),false,{11127},Commune,2026-03-24 14:41:53.63825+01,gold_establishments_2025,,,,21110127400010,2025,Collectivité Territoriale,Commune,['Aude'],['Occitanie'],COM,{11},{76}
54d4dc3b-efc0-4fc3-a3ae-d4d14a8f5c33,214000945,Commune de Escource (40),false,{40094},Commune,2026-03-24 14:41:59.705606+01,gold_establishments_2025,,,,21400094500011,2025,Collectivité Territoriale,Commune,['Landes'],['Nouvelle-Aquitaine'],COM,{40},{75}
347bf14e-3a4f-4804-82ae-04903d3c7518,213301567,Commune de Escoussans (33),false,{33156},Commune,2026-03-24 14:41:58.620411+01,gold_establishments_2025,,,,21330156700011,2025,Collectivité Territoriale,Commune,['Gironde'],['Nouvelle-Aquitaine'],COM,{33},{75}
0bc7f4e5-eddf-48a8-b1a6-17b4591e08be,218100840,Commune de Escoussens (81),false,{81084},Commune,2026-03-24 14:42:09.967209+01,gold_establishments_2025,,,,21810084000014,2025,Collectivité Territoriale,Commune,['Tarn'],['Occitanie'],COM,{81},{76}
67b6fc3e-71c4-4abc-a224-10fbf7ba86f4,216402099,Commune de Escout (64),false,{64209},Commune,2026-03-24 14:42:06.130387+01,gold_establishments_2025,,,,21640209900016,2025,Collectivité Territoriale,Commune,['Pyrénées-Atlantiques'],['Nouvelle-Aquitaine'],COM,{64},{75}
c5ebd772-65ac-4616-9150-c65c542bebda,216301515,Commune de Escoutoux (63),false,{63151},Commune,2026-03-24 14:42:06.130387+01,gold_establishments_2025,,,,21630151500013,2025,Collectivité Territoriale,Commune,['Puy-de-Dôme'],['Auvergne-Rhône-Alpes'],COM,{63},{84}
5afb78ce-7d39-4a56-a441-ec54955ecd91,211402466,Commune de Escoville (14),false,{14246},Commune,2026-03-24 14:41:54.362296+01,gold_establishments_2025,,,,21140246600042,2025,Collectivité Territoriale,Commune,['Calvados'],['Normandie'],COM,{14},{28}
abc68014-f13f-4366-9cec-98c1fd5144c6,210600581,Commune de Escragnolles (06),false,{06058},Commune,2026-03-24 14:41:52.562531+01,gold_establishments_2025,,,,21060058100016,2025,Collectivité Territoriale,Commune,['Alpes-Maritimes'],"[""Provence-Alpes-Côte d'Azur""]",COM,{06},{93}
94073423-7bf0-47f9-b1a4-1dd21fc27c65,214501371,Commune de Escrennes (45),false,{45137},Commune,2026-03-24 14:42:00.862623+01,gold_establishments_2025,,,,21450137100014,2025,Collectivité Territoriale,Commune,['Loiret'],['Centre-Val de Loire'],COM,{45},{24}
a3e3ed4b-91d4-479e-b42a-19f56e6ee862,214501389,Commune de Escrignelles (45),false,{45138},Commune,2026-03-24 14:42:00.862623+01,gold_establishments_2025,,,,21450138900016,2025,Collectivité Territoriale,Commune,['Loiret'],['Centre-Val de Loire'],COM,{45},{24}
d0127ae9-b326-45ca-8c75-5d0d4e4b471f,211101282,Commune de Escueillens-et-Saint-Just-de-Bélengard (11),false,{11128},Commune,2026-03-24 14:41:53.63825+01,gold_establishments_2025,,,,21110128200013,2025,Collectivité Territoriale,Commune,['Aude'],['Occitanie'],COM,{11},{76}
17899b81-6e7b-438b-888e-37729fdd3feb,210301099,Commune de Escurolles (03),false,{03109},Commune,2026-03-24 14:41:52.020251+01,gold_establishments_2025,,,,21030109900011,2025,Collectivité Territoriale,Commune,['Allier'],['Auvergne-Rhône-Alpes'],COM,{03},{84}
b8a50633-7e28-44d1-9c46-3bba00b7ece0,216402107,Commune de Escurès (64),false,{64210},Commune,2026-03-24 14:42:06.130387+01,gold_establishments_2025,,,,21640210700017,2025,Collectivité Territoriale,Commune,['Pyrénées-Atlantiques'],['Nouvelle-Aquitaine'],COM,{64},{75}
11f014db-5a65-4886-b67a-ff1408f8b9b2,216203083,Commune de Escœuilles (62),false,{62308},Commune,2026-03-24 14:42:05.597325+01,gold_establishments_2025,,,,21620308300011,2025,Collectivité Territoriale,Commune,['Pas-de-Calais'],['Hauts-de-France'],COM,{62},{32}
5d5d998a-1264-4c7d-9307-51e365703dfb,217602457,Commune de Eslettes (76),false,{76245},Commune,2026-03-24 14:42:08.818969+01,gold_establishments_2025,,,,21760245700012,2025,Collectivité Territoriale,Commune,['Seine-Maritime'],['Normandie'],COM,{76},{28}
4c1ac555-3ae7-40f4-aaa6-9c53f1e86e65,218801629,Commune de Esley (88),false,{88162},Commune,2026-03-24 14:42:11.118516+01,gold_establishments_2025,,,,21880162900013,2025,Collectivité Territoriale,Commune,['Vosges'],['Grand Est'],COM,{88},{44}
e827caf2-ed0b-4ee8-83df-168ab9fa4196,216402115,Commune de Eslourenties-Daban (64),false,{64211},Commune,2026-03-24 14:42:06.130387+01,gold_establishments_2025,,,,21640211500010,2025,Collectivité Territoriale,Commune,['Pyrénées-Atlantiques'],['Nouvelle-Aquitaine'],COM,{64},{75}
457c5b0e-ed49-4787-a4be-c15c1cefabea,217701721,Commune de Esmans (77),false,{77172},Commune,2026-03-24 14:42:09.43682+01,gold_establishments_2025,,,,21770172100011,2025,Collectivité Territoriale,Commune,['Seine-et-Marne'],['Île-de-France'],COM,{77},{11}
5815ea35-4db9-4c51-8b50-fc983deed539,218002723,Commune de Esmery-Hallon (80),false,{80284},Commune,2026-03-24 14:42:09.967209+01,gold_establishments_2025,,,,21800272300011,2025,Collectivité Territoriale,Commune,['Somme'],['Hauts-de-France'],COM,{80},{32}
f6d38d4f-d7f7-44df-a63e-ac8b8cd6f79f,217002187,Commune de Esmoulins (70),false,{70218},Commune,2026-03-24 14:42:07.735343+01,gold_establishments_2025,,,,21700218700011,2025,Collectivité Territoriale,Commune,['Haute-Saône'],['Bourgogne-Franche-Comté'],COM,{70},{27}
98a77a6a-c249-41bb-92ab-51d14f8694a1,217002179,Commune de Esmoulières (70),false,{70217},Commune,2026-03-24 14:42:07.735343+01,gold_establishments_2025,,,,21700217900018,2025,Collectivité Territoriale,Commune,['Haute-Saône'],['Bourgogne-Franche-Comté'],COM,{70},{27}
c50e1602-b245-4014-b9d3-9bacbfdea989,211701537,Commune de Esnandes (17),false,{17153},Commune,2026-03-24 14:41:54.903238+01,gold_establishments_2025,,,,21170153700014,2025,Collectivité Territoriale,Commune,['Charente-Maritime'],['Nouvelle-Aquitaine'],COM,{17},{75}
569a88d3-ec66-469f-a093-e4db22eaa0fc,212502215,Commune de Esnans (25),false,{25221},Commune,2026-03-24 14:41:56.495197+01,gold_establishments_2025,,,,21250221500032,2025,Collectivité Territoriale,Commune,['Doubs'],['Bourgogne-Franche-Comté'],COM,{25},{27}
dcb105fa-bbcf-4ab5-87be-57d6828db40f,215902099,Commune de Esnes (59),false,{59209},Commune,2026-03-24 14:42:04.280096+01,gold_establishments_2025,,,,21590209900013,2025,Collectivité Territoriale,Commune,['Nord'],['Hauts-de-France'],COM,{59},{32}
9ab1624c-c6b1-4c10-83eb-309820f3a84d,215501800,Commune de Esnes-en-Argonne (55),false,{55180},Commune,2026-03-24 14:42:02.957225+01,gold_establishments_2025,,,,21550180000019,2025,Collectivité Territoriale,Commune,['Meuse'],['Grand Est'],COM,{55},{44}
ddb61539-3d16-4a04-a8a3-40e24b4abc6d,218901569,Commune de Esnon (89),false,{89156},Commune,2026-03-24 14:42:11.118516+01,gold_establishments_2025,,,,21890156900010,2025,Collectivité Territoriale,Commune,['Yonne'],['Bourgogne-Franche-Comté'],COM,{89},{27}
43ed0deb-00dd-43ea-8ffe-4dc2d0bd4fcb,215201369,Commune de Esnouveaux (52),false,{52190},Commune,2026-03-24 14:42:01.954481+01,gold_establishments_2025,,,,21520136900018,2025,Collectivité Territoriale,Commune,['Haute-Marne'],['Grand Est'],COM,{52},{44}
94b61a45-5f93-4e07-a063-5a9467a2438b,211907506,Commune de Espagnac (19),false,{19075},Commune,2026-03-24 14:41:54.903238+01,gold_establishments_2025,,,,21190750600011,2025,Collectivité Territoriale,Commune,['Corrèze'],['Nouvelle-Aquitaine'],COM,{19},{75}
81ac0e1a-6786-4b75-b104-989237404d12,214600934,Commune de Espagnac-Sainte-Eulalie (46),false,{46093},Commune,2026-03-24 14:42:00.862623+01,gold_establishments_2025,,,,21460093400019,2025,Collectivité Territoriale,Commune,['Lot'],['Occitanie'],COM,{46},{76}
22db94dd-9d0a-46fe-91e2-90bc26707f09,218200541,Commune de Espalais (82),false,{82054},Commune,2026-03-24 14:42:10.508772+01,gold_establishments_2025,,,,21820054100017,2025,Collectivité Territoriale,Commune,['Tarn-et-Garonne'],['Occitanie'],COM,{82},{76}
5caac681-db84-4fd4-a6f6-51784d15eaf3,214300881,Commune de Espalem (43),false,{43088},Commune,2026-03-24 14:42:00.273698+01,gold_establishments_2025,,,,21430088100015,2025,Collectivité Territoriale,Commune,['Haute-Loire'],['Auvergne-Rhône-Alpes'],COM,{43},{84}
a5ac6ac7-831f-4ae5-a826-d8070de63fb9,211200969,Commune de Espalion (12),false,{12096},Commune,2026-03-24 14:41:53.63825+01,gold_establishments_2025,,,,21120096900015,2025,Collectivité Territoriale,Commune,['Aveyron'],['Occitanie'],COM,{12},{76}
3074bd55-907c-4f9d-bf77-a5c84c29908f,214300899,Commune de Espaly-Saint-Marcel (43),false,{43089},Commune,2026-03-24 14:42:00.273698+01,gold_establishments_2025,,,,21430089900066,2025,Collectivité Territoriale,Commune,['Haute-Loire'],['Auvergne-Rhône-Alpes'],COM,{43},{84}
a36ce758-e2b3-4371-9f16-c7acb431a640,213101710,Commune de Espanès (31),false,{31171},Commune,2026-03-24 14:41:57.56054+01,gold_establishments_2025,,,,21310171000019,2025,Collectivité Territoriale,Commune,['Haute-Garonne'],['Occitanie'],COM,{31},{76}
96d1eff1-cba9-404a-9886-12655ef1b25d,213201247,Commune de Espaon (32),false,{32124},Commune,2026-03-24 14:41:58.09424+01,gold_establishments_2025,,,,21320124700011,2025,Collectivité Territoriale,Commune,['Gers'],['Occitanie'],COM,{32},{76}
30b4909f-b6a6-472d-b763-cf0f2f0c711f,210500492,Commune de Esparron (05),false,{05049},Commune,2026-03-24 14:41:52.562531+01,gold_establishments_2025,,,,21050049200017,2025,Collectivité Territoriale,Commune,['Hautes-Alpes'],"[""Provence-Alpes-Côte d'Azur""]",COM,{05},{93}
058131f8-879f-42bc-9b2a-c23e878a2f27,213101728,Commune de Esparron (31),false,{31172},Commune,2026-03-24 14:41:58.09424+01,gold_establishments_2025,,,,21310172800011,2025,Collectivité Territoriale,Commune,['Haute-Garonne'],['Occitanie'],COM,{31},{76}
2776d50c-c025-4a9c-a5c2-b7b0677411d7,218300523,Commune de Esparron (83),false,{83052},Commune,2026-03-24 14:42:10.508772+01,gold_establishments_2025,,,,21830052300014,2025,Collectivité Territoriale,Commune,['Var'],"[""Provence-Alpes-Côte d'Azur""]",COM,{83},{93}
7f1430da-0cce-4619-a92e-faee8354f912,210400818,Commune de Esparron-de-Verdon (04),false,{04081},Commune,2026-03-24 14:41:52.020251+01,gold_establishments_2025,,,,21040081800014,2025,Collectivité Territoriale,Commune,['Alpes-de-Haute-Provence'],"[""Provence-Alpes-Côte d'Azur""]",COM,{04},{93}
e1f5e1cb-bde4-4239-9b72-20cae790e454,216501650,Commune de Esparros (65),false,{65165},Commune,2026-03-24 14:42:06.665412+01,gold_establishments_2025,,,,21650165000016,2025,Collectivité Territoriale,Commune,['Hautes-Pyrénées'],['Occitanie'],COM,{65},{76}
4230cf06-8c97-44c4-9398-bc6c65824fa5,218200558,Commune de Esparsac (82),false,{82055},Commune,2026-03-24 14:42:10.508772+01,gold_establishments_2025,,,,21820055800011,2025,Collectivité Territoriale,Commune,['Tarn-et-Garonne'],['Occitanie'],COM,{82},{76}
64335b62-4de5-4fb3-b9d0-b81375a3d346,211907605,Commune de Espartignac (19),false,{19076},Commune,2026-03-24 14:41:54.903238+01,gold_establishments_2025,,,,21190760500011,2025,Collectivité Territoriale,Commune,['Corrèze'],['Nouvelle-Aquitaine'],COM,{19},{75}
9e21bf94-d522-4878-afa1-325bb46f5c63,213201254,Commune de Espas (32),false,{32125},Commune,2026-03-24 14:41:58.09424+01,gold_establishments_2025,,,,21320125400017,2025,Collectivité Territoriale,Commune,['Gers'],['Occitanie'],COM,{32},{76}
4272464a-7e1a-4bee-87f6-a42b13b2e16f,216002188,Commune de Espaubourg (60),false,{60220},Commune,2026-03-24 14:42:04.814328+01,gold_establishments_2025,,,,21600218800011,2025,Collectivité Territoriale,Commune,['Oise'],['Hauts-de-France'],COM,{60},{32}
c33f75e7-d7c3-490e-b21d-7eea6e22876b,216402131,Commune de Espelette (64),false,{64213},Commune,2026-03-24 14:42:06.130387+01,gold_establishments_2025,,,,21640213100017,2025,Collectivité Territoriale,Commune,['Pyrénées-Atlantiques'],['Nouvelle-Aquitaine'],COM,{64},{75}
d206dc91-0554-4d47-bcc7-786fcc4fdbc0,212601215,Commune de Espeluche (26),false,{26121},Commune,2026-03-24 14:41:56.495197+01,gold_establishments_2025,,,,21260121500016,2025,Collectivité Territoriale,Commune,['Drôme'],['Auvergne-Rhône-Alpes'],COM,{26},{84}
6750dfbd-c994-49c0-a2d5-d2e0ce9ee050,212601223,Commune de Espenel (26),false,{26122},Commune,2026-03-24 14:41:56.495197+01,gold_establishments_2025,,,,21260122300010,2025,Collectivité Territoriale,Commune,['Drôme'],['Auvergne-Rhône-Alpes'],COM,{26},{84}
a46181a4-6162-4cf4-b242-3ae03996f137,213101736,Commune de Esperce (31),false,{31173},Commune,2026-03-24 14:41:58.09424+01,gold_establishments_2025,,,,21310173600014,2025,Collectivité Territoriale,Commune,['Haute-Garonne'],['Occitanie'],COM,{31},{76}
7e8e15aa-30de-432d-ae2c-29ad488c8aef,211200977,Commune de Espeyrac (12),false,{12097},Commune,2026-03-24 14:41:53.63825+01,gold_establishments_2025,,,,21120097700018,2025,Collectivité Territoriale,Commune,['Aveyron'],['Occitanie'],COM,{12},{76}
3a5dcf99-a488-4b2d-9788-3ed0f7032ce3,214600967,Commune de Espeyroux (46),false,{46096},Commune,2026-03-24 14:42:00.862623+01,gold_establishments_2025,,,,21460096700019,2025,Collectivité Territoriale,Commune,['Lot'],['Occitanie'],COM,{46},{76}
2c67c075-4101-441c-a964-f9111e28d567,211101308,Commune de Espezel (11),false,{11130},Commune,2026-03-24 14:41:53.63825+01,gold_establishments_2025,,,,21110130800016,2025,Collectivité Territoriale,Commune,['Aude'],['Occitanie'],COM,{11},{76}
26831a4c-2b5c-409a-8fd8-97724120a82c,216501676,Commune de Espieilh (65),false,{65167},Commune,2026-03-24 14:42:06.665412+01,gold_establishments_2025,,,,21650167600011,2025,Collectivité Territoriale,Commune,['Hautes-Pyrénées'],['Occitanie'],COM,{65},{76}
4ec45dea-5f20-4c81-8274-6114e9cca9cd,214700908,Commune de Espiens (47),false,{47090},Commune,2026-03-24 14:42:00.862623+01,gold_establishments_2025,,,,21470090800012,2025,Collectivité Territoriale,Commune,['Lot-et-Garonne'],['Nouvelle-Aquitaine'],COM,{47},{75}
b7433f2a-f6ec-4498-8dfb-281585c9ff0c,213301575,Commune de Espiet (33),false,{33157},Commune,2026-03-24 14:41:58.620411+01,gold_establishments_2025,,,,21330157500014,2025,Collectivité Territoriale,Commune,['Gironde'],['Nouvelle-Aquitaine'],COM,{33},{75}
a7d505f2-0b6b-4249-a6c3-99216f1abf80,218200566,Commune de Espinas (82),false,{82056},Commune,2026-03-24 14:42:10.508772+01,gold_establishments_2025,,,,21820056600014,2025,Collectivité Territoriale,Commune,['Tarn-et-Garonne'],['Occitanie'],COM,{82},{76}
0908f284-68c5-4ba6-bce3-5ef84856c85e,211500657,Commune de Espinasse (15),false,{15065},Commune,2026-03-24 14:41:54.362296+01,gold_establishments_2025,,,,21150065700013,2025,Collectivité Territoriale,Commune,['Cantal'],['Auvergne-Rhône-Alpes'],COM,{15},{84}
3b516906-3d04-4b3f-8497-a57d70c7b486,216301523,Commune de Espinasse (63),false,{63152},Commune,2026-03-24 14:42:06.130387+01,gold_establishments_2025,,,,21630152300017,2025,Collectivité Territoriale,Commune,['Puy-de-Dôme'],['Auvergne-Rhône-Alpes'],COM,{63},{84}
2268cba4-f0b2-4644-8232-677c8ce9c612,210301107,Commune de Espinasse-Vozelle (03),false,{03110},Commune,2026-03-24 14:41:52.020251+01,gold_establishments_2025,,,,21030110700012,2025,Collectivité Territoriale,Commune,['Allier'],['Auvergne-Rhône-Alpes'],COM,{03},{84}
f62a23e6-622e-4d5e-a99a-6425301cdcaa,210500500,Commune de Espinasses (05),false,{05050},Commune,2026-03-24 14:41:52.562531+01,gold_establishments_2025,,,,21050050000017,2025,Collectivité Territoriale,Commune,['Hautes-Alpes'],"[""Provence-Alpes-Côte d'Azur""]",COM,{05},{93}
0461cb61-82f1-4ff4-bebe-0844cd81296a,216301531,Commune de Espinchal (63),false,{63153},Commune,2026-03-24 14:42:06.130387+01,gold_establishments_2025,,,,21630153100010,2025,Collectivité Territoriale,Commune,['Puy-de-Dôme'],['Auvergne-Rhône-Alpes'],COM,{63},{84}
3e219ac4-d158-4eb7-a44f-c9ed4723c429,211402482,Commune de Espins (14),false,{14248},Commune,2026-03-24 14:41:54.362296+01,gold_establishments_2025,,,,21140248200015,2025,Collectivité Territoriale,Commune,['Calvados'],['Normandie'],COM,{14},{28}
501ec2de-a5dd-4290-bb90-7f98057a89ef,216600700,Commune de Espira-de-Conflent (66),false,{66070},Commune,2026-03-24 14:42:06.665412+01,gold_establishments_2025,,,,21660070000019,2025,Collectivité Territoriale,Commune,['Pyrénées-Orientales'],['Occitanie'],COM,{66},{76}
77bd854d-c647-4e0f-a857-8801389418f3,216600692,Commune de Espira-de-l'Agly (66),false,{66069},Commune,2026-03-24 14:42:06.665412+01,gold_establishments_2025,,,,21660069200018,2025,Collectivité Territoriale,Commune,['Pyrénées-Orientales'],['Occitanie'],COM,{66},{76}
0c1341ba-162b-4302-bb4d-4e0999304707,216301549,Commune de Espirat (63),false,{63154},Commune,2026-03-24 14:42:06.130387+01,gold_establishments_2025,,,,21630154900012,2025,Collectivité Territoriale,Commune,['Puy-de-Dôme'],['Auvergne-Rhône-Alpes'],COM,{63},{84}
8698c040-bfc5-4729-9cf7-8470e25ff3e7,216402156,Commune de Espiute (64),false,{64215},Commune,2026-03-24 14:42:06.130387+01,gold_establishments_2025,,,,21640215600014,2025,Collectivité Territoriale,Commune,['Pyrénées-Atlantiques'],['Nouvelle-Aquitaine'],COM,{64},{75}
dd7ca252-4b72-4374-a0fb-205ce48d5865,200059376,Commune de Esplantas-Vazeilles (43),false,{43090},Commune,2026-03-24 14:42:00.273698+01,gold_establishments_2025,,,,20005937600018,2025,Collectivité Territoriale,Commune,['Haute-Loire'],['Auvergne-Rhône-Alpes'],COM,{43},{84}
0a410d21-fb8f-4fdd-9694-98bc11ded60b,210901179,Commune de Esplas (09),false,{09117},Commune,2026-03-24 14:41:53.095366+01,gold_establishments_2025,,,,21090117900015,2025,Collectivité Territoriale,Commune,['Ariège'],['Occitanie'],COM,{09},{76}
e99802fb-1241-423b-89ad-4b39e3e8b938,210901187,Commune de Esplas-de-Sérou (09),false,{09118},Commune,2026-03-24 14:41:53.095366+01,gold_establishments_2025,,,,21090118700018,2025,Collectivité Territoriale,Commune,['Ariège'],['Occitanie'],COM,{09},{76}
c5aea201-5618-4bb5-99a1-e3dd862e6629,216402164,Commune de Espoey (64),false,{64216},Commune,2026-03-24 14:42:06.130387+01,gold_establishments_2025,,,,21640216400018,2025,Collectivité Territoriale,Commune,['Pyrénées-Atlantiques'],['Nouvelle-Aquitaine'],COM,{64},{75}
d9fe5e06-3d71-46ce-a4ac-9567c6a3fbfd,213400948,Commune de Espondeilhan (34),false,{34094},Commune,2026-03-24 14:41:58.620411+01,gold_establishments_2025,,,,21340094800013,2025,Collectivité Territoriale,Commune,['Hérault'],['Occitanie'],COM,{34},{76}
736c8a53-9142-498f-9eda-794abc5e4961,217002195,Commune de Esprels (70),false,{70219},Commune,2026-03-24 14:42:07.735343+01,gold_establishments_2025,,,,21700219500014,2025,Collectivité Territoriale,Commune,['Haute-Saône'],['Bourgogne-Franche-Comté'],COM,{70},{27}
1be46d00-afb4-45ae-a458-07ea0b445013,216501668,Commune de Espèche (65),false,{65166},Commune,2026-03-24 14:42:06.665412+01,gold_establishments_2025,,,,21650166800018,2025,Collectivité Territoriale,Commune,['Hautes-Pyrénées'],['Occitanie'],COM,{65},{76}
d36a3dff-093e-4fa6-8856-48b25b64e660,214600959,Commune de Espère (46),false,{46095},Commune,2026-03-24 14:42:00.862623+01,gold_establishments_2025,,,,21460095900016,2025,Collectivité Territoriale,Commune,['Lot'],['Occitanie'],COM,{46},{76}
5e739a58-0e9a-4e7c-b797-e955a23a50f2,216402149,Commune de Espès-Undurein (64),false,{64214},Commune,2026-03-24 14:42:06.130387+01,gold_establishments_2025,,,,21640214900019,2025,Collectivité Territoriale,Commune,['Pyrénées-Atlantiques'],['Nouvelle-Aquitaine'],COM,{64},{75}
153b24d7-2219-4063-a442-4cb8cfa51a0f,216402123,Commune de Espéchède (64),false,{64212},Commune,2026-03-24 14:42:06.130387+01,gold_establishments_2025,,,,21640212300014,2025,Collectivité Territoriale,Commune,['Pyrénées-Atlantiques'],['Nouvelle-Aquitaine'],COM,{64},{75}
2af4e254-40b1-497a-9266-3ad86014b83c,214600942,Commune de Espédaillac (46),false,{46094},Commune,2026-03-24 14:42:00.862623+01,gold_establishments_2025,,,,21460094200012,2025,Collectivité Territoriale,Commune,['Lot'],['Occitanie'],COM,{46},{76}
af2e3efa-4ebb-4461-8488-6f82075612c2,218100865,Commune de Espérausses (81),false,{81086},Commune,2026-03-24 14:42:09.967209+01,gold_establishments_2025,,,,21810086500011,2025,Collectivité Territoriale,Commune,['Tarn'],['Occitanie'],COM,{81},{76}
e4cb750a-a485-423d-b6e1-9447b9ec7b93,211101290,Commune de Espéraza (11),false,{11129},Commune,2026-03-24 14:41:53.63825+01,gold_establishments_2025,,,,21110129000016,2025,Collectivité Territoriale,Commune,['Aude'],['Occitanie'],COM,{11},{76}
9500c2a0-8ad8-41e6-bdd4-900d24663530,211402490,Commune de Esquay-Notre-Dame (14),false,{14249},Commune,2026-03-24 14:41:54.362296+01,gold_establishments_2025,,,,21140249000018,2025,Collectivité Territoriale,Commune,['Calvados'],['Normandie'],COM,{14},{28}
a40bc65b-ab12-46c0-bc27-d19c93b97a52,211402508,Commune de Esquay-sur-Seulles (14),false,{14250},Commune,2026-03-24 14:41:54.362296+01,gold_establishments_2025,,,,21140250800017,2025,Collectivité Territoriale,Commune,['Calvados'],['Normandie'],COM,{14},{28}
42ed8bec-247d-4a73-ac0b-cc1059edd90b,215902107,Commune de Esquelbecq (59),false,{59210},Commune,2026-03-24 14:42:04.280096+01,gold_establishments_2025,,,,21590210700030,2025,Collectivité Territoriale,Commune,['Nord'],['Hauts-de-France'],COM,{59},{32}
928d2455-9e71-4176-86ea-d5ee50a36ea5,216002196,Commune de Esquennoy (60),false,{60221},Commune,2026-03-24 14:42:04.814328+01,gold_establishments_2025,,,,21600219600014,2025,Collectivité Territoriale,Commune,['Oise'],['Hauts-de-France'],COM,{60},{32}
597aed5c-bbc5-4d3a-9c1d-7d48055f2a49,215902115,Commune de Esquerchin (59),false,{59211},Commune,2026-03-24 14:42:04.280096+01,gold_establishments_2025,,,,21590211500017,2025,Collectivité Territoriale,Commune,['Nord'],['Hauts-de-France'],COM,{59},{32}
df993df7-e63a-4318-a3f2-497dd5ec8dd3,216203091,Commune de Esquerdes (62),false,{62309},Commune,2026-03-24 14:42:05.597325+01,gold_establishments_2025,,,,21620309100048,2025,Collectivité Territoriale,Commune,['Pas-de-Calais'],['Hauts-de-France'],COM,{62},{32}
c4ab573c-8932-4e7c-8e0a-de36ad0dae6c,216402172,Commune de Esquiule (64),false,{64217},Commune,2026-03-24 14:42:06.130387+01,gold_establishments_2025,,,,21640217200011,2025,Collectivité Territoriale,Commune,['Pyrénées-Atlantiques'],['Nouvelle-Aquitaine'],COM,{64},{75}
c2fb3e25-a8dc-4b79-982c-4102fe5b8f02,216501684,Commune de Esquièze-Sère (65),false,{65168},Commune,2026-03-24 14:42:06.665412+01,gold_establishments_2025,,,,21650168400015,2025,Collectivité Territoriale,Commune,['Hautes-Pyrénées'],['Occitanie'],COM,{65},{76}
22a2488c-9947-48c3-962d-066168c390bb,210202693,Commune de Esquéhéries (02),false,{02286},Commune,2026-03-24 14:41:52.020251+01,gold_establishments_2025,,,,21020269300011,2025,Collectivité Territoriale,Commune,['Aisne'],['Hauts-de-France'],COM,{02},{32}
c1ac68a4-5db4-4d2d-af99-78e76457f24c,212102503,Commune de Essarois (21),false,{21250},Commune,2026-03-24 14:41:55.433389+01,gold_establishments_2025,,,,21210250300019,2025,Collectivité Territoriale,Commune,"[""Côte-d'Or""]",['Bourgogne-Franche-Comté'],COM,{21},{27}
cfb5ed14-0de6-41a2-aed5-7dbb0947709f,216203109,Commune de Essars (62),false,{62310},Commune,2026-03-24 14:42:05.597325+01,gold_establishments_2025,,,,21620310900014,2025,Collectivité Territoriale,Commune,['Pas-de-Calais'],['Hauts-de-France'],COM,{62},{32}
7c640cb2-b1c6-4244-b214-61d94f2b3745,200054260,Commune de Essarts-en-Bocage (85),false,{85084},Commune,2026-03-24 14:42:10.508772+01,gold_establishments_2025,,,,20005426000019,2025,Collectivité Territoriale,Commune,['Vendée'],['Pays de la Loire'],COM,{85},{52}
f584d742-1ce3-4fda-9d73-4f5ac5df3a14,216101568,Commune de Essay (61),false,{61156},Commune,2026-03-24 14:42:05.597325+01,gold_establishments_2025,,,,21610156800014,2025,Collectivité Territoriale,Commune,['Orne'],['Normandie'],COM,{61},{28}
44ba1cf3-c502-4e6a-8a31-211fab6712bf,211601315,Commune de Esse (16),false,{16131},Commune,2026-03-24 14:41:54.362296+01,gold_establishments_2025,,,,21160131500016,2025,Collectivité Territoriale,Commune,['Charente'],['Nouvelle-Aquitaine'],COM,{16},{75}
adfd40d8-9142-4e3b-93d6-3705b29b46e6,218801637,Commune de Essegney (88),false,{88163},Commune,2026-03-24 14:42:11.118516+01,gold_establishments_2025,,,,21880163700016,2025,Collectivité Territoriale,Commune,['Vosges'],['Grand Est'],COM,{88},{44}
63cacb27-71c6-4c23-92a1-c9cb96c59495,219000395,Commune de Essert (90),false,{90039},Commune,2026-03-24 14:42:11.659493+01,gold_establishments_2025,,,,21900039500059,2025,Collectivité Territoriale,Commune,['Territoire de Belfort'],['Bourgogne-Franche-Comté'],COM,{90},{27}
2bac8504-2a11-431a-808b-b5266b2a2f3f,217401140,Commune de Essert-Romand (74),false,{74114},Commune,2026-03-24 14:42:08.279287+01,gold_establishments_2025,,,,21740114000017,2025,Collectivité Territoriale,Commune,['Haute-Savoie'],['Auvergne-Rhône-Alpes'],COM,{74},{84}
e3816581-b6b1-47f5-8462-8bcad92dffdf,218002731,Commune de Essertaux (80),false,{80285},Commune,2026-03-24 14:42:09.967209+01,gold_establishments_2025,,,,21800273100014,2025,Collectivité Territoriale,Commune,['Somme'],['Hauts-de-France'],COM,{80},{32}
0f699d0a-0062-44a9-bdc1-4b7295a7bb6c,217101914,Commune de Essertenne (71),false,{71191},Commune,2026-03-24 14:42:07.735343+01,gold_establishments_2025,,,,21710191400018,2025,Collectivité Territoriale,Commune,['Saône-et-Loire'],['Bourgogne-Franche-Comté'],COM,{71},{27}
ff0b83e3-f9d7-4bc0-86f0-196580bacd58,217002203,Commune de Essertenne-et-Cecey (70),false,{70220},Commune,2026-03-24 14:42:07.735343+01,gold_establishments_2025,,,,21700220300016,2025,Collectivité Territoriale,Commune,['Haute-Saône'],['Bourgogne-Franche-Comté'],COM,{70},{27}
79fea62f-32e3-4ea0-9f34-60d06811eb69,214200891,Commune de Essertines-en-Châtelneuf (42),false,{42089},Commune,2026-03-24 14:42:00.273698+01,gold_establishments_2025,,,,21420089100015,2025,Collectivité Territoriale,Commune,['Loire'],['Auvergne-Rhône-Alpes'],COM,{42},{84}
5a8a1284-1c5a-41ab-b7f5-aa663effdefb,214200909,Commune de Essertines-en-Donzy (42),false,{42090},Commune,2026-03-24 14:42:00.273698+01,gold_establishments_2025,,,,21420090900015,2025,Collectivité Territoriale,Commune,['Loire'],['Auvergne-Rhône-Alpes'],COM,{42},{84}
b41c7237-a54f-4fc4-8e5c-f4228de25aa6,217301100,Commune de Esserts-Blay (73),false,{73110},Commune,2026-03-24 14:42:08.279287+01,gold_establishments_2025,,,,21730110000012,2025,Collectivité Territoriale,Commune,['Savoie'],['Auvergne-Rhône-Alpes'],COM,{73},{84}
4de36888-1712-4e03-92de-8134421df72a,213902141,Commune de Esserval-Tartre (39),false,{39214},Commune,2026-03-24 14:41:59.705606+01,gold_establishments_2025,,,,21390214100018,2025,Collectivité Territoriale,Commune,['Jura'],['Bourgogne-Franche-Comté'],COM,{39},{27}
2c033bae-175d-43eb-9405-7d6c892574af,212102511,Commune de Essey (21),false,{21251},Commune,2026-03-24 14:41:55.433389+01,gold_establishments_2025,,,,21210251100012,2025,Collectivité Territoriale,Commune,"[""Côte-d'Or""]",['Bourgogne-Franche-Comté'],COM,{21},{27}
831b532a-a4d9-4a11-a3dc-ca22c2acad38,215401829,Commune de Essey-et-Maizerais (54),false,{54182},Commune,2026-03-24 14:42:02.957225+01,gold_establishments_2025,,,,21540182900019,2025,Collectivité Territoriale,Commune,['Meurthe-et-Moselle'],['Grand Est'],COM,{54},{44}
5384c096-fc86-4982-a233-e87ba8ea5e72,215401837,Commune de Essey-la-Côte (54),false,{54183},Commune,2026-03-24 14:42:02.957225+01,gold_establishments_2025,,,,21540183700012,2025,Collectivité Territoriale,Commune,['Meurthe-et-Moselle'],['Grand Est'],COM,{54},{44}
32d1bdc7-2c28-433c-aac9-0e08b072df42,215401845,Commune de Essey-lès-Nancy (54),false,{54184},Commune,2026-03-24 14:42:02.957225+01,gold_establishments_2025,,,,21540184500015,2025,Collectivité Territoriale,Commune,['Meurthe-et-Moselle'],['Grand Est'],COM,{54},{44}
cbb5bfd2-12a3-48e2-9c13-3df9fec95419,210202701,Commune de Essigny-le-Grand (02),false,{02287},Commune,2026-03-24 14:41:52.020251+01,gold_establishments_2025,,,,21020270100012,2025,Collectivité Territoriale,Commune,['Aisne'],['Hauts-de-France'],COM,{02},{32}
c5c1fa65-2f8b-49eb-850a-b7055b539e03,210202719,Commune de Essigny-le-Petit (02),false,{02288},Commune,2026-03-24 14:41:52.020251+01,gold_establishments_2025,,,,21020271900014,2025,Collectivité Territoriale,Commune,['Aisne'],['Hauts-de-France'],COM,{02},{32}
2ff8a576-48a4-4d78-bec2-dfc03cf47837,210202727,Commune de Essises (02),false,{02289},Commune,2026-03-24 14:41:52.020251+01,gold_establishments_2025,,,,21020272700017,2025,Collectivité Territoriale,Commune,['Aisne'],['Hauts-de-France'],COM,{02},{32}
5c50cf6d-700e-48e6-b52a-d7b125e7c1d6,211402516,Commune de Esson (14),false,{14251},Commune,2026-03-24 14:41:54.362296+01,gold_establishments_2025,,,,21140251600010,2025,Collectivité Territoriale,Commune,['Calvados'],['Normandie'],COM,{14},{28}
f04f4d02-8430-441c-b053-66ef851a40b5,200055341,Commune de Essouvert (17),false,{17277},Commune,2026-03-24 14:41:54.903238+01,gold_establishments_2025,,,,20005534100016,2025,Collectivité Territoriale,Commune,['Charente-Maritime'],['Nouvelle-Aquitaine'],COM,{17},{75}
d65e14ff-b87b-425a-8c83-12253ef0d205,211001359,Commune de Essoyes (10),false,{10141},Commune,2026-03-24 14:41:53.095366+01,gold_establishments_2025,,,,21100135900010,2025,Collectivité Territoriale,Commune,['Aube'],['Grand Est'],COM,{10},{44}
2f8cc2f5-872f-4d90-a8d9-5cc945b41519,216002204,Commune de Essuiles (60),false,{60222},Commune,2026-03-24 14:42:04.814328+01,gold_establishments_2025,,,,21600220400016,2025,Collectivité Territoriale,Commune,['Oise'],['Hauts-de-France'],COM,{60},{32}
4b4e829f-54d4-4e7c-9ce1-6ecf53d9fd76,213501083,Commune de Essé (35),false,{35108},Commune,2026-03-24 14:41:58.620411+01,gold_establishments_2025,,,,21350108300017,2025,Collectivité Territoriale,Commune,['Ille-et-Vilaine'],['Bretagne'],COM,{35},{53}
d6a5efe6-94c5-46a6-95e9-0bc4f441f7b1,210202735,Commune de Essômes-sur-Marne (02),false,{02290},Commune,2026-03-24 14:41:52.020251+01,gold_establishments_2025,,,,21020273500010,2025,Collectivité Territoriale,Commune,['Aisne'],['Hauts-de-France'],COM,{02},{32}
9ec7ec5e-7504-4bd8-986c-902a4070444b,212601231,Commune de Establet (26),false,{26123},Commune,2026-03-24 14:41:56.495197+01,gold_establishments_2025,,,,21260123100013,2025,Collectivité Territoriale,Commune,['Drôme'],['Auvergne-Rhône-Alpes'],COM,{26},{84}
b1a180c1-0656-4520-b09c-61c49d312832,213101744,Commune de Estadens (31),false,{31174},Commune,2026-03-24 14:41:58.09424+01,gold_establishments_2025,,,,21310174400018,2025,Collectivité Territoriale,Commune,['Haute-Garonne'],['Occitanie'],COM,{31},{76}
1427199b-1a5e-4987-953a-3276eff40947,216600718,Commune de Estagel (66),false,{66071},Commune,2026-03-24 14:42:06.665412+01,gold_establishments_2025,,,,21660071800011,2025,Collectivité Territoriale,Commune,['Pyrénées-Orientales'],['Occitanie'],COM,{66},{76}
32944ae5-f3d7-4b56-b5b5-834479af41a6,211200985,Commune de Estaing (12),false,{12098},Commune,2026-03-24 14:41:53.63825+01,gold_establishments_2025,,,,21120098500011,2025,Collectivité Territoriale,Commune,['Aveyron'],['Occitanie'],COM,{12},{76}
077a1eb9-08fa-42d1-89bc-50c1d8dbcc5d,216501692,Commune de Estaing (65),false,{65169},Commune,2026-03-24 14:42:06.665412+01,gold_establishments_2025,,,,21650169200018,2025,Collectivité Territoriale,Commune,['Hautes-Pyrénées'],['Occitanie'],COM,{65},{76}
004423ee-9da4-46e4-bf21-cf22c2a50e50,215902123,Commune de Estaires (59),false,{59212},Commune,2026-03-24 14:42:04.280096+01,gold_establishments_2025,,,,21590212300011,2025,Collectivité Territoriale,Commune,['Nord'],['Hauts-de-France'],COM,{59},{32}
e7b5b180-2c7a-44aa-a8d5-bd460cb38d33,214600975,Commune de Estal (46),false,{46097},Commune,2026-03-24 14:42:00.862623+01,gold_establishments_2025,,,,21460097500012,2025,Collectivité Territoriale,Commune,['Lot'],['Occitanie'],COM,{46},{76}
536b60ed-588e-4649-81cb-5d76d374b011,213201262,Commune de Estampes (32),false,{32126},Commune,2026-03-24 14:41:58.09424+01,gold_establishments_2025,,,,21320126200010,2025,Collectivité Territoriale,Commune,['Gers'],['Occitanie'],COM,{32},{76}
1b72f2b8-8045-4240-9e12-04a072bbe8f8,216501700,Commune de Estampures (65),false,{65170},Commune,2026-03-24 14:42:06.665412+01,gold_establishments_2025,,,,21650170000019,2025,Collectivité Territoriale,Commune,['Hautes-Pyrénées'],['Occitanie'],COM,{65},{76}
65305ebc-9b83-4cc9-8efb-16c135eac235,213101751,Commune de Estancarbon (31),false,{31175},Commune,2026-03-24 14:41:58.09424+01,gold_establishments_2025,,,,21310175100013,2025,Collectivité Territoriale,Commune,['Haute-Garonne'],['Occitanie'],COM,{31},{76}
e13b89db-4417-43b5-9d01-a5bc90a4bd52,216301556,Commune de Estandeuil (63),false,{63155},Commune,2026-03-24 14:42:06.130387+01,gold_establishments_2025,,,,21630155600017,2025,Collectivité Territoriale,Commune,['Puy-de-Dôme'],['Auvergne-Rhône-Alpes'],COM,{63},{84}
1394fe14-c225-437a-9594-026d9aacc6ab,213201270,Commune de Estang (32),false,{32127},Commune,2026-03-24 14:41:58.09424+01,gold_establishments_2025,,,,21320127000013,2025,Collectivité Territoriale,Commune,['Gers'],['Occitanie'],COM,{32},{76}
0cbabc49-9b41-4e8f-afed-0265f0ed89d9,216501718,Commune de Estarvielle (65),false,{65171},Commune,2026-03-24 14:42:06.665412+01,gold_establishments_2025,,,,21650171800011,2025,Collectivité Territoriale,Commune,['Hautes-Pyrénées'],['Occitanie'],COM,{65},{76}
cd2e673f-5db5-4061-b653-0b028dfc5f76,216600726,Commune de Estavar (66),false,{66072},Commune,2026-03-24 14:42:06.665412+01,gold_establishments_2025,,,,21660072600014,2025,Collectivité Territoriale,Commune,['Pyrénées-Orientales'],['Occitanie'],COM,{66},{76}
9aede3be-3c31-4a12-a67c-4d1262fbf93c,216301564,Commune de Esteil (63),false,{63156},Commune,2026-03-24 14:42:06.130387+01,gold_establishments_2025,,,,21630156400011,2025,Collectivité Territoriale,Commune,['Puy-de-Dôme'],['Auvergne-Rhône-Alpes'],COM,{63},{84}
5e4e7a2c-9bf9-4dc2-b155-c0105f70006a,216501726,Commune de Estensan (65),false,{65172},Commune,2026-03-24 14:42:06.665412+01,gold_establishments_2025,,,,21650172600014,2025,Collectivité Territoriale,Commune,['Hautes-Pyrénées'],['Occitanie'],COM,{65},{76}
05786ef1-faaa-41f3-950d-d6bd7140cb9f,215102195,Commune de Esternay (51),false,{51237},Commune,2026-03-24 14:42:01.954481+01,gold_establishments_2025,,,,21510219500017,2025,Collectivité Territoriale,Commune,['Marne'],['Grand Est'],COM,{51},{44}
7a2e90ed-b72b-402d-83ff-420d475d2c06,216501734,Commune de Esterre (65),false,{65173},Commune,2026-03-24 14:42:06.665412+01,gold_establishments_2025,,,,21650173400018,2025,Collectivité Territoriale,Commune,['Hautes-Pyrénées'],['Occitanie'],COM,{65},{76}
b700e3ca-a756-4fe2-a5f7-69044b00979c,216203117,Commune de Estevelles (62),false,{62311},Commune,2026-03-24 14:42:05.597325+01,gold_establishments_2025,,,,21620311700017,2025,Collectivité Territoriale,Commune,['Pas-de-Calais'],['Hauts-de-France'],COM,{62},{32}
b27079a4-8ca1-4e0b-9255-60f85ca3e406,217602473,Commune de Esteville (76),false,{76247},Commune,2026-03-24 14:42:08.818969+01,gold_establishments_2025,,,,21760247300019,2025,Collectivité Territoriale,Commune,['Seine-Maritime'],['Normandie'],COM,{76},{28}
19d1fff7-6d0d-428a-bd06-2de972895046,216402198,Commune de Estialescq (64),false,{64219},Commune,2026-03-24 14:42:06.130387+01,gold_establishments_2025,,,,21640219800016,2025,Collectivité Territoriale,Commune,['Pyrénées-Atlantiques'],['Nouvelle-Aquitaine'],COM,{64},{75}
04e03283-56a6-4abc-a87c-3a13b0a8c8c9,214000952,Commune de Estibeaux (40),false,{40095},Commune,2026-03-24 14:41:59.705606+01,gold_establishments_2025,,,,21400095200058,2025,Collectivité Territoriale,Commune,['Landes'],['Nouvelle-Aquitaine'],COM,{40},{75}
4a72e0d8-293e-492e-b9f2-05c3c981ddae,214000960,Commune de Estigarde (40),false,{40096},Commune,2026-03-24 14:41:59.705606+01,gold_establishments_2025,,,,21400096000010,2025,Collectivité Territoriale,Commune,['Landes'],['Nouvelle-Aquitaine'],COM,{40},{75}
905c633a-f017-48a1-a473-563b7556bc4f,214700916,Commune de Estillac (47),false,{47091},Commune,2026-03-24 14:42:00.862623+01,gold_establishments_2025,,,,21470091600015,2025,Collectivité Territoriale,Commune,['Lot-et-Garonne'],['Nouvelle-Aquitaine'],COM,{47},{75}
b21c5438-0c13-4af4-9c63-2dab9ac3d584,213201288,Commune de Estipouy (32),false,{32128},Commune,2026-03-24 14:41:58.09424+01,gold_establishments_2025,,,,21320128800015,2025,Collectivité Territoriale,Commune,['Gers'],['Occitanie'],COM,{32},{76}
aafe2e38-0418-4c37-8490-8c299dccc565,216501742,Commune de Estirac (65),false,{65174},Commune,2026-03-24 14:42:06.665412+01,gold_establishments_2025,,,,21650174200011,2025,Collectivité Territoriale,Commune,['Hautes-Pyrénées'],['Occitanie'],COM,{65},{76}
fae21e95-9798-4a16-b372-2378611f5443,211001367,Commune de Estissac (10),false,{10142},Commune,2026-03-24 14:41:53.095366+01,gold_establishments_2025,,,,21100136700013,2025,Collectivité Territoriale,Commune,['Aube'],['Grand Est'],COM,{10},{44}
eecf498d-fcaa-4341-8df6-cb60b81bbfad,211907704,Commune de Estivals (19),false,{19077},Commune,2026-03-24 14:41:54.903238+01,gold_establishments_2025,,,,21190770400012,2025,Collectivité Territoriale,Commune,['Corrèze'],['Nouvelle-Aquitaine'],COM,{19},{75}
436133ea-1a91-4806-ba0f-f531a29ac846,210301115,Commune de Estivareilles (03),false,{03111},Commune,2026-03-24 14:41:52.020251+01,gold_establishments_2025,,,,21030111500015,2025,Collectivité Territoriale,Commune,['Allier'],['Auvergne-Rhône-Alpes'],COM,{03},{84}
b2320a72-ba18-49de-8335-aa424b050108,214200917,Commune de Estivareilles (42),false,{42091},Commune,2026-03-24 14:42:00.273698+01,gold_establishments_2025,,,,21420091700018,2025,Collectivité Territoriale,Commune,['Loire'],['Auvergne-Rhône-Alpes'],COM,{42},{84}
3a2a5f3c-cf64-4705-b557-ff94f11dfa88,211907803,Commune de Estivaux (19),false,{19078},Commune,2026-03-24 14:41:54.903238+01,gold_establishments_2025,,,,21190780300012,2025,Collectivité Territoriale,Commune,['Corrèze'],['Nouvelle-Aquitaine'],COM,{19},{75}
99977d3c-dd4c-4698-b8a6-405ccc62201e,216600734,Commune de Estoher (66),false,{66073},Commune,2026-03-24 14:42:06.665412+01,gold_establishments_2025,,,,21660073400018,2025,Collectivité Territoriale,Commune,['Pyrénées-Orientales'],['Occitanie'],COM,{66},{76}
aefdb0a0-3b7f-4824-9247-0fe47e217e3a,216402206,Commune de Estos (64),false,{64220},Commune,2026-03-24 14:42:06.130387+01,gold_establishments_2025,,,,21640220600017,2025,Collectivité Territoriale,Commune,['Pyrénées-Atlantiques'],['Nouvelle-Aquitaine'],COM,{64},{75}
38fd6cd2-8c74-4692-a045-a44d56baf3d2,210400842,Commune de Estoublon (04),false,{04084},Commune,2026-03-24 14:41:52.020251+01,gold_establishments_2025,,,,21040084200014,2025,Collectivité Territoriale,Commune,['Alpes-de-Haute-Provence'],"[""Provence-Alpes-Côte d'Azur""]",COM,{04},{93}
2a1ac67b-2067-4cb0-9937-902427d0547c,215902131,Commune de Estourmel (59),false,{59213},Commune,2026-03-24 14:42:04.280096+01,gold_establishments_2025,,,,21590213100014,2025,Collectivité Territoriale,Commune,['Nord'],['Hauts-de-France'],COM,{59},{32}
8764f68b-d4b7-4a22-ba3d-ea9b340aa718,214501397,Commune de Estouy (45),false,{45139},Commune,2026-03-24 14:42:00.862623+01,gold_establishments_2025,,,,21450139700019,2025,Collectivité Territoriale,Commune,['Loiret'],['Centre-Val de Loire'],COM,{45},{24}
ab6992e0-08a7-4fab-8dee-09badb5fac5f,213801574,Commune de Estrablin (38),false,{38157},Commune,2026-03-24 14:41:59.160244+01,gold_establishments_2025,,,,21380157400012,2025,Collectivité Territoriale,Commune,['Isère'],['Auvergne-Rhône-Alpes'],COM,{38},{84}
da83b239-7640-4cfa-aae9-f98e0150a10e,213201296,Commune de Estramiac (32),false,{32129},Commune,2026-03-24 14:41:58.09424+01,gold_establishments_2025,,,,21320129600018,2025,Collectivité Territoriale,Commune,['Gers'],['Occitanie'],COM,{32},{76}
4af3eaea-220e-4726-95a0-11062235f25e,210801403,Commune de Estrebay (08),false,{08154},Commune,2026-03-24 14:41:52.562531+01,gold_establishments_2025,,,,21080140300010,2025,Collectivité Territoriale,Commune,['Ardennes'],['Grand Est'],COM,{08},{44}
dd3e160a-b83d-40c6-9de5-52f9baea590a,218801645,Commune de Estrennes (88),false,{88164},Commune,2026-03-24 14:42:11.118516+01,gold_establishments_2025,,,,21880164500019,2025,Collectivité Territoriale,Commune,['Vosges'],['Grand Est'],COM,{88},{44}
4b2d1d8a-447b-40bc-bedd-dd0cbe1ce9d1,215902156,Commune de Estreux (59),false,{59215},Commune,2026-03-24 14:42:04.280096+01,gold_establishments_2025,,,,21590215600011,2025,Collectivité Territoriale,Commune,['Nord'],['Hauts-de-France'],COM,{59},{32}
82a87df5-8c7e-4d11-a8d3-44c7afe072c0,215902198,Commune de Estrun (59),false,{59219},Commune,2026-03-24 14:42:04.280096+01,gold_establishments_2025,,,,21590219800013,2025,Collectivité Territoriale,Commune,['Nord'],['Hauts-de-France'],COM,{59},{32}
f4015077-d711-43c4-968c-90b19d6fdc2c,218002749,Commune de Estrébœuf (80),false,{80287},Commune,2026-03-24 14:42:09.967209+01,gold_establishments_2025,,,,21800274900016,2025,Collectivité Territoriale,Commune,['Somme'],['Hauts-de-France'],COM,{80},{32}
6e13b7e0-8887-4be2-9ff1-eb022bf3bc9c,216203125,Commune de Estrée (62),false,{62312},Commune,2026-03-24 14:42:05.597325+01,gold_establishments_2025,,,,21620312500010,2025,Collectivité Territoriale,Commune,['Pas-de-Calais'],['Hauts-de-France'],COM,{62},{32}
421bbae3-285b-4b52-8f5a-75249d752964,216203133,Commune de Estrée-Blanche (62),false,{62313},Commune,2026-03-24 14:42:05.597325+01,gold_establishments_2025,,,,21620313300014,2025,Collectivité Territoriale,Commune,['Pas-de-Calais'],['Hauts-de-France'],COM,{62},{32}
9497fe20-b655-4360-a6c2-4cc81c5e6943,216203141,Commune de Estrée-Cauchy (62),false,{62314},Commune,2026-03-24 14:42:05.597325+01,gold_establishments_2025,,,,21620314100017,2025,Collectivité Territoriale,Commune,['Pas-de-Calais'],['Hauts-de-France'],COM,{62},{32}
2383ba58-0c98-42f6-ae6e-643fa68b691b,216203166,Commune de Estrée-Wamin (62),false,{62316},Commune,2026-03-24 14:42:05.597325+01,gold_establishments_2025,,,,21620316600014,2025,Collectivité Territoriale,Commune,['Pas-de-Calais'],['Hauts-de-France'],COM,{62},{32}
149c8f3e-89f5-4bf7-8056-8df181e200ce,216203158,Commune de Estréelles (62),false,{62315},Commune,2026-03-24 14:42:05.597325+01,gold_establishments_2025,,,,21620315800011,2025,Collectivité Territoriale,Commune,['Pas-de-Calais'],['Hauts-de-France'],COM,{62},{32}
29530ed3-2e8e-40e8-a4c9-9c568c71cbe7,210202743,Commune de Estrées (02),false,{02291},Commune,2026-03-24 14:41:52.020251+01,gold_establishments_2025,,,,21020274300014,2025,Collectivité Territoriale,Commune,['Aisne'],['Hauts-de-France'],COM,{02},{32}
58a7151f-8d37-4a6b-b283-2a8fc54efbb2,215902149,Commune de Estrées (59),false,{59214},Commune,2026-03-24 14:42:04.280096+01,gold_establishments_2025,,,,21590214900016,2025,Collectivité Territoriale,Commune,['Nord'],['Hauts-de-France'],COM,{59},{32}
07dbb45f-fb2a-49aa-adf4-c74193fbb296,218002756,Commune de Estrées-Deniécourt (80),false,{80288},Commune,2026-03-24 14:42:09.967209+01,gold_establishments_2025,,,,21800275600011,2025,Collectivité Territoriale,Commune,['Somme'],['Hauts-de-France'],COM,{80},{32}
599c4161-4997-4101-96f8-0fec19ff6b7e,218005270,Commune de Estrées-Mons (80),false,{80557},Commune,2026-03-24 14:42:09.967209+01,gold_establishments_2025,,,,21800527000010,2025,Collectivité Territoriale,Commune,['Somme'],['Hauts-de-France'],COM,{80},{32}
266e9547-2c1a-490f-a5bf-0133c1ea799e,216002212,Commune de Estrées-Saint-Denis (60),false,{60223},Commune,2026-03-24 14:42:04.814328+01,gold_establishments_2025,,,,21600221200019,2025,Collectivité Territoriale,Commune,['Oise'],['Hauts-de-France'],COM,{60},{32}
4bfd7f40-ed1a-4922-9b88-adc21992a06d,211402524,Commune de Estrées-la-Campagne (14),false,{14252},Commune,2026-03-24 14:41:54.362296+01,gold_establishments_2025,,,,21140252400014,2025,Collectivité Territoriale,Commune,['Calvados'],['Normandie'],COM,{14},{28}
0965061f-67d7-4871-8897-9cf2e7d4e13b,218002764,Commune de Estrées-lès-Crécy (80),false,{80290},Commune,2026-03-24 14:42:09.967209+01,gold_establishments_2025,,,,21800276400015,2025,Collectivité Territoriale,Commune,['Somme'],['Hauts-de-France'],COM,{80},{32}
c12b0470-2ddc-4e9e-9492-a1c76b5572cf,218002780,Commune de Estrées-sur-Noye (80),false,{80291},Commune,2026-03-24 14:42:09.967209+01,gold_establishments_2025,,,,21800278000011,2025,Collectivité Territoriale,Commune,['Somme'],['Hauts-de-France'],COM,{80},{32}
8c2b99fa-302f-42e9-94cb-b9dd059a9558,213101769,Commune de Esténos (31),false,{31176},Commune,2026-03-24 14:41:58.09424+01,gold_establishments_2025,,,,21310176900015,2025,Collectivité Territoriale,Commune,['Haute-Garonne'],['Occitanie'],COM,{31},{76}
f3017992-6021-4ab2-a018-4ffad5e109b4,216402180,Commune de Estérençuby (64),false,{64218},Commune,2026-03-24 14:42:06.130387+01,gold_establishments_2025,,,,21640218000014,2025,Collectivité Territoriale,Commune,['Pyrénées-Atlantiques'],['Nouvelle-Aquitaine'],COM,{64},{75}
66b3bc0d-6bcf-4440-ac21-ebd578d406cd,213001076,Commune de Estézargues (30),false,{30107},Commune,2026-03-24 14:41:57.56054+01,gold_establishments_2025,,,,21300107600016,2025,Collectivité Territoriale,Commune,['Gard'],['Occitanie'],COM,{30},{76}
4b9f4865-2281-44bf-bd8d-55251713961d,213701030,Commune de Esves-le-Moutier (37),false,{37103},Commune,2026-03-24 14:41:59.160244+01,gold_establishments_2025,,,,21370103000016,2025,Collectivité Territoriale,Commune,['Indre-et-Loire'],['Centre-Val de Loire'],COM,{37},{24}
5031e81d-e502-45d7-b05e-7a2933650494,213701048,Commune de Esvres (37),false,{37104},Commune,2026-03-24 14:41:59.160244+01,gold_establishments_2025,,,,21370104800018,2025,Collectivité Territoriale,Commune,['Indre-et-Loire'],['Centre-Val de Loire'],COM,{37},{24}
75e484f4-0c27-43f8-ba98-4f5f80bf5379,215902164,Commune de Eswars (59),false,{59216},Commune,2026-03-24 14:42:04.280096+01,gold_establishments_2025,,,,21590216400015,2025,Collectivité Territoriale,Commune,['Nord'],['Hauts-de-France'],COM,{59},{32}
f36f3d07-534c-485e-a96b-dd52d32cbd65,217401165,Commune de Etaux (74),false,{74116},Commune,2026-03-24 14:42:08.279287+01,gold_establishments_2025,,,,21740116500014,2025,Collectivité Territoriale,Commune,['Haute-Savoie'],['Auvergne-Rhône-Alpes'],COM,{74},{84}
1ae95e9d-5f6a-4266-88e4-272ebd5743dd,216402214,Commune de Etcharry (64),false,{64221},Commune,2026-03-24 14:42:06.130387+01,gold_establishments_2025,,,,21640221400011,2025,Collectivité Territoriale,Commune,['Pyrénées-Atlantiques'],['Nouvelle-Aquitaine'],COM,{64},{75}
321afe26-0922-4ee2-97ff-840110f25d89,216402222,Commune de Etchebar (64),false,{64222},Commune,2026-03-24 14:42:06.130387+01,gold_establishments_2025,,,,21640222200014,2025,Collectivité Territoriale,Commune,['Pyrénées-Atlantiques'],['Nouvelle-Aquitaine'],COM,{64},{75}
142ecaf0-c4e1-4899-bd46-676d6e840472,216800854,Commune de Eteimbes (68),false,{68085},Commune,2026-03-24 14:42:07.195692+01,gold_establishments_2025,,,,21680085400012,2025,Collectivité Territoriale,Commune,['Haut-Rhin'],['Grand Est'],COM,{68},{44}
fe99c2bb-d905-4901-b93c-09a1c1aa348d,215902172,Commune de Eth (59),false,{59217},Commune,2026-03-24 14:42:04.280096+01,gold_establishments_2025,,,,21590217200018,2025,Collectivité Territoriale,Commune,['Nord'],['Hauts-de-France'],COM,{59},{32}
9c30fae6-7f51-4785-b670-cb3d4e666c5f,216402230,Commune de Etsaut (64),false,{64223},Commune,2026-03-24 14:42:06.130387+01,gold_establishments_2025,,,,21640223000017,2025,Collectivité Territoriale,Commune,['Pyrénées-Atlantiques'],['Nouvelle-Aquitaine'],COM,{64},{75}
1895a5cb-2e4f-44ff-849d-236e829149d8,216701359,Commune de Ettendorf (67),false,{67135},Commune,2026-03-24 14:42:07.195692+01,gold_establishments_2025,,,,21670135900012,2025,Collectivité Territoriale,Commune,['Bas-Rhin'],['Grand Est'],COM,{67},{44}
c14362eb-aa04-46d3-96cf-99886174a229,215702010,Commune de Etting (57),false,{57201},Commune,2026-03-24 14:42:03.701372+01,gold_establishments_2025,,,,21570201000012,2025,Collectivité Territoriale,Commune,['Moselle'],['Grand Est'],COM,{57},{44}
3470933f-dd2b-4f15-91e3-6f3fa95105a2,215702028,Commune de Etzling (57),false,{57202},Commune,2026-03-24 14:42:03.701372+01,gold_establishments_2025,,,,21570202800014,2025,Collectivité Territoriale,Commune,['Moselle'],['Grand Est'],COM,{57},{44}
e2278050-0bfa-48d9-9e42-75bc0bc8d9e2,217602556,Commune de Eu (76),false,{76255},Commune,2026-03-24 14:42:08.818969+01,gold_establishments_2025,,,,21760255600011,2025,Collectivité Territoriale,Commune,['Seine-Maritime'],['Normandie'],COM,{76},{28}
5cf9584f-e9fb-4278-8164-6017ed60a470,215201377,Commune de Euffigneix (52),false,{52193},Commune,2026-03-24 14:42:01.954481+01,gold_establishments_2025,,,,21520137700011,2025,Collectivité Territoriale,Commune,['Haute-Marne'],['Grand Est'],COM,{52},{44}
70ff35ad-0b16-4a5a-963a-670291118b82,214000978,Commune de Eugénie-les-Bains (40),false,{40097},Commune,2026-03-24 14:41:59.705606+01,gold_establishments_2025,,,,21400097800079,2025,Collectivité Territoriale,Commune,['Landes'],['Nouvelle-Aquitaine'],COM,{40},{75}
4a2e851c-8076-42ed-933e-012523d60e13,210801445,Commune de Euilly-et-Lombut (08),false,{08159},Commune,2026-03-24 14:41:52.562531+01,gold_establishments_2025,,,,21080144500011,2025,Collectivité Territoriale,Commune,['Ardennes'],['Grand Est'],COM,{08},{44}
cf3ecd9a-1e71-46ac-8536-5cc13287fa14,215401860,Commune de Eulmont (54),false,{54186},Commune,2026-03-24 14:42:02.957225+01,gold_establishments_2025,,,,21540186000014,2025,Collectivité Territoriale,Commune,['Meurthe-et-Moselle'],['Grand Est'],COM,{54},{44}
300b8671-1d81-40f6-8717-04dd0aaaf37e,213101777,Commune de Eup (31),false,{31177},Commune,2026-03-24 14:41:58.09424+01,gold_establishments_2025,,,,21310177700018,2025,Collectivité Territoriale,Commune,['Haute-Garonne'],['Occitanie'],COM,{31},{76}
2489b6f4-c4c9-4427-8d65-4e0f5f89489b,212601256,Commune de Eurre (26),false,{26125},Commune,2026-03-24 14:41:56.495197+01,gold_establishments_2025,,,,21260125600010,2025,Collectivité Territoriale,Commune,['Drôme'],['Auvergne-Rhône-Alpes'],COM,{26},{84}
87a6f686-7e50-4a86-90e3-06c0cff1fed0,215201385,Commune de Eurville-Bienville (52),false,{52194},Commune,2026-03-24 14:42:01.954481+01,gold_establishments_2025,,,,21520138500014,2025,Collectivité Territoriale,Commune,['Haute-Marne'],['Grand Est'],COM,{52},{44}
bd7bdcee-ef2d-48ee-b206-0d23cb154b10,216600742,Commune de Eus (66),false,{66074},Commune,2026-03-24 14:42:06.665412+01,gold_establishments_2025,,,,21660074200011,2025,Collectivité Territoriale,Commune,['Pyrénées-Orientales'],['Occitanie'],COM,{66},{76}
287104c9-b9cb-47b0-b43b-e40e46b45a57,215401878,Commune de Euvezin (54),false,{54187},Commune,2026-03-24 14:42:02.957225+01,gold_establishments_2025,,,,21540187800016,2025,Collectivité Territoriale,Commune,['Meurthe-et-Moselle'],['Grand Est'],COM,{54},{44}
f0fc5340-5491-42af-8520-b0bfa015ee47,215501842,Commune de Euville (55),false,{55184},Commune,2026-03-24 14:42:02.957225+01,gold_establishments_2025,,,,21550184200128,2025,Collectivité Territoriale,Commune,['Meuse'],['Grand Est'],COM,{55},{44}
96465a10-5662-45cc-a3bc-c044f36e0145,215102237,Commune de Euvy (51),false,{51241},Commune,2026-03-24 14:42:01.954481+01,gold_establishments_2025,,,,21510223700017,2025,Collectivité Territoriale,Commune,['Marne'],['Grand Est'],COM,{51},{44}
e08ea877-a9b8-45f5-8099-da6dbf6f703c,213001092,Commune de Euzet (30),false,{30109},Commune,2026-03-24 14:41:57.56054+01,gold_establishments_2025,,,,21300109200013,2025,Collectivité Territoriale,Commune,['Gard'],['Occitanie'],COM,{30},{76}
99d08a9f-cf32-4137-8baa-b9521d110887,217701747,Commune de Everly (77),false,{77174},Commune,2026-03-24 14:42:09.43682+01,gold_establishments_2025,,,,21770174700016,2025,Collectivité Territoriale,Commune,['Seine-et-Marne'],['Île-de-France'],COM,{77},{11}
b087b1c7-4bcf-4d65-89cb-af68b2f4e8aa,217401215,Commune de Excenevex (74),false,{74121},Commune,2026-03-24 14:42:08.279287+01,gold_establishments_2025,,,,21740121500017,2025,Collectivité Territoriale,Commune,['Haute-Savoie'],['Auvergne-Rhône-Alpes'],COM,{74},{84}
3bd207bd-9f64-49d6-b907-86e667094841,212401640,Commune de Excideuil (24),false,{24164},Commune,2026-03-24 14:41:55.958138+01,gold_establishments_2025,,,,21240164000017,2025,Collectivité Territoriale,Commune,['Dordogne'],['Nouvelle-Aquitaine'],COM,{24},{75}
510c55c2-bbf0-4497-bdc1-b2a4ac7c3031,210801460,Commune de Exermont (08),false,{08161},Commune,2026-03-24 14:41:52.562531+01,gold_establishments_2025,,,,21080146000010,2025,Collectivité Territoriale,Commune,['Ardennes'],['Grand Est'],COM,{08},{44}
f6ef85d7-4f69-4904-b51a-ff2d7a14acef,211601349,Commune de Exideuil-sur-Vienne (16),false,{16134},Commune,2026-03-24 14:41:54.362296+01,gold_establishments_2025,,,,21160134900015,2025,Collectivité Territoriale,Commune,['Charente'],['Nouvelle-Aquitaine'],COM,{16},{75}
cd0f7f79-e4d7-4e16-b9ce-35f65ff60b74,212502306,Commune de Exincourt (25),false,{25230},Commune,2026-03-24 14:41:56.495197+01,gold_establishments_2025,,,,21250230600013,2025,Collectivité Territoriale,Commune,['Doubs'],['Bourgogne-Franche-Comté'],COM,{25},{27}
9b8030e1-b52c-4261-8726-f94ca8e08d62,217901149,Commune de Exireuil (79),false,{79114},Commune,2026-03-24 14:42:09.43682+01,gold_establishments_2025,,,,21790114900013,2025,Collectivité Territoriale,Commune,['Deux-Sèvres'],['Nouvelle-Aquitaine'],COM,{79},{75}
3f4d0bb5-ace3-4358-9438-3038136e9d7b,217901156,Commune de Exoudun (79),false,{79115},Commune,2026-03-24 14:42:09.43682+01,gold_establishments_2025,,,,21790115600018,2025,Collectivité Territoriale,Commune,['Deux-Sèvres'],['Nouvelle-Aquitaine'],COM,{79},{75}
01427599-44f5-4747-9715-a5f23df414fe,211701560,Commune de Expiremont (17),false,{17156},Commune,2026-03-24 14:41:54.903238+01,gold_establishments_2025,,,,21170156000016,2025,Collectivité Territoriale,Commune,['Charente-Maritime'],['Nouvelle-Aquitaine'],COM,{17},{75}
fad25556-c880-4ebc-8b6e-0ed9bd140e6a,213801582,Commune de Eybens (38),false,{38158},Commune,2026-03-24 14:41:59.160244+01,gold_establishments_2025,,,,21380158200015,2025,Collectivité Territoriale,Commune,['Isère'],['Auvergne-Rhône-Alpes'],COM,{38},{84}
890f97bd-3954-434a-b247-bb93cb8df864,218706208,Commune de Eybouleuf (87),false,{87062},Commune,2026-03-24 14:42:11.118516+01,gold_establishments_2025,,,,21870620800012,2025,Collectivité Territoriale,Commune,['Haute-Vienne'],['Nouvelle-Aquitaine'],COM,{87},{75}
2e095567-5f6b-4eb5-b334-00a7e843fb67,211907902,Commune de Eyburie (19),false,{19079},Commune,2026-03-24 14:41:54.903238+01,gold_establishments_2025,,,,21190790200012,2025,Collectivité Territoriale,Commune,['Corrèze'],['Nouvelle-Aquitaine'],COM,{19},{75}
7e0757df-758b-4f9a-a9c4-6e829a5deb4a,210901195,Commune de Eycheil (09),false,{09119},Commune,2026-03-24 14:41:53.095366+01,gold_establishments_2025,,,,21090119500011,2025,Collectivité Territoriale,Commune,['Ariège'],['Occitanie'],COM,{09},{76}
7200e27a-eaad-4d49-908d-47344bd0af8b,213801590,Commune de Eydoche (38),false,{38159},Commune,2026-03-24 14:41:59.160244+01,gold_establishments_2025,,,,21380159000018,2025,Collectivité Territoriale,Commune,['Isère'],['Auvergne-Rhône-Alpes'],COM,{38},{84}
3a180fdb-f7a8-402b-8075-a1b7aaa9216d,212601264,Commune de Eygalayes (26),false,{26126},Commune,2026-03-24 14:41:56.495197+01,gold_establishments_2025,,,,21260126400014,2025,Collectivité Territoriale,Commune,['Drôme'],['Auvergne-Rhône-Alpes'],COM,{26},{84}
3c374b6f-26de-4768-8792-e2a74d1190b5,212601272,Commune de Eygaliers (26),false,{26127},Commune,2026-03-24 14:41:56.495197+01,gold_establishments_2025,,,,21260127200017,2025,Collectivité Territoriale,Commune,['Drôme'],['Auvergne-Rhône-Alpes'],COM,{26},{84}
8e348959-a93b-4206-a1c6-0cbcbb3d7752,211300348,Commune de Eygalières (13),false,{13034},Commune,2026-03-24 14:41:53.63825+01,gold_establishments_2025,,,,21130034800011,2025,Collectivité Territoriale,Commune,['Bouches-du-Rhône'],"[""Provence-Alpes-Côte d'Azur""]",COM,{13},{93}
902240b1-01d4-4e8d-8daa-949f2e457faa,210500526,Commune de Eygliers (05),false,{05052},Commune,2026-03-24 14:41:52.562531+01,gold_establishments_2025,,,,21050052600012,2025,Collectivité Territoriale,Commune,['Hautes-Alpes'],"[""Provence-Alpes-Côte d'Azur""]",COM,{05},{93}
a8fc91bf-5b48-47d1-be0d-0885dc6e0c2f,212601280,Commune de Eygluy-Escoulin (26),false,{26128},Commune,2026-03-24 14:41:56.495197+01,gold_establishments_2025,,,,21260128000010,2025,Collectivité Territoriale,Commune,['Drôme'],['Auvergne-Rhône-Alpes'],COM,{26},{84}
6530025b-7cbe-45eb-aea6-41ad9863cf32,211300355,Commune de Eyguières (13),false,{13035},Commune,2026-03-24 14:41:53.63825+01,gold_establishments_2025,,,,21130035500016,2025,Collectivité Territoriale,Commune,['Bouches-du-Rhône'],"[""Provence-Alpes-Côte d'Azur""]",COM,{13},{93}
80f59a62-91f0-4e6f-9d5c-eeb0b574467b,211908009,Commune de Eygurande (19),false,{19080},Commune,2026-03-24 14:41:54.903238+01,gold_establishments_2025,,,,21190800900015,2025,Collectivité Territoriale,Commune,['Corrèze'],['Nouvelle-Aquitaine'],COM,{19},{75}
4066a036-47b0-4d5d-88e9-e648e6b8a270,212401657,Commune de Eygurande-et-Gardedeuil (24),false,{24165},Commune,2026-03-24 14:41:55.958138+01,gold_establishments_2025,,,,21240165700011,2025,Collectivité Territoriale,Commune,['Dordogne'],['Nouvelle-Aquitaine'],COM,{24},{75}
a463583f-fd48-455f-bd3b-8c6e4784da87,218706307,Commune de Eyjeaux (87),false,{87063},Commune,2026-03-24 14:42:11.118516+01,gold_establishments_2025,,,,21870630700012,2025,Collectivité Territoriale,Commune,['Haute-Vienne'],['Nouvelle-Aquitaine'],COM,{87},{75}
b7e67bd4-6445-41fc-bf3b-c826171326ae,212401673,Commune de Eymet (24),false,{24167},Commune,2026-03-24 14:41:55.958138+01,gold_establishments_2025,,,,21240167300018,2025,Collectivité Territoriale,Commune,['Dordogne'],['Nouvelle-Aquitaine'],COM,{24},{75}
a82f6760-f738-4412-ace2-f832e1b89b18,212601298,Commune de Eymeux (26),false,{26129},Commune,2026-03-24 14:41:56.495197+01,gold_establishments_2025,,,,21260129800012,2025,Collectivité Territoriale,Commune,['Drôme'],['Auvergne-Rhône-Alpes'],COM,{26},{84}
25824cbf-63fe-4a58-b3aa-f9bc7a10be16,211601356,Commune de Eymouthiers (16),false,{16135},Commune,2026-03-24 14:41:54.362296+01,gold_establishments_2025,,,,21160135600010,2025,Collectivité Territoriale,Commune,['Charente'],['Nouvelle-Aquitaine'],COM,{16},{75}
12839f3f-7981-474c-9994-e16bf049051c,218706406,Commune de Eymoutiers (87),false,{87064},Commune,2026-03-24 14:42:11.118516+01,gold_establishments_2025,,,,21870640600012,2025,Collectivité Territoriale,Commune,['Haute-Vienne'],['Nouvelle-Aquitaine'],COM,{87},{75}
4f8c2995-5c4d-44f9-9aa4-be07616d12a2,216600759,Commune de Eyne (66),false,{66075},Commune,2026-03-24 14:42:06.665412+01,gold_establishments_2025,,,,21660075900015,2025,Collectivité Territoriale,Commune,['Pyrénées-Orientales'],['Occitanie'],COM,{66},{76}
e109a636-7e7a-4b28-bea1-393e3f264164,213301609,Commune de Eynesse (33),false,{33160},Commune,2026-03-24 14:41:58.620411+01,gold_establishments_2025,,,,21330160900011,2025,Collectivité Territoriale,Commune,['Gironde'],['Nouvelle-Aquitaine'],COM,{33},{75}
9160e7e5-dbdc-4162-876d-ef86bdbaa848,211300363,Commune de Eyragues (13),false,{13036},Commune,2026-03-24 14:41:53.63825+01,gold_establishments_2025,,,,21130036300010,2025,Collectivité Territoriale,Commune,['Bouches-du-Rhône'],"[""Provence-Alpes-Côte d'Azur""]",COM,{13},{93}
fa9a40c3-d37f-4e43-9cd2-5b72dd5ea568,213301617,Commune de Eyrans (33),false,{33161},Commune,2026-03-24 14:41:58.620411+01,gold_establishments_2025,,,,21330161700014,2025,Collectivité Territoriale,Commune,['Gironde'],['Nouvelle-Aquitaine'],COM,{33},{75}
adfad88e-b9bb-4952-b7d0-da34f08581f2,200082683,Commune de Eyraud-Crempse-Maurens (24),false,{24259},Commune,2026-03-24 14:41:55.958138+01,gold_establishments_2025,,,,20008268300018,2025,Collectivité Territoriale,Commune,['Dordogne'],['Nouvelle-Aquitaine'],COM,{24},{75}
b4172b2c-2dac-45e5-9a43-f1c393e4f9e4,211908108,Commune de Eyrein (19),false,{19081},Commune,2026-03-24 14:41:54.903238+01,gold_establishments_2025,,,,21190810800015,2025,Collectivité Territoriale,Commune,['Corrèze'],['Nouvelle-Aquitaine'],COM,{19},{75}
0ae6beb6-a639-4663-b4fc-d427f2cc868c,214000986,Commune de Eyres-Moncube (40),false,{40098},Commune,2026-03-24 14:41:59.705606+01,gold_establishments_2025,,,,21400098600015,2025,Collectivité Territoriale,Commune,['Landes'],['Nouvelle-Aquitaine'],COM,{40},{75}
0ad716d6-f102-4310-b224-e70f8879c122,212601306,Commune de Eyroles (26),false,{26130},Commune,2026-03-24 14:41:56.495197+01,gold_establishments_2025,,,,21260130600013,2025,Collectivité Territoriale,Commune,['Drôme'],['Auvergne-Rhône-Alpes'],COM,{26},{84}
8485f155-af32-483e-a2b3-785d8703adc5,213301625,Commune de Eysines (33),false,{33162},Commune,2026-03-24 14:41:58.620411+01,gold_establishments_2025,,,,21330162500017,2025,Collectivité Territoriale,Commune,['Gironde'],['Nouvelle-Aquitaine'],COM,{33},{75}
6a038d0d-afbe-4202-a3a5-c8ed0238844e,212502314,Commune de Eysson (25),false,{25231},Commune,2026-03-24 14:41:56.495197+01,gold_establishments_2025,,,,21250231400017,2025,Collectivité Territoriale,Commune,['Doubs'],['Bourgogne-Franche-Comté'],COM,{25},{27}
b08c1b64-9768-4c5f-926b-a97c91073534,216402248,Commune de Eysus (64),false,{64224},Commune,2026-03-24 14:42:06.130387+01,gold_establishments_2025,,,,21640224800019,2025,Collectivité Territoriale,Commune,['Pyrénées-Atlantiques'],['Nouvelle-Aquitaine'],COM,{64},{75}
55116237-4ab7-4b59-973b-8a578807a716,216701367,Commune de Eywiller (67),false,{67136},Commune,2026-03-24 14:42:07.195692+01,gold_establishments_2025,,,,21670136700015,2025,Collectivité Territoriale,Commune,['Bas-Rhin'],['Grand Est'],COM,{67},{44}
1e11c4e7-e797-4103-99d4-1e040d1f473f,212601314,Commune de Eyzahut (26),false,{26131},Commune,2026-03-24 14:41:56.495197+01,gold_establishments_2025,,,,21260131400017,2025,Collectivité Territoriale,Commune,['Drôme'],['Auvergne-Rhône-Alpes'],COM,{26},{84}
8b272ba2-8a53-47aa-9e36-72b75af25df2,212401715,Commune de Eyzerac (24),false,{24171},Commune,2026-03-24 14:41:55.958138+01,gold_establishments_2025,,,,21240171500017,2025,Collectivité Territoriale,Commune,['Dordogne'],['Nouvelle-Aquitaine'],COM,{24},{75}
1f7b55de-1b63-44ff-ab29-5e51e3c54740,213801608,Commune de Eyzin-Pinet (38),false,{38160},Commune,2026-03-24 14:41:59.160244+01,gold_establishments_2025,,,,21380160800018,2025,Collectivité Territoriale,Commune,['Isère'],['Auvergne-Rhône-Alpes'],COM,{38},{84}
10650ba6-22c9-43eb-a6dd-03f335e0b6bb,210901203,Commune de Fabas (09),false,{09120},Commune,2026-03-24 14:41:53.095366+01,gold_establishments_2025,,,,21090120300013,2025,Collectivité Territoriale,Commune,['Ariège'],['Occitanie'],COM,{09},{76}
1d39cc90-2df3-4435-85f9-3cc5284d390b,213101785,Commune de Fabas (31),false,{31178},Commune,2026-03-24 14:41:58.09424+01,gold_establishments_2025,,,,21310178500011,2025,Collectivité Territoriale,Commune,['Haute-Garonne'],['Occitanie'],COM,{31},{76}
3df1d2aa-ce5c-4b06-a796-76450ce9492e,218200574,Commune de Fabas (82),false,{82057},Commune,2026-03-24 14:42:10.508772+01,gold_establishments_2025,,,,21820057400018,2025,Collectivité Territoriale,Commune,['Tarn-et-Garonne'],['Occitanie'],COM,{82},{76}
8cca37f3-e44a-443a-bd8a-d59b41019816,210700878,Commune de Fabras (07),false,{07087},Commune,2026-03-24 14:41:52.562531+01,gold_establishments_2025,,,,21070087800015,2025,Collectivité Territoriale,Commune,['Ardèche'],['Auvergne-Rhône-Alpes'],COM,{07},{84}
f85e18f7-7bd7-4f00-a0bf-d29419e6eea7,211101324,Commune de Fabrezan (11),false,{11132},Commune,2026-03-24 14:41:53.63825+01,gold_establishments_2025,,,,21110132400013,2025,Collectivité Territoriale,Commune,['Aude'],['Occitanie'],COM,{11},{76}
f6fd9d72-c55e-4bb7-9b65-9b8c2b0969b2,213400955,Commune de Fabrègues (34),false,{34095},Commune,2026-03-24 14:41:58.620411+01,gold_establishments_2025,,,,21340095500018,2025,Collectivité Territoriale,Commune,['Hérault'],['Occitanie'],COM,{34},{76}
38b5982a-f4a9-4215-8138-88d912577902,215902206,Commune de Faches-Thumesnil (59),false,{59220},Commune,2026-03-24 14:42:04.280096+01,gold_establishments_2025,,,,21590220600014,2025,Collectivité Territoriale,Commune,['Nord'],['Hauts-de-France'],COM,{59},{32}
8c03c330-67ad-4107-aa7f-dfba5e571254,213201304,Commune de Faget-Abbatial (32),false,{32130},Commune,2026-03-24 14:41:58.09424+01,gold_establishments_2025,,,,21320130400010,2025,Collectivité Territoriale,Commune,['Gers'],['Occitanie'],COM,{32},{76}
08efd5d4-2d52-4e6c-ba02-a75ba998b711,215102245,Commune de Fagnières (51),false,{51242},Commune,2026-03-24 14:42:01.954481+01,gold_establishments_2025,,,,21510224500010,2025,Collectivité Territoriale,Commune,['Marne'],['Grand Est'],COM,{51},{44}
35845fa9-0935-4f0d-a3cd-85f15ce78943,210801478,Commune de Fagnon (08),false,{08162},Commune,2026-03-24 14:41:52.562531+01,gold_establishments_2025,,,,21080147800012,2025,Collectivité Territoriale,Commune,['Ardennes'],['Grand Est'],COM,{08},{44}
760bb6fa-4c96-4ef7-a4aa-6b6e8929a99d,217002252,Commune de Fahy-lès-Autrey (70),false,{70225},Commune,2026-03-24 14:42:07.735343+01,gold_establishments_2025,,,,21700225200013,2025,Collectivité Territoriale,Commune,['Haute-Saône'],['Bourgogne-Franche-Comté'],COM,{70},{27}
49883e61-5133-4cbb-b915-e60741b1b675,215702044,Commune de Failly (57),false,{57204},Commune,2026-03-24 14:42:03.701372+01,gold_establishments_2025,,,,21570204400011,2025,Collectivité Territoriale,Commune,['Moselle'],['Grand Est'],COM,{57},{44}
8e2aa0b4-06b4-421b-836f-492746d42871,212502322,Commune de Faimbe (25),false,{25232},Commune,2026-03-24 14:41:56.495197+01,gold_establishments_2025,,,,21250232200010,2025,Collectivité Territoriale,Commune,['Doubs'],['Bourgogne-Franche-Comté'],COM,{25},{27}
d9182454-4145-4da5-82e0-3dd5de270a1b,212102594,Commune de Fain-lès-Montbard (21),false,{21259},Commune,2026-03-24 14:41:55.433389+01,gold_establishments_2025,,,,21210259400018,2025,Collectivité Territoriale,Commune,"[""Côte-d'Or""]",['Bourgogne-Franche-Comté'],COM,{21},{27}
3e8a526d-08a6-4a55-a770-6b6adc180969,212102602,Commune de Fain-lès-Moutiers (21),false,{21260},Commune,2026-03-24 14:41:55.433389+01,gold_establishments_2025,,,,21210260200019,2025,Collectivité Territoriale,Commune,"[""Côte-d'Or""]",['Bourgogne-Franche-Comté'],COM,{21},{27}
f0fc1816-0883-4439-b58b-972c6a9a0bcf,212702310,Commune de Fains (27),false,{27231},Commune,2026-03-24 14:41:57.028721+01,gold_establishments_2025,,,,21270231000013,2025,Collectivité Territoriale,Commune,['Eure'],['Normandie'],COM,{27},{28}
b8a8a717-7ba9-4d5f-9517-9d59be2f349e,215501867,Commune de Fains-Véel (55),false,{55186},Commune,2026-03-24 14:42:02.957225+01,gold_establishments_2025,,,,21550186700018,2025,Collectivité Territoriale,Commune,['Meuse'],['Grand Est'],COM,{55},{44}
d912d08b-b722-4fb9-b4de-95173965b247,210801486,Commune de Faissault (08),false,{08163},Commune,2026-03-24 14:41:52.562531+01,gold_establishments_2025,,,,21080148600015,2025,Collectivité Territoriale,Commune,['Ardennes'],['Grand Est'],COM,{08},{44}
92aa6a8a-d852-488e-bb44-14ee724278d7,211101332,Commune de Fajac-en-Val (11),false,{11133},Commune,2026-03-24 14:41:53.63825+01,gold_establishments_2025,,,,21110133200016,2025,Collectivité Territoriale,Commune,['Aude'],['Occitanie'],COM,{11},{76}
f533c60d-2441-4f4e-bb2d-8171681002c1,211101340,Commune de Fajac-la-Relenque (11),false,{11134},Commune,2026-03-24 14:41:53.63825+01,gold_establishments_2025,,,,21110134000019,2025,Collectivité Territoriale,Commune,['Aude'],['Occitanie'],COM,{11},{76}
d69c5953-f9d9-4aab-9bb4-b0cb3c5342ec,214600983,Commune de Fajoles (46),false,{46098},Commune,2026-03-24 14:42:00.862623+01,gold_establishments_2025,,,,21460098300016,2025,Collectivité Territoriale,Commune,['Lot'],['Occitanie'],COM,{46},{76}
14d14f51-6ffc-4920-bcf8-275c26ba85f8,218200582,Commune de Fajolles (82),false,{82058},Commune,2026-03-24 14:42:10.508772+01,gold_establishments_2025,,,,21820058200011,2025,Collectivité Territoriale,Commune,['Tarn-et-Garonne'],['Occitanie'],COM,{82},{76}
fd164531-970d-4b73-8c18-5c37dd17ff3d,210801494,Commune de Falaise (08),false,{08164},Commune,2026-03-24 14:41:52.562531+01,gold_establishments_2025,,,,21080149400019,2025,Collectivité Territoriale,Commune,['Ardennes'],['Grand Est'],COM,{08},{44}
3aad2cd8-11a6-4831-a0fd-d519b111ade8,211402581,Commune de Falaise (14),false,{14258},Commune,2026-03-24 14:41:54.362296+01,gold_establishments_2025,,,,21140258100014,2025,Collectivité Territoriale,Commune,['Calvados'],['Normandie'],COM,{14},{28}
b0a78ef9-f6e6-459a-a479-407a3e8b5313,215702051,Commune de Falck (57),false,{57205},Commune,2026-03-24 14:42:03.701372+01,gold_establishments_2025,,,,21570205100016,2025,Collectivité Territoriale,Commune,['Moselle'],['Grand Est'],COM,{57},{44}
b4e51d89-4de5-419a-822a-6a4301294eec,213301633,Commune de Faleyras (33),false,{33163},Commune,2026-03-24 14:41:58.620411+01,gold_establishments_2025,,,,21330163300011,2025,Collectivité Territoriale,Commune,['Gironde'],['Nouvelle-Aquitaine'],COM,{33},{75}
825d584b-d985-463b-825d-d95de2138d7b,213101801,Commune de Falga (31),false,{31180},Commune,2026-03-24 14:41:58.09424+01,gold_establishments_2025,,,,21310180100016,2025,Collectivité Territoriale,Commune,['Haute-Garonne'],['Occitanie'],COM,{31},{76}
968903c6-658f-4f39-868c-8cd1659b8be0,210600607,Commune de Falicon (06),false,{06060},Commune,2026-03-24 14:41:52.562531+01,gold_establishments_2025,,,,21060060700019,2025,Collectivité Territoriale,Commune,['Alpes-Maritimes'],"[""Provence-Alpes-Côte d'Azur""]",COM,{06},{93}
27097cb6-c89f-497c-b5ea-79959586e1aa,216800862,Commune de Falkwiller (68),false,{68086},Commune,2026-03-24 14:42:07.195692+01,gold_establishments_2025,,,,21680086200015,2025,Collectivité Territoriale,Commune,['Haut-Rhin'],['Grand Est'],COM,{68},{44}
dce5d8e0-eb73-4320-803c-320aa00f941e,217602572,Commune de Fallencourt (76),false,{76257},Commune,2026-03-24 14:42:08.818969+01,gold_establishments_2025,,,,21760257200018,2025,Collectivité Territoriale,Commune,['Seine-Maritime'],['Normandie'],COM,{76},{28}
296f857c-f51b-4ef9-9c5a-bf567d6d75ff,212502330,Commune de Fallerans (25),false,{25233},Commune,2026-03-24 14:41:56.495197+01,gold_establishments_2025,,,,21250233000013,2025,Collectivité Territoriale,Commune,['Doubs'],['Bourgogne-Franche-Comté'],COM,{25},{27}
4981a314-2149-4dfd-b355-b0a3ce5cf4c7,218500866,Commune de Falleron (85),false,{85086},Commune,2026-03-24 14:42:10.508772+01,gold_establishments_2025,,,,21850086600015,2025,Collectivité Territoriale,Commune,['Vendée'],['Pays de la Loire'],COM,{85},{52}
e78fd15b-9177-4675-938a-881422102960,213902208,Commune de Falletans (39),false,{39220},Commune,2026-03-24 14:41:59.705606+01,gold_establishments_2025,,,,21390220800015,2025,Collectivité Territoriale,Commune,['Jura'],['Bourgogne-Franche-Comté'],COM,{39},{27}
15cb8b2a-8ac8-44c8-bde5-5c85f7bf3820,217002260,Commune de Fallon (70),false,{70226},Commune,2026-03-24 14:42:07.735343+01,gold_establishments_2025,,,,21700226000016,2025,Collectivité Territoriale,Commune,['Haute-Saône'],['Bourgogne-Franche-Comté'],COM,{70},{27}
f05ecc9d-10f0-4090-b08f-5b1b5da61d86,214700924,Commune de Fals (47),false,{47092},Commune,2026-03-24 14:42:00.862623+01,gold_establishments_2025,,,,21470092400019,2025,Collectivité Territoriale,Commune,['Lot-et-Garonne'],['Nouvelle-Aquitaine'],COM,{47},{75}
928800ab-76ed-433f-b8bf-02a0e2a3fd36,218002871,Commune de Falvy (80),false,{80300},Commune,2026-03-24 14:42:09.967209+01,gold_establishments_2025,,,,21800287100018,2025,Collectivité Territoriale,Commune,['Somme'],['Hauts-de-France'],COM,{80},{32}
01504a73-d41a-4381-94f0-fc715af8fdc3,215902214,Commune de Famars (59),false,{59221},Commune,2026-03-24 14:42:04.280096+01,gold_establishments_2025,,,,21590221400018,2025,Collectivité Territoriale,Commune,['Nord'],['Hauts-de-France'],COM,{59},{32}
c4586438-47fd-4e65-bb9e-15a7f7f3a474,216203224,Commune de Famechon (62),false,{62322},Commune,2026-03-24 14:42:05.597325+01,gold_establishments_2025,,,,21620322400011,2025,Collectivité Territoriale,Commune,['Pas-de-Calais'],['Hauts-de-France'],COM,{62},{32}
f550ea15-d657-4831-a194-d63f8c220bf0,218002889,Commune de Famechon (80),false,{80301},Commune,2026-03-24 14:42:09.967209+01,gold_establishments_2025,,,,21800288900010,2025,Collectivité Territoriale,Commune,['Somme'],['Hauts-de-France'],COM,{80},{32}
f13a2d65-fbac-418c-81cb-2c510b5f8fdc,215702069,Commune de Fameck (57),false,{57206},Commune,2026-03-24 14:42:03.701372+01,gold_establishments_2025,,,,21570206900018,2025,Collectivité Territoriale,Commune,['Moselle'],['Grand Est'],COM,{57},{44}
062d0efd-3d85-4a07-87f3-ecc13a248ff8,216203232,Commune de Fampoux (62),false,{62323},Commune,2026-03-24 14:42:05.597325+01,gold_establishments_2025,,,,21620323200014,2025,Collectivité Territoriale,Commune,['Pas-de-Calais'],['Hauts-de-France'],COM,{62},{32}
2e759597-1e3b-478a-8194-e7b1d3afe0d8,211101365,Commune de Fanjeaux (11),false,{11136},Commune,2026-03-24 14:41:53.63825+01,gold_establishments_2025,,,,21110136500016,2025,Collectivité Territoriale,Commune,['Aude'],['Occitanie'],COM,{11},{76}
fe95614b-6657-4557-8a63-98451e8bc76c,212401749,Commune de Fanlac (24),false,{24174},Commune,2026-03-24 14:41:55.958138+01,gold_establishments_2025,,,,21240174900016,2025,Collectivité Territoriale,Commune,['Dordogne'],['Nouvelle-Aquitaine'],COM,{24},{75}
ffdf841f-0920-4249-87ed-46265c1d9395,210101564,Commune de Faramans (01),false,{01156},Commune,2026-03-24 14:41:51.447482+01,gold_establishments_2025,,,,21010156400016,2025,Collectivité Territoriale,Commune,['Ain'],['Auvergne-Rhône-Alpes'],COM,{01},{84}
d8095e62-f1d1-4ed2-9285-8b4cbbf0655a,213801616,Commune de Faramans (38),false,{38161},Commune,2026-03-24 14:41:59.160244+01,gold_establishments_2025,,,,21380161600011,2025,Collectivité Territoriale,Commune,['Isère'],['Auvergne-Rhône-Alpes'],COM,{38},{84}
c85edfd6-eed4-424f-8abf-952f847c1109,216203240,Commune de Farbus (62),false,{62324},Commune,2026-03-24 14:42:05.597325+01,gold_establishments_2025,,,,21620324000017,2025,Collectivité Territoriale,Commune,['Pas-de-Calais'],['Hauts-de-France'],COM,{62},{32}
b906ccb2-3170-4a09-bd33-2a3fb6578c55,212702328,Commune de Farceaux (27),false,{27232},Commune,2026-03-24 14:41:57.028721+01,gold_establishments_2025,,,,21270232800015,2025,Collectivité Territoriale,Commune,['Eure'],['Normandie'],COM,{27},{28}
95245d70-b39c-4d7a-8168-7798d30a399e,210101572,Commune de Fareins (01),false,{01157},Commune,2026-03-24 14:41:51.447482+01,gold_establishments_2025,,,,21010157200019,2025,Collectivité Territoriale,Commune,['Ain'],['Auvergne-Rhône-Alpes'],COM,{01},{84}
8ea8707c-ddcb-45e1-82e6-460d7e2e45e7,217701762,Commune de Faremoutiers (77),false,{77176},Commune,2026-03-24 14:42:09.43682+01,gold_establishments_2025,,,,21770176200015,2025,Collectivité Territoriale,Commune,['Seine-et-Marne'],['Île-de-France'],COM,{77},{11}
952ef54b-2959-4748-8aeb-e5fb5ecc6038,210101580,Commune de Farges (01),false,{01158},Commune,2026-03-24 14:41:51.447482+01,gold_establishments_2025,,,,21010158000012,2025,Collectivité Territoriale,Commune,['Ain'],['Auvergne-Rhône-Alpes'],COM,{01},{84}
57e28742-afb3-4b03-ab72-e861454e62a8,211800917,Commune de Farges-Allichamps (18),false,{18091},Commune,2026-03-24 14:41:54.903238+01,gold_establishments_2025,,,,21180091700018,2025,Collectivité Territoriale,Commune,['Cher'],['Centre-Val de Loire'],COM,{18},{24}
6c34546e-4a37-496a-acc8-e15d43e9f210,211800925,Commune de Farges-en-Septaine (18),false,{18092},Commune,2026-03-24 14:41:54.903238+01,gold_establishments_2025,,,,21180092500011,2025,Collectivité Territoriale,Commune,['Cher'],['Centre-Val de Loire'],COM,{18},{24}
5b288afb-5ecc-4c83-9a94-e88591724652,217101948,Commune de Farges-lès-Chalon (71),false,{71194},Commune,2026-03-24 14:42:07.735343+01,gold_establishments_2025,,,,21710194800016,2025,Collectivité Territoriale,Commune,['Saône-et-Loire'],['Bourgogne-Franche-Comté'],COM,{71},{27}
c1ac3981-c90c-4d64-bf6b-a806b07e9dfa,217101955,Commune de Farges-lès-Mâcon (71),false,{71195},Commune,2026-03-24 14:42:07.735343+01,gold_establishments_2025,,,,21710195500011,2025,Collectivité Territoriale,Commune,['Saône-et-Loire'],['Bourgogne-Franche-Comté'],COM,{71},{27}
a6f8aafa-0081-498b-b4c4-0ebeeb74e316,213301641,Commune de Fargues (33),false,{33164},Commune,2026-03-24 14:41:58.620411+01,gold_establishments_2025,,,,21330164100014,2025,Collectivité Territoriale,Commune,['Gironde'],['Nouvelle-Aquitaine'],COM,{33},{75}
5c35161f-f264-48ce-b5db-cfc6df6c1274,214000994,Commune de Fargues (40),false,{40099},Commune,2026-03-24 14:41:59.705606+01,gold_establishments_2025,,,,21400099400019,2025,Collectivité Territoriale,Commune,['Landes'],['Nouvelle-Aquitaine'],COM,{40},{75}
5884520e-2289-4d32-872b-8d8835f2309b,213301658,Commune de Fargues-Saint-Hilaire (33),false,{33165},Commune,2026-03-24 14:41:58.620411+01,gold_establishments_2025,,,,21330165800018,2025,Collectivité Territoriale,Commune,['Gironde'],['Nouvelle-Aquitaine'],COM,{33},{75}
e9169287-633c-4693-8da1-9cfe828d5405,214700932,Commune de Fargues-sur-Ourbise (47),false,{47093},Commune,2026-03-24 14:42:00.862623+01,gold_establishments_2025,,,,21470093200012,2025,Collectivité Territoriale,Commune,['Lot-et-Garonne'],['Nouvelle-Aquitaine'],COM,{47},{75}
5eff34d6-41cc-4be5-9d86-7740baf71fb7,215201393,Commune de Farincourt (52),false,{52195},Commune,2026-03-24 14:42:01.954481+01,gold_establishments_2025,,,,21520139300018,2025,Collectivité Territoriale,Commune,['Haute-Marne'],['Grand Est'],COM,{52},{44}
b2a56753-22db-48e3-851f-f3e210bda5df,212001093,Commune de Farinole (2B),false,{2B109},Commune,2026-03-24 14:41:57.56054+01,gold_establishments_2025,,,,21200109300013,2025,Collectivité Territoriale,Commune,['Haute-Corse'],['Corse'],COM,{2B},{94}
636d7410-e888-4ec6-8be4-898729db7766,214200933,Commune de Farnay (42),false,{42093},Commune,2026-03-24 14:42:00.273698+01,gold_establishments_2025,,,,21420093300015,2025,Collectivité Territoriale,Commune,['Loire'],['Auvergne-Rhône-Alpes'],COM,{42},{84}
fb0c9e41-187a-41c3-a848-55f4e7b6fbde,215702085,Commune de Farschviller (57),false,{57208},Commune,2026-03-24 14:42:03.701372+01,gold_establishments_2025,,,,21570208500071,2025,Collectivité Territoriale,Commune,['Moselle'],['Grand Est'],COM,{57},{44}
67098be9-4264-4a7b-857d-2bfb08e26673,215702077,Commune de Farébersviller (57),false,{57207},Commune,2026-03-24 14:42:03.701372+01,gold_establishments_2025,,,,21570207700011,2025,Collectivité Territoriale,Commune,['Moselle'],['Grand Est'],COM,{57},{44}
fde19bbf-76d9-4de8-882a-f11cc053d1b5,217201292,Commune de Fatines (72),false,{72129},Commune,2026-03-24 14:42:08.279287+01,gold_establishments_2025,,,,21720129200042,2025,Collectivité Territoriale,Commune,['Sarthe'],['Pays de la Loire'],COM,{72},{52}
cd5fec1d-8e29-4884-97eb-f1e8b28e40cc,212702336,Commune de Fatouville-Grestain (27),false,{27233},Commune,2026-03-24 14:41:57.028721+01,gold_establishments_2025,,,,21270233600018,2025,Collectivité Territoriale,Commune,['Eure'],['Normandie'],COM,{27},{28}
a5d464a4-0ad0-4453-99cb-a36b04983139,218100881,Commune de Fauch (81),false,{81088},Commune,2026-03-24 14:42:09.967209+01,gold_establishments_2025,,,,21810088100018,2025,Collectivité Territoriale,Commune,['Tarn'],['Occitanie'],COM,{81},{76}
df31f60e-b3bc-4b30-8802-99e43d5cfe5c,217401223,Commune de Faucigny (74),false,{74122},Commune,2026-03-24 14:42:08.279287+01,gold_establishments_2025,,,,21740122300011,2025,Collectivité Territoriale,Commune,['Haute-Savoie'],['Auvergne-Rhône-Alpes'],COM,{74},{84}
3a288391-73fe-4ce8-98d3-e09977f60312,217002278,Commune de Faucogney-et-la-Mer (70),false,{70227},Commune,2026-03-24 14:42:07.735343+01,gold_establishments_2025,,,,21700227800018,2025,Collectivité Territoriale,Commune,['Haute-Saône'],['Bourgogne-Franche-Comté'],COM,{70},{27}
342fc6b8-e494-43f9-a54d-3cb2eff5f37d,218801678,Commune de Faucompierre (88),false,{88167},Commune,2026-03-24 14:42:11.118516+01,gold_establishments_2025,,,,21880167800010,2025,Collectivité Territoriale,Commune,['Vosges'],['Grand Est'],COM,{88},{44}
ba1ce2ae-3206-4c4b-9f07-b9d58e3dcd55,218400455,Commune de Faucon (84),false,{84045},Commune,2026-03-24 14:42:10.508772+01,gold_establishments_2025,,,,21840045500018,2025,Collectivité Territoriale,Commune,['Vaucluse'],"[""Provence-Alpes-Côte d'Azur""]",COM,{84},{93}
2b49cb86-53b6-497d-ab0c-7836c6111167,210400867,Commune de Faucon-de-Barcelonnette (04),false,{04086},Commune,2026-03-24 14:41:52.020251+01,gold_establishments_2025,,,,21040086700011,2025,Collectivité Territoriale,Commune,['Alpes-de-Haute-Provence'],"[""Provence-Alpes-Côte d'Azur""]",COM,{04},{93}
8f984644-76f7-442b-b039-c7723a93f9c1,210400859,Commune de Faucon-du-Caire (04),false,{04085},Commune,2026-03-24 14:41:52.020251+01,gold_establishments_2025,,,,21040085900018,2025,Collectivité Territoriale,Commune,['Alpes-de-Haute-Provence'],"[""Provence-Alpes-Côte d'Azur""]",COM,{04},{93}
43af839a-980f-497f-93cb-777102767d42,218801686,Commune de Fauconcourt (88),false,{88168},Commune,2026-03-24 14:42:11.118516+01,gold_establishments_2025,,,,21880168600013,2025,Collectivité Territoriale,Commune,['Vosges'],['Grand Est'],COM,{88},{44}
1767d7a3-5415-4664-bf50-6e4b93fa052c,218200590,Commune de Faudoas (82),false,{82059},Commune,2026-03-24 14:42:10.508772+01,gold_establishments_2025,,,,21820059000014,2025,Collectivité Territoriale,Commune,['Tarn-et-Garonne'],['Occitanie'],COM,{82},{76}
d87c29a0-8610-4a8f-90c9-24e7b4f4ee76,211402607,Commune de Fauguernon (14),false,{14260},Commune,2026-03-24 14:41:54.362296+01,gold_establishments_2025,,,,21140260700017,2025,Collectivité Territoriale,Commune,['Calvados'],['Normandie'],COM,{14},{28}
33f77af4-7198-4c06-9418-2ec999ed7a5e,214700940,Commune de Fauguerolles (47),false,{47094},Commune,2026-03-24 14:42:00.862623+01,gold_establishments_2025,,,,21470094000015,2025,Collectivité Territoriale,Commune,['Lot-et-Garonne'],['Nouvelle-Aquitaine'],COM,{47},{75}
23d7c8be-6304-4465-99fe-78f83ac6988c,210700886,Commune de Faugères (07),false,{07088},Commune,2026-03-24 14:41:52.562531+01,gold_establishments_2025,,,,21070088600018,2025,Collectivité Territoriale,Commune,['Ardèche'],['Auvergne-Rhône-Alpes'],COM,{07},{84}
3ba4d49b-9e16-4b1c-860a-13629ee473fc,213400963,Commune de Faugères (34),false,{34096},Commune,2026-03-24 14:41:58.620411+01,gold_establishments_2025,,,,21340096300012,2025,Collectivité Territoriale,Commune,['Hérault'],['Occitanie'],COM,{34},{76}
aacfa287-fe91-4f69-8ecb-6115fe1257df,214703324,Commune de Fauillet (47),false,{47095},Commune,2026-03-24 14:42:00.862623+01,gold_establishments_2025,,,,21470332400019,2025,Collectivité Territoriale,Commune,['Lot-et-Garonne'],['Nouvelle-Aquitaine'],COM,{47},{75}
efbf2910-f071-4b91-b377-d9c6a9176b70,215702093,Commune de Faulquemont (57),false,{57209},Commune,2026-03-24 14:42:03.701372+01,gold_establishments_2025,,,,21570209300018,2025,Collectivité Territoriale,Commune,['Moselle'],['Grand Est'],COM,{57},{44}
e9698cfd-9544-4da8-960f-0554aba2a6b3,215401886,Commune de Faulx (54),false,{54188},Commune,2026-03-24 14:42:02.957225+01,gold_establishments_2025,,,,21540188600019,2025,Collectivité Territoriale,Commune,['Meurthe-et-Moselle'],['Grand Est'],COM,{54},{44}
fa08d64b-f7f3-4a86-b0c2-12f5bce9ee26,215902222,Commune de Faumont (59),false,{59222},Commune,2026-03-24 14:42:04.280096+01,gold_establishments_2025,,,,21590222200011,2025,Collectivité Territoriale,Commune,['Nord'],['Hauts-de-France'],COM,{59},{32}
de0d9e71-ea5c-4664-bdab-2fcec2ace926,216203257,Commune de Fauquembergues (62),false,{62325},Commune,2026-03-24 14:42:05.597325+01,gold_establishments_2025,,,,21620325700011,2025,Collectivité Territoriale,Commune,['Pas-de-Calais'],['Hauts-de-France'],COM,{62},{32}
c1cda858-c83f-4d01-8247-326a717e8f7d,212401764,Commune de Faurilles (24),false,{24176},Commune,2026-03-24 14:41:55.958138+01,gold_establishments_2025,,,,21240176400015,2025,Collectivité Territoriale,Commune,['Dordogne'],['Nouvelle-Aquitaine'],COM,{24},{75}
1289b33e-9522-45c0-befd-0e758583ed8f,218200608,Commune de Fauroux (82),false,{82060},Commune,2026-03-24 14:42:10.508772+01,gold_establishments_2025,,,,21820060800014,2025,Collectivité Territoriale,Commune,['Tarn-et-Garonne'],['Occitanie'],COM,{82},{76}
f4ddec71-cad9-4f77-8b24-29970b2fedcc,218100899,Commune de Faussergues (81),false,{81089},Commune,2026-03-24 14:42:09.967209+01,gold_establishments_2025,,,,21810089900010,2025,Collectivité Territoriale,Commune,['Tarn'],['Occitanie'],COM,{81},{76}
81b6133d-bfee-4e60-b652-8f11e4d7914f,212102610,Commune de Fauverney (21),false,{21261},Commune,2026-03-24 14:41:55.433389+01,gold_establishments_2025,,,,21210261000012,2025,Collectivité Territoriale,Commune,"[""Côte-d'Or""]",['Bourgogne-Franche-Comté'],COM,{21},{27}
979ad127-57b1-4432-aa2f-de38b6d9ef7a,212702344,Commune de Fauville (27),false,{27234},Commune,2026-03-24 14:41:57.028721+01,gold_establishments_2025,,,,21270234400012,2025,Collectivité Territoriale,Commune,['Eure'],['Normandie'],COM,{27},{28}
01c3156a-8b5a-44ad-a85b-f7d73a798153,210801502,Commune de Faux (08),false,{08165},Commune,2026-03-24 14:41:52.562531+01,gold_establishments_2025,,,,21080150200019,2025,Collectivité Territoriale,Commune,['Ardennes'],['Grand Est'],COM,{08},{44}
8a20633a-0ce3-41d3-889a-27e90e914f59,215102252,Commune de Faux-Fresnay (51),false,{51243},Commune,2026-03-24 14:42:01.954481+01,gold_establishments_2025,,,,21510225200016,2025,Collectivité Territoriale,Commune,['Marne'],['Grand Est'],COM,{51},{44}
5d60f1b5-347d-4ce9-820a-80b7740b31f9,212307805,Commune de Faux-Mazuras (23),false,{23078},Commune,2026-03-24 14:41:55.958138+01,gold_establishments_2025,,,,21230780500011,2025,Collectivité Territoriale,Commune,['Creuse'],['Nouvelle-Aquitaine'],COM,{23},{75}
e07f2e08-0145-4ac4-b2c9-64e64a7b64fe,211001391,Commune de Faux-Villecerf (10),false,{10145},Commune,2026-03-24 14:41:53.095366+01,gold_establishments_2025,,,,21100139100013,2025,Collectivité Territoriale,Commune,['Aube'],['Grand Est'],COM,{10},{44}
d9f3f06b-bc1e-4e29-a196-48379d8c2a89,215102260,Commune de Faux-Vésigneul (51),false,{51244},Commune,2026-03-24 14:42:01.954481+01,gold_establishments_2025,,,,21510226000019,2025,Collectivité Territoriale,Commune,['Marne'],['Grand Est'],COM,{51},{44}
728d5685-b7b1-4f43-8669-3d50d75b58f3,212401772,Commune de Faux-en-Périgord (24),false,{24177},Commune,2026-03-24 14:41:55.958138+01,gold_establishments_2025,,,,21240177200059,2025,Collectivité Territoriale,Commune,['Dordogne'],['Nouvelle-Aquitaine'],COM,{24},{75}
d8d760bd-6cfc-4efd-8df2-5a71f48d4ff7,212307706,Commune de Faux-la-Montagne (23),false,{23077},Commune,2026-03-24 14:41:55.958138+01,gold_establishments_2025,,,,21230770600011,2025,Collectivité Territoriale,Commune,['Creuse'],['Nouvelle-Aquitaine'],COM,{23},{75}
0c380498-3711-412a-9509-69325e7b878c,212001101,Commune de Favalello (2B),false,{2B110},Commune,2026-03-24 14:41:57.56054+01,gold_establishments_2025,,,,21200110100014,2025,Collectivité Territoriale,Commune,['Haute-Corse'],['Corse'],COM,{2B},{94}
307ee9cb-b98c-4826-a991-9dda9fc70882,211908207,Commune de Favars (19),false,{19082},Commune,2026-03-24 14:41:54.903238+01,gold_establishments_2025,,,,21190820700015,2025,Collectivité Territoriale,Commune,['Corrèze'],['Nouvelle-Aquitaine'],COM,{19},{75}
49477ee0-914d-4d3f-8e8f-c2252f3d859f,211800933,Commune de Faverdines (18),false,{18093},Commune,2026-03-24 14:41:54.903238+01,gold_establishments_2025,,,,21180093300015,2025,Collectivité Territoriale,Commune,['Cher'],['Centre-Val de Loire'],COM,{18},{24}
f3cf798d-2f0c-4804-b893-ddd02fc03734,214501413,Commune de Faverelles (45),false,{45141},Commune,2026-03-24 14:42:00.862623+01,gold_establishments_2025,,,,21450141300014,2025,Collectivité Territoriale,Commune,['Loiret'],['Centre-Val de Loire'],COM,{45},{24}
aee1b178-7bc7-4224-bf36-9e6d2f9de24f,200054138,Commune de Faverges-Seythenex (74),false,{74123},Commune,2026-03-24 14:42:08.279287+01,gold_establishments_2025,,,,20005413800017,2025,Collectivité Territoriale,Commune,['Haute-Savoie'],['Auvergne-Rhône-Alpes'],COM,{74},{84}
f5f1fc36-b32d-411e-8c6d-2b23a6491b0f,213801624,Commune de Faverges-de-la-Tour (38),false,{38162},Commune,2026-03-24 14:41:59.160244+01,gold_establishments_2025,,,,21380162400015,2025,Collectivité Territoriale,Commune,['Isère'],['Auvergne-Rhône-Alpes'],COM,{38},{84}
741f2400-7c4c-4df8-90d9-f54cc9bc8d9d,217002286,Commune de Faverney (70),false,{70228},Commune,2026-03-24 14:42:07.735343+01,gold_establishments_2025,,,,21700228600011,2025,Collectivité Territoriale,Commune,['Haute-Saône'],['Bourgogne-Franche-Comté'],COM,{70},{27}
d9b35829-c165-4f4a-9dc8-a6cb3cf4ef70,219000437,Commune de Faverois (90),false,{90043},Commune,2026-03-24 14:42:11.659493+01,gold_establishments_2025,,,,21900043700018,2025,Collectivité Territoriale,Commune,['Territoire de Belfort'],['Bourgogne-Franche-Comté'],COM,{90},{27}
314c0c59-d844-4b3e-b222-b8efe59438a3,210202842,Commune de Faverolles (02),false,{02302},Commune,2026-03-24 14:41:52.020251+01,gold_establishments_2025,,,,21020284200014,2025,Collectivité Territoriale,Commune,['Aisne'],['Hauts-de-France'],COM,{02},{32}
59ca3f0d-615b-42b9-b8a2-7d90e66d6273,212801468,Commune de Faverolles (28),false,{28146},Commune,2026-03-24 14:41:57.028721+01,gold_establishments_2025,,,,21280146800019,2025,Collectivité Territoriale,Commune,['Eure-et-Loir'],['Centre-Val de Loire'],COM,{28},{24}
bc2cdd31-49bb-4154-8db2-e4bf6eb01012,215201401,Commune de Faverolles (52),false,{52196},Commune,2026-03-24 14:42:01.954481+01,gold_establishments_2025,,,,21520140100019,2025,Collectivité Territoriale,Commune,['Haute-Marne'],['Grand Est'],COM,{52},{44}
9aca9e5a-4ee9-44ac-9192-bc976cdf6c94,216101584,Commune de Faverolles (61),false,{61158},Commune,2026-03-24 14:42:05.597325+01,gold_establishments_2025,,,,21610158400011,2025,Collectivité Territoriale,Commune,['Orne'],['Normandie'],COM,{61},{28}
236c8051-93fe-46ba-8f72-aa6be360eb87,218002897,Commune de Faverolles (80),false,{80302},Commune,2026-03-24 14:42:09.967209+01,gold_establishments_2025,,,,21800289700013,2025,Collectivité Territoriale,Commune,['Somme'],['Hauts-de-France'],COM,{80},{32}
f2f6c769-87fe-46fb-b414-3aeed426da92,215102278,Commune de Faverolles-et-Coëmy (51),false,{51245},Commune,2026-03-24 14:42:01.954481+01,gold_establishments_2025,,,,21510227800011,2025,Collectivité Territoriale,Commune,['Marne'],['Grand Est'],COM,{51},{44}
83a6edac-d821-41d3-9a75-7e6a768beb1f,212702351,Commune de Faverolles-la-Campagne (27),false,{27235},Commune,2026-03-24 14:41:57.028721+01,gold_establishments_2025,,,,21270235100017,2025,Collectivité Territoriale,Commune,['Eure'],['Normandie'],COM,{27},{28}
b8abd1c7-fc6a-494a-9bcc-e65454e597e4,212102628,Commune de Faverolles-lès-Lucey (21),false,{21262},Commune,2026-03-24 14:41:55.433389+01,gold_establishments_2025,,,,21210262800014,2025,Collectivité Territoriale,Commune,"[""Côte-d'Or""]",['Bourgogne-Franche-Comté'],COM,{21},{27}
d53be240-435a-4741-8a28-675c1e6149ff,214100802,Commune de Faverolles-sur-Cher (41),false,{41080},Commune,2026-03-24 14:42:00.273698+01,gold_establishments_2025,,,,21410080200013,2025,Collectivité Territoriale,Commune,['Loir-et-Cher'],['Centre-Val de Loire'],COM,{41},{24}
751b2ade-6980-482e-bab8-f784e7205a6d,212801476,Commune de Favières (28),false,{28147},Commune,2026-03-24 14:41:57.028721+01,gold_establishments_2025,,,,21280147600012,2025,Collectivité Territoriale,Commune,['Eure-et-Loir'],['Centre-Val de Loire'],COM,{28},{24}
c9adefe8-4fbd-449e-9bd7-2eae590f0a1d,215401894,Commune de Favières (54),false,{54189},Commune,2026-03-24 14:42:02.957225+01,gold_establishments_2025,,,,21540189400013,2025,Collectivité Territoriale,Commune,['Meurthe-et-Moselle'],['Grand Est'],COM,{54},{44}
20848685-4cb3-438f-bc01-b383c1b89a46,217701770,Commune de Favières (77),false,{77177},Commune,2026-03-24 14:42:09.43682+01,gold_establishments_2025,,,,21770177000018,2025,Collectivité Territoriale,Commune,['Seine-et-Marne'],['Île-de-France'],COM,{77},{11}
49bae9ae-30ec-42f8-960d-c432914f9dfd,218002905,Commune de Favières (80),false,{80303},Commune,2026-03-24 14:42:09.967209+01,gold_establishments_2025,,,,21800290500014,2025,Collectivité Territoriale,Commune,['Somme'],['Hauts-de-France'],COM,{80},{32}
913a536c-b071-4da2-abaf-269d1d485399,215102286,Commune de Favresse (51),false,{51246},Commune,2026-03-24 14:42:01.954481+01,gold_establishments_2025,,,,21510228600014,2025,Collectivité Territoriale,Commune,['Marne'],['Grand Est'],COM,{51},{44}
0ed4d0c1-e34a-4f40-a7e3-850dec9e3e7e,216203265,Commune de Favreuil (62),false,{62326},Commune,2026-03-24 14:42:05.597325+01,gold_establishments_2025,,,,21620326500014,2025,Collectivité Territoriale,Commune,['Pas-de-Calais'],['Hauts-de-France'],COM,{62},{32}
89b8de72-851f-415f-801f-35b4bedffc0d,217802313,Commune de Favrieux (78),false,{78231},Commune,2026-03-24 14:42:09.43682+01,gold_establishments_2025,,,,21780231300015,2025,Collectivité Territoriale,Commune,['Yvelines'],['Île-de-France'],COM,{78},{11}
4b54e889-2f9f-41e7-8069-75d940421866,216101592,Commune de Fay (61),false,{61159},Commune,2026-03-24 14:42:05.597325+01,gold_establishments_2025,,,,21610159200014,2025,Collectivité Territoriale,Commune,['Orne'],['Normandie'],COM,{61},{28}
c15e76c5-bcb8-4ca0-ba1f-699b962a35a6,217201300,Commune de Fay (72),false,{72130},Commune,2026-03-24 14:42:08.279287+01,gold_establishments_2025,,,,21720130000019,2025,Collectivité Territoriale,Commune,['Sarthe'],['Pays de la Loire'],COM,{72},{52}
b3bceeb6-cb16-4128-b183-84467880d784,218002913,Commune de Fay (80),false,{80304},Commune,2026-03-24 14:42:09.967209+01,gold_establishments_2025,,,,21800291300018,2025,Collectivité Territoriale,Commune,['Somme'],['Hauts-de-France'],COM,{80},{32}
70572ec3-597b-4603-bfc7-004c1a196c9a,214501421,Commune de Fay-aux-Loges (45),false,{45142},Commune,2026-03-24 14:42:00.862623+01,gold_establishments_2025,,,,21450142100017,2025,Collectivité Territoriale,Commune,['Loiret'],['Centre-Val de Loire'],COM,{45},{24}
73e5ad08-ba87-4c3b-957a-b37a3c3d8373,214400566,Commune de Fay-de-Bretagne (44),false,{44056},Commune,2026-03-24 14:42:00.273698+01,gold_establishments_2025,,,,21440056600011,2025,Collectivité Territoriale,Commune,['Loire-Atlantique'],['Pays de la Loire'],COM,{44},{52}
bfb13b8d-eee0-4d56-a391-f024a773c788,213902224,Commune de Fay-en-Montagne (39),false,{39222},Commune,2026-03-24 14:41:59.705606+01,gold_establishments_2025,,,,21390222400012,2025,Collectivité Territoriale,Commune,['Jura'],['Bourgogne-Franche-Comté'],COM,{39},{27}
813dfeaf-6e14-48fe-9fd3-ade4c6c330b6,212601330,Commune de Fay-le-Clos (26),false,{26133},Commune,2026-03-24 14:41:56.495197+01,gold_establishments_2025,,,,21260133000013,2025,Collectivité Territoriale,Commune,['Drôme'],['Auvergne-Rhône-Alpes'],COM,{26},{84}
9edd56c5-cfbd-481a-9b33-61bc573dff9e,216002261,Commune de Fay-les-Étangs (60),false,{60228},Commune,2026-03-24 14:42:04.814328+01,gold_establishments_2025,,,,21600226100032,2025,Collectivité Territoriale,Commune,['Oise'],['Hauts-de-France'],COM,{60},{32}
20ae0384-aaad-49a6-a783-ac511a18663c,211001409,Commune de Fay-lès-Marcilly (10),false,{10146},Commune,2026-03-24 14:41:53.095366+01,gold_establishments_2025,,,,21100140900013,2025,Collectivité Territoriale,Commune,['Aube'],['Grand Est'],COM,{10},{44}
d1c67f11-e9c6-49b5-9456-ac061c0efad2,214300923,Commune de Fay-sur-Lignon (43),false,{43092},Commune,2026-03-24 14:42:00.273698+01,gold_establishments_2025,,,,21430092300015,2025,Collectivité Territoriale,Commune,['Haute-Loire'],['Auvergne-Rhône-Alpes'],COM,{43},{84}
cca5c232-cbf3-4a56-9d81-5fa5aca1744a,214601007,Commune de Faycelles (46),false,{46100},Commune,2026-03-24 14:42:00.862623+01,gold_establishments_2025,,,,21460100700013,2025,Collectivité Territoriale,Commune,['Lot'],['Occitanie'],COM,{46},{76}
c44f532e-c07c-4916-b7b6-160b143603d2,214100810,Commune de Faye (41),false,{41081},Commune,2026-03-24 14:42:00.273698+01,gold_establishments_2025,,,,21410081000016,2025,Collectivité Territoriale,Commune,['Loir-et-Cher'],['Centre-Val de Loire'],COM,{41},{24}
9e57e7fc-1f60-4cbd-8796-2b9f4db691e9,217901164,Commune de Faye-l'Abbesse (79),false,{79116},Commune,2026-03-24 14:42:09.43682+01,gold_establishments_2025,,,,21790116400012,2025,Collectivité Territoriale,Commune,['Deux-Sèvres'],['Nouvelle-Aquitaine'],COM,{79},{75}
b4f08038-28c3-49a2-b070-874cd42de781,213701055,Commune de Faye-la-Vineuse (37),false,{37105},Commune,2026-03-24 14:41:59.160244+01,gold_establishments_2025,,,,21370105500013,2025,Collectivité Territoriale,Commune,['Indre-et-Loire'],['Centre-Val de Loire'],COM,{37},{24}
8c4d985f-b48f-4fa7-b971-d5b5b7390378,217901172,Commune de Faye-sur-Ardin (79),false,{79117},Commune,2026-03-24 14:42:09.43682+01,gold_establishments_2025,,,,21790117200015,2025,Collectivité Territoriale,Commune,['Deux-Sèvres'],['Nouvelle-Aquitaine'],COM,{79},{75}
efb0d091-f501-48c1-b5b7-ecc66df335e0,218300556,Commune de Fayence (83),false,{83055},Commune,2026-03-24 14:42:10.508772+01,gold_establishments_2025,,,,21830055600014,2025,Collectivité Territoriale,Commune,['Var'],"[""Provence-Alpes-Côte d'Azur""]",COM,{83},{93}
a2501aa9-8b65-4e94-a27c-bf4b3c81234c,210202859,Commune de Fayet (02),false,{02303},Commune,2026-03-24 14:41:52.020251+01,gold_establishments_2025,,,,21020285900018,2025,Collectivité Territoriale,Commune,['Aisne'],['Hauts-de-France'],COM,{02},{32}
5be6a0a1-7aed-459b-a8b2-91fc0bbcbfac,211200993,Commune de Fayet (12),false,{12099},Commune,2026-03-24 14:41:53.63825+01,gold_establishments_2025,,,,21120099300015,2025,Collectivité Territoriale,Commune,['Aveyron'],['Occitanie'],COM,{12},{76}
b1761d8a-8b67-43a7-92d8-d6872ae693ff,216301580,Commune de Fayet-Ronaye (63),false,{63158},Commune,2026-03-24 14:42:06.130387+01,gold_establishments_2025,,,,21630158000017,2025,Collectivité Territoriale,Commune,['Puy-de-Dôme'],['Auvergne-Rhône-Alpes'],COM,{63},{84}
e3110a90-24e1-4dd7-9d6c-e2498b80ea77,216301572,Commune de Fayet-le-Château (63),false,{63157},Commune,2026-03-24 14:42:06.130387+01,gold_establishments_2025,,,,21630157200014,2025,Collectivité Territoriale,Commune,['Puy-de-Dôme'],['Auvergne-Rhône-Alpes'],COM,{63},{84}
e9a9e4fa-3ecd-48b9-8018-a05037ccff53,215201419,Commune de Fayl-Billot (52),false,{52197},Commune,2026-03-24 14:42:01.954481+01,gold_establishments_2025,,,,21520141900011,2025,Collectivité Territoriale,Commune,['Haute-Marne'],['Grand Est'],COM,{52},{44}
5dd5d2a5-773a-4933-ae6c-f7a28e595053,217002294,Commune de Faymont (70),false,{70229},Commune,2026-03-24 14:42:07.735343+01,gold_establishments_2025,,,,21700229400015,2025,Collectivité Territoriale,Commune,['Haute-Saône'],['Bourgogne-Franche-Comté'],COM,{70},{27}
cbe4c94a-bc31-4a27-af3f-22450bdcab43,218500874,Commune de Faymoreau (85),false,{85087},Commune,2026-03-24 14:42:10.508772+01,gold_establishments_2025,,,,21850087400019,2025,Collectivité Territoriale,Commune,['Vendée'],['Pays de la Loire'],COM,{85},{52}
1d1c8713-9739-4436-8661-f80d8608969b,215201427,Commune de Fays (52),false,{52198},Commune,2026-03-24 14:42:01.954481+01,gold_establishments_2025,,,,21520142700014,2025,Collectivité Territoriale,Commune,['Haute-Marne'],['Grand Est'],COM,{52},{44}
edb30f7b-2dd0-47ca-9b6b-13580a8a83f9,218801694,Commune de Fays (88),false,{88169},Commune,2026-03-24 14:42:11.118516+01,gold_establishments_2025,,,,21880169400017,2025,Collectivité Territoriale,Commune,['Vosges'],['Grand Est'],COM,{88},{44}
040b45f2-9844-4819-b4b7-52be55a97c66,211001417,Commune de Fays-la-Chapelle (10),false,{10147},Commune,2026-03-24 14:41:53.095366+01,gold_establishments_2025,,,,21100141700016,2025,Collectivité Territoriale,Commune,['Aube'],['Grand Est'],COM,{10},{44}
fd31813d-398f-4fb5-91ed-b3f8cd97cd38,218100873,Commune de Fayssac (81),false,{81087},Commune,2026-03-24 14:42:09.967209+01,gold_establishments_2025,,,,21810087300015,2025,Collectivité Territoriale,Commune,['Tarn'],['Occitanie'],COM,{81},{76}
595e8b8f-2f1e-4067-bbe0-be3683df3e3b,217701788,Commune de Faÿ-lès-Nemours (77),false,{77178},Commune,2026-03-24 14:42:09.43682+01,gold_establishments_2025,,,,21770178800010,2025,Collectivité Territoriale,Commune,['Seine-et-Marne'],['Île-de-France'],COM,{77},{11}
b288d96e-2dca-4306-be82-21a73905a3bf,216203273,Commune de Febvin-Palfart (62),false,{62327},Commune,2026-03-24 14:42:05.597325+01,gold_establishments_2025,,,,21620327300042,2025,Collectivité Territoriale,Commune,['Pas-de-Calais'],['Hauts-de-France'],COM,{62},{32}
dca67b9a-b5cf-48b3-8ded-c99d2262d2fb,216701375,Commune de Fegersheim (67),false,{67137},Commune,2026-03-24 14:42:07.195692+01,gold_establishments_2025,,,,21670137500018,2025,Collectivité Territoriale,Commune,['Bas-Rhin'],['Grand Est'],COM,{67},{44}
2dd74570-9891-4b68-883c-4af4d3ef28c2,216002295,Commune de Feigneux (60),false,{60231},Commune,2026-03-24 14:42:04.814328+01,gold_establishments_2025,,,,21600229500014,2025,Collectivité Territoriale,Commune,['Oise'],['Hauts-de-France'],COM,{60},{32}
21be6580-a7ad-4577-82ac-18932cde53ec,215902255,Commune de Feignies (59),false,{59225},Commune,2026-03-24 14:42:04.280096+01,gold_establishments_2025,,,,21590225500011,2025,Collectivité Territoriale,Commune,['Nord'],['Hauts-de-France'],COM,{59},{32}
04a6fad2-5865-402d-abcc-f9602d48f2bb,217401249,Commune de Feigères (74),false,{74124},Commune,2026-03-24 14:42:08.279287+01,gold_establishments_2025,,,,21740124900016,2025,Collectivité Territoriale,Commune,['Haute-Savoie'],['Auvergne-Rhône-Alpes'],COM,{74},{84}
da0069e6-1759-4409-a70e-829a35e49350,210101598,Commune de Feillens (01),false,{01159},Commune,2026-03-24 14:41:51.447482+01,gold_establishments_2025,,,,21010159800014,2025,Collectivité Territoriale,Commune,['Ain'],['Auvergne-Rhône-Alpes'],COM,{01},{84}
86207c62-2678-4fcb-8e48-7710ae3581ec,216600767,Commune de Feilluns (66),false,{66076},Commune,2026-03-24 14:42:06.665412+01,gold_establishments_2025,,,,21660076700018,2025,Collectivité Territoriale,Commune,['Pyrénées-Orientales'],['Occitanie'],COM,{66},{76}
e17bcfcd-38e9-4d5e-a4ff-e7465bfe6603,216101600,Commune de Feings (61),false,{61160},Commune,2026-03-24 14:42:05.597325+01,gold_establishments_2025,,,,21610160000015,2025,Collectivité Territoriale,Commune,['Orne'],['Normandie'],COM,{61},{28}
47d02778-1dbc-4f26-8051-8bf949f6864a,213501109,Commune de Feins (35),false,{35110},Commune,2026-03-24 14:41:58.620411+01,gold_establishments_2025,,,,21350110900010,2025,Collectivité Territoriale,Commune,['Ille-et-Vilaine'],['Bretagne'],COM,{35},{53}
6ee5b8b3-0cf8-4a19-93e0-1c4aa5742826,214501439,Commune de Feins-en-Gâtinais (45),false,{45143},Commune,2026-03-24 14:42:00.862623+01,gold_establishments_2025,,,,21450143900019,2025,Collectivité Territoriale,Commune,['Loiret'],['Centre-Val de Loire'],COM,{45},{24}
79596514-5a0a-41c9-8c6f-0ac1ad24824a,217301134,Commune de Feissons-sur-Salins (73),false,{73113},Commune,2026-03-24 14:42:08.279287+01,gold_establishments_2025,,,,21730113400011,2025,Collectivité Territoriale,Commune,['Savoie'],['Auvergne-Rhône-Alpes'],COM,{73},{84}
320262b9-8dc6-45e9-87c0-4b6999fab58f,212001119,Commune de Felce (2B),false,{2B111},Commune,2026-03-24 14:41:57.56054+01,gold_establishments_2025,,,,21200111900016,2025,Collectivité Territoriale,Commune,['Haute-Corse'],['Corse'],COM,{2B},{94}
3af94c23-a1a3-467b-b831-d9a8f78d19a5,216800870,Commune de Feldbach (68),false,{68087},Commune,2026-03-24 14:42:07.195692+01,gold_establishments_2025,,,,21680087000018,2025,Collectivité Territoriale,Commune,['Haut-Rhin'],['Grand Est'],COM,{68},{44}
c2e9517c-3e98-4800-890d-dd8889bbb8df,216800888,Commune de Feldkirch (68),false,{68088},Commune,2026-03-24 14:42:07.195692+01,gold_establishments_2025,,,,21680088800010,2025,Collectivité Territoriale,Commune,['Haut-Rhin'],['Grand Est'],COM,{68},{44}
eae80c75-9441-4542-81fd-33e74b3ea320,212001127,Commune de Feliceto (2B),false,{2B112},Commune,2026-03-24 14:41:57.56054+01,gold_establishments_2025,,,,21200112700019,2025,Collectivité Territoriale,Commune,['Haute-Corse'],['Corse'],COM,{2B},{94}
8c16b273-75c2-4ef2-ab54-6aa5c5d8ddec,215902263,Commune de Felleries (59),false,{59226},Commune,2026-03-24 14:42:04.280096+01,gold_establishments_2025,,,,21590226300056,2025,Collectivité Territoriale,Commune,['Nord'],['Hauts-de-France'],COM,{59},{32}
f2a874a6-82a6-4817-ba92-fac11103e40b,216800896,Commune de Fellering (68),false,{68089},Commune,2026-03-24 14:42:07.195692+01,gold_establishments_2025,,,,21680089600013,2025,Collectivité Territoriale,Commune,['Haut-Rhin'],['Grand Est'],COM,{68},{44}
23d6575e-8085-46dc-bcb4-8a095cbdc3f3,212307904,Commune de Felletin (23),false,{23079},Commune,2026-03-24 14:41:55.958138+01,gold_establishments_2025,,,,21230790400012,2025,Collectivité Territoriale,Commune,['Creuse'],['Nouvelle-Aquitaine'],COM,{23},{75}
7940b1ab-712b-431b-9e9a-12c9d62f53f3,219000445,Commune de Felon (90),false,{90044},Commune,2026-03-24 14:42:11.659493+01,gold_establishments_2025,,,,21900044500011,2025,Collectivité Territoriale,Commune,['Territoire de Belfort'],['Bourgogne-Franche-Comté'],COM,{90},{27}
3990a68e-733e-4855-a05c-5b3f2a3f1dc1,214601015,Commune de Felzins (46),false,{46101},Commune,2026-03-24 14:42:00.862623+01,gold_establishments_2025,,,,21460101500016,2025,Collectivité Territoriale,Commune,['Lot'],['Occitanie'],COM,{46},{76}
043b41f2-8f02-49de-86f1-57ce47783a30,215902271,Commune de Fenain (59),false,{59227},Commune,2026-03-24 14:42:04.280096+01,gold_establishments_2025,,,,21590227100018,2025,Collectivité Territoriale,Commune,['Nord'],['Hauts-de-France'],COM,{59},{32}
ff8e8f97-58d8-4d8b-9cae-b623b84376de,211101381,Commune de Fendeille (11),false,{11138},Commune,2026-03-24 14:41:53.63825+01,gold_establishments_2025,,,,21110138100013,2025,Collectivité Territoriale,Commune,['Aude'],['Occitanie'],COM,{11},{76}
f17dd7e5-5ffe-4b04-914b-1e03c01beb43,214901357,Commune de Feneu (49),false,{49135},Commune,2026-03-24 14:42:01.412377+01,gold_establishments_2025,,,,21490135700019,2025,Collectivité Territoriale,Commune,['Maine-et-Loire'],['Pays de la Loire'],COM,{49},{52}
93aa7fd6-0cef-4a68-aeeb-66aa95f78bb9,211701578,Commune de Fenioux (17),false,{17157},Commune,2026-03-24 14:41:54.903238+01,gold_establishments_2025,,,,21170157800018,2025,Collectivité Territoriale,Commune,['Charente-Maritime'],['Nouvelle-Aquitaine'],COM,{17},{75}
b1c8e9dd-b00e-4695-af57-214c3d2f4d86,217901198,Commune de Fenioux (79),false,{79119},Commune,2026-03-24 14:42:09.43682+01,gold_establishments_2025,,,,21790119800010,2025,Collectivité Territoriale,Commune,['Deux-Sèvres'],['Nouvelle-Aquitaine'],COM,{79},{75}
7ca33d12-e7c5-4735-8731-4cd0aa1c1b3c,215401910,Commune de Fenneviller (54),false,{54191},Commune,2026-03-24 14:42:02.957225+01,gold_establishments_2025,,,,21540191000017,2025,Collectivité Territoriale,Commune,['Meurthe-et-Moselle'],['Grand Est'],COM,{54},{44}
2449c422-139f-4a67-9fae-083fbd94f7c8,213101827,Commune de Fenouillet (31),false,{31182},Commune,2026-03-24 14:41:58.09424+01,gold_establishments_2025,,,,21310182700011,2025,Collectivité Territoriale,Commune,['Haute-Garonne'],['Occitanie'],COM,{31},{76}
c251268d-b722-41ec-9204-af1308ecfb15,216600775,Commune de Fenouillet (66),false,{66077},Commune,2026-03-24 14:42:06.665412+01,gold_establishments_2025,,,,21660077500011,2025,Collectivité Territoriale,Commune,['Pyrénées-Orientales'],['Occitanie'],COM,{66},{76}
3b92bf5d-41b6-418b-bb39-233b3d876bd4,211101399,Commune de Fenouillet-du-Razès (11),false,{11139},Commune,2026-03-24 14:41:53.63825+01,gold_establishments_2025,,,,21110139900015,2025,Collectivité Territoriale,Commune,['Aude'],['Occitanie'],COM,{11},{76}
3b6aa938-5464-42b9-9e14-9d457d719307,214400582,Commune de Fercé (44),false,{44058},Commune,2026-03-24 14:42:00.273698+01,gold_establishments_2025,,,,21440058200018,2025,Collectivité Territoriale,Commune,['Loire-Atlantique'],['Pays de la Loire'],COM,{44},{52}
df6116d2-2ff0-4039-b15f-912c1ae47fc8,217201318,Commune de Fercé-sur-Sarthe (72),false,{72131},Commune,2026-03-24 14:42:08.279287+01,gold_establishments_2025,,,,21720131800011,2025,Collectivité Territoriale,Commune,['Sarthe'],['Pays de la Loire'],COM,{72},{52}
c58bb776-834f-4610-b57a-df8a0fb096a1,218801702,Commune de Ferdrupt (88),false,{88170},Commune,2026-03-24 14:42:11.118516+01,gold_establishments_2025,,,,21880170200018,2025,Collectivité Territoriale,Commune,['Vosges'],['Grand Est'],COM,{88},{44}
ea06a22e-4f9d-4f66-98cf-d4d97a84c3bd,216203281,Commune de Ferfay (62),false,{62328},Commune,2026-03-24 14:42:05.597325+01,gold_establishments_2025,,,,21620328100011,2025,Collectivité Territoriale,Commune,['Pas-de-Calais'],['Hauts-de-France'],COM,{62},{32}
a4e7656d-dd7f-472f-a8bd-b761087adff0,215001785,Commune de Fermanville (50),false,{50178},Commune,2026-03-24 14:42:01.412377+01,gold_establishments_2025,,,,21500178500017,2025,Collectivité Territoriale,Commune,['Manche'],['Normandie'],COM,{50},{28}
5e961bff-9174-46be-92a2-6540e607e55f,210101606,Commune de Ferney-Voltaire (01),false,{01160},Commune,2026-03-24 14:41:51.447482+01,gold_establishments_2025,,,,21010160600015,2025,Collectivité Territoriale,Commune,['Ain'],['Auvergne-Rhône-Alpes'],COM,{01},{84}
41fc7787-30dc-4e85-a6b3-2df5a948f4b7,216301598,Commune de Fernoël (63),false,{63159},Commune,2026-03-24 14:42:06.130387+01,gold_establishments_2025,,,,21630159800019,2025,Collectivité Territoriale,Commune,['Puy-de-Dôme'],['Auvergne-Rhône-Alpes'],COM,{63},{84}
510f755a-9d71-4ec4-b432-6ecfd039e03a,216203299,Commune de Ferques (62),false,{62329},Commune,2026-03-24 14:42:05.597325+01,gold_establishments_2025,,,,21620329900104,2025,Collectivité Territoriale,Commune,['Pas-de-Calais'],['Hauts-de-France'],COM,{62},{32}
1701d29f-ea8e-475f-b640-ce71da725d7c,211101407,Commune de Ferrals-les-Corbières (11),false,{11140},Commune,2026-03-24 14:41:53.63825+01,gold_establishments_2025,,,,21110140700016,2025,Collectivité Territoriale,Commune,['Aude'],['Occitanie'],COM,{11},{76}
7d8009bd-a80d-4721-a673-3cd766cc9fc7,213400989,Commune de Ferrals-les-Montagnes (34),false,{34098},Commune,2026-03-24 14:41:58.620411+01,gold_establishments_2025,,,,21340098900017,2025,Collectivité Territoriale,Commune,['Hérault'],['Occitanie'],COM,{34},{76}
4c9156cc-3d7f-497a-b270-1f135ed4f46c,211101415,Commune de Ferran (11),false,{11141},Commune,2026-03-24 14:41:53.63825+01,gold_establishments_2025,,,,21110141500019,2025,Collectivité Territoriale,Commune,['Aude'],['Occitanie'],COM,{11},{76}
b2b0b5f7-1b02-46c1-8b3b-a62ea2ab67e2,212601355,Commune de Ferrassières (26),false,{26135},Commune,2026-03-24 14:41:56.495197+01,gold_establishments_2025,,,,21260135500010,2025,Collectivité Territoriale,Commune,['Drôme'],['Auvergne-Rhône-Alpes'],COM,{26},{84}
e90d6e61-72b6-4d57-a6bc-d2c17d777920,214700965,Commune de Ferrensac (47),false,{47096},Commune,2026-03-24 14:42:00.862623+01,gold_establishments_2025,,,,21470096500012,2025,Collectivité Territoriale,Commune,['Lot-et-Garonne'],['Nouvelle-Aquitaine'],COM,{47},{75}
5291f591-7a50-40c8-af92-899659e7b228,216800904,Commune de Ferrette (68),false,{68090},Commune,2026-03-24 14:42:07.195692+01,gold_establishments_2025,,,,21680090400072,2025,Collectivité Territoriale,Commune,['Haut-Rhin'],['Grand Est'],COM,{68},{44}
1110c73d-a3ea-48a2-a0bc-04eb1f6194c5,211001425,Commune de Ferreux-Quincey (10),false,{10148},Commune,2026-03-24 14:41:53.095366+01,gold_establishments_2025,,,,21100142500019,2025,Collectivité Territoriale,Commune,['Aube'],['Grand Est'],COM,{10},{44}
91ae0383-2972-4f52-877e-97ce4195529b,213701071,Commune de Ferrière-Larçon (37),false,{37107},Commune,2026-03-24 14:41:59.160244+01,gold_establishments_2025,,,,21370107100010,2025,Collectivité Territoriale,Commune,['Indre-et-Loire'],['Centre-Val de Loire'],COM,{37},{24}
430b53aa-c256-4c41-84f4-9955ea599bf5,215201435,Commune de Ferrière-et-Lafolie (52),false,{52199},Commune,2026-03-24 14:42:01.954481+01,gold_establishments_2025,,,,21520143500017,2025,Collectivité Territoriale,Commune,['Haute-Marne'],['Grand Est'],COM,{52},{44}
9c2ed6a3-cbe1-4552-a24e-679f09cdaf0c,215902305,Commune de Ferrière-la-Grande (59),false,{59230},Commune,2026-03-24 14:42:04.280096+01,gold_establishments_2025,,,,21590230500014,2025,Collectivité Territoriale,Commune,['Nord'],['Hauts-de-France'],COM,{59},{32}
b68df145-78e5-474f-b246-1f1a13a60020,215902313,Commune de Ferrière-la-Petite (59),false,{59231},Commune,2026-03-24 14:42:04.280096+01,gold_establishments_2025,,,,21590231300018,2025,Collectivité Territoriale,Commune,['Nord'],['Hauts-de-France'],COM,{59},{32}
6bdcd268-4059-4b7a-9076-03d58d8258c0,213701089,Commune de Ferrière-sur-Beaulieu (37),false,{37108},Commune,2026-03-24 14:41:59.160244+01,gold_establishments_2025,,,,21370108900012,2025,Collectivité Territoriale,Commune,['Indre-et-Loire'],['Centre-Val de Loire'],COM,{37},{24}
0e09843c-e614-4420-9c9d-6f99f6c5bd2b,211701586,Commune de Ferrières (17),false,{17158},Commune,2026-03-24 14:41:54.903238+01,gold_establishments_2025,,,,21170158600011,2025,Collectivité Territoriale,Commune,['Charente-Maritime'],['Nouvelle-Aquitaine'],COM,{17},{75}
7d49baed-cfa9-46a3-8122-2dea7fecb8aa,215401928,Commune de Ferrières (54),false,{54192},Commune,2026-03-24 14:42:02.957225+01,gold_establishments_2025,,,,21540192800019,2025,Collectivité Territoriale,Commune,['Meurthe-et-Moselle'],['Grand Est'],COM,{54},{44}
67fb8497-1970-47e6-b390-a0ad951adbdb,216002303,Commune de Ferrières (60),false,{60232},Commune,2026-03-24 14:42:04.814328+01,gold_establishments_2025,,,,21600230300016,2025,Collectivité Territoriale,Commune,['Oise'],['Hauts-de-France'],COM,{60},{32}
5f5c24af-0e1a-4601-be65-529718f7de0e,216501767,Commune de Ferrières (65),false,{65176},Commune,2026-03-24 14:42:06.665412+01,gold_establishments_2025,,,,21650176700018,2025,Collectivité Territoriale,Commune,['Hautes-Pyrénées'],['Occitanie'],COM,{65},{76}
90ae1dd9-5795-49fc-a228-89cf029578fd,218002921,Commune de Ferrières (80),false,{80305},Commune,2026-03-24 14:42:09.967209+01,gold_establishments_2025,,,,21800292100011,2025,Collectivité Territoriale,Commune,['Somme'],['Hauts-de-France'],COM,{80},{32}
5a05ff6e-94b5-4d93-92c4-e989a11180fe,212702385,Commune de Ferrières-Haut-Clocher (27),false,{27238},Commune,2026-03-24 14:41:57.028721+01,gold_establishments_2025,,,,21270238500015,2025,Collectivité Territoriale,Commune,['Eure'],['Normandie'],COM,{27},{28}
916644fa-ebf5-43ab-9976-0bf0be6c1930,213401003,Commune de Ferrières-Poussarou (34),false,{34100},Commune,2026-03-24 14:41:58.620411+01,gold_establishments_2025,,,,21340100300016,2025,Collectivité Territoriale,Commune,['Hérault'],['Occitanie'],COM,{34},{76}
cac55669-7cc5-4f6e-bdfd-62098f478e3a,212702393,Commune de Ferrières-Saint-Hilaire (27),false,{27239},Commune,2026-03-24 14:41:57.028721+01,gold_establishments_2025,,,,21270239300019,2025,Collectivité Territoriale,Commune,['Eure'],['Normandie'],COM,{27},{28}
cb5851d4-e764-43a5-9c26-22a88601babe,211500699,Commune de Ferrières-Saint-Mary (15),false,{15069},Commune,2026-03-24 14:41:54.362296+01,gold_establishments_2025,,,,21150069900015,2025,Collectivité Territoriale,Commune,['Cantal'],['Auvergne-Rhône-Alpes'],COM,{15},{84}
44ccecd3-9d09-4583-8a69-821d8a1d004d,217602606,Commune de Ferrières-en-Bray (76),false,{76260},Commune,2026-03-24 14:42:08.818969+01,gold_establishments_2025,,,,21760260600014,2025,Collectivité Territoriale,Commune,['Seine-Maritime'],['Normandie'],COM,{76},{28}
e34ff050-3442-4b21-992e-6363aa6657b8,217701812,Commune de Ferrières-en-Brie (77),false,{77181},Commune,2026-03-24 14:42:09.43682+01,gold_establishments_2025,,,,21770181200018,2025,Collectivité Territoriale,Commune,['Seine-et-Marne'],['Île-de-France'],COM,{77},{11}
08ae0e83-0004-4bb7-9b81-cb4c771c8ed4,214501454,Commune de Ferrières-en-Gâtinais (45),false,{45145},Commune,2026-03-24 14:42:00.862623+01,gold_establishments_2025,,,,21450145400018,2025,Collectivité Territoriale,Commune,['Loiret'],['Centre-Val de Loire'],COM,{45},{24}
99b94fcb-7375-4a8d-bede-b91a375e5188,216101667,Commune de Ferrières-la-Verrerie (61),false,{61166},Commune,2026-03-24 14:42:05.597325+01,gold_establishments_2025,,,,21610166700014,2025,Collectivité Territoriale,Commune,['Orne'],['Normandie'],COM,{61},{28}
b25df384-7f78-40ab-a35c-e1e8c6775968,212502348,Commune de Ferrières-le-Lac (25),false,{25234},Commune,2026-03-24 14:41:56.495197+01,gold_establishments_2025,,,,21250234800015,2025,Collectivité Territoriale,Commune,['Doubs'],['Bourgogne-Franche-Comté'],COM,{25},{27}
3cf7119e-551c-4078-b1d4-31e5d4f912ac,212502355,Commune de Ferrières-les-Bois (25),false,{25235},Commune,2026-03-24 14:41:56.495197+01,gold_establishments_2025,,,,21250235500010,2025,Collectivité Territoriale,Commune,['Doubs'],['Bourgogne-Franche-Comté'],COM,{25},{27}
696db1c2-2777-4764-bacf-eba4d2063d7a,213400997,Commune de Ferrières-les-Verreries (34),false,{34099},Commune,2026-03-24 14:41:58.620411+01,gold_establishments_2025,,,,21340099700010,2025,Collectivité Territoriale,Commune,['Hérault'],['Occitanie'],COM,{34},{76}
e109b8b6-1160-4126-8ff1-aea5838f5ce6,217002310,Commune de Ferrières-lès-Ray (70),false,{70231},Commune,2026-03-24 14:42:07.735343+01,gold_establishments_2025,,,,21700231000019,2025,Collectivité Territoriale,Commune,['Haute-Saône'],['Bourgogne-Franche-Comté'],COM,{70},{27}
3bd2799c-eea5-455a-b1d9-079d55f9c9cf,217002328,Commune de Ferrières-lès-Scey (70),false,{70232},Commune,2026-03-24 14:42:07.735343+01,gold_establishments_2025,,,,21700232800011,2025,Collectivité Territoriale,Commune,['Haute-Saône'],['Bourgogne-Franche-Comté'],COM,{70},{27}
54493415-8372-43af-8425-ba9f53212fd3,210901211,Commune de Ferrières-sur-Ariège (09),false,{09121},Commune,2026-03-24 14:41:53.095366+01,gold_establishments_2025,,,,21090121100016,2025,Collectivité Territoriale,Commune,['Ariège'],['Occitanie'],COM,{09},{76}
ee0dc846-aa3c-4296-bd13-670f58a287cb,210301131,Commune de Ferrières-sur-Sichon (03),false,{03113},Commune,2026-03-24 14:41:52.020251+01,gold_establishments_2025,,,,21030113100012,2025,Collectivité Territoriale,Commune,['Allier'],['Auvergne-Rhône-Alpes'],COM,{03},{84}
d1436d9a-0029-4ff3-8c5d-01ff2e809959,214300949,Commune de Ferrussac (43),false,{43094},Commune,2026-03-24 14:42:00.273698+01,gold_establishments_2025,,,,21430094900010,2025,Collectivité Territoriale,Commune,['Haute-Loire'],['Auvergne-Rhône-Alpes'],COM,{43},{84}
61da1496-6157-43da-a89b-3b6f7bbd4d64,216501759,Commune de Ferrère (65),false,{65175},Commune,2026-03-24 14:42:06.665412+01,gold_establishments_2025,,,,21650175900015,2025,Collectivité Territoriale,Commune,['Hautes-Pyrénées'],['Occitanie'],COM,{65},{76}
984f1d4c-934f-4588-9852-3e7a1b10e830,212502363,Commune de Fertans (25),false,{25236},Commune,2026-03-24 14:41:56.495197+01,gold_establishments_2025,,,,21250236300014,2025,Collectivité Territoriale,Commune,['Doubs'],['Bourgogne-Franche-Comté'],COM,{25},{27}
07613e0b-24c3-4b4c-9605-e6a9a5c6f46d,215801135,Commune de Fertrève (58),false,{58113},Commune,2026-03-24 14:42:04.280096+01,gold_establishments_2025,,,,21580113500017,2025,Collectivité Territoriale,Commune,['Nièvre'],['Bourgogne-Franche-Comté'],COM,{58},{27}
ca5a2b8f-6e88-4375-9f3c-9595789bb767,218002939,Commune de Fescamps (80),false,{80306},Commune,2026-03-24 14:42:09.967209+01,gold_establishments_2025,,,,21800293900013,2025,Collectivité Territoriale,Commune,['Somme'],['Hauts-de-France'],COM,{80},{32}
83a01c76-7dd1-4a09-b525-a717147eb41b,212502371,Commune de Fesches-le-Châtel (25),false,{25237},Commune,2026-03-24 14:41:56.495197+01,gold_establishments_2025,,,,21250237100017,2025,Collectivité Territoriale,Commune,['Doubs'],['Bourgogne-Franche-Comté'],COM,{25},{27}
07d79d65-9e9b-4a67-81d4-e30aae748640,210202909,Commune de Fesmy-le-Sart (02),false,{02308},Commune,2026-03-24 14:41:52.020251+01,gold_establishments_2025,,,,21020290900011,2025,Collectivité Territoriale,Commune,['Aisne'],['Hauts-de-France'],COM,{02},{32}
629cdfb9-abf4-446b-bb52-f6813ffb76bf,217602622,Commune de Fesques (76),false,{76262},Commune,2026-03-24 14:42:08.818969+01,gold_establishments_2025,,,,21760262200011,2025,Collectivité Territoriale,Commune,['Seine-Maritime'],['Normandie'],COM,{76},{28}
ac251548-c518-4e33-b46b-524a3892241b,212801518,Commune de Fessanvilliers-Mattanvilliers (28),false,{28151},Commune,2026-03-24 14:41:57.028721+01,gold_establishments_2025,,,,21280151800011,2025,Collectivité Territoriale,Commune,['Eure-et-Loir'],['Centre-Val de Loire'],COM,{28},{24}
ee89cd8a-863e-4c25-8f44-e1afd47bcaa8,216800912,Commune de Fessenheim (68),false,{68091},Commune,2026-03-24 14:42:07.195692+01,gold_establishments_2025,,,,21680091200018,2025,Collectivité Territoriale,Commune,['Haut-Rhin'],['Grand Est'],COM,{68},{44}
346b6b95-fe09-46f4-9ce7-9a5c0a532762,216701383,Commune de Fessenheim-le-Bas (67),false,{67138},Commune,2026-03-24 14:42:07.195692+01,gold_establishments_2025,,,,21670138300012,2025,Collectivité Territoriale,Commune,['Bas-Rhin'],['Grand Est'],COM,{67},{44}
65eab7ba-a85e-41ae-a3df-b8a6bf52332c,212502389,Commune de Fessevillers (25),false,{25238},Commune,2026-03-24 14:41:56.495197+01,gold_establishments_2025,,,,21250238900019,2025,Collectivité Territoriale,Commune,['Doubs'],['Bourgogne-Franche-Comté'],COM,{25},{27}
b645bdc8-4e89-4e3b-894c-688500d57a7b,217401264,Commune de Fessy (74),false,{74126},Commune,2026-03-24 14:42:08.279287+01,gold_establishments_2025,,,,21740126400015,2025,Collectivité Territoriale,Commune,['Haute-Savoie'],['Auvergne-Rhône-Alpes'],COM,{74},{84}
f48024c2-f1ee-4244-bf50-f13cfd1fd36a,211101423,Commune de Festes-et-Saint-André (11),false,{11142},Commune,2026-03-24 14:41:53.63825+01,gold_establishments_2025,,,,21110142300013,2025,Collectivité Territoriale,Commune,['Aude'],['Occitanie'],COM,{11},{76}
d588a096-d139-4015-93be-110b96181db4,210202917,Commune de Festieux (02),false,{02309},Commune,2026-03-24 14:41:52.020251+01,gold_establishments_2025,,,,21020291700014,2025,Collectivité Territoriale,Commune,['Aisne'],['Hauts-de-France'],COM,{02},{32}
049fc318-c130-4009-a6b4-49cc236ff79d,215102310,Commune de Festigny (51),false,{51249},Commune,2026-03-24 14:42:01.954481+01,gold_establishments_2025,,,,21510231000012,2025,Collectivité Territoriale,Commune,['Marne'],['Grand Est'],COM,{51},{44}
baf901cc-8528-4080-a4db-f90cdaed1656,218901643,Commune de Festigny (89),false,{89164},Commune,2026-03-24 14:42:11.118516+01,gold_establishments_2025,,,,21890164300013,2025,Collectivité Territoriale,Commune,['Yonne'],['Bourgogne-Franche-Comté'],COM,{89},{27}
a32717fc-281e-4067-b3d9-25995eb44231,216203307,Commune de Festubert (62),false,{62330},Commune,2026-03-24 14:42:05.597325+01,gold_establishments_2025,,,,21620330700014,2025,Collectivité Territoriale,Commune,['Pas-de-Calais'],['Hauts-de-France'],COM,{62},{32}
3153156a-0568-405a-92f4-90157da4dd67,217802339,Commune de Feucherolles (78),false,{78233},Commune,2026-03-24 14:42:09.43682+01,gold_establishments_2025,,,,21780233900010,2025,Collectivité Territoriale,Commune,['Yvelines'],['Île-de-France'],COM,{78},{11}
a893af62-3806-4c7e-a3d6-94597dfe3a4b,216203315,Commune de Feuchy (62),false,{62331},Commune,2026-03-24 14:42:05.597325+01,gold_establishments_2025,,,,21620331500017,2025,Collectivité Territoriale,Commune,['Pas-de-Calais'],['Hauts-de-France'],COM,{62},{32}
8903b1ff-26ca-4bc8-a752-00b05ff115bb,214700973,Commune de Feugarolles (47),false,{47097},Commune,2026-03-24 14:42:00.862623+01,gold_establishments_2025,,,,21470097300016,2025,Collectivité Territoriale,Commune,['Lot-et-Garonne'],['Nouvelle-Aquitaine'],COM,{47},{75}
dfbbd5bf-7328-4f32-9236-97cd36f55848,211001433,Commune de Feuges (10),false,{10149},Commune,2026-03-24 14:41:53.095366+01,gold_establishments_2025,,,,21100143300013,2025,Collectivité Territoriale,Commune,['Aube'],['Grand Est'],COM,{10},{44}
e8be5e65-3a18-455a-9d5a-ee8075ed18fd,212702419,Commune de Feuguerolles (27),false,{27241},Commune,2026-03-24 14:41:57.028721+01,gold_establishments_2025,,,,21270241900012,2025,Collectivité Territoriale,Commune,['Eure'],['Normandie'],COM,{27},{28}
7068a620-0f68-470b-9295-727e6fc1fad7,211402664,Commune de Feuguerolles-Bully (14),false,{14266},Commune,2026-03-24 14:41:54.362296+01,gold_establishments_2025,,,,21140266400018,2025,Collectivité Territoriale,Commune,['Calvados'],['Normandie'],COM,{14},{28}
78a82acd-f1d3-4880-ac81-1ac2c249a89d,215001819,Commune de Feugères (50),false,{50181},Commune,2026-03-24 14:42:01.412377+01,gold_establishments_2025,,,,21500181900014,2025,Collectivité Territoriale,Commune,['Manche'],['Normandie'],COM,{50},{28}
a9a3b4ff-da7d-4f17-8be5-b9f6938a92a3,211101431,Commune de Feuilla (11),false,{11143},Commune,2026-03-24 14:41:53.63825+01,gold_establishments_2025,,,,21110143100016,2025,Collectivité Territoriale,Commune,['Aude'],['Occitanie'],COM,{11},{76}
4d2e2f33-a515-4b78-87dd-eccb179bba05,211601372,Commune de Feuillade (16),false,{16137},Commune,2026-03-24 14:41:54.362296+01,gold_establishments_2025,,,,21160137200017,2025,Collectivité Territoriale,Commune,['Charente'],['Nouvelle-Aquitaine'],COM,{16},{75}
623140a0-3140-4904-969b-307bb32f00eb,218002947,Commune de Feuillères (80),false,{80307},Commune,2026-03-24 14:42:09.967209+01,gold_establishments_2025,,,,21800294700016,2025,Collectivité Territoriale,Commune,['Somme'],['Hauts-de-France'],COM,{80},{32}
df65866a-640e-4a7d-9d70-e32897388ba3,212502397,Commune de Feule (25),false,{25239},Commune,2026-03-24 14:41:56.495197+01,gold_establishments_2025,,,,21250239700012,2025,Collectivité Territoriale,Commune,['Doubs'],['Bourgogne-Franche-Comté'],COM,{25},{27}
5f15d1dd-b946-457e-b88d-4ce0d309634d,216002311,Commune de Feuquières (60),false,{60233},Commune,2026-03-24 14:42:04.814328+01,gold_establishments_2025,,,,21600231100019,2025,Collectivité Territoriale,Commune,['Oise'],['Hauts-de-France'],COM,{60},{32}
14aef92f-b77e-4a6c-a173-6765090ef3b1,218002954,Commune de Feuquières-en-Vimeu (80),false,{80308},Commune,2026-03-24 14:42:09.967209+01,gold_establishments_2025,,,,21800295400012,2025,Collectivité Territoriale,Commune,['Somme'],['Hauts-de-France'],COM,{80},{32}
465298f3-fe0e-441c-8e48-5ed706f739c4,214200941,Commune de Feurs (42),false,{42094},Commune,2026-03-24 14:42:00.273698+01,gold_establishments_2025,,,,21420094100018,2025,Collectivité Territoriale,Commune,['Loire'],['Auvergne-Rhône-Alpes'],COM,{42},{84}
37cef959-67f1-430d-91ca-43675900d6b6,213600737,Commune de Feusines (36),false,{36073},Commune,2026-03-24 14:41:59.160244+01,gold_establishments_2025,,,,21360073700018,2025,Collectivité Territoriale,Commune,['Indre'],['Centre-Val de Loire'],COM,{36},{24}
78517c2e-a4da-403c-b5e9-3e3a460ec666,211800941,Commune de Feux (18),false,{18094},Commune,2026-03-24 14:41:54.903238+01,gold_establishments_2025,,,,21180094100018,2025,Collectivité Territoriale,Commune,['Cher'],['Centre-Val de Loire'],COM,{18},{24}
a7a20c3b-a84b-4294-b7cd-ab312d7b4e5f,215401936,Commune de Fey-en-Haye (54),false,{54193},Commune,2026-03-24 14:42:02.957225+01,gold_establishments_2025,,,,21540193600012,2025,Collectivité Territoriale,Commune,['Meurthe-et-Moselle'],['Grand Est'],COM,{54},{44}
02eacdee-422d-495a-a204-f178444159aa,211908306,Commune de Feyt (19),false,{19083},Commune,2026-03-24 14:41:54.903238+01,gold_establishments_2025,,,,21190830600015,2025,Collectivité Territoriale,Commune,['Corrèze'],['Nouvelle-Aquitaine'],COM,{19},{75}
6c835f32-4612-4f4a-a9c0-bc80c03bb0a9,218706505,Commune de Feytiat (87),false,{87065},Commune,2026-03-24 14:42:11.118516+01,gold_establishments_2025,,,,21870650500011,2025,Collectivité Territoriale,Commune,['Haute-Vienne'],['Nouvelle-Aquitaine'],COM,{87},{75}
85e0af76-16c3-4149-af4c-0b8946e17cf5,216902767,Commune de Feyzin (69),false,{69276},Commune,2026-03-24 14:42:07.735343+01,gold_establishments_2025,,,,21690276700013,2025,Collectivité Territoriale,Commune,['Rhône'],['Auvergne-Rhône-Alpes'],COM,{69},{84}
0422c64d-4741-457b-8ee9-6e78d0b772bb,218100923,Commune de Fiac (81),false,{81092},Commune,2026-03-24 14:42:09.967209+01,gold_establishments_2025,,,,21810092300018,2025,Collectivité Territoriale,Commune,['Tarn'],['Occitanie'],COM,{81},{76}
67437e68-f45b-4ff3-b835-32e062911ba5,212001135,Commune de Ficaja (2B),false,{2B113},Commune,2026-03-24 14:41:57.56054+01,gold_establishments_2025,,,,21200113500012,2025,Collectivité Territoriale,Commune,['Haute-Corse'],['Corse'],COM,{2B},{94}
6d727419-baac-40c3-b791-dd0552cc3c12,216203323,Commune de Ficheux (62),false,{62332},Commune,2026-03-24 14:42:05.597325+01,gold_establishments_2025,,,,21620332300011,2025,Collectivité Territoriale,Commune,['Pas-de-Calais'],['Hauts-de-France'],COM,{62},{32}
e1c448e9-f5b9-4917-b332-8d1509a06042,216402263,Commune de Fichous-Riumayou (64),false,{64226},Commune,2026-03-24 14:42:06.130387+01,gold_establishments_2025,,,,21640226300018,2025,Collectivité Territoriale,Commune,['Pyrénées-Atlantiques'],['Nouvelle-Aquitaine'],COM,{64},{75}
f6aca540-81bd-4e83-8e37-9c35abb4ea10,218005528,Commune de Fieffes-Montrelet (80),false,{80566},Commune,2026-03-24 14:42:09.967209+01,gold_establishments_2025,,,,21800552800011,2025,Collectivité Territoriale,Commune,['Somme'],['Hauts-de-France'],COM,{80},{32}
9c29059c-634d-474d-aa0a-0104fbbeb771,216203331,Commune de Fiefs (62),false,{62333},Commune,2026-03-24 14:42:05.597325+01,gold_establishments_2025,,,,21620333100014,2025,Collectivité Territoriale,Commune,['Pas-de-Calais'],['Hauts-de-France'],COM,{62},{32}
ba9d0347-5757-4c67-8c75-1c2eecc859a6,216203349,Commune de Fiennes (62),false,{62334},Commune,2026-03-24 14:42:05.597325+01,gold_establishments_2025,,,,21620334900016,2025,Collectivité Territoriale,Commune,['Pas-de-Calais'],['Hauts-de-France'],COM,{62},{32}
aada59d4-6bdb-4fae-84cb-50fb6a2fd73d,218002962,Commune de Fienvillers (80),false,{80310},Commune,2026-03-24 14:42:09.967209+01,gold_establishments_2025,,,,21800296200015,2025,Collectivité Territoriale,Commune,['Somme'],['Hauts-de-France'],COM,{80},{32}
5edfec4e-a2a4-4c81-b020-b349a2453596,215001835,Commune de Fierville-les-Mines (50),false,{50183},Commune,2026-03-24 14:42:01.412377+01,gold_establishments_2025,,,,21500183500010,2025,Collectivité Territoriale,Commune,['Manche'],['Normandie'],COM,{50},{28}
3d9d0c82-950f-44c8-8138-8291a14fedd8,211402698,Commune de Fierville-les-Parcs (14),false,{14269},Commune,2026-03-24 14:41:54.362296+01,gold_establishments_2025,,,,21140269800016,2025,Collectivité Territoriale,Commune,['Calvados'],['Normandie'],COM,{14},{28}
6c937524-c5bc-4fac-92de-78ef2782083f,210202925,Commune de Fieulaine (02),false,{02310},Commune,2026-03-24 14:41:52.020251+01,gold_establishments_2025,,,,21020292500041,2025,Collectivité Territoriale,Commune,['Aisne'],['Hauts-de-France'],COM,{02},{32}
b059937e-f4a5-4163-90c5-97c24f7f4e03,214700981,Commune de Fieux (47),false,{47098},Commune,2026-03-24 14:42:00.862623+01,gold_establishments_2025,,,,21470098100019,2025,Collectivité Territoriale,Commune,['Lot-et-Garonne'],['Nouvelle-Aquitaine'],COM,{47},{75}
6fd3ffcf-cd28-480c-b50b-1aaab495fea3,218300564,Commune de Figanières (83),false,{83056},Commune,2026-03-24 14:42:10.508772+01,gold_establishments_2025,,,,21830056400018,2025,Collectivité Territoriale,Commune,['Var'],"[""Provence-Alpes-Côte d'Azur""]",COM,{83},{93}
9a7b2365-0235-4dc8-b0e8-4e5cbe98f805,212001143,Commune de Figari (2A),false,{2A114},Commune,2026-03-24 14:41:57.56054+01,gold_establishments_2025,,,,21200114300016,2025,Collectivité Territoriale,Commune,['Corse-du-Sud'],['Corse'],COM,{2A},{94}
ef3166bb-4ff7-4945-b431-3f33aba56312,213101835,Commune de Figarol (31),false,{31183},Commune,2026-03-24 14:41:58.09424+01,gold_establishments_2025,,,,21310183500014,2025,Collectivité Territoriale,Commune,['Haute-Garonne'],['Occitanie'],COM,{31},{76}
3ee674b8-88cf-435f-9806-fd299e4830ca,214601023,Commune de Figeac (46),false,{46102},Commune,2026-03-24 14:42:00.862623+01,gold_establishments_2025,,,,21460102300010,2025,Collectivité Territoriale,Commune,['Lot'],['Occitanie'],COM,{46},{76}
4dd2ebc8-1206-4b25-883b-bc9980f23559,218002988,Commune de Fignières (80),false,{80311},Commune,2026-03-24 14:42:09.967209+01,gold_establishments_2025,,,,21800298800010,2025,Collectivité Territoriale,Commune,['Somme'],['Hauts-de-France'],COM,{80},{32}
a4502743-672f-4bf3-b03f-04822bfbb87c,218801710,Commune de Fignévelle (88),false,{88171},Commune,2026-03-24 14:42:11.118516+01,gold_establishments_2025,,,,21880171000011,2025,Collectivité Territoriale,Commune,['Vosges'],['Grand Est'],COM,{88},{44}
b1706f2e-8b3c-49b3-a858-63d076c74af4,217002344,Commune de Filain (70),false,{70234},Commune,2026-03-24 14:42:07.735343+01,gold_establishments_2025,,,,21700234400018,2025,Collectivité Territoriale,Commune,['Haute-Saône'],['Bourgogne-Franche-Comté'],COM,{70},{27}
356e8013-e6ed-43c2-ad7e-1748f3556e20,217401280,Commune de Fillinges (74),false,{74128},Commune,2026-03-24 14:42:08.279287+01,gold_establishments_2025,,,,21740128000011,2025,Collectivité Territoriale,Commune,['Haute-Savoie'],['Auvergne-Rhône-Alpes'],COM,{74},{84}
0877523a-12c9-48e2-9730-eb45b8168ed4,200062586,Commune de Fillière (74),false,{74282},Commune,2026-03-24 14:42:08.818969+01,gold_establishments_2025,,,,20006258600157,2025,Collectivité Territoriale,Commune,['Haute-Savoie'],['Auvergne-Rhône-Alpes'],COM,{74},{84}
fd7cc546-43b6-4093-a4f5-edd2b84ba3fb,215401944,Commune de Fillières (54),false,{54194},Commune,2026-03-24 14:42:02.957225+01,gold_establishments_2025,,,,21540194400057,2025,Collectivité Territoriale,Commune,['Meurthe-et-Moselle'],['Grand Est'],COM,{54},{44}
32539c03-106e-4652-8c34-341748037363,216203356,Commune de Fillièvres (62),false,{62335},Commune,2026-03-24 14:42:05.597325+01,gold_establishments_2025,,,,21620335600011,2025,Collectivité Territoriale,Commune,['Pas-de-Calais'],['Hauts-de-France'],COM,{62},{32}
cc7a1a4b-8870-4620-aab9-095b7357fff0,216600783,Commune de Fillols (66),false,{66078},Commune,2026-03-24 14:42:06.665412+01,gold_establishments_2025,,,,21660078300015,2025,Collectivité Territoriale,Commune,['Pyrénées-Orientales'],['Occitanie'],COM,{66},{76}
19e1dcba-b211-4646-b233-1d57f892c58e,217201334,Commune de Fillé (72),false,{72133},Commune,2026-03-24 14:42:08.279287+01,gold_establishments_2025,,,,21720133400018,2025,Collectivité Territoriale,Commune,['Sarthe'],['Pays de la Loire'],COM,{72},{52}
78ff394a-5f68-4c5e-913f-b9cbcf7528f2,215702135,Commune de Filstroff (57),false,{57213},Commune,2026-03-24 14:42:03.701372+01,gold_establishments_2025,,,,21570213500058,2025,Collectivité Territoriale,Commune,['Moselle'],['Grand Est'],COM,{57},{44}
d5db79cf-a598-4364-87bb-1d9126deb86a,218801728,Commune de Fiménil (88),false,{88172},Commune,2026-03-24 14:42:11.118516+01,gold_establishments_2025,,,,21880172800013,2025,Collectivité Territoriale,Commune,['Vosges'],['Grand Est'],COM,{88},{44}
560f969f-49de-4050-bdd9-fc39a3f5991b,216600791,Commune de Finestret (66),false,{66079},Commune,2026-03-24 14:42:06.665412+01,gold_establishments_2025,,,,21660079100018,2025,Collectivité Territoriale,Commune,['Pyrénées-Orientales'],['Occitanie'],COM,{66},{76}
13a4d9cc-75b7-412d-8bd6-a820d051157e,218200624,Commune de Finhan (82),false,{82062},Commune,2026-03-24 14:42:10.508772+01,gold_establishments_2025,,,,21820062400011,2025,Collectivité Territoriale,Commune,['Tarn-et-Garonne'],['Occitanie'],COM,{82},{76}
10ee8451-d0cc-4b7d-8d86-c7ff1ff2f311,218002996,Commune de Fins (80),false,{80312},Commune,2026-03-24 14:42:09.967209+01,gold_establishments_2025,,,,21800299600013,2025,Collectivité Territoriale,Commune,['Somme'],['Hauts-de-France'],COM,{80},{32}
13837ce4-93e0-43aa-ac75-39400112c719,212702435,Commune de Fiquefleur-Équainville (27),false,{27243},Commune,2026-03-24 14:41:57.028721+01,gold_establishments_2025,,,,21270243500018,2025,Collectivité Territoriale,Commune,['Eure'],['Normandie'],COM,{27},{28}
a6b20aad-e339-4ddb-b78c-9de533635e08,212401806,Commune de Firbeix (24),false,{24180},Commune,2026-03-24 14:41:55.958138+01,gold_establishments_2025,,,,21240180600014,2025,Collectivité Territoriale,Commune,['Dordogne'],['Nouvelle-Aquitaine'],COM,{24},{75}
44e96c46-7d2b-4c8c-bbde-b710031c2cc3,211402706,Commune de Firfol (14),false,{14270},Commune,2026-03-24 14:41:54.362296+01,gold_establishments_2025,,,,21140270600017,2025,Collectivité Territoriale,Commune,['Calvados'],['Normandie'],COM,{14},{28}
d9dd7d0d-905f-44ca-8086-091a74db23f2,211201009,Commune de Firmi (12),false,{12100},Commune,2026-03-24 14:41:53.63825+01,gold_establishments_2025,,,,21120100900019,2025,Collectivité Territoriale,Commune,['Aveyron'],['Occitanie'],COM,{12},{76}
dd537949-2c48-4414-becb-8fafa5c15c16,214200958,Commune de Firminy (42),false,{42095},Commune,2026-03-24 14:42:00.273698+01,gold_establishments_2025,,,,21420095800012,2025,Collectivité Territoriale,Commune,['Loire'],['Auvergne-Rhône-Alpes'],COM,{42},{84}
912b0a9e-5c62-4d8b-8861-1e8e66abb7d9,216800920,Commune de Fislis (68),false,{68092},Commune,2026-03-24 14:42:07.195692+01,gold_establishments_2025,,,,21680092000011,2025,Collectivité Territoriale,Commune,['Haut-Rhin'],['Grand Est'],COM,{68},{44}
dac19761-99c7-46d0-8bd0-cac65e5a7874,215102328,Commune de Fismes (51),false,{51250},Commune,2026-03-24 14:42:01.954481+01,gold_establishments_2025,,,,21510232800014,2025,Collectivité Territoriale,Commune,['Marne'],['Grand Est'],COM,{51},{44}
77be4626-d296-4c8a-8eda-6985f501b8ec,211101449,Commune de Fitou (11),false,{11144},Commune,2026-03-24 14:41:53.63825+01,gold_establishments_2025,,,,21110144900018,2025,Collectivité Territoriale,Commune,['Aude'],['Occitanie'],COM,{11},{76}
21ffd8ac-d946-40d6-bf52-683623777a2e,216002329,Commune de Fitz-James (60),false,{60234},Commune,2026-03-24 14:42:04.814328+01,gold_establishments_2025,,,,21600232900011,2025,Collectivité Territoriale,Commune,['Oise'],['Hauts-de-France'],COM,{60},{32}
9a80aa44-b183-4d64-9de1-3f1cd1fa1d9d,214300956,Commune de Fix-Saint-Geneys (43),false,{43095},Commune,2026-03-24 14:42:00.273698+01,gold_establishments_2025,,,,21430095600015,2025,Collectivité Territoriale,Commune,['Haute-Loire'],['Auvergne-Rhône-Alpes'],COM,{43},{84}
045cbcd3-207e-44d2-bc40-2849a5e7ee3a,215702143,Commune de Fixem (57),false,{57214},Commune,2026-03-24 14:42:03.701372+01,gold_establishments_2025,,,,21570214300011,2025,Collectivité Territoriale,Commune,['Moselle'],['Grand Est'],COM,{57},{44}
914bb907-3239-4a11-9d9c-0758738366be,212102651,Commune de Fixin (21),false,{21265},Commune,2026-03-24 14:41:55.433389+01,gold_establishments_2025,,,,21210265100016,2025,Collectivité Territoriale,Commune,"[""Côte-d'Or""]",['Bourgogne-Franche-Comté'],COM,{21},{27}
f7be37b0-9346-4479-b4a5-506f0546d68b,212102669,Commune de Flacey (21),false,{21266},Commune,2026-03-24 14:41:55.433389+01,gold_establishments_2025,,,,21210266900018,2025,Collectivité Territoriale,Commune,"[""Côte-d'Or""]",['Bourgogne-Franche-Comté'],COM,{21},{27}
86d86990-7a60-498d-ba95-1ad9484779eb,212801534,Commune de Flacey (28),false,{28153},Commune,2026-03-24 14:41:57.028721+01,gold_establishments_2025,,,,21280153400018,2025,Collectivité Territoriale,Commune,['Eure-et-Loir'],['Centre-Val de Loire'],COM,{28},{24}
37b23ee9-6509-4321-8887-7ee8669221a6,217101989,Commune de Flacey-en-Bresse (71),false,{71198},Commune,2026-03-24 14:42:07.735343+01,gold_establishments_2025,,,,21710198900010,2025,Collectivité Territoriale,Commune,['Saône-et-Loire'],['Bourgogne-Franche-Comté'],COM,{71},{27}
5c81b501-42c4-4889-84c4-a42bb4da624b,213801673,Commune de Flachères (38),false,{38167},Commune,2026-03-24 14:41:59.160244+01,gold_establishments_2025,,,,21380167300012,2025,Collectivité Territoriale,Commune,['Isère'],['Auvergne-Rhône-Alpes'],COM,{38},{84}
4f477566-ee81-48d1-bc4b-d239fb82e066,217802347,Commune de Flacourt (78),false,{78234},Commune,2026-03-24 14:42:09.43682+01,gold_establishments_2025,,,,21780234700013,2025,Collectivité Territoriale,Commune,['Yvelines'],['Île-de-France'],COM,{78},{11}
979c207e-f754-4ce8-b9b8-aad0ffb08cde,218901650,Commune de Flacy (89),false,{89165},Commune,2026-03-24 14:42:11.118516+01,gold_establishments_2025,,,,21890165000018,2025,Collectivité Territoriale,Commune,['Yonne'],['Bourgogne-Franche-Comté'],COM,{89},{27}
446af26f-2099-46bd-861c-dc9ee027c177,212502413,Commune de Flagey (25),false,{25241},Commune,2026-03-24 14:41:56.495197+01,gold_establishments_2025,,,,21250241300017,2025,Collectivité Territoriale,Commune,['Doubs'],['Bourgogne-Franche-Comté'],COM,{25},{27}
03e8a02c-cc99-4ea0-a68f-3304fd5f5350,215201443,Commune de Flagey (52),false,{52200},Commune,2026-03-24 14:42:01.954481+01,gold_establishments_2025,,,,21520144300011,2025,Collectivité Territoriale,Commune,['Haute-Marne'],['Grand Est'],COM,{52},{44}
f5e289e4-fa58-4f5a-ba93-e0dd8d0ce91f,212102677,Commune de Flagey-Echézeaux (21),false,{21267},Commune,2026-03-24 14:41:55.433389+01,gold_establishments_2025,,,,21210267700011,2025,Collectivité Territoriale,Commune,"[""Côte-d'Or""]",['Bourgogne-Franche-Comté'],COM,{21},{27}
936e2de5-737c-4e90-9f58-9b50e1e81a59,212502421,Commune de Flagey-Rigney (25),false,{25242},Commune,2026-03-24 14:41:56.495197+01,gold_establishments_2025,,,,21250242100010,2025,Collectivité Territoriale,Commune,['Doubs'],['Bourgogne-Franche-Comté'],COM,{25},{27}
9f897cc0-854b-454f-b2d1-e79a32b07991,212102685,Commune de Flagey-lès-Auxonne (21),false,{21268},Commune,2026-03-24 14:41:55.433389+01,gold_establishments_2025,,,,21210268500014,2025,Collectivité Territoriale,Commune,"[""Côte-d'Or""]",['Bourgogne-Franche-Comté'],COM,{21},{27}
1ec20b65-7d0d-4a99-ab71-a2d0e4426fdc,211201017,Commune de Flagnac (12),false,{12101},Commune,2026-03-24 14:41:53.63825+01,gold_establishments_2025,,,,21120101700012,2025,Collectivité Territoriale,Commune,['Aveyron'],['Occitanie'],COM,{12},{76}
975cbd7c-d969-4670-9e41-eca3918ca89e,217002351,Commune de Flagy (70),false,{70235},Commune,2026-03-24 14:42:07.735343+01,gold_establishments_2025,,,,21700235100013,2025,Collectivité Territoriale,Commune,['Haute-Saône'],['Bourgogne-Franche-Comté'],COM,{70},{27}
ab73513a-11b2-4246-8999-cf2817be44ee,217101997,Commune de Flagy (71),false,{71199},Commune,2026-03-24 14:42:07.735343+01,gold_establishments_2025,,,,21710199700013,2025,Collectivité Territoriale,Commune,['Saône-et-Loire'],['Bourgogne-Franche-Comté'],COM,{71},{27}
b0bdb057-865f-4d0b-9c85-4bffe51691ca,217701846,Commune de Flagy (77),false,{77184},Commune,2026-03-24 14:42:09.43682+01,gold_establishments_2025,,,,21770184600016,2025,Collectivité Territoriale,Commune,['Seine-et-Marne'],['Île-de-France'],COM,{77},{11}
ac823117-bed8-45be-b5df-5db9d4f12928,210801544,Commune de Flaignes-Havys (08),false,{08169},Commune,2026-03-24 14:41:52.562531+01,gold_establishments_2025,,,,21080154400011,2025,Collectivité Territoriale,Commune,['Ardennes'],['Grand Est'],COM,{08},{44}
5d3c0f65-57fb-4d47-bdb1-92a200525616,215401951,Commune de Flainval (54),false,{54195},Commune,2026-03-24 14:42:02.957225+01,gold_establishments_2025,,,,21540195100011,2025,Collectivité Territoriale,Commune,['Meurthe-et-Moselle'],['Grand Est'],COM,{54},{44}
3a24995a-0687-45f0-b08d-3aaa8de166b1,215001843,Commune de Flamanville (50),false,{50184},Commune,2026-03-24 14:42:01.412377+01,gold_establishments_2025,,,,21500184300014,2025,Collectivité Territoriale,Commune,['Manche'],['Normandie'],COM,{50},{28}
2035d22d-eacc-414e-845d-e71c843de3f5,217602648,Commune de Flamanville (76),false,{76264},Commune,2026-03-24 14:42:08.818969+01,gold_establishments_2025,,,,21760264800016,2025,Collectivité Territoriale,Commune,['Seine-Maritime'],['Normandie'],COM,{76},{28}
18de1770-86f3-49cb-83da-ab0b45418506,213201312,Commune de Flamarens (32),false,{32131},Commune,2026-03-24 14:41:58.09424+01,gold_establishments_2025,,,,21320131200013,2025,Collectivité Territoriale,Commune,['Gers'],['Occitanie'],COM,{32},{76}
09b00583-57ba-4a3e-8a86-2245a30a303d,217602655,Commune de Flamets-Frétils (76),false,{76265},Commune,2026-03-24 14:42:08.818969+01,gold_establishments_2025,,,,21760265500011,2025,Collectivité Territoriale,Commune,['Seine-Maritime'],['Normandie'],COM,{76},{28}
66f3bbf5-5c90-4c97-9506-b9e20be06850,212102693,Commune de Flammerans (21),false,{21269},Commune,2026-03-24 14:41:55.433389+01,gold_establishments_2025,,,,21210269300018,2025,Collectivité Territoriale,Commune,"[""Côte-d'Or""]",['Bourgogne-Franche-Comté'],COM,{21},{27}
68e7f7b4-160d-4aa7-bccb-4527558fd4af,215201450,Commune de Flammerécourt (52),false,{52201},Commune,2026-03-24 14:42:01.954481+01,gold_establishments_2025,,,,21520145000016,2025,Collectivité Territoriale,Commune,['Haute-Marne'],['Grand Est'],COM,{52},{44}
b3b6030f-cdfa-4fff-9186-bb74642ab969,200054633,Commune de Flancourt-Crescy-en-Roumois (27),false,{27085},Commune,2026-03-24 14:41:56.495197+01,gold_establishments_2025,,,,20005463300017,2025,Collectivité Territoriale,Commune,['Eure'],['Normandie'],COM,{27},{28}
9c1d44c2-923b-4de9-a284-cc48446c3d63,212502439,Commune de Flangebouche (25),false,{25243},Commune,2026-03-24 14:41:56.495197+01,gold_establishments_2025,,,,21250243900012,2025,Collectivité Territoriale,Commune,['Doubs'],['Bourgogne-Franche-Comté'],COM,{25},{27}
9a4fd2e6-f271-4677-80eb-8ac877a8d767,218400463,Commune de Flassan (84),false,{84046},Commune,2026-03-24 14:42:10.508772+01,gold_establishments_2025,,,,21840046300012,2025,Collectivité Territoriale,Commune,['Vaucluse'],"[""Provence-Alpes-Côte d'Azur""]",COM,{84},{93}
f80313a5-478d-4ba8-943a-005667603d7a,218300572,Commune de Flassans-sur-Issole (83),false,{83057},Commune,2026-03-24 14:42:10.508772+01,gold_establishments_2025,,,,21830057200011,2025,Collectivité Territoriale,Commune,['Var'],"[""Provence-Alpes-Côte d'Azur""]",COM,{83},{93}
ad29ccfd-25b7-4023-ad03-f32f88f6a40d,215501883,Commune de Flassigny (55),false,{55188},Commune,2026-03-24 14:42:02.957225+01,gold_establishments_2025,,,,21550188300015,2025,Collectivité Territoriale,Commune,['Meuse'],['Grand Est'],COM,{55},{44}
ce2af276-0463-49ac-a3f8-cd1fc0907094,215702150,Commune de Flastroff (57),false,{57215},Commune,2026-03-24 14:42:03.701372+01,gold_establishments_2025,,,,21570215000016,2025,Collectivité Territoriale,Commune,['Moselle'],['Grand Est'],COM,{57},{44}
5fee4096-1282-4537-b2b2-6de2f5568317,218003002,Commune de Flaucourt (80),false,{80313},Commune,2026-03-24 14:42:09.967209+01,gold_establishments_2025,,,,21800300200019,2025,Collectivité Territoriale,Commune,['Somme'],['Hauts-de-France'],COM,{80},{32}
b94e4b9e-c430-4583-8e85-d1a223beb284,214601049,Commune de Flaujac-Gare (46),false,{46104},Commune,2026-03-24 14:42:00.862623+01,gold_establishments_2025,,,,21460104900015,2025,Collectivité Territoriale,Commune,['Lot'],['Occitanie'],COM,{46},{76}
65a50a20-90c6-4fc3-97b0-ac46f3a95db0,214601056,Commune de Flaujac-Poujols (46),false,{46105},Commune,2026-03-24 14:42:00.862623+01,gold_establishments_2025,,,,21460105600010,2025,Collectivité Territoriale,Commune,['Lot'],['Occitanie'],COM,{46},{76}
130316e3-4bbf-4211-be0d-8e77d944c18a,213301682,Commune de Flaujagues (33),false,{33168},Commune,2026-03-24 14:41:58.620411+01,gold_establishments_2025,,,,21330168200018,2025,Collectivité Territoriale,Commune,['Gironde'],['Nouvelle-Aquitaine'],COM,{33},{75}
e5416929-fdd5-4074-82a0-188720393461,215902339,Commune de Flaumont-Waudrechies (59),false,{59233},Commune,2026-03-24 14:42:04.280096+01,gold_establishments_2025,,,,21590233900013,2025,Collectivité Territoriale,Commune,['Nord'],['Hauts-de-France'],COM,{59},{32}
623c841c-6518-4469-919c-c65b599129a0,213001100,Commune de Flaux (30),false,{30110},Commune,2026-03-24 14:41:57.56054+01,gold_establishments_2025,,,,21300110000014,2025,Collectivité Territoriale,Commune,['Gard'],['Occitanie'],COM,{30},{76}
04dfca30-a2f7-4e5f-8b85-aec4af65e48b,216002337,Commune de Flavacourt (60),false,{60235},Commune,2026-03-24 14:42:04.814328+01,gold_establishments_2025,,,,21600233700014,2025,Collectivité Territoriale,Commune,['Oise'],['Hauts-de-France'],COM,{60},{32}
2ee02d03-729b-4e0f-b53e-7eb9d9ef51c4,210700902,Commune de Flaviac (07),false,{07090},Commune,2026-03-24 14:41:52.562531+01,gold_establishments_2025,,,,21070090200013,2025,Collectivité Territoriale,Commune,['Ardèche'],['Auvergne-Rhône-Alpes'],COM,{07},{84}
6970122e-ef62-4d7d-be93-200a2c10d803,218706604,Commune de Flavignac (87),false,{87066},Commune,2026-03-24 14:42:11.118516+01,gold_establishments_2025,,,,21870660400012,2025,Collectivité Territoriale,Commune,['Haute-Vienne'],['Nouvelle-Aquitaine'],COM,{87},{75}
9f9ca64b-ebf9-4044-83dd-0c2b57740566,212102701,Commune de Flavignerot (21),false,{21270},Commune,2026-03-24 14:41:55.433389+01,gold_establishments_2025,,,,21210270100019,2025,Collectivité Territoriale,Commune,"[""Côte-d'Or""]",['Bourgogne-Franche-Comté'],COM,{21},{27}
8ea1c998-2bde-4b99-98ef-958fb75ddd03,211800958,Commune de Flavigny (18),false,{18095},Commune,2026-03-24 14:41:54.903238+01,gold_establishments_2025,,,,21180095800012,2025,Collectivité Territoriale,Commune,['Cher'],['Centre-Val de Loire'],COM,{18},{24}
f2b66b27-da44-42a1-942a-1167932cd61c,215102336,Commune de Flavigny (51),false,{51251},Commune,2026-03-24 14:42:01.954481+01,gold_establishments_2025,,,,21510233600017,2025,Collectivité Territoriale,Commune,['Marne'],['Grand Est'],COM,{51},{44}
1df0e762-8361-456a-8e70-2180b1c8a937,210202958,Commune de Flavigny-le-Grand-et-Beaurain (02),false,{02313},Commune,2026-03-24 14:41:52.020251+01,gold_establishments_2025,,,,21020295800018,2025,Collectivité Territoriale,Commune,['Aisne'],['Hauts-de-France'],COM,{02},{32}
b385e980-6143-4545-9e47-e156c4ad4352,215401969,Commune de Flavigny-sur-Moselle (54),false,{54196},Commune,2026-03-24 14:42:02.957225+01,gold_establishments_2025,,,,21540196900013,2025,Collectivité Territoriale,Commune,['Meurthe-et-Moselle'],['Grand Est'],COM,{54},{44}
46fd2083-2a3a-4bfe-a0f4-9526c080557d,212102719,Commune de Flavigny-sur-Ozerain (21),false,{21271},Commune,2026-03-24 14:41:55.433389+01,gold_establishments_2025,,,,21210271900011,2025,Collectivité Territoriale,Commune,"[""Côte-d'Or""]",['Bourgogne-Franche-Comté'],COM,{21},{27}
eba2b291-679f-4fc1-ac49-8c3c0fc9aa65,211201025,Commune de Flavin (12),false,{12102},Commune,2026-03-24 14:41:53.63825+01,gold_establishments_2025,,,,21120102500015,2025,Collectivité Territoriale,Commune,['Aveyron'],['Occitanie'],COM,{12},{76}
8b64c060-5291-4b7d-8f0d-402f63365148,210202966,Commune de Flavy-le-Martel (02),false,{02315},Commune,2026-03-24 14:41:52.020251+01,gold_establishments_2025,,,,21020296600011,2025,Collectivité Territoriale,Commune,['Aisne'],['Hauts-de-France'],COM,{02},{32}
a8056370-e604-47e4-ad1e-b805734e27bc,216002345,Commune de Flavy-le-Meldeux (60),false,{60236},Commune,2026-03-24 14:42:04.814328+01,gold_establishments_2025,,,,21600234500017,2025,Collectivité Territoriale,Commune,['Oise'],['Hauts-de-France'],COM,{60},{32}
2778dfa3-a1ac-46ea-8b2e-5371ffaa7c97,210101622,Commune de Flaxieu (01),false,{01162},Commune,2026-03-24 14:41:51.447482+01,gold_establishments_2025,,,,21010162200012,2025,Collectivité Territoriale,Commune,['Ain'],['Auvergne-Rhône-Alpes'],COM,{01},{84}
bee34643-bd79-4336-8132-69a90c09bd2f,216800938,Commune de Flaxlanden (68),false,{68093},Commune,2026-03-24 14:42:07.195692+01,gold_establishments_2025,,,,21680093800013,2025,Collectivité Territoriale,Commune,['Haut-Rhin'],['Grand Est'],COM,{68},{44}
c1c762bb-21a2-4de3-a9f9-42e5d505ebf8,212308100,Commune de Flayat (23),false,{23081},Commune,2026-03-24 14:41:55.958138+01,gold_establishments_2025,,,,21230810000016,2025,Collectivité Territoriale,Commune,['Creuse'],['Nouvelle-Aquitaine'],COM,{23},{75}
544c9b11-ae2a-4ee4-b2a3-5cbccd19586c,218300580,Commune de Flayosc (83),false,{83058},Commune,2026-03-24 14:42:10.508772+01,gold_establishments_2025,,,,21830058000014,2025,Collectivité Territoriale,Commune,['Var'],"[""Provence-Alpes-Côte d'Azur""]",COM,{83},{93}
d4e424bf-33be-40b2-a8da-9fcf08354865,210801551,Commune de Fleigneux (08),false,{08170},Commune,2026-03-24 14:41:52.562531+01,gold_establishments_2025,,,,21080155100016,2025,Collectivité Territoriale,Commune,['Ardennes'],['Grand Est'],COM,{08},{44}
1b096f75-fba2-4219-b49a-374a6e6de3cd,215702168,Commune de Fleisheim (57),false,{57216},Commune,2026-03-24 14:42:03.701372+01,gold_establishments_2025,,,,21570216800018,2025,Collectivité Territoriale,Commune,['Moselle'],['Grand Est'],COM,{57},{44}
db3689e1-1570-462a-a5b5-5b06fb216df0,218600989,Commune de Fleix (86),false,{86098},Commune,2026-03-24 14:42:10.508772+01,gold_establishments_2025,,,,21860098900014,2025,Collectivité Territoriale,Commune,['Vienne'],['Nouvelle-Aquitaine'],COM,{86},{75}
0d1f778e-8cf4-4a57-ad0d-b35329627abe,216101691,Commune de Flers (61),false,{61169},Commune,2026-03-24 14:42:05.597325+01,gold_establishments_2025,,,,21610169100014,2025,Collectivité Territoriale,Commune,['Orne'],['Normandie'],COM,{61},{28}
50a088dc-3af5-4166-9a18-4b079e1abe0f,216203372,Commune de Flers (62),false,{62337},Commune,2026-03-24 14:42:05.597325+01,gold_establishments_2025,,,,21620337200018,2025,Collectivité Territoriale,Commune,['Pas-de-Calais'],['Hauts-de-France'],COM,{62},{32}
f0036dd8-07b5-41eb-90e0-63e6da449089,218003010,Commune de Flers (80),false,{80314},Commune,2026-03-24 14:42:09.967209+01,gold_establishments_2025,,,,21800301000012,2025,Collectivité Territoriale,Commune,['Somme'],['Hauts-de-France'],COM,{80},{32}
38598fc4-3b56-46c9-80ef-c9bd58100df7,215902347,Commune de Flers-en-Escrebieux (59),false,{59234},Commune,2026-03-24 14:42:04.280096+01,gold_establishments_2025,,,,21590234700016,2025,Collectivité Territoriale,Commune,['Nord'],['Hauts-de-France'],COM,{59},{32}
c6e9f4a8-674b-4aa5-9cc7-7ecaea9f8993,218003028,Commune de Flers-sur-Noye (80),false,{80315},Commune,2026-03-24 14:42:09.967209+01,gold_establishments_2025,,,,21800302800014,2025,Collectivité Territoriale,Commune,['Somme'],['Hauts-de-France'],COM,{80},{32}
0b0571ad-703b-4570-9ac1-24c101e03943,215902362,Commune de Flesquières (59),false,{59236},Commune,2026-03-24 14:42:04.280096+01,gold_establishments_2025,,,,21590236200015,2025,Collectivité Territoriale,Commune,['Nord'],['Hauts-de-France'],COM,{59},{32}
1f76e1b8-a987-4f59-8f93-2378b10b5541,218003036,Commune de Flesselles (80),false,{80316},Commune,2026-03-24 14:42:09.967209+01,gold_establishments_2025,,,,21800303600017,2025,Collectivité Territoriale,Commune,['Somme'],['Hauts-de-France'],COM,{80},{32}
6c5065b9-4c72-4b66-ab73-cb454787a7c5,211601398,Commune de Fleurac (16),false,{16139},Commune,2026-03-24 14:41:54.362296+01,gold_establishments_2025,,,,21160139800012,2025,Collectivité Territoriale,Commune,['Charente'],['Nouvelle-Aquitaine'],COM,{16},{75}
3c2f4567-6fd8-443c-8214-2c5e46628c34,212401830,Commune de Fleurac (24),false,{24183},Commune,2026-03-24 14:41:55.958138+01,gold_establishments_2025,,,,21240183000014,2025,Collectivité Territoriale,Commune,['Dordogne'],['Nouvelle-Aquitaine'],COM,{24},{75}
1ab20afd-6f50-490e-9155-6ab45af0047e,213201320,Commune de Fleurance (32),false,{32132},Commune,2026-03-24 14:41:58.09424+01,gold_establishments_2025,,,,21320132000016,2025,Collectivité Territoriale,Commune,['Gers'],['Occitanie'],COM,{32},{76}
6d1070d1-4ad5-4b61-9a7a-3187b7df6b1d,212308209,Commune de Fleurat (23),false,{23082},Commune,2026-03-24 14:41:55.958138+01,gold_establishments_2025,,,,21230820900015,2025,Collectivité Territoriale,Commune,['Creuse'],['Nouvelle-Aquitaine'],COM,{23},{75}
45d3075c-09e3-422e-a8c1-7f0c79643083,216203380,Commune de Fleurbaix (62),false,{62338},Commune,2026-03-24 14:42:05.597325+01,gold_establishments_2025,,,,21620338000011,2025,Collectivité Territoriale,Commune,['Pas-de-Calais'],['Hauts-de-France'],COM,{62},{32}
af8b6acf-63b8-40d7-b05d-744cdb47d67a,212502447,Commune de Fleurey (25),false,{25244},Commune,2026-03-24 14:41:56.495197+01,gold_establishments_2025,,,,21250244700015,2025,Collectivité Territoriale,Commune,['Doubs'],['Bourgogne-Franche-Comté'],COM,{25},{27}
96b0fb5e-d8a9-4222-b7cb-0cf351d94058,217002369,Commune de Fleurey-lès-Faverney (70),false,{70236},Commune,2026-03-24 14:42:07.735343+01,gold_establishments_2025,,,,21700236900015,2025,Collectivité Territoriale,Commune,['Haute-Saône'],['Bourgogne-Franche-Comté'],COM,{70},{27}
8db6c2d5-1d00-4e7d-9f39-6fd4ab87e573,217002377,Commune de Fleurey-lès-Lavoncourt (70),false,{70237},Commune,2026-03-24 14:42:07.735343+01,gold_establishments_2025,,,,21700237700018,2025,Collectivité Territoriale,Commune,['Haute-Saône'],['Bourgogne-Franche-Comté'],COM,{70},{27}
ebe4d6d3-0020-4829-a03c-8d8a91a55a14,217002385,Commune de Fleurey-lès-Saint-Loup (70),false,{70238},Commune,2026-03-24 14:42:07.735343+01,gold_establishments_2025,,,,21700238500011,2025,Collectivité Territoriale,Commune,['Haute-Saône'],['Bourgogne-Franche-Comté'],COM,{70},{27}
25d4c4ff-cc3f-4e17-aebb-4f54a3a4775a,212102735,Commune de Fleurey-sur-Ouche (21),false,{21273},Commune,2026-03-24 14:41:55.433389+01,gold_establishments_2025,,,,21210273500017,2025,Collectivité Territoriale,Commune,"[""Côte-d'Or""]",['Bourgogne-Franche-Comté'],COM,{21},{27}
0a8c4d53-92e8-47b7-81b1-6346b60c70ec,216900845,Commune de Fleurie (69),false,{69084},Commune,2026-03-24 14:42:07.195692+01,gold_establishments_2025,,,,21690084500019,2025,Collectivité Territoriale,Commune,['Rhône'],['Auvergne-Rhône-Alpes'],COM,{69},{84}
44b11e89-d4c8-4f91-8abf-8a04da6203bf,210301156,Commune de Fleuriel (03),false,{03115},Commune,2026-03-24 14:41:52.020251+01,gold_establishments_2025,,,,21030115600019,2025,Collectivité Territoriale,Commune,['Allier'],['Auvergne-Rhône-Alpes'],COM,{03},{84}
75fe4c61-4f04-405d-8348-bb8508d340e2,216900852,Commune de Fleurieu-sur-Saône (69),false,{69085},Commune,2026-03-24 14:42:07.195692+01,gold_establishments_2025,,,,21690085200015,2025,Collectivité Territoriale,Commune,['Rhône'],['Auvergne-Rhône-Alpes'],COM,{69},{84}
28368375-add2-48a6-859f-dcd7f3af45b6,216900860,Commune de Fleurieux-sur-l'Arbresle (69),false,{69086},Commune,2026-03-24 14:42:07.195692+01,gold_establishments_2025,,,,21690086000018,2025,Collectivité Territoriale,Commune,['Rhône'],['Auvergne-Rhône-Alpes'],COM,{69},{84}
4367f95a-50d4-48cc-84c4-31d3d4c6d8a1,216002360,Commune de Fleurines (60),false,{60238},Commune,2026-03-24 14:42:04.814328+01,gold_establishments_2025,,,,21600236000016,2025,Collectivité Territoriale,Commune,['Oise'],['Hauts-de-France'],COM,{60},{32}
449a3ff0-6721-4363-9947-8207e080c7e0,217105915,Commune de Fleurville (71),false,{71591},Commune,2026-03-24 14:42:08.279287+01,gold_establishments_2025,,,,21710591500011,2025,Collectivité Territoriale,Commune,['Saône-et-Loire'],['Bourgogne-Franche-Comté'],COM,{71},{27}
2e15cf75-3c66-4f2c-a0f8-0eaf4c61dee2,210202974,Commune de Fleury (02),false,{02316},Commune,2026-03-24 14:41:52.020251+01,gold_establishments_2025,,,,21020297400015,2025,Collectivité Territoriale,Commune,['Aisne'],['Hauts-de-France'],COM,{02},{32}
6f0c9992-0001-4da1-a42f-261673904233,211101456,Commune de Fleury (11),false,{11145},Commune,2026-03-24 14:41:53.63825+01,gold_establishments_2025,,,,21110145600013,2025,Collectivité Territoriale,Commune,['Aude'],['Occitanie'],COM,{11},{76}
79015234-8eaa-482e-b1e5-2a6a2a40a83e,215001850,Commune de Fleury (50),false,{50185},Commune,2026-03-24 14:42:01.412377+01,gold_establishments_2025,,,,21500185000019,2025,Collectivité Territoriale,Commune,['Manche'],['Normandie'],COM,{50},{28}
10786c91-b0ac-404a-96ba-0dd55ffa5ad5,215702184,Commune de Fleury (57),false,{57218},Commune,2026-03-24 14:42:03.701372+01,gold_establishments_2025,,,,21570218400015,2025,Collectivité Territoriale,Commune,['Moselle'],['Grand Est'],COM,{57},{44}
18512cd3-8589-482e-8d01-23d8c2090016,216002378,Commune de Fleury (60),false,{60239},Commune,2026-03-24 14:42:04.814328+01,gold_establishments_2025,,,,21600237800018,2025,Collectivité Territoriale,Commune,['Oise'],['Hauts-de-France'],COM,{60},{32}
86f57280-a72e-475f-a8c4-8cb8c8b960e2,216203398,Commune de Fleury (62),false,{62339},Commune,2026-03-24 14:42:05.597325+01,gold_establishments_2025,,,,21620339800013,2025,Collectivité Territoriale,Commune,['Pas-de-Calais'],['Hauts-de-France'],COM,{62},{32}
466253f7-89b7-4cb0-a435-2952c241cf6f,218003044,Commune de Fleury (80),false,{80317},Commune,2026-03-24 14:42:09.967209+01,gold_establishments_2025,,,,21800304400011,2025,Collectivité Territoriale,Commune,['Somme'],['Hauts-de-France'],COM,{80},{32}
cea249a8-a0de-4efc-872c-b15f37ec9344,219102357,Commune de Fleury-Mérogis (91),false,{91235},Commune,2026-03-24 14:42:11.659493+01,gold_establishments_2025,,,,21910235700015,2025,Collectivité Territoriale,Commune,['Essonne'],['Île-de-France'],COM,{91},{11}
dba983a2-28a6-4728-ac03-a2989ca23059,215501891,Commune de Fleury-devant-Douaumont (55),false,{55189},Commune,2026-03-24 14:42:02.957225+01,gold_establishments_2025,,,,21550189100018,2025,Collectivité Territoriale,Commune,['Meuse'],['Grand Est'],COM,{55},{44}
4d8e72dc-5466-48c5-a995-19398ba2b562,217701853,Commune de Fleury-en-Bière (77),false,{77185},Commune,2026-03-24 14:42:09.43682+01,gold_establishments_2025,,,,21770185300012,2025,Collectivité Territoriale,Commune,['Seine-et-Marne'],['Île-de-France'],COM,{77},{11}
ed44c96b-961a-4743-925c-4907aa0097cc,212702450,Commune de Fleury-la-Forêt (27),false,{27245},Commune,2026-03-24 14:41:57.028721+01,gold_establishments_2025,,,,21270245000017,2025,Collectivité Territoriale,Commune,['Eure'],['Normandie'],COM,{27},{28}
5650c245-1aa7-425e-8772-2845687e969d,217102003,Commune de Fleury-la-Montagne (71),false,{71200},Commune,2026-03-24 14:42:07.735343+01,gold_establishments_2025,,,,21710200300019,2025,Collectivité Territoriale,Commune,['Saône-et-Loire'],['Bourgogne-Franche-Comté'],COM,{71},{27}
12cc2922-334b-466f-a448-f5a260b2200b,215102344,Commune de Fleury-la-Rivière (51),false,{51252},Commune,2026-03-24 14:42:01.954481+01,gold_establishments_2025,,,,21510234400011,2025,Collectivité Territoriale,Commune,['Marne'],['Grand Est'],COM,{51},{44}
64ff3d54-84ac-4ebc-a942-17549cc3a25f,218901676,Commune de Fleury-la-Vallée (89),false,{89167},Commune,2026-03-24 14:42:11.118516+01,gold_establishments_2025,,,,21890167600013,2025,Collectivité Territoriale,Commune,['Yonne'],['Bourgogne-Franche-Comté'],COM,{89},{27}
1b55a5d4-a532-4724-8239-4d4c508d470e,214501470,Commune de Fleury-les-Aubrais (45),false,{45147},Commune,2026-03-24 14:42:00.862623+01,gold_establishments_2025,,,,21450147000014,2025,Collectivité Territoriale,Commune,['Loiret'],['Centre-Val de Loire'],COM,{45},{24}
ef5701cc-15bf-4cf2-a28b-77081d92228c,212702468,Commune de Fleury-sur-Andelle (27),false,{27246},Commune,2026-03-24 14:41:57.028721+01,gold_establishments_2025,,,,21270246800019,2025,Collectivité Territoriale,Commune,['Eure'],['Normandie'],COM,{27},{28}
f4182d59-2bf4-4bc3-ac7c-9b8229f14031,215801150,Commune de Fleury-sur-Loire (58),false,{58115},Commune,2026-03-24 14:42:04.280096+01,gold_establishments_2025,,,,21580115000016,2025,Collectivité Territoriale,Commune,['Nièvre'],['Bourgogne-Franche-Comté'],COM,{58},{27}
867e903f-8707-4c85-aacb-39e02165fbc9,211402714,Commune de Fleury-sur-Orne (14),false,{14271},Commune,2026-03-24 14:41:54.362296+01,gold_establishments_2025,,,,21140271400011,2025,Collectivité Territoriale,Commune,['Calvados'],['Normandie'],COM,{14},{28}
dcc20818-9c93-4930-b777-83cb3f38d9bb,216101709,Commune de Fleuré (61),false,{61170},Commune,2026-03-24 14:42:05.597325+01,gold_establishments_2025,,,,21610170900014,2025,Collectivité Territoriale,Commune,['Orne'],['Normandie'],COM,{61},{28}
1005a618-7a53-46d5-9d0e-3e2866f938c9,218600997,Commune de Fleuré (86),false,{86099},Commune,2026-03-24 14:42:10.508772+01,gold_establishments_2025,,,,21860099700017,2025,Collectivité Territoriale,Commune,['Vienne'],['Nouvelle-Aquitaine'],COM,{86},{75}
e81d1d20-13c4-4b41-9144-6d0c14c1d655,217802362,Commune de Flexanville (78),false,{78236},Commune,2026-03-24 14:42:09.43682+01,gold_establishments_2025,,,,21780236200012,2025,Collectivité Territoriale,Commune,['Yvelines'],['Île-de-France'],COM,{78},{11}
f996391f-254e-4108-9097-76e7e9bac1da,216701391,Commune de Flexbourg (67),false,{67139},Commune,2026-03-24 14:42:07.195692+01,gold_establishments_2025,,,,21670139100015,2025,Collectivité Territoriale,Commune,['Bas-Rhin'],['Grand Est'],COM,{67},{44}
09fae797-0de8-44b7-91d6-f52561d23561,217102011,Commune de Fley (71),false,{71201},Commune,2026-03-24 14:42:07.735343+01,gold_establishments_2025,,,,21710201100012,2025,Collectivité Territoriale,Commune,['Saône-et-Loire'],['Bourgogne-Franche-Comté'],COM,{71},{27}
0c6744f2-17cc-4f51-99e7-38c23de52288,218901684,Commune de Fleys (89),false,{89168},Commune,2026-03-24 14:42:11.118516+01,gold_establishments_2025,,,,21890168400017,2025,Collectivité Territoriale,Commune,['Yonne'],['Bourgogne-Franche-Comté'],COM,{89},{27}
ffaed0f7-cfb8-4036-9f3a-f7b928d83e3f,215801168,Commune de Flez-Cuzy (58),false,{58116},Commune,2026-03-24 14:42:04.280096+01,gold_establishments_2025,,,,21580116800018,2025,Collectivité Territoriale,Commune,['Nièvre'],['Bourgogne-Franche-Comté'],COM,{58},{27}
eca1ea98-a965-4964-9f1a-f4b6c38be88a,210801577,Commune de Fligny (08),false,{08172},Commune,2026-03-24 14:41:52.562531+01,gold_establishments_2025,,,,21080157700011,2025,Collectivité Territoriale,Commune,['Ardennes'],['Grand Est'],COM,{08},{44}
71060cf8-d73a-4d51-93df-56ce63358bb0,215401993,Commune de Flin (54),false,{54199},Commune,2026-03-24 14:42:02.957225+01,gold_establishments_2025,,,,21540199300013,2025,Collectivité Territoriale,Commune,['Meurthe-et-Moselle'],['Grand Est'],COM,{54},{44}
047ccdef-f078-4f33-a618-57288876b774,215902396,Commune de Flines-lez-Raches (59),false,{59239},Commune,2026-03-24 14:42:04.280096+01,gold_establishments_2025,,,,21590239600013,2025,Collectivité Territoriale,Commune,['Nord'],['Hauts-de-France'],COM,{59},{32}
de4fbe60-f795-48dd-8872-aac7d887aaad,215902388,Commune de Flines-lès-Mortagne (59),false,{59238},Commune,2026-03-24 14:42:04.280096+01,gold_establishments_2025,,,,21590238800010,2025,Collectivité Territoriale,Commune,['Nord'],['Hauts-de-France'],COM,{59},{32}
b6c2457a-974e-4270-8a46-0a61bafeb793,217802370,Commune de Flins-Neuve-Église (78),false,{78237},Commune,2026-03-24 14:42:09.43682+01,gold_establishments_2025,,,,21780237000015,2025,Collectivité Territoriale,Commune,['Yvelines'],['Île-de-France'],COM,{78},{11}
3892dd29-4c75-4fa9-9303-051a2f55f9aa,217802388,Commune de Flins-sur-Seine (78),false,{78238},Commune,2026-03-24 14:42:09.43682+01,gold_establishments_2025,,,,21780238800058,2025,Collectivité Territoriale,Commune,['Yvelines'],['Île-de-France'],COM,{78},{11}
1b2381c4-c8f9-40fb-afad-d3ac231e0de4,212702476,Commune de Flipou (27),false,{27247},Commune,2026-03-24 14:41:57.028721+01,gold_establishments_2025,,,,21270247600038,2025,Collectivité Territoriale,Commune,['Eure'],['Normandie'],COM,{27},{28}
5efb3a84-15d3-452c-b265-1361a8a3054f,215402009,Commune de Flirey (54),false,{54200},Commune,2026-03-24 14:42:02.957225+01,gold_establishments_2025,,,,21540200900017,2025,Collectivité Territoriale,Commune,['Meurthe-et-Moselle'],['Grand Est'],COM,{54},{44}
f3ff11bb-3c2b-4962-893f-48ad88eb850d,218003051,Commune de Flixecourt (80),false,{80318},Commune,2026-03-24 14:42:09.967209+01,gold_establishments_2025,,,,21800305100016,2025,Collectivité Territoriale,Commune,['Somme'],['Hauts-de-France'],COM,{80},{32}
fd606815-c7ca-4e7e-bb30-db956e0c278e,200085983,Commune de Flize (08),false,{08173},Commune,2026-03-24 14:41:52.562531+01,gold_establishments_2025,,,,20008598300019,2025,Collectivité Territoriale,Commune,['Ardennes'],['Grand Est'],COM,{08},{44}
ade0905e-eb5a-4036-8cd2-4a2b58a5018d,215702200,Commune de Flocourt (57),false,{57220},Commune,2026-03-24 14:42:03.701372+01,gold_establishments_2025,,,,21570220000019,2025,Collectivité Territoriale,Commune,['Moselle'],['Grand Est'],COM,{57},{44}
08deba67-2203-44fe-b853-4e6238814aff,217602663,Commune de Flocques (76),false,{76266},Commune,2026-03-24 14:42:08.818969+01,gold_establishments_2025,,,,21760266300015,2025,Collectivité Territoriale,Commune,['Seine-Maritime'],['Normandie'],COM,{76},{28}
3218d7e4-a31a-4ad4-b961-107d6b2899d4,218901692,Commune de Flogny-la-Chapelle (89),false,{89169},Commune,2026-03-24 14:42:11.118516+01,gold_establishments_2025,,,,21890169200010,2025,Collectivité Territoriale,Commune,['Yonne'],['Bourgogne-Franche-Comté'],COM,{89},{27}
6d309dce-0e23-41c6-81a2-0a7f73a42508,210801593,Commune de Floing (08),false,{08174},Commune,2026-03-24 14:41:52.562531+01,gold_establishments_2025,,,,21080159300018,2025,Collectivité Territoriale,Commune,['Ardennes'],['Grand Est'],COM,{08},{44}
cbb19e62-329d-428f-a7e7-ae7cfb69a012,200076925,Commune de Floirac (17),false,{17160},Commune,2026-03-24 14:41:54.903238+01,gold_establishments_2025,,,,20007692500011,2025,Collectivité Territoriale,Commune,['Charente-Maritime'],['Nouvelle-Aquitaine'],COM,{17},{75}
c620d8b2-fff3-47b5-85ab-8bfd209a1020,213301674,Commune de Floirac (33),false,{33167},Commune,2026-03-24 14:41:58.620411+01,gold_establishments_2025,,,,21330167400015,2025,Collectivité Territoriale,Commune,['Gironde'],['Nouvelle-Aquitaine'],COM,{33},{75}
8ed4d028-7eb8-47e6-8683-b3617eade78f,214601064,Commune de Floirac (46),false,{46106},Commune,2026-03-24 14:42:00.862623+01,gold_establishments_2025,,,,21460106400014,2025,Collectivité Territoriale,Commune,['Lot'],['Occitanie'],COM,{46},{76}
64421b17-4c3b-47dc-91f9-0b3863209c9e,200056927,Commune de Florac Trois Rivières (48),false,{48061},Commune,2026-03-24 14:42:01.412377+01,gold_establishments_2025,,,,20005692700011,2025,Collectivité Territoriale,Commune,['Lozère'],['Occitanie'],COM,{48},{76}
9305492b-3002-4118-9fd1-696865c58930,215702218,Commune de Florange (57),false,{57221},Commune,2026-03-24 14:42:03.701372+01,gold_establishments_2025,,,,21570221800011,2025,Collectivité Territoriale,Commune,['Moselle'],['Grand Est'],COM,{57},{44}
81f1af49-8fde-405b-b166-4d68d8be104a,213401011,Commune de Florensac (34),false,{34101},Commune,2026-03-24 14:41:58.620411+01,gold_establishments_2025,,,,21340101100019,2025,Collectivité Territoriale,Commune,['Hérault'],['Occitanie'],COM,{34},{76}
b69a3168-d228-40bc-8cef-4b55cc79703b,215102351,Commune de Florent-en-Argonne (51),false,{51253},Commune,2026-03-24 14:42:01.954481+01,gold_establishments_2025,,,,21510235100016,2025,Collectivité Territoriale,Commune,['Marne'],['Grand Est'],COM,{51},{44}
c2517999-e8a0-4039-9745-3c0fbc0a6f1b,218100931,Commune de Florentin (81),false,{81093},Commune,2026-03-24 14:42:09.967209+01,gold_establishments_2025,,,,21810093100011,2025,Collectivité Territoriale,Commune,['Tarn'],['Occitanie'],COM,{81},{76}
4bc45c01-7c0b-4802-a761-056597885387,211201033,Commune de Florentin-la-Capelle (12),false,{12103},Commune,2026-03-24 14:41:53.63825+01,gold_establishments_2025,,,,21120103300019,2025,Collectivité Territoriale,Commune,['Aveyron'],['Occitanie'],COM,{12},{76}
652cfe6e-ae73-4f37-a39c-d94245d51a3e,214601072,Commune de Floressas (46),false,{46107},Commune,2026-03-24 14:42:00.862623+01,gold_establishments_2025,,,,21460107200017,2025,Collectivité Territoriale,Commune,['Lot'],['Occitanie'],COM,{46},{76}
d41ea803-0c13-4eeb-8868-d4e5f71d38df,219000460,Commune de Florimont (90),false,{90046},Commune,2026-03-24 14:42:11.659493+01,gold_establishments_2025,,,,21900046000010,2025,Collectivité Territoriale,Commune,['Territoire de Belfort'],['Bourgogne-Franche-Comté'],COM,{90},{27}
26401f2b-235b-4f93-a7fc-cf00b0be3743,212401848,Commune de Florimont-Gaumier (24),false,{24184},Commune,2026-03-24 14:41:55.958138+01,gold_establishments_2025,,,,21240184800016,2025,Collectivité Territoriale,Commune,['Dordogne'],['Nouvelle-Aquitaine'],COM,{24},{75}
2cd31893-9f03-4e8b-89fa-937cd04696fc,216203406,Commune de Floringhem (62),false,{62340},Commune,2026-03-24 14:42:05.597325+01,gold_establishments_2025,,,,21620340600014,2025,Collectivité Territoriale,Commune,['Pas-de-Calais'],['Hauts-de-France'],COM,{62},{32}
2b2a687e-5432-4114-87a2-8252874a0e59,218801736,Commune de Florémont (88),false,{88173},Commune,2026-03-24 14:42:11.118516+01,gold_establishments_2025,,,,21880173600016,2025,Collectivité Territoriale,Commune,['Vosges'],['Grand Est'],COM,{88},{44}
009ada12-05f6-4526-b8a0-552fab026c15,215001868,Commune de Flottemanville (50),false,{50186},Commune,2026-03-24 14:42:01.412377+01,gold_establishments_2025,,,,21500186800011,2025,Collectivité Territoriale,Commune,['Manche'],['Normandie'],COM,{50},{28}
e2e93c93-5e73-4392-a4c8-3347136e2016,213301690,Commune de Floudès (33),false,{33169},Commune,2026-03-24 14:41:58.620411+01,gold_establishments_2025,,,,21330169000011,2025,Collectivité Territoriale,Commune,['Gironde'],['Nouvelle-Aquitaine'],COM,{33},{75}
9b16a3f4-891b-40fc-ab9a-ad6d7a822e14,211101464,Commune de Floure (11),false,{11146},Commune,2026-03-24 14:41:53.63825+01,gold_establishments_2025,,,,21110146400017,2025,Collectivité Territoriale,Commune,['Aude'],['Occitanie'],COM,{11},{76}
118253eb-9609-47ea-9cca-86ff9338570b,213101843,Commune de Flourens (31),false,{31184},Commune,2026-03-24 14:41:58.09424+01,gold_establishments_2025,,,,21310184300018,2025,Collectivité Territoriale,Commune,['Haute-Garonne'],['Occitanie'],COM,{31},{76}
d0473ec8-c866-4570-a5c8-d46d006b2618,215902404,Commune de Floursies (59),false,{59240},Commune,2026-03-24 14:42:04.280096+01,gold_establishments_2025,,,,21590240400015,2025,Collectivité Territoriale,Commune,['Nord'],['Hauts-de-France'],COM,{59},{32}
acba08b6-b257-4ea5-9834-588cef6ff3a0,215902412,Commune de Floyon (59),false,{59241},Commune,2026-03-24 14:42:04.280096+01,gold_establishments_2025,,,,21590241200018,2025,Collectivité Territoriale,Commune,['Nord'],['Hauts-de-France'],COM,{59},{32}
add6bf3f-85fa-4ce4-a17f-161d2f32b14b,217301142,Commune de Flumet (73),false,{73114},Commune,2026-03-24 14:42:08.279287+01,gold_establishments_2025,,,,21730114200014,2025,Collectivité Territoriale,Commune,['Savoie'],['Auvergne-Rhône-Alpes'],COM,{73},{84}
cf413b62-45e1-4a5a-a42c-585e8c4af178,210202982,Commune de Fluquières (02),false,{02317},Commune,2026-03-24 14:41:52.020251+01,gold_establishments_2025,,,,21020298200018,2025,Collectivité Territoriale,Commune,['Aisne'],['Hauts-de-France'],COM,{02},{32}
29f856fa-d9dc-4f8e-a04c-6c3b349b3bd2,218003069,Commune de Fluy (80),false,{80319},Commune,2026-03-24 14:42:09.967209+01,gold_establishments_2025,,,,21800306900018,2025,Collectivité Territoriale,Commune,['Somme'],['Hauts-de-France'],COM,{80},{32}
189d4989-1243-482e-b168-c3ee1356318e,211601380,Commune de Fléac (16),false,{16138},Commune,2026-03-24 14:41:54.362296+01,gold_establishments_2025,,,,21160138000010,2025,Collectivité Territoriale,Commune,['Charente'],['Nouvelle-Aquitaine'],COM,{16},{75}
380a56f8-01f9-4704-b275-437bb63a6d4f,211701594,Commune de Fléac-sur-Seugne (17),false,{17159},Commune,2026-03-24 14:41:54.903238+01,gold_establishments_2025,,,,21170159400015,2025,Collectivité Territoriale,Commune,['Charente-Maritime'],['Nouvelle-Aquitaine'],COM,{17},{75}
efcae564-b327-4950-88ae-75eb294a8855,216203364,Commune de Fléchin (62),false,{62336},Commune,2026-03-24 14:42:05.597325+01,gold_establishments_2025,,,,21620336400015,2025,Collectivité Territoriale,Commune,['Pas-de-Calais'],['Hauts-de-France'],COM,{62},{32}
3eb98b6d-e59a-44a8-b0bc-6b89411893f7,216002352,Commune de Fléchy (60),false,{60237},Commune,2026-03-24 14:42:04.814328+01,gold_establishments_2025,,,,21600235200013,2025,Collectivité Territoriale,Commune,['Oise'],['Hauts-de-France'],COM,{60},{32}
1e4d3087-07df-4b13-8ede-26ef9db7be69,217201342,Commune de Flée (72),false,{72134},Commune,2026-03-24 14:42:08.279287+01,gold_establishments_2025,,,,21720134200011,2025,Collectivité Territoriale,Commune,['Sarthe'],['Pays de la Loire'],COM,{72},{52}
ca98be32-aafd-4838-ac66-b3e1203a47f9,213600745,Commune de Fléré-la-Rivière (36),false,{36074},Commune,2026-03-24 14:41:59.160244+01,gold_establishments_2025,,,,21360074500011,2025,Collectivité Territoriale,Commune,['Indre'],['Centre-Val de Loire'],COM,{36},{24}
8ab69893-e7d1-498f-ab0a-3e1e5870b33b,215702176,Commune de Flétrange (57),false,{57217},Commune,2026-03-24 14:42:03.701372+01,gold_establishments_2025,,,,21570217600037,2025,Collectivité Territoriale,Commune,['Moselle'],['Grand Est'],COM,{57},{44}
2f192970-5a53-4066-a9bb-f01ed12f762e,215801143,Commune de Fléty (58),false,{58114},Commune,2026-03-24 14:42:04.280096+01,gold_establishments_2025,,,,21580114300011,2025,Collectivité Territoriale,Commune,['Nièvre'],['Bourgogne-Franche-Comté'],COM,{58},{27}
39b107c0-a43d-4c99-8b51-64ba88ade16b,210801569,Commune de Fléville (08),false,{08171},Commune,2026-03-24 14:41:52.562531+01,gold_establishments_2025,,,,21080156900018,2025,Collectivité Territoriale,Commune,['Ardennes'],['Grand Est'],COM,{08},{44}
b07ad9db-e800-4c46-9243-b4bd48a575fd,215401985,Commune de Fléville-Lixières (54),false,{54198},Commune,2026-03-24 14:42:02.957225+01,gold_establishments_2025,,,,21540198500019,2025,Collectivité Territoriale,Commune,['Meurthe-et-Moselle'],['Grand Est'],COM,{54},{44}
539ff99a-4e38-4fd1-b5dc-fb46e1584389,215401977,Commune de Fléville-devant-Nancy (54),false,{54197},Commune,2026-03-24 14:42:02.957225+01,gold_establishments_2025,,,,21540197700016,2025,Collectivité Territoriale,Commune,['Meurthe-et-Moselle'],['Grand Est'],COM,{54},{44}
ba543d56-1c4a-4900-9356-036a780ad45e,215702192,Commune de Flévy (57),false,{57219},Commune,2026-03-24 14:42:03.701372+01,gold_establishments_2025,,,,21570219200059,2025,Collectivité Territoriale,Commune,['Moselle'],['Grand Est'],COM,{57},{44}
fbdead78-42a9-4b35-9a0c-38add4dab52f,215902370,Commune de Flêtre (59),false,{59237},Commune,2026-03-24 14:42:04.280096+01,gold_establishments_2025,,,,21590237000018,2025,Collectivité Territoriale,Commune,['Nord'],['Hauts-de-France'],COM,{59},{32}
a421a36d-4c40-492b-9e4d-decbfe5b6abc,215501917,Commune de Foameix-Ornel (55),false,{55191},Commune,2026-03-24 14:42:02.957225+01,gold_establishments_2025,,,,21550191700011,2025,Collectivité Territoriale,Commune,['Meuse'],['Grand Est'],COM,{55},{44}
95604523-63bc-47b1-aed7-e0210a4ff35d,212001150,Commune de Foce (2A),false,{2A115},Commune,2026-03-24 14:41:57.56054+01,gold_establishments_2025,,,,21200115000011,2025,Collectivité Territoriale,Commune,['Corse-du-Sud'],['Corse'],COM,{2A},{94}
ae889269-534c-45e7-8db6-9d90a40d718a,212001168,Commune de Focicchia (2B),false,{2B116},Commune,2026-03-24 14:41:57.56054+01,gold_establishments_2025,,,,21200116800013,2025,Collectivité Territoriale,Commune,['Haute-Corse'],['Corse'],COM,{2B},{94}
f119eeff-267f-4058-8d70-f9e39b878da3,210801601,Commune de Foisches (08),false,{08175},Commune,2026-03-24 14:41:52.562531+01,gold_establishments_2025,,,,21080160100019,2025,Collectivité Territoriale,Commune,['Ardennes'],['Grand Est'],COM,{08},{44}
001444bb-248f-4588-8cfd-adac8f4d9f8b,211201041,Commune de Foissac (12),false,{12104},Commune,2026-03-24 14:41:53.63825+01,gold_establishments_2025,,,,21120104100012,2025,Collectivité Territoriale,Commune,['Aveyron'],['Occitanie'],COM,{12},{76}
675526e4-3069-4bd2-985c-44fade840cbd,213001118,Commune de Foissac (30),false,{30111},Commune,2026-03-24 14:41:57.56054+01,gold_establishments_2025,,,,21300111800016,2025,Collectivité Territoriale,Commune,['Gard'],['Occitanie'],COM,{30},{76}
436dc449-7c7e-4f2f-9bc4-ab187a1d7c02,210101630,Commune de Foissiat (01),false,{01163},Commune,2026-03-24 14:41:51.447482+01,gold_establishments_2025,,,,21010163000015,2025,Collectivité Territoriale,Commune,['Ain'],['Auvergne-Rhône-Alpes'],COM,{01},{84}
1b90fe81-b2ef-4222-ac82-613e86729e70,212102743,Commune de Foissy (21),false,{21274},Commune,2026-03-24 14:41:55.433389+01,gold_establishments_2025,,,,21210274300011,2025,Collectivité Territoriale,Commune,"[""Côte-d'Or""]",['Bourgogne-Franche-Comté'],COM,{21},{27}
a0d3c2fe-af4f-4cf4-b700-7607495f11e6,218901700,Commune de Foissy-lès-Vézelay (89),false,{89170},Commune,2026-03-24 14:42:11.118516+01,gold_establishments_2025,,,,21890170000011,2025,Collectivité Territoriale,Commune,['Yonne'],['Bourgogne-Franche-Comté'],COM,{89},{27}
450d08e9-f291-4094-84cb-06d77a32d55d,218901718,Commune de Foissy-sur-Vanne (89),false,{89171},Commune,2026-03-24 14:42:11.118516+01,gold_establishments_2025,,,,21890171800013,2025,Collectivité Territoriale,Commune,['Yonne'],['Bourgogne-Franche-Comté'],COM,{89},{27}
604773ba-1830-43bc-b34b-03beac962014,210901229,Commune de Foix (09),false,{09122},Commune,2026-03-24 14:41:53.095366+01,gold_establishments_2025,,,,21090122900018,2025,Collectivité Territoriale,Commune,['Ariège'],['Occitanie'],COM,{09},{76}
d990b406-eb44-4661-b5a7-5bd1b041027a,213101850,Commune de Folcarde (31),false,{31185},Commune,2026-03-24 14:41:58.09424+01,gold_establishments_2025,,,,21310185000013,2025,Collectivité Territoriale,Commune,['Haute-Garonne'],['Occitanie'],COM,{31},{76}
3426b75a-b829-46ab-bd07-bd0d1cc17cb6,210202990,Commune de Folembray (02),false,{02318},Commune,2026-03-24 14:41:52.020251+01,gold_establishments_2025,,,,21020299000011,2025,Collectivité Territoriale,Commune,['Aisne'],['Hauts-de-France'],COM,{02},{32}
5c72c073-c971-476f-804a-968ada63b5de,216800946,Commune de Folgensbourg (68),false,{68094},Commune,2026-03-24 14:42:07.195692+01,gold_establishments_2025,,,,21680094600016,2025,Collectivité Territoriale,Commune,['Haut-Rhin'],['Grand Est'],COM,{68},{44}
7928b465-c6d3-44aa-ab43-ab033318557d,218003077,Commune de Folies (80),false,{80320},Commune,2026-03-24 14:42:09.967209+01,gold_establishments_2025,,,,21800307700011,2025,Collectivité Territoriale,Commune,['Somme'],['Hauts-de-France'],COM,{80},{32}
f8bb2c9e-b849-4377-9e29-7529e2994625,215702226,Commune de Folkling (57),false,{57222},Commune,2026-03-24 14:42:03.701372+01,gold_establishments_2025,,,,21570222600014,2025,Collectivité Territoriale,Commune,['Moselle'],['Grand Est'],COM,{57},{44}
1f233878-818b-4c6f-858b-7c0c02e9082d,217802396,Commune de Follainville-Dennemont (78),false,{78239},Commune,2026-03-24 14:42:09.43682+01,gold_establishments_2025,,,,21780239600010,2025,Collectivité Territoriale,Commune,['Yvelines'],['Île-de-France'],COM,{78},{11}
c1bd9aa1-755c-4bb2-b082-a01260fd6954,218706703,Commune de Folles (87),false,{87067},Commune,2026-03-24 14:42:11.118516+01,gold_establishments_2025,,,,21870670300012,2025,Collectivité Territoriale,Commune,['Haute-Vienne'],['Nouvelle-Aquitaine'],COM,{87},{75}
bee10a55-96a9-4d40-91a0-ba22ed55093d,212702484,Commune de Folleville (27),false,{27248},Commune,2026-03-24 14:41:57.028721+01,gold_establishments_2025,,,,21270248400016,2025,Collectivité Territoriale,Commune,['Eure'],['Normandie'],COM,{27},{28}
3b4835d1-beb4-4b22-8f0d-f937054ba3b8,218003085,Commune de Folleville (80),false,{80321},Commune,2026-03-24 14:42:09.967209+01,gold_establishments_2025,,,,21800308500014,2025,Collectivité Territoriale,Commune,['Somme'],['Hauts-de-France'],COM,{80},{32}
3e87ab05-fb56-4400-9fac-5ee817834c2c,215001884,Commune de Folligny (50),false,{50188},Commune,2026-03-24 14:42:01.412377+01,gold_establishments_2025,,,,21500188400018,2025,Collectivité Territoriale,Commune,['Manche'],['Normandie'],COM,{50},{28}
193b28c2-552d-496b-b182-7eb7aa876f1c,215702242,Commune de Folschviller (57),false,{57224},Commune,2026-03-24 14:42:03.701372+01,gold_establishments_2025,,,,21570224200011,2025,Collectivité Territoriale,Commune,['Moselle'],['Grand Est'],COM,{57},{44}
dc9ddbde-4f04-44a5-99ff-bcc2b69ef2b5,218801744,Commune de Fomerey (88),false,{88174},Commune,2026-03-24 14:42:11.118516+01,gold_establishments_2025,,,,21880174400010,2025,Collectivité Territoriale,Commune,['Vosges'],['Grand Est'],COM,{88},{44}
6b1c4835-65b0-4f23-b228-f93796c551ef,217901214,Commune de Fomperron (79),false,{79121},Commune,2026-03-24 14:42:09.43682+01,gold_establishments_2025,,,,21790121400015,2025,Collectivité Territoriale,Commune,['Deux-Sèvres'],['Nouvelle-Aquitaine'],COM,{79},{75}
6b017e7c-c213-42c7-ba7b-2edc1dce46a3,213101868,Commune de Fonbeauzard (31),false,{31186},Commune,2026-03-24 14:41:58.09424+01,gold_establishments_2025,,,,21310186800015,2025,Collectivité Territoriale,Commune,['Haute-Garonne'],['Occitanie'],COM,{31},{76}
3ed3cfdd-ed0a-4e84-8778-ee5f65edad8f,212102750,Commune de Foncegrive (21),false,{21275},Commune,2026-03-24 14:41:55.433389+01,gold_establishments_2025,,,,21210275000016,2025,Collectivité Territoriale,Commune,"[""Côte-d'Or""]",['Bourgogne-Franche-Comté'],COM,{21},{27}
734a14d3-9993-4aea-b10e-bb90815933b6,218003093,Commune de Fonches-Fonchette (80),false,{80322},Commune,2026-03-24 14:42:09.967209+01,gold_establishments_2025,,,,21800309300018,2025,Collectivité Territoriale,Commune,['Somme'],['Hauts-de-France'],COM,{80},{32}
56c44abe-faac-4bc3-902b-ee19a297ba29,213902273,Commune de Foncine-le-Bas (39),false,{39227},Commune,2026-03-24 14:41:59.705606+01,gold_establishments_2025,,,,21390227300043,2025,Collectivité Territoriale,Commune,['Jura'],['Bourgogne-Franche-Comté'],COM,{39},{27}
9668f943-7ec1-4cb6-b678-09ded14e26af,213902281,Commune de Foncine-le-Haut (39),false,{39228},Commune,2026-03-24 14:41:59.705606+01,gold_establishments_2025,,,,21390228100012,2025,Collectivité Territoriale,Commune,['Jura'],['Bourgogne-Franche-Comté'],COM,{39},{27}
90f1e347-373d-4cc6-a011-fbbf43e4027b,216203414,Commune de Foncquevillers (62),false,{62341},Commune,2026-03-24 14:42:05.597325+01,gold_establishments_2025,,,,21620341400018,2025,Collectivité Territoriale,Commune,['Pas-de-Calais'],['Hauts-de-France'],COM,{62},{32}
6a5749dd-1047-48d6-b9de-51b9016f3663,211201553,Commune de Fondamente (12),false,{12155},Commune,2026-03-24 14:41:53.63825+01,gold_establishments_2025,,,,21120155300016,2025,Collectivité Territoriale,Commune,['Aveyron'],['Occitanie'],COM,{12},{76}
441f9dec-9a14-4d2a-9300-0a84aeef1311,213701097,Commune de Fondettes (37),false,{37109},Commune,2026-03-24 14:41:59.160244+01,gold_establishments_2025,,,,21370109700015,2025,Collectivité Territoriale,Commune,['Indre-et-Loire'],['Centre-Val de Loire'],COM,{37},{24}
b90d1ba2-6fd4-4318-8001-a8837e0bb548,217002393,Commune de Fondremand (70),false,{70239},Commune,2026-03-24 14:42:07.735343+01,gold_establishments_2025,,,,21700239300015,2025,Collectivité Territoriale,Commune,['Haute-Saône'],['Bourgogne-Franche-Comté'],COM,{70},{27}
8f2d36d6-5ce6-4f83-9d6a-456467ad6cc3,219722089,Commune de Fonds-Saint-Denis (972),false,{97208},Commune,2026-03-24 14:42:11.659493+01,gold_establishments_2025,,,,21972208900014,2025,Collectivité Territoriale,Commune,['Martinique'],['Martinique'],COM,{972},{02}
0ac8a695-0866-433c-b9c8-a7066a0accac,214700999,Commune de Fongrave (47),false,{47099},Commune,2026-03-24 14:42:00.862623+01,gold_establishments_2025,,,,21470099900011,2025,Collectivité Territoriale,Commune,['Lot-et-Garonne'],['Nouvelle-Aquitaine'],COM,{47},{75}
0db06cd8-66ce-478b-972f-d6b74f3c64fa,217602689,Commune de Fongueusemare (76),false,{76268},Commune,2026-03-24 14:42:08.818969+01,gold_establishments_2025,,,,21760268900010,2025,Collectivité Territoriale,Commune,['Seine-Maritime'],['Normandie'],COM,{76},{28}
f5031f6e-1243-4d46-998c-20d693943cd5,212401863,Commune de Fonroque (24),false,{24186},Commune,2026-03-24 14:41:55.958138+01,gold_establishments_2025,,,,21240186300015,2025,Collectivité Territoriale,Commune,['Dordogne'],['Nouvelle-Aquitaine'],COM,{24},{75}
b846493a-a9f9-44dd-80a3-ca1a0afeba2c,210700910,Commune de Fons (07),false,{07091},Commune,2026-03-24 14:41:52.562531+01,gold_establishments_2025,,,,21070091000016,2025,Collectivité Territoriale,Commune,['Ardèche'],['Auvergne-Rhône-Alpes'],COM,{07},{84}
6ed034e5-a112-43a7-89b2-bd53eaadda41,213001126,Commune de Fons (30),false,{30112},Commune,2026-03-24 14:41:57.56054+01,gold_establishments_2025,,,,21300112600019,2025,Collectivité Territoriale,Commune,['Gard'],['Occitanie'],COM,{30},{76}
c48d8ac8-4d4f-4f53-a382-fb3ae8dd461b,214601080,Commune de Fons (46),false,{46108},Commune,2026-03-24 14:42:00.862623+01,gold_establishments_2025,,,,21460108000010,2025,Collectivité Territoriale,Commune,['Lot'],['Occitanie'],COM,{46},{76}
dde54e17-c896-4a28-81cd-1d7fcc8984e4,213001134,Commune de Fons-sur-Lussan (30),false,{30113},Commune,2026-03-24 14:41:57.56054+01,gold_establishments_2025,,,,21300113400013,2025,Collectivité Territoriale,Commune,['Gard'],['Occitanie'],COM,{30},{76}
e7fae8a2-fc3d-4956-acfe-f73349ea9073,210203006,Commune de Fonsomme (02),false,{02319},Commune,2026-03-24 14:41:52.020251+01,gold_establishments_2025,,,,21020300600015,2025,Collectivité Territoriale,Commune,['Aisne'],['Hauts-de-France'],COM,{02},{32}
c90aa57d-18c1-4a52-8bd8-5ed528ca746a,213101876,Commune de Fonsorbes (31),false,{31187},Commune,2026-03-24 14:41:58.09424+01,gold_establishments_2025,,,,21310187600018,2025,Collectivité Territoriale,Commune,['Haute-Garonne'],['Occitanie'],COM,{31},{76}
51d68460-7022-4b25-b606-0dfc6fc5bc22,216601245,Commune de Font-Romeu-Odeillo-Via (66),false,{66124},Commune,2026-03-24 14:42:06.665412+01,gold_establishments_2025,,,,21660124500014,2025,Collectivité Territoriale,Commune,['Pyrénées-Orientales'],['Occitanie'],COM,{66},{76}
f0e90609-6733-46a3-b5de-828b898723d4,200085827,Commune de Fontain (25),false,{25245},Commune,2026-03-24 14:41:56.495197+01,gold_establishments_2025,,,,20008582700018,2025,Collectivité Territoriale,Commune,['Doubs'],['Bourgogne-Franche-Comté'],COM,{25},{27}
b813dd01-31bc-4222-a37b-fb49fe6310e7,211001441,Commune de Fontaine (10),false,{10150},Commune,2026-03-24 14:41:53.095366+01,gold_establishments_2025,,,,21100144100016,2025,Collectivité Territoriale,Commune,['Aube'],['Grand Est'],COM,{10},{44}
3a07fdd8-2b83-4099-b7fe-2f0c693dd5a1,213801699,Commune de Fontaine (38),false,{38169},Commune,2026-03-24 14:41:59.160244+01,gold_establishments_2025,,,,21380169900017,2025,Collectivité Territoriale,Commune,['Isère'],['Auvergne-Rhône-Alpes'],COM,{38},{84}
dd9edc62-b778-41fb-936e-a933d9d852d4,219000478,Commune de Fontaine (90),false,{90047},Commune,2026-03-24 14:42:11.659493+01,gold_establishments_2025,,,,21900047800012,2025,Collectivité Territoriale,Commune,['Territoire de Belfort'],['Bourgogne-Franche-Comté'],COM,{90},{27}
f242a288-c3a2-4e03-a286-f50fd98515ea,212702492,Commune de Fontaine-Bellenger (27),false,{27249},Commune,2026-03-24 14:41:57.028721+01,gold_establishments_2025,,,,21270249200019,2025,Collectivité Territoriale,Commune,['Eure'],['Normandie'],COM,{27},{28}
cfbe5b72-f98b-48f7-9563-22710f58de93,216002386,Commune de Fontaine-Bonneleau (60),false,{60240},Commune,2026-03-24 14:42:04.814328+01,gold_establishments_2025,,,,21600238600011,2025,Collectivité Territoriale,Commune,['Oise'],['Hauts-de-France'],COM,{60},{32}
d90ae9f1-9403-4dc0-9bb4-6ec72fa56d3f,216002394,Commune de Fontaine-Chaalis (60),false,{60241},Commune,2026-03-24 14:42:04.814328+01,gold_establishments_2025,,,,21600239400015,2025,Collectivité Territoriale,Commune,['Oise'],['Hauts-de-France'],COM,{60},{32}
42d0b01a-3b0b-4624-b652-65f383d1d83c,211701628,Commune de Fontaine-Chalendray (17),false,{17162},Commune,2026-03-24 14:41:54.903238+01,gold_establishments_2025,,,,21170162800011,2025,Collectivité Territoriale,Commune,['Charente-Maritime'],['Nouvelle-Aquitaine'],COM,{17},{75}
82facc1a-3390-41b4-b226-856bdd92ad96,215300989,Commune de Fontaine-Couverte (53),false,{53098},Commune,2026-03-24 14:42:02.957225+01,gold_establishments_2025,,,,21530098900013,2025,Collectivité Territoriale,Commune,['Mayenne'],['Pays de la Loire'],COM,{53},{52}
befc3922-5ed2-4325-9763-619b66ac7c43,215102369,Commune de Fontaine-Denis-Nuisy (51),false,{51254},Commune,2026-03-24 14:42:01.954481+01,gold_establishments_2025,,,,21510236900018,2025,Collectivité Territoriale,Commune,['Marne'],['Grand Est'],COM,{51},{44}
4037b1e3-08ba-4f2a-b046-f0b448dcee75,217701879,Commune de Fontaine-Fourches (77),false,{77187},Commune,2026-03-24 14:42:09.43682+01,gold_establishments_2025,,,,21770187900017,2025,Collectivité Territoriale,Commune,['Seine-et-Marne'],['Île-de-France'],COM,{77},{11}
b47e3464-406d-4f4f-b781-584679bf99d7,212102776,Commune de Fontaine-Française (21),false,{21277},Commune,2026-03-24 14:41:55.433389+01,gold_establishments_2025,,,,21210277600011,2025,Collectivité Territoriale,Commune,"[""Côte-d'Or""]",['Bourgogne-Franche-Comté'],COM,{21},{27}
b38ecfa8-4a7a-4c69-b6ea-f5dcb9a851ba,211402755,Commune de Fontaine-Henry (14),false,{14275},Commune,2026-03-24 14:41:54.362296+01,gold_establishments_2025,,,,21140275500014,2025,Collectivité Territoriale,Commune,['Calvados'],['Normandie'],COM,{14},{28}
679a3b80-e65f-41f4-b6c4-ff41e92c7b15,216002402,Commune de Fontaine-Lavaganne (60),false,{60242},Commune,2026-03-24 14:42:04.814328+01,gold_establishments_2025,,,,21600240200016,2025,Collectivité Territoriale,Commune,['Oise'],['Hauts-de-France'],COM,{60},{32}
38fb7b35-7b3c-4bc8-9702-7d19632bd684,211001466,Commune de Fontaine-Mâcon (10),false,{10153},Commune,2026-03-24 14:41:53.095366+01,gold_establishments_2025,,,,21100146600013,2025,Collectivité Territoriale,Commune,['Aube'],['Grand Est'],COM,{10},{44}
0953243e-ff25-4473-af3d-ea4843ebaec3,210203030,Commune de Fontaine-Notre-Dame (02),false,{02322},Commune,2026-03-24 14:41:52.020251+01,gold_establishments_2025,,,,21020303000015,2025,Collectivité Territoriale,Commune,['Aisne'],['Hauts-de-France'],COM,{02},{32}
eb4119ac-3e73-4b52-9cc4-276b6ea2fa72,215902446,Commune de Fontaine-Notre-Dame (59),false,{59244},Commune,2026-03-24 14:42:04.280096+01,gold_establishments_2025,,,,21590244600016,2025,Collectivité Territoriale,Commune,['Nord'],['Hauts-de-France'],COM,{59},{32}
a4b3b6d4-ae29-4b78-b3e8-43e9d290ef1b,214100885,Commune de Fontaine-Raoul (41),false,{41088},Commune,2026-03-24 14:42:00.273698+01,gold_establishments_2025,,,,21410088500018,2025,Collectivité Territoriale,Commune,['Loir-et-Cher'],['Centre-Val de Loire'],COM,{41},{24}
56b5ab44-fad4-43aa-ba64-04136877e663,216002410,Commune de Fontaine-Saint-Lucien (60),false,{60243},Commune,2026-03-24 14:42:04.814328+01,gold_establishments_2025,,,,21600241000019,2025,Collectivité Territoriale,Commune,['Oise'],['Hauts-de-France'],COM,{60},{32}
4e1e968d-999c-4530-902b-81f85d1629f9,212801567,Commune de Fontaine-Simon (28),false,{28156},Commune,2026-03-24 14:41:57.028721+01,gold_establishments_2025,,,,21280156700018,2025,Collectivité Territoriale,Commune,['Eure-et-Loir'],['Centre-Val de Loire'],COM,{28},{24}
4dc307bc-aa58-42c8-9a4a-f4145b64e543,210203048,Commune de Fontaine-Uterte (02),false,{02323},Commune,2026-03-24 14:41:52.020251+01,gold_establishments_2025,,,,21020304800017,2025,Collectivité Territoriale,Commune,['Aisne'],['Hauts-de-France'],COM,{02},{32}
21722f55-4396-4466-ae43-f80cbef485c5,215902420,Commune de Fontaine-au-Bois (59),false,{59242},Commune,2026-03-24 14:42:04.280096+01,gold_establishments_2025,,,,21590242000011,2025,Collectivité Territoriale,Commune,['Nord'],['Hauts-de-France'],COM,{59},{32}
39d20cab-7191-41dd-841e-bfba32c6e9c5,215902438,Commune de Fontaine-au-Pire (59),false,{59243},Commune,2026-03-24 14:42:04.280096+01,gold_establishments_2025,,,,21590243800013,2025,Collectivité Territoriale,Commune,['Nord'],['Hauts-de-France'],COM,{59},{32}
e1aed303-aaeb-402d-b10c-b3dd23dcc59b,218401396,Commune de Fontaine-de-Vaucluse (84),false,{84139},Commune,2026-03-24 14:42:10.508772+01,gold_establishments_2025,,,,21840139600013,2025,Collectivité Territoriale,Commune,['Vaucluse'],"[""Provence-Alpes-Côte d'Azur""]",COM,{84},{93}
3ea02877-49f9-499e-a723-7e9a201e9e91,217602697,Commune de Fontaine-en-Bray (76),false,{76269},Commune,2026-03-24 14:42:08.818969+01,gold_establishments_2025,,,,21760269700013,2025,Collectivité Territoriale,Commune,['Seine-Maritime'],['Normandie'],COM,{76},{28}
88d68927-13f1-4189-9843-461aa387b820,215102377,Commune de Fontaine-en-Dormois (51),false,{51255},Commune,2026-03-24 14:42:01.954481+01,gold_establishments_2025,,,,21510237700011,2025,Collectivité Territoriale,Commune,['Marne'],['Grand Est'],COM,{51},{44}
132f279d-52c2-42e9-b39d-1425bcbea48d,212702518,Commune de Fontaine-l'Abbé (27),false,{27251},Commune,2026-03-24 14:41:57.028721+01,gold_establishments_2025,,,,21270251800011,2025,Collectivité Territoriale,Commune,['Eure'],['Normandie'],COM,{27},{28}
15291e05-a500-4ded-affc-2b29597ed39a,216203455,Commune de Fontaine-l'Étalon (62),false,{62345},Commune,2026-03-24 14:42:05.597325+01,gold_establishments_2025,,,,21620345500011,2025,Collectivité Territoriale,Commune,['Pas-de-Calais'],['Hauts-de-France'],COM,{62},{32}
7c6b3a5d-7e6a-4736-bf94-60975c9f42c2,218901726,Commune de Fontaine-la-Gaillarde (89),false,{89172},Commune,2026-03-24 14:42:11.118516+01,gold_establishments_2025,,,,21890172600107,2025,Collectivité Territoriale,Commune,['Yonne'],['Bourgogne-Franche-Comté'],COM,{89},{27}
94999611-79fd-4118-820f-baf95d14097d,212801542,Commune de Fontaine-la-Guyon (28),false,{28154},Commune,2026-03-24 14:41:57.028721+01,gold_establishments_2025,,,,21280154200011,2025,Collectivité Territoriale,Commune,['Eure-et-Loir'],['Centre-Val de Loire'],COM,{28},{24}
509ba7ae-bfd1-4c0a-8745-af00aca61e6a,212702526,Commune de Fontaine-la-Louvet (27),false,{27252},Commune,2026-03-24 14:41:57.028721+01,gold_establishments_2025,,,,21270252600014,2025,Collectivité Territoriale,Commune,['Eure'],['Normandie'],COM,{27},{28}
27c2d65a-d5c4-445b-8d31-44d1da228cfc,217602705,Commune de Fontaine-la-Mallet (76),false,{76270},Commune,2026-03-24 14:42:08.818969+01,gold_establishments_2025,,,,21760270500014,2025,Collectivité Territoriale,Commune,['Seine-Maritime'],['Normandie'],COM,{76},{28}
4ab48add-e0a1-452d-ba57-392115f3489a,219102407,Commune de Fontaine-la-Rivière (91),false,{91240},Commune,2026-03-24 14:42:11.659493+01,gold_establishments_2025,,,,21910240700018,2025,Collectivité Territoriale,Commune,['Essonne'],['Île-de-France'],COM,{91},{11}
b7053c6a-9020-4dca-9566-9095accb49ed,217602713,Commune de Fontaine-le-Bourg (76),false,{76271},Commune,2026-03-24 14:42:08.818969+01,gold_establishments_2025,,,,21760271300018,2025,Collectivité Territoriale,Commune,['Seine-Maritime'],['Normandie'],COM,{76},{28}
ae5ec103-157a-497f-90fb-f3986acad67c,218601003,Commune de Fontaine-le-Comte (86),false,{86100},Commune,2026-03-24 14:42:10.508772+01,gold_establishments_2025,,,,21860100300013,2025,Collectivité Territoriale,Commune,['Vienne'],['Nouvelle-Aquitaine'],COM,{86},{75}
38246229-5b22-436f-9e31-73686dc2a930,217602721,Commune de Fontaine-le-Dun (76),false,{76272},Commune,2026-03-24 14:42:08.818969+01,gold_establishments_2025,,,,21760272100011,2025,Collectivité Territoriale,Commune,['Seine-Maritime'],['Normandie'],COM,{76},{28}
6096e0bb-1b7f-41a1-92a6-69d8a92f52ff,211402763,Commune de Fontaine-le-Pin (14),false,{14276},Commune,2026-03-24 14:41:54.362296+01,gold_establishments_2025,,,,21140276300018,2025,Collectivité Territoriale,Commune,['Calvados'],['Normandie'],COM,{14},{28}
c0e78707-06c4-4fc3-9d2b-6cf7a2928eb1,217701887,Commune de Fontaine-le-Port (77),false,{77188},Commune,2026-03-24 14:42:09.43682+01,gold_establishments_2025,,,,21770188700010,2025,Collectivité Territoriale,Commune,['Seine-et-Marne'],['Île-de-France'],COM,{77},{11}
096ef557-1ac7-44e4-b365-4765f5c979fc,218003101,Commune de Fontaine-le-Sec (80),false,{80324},Commune,2026-03-24 14:42:09.967209+01,gold_establishments_2025,,,,21800310100019,2025,Collectivité Territoriale,Commune,['Somme'],['Hauts-de-France'],COM,{80},{32}
84f866a7-96b1-4b67-b2b4-39c9edf1a152,216101717,Commune de Fontaine-les-Bassets (61),false,{61171},Commune,2026-03-24 14:42:05.597325+01,gold_establishments_2025,,,,21610171700017,2025,Collectivité Territoriale,Commune,['Orne'],['Normandie'],COM,{61},{28}
7f38d083-efcf-4e72-9c4c-a697f3c2116b,214100877,Commune de Fontaine-les-Coteaux (41),false,{41087},Commune,2026-03-24 14:42:00.273698+01,gold_establishments_2025,,,,21410087700015,2025,Collectivité Territoriale,Commune,['Loir-et-Cher'],['Centre-Val de Loire'],COM,{41},{24}
531448e1-d6de-467c-947d-cf36be778c5c,211001458,Commune de Fontaine-les-Grès (10),false,{10151},Commune,2026-03-24 14:41:53.095366+01,gold_establishments_2025,,,,21100145800010,2025,Collectivité Territoriale,Commune,['Aube'],['Grand Est'],COM,{10},{44}
d02a29f8-043b-4833-9dfd-5cf02cf943e2,212801559,Commune de Fontaine-les-Ribouts (28),false,{28155},Commune,2026-03-24 14:41:57.028721+01,gold_establishments_2025,,,,21280155900015,2025,Collectivité Territoriale,Commune,['Eure-et-Loir'],['Centre-Val de Loire'],COM,{28},{24}
f6889663-3791-46a6-b9e4-d81a5b6078b7,216203422,Commune de Fontaine-lès-Boulans (62),false,{62342},Commune,2026-03-24 14:42:05.597325+01,gold_establishments_2025,,,,21620342200011,2025,Collectivité Territoriale,Commune,['Pas-de-Calais'],['Hauts-de-France'],COM,{62},{32}
b4c299db-25a3-4453-a3e8-80fc444168f9,218003119,Commune de Fontaine-lès-Cappy (80),false,{80325},Commune,2026-03-24 14:42:09.967209+01,gold_establishments_2025,,,,21800311900011,2025,Collectivité Territoriale,Commune,['Somme'],['Hauts-de-France'],COM,{80},{32}
c7bf425d-8e72-438c-944a-b52e163b7b35,210203014,Commune de Fontaine-lès-Clercs (02),false,{02320},Commune,2026-03-24 14:41:52.020251+01,gold_establishments_2025,,,,21020301400019,2025,Collectivité Territoriale,Commune,['Aisne'],['Hauts-de-France'],COM,{02},{32}
bc62d049-2afd-47a5-83a1-9c6c17ee1403,212502462,Commune de Fontaine-lès-Clerval (25),false,{25246},Commune,2026-03-24 14:41:56.495197+01,gold_establishments_2025,,,,21250246200014,2025,Collectivité Territoriale,Commune,['Doubs'],['Bourgogne-Franche-Comté'],COM,{25},{27}
3883b911-5a59-44d9-aa61-71c671bdd4d1,216203430,Commune de Fontaine-lès-Croisilles (62),false,{62343},Commune,2026-03-24 14:42:05.597325+01,gold_establishments_2025,,,,21620343000014,2025,Collectivité Territoriale,Commune,['Pas-de-Calais'],['Hauts-de-France'],COM,{62},{32}
e2eebe5c-6904-4020-819f-9c7aa6047ed2,212102784,Commune de Fontaine-lès-Dijon (21),false,{21278},Commune,2026-03-24 14:41:55.433389+01,gold_establishments_2025,,,,21210278400015,2025,Collectivité Territoriale,Commune,"[""Côte-d'Or""]",['Bourgogne-Franche-Comté'],COM,{21},{27}
63868a06-5a07-4236-904e-9b64eddb68c8,216203448,Commune de Fontaine-lès-Hermans (62),false,{62344},Commune,2026-03-24 14:42:05.597325+01,gold_establishments_2025,,,,21620344800016,2025,Collectivité Territoriale,Commune,['Pas-de-Calais'],['Hauts-de-France'],COM,{62},{32}
cb849255-5b16-4dd5-8510-000a091abe23,217002401,Commune de Fontaine-lès-Luxeuil (70),false,{70240},Commune,2026-03-24 14:42:07.735343+01,gold_establishments_2025,,,,21700240100016,2025,Collectivité Territoriale,Commune,['Haute-Saône'],['Bourgogne-Franche-Comté'],COM,{70},{27}
c418a723-0a32-40bb-8224-30e763c4e01f,210203022,Commune de Fontaine-lès-Vervins (02),false,{02321},Commune,2026-03-24 14:41:52.020251+01,gold_establishments_2025,,,,21020302200012,2025,Collectivité Territoriale,Commune,['Aisne'],['Hauts-de-France'],COM,{02},{32}
52c1b875-0e28-4ce8-b2fa-c7fe8c96759e,212702542,Commune de Fontaine-sous-Jouy (27),false,{27254},Commune,2026-03-24 14:41:57.028721+01,gold_establishments_2025,,,,21270254200011,2025,Collectivité Territoriale,Commune,['Eure'],['Normandie'],COM,{27},{28}
e3b54efd-44ea-4c7d-927f-3561ded7e328,218003127,Commune de Fontaine-sous-Montdidier (80),false,{80326},Commune,2026-03-24 14:42:09.967209+01,gold_establishments_2025,,,,21800312700014,2025,Collectivité Territoriale,Commune,['Somme'],['Hauts-de-France'],COM,{80},{32}
c29cf7e2-21d9-48c4-8202-afa92d9c4ccc,217602739,Commune de Fontaine-sous-Préaux (76),false,{76273},Commune,2026-03-24 14:42:08.818969+01,gold_establishments_2025,,,,21760273900013,2025,Collectivité Territoriale,Commune,['Seine-Maritime'],['Normandie'],COM,{76},{28}
38238461-bc40-4c5b-a287-cfd314d80412,215102385,Commune de Fontaine-sur-Ay (51),false,{51256},Commune,2026-03-24 14:42:01.954481+01,gold_establishments_2025,,,,21510238500014,2025,Collectivité Territoriale,Commune,['Marne'],['Grand Est'],COM,{51},{44}
e4ffd9e4-0573-4afd-bb27-b5529f5d5c79,218003135,Commune de Fontaine-sur-Maye (80),false,{80327},Commune,2026-03-24 14:42:09.967209+01,gold_establishments_2025,,,,21800313500017,2025,Collectivité Territoriale,Commune,['Somme'],['Hauts-de-France'],COM,{80},{32}
030b88d7-c652-4350-824e-6b484d9b69b2,218003143,Commune de Fontaine-sur-Somme (80),false,{80328},Commune,2026-03-24 14:42:09.967209+01,gold_establishments_2025,,,,21800314300011,2025,Collectivité Territoriale,Commune,['Somme'],['Hauts-de-France'],COM,{80},{32}
8c1543b6-1251-48bb-9abc-60f4dcc11b9b,211402748,Commune de Fontaine-Étoupefour (14),false,{14274},Commune,2026-03-24 14:41:54.362296+01,gold_establishments_2025,,,,21140274800043,2025,Collectivité Territoriale,Commune,['Calvados'],['Normandie'],COM,{14},{28}
34bbee7d-95f0-4d7a-95cf-de15acc9d83d,217701861,Commune de Fontainebleau (77),false,{77186},Commune,2026-03-24 14:42:09.43682+01,gold_establishments_2025,,,,21770186100015,2025,Collectivité Territoriale,Commune,['Seine-et-Marne'],['Île-de-France'],COM,{77},{11}
fb0ac515-95ee-431e-bc24-81a6c9eda377,213902299,Commune de Fontainebrux (39),false,{39229},Commune,2026-03-24 14:41:59.705606+01,gold_establishments_2025,,,,21390229900014,2025,Collectivité Territoriale,Commune,['Jura'],['Bourgogne-Franche-Comté'],COM,{39},{27}
4aa3f48d-1bad-46de-9acc-f9566cc3945b,217102029,Commune de Fontaines (71),false,{71202},Commune,2026-03-24 14:42:07.735343+01,gold_establishments_2025,,,,21710202900014,2025,Collectivité Territoriale,Commune,['Saône-et-Loire'],['Bourgogne-Franche-Comté'],COM,{71},{27}
c05f36ba-ece2-405a-a23f-25dd695cbbdf,218901734,Commune de Fontaines (89),false,{89173},Commune,2026-03-24 14:42:11.118516+01,gold_establishments_2025,,,,21890173400010,2025,Collectivité Territoriale,Commune,['Yonne'],['Bourgogne-Franche-Comté'],COM,{89},{27}
f4bb61fb-4962-4666-9429-8f2e6a205126,215501925,Commune de Fontaines-Saint-Clair (55),false,{55192},Commune,2026-03-24 14:42:02.957225+01,gold_establishments_2025,,,,21550192500014,2025,Collectivité Territoriale,Commune,['Meuse'],['Grand Est'],COM,{55},{44}
bb1e166a-211c-4590-b77b-d961469f6d29,216900878,Commune de Fontaines-Saint-Martin (69),false,{69087},Commune,2026-03-24 14:42:07.195692+01,gold_establishments_2025,,,,21690087800010,2025,Collectivité Territoriale,Commune,['Rhône'],['Auvergne-Rhône-Alpes'],COM,{69},{84}
c3747b01-f948-4854-9e75-9e5d7da6e568,211701636,Commune de Fontaines-d'Ozillac (17),false,{17163},Commune,2026-03-24 14:41:54.903238+01,gold_establishments_2025,,,,21170163600014,2025,Collectivité Territoriale,Commune,['Charente-Maritime'],['Nouvelle-Aquitaine'],COM,{17},{75}
0bef7106-3cda-40ed-80fe-ed5a1481c2eb,212102768,Commune de Fontaines-en-Duesmois (21),false,{21276},Commune,2026-03-24 14:41:55.433389+01,gold_establishments_2025,,,,21210276800018,2025,Collectivité Territoriale,Commune,"[""Côte-d'Or""]",['Bourgogne-Franche-Comté'],COM,{21},{27}
f43ed275-3eab-4fba-8014-d19de4c4ea5d,214100869,Commune de Fontaines-en-Sologne (41),false,{41086},Commune,2026-03-24 14:42:00.273698+01,gold_establishments_2025,,,,21410086900012,2025,Collectivité Territoriale,Commune,['Loir-et-Cher'],['Centre-Val de Loire'],COM,{41},{24}
df285c48-b98f-40ec-bb82-754740fb9a0e,212102792,Commune de Fontaines-les-Sèches (21),false,{21279},Commune,2026-03-24 14:41:55.433389+01,gold_establishments_2025,,,,21210279200018,2025,Collectivité Territoriale,Commune,"[""Côte-d'Or""]",['Bourgogne-Franche-Comté'],COM,{21},{27}
80faac70-39a1-4445-ab8a-3e587188371c,215201468,Commune de Fontaines-sur-Marne (52),false,{52203},Commune,2026-03-24 14:42:01.954481+01,gold_establishments_2025,,,,21520146800018,2025,Collectivité Territoriale,Commune,['Haute-Marne'],['Grand Est'],COM,{52},{44}
0e7c58a9-d3b9-4256-89e7-1ce215c7ab30,216900886,Commune de Fontaines-sur-Saône (69),false,{69088},Commune,2026-03-24 14:42:07.195692+01,gold_establishments_2025,,,,21690088600013,2025,Collectivité Territoriale,Commune,['Rhône'],['Auvergne-Rhône-Alpes'],COM,{69},{84}
f8e62df3-04dd-4bfe-bf2e-89d9ec20767f,217701903,Commune de Fontains (77),false,{77190},Commune,2026-03-24 14:42:09.43682+01,gold_establishments_2025,,,,21770190300015,2025,Collectivité Territoriale,Commune,['Seine-et-Marne'],['Île-de-France'],COM,{77},{11}
a302f8a4-d048-46ec-9afd-c443e743d479,210600623,Commune de Fontan (06),false,{06062},Commune,2026-03-24 14:41:52.562531+01,gold_establishments_2025,,,,21060062300016,2025,Collectivité Territoriale,Commune,['Alpes-Maritimes'],"[""Provence-Alpes-Côte d'Azur""]",COM,{06},{93}
42d7337d-44b0-47ae-8768-63e48ef0aa2d,214601098,Commune de Fontanes (46),false,{46109},Commune,2026-03-24 14:42:00.862623+01,gold_establishments_2025,,,,21460109800012,2025,Collectivité Territoriale,Commune,['Lot'],['Occitanie'],COM,{46},{76}
d4a35279-93f8-400f-9195-e61565b31137,211500707,Commune de Fontanges (15),false,{15070},Commune,2026-03-24 14:41:54.362296+01,gold_establishments_2025,,,,21150070700016,2025,Collectivité Territoriale,Commune,['Cantal'],['Auvergne-Rhône-Alpes'],COM,{15},{84}
ebc44a8a-b8ce-42bb-a161-82bbae75093b,212102800,Commune de Fontangy (21),false,{21280},Commune,2026-03-24 14:41:55.433389+01,gold_establishments_2025,,,,21210280000019,2025,Collectivité Territoriale,Commune,"[""Côte-d'Or""]",['Bourgogne-Franche-Comté'],COM,{21},{27}
9e59d61e-301a-4c88-a8c1-03c8b33ed657,213801707,Commune de Fontanil-Cornillon (38),false,{38170},Commune,2026-03-24 14:41:59.160244+01,gold_establishments_2025,,,,21380170700018,2025,Collectivité Territoriale,Commune,['Isère'],['Auvergne-Rhône-Alpes'],COM,{38},{84}
53edd089-c794-4dcf-a778-077eb978e304,212308308,Commune de Fontanières (23),false,{23083},Commune,2026-03-24 14:41:55.958138+01,gold_establishments_2025,,,,21230830800015,2025,Collectivité Territoriale,Commune,['Creuse'],['Nouvelle-Aquitaine'],COM,{23},{75}
66057cbf-4a8e-43f6-81b9-2f4ca2b84db1,214300964,Commune de Fontannes (43),false,{43096},Commune,2026-03-24 14:42:00.273698+01,gold_establishments_2025,,,,21430096400019,2025,Collectivité Territoriale,Commune,['Haute-Loire'],['Auvergne-Rhône-Alpes'],COM,{43},{84}
03218132-58de-4011-9215-7fce1e84147d,214800633,Commune de Fontans (48),false,{48063},Commune,2026-03-24 14:42:01.412377+01,gold_establishments_2025,,,,21480063300015,2025,Collectivité Territoriale,Commune,['Lozère'],['Occitanie'],COM,{48},{76}
4d641fac-2442-4b6b-b2ea-8e6a3166dcf2,213001142,Commune de Fontanès (30),false,{30114},Commune,2026-03-24 14:41:57.56054+01,gold_establishments_2025,,,,21300114200016,2025,Collectivité Territoriale,Commune,['Gard'],['Occitanie'],COM,{30},{76}
beb66a00-087d-4fa6-ad88-9674d163bb51,213401029,Commune de Fontanès (34),false,{34102},Commune,2026-03-24 14:41:58.620411+01,gold_establishments_2025,,,,21340102900011,2025,Collectivité Territoriale,Commune,['Hérault'],['Occitanie'],COM,{34},{76}
b95a594a-40e0-4133-beb3-d968bf904ef5,214200966,Commune de Fontanès (42),false,{42096},Commune,2026-03-24 14:42:00.273698+01,gold_establishments_2025,,,,21420096600015,2025,Collectivité Territoriale,Commune,['Loire'],['Auvergne-Rhône-Alpes'],COM,{42},{84}
7ea3a02a-bbc3-467f-bfdb-e9a0be00fe87,211101472,Commune de Fontanès-de-Sault (11),false,{11147},Commune,2026-03-24 14:41:53.63825+01,gold_establishments_2025,,,,21110147200010,2025,Collectivité Territoriale,Commune,['Aude'],['Occitanie'],COM,{11},{76}
0fd1a381-469f-498d-8cd5-44e204217bde,213001159,Commune de Fontarèches (30),false,{30115},Commune,2026-03-24 14:41:57.56054+01,gold_establishments_2025,,,,21300115900010,2025,Collectivité Territoriale,Commune,['Gard'],['Occitanie'],COM,{30},{76}
a0e3e016-e987-4923-b9ae-c0dc818c81d0,211101480,Commune de Fontcouverte (11),false,{11148},Commune,2026-03-24 14:41:53.63825+01,gold_establishments_2025,,,,21110148000013,2025,Collectivité Territoriale,Commune,['Aude'],['Occitanie'],COM,{11},{76}
696fafeb-19f3-4c2a-918d-3c2efc76c8a4,211701644,Commune de Fontcouverte (17),false,{17164},Commune,2026-03-24 14:41:54.903238+01,gold_establishments_2025,,,,21170164400018,2025,Collectivité Territoriale,Commune,['Charente-Maritime'],['Nouvelle-Aquitaine'],COM,{17},{75}
9072469f-7a1c-42d0-9823-2da9f05d1d57,217301167,Commune de Fontcouverte-la-Toussuire (73),false,{73116},Commune,2026-03-24 14:42:08.279287+01,gold_establishments_2025,,,,21730116700011,2025,Collectivité Territoriale,Commune,['Savoie'],['Auvergne-Rhône-Alpes'],COM,{73},{84}
b60f69a3-15d8-4911-9065-f58d6adce23c,217701911,Commune de Fontenailles (77),false,{77191},Commune,2026-03-24 14:42:09.43682+01,gold_establishments_2025,,,,21770191100018,2025,Collectivité Territoriale,Commune,['Seine-et-Marne'],['Île-de-France'],COM,{77},{11}
3918c1b6-310b-4de1-9393-70924053a542,213600752,Commune de Fontenay (36),false,{36075},Commune,2026-03-24 14:41:59.160244+01,gold_establishments_2025,,,,21360075200017,2025,Collectivité Territoriale,Commune,['Indre'],['Centre-Val de Loire'],COM,{36},{24}
5e6c8423-d3d0-4285-bc29-8e9143dc789e,217102037,Commune de Fontenay (71),false,{71203},Commune,2026-03-24 14:42:07.735343+01,gold_establishments_2025,,,,21710203700017,2025,Collectivité Territoriale,Commune,['Saône-et-Loire'],['Bourgogne-Franche-Comté'],COM,{71},{27}
ee3a5d6f-1145-40bb-bbf2-79b2173a2636,217602754,Commune de Fontenay (76),false,{76275},Commune,2026-03-24 14:42:08.818969+01,gold_establishments_2025,,,,21760275400012,2025,Collectivité Territoriale,Commune,['Seine-Maritime'],['Normandie'],COM,{76},{28}
6f3ce20f-ee69-4176-b7ed-814436a235b6,218801751,Commune de Fontenay (88),false,{88175},Commune,2026-03-24 14:42:11.118516+01,gold_establishments_2025,,,,21880175100015,2025,Collectivité Territoriale,Commune,['Vosges'],['Grand Est'],COM,{88},{44}
c47515f5-c9d0-45c9-9f6f-7d01beb69a1a,217802453,Commune de Fontenay-Mauvoisin (78),false,{78245},Commune,2026-03-24 14:42:09.43682+01,gold_establishments_2025,,,,21780245300019,2025,Collectivité Territoriale,Commune,['Yvelines'],['Île-de-France'],COM,{78},{11}
71c95968-e278-469f-8333-2fd2dafbe1a2,217802461,Commune de Fontenay-Saint-Père (78),false,{78246},Commune,2026-03-24 14:42:09.43682+01,gold_establishments_2025,,,,21780246100012,2025,Collectivité Territoriale,Commune,['Yvelines'],['Île-de-France'],COM,{78},{11}
c5cbac11-078f-4b82-9251-f627fd961092,216002428,Commune de Fontenay-Torcy (60),false,{60244},Commune,2026-03-24 14:42:04.814328+01,gold_establishments_2025,,,,21600242800011,2025,Collectivité Territoriale,Commune,['Oise'],['Hauts-de-France'],COM,{60},{32}
60a287cd-be11-4c21-9646-1846794493c9,217701929,Commune de Fontenay-Trésigny (77),false,{77192},Commune,2026-03-24 14:42:09.43682+01,gold_establishments_2025,,,,21770192900010,2025,Collectivité Territoriale,Commune,['Seine-et-Marne'],['Île-de-France'],COM,{77},{11}
296598bd-34d3-47f6-abb8-297c75141291,219200326,Commune de Fontenay-aux-Roses (92),false,{92032},Commune,2026-03-24 14:42:11.659493+01,gold_establishments_2025,,,,21920032600011,2025,Collectivité Territoriale,Commune,['Hauts-de-Seine'],['Île-de-France'],COM,{92},{11}
91ec5013-ea48-43ed-b2ac-aaebcd4015b1,211001474,Commune de Fontenay-de-Bossery (10),false,{10154},Commune,2026-03-24 14:41:53.095366+01,gold_establishments_2025,,,,21100147400017,2025,Collectivité Territoriale,Commune,['Aube'],['Grand Est'],COM,{10},{44}
86f5bb9c-7772-43f0-88f1-a51d4960bb5e,219502416,Commune de Fontenay-en-Parisis (95),false,{95241},Commune,2026-03-24 14:42:11.659493+01,gold_establishments_2025,,,,21950241600015,2025,Collectivité Territoriale,Commune,"[""Val-d'Oise""]",['Île-de-France'],COM,{95},{11}
f202a529-76b5-4ddc-a7f9-e06e9f48aa81,218500924,Commune de Fontenay-le-Comte (85),false,{85092},Commune,2026-03-24 14:42:10.508772+01,gold_establishments_2025,,,,21850092400012,2025,Collectivité Territoriale,Commune,['Vendée'],['Pays de la Loire'],COM,{85},{52}
73f8c72e-a1ad-4b10-a9ca-f13009fb2772,217802420,Commune de Fontenay-le-Fleury (78),false,{78242},Commune,2026-03-24 14:42:09.43682+01,gold_establishments_2025,,,,21780242000018,2025,Collectivité Territoriale,Commune,['Yvelines'],['Île-de-France'],COM,{78},{11}
b57a375a-be7d-433e-9cfb-9d1af2e4153d,211402771,Commune de Fontenay-le-Marmion (14),false,{14277},Commune,2026-03-24 14:41:54.362296+01,gold_establishments_2025,,,,21140277100011,2025,Collectivité Territoriale,Commune,['Calvados'],['Normandie'],COM,{14},{28}
3ae00674-2495-4cc3-ba3f-c7583e32170f,211402789,Commune de Fontenay-le-Pesnel (14),false,{14278},Commune,2026-03-24 14:41:54.362296+01,gold_establishments_2025,,,,21140278900013,2025,Collectivité Territoriale,Commune,['Calvados'],['Normandie'],COM,{14},{28}
9a77837c-55b5-4df9-9b71-182eb9b94773,219102449,Commune de Fontenay-le-Vicomte (91),false,{91244},Commune,2026-03-24 14:42:11.659493+01,gold_establishments_2025,,,,21910244900010,2025,Collectivité Territoriale,Commune,['Essonne'],['Île-de-France'],COM,{91},{11}
6af57fb6-25b2-4079-b1da-2481da51abfd,219102431,Commune de Fontenay-lès-Briis (91),false,{91243},Commune,2026-03-24 14:42:11.659493+01,gold_establishments_2025,,,,21910243100018,2025,Collectivité Territoriale,Commune,['Essonne'],['Île-de-France'],COM,{91},{11}
798c6bdc-1e7a-4f6a-b809-91b5a46dd0e2,218901759,Commune de Fontenay-près-Chablis (89),false,{89175},Commune,2026-03-24 14:42:11.118516+01,gold_establishments_2025,,,,21890175900017,2025,Collectivité Territoriale,Commune,['Yonne'],['Bourgogne-Franche-Comté'],COM,{89},{27}
9f9b716a-8ad7-4b09-ad95-7c5cf7981223,218901767,Commune de Fontenay-près-Vézelay (89),false,{89176},Commune,2026-03-24 14:42:11.118516+01,gold_establishments_2025,,,,21890176700010,2025,Collectivité Territoriale,Commune,['Yonne'],['Bourgogne-Franche-Comté'],COM,{89},{27}
ebc8b750-26ad-41d8-8400-ea3ae335bdb2,219400330,Commune de Fontenay-sous-Bois (94),false,{94033},Commune,2026-03-24 14:42:11.659493+01,gold_establishments_2025,,,,21940033000011,2025,Collectivité Territoriale,Commune,['Val-de-Marne'],['Île-de-France'],COM,{94},{11}
63a96f3e-b53d-44f6-b134-253b80dcc424,218901775,Commune de Fontenay-sous-Fouronnes (89),false,{89177},Commune,2026-03-24 14:42:11.118516+01,gold_establishments_2025,,,,21890177500013,2025,Collectivité Territoriale,Commune,['Yonne'],['Bourgogne-Franche-Comté'],COM,{89},{27}
dd651adc-3c68-481a-b2f2-4648f7f8e827,212801575,Commune de Fontenay-sur-Conie (28),false,{28157},Commune,2026-03-24 14:41:57.028721+01,gold_establishments_2025,,,,21280157500011,2025,Collectivité Territoriale,Commune,['Eure-et-Loir'],['Centre-Val de Loire'],COM,{28},{24}
9ec44efa-f84d-4a51-82e4-bb55437d8e91,212801583,Commune de Fontenay-sur-Eure (28),false,{28158},Commune,2026-03-24 14:41:57.028721+01,gold_establishments_2025,,,,21280158300015,2025,Collectivité Territoriale,Commune,['Eure-et-Loir'],['Centre-Val de Loire'],COM,{28},{24}
4bd9e91e-38f1-48d7-ad8d-3da999d05e49,214501488,Commune de Fontenay-sur-Loing (45),false,{45148},Commune,2026-03-24 14:42:00.862623+01,gold_establishments_2025,,,,21450148800016,2025,Collectivité Territoriale,Commune,['Loiret'],['Centre-Val de Loire'],COM,{45},{24}
b0e914bc-6c4f-4666-9642-15cb77a5fbe2,215001900,Commune de Fontenay-sur-Mer (50),false,{50190},Commune,2026-03-24 14:42:01.412377+01,gold_establishments_2025,,,,21500190000012,2025,Collectivité Territoriale,Commune,['Manche'],['Normandie'],COM,{50},{28}
0d250449-9ab4-4ad2-b757-886face179ba,217201367,Commune de Fontenay-sur-Vègre (72),false,{72136},Commune,2026-03-24 14:42:08.279287+01,gold_establishments_2025,,,,21720136700018,2025,Collectivité Territoriale,Commune,['Sarthe'],['Pays de la Loire'],COM,{72},{52}
9d885fc3-4a3d-45d4-b784-81364a779d30,210203055,Commune de Fontenelle (02),false,{02324},Commune,2026-03-24 14:41:52.020251+01,gold_establishments_2025,,,,21020305500012,2025,Collectivité Territoriale,Commune,['Aisne'],['Hauts-de-France'],COM,{02},{32}
1a665276-a7d7-4e13-8d25-3d79184ba442,212102818,Commune de Fontenelle (21),false,{21281},Commune,2026-03-24 14:41:55.433389+01,gold_establishments_2025,,,,21210281800011,2025,Collectivité Territoriale,Commune,"[""Côte-d'Or""]",['Bourgogne-Franche-Comté'],COM,{21},{27}
7965b4b8-b595-410b-ba21-69d285194b5e,219000486,Commune de Fontenelle (90),false,{90048},Commune,2026-03-24 14:42:11.659493+01,gold_establishments_2025,,,,21900048600015,2025,Collectivité Territoriale,Commune,['Territoire de Belfort'],['Bourgogne-Franche-Comté'],COM,{90},{27}
d5396f1d-9cbd-4ea9-a4ab-e740d93e061f,212502470,Commune de Fontenelle-Montby (25),false,{25247},Commune,2026-03-24 14:41:56.495197+01,gold_establishments_2025,,,,21250247000017,2025,Collectivité Territoriale,Commune,['Doubs'],['Bourgogne-Franche-Comté'],COM,{25},{27}
4a065136-9169-4510-ad5b-a352efb26335,211701651,Commune de Fontenet (17),false,{17165},Commune,2026-03-24 14:41:54.903238+01,gold_establishments_2025,,,,21170165100013,2025,Collectivité Territoriale,Commune,['Charente-Maritime'],['Nouvelle-Aquitaine'],COM,{17},{75}
d667a652-8ff4-4f1b-a5e9-a328d0ea1f44,211601414,Commune de Fontenille (16),false,{16141},Commune,2026-03-24 14:41:54.362296+01,gold_establishments_2025,,,,21160141400017,2025,Collectivité Territoriale,Commune,['Charente'],['Nouvelle-Aquitaine'],COM,{16},{75}
36621a14-5954-4ecb-9d82-0a315b713f18,217901222,Commune de Fontenille-Saint-Martin-d'Entraigues (79),false,{79122},Commune,2026-03-24 14:42:09.43682+01,gold_establishments_2025,,,,21790122200018,2025,Collectivité Territoriale,Commune,['Deux-Sèvres'],['Nouvelle-Aquitaine'],COM,{79},{75}
90759eb0-91fb-4d4c-b717-3397ee58e27b,213101884,Commune de Fontenilles (31),false,{31188},Commune,2026-03-24 14:41:58.09424+01,gold_establishments_2025,,,,21310188400012,2025,Collectivité Territoriale,Commune,['Haute-Garonne'],['Occitanie'],COM,{31},{76}
d20375db-9a7d-4f96-a963-6a25f0ed7d94,217002427,Commune de Fontenois-la-Ville (70),false,{70242},Commune,2026-03-24 14:42:07.735343+01,gold_establishments_2025,,,,21700242700011,2025,Collectivité Territoriale,Commune,['Haute-Saône'],['Bourgogne-Franche-Comté'],COM,{70},{27}
47744001-225c-4e05-83af-ccc059d4df1f,217002435,Commune de Fontenois-lès-Montbozon (70),false,{70243},Commune,2026-03-24 14:42:07.735343+01,gold_establishments_2025,,,,21700243500014,2025,Collectivité Territoriale,Commune,['Haute-Saône'],['Bourgogne-Franche-Comté'],COM,{70},{27}
d625bd95-d075-4027-8268-0e4ef584fa2e,212502496,Commune de Fontenotte (25),false,{25249},Commune,2026-03-24 14:41:56.495197+01,gold_establishments_2025,,,,21250249600012,2025,Collectivité Territoriale,Commune,['Doubs'],['Bourgogne-Franche-Comté'],COM,{25},{27}
5f966ca6-404f-4f80-8133-544fd79dd330,210203071,Commune de Fontenoy (02),false,{02326},Commune,2026-03-24 14:41:52.020251+01,gold_establishments_2025,,,,21020307100019,2025,Collectivité Territoriale,Commune,['Aisne'],['Hauts-de-France'],COM,{02},{32}
0a486c26-73f8-4fba-a22c-7b38b852245d,218901791,Commune de Fontenoy (89),false,{89179},Commune,2026-03-24 14:42:11.118516+01,gold_establishments_2025,,,,21890179100010,2025,Collectivité Territoriale,Commune,['Yonne'],['Bourgogne-Franche-Comté'],COM,{89},{27}
7188b4f5-3be0-4589-84e2-161d82251ef7,215402017,Commune de Fontenoy-la-Joûte (54),false,{54201},Commune,2026-03-24 14:42:02.957225+01,gold_establishments_2025,,,,21540201700010,2025,Collectivité Territoriale,Commune,['Meurthe-et-Moselle'],['Grand Est'],COM,{54},{44}
cfa99b97-df61-4ba6-a523-c292003fea06,200036390,Commune de Fontenoy-le-Château (88),false,{88176},Commune,2026-03-24 14:42:11.118516+01,gold_establishments_2025,,,,20003639000017,2025,Collectivité Territoriale,Commune,['Vosges'],['Grand Est'],COM,{88},{44}
86fbd2d9-7b6e-4674-9b11-c710708d0ea6,215402025,Commune de Fontenoy-sur-Moselle (54),false,{54202},Commune,2026-03-24 14:42:02.957225+01,gold_establishments_2025,,,,21540202500013,2025,Collectivité Territoriale,Commune,['Meurthe-et-Moselle'],['Grand Est'],COM,{54},{44}
2ad21f00-71dc-45cd-97bd-1ffdb8ebfa2b,213902307,Commune de Fontenu (39),false,{39230},Commune,2026-03-24 14:41:59.705606+01,gold_establishments_2025,,,,21390230700015,2025,Collectivité Territoriale,Commune,['Jura'],['Bourgogne-Franche-Comté'],COM,{39},{27}
4d07218f-268c-48a1-8c8e-12369aed2a4e,215702259,Commune de Fonteny (57),false,{57225},Commune,2026-03-24 14:42:03.701372+01,gold_establishments_2025,,,,21570225900015,2025,Collectivité Territoriale,Commune,['Moselle'],['Grand Est'],COM,{57},{44}
7d44d8dc-92a1-4a1b-89d7-161b2e4a2792,211101498,Commune de Fonters-du-Razès (11),false,{11149},Commune,2026-03-24 14:41:53.63825+01,gold_establishments_2025,,,,21110149800015,2025,Collectivité Territoriale,Commune,['Aude'],['Occitanie'],COM,{11},{76}
99ad63fe-345f-475f-b778-4490f972c4e7,213301708,Commune de Fontet (33),false,{33170},Commune,2026-03-24 14:41:58.620411+01,gold_establishments_2025,,,,21330170800011,2025,Collectivité Territoriale,Commune,['Gironde'],['Nouvelle-Aquitaine'],COM,{33},{75}
08c86eb1-0eff-4398-92e4-c71df9ad93b8,211001482,Commune de Fontette (10),false,{10155},Commune,2026-03-24 14:41:53.095366+01,gold_establishments_2025,,,,21100148200010,2025,Collectivité Territoriale,Commune,['Aube'],['Grand Est'],COM,{10},{44}
353dc76e-c5fd-4671-aba8-f5bcff743d56,214901407,Commune de Fontevraud-l'Abbaye (49),false,{49140},Commune,2026-03-24 14:42:01.412377+01,gold_establishments_2025,,,,21490140700012,2025,Collectivité Territoriale,Commune,['Maine-et-Loire'],['Pays de la Loire'],COM,{49},{52}
bbec7e63-12f3-41ad-a767-547cd148b4ee,213600760,Commune de Fontgombault (36),false,{36076},Commune,2026-03-24 14:41:59.160244+01,gold_establishments_2025,,,,21360076000010,2025,Collectivité Territoriale,Commune,['Indre'],['Centre-Val de Loire'],COM,{36},{24}
89008228-2129-4637-996f-670675701a5d,213600778,Commune de Fontguenand (36),false,{36077},Commune,2026-03-24 14:41:59.160244+01,gold_establishments_2025,,,,21360077800012,2025,Collectivité Territoriale,Commune,['Indre'],['Centre-Val de Loire'],COM,{36},{24}
1d880d26-a590-4f66-addc-54b6a1760852,210400875,Commune de Fontienne (04),false,{04087},Commune,2026-03-24 14:41:52.020251+01,gold_establishments_2025,,,,21040087500014,2025,Collectivité Territoriale,Commune,['Alpes-de-Haute-Provence'],"[""Provence-Alpes-Côte d'Azur""]",COM,{04},{93}
66fa40e1-dc08-4823-93a6-15555517bbc2,211101506,Commune de Fontiers-Cabardès (11),false,{11150},Commune,2026-03-24 14:41:53.63825+01,gold_establishments_2025,,,,21110150600015,2025,Collectivité Territoriale,Commune,['Aude'],['Occitanie'],COM,{11},{76}
a54b02fc-cac1-4198-8f02-f693fdc854c3,200082162,Commune de Fontivillié (79),false,{79064},Commune,2026-03-24 14:42:09.43682+01,gold_establishments_2025,,,,20008216200013,2025,Collectivité Territoriale,Commune,['Deux-Sèvres'],['Nouvelle-Aquitaine'],COM,{79},{75}
8de66af5-6e5c-4ad1-a459-c8977eee435e,211101514,Commune de Fontiès-d'Aude (11),false,{11151},Commune,2026-03-24 14:41:53.63825+01,gold_establishments_2025,,,,21110151400019,2025,Collectivité Territoriale,Commune,['Aude'],['Occitanie'],COM,{11},{76}
dfa289c7-8c32-4ce4-aa27-16805dfc22f2,211101522,Commune de Fontjoncouse (11),false,{11152},Commune,2026-03-24 14:41:53.63825+01,gold_establishments_2025,,,,21110152200012,2025,Collectivité Territoriale,Commune,['Aude'],['Occitanie'],COM,{11},{76}
af42ac42-cd84-418c-9284-af279cb68cc3,215702267,Commune de Fontoy (57),false,{57226},Commune,2026-03-24 14:42:03.701372+01,gold_establishments_2025,,,,21570226700018,2025,Collectivité Territoriale,Commune,['Moselle'],['Grand Est'],COM,{57},{44}
f791da1b-e067-47fa-8dc2-36592c7e41c5,216600809,Commune de Fontpédrouse (66),false,{66080},Commune,2026-03-24 14:42:06.665412+01,gold_establishments_2025,,,,21660080900018,2025,Collectivité Territoriale,Commune,['Pyrénées-Orientales'],['Occitanie'],COM,{66},{76}
8c81bb2f-e8c8-486d-85a7-d56ec2facac2,216600817,Commune de Fontrabiouse (66),false,{66081},Commune,2026-03-24 14:42:06.665412+01,gold_establishments_2025,,,,21660081700011,2025,Collectivité Territoriale,Commune,['Pyrénées-Orientales'],['Occitanie'],COM,{66},{76}
593d934f-8964-4abe-b12c-e0c940ee097d,216501775,Commune de Fontrailles (65),false,{65177},Commune,2026-03-24 14:42:06.665412+01,gold_establishments_2025,,,,21650177500011,2025,Collectivité Territoriale,Commune,['Hautes-Pyrénées'],['Occitanie'],COM,{65},{76}
2a8126b2-afc2-4eda-bce5-1cd081943956,200055895,Commune de Fontrieu (81),false,{81062},Commune,2026-03-24 14:42:09.967209+01,gold_establishments_2025,,,,20005589500011,2025,Collectivité Territoriale,Commune,['Tarn'],['Occitanie'],COM,{81},{76}
db07744a-eb48-4b51-bad4-b3c17714199b,211001490,Commune de Fontvannes (10),false,{10156},Commune,2026-03-24 14:41:53.095366+01,gold_establishments_2025,,,,21100149000013,2025,Collectivité Territoriale,Commune,['Aube'],['Grand Est'],COM,{10},{44}
fd6fbfe5-d01d-44e1-aafb-c8913212fbce,211300389,Commune de Fontvieille (13),false,{13038},Commune,2026-03-24 14:41:53.63825+01,gold_establishments_2025,,,,21130038900015,2025,Collectivité Territoriale,Commune,['Bouches-du-Rhône'],"[""Provence-Alpes-Côte d'Azur""]",COM,{13},{93}
4dd90188-cab7-4d3a-bb84-0d94f52b05f2,213401037,Commune de Fontès (34),false,{34103},Commune,2026-03-24 14:41:58.620411+01,gold_establishments_2025,,,,21340103700014,2025,Collectivité Territoriale,Commune,['Hérault'],['Occitanie'],COM,{34},{76}
9b3466bf-1ac8-4e91-9a27-7026f9008cd3,215702275,Commune de Forbach (57),false,{57227},Commune,2026-03-24 14:42:03.701372+01,gold_establishments_2025,,,,21570227500011,2025,Collectivité Territoriale,Commune,['Moselle'],['Grand Est'],COM,{57},{44}
cebe480d-1cff-4c35-aedd-d3753849febd,218300598,Commune de Forcalqueiret (83),false,{83059},Commune,2026-03-24 14:42:10.508772+01,gold_establishments_2025,,,,21830059800016,2025,Collectivité Territoriale,Commune,['Var'],"[""Provence-Alpes-Côte d'Azur""]",COM,{83},{93}
529ebbcb-1127-419e-8804-839b3cb01ba1,210400883,Commune de Forcalquier (04),false,{04088},Commune,2026-03-24 14:41:52.020251+01,gold_establishments_2025,,,,21040088300018,2025,Collectivité Territoriale,Commune,['Alpes-de-Haute-Provence'],"[""Provence-Alpes-Côte d'Azur""]",COM,{04},{93}
039d7b44-7b2f-4e2d-9449-bb4052d1515d,215402033,Commune de Forcelles-Saint-Gorgon (54),false,{54203},Commune,2026-03-24 14:42:02.957225+01,gold_establishments_2025,,,,21540203300017,2025,Collectivité Territoriale,Commune,['Meurthe-et-Moselle'],['Grand Est'],COM,{54},{44}
23ae9c06-4518-41b5-82fd-2ef4d89d624c,215402041,Commune de Forcelles-sous-Gugney (54),false,{54204},Commune,2026-03-24 14:42:02.957225+01,gold_establishments_2025,,,,21540204100010,2025,Collectivité Territoriale,Commune,['Meurthe-et-Moselle'],['Grand Est'],COM,{54},{44}
d3b8054f-f3d1-4502-8908-ba86ce49ae00,218003150,Commune de Forceville (80),false,{80329},Commune,2026-03-24 14:42:09.967209+01,gold_establishments_2025,,,,21800315000016,2025,Collectivité Territoriale,Commune,['Somme'],['Hauts-de-France'],COM,{80},{32}
31cf4a37-5cfb-4b78-ad23-98274edb7a60,218003168,Commune de Forceville-en-Vimeu (80),false,{80330},Commune,2026-03-24 14:42:09.967209+01,gold_establishments_2025,,,,21800316800018,2025,Collectivité Territoriale,Commune,['Somme'],['Hauts-de-France'],COM,{80},{32}
de67c0d5-dd72-498b-b662-79d362c57c2d,215201476,Commune de Forcey (52),false,{52204},Commune,2026-03-24 14:42:01.954481+01,gold_establishments_2025,,,,21520147600011,2025,Collectivité Territoriale,Commune,['Haute-Marne'],['Grand Est'],COM,{52},{44}
af5b6fc1-9b03-42ac-a53c-9301cd1d7424,212001176,Commune de Forciolo (2A),false,{2A117},Commune,2026-03-24 14:41:57.56054+01,gold_establishments_2025,,,,21200117600016,2025,Collectivité Territoriale,Commune,['Corse-du-Sud'],['Corse'],COM,{2A},{94}
dcb3fc0a-99cb-4ff8-9f70-f1a8778093af,215300997,Commune de Forcé (53),false,{53099},Commune,2026-03-24 14:42:02.957225+01,gold_establishments_2025,,,,21530099700057,2025,Collectivité Territoriale,Commune,['Mayenne'],['Pays de la Loire'],COM,{53},{52}
2af65853-a1a8-40ef-a858-72a3e9aa72eb,218003184,Commune de Forest-Montiers (80),false,{80332},Commune,2026-03-24 14:42:09.967209+01,gold_establishments_2025,,,,21800318400015,2025,Collectivité Territoriale,Commune,['Somme'],['Hauts-de-France'],COM,{80},{32}
42373606-3ed2-49de-8d8b-c65e785ff7ff,210500567,Commune de Forest-Saint-Julien (05),false,{05056},Commune,2026-03-24 14:41:52.562531+01,gold_establishments_2025,,,,21050056700016,2025,Collectivité Territoriale,Commune,['Hautes-Alpes'],"[""Provence-Alpes-Côte d'Azur""]",COM,{05},{93}
6bdfe2dc-7347-4ee1-bc73-4c5bb91f20f3,215902461,Commune de Forest-en-Cambrésis (59),false,{59246},Commune,2026-03-24 14:42:04.280096+01,gold_establishments_2025,,,,21590246100015,2025,Collectivité Territoriale,Commune,['Nord'],['Hauts-de-France'],COM,{59},{32}
e47443d0-729d-40fa-81dc-766a75b843eb,218003176,Commune de Forest-l'Abbaye (80),false,{80331},Commune,2026-03-24 14:42:09.967209+01,gold_establishments_2025,,,,21800317600011,2025,Collectivité Territoriale,Commune,['Somme'],['Hauts-de-France'],COM,{80},{32}
51ef7dea-8b28-4593-9ec3-f4875398be87,215902479,Commune de Forest-sur-Marque (59),false,{59247},Commune,2026-03-24 14:42:04.280096+01,gold_establishments_2025,,,,21590247900017,2025,Collectivité Territoriale,Commune,['Nord'],['Hauts-de-France'],COM,{59},{32}
9e80d5fe-79d7-4cf4-ab89-b7deb23386c6,210203089,Commune de Foreste (02),false,{02327},Commune,2026-03-24 14:41:52.020251+01,gold_establishments_2025,,,,21020308900011,2025,Collectivité Territoriale,Commune,['Aisne'],['Hauts-de-France'],COM,{02},{32}
56f97e55-c76b-4b1b-be4b-75cc8ada8a93,217701937,Commune de Forfry (77),false,{77193},Commune,2026-03-24 14:42:09.43682+01,gold_establishments_2025,,,,21770193700013,2025,Collectivité Territoriale,Commune,['Seine-et-Marne'],['Île-de-France'],COM,{77},{11}
07bf2def-0fed-4bb2-b265-15483553437c,211701669,Commune de Forges (17),false,{17166},Commune,2026-03-24 14:41:54.903238+01,gold_establishments_2025,,,,21170166900015,2025,Collectivité Territoriale,Commune,['Charente-Maritime'],['Nouvelle-Aquitaine'],COM,{17},{75}
1d3a6f07-2030-4e27-b723-d06a79c76321,217701945,Commune de Forges (77),false,{77194},Commune,2026-03-24 14:42:09.43682+01,gold_establishments_2025,,,,21770194500016,2025,Collectivité Territoriale,Commune,['Seine-et-Marne'],['Île-de-France'],COM,{77},{11}
0efcbd92-9432-4af9-81cf-3354c9d1323d,200087153,Commune de Forges de Lanouée (56),false,{56102},Commune,2026-03-24 14:42:03.701372+01,gold_establishments_2025,,,,20008715300017,2025,Collectivité Territoriale,Commune,['Morbihan'],['Bretagne'],COM,{56},{53}
d03db13c-fcf7-40fd-b80f-619abcc76bc9,213501141,Commune de Forges-la-Forêt (35),false,{35114},Commune,2026-03-24 14:41:58.620411+01,gold_establishments_2025,,,,21350114100013,2025,Collectivité Territoriale,Commune,['Ille-et-Vilaine'],['Bretagne'],COM,{35},{53}
184a5f84-4557-4673-bdda-47ebed07e45b,219102498,Commune de Forges-les-Bains (91),false,{91249},Commune,2026-03-24 14:42:11.659493+01,gold_establishments_2025,,,,21910249800017,2025,Collectivité Territoriale,Commune,['Essonne'],['Île-de-France'],COM,{91},{11}
a1eb5498-a19f-484d-9d0f-975a245cfb83,200054674,Commune de Forges-les-Eaux (76),false,{76276},Commune,2026-03-24 14:42:08.818969+01,gold_establishments_2025,,,,20005467400011,2025,Collectivité Territoriale,Commune,['Seine-Maritime'],['Normandie'],COM,{76},{28}
50132f10-0f7a-46a9-b88e-a5019faf2608,215501933,Commune de Forges-sur-Meuse (55),false,{55193},Commune,2026-03-24 14:42:02.957225+01,gold_establishments_2025,,,,21550193300018,2025,Collectivité Territoriale,Commune,['Meuse'],['Grand Est'],COM,{55},{44}
b0e5da1a-46eb-4257-a980-b3917e97f0cd,213101892,Commune de Forgues (31),false,{31189},Commune,2026-03-24 14:41:58.09424+01,gold_establishments_2025,,,,21310189200015,2025,Collectivité Territoriale,Commune,['Haute-Garonne'],['Occitanie'],COM,{31},{76}
f78f66a1-1dda-4d0f-bc2b-4c2f9cf7ac62,211908405,Commune de Forgès (19),false,{19084},Commune,2026-03-24 14:41:54.903238+01,gold_establishments_2025,,,,21190840500015,2025,Collectivité Territoriale,Commune,['Corrèze'],['Nouvelle-Aquitaine'],COM,{19},{75}
b313ad92-be5d-4fc0-adae-03a8f29b287f,212102826,Commune de Forléans (21),false,{21282},Commune,2026-03-24 14:41:55.433389+01,gold_establishments_2025,,,,21210282600014,2025,Collectivité Territoriale,Commune,"[""Côte-d'Or""]",['Bourgogne-Franche-Comté'],COM,{21},{27}
00fc8c72-15dc-4302-aa88-5d03ca76e1f3,211402805,Commune de Formentin (14),false,{14280},Commune,2026-03-24 14:41:54.362296+01,gold_establishments_2025,,,,21140280500017,2025,Collectivité Territoriale,Commune,['Calvados'],['Normandie'],COM,{14},{28}
d38c536b-958d-4c67-acae-5cf9f3c70674,200083467,Commune de Formerie (60),false,{60245},Commune,2026-03-24 14:42:04.814328+01,gold_establishments_2025,,,,20008346700015,2025,Collectivité Territoriale,Commune,['Oise'],['Hauts-de-France'],COM,{60},{32}
e92ec8c6-8236-4ca2-b737-88c281504a46,200064913,Commune de Formigny La Bataille (14),false,{14281},Commune,2026-03-24 14:41:54.362296+01,gold_establishments_2025,,,,20006491300011,2025,Collectivité Territoriale,Commune,['Calvados'],['Normandie'],COM,{14},{28}
9a108695-0995-4304-a640-b2350ade8fa2,216600825,Commune de Formiguères (66),false,{66082},Commune,2026-03-24 14:42:06.665412+01,gold_establishments_2025,,,,21660082500014,2025,Collectivité Territoriale,Commune,['Pyrénées-Orientales'],['Occitanie'],COM,{66},{76}
7b8222fc-3038-4a94-b0f8-f2d73fd5a012,210901237,Commune de Fornex (09),false,{09123},Commune,2026-03-24 14:41:53.095366+01,gold_establishments_2025,,,,21090123700011,2025,Collectivité Territoriale,Commune,['Ariège'],['Occitanie'],COM,{09},{76}
eb4d6bbd-ae6c-4f7d-b297-0132233da126,217901255,Commune de Fors (79),false,{79125},Commune,2026-03-24 14:42:09.43682+01,gold_establishments_2025,,,,21790125500018,2025,Collectivité Territoriale,Commune,['Deux-Sèvres'],['Nouvelle-Aquitaine'],COM,{79},{75}
0f49d803-4b20-4cff-b2b9-ae9fa5312504,216701409,Commune de Forstfeld (67),false,{67140},Commune,2026-03-24 14:42:07.195692+01,gold_establishments_2025,,,,21670140900015,2025,Collectivité Territoriale,Commune,['Bas-Rhin'],['Grand Est'],COM,{67},{44}
7b4301f6-758a-40d9-b5ea-0e00d80d0921,216701417,Commune de Forstheim (67),false,{67141},Commune,2026-03-24 14:42:07.195692+01,gold_establishments_2025,,,,21670141700018,2025,Collectivité Territoriale,Commune,['Bas-Rhin'],['Grand Est'],COM,{67},{44}
66443a57-7358-4975-9ed2-11b88f1e0980,216701425,Commune de Fort-Louis (67),false,{67142},Commune,2026-03-24 14:42:07.195692+01,gold_establishments_2025,,,,21670142500011,2025,Collectivité Territoriale,Commune,['Bas-Rhin'],['Grand Est'],COM,{67},{44}
1faf5cb7-646b-4677-8266-f176775fa42b,218003192,Commune de Fort-Mahon-Plage (80),false,{80333},Commune,2026-03-24 14:42:09.967209+01,gold_establishments_2025,,,,21800319200018,2025,Collectivité Territoriale,Commune,['Somme'],['Hauts-de-France'],COM,{80},{32}
9baf09d0-fece-4104-aff9-528208acc78a,212702583,Commune de Fort-Moville (27),false,{27258},Commune,2026-03-24 14:41:57.028721+01,gold_establishments_2025,,,,21270258300015,2025,Collectivité Territoriale,Commune,['Eure'],['Normandie'],COM,{27},{28}
46338cde-1270-4c2a-9b87-e53b834c6867,219722097,Commune de Fort-de-France (972),false,{97209},Commune,2026-03-24 14:42:11.659493+01,gold_establishments_2025,,,,21972209700017,2025,Collectivité Territoriale,Commune,['Martinique'],['Martinique'],COM,{972},{02}
8f1cf1a7-5b2c-476b-bc53-e5b642ff64db,213902323,Commune de Fort-du-Plasne (39),false,{39232},Commune,2026-03-24 14:41:59.705606+01,gold_establishments_2025,,,,21390232300012,2025,Collectivité Territoriale,Commune,['Jura'],['Bourgogne-Franche-Comté'],COM,{39},{27}
042558dc-c412-490c-8cee-2b7dbb5d6541,214100901,Commune de Fortan (41),false,{41090},Commune,2026-03-24 14:42:00.273698+01,gold_establishments_2025,,,,21410090100013,2025,Collectivité Territoriale,Commune,['Loir-et-Cher'],['Centre-Val de Loire'],COM,{41},{24}
9663738e-f137-45ed-a3d6-bcf660ce25db,216203463,Commune de Fortel-en-Artois (62),false,{62346},Commune,2026-03-24 14:42:05.597325+01,gold_establishments_2025,,,,21620346300015,2025,Collectivité Territoriale,Commune,['Pas-de-Calais'],['Hauts-de-France'],COM,{62},{32}
5d1704da-c3d8-4112-9fd1-fbe0aa9fd1f7,216800953,Commune de Fortschwihr (68),false,{68095},Commune,2026-03-24 14:42:07.195692+01,gold_establishments_2025,,,,21680095300012,2025,Collectivité Territoriale,Commune,['Haut-Rhin'],['Grand Est'],COM,{68},{44}
95510004-6a2c-46f8-b3d8-0bd8b58cfc41,213101900,Commune de Fos (31),false,{31190},Commune,2026-03-24 14:41:58.09424+01,gold_establishments_2025,,,,21310190000016,2025,Collectivité Territoriale,Commune,['Haute-Garonne'],['Occitanie'],COM,{31},{76}
25a0c050-6166-4117-9174-4dee8c8bce75,213401045,Commune de Fos (34),false,{34104},Commune,2026-03-24 14:41:58.620411+01,gold_establishments_2025,,,,21340104500017,2025,Collectivité Territoriale,Commune,['Hérault'],['Occitanie'],COM,{34},{76}
5dee5efe-70ef-4fc4-8854-6570ee3ac69b,211300397,Commune de Fos-sur-Mer (13),false,{13039},Commune,2026-03-24 14:41:53.63825+01,gold_establishments_2025,,,,21130039700018,2025,Collectivité Territoriale,Commune,['Bouches-du-Rhône'],"[""Provence-Alpes-Côte d'Azur""]",COM,{13},{93}
9f90247a-00eb-4fe4-a697-d22cb49f61d6,216600833,Commune de Fosse (66),false,{66083},Commune,2026-03-24 14:42:06.665412+01,gold_establishments_2025,,,,21660083300018,2025,Collectivité Territoriale,Commune,['Pyrénées-Orientales'],['Occitanie'],COM,{66},{76}
a64d2d7a-47ae-459c-934e-2712c143e8c6,212401889,Commune de Fossemagne (24),false,{24188},Commune,2026-03-24 14:41:55.958138+01,gold_establishments_2025,,,,21240188900010,2025,Collectivité Territoriale,Commune,['Dordogne'],['Nouvelle-Aquitaine'],COM,{24},{75}
24a90e02-bdce-45c7-bacc-a25b0cc1de13,218003200,Commune de Fossemanant (80),false,{80334},Commune,2026-03-24 14:42:09.967209+01,gold_establishments_2025,,,,21800320000019,2025,Collectivité Territoriale,Commune,['Somme'],['Hauts-de-France'],COM,{80},{32}
e0274601-a2dd-4485-9fc2-9692018f11f5,219502507,Commune de Fosses (95),false,{95250},Commune,2026-03-24 14:42:11.659493+01,gold_establishments_2025,,,,21950250700128,2025,Collectivité Territoriale,Commune,"[""Val-d'Oise""]",['Île-de-France'],COM,{95},{11}
b9387e3b-04cd-40a7-9150-78abdedf8631,216203471,Commune de Fosseux (62),false,{62347},Commune,2026-03-24 14:42:05.597325+01,gold_establishments_2025,,,,21620347100018,2025,Collectivité Territoriale,Commune,['Pas-de-Calais'],['Hauts-de-France'],COM,{62},{32}
8cb9472f-7aa1-489c-8963-90fbd381781b,215702283,Commune de Fossieux (57),false,{57228},Commune,2026-03-24 14:42:03.701372+01,gold_establishments_2025,,,,21570228300015,2025,Collectivité Territoriale,Commune,['Moselle'],['Grand Est'],COM,{57},{44}
cd0f48ad-fb31-4fc2-b392-8e93880aeb7a,210203097,Commune de Fossoy (02),false,{02328},Commune,2026-03-24 14:41:52.020251+01,gold_establishments_2025,,,,21020309700014,2025,Collectivité Territoriale,Commune,['Aisne'],['Hauts-de-France'],COM,{02},{32}
5d7bf4cc-7ba3-4ce0-ace0-3cc773d6f3f4,213301716,Commune de Fossès-et-Baleyssac (33),false,{33171},Commune,2026-03-24 14:41:58.620411+01,gold_establishments_2025,,,,21330171600014,2025,Collectivité Territoriale,Commune,['Gironde'],['Nouvelle-Aquitaine'],COM,{33},{75}
8e3309a3-fb46-422c-a06d-c55c560a52d2,210801619,Commune de Fossé (08),false,{08176},Commune,2026-03-24 14:41:52.562531+01,gold_establishments_2025,,,,21080161900011,2025,Collectivité Territoriale,Commune,['Ardennes'],['Grand Est'],COM,{08},{44}
bdf413cb-d073-4476-81c7-6f152da04dde,214100919,Commune de Fossé (41),false,{41091},Commune,2026-03-24 14:42:00.273698+01,gold_establishments_2025,,,,21410091900015,2025,Collectivité Territoriale,Commune,['Loir-et-Cher'],['Centre-Val de Loire'],COM,{41},{24}
d5cc95fb-9d72-4018-897f-235c2d0a84db,217602788,Commune de Foucarmont (76),false,{76278},Commune,2026-03-24 14:42:08.818969+01,gold_establishments_2025,,,,21760278800010,2025,Collectivité Territoriale,Commune,['Seine-Maritime'],['Normandie'],COM,{76},{28}
dbabc568-539d-4b9c-8598-efc8b6a0c02f,217602796,Commune de Foucart (76),false,{76279},Commune,2026-03-24 14:42:08.818969+01,gold_establishments_2025,,,,21760279600013,2025,Collectivité Territoriale,Commune,['Seine-Maritime'],['Normandie'],COM,{76},{28}
5bb9cf8f-e97a-4433-8622-8c98c557d4af,218003226,Commune de Foucaucourt-Hors-Nesle (80),false,{80336},Commune,2026-03-24 14:42:09.967209+01,gold_establishments_2025,,,,21800322600014,2025,Collectivité Territoriale,Commune,['Somme'],['Hauts-de-France'],COM,{80},{32}
d047bbd2-e491-4d64-8cdc-847fe2ed66ce,218003218,Commune de Foucaucourt-en-Santerre (80),false,{80335},Commune,2026-03-24 14:42:09.967209+01,gold_establishments_2025,,,,21800321800011,2025,Collectivité Territoriale,Commune,['Somme'],['Hauts-de-France'],COM,{80},{32}
007ce250-2f29-4416-8930-58badc8bc628,215501941,Commune de Foucaucourt-sur-Thabas (55),false,{55194},Commune,2026-03-24 14:42:02.957225+01,gold_establishments_2025,,,,21550194100011,2025,Collectivité Territoriale,Commune,['Meuse'],['Grand Est'],COM,{55},{44}
12d9ae44-67e3-456c-aeb8-6623fa0c8fe5,213902331,Commune de Foucherans (39),false,{39233},Commune,2026-03-24 14:41:59.705606+01,gold_establishments_2025,,,,21390233100015,2025,Collectivité Territoriale,Commune,['Jura'],['Bourgogne-Franche-Comté'],COM,{39},{27}
0dc1ac2a-c4f8-45e8-863b-68be253162f7,214501496,Commune de Foucherolles (45),false,{45149},Commune,2026-03-24 14:42:00.862623+01,gold_establishments_2025,,,,21450149600019,2025,Collectivité Territoriale,Commune,['Loiret'],['Centre-Val de Loire'],COM,{45},{24}
849a47de-5b6f-4e99-bd85-612535ce6af7,216701433,Commune de Fouchy (67),false,{67143},Commune,2026-03-24 14:42:07.195692+01,gold_establishments_2025,,,,21670143300015,2025,Collectivité Territoriale,Commune,['Bas-Rhin'],['Grand Est'],COM,{67},{44}
420fa6f9-3b09-4102-acc4-f2f72f97666c,211001516,Commune de Fouchères (10),false,{10158},Commune,2026-03-24 14:41:53.095366+01,gold_establishments_2025,,,,21100151600015,2025,Collectivité Territoriale,Commune,['Aube'],['Grand Est'],COM,{10},{44}
71361a63-241a-411d-a45d-708aa3777845,218901809,Commune de Fouchères (89),false,{89180},Commune,2026-03-24 14:42:11.118516+01,gold_establishments_2025,,,,21890180900010,2025,Collectivité Territoriale,Commune,['Yonne'],['Bourgogne-Franche-Comté'],COM,{89},{27}
586d4eaf-4c79-4957-a719-951fbdf4a450,215501958,Commune de Fouchères-aux-Bois (55),false,{55195},Commune,2026-03-24 14:42:02.957225+01,gold_establishments_2025,,,,21550195800015,2025,Collectivité Territoriale,Commune,['Meuse'],['Grand Est'],COM,{55},{44}
c7545e5d-21bc-4a87-876c-566033ade63e,217002443,Commune de Fouchécourt (70),false,{70244},Commune,2026-03-24 14:42:07.735343+01,gold_establishments_2025,,,,21700244300018,2025,Collectivité Territoriale,Commune,['Haute-Saône'],['Bourgogne-Franche-Comté'],COM,{70},{27}
e5a9bcae-7559-4793-8aed-ee51dbff3463,218801793,Commune de Fouchécourt (88),false,{88179},Commune,2026-03-24 14:42:11.118516+01,gold_establishments_2025,,,,21880179300017,2025,Collectivité Territoriale,Commune,['Vosges'],['Grand Est'],COM,{88},{44}
c27f7a29-5803-43a6-9e36-319b1dea8fd7,212702591,Commune de Foucrainville (27),false,{27259},Commune,2026-03-24 14:41:57.028721+01,gold_establishments_2025,,,,21270259100018,2025,Collectivité Territoriale,Commune,['Eure'],['Normandie'],COM,{27},{28}
54b5eb4e-1b69-444e-a910-2bab1b5578ee,216701441,Commune de Fouday (67),false,{67144},Commune,2026-03-24 14:42:07.195692+01,gold_establishments_2025,,,,21670144100018,2025,Collectivité Territoriale,Commune,['Bas-Rhin'],['Grand Est'],COM,{67},{44}
c1fcb0db-5b27-4e73-abc0-bc7847ed393f,218003234,Commune de Fouencamps (80),false,{80337},Commune,2026-03-24 14:42:09.967209+01,gold_establishments_2025,,,,21800323400018,2025,Collectivité Territoriale,Commune,['Somme'],['Hauts-de-France'],COM,{80},{32}
6b3d8f3c-d883-41bf-979a-406f9eb3f9cc,212900583,Commune de Fouesnant (29),false,{29058},Commune,2026-03-24 14:41:57.028721+01,gold_establishments_2025,,,,21290058300015,2025,Collectivité Territoriale,Commune,['Finistère'],['Bretagne'],COM,{29},{53}
17713ca8-d9be-4d2a-87c4-b024df6adb5a,216203489,Commune de Foufflin-Ricametz (62),false,{62348},Commune,2026-03-24 14:42:05.597325+01,gold_establishments_2025,,,,21620348900010,2025,Collectivité Territoriale,Commune,['Pas-de-Calais'],['Hauts-de-France'],COM,{62},{32}
1e7e7ad2-1329-4fd6-85b8-47088af686e8,215402058,Commune de Foug (54),false,{54205},Commune,2026-03-24 14:42:02.957225+01,gold_establishments_2025,,,,21540205800014,2025,Collectivité Territoriale,Commune,['Meurthe-et-Moselle'],['Grand Est'],COM,{54},{44}
275ebd2c-488f-492b-838c-2208e979e7f3,213101918,Commune de Fougaron (31),false,{31191},Commune,2026-03-24 14:41:58.09424+01,gold_establishments_2025,,,,21310191800018,2025,Collectivité Territoriale,Commune,['Haute-Garonne'],['Occitanie'],COM,{31},{76}
63bdfabb-1691-47cf-8698-8171b4eb79ce,210901252,Commune de Fougax-et-Barrineuf (09),false,{09125},Commune,2026-03-24 14:41:53.095366+01,gold_establishments_2025,,,,21090125200010,2025,Collectivité Territoriale,Commune,['Ariège'],['Occitanie'],COM,{09},{76}
dacef36d-68f4-4f54-9cec-0b6dd80bb0d3,213600786,Commune de Fougerolles (36),false,{36078},Commune,2026-03-24 14:41:59.160244+01,gold_establishments_2025,,,,21360078600015,2025,Collectivité Territoriale,Commune,['Indre'],['Centre-Val de Loire'],COM,{36},{24}
d9680e59-52fe-40ad-9012-eafcdc34c2e3,200082634,Commune de Fougerolles-Saint-Valbert (70),false,{70245},Commune,2026-03-24 14:42:07.735343+01,gold_establishments_2025,,,,20008263400011,2025,Collectivité Territoriale,Commune,['Haute-Saône'],['Bourgogne-Franche-Comté'],COM,{70},{27}
cffc10da-92c0-4b10-8d11-5e92b22602a2,215301003,Commune de Fougerolles-du-Plessis (53),false,{53100},Commune,2026-03-24 14:42:02.957225+01,gold_establishments_2025,,,,21530100300012,2025,Collectivité Territoriale,Commune,['Mayenne'],['Pays de la Loire'],COM,{53},{52}
8213953b-2b6a-4277-a4e5-7d837c76ff11,218500932,Commune de Fougeré (85),false,{85093},Commune,2026-03-24 14:42:10.508772+01,gold_establishments_2025,,,,21850093200015,2025,Collectivité Territoriale,Commune,['Vendée'],['Pays de la Loire'],COM,{85},{52}
92b66fae-00fe-41e0-ac30-cf7c97b26905,212401897,Commune de Fougueyrolles (24),false,{24189},Commune,2026-03-24 14:41:55.958138+01,gold_establishments_2025,,,,21240189700013,2025,Collectivité Territoriale,Commune,['Dordogne'],['Nouvelle-Aquitaine'],COM,{24},{75}
b456ba56-7342-4023-8670-ce6abb981e01,213501158,Commune de Fougères (35),false,{35115},Commune,2026-03-24 14:41:58.620411+01,gold_establishments_2025,,,,21350115800017,2025,Collectivité Territoriale,Commune,['Ille-et-Vilaine'],['Bretagne'],COM,{35},{53}
328fe4a0-d537-43fc-8ffe-7139a966e7d4,216002451,Commune de Fouilleuse (60),false,{60247},Commune,2026-03-24 14:42:04.814328+01,gold_establishments_2025,,,,21600245100013,2025,Collectivité Territoriale,Commune,['Oise'],['Hauts-de-France'],COM,{60},{32}
ad29de7d-7546-40a2-a7a0-c51198c1aab2,210500575,Commune de Fouillouse (05),false,{05057},Commune,2026-03-24 14:41:52.562531+01,gold_establishments_2025,,,,21050057500019,2025,Collectivité Territoriale,Commune,['Hautes-Alpes'],"[""Provence-Alpes-Côte d'Azur""]",COM,{05},{93}
68faa647-af36-4091-b59a-065fd13411bb,216002469,Commune de Fouilloy (60),false,{60248},Commune,2026-03-24 14:42:04.814328+01,gold_establishments_2025,,,,21600246900015,2025,Collectivité Territoriale,Commune,['Oise'],['Hauts-de-France'],COM,{60},{32}
064ea251-f13a-4135-b9bf-f6baea3b0ef7,218003242,Commune de Fouilloy (80),false,{80338},Commune,2026-03-24 14:42:09.967209+01,gold_establishments_2025,,,,21800324200011,2025,Collectivité Territoriale,Commune,['Somme'],['Hauts-de-France'],COM,{80},{32}
f7777944-a153-4b99-9a8a-c08e16e66086,217701952,Commune de Fouju (77),false,{77195},Commune,2026-03-24 14:42:09.43682+01,gold_establishments_2025,,,,21770195200012,2025,Collectivité Territoriale,Commune,['Seine-et-Marne'],['Île-de-France'],COM,{77},{11}
79bbe550-e7de-4838-ac07-4486b3f7d367,215201484,Commune de Foulain (52),false,{52205},Commune,2026-03-24 14:42:01.954481+01,gold_establishments_2025,,,,21520148400015,2025,Collectivité Territoriale,Commune,['Haute-Marne'],['Grand Est'],COM,{52},{44}
15e2497d-1def-4140-bdb5-70280ff10699,216002477,Commune de Foulangues (60),false,{60249},Commune,2026-03-24 14:42:04.814328+01,gold_establishments_2025,,,,21600247700018,2025,Collectivité Territoriale,Commune,['Oise'],['Hauts-de-France'],COM,{60},{32}
0af3a6d8-6681-40e4-8862-f9499bb70db8,214701005,Commune de Foulayronnes (47),false,{47100},Commune,2026-03-24 14:42:00.862623+01,gold_establishments_2025,,,,21470100500016,2025,Collectivité Territoriale,Commune,['Lot-et-Garonne'],['Nouvelle-Aquitaine'],COM,{47},{75}
94bb5fbc-30de-4b21-8275-5663f580a001,212702609,Commune de Foulbec (27),false,{27260},Commune,2026-03-24 14:41:57.028721+01,gold_establishments_2025,,,,21270260900018,2025,Collectivité Territoriale,Commune,['Eure'],['Normandie'],COM,{27},{28}
dd977f23-9e18-4c45-812d-8c23fb89b9c4,215702291,Commune de Foulcrey (57),false,{57229},Commune,2026-03-24 14:42:03.701372+01,gold_establishments_2025,,,,21570229100018,2025,Collectivité Territoriale,Commune,['Moselle'],['Grand Est'],COM,{57},{44}
2bb8fe98-9c23-40ae-b997-87b3bafc6248,212401905,Commune de Fouleix (24),false,{24190},Commune,2026-03-24 14:41:55.958138+01,gold_establishments_2025,,,,21240190500014,2025,Collectivité Territoriale,Commune,['Dordogne'],['Nouvelle-Aquitaine'],COM,{24},{75}
852d466d-6f07-48a1-bded-ec06c171c0f7,213902349,Commune de Foulenay (39),false,{39234},Commune,2026-03-24 14:41:59.705606+01,gold_establishments_2025,,,,21390234900017,2025,Collectivité Territoriale,Commune,['Jura'],['Bourgogne-Franche-Comté'],COM,{39},{27}
3858119b-6862-467b-862d-3a7f8ecd248f,215702309,Commune de Fouligny (57),false,{57230},Commune,2026-03-24 14:42:03.701372+01,gold_establishments_2025,,,,21570230900018,2025,Collectivité Territoriale,Commune,['Moselle'],['Grand Est'],COM,{57},{44}
f43cb92b-2197-40cc-9037-846ad6b5d0d0,211402821,Commune de Foulognes (14),false,{14282},Commune,2026-03-24 14:41:54.362296+01,gold_establishments_2025,,,,21140282100014,2025,Collectivité Territoriale,Commune,['Calvados'],['Normandie'],COM,{14},{28}
0daa3fbe-9a0c-4265-a5e3-51e3b318832c,211601430,Commune de Fouquebrune (16),false,{16143},Commune,2026-03-24 14:41:54.362296+01,gold_establishments_2025,,,,21160143000013,2025,Collectivité Territoriale,Commune,['Charente'],['Nouvelle-Aquitaine'],COM,{16},{75}
a3482a24-4483-49fc-9faa-403534434235,216002485,Commune de Fouquenies (60),false,{60250},Commune,2026-03-24 14:42:04.814328+01,gold_establishments_2025,,,,21600248500011,2025,Collectivité Territoriale,Commune,['Oise'],['Hauts-de-France'],COM,{60},{32}
7c9e340f-9b91-4cb5-806e-24f69c01fce9,216203497,Commune de Fouquereuil (62),false,{62349},Commune,2026-03-24 14:42:05.597325+01,gold_establishments_2025,,,,21620349700013,2025,Collectivité Territoriale,Commune,['Pas-de-Calais'],['Hauts-de-France'],COM,{62},{32}
3b7569af-722a-403d-b19c-470188749468,216002493,Commune de Fouquerolles (60),false,{60251},Commune,2026-03-24 14:42:04.814328+01,gold_establishments_2025,,,,21600249300015,2025,Collectivité Territoriale,Commune,['Oise'],['Hauts-de-France'],COM,{60},{32}
86db9d08-3f79-4df9-8eea-3e7a8c297637,218003259,Commune de Fouquescourt (80),false,{80339},Commune,2026-03-24 14:42:09.967209+01,gold_establishments_2025,,,,21800325900015,2025,Collectivité Territoriale,Commune,['Somme'],['Hauts-de-France'],COM,{80},{32}
c77f817b-7c40-4bdd-89fe-28ceffce9002,211601448,Commune de Fouqueure (16),false,{16144},Commune,2026-03-24 14:41:54.362296+01,gold_establishments_2025,,,,21160144800031,2025,Collectivité Territoriale,Commune,['Charente'],['Nouvelle-Aquitaine'],COM,{16},{75}
af1f6036-e2aa-4cb7-b273-9befc9268bf7,212702617,Commune de Fouqueville (27),false,{27261},Commune,2026-03-24 14:41:57.028721+01,gold_establishments_2025,,,,21270261700011,2025,Collectivité Territoriale,Commune,['Eure'],['Normandie'],COM,{27},{28}
0ec23290-795d-4d7c-8e17-3be1431e1070,216203505,Commune de Fouquières-lès-Béthune (62),false,{62350},Commune,2026-03-24 14:42:05.597325+01,gold_establishments_2025,,,,21620350500013,2025,Collectivité Territoriale,Commune,['Pas-de-Calais'],['Hauts-de-France'],COM,{62},{32}
bd206ce8-f2da-4966-ab7d-19226cefa232,216203513,Commune de Fouquières-lès-Lens (62),false,{62351},Commune,2026-03-24 14:42:05.597325+01,gold_establishments_2025,,,,21620351300017,2025,Collectivité Territoriale,Commune,['Pas-de-Calais'],['Hauts-de-France'],COM,{62},{32}
285289b5-9d83-47ef-8811-6cc9a783a88c,213801723,Commune de Four (38),false,{38172},Commune,2026-03-24 14:41:59.160244+01,gold_establishments_2025,,,,21380172300015,2025,Collectivité Territoriale,Commune,['Isère'],['Auvergne-Rhône-Alpes'],COM,{38},{84}
faf073f8-c1b0-49ff-b219-b489e81c5668,211701685,Commune de Fouras (17),false,{17168},Commune,2026-03-24 14:41:54.903238+01,gold_establishments_2025,,,,21170168500011,2025,Collectivité Territoriale,Commune,['Charente-Maritime'],['Nouvelle-Aquitaine'],COM,{17},{75}
5796b4c3-636d-414d-9ff0-444bb7e56f77,212502512,Commune de Fourbanne (25),false,{25251},Commune,2026-03-24 14:41:56.495197+01,gold_establishments_2025,,,,21250251200016,2025,Collectivité Territoriale,Commune,['Doubs'],['Bourgogne-Franche-Comté'],COM,{25},{27}
c9a3ba95-acdb-47c4-803b-2e96959875e6,212502520,Commune de Fourcatier-et-Maison-Neuve (25),false,{25252},Commune,2026-03-24 14:41:56.495197+01,gold_establishments_2025,,,,21250252000019,2025,Collectivité Territoriale,Commune,['Doubs'],['Bourgogne-Franche-Comté'],COM,{25},{27}
34d073b3-3c20-48d8-9613-946ce3c02264,215801176,Commune de Fourchambault (58),false,{58117},Commune,2026-03-24 14:42:04.280096+01,gold_establishments_2025,,,,21580117600011,2025,Collectivité Territoriale,Commune,['Nièvre'],['Bourgogne-Franche-Comté'],COM,{58},{27}
df3e753e-42bf-4848-9158-a5a03aeb8e31,211402839,Commune de Fourches (14),false,{14283},Commune,2026-03-24 14:41:54.362296+01,gold_establishments_2025,,,,21140283900016,2025,Collectivité Territoriale,Commune,['Calvados'],['Normandie'],COM,{14},{28}
73b51972-49c0-4ede-8f9f-21bb4d72c9bb,218003267,Commune de Fourcigny (80),false,{80340},Commune,2026-03-24 14:42:09.967209+01,gold_establishments_2025,,,,21800326700018,2025,Collectivité Territoriale,Commune,['Somme'],['Hauts-de-France'],COM,{80},{32}
8b1abbb2-47a3-4bc7-9ef1-d1185c8ed0a3,213201338,Commune de Fourcès (32),false,{32133},Commune,2026-03-24 14:41:58.09424+01,gold_establishments_2025,,,,21320133800018,2025,Collectivité Territoriale,Commune,['Gers'],['Occitanie'],COM,{32},{76}
f3dd44ba-a0a3-4d09-ad49-b46c3b345a38,210203105,Commune de Fourdrain (02),false,{02329},Commune,2026-03-24 14:41:52.020251+01,gold_establishments_2025,,,,21020310500015,2025,Collectivité Territoriale,Commune,['Aisne'],['Hauts-de-France'],COM,{02},{32}
27ebd13d-b072-4d8d-a4b7-ef8a32e7b0e5,218003275,Commune de Fourdrinoy (80),false,{80341},Commune,2026-03-24 14:42:09.967209+01,gold_establishments_2025,,,,21800327500011,2025,Collectivité Territoriale,Commune,['Somme'],['Hauts-de-France'],COM,{80},{32}
5ac8e9b7-b0e1-4e1b-b045-674479f43ed8,212502538,Commune de Fourg (25),false,{25253},Commune,2026-03-24 14:41:56.495197+01,gold_establishments_2025,,,,21250253800011,2025,Collectivité Territoriale,Commune,['Doubs'],['Bourgogne-Franche-Comté'],COM,{25},{27}
4d047d2d-7080-41bb-83d1-5f4550e48ca1,210301164,Commune de Fourilles (03),false,{03116},Commune,2026-03-24 14:41:52.020251+01,gold_establishments_2025,,,,21030116400013,2025,Collectivité Territoriale,Commune,['Allier'],['Auvergne-Rhône-Alpes'],COM,{03},{84}
ec756bf4-82ae-4190-a3a8-ab4be16d35a1,214601114,Commune de Fourmagnac (46),false,{46111},Commune,2026-03-24 14:42:00.862623+01,gold_establishments_2025,,,,21460111400017,2025,Collectivité Territoriale,Commune,['Lot'],['Occitanie'],COM,{46},{76}
0f6eb0ab-eb08-4bfe-939f-92dae9e20c20,215902495,Commune de Fourmies (59),false,{59249},Commune,2026-03-24 14:42:04.280096+01,gold_establishments_2025,,,,21590249500013,2025,Collectivité Territoriale,Commune,['Nord'],['Hauts-de-France'],COM,{59},{32}
2babb2cf-25f2-4f71-9270-7ed7298dc3f5,218901817,Commune de Fournaudin (89),false,{89181},Commune,2026-03-24 14:42:11.118516+01,gold_establishments_2025,,,,21890181700013,2025,Collectivité Territoriale,Commune,['Yonne'],['Bourgogne-Franche-Comté'],COM,{89},{27}
e18da603-faf2-4c7e-a372-cf83380cbb88,214200982,Commune de Fourneaux (42),false,{42098},Commune,2026-03-24 14:42:00.273698+01,gold_establishments_2025,,,,21420098200012,2025,Collectivité Territoriale,Commune,['Loire'],['Auvergne-Rhône-Alpes'],COM,{42},{84}
90c5699e-442d-4cd9-87d7-c5dc7f38bebb,215001926,Commune de Fourneaux (50),false,{50192},Commune,2026-03-24 14:42:01.412377+01,gold_establishments_2025,,,,21500192600017,2025,Collectivité Territoriale,Commune,['Manche'],['Normandie'],COM,{50},{28}
7468e4c2-702c-46eb-bea3-e925db54ea88,217301175,Commune de Fourneaux (73),false,{73117},Commune,2026-03-24 14:42:08.279287+01,gold_establishments_2025,,,,21730117500014,2025,Collectivité Territoriale,Commune,['Savoie'],['Auvergne-Rhône-Alpes'],COM,{73},{84}
49f725f3-2252-4b45-88c4-a0c8f610fd87,211402847,Commune de Fourneaux-le-Val (14),false,{14284},Commune,2026-03-24 14:41:54.362296+01,gold_establishments_2025,,,,21140284700019,2025,Collectivité Territoriale,Commune,['Calvados'],['Normandie'],COM,{14},{28}
ff5c4740-1c8f-4326-b8a0-e1f77d9c7acd,214800641,Commune de Fournels (48),false,{48064},Commune,2026-03-24 14:42:01.412377+01,gold_establishments_2025,,,,21480064100018,2025,Collectivité Territoriale,Commune,['Lozère'],['Occitanie'],COM,{48},{76}
29a20394-8a15-424c-bd02-76654e5833cd,211101548,Commune de Fournes-Cabardès (11),false,{11154},Commune,2026-03-24 14:41:53.63825+01,gold_establishments_2025,,,,21110154800017,2025,Collectivité Territoriale,Commune,['Aude'],['Occitanie'],COM,{11},{76}
138f1426-7a1f-4c46-8124-2e67d3899899,215902503,Commune de Fournes-en-Weppes (59),false,{59250},Commune,2026-03-24 14:42:04.280096+01,gold_establishments_2025,,,,21590250300014,2025,Collectivité Territoriale,Commune,['Nord'],['Hauts-de-France'],COM,{59},{32}
877232d3-6bce-4c12-8792-34539def41d7,212502553,Commune de Fournet-Blancheroche (25),false,{25255},Commune,2026-03-24 14:41:56.495197+01,gold_establishments_2025,,,,21250255300010,2025,Collectivité Territoriale,Commune,['Doubs'],['Bourgogne-Franche-Comté'],COM,{25},{27}
3522c14d-5819-486c-b38a-9ee4f424a487,212502884,Commune de Fournets-Luisans (25),false,{25288},Commune,2026-03-24 14:41:56.495197+01,gold_establishments_2025,,,,21250288400019,2025,Collectivité Territoriale,Commune,['Doubs'],['Bourgogne-Franche-Comté'],COM,{25},{27}
7a9a8dfd-4005-42de-a2d7-d328baa4915e,211402862,Commune de Fourneville (14),false,{14286},Commune,2026-03-24 14:41:54.362296+01,gold_establishments_2025,,,,21140286200018,2025,Collectivité Territoriale,Commune,['Calvados'],['Normandie'],COM,{14},{28}
9829a128-aeb9-4525-a1a7-0f0009e0dc7c,216002501,Commune de Fournival (60),false,{60252},Commune,2026-03-24 14:42:04.814328+01,gold_establishments_2025,,,,21600250100015,2025,Collectivité Territoriale,Commune,['Oise'],['Hauts-de-France'],COM,{60},{32}
bfd7229b-e2d5-4649-901d-1400eb565a0e,216301622,Commune de Fournols (63),false,{63162},Commune,2026-03-24 14:42:06.130387+01,gold_establishments_2025,,,,21630162200017,2025,Collectivité Territoriale,Commune,['Puy-de-Dôme'],['Auvergne-Rhône-Alpes'],COM,{63},{84}
528b49e3-bf62-4448-9bc4-1748e3172cbf,213001167,Commune de Fournès (30),false,{30116},Commune,2026-03-24 14:41:57.56054+01,gold_establishments_2025,,,,21300116700013,2025,Collectivité Territoriale,Commune,['Gard'],['Occitanie'],COM,{30},{76}
1cbf501b-eb8f-4fce-8d18-f83e5994455c,218901825,Commune de Fouronnes (89),false,{89182},Commune,2026-03-24 14:42:11.118516+01,gold_establishments_2025,,,,21890182500016,2025,Collectivité Territoriale,Commune,['Yonne'],['Bourgogne-Franche-Comté'],COM,{89},{27}
4a0ecf79-9f5a-4aaf-b3cb-16138e130a59,213001175,Commune de Fourques (30),false,{30117},Commune,2026-03-24 14:41:57.56054+01,gold_establishments_2025,,,,21300117500016,2025,Collectivité Territoriale,Commune,['Gard'],['Occitanie'],COM,{30},{76}
856ad5f0-71c1-40f8-9d61-bb90249a6e1b,216600841,Commune de Fourques (66),false,{66084},Commune,2026-03-24 14:42:06.665412+01,gold_establishments_2025,,,,21660084100011,2025,Collectivité Territoriale,Commune,['Pyrénées-Orientales'],['Occitanie'],COM,{66},{76}
1fcd6081-13c3-42cc-a9e1-ed1499b2e644,214701013,Commune de Fourques-sur-Garonne (47),false,{47101},Commune,2026-03-24 14:42:00.862623+01,gold_establishments_2025,,,,21470101300010,2025,Collectivité Territoriale,Commune,['Lot-et-Garonne'],['Nouvelle-Aquitaine'],COM,{47},{75}
8ff0769a-d650-40e3-8913-0a2e134de071,213101926,Commune de Fourquevaux (31),false,{31192},Commune,2026-03-24 14:41:58.09424+01,gold_establishments_2025,,,,21310192600011,2025,Collectivité Territoriale,Commune,['Haute-Garonne'],['Occitanie'],COM,{31},{76}
c74d784e-9bc7-410d-9611-23bd2289fa82,213301724,Commune de Fours (33),false,{33172},Commune,2026-03-24 14:41:58.620411+01,gold_establishments_2025,,,,21330172400018,2025,Collectivité Territoriale,Commune,['Gironde'],['Nouvelle-Aquitaine'],COM,{33},{75}
a5ac7317-93fb-4734-9414-d98bd99cdcb1,215801184,Commune de Fours (58),false,{58118},Commune,2026-03-24 14:42:04.280096+01,gold_establishments_2025,,,,21580118400015,2025,Collectivité Territoriale,Commune,['Nièvre'],['Bourgogne-Franche-Comté'],COM,{58},{27}
5e90d07f-3657-4744-a9b4-02e1c03aeee5,211101555,Commune de Fourtou (11),false,{11155},Commune,2026-03-24 14:41:53.63825+01,gold_establishments_2025,,,,21110155500012,2025,Collectivité Territoriale,Commune,['Aude'],['Occitanie'],COM,{11},{76}
a97f5db2-dab2-400e-9b52-2f5f62fd0b37,218500940,Commune de Foussais-Payré (85),false,{85094},Commune,2026-03-24 14:42:10.508772+01,gold_establishments_2025,,,,21850094000018,2025,Collectivité Territoriale,Commune,['Vendée'],['Pays de la Loire'],COM,{85},{52}
a97d08be-2cc0-425d-aa82-dc82e1fdf67a,219000494,Commune de Foussemagne (90),false,{90049},Commune,2026-03-24 14:42:11.659493+01,gold_establishments_2025,,,,21900049400019,2025,Collectivité Territoriale,Commune,['Territoire de Belfort'],['Bourgogne-Franche-Comté'],COM,{90},{27}
42c360b9-4c7b-48c2-aebf-4392b0e9f64a,211601455,Commune de Foussignac (16),false,{16145},Commune,2026-03-24 14:41:54.362296+01,gold_establishments_2025,,,,21160145500010,2025,Collectivité Territoriale,Commune,['Charente'],['Nouvelle-Aquitaine'],COM,{16},{75}
150302c4-5039-4ed6-bbb3-86634cb292c0,217002476,Commune de Fouvent-Saint-Andoche (70),false,{70247},Commune,2026-03-24 14:42:07.735343+01,gold_establishments_2025,,,,21700247600018,2025,Collectivité Territoriale,Commune,['Haute-Saône'],['Bourgogne-Franche-Comté'],COM,{70},{27}
66bb01a7-e2ed-487a-b9a0-77c7789a7935,213401052,Commune de Fouzilhon (34),false,{34105},Commune,2026-03-24 14:41:58.620411+01,gold_establishments_2025,,,,21340105200013,2025,Collectivité Territoriale,Commune,['Hérault'],['Occitanie'],COM,{34},{76}
073d6b27-5864-49a8-9577-064960140e49,215702317,Commune de Foville (57),false,{57231},Commune,2026-03-24 14:42:03.701372+01,gold_establishments_2025,,,,21570231700011,2025,Collectivité Territoriale,Commune,['Moselle'],['Grand Est'],COM,{57},{44}
e30d5e1d-184c-45eb-9834-1d5fc31678db,218300606,Commune de Fox-Amphoux (83),false,{83060},Commune,2026-03-24 14:42:10.508772+01,gold_establishments_2025,,,,21830060600017,2025,Collectivité Territoriale,Commune,['Var'],"[""Provence-Alpes-Côte d'Azur""]",COM,{83},{93}
bcae2045-709e-430f-aa0f-32a5cd7680cd,213401060,Commune de Fozières (34),false,{34106},Commune,2026-03-24 14:41:58.620411+01,gold_establishments_2025,,,,21340106000016,2025,Collectivité Territoriale,Commune,['Hérault'],['Occitanie'],COM,{34},{76}
3dd1fae3-0397-4724-a561-9a83fb212004,212001184,Commune de Fozzano (2A),false,{2A118},Commune,2026-03-24 14:41:57.56054+01,gold_establishments_2025,,,,21200118400010,2025,Collectivité Territoriale,Commune,['Corse-du-Sud'],['Corse'],COM,{2A},{94}
c2b2167e-4714-4b70-87b5-6f514fcd32b5,211800966,Commune de Foëcy (18),false,{18096},Commune,2026-03-24 14:41:54.903238+01,gold_establishments_2025,,,,21180096600015,2025,Collectivité Territoriale,Commune,['Cher'],['Centre-Val de Loire'],COM,{18},{24}
d8835a13-e8e3-4aa2-b7d5-3af3e1a1d4ee,200057917,Commune de Fragnes-La Loyère (71),false,{71204},Commune,2026-03-24 14:42:07.735343+01,gold_establishments_2025,,,,20005791700011,2025,Collectivité Territoriale,Commune,['Saône-et-Loire'],['Bourgogne-Franche-Comté'],COM,{71},{27}
805133ac-1116-42c4-bff1-167047b1b9a1,217002484,Commune de Frahier-et-Chatebier (70),false,{70248},Commune,2026-03-24 14:42:07.735343+01,gold_establishments_2025,,,,21700248400012,2025,Collectivité Territoriale,Commune,['Haute-Saône'],['Bourgogne-Franche-Comté'],COM,{70},{27}
61e34627-40bc-4b4d-8b78-987cb39c7070,212102834,Commune de Fraignot-et-Vesvrotte (21),false,{21283},Commune,2026-03-24 14:41:55.433389+01,gold_establishments_2025,,,,21210283400018,2025,Collectivité Territoriale,Commune,"[""Côte-d'Or""]",['Bourgogne-Franche-Comté'],COM,{21},{27}
68adf8ce-cb74-4b87-b23b-1f54a7031e6e,210801627,Commune de Fraillicourt (08),false,{08178},Commune,2026-03-24 14:41:52.562531+01,gold_establishments_2025,,,,21080162700014,2025,Collectivité Territoriale,Commune,['Ardennes'],['Grand Est'],COM,{08},{44}
f7c005a6-6e44-4a5e-b3c0-b037c108ff43,215402066,Commune de Fraimbois (54),false,{54206},Commune,2026-03-24 14:42:02.957225+01,gold_establishments_2025,,,,21540206600017,2025,Collectivité Territoriale,Commune,['Meurthe-et-Moselle'],['Grand Est'],COM,{54},{44}
f3c0ee1a-0c29-4772-9062-a8799e82208b,218801801,Commune de Frain (88),false,{88180},Commune,2026-03-24 14:42:11.118516+01,gold_establishments_2025,,,,21880180100018,2025,Collectivité Territoriale,Commune,['Vosges'],['Grand Est'],COM,{88},{44}
e2336d81-6ff5-45dd-8a0c-334e2a83b114,219000502,Commune de Frais (90),false,{90050},Commune,2026-03-24 14:42:11.659493+01,gold_establishments_2025,,,,21900050200019,2025,Collectivité Territoriale,Commune,['Territoire de Belfort'],['Bourgogne-Franche-Comté'],COM,{90},{27}
78cfce64-f1d7-4507-aade-cf1716a6005a,213902356,Commune de Fraisans (39),false,{39235},Commune,2026-03-24 14:41:59.705606+01,gold_establishments_2025,,,,21390235600012,2025,Collectivité Territoriale,Commune,['Jura'],['Bourgogne-Franche-Comté'],COM,{39},{27}
77c55cee-48ee-4f56-8a1f-99de594fd9a3,215402074,Commune de Fraisnes-en-Saintois (54),false,{54207},Commune,2026-03-24 14:42:02.957225+01,gold_establishments_2025,,,,21540207400011,2025,Collectivité Territoriale,Commune,['Meurthe-et-Moselle'],['Grand Est'],COM,{54},{44}
98b57611-6638-41c3-9623-6ae8781a07b7,212401913,Commune de Fraisse (24),false,{24191},Commune,2026-03-24 14:41:55.958138+01,gold_establishments_2025,,,,21240191300018,2025,Collectivité Territoriale,Commune,['Dordogne'],['Nouvelle-Aquitaine'],COM,{24},{75}
3d8bf57a-3ca6-4f15-a14c-8998a02d48cd,211101563,Commune de Fraisse-Cabardès (11),false,{11156},Commune,2026-03-24 14:41:53.63825+01,gold_establishments_2025,,,,21110156300016,2025,Collectivité Territoriale,Commune,['Aude'],['Occitanie'],COM,{11},{76}
a89d3481-6fb0-4a5b-a944-192b34ba3d01,213401078,Commune de Fraisse-sur-Agout (34),false,{34107},Commune,2026-03-24 14:41:58.620411+01,gold_establishments_2025,,,,21340107800018,2025,Collectivité Territoriale,Commune,['Hérault'],['Occitanie'],COM,{34},{76}
f0f4713c-bedd-41fe-93c4-3339d1c61d6d,214200990,Commune de Fraisses (42),false,{42099},Commune,2026-03-24 14:42:00.273698+01,gold_establishments_2025,,,,21420099000015,2025,Collectivité Territoriale,Commune,['Loire'],['Auvergne-Rhône-Alpes'],COM,{42},{84}
5fa11ab3-690b-4882-b224-d83a86985a63,218100949,Commune de Fraissines (81),false,{81094},Commune,2026-03-24 14:42:09.967209+01,gold_establishments_2025,,,,21810094900013,2025,Collectivité Territoriale,Commune,['Tarn'],['Occitanie'],COM,{81},{76}
35dac7b1-f7b2-4169-a5f3-89b35be46793,214800658,Commune de Fraissinet-de-Fourques (48),false,{48065},Commune,2026-03-24 14:42:01.412377+01,gold_establishments_2025,,,,21480065800012,2025,Collectivité Territoriale,Commune,['Lozère'],['Occitanie'],COM,{48},{76}
c60269fe-105f-413d-b8d4-824e41affd71,211101571,Commune de Fraissé-des-Corbières (11),false,{11157},Commune,2026-03-24 14:41:53.63825+01,gold_establishments_2025,,,,21110157100019,2025,Collectivité Territoriale,Commune,['Aude'],['Occitanie'],COM,{11},{76}
7c4f2ea5-ebea-4bb8-8f85-e64615fbbaaf,218801819,Commune de Fraize (88),false,{88181},Commune,2026-03-24 14:42:11.118516+01,gold_establishments_2025,,,,21880181900010,2025,Collectivité Territoriale,Commune,['Vosges'],['Grand Est'],COM,{88},{44}
8b01ecef-2b44-4bd5-b599-7c6e9428e189,211001524,Commune de Fralignes (10),false,{10159},Commune,2026-03-24 14:41:53.095366+01,gold_establishments_2025,,,,21100152400019,2025,Collectivité Territoriale,Commune,['Aube'],['Grand Est'],COM,{10},{44}
9bc2d42a-03e9-4bc1-97e9-f3332c30cd52,212502561,Commune de Frambouhans (25),false,{25256},Commune,2026-03-24 14:41:56.495197+01,gold_establishments_2025,,,,21250256100153,2025,Collectivité Territoriale,Commune,['Doubs'],['Bourgogne-Franche-Comté'],COM,{25},{27}
58cd3f9d-77c7-4502-9e5d-ec37d408455d,216203521,Commune de Framecourt (62),false,{62352},Commune,2026-03-24 14:42:05.597325+01,gold_establishments_2025,,,,21620352100010,2025,Collectivité Territoriale,Commune,['Pas-de-Calais'],['Hauts-de-France'],COM,{62},{32}
b9b7b601-94a1-4c55-86a1-27b944f742d0,218003283,Commune de Framerville-Rainecourt (80),false,{80342},Commune,2026-03-24 14:42:09.967209+01,gold_establishments_2025,,,,21800328300015,2025,Collectivité Territoriale,Commune,['Somme'],['Hauts-de-France'],COM,{80},{32}
5ae9f46f-85de-4ff0-a36f-e3829e7c4391,218003291,Commune de Framicourt (80),false,{80343},Commune,2026-03-24 14:42:09.967209+01,gold_establishments_2025,,,,21800329100018,2025,Collectivité Territoriale,Commune,['Somme'],['Hauts-de-France'],COM,{80},{32}
1c8fd94d-e3fc-4fd5-a4a9-039209f0061b,217002526,Commune de Framont (70),false,{70252},Commune,2026-03-24 14:42:07.735343+01,gold_establishments_2025,,,,21700252600010,2025,Collectivité Territoriale,Commune,['Haute-Saône'],['Bourgogne-Franche-Comté'],COM,{70},{27}
0d45df8a-590e-4599-8ae7-503a58f667fb,215201492,Commune de Frampas (52),false,{52206},Commune,2026-03-24 14:42:01.954481+01,gold_establishments_2025,,,,21520149200018,2025,Collectivité Territoriale,Commune,['Haute-Marne'],['Grand Est'],COM,{52},{44}
ae2b8eff-f2e3-4008-a9c6-efe23af9e07f,217002492,Commune de Francalmont (70),false,{70249},Commune,2026-03-24 14:42:07.735343+01,gold_establishments_2025,,,,21700249200015,2025,Collectivité Territoriale,Commune,['Haute-Saône'],['Bourgogne-Franche-Comté'],COM,{70},{27}
ff31409f-4443-4012-8f40-ade98764cd27,215702325,Commune de Francaltroff (57),false,{57232},Commune,2026-03-24 14:42:03.701372+01,gold_establishments_2025,,,,21570232500063,2025,Collectivité Territoriale,Commune,['Moselle'],['Grand Est'],COM,{57},{44}
d0cfdec3-a3d4-42f4-ad2b-066f3aa59ecc,213101942,Commune de Francarville (31),false,{31194},Commune,2026-03-24 14:41:58.09424+01,gold_establishments_2025,,,,21310194200018,2025,Collectivité Territoriale,Commune,['Haute-Garonne'],['Occitanie'],COM,{31},{76}
070dac50-7324-46a3-b44e-e1d947d6de14,216002519,Commune de Francastel (60),false,{60253},Commune,2026-03-24 14:42:04.814328+01,gold_establishments_2025,,,,21600251900017,2025,Collectivité Territoriale,Commune,['Oise'],['Hauts-de-France'],COM,{60},{32}
569e3f4a-2463-4451-ac00-51f11f63caca,213101959,Commune de Francazal (31),false,{31195},Commune,2026-03-24 14:41:58.09424+01,gold_establishments_2025,,,,21310195900012,2025,Collectivité Territoriale,Commune,['Haute-Garonne'],['Occitanie'],COM,{31},{76}
9e3d2ca2-3e09-4f46-9cbd-2d2282a5b8d0,214701021,Commune de Francescas (47),false,{47102},Commune,2026-03-24 14:42:00.862623+01,gold_establishments_2025,,,,21470102100013,2025,Collectivité Territoriale,Commune,['Lot-et-Garonne'],['Nouvelle-Aquitaine'],COM,{47},{75}
9144b47e-987f-4dd1-b7ea-6c37410e754c,210101655,Commune de Francheleins (01),false,{01165},Commune,2026-03-24 14:41:51.447482+01,gold_establishments_2025,,,,21010165500012,2025,Collectivité Territoriale,Commune,['Ain'],['Auvergne-Rhône-Alpes'],COM,{01},{84}
913ff689-4941-49d9-8e19-4182de409bd3,210301172,Commune de Franchesse (03),false,{03117},Commune,2026-03-24 14:41:52.020251+01,gold_establishments_2025,,,,21030117200016,2025,Collectivité Territoriale,Commune,['Allier'],['Auvergne-Rhône-Alpes'],COM,{03},{84}
0277a6a9-2965-4cd7-b796-700861dc361b,210801635,Commune de Francheval (08),false,{08179},Commune,2026-03-24 14:41:52.562531+01,gold_establishments_2025,,,,21080163500017,2025,Collectivité Territoriale,Commune,['Ardennes'],['Grand Est'],COM,{08},{44}
66c83fc1-ae5a-4caf-ba8a-0b63737ee175,217002500,Commune de Franchevelle (70),false,{70250},Commune,2026-03-24 14:42:07.735343+01,gold_establishments_2025,,,,21700250000015,2025,Collectivité Territoriale,Commune,['Haute-Saône'],['Bourgogne-Franche-Comté'],COM,{70},{27}
3c3cb548-90b5-4a4f-8c50-44667f05eba2,212102842,Commune de Francheville (21),false,{21284},Commune,2026-03-24 14:41:55.433389+01,gold_establishments_2025,,,,21210284200011,2025,Collectivité Territoriale,Commune,"[""Côte-d'Or""]",['Bourgogne-Franche-Comté'],COM,{21},{27}
29680269-3de7-4015-a4bf-1fc5e3db8f11,213902364,Commune de Francheville (39),false,{39236},Commune,2026-03-24 14:41:59.705606+01,gold_establishments_2025,,,,21390236400016,2025,Collectivité Territoriale,Commune,['Jura'],['Bourgogne-Franche-Comté'],COM,{39},{27}
152bdc1c-9269-4e79-96d3-94ff63cce784,215102401,Commune de Francheville (51),false,{51259},Commune,2026-03-24 14:42:01.954481+01,gold_establishments_2025,,,,21510240100019,2025,Collectivité Territoriale,Commune,['Marne'],['Grand Est'],COM,{51},{44}
17b3fb2d-f0e4-49d2-9a0e-75781d5ebc9d,215402082,Commune de Francheville (54),false,{54208},Commune,2026-03-24 14:42:02.957225+01,gold_establishments_2025,,,,21540208200014,2025,Collectivité Territoriale,Commune,['Meurthe-et-Moselle'],['Grand Est'],COM,{54},{44}
b2deb09e-50f8-4f31-9d50-81b1b8770db3,216101766,Commune de Francheville (61),false,{61176},Commune,2026-03-24 14:42:05.597325+01,gold_establishments_2025,,,,21610176600014,2025,Collectivité Territoriale,Commune,['Orne'],['Normandie'],COM,{61},{28}
f3597805-4bc1-456c-a6fd-2bbe9689b024,216900894,Commune de Francheville (69),false,{69089},Commune,2026-03-24 14:42:07.195692+01,gold_establishments_2025,,,,21690089400017,2025,Collectivité Territoriale,Commune,['Rhône'],['Auvergne-Rhône-Alpes'],COM,{69},{84}
93e44c84-4658-4942-8616-f3b72d2a3948,213600794,Commune de Francillon (36),false,{36079},Commune,2026-03-24 14:41:59.160244+01,gold_establishments_2025,,,,21360079400019,2025,Collectivité Territoriale,Commune,['Indre'],['Centre-Val de Loire'],COM,{36},{24}
b4085f94-0b89-401e-a601-4ab72f28faf1,212601371,Commune de Francillon-sur-Roubion (26),false,{26137},Commune,2026-03-24 14:41:56.495197+01,gold_establishments_2025,,,,21260137100017,2025,Collectivité Territoriale,Commune,['Drôme'],['Auvergne-Rhône-Alpes'],COM,{26},{84}
22687dba-29ec-4f50-aa7a-0e217f69d442,210203113,Commune de Francilly-Selency (02),false,{02330},Commune,2026-03-24 14:41:52.020251+01,gold_establishments_2025,,,,21020311300019,2025,Collectivité Territoriale,Commune,['Aisne'],['Hauts-de-France'],COM,{02},{32}
508d720b-7cf0-48f8-873d-851a06d794a4,216002527,Commune de Francières (60),false,{60254},Commune,2026-03-24 14:42:04.814328+01,gold_establishments_2025,,,,21600252700010,2025,Collectivité Territoriale,Commune,['Oise'],['Hauts-de-France'],COM,{60},{32}
b8370be9-79f4-43ba-a1bb-cfd5661e28af,218003309,Commune de Francières (80),false,{80344},Commune,2026-03-24 14:42:09.967209+01,gold_establishments_2025,,,,21800330900018,2025,Collectivité Territoriale,Commune,['Somme'],['Hauts-de-France'],COM,{80},{32}
7cdec3e6-11b7-4261-ad8f-3d8cd3354567,217401306,Commune de Franclens (74),false,{74130},Commune,2026-03-24 14:42:08.279287+01,gold_establishments_2025,,,,21740130600014,2025,Collectivité Territoriale,Commune,['Haute-Savoie'],['Auvergne-Rhône-Alpes'],COM,{74},{84}
7781775e-42a4-4ce1-b479-e7d32f7d282a,213101967,Commune de Francon (31),false,{31196},Commune,2026-03-24 14:41:58.09424+01,gold_establishments_2025,,,,21310196700015,2025,Collectivité Territoriale,Commune,['Haute-Garonne'],['Occitanie'],COM,{31},{76}
91f4f75d-bf3b-4569-ba59-5e607b96dae2,215402090,Commune de Franconville (54),false,{54209},Commune,2026-03-24 14:42:02.957225+01,gold_establishments_2025,,,,21540209000017,2025,Collectivité Territoriale,Commune,['Meurthe-et-Moselle'],['Grand Est'],COM,{54},{44}
d38f91ba-05f1-463d-bd3c-1ec25642f4a2,219502523,Commune de Franconville (95),false,{95252},Commune,2026-03-24 14:42:11.659493+01,gold_establishments_2025,,,,21950252300018,2025,Collectivité Territoriale,Commune,"[""Val-d'Oise""]",['Île-de-France'],COM,{95},{11}
172c9b78-459f-4d70-b839-9b1a3d9459c6,214601122,Commune de Francoulès (46),false,{46112},Commune,2026-03-24 14:42:00.862623+01,gold_establishments_2025,,,,21460112200010,2025,Collectivité Territoriale,Commune,['Lot'],['Occitanie'],COM,{46},{76}
97c8a1e7-39af-41f0-aecb-b126ed659b5e,217002518,Commune de Francourt (70),false,{70251},Commune,2026-03-24 14:42:07.735343+01,gold_establishments_2025,,,,21700251800017,2025,Collectivité Territoriale,Commune,['Haute-Saône'],['Bourgogne-Franche-Comté'],COM,{70},{27}
54bf727c-8224-4cac-b7c1-53f56cd81aa4,212801609,Commune de Francourville (28),false,{28160},Commune,2026-03-24 14:41:57.028721+01,gold_establishments_2025,,,,21280160900018,2025,Collectivité Territoriale,Commune,['Eure-et-Loir'],['Centre-Val de Loire'],COM,{28},{24}
5695aa5e-fd1e-4452-bcea-e2e240c711cf,213301732,Commune de Francs (33),false,{33173},Commune,2026-03-24 14:41:58.620411+01,gold_establishments_2025,,,,21330173200011,2025,Collectivité Territoriale,Commune,['Gironde'],['Nouvelle-Aquitaine'],COM,{33},{75}
0abe1e56-f914-4a5e-9a14-9b7cdc631aa0,213701105,Commune de Francueil (37),false,{37110},Commune,2026-03-24 14:41:59.160244+01,gold_establishments_2025,,,,21370110500016,2025,Collectivité Territoriale,Commune,['Indre-et-Loire'],['Centre-Val de Loire'],COM,{37},{24}
76a258bc-f62e-42c6-bde0-29b2079b4386,212502579,Commune de Franey (25),false,{25257},Commune,2026-03-24 14:41:56.495197+01,gold_establishments_2025,,,,21250257900015,2025,Collectivité Territoriale,Commune,['Doubs'],['Bourgogne-Franche-Comté'],COM,{25},{27}
0eb508bb-bde7-4fc6-8e81-ae2b2ff42580,217401314,Commune de Frangy (74),false,{74131},Commune,2026-03-24 14:42:08.279287+01,gold_establishments_2025,,,,21740131400018,2025,Collectivité Territoriale,Commune,['Haute-Savoie'],['Auvergne-Rhône-Alpes'],COM,{74},{84}
57bbebe8-01ab-4bd7-9f07-2195cb8fdbf2,217102052,Commune de Frangy-en-Bresse (71),false,{71205},Commune,2026-03-24 14:42:07.735343+01,gold_establishments_2025,,,,21710205200016,2025,Collectivité Territoriale,Commune,['Saône-et-Loire'],['Bourgogne-Franche-Comté'],COM,{71},{27}
489046ab-e706-484c-82e2-21ebe5ffdba7,216800961,Commune de Franken (68),false,{68096},Commune,2026-03-24 14:42:07.195692+01,gold_establishments_2025,,,,21680096100015,2025,Collectivité Territoriale,Commune,['Haut-Rhin'],['Grand Est'],COM,{68},{44}
8e36925b-8e57-4e2a-b5eb-aaed69cb4f9f,218003317,Commune de Franleu (80),false,{80345},Commune,2026-03-24 14:42:09.967209+01,gold_establishments_2025,,,,21800331700011,2025,Collectivité Territoriale,Commune,['Somme'],['Hauts-de-France'],COM,{80},{32}
1f3fa33c-b4a9-4758-97c2-6c803e64a366,212502587,Commune de Franois (25),false,{25258},Commune,2026-03-24 14:41:56.495197+01,gold_establishments_2025,,,,21250258700018,2025,Collectivité Territoriale,Commune,['Doubs'],['Bourgogne-Franche-Comté'],COM,{25},{27}
f1fc9cdf-d06c-4ab7-9a1a-890cdf65559c,213101975,Commune de Franquevielle (31),false,{31197},Commune,2026-03-24 14:41:58.09424+01,gold_establishments_2025,,,,21310197500018,2025,Collectivité Territoriale,Commune,['Haute-Garonne'],['Occitanie'],COM,{31},{76}
23836cc3-09b5-4b99-8fe6-c4f47e2e1454,210203121,Commune de Franqueville (02),false,{02331},Commune,2026-03-24 14:41:52.020251+01,gold_establishments_2025,,,,21020312100012,2025,Collectivité Territoriale,Commune,['Aisne'],['Hauts-de-France'],COM,{02},{32}
5bce2aa7-b382-4a27-9dd8-486ce5526427,212702666,Commune de Franqueville (27),false,{27266},Commune,2026-03-24 14:41:57.028721+01,gold_establishments_2025,,,,21270266600018,2025,Collectivité Territoriale,Commune,['Eure'],['Normandie'],COM,{27},{28}
1b34dabf-b848-4cd5-8a77-d4afee568884,218003325,Commune de Franqueville (80),false,{80346},Commune,2026-03-24 14:42:09.967209+01,gold_establishments_2025,,,,21800332500014,2025,Collectivité Territoriale,Commune,['Somme'],['Hauts-de-France'],COM,{80},{32}
ab2044a9-cbfa-423d-b7ee-a3a9e7a9bfcb,217604750,Commune de Franqueville-Saint-Pierre (76),false,{76475},Commune,2026-03-24 14:42:08.818969+01,gold_establishments_2025,,,,21760475000083,2025,Collectivité Territoriale,Commune,['Seine-Maritime'],['Normandie'],COM,{76},{28}
1295db1e-fa82-4fe5-90f4-305ea2d93f75,210101663,Commune de Frans (01),false,{01166},Commune,2026-03-24 14:41:51.447482+01,gold_establishments_2025,,,,21010166300016,2025,Collectivité Territoriale,Commune,['Ain'],['Auvergne-Rhône-Alpes'],COM,{01},{84}
b283f718-6277-46cd-a221-81aee815a4bb,218003333,Commune de Fransart (80),false,{80347},Commune,2026-03-24 14:42:09.967209+01,gold_establishments_2025,,,,21800333300018,2025,Collectivité Territoriale,Commune,['Somme'],['Hauts-de-France'],COM,{80},{32}
b9360269-0dd1-4160-8b15-1fb308ee862e,218003341,Commune de Fransu (80),false,{80348},Commune,2026-03-24 14:42:09.967209+01,gold_establishments_2025,,,,21800334100011,2025,Collectivité Territoriale,Commune,['Somme'],['Hauts-de-France'],COM,{80},{32}
7193f9c0-73ca-4ab9-b2ff-727eb515ac1f,218003358,Commune de Fransures (80),false,{80349},Commune,2026-03-24 14:42:09.967209+01,gold_establishments_2025,,,,21800335800015,2025,Collectivité Territoriale,Commune,['Somme'],['Hauts-de-France'],COM,{80},{32}
df8274ea-ecf1-4a85-a09b-3320f76de6d6,212308605,Commune de Fransèches (23),false,{23086},Commune,2026-03-24 14:41:55.958138+01,gold_establishments_2025,,,,21230860500014,2025,Collectivité Territoriale,Commune,['Creuse'],['Nouvelle-Aquitaine'],COM,{23},{75}
6d089e32-fa3c-4d89-b769-7abd6f4ce3ef,218003366,Commune de Franvillers (80),false,{80350},Commune,2026-03-24 14:42:09.967209+01,gold_establishments_2025,,,,21800336600018,2025,Collectivité Territoriale,Commune,['Somme'],['Hauts-de-France'],COM,{80},{32}
1166c70b-7f24-43d7-81f0-f1366c18eb96,212102859,Commune de Franxault (21),false,{21285},Commune,2026-03-24 14:41:55.433389+01,gold_establishments_2025,,,,21210285900015,2025,Collectivité Territoriale,Commune,"[""Côte-d'Or""]",['Bourgogne-Franche-Comté'],COM,{21},{27}
f05a2757-46ea-424f-a9a2-798a3ea092d8,214100935,Commune de Françay (41),false,{41093},Commune,2026-03-24 14:42:00.273698+01,gold_establishments_2025,,,,21410093500011,2025,Collectivité Territoriale,Commune,['Loir-et-Cher'],['Centre-Val de Loire'],COM,{41},{24}
b6543d63-d04c-440b-8f35-4990a2602a06,217901289,Commune de François (79),false,{79128},Commune,2026-03-24 14:42:09.43682+01,gold_establishments_2025,,,,21790128900017,2025,Collectivité Territoriale,Commune,['Deux-Sèvres'],['Nouvelle-Aquitaine'],COM,{79},{75}
e5e5675b-dfe9-41f1-a1c9-636af1adce10,218801827,Commune de Frapelle (88),false,{88182},Commune,2026-03-24 14:42:11.118516+01,gold_establishments_2025,,,,21880182700013,2025,Collectivité Territoriale,Commune,['Vosges'],['Grand Est'],COM,{88},{44}
bc0ae6e5-3714-48bd-9046-93ac7b2c09f4,215702333,Commune de Fraquelfing (57),false,{57233},Commune,2026-03-24 14:42:03.701372+01,gold_establishments_2025,,,,21570233300018,2025,Collectivité Territoriale,Commune,['Moselle'],['Grand Est'],COM,{57},{44}
39f45e41-f4a3-4c3d-82ec-9f002d501347,213902372,Commune de Fraroz (39),false,{39237},Commune,2026-03-24 14:41:59.705606+01,gold_establishments_2025,,,,21390237200019,2025,Collectivité Territoriale,Commune,['Jura'],['Bourgogne-Franche-Comté'],COM,{39},{27}
7533f13d-2735-4fed-9cde-b431f47351da,215801192,Commune de Frasnay-Reugny (58),false,{58119},Commune,2026-03-24 14:42:04.280096+01,gold_establishments_2025,,,,21580119200018,2025,Collectivité Territoriale,Commune,['Nièvre'],['Bourgogne-Franche-Comté'],COM,{58},{27}
5fab3cfa-1299-40ea-ab42-8071896b942b,212502595,Commune de Frasne (25),false,{25259},Commune,2026-03-24 14:41:56.495197+01,gold_establishments_2025,,,,21250259500011,2025,Collectivité Territoriale,Commune,['Doubs'],['Bourgogne-Franche-Comté'],COM,{25},{27}
d7aefad3-90c3-434d-b9c3-f40643fe972a,217002534,Commune de Frasne-le-Château (70),false,{70253},Commune,2026-03-24 14:42:07.735343+01,gold_establishments_2025,,,,21700253400014,2025,Collectivité Territoriale,Commune,['Haute-Saône'],['Bourgogne-Franche-Comté'],COM,{70},{27}
6e3ce05c-6b09-4c90-b753-0bd9d4859543,213902380,Commune de Frasne-les-Meulières (39),false,{39238},Commune,2026-03-24 14:41:59.705606+01,gold_establishments_2025,,,,21390238000012,2025,Collectivité Territoriale,Commune,['Jura'],['Bourgogne-Franche-Comté'],COM,{39},{27}
a6d4e9d8-3d27-4be2-bfa2-412a736b4df5,215902511,Commune de Frasnoy (59),false,{59251},Commune,2026-03-24 14:42:04.280096+01,gold_establishments_2025,,,,21590251100017,2025,Collectivité Territoriale,Commune,['Nord'],['Hauts-de-France'],COM,{59},{32}
4d09e9c6-feb6-4648-8f61-ea7fbc913bc2,212001192,Commune de Frasseto (2A),false,{2A119},Commune,2026-03-24 14:41:57.56054+01,gold_establishments_2025,,,,21200119200013,2025,Collectivité Territoriale,Commune,['Corse-du-Sud'],['Corse'],COM,{2A},{94}
da0de29b-0d1e-499f-b276-dde93d275fc1,215702341,Commune de Frauenberg (57),false,{57234},Commune,2026-03-24 14:42:03.701372+01,gold_establishments_2025,,,,21570234100011,2025,Collectivité Territoriale,Commune,['Moselle'],['Grand Est'],COM,{57},{44}
51eb61b3-87b8-4dd3-901a-5d4469a1c0d3,218100956,Commune de Frausseilles (81),false,{81095},Commune,2026-03-24 14:42:09.967209+01,gold_establishments_2025,,,,21810095600018,2025,Collectivité Territoriale,Commune,['Tarn'],['Occitanie'],COM,{81},{76}
2bfb90ab-36a9-4bda-93a2-8c4bfa0417d7,211001532,Commune de Fravaux (10),false,{10160},Commune,2026-03-24 14:41:53.095366+01,gold_establishments_2025,,,,21100153200012,2025,Collectivité Territoriale,Commune,['Aube'],['Grand Est'],COM,{10},{44}
4bbe937a-0e61-4fa7-a519-79a668e5ac48,214601130,Commune de Frayssinet (46),false,{46113},Commune,2026-03-24 14:42:00.862623+01,gold_establishments_2025,,,,21460113000013,2025,Collectivité Territoriale,Commune,['Lot'],['Occitanie'],COM,{46},{76}
9c1e4933-8818-43d7-9b3c-2fe5174635fc,214601148,Commune de Frayssinet-le-Gélat (46),false,{46114},Commune,2026-03-24 14:42:00.862623+01,gold_establishments_2025,,,,21460114800015,2025,Collectivité Territoriale,Commune,['Lot'],['Occitanie'],COM,{46},{76}
ec43d63f-209b-4e6c-9a49-4bba07e7e39a,214601155,Commune de Frayssinhes (46),false,{46115},Commune,2026-03-24 14:42:00.862623+01,gold_establishments_2025,,,,21460115500010,2025,Collectivité Territoriale,Commune,['Lot'],['Occitanie'],COM,{46},{76}
6eb6781e-d331-4c9f-ab9b-aa23cc18bcfe,212801617,Commune de Frazé (28),false,{28161},Commune,2026-03-24 14:41:57.028721+01,gold_establishments_2025,,,,21280161700011,2025,Collectivité Territoriale,Commune,['Eure-et-Loir'],['Centre-Val de Loire'],COM,{28},{24}
00e3f39a-b625-437a-8227-42d365100f34,218801835,Commune de Frebécourt (88),false,{88183},Commune,2026-03-24 14:42:11.118516+01,gold_establishments_2025,,,,21880183500016,2025,Collectivité Territoriale,Commune,['Vosges'],['Grand Est'],COM,{88},{44}
1b361cee-0cd8-4ebc-8c00-1fe9d5d7d96b,210500583,Commune de Freissinières (05),false,{05058},Commune,2026-03-24 14:41:52.562531+01,gold_establishments_2025,,,,21050058300013,2025,Collectivité Territoriale,Commune,['Hautes-Alpes'],"[""Provence-Alpes-Côte d'Azur""]",COM,{05},{93}
07c7cfd8-9525-4b4f-97d2-634b26368064,215702358,Commune de Freistroff (57),false,{57235},Commune,2026-03-24 14:42:03.701372+01,gold_establishments_2025,,,,21570235800015,2025,Collectivité Territoriale,Commune,['Moselle'],['Grand Est'],COM,{57},{44}
537d5155-5b3d-4202-839e-2403f35714e3,211500723,Commune de Freix-Anglards (15),false,{15072},Commune,2026-03-24 14:41:54.362296+01,gold_establishments_2025,,,,21150072300013,2025,Collectivité Territoriale,Commune,['Cantal'],['Auvergne-Rhône-Alpes'],COM,{15},{84}
8304e6aa-901d-4840-a33e-9b15cf70db5a,215902529,Commune de Frelinghien (59),false,{59252},Commune,2026-03-24 14:42:04.280096+01,gold_establishments_2025,,,,21590252900019,2025,Collectivité Territoriale,Commune,['Nord'],['Hauts-de-France'],COM,{59},{32}
33446a77-9f24-41f7-acac-1caf99168552,218801843,Commune de Fremifontaine (88),false,{88184},Commune,2026-03-24 14:42:11.118516+01,gold_establishments_2025,,,,21880184300010,2025,Collectivité Territoriale,Commune,['Vosges'],['Grand Est'],COM,{88},{44}
fe780ac5-cadf-49d6-98a7-3df317148187,216203547,Commune de Frencq (62),false,{62354},Commune,2026-03-24 14:42:05.597325+01,gold_establishments_2025,,,,21620354700015,2025,Collectivité Territoriale,Commune,['Pas-de-Calais'],['Hauts-de-France'],COM,{62},{32}
edd3d9f3-869c-4572-acda-8ebcb7108b5a,218801850,Commune de Frenelle-la-Grande (88),false,{88185},Commune,2026-03-24 14:42:11.118516+01,gold_establishments_2025,,,,21880185000015,2025,Collectivité Territoriale,Commune,['Vosges'],['Grand Est'],COM,{88},{44}
293345f5-ee79-4afe-8ea1-0b3afe4bc199,218801868,Commune de Frenelle-la-Petite (88),false,{88186},Commune,2026-03-24 14:42:11.118516+01,gold_establishments_2025,,,,21880186800017,2025,Collectivité Territoriale,Commune,['Vosges'],['Grand Est'],COM,{88},{44}
4ef29791-50b3-424a-8bbd-7cc14b091c9d,200085462,Commune de Frenelles-en-Vexin (27),false,{27070},Commune,2026-03-24 14:41:56.495197+01,gold_establishments_2025,,,,20008546200014,2025,Collectivité Territoriale,Commune,['Eure'],['Normandie'],COM,{27},{28}
a6268c29-efee-4c4a-b1d3-c952977bc456,217602820,Commune de Freneuse (76),false,{76282},Commune,2026-03-24 14:42:08.818969+01,gold_establishments_2025,,,,21760282000011,2025,Collectivité Territoriale,Commune,['Seine-Maritime'],['Normandie'],COM,{76},{28}
035d3b40-317c-4656-b679-101e2d85299c,217802552,Commune de Freneuse (78),false,{78255},Commune,2026-03-24 14:42:09.43682+01,gold_establishments_2025,,,,21780255200018,2025,Collectivité Territoriale,Commune,['Yvelines'],['Île-de-France'],COM,{78},{11}
e00d2bc0-6d59-4f26-9d25-1fc2e58bf0b0,212702674,Commune de Freneuse-sur-Risle (27),false,{27267},Commune,2026-03-24 14:41:57.028721+01,gold_establishments_2025,,,,21270267400012,2025,Collectivité Territoriale,Commune,['Eure'],['Normandie'],COM,{27},{28}
849b8cb1-4327-413a-946a-81cde2265806,217301191,Commune de Freney (73),false,{73119},Commune,2026-03-24 14:42:08.279287+01,gold_establishments_2025,,,,21730119100011,2025,Collectivité Territoriale,Commune,['Savoie'],['Auvergne-Rhône-Alpes'],COM,{73},{84}
621fba99-b066-4735-b532-54ade56215dd,217602838,Commune de Fresles (76),false,{76283},Commune,2026-03-24 14:42:08.818969+01,gold_establishments_2025,,,,21760283800013,2025,Collectivité Territoriale,Commune,['Seine-Maritime'],['Normandie'],COM,{76},{28}
403028e2-172a-4017-83a0-c12d48a623e6,211001540,Commune de Fresnay (10),false,{10161},Commune,2026-03-24 14:41:53.095366+01,gold_establishments_2025,,,,21100154000015,2025,Collectivité Territoriale,Commune,['Aube'],['Grand Est'],COM,{10},{44}
c81726e5-2e26-4a40-962c-fa842003bc54,212801641,Commune de Fresnay-l'Évêque (28),false,{28164},Commune,2026-03-24 14:41:57.028721+01,gold_establishments_2025,,,,21280164100011,2025,Collectivité Territoriale,Commune,['Eure-et-Loir'],['Centre-Val de Loire'],COM,{28},{24}
b8579f0d-763f-44cf-a58b-dedcf6395ddf,212801625,Commune de Fresnay-le-Comte (28),false,{28162},Commune,2026-03-24 14:41:57.028721+01,gold_establishments_2025,,,,21280162500014,2025,Collectivité Territoriale,Commune,['Eure-et-Loir'],['Centre-Val de Loire'],COM,{28},{24}
5b38e436-aa42-48df-a408-24c26f8b3847,212801633,Commune de Fresnay-le-Gilmert (28),false,{28163},Commune,2026-03-24 14:41:57.028721+01,gold_establishments_2025,,,,21280163300018,2025,Collectivité Territoriale,Commune,['Eure-et-Loir'],['Centre-Val de Loire'],COM,{28},{24}
b1556d2d-e04d-42dd-910a-f533e8600b8b,217602846,Commune de Fresnay-le-Long (76),false,{76284},Commune,2026-03-24 14:42:08.818969+01,gold_establishments_2025,,,,21760284600016,2025,Collectivité Territoriale,Commune,['Seine-Maritime'],['Normandie'],COM,{76},{28}
b569aef8-c40a-4f13-b82a-ece03c9bc637,216101808,Commune de Fresnay-le-Samson (61),false,{61180},Commune,2026-03-24 14:42:05.597325+01,gold_establishments_2025,,,,21610180800014,2025,Collectivité Territoriale,Commune,['Orne'],['Normandie'],COM,{61},{28}
3aa2ff83-8750-4d68-926d-57dcd73bd3ff,200085660,Commune de Fresnay-sur-Sarthe (72),false,{72138},Commune,2026-03-24 14:42:08.279287+01,gold_establishments_2025,,,,20008566000013,2025,Collectivité Territoriale,Commune,['Sarthe'],['Pays de la Loire'],COM,{72},{52}
0e487c3c-b3c7-4be3-b320-66a0a74a6724,212702690,Commune de Fresne-Cauverville (27),false,{27269},Commune,2026-03-24 14:41:57.028721+01,gold_establishments_2025,,,,21270269000018,2025,Collectivité Territoriale,Commune,['Eure'],['Normandie'],COM,{27},{28}
962ab671-2378-4856-8929-cfa8bb2b068f,216002550,Commune de Fresne-Léguillon (60),false,{60257},Commune,2026-03-24 14:42:04.814328+01,gold_establishments_2025,,,,21600255000012,2025,Collectivité Territoriale,Commune,['Oise'],['Hauts-de-France'],COM,{60},{32}
1131e19b-26f1-40a9-bb5c-15f2548b4597,217002559,Commune de Fresne-Saint-Mamès (70),false,{70255},Commune,2026-03-24 14:42:07.735343+01,gold_establishments_2025,,,,21700255900011,2025,Collectivité Territoriale,Commune,['Haute-Saône'],['Bourgogne-Franche-Comté'],COM,{70},{27}
d0d2edd7-c9e6-4f46-847c-f8848d024946,217602853,Commune de Fresne-le-Plan (76),false,{76285},Commune,2026-03-24 14:42:08.818969+01,gold_establishments_2025,,,,21760285300012,2025,Collectivité Territoriale,Commune,['Seine-Maritime'],['Normandie'],COM,{76},{28}
3ca1234b-63e9-4e98-8500-52ee8fb6ad48,212102875,Commune de Fresnes (21),false,{21287},Commune,2026-03-24 14:41:55.433389+01,gold_establishments_2025,,,,21210287500011,2025,Collectivité Territoriale,Commune,"[""Côte-d'Or""]",['Bourgogne-Franche-Comté'],COM,{21},{27}
842885de-de5f-4f3b-b99e-9d52a62a2c3d,214100943,Commune de Fresnes (41),false,{41094},Commune,2026-03-24 14:42:00.273698+01,gold_establishments_2025,,,,21410094300015,2025,Collectivité Territoriale,Commune,['Loir-et-Cher'],['Centre-Val de Loire'],COM,{41},{24}
1710475e-5487-4808-98be-cc517be649cc,218901833,Commune de Fresnes (89),false,{89183},Commune,2026-03-24 14:42:11.118516+01,gold_establishments_2025,,,,21890183300010,2025,Collectivité Territoriale,Commune,['Yonne'],['Bourgogne-Franche-Comté'],COM,{89},{27}
5926c112-c750-4671-835b-1d5932783084,219400348,Commune de Fresnes (94),false,{94034},Commune,2026-03-24 14:42:11.659493+01,gold_establishments_2025,,,,21940034800013,2025,Collectivité Territoriale,Commune,['Val-de-Marne'],['Île-de-France'],COM,{94},{11}
336b9ff3-a4f7-4d85-bd22-321383e45615,218003390,Commune de Fresnes-Mazancourt (80),false,{80353},Commune,2026-03-24 14:42:09.967209+01,gold_establishments_2025,,,,21800339000018,2025,Collectivité Territoriale,Commune,['Somme'],['Hauts-de-France'],COM,{80},{32}
3584cf47-8097-4fae-883c-0bf208895e00,218003408,Commune de Fresnes-Tilloloy (80),false,{80354},Commune,2026-03-24 14:42:09.967209+01,gold_establishments_2025,,,,21800340800018,2025,Collectivité Territoriale,Commune,['Somme'],['Hauts-de-France'],COM,{80},{32}
7588e493-e914-46eb-a2db-ed824b6231cd,215501974,Commune de Fresnes-au-Mont (55),false,{55197},Commune,2026-03-24 14:42:02.957225+01,gold_establishments_2025,,,,21550197400012,2025,Collectivité Territoriale,Commune,['Meuse'],['Grand Est'],COM,{55},{44}
4139d022-9869-4d9d-a9d2-54a3dc6130a4,215702382,Commune de Fresnes-en-Saulnois (57),false,{57238},Commune,2026-03-24 14:42:03.701372+01,gold_establishments_2025,,,,21570238200015,2025,Collectivité Territoriale,Commune,['Moselle'],['Grand Est'],COM,{57},{44}
a4f05aff-8c0a-499e-8e59-9e8bee90ae7f,210203139,Commune de Fresnes-en-Tardenois (02),false,{02332},Commune,2026-03-24 14:41:52.020251+01,gold_establishments_2025,,,,21020313900048,2025,Collectivité Territoriale,Commune,['Aisne'],['Hauts-de-France'],COM,{02},{32}
9304cd27-aa87-4fa4-b58e-e341f5fc43cc,215501982,Commune de Fresnes-en-Woëvre (55),false,{55198},Commune,2026-03-24 14:42:02.957225+01,gold_establishments_2025,,,,21550198200015,2025,Collectivité Territoriale,Commune,['Meuse'],['Grand Est'],COM,{55},{44}
471a77f7-e84c-4587-ab17-e3db22669e05,216203554,Commune de Fresnes-lès-Montauban (62),false,{62355},Commune,2026-03-24 14:42:05.597325+01,gold_establishments_2025,,,,21620355400011,2025,Collectivité Territoriale,Commune,['Pas-de-Calais'],['Hauts-de-France'],COM,{62},{32}
b1858106-a82e-4faf-8bd0-da00424e6514,210203147,Commune de Fresnes-sous-Coucy (02),false,{02333},Commune,2026-03-24 14:41:52.020251+01,gold_establishments_2025,,,,21020314700017,2025,Collectivité Territoriale,Commune,['Aisne'],['Hauts-de-France'],COM,{02},{32}
c7edb031-521b-4b8d-8f61-ac9975464b69,215201500,Commune de Fresnes-sur-Apance (52),false,{52208},Commune,2026-03-24 14:42:01.954481+01,gold_establishments_2025,,,,21520150000018,2025,Collectivité Territoriale,Commune,['Haute-Marne'],['Grand Est'],COM,{52},{44}
97d56b78-0a3e-44c0-8493-421637829934,215902537,Commune de Fresnes-sur-Escaut (59),false,{59253},Commune,2026-03-24 14:42:04.280096+01,gold_establishments_2025,,,,21590253700012,2025,Collectivité Territoriale,Commune,['Nord'],['Hauts-de-France'],COM,{59},{32}
af546f35-a65c-4553-a87f-741b2cfb8d58,217701960,Commune de Fresnes-sur-Marne (77),false,{77196},Commune,2026-03-24 14:42:09.43682+01,gold_establishments_2025,,,,21770196000015,2025,Collectivité Territoriale,Commune,['Seine-et-Marne'],['Île-de-France'],COM,{77},{11}
5167051d-3d60-4077-8dc4-d5626eb9d636,218003416,Commune de Fresneville (80),false,{80355},Commune,2026-03-24 14:42:09.967209+01,gold_establishments_2025,,,,21800341600011,2025,Collectivité Territoriale,Commune,['Somme'],['Hauts-de-France'],COM,{80},{32}
3e2c2a5f-5d47-47c0-9cfa-4fa6087fd822,212702716,Commune de Fresney (27),false,{27271},Commune,2026-03-24 14:41:57.028721+01,gold_establishments_2025,,,,21270271600011,2025,Collectivité Territoriale,Commune,['Eure'],['Normandie'],COM,{27},{28}
7bd35154-1aa8-4a0a-ac3a-e6e6b8b21489,211402904,Commune de Fresney-le-Puceux (14),false,{14290},Commune,2026-03-24 14:41:54.362296+01,gold_establishments_2025,,,,21140290400059,2025,Collectivité Territoriale,Commune,['Calvados'],['Normandie'],COM,{14},{28}
f7db2464-8e6a-48cc-a16a-4d5fbe127d58,211402912,Commune de Fresney-le-Vieux (14),false,{14291},Commune,2026-03-24 14:41:54.362296+01,gold_establishments_2025,,,,21140291200011,2025,Collectivité Territoriale,Commune,['Calvados'],['Normandie'],COM,{14},{28}
10f185c3-55a8-410f-890e-0861f20c326d,216203562,Commune de Fresnicourt-le-Dolmen (62),false,{62356},Commune,2026-03-24 14:42:05.597325+01,gold_establishments_2025,,,,21620356200014,2025,Collectivité Territoriale,Commune,['Pas-de-Calais'],['Hauts-de-France'],COM,{62},{32}
857972d4-82c7-4ee3-abff-3be1cf99ca7c,216002568,Commune de Fresnières (60),false,{60258},Commune,2026-03-24 14:42:04.814328+01,gold_establishments_2025,,,,21600256800014,2025,Collectivité Territoriale,Commune,['Oise'],['Hauts-de-France'],COM,{60},{32}
a8cbd883-cb52-416e-996b-8ee2963fb5cc,215402124,Commune de Fresnois-la-Montagne (54),false,{54212},Commune,2026-03-24 14:42:02.957225+01,gold_establishments_2025,,,,21540212400048,2025,Collectivité Territoriale,Commune,['Meurthe-et-Moselle'],['Grand Est'],COM,{54},{44}
bb4754cf-f899-4904-96f9-1b227263d4a5,216203570,Commune de Fresnoy (62),false,{62357},Commune,2026-03-24 14:42:05.597325+01,gold_establishments_2025,,,,21620357000017,2025,Collectivité Territoriale,Commune,['Pas-de-Calais'],['Hauts-de-France'],COM,{62},{32}
717edcbf-0ffb-437a-be29-0dd4aae763cb,218003424,Commune de Fresnoy-Andainville (80),false,{80356},Commune,2026-03-24 14:42:09.967209+01,gold_establishments_2025,,,,21800342400015,2025,Collectivité Territoriale,Commune,['Somme'],['Hauts-de-France'],COM,{80},{32}
bc1d4f22-7abc-4f17-a175-2c138cf62265,217602861,Commune de Fresnoy-Folny (76),false,{76286},Commune,2026-03-24 14:42:08.818969+01,gold_establishments_2025,,,,21760286100015,2025,Collectivité Territoriale,Commune,['Seine-Maritime'],['Normandie'],COM,{76},{28}
7811d38d-1bb9-4541-97f8-a6f06086e216,218003432,Commune de Fresnoy-au-Val (80),false,{80357},Commune,2026-03-24 14:42:09.967209+01,gold_establishments_2025,,,,21800343200018,2025,Collectivité Territoriale,Commune,['Somme'],['Hauts-de-France'],COM,{80},{32}
b3e9ccff-d894-42f0-969a-2e89b0ff1fb4,218003440,Commune de Fresnoy-en-Chaussée (80),false,{80358},Commune,2026-03-24 14:42:09.967209+01,gold_establishments_2025,,,,21800344000011,2025,Collectivité Territoriale,Commune,['Somme'],['Hauts-de-France'],COM,{80},{32}
7d275ba9-78bf-43bf-8062-383cbd46f69a,216203588,Commune de Fresnoy-en-Gohelle (62),false,{62358},Commune,2026-03-24 14:42:05.597325+01,gold_establishments_2025,,,,21620358800019,2025,Collectivité Territoriale,Commune,['Pas-de-Calais'],['Hauts-de-France'],COM,{62},{32}
84fbd1e7-5a86-4b70-9e64-189fddf3307d,216002576,Commune de Fresnoy-en-Thelle (60),false,{60259},Commune,2026-03-24 14:42:04.814328+01,gold_establishments_2025,,,,21600257600017,2025,Collectivité Territoriale,Commune,['Oise'],['Hauts-de-France'],COM,{60},{32}
c559a3bb-600a-4c01-b319-7dc005622306,216002584,Commune de Fresnoy-la-Rivière (60),false,{60260},Commune,2026-03-24 14:42:04.814328+01,gold_establishments_2025,,,,21600258400011,2025,Collectivité Territoriale,Commune,['Oise'],['Hauts-de-France'],COM,{60},{32}
50cc2fe2-fdea-40de-91a0-886da23ab429,211001557,Commune de Fresnoy-le-Château (10),false,{10162},Commune,2026-03-24 14:41:53.095366+01,gold_establishments_2025,,,,21100155700019,2025,Collectivité Territoriale,Commune,['Aube'],['Grand Est'],COM,{10},{44}
24bed8ea-95f3-4fa6-a68f-e9387b82ef3c,210203154,Commune de Fresnoy-le-Grand (02),false,{02334},Commune,2026-03-24 14:41:52.020251+01,gold_establishments_2025,,,,21020315400013,2025,Collectivité Territoriale,Commune,['Aisne'],['Hauts-de-France'],COM,{02},{32}
a4004f83-28d9-4eca-a731-c30fec345348,216002592,Commune de Fresnoy-le-Luat (60),false,{60261},Commune,2026-03-24 14:42:04.814328+01,gold_establishments_2025,,,,21600259200014,2025,Collectivité Territoriale,Commune,['Oise'],['Hauts-de-France'],COM,{60},{32}
843968ee-835b-4d38-9da1-04098e5ef100,218003457,Commune de Fresnoy-lès-Roye (80),false,{80359},Commune,2026-03-24 14:42:09.967209+01,gold_establishments_2025,,,,21800345700015,2025,Collectivité Territoriale,Commune,['Somme'],['Hauts-de-France'],COM,{80},{32}
61c356f0-8ee7-42cb-82b9-3dc916d12825,211402896,Commune de Fresné-la-Mère (14),false,{14289},Commune,2026-03-24 14:41:54.362296+01,gold_establishments_2025,,,,21140289600016,2025,Collectivité Territoriale,Commune,['Calvados'],['Normandie'],COM,{14},{28}
a853e522-aa8b-44ce-8525-0a04a40a3007,214701054,Commune de Frespech (47),false,{47105},Commune,2026-03-24 14:42:00.862623+01,gold_establishments_2025,,,,21470105400014,2025,Collectivité Territoriale,Commune,['Lot-et-Garonne'],['Nouvelle-Aquitaine'],COM,{47},{75}
5497c80f-69b1-453c-80c3-fc6567766d6c,217602879,Commune de Fresquiennes (76),false,{76287},Commune,2026-03-24 14:42:08.818969+01,gold_establishments_2025,,,,21760287900017,2025,Collectivité Territoriale,Commune,['Seine-Maritime'],['Normandie'],COM,{76},{28}
d2c1810d-9e6a-4138-8470-9e8d5faeab21,213001191,Commune de Fressac (30),false,{30119},Commune,2026-03-24 14:41:57.56054+01,gold_establishments_2025,,,,21300119100013,2025,Collectivité Territoriale,Commune,['Gard'],['Occitanie'],COM,{30},{76}
ef5277e4-e15e-43cc-8fff-b7cc8beb4c21,215902545,Commune de Fressain (59),false,{59254},Commune,2026-03-24 14:42:04.280096+01,gold_establishments_2025,,,,21590254500015,2025,Collectivité Territoriale,Commune,['Nord'],['Hauts-de-France'],COM,{59},{32}
b25c67eb-d603-4d02-9592-8a0d71232e33,210203162,Commune de Fressancourt (02),false,{02335},Commune,2026-03-24 14:41:52.020251+01,gold_establishments_2025,,,,21020316200016,2025,Collectivité Territoriale,Commune,['Aisne'],['Hauts-de-France'],COM,{02},{32}
dc047a21-78ce-4071-8f19-f6c0cb94a6df,217002567,Commune de Fresse (70),false,{70256},Commune,2026-03-24 14:42:07.735343+01,gold_establishments_2025,,,,21700256700014,2025,Collectivité Territoriale,Commune,['Haute-Saône'],['Bourgogne-Franche-Comté'],COM,{70},{27}
2f2fbd4d-3cd1-4a6e-b1f5-5ea25f7cee85,218801884,Commune de Fresse-sur-Moselle (88),false,{88188},Commune,2026-03-24 14:42:11.118516+01,gold_establishments_2025,,,,21880188400014,2025,Collectivité Territoriale,Commune,['Vosges'],['Grand Est'],COM,{88},{44}
9a4532cf-f42f-4534-b550-de3d320781d1,212308704,Commune de Fresselines (23),false,{23087},Commune,2026-03-24 14:41:55.958138+01,gold_establishments_2025,,,,21230870400015,2025,Collectivité Territoriale,Commune,['Creuse'],['Nouvelle-Aquitaine'],COM,{23},{75}
f963e8bf-7a06-4090-a314-108ef778d526,218003465,Commune de Fressenneville (80),false,{80360},Commune,2026-03-24 14:42:09.967209+01,gold_establishments_2025,,,,21800346500018,2025,Collectivité Territoriale,Commune,['Somme'],['Hauts-de-France'],COM,{80},{32}
3254a84a-f716-4c49-ae88-e9357a7dd407,215902552,Commune de Fressies (59),false,{59255},Commune,2026-03-24 14:42:04.280096+01,gold_establishments_2025,,,,21590255200011,2025,Collectivité Territoriale,Commune,['Nord'],['Hauts-de-France'],COM,{59},{32}
762599f4-f36a-4b28-a483-86c2387ae830,216203596,Commune de Fressin (62),false,{62359},Commune,2026-03-24 14:42:05.597325+01,gold_establishments_2025,,,,21620359600012,2025,Collectivité Territoriale,Commune,['Pas-de-Calais'],['Hauts-de-France'],COM,{62},{32}
ad2fd66b-d722-4ea3-8dbf-5c25ba4328d6,217901297,Commune de Fressines (79),false,{79129},Commune,2026-03-24 14:42:09.43682+01,gold_establishments_2025,,,,21790129700044,2025,Collectivité Territoriale,Commune,['Deux-Sèvres'],['Nouvelle-Aquitaine'],COM,{79},{75}
4a209e69-9a4e-4708-9fbf-1d041569840c,215001942,Commune de Fresville (50),false,{50194},Commune,2026-03-24 14:42:01.412377+01,gold_establishments_2025,,,,21500194200014,2025,Collectivité Territoriale,Commune,['Manche'],['Normandie'],COM,{50},{28}
3012753a-de8b-487e-bf57-8bfb224a8771,217002575,Commune de Fretigney-et-Velloreille (70),false,{70257},Commune,2026-03-24 14:42:07.735343+01,gold_establishments_2025,,,,21700257500017,2025,Collectivité Territoriale,Commune,['Haute-Saône'],['Bourgogne-Franche-Comté'],COM,{70},{27}
824870cb-0d50-46bf-85ab-27030a9040d8,215902560,Commune de Fretin (59),false,{59256},Commune,2026-03-24 14:42:04.280096+01,gold_establishments_2025,,,,21590256000014,2025,Collectivité Territoriale,Commune,['Nord'],['Hauts-de-France'],COM,{59},{32}
25916574-2c54-442b-8f7c-b57cd2c95c0d,218003473,Commune de Frettecuisse (80),false,{80361},Commune,2026-03-24 14:42:09.967209+01,gold_establishments_2025,,,,21800347300012,2025,Collectivité Territoriale,Commune,['Somme'],['Hauts-de-France'],COM,{80},{32}
77838c22-2185-4216-bdaf-947422479f0f,218003481,Commune de Frettemeule (80),false,{80362},Commune,2026-03-24 14:42:09.967209+01,gold_establishments_2025,,,,21800348100015,2025,Collectivité Territoriale,Commune,['Somme'],['Hauts-de-France'],COM,{80},{32}
d498a1af-5778-4ad3-8a7e-2313230f588d,217102078,Commune de Fretterans (71),false,{71207},Commune,2026-03-24 14:42:07.735343+01,gold_establishments_2025,,,,21710207800011,2025,Collectivité Territoriale,Commune,['Saône-et-Loire'],['Bourgogne-Franche-Comté'],COM,{71},{27}
e9db3915-8798-48b8-9450-a654ae9162d7,217602887,Commune de Freulleville (76),false,{76288},Commune,2026-03-24 14:42:08.818969+01,gold_establishments_2025,,,,21760288700010,2025,Collectivité Territoriale,Commune,['Seine-Maritime'],['Normandie'],COM,{76},{28}
63c49604-44e8-4b28-a70d-3eb74ca527a7,215702390,Commune de Freybouse (57),false,{57239},Commune,2026-03-24 14:42:03.701372+01,gold_establishments_2025,,,,21570239000042,2025,Collectivité Territoriale,Commune,['Moselle'],['Grand Est'],COM,{57},{44}
4623bc0a-4492-470e-a81d-eadda334df1c,214300972,Commune de Freycenet-la-Cuche (43),false,{43097},Commune,2026-03-24 14:42:00.273698+01,gold_establishments_2025,,,,21430097200012,2025,Collectivité Territoriale,Commune,['Haute-Loire'],['Auvergne-Rhône-Alpes'],COM,{43},{84}
1b60997f-7446-420f-9bad-50b84d279dd5,214300980,Commune de Freycenet-la-Tour (43),false,{43098},Commune,2026-03-24 14:42:00.273698+01,gold_establishments_2025,,,,21430098000015,2025,Collectivité Territoriale,Commune,['Haute-Loire'],['Auvergne-Rhône-Alpes'],COM,{43},{84}
d2015242-2559-4e42-a917-b685dd2154c8,210901260,Commune de Freychenet (09),false,{09126},Commune,2026-03-24 14:41:53.095366+01,gold_establishments_2025,,,,21090126000013,2025,Collectivité Territoriale,Commune,['Ariège'],['Occitanie'],COM,{09},{76}
b83970b7-5d12-4233-a06e-069bc7fc2948,215702408,Commune de Freyming-Merlebach (57),false,{57240},Commune,2026-03-24 14:42:03.701372+01,gold_establishments_2025,,,,21570240800018,2025,Collectivité Territoriale,Commune,['Moselle'],['Grand Est'],COM,{57},{44}
a3732b24-d638-4be0-9c2c-4712fe0ffec3,210700928,Commune de Freyssenet (07),false,{07092},Commune,2026-03-24 14:41:52.562531+01,gold_establishments_2025,,,,21070092800018,2025,Collectivité Territoriale,Commune,['Ardèche'],['Auvergne-Rhône-Alpes'],COM,{07},{84}
41b16716-43da-4fa8-8ca6-c002d4b5a4f0,212801666,Commune de Friaize (28),false,{28166},Commune,2026-03-24 14:41:57.028721+01,gold_establishments_2025,,,,21280166600018,2025,Collectivité Territoriale,Commune,['Eure-et-Loir'],['Centre-Val de Loire'],COM,{28},{24}
f497a53c-7a11-4a2a-a501-4c88b1c30889,218003499,Commune de Friaucourt (80),false,{80364},Commune,2026-03-24 14:42:09.967209+01,gold_establishments_2025,,,,21800349900017,2025,Collectivité Territoriale,Commune,['Somme'],['Hauts-de-France'],COM,{80},{32}
846b02fa-0721-4353-b792-6f311197131e,215402132,Commune de Friauville (54),false,{54213},Commune,2026-03-24 14:42:02.957225+01,gold_establishments_2025,,,,21540213200017,2025,Collectivité Territoriale,Commune,['Meurthe-et-Moselle'],['Grand Est'],COM,{54},{44}
7b84bee6-1c43-4880-80c3-7335edd9c371,215702416,Commune de Fribourg (57),false,{57241},Commune,2026-03-24 14:42:03.701372+01,gold_establishments_2025,,,,21570241600037,2025,Collectivité Territoriale,Commune,['Moselle'],['Grand Est'],COM,{57},{44}
e49180af-b0f9-418b-b1c8-bca5e5cc5420,218003507,Commune de Fricamps (80),false,{80365},Commune,2026-03-24 14:42:09.967209+01,gold_establishments_2025,,,,21800350700017,2025,Collectivité Territoriale,Commune,['Somme'],['Hauts-de-France'],COM,{80},{32}
86c31d5b-2444-4116-a877-e3b037d5f274,217602903,Commune de Frichemesnil (76),false,{76290},Commune,2026-03-24 14:42:08.818969+01,gold_establishments_2025,,,,21760290300015,2025,Collectivité Territoriale,Commune,['Seine-Maritime'],['Normandie'],COM,{76},{28}
43b345e4-ac3e-4418-ad8c-b3a800c0e919,218003515,Commune de Fricourt (80),false,{80366},Commune,2026-03-24 14:42:09.967209+01,gold_establishments_2025,,,,21800351500010,2025,Collectivité Territoriale,Commune,['Somme'],['Hauts-de-France'],COM,{80},{32}
e10c2a15-0bfa-4be7-8a80-dee9142da0d8,211500731,Commune de Fridefont (15),false,{15073},Commune,2026-03-24 14:41:54.362296+01,gold_establishments_2025,,,,21150073100016,2025,Collectivité Territoriale,Commune,['Cantal'],['Auvergne-Rhône-Alpes'],COM,{15},{84}
9be81eaf-47c0-416d-a297-981e679335ca,216701458,Commune de Friedolsheim (67),false,{67145},Commune,2026-03-24 14:42:07.195692+01,gold_establishments_2025,,,,21670145800012,2025,Collectivité Territoriale,Commune,['Bas-Rhin'],['Grand Est'],COM,{67},{44}
38be5929-4752-42f5-b5b6-17e4d734e765,216800987,Commune de Friesen (68),false,{68098},Commune,2026-03-24 14:42:07.195692+01,gold_establishments_2025,,,,21680098700010,2025,Collectivité Territoriale,Commune,['Haut-Rhin'],['Grand Est'],COM,{68},{44}
787bfe32-08e0-41b7-ab95-0f2f03578ab1,216701466,Commune de Friesenheim (67),false,{67146},Commune,2026-03-24 14:42:07.195692+01,gold_establishments_2025,,,,21670146600015,2025,Collectivité Territoriale,Commune,['Bas-Rhin'],['Grand Est'],COM,{67},{44}
150b74ca-2db3-49e0-90b6-78af58a6235e,215102435,Commune de Frignicourt (51),false,{51262},Commune,2026-03-24 14:42:01.954481+01,gold_establishments_2025,,,,21510243500017,2025,Collectivité Territoriale,Commune,['Marne'],['Grand Est'],COM,{51},{44}
1a7ef6bf-9bd5-4ab1-a6ad-4ab337e8db2e,218003523,Commune de Frise (80),false,{80367},Commune,2026-03-24 14:42:09.967209+01,gold_establishments_2025,,,,21800352300014,2025,Collectivité Territoriale,Commune,['Somme'],['Hauts-de-France'],COM,{80},{32}
91df0cae-9f0a-42eb-b439-2392dcafb949,218003531,Commune de Friville-Escarbotin (80),false,{80368},Commune,2026-03-24 14:42:09.967209+01,gold_establishments_2025,,,,21800353100017,2025,Collectivité Territoriale,Commune,['Somme'],['Hauts-de-France'],COM,{80},{32}
12166ad0-da41-4c1d-b9bb-eb39d5f34814,218801900,Commune de Frizon (88),false,{88190},Commune,2026-03-24 14:42:11.118516+01,gold_establishments_2025,,,,21880190000018,2025,Collectivité Territoriale,Commune,['Vosges'],['Grand Est'],COM,{88},{44}
c750d7cb-058c-4f61-b428-148cf58df299,210203170,Commune de Frières-Faillouël (02),false,{02336},Commune,2026-03-24 14:41:52.020251+01,gold_establishments_2025,,,,21020317000019,2025,Collectivité Territoriale,Commune,['Aisne'],['Hauts-de-France'],COM,{02},{32}
b0241f66-3de4-4074-aaa3-f69a43fe004b,217602911,Commune de Froberville (76),false,{76291},Commune,2026-03-24 14:42:08.818969+01,gold_establishments_2025,,,,21760291100018,2025,Collectivité Territoriale,Commune,['Seine-Maritime'],['Normandie'],COM,{76},{28}
69038df0-4b22-41e1-8374-1c9af6f9c293,216002626,Commune de Frocourt (60),false,{60264},Commune,2026-03-24 14:42:04.814328+01,gold_establishments_2025,,,,21600262600010,2025,Collectivité Territoriale,Commune,['Oise'],['Hauts-de-France'],COM,{60},{32}
67f0aa8a-1581-44d9-8e14-8e01691f2022,213801756,Commune de Froges (38),false,{38175},Commune,2026-03-24 14:41:59.160244+01,gold_establishments_2025,,,,21380175600015,2025,Collectivité Territoriale,Commune,['Isère'],['Auvergne-Rhône-Alpes'],COM,{38},{84}
8a837626-fd22-44ec-9975-2fbb34bf278c,200007102,Commune de Frohen-sur-Authie (80),false,{80369},Commune,2026-03-24 14:42:09.967209+01,gold_establishments_2025,,,,20000710200011,2025,Collectivité Territoriale,Commune,['Somme'],['Hauts-de-France'],COM,{80},{32}
41cdfee5-eb1c-4c5d-ba2e-067f56dedd36,216701482,Commune de Frohmuhl (67),false,{67148},Commune,2026-03-24 14:42:07.195692+01,gold_establishments_2025,,,,21670148200012,2025,Collectivité Territoriale,Commune,['Bas-Rhin'],['Grand Est'],COM,{67},{44}
275b2ce3-f990-4414-84bb-e740e53198b9,217002583,Commune de Froideconche (70),false,{70258},Commune,2026-03-24 14:42:07.735343+01,gold_establishments_2025,,,,21700258300011,2025,Collectivité Territoriale,Commune,['Haute-Saône'],['Bourgogne-Franche-Comté'],COM,{70},{27}
3df82a01-7818-4184-8c0c-1201afcbba7b,219000510,Commune de Froidefontaine (90),false,{90051},Commune,2026-03-24 14:42:11.659493+01,gold_establishments_2025,,,,21900051000012,2025,Collectivité Territoriale,Commune,['Territoire de Belfort'],['Bourgogne-Franche-Comté'],COM,{90},{27}
a32e48a4-9ea5-4bfd-ab57-f27e23bb1799,210203188,Commune de Froidestrées (02),false,{02337},Commune,2026-03-24 14:41:52.020251+01,gold_establishments_2025,,,,21020318800011,2025,Collectivité Territoriale,Commune,['Aisne'],['Hauts-de-France'],COM,{02},{32}
609347cb-ad29-4e8a-aaa4-15d6320df67b,217002591,Commune de Froideterre (70),false,{70259},Commune,2026-03-24 14:42:07.735343+01,gold_establishments_2025,,,,21700259100014,2025,Collectivité Territoriale,Commune,['Haute-Saône'],['Bourgogne-Franche-Comté'],COM,{70},{27}
9b5537de-6958-445d-a167-929b05410252,212502611,Commune de Froidevaux (25),false,{25261},Commune,2026-03-24 14:41:56.495197+01,gold_establishments_2025,,,,21250261100016,2025,Collectivité Territoriale,Commune,['Doubs'],['Bourgogne-Franche-Comté'],COM,{25},{27}
0373ac22-f5bd-45c5-81da-575ee9c79458,218500957,Commune de Froidfond (85),false,{85095},Commune,2026-03-24 14:42:10.508772+01,gold_establishments_2025,,,,21850095700012,2025,Collectivité Territoriale,Commune,['Vendée'],['Pays de la Loire'],COM,{85},{52}
1e7c7bd0-3d0f-41e5-ae1f-21f34afc82dc,210203196,Commune de Froidmont-Cohartille (02),false,{02338},Commune,2026-03-24 14:41:52.020251+01,gold_establishments_2025,,,,21020319600014,2025,Collectivité Territoriale,Commune,['Aisne'],['Hauts-de-France'],COM,{02},{32}
7ffde945-5809-448f-aca6-ebf2247a4e21,215501990,Commune de Froidos (55),false,{55199},Commune,2026-03-24 14:42:02.957225+01,gold_establishments_2025,,,,21550199000018,2025,Collectivité Territoriale,Commune,['Meuse'],['Grand Est'],COM,{55},{44}
53fe8f28-1ba6-4a91-9759-e8e6f7d83bc9,216002634,Commune de Froissy (60),false,{60265},Commune,2026-03-24 14:42:04.814328+01,gold_establishments_2025,,,,21600263400014,2025,Collectivité Territoriale,Commune,['Oise'],['Hauts-de-France'],COM,{60},{32}
00f77d01-520c-452c-86d8-51ec7c8e11af,215402140,Commune de Frolois (54),false,{54214},Commune,2026-03-24 14:42:02.957225+01,gold_establishments_2025,,,,21540214000010,2025,Collectivité Territoriale,Commune,['Meurthe-et-Moselle'],['Grand Est'],COM,{54},{44}
cbf93a75-c8a3-4578-857c-c79f45355a31,210801668,Commune de Fromelennes (08),false,{08183},Commune,2026-03-24 14:41:52.562531+01,gold_establishments_2025,,,,21080166800018,2025,Collectivité Territoriale,Commune,['Ardennes'],['Grand Est'],COM,{08},{44}
333c09a0-a3dd-4c53-b144-fe4dbc8f3cdb,215902578,Commune de Fromelles (59),false,{59257},Commune,2026-03-24 14:42:04.280096+01,gold_establishments_2025,,,,21590257800016,2025,Collectivité Territoriale,Commune,['Nord'],['Hauts-de-France'],COM,{59},{32}
7bc3b01e-f62b-4f48-9812-abd4c5e3415a,218706802,Commune de Fromental (87),false,{87068},Commune,2026-03-24 14:42:11.118516+01,gold_establishments_2025,,,,21870680200012,2025,Collectivité Territoriale,Commune,['Haute-Vienne'],['Nouvelle-Aquitaine'],COM,{87},{75}
21e0fdfd-4398-41f9-a36b-e419124a6e57,215102443,Commune de Fromentières (51),false,{51263},Commune,2026-03-24 14:42:01.954481+01,gold_establishments_2025,,,,21510244300011,2025,Collectivité Territoriale,Commune,['Marne'],['Grand Est'],COM,{51},{44}
19583204-602f-4af6-a11c-079be87bfe74,215301011,Commune de Fromentières (53),false,{53101},Commune,2026-03-24 14:42:02.957225+01,gold_establishments_2025,,,,21530101100015,2025,Collectivité Territoriale,Commune,['Mayenne'],['Pays de la Loire'],COM,{53},{52}
bac578d6-a91e-4178-9210-6371d36cb845,215502006,Commune de Fromeréville-les-Vallons (55),false,{55200},Commune,2026-03-24 14:42:02.957225+01,gold_establishments_2025,,,,21550200600012,2025,Collectivité Territoriale,Commune,['Meuse'],['Grand Est'],COM,{55},{44}
ee7b10b1-aa98-4339-8d2e-648d46ceeffd,215502014,Commune de Fromezey (55),false,{55201},Commune,2026-03-24 14:42:02.957225+01,gold_establishments_2025,,,,21550201400016,2025,Collectivité Territoriale,Commune,['Meuse'],['Grand Est'],COM,{55},{44}
162ad426-af4f-419b-abcd-6da3107ae4ea,217701986,Commune de Fromont (77),false,{77198},Commune,2026-03-24 14:42:09.43682+01,gold_establishments_2025,,,,21770198600010,2025,Collectivité Territoriale,Commune,['Seine-et-Marne'],['Île-de-France'],COM,{77},{11}
416165b3-97ef-4f4b-a35e-fb0439a3b9a2,210801676,Commune de Fromy (08),false,{08184},Commune,2026-03-24 14:41:52.562531+01,gold_establishments_2025,,,,21080167600011,2025,Collectivité Territoriale,Commune,['Ardennes'],['Grand Est'],COM,{08},{44}
563c3ccc-0d2e-4cd3-8b8c-fb6cfcb438cb,215201518,Commune de Froncles (52),false,{52211},Commune,2026-03-24 14:42:01.954481+01,gold_establishments_2025,,,,21520151800010,2025,Collectivité Territoriale,Commune,['Haute-Marne'],['Grand Est'],COM,{52},{44}
2ba29b2b-567b-4b56-bebf-20ca24fee19b,213101991,Commune de Fronsac (31),false,{31199},Commune,2026-03-24 14:41:58.09424+01,gold_establishments_2025,,,,21310199100015,2025,Collectivité Territoriale,Commune,['Haute-Garonne'],['Occitanie'],COM,{31},{76}
ecf1f2bb-0915-4dac-8e09-38542f44b4f4,213301740,Commune de Fronsac (33),false,{33174},Commune,2026-03-24 14:41:58.620411+01,gold_establishments_2025,,,,21330174000014,2025,Collectivité Territoriale,Commune,['Gironde'],['Nouvelle-Aquitaine'],COM,{33},{75}
908aa05c-5dc9-409e-baa6-f6e6efd6fa4e,213301757,Commune de Frontenac (33),false,{33175},Commune,2026-03-24 14:41:58.620411+01,gold_establishments_2025,,,,21330175700018,2025,Collectivité Territoriale,Commune,['Gironde'],['Nouvelle-Aquitaine'],COM,{33},{75}
c1f8a79a-a0c0-4a01-ad19-a54363d1df17,214601163,Commune de Frontenac (46),false,{46116},Commune,2026-03-24 14:42:00.862623+01,gold_establishments_2025,,,,21460116300014,2025,Collectivité Territoriale,Commune,['Lot'],['Occitanie'],COM,{46},{76}
0eacf19d-6da8-4646-b183-a82abda836e5,217102086,Commune de Frontenard (71),false,{71208},Commune,2026-03-24 14:42:07.735343+01,gold_establishments_2025,,,,21710208600014,2025,Collectivité Territoriale,Commune,['Saône-et-Loire'],['Bourgogne-Franche-Comté'],COM,{71},{27}
2ab199d8-234d-470f-86b0-d925defcfd25,216900902,Commune de Frontenas (69),false,{69090},Commune,2026-03-24 14:42:07.195692+01,gold_establishments_2025,,,,21690090200018,2025,Collectivité Territoriale,Commune,['Rhône'],['Auvergne-Rhône-Alpes'],COM,{69},{84}
48a363f4-4d1b-4c93-83bb-9c086a46ec19,217102094,Commune de Frontenaud (71),false,{71209},Commune,2026-03-24 14:42:07.735343+01,gold_establishments_2025,,,,21710209400018,2025,Collectivité Territoriale,Commune,['Saône-et-Loire'],['Bourgogne-Franche-Comté'],COM,{71},{27}
8eb1b344-b266-427e-b08f-b346a90db518,213902448,Commune de Frontenay (39),false,{39244},Commune,2026-03-24 14:41:59.705606+01,gold_establishments_2025,,,,21390244800017,2025,Collectivité Territoriale,Commune,['Jura'],['Bourgogne-Franche-Comté'],COM,{39},{27}
76f52b07-d9b7-4880-81a6-d8afbab6b194,217901305,Commune de Frontenay-Rohan-Rohan (79),false,{79130},Commune,2026-03-24 14:42:09.43682+01,gold_establishments_2025,,,,21790130500011,2025,Collectivité Territoriale,Commune,['Deux-Sèvres'],['Nouvelle-Aquitaine'],COM,{79},{75}
fea14c17-2f9d-4d46-8de0-ecccb31283a8,217301217,Commune de Frontenex (73),false,{73121},Commune,2026-03-24 14:42:08.279287+01,gold_establishments_2025,,,,21730121700014,2025,Collectivité Territoriale,Commune,['Savoie'],['Auvergne-Rhône-Alpes'],COM,{73},{84}
48eb092a-af27-4db6-9382-20deeea2cb2b,213401086,Commune de Frontignan (34),false,{34108},Commune,2026-03-24 14:41:58.620411+01,gold_establishments_2025,,,,21340108600011,2025,Collectivité Territoriale,Commune,['Hérault'],['Occitanie'],COM,{34},{76}
e5b204e2-d5dd-40e8-b3a5-736e834709f7,213102015,Commune de Frontignan-Savès (31),false,{31201},Commune,2026-03-24 14:41:58.09424+01,gold_establishments_2025,,,,21310201500012,2025,Collectivité Territoriale,Commune,['Haute-Garonne'],['Occitanie'],COM,{31},{76}
d7adfa90-fde3-416c-9ff2-f64ad7112126,213102007,Commune de Frontignan-de-Comminges (31),false,{31200},Commune,2026-03-24 14:41:58.09424+01,gold_establishments_2025,,,,21310200700019,2025,Collectivité Territoriale,Commune,['Haute-Garonne'],['Occitanie'],COM,{31},{76}
d917f8cf-ce77-439e-87fc-9e18b5130e98,213102023,Commune de Fronton (31),false,{31202},Commune,2026-03-24 14:41:58.09424+01,gold_establishments_2025,,,,21310202300016,2025,Collectivité Territoriale,Commune,['Haute-Garonne'],['Occitanie'],COM,{31},{76}
a5ab19c7-c63d-403f-b835-81570abbb20c,213801764,Commune de Frontonas (38),false,{38176},Commune,2026-03-24 14:41:59.160244+01,gold_establishments_2025,,,,21380176400019,2025,Collectivité Territoriale,Commune,['Isère'],['Auvergne-Rhône-Alpes'],COM,{38},{84}
3cd9ac37-9bed-47e5-8957-659f00f392be,215201526,Commune de Fronville (52),false,{52212},Commune,2026-03-24 14:42:01.954481+01,gold_establishments_2025,,,,21520152600013,2025,Collectivité Territoriale,Commune,['Haute-Marne'],['Grand Est'],COM,{52},{44}
2e911505-4d64-49dc-b4f9-84507f580139,214400616,Commune de Frossay (44),false,{44061},Commune,2026-03-24 14:42:00.273698+01,gold_establishments_2025,,,,21440061600014,2025,Collectivité Territoriale,Commune,['Loire-Atlantique'],['Pays de la Loire'],COM,{44},{52}
05032f8e-45c9-4bcd-a120-31c873f566a4,217002609,Commune de Frotey-lès-Lure (70),false,{70260},Commune,2026-03-24 14:42:07.735343+01,gold_establishments_2025,,,,21700260900014,2025,Collectivité Territoriale,Commune,['Haute-Saône'],['Bourgogne-Franche-Comté'],COM,{70},{27}
8205c126-f727-4c02-8f4a-b7ff1a96daad,217002617,Commune de Frotey-lès-Vesoul (70),false,{70261},Commune,2026-03-24 14:42:07.735343+01,gold_establishments_2025,,,,21700261700017,2025,Collectivité Territoriale,Commune,['Haute-Saône'],['Bourgogne-Franche-Comté'],COM,{70},{27}
f91b8174-7980-41da-b8df-96e442170646,215402157,Commune de Frouard (54),false,{54215},Commune,2026-03-24 14:42:02.957225+01,gold_establishments_2025,,,,21540215700014,2025,Collectivité Territoriale,Commune,['Meurthe-et-Moselle'],['Grand Est'],COM,{54},{44}
cc3e99da-b40f-45b7-9f44-5249d1f77537,219502580,Commune de Frouville (95),false,{95258},Commune,2026-03-24 14:42:11.659493+01,gold_establishments_2025,,,,21950258000018,2025,Collectivité Territoriale,Commune,"[""Val-d'Oise""]",['Île-de-France'],COM,{95},{11}
0f57caa6-b862-483a-9523-8b8e9970ad15,213102031,Commune de Frouzins (31),false,{31203},Commune,2026-03-24 14:41:58.09424+01,gold_establishments_2025,,,,21310203100019,2025,Collectivité Territoriale,Commune,['Haute-Garonne'],['Occitanie'],COM,{31},{76}
6c2ecd4f-03c0-4d55-83d0-666650feca2d,215402165,Commune de Froville (54),false,{54216},Commune,2026-03-24 14:42:02.957225+01,gold_establishments_2025,,,,21540216500017,2025,Collectivité Territoriale,Commune,['Meurthe-et-Moselle'],['Grand Est'],COM,{54},{44}
958c2589-c969-4b66-9d89-bcb7769aca34,218003564,Commune de Froyelles (80),false,{80371},Commune,2026-03-24 14:42:09.967209+01,gold_establishments_2025,,,,21800356400018,2025,Collectivité Territoriale,Commune,['Somme'],['Hauts-de-France'],COM,{80},{32}
7c8f9755-39ca-4fbf-8a08-f2f5247d7175,218601029,Commune de Frozes (86),false,{86102},Commune,2026-03-24 14:42:10.508772+01,gold_establishments_2025,,,,21860102900018,2025,Collectivité Territoriale,Commune,['Vienne'],['Nouvelle-Aquitaine'],COM,{86},{75}
2db8e54d-af99-45da-a73a-8cd038ef7ef1,218003572,Commune de Frucourt (80),false,{80372},Commune,2026-03-24 14:42:09.967209+01,gold_establishments_2025,,,,21800357200011,2025,Collectivité Territoriale,Commune,['Somme'],['Hauts-de-France'],COM,{80},{32}
f5abc99a-3222-4ed0-b80e-fc1dbd4d5954,214300998,Commune de Frugerès-les-Mines (43),false,{43099},Commune,2026-03-24 14:42:00.273698+01,gold_establishments_2025,,,,21430099800017,2025,Collectivité Territoriale,Commune,['Haute-Loire'],['Auvergne-Rhône-Alpes'],COM,{43},{84}
92404ae8-8d9e-4f05-b9e6-874ee2dae3b7,216203646,Commune de Fruges (62),false,{62364},Commune,2026-03-24 14:42:05.597325+01,gold_establishments_2025,,,,21620364600015,2025,Collectivité Territoriale,Commune,['Pas-de-Calais'],['Hauts-de-France'],COM,{62},{32}
57f80dd1-2b49-457b-9909-879028146c14,214301004,Commune de Frugières-le-Pin (43),false,{43100},Commune,2026-03-24 14:42:00.273698+01,gold_establishments_2025,,,,21430100400013,2025,Collectivité Territoriale,Commune,['Haute-Loire'],['Auvergne-Rhône-Alpes'],COM,{43},{84}
e0de756e-fd31-495c-af66-bacee31f7dcb,212801674,Commune de Fruncé (28),false,{28167},Commune,2026-03-24 14:41:57.028721+01,gold_establishments_2025,,,,21280167400012,2025,Collectivité Territoriale,Commune,['Eure-et-Loir'],['Centre-Val de Loire'],COM,{28},{24}
fd6a15be-52fd-4eef-b97b-5709853fbac5,217602929,Commune de Fry (76),false,{76292},Commune,2026-03-24 14:42:08.818969+01,gold_establishments_2025,,,,21760292900010,2025,Collectivité Territoriale,Commune,['Seine-Maritime'],['Normandie'],COM,{76},{28}
624bbda6-285b-40d7-9630-fc734f0a41d2,217602804,Commune de Fréauville (76),false,{76280},Commune,2026-03-24 14:42:08.818969+01,gold_establishments_2025,,,,21760280400015,2025,Collectivité Territoriale,Commune,['Seine-Maritime'],['Normandie'],COM,{76},{28}
a1cb8284-23c8-4365-bd20-9b4210b3b52e,213902414,Commune de Frébuans (39),false,{39241},Commune,2026-03-24 14:41:59.705606+01,gold_establishments_2025,,,,21390241400019,2025,Collectivité Territoriale,Commune,['Jura'],['Bourgogne-Franche-Comté'],COM,{39},{27}
17445ffe-7c23-46d2-8081-b0c08a40dafc,218003374,Commune de Fréchencourt (80),false,{80351},Commune,2026-03-24 14:42:09.967209+01,gold_establishments_2025,,,,21800337400012,2025,Collectivité Territoriale,Commune,['Somme'],['Hauts-de-France'],COM,{80},{32}
e23fd7fa-fff6-4d5c-b5e4-7d0d62024ade,216501791,Commune de Fréchendets (65),false,{65179},Commune,2026-03-24 14:42:06.665412+01,gold_establishments_2025,,,,21650179100018,2025,Collectivité Territoriale,Commune,['Hautes-Pyrénées'],['Occitanie'],COM,{65},{76}
d54a11ab-96e8-47a7-8192-f430bf263286,216501809,Commune de Fréchet-Aure (65),false,{65180},Commune,2026-03-24 14:42:06.665412+01,gold_establishments_2025,,,,21650180900018,2025,Collectivité Territoriale,Commune,['Hautes-Pyrénées'],['Occitanie'],COM,{65},{76}
718cd4ae-69e6-4c8d-91f4-1333fcf95121,214701039,Commune de Fréchou (47),false,{47103},Commune,2026-03-24 14:42:00.862623+01,gold_establishments_2025,,,,21470103900015,2025,Collectivité Territoriale,Commune,['Lot-et-Garonne'],['Nouvelle-Aquitaine'],COM,{47},{75}
97633a2a-c774-4c6c-ac53-8e2be39d3d0c,216501817,Commune de Fréchou-Fréchet (65),false,{65181},Commune,2026-03-24 14:42:06.665412+01,gold_establishments_2025,,,,21650181700011,2025,Collectivité Territoriale,Commune,['Hautes-Pyrénées'],['Occitanie'],COM,{65},{76}
23ab617d-5b5f-4f0c-bb34-0799f8a919d8,216501783,Commune de Fréchède (65),false,{65178},Commune,2026-03-24 14:42:06.665412+01,gold_establishments_2025,,,,21650178300015,2025,Collectivité Territoriale,Commune,['Hautes-Pyrénées'],['Occitanie'],COM,{65},{76}
59a660c8-0070-435c-b7cc-3bb2cb70b2bd,215204025,Commune de Frécourt (52),false,{52207},Commune,2026-03-24 14:42:01.954481+01,gold_establishments_2025,,,,21520402500013,2025,Collectivité Territoriale,Commune,['Haute-Marne'],['Grand Est'],COM,{52},{44}
9d240467-c781-4e48-bce7-cc27b1385a67,213600802,Commune de Frédille (36),false,{36080},Commune,2026-03-24 14:41:59.160244+01,gold_establishments_2025,,,,21360080200010,2025,Collectivité Territoriale,Commune,['Indre'],['Centre-Val de Loire'],COM,{36},{24}
5188a047-05db-4c15-abac-53a61b933441,217002542,Commune de Frédéric-Fontaine (70),false,{70254},Commune,2026-03-24 14:42:07.735343+01,gold_establishments_2025,,,,21700254200017,2025,Collectivité Territoriale,Commune,['Haute-Saône'],['Bourgogne-Franche-Comté'],COM,{70},{27}
9fb28057-1113-49f6-a95a-e2c7cd7f8860,214701047,Commune de Frégimont (47),false,{47104},Commune,2026-03-24 14:42:00.862623+01,gold_establishments_2025,,,,21470104700018,2025,Collectivité Territoriale,Commune,['Lot-et-Garonne'],['Nouvelle-Aquitaine'],COM,{47},{75}
6de8d417-fde2-45e0-8220-f8d281812ba2,213201346,Commune de Frégouville (32),false,{32134},Commune,2026-03-24 14:41:58.09424+01,gold_establishments_2025,,,,21320134600011,2025,Collectivité Territoriale,Commune,['Gers'],['Occitanie'],COM,{32},{76}
6bda52d0-c67c-47a4-b738-b35f3277c3e7,212201792,Commune de Fréhel (22),false,{22179},Commune,2026-03-24 14:41:55.433389+01,gold_establishments_2025,,,,21220179200018,2025,Collectivité Territoriale,Commune,"[""Côtes-d'Armor""]",['Bretagne'],COM,{22},{53}
34906889-39c0-41bb-93bc-8c14a48f511b,218100972,Commune de Fréjairolles (81),false,{81097},Commune,2026-03-24 14:42:09.967209+01,gold_establishments_2025,,,,21810097200015,2025,Collectivité Territoriale,Commune,['Tarn'],['Occitanie'],COM,{81},{76}
3ac18c29-8c51-408b-beca-d285e2e6813c,218100980,Commune de Fréjeville (81),false,{81098},Commune,2026-03-24 14:42:09.967209+01,gold_establishments_2025,,,,21810098000018,2025,Collectivité Territoriale,Commune,['Tarn'],['Occitanie'],COM,{81},{76}
0712688f-dd9c-412d-af3c-7ad0612be28d,218300614,Commune de Fréjus (83),false,{83061},Commune,2026-03-24 14:42:10.508772+01,gold_establishments_2025,,,,21830061400011,2025,Collectivité Territoriale,Commune,['Var'],"[""Provence-Alpes-Côte d'Azur""]",COM,{83},{93}
f7239552-0e57-4c2f-b1e1-2383bc8ea078,216800979,Commune de Fréland (68),false,{68097},Commune,2026-03-24 14:42:07.195692+01,gold_establishments_2025,,,,21680097900017,2025,Collectivité Territoriale,Commune,['Haut-Rhin'],['Grand Est'],COM,{68},{44}
ee142b15-6ae1-4818-9abc-54c5ef852a99,219502531,Commune de Frémainville (95),false,{95253},Commune,2026-03-24 14:42:11.659493+01,gold_establishments_2025,,,,21950253100011,2025,Collectivité Territoriale,Commune,"[""Val-d'Oise""]",['Île-de-France'],COM,{95},{11}
8a7a89a9-1ddc-4003-9cf3-7de126ff0897,215702366,Commune de Frémery (57),false,{57236},Commune,2026-03-24 14:42:03.701372+01,gold_establishments_2025,,,,21570236600018,2025,Collectivité Territoriale,Commune,['Moselle'],['Grand Est'],COM,{57},{44}
8d7f9c5c-6069-42a3-8dba-1625958d880b,215501966,Commune de Frémeréville-sous-les-Côtes (55),false,{55196},Commune,2026-03-24 14:42:02.957225+01,gold_establishments_2025,,,,21550196600018,2025,Collectivité Territoriale,Commune,['Meuse'],['Grand Est'],COM,{55},{44}
0fd085c8-efb8-4f2b-a1a9-0b653fa2da2e,215702374,Commune de Frémestroff (57),false,{57237},Commune,2026-03-24 14:42:03.701372+01,gold_establishments_2025,,,,21570237400012,2025,Collectivité Territoriale,Commune,['Moselle'],['Grand Est'],COM,{57},{44}
962c59b3-3cb1-4b37-9c92-ab3daeb58b6e,216203539,Commune de Frémicourt (62),false,{62353},Commune,2026-03-24 14:42:05.597325+01,gold_establishments_2025,,,,21620353900012,2025,Collectivité Territoriale,Commune,['Pas-de-Calais'],['Hauts-de-France'],COM,{62},{32}
eb5adee6-20af-45d1-bf1d-69a87fc27b42,218003382,Commune de Frémontiers (80),false,{80352},Commune,2026-03-24 14:42:09.967209+01,gold_establishments_2025,,,,21800338200015,2025,Collectivité Territoriale,Commune,['Somme'],['Hauts-de-France'],COM,{80},{32}
cdc63c3b-fb63-4bce-a7cb-81214ababf61,215402116,Commune de Frémonville (54),false,{54211},Commune,2026-03-24 14:42:02.957225+01,gold_establishments_2025,,,,21540211600010,2025,Collectivité Territoriale,Commune,['Meurthe-et-Moselle'],['Grand Est'],COM,{54},{44}
d5cff74c-a02c-4d39-a37a-781b8e3cfa7a,219502549,Commune de Frémécourt (95),false,{95254},Commune,2026-03-24 14:42:11.659493+01,gold_establishments_2025,,,,21950254900013,2025,Collectivité Territoriale,Commune,"[""Val-d'Oise""]",['Île-de-France'],COM,{95},{11}
ccfaae9f-5f95-4fcb-ab8f-554acf472733,215402108,Commune de Fréménil (54),false,{54210},Commune,2026-03-24 14:42:02.957225+01,gold_establishments_2025,,,,21540210800017,2025,Collectivité Territoriale,Commune,['Meurthe-et-Moselle'],['Grand Est'],COM,{54},{44}
c104a3cb-801e-4bd8-94cc-88f3cccadee8,216002535,Commune de Fréniches (60),false,{60255},Commune,2026-03-24 14:42:04.814328+01,gold_establishments_2025,,,,21600253500013,2025,Collectivité Territoriale,Commune,['Oise'],['Hauts-de-France'],COM,{60},{32}
cf5de961-b774-409b-a62c-0d5f7bc6cb85,212102867,Commune de Frénois (21),false,{21286},Commune,2026-03-24 14:41:55.433389+01,gold_establishments_2025,,,,21210286700018,2025,Collectivité Territoriale,Commune,"[""Côte-d'Or""]",['Bourgogne-Franche-Comté'],COM,{21},{27}
9cc516ba-dfde-4803-a368-e0aadbee2730,218801876,Commune de Frénois (88),false,{88187},Commune,2026-03-24 14:42:11.118516+01,gold_establishments_2025,,,,21880187600010,2025,Collectivité Territoriale,Commune,['Vosges'],['Grand Est'],COM,{88},{44}
e40fdb85-0418-4d4d-9c61-c6108eb20a9c,211402870,Commune de Frénouville (14),false,{14287},Commune,2026-03-24 14:41:54.362296+01,gold_establishments_2025,,,,21140287000052,2025,Collectivité Territoriale,Commune,['Calvados'],['Normandie'],COM,{14},{28}
68ca091a-3b46-45dc-b8d2-fca3f55535bf,219502564,Commune de Frépillon (95),false,{95256},Commune,2026-03-24 14:42:11.659493+01,gold_establishments_2025,,,,21950256400012,2025,Collectivité Territoriale,Commune,"[""Val-d'Oise""]",['Île-de-France'],COM,{95},{11}
41657402-1b0a-420f-ad35-c06bf837263c,217301209,Commune de Fréterive (73),false,{73120},Commune,2026-03-24 14:42:08.279287+01,gold_establishments_2025,,,,21730120900011,2025,Collectivité Territoriale,Commune,['Savoie'],['Auvergne-Rhône-Alpes'],COM,{73},{84}
03b90f01-5366-4784-8927-95c5b90d66b4,214100950,Commune de Fréteval (41),false,{41095},Commune,2026-03-24 14:42:00.273698+01,gold_establishments_2025,,,,21410095000010,2025,Collectivité Territoriale,Commune,['Loir-et-Cher'],['Centre-Val de Loire'],COM,{41},{24}
df6c6587-6c5b-4a76-8cca-9ec080931124,216203604,Commune de Fréthun (62),false,{62360},Commune,2026-03-24 14:42:05.597325+01,gold_establishments_2025,,,,21620360400014,2025,Collectivité Territoriale,Commune,['Pas-de-Calais'],['Hauts-de-France'],COM,{62},{32}
2356dbc0-6dd2-402b-858e-92fe9c377d09,217701978,Commune de Frétoy (77),false,{77197},Commune,2026-03-24 14:42:09.43682+01,gold_establishments_2025,,,,21770197800017,2025,Collectivité Territoriale,Commune,['Seine-et-Marne'],['Île-de-France'],COM,{77},{11}
f874626f-f9d8-439c-ad01-3a3091457152,216002618,Commune de Frétoy-le-Château (60),false,{60263},Commune,2026-03-24 14:42:04.814328+01,gold_establishments_2025,,,,21600261800017,2025,Collectivité Territoriale,Commune,['Oise'],['Hauts-de-France'],COM,{60},{32}
c6a4eead-aaea-4a33-b6f0-b22e41870958,216203612,Commune de Frévent (62),false,{62361},Commune,2026-03-24 14:42:05.597325+01,gold_establishments_2025,,,,21620361200017,2025,Collectivité Territoriale,Commune,['Pas-de-Calais'],['Hauts-de-France'],COM,{62},{32}
91a0f1a4-efed-474d-9bbd-8377b372f241,218801892,Commune de Fréville (88),false,{88189},Commune,2026-03-24 14:42:11.118516+01,gold_establishments_2025,,,,21880189200017,2025,Collectivité Territoriale,Commune,['Vosges'],['Grand Est'],COM,{88},{44}
22db38cb-9a67-4862-b86d-07341e90f5cf,214501504,Commune de Fréville-du-Gâtinais (45),false,{45150},Commune,2026-03-24 14:42:00.862623+01,gold_establishments_2025,,,,21450150400010,2025,Collectivité Territoriale,Commune,['Loiret'],['Centre-Val de Loire'],COM,{45},{24}
edc802be-1afc-4e89-9237-1571c6d90353,216203620,Commune de Frévillers (62),false,{62362},Commune,2026-03-24 14:42:05.597325+01,gold_establishments_2025,,,,21620362000010,2025,Collectivité Territoriale,Commune,['Pas-de-Calais'],['Hauts-de-France'],COM,{62},{32}
b0048b1b-3dfd-4d12-809a-8fcfd10d6208,216203638,Commune de Frévin-Capelle (62),false,{62363},Commune,2026-03-24 14:42:05.597325+01,gold_establishments_2025,,,,21620363800012,2025,Collectivité Territoriale,Commune,['Pas-de-Calais'],['Hauts-de-France'],COM,{62},{32}
e6cc27b6-9cd3-49e5-af07-eb312a035a4e,212102883,Commune de Frôlois (21),false,{21288},Commune,2026-03-24 14:41:55.433389+01,gold_establishments_2025,,,,21210288300015,2025,Collectivité Territoriale,Commune,"[""Côte-d'Or""]",['Bourgogne-Franche-Comté'],COM,{21},{27}
2b60adcb-3973-48df-a61f-22197a15871b,216800995,Commune de Frœningen (68),false,{68099},Commune,2026-03-24 14:42:07.195692+01,gold_establishments_2025,,,,21680099500013,2025,Collectivité Territoriale,Commune,['Haut-Rhin'],['Grand Est'],COM,{68},{44}
403aeb9e-f4d4-488d-98f1-9c203e715991,216701474,Commune de Frœschwiller (67),false,{67147},Commune,2026-03-24 14:42:07.195692+01,gold_establishments_2025,,,,21670147400019,2025,Collectivité Territoriale,Commune,['Bas-Rhin'],['Grand Est'],COM,{67},{44}
abfc8d6e-f807-476c-a6bf-ef94bb0b6498,212502629,Commune de Fuans (25),false,{25262},Commune,2026-03-24 14:41:56.495197+01,gold_establishments_2025,,,,21250262900018,2025,Collectivité Territoriale,Commune,['Doubs'],['Bourgogne-Franche-Comté'],COM,{25},{27}
e7d41d33-b51e-41cb-8eb9-0ec047a27d3a,217701994,Commune de Fublaines (77),false,{77199},Commune,2026-03-24 14:42:09.43682+01,gold_establishments_2025,,,,21770199400014,2025,Collectivité Territoriale,Commune,['Seine-et-Marne'],['Île-de-France'],COM,{77},{11}
b7f4ac4e-61dc-4b25-acef-820926b077bb,216600858,Commune de Fuilla (66),false,{66085},Commune,2026-03-24 14:42:06.665412+01,gold_establishments_2025,,,,21660085800015,2025,Collectivité Territoriale,Commune,['Pyrénées-Orientales'],['Occitanie'],COM,{66},{76}
4cb4ac88-d4e8-41f4-8d60-e6710f69764f,217102102,Commune de Fuissé (71),false,{71210},Commune,2026-03-24 14:42:07.735343+01,gold_establishments_2025,,,,21710210200019,2025,Collectivité Territoriale,Commune,['Saône-et-Loire'],['Bourgogne-Franche-Comté'],COM,{71},{27}
723f0a19-db7c-46e1-a657-2be64f37e98b,211001565,Commune de Fuligny (10),false,{10163},Commune,2026-03-24 14:41:53.095366+01,gold_establishments_2025,,,,21100156500012,2025,Collectivité Territoriale,Commune,['Aube'],['Grand Est'],COM,{10},{44}
aff799c3-5944-4933-8182-9c7d0a7e6165,216801001,Commune de Fulleren (68),false,{68100},Commune,2026-03-24 14:42:07.195692+01,gold_establishments_2025,,,,21680100100019,2025,Collectivité Territoriale,Commune,['Haut-Rhin'],['Grand Est'],COM,{68},{44}
86619186-7ccf-4555-8187-08b70de25e09,217602937,Commune de Fultot (76),false,{76293},Commune,2026-03-24 14:42:08.818969+01,gold_establishments_2025,,,,21760293700013,2025,Collectivité Territoriale,Commune,['Seine-Maritime'],['Normandie'],COM,{76},{28}
578b6557-cdaf-4e21-83e8-0e8fc2003d88,218901841,Commune de Fulvy (89),false,{89184},Commune,2026-03-24 14:42:11.118516+01,gold_establishments_2025,,,,21890184100013,2025,Collectivité Territoriale,Commune,['Yonne'],['Bourgogne-Franche-Comté'],COM,{89},{27}
d7d96926-ee4a-4a86-9160-4a4ccd9a4fea,210801684,Commune de Fumay (08),false,{08185},Commune,2026-03-24 14:41:52.562531+01,gold_establishments_2025,,,,21080168400015,2025,Collectivité Territoriale,Commune,['Ardennes'],['Grand Est'],COM,{08},{44}
6d703b59-eafb-4f75-b7fd-703a581a4431,214701062,Commune de Fumel (47),false,{47106},Commune,2026-03-24 14:42:00.862623+01,gold_establishments_2025,,,,21470106200017,2025,Collectivité Territoriale,Commune,['Lot-et-Garonne'],['Nouvelle-Aquitaine'],COM,{47},{75}
f11dd6fd-3211-4e11-aea7-edb1527aca0b,211402938,Commune de Fumichon (14),false,{14293},Commune,2026-03-24 14:41:54.362296+01,gold_establishments_2025,,,,21140293800016,2025,Collectivité Territoriale,Commune,['Calvados'],['Normandie'],COM,{14},{28}
280f5e58-a92b-482b-8035-7b190e409271,216701490,Commune de Furchhausen (67),false,{67149},Commune,2026-03-24 14:42:07.195692+01,gold_establishments_2025,,,,21670149000015,2025,Collectivité Territoriale,Commune,['Bas-Rhin'],['Grand Est'],COM,{67},{44}
fa21eab8-9896-4ab9-91d4-a497ae8118f2,216701508,Commune de Furdenheim (67),false,{67150},Commune,2026-03-24 14:42:07.195692+01,gold_establishments_2025,,,,21670150800014,2025,Collectivité Territoriale,Commune,['Bas-Rhin'],['Grand Est'],COM,{67},{44}
c3d32ff9-1b46-486e-9b96-5515d4e1fda1,212001200,Commune de Furiani (2B),false,{2B120},Commune,2026-03-24 14:41:57.56054+01,gold_establishments_2025,,,,21200120000014,2025,Collectivité Territoriale,Commune,['Haute-Corse'],['Corse'],COM,{2B},{94}
88bba88e-94e1-4efc-8132-3705e12d6cac,210500609,Commune de Furmeyer (05),false,{05060},Commune,2026-03-24 14:41:52.562531+01,gold_establishments_2025,,,,21050060900016,2025,Collectivité Territoriale,Commune,['Hautes-Alpes'],"[""Provence-Alpes-Côte d'Azur""]",COM,{05},{93}
f39c8b3d-cab9-4442-845f-e1fe659fc9cf,200065480,Commune de Fursac (23),false,{23192},Commune,2026-03-24 14:41:55.958138+01,gold_establishments_2025,,,,20006548000010,2025,Collectivité Territoriale,Commune,['Creuse'],['Nouvelle-Aquitaine'],COM,{23},{75}
f635ba81-a8bc-4f93-ba8a-3eded7c81aa4,212102891,Commune de Fussey (21),false,{21289},Commune,2026-03-24 14:41:55.433389+01,gold_establishments_2025,,,,21210289100018,2025,Collectivité Territoriale,Commune,"[""Côte-d'Or""]",['Bourgogne-Franche-Comté'],COM,{21},{27}
3342f22f-a948-405c-b25d-3f9cff7a1d4b,211800974,Commune de Fussy (18),false,{18097},Commune,2026-03-24 14:41:54.903238+01,gold_establishments_2025,,,,21180097400019,2025,Collectivité Territoriale,Commune,['Cher'],['Centre-Val de Loire'],COM,{18},{24}
ea73743f-bfe8-490e-b7ee-741cf9cdfac0,213102049,Commune de Fustignac (31),false,{31204},Commune,2026-03-24 14:41:58.09424+01,gold_establishments_2025,,,,21310204900011,2025,Collectivité Territoriale,Commune,['Haute-Garonne'],['Occitanie'],COM,{31},{76}
cf27084a-e57e-43be-ac6f-c5511810b8dc,213201353,Commune de Fustérouau (32),false,{32135},Commune,2026-03-24 14:41:58.09424+01,gold_establishments_2025,,,,21320135300017,2025,Collectivité Territoriale,Commune,['Gers'],['Occitanie'],COM,{32},{76}
771b08c7-581b-4eef-bb9e-4f1afb50b781,215502022,Commune de Futeau (55),false,{55202},Commune,2026-03-24 14:42:02.957225+01,gold_establishments_2025,,,,21550202200019,2025,Collectivité Territoriale,Commune,['Meuse'],['Grand Est'],COM,{55},{44}
639e0f29-0441-415b-b233-662fd8154284,211300405,Commune de Fuveau (13),false,{13040},Commune,2026-03-24 14:41:53.63825+01,gold_establishments_2025,,,,21130040500019,2025,Collectivité Territoriale,Commune,['Bouches-du-Rhône'],"[""Provence-Alpes-Côte d'Azur""]",COM,{13},{93}
42016dec-7a5b-4cbb-a139-9b43c92c376d,217201391,Commune de Fyé (72),false,{72139},Commune,2026-03-24 14:42:08.279287+01,gold_establishments_2025,,,,21720139100018,2025,Collectivité Territoriale,Commune,['Sarthe'],['Pays de la Loire'],COM,{72},{52}
602daceb-65be-469b-b290-d3846973cd57,215801119,Commune de Fâchin (58),false,{58111},Commune,2026-03-24 14:42:04.280096+01,gold_establishments_2025,,,,21580111900011,2025,Collectivité Territoriale,Commune,['Nièvre'],['Bourgogne-Franche-Comté'],COM,{58},{27}
fb5c4984-7b51-4841-9626-bf0064436833,215102302,Commune de Fère-Champenoise (51),false,{51248},Commune,2026-03-24 14:42:01.954481+01,gold_establishments_2025,,,,21510230200019,2025,Collectivité Territoriale,Commune,['Marne'],['Grand Est'],COM,{51},{44}
07545338-bf2c-481b-870e-a2d3630b8033,210202875,Commune de Fère-en-Tardenois (02),false,{02305},Commune,2026-03-24 14:41:52.020251+01,gold_establishments_2025,,,,21020287500014,2025,Collectivité Territoriale,Commune,['Aisne'],['Hauts-de-France'],COM,{02},{32}
7da3a82d-5ebe-4dbb-b37d-819d16b040e1,215102294,Commune de Fèrebrianges (51),false,{51247},Commune,2026-03-24 14:42:01.954481+01,gold_establishments_2025,,,,21510229400018,2025,Collectivité Territoriale,Commune,['Marne'],['Grand Est'],COM,{51},{44}
0ab4174a-2570-4580-a132-f9087a7c6164,215702119,Commune de Fèves (57),false,{57211},Commune,2026-03-24 14:42:03.701372+01,gold_establishments_2025,,,,21570211900011,2025,Collectivité Territoriale,Commune,['Moselle'],['Grand Est'],COM,{57},{44}
68630d9b-ed97-4bf6-b531-35184b787f7b,217602598,Commune de Fécamp (76),false,{76259},Commune,2026-03-24 14:42:08.818969+01,gold_establishments_2025,,,,21760259800013,2025,Collectivité Territoriale,Commune,['Seine-Maritime'],['Normandie'],COM,{76},{28}
77116857-3244-4271-b554-46e18cec1aa2,215902248,Commune de Féchain (59),false,{59224},Commune,2026-03-24 14:42:04.280096+01,gold_establishments_2025,,,,21590224800016,2025,Collectivité Territoriale,Commune,['Nord'],['Hauts-de-France'],COM,{59},{32}
0da5a945-dd2d-41c0-8610-accf060f074c,215401902,Commune de Fécocourt (54),false,{54190},Commune,2026-03-24 14:42:02.957225+01,gold_establishments_2025,,,,21540190200014,2025,Collectivité Territoriale,Commune,['Meurthe-et-Moselle'],['Grand Est'],COM,{54},{44}
41c40b9b-005c-4d25-9eaa-6690ea6e223d,217002302,Commune de Fédry (70),false,{70230},Commune,2026-03-24 14:42:07.735343+01,gold_establishments_2025,,,,21700230200016,2025,Collectivité Territoriale,Commune,['Haute-Saône'],['Bourgogne-Franche-Comté'],COM,{70},{27}
0dbe3602-fb1d-4cab-87a4-613df9336c69,214400574,Commune de Fégréac (44),false,{44057},Commune,2026-03-24 14:42:00.273698+01,gold_establishments_2025,,,,21440057400015,2025,Collectivité Territoriale,Commune,['Loire-Atlantique'],['Pays de la Loire'],COM,{44},{52}
deb1d354-3d38-4a14-90ae-363405d5bbac,210700894,Commune de Félines (07),false,{07089},Commune,2026-03-24 14:41:52.562531+01,gold_establishments_2025,,,,21070089400012,2025,Collectivité Territoriale,Commune,['Ardèche'],['Auvergne-Rhône-Alpes'],COM,{07},{84}
398db6b6-b68b-49f2-9c73-caba1c7b390f,214300931,Commune de Félines (43),false,{43093},Commune,2026-03-24 14:42:00.273698+01,gold_establishments_2025,,,,21430093100018,2025,Collectivité Territoriale,Commune,['Haute-Loire'],['Auvergne-Rhône-Alpes'],COM,{43},{84}
03880a46-d519-4947-80f7-0098a497304a,213400971,Commune de Félines-Minervois (34),false,{34097},Commune,2026-03-24 14:41:58.620411+01,gold_establishments_2025,,,,21340097100015,2025,Collectivité Territoriale,Commune,['Hérault'],['Occitanie'],COM,{34},{76}
e4d8bfad-e196-4f08-ad9f-3b4f05fb82a7,211101373,Commune de Félines-Termenès (11),false,{11137},Commune,2026-03-24 14:41:53.63825+01,gold_establishments_2025,,,,21110137300010,2025,Collectivité Territoriale,Commune,['Aude'],['Occitanie'],COM,{11},{76}
5f1d59cb-e16e-4192-9470-87f2c8712abd,212601348,Commune de Félines-sur-Rimandoule (26),false,{26134},Commune,2026-03-24 14:41:56.495197+01,gold_establishments_2025,,,,21260134800015,2025,Collectivité Territoriale,Commune,['Drôme'],['Auvergne-Rhône-Alpes'],COM,{26},{84}
d9b5f324-c592-4cd6-877e-99f6fe5dcd20,212102636,Commune de Fénay (21),false,{21263},Commune,2026-03-24 14:41:55.433389+01,gold_establishments_2025,,,,21210263600017,2025,Collectivité Territoriale,Commune,"[""Côte-d'Or""]",['Bourgogne-Franche-Comté'],COM,{21},{27}
4deec12b-8b92-4d10-9d8e-86ae8e186b59,217901180,Commune de Fénery (79),false,{79118},Commune,2026-03-24 14:42:09.43682+01,gold_establishments_2025,,,,21790118000034,2025,Collectivité Territoriale,Commune,['Deux-Sèvres'],['Nouvelle-Aquitaine'],COM,{79},{75}
fb313f71-cf82-4911-b4c6-0713ad897f7b,218200616,Commune de Féneyrols (82),false,{82061},Commune,2026-03-24 14:42:10.508772+01,gold_establishments_2025,,,,21820061600017,2025,Collectivité Territoriale,Commune,['Tarn-et-Garonne'],['Occitanie'],COM,{82},{76}
6ee3052f-d13b-4b99-8a4b-7980f4e06b68,212308001,Commune de Féniers (23),false,{23080},Commune,2026-03-24 14:41:55.958138+01,gold_establishments_2025,,,,21230800100016,2025,Collectivité Territoriale,Commune,['Creuse'],['Nouvelle-Aquitaine'],COM,{23},{75}
b281aa0b-7290-4ae9-912d-8e90b4656100,218100907,Commune de Fénols (81),false,{81090},Commune,2026-03-24 14:42:09.967209+01,gold_establishments_2025,,,,21810090700011,2025,Collectivité Territoriale,Commune,['Tarn'],['Occitanie'],COM,{81},{76}
e59d6637-6edd-4e76-8bb7-f74e0e72628a,215702101,Commune de Fénétrange (57),false,{57210},Commune,2026-03-24 14:42:03.701372+01,gold_establishments_2025,,,,21570210100019,2025,Collectivité Territoriale,Commune,['Moselle'],['Grand Est'],COM,{57},{44}
7cf2bb05-084a-456c-91b4-4878529c97b8,210801510,Commune de Fépin (08),false,{08166},Commune,2026-03-24 14:41:52.562531+01,gold_establishments_2025,,,,21080151000012,2025,Collectivité Territoriale,Commune,['Ardennes'],['Grand Est'],COM,{08},{44}
def02a54-395b-4491-b0fb-8b7707871f6b,215600586,Commune de Férel (56),false,{56058},Commune,2026-03-24 14:42:03.701372+01,gold_establishments_2025,,,,21560058600014,2025,Collectivité Territoriale,Commune,['Morbihan'],['Bretagne'],COM,{56},{53}
1e696142-e05a-48f0-a109-54b6aacbf6a0,217701796,Commune de Féricy (77),false,{77179},Commune,2026-03-24 14:42:09.43682+01,gold_establishments_2025,,,,21770179600047,2025,Collectivité Territoriale,Commune,['Seine-et-Marne'],['Île-de-France'],COM,{77},{11}
9f115ed2-db3f-4652-961a-96cd31f27785,215902289,Commune de Férin (59),false,{59228},Commune,2026-03-24 14:42:04.280096+01,gold_establishments_2025,,,,21590228900010,2025,Collectivité Territoriale,Commune,['Nord'],['Hauts-de-France'],COM,{59},{32}
41ad7dbd-1dce-4c07-a99c-7fdf0b1ef039,214501447,Commune de Férolles (45),false,{45144},Commune,2026-03-24 14:42:00.862623+01,gold_establishments_2025,,,,21450144700012,2025,Collectivité Territoriale,Commune,['Loiret'],['Centre-Val de Loire'],COM,{45},{24}
317f39b2-8b02-441a-af99-120e47b3b545,217701804,Commune de Férolles-Attilly (77),false,{77180},Commune,2026-03-24 14:42:09.43682+01,gold_establishments_2025,,,,21770180400015,2025,Collectivité Territoriale,Commune,['Seine-et-Marne'],['Île-de-France'],COM,{77},{11}
a07b9bd0-8b76-4d22-ae45-fe696ed1371c,215902297,Commune de Féron (59),false,{59229},Commune,2026-03-24 14:42:04.280096+01,gold_establishments_2025,,,,21590229700013,2025,Collectivité Territoriale,Commune,['Nord'],['Hauts-de-France'],COM,{59},{32}
02989fbb-0b5a-49c8-9274-36504d231d89,217401272,Commune de Féternes (74),false,{74127},Commune,2026-03-24 14:42:08.279287+01,gold_establishments_2025,,,,21740127200018,2025,Collectivité Territoriale,Commune,['Haute-Savoie'],['Auvergne-Rhône-Alpes'],COM,{74},{84}
7e8a6bb4-9ab4-40e8-820e-7d98a665e3b1,215702127,Commune de Féy (57),false,{57212},Commune,2026-03-24 14:42:03.701372+01,gold_establishments_2025,,,,21570212700014,2025,Collectivité Territoriale,Commune,['Moselle'],['Grand Est'],COM,{57},{44}
3198a0c0-5ef6-485a-9766-ef29441b5a0e,219000452,Commune de Fêche-l'Église (90),false,{90045},Commune,2026-03-24 14:42:11.659493+01,gold_establishments_2025,,,,21900045200017,2025,Collectivité Territoriale,Commune,['Territoire de Belfort'],['Bourgogne-Franche-Comté'],COM,{90},{27}
01628661-b656-4dbd-ae24-270483db21c4,214001018,Commune de Gaas (40),false,{40101},Commune,2026-03-24 14:41:59.705606+01,gold_establishments_2025,,,,21400101800016,2025,Collectivité Territoriale,Commune,['Landes'],['Nouvelle-Aquitaine'],COM,{40},{75}
b8667432-8e5a-42bb-9a9e-1172e3ca64cc,213301765,Commune de Gabarnac (33),false,{33176},Commune,2026-03-24 14:41:58.620411+01,gold_establishments_2025,,,,21330176500011,2025,Collectivité Territoriale,Commune,['Gironde'],['Nouvelle-Aquitaine'],COM,{33},{75}
d19565cb-434b-4be2-a812-28c9f2e1ed86,214001026,Commune de Gabarret (40),false,{40102},Commune,2026-03-24 14:41:59.705606+01,gold_establishments_2025,,,,21400102600019,2025,Collectivité Territoriale,Commune,['Landes'],['Nouvelle-Aquitaine'],COM,{40},{75}
a3ad7f5e-5fd3-42c0-bc62-1da5a870cea0,216402271,Commune de Gabaston (64),false,{64227},Commune,2026-03-24 14:42:06.130387+01,gold_establishments_2025,,,,21640227100011,2025,Collectivité Territoriale,Commune,['Pyrénées-Atlantiques'],['Nouvelle-Aquitaine'],COM,{64},{75}
c2f98c05-a257-4c1d-b7af-bc34ce6db22d,216402289,Commune de Gabat (64),false,{64228},Commune,2026-03-24 14:42:06.130387+01,gold_establishments_2025,,,,21640228900013,2025,Collectivité Territoriale,Commune,['Pyrénées-Atlantiques'],['Nouvelle-Aquitaine'],COM,{64},{75}
5e9ea36d-5e3f-4ed7-a981-81aec4ef2d5e,213401094,Commune de Gabian (34),false,{34109},Commune,2026-03-24 14:41:58.620411+01,gold_establishments_2025,,,,21340109400056,2025,Collectivité Territoriale,Commune,['Hérault'],['Occitanie'],COM,{34},{76}
74b5f718-49a6-4343-a34a-daf0320d984f,212401921,Commune de Gabillou (24),false,{24192},Commune,2026-03-24 14:41:55.958138+01,gold_establishments_2025,,,,21240192100011,2025,Collectivité Territoriale,Commune,['Dordogne'],['Nouvelle-Aquitaine'],COM,{24},{75}
359fcfa1-091c-454e-8d86-9295f58e6bf4,210901278,Commune de Gabre (09),false,{09127},Commune,2026-03-24 14:41:53.095366+01,gold_establishments_2025,,,,21090127800015,2025,Collectivité Territoriale,Commune,['Ariège'],['Occitanie'],COM,{09},{76}
c0d9cf8c-5fec-4bbe-869f-0920a36c140e,211201066,Commune de Gabriac (12),false,{12106},Commune,2026-03-24 14:41:53.63825+01,gold_establishments_2025,,,,21120106600019,2025,Collectivité Territoriale,Commune,['Aveyron'],['Occitanie'],COM,{12},{76}
7bf3239a-47f8-44aa-a34a-73f5ef70197a,214800674,Commune de Gabriac (48),false,{48067},Commune,2026-03-24 14:42:01.412377+01,gold_establishments_2025,,,,21480067400019,2025,Collectivité Territoriale,Commune,['Lozère'],['Occitanie'],COM,{48},{76}
fe41219a-5f2c-4b08-8715-214f0135abfe,214800682,Commune de Gabrias (48),false,{48068},Commune,2026-03-24 14:42:01.412377+01,gold_establishments_2025,,,,21480068200012,2025,Collectivité Territoriale,Commune,['Lozère'],['Occitanie'],COM,{48},{76}
31722c04-a810-48c2-a872-1506cfd4026d,216101816,Commune de Gacé (61),false,{61181},Commune,2026-03-24 14:42:05.597325+01,gold_establishments_2025,,,,21610181600017,2025,Collectivité Territoriale,Commune,['Orne'],['Normandie'],COM,{61},{28}
96976e13-4c5b-407e-847a-888c2ef57070,212702732,Commune de Gadencourt (27),false,{27273},Commune,2026-03-24 14:41:57.028721+01,gold_establishments_2025,,,,21270273200018,2025,Collectivité Territoriale,Commune,['Eure'],['Normandie'],COM,{27},{28}
7ae4411a-1b18-4b69-aa6f-37ff5322d8e6,212401939,Commune de Gageac-et-Rouillac (24),false,{24193},Commune,2026-03-24 14:41:55.958138+01,gold_establishments_2025,,,,21240193900013,2025,Collectivité Territoriale,Commune,['Dordogne'],['Nouvelle-Aquitaine'],COM,{24},{75}
429185c1-c1de-43c9-b3ea-56cb60486068,214601171,Commune de Gagnac-sur-Cère (46),false,{46117},Commune,2026-03-24 14:42:00.862623+01,gold_establishments_2025,,,,21460117100017,2025,Collectivité Territoriale,Commune,['Lot'],['Occitanie'],COM,{46},{76}
5fbd5cfb-9951-45a7-b789-3341e6333ab2,213102056,Commune de Gagnac-sur-Garonne (31),false,{31205},Commune,2026-03-24 14:41:58.09424+01,gold_establishments_2025,,,,21310205600016,2025,Collectivité Territoriale,Commune,['Haute-Garonne'],['Occitanie'],COM,{31},{76}
6b9b5976-badb-44b5-9b5d-92b3da64935d,213001209,Commune de Gagnières (30),false,{30120},Commune,2026-03-24 14:41:57.56054+01,gold_establishments_2025,,,,21300120900013,2025,Collectivité Territoriale,Commune,['Gard'],['Occitanie'],COM,{30},{76}
cf68bf67-f4a5-461c-ad08-8a500c8f53be,219300324,Commune de Gagny (93),false,{93032},Commune,2026-03-24 14:42:11.659493+01,gold_establishments_2025,,,,21930032400015,2025,Collectivité Territoriale,Commune,['Seine-Saint-Denis'],['Île-de-France'],COM,{93},{11}
a13e4541-2b36-4561-b616-61d5d0e72c1b,213501182,Commune de Gahard (35),false,{35118},Commune,2026-03-24 14:41:58.620411+01,gold_establishments_2025,,,,21350118200017,2025,Collectivité Territoriale,Commune,['Ille-et-Vilaine'],['Bretagne'],COM,{35},{53}
8fc72e8a-3abf-4d93-a880-6dcae4902069,213001217,Commune de Gailhan (30),false,{30121},Commune,2026-03-24 14:41:57.56054+01,gold_establishments_2025,,,,21300121700016,2025,Collectivité Territoriale,Commune,['Gard'],['Occitanie'],COM,{30},{76}
72958b90-f25a-4a96-89e3-f7d1808f1fe7,218100998,Commune de Gaillac (81),false,{81099},Commune,2026-03-24 14:42:09.967209+01,gold_establishments_2025,,,,21810099800010,2025,Collectivité Territoriale,Commune,['Tarn'],['Occitanie'],COM,{81},{76}
5351ca02-6701-4c86-9b2f-774ff5d70021,213102064,Commune de Gaillac-Toulza (31),false,{31206},Commune,2026-03-24 14:41:58.09424+01,gold_establishments_2025,,,,21310206400010,2025,Collectivité Territoriale,Commune,['Haute-Garonne'],['Occitanie'],COM,{31},{76}
0b7e6b50-66ca-442e-92f5-65f938acbfc8,211201074,Commune de Gaillac-d'Aveyron (12),false,{12107},Commune,2026-03-24 14:41:53.63825+01,gold_establishments_2025,,,,21120107400013,2025,Collectivité Territoriale,Commune,['Aveyron'],['Occitanie'],COM,{12},{76}
c2876c37-f86a-4ae6-aa3c-66f249fd4562,216501825,Commune de Gaillagos (65),false,{65182},Commune,2026-03-24 14:42:06.665412+01,gold_establishments_2025,,,,21650182500014,2025,Collectivité Territoriale,Commune,['Hautes-Pyrénées'],['Occitanie'],COM,{65},{76}
e0521c4a-9ed4-4049-90f0-4f5aa123363a,213301773,Commune de Gaillan-en-Médoc (33),false,{33177},Commune,2026-03-24 14:41:58.620411+01,gold_establishments_2025,,,,21330177300015,2025,Collectivité Territoriale,Commune,['Gironde'],['Nouvelle-Aquitaine'],COM,{33},{75}
47c9938d-62d0-4a8a-9d45-b6da3b0f8b13,217401330,Commune de Gaillard (74),false,{74133},Commune,2026-03-24 14:42:08.279287+01,gold_establishments_2025,,,,21740133000014,2025,Collectivité Territoriale,Commune,['Haute-Savoie'],['Auvergne-Rhône-Alpes'],COM,{74},{84}
5bb226fc-dd07-4afe-af98-8f2278a41719,217602952,Commune de Gaillefontaine (76),false,{76295},Commune,2026-03-24 14:42:08.818969+01,gold_establishments_2025,,,,21760295200012,2025,Collectivité Territoriale,Commune,['Seine-Maritime'],['Normandie'],COM,{76},{28}
1bd5dbf3-31ea-4abd-a3cf-616af7e0f021,212702757,Commune de Gaillon (27),false,{27275},Commune,2026-03-24 14:41:57.028721+01,gold_establishments_2025,,,,21270275700015,2025,Collectivité Territoriale,Commune,['Eure'],['Normandie'],COM,{27},{28}
8d504042-9627-4d00-83cb-6613d78dab13,217802610,Commune de Gaillon-sur-Montcient (78),false,{78261},Commune,2026-03-24 14:42:09.43682+01,gold_establishments_2025,,,,21780261000014,2025,Collectivité Territoriale,Commune,['Yvelines'],['Île-de-France'],COM,{78},{11}
d99ab270-2cc4-43f2-a1ea-640050905b06,214001034,Commune de Gaillères (40),false,{40103},Commune,2026-03-24 14:41:59.705606+01,gold_establishments_2025,,,,21400103400013,2025,Collectivité Territoriale,Commune,['Landes'],['Nouvelle-Aquitaine'],COM,{40},{75}
852652a2-5bfa-4999-b29a-55cc366f30cc,217602960,Commune de Gainneville (76),false,{76296},Commune,2026-03-24 14:42:08.818969+01,gold_establishments_2025,,,,21760296000015,2025,Collectivité Territoriale,Commune,['Seine-Maritime'],['Normandie'],COM,{76},{28}
435d37cc-6362-4371-9cbe-98b223e12a0d,211101589,Commune de Gaja-et-Villedieu (11),false,{11158},Commune,2026-03-24 14:41:53.63825+01,gold_establishments_2025,,,,21110158900011,2025,Collectivité Territoriale,Commune,['Aude'],['Occitanie'],COM,{11},{76}
0fdaa701-d3ca-48e4-bbba-d5137b9c1d44,211101597,Commune de Gaja-la-Selve (11),false,{11159},Commune,2026-03-24 14:41:53.63825+01,gold_establishments_2025,,,,21110159700014,2025,Collectivité Territoriale,Commune,['Aude'],['Occitanie'],COM,{11},{76}
58786337-afe2-4d38-8f07-9466d36905e4,213301781,Commune de Gajac (33),false,{33178},Commune,2026-03-24 14:41:58.620411+01,gold_establishments_2025,,,,21330178100018,2025,Collectivité Territoriale,Commune,['Gironde'],['Nouvelle-Aquitaine'],COM,{33},{75}
9ec97d99-2756-4155-85f2-9f06d08cbd38,210901286,Commune de Gajan (09),false,{09128},Commune,2026-03-24 14:41:53.095366+01,gold_establishments_2025,,,,21090128600018,2025,Collectivité Territoriale,Commune,['Ariège'],['Occitanie'],COM,{09},{76}
19a068ba-c587-46c2-a092-e408986ff886,213001225,Commune de Gajan (30),false,{30122},Commune,2026-03-24 14:41:57.56054+01,gold_establishments_2025,,,,21300122500019,2025,Collectivité Territoriale,Commune,['Gard'],['Occitanie'],COM,{30},{76}
be011143-4e04-4fa7-9f85-4b4410fd27be,218706901,Commune de Gajoubert (87),false,{87069},Commune,2026-03-24 14:42:11.118516+01,gold_establishments_2025,,,,21870690100012,2025,Collectivité Territoriale,Commune,['Haute-Vienne'],['Nouvelle-Aquitaine'],COM,{87},{75}
bb27d409-3c76-4b1d-9ccb-200852a4a8f2,216203653,Commune de Galametz (62),false,{62365},Commune,2026-03-24 14:42:05.597325+01,gold_establishments_2025,,,,21620365300011,2025,Collectivité Territoriale,Commune,['Pas-de-Calais'],['Hauts-de-France'],COM,{62},{32}
e3d65091-95ff-464c-989a-04f0c05673e0,216501833,Commune de Galan (65),false,{65183},Commune,2026-03-24 14:42:06.665412+01,gold_establishments_2025,,,,21650183300018,2025,Collectivité Territoriale,Commune,['Hautes-Pyrénées'],['Occitanie'],COM,{65},{76}
159aa816-9495-4f73-b43f-445be1b9d556,214701070,Commune de Galapian (47),false,{47107},Commune,2026-03-24 14:42:00.862623+01,gold_establishments_2025,,,,21470107000010,2025,Collectivité Territoriale,Commune,['Lot-et-Garonne'],['Nouvelle-Aquitaine'],COM,{47},{75}
1f37fa41-413c-446b-8dfb-111ab1cf34ed,213401102,Commune de Galargues (34),false,{34110},Commune,2026-03-24 14:41:58.620411+01,gold_establishments_2025,,,,21340110200040,2025,Collectivité Territoriale,Commune,['Hérault'],['Occitanie'],COM,{34},{76}
d09e8bfb-295d-43ec-8199-6e2bab85d871,210901294,Commune de Galey (09),false,{09129},Commune,2026-03-24 14:41:53.095366+01,gold_establishments_2025,,,,21090129400012,2025,Collectivité Territoriale,Commune,['Ariège'],['Occitanie'],COM,{09},{76}
88e1074c-feec-4a28-babe-12ba8323be40,216501841,Commune de Galez (65),false,{65184},Commune,2026-03-24 14:42:06.665412+01,gold_establishments_2025,,,,21650184100011,2025,Collectivité Territoriale,Commune,['Hautes-Pyrénées'],['Occitanie'],COM,{65},{76}
eb11af81-e351-467f-b7bb-a41fb9540cf2,216801019,Commune de Galfingue (68),false,{68101},Commune,2026-03-24 14:42:07.195692+01,gold_establishments_2025,,,,21680101900052,2025,Collectivité Territoriale,Commune,['Haut-Rhin'],['Grand Est'],COM,{68},{44}
4eda2b78-be23-4def-898a-7b3d2efca1c8,211201082,Commune de Galgan (12),false,{12108},Commune,2026-03-24 14:41:53.63825+01,gold_establishments_2025,,,,21120108200016,2025,Collectivité Territoriale,Commune,['Aveyron'],['Occitanie'],COM,{12},{76}
b4a26f45-6b44-41db-aff4-20fe88aa9b4e,213301799,Commune de Galgon (33),false,{33179},Commune,2026-03-24 14:41:58.620411+01,gold_establishments_2025,,,,21330179900010,2025,Collectivité Territoriale,Commune,['Gironde'],['Nouvelle-Aquitaine'],COM,{33},{75}
f4a23259-34fc-4842-8a3f-825e20a5809f,213201361,Commune de Galiax (32),false,{32136},Commune,2026-03-24 14:41:58.09424+01,gold_establishments_2025,,,,21320136100010,2025,Collectivité Territoriale,Commune,['Gers'],['Occitanie'],COM,{32},{76}
8607fdcb-3b55-4a71-9af1-e2ceceb52d03,211101605,Commune de Galinagues (11),false,{11160},Commune,2026-03-24 14:41:53.63825+01,gold_establishments_2025,,,,21110160500015,2025,Collectivité Territoriale,Commune,['Aude'],['Occitanie'],COM,{11},{76}
20ee3cca-ff7f-4616-8e35-8713ab787b41,213102072,Commune de Galié (31),false,{31207},Commune,2026-03-24 14:41:58.09424+01,gold_establishments_2025,,,,21310207200013,2025,Collectivité Territoriale,Commune,['Haute-Garonne'],['Occitanie'],COM,{31},{76}
803df4f9-113d-4b71-bd4a-2abd0d6094cc,212801682,Commune de Gallardon (28),false,{28168},Commune,2026-03-24 14:41:57.028721+01,gold_establishments_2025,,,,21280168200015,2025,Collectivité Territoriale,Commune,['Eure-et-Loir'],['Centre-Val de Loire'],COM,{28},{24}
abf7b776-3214-477a-a81c-42911fce1185,213001233,Commune de Gallargues-le-Montueux (30),false,{30123},Commune,2026-03-24 14:41:57.56054+01,gold_establishments_2025,,,,21300123300013,2025,Collectivité Territoriale,Commune,['Gard'],['Occitanie'],COM,{30},{76}
f164fa4d-3018-4fbe-b8ee-cf0b7b42cef4,217802628,Commune de Galluis (78),false,{78262},Commune,2026-03-24 14:42:09.43682+01,gold_establishments_2025,,,,21780262800016,2025,Collectivité Territoriale,Commune,['Yvelines'],['Île-de-France'],COM,{78},{11}
5db9168a-a990-41b9-8e1e-1dda5a8d8dad,212001218,Commune de Galéria (2B),false,{2B121},Commune,2026-03-24 14:41:57.56054+01,gold_establishments_2025,,,,21200121800016,2025,Collectivité Territoriale,Commune,['Haute-Corse'],['Corse'],COM,{2B},{94}
8bfc29a2-c659-4bc9-9f83-2d82b62ef437,218003580,Commune de Gamaches (80),false,{80373},Commune,2026-03-24 14:42:09.967209+01,gold_establishments_2025,,,,21800358000014,2025,Collectivité Territoriale,Commune,['Somme'],['Hauts-de-France'],COM,{80},{32}
2c8ad719-a2f0-4c18-aa23-fe237f3a4960,212702765,Commune de Gamaches-en-Vexin (27),false,{27276},Commune,2026-03-24 14:41:57.028721+01,gold_establishments_2025,,,,21270276500018,2025,Collectivité Territoriale,Commune,['Eure'],['Normandie'],COM,{27},{28}
f7e240fc-8b9b-4552-84af-e1feade58afa,214001042,Commune de Gamarde-les-Bains (40),false,{40104},Commune,2026-03-24 14:41:59.705606+01,gold_establishments_2025,,,,21400104200016,2025,Collectivité Territoriale,Commune,['Landes'],['Nouvelle-Aquitaine'],COM,{40},{75}
e56255fc-2b68-4535-94c2-be6d41c95f29,216402297,Commune de Gamarthe (64),false,{64229},Commune,2026-03-24 14:42:06.130387+01,gold_establishments_2025,,,,21640229700016,2025,Collectivité Territoriale,Commune,['Pyrénées-Atlantiques'],['Nouvelle-Aquitaine'],COM,{64},{75}
38d56a41-ad15-4015-8379-e1d925c005e8,217802636,Commune de Gambais (78),false,{78263},Commune,2026-03-24 14:42:09.43682+01,gold_establishments_2025,,,,21780263600019,2025,Collectivité Territoriale,Commune,['Yvelines'],['Île-de-France'],COM,{78},{11}
6a3d2bd3-4d87-4a67-89e9-78b229724c75,217802644,Commune de Gambaiseuil (78),false,{78264},Commune,2026-03-24 14:42:09.43682+01,gold_establishments_2025,,,,21780264400013,2025,Collectivité Territoriale,Commune,['Yvelines'],['Île-de-France'],COM,{78},{11}
3b71b1b2-e3af-4c42-862f-09cc270c0e35,216701516,Commune de Gambsheim (67),false,{67151},Commune,2026-03-24 14:42:07.195692+01,gold_establishments_2025,,,,21670151600017,2025,Collectivité Territoriale,Commune,['Bas-Rhin'],['Grand Est'],COM,{67},{44}
3e4c68b4-346c-4798-a1ec-69478aa1ed02,216402305,Commune de Gan (64),false,{64230},Commune,2026-03-24 14:42:06.130387+01,gold_establishments_2025,,,,21640230500017,2025,Collectivité Territoriale,Commune,['Pyrénées-Atlantiques'],['Nouvelle-Aquitaine'],COM,{64},{75}
0393673f-5d70-4bd7-aa28-32b8f5285f58,210901302,Commune de Ganac (09),false,{09130},Commune,2026-03-24 14:41:53.095366+01,gold_establishments_2025,,,,21090130200013,2025,Collectivité Territoriale,Commune,['Ariège'],['Occitanie'],COM,{09},{76}
a7fa91e6-e6bc-48a4-9cc9-2b74d79dc6d8,210400917,Commune de Ganagobie (04),false,{04091},Commune,2026-03-24 14:41:52.020251+01,gold_establishments_2025,,,,21040091700014,2025,Collectivité Territoriale,Commune,['Alpes-de-Haute-Provence'],"[""Provence-Alpes-Côte d'Azur""]",COM,{04},{93}
ed97610c-eeed-4778-a9c0-8371544c92ce,217602978,Commune de Gancourt-Saint-Étienne (76),false,{76297},Commune,2026-03-24 14:42:08.818969+01,gold_establishments_2025,,,,21760297800017,2025,Collectivité Territoriale,Commune,['Seine-Maritime'],['Normandie'],COM,{76},{28}
5b469f9c-d77c-42ba-bee4-648201b43f02,216101824,Commune de Gandelain (61),false,{61182},Commune,2026-03-24 14:42:05.597325+01,gold_establishments_2025,,,,21610182400011,2025,Collectivité Territoriale,Commune,['Orne'],['Normandie'],COM,{61},{28}
11736a4f-a863-4505-889c-8ca7660c2982,210203204,Commune de Gandelu (02),false,{02339},Commune,2026-03-24 14:41:52.020251+01,gold_establishments_2025,,,,21020320400016,2025,Collectivité Territoriale,Commune,['Aisne'],['Hauts-de-France'],COM,{02},{32}
5aa7fe4d-69ee-4558-af05-a4c3ae9e009e,215702424,Commune de Gandrange (57),false,{57242},Commune,2026-03-24 14:42:03.701372+01,gold_establishments_2025,,,,21570242400015,2025,Collectivité Territoriale,Commune,['Moselle'],['Grand Est'],COM,{57},{44}
24740ddd-ddb7-4359-861b-cd6fe501f783,213401110,Commune de Ganges (34),false,{34111},Commune,2026-03-24 14:41:58.620411+01,gold_establishments_2025,,,,21340111000019,2025,Collectivité Territoriale,Commune,['Hérault'],['Occitanie'],COM,{34},{76}
a2dad687-8668-41f1-9ed9-97f9c497e194,210301180,Commune de Gannat (03),false,{03118},Commune,2026-03-24 14:41:52.020251+01,gold_establishments_2025,,,,21030118000019,2025,Collectivité Territoriale,Commune,['Allier'],['Auvergne-Rhône-Alpes'],COM,{03},{84}
edb7f007-736b-4ddf-a468-e7624d84a45d,210301198,Commune de Gannay-sur-Loire (03),false,{03119},Commune,2026-03-24 14:41:52.020251+01,gold_establishments_2025,,,,21030119800011,2025,Collectivité Territoriale,Commune,['Allier'],['Auvergne-Rhône-Alpes'],COM,{03},{84}
7644d9d8-2965-4fa5-a311-3200e4cd1ff1,216002659,Commune de Gannes (60),false,{60268},Commune,2026-03-24 14:42:04.814328+01,gold_establishments_2025,,,,21600265900011,2025,Collectivité Territoriale,Commune,['Oise'],['Hauts-de-France'],COM,{60},{32}
7d93edd2-40ee-45b9-8c8f-a4de6d43f56d,213301807,Commune de Gans (33),false,{33180},Commune,2026-03-24 14:41:58.620411+01,gold_establishments_2025,,,,21330180700011,2025,Collectivité Territoriale,Commune,['Gironde'],['Nouvelle-Aquitaine'],COM,{33},{75}
00732ae2-614e-4b81-b306-2a0d81c38db1,213102080,Commune de Ganties (31),false,{31208},Commune,2026-03-24 14:41:58.09424+01,gold_establishments_2025,,,,21310208000016,2025,Collectivité Territoriale,Commune,['Haute-Garonne'],['Occitanie'],COM,{31},{76}
905d19c2-44e3-48c6-85fc-2c8f20e6c9bd,217602986,Commune de Ganzeville (76),false,{76298},Commune,2026-03-24 14:42:08.818969+01,gold_establishments_2025,,,,21760298600010,2025,Collectivité Territoriale,Commune,['Seine-Maritime'],['Normandie'],COM,{76},{28}
4ce9fc1b-7c79-4d61-891a-a661fd99034b,210500617,Commune de Gap (05),false,{05061},Commune,2026-03-24 14:41:52.562531+01,gold_establishments_2025,,,,21050061700019,2025,Collectivité Territoriale,Commune,['Hautes-Alpes'],"[""Provence-Alpes-Côte d'Azur""]",COM,{05},{93}
df4baa1d-edf3-4d38-91f0-923e0ac91896,218003598,Commune de Gapennes (80),false,{80374},Commune,2026-03-24 14:42:09.967209+01,gold_establishments_2025,,,,21800359800016,2025,Collectivité Territoriale,Commune,['Somme'],['Hauts-de-France'],COM,{80},{32}
1c4f9050-aa3a-4888-96b3-25649cfa0699,213102098,Commune de Garac (31),false,{31209},Commune,2026-03-24 14:41:58.09424+01,gold_establishments_2025,,,,21310209800018,2025,Collectivité Territoriale,Commune,['Haute-Garonne'],['Occitanie'],COM,{31},{76}
2406a15f-54e4-4b3b-b780-1bfb895bc64f,217802651,Commune de Garancières (78),false,{78265},Commune,2026-03-24 14:42:09.43682+01,gold_establishments_2025,,,,21780265100018,2025,Collectivité Territoriale,Commune,['Yvelines'],['Île-de-France'],COM,{78},{11}
fc756910-99c4-4634-9559-3df0b7adc077,212801690,Commune de Garancières-en-Beauce (28),false,{28169},Commune,2026-03-24 14:41:57.028721+01,gold_establishments_2025,,,,21280169000018,2025,Collectivité Territoriale,Commune,['Eure-et-Loir'],['Centre-Val de Loire'],COM,{28},{24}
cdc56bec-1f73-43f5-8df7-89ac168b3b1d,212801708,Commune de Garancières-en-Drouais (28),false,{28170},Commune,2026-03-24 14:41:57.028721+01,gold_establishments_2025,,,,21280170800018,2025,Collectivité Territoriale,Commune,['Eure-et-Loir'],['Centre-Val de Loire'],COM,{28},{24}
c3a6f2d7-e654-48ee-ab92-ea96150ca6f2,210901310,Commune de Garanou (09),false,{09131},Commune,2026-03-24 14:41:53.095366+01,gold_establishments_2025,,,,21090131000016,2025,Collectivité Territoriale,Commune,['Ariège'],['Occitanie'],COM,{09},{76}
f83d678d-424a-46ed-9940-a0e421601090,211601463,Commune de Garat (16),false,{16146},Commune,2026-03-24 14:41:54.362296+01,gold_establishments_2025,,,,21160146300014,2025,Collectivité Territoriale,Commune,['Charente'],['Nouvelle-Aquitaine'],COM,{16},{75}
133049c7-eeef-41d8-98b0-6abed06a7d3d,219200334,Commune de Garches (92),false,{92033},Commune,2026-03-24 14:42:11.659493+01,gold_establishments_2025,,,,21920033400015,2025,Collectivité Territoriale,Commune,['Hauts-de-Seine'],['Île-de-France'],COM,{92},{11}
9f51dec9-5550-4310-aa11-c3f83b0b526a,215801218,Commune de Garchizy (58),false,{58121},Commune,2026-03-24 14:42:04.280096+01,gold_establishments_2025,,,,21580121800011,2025,Collectivité Territoriale,Commune,['Nièvre'],['Bourgogne-Franche-Comté'],COM,{58},{27}
ea319c48-cd9d-40ff-b245-b118a0b38048,215801226,Commune de Garchy (58),false,{58122},Commune,2026-03-24 14:42:04.280096+01,gold_establishments_2025,,,,21580122600014,2025,Collectivité Territoriale,Commune,['Nièvre'],['Bourgogne-Franche-Comté'],COM,{58},{27}
a46e7893-9b65-4d2d-9b8a-35b43afcb02b,211300413,Commune de Gardanne (13),false,{13041},Commune,2026-03-24 14:41:53.63825+01,gold_establishments_2025,,,,21130041300013,2025,Collectivité Territoriale,Commune,['Bouches-du-Rhône'],"[""Provence-Alpes-Côte d'Azur""]",COM,{13},{93}
9e7b6a85-7cdc-4bde-9ce9-98832c68cbc8,200054211,Commune de Garde-Colombe (05),false,{05053},Commune,2026-03-24 14:41:52.562531+01,gold_establishments_2025,,,,20005421100012,2025,Collectivité Territoriale,Commune,['Hautes-Alpes'],"[""Provence-Alpes-Côte d'Azur""]",COM,{05},{93}
57f915ad-32b8-49cf-98a8-c5389aa514be,211800982,Commune de Gardefort (18),false,{18098},Commune,2026-03-24 14:41:54.903238+01,gold_establishments_2025,,,,21180098200012,2025,Collectivité Territoriale,Commune,['Cher'],['Centre-Val de Loire'],COM,{18},{24}
16683269-8e53-4700-9689-65d80750a6d2,213301815,Commune de Gardegan-et-Tourtirac (33),false,{33181},Commune,2026-03-24 14:41:58.620411+01,gold_establishments_2025,,,,21330181500014,2025,Collectivité Territoriale,Commune,['Gironde'],['Nouvelle-Aquitaine'],COM,{33},{75}
864f3631-da05-4b9c-914b-73a3dd30c4b7,211601471,Commune de Gardes-le-Pontaroux (nan),false,{16147},Commune,2026-03-24 14:41:54.362296+01,gold_establishments_2025,,,,21160147100017,2025,Collectivité Territoriale,Commune,[''],[''],COM,,
ff1ef3f9-62b6-4ec2-98be-10d29034ae05,211101613,Commune de Gardie (11),false,{11161},Commune,2026-03-24 14:41:53.63825+01,gold_establishments_2025,,,,21110161300019,2025,Collectivité Territoriale,Commune,['Aude'],['Occitanie'],COM,{11},{76}
559f655b-64cb-49f0-8e46-e040de5212fa,212401947,Commune de Gardonne (24),false,{24194},Commune,2026-03-24 14:41:55.958138+01,gold_establishments_2025,,,,21240194700016,2025,Collectivité Territoriale,Commune,['Dordogne'],['Nouvelle-Aquitaine'],COM,{24},{75}
c104e1d4-ccc2-4a7f-94f6-8ccca08d2fc6,213102106,Commune de Gardouch (31),false,{31210},Commune,2026-03-24 14:41:58.09424+01,gold_establishments_2025,,,,21310210600019,2025,Collectivité Territoriale,Commune,['Haute-Garonne'],['Occitanie'],COM,{31},{76}
47bfb3a2-b6d1-45d5-a466-736194658262,216501858,Commune de Gardères (65),false,{65185},Commune,2026-03-24 14:42:06.665412+01,gold_establishments_2025,,,,21650185800015,2025,Collectivité Territoriale,Commune,['Hautes-Pyrénées'],['Occitanie'],COM,{65},{76}
cdd2d3f9-d59a-4f17-b07b-fc6bc848baf9,214001059,Commune de Garein (40),false,{40105},Commune,2026-03-24 14:41:59.705606+01,gold_establishments_2025,,,,21400105900010,2025,Collectivité Territoriale,Commune,['Landes'],['Nouvelle-Aquitaine'],COM,{40},{75}
e380e931-6f93-42ae-aa7f-7af1e1059f09,212702781,Commune de Garennes-sur-Eure (27),false,{27278},Commune,2026-03-24 14:41:57.028721+01,gold_establishments_2025,,,,21270278100015,2025,Collectivité Territoriale,Commune,['Eure'],['Normandie'],COM,{27},{28}
550d7301-6463-482b-8926-a357e5ebe8c4,217702000,Commune de Garentreville (77),false,{77200},Commune,2026-03-24 14:42:09.43682+01,gold_establishments_2025,,,,21770200000019,2025,Collectivité Territoriale,Commune,['Seine-et-Marne'],['Île-de-France'],COM,{77},{11}
926ac651-e915-433b-971a-4f283687db3b,218200632,Commune de Garganvillar (82),false,{82063},Commune,2026-03-24 14:42:10.508772+01,gold_establishments_2025,,,,21820063200014,2025,Collectivité Territoriale,Commune,['Tarn-et-Garonne'],['Occitanie'],COM,{82},{76}
d5493cf8-7c64-47e7-b852-5d0057c0b116,213102114,Commune de Gargas (31),false,{31211},Commune,2026-03-24 14:41:58.09424+01,gold_establishments_2025,,,,21310211400013,2025,Collectivité Territoriale,Commune,['Haute-Garonne'],['Occitanie'],COM,{31},{76}
85a7417b-bc95-4035-8d74-7add2ff773c2,218400471,Commune de Gargas (84),false,{84047},Commune,2026-03-24 14:42:10.508772+01,gold_establishments_2025,,,,21840047100015,2025,Collectivité Territoriale,Commune,['Vaucluse'],"[""Provence-Alpes-Côte d'Azur""]",COM,{84},{93}
f70637fb-bf90-470d-9610-93ecbd296bf4,217802677,Commune de Gargenville (78),false,{78267},Commune,2026-03-24 14:42:09.43682+01,gold_establishments_2025,,,,21780267700013,2025,Collectivité Territoriale,Commune,['Yvelines'],['Île-de-France'],COM,{78},{11}
8ed20678-3b75-47e9-9794-74187cf9118e,219502689,Commune de Garges-lès-Gonesse (95),false,{95268},Commune,2026-03-24 14:42:11.659493+01,gold_establishments_2025,,,,21950268900017,2025,Collectivité Territoriale,Commune,"[""Val-d'Oise""]",['Île-de-France'],COM,{95},{11}
765fbc8a-349e-40cf-bfc6-f3ea175e2a72,213600810,Commune de Gargilesse-Dampierre (36),false,{36081},Commune,2026-03-24 14:41:59.160244+01,gold_establishments_2025,,,,21360081000013,2025,Collectivité Territoriale,Commune,['Indre'],['Centre-Val de Loire'],COM,{36},{24}
9db50623-1ce4-4b49-97f6-30b8931166e9,213102122,Commune de Garidech (31),false,{31212},Commune,2026-03-24 14:41:58.09424+01,gold_establishments_2025,,,,21310212200016,2025,Collectivité Territoriale,Commune,['Haute-Garonne'],['Occitanie'],COM,{31},{76}
546d6670-a25b-40fc-841e-7de1a73645d3,211800990,Commune de Garigny (18),false,{18099},Commune,2026-03-24 14:41:54.903238+01,gold_establishments_2025,,,,21180099000015,2025,Collectivité Territoriale,Commune,['Cher'],['Centre-Val de Loire'],COM,{18},{24}
e5421669-7aba-4b26-ac71-237f376380b5,213102130,Commune de Garin (31),false,{31213},Commune,2026-03-24 14:41:58.09424+01,gold_establishments_2025,,,,21310213000019,2025,Collectivité Territoriale,Commune,['Haute-Garonne'],['Occitanie'],COM,{31},{76}
401b6d8d-de78-4af6-af1f-2318a9aa317f,216402313,Commune de Garindein (64),false,{64231},Commune,2026-03-24 14:42:06.130387+01,gold_establishments_2025,,,,21640231300011,2025,Collectivité Territoriale,Commune,['Pyrénées-Atlantiques'],['Nouvelle-Aquitaine'],COM,{64},{75}
88f71879-ce1b-4c4c-89af-bbb053ada555,218200640,Commune de Gariès (82),false,{82064},Commune,2026-03-24 14:42:10.508772+01,gold_establishments_2025,,,,21820064000017,2025,Collectivité Territoriale,Commune,['Tarn-et-Garonne'],['Occitanie'],COM,{82},{76}
4fc2fe04-5d2d-4b99-b4fc-d8ba890c805e,212900591,Commune de Garlan (29),false,{29059},Commune,2026-03-24 14:41:57.028721+01,gold_establishments_2025,,,,21290059100018,2025,Collectivité Territoriale,Commune,['Finistère'],['Bretagne'],COM,{29},{53}
9bfa3b6d-dbd6-450e-81af-723dadb8013c,216402339,Commune de Garlin (64),false,{64233},Commune,2026-03-24 14:42:06.130387+01,gold_establishments_2025,,,,21640233900016,2025,Collectivité Territoriale,Commune,['Pyrénées-Atlantiques'],['Nouvelle-Aquitaine'],COM,{64},{75}
bac50cff-e8e0-4e63-b4f9-bea8a88b968f,216402321,Commune de Garlède-Mondebat (64),false,{64232},Commune,2026-03-24 14:42:06.130387+01,gold_establishments_2025,,,,21640232100014,2025,Collectivité Territoriale,Commune,['Pyrénées-Atlantiques'],['Nouvelle-Aquitaine'],COM,{64},{75}
48b7fe8f-76da-49b3-b79d-7e8df99d6882,210301206,Commune de Garnat-sur-Engièvre (03),false,{03120},Commune,2026-03-24 14:41:52.020251+01,gold_establishments_2025,,,,21030120600012,2025,Collectivité Territoriale,Commune,['Allier'],['Auvergne-Rhône-Alpes'],COM,{03},{84}
dde8b71d-a1d0-4338-81ee-bb8c39302b70,212801716,Commune de Garnay (28),false,{28171},Commune,2026-03-24 14:41:57.028721+01,gold_establishments_2025,,,,21280171600011,2025,Collectivité Territoriale,Commune,['Eure-et-Loir'],['Centre-Val de Loire'],COM,{28},{24}
e5bbfcaf-c15b-401f-a04b-5bbbef4bf16e,210101671,Commune de Garnerans (01),false,{01167},Commune,2026-03-24 14:41:51.447482+01,gold_establishments_2025,,,,21010167100019,2025,Collectivité Territoriale,Commune,['Ain'],['Auvergne-Rhône-Alpes'],COM,{01},{84}
a0230245-caf6-49f3-a690-60d02abca9f1,213001258,Commune de Garons (30),false,{30125},Commune,2026-03-24 14:41:57.56054+01,gold_establishments_2025,,,,21300125800010,2025,Collectivité Territoriale,Commune,['Gard'],['Occitanie'],COM,{30},{76}
8cab61dd-3720-4119-a660-9593ab9221e4,216402347,Commune de Garos (64),false,{64234},Commune,2026-03-24 14:42:06.130387+01,gold_establishments_2025,,,,21640234700019,2025,Collectivité Territoriale,Commune,['Pyrénées-Atlantiques'],['Nouvelle-Aquitaine'],COM,{64},{75}
ff1b0ba4-294c-4a40-994f-8dff8dfb832d,213201387,Commune de Garravet (32),false,{32138},Commune,2026-03-24 14:41:58.09424+01,gold_establishments_2025,,,,21320138700015,2025,Collectivité Territoriale,Commune,['Gers'],['Occitanie'],COM,{32},{76}
98568991-3d67-4ec4-bb57-39c34d46cc99,215702440,Commune de Garrebourg (57),false,{57244},Commune,2026-03-24 14:42:03.701372+01,gold_establishments_2025,,,,21570244000011,2025,Collectivité Territoriale,Commune,['Moselle'],['Grand Est'],COM,{57},{44}
9e877062-5435-4316-a521-050bec5f7778,218101004,Commune de Garrevaques (81),false,{81100},Commune,2026-03-24 14:42:09.967209+01,gold_establishments_2025,,,,21810100400016,2025,Collectivité Territoriale,Commune,['Tarn'],['Occitanie'],COM,{81},{76}
23f6d09b-dc1e-4052-b8f6-7bbb115477d5,214001067,Commune de Garrey (40),false,{40106},Commune,2026-03-24 14:41:59.705606+01,gold_establishments_2025,,,,21400106700013,2025,Collectivité Territoriale,Commune,['Landes'],['Nouvelle-Aquitaine'],COM,{40},{75}
4b32451f-b522-4538-ba05-440c44222f2d,213401128,Commune de Garrigues (34),false,{34112},Commune,2026-03-24 14:41:58.620411+01,gold_establishments_2025,,,,21340112800011,2025,Collectivité Territoriale,Commune,['Hérault'],['Occitanie'],COM,{34},{76}
55454606-8881-4234-a6a5-19f55ff09d5e,218101020,Commune de Garrigues (81),false,{81102},Commune,2026-03-24 14:42:09.967209+01,gold_establishments_2025,,,,21810102000012,2025,Collectivité Territoriale,Commune,['Tarn'],['Occitanie'],COM,{81},{76}
7b733ee4-d10b-497d-8d08-0265734f80fc,213001266,Commune de Garrigues-Sainte-Eulalie (30),false,{30126},Commune,2026-03-24 14:41:57.56054+01,gold_establishments_2025,,,,21300126600013,2025,Collectivité Territoriale,Commune,['Gard'],['Occitanie'],COM,{30},{76}
a7e301a2-db60-4385-82e8-9f4ff6e8bb6e,216402354,Commune de Garris (64),false,{64235},Commune,2026-03-24 14:42:06.130387+01,gold_establishments_2025,,,,21640235400015,2025,Collectivité Territoriale,Commune,['Pyrénées-Atlantiques'],['Nouvelle-Aquitaine'],COM,{64},{75}
729a1ace-6bf1-468c-9ef8-bbfe411338a3,210600631,Commune de Gars (06),false,{06063},Commune,2026-03-24 14:41:52.562531+01,gold_establishments_2025,,,,21060063100019,2025,Collectivité Territoriale,Commune,['Alpes-Maritimes'],"[""Provence-Alpes-Côte d'Azur""]",COM,{06},{93}
80a11fde-fbc3-4dd8-903d-77fe048bad9f,212308803,Commune de Gartempe (23),false,{23088},Commune,2026-03-24 14:41:55.958138+01,gold_establishments_2025,,,,21230880300015,2025,Collectivité Territoriale,Commune,['Creuse'],['Nouvelle-Aquitaine'],COM,{23},{75}
7a5f755a-52ed-46f8-a49d-5af8a0bc2e26,218300648,Commune de Garéoult (83),false,{83064},Commune,2026-03-24 14:42:10.508772+01,gold_establishments_2025,,,,21830064800019,2025,Collectivité Territoriale,Commune,['Var'],"[""Provence-Alpes-Côte d'Azur""]",COM,{83},{93}
9b0f3660-1bdc-4874-938f-cc3742a55d9d,212801724,Commune de Gas (28),false,{28172},Commune,2026-03-24 14:41:57.028721+01,gold_establishments_2025,,,,21280172400015,2025,Collectivité Territoriale,Commune,['Eure-et-Loir'],['Centre-Val de Loire'],COM,{28},{24}
7d20302f-0012-43f2-9e35-88317f5d68a8,212702799,Commune de Gasny (27),false,{27279},Commune,2026-03-24 14:41:57.028721+01,gold_establishments_2025,,,,21270279900017,2025,Collectivité Territoriale,Commune,['Eure'],['Normandie'],COM,{27},{28}
62c57cbe-5564-4ed5-a871-2f679129afa1,218200657,Commune de Gasques (82),false,{82065},Commune,2026-03-24 14:42:10.508772+01,gold_establishments_2025,,,,21820065700011,2025,Collectivité Territoriale,Commune,['Tarn-et-Garonne'],['Occitanie'],COM,{82},{76}
831a8549-0ff0-48f5-982f-8c0eba80ff2d,218300655,Commune de Gassin (83),false,{83065},Commune,2026-03-24 14:42:10.508772+01,gold_establishments_2025,,,,21830065500014,2025,Collectivité Territoriale,Commune,['Var'],"[""Provence-Alpes-Côte d'Azur""]",COM,{83},{93}
c0998075-ce3b-4e36-8658-57c8fb012138,214001083,Commune de Gastes (40),false,{40108},Commune,2026-03-24 14:41:59.705606+01,gold_establishments_2025,,,,21400108300010,2025,Collectivité Territoriale,Commune,['Landes'],['Nouvelle-Aquitaine'],COM,{40},{75}
cfd6324a-44f5-4dcb-81ca-6719ce266721,215301029,Commune de Gastines (53),false,{53102},Commune,2026-03-24 14:42:02.957225+01,gold_establishments_2025,,,,21530102900017,2025,Collectivité Territoriale,Commune,['Mayenne'],['Pays de la Loire'],COM,{53},{52}
ee92c71d-64ca-49c9-b7b1-1d8a812bf837,217702018,Commune de Gastins (77),false,{77201},Commune,2026-03-24 14:42:09.43682+01,gold_establishments_2025,,,,21770201800011,2025,Collectivité Territoriale,Commune,['Seine-et-Marne'],['Île-de-France'],COM,{77},{11}
fbdd57d4-e2d1-4cfb-8489-5e07af0c5550,212801732,Commune de Gasville-Oisème (28),false,{28173},Commune,2026-03-24 14:41:57.028721+01,gold_establishments_2025,,,,21280173200018,2025,Collectivité Territoriale,Commune,['Eure-et-Loir'],['Centre-Val de Loire'],COM,{28},{24}
706e3734-2e21-4aba-ae0b-7497513f32b6,213902455,Commune de Gatey (39),false,{39245},Commune,2026-03-24 14:41:59.705606+01,gold_establishments_2025,,,,21390245500012,2025,Collectivité Territoriale,Commune,['Jura'],['Bourgogne-Franche-Comté'],COM,{39},{27}
7eb7f848-0a46-43fe-a202-49d0ea2b0ef3,215001959,Commune de Gathemo (50),false,{50195},Commune,2026-03-24 14:42:01.412377+01,gold_establishments_2025,,,,21500195900018,2025,Collectivité Territoriale,Commune,['Manche'],['Normandie'],COM,{50},{28}
9b0e5875-f79c-496c-af41-a9bca5778895,215001967,Commune de Gatteville-le-Phare (50),false,{50196},Commune,2026-03-24 14:42:01.412377+01,gold_establishments_2025,,,,21500196700011,2025,Collectivité Territoriale,Commune,['Manche'],['Normandie'],COM,{50},{28}
16853adc-086c-4cbb-8911-71e7afaf0eaf,210600649,Commune de Gattières (06),false,{06064},Commune,2026-03-24 14:41:52.562531+01,gold_establishments_2025,,,,21060064900011,2025,Collectivité Territoriale,Commune,['Alpes-Maritimes'],"[""Provence-Alpes-Côte d'Azur""]",COM,{06},{93}
073123ae-e7df-4852-be42-f71cfa6780bb,214800690,Commune de Gatuzières (48),false,{48069},Commune,2026-03-24 14:42:01.412377+01,gold_establishments_2025,,,,21480069000015,2025,Collectivité Territoriale,Commune,['Lozère'],['Occitanie'],COM,{48},{76}
cd37d5e9-46cb-4ab5-bf71-ffe775be6bfb,214501512,Commune de Gaubertin (45),false,{45151},Commune,2026-03-24 14:42:00.862623+01,gold_establishments_2025,,,,21450151200013,2025,Collectivité Territoriale,Commune,['Loiret'],['Centre-Val de Loire'],COM,{45},{24}
46de8eb0-35ec-45ec-a749-cd2c069ce362,216203661,Commune de Gauchin-Légal (62),false,{62366},Commune,2026-03-24 14:42:05.597325+01,gold_establishments_2025,,,,21620366100014,2025,Collectivité Territoriale,Commune,['Pas-de-Calais'],['Hauts-de-France'],COM,{62},{32}
e25ecd2e-7be0-4063-a0be-ce39a9630fec,216203679,Commune de Gauchin-Verloingt (62),false,{62367},Commune,2026-03-24 14:42:05.597325+01,gold_establishments_2025,,,,21620367900016,2025,Collectivité Territoriale,Commune,['Pas-de-Calais'],['Hauts-de-France'],COM,{62},{32}
fc8386fa-d0ce-454f-8ecc-19c116246007,210203212,Commune de Gauchy (02),false,{02340},Commune,2026-03-24 14:41:52.020251+01,gold_establishments_2025,,,,21020321200092,2025,Collectivité Territoriale,Commune,['Aisne'],['Hauts-de-France'],COM,{02},{32}
e5aecaa4-6a87-4bbe-b165-4551c0bc5061,212702807,Commune de Gauciel (27),false,{27280},Commune,2026-03-24 14:41:57.028721+01,gold_establishments_2025,,,,21270280700018,2025,Collectivité Territoriale,Commune,['Eure'],['Normandie'],COM,{27},{28}
13b09458-ab82-49d4-aada-15dea8e2c62e,216002667,Commune de Gaudechart (60),false,{60269},Commune,2026-03-24 14:42:04.814328+01,gold_establishments_2025,,,,21600266700014,2025,Collectivité Territoriale,Commune,['Oise'],['Hauts-de-France'],COM,{60},{32}
dca27856-e15a-43d6-a2d0-2783af347f32,216501866,Commune de Gaudent (65),false,{65186},Commune,2026-03-24 14:42:06.665412+01,gold_establishments_2025,,,,21650186600018,2025,Collectivité Territoriale,Commune,['Hautes-Pyrénées'],['Occitanie'],COM,{65},{76}
79de3f7b-20d4-43cc-926f-419d4e63bdd1,216203687,Commune de Gaudiempré (62),false,{62368},Commune,2026-03-24 14:42:05.597325+01,gold_establishments_2025,,,,21620368700019,2025,Collectivité Territoriale,Commune,['Pas-de-Calais'],['Hauts-de-France'],COM,{62},{32}
0904b38b-ea64-433a-a47c-212eb3d514eb,210901328,Commune de Gaudiès (09),false,{09132},Commune,2026-03-24 14:41:53.095366+01,gold_establishments_2025,,,,21090132800018,2025,Collectivité Territoriale,Commune,['Ariège'],['Occitanie'],COM,{09},{76}
49806c26-1f5c-4664-9d9b-bb32859db657,213201395,Commune de Gaudonville (32),false,{32139},Commune,2026-03-24 14:41:58.09424+01,gold_establishments_2025,,,,21320139500018,2025,Collectivité Territoriale,Commune,['Gers'],['Occitanie'],COM,{32},{76}
9464165f-c7e5-48c4-a60b-3bc5413bb176,212702815,Commune de Gaudreville-la-Rivière (27),false,{27281},Commune,2026-03-24 14:41:57.028721+01,gold_establishments_2025,,,,21270281500011,2025,Collectivité Territoriale,Commune,['Eure'],['Normandie'],COM,{27},{28}
716965a7-cae6-4864-91ef-186b87faf8d6,212401954,Commune de Gaugeac (24),false,{24195},Commune,2026-03-24 14:41:55.958138+01,gold_establishments_2025,,,,21240195400012,2025,Collectivité Territoriale,Commune,['Dordogne'],['Nouvelle-Aquitaine'],COM,{24},{75}
e0fa6033-a7c4-43ce-8aec-98b787282570,213001274,Commune de Gaujac (30),false,{30127},Commune,2026-03-24 14:41:57.56054+01,gold_establishments_2025,,,,21300127400017,2025,Collectivité Territoriale,Commune,['Gard'],['Occitanie'],COM,{30},{76}
e19d7057-67ef-49ec-bc7c-4a3335476a37,213201403,Commune de Gaujac (32),false,{32140},Commune,2026-03-24 14:41:58.09424+01,gold_establishments_2025,,,,21320140300010,2025,Collectivité Territoriale,Commune,['Gers'],['Occitanie'],COM,{32},{76}
191b8e40-8410-4293-b83f-30fc7e2372c2,214701088,Commune de Gaujac (47),false,{47108},Commune,2026-03-24 14:42:00.862623+01,gold_establishments_2025,,,,21470108800012,2025,Collectivité Territoriale,Commune,['Lot-et-Garonne'],['Nouvelle-Aquitaine'],COM,{47},{75}
24ada002-d33d-4247-999a-cda97677cb20,214001091,Commune de Gaujacq (40),false,{40109},Commune,2026-03-24 14:41:59.705606+01,gold_establishments_2025,,,,21400109100013,2025,Collectivité Territoriale,Commune,['Landes'],['Nouvelle-Aquitaine'],COM,{40},{75}
b1f2b385-2105-447e-b294-198ebf6f1dd2,213201411,Commune de Gaujan (32),false,{32141},Commune,2026-03-24 14:41:58.09424+01,gold_establishments_2025,,,,21320141100013,2025,Collectivité Territoriale,Commune,['Gers'],['Occitanie'],COM,{32},{76}
38cfeda0-2658-4a8a-adfe-ef93ecf8c297,213301823,Commune de Gauriac (33),false,{33182},Commune,2026-03-24 14:41:58.620411+01,gold_establishments_2025,,,,21330182300018,2025,Collectivité Territoriale,Commune,['Gironde'],['Nouvelle-Aquitaine'],COM,{33},{75}
50c12305-9c00-4436-940e-3b1f63744cd4,213301831,Commune de Gauriaguet (33),false,{33183},Commune,2026-03-24 14:41:58.620411+01,gold_establishments_2025,,,,21330183100011,2025,Collectivité Territoriale,Commune,['Gironde'],['Nouvelle-Aquitaine'],COM,{33},{75}
d4c63434-85c7-4b65-968a-679a615e0a4b,213102155,Commune de Gauré (31),false,{31215},Commune,2026-03-24 14:41:58.09424+01,gold_establishments_2025,,,,21310215500016,2025,Collectivité Territoriale,Commune,['Haute-Garonne'],['Occitanie'],COM,{31},{76}
78cc7efe-0505-4c16-9dd9-c55dc9ac5bb9,216501874,Commune de Gaussan (65),false,{65187},Commune,2026-03-24 14:42:06.665412+01,gold_establishments_2025,,,,21650187400012,2025,Collectivité Territoriale,Commune,['Hautes-Pyrénées'],['Occitanie'],COM,{65},{76}
b61d4a9c-c185-4e58-a1ad-9e9e811ee028,212200604,Commune de Gausson (22),false,{22060},Commune,2026-03-24 14:41:55.433389+01,gold_establishments_2025,,,,21220060400016,2025,Collectivité Territoriale,Commune,"[""Côtes-d'Armor""]",['Bretagne'],COM,{22},{53}
95fb3a9b-7b98-4bcd-a95c-7516aa5898c8,218003606,Commune de Gauville (80),false,{80375},Commune,2026-03-24 14:42:09.967209+01,gold_establishments_2025,,,,21800360600017,2025,Collectivité Territoriale,Commune,['Somme'],['Hauts-de-France'],COM,{80},{32}
8e532d69-f6a7-4f6c-bbad-72332f6a29dc,212702823,Commune de Gauville-la-Campagne (27),false,{27282},Commune,2026-03-24 14:41:57.028721+01,gold_establishments_2025,,,,21270282300015,2025,Collectivité Territoriale,Commune,['Eure'],['Normandie'],COM,{27},{28}
136a0ce7-1629-47d4-bcef-a5f84ddf2d45,200060309,Commune de Gavarnie-Gèdre (65),false,{65192},Commune,2026-03-24 14:42:06.665412+01,gold_establishments_2025,,,,20006030900016,2025,Collectivité Territoriale,Commune,['Hautes-Pyrénées'],['Occitanie'],COM,{65},{76}
a2e5a82f-8c2c-4895-aaf7-9d5f7a74104b,213201429,Commune de Gavarret-sur-Aulouste (32),false,{32142},Commune,2026-03-24 14:41:58.09424+01,gold_establishments_2025,,,,21320142900015,2025,Collectivité Territoriale,Commune,['Gers'],['Occitanie'],COM,{32},{76}
ac178db1-37bb-44e8-b241-16f9f8dfbee6,214701096,Commune de Gavaudun (47),false,{47109},Commune,2026-03-24 14:42:00.862623+01,gold_establishments_2025,,,,21470109600015,2025,Collectivité Territoriale,Commune,['Lot-et-Garonne'],['Nouvelle-Aquitaine'],COM,{47},{75}
9e426b3f-9eb2-4587-889c-e4a9e97f1266,212001226,Commune de Gavignano (2B),false,{2B122},Commune,2026-03-24 14:41:57.56054+01,gold_establishments_2025,,,,21200122600019,2025,Collectivité Territoriale,Commune,['Haute-Corse'],['Corse'],COM,{2B},{94}
631c31a7-ebfe-4964-b7ad-ce1db8c07162,215702457,Commune de Gavisse (57),false,{57245},Commune,2026-03-24 14:42:03.701372+01,gold_establishments_2025,,,,21570245700015,2025,Collectivité Territoriale,Commune,['Moselle'],['Grand Est'],COM,{57},{44}
9edafd07-eaf5-4872-8d0b-7b06d59bd220,200085934,Commune de Gavray-sur-Sienne (50),false,{50197},Commune,2026-03-24 14:42:01.412377+01,gold_establishments_2025,,,,20008593400012,2025,Collectivité Territoriale,Commune,['Manche'],['Normandie'],COM,{50},{28}
ad383e2d-4ca5-4b67-8d42-637aa1118e37,216203695,Commune de Gavrelle (62),false,{62369},Commune,2026-03-24 14:42:05.597325+01,gold_establishments_2025,,,,21620369500012,2025,Collectivité Territoriale,Commune,['Pas-de-Calais'],['Hauts-de-France'],COM,{62},{32}
8b6d0dde-381a-4438-ac87-8f658d8c3dc7,211402979,Commune de Gavrus (14),false,{14297},Commune,2026-03-24 14:41:54.362296+01,gold_establishments_2025,,,,21140297900010,2025,Collectivité Territoriale,Commune,['Calvados'],['Normandie'],COM,{14},{28}
14c87284-7b74-4a85-b0c2-7643c79e8eb3,216501890,Commune de Gayan (65),false,{65189},Commune,2026-03-24 14:42:06.665412+01,gold_establishments_2025,,,,21650189000018,2025,Collectivité Territoriale,Commune,['Hautes-Pyrénées'],['Occitanie'],COM,{65},{76}
0f01b0fd-f16d-4b82-a1a3-21c1258edc11,215102468,Commune de Gaye (51),false,{51265},Commune,2026-03-24 14:42:01.954481+01,gold_establishments_2025,,,,21510246800018,2025,Collectivité Territoriale,Commune,['Marne'],['Grand Est'],COM,{51},{44}
443c36ef-6b98-454f-82b6-1be093710d12,216402362,Commune de Gayon (64),false,{64236},Commune,2026-03-24 14:42:06.130387+01,gold_establishments_2025,,,,21640236200018,2025,Collectivité Territoriale,Commune,['Pyrénées-Atlantiques'],['Nouvelle-Aquitaine'],COM,{64},{75}
eed33640-279b-40ba-9572-9494c69cb7e7,213201437,Commune de Gazaupouy (32),false,{32143},Commune,2026-03-24 14:41:58.09424+01,gold_establishments_2025,,,,21320143700018,2025,Collectivité Territoriale,Commune,['Gers'],['Occitanie'],COM,{32},{76}
29d83e97-9395-491e-9ece-64a8fd1668fd,216501908,Commune de Gazave (65),false,{65190},Commune,2026-03-24 14:42:06.665412+01,gold_establishments_2025,,,,21650190800018,2025,Collectivité Territoriale,Commune,['Hautes-Pyrénées'],['Occitanie'],COM,{65},{76}
0ac3a21a-e502-4948-94c7-f1f85612c27f,213201445,Commune de Gazax-et-Baccarisse (32),false,{32144},Commune,2026-03-24 14:41:58.09424+01,gold_establishments_2025,,,,21320144500011,2025,Collectivité Territoriale,Commune,['Gers'],['Occitanie'],COM,{32},{76}
5f7ae27c-5f8a-4f55-9fcc-54902b0b57fc,217802693,Commune de Gazeran (78),false,{78269},Commune,2026-03-24 14:42:09.43682+01,gold_establishments_2025,,,,21780269300010,2025,Collectivité Territoriale,Commune,['Yvelines'],['Île-de-France'],COM,{78},{11}
5e34dddb-b30b-468e-a39e-cf917d2cada9,216501916,Commune de Gazost (65),false,{65191},Commune,2026-03-24 14:42:06.665412+01,gold_establishments_2025,,,,21650191600011,2025,Collectivité Territoriale,Commune,['Hautes-Pyrénées'],['Occitanie'],COM,{65},{76}
161a7c37-c386-438d-8ca1-ce1dcc523ab9,213501174,Commune de Gaël (35),false,{35117},Commune,2026-03-24 14:41:58.620411+01,gold_establishments_2025,,,,21350117400014,2025,Collectivité Territoriale,Commune,['Ille-et-Vilaine'],['Bretagne'],COM,{35},{53}
a203e372-f0d1-468e-b442-9b7b1bb2591e,214001109,Commune de Geaune (40),false,{40110},Commune,2026-03-24 14:41:59.705606+01,gold_establishments_2025,,,,21400110900013,2025,Collectivité Territoriale,Commune,['Landes'],['Nouvelle-Aquitaine'],COM,{40},{75}
17148c52-c55c-4789-965e-11e00d949ed1,211701719,Commune de Geay (17),false,{17171},Commune,2026-03-24 14:41:54.903238+01,gold_establishments_2025,,,,21170171900018,2025,Collectivité Territoriale,Commune,['Charente-Maritime'],['Nouvelle-Aquitaine'],COM,{17},{75}
197a18b4-bf45-4416-ab9f-6667f0317951,217901313,Commune de Geay (79),false,{79131},Commune,2026-03-24 14:42:09.43682+01,gold_establishments_2025,,,,21790131300015,2025,Collectivité Territoriale,Commune,['Deux-Sèvres'],['Nouvelle-Aquitaine'],COM,{79},{75}
59697b9f-7089-4cde-995e-a36f06a2e5e3,215001983,Commune de Geffosses (50),false,{50198},Commune,2026-03-24 14:42:01.412377+01,gold_establishments_2025,,,,21500198300018,2025,Collectivité Territoriale,Commune,['Manche'],['Normandie'],COM,{50},{28}
0d81cd26-a302-4243-bc35-191fa79c91fc,213600828,Commune de Gehée (36),false,{36082},Commune,2026-03-24 14:41:59.160244+01,gold_establishments_2025,,,,21360082800015,2025,Collectivité Territoriale,Commune,['Indre'],['Centre-Val de Loire'],COM,{36},{24}
b6f40711-97db-47ed-9c10-554f3cc34a7c,216801027,Commune de Geishouse (68),false,{68102},Commune,2026-03-24 14:42:07.195692+01,gold_establishments_2025,,,,21680102700014,2025,Collectivité Territoriale,Commune,['Haut-Rhin'],['Grand Est'],COM,{68},{44}
c9c9339d-7d0d-46d6-951f-e30e968b9139,216801035,Commune de Geispitzen (68),false,{68103},Commune,2026-03-24 14:42:07.195692+01,gold_establishments_2025,,,,21680103500017,2025,Collectivité Territoriale,Commune,['Haut-Rhin'],['Grand Est'],COM,{68},{44}
4549585f-a80c-4a51-ba93-d83c62326f27,216701524,Commune de Geispolsheim (67),false,{67152},Commune,2026-03-24 14:42:07.195692+01,gold_establishments_2025,,,,21670152400011,2025,Collectivité Territoriale,Commune,['Bas-Rhin'],['Grand Est'],COM,{67},{44}
80fad4a4-c351-42ae-ac5c-7c0aec5e6cd0,216801043,Commune de Geiswasser (68),false,{68104},Commune,2026-03-24 14:42:07.195692+01,gold_establishments_2025,,,,21680104300052,2025,Collectivité Territoriale,Commune,['Haut-Rhin'],['Grand Est'],COM,{68},{44}
2044dadd-969b-41ed-951c-e1a95ba39bb6,200077923,Commune de Geiswiller-Zœbersdorf (67),false,{67153},Commune,2026-03-24 14:42:07.195692+01,gold_establishments_2025,,,,20007792300015,2025,Collectivité Territoriale,Commune,['Bas-Rhin'],['Grand Est'],COM,{67},{44}
99219eac-37e9-4cbf-ab1d-b7e12d6d2852,212801773,Commune de Gellainville (28),false,{28177},Commune,2026-03-24 14:41:57.028721+01,gold_establishments_2025,,,,21280177300012,2025,Collectivité Territoriale,Commune,['Eure-et-Loir'],['Centre-Val de Loire'],COM,{28},{24}
2d0fd7b0-cbb8-47cb-a373-26f5fa82ae91,215402199,Commune de Gellenoncourt (54),false,{54219},Commune,2026-03-24 14:42:02.957225+01,gold_establishments_2025,,,,21540219900016,2025,Collectivité Territoriale,Commune,['Meurthe-et-Moselle'],['Grand Est'],COM,{54},{44}
30a39bd8-8b78-4bfd-9c3f-f51be64aafa7,216301630,Commune de Gelles (63),false,{63163},Commune,2026-03-24 14:42:06.130387+01,gold_establishments_2025,,,,21630163000010,2025,Collectivité Territoriale,Commune,['Puy-de-Dôme'],['Auvergne-Rhône-Alpes'],COM,{63},{84}
64b2da30-aac7-45bb-ab96-2f9095f759d3,212502637,Commune de Gellin (25),false,{25263},Commune,2026-03-24 14:41:56.495197+01,gold_establishments_2025,,,,21250263700011,2025,Collectivité Territoriale,Commune,['Doubs'],['Bourgogne-Franche-Comté'],COM,{25},{27}
a7537053-a2c8-4e6c-bfff-359fba7552e8,216402370,Commune de Gelos (64),false,{64237},Commune,2026-03-24 14:42:06.130387+01,gold_establishments_2025,,,,21640237000011,2025,Collectivité Territoriale,Commune,['Pyrénées-Atlantiques'],['Nouvelle-Aquitaine'],COM,{64},{75}
8fce661f-21b9-4add-b82b-193244e1a6c2,214001117,Commune de Geloux (40),false,{40111},Commune,2026-03-24 14:41:59.705606+01,gold_establishments_2025,,,,21400111700016,2025,Collectivité Territoriale,Commune,['Landes'],['Nouvelle-Aquitaine'],COM,{40},{75}
4d6efbed-6997-43b8-a0fb-eda2469b6a1a,215702465,Commune de Gelucourt (57),false,{57246},Commune,2026-03-24 14:42:03.701372+01,gold_establishments_2025,,,,21570246500018,2025,Collectivité Territoriale,Commune,['Moselle'],['Grand Est'],COM,{57},{44}
ea311c2a-5f8e-4022-84c4-5c5f182c9f4c,218801926,Commune de Gelvécourt-et-Adompt (88),false,{88192},Commune,2026-03-24 14:42:11.118516+01,gold_establishments_2025,,,,21880192600013,2025,Collectivité Territoriale,Commune,['Vosges'],['Grand Est'],COM,{88},{44}
073f60ae-bbf9-4b7d-b50b-c5ca216a92c3,218801934,Commune de Gemaingoutte (88),false,{88193},Commune,2026-03-24 14:42:11.118516+01,gold_establishments_2025,,,,21880193400017,2025,Collectivité Territoriale,Commune,['Vosges'],['Grand Est'],COM,{88},{44}
2ea2f5a9-0ae8-4c87-87ff-6374f66f26d3,216501932,Commune de Gembrie (65),false,{65193},Commune,2026-03-24 14:42:06.665412+01,gold_establishments_2025,,,,21650193200018,2025,Collectivité Territoriale,Commune,['Hautes-Pyrénées'],['Occitanie'],COM,{65},{76}
3256aec3-cc2c-4db3-9ded-0bd8f7253bd0,212102909,Commune de Gemeaux (21),false,{21290},Commune,2026-03-24 14:41:55.433389+01,gold_establishments_2025,,,,21210290900018,2025,Collectivité Territoriale,Commune,"[""Côte-d'Or""]",['Bourgogne-Franche-Comté'],COM,{21},{27}
2585d9f7-eb71-43bd-b338-30ca35f7c578,218801942,Commune de Gemmelaincourt (88),false,{88194},Commune,2026-03-24 14:42:11.118516+01,gold_establishments_2025,,,,21880194200069,2025,Collectivité Territoriale,Commune,['Vosges'],['Grand Est'],COM,{88},{44}
36672463-f4e1-4b3f-a276-baac684e1ccf,200058196,Commune de Genac-Bignac (16),false,{16148},Commune,2026-03-24 14:41:54.362296+01,gold_establishments_2025,,,,20005819600011,2025,Collectivité Territoriale,Commune,['Charente'],['Nouvelle-Aquitaine'],COM,{16},{75}
2f728efe-9c1a-4356-a3b2-9130d163d9b8,219502705,Commune de Genainville (95),false,{95270},Commune,2026-03-24 14:42:11.659493+01,gold_establishments_2025,,,,21950270500011,2025,Collectivité Territoriale,Commune,"[""Val-d'Oise""]",['Île-de-France'],COM,{95},{11}
a7c81fad-ef9d-4f42-a3ea-2880c8408aca,216902775,Commune de Genas (69),false,{69277},Commune,2026-03-24 14:42:07.735343+01,gold_establishments_2025,,,,21690277500123,2025,Collectivité Territoriale,Commune,['Rhône'],['Auvergne-Rhône-Alpes'],COM,{69},{84}
0b7b56c8-3d25-4c3b-8bee-eca148eb284a,212102917,Commune de Genay (21),false,{21291},Commune,2026-03-24 14:41:55.433389+01,gold_establishments_2025,,,,21210291700011,2025,Collectivité Territoriale,Commune,"[""Côte-d'Or""]",['Bourgogne-Franche-Comté'],COM,{21},{27}
e3d01183-949e-47bf-8e4c-75322d9df75d,216902783,Commune de Genay (69),false,{69278},Commune,2026-03-24 14:42:07.735343+01,gold_establishments_2025,,,,21690278300010,2025,Collectivité Territoriale,Commune,['Rhône'],['Auvergne-Rhône-Alpes'],COM,{69},{84}
93a15737-c20c-4765-a23c-24d9d17486f8,218801959,Commune de Gendreville (88),false,{88195},Commune,2026-03-24 14:42:11.118516+01,gold_establishments_2025,,,,21880195900055,2025,Collectivité Territoriale,Commune,['Vosges'],['Grand Est'],COM,{88},{44}
786e3329-d76a-472f-8338-5f92e0216fa4,213902463,Commune de Gendrey (39),false,{39246},Commune,2026-03-24 14:41:59.705606+01,gold_establishments_2025,,,,21390246300016,2025,Collectivité Territoriale,Commune,['Jura'],['Bourgogne-Franche-Comté'],COM,{39},{27}
bb98ee29-4ad9-48dd-b08a-3b0dffabc094,215902586,Commune de Genech (59),false,{59258},Commune,2026-03-24 14:42:04.280096+01,gold_establishments_2025,,,,21590258600019,2025,Collectivité Territoriale,Commune,['Nord'],['Hauts-de-France'],COM,{59},{32}
4556439a-9f1f-4707-ba75-62a250f5e7cc,211101621,Commune de Generville (11),false,{11162},Commune,2026-03-24 14:41:53.63825+01,gold_establishments_2025,,,,21110162100012,2025,Collectivité Territoriale,Commune,['Aude'],['Occitanie'],COM,{11},{76}
ddb00bc0-daef-4f29-98f2-2c9f22d4d024,210700936,Commune de Genestelle (07),false,{07093},Commune,2026-03-24 14:41:52.562531+01,gold_establishments_2025,,,,21070093600011,2025,Collectivité Territoriale,Commune,['Ardèche'],['Auvergne-Rhône-Alpes'],COM,{07},{84}
4e45dd77-c80b-40a8-aea3-2d4bced0c4cf,214402232,Commune de Geneston (44),false,{44223},Commune,2026-03-24 14:42:00.862623+01,gold_establishments_2025,,,,21440223200018,2025,Collectivité Territoriale,Commune,['Loire-Atlantique'],['Pays de la Loire'],COM,{44},{52}
88616ca5-68d4-4cfc-9a06-f50300dd098d,212502652,Commune de Geneuille (25),false,{25265},Commune,2026-03-24 14:41:56.495197+01,gold_establishments_2025,,,,21250265200010,2025,Collectivité Territoriale,Commune,['Doubs'],['Bourgogne-Franche-Comté'],COM,{25},{27}
8542fd66-7aca-4dce-b7ab-6ff542d147f8,217002625,Commune de Genevreuille (70),false,{70262},Commune,2026-03-24 14:42:07.735343+01,gold_establishments_2025,,,,21700262500010,2025,Collectivité Territoriale,Commune,['Haute-Saône'],['Bourgogne-Franche-Comté'],COM,{70},{27}
d0875385-9648-4dbb-9c34-c15c9b30a6ec,217002633,Commune de Genevrey (70),false,{70263},Commune,2026-03-24 14:42:07.735343+01,gold_establishments_2025,,,,21700263300014,2025,Collectivité Territoriale,Commune,['Haute-Saône'],['Bourgogne-Franche-Comté'],COM,{70},{27}
73506b42-7c0b-4e6f-ad1b-0233936de899,215201534,Commune de Genevrières (52),false,{52213},Commune,2026-03-24 14:42:01.954481+01,gold_establishments_2025,,,,21520153400017,2025,Collectivité Territoriale,Commune,['Haute-Marne'],['Grand Est'],COM,{52},{44}
6525e7d8-ba10-4b9e-bfa9-aa34f8d91ddb,212502660,Commune de Geney (25),false,{25266},Commune,2026-03-24 14:41:56.495197+01,gold_establishments_2025,,,,21250266000013,2025,Collectivité Territoriale,Commune,['Doubs'],['Bourgogne-Franche-Comté'],COM,{25},{27}
5c626da3-2f92-47b5-be9c-f7c583fff552,214202251,Commune de Genilac (42),false,{42225},Commune,2026-03-24 14:42:00.273698+01,gold_establishments_2025,,,,21420225100085,2025,Collectivité Territoriale,Commune,['Loire'],['Auvergne-Rhône-Alpes'],COM,{42},{84}
427f3409-5c03-4a44-a44d-3384115900e0,213701113,Commune de Genillé (37),false,{37111},Commune,2026-03-24 14:41:59.160244+01,gold_establishments_2025,,,,21370111300010,2025,Collectivité Territoriale,Commune,['Indre-et-Loire'],['Centre-Val de Loire'],COM,{37},{24}
3c850abc-4acd-439c-9606-1c4ce2f613cf,212102925,Commune de Genlis (21),false,{21292},Commune,2026-03-24 14:41:55.433389+01,gold_establishments_2025,,,,21210292500014,2025,Collectivité Territoriale,Commune,"[""Côte-d'Or""]",['Bourgogne-Franche-Comté'],COM,{21},{27}
d7b6c907-e8be-465a-9842-3a05c76eda11,212502678,Commune de Gennes (25),false,{25267},Commune,2026-03-24 14:41:56.495197+01,gold_establishments_2025,,,,21250267800015,2025,Collectivité Territoriale,Commune,['Doubs'],['Bourgogne-Franche-Comté'],COM,{25},{27}
7dc8245e-1059-4d81-9ad3-4e110a249763,216203703,Commune de Gennes-Ivergny (62),false,{62370},Commune,2026-03-24 14:42:05.597325+01,gold_establishments_2025,,,,21620370300014,2025,Collectivité Territoriale,Commune,['Pas-de-Calais'],['Hauts-de-France'],COM,{62},{32}
0bb31e60-90ff-4472-90f5-e999ab44461c,200084614,Commune de Gennes-Longuefuye (53),false,{53104},Commune,2026-03-24 14:42:02.957225+01,gold_establishments_2025,,,,20008461400011,2025,Collectivité Territoriale,Commune,['Mayenne'],['Pays de la Loire'],COM,{53},{52}
a5070e43-c06b-4c4c-a1e5-9ca957d8ab4a,200075547,Commune de Gennes-Val-de-Loire (49),false,{49261},Commune,2026-03-24 14:42:01.412377+01,gold_establishments_2025,,,,20007554700014,2025,Collectivité Territoriale,Commune,['Maine-et-Loire'],['Pays de la Loire'],COM,{49},{52}
1de218fa-53b9-4fd7-ad58-f6b7ce33b3b3,213501190,Commune de Gennes-sur-Seiche (35),false,{35119},Commune,2026-03-24 14:41:58.620411+01,gold_establishments_2025,,,,21350119000101,2025,Collectivité Territoriale,Commune,['Ille-et-Vilaine'],['Bretagne'],COM,{35},{53}
b5343113-7cbe-4fa1-9a99-ea2ad0765717,210301214,Commune de Gennetines (03),false,{03121},Commune,2026-03-24 14:41:52.020251+01,gold_establishments_2025,,,,21030121400016,2025,Collectivité Territoriale,Commune,['Allier'],['Auvergne-Rhône-Alpes'],COM,{03},{84}
7c81ead4-3c12-406f-b059-7d661f8e548b,217901321,Commune de Genneton (79),false,{79132},Commune,2026-03-24 14:42:09.43682+01,gold_establishments_2025,,,,21790132100018,2025,Collectivité Territoriale,Commune,['Deux-Sèvres'],['Nouvelle-Aquitaine'],COM,{79},{75}
9245ff9d-da30-4bfd-8de8-2b754040c354,211402995,Commune de Genneville (14),false,{14299},Commune,2026-03-24 14:41:54.362296+01,gold_establishments_2025,,,,21140299500016,2025,Collectivité Territoriale,Commune,['Calvados'],['Normandie'],COM,{14},{28}
2ee0d496-8548-447d-a7ea-2eb152238151,219200367,Commune de Gennevilliers (92),false,{92036},Commune,2026-03-24 14:42:11.659493+01,gold_establishments_2025,,,,21920036700015,2025,Collectivité Territoriale,Commune,['Hauts-de-Seine'],['Île-de-France'],COM,{92},{11}
55e8526b-e9bb-46f7-bd1b-59145acb9a53,213902471,Commune de Genod (39),false,{39247},Commune,2026-03-24 14:41:59.705606+01,gold_establishments_2025,,,,21390247100019,2025,Collectivité Territoriale,Commune,['Jura'],['Bourgogne-Franche-Comté'],COM,{39},{27}
5e1797d7-11ee-428c-9159-d41c106dc501,212308902,Commune de Genouillac (23),false,{23089},Commune,2026-03-24 14:41:55.958138+01,gold_establishments_2025,,,,21230890200015,2025,Collectivité Territoriale,Commune,['Creuse'],['Nouvelle-Aquitaine'],COM,{23},{75}
ac8d868c-8a7a-4790-9a13-4ab730d7bafe,210101697,Commune de Genouilleux (01),false,{01169},Commune,2026-03-24 14:41:51.447482+01,gold_establishments_2025,,,,21010169700014,2025,Collectivité Territoriale,Commune,['Ain'],['Auvergne-Rhône-Alpes'],COM,{01},{84}
2dcd453a-f045-4c69-b159-047a27f38be9,211801006,Commune de Genouilly (18),false,{18100},Commune,2026-03-24 14:41:54.903238+01,gold_establishments_2025,,,,21180100600019,2025,Collectivité Territoriale,Commune,['Cher'],['Centre-Val de Loire'],COM,{18},{24}
ef1fc3ea-bd4a-48c1-bc59-9d9ec6cb354d,217102144,Commune de Genouilly (71),false,{71214},Commune,2026-03-24 14:42:07.735343+01,gold_establishments_2025,,,,21710214400011,2025,Collectivité Territoriale,Commune,['Saône-et-Loire'],['Bourgogne-Franche-Comté'],COM,{71},{27}
77ce82a6-af07-41a2-9f21-ed52c558e313,211701743,Commune de Genouillé (17),false,{17174},Commune,2026-03-24 14:41:54.903238+01,gold_establishments_2025,,,,21170174300067,2025,Collectivité Territoriale,Commune,['Charente-Maritime'],['Nouvelle-Aquitaine'],COM,{17},{75}
c5f98f9b-3412-49c0-85c1-1b752a4f4fc4,218601045,Commune de Genouillé (86),false,{86104},Commune,2026-03-24 14:42:10.508772+01,gold_establishments_2025,,,,21860104500014,2025,Collectivité Territoriale,Commune,['Vienne'],['Nouvelle-Aquitaine'],COM,{86},{75}
c236b1d2-0509-404a-8850-4688f4cb97e5,213301864,Commune de Gensac (33),false,{33186},Commune,2026-03-24 14:41:58.620411+01,gold_establishments_2025,,,,21330186400012,2025,Collectivité Territoriale,Commune,['Gironde'],['Nouvelle-Aquitaine'],COM,{33},{75}
81ffed68-d4be-4452-82ba-9a5071437481,216501965,Commune de Gensac (65),false,{65196},Commune,2026-03-24 14:42:06.665412+01,gold_establishments_2025,,,,21650196500018,2025,Collectivité Territoriale,Commune,['Hautes-Pyrénées'],['Occitanie'],COM,{65},{76}
4ef92342-3551-4d80-aa1d-7ce2e4b6b9a1,218200673,Commune de Gensac (82),false,{82067},Commune,2026-03-24 14:42:10.508772+01,gold_establishments_2025,,,,21820067300018,2025,Collectivité Territoriale,Commune,['Tarn-et-Garonne'],['Occitanie'],COM,{82},{76}
ca3254d8-786b-40e5-b115-4d255c922c73,213102189,Commune de Gensac-de-Boulogne (31),false,{31218},Commune,2026-03-24 14:41:58.09424+01,gold_establishments_2025,,,,21310218900015,2025,Collectivité Territoriale,Commune,['Haute-Garonne'],['Occitanie'],COM,{31},{76}
84fed242-742e-49c2-9d9f-839517df1b57,211601505,Commune de Gensac-la-Pallue (16),false,{16150},Commune,2026-03-24 14:41:54.362296+01,gold_establishments_2025,,,,21160150500012,2025,Collectivité Territoriale,Commune,['Charente'],['Nouvelle-Aquitaine'],COM,{16},{75}
c9b8cb45-ad89-406a-8bbb-2dad7d1f89d8,213102197,Commune de Gensac-sur-Garonne (31),false,{31219},Commune,2026-03-24 14:41:58.09424+01,gold_establishments_2025,,,,21310219700018,2025,Collectivité Territoriale,Commune,['Haute-Garonne'],['Occitanie'],COM,{31},{76}
4e2e3690-aca5-4fa9-92a7-11954ac83229,218003614,Commune de Gentelles (80),false,{80376},Commune,2026-03-24 14:42:09.967209+01,gold_establishments_2025,,,,21800361400011,2025,Collectivité Territoriale,Commune,['Somme'],['Hauts-de-France'],COM,{80},{32}
50c86972-937c-40ba-a36a-630ee922a34b,219400371,Commune de Gentilly (94),false,{94037},Commune,2026-03-24 14:42:11.659493+01,gold_establishments_2025,,,,21940037100015,2025,Collectivité Territoriale,Commune,['Val-de-Marne'],['Île-de-France'],COM,{94},{11}
bb9a4db3-bafd-4c25-b759-14e373f3468f,212309009,Commune de Gentioux-Pigerolles (23),false,{23090},Commune,2026-03-24 14:41:55.958138+01,gold_establishments_2025,,,,21230900900018,2025,Collectivité Territoriale,Commune,['Creuse'],['Nouvelle-Aquitaine'],COM,{23},{75}
589cae2a-183d-432b-8f51-1b46cfc1a802,211601513,Commune de Genté (16),false,{16151},Commune,2026-03-24 14:41:54.362296+01,gold_establishments_2025,,,,21160151300016,2025,Collectivité Territoriale,Commune,['Charente'],['Nouvelle-Aquitaine'],COM,{16},{75}
bcdd46e3-8b8a-4d40-8a04-86fa93d08fbf,216002675,Commune de Genvry (60),false,{60270},Commune,2026-03-24 14:42:04.814328+01,gold_establishments_2025,,,,21600267500058,2025,Collectivité Territoriale,Commune,['Oise'],['Hauts-de-France'],COM,{60},{32}
e17cdcd1-dcd0-48e6-9515-14f177d4cc4a,218601037,Commune de Gençay (86),false,{86103},Commune,2026-03-24 14:42:10.508772+01,gold_establishments_2025,,,,21860103700011,2025,Collectivité Territoriale,Commune,['Vienne'],['Nouvelle-Aquitaine'],COM,{86},{75}
6daddb6e-6d12-42a1-818d-0d5ad931bfe9,215001991,Commune de Genêts (50),false,{50199},Commune,2026-03-24 14:42:01.412377+01,gold_establishments_2025,,,,21500199100011,2025,Collectivité Territoriale,Commune,['Manche'],['Normandie'],COM,{50},{28}
9248d820-2fd2-40e5-87f9-c8f2abf92c7c,217002641,Commune de Georfans (nan),false,{70264},Commune,2026-03-24 14:42:07.735343+01,gold_establishments_2025,,,,21700264100017,2025,Collectivité Territoriale,Commune,[''],[''],COM,,
f0cd8d3f-452d-4139-944c-c3c825ed48a0,215002007,Commune de Ger (50),false,{50200},Commune,2026-03-24 14:42:01.412377+01,gold_establishments_2025,,,,21500200700015,2025,Collectivité Territoriale,Commune,['Manche'],['Normandie'],COM,{50},{28}
dc2605bd-7c4b-4da1-bd65-3291a82b7e0f,216402388,Commune de Ger (64),false,{64238},Commune,2026-03-24 14:42:06.130387+01,gold_establishments_2025,,,,21640238800013,2025,Collectivité Territoriale,Commune,['Pyrénées-Atlantiques'],['Nouvelle-Aquitaine'],COM,{64},{75}
7533c453-4b67-476e-bae3-0114e3028045,216501973,Commune de Ger (65),false,{65197},Commune,2026-03-24 14:42:06.665412+01,gold_establishments_2025,,,,21650197300012,2025,Collectivité Territoriale,Commune,['Hautes-Pyrénées'],['Occitanie'],COM,{65},{76}
906d2e55-a524-4c6e-8f17-f667553185ea,213902489,Commune de Geraise (39),false,{39248},Commune,2026-03-24 14:41:59.705606+01,gold_establishments_2025,,,,21390248900011,2025,Collectivité Territoriale,Commune,['Jura'],['Bourgogne-Franche-Comté'],COM,{39},{27}
29d8473f-f16c-4e0b-a19a-94e226a8fab9,217301225,Commune de Gerbaix (73),false,{73122},Commune,2026-03-24 14:42:08.279287+01,gold_establishments_2025,,,,21730122500017,2025,Collectivité Territoriale,Commune,['Savoie'],['Auvergne-Rhône-Alpes'],COM,{73},{84}
71a10429-e4c6-40ae-953b-5a575a64f05e,218801975,Commune de Gerbamont (88),false,{88197},Commune,2026-03-24 14:42:11.118516+01,gold_establishments_2025,,,,21880197500010,2025,Collectivité Territoriale,Commune,['Vosges'],['Grand Est'],COM,{88},{44}
4270849b-eccf-4efc-bae0-3641ff816d43,216002683,Commune de Gerberoy (60),false,{60271},Commune,2026-03-24 14:42:04.814328+01,gold_establishments_2025,,,,21600268300045,2025,Collectivité Territoriale,Commune,['Oise'],['Hauts-de-France'],COM,{60},{32}
3916eb67-90d3-4018-babb-4c7bd5e513c0,215702473,Commune de Gerbécourt (57),false,{57247},Commune,2026-03-24 14:42:03.701372+01,gold_establishments_2025,,,,21570247300012,2025,Collectivité Territoriale,Commune,['Moselle'],['Grand Est'],COM,{57},{44}
1e80b013-b012-4263-a365-8eb54317b0e3,215402215,Commune de Gerbécourt-et-Haplemont (54),false,{54221},Commune,2026-03-24 14:42:02.957225+01,gold_establishments_2025,,,,21540221500036,2025,Collectivité Territoriale,Commune,['Meurthe-et-Moselle'],['Grand Est'],COM,{54},{44}
43b99bab-92d3-4e12-9374-c92c411199a1,218801983,Commune de Gerbépal (88),false,{88198},Commune,2026-03-24 14:42:11.118516+01,gold_establishments_2025,,,,21880198300105,2025,Collectivité Territoriale,Commune,['Vosges'],['Grand Est'],COM,{88},{44}
44cd599f-39d1-4b82-9e0b-b63a40f232b2,215402223,Commune de Gerbéviller (54),false,{54222},Commune,2026-03-24 14:42:02.957225+01,gold_establishments_2025,,,,21540222300014,2025,Collectivité Territoriale,Commune,['Meurthe-et-Moselle'],['Grand Est'],COM,{54},{44}
ec23b79a-0892-4433-972e-0efefd0d78e4,215502063,Commune de Gercourt-et-Drillancourt (55),false,{55206},Commune,2026-03-24 14:42:02.957225+01,gold_establishments_2025,,,,21550206300054,2025,Collectivité Territoriale,Commune,['Meuse'],['Grand Est'],COM,{55},{44}
e82e86e9-0290-41ec-abd1-94ce6dca1329,210203220,Commune de Gercy (02),false,{02341},Commune,2026-03-24 14:41:52.020251+01,gold_establishments_2025,,,,21020322000012,2025,Collectivité Territoriale,Commune,['Aisne'],['Hauts-de-France'],COM,{02},{32}
3aa5824e-ed45-44c1-9932-fa7a39f6425f,216501981,Commune de Gerde (65),false,{65198},Commune,2026-03-24 14:42:06.665412+01,gold_establishments_2025,,,,21650198100015,2025,Collectivité Territoriale,Commune,['Hautes-Pyrénées'],['Occitanie'],COM,{65},{76}
ae20198a-5349-4871-8016-3abb186588a0,216402396,Commune de Gerderest (64),false,{64239},Commune,2026-03-24 14:42:06.130387+01,gold_establishments_2025,,,,21640239600016,2025,Collectivité Territoriale,Commune,['Pyrénées-Atlantiques'],['Nouvelle-Aquitaine'],COM,{64},{75}
abbb5773-dcf8-4d60-bc4f-ffdbc0a5529f,210203238,Commune de Gergny (02),false,{02342},Commune,2026-03-24 14:41:52.020251+01,gold_establishments_2025,,,,21020323800014,2025,Collectivité Territoriale,Commune,['Aisne'],['Hauts-de-France'],COM,{02},{32}
4966b8e0-eb8e-49a8-b164-d2d1e3bc2c50,212102933,Commune de Gergueil (21),false,{21293},Commune,2026-03-24 14:41:55.433389+01,gold_establishments_2025,,,,21210293300018,2025,Collectivité Territoriale,Commune,"[""Côte-d'Or""]",['Bourgogne-Franche-Comté'],COM,{21},{27}
47a0a0d8-852f-4b41-b7df-0c06036f2f4a,217102151,Commune de Gergy (71),false,{71215},Commune,2026-03-24 14:42:07.735343+01,gold_establishments_2025,,,,21710215100016,2025,Collectivité Territoriale,Commune,['Saône-et-Loire'],['Bourgogne-Franche-Comté'],COM,{71},{27}
d9f105a9-6a6e-4fb8-a253-5aa99d663413,212102941,Commune de Gerland (21),false,{21294},Commune,2026-03-24 14:41:55.433389+01,gold_establishments_2025,,,,21210294100011,2025,Collectivité Territoriale,Commune,"[""Côte-d'Or""]",['Bourgogne-Franche-Comté'],COM,{21},{27}
23799a62-a0f4-487b-8207-2d5b65163fc7,216501999,Commune de Germ (65),false,{65199},Commune,2026-03-24 14:42:06.665412+01,gold_establishments_2025,,,,21650199900017,2025,Collectivité Territoriale,Commune,['Hautes-Pyrénées'],['Occitanie'],COM,{65},{76}
632583b9-bc0f-4630-8771-5604e92bfd03,217102169,Commune de Germagny (71),false,{71216},Commune,2026-03-24 14:42:07.735343+01,gold_establishments_2025,,,,21710216900018,2025,Collectivité Territoriale,Commune,['Saône-et-Loire'],['Bourgogne-Franche-Comté'],COM,{71},{27}
780e8913-2803-41c8-8ca7-a5ab05111116,210203246,Commune de Germaine (02),false,{02343},Commune,2026-03-24 14:41:52.020251+01,gold_establishments_2025,,,,21020324600017,2025,Collectivité Territoriale,Commune,['Aisne'],['Hauts-de-France'],COM,{02},{32}
ca792329-21cf-4728-9caa-a7b2ece3314f,215102476,Commune de Germaine (51),false,{51266},Commune,2026-03-24 14:42:01.954481+01,gold_establishments_2025,,,,21510247600011,2025,Collectivité Territoriale,Commune,['Marne'],['Grand Est'],COM,{51},{44}
afbd47a2-8418-4305-98d6-bb80f5fef984,215203969,Commune de Germaines (52),false,{52216},Commune,2026-03-24 14:42:01.954481+01,gold_establishments_2025,,,,21520396900013,2025,Collectivité Territoriale,Commune,['Haute-Marne'],['Grand Est'],COM,{52},{44}
5d81fd7a-5794-49a6-a920-1d9ed1d97813,212801781,Commune de Germainville (28),false,{28178},Commune,2026-03-24 14:41:57.028721+01,gold_establishments_2025,,,,21280178100015,2025,Collectivité Territoriale,Commune,['Eure-et-Loir'],['Centre-Val de Loire'],COM,{28},{24}
ec33d0f9-372e-472a-b39a-92d20b1dded6,215201559,Commune de Germainvilliers (52),false,{52217},Commune,2026-03-24 14:42:01.954481+01,gold_establishments_2025,,,,21520155900014,2025,Collectivité Territoriale,Commune,['Haute-Marne'],['Grand Est'],COM,{52},{44}
50f193ba-036b-423e-997b-55f4abf82f80,215201567,Commune de Germay (52),false,{52218},Commune,2026-03-24 14:42:01.954481+01,gold_establishments_2025,,,,21520156700017,2025,Collectivité Territoriale,Commune,['Haute-Marne'],['Grand Est'],COM,{52},{44}
b08ea5ab-8d43-4cfb-a395-71d730aa5900,215801234,Commune de Germenay (58),false,{58123},Commune,2026-03-24 14:42:04.280096+01,gold_establishments_2025,,,,21580123400018,2025,Collectivité Territoriale,Commune,['Nièvre'],['Bourgogne-Franche-Comté'],COM,{58},{27}
c6bee472-c897-40c8-bd27-d3b3700340f2,211701750,Commune de Germignac (17),false,{17175},Commune,2026-03-24 14:41:54.903238+01,gold_establishments_2025,,,,21170175000013,2025,Collectivité Territoriale,Commune,['Charente-Maritime'],['Nouvelle-Aquitaine'],COM,{17},{75}
e127197e-b9ed-4915-871e-77b489f78ef7,213902497,Commune de Germigney (39),false,{39249},Commune,2026-03-24 14:41:59.705606+01,gold_establishments_2025,,,,21390249700014,2025,Collectivité Territoriale,Commune,['Jura'],['Bourgogne-Franche-Comté'],COM,{39},{27}
1b3222ee-b3bf-43fb-84d0-fafa44c9354c,217002658,Commune de Germigney (70),false,{70265},Commune,2026-03-24 14:42:07.735343+01,gold_establishments_2025,,,,21700265800011,2025,Collectivité Territoriale,Commune,['Haute-Saône'],['Bourgogne-Franche-Comté'],COM,{70},{27}
cdcff184-43d5-4470-b493-cdc7587ed3a0,215102484,Commune de Germigny (51),false,{51267},Commune,2026-03-24 14:42:01.954481+01,gold_establishments_2025,,,,21510248400015,2025,Collectivité Territoriale,Commune,['Marne'],['Grand Est'],COM,{51},{44}
641a6d6a-acba-474c-89c7-70829fd4d1d5,218901866,Commune de Germigny (89),false,{89186},Commune,2026-03-24 14:42:11.118516+01,gold_establishments_2025,,,,21890186600010,2025,Collectivité Territoriale,Commune,['Yonne'],['Bourgogne-Franche-Comté'],COM,{89},{27}
b2887d17-a464-4861-a15e-4098f3480098,214501538,Commune de Germigny-des-Prés (45),false,{45153},Commune,2026-03-24 14:42:00.862623+01,gold_establishments_2025,,,,21450153800018,2025,Collectivité Territoriale,Commune,['Loiret'],['Centre-Val de Loire'],COM,{45},{24}
e9b55aa1-8192-4bcb-9e72-a58ae08c0341,211801014,Commune de Germigny-l'Exempt (18),false,{18101},Commune,2026-03-24 14:41:54.903238+01,gold_establishments_2025,,,,21180101400013,2025,Collectivité Territoriale,Commune,['Cher'],['Centre-Val de Loire'],COM,{18},{24}
c820d345-0004-4d70-8286-386cc54cb7b1,217702034,Commune de Germigny-l'Évêque (77),false,{77203},Commune,2026-03-24 14:42:09.43682+01,gold_establishments_2025,,,,21770203400018,2025,Collectivité Territoriale,Commune,['Seine-et-Marne'],['Île-de-France'],COM,{77},{11}
9b5d1c25-2f4f-4cb7-a06a-3e215b176d93,217702042,Commune de Germigny-sous-Coulombs (77),false,{77204},Commune,2026-03-24 14:42:09.43682+01,gold_establishments_2025,,,,21770204200011,2025,Collectivité Territoriale,Commune,['Seine-et-Marne'],['Île-de-France'],COM,{77},{11}
320cd163-9660-40f5-a195-fa5ee567e97e,215801242,Commune de Germigny-sur-Loire (58),false,{58124},Commune,2026-03-24 14:42:04.280096+01,gold_establishments_2025,,,,21580124200011,2025,Collectivité Territoriale,Commune,['Nièvre'],['Bourgogne-Franche-Comté'],COM,{58},{27}
2917fbcc-3e17-4974-a488-1ba42d900d58,215102492,Commune de Germinon (51),false,{51268},Commune,2026-03-24 14:42:01.954481+01,gold_establishments_2025,,,,21510249200018,2025,Collectivité Territoriale,Commune,['Marne'],['Grand Est'],COM,{51},{44}
d4889a75-ed9a-4baf-a0f9-1688cea3b066,215402231,Commune de Germiny (54),false,{54223},Commune,2026-03-24 14:42:02.957225+01,gold_establishments_2025,,,,21540223100017,2025,Collectivité Territoriale,Commune,['Meurthe-et-Moselle'],['Grand Est'],COM,{54},{44}
1fd0de31-6ccc-48dd-9e60-867b5e416c85,215201575,Commune de Germisay (52),false,{52219},Commune,2026-03-24 14:42:01.954481+01,gold_establishments_2025,,,,21520157500010,2025,Collectivité Territoriale,Commune,['Haute-Marne'],['Grand Est'],COM,{52},{44}
0d1f954d-ba61-4c6e-bd29-bdf74fcd54d2,217102177,Commune de Germolles-sur-Grosne (71),false,{71217},Commune,2026-03-24 14:42:07.735343+01,gold_establishments_2025,,,,21710217700011,2025,Collectivité Territoriale,Commune,['Saône-et-Loire'],['Bourgogne-Franche-Comté'],COM,{71},{27}
f58b58b6-ca5e-437c-ae84-13361821d557,217901339,Commune de Germond-Rouvre (79),false,{79133},Commune,2026-03-24 14:42:09.43682+01,gold_establishments_2025,,,,21790133900093,2025,Collectivité Territoriale,Commune,['Deux-Sèvres'],['Nouvelle-Aquitaine'],COM,{79},{75}
9bfe7e18-ffa8-4646-8fc3-cb09ab2cb7f5,212502694,Commune de Germondans (25),false,{25269},Commune,2026-03-24 14:41:56.495197+01,gold_establishments_2025,,,,21250269400012,2025,Collectivité Territoriale,Commune,['Doubs'],['Bourgogne-Franche-Comté'],COM,{25},{27}
76082c31-af69-4c81-a95b-0e54452a9c32,210801692,Commune de Germont (08),false,{08186},Commune,2026-03-24 14:41:52.562531+01,gold_establishments_2025,,,,21080169200018,2025,Collectivité Territoriale,Commune,['Ardennes'],['Grand Est'],COM,{08},{44}
dd4b27ea-0790-4b65-acad-636651c0979c,215402249,Commune de Germonville (54),false,{54224},Commune,2026-03-24 14:42:02.957225+01,gold_establishments_2025,,,,21540224900019,2025,Collectivité Territoriale,Commune,['Meurthe-et-Moselle'],['Grand Est'],COM,{54},{44}
ba3ff01d-1bf3-4510-91e7-4ed9fa14f1db,216502005,Commune de Germs-sur-l'Oussouet (65),false,{65200},Commune,2026-03-24 14:42:06.665412+01,gold_establishments_2025,,,,21650200500012,2025,Collectivité Territoriale,Commune,['Hautes-Pyrénées'],['Occitanie'],COM,{65},{76}
08e7a3f8-a529-47a6-806c-916cca393829,212502686,Commune de Germéfontaine (25),false,{25268},Commune,2026-03-24 14:41:56.495197+01,gold_establishments_2025,,,,21250268600018,2025,Collectivité Territoriale,Commune,['Doubs'],['Bourgogne-Franche-Comté'],COM,{25},{27}
28d09513-a7fa-4ea3-8dc2-505d343178b4,210801700,Commune de Gernelle (08),false,{08187},Commune,2026-03-24 14:41:52.562531+01,gold_establishments_2025,,,,21080170000019,2025,Collectivité Territoriale,Commune,['Ardennes'],['Grand Est'],COM,{08},{44}
90a76e82-2c71-44a1-9bfe-d40097fbcb9c,217602994,Commune de Gerponville (76),false,{76299},Commune,2026-03-24 14:42:08.818969+01,gold_establishments_2025,,,,21760299400014,2025,Collectivité Territoriale,Commune,['Seine-Maritime'],['Normandie'],COM,{76},{28}
5d92d51f-cba0-45e0-9e30-0c172e506d6b,211403001,Commune de Gerrots (nan),false,{14300},Commune,2026-03-24 14:41:54.362296+01,gold_establishments_2025,,,,21140300100012,2025,Collectivité Territoriale,Commune,[''],[''],COM,,
4cb7d329-3ffb-4bcf-a570-620d257d1654,216701540,Commune de Gerstheim (67),false,{67154},Commune,2026-03-24 14:42:07.195692+01,gold_establishments_2025,,,,21670154000017,2025,Collectivité Territoriale,Commune,['Bas-Rhin'],['Grand Est'],COM,{67},{44}
da3e5739-26d8-40b3-b32e-509bf519dc6e,216701557,Commune de Gertwiller (67),false,{67155},Commune,2026-03-24 14:42:07.195692+01,gold_establishments_2025,,,,21670155700011,2025,Collectivité Territoriale,Commune,['Bas-Rhin'],['Grand Est'],COM,{67},{44}
bfd7d833-569a-4b07-8e82-999dbcf17fea,213902505,Commune de Geruge (39),false,{39250},Commune,2026-03-24 14:41:59.705606+01,gold_establishments_2025,,,,21390250500014,2025,Collectivité Territoriale,Commune,['Jura'],['Bourgogne-Franche-Comté'],COM,{39},{27}
443e6a94-108d-4006-8377-ce26558de767,212603807,Commune de Gervans (26),false,{26380},Commune,2026-03-24 14:41:56.495197+01,gold_establishments_2025,,,,21260380700018,2025,Collectivité Territoriale,Commune,['Drôme'],['Auvergne-Rhône-Alpes'],COM,{26},{84}
a794cddc-5ff6-452c-b01f-743d5ef60cb0,217603000,Commune de Gerville (76),false,{76300},Commune,2026-03-24 14:42:08.818969+01,gold_establishments_2025,,,,21760300000019,2025,Collectivité Territoriale,Commune,['Seine-Maritime'],['Normandie'],COM,{76},{28}
5af93e8c-aef7-400f-8539-a6199ed98ee8,216301648,Commune de Gerzat (63),false,{63164},Commune,2026-03-24 14:42:06.130387+01,gold_establishments_2025,,,,21630164800012,2025,Collectivité Territoriale,Commune,['Puy-de-Dôme'],['Auvergne-Rhône-Alpes'],COM,{63},{84}
c3e77ba1-cda0-4b2c-9da8-f2bdf6cc4ef4,215301052,Commune de Gesnes (53),false,{53105},Commune,2026-03-24 14:42:02.957225+01,gold_establishments_2025,,,,21530105200019,2025,Collectivité Territoriale,Commune,['Mayenne'],['Pays de la Loire'],COM,{53},{52}
8502f572-481a-4135-9ad7-84470fce6e85,215502089,Commune de Gesnes-en-Argonne (55),false,{55208},Commune,2026-03-24 14:42:02.957225+01,gold_establishments_2025,,,,21550208900018,2025,Collectivité Territoriale,Commune,['Meuse'],['Grand Est'],COM,{55},{44}
8b787968-0bf2-4382-9a4c-4d606c201008,217201417,Commune de Gesnes-le-Gandelin (72),false,{72141},Commune,2026-03-24 14:42:08.279287+01,gold_establishments_2025,,,,21720141700011,2025,Collectivité Territoriale,Commune,['Sarthe'],['Pays de la Loire'],COM,{72},{52}
6b7766d3-7c1b-494f-babd-c26815f21fe9,210801718,Commune de Gespunsart (08),false,{08188},Commune,2026-03-24 14:41:52.562531+01,gold_establishments_2025,,,,21080171800011,2025,Collectivité Territoriale,Commune,['Ardennes'],['Grand Est'],COM,{08},{44}
1567f4a3-f998-4b43-9314-b7cdd7ac1e09,216402420,Commune de Gestas (64),false,{64242},Commune,2026-03-24 14:42:06.130387+01,gold_establishments_2025,,,,21640242000014,2025,Collectivité Territoriale,Commune,['Pyrénées-Atlantiques'],['Nouvelle-Aquitaine'],COM,{64},{75}
f2bad2de-414a-4d61-a066-4de34582a317,215600636,Commune de Gestel (56),false,{56063},Commune,2026-03-24 14:42:03.701372+01,gold_establishments_2025,,,,21560063600017,2025,Collectivité Territoriale,Commune,['Morbihan'],['Bretagne'],COM,{56},{53}
e12230b8-c733-4f76-82d8-6c7cee6138db,210901344,Commune de Gestiès (09),false,{09134},Commune,2026-03-24 14:41:53.095366+01,gold_establishments_2025,,,,21090134400015,2025,Collectivité Territoriale,Commune,['Ariège'],['Occitanie'],COM,{09},{76}
cacceb62-643f-4e62-9dfb-26ccb06211ca,215301060,Commune de Gesvres (53),false,{53106},Commune,2026-03-24 14:42:02.957225+01,gold_establishments_2025,,,,21530106000012,2025,Collectivité Territoriale,Commune,['Mayenne'],['Pays de la Loire'],COM,{53},{52}
b454d45e-4d39-41d9-9f37-0b599d8e1e62,217702059,Commune de Gesvres-le-Chapitre (77),false,{77205},Commune,2026-03-24 14:42:09.43682+01,gold_establishments_2025,,,,21770205900015,2025,Collectivité Territoriale,Commune,['Seine-et-Marne'],['Île-de-France'],COM,{77},{11}
0034c05b-3a05-48fb-ba1e-b6433702f36d,216502013,Commune de Geu (65),false,{65201},Commune,2026-03-24 14:42:06.665412+01,gold_establishments_2025,,,,21650201300016,2025,Collectivité Territoriale,Commune,['Hautes-Pyrénées'],['Occitanie'],COM,{65},{76}
232cb5c0-cc78-450d-a01a-2dce73fd17c0,216701565,Commune de Geudertheim (67),false,{67156},Commune,2026-03-24 14:42:07.195692+01,gold_establishments_2025,,,,21670156500014,2025,Collectivité Territoriale,Commune,['Bas-Rhin'],['Grand Est'],COM,{67},{44}
7fc8cffd-1987-46ff-baaf-d59bc776853f,217002674,Commune de Gevigney-et-Mercey (70),false,{70267},Commune,2026-03-24 14:42:07.735343+01,gold_establishments_2025,,,,21700267400067,2025,Collectivité Territoriale,Commune,['Haute-Saône'],['Bourgogne-Franche-Comté'],COM,{70},{27}
eb06c9b0-19c4-4040-9665-06274d5361d1,215502584,Commune de Geville (55),false,{55258},Commune,2026-03-24 14:42:02.957225+01,gold_establishments_2025,,,,21550258400018,2025,Collectivité Territoriale,Commune,['Meuse'],['Grand Est'],COM,{55},{44}
6c263ce6-415d-4292-9467-08b9e2b6ce1c,213902513,Commune de Gevingey (39),false,{39251},Commune,2026-03-24 14:41:59.705606+01,gold_establishments_2025,,,,21390251300018,2025,Collectivité Territoriale,Commune,['Jura'],['Bourgogne-Franche-Comté'],COM,{39},{27}
cb58b257-8355-4dd3-b6e6-11ccfda9614b,212502702,Commune de Gevresin (25),false,{25270},Commune,2026-03-24 14:41:56.495197+01,gold_establishments_2025,,,,21250270200013,2025,Collectivité Territoriale,Commune,['Doubs'],['Bourgogne-Franche-Comté'],COM,{25},{27}
638e0d72-3b4d-40c8-b7fa-38dadeddf677,212102958,Commune de Gevrey-Chambertin (21),false,{21295},Commune,2026-03-24 14:41:55.433389+01,gold_establishments_2025,,,,21210295800114,2025,Collectivité Territoriale,Commune,"[""Côte-d'Or""]",['Bourgogne-Franche-Comté'],COM,{21},{27}
d9479357-3abf-4953-a37f-af063c67b22d,212102966,Commune de Gevrolles (21),false,{21296},Commune,2026-03-24 14:41:55.433389+01,gold_establishments_2025,,,,21210296600018,2025,Collectivité Territoriale,Commune,"[""Côte-d'Or""]",['Bourgogne-Franche-Comté'],COM,{21},{27}
2797f655-9396-47cd-b333-ff9bcb5e889e,213902521,Commune de Gevry (39),false,{39252},Commune,2026-03-24 14:41:59.705606+01,gold_establishments_2025,,,,21390252100011,2025,Collectivité Territoriale,Commune,['Jura'],['Bourgogne-Franche-Comté'],COM,{39},{27}
b78aa7b0-e68e-4984-838c-7c7771de61b9,210101739,Commune de Gex (01),false,{01173},Commune,2026-03-24 14:41:51.447482+01,gold_establishments_2025,,,,21010173900014,2025,Collectivité Territoriale,Commune,['Ain'],['Auvergne-Rhône-Alpes'],COM,{01},{84}
ee1ef79e-ac7a-44a2-8d2e-f2483130681e,212601405,Commune de Geyssans (26),false,{26140},Commune,2026-03-24 14:41:56.495197+01,gold_establishments_2025,,,,21260140500013,2025,Collectivité Territoriale,Commune,['Drôme'],['Auvergne-Rhône-Alpes'],COM,{26},{84}
074fcf15-53be-4095-98c7-545bac8e3c3e,216502021,Commune de Gez (65),false,{65202},Commune,2026-03-24 14:42:06.665412+01,gold_establishments_2025,,,,21650202100019,2025,Collectivité Territoriale,Commune,['Hautes-Pyrénées'],['Occitanie'],COM,{65},{76}
f307e89f-bd68-4395-ac29-050b6127191a,216502039,Commune de Gez-ez-Angles (65),false,{65203},Commune,2026-03-24 14:42:06.665412+01,gold_establishments_2025,,,,21650203900011,2025,Collectivité Territoriale,Commune,['Hautes-Pyrénées'],['Occitanie'],COM,{65},{76}
d95362cb-80c7-44d1-b993-4c7d97895191,216402446,Commune de Geüs-d'Oloron (64),false,{64244},Commune,2026-03-24 14:42:06.130387+01,gold_establishments_2025,,,,21640244600019,2025,Collectivité Territoriale,Commune,['Pyrénées-Atlantiques'],['Nouvelle-Aquitaine'],COM,{64},{75}
079ff335-3bcc-4ac5-bfde-6629522658dd,212001234,Commune de Ghisonaccia (2B),false,{2B123},Commune,2026-03-24 14:41:57.56054+01,gold_establishments_2025,,,,21200123400013,2025,Collectivité Territoriale,Commune,['Haute-Corse'],['Corse'],COM,{2B},{94}
896944f3-467e-4685-a853-9439533131cc,212001242,Commune de Ghisoni (2B),false,{2B124},Commune,2026-03-24 14:41:57.56054+01,gold_establishments_2025,,,,21200124200016,2025,Collectivité Territoriale,Commune,['Haute-Corse'],['Corse'],COM,{2B},{94}
9b183b0c-0dc5-47e5-adc0-3adb8906ddef,215902594,Commune de Ghissignies (59),false,{59259},Commune,2026-03-24 14:42:04.280096+01,gold_establishments_2025,,,,21590259400013,2025,Collectivité Territoriale,Commune,['Nord'],['Hauts-de-France'],COM,{59},{32}
1c7be8fe-59e5-473e-a721-3778fda7a8c7,200057222,Commune de Ghyvelde (59),false,{59260},Commune,2026-03-24 14:42:04.280096+01,gold_establishments_2025,,,,20005722200016,2025,Collectivité Territoriale,Commune,['Nord'],['Hauts-de-France'],COM,{59},{32}
29ef3a8a-3103-489e-b333-57683fe28768,216301655,Commune de Giat (63),false,{63165},Commune,2026-03-24 14:42:06.130387+01,gold_establishments_2025,,,,21630165500017,2025,Collectivité Territoriale,Commune,['Puy-de-Dôme'],['Auvergne-Rhône-Alpes'],COM,{63},{84}
08c068a0-812a-469e-be66-96eb94b62aa3,215402264,Commune de Gibeaumeix (54),false,{54226},Commune,2026-03-24 14:42:02.957225+01,gold_establishments_2025,,,,21540226400018,2025,Collectivité Territoriale,Commune,['Meurthe-et-Moselle'],['Grand Est'],COM,{54},{44}
6df17f9f-1cc4-43ee-a605-3aa7b07072f9,213102205,Commune de Gibel (31),false,{31220},Commune,2026-03-24 14:41:58.09424+01,gold_establishments_2025,,,,21310220500019,2025,Collectivité Territoriale,Commune,['Haute-Garonne'],['Occitanie'],COM,{31},{76}
2f575cc1-6589-46ca-93c3-90e1c2f93607,210203261,Commune de Gibercourt (02),false,{02345},Commune,2026-03-24 14:41:52.020251+01,gold_establishments_2025,,,,21020326100016,2025,Collectivité Territoriale,Commune,['Aisne'],['Hauts-de-France'],COM,{02},{32}
d5b09d2c-06bc-4032-9e3c-441a492e4ae4,211403019,Commune de Giberville (14),false,{14301},Commune,2026-03-24 14:41:54.362296+01,gold_establishments_2025,,,,21140301900014,2025,Collectivité Territoriale,Commune,['Calvados'],['Normandie'],COM,{14},{28}
ef8b6c47-b7d6-4d0c-9a39-45ff02e6f47d,217102185,Commune de Gibles (71),false,{71218},Commune,2026-03-24 14:42:07.735343+01,gold_establishments_2025,,,,21710218500014,2025,Collectivité Territoriale,Commune,['Saône-et-Loire'],['Bourgogne-Franche-Comté'],COM,{71},{27}
ff609ac6-6538-4322-889f-6448044ebf9d,211701768,Commune de Gibourne (17),false,{17176},Commune,2026-03-24 14:41:54.903238+01,gold_establishments_2025,,,,21170176800015,2025,Collectivité Territoriale,Commune,['Charente-Maritime'],['Nouvelle-Aquitaine'],COM,{17},{75}
95da7814-d9aa-4535-a1f6-335a1c0b018b,214001125,Commune de Gibret (40),false,{40112},Commune,2026-03-24 14:41:59.705606+01,gold_establishments_2025,,,,21400112500019,2025,Collectivité Territoriale,Commune,['Landes'],['Nouvelle-Aquitaine'],COM,{40},{75}
9707d9af-c26b-4ae5-bcb6-7506babb364a,214501546,Commune de Gidy (45),false,{45154},Commune,2026-03-24 14:42:00.862623+01,gold_establishments_2025,,,,21450154600011,2025,Collectivité Territoriale,Commune,['Loiret'],['Centre-Val de Loire'],COM,{45},{24}
7ad82464-aaf1-460c-89cf-da500b9a5752,216101899,Commune de Giel-Courteilles (61),false,{61189},Commune,2026-03-24 14:42:05.597325+01,gold_establishments_2025,,,,21610189900013,2025,Collectivité Territoriale,Commune,['Orne'],['Normandie'],COM,{61},{28}
19c328af-cb26-4992-b6ee-4358545620fe,214501553,Commune de Gien (45),false,{45155},Commune,2026-03-24 14:42:00.862623+01,gold_establishments_2025,,,,21450155300215,2025,Collectivité Territoriale,Commune,['Loiret'],['Centre-Val de Loire'],COM,{45},{24}
8519e0bf-a8d9-45b3-b713-60cd57249dd4,215801259,Commune de Gien-sur-Cure (58),false,{58125},Commune,2026-03-24 14:42:04.280096+01,gold_establishments_2025,,,,21580125900015,2025,Collectivité Territoriale,Commune,['Nièvre'],['Bourgogne-Franche-Comté'],COM,{58},{27}
d8a155cb-6859-42cf-861a-e626fee5a0a3,215201583,Commune de Giey-sur-Aujon (52),false,{52220},Commune,2026-03-24 14:42:01.954481+01,gold_establishments_2025,,,,21520158300014,2025,Collectivité Territoriale,Commune,['Haute-Marne'],['Grand Est'],COM,{52},{44}
c570b614-04af-4f4f-ba3c-0ed243b6777e,217401355,Commune de Giez (74),false,{74135},Commune,2026-03-24 14:42:08.279287+01,gold_establishments_2025,,,,21740135500011,2025,Collectivité Territoriale,Commune,['Haute-Savoie'],['Auvergne-Rhône-Alpes'],COM,{74},{84}
84933be7-10d3-4d1d-8391-482eb0a4fa1b,219102720,Commune de Gif-sur-Yvette (91),false,{91272},Commune,2026-03-24 14:42:11.659493+01,gold_establishments_2025,,,,21910272000014,2025,Collectivité Territoriale,Commune,['Essonne'],['Île-de-France'],COM,{91},{11}
38be8a95-b372-4e39-88e4-1d170efc9328,215102500,Commune de Giffaumont-Champaubert (51),false,{51269},Commune,2026-03-24 14:42:01.954481+01,gold_establishments_2025,,,,21510250000018,2025,Collectivité Territoriale,Commune,['Marne'],['Grand Est'],COM,{51},{44}
0dcf3a35-6c99-4f43-b078-7eade5459a0a,213401136,Commune de Gigean (34),false,{34113},Commune,2026-03-24 14:41:58.620411+01,gold_establishments_2025,,,,21340113600014,2025,Collectivité Territoriale,Commune,['Hérault'],['Occitanie'],COM,{34},{76}
5cb6bc64-b3f3-4353-adaf-f0f046504961,213401144,Commune de Gignac (34),false,{34114},Commune,2026-03-24 14:41:58.620411+01,gold_establishments_2025,,,,21340114400018,2025,Collectivité Territoriale,Commune,['Hérault'],['Occitanie'],COM,{34},{76}
49ea3d9c-59d8-4869-9839-50aad678d0b7,214601189,Commune de Gignac (46),false,{46118},Commune,2026-03-24 14:42:00.862623+01,gold_establishments_2025,,,,21460118900019,2025,Collectivité Territoriale,Commune,['Lot'],['Occitanie'],COM,{46},{76}
c6e7b1a2-8dc2-4b41-a49f-ff97840ed0bd,218400489,Commune de Gignac (84),false,{84048},Commune,2026-03-24 14:42:10.508772+01,gold_establishments_2025,,,,21840048900017,2025,Collectivité Territoriale,Commune,['Vaucluse'],"[""Provence-Alpes-Côte d'Azur""]",COM,{84},{93}
2d48aa76-da79-4a6f-b175-3798c17b1159,211300439,Commune de Gignac-la-Nerthe (13),false,{13043},Commune,2026-03-24 14:41:53.63825+01,gold_establishments_2025,,,,21130043900018,2025,Collectivité Territoriale,Commune,['Bouches-du-Rhône'],"[""Provence-Alpes-Côte d'Azur""]",COM,{13},{93}
d2681646-7344-409c-970c-a48d21a1c920,216301663,Commune de Gignat (63),false,{63166},Commune,2026-03-24 14:42:06.130387+01,gold_establishments_2025,,,,21630166300011,2025,Collectivité Territoriale,Commune,['Puy-de-Dôme'],['Auvergne-Rhône-Alpes'],COM,{63},{84}
16cbad53-f251-4acd-8a3e-85ea126d5f18,218802007,Commune de Gigney (88),false,{88200},Commune,2026-03-24 14:42:11.118516+01,gold_establishments_2025,,,,21880200700011,2025,Collectivité Territoriale,Commune,['Vosges'],['Grand Est'],COM,{88},{44}
998c96dd-df5f-43dd-951c-0b86ad6fc796,213902539,Commune de Gigny (39),false,{39253},Commune,2026-03-24 14:41:59.705606+01,gold_establishments_2025,,,,21390253900013,2025,Collectivité Territoriale,Commune,['Jura'],['Bourgogne-Franche-Comté'],COM,{39},{27}
527d68d3-d90e-4914-8f67-cff901da86ff,218901874,Commune de Gigny (89),false,{89187},Commune,2026-03-24 14:42:11.118516+01,gold_establishments_2025,,,,21890187400014,2025,Collectivité Territoriale,Commune,['Yonne'],['Bourgogne-Franche-Comté'],COM,{89},{27}
8a4d2719-9315-4839-82d1-dea50ad4a51b,215102518,Commune de Gigny-Bussy (51),false,{51270},Commune,2026-03-24 14:42:01.954481+01,gold_establishments_2025,,,,21510251800010,2025,Collectivité Territoriale,Commune,['Marne'],['Grand Est'],COM,{51},{44}
16c8b611-7b5b-4d7d-9c82-093e698969aa,217102193,Commune de Gigny-sur-Saône (71),false,{71219},Commune,2026-03-24 14:42:07.735343+01,gold_establishments_2025,,,,21710219300018,2025,Collectivité Territoriale,Commune,['Saône-et-Loire'],['Bourgogne-Franche-Comté'],COM,{71},{27}
fa9a7fc4-739e-43e0-b760-85e57545220c,218801991,Commune de Gignéville (88),false,{88199},Commune,2026-03-24 14:42:11.118516+01,gold_establishments_2025,,,,21880199100017,2025,Collectivité Territoriale,Commune,['Vosges'],['Grand Est'],COM,{88},{44}
6c26c2e3-dcfd-45de-8bdf-c2e827be374b,218400497,Commune de Gigondas (84),false,{84049},Commune,2026-03-24 14:42:10.508772+01,gold_establishments_2025,,,,21840049700010,2025,Collectivité Territoriale,Commune,['Vaucluse'],"[""Provence-Alpes-Côte d'Azur""]",COM,{84},{93}
ff859aaf-1ae3-4050-be09-28ea71fe49bb,210400933,Commune de Gigors (04),false,{04093},Commune,2026-03-24 14:41:52.020251+01,gold_establishments_2025,,,,21040093300011,2025,Collectivité Territoriale,Commune,['Alpes-de-Haute-Provence'],"[""Provence-Alpes-Côte d'Azur""]",COM,{04},{93}
5eac9f9f-522f-4ea2-983d-01c2cf13c11f,212601413,Commune de Gigors-et-Lozeron (26),false,{26141},Commune,2026-03-24 14:41:56.495197+01,gold_establishments_2025,,,,21260141300017,2025,Collectivité Territoriale,Commune,['Drôme'],['Auvergne-Rhône-Alpes'],COM,{26},{84}
16b7e178-4fe4-484b-8701-08c61569a8b1,214601197,Commune de Gigouzac (46),false,{46119},Commune,2026-03-24 14:42:00.862623+01,gold_establishments_2025,,,,21460119700012,2025,Collectivité Territoriale,Commune,['Lot'],['Occitanie'],COM,{46},{76}
43cfd56f-a264-41f9-baee-7c8548fa785f,218101038,Commune de Gijounet (81),false,{81103},Commune,2026-03-24 14:42:09.967209+01,gold_establishments_2025,,,,21810103800014,2025,Collectivité Territoriale,Commune,['Tarn'],['Occitanie'],COM,{81},{76}
d9f55e47-a821-4c07-ac35-83918831bae2,216801050,Commune de Gildwiller (68),false,{68105},Commune,2026-03-24 14:42:07.195692+01,gold_establishments_2025,,,,21680105000016,2025,Collectivité Territoriale,Commune,['Haut-Rhin'],['Grand Est'],COM,{68},{44}
7130d923-17e8-4c78-9d6d-d05ab51567a6,210600664,Commune de Gilette (06),false,{06066},Commune,2026-03-24 14:41:52.562531+01,gold_establishments_2025,,,,21060066400010,2025,Collectivité Territoriale,Commune,['Alpes-Maritimes'],"[""Provence-Alpes-Côte d'Azur""]",COM,{06},{93}
0a745af8-4820-4760-a344-e95240bc0b05,210700944,Commune de Gilhac-et-Bruzac (07),false,{07094},Commune,2026-03-24 14:41:52.562531+01,gold_establishments_2025,,,,21070094400015,2025,Collectivité Territoriale,Commune,['Ardèche'],['Auvergne-Rhône-Alpes'],COM,{07},{84}
9aed99e9-3b9e-4fec-bfec-274a181604a7,210700951,Commune de Gilhoc-sur-Ormèze (07),false,{07095},Commune,2026-03-24 14:41:52.562531+01,gold_establishments_2025,,,,21070095100010,2025,Collectivité Territoriale,Commune,['Ardèche'],['Auvergne-Rhône-Alpes'],COM,{07},{84}
f0e146c0-6e30-4c91-8fd7-1ec313267f56,215201591,Commune de Gillancourt (52),false,{52221},Commune,2026-03-24 14:42:01.954481+01,gold_establishments_2025,,,,21520159100017,2025,Collectivité Territoriale,Commune,['Haute-Marne'],['Grand Est'],COM,{52},{44}
56f94159-baf6-4d8b-84ff-bcd228175b8d,215201609,Commune de Gillaumé (52),false,{52222},Commune,2026-03-24 14:42:01.954481+01,gold_establishments_2025,,,,21520160900017,2025,Collectivité Territoriale,Commune,['Haute-Marne'],['Grand Est'],COM,{52},{44}
7e2c0482-4c1a-45b7-bed9-36f3884123ec,212801807,Commune de Gilles (28),false,{28180},Commune,2026-03-24 14:41:57.028721+01,gold_establishments_2025,,,,21280180700018,2025,Collectivité Territoriale,Commune,['Eure-et-Loir'],['Centre-Val de Loire'],COM,{28},{24}
f083e880-827a-46f3-91a3-ea4d6888be31,212502710,Commune de Gilley (25),false,{25271},Commune,2026-03-24 14:41:56.495197+01,gold_establishments_2025,,,,21250271000016,2025,Collectivité Territoriale,Commune,['Doubs'],['Bourgogne-Franche-Comté'],COM,{25},{27}
5702c309-fef9-4ec7-bb9c-2fd4705c3764,215204181,Commune de Gilley (52),false,{52223},Commune,2026-03-24 14:42:01.954481+01,gold_establishments_2025,,,,21520418100014,2025,Collectivité Territoriale,Commune,['Haute-Marne'],['Grand Est'],COM,{52},{44}
e230e303-7827-426e-b3a5-9c8a92f5a820,213902547,Commune de Gillois (39),false,{39254},Commune,2026-03-24 14:41:59.705606+01,gold_establishments_2025,,,,21390254700016,2025,Collectivité Territoriale,Commune,['Jura'],['Bourgogne-Franche-Comté'],COM,{39},{27}
0d5ca1d5-d1b9-4637-9b9a-6a0564dbe384,213801806,Commune de Gillonnay (38),false,{38180},Commune,2026-03-24 14:41:59.160244+01,gold_establishments_2025,,,,21380180600018,2025,Collectivité Territoriale,Commune,['Isère'],['Auvergne-Rhône-Alpes'],COM,{38},{84}
a4907a46-f40c-43be-a641-000599084ac1,212102974,Commune de Gilly-lès-Cîteaux (21),false,{21297},Commune,2026-03-24 14:41:55.433389+01,gold_establishments_2025,,,,21210297400012,2025,Collectivité Territoriale,Commune,"[""Côte-d'Or""]",['Bourgogne-Franche-Comté'],COM,{21},{27}
53e85ec4-3afb-44c0-a3b5-e6b3934d377f,217301241,Commune de Gilly-sur-Isère (73),false,{73124},Commune,2026-03-24 14:42:08.279287+01,gold_establishments_2025,,,,21730124100014,2025,Collectivité Territoriale,Commune,['Savoie'],['Auvergne-Rhône-Alpes'],COM,{73},{84}
de899871-a122-4e73-a5dd-0f28454a6774,217102201,Commune de Gilly-sur-Loire (71),false,{71220},Commune,2026-03-24 14:42:07.735343+01,gold_establishments_2025,,,,21710220100019,2025,Collectivité Territoriale,Commune,['Saône-et-Loire'],['Bourgogne-Franche-Comté'],COM,{71},{27}
17c6b17c-6975-4b07-b210-577385ae61f8,216002691,Commune de Gilocourt (60),false,{60272},Commune,2026-03-24 14:42:04.814328+01,gold_establishments_2025,,,,21600269100014,2025,Collectivité Territoriale,Commune,['Oise'],['Hauts-de-France'],COM,{60},{32}
4e14a652-0ae5-4804-801b-fc08fbadba2d,218200681,Commune de Gimat (82),false,{82068},Commune,2026-03-24 14:42:10.508772+01,gold_establishments_2025,,,,21820068100011,2025,Collectivité Territoriale,Commune,['Tarn-et-Garonne'],['Occitanie'],COM,{82},{76}
be3a4600-0a8e-45f6-96ee-d3076eeb0abc,213201460,Commune de Gimbrède (32),false,{32146},Commune,2026-03-24 14:41:58.09424+01,gold_establishments_2025,,,,21320146000010,2025,Collectivité Territoriale,Commune,['Gers'],['Occitanie'],COM,{32},{76}
f853248d-4078-486c-8265-79c999fe584e,216301671,Commune de Gimeaux (63),false,{63167},Commune,2026-03-24 14:42:06.130387+01,gold_establishments_2025,,,,21630167100014,2025,Collectivité Territoriale,Commune,['Puy-de-Dôme'],['Auvergne-Rhône-Alpes'],COM,{63},{84}
91cb2d13-68a6-407b-89d1-a70f4dde4eaf,211908504,Commune de Gimel-les-Cascades (19),false,{19085},Commune,2026-03-24 14:41:54.903238+01,gold_establishments_2025,,,,21190850400015,2025,Collectivité Territoriale,Commune,['Corrèze'],['Nouvelle-Aquitaine'],COM,{19},{75}
676361fc-f602-45bf-8371-323287bf07ae,211601521,Commune de Gimeux (16),false,{16152},Commune,2026-03-24 14:41:54.362296+01,gold_establishments_2025,,,,21160152100019,2025,Collectivité Territoriale,Commune,['Charente'],['Nouvelle-Aquitaine'],COM,{16},{75}
2c34ac96-95f4-4c02-a06d-e39daacccaba,213201478,Commune de Gimont (32),false,{32147},Commune,2026-03-24 14:41:58.09424+01,gold_establishments_2025,,,,21320147800012,2025,Collectivité Territoriale,Commune,['Gers'],['Occitanie'],COM,{32},{76}
a8439949-32e9-47a5-94eb-b2f39e432e57,215801267,Commune de Gimouille (58),false,{58126},Commune,2026-03-24 14:42:04.280096+01,gold_establishments_2025,,,,21580126700018,2025,Collectivité Territoriale,Commune,['Nièvre'],['Bourgogne-Franche-Comté'],COM,{58},{27}
e7504d82-ccf4-47d3-a929-a690ba927e19,215502105,Commune de Gimécourt (55),false,{55210},Commune,2026-03-24 14:42:02.957225+01,gold_establishments_2025,,,,21550210500012,2025,Collectivité Territoriale,Commune,['Meuse'],['Grand Est'],COM,{55},{44}
83e77016-616b-48b4-974a-15828f8c658b,216101907,Commune de Ginai (61),false,{61190},Commune,2026-03-24 14:42:05.597325+01,gold_establishments_2025,,,,21610190700014,2025,Collectivité Territoriale,Commune,['Orne'],['Normandie'],COM,{61},{28}
d90d5b8f-2152-4cfc-b223-b94c41c23f7e,218200699,Commune de Ginals (82),false,{82069},Commune,2026-03-24 14:42:10.508772+01,gold_establishments_2025,,,,21820069900013,2025,Collectivité Territoriale,Commune,['Tarn-et-Garonne'],['Occitanie'],COM,{82},{76}
9f7bf735-3207-4f11-ac16-16da31a0c351,218300663,Commune de Ginasservis (83),false,{83066},Commune,2026-03-24 14:42:10.508772+01,gold_establishments_2025,,,,21830066300018,2025,Collectivité Territoriale,Commune,['Var'],"[""Provence-Alpes-Côte d'Azur""]",COM,{83},{93}
09eb294d-07e7-4ce7-b4fa-cf0f4c128028,218003630,Commune de Ginchy (80),false,{80378},Commune,2026-03-24 14:42:09.967209+01,gold_establishments_2025,,,,21800363000017,2025,Collectivité Territoriale,Commune,['Somme'],['Hauts-de-France'],COM,{80},{32}
ba4bdeeb-a27b-4418-bb37-c7268b5f7701,211101639,Commune de Gincla (11),false,{11163},Commune,2026-03-24 14:41:53.63825+01,gold_establishments_2025,,,,21110163900014,2025,Collectivité Territoriale,Commune,['Aude'],['Occitanie'],COM,{11},{76}
501a4ea6-73c3-4eba-bd70-e432b833089e,215502113,Commune de Gincrey (55),false,{55211},Commune,2026-03-24 14:42:02.957225+01,gold_establishments_2025,,,,21550211300016,2025,Collectivité Territoriale,Commune,['Meuse'],['Grand Est'],COM,{55},{44}
db0eb904-8d3a-4caa-a384-75f360567329,214601205,Commune de Gindou (46),false,{46120},Commune,2026-03-24 14:42:00.862623+01,gold_establishments_2025,,,,21460120500013,2025,Collectivité Territoriale,Commune,['Lot'],['Occitanie'],COM,{46},{76}
db98641e-8b73-4c74-b5d6-24d311c9720c,211101647,Commune de Ginestas (11),false,{11164},Commune,2026-03-24 14:41:53.63825+01,gold_establishments_2025,,,,21110164700017,2025,Collectivité Territoriale,Commune,['Aude'],['Occitanie'],COM,{11},{76}
ddc39f40-3aa4-4341-9b9b-769bda0b96ab,212401970,Commune de Ginestet (24),false,{24197},Commune,2026-03-24 14:41:55.958138+01,gold_establishments_2025,,,,21240197000018,2025,Collectivité Territoriale,Commune,['Dordogne'],['Nouvelle-Aquitaine'],COM,{24},{75}
f9e40194-eb99-409b-b86b-a6db23b04849,211101654,Commune de Ginoles (11),false,{11165},Commune,2026-03-24 14:41:53.63825+01,gold_establishments_2025,,,,21110165400013,2025,Collectivité Territoriale,Commune,['Aude'],['Occitanie'],COM,{11},{76}
08db9062-2388-4c31-b9bb-58ecdcefa662,214601213,Commune de Ginouillac (46),false,{46121},Commune,2026-03-24 14:42:00.862623+01,gold_establishments_2025,,,,21460121300017,2025,Collectivité Territoriale,Commune,['Lot'],['Occitanie'],COM,{46},{76}
a7db32a7-85f1-45e5-8b75-a9c303791c80,214601221,Commune de Gintrac (46),false,{46122},Commune,2026-03-24 14:42:00.862623+01,gold_establishments_2025,,,,21460122100010,2025,Collectivité Territoriale,Commune,['Lot'],['Occitanie'],COM,{46},{76}
b44e5df8-ca2b-4804-adc6-45f07b59c8a4,212001259,Commune de Giocatojo (2B),false,{2B125},Commune,2026-03-24 14:41:57.56054+01,gold_establishments_2025,,,,21200125900010,2025,Collectivité Territoriale,Commune,['Haute-Corse'],['Corse'],COM,{2B},{94}
60e7bf24-3753-4b16-9a59-14cf0e2636da,211500749,Commune de Giou-de-Mamou (15),false,{15074},Commune,2026-03-24 14:41:54.362296+01,gold_establishments_2025,,,,21150074900018,2025,Collectivité Territoriale,Commune,['Cantal'],['Auvergne-Rhône-Alpes'],COM,{15},{84}
22cbb389-7e43-41f4-9832-e70fd23cb9c8,212309108,Commune de Gioux (23),false,{23091},Commune,2026-03-24 14:41:55.958138+01,gold_establishments_2025,,,,21230910800018,2025,Collectivité Territoriale,Commune,['Creuse'],['Nouvelle-Aquitaine'],COM,{23},{75}
c7a2f266-e2e6-4eaa-88cf-6a58b1bf1aed,210301222,Commune de Gipcy (03),false,{03122},Commune,2026-03-24 14:41:52.020251+01,gold_establishments_2025,,,,21030122200019,2025,Collectivité Territoriale,Commune,['Allier'],['Auvergne-Rhône-Alpes'],COM,{03},{84}
bdb9333e-75ec-466b-9568-253cc63beee6,214601239,Commune de Girac (46),false,{46123},Commune,2026-03-24 14:42:00.862623+01,gold_establishments_2025,,,,21460123900012,2025,Collectivité Territoriale,Commune,['Lot'],['Occitanie'],COM,{46},{76}
85c6407d-cf13-4795-8f50-575aa5067b9a,218802015,Commune de Girancourt (88),false,{88201},Commune,2026-03-24 14:42:11.118516+01,gold_establishments_2025,,,,21880201500014,2025,Collectivité Territoriale,Commune,['Vosges'],['Grand Est'],COM,{88},{44}
9366304e-d49b-4e74-bc09-5c00e5a52881,215402272,Commune de Giraumont (54),false,{54227},Commune,2026-03-24 14:42:02.957225+01,gold_establishments_2025,,,,21540227200011,2025,Collectivité Territoriale,Commune,['Meurthe-et-Moselle'],['Grand Est'],COM,{54},{44}
c2639ce1-886a-44ad-8636-9866bc889ec1,216002709,Commune de Giraumont (60),false,{60273},Commune,2026-03-24 14:42:04.814328+01,gold_establishments_2025,,,,21600270900014,2025,Collectivité Territoriale,Commune,['Oise'],['Hauts-de-France'],COM,{60},{32}
c788ade8-ca78-49d7-86a3-9696d9469ce7,215502121,Commune de Girauvoisin (55),false,{55212},Commune,2026-03-24 14:42:02.957225+01,gold_establishments_2025,,,,21550212100019,2025,Collectivité Territoriale,Commune,['Meuse'],['Grand Est'],COM,{55},{44}
47cfd581-2e49-4a80-8446-a8d2660386b6,218802023,Commune de Gircourt-lès-Viéville (88),false,{88202},Commune,2026-03-24 14:42:11.118516+01,gold_establishments_2025,,,,21880202300018,2025,Collectivité Territoriale,Commune,['Vosges'],['Grand Est'],COM,{88},{44}
5ebb865e-b900-4def-8d85-f317fd9412e2,218802031,Commune de Girecourt-sur-Durbion (88),false,{88203},Commune,2026-03-24 14:42:11.118516+01,gold_establishments_2025,,,,21880203100011,2025,Collectivité Territoriale,Commune,['Vosges'],['Grand Est'],COM,{88},{44}
0f1ef7bb-3978-4a65-8f7a-ed7e87ae6f59,217002690,Commune de Girefontaine (70),false,{70269},Commune,2026-03-24 14:42:07.735343+01,gold_establishments_2025,,,,21700269000014,2025,Collectivité Territoriale,Commune,['Haute-Saône'],['Bourgogne-Franche-Comté'],COM,{70},{27}
6136446b-f173-423c-8b5b-d9666a99b439,217702067,Commune de Giremoutiers (77),false,{77206},Commune,2026-03-24 14:42:09.43682+01,gold_establishments_2025,,,,21770206700018,2025,Collectivité Territoriale,Commune,['Seine-et-Marne'],['Île-de-France'],COM,{77},{11}
25bcd67c-d110-4286-b101-a50f4f4efc51,211500756,Commune de Girgols (15),false,{15075},Commune,2026-03-24 14:41:54.362296+01,gold_establishments_2025,,,,21150075600013,2025,Collectivité Territoriale,Commune,['Cantal'],['Auvergne-Rhône-Alpes'],COM,{15},{84}
270d334e-d7fc-4f0a-a6ec-39b97410b706,215402280,Commune de Giriviller (54),false,{54228},Commune,2026-03-24 14:42:02.957225+01,gold_establishments_2025,,,,21540228000014,2025,Collectivité Territoriale,Commune,['Meurthe-et-Moselle'],['Grand Est'],COM,{54},{44}
09f4b2a3-c293-417d-8ff8-7a9fc9e272b3,218802056,Commune de Girmont-Val-d'Ajol (88),false,{88205},Commune,2026-03-24 14:42:11.118516+01,gold_establishments_2025,,,,21880205600018,2025,Collectivité Territoriale,Commune,['Vosges'],['Grand Est'],COM,{88},{44}
aee908ce-e6a2-4b78-b8b2-633fce3c242b,214501561,Commune de Girolles (45),false,{45156},Commune,2026-03-24 14:42:00.862623+01,gold_establishments_2025,,,,21450156100010,2025,Collectivité Territoriale,Commune,['Loiret'],['Centre-Val de Loire'],COM,{45},{24}
428f788f-958a-4de4-8a51-c263bbb09ee3,218901882,Commune de Girolles (89),false,{89188},Commune,2026-03-24 14:42:11.118516+01,gold_establishments_2025,,,,21890188200017,2025,Collectivité Territoriale,Commune,['Yonne'],['Bourgogne-Franche-Comté'],COM,{89},{27}
3afe6660-72a6-4152-a006-1d34b3017252,219000528,Commune de Giromagny (90),false,{90052},Commune,2026-03-24 14:42:11.659493+01,gold_establishments_2025,,,,21900052800014,2025,Collectivité Territoriale,Commune,['Territoire de Belfort'],['Bourgogne-Franche-Comté'],COM,{90},{27}
956bda85-90be-40c5-90fe-2c985719b907,210101747,Commune de Giron (01),false,{01174},Commune,2026-03-24 14:41:51.447482+01,gold_establishments_2025,,,,21010174700017,2025,Collectivité Territoriale,Commune,['Ain'],['Auvergne-Rhône-Alpes'],COM,{01},{84}
dda24de4-ee7c-4009-9eab-3bb6c454f10a,218802064,Commune de Gironcourt-sur-Vraine (88),false,{88206},Commune,2026-03-24 14:42:11.118516+01,gold_establishments_2025,,,,21880206400012,2025,Collectivité Territoriale,Commune,['Vosges'],['Grand Est'],COM,{88},{44}
10db37b9-2612-4b57-bfec-579f51f369e6,213301872,Commune de Gironde-sur-Dropt (33),false,{33187},Commune,2026-03-24 14:41:58.620411+01,gold_establishments_2025,,,,21330187200015,2025,Collectivité Territoriale,Commune,['Gironde'],['Nouvelle-Aquitaine'],COM,{33},{75}
a00b7f91-6144-4c7d-9709-8c17e684e3e3,210801726,Commune de Girondelle (08),false,{08189},Commune,2026-03-24 14:41:52.562531+01,gold_establishments_2025,,,,21080172600014,2025,Collectivité Territoriale,Commune,['Ardennes'],['Grand Est'],COM,{08},{44}
38ad6a3f-668f-4886-8eb9-43091488d26d,217702075,Commune de Gironville (77),false,{77207},Commune,2026-03-24 14:42:09.43682+01,gold_establishments_2025,,,,21770207500011,2025,Collectivité Territoriale,Commune,['Seine-et-Marne'],['Île-de-France'],COM,{77},{11}
87e8e79a-aef6-455d-abce-7a44b1a13b87,219102738,Commune de Gironville-sur-Essonne (91),false,{91273},Commune,2026-03-24 14:42:11.659493+01,gold_establishments_2025,,,,21910273800016,2025,Collectivité Territoriale,Commune,['Essonne'],['Île-de-France'],COM,{91},{11}
6e8ffae6-af39-4a52-85a1-73925bcfe77f,218101046,Commune de Giroussens (81),false,{81104},Commune,2026-03-24 14:42:09.967209+01,gold_establishments_2025,,,,21810104600017,2025,Collectivité Territoriale,Commune,['Tarn'],['Occitanie'],COM,{81},{76}
90532e8c-c7fc-487f-9770-e18dd15148fb,213600836,Commune de Giroux (36),false,{36083},Commune,2026-03-24 14:41:59.160244+01,gold_establishments_2025,,,,21360083600018,2025,Collectivité Territoriale,Commune,['Indre'],['Centre-Val de Loire'],COM,{36},{24}
0d104375-ae6e-4a59-8d5d-1682a56b89a0,215801275,Commune de Giry (58),false,{58127},Commune,2026-03-24 14:42:04.280096+01,gold_establishments_2025,,,,21580127500011,2025,Collectivité Territoriale,Commune,['Nièvre'],['Bourgogne-Franche-Comté'],COM,{58},{27}
f7b33295-ed2f-49e5-98df-5191fd76820f,213201486,Commune de Giscaro (32),false,{32148},Commune,2026-03-24 14:41:58.09424+01,gold_establishments_2025,,,,21320148600015,2025,Collectivité Territoriale,Commune,['Gers'],['Occitanie'],COM,{32},{76}
90a770a8-02fd-4cf6-a8e5-0a725f70bd00,213301880,Commune de Giscos (33),false,{33188},Commune,2026-03-24 14:41:58.620411+01,gold_establishments_2025,,,,21330188000018,2025,Collectivité Territoriale,Commune,['Gironde'],['Nouvelle-Aquitaine'],COM,{33},{75}
54875943-0aeb-4570-b27a-e5e4b460d53f,212702849,Commune de Gisors (27),false,{27284},Commune,2026-03-24 14:41:57.028721+01,gold_establishments_2025,,,,21270284900010,2025,Collectivité Territoriale,Commune,['Eure'],['Normandie'],COM,{27},{28}
784cbae5-810b-4652-a555-bdc0ba11eb88,211201090,Commune de Gissac (12),false,{12109},Commune,2026-03-24 14:41:53.63825+01,gold_establishments_2025,,,,21120109000019,2025,Collectivité Territoriale,Commune,['Aveyron'],['Occitanie'],COM,{12},{76}
0522392b-93c8-45a2-9e75-a7b980d03a61,212102982,Commune de Gissey-le-Vieil (21),false,{21298},Commune,2026-03-24 14:41:55.433389+01,gold_establishments_2025,,,,21210298200015,2025,Collectivité Territoriale,Commune,"[""Côte-d'Or""]",['Bourgogne-Franche-Comté'],COM,{21},{27}
7bfb3410-aa07-45ef-a4fe-f2f223e4b849,212102990,Commune de Gissey-sous-Flavigny (21),false,{21299},Commune,2026-03-24 14:41:55.433389+01,gold_establishments_2025,,,,21210299000018,2025,Collectivité Territoriale,Commune,"[""Côte-d'Or""]",['Bourgogne-Franche-Comté'],COM,{21},{27}
995490f6-adb6-480b-8bed-e4c5d9f49cb0,212103006,Commune de Gissey-sur-Ouche (21),false,{21300},Commune,2026-03-24 14:41:55.433389+01,gold_establishments_2025,,,,21210300600012,2025,Collectivité Territoriale,Commune,"[""Côte-d'Or""]",['Bourgogne-Franche-Comté'],COM,{21},{27}
8aabfcdd-3c7a-4d32-9c1d-dcd390e33518,218901890,Commune de Gisy-les-Nobles (89),false,{89189},Commune,2026-03-24 14:42:11.118516+01,gold_establishments_2025,,,,21890189000010,2025,Collectivité Territoriale,Commune,['Yonne'],['Bourgogne-Franche-Comté'],COM,{89},{27}
c65cfd1c-6f1f-4e69-84d4-ac2979bb5605,212001267,Commune de Giuncaggio (2B),false,{2B126},Commune,2026-03-24 14:41:57.56054+01,gold_establishments_2025,,,,21200126700013,2025,Collectivité Territoriale,Commune,['Haute-Corse'],['Corse'],COM,{2B},{94}
606f1b8f-6413-49e0-995d-674c2563c44e,212001275,Commune de Giuncheto (2A),false,{2A127},Commune,2026-03-24 14:41:57.56054+01,gold_establishments_2025,,,,21200127500016,2025,Collectivité Territoriale,Commune,['Corse-du-Sud'],['Corse'],COM,{2A},{94}
95eeea2a-5fc5-4df3-b944-a77fa3f6bf54,211801022,Commune de Givardon (18),false,{18102},Commune,2026-03-24 14:41:54.903238+01,gold_establishments_2025,,,,21180102200016,2025,Collectivité Territoriale,Commune,['Cher'],['Centre-Val de Loire'],COM,{18},{24}
dbb28052-a416-4f33-95e0-19cff113ffcb,216203711,Commune de Givenchy-en-Gohelle (62),false,{62371},Commune,2026-03-24 14:42:05.597325+01,gold_establishments_2025,,,,21620371100017,2025,Collectivité Territoriale,Commune,['Pas-de-Calais'],['Hauts-de-France'],COM,{62},{32}
d2261a5a-d0b7-4cf7-a21c-af7191fe7f04,216203729,Commune de Givenchy-le-Noble (62),false,{62372},Commune,2026-03-24 14:42:05.597325+01,gold_establishments_2025,,,,21620372900019,2025,Collectivité Territoriale,Commune,['Pas-de-Calais'],['Hauts-de-France'],COM,{62},{32}
987270d9-9971-40ae-8b5c-fbc6363bf29c,216203737,Commune de Givenchy-lès-la-Bassée (62),false,{62373},Commune,2026-03-24 14:42:05.597325+01,gold_establishments_2025,,,,21620373700053,2025,Collectivité Territoriale,Commune,['Pas-de-Calais'],['Hauts-de-France'],COM,{62},{32}
7a2292b6-e775-4604-929e-45f35d22b04e,212702856,Commune de Giverny (27),false,{27285},Commune,2026-03-24 14:41:57.028721+01,gold_establishments_2025,,,,21270285600015,2025,Collectivité Territoriale,Commune,['Eure'],['Normandie'],COM,{27},{28}
f4f1ce48-95f5-48ec-ae87-8c7efcc13de4,212702864,Commune de Giverville (27),false,{27286},Commune,2026-03-24 14:41:57.028721+01,gold_establishments_2025,,,,21270286400019,2025,Collectivité Territoriale,Commune,['Eure'],['Normandie'],COM,{27},{28}
f29c0906-1ea4-45a7-83ce-ce26e8e4cf95,210801734,Commune de Givet (08),false,{08190},Commune,2026-03-24 14:41:52.562531+01,gold_establishments_2025,,,,21080173400018,2025,Collectivité Territoriale,Commune,['Ardennes'],['Grand Est'],COM,{08},{44}
eac660a0-90c8-4eca-bf3e-349c069e8049,210801742,Commune de Givonne (08),false,{08191},Commune,2026-03-24 14:41:52.562531+01,gold_establishments_2025,,,,21080174200011,2025,Collectivité Territoriale,Commune,['Ardennes'],['Grand Est'],COM,{08},{44}
ae458af9-8082-4617-adfc-59500b91b60d,216900910,Commune de Givors (69),false,{69091},Commune,2026-03-24 14:42:07.195692+01,gold_establishments_2025,,,,21690091000011,2025,Collectivité Territoriale,Commune,['Rhône'],['Auvergne-Rhône-Alpes'],COM,{69},{84}
6d557061-0f76-437d-8a15-238a102aa2e1,214501579,Commune de Givraines (45),false,{45157},Commune,2026-03-24 14:42:00.862623+01,gold_establishments_2025,,,,21450157900012,2025,Collectivité Territoriale,Commune,['Loiret'],['Centre-Val de Loire'],COM,{45},{24}
a5fd4764-5ba9-4221-972c-8a88f8cc4575,218501005,Commune de Givrand (85),false,{85100},Commune,2026-03-24 14:42:10.508772+01,gold_establishments_2025,,,,21850100500019,2025,Collectivité Territoriale,Commune,['Vendée'],['Pays de la Loire'],COM,{85},{52}
d2712630-4346-4030-a496-3cb7d24fb25f,215502147,Commune de Givrauval (55),false,{55214},Commune,2026-03-24 14:42:02.957225+01,gold_establishments_2025,,,,21550214700014,2025,Collectivité Territoriale,Commune,['Meuse'],['Grand Est'],COM,{55},{44}
0455ae01-0631-472e-a6db-6fdda2039153,211701784,Commune de Givrezac (17),false,{17178},Commune,2026-03-24 14:41:54.903238+01,gold_establishments_2025,,,,21170178400012,2025,Collectivité Territoriale,Commune,['Charente-Maritime'],['Nouvelle-Aquitaine'],COM,{17},{75}
684dd5ab-f645-4f93-b5c4-bb77b34a8710,210801759,Commune de Givron (08),false,{08192},Commune,2026-03-24 14:41:52.562531+01,gold_establishments_2025,,,,21080175900015,2025,Collectivité Territoriale,Commune,['Ardennes'],['Grand Est'],COM,{08},{44}
2b378bf2-fe90-43e5-ae41-00ac53ba0f59,210801767,Commune de Givry (08),false,{08193},Commune,2026-03-24 14:41:52.562531+01,gold_establishments_2025,,,,21080176700018,2025,Collectivité Territoriale,Commune,['Ardennes'],['Grand Est'],COM,{08},{44}
f0a5d0f4-d284-4545-818e-a831671521e0,217102219,Commune de Givry (71),false,{71221},Commune,2026-03-24 14:42:07.735343+01,gold_establishments_2025,,,,21710221900011,2025,Collectivité Territoriale,Commune,['Saône-et-Loire'],['Bourgogne-Franche-Comté'],COM,{71},{27}
f1794f72-15ba-49b5-bc9f-31d7facad012,218901908,Commune de Givry (89),false,{89190},Commune,2026-03-24 14:42:11.118516+01,gold_establishments_2025,,,,21890190800010,2025,Collectivité Territoriale,Commune,['Yonne'],['Bourgogne-Franche-Comté'],COM,{89},{27}
6dd46ae0-2369-4055-93e0-496cd1e3606e,215102534,Commune de Givry-en-Argonne (51),false,{51272},Commune,2026-03-24 14:42:01.954481+01,gold_establishments_2025,,,,21510253400017,2025,Collectivité Territoriale,Commune,['Marne'],['Grand Est'],COM,{51},{44}
755c99d7-3148-43aa-96f1-32355fa93ed8,215102542,Commune de Givry-lès-Loisy (51),false,{51273},Commune,2026-03-24 14:42:01.954481+01,gold_establishments_2025,,,,21510254200010,2025,Collectivité Territoriale,Commune,['Marne'],['Grand Est'],COM,{51},{44}
adb0cd6f-5544-4946-8df6-0f35bde63cac,215702481,Commune de Givrycourt (57),false,{57248},Commune,2026-03-24 14:42:03.701372+01,gold_establishments_2025,,,,21570248100015,2025,Collectivité Territoriale,Commune,['Moselle'],['Grand Est'],COM,{57},{44}
013c066c-ae58-4592-a964-2f6b3f81c232,215102559,Commune de Gizaucourt (51),false,{51274},Commune,2026-03-24 14:42:01.954481+01,gold_establishments_2025,,,,21510255900014,2025,Collectivité Territoriale,Commune,['Marne'],['Grand Est'],COM,{51},{44}
73d7d62d-74ec-46c4-a827-3d2a740bb308,218601052,Commune de Gizay (86),false,{86105},Commune,2026-03-24 14:42:10.508772+01,gold_establishments_2025,,,,21860105200010,2025,Collectivité Territoriale,Commune,['Vienne'],['Nouvelle-Aquitaine'],COM,{86},{75}
f5db2daf-5a31-44e5-aec7-83e897f45172,213701121,Commune de Gizeux (37),false,{37112},Commune,2026-03-24 14:41:59.160244+01,gold_establishments_2025,,,,21370112100013,2025,Collectivité Territoriale,Commune,['Indre-et-Loire'],['Centre-Val de Loire'],COM,{37},{24}
fcbc2235-a76a-494e-841c-00eb2566b76e,213902554,Commune de Gizia (39),false,{39255},Commune,2026-03-24 14:41:59.705606+01,gold_establishments_2025,,,,21390255400012,2025,Collectivité Territoriale,Commune,['Jura'],['Bourgogne-Franche-Comté'],COM,{39},{27}
c6ae4c8f-6552-483d-815f-98bffc1d23fb,210203279,Commune de Gizy (02),false,{02346},Commune,2026-03-24 14:41:52.020251+01,gold_establishments_2025,,,,21020327900018,2025,Collectivité Territoriale,Commune,['Aisne'],['Hauts-de-France'],COM,{02},{32}
d799dc02-b620-458e-9fe1-f7ea41db147c,213801798,Commune de Gières (38),false,{38179},Commune,2026-03-24 14:41:59.160244+01,gold_establishments_2025,,,,21380179800017,2025,Collectivité Territoriale,Commune,['Isère'],['Auvergne-Rhône-Alpes'],COM,{38},{84}
92aa431c-984e-4a45-86f2-dc6b6aac8be1,214100976,Commune de Gièvres (41),false,{41097},Commune,2026-03-24 14:42:00.273698+01,gold_establishments_2025,,,,21410097600015,2025,Collectivité Territoriale,Commune,['Loir-et-Cher'],['Centre-Val de Loire'],COM,{41},{24}
b3eefd23-359c-4944-a900-ff2f701eed5b,215902610,Commune de Glageon (59),false,{59261},Commune,2026-03-24 14:42:04.280096+01,gold_establishments_2025,,,,21590261000017,2025,Collectivité Territoriale,Commune,['Nord'],['Hauts-de-France'],COM,{59},{32}
138c740b-6eae-4984-a038-b1692e6374c6,216002717,Commune de Glaignes (60),false,{60274},Commune,2026-03-24 14:42:04.814328+01,gold_establishments_2025,,,,21600271700017,2025,Collectivité Territoriale,Commune,['Oise'],['Hauts-de-France'],COM,{60},{32}
a8dda09d-8b46-4c4b-9c74-6aecc1e071f8,216301689,Commune de Glaine-Montaigut (63),false,{63168},Commune,2026-03-24 14:42:06.130387+01,gold_establishments_2025,,,,21630168900016,2025,Collectivité Territoriale,Commune,['Puy-de-Dôme'],['Auvergne-Rhône-Alpes'],COM,{63},{84}
7a854259-fc01-44b7-84d0-efc00a56e629,210801775,Commune de Glaire (08),false,{08194},Commune,2026-03-24 14:41:52.562531+01,gold_establishments_2025,,,,21080177500011,2025,Collectivité Territoriale,Commune,['Ardennes'],['Grand Est'],COM,{08},{44}
d3c8d7bd-683d-469b-824e-887bd7ccce43,212502736,Commune de Glamondans (25),false,{25273},Commune,2026-03-24 14:41:56.495197+01,gold_establishments_2025,,,,21250273600011,2025,Collectivité Territoriale,Commune,['Doubs'],['Bourgogne-Franche-Comté'],COM,{25},{27}
6c39130f-ce01-41e3-b843-e19212547b13,210203287,Commune de Gland (02),false,{02347},Commune,2026-03-24 14:41:52.020251+01,gold_establishments_2025,,,,21020328700011,2025,Collectivité Territoriale,Commune,['Aisne'],['Hauts-de-France'],COM,{02},{32}
beef6992-18c3-4426-bc36-0f03dc838ebf,218901916,Commune de Gland (89),false,{89191},Commune,2026-03-24 14:42:11.118516+01,gold_establishments_2025,,,,21890191600013,2025,Collectivité Territoriale,Commune,['Yonne'],['Bourgogne-Franche-Comté'],COM,{89},{27}
88568758-e69e-48ed-bfec-8911750fcfe5,212601421,Commune de Glandage (26),false,{26142},Commune,2026-03-24 14:41:56.495197+01,gold_establishments_2025,,,,21260142100010,2025,Collectivité Territoriale,Commune,['Drôme'],['Auvergne-Rhône-Alpes'],COM,{26},{84}
03147947-918d-4818-8e73-98a14e03417b,218707107,Commune de Glandon (87),false,{87071},Commune,2026-03-24 14:42:11.118516+01,gold_establishments_2025,,,,21870710700015,2025,Collectivité Territoriale,Commune,['Haute-Vienne'],['Nouvelle-Aquitaine'],COM,{87},{75}
13c0c56e-884a-4221-aaf6-49d3776343b3,214601247,Commune de Glanes (46),false,{46124},Commune,2026-03-24 14:42:00.862623+01,gold_establishments_2025,,,,21460124700015,2025,Collectivité Territoriale,Commune,['Lot'],['Occitanie'],COM,{46},{76}
a7e5d383-0fa8-4ac3-aad3-8f648711a26d,218707206,Commune de Glanges (87),false,{87072},Commune,2026-03-24 14:42:11.118516+01,gold_establishments_2025,,,,21870720600015,2025,Collectivité Territoriale,Commune,['Haute-Vienne'],['Nouvelle-Aquitaine'],COM,{87},{75}
251fbd8a-2f7e-4d7f-9052-353cd8177475,215102567,Commune de Glannes (51),false,{51275},Commune,2026-03-24 14:42:01.954481+01,gold_establishments_2025,,,,21510256700017,2025,Collectivité Territoriale,Commune,['Marne'],['Grand Est'],COM,{51},{44}
6cd27028-489f-4c3f-8829-10b4591271b4,212103014,Commune de Glanon (21),false,{21301},Commune,2026-03-24 14:41:55.433389+01,gold_establishments_2025,,,,21210301400016,2025,Collectivité Territoriale,Commune,"[""Côte-d'Or""]",['Bourgogne-Franche-Comté'],COM,{21},{27}
1bbb94ab-9e8a-4bc8-91bc-821c8029a33d,211403027,Commune de Glanville (14),false,{14302},Commune,2026-03-24 14:41:54.362296+01,gold_establishments_2025,,,,21140302700017,2025,Collectivité Territoriale,Commune,['Calvados'],['Normandie'],COM,{14},{28}
6a7ebf20-1ee3-4985-b863-c52dcacddb7d,218200707,Commune de Glatens (82),false,{82070},Commune,2026-03-24 14:42:10.508772+01,gold_establishments_2025,,,,21820070700014,2025,Collectivité Territoriale,Commune,['Tarn-et-Garonne'],['Occitanie'],COM,{82},{76}
4d3b30bb-7b17-493a-90dd-cc34455043f8,215702499,Commune de Glatigny (57),false,{57249},Commune,2026-03-24 14:42:03.701372+01,gold_establishments_2025,,,,21570249900017,2025,Collectivité Territoriale,Commune,['Moselle'],['Grand Est'],COM,{57},{44}
a7e41f3c-c17b-46ae-8a62-082c52590793,216002725,Commune de Glatigny (60),false,{60275},Commune,2026-03-24 14:42:04.814328+01,gold_establishments_2025,,,,21600272500010,2025,Collectivité Territoriale,Commune,['Oise'],['Hauts-de-France'],COM,{60},{32}
0c9e6038-7503-415f-830f-6276b1e6fe3b,212502744,Commune de Glay (25),false,{25274},Commune,2026-03-24 14:41:56.495197+01,gold_establishments_2025,,,,21250274400015,2025,Collectivité Territoriale,Commune,['Doubs'],['Bourgogne-Franche-Comté'],COM,{25},{27}
a742cda6-0869-4cc5-bbb4-b2c465420088,216900928,Commune de Gleizé (69),false,{69092},Commune,2026-03-24 14:42:07.195692+01,gold_establishments_2025,,,,21690092800013,2025,Collectivité Territoriale,Commune,['Rhône'],['Auvergne-Rhône-Alpes'],COM,{69},{84}
bd5363d5-750d-4497-9982-7f7d1c07e020,212702872,Commune de Glisolles (27),false,{27287},Commune,2026-03-24 14:41:57.028721+01,gold_establishments_2025,,,,21270287200012,2025,Collectivité Territoriale,Commune,['Eure'],['Normandie'],COM,{27},{28}
d4e43968-2144-4565-8682-a9a4947841e4,218003648,Commune de Glisy (80),false,{80379},Commune,2026-03-24 14:42:09.967209+01,gold_establishments_2025,,,,21800364800019,2025,Collectivité Territoriale,Commune,['Somme'],['Hauts-de-France'],COM,{80},{32}
0da2c5ff-7271-464a-ab98-d6bdbcee006d,200081446,Commune de Glières-Val-de-Borne (74),false,{74212},Commune,2026-03-24 14:42:08.818969+01,gold_establishments_2025,,,,20008144600011,2025,Collectivité Territoriale,Commune,['Haute-Savoie'],['Auvergne-Rhône-Alpes'],COM,{74},{84}
379ba63d-13cf-455f-bbd8-a102dcaa85fd,212200612,Commune de Glomel (22),false,{22061},Commune,2026-03-24 14:41:55.433389+01,gold_establishments_2025,,,,21220061200019,2025,Collectivité Territoriale,Commune,"[""Côtes-d'Armor""]",['Bretagne'],COM,{22},{53}
f3273260-fd0a-414d-bbfa-4c30c3558280,215402298,Commune de Glonville (54),false,{54229},Commune,2026-03-24 14:42:02.957225+01,gold_establishments_2025,,,,21540229800016,2025,Collectivité Territoriale,Commune,['Meurthe-et-Moselle'],['Grand Est'],COM,{54},{44}
9d2e7a4d-95d0-4202-85b1-7d8175a2bc61,216600866,Commune de Glorianes (66),false,{66086},Commune,2026-03-24 14:42:06.665412+01,gold_establishments_2025,,,,21660086600018,2025,Collectivité Territoriale,Commune,['Pyrénées-Orientales'],['Occitanie'],COM,{66},{76}
1e0587b7-5296-404d-8551-4877c9450c88,211403035,Commune de Glos (14),false,{14303},Commune,2026-03-24 14:41:54.362296+01,gold_establishments_2025,,,,21140303500010,2025,Collectivité Territoriale,Commune,['Calvados'],['Normandie'],COM,{14},{28}
2378b0ab-42a9-470a-98e3-0fd6c0ec43a9,212702880,Commune de Glos-sur-Risle (27),false,{27288},Commune,2026-03-24 14:41:57.028721+01,gold_establishments_2025,,,,21270288000015,2025,Collectivité Territoriale,Commune,['Eure'],['Normandie'],COM,{27},{28}
4d21b0e6-f474-47eb-b639-a168941ea27e,210700969,Commune de Gluiras (07),false,{07096},Commune,2026-03-24 14:41:52.562531+01,gold_establishments_2025,,,,21070096900012,2025,Collectivité Territoriale,Commune,['Ardèche'],['Auvergne-Rhône-Alpes'],COM,{07},{84}
4052990a-28ea-4932-ab66-9308fbf8bce5,210700977,Commune de Glun (07),false,{07097},Commune,2026-03-24 14:41:52.562531+01,gold_establishments_2025,,,,21070097700015,2025,Collectivité Territoriale,Commune,['Ardèche'],['Auvergne-Rhône-Alpes'],COM,{07},{84}
e391064c-ea56-4df9-ace6-d01f50eb705a,215801283,Commune de Glux-en-Glenne (58),false,{58128},Commune,2026-03-24 14:42:04.280096+01,gold_establishments_2025,,,,21580128300015,2025,Collectivité Territoriale,Commune,['Nièvre'],['Bourgogne-Franche-Comté'],COM,{58},{27}
37f3605d-af90-48b0-85b8-08e8585fb0cc,212502751,Commune de Glère (25),false,{25275},Commune,2026-03-24 14:41:56.495197+01,gold_establishments_2025,,,,21250275100010,2025,Collectivité Territoriale,Commune,['Doubs'],['Bourgogne-Franche-Comté'],COM,{25},{27}
8bcadcc7-12b0-41e2-99ed-486f2488a46d,211500764,Commune de Glénat (15),false,{15076},Commune,2026-03-24 14:41:54.362296+01,gold_establishments_2025,,,,21150076400017,2025,Collectivité Territoriale,Commune,['Cantal'],['Auvergne-Rhône-Alpes'],COM,{15},{84}
3a90fbfb-6976-47ab-9f74-bef5f7a9e9ad,217901347,Commune de Glénay (79),false,{79134},Commune,2026-03-24 14:42:09.43682+01,gold_establishments_2025,,,,21790134700013,2025,Collectivité Territoriale,Commune,['Deux-Sèvres'],['Nouvelle-Aquitaine'],COM,{79},{75}
826a88ea-a097-4240-a64e-db0ebc58262e,212309207,Commune de Glénic (23),false,{23092},Commune,2026-03-24 14:41:55.958138+01,gold_establishments_2025,,,,21230920700018,2025,Collectivité Territoriale,Commune,['Creuse'],['Nouvelle-Aquitaine'],COM,{23},{75}
6fac24e4-dce5-410f-8ce3-68af6c68b0f8,218601060,Commune de Glénouze (86),false,{86106},Commune,2026-03-24 14:42:10.508772+01,gold_establishments_2025,,,,21860106000013,2025,Collectivité Territoriale,Commune,['Vienne'],['Nouvelle-Aquitaine'],COM,{86},{75}
db065430-a77d-41ed-b80f-ce1fc8986495,218200715,Commune de Goas (82),false,{82071},Commune,2026-03-24 14:42:10.508772+01,gold_establishments_2025,,,,21820071500017,2025,Collectivité Territoriale,Commune,['Tarn-et-Garonne'],['Occitanie'],COM,{82},{76}
bf4ee6d3-2d38-4d1e-84c6-65a3d3d4075e,216002733,Commune de Godenvillers (60),false,{60276},Commune,2026-03-24 14:42:04.814328+01,gold_establishments_2025,,,,21600273300014,2025,Collectivité Territoriale,Commune,['Oise'],['Hauts-de-France'],COM,{60},{32}
338aa015-f2a9-4523-9543-0693222bd7e3,217603026,Commune de Goderville (76),false,{76302},Commune,2026-03-24 14:42:08.818969+01,gold_establishments_2025,,,,21760302600014,2025,Collectivité Territoriale,Commune,['Seine-Maritime'],['Normandie'],COM,{76},{28}
e4d7e30b-696e-4f44-8ed2-6e5820042591,215902628,Commune de Godewaersvelde (59),false,{59262},Commune,2026-03-24 14:42:04.280096+01,gold_establishments_2025,,,,21590262800019,2025,Collectivité Territoriale,Commune,['Nord'],['Hauts-de-France'],COM,{59},{32}
cb3894a8-23fa-429d-a4c2-0ba63094cd0f,216101923,Commune de Godisson (nan),false,{61192},Commune,2026-03-24 14:42:05.597325+01,gold_establishments_2025,,,,21610192300011,2025,Collectivité Territoriale,Commune,[''],[''],COM,,
01fe85d9-cbfe-43be-b976-1f2443de9c27,218802080,Commune de Godoncourt (88),false,{88208},Commune,2026-03-24 14:42:11.118516+01,gold_establishments_2025,,,,21880208000018,2025,Collectivité Territoriale,Commune,['Vosges'],['Grand Est'],COM,{88},{44}
932feda3-bd91-4e80-899d-f7af0f21cb7f,215702507,Commune de Goetzenbruck (57),false,{57250},Commune,2026-03-24 14:42:03.701372+01,gold_establishments_2025,,,,21570250700017,2025,Collectivité Territoriale,Commune,['Moselle'],['Grand Est'],COM,{57},{44}
0b042aa2-010e-48f4-80af-08038e9d945a,215402306,Commune de Gogney (54),false,{54230},Commune,2026-03-24 14:42:02.957225+01,gold_establishments_2025,,,,21540230600017,2025,Collectivité Territoriale,Commune,['Meurthe-et-Moselle'],['Grand Est'],COM,{54},{44}
3455d3c4-8435-44cf-8042-2b1cfad36cf2,215902644,Commune de Gognies-Chaussée (59),false,{59264},Commune,2026-03-24 14:42:04.280096+01,gold_establishments_2025,,,,21590264400016,2025,Collectivité Territoriale,Commune,['Nord'],['Hauts-de-France'],COM,{59},{32}
cfa4739e-f1d8-4fc3-8a08-e5b9454ceb7e,212801823,Commune de Gohory (28),false,{28182},Commune,2026-03-24 14:41:57.028721+01,gold_establishments_2025,,,,21280182300015,2025,Collectivité Territoriale,Commune,['Eure-et-Loir'],['Centre-Val de Loire'],COM,{28},{24}
e4202b02-357e-45ee-9110-03a8d2c461d9,215702515,Commune de Goin (57),false,{57251},Commune,2026-03-24 14:42:03.701372+01,gold_establishments_2025,,,,21570251500010,2025,Collectivité Territoriale,Commune,['Moselle'],['Grand Est'],COM,{57},{44}
7ec031af-7e7c-4072-b937-0c524aeba0d8,216002741,Commune de Goincourt (60),false,{60277},Commune,2026-03-24 14:42:04.814328+01,gold_establishments_2025,,,,21600274100017,2025,Collectivité Territoriale,Commune,['Oise'],['Hauts-de-France'],COM,{60},{32}
42741df8-8c72-4c17-bb38-df25f4b17b1b,216002758,Commune de Golancourt (60),false,{60278},Commune,2026-03-24 14:42:04.814328+01,gold_establishments_2025,,,,21600275800011,2025,Collectivité Territoriale,Commune,['Oise'],['Hauts-de-France'],COM,{60},{32}
f3407317-aaf0-44f0-b97f-e3f13ce536d3,218802098,Commune de Golbey (88),false,{88209},Commune,2026-03-24 14:42:11.118516+01,gold_establishments_2025,,,,21880209800010,2025,Collectivité Territoriale,Commune,['Vosges'],['Grand Est'],COM,{88},{44}
a6860ec7-b6a0-4df7-922a-70b9d19c8c75,216801068,Commune de Goldbach-Altenbach (68),false,{68106},Commune,2026-03-24 14:42:07.195692+01,gold_establishments_2025,,,,21680106800018,2025,Collectivité Territoriale,Commune,['Haut-Rhin'],['Grand Est'],COM,{68},{44}
18d5f76d-27da-4556-84b2-f6a18e38ae95,218200723,Commune de Golfech (82),false,{82072},Commune,2026-03-24 14:42:10.508772+01,gold_establishments_2025,,,,21820072300011,2025,Collectivité Territoriale,Commune,['Tarn-et-Garonne'],['Occitanie'],COM,{82},{76}
705d67d0-256d-40bb-8c0d-7001c5145cd0,211201108,Commune de Golinhac (12),false,{12110},Commune,2026-03-24 14:41:53.63825+01,gold_establishments_2025,,,,21120110800019,2025,Collectivité Territoriale,Commune,['Aveyron'],['Occitanie'],COM,{12},{76}
8b4c29db-eef1-4dfe-a94b-c7fda4a94cbe,215002072,Commune de Golleville (50),false,{50207},Commune,2026-03-24 14:42:01.412377+01,gold_establishments_2025,,,,21500207200019,2025,Collectivité Territoriale,Commune,['Manche'],['Normandie'],COM,{50},{28}
b7058618-155f-4246-83fc-9a8ed6cd152a,214100984,Commune de Gombergean (41),false,{41098},Commune,2026-03-24 14:42:00.273698+01,gold_establishments_2025,,,,21410098400019,2025,Collectivité Territoriale,Commune,['Loir-et-Cher'],['Centre-Val de Loire'],COM,{41},{24}
7da5068f-79d2-4dac-b32b-f3331f520fe5,215702523,Commune de Gomelange (57),false,{57252},Commune,2026-03-24 14:42:03.701372+01,gold_establishments_2025,,,,21570252300014,2025,Collectivité Territoriale,Commune,['Moselle'],['Grand Est'],COM,{57},{44}
a77cf5e4-1030-45ae-82dd-525c7f892273,212200620,Commune de Gomené (22),false,{22062},Commune,2026-03-24 14:41:55.433389+01,gold_establishments_2025,,,,21220062000012,2025,Collectivité Territoriale,Commune,"[""Côtes-d'Armor""]",['Bretagne'],COM,{22},{53}
a7396c0a-8150-4ffd-945d-714045a63d0f,216402461,Commune de Gomer (64),false,{64246},Commune,2026-03-24 14:42:06.130387+01,gold_establishments_2025,,,,21640246100018,2025,Collectivité Territoriale,Commune,['Pyrénées-Atlantiques'],['Nouvelle-Aquitaine'],COM,{64},{75}
004d1294-b454-4001-b643-2df0b4bdb187,219102746,Commune de Gometz-la-Ville (91),false,{91274},Commune,2026-03-24 14:42:11.659493+01,gold_establishments_2025,,,,21910274600019,2025,Collectivité Territoriale,Commune,['Essonne'],['Île-de-France'],COM,{91},{11}
a54b47bb-733f-4844-a355-14304a57f62c,219102753,Commune de Gometz-le-Châtel (91),false,{91275},Commune,2026-03-24 14:42:11.659493+01,gold_establishments_2025,,,,21910275300015,2025,Collectivité Territoriale,Commune,['Essonne'],['Île-de-France'],COM,{91},{11}
1abdfee6-8e76-4ffa-b076-60d459f8d8ad,216203745,Commune de Gomiécourt (62),false,{62374},Commune,2026-03-24 14:42:05.597325+01,gold_establishments_2025,,,,21620374500015,2025,Collectivité Territoriale,Commune,['Pas-de-Calais'],['Hauts-de-France'],COM,{62},{32}
0e13cc38-2549-4a06-b8fc-505782f11ea9,216203752,Commune de Gommecourt (62),false,{62375},Commune,2026-03-24 14:42:05.597325+01,gold_establishments_2025,,,,21620375200011,2025,Collectivité Territoriale,Commune,['Pas-de-Calais'],['Hauts-de-France'],COM,{62},{32}
c880086e-2ff1-46b2-ad87-dd1b5d78d96a,217802768,Commune de Gommecourt (78),false,{78276},Commune,2026-03-24 14:42:09.43682+01,gold_establishments_2025,,,,21780276800010,2025,Collectivité Territoriale,Commune,['Yvelines'],['Île-de-France'],COM,{78},{11}
c8a7e7ad-9101-43c1-a98b-d90e0c49136e,215902651,Commune de Gommegnies (59),false,{59265},Commune,2026-03-24 14:42:04.280096+01,gold_establishments_2025,,,,21590265100011,2025,Collectivité Territoriale,Commune,['Nord'],['Hauts-de-France'],COM,{59},{32}
2623fd07-da32-41b3-9e5c-e789db166aec,212200638,Commune de Gommenec'h (22),false,{22063},Commune,2026-03-24 14:41:55.433389+01,gold_establishments_2025,,,,21220063800014,2025,Collectivité Territoriale,Commune,"[""Côtes-d'Armor""]",['Bretagne'],COM,{22},{53}
097dddbf-5be2-4ec5-98ad-2a4d808d9788,216801076,Commune de Gommersdorf (68),false,{68107},Commune,2026-03-24 14:42:07.195692+01,gold_establishments_2025,,,,21680107600011,2025,Collectivité Territoriale,Commune,['Haut-Rhin'],['Grand Est'],COM,{68},{44}
577b51a7-ed9d-4559-a313-a2978993ffe2,200056489,Commune de Gommerville (28),false,{28183},Commune,2026-03-24 14:41:57.028721+01,gold_establishments_2025,,,,20005648900012,2025,Collectivité Territoriale,Commune,['Eure-et-Loir'],['Centre-Val de Loire'],COM,{28},{24}
507fb01c-dbce-44ce-a2d8-c3f70d47530a,217603034,Commune de Gommerville (76),false,{76303},Commune,2026-03-24 14:42:08.818969+01,gold_establishments_2025,,,,21760303400018,2025,Collectivité Territoriale,Commune,['Seine-Maritime'],['Normandie'],COM,{76},{28}
5f83c171-30e5-401c-b74f-3d49e6279bd1,212103022,Commune de Gomméville (21),false,{21302},Commune,2026-03-24 14:41:55.433389+01,gold_establishments_2025,,,,21210302200019,2025,Collectivité Territoriale,Commune,"[""Côte-d'Or""]",['Bourgogne-Franche-Comté'],COM,{21},{27}
6e568192-9322-4b3b-9b09-2962089797ce,210801783,Commune de Gomont (08),false,{08195},Commune,2026-03-24 14:41:52.562531+01,gold_establishments_2025,,,,21080178300015,2025,Collectivité Territoriale,Commune,['Ardennes'],['Grand Est'],COM,{08},{44}
2aeb9a36-7ca9-47fe-a13d-6f00c18cb3de,213801814,Commune de Goncelin (38),false,{38181},Commune,2026-03-24 14:41:59.160244+01,gold_establishments_2025,,,,21380181400012,2025,Collectivité Territoriale,Commune,['Isère'],['Auvergne-Rhône-Alpes'],COM,{38},{84}
485cd2be-5f47-4970-b9fd-eb36a65802aa,211601547,Commune de Gond-Pontouvre (16),false,{16154},Commune,2026-03-24 14:41:54.362296+01,gold_establishments_2025,,,,21160154700014,2025,Collectivité Territoriale,Commune,['Charente'],['Nouvelle-Aquitaine'],COM,{16},{75}
30096f21-23a6-4b50-89ac-423864bf43bb,215902669,Commune de Gondecourt (59),false,{59266},Commune,2026-03-24 14:42:04.280096+01,gold_establishments_2025,,,,21590266900013,2025,Collectivité Territoriale,Commune,['Nord'],['Hauts-de-France'],COM,{59},{32}
2912f0f4-e814-4f87-9e52-23c9c91bd0f2,212502769,Commune de Gondenans-Montby (25),false,{25276},Commune,2026-03-24 14:41:56.495197+01,gold_establishments_2025,,,,21250276900012,2025,Collectivité Territoriale,Commune,['Doubs'],['Bourgogne-Franche-Comté'],COM,{25},{27}
884758ec-2982-4460-b978-234cbbd9ec0d,212502777,Commune de Gondenans-les-Moulins (25),false,{25277},Commune,2026-03-24 14:41:56.495197+01,gold_establishments_2025,,,,21250277700015,2025,Collectivité Territoriale,Commune,['Doubs'],['Bourgogne-Franche-Comté'],COM,{25},{27}
657537d5-8ce5-4b2a-b473-103c0baaca47,215402314,Commune de Gondrecourt-Aix (54),false,{54231},Commune,2026-03-24 14:42:02.957225+01,gold_establishments_2025,,,,21540231400011,2025,Collectivité Territoriale,Commune,['Meurthe-et-Moselle'],['Grand Est'],COM,{54},{44}
d0abe233-fac1-4201-8184-ecd538e30b9b,215502154,Commune de Gondrecourt-le-Château (55),false,{55215},Commune,2026-03-24 14:42:02.957225+01,gold_establishments_2025,,,,21550215400010,2025,Collectivité Territoriale,Commune,['Meuse'],['Grand Est'],COM,{55},{44}
41dc5800-c99a-41e2-a7c1-509eb6c3c992,214501587,Commune de Gondreville (45),false,{45158},Commune,2026-03-24 14:42:00.862623+01,gold_establishments_2025,,,,21450158700015,2025,Collectivité Territoriale,Commune,['Loiret'],['Centre-Val de Loire'],COM,{45},{24}
b5281cee-9c7d-43cc-9422-fe9466f636c6,215402322,Commune de Gondreville (54),false,{54232},Commune,2026-03-24 14:42:02.957225+01,gold_establishments_2025,,,,21540232200014,2025,Collectivité Territoriale,Commune,['Meurthe-et-Moselle'],['Grand Est'],COM,{54},{44}
ccb6139c-5f9c-4ca5-a57b-94e4b472ba0e,216002766,Commune de Gondreville (60),false,{60279},Commune,2026-03-24 14:42:04.814328+01,gold_establishments_2025,,,,21600276600014,2025,Collectivité Territoriale,Commune,['Oise'],['Hauts-de-France'],COM,{60},{32}
a5c801f3-8035-4253-b52b-50548a6679e4,215702531,Commune de Gondrexange (57),false,{57253},Commune,2026-03-24 14:42:03.701372+01,gold_establishments_2025,,,,21570253100017,2025,Collectivité Territoriale,Commune,['Moselle'],['Grand Est'],COM,{57},{44}
fcbc933e-8954-44c0-9a4f-abc6c13aae64,215402330,Commune de Gondrexon (54),false,{54233},Commune,2026-03-24 14:42:02.957225+01,gold_establishments_2025,,,,21540233000017,2025,Collectivité Territoriale,Commune,['Meurthe-et-Moselle'],['Grand Est'],COM,{54},{44}
24125fff-43f0-427e-87fe-e0c90544ef5c,213201494,Commune de Gondrin (32),false,{32149},Commune,2026-03-24 14:41:58.09424+01,gold_establishments_2025,,,,21320149400019,2025,Collectivité Territoriale,Commune,['Gers'],['Occitanie'],COM,{32},{76}
5344ab93-027c-41ca-9d98-c542f695f039,219502770,Commune de Gonesse (95),false,{95277},Commune,2026-03-24 14:42:11.659493+01,gold_establishments_2025,,,,21950277000015,2025,Collectivité Territoriale,Commune,"[""Val-d'Oise""]",['Île-de-France'],COM,{95},{11}
1a50d522-6033-43ec-bd7a-885472d91b3a,216502047,Commune de Gonez (65),false,{65204},Commune,2026-03-24 14:42:06.665412+01,gold_establishments_2025,,,,21650204700014,2025,Collectivité Territoriale,Commune,['Hautes-Pyrénées'],['Occitanie'],COM,{65},{76}
ffa59cb7-3a9a-4f32-8965-843ecac07222,218300671,Commune de Gonfaron (83),false,{83067},Commune,2026-03-24 14:42:10.508772+01,gold_establishments_2025,,,,21830067100011,2025,Collectivité Territoriale,Commune,['Var'],"[""Provence-Alpes-Côte d'Azur""]",COM,{83},{93}
c2a7f06f-df85-4e76-85fd-187b292a5667,215002080,Commune de Gonfreville (50),false,{50208},Commune,2026-03-24 14:42:01.412377+01,gold_establishments_2025,,,,21500208000012,2025,Collectivité Territoriale,Commune,['Manche'],['Normandie'],COM,{50},{28}
8c9505d3-484c-48b3-b2b9-62f2cd410b14,217603042,Commune de Gonfreville-Caillot (76),false,{76304},Commune,2026-03-24 14:42:08.818969+01,gold_establishments_2025,,,,21760304200011,2025,Collectivité Territoriale,Commune,['Seine-Maritime'],['Normandie'],COM,{76},{28}
57f044b3-626d-4d88-b872-32c7c10344b2,217603059,Commune de Gonfreville-l'Orcher (76),false,{76305},Commune,2026-03-24 14:42:08.818969+01,gold_establishments_2025,,,,21760305900015,2025,Collectivité Territoriale,Commune,['Seine-Maritime'],['Normandie'],COM,{76},{28}
6715e948-021e-4072-9db2-086b82a0d72a,216203760,Commune de Gonnehem (62),false,{62376},Commune,2026-03-24 14:42:05.597325+01,gold_establishments_2025,,,,21620376000014,2025,Collectivité Territoriale,Commune,['Pas-de-Calais'],['Hauts-de-France'],COM,{62},{32}
3a734b1e-e60b-4366-bad4-0998bcb03bcb,215902677,Commune de Gonnelieu (59),false,{59267},Commune,2026-03-24 14:42:04.280096+01,gold_establishments_2025,,,,21590267700016,2025,Collectivité Territoriale,Commune,['Nord'],['Hauts-de-France'],COM,{59},{32}
94f74269-0713-4fb7-b83b-477215dd6698,217603067,Commune de Gonnetot (76),false,{76306},Commune,2026-03-24 14:42:08.818969+01,gold_establishments_2025,,,,21760306700018,2025,Collectivité Territoriale,Commune,['Seine-Maritime'],['Normandie'],COM,{76},{28}
112a5b19-d4fe-4058-95b0-edfe96236544,200057198,Commune de Gonneville-Le Theil (50),false,{50209},Commune,2026-03-24 14:42:01.412377+01,gold_establishments_2025,,,,20005719800018,2025,Collectivité Territoriale,Commune,['Manche'],['Normandie'],COM,{50},{28}
adb2e230-0b2a-4e44-8a4a-89fcb8776ddf,211403068,Commune de Gonneville-en-Auge (14),false,{14306},Commune,2026-03-24 14:41:54.362296+01,gold_establishments_2025,,,,21140306800011,2025,Collectivité Territoriale,Commune,['Calvados'],['Normandie'],COM,{14},{28}
6242c3f1-73d7-41ba-b626-499d7ff2f90c,217603075,Commune de Gonneville-la-Mallet (76),false,{76307},Commune,2026-03-24 14:42:08.818969+01,gold_establishments_2025,,,,21760307500011,2025,Collectivité Territoriale,Commune,['Seine-Maritime'],['Normandie'],COM,{76},{28}
d51d2bb8-5699-4b6a-8241-3d880c29b592,211403043,Commune de Gonneville-sur-Honfleur (14),false,{14304},Commune,2026-03-24 14:41:54.362296+01,gold_establishments_2025,,,,21140304300014,2025,Collectivité Territoriale,Commune,['Calvados'],['Normandie'],COM,{14},{28}
c23878f3-3704-4626-8dcc-6836846fb9ad,211403050,Commune de Gonneville-sur-Mer (14),false,{14305},Commune,2026-03-24 14:41:54.362296+01,gold_establishments_2025,,,,21140305000019,2025,Collectivité Territoriale,Commune,['Calvados'],['Normandie'],COM,{14},{28}
25c821d0-fb85-4e71-9341-e5dffca54b2f,217603083,Commune de Gonneville-sur-Scie (76),false,{76308},Commune,2026-03-24 14:42:08.818969+01,gold_establishments_2025,,,,21760308300015,2025,Collectivité Territoriale,Commune,['Seine-Maritime'],['Normandie'],COM,{76},{28}
393f4d89-7f5f-44c9-992c-46d3ec0d742c,212502785,Commune de Gonsans (25),false,{25278},Commune,2026-03-24 14:41:56.495197+01,gold_establishments_2025,,,,21250278500018,2025,Collectivité Territoriale,Commune,['Doubs'],['Bourgogne-Franche-Comté'],COM,{25},{27}
6f848bf0-73b6-482e-823f-9209e3ec45b4,214701104,Commune de Gontaud-de-Nogaret (47),false,{47110},Commune,2026-03-24 14:42:00.862623+01,gold_establishments_2025,,,,21470110400017,2025,Collectivité Territoriale,Commune,['Lot-et-Garonne'],['Nouvelle-Aquitaine'],COM,{47},{75}
2a6338ae-4c07-4eb6-8d53-de7d262c7fb9,217603091,Commune de Gonzeville (76),false,{76309},Commune,2026-03-24 14:42:08.818969+01,gold_establishments_2025,,,,21760309100018,2025,Collectivité Territoriale,Commune,['Seine-Maritime'],['Normandie'],COM,{76},{28}
e79f1f66-11d6-407e-bc62-41818fdfa3a9,214001133,Commune de Goos (40),false,{40113},Commune,2026-03-24 14:41:59.705606+01,gold_establishments_2025,,,,21400113300013,2025,Collectivité Territoriale,Commune,['Landes'],['Nouvelle-Aquitaine'],COM,{40},{75}
95b31b01-8c56-4604-b896-f77b2f3e6478,210600672,Commune de Gorbio (06),false,{06067},Commune,2026-03-24 14:41:52.562531+01,gold_establishments_2025,,,,21060067200013,2025,Collectivité Territoriale,Commune,['Alpes-Maritimes'],"[""Provence-Alpes-Côte d'Azur""]",COM,{06},{93}
0c43ceb4-a2e6-445e-8f45-8c8c4dd3b5be,215402348,Commune de Gorcy (54),false,{54234},Commune,2026-03-24 14:42:02.957225+01,gold_establishments_2025,,,,21540234800019,2025,Collectivité Territoriale,Commune,['Meurthe-et-Moselle'],['Grand Est'],COM,{54},{44}
aafe0309-a82a-45a9-a750-e398a2ce7072,218400505,Commune de Gordes (84),false,{84050},Commune,2026-03-24 14:42:10.508772+01,gold_establishments_2025,,,,21840050500010,2025,Collectivité Territoriale,Commune,['Vaucluse'],"[""Provence-Alpes-Côte d'Azur""]",COM,{84},{93}
11a6917a-a6ef-493d-a533-fe13dc209a30,218003655,Commune de Gorenflos (80),false,{80380},Commune,2026-03-24 14:42:09.967209+01,gold_establishments_2025,,,,21800365500014,2025,Collectivité Territoriale,Commune,['Somme'],['Hauts-de-France'],COM,{80},{32}
4b0651fa-0c12-4464-aaad-0cc44df5316f,214400640,Commune de Gorges (44),false,{44064},Commune,2026-03-24 14:42:00.273698+01,gold_establishments_2025,,,,21440064000048,2025,Collectivité Territoriale,Commune,['Loire-Atlantique'],['Pays de la Loire'],COM,{44},{52}
9fbe3de2-3e78-47d8-96d8-fca696a6125e,215002106,Commune de Gorges (50),false,{50210},Commune,2026-03-24 14:42:01.412377+01,gold_establishments_2025,,,,21500210600015,2025,Collectivité Territoriale,Commune,['Manche'],['Normandie'],COM,{50},{28}
62a9445c-2cef-4c3b-a17a-0be2a746eaef,218003663,Commune de Gorges (80),false,{80381},Commune,2026-03-24 14:42:09.967209+01,gold_establishments_2025,,,,21800366300018,2025,Collectivité Territoriale,Commune,['Somme'],['Hauts-de-France'],COM,{80},{32}
0ee8c7e6-5ce5-41bb-92c0-3c65ff0b8b68,200063147,Commune de Gorges du Tarn Causses (48),false,{48146},Commune,2026-03-24 14:42:01.412377+01,gold_establishments_2025,,,,20006314700017,2025,Collectivité Territoriale,Commune,['Lozère'],['Occitanie'],COM,{48},{76}
2efc7f26-50e4-4edc-81c5-237cd104aa31,218802106,Commune de Gorhey (88),false,{88210},Commune,2026-03-24 14:42:11.118516+01,gold_establishments_2025,,,,21880210600011,2025,Collectivité Territoriale,Commune,['Vosges'],['Grand Est'],COM,{88},{44}
79e9c728-9b3d-457e-9057-435698862327,213301898,Commune de Gornac (33),false,{33189},Commune,2026-03-24 14:41:58.620411+01,gold_establishments_2025,,,,21330189800010,2025,Collectivité Territoriale,Commune,['Gironde'],['Nouvelle-Aquitaine'],COM,{33},{75}
588a1840-ab30-49a1-853e-0fe72a8a2a19,213401151,Commune de Gorniès (34),false,{34115},Commune,2026-03-24 14:41:58.620411+01,gold_establishments_2025,,,,21340115100013,2025,Collectivité Territoriale,Commune,['Hérault'],['Occitanie'],COM,{34},{76}
cc227ce2-4906-4411-8fa5-6bf19df300ec,218707305,Commune de Gorre (87),false,{87073},Commune,2026-03-24 14:42:11.118516+01,gold_establishments_2025,,,,21870730500015,2025,Collectivité Territoriale,Commune,['Haute-Vienne'],['Nouvelle-Aquitaine'],COM,{87},{75}
121fc93a-b59e-4329-932a-5ad374c7db36,210101754,Commune de Gorrevod (01),false,{01175},Commune,2026-03-24 14:41:51.447482+01,gold_establishments_2025,,,,21010175400013,2025,Collectivité Territoriale,Commune,['Ain'],['Auvergne-Rhône-Alpes'],COM,{01},{84}
fd82cd3d-d83b-44a3-9f2d-157e0c5e53c9,215301078,Commune de Gorron (53),false,{53107},Commune,2026-03-24 14:42:02.957225+01,gold_establishments_2025,,,,21530107800014,2025,Collectivité Territoriale,Commune,['Mayenne'],['Pays de la Loire'],COM,{53},{52}
2c870a1f-7195-4e93-88ed-b53c79078946,214601254,Commune de Gorses (46),false,{46125},Commune,2026-03-24 14:42:00.862623+01,gold_establishments_2025,,,,21460125400011,2025,Collectivité Territoriale,Commune,['Lot'],['Occitanie'],COM,{46},{76}
06b07b1f-1fa9-42a0-91ed-c1da12deaa1f,215702549,Commune de Gorze (57),false,{57254},Commune,2026-03-24 14:42:03.701372+01,gold_establishments_2025,,,,21570254900019,2025,Collectivité Territoriale,Commune,['Moselle'],['Grand Est'],COM,{57},{44}
381bb713-1d96-4816-9241-54e46d94bb42,216203778,Commune de Gosnay (62),false,{62377},Commune,2026-03-24 14:42:05.597325+01,gold_establishments_2025,,,,21620377800016,2025,Collectivité Territoriale,Commune,['Pas-de-Calais'],['Hauts-de-France'],COM,{62},{32}
84bd4985-ac55-44c1-8748-314892489da9,213501216,Commune de Gosné (35),false,{35121},Commune,2026-03-24 14:41:58.620411+01,gold_establishments_2025,,,,21350121600013,2025,Collectivité Territoriale,Commune,['Ille-et-Vilaine'],['Bretagne'],COM,{35},{53}
c9f3aa2f-3072-4df6-ab46-86766615b254,215702556,Commune de Gosselming (57),false,{57255},Commune,2026-03-24 14:42:03.701372+01,gold_establishments_2025,,,,21570255600014,2025,Collectivité Territoriale,Commune,['Moselle'],['Grand Est'],COM,{57},{44}
aa4ad641-b235-4a19-884b-5ba45bee3992,216402479,Commune de Gotein-Libarrenx (64),false,{64247},Commune,2026-03-24 14:42:06.130387+01,gold_establishments_2025,,,,21640247900010,2025,Collectivité Territoriale,Commune,['Pyrénées-Atlantiques'],['Nouvelle-Aquitaine'],COM,{64},{75}
b547f576-cef8-49ad-8666-31c09cf15d1e,216701615,Commune de Gottenhouse (67),false,{67161},Commune,2026-03-24 14:42:07.195692+01,gold_establishments_2025,,,,21670161500017,2025,Collectivité Territoriale,Commune,['Bas-Rhin'],['Grand Est'],COM,{67},{44}
5b07000a-b708-45b7-95f8-8f85dfc3fe34,216701623,Commune de Gottesheim (67),false,{67162},Commune,2026-03-24 14:42:07.195692+01,gold_establishments_2025,,,,21670162300011,2025,Collectivité Territoriale,Commune,['Bas-Rhin'],['Grand Est'],COM,{67},{44}
a448fa12-f9bf-451e-85bf-be0d48e3d43e,217702083,Commune de Gouaix (77),false,{77208},Commune,2026-03-24 14:42:09.43682+01,gold_establishments_2025,,,,21770208300015,2025,Collectivité Territoriale,Commune,['Seine-et-Marne'],['Île-de-France'],COM,{77},{11}
84e459d2-6ca3-4a0b-b62d-cb41323e0af5,213301906,Commune de Goualade (33),false,{33190},Commune,2026-03-24 14:41:58.620411+01,gold_establishments_2025,,,,21330190600011,2025,Collectivité Territoriale,Commune,['Gironde'],['Nouvelle-Aquitaine'],COM,{33},{75}
7e00d314-ecf4-46d9-bea2-fa90a821e110,212200646,Commune de Gouarec (22),false,{22064},Commune,2026-03-24 14:41:55.433389+01,gold_establishments_2025,,,,21220064600058,2025,Collectivité Territoriale,Commune,"[""Côtes-d'Armor""]",['Bretagne'],COM,{22},{53}
01bbbd75-0dd7-42d0-b8eb-51fa995176e0,216502054,Commune de Gouaux (65),false,{65205},Commune,2026-03-24 14:42:06.665412+01,gold_establishments_2025,,,,21650205400010,2025,Collectivité Territoriale,Commune,['Hautes-Pyrénées'],['Occitanie'],COM,{65},{76}
82ff9e25-a121-4bac-af91-5e6241bfad0c,213102213,Commune de Gouaux-de-Larboust (31),false,{31221},Commune,2026-03-24 14:41:58.09424+01,gold_establishments_2025,,,,21310221300013,2025,Collectivité Territoriale,Commune,['Haute-Garonne'],['Occitanie'],COM,{31},{76}
0c0a0184-faa4-4279-84c7-ab299133f9cb,213102221,Commune de Gouaux-de-Luchon (31),false,{31222},Commune,2026-03-24 14:41:58.09424+01,gold_establishments_2025,,,,21310222100016,2025,Collectivité Territoriale,Commune,['Haute-Garonne'],['Occitanie'],COM,{31},{76}
09d11d56-ca5b-4c82-a20a-0bfbee522846,213001316,Commune de Goudargues (30),false,{30131},Commune,2026-03-24 14:41:57.56054+01,gold_establishments_2025,,,,21300131600073,2025,Collectivité Territoriale,Commune,['Gard'],['Occitanie'],COM,{30},{76}
02bb0e0b-1eae-4f47-999d-7b9f78fc8300,210203303,Commune de Goudelancourt-lès-Berrieux (02),false,{02349},Commune,2026-03-24 14:41:52.020251+01,gold_establishments_2025,,,,21020330300016,2025,Collectivité Territoriale,Commune,['Aisne'],['Hauts-de-France'],COM,{02},{32}
5f3da0b2-6cfb-4e19-aa67-63009805d2c4,210203311,Commune de Goudelancourt-lès-Pierrepont (02),false,{02350},Commune,2026-03-24 14:41:52.020251+01,gold_establishments_2025,,,,21020331100019,2025,Collectivité Territoriale,Commune,['Aisne'],['Hauts-de-France'],COM,{02},{32}
c677db5c-fe90-480a-bed9-61875d6134dd,212200653,Commune de Goudelin (22),false,{22065},Commune,2026-03-24 14:41:55.433389+01,gold_establishments_2025,,,,21220065300013,2025,Collectivité Territoriale,Commune,"[""Côtes-d'Armor""]",['Bretagne'],COM,{22},{53}
70e03843-773c-43a2-a6ec-a1bfdc7188c4,214301012,Commune de Goudet (43),false,{43101},Commune,2026-03-24 14:42:00.273698+01,gold_establishments_2025,,,,21430101200016,2025,Collectivité Territoriale,Commune,['Haute-Loire'],['Auvergne-Rhône-Alpes'],COM,{43},{84}
a6af4eb0-88c0-4dcb-81e7-379abca57cb7,213102239,Commune de Goudex (31),false,{31223},Commune,2026-03-24 14:41:58.09424+01,gold_establishments_2025,,,,21310223900018,2025,Collectivité Territoriale,Commune,['Haute-Garonne'],['Occitanie'],COM,{31},{76}
2be58c79-e06f-4306-bae8-7debb4e3e754,216502062,Commune de Goudon (65),false,{65206},Commune,2026-03-24 14:42:06.665412+01,gold_establishments_2025,,,,21650206200013,2025,Collectivité Territoriale,Commune,['Hautes-Pyrénées'],['Occitanie'],COM,{65},{76}
e864c49a-8a6a-4436-a170-823c8c15a60f,218200731,Commune de Goudourville (82),false,{82073},Commune,2026-03-24 14:42:10.508772+01,gold_establishments_2025,,,,21820073100014,2025,Collectivité Territoriale,Commune,['Tarn-et-Garonne'],['Occitanie'],COM,{82},{76}
4927586f-9c3b-4c2e-a215-d7b009e5db24,212900609,Commune de Gouesnach (29),false,{29060},Commune,2026-03-24 14:41:57.028721+01,gold_establishments_2025,,,,21290060900018,2025,Collectivité Territoriale,Commune,['Finistère'],['Bretagne'],COM,{29},{53}
98e5cda9-fb27-4820-9e61-01a30e6c7508,212900617,Commune de Gouesnou (29),false,{29061},Commune,2026-03-24 14:41:57.028721+01,gold_establishments_2025,,,,21290061700011,2025,Collectivité Territoriale,Commune,['Finistère'],['Bretagne'],COM,{29},{53}
a926bf34-dc6a-4dcd-b97e-95e9a1a48a9c,218601078,Commune de Gouex (86),false,{86107},Commune,2026-03-24 14:42:10.508772+01,gold_establishments_2025,,,,21860107800015,2025,Collectivité Territoriale,Commune,['Vienne'],['Nouvelle-Aquitaine'],COM,{86},{75}
81743b9d-69ab-4b6e-8f02-7b8c25b7d1bc,200066256,Commune de Gouffern en Auge (61),false,{61474},Commune,2026-03-24 14:42:05.597325+01,gold_establishments_2025,,,,20006625600013,2025,Collectivité Territoriale,Commune,['Orne'],['Normandie'],COM,{61},{28}
4710bd71-61d4-472a-b2f9-1fce3800952e,216701631,Commune de Gougenheim (67),false,{67163},Commune,2026-03-24 14:42:07.195692+01,gold_establishments_2025,,,,21670163100014,2025,Collectivité Territoriale,Commune,['Bas-Rhin'],['Grand Est'],COM,{67},{44}
f51da08a-a622-424d-9376-cb000d2d659b,212502793,Commune de Gouhelans (25),false,{25279},Commune,2026-03-24 14:41:56.495197+01,gold_establishments_2025,,,,21250279300012,2025,Collectivité Territoriale,Commune,['Doubs'],['Bourgogne-Franche-Comté'],COM,{25},{27}
39d15c70-9b4c-4544-93cb-b23708ec76fc,217002716,Commune de Gouhenans (70),false,{70271},Commune,2026-03-24 14:42:07.735343+01,gold_establishments_2025,,,,21700271600017,2025,Collectivité Territoriale,Commune,['Haute-Saône'],['Bourgogne-Franche-Comté'],COM,{70},{27}
9eeb6387-bad2-44ef-81f9-41fcef756473,212801849,Commune de Gouillons (28),false,{28184},Commune,2026-03-24 14:41:57.028721+01,gold_establishments_2025,,,,21280184900010,2025,Collectivité Territoriale,Commune,['Eure-et-Loir'],['Centre-Val de Loire'],COM,{28},{24}
82a55cab-3c4f-4821-b4e7-6e7e05434b48,210301248,Commune de Gouise (03),false,{03124},Commune,2026-03-24 14:41:52.020251+01,gold_establishments_2025,,,,21030124800014,2025,Collectivité Territoriale,Commune,['Allier'],['Auvergne-Rhône-Alpes'],COM,{03},{84}
c4e7dd56-a1ac-490f-8d44-7bd1f0ea52db,214601262,Commune de Goujounac (46),false,{46126},Commune,2026-03-24 14:42:00.862623+01,gold_establishments_2025,,,,21460126200014,2025,Collectivité Territoriale,Commune,['Lot'],['Occitanie'],COM,{46},{76}
327a0853-0d8c-4ca4-9a7b-734d4981a930,212900633,Commune de Goulien (29),false,{29063},Commune,2026-03-24 14:41:57.028721+01,gold_establishments_2025,,,,21290063300018,2025,Collectivité Territoriale,Commune,['Finistère'],['Bretagne'],COM,{29},{53}
67494a30-220c-4d8a-8983-030b499fa776,211908603,Commune de Goulles (19),false,{19086},Commune,2026-03-24 14:41:54.903238+01,gold_establishments_2025,,,,21190860300015,2025,Collectivité Territoriale,Commune,['Corrèze'],['Nouvelle-Aquitaine'],COM,{19},{75}
a71b387f-5393-4fda-9b21-18744695919a,215801291,Commune de Gouloux (58),false,{58129},Commune,2026-03-24 14:42:04.280096+01,gold_establishments_2025,,,,21580129100018,2025,Collectivité Territoriale,Commune,['Nièvre'],['Bourgogne-Franche-Comté'],COM,{58},{27}
fe386220-6305-43ab-88af-dbc1e6b59d2e,218400513,Commune de Goult (84),false,{84051},Commune,2026-03-24 14:42:10.508772+01,gold_establishments_2025,,,,21840051300014,2025,Collectivité Territoriale,Commune,['Vaucluse'],"[""Provence-Alpes-Côte d'Azur""]",COM,{84},{93}
e0b22e8f-7634-47aa-8a25-f13a37f275e2,212900641,Commune de Goulven (29),false,{29064},Commune,2026-03-24 14:41:57.028721+01,gold_establishments_2025,,,,21290064100011,2025,Collectivité Territoriale,Commune,['Finistère'],['Bretagne'],COM,{29},{53}
8fcd77a0-9a38-4d03-982b-0058d7b4f1df,212502801,Commune de Goumois (25),false,{25280},Commune,2026-03-24 14:41:56.495197+01,gold_establishments_2025,,,,21250280100112,2025,Collectivité Territoriale,Commune,['Doubs'],['Bourgogne-Franche-Comté'],COM,{25},{27}
d442abc0-a7f4-4512-a408-360ed4677af5,200076461,Commune de Goupil-Othon (27),false,{27290},Commune,2026-03-24 14:41:57.028721+01,gold_establishments_2025,,,,20007646100017,2025,Collectivité Territoriale,Commune,['Eure'],['Normandie'],COM,{27},{28}
d8e1bc93-026f-466b-b5b2-75d69b1f1566,217603117,Commune de Goupillières (76),false,{76311},Commune,2026-03-24 14:42:08.818969+01,gold_establishments_2025,,,,21760311700011,2025,Collectivité Territoriale,Commune,['Seine-Maritime'],['Normandie'],COM,{76},{28}
f0f3e6c3-1263-424b-8a9c-03a556475518,217802784,Commune de Goupillières (78),false,{78278},Commune,2026-03-24 14:42:09.43682+01,gold_establishments_2025,,,,21780278400017,2025,Collectivité Territoriale,Commune,['Yvelines'],['Île-de-France'],COM,{78},{11}
72ef8a39-64a1-4f05-9ec3-bcc6d1d39d0c,215502162,Commune de Gouraincourt (55),false,{55216},Commune,2026-03-24 14:42:02.957225+01,gold_establishments_2025,,,,21550216200013,2025,Collectivité Territoriale,Commune,['Meuse'],['Grand Est'],COM,{55},{44}
6317ef52-2169-453f-a7fb-d75c5a1fb643,214001141,Commune de Gourbera (40),false,{40114},Commune,2026-03-24 14:41:59.705606+01,gold_establishments_2025,,,,21400114100016,2025,Collectivité Territoriale,Commune,['Landes'],['Nouvelle-Aquitaine'],COM,{40},{75}
b89652ae-c480-4e04-b380-c57021d4f8f9,219711090,Commune de Gourbeyre (971),false,{97109},Commune,2026-03-24 14:42:11.659493+01,gold_establishments_2025,,,,21971109000015,2025,Collectivité Territoriale,Commune,['Guadeloupe'],['Guadeloupe'],COM,{971},{01}
57528752-8f7b-46ff-a3e6-f4e01898fe1a,210901369,Commune de Gourbit (09),false,{09136},Commune,2026-03-24 14:41:53.095366+01,gold_establishments_2025,,,,21090136900012,2025,Collectivité Territoriale,Commune,['Ariège'],['Occitanie'],COM,{09},{76}
c4d7c25e-0543-4ead-a9ac-15f7ceedaab3,216002774,Commune de Gourchelles (60),false,{60280},Commune,2026-03-24 14:42:04.814328+01,gold_establishments_2025,,,,21600277400018,2025,Collectivité Territoriale,Commune,['Oise'],['Hauts-de-France'],COM,{60},{32}
485b1e51-40f4-41ec-9202-46c4f393e318,213102247,Commune de Gourdan-Polignan (31),false,{31224},Commune,2026-03-24 14:41:58.09424+01,gold_establishments_2025,,,,21310224700011,2025,Collectivité Territoriale,Commune,['Haute-Garonne'],['Occitanie'],COM,{31},{76}
76617e3a-8dab-4acd-bff9-4d30939eaa8d,211500772,Commune de Gourdièges (15),false,{15077},Commune,2026-03-24 14:41:54.362296+01,gold_establishments_2025,,,,21150077200010,2025,Collectivité Territoriale,Commune,['Cantal'],['Auvergne-Rhône-Alpes'],COM,{15},{84}
3e34e9f8-1930-4078-aff9-0b0f76b9e7c8,210600680,Commune de Gourdon (06),false,{06068},Commune,2026-03-24 14:41:52.562531+01,gold_establishments_2025,,,,21060068000016,2025,Collectivité Territoriale,Commune,['Alpes-Maritimes'],"[""Provence-Alpes-Côte d'Azur""]",COM,{06},{93}
cd29bd8f-a186-4cc4-b4d4-61ba77b7787b,210700985,Commune de Gourdon (07),false,{07098},Commune,2026-03-24 14:41:52.562531+01,gold_establishments_2025,,,,21070098500018,2025,Collectivité Territoriale,Commune,['Ardèche'],['Auvergne-Rhône-Alpes'],COM,{07},{84}
885e8801-da5b-4e78-9f43-ab47072a80a9,214601270,Commune de Gourdon (46),false,{46127},Commune,2026-03-24 14:42:00.862623+01,gold_establishments_2025,,,,21460127000017,2025,Collectivité Territoriale,Commune,['Lot'],['Occitanie'],COM,{46},{76}
ed4444c3-6b93-4f0d-90d4-8609fbde94a7,217102227,Commune de Gourdon (71),false,{71222},Commune,2026-03-24 14:42:07.735343+01,gold_establishments_2025,,,,21710222700014,2025,Collectivité Territoriale,Commune,['Saône-et-Loire'],['Bourgogne-Franche-Comté'],COM,{71},{27}
8c949a71-39fb-4926-81a6-9982ae17c64f,211908702,Commune de Gourdon-Murat (19),false,{19087},Commune,2026-03-24 14:41:54.903238+01,gold_establishments_2025,,,,21190870200015,2025,Collectivité Territoriale,Commune,['Corrèze'],['Nouvelle-Aquitaine'],COM,{19},{75}
adcd6b86-0bc0-43e0-8cd1-75c2a4155a40,215102575,Commune de Gourgançon (51),false,{51276},Commune,2026-03-24 14:42:01.954481+01,gold_establishments_2025,,,,21510257500010,2025,Collectivité Territoriale,Commune,['Marne'],['Grand Est'],COM,{51},{44}
1fe2612b-4984-4960-908a-cbcef847a7f8,217002724,Commune de Gourgeon (70),false,{70272},Commune,2026-03-24 14:42:07.735343+01,gold_establishments_2025,,,,21700272400011,2025,Collectivité Territoriale,Commune,['Haute-Saône'],['Bourgogne-Franche-Comté'],COM,{70},{27}
d6a48aa5-13db-4dbe-97d7-85a5081568b2,216502070,Commune de Gourgue (65),false,{65207},Commune,2026-03-24 14:42:06.665412+01,gold_establishments_2025,,,,21650207000016,2025,Collectivité Territoriale,Commune,['Hautes-Pyrénées'],['Occitanie'],COM,{65},{76}
34f39705-bfd3-447a-b449-4bc85a41b50f,217901354,Commune de Gourgé (79),false,{79135},Commune,2026-03-24 14:42:09.43682+01,gold_establishments_2025,,,,21790135400019,2025,Collectivité Territoriale,Commune,['Deux-Sèvres'],['Nouvelle-Aquitaine'],COM,{79},{75}
3a903660-1db0-4e2e-ae11-832bbdc174a8,215600651,Commune de Gourhel (56),false,{56065},Commune,2026-03-24 14:42:03.701372+01,gold_establishments_2025,,,,21560065100016,2025,Collectivité Territoriale,Commune,['Morbihan'],['Bretagne'],COM,{56},{53}
a31421e7-5b1a-4ae3-97dc-2064e0e596ff,215600669,Commune de Gourin (56),false,{56066},Commune,2026-03-24 14:42:03.701372+01,gold_establishments_2025,,,,21560066900018,2025,Collectivité Territoriale,Commune,['Morbihan'],['Bretagne'],COM,{56},{53}
a7af3c67-e373-4ec6-8cc6-38a10c59a4a7,212900658,Commune de Gourlizon (29),false,{29065},Commune,2026-03-24 14:41:57.028721+01,gold_establishments_2025,,,,21290065800015,2025,Collectivité Territoriale,Commune,['Finistère'],['Bretagne'],COM,{29},{53}
15e75cb2-c974-4778-91f5-d414a9631fa5,213600844,Commune de Gournay (36),false,{36084},Commune,2026-03-24 14:41:59.160244+01,gold_establishments_2025,,,,21360084400012,2025,Collectivité Territoriale,Commune,['Indre'],['Centre-Val de Loire'],COM,{36},{24}
01f5ad47-ae0f-4add-bdf3-4cdb7aaa366c,217603125,Commune de Gournay-en-Bray (76),false,{76312},Commune,2026-03-24 14:42:08.818969+01,gold_establishments_2025,,,,21760312500014,2025,Collectivité Territoriale,Commune,['Seine-Maritime'],['Normandie'],COM,{76},{28}
3ff0c039-a6c8-418e-8cb6-f2b578a77202,212702914,Commune de Gournay-le-Guérin (27),false,{27291},Commune,2026-03-24 14:41:57.028721+01,gold_establishments_2025,,,,21270291400012,2025,Collectivité Territoriale,Commune,['Eure'],['Normandie'],COM,{27},{28}
a56f71f5-0637-46b0-8593-147016cf2a7f,216002782,Commune de Gournay-sur-Aronde (60),false,{60281},Commune,2026-03-24 14:42:04.814328+01,gold_establishments_2025,,,,21600278200052,2025,Collectivité Territoriale,Commune,['Oise'],['Hauts-de-France'],COM,{60},{32}
ea8c2551-281e-4274-84b6-32692fa9e9bb,219300332,Commune de Gournay-sur-Marne (93),false,{93033},Commune,2026-03-24 14:42:11.659493+01,gold_establishments_2025,,,,21930033200018,2025,Collectivité Territoriale,Commune,['Seine-Saint-Denis'],['Île-de-France'],COM,{93},{11}
758a4ee9-2184-4c5f-ba91-a0ca768139a5,213301914,Commune de Gours (33),false,{33191},Commune,2026-03-24 14:41:58.620411+01,gold_establishments_2025,,,,21330191400015,2025,Collectivité Territoriale,Commune,['Gironde'],['Nouvelle-Aquitaine'],COM,{33},{75}
4fb7bdc6-107f-4bd9-b686-528dc3b4ca3e,211101662,Commune de Gourvieille (11),false,{11166},Commune,2026-03-24 14:41:53.63825+01,gold_establishments_2025,,,,21110166200016,2025,Collectivité Territoriale,Commune,['Aude'],['Occitanie'],COM,{11},{76}
c62c751f-f9ff-4372-bb01-e3f597dbb3d6,211701800,Commune de Gourvillette (17),false,{17180},Commune,2026-03-24 14:41:54.903238+01,gold_establishments_2025,,,,21170180000016,2025,Collectivité Territoriale,Commune,['Charente-Maritime'],['Nouvelle-Aquitaine'],COM,{17},{75}
ec8805f7-a9c9-492a-a7fc-1f1eb790ba76,215502170,Commune de Goussaincourt (55),false,{55217},Commune,2026-03-24 14:42:02.957225+01,gold_establishments_2025,,,,21550217000016,2025,Collectivité Territoriale,Commune,['Meuse'],['Grand Est'],COM,{55},{44}
5d0f45de-e1ae-4cb3-a785-37fde7b83fd2,200048783,Commune de Goussainville (28),false,{28185},Commune,2026-03-24 14:41:57.028721+01,gold_establishments_2025,,,,20004878300019,2025,Collectivité Territoriale,Commune,['Eure-et-Loir'],['Centre-Val de Loire'],COM,{28},{24}
5a653887-4d30-43e2-a8c1-313e287db21b,219502804,Commune de Goussainville (95),false,{95280},Commune,2026-03-24 14:42:11.659493+01,gold_establishments_2025,,,,21950280400012,2025,Collectivité Territoriale,Commune,"[""Val-d'Oise""]",['Île-de-France'],COM,{95},{11}
1998f0ac-e040-42cd-996b-d39805b84ff9,210203329,Commune de Goussancourt (02),false,{02351},Commune,2026-03-24 14:41:52.020251+01,gold_establishments_2025,,,,21020332900011,2025,Collectivité Territoriale,Commune,['Aisne'],['Hauts-de-France'],COM,{02},{32}
d9ea247f-e470-45c8-8c81-8d616ef1525f,214001158,Commune de Gousse (40),false,{40115},Commune,2026-03-24 14:41:59.705606+01,gold_establishments_2025,,,,21400115800010,2025,Collectivité Territoriale,Commune,['Landes'],['Nouvelle-Aquitaine'],COM,{40},{75}
54bbbd42-4633-4896-a7e1-25e5e2eac6d3,217802818,Commune de Goussonville (78),false,{78281},Commune,2026-03-24 14:42:09.43682+01,gold_establishments_2025,,,,21780281800013,2025,Collectivité Territoriale,Commune,['Yvelines'],['Île-de-France'],COM,{78},{11}
1370983f-38d8-4dd4-bae2-dec692231555,211403084,Commune de Goustranville (14),false,{14308},Commune,2026-03-24 14:41:54.362296+01,gold_establishments_2025,,,,21140308400018,2025,Collectivité Territoriale,Commune,['Calvados'],['Normandie'],COM,{14},{28}
610f3cc4-a2f3-48ee-b0c5-523ce9595fce,212401996,Commune de Gout-Rossignol (24),false,{24199},Commune,2026-03-24 14:41:55.958138+01,gold_establishments_2025,,,,21240199600013,2025,Collectivité Territoriale,Commune,['Dordogne'],['Nouvelle-Aquitaine'],COM,{24},{75}
b18cfee7-3886-4295-a646-168157d2d4f5,213102254,Commune de Goutevernisse (31),false,{31225},Commune,2026-03-24 14:41:58.09424+01,gold_establishments_2025,,,,21310225400017,2025,Collectivité Territoriale,Commune,['Haute-Garonne'],['Occitanie'],COM,{31},{76}
ea359636-ddd2-4599-8802-76d1f0099af9,211201116,Commune de Goutrens (12),false,{12111},Commune,2026-03-24 14:41:53.63825+01,gold_establishments_2025,,,,21120111600012,2025,Collectivité Territoriale,Commune,['Aveyron'],['Occitanie'],COM,{12},{76}
2ddec610-6b9c-45ea-829a-0471acc0626e,214001166,Commune de Gouts (40),false,{40116},Commune,2026-03-24 14:41:59.705606+01,gold_establishments_2025,,,,21400116600013,2025,Collectivité Territoriale,Commune,['Landes'],['Nouvelle-Aquitaine'],COM,{40},{75}
3ea367de-b7d9-4d79-9e30-80cd785c17f7,216301713,Commune de Gouttières (63),false,{63171},Commune,2026-03-24 14:42:06.130387+01,gold_establishments_2025,,,,21630171300014,2025,Collectivité Territoriale,Commune,['Puy-de-Dôme'],['Auvergne-Rhône-Alpes'],COM,{63},{84}
5c61c58a-bd62-4f49-857d-2a5f83114dd3,213201502,Commune de Goutz (32),false,{32150},Commune,2026-03-24 14:41:58.09424+01,gold_establishments_2025,,,,21320150200019,2025,Collectivité Territoriale,Commune,['Gers'],['Occitanie'],COM,{32},{76}
34140f7f-6491-4521-91fc-8ce4dc60a9da,217702091,Commune de Gouvernes (77),false,{77209},Commune,2026-03-24 14:42:09.43682+01,gold_establishments_2025,,,,21770209100018,2025,Collectivité Territoriale,Commune,['Seine-et-Marne'],['Île-de-France'],COM,{77},{11}
9bf4c686-09eb-42f0-bcd1-5321d4e95fe9,216203786,Commune de Gouves (62),false,{62378},Commune,2026-03-24 14:42:05.597325+01,gold_establishments_2025,,,,21620378600019,2025,Collectivité Territoriale,Commune,['Pas-de-Calais'],['Hauts-de-France'],COM,{62},{32}
942ca8b7-6f3d-4b70-b277-2acc8fcd7e96,215002148,Commune de Gouvets (50),false,{50214},Commune,2026-03-24 14:42:01.412377+01,gold_establishments_2025,,,,21500214800017,2025,Collectivité Territoriale,Commune,['Manche'],['Normandie'],COM,{50},{28}
2175eafc-f027-4710-ad71-80c42fd5402f,216002790,Commune de Gouvieux (60),false,{60282},Commune,2026-03-24 14:42:04.814328+01,gold_establishments_2025,,,,21600279000014,2025,Collectivité Territoriale,Commune,['Oise'],['Hauts-de-France'],COM,{60},{32}
e171a4a3-7070-419b-aeaf-8a4ce1190909,200085405,Commune de Gouville-sur-Mer (50),false,{50215},Commune,2026-03-24 14:42:01.412377+01,gold_establishments_2025,,,,20008540500013,2025,Collectivité Territoriale,Commune,['Manche'],['Normandie'],COM,{50},{28}
3b90d2f3-ab21-4623-8c45-6b79612c23f2,211403092,Commune de Gouvix (14),false,{14309},Commune,2026-03-24 14:41:54.362296+01,gold_establishments_2025,,,,21140309200011,2025,Collectivité Territoriale,Commune,['Calvados'],['Normandie'],COM,{14},{28}
358bd07c-27e0-4225-9a5a-9e0540c59f96,213201510,Commune de Goux (32),false,{32151},Commune,2026-03-24 14:41:58.09424+01,gold_establishments_2025,,,,21320151000012,2025,Collectivité Territoriale,Commune,['Gers'],['Occitanie'],COM,{32},{76}
b9e2d095-2d52-4cee-8901-deb65df3da09,212502819,Commune de Goux-lès-Dambelin (25),false,{25281},Commune,2026-03-24 14:41:56.495197+01,gold_establishments_2025,,,,21250281900015,2025,Collectivité Territoriale,Commune,['Doubs'],['Bourgogne-Franche-Comté'],COM,{25},{27}
be320123-731c-470d-8f0a-ef5a15f97e70,212502835,Commune de Goux-sous-Landet (25),false,{25283},Commune,2026-03-24 14:41:56.495197+01,gold_establishments_2025,,,,21250283500011,2025,Collectivité Territoriale,Commune,['Doubs'],['Bourgogne-Franche-Comté'],COM,{25},{27}
d96f8d4b-10e2-4006-9bdc-60b145b2a867,210203337,Commune de Gouy (02),false,{02352},Commune,2026-03-24 14:41:52.020251+01,gold_establishments_2025,,,,21020333700014,2025,Collectivité Territoriale,Commune,['Aisne'],['Hauts-de-France'],COM,{02},{32}
b476833d-0e7f-44db-9f4e-910a379d668f,217603133,Commune de Gouy (76),false,{76313},Commune,2026-03-24 14:42:08.818969+01,gold_establishments_2025,,,,21760313300018,2025,Collectivité Territoriale,Commune,['Seine-Maritime'],['Normandie'],COM,{76},{28}
669f896d-607b-4f07-bbda-02b55808e00f,216203828,Commune de Gouy-Saint-André (62),false,{62382},Commune,2026-03-24 14:42:05.597325+01,gold_establishments_2025,,,,21620382800019,2025,Collectivité Territoriale,Commune,['Pas-de-Calais'],['Hauts-de-France'],COM,{62},{32}
d6feab62-ee80-424a-b8c8-8f21c9a0212a,216203802,Commune de Gouy-Servins (62),false,{62380},Commune,2026-03-24 14:42:05.597325+01,gold_establishments_2025,,,,21620380200014,2025,Collectivité Territoriale,Commune,['Pas-de-Calais'],['Hauts-de-France'],COM,{62},{32}
dfb3c808-e4e3-4fc9-a552-50d3e36fc5a0,216203794,Commune de Gouy-en-Artois (62),false,{62379},Commune,2026-03-24 14:42:05.597325+01,gold_establishments_2025,,,,21620379400013,2025,Collectivité Territoriale,Commune,['Pas-de-Calais'],['Hauts-de-France'],COM,{62},{32}
4cb33197-a513-439c-bf76-d5ca2785ed34,216203810,Commune de Gouy-en-Ternois (62),false,{62381},Commune,2026-03-24 14:42:05.597325+01,gold_establishments_2025,,,,21620381000017,2025,Collectivité Territoriale,Commune,['Pas-de-Calais'],['Hauts-de-France'],COM,{62},{32}
4c75d9d5-e294-48d4-95c2-0e9f5a3f4483,216002808,Commune de Gouy-les-Groseillers (60),false,{60283},Commune,2026-03-24 14:42:04.814328+01,gold_establishments_2025,,,,21600280800014,2025,Collectivité Territoriale,Commune,['Oise'],['Hauts-de-France'],COM,{60},{32}
3a61abf6-30ae-43bd-87cc-e5a0ca766a20,216203836,Commune de Gouy-sous-Bellonne (62),false,{62383},Commune,2026-03-24 14:42:05.597325+01,gold_establishments_2025,,,,21620383600053,2025,Collectivité Territoriale,Commune,['Pas-de-Calais'],['Hauts-de-France'],COM,{62},{32}
62f07046-17c7-4648-b59c-3039ef46405d,215902693,Commune de Gouzeaucourt (59),false,{59269},Commune,2026-03-24 14:42:04.280096+01,gold_establishments_2025,,,,21590269300013,2025,Collectivité Territoriale,Commune,['Nord'],['Hauts-de-France'],COM,{59},{32}
3ccee058-448e-4993-bb28-2874a68b5335,213102262,Commune de Gouzens (31),false,{31226},Commune,2026-03-24 14:41:58.09424+01,gold_establishments_2025,,,,21310226200010,2025,Collectivité Territoriale,Commune,['Haute-Garonne'],['Occitanie'],COM,{31},{76}
d7bcc772-07f2-4b8f-972f-84434f647541,212309306,Commune de Gouzon (23),false,{23093},Commune,2026-03-24 14:41:55.958138+01,gold_establishments_2025,,,,21230930600018,2025,Collectivité Territoriale,Commune,['Creuse'],['Nouvelle-Aquitaine'],COM,{23},{75}
787474f6-eafe-4f1c-a3ff-f1b30db01bbe,212900625,Commune de Gouézec (29),false,{29062},Commune,2026-03-24 14:41:57.028721+01,gold_establishments_2025,,,,21290062500063,2025,Collectivité Territoriale,Commune,['Finistère'],['Bretagne'],COM,{29},{53}
7726f3b7-4be8-4c10-8448-746a584468bc,213501232,Commune de Goven (35),false,{35123},Commune,2026-03-24 14:41:58.620411+01,gold_establishments_2025,,,,21350123200010,2025,Collectivité Territoriale,Commune,['Ille-et-Vilaine'],['Bretagne'],COM,{35},{53}
2158f05d-4610-428e-947a-636ca8b77556,215402355,Commune de Goviller (54),false,{54235},Commune,2026-03-24 14:42:02.957225+01,gold_establishments_2025,,,,21540235500055,2025,Collectivité Territoriale,Commune,['Meurthe-et-Moselle'],['Grand Est'],COM,{54},{44}
ab544a9c-ddb0-4027-b36d-b9c77c8db023,216701649,Commune de Goxwiller (67),false,{67164},Commune,2026-03-24 14:42:07.195692+01,gold_establishments_2025,,,,21670164900016,2025,Collectivité Territoriale,Commune,['Bas-Rhin'],['Grand Est'],COM,{67},{44}
f285f319-a2d6-4bd4-b2c4-eb51834a3ad3,219711140,Commune de Goyave (971),false,{97114},Commune,2026-03-24 14:42:11.659493+01,gold_establishments_2025,,,,21971114000018,2025,Collectivité Territoriale,Commune,['Guadeloupe'],['Guadeloupe'],COM,{971},{01}
c0775dfa-6f68-446a-97af-6f09a891cdcb,218003671,Commune de Goyencourt (80),false,{80383},Commune,2026-03-24 14:42:09.967209+01,gold_establishments_2025,,,,21800367100011,2025,Collectivité Territoriale,Commune,['Somme'],['Hauts-de-France'],COM,{80},{32}
c55f3012-329b-41f3-95ea-69c85b56d8ff,213102270,Commune de Goyrans (31),false,{31227},Commune,2026-03-24 14:41:58.09424+01,gold_establishments_2025,,,,21310227000013,2025,Collectivité Territoriale,Commune,['Haute-Garonne'],['Occitanie'],COM,{31},{76}
0ea0d78b-f72e-4959-83fb-eb1875e4f79e,216402453,Commune de Goès (64),false,{64245},Commune,2026-03-24 14:42:06.130387+01,gold_establishments_2025,,,,21640245300015,2025,Collectivité Territoriale,Commune,['Pyrénées-Atlantiques'],['Nouvelle-Aquitaine'],COM,{64},{75}
81531ff4-74a0-44ad-af22-7adfc8c11699,213401169,Commune de Grabels (34),false,{34116},Commune,2026-03-24 14:41:58.620411+01,gold_establishments_2025,,,,21340116900072,2025,Collectivité Territoriale,Commune,['Hérault'],['Occitanie'],COM,{34},{76}
bd82758a-daed-41e6-af99-bdf3efe6284a,213301922,Commune de Gradignan (33),false,{33192},Commune,2026-03-24 14:41:58.620411+01,gold_establishments_2025,,,,21330192200018,2025,Collectivité Territoriale,Commune,['Gironde'],['Nouvelle-Aquitaine'],COM,{33},{75}
cca113fe-7ad5-48d4-9283-0e349718f2af,215201625,Commune de Graffigny-Chemin (52),false,{52227},Commune,2026-03-24 14:42:01.954481+01,gold_establishments_2025,,,,21520162500013,2025,Collectivité Territoriale,Commune,['Haute-Marne'],['Grand Est'],COM,{52},{44}
73721e3f-b88e-4182-aa2c-74b206bef179,213102288,Commune de Gragnague (31),false,{31228},Commune,2026-03-24 14:41:58.09424+01,gold_establishments_2025,,,,21310228800015,2025,Collectivité Territoriale,Commune,['Haute-Garonne'],['Occitanie'],COM,{31},{76}
b71ce462-2b50-441b-a205-6826ddf8272b,200007839,Commune de Graignes-Mesnil-Angot (50),false,{50216},Commune,2026-03-24 14:42:01.412377+01,gold_establishments_2025,,,,20000783900018,2025,Collectivité Territoriale,Commune,['Manche'],['Normandie'],COM,{50},{28}
562885d8-6b95-469b-a5fe-751523c40fd2,216502088,Commune de Grailhen (65),false,{65208},Commune,2026-03-24 14:42:06.665412+01,gold_establishments_2025,,,,21650208800018,2025,Collectivité Territoriale,Commune,['Hautes-Pyrénées'],['Occitanie'],COM,{65},{76}
fab7e5ca-bdbb-4e85-b945-1a7951fbf58e,217603141,Commune de Graimbouville (76),false,{76314},Commune,2026-03-24 14:42:08.818969+01,gold_establishments_2025,,,,21760314100011,2025,Collectivité Territoriale,Commune,['Seine-Maritime'],['Normandie'],COM,{76},{28}
93f8a917-b7d1-498a-8dd1-80fe2cdf4561,216203844,Commune de Graincourt-lès-Havrincourt (62),false,{62384},Commune,2026-03-24 14:42:05.597325+01,gold_establishments_2025,,,,21620384400016,2025,Collectivité Territoriale,Commune,['Pas-de-Calais'],['Hauts-de-France'],COM,{62},{32}
99a873c6-ea4a-48e7-b40c-3312fcc2d8c3,211403100,Commune de Grainville-Langannerie (14),false,{14310},Commune,2026-03-24 14:41:54.362296+01,gold_establishments_2025,,,,21140310000012,2025,Collectivité Territoriale,Commune,['Calvados'],['Normandie'],COM,{14},{28}
81324792-203b-4535-aca8-ae626e62c939,217603174,Commune de Grainville-Ymauville (76),false,{76317},Commune,2026-03-24 14:42:08.818969+01,gold_establishments_2025,,,,21760317400012,2025,Collectivité Territoriale,Commune,['Seine-Maritime'],['Normandie'],COM,{76},{28}
e3f7442e-04bc-48e8-9b01-f7274cd27a69,217603158,Commune de Grainville-la-Teinturière (76),false,{76315},Commune,2026-03-24 14:42:08.818969+01,gold_establishments_2025,,,,21760315800015,2025,Collectivité Territoriale,Commune,['Seine-Maritime'],['Normandie'],COM,{76},{28}
2a6bacd0-9f1e-421b-99f3-85ae35d35ecc,211403118,Commune de Grainville-sur-Odon (14),false,{14311},Commune,2026-03-24 14:41:54.362296+01,gold_establishments_2025,,,,21140311800014,2025,Collectivité Territoriale,Commune,['Calvados'],['Normandie'],COM,{14},{28}
a91b15b2-a269-4d56-8d14-9174b1fe4714,217603166,Commune de Grainville-sur-Ry (76),false,{76316},Commune,2026-03-24 14:42:08.818969+01,gold_establishments_2025,,,,21760316600018,2025,Collectivité Territoriale,Commune,['Seine-Maritime'],['Normandie'],COM,{76},{28}
d7bdcd94-ee9f-4672-944e-28e568972d94,213401177,Commune de Graissessac (34),false,{34117},Commune,2026-03-24 14:41:58.620411+01,gold_establishments_2025,,,,21340117700018,2025,Collectivité Territoriale,Commune,['Hérault'],['Occitanie'],COM,{34},{76}
305f55c1-0298-4d57-9923-bd6364782724,214201014,Commune de Graix (42),false,{42101},Commune,2026-03-24 14:42:00.273698+01,gold_establishments_2025,,,,21420101400013,2025,Collectivité Territoriale,Commune,['Loire'],['Auvergne-Rhône-Alpes'],COM,{42},{84}
a9554359-35ce-4a63-b6c6-863be6b437a7,214601288,Commune de Gramat (46),false,{46128},Commune,2026-03-24 14:42:00.862623+01,gold_establishments_2025,,,,21460128800068,2025,Collectivité Territoriale,Commune,['Lot'],['Occitanie'],COM,{46},{76}
84f5db9b-a87a-493e-863d-d41dad63749c,211101670,Commune de Gramazie (11),false,{11167},Commune,2026-03-24 14:41:53.63825+01,gold_establishments_2025,,,,21110167000019,2025,Collectivité Territoriale,Commune,['Aude'],['Occitanie'],COM,{11},{76}
0a8d0576-e97a-47d0-87fb-9b2fdd06bb80,218400521,Commune de Grambois (84),false,{84052},Commune,2026-03-24 14:42:10.508772+01,gold_establishments_2025,,,,21840052100017,2025,Collectivité Territoriale,Commune,['Vaucluse'],"[""Provence-Alpes-Côte d'Azur""]",COM,{84},{93}
b655f98c-916a-418b-99ce-8f6a81f98f60,214201022,Commune de Grammond (42),false,{42102},Commune,2026-03-24 14:42:00.273698+01,gold_establishments_2025,,,,21420102200016,2025,Collectivité Territoriale,Commune,['Loire'],['Auvergne-Rhône-Alpes'],COM,{42},{84}
4d4d0e0d-0725-425a-95f3-ca41661f986c,217002732,Commune de Grammont (70),false,{70273},Commune,2026-03-24 14:42:07.735343+01,gold_establishments_2025,,,,21700273200014,2025,Collectivité Territoriale,Commune,['Haute-Saône'],['Bourgogne-Franche-Comté'],COM,{70},{27}
58005a8e-8015-4b41-b407-2b5438fadf06,211201132,Commune de Gramond (12),false,{12113},Commune,2026-03-24 14:41:53.63825+01,gold_establishments_2025,,,,21120113200019,2025,Collectivité Territoriale,Commune,['Aveyron'],['Occitanie'],COM,{12},{76}
f6a24f2a-c641-4781-b065-838567640eee,218200749,Commune de Gramont (82),false,{82074},Commune,2026-03-24 14:42:10.508772+01,gold_establishments_2025,,,,21820074900016,2025,Collectivité Territoriale,Commune,['Tarn-et-Garonne'],['Occitanie'],COM,{82},{76}
93959d7d-1544-42b2-8b23-a6fa1ffa3b5c,212001283,Commune de Granace (2A),false,{2A128},Commune,2026-03-24 14:41:57.56054+01,gold_establishments_2025,,,,21200128300010,2025,Collectivité Territoriale,Commune,['Corse-du-Sud'],['Corse'],COM,{2A},{94}
6dfdcddc-8ec2-42e5-977d-d8b0fbc24b08,212103048,Commune de Grancey-le-Château-Neuvelle (21),false,{21304},Commune,2026-03-24 14:41:55.433389+01,gold_establishments_2025,,,,21210304800014,2025,Collectivité Territoriale,Commune,"[""Côte-d'Or""]",['Bourgogne-Franche-Comté'],COM,{21},{27}
a23e3bd6-e84f-42f3-aed2-8a828515b832,212103055,Commune de Grancey-sur-Ource (21),false,{21305},Commune,2026-03-24 14:41:55.433389+01,gold_establishments_2025,,,,21210305500019,2025,Collectivité Territoriale,Commune,"[""Côte-d'Or""]",['Bourgogne-Franche-Comté'],COM,{21},{27}
7bb2a623-3836-4306-989d-f6195b68dd90,218802122,Commune de Grand (88),false,{88212},Commune,2026-03-24 14:42:11.118516+01,gold_establishments_2025,,,,21880212200018,2025,Collectivité Territoriale,Commune,['Vosges'],['Grand Est'],COM,{88},{44}
c54520ba-b204-49c6-b223-b81a061ec608,200058147,Commune de Grand Bourgtheroulde (27),false,{27105},Commune,2026-03-24 14:41:56.495197+01,gold_establishments_2025,,,,20005814700014,2025,Collectivité Territoriale,Commune,['Eure'],['Normandie'],COM,{27},{28}
8fd24c2d-20cf-4697-b633-8ce9a2fbd06d,212502850,Commune de Grand'Combe-Châteleu (25),false,{25285},Commune,2026-03-24 14:41:56.495197+01,gold_establishments_2025,,,,21250285000010,2025,Collectivité Territoriale,Commune,['Doubs'],['Bourgogne-Franche-Comté'],COM,{25},{27}
05f8748d-4eca-449f-8106-d43ce8aa8c12,212502868,Commune de Grand'Combe-des-Bois (25),false,{25286},Commune,2026-03-24 14:41:56.495197+01,gold_establishments_2025,,,,21250286800012,2025,Collectivité Territoriale,Commune,['Doubs'],['Bourgogne-Franche-Comté'],COM,{25},{27}
32b13a29-2baf-4586-8361-f3a650c23fcd,218501021,Commune de Grand'Landes (85),false,{85102},Commune,2026-03-24 14:42:10.508772+01,gold_establishments_2025,,,,21850102100016,2025,Collectivité Territoriale,Commune,['Vendée'],['Pays de la Loire'],COM,{85},{52}
477d63dc-66c0-426d-ad16-7a0c7291f3a2,219722113,Commune de Grand'Rivière (972),false,{97211},Commune,2026-03-24 14:42:11.659493+01,gold_establishments_2025,,,,21972211300012,2025,Collectivité Territoriale,Commune,['Martinique'],['Martinique'],COM,{972},{02}
e8d2bc1d-0e14-4c97-81b1-d34122449d04,200084572,Commune de Grand-Aigueblanche (73),false,{73003},Commune,2026-03-24 14:42:08.279287+01,gold_establishments_2025,,,,20008457200011,2025,Collectivité Territoriale,Commune,['Savoie'],['Auvergne-Rhône-Alpes'],COM,{73},{84}
407f7c87-fc2a-41b0-9f43-54fbaff29078,214400657,Commune de Grand-Auverné (44),false,{44065},Commune,2026-03-24 14:42:00.273698+01,gold_establishments_2025,,,,21440065700018,2025,Collectivité Territoriale,Commune,['Loire-Atlantique'],['Pays de la Loire'],COM,{44},{52}
dd18a98d-9a68-43f5-a758-30c744d5293d,219711124,Commune de Grand-Bourg (971),false,{97112},Commune,2026-03-24 14:42:11.659493+01,gold_establishments_2025,,,,21971112400012,2025,Collectivité Territoriale,Commune,['Guadeloupe'],['Guadeloupe'],COM,{971},{01}
fba2d218-2519-4c20-a2cb-4457a9298fd0,212402002,Commune de Grand-Brassac (24),false,{24200},Commune,2026-03-24 14:41:55.958138+01,gold_establishments_2025,,,,21240200200019,2025,Collectivité Territoriale,Commune,['Dordogne'],['Nouvelle-Aquitaine'],COM,{24},{75}
56a56437-51af-4614-9474-fb18da5a35c3,212702955,Commune de Grand-Camp (27),false,{27295},Commune,2026-03-24 14:41:57.028721+01,gold_establishments_2025,,,,21270295500015,2025,Collectivité Territoriale,Commune,['Eure'],['Normandie'],COM,{27},{28}
d4f44090-ce45-4bd5-95c0-aa35c33eea9e,217603182,Commune de Grand-Camp (76),false,{76318},Commune,2026-03-24 14:42:08.818969+01,gold_establishments_2025,,,,21760318200015,2025,Collectivité Territoriale,Commune,['Seine-Maritime'],['Normandie'],COM,{76},{28}
93c6a7d1-b580-4f18-993d-bb75ebfd1340,215600677,Commune de Grand-Champ (56),false,{56067},Commune,2026-03-24 14:42:03.701372+01,gold_establishments_2025,,,,21560067700011,2025,Collectivité Territoriale,Commune,['Morbihan'],['Bretagne'],COM,{56},{53}
86a68b04-5967-49df-a93e-0cb34e6f9fb8,212502843,Commune de Grand-Charmont (25),false,{25284},Commune,2026-03-24 14:41:56.495197+01,gold_establishments_2025,,,,21250284300015,2025,Collectivité Territoriale,Commune,['Doubs'],['Bourgogne-Franche-Comté'],COM,{25},{27}
19f5ef0c-7a05-4d93-b9cd-7ce31e6a5a84,210101770,Commune de Grand-Corent (01),false,{01177},Commune,2026-03-24 14:41:51.447482+01,gold_establishments_2025,,,,21010177000019,2025,Collectivité Territoriale,Commune,['Ain'],['Auvergne-Rhône-Alpes'],COM,{01},{84}
566280c6-8cd9-4437-a03b-7af13578b09d,217603190,Commune de Grand-Couronne (76),false,{76319},Commune,2026-03-24 14:42:08.818969+01,gold_establishments_2025,,,,21760319000018,2025,Collectivité Territoriale,Commune,['Seine-Maritime'],['Normandie'],COM,{76},{28}
20288100-fef8-4e98-8b14-2a7fc68a1829,215402363,Commune de Grand-Failly (54),false,{54236},Commune,2026-03-24 14:42:02.957225+01,gold_establishments_2025,,,,21540236300018,2025,Collectivité Territoriale,Commune,['Meurthe-et-Moselle'],['Grand Est'],COM,{54},{44}
7c8f1637-f4c0-4414-a827-69d5231ebc88,215902701,Commune de Grand-Fayt (59),false,{59270},Commune,2026-03-24 14:42:04.280096+01,gold_establishments_2025,,,,21590270100014,2025,Collectivité Territoriale,Commune,['Nord'],['Hauts-de-France'],COM,{59},{32}
21d2abf6-761f-4caf-ace9-b11205eb8e9b,215902727,Commune de Grand-Fort-Philippe (59),false,{59272},Commune,2026-03-24 14:42:04.280096+01,gold_establishments_2025,,,,21590272700019,2025,Collectivité Territoriale,Commune,['Nord'],['Hauts-de-France'],COM,{59},{32}
9319316d-cb71-428e-8f48-470a21c9eb76,213501240,Commune de Grand-Fougeray (35),false,{35124},Commune,2026-03-24 14:41:58.620411+01,gold_establishments_2025,,,,21350124000013,2025,Collectivité Territoriale,Commune,['Ille-et-Vilaine'],['Bretagne'],COM,{35},{53}
167bedde-32e5-4062-888d-c2f47ab86f6f,218003697,Commune de Grand-Laviers (80),false,{80385},Commune,2026-03-24 14:42:09.967209+01,gold_establishments_2025,,,,21800369700016,2025,Collectivité Territoriale,Commune,['Somme'],['Hauts-de-France'],COM,{80},{32}
fe869c35-f7d1-4215-bc41-6796277e7ef5,210206405,Commune de Grand-Rozoy (02),false,{02665},Commune,2026-03-24 14:41:52.020251+01,gold_establishments_2025,,,,21020640500016,2025,Collectivité Territoriale,Commune,['Aisne'],['Hauts-de-France'],COM,{02},{32}
4b2b93c8-e77f-422b-a336-834070078145,216203851,Commune de Grand-Rullecourt (62),false,{62385},Commune,2026-03-24 14:42:05.597325+01,gold_establishments_2025,,,,21620385100037,2025,Collectivité Territoriale,Commune,['Pas-de-Calais'],['Hauts-de-France'],COM,{62},{32}
be8bb1e1-e878-46aa-a91a-b0e8adb7c9cc,219733573,Commune de Grand-Santi (973),false,{97357},Commune,2026-03-24 14:42:11.659493+01,gold_establishments_2025,,,,21973357300014,2025,Collectivité Territoriale,Commune,['Guyane'],['Guyane'],COM,{973},{03}
11b9ba52-8a65-4f01-93ff-0fc3fa9a7bd5,210207569,Commune de Grand-Verly (02),false,{02783},Commune,2026-03-24 14:41:52.020251+01,gold_establishments_2025,,,,21020756900018,2025,Collectivité Territoriale,Commune,['Aisne'],['Hauts-de-France'],COM,{02},{32}
bce921e3-c531-44a6-8044-8f8acaad4a91,211403126,Commune de Grandcamp-Maisy (14),false,{14312},Commune,2026-03-24 14:41:54.362296+01,gold_establishments_2025,,,,21140312600017,2025,Collectivité Territoriale,Commune,['Calvados'],['Normandie'],COM,{14},{28}
2171d140-eb54-4f47-ad84-e06833de8d62,210801791,Commune de Grandchamp (08),false,{08196},Commune,2026-03-24 14:41:52.562531+01,gold_establishments_2025,,,,21080179100018,2025,Collectivité Territoriale,Commune,['Ardennes'],['Grand Est'],COM,{08},{44}
fbb89c5f-bb02-403b-9ccd-5c07984b429d,215204280,Commune de Grandchamp (52),false,{52228},Commune,2026-03-24 14:42:01.954481+01,gold_establishments_2025,,,,21520428000014,2025,Collectivité Territoriale,Commune,['Haute-Marne'],['Grand Est'],COM,{52},{44}
4f5ec4bf-fa1f-4942-9898-3bc6ffbe5a32,217201425,Commune de Grandchamp (72),false,{72142},Commune,2026-03-24 14:42:08.279287+01,gold_establishments_2025,,,,21720142500014,2025,Collectivité Territoriale,Commune,['Sarthe'],['Pays de la Loire'],COM,{72},{52}
4a27b6d1-fd59-4a62-acda-60f1cf815ffe,217802834,Commune de Grandchamp (78),false,{78283},Commune,2026-03-24 14:42:09.43682+01,gold_establishments_2025,,,,21780283400010,2025,Collectivité Territoriale,Commune,['Yvelines'],['Île-de-France'],COM,{78},{11}
1ffeedfc-15fb-48a2-bd1c-1c66b9467d90,214400665,Commune de Grandchamp-des-Fontaines (44),false,{44066},Commune,2026-03-24 14:42:00.273698+01,gold_establishments_2025,,,,21440066500011,2025,Collectivité Territoriale,Commune,['Loire-Atlantique'],['Pays de la Loire'],COM,{44},{52}
8f4b6d05-8d27-4cae-9a16-d461cf3f8906,217603208,Commune de Grandcourt (76),false,{76320},Commune,2026-03-24 14:42:08.818969+01,gold_establishments_2025,,,,21760320800018,2025,Collectivité Territoriale,Commune,['Seine-Maritime'],['Normandie'],COM,{76},{28}
173bcf2a-5459-4dfb-8ea2-533f89d34bb6,218003689,Commune de Grandcourt (80),false,{80384},Commune,2026-03-24 14:42:09.967209+01,gold_establishments_2025,,,,21800368900013,2025,Collectivité Territoriale,Commune,['Somme'],['Hauts-de-France'],COM,{80},{32}
25c30262-bf79-4a14-be21-8a3076120862,200086817,Commune de Grande-Rivière Château (39),false,{39258},Commune,2026-03-24 14:41:59.705606+01,gold_establishments_2025,,,,20008681700018,2025,Collectivité Territoriale,Commune,['Jura'],['Bourgogne-Franche-Comté'],COM,{39},{27}
34fd04df-3ea7-459d-8065-25700a965b9d,215902719,Commune de Grande-Synthe (59),false,{59271},Commune,2026-03-24 14:42:04.280096+01,gold_establishments_2025,,,,21590271900016,2025,Collectivité Territoriale,Commune,['Nord'],['Hauts-de-France'],COM,{59},{32}
fbbbd262-eeb6-4c7c-a18a-d91baa5d44fe,217002740,Commune de Grandecourt (70),false,{70274},Commune,2026-03-24 14:42:07.735343+01,gold_establishments_2025,,,,21700274000017,2025,Collectivité Territoriale,Commune,['Haute-Saône'],['Bourgogne-Franche-Comté'],COM,{70},{27}
5e1ad413-94b0-4280-8cc4-f45e82e9b0de,216301721,Commune de Grandeyrolles (63),false,{63172},Commune,2026-03-24 14:42:06.130387+01,gold_establishments_2025,,,,21630172100017,2025,Collectivité Territoriale,Commune,['Puy-de-Dôme'],['Auvergne-Rhône-Alpes'],COM,{63},{84}
ba277784-fa48-4e04-8193-e92796ccf463,212502876,Commune de Grandfontaine (25),false,{25287},Commune,2026-03-24 14:41:56.495197+01,gold_establishments_2025,,,,21250287600015,2025,Collectivité Territoriale,Commune,['Doubs'],['Bourgogne-Franche-Comté'],COM,{25},{27}
689f4f01-f9a9-4d78-a633-ea5ed73b7fca,216701656,Commune de Grandfontaine (67),false,{67165},Commune,2026-03-24 14:42:07.195692+01,gold_establishments_2025,,,,21670165600011,2025,Collectivité Territoriale,Commune,['Bas-Rhin'],['Grand Est'],COM,{67},{44}
d5778652-2a79-4624-b9e8-21d07ac26126,212502892,Commune de Grandfontaine-sur-Creuse (25),false,{25289},Commune,2026-03-24 14:41:56.495197+01,gold_establishments_2025,,,,21250289200012,2025,Collectivité Territoriale,Commune,['Doubs'],['Bourgogne-Franche-Comté'],COM,{25},{27}
717cab06-00c9-4e83-a49d-939de536a35e,216002816,Commune de Grandfresnoy (60),false,{60284},Commune,2026-03-24 14:42:04.814328+01,gold_establishments_2025,,,,21600281600017,2025,Collectivité Territoriale,Commune,['Oise'],['Hauts-de-France'],COM,{60},{32}
99932adc-4086-40ba-9e34-1a21dd8d9ad1,210801809,Commune de Grandham (08),false,{08197},Commune,2026-03-24 14:41:52.562531+01,gold_establishments_2025,,,,21080180900018,2025,Collectivité Territoriale,Commune,['Ardennes'],['Grand Est'],COM,{08},{44}
6ca1d2d9-8b6f-428e-a87b-dff0de52e9c7,211701818,Commune de Grandjean (17),false,{17181},Commune,2026-03-24 14:41:54.903238+01,gold_establishments_2025,,,,21170181800018,2025,Collectivité Territoriale,Commune,['Charente-Maritime'],['Nouvelle-Aquitaine'],COM,{17},{75}
3fe35444-9713-4184-8789-740ff059ca2b,210203345,Commune de Grandlup-et-Fay (02),false,{02353},Commune,2026-03-24 14:41:52.020251+01,gold_establishments_2025,,,,21020334500017,2025,Collectivité Territoriale,Commune,['Aisne'],['Hauts-de-France'],COM,{02},{32}
62147f3b-6e29-454d-b8fa-01599b8b8cb5,200053973,Commune de Grandparigny (50),false,{50391},Commune,2026-03-24 14:42:01.412377+01,gold_establishments_2025,,,,20005397300018,2025,Collectivité Territoriale,Commune,['Manche'],['Normandie'],COM,{50},{28}
a5e0cc8e-d189-4f23-a4f2-e383728f2ee6,200055572,Commune de Grandpré (08),false,{08198},Commune,2026-03-24 14:41:52.562531+01,gold_establishments_2025,,,,20005557200016,2025,Collectivité Territoriale,Commune,['Ardennes'],['Grand Est'],COM,{08},{44}
97005532-677c-4270-aebe-3a20322d88b2,217702117,Commune de Grandpuits-Bailly-Carrois (77),false,{77211},Commune,2026-03-24 14:42:09.43682+01,gold_establishments_2025,,,,21770211700011,2025,Collectivité Territoriale,Commune,['Seine-et-Marne'],['Île-de-France'],COM,{77},{11}
36194ee2-6f15-4e60-805d-fbec2086c3ad,214800708,Commune de Grandrieu (48),false,{48070},Commune,2026-03-24 14:42:01.412377+01,gold_establishments_2025,,,,21480070800015,2025,Collectivité Territoriale,Commune,['Lozère'],['Occitanie'],COM,{48},{76}
c3e7280e-e3b2-4223-86cd-b0a85917ead0,210203352,Commune de Grandrieux (02),false,{02354},Commune,2026-03-24 14:41:52.020251+01,gold_establishments_2025,,,,21020335200013,2025,Collectivité Territoriale,Commune,['Aisne'],['Hauts-de-France'],COM,{02},{32}
c1047c77-7f26-4454-9047-a49c54bd90f8,216301739,Commune de Grandrif (63),false,{63173},Commune,2026-03-24 14:42:06.130387+01,gold_establishments_2025,,,,21630173900019,2025,Collectivité Territoriale,Commune,['Puy-de-Dôme'],['Auvergne-Rhône-Alpes'],COM,{63},{84}
c889e541-3176-412f-a72d-58a168011717,216900936,Commune de Grandris (69),false,{69093},Commune,2026-03-24 14:42:07.195692+01,gold_establishments_2025,,,,21690093600016,2025,Collectivité Territoriale,Commune,['Rhône'],['Auvergne-Rhône-Alpes'],COM,{69},{84}
b75cc387-2868-45b0-bf3b-f04d8a39357e,218802155,Commune de Grandrupt (88),false,{88215},Commune,2026-03-24 14:42:11.118516+01,gold_establishments_2025,,,,21880215500018,2025,Collectivité Territoriale,Commune,['Vosges'],['Grand Est'],COM,{88},{44}
13c2aab8-1a57-4abe-ad28-d0c4e66abf9c,218802148,Commune de Grandrupt-de-Bains (88),false,{88214},Commune,2026-03-24 14:42:11.118516+01,gold_establishments_2025,,,,21880214800013,2025,Collectivité Territoriale,Commune,['Vosges'],['Grand Est'],COM,{88},{44}
0f267e27-9e08-4ba2-ab15-8a1118961372,216002840,Commune de Grandrû (60),false,{60287},Commune,2026-03-24 14:42:04.814328+01,gold_establishments_2025,,,,21600284000017,2025,Collectivité Territoriale,Commune,['Oise'],['Hauts-de-France'],COM,{60},{32}
f716351a-8de8-4eb4-9c5e-6d0ed525d7ea,211908801,Commune de Grandsaigne (19),false,{19088},Commune,2026-03-24 14:41:54.903238+01,gold_establishments_2025,,,,21190880100015,2025,Collectivité Territoriale,Commune,['Corrèze'],['Nouvelle-Aquitaine'],COM,{19},{75}
529d01b9-34eb-4337-95d7-6077cab3911b,216301747,Commune de Grandval (63),false,{63174},Commune,2026-03-24 14:42:06.130387+01,gold_establishments_2025,,,,21630174700012,2025,Collectivité Territoriale,Commune,['Puy-de-Dôme'],['Auvergne-Rhône-Alpes'],COM,{63},{84}
c0f5195d-5d73-4fb6-b689-715c3f8a561c,214800716,Commune de Grandvals (48),false,{48071},Commune,2026-03-24 14:42:01.412377+01,gold_establishments_2025,,,,21480071600018,2025,Collectivité Territoriale,Commune,['Lozère'],['Occitanie'],COM,{48},{76}
495b2b96-9085-4e8c-812f-ca223b708ed4,217102243,Commune de Grandvaux (71),false,{71224},Commune,2026-03-24 14:42:07.735343+01,gold_establishments_2025,,,,21710224300011,2025,Collectivité Territoriale,Commune,['Saône-et-Loire'],['Bourgogne-Franche-Comté'],COM,{71},{27}
cceb11b1-45bd-4f49-910f-04675029215d,217002757,Commune de Grandvelle-et-le-Perrenot (70),false,{70275},Commune,2026-03-24 14:42:07.735343+01,gold_establishments_2025,,,,21700275700011,2025,Collectivité Territoriale,Commune,['Haute-Saône'],['Bourgogne-Franche-Comté'],COM,{70},{27}
9b72794e-b1af-40a5-978b-33d3d8100ed0,219000536,Commune de Grandvillars (90),false,{90053},Commune,2026-03-24 14:42:11.659493+01,gold_establishments_2025,,,,21900053600116,2025,Collectivité Territoriale,Commune,['Territoire de Belfort'],['Bourgogne-Franche-Comté'],COM,{90},{27}
7e40d540-ce25-4350-8a3a-db404c870fc7,211001607,Commune de Grandville (10),false,{10167},Commune,2026-03-24 14:41:53.095366+01,gold_establishments_2025,,,,21100160700012,2025,Collectivité Territoriale,Commune,['Aube'],['Grand Est'],COM,{10},{44}
f4e0c322-de72-4224-b7d8-195328d88483,218802163,Commune de Grandvillers (88),false,{88216},Commune,2026-03-24 14:42:11.118516+01,gold_establishments_2025,,,,21880216300012,2025,Collectivité Territoriale,Commune,['Vosges'],['Grand Est'],COM,{88},{44}
f5ea2022-3283-4083-bcc6-05aecbcc4281,216002824,Commune de Grandvillers-aux-Bois (60),false,{60285},Commune,2026-03-24 14:42:04.814328+01,gold_establishments_2025,,,,21600282400011,2025,Collectivité Territoriale,Commune,['Oise'],['Hauts-de-France'],COM,{60},{32}
aa80285e-7b0a-4341-a361-37b8d823bcba,216002832,Commune de Grandvilliers (60),false,{60286},Commune,2026-03-24 14:42:04.814328+01,gold_establishments_2025,,,,21600283200014,2025,Collectivité Territoriale,Commune,['Oise'],['Hauts-de-France'],COM,{60},{32}
5ebde727-f07f-4365-9fb9-356cf3222cb6,212601447,Commune de Grane (26),false,{26144},Commune,2026-03-24 14:41:56.495197+01,gold_establishments_2025,,,,21260144700015,2025,Collectivité Territoriale,Commune,['Drôme'],['Auvergne-Rhône-Alpes'],COM,{26},{84}
609c0687-3f8f-4d45-b886-a9f30658597b,213902596,Commune de Grange-de-Vaivre (39),false,{39259},Commune,2026-03-24 14:41:59.705606+01,gold_establishments_2025,,,,21390259600013,2025,Collectivité Territoriale,Commune,['Jura'],['Bourgogne-Franche-Comté'],COM,{39},{27}
19d6892b-eee7-41f0-9e90-5f230012b5bd,214501595,Commune de Grangermont (45),false,{45159},Commune,2026-03-24 14:42:00.862623+01,gold_establishments_2025,,,,21450159500018,2025,Collectivité Territoriale,Commune,['Loiret'],['Centre-Val de Loire'],COM,{45},{24}
9a6fc0da-1a77-45d8-86f8-e1e843b64d69,217102250,Commune de Granges (71),false,{71225},Commune,2026-03-24 14:42:07.735343+01,gold_establishments_2025,,,,21710225000016,2025,Collectivité Territoriale,Commune,['Saône-et-Loire'],['Bourgogne-Franche-Comté'],COM,{71},{27}
53d41ee4-6592-476f-ae9e-7c3cffc57c16,200053627,Commune de Granges-Aumontzey (88),false,{88218},Commune,2026-03-24 14:42:11.118516+01,gold_establishments_2025,,,,20005362700010,2025,Collectivité Territoriale,Commune,['Vosges'],['Grand Est'],COM,{88},{44}
f881ae0f-c963-4387-ae95-53ad815c0f39,212502934,Commune de Granges-Narboz (25),false,{25293},Commune,2026-03-24 14:41:56.495197+01,gold_establishments_2025,,,,21250293400012,2025,Collectivité Territoriale,Commune,['Doubs'],['Bourgogne-Franche-Comté'],COM,{25},{27}
4b793d40-0710-4491-bc87-e3ca9a65be8f,212402028,Commune de Granges-d'Ans (24),false,{24202},Commune,2026-03-24 14:41:55.958138+01,gold_establishments_2025,,,,21240202800014,2025,Collectivité Territoriale,Commune,['Dordogne'],['Nouvelle-Aquitaine'],COM,{24},{75}
3876da52-cc39-408c-aa2f-3e8fa2acbf35,217002765,Commune de Granges-la-Ville (70),false,{70276},Commune,2026-03-24 14:42:07.735343+01,gold_establishments_2025,,,,21700276500014,2025,Collectivité Territoriale,Commune,['Haute-Saône'],['Bourgogne-Franche-Comté'],COM,{70},{27}
05a0b2f2-dd4c-4869-a3aa-ea369ed12305,217002773,Commune de Granges-le-Bourg (70),false,{70277},Commune,2026-03-24 14:42:07.735343+01,gold_establishments_2025,,,,21700277300018,2025,Collectivité Territoriale,Commune,['Haute-Saône'],['Bourgogne-Franche-Comté'],COM,{70},{27}
5a7917c2-53fa-4b1d-abad-12351c48de0f,212603799,Commune de Granges-les-Beaumont (26),false,{26379},Commune,2026-03-24 14:41:56.495197+01,gold_establishments_2025,,,,21260379900017,2025,Collectivité Territoriale,Commune,['Drôme'],['Auvergne-Rhône-Alpes'],COM,{26},{84}
7228d6f7-a982-4945-9ddc-fc15c01b4764,215102609,Commune de Granges-sur-Aube (51),false,{51279},Commune,2026-03-24 14:42:01.954481+01,gold_establishments_2025,,,,21510260900017,2025,Collectivité Territoriale,Commune,['Marne'],['Grand Est'],COM,{51},{44}
ec3e38a7-3267-4f6b-84e2-c7c7106d1210,214701112,Commune de Granges-sur-Lot (47),false,{47111},Commune,2026-03-24 14:42:00.862623+01,gold_establishments_2025,,,,21470111200010,2025,Collectivité Territoriale,Commune,['Lot-et-Garonne'],['Nouvelle-Aquitaine'],COM,{47},{75}
1efaddb4-d510-4ead-84e1-f5e48be9ea95,211403167,Commune de Grangues (14),false,{14316},Commune,2026-03-24 14:41:54.362296+01,gold_establishments_2025,,,,21140316700011,2025,Collectivité Territoriale,Commune,['Calvados'],['Normandie'],COM,{14},{28}
42d367b0-3f58-4cee-8fd3-8a5876a2102d,213801830,Commune de Granieu (38),false,{38183},Commune,2026-03-24 14:41:59.160244+01,gold_establishments_2025,,,,21380183000018,2025,Collectivité Territoriale,Commune,['Isère'],['Auvergne-Rhône-Alpes'],COM,{38},{84}
c2f57aca-25d1-4b4c-b8f5-54d97c3a540b,211300447,Commune de Grans (13),false,{13044},Commune,2026-03-24 14:41:53.63825+01,gold_establishments_2025,,,,21130044700011,2025,Collectivité Territoriale,Commune,['Bouches-du-Rhône'],"[""Provence-Alpes-Côte d'Azur""]",COM,{13},{93}
b38e681e-5619-4b28-8ff0-56da3638f7d0,215002189,Commune de Granville (50),false,{50218},Commune,2026-03-24 14:42:01.412377+01,gold_establishments_2025,,,,21500218900011,2025,Collectivité Territoriale,Commune,['Manche'],['Normandie'],COM,{50},{28}
58703843-84e0-4286-a659-a7311ec96dbb,217901370,Commune de Granzay-Gript (79),false,{79137},Commune,2026-03-24 14:42:09.43682+01,gold_establishments_2025,,,,21790137000015,2025,Collectivité Territoriale,Commune,['Deux-Sèvres'],['Nouvelle-Aquitaine'],COM,{79},{75}
d1af2fd9-e636-45fd-b11c-58efcc4f6bf9,211101688,Commune de Granès (11),false,{11168},Commune,2026-03-24 14:41:53.63825+01,gold_establishments_2025,,,,21110168800011,2025,Collectivité Territoriale,Commune,['Aude'],['Occitanie'],COM,{11},{76}
34c3cb24-98fa-4548-ae50-d46405e86ea5,210700993,Commune de Gras (07),false,{07099},Commune,2026-03-24 14:41:52.562531+01,gold_establishments_2025,,,,21070099300012,2025,Collectivité Territoriale,Commune,['Ardèche'],['Auvergne-Rhône-Alpes'],COM,{07},{84}
6722d5b0-3d79-4737-85c1-8179a2e8f71b,211601588,Commune de Grassac (16),false,{16158},Commune,2026-03-24 14:41:54.362296+01,gold_establishments_2025,,,,21160158800018,2025,Collectivité Territoriale,Commune,['Charente'],['Nouvelle-Aquitaine'],COM,{16},{75}
56bfeaa4-c2d8-4b2d-978a-f99926e6a123,210600698,Commune de Grasse (06),false,{06069},Commune,2026-03-24 14:41:52.562531+01,gold_establishments_2025,,,,21060069800018,2025,Collectivité Territoriale,Commune,['Alpes-Maritimes'],"[""Provence-Alpes-Côte d'Azur""]",COM,{06},{93}
066677e4-5a13-49cd-a09b-0bb68a8d595b,216701664,Commune de Grassendorf (67),false,{67166},Commune,2026-03-24 14:42:07.195692+01,gold_establishments_2025,,,,21670166400015,2025,Collectivité Territoriale,Commune,['Bas-Rhin'],['Grand Est'],COM,{67},{44}
3c0a7a37-4c46-41f9-9b24-ed82b8e91ac5,214701120,Commune de Grateloup-Saint-Gayrand (47),false,{47112},Commune,2026-03-24 14:42:00.862623+01,gold_establishments_2025,,,,21470112000013,2025,Collectivité Territoriale,Commune,['Lot-et-Garonne'],['Nouvelle-Aquitaine'],COM,{47},{75}
edca620a-d9fb-4cce-a68b-5f4d460aa2df,213102296,Commune de Gratens (31),false,{31229},Commune,2026-03-24 14:41:58.09424+01,gold_establishments_2025,,,,21310229600018,2025,Collectivité Territoriale,Commune,['Haute-Garonne'],['Occitanie'],COM,{31},{76}
430cdfcc-5e34-4989-ade9-64f79806233d,213102304,Commune de Gratentour (31),false,{31230},Commune,2026-03-24 14:41:58.09424+01,gold_establishments_2025,,,,21310230400010,2025,Collectivité Territoriale,Commune,['Haute-Garonne'],['Occitanie'],COM,{31},{76}
24e84f5e-632a-44cd-8534-4a2183167948,218003705,Commune de Gratibus (80),false,{80386},Commune,2026-03-24 14:42:09.967209+01,gold_establishments_2025,,,,21800370500017,2025,Collectivité Territoriale,Commune,['Somme'],['Hauts-de-France'],COM,{80},{32}
0fcbec0f-a8ab-4ea4-b751-872a380137fe,215002197,Commune de Gratot (50),false,{50219},Commune,2026-03-24 14:42:01.412377+01,gold_establishments_2025,,,,21500219700063,2025,Collectivité Territoriale,Commune,['Manche'],['Normandie'],COM,{50},{28}
e4c70b8c-b0e1-47ce-acc5-d53b2fef680f,215102617,Commune de Gratreuil (51),false,{51280},Commune,2026-03-24 14:42:01.954481+01,gold_establishments_2025,,,,21510261700010,2025,Collectivité Territoriale,Commune,['Marne'],['Grand Est'],COM,{51},{44}
ca201574-3066-46dc-b988-fe5cc460a0f3,218003713,Commune de Grattepanche (80),false,{80387},Commune,2026-03-24 14:42:09.967209+01,gold_establishments_2025,,,,21800371300011,2025,Collectivité Territoriale,Commune,['Somme'],['Hauts-de-France'],COM,{80},{32}
7695cd0a-41e7-4457-85bc-0b1c3dd21b30,217002781,Commune de Grattery (70),false,{70278},Commune,2026-03-24 14:42:07.735343+01,gold_establishments_2025,,,,21700278100011,2025,Collectivité Territoriale,Commune,['Haute-Saône'],['Bourgogne-Franche-Comté'],COM,{70},{27}
e0c6bb94-f71e-43fb-87f7-31c4e339ca21,218101053,Commune de Graulhet (81),false,{81105},Commune,2026-03-24 14:42:09.967209+01,gold_establishments_2025,,,,21810105300013,2025,Collectivité Territoriale,Commune,['Tarn'],['Occitanie'],COM,{81},{76}
59b87d7b-8e36-45e3-bb3e-f117234e2c5f,215102625,Commune de Grauves (51),false,{51281},Commune,2026-03-24 14:42:01.954481+01,gold_establishments_2025,,,,21510262500013,2025,Collectivité Territoriale,Commune,['Marne'],['Grand Est'],COM,{51},{44}
2c311868-f4b8-4d09-9f1f-ae73f68cdc47,217603232,Commune de Graval (76),false,{76323},Commune,2026-03-24 14:42:08.818969+01,gold_establishments_2025,,,,21760323200018,2025,Collectivité Territoriale,Commune,['Seine-Maritime'],['Normandie'],COM,{76},{28}
9f5810f4-0305-46c1-a687-10c0a811de7c,215902735,Commune de Gravelines (59),false,{59273},Commune,2026-03-24 14:42:04.280096+01,gold_establishments_2025,,,,21590273500012,2025,Collectivité Territoriale,Commune,['Nord'],['Hauts-de-France'],COM,{59},{32}
5e0426ab-b5db-46be-9e43-70290badad85,215702564,Commune de Gravelotte (57),false,{57256},Commune,2026-03-24 14:42:03.701372+01,gold_establishments_2025,,,,21570256400018,2025,Collectivité Territoriale,Commune,['Moselle'],['Grand Est'],COM,{57},{44}
c4ebab3e-c64f-4c79-aa49-f43129637bbc,212702989,Commune de Graveron-Sémerville (27),false,{27298},Commune,2026-03-24 14:41:57.028721+01,gold_establishments_2025,,,,21270298900014,2025,Collectivité Territoriale,Commune,['Eure'],['Normandie'],COM,{27},{28}
9bb2295f-2ff7-4fdf-b97a-acb59e8af1cf,211604277,Commune de Graves-Saint-Amant (16),false,{16297},Commune,2026-03-24 14:41:54.362296+01,gold_establishments_2025,,,,21160427700015,2025,Collectivité Territoriale,Commune,['Charente'],['Nouvelle-Aquitaine'],COM,{16},{75}
9e617e79-ba48-47eb-a5ba-7c589d07d1d7,211300454,Commune de Graveson (13),false,{13045},Commune,2026-03-24 14:41:53.63825+01,gold_establishments_2025,,,,21130045400017,2025,Collectivité Territoriale,Commune,['Bouches-du-Rhône'],"[""Provence-Alpes-Côte d'Azur""]",COM,{13},{93}
682b70f4-a475-478f-8972-7d276811e1b7,212702997,Commune de Gravigny (27),false,{27299},Commune,2026-03-24 14:41:57.028721+01,gold_establishments_2025,,,,21270299700074,2025,Collectivité Territoriale,Commune,['Eure'],['Normandie'],COM,{27},{28}
33610fdd-c654-434a-8a95-752a0c74e5bf,210701009,Commune de Gravières (07),false,{07100},Commune,2026-03-24 14:41:52.562531+01,gold_establishments_2025,,,,21070100900016,2025,Collectivité Territoriale,Commune,['Ardèche'],['Auvergne-Rhône-Alpes'],COM,{07},{84}
7d1bcb5a-cf94-4b17-9034-e8433c613b0a,217702125,Commune de Gravon (77),false,{77212},Commune,2026-03-24 14:42:09.43682+01,gold_establishments_2025,,,,21770212500014,2025,Collectivité Territoriale,Commune,['Seine-et-Marne'],['Île-de-France'],COM,{77},{11}
b781d22f-d1f8-47ff-ad81-846fa6e97975,217002799,Commune de Gray (70),false,{70279},Commune,2026-03-24 14:42:07.735343+01,gold_establishments_2025,,,,21700279900153,2025,Collectivité Territoriale,Commune,['Haute-Saône'],['Bourgogne-Franche-Comté'],COM,{70},{27}
0a8836be-8342-46e0-90c1-4b34e54d15b8,217002807,Commune de Gray-la-Ville (70),false,{70280},Commune,2026-03-24 14:42:07.735343+01,gold_establishments_2025,,,,21700280700014,2025,Collectivité Territoriale,Commune,['Haute-Saône'],['Bourgogne-Franche-Comté'],COM,{70},{27}
7af8370e-dfb7-4b4b-b79b-64eb526206b0,213301930,Commune de Grayan-et-l'Hôpital (33),false,{33193},Commune,2026-03-24 14:41:58.620411+01,gold_establishments_2025,,,,21330193000011,2025,Collectivité Territoriale,Commune,['Gironde'],['Nouvelle-Aquitaine'],COM,{33},{75}
eacc4d80-7a24-4cb7-9755-c5e5ca5963f5,213902612,Commune de Graye-et-Charnay (39),false,{39261},Commune,2026-03-24 14:41:59.705606+01,gold_establishments_2025,,,,21390261200018,2025,Collectivité Territoriale,Commune,['Jura'],['Bourgogne-Franche-Comté'],COM,{39},{27}
3b9aecf4-d274-4ede-a468-ca96ab2ab0c3,211403183,Commune de Graye-sur-Mer (14),false,{14318},Commune,2026-03-24 14:41:54.362296+01,gold_establishments_2025,,,,21140318300018,2025,Collectivité Territoriale,Commune,['Calvados'],['Normandie'],COM,{14},{28}
56fe945a-ef3c-458d-85bf-b45a289c0055,214701138,Commune de Grayssas (47),false,{47113},Commune,2026-03-24 14:42:00.862623+01,gold_establishments_2025,,,,21470113800015,2025,Collectivité Territoriale,Commune,['Lot-et-Garonne'],['Nouvelle-Aquitaine'],COM,{47},{75}
175989f4-5920-422f-95b8-095bdefbcc5c,213102312,Commune de Grazac (31),false,{31231},Commune,2026-03-24 14:41:58.09424+01,gold_establishments_2025,,,,21310231200013,2025,Collectivité Territoriale,Commune,['Haute-Garonne'],['Occitanie'],COM,{31},{76}
1db3a882-dcf5-4ca3-81d4-5002662201bd,214301020,Commune de Grazac (43),false,{43102},Commune,2026-03-24 14:42:00.273698+01,gold_establishments_2025,,,,21430102000019,2025,Collectivité Territoriale,Commune,['Haute-Loire'],['Auvergne-Rhône-Alpes'],COM,{43},{84}
f63f215b-fabf-4f40-ad40-4c1616bcaf1f,218101061,Commune de Grazac (81),false,{81106},Commune,2026-03-24 14:42:09.967209+01,gold_establishments_2025,,,,21810106100016,2025,Collectivité Territoriale,Commune,['Tarn'],['Occitanie'],COM,{81},{76}
65e57f13-681d-481b-a8b6-7866d6967165,215301094,Commune de Grazay (53),false,{53109},Commune,2026-03-24 14:42:02.957225+01,gold_establishments_2025,,,,21530109400011,2025,Collectivité Territoriale,Commune,['Mayenne'],['Pays de la Loire'],COM,{53},{52}
16423cae-e052-496a-82ca-01549428ce03,211801030,Commune de Graçay (18),false,{18103},Commune,2026-03-24 14:41:54.903238+01,gold_establishments_2025,,,,21180103000019,2025,Collectivité Territoriale,Commune,['Cher'],['Centre-Val de Loire'],COM,{18},{24}
631f4ae1-a2fe-4d47-a989-efdafe8dda3b,213902620,Commune de Gredisans (39),false,{39262},Commune,2026-03-24 14:41:59.705606+01,gold_establishments_2025,,,,21390262000011,2025,Collectivité Territoriale,Commune,['Jura'],['Bourgogne-Franche-Comté'],COM,{39},{27}
fd445932-5663-43c7-b57b-122f538c4af4,211101696,Commune de Greffeil (11),false,{11169},Commune,2026-03-24 14:41:53.63825+01,gold_establishments_2025,,,,21110169600014,2025,Collectivité Territoriale,Commune,['Aude'],['Occitanie'],COM,{11},{76}
040e169b-73c3-452f-9cce-114294b2a5b1,215502188,Commune de Gremilly (55),false,{55218},Commune,2026-03-24 14:42:02.957225+01,gold_establishments_2025,,,,21550218800018,2025,Collectivité Territoriale,Commune,['Meuse'],['Grand Est'],COM,{55},{44}
c6418af2-8459-4c63-9324-2e61ee1c09ba,213102320,Commune de Grenade (31),false,{31232},Commune,2026-03-24 14:41:58.09424+01,gold_establishments_2025,,,,21310232000016,2025,Collectivité Territoriale,Commune,['Haute-Garonne'],['Occitanie'],COM,{31},{76}
123b4945-02b9-4abb-8d2f-99c2925bfd4b,214001174,Commune de Grenade-sur-l'Adour (40),false,{40117},Commune,2026-03-24 14:41:59.705606+01,gold_establishments_2025,,,,21400117400017,2025,Collectivité Territoriale,Commune,['Landes'],['Nouvelle-Aquitaine'],COM,{40},{75}
bce8cf17-447c-494b-9445-b81aa86248b2,215201633,Commune de Grenant (52),false,{52229},Commune,2026-03-24 14:42:01.954481+01,gold_establishments_2025,,,,21520163300017,2025,Collectivité Territoriale,Commune,['Haute-Marne'],['Grand Est'],COM,{52},{44}
462fa123-c62c-43e2-b172-af9f54cb330f,212103063,Commune de Grenant-lès-Sombernon (21),false,{21306},Commune,2026-03-24 14:41:55.433389+01,gold_establishments_2025,,,,21210306300013,2025,Collectivité Territoriale,Commune,"[""Côte-d'Or""]",['Bourgogne-Franche-Comté'],COM,{21},{27}
518eed71-9a1c-4684-a559-e6c8281d3b44,213801848,Commune de Grenay (38),false,{38184},Commune,2026-03-24 14:41:59.160244+01,gold_establishments_2025,,,,21380184800010,2025,Collectivité Territoriale,Commune,['Isère'],['Auvergne-Rhône-Alpes'],COM,{38},{84}
ebcc506c-2910-4bff-b6a9-f4549c681a4c,216203869,Commune de Grenay (62),false,{62386},Commune,2026-03-24 14:42:05.597325+01,gold_establishments_2025,,,,21620386900013,2025,Collectivité Territoriale,Commune,['Pas-de-Calais'],['Hauts-de-France'],COM,{62},{32}
e71c99bd-8b86-4ef5-b9c8-f5db283ded9a,216701672,Commune de Grendelbruch (67),false,{67167},Commune,2026-03-24 14:42:07.195692+01,gold_establishments_2025,,,,21670167200018,2025,Collectivité Territoriale,Commune,['Bas-Rhin'],['Grand Est'],COM,{67},{44}
c91a2c46-4254-431e-a71d-57271e82ed4b,214501603,Commune de Greneville-en-Beauce (45),false,{45160},Commune,2026-03-24 14:42:00.862623+01,gold_establishments_2025,,,,21450160300010,2025,Collectivité Territoriale,Commune,['Loiret'],['Centre-Val de Loire'],COM,{45},{24}
a51ad5f0-c98a-49a4-9073-e5667885666c,214301038,Commune de Grenier-Montgon (43),false,{43103},Commune,2026-03-24 14:42:00.273698+01,gold_establishments_2025,,,,21430103800011,2025,Collectivité Territoriale,Commune,['Haute-Loire'],['Auvergne-Rhône-Alpes'],COM,{43},{84}
27e07adc-864d-4de3-80c7-fdecfeefbfd6,213801855,Commune de Grenoble (38),false,{38185},Commune,2026-03-24 14:41:59.160244+01,gold_establishments_2025,,,,21380185500015,2025,Collectivité Territoriale,Commune,['Isère'],['Auvergne-Rhône-Alpes'],COM,{38},{84}
90b40ca8-9c32-446a-956b-8c8c3d9d9fde,215801309,Commune de Grenois (58),false,{58130},Commune,2026-03-24 14:42:04.280096+01,gold_establishments_2025,,,,21580130900018,2025,Collectivité Territoriale,Commune,['Nièvre'],['Bourgogne-Franche-Comté'],COM,{58},{27}
46a8685b-f3d8-4f67-b28b-6d51322879c5,211403191,Commune de Grentheville (14),false,{14319},Commune,2026-03-24 14:41:54.362296+01,gold_establishments_2025,,,,21140319100011,2025,Collectivité Territoriale,Commune,['Calvados'],['Normandie'],COM,{14},{28}
0948b296-e2ab-4dd1-9d1d-440bc4ffe8dd,213801863,Commune de Gresse-en-Vercors (38),false,{38186},Commune,2026-03-24 14:41:59.160244+01,gold_establishments_2025,,,,21380186300019,2025,Collectivité Territoriale,Commune,['Isère'],['Auvergne-Rhône-Alpes'],COM,{38},{84}
3a46095b-50d0-424f-ba23-40f5a72ea419,217802859,Commune de Gressey (78),false,{78285},Commune,2026-03-24 14:42:09.43682+01,gold_establishments_2025,,,,21780285900017,2025,Collectivité Territoriale,Commune,['Yvelines'],['Île-de-France'],COM,{78},{11}
4d5e66e3-d002-44b1-8ac2-7e5470f0053c,216701680,Commune de Gresswiller (67),false,{67168},Commune,2026-03-24 14:42:07.195692+01,gold_establishments_2025,,,,21670168000011,2025,Collectivité Territoriale,Commune,['Bas-Rhin'],['Grand Est'],COM,{67},{44}
34887779-86b6-4f63-8765-8a84f834ba07,217702141,Commune de Gressy (77),false,{77214},Commune,2026-03-24 14:42:09.43682+01,gold_establishments_2025,,,,21770214100011,2025,Collectivité Territoriale,Commune,['Seine-et-Marne'],['Île-de-France'],COM,{77},{11}
cf17f337-3a89-4318-8752-830e7dc927c8,217702158,Commune de Gretz-Armainvilliers (77),false,{77215},Commune,2026-03-24 14:42:09.43682+01,gold_establishments_2025,,,,21770215800015,2025,Collectivité Territoriale,Commune,['Seine-et-Marne'],['Île-de-France'],COM,{77},{11}
ee461e74-9ef5-45d4-ba1b-9d84299e56be,217603273,Commune de Greuville (76),false,{76327},Commune,2026-03-24 14:42:08.818969+01,gold_establishments_2025,,,,21760327300012,2025,Collectivité Territoriale,Commune,['Seine-Maritime'],['Normandie'],COM,{76},{28}
36b4facf-a2a5-45a7-bbee-52faed7463cf,218802197,Commune de Greux (88),false,{88219},Commune,2026-03-24 14:42:11.118516+01,gold_establishments_2025,,,,21880219700010,2025,Collectivité Territoriale,Commune,['Vosges'],['Grand Est'],COM,{88},{44}
7dadfdea-fa50-48a0-9637-85a4ec81eb2a,217102268,Commune de Grevilly (71),false,{71226},Commune,2026-03-24 14:42:07.735343+01,gold_establishments_2025,,,,21710226800018,2025,Collectivité Territoriale,Commune,['Saône-et-Loire'],['Bourgogne-Franche-Comté'],COM,{71},{27}
3be69d82-d8f3-4ac9-b128-afa6402236eb,216002865,Commune de Grez (60),false,{60289},Commune,2026-03-24 14:42:04.814328+01,gold_establishments_2025,,,,21600286500014,2025,Collectivité Territoriale,Commune,['Oise'],['Hauts-de-France'],COM,{60},{32}
ec4b14dd-d147-4263-a90f-2712ba29d65e,214901555,Commune de Grez-Neuville (49),false,{49155},Commune,2026-03-24 14:42:01.412377+01,gold_establishments_2025,,,,21490155500018,2025,Collectivité Territoriale,Commune,['Maine-et-Loire'],['Pays de la Loire'],COM,{49},{52}
24819c10-5717-4553-9d1f-5a56c918aa87,215301102,Commune de Grez-en-Bouère (53),false,{53110},Commune,2026-03-24 14:42:02.957225+01,gold_establishments_2025,,,,21530110200012,2025,Collectivité Territoriale,Commune,['Mayenne'],['Pays de la Loire'],COM,{53},{52}
dd343c96-43e7-43df-a813-00dd36995da8,217702166,Commune de Grez-sur-Loing (77),false,{77216},Commune,2026-03-24 14:42:09.43682+01,gold_establishments_2025,,,,21770216600018,2025,Collectivité Territoriale,Commune,['Seine-et-Marne'],['Île-de-France'],COM,{77},{11}
cb2e7fdf-100f-4a50-8943-c56253dff3ed,210203360,Commune de Gricourt (02),false,{02355},Commune,2026-03-24 14:41:52.020251+01,gold_establishments_2025,,,,21020336000016,2025,Collectivité Territoriale,Commune,['Aisne'],['Hauts-de-France'],COM,{02},{32}
29a76dc7-b07e-49b7-9339-29381db04bf2,216701698,Commune de Gries (67),false,{67169},Commune,2026-03-24 14:42:07.195692+01,gold_establishments_2025,,,,21670169800013,2025,Collectivité Territoriale,Commune,['Bas-Rhin'],['Grand Est'],COM,{67},{44}
fdcc6b41-7901-4453-b8ed-1ae25ae5fca6,216801092,Commune de Griesbach-au-Val (68),false,{68109},Commune,2026-03-24 14:42:07.195692+01,gold_establishments_2025,,,,21680109200018,2025,Collectivité Territoriale,Commune,['Haut-Rhin'],['Grand Est'],COM,{68},{44}
60246dbe-71fb-404b-9788-57b1c3bed162,216701722,Commune de Griesheim-près-Molsheim (67),false,{67172},Commune,2026-03-24 14:42:07.195692+01,gold_establishments_2025,,,,21670172200011,2025,Collectivité Territoriale,Commune,['Bas-Rhin'],['Grand Est'],COM,{67},{44}
017d0eaa-4184-4b74-8ea0-514b787c77a9,216701730,Commune de Griesheim-sur-Souffel (67),false,{67173},Commune,2026-03-24 14:42:07.195692+01,gold_establishments_2025,,,,21670173000014,2025,Collectivité Territoriale,Commune,['Bas-Rhin'],['Grand Est'],COM,{67},{44}
75d5d76c-fea1-4dbe-a3e5-b5f4ecd67516,212601462,Commune de Grignan (26),false,{26146},Commune,2026-03-24 14:41:56.495197+01,gold_establishments_2025,,,,21260146200014,2025,Collectivité Territoriale,Commune,['Drôme'],['Auvergne-Rhône-Alpes'],COM,{26},{84}
893543f0-4baa-4c12-a99d-89eefa212c91,217603281,Commune de Grigneuseville (76),false,{76328},Commune,2026-03-24 14:42:08.818969+01,gold_establishments_2025,,,,21760328100015,2025,Collectivité Territoriale,Commune,['Seine-Maritime'],['Normandie'],COM,{76},{28}
1aec1a96-142c-4442-9f1b-ee09735f94ec,212402051,Commune de Grignols (24),false,{24205},Commune,2026-03-24 14:41:55.958138+01,gold_establishments_2025,,,,21240205100016,2025,Collectivité Territoriale,Commune,['Dordogne'],['Nouvelle-Aquitaine'],COM,{24},{75}
0d74d80f-4663-4686-ae77-4bdec8326080,213301955,Commune de Grignols (33),false,{33195},Commune,2026-03-24 14:41:58.620411+01,gold_establishments_2025,,,,21330195500018,2025,Collectivité Territoriale,Commune,['Gironde'],['Nouvelle-Aquitaine'],COM,{33},{75}
7623afb7-543f-4abb-a576-007dd9798a2e,212103089,Commune de Grignon (21),false,{21308},Commune,2026-03-24 14:41:55.433389+01,gold_establishments_2025,,,,21210308900018,2025,Collectivité Territoriale,Commune,"[""Côte-d'Or""]",['Bourgogne-Franche-Comté'],COM,{21},{27}
e0da67ec-fe24-401f-b49c-6f6d0675707c,217301308,Commune de Grignon (73),false,{73130},Commune,2026-03-24 14:42:08.279287+01,gold_establishments_2025,,,,21730130800011,2025,Collectivité Territoriale,Commune,['Savoie'],['Auvergne-Rhône-Alpes'],COM,{73},{84}
070b5351-0066-4dca-81c3-5255fc17d5d7,218802205,Commune de Grignoncourt (88),false,{88220},Commune,2026-03-24 14:42:11.118516+01,gold_establishments_2025,,,,21880220500011,2025,Collectivité Territoriale,Commune,['Vosges'],['Grand Est'],COM,{88},{44}
30cdfacd-39b6-4114-b2d3-fd9ccd29d771,216203885,Commune de Grigny (62),false,{62388},Commune,2026-03-24 14:42:05.597325+01,gold_establishments_2025,,,,21620388500019,2025,Collectivité Territoriale,Commune,['Pas-de-Calais'],['Hauts-de-France'],COM,{62},{32}
882c9167-3b5e-425f-b720-1471a6d4260f,219102860,Commune de Grigny (91),false,{91286},Commune,2026-03-24 14:42:11.659493+01,gold_establishments_2025,,,,21910286000018,2025,Collectivité Territoriale,Commune,['Essonne'],['Île-de-France'],COM,{91},{11}
d20aba63-e8db-4540-ac38-5e1f871703fa,216900969,Commune de Grigny-sur-Rhône (69),false,{69096},Commune,2026-03-24 14:42:07.195692+01,gold_establishments_2025,,,,21690096900017,2025,Collectivité Territoriale,Commune,['Rhône'],['Auvergne-Rhône-Alpes'],COM,{69},{84}
0587bcef-6c33-4cc9-8b95-450f92877614,218400539,Commune de Grillon (84),false,{84053},Commune,2026-03-24 14:42:10.508772+01,gold_establishments_2025,,,,21840053900019,2025,Collectivité Territoriale,Commune,['Vaucluse'],"[""Provence-Alpes-Côte d'Azur""]",COM,{84},{93}
9ce480b4-36a5-4754-a1f8-2cfb5bd989e7,210101804,Commune de Grilly (01),false,{01180},Commune,2026-03-24 14:41:51.447482+01,gold_establishments_2025,,,,21010180400016,2025,Collectivité Territoriale,Commune,['Ain'],['Auvergne-Rhône-Alpes'],COM,{01},{84}
e0a6dec1-4ef0-4433-b5f3-5df108cf4682,215502196,Commune de Grimaucourt-en-Woëvre (55),false,{55219},Commune,2026-03-24 14:42:02.957225+01,gold_establishments_2025,,,,21550219600011,2025,Collectivité Territoriale,Commune,['Meuse'],['Grand Est'],COM,{55},{44}
c331816c-3d8c-4e33-ab66-644108d85f1c,215502204,Commune de Grimaucourt-près-Sampigny (55),false,{55220},Commune,2026-03-24 14:42:02.957225+01,gold_establishments_2025,,,,21550220400013,2025,Collectivité Territoriale,Commune,['Meuse'],['Grand Est'],COM,{55},{44}
7df7e653-db73-49f6-b9ab-e4739ad55e7e,218300689,Commune de Grimaud (83),false,{83068},Commune,2026-03-24 14:42:10.508772+01,gold_establishments_2025,,,,21830068900013,2025,Collectivité Territoriale,Commune,['Var'],"[""Provence-Alpes-Côte d'Azur""]",COM,{83},{93}
b9cda91c-4a17-4361-b3ea-b79f8b19d90a,218901940,Commune de Grimault (89),false,{89194},Commune,2026-03-24 14:42:11.118516+01,gold_establishments_2025,,,,21890194000013,2025,Collectivité Territoriale,Commune,['Yonne'],['Bourgogne-Franche-Comté'],COM,{89},{27}
9686a599-fc74-44a7-a552-ebf344633b8b,211403209,Commune de Grimbosq (14),false,{14320},Commune,2026-03-24 14:41:54.362296+01,gold_establishments_2025,,,,21140320900011,2025,Collectivité Territoriale,Commune,['Calvados'],['Normandie'],COM,{14},{28}
eeed2a0d-cf1f-44a4-85c7-2e2ad3ae59ff,215002213,Commune de Grimesnil (50),false,{50221},Commune,2026-03-24 14:42:01.412377+01,gold_establishments_2025,,,,21500221300019,2025,Collectivité Territoriale,Commune,['Manche'],['Normandie'],COM,{50},{28}
3386d86c-c7fc-4355-9562-0a3e4e6a8fe1,215402371,Commune de Grimonviller (54),false,{54237},Commune,2026-03-24 14:42:02.957225+01,gold_establishments_2025,,,,21540237100011,2025,Collectivité Territoriale,Commune,['Meurthe-et-Moselle'],['Grand Est'],COM,{54},{44}
75e7def5-883a-45b2-907a-315151ab70a4,216203893,Commune de Grincourt-lès-Pas (62),false,{62389},Commune,2026-03-24 14:42:05.597325+01,gold_establishments_2025,,,,21620389300013,2025,Collectivité Territoriale,Commune,['Pas-de-Calais'],['Hauts-de-France'],COM,{62},{32}
07273322-259a-434a-b319-d337e4668fff,215702598,Commune de Grindorff-Bizing (57),false,{57259},Commune,2026-03-24 14:42:03.701372+01,gold_establishments_2025,,,,21570259800016,2025,Collectivité Territoriale,Commune,['Moselle'],['Grand Est'],COM,{57},{44}
8d9e5c89-567c-4385-bacf-40321f621240,215402389,Commune de Gripport (54),false,{54238},Commune,2026-03-24 14:42:02.957225+01,gold_establishments_2025,,,,21540238900013,2025,Collectivité Territoriale,Commune,['Meurthe-et-Moselle'],['Grand Est'],COM,{54},{44}
a2503561-19c6-4a94-8f1d-ab4c561c84c8,215402397,Commune de Griscourt (54),false,{54239},Commune,2026-03-24 14:42:02.957225+01,gold_establishments_2025,,,,21540239700016,2025,Collectivité Territoriale,Commune,['Meurthe-et-Moselle'],['Grand Est'],COM,{54},{44}
8531dfa5-0b63-435e-99b7-5dd692f20bef,212103097,Commune de Griselles (21),false,{21309},Commune,2026-03-24 14:41:55.433389+01,gold_establishments_2025,,,,21210309700011,2025,Collectivité Territoriale,Commune,"[""Côte-d'Or""]",['Bourgogne-Franche-Comté'],COM,{21},{27}
6d2bf050-aa58-4ec3-9992-042d96526275,214501611,Commune de Griselles (45),false,{45161},Commune,2026-03-24 14:42:00.862623+01,gold_establishments_2025,,,,21450161100013,2025,Collectivité Territoriale,Commune,['Loiret'],['Centre-Val de Loire'],COM,{45},{24}
d90b7e75-9096-47b2-8fae-70f2ed48b25c,210203378,Commune de Grisolles (02),false,{02356},Commune,2026-03-24 14:41:52.020251+01,gold_establishments_2025,,,,21020337800018,2025,Collectivité Territoriale,Commune,['Aisne'],['Hauts-de-France'],COM,{02},{32}
4c9cc8f9-b1e2-4f68-81e4-a40243537d51,218200756,Commune de Grisolles (82),false,{82075},Commune,2026-03-24 14:42:10.508772+01,gold_establishments_2025,,,,21820075600011,2025,Collectivité Territoriale,Commune,['Tarn-et-Garonne'],['Occitanie'],COM,{82},{76}
5fc24ba5-5d0b-49fb-a299-b615814fd9b4,217702174,Commune de Grisy-Suisnes (77),false,{77217},Commune,2026-03-24 14:42:09.43682+01,gold_establishments_2025,,,,21770217400012,2025,Collectivité Territoriale,Commune,['Seine-et-Marne'],['Île-de-France'],COM,{77},{11}
ac2ae57d-6a16-45bb-9195-123b9e32d4ea,219502879,Commune de Grisy-les-Plâtres (95),false,{95287},Commune,2026-03-24 14:42:11.659493+01,gold_establishments_2025,,,,21950287900014,2025,Collectivité Territoriale,Commune,"[""Val-d'Oise""]",['Île-de-France'],COM,{95},{11}
67613962-425f-498f-8e27-27c6c1704371,217702182,Commune de Grisy-sur-Seine (77),false,{77218},Commune,2026-03-24 14:42:09.43682+01,gold_establishments_2025,,,,21770218200015,2025,Collectivité Territoriale,Commune,['Seine-et-Marne'],['Île-de-France'],COM,{77},{11}
03ac5f58-7880-4811-bfa0-7afaede91170,212402069,Commune de Grives (24),false,{24206},Commune,2026-03-24 14:41:55.958138+01,gold_establishments_2025,,,,21240206900018,2025,Collectivité Territoriale,Commune,['Dordogne'],['Nouvelle-Aquitaine'],COM,{24},{75}
aa833969-780c-4d92-aea5-94904a95bdbd,218003747,Commune de Grivesnes (80),false,{80390},Commune,2026-03-24 14:42:09.967209+01,gold_establishments_2025,,,,21800374700019,2025,Collectivité Territoriale,Commune,['Somme'],['Hauts-de-France'],COM,{80},{32}
aac196b0-be92-4df2-9200-bb2056b85f8c,218003754,Commune de Grivillers (80),false,{80391},Commune,2026-03-24 14:42:09.967209+01,gold_establishments_2025,,,,21800375400015,2025,Collectivité Territoriale,Commune,['Somme'],['Hauts-de-France'],COM,{80},{32}
81278847-dec9-4f49-aa74-692d8611b77e,210801833,Commune de Grivy-Loisy (08),false,{08200},Commune,2026-03-24 14:41:52.562531+01,gold_establishments_2025,,,,21080183300018,2025,Collectivité Territoriale,Commune,['Ardennes'],['Grand Est'],COM,{08},{44}
2a9e7ce3-d68f-4faa-8184-4559264414ca,210101796,Commune de Grièges (01),false,{01179},Commune,2026-03-24 14:41:51.447482+01,gold_establishments_2025,,,,21010179600014,2025,Collectivité Territoriale,Commune,['Ain'],['Auvergne-Rhône-Alpes'],COM,{01},{84}
49eb0346-5e4f-4e28-bb16-feffd9fcd6d7,216203901,Commune de Groffliers (62),false,{62390},Commune,2026-03-24 14:42:05.597325+01,gold_establishments_2025,,,,21620390100014,2025,Collectivité Territoriale,Commune,['Pas-de-Calais'],['Hauts-de-France'],COM,{62},{32}
bc4d493a-6b8d-4c9d-b86b-00fe55b12916,211801048,Commune de Groises (18),false,{18104},Commune,2026-03-24 14:41:54.903238+01,gold_establishments_2025,,,,21180104800011,2025,Collectivité Territoriale,Commune,['Cher'],['Centre-Val de Loire'],COM,{18},{24}
6549a764-d822-4d9e-84e3-1d9e7af69cd6,210101812,Commune de Groissiat (01),false,{01181},Commune,2026-03-24 14:41:51.447482+01,gold_establishments_2025,,,,21010181200019,2025,Collectivité Territoriale,Commune,['Ain'],['Auvergne-Rhône-Alpes'],COM,{01},{84}
b99443d9-8cf6-4200-8965-9dbd77700cff,217401371,Commune de Groisy (74),false,{74137},Commune,2026-03-24 14:42:08.279287+01,gold_establishments_2025,,,,21740137100018,2025,Collectivité Territoriale,Commune,['Haute-Savoie'],['Auvergne-Rhône-Alpes'],COM,{74},{84}
4acbe2af-470b-4e1e-9969-b9c9cd211fe4,215600693,Commune de Groix (56),false,{56069},Commune,2026-03-24 14:42:03.701372+01,gold_establishments_2025,,,,21560069300018,2025,Collectivité Territoriale,Commune,['Morbihan'],['Bretagne'],COM,{56},{53}
2c9098c0-4af1-483a-b479-e0f47318c6cd,212402077,Commune de Groléjac (24),false,{24207},Commune,2026-03-24 14:41:55.958138+01,gold_establishments_2025,,,,21240207700011,2025,Collectivité Territoriale,Commune,['Dordogne'],['Nouvelle-Aquitaine'],COM,{24},{75}
7e5113a2-ecde-4500-aac6-3145ca65b3f1,211801055,Commune de Gron (18),false,{18105},Commune,2026-03-24 14:41:54.903238+01,gold_establishments_2025,,,,21180105500016,2025,Collectivité Territoriale,Commune,['Cher'],['Centre-Val de Loire'],COM,{18},{24}
2089c7a7-b70d-4608-a6f2-9cd9d8e981f7,218901957,Commune de Gron (89),false,{89195},Commune,2026-03-24 14:42:11.118516+01,gold_establishments_2025,,,,21890195700017,2025,Collectivité Territoriale,Commune,['Yonne'],['Bourgogne-Franche-Comté'],COM,{89},{27}
609e607f-d10e-4201-a540-7f7edd2d2962,210203386,Commune de Gronard (02),false,{02357},Commune,2026-03-24 14:41:52.020251+01,gold_establishments_2025,,,,21020338600011,2025,Collectivité Territoriale,Commune,['Aisne'],['Hauts-de-France'],COM,{02},{32}
8ace66bf-5364-460b-bb34-f470e92a5fa2,211908900,Commune de Gros-Chastang (19),false,{19089},Commune,2026-03-24 14:41:54.903238+01,gold_establishments_2025,,,,21190890000015,2025,Collectivité Territoriale,Commune,['Corrèze'],['Nouvelle-Aquitaine'],COM,{19},{75}
7802e6d8-493a-4447-9293-32273bf04f1c,219722121,Commune de Gros-Morne (972),false,{97212},Commune,2026-03-24 14:42:11.659493+01,gold_establishments_2025,,,,21972212100015,2025,Collectivité Territoriale,Commune,['Martinique'],['Martinique'],COM,{972},{02}
3d24a928-5320-43cb-abbd-aa68c1de19d7,215702614,Commune de Gros-Réderching (57),false,{57261},Commune,2026-03-24 14:42:03.701372+01,gold_establishments_2025,,,,21570261400011,2025,Collectivité Territoriale,Commune,['Moselle'],['Grand Est'],COM,{57},{44}
658baecb-55ce-45bf-b88c-456a0ed50964,215702606,Commune de Grosbliederstroff (57),false,{57260},Commune,2026-03-24 14:42:03.701372+01,gold_establishments_2025,,,,21570260600017,2025,Collectivité Territoriale,Commune,['Moselle'],['Grand Est'],COM,{57},{44}
80707cc4-11c2-4d2f-baf2-6e71dec7ac7a,212502983,Commune de Grosbois (25),false,{25298},Commune,2026-03-24 14:41:56.495197+01,gold_establishments_2025,,,,21250298300019,2025,Collectivité Territoriale,Commune,['Doubs'],['Bourgogne-Franche-Comté'],COM,{25},{27}
6350b136-3580-4779-9084-eeb341d8f2ba,212103105,Commune de Grosbois-en-Montagne (21),false,{21310},Commune,2026-03-24 14:41:55.433389+01,gold_establishments_2025,,,,21210310500012,2025,Collectivité Territoriale,Commune,"[""Côte-d'Or""]",['Bourgogne-Franche-Comté'],COM,{21},{27}
78dbbe3c-3e16-48cb-9a3d-bafd1a437d7a,212103113,Commune de Grosbois-lès-Tichey (21),false,{21311},Commune,2026-03-24 14:41:55.433389+01,gold_establishments_2025,,,,21210311300016,2025,Collectivité Territoriale,Commune,"[""Côte-d'Or""]",['Bourgogne-Franche-Comté'],COM,{21},{27}
6001ec7a-dc2e-402a-a73b-cf067c9716e3,218501039,Commune de Grosbreuil (85),false,{85103},Commune,2026-03-24 14:42:10.508772+01,gold_establishments_2025,,,,21850103900018,2025,Collectivité Territoriale,Commune,['Vendée'],['Pays de la Loire'],COM,{85},{52}
4ed73342-9cd9-462c-800a-cbcee62cdfc5,219502887,Commune de Groslay (95),false,{95288},Commune,2026-03-24 14:42:11.659493+01,gold_establishments_2025,,,,21950288700017,2025,Collectivité Territoriale,Commune,"[""Val-d'Oise""]",['Île-de-France'],COM,{95},{11}
20f00ee5-d92b-4549-be6e-2a28d664543c,212703003,Commune de Grosley-sur-Risle (27),false,{27300},Commune,2026-03-24 14:41:57.028721+01,gold_establishments_2025,,,,21270300300013,2025,Collectivité Territoriale,Commune,['Eure'],['Normandie'],COM,{27},{28}
09490692-13f6-4450-847b-3426699c82f7,200060143,Commune de Groslée-Saint-Benoit (01),false,{01338},Commune,2026-03-24 14:41:51.447482+01,gold_establishments_2025,,,,20006014300019,2025,Collectivité Territoriale,Commune,['Ain'],['Auvergne-Rhône-Alpes'],COM,{01},{84}
6f0a1d8a-3dad-476e-bbcd-eba39c1cca2c,219000544,Commune de Grosmagny (90),false,{90054},Commune,2026-03-24 14:42:11.659493+01,gold_establishments_2025,,,,21900054400011,2025,Collectivité Territoriale,Commune,['Territoire de Belfort'],['Bourgogne-Franche-Comté'],COM,{90},{27}
2c24ac23-197d-4288-8126-16d8e20f73b4,219000551,Commune de Grosne (90),false,{90055},Commune,2026-03-24 14:42:11.659493+01,gold_establishments_2025,,,,21900055100016,2025,Collectivité Territoriale,Commune,['Territoire de Belfort'],['Bourgogne-Franche-Comté'],COM,{90},{27}
5342ba7f-f4ec-4ece-9b62-e3dc8439b710,210701017,Commune de Grospierres (07),false,{07101},Commune,2026-03-24 14:41:52.562531+01,gold_establishments_2025,,,,21070101700019,2025,Collectivité Territoriale,Commune,['Ardèche'],['Auvergne-Rhône-Alpes'],COM,{07},{84}
ff5702a2-9cde-4a11-9aee-94996a6381e1,217802891,Commune de Grosrouvre (78),false,{78289},Commune,2026-03-24 14:42:09.43682+01,gold_establishments_2025,,,,21780289100010,2025,Collectivité Territoriale,Commune,['Yvelines'],['Île-de-France'],COM,{78},{11}
373c3534-5828-451a-85a0-2beddfff8878,215402405,Commune de Grosrouvres (54),false,{54240},Commune,2026-03-24 14:42:02.957225+01,gold_establishments_2025,,,,21540240500017,2025,Collectivité Territoriale,Commune,['Meurthe-et-Moselle'],['Grand Est'],COM,{54},{44}
4c413660-416a-4495-8001-da4fb03d345c,212001291,Commune de Grossa (2A),false,{2A129},Commune,2026-03-24 14:41:57.56054+01,gold_establishments_2025,,,,21200129100013,2025,Collectivité Territoriale,Commune,['Corse-du-Sud'],['Corse'],COM,{2A},{94}
42c02df0-c4ab-4089-a29f-56e9db27d287,212001309,Commune de Grosseto-Prugna (2A),false,{2A130},Commune,2026-03-24 14:41:57.56054+01,gold_establishments_2025,,,,21200130900013,2025,Collectivité Territoriale,Commune,['Corse-du-Sud'],['Corse'],COM,{2A},{94}
5b731f2f-e164-42e7-82fc-cf3694121a68,211801063,Commune de Grossouvre (18),false,{18106},Commune,2026-03-24 14:41:54.903238+01,gold_establishments_2025,,,,21180106300010,2025,Collectivité Territoriale,Commune,['Cher'],['Centre-Val de Loire'],COM,{18},{24}
353162a3-2ab8-4365-bbdf-59e0f2cf9450,212703011,Commune de Grossœuvre (27),false,{27301},Commune,2026-03-24 14:41:57.028721+01,gold_establishments_2025,,,,21270301100016,2025,Collectivité Territoriale,Commune,['Eure'],['Normandie'],COM,{27},{28}
5a4a1b41-aa5a-47f9-94b3-e766f3dbcfa1,215702622,Commune de Grostenquin (57),false,{57262},Commune,2026-03-24 14:42:03.701372+01,gold_establishments_2025,,,,21570262200014,2025,Collectivité Territoriale,Commune,['Moselle'],['Grand Est'],COM,{57},{44}
c0eda3fa-624c-4c47-b2c5-952cac861102,215002221,Commune de Grosville (50),false,{50222},Commune,2026-03-24 14:42:01.412377+01,gold_establishments_2025,,,,21500222100012,2025,Collectivité Territoriale,Commune,['Manche'],['Normandie'],COM,{50},{28}
0f155c79-5388-45fa-837f-8afdda2583ac,218003762,Commune de Grouches-Luchuel (80),false,{80392},Commune,2026-03-24 14:42:09.967209+01,gold_establishments_2025,,,,21800376200018,2025,Collectivité Territoriale,Commune,['Somme'],['Hauts-de-France'],COM,{80},{32}
e1c3dc36-5beb-4b75-a685-35d58d0547ac,210203394,Commune de Grougis (02),false,{02358},Commune,2026-03-24 14:41:52.020251+01,gold_establishments_2025,,,,21020339400015,2025,Collectivité Territoriale,Commune,['Aisne'],['Hauts-de-France'],COM,{02},{32}
9b30a301-58db-41dd-9f47-2e030007a45a,213902638,Commune de Grozon (39),false,{39263},Commune,2026-03-24 14:41:59.705606+01,gold_establishments_2025,,,,21390263800013,2025,Collectivité Territoriale,Commune,['Jura'],['Bourgogne-Franche-Comté'],COM,{39},{27}
6d6c44d3-7b5e-43a7-b48f-774908981896,217603307,Commune de Gruchet-Saint-Siméon (76),false,{76330},Commune,2026-03-24 14:42:08.818969+01,gold_establishments_2025,,,,21760330700018,2025,Collectivité Territoriale,Commune,['Seine-Maritime'],['Normandie'],COM,{76},{28}
2accf5e5-0f18-4997-a1df-fff46aa04f17,217603299,Commune de Gruchet-le-Valasse (76),false,{76329},Commune,2026-03-24 14:42:08.818969+01,gold_establishments_2025,,,,21760329900017,2025,Collectivité Territoriale,Commune,['Seine-Maritime'],['Normandie'],COM,{76},{28}
cbb884f8-83e4-47e1-a4d6-488e792b0e1a,218501047,Commune de Grues (85),false,{85104},Commune,2026-03-24 14:42:10.508772+01,gold_establishments_2025,,,,21850104700011,2025,Collectivité Territoriale,Commune,['Vendée'],['Pays de la Loire'],COM,{85},{52}
0c7768b9-0e61-4e68-a7da-9a05593a770e,218802213,Commune de Gruey-lès-Surance (88),false,{88221},Commune,2026-03-24 14:42:11.118516+01,gold_establishments_2025,,,,21880221300015,2025,Collectivité Territoriale,Commune,['Vosges'],['Grand Est'],COM,{88},{44}
0aabdb54-d71a-4ae6-9e71-4780829fd3f9,217401389,Commune de Gruffy (74),false,{74138},Commune,2026-03-24 14:42:08.279287+01,gold_establishments_2025,,,,21740138900010,2025,Collectivité Territoriale,Commune,['Haute-Savoie'],['Auvergne-Rhône-Alpes'],COM,{74},{84}
aa8fd4b4-4f11-4217-bbe7-d415dedf0676,210203402,Commune de Grugies (02),false,{02359},Commune,2026-03-24 14:41:52.020251+01,gold_establishments_2025,,,,21020340200016,2025,Collectivité Territoriale,Commune,['Aisne'],['Hauts-de-France'],COM,{02},{32}
96c10234-765a-4710-b004-c4d4dd917111,217603315,Commune de Grugny (76),false,{76331},Commune,2026-03-24 14:42:08.818969+01,gold_establishments_2025,,,,21760331500011,2025,Collectivité Territoriale,Commune,['Seine-Maritime'],['Normandie'],COM,{76},{28}
8fb39dc6-68d5-476f-9124-68d8eb9f6012,211101704,Commune de Gruissan (11),false,{11170},Commune,2026-03-24 14:41:53.63825+01,gold_establishments_2025,,,,21110170400016,2025,Collectivité Territoriale,Commune,['Aude'],['Occitanie'],COM,{11},{76}
bec9658c-77a5-4fce-9ed2-b875a8ec9b73,217603323,Commune de Grumesnil (76),false,{76332},Commune,2026-03-24 14:42:08.818969+01,gold_establishments_2025,,,,21760332300015,2025,Collectivité Territoriale,Commune,['Seine-Maritime'],['Normandie'],COM,{76},{28}
519067da-ee19-4594-89b0-2a9d95ea6ea8,212402085,Commune de Grun-Bordas (24),false,{24208},Commune,2026-03-24 14:41:55.958138+01,gold_establishments_2025,,,,21240208500014,2025,Collectivité Territoriale,Commune,['Dordogne'],['Nouvelle-Aquitaine'],COM,{24},{75}
45ec9395-9e34-40ac-a206-b0b4bbb8a14c,215702630,Commune de Grundviller (57),false,{57263},Commune,2026-03-24 14:42:03.701372+01,gold_establishments_2025,,,,21570263000017,2025,Collectivité Territoriale,Commune,['Moselle'],['Grand Est'],COM,{57},{44}
1bdb62ad-8be7-4e15-b810-92043d172a29,218003770,Commune de Gruny (80),false,{80393},Commune,2026-03-24 14:42:09.967209+01,gold_establishments_2025,,,,21800377000011,2025,Collectivité Territoriale,Commune,['Somme'],['Hauts-de-France'],COM,{80},{32}
cf831a09-1905-46f7-ba18-b7bee6781bda,217102276,Commune de Grury (71),false,{71227},Commune,2026-03-24 14:42:07.735343+01,gold_establishments_2025,,,,21710227600011,2025,Collectivité Territoriale,Commune,['Saône-et-Loire'],['Bourgogne-Franche-Comté'],COM,{71},{27}
1c802430-f2da-4835-981c-34e4195020a2,215902750,Commune de Gruson (59),false,{59275},Commune,2026-03-24 14:42:04.280096+01,gold_establishments_2025,,,,21590275000011,2025,Collectivité Territoriale,Commune,['Nord'],['Hauts-de-France'],COM,{59},{32}
83b9abee-559b-4e4a-9094-3c5cf9643066,216801100,Commune de Grussenheim (68),false,{68110},Commune,2026-03-24 14:42:07.195692+01,gold_establishments_2025,,,,21680110000019,2025,Collectivité Territoriale,Commune,['Haut-Rhin'],['Grand Est'],COM,{68},{44}
d300a809-ce15-467e-a610-eeb01a5dcf2c,216502104,Commune de Grust (65),false,{65210},Commune,2026-03-24 14:42:06.665412+01,gold_establishments_2025,,,,21650210400013,2025,Collectivité Territoriale,Commune,['Hautes-Pyrénées'],['Occitanie'],COM,{65},{76}
173e8b0b-8662-4bc0-a7e3-5c4e5f40180e,210801841,Commune de Gruyères (08),false,{08201},Commune,2026-03-24 14:41:52.562531+01,gold_establishments_2025,,,,21080184100011,2025,Collectivité Territoriale,Commune,['Ardennes'],['Grand Est'],COM,{08},{44}
b51ff453-69aa-4aee-8843-eafa27387b2e,212200687,Commune de Grâce-Uzel (22),false,{22068},Commune,2026-03-24 14:41:55.433389+01,gold_establishments_2025,,,,21220068700011,2025,Collectivité Territoriale,Commune,"[""Côtes-d'Armor""]",['Bretagne'],COM,{22},{53}
65c63de4-6200-47e2-ba68-07f185260e48,212200679,Commune de Grâces (22),false,{22067},Commune,2026-03-24 14:41:55.433389+01,gold_establishments_2025,,,,21220067900018,2025,Collectivité Territoriale,Commune,"[""Côtes-d'Armor""]",['Bretagne'],COM,{22},{53}
807e1e06-04de-4b6e-b0d9-01a08a946a2c,217603240,Commune de Grèges (76),false,{76324},Commune,2026-03-24 14:42:08.818969+01,gold_establishments_2025,,,,21760324000011,2025,Collectivité Territoriale,Commune,['Seine-Maritime'],['Normandie'],COM,{76},{28}
1bc7edaf-b269-4f3c-980f-27ad9cf1fa34,214301046,Commune de Grèzes (43),false,{43104},Commune,2026-03-24 14:42:00.273698+01,gold_establishments_2025,,,,21430104600014,2025,Collectivité Territoriale,Commune,['Haute-Loire'],['Auvergne-Rhône-Alpes'],COM,{43},{84}
3424bb08-67bd-4a09-95ab-6f91f678da10,214601312,Commune de Grèzes (46),false,{46131},Commune,2026-03-24 14:42:00.862623+01,gold_establishments_2025,,,,21460131200017,2025,Collectivité Territoriale,Commune,['Lot'],['Occitanie'],COM,{46},{76}
27bc76dd-4b73-4609-ab9c-6d5a6706dd49,214800724,Commune de Grèzes (48),false,{48072},Commune,2026-03-24 14:42:01.412377+01,gold_establishments_2025,,,,21480072400012,2025,Collectivité Territoriale,Commune,['Lozère'],['Occitanie'],COM,{48},{76}
5414f819-dca0-458a-8990-2433c7d70922,214601296,Commune de Gréalou (46),false,{46129},Commune,2026-03-24 14:42:00.862623+01,gold_establishments_2025,,,,21460129600012,2025,Collectivité Territoriale,Commune,['Lot'],['Occitanie'],COM,{46},{76}
c7eef386-b5a9-4bb3-868b-c7844e751bcf,211300462,Commune de Gréasque (13),false,{13046},Commune,2026-03-24 14:41:53.63825+01,gold_establishments_2025,,,,21130046200010,2025,Collectivité Territoriale,Commune,['Bouches-du-Rhône'],"[""Provence-Alpes-Côte d'Azur""]",COM,{13},{93}
6301266a-4067-4950-afe2-43ee59cbe8d7,218003721,Commune de Grébault-Mesnil (80),false,{80388},Commune,2026-03-24 14:42:09.967209+01,gold_establishments_2025,,,,21800372100014,2025,Collectivité Territoriale,Commune,['Somme'],['Hauts-de-France'],COM,{80},{32}
581bcb00-e477-46ac-882b-fed836e3cabe,217201441,Commune de Gréez-sur-Roc (72),false,{72144},Commune,2026-03-24 14:42:08.279287+01,gold_establishments_2025,,,,21720144100011,2025,Collectivité Territoriale,Commune,['Sarthe'],['Pays de la Loire'],COM,{72},{52}
895e4350-9f4b-4d0c-a7ed-0dc6deeb112c,215702572,Commune de Grémecey (57),false,{57257},Commune,2026-03-24 14:42:03.701372+01,gold_establishments_2025,,,,21570257200011,2025,Collectivité Territoriale,Commune,['Moselle'],['Grand Est'],COM,{57},{44}
5d440603-27be-4d86-9698-e9ef70510de4,217603257,Commune de Grémonville (76),false,{76325},Commune,2026-03-24 14:42:08.818969+01,gold_establishments_2025,,,,21760325700015,2025,Collectivité Territoriale,Commune,['Seine-Maritime'],['Normandie'],COM,{76},{28}
6607f7fd-664e-44e0-8794-bd917b1f8068,216002857,Commune de Grémévillers (60),false,{60288},Commune,2026-03-24 14:42:04.814328+01,gold_establishments_2025,,,,21600285700011,2025,Collectivité Territoriale,Commune,['Oise'],['Hauts-de-France'],COM,{60},{32}
a7a89322-628f-4389-a8f0-66e956dfa6c8,215702580,Commune de Gréning (57),false,{57258},Commune,2026-03-24 14:42:03.701372+01,gold_establishments_2025,,,,21570258000014,2025,Collectivité Territoriale,Commune,['Moselle'],['Grand Est'],COM,{57},{44}
7eca51c7-e367-4dfb-ba8d-c1e01ae4b860,210600706,Commune de Gréolières (06),false,{06070},Commune,2026-03-24 14:41:52.562531+01,gold_establishments_2025,,,,21060070600019,2025,Collectivité Territoriale,Commune,['Alpes-Maritimes'],"[""Provence-Alpes-Côte d'Azur""]",COM,{06},{93}
9cd3321f-d57c-4cd9-ad47-717aa05d1b17,210400941,Commune de Gréoux-les-Bains (04),false,{04094},Commune,2026-03-24 14:41:52.020251+01,gold_establishments_2025,,,,21040094100014,2025,Collectivité Territoriale,Commune,['Alpes-de-Haute-Provence'],"[""Provence-Alpes-Côte d'Azur""]",COM,{04},{93}
625222a0-e3f2-402c-90fe-a970d9e45d3b,213102338,Commune de Grépiac (31),false,{31233},Commune,2026-03-24 14:41:58.09424+01,gold_establishments_2025,,,,21310233800018,2025,Collectivité Territoriale,Commune,['Haute-Garonne'],['Occitanie'],COM,{31},{76}
a80558ce-4d93-47a6-8231-1e47be8d16b0,212103071,Commune de Grésigny-Sainte-Reine (21),false,{21307},Commune,2026-03-24 14:41:55.433389+01,gold_establishments_2025,,,,21210307100016,2025,Collectivité Territoriale,Commune,"[""Côte-d'Or""]",['Bourgogne-Franche-Comté'],COM,{21},{27}
169d120a-8eda-4ce6-a51e-e2e0f6460a89,217301282,Commune de Grésy-sur-Aix (73),false,{73128},Commune,2026-03-24 14:42:08.279287+01,gold_establishments_2025,,,,21730128200018,2025,Collectivité Territoriale,Commune,['Savoie'],['Auvergne-Rhône-Alpes'],COM,{73},{84}
4f40131f-2f6f-421e-9cd8-c7b0e5c49aa4,217301290,Commune de Grésy-sur-Isère (73),false,{73129},Commune,2026-03-24 14:42:08.279287+01,gold_establishments_2025,,,,21730129000011,2025,Collectivité Territoriale,Commune,['Savoie'],['Auvergne-Rhône-Alpes'],COM,{73},{84}
6708d51d-fbd9-4272-b787-9ea40690447a,216203877,Commune de Grévillers (62),false,{62387},Commune,2026-03-24 14:42:05.597325+01,gold_establishments_2025,,,,21620387700016,2025,Collectivité Territoriale,Commune,['Pas-de-Calais'],['Hauts-de-France'],COM,{62},{32}
2c421443-d8a9-4b62-a692-f7548620ca6f,211701834,Commune de Grézac (17),false,{17183},Commune,2026-03-24 14:41:54.903238+01,gold_establishments_2025,,,,21170183400015,2025,Collectivité Territoriale,Commune,['Charente-Maritime'],['Nouvelle-Aquitaine'],COM,{17},{75}
004b0f37-9587-4e31-8f8f-be5f4859df65,214601304,Commune de Grézels (46),false,{46130},Commune,2026-03-24 14:42:00.862623+01,gold_establishments_2025,,,,21460130400014,2025,Collectivité Territoriale,Commune,['Lot'],['Occitanie'],COM,{46},{76}
53712f35-c584-4dee-ac09-e57b1c9b93b2,214701146,Commune de Grézet-Cavagnan (47),false,{47114},Commune,2026-03-24 14:42:00.862623+01,gold_establishments_2025,,,,21470114600018,2025,Collectivité Territoriale,Commune,['Lot-et-Garonne'],['Nouvelle-Aquitaine'],COM,{47},{75}
b5ff1862-92cb-418a-abeb-a03da5483934,216502096,Commune de Grézian (65),false,{65209},Commune,2026-03-24 14:42:06.665412+01,gold_establishments_2025,,,,21650209600011,2025,Collectivité Territoriale,Commune,['Hautes-Pyrénées'],['Occitanie'],COM,{65},{76}
8e5b9285-0de5-4c93-b9a8-6dcabd9efb34,216900944,Commune de Grézieu-la-Varenne (69),false,{69094},Commune,2026-03-24 14:42:07.195692+01,gold_establishments_2025,,,,21690094400010,2025,Collectivité Territoriale,Commune,['Rhône'],['Auvergne-Rhône-Alpes'],COM,{69},{84}
89787bc0-46c8-4def-822a-e83cd15a81c4,216900951,Commune de Grézieu-le-Marché (69),false,{69095},Commune,2026-03-24 14:42:07.195692+01,gold_establishments_2025,,,,21690095100015,2025,Collectivité Territoriale,Commune,['Rhône'],['Auvergne-Rhône-Alpes'],COM,{69},{84}
65840901-f4ad-4be9-bc02-283e291340cc,214201055,Commune de Grézieux-le-Fromental (42),false,{42105},Commune,2026-03-24 14:42:00.273698+01,gold_establishments_2025,,,,21420105500016,2025,Collectivité Territoriale,Commune,['Loire'],['Auvergne-Rhône-Alpes'],COM,{42},{84}
cfbbb099-2c79-4e61-a5af-58001743b8ac,213301948,Commune de Grézillac (33),false,{33194},Commune,2026-03-24 14:41:58.620411+01,gold_establishments_2025,,,,21330194800013,2025,Collectivité Territoriale,Commune,['Gironde'],['Nouvelle-Aquitaine'],COM,{33},{75}
ecfc8073-c7bc-45da-9200-917a5aab9aa4,214201063,Commune de Grézolles (42),false,{42106},Commune,2026-03-24 14:42:00.273698+01,gold_establishments_2025,,,,21420106300010,2025,Collectivité Territoriale,Commune,['Loire'],['Auvergne-Rhône-Alpes'],COM,{42},{84}
932c6fd0-76ec-4f04-887b-979a0b67b3e9,212001317,Commune de Guagno (2A),false,{2A131},Commune,2026-03-24 14:41:57.56054+01,gold_establishments_2025,,,,21200131700016,2025,Collectivité Territoriale,Commune,['Corse-du-Sud'],['Corse'],COM,{2A},{94}
3ad2ac56-6994-41c5-ae9d-5f743ba93afa,212801872,Commune de Guainville (28),false,{28187},Commune,2026-03-24 14:41:57.028721+01,gold_establishments_2025,,,,21280187200012,2025,Collectivité Territoriale,Commune,['Eure-et-Loir'],['Centre-Val de Loire'],COM,{28},{24}
0181d900-cd86-4174-9669-16bcb0cf7eb4,216203919,Commune de Guarbecque (62),false,{62391},Commune,2026-03-24 14:42:05.597325+01,gold_establishments_2025,,,,21620391900065,2025,Collectivité Territoriale,Commune,['Pas-de-Calais'],['Hauts-de-France'],COM,{62},{32}
202a1cfc-dbd2-4f00-a8f8-eb072407f6f7,212001325,Commune de Guargualé (2A),false,{2A132},Commune,2026-03-24 14:41:57.56054+01,gold_establishments_2025,,,,21200132500019,2025,Collectivité Territoriale,Commune,['Corse-du-Sud'],['Corse'],COM,{2A},{94}
aa4724ef-214d-4075-a532-a8f998d79cbe,216502112,Commune de Guchan (65),false,{65211},Commune,2026-03-24 14:42:06.665412+01,gold_establishments_2025,,,,21650211200016,2025,Collectivité Territoriale,Commune,['Hautes-Pyrénées'],['Occitanie'],COM,{65},{76}
aeb6ab2a-3125-4a81-b76c-f85c0e09ea5e,216502120,Commune de Guchen (65),false,{65212},Commune,2026-03-24 14:42:06.665412+01,gold_establishments_2025,,,,21650212000019,2025,Collectivité Territoriale,Commune,['Hautes-Pyrénées'],['Occitanie'],COM,{65},{76}
6caa332b-6c6c-4d7c-b939-cf1e751257f4,210901377,Commune de Gudas (09),false,{09137},Commune,2026-03-24 14:41:53.095366+01,gold_establishments_2025,,,,21090137700015,2025,Collectivité Territoriale,Commune,['Ariège'],['Occitanie'],COM,{09},{76}
2cdf144e-60a7-4217-a616-7b5f1d380273,215201641,Commune de Gudmont-Villiers (52),false,{52230},Commune,2026-03-24 14:42:01.954481+01,gold_establishments_2025,,,,21520164100010,2025,Collectivité Territoriale,Commune,['Haute-Marne'],['Grand Est'],COM,{52},{44}
156c30ed-c16d-4436-95fb-5af3703edc8e,215702648,Commune de Guebenhouse (57),false,{57264},Commune,2026-03-24 14:42:03.701372+01,gold_establishments_2025,,,,21570264800068,2025,Collectivité Territoriale,Commune,['Moselle'],['Grand Est'],COM,{57},{44}
228942a2-be64-4d1f-9dca-5c6d033e3095,216801118,Commune de Gueberschwihr (68),false,{68111},Commune,2026-03-24 14:42:07.195692+01,gold_establishments_2025,,,,21680111800011,2025,Collectivité Territoriale,Commune,['Haut-Rhin'],['Grand Est'],COM,{68},{44}
62a069b0-b5c7-4acf-9150-836b72a19441,216801126,Commune de Guebwiller (68),false,{68112},Commune,2026-03-24 14:42:07.195692+01,gold_establishments_2025,,,,21680112600014,2025,Collectivité Territoriale,Commune,['Haut-Rhin'],['Grand Est'],COM,{68},{44}
99ad0a6a-8e51-4cc2-8782-ddf1cafdfa97,215600727,Commune de Gueltas (56),false,{56072},Commune,2026-03-24 14:42:03.701372+01,gold_establishments_2025,,,,21560072700014,2025,Collectivité Territoriale,Commune,['Morbihan'],['Bretagne'],COM,{56},{53}
9b319df2-7da8-4145-ad8f-0547c9161107,216203935,Commune de Guemps (62),false,{62393},Commune,2026-03-24 14:42:05.597325+01,gold_establishments_2025,,,,21620393500012,2025,Collectivité Territoriale,Commune,['Pas-de-Calais'],['Hauts-de-France'],COM,{62},{32}
783aeaa3-831a-490d-a8f4-18457afc56ef,212900666,Commune de Guengat (29),false,{29066},Commune,2026-03-24 14:41:57.028721+01,gold_establishments_2025,,,,21290066600067,2025,Collectivité Territoriale,Commune,['Finistère'],['Bretagne'],COM,{29},{53}
f53d1e1b-5b9c-4a7a-944d-ff19e7e0d38e,212200695,Commune de Guenroc (22),false,{22069},Commune,2026-03-24 14:41:55.433389+01,gold_establishments_2025,,,,21220069500014,2025,Collectivité Territoriale,Commune,"[""Côtes-d'Armor""]",['Bretagne'],COM,{22},{53}
e7e65a1f-e815-41d9-bf19-36d0813905e0,214400681,Commune de Guenrouet (44),false,{44068},Commune,2026-03-24 14:42:00.273698+01,gold_establishments_2025,,,,21440068100018,2025,Collectivité Territoriale,Commune,['Loire-Atlantique'],['Pays de la Loire'],COM,{44},{52}
b1fd05c3-e858-482a-ac01-3c043b9865b1,215702713,Commune de Guenviller (57),false,{57271},Commune,2026-03-24 14:42:03.701372+01,gold_establishments_2025,,,,21570271300011,2025,Collectivité Territoriale,Commune,['Moselle'],['Grand Est'],COM,{57},{44}
8bad224e-b7cb-4518-8a9b-ff5e96f71b7c,215600750,Commune de Guer (56),false,{56075},Commune,2026-03-24 14:42:03.701372+01,gold_establishments_2025,,,,21560075000016,2025,Collectivité Territoriale,Commune,['Morbihan'],['Bretagne'],COM,{56},{53}
3d0bb2e6-2819-4439-ac60-86838139970e,218003788,Commune de Guerbigny (80),false,{80395},Commune,2026-03-24 14:42:09.967209+01,gold_establishments_2025,,,,21800378800013,2025,Collectivité Territoriale,Commune,['Somme'],['Hauts-de-France'],COM,{80},{32}
f542f575-f4b8-439e-875e-89eb71e7f90a,217702208,Commune de Guercheville (77),false,{77220},Commune,2026-03-24 14:42:09.43682+01,gold_establishments_2025,,,,21770220800018,2025,Collectivité Territoriale,Commune,['Seine-et-Marne'],['Île-de-France'],COM,{77},{11}
d58096ec-ecf9-475d-a001-9c53740807e6,217102284,Commune de Guerfand (71),false,{71228},Commune,2026-03-24 14:42:07.735343+01,gold_establishments_2025,,,,21710228400015,2025,Collectivité Territoriale,Commune,['Saône-et-Loire'],['Bourgogne-Franche-Comté'],COM,{71},{27}
65cb33b7-0774-420c-bcb9-28d3764983a0,212900674,Commune de Guerlesquin (29),false,{29067},Commune,2026-03-24 14:41:57.028721+01,gold_establishments_2025,,,,21290067400012,2025,Collectivité Territoriale,Commune,['Finistère'],['Bretagne'],COM,{29},{53}
b6f7ad6d-1f39-4702-924b-d8e284bde453,200065548,Commune de Guerlédan (22),false,{22158},Commune,2026-03-24 14:41:55.433389+01,gold_establishments_2025,,,,20006554800014,2025,Collectivité Territoriale,Commune,"[""Côtes-d'Armor""]",['Bretagne'],COM,{22},{53}
bb4f6441-24b4-48af-9dd9-6fe35fc0757f,215702721,Commune de Guermange (57),false,{57272},Commune,2026-03-24 14:42:03.701372+01,gold_establishments_2025,,,,21570272100030,2025,Collectivité Territoriale,Commune,['Moselle'],['Grand Est'],COM,{57},{44}
79f5bced-27b3-4b08-ab56-77f3b899a3f5,217702216,Commune de Guermantes (77),false,{77221},Commune,2026-03-24 14:42:09.43682+01,gold_establishments_2025,,,,21770221600011,2025,Collectivité Territoriale,Commune,['Seine-et-Marne'],['Île-de-France'],COM,{77},{11}
f46cb0ee-8731-413f-8fff-8a04b93a8f35,215600768,Commune de Guern (56),false,{56076},Commune,2026-03-24 14:42:03.701372+01,gold_establishments_2025,,,,21560076800018,2025,Collectivité Territoriale,Commune,['Morbihan'],['Bretagne'],COM,{56},{53}
0cb9e806-e4b3-400b-817e-961741294634,217802909,Commune de Guernes (78),false,{78290},Commune,2026-03-24 14:42:09.43682+01,gold_establishments_2025,,,,21780290900010,2025,Collectivité Territoriale,Commune,['Yvelines'],['Île-de-France'],COM,{78},{11}
e6c8124a-6b3a-4dd9-a9fe-47ff8c90c70d,212703045,Commune de Guerny (27),false,{27304},Commune,2026-03-24 14:41:57.028721+01,gold_establishments_2025,,,,21270304500048,2025,Collectivité Territoriale,Commune,['Eure'],['Normandie'],COM,{27},{28}
cb70de00-b51f-4631-baf7-54b983c7f99f,215502212,Commune de Guerpont (55),false,{55221},Commune,2026-03-24 14:42:02.957225+01,gold_establishments_2025,,,,21550221200016,2025,Collectivité Territoriale,Commune,['Meuse'],['Grand Est'],COM,{55},{44}
3c5da8a0-ff30-4ac8-b695-8cbb84a3029a,216101980,Commune de Guerquesalles (61),false,{61198},Commune,2026-03-24 14:42:05.597325+01,gold_establishments_2025,,,,21610198000011,2025,Collectivité Territoriale,Commune,['Orne'],['Normandie'],COM,{61},{28}
d154ccd6-e298-4830-81c5-4fe8630d1b43,215702739,Commune de Guerstling (57),false,{57273},Commune,2026-03-24 14:42:03.701372+01,gold_establishments_2025,,,,21570273900057,2025,Collectivité Territoriale,Commune,['Moselle'],['Grand Est'],COM,{57},{44}
63a72337-a0f5-4537-b3dd-9aab8d541bb6,215702747,Commune de Guerting (57),false,{57274},Commune,2026-03-24 14:42:03.701372+01,gold_establishments_2025,,,,21570274700019,2025,Collectivité Territoriale,Commune,['Moselle'],['Grand Est'],COM,{57},{44}
2fc242ea-8fe8-4415-acb3-51e82287d588,217603331,Commune de Guerville (76),false,{76333},Commune,2026-03-24 14:42:08.818969+01,gold_establishments_2025,,,,21760333100018,2025,Collectivité Territoriale,Commune,['Seine-Maritime'],['Normandie'],COM,{76},{28}
367acdf2-461e-45d6-b094-f3961b435474,217802917,Commune de Guerville (78),false,{78291},Commune,2026-03-24 14:42:09.43682+01,gold_establishments_2025,,,,21780291700013,2025,Collectivité Territoriale,Commune,['Yvelines'],['Île-de-France'],COM,{78},{11}
43e80a88-becc-44e4-bf47-4db23b43fff7,218003796,Commune de Gueschart (80),false,{80396},Commune,2026-03-24 14:42:09.967209+01,gold_establishments_2025,,,,21800379600016,2025,Collectivité Territoriale,Commune,['Somme'],['Hauts-de-France'],COM,{80},{32}
5c0e419d-71db-4989-8dea-4e6b206bb330,215902768,Commune de Guesnain (59),false,{59276},Commune,2026-03-24 14:42:04.280096+01,gold_establishments_2025,,,,21590276800062,2025,Collectivité Territoriale,Commune,['Nord'],['Hauts-de-France'],COM,{59},{32}
7f887161-e290-476b-8496-c67dcc9b2a21,218601094,Commune de Guesnes (86),false,{86109},Commune,2026-03-24 14:42:10.508772+01,gold_establishments_2025,,,,21860109400012,2025,Collectivité Territoriale,Commune,['Vienne'],['Nouvelle-Aquitaine'],COM,{86},{75}
0dfc05ec-0b8f-468d-9b26-7afb824f00f8,215702754,Commune de Guessling-Hémering (57),false,{57275},Commune,2026-03-24 14:42:03.701372+01,gold_establishments_2025,,,,21570275400015,2025,Collectivité Territoriale,Commune,['Moselle'],['Grand Est'],COM,{57},{44}
c8bc7be9-5847-4b1a-8a92-1688283c04ac,218003804,Commune de Gueudecourt (80),false,{80397},Commune,2026-03-24 14:42:09.967209+01,gold_establishments_2025,,,,21800380400018,2025,Collectivité Territoriale,Commune,['Somme'],['Hauts-de-France'],COM,{80},{32}
0f79861e-e84e-4ee2-b43c-700dd91d5a00,217102300,Commune de Gueugnon (71),false,{71230},Commune,2026-03-24 14:42:07.735343+01,gold_establishments_2025,,,,21710230000019,2025,Collectivité Territoriale,Commune,['Saône-et-Loire'],['Bourgogne-Franche-Comté'],COM,{71},{27}
e0b7fd01-04ff-44bf-bbcc-60d27c3770bf,217603349,Commune de Gueures (76),false,{76334},Commune,2026-03-24 14:42:08.818969+01,gold_establishments_2025,,,,21760334900010,2025,Collectivité Territoriale,Commune,['Seine-Maritime'],['Normandie'],COM,{76},{28}
780d3d2a-fb00-4785-b244-4d89c11e6576,217603356,Commune de Gueutteville (76),false,{76335},Commune,2026-03-24 14:42:08.818969+01,gold_establishments_2025,,,,21760335600015,2025,Collectivité Territoriale,Commune,['Seine-Maritime'],['Normandie'],COM,{76},{28}
cc4cde20-8de0-41a3-8898-aea2a072f280,217603364,Commune de Gueutteville-les-Grès (76),false,{76336},Commune,2026-03-24 14:42:08.818969+01,gold_establishments_2025,,,,21760336400019,2025,Collectivité Territoriale,Commune,['Seine-Maritime'],['Normandie'],COM,{76},{28}
44831be3-ac08-4aaa-bd48-ab2bc4b6d792,215102633,Commune de Gueux (51),false,{51282},Commune,2026-03-24 14:42:01.954481+01,gold_establishments_2025,,,,21510263300017,2025,Collectivité Territoriale,Commune,['Marne'],['Grand Est'],COM,{51},{44}
b8677508-2acb-449d-a139-1f5780ffdbd3,216801142,Commune de Guevenatten (68),false,{68114},Commune,2026-03-24 14:42:07.195692+01,gold_establishments_2025,,,,21680114200011,2025,Collectivité Territoriale,Commune,['Haut-Rhin'],['Grand Est'],COM,{68},{44}
f6251718-abe0-4172-9e18-4079555b0104,216801159,Commune de Guewenheim (68),false,{68115},Commune,2026-03-24 14:42:07.195692+01,gold_establishments_2025,,,,21680115900056,2025,Collectivité Territoriale,Commune,['Haut-Rhin'],['Grand Est'],COM,{68},{44}
e2dd1583-4198-4b45-8dba-f493f0d38294,215402413,Commune de Gugney (54),false,{54241},Commune,2026-03-24 14:42:02.957225+01,gold_establishments_2025,,,,21540241300011,2025,Collectivité Territoriale,Commune,['Meurthe-et-Moselle'],['Grand Est'],COM,{54},{44}
2e6ab376-ff55-4c29-af59-101e299d7947,218802239,Commune de Gugney-aux-Aulx (88),false,{88223},Commune,2026-03-24 14:42:11.118516+01,gold_establishments_2025,,,,21880223900010,2025,Collectivité Territoriale,Commune,['Vosges'],['Grand Est'],COM,{88},{44}
ccaf54d3-10ff-4bea-86ba-ac8ee13a11ec,218802221,Commune de Gugnécourt (88),false,{88222},Commune,2026-03-24 14:42:11.118516+01,gold_establishments_2025,,,,21880222100018,2025,Collectivité Territoriale,Commune,['Vosges'],['Grand Est'],COM,{88},{44}
cf2e4353-5e8d-475e-baff-e6ca80657f0f,219102928,Commune de Guibeville (91),false,{91292},Commune,2026-03-24 14:42:11.659493+01,gold_establishments_2025,,,,21910292800039,2025,Collectivité Territoriale,Commune,['Essonne'],['Île-de-France'],COM,{91},{11}
765c6a7f-256d-4194-b0b6-ebbfd18cddae,212703060,Commune de Guichainville (27),false,{27306},Commune,2026-03-24 14:41:57.028721+01,gold_establishments_2025,,,,21270306000013,2025,Collectivité Territoriale,Commune,['Eure'],['Normandie'],COM,{27},{28}
acc2cff0-60a2-42ba-8b0a-fd59eab6a436,216402503,Commune de Guiche (64),false,{64250},Commune,2026-03-24 14:42:06.130387+01,gold_establishments_2025,,,,21640250300017,2025,Collectivité Territoriale,Commune,['Pyrénées-Atlantiques'],['Nouvelle-Aquitaine'],COM,{64},{75}
3340c6c8-7f01-4faf-a7d9-c7032373351c,213501265,Commune de Guichen (35),false,{35126},Commune,2026-03-24 14:41:58.620411+01,gold_establishments_2025,,,,21350126500010,2025,Collectivité Territoriale,Commune,['Ille-et-Vilaine'],['Bretagne'],COM,{35},{53}
79009ae9-e736-4880-9ba4-9abade8d5168,212900682,Commune de Guiclan (29),false,{29068},Commune,2026-03-24 14:41:57.028721+01,gold_establishments_2025,,,,21290068200015,2025,Collectivité Territoriale,Commune,['Finistère'],['Bretagne'],COM,{29},{53}
4cfb4776-baa0-4ddd-a09c-5cc4fa420c86,215600784,Commune de Guidel (56),false,{56078},Commune,2026-03-24 14:42:03.701372+01,gold_establishments_2025,,,,21560078400015,2025,Collectivité Territoriale,Commune,['Morbihan'],['Bretagne'],COM,{56},{53}
184ab40e-4d6a-4849-92b1-952e6339c7e5,216002873,Commune de Guignecourt (60),false,{60290},Commune,2026-03-24 14:42:04.814328+01,gold_establishments_2025,,,,21600287300018,2025,Collectivité Territoriale,Commune,['Oise'],['Hauts-de-France'],COM,{60},{32}
86b0c07e-dc22-4a8d-a852-99bf52c3c3a7,218003812,Commune de Guignemicourt (80),false,{80399},Commune,2026-03-24 14:42:09.967209+01,gold_establishments_2025,,,,21800381200011,2025,Collectivité Territoriale,Commune,['Somme'],['Hauts-de-France'],COM,{80},{32}
a2b7d377-a81e-462b-8329-2792d5c668b1,213501273,Commune de Guignen (35),false,{35127},Commune,2026-03-24 14:41:58.620411+01,gold_establishments_2025,,,,21350127300014,2025,Collectivité Territoriale,Commune,['Ille-et-Vilaine'],['Bretagne'],COM,{35},{53}
923861be-2e8b-4cd3-be8c-247140a164bd,217702224,Commune de Guignes (77),false,{77222},Commune,2026-03-24 14:42:09.43682+01,gold_establishments_2025,,,,21770222400015,2025,Collectivité Territoriale,Commune,['Seine-et-Marne'],['Île-de-France'],COM,{77},{11}
36121977-59bd-460c-b3d3-131af22ad28c,214501629,Commune de Guigneville (45),false,{45162},Commune,2026-03-24 14:42:00.862623+01,gold_establishments_2025,,,,21450162900015,2025,Collectivité Territoriale,Commune,['Loiret'],['Centre-Val de Loire'],COM,{45},{24}
2bda61f5-9a9d-4a52-8a17-22454600d4b5,219102936,Commune de Guigneville-sur-Essonne (91),false,{91293},Commune,2026-03-24 14:42:11.659493+01,gold_establishments_2025,,,,21910293600016,2025,Collectivité Territoriale,Commune,['Essonne'],['Île-de-France'],COM,{91},{11}
59705dbe-9274-4c9f-a8d4-3541ffcf82e3,210801866,Commune de Guignicourt-sur-Vence (08),false,{08203},Commune,2026-03-24 14:41:52.562531+01,gold_establishments_2025,,,,21080186600018,2025,Collectivité Territoriale,Commune,['Ardennes'],['Grand Est'],COM,{08},{44}
5134985c-d39e-4dc1-9465-da1b7a7f9148,216203950,Commune de Guigny (62),false,{62395},Commune,2026-03-24 14:42:05.597325+01,gold_establishments_2025,,,,21620395000011,2025,Collectivité Territoriale,Commune,['Pas-de-Calais'],['Hauts-de-France'],COM,{62},{32}
3e562910-56ea-4b3b-bf10-2a224423671e,212900708,Commune de Guiler-sur-Goyen (29),false,{29070},Commune,2026-03-24 14:41:57.028721+01,gold_establishments_2025,,,,21290070800018,2025,Collectivité Territoriale,Commune,['Finistère'],['Bretagne'],COM,{29},{53}
301940f5-db3d-4bdd-90ae-c36f94293e13,212900690,Commune de Guilers (29),false,{29069},Commune,2026-03-24 14:41:57.028721+01,gold_establishments_2025,,,,21290069000018,2025,Collectivité Territoriale,Commune,['Finistère'],['Bretagne'],COM,{29},{53}
caf44c8a-1c27-4a33-b527-3d2ef7c77ba3,210701025,Commune de Guilherand-Granges (07),false,{07102},Commune,2026-03-24 14:41:52.562531+01,gold_establishments_2025,,,,21070102500160,2025,Collectivité Territoriale,Commune,['Ardèche'],['Auvergne-Rhône-Alpes'],COM,{07},{84}
03bc9b09-1206-4c16-9128-0c9ba1aa03ea,213301963,Commune de Guillac (33),false,{33196},Commune,2026-03-24 14:41:58.620411+01,gold_establishments_2025,,,,21330196300012,2025,Collectivité Territoriale,Commune,['Gironde'],['Nouvelle-Aquitaine'],COM,{33},{75}
82d1d514-adf6-4b63-9441-889aeed3d145,215600792,Commune de Guillac (56),false,{56079},Commune,2026-03-24 14:42:03.701372+01,gold_establishments_2025,,,,21560079200018,2025,Collectivité Territoriale,Commune,['Morbihan'],['Bretagne'],COM,{56},{53}
f79d50df-60b7-4ee1-add0-ecf059c6308c,218003820,Commune de Guillaucourt (80),false,{80400},Commune,2026-03-24 14:42:09.967209+01,gold_establishments_2025,,,,21800382000014,2025,Collectivité Territoriale,Commune,['Somme'],['Hauts-de-France'],COM,{80},{32}
4ed190b5-ccc6-41e6-842d-2eb6a3b3da8a,210600714,Commune de Guillaumes (06),false,{06071},Commune,2026-03-24 14:41:52.562531+01,gold_establishments_2025,,,,21060071400013,2025,Collectivité Territoriale,Commune,['Alpes-Maritimes'],"[""Provence-Alpes-Côte d'Azur""]",COM,{06},{93}
51d46964-3acd-47f4-a1e7-eb04175ca0a4,218003838,Commune de Guillemont (80),false,{80401},Commune,2026-03-24 14:42:09.967209+01,gold_establishments_2025,,,,21800383800016,2025,Collectivité Territoriale,Commune,['Somme'],['Hauts-de-France'],COM,{80},{32}
dd7037cd-92fd-4081-89ce-55b622e3348e,219102944,Commune de Guillerval (91),false,{91294},Commune,2026-03-24 14:42:11.659493+01,gold_establishments_2025,,,,21910294400051,2025,Collectivité Territoriale,Commune,['Essonne'],['Île-de-France'],COM,{91},{11}
db3482c3-c78b-4ccd-bdcf-08966263bc55,210500658,Commune de Guillestre (05),false,{05065},Commune,2026-03-24 14:41:52.562531+01,gold_establishments_2025,,,,21050065800013,2025,Collectivité Territoriale,Commune,['Hautes-Alpes'],"[""Provence-Alpes-Côte d'Azur""]",COM,{05},{93}
d5dd0e41-6aac-44a9-a919-afbffd7a73f7,212801898,Commune de Guilleville (28),false,{28189},Commune,2026-03-24 14:41:57.028721+01,gold_establishments_2025,,,,21280189800017,2025,Collectivité Territoriale,Commune,['Eure-et-Loir'],['Centre-Val de Loire'],COM,{28},{24}
0de68914-357e-4dda-8609-538f793edfe9,215600800,Commune de Guilliers (56),false,{56080},Commune,2026-03-24 14:42:03.701372+01,gold_establishments_2025,,,,21560080000019,2025,Collectivité Territoriale,Commune,['Morbihan'],['Bretagne'],COM,{56},{53}
690849ee-b663-4e59-97f5-676dd7c121b7,212900716,Commune de Guilligomarc'h (29),false,{29071},Commune,2026-03-24 14:41:57.028721+01,gold_establishments_2025,,,,21290071600011,2025,Collectivité Territoriale,Commune,['Finistère'],['Bretagne'],COM,{29},{53}
0c74ffb9-1ba7-4a8d-af86-755ebccdbbd3,200087229,Commune de Guillon-Terre-Plaine (89),false,{89197},Commune,2026-03-24 14:42:11.118516+01,gold_establishments_2025,,,,20008722900015,2025,Collectivité Territoriale,Commune,['Yonne'],['Bourgogne-Franche-Comté'],COM,{89},{27}
3f19d431-af2f-42bc-b3b3-0f5924762fd4,212502991,Commune de Guillon-les-Bains (25),false,{25299},Commune,2026-03-24 14:41:56.495197+01,gold_establishments_2025,,,,21250299100012,2025,Collectivité Territoriale,Commune,['Doubs'],['Bourgogne-Franche-Comté'],COM,{25},{27}
f5f96a8f-7d30-4417-ba1c-bc55431bf4f6,212801906,Commune de Guillonville (28),false,{28190},Commune,2026-03-24 14:41:57.028721+01,gold_establishments_2025,,,,21280190600018,2025,Collectivité Territoriale,Commune,['Eure-et-Loir'],['Centre-Val de Loire'],COM,{28},{24}
d0740c81-8a0c-47fb-85b0-ae3570e068fd,213301971,Commune de Guillos (33),false,{33197},Commune,2026-03-24 14:41:58.620411+01,gold_establishments_2025,,,,21330197100015,2025,Collectivité Territoriale,Commune,['Gironde'],['Nouvelle-Aquitaine'],COM,{33},{75}
a2fdcb65-678b-4924-809f-929159e1375e,213600851,Commune de Guilly (36),false,{36085},Commune,2026-03-24 14:41:59.160244+01,gold_establishments_2025,,,,21360085100017,2025,Collectivité Territoriale,Commune,['Indre'],['Centre-Val de Loire'],COM,{36},{24}
321340eb-6336-4b4a-95a3-20c3a5edfac1,214501645,Commune de Guilly (45),false,{45164},Commune,2026-03-24 14:42:00.862623+01,gold_establishments_2025,,,,21450164500011,2025,Collectivité Territoriale,Commune,['Loiret'],['Centre-Val de Loire'],COM,{45},{24}
8a808e5c-8caf-4a49-9364-03f5cccd05f9,212900724,Commune de Guilvinec (29),false,{29072},Commune,2026-03-24 14:41:57.028721+01,gold_establishments_2025,,,,21290072400015,2025,Collectivité Territoriale,Commune,['Finistère'],['Bretagne'],COM,{29},{53}
db5095ce-7887-41ee-ae29-9105f52b4591,212900732,Commune de Guimaëc (29),false,{29073},Commune,2026-03-24 14:41:57.028721+01,gold_establishments_2025,,,,21290073200075,2025,Collectivité Territoriale,Commune,['Finistère'],['Bretagne'],COM,{29},{53}
9343ef70-7a03-4519-b387-ce9f51eb5ae0,212900740,Commune de Guimiliau (29),false,{29074},Commune,2026-03-24 14:41:57.028721+01,gold_establishments_2025,,,,21290074000011,2025,Collectivité Territoriale,Commune,['Finistère'],['Bretagne'],COM,{29},{53}
c5c78d84-d1a3-42cd-824c-af6c9b185db1,211601604,Commune de Guimps (16),false,{16160},Commune,2026-03-24 14:41:54.362296+01,gold_establishments_2025,,,,21160160400013,2025,Collectivité Territoriale,Commune,['Charente'],['Nouvelle-Aquitaine'],COM,{16},{75}
fa322ef5-8ac8-4cde-821c-d50520c911fb,216402511,Commune de Guinarthe-Parenties (64),false,{64251},Commune,2026-03-24 14:42:06.130387+01,gold_establishments_2025,,,,21640251100010,2025,Collectivité Territoriale,Commune,['Pyrénées-Atlantiques'],['Nouvelle-Aquitaine'],COM,{64},{75}
f6b38321-7034-4a89-9651-825151ff3ed6,210801874,Commune de Guincourt (08),false,{08204},Commune,2026-03-24 14:41:52.562531+01,gold_establishments_2025,,,,21080187400012,2025,Collectivité Territoriale,Commune,['Ardennes'],['Grand Est'],COM,{08},{44}
c1172f18-8b96-488c-b5bd-5fe18e9a3c85,215201658,Commune de Guindrecourt-aux-Ormes (52),false,{52231},Commune,2026-03-24 14:42:01.954481+01,gold_establishments_2025,,,,21520165800014,2025,Collectivité Territoriale,Commune,['Haute-Marne'],['Grand Est'],COM,{52},{44}
293cbb6d-07b3-4e84-95b3-6d5427494619,215201666,Commune de Guindrecourt-sur-Blaise (52),false,{52232},Commune,2026-03-24 14:42:01.954481+01,gold_establishments_2025,,,,21520166600017,2025,Collectivité Territoriale,Commune,['Haute-Marne'],['Grand Est'],COM,{52},{44}
d7ff3a87-afa7-4846-8468-28bfc9f11b92,216203968,Commune de Guinecourt (62),false,{62396},Commune,2026-03-24 14:42:05.597325+01,gold_establishments_2025,,,,21620396800013,2025,Collectivité Territoriale,Commune,['Pas-de-Calais'],['Hauts-de-France'],COM,{62},{32}
361d1ee2-e727-4ca4-8217-24b5e086d74d,212200703,Commune de Guingamp (22),false,{22070},Commune,2026-03-24 14:41:55.433389+01,gold_establishments_2025,,,,21220070300016,2025,Collectivité Territoriale,Commune,"[""Côtes-d'Armor""]",['Bretagne'],COM,{22},{53}
74975e7e-3655-4370-8f69-219dd03d615a,215702762,Commune de Guinglange (57),false,{57276},Commune,2026-03-24 14:42:03.701372+01,gold_establishments_2025,,,,21570276200018,2025,Collectivité Territoriale,Commune,['Moselle'],['Grand Est'],COM,{57},{44}
2b1b2648-130c-46f0-a2b0-32d0a9e35d3f,215702770,Commune de Guinkirchen (57),false,{57277},Commune,2026-03-24 14:42:03.701372+01,gold_establishments_2025,,,,21570277000011,2025,Collectivité Territoriale,Commune,['Moselle'],['Grand Est'],COM,{57},{44}
d804fb16-aef5-426a-804a-e54ffa8ca7fd,215702788,Commune de Guinzeling (57),false,{57278},Commune,2026-03-24 14:42:03.701372+01,gold_establishments_2025,,,,21570278800013,2025,Collectivité Territoriale,Commune,['Moselle'],['Grand Est'],COM,{57},{44}
897038d2-282a-4c10-b191-75b0c700f3ce,212900757,Commune de Guipavas (29),false,{29075},Commune,2026-03-24 14:41:57.028721+01,gold_establishments_2025,,,,21290075700015,2025,Collectivité Territoriale,Commune,['Finistère'],['Bretagne'],COM,{29},{53}
82bb9e38-308f-492e-a866-09ec63998b0e,213501281,Commune de Guipel (35),false,{35128},Commune,2026-03-24 14:41:58.620411+01,gold_establishments_2025,,,,21350128100017,2025,Collectivité Territoriale,Commune,['Ille-et-Vilaine'],['Bretagne'],COM,{35},{53}
b2ef46bf-26fe-45a5-96ad-ed3d24c4c9a1,200054864,Commune de Guipry-Messac (35),false,{35176},Commune,2026-03-24 14:41:58.620411+01,gold_establishments_2025,,,,20005486400018,2025,Collectivité Territoriale,Commune,['Ille-et-Vilaine'],['Bretagne'],COM,{35},{53}
141b4f65-8e93-4830-a3bf-45d84be45d43,215801325,Commune de Guipy (58),false,{58132},Commune,2026-03-24 14:42:04.280096+01,gold_establishments_2025,,,,21580132500014,2025,Collectivité Territoriale,Commune,['Nièvre'],['Bourgogne-Franche-Comté'],COM,{58},{27}
66d8ca75-e3da-4634-9182-bad7dcd89410,219502952,Commune de Guiry-en-Vexin (95),false,{95295},Commune,2026-03-24 14:42:11.659493+01,gold_establishments_2025,,,,21950295200019,2025,Collectivité Territoriale,Commune,"[""Val-d'Oise""]",['Île-de-France'],COM,{95},{11}
cf130cba-8ea1-4f3a-8e67-4126b933ea10,216002881,Commune de Guiscard (60),false,{60291},Commune,2026-03-24 14:42:04.814328+01,gold_establishments_2025,,,,21600288100011,2025,Collectivité Territoriale,Commune,['Oise'],['Hauts-de-France'],COM,{60},{32}
23728139-f46d-471e-acd3-146a8cfade17,215600818,Commune de Guiscriff (56),false,{56081},Commune,2026-03-24 14:42:03.701372+01,gold_establishments_2025,,,,21560081800011,2025,Collectivité Territoriale,Commune,['Morbihan'],['Bretagne'],COM,{56},{53}
f472a1b1-5efe-43fb-85b2-b6b9817b5c1d,210203428,Commune de Guise (02),false,{02361},Commune,2026-03-24 14:41:52.020251+01,gold_establishments_2025,,,,21020342800011,2025,Collectivité Territoriale,Commune,['Aisne'],['Hauts-de-France'],COM,{02},{32}
e561d7f9-1c62-47d3-ac1d-a24eaec648fc,212703078,Commune de Guiseniers (27),false,{27307},Commune,2026-03-24 14:41:57.028721+01,gold_establishments_2025,,,,21270307800015,2025,Collectivité Territoriale,Commune,['Eure'],['Normandie'],COM,{27},{28}
d272ad3c-bf34-4986-a3af-dc5528f3639e,212900773,Commune de Guissény (29),false,{29077},Commune,2026-03-24 14:41:57.028721+01,gold_establishments_2025,,,,21290077300012,2025,Collectivité Territoriale,Commune,['Finistère'],['Bretagne'],COM,{29},{53}
67ee57f2-eb0b-4d7a-9c15-e1e42466ef93,216203984,Commune de Guisy (62),false,{62398},Commune,2026-03-24 14:42:05.597325+01,gold_establishments_2025,,,,21620398400010,2025,Collectivité Territoriale,Commune,['Pas-de-Calais'],['Hauts-de-France'],COM,{62},{32}
90a5538a-a20c-46f1-a52a-32f9886d41a3,200009595,Commune de Guitalens-L'Albarède (81),false,{81132},Commune,2026-03-24 14:42:09.967209+01,gold_establishments_2025,,,,20000959500014,2025,Collectivité Territoriale,Commune,['Tarn'],['Occitanie'],COM,{81},{76}
e8f64e80-ba78-4250-bfcf-c03d836d2e97,212001333,Commune de Guitera-les-Bains (2A),false,{2A133},Commune,2026-03-24 14:41:57.56054+01,gold_establishments_2025,,,,21200133300013,2025,Collectivité Territoriale,Commune,['Corse-du-Sud'],['Corse'],COM,{2A},{94}
e2ae2a55-8d7f-487f-bf99-4457cef72623,211701875,Commune de Guitinières (17),false,{17187},Commune,2026-03-24 14:41:54.903238+01,gold_establishments_2025,,,,21170187500018,2025,Collectivité Territoriale,Commune,['Charente-Maritime'],['Nouvelle-Aquitaine'],COM,{17},{75}
83a4ded9-3678-4454-8414-eb8a36720e47,217802966,Commune de Guitrancourt (78),false,{78296},Commune,2026-03-24 14:42:09.43682+01,gold_establishments_2025,,,,21780296600010,2025,Collectivité Territoriale,Commune,['Yvelines'],['Île-de-France'],COM,{78},{11}
f5b352b5-5467-4947-b3e0-3cef14436e1c,212200711,Commune de Guitté (22),false,{22071},Commune,2026-03-24 14:41:55.433389+01,gold_establishments_2025,,,,21220071100019,2025,Collectivité Territoriale,Commune,"[""Côtes-d'Armor""]",['Bretagne'],COM,{22},{53}
5f30fe40-44ca-4a6a-b008-4d118d3986bb,210203436,Commune de Guivry (02),false,{02362},Commune,2026-03-24 14:41:52.020251+01,gold_establishments_2025,,,,21020343600014,2025,Collectivité Territoriale,Commune,['Aisne'],['Hauts-de-France'],COM,{02},{32}
364ec35c-99de-48e4-b6e9-0e83b3d057e2,218003846,Commune de Guizancourt (80),false,{80402},Commune,2026-03-24 14:42:09.967209+01,gold_establishments_2025,,,,21800384600019,2025,Collectivité Territoriale,Commune,['Somme'],['Hauts-de-France'],COM,{80},{32}
912a89c8-639d-4c37-b39c-372014b43c26,211601612,Commune de Guizengeard (16),false,{16161},Commune,2026-03-24 14:41:54.362296+01,gold_establishments_2025,,,,21160161200016,2025,Collectivité Territoriale,Commune,['Charente'],['Nouvelle-Aquitaine'],COM,{16},{75}
79d7a712-09d9-499d-8313-251253f4f7a5,216502138,Commune de Guizerix (65),false,{65213},Commune,2026-03-24 14:42:06.665412+01,gold_establishments_2025,,,,21650213800011,2025,Collectivité Territoriale,Commune,['Hautes-Pyrénées'],['Occitanie'],COM,{65},{76}
ab78d1e1-e3e5-4172-9d1d-b2e9db71eb05,213301997,Commune de Gujan-Mestras (33),false,{33199},Commune,2026-03-24 14:41:58.620411+01,gold_establishments_2025,,,,21330199700010,2025,Collectivité Territoriale,Commune,['Gironde'],['Nouvelle-Aquitaine'],COM,{33},{75}
51b0aa49-835a-4b22-afe0-4bedf4bccb7f,216701748,Commune de Gumbrechtshoffen (67),false,{67174},Commune,2026-03-24 14:42:07.195692+01,gold_establishments_2025,,,,21670174800016,2025,Collectivité Territoriale,Commune,['Bas-Rhin'],['Grand Est'],COM,{67},{44}
e9989d49-131c-4233-9eff-dfd68877786b,211001623,Commune de Gumery (10),false,{10169},Commune,2026-03-24 14:41:53.095366+01,gold_establishments_2025,,,,21100162300019,2025,Collectivité Territoriale,Commune,['Aube'],['Grand Est'],COM,{10},{44}
bb31eac6-62d9-4168-9f0c-4cc7aeaf82da,212601470,Commune de Gumiane (26),false,{26147},Commune,2026-03-24 14:41:56.495197+01,gold_establishments_2025,,,,21260147000017,2025,Collectivité Territoriale,Commune,['Drôme'],['Auvergne-Rhône-Alpes'],COM,{26},{84}
4b27813d-9c53-4f08-9a28-58c6d78ef239,214201071,Commune de Gumières (42),false,{42107},Commune,2026-03-24 14:42:00.273698+01,gold_establishments_2025,,,,21420107100013,2025,Collectivité Territoriale,Commune,['Loire'],['Auvergne-Rhône-Alpes'],COM,{42},{84}
3623eb4e-1b73-441b-9914-bf67400af9b2,211909007,Commune de Gumond (19),false,{19090},Commune,2026-03-24 14:41:54.903238+01,gold_establishments_2025,,,,21190900700018,2025,Collectivité Territoriale,Commune,['Corrèze'],['Nouvelle-Aquitaine'],COM,{19},{75}
3be2aa92-a413-4f8b-9073-922e41362151,216701763,Commune de Gundershoffen (67),false,{67176},Commune,2026-03-24 14:42:07.195692+01,gold_establishments_2025,,,,21670176300015,2025,Collectivité Territoriale,Commune,['Bas-Rhin'],['Grand Est'],COM,{67},{44}
c087d7b6-d828-4942-ab84-0cc8c92028a4,216801167,Commune de Gundolsheim (68),false,{68116},Commune,2026-03-24 14:42:07.195692+01,gold_establishments_2025,,,,21680116700018,2025,Collectivité Territoriale,Commune,['Haut-Rhin'],['Grand Est'],COM,{68},{44}
1379a9ea-2c9c-427c-9de7-ee4b7bd146c3,216701789,Commune de Gungwiller (67),false,{67178},Commune,2026-03-24 14:42:07.195692+01,gold_establishments_2025,,,,21670178900085,2025,Collectivité Territoriale,Commune,['Bas-Rhin'],['Grand Est'],COM,{67},{44}
f8d63de6-8d4a-4bd6-b3ce-8de7abb1825a,216801175,Commune de Gunsbach (68),false,{68117},Commune,2026-03-24 14:42:07.195692+01,gold_establishments_2025,,,,21680117500011,2025,Collectivité Territoriale,Commune,['Haut-Rhin'],['Grand Est'],COM,{68},{44}
bce0090b-3956-435d-bb21-60d236a46af3,216701771,Commune de Gunstett (67),false,{67177},Commune,2026-03-24 14:42:07.195692+01,gold_establishments_2025,,,,21670177100018,2025,Collectivité Territoriale,Commune,['Bas-Rhin'],['Grand Est'],COM,{67},{44}
f7463d59-d371-4386-a2e9-40f32eac25f5,215702804,Commune de Guntzviller (57),false,{57280},Commune,2026-03-24 14:42:03.701372+01,gold_establishments_2025,,,,21570280400059,2025,Collectivité Territoriale,Commune,['Moselle'],['Grand Est'],COM,{57},{44}
ab4b8f81-922c-4314-ab70-8d9647979f99,210203444,Commune de Guny (02),false,{02363},Commune,2026-03-24 14:41:52.020251+01,gold_establishments_2025,,,,21020344400018,2025,Collectivité Territoriale,Commune,['Aisne'],['Hauts-de-France'],COM,{02},{32}
0825f121-f2b1-4579-b42f-04766847aa5c,213102353,Commune de Guran (31),false,{31235},Commune,2026-03-24 14:41:58.09424+01,gold_establishments_2025,,,,21310235300017,2025,Collectivité Territoriale,Commune,['Haute-Garonne'],['Occitanie'],COM,{31},{76}
4abc6975-b1dc-4ad5-8f95-79750415380a,211601620,Commune de Gurat (16),false,{16162},Commune,2026-03-24 14:41:54.362296+01,gold_establishments_2025,,,,21160162000019,2025,Collectivité Territoriale,Commune,['Charente'],['Nouvelle-Aquitaine'],COM,{16},{75}
71b1614f-3f0f-47ed-955e-1dd9ceec680e,217702232,Commune de Gurcy-le-Châtel (77),false,{77223},Commune,2026-03-24 14:42:09.43682+01,gold_establishments_2025,,,,21770223200018,2025,Collectivité Territoriale,Commune,['Seine-et-Marne'],['Île-de-France'],COM,{77},{11}
9078b238-86bb-478e-b646-a8023f598f32,218901981,Commune de Gurgy (89),false,{89198},Commune,2026-03-24 14:42:11.118516+01,gold_establishments_2025,,,,21890198100017,2025,Collectivité Territoriale,Commune,['Yonne'],['Bourgogne-Franche-Comté'],COM,{89},{27}
1b74c3bb-bcfd-4914-85c1-4c37c4c0f16c,212103121,Commune de Gurgy-la-Ville (21),false,{21312},Commune,2026-03-24 14:41:55.433389+01,gold_establishments_2025,,,,21210312100019,2025,Collectivité Territoriale,Commune,"[""Côte-d'Or""]",['Bourgogne-Franche-Comté'],COM,{21},{27}
3efee857-608e-40e5-ab6c-1f9b2841dd27,212103139,Commune de Gurgy-le-Château (21),false,{21313},Commune,2026-03-24 14:41:55.433389+01,gold_establishments_2025,,,,21210313900011,2025,Collectivité Territoriale,Commune,"[""Côte-d'Or""]",['Bourgogne-Franche-Comté'],COM,{21},{27}
9d7a150e-5078-45cf-bfe2-058efe664731,216405860,Commune de Gurmençon (64),false,{64252},Commune,2026-03-24 14:42:06.130387+01,gold_establishments_2025,,,,21640586000018,2025,Collectivité Territoriale,Commune,['Pyrénées-Atlantiques'],['Nouvelle-Aquitaine'],COM,{64},{75}
61f414e7-e6e6-4d85-b886-ec8e79b46f61,216402537,Commune de Gurs (64),false,{64253},Commune,2026-03-24 14:42:06.130387+01,gold_establishments_2025,,,,21640253700015,2025,Collectivité Territoriale,Commune,['Pyrénées-Atlantiques'],['Nouvelle-Aquitaine'],COM,{64},{75}
ea3e4251-4216-461b-8e8c-9711dce04bc9,212200729,Commune de Gurunhuel (22),false,{22072},Commune,2026-03-24 14:41:55.433389+01,gold_establishments_2025,,,,21220072900011,2025,Collectivité Territoriale,Commune,"[""Côtes-d'Armor""]",['Bretagne'],COM,{22},{53}
57d4e54d-4519-417b-95ca-a41eda58926c,216002899,Commune de Gury (60),false,{60292},Commune,2026-03-24 14:42:04.814328+01,gold_establishments_2025,,,,21600289900013,2025,Collectivité Territoriale,Commune,['Oise'],['Hauts-de-France'],COM,{60},{32}
43e90b81-6b02-4f4b-b66c-d3932bc349bc,215502220,Commune de Gussainville (55),false,{55222},Commune,2026-03-24 14:42:02.957225+01,gold_establishments_2025,,,,21550222000019,2025,Collectivité Territoriale,Commune,['Meuse'],['Grand Est'],COM,{55},{44}
05bade2a-15af-463b-a5f1-68f3d64c6713,215902776,Commune de Gussignies (59),false,{59277},Commune,2026-03-24 14:42:04.280096+01,gold_establishments_2025,,,,21590277600016,2025,Collectivité Territoriale,Commune,['Nord'],['Hauts-de-France'],COM,{59},{32}
79b6d82a-0647-4540-bc26-8d75ce7550b9,217802974,Commune de Guyancourt (78),false,{78297},Commune,2026-03-24 14:42:09.43682+01,gold_establishments_2025,,,,21780297400014,2025,Collectivité Territoriale,Commune,['Yvelines'],['Île-de-France'],COM,{78},{11}
cc21d610-4319-4e98-844e-28afba0a1e70,212503007,Commune de Guyans-Durnes (25),false,{25300},Commune,2026-03-24 14:41:56.495197+01,gold_establishments_2025,,,,21250300700016,2025,Collectivité Territoriale,Commune,['Doubs'],['Bourgogne-Franche-Comté'],COM,{25},{27}
3c3e60b4-eb69-4b91-afc2-5bf17779d056,212503015,Commune de Guyans-Vennes (25),false,{25301},Commune,2026-03-24 14:41:56.495197+01,gold_establishments_2025,,,,21250301500019,2025,Collectivité Territoriale,Commune,['Doubs'],['Bourgogne-Franche-Comté'],COM,{25},{27}
c1d9d543-2d73-4141-8cf4-4af45ca9a87d,210203451,Commune de Guyencourt (02),false,{02364},Commune,2026-03-24 14:41:52.020251+01,gold_establishments_2025,,,,21020345100013,2025,Collectivité Territoriale,Commune,['Aisne'],['Hauts-de-France'],COM,{02},{32}
07df19d5-1634-4674-be0e-332c60dde7b1,218003861,Commune de Guyencourt-Saulcourt (80),false,{80404},Commune,2026-03-24 14:42:09.967209+01,gold_establishments_2025,,,,21800386100018,2025,Collectivité Territoriale,Commune,['Somme'],['Hauts-de-France'],COM,{80},{32}
06c17ca3-6ad9-480b-a571-6b90fbc8f4b7,218003853,Commune de Guyencourt-sur-Noye (80),false,{80403},Commune,2026-03-24 14:42:09.967209+01,gold_establishments_2025,,,,21800385300015,2025,Collectivité Territoriale,Commune,['Somme'],['Hauts-de-France'],COM,{80},{32}
cdf2cff9-d75b-40b8-aa54-dc9340d00990,215201674,Commune de Guyonvelle (52),false,{52233},Commune,2026-03-24 14:42:01.954481+01,gold_establishments_2025,,,,21520167400011,2025,Collectivité Territoriale,Commune,['Haute-Marne'],['Grand Est'],COM,{52},{44}
5e6a19d1-d6bc-4e4e-9a06-ff4c017aae6d,213401185,Commune de Guzargues (34),false,{34118},Commune,2026-03-24 14:41:58.620411+01,gold_establishments_2025,,,,21340118500011,2025,Collectivité Territoriale,Commune,['Hérault'],['Occitanie'],COM,{34},{76}
125bb470-2901-4f95-b5d4-2a7ea332ea24,210801858,Commune de Gué-d'Hossus (08),false,{08202},Commune,2026-03-24 14:41:52.562531+01,gold_establishments_2025,,,,21080185800015,2025,Collectivité Territoriale,Commune,['Ardennes'],['Grand Est'],COM,{08},{44}
b6efc09f-ae84-4827-9798-a1b4e674ee9c,215702655,Commune de Guébestroff (57),false,{57265},Commune,2026-03-24 14:42:03.701372+01,gold_establishments_2025,,,,21570265500014,2025,Collectivité Territoriale,Commune,['Moselle'],['Grand Est'],COM,{57},{44}
c45b6ec6-9e98-4093-89e5-d68b9710c4e6,215702663,Commune de Guéblange-lès-Dieuze (57),false,{57266},Commune,2026-03-24 14:42:03.701372+01,gold_establishments_2025,,,,21570266300018,2025,Collectivité Territoriale,Commune,['Moselle'],['Grand Est'],COM,{57},{44}
fa274aab-5469-40ec-89ac-0a2adf811c14,215702689,Commune de Guébling (57),false,{57268},Commune,2026-03-24 14:42:03.701372+01,gold_establishments_2025,,,,21570268900013,2025,Collectivité Territoriale,Commune,['Moselle'],['Grand Est'],COM,{57},{44}
6c8d9476-e71c-4472-9517-04d5eef55652,217201466,Commune de Guécélard (72),false,{72146},Commune,2026-03-24 14:42:08.279287+01,gold_establishments_2025,,,,21720146600018,2025,Collectivité Territoriale,Commune,['Sarthe'],['Pays de la Loire'],COM,{72},{52}
3cfc00c6-d14d-4ed4-8c29-682253a674c9,215600701,Commune de Guégon (56),false,{56070},Commune,2026-03-24 14:42:03.701372+01,gold_establishments_2025,,,,21560070100019,2025,Collectivité Territoriale,Commune,['Morbihan'],['Bretagne'],COM,{56},{53}
1e0e06ca-24a2-4690-b4c9-83a5e67e00ad,215600719,Commune de Guéhenno (56),false,{56071},Commune,2026-03-24 14:42:03.701372+01,gold_establishments_2025,,,,21560071900011,2025,Collectivité Territoriale,Commune,['Morbihan'],['Bretagne'],COM,{56},{53}
fb2dc780-0d65-4232-ac37-16bc789f89f2,216203927,Commune de Guémappe (62),false,{62392},Commune,2026-03-24 14:42:05.597325+01,gold_establishments_2025,,,,21620392700019,2025,Collectivité Territoriale,Commune,['Pas-de-Calais'],['Hauts-de-France'],COM,{62},{32}
e9111f3c-de90-4320-abbf-9cd9f20ee519,216801134,Commune de Guémar (68),false,{68113},Commune,2026-03-24 14:42:07.195692+01,gold_establishments_2025,,,,21680113400018,2025,Collectivité Territoriale,Commune,['Haut-Rhin'],['Grand Est'],COM,{68},{44}
53ef97ff-c2f4-448b-946b-f56b076285e8,214400673,Commune de Guémené-Penfao (44),false,{44067},Commune,2026-03-24 14:42:00.273698+01,gold_establishments_2025,,,,21440067300015,2025,Collectivité Territoriale,Commune,['Loire-Atlantique'],['Pays de la Loire'],COM,{44},{52}
07ad00a5-ccc8-4185-8a93-93e478d7ffe3,215600735,Commune de Guémené-sur-Scorff (56),false,{56073},Commune,2026-03-24 14:42:03.701372+01,gold_establishments_2025,,,,21560073500017,2025,Collectivité Territoriale,Commune,['Morbihan'],['Bretagne'],COM,{56},{53}
252da9f5-c6b8-4162-b2c9-6bd7f22171a2,215702697,Commune de Guénange (57),false,{57269},Commune,2026-03-24 14:42:03.701372+01,gold_establishments_2025,,,,21570269700016,2025,Collectivité Territoriale,Commune,['Moselle'],['Grand Est'],COM,{57},{44}
1f931513-3c9d-4344-83c3-a5a2bb410a6b,215600743,Commune de Guénin (56),false,{56074},Commune,2026-03-24 14:42:03.701372+01,gold_establishments_2025,,,,21560074300011,2025,Collectivité Territoriale,Commune,['Morbihan'],['Bretagne'],COM,{56},{53}
5feacb3e-d37d-4b58-b59b-5424b9a635e3,214400699,Commune de Guérande (44),false,{44069},Commune,2026-03-24 14:42:00.273698+01,gold_establishments_2025,,,,21440069900143,2025,Collectivité Territoriale,Commune,['Loire-Atlantique'],['Pays de la Loire'],COM,{44},{52}
83726700-66a3-47f8-98ee-493c7cf36c94,217702190,Commune de Guérard (77),false,{77219},Commune,2026-03-24 14:42:09.43682+01,gold_establishments_2025,,,,21770219000018,2025,Collectivité Territoriale,Commune,['Seine-et-Marne'],['Île-de-France'],COM,{77},{11}
b1078a42-4e36-46b4-bb99-fe580573e80b,210101838,Commune de Guéreins (01),false,{01183},Commune,2026-03-24 14:41:51.447482+01,gold_establishments_2025,,,,21010183800014,2025,Collectivité Territoriale,Commune,['Ain'],['Auvergne-Rhône-Alpes'],COM,{01},{84}
55b05f6a-a9c3-49ae-a2cb-d0fde0b8ffcb,212309603,Commune de Guéret (23),false,{23096},Commune,2026-03-24 14:41:55.958138+01,gold_establishments_2025,,,,21230960300018,2025,Collectivité Territoriale,Commune,['Creuse'],['Nouvelle-Aquitaine'],COM,{23},{75}
5df4013a-6086-488a-b813-e01b35a655a1,215801317,Commune de Guérigny (58),false,{58131},Commune,2026-03-24 14:42:04.280096+01,gold_establishments_2025,,,,21580131700011,2025,Collectivité Territoriale,Commune,['Nièvre'],['Bourgogne-Franche-Comté'],COM,{58},{27}
3daa84db-8d20-4fd1-b2f5-a9d224af3747,214701153,Commune de Guérin (47),false,{47115},Commune,2026-03-24 14:42:00.862623+01,gold_establishments_2025,,,,21470115300014,2025,Collectivité Territoriale,Commune,['Lot-et-Garonne'],['Nouvelle-Aquitaine'],COM,{47},{75}
3f5741d1-887a-4561-8e04-b570f31707be,211403225,Commune de Guéron (14),false,{14322},Commune,2026-03-24 14:41:54.362296+01,gold_establishments_2025,,,,21140322500017,2025,Collectivité Territoriale,Commune,['Calvados'],['Normandie'],COM,{14},{28}
187e3f85-bdcf-4615-9803-b28a6d72aed4,216402495,Commune de Guéthary (64),false,{64249},Commune,2026-03-24 14:42:06.130387+01,gold_establishments_2025,,,,21640249500016,2025,Collectivité Territoriale,Commune,['Pyrénées-Atlantiques'],['Nouvelle-Aquitaine'],COM,{64},{75}
26b44ae5-825f-46f9-a745-211003240b55,216101972,Commune de Guêprei (61),false,{61197},Commune,2026-03-24 14:42:05.597325+01,gold_establishments_2025,,,,21610197200018,2025,Collectivité Territoriale,Commune,['Orne'],['Normandie'],COM,{61},{28}
fa17e26b-4f80-4db3-ae68-793d3bf9622b,216203976,Commune de Guînes (62),false,{62397},Commune,2026-03-24 14:42:05.597325+01,gold_establishments_2025,,,,21620397600016,2025,Collectivité Territoriale,Commune,['Pas-de-Calais'],['Hauts-de-France'],COM,{62},{32}
38b3ef70-2d51-4274-bd3f-666c30d7bb18,213301989,Commune de Guîtres (33),false,{33198},Commune,2026-03-24 14:41:58.620411+01,gold_establishments_2025,,,,21330198900017,2025,Collectivité Territoriale,Commune,['Gironde'],['Nouvelle-Aquitaine'],COM,{33},{75}
100017c0-e0d6-44eb-b9bc-c26006ac6c00,217002823,Commune de Gy (70),false,{70282},Commune,2026-03-24 14:42:07.735343+01,gold_establishments_2025,,,,21700282300011,2025,Collectivité Territoriale,Commune,['Haute-Saône'],['Bourgogne-Franche-Comté'],COM,{70},{27}
44e1a8b2-7849-40c1-9179-70849e46f599,214100992,Commune de Gy-en-Sologne (41),false,{41099},Commune,2026-03-24 14:42:00.273698+01,gold_establishments_2025,,,,21410099200012,2025,Collectivité Territoriale,Commune,['Loir-et-Cher'],['Centre-Val de Loire'],COM,{41},{24}
d1848e69-32ea-4d52-a996-f4f07ea51b92,218901999,Commune de Gy-l'Évêque (89),false,{89199},Commune,2026-03-24 14:42:11.118516+01,gold_establishments_2025,,,,21890199900019,2025,Collectivité Territoriale,Commune,['Yonne'],['Bourgogne-Franche-Comté'],COM,{89},{27}
1ab28a09-4655-439e-b626-f08c6755b4bb,214501652,Commune de Gy-les-Nonains (45),false,{45165},Commune,2026-03-24 14:42:00.862623+01,gold_establishments_2025,,,,21450165200017,2025,Collectivité Territoriale,Commune,['Loiret'],['Centre-Val de Loire'],COM,{45},{24}
f26d0518-70d3-45cf-8ae6-7e71cf1cf988,215402421,Commune de Gye (54),false,{54242},Commune,2026-03-24 14:42:02.957225+01,gold_establishments_2025,,,,21540242100014,2025,Collectivité Territoriale,Commune,['Meurthe-et-Moselle'],['Grand Est'],COM,{54},{44}
1520e1e7-af2a-4a1f-b558-cef8b3803c64,211001631,Commune de Gyé-sur-Seine (10),false,{10170},Commune,2026-03-24 14:41:53.095366+01,gold_establishments_2025,,,,21100163100012,2025,Collectivité Territoriale,Commune,['Aube'],['Grand Est'],COM,{10},{44}
336dc677-ea22-41c0-a466-70ab36c724c4,215801200,Commune de Gâcogne (58),false,{58120},Commune,2026-03-24 14:42:04.280096+01,gold_establishments_2025,,,,21580120000019,2025,Collectivité Territoriale,Commune,['Nièvre'],['Bourgogne-Franche-Comté'],COM,{58},{27}
b3331314-1c41-44f7-b743-ecfd7dee9402,216101832,Commune de Gâprée (61),false,{61183},Commune,2026-03-24 14:42:05.597325+01,gold_establishments_2025,,,,21610183200014,2025,Collectivité Territoriale,Commune,['Orne'],['Normandie'],COM,{61},{28}
a3c15135-d4b3-4cc8-9fc8-0ba9aa9081bc,215600628,Commune de Gâvres (56),false,{56062},Commune,2026-03-24 14:42:03.701372+01,gold_establishments_2025,,,,21560062800014,2025,Collectivité Territoriale,Commune,['Morbihan'],['Bretagne'],COM,{56},{53}
4bed4f79-4009-41a1-93db-9382f75f98ab,216402404,Commune de Gère-Bélesten (64),false,{64240},Commune,2026-03-24 14:42:06.130387+01,gold_establishments_2025,,,,21640240400018,2025,Collectivité Territoriale,Commune,['Pyrénées-Atlantiques'],['Nouvelle-Aquitaine'],COM,{64},{75}
a0a38623-f2d6-4357-b000-48e174f3bbc9,213201452,Commune de Gée-Rivière (32),false,{32145},Commune,2026-03-24 14:41:58.09424+01,gold_establishments_2025,,,,21320145200017,2025,Collectivité Territoriale,Commune,['Gers'],['Occitanie'],COM,{32},{76}
8dce0c8b-89f5-48c0-a8f8-e048b96d9ee3,211402987,Commune de Géfosse-Fontenay (14),false,{14298},Commune,2026-03-24 14:41:54.362296+01,gold_establishments_2025,,,,21140298700013,2025,Collectivité Territoriale,Commune,['Calvados'],['Normandie'],COM,{14},{28}
3b769c31-ee7c-46a0-a9ce-5c37a11b0115,215402173,Commune de Gélacourt (54),false,{54217},Commune,2026-03-24 14:42:02.957225+01,gold_establishments_2025,,,,21540217300011,2025,Collectivité Territoriale,Commune,['Meurthe-et-Moselle'],['Grand Est'],COM,{54},{44}
65cdf494-cc7f-4938-b74a-cc2d7d40158b,211001573,Commune de Gélannes (10),false,{10164},Commune,2026-03-24 14:41:53.095366+01,gold_establishments_2025,,,,21100157300016,2025,Collectivité Territoriale,Commune,['Aube'],['Grand Est'],COM,{10},{44}
68c0dce5-b476-4848-9055-5c5078dd0c00,215402181,Commune de Gélaucourt (54),false,{54218},Commune,2026-03-24 14:42:02.957225+01,gold_establishments_2025,,,,21540218100014,2025,Collectivité Territoriale,Commune,['Meurthe-et-Moselle'],['Grand Est'],COM,{54},{44}
25d63980-f90a-46d5-9f66-8df72051d477,211300421,Commune de Gémenos (13),false,{13042},Commune,2026-03-24 14:41:53.63825+01,gold_establishments_2025,,,,21130042100016,2025,Collectivité Territoriale,Commune,['Bouches-du-Rhône'],"[""Provence-Alpes-Côte d'Azur""]",COM,{13},{93}
720cf8a1-91b2-45e2-a98e-efdac4c84a92,214501520,Commune de Gémigny (45),false,{45152},Commune,2026-03-24 14:42:00.862623+01,gold_establishments_2025,,,,21450152000016,2025,Collectivité Territoriale,Commune,['Loiret'],['Centre-Val de Loire'],COM,{45},{24}
8abb40a3-866f-4ad0-b7a6-1dcc81333036,213102163,Commune de Gémil (31),false,{31216},Commune,2026-03-24 14:41:58.09424+01,gold_establishments_2025,,,,21310216300010,2025,Collectivité Territoriale,Commune,['Haute-Garonne'],['Occitanie'],COM,{31},{76}
c3c06c89-0582-49e3-ad4c-9f366819ff82,212502645,Commune de Gémonval (25),false,{25264},Commune,2026-03-24 14:41:56.495197+01,gold_establishments_2025,,,,21250264500014,2025,Collectivité Territoriale,Commune,['Doubs'],['Bourgogne-Franche-Comté'],COM,{25},{27}
ca67a54a-c926-4511-8318-8ef991c9d1a6,215402207,Commune de Gémonville (54),false,{54220},Commune,2026-03-24 14:42:02.957225+01,gold_establishments_2025,,,,21540220700017,2025,Collectivité Territoriale,Commune,['Meurthe-et-Moselle'],['Grand Est'],COM,{54},{44}
b2effb14-7959-4f2f-811b-05e704f8e867,211701727,Commune de Gémozac (17),false,{17172},Commune,2026-03-24 14:41:54.903238+01,gold_establishments_2025,,,,21170172700011,2025,Collectivité Territoriale,Commune,['Charente-Maritime'],['Nouvelle-Aquitaine'],COM,{17},{75}
8d901414-3d9f-4947-b61b-4aee2d86b6e0,210901336,Commune de Génat (09),false,{09133},Commune,2026-03-24 14:41:53.095366+01,gold_establishments_2025,,,,21090133600011,2025,Collectivité Territoriale,Commune,['Ariège'],['Occitanie'],COM,{09},{76}
9ba3e552-218d-4865-bd4d-7d1bb9225c54,217102128,Commune de Génelard (71),false,{71212},Commune,2026-03-24 14:42:07.735343+01,gold_establishments_2025,,,,21710212800014,2025,Collectivité Territoriale,Commune,['Saône-et-Loire'],['Bourgogne-Franche-Comté'],COM,{71},{27}
878571b1-54d4-45c9-8bfc-45815a3d57d9,219502713,Commune de Génicourt (95),false,{95271},Commune,2026-03-24 14:42:11.659493+01,gold_establishments_2025,,,,21950271300015,2025,Collectivité Territoriale,Commune,"[""Val-d'Oise""]",['Île-de-France'],COM,{95},{11}
c037f932-6a00-45a5-90e1-60d4ebf33c8d,215502048,Commune de Génicourt-sur-Meuse (55),false,{55204},Commune,2026-03-24 14:42:02.957225+01,gold_establishments_2025,,,,21550204800014,2025,Collectivité Territoriale,Commune,['Meuse'],['Grand Est'],COM,{55},{44}
798cd0df-d100-497f-a0e8-4709674a09ae,212401962,Commune de Génis (24),false,{24196},Commune,2026-03-24 14:41:55.958138+01,gold_establishments_2025,,,,21240196200015,2025,Collectivité Territoriale,Commune,['Dordogne'],['Nouvelle-Aquitaine'],COM,{24},{75}
7ebe33b5-ddc9-4ca4-b0db-31ea9e3a5b3e,213301856,Commune de Génissac (33),false,{33185},Commune,2026-03-24 14:41:58.620411+01,gold_establishments_2025,,,,21330185600018,2025,Collectivité Territoriale,Commune,['Gironde'],['Nouvelle-Aquitaine'],COM,{33},{75}
32877b16-713e-4fca-92d0-bfb0ea079659,212601397,Commune de Génissieux (26),false,{26139},Commune,2026-03-24 14:41:56.495197+01,gold_establishments_2025,,,,21260139700111,2025,Collectivité Territoriale,Commune,['Drôme'],['Auvergne-Rhône-Alpes'],COM,{26},{84}
c16f5909-fbac-41ab-9771-1d4666e6595f,213001308,Commune de Génolhac (30),false,{30130},Commune,2026-03-24 14:41:57.56054+01,gold_establishments_2025,,,,21300130800013,2025,Collectivité Territoriale,Commune,['Gard'],['Occitanie'],COM,{30},{76}
8f5068d1-9a13-4b60-b1e4-79cac2608f57,213102171,Commune de Génos (31),false,{31217},Commune,2026-03-24 14:41:58.09424+01,gold_establishments_2025,,,,21310217100013,2025,Collectivité Territoriale,Commune,['Haute-Garonne'],['Occitanie'],COM,{31},{76}
113bf046-7989-494a-b385-a176dd50526e,216501957,Commune de Génos (65),false,{65195},Commune,2026-03-24 14:42:06.665412+01,gold_establishments_2025,,,,21650195700015,2025,Collectivité Territoriale,Commune,['Hautes-Pyrénées'],['Occitanie'],COM,{65},{76}
71438aa0-5e57-445c-8509-f4e074f34f67,218200665,Commune de Génébrières (82),false,{82066},Commune,2026-03-24 14:42:10.508772+01,gold_establishments_2025,,,,21820066500014,2025,Collectivité Territoriale,Commune,['Tarn-et-Garonne'],['Occitanie'],COM,{82},{76}
b3494828-7a00-4871-a90a-9ed7f2a8de6d,213001282,Commune de Générac (30),false,{30128},Commune,2026-03-24 14:41:57.56054+01,gold_establishments_2025,,,,21300128200010,2025,Collectivité Territoriale,Commune,['Gard'],['Occitanie'],COM,{30},{76}
25bb0fb5-d573-463d-8ee8-bb1c6a679b1e,213301849,Commune de Générac (33),false,{33184},Commune,2026-03-24 14:41:58.620411+01,gold_establishments_2025,,,,21330184900013,2025,Collectivité Territoriale,Commune,['Gironde'],['Nouvelle-Aquitaine'],COM,{33},{75}
1d0ff763-0e3a-4a02-a65f-d4ffeca33eaa,213001290,Commune de Générargues (30),false,{30129},Commune,2026-03-24 14:41:57.56054+01,gold_establishments_2025,,,,21300129000013,2025,Collectivité Territoriale,Commune,['Gard'],['Occitanie'],COM,{30},{76}
bd3f0a6f-42b2-4f01-b910-369f9f0652f0,216501940,Commune de Générest (65),false,{65194},Commune,2026-03-24 14:42:06.665412+01,gold_establishments_2025,,,,21650194000011,2025,Collectivité Territoriale,Commune,['Hautes-Pyrénées'],['Occitanie'],COM,{65},{76}
d4310189-089a-4e2a-b53f-2093f9ae81c7,210101713,Commune de Géovreisset (01),false,{01171},Commune,2026-03-24 14:41:51.447482+01,gold_establishments_2025,,,,21010171300019,2025,Collectivité Territoriale,Commune,['Ain'],['Auvergne-Rhône-Alpes'],COM,{01},{84}
2ee4d1d1-ebc7-4aa2-b8b2-c593c7aa612b,218801967,Commune de Gérardmer (88),false,{88196},Commune,2026-03-24 14:42:11.118516+01,gold_establishments_2025,,,,21880196700017,2025,Collectivité Territoriale,Commune,['Vosges'],['Grand Est'],COM,{88},{44}
8f6c4216-8274-46ec-9746-466a1a954daf,211001581,Commune de Géraudot (10),false,{10165},Commune,2026-03-24 14:41:53.095366+01,gold_establishments_2025,,,,21100158100019,2025,Collectivité Territoriale,Commune,['Aube'],['Grand Est'],COM,{10},{44}
51b5d9c7-810f-4fbc-a8a0-176d90ac71c7,216402412,Commune de Géronce (64),false,{64241},Commune,2026-03-24 14:42:06.130387+01,gold_establishments_2025,,,,21640241200011,2025,Collectivité Territoriale,Commune,['Pyrénées-Atlantiques'],['Nouvelle-Aquitaine'],COM,{64},{75}
b5783524-f5ae-4adc-badb-bafe08a5effc,215502071,Commune de Géry (55),false,{55207},Commune,2026-03-24 14:42:02.957225+01,gold_establishments_2025,,,,21550207100016,2025,Collectivité Territoriale,Commune,['Meuse'],['Grand Est'],COM,{55},{44}
0b7a4937-bff2-48c1-ae4f-8c24cd3c849a,214400632,Commune de Gétigné (44),false,{44063},Commune,2026-03-24 14:42:00.273698+01,gold_establishments_2025,,,,21440063200011,2025,Collectivité Territoriale,Commune,['Loire-Atlantique'],['Pays de la Loire'],COM,{44},{52}
95d773c2-ecab-4d6b-8242-98dbaaaa9128,216402438,Commune de Géus-d'Arzacq (64),false,{64243},Commune,2026-03-24 14:42:06.130387+01,gold_establishments_2025,,,,21640243800016,2025,Collectivité Territoriale,Commune,['Pyrénées-Atlantiques'],['Nouvelle-Aquitaine'],COM,{64},{75}
7ce1484e-5a61-4ab1-b739-30daf6a82ef8,213501208,Commune de Gévezé (35),false,{35120},Commune,2026-03-24 14:41:58.620411+01,gold_establishments_2025,,,,21350120800010,2025,Collectivité Territoriale,Commune,['Ille-et-Vilaine'],['Bretagne'],COM,{35},{53}
8e2a3bd6-2326-46a4-958f-f16abb0662bf,218003622,Commune de Gézaincourt (80),false,{80377},Commune,2026-03-24 14:42:09.967209+01,gold_establishments_2025,,,,21800362200014,2025,Collectivité Territoriale,Commune,['Somme'],['Hauts-de-France'],COM,{80},{32}
ba07d9ed-248c-4460-8e40-0d50c93def13,217002682,Commune de Gézier-et-Fontenelay (70),false,{70268},Commune,2026-03-24 14:42:07.735343+01,gold_establishments_2025,,,,21700268200011,2025,Collectivité Territoriale,Commune,['Haute-Saône'],['Bourgogne-Franche-Comté'],COM,{70},{27}
8ea7292d-add8-4df5-95b3-5767f5e709b0,215402256,Commune de Gézoncourt (54),false,{54225},Commune,2026-03-24 14:42:02.957225+01,gold_establishments_2025,,,,21540225600014,2025,Collectivité Territoriale,Commune,['Meurthe-et-Moselle'],['Grand Est'],COM,{54},{44}
bbfe1823-3ea7-4919-bf9a-fb1fb81d4e3b,216701599,Commune de Gœrlingen (67),false,{67159},Commune,2026-03-24 14:42:07.195692+01,gold_establishments_2025,,,,21670159900013,2025,Collectivité Territoriale,Commune,['Bas-Rhin'],['Grand Est'],COM,{67},{44}
f0ec8708-ffe1-4648-b565-4ebb6e801335,216701607,Commune de Gœrsdorf (67),false,{67160},Commune,2026-03-24 14:42:07.195692+01,gold_establishments_2025,,,,21670160700014,2025,Collectivité Territoriale,Commune,['Bas-Rhin'],['Grand Est'],COM,{67},{44}
25a6d9f1-9d0a-4ad4-89da-492caedfa0dd,215902636,Commune de Gœulzin (59),false,{59263},Commune,2026-03-24 14:42:04.280096+01,gold_establishments_2025,,,,21590263600012,2025,Collectivité Territoriale,Commune,['Nord'],['Hauts-de-France'],COM,{59},{32}
20515bc0-43fa-4ff3-85ff-46aa74592eba,216203992,Commune de Habarcq (62),false,{62399},Commune,2026-03-24 14:42:05.597325+01,gold_establishments_2025,,,,21620399200013,2025,Collectivité Territoriale,Commune,['Pas-de-Calais'],['Hauts-de-France'],COM,{62},{32}
c0c1211b-99ce-4b75-837e-e843aa82a8ed,214001182,Commune de Habas (40),false,{40118},Commune,2026-03-24 14:41:59.705606+01,gold_establishments_2025,,,,21400118200010,2025,Collectivité Territoriale,Commune,['Landes'],['Nouvelle-Aquitaine'],COM,{40},{75}
0eb86e5e-f7e8-4a5c-a0e2-e3a928addb50,215402439,Commune de Hablainville (54),false,{54243},Commune,2026-03-24 14:42:02.957225+01,gold_establishments_2025,,,,21540243900016,2025,Collectivité Territoriale,Commune,['Meurthe-et-Moselle'],['Grand Est'],COM,{54},{44}
ee6d1d44-500c-4539-9916-cbf738ec4782,216101998,Commune de Habloville (61),false,{61199},Commune,2026-03-24 14:42:05.597325+01,gold_establishments_2025,,,,21610199800013,2025,Collectivité Territoriale,Commune,['Orne'],['Normandie'],COM,{61},{28}
b5410b6b-1078-496b-9d00-b40af5a8d04e,215702812,Commune de Haboudange (57),false,{57281},Commune,2026-03-24 14:42:03.701372+01,gold_establishments_2025,,,,21570281200011,2025,Collectivité Territoriale,Commune,['Moselle'],['Grand Est'],COM,{57},{44}
919d5c7f-bec8-4cc1-a8d1-164b50c2519f,216801183,Commune de Habsheim (68),false,{68118},Commune,2026-03-24 14:42:07.195692+01,gold_establishments_2025,,,,21680118300015,2025,Collectivité Territoriale,Commune,['Haut-Rhin'],['Grand Est'],COM,{68},{44}
5e4d74ba-78e9-481d-8b4a-537a073d93ce,217401397,Commune de Habère-Lullin (74),false,{74139},Commune,2026-03-24 14:42:08.279287+01,gold_establishments_2025,,,,21740139700013,2025,Collectivité Territoriale,Commune,['Haute-Savoie'],['Auvergne-Rhône-Alpes'],COM,{74},{84}
3c9b4a8c-5012-4f8b-b478-1f5a65cb43d4,217401405,Commune de Habère-Poche (74),false,{74140},Commune,2026-03-24 14:42:08.279287+01,gold_establishments_2025,,,,21740140500014,2025,Collectivité Territoriale,Commune,['Haute-Savoie'],['Auvergne-Rhône-Alpes'],COM,{74},{84}
e1ac0cf0-da7d-4947-b660-7924799dc47e,216502146,Commune de Hachan (65),false,{65214},Commune,2026-03-24 14:42:06.665412+01,gold_establishments_2025,,,,21650214600014,2025,Collectivité Territoriale,Commune,['Hautes-Pyrénées'],['Occitanie'],COM,{65},{76}
2480fa34-2ff1-4278-8623-90657526ab9d,212703102,Commune de Hacqueville (27),false,{27310},Commune,2026-03-24 14:41:57.028721+01,gold_establishments_2025,,,,21270310200013,2025,Collectivité Territoriale,Commune,['Eure'],['Normandie'],COM,{27},{28}
d0fd66fc-2e00-47bf-982b-54ba51cfbf0c,216002907,Commune de Hadancourt-le-Haut-Clocher (60),false,{60293},Commune,2026-03-24 14:42:04.814328+01,gold_establishments_2025,,,,21600290700014,2025,Collectivité Territoriale,Commune,['Oise'],['Hauts-de-France'],COM,{60},{32}
0ae312f7-ba5b-4a07-90bc-515f999229e3,218802247,Commune de Hadigny-les-Verrières (88),false,{88224},Commune,2026-03-24 14:42:11.118516+01,gold_establishments_2025,,,,21880224700013,2025,Collectivité Territoriale,Commune,['Vosges'],['Grand Est'],COM,{88},{44}
a5cc2d33-072f-410d-903f-75e1c106edcc,218802254,Commune de Hadol (88),false,{88225},Commune,2026-03-24 14:42:11.118516+01,gold_establishments_2025,,,,21880225400019,2025,Collectivité Territoriale,Commune,['Vosges'],['Grand Est'],COM,{88},{44}
ddb869a1-588c-4009-9fae-836f50159647,216701797,Commune de Haegen (67),false,{67179},Commune,2026-03-24 14:42:07.195692+01,gold_establishments_2025,,,,21670179700013,2025,Collectivité Territoriale,Commune,['Bas-Rhin'],['Grand Est'],COM,{67},{44}
2ad41afd-c20b-404f-9d4c-2b8dfd25cc8c,216502153,Commune de Hagedet (65),false,{65215},Commune,2026-03-24 14:42:06.665412+01,gold_establishments_2025,,,,21650215300010,2025,Collectivité Territoriale,Commune,['Hautes-Pyrénées'],['Occitanie'],COM,{65},{76}
47e48cfb-af7e-4a33-a228-656748125a7b,215702820,Commune de Hagen (57),false,{57282},Commune,2026-03-24 14:42:03.701372+01,gold_establishments_2025,,,,21570282000014,2025,Collectivité Territoriale,Commune,['Moselle'],['Grand Est'],COM,{57},{44}
64a1f1fc-2757-4763-9865-3812ad5ab773,216801191,Commune de Hagenbach (68),false,{68119},Commune,2026-03-24 14:42:07.195692+01,gold_establishments_2025,,,,21680119100018,2025,Collectivité Territoriale,Commune,['Haut-Rhin'],['Grand Est'],COM,{68},{44}
0db913c7-d40e-4fa7-8643-e3b7b919714b,216801209,Commune de Hagenthal-le-Bas (68),false,{68120},Commune,2026-03-24 14:42:07.195692+01,gold_establishments_2025,,,,21680120900018,2025,Collectivité Territoriale,Commune,['Haut-Rhin'],['Grand Est'],COM,{68},{44}
b642e21d-09a1-448f-ab3a-b06a067b87af,216801217,Commune de Hagenthal-le-Haut (68),false,{68121},Commune,2026-03-24 14:42:07.195692+01,gold_establishments_2025,,,,21680121700011,2025,Collectivité Territoriale,Commune,['Haut-Rhin'],['Grand Est'],COM,{68},{44}
9a4cbc9c-f02b-4413-a82f-2b15bcbfc3b5,213201528,Commune de Haget (32),false,{32152},Commune,2026-03-24 14:41:58.09424+01,gold_establishments_2025,,,,21320152800014,2025,Collectivité Territoriale,Commune,['Gers'],['Occitanie'],COM,{32},{76}
912142c1-dd43-4c5b-92d6-4ca6847f8448,216402545,Commune de Hagetaubin (64),false,{64254},Commune,2026-03-24 14:42:06.130387+01,gold_establishments_2025,,,,21640254500018,2025,Collectivité Territoriale,Commune,['Pyrénées-Atlantiques'],['Nouvelle-Aquitaine'],COM,{64},{75}
ed7c3324-f2ca-440e-8a71-e3641bef9db8,214001190,Commune de Hagetmau (40),false,{40119},Commune,2026-03-24 14:41:59.705606+01,gold_establishments_2025,,,,21400119000013,2025,Collectivité Territoriale,Commune,['Landes'],['Nouvelle-Aquitaine'],COM,{40},{75}
0ce35e85-1bbd-4176-a0d3-036cfac44fa6,210801882,Commune de Hagnicourt (08),false,{08205},Commune,2026-03-24 14:41:52.562531+01,gold_establishments_2025,,,,21080188200015,2025,Collectivité Territoriale,Commune,['Ardennes'],['Grand Est'],COM,{08},{44}
c00701b6-73b5-407c-8165-b12e1d97c0f4,218802270,Commune de Hagnéville-et-Roncourt (88),false,{88227},Commune,2026-03-24 14:42:11.118516+01,gold_establishments_2025,,,,21880227000015,2025,Collectivité Territoriale,Commune,['Vosges'],['Grand Est'],COM,{88},{44}
0120d034-f805-4b4d-9d46-ec8cd3e833c2,215702838,Commune de Hagondange (57),false,{57283},Commune,2026-03-24 14:42:03.701372+01,gold_establishments_2025,,,,21570283800016,2025,Collectivité Territoriale,Commune,['Moselle'],['Grand Est'],COM,{57},{44}
1bfdbece-cdf4-4b1c-8a3f-2726b1d4e98f,216701805,Commune de Haguenau (67),false,{67180},Commune,2026-03-24 14:42:07.195692+01,gold_establishments_2025,,,,21670180500014,2025,Collectivité Territoriale,Commune,['Bas-Rhin'],['Grand Est'],COM,{67},{44}
ce7f0a19-398b-40ed-9a6e-f55df22d07fc,218802262,Commune de Hagécourt (88),false,{88226},Commune,2026-03-24 14:42:11.118516+01,gold_establishments_2025,,,,21880226200012,2025,Collectivité Territoriale,Commune,['Vosges'],['Grand Est'],COM,{88},{44}
20435c22-6f0e-4e4d-81cc-0a18f2c66692,215402447,Commune de Hagéville (54),false,{54244},Commune,2026-03-24 14:42:02.957225+01,gold_establishments_2025,,,,21540244700019,2025,Collectivité Territoriale,Commune,['Meurthe-et-Moselle'],['Grand Est'],COM,{54},{44}
a78a10e9-9859-499e-93a2-8c5be37f33e5,215402454,Commune de Haigneville (54),false,{54245},Commune,2026-03-24 14:42:02.957225+01,gold_establishments_2025,,,,21540245400015,2025,Collectivité Territoriale,Commune,['Meurthe-et-Moselle'],['Grand Est'],COM,{54},{44}
8f30c1fe-8681-4eca-a83c-3c54bb566dab,218802288,Commune de Haillainville (88),false,{88228},Commune,2026-03-24 14:42:11.118516+01,gold_establishments_2025,,,,21880228800017,2025,Collectivité Territoriale,Commune,['Vosges'],['Grand Est'],COM,{88},{44}
c1e73905-4993-4e3e-81f7-7cb553ce26bf,218003879,Commune de Hailles (80),false,{80405},Commune,2026-03-24 14:42:09.967209+01,gold_establishments_2025,,,,21800387900010,2025,Collectivité Territoriale,Commune,['Somme'],['Hauts-de-France'],COM,{80},{32}
c6a82858-7ce7-4d89-9892-213f45ed208d,216204008,Commune de Haillicourt (62),false,{62400},Commune,2026-03-24 14:42:05.597325+01,gold_establishments_2025,,,,21620400800017,2025,Collectivité Territoriale,Commune,['Pas-de-Calais'],['Hauts-de-France'],COM,{62},{32}
c6470191-5da4-4730-b41c-80d1f6e944fc,211701883,Commune de Haimps (17),false,{17188},Commune,2026-03-24 14:41:54.903238+01,gold_establishments_2025,,,,21170188300012,2025,Collectivité Territoriale,Commune,['Charente-Maritime'],['Nouvelle-Aquitaine'],COM,{17},{75}
366c19a2-85ab-40c5-a8ca-620f0a63e335,218601102,Commune de Haims (86),false,{86110},Commune,2026-03-24 14:42:10.508772+01,gold_establishments_2025,,,,21860110200013,2025,Collectivité Territoriale,Commune,['Vienne'],['Nouvelle-Aquitaine'],COM,{86},{75}
c688b015-98e1-4c75-9744-e069813e4967,216002915,Commune de Hainvillers (60),false,{60294},Commune,2026-03-24 14:42:04.814328+01,gold_establishments_2025,,,,21600291500017,2025,Collectivité Territoriale,Commune,['Oise'],['Hauts-de-France'],COM,{60},{32}
64b9b110-74d3-493b-b678-9d9d73b208a1,215502246,Commune de Haironville (55),false,{55224},Commune,2026-03-24 14:42:02.957225+01,gold_establishments_2025,,,,21550224600014,2025,Collectivité Territoriale,Commune,['Meuse'],['Grand Est'],COM,{55},{44}
dbd7469a-d424-4554-ab2d-d488e5a7a483,216204016,Commune de Haisnes (62),false,{62401},Commune,2026-03-24 14:42:05.597325+01,gold_establishments_2025,,,,21620401600010,2025,Collectivité Territoriale,Commune,['Pas-de-Calais'],['Hauts-de-France'],COM,{62},{32}
b8992fb9-6d63-4bcd-a59f-aa42fbb157d0,216204024,Commune de Halinghen (62),false,{62402},Commune,2026-03-24 14:42:05.597325+01,gold_establishments_2025,,,,21620402400014,2025,Collectivité Territoriale,Commune,['Pas-de-Calais'],['Hauts-de-France'],COM,{62},{32}
5380b21b-a36b-4529-b4a1-b2a58b5c4f89,218003887,Commune de Hallencourt (80),false,{80406},Commune,2026-03-24 14:42:09.967209+01,gold_establishments_2025,,,,21800388700013,2025,Collectivité Territoriale,Commune,['Somme'],['Hauts-de-France'],COM,{80},{32}
691e0304-a0e7-4cc2-8a49-cd8ddaa097a9,215902784,Commune de Hallennes-lez-Haubourdin (59),false,{59278},Commune,2026-03-24 14:42:04.280096+01,gold_establishments_2025,,,,21590278400010,2025,Collectivité Territoriale,Commune,['Nord'],['Hauts-de-France'],COM,{59},{32}
be3173de-708b-43a2-b622-b77813148ea9,215702846,Commune de Hallering (57),false,{57284},Commune,2026-03-24 14:42:03.701372+01,gold_establishments_2025,,,,21570284600019,2025,Collectivité Territoriale,Commune,['Moselle'],['Grand Est'],COM,{57},{44}
e0d22223-8a41-4161-a7a5-f750f15a598b,215502253,Commune de Halles-sous-les-Côtes (55),false,{55225},Commune,2026-03-24 14:42:02.957225+01,gold_establishments_2025,,,,21550225300010,2025,Collectivité Territoriale,Commune,['Meuse'],['Grand Est'],COM,{55},{44}
9841a0e0-508f-4d99-b11d-7307cad8606e,215201690,Commune de Hallignicourt (52),false,{52235},Commune,2026-03-24 14:42:01.954481+01,gold_establishments_2025,,,,21520169000017,2025,Collectivité Territoriale,Commune,['Haute-Marne'],['Grand Est'],COM,{52},{44}
9d5200d4-76ab-4c30-874a-0a322d05ec6e,216204032,Commune de Hallines (62),false,{62403},Commune,2026-03-24 14:42:05.597325+01,gold_establishments_2025,,,,21620403200017,2025,Collectivité Territoriale,Commune,['Pas-de-Calais'],['Hauts-de-France'],COM,{62},{32}
fb30555d-c9b0-4a58-a2d3-2950022a88f5,218003895,Commune de Hallivillers (80),false,{80407},Commune,2026-03-24 14:42:09.967209+01,gold_establishments_2025,,,,21800389500016,2025,Collectivité Territoriale,Commune,['Somme'],['Hauts-de-France'],COM,{80},{32}
916b676e-5c27-4c65-a62b-77a1d11304d1,215402462,Commune de Halloville (54),false,{54246},Commune,2026-03-24 14:42:02.957225+01,gold_establishments_2025,,,,21540246200018,2025,Collectivité Territoriale,Commune,['Meurthe-et-Moselle'],['Grand Est'],COM,{54},{44}
cb54d4b2-809c-4767-b2ac-4c9484da8af5,216002923,Commune de Halloy (60),false,{60295},Commune,2026-03-24 14:42:04.814328+01,gold_establishments_2025,,,,21600292300011,2025,Collectivité Territoriale,Commune,['Oise'],['Hauts-de-France'],COM,{60},{32}
6b95b44b-0800-4ed7-ad44-f3eede4a09ec,216204040,Commune de Halloy (62),false,{62404},Commune,2026-03-24 14:42:05.597325+01,gold_establishments_2025,,,,21620404000010,2025,Collectivité Territoriale,Commune,['Pas-de-Calais'],['Hauts-de-France'],COM,{62},{32}
4359b09c-e07c-476b-98f8-efa48f58740b,218003903,Commune de Halloy-lès-Pernois (80),false,{80408},Commune,2026-03-24 14:42:09.967209+01,gold_establishments_2025,,,,21800390300018,2025,Collectivité Territoriale,Commune,['Somme'],['Hauts-de-France'],COM,{80},{32}
86b70fad-2854-4288-8d77-208930b2d04d,218003911,Commune de Hallu (80),false,{80409},Commune,2026-03-24 14:42:09.967209+01,gold_establishments_2025,,,,21800391100011,2025,Collectivité Territoriale,Commune,['Somme'],['Hauts-de-France'],COM,{80},{32}
d889b5a6-b9a4-47a3-8bb7-08a0a5cb7eb5,215902792,Commune de Halluin (59),false,{59279},Commune,2026-03-24 14:42:04.280096+01,gold_establishments_2025,,,,21590279200013,2025,Collectivité Territoriale,Commune,['Nord'],['Hauts-de-France'],COM,{59},{32}
9de2ee6d-7c63-466e-bf80-7a5a80b47dd9,216402552,Commune de Halsou (64),false,{64255},Commune,2026-03-24 14:42:06.130387+01,gold_establishments_2025,,,,21640255200014,2025,Collectivité Territoriale,Commune,['Pyrénées-Atlantiques'],['Nouvelle-Aquitaine'],COM,{64},{75}
2270935f-16b0-4d5a-9f23-9f69cc275c1c,215702861,Commune de Halstroff (57),false,{57286},Commune,2026-03-24 14:42:03.701372+01,gold_establishments_2025,,,,21570286100018,2025,Collectivité Territoriale,Commune,['Moselle'],['Grand Est'],COM,{57},{44}
42294b57-db29-4e8a-9b07-ee364c3ec5dd,218003929,Commune de Ham (80),false,{80410},Commune,2026-03-24 14:42:09.967209+01,gold_establishments_2025,,,,21800392900013,2025,Collectivité Territoriale,Commune,['Somme'],['Hauts-de-France'],COM,{80},{32}
cc2a7f3d-e5bb-4d38-a3d5-d6ed424de0f3,216204073,Commune de Ham-en-Artois (62),false,{62407},Commune,2026-03-24 14:42:05.597325+01,gold_establishments_2025,,,,21620407300011,2025,Collectivité Territoriale,Commune,['Pas-de-Calais'],['Hauts-de-France'],COM,{62},{32}
5988dcb5-47a6-4f9f-93b4-c18058e8e239,210801890,Commune de Ham-les-Moines (08),false,{08206},Commune,2026-03-24 14:41:52.562531+01,gold_establishments_2025,,,,21080189000018,2025,Collectivité Territoriale,Commune,['Ardennes'],['Grand Est'],COM,{08},{44}
aa36c938-103a-4573-b024-f06bb79513fb,215702887,Commune de Ham-sous-Varsberg (57),false,{57288},Commune,2026-03-24 14:42:03.701372+01,gold_establishments_2025,,,,21570288700013,2025,Collectivité Territoriale,Commune,['Moselle'],['Grand Est'],COM,{57},{44}
9b3176f6-14a8-44d2-bb1f-4c987737c107,210801908,Commune de Ham-sur-Meuse (08),false,{08207},Commune,2026-03-24 14:41:52.562531+01,gold_establishments_2025,,,,21080190800018,2025,Collectivité Territoriale,Commune,['Ardennes'],['Grand Est'],COM,{08},{44}
ee207584-c53e-462c-b727-2da0d20a0579,215702895,Commune de Hambach (57),false,{57289},Commune,2026-03-24 14:42:03.701372+01,gold_establishments_2025,,,,21570289500099,2025,Collectivité Territoriale,Commune,['Moselle'],['Grand Est'],COM,{57},{44}
0dd466b5-b504-4140-a128-1bb55cc408c8,215301136,Commune de Hambers (53),false,{53113},Commune,2026-03-24 14:42:02.957225+01,gold_establishments_2025,,,,21530113600010,2025,Collectivité Territoriale,Commune,['Mayenne'],['Pays de la Loire'],COM,{53},{52}
f065c6e7-0109-4984-b71f-4a2fb9f99a76,216204057,Commune de Hamblain-les-Prés (62),false,{62405},Commune,2026-03-24 14:42:05.597325+01,gold_establishments_2025,,,,21620405700014,2025,Collectivité Territoriale,Commune,['Pas-de-Calais'],['Hauts-de-France'],COM,{62},{32}
c1f1fd89-5413-44d4-9621-fb95009578ca,215002288,Commune de Hambye (50),false,{50228},Commune,2026-03-24 14:42:01.412377+01,gold_establishments_2025,,,,21500228800011,2025,Collectivité Territoriale,Commune,['Manche'],['Normandie'],COM,{50},{28}
cee5ecce-2f6f-410a-8f64-c8e01bc03e72,215902800,Commune de Hamel (59),false,{59280},Commune,2026-03-24 14:42:04.280096+01,gold_establishments_2025,,,,21590280000014,2025,Collectivité Territoriale,Commune,['Nord'],['Hauts-de-France'],COM,{59},{32}
d9e17a71-541f-4073-b4d0-37745fbd8614,218003945,Commune de Hamelet (80),false,{80412},Commune,2026-03-24 14:42:09.967209+01,gold_establishments_2025,,,,21800394500019,2025,Collectivité Territoriale,Commune,['Somme'],['Hauts-de-France'],COM,{80},{32}
1a27e5a3-2635-4454-868c-732428f5cd8f,215002296,Commune de Hamelin (50),false,{50229},Commune,2026-03-24 14:42:01.412377+01,gold_establishments_2025,,,,21500229600014,2025,Collectivité Territoriale,Commune,['Manche'],['Normandie'],COM,{50},{28}
e4274619-3267-4137-9923-654b77648b15,216204065,Commune de Hamelincourt (62),false,{62406},Commune,2026-03-24 14:42:05.597325+01,gold_establishments_2025,,,,21620406500017,2025,Collectivité Territoriale,Commune,['Pas-de-Calais'],['Hauts-de-France'],COM,{62},{32}
f7140e84-2201-4598-927a-4f72c19ca20b,216204081,Commune de Hames-Boucres (62),false,{62408},Commune,2026-03-24 14:42:05.597325+01,gold_establishments_2025,,,,21620408100014,2025,Collectivité Territoriale,Commune,['Pas-de-Calais'],['Hauts-de-France'],COM,{62},{32}
eef2b37e-1308-4936-a711-60f4205002ba,215402470,Commune de Hammeville (54),false,{54247},Commune,2026-03-24 14:42:02.957225+01,gold_establishments_2025,,,,21540247000011,2025,Collectivité Territoriale,Commune,['Meurthe-et-Moselle'],['Grand Est'],COM,{54},{44}
03f179e7-c250-46b5-8afb-1723e285a754,215402488,Commune de Hamonville (54),false,{54248},Commune,2026-03-24 14:42:02.957225+01,gold_establishments_2025,,,,21540248800013,2025,Collectivité Territoriale,Commune,['Meurthe-et-Moselle'],['Grand Est'],COM,{54},{44}
7b739cf4-58b2-4d14-97b0-4451cc3d3560,211001649,Commune de Hampigny (10),false,{10171},Commune,2026-03-24 14:41:53.095366+01,gold_establishments_2025,,,,21100164900014,2025,Collectivité Territoriale,Commune,['Aube'],['Grand Est'],COM,{10},{44}
02c3eaab-826d-4c25-bb9a-454c7e6edee6,215702903,Commune de Hampont (57),false,{57290},Commune,2026-03-24 14:42:03.701372+01,gold_establishments_2025,,,,21570290300018,2025,Collectivité Territoriale,Commune,['Moselle'],['Grand Est'],COM,{57},{44}
a756ec39-bc2d-4322-8c50-6ca42d48b9a8,215408048,Commune de Han-devant-Pierrepont (54),false,{54602},Commune,2026-03-24 14:42:02.957225+01,gold_establishments_2025,,,,21540804800019,2025,Collectivité Territoriale,Commune,['Meurthe-et-Moselle'],['Grand Est'],COM,{54},{44}
7fb82143-cc4f-48ed-beff-2f64b91c096f,215502261,Commune de Han-lès-Juvigny (55),false,{55226},Commune,2026-03-24 14:42:02.957225+01,gold_establishments_2025,,,,21550226100013,2025,Collectivité Territoriale,Commune,['Meuse'],['Grand Est'],COM,{55},{44}
71750f52-f677-4e55-8ee9-1e7763138305,215502295,Commune de Han-sur-Meuse (55),false,{55229},Commune,2026-03-24 14:42:02.957225+01,gold_establishments_2025,,,,21550229500011,2025,Collectivité Territoriale,Commune,['Meuse'],['Grand Est'],COM,{55},{44}
de5a35f4-f864-4ab4-82da-4d90130e5155,215702937,Commune de Han-sur-Nied (57),false,{57293},Commune,2026-03-24 14:42:03.701372+01,gold_establishments_2025,,,,21570293700016,2025,Collectivité Territoriale,Commune,['Moselle'],['Grand Est'],COM,{57},{44}
ebf3105d-1ac7-4609-947a-c402a5b9ac0d,212801914,Commune de Hanches (28),false,{28191},Commune,2026-03-24 14:41:57.028721+01,gold_establishments_2025,,,,21280191400012,2025,Collectivité Territoriale,Commune,['Eure-et-Loir'],['Centre-Val de Loire'],COM,{28},{24}
89bf2285-8d89-45a2-9076-1ee7914488e0,218003952,Commune de Hancourt (80),false,{80413},Commune,2026-03-24 14:42:09.967209+01,gold_establishments_2025,,,,21800395200015,2025,Collectivité Territoriale,Commune,['Somme'],['Hauts-de-France'],COM,{80},{32}
4ab44a42-beeb-4d01-9890-dcfa2e0309a1,216701813,Commune de Handschuheim (67),false,{67181},Commune,2026-03-24 14:42:07.195692+01,gold_establishments_2025,,,,21670181300018,2025,Collectivité Territoriale,Commune,['Bas-Rhin'],['Grand Est'],COM,{67},{44}
ebbbc84b-9780-4c08-b9f6-5c0f91f9e717,218003960,Commune de Hangard (80),false,{80414},Commune,2026-03-24 14:42:09.967209+01,gold_establishments_2025,,,,21800396000018,2025,Collectivité Territoriale,Commune,['Somme'],['Hauts-de-France'],COM,{80},{32}
3c7459cb-7434-42ba-864d-2cb4e078c819,216701821,Commune de Hangenbieten (67),false,{67182},Commune,2026-03-24 14:42:07.195692+01,gold_establishments_2025,,,,21670182100011,2025,Collectivité Territoriale,Commune,['Bas-Rhin'],['Grand Est'],COM,{67},{44}
152f7761-ba05-45d8-a307-5e04db45325d,218003978,Commune de Hangest-en-Santerre (80),false,{80415},Commune,2026-03-24 14:42:09.967209+01,gold_establishments_2025,,,,21800397800010,2025,Collectivité Territoriale,Commune,['Somme'],['Hauts-de-France'],COM,{80},{32}
805aac1b-00db-422b-850d-da3dfa8f456e,218003986,Commune de Hangest-sur-Somme (80),false,{80416},Commune,2026-03-24 14:42:09.967209+01,gold_establishments_2025,,,,21800398600013,2025,Collectivité Territoriale,Commune,['Somme'],['Hauts-de-France'],COM,{80},{32}
ebc1240a-7c57-416f-9fa9-797cceed39da,215702911,Commune de Hangviller (57),false,{57291},Commune,2026-03-24 14:42:03.701372+01,gold_establishments_2025,,,,21570291100060,2025,Collectivité Territoriale,Commune,['Moselle'],['Grand Est'],COM,{57},{44}
2fce3f5b-1112-4231-8074-50a4a7d3383c,216002931,Commune de Hannaches (60),false,{60296},Commune,2026-03-24 14:42:04.814328+01,gold_establishments_2025,,,,21600293100014,2025,Collectivité Territoriale,Commune,['Oise'],['Hauts-de-France'],COM,{60},{32}
d3d1f18b-f107-47ce-ba4f-aa5911886fbd,210203469,Commune de Hannapes (02),false,{02366},Commune,2026-03-24 14:41:52.020251+01,gold_establishments_2025,,,,21020346900015,2025,Collectivité Territoriale,Commune,['Aisne'],['Hauts-de-France'],COM,{02},{32}
b10dad24-abfd-4dd3-92c9-ed145aa8cd91,210801916,Commune de Hannappes (08),false,{08208},Commune,2026-03-24 14:41:52.562531+01,gold_establishments_2025,,,,21080191600011,2025,Collectivité Territoriale,Commune,['Ardennes'],['Grand Est'],COM,{08},{44}
5902ad3f-b92f-440c-9e84-b17224e9da01,216204099,Commune de Hannescamps (62),false,{62409},Commune,2026-03-24 14:42:05.597325+01,gold_establishments_2025,,,,21620409900016,2025,Collectivité Territoriale,Commune,['Pas-de-Calais'],['Hauts-de-France'],COM,{62},{32}
57d39984-c42e-4a3b-ba51-1d7166f4a8a7,215702929,Commune de Hannocourt (57),false,{57292},Commune,2026-03-24 14:42:03.701372+01,gold_establishments_2025,,,,21570292900013,2025,Collectivité Territoriale,Commune,['Moselle'],['Grand Est'],COM,{57},{44}
ca07cb14-6e77-4edb-853c-444f155e0d3f,210801924,Commune de Hannogne-Saint-Martin (08),false,{08209},Commune,2026-03-24 14:41:52.562531+01,gold_establishments_2025,,,,21080192400015,2025,Collectivité Territoriale,Commune,['Ardennes'],['Grand Est'],COM,{08},{44}
10ec020e-1870-4eee-a622-fa8c7a91b90e,210801932,Commune de Hannogne-Saint-Rémy (08),false,{08210},Commune,2026-03-24 14:41:52.562531+01,gold_establishments_2025,,,,21080193200018,2025,Collectivité Territoriale,Commune,['Ardennes'],['Grand Est'],COM,{08},{44}
a73e51e2-ea55-4d3b-813e-6bc215fbb089,215402496,Commune de Hannonville-Suzémont (54),false,{54249},Commune,2026-03-24 14:42:02.957225+01,gold_establishments_2025,,,,21540249600016,2025,Collectivité Territoriale,Commune,['Meurthe-et-Moselle'],['Grand Est'],COM,{54},{44}
8af016d9-a20b-45d5-b3cb-e891c0c6c1b0,215502287,Commune de Hannonville-sous-les-Côtes (55),false,{55228},Commune,2026-03-24 14:42:02.957225+01,gold_establishments_2025,,,,21550228700018,2025,Collectivité Territoriale,Commune,['Meuse'],['Grand Est'],COM,{55},{44}
5709af4e-f330-47ec-86b3-dda24477b563,215102641,Commune de Hans (51),false,{51283},Commune,2026-03-24 14:42:01.954481+01,gold_establishments_2025,,,,21510264100010,2025,Collectivité Territoriale,Commune,['Marne'],['Grand Est'],COM,{51},{44}
bae435b6-1427-450d-9e8e-fbaa27f192db,215902818,Commune de Hantay (59),false,{59281},Commune,2026-03-24 14:42:04.280096+01,gold_establishments_2025,,,,21590281800016,2025,Collectivité Territoriale,Commune,['Nord'],['Hauts-de-France'],COM,{59},{32}
41b97487-14af-4f84-8d07-a3bbae698405,212900781,Commune de Hanvec (29),false,{29078},Commune,2026-03-24 14:41:57.028721+01,gold_establishments_2025,,,,21290078100015,2025,Collectivité Territoriale,Commune,['Finistère'],['Bretagne'],COM,{29},{53}
923c9a01-62c6-41ee-ba4c-1c94b97df031,215702945,Commune de Hanviller (57),false,{57294},Commune,2026-03-24 14:42:03.701372+01,gold_establishments_2025,,,,21570294500019,2025,Collectivité Territoriale,Commune,['Moselle'],['Grand Est'],COM,{57},{44}
5f420901-2ecf-4532-a4d2-a8a27560bf94,216002956,Commune de Hanvoile (60),false,{60298},Commune,2026-03-24 14:42:04.814328+01,gold_establishments_2025,,,,21600295600011,2025,Collectivité Territoriale,Commune,['Oise'],['Hauts-de-France'],COM,{60},{32}
771de3cb-48ce-4082-93dc-7a73287b9164,216204107,Commune de Haplincourt (62),false,{62410},Commune,2026-03-24 14:42:05.597325+01,gold_establishments_2025,,,,21620410700017,2025,Collectivité Territoriale,Commune,['Pas-de-Calais'],['Hauts-de-France'],COM,{62},{32}
cfde25dc-0a68-4c59-9b9d-f8ac1fae4b8c,210203477,Commune de Happencourt (02),false,{02367},Commune,2026-03-24 14:41:52.020251+01,gold_establishments_2025,,,,21020347700018,2025,Collectivité Territoriale,Commune,['Aisne'],['Hauts-de-France'],COM,{02},{32}
18b605a8-11eb-4812-a9f3-1fa5659ad8ed,212801922,Commune de Happonvilliers (28),false,{28192},Commune,2026-03-24 14:41:57.028721+01,gold_establishments_2025,,,,21280192200015,2025,Collectivité Territoriale,Commune,['Eure-et-Loir'],['Centre-Val de Loire'],COM,{28},{24}
36c6b93b-73fe-40ca-a399-9a7cb88e4f93,210203485,Commune de Haramont (02),false,{02368},Commune,2026-03-24 14:41:52.020251+01,gold_establishments_2025,,,,21020348500011,2025,Collectivité Territoriale,Commune,['Aisne'],['Hauts-de-France'],COM,{02},{32}
21f70824-f275-4828-9fda-52059262fd0f,210801940,Commune de Haraucourt (08),false,{08211},Commune,2026-03-24 14:41:52.562531+01,gold_establishments_2025,,,,21080194000011,2025,Collectivité Territoriale,Commune,['Ardennes'],['Grand Est'],COM,{08},{44}
561d9d49-b899-4ff3-8430-bc8894814de0,215402504,Commune de Haraucourt (54),false,{54250},Commune,2026-03-24 14:42:02.957225+01,gold_establishments_2025,,,,21540250400017,2025,Collectivité Territoriale,Commune,['Meurthe-et-Moselle'],['Grand Est'],COM,{54},{44}
7dffdb8b-1ccf-42ce-a43d-8539d5d629b8,215702952,Commune de Haraucourt-sur-Seille (57),false,{57295},Commune,2026-03-24 14:42:03.701372+01,gold_establishments_2025,,,,21570295200015,2025,Collectivité Territoriale,Commune,['Moselle'],['Grand Est'],COM,{57},{44}
4babcc5e-cfa1-4eaa-9c90-fd4a513b7ecf,216204115,Commune de Haravesnes (62),false,{62411},Commune,2026-03-24 14:42:05.597325+01,gold_establishments_2025,,,,21620411500010,2025,Collectivité Territoriale,Commune,['Pas-de-Calais'],['Hauts-de-France'],COM,{62},{32}
73159f40-109a-4f1d-8c55-eeacad44d512,219502986,Commune de Haravilliers (95),false,{95298},Commune,2026-03-24 14:42:11.659493+01,gold_establishments_2025,,,,21950298600017,2025,Collectivité Territoriale,Commune,"[""Val-d'Oise""]",['Île-de-France'],COM,{95},{11}
828429dc-0fdd-4684-b1e8-c7d1768e4190,218003994,Commune de Harbonnières (80),false,{80417},Commune,2026-03-24 14:42:09.967209+01,gold_establishments_2025,,,,21800399400017,2025,Collectivité Territoriale,Commune,['Somme'],['Hauts-de-France'],COM,{80},{32}
9585e1bd-02f8-4598-91b2-edd02e47246a,215402512,Commune de Harbouey (54),false,{54251},Commune,2026-03-24 14:42:02.957225+01,gold_establishments_2025,,,,21540251200010,2025,Collectivité Territoriale,Commune,['Meurthe-et-Moselle'],['Grand Est'],COM,{54},{44}
fe20928a-5634-487b-8504-4c85c2509db3,217603406,Commune de Harcanville (76),false,{76340},Commune,2026-03-24 14:42:08.818969+01,gold_establishments_2025,,,,21760340600018,2025,Collectivité Territoriale,Commune,['Seine-Maritime'],['Normandie'],COM,{76},{28}
bc022979-61d1-47d8-839a-f7838860aca5,218802296,Commune de Harchéchamp (88),false,{88229},Commune,2026-03-24 14:42:11.118516+01,gold_establishments_2025,,,,21880229600010,2025,Collectivité Territoriale,Commune,['Vosges'],['Grand Est'],COM,{88},{44}
0661693e-b2e4-4fba-a6e5-a19ad8b5ad89,210203493,Commune de Harcigny (02),false,{02369},Commune,2026-03-24 14:41:52.020251+01,gold_establishments_2025,,,,21020349300015,2025,Collectivité Territoriale,Commune,['Aisne'],['Hauts-de-France'],COM,{02},{32}
246c87b1-7735-4dab-9d0c-390836db5fd0,212703110,Commune de Harcourt (27),false,{27311},Commune,2026-03-24 14:41:57.028721+01,gold_establishments_2025,,,,21270311000016,2025,Collectivité Territoriale,Commune,['Eure'],['Normandie'],COM,{27},{28}
a97543bb-9529-483e-ae8c-3d631f0f34e2,210801957,Commune de Harcy (08),false,{08212},Commune,2026-03-24 14:41:52.562531+01,gold_establishments_2025,,,,21080195700015,2025,Collectivité Territoriale,Commune,['Ardennes'],['Grand Est'],COM,{08},{44}
46157987-4a2f-4348-8c13-366840b8e567,218802304,Commune de Hardancourt (88),false,{88230},Commune,2026-03-24 14:42:11.118516+01,gold_establishments_2025,,,,21880230400012,2025,Collectivité Territoriale,Commune,['Vosges'],['Grand Est'],COM,{88},{44}
8693641a-38a4-4508-b050-9d63c03147db,215301144,Commune de Hardanges (53),false,{53114},Commune,2026-03-24 14:42:02.957225+01,gold_establishments_2025,,,,21530114400014,2025,Collectivité Territoriale,Commune,['Mayenne'],['Pays de la Loire'],COM,{53},{52}
633299a6-fd58-4954-be03-57a98cde4c3b,218004000,Commune de Hardecourt-aux-Bois (80),false,{80418},Commune,2026-03-24 14:42:09.967209+01,gold_establishments_2025,,,,21800400000012,2025,Collectivité Territoriale,Commune,['Somme'],['Hauts-de-France'],COM,{80},{32}
7aa1fe66-956f-4b3a-b844-2e67fadfee41,212703128,Commune de Hardencourt-Cocherel (27),false,{27312},Commune,2026-03-24 14:41:57.028721+01,gold_establishments_2025,,,,21270312800018,2025,Collectivité Territoriale,Commune,['Eure'],['Normandie'],COM,{27},{28}
8e88d85a-ee93-441b-9ef5-a4f6b17c11d5,215902826,Commune de Hardifort (59),false,{59282},Commune,2026-03-24 14:42:04.280096+01,gold_establishments_2025,,,,21590282600035,2025,Collectivité Territoriale,Commune,['Nord'],['Hauts-de-France'],COM,{59},{32}
90c5eeb0-86be-43a4-beb6-9d7620ae9051,216204123,Commune de Hardinghen (62),false,{62412},Commune,2026-03-24 14:42:05.597325+01,gold_establishments_2025,,,,21620412300014,2025,Collectivité Territoriale,Commune,['Pas-de-Calais'],['Hauts-de-France'],COM,{62},{32}
afec7af1-c2c8-4fcb-9fda-6d169be1edcf,215002304,Commune de Hardinvast (50),false,{50230},Commune,2026-03-24 14:42:01.412377+01,gold_establishments_2025,,,,21500230400016,2025,Collectivité Territoriale,Commune,['Manche'],['Normandie'],COM,{50},{28}
ea20cd63-1560-428a-a9d9-3518f9ce3247,216002964,Commune de Hardivillers (60),false,{60299},Commune,2026-03-24 14:42:04.814328+01,gold_establishments_2025,,,,21600296400015,2025,Collectivité Territoriale,Commune,['Oise'],['Hauts-de-France'],COM,{60},{32}
7956e188-17b8-417f-8b66-72f537fc2463,217802990,Commune de Hardricourt (78),false,{78299},Commune,2026-03-24 14:42:09.43682+01,gold_establishments_2025,,,,21780299000069,2025,Collectivité Territoriale,Commune,['Yvelines'],['Île-de-France'],COM,{78},{11}
27e9cee2-9545-4a4a-a3a7-981af72d84e4,217603414,Commune de Harfleur (76),false,{76341},Commune,2026-03-24 14:42:08.818969+01,gold_establishments_2025,,,,21760341400012,2025,Collectivité Territoriale,Commune,['Seine-Maritime'],['Normandie'],COM,{76},{28}
ba710fe2-03f2-4763-82cc-99556ad834c6,215702960,Commune de Hargarten-aux-Mines (57),false,{57296},Commune,2026-03-24 14:42:03.701372+01,gold_establishments_2025,,,,21570296000018,2025,Collectivité Territoriale,Commune,['Moselle'],['Grand Est'],COM,{57},{44}
6e1800ed-8097-49cd-88f7-fee06418e385,217803006,Commune de Hargeville (78),false,{78300},Commune,2026-03-24 14:42:09.43682+01,gold_establishments_2025,,,,21780300600014,2025,Collectivité Territoriale,Commune,['Yvelines'],['Île-de-France'],COM,{78},{11}
3be5f6cc-0b8e-4a75-83e7-144649c738c6,210203501,Commune de Hargicourt (02),false,{02370},Commune,2026-03-24 14:41:52.020251+01,gold_establishments_2025,,,,21020350100015,2025,Collectivité Territoriale,Commune,['Aisne'],['Hauts-de-France'],COM,{02},{32}
94ddeeeb-14a2-440e-8e3d-71a2f9c12976,210801965,Commune de Hargnies (08),false,{08214},Commune,2026-03-24 14:41:52.562531+01,gold_establishments_2025,,,,21080196500018,2025,Collectivité Territoriale,Commune,['Ardennes'],['Grand Est'],COM,{08},{44}
c46ce97a-db93-4503-ad1a-9191a79ee288,215902834,Commune de Hargnies (59),false,{59283},Commune,2026-03-24 14:42:04.280096+01,gold_establishments_2025,,,,21590283400013,2025,Collectivité Territoriale,Commune,['Nord'],['Hauts-de-France'],COM,{59},{32}
5acd75f9-a682-4935-a748-8b898f823716,210203519,Commune de Harly (02),false,{02371},Commune,2026-03-24 14:41:52.020251+01,gold_establishments_2025,,,,21020351900017,2025,Collectivité Territoriale,Commune,['Aisne'],['Hauts-de-France'],COM,{02},{32}
79c07682-3b1e-4ed9-aa41-03f7a6f99131,218802320,Commune de Harmonville (88),false,{88232},Commune,2026-03-24 14:42:11.118516+01,gold_establishments_2025,,,,21880232000018,2025,Collectivité Territoriale,Commune,['Vosges'],['Grand Est'],COM,{88},{44}
01457aae-73c6-4c4d-ba1a-6a9dfbdc2b10,216204131,Commune de Harnes (62),false,{62413},Commune,2026-03-24 14:42:05.597325+01,gold_establishments_2025,,,,21620413100017,2025,Collectivité Territoriale,Commune,['Pas-de-Calais'],['Hauts-de-France'],COM,{62},{32}
dcfd48e2-5e5c-4205-aab0-aa8f36c89254,218802338,Commune de Harol (88),false,{88233},Commune,2026-03-24 14:42:11.118516+01,gold_establishments_2025,,,,21880233800010,2025,Collectivité Territoriale,Commune,['Vosges'],['Grand Est'],COM,{88},{44}
e94fe93c-c175-4518-94eb-20ef517802f1,215402520,Commune de Haroué (54),false,{54252},Commune,2026-03-24 14:42:02.957225+01,gold_establishments_2025,,,,21540252000013,2025,Collectivité Territoriale,Commune,['Meurthe-et-Moselle'],['Grand Est'],COM,{54},{44}
62c1a83b-c0a9-479a-8efc-2a1e464a7d52,218004026,Commune de Harponville (80),false,{80420},Commune,2026-03-24 14:42:09.967209+01,gold_establishments_2025,,,,21800402600017,2025,Collectivité Territoriale,Commune,['Somme'],['Hauts-de-France'],COM,{80},{32}
44c979a7-f3f7-4411-83be-73526ac79012,215702978,Commune de Harprich (57),false,{57297},Commune,2026-03-24 14:42:03.701372+01,gold_establishments_2025,,,,21570297800010,2025,Collectivité Territoriale,Commune,['Moselle'],['Grand Est'],COM,{57},{44}
fc6d1283-5900-43fc-a14b-ec75bff8a84e,212703151,Commune de Harquency (27),false,{27315},Commune,2026-03-24 14:41:57.028721+01,gold_establishments_2025,,,,21270315100010,2025,Collectivité Territoriale,Commune,['Eure'],['Normandie'],COM,{27},{28}
58ddf423-4f6a-49b7-b6de-9bccc971dd56,215702986,Commune de Harreberg (57),false,{57298},Commune,2026-03-24 14:42:03.701372+01,gold_establishments_2025,,,,21570298600013,2025,Collectivité Territoriale,Commune,['Moselle'],['Grand Est'],COM,{57},{44}
a61e140a-645b-4baa-ab56-d4cc172b30a8,210801973,Commune de Harricourt (08),false,{08215},Commune,2026-03-24 14:41:52.562531+01,gold_establishments_2025,,,,21080197300012,2025,Collectivité Territoriale,Commune,['Ardennes'],['Grand Est'],COM,{08},{44}
c8a6dc7e-c9cf-4f4a-87ee-0926941f3325,215201708,Commune de Harréville-les-Chanteurs (52),false,{52237},Commune,2026-03-24 14:42:01.954481+01,gold_establishments_2025,,,,21520170800017,2025,Collectivité Territoriale,Commune,['Haute-Marne'],['Grand Est'],COM,{52},{44}
09723ea3-3095-4c83-81ff-3fdea014f1ae,216701839,Commune de Harskirchen (67),false,{67183},Commune,2026-03-24 14:42:07.195692+01,gold_establishments_2025,,,,21670183900013,2025,Collectivité Territoriale,Commune,['Bas-Rhin'],['Grand Est'],COM,{67},{44}
6f9c2ad0-feda-4906-982f-63e91c372448,210203527,Commune de Hartennes-et-Taux (02),false,{02372},Commune,2026-03-24 14:41:52.020251+01,gold_establishments_2025,,,,21020352700010,2025,Collectivité Territoriale,Commune,['Aisne'],['Hauts-de-France'],COM,{02},{32}
b20aa23d-8ce0-468a-a8a5-e260237c1155,216801225,Commune de Hartmannswiller (68),false,{68122},Commune,2026-03-24 14:42:07.195692+01,gold_establishments_2025,,,,21680122500014,2025,Collectivité Territoriale,Commune,['Haut-Rhin'],['Grand Est'],COM,{68},{44}
e675b9e7-4c13-4fc9-8a01-168cb8a9f069,215702994,Commune de Hartzviller (57),false,{57299},Commune,2026-03-24 14:42:03.701372+01,gold_establishments_2025,,,,21570299400017,2025,Collectivité Territoriale,Commune,['Moselle'],['Grand Est'],COM,{57},{44}
9d1f7fc8-ec0e-4eb8-b2be-3f5b4cdbae0c,215502329,Commune de Harville (55),false,{55232},Commune,2026-03-24 14:42:02.957225+01,gold_establishments_2025,,,,21550232900018,2025,Collectivité Territoriale,Commune,['Meuse'],['Grand Est'],COM,{55},{44}
e4543c2a-6ec2-4d91-9730-cce73865fdb2,210203535,Commune de Hary (02),false,{02373},Commune,2026-03-24 14:41:52.020251+01,gold_establishments_2025,,,,21020353500013,2025,Collectivité Territoriale,Commune,['Aisne'],['Hauts-de-France'],COM,{02},{32}
35009b5d-abc0-47d9-b6d6-66ee82268493,218802312,Commune de Haréville (88),false,{88231},Commune,2026-03-24 14:42:11.118516+01,gold_establishments_2025,,,,21880231200015,2025,Collectivité Territoriale,Commune,['Vosges'],['Grand Est'],COM,{88},{44}
ba337163-4a00-48ca-a7e8-6208deca2d49,215703000,Commune de Haselbourg (57),false,{57300},Commune,2026-03-24 14:42:03.701372+01,gold_establishments_2025,,,,21570300000012,2025,Collectivité Territoriale,Commune,['Moselle'],['Grand Est'],COM,{57},{44}
b8492b0f-f765-4bf6-93c8-add0975612b7,215902842,Commune de Hasnon (59),false,{59284},Commune,2026-03-24 14:42:04.280096+01,gold_establishments_2025,,,,21590284200016,2025,Collectivité Territoriale,Commune,['Nord'],['Hauts-de-France'],COM,{59},{32}
7b3c4941-e7c6-49aa-86fb-ac76d5dcc913,216402560,Commune de Hasparren (64),false,{64256},Commune,2026-03-24 14:42:06.130387+01,gold_establishments_2025,,,,21640256000017,2025,Collectivité Territoriale,Commune,['Pyrénées-Atlantiques'],['Nouvelle-Aquitaine'],COM,{64},{75}
3a9290e3-94cb-41ca-bf8f-020e4697c09d,215703018,Commune de Haspelschiedt (57),false,{57301},Commune,2026-03-24 14:42:03.701372+01,gold_establishments_2025,,,,21570301800014,2025,Collectivité Territoriale,Commune,['Moselle'],['Grand Est'],COM,{57},{44}
072148dc-cef4-4555-8c43-11883ff1f5cd,215902859,Commune de Haspres (59),false,{59285},Commune,2026-03-24 14:42:04.280096+01,gold_establishments_2025,,,,21590285900010,2025,Collectivité Territoriale,Commune,['Nord'],['Hauts-de-France'],COM,{59},{32}
0babf7bd-d288-4474-af37-d260f17edd73,214001208,Commune de Hastingues (40),false,{40120},Commune,2026-03-24 14:41:59.705606+01,gold_establishments_2025,,,,21400120800013,2025,Collectivité Territoriale,Commune,['Landes'],['Nouvelle-Aquitaine'],COM,{40},{75}
f3838c2c-0cb0-4ae1-99a9-bcb0832134d9,215402538,Commune de Hatrize (54),false,{54253},Commune,2026-03-24 14:42:02.957225+01,gold_establishments_2025,,,,21540253800015,2025,Collectivité Territoriale,Commune,['Meurthe-et-Moselle'],['Grand Est'],COM,{54},{44}
89cf7704-97c0-43ed-aaf5-49e409027b69,216701847,Commune de Hatten (67),false,{67184},Commune,2026-03-24 14:42:07.195692+01,gold_establishments_2025,,,,21670184700016,2025,Collectivité Territoriale,Commune,['Bas-Rhin'],['Grand Est'],COM,{67},{44}
6312eeca-b5bc-4555-8a06-41d07ba27886,218004034,Commune de Hattencourt (80),false,{80421},Commune,2026-03-24 14:42:09.967209+01,gold_establishments_2025,,,,21800403400011,2025,Collectivité Territoriale,Commune,['Somme'],['Hauts-de-France'],COM,{80},{32}
03d2865c-1099-4d37-a739-fc11eb1a8aeb,217603422,Commune de Hattenville (76),false,{76342},Commune,2026-03-24 14:42:08.818969+01,gold_establishments_2025,,,,21760342200015,2025,Collectivité Territoriale,Commune,['Seine-Maritime'],['Normandie'],COM,{76},{28}
95fadb04-ab45-4fd2-8cef-71d24d078aad,215703026,Commune de Hattigny (57),false,{57302},Commune,2026-03-24 14:42:03.701372+01,gold_establishments_2025,,,,21570302600017,2025,Collectivité Territoriale,Commune,['Moselle'],['Grand Est'],COM,{57},{44}
f9bdcdb1-ce91-42c7-a4ce-4cd153ff46ae,216701854,Commune de Hattmatt (67),false,{67185},Commune,2026-03-24 14:42:07.195692+01,gold_establishments_2025,,,,21670185400012,2025,Collectivité Territoriale,Commune,['Bas-Rhin'],['Grand Est'],COM,{67},{44}
be81415c-84fb-4698-87bc-34c70f896f81,216801233,Commune de Hattstatt (68),false,{68123},Commune,2026-03-24 14:42:07.195692+01,gold_establishments_2025,,,,21680123300018,2025,Collectivité Territoriale,Commune,['Haut-Rhin'],['Grand Est'],COM,{68},{44}
4613dd6e-f2e7-4cf8-a6cb-c4bac28f873b,216502161,Commune de Hauban (65),false,{65216},Commune,2026-03-24 14:42:06.665412+01,gold_establishments_2025,,,,21650216100013,2025,Collectivité Territoriale,Commune,['Hautes-Pyrénées'],['Occitanie'],COM,{65},{76}
f91d9811-f4b7-453b-999d-2f51113fe902,215902867,Commune de Haubourdin (59),false,{59286},Commune,2026-03-24 14:42:04.280096+01,gold_establishments_2025,,,,21590286700013,2025,Collectivité Territoriale,Commune,['Nord'],['Hauts-de-France'],COM,{59},{32}
cd5f5190-16ad-4f69-b41f-d2bdcae27a35,215703034,Commune de Hauconcourt (57),false,{57303},Commune,2026-03-24 14:42:03.701372+01,gold_establishments_2025,,,,21570303400011,2025,Collectivité Territoriale,Commune,['Moselle'],['Grand Est'],COM,{57},{44}
33210828-dd19-422a-b3cb-c83d4ca55026,216002980,Commune de Haucourt (60),false,{60301},Commune,2026-03-24 14:42:04.814328+01,gold_establishments_2025,,,,21600298000011,2025,Collectivité Territoriale,Commune,['Oise'],['Hauts-de-France'],COM,{60},{32}
432c5fb9-0714-4dc4-89f0-517e080f1d1b,216204149,Commune de Haucourt (62),false,{62414},Commune,2026-03-24 14:42:05.597325+01,gold_establishments_2025,,,,21620414900019,2025,Collectivité Territoriale,Commune,['Pas-de-Calais'],['Hauts-de-France'],COM,{62},{32}
affc36c0-84a7-4b10-802a-3172fe66299b,217603430,Commune de Haucourt (76),false,{76343},Commune,2026-03-24 14:42:08.818969+01,gold_establishments_2025,,,,21760343000018,2025,Collectivité Territoriale,Commune,['Seine-Maritime'],['Normandie'],COM,{76},{28}
6b4c79c3-c67b-4856-b06f-069056938cb8,215402546,Commune de Haucourt-Moulaine (54),false,{54254},Commune,2026-03-24 14:42:02.957225+01,gold_establishments_2025,,,,21540254600018,2025,Collectivité Territoriale,Commune,['Meurthe-et-Moselle'],['Grand Est'],COM,{54},{44}
eeb17157-86fb-481c-b21b-d59e25301d11,215902875,Commune de Haucourt-en-Cambrésis (59),false,{59287},Commune,2026-03-24 14:42:04.280096+01,gold_establishments_2025,,,,21590287500016,2025,Collectivité Territoriale,Commune,['Nord'],['Hauts-de-France'],COM,{59},{32}
360dd28b-3e28-44f1-8731-686ffce22568,215502360,Commune de Haudainville (55),false,{55236},Commune,2026-03-24 14:42:02.957225+01,gold_establishments_2025,,,,21550236000013,2025,Collectivité Territoriale,Commune,['Meuse'],['Grand Est'],COM,{55},{44}
73e75cac-7f09-432b-be52-ab7a9f6830b0,215502378,Commune de Haudiomont (55),false,{55237},Commune,2026-03-24 14:42:02.957225+01,gold_establishments_2025,,,,21550237800015,2025,Collectivité Territoriale,Commune,['Meuse'],['Grand Est'],COM,{55},{44}
bd3c24eb-8886-43d5-b73d-2ca0abc563f3,216002998,Commune de Haudivillers (60),false,{60302},Commune,2026-03-24 14:42:04.814328+01,gold_establishments_2025,,,,21600299800013,2025,Collectivité Territoriale,Commune,['Oise'],['Hauts-de-France'],COM,{60},{32}
f20e05db-5b79-4d7a-ac60-c6d43ab03dc8,215402553,Commune de Haudonville (54),false,{54255},Commune,2026-03-24 14:42:02.957225+01,gold_establishments_2025,,,,21540255300014,2025,Collectivité Territoriale,Commune,['Meurthe-et-Moselle'],['Grand Est'],COM,{54},{44}
6fbc42b9-1b06-4d62-a571-d0ace62e5919,210801981,Commune de Haudrecy (08),false,{08216},Commune,2026-03-24 14:41:52.562531+01,gold_establishments_2025,,,,21080198100015,2025,Collectivité Territoriale,Commune,['Ardennes'],['Grand Est'],COM,{08},{44}
0d8f466e-b656-4e8c-adfe-4b65578b0a8b,217603448,Commune de Haudricourt (76),false,{76344},Commune,2026-03-24 14:42:08.818969+01,gold_establishments_2025,,,,21760344800010,2025,Collectivité Territoriale,Commune,['Seine-Maritime'],['Normandie'],COM,{76},{28}
448efbe0-ac6e-471f-85cd-cacfafab1a32,215902883,Commune de Haulchin (59),false,{59288},Commune,2026-03-24 14:42:04.280096+01,gold_establishments_2025,,,,21590288300010,2025,Collectivité Territoriale,Commune,['Nord'],['Hauts-de-France'],COM,{59},{32}
d2222c6c-8ae5-4125-a808-6effe5b29be2,213201536,Commune de Haulies (32),false,{32153},Commune,2026-03-24 14:41:58.09424+01,gold_establishments_2025,,,,21320153600017,2025,Collectivité Territoriale,Commune,['Gers'],['Occitanie'],COM,{32},{76}
b67eb44e-1b88-4a4f-bc3c-295c04e81989,210801999,Commune de Haulmé (08),false,{08217},Commune,2026-03-24 14:41:52.562531+01,gold_establishments_2025,,,,21080199900017,2025,Collectivité Territoriale,Commune,['Ardennes'],['Grand Est'],COM,{08},{44}
5e53a2e9-fcd7-4140-8817-821d63783ae8,215502394,Commune de Haumont-près-Samogneux (55),false,{55239},Commune,2026-03-24 14:42:02.957225+01,gold_establishments_2025,,,,21550239400020,2025,Collectivité Territoriale,Commune,['Meuse'],['Grand Est'],COM,{55},{44}
7453a82c-cfa1-4469-a018-c5cb6df63a78,214001216,Commune de Hauriet (40),false,{40121},Commune,2026-03-24 14:41:59.705606+01,gold_establishments_2025,,,,21400121600016,2025,Collectivité Territoriale,Commune,['Landes'],['Nouvelle-Aquitaine'],COM,{40},{75}
d3778f44-9522-4a65-b4ef-64bdc790e56c,216801241,Commune de Hausgauen (68),false,{68124},Commune,2026-03-24 14:42:07.195692+01,gold_establishments_2025,,,,21680124100011,2025,Collectivité Territoriale,Commune,['Haut-Rhin'],['Grand Est'],COM,{68},{44}
b059e781-fcb5-44fd-8e5b-06470a01b8d0,217603455,Commune de Haussez (76),false,{76345},Commune,2026-03-24 14:42:08.818969+01,gold_establishments_2025,,,,21760345500015,2025,Collectivité Territoriale,Commune,['Seine-Maritime'],['Normandie'],COM,{76},{28}
2fc7b943-49d7-40ca-835b-b73997e5935f,215102658,Commune de Haussignémont (51),false,{51284},Commune,2026-03-24 14:42:01.954481+01,gold_establishments_2025,,,,21510265800014,2025,Collectivité Territoriale,Commune,['Marne'],['Grand Est'],COM,{51},{44}
8ae26cbb-24a5-41b9-8008-40508018dff9,215102666,Commune de Haussimont (51),false,{51285},Commune,2026-03-24 14:42:01.954481+01,gold_establishments_2025,,,,21510266600017,2025,Collectivité Territoriale,Commune,['Marne'],['Grand Est'],COM,{51},{44}
993bb637-37fa-41da-9740-e4ccda024852,215402561,Commune de Haussonville (54),false,{54256},Commune,2026-03-24 14:42:02.957225+01,gold_establishments_2025,,,,21540256100017,2025,Collectivité Territoriale,Commune,['Meurthe-et-Moselle'],['Grand Est'],COM,{54},{44}
a5d31662-5f2b-4ace-ba68-6c43a4043a85,215902891,Commune de Haussy (59),false,{59289},Commune,2026-03-24 14:42:04.280096+01,gold_establishments_2025,,,,21590289100013,2025,Collectivité Territoriale,Commune,['Nord'],['Hauts-de-France'],COM,{59},{32}
77c2d9d3-05dc-4c84-9b07-e3ad2352d47b,200053676,Commune de Haut Valromey (01),false,{01187},Commune,2026-03-24 14:41:51.447482+01,gold_establishments_2025,,,,20005367600017,2025,Collectivité Territoriale,Commune,['Ain'],['Auvergne-Rhône-Alpes'],COM,{01},{84}
4d9bbeb6-573a-4c9a-8c35-1c8001c032e7,200058758,Commune de Haut-Bocage (03),false,{03158},Commune,2026-03-24 14:41:52.020251+01,gold_establishments_2025,,,,20005875800018,2025,Collectivité Territoriale,Commune,['Allier'],['Auvergne-Rhône-Alpes'],COM,{03},{84}
839a17c2-85d8-4803-8b8f-d942feef9a7e,215703042,Commune de Haut-Clocher (57),false,{57304},Commune,2026-03-24 14:42:03.701372+01,gold_establishments_2025,,,,21570304200071,2025,Collectivité Territoriale,Commune,['Moselle'],['Grand Est'],COM,{57},{44}
ecd8e4e2-c31e-485c-ba56-9cf7fcd0a1db,215902909,Commune de Haut-Lieu (59),false,{59290},Commune,2026-03-24 14:42:04.280096+01,gold_establishments_2025,,,,21590290900013,2025,Collectivité Territoriale,Commune,['Nord'],['Hauts-de-France'],COM,{59},{32}
38886107-018f-47b9-8395-a86132b8003c,216204198,Commune de Haut-Loquin (62),false,{62419},Commune,2026-03-24 14:42:05.597325+01,gold_establishments_2025,,,,21620419800016,2025,Collectivité Territoriale,Commune,['Pas-de-Calais'],['Hauts-de-France'],COM,{62},{32}
4b2a53e9-1316-40cf-8965-4b887cebd20a,214001224,Commune de Haut-Mauco (40),false,{40122},Commune,2026-03-24 14:41:59.705606+01,gold_establishments_2025,,,,21400122400010,2025,Collectivité Territoriale,Commune,['Landes'],['Nouvelle-Aquitaine'],COM,{40},{75}
8a8b25b9-bacc-411a-a1a0-509df367247c,216402578,Commune de Haut-de-Bosdarros (64),false,{64257},Commune,2026-03-24 14:42:06.130387+01,gold_establishments_2025,,,,21640257800019,2025,Collectivité Territoriale,Commune,['Pyrénées-Atlantiques'],['Nouvelle-Aquitaine'],COM,{64},{75}
3ae7610c-6a77-43ef-bb93-f9cae0e8b3ac,217002831,Commune de Haut-du-Them-Château-Lambert (70),false,{70283},Commune,2026-03-24 14:42:07.735343+01,gold_establishments_2025,,,,21700283100014,2025,Collectivité Territoriale,Commune,['Haute-Saône'],['Bourgogne-Franche-Comté'],COM,{70},{27}
06555745-56e6-4bba-a948-b0d17dccd3ab,216502179,Commune de Hautaget (65),false,{65217},Commune,2026-03-24 14:42:06.665412+01,gold_establishments_2025,,,,21650217900015,2025,Collectivité Territoriale,Commune,['Hautes-Pyrénées'],['Occitanie'],COM,{65},{76}
389d820f-0f66-424e-807d-7248f3a22724,216003004,Commune de Hautbos (60),false,{60303},Commune,2026-03-24 14:42:04.814328+01,gold_establishments_2025,,,,21600300400019,2025,Collectivité Territoriale,Commune,['Oise'],['Hauts-de-France'],COM,{60},{32}
52293d93-d1a4-40b6-8e08-a068d74dd565,215201724,Commune de Haute-Amance (52),false,{52242},Commune,2026-03-24 14:42:01.954481+01,gold_establishments_2025,,,,21520172400014,2025,Collectivité Territoriale,Commune,['Haute-Marne'],['Grand Est'],COM,{52},{44}
e23a67cd-c266-46b2-86a4-f39133fb5b34,216204156,Commune de Haute-Avesnes (62),false,{62415},Commune,2026-03-24 14:42:05.597325+01,gold_establishments_2025,,,,21620415600014,2025,Collectivité Territoriale,Commune,['Pas-de-Calais'],['Hauts-de-France'],COM,{62},{32}
a9a46076-fa67-48d5-b666-2436f766ac8b,214400715,Commune de Haute-Goulaine (44),false,{44071},Commune,2026-03-24 14:42:00.273698+01,gold_establishments_2025,,,,21440071500014,2025,Collectivité Territoriale,Commune,['Loire-Atlantique'],['Pays de la Loire'],COM,{44},{52}
608e5217-b041-40e0-b629-9a55f1ce43e7,219503018,Commune de Haute-Isle (95),false,{95301},Commune,2026-03-24 14:42:11.659493+01,gold_establishments_2025,,,,21950301800018,2025,Collectivité Territoriale,Commune,"[""Val-d'Oise""]",['Île-de-France'],COM,{95},{11}
dbfe7fd0-e382-47f9-a3f6-284cbefd1222,215703711,Commune de Haute-Kontz (57),false,{57371},Commune,2026-03-24 14:42:03.701372+01,gold_establishments_2025,,,,21570371100014,2025,Collectivité Territoriale,Commune,['Moselle'],['Grand Est'],COM,{57},{44}
941f8740-b7cc-458d-a775-bc4caba525ca,216900993,Commune de Haute-Rivoire (69),false,{69099},Commune,2026-03-24 14:42:07.195692+01,gold_establishments_2025,,,,21690099300074,2025,Collectivité Territoriale,Commune,['Rhône'],['Auvergne-Rhône-Alpes'],COM,{69},{84}
cf995a0e-6fbb-49af-bb51-9a159b7e0460,215707142,Commune de Haute-Vigneulles (57),false,{57714},Commune,2026-03-24 14:42:04.280096+01,gold_establishments_2025,,,,21570714200018,2025,Collectivité Territoriale,Commune,['Moselle'],['Grand Est'],COM,{57},{44}
f735209f-1687-4859-adaa-400724e638c1,216003012,Commune de Haute-Épine (60),false,{60304},Commune,2026-03-24 14:42:04.814328+01,gold_establishments_2025,,,,21600301200012,2025,Collectivité Territoriale,Commune,['Oise'],['Hauts-de-France'],COM,{60},{32}
ac6e5726-f8ce-46ad-beb4-2e961ec342e7,216204164,Commune de Hautecloque (62),false,{62416},Commune,2026-03-24 14:42:05.597325+01,gold_establishments_2025,,,,21620416400018,2025,Collectivité Territoriale,Commune,['Pas-de-Calais'],['Hauts-de-France'],COM,{62},{32}
e05814dc-f2cc-4fae-aea8-47b2a08c231e,213902653,Commune de Hautecour (39),false,{39265},Commune,2026-03-24 14:41:59.705606+01,gold_establishments_2025,,,,21390265300012,2025,Collectivité Territoriale,Commune,['Jura'],['Bourgogne-Franche-Comté'],COM,{39},{27}
cbff0969-abf5-4930-9ca0-32eb78722e31,217301316,Commune de Hautecour (73),false,{73131},Commune,2026-03-24 14:42:08.279287+01,gold_establishments_2025,,,,21730131600014,2025,Collectivité Territoriale,Commune,['Savoie'],['Auvergne-Rhône-Alpes'],COM,{73},{84}
abea6a08-bd38-469c-9716-ccb474fc8077,210101846,Commune de Hautecourt-Romanèche (01),false,{01184},Commune,2026-03-24 14:41:51.447482+01,gold_establishments_2025,,,,21010184600017,2025,Collectivité Territoriale,Commune,['Ain'],['Auvergne-Rhône-Alpes'],COM,{01},{84}
42067f11-f067-4e21-bee4-363c1b2d6a80,211909106,Commune de Hautefage (19),false,{19091},Commune,2026-03-24 14:41:54.903238+01,gold_establishments_2025,,,,21190910600018,2025,Collectivité Territoriale,Commune,['Corrèze'],['Nouvelle-Aquitaine'],COM,{19},{75}
f0b32e3c-96b1-4bc8-b331-4b0836040ce5,214701179,Commune de Hautefage-la-Tour (47),false,{47117},Commune,2026-03-24 14:42:00.862623+01,gold_establishments_2025,,,,21470117900019,2025,Collectivité Territoriale,Commune,['Lot-et-Garonne'],['Nouvelle-Aquitaine'],COM,{47},{75}
58d17980-1836-48b0-b08b-4c08d50a57b6,212402093,Commune de Hautefaye (24),false,{24209},Commune,2026-03-24 14:41:55.958138+01,gold_establishments_2025,,,,21240209300018,2025,Collectivité Territoriale,Commune,['Dordogne'],['Nouvelle-Aquitaine'],COM,{24},{75}
2fc0f680-6d68-4513-b31e-e5901bd0a784,217702240,Commune de Hautefeuille (77),false,{77224},Commune,2026-03-24 14:42:09.43682+01,gold_establishments_2025,,,,21770224000011,2025,Collectivité Territoriale,Commune,['Seine-et-Marne'],['Île-de-France'],COM,{77},{11}
6d6b492e-a8c0-474d-adce-df5edfc154a5,217102326,Commune de Hautefond (71),false,{71232},Commune,2026-03-24 14:42:07.735343+01,gold_establishments_2025,,,,21710232600014,2025,Collectivité Territoriale,Commune,['Saône-et-Loire'],['Bourgogne-Franche-Comté'],COM,{71},{27}
801c6e6a-5164-438c-b3fb-99d7cc3d59ea,216003020,Commune de Hautefontaine (60),false,{60305},Commune,2026-03-24 14:42:04.814328+01,gold_establishments_2025,,,,21600302000015,2025,Collectivité Territoriale,Commune,['Oise'],['Hauts-de-France'],COM,{60},{32}
a87d2440-fec0-4027-9964-dc161bf0a330,212402101,Commune de Hautefort (24),false,{24210},Commune,2026-03-24 14:41:55.958138+01,gold_establishments_2025,,,,21240210100118,2025,Collectivité Territoriale,Commune,['Dordogne'],['Nouvelle-Aquitaine'],COM,{24},{75}
78f27746-b543-44d8-9a8a-dc12f0e3c739,217301324,Commune de Hauteluce (73),false,{73132},Commune,2026-03-24 14:42:08.279287+01,gold_establishments_2025,,,,21730132400018,2025,Collectivité Territoriale,Commune,['Savoie'],['Auvergne-Rhône-Alpes'],COM,{73},{84}
b0072b6b-eb4e-43f0-a557-60d7cda46519,210301263,Commune de Hauterive (03),false,{03126},Commune,2026-03-24 14:41:52.020251+01,gold_establishments_2025,,,,21030126300013,2025,Collectivité Territoriale,Commune,['Allier'],['Auvergne-Rhône-Alpes'],COM,{03},{84}
80a9617d-83fb-435e-b9c4-63c000a0bed3,216102020,Commune de Hauterive (61),false,{61202},Commune,2026-03-24 14:42:05.597325+01,gold_establishments_2025,,,,21610202000015,2025,Collectivité Territoriale,Commune,['Orne'],['Normandie'],COM,{61},{28}
c3816f92-7a73-4f38-8a86-c1b0843cd19b,218902005,Commune de Hauterive (89),false,{89200},Commune,2026-03-24 14:42:11.118516+01,gold_establishments_2025,,,,21890200500014,2025,Collectivité Territoriale,Commune,['Yonne'],['Bourgogne-Franche-Comté'],COM,{89},{27}
f74ced8a-9fbd-4c33-946f-697db37d5a23,212503031,Commune de Hauterive-la-Fresse (nan),false,{25303},Commune,2026-03-24 14:41:56.495197+01,gold_establishments_2025,,,,21250303100016,2025,Collectivité Territoriale,Commune,[''],[''],COM,,
766e790a-1529-471a-8b46-88ff4727cfd7,212601488,Commune de Hauterives (26),false,{26148},Commune,2026-03-24 14:41:56.495197+01,gold_establishments_2025,,,,21260148800019,2025,Collectivité Territoriale,Commune,['Drôme'],['Auvergne-Rhône-Alpes'],COM,{26},{84}
48c1fd08-ff6f-4b2d-a6a2-43d9cba53979,212103147,Commune de Hauteroche (21),false,{21314},Commune,2026-03-24 14:41:55.433389+01,gold_establishments_2025,,,,21210314700014,2025,Collectivité Territoriale,Commune,"[""Côte-d'Or""]",['Bourgogne-Franche-Comté'],COM,{21},{27}
1b1a409e-cc96-4a06-b186-2dbcd20893e6,200057149,Commune de Hauteroche (39),false,{39177},Commune,2026-03-24 14:41:59.705606+01,gold_establishments_2025,,,,20005714900011,2025,Collectivité Territoriale,Commune,['Jura'],['Bourgogne-Franche-Comté'],COM,{39},{27}
298c404c-2fa7-4f06-9a65-a3c8e3e291d1,210401774,Commune de Hautes-Duyes (04),false,{04177},Commune,2026-03-24 14:41:52.562531+01,gold_establishments_2025,,,,21040177400018,2025,Collectivité Territoriale,Commune,['Alpes-de-Haute-Provence'],"[""Provence-Alpes-Côte d'Azur""]",COM,{04},{93}
8c59a327-087f-4d77-a865-885681f6bf55,214701187,Commune de Hautesvignes (47),false,{47118},Commune,2026-03-24 14:42:00.862623+01,gold_establishments_2025,,,,21470118700012,2025,Collectivité Territoriale,Commune,['Lot-et-Garonne'],['Nouvelle-Aquitaine'],COM,{47},{75}
4a8df0e1-3235-4bc2-ae91-9f54b886182d,217002849,Commune de Hautevelle (70),false,{70284},Commune,2026-03-24 14:42:07.735343+01,gold_establishments_2025,,,,21700284900016,2025,Collectivité Territoriale,Commune,['Haute-Saône'],['Bourgogne-Franche-Comté'],COM,{70},{27}
52fb8a64-2b15-4fe7-951b-fa582b0e1e10,210203550,Commune de Hautevesnes (02),false,{02375},Commune,2026-03-24 14:41:52.020251+01,gold_establishments_2025,,,,21020355000012,2025,Collectivité Territoriale,Commune,['Aisne'],['Hauts-de-France'],COM,{02},{32}
1c721627-5749-4185-ab92-08428d9b2ba7,210203568,Commune de Hauteville (02),false,{02376},Commune,2026-03-24 14:41:52.020251+01,gold_establishments_2025,,,,21020356800014,2025,Collectivité Territoriale,Commune,['Aisne'],['Hauts-de-France'],COM,{02},{32}
7de721e2-0dea-4576-a063-e037192ca3e7,210802013,Commune de Hauteville (08),false,{08219},Commune,2026-03-24 14:41:52.562531+01,gold_establishments_2025,,,,21080201300016,2025,Collectivité Territoriale,Commune,['Ardennes'],['Grand Est'],COM,{08},{44}
9c5bfbf4-d6d0-4792-92b5-5508725a3f20,215102674,Commune de Hauteville (51),false,{51286},Commune,2026-03-24 14:42:01.954481+01,gold_establishments_2025,,,,21510267400011,2025,Collectivité Territoriale,Commune,['Marne'],['Grand Est'],COM,{51},{44}
b6861488-4427-48b6-83f0-30c7856be742,216204180,Commune de Hauteville (62),false,{62418},Commune,2026-03-24 14:42:05.597325+01,gold_establishments_2025,,,,21620418000014,2025,Collectivité Territoriale,Commune,['Pas-de-Calais'],['Hauts-de-France'],COM,{62},{32}
14535c2d-7b30-4af3-833c-d2962fcc7b80,217301332,Commune de Hauteville (73),false,{73133},Commune,2026-03-24 14:42:08.279287+01,gold_establishments_2025,,,,21730133200011,2025,Collectivité Territoriale,Commune,['Savoie'],['Auvergne-Rhône-Alpes'],COM,{73},{84}
fc68fead-91c7-4bd6-9bcf-cc2feb07fb09,215002320,Commune de Hauteville-la-Guichard (50),false,{50232},Commune,2026-03-24 14:42:01.412377+01,gold_establishments_2025,,,,21500232000012,2025,Collectivité Territoriale,Commune,['Manche'],['Normandie'],COM,{50},{28}
bd322675-24bb-45a1-9b2e-7ae7cb7b82bd,212103154,Commune de Hauteville-lès-Dijon (21),false,{21315},Commune,2026-03-24 14:41:55.433389+01,gold_establishments_2025,,,,21210315400085,2025,Collectivité Territoriale,Commune,"[""Côte-d'Or""]",['Bourgogne-Franche-Comté'],COM,{21},{27}
f3271269-4ca2-4083-a655-3bbcbf6401d5,217401413,Commune de Hauteville-sur-Fier (74),false,{74141},Commune,2026-03-24 14:42:08.279287+01,gold_establishments_2025,,,,21740141300018,2025,Collectivité Territoriale,Commune,['Haute-Savoie'],['Auvergne-Rhône-Alpes'],COM,{74},{84}
1ddd65db-3f0a-4dd4-90b8-f9cbf42fb977,215002312,Commune de Hauteville-sur-Mer (50),false,{50231},Commune,2026-03-24 14:42:01.412377+01,gold_establishments_2025,,,,21500231200019,2025,Collectivité Territoriale,Commune,['Manche'],['Normandie'],COM,{50},{28}
7146fc9d-7479-4b57-b585-69dcd476d3a3,210203576,Commune de Haution (02),false,{02377},Commune,2026-03-24 14:41:52.020251+01,gold_establishments_2025,,,,21020357600017,2025,Collectivité Territoriale,Commune,['Aisne'],['Hauts-de-France'],COM,{02},{32}
bb45bf5b-e9ec-4d89-a830-0d03702c9554,215902917,Commune de Hautmont (59),false,{59291},Commune,2026-03-24 14:42:04.280096+01,gold_establishments_2025,,,,21590291700016,2025,Collectivité Territoriale,Commune,['Nord'],['Hauts-de-France'],COM,{59},{32}
f7b9f427-dcb6-4d15-9d87-08b614e76f02,217603489,Commune de Hautot-Saint-Sulpice (76),false,{76348},Commune,2026-03-24 14:42:08.818969+01,gold_establishments_2025,,,,21760348900014,2025,Collectivité Territoriale,Commune,['Seine-Maritime'],['Normandie'],COM,{76},{28}
8684fd54-76ba-4fdd-96b3-9c125f9e6713,217603463,Commune de Hautot-l'Auvray (76),false,{76346},Commune,2026-03-24 14:42:08.818969+01,gold_establishments_2025,,,,21760346300019,2025,Collectivité Territoriale,Commune,['Seine-Maritime'],['Normandie'],COM,{76},{28}
5823c016-48d2-46ff-8a19-806e990ea8ea,217603471,Commune de Hautot-le-Vatois (76),false,{76347},Commune,2026-03-24 14:42:08.818969+01,gold_establishments_2025,,,,21760347100012,2025,Collectivité Territoriale,Commune,['Seine-Maritime'],['Normandie'],COM,{76},{28}
9fae2f96-2f63-44e9-8b1a-369944f0a4cc,217603497,Commune de Hautot-sur-Mer (76),false,{76349},Commune,2026-03-24 14:42:08.818969+01,gold_establishments_2025,,,,21760349700017,2025,Collectivité Territoriale,Commune,['Seine-Maritime'],['Normandie'],COM,{76},{28}
7755a56d-b344-4368-87f5-bb14b368e77c,217603505,Commune de Hautot-sur-Seine (76),false,{76350},Commune,2026-03-24 14:42:08.818969+01,gold_establishments_2025,,,,21760350500017,2025,Collectivité Territoriale,Commune,['Seine-Maritime'],['Normandie'],COM,{76},{28}
f5622f82-19ae-41d2-b51a-c9ba169cb82e,200060051,Commune de Hauts de Bienne (39),false,{39368},Commune,2026-03-24 14:41:59.705606+01,gold_establishments_2025,,,,20006005100014,2025,Collectivité Territoriale,Commune,['Jura'],['Bourgogne-Franche-Comté'],COM,{39},{27}
04edc6b0-75e1-4cb2-b548-e05b263b5a95,215002338,Commune de Hautteville-Bocage (50),false,{50233},Commune,2026-03-24 14:42:01.412377+01,gold_establishments_2025,,,,21500233800014,2025,Collectivité Territoriale,Commune,['Manche'],['Normandie'],COM,{50},{28}
09ca7100-fa33-4c1d-93d3-97cc0ceb9e1f,215102682,Commune de Hautvillers (51),false,{51287},Commune,2026-03-24 14:42:01.954481+01,gold_establishments_2025,,,,21510268200014,2025,Collectivité Territoriale,Commune,['Marne'],['Grand Est'],COM,{51},{44}
90324aa1-978b-449a-b124-d3f3261afedc,218004042,Commune de Hautvillers-Ouville (80),false,{80422},Commune,2026-03-24 14:42:09.967209+01,gold_establishments_2025,,,,21800404200014,2025,Collectivité Territoriale,Commune,['Somme'],['Hauts-de-France'],COM,{80},{32}
49fa3611-2ccb-4a6e-8111-f41f31890887,212703169,Commune de Hauville (27),false,{27316},Commune,2026-03-24 14:41:57.028721+01,gold_establishments_2025,,,,21270316900012,2025,Collectivité Territoriale,Commune,['Eure'],['Normandie'],COM,{27},{28}
240296ef-4f1a-4ae0-882e-2a4966c61a21,210802021,Commune de Hauviné (08),false,{08220},Commune,2026-03-24 14:41:52.562531+01,gold_establishments_2025,,,,21080202100019,2025,Collectivité Territoriale,Commune,['Ardennes'],['Grand Est'],COM,{08},{44}
4b71183f-b643-4121-996b-a0543e0a69db,213302011,Commune de Haux (33),false,{33201},Commune,2026-03-24 14:41:58.620411+01,gold_establishments_2025,,,,21330201100019,2025,Collectivité Territoriale,Commune,['Gironde'],['Nouvelle-Aquitaine'],COM,{33},{75}
ab46e73d-bb9b-4aa6-a53c-e98bfa50b841,216402586,Commune de Haux (64),false,{64258},Commune,2026-03-24 14:42:06.130387+01,gold_establishments_2025,,,,21640258600012,2025,Collectivité Territoriale,Commune,['Pyrénées-Atlantiques'],['Nouvelle-Aquitaine'],COM,{64},{75}
33be1e7d-e837-4e63-bcab-3d5404ce2626,215703059,Commune de Havange (57),false,{57305},Commune,2026-03-24 14:42:03.701372+01,gold_establishments_2025,,,,21570305900018,2025,Collectivité Territoriale,Commune,['Moselle'],['Grand Est'],COM,{57},{44}
e6ecb8f3-99cf-4f3e-a982-d064cacfc816,212801930,Commune de Havelu (28),false,{28193},Commune,2026-03-24 14:41:57.028721+01,gold_establishments_2025,,,,21280193000018,2025,Collectivité Territoriale,Commune,['Eure-et-Loir'],['Centre-Val de Loire'],COM,{28},{24}
933beafa-aa3b-41fe-8ec5-2fb620ad96cb,215902925,Commune de Haveluy (59),false,{59292},Commune,2026-03-24 14:42:04.280096+01,gold_establishments_2025,,,,21590292500019,2025,Collectivité Territoriale,Commune,['Nord'],['Hauts-de-France'],COM,{59},{32}
b939cd03-4fa2-49b9-9bd8-00cefc1142e3,218004059,Commune de Havernas (80),false,{80423},Commune,2026-03-24 14:42:09.967209+01,gold_establishments_2025,,,,21800405900018,2025,Collectivité Territoriale,Commune,['Somme'],['Hauts-de-France'],COM,{80},{32}
1f59cf24-3e81-4c5b-a3ab-fd6125161c39,215902933,Commune de Haverskerque (59),false,{59293},Commune,2026-03-24 14:42:04.280096+01,gold_establishments_2025,,,,21590293300013,2025,Collectivité Territoriale,Commune,['Nord'],['Hauts-de-France'],COM,{59},{32}
65c0676c-8b61-4e10-9ccd-11c041dbdcd1,216204214,Commune de Havrincourt (62),false,{62421},Commune,2026-03-24 14:42:05.597325+01,gold_establishments_2025,,,,21620421400011,2025,Collectivité Territoriale,Commune,['Pas-de-Calais'],['Hauts-de-France'],COM,{62},{32}
b52b0266-093f-4696-ae7a-9afac87181d3,215703067,Commune de Hayange (57),false,{57306},Commune,2026-03-24 14:42:03.701372+01,gold_establishments_2025,,,,21570306700011,2025,Collectivité Territoriale,Commune,['Moselle'],['Grand Est'],COM,{57},{44}
8717b86f-7819-4c12-96f6-268c461614c1,210802047,Commune de Haybes (08),false,{08222},Commune,2026-03-24 14:41:52.562531+01,gold_establishments_2025,,,,21080204700014,2025,Collectivité Territoriale,Commune,['Ardennes'],['Grand Est'],COM,{08},{44}
ded4bed4-d2b7-492a-8999-fffa97d06fc6,215703075,Commune de Hayes (57),false,{57307},Commune,2026-03-24 14:42:03.701372+01,gold_establishments_2025,,,,21570307500014,2025,Collectivité Territoriale,Commune,['Moselle'],['Grand Est'],COM,{57},{44}
f6970c2c-36e0-4bd7-ad59-76e725f42b54,215902941,Commune de Haynecourt (59),false,{59294},Commune,2026-03-24 14:42:04.280096+01,gold_establishments_2025,,,,21590294100016,2025,Collectivité Territoriale,Commune,['Nord'],['Hauts-de-France'],COM,{59},{32}
8322695e-56d0-4412-86c3-8bf700bba6de,215902958,Commune de Hazebrouck (59),false,{59295},Commune,2026-03-24 14:42:04.280096+01,gold_establishments_2025,,,,21590295800010,2025,Collectivité Territoriale,Commune,['Nord'],['Hauts-de-France'],COM,{59},{32}
953a159f-3024-431e-a952-8aaa877ec7ab,215703083,Commune de Hazembourg (57),false,{57308},Commune,2026-03-24 14:42:03.701372+01,gold_establishments_2025,,,,21570308300018,2025,Collectivité Territoriale,Commune,['Moselle'],['Grand Est'],COM,{57},{44}
4dbbe45b-b184-4fa5-9317-a18aebe3cead,216801258,Commune de Hecken (68),false,{68125},Commune,2026-03-24 14:42:07.195692+01,gold_establishments_2025,,,,21680125800015,2025,Collectivité Territoriale,Commune,['Haut-Rhin'],['Grand Est'],COM,{68},{44}
c4e57bd2-f52a-44f2-b373-bc5ba61eb094,212703250,Commune de Hecmanville (27),false,{27325},Commune,2026-03-24 14:41:57.028721+01,gold_establishments_2025,,,,21270325000010,2025,Collectivité Territoriale,Commune,['Eure'],['Normandie'],COM,{27},{28}
7540d9cf-41d8-44fd-87bd-c2f2640c9a9b,215902966,Commune de Hecq (59),false,{59296},Commune,2026-03-24 14:42:04.280096+01,gold_establishments_2025,,,,21590296600013,2025,Collectivité Territoriale,Commune,['Nord'],['Hauts-de-France'],COM,{59},{32}
0755608d-c2b9-4bfc-acb1-599976f3ce37,212703276,Commune de Hectomare (27),false,{27327},Commune,2026-03-24 14:41:57.028721+01,gold_establishments_2025,,,,21270327600015,2025,Collectivité Territoriale,Commune,['Eure'],['Normandie'],COM,{27},{28}
f0ca246d-35f0-4d70-ac6e-03bbc43d4863,216701862,Commune de Hegeney (67),false,{67186},Commune,2026-03-24 14:42:07.195692+01,gold_establishments_2025,,,,21670186200015,2025,Collectivité Territoriale,Commune,['Bas-Rhin'],['Grand Est'],COM,{67},{44}
01a7f99c-a36d-4797-beaa-fd273f3aefc3,216701870,Commune de Heidolsheim (67),false,{67187},Commune,2026-03-24 14:42:07.195692+01,gold_establishments_2025,,,,21670187000018,2025,Collectivité Territoriale,Commune,['Bas-Rhin'],['Grand Est'],COM,{67},{44}
56ed50af-c017-494f-87f7-b2f44bb304db,216801274,Commune de Heidwiller (68),false,{68127},Commune,2026-03-24 14:42:07.195692+01,gold_establishments_2025,,,,21680127400012,2025,Collectivité Territoriale,Commune,['Haut-Rhin'],['Grand Est'],COM,{68},{44}
3dec5e05-c3a7-49b9-842c-9b1ff628264f,216701888,Commune de Heiligenberg (67),false,{67188},Commune,2026-03-24 14:42:07.195692+01,gold_establishments_2025,,,,21670188800010,2025,Collectivité Territoriale,Commune,['Bas-Rhin'],['Grand Est'],COM,{67},{44}
7b9677ae-a374-4685-99e0-205568bfb89d,216701896,Commune de Heiligenstein (67),false,{67189},Commune,2026-03-24 14:42:07.195692+01,gold_establishments_2025,,,,21670189600013,2025,Collectivité Territoriale,Commune,['Bas-Rhin'],['Grand Est'],COM,{67},{44}
dd7470d1-f1f7-469a-b432-4a413127e2c4,215402579,Commune de Heillecourt (54),false,{54257},Commune,2026-03-24 14:42:02.957225+01,gold_establishments_2025,,,,21540257900019,2025,Collectivité Territoriale,Commune,['Meurthe-et-Moselle'],['Grand Est'],COM,{54},{44}
bf5f432b-3520-43cf-8716-5d2832e5e26e,216003046,Commune de Heilles (60),false,{60307},Commune,2026-03-24 14:42:04.814328+01,gold_establishments_2025,,,,21600304600010,2025,Collectivité Territoriale,Commune,['Oise'],['Hauts-de-France'],COM,{60},{32}
1ed52f52-358f-471a-b16e-bbed653c0f36,218004083,Commune de Heilly (80),false,{80426},Commune,2026-03-24 14:42:09.967209+01,gold_establishments_2025,,,,21800408300018,2025,Collectivité Territoriale,Commune,['Somme'],['Hauts-de-France'],COM,{80},{32}
a7854069-b562-4b5b-a9ef-2889568dece8,215102716,Commune de Heiltz-l'Évêque (51),false,{51290},Commune,2026-03-24 14:42:01.954481+01,gold_establishments_2025,,,,21510271600010,2025,Collectivité Territoriale,Commune,['Marne'],['Grand Est'],COM,{51},{44}
820dbc0b-4edb-4e51-ba87-2a191bfe7479,215102690,Commune de Heiltz-le-Hutier (51),false,{51288},Commune,2026-03-24 14:42:01.954481+01,gold_establishments_2025,,,,21510269000017,2025,Collectivité Territoriale,Commune,['Marne'],['Grand Est'],COM,{51},{44}
14aaa905-732b-4a75-bd8d-cd4e404d20be,215102708,Commune de Heiltz-le-Maurupt (51),false,{51289},Commune,2026-03-24 14:42:01.954481+01,gold_establishments_2025,,,,21510270800017,2025,Collectivité Territoriale,Commune,['Marne'],['Grand Est'],COM,{51},{44}
af405878-5a7a-4930-9035-514d29b0010c,216801282,Commune de Heimersdorf (68),false,{68128},Commune,2026-03-24 14:42:07.195692+01,gold_establishments_2025,,,,21680128200015,2025,Collectivité Territoriale,Commune,['Haut-Rhin'],['Grand Est'],COM,{68},{44}
75b06ccf-7318-4aae-957d-c2a5ed10e77e,216801290,Commune de Heimsbrunn (68),false,{68129},Commune,2026-03-24 14:42:07.195692+01,gold_establishments_2025,,,,21680129000018,2025,Collectivité Territoriale,Commune,['Haut-Rhin'],['Grand Est'],COM,{68},{44}
191a9b54-fef4-4266-8124-a8afc33bd62a,215703091,Commune de Heining-lès-Bouzonville (57),false,{57309},Commune,2026-03-24 14:42:03.701372+01,gold_establishments_2025,,,,21570309100011,2025,Collectivité Territoriale,Commune,['Moselle'],['Grand Est'],COM,{57},{44}
c95d6f36-1701-4611-936c-cc72868ec75b,215502410,Commune de Heippes (55),false,{55241},Commune,2026-03-24 14:42:02.957225+01,gold_establishments_2025,,,,21550241000016,2025,Collectivité Territoriale,Commune,['Meuse'],['Grand Est'],COM,{55},{44}
3088aa5c-2934-4fab-b665-0b6a190c3fb1,216801308,Commune de Heiteren (68),false,{68130},Commune,2026-03-24 14:42:07.195692+01,gold_establishments_2025,,,,21680130800018,2025,Collectivité Territoriale,Commune,['Haut-Rhin'],['Grand Est'],COM,{68},{44}
615f58b2-b765-4cad-ba22-8f158cc9e1bd,216801316,Commune de Heiwiller (68),false,{68131},Commune,2026-03-24 14:42:07.195692+01,gold_establishments_2025,,,,21680131600011,2025,Collectivité Territoriale,Commune,['Haut-Rhin'],['Grand Est'],COM,{68},{44}
71d578c2-a4f0-4978-bb10-655dfbc5d16b,216204230,Commune de Helfaut (62),false,{62423},Commune,2026-03-24 14:42:05.597325+01,gold_establishments_2025,,,,21620423000017,2025,Collectivité Territoriale,Commune,['Pas-de-Calais'],['Hauts-de-France'],COM,{62},{32}
21b72380-f67e-4a2f-ae5c-bf779b578630,216801324,Commune de Helfrantzkirch (68),false,{68132},Commune,2026-03-24 14:42:07.195692+01,gold_establishments_2025,,,,21680132400015,2025,Collectivité Territoriale,Commune,['Haut-Rhin'],['Grand Est'],COM,{68},{44}
6448e578-eedd-436e-8448-5919daad14b3,215703109,Commune de Hellering-lès-Fénétrange (57),false,{57310},Commune,2026-03-24 14:42:03.701372+01,gold_establishments_2025,,,,21570310900011,2025,Collectivité Territoriale,Commune,['Moselle'],['Grand Est'],COM,{57},{44}
228ed5f9-f686-4127-9492-09b84042d347,215002403,Commune de Helleville (50),false,{50240},Commune,2026-03-24 14:42:01.412377+01,gold_establishments_2025,,,,21500240300016,2025,Collectivité Territoriale,Commune,['Manche'],['Normandie'],COM,{50},{28}
a88f5c80-4f29-4d58-a4ce-ec398ae0e7b4,215703117,Commune de Hellimer (57),false,{57311},Commune,2026-03-24 14:42:03.701372+01,gold_establishments_2025,,,,21570311700063,2025,Collectivité Territoriale,Commune,['Moselle'],['Grand Est'],COM,{57},{44}
2c639e11-1cad-4f2d-ab8d-1ad49a9b3afe,215600826,Commune de Helléan (56),false,{56082},Commune,2026-03-24 14:42:03.701372+01,gold_establishments_2025,,,,21560082600014,2025,Collectivité Territoriale,Commune,['Morbihan'],['Bretagne'],COM,{56},{53}
8e313acb-de52-4f71-acfe-4b09f82ac770,215703125,Commune de Helstroff (57),false,{57312},Commune,2026-03-24 14:42:03.701372+01,gold_establishments_2025,,,,21570312500025,2025,Collectivité Territoriale,Commune,['Moselle'],['Grand Est'],COM,{57},{44}
d7e4eabe-5d55-4061-9e2f-87a3b84a10ec,215902990,Commune de Hem (59),false,{59299},Commune,2026-03-24 14:42:04.280096+01,gold_establishments_2025,,,,21590299000013,2025,Collectivité Territoriale,Commune,['Nord'],['Hauts-de-France'],COM,{59},{32}
03979f9d-2fd9-4aed-a8bf-4303f84aff3c,218004091,Commune de Hem-Hardinval (80),false,{80427},Commune,2026-03-24 14:42:09.967209+01,gold_establishments_2025,,,,21800409100011,2025,Collectivité Territoriale,Commune,['Somme'],['Hauts-de-France'],COM,{80},{32}
c307aa10-6e5a-4f39-83a5-c908b3bab68b,215903006,Commune de Hem-Lenglet (59),false,{59300},Commune,2026-03-24 14:42:04.280096+01,gold_establishments_2025,,,,21590300600017,2025,Collectivité Territoriale,Commune,['Nord'],['Hauts-de-France'],COM,{59},{32}
4781c909-a161-4f9b-9a97-946e7176a69b,218004109,Commune de Hem-Monacu (80),false,{80428},Commune,2026-03-24 14:42:09.967209+01,gold_establishments_2025,,,,21800410900011,2025,Collectivité Territoriale,Commune,['Somme'],['Hauts-de-France'],COM,{80},{32}
789baa37-eff6-4a45-9efe-eb41decf8770,216402602,Commune de Hendaye (64),false,{64260},Commune,2026-03-24 14:42:06.130387+01,gold_establishments_2025,,,,21640260200017,2025,Collectivité Territoriale,Commune,['Pyrénées-Atlantiques'],['Nouvelle-Aquitaine'],COM,{64},{75}
5f650af1-b83c-46e4-a940-10ed0b833f81,216204248,Commune de Hendecourt-lès-Cagnicourt (62),false,{62424},Commune,2026-03-24 14:42:05.597325+01,gold_establishments_2025,,,,21620424800019,2025,Collectivité Territoriale,Commune,['Pas-de-Calais'],['Hauts-de-France'],COM,{62},{32}
511af636-7846-446e-b5b3-9bced65fe54a,216204255,Commune de Hendecourt-lès-Ransart (62),false,{62425},Commune,2026-03-24 14:42:05.597325+01,gold_establishments_2025,,,,21620425500014,2025,Collectivité Territoriale,Commune,['Pas-de-Calais'],['Hauts-de-France'],COM,{62},{32}
d2ea37d1-942b-454d-9479-f0c54bd8dac1,216701904,Commune de Hengwiller (67),false,{67190},Commune,2026-03-24 14:42:07.195692+01,gold_establishments_2025,,,,21670190400015,2025,Collectivité Territoriale,Commune,['Bas-Rhin'],['Grand Est'],COM,{67},{44}
1cfcb28a-703d-45f6-b261-956bda963f7b,215600834,Commune de Hennebont (56),false,{56083},Commune,2026-03-24 14:42:03.701372+01,gold_establishments_2025,,,,21560083400018,2025,Collectivité Territoriale,Commune,['Morbihan'],['Bretagne'],COM,{56},{53}
4da9fdfc-1376-4a5f-beec-b4d48dc9eba6,218802379,Commune de Hennecourt (88),false,{88237},Commune,2026-03-24 14:42:11.118516+01,gold_establishments_2025,,,,21880237900014,2025,Collectivité Territoriale,Commune,['Vosges'],['Grand Est'],COM,{88},{44}
c6c99a76-d8cb-4d70-b6e4-ac498b452b92,215502428,Commune de Hennemont (55),false,{55242},Commune,2026-03-24 14:42:02.957225+01,gold_establishments_2025,,,,21550242800018,2025,Collectivité Territoriale,Commune,['Meuse'],['Grand Est'],COM,{55},{44}
88003557-7dcf-4bc1-9e9c-ddb686785956,216204297,Commune de Henneveux (62),false,{62429},Commune,2026-03-24 14:42:05.597325+01,gold_establishments_2025,,,,21620429700016,2025,Collectivité Territoriale,Commune,['Pas-de-Calais'],['Hauts-de-France'],COM,{62},{32}
867ce045-3919-482e-a3a9-dcfd1e9cb1f9,218802387,Commune de Hennezel (88),false,{88238},Commune,2026-03-24 14:42:11.118516+01,gold_establishments_2025,,,,21880238700017,2025,Collectivité Territoriale,Commune,['Vosges'],['Grand Est'],COM,{88},{44}
b046e86e-fa56-46a8-b001-adecab4e4c7d,212703292,Commune de Hennezis (27),false,{27329},Commune,2026-03-24 14:41:57.028721+01,gold_establishments_2025,,,,21270329200012,2025,Collectivité Territoriale,Commune,['Eure'],['Normandie'],COM,{27},{28}
f396868b-6bd7-4447-af7c-e10c41553d93,211801097,Commune de Henrichemont (18),false,{18109},Commune,2026-03-24 14:41:54.903238+01,gold_establishments_2025,,,,21180109700018,2025,Collectivité Territoriale,Commune,['Cher'],['Centre-Val de Loire'],COM,{18},{24}
d86b677c-d37b-4181-a368-ab8c1ce3665a,215703158,Commune de Henridorff (57),false,{57315},Commune,2026-03-24 14:42:03.701372+01,gold_establishments_2025,,,,21570315800018,2025,Collectivité Territoriale,Commune,['Moselle'],['Grand Est'],COM,{57},{44}
d8d22c43-ea75-4a01-b926-5ef2a36db4b8,215703166,Commune de Henriville (57),false,{57316},Commune,2026-03-24 14:42:03.701372+01,gold_establishments_2025,,,,21570316600011,2025,Collectivité Territoriale,Commune,['Moselle'],['Grand Est'],COM,{57},{44}
6f4ef8cc-688d-4b8e-a6ab-14b7fbe5383f,212900799,Commune de Henvic (29),false,{29079},Commune,2026-03-24 14:41:57.028721+01,gold_establishments_2025,,,,21290079900017,2025,Collectivité Territoriale,Commune,['Finistère'],['Bretagne'],COM,{29},{53}
322d06cb-709f-439a-9c22-500ee8c64953,214101016,Commune de Herbault (41),false,{41101},Commune,2026-03-24 14:42:00.273698+01,gold_establishments_2025,,,,21410101600019,2025,Collectivité Territoriale,Commune,['Loir-et-Cher'],['Centre-Val de Loire'],COM,{41},{24}
19c4d721-8265-40b5-a20b-c5f2a6e52762,210802054,Commune de Herbeuval (08),false,{08223},Commune,2026-03-24 14:41:52.562531+01,gold_establishments_2025,,,,21080205400010,2025,Collectivité Territoriale,Commune,['Ardennes'],['Grand Est'],COM,{08},{44}
57982b9d-64f0-4aa8-bf6c-86b3c4c6f531,215502436,Commune de Herbeuville (55),false,{55243},Commune,2026-03-24 14:42:02.957225+01,gold_establishments_2025,,,,21550243600011,2025,Collectivité Territoriale,Commune,['Meuse'],['Grand Est'],COM,{55},{44}
293b2ec3-fd8c-4abd-b68d-2cbee1eca915,217803055,Commune de Herbeville (78),false,{78305},Commune,2026-03-24 14:42:09.43682+01,gold_establishments_2025,,,,21780305500011,2025,Collectivité Territoriale,Commune,['Yvelines'],['Île-de-France'],COM,{78},{11}
a8f2c0b4-e245-4178-846a-6b064b5e0ce0,213801889,Commune de Herbeys (38),false,{38188},Commune,2026-03-24 14:41:59.160244+01,gold_establishments_2025,,,,21380188900014,2025,Collectivité Territoriale,Commune,['Isère'],['Auvergne-Rhône-Alpes'],COM,{38},{84}
5198401d-a993-4e5b-967a-f84118445f15,214400723,Commune de Herbignac (44),false,{44072},Commune,2026-03-24 14:42:00.273698+01,gold_establishments_2025,,,,21440072300091,2025,Collectivité Territoriale,Commune,['Loire-Atlantique'],['Pays de la Loire'],COM,{44},{52}
1a2a97d4-e8bc-4696-887a-c485efcfa572,216204321,Commune de Herbinghen (62),false,{62432},Commune,2026-03-24 14:42:05.597325+01,gold_establishments_2025,,,,21620432100014,2025,Collectivité Territoriale,Commune,['Pas-de-Calais'],['Hauts-de-France'],COM,{62},{32}
eb79500e-7879-4992-ab4f-8513ca06dc6c,211001656,Commune de Herbisse (10),false,{10172},Commune,2026-03-24 14:41:53.095366+01,gold_establishments_2025,,,,21100165600019,2025,Collectivité Territoriale,Commune,['Aube'],['Grand Est'],COM,{10},{44}
39c35c0a-399b-468d-ab0d-0e91fa8a43a2,216701912,Commune de Herbitzheim (67),false,{67191},Commune,2026-03-24 14:42:07.195692+01,gold_establishments_2025,,,,21670191200018,2025,Collectivité Territoriale,Commune,['Bas-Rhin'],['Grand Est'],COM,{67},{44}
be07d828-f693-466e-b2d4-309f0f6fd445,219503067,Commune de Herblay-sur-Seine (95),false,{95306},Commune,2026-03-24 14:42:11.659493+01,gold_establishments_2025,,,,21950306700015,2025,Collectivité Territoriale,Commune,"[""Val-d'Oise""]",['Île-de-France'],COM,{95},{11}
56008cad-bd55-4f84-afee-7560fbe140ac,216701920,Commune de Herbsheim (67),false,{67192},Commune,2026-03-24 14:42:07.195692+01,gold_establishments_2025,,,,21670192000011,2025,Collectivité Territoriale,Commune,['Bas-Rhin'],['Grand Est'],COM,{67},{44}
b96b721a-a767-486d-9d79-89cb14a1d6ba,218004125,Commune de Herbécourt (80),false,{80430},Commune,2026-03-24 14:42:09.967209+01,gold_establishments_2025,,,,21800412500017,2025,Collectivité Territoriale,Commune,['Somme'],['Hauts-de-France'],COM,{80},{32}
fbc7a95a-37b9-4902-aa37-b54bcdf7e036,215402595,Commune de Herbéviller (54),false,{54259},Commune,2026-03-24 14:42:02.957225+01,gold_establishments_2025,,,,21540259500015,2025,Collectivité Territoriale,Commune,['Meurthe-et-Moselle'],['Grand Est'],COM,{54},{44}
4fe75d7a-63bc-41e5-821e-fcd4ae2732bc,216003079,Commune de Herchies (60),false,{60310},Commune,2026-03-24 14:42:04.814328+01,gold_establishments_2025,,,,21600307900011,2025,Collectivité Territoriale,Commune,['Oise'],['Hauts-de-France'],COM,{60},{32}
c7128da4-f9e6-4f2b-baa2-3d4c35beec61,215301151,Commune de Hercé (53),false,{53115},Commune,2026-03-24 14:42:02.957225+01,gold_establishments_2025,,,,21530115100019,2025,Collectivité Territoriale,Commune,['Mayenne'],['Pays de la Loire'],COM,{53},{52}
9fd062a4-683e-4312-98fb-f11e2923744b,215903014,Commune de Hergnies (59),false,{59301},Commune,2026-03-24 14:42:04.280096+01,gold_establishments_2025,,,,21590301400011,2025,Collectivité Territoriale,Commune,['Nord'],['Hauts-de-France'],COM,{59},{32}
7af77265-d5a3-44e9-b039-54716c079a7b,218802395,Commune de Hergugney (88),false,{88239},Commune,2026-03-24 14:42:11.118516+01,gold_establishments_2025,,,,21880239500010,2025,Collectivité Territoriale,Commune,['Vosges'],['Grand Est'],COM,{88},{44}
8866bc6e-b989-4010-a796-d80044374f86,218004141,Commune de Herleville (80),false,{80432},Commune,2026-03-24 14:42:09.967209+01,gold_establishments_2025,,,,21800414100014,2025,Collectivité Territoriale,Commune,['Somme'],['Hauts-de-France'],COM,{80},{32}
0af01e37-5668-49d1-9882-10196bec44e4,215903030,Commune de Herlies (59),false,{59303},Commune,2026-03-24 14:42:04.280096+01,gold_establishments_2025,,,,21590303000017,2025,Collectivité Territoriale,Commune,['Nord'],['Hauts-de-France'],COM,{59},{32}
60f7552f-c5e1-4ba7-a12d-33d1a2a07576,216204362,Commune de Herlin-le-Sec (62),false,{62436},Commune,2026-03-24 14:42:05.597325+01,gold_establishments_2025,,,,21620436200018,2025,Collectivité Territoriale,Commune,['Pas-de-Calais'],['Hauts-de-France'],COM,{62},{32}
7487ee24-2163-47ba-b21c-8e87e34babfe,216204354,Commune de Herlincourt (62),false,{62435},Commune,2026-03-24 14:42:05.597325+01,gold_establishments_2025,,,,21620435400015,2025,Collectivité Territoriale,Commune,['Pas-de-Calais'],['Hauts-de-France'],COM,{62},{32}
66407e75-ef2c-4ca8-b6f7-daa7341e423e,216204370,Commune de Herly (62),false,{62437},Commune,2026-03-24 14:42:05.597325+01,gold_establishments_2025,,,,21620437000011,2025,Collectivité Territoriale,Commune,['Pas-de-Calais'],['Hauts-de-France'],COM,{62},{32}
0858265c-8811-44db-a70c-463fa11fc4c4,218004158,Commune de Herly (80),false,{80433},Commune,2026-03-24 14:42:09.967209+01,gold_establishments_2025,,,,21800415800018,2025,Collectivité Territoriale,Commune,['Somme'],['Hauts-de-France'],COM,{80},{32}
1235419a-d621-4785-9ecf-11c610418040,214001232,Commune de Herm (40),false,{40123},Commune,2026-03-24 14:41:59.705606+01,gold_establishments_2025,,,,21400123200013,2025,Collectivité Territoriale,Commune,['Landes'],['Nouvelle-Aquitaine'],COM,{40},{75}
a59ad3e1-ecc4-402e-83b1-aae0c1677f8a,217603562,Commune de Hermanville (76),false,{76356},Commune,2026-03-24 14:42:08.818969+01,gold_establishments_2025,,,,21760356200018,2025,Collectivité Territoriale,Commune,['Seine-Maritime'],['Normandie'],COM,{76},{28}
7eb8bd41-aa8c-49ce-9e7b-75d6893e1c1d,211403258,Commune de Hermanville-sur-Mer (14),false,{14325},Commune,2026-03-24 14:41:54.362296+01,gold_establishments_2025,,,,21140325800018,2025,Collectivité Territoriale,Commune,['Calvados'],['Normandie'],COM,{14},{28}
1f620b09-9dd6-43da-b020-f01842313c25,216204388,Commune de Hermaville (62),false,{62438},Commune,2026-03-24 14:42:05.597325+01,gold_establishments_2025,,,,21620438800013,2025,Collectivité Territoriale,Commune,['Pas-de-Calais'],['Hauts-de-France'],COM,{62},{32}
73af470c-a58a-48f0-b2fa-fc8476db0db4,215703182,Commune de Hermelange (57),false,{57318},Commune,2026-03-24 14:42:03.701372+01,gold_establishments_2025,,,,21570318200018,2025,Collectivité Territoriale,Commune,['Moselle'],['Grand Est'],COM,{57},{44}
212db82e-9401-462a-aa8c-eee0418b9b29,216204396,Commune de Hermelinghen (62),false,{62439},Commune,2026-03-24 14:42:05.597325+01,gold_establishments_2025,,,,21620439600016,2025,Collectivité Territoriale,Commune,['Pas-de-Calais'],['Hauts-de-France'],COM,{62},{32}
a8ca3657-b83e-4db7-abb4-e50eca918ff8,216301754,Commune de Herment (63),false,{63175},Commune,2026-03-24 14:42:06.130387+01,gold_establishments_2025,,,,21630175400018,2025,Collectivité Territoriale,Commune,['Puy-de-Dôme'],['Auvergne-Rhône-Alpes'],COM,{63},{84}
6e6fc9d6-7778-459b-8075-4df3ce5b7a49,217803071,Commune de Hermeray (78),false,{78307},Commune,2026-03-24 14:42:09.43682+01,gold_establishments_2025,,,,21780307100018,2025,Collectivité Territoriale,Commune,['Yvelines'],['Île-de-France'],COM,{78},{11}
848a8e25-151a-446e-94fd-a5508a0fd14b,216003103,Commune de Hermes (60),false,{60313},Commune,2026-03-24 14:42:04.814328+01,gold_establishments_2025,,,,21600310300019,2025,Collectivité Territoriale,Commune,['Oise'],['Hauts-de-France'],COM,{60},{32}
8615b697-df30-4d19-8e74-59285f45ce96,217603570,Commune de Hermeville (76),false,{76357},Commune,2026-03-24 14:42:08.818969+01,gold_establishments_2025,,,,21760357000011,2025,Collectivité Territoriale,Commune,['Seine-Maritime'],['Normandie'],COM,{76},{28}
6ce89c05-a182-4446-9e61-35f9a674eb47,216204404,Commune de Hermies (62),false,{62440},Commune,2026-03-24 14:42:05.597325+01,gold_establishments_2025,,,,21620440400018,2025,Collectivité Territoriale,Commune,['Pas-de-Calais'],['Hauts-de-France'],COM,{62},{32}
17b07253-cbff-4302-bff2-10760f11b915,216204412,Commune de Hermin (62),false,{62441},Commune,2026-03-24 14:42:05.597325+01,gold_establishments_2025,,,,21620441200011,2025,Collectivité Territoriale,Commune,['Pas-de-Calais'],['Hauts-de-France'],COM,{62},{32}
4dacfadc-5c1d-4a42-bc94-682ac2570314,211403266,Commune de Hermival-les-Vaux (14),false,{14326},Commune,2026-03-24 14:41:54.362296+01,gold_establishments_2025,,,,21140326600011,2025,Collectivité Territoriale,Commune,['Calvados'],['Normandie'],COM,{14},{28}
76ef0a9d-de0b-434a-817d-da3c10589368,215102724,Commune de Hermonville (51),false,{51291},Commune,2026-03-24 14:42:01.954481+01,gold_establishments_2025,,,,21510272400014,2025,Collectivité Territoriale,Commune,['Marne'],['Grand Est'],COM,{51},{44}
1e394ab9-cc1e-4798-b2d1-b6a97f9d7b32,217702273,Commune de Hermé (77),false,{77227},Commune,2026-03-24 14:42:09.43682+01,gold_establishments_2025,,,,21770227300012,2025,Collectivité Territoriale,Commune,['Seine-et-Marne'],['Île-de-France'],COM,{77},{11}
2d1f6c3b-2cd0-47e3-a30d-6cb62946c704,215502444,Commune de Herméville-en-Woëvre (55),false,{55244},Commune,2026-03-24 14:42:02.957225+01,gold_establishments_2025,,,,21550244400015,2025,Collectivité Territoriale,Commune,['Meuse'],['Grand Est'],COM,{55},{44}
2d37622b-8ca8-4379-a4c0-c52010809b47,216204420,Commune de Hernicourt (62),false,{62442},Commune,2026-03-24 14:42:05.597325+01,gold_establishments_2025,,,,21620442000014,2025,Collectivité Territoriale,Commune,['Pas-de-Calais'],['Hauts-de-France'],COM,{62},{32}
c33f3c1f-7701-4afd-84c4-e10901db2a10,215703190,Commune de Herny (57),false,{57319},Commune,2026-03-24 14:42:03.701372+01,gold_establishments_2025,,,,21570319000011,2025,Collectivité Territoriale,Commune,['Moselle'],['Grand Est'],COM,{57},{44}
2bd82563-a18a-4584-ba05-1a97dd4eb17b,218802403,Commune de Herpelmont (88),false,{88240},Commune,2026-03-24 14:42:11.118516+01,gold_establishments_2025,,,,21880240300012,2025,Collectivité Territoriale,Commune,['Vosges'],['Grand Est'],COM,{88},{44}
e47b3f02-2bb2-4d41-80b4-0d6a5630707c,215102732,Commune de Herpont (51),false,{51292},Commune,2026-03-24 14:42:01.954481+01,gold_establishments_2025,,,,21510273200017,2025,Collectivité Territoriale,Commune,['Marne'],['Grand Est'],COM,{51},{44}
8242883b-cbe9-436d-b6dc-ea416877a962,210802062,Commune de Herpy-l'Arlésienne (08),false,{08225},Commune,2026-03-24 14:41:52.562531+01,gold_establishments_2025,,,,21080206200013,2025,Collectivité Territoriale,Commune,['Ardennes'],['Grand Est'],COM,{08},{44}
8f4a7258-2e52-4e18-9114-becb47b4163f,212703300,Commune de Herqueville (27),false,{27330},Commune,2026-03-24 14:41:57.028721+01,gold_establishments_2025,,,,21270330000013,2025,Collectivité Territoriale,Commune,['Eure'],['Normandie'],COM,{27},{28}
78ec1853-6fde-467d-802b-90a7c2b140a0,213102361,Commune de Herran (31),false,{31236},Commune,2026-03-24 14:41:58.09424+01,gold_establishments_2025,,,,21310236100010,2025,Collectivité Territoriale,Commune,['Haute-Garonne'],['Occitanie'],COM,{31},{76}
6addb1d9-0243-4b4a-9863-27afca09043b,215903048,Commune de Herrin (59),false,{59304},Commune,2026-03-24 14:42:04.280096+01,gold_establishments_2025,,,,21590304800019,2025,Collectivité Territoriale,Commune,['Nord'],['Hauts-de-France'],COM,{59},{32}
4acb2aa5-5d9f-4e1e-b65a-9656f00c5f00,216701946,Commune de Herrlisheim (67),false,{67194},Commune,2026-03-24 14:42:07.195692+01,gold_establishments_2025,,,,21670194600016,2025,Collectivité Territoriale,Commune,['Bas-Rhin'],['Grand Est'],COM,{67},{44}
25d01d1c-1190-4c4c-8ddd-8fcca75ac54d,216801340,Commune de Herrlisheim-près-Colmar (68),false,{68134},Commune,2026-03-24 14:42:07.195692+01,gold_establishments_2025,,,,21680134000011,2025,Collectivité Territoriale,Commune,['Haut-Rhin'],['Grand Est'],COM,{68},{44}
c470d052-c805-4e70-af41-701926fa65b4,211801105,Commune de Herry (18),false,{18110},Commune,2026-03-24 14:41:54.903238+01,gold_establishments_2025,,,,21180110500019,2025,Collectivité Territoriale,Commune,['Cher'],['Centre-Val de Loire'],COM,{18},{24}
93a0b01a-aebb-481b-84c6-29352472bab0,216402610,Commune de Herrère (64),false,{64261},Commune,2026-03-24 14:42:06.130387+01,gold_establishments_2025,,,,21640261000010,2025,Collectivité Territoriale,Commune,['Pyrénées-Atlantiques'],['Nouvelle-Aquitaine'],COM,{64},{75}
04371ef4-d405-487d-81a3-1c1c5d1efa62,214001240,Commune de Herré (40),false,{40124},Commune,2026-03-24 14:41:59.705606+01,gold_establishments_2025,,,,21400124000016,2025,Collectivité Territoriale,Commune,['Landes'],['Nouvelle-Aquitaine'],COM,{40},{75}
cf38c7f0-9f14-4304-a517-1ab83d4366d2,215402611,Commune de Herserange (54),false,{54261},Commune,2026-03-24 14:42:02.957225+01,gold_establishments_2025,,,,21540261100010,2025,Collectivité Territoriale,Commune,['Meurthe-et-Moselle'],['Grand Est'],COM,{54},{44}
a479a6ea-bf0d-4acf-b652-fbb58653925c,216204438,Commune de Hersin-Coupigny (62),false,{62443},Commune,2026-03-24 14:42:05.597325+01,gold_establishments_2025,,,,21620443800016,2025,Collectivité Territoriale,Commune,['Pas-de-Calais'],['Hauts-de-France'],COM,{62},{32}
76bcceb9-e69c-43b0-b7eb-d8581dce0aba,215703208,Commune de Hertzing (57),false,{57320},Commune,2026-03-24 14:42:03.701372+01,gold_establishments_2025,,,,21570320800011,2025,Collectivité Territoriale,Commune,['Moselle'],['Grand Est'],COM,{57},{44}
25d5bbe9-4b82-4618-a7de-7b8a471010b6,216204446,Commune de Hervelinghen (62),false,{62444},Commune,2026-03-24 14:42:05.597325+01,gold_establishments_2025,,,,21620444600019,2025,Collectivité Territoriale,Commune,['Pas-de-Calais'],['Hauts-de-France'],COM,{62},{32}
6a9270db-ace3-46df-b1b4-028165645edb,218004166,Commune de Hervilly (80),false,{80434},Commune,2026-03-24 14:42:09.967209+01,gold_establishments_2025,,,,21800416600011,2025,Collectivité Territoriale,Commune,['Somme'],['Hauts-de-France'],COM,{80},{32}
df41fefe-4c01-4494-b440-4fc8d500a1ad,215903055,Commune de Herzeele (59),false,{59305},Commune,2026-03-24 14:42:04.280096+01,gold_establishments_2025,,,,21590305500014,2025,Collectivité Territoriale,Commune,['Nord'],['Hauts-de-France'],COM,{59},{32}
37c4ed24-76e0-4819-8d89-b5aaa0989f6b,218004174,Commune de Hesbécourt (80),false,{80435},Commune,2026-03-24 14:42:09.967209+01,gold_establishments_2025,,,,21800417400015,2025,Collectivité Territoriale,Commune,['Somme'],['Hauts-de-France'],COM,{80},{32}
1ab3712b-4f61-4bc0-bb18-468358676cd8,218004182,Commune de Hescamps (80),false,{80436},Commune,2026-03-24 14:42:09.967209+01,gold_establishments_2025,,,,21800418200018,2025,Collectivité Territoriale,Commune,['Somme'],['Hauts-de-France'],COM,{80},{32}
6522a4f4-acf2-4bbd-973d-5479361673c1,216204461,Commune de Hesdigneul-lès-Boulogne (62),false,{62446},Commune,2026-03-24 14:42:05.597325+01,gold_establishments_2025,,,,21620446100042,2025,Collectivité Territoriale,Commune,['Pas-de-Calais'],['Hauts-de-France'],COM,{62},{32}
30f1dfb2-b6d9-4516-881d-d742185afa4b,216204453,Commune de Hesdigneul-lès-Béthune (62),false,{62445},Commune,2026-03-24 14:42:05.597325+01,gold_establishments_2025,,,,21620445300015,2025,Collectivité Territoriale,Commune,['Pas-de-Calais'],['Hauts-de-France'],COM,{62},{32}
2464b24d-8743-41ea-a071-1ce2d5a920d5,216204487,Commune de Hesdin-l'Abbé (62),false,{62448},Commune,2026-03-24 14:42:05.597325+01,gold_establishments_2025,,,,21620448700013,2025,Collectivité Territoriale,Commune,['Pas-de-Calais'],['Hauts-de-France'],COM,{62},{32}
43c1e1ce-4f40-4fcb-b912-19a0a36d4487,216204479,Commune de Hesdin-la-Forêt (62),false,{62447},Commune,2026-03-24 14:42:05.597325+01,gold_establishments_2025,,,,21620447900010,2025,Collectivité Territoriale,Commune,['Pas-de-Calais'],['Hauts-de-France'],COM,{62},{32}
0a73ff6d-ec86-4aff-8edd-910e3580f306,216204495,Commune de Hesmond (62),false,{62449},Commune,2026-03-24 14:42:05.597325+01,gold_establishments_2025,,,,21620449500016,2025,Collectivité Territoriale,Commune,['Pas-de-Calais'],['Hauts-de-France'],COM,{62},{32}
2630d24e-ef0b-4116-ae71-b94210cb3687,215703216,Commune de Hesse (57),false,{57321},Commune,2026-03-24 14:42:03.701372+01,gold_establishments_2025,,,,21570321600014,2025,Collectivité Territoriale,Commune,['Moselle'],['Grand Est'],COM,{57},{44}
94022947-759f-4e08-9b0e-842055e2a702,216701953,Commune de Hessenheim (67),false,{67195},Commune,2026-03-24 14:42:07.195692+01,gold_establishments_2025,,,,21670195300012,2025,Collectivité Territoriale,Commune,['Bas-Rhin'],['Grand Est'],COM,{67},{44}
3dd87d73-5775-4943-88f4-dfd4cbe11c5c,215703224,Commune de Hestroff (57),false,{57322},Commune,2026-03-24 14:42:03.701372+01,gold_establishments_2025,,,,21570322400018,2025,Collectivité Territoriale,Commune,['Moselle'],['Grand Est'],COM,{57},{44}
1885a502-004f-43ed-91b9-64e7878a64e3,215903063,Commune de Hestrud (59),false,{59306},Commune,2026-03-24 14:42:04.280096+01,gold_establishments_2025,,,,21590306300018,2025,Collectivité Territoriale,Commune,['Nord'],['Hauts-de-France'],COM,{59},{32}
f0bb18cf-daaa-4095-96b3-a50a0c42a160,216204503,Commune de Hestrus (62),false,{62450},Commune,2026-03-24 14:42:05.597325+01,gold_establishments_2025,,,,21620450300017,2025,Collectivité Territoriale,Commune,['Pas-de-Calais'],['Hauts-de-France'],COM,{62},{32}
11849cde-2ea8-46ec-9dc6-2561a6e55d2b,215703232,Commune de Hettange-Grande (57),false,{57323},Commune,2026-03-24 14:42:03.701372+01,gold_establishments_2025,,,,21570323200011,2025,Collectivité Territoriale,Commune,['Moselle'],['Grand Est'],COM,{57},{44}
20e47927-45c2-4aa7-b2c5-e8c118f8c8ea,216801365,Commune de Hettenschlag (68),false,{68136},Commune,2026-03-24 14:42:07.195692+01,gold_establishments_2025,,,,21680136500018,2025,Collectivité Territoriale,Commune,['Haut-Rhin'],['Grand Est'],COM,{68},{44}
9e20d903-85b3-4e1c-8def-a0ca0bb00fa2,212703318,Commune de Heubécourt-Haricourt (27),false,{27331},Commune,2026-03-24 14:41:57.028721+01,gold_establishments_2025,,,,21270331800015,2025,Collectivité Territoriale,Commune,['Eure'],['Normandie'],COM,{27},{28}
ddd5e398-8f76-4aff-a6a1-fa188dde0b4b,216204511,Commune de Heuchin (62),false,{62451},Commune,2026-03-24 14:42:05.597325+01,gold_establishments_2025,,,,21620451100010,2025,Collectivité Territoriale,Commune,['Pas-de-Calais'],['Hauts-de-France'],COM,{62},{32}
0923b39d-dd68-46af-99f7-2a5f9ccbf7ed,218004190,Commune de Heucourt-Croquoison (80),false,{80437},Commune,2026-03-24 14:42:09.967209+01,gold_establishments_2025,,,,21800419000011,2025,Collectivité Territoriale,Commune,['Somme'],['Hauts-de-France'],COM,{80},{32}
c33fffb3-a5a6-4d31-9bc9-7b5039dafa8c,212703326,Commune de Heudebouville (27),false,{27332},Commune,2026-03-24 14:41:57.028721+01,gold_establishments_2025,,,,21270332600018,2025,Collectivité Territoriale,Commune,['Eure'],['Normandie'],COM,{27},{28}
b0768185-d2be-4d3d-baa2-f6e698bab54c,212703334,Commune de Heudicourt (27),false,{27333},Commune,2026-03-24 14:41:57.028721+01,gold_establishments_2025,,,,21270333400012,2025,Collectivité Territoriale,Commune,['Eure'],['Normandie'],COM,{27},{28}
9a300fe4-17b7-4e9a-911e-23b73a299635,218004208,Commune de Heudicourt (80),false,{80438},Commune,2026-03-24 14:42:09.967209+01,gold_establishments_2025,,,,21800420800011,2025,Collectivité Territoriale,Commune,['Somme'],['Hauts-de-France'],COM,{80},{32}
548644a3-9e14-42c1-9b4b-8328d2ef808d,215502451,Commune de Heudicourt-sous-les-Côtes (55),false,{55245},Commune,2026-03-24 14:42:02.957225+01,gold_establishments_2025,,,,21550245100010,2025,Collectivité Territoriale,Commune,['Meuse'],['Grand Est'],COM,{55},{44}
e00002b3-08b0-4c5b-82a2-dc6cf6d44f23,212703342,Commune de Heudreville-en-Lieuvin (27),false,{27334},Commune,2026-03-24 14:41:57.028721+01,gold_establishments_2025,,,,21270334200015,2025,Collectivité Territoriale,Commune,['Eure'],['Normandie'],COM,{27},{28}
ff9e0ec8-46b1-4808-8212-61d8028d5a01,212703359,Commune de Heudreville-sur-Eure (27),false,{27335},Commune,2026-03-24 14:41:57.028721+01,gold_establishments_2025,,,,21270335900019,2025,Collectivité Territoriale,Commune,['Eure'],['Normandie'],COM,{27},{28}
8546f2f5-249c-45a2-9581-8c79a15bfad3,214001257,Commune de Heugas (40),false,{40125},Commune,2026-03-24 14:41:59.705606+01,gold_establishments_2025,,,,21400125700010,2025,Collectivité Territoriale,Commune,['Landes'],['Nouvelle-Aquitaine'],COM,{40},{75}
5717875f-3865-40a1-8873-6b7f375c8931,217603604,Commune de Heugleville-sur-Scie (76),false,{76360},Commune,2026-03-24 14:42:08.818969+01,gold_establishments_2025,,,,21760360400018,2025,Collectivité Territoriale,Commune,['Seine-Maritime'],['Normandie'],COM,{76},{28}
75f1473e-bb92-4c3d-a515-0bced4dd25dc,213600869,Commune de Heugnes (36),false,{36086},Commune,2026-03-24 14:41:59.160244+01,gold_establishments_2025,,,,21360086900019,2025,Collectivité Territoriale,Commune,['Indre'],['Centre-Val de Loire'],COM,{36},{24}
26a4eae3-909d-485a-adf6-d01446257f6f,215002437,Commune de Heugueville-sur-Sienne (50),false,{50243},Commune,2026-03-24 14:42:01.412377+01,gold_establishments_2025,,,,21500243700014,2025,Collectivité Territoriale,Commune,['Manche'],['Normandie'],COM,{50},{28}
9af16a99-19f8-4cc1-9e31-d79bb3012ff5,215204314,Commune de Heuilley-le-Grand (52),false,{52240},Commune,2026-03-24 14:42:01.954481+01,gold_establishments_2025,,,,21520431400011,2025,Collectivité Territoriale,Commune,['Haute-Marne'],['Grand Est'],COM,{52},{44}
766308e9-515d-4a69-9565-a20abdd32dfa,212103162,Commune de Heuilley-sur-Saône (21),false,{21316},Commune,2026-03-24 14:41:55.433389+01,gold_establishments_2025,,,,21210316200013,2025,Collectivité Territoriale,Commune,"[""Côte-d'Or""]",['Bourgogne-Franche-Comté'],COM,{21},{27}
fcf546ae-4be2-494a-8d03-0d236f86460e,211403290,Commune de Heuland (14),false,{14329},Commune,2026-03-24 14:41:54.362296+01,gold_establishments_2025,,,,21140329000011,2025,Collectivité Territoriale,Commune,['Calvados'],['Normandie'],COM,{14},{28}
95e0b533-05b1-4bab-bc04-307c74c9877f,216301762,Commune de Heume-l'Église (63),false,{63176},Commune,2026-03-24 14:42:06.130387+01,gold_establishments_2025,,,,21630176200011,2025,Collectivité Territoriale,Commune,['Puy-de-Dôme'],['Auvergne-Rhône-Alpes'],COM,{63},{84}
d7ef15e9-a91a-469c-961e-32378e375ceb,212703375,Commune de Heuqueville (27),false,{27337},Commune,2026-03-24 14:41:57.028721+01,gold_establishments_2025,,,,21270337500015,2025,Collectivité Territoriale,Commune,['Eure'],['Normandie'],COM,{27},{28}
55b8a8f6-d738-4407-9cea-2dac4a4494de,217603612,Commune de Heuqueville (76),false,{76361},Commune,2026-03-24 14:42:08.818969+01,gold_establishments_2025,,,,21760361200011,2025,Collectivité Territoriale,Commune,['Seine-Maritime'],['Normandie'],COM,{76},{28}
7d83ef25-22c5-47c9-9e8a-30d1be1e5612,216204529,Commune de Heuringhem (62),false,{62452},Commune,2026-03-24 14:42:05.597325+01,gold_establishments_2025,,,,21620452900012,2025,Collectivité Territoriale,Commune,['Pas-de-Calais'],['Hauts-de-France'],COM,{62},{32}
abd5eec7-ee5e-4f2d-a7c8-4d0698305ab8,217603620,Commune de Heurteauville (76),false,{76362},Commune,2026-03-24 14:42:08.818969+01,gold_establishments_2025,,,,21760362000014,2025,Collectivité Territoriale,Commune,['Seine-Maritime'],['Normandie'],COM,{76},{28}
a4af8c6b-f109-473e-918c-c9cae7c34a56,215102740,Commune de Heutrégiville (51),false,{51293},Commune,2026-03-24 14:42:01.954481+01,gold_establishments_2025,,,,21510274000010,2025,Collectivité Territoriale,Commune,['Marne'],['Grand Est'],COM,{51},{44}
ffbfedab-dffb-44fb-8049-b9353a1c86a3,218004216,Commune de Heuzecourt (80),false,{80439},Commune,2026-03-24 14:42:09.967209+01,gold_establishments_2025,,,,21800421600014,2025,Collectivité Territoriale,Commune,['Somme'],['Hauts-de-France'],COM,{80},{32}
6400dfdd-b540-4ddc-9994-0c7609bfc2a0,213801897,Commune de Heyrieux (38),false,{38189},Commune,2026-03-24 14:41:59.160244+01,gold_establishments_2025,,,,21380189700017,2025,Collectivité Territoriale,Commune,['Isère'],['Auvergne-Rhône-Alpes'],COM,{38},{84}
f24a875e-34b1-4db0-976d-0e054b46e863,216502203,Commune de Hibarette (65),false,{65220},Commune,2026-03-24 14:42:06.665412+01,gold_establishments_2025,,,,21650220300013,2025,Collectivité Territoriale,Commune,['Hautes-Pyrénées'],['Occitanie'],COM,{65},{76}
40928ae6-774a-4e5f-b2b7-5a6794ee7e86,210802070,Commune de Hierges (08),false,{08226},Commune,2026-03-24 14:41:52.562531+01,gold_establishments_2025,,,,21080207000016,2025,Collectivité Territoriale,Commune,['Ardennes'],['Grand Est'],COM,{08},{44}
1dec3d67-97f6-4158-95f8-964445f0bf04,218004224,Commune de Hiermont (80),false,{80440},Commune,2026-03-24 14:42:09.967209+01,gold_establishments_2025,,,,21800422400018,2025,Collectivité Territoriale,Commune,['Somme'],['Hauts-de-France'],COM,{80},{32}
a489391e-d5e5-4af9-9cc6-3ba876a12f5b,211601638,Commune de Hiersac (16),false,{16163},Commune,2026-03-24 14:41:54.362296+01,gold_establishments_2025,,,,21160163800011,2025,Collectivité Territoriale,Commune,['Charente'],['Nouvelle-Aquitaine'],COM,{16},{75}
f56ad657-a7fb-4664-99de-67565502163f,211601646,Commune de Hiesse (16),false,{16164},Commune,2026-03-24 14:41:54.362296+01,gold_establishments_2025,,,,21160164600014,2025,Collectivité Territoriale,Commune,['Charente'],['Nouvelle-Aquitaine'],COM,{16},{75}
19f38e40-2ba5-4c99-8aff-56f69d01f695,215002460,Commune de Hiesville (50),false,{50246},Commune,2026-03-24 14:42:01.412377+01,gold_establishments_2025,,,,21500246000016,2025,Collectivité Territoriale,Commune,['Manche'],['Normandie'],COM,{50},{28}
3281b7fe-4556-430d-af88-f4be9f61efb9,216402628,Commune de Higuères-Souye (64),false,{64262},Commune,2026-03-24 14:42:06.130387+01,gold_establishments_2025,,,,21640262800012,2025,Collectivité Territoriale,Commune,['Pyrénées-Atlantiques'],['Nouvelle-Aquitaine'],COM,{64},{75}
30371d48-3b65-49dd-adf4-789562f9e047,216502211,Commune de Hiis (65),false,{65221},Commune,2026-03-24 14:42:06.665412+01,gold_establishments_2025,,,,21650221100016,2025,Collectivité Territoriale,Commune,['Hautes-Pyrénées'],['Occitanie'],COM,{65},{76}
7eab98ad-85e5-437d-9e8d-2da339d195a7,215703240,Commune de Hilbesheim (57),false,{57324},Commune,2026-03-24 14:42:03.701372+01,gold_establishments_2025,,,,21570324000014,2025,Collectivité Territoriale,Commune,['Moselle'],['Grand Est'],COM,{57},{44}
191e0d78-c5cf-4620-99b8-84b99bee4bc0,212200810,Commune de Hillion (22),false,{22081},Commune,2026-03-24 14:41:55.433389+01,gold_establishments_2025,,,,21220081000019,2025,Collectivité Territoriale,Commune,"[""Côtes-d'Armor""]",['Bretagne'],COM,{22},{53}
0f655fec-233c-44a5-83a2-8f222b299f65,216701961,Commune de Hilsenheim (67),false,{67196},Commune,2026-03-24 14:42:07.195692+01,gold_establishments_2025,,,,21670196100015,2025,Collectivité Territoriale,Commune,['Bas-Rhin'],['Grand Est'],COM,{67},{44}
06080e8d-b0cb-4678-a6b1-bdb858c4f319,215703257,Commune de Hilsprich (57),false,{57325},Commune,2026-03-24 14:42:03.701372+01,gold_establishments_2025,,,,21570325700018,2025,Collectivité Territoriale,Commune,['Moselle'],['Grand Est'],COM,{57},{44}
3535851c-a09e-4c99-9d4a-0b5b18c7bac1,210203600,Commune de Hinacourt (02),false,{02380},Commune,2026-03-24 14:41:52.020251+01,gold_establishments_2025,,,,21020360000015,2025,Collectivité Territoriale,Commune,['Aisne'],['Hauts-de-France'],COM,{02},{32}
88d9c5cc-283e-4ca9-bcc6-12e2ae3cbf95,215703265,Commune de Hinckange (57),false,{57326},Commune,2026-03-24 14:42:03.701372+01,gold_establishments_2025,,,,21570326500011,2025,Collectivité Territoriale,Commune,['Moselle'],['Grand Est'],COM,{57},{44}
cbbb5905-a36e-48c4-adbe-88ac6a7bf800,216701979,Commune de Hindisheim (67),false,{67197},Commune,2026-03-24 14:42:07.195692+01,gold_establishments_2025,,,,21670197900017,2025,Collectivité Territoriale,Commune,['Bas-Rhin'],['Grand Est'],COM,{67},{44}
854314c8-c7dd-4d4e-ae81-0bd5cee06656,216801373,Commune de Hindlingen (68),false,{68137},Commune,2026-03-24 14:42:07.195692+01,gold_establishments_2025,,,,21680137300012,2025,Collectivité Territoriale,Commune,['Haut-Rhin'],['Grand Est'],COM,{68},{44}
7b747caf-babf-4fc7-b07b-6a3e5e916ef3,216204545,Commune de Hinges (62),false,{62454},Commune,2026-03-24 14:42:05.597325+01,gold_establishments_2025,,,,21620454500018,2025,Collectivité Territoriale,Commune,['Pas-de-Calais'],['Hauts-de-France'],COM,{62},{32}
cfb4a8a9-4437-4a17-a7df-9f7a4c3d64d3,216701987,Commune de Hinsbourg (67),false,{67198},Commune,2026-03-24 14:42:07.195692+01,gold_establishments_2025,,,,21670198700010,2025,Collectivité Territoriale,Commune,['Bas-Rhin'],['Grand Est'],COM,{67},{44}
5edb05db-0ddb-4de4-9202-7ef8bdaeae69,216701995,Commune de Hinsingen (67),false,{67199},Commune,2026-03-24 14:42:07.195692+01,gold_establishments_2025,,,,21670199500013,2025,Collectivité Territoriale,Commune,['Bas-Rhin'],['Grand Est'],COM,{67},{44}
0f574be5-46d9-4709-8bac-c75016258d60,214001265,Commune de Hinx (40),false,{40126},Commune,2026-03-24 14:41:59.705606+01,gold_establishments_2025,,,,21400126500013,2025,Collectivité Territoriale,Commune,['Landes'],['Nouvelle-Aquitaine'],COM,{40},{75}
90c1d644-e352-4113-9d3a-b48a4f3ae7f5,216702001,Commune de Hipsheim (67),false,{67200},Commune,2026-03-24 14:42:07.195692+01,gold_establishments_2025,,,,21670200100019,2025,Collectivité Territoriale,Commune,['Bas-Rhin'],['Grand Est'],COM,{67},{44}
92e04cca-f8a9-46bd-a1ad-ea086238c5d6,213501323,Commune de Hirel (35),false,{35132},Commune,2026-03-24 14:41:58.620411+01,gold_establishments_2025,,,,21350132300017,2025,Collectivité Territoriale,Commune,['Ille-et-Vilaine'],['Bretagne'],COM,{35},{53}
b3203afe-ccf0-4b14-b324-78529558a235,216702019,Commune de Hirschland (67),false,{67201},Commune,2026-03-24 14:42:07.195692+01,gold_establishments_2025,,,,21670201900011,2025,Collectivité Territoriale,Commune,['Bas-Rhin'],['Grand Est'],COM,{67},{44}
aa566ebf-499d-4a5a-a5a6-424e43076018,216801381,Commune de Hirsingue (68),false,{68138},Commune,2026-03-24 14:42:07.195692+01,gold_establishments_2025,,,,21680138100015,2025,Collectivité Territoriale,Commune,['Haut-Rhin'],['Grand Est'],COM,{68},{44}
43c429ab-6910-441a-8749-e08fb636f3e0,210203618,Commune de Hirson (02),false,{02381},Commune,2026-03-24 14:41:52.020251+01,gold_establishments_2025,,,,21020361800223,2025,Collectivité Territoriale,Commune,['Aisne'],['Hauts-de-France'],COM,{02},{32}
bfdf8563-0141-4a58-9ba8-4555bc148ae7,216801399,Commune de Hirtzbach (68),false,{68139},Commune,2026-03-24 14:42:07.195692+01,gold_establishments_2025,,,,21680139900017,2025,Collectivité Territoriale,Commune,['Haut-Rhin'],['Grand Est'],COM,{68},{44}
cdb449b7-efe7-41ab-a07b-38ccab9632ea,216801407,Commune de Hirtzfelden (68),false,{68140},Commune,2026-03-24 14:42:07.195692+01,gold_establishments_2025,,,,21680140700018,2025,Collectivité Territoriale,Commune,['Haut-Rhin'],['Grand Est'],COM,{68},{44}
e6dda04a-ab3c-46a7-b1b7-273e82f060ba,213102379,Commune de His (31),false,{31237},Commune,2026-03-24 14:41:58.09424+01,gold_establishments_2025,,,,21310237900012,2025,Collectivité Territoriale,Commune,['Haute-Garonne'],['Occitanie'],COM,{31},{76}
830209f7-111b-4cdd-b93d-09f4c0f9ff3a,216502229,Commune de Hitte (65),false,{65222},Commune,2026-03-24 14:42:06.665412+01,gold_establishments_2025,,,,21650222900018,2025,Collectivité Territoriale,Commune,['Hautes-Pyrénées'],['Occitanie'],COM,{65},{76}
ba3a4a80-6147-4bdb-a2b5-f554301a5f02,213801905,Commune de Hières-sur-Amby (38),false,{38190},Commune,2026-03-24 14:41:59.160244+01,gold_establishments_2025,,,,21380190500018,2025,Collectivité Territoriale,Commune,['Isère'],['Auvergne-Rhône-Alpes'],COM,{38},{84}
0c7a47ce-1c94-431e-9195-620e473721b5,200063170,Commune de Hochfelden (67),false,{67202},Commune,2026-03-24 14:42:07.195692+01,gold_establishments_2025,,,,20006317000019,2025,Collectivité Territoriale,Commune,['Bas-Rhin'],['Grand Est'],COM,{67},{44}
65b86800-e9d5-4e6f-b537-337ad68e3277,216801415,Commune de Hochstatt (68),false,{68141},Commune,2026-03-24 14:42:07.195692+01,gold_establishments_2025,,,,21680141500011,2025,Collectivité Territoriale,Commune,['Haut-Rhin'],['Grand Est'],COM,{68},{44}
475eed33-e16e-4bfb-8e69-432bc726f01a,216702035,Commune de Hochstett (67),false,{67203},Commune,2026-03-24 14:42:07.195692+01,gold_establishments_2025,,,,21670203500017,2025,Collectivité Territoriale,Commune,['Bas-Rhin'],['Grand Est'],COM,{67},{44}
15aeece4-da23-4abd-b837-f40f0fd59583,215002478,Commune de Hocquigny (50),false,{50247},Commune,2026-03-24 14:42:01.412377+01,gold_establishments_2025,,,,21500247800018,2025,Collectivité Territoriale,Commune,['Manche'],['Normandie'],COM,{50},{28}
95d61b3b-4e52-454a-aca6-8a064ad164fd,216204552,Commune de Hocquinghen (62),false,{62455},Commune,2026-03-24 14:42:05.597325+01,gold_establishments_2025,,,,21620455200014,2025,Collectivité Territoriale,Commune,['Pas-de-Calais'],['Hauts-de-France'],COM,{62},{32}
f04fef21-71b2-4479-9781-694a348188da,216003129,Commune de Hodenc-en-Bray (60),false,{60315},Commune,2026-03-24 14:42:04.814328+01,gold_establishments_2025,,,,21600312900014,2025,Collectivité Territoriale,Commune,['Oise'],['Hauts-de-France'],COM,{60},{32}
df9c6eb1-672b-4600-b66d-59a86a7e12fd,216003137,Commune de Hodenc-l'Évêque (60),false,{60316},Commune,2026-03-24 14:42:04.814328+01,gold_establishments_2025,,,,21600313700017,2025,Collectivité Territoriale,Commune,['Oise'],['Hauts-de-France'],COM,{60},{32}
5563f2ce-3e02-4322-9b46-86167d49826a,217603646,Commune de Hodeng-Hodenger (76),false,{76364},Commune,2026-03-24 14:42:08.818969+01,gold_establishments_2025,,,,21760364600019,2025,Collectivité Territoriale,Commune,['Seine-Maritime'],['Normandie'],COM,{76},{28}
95c57ee6-ab4e-4d7a-b606-3e3277293c1f,217603638,Commune de Hodeng-au-Bosc (76),false,{76363},Commune,2026-03-24 14:42:08.818969+01,gold_establishments_2025,,,,21760363800016,2025,Collectivité Territoriale,Commune,['Seine-Maritime'],['Normandie'],COM,{76},{28}
24a10d73-8df6-406c-b275-bca43403bb7f,219503091,Commune de Hodent (95),false,{95309},Commune,2026-03-24 14:42:11.659493+01,gold_establishments_2025,,,,21950309100015,2025,Collectivité Territoriale,Commune,"[""Val-d'Oise""]",['Île-de-France'],COM,{95},{11}
a1b3ad63-0728-47ed-8781-9cd673efa0ac,216702068,Commune de Hoffen (67),false,{67206},Commune,2026-03-24 14:42:07.195692+01,gold_establishments_2025,,,,21670206800018,2025,Collectivité Territoriale,Commune,['Bas-Rhin'],['Grand Est'],COM,{67},{44}
17f9e0c7-9a82-4e40-b6a1-e8f89b1321dd,216702084,Commune de Hohengœft (67),false,{67208},Commune,2026-03-24 14:42:07.195692+01,gold_establishments_2025,,,,21670208400015,2025,Collectivité Territoriale,Commune,['Bas-Rhin'],['Grand Est'],COM,{67},{44}
d3ee5189-f08d-4f9b-b9b0-e39e03fe36fd,216702092,Commune de Hohfrankenheim (67),false,{67209},Commune,2026-03-24 14:42:07.195692+01,gold_establishments_2025,,,,21670209200018,2025,Collectivité Territoriale,Commune,['Bas-Rhin'],['Grand Est'],COM,{67},{44}
6e627736-4414-42d3-bd2d-ef822bb8f6a5,216801423,Commune de Hohrod (68),false,{68142},Commune,2026-03-24 14:42:07.195692+01,gold_establishments_2025,,,,21680142300015,2025,Collectivité Territoriale,Commune,['Haut-Rhin'],['Grand Est'],COM,{68},{44}
4161d0e3-5144-4b0b-b9fd-e6ac141613a0,215703281,Commune de Holacourt (57),false,{57328},Commune,2026-03-24 14:42:03.701372+01,gold_establishments_2025,,,,21570328100018,2025,Collectivité Territoriale,Commune,['Moselle'],['Grand Est'],COM,{57},{44}
92b0adb2-048c-42e3-bb5a-e4a3dfeaffc3,215703299,Commune de Holling (57),false,{57329},Commune,2026-03-24 14:42:03.701372+01,gold_establishments_2025,,,,21570329900010,2025,Collectivité Territoriale,Commune,['Moselle'],['Grand Est'],COM,{57},{44}
4c58ce86-5bc0-4918-8e42-947319c11884,210203626,Commune de Holnon (02),false,{02382},Commune,2026-03-24 14:41:52.020251+01,gold_establishments_2025,,,,21020362600010,2025,Collectivité Territoriale,Commune,['Aisne'],['Hauts-de-France'],COM,{02},{32}
11b5c280-82b8-46d0-8ac1-5b0ff3f82d32,215903071,Commune de Holque (59),false,{59307},Commune,2026-03-24 14:42:04.280096+01,gold_establishments_2025,,,,21590307100011,2025,Collectivité Territoriale,Commune,['Nord'],['Hauts-de-France'],COM,{59},{32}
cc026b6b-976f-473e-bfac-5576c519b326,216702126,Commune de Holtzheim (67),false,{67212},Commune,2026-03-24 14:42:07.195692+01,gold_establishments_2025,,,,21670212600014,2025,Collectivité Territoriale,Commune,['Bas-Rhin'],['Grand Est'],COM,{67},{44}
3a853a6b-7074-4656-8df4-7d4e5c462116,215703307,Commune de Holving (57),false,{57330},Commune,2026-03-24 14:42:03.701372+01,gold_establishments_2025,,,,21570330700011,2025,Collectivité Territoriale,Commune,['Moselle'],['Grand Est'],COM,{57},{44}
a39a9e32-f9dd-4d90-b6c2-965d7e425bbd,200085850,Commune de Hombleux (80),false,{80442},Commune,2026-03-24 14:42:09.967209+01,gold_establishments_2025,,,,20008585000010,2025,Collectivité Territoriale,Commune,['Somme'],['Hauts-de-France'],COM,{80},{32}
4128eebd-ed8c-4ba0-9615-909f9248614c,210203634,Commune de Homblières (02),false,{02383},Commune,2026-03-24 14:41:52.020251+01,gold_establishments_2025,,,,21020363400014,2025,Collectivité Territoriale,Commune,['Aisne'],['Hauts-de-France'],COM,{02},{32}
18bfc958-becf-4506-916c-7ad803d49757,216801449,Commune de Hombourg (68),false,{68144},Commune,2026-03-24 14:42:07.195692+01,gold_establishments_2025,,,,21680144900077,2025,Collectivité Territoriale,Commune,['Haut-Rhin'],['Grand Est'],COM,{68},{44}
a9c7f990-8117-4b35-876e-f611a10aeb31,215703315,Commune de Hombourg-Budange (57),false,{57331},Commune,2026-03-24 14:42:03.701372+01,gold_establishments_2025,,,,21570331500014,2025,Collectivité Territoriale,Commune,['Moselle'],['Grand Est'],COM,{57},{44}
090a6774-299d-4f4a-ad24-510e1c9bdd28,215703323,Commune de Hombourg-Haut (57),false,{57332},Commune,2026-03-24 14:42:03.701372+01,gold_establishments_2025,,,,21570332300257,2025,Collectivité Territoriale,Commune,['Moselle'],['Grand Est'],COM,{57},{44}
0d7155d1-5c6b-42cd-9563-21d8399e1954,215703331,Commune de Hommarting (57),false,{57333},Commune,2026-03-24 14:42:03.701372+01,gold_establishments_2025,,,,21570333100094,2025,Collectivité Territoriale,Commune,['Moselle'],['Grand Est'],COM,{57},{44}
0d97551e-2d08-4a92-bd02-e09de310e53c,215703349,Commune de Hommert (57),false,{57334},Commune,2026-03-24 14:42:03.701372+01,gold_establishments_2025,,,,21570334900013,2025,Collectivité Territoriale,Commune,['Moselle'],['Grand Est'],COM,{57},{44}
5c158166-afb7-41b6-a748-6cdc4869b0f1,213701170,Commune de Hommes (37),false,{37117},Commune,2026-03-24 14:41:59.160244+01,gold_establishments_2025,,,,21370117000010,2025,Collectivité Territoriale,Commune,['Indre-et-Loire'],['Centre-Val de Loire'],COM,{37},{24}
ac731703-40d0-4599-acc4-22066f5c6b0c,211101720,Commune de Homps (11),false,{11172},Commune,2026-03-24 14:41:53.63825+01,gold_establishments_2025,,,,21110172000012,2025,Collectivité Territoriale,Commune,['Aude'],['Occitanie'],COM,{11},{76}
74b45fb1-15bf-4dad-acae-0ec33e299b44,213201544,Commune de Homps (32),false,{32154},Commune,2026-03-24 14:41:58.09424+01,gold_establishments_2025,,,,21320154400011,2025,Collectivité Territoriale,Commune,['Gers'],['Occitanie'],COM,{32},{76}
ecef9898-3a16-4d94-bc68-6d7ac4938e77,215402637,Commune de Homécourt (54),false,{54263},Commune,2026-03-24 14:42:02.957225+01,gold_establishments_2025,,,,21540263700015,2025,Collectivité Territoriale,Commune,['Meurthe-et-Moselle'],['Grand Est'],COM,{54},{44}
fb8cddb8-eddd-4899-be58-903901723830,215903105,Commune de Hon-Hergies (59),false,{59310},Commune,2026-03-24 14:42:04.280096+01,gold_establishments_2025,,,,21590310500033,2025,Collectivité Territoriale,Commune,['Nord'],['Hauts-de-France'],COM,{59},{32}
02b75463-f14d-4828-8a5d-bfc09305f1e1,216003145,Commune de Hondainville (60),false,{60317},Commune,2026-03-24 14:42:04.814328+01,gold_establishments_2025,,,,21600314500010,2025,Collectivité Territoriale,Commune,['Oise'],['Hauts-de-France'],COM,{60},{32}
1c8efe8c-0a80-433e-a07a-6a2c5e7c243e,215903089,Commune de Hondeghem (59),false,{59308},Commune,2026-03-24 14:42:04.280096+01,gold_establishments_2025,,,,21590308900013,2025,Collectivité Territoriale,Commune,['Nord'],['Hauts-de-France'],COM,{59},{32}
1dc18c91-f6f0-4aaf-b277-c6e1ff0a5f40,217702281,Commune de Hondevilliers (77),false,{77228},Commune,2026-03-24 14:42:09.43682+01,gold_establishments_2025,,,,21770228100015,2025,Collectivité Territoriale,Commune,['Seine-et-Marne'],['Île-de-France'],COM,{77},{11}
0a357d53-dea1-4ee8-8ee1-be22b9ae95f3,212703391,Commune de Hondouville (27),false,{27339},Commune,2026-03-24 14:41:57.028721+01,gold_establishments_2025,,,,21270339100012,2025,Collectivité Territoriale,Commune,['Eure'],['Normandie'],COM,{27},{28}
b8d2ea92-8e8b-4d45-b977-0457f94816b5,215903097,Commune de Hondschoote (59),false,{59309},Commune,2026-03-24 14:42:04.280096+01,gold_establishments_2025,,,,21590309700016,2025,Collectivité Territoriale,Commune,['Nord'],['Hauts-de-France'],COM,{59},{32}
457a6e2a-caf0-4005-a64e-a962b566a2d7,211403332,Commune de Honfleur (14),false,{14333},Commune,2026-03-24 14:41:54.362296+01,gold_establishments_2025,,,,21140333200011,2025,Collectivité Territoriale,Commune,['Calvados'],['Normandie'],COM,{14},{28}
a112dca2-9f50-40a8-ad47-b5da039bec5e,212703409,Commune de Honguemare-Guenouville (27),false,{27340},Commune,2026-03-24 14:41:57.028721+01,gold_establishments_2025,,,,21270340900012,2025,Collectivité Territoriale,Commune,['Eure'],['Normandie'],COM,{27},{28}
d403de80-fbef-4048-862b-d84c2391c5ad,215903113,Commune de Honnechy (59),false,{59311},Commune,2026-03-24 14:42:04.280096+01,gold_establishments_2025,,,,21590311300011,2025,Collectivité Territoriale,Commune,['Nord'],['Hauts-de-France'],COM,{59},{32}
775ca5ee-3139-41ff-a66f-db40e3eca5d2,215903121,Commune de Honnecourt-sur-Escaut (59),false,{59312},Commune,2026-03-24 14:42:04.280096+01,gold_establishments_2025,,,,21590312100014,2025,Collectivité Territoriale,Commune,['Nord'],['Hauts-de-France'],COM,{59},{32}
023d3c97-219e-47d8-a15d-1f387eea6769,215703356,Commune de Honskirch (57),false,{57335},Commune,2026-03-24 14:42:03.701372+01,gold_establishments_2025,,,,21570335600018,2025,Collectivité Territoriale,Commune,['Moselle'],['Grand Est'],COM,{57},{44}
bb1673af-566e-4d73-8173-f429f35d53f8,214001273,Commune de Hontanx (40),false,{40127},Commune,2026-03-24 14:41:59.705606+01,gold_establishments_2025,,,,21400127300017,2025,Collectivité Territoriale,Commune,['Landes'],['Nouvelle-Aquitaine'],COM,{40},{75}
68b483f7-a18c-4604-b3b2-75b74c90a8ac,216801456,Commune de Horbourg-Wihr (68),false,{68145},Commune,2026-03-24 14:42:07.195692+01,gold_establishments_2025,,,,21680145600015,2025,Collectivité Territoriale,Commune,['Haut-Rhin'],['Grand Est'],COM,{68},{44}
afc5550e-9065-4810-b602-ef942a67aae8,215903139,Commune de Hordain (59),false,{59313},Commune,2026-03-24 14:42:04.280096+01,gold_establishments_2025,,,,21590313900016,2025,Collectivité Territoriale,Commune,['Nord'],['Hauts-de-France'],COM,{59},{32}
c3d611d2-a787-43b2-a54d-c03f35f6bb57,216502237,Commune de Horgues (65),false,{65223},Commune,2026-03-24 14:42:06.665412+01,gold_establishments_2025,,,,21650223700011,2025,Collectivité Territoriale,Commune,['Hautes-Pyrénées'],['Occitanie'],COM,{65},{76}
c08f8e33-c3d6-40e8-b639-1492037aee07,215903147,Commune de Hornaing (59),false,{59314},Commune,2026-03-24 14:42:04.280096+01,gold_establishments_2025,,,,21590314700019,2025,Collectivité Territoriale,Commune,['Nord'],['Hauts-de-France'],COM,{59},{32}
ad1f50e4-add4-4820-afb1-a2040dfe7b63,218004240,Commune de Hornoy-le-Bourg (80),false,{80443},Commune,2026-03-24 14:42:09.967209+01,gold_establishments_2025,,,,21800424000014,2025,Collectivité Territoriale,Commune,['Somme'],['Hauts-de-France'],COM,{80},{32}
dfe009bf-35ac-4ef9-ad2d-f3b1be58398f,214001281,Commune de Horsarrieu (40),false,{40128},Commune,2026-03-24 14:41:59.705606+01,gold_establishments_2025,,,,21400128100010,2025,Collectivité Territoriale,Commune,['Landes'],['Nouvelle-Aquitaine'],COM,{40},{75}
cc5d50d0-5fc4-449b-93d5-437f1fd20914,215502477,Commune de Horville-en-Ornois (55),false,{55247},Commune,2026-03-24 14:42:02.957225+01,gold_establishments_2025,,,,21550247700015,2025,Collectivité Territoriale,Commune,['Meuse'],['Grand Est'],COM,{55},{44}
67eac845-e49d-41aa-a2c0-f6051d57fa77,216402651,Commune de Hosta (64),false,{64265},Commune,2026-03-24 14:42:06.130387+01,gold_establishments_2025,,,,21640265100014,2025,Collectivité Territoriale,Commune,['Pyrénées-Atlantiques'],['Nouvelle-Aquitaine'],COM,{64},{75}
9816a83a-6e59-4dad-8e42-0895251a4ceb,215703372,Commune de Hoste (57),false,{57337},Commune,2026-03-24 14:42:03.701372+01,gold_establishments_2025,,,,21570337200015,2025,Collectivité Territoriale,Commune,['Moselle'],['Grand Est'],COM,{57},{44}
12e667b5-524b-4626-a125-10dc9cfc489a,213302029,Commune de Hostens (33),false,{33202},Commune,2026-03-24 14:41:58.620411+01,gold_establishments_2025,,,,21330202900011,2025,Collectivité Territoriale,Commune,['Gironde'],['Nouvelle-Aquitaine'],COM,{33},{75}
7bfa11ff-f286-403e-9a8c-c161f1ac3f38,212601496,Commune de Hostun (26),false,{26149},Commune,2026-03-24 14:41:56.495197+01,gold_establishments_2025,,,,21260149600012,2025,Collectivité Territoriale,Commune,['Drôme'],['Auvergne-Rhône-Alpes'],COM,{26},{84}
fca1dad3-5aa6-472a-8932-43ee91161d60,211403357,Commune de Hotot-en-Auge (14),false,{14335},Commune,2026-03-24 14:41:54.362296+01,gold_establishments_2025,,,,21140335700018,2025,Collectivité Territoriale,Commune,['Calvados'],['Normandie'],COM,{14},{28}
43df40bc-083f-4851-a261-78a6a7e1f129,211403365,Commune de Hottot-les-Bagues (14),false,{14336},Commune,2026-03-24 14:41:54.362296+01,gold_establishments_2025,,,,21140336500011,2025,Collectivité Territoriale,Commune,['Calvados'],['Normandie'],COM,{14},{28}
f6867a10-2779-4e4c-8be0-0766acec588b,215703380,Commune de Hottviller (57),false,{57338},Commune,2026-03-24 14:42:03.701372+01,gold_establishments_2025,,,,21570338000018,2025,Collectivité Territoriale,Commune,['Moselle'],['Grand Est'],COM,{57},{44}
330626a3-8d7b-4339-b727-c7e71071b568,216204560,Commune de Houchin (62),false,{62456},Commune,2026-03-24 14:42:05.597325+01,gold_establishments_2025,,,,21620456000041,2025,Collectivité Territoriale,Commune,['Pas-de-Calais'],['Hauts-de-France'],COM,{62},{32}
d02be401-bd14-499d-b84f-dff58269dbe7,216204578,Commune de Houdain (62),false,{62457},Commune,2026-03-24 14:42:05.597325+01,gold_establishments_2025,,,,21620457800019,2025,Collectivité Territoriale,Commune,['Pas-de-Calais'],['Hauts-de-France'],COM,{62},{32}
f046bc98-d383-4fcb-9b0c-74b3cbecf5f4,215903154,Commune de Houdain-lez-Bavay (59),false,{59315},Commune,2026-03-24 14:42:04.280096+01,gold_establishments_2025,,,,21590315400015,2025,Collectivité Territoriale,Commune,['Nord'],['Hauts-de-France'],COM,{59},{32}
7490f89c-004d-44e7-b94b-25897b566d67,217803105,Commune de Houdan (78),false,{78310},Commune,2026-03-24 14:42:09.43682+01,gold_establishments_2025,,,,21780310500014,2025,Collectivité Territoriale,Commune,['Yvelines'],['Île-de-France'],COM,{78},{11}
e909d075-9605-4130-9bec-e4f8543e2aba,216003152,Commune de Houdancourt (60),false,{60318},Commune,2026-03-24 14:42:04.814328+01,gold_establishments_2025,,,,21600315200016,2025,Collectivité Territoriale,Commune,['Oise'],['Hauts-de-France'],COM,{60},{32}
c04c31e7-228d-4f42-9652-e80d35971440,215502485,Commune de Houdelaincourt (55),false,{55248},Commune,2026-03-24 14:42:02.957225+01,gold_establishments_2025,,,,21550248500018,2025,Collectivité Territoriale,Commune,['Meuse'],['Grand Est'],COM,{55},{44}
05cc3169-108b-4da5-b89f-ec9b9c15fdc7,215402645,Commune de Houdelmont (54),false,{54264},Commune,2026-03-24 14:42:02.957225+01,gold_establishments_2025,,,,21540264500059,2025,Collectivité Territoriale,Commune,['Meurthe-et-Moselle'],['Grand Est'],COM,{54},{44}
a0074eb0-9cc9-497c-9d26-965f1b5e1d48,215402652,Commune de Houdemont (54),false,{54265},Commune,2026-03-24 14:42:02.957225+01,gold_establishments_2025,,,,21540265200014,2025,Collectivité Territoriale,Commune,['Meurthe-et-Moselle'],['Grand Est'],COM,{54},{44}
89292663-a339-4491-9f3c-a67fdf80283a,217603653,Commune de Houdetot (76),false,{76365},Commune,2026-03-24 14:42:08.818969+01,gold_establishments_2025,,,,21760365300015,2025,Collectivité Territoriale,Commune,['Seine-Maritime'],['Normandie'],COM,{76},{28}
274053fc-7296-4949-8365-5175e046732a,210802096,Commune de Houdilcourt (08),false,{08229},Commune,2026-03-24 14:41:52.562531+01,gold_establishments_2025,,,,21080209600011,2025,Collectivité Territoriale,Commune,['Ardennes'],['Grand Est'],COM,{08},{44}
d8d60611-d6dc-4c63-9742-1ebf1edc97ea,215402660,Commune de Houdreville (54),false,{54266},Commune,2026-03-24 14:42:02.957225+01,gold_establishments_2025,,,,21540266000017,2025,Collectivité Territoriale,Commune,['Meurthe-et-Moselle'],['Grand Est'],COM,{54},{44}
b70651a2-21d0-4784-9d0f-20e65496f3c6,214701195,Commune de Houeillès (47),false,{47119},Commune,2026-03-24 14:42:00.862623+01,gold_establishments_2025,,,,21470119500015,2025,Collectivité Territoriale,Commune,['Lot-et-Garonne'],['Nouvelle-Aquitaine'],COM,{47},{75}
fc96ab7d-5275-458a-a55d-8735aadbe8d4,212703425,Commune de Houetteville (27),false,{27342},Commune,2026-03-24 14:41:57.028721+01,gold_establishments_2025,,,,21270342500018,2025,Collectivité Territoriale,Commune,['Eure'],['Normandie'],COM,{27},{28}
e232adae-0019-42dd-9572-0f8627447c2f,216502245,Commune de Houeydets (65),false,{65224},Commune,2026-03-24 14:42:06.665412+01,gold_establishments_2025,,,,21650224500014,2025,Collectivité Territoriale,Commune,['Hautes-Pyrénées'],['Occitanie'],COM,{65},{76}
8415b738-08d3-417c-986d-3237f61edc74,217803113,Commune de Houilles (78),false,{78311},Commune,2026-03-24 14:42:09.43682+01,gold_establishments_2025,,,,21780311300018,2025,Collectivité Territoriale,Commune,['Yvelines'],['Île-de-France'],COM,{78},{11}
5ccd6c8b-09f6-4348-b8e7-5c27cfa0e52a,212703433,Commune de Houlbec-Cocherel (27),false,{27343},Commune,2026-03-24 14:41:57.028721+01,gold_establishments_2025,,,,21270343300038,2025,Collectivité Territoriale,Commune,['Eure'],['Normandie'],COM,{27},{28}
12b8e5e9-d770-4091-ab15-c616134b6aa3,210802104,Commune de Houldizy (08),false,{08230},Commune,2026-03-24 14:41:52.562531+01,gold_establishments_2025,,,,21080210400013,2025,Collectivité Territoriale,Commune,['Ardennes'],['Grand Est'],COM,{08},{44}
f9077918-2325-4e06-b3e6-7e4ca6c12002,211601653,Commune de Houlette (16),false,{16165},Commune,2026-03-24 14:41:54.362296+01,gold_establishments_2025,,,,21160165300010,2025,Collectivité Territoriale,Commune,['Charente'],['Nouvelle-Aquitaine'],COM,{16},{75}
b5f296c4-3e9b-4553-8517-7bd10436b036,211403381,Commune de Houlgate (14),false,{14338},Commune,2026-03-24 14:41:54.362296+01,gold_establishments_2025,,,,21140338100018,2025,Collectivité Territoriale,Commune,['Calvados'],['Normandie'],COM,{14},{28}
fe58b880-0b4e-441b-b661-cd1a9a6aae74,216204586,Commune de Houlle (62),false,{62458},Commune,2026-03-24 14:42:05.597325+01,gold_establishments_2025,,,,21620458600012,2025,Collectivité Territoriale,Commune,['Pas-de-Calais'],['Hauts-de-France'],COM,{62},{32}
e3e2fbf0-977c-4674-a75c-34226f5a647c,211101738,Commune de Hounoux (11),false,{11173},Commune,2026-03-24 14:41:53.63825+01,gold_establishments_2025,,,,21110173800014,2025,Collectivité Territoriale,Commune,['Aude'],['Occitanie'],COM,{11},{76}
3adf507c-f43e-422a-b38b-523c567df947,215903162,Commune de Houplin-Ancoisne (59),false,{59316},Commune,2026-03-24 14:42:04.280096+01,gold_establishments_2025,,,,21590316200018,2025,Collectivité Territoriale,Commune,['Nord'],['Hauts-de-France'],COM,{59},{32}
ce971244-e29b-463e-8e0f-481a08b0f682,215903170,Commune de Houplines (59),false,{59317},Commune,2026-03-24 14:42:04.280096+01,gold_establishments_2025,,,,21590317000011,2025,Collectivité Territoriale,Commune,['Nord'],['Hauts-de-France'],COM,{59},{32}
5c6ee324-c83b-47d4-9fd8-85cf480be078,217603679,Commune de Houppeville (76),false,{76367},Commune,2026-03-24 14:42:08.818969+01,gold_establishments_2025,,,,21760367900010,2025,Collectivité Territoriale,Commune,['Seine-Maritime'],['Normandie'],COM,{76},{28}
2bd3753a-ce0c-4fd7-b840-36255e9af5af,217603687,Commune de Houquetot (76),false,{76368},Commune,2026-03-24 14:42:08.818969+01,gold_establishments_2025,,,,21760368700013,2025,Collectivité Territoriale,Commune,['Seine-Maritime'],['Normandie'],COM,{76},{28}
d73a7532-5920-46c9-a871-ccbefa8e366b,216502252,Commune de Hourc (65),false,{65225},Commune,2026-03-24 14:42:06.665412+01,gold_establishments_2025,,,,21650225200010,2025,Collectivité Territoriale,Commune,['Hautes-Pyrénées'],['Occitanie'],COM,{65},{76}
073bab16-e096-43de-aae1-4d9769ab0e67,215102757,Commune de Hourges (51),false,{51294},Commune,2026-03-24 14:42:01.954481+01,gold_establishments_2025,,,,21510275700014,2025,Collectivité Territoriale,Commune,['Marne'],['Grand Est'],COM,{51},{44}
a926402c-6312-4ec2-b458-aa2f4fa6041d,216402669,Commune de Hours (64),false,{64266},Commune,2026-03-24 14:42:06.130387+01,gold_establishments_2025,,,,21640266900016,2025,Collectivité Territoriale,Commune,['Pyrénées-Atlantiques'],['Nouvelle-Aquitaine'],COM,{64},{75}
101ec266-ffed-44c4-bc61-2d22bb17f4b4,213302037,Commune de Hourtin (33),false,{33203},Commune,2026-03-24 14:41:58.620411+01,gold_establishments_2025,,,,21330203700014,2025,Collectivité Territoriale,Commune,['Gironde'],['Nouvelle-Aquitaine'],COM,{33},{75}
32c92fbe-7d04-4cdb-a5bf-0b92fb0d10e8,210203642,Commune de Houry (02),false,{02384},Commune,2026-03-24 14:41:52.020251+01,gold_establishments_2025,,,,21020364200017,2025,Collectivité Territoriale,Commune,['Aisne'],['Hauts-de-France'],COM,{02},{32}
37ab0c85-ba5d-4019-8207-ba6a4b7e87af,214101024,Commune de Houssay (41),false,{41102},Commune,2026-03-24 14:42:00.273698+01,gold_establishments_2025,,,,21410102400013,2025,Collectivité Territoriale,Commune,['Loir-et-Cher'],['Centre-Val de Loire'],COM,{41},{24}
b7b86267-ed99-4331-944b-e25ce0e5c11a,215301177,Commune de Houssay (53),false,{53117},Commune,2026-03-24 14:42:02.957225+01,gold_establishments_2025,,,,21530117700089,2025,Collectivité Territoriale,Commune,['Mayenne'],['Pays de la Loire'],COM,{53},{52}
f32447e8-1160-4fa7-8d97-9da4360e314e,216801464,Commune de Houssen (68),false,{68146},Commune,2026-03-24 14:42:07.195692+01,gold_establishments_2025,,,,21680146400019,2025,Collectivité Territoriale,Commune,['Haut-Rhin'],['Grand Est'],COM,{68},{44}
914906b6-6d68-4e93-96ab-14f024c93d7d,218802437,Commune de Housseras (88),false,{88243},Commune,2026-03-24 14:42:11.118516+01,gold_establishments_2025,,,,21880243700010,2025,Collectivité Territoriale,Commune,['Vosges'],['Grand Est'],COM,{88},{44}
d88327ae-0c85-4a0d-ac80-142354d2f3ac,210203659,Commune de Housset (02),false,{02385},Commune,2026-03-24 14:41:52.020251+01,gold_establishments_2025,,,,21020365900011,2025,Collectivité Territoriale,Commune,['Aisne'],['Hauts-de-France'],COM,{02},{32}
4e863dd3-b2ce-4fc0-8a92-e7d0af3941f8,215402686,Commune de Housséville (54),false,{54268},Commune,2026-03-24 14:42:02.957225+01,gold_establishments_2025,,,,21540268600012,2025,Collectivité Territoriale,Commune,['Meurthe-et-Moselle'],['Grand Est'],COM,{54},{44}
5b3cfa61-8277-40a7-9ba7-9ce72e751ddf,212503098,Commune de Houtaud (25),false,{25309},Commune,2026-03-24 14:41:56.495197+01,gold_establishments_2025,,,,21250309800015,2025,Collectivité Territoriale,Commune,['Doubs'],['Bourgogne-Franche-Comté'],COM,{25},{27}
10a73f08-a306-4815-923a-65374023e99e,215903188,Commune de Houtkerque (59),false,{59318},Commune,2026-03-24 14:42:04.280096+01,gold_establishments_2025,,,,21590318800013,2025,Collectivité Territoriale,Commune,['Nord'],['Hauts-de-France'],COM,{59},{32}
1f452086-61c0-4cc6-8daa-e80bc30010cc,212703466,Commune de Houville-en-Vexin (27),false,{27346},Commune,2026-03-24 14:41:57.028721+01,gold_establishments_2025,,,,21270346600012,2025,Collectivité Territoriale,Commune,['Eure'],['Normandie'],COM,{27},{28}
1e202f0f-3a55-4be4-bb8a-83b34767e1a2,212801948,Commune de Houville-la-Branche (28),false,{28194},Commune,2026-03-24 14:41:57.028721+01,gold_establishments_2025,,,,21280194800010,2025,Collectivité Territoriale,Commune,['Eure-et-Loir'],['Centre-Val de Loire'],COM,{28},{24}
209d26f1-0769-40ee-af66-e057131bea88,216204594,Commune de Houvin-Houvigneul (62),false,{62459},Commune,2026-03-24 14:42:05.597325+01,gold_establishments_2025,,,,21620459400016,2025,Collectivité Territoriale,Commune,['Pas-de-Calais'],['Hauts-de-France'],COM,{62},{32}
0062ab2d-414e-4415-9a96-271963fc7dc4,212801955,Commune de Houx (28),false,{28195},Commune,2026-03-24 14:41:57.028721+01,gold_establishments_2025,,,,21280195500015,2025,Collectivité Territoriale,Commune,['Eure-et-Loir'],['Centre-Val de Loire'],COM,{28},{24}
a34d8ca5-c206-483b-8c9b-fb7b42727d06,218802411,Commune de Houécourt (88),false,{88241},Commune,2026-03-24 14:42:11.118516+01,gold_establishments_2025,,,,21880241100015,2025,Collectivité Territoriale,Commune,['Vosges'],['Grand Est'],COM,{88},{44}
30a7def3-478a-4acc-8dcc-43bfa5e45f48,218802429,Commune de Houéville (88),false,{88242},Commune,2026-03-24 14:42:11.118516+01,gold_establishments_2025,,,,21880242900017,2025,Collectivité Territoriale,Commune,['Vosges'],['Grand Est'],COM,{88},{44}
342847d8-f517-4485-a97b-c74f03dfee66,215903196,Commune de Hoymille (59),false,{59319},Commune,2026-03-24 14:42:04.280096+01,gold_establishments_2025,,,,21590319600073,2025,Collectivité Territoriale,Commune,['Nord'],['Hauts-de-France'],COM,{59},{32}
5fa6cfc3-d24e-49c4-ad6c-8d5359b7e242,215402629,Commune de Hoéville (54),false,{54262},Commune,2026-03-24 14:42:02.957225+01,gold_establishments_2025,,,,21540262900012,2025,Collectivité Territoriale,Commune,['Meurthe-et-Moselle'],['Grand Est'],COM,{54},{44}
c3a2ed61-710a-4f6b-b504-66c253f349d4,212503106,Commune de Huanne-Montmartin (25),false,{25310},Commune,2026-03-24 14:41:56.495197+01,gold_establishments_2025,,,,21250310600016,2025,Collectivité Territoriale,Commune,['Doubs'],['Bourgogne-Franche-Comté'],COM,{25},{27}
e77c8309-0fc9-4889-a9c6-de6d76b622be,216204602,Commune de Hubersent (62),false,{62460},Commune,2026-03-24 14:42:05.597325+01,gold_establishments_2025,,,,21620460200017,2025,Collectivité Territoriale,Commune,['Pas-de-Calais'],['Hauts-de-France'],COM,{62},{32}
3c3c2def-f8ee-4ac1-a6f4-7167eb59c40f,215002510,Commune de Huberville (50),false,{50251},Commune,2026-03-24 14:42:01.412377+01,gold_establishments_2025,,,,21500251000018,2025,Collectivité Territoriale,Commune,['Manche'],['Normandie'],COM,{50},{28}
0055b046-4b0f-406e-85da-ff9065b92f6c,216204610,Commune de Huby-Saint-Leu (nan),false,{62461},Commune,2026-03-24 14:42:05.597325+01,gold_establishments_2025,,,,21620461000010,2025,Collectivité Territoriale,Commune,[''],[''],COM,,
e57837db-9859-4b49-8951-2e07a436ebc1,218004257,Commune de Huchenneville (80),false,{80444},Commune,2026-03-24 14:42:09.967209+01,gold_establishments_2025,,,,21800425700018,2025,Collectivité Territoriale,Commune,['Somme'],['Hauts-de-France'],COM,{80},{32}
7346530c-bb77-4ee5-a892-8e65405ce6a0,216204628,Commune de Huclier (62),false,{62462},Commune,2026-03-24 14:42:05.597325+01,gold_establishments_2025,,,,21620462800012,2025,Collectivité Territoriale,Commune,['Pas-de-Calais'],['Hauts-de-France'],COM,{62},{32}
7151358a-159b-40f5-9bca-53c5b8e0b36f,216204636,Commune de Hucqueliers (62),false,{62463},Commune,2026-03-24 14:42:05.597325+01,gold_establishments_2025,,,,21620463600015,2025,Collectivité Territoriale,Commune,['Pas-de-Calais'],['Hauts-de-France'],COM,{62},{32}
ba2b287f-5371-4a95-b610-0fc64e253612,215002528,Commune de Hudimesnil (50),false,{50252},Commune,2026-03-24 14:42:01.412377+01,gold_establishments_2025,,,,21500252800010,2025,Collectivité Territoriale,Commune,['Manche'],['Normandie'],COM,{50},{28}
3906066d-6a34-4b6c-ab37-3232680ade57,215402694,Commune de Hudiviller (54),false,{54269},Commune,2026-03-24 14:42:02.957225+01,gold_establishments_2025,,,,21540269400016,2025,Collectivité Territoriale,Commune,['Meurthe-et-Moselle'],['Grand Est'],COM,{54},{44}
b855b800-fc0f-4cfc-b109-b1d67650e6b2,212900815,Commune de Huelgoat (29),false,{29081},Commune,2026-03-24 14:41:57.028721+01,gold_establishments_2025,,,,21290081500011,2025,Collectivité Territoriale,Commune,['Finistère'],['Bretagne'],COM,{29},{53}
9f9fbf5c-708b-49af-a29d-13258b60b09d,212703474,Commune de Huest (27),false,{27347},Commune,2026-03-24 14:41:57.028721+01,gold_establishments_2025,,,,21270347400016,2025,Collectivité Territoriale,Commune,['Eure'],['Normandie'],COM,{27},{28}
ccfb077f-632d-4b81-be4d-83335cd1eed0,213801913,Commune de Huez (38),false,{38191},Commune,2026-03-24 14:41:59.160244+01,gold_establishments_2025,,,,21380191300012,2025,Collectivité Territoriale,Commune,['Isère'],['Auvergne-Rhône-Alpes'],COM,{38},{84}
d2631cb5-27e4-462c-a162-45d4fe4c8e85,217002864,Commune de Hugier (70),false,{70286},Commune,2026-03-24 14:42:07.735343+01,gold_establishments_2025,,,,21700286400015,2025,Collectivité Territoriale,Commune,['Haute-Saône'],['Bourgogne-Franche-Comté'],COM,{70},{27}
98cbc46e-5554-44cc-8c1f-5d668fb127b9,217603703,Commune de Hugleville-en-Caux (76),false,{76370},Commune,2026-03-24 14:42:08.818969+01,gold_establishments_2025,,,,21760370300018,2025,Collectivité Territoriale,Commune,['Seine-Maritime'],['Normandie'],COM,{76},{28}
53c4652e-7e7a-4ec3-8af7-61c85456d4c0,215201732,Commune de Huilliécourt (52),false,{52243},Commune,2026-03-24 14:42:01.954481+01,gold_establishments_2025,,,,21520173200017,2025,Collectivité Territoriale,Commune,['Haute-Marne'],['Grand Est'],COM,{52},{44}
e98d47e2-4b8f-4d1b-a76f-143cd3653bca,217102342,Commune de Huilly-sur-Seille (71),false,{71234},Commune,2026-03-24 14:42:07.735343+01,gold_establishments_2025,,,,21710234200011,2025,Collectivité Territoriale,Commune,['Saône-et-Loire'],['Bourgogne-Franche-Comté'],COM,{71},{27}
0a586aba-a751-4779-a557-97783f2f6293,200085504,Commune de Huillé-Lézigné (49),false,{49174},Commune,2026-03-24 14:42:01.412377+01,gold_establishments_2025,,,,20008550400013,2025,Collectivité Territoriale,Commune,['Maine-et-Loire'],['Pays de la Loire'],COM,{49},{52}
a7ba3eee-16d2-43dd-b225-5d84c722a28b,215102765,Commune de Huiron (51),false,{51295},Commune,2026-03-24 14:42:01.954481+01,gold_establishments_2025,,,,21510276500017,2025,Collectivité Territoriale,Commune,['Marne'],['Grand Est'],COM,{51},{44}
9d6341fb-7f3f-4575-a47f-e2c12c0480f2,213701188,Commune de Huismes (37),false,{37118},Commune,2026-03-24 14:41:59.160244+01,gold_establishments_2025,,,,21370118800012,2025,Collectivité Territoriale,Commune,['Indre-et-Loire'],['Centre-Val de Loire'],COM,{37},{24}
d16ab541-b828-45cd-8c36-a61646a1e357,215002536,Commune de Huisnes-sur-Mer (50),false,{50253},Commune,2026-03-24 14:42:01.412377+01,gold_establishments_2025,,,,21500253600013,2025,Collectivité Territoriale,Commune,['Manche'],['Normandie'],COM,{50},{28}
b74ffc15-8431-4262-bca9-9783e4ce7762,214101032,Commune de Huisseau-en-Beauce (41),false,{41103},Commune,2026-03-24 14:42:00.273698+01,gold_establishments_2025,,,,21410103200016,2025,Collectivité Territoriale,Commune,['Loir-et-Cher'],['Centre-Val de Loire'],COM,{41},{24}
1e5ec0c2-53ec-4bf1-bbc6-87088f046d15,214101040,Commune de Huisseau-sur-Cosson (41),false,{41104},Commune,2026-03-24 14:42:00.273698+01,gold_establishments_2025,,,,21410104000019,2025,Collectivité Territoriale,Commune,['Loir-et-Cher'],['Centre-Val de Loire'],COM,{41},{24}
44ba55e3-0ad5-4204-8e8b-2b2042380816,214501678,Commune de Huisseau-sur-Mauves (45),false,{45167},Commune,2026-03-24 14:42:00.862623+01,gold_establishments_2025,,,,21450167800012,2025,Collectivité Territoriale,Commune,['Loiret'],['Centre-Val de Loire'],COM,{45},{24}
0c307db0-efc7-4a8d-8279-8c59a29fe537,216204644,Commune de Hulluch (62),false,{62464},Commune,2026-03-24 14:42:05.597325+01,gold_establishments_2025,,,,21620464400019,2025,Collectivité Territoriale,Commune,['Pas-de-Calais'],['Hauts-de-France'],COM,{62},{32}
38e50c79-4cbb-44d0-a285-a48355d390c5,215703398,Commune de Hultehouse (57),false,{57339},Commune,2026-03-24 14:42:03.701372+01,gold_establishments_2025,,,,21570339800010,2025,Collectivité Territoriale,Commune,['Moselle'],['Grand Est'],COM,{57},{44}
35f55296-a61e-4818-bd5b-56cdca28e936,215102773,Commune de Humbauville (51),false,{51296},Commune,2026-03-24 14:42:01.954481+01,gold_establishments_2025,,,,21510277300011,2025,Collectivité Territoriale,Commune,['Marne'],['Grand Est'],COM,{51},{44}
93d28c95-ae11-40a8-ab0f-84c2ca5219d2,216204651,Commune de Humbercamps (62),false,{62465},Commune,2026-03-24 14:42:05.597325+01,gold_establishments_2025,,,,21620465100014,2025,Collectivité Territoriale,Commune,['Pas-de-Calais'],['Hauts-de-France'],COM,{62},{32}
63613924-c9d1-48a8-a0a4-1cf9c2b811e9,218004265,Commune de Humbercourt (80),false,{80445},Commune,2026-03-24 14:42:09.967209+01,gold_establishments_2025,,,,21800426500011,2025,Collectivité Territoriale,Commune,['Somme'],['Hauts-de-France'],COM,{80},{32}
de045268-20a8-46ce-858c-f4ab6bc211a3,216204669,Commune de Humbert (62),false,{62466},Commune,2026-03-24 14:42:05.597325+01,gold_establishments_2025,,,,21620466900016,2025,Collectivité Territoriale,Commune,['Pas-de-Calais'],['Hauts-de-France'],COM,{62},{32}
0c9eba69-ee0d-48a5-ad73-3c6e09f83bd2,215201757,Commune de Humberville (52),false,{52245},Commune,2026-03-24 14:42:01.954481+01,gold_establishments_2025,,,,21520175700014,2025,Collectivité Territoriale,Commune,['Haute-Marne'],['Grand Est'],COM,{52},{44}
e854b1c6-aaa4-4dda-9d52-bade13359bb4,211801113,Commune de Humbligny (18),false,{18111},Commune,2026-03-24 14:41:54.903238+01,gold_establishments_2025,,,,21180111300013,2025,Collectivité Territoriale,Commune,['Cher'],['Centre-Val de Loire'],COM,{18},{24}
5e2146cf-ab9e-4ebc-a827-bd75892669b9,215201740,Commune de Humbécourt (52),false,{52244},Commune,2026-03-24 14:42:01.954481+01,gold_establishments_2025,,,,21520174000010,2025,Collectivité Territoriale,Commune,['Haute-Marne'],['Grand Est'],COM,{52},{44}
6504da22-647d-403c-b308-ebe1b0ac5d97,216204677,Commune de Humerœuille (62),false,{62467},Commune,2026-03-24 14:42:05.597325+01,gold_establishments_2025,,,,21620467700019,2025,Collectivité Territoriale,Commune,['Pas-de-Calais'],['Hauts-de-France'],COM,{62},{32}
51b360e7-7a42-4ba8-96c9-e4056f3f427a,215201765,Commune de Humes-Jorquenay (52),false,{52246},Commune,2026-03-24 14:42:01.954481+01,gold_establishments_2025,,,,21520176500017,2025,Collectivité Territoriale,Commune,['Haute-Marne'],['Grand Est'],COM,{52},{44}
7a5d3d89-f468-42b9-864f-a95d09e22f81,216204685,Commune de Humières (62),false,{62468},Commune,2026-03-24 14:42:05.597325+01,gold_establishments_2025,,,,21620468500020,2025,Collectivité Territoriale,Commune,['Pas-de-Calais'],['Hauts-de-France'],COM,{62},{32}
35fa57a9-48f6-43a5-863e-d34be42bb822,216801472,Commune de Hunawihr (68),false,{68147},Commune,2026-03-24 14:42:07.195692+01,gold_establishments_2025,,,,21680147200012,2025,Collectivité Territoriale,Commune,['Haut-Rhin'],['Grand Est'],COM,{68},{44}
9baa4548-6679-4e0f-9d2e-9156b3125c08,215703406,Commune de Hundling (57),false,{57340},Commune,2026-03-24 14:42:03.701372+01,gold_establishments_2025,,,,21570340600011,2025,Collectivité Territoriale,Commune,['Moselle'],['Grand Est'],COM,{57},{44}
4f0d83ab-f8e5-4aab-9508-d08d0e1aead7,216801480,Commune de Hundsbach (68),false,{68148},Commune,2026-03-24 14:42:07.195692+01,gold_establishments_2025,,,,21680148000015,2025,Collectivité Territoriale,Commune,['Haut-Rhin'],['Grand Est'],COM,{68},{44}
0d68e078-c9e4-44ec-9fe4-f2baa0974d88,216801498,Commune de Huningue (68),false,{68149},Commune,2026-03-24 14:42:07.195692+01,gold_establishments_2025,,,,21680149800017,2025,Collectivité Territoriale,Commune,['Haut-Rhin'],['Grand Est'],COM,{68},{44}
35adaf9b-f97c-49d6-a173-c6627c419e0c,216702134,Commune de Hunspach (67),false,{67213},Commune,2026-03-24 14:42:07.195692+01,gold_establishments_2025,,,,21670213400018,2025,Collectivité Territoriale,Commune,['Bas-Rhin'],['Grand Est'],COM,{67},{44}
4efd7767-4a5f-4c8b-98a4-629e56113406,215703414,Commune de Hunting (57),false,{57341},Commune,2026-03-24 14:42:03.701372+01,gold_establishments_2025,,,,21570341400015,2025,Collectivité Territoriale,Commune,['Moselle'],['Grand Est'],COM,{57},{44}
46a8e772-adb1-4bc3-94bb-9b7aa16b3c60,213102387,Commune de Huos (31),false,{31238},Commune,2026-03-24 14:41:58.09424+01,gold_establishments_2025,,,,21310238700015,2025,Collectivité Territoriale,Commune,['Haute-Garonne'],['Occitanie'],COM,{31},{76}
0880b155-66c6-4b50-a6aa-9c1e6c3d6067,211201165,Commune de Huparlac (12),false,{12116},Commune,2026-03-24 14:41:53.63825+01,gold_establishments_2025,,,,21120116500019,2025,Collectivité Territoriale,Commune,['Aveyron'],['Occitanie'],COM,{12},{76}
9638d893-9ab5-4290-8b44-5e348d686982,218004273,Commune de Huppy (80),false,{80446},Commune,2026-03-24 14:42:09.967209+01,gold_establishments_2025,,,,21800427300015,2025,Collectivité Territoriale,Commune,['Somme'],['Hauts-de-France'],COM,{80},{32}
9684a6b1-fc2f-4e71-8183-f50aed7652ae,218802452,Commune de Hurbache (88),false,{88245},Commune,2026-03-24 14:42:11.118516+01,gold_establishments_2025,,,,21880245200019,2025,Collectivité Territoriale,Commune,['Vosges'],['Grand Est'],COM,{88},{44}
b8c94d79-5727-4698-8df1-af0eec353ac8,213302045,Commune de Hure (33),false,{33204},Commune,2026-03-24 14:41:58.620411+01,gold_establishments_2025,,,,21330204500017,2025,Collectivité Territoriale,Commune,['Gironde'],['Nouvelle-Aquitaine'],COM,{33},{75}
22334794-0f5b-4ea5-b2e8-a64a9e80ca6f,217002872,Commune de Hurecourt (70),false,{70287},Commune,2026-03-24 14:42:07.735343+01,gold_establishments_2025,,,,21700287200018,2025,Collectivité Territoriale,Commune,['Haute-Saône'],['Bourgogne-Franche-Comté'],COM,{70},{27}
ab8d6b41-206c-4f43-a8f5-d1a72e6e237f,214800740,Commune de Hures-la-Parade (48),false,{48074},Commune,2026-03-24 14:42:01.412377+01,gold_establishments_2025,,,,21480074000018,2025,Collectivité Territoriale,Commune,['Lozère'],['Occitanie'],COM,{48},{76}
ffea4fb9-8b62-46dd-b313-1997c251a16d,210301289,Commune de Huriel (03),false,{03128},Commune,2026-03-24 14:41:52.020251+01,gold_establishments_2025,,,,21030128900018,2025,Collectivité Territoriale,Commune,['Allier'],['Auvergne-Rhône-Alpes'],COM,{03},{84}
c31caee0-3b93-4c83-bce7-41778602296e,217102359,Commune de Hurigny (71),false,{71235},Commune,2026-03-24 14:42:07.735343+01,gold_establishments_2025,,,,21710235900015,2025,Collectivité Territoriale,Commune,['Saône-et-Loire'],['Bourgogne-Franche-Comté'],COM,{71},{27}
ca232499-d3a6-4735-b7d5-8dba30d900c6,216702142,Commune de Hurtigheim (67),false,{67214},Commune,2026-03-24 14:42:07.195692+01,gold_establishments_2025,,,,21670214200011,2025,Collectivité Territoriale,Commune,['Bas-Rhin'],['Grand Est'],COM,{67},{44}
7fed6f23-3159-4ab1-a50f-b768b031fae2,213801921,Commune de Hurtières (38),false,{38192},Commune,2026-03-24 14:41:59.160244+01,gold_establishments_2025,,,,21380192100015,2025,Collectivité Territoriale,Commune,['Isère'],['Auvergne-Rhône-Alpes'],COM,{38},{84}
eee62ad5-4896-49c8-8932-bb1b7a7f0a2c,216801514,Commune de Husseren-Wesserling (68),false,{68151},Commune,2026-03-24 14:42:07.195692+01,gold_establishments_2025,,,,21680151400011,2025,Collectivité Territoriale,Commune,['Haut-Rhin'],['Grand Est'],COM,{68},{44}
c4d6206b-223d-4e64-85dd-812ab4180d6b,216801506,Commune de Husseren-les-Châteaux (68),false,{68150},Commune,2026-03-24 14:42:07.195692+01,gold_establishments_2025,,,,21680150600017,2025,Collectivité Territoriale,Commune,['Haut-Rhin'],['Grand Est'],COM,{68},{44}
89473df3-0279-4a58-bdb7-6e7206ae7a88,215402702,Commune de Hussigny-Godbrange (54),false,{54270},Commune,2026-03-24 14:42:02.957225+01,gold_establishments_2025,,,,21540270200017,2025,Collectivité Territoriale,Commune,['Meurthe-et-Moselle'],['Grand Est'],COM,{54},{44}
0b48cce2-e875-4ff0-ac80-a4c7c9ed4c03,216702159,Commune de Huttendorf (67),false,{67215},Commune,2026-03-24 14:42:07.195692+01,gold_establishments_2025,,,,21670215900015,2025,Collectivité Territoriale,Commune,['Bas-Rhin'],['Grand Est'],COM,{67},{44}
14d30819-3bc0-41ee-a36f-653d86df1b4d,216702167,Commune de Huttenheim (67),false,{67216},Commune,2026-03-24 14:42:07.195692+01,gold_establishments_2025,,,,21670216700018,2025,Collectivité Territoriale,Commune,['Bas-Rhin'],['Grand Est'],COM,{67},{44}
fbfd7cf7-6304-4d03-9911-397e491cc271,214501660,Commune de Huêtre (45),false,{45166},Commune,2026-03-24 14:42:00.862623+01,gold_establishments_2025,,,,21450166000010,2025,Collectivité Territoriale,Commune,['Loiret'],['Centre-Val de Loire'],COM,{45},{24}
66895db5-0b62-4095-bf65-c58ec9c373ed,210301297,Commune de Hyds (03),false,{03129},Commune,2026-03-24 14:41:52.020251+01,gold_establishments_2025,,,,21030129700011,2025,Collectivité Territoriale,Commune,['Allier'],['Auvergne-Rhône-Alpes'],COM,{03},{84}
1c812eaf-8fbb-4c18-b548-cb6ef7dcbaf9,217002880,Commune de Hyet (70),false,{70288},Commune,2026-03-24 14:42:07.735343+01,gold_establishments_2025,,,,21700288000011,2025,Collectivité Territoriale,Commune,['Haute-Saône'],['Bourgogne-Franche-Comté'],COM,{70},{27}
732f7ab1-84dc-4163-9f83-2c78de1f2dfe,218802460,Commune de Hymont (88),false,{88246},Commune,2026-03-24 14:42:11.118516+01,gold_establishments_2025,,,,21880246000012,2025,Collectivité Territoriale,Commune,['Vosges'],['Grand Est'],COM,{88},{44}
1179eedd-7fd6-4481-8ca8-b28ce7ca8e4d,200062602,Commune de Hypercourt (80),false,{80621},Commune,2026-03-24 14:42:09.967209+01,gold_establishments_2025,,,,20006260200012,2025,Collectivité Territoriale,Commune,['Somme'],['Hauts-de-France'],COM,{80},{32}
227df71d-26b4-4a45-8878-9f2621e7395b,218300697,Commune de Hyères (83),false,{83069},Commune,2026-03-24 14:42:10.508772+01,gold_establishments_2025,,,,21830069700016,2025,Collectivité Territoriale,Commune,['Var'],"[""Provence-Alpes-Côte d'Azur""]",COM,{83},{93}
107aab63-ecaa-4b91-8216-17cef3a25d0e,212503122,Commune de Hyèvre-Magny (25),false,{25312},Commune,2026-03-24 14:41:56.495197+01,gold_establishments_2025,,,,21250312200013,2025,Collectivité Territoriale,Commune,['Doubs'],['Bourgogne-Franche-Comté'],COM,{25},{27}
9e4ed32a-07cc-4765-90a2-69e3ae4d4369,212503130,Commune de Hyèvre-Paroisse (25),false,{25313},Commune,2026-03-24 14:41:56.495197+01,gold_establishments_2025,,,,21250313000016,2025,Collectivité Territoriale,Commune,['Doubs'],['Bourgogne-Franche-Comté'],COM,{25},{27}
381baab7-fb43-4ec5-a8a8-b99c99fdc05e,212503114,Commune de Hyémondans (25),false,{25311},Commune,2026-03-24 14:41:56.495197+01,gold_establishments_2025,,,,21250311400010,2025,Collectivité Territoriale,Commune,['Doubs'],['Bourgogne-Franche-Comté'],COM,{25},{27}
5625b36a-c463-407f-8dd9-18dc0ae0b7fd,215201682,Commune de Hâcourt (52),false,{52234},Commune,2026-03-24 14:42:01.954481+01,gold_establishments_2025,,,,21520168200014,2025,Collectivité Territoriale,Commune,['Haute-Marne'],['Grand Est'],COM,{52},{44}
b99f2769-418e-4c1f-ae87-53b349072d99,216502187,Commune de Hèches (65),false,{65218},Commune,2026-03-24 14:42:06.665412+01,gold_establishments_2025,,,,21650218700018,2025,Collectivité Territoriale,Commune,['Hautes-Pyrénées'],['Occitanie'],COM,{65},{76}
fffff613-5258-4054-8611-c1f1b89faf4f,216502195,Commune de Hères (65),false,{65219},Commune,2026-03-24 14:42:06.665412+01,gold_establishments_2025,,,,21650219500011,2025,Collectivité Territoriale,Commune,['Hautes-Pyrénées'],['Occitanie'],COM,{65},{76}
794aeaa7-8be6-4231-a8d0-062d1b31ea3d,215002387,Commune de Héauville (50),false,{50238},Commune,2026-03-24 14:42:01.412377+01,gold_establishments_2025,,,,21500238700011,2025,Collectivité Territoriale,Commune,['Manche'],['Normandie'],COM,{50},{28}
aa19f6cf-584a-4f2b-a354-83ca0a8c4880,217603539,Commune de Héberville (76),false,{76353},Commune,2026-03-24 14:42:08.818969+01,gold_establishments_2025,,,,21760353900016,2025,Collectivité Territoriale,Commune,['Seine-Maritime'],['Normandie'],COM,{76},{28}
9502c75e-94ad-4447-80f1-7e805fefcbd8,216204222,Commune de Hébuterne (62),false,{62422},Commune,2026-03-24 14:42:05.597325+01,gold_establishments_2025,,,,21620422200014,2025,Collectivité Territoriale,Commune,['Pas-de-Calais'],['Hauts-de-France'],COM,{62},{32}
3c9b666f-68a6-47fa-817f-6c8af6be90ad,212703243,Commune de Hébécourt (27),false,{27324},Commune,2026-03-24 14:41:57.028721+01,gold_establishments_2025,,,,21270324300015,2025,Collectivité Territoriale,Commune,['Eure'],['Normandie'],COM,{27},{28}
c028b1b2-46a8-4db1-acdc-3c106fdb9d86,218004067,Commune de Hébécourt (80),false,{80424},Commune,2026-03-24 14:42:09.967209+01,gold_establishments_2025,,,,21800406700011,2025,Collectivité Territoriale,Commune,['Somme'],['Hauts-de-France'],COM,{80},{32}
7c799130-1d62-4b24-9ae0-bb200be3c6bf,212703268,Commune de Hécourt (27),false,{27326},Commune,2026-03-24 14:41:57.028721+01,gold_establishments_2025,,,,21270326800012,2025,Collectivité Territoriale,Commune,['Eure'],['Normandie'],COM,{27},{28}
8dd17912-b9e5-4726-ab3a-7a86f9c58748,216003038,Commune de Hécourt (60),false,{60306},Commune,2026-03-24 14:42:04.814328+01,gold_establishments_2025,,,,21600303800017,2025,Collectivité Territoriale,Commune,['Oise'],['Hauts-de-France'],COM,{60},{32}
08da90c6-b6e6-441b-add1-a463e086c5a9,218004075,Commune de Hédauville (80),false,{80425},Commune,2026-03-24 14:42:09.967209+01,gold_establishments_2025,,,,21800407500014,2025,Collectivité Territoriale,Commune,['Somme'],['Hauts-de-France'],COM,{80},{32}
781d06bf-d605-46c6-8e72-753a1cbc0d35,219503042,Commune de Hédouville (95),false,{95304},Commune,2026-03-24 14:42:11.659493+01,gold_establishments_2025,,,,21950304200018,2025,Collectivité Territoriale,Commune,"[""Val-d'Oise""]",['Île-de-France'],COM,{95},{11}
a4ec87c5-ba17-4c20-afa2-27feb280035f,213501307,Commune de Hédé-Bazouges (35),false,{35130},Commune,2026-03-24 14:41:58.620411+01,gold_establishments_2025,,,,21350130700010,2025,Collectivité Territoriale,Commune,['Ille-et-Vilaine'],['Bretagne'],COM,{35},{53}
a4632416-6955-4392-b631-29ce4c086d3b,216801266,Commune de Hégenheim (68),false,{68126},Commune,2026-03-24 14:42:07.195692+01,gold_establishments_2025,,,,21680126600018,2025,Collectivité Territoriale,Commune,['Haut-Rhin'],['Grand Est'],COM,{68},{44}
5a64c6c0-98b9-48f8-8f8b-cae04586e7df,215902974,Commune de Hélesmes (59),false,{59297},Commune,2026-03-24 14:42:04.280096+01,gold_establishments_2025,,,,21590297400017,2025,Collectivité Territoriale,Commune,['Nord'],['Hauts-de-France'],COM,{59},{32}
dc97ed66-f012-468c-a7b4-c21cbde2c9df,216402594,Commune de Hélette (64),false,{64259},Commune,2026-03-24 14:42:06.130387+01,gold_establishments_2025,,,,21640259400016,2025,Collectivité Territoriale,Commune,['Pyrénées-Atlantiques'],['Nouvelle-Aquitaine'],COM,{64},{75}
8fbd8cc6-ff7a-48ea-87e8-aed70eea418c,216102038,Commune de Héloup (61),false,{61203},Commune,2026-03-24 14:42:05.597325+01,gold_establishments_2025,,,,21610203800017,2025,Collectivité Territoriale,Commune,['Orne'],['Normandie'],COM,{61},{28}
fe31c812-d2f9-4e47-8436-1eb6aa1a1e3a,215002411,Commune de Hémevez (50),false,{50241},Commune,2026-03-24 14:42:01.412377+01,gold_establishments_2025,,,,21500241100019,2025,Collectivité Territoriale,Commune,['Manche'],['Normandie'],COM,{50},{28}
3aa4246e-53aa-47d3-9535-3e0c47306ce2,215703133,Commune de Hémilly (57),false,{57313},Commune,2026-03-24 14:42:03.701372+01,gold_establishments_2025,,,,21570313300011,2025,Collectivité Territoriale,Commune,['Moselle'],['Grand Est'],COM,{57},{44}
d7dd12dc-0e24-4d8a-af62-9ba507cf2e31,215703141,Commune de Héming (57),false,{57314},Commune,2026-03-24 14:42:03.701372+01,gold_establishments_2025,,,,21570314100014,2025,Collectivité Territoriale,Commune,['Moselle'],['Grand Est'],COM,{57},{44}
473d9288-c4f2-4e57-ac7c-38069bcde7c1,212200752,Commune de Hémonstoir (22),false,{22075},Commune,2026-03-24 14:41:55.433389+01,gold_establishments_2025,,,,21220075200013,2025,Collectivité Territoriale,Commune,"[""Côtes-d'Armor""]",['Bretagne'],COM,{22},{53}
5b7de161-c67b-4bd6-b6b4-84f97bfbe97d,216003053,Commune de Hémévillers (60),false,{60308},Commune,2026-03-24 14:42:04.814328+01,gold_establishments_2025,,,,21600305300016,2025,Collectivité Territoriale,Commune,['Oise'],['Hauts-de-France'],COM,{60},{32}
394fcd19-1afd-4ead-8e77-1494de3bf56b,215402587,Commune de Hénaménil (54),false,{54258},Commune,2026-03-24 14:42:02.957225+01,gold_establishments_2025,,,,21540258700012,2025,Collectivité Territoriale,Commune,['Meurthe-et-Moselle'],['Grand Est'],COM,{54},{44}
60dbcde2-62cc-4545-97c2-5b4aef8017b9,212200760,Commune de Hénanbihen (22),false,{22076},Commune,2026-03-24 14:41:55.433389+01,gold_establishments_2025,,,,21220076000016,2025,Collectivité Territoriale,Commune,"[""Côtes-d'Armor""]",['Bretagne'],COM,{22},{53}
d80194e9-d0ad-4c54-8d6e-51ae2b21a432,212200778,Commune de Hénansal (22),false,{22077},Commune,2026-03-24 14:41:55.433389+01,gold_establishments_2025,,,,21220077800018,2025,Collectivité Territoriale,Commune,"[""Côtes-d'Armor""]",['Bretagne'],COM,{22},{53}
8a8c9b71-fd9e-4c51-a8bb-921136ca1ff2,218004117,Commune de Hénencourt (80),false,{80429},Commune,2026-03-24 14:42:09.967209+01,gold_establishments_2025,,,,21800411700014,2025,Collectivité Territoriale,Commune,['Somme'],['Hauts-de-France'],COM,{80},{32}
0dab4610-af0b-4d16-8c22-d64cbf350e1d,216204271,Commune de Hénin-Beaumont (62),false,{62427},Commune,2026-03-24 14:42:05.597325+01,gold_establishments_2025,,,,21620427100011,2025,Collectivité Territoriale,Commune,['Pas-de-Calais'],['Hauts-de-France'],COM,{62},{32}
ee400ab1-6665-40e0-bb91-861215d06090,216204289,Commune de Hénin-sur-Cojeul (62),false,{62428},Commune,2026-03-24 14:42:05.597325+01,gold_establishments_2025,,,,21620428900039,2025,Collectivité Territoriale,Commune,['Pas-de-Calais'],['Hauts-de-France'],COM,{62},{32}
b51617a0-0abf-438e-abc9-f9bafdf8511b,216204263,Commune de Héninel (62),false,{62426},Commune,2026-03-24 14:42:05.597325+01,gold_establishments_2025,,,,21620426300018,2025,Collectivité Territoriale,Commune,['Pas-de-Calais'],['Hauts-de-France'],COM,{62},{32}
88ff3495-8b82-41ea-aa8a-3b76623775c6,212200794,Commune de Hénon (22),false,{22079},Commune,2026-03-24 14:41:55.433389+01,gold_establishments_2025,,,,21220079400015,2025,Collectivité Territoriale,Commune,"[""Côtes-d'Armor""]",['Bretagne'],COM,{22},{53}
b1d90e00-df22-4cab-9648-f15e49229816,216003061,Commune de Hénonville (60),false,{60309},Commune,2026-03-24 14:42:04.814328+01,gold_establishments_2025,,,,21600306100019,2025,Collectivité Territoriale,Commune,['Oise'],['Hauts-de-France'],COM,{60},{32}
84553733-27af-489a-984d-b530f3f5e957,217603547,Commune de Hénouville (76),false,{76354},Commune,2026-03-24 14:42:08.818969+01,gold_establishments_2025,,,,21760354700019,2025,Collectivité Territoriale,Commune,['Seine-Maritime'],['Normandie'],COM,{76},{28}
5344130b-a906-4ac4-a8f5-d8d7b67ec852,216204305,Commune de Hénu (62),false,{62430},Commune,2026-03-24 14:42:05.597325+01,gold_establishments_2025,,,,21620430500017,2025,Collectivité Territoriale,Commune,['Pas-de-Calais'],['Hauts-de-France'],COM,{62},{32}
db88c3ca-5902-40d3-a348-71ef2a7c9fd3,215703174,Commune de Hérange (57),false,{57317},Commune,2026-03-24 14:42:03.701372+01,gold_establishments_2025,,,,21570317400015,2025,Collectivité Territoriale,Commune,['Moselle'],['Grand Est'],COM,{57},{44}
e3483859-423c-43ae-b7f4-87997af0daa7,214400731,Commune de Héric (44),false,{44073},Commune,2026-03-24 14:42:00.273698+01,gold_establishments_2025,,,,21440073100110,2025,Collectivité Territoriale,Commune,['Loire-Atlantique'],['Pays de la Loire'],COM,{44},{52}
d8a00cd7-1ee1-40c1-b286-52a6e78cd73a,216204339,Commune de Héricourt (62),false,{62433},Commune,2026-03-24 14:42:05.597325+01,gold_establishments_2025,,,,21620433900016,2025,Collectivité Territoriale,Commune,['Pas-de-Calais'],['Hauts-de-France'],COM,{62},{32}
5d08037e-c327-43f6-9291-7282ee33c3cc,200083608,Commune de Héricourt (70),false,{70285},Commune,2026-03-24 14:42:07.735343+01,gold_establishments_2025,,,,20008360800014,2025,Collectivité Territoriale,Commune,['Haute-Saône'],['Bourgogne-Franche-Comté'],COM,{70},{27}
ed05471e-8b3a-4fa8-90e8-f48accd41224,217603554,Commune de Héricourt-en-Caux (76),false,{76355},Commune,2026-03-24 14:42:08.818969+01,gold_establishments_2025,,,,21760355400015,2025,Collectivité Territoriale,Commune,['Seine-Maritime'],['Normandie'],COM,{76},{28}
f6af7ee2-cca0-46b5-8b9f-9d9755290a57,216003095,Commune de Héricourt-sur-Thérain (60),false,{60312},Commune,2026-03-24 14:42:04.814328+01,gold_establishments_2025,,,,21600309500017,2025,Collectivité Territoriale,Commune,['Oise'],['Hauts-de-France'],COM,{60},{32}
b5b0cf21-0bff-4e98-ba65-cc70e0a230bb,217702265,Commune de Héricy (77),false,{77226},Commune,2026-03-24 14:42:09.43682+01,gold_establishments_2025,,,,21770226500018,2025,Collectivité Territoriale,Commune,['Seine-et-Marne'],['Île-de-France'],COM,{77},{11}
314dfebb-a2c8-425e-88ad-7b6e955b963d,212503049,Commune de Hérimoncourt (25),false,{25304},Commune,2026-03-24 14:41:56.495197+01,gold_establishments_2025,,,,21250304900018,2025,Collectivité Territoriale,Commune,['Doubs'],['Bourgogne-Franche-Comté'],COM,{25},{27}
db0551c2-a4c5-4ea1-80a5-c521108b7b61,215402603,Commune de Hériménil (54),false,{54260},Commune,2026-03-24 14:42:02.957225+01,gold_establishments_2025,,,,21540260300074,2025,Collectivité Territoriale,Commune,['Meurthe-et-Moselle'],['Grand Est'],COM,{54},{44}
a9db224c-a057-4160-9cf6-27c8d123eba6,215903022,Commune de Hérin (59),false,{59302},Commune,2026-03-24 14:42:04.280096+01,gold_establishments_2025,,,,21590302200014,2025,Collectivité Territoriale,Commune,['Nord'],['Hauts-de-France'],COM,{59},{32}
bf73e8ba-962a-4bfa-86a9-0a90029889e6,218004133,Commune de Hérissart (80),false,{80431},Commune,2026-03-24 14:42:09.967209+01,gold_establishments_2025,,,,21800413300060,2025,Collectivité Territoriale,Commune,['Somme'],['Hauts-de-France'],COM,{80},{32}
3216df13-a553-4ea1-ad3f-41f9e7047e15,210301271,Commune de Hérisson (03),false,{03127},Commune,2026-03-24 14:41:52.020251+01,gold_establishments_2025,,,,21030127100016,2025,Collectivité Territoriale,Commune,['Allier'],['Auvergne-Rhône-Alpes'],COM,{03},{84}
2e357fb6-bb2e-4fc6-abc1-85e319a09f64,217603596,Commune de Héronchelles (76),false,{76359},Commune,2026-03-24 14:42:08.818969+01,gold_establishments_2025,,,,21760359600016,2025,Collectivité Territoriale,Commune,['Seine-Maritime'],['Normandie'],COM,{76},{28}
e3b24044-3527-4f16-a533-46f1d64a0913,211403274,Commune de Hérouville-Saint-Clair (14),false,{14327},Commune,2026-03-24 14:41:54.362296+01,gold_establishments_2025,,,,21140327400015,2025,Collectivité Territoriale,Commune,['Calvados'],['Normandie'],COM,{14},{28}
9ae38f20-f441-40fe-8687-f0c1dd6e3830,219503083,Commune de Hérouville-en-Vexin (95),false,{95308},Commune,2026-03-24 14:42:11.659493+01,gold_establishments_2025,,,,21950308300012,2025,Collectivité Territoriale,Commune,"[""Val-d'Oise""]",['Île-de-France'],COM,{95},{11}
248e29cc-e194-4983-8ac1-a7c988bd6bc1,211403282,Commune de Hérouvillette (14),false,{14328},Commune,2026-03-24 14:41:54.362296+01,gold_establishments_2025,,,,21140328200018,2025,Collectivité Territoriale,Commune,['Calvados'],['Normandie'],COM,{14},{28}
bf920c75-a922-47b9-88d3-a9e9df232f83,215801333,Commune de Héry (58),false,{58133},Commune,2026-03-24 14:42:04.280096+01,gold_establishments_2025,,,,21580133300018,2025,Collectivité Territoriale,Commune,['Nièvre'],['Bourgogne-Franche-Comté'],COM,{58},{27}
3d21c6d0-66d4-42cf-a747-70e40bbedd34,218902013,Commune de Héry (89),false,{89201},Commune,2026-03-24 14:42:11.118516+01,gold_establishments_2025,,,,21890201300018,2025,Collectivité Territoriale,Commune,['Yonne'],['Bourgogne-Franche-Comté'],COM,{89},{27}
6a178b1b-4e9c-401c-a8bd-555cef76575b,217401421,Commune de Héry-sur-Alby (74),false,{74142},Commune,2026-03-24 14:42:08.279287+01,gold_establishments_2025,,,,21740142100011,2025,Collectivité Territoriale,Commune,['Haute-Savoie'],['Auvergne-Rhône-Alpes'],COM,{74},{84}
2be35171-9986-4611-bfc9-adc6343fb370,213401193,Commune de Hérépian (34),false,{34119},Commune,2026-03-24 14:41:58.620411+01,gold_establishments_2025,,,,21340119300015,2025,Collectivité Territoriale,Commune,['Hérault'],['Occitanie'],COM,{34},{76}
85f5cd03-4b92-48e5-8828-0737128efb8e,216801357,Commune de Hésingue (68),false,{68135},Commune,2026-03-24 14:42:07.195692+01,gold_establishments_2025,,,,21680135700015,2025,Collectivité Territoriale,Commune,['Haut-Rhin'],['Grand Est'],COM,{68},{44}
3cd9b709-f3c6-4915-95e5-9c25c3d97dcf,216003111,Commune de Hétomesnil (60),false,{60314},Commune,2026-03-24 14:42:04.814328+01,gold_establishments_2025,,,,21600311100012,2025,Collectivité Territoriale,Commune,['Oise'],['Hauts-de-France'],COM,{60},{32}
d667f161-4685-4c48-a7ce-2bec279aec92,215502469,Commune de Hévilliers (55),false,{55246},Commune,2026-03-24 14:42:02.957225+01,gold_establishments_2025,,,,21550246900012,2025,Collectivité Territoriale,Commune,['Meuse'],['Grand Est'],COM,{55},{44}
a95aa06f-ba6a-4772-9841-f0b680e6c331,216204537,Commune de Hézecques (62),false,{62453},Commune,2026-03-24 14:42:05.597325+01,gold_establishments_2025,,,,21620453700015,2025,Collectivité Territoriale,Commune,['Pas-de-Calais'],['Hauts-de-France'],COM,{62},{32}
b98b1757-7d4e-4e3a-8d19-e276d34fceaa,212900807,Commune de Hôpital-Camfrout (29),false,{29080},Commune,2026-03-24 14:41:57.028721+01,gold_establishments_2025,,,,21290080700018,2025,Collectivité Territoriale,Commune,['Finistère'],['Bretagne'],COM,{29},{53}
1887fd65-4dd6-4bc8-a5d6-2add67547fa9,215600859,Commune de Hœdic (56),false,{56085},Commune,2026-03-24 14:42:03.701372+01,gold_establishments_2025,,,,21560085900015,2025,Collectivité Territoriale,Commune,['Morbihan'],['Bretagne'],COM,{56},{53}
d3d1df39-5d85-43dc-8f56-4e5b3da80fb4,216702043,Commune de Hœnheim (67),false,{67204},Commune,2026-03-24 14:42:07.195692+01,gold_establishments_2025,,,,21670204300011,2025,Collectivité Territoriale,Commune,['Bas-Rhin'],['Grand Est'],COM,{67},{44}
e2b97e2a-6821-457c-ab61-f371f6dd7d44,216702050,Commune de Hœrdt (67),false,{67205},Commune,2026-03-24 14:42:07.195692+01,gold_establishments_2025,,,,21670205000016,2025,Collectivité Territoriale,Commune,['Bas-Rhin'],['Grand Est'],COM,{67},{44}
b1d10466-af00-4ca7-9183-8158aafc300f,216402677,Commune de Ibarrolle (64),false,{64267},Commune,2026-03-24 14:42:06.130387+01,gold_establishments_2025,,,,21640267700019,2025,Collectivité Territoriale,Commune,['Pyrénées-Atlantiques'],['Nouvelle-Aquitaine'],COM,{64},{75}
fef302a8-13fb-46cc-812b-c6d86a48141c,215703422,Commune de Ibigny (57),false,{57342},Commune,2026-03-24 14:42:03.701372+01,gold_establishments_2025,,,,21570342200018,2025,Collectivité Territoriale,Commune,['Moselle'],['Grand Est'],COM,{57},{44}
1427af2e-ce3c-487b-bbfc-b8e7fe19176d,216502260,Commune de Ibos (65),false,{65226},Commune,2026-03-24 14:42:06.665412+01,gold_establishments_2025,,,,21650226000013,2025,Collectivité Territoriale,Commune,['Hautes-Pyrénées'],['Occitanie'],COM,{65},{76}
78717bb9-4afb-4952-ac32-46fecc948fd1,216702175,Commune de Ichtratzheim (67),false,{67217},Commune,2026-03-24 14:42:07.195692+01,gold_establishments_2025,,,,21670217500011,2025,Collectivité Territoriale,Commune,['Bas-Rhin'],['Grand Est'],COM,{67},{44}
0745e9f3-afde-4cf1-83d5-1f140071d57e,217702307,Commune de Ichy (77),false,{77230},Commune,2026-03-24 14:42:09.43682+01,gold_establishments_2025,,,,21770230700018,2025,Collectivité Territoriale,Commune,['Seine-et-Marne'],['Île-de-France'],COM,{77},{11}
5ba81318-2e97-48bd-b43f-706069b12107,216402685,Commune de Idaux-Mendy (64),false,{64268},Commune,2026-03-24 14:42:06.130387+01,gold_establishments_2025,,,,21640268500012,2025,Collectivité Territoriale,Commune,['Pyrénées-Atlantiques'],['Nouvelle-Aquitaine'],COM,{64},{75}
c684e862-99f8-4da2-9bf1-3a229e39a013,213201569,Commune de Idrac-Respaillès (32),false,{32156},Commune,2026-03-24 14:41:58.09424+01,gold_establishments_2025,,,,21320156900018,2025,Collectivité Territoriale,Commune,['Gers'],['Occitanie'],COM,{32},{76}
f2b3d394-4aa3-49b0-872e-c0020bd75ec3,216402693,Commune de Idron (64),false,{64269},Commune,2026-03-24 14:42:06.130387+01,gold_establishments_2025,,,,21640269300016,2025,Collectivité Territoriale,Commune,['Pyrénées-Atlantiques'],['Nouvelle-Aquitaine'],COM,{64},{75}
6b2e46cb-9cad-4601-9620-707e746e5f1c,211801121,Commune de Ids-Saint-Roch (18),false,{18112},Commune,2026-03-24 14:41:54.903238+01,gold_establishments_2025,,,,21180112100016,2025,Collectivité Territoriale,Commune,['Cher'],['Centre-Val de Loire'],COM,{18},{24}
adfb3f83-bfb8-421c-b32e-f949d4361686,213501331,Commune de Iffendic (35),false,{35133},Commune,2026-03-24 14:41:58.620411+01,gold_establishments_2025,,,,21350133100010,2025,Collectivité Territoriale,Commune,['Ille-et-Vilaine'],['Bretagne'],COM,{35},{53}
0605be7a-3e6c-472a-ab90-931f22ed9409,211403415,Commune de Ifs (14),false,{14341},Commune,2026-03-24 14:41:54.362296+01,gold_establishments_2025,,,,21140341500014,2025,Collectivité Territoriale,Commune,['Calvados'],['Normandie'],COM,{14},{28}
389a77d4-1cdd-470d-95c0-d8a08aa29faa,218004299,Commune de Ignaucourt (80),false,{80449},Commune,2026-03-24 14:42:09.967209+01,gold_establishments_2025,,,,21800429900010,2025,Collectivité Territoriale,Commune,['Somme'],['Hauts-de-France'],COM,{80},{32}
f6b7588a-f515-414f-a96c-ec1ba897e9b9,210901401,Commune de Ignaux (09),false,{09140},Commune,2026-03-24 14:41:53.095366+01,gold_establishments_2025,,,,21090140100013,2025,Collectivité Territoriale,Commune,['Ariège'],['Occitanie'],COM,{09},{76}
b3d4789f-faa8-428a-8848-cfcc1653d757,215402710,Commune de Igney (54),false,{54271},Commune,2026-03-24 14:42:02.957225+01,gold_establishments_2025,,,,21540271000010,2025,Collectivité Territoriale,Commune,['Meurthe-et-Moselle'],['Grand Est'],COM,{54},{44}
84905702-e68e-4242-ab9c-e87ba9228727,218802478,Commune de Igney (88),false,{88247},Commune,2026-03-24 14:42:11.118516+01,gold_establishments_2025,,,,21880247800014,2025,Collectivité Territoriale,Commune,['Vosges'],['Grand Est'],COM,{88},{44}
ccf9cfa7-6739-422c-9f56-607de596f5a3,211801139,Commune de Ignol (18),false,{18113},Commune,2026-03-24 14:41:54.903238+01,gold_establishments_2025,,,,21180113900018,2025,Collectivité Territoriale,Commune,['Cher'],['Centre-Val de Loire'],COM,{18},{24}
2e67121c-811b-4d2e-a232-e6938d120b47,217002898,Commune de Igny (70),false,{70289},Commune,2026-03-24 14:42:07.735343+01,gold_establishments_2025,,,,21700289800013,2025,Collectivité Territoriale,Commune,['Haute-Saône'],['Bourgogne-Franche-Comté'],COM,{70},{27}
9105f376-96ee-4c82-911d-cb618301c824,219103124,Commune de Igny (91),false,{91312},Commune,2026-03-24 14:42:11.659493+01,gold_establishments_2025,,,,21910312400018,2025,Collectivité Territoriale,Commune,['Essonne'],['Île-de-France'],COM,{91},{11}
8545f0be-3758-46fb-a177-ceda7fc0a8c1,215102781,Commune de Igny-Comblizy (51),false,{51298},Commune,2026-03-24 14:42:01.954481+01,gold_establishments_2025,,,,21510278100014,2025,Collectivité Territoriale,Commune,['Marne'],['Grand Est'],COM,{51},{44}
594397db-b3e0-4ad3-b770-e12dc8d0457d,216402701,Commune de Igon (64),false,{64270},Commune,2026-03-24 14:42:06.130387+01,gold_establishments_2025,,,,21640270100017,2025,Collectivité Territoriale,Commune,['Pyrénées-Atlantiques'],['Nouvelle-Aquitaine'],COM,{64},{75}
1f984719-6ece-483e-94ad-9c2bf7639d30,217102375,Commune de Igornay (71),false,{71237},Commune,2026-03-24 14:42:07.735343+01,gold_establishments_2025,,,,21710237500011,2025,Collectivité Territoriale,Commune,['Saône-et-Loire'],['Bourgogne-Franche-Comté'],COM,{71},{27}
97bd2a24-67da-4740-90c9-b95fad71a2c0,212703482,Commune de Igoville (27),false,{27348},Commune,2026-03-24 14:41:57.028721+01,gold_establishments_2025,,,,21270348200019,2025,Collectivité Territoriale,Commune,['Eure'],['Normandie'],COM,{27},{28}
d68de605-e5a2-4868-a0be-b5a5f3152324,217102383,Commune de Iguerande (71),false,{71238},Commune,2026-03-24 14:42:07.735343+01,gold_establishments_2025,,,,21710238300015,2025,Collectivité Territoriale,Commune,['Saône-et-Loire'],['Bourgogne-Franche-Comté'],COM,{71},{27}
dfe38690-8931-4bb8-9550-3019116ac713,216102079,Commune de Igé (61),false,{61207},Commune,2026-03-24 14:42:05.597325+01,gold_establishments_2025,,,,21610207900011,2025,Collectivité Territoriale,Commune,['Orne'],['Normandie'],COM,{61},{28}
96f1866a-9386-4b86-a334-db8c5e15cacc,217102367,Commune de Igé (71),false,{71236},Commune,2026-03-24 14:42:07.735343+01,gold_establishments_2025,,,,21710236700018,2025,Collectivité Territoriale,Commune,['Saône-et-Loire'],['Bourgogne-Franche-Comté'],COM,{71},{27}
d913df39-0dc9-4aa2-a01f-e23afce2bc76,216402719,Commune de Iholdy (64),false,{64271},Commune,2026-03-24 14:42:06.130387+01,gold_establishments_2025,,,,21640271900019,2025,Collectivité Territoriale,Commune,['Pyrénées-Atlantiques'],['Nouvelle-Aquitaine'],COM,{64},{75}
86c164ca-fc46-49b2-ad70-b80cf876be8b,216402727,Commune de Ilharre (64),false,{64272},Commune,2026-03-24 14:42:06.130387+01,gold_establishments_2025,,,,21640272700012,2025,Collectivité Territoriale,Commune,['Pyrénées-Atlantiques'],['Nouvelle-Aquitaine'],COM,{64},{75}
54dc9cc7-17ab-4409-8885-604f0b94c6ff,210901427,Commune de Ilhat (09),false,{09142},Commune,2026-03-24 14:41:53.095366+01,gold_establishments_2025,,,,21090142700018,2025,Collectivité Territoriale,Commune,['Ariège'],['Occitanie'],COM,{09},{76}
e99f6362-33ba-44d1-986f-a65a7936a694,216502286,Commune de Ilhet (65),false,{65228},Commune,2026-03-24 14:42:06.665412+01,gold_establishments_2025,,,,21650228600018,2025,Collectivité Territoriale,Commune,['Hautes-Pyrénées'],['Occitanie'],COM,{65},{76}
40ba8dc1-c666-4315-80b7-1c01ca5733b6,216502294,Commune de Ilheu (65),false,{65229},Commune,2026-03-24 14:42:06.665412+01,gold_establishments_2025,,,,21650229400012,2025,Collectivité Territoriale,Commune,['Hautes-Pyrénées'],['Occitanie'],COM,{65},{76}
6c92d138-6e94-4cb7-b2b1-6a46c55b71c3,215703430,Commune de Illange (57),false,{57343},Commune,2026-03-24 14:42:03.701372+01,gold_establishments_2025,,,,21570343000011,2025,Collectivité Territoriale,Commune,['Moselle'],['Grand Est'],COM,{57},{44}
9ff7bacd-3e8c-4e67-a0dd-20a81d80dbd7,210901419,Commune de Illartein (09),false,{09141},Commune,2026-03-24 14:41:53.095366+01,gold_establishments_2025,,,,21090141900015,2025,Collectivité Territoriale,Commune,['Ariège'],['Occitanie'],COM,{09},{76}
1caea45d-bdc5-4f00-9a58-49306c2658bc,213302052,Commune de Illats (33),false,{33205},Commune,2026-03-24 14:41:58.620411+01,gold_establishments_2025,,,,21330205200013,2025,Collectivité Territoriale,Commune,['Gironde'],['Nouvelle-Aquitaine'],COM,{33},{75}
705a976d-20b1-4e56-9c0b-3ae97aa4bc53,216600882,Commune de Ille-sur-Têt (66),false,{66088},Commune,2026-03-24 14:42:06.665412+01,gold_establishments_2025,,,,21660088200197,2025,Collectivité Territoriale,Commune,['Pyrénées-Orientales'],['Occitanie'],COM,{66},{76}
5e5c55f3-580f-4632-99a7-0e31abefea47,212703490,Commune de Illeville-sur-Montfort (27),false,{27349},Commune,2026-03-24 14:41:57.028721+01,gold_establishments_2025,,,,21270349000012,2025,Collectivité Territoriale,Commune,['Eure'],['Normandie'],COM,{27},{28}
838f6cdf-a5cb-4d17-86fe-3b882b36b5ee,216801522,Commune de Illfurth (68),false,{68152},Commune,2026-03-24 14:42:07.195692+01,gold_establishments_2025,,,,21680152200014,2025,Collectivité Territoriale,Commune,['Haut-Rhin'],['Grand Est'],COM,{68},{44}
0afe62ac-44aa-4bfe-9ea1-bc9bf22d9ddf,216801530,Commune de Illhaeusern (68),false,{68153},Commune,2026-03-24 14:42:07.195692+01,gold_establishments_2025,,,,21680153000017,2025,Collectivité Territoriale,Commune,['Haut-Rhin'],['Grand Est'],COM,{68},{44}
b0940932-2270-41c4-a36b-8992f8fb8b61,210101887,Commune de Illiat (01),false,{01188},Commune,2026-03-24 14:41:51.447482+01,gold_establishments_2025,,,,21010188700011,2025,Collectivité Territoriale,Commune,['Ain'],['Auvergne-Rhône-Alpes'],COM,{01},{84}
e6a3a690-6f9d-4755-9e98-85e51c86febd,210901435,Commune de Illier-et-Laramade (09),false,{09143},Commune,2026-03-24 14:41:53.095366+01,gold_establishments_2025,,,,21090143500011,2025,Collectivité Territoriale,Commune,['Ariège'],['Occitanie'],COM,{09},{76}
51ccd3b7-39cd-4cae-a41e-3df324534f08,212801963,Commune de Illiers-Combray (28),false,{28196},Commune,2026-03-24 14:41:57.028721+01,gold_establishments_2025,,,,21280196300084,2025,Collectivité Territoriale,Commune,['Eure-et-Loir'],['Centre-Val de Loire'],COM,{28},{24}
df9c7ade-9d69-4952-b3da-c19a462b1402,212703508,Commune de Illiers-l'Évêque (27),false,{27350},Commune,2026-03-24 14:41:57.028721+01,gold_establishments_2025,,,,21270350800011,2025,Collectivité Territoriale,Commune,['Eure'],['Normandie'],COM,{27},{28}
405516d6-4b9f-4558-afac-66a860d34e3a,215903204,Commune de Illies (59),false,{59320},Commune,2026-03-24 14:42:04.280096+01,gold_establishments_2025,,,,21590320400018,2025,Collectivité Territoriale,Commune,['Nord'],['Hauts-de-France'],COM,{59},{32}
4d7eaa63-7f14-4bbd-9f49-b5c6cf1454a9,212200836,Commune de Illifaut (22),false,{22083},Commune,2026-03-24 14:41:55.433389+01,gold_establishments_2025,,,,21220083600014,2025,Collectivité Territoriale,Commune,"[""Côtes-d'Armor""]",['Bretagne'],COM,{22},{53}
9b6191d6-2e95-4b15-aca7-ff02472dff3a,216702183,Commune de Illkirch-Graffenstaden (67),false,{67218},Commune,2026-03-24 14:42:07.195692+01,gold_establishments_2025,,,,21670218300015,2025,Collectivité Territoriale,Commune,['Bas-Rhin'],['Grand Est'],COM,{67},{44}
91b869e5-a133-4019-97a5-bf5fe49708d3,217603729,Commune de Illois (76),false,{76372},Commune,2026-03-24 14:42:08.818969+01,gold_establishments_2025,,,,21760372900013,2025,Collectivité Territoriale,Commune,['Seine-Maritime'],['Normandie'],COM,{76},{28}
23abb29c-519c-4fdb-9347-6643dcdc8721,215201773,Commune de Illoud (52),false,{52247},Commune,2026-03-24 14:42:01.954481+01,gold_establishments_2025,,,,21520177300011,2025,Collectivité Territoriale,Commune,['Haute-Marne'],['Grand Est'],COM,{52},{44}
17ada421-a268-40e4-8614-ceff48cdbf35,200058717,Commune de Illtal (68),false,{68240},Commune,2026-03-24 14:42:07.195692+01,gold_establishments_2025,,,,20005871700014,2025,Collectivité Territoriale,Commune,['Haut-Rhin'],['Grand Est'],COM,{68},{44}
a465f819-20c7-466b-a3b8-c8063411cfe2,210802112,Commune de Illy (08),false,{08232},Commune,2026-03-24 14:41:52.562531+01,gold_establishments_2025,,,,21080211200016,2025,Collectivité Territoriale,Commune,['Ardennes'],['Grand Est'],COM,{08},{44}
8e9c919e-2276-47bc-b239-a85564664650,216801548,Commune de Illzach (68),false,{68154},Commune,2026-03-24 14:42:07.195692+01,gold_establishments_2025,,,,21680154800019,2025,Collectivité Territoriale,Commune,['Haut-Rhin'],['Grand Est'],COM,{68},{44}
2e2e147e-b4ff-4ce2-8361-ebad1fc0e1ca,210600722,Commune de Ilonse (06),false,{06072},Commune,2026-03-24 14:41:52.562531+01,gold_establishments_2025,,,,21060072200016,2025,Collectivité Territoriale,Commune,['Alpes-Maritimes'],"[""Provence-Alpes-Côte d'Azur""]",COM,{06},{93}
61d0d301-2d4e-42e3-addf-39d653f7cc63,217603737,Commune de Imbleville (76),false,{76373},Commune,2026-03-24 14:42:08.818969+01,gold_establishments_2025,,,,21760373700016,2025,Collectivité Territoriale,Commune,['Seine-Maritime'],['Normandie'],COM,{76},{28}
9780a936-e7d1-417d-9a17-19b9332a9121,215703448,Commune de Imling (57),false,{57344},Commune,2026-03-24 14:42:03.701372+01,gold_establishments_2025,,,,21570344800013,2025,Collectivité Territoriale,Commune,['Moselle'],['Grand Est'],COM,{57},{44}
78ffbb4a-f343-44cb-a7a5-fa983b44c092,215801341,Commune de Imphy (58),false,{58134},Commune,2026-03-24 14:42:04.280096+01,gold_establishments_2025,,,,21580134100011,2025,Collectivité Territoriale,Commune,['Nièvre'],['Bourgogne-Franche-Comté'],COM,{58},{27}
776a0b95-0a62-4eba-aa80-4e765ee1c46e,210804613,Commune de Imécourt (08),false,{08233},Commune,2026-03-24 14:41:52.562531+01,gold_establishments_2025,,,,21080461300011,2025,Collectivité Territoriale,Commune,['Ardennes'],['Grand Est'],COM,{08},{44}
923c99b8-165b-40cd-ba04-e932a13d2f62,210802120,Commune de Inaumont (08),false,{08234},Commune,2026-03-24 14:41:52.562531+01,gold_establishments_2025,,,,21080212000019,2025,Collectivité Territoriale,Commune,['Ardennes'],['Grand Est'],COM,{08},{44}
68c71266-c348-4593-96c0-37f1d114a418,212703516,Commune de Incarville (27),false,{27351},Commune,2026-03-24 14:41:57.028721+01,gold_establishments_2025,,,,21270351600014,2025,Collectivité Territoriale,Commune,['Eure'],['Normandie'],COM,{27},{28}
e2af1703-933a-47d4-ab89-cdc88a3b81b7,217603745,Commune de Incheville (76),false,{76374},Commune,2026-03-24 14:42:08.818969+01,gold_establishments_2025,,,,21760374500019,2025,Collectivité Territoriale,Commune,['Seine-Maritime'],['Normandie'],COM,{76},{28}
4dd9e4a3-d463-4d12-8dd8-93944bdcd057,215903212,Commune de Inchy (59),false,{59321},Commune,2026-03-24 14:42:04.280096+01,gold_establishments_2025,,,,21590321200011,2025,Collectivité Territoriale,Commune,['Nord'],['Hauts-de-France'],COM,{59},{32}
36cd840c-5344-40c7-bdbe-5d4a9765c75b,216204693,Commune de Inchy-en-Artois (62),false,{62469},Commune,2026-03-24 14:42:05.597325+01,gold_establishments_2025,,,,21620469300016,2025,Collectivité Territoriale,Commune,['Pas-de-Calais'],['Hauts-de-France'],COM,{62},{32}
ff27f312-cd0f-4c7f-a88c-639c967a76c0,216204701,Commune de Incourt (62),false,{62470},Commune,2026-03-24 14:42:05.597325+01,gold_establishments_2025,,,,21620470100017,2025,Collectivité Territoriale,Commune,['Pas-de-Calais'],['Hauts-de-France'],COM,{62},{32}
e60d4279-8686-4389-af2c-eae6bf64edb2,212503148,Commune de Indevillers (25),false,{25314},Commune,2026-03-24 14:41:56.495197+01,gold_establishments_2025,,,,21250314800067,2025,Collectivité Territoriale,Commune,['Doubs'],['Bourgogne-Franche-Comté'],COM,{25},{27}
0b8e286b-9961-4ada-a7bd-d16c6335d2ac,214400749,Commune de Indre (44),false,{44074},Commune,2026-03-24 14:42:00.273698+01,gold_establishments_2025,,,,21440074900013,2025,Collectivité Territoriale,Commune,['Loire-Atlantique'],['Pays de la Loire'],COM,{44},{52}
d662adba-e1bd-4d3f-be13-8fc4ba6ae22f,211801147,Commune de Ineuil (18),false,{18114},Commune,2026-03-24 14:41:54.903238+01,gold_establishments_2025,,,,21180114700011,2025,Collectivité Territoriale,Commune,['Cher'],['Centre-Val de Loire'],COM,{18},{24}
99d3e042-550f-4c1c-9ef0-4d0b6f9af0d3,216702209,Commune de Ingenheim (67),false,{67220},Commune,2026-03-24 14:42:07.195692+01,gold_establishments_2025,,,,21670220900018,2025,Collectivité Territoriale,Commune,['Bas-Rhin'],['Grand Est'],COM,{67},{44}
83e39c41-047e-46f6-83ec-55358a596691,216801555,Commune de Ingersheim (68),false,{68155},Commune,2026-03-24 14:42:07.195692+01,gold_establishments_2025,,,,21680155500014,2025,Collectivité Territoriale,Commune,['Haut-Rhin'],['Grand Est'],COM,{68},{44}
6d3c131f-998b-479f-9be5-bd2052ae2e2e,215703455,Commune de Inglange (57),false,{57345},Commune,2026-03-24 14:42:03.701372+01,gold_establishments_2025,,,,21570345500018,2025,Collectivité Territoriale,Commune,['Moselle'],['Grand Est'],COM,{57},{44}
b9ef189e-8fbf-4b76-8a1f-52c948da67c2,216702217,Commune de Ingolsheim (67),false,{67221},Commune,2026-03-24 14:42:07.195692+01,gold_establishments_2025,,,,21670221700011,2025,Collectivité Territoriale,Commune,['Bas-Rhin'],['Grand Est'],COM,{67},{44}
c8c6194e-7cfa-4a6a-b124-4e9e9e52945a,217603752,Commune de Ingouville (76),false,{76375},Commune,2026-03-24 14:42:08.818969+01,gold_establishments_2025,,,,21760375200015,2025,Collectivité Territoriale,Commune,['Seine-Maritime'],['Normandie'],COM,{76},{28}
205d5210-5a9c-4800-b83d-84b2d771b2f1,213600877,Commune de Ingrandes (36),false,{36087},Commune,2026-03-24 14:41:59.160244+01,gold_establishments_2025,,,,21360087700012,2025,Collectivité Territoriale,Commune,['Indre'],['Centre-Val de Loire'],COM,{36},{24}
8eb9a870-adc8-4d62-8d45-afdc084757c7,218601110,Commune de Ingrandes (86),false,{86111},Commune,2026-03-24 14:42:10.508772+01,gold_establishments_2025,,,,21860111000016,2025,Collectivité Territoriale,Commune,['Vienne'],['Nouvelle-Aquitaine'],COM,{86},{75}
ac299415-73d4-4e96-9c95-f8f426220b59,200102614,Commune de Ingrandes-le-Fresne-sur-Loire (49),false,{49160},Commune,2026-03-24 14:42:01.412377+01,gold_establishments_2025,,,,20010261400019,2025,Collectivité Territoriale,Commune,['Maine-et-Loire'],['Pays de la Loire'],COM,{49},{52}
b39c46ea-3172-4d74-a643-c133a3edcccd,214501686,Commune de Ingrannes (45),false,{45168},Commune,2026-03-24 14:42:00.862623+01,gold_establishments_2025,,,,21450168600015,2025,Collectivité Territoriale,Commune,['Loiret'],['Centre-Val de Loire'],COM,{45},{24}
a1df37c9-b4ec-43d5-a3e4-4c5a5ff4f66c,214501694,Commune de Ingré (45),false,{45169},Commune,2026-03-24 14:42:00.862623+01,gold_establishments_2025,,,,21450169400019,2025,Collectivité Territoriale,Commune,['Loiret'],['Centre-Val de Loire'],COM,{45},{24}
3f551e06-12c8-4535-a341-d0785ab15b50,215600891,Commune de Inguiniel (56),false,{56089},Commune,2026-03-24 14:42:03.701372+01,gold_establishments_2025,,,,21560089100018,2025,Collectivité Territoriale,Commune,['Morbihan'],['Bretagne'],COM,{56},{53}
f5725de4-7861-4e00-8251-0d270b206361,216702225,Commune de Ingwiller (67),false,{67222},Commune,2026-03-24 14:42:07.195692+01,gold_establishments_2025,,,,21670222500014,2025,Collectivité Territoriale,Commune,['Bas-Rhin'],['Grand Est'],COM,{67},{44}
7a8af4df-0305-45ce-af35-02c0649b7cf8,210101895,Commune de Injoux-Génissiat (01),false,{01189},Commune,2026-03-24 14:41:51.447482+01,gold_establishments_2025,,,,21010189500014,2025,Collectivité Territoriale,Commune,['Ain'],['Auvergne-Rhône-Alpes'],COM,{01},{84}
65a319a6-ba0f-494e-929e-2f083ac38a01,216702233,Commune de Innenheim (67),false,{67223},Commune,2026-03-24 14:42:07.195692+01,gold_establishments_2025,,,,21670223300018,2025,Collectivité Territoriale,Commune,['Bas-Rhin'],['Grand Est'],COM,{67},{44}
3ca5d392-aa75-4287-82d6-5f81aa176192,210101903,Commune de Innimond (01),false,{01190},Commune,2026-03-24 14:41:51.447482+01,gold_establishments_2025,,,,21010190300016,2025,Collectivité Territoriale,Commune,['Ain'],['Auvergne-Rhône-Alpes'],COM,{01},{84}
ad009a5a-ce01-4104-b73c-12373ec758d6,215502501,Commune de Inor (55),false,{55250},Commune,2026-03-24 14:42:02.957225+01,gold_establishments_2025,,,,21550250100012,2025,Collectivité Territoriale,Commune,['Meuse'],['Grand Est'],COM,{55},{44}
556a9908-a2cc-4524-899a-eb8fd4d40afb,215703463,Commune de Insming (57),false,{57346},Commune,2026-03-24 14:42:03.701372+01,gold_establishments_2025,,,,21570346300012,2025,Collectivité Territoriale,Commune,['Moselle'],['Grand Est'],COM,{57},{44}
11a48d29-dc86-4010-9d82-3edee0951064,215703471,Commune de Insviller (57),false,{57347},Commune,2026-03-24 14:42:03.701372+01,gold_establishments_2025,,,,21570347100015,2025,Collectivité Territoriale,Commune,['Moselle'],['Grand Est'],COM,{57},{44}
ce95c776-2e71-4e9c-99e0-f8f709160b16,212801971,Commune de Intréville (28),false,{28197},Commune,2026-03-24 14:41:57.028721+01,gold_establishments_2025,,,,21280197100012,2025,Collectivité Territoriale,Commune,['Eure-et-Loir'],['Centre-Val de Loire'],COM,{28},{24}
c2ba2174-daf0-4644-b127-d70890118977,214501702,Commune de Intville-la-Guétard (45),false,{45170},Commune,2026-03-24 14:42:00.862623+01,gold_establishments_2025,,,,21450170200010,2025,Collectivité Territoriale,Commune,['Loiret'],['Centre-Val de Loire'],COM,{45},{24}
9d12a846-0975-4457-aee9-6c9354957bae,218004307,Commune de Inval-Boiron (80),false,{80450},Commune,2026-03-24 14:42:09.967209+01,gold_establishments_2025,,,,21800430700011,2025,Collectivité Territoriale,Commune,['Somme'],['Hauts-de-France'],COM,{80},{32}
8b200c77-7c89-4a0e-863c-266aad6569c3,216204727,Commune de Inxent (62),false,{62472},Commune,2026-03-24 14:42:05.597325+01,gold_establishments_2025,,,,21620472700012,2025,Collectivité Territoriale,Commune,['Pas-de-Calais'],['Hauts-de-France'],COM,{62},{32}
500a2100-97d8-4e51-9f71-faa5f93ac745,215600909,Commune de Inzinzac-Lochrist (56),false,{56090},Commune,2026-03-24 14:42:03.701372+01,gold_establishments_2025,,,,21560090900018,2025,Collectivité Territoriale,Commune,['Morbihan'],['Bretagne'],COM,{56},{53}
b9019378-8235-49b7-99ee-393d10be31cd,215703489,Commune de Ippling (57),false,{57348},Commune,2026-03-24 14:42:03.701372+01,gold_establishments_2025,,,,21570348900017,2025,Collectivité Territoriale,Commune,['Moselle'],['Grand Est'],COM,{57},{44}
4d89c5e6-6221-4fc9-8ae3-d216f1410f6c,215502519,Commune de Ippécourt (55),false,{55251},Commune,2026-03-24 14:42:02.957225+01,gold_establishments_2025,,,,21550251900014,2025,Collectivité Territoriale,Commune,['Meuse'],['Grand Est'],COM,{55},{44}
7bad4dea-4c67-4c2c-863d-fd04ed3f4cd2,219733037,Commune de Iracoubo (973),false,{97303},Commune,2026-03-24 14:42:11.659493+01,gold_establishments_2025,,,,21973303700010,2025,Collectivité Territoriale,Commune,['Guyane'],['Guyane'],COM,{973},{03}
64093a49-5ec9-4ff1-aab2-c7d644c0a04c,216102087,Commune de Irai (61),false,{61208},Commune,2026-03-24 14:42:05.597325+01,gold_establishments_2025,,,,21610208700014,2025,Collectivité Territoriale,Commune,['Orne'],['Normandie'],COM,{61},{28}
537f4d72-eb8f-4cb2-93f0-e3cf2d28bfd4,217901412,Commune de Irais (79),false,{79141},Commune,2026-03-24 14:42:09.43682+01,gold_establishments_2025,,,,21790141200015,2025,Collectivité Territoriale,Commune,['Deux-Sèvres'],['Nouvelle-Aquitaine'],COM,{79},{75}
fcd00e31-24de-4fca-bfb4-f7f1aac02de0,218902021,Commune de Irancy (89),false,{89202},Commune,2026-03-24 14:42:11.118516+01,gold_establishments_2025,,,,21890202100011,2025,Collectivité Territoriale,Commune,['Yonne'],['Bourgogne-Franche-Comté'],COM,{89},{27}
6927554e-df91-4bbd-adae-c975ff2722bc,216901009,Commune de Irigny (69),false,{69100},Commune,2026-03-24 14:42:07.195692+01,gold_establishments_2025,,,,21690100900011,2025,Collectivité Territoriale,Commune,['Rhône'],['Auvergne-Rhône-Alpes'],COM,{69},{84}
aaec8adf-fcfa-4723-88a1-7c0273e7a6a8,216402735,Commune de Irissarry (64),false,{64273},Commune,2026-03-24 14:42:06.130387+01,gold_establishments_2025,,,,21640273500015,2025,Collectivité Territoriale,Commune,['Pyrénées-Atlantiques'],['Nouvelle-Aquitaine'],COM,{64},{75}
0430b02d-82b6-47b8-aa37-7e66f61e84fd,218004315,Commune de Irles (80),false,{80451},Commune,2026-03-24 14:42:09.967209+01,gold_establishments_2025,,,,21800431500014,2025,Collectivité Territoriale,Commune,['Somme'],['Hauts-de-France'],COM,{80},{32}
b703c510-7cbe-4700-b20c-7355cbe6268e,213501356,Commune de Irodouër (35),false,{35135},Commune,2026-03-24 14:41:58.620411+01,gold_establishments_2025,,,,21350135600017,2025,Collectivité Territoriale,Commune,['Ille-et-Vilaine'],['Bretagne'],COM,{35},{53}
b5f95687-85c4-44f1-ba97-ba2195dc3da7,210203667,Commune de Iron (02),false,{02386},Commune,2026-03-24 14:41:52.020251+01,gold_establishments_2025,,,,21020366700014,2025,Collectivité Territoriale,Commune,['Aisne'],['Hauts-de-France'],COM,{02},{32}
9a7da8fc-14c6-4f5c-8837-054ecb9bbec6,216402743,Commune de Irouléguy (64),false,{64274},Commune,2026-03-24 14:42:06.130387+01,gold_establishments_2025,,,,21640274300019,2025,Collectivité Territoriale,Commune,['Pyrénées-Atlantiques'],['Nouvelle-Aquitaine'],COM,{64},{75}
f7e87730-3b38-42a3-86ec-8567623fa2e2,212703532,Commune de Irreville (27),false,{27353},Commune,2026-03-24 14:41:57.028721+01,gold_establishments_2025,,,,21270353200011,2025,Collectivité Territoriale,Commune,['Eure'],['Normandie'],COM,{27},{28}
d3be2078-a61c-4c04-a695-8ab3f89ea52a,212900864,Commune de Irvillac (29),false,{29086},Commune,2026-03-24 14:41:57.028721+01,gold_establishments_2025,,,,21290086400019,2025,Collectivité Territoriale,Commune,['Finistère'],['Bretagne'],COM,{29},{53}
746a621a-dc49-4ecd-8d2c-7f10e9cd6224,215502527,Commune de Iré-le-Sec (55),false,{55252},Commune,2026-03-24 14:42:02.957225+01,gold_establishments_2025,,,,21550252700017,2025,Collectivité Territoriale,Commune,['Meuse'],['Grand Est'],COM,{55},{44}
73d3b343-2c99-4311-8972-0cf15825670e,215201781,Commune de Is-en-Bassigny (52),false,{52248},Commune,2026-03-24 14:42:01.954481+01,gold_establishments_2025,,,,21520178100014,2025,Collectivité Territoriale,Commune,['Haute-Marne'],['Grand Est'],COM,{52},{44}
d4cccccb-a219-487f-8cdd-d59b90f4f68a,212103170,Commune de Is-sur-Tille (21),false,{21317},Commune,2026-03-24 14:41:55.433389+01,gold_establishments_2025,,,,21210317000016,2025,Collectivité Territoriale,Commune,"[""Côte-d'Or""]",['Bourgogne-Franche-Comté'],COM,{21},{27}
15f53b17-dbc1-4eac-a879-4cda0fc00f2b,216204735,Commune de Isbergues (62),false,{62473},Commune,2026-03-24 14:42:05.597325+01,gold_establishments_2025,,,,21620473500163,2025,Collectivité Territoriale,Commune,['Pas-de-Calais'],['Hauts-de-France'],COM,{62},{32}
9b07ed15-7025-4fa8-bdea-e433d281f45f,218802486,Commune de Isches (88),false,{88248},Commune,2026-03-24 14:42:11.118516+01,gold_establishments_2025,,,,21880248600017,2025,Collectivité Territoriale,Commune,['Vosges'],['Grand Est'],COM,{88},{44}
3075e7dc-475f-4386-8a24-748506f706c4,214501710,Commune de Isdes (45),false,{45171},Commune,2026-03-24 14:42:00.862623+01,gold_establishments_2025,,,,21450171000013,2025,Collectivité Territoriale,Commune,['Loiret'],['Centre-Val de Loire'],COM,{45},{24}
662e9a9c-3af8-4681-b088-6803be0250f5,215801358,Commune de Isenay (58),false,{58135},Commune,2026-03-24 14:42:04.280096+01,gold_establishments_2025,,,,21580135800015,2025,Collectivité Territoriale,Commune,['Nièvre'],['Bourgogne-Franche-Comté'],COM,{58},{27}
f7c8ca73-4bfe-4c13-bfc2-9c11f639b19d,215002569,Commune de Isigny-le-Buat (50),false,{50256},Commune,2026-03-24 14:42:01.412377+01,gold_establishments_2025,,,,21500256900014,2025,Collectivité Territoriale,Commune,['Manche'],['Normandie'],COM,{50},{28}
06217566-37fb-41f2-86e2-5366a75defe9,200064905,Commune de Isigny-sur-Mer (14),false,{14342},Commune,2026-03-24 14:41:54.362296+01,gold_establishments_2025,,,,20006490500017,2025,Collectivité Territoriale,Commune,['Calvados'],['Normandie'],COM,{14},{28}
00262c06-bf16-4a5c-8119-69c05ee6195b,218902039,Commune de Island (89),false,{89203},Commune,2026-03-24 14:42:11.118516+01,gold_establishments_2025,,,,21890203900013,2025,Collectivité Territoriale,Commune,['Yonne'],['Bourgogne-Franche-Comté'],COM,{89},{27}
91e4f271-64e4-4e03-b46d-4d16dd516f95,218707503,Commune de Isle (87),false,{87075},Commune,2026-03-24 14:42:11.118516+01,gold_establishments_2025,,,,21870750300015,2025,Collectivité Territoriale,Commune,['Haute-Vienne'],['Nouvelle-Aquitaine'],COM,{87},{75}
8804bd58-cdc1-4f85-86b0-bf2ac401efc6,211001672,Commune de Isle-Aubigny (10),false,{10174},Commune,2026-03-24 14:41:53.095366+01,gold_establishments_2025,,,,21100167200016,2025,Collectivité Territoriale,Commune,['Aube'],['Grand Est'],COM,{10},{44}
84d1460f-3897-4360-8231-3afe90fdc239,211001664,Commune de Isle-Aumont (10),false,{10173},Commune,2026-03-24 14:41:53.095366+01,gold_establishments_2025,,,,21100166400013,2025,Collectivité Territoriale,Commune,['Aube'],['Grand Est'],COM,{10},{44}
2a888583-242a-40c5-b3be-dc5e27f7f0bf,213302060,Commune de Isle-Saint-Georges (33),false,{33206},Commune,2026-03-24 14:41:58.620411+01,gold_establishments_2025,,,,21330206000016,2025,Collectivité Territoriale,Commune,['Gironde'],['Nouvelle-Aquitaine'],COM,{33},{75}
0d52da65-1beb-41d2-94fc-271e60f486b7,210301305,Commune de Isle-et-Bardais (03),false,{03130},Commune,2026-03-24 14:41:52.020251+01,gold_establishments_2025,,,,21030130500012,2025,Collectivité Territoriale,Commune,['Allier'],['Auvergne-Rhône-Alpes'],COM,{03},{84}
dbe3cb64-048f-42c5-934d-d52c8f633fe0,215106196,Commune de Isle-sur-Marne (51),false,{51300},Commune,2026-03-24 14:42:01.954481+01,gold_establishments_2025,,,,21510619600011,2025,Collectivité Territoriale,Commune,['Marne'],['Grand Est'],COM,{51},{44}
727098ba-304b-465e-9307-e08dacbb934b,217702315,Commune de Isles-les-Meldeuses (77),false,{77231},Commune,2026-03-24 14:42:09.43682+01,gold_establishments_2025,,,,21770231500011,2025,Collectivité Territoriale,Commune,['Seine-et-Marne'],['Île-de-France'],COM,{77},{11}
8cd21c70-a7f2-4db1-bf1f-a2226f7a0b9e,217702323,Commune de Isles-lès-Villenoy (77),false,{77232},Commune,2026-03-24 14:42:09.43682+01,gold_establishments_2025,,,,21770232300015,2025,Collectivité Territoriale,Commune,['Seine-et-Marne'],['Île-de-France'],COM,{77},{11}
f120021c-b8b3-4e00-8128-97779a09741b,215102799,Commune de Isles-sur-Suippe (51),false,{51299},Commune,2026-03-24 14:42:01.954481+01,gold_establishments_2025,,,,21510279900016,2025,Collectivité Territoriale,Commune,['Marne'],['Grand Est'],COM,{51},{44}
6c64b90e-76f6-4bc0-9060-a2b634552698,217603778,Commune de Isneauville (76),false,{76377},Commune,2026-03-24 14:42:08.818969+01,gold_establishments_2025,,,,21760377800010,2025,Collectivité Territoriale,Commune,['Seine-Maritime'],['Normandie'],COM,{76},{28}
0e59da43-535f-4708-9dff-d56c2dfc7101,210600730,Commune de Isola (06),false,{06073},Commune,2026-03-24 14:41:52.562531+01,gold_establishments_2025,,,,21060073000019,2025,Collectivité Territoriale,Commune,['Alpes-Maritimes'],"[""Provence-Alpes-Côte d'Azur""]",COM,{06},{93}
639c131a-42ed-4835-b58b-a54176bce4eb,212001358,Commune de Isolaccio-di-Fiumorbo (2B),false,{2B135},Commune,2026-03-24 14:41:57.56054+01,gold_establishments_2025,,,,21200135800010,2025,Collectivité Territoriale,Commune,['Haute-Corse'],['Corse'],COM,{2B},{94}
2cdbdce3-db6d-4cfa-8cea-6a0bdd6ce85b,214800757,Commune de Ispagnac (48),false,{48075},Commune,2026-03-24 14:42:01.412377+01,gold_establishments_2025,,,,21480075700012,2025,Collectivité Territoriale,Commune,['Lozère'],['Occitanie'],COM,{48},{76}
6340260d-4876-4af7-ba5d-7a104d619f8f,216402750,Commune de Ispoure (64),false,{64275},Commune,2026-03-24 14:42:06.130387+01,gold_establishments_2025,,,,21640275000014,2025,Collectivité Territoriale,Commune,['Pyrénées-Atlantiques'],['Nouvelle-Aquitaine'],COM,{64},{75}
1b8d824a-4e81-4e30-a7bf-e000e11ca136,216204743,Commune de Isques (62),false,{62474},Commune,2026-03-24 14:42:05.597325+01,gold_establishments_2025,,,,21620474300019,2025,Collectivité Territoriale,Commune,['Pas-de-Calais'],['Hauts-de-France'],COM,{62},{32}
bcbe810a-b252-4670-b3ff-863fb8bdb4de,212402119,Commune de Issac (24),false,{24211},Commune,2026-03-24 14:41:55.958138+01,gold_establishments_2025,,,,21240211900011,2025,Collectivité Territoriale,Commune,['Dordogne'],['Nouvelle-Aquitaine'],COM,{24},{75}
dc4c441d-9560-48ac-ad74-923c2501523c,210701041,Commune de Issamoulenc (07),false,{07104},Commune,2026-03-24 14:41:52.562531+01,gold_establishments_2025,,,,21070104100019,2025,Collectivité Territoriale,Commune,['Ardèche'],['Auvergne-Rhône-Alpes'],COM,{07},{84}
e52edb85-af90-41a8-88a6-0b196264fff5,210802138,Commune de Issancourt-et-Rumel (08),false,{08235},Commune,2026-03-24 14:41:52.562531+01,gold_establishments_2025,,,,21080213800011,2025,Collectivité Territoriale,Commune,['Ardennes'],['Grand Est'],COM,{08},{44}
ae7fdcdd-51ad-46fe-84de-8ac69b5dc8ad,210701058,Commune de Issanlas (07),false,{07105},Commune,2026-03-24 14:41:52.562531+01,gold_establishments_2025,,,,21070105800013,2025,Collectivité Territoriale,Commune,['Ardèche'],['Auvergne-Rhône-Alpes'],COM,{07},{84}
617e7728-2687-4c5b-afaf-d18355f0cfea,212503163,Commune de Issans (25),false,{25316},Commune,2026-03-24 14:41:56.495197+01,gold_establishments_2025,,,,21250316300017,2025,Collectivité Territoriale,Commune,['Doubs'],['Bourgogne-Franche-Comté'],COM,{25},{27}
2bfcaba8-f4fa-4d2f-bc98-4ec8836ef67b,210701066,Commune de Issarlès (07),false,{07106},Commune,2026-03-24 14:41:52.562531+01,gold_establishments_2025,,,,21070106600016,2025,Collectivité Territoriale,Commune,['Ardèche'],['Auvergne-Rhône-Alpes'],COM,{07},{84}
87ff40f7-bdb8-4a81-8812-af7cada07932,215102807,Commune de Isse (51),false,{51301},Commune,2026-03-24 14:42:01.954481+01,gold_establishments_2025,,,,21510280700017,2025,Collectivité Territoriale,Commune,['Marne'],['Grand Est'],COM,{51},{44}
af66dbd3-9445-4ba1-84f7-f1074a5e03ed,211101753,Commune de Issel (11),false,{11175},Commune,2026-03-24 14:41:53.63825+01,gold_establishments_2025,,,,21110175300013,2025,Collectivité Territoriale,Commune,['Aude'],['Occitanie'],COM,{11},{76}
4adf351b-1e1c-4155-8ff9-15e005da2068,214601320,Commune de Issendolus (46),false,{46132},Commune,2026-03-24 14:42:00.862623+01,gold_establishments_2025,,,,21460132000010,2025,Collectivité Territoriale,Commune,['Lot'],['Occitanie'],COM,{46},{76}
6ae102b6-fafe-4953-ba32-c37ed2028d8d,216702258,Commune de Issenhausen (67),false,{67225},Commune,2026-03-24 14:42:07.195692+01,gold_establishments_2025,,,,21670225800015,2025,Collectivité Territoriale,Commune,['Bas-Rhin'],['Grand Est'],COM,{67},{44}
f2f25b2c-0bf0-4bfa-bd28-925d43de9cec,216801563,Commune de Issenheim (68),false,{68156},Commune,2026-03-24 14:42:07.195692+01,gold_establishments_2025,,,,21680156300018,2025,Collectivité Territoriale,Commune,['Haut-Rhin'],['Grand Est'],COM,{68},{44}
6b91ad22-716e-4021-8c65-d29259739c51,214601338,Commune de Issepts (46),false,{46133},Commune,2026-03-24 14:42:00.862623+01,gold_establishments_2025,,,,21460133800012,2025,Collectivité Territoriale,Commune,['Lot'],['Occitanie'],COM,{46},{76}
02aa8a3c-62af-4511-8515-1cbbed32a0a8,210301313,Commune de Isserpent (03),false,{03131},Commune,2026-03-24 14:41:52.020251+01,gold_establishments_2025,,,,21030131300016,2025,Collectivité Territoriale,Commune,['Allier'],['Auvergne-Rhône-Alpes'],COM,{03},{84}
5fcf6ded-5f5d-4f29-9242-02c98a270cdf,216301770,Commune de Isserteaux (63),false,{63177},Commune,2026-03-24 14:42:06.130387+01,gold_establishments_2025,,,,21630177000014,2025,Collectivité Territoriale,Commune,['Puy-de-Dôme'],['Auvergne-Rhône-Alpes'],COM,{63},{84}
3688279f-dc73-4d65-8db6-164aa2ed4bec,212402127,Commune de Issigeac (24),false,{24212},Commune,2026-03-24 14:41:55.958138+01,gold_establishments_2025,,,,21240212700014,2025,Collectivité Territoriale,Commune,['Dordogne'],['Nouvelle-Aquitaine'],COM,{24},{75}
ff27d1e0-22ae-46f5-93c0-84f5685498be,213001340,Commune de Issirac (30),false,{30134},Commune,2026-03-24 14:41:57.56054+01,gold_establishments_2025,,,,21300134000016,2025,Collectivité Territoriale,Commune,['Gard'],['Occitanie'],COM,{30},{76}
0acbe5be-606d-4b64-a88d-45c1c53e574f,216301788,Commune de Issoire (63),false,{63178},Commune,2026-03-24 14:42:06.130387+01,gold_establishments_2025,,,,21630178800016,2025,Collectivité Territoriale,Commune,['Puy-de-Dôme'],['Auvergne-Rhône-Alpes'],COM,{63},{84}
5c65e336-35bc-4ad7-96a1-c0ea4e3fa187,216402768,Commune de Issor (64),false,{64276},Commune,2026-03-24 14:42:06.130387+01,gold_establishments_2025,,,,21640276800016,2025,Collectivité Territoriale,Commune,['Pyrénées-Atlantiques'],['Nouvelle-Aquitaine'],COM,{64},{75}
34fd020a-5290-4501-bb02-016403dbd7b4,217803147,Commune de Issou (78),false,{78314},Commune,2026-03-24 14:42:09.43682+01,gold_establishments_2025,,,,21780314700016,2025,Collectivité Territoriale,Commune,['Yvelines'],['Île-de-France'],COM,{78},{11}
69622116-96af-4246-a46f-bd8dc531245c,213600885,Commune de Issoudun (36),false,{36088},Commune,2026-03-24 14:41:59.160244+01,gold_establishments_2025,,,,21360088500015,2025,Collectivité Territoriale,Commune,['Indre'],['Centre-Val de Loire'],COM,{36},{24}
a9541588-413c-4d98-8326-c026fd49ce30,212309702,Commune de Issoudun-Létrieix (23),false,{23097},Commune,2026-03-24 14:41:55.958138+01,gold_establishments_2025,,,,21230970200018,2025,Collectivité Territoriale,Commune,['Creuse'],['Nouvelle-Aquitaine'],COM,{23},{75}
f19a1b0c-2d60-42f7-b9a0-900cd35bd24a,213102403,Commune de Issus (31),false,{31240},Commune,2026-03-24 14:41:58.09424+01,gold_establishments_2025,,,,21310240300010,2025,Collectivité Territoriale,Commune,['Haute-Garonne'],['Occitanie'],COM,{31},{76}
1809c38c-ecf4-40d3-9af4-e3500ce09f82,217102391,Commune de Issy-l'Évêque (71),false,{71239},Commune,2026-03-24 14:42:07.735343+01,gold_establishments_2025,,,,21710239100018,2025,Collectivité Territoriale,Commune,['Saône-et-Loire'],['Bourgogne-Franche-Comté'],COM,{71},{27}
0033f198-a449-44fc-9f93-eb9e5c065e5f,219200409,Commune de Issy-les-Moulineaux (92),false,{92040},Commune,2026-03-24 14:42:11.659493+01,gold_establishments_2025,,,,21920040900015,2025,Collectivité Territoriale,Commune,['Hauts-de-Seine'],['Île-de-France'],COM,{92},{11}
5f0e8b25-ab8e-430e-82b6-654a5cfe2e1c,214400756,Commune de Issé (44),false,{44075},Commune,2026-03-24 14:42:00.273698+01,gold_establishments_2025,,,,21440075600018,2025,Collectivité Territoriale,Commune,['Loire-Atlantique'],['Pays de la Loire'],COM,{44},{52}
9057bffb-0250-4b5e-a9d1-67a2b5763bbf,211300470,Commune de Istres (13),false,{13047},Commune,2026-03-24 14:41:53.63825+01,gold_establishments_2025,,,,21130047000443,2025,Collectivité Territoriale,Commune,['Bouches-du-Rhône'],"[""Provence-Alpes-Côte d'Azur""]",COM,{13},{93}
5b12559e-8212-4d33-8d45-55e5c1ccdba0,216402776,Commune de Isturits (64),false,{64277},Commune,2026-03-24 14:42:06.130387+01,gold_establishments_2025,,,,21640277600019,2025,Collectivité Territoriale,Commune,['Pyrénées-Atlantiques'],['Nouvelle-Aquitaine'],COM,{64},{75}
ead5a900-e373-4e08-9d37-ffbbc3586a96,215201799,Commune de Isômes (52),false,{52249},Commune,2026-03-24 14:42:01.954481+01,gold_establishments_2025,,,,21520179900016,2025,Collectivité Territoriale,Commune,['Haute-Marne'],['Grand Est'],COM,{52},{44}
d28b6582-eab3-45a8-9eba-c0b35c4bdfc6,210203675,Commune de Itancourt (02),false,{02387},Commune,2026-03-24 14:41:52.020251+01,gold_establishments_2025,,,,21020367500017,2025,Collectivité Territoriale,Commune,['Aisne'],['Hauts-de-France'],COM,{02},{32}
6e341633-4f8e-4cd1-b342-01614607d885,218601136,Commune de Iteuil (86),false,{86113},Commune,2026-03-24 14:42:10.508772+01,gold_establishments_2025,,,,21860113600011,2025,Collectivité Territoriale,Commune,['Vienne'],['Nouvelle-Aquitaine'],COM,{86},{75}
dc17b7be-0dfe-42a5-b0c5-ce9bb69925c8,216702266,Commune de Ittenheim (67),false,{67226},Commune,2026-03-24 14:42:07.195692+01,gold_establishments_2025,,,,21670226600059,2025,Collectivité Territoriale,Commune,['Bas-Rhin'],['Grand Est'],COM,{67},{44}
a9cceed9-b5bc-4c5d-b989-592b79214d2c,216702274,Commune de Itterswiller (67),false,{67227},Commune,2026-03-24 14:42:07.195692+01,gold_establishments_2025,,,,21670227400012,2025,Collectivité Territoriale,Commune,['Bas-Rhin'],['Grand Est'],COM,{67},{44}
86a7f80d-62ac-4e4e-a6e1-0863492cf92e,219103157,Commune de Itteville (91),false,{91315},Commune,2026-03-24 14:42:11.659493+01,gold_establishments_2025,,,,21910315700083,2025,Collectivité Territoriale,Commune,['Essonne'],['Île-de-France'],COM,{91},{11}
b5124e7b-d986-4dcf-8bd6-b02aafea1d44,216402792,Commune de Itxassou (64),false,{64279},Commune,2026-03-24 14:42:06.130387+01,gold_establishments_2025,,,,21640279200016,2025,Collectivité Territoriale,Commune,['Pyrénées-Atlantiques'],['Nouvelle-Aquitaine'],COM,{64},{75}
62774216-e386-4443-9d09-60a79746b4a1,218101087,Commune de Itzac (81),false,{81108},Commune,2026-03-24 14:42:09.967209+01,gold_establishments_2025,,,,21810108700011,2025,Collectivité Territoriale,Commune,['Tarn'],['Occitanie'],COM,{81},{76}
3c0463f7-87ec-47f4-ad6c-f02e57afce73,216204750,Commune de Ivergny (62),false,{62475},Commune,2026-03-24 14:42:05.597325+01,gold_establishments_2025,,,,21620475000014,2025,Collectivité Territoriale,Commune,['Pas-de-Calais'],['Hauts-de-France'],COM,{62},{32}
26ca8a6b-b93f-4d8f-a367-2d2688970391,217702331,Commune de Iverny (77),false,{77233},Commune,2026-03-24 14:42:09.43682+01,gold_establishments_2025,,,,21770233100018,2025,Collectivité Territoriale,Commune,['Seine-et-Marne'],['Île-de-France'],COM,{77},{11}
99962757-4503-4c12-8760-eef81fc36134,210203683,Commune de Iviers (02),false,{02388},Commune,2026-03-24 14:41:52.020251+01,gold_establishments_2025,,,,21020368300011,2025,Collectivité Territoriale,Commune,['Aisne'],['Hauts-de-France'],COM,{02},{32}
3fc96cd0-f4cc-426e-9ab4-7215adb262f2,212703540,Commune de Iville (27),false,{27354},Commune,2026-03-24 14:41:57.028721+01,gold_establishments_2025,,,,21270354000048,2025,Collectivité Territoriale,Commune,['Eure'],['Normandie'],COM,{27},{28}
819b426a-9b00-451d-b984-5e10fbe3163b,216003178,Commune de Ivors (60),false,{60320},Commune,2026-03-24 14:42:04.814328+01,gold_establishments_2025,,,,21600317800011,2025,Collectivité Territoriale,Commune,['Oise'],['Hauts-de-France'],COM,{60},{32}
54393c1c-a219-4e63-9b2c-8dc8566a93c3,213902679,Commune de Ivory (39),false,{39267},Commune,2026-03-24 14:41:59.705606+01,gold_establishments_2025,,,,21390267900017,2025,Collectivité Territoriale,Commune,['Jura'],['Bourgogne-Franche-Comté'],COM,{39},{27}
8718e920-9fda-44d0-b9cc-a30c8b8dfd3f,211801154,Commune de Ivoy-le-Pré (18),false,{18115},Commune,2026-03-24 14:41:54.903238+01,gold_establishments_2025,,,,21180115400017,2025,Collectivité Territoriale,Commune,['Cher'],['Centre-Val de Loire'],COM,{18},{24}
cb3dd2f7-a960-4519-bf94-8b3bbaa6ebd9,213902687,Commune de Ivrey (39),false,{39268},Commune,2026-03-24 14:41:59.705606+01,gold_establishments_2025,,,,21390268700010,2025,Collectivité Territoriale,Commune,['Jura'],['Bourgogne-Franche-Comté'],COM,{39},{27}
d6a48ee5-37b4-442e-b973-6f8d725babe7,212703557,Commune de Ivry-la-Bataille (27),false,{27355},Commune,2026-03-24 14:41:57.028721+01,gold_establishments_2025,,,,21270355700018,2025,Collectivité Territoriale,Commune,['Eure'],['Normandie'],COM,{27},{28}
5875d03a-a344-4c3c-85bb-ccdb81621395,216003186,Commune de Ivry-le-Temple (60),false,{60321},Commune,2026-03-24 14:42:04.814328+01,gold_establishments_2025,,,,21600318600014,2025,Collectivité Territoriale,Commune,['Oise'],['Hauts-de-France'],COM,{60},{32}
0287ea6b-e056-46eb-a6a8-85c6cca308c2,219400413,Commune de Ivry-sur-Seine (94),false,{94041},Commune,2026-03-24 14:42:11.659493+01,gold_establishments_2025,,,,21940041300015,2025,Collectivité Territoriale,Commune,['Val-de-Marne'],['Île-de-France'],COM,{94},{11}
f44f2d2c-0ad7-46e7-859d-a9f02985c146,215903220,Commune de Iwuy (59),false,{59322},Commune,2026-03-24 14:42:04.280096+01,gold_establishments_2025,,,,21590322000014,2025,Collectivité Territoriale,Commune,['Nord'],['Hauts-de-France'],COM,{59},{32}
a8f3c6fa-8f35-4762-a3b6-581600e07191,216502302,Commune de Izaourt (65),false,{65230},Commune,2026-03-24 14:42:06.665412+01,gold_establishments_2025,,,,21650230200013,2025,Collectivité Territoriale,Commune,['Hautes-Pyrénées'],['Occitanie'],COM,{65},{76}
0b7115ef-1a14-461f-8fb0-0d4248e031a7,213102411,Commune de Izaut-de-l'Hôtel (31),false,{31241},Commune,2026-03-24 14:41:58.09424+01,gold_establishments_2025,,,,21310241100013,2025,Collectivité Territoriale,Commune,['Haute-Garonne'],['Occitanie'],COM,{31},{76}
2c4aa61b-1ce0-4542-b6a8-730215a0c847,216502310,Commune de Izaux (65),false,{65231},Commune,2026-03-24 14:42:06.665412+01,gold_establishments_2025,,,,21650231000016,2025,Collectivité Territoriale,Commune,['Hautes-Pyrénées'],['Occitanie'],COM,{65},{76}
de5fe486-7121-41a6-a2cd-2882a5c88bbb,213801947,Commune de Izeaux (38),false,{38194},Commune,2026-03-24 14:41:59.160244+01,gold_establishments_2025,,,,21380194700051,2025,Collectivité Territoriale,Commune,['Isère'],['Auvergne-Rhône-Alpes'],COM,{38},{84}
09beca0a-d2f2-4874-963c-463dd348cd6d,216204776,Commune de Izel-lès-Hameau (62),false,{62477},Commune,2026-03-24 14:42:05.597325+01,gold_establishments_2025,,,,21620477600019,2025,Collectivité Territoriale,Commune,['Pas-de-Calais'],['Hauts-de-France'],COM,{62},{32}
dfc9dc93-28e2-498b-acf8-f0424823fa62,216204768,Commune de Izel-lès-Équerchin (62),false,{62476},Commune,2026-03-24 14:42:05.597325+01,gold_establishments_2025,,,,21620476800016,2025,Collectivité Territoriale,Commune,['Pas-de-Calais'],['Hauts-de-France'],COM,{62},{32}
fb48845e-4980-4800-b2fa-a944d31baa1c,210101911,Commune de Izenave (01),false,{01191},Commune,2026-03-24 14:41:51.447482+01,gold_establishments_2025,,,,21010191100019,2025,Collectivité Territoriale,Commune,['Ain'],['Auvergne-Rhône-Alpes'],COM,{01},{84}
8be31efb-0690-4815-bb4f-4efda9f2bc86,210101929,Commune de Izernore (01),false,{01192},Commune,2026-03-24 14:41:51.447482+01,gold_establishments_2025,,,,21010192900011,2025,Collectivité Territoriale,Commune,['Ain'],['Auvergne-Rhône-Alpes'],COM,{01},{84}
04955ca6-5d5f-43c6-b69d-b1ca8c8ea108,213801954,Commune de Izeron (38),false,{38195},Commune,2026-03-24 14:41:59.160244+01,gold_establishments_2025,,,,21380195400016,2025,Collectivité Territoriale,Commune,['Isère'],['Auvergne-Rhône-Alpes'],COM,{38},{84}
43bf1ae6-ee23-4d93-9923-0f333aac5ddf,216402800,Commune de Izeste (64),false,{64280},Commune,2026-03-24 14:42:06.130387+01,gold_establishments_2025,,,,21640280000017,2025,Collectivité Territoriale,Commune,['Pyrénées-Atlantiques'],['Nouvelle-Aquitaine'],COM,{64},{75}
43391e7c-6c35-49a9-ae30-ec0dd6283913,212103196,Commune de Izeure (21),false,{21319},Commune,2026-03-24 14:41:55.433389+01,gold_establishments_2025,,,,21210319600011,2025,Collectivité Territoriale,Commune,"[""Côte-d'Or""]",['Bourgogne-Franche-Comté'],COM,{21},{27}
6a79fa9c-ef52-4b7d-a8ac-9dd91888f2eb,212103204,Commune de Izier (21),false,{21320},Commune,2026-03-24 14:41:55.433389+01,gold_establishments_2025,,,,21210320400062,2025,Collectivité Territoriale,Commune,"[""Côte-d'Or""]",['Bourgogne-Franche-Comté'],COM,{21},{27}
0947a1a4-d675-41c8-a18d-ffc76264160a,210101937,Commune de Izieu (01),false,{01193},Commune,2026-03-24 14:41:51.447482+01,gold_establishments_2025,,,,21010193700014,2025,Collectivité Territoriale,Commune,['Ain'],['Auvergne-Rhône-Alpes'],COM,{01},{84}
18f9ffc3-4256-4d87-ab84-829479f9eae2,213302078,Commune de Izon (33),false,{33207},Commune,2026-03-24 14:41:58.620411+01,gold_establishments_2025,,,,21330207800018,2025,Collectivité Territoriale,Commune,['Gironde'],['Nouvelle-Aquitaine'],COM,{33},{75}
e9f18493-a36e-476e-9166-0bc1bc22f917,212601504,Commune de Izon-la-Bruisse (26),false,{26150},Commune,2026-03-24 14:41:56.495197+01,gold_establishments_2025,,,,21260150400013,2025,Collectivité Territoriale,Commune,['Drôme'],['Auvergne-Rhône-Alpes'],COM,{26},{84}
f1ec2caa-37d9-4e89-9cb2-0be3bd14e853,213201619,Commune de Izotges (32),false,{32161},Commune,2026-03-24 14:41:58.09424+01,gold_establishments_2025,,,,21320161900011,2025,Collectivité Territoriale,Commune,['Gers'],['Occitanie'],COM,{32},{76}
360fca7d-e98a-4bfe-b7c8-1b02f6130c21,215301201,Commune de Izé (53),false,{53120},Commune,2026-03-24 14:42:02.957225+01,gold_establishments_2025,,,,21530120100012,2025,Collectivité Territoriale,Commune,['Mayenne'],['Pays de la Loire'],COM,{53},{52}
08426cc7-f86e-48aa-a245-048b34550d90,217702349,Commune de Jablines (77),false,{77234},Commune,2026-03-24 14:42:09.43682+01,gold_establishments_2025,,,,21770234900010,2025,Collectivité Territoriale,Commune,['Seine-et-Marne'],['Île-de-France'],COM,{77},{11}
959d16c0-7461-4898-a3cd-eda004d8bd44,218707602,Commune de Jabreilles-les-Bordes (87),false,{87076},Commune,2026-03-24 14:42:11.118516+01,gold_establishments_2025,,,,21870760200015,2025,Collectivité Territoriale,Commune,['Haute-Vienne'],['Nouvelle-Aquitaine'],COM,{87},{75}
8dae67cf-7b9d-4ee4-a6ea-042c9a2cf4c2,211500780,Commune de Jabrun (15),false,{15078},Commune,2026-03-24 14:41:54.362296+01,gold_establishments_2025,,,,21150078000013,2025,Collectivité Territoriale,Commune,['Cantal'],['Auvergne-Rhône-Alpes'],COM,{15},{84}
21094d33-53c4-42b3-863b-9c388591f345,217301373,Commune de Jacob-Bellecombette (73),false,{73137},Commune,2026-03-24 14:42:08.279287+01,gold_establishments_2025,,,,21730137300015,2025,Collectivité Territoriale,Commune,['Savoie'],['Auvergne-Rhône-Alpes'],COM,{73},{84}
5a8e6872-e8d5-4024-bb1d-60faaf11db12,213401201,Commune de Jacou (34),false,{34120},Commune,2026-03-24 14:41:58.620411+01,gold_establishments_2025,,,,21340120100016,2025,Collectivité Territoriale,Commune,['Hérault'],['Occitanie'],COM,{34},{76}
636a6868-84a2-4a88-8c73-2c522ad13ecd,216502328,Commune de Jacque (65),false,{65232},Commune,2026-03-24 14:42:06.665412+01,gold_establishments_2025,,,,21650232800018,2025,Collectivité Territoriale,Commune,['Hautes-Pyrénées'],['Occitanie'],COM,{65},{76}
0fc09a52-e766-49a2-b9e3-43c9c957ed18,219503166,Commune de Jagny-sous-Bois (95),false,{95316},Commune,2026-03-24 14:42:11.659493+01,gold_establishments_2025,,,,21950316600015,2025,Collectivité Territoriale,Commune,"[""Val-d'Oise""]",['Île-de-France'],COM,{95},{11}
602161a1-e69c-418e-a5e7-c9c79682c751,217702356,Commune de Jaignes (77),false,{77235},Commune,2026-03-24 14:42:09.43682+01,gold_establishments_2025,,,,21770235600015,2025,Collectivité Territoriale,Commune,['Seine-et-Marne'],['Île-de-France'],COM,{77},{11}
5a6fa83c-09c2-481b-b16f-48379744370c,212603815,Commune de Jaillans (26),false,{26381},Commune,2026-03-24 14:41:56.495197+01,gold_establishments_2025,,,,21260381500011,2025,Collectivité Territoriale,Commune,['Drôme'],['Auvergne-Rhône-Alpes'],COM,{26},{84}
1f3092ae-f08d-447c-940e-a2ba60eb3b65,215402728,Commune de Jaillon (54),false,{54272},Commune,2026-03-24 14:42:02.957225+01,gold_establishments_2025,,,,21540272800012,2025,Collectivité Territoriale,Commune,['Meurthe-et-Moselle'],['Grand Est'],COM,{54},{44}
1630d512-5d39-47b9-b8d4-a3173ccd3f7b,215801366,Commune de Jailly (58),false,{58136},Commune,2026-03-24 14:42:04.280096+01,gold_establishments_2025,,,,21580136600018,2025,Collectivité Territoriale,Commune,['Nièvre'],['Bourgogne-Franche-Comté'],COM,{58},{27}
e50e81f4-b6e8-4cc6-bf43-7d1838d72ef7,212103212,Commune de Jailly-les-Moulins (21),false,{21321},Commune,2026-03-24 14:41:55.433389+01,gold_establishments_2025,,,,21210321200016,2025,Collectivité Territoriale,Commune,"[""Côte-d'Or""]",['Bourgogne-Franche-Comté'],COM,{21},{27}
4be5f3a4-7ead-4a21-affa-ab63b07dbc95,218802494,Commune de Jainvillotte (88),false,{88249},Commune,2026-03-24 14:42:11.118516+01,gold_establishments_2025,,,,21880249400011,2025,Collectivité Territoriale,Commune,['Vosges'],['Grand Est'],COM,{88},{44}
d19d410d-0a01-419f-b256-df233541dd85,212309801,Commune de Jalesches (23),false,{23098},Commune,2026-03-24 14:41:55.958138+01,gold_establishments_2025,,,,21230980100018,2025,Collectivité Territoriale,Commune,['Creuse'],['Nouvelle-Aquitaine'],COM,{23},{75}
f5ad978f-66e7-4d35-99c3-2e8720206422,211500798,Commune de Jaleyrac (15),false,{15079},Commune,2026-03-24 14:41:54.362296+01,gold_establishments_2025,,,,21150079800015,2025,Collectivité Territoriale,Commune,['Cantal'],['Auvergne-Rhône-Alpes'],COM,{15},{84}
ebed03cf-65e6-45c2-a1ae-a1482bef3264,210301321,Commune de Jaligny-sur-Besbre (03),false,{03132},Commune,2026-03-24 14:41:52.020251+01,gold_establishments_2025,,,,21030132100019,2025,Collectivité Territoriale,Commune,['Allier'],['Auvergne-Rhône-Alpes'],COM,{03},{84}
a77a4f6b-97d9-423e-a865-d571587e4291,212103220,Commune de Jallanges (21),false,{21322},Commune,2026-03-24 14:41:55.433389+01,gold_establishments_2025,,,,21210322000019,2025,Collectivité Territoriale,Commune,"[""Côte-d'Or""]",['Bourgogne-Franche-Comté'],COM,{21},{27}
f8067fa9-c9b5-41f3-b98a-bf7c3eeac4ed,212801989,Commune de Jallans (28),false,{28198},Commune,2026-03-24 14:41:57.028721+01,gold_establishments_2025,,,,21280198900014,2025,Collectivité Territoriale,Commune,['Eure-et-Loir'],['Centre-Val de Loire'],COM,{28},{24}
1b7942a0-8b6d-468b-907e-63bd883e5d39,215703497,Commune de Jallaucourt (57),false,{57349},Commune,2026-03-24 14:42:03.701372+01,gold_establishments_2025,,,,21570349700010,2025,Collectivité Territoriale,Commune,['Moselle'],['Grand Est'],COM,{57},{44}
8685aad4-0129-4a90-a0ad-a7d3d470650f,212503171,Commune de Jallerange (25),false,{25317},Commune,2026-03-24 14:41:56.495197+01,gold_establishments_2025,,,,21250317100010,2025,Collectivité Territoriale,Commune,['Doubs'],['Bourgogne-Franche-Comté'],COM,{25},{27}
8ef5401b-cb44-4e1d-98f4-25205e993cf7,211801162,Commune de Jalognes (18),false,{18116},Commune,2026-03-24 14:41:54.903238+01,gold_establishments_2025,,,,21180116200010,2025,Collectivité Territoriale,Commune,['Cher'],['Centre-Val de Loire'],COM,{18},{24}
a4ba8df9-b507-40c1-aed4-f5eb751b249a,217102409,Commune de Jalogny (71),false,{71240},Commune,2026-03-24 14:42:07.735343+01,gold_establishments_2025,,,,21710240900018,2025,Collectivité Territoriale,Commune,['Saône-et-Loire'],['Bourgogne-Franche-Comté'],COM,{71},{27}
4ad3db49-e045-4409-ad4c-980c5d4e6b6c,217102417,Commune de Jambles (71),false,{71241},Commune,2026-03-24 14:42:07.735343+01,gold_establishments_2025,,,,21710241700011,2025,Collectivité Territoriale,Commune,['Saône-et-Loire'],['Bourgogne-Franche-Comté'],COM,{71},{27}
4c50420f-422c-4a31-81b4-8196faf1c6c1,217803170,Commune de Jambville (78),false,{78317},Commune,2026-03-24 14:42:09.43682+01,gold_establishments_2025,,,,21780317000018,2025,Collectivité Territoriale,Commune,['Yvelines'],['Île-de-France'],COM,{78},{11}
e50ac979-bb82-440d-bca5-f197f61d2770,215502550,Commune de Jametz (55),false,{55255},Commune,2026-03-24 14:42:02.957225+01,gold_establishments_2025,,,,21550255000019,2025,Collectivité Territoriale,Commune,['Meuse'],['Grand Est'],COM,{55},{44}
c22316a8-0ac2-409a-a260-99aab92d1fb9,216003194,Commune de Jaméricourt (60),false,{60322},Commune,2026-03-24 14:42:04.814328+01,gold_establishments_2025,,,,21600319400018,2025,Collectivité Territoriale,Commune,['Oise'],['Hauts-de-France'],COM,{60},{32}
db644a2f-93de-4f7a-9f66-3afefa676115,218707701,Commune de Janailhac (87),false,{87077},Commune,2026-03-24 14:42:11.118516+01,gold_establishments_2025,,,,21870770100015,2025,Collectivité Territoriale,Commune,['Haute-Vienne'],['Nouvelle-Aquitaine'],COM,{87},{75}
bee4f3d3-d3f6-4e3e-aa8f-594e2648bc37,212309900,Commune de Janaillat (23),false,{23099},Commune,2026-03-24 14:41:55.958138+01,gold_establishments_2025,,,,21230990000018,2025,Collectivité Territoriale,Commune,['Creuse'],['Nouvelle-Aquitaine'],COM,{23},{75}
b8971694-14cd-4c6a-bbac-a548db3bc365,212103238,Commune de Jancigny (21),false,{21323},Commune,2026-03-24 14:41:55.433389+01,gold_establishments_2025,,,,21210323800011,2025,Collectivité Territoriale,Commune,"[""Côte-d'Or""]",['Bourgogne-Franche-Comté'],COM,{21},{27}
a24e75d1-ff6b-47ec-b009-9e8597e7f348,210802146,Commune de Jandun (08),false,{08236},Commune,2026-03-24 14:41:52.562531+01,gold_establishments_2025,,,,21080214600014,2025,Collectivité Territoriale,Commune,['Ardennes'],['Grand Est'],COM,{08},{44}
6be27c95-0d2b-432f-a1c7-f35cbb5bf052,213801970,Commune de Janneyrias (38),false,{38197},Commune,2026-03-24 14:41:59.160244+01,gold_establishments_2025,,,,21380197000012,2025,Collectivité Territoriale,Commune,['Isère'],['Auvergne-Rhône-Alpes'],COM,{38},{84}
c3ee7714-151e-4203-97c8-2ddc47a36aaa,214400764,Commune de Jans (44),false,{44076},Commune,2026-03-24 14:42:00.273698+01,gold_establishments_2025,,,,21440076400012,2025,Collectivité Territoriale,Commune,['Loire-Atlantique'],['Pays de la Loire'],COM,{44},{52}
eab1a8f9-9963-440c-ab5e-08bfb1776b96,211403449,Commune de Janville (14),false,{14344},Commune,2026-03-24 14:41:54.362296+01,gold_establishments_2025,,,,21140344900013,2025,Collectivité Territoriale,Commune,['Calvados'],['Normandie'],COM,{14},{28}
6b48e81e-27f5-4908-ae13-681554c0bde9,216003202,Commune de Janville (60),false,{60323},Commune,2026-03-24 14:42:04.814328+01,gold_establishments_2025,,,,21600320200019,2025,Collectivité Territoriale,Commune,['Oise'],['Hauts-de-France'],COM,{60},{32}
17cc3ce5-e8d8-437c-9a8d-268788ab0d2a,200086759,Commune de Janville-en-Beauce (28),false,{28199},Commune,2026-03-24 14:41:57.028721+01,gold_establishments_2025,,,,20008675900012,2025,Collectivité Territoriale,Commune,['Eure-et-Loir'],['Centre-Val de Loire'],COM,{28},{24}
727989a9-d016-4a0b-9ce3-e2dc0a5e5b3e,219103181,Commune de Janville-sur-Juine (91),false,{91318},Commune,2026-03-24 14:42:11.659493+01,gold_establishments_2025,,,,21910318100018,2025,Collectivité Territoriale,Commune,['Essonne'],['Île-de-France'],COM,{91},{11}
1aaca907-3bab-4a81-9950-67a14338e249,215102831,Commune de Janvilliers (51),false,{51304},Commune,2026-03-24 14:42:01.954481+01,gold_establishments_2025,,,,21510283100017,2025,Collectivité Territoriale,Commune,['Marne'],['Grand Est'],COM,{51},{44}
674dfe41-8b08-4513-86a3-17088bafd049,215102849,Commune de Janvry (51),false,{51305},Commune,2026-03-24 14:42:01.954481+01,gold_establishments_2025,,,,21510284900019,2025,Collectivité Territoriale,Commune,['Marne'],['Grand Est'],COM,{51},{44}
8572e138-5f56-4ee4-a0cd-788d770a6ca9,219103199,Commune de Janvry (91),false,{91319},Commune,2026-03-24 14:42:11.659493+01,gold_establishments_2025,,,,21910319900010,2025,Collectivité Territoriale,Commune,['Essonne'],['Île-de-France'],COM,{91},{11}
b4520655-c0a1-4833-9b24-5ea01376d6c4,213501364,Commune de Janzé (35),false,{35136},Commune,2026-03-24 14:41:58.620411+01,gold_establishments_2025,,,,21350136400011,2025,Collectivité Territoriale,Commune,['Ille-et-Vilaine'],['Bretagne'],COM,{35},{53}
4a487577-6172-475d-a333-def268783272,213801988,Commune de Jarcieu (38),false,{38198},Commune,2026-03-24 14:41:59.160244+01,gold_establishments_2025,,,,21380198800014,2025,Collectivité Territoriale,Commune,['Isère'],['Auvergne-Rhône-Alpes'],COM,{38},{84}
2fe94ad1-f929-4488-9d16-26d912e3a541,218501146,Commune de Jard-sur-Mer (85),false,{85114},Commune,2026-03-24 14:42:10.508772+01,gold_establishments_2025,,,,21850114600011,2025,Collectivité Territoriale,Commune,['Vendée'],['Pays de la Loire'],COM,{85},{52}
26eb9513-c43c-4c14-bfae-3dab4eea18d2,213801996,Commune de Jardin (38),false,{38199},Commune,2026-03-24 14:41:59.160244+01,gold_establishments_2025,,,,21380199600017,2025,Collectivité Territoriale,Commune,['Isère'],['Auvergne-Rhône-Alpes'],COM,{38},{84}
59235551-5cc6-4ba9-a014-d64d1b5700df,218601144,Commune de Jardres (86),false,{86114},Commune,2026-03-24 14:42:10.508772+01,gold_establishments_2025,,,,21860114400015,2025,Collectivité Territoriale,Commune,['Vienne'],['Nouvelle-Aquitaine'],COM,{86},{75}
02c9778b-6a1a-4c4e-990d-bbff92dc6a2d,214501736,Commune de Jargeau (45),false,{45173},Commune,2026-03-24 14:42:00.862623+01,gold_establishments_2025,,,,21450173600018,2025,Collectivité Territoriale,Commune,['Loiret'],['Centre-Val de Loire'],COM,{45},{24}
053c4e0d-828c-495e-affb-06929ab67f63,210500682,Commune de Jarjayes (05),false,{05068},Commune,2026-03-24 14:41:52.562531+01,gold_establishments_2025,,,,21050068200013,2025,Collectivité Territoriale,Commune,['Hautes-Alpes'],"[""Provence-Alpes-Côte d'Azur""]",COM,{05},{93}
1e52733a-d54f-45c3-b0c6-5b9a4fc6897c,218802502,Commune de Jarménil (88),false,{88250},Commune,2026-03-24 14:42:11.118516+01,gold_establishments_2025,,,,21880250200011,2025,Collectivité Territoriale,Commune,['Vosges'],['Grand Est'],COM,{88},{44}
8beb12eb-9640-4cfa-8db0-4c5faabb1d0c,211601679,Commune de Jarnac (16),false,{16167},Commune,2026-03-24 14:41:54.362296+01,gold_establishments_2025,,,,21160167900015,2025,Collectivité Territoriale,Commune,['Charente'],['Nouvelle-Aquitaine'],COM,{16},{75}
d0bf7191-f042-4a6b-8161-25d703809ef3,211701925,Commune de Jarnac-Champagne (17),false,{17192},Commune,2026-03-24 14:41:54.903238+01,gold_establishments_2025,,,,21170192500011,2025,Collectivité Territoriale,Commune,['Charente-Maritime'],['Nouvelle-Aquitaine'],COM,{17},{75}
7c896d69-a7c4-4abf-b06f-a844e7f1d0cf,212310007,Commune de Jarnages (23),false,{23100},Commune,2026-03-24 14:41:55.958138+01,gold_establishments_2025,,,,21231000700019,2025,Collectivité Territoriale,Commune,['Creuse'],['Nouvelle-Aquitaine'],COM,{23},{75}
8a105c6e-a088-48aa-b2c2-50591c0f674a,214201121,Commune de Jarnosse (42),false,{42112},Commune,2026-03-24 14:42:00.273698+01,gold_establishments_2025,,,,21420112100016,2025,Collectivité Territoriale,Commune,['Loire'],['Auvergne-Rhône-Alpes'],COM,{42},{84}
2ef0f965-9d7a-4159-a40a-2d757c2e9f84,215402736,Commune de Jarny (54),false,{54273},Commune,2026-03-24 14:42:02.957225+01,gold_establishments_2025,,,,21540273600015,2025,Collectivité Territoriale,Commune,['Meurthe-et-Moselle'],['Grand Est'],COM,{54},{44}
800789b5-2816-4063-b438-2b7842448f46,216502336,Commune de Jarret (65),false,{65233},Commune,2026-03-24 14:42:06.665412+01,gold_establishments_2025,,,,21650233600011,2025,Collectivité Territoriale,Commune,['Hautes-Pyrénées'],['Occitanie'],COM,{65},{76}
1c2b0447-592a-44d3-8dff-6a649ad3dbdf,213802002,Commune de Jarrie (38),false,{38200},Commune,2026-03-24 14:41:59.160244+01,gold_establishments_2025,,,,21380200200013,2025,Collectivité Territoriale,Commune,['Isère'],['Auvergne-Rhône-Alpes'],COM,{38},{84}
0e1b65ca-33f3-44ee-a469-31ddf3f5ada2,217301381,Commune de Jarrier (73),false,{73138},Commune,2026-03-24 14:42:08.279287+01,gold_establishments_2025,,,,21730138100018,2025,Collectivité Territoriale,Commune,['Savoie'],['Auvergne-Rhône-Alpes'],COM,{73},{84}
493143fe-9657-4a71-9386-b5f5419253bd,211801170,Commune de Jars (18),false,{18117},Commune,2026-03-24 14:41:54.903238+01,gold_establishments_2025,,,,21180117000013,2025,Collectivité Territoriale,Commune,['Cher'],['Centre-Val de Loire'],COM,{18},{24}
b8e78e18-2442-40fe-9c85-450be544c356,217301399,Commune de Jarsy (73),false,{73139},Commune,2026-03-24 14:42:08.279287+01,gold_establishments_2025,,,,21730139900010,2025,Collectivité Territoriale,Commune,['Savoie'],['Auvergne-Rhône-Alpes'],COM,{73},{84}
ec0ece66-f395-4e85-891d-ae48a9471524,215402744,Commune de Jarville-la-Malgrange (54),false,{54274},Commune,2026-03-24 14:42:02.957225+01,gold_establishments_2025,,,,21540274400019,2025,Collectivité Territoriale,Commune,['Meurthe-et-Moselle'],['Grand Est'],COM,{54},{44}
69326bb9-7015-46cb-8af7-718a715ae51a,200058923,Commune de Jarzé Villages (49),false,{49163},Commune,2026-03-24 14:42:01.412377+01,gold_establishments_2025,,,,20005892300018,2025,Collectivité Territoriale,Commune,['Maine-et-Loire'],['Pays de la Loire'],COM,{49},{52}
47ef8644-6633-4f67-b3a1-5529c3351a7e,214201139,Commune de Jas (42),false,{42113},Commune,2026-03-24 14:42:00.273698+01,gold_establishments_2025,,,,21420113900018,2025,Collectivité Territoriale,Commune,['Loire'],['Auvergne-Rhône-Alpes'],COM,{42},{84}
8a4a01ac-f80e-4162-b419-b60dadafb3b4,217002906,Commune de Jasney (70),false,{70290},Commune,2026-03-24 14:42:07.735343+01,gold_establishments_2025,,,,21700290600014,2025,Collectivité Territoriale,Commune,['Haute-Saône'],['Bourgogne-Franche-Comté'],COM,{70},{27}
4e4dc027-b4cf-4389-badb-f8d9537ddb07,210101945,Commune de Jassans-Riottier (01),false,{01194},Commune,2026-03-24 14:41:51.447482+01,gold_establishments_2025,,,,21010194500124,2025,Collectivité Territoriale,Commune,['Ain'],['Auvergne-Rhône-Alpes'],COM,{01},{84}
2f01c688-a36b-4312-a378-3098fa479d98,211001680,Commune de Jasseines (10),false,{10175},Commune,2026-03-24 14:41:53.095366+01,gold_establishments_2025,,,,21100168000019,2025,Collectivité Territoriale,Commune,['Aube'],['Grand Est'],COM,{10},{44}
5c730ace-f7b1-4e16-a498-530bd605bb05,210101952,Commune de Jasseron (01),false,{01195},Commune,2026-03-24 14:41:51.447482+01,gold_establishments_2025,,,,21010195200013,2025,Collectivité Territoriale,Commune,['Ain'],['Auvergne-Rhône-Alpes'],COM,{01},{84}
56cef8b7-3919-44a8-9ed5-0484a8278276,216402818,Commune de Jasses (64),false,{64281},Commune,2026-03-24 14:42:06.130387+01,gold_establishments_2025,,,,21640281800019,2025,Collectivité Territoriale,Commune,['Pyrénées-Atlantiques'],['Nouvelle-Aquitaine'],COM,{64},{75}
8fc74673-25ea-4f15-afd4-133d1acf6dc6,216402826,Commune de Jatxou (64),false,{64282},Commune,2026-03-24 14:42:06.130387+01,gold_establishments_2025,,,,21640282600012,2025,Collectivité Territoriale,Commune,['Pyrénées-Atlantiques'],['Nouvelle-Aquitaine'],COM,{64},{75}
4741755a-0ec8-4a4f-9a67-b25cfce47301,213302086,Commune de Jau-Dignac-et-Loirac (33),false,{33208},Commune,2026-03-24 14:41:58.620411+01,gold_establishments_2025,,,,21330208600011,2025,Collectivité Territoriale,Commune,['Gironde'],['Nouvelle-Aquitaine'],COM,{33},{75}
f68a69c1-18ee-4241-b165-dd532f9fa79c,211001698,Commune de Jaucourt (10),false,{10176},Commune,2026-03-24 14:41:53.095366+01,gold_establishments_2025,,,,21100169800011,2025,Collectivité Territoriale,Commune,['Aube'],['Grand Est'],COM,{10},{44}
2fb6c8a0-be1d-4728-ae22-699379419055,212802003,Commune de Jaudrais (28),false,{28200},Commune,2026-03-24 14:41:57.028721+01,gold_establishments_2025,,,,21280200300013,2025,Collectivité Territoriale,Commune,['Eure-et-Loir'],['Centre-Val de Loire'],COM,{28},{24}
9c60d264-1f3e-46f0-9d5f-33b57ad59750,210701074,Commune de Jaujac (07),false,{07107},Commune,2026-03-24 14:41:52.562531+01,gold_establishments_2025,,,,21070107400010,2025,Collectivité Territoriale,Commune,['Ardèche'],['Auvergne-Rhône-Alpes'],COM,{07},{84}
718b2051-3302-4e3f-9b03-c8494f22bed9,211601687,Commune de Jauldes (16),false,{16168},Commune,2026-03-24 14:41:54.362296+01,gold_establishments_2025,,,,21160168700018,2025,Collectivité Territoriale,Commune,['Charente'],['Nouvelle-Aquitaine'],COM,{16},{75}
52b165c5-2ca3-4e23-97d9-42e9e22d5440,218902054,Commune de Jaulges (89),false,{89205},Commune,2026-03-24 14:42:11.118516+01,gold_establishments_2025,,,,21890205400012,2025,Collectivité Territoriale,Commune,['Yonne'],['Bourgogne-Franche-Comté'],COM,{89},{27}
fcd6fe4b-56ed-48ab-885c-ea3283f6d535,210203691,Commune de Jaulgonne (02),false,{02389},Commune,2026-03-24 14:41:52.020251+01,gold_establishments_2025,,,,21020369100014,2025,Collectivité Territoriale,Commune,['Aisne'],['Hauts-de-France'],COM,{02},{32}
c8086d2d-2748-4262-a8e2-30f91fb3a7f1,213701212,Commune de Jaulnay (37),false,{37121},Commune,2026-03-24 14:41:59.160244+01,gold_establishments_2025,,,,21370121200010,2025,Collectivité Territoriale,Commune,['Indre-et-Loire'],['Centre-Val de Loire'],COM,{37},{24}
152d39a3-4b84-418e-a8ed-b0e6080d4e74,217702364,Commune de Jaulnes (77),false,{77236},Commune,2026-03-24 14:42:09.43682+01,gold_establishments_2025,,,,21770236400019,2025,Collectivité Territoriale,Commune,['Seine-et-Marne'],['Île-de-France'],COM,{77},{11}
673dfa05-2710-47c6-a1cc-cf995fddfc77,215402751,Commune de Jaulny (54),false,{54275},Commune,2026-03-24 14:42:02.957225+01,gold_establishments_2025,,,,21540275100014,2025,Collectivité Territoriale,Commune,['Meurthe-et-Moselle'],['Grand Est'],COM,{54},{44}
26e05b6d-cf49-4d75-ba0a-0c6b643c7b3e,216003210,Commune de Jaulzy (60),false,{60324},Commune,2026-03-24 14:42:04.814328+01,gold_establishments_2025,,,,21600321000012,2025,Collectivité Territoriale,Commune,['Oise'],['Hauts-de-France'],COM,{60},{32}
90a991de-55fe-4533-81f5-5d2542b0ee11,210701082,Commune de Jaunac (07),false,{07108},Commune,2026-03-24 14:41:52.562531+01,gold_establishments_2025,,,,21070108200013,2025,Collectivité Territoriale,Commune,['Ardèche'],['Auvergne-Rhône-Alpes'],COM,{07},{84}
2b376d88-b83d-4d24-8a8c-61819c24a20f,200063493,Commune de Jaunay-Marigny (86),false,{86115},Commune,2026-03-24 14:42:10.508772+01,gold_establishments_2025,,,,20006349300015,2025,Collectivité Territoriale,Commune,['Vienne'],['Nouvelle-Aquitaine'],COM,{86},{75}
b6f308f5-840b-4e3e-af25-e7f2e6c8189c,212402135,Commune de Jaure (24),false,{24213},Commune,2026-03-24 14:41:55.958138+01,gold_establishments_2025,,,,21240213500017,2025,Collectivité Territoriale,Commune,['Dordogne'],['Nouvelle-Aquitaine'],COM,{24},{75}
25f842d1-a79c-4734-aff6-f2a32bc67abf,210400966,Commune de Jausiers (04),false,{04096},Commune,2026-03-24 14:41:52.020251+01,gold_establishments_2025,,,,21040096600011,2025,Collectivité Territoriale,Commune,['Alpes-de-Haute-Provence'],"[""Provence-Alpes-Côte d'Azur""]",COM,{04},{93}
e6036a13-af2a-49a0-8e8e-38a19260e953,216003228,Commune de Jaux (60),false,{60325},Commune,2026-03-24 14:42:04.814328+01,gold_establishments_2025,,,,21600322800014,2025,Collectivité Territoriale,Commune,['Oise'],['Hauts-de-France'],COM,{60},{32}
007e39ca-4465-4375-aa24-c3dbd56a8613,217201482,Commune de Jauzé (72),false,{72148},Commune,2026-03-24 14:42:08.279287+01,gold_establishments_2025,,,,21720148200015,2025,Collectivité Territoriale,Commune,['Sarthe'],['Pays de la Loire'],COM,{72},{52}
72614e24-0e49-40f0-b771-e22cd520862f,214301053,Commune de Javaugues (43),false,{43105},Commune,2026-03-24 14:42:00.273698+01,gold_establishments_2025,,,,21430105300010,2025,Collectivité Territoriale,Commune,['Haute-Loire'],['Auvergne-Rhône-Alpes'],COM,{43},{84}
daab618d-e16e-4812-bc70-e26d80a98568,213501372,Commune de Javené (35),false,{35137},Commune,2026-03-24 14:41:58.620411+01,gold_establishments_2025,,,,21350137200014,2025,Collectivité Territoriale,Commune,['Ille-et-Vilaine'],['Bretagne'],COM,{35},{53}
a51e4999-61aa-4ffd-a90a-f58a03f894b2,218707800,Commune de Javerdat (87),false,{87078},Commune,2026-03-24 14:42:11.118516+01,gold_establishments_2025,,,,21870780000015,2025,Collectivité Territoriale,Commune,['Haute-Vienne'],['Nouvelle-Aquitaine'],COM,{87},{75}
90952c8e-42a2-4bb9-b405-e36aa0af1262,212402143,Commune de Javerlhac-et-la-Chapelle-Saint-Robert (24),false,{24214},Commune,2026-03-24 14:41:55.958138+01,gold_establishments_2025,,,,21240214300011,2025,Collectivité Territoriale,Commune,['Dordogne'],['Nouvelle-Aquitaine'],COM,{24},{75}
5d9e84b5-44dd-4988-82dc-cbcfe5cf7fbd,211001706,Commune de Javernant (10),false,{10177},Commune,2026-03-24 14:41:53.095366+01,gold_establishments_2025,,,,21100170600012,2025,Collectivité Territoriale,Commune,['Aube'],['Grand Est'],COM,{10},{44}
3efd0ccb-09b2-4bae-a07e-8f5a2f000fab,211601695,Commune de Javrezac (16),false,{16169},Commune,2026-03-24 14:41:54.362296+01,gold_establishments_2025,,,,21160169500011,2025,Collectivité Territoriale,Commune,['Charente'],['Nouvelle-Aquitaine'],COM,{16},{75}
b4657575-65b2-4609-bb47-65e8dfb0e54a,215301219,Commune de Javron-les-Chapelles (53),false,{53121},Commune,2026-03-24 14:42:02.957225+01,gold_establishments_2025,,,,21530121900014,2025,Collectivité Territoriale,Commune,['Mayenne'],['Pays de la Loire'],COM,{53},{52}
18f2503f-364e-4b3b-8fe4-a07f5762729b,214301061,Commune de Jax (43),false,{43106},Commune,2026-03-24 14:42:00.273698+01,gold_establishments_2025,,,,21430106100013,2025,Collectivité Territoriale,Commune,['Haute-Loire'],['Auvergne-Rhône-Alpes'],COM,{43},{84}
597f14cd-1251-4629-91ef-bf455434db78,216402834,Commune de Jaxu (64),false,{64283},Commune,2026-03-24 14:42:06.130387+01,gold_establishments_2025,,,,21640283400016,2025,Collectivité Territoriale,Commune,['Pyrénées-Atlantiques'],['Nouvelle-Aquitaine'],COM,{64},{75}
7bd9fbc5-c1f3-4fe6-8918-77dc406339a0,212402150,Commune de Jayac (24),false,{24215},Commune,2026-03-24 14:41:55.958138+01,gold_establishments_2025,,,,21240215000016,2025,Collectivité Territoriale,Commune,['Dordogne'],['Nouvelle-Aquitaine'],COM,{24},{75}
26ed39b6-bb7f-4b8a-883f-a9ee44e75078,210101960,Commune de Jayat (01),false,{01196},Commune,2026-03-24 14:41:51.447482+01,gold_establishments_2025,,,,21010196000016,2025,Collectivité Territoriale,Commune,['Ain'],['Auvergne-Rhône-Alpes'],COM,{01},{84}
3a2bc2aa-e127-453c-8e4f-e91d8f7df396,218601169,Commune de Jazeneuil (86),false,{86116},Commune,2026-03-24 14:42:10.508772+01,gold_establishments_2025,,,,21860116900012,2025,Collectivité Territoriale,Commune,['Vienne'],['Nouvelle-Aquitaine'],COM,{86},{75}
c482b761-27d0-4a07-9241-57dc591edd00,211701966,Commune de Jazennes (17),false,{17196},Commune,2026-03-24 14:41:54.903238+01,gold_establishments_2025,,,,21170196600056,2025,Collectivité Territoriale,Commune,['Charente-Maritime'],['Nouvelle-Aquitaine'],COM,{17},{75}
893ce762-df29-4c23-89e7-85b35c720905,210203709,Commune de Jeancourt (02),false,{02390},Commune,2026-03-24 14:41:52.020251+01,gold_establishments_2025,,,,21020370900014,2025,Collectivité Territoriale,Commune,['Aisne'],['Hauts-de-France'],COM,{02},{32}
15257ec0-8eb0-442a-95e3-3b005af09838,215402769,Commune de Jeandelaincourt (54),false,{54276},Commune,2026-03-24 14:42:02.957225+01,gold_establishments_2025,,,,21540276900016,2025,Collectivité Territoriale,Commune,['Meurthe-et-Moselle'],['Grand Est'],COM,{54},{44}
bd95a827-9418-4aef-99d2-1e35421eb7e5,215402777,Commune de Jeandelize (54),false,{54277},Commune,2026-03-24 14:42:02.957225+01,gold_establishments_2025,,,,21540277700019,2025,Collectivité Territoriale,Commune,['Meurthe-et-Moselle'],['Grand Est'],COM,{54},{44}
7492aeaf-d269-4ed1-9679-6c79212a972d,218802510,Commune de Jeanménil (88),false,{88251},Commune,2026-03-24 14:42:11.118516+01,gold_establishments_2025,,,,21880251000014,2025,Collectivité Territoriale,Commune,['Vosges'],['Grand Est'],COM,{88},{44}
7e14a5d5-f379-498f-8a81-80934f3615fb,210203717,Commune de Jeantes (02),false,{02391},Commune,2026-03-24 14:41:52.020251+01,gold_establishments_2025,,,,21020371700017,2025,Collectivité Territoriale,Commune,['Aisne'],['Hauts-de-France'],COM,{02},{32}
bf3e2bdd-ba8d-4d50-930e-5b2ed7d011fb,216801571,Commune de Jebsheim (68),false,{68157},Commune,2026-03-24 14:42:07.195692+01,gold_establishments_2025,,,,21680157100011,2025,Collectivité Territoriale,Commune,['Haut-Rhin'],['Grand Est'],COM,{68},{44}
a17b3864-b95f-4221-bccc-841cf7a7920d,213201627,Commune de Jegun (32),false,{32162},Commune,2026-03-24 14:41:58.09424+01,gold_establishments_2025,,,,21320162700014,2025,Collectivité Territoriale,Commune,['Gers'],['Occitanie'],COM,{32},{76}
9311a860-f149-493c-83b8-991fec73bc12,215903238,Commune de Jenlain (59),false,{59323},Commune,2026-03-24 14:42:04.280096+01,gold_establishments_2025,,,,21590323800016,2025,Collectivité Territoriale,Commune,['Nord'],['Hauts-de-France'],COM,{59},{32}
2ac90b58-550f-40eb-8f95-7fd28b1d927e,210301339,Commune de Jenzat (03),false,{03133},Commune,2026-03-24 14:41:52.020251+01,gold_establishments_2025,,,,21030133900011,2025,Collectivité Territoriale,Commune,['Allier'],['Auvergne-Rhône-Alpes'],COM,{03},{84}
4fd8dd72-6ee4-4d8e-a0b3-309813c7f242,211001714,Commune de Jessains (10),false,{10178},Commune,2026-03-24 14:41:53.095366+01,gold_establishments_2025,,,,21100171400016,2025,Collectivité Territoriale,Commune,['Aube'],['Grand Est'],COM,{10},{44}
492024f5-b1fd-4d6f-b63f-18232bebe2d2,216702290,Commune de Jetterswiller (67),false,{67229},Commune,2026-03-24 14:42:07.195692+01,gold_establishments_2025,,,,21670229000018,2025,Collectivité Territoriale,Commune,['Bas-Rhin'],['Grand Est'],COM,{67},{44}
432dae40-9901-46df-80fa-2c50bb2b4b83,216801589,Commune de Jettingen (68),false,{68158},Commune,2026-03-24 14:42:07.195692+01,gold_establishments_2025,,,,21680158900013,2025,Collectivité Territoriale,Commune,['Haut-Rhin'],['Grand Est'],COM,{68},{44}
df3cd4e6-6f1b-46e1-ab3b-6015101c1f1a,213600901,Commune de Jeu-Maloches (36),false,{36090},Commune,2026-03-24 14:41:59.160244+01,gold_establishments_2025,,,,21360090100010,2025,Collectivité Territoriale,Commune,['Indre'],['Centre-Val de Loire'],COM,{36},{24}
182a289f-0718-4615-b846-dd4ba12cdc8e,213600893,Commune de Jeu-les-Bois (36),false,{36089},Commune,2026-03-24 14:41:59.160244+01,gold_establishments_2025,,,,21360089300019,2025,Collectivité Territoriale,Commune,['Indre'],['Centre-Val de Loire'],COM,{36},{24}
0cedfe93-7efe-4413-95d9-13415dbc895d,211001722,Commune de Jeugny (10),false,{10179},Commune,2026-03-24 14:41:53.095366+01,gold_establishments_2025,,,,21100172200019,2025,Collectivité Territoriale,Commune,['Aube'],['Grand Est'],COM,{10},{44}
b2ab3711-90d6-484f-bd0e-22096f583e4c,215903246,Commune de Jeumont (59),false,{59324},Commune,2026-03-24 14:42:04.280096+01,gold_establishments_2025,,,,21590324600019,2025,Collectivité Territoriale,Commune,['Nord'],['Hauts-de-France'],COM,{59},{32}
0334292e-689e-4358-a8d1-766433a83784,213902695,Commune de Jeurre (39),false,{39269},Commune,2026-03-24 14:41:59.705606+01,gold_establishments_2025,,,,21390269500013,2025,Collectivité Territoriale,Commune,['Jura'],['Bourgogne-Franche-Comté'],COM,{39},{27}
ef6ff67d-14e4-465b-9ffb-e55e0f4d8191,212103246,Commune de Jeux-lès-Bard (21),false,{21324},Commune,2026-03-24 14:41:55.433389+01,gold_establishments_2025,,,,21210324600014,2025,Collectivité Territoriale,Commune,"[""Côte-d'Or""]",['Bourgogne-Franche-Comté'],COM,{21},{27}
6c495551-606b-42ae-bdfd-1db9688f28d9,218802536,Commune de Jeuxey (88),false,{88253},Commune,2026-03-24 14:42:11.118516+01,gold_establishments_2025,,,,21880253600019,2025,Collectivité Territoriale,Commune,['Vosges'],['Grand Est'],COM,{88},{44}
731cd361-06b6-4f43-abd6-12fc4db5940b,215402785,Commune de Jevoncourt (54),false,{54278},Commune,2026-03-24 14:42:02.957225+01,gold_establishments_2025,,,,21540278500012,2025,Collectivité Territoriale,Commune,['Meurthe-et-Moselle'],['Grand Est'],COM,{54},{44}
f4ad8ea6-7c91-416e-885a-3a58f7cc5d7a,215402793,Commune de Jezainville (54),false,{54279},Commune,2026-03-24 14:42:02.957225+01,gold_establishments_2025,,,,21540279300016,2025,Collectivité Territoriale,Commune,['Meurthe-et-Moselle'],['Grand Est'],COM,{54},{44}
4a7efd4e-1dc9-421a-9eec-cd0dd596af37,210701090,Commune de Joannas (07),false,{07109},Commune,2026-03-24 14:41:52.562531+01,gold_establishments_2025,,,,21070109000016,2025,Collectivité Territoriale,Commune,['Ardèche'],['Auvergne-Rhône-Alpes'],COM,{07},{84}
72f74612-bf37-41ae-9867-c9f4842e7b64,216301796,Commune de Job (63),false,{63179},Commune,2026-03-24 14:42:06.130387+01,gold_establishments_2025,,,,21630179600019,2025,Collectivité Territoriale,Commune,['Puy-de-Dôme'],['Auvergne-Rhône-Alpes'],COM,{63},{84}
f0bf5235-6ab8-4aa8-aa74-4629a0f3867b,216600890,Commune de Joch (66),false,{66089},Commune,2026-03-24 14:42:06.665412+01,gold_establishments_2025,,,,21660089000018,2025,Collectivité Territoriale,Commune,['Pyrénées-Orientales'],['Occitanie'],COM,{66},{76}
b432629d-fd34-43cc-8917-2d681d61217d,215002585,Commune de Joganville (50),false,{50258},Commune,2026-03-24 14:42:01.412377+01,gold_establishments_2025,,,,21500258500010,2025,Collectivité Territoriale,Commune,['Manche'],['Normandie'],COM,{50},{28}
d2621dea-e77d-4bef-a998-e4d319cdb574,218902062,Commune de Joigny (89),false,{89206},Commune,2026-03-24 14:42:11.118516+01,gold_establishments_2025,,,,21890206200015,2025,Collectivité Territoriale,Commune,['Yonne'],['Bourgogne-Franche-Comté'],COM,{89},{27}
6c91f3b8-e8ec-4117-82c4-bbbb8d7fc16b,210802153,Commune de Joigny-sur-Meuse (08),false,{08237},Commune,2026-03-24 14:41:52.562531+01,gold_establishments_2025,,,,21080215300010,2025,Collectivité Territoriale,Commune,['Ardennes'],['Grand Est'],COM,{08},{44}
2e3a003a-20e4-4332-82a5-6b1186efaa96,215201807,Commune de Joinville (52),false,{52250},Commune,2026-03-24 14:42:01.954481+01,gold_establishments_2025,,,,21520180700017,2025,Collectivité Territoriale,Commune,['Haute-Marne'],['Grand Est'],COM,{52},{44}
8959f68a-8b69-406f-9f97-1e6a5e001f97,219400421,Commune de Joinville-le-Pont (94),false,{94042},Commune,2026-03-24 14:42:11.659493+01,gold_establishments_2025,,,,21940042100018,2025,Collectivité Territoriale,Commune,['Val-de-Marne'],['Île-de-France'],COM,{94},{11}
11129064-7580-454b-b942-bab1c5ac2eb7,215102856,Commune de Joiselle (51),false,{51306},Commune,2026-03-24 14:42:01.954481+01,gold_establishments_2025,,,,21510285600014,2025,Collectivité Territoriale,Commune,['Marne'],['Grand Est'],COM,{51},{44}
09afaa22-47f4-48f0-827f-c2669c90faa8,215903253,Commune de Jolimetz (59),false,{59325},Commune,2026-03-24 14:42:04.280096+01,gold_establishments_2025,,,,21590325300031,2025,Collectivité Territoriale,Commune,['Nord'],['Hauts-de-France'],COM,{59},{32}
56039978-ff27-416b-b995-9edf2697f36e,215402819,Commune de Jolivet (54),false,{54281},Commune,2026-03-24 14:42:02.957225+01,gold_establishments_2025,,,,21540281900019,2025,Collectivité Territoriale,Commune,['Meurthe-et-Moselle'],['Grand Est'],COM,{54},{44}
1f7d1398-c9b6-4878-82eb-6f3b20f52a44,216902791,Commune de Jonage (69),false,{69279},Commune,2026-03-24 14:42:07.735343+01,gold_establishments_2025,,,,21690279100013,2025,Collectivité Territoriale,Commune,['Rhône'],['Auvergne-Rhône-Alpes'],COM,{69},{84}
4e22dc8f-5034-4488-95ef-624eeaccd991,213401219,Commune de Joncels (34),false,{34121},Commune,2026-03-24 14:41:58.620411+01,gold_establishments_2025,,,,21340121900018,2025,Collectivité Territoriale,Commune,['Hérault'],['Occitanie'],COM,{34},{76}
37ed0c99-ca87-404b-8bcf-25e441b8c2ae,219000569,Commune de Joncherey (90),false,{90056},Commune,2026-03-24 14:42:11.659493+01,gold_establishments_2025,,,,21900056900018,2025,Collectivité Territoriale,Commune,['Territoire de Belfort'],['Bourgogne-Franche-Comté'],COM,{90},{27}
387e983c-1dd2-4b26-940b-fa1367a9ea92,215201815,Commune de Jonchery (52),false,{52251},Commune,2026-03-24 14:42:01.954481+01,gold_establishments_2025,,,,21520181500010,2025,Collectivité Territoriale,Commune,['Haute-Marne'],['Grand Est'],COM,{52},{44}
e7da2a30-c9a8-4670-8ad5-97b92926dd86,215102864,Commune de Jonchery-sur-Suippe (51),false,{51307},Commune,2026-03-24 14:42:01.954481+01,gold_establishments_2025,,,,21510286400018,2025,Collectivité Territoriale,Commune,['Marne'],['Grand Est'],COM,{51},{44}
96da0a5c-8ed4-4f90-b868-61d45b21456c,215102872,Commune de Jonchery-sur-Vesle (51),false,{51308},Commune,2026-03-24 14:42:01.954481+01,gold_establishments_2025,,,,21510287200011,2025,Collectivité Territoriale,Commune,['Marne'],['Grand Est'],COM,{51},{44}
32dbcd93-bf14-4eb4-a09a-98aac50634b0,212601520,Commune de Jonchères (26),false,{26152},Commune,2026-03-24 14:41:56.495197+01,gold_establishments_2025,,,,21260152000019,2025,Collectivité Territoriale,Commune,['Drôme'],['Auvergne-Rhône-Alpes'],COM,{26},{84}
59414639-cc6e-46b9-8910-45006ccc774f,210203725,Commune de Joncourt (02),false,{02392},Commune,2026-03-24 14:41:52.020251+01,gold_establishments_2025,,,,21020372500010,2025,Collectivité Territoriale,Commune,['Aisne'],['Hauts-de-France'],COM,{02},{32}
d18caffb-1480-45a4-8387-8fa0d6654fdb,211001730,Commune de Joncreuil (10),false,{10180},Commune,2026-03-24 14:41:53.095366+01,gold_establishments_2025,,,,21100173000012,2025,Collectivité Territoriale,Commune,['Aube'],['Grand Est'],COM,{10},{44}
79a628c7-6b33-4cf6-8da3-ede4fae9c239,217102425,Commune de Joncy (71),false,{71242},Commune,2026-03-24 14:42:07.735343+01,gold_establishments_2025,,,,21710242500014,2025,Collectivité Territoriale,Commune,['Saône-et-Loire'],['Bourgogne-Franche-Comté'],COM,{71},{27}
0891871e-6a44-493a-a965-cea75ff99f83,217301407,Commune de Jongieux (73),false,{73140},Commune,2026-03-24 14:42:08.279287+01,gold_establishments_2025,,,,21730140700011,2025,Collectivité Territoriale,Commune,['Savoie'],['Auvergne-Rhône-Alpes'],COM,{73},{84}
3b9956a5-29a6-4b8b-ab27-6db88dd3be30,218400554,Commune de Jonquerettes (84),false,{84055},Commune,2026-03-24 14:42:10.508772+01,gold_establishments_2025,,,,21840055400018,2025,Collectivité Territoriale,Commune,['Vaucluse'],"[""Provence-Alpes-Côte d'Azur""]",COM,{84},{93}
32075aa5-c05d-40a4-86a5-00135d50a28b,215102880,Commune de Jonquery (51),false,{51309},Commune,2026-03-24 14:42:01.954481+01,gold_establishments_2025,,,,21510288000014,2025,Collectivité Territoriale,Commune,['Marne'],['Grand Est'],COM,{51},{44}
5d0efba8-e73d-46df-bc63-fe5179dcd5d5,211101761,Commune de Jonquières (11),false,{11176},Commune,2026-03-24 14:41:53.63825+01,gold_establishments_2025,,,,21110176100016,2025,Collectivité Territoriale,Commune,['Aude'],['Occitanie'],COM,{11},{76}
92293661-c1ab-4c85-8ff5-7308e76f0355,213401227,Commune de Jonquières (34),false,{34122},Commune,2026-03-24 14:41:58.620411+01,gold_establishments_2025,,,,21340122700011,2025,Collectivité Territoriale,Commune,['Hérault'],['Occitanie'],COM,{34},{76}
e0569f16-42c3-47b3-a447-33925563d9f9,216003236,Commune de Jonquières (60),false,{60326},Commune,2026-03-24 14:42:04.814328+01,gold_establishments_2025,,,,21600323600017,2025,Collectivité Territoriale,Commune,['Oise'],['Hauts-de-France'],COM,{60},{32}
0e7fb277-c12d-45b0-b697-cbaa685b8470,218101095,Commune de Jonquières (81),false,{81109},Commune,2026-03-24 14:42:09.967209+01,gold_establishments_2025,,,,21810109500014,2025,Collectivité Territoriale,Commune,['Tarn'],['Occitanie'],COM,{81},{76}
4deb715d-f99c-4664-99c1-e33969eeac44,218400562,Commune de Jonquières (84),false,{84056},Commune,2026-03-24 14:42:10.508772+01,gold_establishments_2025,,,,21840056200011,2025,Collectivité Territoriale,Commune,['Vaucluse'],"[""Provence-Alpes-Côte d'Azur""]",COM,{84},{93}
588abb0f-93e2-4853-847a-92269c639464,213001357,Commune de Jonquières-Saint-Vincent (30),false,{30135},Commune,2026-03-24 14:41:57.56054+01,gold_establishments_2025,,,,21300135700010,2025,Collectivité Territoriale,Commune,['Gard'],['Occitanie'],COM,{30},{76}
17d60342-12b6-492d-bfa0-0b402e215017,216902809,Commune de Jons (69),false,{69280},Commune,2026-03-24 14:42:07.735343+01,gold_establishments_2025,,,,21690280900062,2025,Collectivité Territoriale,Commune,['Rhône'],['Auvergne-Rhône-Alpes'],COM,{69},{84}
9dcc9791-b9fb-433c-835b-9cb3422ede6a,210802161,Commune de Jonval (08),false,{08238},Commune,2026-03-24 14:41:52.562531+01,gold_establishments_2025,,,,21080216100013,2025,Collectivité Territoriale,Commune,['Ardennes'],['Grand Est'],COM,{08},{44}
c215d016-d9e3-401c-9334-708321384577,217002914,Commune de Jonvelle (70),false,{70291},Commune,2026-03-24 14:42:07.735343+01,gold_establishments_2025,,,,21700291400018,2025,Collectivité Territoriale,Commune,['Haute-Saône'],['Bourgogne-Franche-Comté'],COM,{70},{27}
16effd29-19da-474f-8996-96848dd13629,215502568,Commune de Jonville-en-Woëvre (55),false,{55256},Commune,2026-03-24 14:42:02.957225+01,gold_establishments_2025,,,,21550256800011,2025,Collectivité Territoriale,Commune,['Meuse'],['Grand Est'],COM,{55},{44}
2fe72529-f4d5-40a7-b0e5-b23080dc2330,211701974,Commune de Jonzac (17),false,{17197},Commune,2026-03-24 14:41:54.903238+01,gold_establishments_2025,,,,21170197400019,2025,Collectivité Territoriale,Commune,['Charente-Maritime'],['Nouvelle-Aquitaine'],COM,{17},{75}
f1dac4f8-30f3-40ef-83d1-4964711948ca,217401447,Commune de Jonzier-Épagny (74),false,{74144},Commune,2026-03-24 14:42:08.279287+01,gold_establishments_2025,,,,21740144700016,2025,Collectivité Territoriale,Commune,['Haute-Savoie'],['Auvergne-Rhône-Alpes'],COM,{74},{84}
03afd749-3f91-469a-8b5c-cc7587ef5eea,214201154,Commune de Jonzieux (42),false,{42115},Commune,2026-03-24 14:42:00.273698+01,gold_establishments_2025,,,,21420115400066,2025,Collectivité Territoriale,Commune,['Loire'],['Auvergne-Rhône-Alpes'],COM,{42},{84}
471ab6d4-1edd-4d0d-a36f-07016158382f,215402827,Commune de Joppécourt (54),false,{54282},Commune,2026-03-24 14:42:02.957225+01,gold_establishments_2025,,,,21540282700012,2025,Collectivité Territoriale,Commune,['Meurthe-et-Moselle'],['Grand Est'],COM,{54},{44}
ff1a6414-a30c-4b97-9497-94ca10d9959c,211403456,Commune de Jort (14),false,{14345},Commune,2026-03-24 14:41:54.362296+01,gold_establishments_2025,,,,21140345600018,2025,Collectivité Territoriale,Commune,['Calvados'],['Normandie'],COM,{14},{28}
9434c956-6d40-4569-b988-e58d55c0e192,218802544,Commune de Jorxey (88),false,{88254},Commune,2026-03-24 14:42:11.118516+01,gold_establishments_2025,,,,21880254400013,2025,Collectivité Territoriale,Commune,['Vosges'],['Grand Est'],COM,{88},{44}
8891a345-32bb-4b00-9526-b9e9ec5dafd0,214301079,Commune de Josat (43),false,{43107},Commune,2026-03-24 14:42:00.273698+01,gold_establishments_2025,,,,21430107900015,2025,Collectivité Territoriale,Commune,['Haute-Loire'],['Auvergne-Rhône-Alpes'],COM,{43},{84}
97e0b513-9992-440d-9da5-0481c3350b46,214101057,Commune de Josnes (41),false,{41105},Commune,2026-03-24 14:42:00.273698+01,gold_establishments_2025,,,,21410105700013,2025,Collectivité Territoriale,Commune,['Loir-et-Cher'],['Centre-Val de Loire'],COM,{41},{24}
11ca4a0d-493a-4f95-8fd8-55adb20feada,214001299,Commune de Josse (40),false,{40129},Commune,2026-03-24 14:41:59.705606+01,gold_establishments_2025,,,,21400129900012,2025,Collectivité Territoriale,Commune,['Landes'],['Nouvelle-Aquitaine'],COM,{40},{75}
7a412715-beb7-4e02-9629-138da94950ea,215600917,Commune de Josselin (56),false,{56091},Commune,2026-03-24 14:42:03.701372+01,gold_establishments_2025,,,,21560091700011,2025,Collectivité Territoriale,Commune,['Morbihan'],['Bretagne'],COM,{56},{53}
b9e9a67b-9724-4945-9f92-df29450193fa,217702372,Commune de Jossigny (77),false,{77237},Commune,2026-03-24 14:42:09.43682+01,gold_establishments_2025,,,,21770237200012,2025,Collectivité Territoriale,Commune,['Seine-et-Marne'],['Île-de-France'],COM,{77},{11}
bf7980e9-87d3-4701-a029-521332c1cc0c,211500814,Commune de Jou-sous-Monjou (15),false,{15081},Commune,2026-03-24 14:41:54.362296+01,gold_establishments_2025,,,,21150081400010,2025,Collectivité Territoriale,Commune,['Cantal'],['Auvergne-Rhône-Alpes'],COM,{15},{84}
8d4f0e88-a592-419b-bf92-8eda19ccbf77,218708006,Commune de Jouac (87),false,{87080},Commune,2026-03-24 14:42:11.118516+01,gold_establishments_2025,,,,21870800600018,2025,Collectivité Territoriale,Commune,['Haute-Vienne'],['Nouvelle-Aquitaine'],COM,{87},{75}
cabe7570-7525-4f99-b064-61debd80c1d6,210203733,Commune de Jouaignes (02),false,{02393},Commune,2026-03-24 14:41:52.020251+01,gold_establishments_2025,,,,21020373300014,2025,Collectivité Territoriale,Commune,['Aisne'],['Hauts-de-France'],COM,{02},{32}
dec652b9-23c0-40d1-a02b-61ff144c123b,218902070,Commune de Jouancy (89),false,{89207},Commune,2026-03-24 14:42:11.118516+01,gold_establishments_2025,,,,21890207000018,2025,Collectivité Territoriale,Commune,['Yonne'],['Bourgogne-Franche-Comté'],COM,{89},{27}
62cf7c22-e467-4a17-82b3-ebe31aacf3f3,217702380,Commune de Jouarre (77),false,{77238},Commune,2026-03-24 14:42:09.43682+01,gold_establishments_2025,,,,21770238000015,2025,Collectivité Territoriale,Commune,['Seine-et-Marne'],['Île-de-France'],COM,{77},{11}
cde301a2-f6ee-4603-a8d7-e4f0d1f7b960,217803212,Commune de Jouars-Pontchartrain (78),false,{78321},Commune,2026-03-24 14:42:09.43682+01,gold_establishments_2025,,,,21780321200059,2025,Collectivité Territoriale,Commune,['Yvelines'],['Île-de-France'],COM,{78},{11}
ae5e853c-0476-42b0-9b7d-c1a743c23ff8,215402835,Commune de Jouaville (54),false,{54283},Commune,2026-03-24 14:42:02.957225+01,gold_establishments_2025,,,,21540283500015,2025,Collectivité Territoriale,Commune,['Meurthe-et-Moselle'],['Grand Est'],COM,{54},{44}
c1b84111-ac74-4782-a68e-49b984dfaf99,218400570,Commune de Joucas (84),false,{84057},Commune,2026-03-24 14:42:10.508772+01,gold_establishments_2025,,,,21840057000014,2025,Collectivité Territoriale,Commune,['Vaucluse'],"[""Provence-Alpes-Côte d'Azur""]",COM,{84},{93}
8059c9e1-c715-40c8-87c9-df453c01852f,211101779,Commune de Joucou (11),false,{11177},Commune,2026-03-24 14:41:53.63825+01,gold_establishments_2025,,,,21110177900018,2025,Collectivité Territoriale,Commune,['Aude'],['Occitanie'],COM,{11},{76}
839c9d84-49ad-44a1-b8b6-a2fc86824e24,217102433,Commune de Joudes (71),false,{71243},Commune,2026-03-24 14:42:07.735343+01,gold_establishments_2025,,,,21710243300018,2025,Collectivité Territoriale,Commune,['Saône-et-Loire'],['Bourgogne-Franche-Comté'],COM,{71},{27}
74242ae5-2307-4251-b48d-24ec5848b12b,215402843,Commune de Joudreville (54),false,{54284},Commune,2026-03-24 14:42:02.957225+01,gold_establishments_2025,,,,21540284300019,2025,Collectivité Territoriale,Commune,['Meurthe-et-Moselle'],['Grand Est'],COM,{54},{44}
a8248ef4-c860-4689-8a17-5e97e4e4afb0,211801188,Commune de Jouet-sur-l'Aubois (18),false,{18118},Commune,2026-03-24 14:41:54.903238+01,gold_establishments_2025,,,,21180118800056,2025,Collectivité Territoriale,Commune,['Cher'],['Centre-Val de Loire'],COM,{18},{24}
4514e681-91f6-4a5f-8bef-1fb641be3db1,212103253,Commune de Jouey (21),false,{21325},Commune,2026-03-24 14:41:55.433389+01,gold_establishments_2025,,,,21210325300010,2025,Collectivité Territoriale,Commune,"[""Côte-d'Or""]",['Bourgogne-Franche-Comté'],COM,{21},{27}
a5da6841-9c35-4459-bdcb-26a3906077bb,212503189,Commune de Jougne (25),false,{25318},Commune,2026-03-24 14:41:56.495197+01,gold_establishments_2025,,,,21250318900012,2025,Collectivité Territoriale,Commune,['Doubs'],['Bourgogne-Franche-Comté'],COM,{25},{27}
284b86ee-9d4b-4a5f-ab55-76daecb3e463,213902703,Commune de Jouhe (39),false,{39270},Commune,2026-03-24 14:41:59.705606+01,gold_establishments_2025,,,,21390270300015,2025,Collectivité Territoriale,Commune,['Jura'],['Bourgogne-Franche-Comté'],COM,{39},{27}
5386086c-7cb7-43d7-b5e2-5c9cc492a407,218601177,Commune de Jouhet (86),false,{86117},Commune,2026-03-24 14:42:10.508772+01,gold_establishments_2025,,,,21860117700015,2025,Collectivité Territoriale,Commune,['Vienne'],['Nouvelle-Aquitaine'],COM,{86},{75}
b0ac2b4a-83d0-4b73-ae8b-709051b11ae9,212310106,Commune de Jouillat (23),false,{23101},Commune,2026-03-24 14:41:55.958138+01,gold_establishments_2025,,,,21231010600019,2025,Collectivité Territoriale,Commune,['Creuse'],['Nouvelle-Aquitaine'],COM,{23},{75}
9e9abc5b-9ce0-4811-a634-0db4ef8e57be,211300488,Commune de Jouques (13),false,{13048},Commune,2026-03-24 14:41:53.63825+01,gold_establishments_2025,,,,21130048800015,2025,Collectivité Territoriale,Commune,['Bouches-du-Rhône'],"[""Provence-Alpes-Côte d'Azur""]",COM,{13},{93}
7b3a68c5-df8a-413b-8666-5fadd1d08f9c,218101103,Commune de Jouqueviel (81),false,{81110},Commune,2026-03-24 14:42:09.967209+01,gold_establishments_2025,,,,21810110300016,2025,Collectivité Territoriale,Commune,['Tarn'],['Occitanie'],COM,{81},{76}
b21b5aa2-211f-4f88-a070-24623aa04c64,218708105,Commune de Jourgnac (87),false,{87081},Commune,2026-03-24 14:42:11.118516+01,gold_establishments_2025,,,,21870810500018,2025,Collectivité Territoriale,Commune,['Haute-Vienne'],['Nouvelle-Aquitaine'],COM,{87},{75}
b4ad3470-6e7b-49b8-b5c8-abee9a4a041b,210101978,Commune de Journans (01),false,{01197},Commune,2026-03-24 14:41:51.447482+01,gold_establishments_2025,,,,21010197800018,2025,Collectivité Territoriale,Commune,['Ain'],['Auvergne-Rhône-Alpes'],COM,{01},{84}
2886fb6a-4264-430b-8063-8f32ef18d8f7,218601185,Commune de Journet (86),false,{86118},Commune,2026-03-24 14:42:10.508772+01,gold_establishments_2025,,,,21860118500018,2025,Collectivité Territoriale,Commune,['Vienne'],['Nouvelle-Aquitaine'],COM,{86},{75}
3c465b79-a021-41f6-b079-578931694d57,212402176,Commune de Journiac (24),false,{24217},Commune,2026-03-24 14:41:55.958138+01,gold_establishments_2025,,,,21240217600011,2025,Collectivité Territoriale,Commune,['Dordogne'],['Nouvelle-Aquitaine'],COM,{24},{75}
a2c36f2c-7a25-4092-952e-550be6da2b7a,216204784,Commune de Journy (62),false,{62478},Commune,2026-03-24 14:42:05.597325+01,gold_establishments_2025,,,,21620478400013,2025,Collectivité Territoriale,Commune,['Pas-de-Calais'],['Hauts-de-France'],COM,{62},{32}
43c6c964-85f0-4d4e-aa5c-7dfbe909c1d7,212103261,Commune de Jours-lès-Baigneux (21),false,{21326},Commune,2026-03-24 14:41:55.433389+01,gold_establishments_2025,,,,21210326100013,2025,Collectivité Territoriale,Commune,"[""Côte-d'Or""]",['Bourgogne-Franche-Comté'],COM,{21},{27}
b6a7c85d-1530-4604-baf5-0b3757ef7caa,211500806,Commune de Joursac (15),false,{15080},Commune,2026-03-24 14:41:54.362296+01,gold_establishments_2025,,,,21150080600016,2025,Collectivité Territoriale,Commune,['Cantal'],['Auvergne-Rhône-Alpes'],COM,{15},{84}
421f2849-468c-41b5-9e4a-c6266396ec48,218601193,Commune de Joussé (86),false,{86119},Commune,2026-03-24 14:42:10.508772+01,gold_establishments_2025,,,,21860119300012,2025,Collectivité Territoriale,Commune,['Vienne'],['Nouvelle-Aquitaine'],COM,{86},{75}
2fbc3c2f-8e25-4595-92ee-ba9b849ca50b,217102441,Commune de Jouvençon (71),false,{71244},Commune,2026-03-24 14:42:07.735343+01,gold_establishments_2025,,,,21710244100011,2025,Collectivité Territoriale,Commune,['Saône-et-Loire'],['Bourgogne-Franche-Comté'],COM,{71},{27}
8d75c55f-bc2f-4428-bf4e-613e93ffd40c,216901025,Commune de Joux (69),false,{69102},Commune,2026-03-24 14:42:07.195692+01,gold_establishments_2025,,,,21690102500017,2025,Collectivité Territoriale,Commune,['Rhône'],['Auvergne-Rhône-Alpes'],COM,{69},{84}
b11b70f0-a7dc-4d35-ba4d-b5000b804e9d,218902088,Commune de Joux-la-Ville (89),false,{89208},Commune,2026-03-24 14:42:11.118516+01,gold_establishments_2025,,,,21890208800010,2025,Collectivité Territoriale,Commune,['Yonne'],['Bourgogne-Franche-Comté'],COM,{89},{27}
fddfe56b-0d9c-4ce1-b146-39e5b919ded7,212802011,Commune de Jouy (28),false,{28201},Commune,2026-03-24 14:41:57.028721+01,gold_establishments_2025,,,,21280201100016,2025,Collectivité Territoriale,Commune,['Eure-et-Loir'],['Centre-Val de Loire'],COM,{28},{24}
b2a787b6-4285-47d5-a36d-5da44aa6a535,218902096,Commune de Jouy (89),false,{89209},Commune,2026-03-24 14:42:11.118516+01,gold_establishments_2025,,,,21890209600013,2025,Collectivité Territoriale,Commune,['Yonne'],['Bourgogne-Franche-Comté'],COM,{89},{27}
2b26f808-7233-4ec5-bd3c-69e12382cc83,217803246,Commune de Jouy-Mauvoisin (78),false,{78324},Commune,2026-03-24 14:42:09.43682+01,gold_establishments_2025,,,,21780324600016,2025,Collectivité Territoriale,Commune,['Yvelines'],['Île-de-France'],COM,{78},{11}
7c0000d1-6edc-44a7-8a25-ba1efbabc891,215703505,Commune de Jouy-aux-Arches (57),false,{57350},Commune,2026-03-24 14:42:03.701372+01,gold_establishments_2025,,,,21570350500010,2025,Collectivité Territoriale,Commune,['Moselle'],['Grand Est'],COM,{57},{44}
b4a43322-bd40-4494-8918-4e44c87c6f9d,215502576,Commune de Jouy-en-Argonne (55),false,{55257},Commune,2026-03-24 14:42:02.957225+01,gold_establishments_2025,,,,21550257600014,2025,Collectivité Territoriale,Commune,['Meuse'],['Grand Est'],COM,{55},{44}
1b554415-a97e-454a-b35d-ea3f8c5a68e8,217803220,Commune de Jouy-en-Josas (78),false,{78322},Commune,2026-03-24 14:42:09.43682+01,gold_establishments_2025,,,,21780322000011,2025,Collectivité Territoriale,Commune,['Yvelines'],['Île-de-France'],COM,{78},{11}
77abb6ac-f942-4b16-beec-0b0e5fbb933f,214501744,Commune de Jouy-en-Pithiverais (45),false,{45174},Commune,2026-03-24 14:42:00.862623+01,gold_establishments_2025,,,,21450174400012,2025,Collectivité Territoriale,Commune,['Loiret'],['Centre-Val de Loire'],COM,{45},{24}
953ce50b-efc6-4dba-8394-6fd6ff431fce,217702398,Commune de Jouy-le-Châtel (77),false,{77239},Commune,2026-03-24 14:42:09.43682+01,gold_establishments_2025,,,,21770239800017,2025,Collectivité Territoriale,Commune,['Seine-et-Marne'],['Île-de-France'],COM,{77},{11}
d23894ff-800b-4fda-825b-f568fb107cb4,219503232,Commune de Jouy-le-Moutier (95),false,{95323},Commune,2026-03-24 14:42:11.659493+01,gold_establishments_2025,,,,21950323200015,2025,Collectivité Territoriale,Commune,"[""Val-d'Oise""]",['Île-de-France'],COM,{95},{11}
4caba92b-b991-4361-859b-1fdbc4286719,214501751,Commune de Jouy-le-Potier (45),false,{45175},Commune,2026-03-24 14:42:00.862623+01,gold_establishments_2025,,,,21450175100017,2025,Collectivité Territoriale,Commune,['Loiret'],['Centre-Val de Loire'],COM,{45},{24}
89a40837-107c-4dd4-a4f4-5b021754e45e,215102898,Commune de Jouy-lès-Reims (51),false,{51310},Commune,2026-03-24 14:42:01.954481+01,gold_establishments_2025,,,,21510289800016,2025,Collectivité Territoriale,Commune,['Marne'],['Grand Est'],COM,{51},{44}
47d072f3-093b-4616-a3b7-1304c0e4c204,216003244,Commune de Jouy-sous-Thelle (60),false,{60327},Commune,2026-03-24 14:42:04.814328+01,gold_establishments_2025,,,,21600324400045,2025,Collectivité Territoriale,Commune,['Oise'],['Hauts-de-France'],COM,{60},{32}
45345e5f-c3db-4c43-89c6-c0a3ec018029,212703581,Commune de Jouy-sur-Eure (27),false,{27358},Commune,2026-03-24 14:41:57.028721+01,gold_establishments_2025,,,,21270358100018,2025,Collectivité Territoriale,Commune,['Eure'],['Normandie'],COM,{27},{28}
da5f227e-45b5-4c30-b09c-556c23a65f7f,217702406,Commune de Jouy-sur-Morin (77),false,{77240},Commune,2026-03-24 14:42:09.43682+01,gold_establishments_2025,,,,21770240600018,2025,Collectivité Territoriale,Commune,['Seine-et-Marne'],['Île-de-France'],COM,{77},{11}
c649384f-901a-4963-ab30-06f7a07c3f5c,216102095,Commune de Joué-du-Bois (61),false,{61209},Commune,2026-03-24 14:42:05.597325+01,gold_establishments_2025,,,,21610209500017,2025,Collectivité Territoriale,Commune,['Orne'],['Normandie'],COM,{61},{28}
4a3e42b6-80d5-43be-aaac-cd12f4a325ee,216102103,Commune de Joué-du-Plain (61),false,{61210},Commune,2026-03-24 14:42:05.597325+01,gold_establishments_2025,,,,21610210300019,2025,Collectivité Territoriale,Commune,['Orne'],['Normandie'],COM,{61},{28}
5c586bb2-3251-4af1-911e-80588e864f42,217201490,Commune de Joué-en-Charnie (72),false,{72149},Commune,2026-03-24 14:42:08.279287+01,gold_establishments_2025,,,,21720149000018,2025,Collectivité Territoriale,Commune,['Sarthe'],['Pays de la Loire'],COM,{72},{52}
ad94c2cc-cbd7-4819-8693-f46694afe777,217201508,Commune de Joué-l'Abbé (72),false,{72150},Commune,2026-03-24 14:42:08.279287+01,gold_establishments_2025,,,,21720150800074,2025,Collectivité Territoriale,Commune,['Sarthe'],['Pays de la Loire'],COM,{72},{52}
d6114f73-f8d6-4243-bd91-f8bf3024dd79,213701220,Commune de Joué-lès-Tours (37),false,{37122},Commune,2026-03-24 14:41:59.160244+01,gold_establishments_2025,,,,21370122000013,2025,Collectivité Territoriale,Commune,['Indre-et-Loire'],['Centre-Val de Loire'],COM,{37},{24}
77fd9954-36a5-4361-9d77-cd7be8916114,214400772,Commune de Joué-sur-Erdre (44),false,{44077},Commune,2026-03-24 14:42:00.273698+01,gold_establishments_2025,,,,21440077200015,2025,Collectivité Territoriale,Commune,['Loire-Atlantique'],['Pays de la Loire'],COM,{44},{52}
1e52802e-7cc2-462f-b6b5-674452c8a1ca,210701108,Commune de Joyeuse (07),false,{07110},Commune,2026-03-24 14:41:52.562531+01,gold_establishments_2025,,,,21070110800065,2025,Collectivité Territoriale,Commune,['Ardèche'],['Auvergne-Rhône-Alpes'],COM,{07},{84}
5b3303cf-319a-4a24-a775-7990977d5a9b,210101986,Commune de Joyeux (01),false,{01198},Commune,2026-03-24 14:41:51.447482+01,gold_establishments_2025,,,,21010198600011,2025,Collectivité Territoriale,Commune,['Ain'],['Auvergne-Rhône-Alpes'],COM,{01},{84}
5645974e-0cc1-48cd-acc9-5755ebeb2b40,216301804,Commune de Joze (63),false,{63180},Commune,2026-03-24 14:42:06.130387+01,gold_establishments_2025,,,,21630180400011,2025,Collectivité Territoriale,Commune,['Puy-de-Dôme'],['Auvergne-Rhône-Alpes'],COM,{63},{84}
58cd812b-6a9a-4e15-85d0-1699d43698a8,216301812,Commune de Jozerand (63),false,{63181},Commune,2026-03-24 14:42:06.130387+01,gold_establishments_2025,,,,21630181200014,2025,Collectivité Territoriale,Commune,['Puy-de-Dôme'],['Auvergne-Rhône-Alpes'],COM,{63},{84}
be5133fb-2442-499c-ba65-ec691e4a3472,211403464,Commune de Juaye-Mondaye (14),false,{14346},Commune,2026-03-24 14:41:54.362296+01,gold_establishments_2025,,,,21140346400012,2025,Collectivité Territoriale,Commune,['Calvados'],['Normandie'],COM,{14},{28}
8325b17e-8bf5-4f34-8401-641530992731,218802551,Commune de Jubainville (88),false,{88255},Commune,2026-03-24 14:42:11.118516+01,gold_establishments_2025,,,,21880255100018,2025,Collectivité Territoriale,Commune,['Vosges'],['Grand Est'],COM,{88},{44}
c619ee24-cbd9-4fc0-9eb1-cf54937a7a57,215301227,Commune de Jublains (53),false,{53122},Commune,2026-03-24 14:42:02.957225+01,gold_establishments_2025,,,,21530122700017,2025,Collectivité Territoriale,Commune,['Mayenne'],['Pays de la Loire'],COM,{53},{52}
646761d1-548f-4bda-8159-31808025bb10,213302094,Commune de Jugazan (33),false,{33209},Commune,2026-03-24 14:41:58.620411+01,gold_establishments_2025,,,,21330209400015,2025,Collectivité Territoriale,Commune,['Gironde'],['Nouvelle-Aquitaine'],COM,{33},{75}
c8e13edf-6eba-42a0-ac85-78a42837e56d,211909304,Commune de Jugeals-Nazareth (19),false,{19093},Commune,2026-03-24 14:41:54.903238+01,gold_establishments_2025,,,,21190930400019,2025,Collectivité Territoriale,Commune,['Corrèze'],['Nouvelle-Aquitaine'],COM,{19},{75}
72179aef-ffa5-4d92-a7c6-843745d72f98,200056711,Commune de Jugon-les-Lacs (22),false,{22084},Commune,2026-03-24 14:41:55.433389+01,gold_establishments_2025,,,,20005671100019,2025,Collectivité Territoriale,Commune,"[""Côtes-d'Armor""]",['Bretagne'],COM,{22},{53}
35be1dcd-48ea-4aad-b835-f71df195bcfd,217102458,Commune de Jugy (71),false,{71245},Commune,2026-03-24 14:42:07.735343+01,gold_establishments_2025,,,,21710245800015,2025,Collectivité Territoriale,Commune,['Saône-et-Loire'],['Bourgogne-Franche-Comté'],COM,{71},{27}
dcc3974a-2dc6-4dab-b199-c644929c6b64,211701982,Commune de Juicq (17),false,{17198},Commune,2026-03-24 14:41:54.903238+01,gold_establishments_2025,,,,21170198200012,2025,Collectivité Territoriale,Commune,['Charente-Maritime'],['Nouvelle-Aquitaine'],COM,{17},{75}
d8309d03-ea14-417f-9596-c52bb50138cd,217102466,Commune de Juif (71),false,{71246},Commune,2026-03-24 14:42:07.735343+01,gold_establishments_2025,,,,21710246600018,2025,Collectivité Territoriale,Commune,['Saône-et-Loire'],['Bourgogne-Franche-Comté'],COM,{71},{27}
a4d6c816-db4a-416e-a749-56c3b026bfe7,211601703,Commune de Juignac (16),false,{16170},Commune,2026-03-24 14:41:54.362296+01,gold_establishments_2025,,,,21160170300013,2025,Collectivité Territoriale,Commune,['Charente'],['Nouvelle-Aquitaine'],COM,{16},{75}
b57a45b1-3c51-438f-8774-ce4cc2d54d88,212703599,Commune de Juignettes (27),false,{27359},Commune,2026-03-24 14:41:57.028721+01,gold_establishments_2025,,,,21270359900010,2025,Collectivité Territoriale,Commune,['Eure'],['Normandie'],COM,{27},{28}
4419e597-c863-4137-ad65-f218fcaa2acb,214400780,Commune de Juigné-des-Moutiers (44),false,{44078},Commune,2026-03-24 14:42:00.273698+01,gold_establishments_2025,,,,21440078000018,2025,Collectivité Territoriale,Commune,['Loire-Atlantique'],['Pays de la Loire'],COM,{44},{52}
9fde7b80-ba39-44e0-844c-1ebff186c024,217201516,Commune de Juigné-sur-Sarthe (72),false,{72151},Commune,2026-03-24 14:42:08.279287+01,gold_establishments_2025,,,,21720151600069,2025,Collectivité Territoriale,Commune,['Sarthe'],['Pays de la Loire'],COM,{72},{52}
fd16f603-e50f-459c-8441-c62d7832bd51,211909403,Commune de Juillac (19),false,{19094},Commune,2026-03-24 14:41:54.903238+01,gold_establishments_2025,,,,21190940300019,2025,Collectivité Territoriale,Commune,['Corrèze'],['Nouvelle-Aquitaine'],COM,{19},{75}
ea7d0a3e-ed5b-4337-9863-12dcdcc265d3,213201643,Commune de Juillac (32),false,{32164},Commune,2026-03-24 14:41:58.09424+01,gold_establishments_2025,,,,21320164300011,2025,Collectivité Territoriale,Commune,['Gers'],['Occitanie'],COM,{32},{76}
146f8f40-ddec-42bc-ae57-40978afce00e,213302102,Commune de Juillac (33),false,{33210},Commune,2026-03-24 14:41:58.620411+01,gold_establishments_2025,,,,21330210200016,2025,Collectivité Territoriale,Commune,['Gironde'],['Nouvelle-Aquitaine'],COM,{33},{75}
dce74cc5-162a-4eff-a0ad-78fb3527388f,211601711,Commune de Juillac-le-Coq (16),false,{16171},Commune,2026-03-24 14:41:54.362296+01,gold_establishments_2025,,,,21160171100016,2025,Collectivité Territoriale,Commune,['Charente'],['Nouvelle-Aquitaine'],COM,{16},{75}
2e13f9ce-42bf-4cd2-9803-0d3211024876,216502351,Commune de Juillan (65),false,{65235},Commune,2026-03-24 14:42:06.665412+01,gold_establishments_2025,,,,21650235100010,2025,Collectivité Territoriale,Commune,['Hautes-Pyrénées'],['Occitanie'],COM,{65},{76}
d6f9ecd7-b3b9-48a4-a095-1db87cfb730f,212103287,Commune de Juillenay (21),false,{21328},Commune,2026-03-24 14:41:55.433389+01,gold_establishments_2025,,,,21210328700018,2025,Collectivité Territoriale,Commune,"[""Côte-d'Or""]",['Bourgogne-Franche-Comté'],COM,{21},{27}
f5fa159b-8526-499b-accd-35cca7920582,213201650,Commune de Juilles (32),false,{32165},Commune,2026-03-24 14:41:58.09424+01,gold_establishments_2025,,,,21320165000016,2025,Collectivité Territoriale,Commune,['Gers'],['Occitanie'],COM,{32},{76}
e1a96d8c-c346-420a-b7d2-f89465c2c66a,215002593,Commune de Juilley (50),false,{50259},Commune,2026-03-24 14:42:01.412377+01,gold_establishments_2025,,,,21500259300048,2025,Collectivité Territoriale,Commune,['Manche'],['Normandie'],COM,{50},{28}
f58582ff-9be7-444e-9cfa-030770474836,212103295,Commune de Juilly (21),false,{21329},Commune,2026-03-24 14:41:55.433389+01,gold_establishments_2025,,,,21210329500011,2025,Collectivité Territoriale,Commune,"[""Côte-d'Or""]",['Bourgogne-Franche-Comté'],COM,{21},{27}
edeca07b-e157-4f33-9334-cbf9199f4b8b,217702414,Commune de Juilly (77),false,{77241},Commune,2026-03-24 14:42:09.43682+01,gold_establishments_2025,,,,21770241400012,2025,Collectivité Territoriale,Commune,['Seine-et-Marne'],['Île-de-France'],COM,{77},{11}
a623f5a3-080d-4006-b6be-47333202acd3,211601737,Commune de Juillé (16),false,{16173},Commune,2026-03-24 14:41:54.362296+01,gold_establishments_2025,,,,21160173700011,2025,Collectivité Territoriale,Commune,['Charente'],['Nouvelle-Aquitaine'],COM,{16},{75}
63e56073-3869-4888-8395-c05bf60f80f7,217201524,Commune de Juillé (72),false,{72152},Commune,2026-03-24 14:42:08.279287+01,gold_establishments_2025,,,,21720152400048,2025,Collectivité Territoriale,Commune,['Sarthe'],['Pays de la Loire'],COM,{72},{52}
3c92d5b0-b9fd-4a76-98fa-0ac197cc3615,217901420,Commune de Juillé (79),false,{79142},Commune,2026-03-24 14:42:09.43682+01,gold_establishments_2025,,,,21790142000018,2025,Collectivité Territoriale,Commune,['Deux-Sèvres'],['Nouvelle-Aquitaine'],COM,{79},{75}
b25155ff-1baa-4275-9bbf-82d1e39fb3c8,216600908,Commune de Jujols (66),false,{66090},Commune,2026-03-24 14:42:06.665412+01,gold_establishments_2025,,,,21660090800018,2025,Collectivité Territoriale,Commune,['Pyrénées-Orientales'],['Occitanie'],COM,{66},{76}
7d516eff-e7e4-4cd7-b590-1a0e9466ad87,210101994,Commune de Jujurieux (01),false,{01199},Commune,2026-03-24 14:41:51.447482+01,gold_establishments_2025,,,,21010199400015,2025,Collectivité Territoriale,Commune,['Ain'],['Auvergne-Rhône-Alpes'],COM,{01},{84}
a4ca2f6f-85b4-4eb2-afdb-3b7c7aae83c3,214800773,Commune de Julianges (48),false,{48077},Commune,2026-03-24 14:42:01.412377+01,gold_establishments_2025,,,,21480077300019,2025,Collectivité Territoriale,Commune,['Lozère'],['Occitanie'],COM,{48},{76}
570cfc6c-63a4-484d-ae8a-2b9f03b347f5,211601745,Commune de Julienne (16),false,{16174},Commune,2026-03-24 14:41:54.362296+01,gold_establishments_2025,,,,21160174500014,2025,Collectivité Territoriale,Commune,['Charente'],['Nouvelle-Aquitaine'],COM,{16},{75}
68eaa075-a256-4e89-b477-492563733ac7,216901033,Commune de Juliénas (69),false,{69103},Commune,2026-03-24 14:42:07.195692+01,gold_establishments_2025,,,,21690103300011,2025,Collectivité Territoriale,Commune,['Rhône'],['Auvergne-Rhône-Alpes'],COM,{69},{84}
09e296b5-d87e-41b9-bc38-9d1337436e2a,214301087,Commune de Jullianges (43),false,{43108},Commune,2026-03-24 14:42:00.273698+01,gold_establishments_2025,,,,21430108700018,2025,Collectivité Territoriale,Commune,['Haute-Loire'],['Auvergne-Rhône-Alpes'],COM,{43},{84}
78953d41-a07a-47e2-8c7c-7e243e67d078,216901041,Commune de Jullié (69),false,{69104},Commune,2026-03-24 14:42:07.195692+01,gold_establishments_2025,,,,21690104100014,2025,Collectivité Territoriale,Commune,['Rhône'],['Auvergne-Rhône-Alpes'],COM,{69},{84}
477b80fc-dfab-4a9c-b420-7d61165ca596,215000662,Commune de Jullouville (50),false,{50066},Commune,2026-03-24 14:42:01.412377+01,gold_establishments_2025,,,,21500066200019,2025,Collectivité Territoriale,Commune,['Manche'],['Normandie'],COM,{50},{28}
a0dd7f63-6aea-41cb-8f04-c2aed6d794c5,218902104,Commune de Jully (89),false,{89210},Commune,2026-03-24 14:42:11.118516+01,gold_establishments_2025,,,,21890210400015,2025,Collectivité Territoriale,Commune,['Yonne'],['Bourgogne-Franche-Comté'],COM,{89},{27}
aa01ddd0-a4bf-432c-8fb7-26c993accdbc,217102474,Commune de Jully-lès-Buxy (71),false,{71247},Commune,2026-03-24 14:42:07.735343+01,gold_establishments_2025,,,,21710247400012,2025,Collectivité Territoriale,Commune,['Saône-et-Loire'],['Bourgogne-Franche-Comté'],COM,{71},{27}
d1b303da-fb04-4a5d-bafa-9f80a57d2ede,211001748,Commune de Jully-sur-Sarce (10),false,{10181},Commune,2026-03-24 14:41:53.095366+01,gold_establishments_2025,,,,21100174800014,2025,Collectivité Territoriale,Commune,['Aube'],['Grand Est'],COM,{10},{44}
c057ed4f-31c0-4623-a1f9-a50d05266573,216502369,Commune de Julos (65),false,{65236},Commune,2026-03-24 14:42:06.665412+01,gold_establishments_2025,,,,21650236900012,2025,Collectivité Territoriale,Commune,['Hautes-Pyrénées'],['Occitanie'],COM,{65},{76}
423622dd-ad6f-4d49-a275-9baa90a8472d,215502600,Commune de Julvécourt (55),false,{55260},Commune,2026-03-24 14:42:02.957225+01,gold_establishments_2025,,,,21550260000012,2025,Collectivité Territoriale,Commune,['Meuse'],['Grand Est'],COM,{55},{44}
bfdafa5c-50fd-4b37-8606-8144d5ef93eb,217803253,Commune de Jumeauville (78),false,{78325},Commune,2026-03-24 14:42:09.43682+01,gold_establishments_2025,,,,21780325300012,2025,Collectivité Territoriale,Commune,['Yvelines'],['Île-de-France'],COM,{78},{11}
5bae1237-91d8-4971-a661-50b3ba77b846,216301820,Commune de Jumeaux (63),false,{63182},Commune,2026-03-24 14:42:06.130387+01,gold_establishments_2025,,,,21630182000017,2025,Collectivité Territoriale,Commune,['Puy-de-Dôme'],['Auvergne-Rhône-Alpes'],COM,{63},{84}
31bf5a79-65a9-4f36-b387-f8c093d1d299,218004323,Commune de Jumel (80),false,{80452},Commune,2026-03-24 14:42:09.967209+01,gold_establishments_2025,,,,21800432300018,2025,Collectivité Territoriale,Commune,['Somme'],['Hauts-de-France'],COM,{80},{32}
2e8af012-ce3f-43e5-92cc-d55cc5dde1ec,212703607,Commune de Jumelles (27),false,{27360},Commune,2026-03-24 14:41:57.028721+01,gold_establishments_2025,,,,21270360700011,2025,Collectivité Territoriale,Commune,['Eure'],['Normandie'],COM,{27},{28}
239cf6ca-1adc-4647-8fed-9d85bc7615c3,210203741,Commune de Jumencourt (02),false,{02395},Commune,2026-03-24 14:41:52.020251+01,gold_establishments_2025,,,,21020374100017,2025,Collectivité Territoriale,Commune,['Aisne'],['Hauts-de-France'],COM,{02},{32}
fa3e0cbb-a1e6-414c-b283-356ce5257eab,210203758,Commune de Jumigny (02),false,{02396},Commune,2026-03-24 14:41:52.020251+01,gold_establishments_2025,,,,21020375800011,2025,Collectivité Territoriale,Commune,['Aisne'],['Hauts-de-France'],COM,{02},{32}
2801af0c-986a-4b58-8b64-bc35143fb3d1,212402184,Commune de Jumilhac-le-Grand (24),false,{24218},Commune,2026-03-24 14:41:55.958138+01,gold_establishments_2025,,,,21240218400015,2025,Collectivité Territoriale,Commune,['Dordogne'],['Nouvelle-Aquitaine'],COM,{24},{75}
f36af7de-522a-42d1-9d37-5adb84bcba2b,217603786,Commune de Jumièges (76),false,{76378},Commune,2026-03-24 14:42:08.818969+01,gold_establishments_2025,,,,21760378600013,2025,Collectivité Territoriale,Commune,['Seine-Maritime'],['Normandie'],COM,{76},{28}
968b0666-0e64-4079-8b48-e987085b2961,213001365,Commune de Junas (30),false,{30136},Commune,2026-03-24 14:41:57.56054+01,gold_establishments_2025,,,,21300136500013,2025,Collectivité Territoriale,Commune,['Gard'],['Occitanie'],COM,{30},{76}
1e622f3c-9844-4971-a756-66c7d9765eef,218902112,Commune de Junay (89),false,{89211},Commune,2026-03-24 14:42:11.118516+01,gold_establishments_2025,,,,21890211200018,2025,Collectivité Territoriale,Commune,['Yonne'],['Bourgogne-Franche-Comté'],COM,{89},{27}
4bbb0ec5-24f6-47d6-a3a4-dc2fd14c9eb3,216502377,Commune de Juncalas (65),false,{65237},Commune,2026-03-24 14:42:06.665412+01,gold_establishments_2025,,,,21650237700015,2025,Collectivité Territoriale,Commune,['Hautes-Pyrénées'],['Occitanie'],COM,{65},{76}
0976e485-4e52-4110-9386-a5efbb79e809,216801597,Commune de Jungholtz (68),false,{68159},Commune,2026-03-24 14:42:07.195692+01,gold_establishments_2025,,,,21680159700016,2025,Collectivité Territoriale,Commune,['Haut-Rhin'],['Grand Est'],COM,{68},{44}
68208e61-d1b8-486d-943f-1a2b8e819434,211500822,Commune de Junhac (15),false,{15082},Commune,2026-03-24 14:41:54.362296+01,gold_establishments_2025,,,,21150082200013,2025,Collectivité Territoriale,Commune,['Cantal'],['Auvergne-Rhône-Alpes'],COM,{15},{84}
eaf360a3-02ff-4fbe-a79d-f55da8538d37,210802179,Commune de Juniville (08),false,{08239},Commune,2026-03-24 14:41:52.562531+01,gold_establishments_2025,,,,21080217900015,2025,Collectivité Territoriale,Commune,['Ardennes'],['Grand Est'],COM,{08},{44}
17fe0fb6-22db-4569-a650-ae2ff3e70675,217201532,Commune de Jupilles (72),false,{72153},Commune,2026-03-24 14:42:08.279287+01,gold_establishments_2025,,,,21720153200017,2025,Collectivité Territoriale,Commune,['Sarthe'],['Pays de la Loire'],COM,{72},{52}
77d9570f-c80c-4a9b-8bfd-e93786880d5a,214501769,Commune de Juranville (45),false,{45176},Commune,2026-03-24 14:42:00.862623+01,gold_establishments_2025,,,,21450176900019,2025,Collectivité Territoriale,Commune,['Loiret'],['Centre-Val de Loire'],COM,{45},{24}
5cc7f4d3-9376-44b1-8bbe-e900906800b8,216402842,Commune de Jurançon (64),false,{64284},Commune,2026-03-24 14:42:06.130387+01,gold_establishments_2025,,,,21640284200019,2025,Collectivité Territoriale,Commune,['Pyrénées-Atlantiques'],['Nouvelle-Aquitaine'],COM,{64},{75}
ce979b6a-0a0e-4858-8b60-172d19ef9fcf,213102429,Commune de Jurvielle (31),false,{31242},Commune,2026-03-24 14:41:58.09424+01,gold_establishments_2025,,,,21310242900015,2025,Collectivité Territoriale,Commune,['Haute-Garonne'],['Occitanie'],COM,{31},{76}
1d0d16ea-2bbf-4ba7-be91-ff75bad4ea22,215703513,Commune de Jury (57),false,{57351},Commune,2026-03-24 14:42:03.701372+01,gold_establishments_2025,,,,21570351300014,2025,Collectivité Territoriale,Commune,['Moselle'],['Grand Est'],COM,{57},{44}
b3af36be-ee64-46cc-91f2-3f83d76764b6,214201162,Commune de Juré (42),false,{42116},Commune,2026-03-24 14:42:00.273698+01,gold_establishments_2025,,,,21420116200010,2025,Collectivité Territoriale,Commune,['Loire'],['Auvergne-Rhône-Alpes'],COM,{42},{84}
b59621c8-aaa3-4758-9e69-4d6bce1eb9f7,217901446,Commune de Juscorps (79),false,{79144},Commune,2026-03-24 14:42:09.43682+01,gold_establishments_2025,,,,21790144600013,2025,Collectivité Territoriale,Commune,['Deux-Sèvres'],['Nouvelle-Aquitaine'],COM,{79},{75}
325e64e3-e2aa-471a-afac-7dcecffc3d18,214701203,Commune de Jusix (47),false,{47120},Commune,2026-03-24 14:42:00.862623+01,gold_establishments_2025,,,,21470120300017,2025,Collectivité Territoriale,Commune,['Lot-et-Garonne'],['Nouvelle-Aquitaine'],COM,{47},{75}
adb78bff-cfbc-4265-aab6-30538a47a57e,211500830,Commune de Jussac (15),false,{15083},Commune,2026-03-24 14:41:54.362296+01,gold_establishments_2025,,,,21150083000016,2025,Collectivité Territoriale,Commune,['Cantal'],['Auvergne-Rhône-Alpes'],COM,{15},{84}
f9eb46bc-e774-4694-89ec-f7894802cecd,218802569,Commune de Jussarupt (88),false,{88256},Commune,2026-03-24 14:42:11.118516+01,gold_establishments_2025,,,,21880256900010,2025,Collectivité Territoriale,Commune,['Vosges'],['Grand Est'],COM,{88},{44}
4c725367-d174-46ed-a611-d627a09785ba,211701990,Commune de Jussas (17),false,{17199},Commune,2026-03-24 14:41:54.903238+01,gold_establishments_2025,,,,21170199000015,2025,Collectivité Territoriale,Commune,['Charente-Maritime'],['Nouvelle-Aquitaine'],COM,{17},{75}
3cffe66e-6601-439c-b893-1c7b6cdbe4e9,215102906,Commune de Jussecourt-Minecourt (51),false,{51311},Commune,2026-03-24 14:42:01.954481+01,gold_establishments_2025,,,,21510290600041,2025,Collectivité Territoriale,Commune,['Marne'],['Grand Est'],COM,{51},{44}
f4c09d0b-f928-4426-9d14-8b4b1db69726,217002922,Commune de Jussey (70),false,{70292},Commune,2026-03-24 14:42:07.735343+01,gold_establishments_2025,,,,21700292200011,2025,Collectivité Territoriale,Commune,['Haute-Saône'],['Bourgogne-Franche-Comté'],COM,{70},{27}
029c026a-1013-4a3d-a9ba-a29864f36fd4,210203766,Commune de Jussy (02),false,{02397},Commune,2026-03-24 14:41:52.020251+01,gold_establishments_2025,,,,21020376600014,2025,Collectivité Territoriale,Commune,['Aisne'],['Hauts-de-France'],COM,{02},{32}
0c172cad-7db4-4cc4-ad61-c5d6373affe1,215703521,Commune de Jussy (57),false,{57352},Commune,2026-03-24 14:42:03.701372+01,gold_establishments_2025,,,,21570352100033,2025,Collectivité Territoriale,Commune,['Moselle'],['Grand Est'],COM,{57},{44}
308be86a-1272-4e17-82b9-c8c1758806b1,218902120,Commune de Jussy (89),false,{89212},Commune,2026-03-24 14:42:11.118516+01,gold_establishments_2025,,,,21890212000011,2025,Collectivité Territoriale,Commune,['Yonne'],['Bourgogne-Franche-Comté'],COM,{89},{27}
5738f58f-608e-4b72-be9f-44de7c1e9b93,211801196,Commune de Jussy-Champagne (18),false,{18119},Commune,2026-03-24 14:41:54.903238+01,gold_establishments_2025,,,,21180119600018,2025,Collectivité Territoriale,Commune,['Cher'],['Centre-Val de Loire'],COM,{18},{24}
dc39f17f-cbfc-4ad4-9699-fa07e1d98ebb,211801204,Commune de Jussy-le-Chaudrier (18),false,{18120},Commune,2026-03-24 14:41:54.903238+01,gold_establishments_2025,,,,21180120400036,2025,Collectivité Territoriale,Commune,['Cher'],['Centre-Val de Loire'],COM,{18},{24}
3a61bf5b-6672-4afc-9263-e5f821e5f6c4,213201668,Commune de Justian (32),false,{32166},Commune,2026-03-24 14:41:58.09424+01,gold_establishments_2025,,,,21320166800018,2025,Collectivité Territoriale,Commune,['Gers'],['Occitanie'],COM,{32},{76}
ee2d4bd5-a3a5-4aba-83a5-7d19cab5d1b0,210802187,Commune de Justine-Herbigny (08),false,{08240},Commune,2026-03-24 14:41:52.562531+01,gold_establishments_2025,,,,21080218700018,2025,Collectivité Territoriale,Commune,['Ardennes'],['Grand Est'],COM,{08},{44}
1b5197ad-9f02-463e-b7e3-b50e6b371b3e,210901468,Commune de Justiniac (09),false,{09146},Commune,2026-03-24 14:41:53.095366+01,gold_establishments_2025,,,,21090146800012,2025,Collectivité Territoriale,Commune,['Ariège'],['Occitanie'],COM,{09},{76}
25e55407-5d92-45fa-9281-91fbad6b4a2a,217702422,Commune de Jutigny (77),false,{77242},Commune,2026-03-24 14:42:09.43682+01,gold_establishments_2025,,,,21770242200015,2025,Collectivité Territoriale,Commune,['Seine-et-Marne'],['Île-de-France'],COM,{77},{11}
bdfb5a0d-593b-4c81-b385-273e64628eb7,218802577,Commune de Juvaincourt (88),false,{88257},Commune,2026-03-24 14:42:11.118516+01,gold_establishments_2025,,,,21880257700013,2025,Collectivité Territoriale,Commune,['Vosges'],['Grand Est'],COM,{88},{44}
dea349eb-514b-408b-92d7-ea626761c77b,211001755,Commune de Juvancourt (10),false,{10182},Commune,2026-03-24 14:41:53.095366+01,gold_establishments_2025,,,,21100175500019,2025,Collectivité Territoriale,Commune,['Aube'],['Grand Est'],COM,{10},{44}
6847a306-addb-4c9a-8cdc-0c28ea94575b,211001763,Commune de Juvanzé (10),false,{10183},Commune,2026-03-24 14:41:53.095366+01,gold_establishments_2025,,,,21100176300013,2025,Collectivité Territoriale,Commune,['Aube'],['Grand Est'],COM,{10},{44}
89d44fba-c25b-481a-be4c-e89ea4aa5735,214901704,Commune de Juvardeil (49),false,{49170},Commune,2026-03-24 14:42:01.412377+01,gold_establishments_2025,,,,21490170400012,2025,Collectivité Territoriale,Commune,['Maine-et-Loire'],['Pays de la Loire'],COM,{49},{52}
c31fc03b-21a8-4e2b-b416-d8ed68948f6b,215703539,Commune de Juvelize (57),false,{57353},Commune,2026-03-24 14:42:03.701372+01,gold_establishments_2025,,,,21570353900019,2025,Collectivité Territoriale,Commune,['Moselle'],['Grand Est'],COM,{57},{44}
2478979d-52d5-4ad5-a3c1-d2e3f84d18e1,213401235,Commune de Juvignac (34),false,{34123},Commune,2026-03-24 14:41:58.620411+01,gold_establishments_2025,,,,21340123500014,2025,Collectivité Territoriale,Commune,['Hérault'],['Occitanie'],COM,{34},{76}
9de5c14a-96a3-4410-8104-cb62a513a8f9,216003251,Commune de Juvignies (60),false,{60328},Commune,2026-03-24 14:42:04.814328+01,gold_establishments_2025,,,,21600325100016,2025,Collectivité Territoriale,Commune,['Oise'],['Hauts-de-France'],COM,{60},{32}
6bc76cf3-59d1-4ba5-afa6-0d42020b3260,210203774,Commune de Juvigny (02),false,{02398},Commune,2026-03-24 14:41:52.020251+01,gold_establishments_2025,,,,21020377400018,2025,Collectivité Territoriale,Commune,['Aisne'],['Hauts-de-France'],COM,{02},{32}
875449b0-670a-491a-bf5d-8cac19046de5,215102914,Commune de Juvigny (51),false,{51312},Commune,2026-03-24 14:42:01.954481+01,gold_establishments_2025,,,,21510291400011,2025,Collectivité Territoriale,Commune,['Marne'],['Grand Est'],COM,{51},{44}
5104097c-7f2b-4459-aed4-927ef4bb2c52,217401454,Commune de Juvigny (74),false,{74145},Commune,2026-03-24 14:42:08.279287+01,gold_establishments_2025,,,,21740145400012,2025,Collectivité Territoriale,Commune,['Haute-Savoie'],['Auvergne-Rhône-Alpes'],COM,{74},{84}
3c5e835f-ff10-4c57-a873-66602c8941c5,200060069,Commune de Juvigny Val d'Andaine (61),false,{61211},Commune,2026-03-24 14:42:05.597325+01,gold_establishments_2025,,,,20006006900164,2025,Collectivité Territoriale,Commune,['Orne'],['Normandie'],COM,{61},{28}
7c94e3a2-2ebe-4147-97d6-76c74ba38014,200063261,Commune de Juvigny les Vallées (50),false,{50260},Commune,2026-03-24 14:42:01.412377+01,gold_establishments_2025,,,,20006326100016,2025,Collectivité Territoriale,Commune,['Manche'],['Normandie'],COM,{50},{28}
a53c3ade-1143-4a2b-a6f7-6a5dbff96d3c,215502618,Commune de Juvigny-en-Perthois (55),false,{55261},Commune,2026-03-24 14:42:02.957225+01,gold_establishments_2025,,,,21550261800014,2025,Collectivité Territoriale,Commune,['Meuse'],['Grand Est'],COM,{55},{44}
ee8a7040-bd4d-4a5a-8588-351b9500609f,215502626,Commune de Juvigny-sur-Loison (55),false,{55262},Commune,2026-03-24 14:42:02.957225+01,gold_establishments_2025,,,,21550262600017,2025,Collectivité Territoriale,Commune,['Meuse'],['Grand Est'],COM,{55},{44}
24fd0689-c4da-4630-8b4c-e3de751fb51b,216102129,Commune de Juvigny-sur-Orne (61),false,{61212},Commune,2026-03-24 14:42:05.597325+01,gold_establishments_2025,,,,21610212900014,2025,Collectivité Territoriale,Commune,['Orne'],['Normandie'],COM,{61},{28}
8c4a0352-7b13-4e72-98f8-e8064729d3a9,211403480,Commune de Juvigny-sur-Seulles (14),false,{14348},Commune,2026-03-24 14:41:54.362296+01,gold_establishments_2025,,,,21140348000018,2025,Collectivité Territoriale,Commune,['Calvados'],['Normandie'],COM,{14},{28}
1a47679d-d9bb-4bbd-8838-d31af95d7660,215301235,Commune de Juvigné (53),false,{53123},Commune,2026-03-24 14:42:02.957225+01,gold_establishments_2025,,,,21530123500010,2025,Collectivité Territoriale,Commune,['Mayenne'],['Pays de la Loire'],COM,{53},{52}
fc3d8fa7-851f-4695-be0e-f03c635b68ba,215703547,Commune de Juville (57),false,{57354},Commune,2026-03-24 14:42:03.701372+01,gold_establishments_2025,,,,21570354700012,2025,Collectivité Territoriale,Commune,['Moselle'],['Grand Est'],COM,{57},{44}
f74b6583-d91e-4bf6-a352-21b72a8fbd52,210701116,Commune de Juvinas (07),false,{07111},Commune,2026-03-24 14:41:52.562531+01,gold_establishments_2025,,,,21070111600019,2025,Collectivité Territoriale,Commune,['Ardèche'],['Auvergne-Rhône-Alpes'],COM,{07},{84}
6fd567eb-5a25-484e-81d8-08df4d9757d8,210203782,Commune de Juvincourt-et-Damary (02),false,{02399},Commune,2026-03-24 14:41:52.020251+01,gold_establishments_2025,,,,21020378200011,2025,Collectivité Territoriale,Commune,['Aisne'],['Hauts-de-France'],COM,{02},{32}
a5e92c3c-b8f0-4463-bd3c-04234a8e8763,219103264,Commune de Juvisy-sur-Orge (91),false,{91326},Commune,2026-03-24 14:42:11.659493+01,gold_establishments_2025,,,,21910326400012,2025,Collectivité Territoriale,Commune,['Essonne'],['Île-de-France'],COM,{91},{11}
3e45c69f-bc22-49fc-8230-0775945947d1,215402850,Commune de Juvrecourt (54),false,{54285},Commune,2026-03-24 14:42:02.957225+01,gold_establishments_2025,,,,21540285000014,2025,Collectivité Territoriale,Commune,['Meurthe-et-Moselle'],['Grand Est'],COM,{54},{44}
ca988393-a5d2-4c6d-b4d3-247f4c1a4c56,216402859,Commune de Juxue (64),false,{64285},Commune,2026-03-24 14:42:06.130387+01,gold_establishments_2025,,,,21640285900013,2025,Collectivité Territoriale,Commune,['Pyrénées-Atlantiques'],['Nouvelle-Aquitaine'],COM,{64},{75}
66aef6e7-0f99-40a1-9563-ef323c3dbce9,211001771,Commune de Juzanvigny (10),false,{10184},Commune,2026-03-24 14:41:53.095366+01,gold_establishments_2025,,,,21100177100016,2025,Collectivité Territoriale,Commune,['Aube'],['Grand Est'],COM,{10},{44}
648a33d9-4878-4564-8629-29e8965b5dfe,215201823,Commune de Juzennecourt (52),false,{52253},Commune,2026-03-24 14:42:01.954481+01,gold_establishments_2025,,,,21520182300014,2025,Collectivité Territoriale,Commune,['Haute-Marne'],['Grand Est'],COM,{52},{44}
ac8f951d-8f93-4aec-b0a3-e3e2ed36ab24,213102437,Commune de Juzes (31),false,{31243},Commune,2026-03-24 14:41:58.09424+01,gold_establishments_2025,,,,21310243700018,2025,Collectivité Territoriale,Commune,['Haute-Garonne'],['Occitanie'],COM,{31},{76}
ae75e0e4-07f5-473f-b46f-9448a5e9f130,213102452,Commune de Juzet-d'Izaut (31),false,{31245},Commune,2026-03-24 14:41:58.09424+01,gold_establishments_2025,,,,21310245200017,2025,Collectivité Territoriale,Commune,['Haute-Garonne'],['Occitanie'],COM,{31},{76}
5f09c5b8-383a-4cb1-9c58-13494a9aaaa0,213102445,Commune de Juzet-de-Luchon (31),false,{31244},Commune,2026-03-24 14:41:58.09424+01,gold_establishments_2025,,,,21310244500011,2025,Collectivité Territoriale,Commune,['Haute-Garonne'],['Occitanie'],COM,{31},{76}
840f8688-4c0f-423d-88ab-086d8a02574f,217803279,Commune de Juziers (78),false,{78327},Commune,2026-03-24 14:42:09.43682+01,gold_establishments_2025,,,,21780327900017,2025,Collectivité Territoriale,Commune,['Yvelines'],['Île-de-France'],COM,{78},{11}
293017ce-bc75-40c6-9963-95e05971a624,215102823,Commune de Jâlons (51),false,{51303},Commune,2026-03-24 14:42:01.954481+01,gold_establishments_2025,,,,21510282300014,2025,Collectivité Territoriale,Commune,['Marne'],['Grand Est'],COM,{51},{44}
3a82a121-b26a-4d70-9844-8c2174041d7a,218802528,Commune de Jésonville (88),false,{88252},Commune,2026-03-24 14:42:11.118516+01,gold_establishments_2025,,,,21880252800016,2025,Collectivité Territoriale,Commune,['Vosges'],['Grand Est'],COM,{88},{44}
3632d811-4945-4db3-877f-d73bb6b86f29,216502344,Commune de Jézeau (65),false,{65234},Commune,2026-03-24 14:42:06.665412+01,gold_establishments_2025,,,,21650234400015,2025,Collectivité Territoriale,Commune,['Hautes-Pyrénées'],['Occitanie'],COM,{65},{76}
d61eb5a2-ba32-4e75-a095-bf0d22f4b7d4,213201635,Commune de Jû-Belloc (32),false,{32163},Commune,2026-03-24 14:41:58.09424+01,gold_establishments_2025,,,,21320163500017,2025,Collectivité Territoriale,Commune,['Gers'],['Occitanie'],COM,{32},{76}
0332c2be-e486-4adf-875b-30996e8a8104,215402801,Commune de Jœuf (54),false,{54280},Commune,2026-03-24 14:42:02.957225+01,gold_establishments_2025,,,,21540280100017,2025,Collectivité Territoriale,Commune,['Meurthe-et-Moselle'],['Grand Est'],COM,{54},{44}
932aa3a5-dd04-4655-b858-dba6740947d2,215703554,Commune de Kalhausen (57),false,{57355},Commune,2026-03-24 14:42:03.701372+01,gold_establishments_2025,,,,21570355400018,2025,Collectivité Territoriale,Commune,['Moselle'],['Grand Est'],COM,{57},{44}
9a2afe39-3d4b-4f52-aeb5-eb077ae11470,216702308,Commune de Kaltenhouse (67),false,{67230},Commune,2026-03-24 14:42:07.195692+01,gold_establishments_2025,,,,21670230800018,2025,Collectivité Territoriale,Commune,['Bas-Rhin'],['Grand Est'],COM,{67},{44}
1616f751-b9ca-492c-9ff9-fbc78db5c8f0,215703562,Commune de Kanfen (57),false,{57356},Commune,2026-03-24 14:42:03.701372+01,gold_establishments_2025,,,,21570356200011,2025,Collectivité Territoriale,Commune,['Moselle'],['Grand Est'],COM,{57},{44}
f2229ae4-7297-41b7-b568-5e415038e134,200008803,Commune de Kani-Kéli (976),false,{97609},Commune,2026-03-24 14:42:11.659493+01,gold_establishments_2025,,,,20000880300013,2025,Collectivité Territoriale,Commune,['Mayotte'],['Mayotte'],COM,{976},{06}
9db896d4-80fe-4ce1-b425-b97a28d9f9fb,216801605,Commune de Kappelen (68),false,{68160},Commune,2026-03-24 14:42:07.195692+01,gold_establishments_2025,,,,21680160500017,2025,Collectivité Territoriale,Commune,['Haut-Rhin'],['Grand Est'],COM,{68},{44}
a4d2ef50-c9e8-4fa4-adec-8bae96c9531f,215703570,Commune de Kappelkinger (57),false,{57357},Commune,2026-03-24 14:42:03.701372+01,gold_establishments_2025,,,,21570357000014,2025,Collectivité Territoriale,Commune,['Moselle'],['Grand Est'],COM,{57},{44}
97b01039-b0dc-4264-a29d-9395dc1fe0e5,216801613,Commune de Katzenthal (68),false,{68161},Commune,2026-03-24 14:42:07.195692+01,gold_establishments_2025,,,,21680161300011,2025,Collectivité Territoriale,Commune,['Haut-Rhin'],['Grand Est'],COM,{68},{44}
a1a5a95a-a7e9-42b0-a480-06f90cc200a9,216702316,Commune de Kauffenheim (67),false,{67231},Commune,2026-03-24 14:42:07.195692+01,gold_establishments_2025,,,,21670231600011,2025,Collectivité Territoriale,Commune,['Bas-Rhin'],['Grand Est'],COM,{67},{44}
eece4225-bfe6-44c1-840d-256e224778f0,200052603,Commune de Kaysersberg Vignoble (68),false,{68162},Commune,2026-03-24 14:42:07.195692+01,gold_establishments_2025,,,,20005260300012,2025,Collectivité Territoriale,Commune,['Haut-Rhin'],['Grand Est'],COM,{68},{44}
de4c2d87-11ee-41a5-b142-9f634dbd478c,216702324,Commune de Keffenach (67),false,{67232},Commune,2026-03-24 14:42:07.195692+01,gold_establishments_2025,,,,21670232400049,2025,Collectivité Territoriale,Commune,['Bas-Rhin'],['Grand Est'],COM,{67},{44}
23e89721-31fc-42db-a38e-8d584a74a773,216801639,Commune de Kembs (68),false,{68163},Commune,2026-03-24 14:42:07.195692+01,gold_establishments_2025,,,,21680163900099,2025,Collectivité Territoriale,Commune,['Haut-Rhin'],['Grand Est'],COM,{68},{44}
8de7b367-8067-4373-83c3-a66d4bdda36d,215703596,Commune de Kemplich (57),false,{57359},Commune,2026-03-24 14:42:03.701372+01,gold_establishments_2025,,,,21570359600019,2025,Collectivité Territoriale,Commune,['Moselle'],['Grand Est'],COM,{57},{44}
5d69ff4d-7528-436f-8e81-3ea5242ef70b,215703604,Commune de Kerbach (57),false,{57360},Commune,2026-03-24 14:42:03.701372+01,gold_establishments_2025,,,,21570360400011,2025,Collectivité Territoriale,Commune,['Moselle'],['Grand Est'],COM,{57},{44}
a8abe204-50aa-4c7d-b7bc-975a8907924c,212200851,Commune de Kerbors (22),false,{22085},Commune,2026-03-24 14:41:55.433389+01,gold_establishments_2025,,,,21220085100013,2025,Collectivité Territoriale,Commune,"[""Côtes-d'Armor""]",['Bretagne'],COM,{22},{53}
224d543c-9a75-42d5-9b26-caad7c709d27,212200869,Commune de Kerfot (22),false,{22086},Commune,2026-03-24 14:41:55.433389+01,gold_establishments_2025,,,,21220086900015,2025,Collectivité Territoriale,Commune,"[""Côtes-d'Armor""]",['Bretagne'],COM,{22},{53}
dd0ed249-7542-460e-99e5-e26748d229e1,215600925,Commune de Kerfourn (56),false,{56092},Commune,2026-03-24 14:42:03.701372+01,gold_establishments_2025,,,,21560092500014,2025,Collectivité Territoriale,Commune,['Morbihan'],['Bretagne'],COM,{56},{53}
5be2f113-b087-402d-ad2a-f7865c20b7d6,212900898,Commune de Kergloff (29),false,{29089},Commune,2026-03-24 14:41:57.028721+01,gold_establishments_2025,,,,21290089800017,2025,Collectivité Territoriale,Commune,['Finistère'],['Bretagne'],COM,{29},{53}
12b4c386-5fce-42ce-a733-9324a987283a,215600933,Commune de Kergrist (56),false,{56093},Commune,2026-03-24 14:42:03.701372+01,gold_establishments_2025,,,,21560093300018,2025,Collectivité Territoriale,Commune,['Morbihan'],['Bretagne'],COM,{56},{53}
e7f8ca36-9afb-4efc-ae27-b35d571dc835,212200877,Commune de Kergrist-Moëlou (22),false,{22087},Commune,2026-03-24 14:41:55.433389+01,gold_establishments_2025,,,,21220087700018,2025,Collectivité Territoriale,Commune,"[""Côtes-d'Armor""]",['Bretagne'],COM,{22},{53}
3858c55d-1db2-4906-a913-d08d0aca8c36,212200885,Commune de Kerien (22),false,{22088},Commune,2026-03-24 14:41:55.433389+01,gold_establishments_2025,,,,21220088500011,2025,Collectivité Territoriale,Commune,"[""Côtes-d'Armor""]",['Bretagne'],COM,{22},{53}
5a320ede-7786-461d-a9cc-260a51311fd8,212900906,Commune de Kerlaz (29),false,{29090},Commune,2026-03-24 14:41:57.028721+01,gold_establishments_2025,,,,21290090600075,2025,Collectivité Territoriale,Commune,['Finistère'],['Bretagne'],COM,{29},{53}
a5f23081-92bb-4134-af24-eec4c409eb93,215703612,Commune de Kerling-lès-Sierck (57),false,{57361},Commune,2026-03-24 14:42:03.701372+01,gold_establishments_2025,,,,21570361200014,2025,Collectivité Territoriale,Commune,['Moselle'],['Grand Est'],COM,{57},{44}
de1f3842-2ab1-4032-b306-a8b7b097c1bc,212900914,Commune de Kerlouan (29),false,{29091},Commune,2026-03-24 14:41:57.028721+01,gold_establishments_2025,,,,21290091400012,2025,Collectivité Territoriale,Commune,['Finistère'],['Bretagne'],COM,{29},{53}
f6047f51-00d8-4878-a7e7-af8a5145b31c,212200901,Commune de Kermaria-Sulard (22),false,{22090},Commune,2026-03-24 14:41:55.433389+01,gold_establishments_2025,,,,21220090100016,2025,Collectivité Territoriale,Commune,"[""Côtes-d'Armor""]",['Bretagne'],COM,{22},{53}
a2141561-f720-4af3-962d-c8f382fbc06e,212200919,Commune de Kermoroc'h (22),false,{22091},Commune,2026-03-24 14:41:55.433389+01,gold_establishments_2025,,,,21220091900018,2025,Collectivité Territoriale,Commune,"[""Côtes-d'Armor""]",['Bretagne'],COM,{22},{53}
e7174d4a-e085-4b70-8041-b991f3a11aed,215602640,Commune de Kernascléden (56),false,{56264},Commune,2026-03-24 14:42:03.701372+01,gold_establishments_2025,,,,21560264000066,2025,Collectivité Territoriale,Commune,['Morbihan'],['Bretagne'],COM,{56},{53}
345ec393-d951-4c7b-9ba6-b2c4fc7e46d0,212900930,Commune de Kernilis (29),false,{29093},Commune,2026-03-24 14:41:57.028721+01,gold_establishments_2025,,,,21290093000018,2025,Collectivité Territoriale,Commune,['Finistère'],['Bretagne'],COM,{29},{53}
49de583d-6bb5-4855-96e1-bb7d78aac09b,212900948,Commune de Kernouës (29),false,{29094},Commune,2026-03-24 14:41:57.028721+01,gold_establishments_2025,,,,21290094800010,2025,Collectivité Territoriale,Commune,['Finistère'],['Bretagne'],COM,{29},{53}
59b4ca4b-0344-430f-941c-168c7f4555dc,212200927,Commune de Kerpert (22),false,{22092},Commune,2026-03-24 14:41:55.433389+01,gold_establishments_2025,,,,21220092700011,2025,Collectivité Territoriale,Commune,"[""Côtes-d'Armor""]",['Bretagne'],COM,{22},{53}
9d7123bf-671a-4f29-88a0-f930a9415441,215703620,Commune de Kerprich-aux-Bois (57),false,{57362},Commune,2026-03-24 14:42:03.701372+01,gold_establishments_2025,,,,21570362000041,2025,Collectivité Territoriale,Commune,['Moselle'],['Grand Est'],COM,{57},{44}
1b027d97-fe39-4826-89f5-994e4fd9b0cf,212900955,Commune de Kersaint-Plabennec (29),false,{29095},Commune,2026-03-24 14:41:57.028721+01,gold_establishments_2025,,,,21290095500015,2025,Collectivité Territoriale,Commune,['Finistère'],['Bretagne'],COM,{29},{53}
7b8e6a52-2417-4188-9e3d-c9583b46edb3,216702332,Commune de Kertzfeld (67),false,{67233},Commune,2026-03-24 14:42:07.195692+01,gold_establishments_2025,,,,21670233200018,2025,Collectivité Territoriale,Commune,['Bas-Rhin'],['Grand Est'],COM,{67},{44}
782c1bfe-9af5-4e45-bf67-bc6eaf61b433,215600941,Commune de Kervignac (56),false,{56094},Commune,2026-03-24 14:42:03.701372+01,gold_establishments_2025,,,,21560094100011,2025,Collectivité Territoriale,Commune,['Morbihan'],['Bretagne'],COM,{56},{53}
6772ddcd-3d25-4471-ba4a-5f4e559fe4c1,216702340,Commune de Keskastel (67),false,{67234},Commune,2026-03-24 14:42:07.195692+01,gold_establishments_2025,,,,21670234000011,2025,Collectivité Territoriale,Commune,['Bas-Rhin'],['Grand Est'],COM,{67},{44}
e4c4711c-4bd0-4fd8-9cfd-9182294324b0,216702357,Commune de Kesseldorf (67),false,{67235},Commune,2026-03-24 14:42:07.195692+01,gold_establishments_2025,,,,21670235700015,2025,Collectivité Territoriale,Commune,['Bas-Rhin'],['Grand Est'],COM,{67},{44}
11bcdba9-4551-47bc-9b11-5967354b152a,216702365,Commune de Kienheim (67),false,{67236},Commune,2026-03-24 14:42:07.195692+01,gold_establishments_2025,,,,21670236500018,2025,Collectivité Territoriale,Commune,['Bas-Rhin'],['Grand Est'],COM,{67},{44}
75b24654-4515-4524-960e-52d2641ed440,216801654,Commune de Kiffis (68),false,{68165},Commune,2026-03-24 14:42:07.195692+01,gold_establishments_2025,,,,21680165400015,2025,Collectivité Territoriale,Commune,['Haut-Rhin'],['Grand Est'],COM,{68},{44}
f8c5ceef-f79b-42ac-8289-cd0d8f960736,215903261,Commune de Killem (59),false,{59326},Commune,2026-03-24 14:42:04.280096+01,gold_establishments_2025,,,,21590326100018,2025,Collectivité Territoriale,Commune,['Nord'],['Hauts-de-France'],COM,{59},{32}
359f6690-c34d-48e5-ae9e-69557631191a,216702373,Commune de Kilstett (67),false,{67237},Commune,2026-03-24 14:42:07.195692+01,gold_establishments_2025,,,,21670237300012,2025,Collectivité Territoriale,Commune,['Bas-Rhin'],['Grand Est'],COM,{67},{44}
ed8d21c9-9991-4a9d-baf3-08d1abf7f519,216702381,Commune de Kindwiller (67),false,{67238},Commune,2026-03-24 14:42:07.195692+01,gold_establishments_2025,,,,21670238100015,2025,Collectivité Territoriale,Commune,['Bas-Rhin'],['Grand Est'],COM,{67},{44}
034cc9b1-08e8-4312-b094-70686c9136b1,216801662,Commune de Kingersheim (68),false,{68166},Commune,2026-03-24 14:42:07.195692+01,gold_establishments_2025,,,,21680166200018,2025,Collectivité Territoriale,Commune,['Haut-Rhin'],['Grand Est'],COM,{68},{44}
ec0063d0-4d3f-4893-a533-3bfe8ebaaffd,216702399,Commune de Kintzheim (67),false,{67239},Commune,2026-03-24 14:42:07.195692+01,gold_establishments_2025,,,,21670239900017,2025,Collectivité Territoriale,Commune,['Bas-Rhin'],['Grand Est'],COM,{67},{44}
ba1de6ab-63e7-48e2-822e-6d1fe01a0035,216801670,Commune de Kirchberg (68),false,{68167},Commune,2026-03-24 14:42:07.195692+01,gold_establishments_2025,,,,21680167000011,2025,Collectivité Territoriale,Commune,['Haut-Rhin'],['Grand Est'],COM,{68},{44}
db778137-1abf-4d40-980c-fb76a60bacae,216702407,Commune de Kirchheim (67),false,{67240},Commune,2026-03-24 14:42:07.195692+01,gold_establishments_2025,,,,21670240700018,2025,Collectivité Territoriale,Commune,['Bas-Rhin'],['Grand Est'],COM,{67},{44}
c5ed4e55-6757-4435-a2f6-2b9db6b154a7,216702415,Commune de Kirrberg (67),false,{67241},Commune,2026-03-24 14:42:07.195692+01,gold_establishments_2025,,,,21670241500011,2025,Collectivité Territoriale,Commune,['Bas-Rhin'],['Grand Est'],COM,{67},{44}
cf8b6fba-d089-4abe-ba6d-877ba2d78f09,216702423,Commune de Kirrwiller (67),false,{67242},Commune,2026-03-24 14:42:07.195692+01,gold_establishments_2025,,,,21670242300015,2025,Collectivité Territoriale,Commune,['Bas-Rhin'],['Grand Est'],COM,{67},{44}
8756260d-be17-4c8d-94de-3db8bc1e7087,215703646,Commune de Kirsch-lès-Sierck (57),false,{57364},Commune,2026-03-24 14:42:03.701372+01,gold_establishments_2025,,,,21570364600012,2025,Collectivité Territoriale,Commune,['Moselle'],['Grand Est'],COM,{57},{44}
5fa88fef-f1a4-44f3-980e-17287445d728,215703653,Commune de Kirschnaumen (57),false,{57365},Commune,2026-03-24 14:42:03.701372+01,gold_establishments_2025,,,,21570365300018,2025,Collectivité Territoriale,Commune,['Moselle'],['Grand Est'],COM,{57},{44}
e13622d2-e429-4189-9c41-f2b997c0e2f7,215703661,Commune de Kirviller (57),false,{57366},Commune,2026-03-24 14:42:03.701372+01,gold_establishments_2025,,,,21570366100011,2025,Collectivité Territoriale,Commune,['Moselle'],['Grand Est'],COM,{57},{44}
b60c487e-7d08-4949-b264-5d3f7d41efb4,215703679,Commune de Klang (57),false,{57367},Commune,2026-03-24 14:42:03.701372+01,gold_establishments_2025,,,,21570367900013,2025,Collectivité Territoriale,Commune,['Moselle'],['Grand Est'],COM,{57},{44}
e157b46a-a0e4-47e5-bedf-38db3024256c,216702449,Commune de Kleingœft (67),false,{67244},Commune,2026-03-24 14:42:07.195692+01,gold_establishments_2025,,,,21670244900010,2025,Collectivité Territoriale,Commune,['Bas-Rhin'],['Grand Est'],COM,{67},{44}
2ed529fb-6e1e-41fc-8406-5ef623fdd8a3,215703687,Commune de Knutange (57),false,{57368},Commune,2026-03-24 14:42:03.701372+01,gold_establishments_2025,,,,21570368700016,2025,Collectivité Territoriale,Commune,['Moselle'],['Grand Est'],COM,{57},{44}
3d925745-d0bc-4130-bb6d-85e2853d9bd1,216801688,Commune de Knœringue (68),false,{68168},Commune,2026-03-24 14:42:07.195692+01,gold_establishments_2025,,,,21680168800013,2025,Collectivité Territoriale,Commune,['Haut-Rhin'],['Grand Est'],COM,{68},{44}
221cfec1-2fbe-4075-a6e4-77a6b1868a90,216702456,Commune de Knœrsheim (67),false,{67245},Commune,2026-03-24 14:42:07.195692+01,gold_establishments_2025,,,,21670245600015,2025,Collectivité Territoriale,Commune,['Bas-Rhin'],['Grand Est'],COM,{67},{44}
ea87b638-e752-4a02-996b-29e24cf6e764,216702464,Commune de Kogenheim (67),false,{67246},Commune,2026-03-24 14:42:07.195692+01,gold_establishments_2025,,,,21670246400019,2025,Collectivité Territoriale,Commune,['Bas-Rhin'],['Grand Est'],COM,{67},{44}
45c8bbc0-7c70-45dc-975a-61f923e6ad0e,216702472,Commune de Kolbsheim (67),false,{67247},Commune,2026-03-24 14:42:07.195692+01,gold_establishments_2025,,,,21670247200012,2025,Collectivité Territoriale,Commune,['Bas-Rhin'],['Grand Est'],COM,{67},{44}
29ac85c0-9a88-46b1-b35e-aa9ff0c72b03,200008811,Commune de Koungou (976),false,{97610},Commune,2026-03-24 14:42:11.659493+01,gold_establishments_2025,,,,20000881100016,2025,Collectivité Territoriale,Commune,['Mayotte'],['Mayotte'],COM,{976},{06}
8333f56b-1da6-4d3c-b0f2-50f05c7351d9,219733045,Commune de Kourou (973),false,{97304},Commune,2026-03-24 14:42:11.659493+01,gold_establishments_2025,,,,21973304500013,2025,Collectivité Territoriale,Commune,['Guyane'],['Guyane'],COM,{973},{03}
a573e910-7ea6-4d5f-82aa-2f162139cb1c,216702480,Commune de Krautergersheim (67),false,{67248},Commune,2026-03-24 14:42:07.195692+01,gold_establishments_2025,,,,21670248000015,2025,Collectivité Territoriale,Commune,['Bas-Rhin'],['Grand Est'],COM,{67},{44}
0ef316f0-6292-4fb8-a966-43722fba5042,216702498,Commune de Krautwiller (67),false,{67249},Commune,2026-03-24 14:42:07.195692+01,gold_establishments_2025,,,,21670249800017,2025,Collectivité Territoriale,Commune,['Bas-Rhin'],['Grand Est'],COM,{67},{44}
1e481ecd-b33e-4e09-9e68-94e5e56365e9,216702506,Commune de Kriegsheim (67),false,{67250},Commune,2026-03-24 14:42:07.195692+01,gold_establishments_2025,,,,21670250600017,2025,Collectivité Territoriale,Commune,['Bas-Rhin'],['Grand Est'],COM,{67},{44}
fbb4375a-30ec-49c6-9d1f-014fd61488f0,216801712,Commune de Kruth (68),false,{68171},Commune,2026-03-24 14:42:07.195692+01,gold_establishments_2025,,,,21680171200011,2025,Collectivité Territoriale,Commune,['Haut-Rhin'],['Grand Est'],COM,{68},{44}
73a917fb-2cbb-4b22-ad45-5f1a27f7089f,216801720,Commune de Kunheim (68),false,{68172},Commune,2026-03-24 14:42:07.195692+01,gold_establishments_2025,,,,21680172000014,2025,Collectivité Territoriale,Commune,['Haut-Rhin'],['Grand Est'],COM,{68},{44}
d9ba81be-24c5-41fd-bd7b-35191dbdb4c7,215703729,Commune de Kuntzig (57),false,{57372},Commune,2026-03-24 14:42:03.701372+01,gold_establishments_2025,,,,21570372900016,2025,Collectivité Territoriale,Commune,['Moselle'],['Grand Est'],COM,{57},{44}
212df087-a25b-46c5-9d41-61830a920dd7,216702522,Commune de Kurtzenhouse (67),false,{67252},Commune,2026-03-24 14:42:07.195692+01,gold_establishments_2025,,,,21670252200014,2025,Collectivité Territoriale,Commune,['Bas-Rhin'],['Grand Est'],COM,{67},{44}
780d607d-52f6-460a-bb64-1e019f85f0fe,216702530,Commune de Kuttolsheim (67),false,{67253},Commune,2026-03-24 14:42:07.195692+01,gold_establishments_2025,,,,21670253000017,2025,Collectivité Territoriale,Commune,['Bas-Rhin'],['Grand Est'],COM,{67},{44}
c8671552-2af2-4b55-8540-875aa31d9dbe,216702548,Commune de Kutzenhausen (67),false,{67254},Commune,2026-03-24 14:42:07.195692+01,gold_establishments_2025,,,,21670254800019,2025,Collectivité Territoriale,Commune,['Bas-Rhin'],['Grand Est'],COM,{67},{44}
e0843893-0711-4277-ac05-db15c23b8c31,215703588,Commune de Kédange-sur-Canner (57),false,{57358},Commune,2026-03-24 14:42:03.701372+01,gold_establishments_2025,,,,21570358800016,2025,Collectivité Territoriale,Commune,['Moselle'],['Grand Est'],COM,{57},{44}
af92f84d-f109-4907-89ec-84f14daad60f,215703703,Commune de Kœnigsmacker (57),false,{57370},Commune,2026-03-24 14:42:03.701372+01,gold_establishments_2025,,,,21570370300011,2025,Collectivité Territoriale,Commune,['Moselle'],['Grand Est'],COM,{57},{44}
f3aca4f4-7d9c-43ea-8dcc-3a33059fab43,216801696,Commune de Kœstlach (68),false,{68169},Commune,2026-03-24 14:42:07.195692+01,gold_establishments_2025,,,,21680169600016,2025,Collectivité Territoriale,Commune,['Haut-Rhin'],['Grand Est'],COM,{68},{44}
cc10b3ca-dc10-40f0-887a-365949c21869,216801704,Commune de Kœtzingue (68),false,{68170},Commune,2026-03-24 14:42:07.195692+01,gold_establishments_2025,,,,21680170400018,2025,Collectivité Territoriale,Commune,['Haut-Rhin'],['Grand Est'],COM,{68},{44}
5533883f-45f0-47cd-8dff-9949c92a1382,215502634,Commune de Kœur-la-Grande (55),false,{55263},Commune,2026-03-24 14:42:02.957225+01,gold_establishments_2025,,,,21550263400011,2025,Collectivité Territoriale,Commune,['Meuse'],['Grand Est'],COM,{55},{44}
4982c189-2ba9-404f-a84c-812d4f04f9a6,215502642,Commune de Kœur-la-Petite (55),false,{55264},Commune,2026-03-24 14:42:02.957225+01,gold_establishments_2025,,,,21550264200014,2025,Collectivité Territoriale,Commune,['Meuse'],['Grand Est'],COM,{55},{44}
ca12d2f0-3145-4374-8ceb-9edff2e86e13,210100012,Commune de L'Abergement-Clémenciat (01),false,{01001},Commune,2026-03-24 14:41:51.447482+01,gold_establishments_2025,,,,21010001200017,2025,Collectivité Territoriale,Commune,['Ain'],['Auvergne-Rhône-Alpes'],COM,{01},{84}
c48e1c5b-4d36-4092-a82d-10eab242f36a,217100023,Commune de L'Abergement-Sainte-Colombe (71),false,{71002},Commune,2026-03-24 14:42:07.735343+01,gold_establishments_2025,,,,21710002300019,2025,Collectivité Territoriale,Commune,['Saône-et-Loire'],['Bourgogne-Franche-Comté'],COM,{71},{27}
a0d6229c-cd19-420a-ae2c-e542c86fd41a,217100015,Commune de L'Abergement-de-Cuisery (71),false,{71001},Commune,2026-03-24 14:42:07.735343+01,gold_establishments_2025,,,,21710001500015,2025,Collectivité Territoriale,Commune,['Saône-et-Loire'],['Bourgogne-Franche-Comté'],COM,{71},{27}
196a538c-f6cd-453c-92d6-c5ad58f447b4,210100020,Commune de L'Abergement-de-Varey (01),false,{01002},Commune,2026-03-24 14:41:51.447482+01,gold_establishments_2025,,,,21010002000010,2025,Collectivité Territoriale,Commune,['Ain'],['Auvergne-Rhône-Alpes'],COM,{01},{84}
4ecbf851-6cca-43b5-b26e-cc691e003d28,217900018,Commune de L'Absie (79),false,{79001},Commune,2026-03-24 14:42:09.43682+01,gold_establishments_2025,,,,21790001800011,2025,Collectivité Territoriale,Commune,['Deux-Sèvres'],['Nouvelle-Aquitaine'],COM,{79},{75}
43ee27aa-25f3-44eb-ad01-d4a2e5436b89,216102145,Commune de L'Aigle (61),false,{61214},Commune,2026-03-24 14:42:05.597325+01,gold_establishments_2025,,,,21610214500010,2025,Collectivité Territoriale,Commune,['Orne'],['Normandie'],COM,{61},{28}
8a25cfb6-db69-42ff-8926-34f26a1d7329,210900031,Commune de L'Aiguillon (09),false,{09003},Commune,2026-03-24 14:41:53.095366+01,gold_establishments_2025,,,,21090003100019,2025,Collectivité Territoriale,Commune,['Ariège'],['Occitanie'],COM,{09},{76}
7a166c53-edd9-48af-993a-163d90a5e21b,200096832,Commune de L'Aiguillon-la-Presqu'île (85),false,{85001},Commune,2026-03-24 14:42:10.508772+01,gold_establishments_2025,,,,20009683200015,2025,Collectivité Territoriale,Commune,['Vendée'],['Pays de la Loire'],COM,{85},{52}
afbff1f3-040c-451e-8d03-ced338be4a87,218500023,Commune de L'Aiguillon-sur-Vie (85),false,{85002},Commune,2026-03-24 14:42:10.508772+01,gold_establishments_2025,,,,21850002300088,2025,Collectivité Territoriale,Commune,['Vendée'],['Pays de la Loire'],COM,{85},{52}
79916649-2a7a-438d-b00a-7790301dbc98,219722014,Commune de L'Ajoupa-Bouillon (972),false,{97201},Commune,2026-03-24 14:42:11.659493+01,gold_establishments_2025,,,,21972201400012,2025,Collectivité Territoriale,Commune,['Martinique'],['Martinique'],COM,{972},{02}
1d08653d-c9d9-414b-9ca8-18db21958033,213800048,Commune de L'Albenc (38),false,{38004},Commune,2026-03-24 14:41:59.160244+01,gold_establishments_2025,,,,21380004800018,2025,Collectivité Territoriale,Commune,['Isère'],['Auvergne-Rhône-Alpes'],COM,{38},{84}
c21e9678-7517-45e2-a73e-db672bb05b30,216600015,Commune de L'Albère (66),false,{66001},Commune,2026-03-24 14:42:06.665412+01,gold_establishments_2025,,,,21660001500012,2025,Collectivité Territoriale,Commune,['Pyrénées-Orientales'],['Occitanie'],COM,{66},{76}
5f400a71-11bf-4b10-9497-a490c8cd1ec8,216900100,Commune de L'Arbresle (69),false,{69010},Commune,2026-03-24 14:42:07.195692+01,gold_establishments_2025,,,,21690010000019,2025,Collectivité Territoriale,Commune,['Rhône'],['Auvergne-Rhône-Alpes'],COM,{69},{84}
68ce7d08-41ac-47c2-bf2b-da3025b59fdf,210500062,Commune de L'Argentière-la-Bessée (05),false,{05006},Commune,2026-03-24 14:41:52.562531+01,gold_establishments_2025,,,,21050006200018,2025,Collectivité Territoriale,Commune,['Hautes-Alpes'],"[""Provence-Alpes-Côte d'Azur""]",COM,{05},{93}
74c54f92-0f6d-49e4-8190-a0b44490734a,210400792,Commune de L'Escale (04),false,{04079},Commune,2026-03-24 14:41:52.020251+01,gold_establishments_2025,,,,21040079200011,2025,Collectivité Territoriale,Commune,['Alpes-de-Haute-Provence'],"[""Provence-Alpes-Côte d'Azur""]",COM,{04},{93}
7f47f1a6-8ab2-4a16-ae87-3138d1f64438,210600573,Commune de L'Escarène (06),false,{06057},Commune,2026-03-24 14:41:52.562531+01,gold_establishments_2025,,,,21060057300013,2025,Collectivité Territoriale,Commune,['Alpes-Maritimes'],"[""Provence-Alpes-Côte d'Azur""]",COM,{06},{93}
8cb344af-f51d-4daf-aa48-0ec123b89ee7,213001084,Commune de L'Estréchure (30),false,{30108},Commune,2026-03-24 14:41:57.56054+01,gold_establishments_2025,,,,21300108400010,2025,Collectivité Territoriale,Commune,['Gard'],['Occitanie'],COM,{30},{76}
ee642b6b-5966-44ed-90fc-0ea8991828f0,212703094,Commune de L'Habit (27),false,{27309},Commune,2026-03-24 14:41:57.028721+01,gold_establishments_2025,,,,21270309400012,2025,Collectivité Territoriale,Commune,['Eure'],['Normandie'],COM,{27},{28}
f9fc0c56-31dc-49cc-98ab-e435cc7e8f8e,219400389,Commune de L'Haÿ-les-Roses (94),false,{94038},Commune,2026-03-24 14:42:11.659493+01,gold_establishments_2025,,,,21940038900017,2025,Collectivité Territoriale,Commune,['Val-de-Marne'],['Île-de-France'],COM,{94},{11}
baab16eb-dc67-4d1b-aa8d-cc6fb293b1da,218501088,Commune de L'Herbergement (85),false,{85108},Commune,2026-03-24 14:42:10.508772+01,gold_establishments_2025,,,,21850108800015,2025,Collectivité Territoriale,Commune,['Vendée'],['Pays de la Loire'],COM,{85},{52}
bf284b53-ea96-4b2a-a505-980b05f6b905,210901385,Commune de L'Herm (09),false,{09138},Commune,2026-03-24 14:41:53.095366+01,gold_establishments_2025,,,,21090138500018,2025,Collectivité Territoriale,Commune,['Ariège'],['Occitanie'],COM,{09},{76}
afe6cf4b-4781-46a3-8158-52a51da5bfb1,218501104,Commune de L'Hermenault (85),false,{85110},Commune,2026-03-24 14:42:10.508772+01,gold_establishments_2025,,,,21850110400010,2025,Collectivité Territoriale,Commune,['Vendée'],['Pays de la Loire'],COM,{85},{52}
3a132f29-0513-4618-a05d-56af13e17ea9,213501315,Commune de L'Hermitage (35),false,{35131},Commune,2026-03-24 14:41:58.620411+01,gold_establishments_2025,,,,21350131500013,2025,Collectivité Territoriale,Commune,['Ille-et-Vilaine'],['Bretagne'],COM,{35},{53}
cdd46186-29f6-451e-8d6e-04816708a866,218200764,Commune de L'Honor-de-Cos (82),false,{82076},Commune,2026-03-24 14:42:10.508772+01,gold_establishments_2025,,,,21820076400015,2025,Collectivité Territoriale,Commune,['Tarn-et-Garonne'],['Occitanie'],COM,{82},{76}
c4c3cd9f-b7ea-4530-9753-a87cc383e47f,214201105,Commune de L'Horme (42),false,{42110},Commune,2026-03-24 14:42:00.273698+01,gold_establishments_2025,,,,21420110500019,2025,Collectivité Territoriale,Commune,['Loire'],['Auvergne-Rhône-Alpes'],COM,{42},{84}
a1743457-f75e-400f-94c0-76248965c061,212703417,Commune de L'Hosmes (27),false,{27341},Commune,2026-03-24 14:41:57.028721+01,gold_establishments_2025,,,,21270341700015,2025,Collectivité Territoriale,Commune,['Eure'],['Normandie'],COM,{27},{28}
3a5657ee-582e-496e-8aac-c09f327ca01f,210400958,Commune de L'Hospitalet (04),false,{04095},Commune,2026-03-24 14:41:52.020251+01,gold_establishments_2025,,,,21040095800018,2025,Collectivité Territoriale,Commune,['Alpes-de-Haute-Provence'],"[""Provence-Alpes-Côte d'Azur""]",COM,{04},{93}
1e723886-0a88-4cb4-b142-ac15eecf4034,211201157,Commune de L'Hospitalet-du-Larzac (12),false,{12115},Commune,2026-03-24 14:41:53.63825+01,gold_establishments_2025,,,,21120115700016,2025,Collectivité Territoriale,Commune,['Aveyron'],['Occitanie'],COM,{12},{76}
842c2938-4377-4bc8-b5c7-3d6bf46b0915,210901393,Commune de L'Hospitalet-près-l'Andorre (09),false,{09139},Commune,2026-03-24 14:41:53.095366+01,gold_establishments_2025,,,,21090139300012,2025,Collectivité Territoriale,Commune,['Ariège'],['Occitanie'],COM,{09},{76}
7eb8b35d-9249-4323-afb4-68fb0defd6dc,211701909,Commune de L'Houmeau (17),false,{17190},Commune,2026-03-24 14:41:54.903238+01,gold_establishments_2025,,,,21170190900015,2025,Collectivité Territoriale,Commune,['Charente-Maritime'],['Nouvelle-Aquitaine'],COM,{17},{75}
7f5236fd-6f2e-442a-b560-380d4d1feacf,215301193,Commune de L'Huisserie (53),false,{53119},Commune,2026-03-24 14:42:02.957225+01,gold_establishments_2025,,,,21530119300011,2025,Collectivité Territoriale,Commune,['Mayenne'],['Pays de la Loire'],COM,{53},{52}
fff33fc5-36d1-4497-94fc-01a34a3b86c7,216102061,Commune de L'Hôme-Chamondot (61),false,{61206},Commune,2026-03-24 14:42:05.597325+01,gold_establishments_2025,,,,21610206100019,2025,Collectivité Territoriale,Commune,['Orne'],['Normandie'],COM,{61},{28}
8db30703-a9d1-4bc7-8247-8c9cc6a07987,215703364,Commune de L'Hôpital (57),false,{57336},Commune,2026-03-24 14:42:03.701372+01,gold_establishments_2025,,,,21570336400012,2025,Collectivité Territoriale,Commune,['Moselle'],['Grand Est'],COM,{57},{44}
5bfccae3-816e-4079-8ba3-78c880379024,216402644,Commune de L'Hôpital-Saint-Blaise (64),false,{64264},Commune,2026-03-24 14:42:06.130387+01,gold_establishments_2025,,,,21640264400019,2025,Collectivité Territoriale,Commune,['Pyrénées-Atlantiques'],['Nouvelle-Aquitaine'],COM,{64},{75}
023dd602-40f8-4dfe-83e5-e11f39160250,212503064,Commune de L'Hôpital-Saint-Lieffroy (25),false,{25306},Commune,2026-03-24 14:41:56.495197+01,gold_establishments_2025,,,,21250306400017,2025,Collectivité Territoriale,Commune,['Doubs'],['Bourgogne-Franche-Comté'],COM,{25},{27}
e66eaa34-0dfb-47fc-a077-bdc7c38c0843,216402636,Commune de L'Hôpital-d'Orion (64),false,{64263},Commune,2026-03-24 14:42:06.130387+01,gold_establishments_2025,,,,21640263600015,2025,Collectivité Territoriale,Commune,['Pyrénées-Atlantiques'],['Nouvelle-Aquitaine'],COM,{64},{75}
911b59ba-1cfa-41ad-88de-eee085781974,212503056,Commune de L'Hôpital-du-Grosbois (25),false,{25305},Commune,2026-03-24 14:41:56.495197+01,gold_establishments_2025,,,,21250305600013,2025,Collectivité Territoriale,Commune,['Doubs'],['Bourgogne-Franche-Comté'],COM,{25},{27}
f613d02f-a3c2-478a-b673-fbb40f6d1a9a,214201089,Commune de L'Hôpital-le-Grand (42),false,{42108},Commune,2026-03-24 14:42:00.273698+01,gold_establishments_2025,,,,21420108900015,2025,Collectivité Territoriale,Commune,['Loire'],['Auvergne-Rhône-Alpes'],COM,{42},{84}
915ff62c-2414-4223-ae90-b1520b88b9cf,217102334,Commune de L'Hôpital-le-Mercier (71),false,{71233},Commune,2026-03-24 14:42:07.735343+01,gold_establishments_2025,,,,21710233400018,2025,Collectivité Territoriale,Commune,['Saône-et-Loire'],['Bourgogne-Franche-Comté'],COM,{71},{27}
962c795f-f7bf-4e14-8add-58cfeaa958d2,214201097,Commune de L'Hôpital-sous-Rochefort (nan),false,{42109},Commune,2026-03-24 14:42:00.273698+01,gold_establishments_2025,,,,21420109700018,2025,Collectivité Territoriale,Commune,[''],[''],COM,,
e1567077-45e2-4150-b793-363280492251,211403340,Commune de L'Hôtellerie (14),false,{14334},Commune,2026-03-24 14:41:54.362296+01,gold_establishments_2025,,,,21140334000014,2025,Collectivité Territoriale,Commune,['Calvados'],['Normandie'],COM,{14},{28}
ee0e1157-fa2d-4107-8c9e-5632d46e65ee,219503133,Commune de L'Isle-Adam (95),false,{95313},Commune,2026-03-24 14:42:11.659493+01,gold_establishments_2025,,,,21950313300015,2025,Collectivité Territoriale,Commune,"[""Val-d'Oise""]",['Île-de-France'],COM,{95},{11}
0a4385f1-f2d4-47ec-ba88-5c77c25b86bc,213201577,Commune de L'Isle-Arné (32),false,{32157},Commune,2026-03-24 14:41:58.09424+01,gold_establishments_2025,,,,21320157700011,2025,Collectivité Territoriale,Commune,['Gers'],['Occitanie'],COM,{32},{76}
d2f0078e-23d1-45f5-a852-4547487d263c,213201585,Commune de L'Isle-Bouzon (32),false,{32158},Commune,2026-03-24 14:41:58.09424+01,gold_establishments_2025,,,,21320158500014,2025,Collectivité Territoriale,Commune,['Gers'],['Occitanie'],COM,{32},{76}
c51ff8dd-30b9-47b7-a3b1-1cf6f8d64e99,213201601,Commune de L'Isle-Jourdain (32),false,{32160},Commune,2026-03-24 14:41:58.09424+01,gold_establishments_2025,,,,21320160100019,2025,Collectivité Territoriale,Commune,['Gers'],['Occitanie'],COM,{32},{76}
84198b99-17c5-4a75-9bba-3231941ee83c,218601128,Commune de L'Isle-Jourdain (86),false,{86112},Commune,2026-03-24 14:42:10.508772+01,gold_establishments_2025,,,,21860112800018,2025,Collectivité Territoriale,Commune,['Vienne'],['Nouvelle-Aquitaine'],COM,{86},{75}
71e4336a-9cbe-49e1-91bd-d2173366d125,213801939,Commune de L'Isle-d'Abeau (38),false,{38193},Commune,2026-03-24 14:41:59.160244+01,gold_establishments_2025,,,,21380193900017,2025,Collectivité Territoriale,Commune,['Isère'],['Auvergne-Rhône-Alpes'],COM,{38},{84}
749d5435-0feb-420a-ab15-11c187070717,211601661,Commune de L'Isle-d'Espagnac (16),false,{16166},Commune,2026-03-24 14:41:54.362296+01,gold_establishments_2025,,,,21160166100013,2025,Collectivité Territoriale,Commune,['Charente'],['Nouvelle-Aquitaine'],COM,{16},{75}
2d07d136-2a28-4593-89eb-75c62d634e90,213201593,Commune de L'Isle-de-Noé (32),false,{32159},Commune,2026-03-24 14:41:58.09424+01,gold_establishments_2025,,,,21320159300018,2025,Collectivité Territoriale,Commune,['Gers'],['Occitanie'],COM,{32},{76}
11f9c5a6-b978-4d9d-aa2a-744e22c0490b,213102395,Commune de L'Isle-en-Dodon (31),false,{31239},Commune,2026-03-24 14:41:58.09424+01,gold_establishments_2025,,,,21310239500018,2025,Collectivité Territoriale,Commune,['Haute-Garonne'],['Occitanie'],COM,{31},{76}
d0668b8c-e5a9-4bf7-9a05-fc8328431c8d,215502964,Commune de L'Isle-en-Rigault (55),false,{55296},Commune,2026-03-24 14:42:03.701372+01,gold_establishments_2025,,,,21550296400012,2025,Collectivité Territoriale,Commune,['Meuse'],['Grand Est'],COM,{55},{44}
95865afe-eac1-44a5-a861-226318469fcb,218902047,Commune de L'Isle-sur-Serein (89),false,{89204},Commune,2026-03-24 14:42:11.118516+01,gold_establishments_2025,,,,21890204700016,2025,Collectivité Territoriale,Commune,['Yonne'],['Bourgogne-Franche-Comté'],COM,{89},{27}
d91e0d28-54aa-4f39-80ee-1e8baf3692d9,218400547,Commune de L'Isle-sur-la-Sorgue (84),false,{84054},Commune,2026-03-24 14:42:10.508772+01,gold_establishments_2025,,,,21840054700012,2025,Collectivité Territoriale,Commune,['Vaucluse'],"[""Provence-Alpes-Côte d'Azur""]",COM,{84},{93}
1da753f6-d146-485f-88bf-0f77236e0f8f,212503155,Commune de L'Isle-sur-le-Doubs (25),false,{25315},Commune,2026-03-24 14:41:56.495197+01,gold_establishments_2025,,,,21250315500013,2025,Collectivité Territoriale,Commune,['Doubs'],['Bourgogne-Franche-Comté'],COM,{25},{27}
94d80608-d24c-4789-a65a-73882d719c35,218501658,Commune de L'Oie (85),false,{},"",2026-03-24 14:42:10.508772+01,gold_establishments_2025,,,,21850165800015,2025,Collectivité Territoriale,Commune,['Vendée'],['Pays de la Loire'],COM,{85},{52}
7c263d06-28c3-4001-95e1-b01c628eb63d,218501674,Commune de L'Orbrie (85),false,{85167},Commune,2026-03-24 14:42:10.508772+01,gold_establishments_2025,,,,21850167400103,2025,Collectivité Territoriale,Commune,['Vendée'],['Pays de la Loire'],COM,{85},{52}
42ea5e5b-5c6a-41c9-b1a8-644066447f00,215900069,Commune de L'Orée de Mormal (59),false,{59006},Commune,2026-03-24 14:42:04.280096+01,gold_establishments_2025,,,,21590006900034,2025,Collectivité Territoriale,Commune,['Nord'],['Hauts-de-France'],COM,{59},{32}
20e7a025-fe5a-4904-979a-4bcdfbb5e612,200081669,Commune de L'Orée-d'Écouves (61),false,{61228},Commune,2026-03-24 14:42:05.597325+01,gold_establishments_2025,,,,20008166900018,2025,Collectivité Territoriale,Commune,['Orne'],['Normandie'],COM,{61},{28}
a2b4f052-aad7-4404-92e2-698da272984f,213105612,Commune de L'Union (31),false,{31561},Commune,2026-03-24 14:41:58.09424+01,gold_establishments_2025,,,,21310561200013,2025,Collectivité Territoriale,Commune,['Haute-Garonne'],['Occitanie'],COM,{31},{76}
15db0b91-0308-4374-a140-a3c8e075283b,210801346,Commune de L'Écaille (08),false,{08148},Commune,2026-03-24 14:41:52.562531+01,gold_establishments_2025,,,,21080134600011,2025,Collectivité Territoriale,Commune,['Ardennes'],['Grand Est'],COM,{08},{44}
db8ae8eb-3408-46d1-ad27-06ba20f35c45,210801353,Commune de L'Échelle (08),false,{08149},Commune,2026-03-24 14:41:52.562531+01,gold_establishments_2025,,,,21080135300017,2025,Collectivité Territoriale,Commune,['Ardennes'],['Grand Est'],COM,{08},{44}
26a3f238-83a6-47c0-9bad-464911b7bb21,218002525,Commune de L'Échelle-Saint-Aurin (80),false,{80263},Commune,2026-03-24 14:42:09.967209+01,gold_establishments_2025,,,,21800252500010,2025,Collectivité Territoriale,Commune,['Somme'],['Hauts-de-France'],COM,{80},{32}
40aa6a7b-bd95-4782-a0f8-e16ebeccbc7e,212502157,Commune de L'Écouvotte (25),false,{25215},Commune,2026-03-24 14:41:56.495197+01,gold_establishments_2025,,,,21250215700010,2025,Collectivité Territoriale,Commune,['Doubs'],['Bourgogne-Franche-Comté'],COM,{25},{27}
67affeb3-d225-44e9-8aec-015b8c4064fb,211907407,Commune de L'Église-aux-Bois (19),false,{19074},Commune,2026-03-24 14:41:54.903238+01,gold_establishments_2025,,,,21190740700012,2025,Collectivité Territoriale,Commune,['Corrèze'],['Nouvelle-Aquitaine'],COM,{19},{75}
f9e4def6-ad97-48d7-9d1b-3a908b79588a,211701511,Commune de L'Éguille (17),false,{17151},Commune,2026-03-24 14:41:54.903238+01,gold_establishments_2025,,,,21170151100019,2025,Collectivité Territoriale,Commune,['Charente-Maritime'],['Nouvelle-Aquitaine'],COM,{17},{75}
71f246c6-3674-4ed8-9038-f8b1030c2f86,210500484,Commune de L'Épine (05),false,{05048},Commune,2026-03-24 14:41:52.562531+01,gold_establishments_2025,,,,21050048400014,2025,Collectivité Territoriale,Commune,['Hautes-Alpes'],"[""Provence-Alpes-Côte d'Azur""]",COM,{05},{93}
973251e4-cb6e-4d4a-962b-4a47f5874e1a,215102138,Commune de L'Épine (51),false,{51231},Commune,2026-03-24 14:42:01.954481+01,gold_establishments_2025,,,,21510213800017,2025,Collectivité Territoriale,Commune,['Marne'],['Grand Est'],COM,{51},{44}
f4c4c762-409f-4797-8860-2781e1aaf290,218500833,Commune de L'Épine (85),false,{85083},Commune,2026-03-24 14:42:10.508772+01,gold_establishments_2025,,,,21850083300015,2025,Collectivité Territoriale,Commune,['Vendée'],['Pays de la Loire'],COM,{85},{52}
595a97e5-f890-44db-9ae3-f19e0ce4b88b,210202651,Commune de L'Épine-aux-Bois (02),false,{02281},Commune,2026-03-24 14:41:52.020251+01,gold_establishments_2025,,,,21020265100019,2025,Collectivité Territoriale,Commune,['Aisne'],['Hauts-de-France'],COM,{02},{32}
8beb958b-55aa-4f19-9b44-67e926e6706e,215001769,Commune de L'Étang-Bertrand (50),false,{50176},Commune,2026-03-24 14:42:01.412377+01,gold_establishments_2025,,,,21500176900011,2025,Collectivité Territoriale,Commune,['Manche'],['Normandie'],COM,{50},{28}
6df488e8-4f7d-4e79-b8ff-f5c5e37bb873,219740040,Commune de L'Étang-Salé (974),false,{97404},Commune,2026-03-24 14:42:11.659493+01,gold_establishments_2025,,,,21974004000015,2025,Collectivité Territoriale,Commune,['La Réunion'],['La Réunion'],COM,{974},{04}
7583391f-7f10-4800-80e6-ed921b651cff,212102545,Commune de L'Étang-Vergy (21),false,{21254},Commune,2026-03-24 14:41:55.433389+01,gold_establishments_2025,,,,21210254500010,2025,Collectivité Territoriale,Commune,"[""Côte-d'Or""]",['Bourgogne-Franche-Comté'],COM,{21},{27}
eae7a70c-8181-4499-bb54-2865c7945e6e,217802248,Commune de L'Étang-la-Ville (78),false,{78224},Commune,2026-03-24 14:42:09.43682+01,gold_establishments_2025,,,,21780224800013,2025,Collectivité Territoriale,Commune,['Yvelines'],['Île-de-France'],COM,{78},{11}
f0b325f2-6cad-4639-833e-dae005eb5772,213902174,Commune de L'Étoile (39),false,{39217},Commune,2026-03-24 14:41:59.705606+01,gold_establishments_2025,,,,21390217400019,2025,Collectivité Territoriale,Commune,['Jura'],['Bourgogne-Franche-Comté'],COM,{39},{27}
296f94a4-3eb9-4fd6-b351-ad1cd2f8259f,218002830,Commune de L'Étoile (80),false,{80296},Commune,2026-03-24 14:42:09.967209+01,gold_establishments_2025,,,,21800283000089,2025,Collectivité Territoriale,Commune,['Somme'],['Hauts-de-France'],COM,{80},{32}
9b93faa9-c25a-4d45-ab8f-16d7d33cc4fc,214200925,Commune de L'Étrat (42),false,{42092},Commune,2026-03-24 14:42:00.273698+01,gold_establishments_2025,,,,21420092500011,2025,Collectivité Territoriale,Commune,['Loire'],['Auvergne-Rhône-Alpes'],COM,{42},{84}
47b5a376-e83d-497b-832c-0f8acef05ef6,213701196,Commune de L'Île-Bouchard (37),false,{37119},Commune,2026-03-24 14:41:59.160244+01,gold_establishments_2025,,,,21370119600015,2025,Collectivité Territoriale,Commune,['Indre-et-Loire'],['Centre-Val de Loire'],COM,{37},{24}
cb32fc0b-b7b1-444c-8af6-534f55eef108,212001341,Commune de L'Île-Rousse (2B),false,{2B134},Commune,2026-03-24 14:41:57.56054+01,gold_establishments_2025,,,,21200134100016,2025,Collectivité Territoriale,Commune,['Haute-Corse'],['Corse'],COM,{2B},{94}
12f1ca6a-5dab-4005-9246-5fbf85bbc51e,219300399,Commune de L'Île-Saint-Denis (93),false,{93039},Commune,2026-03-24 14:42:11.659493+01,gold_establishments_2025,,,,21930039900017,2025,Collectivité Territoriale,Commune,['Seine-Saint-Denis'],['Île-de-France'],COM,{93},{11}
1324dc38-f3b3-40f9-99ee-5cf68d436ab4,218501112,Commune de L'Île-d'Elle (85),false,{85111},Commune,2026-03-24 14:42:10.508772+01,gold_establishments_2025,,,,21850111200013,2025,Collectivité Territoriale,Commune,['Vendée'],['Pays de la Loire'],COM,{85},{52}
7a0bc8ae-f5a0-46be-a4ec-78fa2b277aab,218501120,Commune de L'Île-d'Olonne (85),false,{85112},Commune,2026-03-24 14:42:10.508772+01,gold_establishments_2025,,,,21850112000016,2025,Collectivité Territoriale,Commune,['Vendée'],['Pays de la Loire'],COM,{85},{52}
5fc9b627-dd8f-4b1f-ba81-1f3eca937ddd,218501138,Commune de L'Île-d'Yeu (85),false,{85113},Commune,2026-03-24 14:42:10.508772+01,gold_establishments_2025,,,,21850113800018,2025,Collectivité Territoriale,Commune,['Vendée'],['Pays de la Loire'],COM,{85},{52}
e2b5af73-7212-4a2f-b2f6-b32e1cfa45a5,212400204,Commune de La Bachellerie (24),false,{24020},Commune,2026-03-24 14:41:55.958138+01,gold_establishments_2025,,,,21240020400013,2025,Collectivité Territoriale,Commune,['Dordogne'],['Nouvelle-Aquitaine'],COM,{24},{75}
bdb50bd9-89cf-4dd6-934d-215a79b8a4e8,215300153,Commune de La Baconnière (53),false,{53015},Commune,2026-03-24 14:42:01.954481+01,gold_establishments_2025,,,,21530015300016,2025,Collectivité Territoriale,Commune,['Mayenne'],['Pays de la Loire'],COM,{53},{52}
5409c4df-481c-45f0-b7f5-bc05eb59c3fb,218800282,Commune de La Baffe (88),false,{88028},Commune,2026-03-24 14:42:11.118516+01,gold_establishments_2025,,,,21880028200012,2025,Collectivité Territoriale,Commune,['Vosges'],['Grand Est'],COM,{88},{44}
e3965c6e-3437-4abd-a489-d8e3711ae607,215000282,Commune de La Baleine (50),false,{50028},Commune,2026-03-24 14:42:01.412377+01,gold_establishments_2025,,,,21500028200016,2025,Collectivité Territoriale,Commune,['Manche'],['Normandie'],COM,{50},{28}
80e0e912-ef3f-42ea-9d0e-3de3d6f67773,217300284,Commune de La Balme (73),false,{73028},Commune,2026-03-24 14:42:08.279287+01,gold_establishments_2025,,,,21730028400015,2025,Collectivité Territoriale,Commune,['Savoie'],['Auvergne-Rhône-Alpes'],COM,{73},{84}
a2e831c7-baac-4d28-873d-52e38752adbd,217400266,Commune de La Balme-de-Sillingy (74),false,{74026},Commune,2026-03-24 14:42:08.279287+01,gold_establishments_2025,,,,21740026600011,2025,Collectivité Territoriale,Commune,['Haute-Savoie'],['Auvergne-Rhône-Alpes'],COM,{74},{84}
5ee45611-2a73-4249-bbd9-503e70720a3c,217400274,Commune de La Balme-de-Thuy (74),false,{74027},Commune,2026-03-24 14:42:08.279287+01,gold_establishments_2025,,,,21740027400015,2025,Collectivité Territoriale,Commune,['Haute-Savoie'],['Auvergne-Rhône-Alpes'],COM,{74},{84}
39f59f7c-0dc8-43ca-8e39-d57d6d06e7de,213800261,Commune de La Balme-les-Grottes (38),false,{38026},Commune,2026-03-24 14:41:59.160244+01,gold_establishments_2025,,,,21380026100017,2025,Collectivité Territoriale,Commune,['Isère'],['Auvergne-Rhône-Alpes'],COM,{38},{84}
0895b849-ff52-4703-b61a-761ba31eead0,211300090,Commune de La Barben (13),false,{13009},Commune,2026-03-24 14:41:53.63825+01,gold_establishments_2025,,,,21130009000019,2025,Collectivité Territoriale,Commune,['Bouches-du-Rhône'],"[""Provence-Alpes-Côte d'Azur""]",COM,{13},{93}
fb942af7-07a4-43a4-ba69-0e5cd74c06e2,211700331,Commune de La Barde (17),false,{17033},Commune,2026-03-24 14:41:54.903238+01,gold_establishments_2025,,,,21170033100013,2025,Collectivité Territoriale,Commune,['Charente-Maritime'],['Nouvelle-Aquitaine'],COM,{17},{75}
02c81500-ff40-4fbb-832a-824a91c3092b,200059566,Commune de La Baronnie (27),false,{27277},Commune,2026-03-24 14:41:57.028721+01,gold_establishments_2025,,,,20005956600014,2025,Collectivité Territoriale,Commune,['Eure'],['Normandie'],COM,{27},{28}
7b59bca9-03c1-4fd7-a85d-b9d06c99d9d4,213900392,Commune de La Barre (39),false,{39039},Commune,2026-03-24 14:41:59.705606+01,gold_establishments_2025,,,,21390039200019,2025,Collectivité Territoriale,Commune,['Jura'],['Bourgogne-Franche-Comté'],COM,{39},{27}
caecce9f-fbc4-4650-8cbf-7da06e4f265a,217000504,Commune de La Barre (70),false,{70050},Commune,2026-03-24 14:42:07.735343+01,gold_establishments_2025,,,,21700050400019,2025,Collectivité Territoriale,Commune,['Haute-Saône'],['Bourgogne-Franche-Comté'],COM,{70},{27}
8aa552f2-591c-4043-9219-20276cd2313a,218500122,Commune de La Barre-de-Monts (85),false,{85012},Commune,2026-03-24 14:42:10.508772+01,gold_establishments_2025,,,,21850012200013,2025,Collectivité Territoriale,Commune,['Vendée'],['Pays de la Loire'],COM,{85},{52}
73a4813d-eb42-4b51-8533-6b32f6cef2cd,215000324,Commune de La Barre-de-Semilly (50),false,{50032},Commune,2026-03-24 14:42:01.412377+01,gold_establishments_2025,,,,21500032400040,2025,Collectivité Territoriale,Commune,['Manche'],['Normandie'],COM,{50},{28}
cc4a9274-2e7e-4f66-b906-e67c30aca182,216500694,Commune de La Barthe-de-Neste (65),false,{65069},Commune,2026-03-24 14:42:06.665412+01,gold_establishments_2025,,,,21650069400015,2025,Collectivité Territoriale,Commune,['Hautes-Pyrénées'],['Occitanie'],COM,{65},{76}
0c2f95c9-9230-4560-8436-1fcc6d02bd3a,217000512,Commune de La Basse-Vaivre (70),false,{70051},Commune,2026-03-24 14:42:07.735343+01,gold_establishments_2025,,,,21700051200012,2025,Collectivité Territoriale,Commune,['Haute-Saône'],['Bourgogne-Franche-Comté'],COM,{70},{27}
347b8ed7-5291-4c25-99fb-5565dfaf352b,215900515,Commune de La Bassée (59),false,{59051},Commune,2026-03-24 14:42:04.280096+01,gold_establishments_2025,,,,21590051500010,2025,Collectivité Territoriale,Commune,['Nord'],['Hauts-de-France'],COM,{59},{32}
b79cae94-b60d-4706-bebe-983e779eb161,216600189,Commune de La Bastide (66),false,{66018},Commune,2026-03-24 14:42:06.665412+01,gold_establishments_2025,,,,21660018900015,2025,Collectivité Territoriale,Commune,['Pyrénées-Orientales'],['Occitanie'],COM,{66},{76}
bbd3fbd4-9a23-49d8-a245-0eb2c2f0c290,218300135,Commune de La Bastide (83),false,{83013},Commune,2026-03-24 14:42:10.508772+01,gold_establishments_2025,,,,21830013500017,2025,Collectivité Territoriale,Commune,['Var'],"[""Provence-Alpes-Côte d'Azur""]",COM,{83},{93}
a9f4b8b7-a21b-4578-a81f-ea7765380a48,216402891,Commune de La Bastide-Clairence (64),false,{64289},Commune,2026-03-24 14:42:06.130387+01,gold_establishments_2025,,,,21640289100016,2025,Collectivité Territoriale,Commune,['Pyrénées-Atlantiques'],['Nouvelle-Aquitaine'],COM,{64},{75}
923f93c5-c338-443d-bdc8-92f9951001ee,211200225,Commune de La Bastide-Pradines (12),false,{12022},Commune,2026-03-24 14:41:53.63825+01,gold_establishments_2025,,,,21120022500012,2025,Collectivité Territoriale,Commune,['Aveyron'],['Occitanie'],COM,{12},{76}
71ac86c1-f74c-456d-92b1-7c1a54cacf02,214800211,Commune de La Bastide-Puylaurent (48),false,{48021},Commune,2026-03-24 14:42:01.412377+01,gold_establishments_2025,,,,21480021100010,2025,Collectivité Territoriale,Commune,['Lozère'],['Occitanie'],COM,{48},{76}
fc636958-3f39-4eec-ab18-f49ab1c96b0a,211200233,Commune de La Bastide-Solages (12),false,{12023},Commune,2026-03-24 14:41:53.63825+01,gold_establishments_2025,,,,21120023300016,2025,Collectivité Territoriale,Commune,['Aveyron'],['Occitanie'],COM,{12},{76}
86664142-b583-42be-9343-ed159ad1daa6,213000318,Commune de La Bastide-d'Engras (30),false,{30031},Commune,2026-03-24 14:41:57.56054+01,gold_establishments_2025,,,,21300031800047,2025,Collectivité Territoriale,Commune,['Gard'],['Occitanie'],COM,{30},{76}
37bcb75c-0de8-4c4e-bfc9-2eceb4491c3a,210900387,Commune de La Bastide-de-Besplas (09),false,{09038},Commune,2026-03-24 14:41:53.095366+01,gold_establishments_2025,,,,21090038700015,2025,Collectivité Territoriale,Commune,['Ariège'],['Occitanie'],COM,{09},{76}
b44d5f14-c502-4cee-b9d8-51d182e1df25,210900395,Commune de La Bastide-de-Bousignac (09),false,{09039},Commune,2026-03-24 14:41:53.095366+01,gold_establishments_2025,,,,21090039500018,2025,Collectivité Territoriale,Commune,['Ariège'],['Occitanie'],COM,{09},{76}
3862faec-a041-4e2e-9a36-8e339d768006,210900403,Commune de La Bastide-de-Lordat (09),false,{09040},Commune,2026-03-24 14:41:53.095366+01,gold_establishments_2025,,,,21090040300010,2025,Collectivité Territoriale,Commune,['Ariège'],['Occitanie'],COM,{09},{76}
36f31074-6a43-4b44-939d-478b74448a40,210900429,Commune de La Bastide-de-Sérou (09),false,{09042},Commune,2026-03-24 14:41:53.095366+01,gold_establishments_2025,,,,21090042900015,2025,Collectivité Territoriale,Commune,['Ariège'],['Occitanie'],COM,{09},{76}
8880dd5e-9a5e-4525-893c-f153219f97ff,218400091,Commune de La Bastide-des-Jourdans (84),false,{84009},Commune,2026-03-24 14:42:10.508772+01,gold_establishments_2025,,,,21840009100011,2025,Collectivité Territoriale,Commune,['Vaucluse'],"[""Provence-Alpes-Côte d'Azur""]",COM,{84},{93}
972c6310-ded0-4a89-8430-b5f6a424d3b1,210900411,Commune de La Bastide-du-Salat (09),false,{09041},Commune,2026-03-24 14:41:53.095366+01,gold_establishments_2025,,,,21090041100013,2025,Collectivité Territoriale,Commune,['Ariège'],['Occitanie'],COM,{09},{76}
e80bb507-4cb0-4b13-a316-4291d4ca157e,210900437,Commune de La Bastide-sur-l'Hers (09),false,{09043},Commune,2026-03-24 14:41:53.095366+01,gold_establishments_2025,,,,21090043700018,2025,Collectivité Territoriale,Commune,['Ariège'],['Occitanie'],COM,{09},{76}
4334a94b-a50a-4fd3-becc-02182e62ee49,218400109,Commune de La Bastidonne (84),false,{84010},Commune,2026-03-24 14:42:10.508772+01,gold_establishments_2025,,,,21840010900011,2025,Collectivité Territoriale,Commune,['Vaucluse'],"[""Provence-Alpes-Côte d'Azur""]",COM,{84},{93}
79977335-ab27-45dc-8978-16e70e3c4cee,217300334,Commune de La Bauche (73),false,{73033},Commune,2026-03-24 14:42:08.279287+01,gold_establishments_2025,,,,21730033400018,2025,Collectivité Territoriale,Commune,['Savoie'],['Auvergne-Rhône-Alpes'],COM,{73},{84}
d772f573-6ad8-4b0f-b89a-99180130ad19,214400558,Commune de La Baule-Escoublac (44),false,{44055},Commune,2026-03-24 14:42:00.273698+01,gold_establishments_2025,,,,21440055800018,2025,Collectivité Territoriale,Commune,['Loire-Atlantique'],['Pays de la Loire'],COM,{44},{52}
fd336a60-9ea0-4b6f-9b23-d57b3325220f,217400308,Commune de La Baume (74),false,{74030},Commune,2026-03-24 14:42:08.279287+01,gold_establishments_2025,,,,21740030800011,2025,Collectivité Territoriale,Commune,['Haute-Savoie'],['Auvergne-Rhône-Alpes'],COM,{74},{84}
22650666-6338-4cb8-b75f-41d4b6324f05,212600324,Commune de La Baume-Cornillane (26),false,{26032},Commune,2026-03-24 14:41:56.495197+01,gold_establishments_2025,,,,21260032400017,2025,Collectivité Territoriale,Commune,['Drôme'],['Auvergne-Rhône-Alpes'],COM,{26},{84}
17b572cd-bc03-48ab-8798-5d51c52e87e3,212600340,Commune de La Baume-d'Hostun (26),false,{26034},Commune,2026-03-24 14:41:56.495197+01,gold_establishments_2025,,,,21260034000013,2025,Collectivité Territoriale,Commune,['Drôme'],['Auvergne-Rhône-Alpes'],COM,{26},{84}
3eb5b370-1807-44d4-8d5a-cd208daca8e1,212600332,Commune de La Baume-de-Transit (26),false,{26033},Commune,2026-03-24 14:41:56.495197+01,gold_establishments_2025,,,,21260033200010,2025,Collectivité Territoriale,Commune,['Drôme'],['Auvergne-Rhône-Alpes'],COM,{26},{84}
01d3dc9b-ec1b-44f9-a07b-22fbc48b2326,213500176,Commune de La Baussaine (35),false,{35017},Commune,2026-03-24 14:41:58.620411+01,gold_establishments_2025,,,,21350017600010,2025,Collectivité Territoriale,Commune,['Ille-et-Vilaine'],['Bretagne'],COM,{35},{53}
d738e616-78a0-47fe-88e7-cc8aa15f42e0,218700805,Commune de La Bazeuge (87),false,{87008},Commune,2026-03-24 14:42:11.118516+01,gold_establishments_2025,,,,21870080500011,2025,Collectivité Territoriale,Commune,['Haute-Vienne'],['Nouvelle-Aquitaine'],COM,{87},{75}
b5e09828-e1af-4b97-9449-d6f41d8e5ee1,212800270,Commune de La Bazoche-Gouet (28),false,{28027},Commune,2026-03-24 14:41:57.028721+01,gold_establishments_2025,,,,21280027000010,2025,Collectivité Territoriale,Commune,['Eure-et-Loir'],['Centre-Val de Loire'],COM,{28},{24}
6192dacb-921c-41e7-8519-1d163ebe7e64,217200245,Commune de La Bazoge (72),false,{72024},Commune,2026-03-24 14:42:08.279287+01,gold_establishments_2025,,,,21720024500017,2025,Collectivité Territoriale,Commune,['Sarthe'],['Pays de la Loire'],COM,{72},{52}
5c14b64b-6103-45a0-95c9-c6f0b3a809fa,215300211,Commune de La Bazoge-Montpinçon (53),false,{53021},Commune,2026-03-24 14:42:01.954481+01,gold_establishments_2025,,,,21530021100012,2025,Collectivité Territoriale,Commune,['Mayenne'],['Pays de la Loire'],COM,{53},{52}
77d94f19-c703-4853-a8ea-3952ee475ff2,211400502,Commune de La Bazoque (14),false,{14050},Commune,2026-03-24 14:41:53.63825+01,gold_establishments_2025,,,,21140050200012,2025,Collectivité Territoriale,Commune,['Calvados'],['Normandie'],COM,{14},{28}
b17d32f5-94d7-448c-b4b6-1ff56c5707a3,216100305,Commune de La Bazoque (61),false,{61030},Commune,2026-03-24 14:42:04.814328+01,gold_establishments_2025,,,,21610030500012,2025,Collectivité Territoriale,Commune,['Orne'],['Normandie'],COM,{61},{28}
e250eb41-0133-4b2b-aa51-312f17728785,215300229,Commune de La Bazouge-de-Chemeré (53),false,{53022},Commune,2026-03-24 14:42:01.954481+01,gold_establishments_2025,,,,21530022900014,2025,Collectivité Territoriale,Commune,['Mayenne'],['Pays de la Loire'],COM,{53},{52}
3c9857c0-2f8a-4f78-abda-fc78fc679e24,215300237,Commune de La Bazouge-des-Alleux (53),false,{53023},Commune,2026-03-24 14:42:01.954481+01,gold_establishments_2025,,,,21530023700017,2025,Collectivité Territoriale,Commune,['Mayenne'],['Pays de la Loire'],COM,{53},{52}
073e2c9d-8f70-4679-938b-864703a797a8,213500184,Commune de La Bazouge-du-Désert (35),false,{35018},Commune,2026-03-24 14:41:58.620411+01,gold_establishments_2025,,,,21350018400014,2025,Collectivité Territoriale,Commune,['Ille-et-Vilaine'],['Bretagne'],COM,{35},{53}
f83b24fb-a16f-4f33-814a-4045a5d6f757,210500195,Commune de La Beaume (05),false,{05019},Commune,2026-03-24 14:41:52.562531+01,gold_establishments_2025,,,,21050019500016,2025,Collectivité Territoriale,Commune,['Hautes-Alpes'],"[""Provence-Alpes-Côte d'Azur""]",COM,{05},{93}
acf24afc-d82a-438c-9a4d-4b64d1a6b715,218900363,Commune de La Belliole (89),false,{89036},Commune,2026-03-24 14:42:11.118516+01,gold_establishments_2025,,,,21890036300019,2025,Collectivité Territoriale,Commune,['Yonne'],['Bourgogne-Franche-Comté'],COM,{89},{27}
d0c5cdfe-431a-4a9f-bb27-e358985b5904,216100396,Commune de La Bellière (61),false,{61039},Commune,2026-03-24 14:42:04.814328+01,gold_establishments_2025,,,,21610039600011,2025,Collectivité Territoriale,Commune,['Orne'],['Normandie'],COM,{61},{28}
5ca2fdae-9fe5-4592-9275-07d9d2d7cb2a,217600741,Commune de La Bellière (76),false,{76074},Commune,2026-03-24 14:42:08.818969+01,gold_establishments_2025,,,,21760074100011,2025,Collectivité Territoriale,Commune,['Seine-Maritime'],['Normandie'],COM,{76},{28}
91010fe9-c455-499d-b21c-bca0208422e8,210800553,Commune de La Berlière (08),false,{08061},Commune,2026-03-24 14:41:52.562531+01,gold_establishments_2025,,,,21080055300013,2025,Collectivité Territoriale,Commune,['Ardennes'],['Grand Est'],COM,{08},{44}
471b10f3-4d4d-4d55-8ca4-7618e6063563,218500213,Commune de La Bernardière (nan),false,{85021},Commune,2026-03-24 14:42:10.508772+01,gold_establishments_2025,,,,21850021300010,2025,Collectivité Territoriale,Commune,[''],[''],COM,,
80a44840-e20b-4d54-8f28-4dacc2b27eb0,214400129,Commune de La Bernerie-en-Retz (44),false,{44012},Commune,2026-03-24 14:42:00.273698+01,gold_establishments_2025,,,,21440012900018,2025,Collectivité Territoriale,Commune,['Loire-Atlantique'],['Pays de la Loire'],COM,{44},{52}
5000fd92-151d-4fef-8470-0c7f18ebc91c,213600174,Commune de La Berthenoux (36),false,{36017},Commune,2026-03-24 14:41:59.160244+01,gold_establishments_2025,,,,21360017400014,2025,Collectivité Territoriale,Commune,['Indre'],['Centre-Val de Loire'],COM,{36},{24}
d32c4a25-0de6-4130-9f98-38a173b44fc0,210800579,Commune de La Besace (08),false,{08063},Commune,2026-03-24 14:41:52.562531+01,gold_establishments_2025,,,,21080057900018,2025,Collectivité Territoriale,Commune,['Ardennes'],['Grand Est'],COM,{08},{44}
18cb7086-e5fd-4dbc-84b1-af8edaeb0185,214300295,Commune de La Besseyre-Saint-Mary (43),false,{43029},Commune,2026-03-24 14:42:00.273698+01,gold_establishments_2025,,,,21430029500018,2025,Collectivité Territoriale,Commune,['Haute-Loire'],['Auvergne-Rhône-Alpes'],COM,{43},{84}
70141135-821a-4472-b721-1bba4d7bee2c,211100391,Commune de La Bezole (11),false,{11039},Commune,2026-03-24 14:41:53.63825+01,gold_establishments_2025,,,,21110039100013,2025,Collectivité Territoriale,Commune,['Aude'],['Occitanie'],COM,{11},{76}
eb51a5cd-3956-4364-aebe-5041c0e17682,215300310,Commune de La Bigottière (53),false,{53031},Commune,2026-03-24 14:42:01.954481+01,gold_establishments_2025,,,,21530031000012,2025,Collectivité Territoriale,Commune,['Mayenne'],['Pays de la Loire'],COM,{53},{52}
df57dac7-191f-4712-b28d-8387d03976fc,217300433,Commune de La Biolle (73),false,{73043},Commune,2026-03-24 14:42:08.279287+01,gold_establishments_2025,,,,21730043300018,2025,Collectivité Territoriale,Commune,['Savoie'],['Auvergne-Rhône-Alpes'],COM,{73},{84}
d641d8e6-5b87-4be7-bc89-e934bc5fb864,215000605,Commune de La Bloutière (50),false,{50060},Commune,2026-03-24 14:42:01.412377+01,gold_establishments_2025,,,,21500060500018,2025,Collectivité Territoriale,Commune,['Manche'],['Normandie'],COM,{50},{28}
440d2279-c231-4341-ae44-97c5d722449b,210100491,Commune de La Boisse (01),false,{01049},Commune,2026-03-24 14:41:51.447482+01,gold_establishments_2025,,,,21010049100013,2025,Collectivité Territoriale,Commune,['Ain'],['Auvergne-Rhône-Alpes'],COM,{01},{84}
b97ee24b-fc79-4e9e-9166-b9f4c03090de,211400825,Commune de La Boissière (14),false,{14082},Commune,2026-03-24 14:41:53.63825+01,gold_establishments_2025,,,,21140082500017,2025,Collectivité Territoriale,Commune,['Calvados'],['Normandie'],COM,{14},{28}
08555a42-17b0-4af8-9c1b-cf95a10688b8,212700785,Commune de La Boissière (27),false,{27078},Commune,2026-03-24 14:41:56.495197+01,gold_establishments_2025,,,,21270078500018,2025,Collectivité Territoriale,Commune,['Eure'],['Normandie'],COM,{27},{28}
ab5cc58f-dcff-4668-977f-69fa99fb5667,213400351,Commune de La Boissière (34),false,{34035},Commune,2026-03-24 14:41:58.620411+01,gold_establishments_2025,,,,21340035100010,2025,Collectivité Territoriale,Commune,['Hérault'],['Occitanie'],COM,{34},{76}
5b468960-6674-437d-b124-b710a332e213,213900624,Commune de La Boissière (39),false,{39062},Commune,2026-03-24 14:41:59.705606+01,gold_establishments_2025,,,,21390062400015,2025,Collectivité Territoriale,Commune,['Jura'],['Bourgogne-Franche-Comté'],COM,{39},{27}
d0abff34-7206-426f-8dd7-013a2e447c88,215300336,Commune de La Boissière (53),false,{53033},Commune,2026-03-24 14:42:01.954481+01,gold_establishments_2025,,,,21530033600017,2025,Collectivité Territoriale,Commune,['Mayenne'],['Pays de la Loire'],COM,{53},{52}
072515b2-f43c-4b4c-a651-271922aca1e5,218500254,Commune de La Boissière-de-Montaigu (85),false,{85025},Commune,2026-03-24 14:42:10.508772+01,gold_establishments_2025,,,,21850025400014,2025,Collectivité Territoriale,Commune,['Vendée'],['Pays de la Loire'],COM,{85},{52}
147d6e2d-c3a8-48c7-b68e-f35f20c40e6b,218500262,Commune de La Boissière-des-Landes (85),false,{85026},Commune,2026-03-24 14:42:10.508772+01,gold_establishments_2025,,,,21850026200017,2025,Collectivité Territoriale,Commune,['Vendée'],['Pays de la Loire'],COM,{85},{52}
edaadb49-6e44-485b-a5b5-01d538be262e,214400160,Commune de La Boissière-du-Doré (44),false,{44016},Commune,2026-03-24 14:42:00.273698+01,gold_establishments_2025,,,,21440016000013,2025,Collectivité Territoriale,Commune,['Loire-Atlantique'],['Pays de la Loire'],COM,{44},{52}
ddff6dc2-ba7d-4672-901a-90ba5dd68cf0,217900406,Commune de La Boissière-en-Gâtine (79),false,{79040},Commune,2026-03-24 14:42:09.43682+01,gold_establishments_2025,,,,21790040600018,2025,Collectivité Territoriale,Commune,['Deux-Sèvres'],['Nouvelle-Aquitaine'],COM,{79},{75}
14c31313-a628-433d-9397-78ca7ab392f1,217800770,Commune de La Boissière-École (78),false,{78077},Commune,2026-03-24 14:42:09.43682+01,gold_establishments_2025,,,,21780077000018,2025,Collectivité Territoriale,Commune,['Yvelines'],['Île-de-France'],COM,{78},{11}
82d6e47c-31f9-406c-b195-74c0cd72b72e,211603931,Commune de La Boixe (16),false,{16393},Commune,2026-03-24 14:41:54.903238+01,gold_establishments_2025,,,,21160393100018,2025,Collectivité Territoriale,Commune,['Charente'],['Nouvelle-Aquitaine'],COM,{16},{75}
1b0c3dc8-8265-4240-b689-6ee94b5adbbe,210600201,Commune de La Bollène-Vésubie (06),false,{06020},Commune,2026-03-24 14:41:52.562531+01,gold_establishments_2025,,,,21060020100011,2025,Collectivité Territoriale,Commune,['Alpes-Maritimes'],"[""Provence-Alpes-Côte d'Azur""]",COM,{06},{93}
0b16fade-f3ab-487c-9d51-50a5f0622b0a,215000647,Commune de La Bonneville (50),false,{50064},Commune,2026-03-24 14:42:01.412377+01,gold_establishments_2025,,,,21500064700010,2025,Collectivité Territoriale,Commune,['Manche'],['Normandie'],COM,{50},{28}
a4e13756-df64-40f1-b600-340fa2b7758f,212700827,Commune de La Bonneville-sur-Iton (27),false,{27082},Commune,2026-03-24 14:41:56.495197+01,gold_establishments_2025,,,,21270082700018,2025,Collectivité Territoriale,Commune,['Eure'],['Normandie'],COM,{27},{28}
bb2cdde1-51e4-49b0-ae76-765811607ddd,212500771,Commune de La Bosse (25),false,{25077},Commune,2026-03-24 14:41:55.958138+01,gold_establishments_2025,,,,21250077100010,2025,Collectivité Territoriale,Commune,['Doubs'],['Bourgogne-Franche-Comté'],COM,{25},{27}
aa6f254f-e0ed-4bef-b331-8e5277541b31,217200401,Commune de La Bosse (72),false,{72040},Commune,2026-03-24 14:42:08.279287+01,gold_establishments_2025,,,,21720040100016,2025,Collectivité Territoriale,Commune,['Sarthe'],['Pays de la Loire'],COM,{72},{52}
b0b2e1fa-99d4-4646-8a41-7425255cb1da,213500309,Commune de La Bosse-de-Bretagne (35),false,{35030},Commune,2026-03-24 14:41:58.620411+01,gold_establishments_2025,,,,21350030900017,2025,Collectivité Territoriale,Commune,['Ille-et-Vilaine'],['Bretagne'],COM,{35},{53}
177fb574-8777-4c9a-a36b-e075ecf589f9,211300165,Commune de La Bouilladisse (13),false,{13016},Commune,2026-03-24 14:41:53.63825+01,gold_establishments_2025,,,,21130016500019,2025,Collectivité Territoriale,Commune,['Bouches-du-Rhône'],"[""Provence-Alpes-Côte d'Azur""]",COM,{13},{93}
1dd264f1-e28e-408f-b5ab-201ca42d084e,217601319,Commune de La Bouille (76),false,{76131},Commune,2026-03-24 14:42:08.818969+01,gold_establishments_2025,,,,21760131900015,2025,Collectivité Territoriale,Commune,['Seine-Maritime'],['Normandie'],COM,{76},{28}
273b0e2b-f2f2-4624-bc27-43eec43b68de,212200125,Commune de La Bouillie (22),false,{22012},Commune,2026-03-24 14:41:55.433389+01,gold_establishments_2025,,,,21220012500012,2025,Collectivité Territoriale,Commune,"[""Côtes-d'Armor""]",['Bretagne'],COM,{22},{53}
8d0037db-714d-4fa4-a193-df5ebddc648b,217100460,Commune de La Boulaye (71),false,{71046},Commune,2026-03-24 14:42:07.735343+01,gold_establishments_2025,,,,21710046000013,2025,Collectivité Territoriale,Commune,['Saône-et-Loire'],['Bourgogne-Franche-Comté'],COM,{71},{27}
8b60a874-96d1-4c04-8345-675063b51a90,216300475,Commune de La Bourboule (63),false,{63047},Commune,2026-03-24 14:42:06.130387+01,gold_establishments_2025,,,,21630047500011,2025,Collectivité Territoriale,Commune,['Puy-de-Dôme'],['Auvergne-Rhône-Alpes'],COM,{63},{84}
ac158a09-f7a4-4a71-b32b-0379ae8ca44a,212800486,Commune de La Bourdinière-Saint-Loup (28),false,{28048},Commune,2026-03-24 14:41:57.028721+01,gold_establishments_2025,,,,21280048600012,2025,Collectivité Territoriale,Commune,['Eure-et-Loir'],['Centre-Val de Loire'],COM,{28},{24}
0a8d3fa8-3992-48c2-beec-c1c8119ef9f3,218800688,Commune de La Bourgonce (88),false,{88068},Commune,2026-03-24 14:42:11.118516+01,gold_establishments_2025,,,,21880068800051,2025,Collectivité Territoriale,Commune,['Vosges'],['Grand Est'],COM,{88},{44}
b5f49d01-4b1f-40c9-8b35-84bed16b1d5d,213500341,Commune de La Boussac (35),false,{35034},Commune,2026-03-24 14:41:58.620411+01,gold_establishments_2025,,,,21350034100010,2025,Collectivité Territoriale,Commune,['Ille-et-Vilaine'],['Bretagne'],COM,{35},{53}
6a0cb670-80e2-4e93-8187-1aa42874d134,210201067,Commune de La Bouteille (02),false,{02109},Commune,2026-03-24 14:41:51.447482+01,gold_establishments_2025,,,,21020106700019,2025,Collectivité Territoriale,Commune,['Aisne'],['Hauts-de-France'],COM,{02},{32}
fd4e79f9-f1ff-4033-82d3-8f4af9900bc5,213500317,Commune de La Bouëxière (35),false,{35031},Commune,2026-03-24 14:41:58.620411+01,gold_establishments_2025,,,,21350031700010,2025,Collectivité Territoriale,Commune,['Ille-et-Vilaine'],['Bretagne'],COM,{35},{53}
cd3c81bc-4178-4507-87ad-bb639ef14176,214900458,Commune de La Breille-les-Pins (49),false,{49045},Commune,2026-03-24 14:42:01.412377+01,gold_establishments_2025,,,,21490045800016,2025,Collectivité Territoriale,Commune,['Maine-et-Loire'],['Pays de la Loire'],COM,{49},{52}
6e2bd582-e51c-4903-a6a4-02243479b4cb,218800753,Commune de La Bresse (88),false,{88075},Commune,2026-03-24 14:42:11.118516+01,gold_establishments_2025,,,,21880075300012,2025,Collectivité Territoriale,Commune,['Vosges'],['Grand Est'],COM,{88},{44}
eaf64d9d-8add-40b6-bc52-65efd982a34f,212500920,Commune de La Bretenière (25),false,{25092},Commune,2026-03-24 14:41:56.495197+01,gold_establishments_2025,,,,21250092000013,2025,Collectivité Territoriale,Commune,['Doubs'],['Bourgogne-Franche-Comté'],COM,{25},{27}
2baafeaf-768f-4994-9c6e-5ab31437f2bd,213900764,Commune de La Bretenière (39),false,{39076},Commune,2026-03-24 14:41:59.705606+01,gold_establishments_2025,,,,21390076400019,2025,Collectivité Territoriale,Commune,['Jura'],['Bourgogne-Franche-Comté'],COM,{39},{27}
1624f33a-5ead-47b0-a6c8-4a9cc79e0d0e,218500361,Commune de La Bretonnière-la-Claye (85),false,{85036},Commune,2026-03-24 14:42:10.508772+01,gold_establishments_2025,,,,21850036100017,2025,Collectivité Territoriale,Commune,['Vendée'],['Pays de la Loire'],COM,{85},{52}
46743820-9d66-4477-97b3-1db8028c246a,217300581,Commune de La Bridoire (73),false,{73058},Commune,2026-03-24 14:42:08.279287+01,gold_establishments_2025,,,,21730058100014,2025,Collectivité Territoriale,Commune,['Savoie'],['Auvergne-Rhône-Alpes'],COM,{73},{84}
f546710f-9a0c-4e34-a3cc-a9fb190ca7d8,210601621,Commune de La Brigue (06),false,{06162},Commune,2026-03-24 14:41:52.562531+01,gold_establishments_2025,,,,21060162100019,2025,Collectivité Territoriale,Commune,['Alpes-Maritimes'],"[""Provence-Alpes-Côte d'Azur""]",COM,{06},{93}
e861716d-af43-4148-9cd0-31190d4e8c81,210400347,Commune de La Brillanne (04),false,{04034},Commune,2026-03-24 14:41:52.020251+01,gold_establishments_2025,,,,21040034700014,2025,Collectivité Territoriale,Commune,['Alpes-de-Haute-Provence'],"[""Provence-Alpes-Côte d'Azur""]",COM,{04},{93}
7e671c69-5a01-43f4-9ef0-603d9d949b20,212303309,Commune de La Brionne (23),false,{23033},Commune,2026-03-24 14:41:55.958138+01,gold_establishments_2025,,,,21230330900018,2025,Collectivité Territoriale,Commune,['Creuse'],['Nouvelle-Aquitaine'],COM,{23},{75}
22f96aab-7f95-426a-9213-7e6794459a36,216700666,Commune de La Broque (67),false,{67066},Commune,2026-03-24 14:42:06.665412+01,gold_establishments_2025,,,,21670066600011,2025,Collectivité Territoriale,Commune,['Bas-Rhin'],['Grand Est'],COM,{67},{44}
a14db03f-8d36-4e74-b488-185cc48183e5,217700541,Commune de La Brosse-Montceaux (77),false,{77054},Commune,2026-03-24 14:42:08.818969+01,gold_establishments_2025,,,,21770054100014,2025,Collectivité Territoriale,Commune,['Seine-et-Marne'],['Île-de-France'],COM,{77},{11}
d4a7f76c-4274-4ed8-9fcd-f883b6a17e79,211700711,Commune de La Brousse (17),false,{17071},Commune,2026-03-24 14:41:54.903238+01,gold_establishments_2025,,,,21170071100016,2025,Collectivité Territoriale,Commune,['Charente-Maritime'],['Nouvelle-Aquitaine'],COM,{17},{75}
a2d3fb33-09d5-447e-8ec3-c45c4a1ca0ff,218500395,Commune de La Bruffière (85),false,{85039},Commune,2026-03-24 14:42:10.508772+01,gold_establishments_2025,,,,21850039500015,2025,Collectivité Territoriale,Commune,['Vendée'],['Pays de la Loire'],COM,{85},{52}
76521496-780a-4b66-a1ef-a5baf4e273d7,213000565,Commune de La Bruguière (30),false,{30056},Commune,2026-03-24 14:41:57.56054+01,gold_establishments_2025,,,,21300056500019,2025,Collectivité Territoriale,Commune,['Gard'],['Occitanie'],COM,{30},{76}
778f186d-39a1-41c4-8f33-db063c13f924,217001031,Commune de La Bruyère (70),false,{70103},Commune,2026-03-24 14:42:07.735343+01,gold_establishments_2025,,,,21700103100012,2025,Collectivité Territoriale,Commune,['Haute-Saône'],['Bourgogne-Franche-Comté'],COM,{70},{27}
243fbdda-9542-430c-9153-fb21984e4ba6,217200492,Commune de La Bruère-sur-Loir (72),false,{72049},Commune,2026-03-24 14:42:08.279287+01,gold_establishments_2025,,,,21720049200015,2025,Collectivité Territoriale,Commune,['Sarthe'],['Pays de la Loire'],COM,{72},{52}
52802ef3-44e7-48d5-a4f2-fbdaacf262a0,213302136,Commune de La Brède (33),false,{33213},Commune,2026-03-24 14:41:58.620411+01,gold_establishments_2025,,,,21330213600014,2025,Collectivité Territoriale,Commune,['Gironde'],['Nouvelle-Aquitaine'],COM,{33},{75}
e3099ecb-36fd-411c-aca2-2f017d50a75a,211704861,Commune de La Brée-les-Bains (17),false,{17486},Commune,2026-03-24 14:41:54.903238+01,gold_establishments_2025,,,,21170486100015,2025,Collectivité Territoriale,Commune,['Charente-Maritime'],['Nouvelle-Aquitaine'],COM,{17},{75}
fd075d71-6971-4d84-a95f-5e4291bed66f,215300450,Commune de La Brûlatte (53),false,{53045},Commune,2026-03-24 14:42:01.954481+01,gold_establishments_2025,,,,21530045000016,2025,Collectivité Territoriale,Commune,['Mayenne'],['Pays de la Loire'],COM,{53},{52}
090edc49-5472-490e-aab6-e9e5563fea4d,213800618,Commune de La Buisse (38),false,{38061},Commune,2026-03-24 14:41:59.160244+01,gold_establishments_2025,,,,21380061800018,2025,Collectivité Territoriale,Commune,['Isère'],['Auvergne-Rhône-Alpes'],COM,{38},{84}
0c0941a3-c20d-4e66-bedd-d7d867b2d20f,213800626,Commune de La Buissière (38),false,{38062},Commune,2026-03-24 14:41:59.160244+01,gold_establishments_2025,,,,21380062600011,2025,Collectivité Territoriale,Commune,['Isère'],['Auvergne-Rhône-Alpes'],COM,{38},{84}
1feb599e-ba14-4483-a948-9690d9f453e5,210100665,Commune de La Burbanche (01),false,{01066},Commune,2026-03-24 14:41:51.447482+01,gold_establishments_2025,,,,21010066500012,2025,Collectivité Territoriale,Commune,['Ain'],['Auvergne-Rhône-Alpes'],COM,{01},{84}
7d023d66-caf7-4bbe-a4ea-e50cac7d1c6e,214500605,Commune de La Bussière (45),false,{45060},Commune,2026-03-24 14:42:00.862623+01,gold_establishments_2025,,,,21450060500016,2025,Collectivité Territoriale,Commune,['Loiret'],['Centre-Val de Loire'],COM,{45},{24}
725af1f5-df72-4543-93d3-6f7028e01e06,218600401,Commune de La Bussière (86),false,{86040},Commune,2026-03-24 14:42:10.508772+01,gold_establishments_2025,,,,21860040100010,2025,Collectivité Territoriale,Commune,['Vienne'],['Nouvelle-Aquitaine'],COM,{86},{75}
185ba355-2dae-4c4d-9d87-b5d5a90c338e,212101208,Commune de La Bussière-sur-Ouche (21),false,{21120},Commune,2026-03-24 14:41:55.433389+01,gold_establishments_2025,,,,21210120800016,2025,Collectivité Territoriale,Commune,"[""Côte-d'Or""]",['Bourgogne-Franche-Comté'],COM,{21},{27}
866d35a0-bf26-4eee-80b7-556ab9de25c7,213600281,Commune de La Buxerette (36),false,{36028},Commune,2026-03-24 14:41:59.160244+01,gold_establishments_2025,,,,21360028100017,2025,Collectivité Territoriale,Commune,['Indre'],['Centre-Val de Loire'],COM,{36},{24}
f8771b47-5dfa-48af-b25d-e0ab1985482d,217300326,Commune de La Bâthie (73),false,{73032},Commune,2026-03-24 14:42:08.279287+01,gold_establishments_2025,,,,21730032600014,2025,Collectivité Territoriale,Commune,['Savoie'],['Auvergne-Rhône-Alpes'],COM,{73},{84}
1c747f6a-4102-4251-9928-ff3d217d7e26,213800295,Commune de La Bâtie-Montgascon (38),false,{38029},Commune,2026-03-24 14:41:59.160244+01,gold_establishments_2025,,,,21380029500015,2025,Collectivité Territoriale,Commune,['Isère'],['Auvergne-Rhône-Alpes'],COM,{38},{84}
48e3b0f6-408f-40c0-ba9b-081603191a6e,210500161,Commune de La Bâtie-Montsaléon (05),false,{05016},Commune,2026-03-24 14:41:52.562531+01,gold_establishments_2025,,,,21050016100018,2025,Collectivité Territoriale,Commune,['Hautes-Alpes'],"[""Provence-Alpes-Côte d'Azur""]",COM,{05},{93}
ea310169-cd35-4c7d-8c6c-15f60f20595e,210500179,Commune de La Bâtie-Neuve (05),false,{05017},Commune,2026-03-24 14:41:52.562531+01,gold_establishments_2025,,,,21050017900010,2025,Collectivité Territoriale,Commune,['Hautes-Alpes'],"[""Provence-Alpes-Côte d'Azur""]",COM,{05},{93}
6c08ab41-9d4a-483d-891f-0c05022b10e1,212600316,Commune de La Bâtie-Rolland (26),false,{26031},Commune,2026-03-24 14:41:56.495197+01,gold_establishments_2025,,,,21260031600013,2025,Collectivité Territoriale,Commune,['Drôme'],['Auvergne-Rhône-Alpes'],COM,{26},{84}
97ff4123-5a07-4543-851f-0ae824fbe9ad,210500187,Commune de La Bâtie-Vieille (05),false,{05018},Commune,2026-03-24 14:41:52.562531+01,gold_establishments_2025,,,,21050018700013,2025,Collectivité Territoriale,Commune,['Hautes-Alpes'],"[""Provence-Alpes-Côte d'Azur""]",COM,{05},{93}
d01e91a7-645f-4b58-b7e1-12cabcd1ea62,212600308,Commune de La Bâtie-des-Fonds (26),false,{26030},Commune,2026-03-24 14:41:56.495197+01,gold_establishments_2025,,,,21260030800010,2025,Collectivité Territoriale,Commune,['Drôme'],['Auvergne-Rhône-Alpes'],COM,{26},{84}
33621006-9d07-4fe6-a8d3-bfc3ea4a99b1,212600456,Commune de La Bégude-de-Mazenc (26),false,{26045},Commune,2026-03-24 14:41:56.495197+01,gold_establishments_2025,,,,21260045600017,2025,Collectivité Territoriale,Commune,['Drôme'],['Auvergne-Rhône-Alpes'],COM,{26},{84}
65f73e71-8f28-4836-85f8-a9085c5c09f8,214200164,Commune de La Bénisson-Dieu (42),false,{42016},Commune,2026-03-24 14:42:00.273698+01,gold_establishments_2025,,,,21420016400017,2025,Collectivité Territoriale,Commune,['Loire'],['Auvergne-Rhône-Alpes'],COM,{42},{84}
2498acd8-c314-40c0-8336-c2fc490b8980,216600270,Commune de La Cabanasse (66),false,{66027},Commune,2026-03-24 14:42:06.665412+01,gold_establishments_2025,,,,21660027000013,2025,Collectivité Territoriale,Commune,['Pyrénées-Orientales'],['Occitanie'],COM,{66},{76}
0ae823a5-b2ab-45dc-8886-fa93fd51254b,218300275,Commune de La Cadière-d'Azur (83),false,{83027},Commune,2026-03-24 14:42:10.508772+01,gold_establishments_2025,,,,21830027500011,2025,Collectivité Territoriale,Commune,['Var'],"[""Provence-Alpes-Côte d'Azur""]",COM,{83},{93}
1f6bba59-9a41-49c8-98a1-9af4336f60ad,213000581,Commune de La Cadière-et-Cambo (30),false,{30058},Commune,2026-03-24 14:41:57.56054+01,gold_establishments_2025,,,,21300058100016,2025,Collectivité Territoriale,Commune,['Gard'],['Occitanie'],COM,{30},{76}
7136d64b-ae2e-4879-a910-736a73b442a6,218500403,Commune de La Caillère-Saint-Hilaire (85),false,{85040},Commune,2026-03-24 14:42:10.508772+01,gold_establishments_2025,,,,21850040300017,2025,Collectivité Territoriale,Commune,['Vendée'],['Pays de la Loire'],COM,{85},{52}
7d8719e6-99f3-4b68-a2f7-6ca2793ccf30,211401229,Commune de La Caine (14),false,{14122},Commune,2026-03-24 14:41:53.63825+01,gold_establishments_2025,,,,21140122900011,2025,Collectivité Territoriale,Commune,['Calvados'],['Normandie'],COM,{14},{28}
5fc17aa5-783d-4b4d-912d-b806eddbd141,213000615,Commune de La Calmette (30),false,{30061},Commune,2026-03-24 14:41:57.56054+01,gold_establishments_2025,,,,21300061500012,2025,Collectivité Territoriale,Commune,['Gard'],['Occitanie'],COM,{30},{76}
a14ef556-8a7d-418a-b75b-c1b5e0f4a34a,216201962,Commune de La Calotterie (62),false,{62196},Commune,2026-03-24 14:42:05.597325+01,gold_establishments_2025,,,,21620196200018,2025,Collectivité Territoriale,Commune,['Pas-de-Calais'],['Hauts-de-France'],COM,{62},{32}
27b758af-959f-42ff-856a-2bece4274d55,211401245,Commune de La Cambe (14),false,{14124},Commune,2026-03-24 14:41:53.63825+01,gold_establishments_2025,,,,21140124500017,2025,Collectivité Territoriale,Commune,['Calvados'],['Normandie'],COM,{14},{28}
79707db4-cc65-4f44-bbf2-8c265b538185,214800344,Commune de La Canourgue (48),false,{48034},Commune,2026-03-24 14:42:01.412377+01,gold_establishments_2025,,,,21480034400019,2025,Collectivité Territoriale,Commune,['Lozère'],['Occitanie'],COM,{48},{76}
d6949e24-cf90-4dc4-ba2b-e8c36348d65e,210201281,Commune de La Capelle (02),false,{02141},Commune,2026-03-24 14:41:51.447482+01,gold_establishments_2025,,,,21020128100016,2025,Collectivité Territoriale,Commune,['Aisne'],['Hauts-de-France'],COM,{02},{32}
aad7185a-1681-4c2b-ad2e-76bd05a72bee,211200530,Commune de La Capelle-Balaguier (12),false,{12053},Commune,2026-03-24 14:41:53.63825+01,gold_establishments_2025,,,,21120053000015,2025,Collectivité Territoriale,Commune,['Aveyron'],['Occitanie'],COM,{12},{76}
e47c13c8-2f3e-4270-940e-fd8750c96ad8,211200548,Commune de La Capelle-Bleys (12),false,{12054},Commune,2026-03-24 14:41:53.63825+01,gold_establishments_2025,,,,21120054800017,2025,Collectivité Territoriale,Commune,['Aveyron'],['Occitanie'],COM,{12},{76}
9fb93309-bece-4f0c-b948-137355aed1b9,211200555,Commune de La Capelle-Bonance (12),false,{12055},Commune,2026-03-24 14:41:53.63825+01,gold_establishments_2025,,,,21120055500012,2025,Collectivité Territoriale,Commune,['Aveyron'],['Occitanie'],COM,{12},{76}
44731c62-c1b1-4b5b-bd8f-c1e7f0b4ac5c,213000672,Commune de La Capelle-et-Masmolène (30),false,{30067},Commune,2026-03-24 14:41:57.56054+01,gold_establishments_2025,,,,21300067200013,2025,Collectivité Territoriale,Commune,['Gard'],['Occitanie'],COM,{30},{76}
68da3b99-0320-4d39-bc6d-30d20be273b9,216209080,Commune de La Capelle-lès-Boulogne (62),false,{62908},Commune,2026-03-24 14:42:06.130387+01,gold_establishments_2025,,,,21620908000011,2025,Collectivité Territoriale,Commune,['Pas-de-Calais'],['Hauts-de-France'],COM,{62},{32}
8344c6bd-e972-481b-8b22-5a2b92ce1da5,212400857,Commune de La Cassagne (24),false,{24085},Commune,2026-03-24 14:41:55.958138+01,gold_establishments_2025,,,,21240085700018,2025,Collectivité Territoriale,Commune,['Dordogne'],['Nouvelle-Aquitaine'],COM,{24},{75}
b19c62e9-9cec-4162-993d-e19478fb5156,211100722,Commune de La Cassaigne (11),false,{11072},Commune,2026-03-24 14:41:53.63825+01,gold_establishments_2025,,,,21110072200019,2025,Collectivité Territoriale,Commune,['Aude'],['Occitanie'],COM,{11},{76}
a22f67b1-8644-43e2-8928-36f4e88cbdf6,216202168,Commune de La Cauchie (62),false,{62216},Commune,2026-03-24 14:42:05.597325+01,gold_establishments_2025,,,,21620216800011,2025,Collectivité Territoriale,Commune,['Pas-de-Calais'],['Hauts-de-France'],COM,{62},{32}
005dd3b5-39a3-4ac9-9c8b-254a0428beea,213400591,Commune de La Caunette (34),false,{34059},Commune,2026-03-24 14:41:58.620411+01,gold_establishments_2025,,,,21340059100011,2025,Collectivité Territoriale,Commune,['Hérault'],['Occitanie'],COM,{34},{76}
506c92df-4a40-47b1-8c7a-ca74d6487841,215100934,Commune de La Caure (51),false,{51100},Commune,2026-03-24 14:42:01.412377+01,gold_establishments_2025,,,,21510093400011,2025,Collectivité Territoriale,Commune,['Marne'],['Grand Est'],COM,{51},{44}
2c2ca936-dfc0-434e-9967-674c8302e0e6,211200639,Commune de La Cavalerie (12),false,{12063},Commune,2026-03-24 14:41:53.63825+01,gold_establishments_2025,,,,21120063900014,2025,Collectivité Territoriale,Commune,['Aveyron'],['Occitanie'],COM,{12},{76}
0452261b-01fe-491c-86d5-32cead33b6ff,211800412,Commune de La Celette (18),false,{18041},Commune,2026-03-24 14:41:54.903238+01,gold_establishments_2025,,,,21180041200010,2025,Collectivité Territoriale,Commune,['Cher'],['Centre-Val de Loire'],COM,{18},{24}
8666897d-559d-4eef-9399-6e7a3db31b3a,210300471,Commune de La Celle (03),false,{03047},Commune,2026-03-24 14:41:52.020251+01,gold_establishments_2025,,,,21030047100013,2025,Collectivité Territoriale,Commune,['Allier'],['Auvergne-Rhône-Alpes'],COM,{03},{84}
37441dfa-3ccb-44b3-8a43-497bd829e252,211800420,Commune de La Celle (18),false,{18042},Commune,2026-03-24 14:41:54.903238+01,gold_establishments_2025,,,,21180042000039,2025,Collectivité Territoriale,Commune,['Cher'],['Centre-Val de Loire'],COM,{18},{24}
0947dc7d-8c1e-4358-b6b1-8cf2713141cb,216300640,Commune de La Celle (63),false,{63064},Commune,2026-03-24 14:42:06.130387+01,gold_establishments_2025,,,,21630064000010,2025,Collectivité Territoriale,Commune,['Puy-de-Dôme'],['Auvergne-Rhône-Alpes'],COM,{63},{84}
1fa82927-b557-4263-9571-83d66d6e65f4,218300374,Commune de La Celle (83),false,{83037},Commune,2026-03-24 14:42:10.508772+01,gold_establishments_2025,,,,21830037400012,2025,Collectivité Territoriale,Commune,['Var'],"[""Provence-Alpes-Côte d'Azur""]",COM,{83},{93}
5321a76d-0031-43a3-8ac6-6fd6db3adac7,211800438,Commune de La Celle-Condé (18),false,{18043},Commune,2026-03-24 14:41:54.903238+01,gold_establishments_2025,,,,21180043800023,2025,Collectivité Territoriale,Commune,['Cher'],['Centre-Val de Loire'],COM,{18},{24}
10106fb7-e07d-44f6-9f60-628791bcc66e,212303903,Commune de La Celle-Dunoise (23),false,{23039},Commune,2026-03-24 14:41:55.958138+01,gold_establishments_2025,,,,21230390300018,2025,Collectivité Territoriale,Commune,['Creuse'],['Nouvelle-Aquitaine'],COM,{23},{75}
1a4dc2cd-0e7b-4afb-9633-8817004ecb23,213700446,Commune de La Celle-Guenand (37),false,{37044},Commune,2026-03-24 14:41:59.160244+01,gold_establishments_2025,,,,21370044600015,2025,Collectivité Territoriale,Commune,['Indre-et-Loire'],['Centre-Val de Loire'],COM,{37},{24}
11ce9eef-ac3a-4790-91b1-31c691c1a27d,213700453,Commune de La Celle-Saint-Avant (37),false,{37045},Commune,2026-03-24 14:41:59.160244+01,gold_establishments_2025,,,,21370045300011,2025,Collectivité Territoriale,Commune,['Indre-et-Loire'],['Centre-Val de Loire'],COM,{37},{24}
25ce7bfb-f325-462a-bf25-84e3864b7f13,217801265,Commune de La Celle-Saint-Cloud (78),false,{78126},Commune,2026-03-24 14:42:09.43682+01,gold_establishments_2025,,,,21780126500018,2025,Collectivité Territoriale,Commune,['Yvelines'],['Île-de-France'],COM,{78},{11}
945b1ecc-8e93-437f-be3e-9497501214b0,218900637,Commune de La Celle-Saint-Cyr (89),false,{89063},Commune,2026-03-24 14:42:11.118516+01,gold_establishments_2025,,,,21890063700016,2025,Collectivité Territoriale,Commune,['Yonne'],['Bourgogne-Franche-Comté'],COM,{89},{27}
c371b92e-a115-4de5-bdc2-ce227ff667c4,217105097,Commune de La Celle-en-Morvan (71),false,{71509},Commune,2026-03-24 14:42:08.279287+01,gold_establishments_2025,,,,21710509700018,2025,Collectivité Territoriale,Commune,['Saône-et-Loire'],['Bourgogne-Franche-Comté'],COM,{71},{27}
2f33c679-3f9a-47ca-813f-fcdb789c3215,217801257,Commune de La Celle-les-Bordes (78),false,{78125},Commune,2026-03-24 14:42:09.43682+01,gold_establishments_2025,,,,21780125700015,2025,Collectivité Territoriale,Commune,['Yvelines'],['Île-de-France'],COM,{78},{11}
05d7495f-fcb6-483e-ad78-da84da713a33,215100967,Commune de La Celle-sous-Chantemerle (51),false,{51103},Commune,2026-03-24 14:42:01.412377+01,gold_establishments_2025,,,,21510096700011,2025,Collectivité Territoriale,Commune,['Marne'],['Grand Est'],COM,{51},{44}
eca1a332-d05d-4076-baa2-84993bed4724,212304000,Commune de La Celle-sous-Gouzon (23),false,{23040},Commune,2026-03-24 14:41:55.958138+01,gold_establishments_2025,,,,21230400000012,2025,Collectivité Territoriale,Commune,['Creuse'],['Nouvelle-Aquitaine'],COM,{23},{75}
4797a544-1677-4ace-9f51-0fe86283a9eb,215800442,Commune de La Celle-sur-Loire (58),false,{58044},Commune,2026-03-24 14:42:04.280096+01,gold_establishments_2025,,,,21580044200018,2025,Collectivité Territoriale,Commune,['Nièvre'],['Bourgogne-Franche-Comté'],COM,{58},{27}
168f2e15-aa32-4f71-850b-86bb1a01052a,217700632,Commune de La Celle-sur-Morin (77),false,{77063},Commune,2026-03-24 14:42:08.818969+01,gold_establishments_2025,,,,21770063200011,2025,Collectivité Territoriale,Commune,['Seine-et-Marne'],['Île-de-France'],COM,{77},{11}
fa1bc77c-623e-4f84-83c4-ec5402d53f0b,215800459,Commune de La Celle-sur-Nièvre (58),false,{58045},Commune,2026-03-24 14:42:04.280096+01,gold_establishments_2025,,,,21580045900012,2025,Collectivité Territoriale,Commune,['Nièvre'],['Bourgogne-Franche-Comté'],COM,{58},{27}
e1228e54-03e4-4cbd-8803-ff41bde3fef9,212304109,Commune de La Cellette (23),false,{23041},Commune,2026-03-24 14:41:55.958138+01,gold_establishments_2025,,,,21230410900011,2025,Collectivité Territoriale,Commune,['Creuse'],['Nouvelle-Aquitaine'],COM,{23},{75}
2f415be3-7b28-4c59-8ffa-44b99f506f33,216300673,Commune de La Cellette (63),false,{63067},Commune,2026-03-24 14:42:06.130387+01,gold_establishments_2025,,,,21630067300011,2025,Collectivité Territoriale,Commune,['Puy-de-Dôme'],['Auvergne-Rhône-Alpes'],COM,{63},{84}
173404ed-7989-4785-a1a5-9e9589d6ac3b,217601699,Commune de La Cerlangue (76),false,{76169},Commune,2026-03-24 14:42:08.818969+01,gold_establishments_2025,,,,21760169900010,2025,Collectivité Territoriale,Commune,['Seine-Maritime'],['Normandie'],COM,{76},{28}
e3402e25-139a-445e-a990-c4ecc169fd7e,210300505,Commune de La Chabanne (03),false,{03050},Commune,2026-03-24 14:41:52.020251+01,gold_establishments_2025,,,,21030050500018,2025,Collectivité Territoriale,Commune,['Allier'],['Auvergne-Rhône-Alpes'],COM,{03},{84}
a77da2a9-cfec-4959-81b8-478ce16e029f,200055150,Commune de La Chailleuse (39),false,{39021},Commune,2026-03-24 14:41:59.705606+01,gold_establishments_2025,,,,20005515000011,2025,Collectivité Territoriale,Commune,['Jura'],['Bourgogne-Franche-Comté'],COM,{39},{27}
cebddcd7-2158-4c3a-ab7d-6ed2414f417f,211000674,Commune de La Chaise (10),false,{10072},Commune,2026-03-24 14:41:53.095366+01,gold_establishments_2025,,,,21100067400013,2025,Collectivité Territoriale,Commune,['Aube'],['Grand Est'],COM,{10},{44}
bb901c3a-e879-4409-b5ac-a1beb5ae48d6,215001124,Commune de La Chaise-Baudouin (50),false,{50112},Commune,2026-03-24 14:42:01.412377+01,gold_establishments_2025,,,,21500112400019,2025,Collectivité Territoriale,Commune,['Manche'],['Normandie'],COM,{50},{28}
cf7f5d14-1a33-4857-b8ff-e0e90160f5de,214300485,Commune de La Chaise-Dieu (43),false,{43048},Commune,2026-03-24 14:42:00.273698+01,gold_establishments_2025,,,,21430048500015,2025,Collectivité Territoriale,Commune,['Haute-Loire'],['Auvergne-Rhône-Alpes'],COM,{43},{84}
33e3b4f5-7961-49ba-84aa-3238cea9338d,218500452,Commune de La Chaize-Giraud (85),false,{85045},Commune,2026-03-24 14:42:10.508772+01,gold_establishments_2025,,,,21850045200014,2025,Collectivité Territoriale,Commune,['Vendée'],['Pays de la Loire'],COM,{85},{52}
cb7a96a1-8b4b-4d98-bc00-fb75bcf7a64f,218500460,Commune de La Chaize-le-Vicomte (85),false,{85046},Commune,2026-03-24 14:42:10.508772+01,gold_establishments_2025,,,,21850046000017,2025,Collectivité Territoriale,Commune,['Vendée'],['Pays de la Loire'],COM,{85},{52}
c771e0c1-7dfc-48d1-b27b-d4ca0b27cabc,214200404,Commune de La Chamba (42),false,{42040},Commune,2026-03-24 14:42:00.273698+01,gold_establishments_2025,,,,21420040400017,2025,Collectivité Territoriale,Commune,['Loire'],['Auvergne-Rhône-Alpes'],COM,{42},{84}
a4c391ea-1cd3-4687-946e-af350d1c47ff,214200453,Commune de La Chambonie (42),false,{42045},Commune,2026-03-24 14:42:00.273698+01,gold_establishments_2025,,,,21420045300014,2025,Collectivité Territoriale,Commune,['Loire'],['Auvergne-Rhône-Alpes'],COM,{42},{84}
5de5f180-6c28-4996-a424-d82582af96ce,217300672,Commune de La Chambre (73),false,{73067},Commune,2026-03-24 14:42:08.279287+01,gold_establishments_2025,,,,21730067200011,2025,Collectivité Territoriale,Commune,['Savoie'],['Auvergne-Rhône-Alpes'],COM,{73},{84}
7dfec96e-383f-4101-9e55-6df52a5fd937,213600372,Commune de La Champenoise (36),false,{36037},Commune,2026-03-24 14:41:59.160244+01,gold_establishments_2025,,,,21360037200014,2025,Collectivité Territoriale,Commune,['Indre'],['Centre-Val de Loire'],COM,{36},{24}
3d1b1e34-fa8d-481d-87bf-52393d70de0f,210300554,Commune de La Chapelaude (03),false,{03055},Commune,2026-03-24 14:41:52.020251+01,gold_establishments_2025,,,,21030055400016,2025,Collectivité Territoriale,Commune,['Allier'],['Auvergne-Rhône-Alpes'],COM,{03},{84}
b7528446-cbbb-4505-9d2e-81e547e84aef,210300562,Commune de La Chapelle (03),false,{03056},Commune,2026-03-24 14:41:52.020251+01,gold_establishments_2025,,,,21030056200019,2025,Collectivité Territoriale,Commune,['Allier'],['Auvergne-Rhône-Alpes'],COM,{03},{84}
04d11bdc-fc4d-4625-ba76-3d5a829d10c8,210800926,Commune de La Chapelle (08),false,{08101},Commune,2026-03-24 14:41:52.562531+01,gold_establishments_2025,,,,21080092600011,2025,Collectivité Territoriale,Commune,['Ardennes'],['Grand Est'],COM,{08},{44}
d7332108-24ea-49a4-846a-02f13a6dd8c6,211600812,Commune de La Chapelle (16),false,{16081},Commune,2026-03-24 14:41:54.362296+01,gold_establishments_2025,,,,21160081200013,2025,Collectivité Territoriale,Commune,['Charente'],['Nouvelle-Aquitaine'],COM,{16},{75}
68077b1f-cc54-4cba-b401-1347d8f49ac3,217300748,Commune de La Chapelle (73),false,{73074},Commune,2026-03-24 14:42:08.279287+01,gold_establishments_2025,,,,21730074800019,2025,Collectivité Territoriale,Commune,['Savoie'],['Auvergne-Rhône-Alpes'],COM,{73},{84}
507ff757-8a32-4063-a30a-3b82ecc1fa17,200054880,Commune de La Chapelle du Lou du Lac (35),false,{35060},Commune,2026-03-24 14:41:58.620411+01,gold_establishments_2025,,,,20005488000014,2025,Collectivité Territoriale,Commune,['Ille-et-Vilaine'],['Bretagne'],COM,{35},{53}
b400274a-e3a2-4628-885d-ae0c78b3e04e,216300863,Commune de La Chapelle-Agnon (63),false,{63086},Commune,2026-03-24 14:42:06.130387+01,gold_establishments_2025,,,,21630086300018,2025,Collectivité Territoriale,Commune,['Puy-de-Dôme'],['Auvergne-Rhône-Alpes'],COM,{63},{84}
3a31665b-b12e-48ab-afa4-5a26d3741fcd,215300567,Commune de La Chapelle-Anthenaise (53),false,{53056},Commune,2026-03-24 14:42:01.954481+01,gold_establishments_2025,,,,21530056700017,2025,Collectivité Territoriale,Commune,['Mayenne'],['Pays de la Loire'],COM,{53},{52}
514d3065-507d-46a5-a391-405f5c1bc391,212401061,Commune de La Chapelle-Aubareil (24),false,{24106},Commune,2026-03-24 14:41:55.958138+01,gold_establishments_2025,,,,21240106100016,2025,Collectivité Territoriale,Commune,['Dordogne'],['Nouvelle-Aquitaine'],COM,{24},{75}
e9b13b6a-b6bd-491c-9d68-95675200e90e,212305007,Commune de La Chapelle-Baloue (23),false,{23050},Commune,2026-03-24 14:41:55.958138+01,gold_establishments_2025,,,,21230500700016,2025,Collectivité Territoriale,Commune,['Creuse'],['Nouvelle-Aquitaine'],COM,{23},{75}
71affe7f-3d26-4f7a-97d5-24a7dbf58001,212701460,Commune de La Chapelle-Bayvel (27),false,{27146},Commune,2026-03-24 14:41:56.495197+01,gold_establishments_2025,,,,21270146000017,2025,Collectivité Territoriale,Commune,['Eure'],['Normandie'],COM,{27},{28}
475503aa-9507-4816-a0aa-7561affa2e46,214300576,Commune de La Chapelle-Bertin (43),false,{43057},Commune,2026-03-24 14:42:00.273698+01,gold_establishments_2025,,,,21430057600011,2025,Collectivité Territoriale,Commune,['Haute-Loire'],['Auvergne-Rhône-Alpes'],COM,{43},{84}
b9c38038-b141-4cbd-8403-be9b412580a8,217900711,Commune de La Chapelle-Bertrand (79),false,{79071},Commune,2026-03-24 14:42:09.43682+01,gold_establishments_2025,,,,21790071100011,2025,Collectivité Territoriale,Commune,['Deux-Sèvres'],['Nouvelle-Aquitaine'],COM,{79},{75}
70175be4-4880-4cff-ac33-66ad2a27c697,216100958,Commune de La Chapelle-Biche (61),false,{61095},Commune,2026-03-24 14:42:04.814328+01,gold_establishments_2025,,,,21610095800018,2025,Collectivité Territoriale,Commune,['Orne'],['Normandie'],COM,{61},{28}
a023f71e-021e-46db-8ccb-b8ee9b146bf5,212200364,Commune de La Chapelle-Blanche (22),false,{22036},Commune,2026-03-24 14:41:55.433389+01,gold_establishments_2025,,,,21220036400017,2025,Collectivité Territoriale,Commune,"[""Côtes-d'Armor""]",['Bretagne'],COM,{22},{53}
391043cd-fb4c-44d7-8401-bf8c108e5973,217300755,Commune de La Chapelle-Blanche (73),false,{73075},Commune,2026-03-24 14:42:08.279287+01,gold_establishments_2025,,,,21730075500014,2025,Collectivité Territoriale,Commune,['Savoie'],['Auvergne-Rhône-Alpes'],COM,{73},{84}
b6d2b05c-50dd-400b-83b6-7cd1d34da7da,213700578,Commune de La Chapelle-Blanche-Saint-Martin (37),false,{37057},Commune,2026-03-24 14:41:59.160244+01,gold_establishments_2025,,,,21370057800015,2025,Collectivité Territoriale,Commune,['Indre-et-Loire'],['Centre-Val de Loire'],COM,{37},{24}
42f64d5e-f770-4811-b4bf-f16768160d4a,213500572,Commune de La Chapelle-Bouëxic (35),false,{35057},Commune,2026-03-24 14:41:58.620411+01,gold_establishments_2025,,,,21350057200077,2025,Collectivité Territoriale,Commune,['Ille-et-Vilaine'],['Bretagne'],COM,{35},{53}
539bbf56-40a3-492a-aace-14a460466fe4,217900703,Commune de La Chapelle-Bâton (79),false,{79070},Commune,2026-03-24 14:42:09.43682+01,gold_establishments_2025,,,,21790070300018,2025,Collectivité Territoriale,Commune,['Deux-Sèvres'],['Nouvelle-Aquitaine'],COM,{79},{75}
64b914a4-ae64-4d4b-ac25-d4e4d699e7a0,218600559,Commune de La Chapelle-Bâton (86),false,{86055},Commune,2026-03-24 14:42:10.508772+01,gold_establishments_2025,,,,21860055900015,2025,Collectivité Territoriale,Commune,['Vienne'],['Nouvelle-Aquitaine'],COM,{86},{75}
a3eab2a8-308b-4fd8-9c76-b0f67f79df56,213500580,Commune de La Chapelle-Chaussée (35),false,{35058},Commune,2026-03-24 14:41:58.620411+01,gold_establishments_2025,,,,21350058000013,2025,Collectivité Territoriale,Commune,['Ille-et-Vilaine'],['Bretagne'],COM,{35},{53}
a902c314-cd23-4467-b5dc-059b69e9f52a,215300583,Commune de La Chapelle-Craonnaise (53),false,{53058},Commune,2026-03-24 14:42:01.954481+01,gold_establishments_2025,,,,21530058300014,2025,Collectivité Territoriale,Commune,['Mayenne'],['Pays de la Loire'],COM,{53},{52}
70941414-168f-4e4b-a96b-643bba4015fa,215001215,Commune de La Chapelle-Cécelin (50),false,{50121},Commune,2026-03-24 14:42:01.412377+01,gold_establishments_2025,,,,21500121500015,2025,Collectivité Territoriale,Commune,['Manche'],['Normandie'],COM,{50},{28}
da1a4d5f-a17c-4ebb-ac1f-7c7c0599f772,214100372,Commune de La Chapelle-Enchérie (41),false,{41037},Commune,2026-03-24 14:42:00.273698+01,gold_establishments_2025,,,,21410037200017,2025,Collectivité Territoriale,Commune,['Loir-et-Cher'],['Centre-Val de Loire'],COM,{41},{24}
d88e0613-0659-44cf-8259-f00317c41ca3,213500614,Commune de La Chapelle-Erbrée (35),false,{35061},Commune,2026-03-24 14:41:58.620411+01,gold_establishments_2025,,,,21350061400010,2025,Collectivité Territoriale,Commune,['Ille-et-Vilaine'],['Bretagne'],COM,{35},{53}
0ae74723-ab07-4562-b6d2-4acacd2885ab,212401079,Commune de La Chapelle-Faucher (24),false,{24107},Commune,2026-03-24 14:41:55.958138+01,gold_establishments_2025,,,,21240107900018,2025,Collectivité Territoriale,Commune,['Dordogne'],['Nouvelle-Aquitaine'],COM,{24},{75}
3b78d7d7-225f-4c19-ac11-22dd2d9f8c14,215101171,Commune de La Chapelle-Felcourt (51),false,{51126},Commune,2026-03-24 14:42:01.412377+01,gold_establishments_2025,,,,21510117100019,2025,Collectivité Territoriale,Commune,['Marne'],['Grand Est'],COM,{51},{44}
d10e49a6-9e0c-473d-9809-5bd04ebc173f,200102275,Commune de La Chapelle-Fleurigné (35),false,{35062},Commune,2026-03-24 14:41:58.620411+01,gold_establishments_2025,,,,20010227500019,2025,Collectivité Territoriale,Commune,['Ille-et-Vilaine'],['Bretagne'],COM,{35},{53}
5257d0c7-d010-4a38-92b8-2ae45641345a,212800767,Commune de La Chapelle-Forainvilliers (28),false,{28076},Commune,2026-03-24 14:41:57.028721+01,gold_establishments_2025,,,,21280076700015,2025,Collectivité Territoriale,Commune,['Eure-et-Loir'],['Centre-Val de Loire'],COM,{28},{24}
0cd05069-735a-4aab-8d02-82e4c9ac2560,212800775,Commune de La Chapelle-Fortin (28),false,{28077},Commune,2026-03-24 14:41:57.028721+01,gold_establishments_2025,,,,21280077500018,2025,Collectivité Territoriale,Commune,['Eure-et-Loir'],['Centre-Val de Loire'],COM,{28},{24}
b27984da-c72b-4e26-b958-f29ba9283016,212701486,Commune de La Chapelle-Gauthier (27),false,{27148},Commune,2026-03-24 14:41:56.495197+01,gold_establishments_2025,,,,21270148600012,2025,Collectivité Territoriale,Commune,['Eure'],['Normandie'],COM,{27},{28}
b4b706b9-35e8-4b0d-a002-7f29d107212e,217700863,Commune de La Chapelle-Gauthier (77),false,{77086},Commune,2026-03-24 14:42:08.818969+01,gold_establishments_2025,,,,21770086300012,2025,Collectivité Territoriale,Commune,['Seine-et-Marne'],['Île-de-France'],COM,{77},{11}
948325a8-bc4c-49df-acf5-97f7dd0d110a,214300592,Commune de La Chapelle-Geneste (43),false,{43059},Commune,2026-03-24 14:42:00.273698+01,gold_establishments_2025,,,,21430059200018,2025,Collectivité Territoriale,Commune,['Haute-Loire'],['Auvergne-Rhône-Alpes'],COM,{43},{84}
c5e84836-2728-4816-ac56-e0f67546735d,214400319,Commune de La Chapelle-Glain (44),false,{44031},Commune,2026-03-24 14:42:00.273698+01,gold_establishments_2025,,,,21440031900015,2025,Collectivité Territoriale,Commune,['Loire-Atlantique'],['Pays de la Loire'],COM,{44},{52}
51dd4879-c12f-42ab-a3e4-675c47fac311,212401087,Commune de La Chapelle-Gonaguet (24),false,{24108},Commune,2026-03-24 14:41:55.958138+01,gold_establishments_2025,,,,21240108700011,2025,Collectivité Territoriale,Commune,['Dordogne'],['Nouvelle-Aquitaine'],COM,{24},{75}
2752fdbf-2863-4819-8d0e-0c78064531dd,212401095,Commune de La Chapelle-Grésignac (24),false,{24109},Commune,2026-03-24 14:41:55.958138+01,gold_establishments_2025,,,,21240109500014,2025,Collectivité Territoriale,Commune,['Dordogne'],['Nouvelle-Aquitaine'],COM,{24},{75}
b561d6e4-46b8-4eff-91c9-d9fc958eee23,212701494,Commune de La Chapelle-Hareng (27),false,{27149},Commune,2026-03-24 14:41:56.495197+01,gold_establishments_2025,,,,21270149400016,2025,Collectivité Territoriale,Commune,['Eure'],['Normandie'],COM,{27},{28}
d7f1bb62-cc05-4f4d-b85c-dd6c77ded866,218500544,Commune de La Chapelle-Hermier (85),false,{85054},Commune,2026-03-24 14:42:10.508772+01,gold_establishments_2025,,,,21850054400018,2025,Collectivité Territoriale,Commune,['Vendée'],['Pays de la Loire'],COM,{85},{52}
10e2489e-ce70-40f1-89da-b7f546bd3a32,214400327,Commune de La Chapelle-Heulin (44),false,{44032},Commune,2026-03-24 14:42:00.273698+01,gold_establishments_2025,,,,21440032700018,2025,Collectivité Territoriale,Commune,['Loire-Atlantique'],['Pays de la Loire'],COM,{44},{52}
9e66bff6-b914-4b48-ab23-eaea3509a63f,211800487,Commune de La Chapelle-Hugon (18),false,{18048},Commune,2026-03-24 14:41:54.903238+01,gold_establishments_2025,,,,21180048700012,2025,Collectivité Territoriale,Commune,['Cher'],['Centre-Val de Loire'],COM,{18},{24}
e044417c-8ae1-4f0e-ad9a-37d0127bb9c3,217200641,Commune de La Chapelle-Huon (72),false,{72064},Commune,2026-03-24 14:42:08.279287+01,gold_establishments_2025,,,,21720064100017,2025,Collectivité Territoriale,Commune,['Sarthe'],['Pays de la Loire'],COM,{72},{52}
a75f5bf8-a556-4628-b059-0e698cf227f0,217700871,Commune de La Chapelle-Iger (77),false,{77087},Commune,2026-03-24 14:42:08.818969+01,gold_establishments_2025,,,,21770087100015,2025,Collectivité Territoriale,Commune,['Seine-et-Marne'],['Île-de-France'],COM,{77},{11}
46f67f22-63e8-4da3-ab81-7c8a8347af80,215101189,Commune de La Chapelle-Lasson (51),false,{51127},Commune,2026-03-24 14:42:01.412377+01,gold_establishments_2025,,,,21510118900011,2025,Collectivité Territoriale,Commune,['Marne'],['Grand Est'],COM,{51},{44}
8ecf4b01-aad5-4990-a886-038d215e45be,214400335,Commune de La Chapelle-Launay (44),false,{44033},Commune,2026-03-24 14:42:00.273698+01,gold_establishments_2025,,,,21440033500011,2025,Collectivité Territoriale,Commune,['Loire-Atlantique'],['Pays de la Loire'],COM,{44},{52}
5be03780-cdf7-4ab8-83e4-b606bae06d1d,211500426,Commune de La Chapelle-Laurent (15),false,{15042},Commune,2026-03-24 14:41:54.362296+01,gold_establishments_2025,,,,21150042600013,2025,Collectivité Territoriale,Commune,['Cantal'],['Auvergne-Rhône-Alpes'],COM,{15},{84}
1d0ddf93-d181-4492-ad75-039ea94c7076,200063824,Commune de La Chapelle-Longueville (27),false,{27554},Commune,2026-03-24 14:41:57.028721+01,gold_establishments_2025,,,,20006382400011,2025,Collectivité Territoriale,Commune,['Eure'],['Normandie'],COM,{27},{28}
f7ef3a0a-28b5-43bd-92cb-26e11b3bbfbd,216300871,Commune de La Chapelle-Marcousse (63),false,{63087},Commune,2026-03-24 14:42:06.130387+01,gold_establishments_2025,,,,21630087100011,2025,Collectivité Territoriale,Commune,['Puy-de-Dôme'],['Auvergne-Rhône-Alpes'],COM,{63},{84}
99e5618b-2858-4f81-b4b7-005822176f5a,212401103,Commune de La Chapelle-Montabourlet (24),false,{24110},Commune,2026-03-24 14:41:55.958138+01,gold_establishments_2025,,,,21240110300016,2025,Collectivité Territoriale,Commune,['Dordogne'],['Nouvelle-Aquitaine'],COM,{24},{75}
f1b63438-d5c9-4e70-b98c-bb87f8f185f4,218703700,Commune de La Chapelle-Montbrandeix (87),false,{87037},Commune,2026-03-24 14:42:11.118516+01,gold_establishments_2025,,,,21870370000011,2025,Collectivité Territoriale,Commune,['Haute-Vienne'],['Nouvelle-Aquitaine'],COM,{87},{75}
9b40623f-4f95-4ada-870d-9ee0b8f72f8d,216100974,Commune de La Chapelle-Montligeon (61),false,{61097},Commune,2026-03-24 14:42:04.814328+01,gold_establishments_2025,,,,21610097400015,2025,Collectivité Territoriale,Commune,['Orne'],['Normandie'],COM,{61},{28}
21fd6b64-df66-419b-a3a2-60abf6d61fb0,211800495,Commune de La Chapelle-Montlinard (18),false,{18049},Commune,2026-03-24 14:41:54.903238+01,gold_establishments_2025,,,,21180049500015,2025,Collectivité Territoriale,Commune,['Cher'],['Centre-Val de Loire'],COM,{18},{24}
2d9701c8-34c3-460d-ba44-f8c0361ef4fe,214100380,Commune de La Chapelle-Montmartin (41),false,{41038},Commune,2026-03-24 14:42:00.273698+01,gold_establishments_2025,,,,21410038000010,2025,Collectivité Territoriale,Commune,['Loir-et-Cher'],['Centre-Val de Loire'],COM,{41},{24}
d84b7f0b-21b2-4edb-8e4e-dd2b33716518,212401111,Commune de La Chapelle-Montmoreau (24),false,{24111},Commune,2026-03-24 14:41:55.958138+01,gold_establishments_2025,,,,21240111100019,2025,Collectivité Territoriale,Commune,['Dordogne'],['Nouvelle-Aquitaine'],COM,{24},{75}
7064c509-ec2d-49f2-b11a-c075c9acc6e7,218600583,Commune de La Chapelle-Moulière (86),false,{86058},Commune,2026-03-24 14:42:10.508772+01,gold_establishments_2025,,,,21860058300015,2025,Collectivité Territoriale,Commune,['Vienne'],['Nouvelle-Aquitaine'],COM,{86},{75}
b9f40c2c-efe2-4da5-b9b4-89015eb8fc3e,217700939,Commune de La Chapelle-Moutils (77),false,{77093},Commune,2026-03-24 14:42:08.818969+01,gold_establishments_2025,,,,21770093900010,2025,Collectivité Territoriale,Commune,['Seine-et-Marne'],['Île-de-France'],COM,{77},{11}
5e8d7f4f-e644-4a70-96cf-795dcf258006,217100924,Commune de La Chapelle-Naude (71),false,{71092},Commune,2026-03-24 14:42:07.735343+01,gold_establishments_2025,,,,21710092400018,2025,Collectivité Territoriale,Commune,['Saône-et-Loire'],['Bourgogne-Franche-Comté'],COM,{71},{27}
f7e052c8-8b27-4bc3-92fa-7052cd389f02,212200372,Commune de La Chapelle-Neuve (22),false,{22037},Commune,2026-03-24 14:41:55.433389+01,gold_establishments_2025,,,,21220037200010,2025,Collectivité Territoriale,Commune,"[""Côtes-d'Armor""]",['Bretagne'],COM,{22},{53}
d39feb24-b468-4c51-a993-60cbf77325f8,215600396,Commune de La Chapelle-Neuve (56),false,{56039},Commune,2026-03-24 14:42:03.701372+01,gold_establishments_2025,,,,21560039600018,2025,Collectivité Territoriale,Commune,['Morbihan'],['Bretagne'],COM,{56},{53}
79431b70-db7f-4240-b1b6-612a1d5dc37d,214500746,Commune de La Chapelle-Onzerain (45),false,{45074},Commune,2026-03-24 14:42:00.862623+01,gold_establishments_2025,,,,21450074600018,2025,Collectivité Territoriale,Commune,['Loiret'],['Centre-Val de Loire'],COM,{45},{24}
48fbd3ba-d540-4654-9daa-c846a0c875f9,213600406,Commune de La Chapelle-Orthemale (36),false,{36040},Commune,2026-03-24 14:41:59.160244+01,gold_establishments_2025,,,,21360040600010,2025,Collectivité Territoriale,Commune,['Indre'],['Centre-Val de Loire'],COM,{36},{24}
0cd0c705-8626-40c1-86a3-7474d8382376,218500551,Commune de La Chapelle-Palluau (85),false,{85055},Commune,2026-03-24 14:42:10.508772+01,gold_establishments_2025,,,,21850055100088,2025,Collectivité Territoriale,Commune,['Vendée'],['Pays de la Loire'],COM,{85},{52}
65531634-7d98-4bfb-9599-68fc5dfb5e83,217900745,Commune de La Chapelle-Pouilloux (79),false,{79074},Commune,2026-03-24 14:42:09.43682+01,gold_establishments_2025,,,,21790074500019,2025,Collectivité Territoriale,Commune,['Deux-Sèvres'],['Nouvelle-Aquitaine'],COM,{79},{75}
4e5189b5-e310-4574-95e6-78ae18c889c8,217700897,Commune de La Chapelle-Rablais (77),false,{77089},Commune,2026-03-24 14:42:08.818969+01,gold_establishments_2025,,,,21770089700010,2025,Collectivité Territoriale,Commune,['Seine-et-Marne'],['Île-de-France'],COM,{77},{11}
0efc07f6-dd5f-487c-a15a-a9d016151961,215300591,Commune de La Chapelle-Rainsouin (53),false,{53059},Commune,2026-03-24 14:42:01.954481+01,gold_establishments_2025,,,,21530059100017,2025,Collectivité Territoriale,Commune,['Mayenne'],['Pays de la Loire'],COM,{53},{52}
a253e268-d448-4fb7-81ce-416b1dd7e61d,217400597,Commune de La Chapelle-Rambaud (74),false,{74059},Commune,2026-03-24 14:42:08.279287+01,gold_establishments_2025,,,,21740059700019,2025,Collectivité Territoriale,Commune,['Haute-Savoie'],['Auvergne-Rhône-Alpes'],COM,{74},{84}
8cd72eb5-1b56-4f21-ace9-6006c085baf2,215800582,Commune de La Chapelle-Saint-André (58),false,{58058},Commune,2026-03-24 14:42:04.280096+01,gold_establishments_2025,,,,21580058200011,2025,Collectivité Territoriale,Commune,['Nièvre'],['Bourgogne-Franche-Comté'],COM,{58},{27}
a92204b2-9a12-4b26-b1a6-ef33da3198c3,213500630,Commune de La Chapelle-Saint-Aubert (35),false,{35063},Commune,2026-03-24 14:41:58.620411+01,gold_establishments_2025,,,,21350063000016,2025,Collectivité Territoriale,Commune,['Ille-et-Vilaine'],['Bretagne'],COM,{35},{53}
052bd7bc-05f9-49a8-adef-9f835ec7cc7f,217200658,Commune de La Chapelle-Saint-Aubin (72),false,{72065},Commune,2026-03-24 14:42:08.279287+01,gold_establishments_2025,,,,21720065800037,2025,Collectivité Territoriale,Commune,['Sarthe'],['Pays de la Loire'],COM,{72},{52}
a7bc522f-17d6-4f24-b351-b2446b4bea94,217200666,Commune de La Chapelle-Saint-Fray (72),false,{72066},Commune,2026-03-24 14:42:08.279287+01,gold_establishments_2025,,,,21720066600014,2025,Collectivité Territoriale,Commune,['Sarthe'],['Pays de la Loire'],COM,{72},{52}
41222322-b817-4edd-93ad-9088b2a089ad,211904503,Commune de La Chapelle-Saint-Géraud (19),false,{19045},Commune,2026-03-24 14:41:54.903238+01,gold_establishments_2025,,,,21190450300011,2025,Collectivité Territoriale,Commune,['Corrèze'],['Nouvelle-Aquitaine'],COM,{19},{75}
fa56b379-88dc-499e-a469-ee4cdc2e06fe,212401137,Commune de La Chapelle-Saint-Jean (24),false,{24113},Commune,2026-03-24 14:41:55.958138+01,gold_establishments_2025,,,,21240113700014,2025,Collectivité Territoriale,Commune,['Dordogne'],['Nouvelle-Aquitaine'],COM,{24},{75}
4611bd40-a768-431f-bbf5-ce0ccdb5e644,214900763,Commune de La Chapelle-Saint-Laud (49),false,{49076},Commune,2026-03-24 14:42:01.412377+01,gold_establishments_2025,,,,21490076300019,2025,Collectivité Territoriale,Commune,['Maine-et-Loire'],['Pays de la Loire'],COM,{49},{52}
961fc0b6-fe52-4e24-85df-b4f94bf50804,217900760,Commune de La Chapelle-Saint-Laurent (79),false,{79076},Commune,2026-03-24 14:42:09.43682+01,gold_establishments_2025,,,,21790076000018,2025,Collectivité Territoriale,Commune,['Deux-Sèvres'],['Nouvelle-Aquitaine'],COM,{79},{75}
1514742f-584a-43da-9b09-4531b02ae882,213600414,Commune de La Chapelle-Saint-Laurian (36),false,{36041},Commune,2026-03-24 14:41:59.160244+01,gold_establishments_2025,,,,21360041400014,2025,Collectivité Territoriale,Commune,['Indre'],['Centre-Val de Loire'],COM,{36},{24}
a70bf5aa-1292-473a-8f3e-08c34544b8aa,211000765,Commune de La Chapelle-Saint-Luc (10),false,{10081},Commune,2026-03-24 14:41:53.095366+01,gold_establishments_2025,,,,21100076500019,2025,Collectivité Territoriale,Commune,['Aube'],['Grand Est'],COM,{10},{44}
60810d96-5a2c-403c-b070-fcfad0b46f98,212305106,Commune de La Chapelle-Saint-Martial (23),false,{23051},Commune,2026-03-24 14:41:55.958138+01,gold_establishments_2025,,,,21230510600016,2025,Collectivité Territoriale,Commune,['Creuse'],['Nouvelle-Aquitaine'],COM,{23},{75}
876fcf45-a5b0-4551-b107-9bc7d53376ae,217300789,Commune de La Chapelle-Saint-Martin (73),false,{73078},Commune,2026-03-24 14:42:08.279287+01,gold_establishments_2025,,,,21730078900013,2025,Collectivité Territoriale,Commune,['Savoie'],['Auvergne-Rhône-Alpes'],COM,{73},{84}
b91ce4f4-1cf5-455c-a496-6d9143703d47,214100398,Commune de La Chapelle-Saint-Martin-en-Plaine (41),false,{41039},Commune,2026-03-24 14:42:00.273698+01,gold_establishments_2025,,,,21410039800012,2025,Collectivité Territoriale,Commune,['Loir-et-Cher'],['Centre-Val de Loire'],COM,{41},{24}
23020714-0555-4e99-922a-255ef8ca334f,217400605,Commune de La Chapelle-Saint-Maurice (74),false,{74060},Commune,2026-03-24 14:42:08.279287+01,gold_establishments_2025,,,,21740060500010,2025,Collectivité Territoriale,Commune,['Haute-Savoie'],['Auvergne-Rhône-Alpes'],COM,{74},{84}
f9a143d5-d14f-4606-9293-d3b87254f0f5,214500753,Commune de La Chapelle-Saint-Mesmin (45),false,{45075},Commune,2026-03-24 14:42:00.862623+01,gold_establishments_2025,,,,21450075300162,2025,Collectivité Territoriale,Commune,['Loiret'],['Centre-Val de Loire'],COM,{45},{24}
0ef8339b-2349-43b6-8d46-8414b2e2a30e,217601715,Commune de La Chapelle-Saint-Ouen (76),false,{76171},Commune,2026-03-24 14:42:08.818969+01,gold_establishments_2025,,,,21760171500014,2025,Collectivité Territoriale,Commune,['Seine-Maritime'],['Normandie'],COM,{76},{28}
6858a819-7d0c-4c69-ac57-3ebf7a4a19f3,217001296,Commune de La Chapelle-Saint-Quillain (70),false,{70129},Commune,2026-03-24 14:42:07.735343+01,gold_establishments_2025,,,,21700129600011,2025,Collectivité Territoriale,Commune,['Haute-Saône'],['Bourgogne-Franche-Comté'],COM,{70},{27}
0b01ee6f-7b2b-4981-9d1a-ff1afe9c99c0,217200674,Commune de La Chapelle-Saint-Rémy (72),false,{72067},Commune,2026-03-24 14:42:08.279287+01,gold_establishments_2025,,,,21720067400018,2025,Collectivité Territoriale,Commune,['Sarthe'],['Pays de la Loire'],COM,{72},{52}
8fc550d4-e977-4143-832a-41475c272ce0,217100932,Commune de La Chapelle-Saint-Sauveur (71),false,{71093},Commune,2026-03-24 14:42:07.735343+01,gold_establishments_2025,,,,21710093200011,2025,Collectivité Territoriale,Commune,['Saône-et-Loire'],['Bourgogne-Franche-Comté'],COM,{71},{27}
7620ddee-b741-4fba-9feb-b4a740661fd1,217700905,Commune de La Chapelle-Saint-Sulpice (77),false,{77090},Commune,2026-03-24 14:42:08.818969+01,gold_establishments_2025,,,,21770090500011,2025,Collectivité Territoriale,Commune,['Seine-et-Marne'],['Île-de-France'],COM,{77},{11}
316dd547-eb70-4142-bfb3-e50b4346158e,214500761,Commune de La Chapelle-Saint-Sépulcre (45),false,{45076},Commune,2026-03-24 14:42:00.862623+01,gold_establishments_2025,,,,21450076100017,2025,Collectivité Territoriale,Commune,['Loiret'],['Centre-Val de Loire'],COM,{45},{24}
e5e47adb-cd09-4582-9640-ddb0279b71b2,211800503,Commune de La Chapelle-Saint-Ursin (18),false,{18050},Commune,2026-03-24 14:41:54.903238+01,gold_establishments_2025,,,,21180050300016,2025,Collectivité Territoriale,Commune,['Cher'],['Centre-Val de Loire'],COM,{18},{24}
89683258-ee87-44fb-a84a-0f3ceeb2acc6,216100990,Commune de La Chapelle-Souëf (61),false,{61099},Commune,2026-03-24 14:42:04.814328+01,gold_establishments_2025,,,,21610099000011,2025,Collectivité Territoriale,Commune,['Orne'],['Normandie'],COM,{61},{28}
06e0552d-a53e-4a79-9d7a-0a3b2acf45ee,212305205,Commune de La Chapelle-Taillefert (23),false,{23052},Commune,2026-03-24 14:41:55.958138+01,gold_establishments_2025,,,,21230520500016,2025,Collectivité Territoriale,Commune,['Creuse'],['Nouvelle-Aquitaine'],COM,{23},{75}
0b044321-e845-4a9c-bfdf-3e58d9acf3ac,213500655,Commune de La Chapelle-Thouarault (35),false,{35065},Commune,2026-03-24 14:41:58.620411+01,gold_establishments_2025,,,,21350065500013,2025,Collectivité Territoriale,Commune,['Ille-et-Vilaine'],['Bretagne'],COM,{35},{53}
1e98fc27-6c8e-4367-b7bd-734bea641832,217100973,Commune de La Chapelle-Thècle (71),false,{71097},Commune,2026-03-24 14:42:07.735343+01,gold_establishments_2025,,,,21710097300015,2025,Collectivité Territoriale,Commune,['Saône-et-Loire'],['Bourgogne-Franche-Comté'],COM,{71},{27}
422d0bc1-bc10-4601-ac16-0e4d3bbcba84,218500569,Commune de La Chapelle-Thémer (85),false,{85056},Commune,2026-03-24 14:42:10.508772+01,gold_establishments_2025,,,,21850056900015,2025,Collectivité Territoriale,Commune,['Vendée'],['Pays de la Loire'],COM,{85},{52}
55ece55c-4746-46b4-a652-d0f121434948,215001249,Commune de La Chapelle-Urée (50),false,{50124},Commune,2026-03-24 14:42:01.412377+01,gold_establishments_2025,,,,21500124900030,2025,Collectivité Territoriale,Commune,['Manche'],['Normandie'],COM,{50},{28}
d8dc295a-66bc-4310-8138-9ef16f0267b9,218900819,Commune de La Chapelle-Vaupelteigne (89),false,{89081},Commune,2026-03-24 14:42:11.118516+01,gold_establishments_2025,,,,21890081900010,2025,Collectivité Territoriale,Commune,['Yonne'],['Bourgogne-Franche-Comté'],COM,{89},{27}
fe9c7682-8780-41ea-a84c-9a14d340ef13,214100406,Commune de La Chapelle-Vendômoise (41),false,{41040},Commune,2026-03-24 14:42:00.273698+01,gold_establishments_2025,,,,21410040600013,2025,Collectivité Territoriale,Commune,['Loir-et-Cher'],['Centre-Val de Loire'],COM,{41},{24}
aa746df0-a725-45b3-8f1b-4c7df13d60bf,214100414,Commune de La Chapelle-Vicomtesse (41),false,{41041},Commune,2026-03-24 14:42:00.273698+01,gold_establishments_2025,,,,21410041400017,2025,Collectivité Territoriale,Commune,['Loir-et-Cher'],['Centre-Val de Loire'],COM,{41},{24}
284baf91-4595-4ec3-9478-b3b41910ac62,216101006,Commune de La Chapelle-Viel (61),false,{61100},Commune,2026-03-24 14:42:04.814328+01,gold_establishments_2025,,,,21610100600015,2025,Collectivité Territoriale,Commune,['Orne'],['Normandie'],COM,{61},{28}
54036c1d-fceb-4d33-8503-2e64130354fb,214200511,Commune de La Chapelle-Villars (42),false,{42051},Commune,2026-03-24 14:42:00.273698+01,gold_establishments_2025,,,,21420051100019,2025,Collectivité Territoriale,Commune,['Loire'],['Auvergne-Rhône-Alpes'],COM,{42},{84}
2a6ac8b3-c7eb-4ca7-ad88-99c73abd05dd,217100882,Commune de La Chapelle-au-Mans (71),false,{71088},Commune,2026-03-24 14:42:07.735343+01,gold_establishments_2025,,,,21710088200018,2025,Collectivité Territoriale,Commune,['Saône-et-Loire'],['Bourgogne-Franche-Comté'],COM,{71},{27}
3d8ff730-1dbb-4936-a030-9fcc2bb5ee50,216100941,Commune de La Chapelle-au-Moine (61),false,{61094},Commune,2026-03-24 14:42:04.814328+01,gold_establishments_2025,,,,21610094100014,2025,Collectivité Territoriale,Commune,['Orne'],['Normandie'],COM,{61},{28}
47d5b256-5024-42f1-a382-d9a968a4cef7,215300575,Commune de La Chapelle-au-Riboul (53),false,{53057},Commune,2026-03-24 14:42:01.954481+01,gold_establishments_2025,,,,21530057500010,2025,Collectivité Territoriale,Commune,['Mayenne'],['Pays de la Loire'],COM,{53},{52}
d6bfbd5b-89ca-4f8f-8983-09bd8a520002,218800886,Commune de La Chapelle-aux-Bois (88),false,{88088},Commune,2026-03-24 14:42:11.118516+01,gold_establishments_2025,,,,21880088600010,2025,Collectivité Territoriale,Commune,['Vosges'],['Grand Est'],COM,{88},{44}
44a3ab41-ad7e-463f-a74e-c17f5790ddd4,211904305,Commune de La Chapelle-aux-Brocs (19),false,{19043},Commune,2026-03-24 14:41:54.903238+01,gold_establishments_2025,,,,21190430500011,2025,Collectivité Territoriale,Commune,['Corrèze'],['Nouvelle-Aquitaine'],COM,{19},{75}
fd50e728-971e-4f5a-942e-e1abc7bdbdf2,210300570,Commune de La Chapelle-aux-Chasses (03),false,{03057},Commune,2026-03-24 14:41:52.020251+01,gold_establishments_2025,,,,21030057000012,2025,Collectivité Territoriale,Commune,['Allier'],['Auvergne-Rhône-Alpes'],COM,{03},{84}
895a0d04-4e4f-427c-8f38-2b5fafd7fc86,217200609,Commune de La Chapelle-aux-Choux (72),false,{72060},Commune,2026-03-24 14:42:08.279287+01,gold_establishments_2025,,,,21720060900014,2025,Collectivité Territoriale,Commune,['Sarthe'],['Pays de la Loire'],COM,{72},{52}
3d9ad752-9823-4421-969b-dd495390fc00,213500564,Commune de La Chapelle-aux-Filtzméens (35),false,{35056},Commune,2026-03-24 14:41:58.620411+01,gold_establishments_2025,,,,21350056400017,2025,Collectivité Territoriale,Commune,['Ille-et-Vilaine'],['Bretagne'],COM,{35},{53}
3b460d06-2289-40cb-99e9-8d4cebab9763,213700560,Commune de La Chapelle-aux-Naux (37),false,{37056},Commune,2026-03-24 14:41:59.160244+01,gold_establishments_2025,,,,21370056000013,2025,Collectivité Territoriale,Commune,['Indre-et-Loire'],['Centre-Val de Loire'],COM,{37},{24}
80c47652-3e51-4bf0-8c7b-4128caac5579,211904404,Commune de La Chapelle-aux-Saints (19),false,{19044},Commune,2026-03-24 14:41:54.903238+01,gold_establishments_2025,,,,21190440400012,2025,Collectivité Territoriale,Commune,['Corrèze'],['Nouvelle-Aquitaine'],COM,{19},{75}
0d09120b-085e-404c-8827-d9b20ab13e2b,217400589,Commune de La Chapelle-d'Abondance (74),false,{74058},Commune,2026-03-24 14:42:08.279287+01,gold_establishments_2025,,,,21740058900016,2025,Collectivité Territoriale,Commune,['Haute-Savoie'],['Auvergne-Rhône-Alpes'],COM,{74},{84}
2fca4aca-6dd9-4b29-aa93-4d850e3add2f,211500418,Commune de La Chapelle-d'Alagnon (15),false,{15041},Commune,2026-03-24 14:41:54.362296+01,gold_establishments_2025,,,,21150041800010,2025,Collectivité Territoriale,Commune,['Cantal'],['Auvergne-Rhône-Alpes'],COM,{15},{84}
dbb12f77-3d46-47f7-ada5-203cd4146fa4,217200617,Commune de La Chapelle-d'Aligné (72),false,{72061},Commune,2026-03-24 14:42:08.279287+01,gold_establishments_2025,,,,21720061700017,2025,Collectivité Territoriale,Commune,['Sarthe'],['Pays de la Loire'],COM,{72},{52}
b7c1a3b4-aff6-456e-a27c-a13783a96fa9,211800479,Commune de La Chapelle-d'Angillon (18),false,{18047},Commune,2026-03-24 14:41:54.903238+01,gold_establishments_2025,,,,21180047900019,2025,Collectivité Territoriale,Commune,['Cher'],['Centre-Val de Loire'],COM,{18},{24}
041b7962-66b6-4dbb-8a0b-f3da0e95a4aa,215901430,Commune de La Chapelle-d'Armentières (59),false,{59143},Commune,2026-03-24 14:42:04.280096+01,gold_establishments_2025,,,,21590143000011,2025,Collectivité Territoriale,Commune,['Nord'],['Hauts-de-France'],COM,{59},{32}
2b905357-181f-47a6-83d1-6e9548ec6190,212800742,Commune de La Chapelle-d'Aunainville (28),false,{28074},Commune,2026-03-24 14:41:57.028721+01,gold_establishments_2025,,,,21280074200018,2025,Collectivité Territoriale,Commune,['Eure-et-Loir'],['Centre-Val de Loire'],COM,{28},{24}
885ce2ed-bec5-4049-9916-af5f96e32572,214300584,Commune de La Chapelle-d'Aurec (43),false,{43058},Commune,2026-03-24 14:42:00.273698+01,gold_establishments_2025,,,,21430058400015,2025,Collectivité Territoriale,Commune,['Haute-Loire'],['Auvergne-Rhône-Alpes'],COM,{43},{84}
3dbd2d57-7371-4cfc-a51f-78063185783b,217100890,Commune de La Chapelle-de-Bragny (71),false,{71089},Commune,2026-03-24 14:42:07.735343+01,gold_establishments_2025,,,,21710089000011,2025,Collectivité Territoriale,Commune,['Saône-et-Loire'],['Bourgogne-Franche-Comté'],COM,{71},{27}
b534cc17-d41e-4a05-a5cb-1b428a1622ce,213500648,Commune de La Chapelle-de-Brain (35),false,{35064},Commune,2026-03-24 14:41:58.620411+01,gold_establishments_2025,,,,21350064800018,2025,Collectivité Territoriale,Commune,['Ille-et-Vilaine'],['Bretagne'],COM,{35},{53}
28a71b88-2b5d-433e-b5e0-aca634cd8dce,217100908,Commune de La Chapelle-de-Guinchay (71),false,{71090},Commune,2026-03-24 14:42:07.735343+01,gold_establishments_2025,,,,21710090800011,2025,Collectivité Territoriale,Commune,['Saône-et-Loire'],['Bourgogne-Franche-Comté'],COM,{71},{27}
4375daa5-4b73-4850-959c-71f23fde8ec8,213800774,Commune de La Chapelle-de-Surieu (38),false,{38077},Commune,2026-03-24 14:41:59.160244+01,gold_establishments_2025,,,,21380077400019,2025,Collectivité Territoriale,Commune,['Isère'],['Auvergne-Rhône-Alpes'],COM,{38},{84}
4a1aa159-ba5b-4bfe-a405-a86e6d27ab70,213800766,Commune de La Chapelle-de-la-Tour (38),false,{38076},Commune,2026-03-24 14:41:59.160244+01,gold_establishments_2025,,,,21380076600015,2025,Collectivité Territoriale,Commune,['Isère'],['Auvergne-Rhône-Alpes'],COM,{38},{84}
fa64477d-8519-4ac9-a943-ed54e6a2e54f,213500598,Commune de La Chapelle-des-Fougeretz (35),false,{35059},Commune,2026-03-24 14:41:58.620411+01,gold_establishments_2025,,,,21350059800015,2025,Collectivité Territoriale,Commune,['Ille-et-Vilaine'],['Bretagne'],COM,{35},{53}
42db8938-e1a5-49da-83ff-8e75631126ce,214400301,Commune de La Chapelle-des-Marais (44),false,{44030},Commune,2026-03-24 14:42:00.273698+01,gold_establishments_2025,,,,21440030100013,2025,Collectivité Territoriale,Commune,['Loire-Atlantique'],['Pays de la Loire'],COM,{44},{52}
d52326ed-9d7b-47c3-b6c8-ab0f83b80386,211700893,Commune de La Chapelle-des-Pots (17),false,{17089},Commune,2026-03-24 14:41:54.903238+01,gold_establishments_2025,,,,21170089300012,2025,Collectivité Territoriale,Commune,['Charente-Maritime'],['Nouvelle-Aquitaine'],COM,{17},{75}
f0b521b3-9170-4827-ba15-4f1b3630d4ba,218800894,Commune de La Chapelle-devant-Bruyères (88),false,{88089},Commune,2026-03-24 14:42:11.118516+01,gold_establishments_2025,,,,21880089400014,2025,Collectivité Territoriale,Commune,['Vosges'],['Grand Est'],COM,{88},{44}
75ac60f5-c6f6-48b2-bf25-c969599f942d,213800782,Commune de La Chapelle-du-Bard (38),false,{38078},Commune,2026-03-24 14:41:59.160244+01,gold_establishments_2025,,,,21380078200012,2025,Collectivité Territoriale,Commune,['Isère'],['Auvergne-Rhône-Alpes'],COM,{38},{84}
3d5f3c93-21ac-4f93-81bd-297592ad575c,217200625,Commune de La Chapelle-du-Bois (72),false,{72062},Commune,2026-03-24 14:42:08.279287+01,gold_establishments_2025,,,,21720062500069,2025,Collectivité Territoriale,Commune,['Sarthe'],['Pays de la Loire'],COM,{72},{52}
0d108e50-5be7-4e0f-9429-047bc0829fb5,212701478,Commune de La Chapelle-du-Bois-des-Faulx (27),false,{27147},Commune,2026-03-24 14:41:56.495197+01,gold_establishments_2025,,,,21270147800019,2025,Collectivité Territoriale,Commune,['Eure'],['Normandie'],COM,{27},{28}
d462ec21-ed5f-4fc8-9260-359e946e24d6,217601707,Commune de La Chapelle-du-Bourgay (76),false,{76170},Commune,2026-03-24 14:42:08.818969+01,gold_establishments_2025,,,,21760170700011,2025,Collectivité Territoriale,Commune,['Seine-Maritime'],['Normandie'],COM,{76},{28}
427fea23-3719-4676-85da-4c2de999b7d5,210100855,Commune de La Chapelle-du-Châtelard (01),false,{01085},Commune,2026-03-24 14:41:51.447482+01,gold_establishments_2025,,,,21010085500019,2025,Collectivité Territoriale,Commune,['Ain'],['Auvergne-Rhône-Alpes'],COM,{01},{84}
07c4a989-d78f-4734-ae58-cbaf41f58c83,217100916,Commune de La Chapelle-du-Mont-de-France (71),false,{71091},Commune,2026-03-24 14:42:07.735343+01,gold_establishments_2025,,,,21710091600014,2025,Collectivité Territoriale,Commune,['Saône-et-Loire'],['Bourgogne-Franche-Comté'],COM,{71},{27}
45bbdf38-26e0-4604-bdb4-b29a05e64959,217300763,Commune de La Chapelle-du-Mont-du-Chat (73),false,{73076},Commune,2026-03-24 14:42:08.279287+01,gold_establishments_2025,,,,21730076300018,2025,Collectivité Territoriale,Commune,['Savoie'],['Auvergne-Rhône-Alpes'],COM,{73},{84}
9dc0258f-ca9c-41d0-b9d2-ae40f3907697,212800759,Commune de La Chapelle-du-Noyer (28),false,{28075},Commune,2026-03-24 14:41:57.028721+01,gold_establishments_2025,,,,21280075900012,2025,Collectivité Territoriale,Commune,['Eure-et-Loir'],['Centre-Val de Loire'],COM,{28},{24}
d9bcfac1-27bc-412c-bd84-979dccc6eff7,214200503,Commune de La Chapelle-en-Lafaye (42),false,{42050},Commune,2026-03-24 14:42:00.273698+01,gold_establishments_2025,,,,21420050300016,2025,Collectivité Territoriale,Commune,['Loire'],['Auvergne-Rhône-Alpes'],COM,{42},{84}
ee232cf5-d5b7-4e6d-994c-c3d6a2884c21,216001412,Commune de La Chapelle-en-Serval (60),false,{60142},Commune,2026-03-24 14:42:04.814328+01,gold_establishments_2025,,,,21600141200016,2025,Collectivité Territoriale,Commune,['Oise'],['Hauts-de-France'],COM,{60},{32}
a88d8069-4059-472d-9b99-b3f4c8cc4245,210500641,Commune de La Chapelle-en-Valgaudémar (05),false,{05064},Commune,2026-03-24 14:41:52.562531+01,gold_establishments_2025,,,,21050064100019,2025,Collectivité Territoriale,Commune,['Hautes-Alpes'],"[""Provence-Alpes-Côte d'Azur""]",COM,{05},{93}
076101bf-e4ea-4e29-9582-85566b77acb3,212600746,Commune de La Chapelle-en-Vercors (26),false,{26074},Commune,2026-03-24 14:41:56.495197+01,gold_establishments_2025,,,,21260074600011,2025,Collectivité Territoriale,Commune,['Drôme'],['Auvergne-Rhône-Alpes'],COM,{26},{84}
18bc01f3-5a47-46da-a243-8e97f57672c1,219501392,Commune de La Chapelle-en-Vexin (95),false,{95139},Commune,2026-03-24 14:42:11.659493+01,gold_establishments_2025,,,,21950139200019,2025,Collectivité Territoriale,Commune,"[""Val-d'Oise""]",['Île-de-France'],COM,{95},{11}
c52a6b41-e847-44c1-a375-290295eb5ae3,217700889,Commune de La Chapelle-la-Reine (77),false,{77088},Commune,2026-03-24 14:42:08.818969+01,gold_establishments_2025,,,,21770088900017,2025,Collectivité Territoriale,Commune,['Seine-et-Marne'],['Île-de-France'],COM,{77},{11}
dd164639-17a3-4fac-b08b-acc61845ca3f,217001288,Commune de La Chapelle-lès-Luxeuil (70),false,{70128},Commune,2026-03-24 14:42:07.735343+01,gold_establishments_2025,,,,21700128800018,2025,Collectivité Territoriale,Commune,['Haute-Saône'],['Bourgogne-Franche-Comté'],COM,{70},{27}
ab014079-4cab-4a8a-9a64-f4f023866e8a,216100982,Commune de La Chapelle-près-Sées (61),false,{61098},Commune,2026-03-24 14:42:04.814328+01,gold_establishments_2025,,,,21610098200018,2025,Collectivité Territoriale,Commune,['Orne'],['Normandie'],COM,{61},{28}
2139bfc3-87c8-4c10-9373-ac4d7cc05a75,217100940,Commune de La Chapelle-sous-Brancion (71),false,{71094},Commune,2026-03-24 14:42:07.735343+01,gold_establishments_2025,,,,21710094000014,2025,Collectivité Territoriale,Commune,['Saône-et-Loire'],['Bourgogne-Franche-Comté'],COM,{71},{27}
9aa2fe60-2414-4371-a513-c6e16d29b9e2,217100957,Commune de La Chapelle-sous-Dun (71),false,{71095},Commune,2026-03-24 14:42:07.735343+01,gold_establishments_2025,,,,21710095700018,2025,Collectivité Territoriale,Commune,['Saône-et-Loire'],['Bourgogne-Franche-Comté'],COM,{71},{27}
8902d750-2d0a-42bd-bc76-c6eaf9354d2f,215101197,Commune de La Chapelle-sous-Orbais (51),false,{51128},Commune,2026-03-24 14:42:01.412377+01,gold_establishments_2025,,,,21510119700014,2025,Collectivité Territoriale,Commune,['Marne'],['Grand Est'],COM,{51},{44}
19e00feb-1d11-4211-9cf8-0675ba52e4a9,217100965,Commune de La Chapelle-sous-Uchon (71),false,{71096},Commune,2026-03-24 14:42:07.735343+01,gold_establishments_2025,,,,21710096500011,2025,Collectivité Territoriale,Commune,['Saône-et-Loire'],['Bourgogne-Franche-Comté'],COM,{71},{27}
a935d5c8-f39d-4fa0-967e-449b1101c752,214500779,Commune de La Chapelle-sur-Aveyron (45),false,{45077},Commune,2026-03-24 14:42:00.862623+01,gold_establishments_2025,,,,21450077900035,2025,Collectivité Territoriale,Commune,['Loiret'],['Centre-Val de Loire'],COM,{45},{24}
036856b1-50f0-4108-b7b9-a5f3ef4c8970,210201497,Commune de La Chapelle-sur-Chézy (02),false,{02162},Commune,2026-03-24 14:41:51.447482+01,gold_establishments_2025,,,,21020149700018,2025,Collectivité Territoriale,Commune,['Aisne'],['Hauts-de-France'],COM,{02},{32}
2ac39aa1-ab1b-49e8-91e3-91bc4361d817,216900423,Commune de La Chapelle-sur-Coise (69),false,{69042},Commune,2026-03-24 14:42:07.195692+01,gold_establishments_2025,,,,21690042300015,2025,Collectivité Territoriale,Commune,['Rhône'],['Auvergne-Rhône-Alpes'],COM,{69},{84}
02739b66-e584-4f1a-ad5a-8b8ba6347443,217601723,Commune de La Chapelle-sur-Dun (76),false,{76172},Commune,2026-03-24 14:42:08.818969+01,gold_establishments_2025,,,,21760172300018,2025,Collectivité Territoriale,Commune,['Seine-Maritime'],['Normandie'],COM,{76},{28}
216bf1f6-fe69-4eda-b20c-57f37812daa7,214400350,Commune de La Chapelle-sur-Erdre (44),false,{44035},Commune,2026-03-24 14:42:00.273698+01,gold_establishments_2025,,,,21440035000010,2025,Collectivité Territoriale,Commune,['Loire-Atlantique'],['Pays de la Loire'],COM,{44},{52}
cd17c0fe-8a50-481c-8bcc-4a93d28f3200,213901036,Commune de La Chapelle-sur-Furieuse (39),false,{39103},Commune,2026-03-24 14:41:59.705606+01,gold_establishments_2025,,,,21390103600011,2025,Collectivité Territoriale,Commune,['Jura'],['Bourgogne-Franche-Comté'],COM,{39},{27}
12374f65-a2fe-44eb-aa3c-b521e9466c2a,213700586,Commune de La Chapelle-sur-Loire (37),false,{37058},Commune,2026-03-24 14:41:59.160244+01,gold_establishments_2025,,,,21370058600018,2025,Collectivité Territoriale,Commune,['Indre-et-Loire'],['Centre-Val de Loire'],COM,{37},{24}
08ee7c24-5560-435b-9607-f50ac8166f01,218900801,Commune de La Chapelle-sur-Oreuse (89),false,{89080},Commune,2026-03-24 14:42:11.118516+01,gold_establishments_2025,,,,21890080100018,2025,Collectivité Territoriale,Commune,['Yonne'],['Bourgogne-Franche-Comté'],COM,{89},{27}
0934d5d7-a1d7-4b0a-8626-9d52b43c78cd,216300889,Commune de La Chapelle-sur-Usson (63),false,{63088},Commune,2026-03-24 14:42:06.130387+01,gold_establishments_2025,,,,21630088900013,2025,Collectivité Territoriale,Commune,['Puy-de-Dôme'],['Auvergne-Rhône-Alpes'],COM,{63},{84}
f5a4a097-cb13-4ed4-b0f3-d2d54d3cf415,211800511,Commune de La Chapelotte (18),false,{18051},Commune,2026-03-24 14:41:54.903238+01,gold_establishments_2025,,,,21180051100019,2025,Collectivité Territoriale,Commune,['Cher'],['Centre-Val de Loire'],COM,{18},{24}
def0407d-08d7-4330-b895-1bb51950e27f,212600753,Commune de La Charce (26),false,{26075},Commune,2026-03-24 14:41:56.495197+01,gold_establishments_2025,,,,21260075300017,2025,Collectivité Territoriale,Commune,['Drôme'],['Auvergne-Rhône-Alpes'],COM,{26},{84}
4b5e0051-a1a8-4220-ab35-5bb2750a8854,215800590,Commune de La Charité-sur-Loire (58),false,{58059},Commune,2026-03-24 14:42:04.280096+01,gold_establishments_2025,,,,21580059000014,2025,Collectivité Territoriale,Commune,['Nièvre'],['Bourgogne-Franche-Comté'],COM,{58},{27}
128ac139-191a-4bd7-97b4-9bfaaa7365c1,213901101,Commune de La Charme (39),false,{39110},Commune,2026-03-24 14:41:59.705606+01,gold_establishments_2025,,,,21390110100013,2025,Collectivité Territoriale,Commune,['Jura'],['Bourgogne-Franche-Comté'],COM,{39},{27}
b521e78d-2264-4280-bacf-c4bc31364f94,217101021,Commune de La Charmée (71),false,{71102},Commune,2026-03-24 14:42:07.735343+01,gold_establishments_2025,,,,21710102100012,2025,Collectivité Territoriale,Commune,['Saône-et-Loire'],['Bourgogne-Franche-Comté'],COM,{71},{27}
d27b3888-d7ed-437a-9e2b-e34aaea80738,217200682,Commune de La Chartre-sur-le-Loir (72),false,{72068},Commune,2026-03-24 14:42:08.279287+01,gold_establishments_2025,,,,21720068200011,2025,Collectivité Territoriale,Commune,['Sarthe'],['Pays de la Loire'],COM,{72},{52}
22a58f71-68a6-46e7-b6aa-67e117151da6,213901127,Commune de La Chassagne (39),false,{39112},Commune,2026-03-24 14:41:59.705606+01,gold_establishments_2025,,,,21390112700018,2025,Collectivité Territoriale,Commune,['Jura'],['Bourgogne-Franche-Comté'],COM,{39},{27}
dcc7064f-d62e-40b1-bf07-da4d5b1f32af,212600902,Commune de La Chaudière (26),false,{26090},Commune,2026-03-24 14:41:56.495197+01,gold_establishments_2025,,,,21260090200010,2025,Collectivité Territoriale,Commune,['Drôme'],['Auvergne-Rhône-Alpes'],COM,{26},{84}
3d57f19b-ae07-4caa-91f4-f2aaa1ff77c1,216301044,Commune de La Chaulme (63),false,{63104},Commune,2026-03-24 14:42:06.130387+01,gold_establishments_2025,,,,21630104400014,2025,Collectivité Territoriale,Commune,['Puy-de-Dôme'],['Auvergne-Rhône-Alpes'],COM,{63},{84}
871f935d-754d-418e-947a-8d3aa6efb515,212101596,Commune de La Chaume (21),false,{21159},Commune,2026-03-24 14:41:55.433389+01,gold_establishments_2025,,,,21210159600014,2025,Collectivité Territoriale,Commune,"[""Côte-d'Or""]",['Bourgogne-Franche-Comté'],COM,{21},{27}
ad71885f-6c1a-4756-a550-64ea6d2716b9,213901267,Commune de La Chaumusse (39),false,{39126},Commune,2026-03-24 14:41:59.705606+01,gold_establishments_2025,,,,21390126700012,2025,Collectivité Territoriale,Commune,['Jura'],['Bourgogne-Franche-Comté'],COM,{39},{27}
450002c6-c0b2-4971-aab2-240802cffe6f,212305908,Commune de La Chaussade (23),false,{23059},Commune,2026-03-24 14:41:55.958138+01,gold_establishments_2025,,,,21230590800015,2025,Collectivité Territoriale,Commune,['Creuse'],['Nouvelle-Aquitaine'],COM,{23},{75}
7cd6a1f7-cf90-45d4-bbd6-e602de43a571,217601731,Commune de La Chaussée (76),false,{76173},Commune,2026-03-24 14:42:08.818969+01,gold_establishments_2025,,,,21760173100011,2025,Collectivité Territoriale,Commune,['Seine-Maritime'],['Normandie'],COM,{76},{28}
38b41737-42a8-40dd-9708-ebfe6388467d,218600690,Commune de La Chaussée (86),false,{86069},Commune,2026-03-24 14:42:10.508772+01,gold_establishments_2025,,,,21860069000018,2025,Collectivité Territoriale,Commune,['Vienne'],['Nouvelle-Aquitaine'],COM,{86},{75}
4928ecac-37c1-460a-9668-e3987695f493,214100471,Commune de La Chaussée-Saint-Victor (41),false,{41047},Commune,2026-03-24 14:42:00.273698+01,gold_establishments_2025,,,,21410047100017,2025,Collectivité Territoriale,Commune,['Loir-et-Cher'],['Centre-Val de Loire'],COM,{41},{24}
48c2394d-ed67-470d-88fd-223b67b3c593,218001790,Commune de La Chaussée-Tirancourt (80),false,{80187},Commune,2026-03-24 14:42:09.967209+01,gold_establishments_2025,,,,21800179000011,2025,Collectivité Territoriale,Commune,['Somme'],['Hauts-de-France'],COM,{80},{32}
deb7266b-306c-47a4-b003-757002cbcb3c,212800965,Commune de La Chaussée-d'Ivry (28),false,{28096},Commune,2026-03-24 14:41:57.028721+01,gold_establishments_2025,,,,21280096500015,2025,Collectivité Territoriale,Commune,['Eure-et-Loir'],['Centre-Val de Loire'],COM,{28},{24}
94a7080e-e379-4e21-a922-a112168494a7,215101312,Commune de La Chaussée-sur-Marne (51),false,{51141},Commune,2026-03-24 14:42:01.954481+01,gold_establishments_2025,,,,21510131200019,2025,Collectivité Territoriale,Commune,['Marne'],['Grand Est'],COM,{51},{44}
d525ab7f-101b-4d3b-8f76-6ab917352c3f,212501399,Commune de La Chaux (25),false,{25139},Commune,2026-03-24 14:41:56.495197+01,gold_establishments_2025,,,,21250139900019,2025,Collectivité Territoriale,Commune,['Doubs'],['Bourgogne-Franche-Comté'],COM,{25},{27}
4fadbee4-438f-4ebf-a81b-2cd6edee3c33,216101048,Commune de La Chaux (61),false,{61104},Commune,2026-03-24 14:42:04.814328+01,gold_establishments_2025,,,,21610104800017,2025,Collectivité Territoriale,Commune,['Orne'],['Normandie'],COM,{61},{28}
19fcf53c-eaa8-4398-9087-f9301929dd0b,217101211,Commune de La Chaux (71),false,{71121},Commune,2026-03-24 14:42:07.735343+01,gold_establishments_2025,,,,21710121100019,2025,Collectivité Territoriale,Commune,['Saône-et-Loire'],['Bourgogne-Franche-Comté'],COM,{71},{27}
61d070a6-c36e-458f-aed6-c95a5e888f85,213901317,Commune de La Chaux-du-Dombief (39),false,{39131},Commune,2026-03-24 14:41:59.705606+01,gold_establishments_2025,,,,21390131700015,2025,Collectivité Territoriale,Commune,['Jura'],['Bourgogne-Franche-Comté'],COM,{39},{27}
8e340264-1ca6-459e-b5e2-502e757e8bbd,213901325,Commune de La Chaux-en-Bresse (39),false,{39132},Commune,2026-03-24 14:41:59.705606+01,gold_establishments_2025,,,,21390132500018,2025,Collectivité Territoriale,Commune,['Jura'],['Bourgogne-Franche-Comté'],COM,{39},{27}
17495388-ab6a-4ea2-bc9b-3b243543aedf,217300821,Commune de La Chavanne (73),false,{73082},Commune,2026-03-24 14:42:08.279287+01,gold_establishments_2025,,,,21730082100014,2025,Collectivité Territoriale,Commune,['Savoie'],['Auvergne-Rhône-Alpes'],COM,{73},{84}
2b6cc967-1ebf-418e-bf15-e770cc7f5c4b,218001816,Commune de La Chavatte (80),false,{80189},Commune,2026-03-24 14:42:09.967209+01,gold_establishments_2025,,,,21800181600014,2025,Collectivité Territoriale,Commune,['Somme'],['Hauts-de-France'],COM,{80},{32}
18185ce1-32a4-4e09-9bcb-a2629092d036,212501480,Commune de La Chenalotte (25),false,{25148},Commune,2026-03-24 14:41:56.495197+01,gold_establishments_2025,,,,21250148000017,2025,Collectivité Territoriale,Commune,['Doubs'],['Bourgogne-Franche-Comté'],COM,{25},{27}
b0d09dc4-11c3-45b3-8f3d-948e3e0d313b,215101379,Commune de La Cheppe (51),false,{51147},Commune,2026-03-24 14:42:01.954481+01,gold_establishments_2025,,,,21510137900018,2025,Collectivité Territoriale,Commune,['Marne'],['Grand Est'],COM,{51},{44}
edf1ef27-3b7e-4fa2-8587-101ccec8f7c8,214402216,Commune de La Chevallerais (44),false,{44221},Commune,2026-03-24 14:42:00.862623+01,gold_establishments_2025,,,,21440221600011,2025,Collectivité Territoriale,Commune,['Loire-Atlantique'],['Pays de la Loire'],COM,{44},{52}
8281fe53-c25e-44e8-949c-414f59bea5da,212501522,Commune de La Chevillotte (25),false,{25152},Commune,2026-03-24 14:41:56.495197+01,gold_establishments_2025,,,,21250152200016,2025,Collectivité Territoriale,Commune,['Doubs'],['Bourgogne-Franche-Comté'],COM,{25},{27}
2263aaa8-671c-4731-9ad1-4a13b195e5fe,214400418,Commune de La Chevrolière (44),false,{44041},Commune,2026-03-24 14:42:00.273698+01,gold_establishments_2025,,,,21440041800098,2025,Collectivité Territoriale,Commune,['Loire-Atlantique'],['Pays de la Loire'],COM,{44},{52}
013024d4-0c54-4f75-859c-06746c9132b3,214300725,Commune de La Chomette (43),false,{43072},Commune,2026-03-24 14:42:00.273698+01,gold_establishments_2025,,,,21430072500014,2025,Collectivité Territoriale,Commune,['Haute-Loire'],['Auvergne-Rhône-Alpes'],COM,{43},{84}
2d744477-0205-4140-98f9-20fbf36636c9,218500593,Commune de La Châtaigneraie (85),false,{85059},Commune,2026-03-24 14:42:10.508772+01,gold_establishments_2025,,,,21850059300015,2025,Collectivité Territoriale,Commune,['Vendée'],['Pays de la Loire'],COM,{85},{52}
a69e77f2-971d-4283-80b6-2e91e7d89a36,213901168,Commune de La Châtelaine (39),false,{39116},Commune,2026-03-24 14:41:59.705606+01,gold_establishments_2025,,,,21390116800012,2025,Collectivité Territoriale,Commune,['Jura'],['Bourgogne-Franche-Comté'],COM,{39},{27}
f3f7859a-c7e7-4e17-9b69-e7ea13508b2d,213600463,Commune de La Châtre (36),false,{36046},Commune,2026-03-24 14:41:59.160244+01,gold_establishments_2025,,,,21360046300011,2025,Collectivité Territoriale,Commune,['Indre'],['Centre-Val de Loire'],COM,{36},{24}
14a1d3d3-8c5f-4e13-8d31-ab9721efa763,213600471,Commune de La Châtre-Langlin (36),false,{36047},Commune,2026-03-24 14:41:59.160244+01,gold_establishments_2025,,,,21360047100014,2025,Collectivité Territoriale,Commune,['Indre'],['Centre-Val de Loire'],COM,{36},{24}
f788406f-33c5-43cf-b85f-248abf5f42b7,211600986,Commune de La Chèvrerie (16),false,{16098},Commune,2026-03-24 14:41:54.362296+01,gold_establishments_2025,,,,21160098600015,2025,Collectivité Territoriale,Commune,['Charente'],['Nouvelle-Aquitaine'],COM,{16},{75}
51a22e23-2091-42d6-b9e0-d3f6fe567b1e,212200398,Commune de La Chèze (22),false,{22039},Commune,2026-03-24 14:41:55.433389+01,gold_establishments_2025,,,,21220039800015,2025,Collectivité Territoriale,Commune,"[""Côtes-d'Armor""]",['Bretagne'],COM,{22},{53}
419fc7bd-9855-4e94-b775-9686f3ceacc5,211300280,Commune de La Ciotat (13),false,{13028},Commune,2026-03-24 14:41:53.63825+01,gold_establishments_2025,,,,21130028000420,2025,Collectivité Territoriale,Commune,['Bouches-du-Rhône'],"[""Provence-Alpes-Côte d'Azur""]",COM,{13},{93}
ffb6274e-6d41-421e-8782-0706f1f81ef6,217101336,Commune de La Clayette (71),false,{71133},Commune,2026-03-24 14:42:07.735343+01,gold_establishments_2025,,,,21710133600014,2025,Collectivité Territoriale,Commune,['Saône-et-Loire'],['Bourgogne-Franche-Comté'],COM,{71},{27}
a1267781-2a27-47bf-b7ef-8f7445892513,211701123,Commune de La Clisse (17),false,{17112},Commune,2026-03-24 14:41:54.903238+01,gold_establishments_2025,,,,21170112300013,2025,Collectivité Territoriale,Commune,['Charente-Maritime'],['Nouvelle-Aquitaine'],COM,{17},{75}
83f848b4-9f2c-4a5b-9e54-f79f79976c43,211701131,Commune de La Clotte (17),false,{17113},Commune,2026-03-24 14:41:54.903238+01,gold_establishments_2025,,,,21170113100016,2025,Collectivité Territoriale,Commune,['Charente-Maritime'],['Nouvelle-Aquitaine'],COM,{17},{75}
4df2f127-4c82-484c-b7eb-32fef0440bf7,217400803,Commune de La Clusaz (74),false,{74080},Commune,2026-03-24 14:42:08.279287+01,gold_establishments_2025,,,,21740080300011,2025,Collectivité Territoriale,Commune,['Haute-Savoie'],['Auvergne-Rhône-Alpes'],COM,{74},{84}
b6a53521-bf18-43eb-80e4-3311c9cff06f,212501571,Commune de La Cluse-et-Mijoux (25),false,{25157},Commune,2026-03-24 14:41:56.495197+01,gold_establishments_2025,,,,21250157100013,2025,Collectivité Territoriale,Commune,['Doubs'],['Bourgogne-Franche-Comté'],COM,{25},{27}
03787c35-43a7-414c-98bf-82434d5167ac,215800806,Commune de La Collancelle (58),false,{58080},Commune,2026-03-24 14:42:04.280096+01,gold_establishments_2025,,,,21580080600014,2025,Collectivité Territoriale,Commune,['Nièvre'],['Bourgogne-Franche-Comté'],COM,{58},{27}
a11e5693-a952-4087-b909-754e2d23e323,210600441,Commune de La Colle-sur-Loup (06),false,{06044},Commune,2026-03-24 14:41:52.562531+01,gold_establishments_2025,,,,21060044100013,2025,Collectivité Territoriale,Commune,['Alpes-Maritimes'],"[""Provence-Alpes-Côte d'Azur""]",COM,{06},{93}
46058398-7971-49e1-b6a9-2256ba32a4c3,215001371,Commune de La Colombe (50),false,{50137},Commune,2026-03-24 14:42:01.412377+01,gold_establishments_2025,,,,21500137100016,2025,Collectivité Territoriale,Commune,['Manche'],['Normandie'],COM,{50},{28}
eda11e26-129f-4783-953b-7a0cf6dae4af,213801202,Commune de La Combe-de-Lancey (38),false,{38120},Commune,2026-03-24 14:41:59.160244+01,gold_establishments_2025,,,,21380120200010,2025,Collectivité Territoriale,Commune,['Isère'],['Auvergne-Rhône-Alpes'],COM,{38},{84}
28910c88-2297-4bae-872d-035afb2699fc,217101427,Commune de La Comelle (71),false,{71142},Commune,2026-03-24 14:42:07.735343+01,gold_establishments_2025,,,,21710142700011,2025,Collectivité Territoriale,Commune,['Saône-et-Loire'],['Bourgogne-Franche-Comté'],COM,{71},{27}
c6e40999-7edb-4f29-b278-eb03fa4e787d,217300904,Commune de La Compôte (73),false,{73090},Commune,2026-03-24 14:42:08.279287+01,gold_establishments_2025,,,,21730090400018,2025,Collectivité Territoriale,Commune,['Savoie'],['Auvergne-Rhône-Alpes'],COM,{73},{84}
1c7ac81f-a25f-4010-a239-c68ad6cfd35e,216202325,Commune de La Comté (62),false,{62232},Commune,2026-03-24 14:42:05.597325+01,gold_establishments_2025,,,,21620232500017,2025,Collectivité Territoriale,Commune,['Pas-de-Calais'],['Hauts-de-France'],COM,{62},{32}
d32d3b69-5dd3-4697-b216-788b6e78aae9,210400628,Commune de La Condamine-Châtelard (04),false,{04062},Commune,2026-03-24 14:41:52.020251+01,gold_establishments_2025,,,,21040062800017,2025,Collectivité Territoriale,Commune,['Alpes-de-Haute-Provence'],"[""Provence-Alpes-Côte d'Azur""]",COM,{04},{93}
cd242099-3f76-4d7f-9444-36b32fb8f965,218500726,Commune de La Copechagnière (85),false,{85072},Commune,2026-03-24 14:42:10.508772+01,gold_establishments_2025,,,,21850072600011,2025,Collectivité Territoriale,Commune,['Vendée'],['Pays de la Loire'],COM,{85},{52}
79277a83-7d17-44d3-839c-d29463b2af88,212401335,Commune de La Coquille (24),false,{24133},Commune,2026-03-24 14:41:55.958138+01,gold_establishments_2025,,,,21240133500014,2025,Collectivité Territoriale,Commune,['Dordogne'],['Nouvelle-Aquitaine'],COM,{24},{75}
b3f7073a-4639-40c0-9ead-281182131156,217001726,Commune de La Corbière (70),false,{70172},Commune,2026-03-24 14:42:07.735343+01,gold_establishments_2025,,,,21700172600017,2025,Collectivité Territoriale,Commune,['Haute-Saône'],['Bourgogne-Franche-Comté'],COM,{70},{27}
71c391f2-d403-4b45-9582-4673b72ed2fd,200083459,Commune de La Corne-en-Vexin (60),false,{60209},Commune,2026-03-24 14:42:04.814328+01,gold_establishments_2025,,,,20008345900012,2025,Collectivité Territoriale,Commune,['Oise'],['Hauts-de-France'],COM,{60},{32}
5f2c2d5a-a624-4deb-8528-eeb1ccdc7164,211701214,Commune de La Couarde-sur-Mer (17),false,{17121},Commune,2026-03-24 14:41:54.903238+01,gold_establishments_2025,,,,21170121400010,2025,Collectivité Territoriale,Commune,['Charente-Maritime'],['Nouvelle-Aquitaine'],COM,{17},{75}
f80e55f5-7990-47f1-b662-5d82353f4ff0,212601066,Commune de La Coucourde (26),false,{26106},Commune,2026-03-24 14:41:56.495197+01,gold_establishments_2025,,,,21260106600013,2025,Collectivité Territoriale,Commune,['Drôme'],['Auvergne-Rhône-Alpes'],COM,{26},{84}
180d1807-3c91-48d5-9304-07ca8ad65536,216101246,Commune de La Coulonche (61),false,{61124},Commune,2026-03-24 14:42:05.597325+01,gold_establishments_2025,,,,21610124600017,2025,Collectivité Territoriale,Commune,['Orne'],['Normandie'],COM,{61},{28}
891aa23c-2460-4ebf-a0d2-587a7f147611,214501124,Commune de La Cour-Marigny (45),false,{45112},Commune,2026-03-24 14:42:00.862623+01,gold_establishments_2025,,,,21450112400017,2025,Collectivité Territoriale,Commune,['Loiret'],['Centre-Val de Loire'],COM,{45},{24}
12cc97e4-7536-45a1-a485-1c4d9e64a8a3,219300274,Commune de La Courneuve (93),false,{93027},Commune,2026-03-24 14:42:11.659493+01,gold_establishments_2025,,,,21930027400012,2025,Collectivité Territoriale,Commune,['Seine-Saint-Denis'],['Île-de-France'],COM,{93},{11}
c3ac83e0-f080-422f-8e19-a01ccbb41e37,211601133,Commune de La Couronne (16),false,{16113},Commune,2026-03-24 14:41:54.362296+01,gold_establishments_2025,,,,21160113300013,2025,Collectivité Territoriale,Commune,['Charente'],['Nouvelle-Aquitaine'],COM,{16},{75}
0b2053ad-a179-4916-84ee-f2f982c715b5,212306708,Commune de La Courtine (23),false,{23067},Commune,2026-03-24 14:41:55.958138+01,gold_establishments_2025,,,,21230670800018,2025,Collectivité Territoriale,Commune,['Creuse'],['Nouvelle-Aquitaine'],COM,{23},{75}
85dac107-6ba9-448b-8ec6-8082d1ee1b04,211101084,Commune de La Courtète (11),false,{11108},Commune,2026-03-24 14:41:53.63825+01,gold_establishments_2025,,,,21110108400013,2025,Collectivité Territoriale,Commune,['Aude'],['Occitanie'],COM,{11},{76}
66b88c9b-ca7c-4992-a169-1d54b753d73e,216202523,Commune de La Couture (62),false,{62252},Commune,2026-03-24 14:42:05.597325+01,gold_establishments_2025,,,,21620252300017,2025,Collectivité Territoriale,Commune,['Pas-de-Calais'],['Hauts-de-France'],COM,{62},{32}
0f248238-7ac2-4ec8-82cc-beee84ed5edf,218500742,Commune de La Couture (85),false,{85074},Commune,2026-03-24 14:42:10.508772+01,gold_establishments_2025,,,,21850074200018,2025,Collectivité Territoriale,Commune,['Vendée'],['Pays de la Loire'],COM,{85},{52}
19462acb-14e2-44e8-a788-483d2201d31b,212701833,Commune de La Couture-Boussey (27),false,{27183},Commune,2026-03-24 14:41:57.028721+01,gold_establishments_2025,,,,21270183300015,2025,Collectivité Territoriale,Commune,['Eure'],['Normandie'],COM,{27},{28}
f5129489-3229-4a6b-b75b-acfb3e5534c2,211200829,Commune de La Couvertoirade (12),false,{12082},Commune,2026-03-24 14:41:53.63825+01,gold_establishments_2025,,,,21120082900011,2025,Collectivité Territoriale,Commune,['Aveyron'],['Occitanie'],COM,{12},{76}
7722315d-c297-47de-9b4c-d29d926956d7,213500895,Commune de La Couyère (35),false,{35089},Commune,2026-03-24 14:41:58.620411+01,gold_establishments_2025,,,,21350089500015,2025,Collectivité Territoriale,Commune,['Ille-et-Vilaine'],['Bretagne'],COM,{35},{53}
0420bbe2-b232-4475-88e8-52abaf74c489,218300473,Commune de La Crau (83),false,{83047},Commune,2026-03-24 14:42:10.508772+01,gold_establishments_2025,,,,21830047300186,2025,Collectivité Territoriale,Commune,['Var'],"[""Provence-Alpes-Côte d'Azur""]",COM,{83},{93}
2bfdfada-7edd-4e29-93e1-5613b58a3e83,211200860,Commune de La Cresse (12),false,{12086},Commune,2026-03-24 14:41:53.63825+01,gold_establishments_2025,,,,21120086000016,2025,Collectivité Territoriale,Commune,['Aveyron'],['Occitanie'],COM,{12},{76}
43b396b2-2066-433e-8cac-e21090ddf9a6,217001866,Commune de La Creuse (70),false,{70186},Commune,2026-03-24 14:42:07.735343+01,gold_establishments_2025,,,,21700186600011,2025,Collectivité Territoriale,Commune,['Haute-Saône'],['Bourgogne-Franche-Comté'],COM,{70},{27}
b566c2df-b9f1-4a68-a8e8-84ac81973b13,217601939,Commune de La Crique (76),false,{76193},Commune,2026-03-24 14:42:08.818969+01,gold_establishments_2025,,,,21760193900010,2025,Collectivité Territoriale,Commune,['Seine-Maritime'],['Normandie'],COM,{76},{28}
566e0402-e07f-44a5-b3fb-e1033e65ef84,212701890,Commune de La Croisille (27),false,{27189},Commune,2026-03-24 14:41:57.028721+01,gold_establishments_2025,,,,21270189000015,2025,Collectivité Territoriale,Commune,['Eure'],['Normandie'],COM,{27},{28}
31434e33-ae84-456a-a084-2a053328c8f3,218705101,Commune de La Croisille-sur-Briance (87),false,{87051},Commune,2026-03-24 14:42:11.118516+01,gold_establishments_2025,,,,21870510100010,2025,Collectivité Territoriale,Commune,['Haute-Vienne'],['Nouvelle-Aquitaine'],COM,{87},{75}
c5509a72-8aad-4b9c-8579-7f6df9b401b5,214700759,Commune de La Croix-Blanche (47),false,{47075},Commune,2026-03-24 14:42:00.862623+01,gold_establishments_2025,,,,21470075900019,2025,Collectivité Territoriale,Commune,['Lot-et-Garonne'],['Nouvelle-Aquitaine'],COM,{47},{75}
97d86238-f011-4f90-b78e-1a7aa97e97da,211701370,Commune de La Croix-Comtesse (17),false,{17137},Commune,2026-03-24 14:41:54.903238+01,gold_establishments_2025,,,,21170137000010,2025,Collectivité Territoriale,Commune,['Charente-Maritime'],['Nouvelle-Aquitaine'],COM,{17},{75}
f37328f0-4f44-4c38-ab8f-9892830be50d,215600503,Commune de La Croix-Helléan (56),false,{56050},Commune,2026-03-24 14:42:03.701372+01,gold_establishments_2025,,,,21560050300019,2025,Collectivité Territoriale,Commune,['Morbihan'],['Bretagne'],COM,{56},{53}
e25444e3-597a-4fec-b593-fa3800e333df,218300481,Commune de La Croix-Valmer (83),false,{83048},Commune,2026-03-24 14:42:10.508772+01,gold_establishments_2025,,,,21830048100015,2025,Collectivité Territoriale,Commune,['Var'],"[""Provence-Alpes-Côte d'Azur""]",COM,{83},{93}
41e43511-5187-4a05-874b-c98b7c253370,210801213,Commune de La Croix-aux-Bois (08),false,{08135},Commune,2026-03-24 14:41:52.562531+01,gold_establishments_2025,,,,21080121300013,2025,Collectivité Territoriale,Commune,['Ardennes'],['Grand Est'],COM,{08},{44}
f52c80fb-6e31-49a2-ace9-a5c0e5995baf,218801207,Commune de La Croix-aux-Mines (88),false,{88120},Commune,2026-03-24 14:42:11.118516+01,gold_establishments_2025,,,,21880120700018,2025,Collectivité Territoriale,Commune,['Vosges'],['Grand Est'],COM,{88},{44}
da565c7f-6277-44f0-ae26-24dc15cd8091,217300953,Commune de La Croix-de-la-Rochette (73),false,{73095},Commune,2026-03-24 14:42:08.279287+01,gold_establishments_2025,,,,21730095300015,2025,Collectivité Territoriale,Commune,['Savoie'],['Auvergne-Rhône-Alpes'],COM,{73},{84}
f0daf2e7-83eb-40b8-bbbb-a442e5d9f43c,212801195,Commune de La Croix-du-Perche (28),false,{28119},Commune,2026-03-24 14:41:57.028721+01,gold_establishments_2025,,,,21280119500018,2025,Collectivité Territoriale,Commune,['Eure-et-Loir'],['Centre-Val de Loire'],COM,{28},{24}
579e15b2-42b5-4aa9-8966-ac589bf5315b,217701473,Commune de La Croix-en-Brie (77),false,{77147},Commune,2026-03-24 14:42:09.43682+01,gold_establishments_2025,,,,21770147300019,2025,Collectivité Territoriale,Commune,['Seine-et-Marne'],['Île-de-France'],COM,{77},{11}
fcd06429-b9b0-4d80-9f36-3e6beb4a4d5a,215101841,Commune de La Croix-en-Champagne (51),false,{51197},Commune,2026-03-24 14:42:01.954481+01,gold_establishments_2025,,,,21510184100017,2025,Collectivité Territoriale,Commune,['Marne'],['Grand Est'],COM,{51},{44}
a2d280f6-3d2f-4594-9438-a1dc61e34028,213700917,Commune de La Croix-en-Touraine (37),false,{37091},Commune,2026-03-24 14:41:59.160244+01,gold_establishments_2025,,,,21370091700064,2025,Collectivité Territoriale,Commune,['Indre-et-Loire'],['Centre-Val de Loire'],COM,{37},{24}
450fda7c-e36c-4957-ba95-9caa98ec188e,218705200,Commune de La Croix-sur-Gartempe (87),false,{87052},Commune,2026-03-24 14:42:11.118516+01,gold_establishments_2025,,,,21870520000010,2025,Collectivité Territoriale,Commune,['Haute-Vienne'],['Nouvelle-Aquitaine'],COM,{87},{75}
c85f84d9-f9a4-4ca9-9fbd-6376222f7b10,210202263,Commune de La Croix-sur-Ourcq (02),false,{02241},Commune,2026-03-24 14:41:52.020251+01,gold_establishments_2025,,,,21020226300013,2025,Collectivité Territoriale,Commune,['Aisne'],['Hauts-de-France'],COM,{02},{32}
e754d4cc-5556-43cb-9af3-ae27abccda96,210600516,Commune de La Croix-sur-Roudoule (06),false,{06051},Commune,2026-03-24 14:41:52.562531+01,gold_establishments_2025,,,,21060051600012,2025,Collectivité Territoriale,Commune,['Alpes-Maritimes'],"[""Provence-Alpes-Côte d'Azur""]",COM,{06},{93}
cde88091-f776-46ba-b901-826ffe4aaf0d,215300864,Commune de La Croixille (53),false,{53086},Commune,2026-03-24 14:42:02.957225+01,gold_establishments_2025,,,,21530086400018,2025,Collectivité Territoriale,Commune,['Mayenne'],['Pays de la Loire'],COM,{53},{52}
52b19479-e8b7-4c20-b38b-22a4bc46dab7,215300872,Commune de La Cropte (53),false,{53087},Commune,2026-03-24 14:42:02.957225+01,gold_establishments_2025,,,,21530087200011,2025,Collectivité Territoriale,Commune,['Mayenne'],['Pays de la Loire'],COM,{53},{52}
0577e2d3-1da1-4663-8df4-18d8c92806ce,216301309,Commune de La Crouzille (63),false,{63130},Commune,2026-03-24 14:42:06.130387+01,gold_establishments_2025,,,,21630130900011,2025,Collectivité Territoriale,Commune,['Puy-de-Dôme'],['Auvergne-Rhône-Alpes'],COM,{63},{84}
d51db62f-16f5-49a0-9a4c-dcfdb62d648c,217900489,Commune de La Crèche (79),false,{79048},Commune,2026-03-24 14:42:09.43682+01,gold_establishments_2025,,,,21790048900014,2025,Collectivité Territoriale,Commune,['Deux-Sèvres'],['Nouvelle-Aquitaine'],COM,{79},{75}
827efa50-9d6c-4e9d-9808-ef5366a8f675,217001783,Commune de La Côte (70),false,{70178},Commune,2026-03-24 14:42:07.735343+01,gold_establishments_2025,,,,21700178300018,2025,Collectivité Territoriale,Commune,['Haute-Saône'],['Bourgogne-Franche-Comté'],COM,{70},{27}
a52a2819-9816-4e16-b7dd-93de8e68ea35,213801301,Commune de La Côte-Saint-André (38),false,{38130},Commune,2026-03-24 14:41:59.160244+01,gold_establishments_2025,,,,21380130100010,2025,Collectivité Territoriale,Commune,['Isère'],['Auvergne-Rhône-Alpes'],COM,{38},{84}
81688e14-4148-47eb-b64d-0ddab0a00c3a,214202178,Commune de La Côte-Saint-Didier (42),false,{42217},Commune,2026-03-24 14:42:00.273698+01,gold_establishments_2025,,,,21420217800015,2025,Collectivité Territoriale,Commune,['Loire'],['Auvergne-Rhône-Alpes'],COM,{42},{84}
92fc5f41-ec15-4d5f-a6f9-a959d190470c,217400910,Commune de La Côte-d'Arbroz (74),false,{74091},Commune,2026-03-24 14:42:08.279287+01,gold_establishments_2025,,,,21740091000014,2025,Collectivité Territoriale,Commune,['Haute-Savoie'],['Auvergne-Rhône-Alpes'],COM,{74},{84}
e46c1b5c-cc4d-44f8-9140-6b53ec3faa51,217002039,Commune de La Demie (70),false,{70203},Commune,2026-03-24 14:42:07.735343+01,gold_establishments_2025,,,,21700203900014,2025,Collectivité Territoriale,Commune,['Haute-Saône'],['Bourgogne-Franche-Comté'],COM,{70},{27}
0e0585b7-1432-44ab-b717-2e0d40768bf3,211300314,Commune de La Destrousse (13),false,{13031},Commune,2026-03-24 14:41:53.63825+01,gold_establishments_2025,,,,21130031400013,2025,Collectivité Territoriale,Commune,['Bouches-du-Rhône'],"[""Provence-Alpes-Côte d'Azur""]",COM,{13},{93}
8308d758-3491-431a-aa5a-6a509a04add1,200076586,Commune de La Devise (17),false,{17457},Commune,2026-03-24 14:41:54.903238+01,gold_establishments_2025,,,,20007658600011,2025,Collectivité Territoriale,Commune,['Charente-Maritime'],['Nouvelle-Aquitaine'],COM,{17},{75}
1699e3ec-271f-49d8-94b6-44442e8b0a90,211101191,Commune de La Digne-d'Amont (11),false,{11119},Commune,2026-03-24 14:41:53.63825+01,gold_establishments_2025,,,,21110119100016,2025,Collectivité Territoriale,Commune,['Aude'],['Occitanie'],COM,{11},{76}
75a23b4a-8436-4fb1-aa33-12e71b2d405b,211101209,Commune de La Digne-d'Aval (11),false,{11120},Commune,2026-03-24 14:41:53.63825+01,gold_establishments_2025,,,,21110120900016,2025,Collectivité Territoriale,Commune,['Aude'],['Occitanie'],COM,{11},{76}
8fa209a2-538d-44e1-a9ba-3bbcf23ff22f,213500986,Commune de La Dominelais (35),false,{35098},Commune,2026-03-24 14:41:58.620411+01,gold_establishments_2025,,,,21350098600079,2025,Collectivité Territoriale,Commune,['Ille-et-Vilaine'],['Bretagne'],COM,{35},{53}
9cf7bc73-4a58-4c89-bed3-00848e35a91a,212401533,Commune de La Dornac (24),false,{24153},Commune,2026-03-24 14:41:55.958138+01,gold_establishments_2025,,,,21240153300014,2025,Collectivité Territoriale,Commune,['Dordogne'],['Nouvelle-Aquitaine'],COM,{24},{75}
8f117f5a-8b50-4eff-b720-a7359659af5d,215300930,Commune de La Dorée (53),false,{53093},Commune,2026-03-24 14:42:02.957225+01,gold_establishments_2025,,,,21530093000017,2025,Collectivité Territoriale,Commune,['Mayenne'],['Pays de la Loire'],COM,{53},{52}
228b2596-8b04-4dc8-83df-afa9cd80ed91,212401566,Commune de La Douze (24),false,{24156},Commune,2026-03-24 14:41:55.958138+01,gold_establishments_2025,,,,21240156600014,2025,Collectivité Territoriale,Commune,['Dordogne'],['Nouvelle-Aquitaine'],COM,{24},{75}
043b93f2-cd9b-42c5-a824-133b309580b0,200062644,Commune de La Drenne (60),false,{60196},Commune,2026-03-24 14:42:04.814328+01,gold_establishments_2025,,,,20006264400014,2025,Collectivité Territoriale,Commune,['Oise'],['Hauts-de-France'],COM,{60},{32}
c86f68b8-8604-4186-8ceb-b078e43e78db,219711108,Commune de La Désirade (971),false,{97110},Commune,2026-03-24 14:42:11.659493+01,gold_establishments_2025,,,,21971110800015,2025,Collectivité Territoriale,Commune,['Guadeloupe'],['Guadeloupe'],COM,{971},{01}
397fed9b-5873-4461-b3f8-b193c9139d14,214800583,Commune de La Fage-Montivernoux (48),false,{48058},Commune,2026-03-24 14:42:01.412377+01,gold_establishments_2025,,,,21480058300012,2025,Collectivité Territoriale,Commune,['Lozère'],['Occitanie'],COM,{48},{76}
74c48feb-be9d-46ec-804d-8653e70eafb7,214800591,Commune de La Fage-Saint-Julien (48),false,{48059},Commune,2026-03-24 14:42:01.412377+01,gold_establishments_2025,,,,21480059100015,2025,Collectivité Territoriale,Commune,['Lozère'],['Occitanie'],COM,{48},{76}
3622f346-6b4f-4a99-b96f-5ecd9515b95c,211101357,Commune de La Fajolle (11),false,{11135},Commune,2026-03-24 14:41:53.63825+01,gold_establishments_2025,,,,21110135700013,2025,Collectivité Territoriale,Commune,['Aude'],['Occitanie'],COM,{11},{76}
5abc1ca5-4f3f-4f64-8b40-d06c7a350b06,217802305,Commune de La Falaise (78),false,{78230},Commune,2026-03-24 14:42:09.43682+01,gold_establishments_2025,,,,21780230500011,2025,Collectivité Territoriale,Commune,['Yvelines'],['Île-de-France'],COM,{78},{11}
5ab555e0-28b7-4b1a-984d-4e172d7df167,218002863,Commune de La Faloise (80),false,{80299},Commune,2026-03-24 14:42:09.967209+01,gold_establishments_2025,,,,21800286300015,2025,Collectivité Territoriale,Commune,['Somme'],['Hauts-de-France'],COM,{80},{32}
0a71ae5b-d086-4491-8cc6-7e31dc525029,210500542,Commune de La Fare-en-Champsaur (05),false,{05054},Commune,2026-03-24 14:41:52.562531+01,gold_establishments_2025,,,,21050054200019,2025,Collectivité Territoriale,Commune,['Hautes-Alpes'],"[""Provence-Alpes-Côte d'Azur""]",COM,{05},{93}
c1c539dc-08aa-4fe4-b6d8-6cd54b924a0f,211300371,Commune de La Fare-les-Oliviers (13),false,{13037},Commune,2026-03-24 14:41:53.63825+01,gold_establishments_2025,,,,21130037100013,2025,Collectivité Territoriale,Commune,['Bouches-du-Rhône'],"[""Provence-Alpes-Côte d'Azur""]",COM,{13},{93}
7108992d-1c17-4b16-987c-1daf33c5586b,218300549,Commune de La Farlède (83),false,{83054},Commune,2026-03-24 14:42:10.508772+01,gold_establishments_2025,,,,21830054900019,2025,Collectivité Territoriale,Commune,['Var'],"[""Provence-Alpes-Côte d'Azur""]",COM,{83},{93}
9887887e-6cc8-4c27-9949-c456e4b4e43e,210500559,Commune de La Faurie (05),false,{05055},Commune,2026-03-24 14:41:52.562531+01,gold_establishments_2025,,,,21050055900013,2025,Collectivité Territoriale,Commune,['Hautes-Alpes'],"[""Provence-Alpes-Côte d'Azur""]",COM,{05},{93}
9c1c4bd7-78d2-446a-bd88-bc4322e51290,213902216,Commune de La Favière (39),false,{39221},Commune,2026-03-24 14:41:59.705606+01,gold_establishments_2025,,,,21390221600018,2025,Collectivité Territoriale,Commune,['Jura'],['Bourgogne-Franche-Comté'],COM,{39},{27}
ed975a6c-aa29-4a90-a8cd-843b00feab04,211601364,Commune de La Faye (16),false,{16136},Commune,2026-03-24 14:41:54.362296+01,gold_establishments_2025,,,,21160136400014,2025,Collectivité Territoriale,Commune,['Charente'],['Nouvelle-Aquitaine'],COM,{16},{75}
c72a0729-f3ae-479b-8f27-631e62b2c111,215801127,Commune de La Fermeté (58),false,{58112},Commune,2026-03-24 14:42:04.280096+01,gold_establishments_2025,,,,21580112700014,2025,Collectivité Territoriale,Commune,['Nièvre'],['Bourgogne-Franche-Comté'],COM,{58},{27}
19df4c18-260d-4fec-ace7-1937116eac9c,213701063,Commune de La Ferrière (37),false,{37106},Commune,2026-03-24 14:41:59.160244+01,gold_establishments_2025,,,,21370106300017,2025,Collectivité Territoriale,Commune,['Indre-et-Loire'],['Centre-Val de Loire'],COM,{37},{24}
39b2a39a-e37d-4973-9afd-f8e6602f0f1e,218500890,Commune de La Ferrière (85),false,{85089},Commune,2026-03-24 14:42:10.508772+01,gold_establishments_2025,,,,21850089000189,2025,Collectivité Territoriale,Commune,['Vendée'],['Pays de la Loire'],COM,{85},{52}
e09a24d2-683c-42d4-98ca-8136e24af2d8,218600971,Commune de La Ferrière-Airoux (86),false,{86097},Commune,2026-03-24 14:42:10.508772+01,gold_establishments_2025,,,,21860097100012,2025,Collectivité Territoriale,Commune,['Vienne'],['Nouvelle-Aquitaine'],COM,{86},{75}
8895dca0-e094-4899-a0d7-7f760814bc9d,216101659,Commune de La Ferrière-Bochard (61),false,{61165},Commune,2026-03-24 14:42:05.597325+01,gold_establishments_2025,,,,21610165900011,2025,Collectivité Territoriale,Commune,['Orne'],['Normandie'],COM,{61},{28}
4af45be6-3c84-4958-a807-ff5d6b86cdd1,216101642,Commune de La Ferrière-Béchet (61),false,{61164},Commune,2026-03-24 14:42:05.597325+01,gold_establishments_2025,,,,21610164200017,2025,Collectivité Territoriale,Commune,['Orne'],['Normandie'],COM,{61},{28}
5fe3d473-98b3-4c27-94df-6848c47941c8,216101626,Commune de La Ferrière-au-Doyen (61),false,{61162},Commune,2026-03-24 14:42:05.597325+01,gold_establishments_2025,,,,21610162600010,2025,Collectivité Territoriale,Commune,['Orne'],['Normandie'],COM,{61},{28}
29472a33-c16e-4b24-89d7-1f1114341319,216101634,Commune de La Ferrière-aux-Étangs (61),false,{61163},Commune,2026-03-24 14:42:05.597325+01,gold_establishments_2025,,,,21610163400014,2025,Collectivité Territoriale,Commune,['Orne'],['Normandie'],COM,{61},{28}
a950b651-9868-4d7d-9ba6-2fd40ae868b4,217901206,Commune de La Ferrière-en-Parthenay (79),false,{79120},Commune,2026-03-24 14:42:09.43682+01,gold_establishments_2025,,,,21790120600011,2025,Collectivité Territoriale,Commune,['Deux-Sèvres'],['Nouvelle-Aquitaine'],COM,{79},{75}
fd071266-9416-4212-93e4-6e36b5cdc0b4,212702401,Commune de La Ferrière-sur-Risle (27),false,{27240},Commune,2026-03-24 14:41:57.028721+01,gold_establishments_2025,,,,21270240100010,2025,Collectivité Territoriale,Commune,['Eure'],['Normandie'],COM,{27},{28}
749c012d-2ed5-4bf4-9d7a-49fa64ebb73f,213902232,Commune de La Ferté (39),false,{39223},Commune,2026-03-24 14:41:59.705606+01,gold_establishments_2025,,,,21390223200015,2025,Collectivité Territoriale,Commune,['Jura'],['Bourgogne-Franche-Comté'],COM,{39},{27}
15752336-b3f6-43d4-b09e-f5987ee1cabf,200060960,Commune de La Ferté Macé (61),false,{61168},Commune,2026-03-24 14:42:05.597325+01,gold_establishments_2025,,,,20006096000016,2025,Collectivité Territoriale,Commune,['Orne'],['Normandie'],COM,{61},{28}
ac5aaba2-a52f-4754-8ff8-d453694b00fe,219102324,Commune de La Ferté-Alais (91),false,{91232},Commune,2026-03-24 14:42:11.659493+01,gold_establishments_2025,,,,21910232400015,2025,Collectivité Territoriale,Commune,['Essonne'],['Île-de-France'],COM,{91},{11}
ccc31223-ecfe-4172-b48d-b30cdb3abba2,214100836,Commune de La Ferté-Beauharnais (41),false,{41083},Commune,2026-03-24 14:42:00.273698+01,gold_establishments_2025,,,,21410083600011,2025,Collectivité Territoriale,Commune,['Loir-et-Cher'],['Centre-Val de Loire'],COM,{41},{24}
029afb50-db98-4344-99a2-ca72c83a0f3b,217201326,Commune de La Ferté-Bernard (72),false,{72132},Commune,2026-03-24 14:42:08.279287+01,gold_establishments_2025,,,,21720132600014,2025,Collectivité Territoriale,Commune,['Sarthe'],['Pays de la Loire'],COM,{72},{52}
0146160d-2951-4714-837e-aa0d4ee21cbc,210202883,Commune de La Ferté-Chevresis (02),false,{02306},Commune,2026-03-24 14:41:52.020251+01,gold_establishments_2025,,,,21020288300018,2025,Collectivité Territoriale,Commune,['Aisne'],['Hauts-de-France'],COM,{02},{32}
e56ba9b7-52fe-45ae-bc0d-af61f9913a2f,217701820,Commune de La Ferté-Gaucher (77),false,{77182},Commune,2026-03-24 14:42:09.43682+01,gold_establishments_2025,,,,21770182000011,2025,Collectivité Territoriale,Commune,['Seine-et-Marne'],['Île-de-France'],COM,{77},{11}
0fd799b5-00e9-4817-9e7d-c98283e46a16,210301149,Commune de La Ferté-Hauterive (03),false,{03114},Commune,2026-03-24 14:41:52.020251+01,gold_establishments_2025,,,,21030114900014,2025,Collectivité Territoriale,Commune,['Allier'],['Auvergne-Rhône-Alpes'],COM,{03},{84}
1e903569-09b7-4153-8ddd-4017c6e2fa50,214100844,Commune de La Ferté-Imbault (41),false,{41084},Commune,2026-03-24 14:42:00.273698+01,gold_establishments_2025,,,,21410084400015,2025,Collectivité Territoriale,Commune,['Loir-et-Cher'],['Centre-Val de Loire'],COM,{41},{24}
4e4d3515-66eb-4e9b-85d8-5a94b26f558d,218901635,Commune de La Ferté-Loupière (89),false,{89163},Commune,2026-03-24 14:42:11.118516+01,gold_establishments_2025,,,,21890163500019,2025,Collectivité Territoriale,Commune,['Yonne'],['Bourgogne-Franche-Comté'],COM,{89},{27}
6188b2cc-805c-4bcc-916b-f2b2b3138f93,210202891,Commune de La Ferté-Milon (02),false,{02307},Commune,2026-03-24 14:41:52.020251+01,gold_establishments_2025,,,,21020289100011,2025,Collectivité Territoriale,Commune,['Aisne'],['Hauts-de-France'],COM,{02},{32}
d2f9cab2-2286-4e75-95a9-d412df87a40e,214501462,Commune de La Ferté-Saint-Aubin (45),false,{45146},Commune,2026-03-24 14:42:00.862623+01,gold_establishments_2025,,,,21450146200102,2025,Collectivité Territoriale,Commune,['Loiret'],['Centre-Val de Loire'],COM,{45},{24}
ba4cd9f9-e964-46f2-8467-f54aaf044b48,214100851,Commune de La Ferté-Saint-Cyr (41),false,{41085},Commune,2026-03-24 14:42:00.273698+01,gold_establishments_2025,,,,21410085100010,2025,Collectivité Territoriale,Commune,['Loir-et-Cher'],['Centre-Val de Loire'],COM,{41},{24}
edc2f219-99ec-4da8-b016-1aa1ed2922a3,217602614,Commune de La Ferté-Saint-Samson (76),false,{76261},Commune,2026-03-24 14:42:08.818969+01,gold_establishments_2025,,,,21760261400018,2025,Collectivité Territoriale,Commune,['Seine-Maritime'],['Normandie'],COM,{76},{28}
b8abe889-7c17-4698-be3b-57e53464d765,212801492,Commune de La Ferté-Vidame (28),false,{28149},Commune,2026-03-24 14:41:57.028721+01,gold_establishments_2025,,,,21280149200019,2025,Collectivité Territoriale,Commune,['Eure-et-Loir'],['Centre-Val de Loire'],COM,{28},{24}
6f1def79-2a53-4886-84c9-854b1d70f6af,200054997,Commune de La Ferté-en-Ouche (61),false,{61167},Commune,2026-03-24 14:42:05.597325+01,gold_establishments_2025,,,,20005499700016,2025,Collectivité Territoriale,Commune,['Orne'],['Normandie'],COM,{61},{28}
a5f3333f-03a7-4920-bed4-ef8b6c16e5d1,217701838,Commune de La Ferté-sous-Jouarre (77),false,{77183},Commune,2026-03-24 14:42:09.43682+01,gold_establishments_2025,,,,21770183800013,2025,Collectivité Territoriale,Commune,['Seine-et-Marne'],['Île-de-France'],COM,{77},{11}
d52aa5fb-523d-4950-9a79-401f8cf27add,210801536,Commune de La Ferté-sur-Chiers (08),false,{08168},Commune,2026-03-24 14:41:52.562531+01,gold_establishments_2025,,,,21080153600017,2025,Collectivité Territoriale,Commune,['Ardennes'],['Grand Est'],COM,{08},{44}
47e68e88-b268-4652-83a4-7b8c6cb1562d,212401798,Commune de La Feuillade (24),false,{24179},Commune,2026-03-24 14:41:55.958138+01,gold_establishments_2025,,,,21240179800013,2025,Collectivité Territoriale,Commune,['Dordogne'],['Nouvelle-Aquitaine'],COM,{24},{75}
9d263a1b-df03-4372-9325-dc3bdba7658d,215001827,Commune de La Feuillie (50),false,{50182},Commune,2026-03-24 14:42:01.412377+01,gold_establishments_2025,,,,21500182700017,2025,Collectivité Territoriale,Commune,['Manche'],['Normandie'],COM,{50},{28}
03bd5c2e-012c-49ba-a69d-2a874ea0b592,217602630,Commune de La Feuillie (76),false,{76263},Commune,2026-03-24 14:42:08.818969+01,gold_establishments_2025,,,,21760263000014,2025,Collectivité Territoriale,Commune,['Seine-Maritime'],['Normandie'],COM,{76},{28}
b7cefd2b-975b-41f0-ade6-0aca01738777,212900542,Commune de La Feuillée (29),false,{29054},Commune,2026-03-24 14:41:57.028721+01,gold_establishments_2025,,,,21290054200011,2025,Collectivité Territoriale,Commune,['Finistère'],['Bretagne'],COM,{29},{53}
be347ac6-cd19-479b-bb23-6269fca91160,213801665,Commune de La Flachère (38),false,{38166},Commune,2026-03-24 14:41:59.160244+01,gold_establishments_2025,,,,21380166500018,2025,Collectivité Territoriale,Commune,['Isère'],['Auvergne-Rhône-Alpes'],COM,{38},{84}
72dc4667-70df-410a-a66c-e7a3dd34dae3,210202941,Commune de La Flamengrie (02),false,{02312},Commune,2026-03-24 14:41:52.020251+01,gold_establishments_2025,,,,21020294100014,2025,Collectivité Territoriale,Commune,['Aisne'],['Hauts-de-France'],COM,{02},{32}
02c012a8-8e2e-4cd1-8549-e66de9ceb9df,215902321,Commune de La Flamengrie (59),false,{59232},Commune,2026-03-24 14:42:04.280096+01,gold_establishments_2025,,,,21590232100011,2025,Collectivité Territoriale,Commune,['Nord'],['Hauts-de-France'],COM,{59},{32}
60aab80e-210c-42f1-b59b-287061172ea0,211701610,Commune de La Flotte (17),false,{17161},Commune,2026-03-24 14:41:54.903238+01,gold_establishments_2025,,,,21170161000019,2025,Collectivité Territoriale,Commune,['Charente-Maritime'],['Nouvelle-Aquitaine'],COM,{17},{75}
f6d19cb7-3e01-45ed-ad5b-2896cb366276,217201540,Commune de La Flèche (72),false,{72154},Commune,2026-03-24 14:42:08.279287+01,gold_establishments_2025,,,,21720154000010,2025,Collectivité Territoriale,Commune,['Sarthe'],['Pays de la Loire'],COM,{72},{52}
50c982e9-ce60-4986-985c-a00f376f6c07,211402722,Commune de La Folie (14),false,{14272},Commune,2026-03-24 14:41:54.362296+01,gold_establishments_2025,,,,21140272200014,2025,Collectivité Territoriale,Commune,['Calvados'],['Normandie'],COM,{14},{28}
bc57f584-9104-439e-9074-90e549455f8e,211402730,Commune de La Folletière-Abenon (14),false,{14273},Commune,2026-03-24 14:41:54.362296+01,gold_establishments_2025,,,,21140273000017,2025,Collectivité Territoriale,Commune,['Calvados'],['Normandie'],COM,{14},{28}
1beafedc-6b66-4f24-803c-cf67dc2cc529,217201359,Commune de La Fontaine-Saint-Martin (72),false,{72135},Commune,2026-03-24 14:42:08.279287+01,gold_establishments_2025,,,,21720135900015,2025,Collectivité Territoriale,Commune,['Sarthe'],['Pays de la Loire'],COM,{72},{52}
02a1334c-88f0-4aab-9c17-9d1e63621157,217602747,Commune de La Fontelaye (76),false,{76274},Commune,2026-03-24 14:42:08.818969+01,gold_establishments_2025,,,,21760274700016,2025,Collectivité Territoriale,Commune,['Seine-Maritime'],['Normandie'],COM,{76},{28}
0794cf38-564a-4379-a4c4-55d5c011c2f7,214100893,Commune de La Fontenelle (41),false,{41089},Commune,2026-03-24 14:42:00.273698+01,gold_establishments_2025,,,,21410089300012,2025,Collectivité Territoriale,Commune,['Loir-et-Cher'],['Centre-Val de Loire'],COM,{41},{24}
641426f9-e743-4d05-b301-c94eb06bc4c6,211101530,Commune de La Force (11),false,{11153},Commune,2026-03-24 14:41:53.63825+01,gold_establishments_2025,,,,21110153000015,2025,Collectivité Territoriale,Commune,['Aude'],['Occitanie'],COM,{11},{76}
370db7b8-d906-48a7-90d0-d55ec6225851,212402226,Commune de La Force (24),false,{24222},Commune,2026-03-24 14:41:55.958138+01,gold_establishments_2025,,,,21240222600014,2025,Collectivité Territoriale,Commune,['Dordogne'],['Nouvelle-Aquitaine'],COM,{24},{75}
7e52aef6-d89e-4def-a5c6-b21070aa9ea5,217401298,Commune de La Forclaz (74),false,{74129},Commune,2026-03-24 14:42:08.279287+01,gold_establishments_2025,,,,21740129800013,2025,Collectivité Territoriale,Commune,['Haute-Savoie'],['Auvergne-Rhône-Alpes'],COM,{74},{84}
4d5731fd-cdeb-48ca-aa0c-646865e7a48a,212900567,Commune de La Forest-Landerneau (29),false,{29056},Commune,2026-03-24 14:41:57.028721+01,gold_establishments_2025,,,,21290056700018,2025,Collectivité Territoriale,Commune,['Finistère'],['Bretagne'],COM,{29},{53}
7d00e129-1306-43bb-91a6-865bc06a9f89,215102393,Commune de La Forestière (51),false,{51258},Commune,2026-03-24 14:42:01.954481+01,gold_establishments_2025,,,,21510239300018,2025,Collectivité Territoriale,Commune,['Marne'],['Grand Est'],COM,{51},{44}
7cdaa3b2-f2ac-48af-8736-7c404fff9742,218801777,Commune de La Forge (88),false,{88177},Commune,2026-03-24 14:42:11.118516+01,gold_establishments_2025,,,,21880177700010,2025,Collectivité Territoriale,Commune,['Vosges'],['Grand Est'],COM,{88},{44}
dad90338-e561-495f-846a-d8decb868ba3,216301614,Commune de La Forie (63),false,{63161},Commune,2026-03-24 14:42:06.130387+01,gold_establishments_2025,,,,21630161400014,2025,Collectivité Territoriale,Commune,['Puy-de-Dôme'],['Auvergne-Rhône-Alpes'],COM,{63},{84}
7984c85b-fbb4-4411-9144-5248f1712390,213801715,Commune de La Forteresse (38),false,{38171},Commune,2026-03-24 14:41:59.160244+01,gold_establishments_2025,,,,21380171500011,2025,Collectivité Territoriale,Commune,['Isère'],['Auvergne-Rhône-Alpes'],COM,{38},{84}
c93429df-147e-4132-afbd-09c14c6a8d42,212900575,Commune de La Forêt-Fouesnant (29),false,{29057},Commune,2026-03-24 14:41:57.028721+01,gold_establishments_2025,,,,21290057500011,2025,Collectivité Territoriale,Commune,['Finistère'],['Bretagne'],COM,{29},{53}
a1e0439d-bbfa-40cf-ad5b-793b68969cc4,219102480,Commune de La Forêt-Sainte-Croix (91),false,{91248},Commune,2026-03-24 14:42:11.659493+01,gold_establishments_2025,,,,21910248000015,2025,Collectivité Territoriale,Commune,['Essonne'],['Île-de-France'],COM,{91},{11}
1b1a3f0f-568a-4321-b352-e00d01590238,211601422,Commune de La Forêt-de-Tessé (16),false,{16142},Commune,2026-03-24 14:41:54.362296+01,gold_establishments_2025,,,,21160142200010,2025,Collectivité Territoriale,Commune,['Charente'],['Nouvelle-Aquitaine'],COM,{16},{75}
f4c55f09-a38c-4dca-a450-6edd0cc74a1e,212702567,Commune de La Forêt-du-Parc (27),false,{27256},Commune,2026-03-24 14:41:57.028721+01,gold_establishments_2025,,,,21270256700018,2025,Collectivité Territoriale,Commune,['Eure'],['Normandie'],COM,{27},{28}
ea2b0f82-df17-4e9d-983c-f2ad9c0dc8b0,212308407,Commune de La Forêt-du-Temple (23),false,{23084},Commune,2026-03-24 14:41:55.958138+01,gold_establishments_2025,,,,21230840700015,2025,Collectivité Territoriale,Commune,['Creuse'],['Nouvelle-Aquitaine'],COM,{23},{75}
b7b54c54-17aa-4af7-addc-45ab31e520f5,219102472,Commune de La Forêt-le-Roi (91),false,{91247},Commune,2026-03-24 14:42:11.659493+01,gold_establishments_2025,,,,21910247200012,2025,Collectivité Territoriale,Commune,['Essonne'],['Île-de-France'],COM,{91},{11}
c3f8b5ef-9f45-4dc9-98db-63fd63ccf4a7,217901230,Commune de La Forêt-sur-Sèvre (79),false,{79123},Commune,2026-03-24 14:42:09.43682+01,gold_establishments_2025,,,,21790123000011,2025,Collectivité Territoriale,Commune,['Deux-Sèvres'],['Nouvelle-Aquitaine'],COM,{79},{75}
3421d84d-cc72-41b0-bf97-40e07eae6b67,211001508,Commune de La Fosse-Corduan (10),false,{10157},Commune,2026-03-24 14:41:53.095366+01,gold_establishments_2025,,,,21100150800012,2025,Collectivité Territoriale,Commune,['Aube'],['Grand Est'],COM,{10},{44}
44b576b1-b2e3-4cbf-8d0e-4ed5c25f2610,211201058,Commune de La Fouillade (12),false,{12105},Commune,2026-03-24 14:41:53.63825+01,gold_establishments_2025,,,,21120105800016,2025,Collectivité Territoriale,Commune,['Aveyron'],['Occitanie'],COM,{12},{76}
92b71273-7e2d-42b8-ad5b-1b9d60c7efd9,214200974,Commune de La Fouillouse (42),false,{42097},Commune,2026-03-24 14:42:00.273698+01,gold_establishments_2025,,,,21420097400019,2025,Collectivité Territoriale,Commune,['Loire'],['Auvergne-Rhône-Alpes'],COM,{42},{84}
dd5e8b21-acab-4679-b112-2f433fcfd66e,217901271,Commune de La Foye-Monjault (79),false,{79127},Commune,2026-03-24 14:42:09.43682+01,gold_establishments_2025,,,,21790127100015,2025,Collectivité Territoriale,Commune,['Deux-Sèvres'],['Nouvelle-Aquitaine'],COM,{79},{75}
95641c5b-23ae-4053-9a89-c94a4c87c73d,212801591,Commune de La Framboisière (28),false,{28159},Commune,2026-03-24 14:41:57.028721+01,gold_establishments_2025,,,,21280159100018,2025,Collectivité Territoriale,Commune,['Eure-et-Loir'],['Centre-Val de Loire'],COM,{28},{24}
28427c7f-8236-4808-8c97-2f01e3eec194,210801643,Commune de La Francheville (08),false,{08180},Commune,2026-03-24 14:41:52.562531+01,gold_establishments_2025,,,,21080164300011,2025,Collectivité Territoriale,Commune,['Ardennes'],['Grand Est'],COM,{08},{44}
a24498d6-5abe-4f02-8564-bccf68f551cd,213902398,Commune de La Frasnée (39),false,{39239},Commune,2026-03-24 14:41:59.705606+01,gold_establishments_2025,,,,21390239800014,2025,Collectivité Territoriale,Commune,['Jura'],['Bourgogne-Franche-Comté'],COM,{39},{27}
f94c6d06-ba40-41dd-a454-b4703d749d0f,210500591,Commune de La Freissinouse (05),false,{05059},Commune,2026-03-24 14:41:52.562531+01,gold_establishments_2025,,,,21050059100016,2025,Collectivité Territoriale,Commune,['Hautes-Alpes'],"[""Provence-Alpes-Côte d'Azur""]",COM,{05},{93}
e38df3b9-803d-4f8a-a71d-bfea9b919be8,216101782,Commune de La Fresnaie-Fayel (61),false,{61178},Commune,2026-03-24 14:42:05.597325+01,gold_establishments_2025,,,,21610178200011,2025,Collectivité Territoriale,Commune,['Orne'],['Normandie'],COM,{61},{28}
4172ae5c-7201-4227-b8e8-825ad3f1eb1e,213501166,Commune de La Fresnais (35),false,{35116},Commune,2026-03-24 14:41:58.620411+01,gold_establishments_2025,,,,21350116600010,2025,Collectivité Territoriale,Commune,['Ille-et-Vilaine'],['Bretagne'],COM,{35},{53}
970c0d66-8d82-4adc-aa7a-70354680a5de,213801749,Commune de La Frette (38),false,{38174},Commune,2026-03-24 14:41:59.160244+01,gold_establishments_2025,,,,21380174900010,2025,Collectivité Territoriale,Commune,['Isère'],['Auvergne-Rhône-Alpes'],COM,{38},{84}
a6b7abc9-1ce1-475e-9b92-4454e0413c8c,217102060,Commune de La Frette (71),false,{71206},Commune,2026-03-24 14:42:07.735343+01,gold_establishments_2025,,,,21710206000019,2025,Collectivité Territoriale,Commune,['Saône-et-Loire'],['Bourgogne-Franche-Comté'],COM,{71},{27}
c0c02750-b88d-44bc-abd4-b42c97fee2d7,219502572,Commune de La Frette-sur-Seine (95),false,{95257},Commune,2026-03-24 14:42:11.659493+01,gold_establishments_2025,,,,21950257200015,2025,Collectivité Territoriale,Commune,"[""Val-d'Oise""]",['Île-de-France'],COM,{95},{11}
5a425d9d-fb7d-4d83-9dd7-564efd977672,217602812,Commune de La Frénaye (76),false,{76281},Commune,2026-03-24 14:42:08.818969+01,gold_establishments_2025,,,,21760281200018,2025,Collectivité Territoriale,Commune,['Seine-Maritime'],['Normandie'],COM,{76},{28}
14895e48-821f-4fa3-9dde-4b40793d3068,210202867,Commune de La Fère (02),false,{02304},Commune,2026-03-24 14:41:52.020251+01,gold_establishments_2025,,,,21020286700011,2025,Collectivité Territoriale,Commune,['Aisne'],['Hauts-de-France'],COM,{02},{32}
0ac2707c-5737-405a-91d8-b81f250e5946,210801528,Commune de La Férée (08),false,{08167},Commune,2026-03-24 14:41:52.562531+01,gold_establishments_2025,,,,21080152800014,2025,Collectivité Territoriale,Commune,['Ardennes'],['Grand Est'],COM,{08},{44}
f16c4d17-8dee-4e2b-85cd-68b70b0a2a55,200064269,Commune de La Gacilly (56),false,{56061},Commune,2026-03-24 14:42:03.701372+01,gold_establishments_2025,,,,20006426900018,2025,Collectivité Territoriale,Commune,['Morbihan'],['Bretagne'],COM,{56},{53}
1342ccc3-6651-4106-83b2-943611e2c654,217602945,Commune de La Gaillarde (76),false,{76294},Commune,2026-03-24 14:42:08.818969+01,gold_establishments_2025,,,,21760294500016,2025,Collectivité Territoriale,Commune,['Seine-Maritime'],['Normandie'],COM,{76},{28}
3900f64e-c6ac-44ab-92e1-3de9443b56ac,210400925,Commune de La Garde (04),false,{04092},Commune,2026-03-24 14:41:52.020251+01,gold_establishments_2025,,,,21040092500017,2025,Collectivité Territoriale,Commune,['Alpes-de-Haute-Provence'],"[""Provence-Alpes-Côte d'Azur""]",COM,{04},{93}
13d330c2-d974-4084-8270-06643ee57918,213801772,Commune de La Garde (38),false,{38177},Commune,2026-03-24 14:41:59.160244+01,gold_establishments_2025,,,,21380177200012,2025,Collectivité Territoriale,Commune,['Isère'],['Auvergne-Rhône-Alpes'],COM,{38},{84}
d97c757a-0c7d-49a3-9176-6710c2af74a8,218300622,Commune de La Garde (83),false,{83062},Commune,2026-03-24 14:42:10.508772+01,gold_establishments_2025,,,,21830062200014,2025,Collectivité Territoriale,Commune,['Var'],"[""Provence-Alpes-Côte d'Azur""]",COM,{83},{93}
ee9be01d-c6b4-4534-8622-488cb65aa482,212601389,Commune de La Garde-Adhémar (26),false,{26138},Commune,2026-03-24 14:41:56.495197+01,gold_establishments_2025,,,,21260138900019,2025,Collectivité Territoriale,Commune,['Drôme'],['Auvergne-Rhône-Alpes'],COM,{26},{84}
5f0ba3a6-6a37-4174-96f9-c7518384fd8c,218300630,Commune de La Garde-Freinet (83),false,{83063},Commune,2026-03-24 14:42:10.508772+01,gold_establishments_2025,,,,21830063000017,2025,Collectivité Territoriale,Commune,['Var'],"[""Provence-Alpes-Côte d'Azur""]",COM,{83},{93}
8c9c7456-079e-4871-8b35-c37d6a8baffd,219200359,Commune de La Garenne-Colombes (92),false,{92035},Commune,2026-03-24 14:42:11.659493+01,gold_establishments_2025,,,,21920035900012,2025,Collectivité Territoriale,Commune,['Hauts-de-Seine'],['Île-de-France'],COM,{92},{11}
3ba5f7ba-4f83-4bf1-bccb-50e337cfeba8,218500965,Commune de La Garnache (85),false,{85096},Commune,2026-03-24 14:42:10.508772+01,gold_establishments_2025,,,,21850096500015,2025,Collectivité Territoriale,Commune,['Vendée'],['Pays de la Loire'],COM,{85},{52}
6d9a4a42-5f8d-4089-a9da-45144f085463,218500973,Commune de La Gaubretière (85),false,{85097},Commune,2026-03-24 14:42:10.508772+01,gold_establishments_2025,,,,21850097300019,2025,Collectivité Territoriale,Commune,['Vendée'],['Pays de la Loire'],COM,{85},{52}
1332b069-afe2-487f-9143-6ac53e96c504,212801757,Commune de La Gaudaine (28),false,{28175},Commune,2026-03-24 14:41:57.028721+01,gold_establishments_2025,,,,21280175700015,2025,Collectivité Territoriale,Commune,['Eure-et-Loir'],['Centre-Val de Loire'],COM,{28},{24}
9eec7b10-ddae-47a4-bbde-1c511355d464,210600656,Commune de La Gaude (06),false,{06065},Commune,2026-03-24 14:41:52.562531+01,gold_establishments_2025,,,,21060065600016,2025,Collectivité Territoriale,Commune,['Alpes-Maritimes'],"[""Provence-Alpes-Côte d'Azur""]",COM,{06},{93}
7bf8e53d-4b73-46e1-b22a-513f06999e90,216101881,Commune de La Genevraie (nan),false,{61188},Commune,2026-03-24 14:42:05.597325+01,gold_establishments_2025,,,,21610188100011,2025,Collectivité Territoriale,Commune,[''],[''],COM,,
1d0813ee-fe5d-48b6-8295-a98e8f90a0a8,217702026,Commune de La Genevraye (77),false,{77202},Commune,2026-03-24 14:42:09.43682+01,gold_establishments_2025,,,,21770202600014,2025,Collectivité Territoriale,Commune,['Seine-et-Marne'],['Île-de-France'],COM,{77},{11}
61dd270c-cb8c-4535-a340-d133500659d2,215201542,Commune de La Genevroye (52),false,{52214},Commune,2026-03-24 14:42:01.954481+01,gold_establishments_2025,,,,21520154200010,2025,Collectivité Territoriale,Commune,['Haute-Marne'],['Grand Est'],COM,{52},{44}
9cc95654-bc92-42ec-88d9-8be0a6a08a4a,218707008,Commune de La Geneytouse (87),false,{87070},Commune,2026-03-24 14:42:11.118516+01,gold_establishments_2025,,,,21870700800015,2025,Collectivité Territoriale,Commune,['Haute-Vienne'],['Nouvelle-Aquitaine'],COM,{87},{75}
7470547f-1073-48bf-a9d9-2a2210917304,211701735,Commune de La Genétouze (17),false,{17173},Commune,2026-03-24 14:41:54.903238+01,gold_establishments_2025,,,,21170173500014,2025,Collectivité Territoriale,Commune,['Charente-Maritime'],['Nouvelle-Aquitaine'],COM,{17},{75}
1af8e201-7044-4ac7-a987-fc851eb38ef2,218500981,Commune de La Genétouze (85),false,{85098},Commune,2026-03-24 14:42:10.508772+01,gold_establishments_2025,,,,21850098100012,2025,Collectivité Territoriale,Commune,['Vendée'],['Pays de la Loire'],COM,{85},{52}
1801d182-42ab-4e5c-92a8-72a66877753f,217102136,Commune de La Genête (71),false,{71213},Commune,2026-03-24 14:42:07.735343+01,gold_establishments_2025,,,,21710213600017,2025,Collectivité Territoriale,Commune,['Saône-et-Loire'],['Bourgogne-Franche-Comté'],COM,{71},{27}
b712a74a-429e-4a2b-a76a-deac58429e66,217301233,Commune de La Giettaz (73),false,{73123},Commune,2026-03-24 14:42:08.279287+01,gold_establishments_2025,,,,21730123300011,2025,Collectivité Territoriale,Commune,['Savoie'],['Auvergne-Rhône-Alpes'],COM,{73},{84}
4139bbc0-8cdd-4e35-b826-c13b57937c10,214201006,Commune de La Gimond (42),false,{42100},Commune,2026-03-24 14:42:00.273698+01,gold_establishments_2025,,,,21420100600019,2025,Collectivité Territoriale,Commune,['Loire'],['Auvergne-Rhône-Alpes'],COM,{42},{84}
d145f338-d6dc-47e3-bde5-d4c924e942ed,215002056,Commune de La Godefroy (50),false,{50205},Commune,2026-03-24 14:42:01.412377+01,gold_establishments_2025,,,,21500205600012,2025,Collectivité Territoriale,Commune,['Manche'],['Normandie'],COM,{50},{28}
e216915c-c4a6-4e00-b161-e0a993e3f24b,216301697,Commune de La Godivelle (63),false,{63169},Commune,2026-03-24 14:42:06.130387+01,gold_establishments_2025,,,,21630169700019,2025,Collectivité Territoriale,Commune,['Puy-de-Dôme'],['Auvergne-Rhône-Alpes'],COM,{63},{84}
e6e82bd3-608e-4f72-9b53-0a9f1fdf5304,216101931,Commune de La Gonfrière (61),false,{61193},Commune,2026-03-24 14:42:05.597325+01,gold_establishments_2025,,,,21610193100014,2025,Collectivité Territoriale,Commune,['Orne'],['Normandie'],COM,{61},{28}
e442565c-7adb-45d7-b11f-ebea83388c60,215902685,Commune de La Gorgue (59),false,{59268},Commune,2026-03-24 14:42:04.280096+01,gold_establishments_2025,,,,21590268500019,2025,Collectivité Territoriale,Commune,['Nord'],['Hauts-de-France'],COM,{59},{32}
1c62cf2a-0e9a-44af-9d3e-741c4af045b3,213501224,Commune de La Gouesnière (35),false,{35122},Commune,2026-03-24 14:41:58.620411+01,gold_establishments_2025,,,,21350122400017,2025,Collectivité Territoriale,Commune,['Ille-et-Vilaine'],['Bretagne'],COM,{35},{53}
581cdf21-fd66-4df0-ac9f-7edf1a12cdcc,212702898,Commune de La Goulafrière (27),false,{27289},Commune,2026-03-24 14:41:57.028721+01,gold_establishments_2025,,,,21270289800017,2025,Collectivité Territoriale,Commune,['Eure'],['Normandie'],COM,{27},{28}
c8168d20-8a65-40d2-b815-a99a380eb9c6,216301705,Commune de La Goutelle (63),false,{63170},Commune,2026-03-24 14:42:06.130387+01,gold_establishments_2025,,,,21630170500010,2025,Collectivité Territoriale,Commune,['Puy-de-Dôme'],['Auvergne-Rhône-Alpes'],COM,{63},{84}
41a1b5da-b134-47c3-8090-232681e02ec6,213001324,Commune de La Grand-Combe (30),false,{30132},Commune,2026-03-24 14:41:57.56054+01,gold_establishments_2025,,,,21300132400010,2025,Collectivité Territoriale,Commune,['Gard'],['Occitanie'],COM,{30},{76}
24710b7c-89d5-4713-8b80-ad6bc231df51,214201030,Commune de La Grand-Croix (42),false,{42103},Commune,2026-03-24 14:42:00.273698+01,gold_establishments_2025,,,,21420103000019,2025,Collectivité Territoriale,Commune,['Loire'],['Auvergne-Rhône-Alpes'],COM,{42},{84}
fa73a0e4-e4a0-4aa3-92ff-e50351576b4d,218802130,Commune de La Grande-Fosse (88),false,{88213},Commune,2026-03-24 14:42:11.118516+01,gold_establishments_2025,,,,21880213000011,2025,Collectivité Territoriale,Commune,['Vosges'],['Grand Est'],COM,{88},{44}
af059688-b205-4157-8c41-1c1fb40c4e66,213403447,Commune de La Grande-Motte (34),false,{34344},Commune,2026-03-24 14:41:58.620411+01,gold_establishments_2025,,,,21340344700013,2025,Collectivité Territoriale,Commune,['Hérault'],['Occitanie'],COM,{34},{76}
64a69dfa-acb4-4d2d-b40f-4a5b5ad456c4,217702109,Commune de La Grande-Paroisse (77),false,{77210},Commune,2026-03-24 14:42:09.43682+01,gold_establishments_2025,,,,21770210900018,2025,Collectivité Territoriale,Commune,['Seine-et-Marne'],['Île-de-France'],COM,{77},{11}
802fae4e-02c8-4503-b219-517fe4774c0d,217004431,Commune de La Grande-Résie (70),false,{70443},Commune,2026-03-24 14:42:07.735343+01,gold_establishments_2025,,,,21700443100011,2025,Collectivité Territoriale,Commune,['Haute-Saône'],['Bourgogne-Franche-Comté'],COM,{70},{27}
22709093-1491-40a7-b81c-2c9ae2c11ded,217102235,Commune de La Grande-Verrière (71),false,{71223},Commune,2026-03-24 14:42:07.735343+01,gold_establishments_2025,,,,21710223500017,2025,Collectivité Territoriale,Commune,['Saône-et-Loire'],['Bourgogne-Franche-Comté'],COM,{71},{27}
eea81daa-80f6-438d-b011-03d16380bb7b,210801825,Commune de La Grandville (08),false,{08199},Commune,2026-03-24 14:41:52.562531+01,gold_establishments_2025,,,,21080182500014,2025,Collectivité Territoriale,Commune,['Ardennes'],['Grand Est'],COM,{08},{44}
4174423e-144d-4668-8016-68fc7958607c,212502900,Commune de La Grange (25),false,{25290},Commune,2026-03-24 14:41:56.495197+01,gold_establishments_2025,,,,21250290000013,2025,Collectivité Territoriale,Commune,['Doubs'],['Bourgogne-Franche-Comté'],COM,{25},{27}
4855e962-04fa-47a7-ace0-4301152ef37f,210500633,Commune de La Grave (05),false,{05063},Commune,2026-03-24 14:41:52.562531+01,gold_establishments_2025,,,,21050063300016,2025,Collectivité Territoriale,Commune,['Hautes-Alpes'],"[""Provence-Alpes-Côte d'Azur""]",COM,{05},{93}
a8015acd-11ac-44c0-9310-308d906a5663,215301086,Commune de La Gravelle (53),false,{53108},Commune,2026-03-24 14:42:02.957225+01,gold_establishments_2025,,,,21530108600017,2025,Collectivité Territoriale,Commune,['Mayenne'],['Pays de la Loire'],COM,{53},{52}
117b62de-3cd3-4d88-9c1e-8212b172dbe1,214201048,Commune de La Gresle (42),false,{42104},Commune,2026-03-24 14:42:00.273698+01,gold_establishments_2025,,,,21420104800011,2025,Collectivité Territoriale,Commune,['Loire'],['Auvergne-Rhône-Alpes'],COM,{42},{84}
83cea61e-34f3-401a-ab2b-568af2ca3b89,214402240,Commune de La Grigonnais (44),false,{44224},Commune,2026-03-24 14:42:00.862623+01,gold_establishments_2025,,,,21440224000011,2025,Collectivité Territoriale,Commune,['Loire-Atlantique'],['Pays de la Loire'],COM,{44},{52}
a69400af-21c4-4fda-8872-346b8d59a3a5,218601086,Commune de La Grimaudière (86),false,{86108},Commune,2026-03-24 14:42:10.508772+01,gold_establishments_2025,,,,21860108600018,2025,Collectivité Territoriale,Commune,['Vienne'],['Nouvelle-Aquitaine'],COM,{86},{75}
d269a44f-4b72-4745-b3ba-a0edc1182182,211701842,Commune de La Gripperie-Saint-Symphorien (17),false,{17184},Commune,2026-03-24 14:41:54.903238+01,gold_establishments_2025,,,,21170184200018,2025,Collectivité Territoriale,Commune,['Charente-Maritime'],['Nouvelle-Aquitaine'],COM,{17},{75}
61e54580-ccc1-40a7-95de-62860b158ee7,215902743,Commune de La Groise (59),false,{59274},Commune,2026-03-24 14:42:04.280096+01,gold_establishments_2025,,,,21590274300016,2025,Collectivité Territoriale,Commune,['Nord'],['Hauts-de-France'],COM,{59},{32}
c5c0bf0d-6e74-4050-9e50-cdc4ff6d68e3,211801071,Commune de La Groutte (18),false,{18107},Commune,2026-03-24 14:41:54.903238+01,gold_establishments_2025,,,,21180107100013,2025,Collectivité Territoriale,Commune,['Cher'],['Centre-Val de Loire'],COM,{18},{24}
52b804ae-b0f0-47e5-a5b4-b32430a6b64b,211701826,Commune de La Grève-sur-Mignon (17),false,{17182},Commune,2026-03-24 14:41:54.903238+01,gold_establishments_2025,,,,21170182600011,2025,Collectivité Territoriale,Commune,['Charente-Maritime'],['Nouvelle-Aquitaine'],COM,{17},{75}
80186c29-f55c-4446-af0a-1516e8876391,215600685,Commune de La Grée-Saint-Laurent (56),false,{56068},Commune,2026-03-24 14:42:03.701372+01,gold_establishments_2025,,,,21560068500014,2025,Collectivité Territoriale,Commune,['Morbihan'],['Bretagne'],COM,{56},{53}
5fba2a91-a56f-4ffd-b47e-938a9909ce5e,213701147,Commune de La Guerche (37),false,{37114},Commune,2026-03-24 14:41:59.160244+01,gold_establishments_2025,,,,21370114700018,2025,Collectivité Territoriale,Commune,['Indre-et-Loire'],['Centre-Val de Loire'],COM,{37},{24}
a18285e7-6bd1-43bd-b76e-c1a8c1687ff4,213501257,Commune de La Guerche-de-Bretagne (35),false,{35125},Commune,2026-03-24 14:41:58.620411+01,gold_establishments_2025,,,,21350125700017,2025,Collectivité Territoriale,Commune,['Ille-et-Vilaine'],['Bretagne'],COM,{35},{53}
a13e0e57-4960-4481-8d1f-4d753e95955a,211801089,Commune de La Guerche-sur-l'Aubois (18),false,{18108},Commune,2026-03-24 14:41:54.903238+01,gold_establishments_2025,,,,21180108900015,2025,Collectivité Territoriale,Commune,['Cher'],['Centre-Val de Loire'],COM,{18},{24}
1c74f8eb-1d8c-4a53-83f7-0dae633678f1,217102318,Commune de La Guiche (71),false,{71231},Commune,2026-03-24 14:42:07.735343+01,gold_establishments_2025,,,,21710231800011,2025,Collectivité Territoriale,Commune,['Saône-et-Loire'],['Bourgogne-Franche-Comté'],COM,{71},{27}
28701288-72ad-495d-89d6-d4ba3d2c8c41,217201474,Commune de La Guierche (72),false,{72147},Commune,2026-03-24 14:42:08.279287+01,gold_establishments_2025,,,,21720147400053,2025,Collectivité Territoriale,Commune,['Sarthe'],['Pays de la Loire'],COM,{72},{52}
9c467844-8090-4193-a186-47754a2b9e21,210301255,Commune de La Guillermie (03),false,{03125},Commune,2026-03-24 14:41:52.020251+01,gold_establishments_2025,,,,21030125500019,2025,Collectivité Territoriale,Commune,['Allier'],['Auvergne-Rhône-Alpes'],COM,{03},{84}
3373412a-8d57-4119-99f7-164de360a87f,218501062,Commune de La Guérinière (85),false,{85106},Commune,2026-03-24 14:42:10.508772+01,gold_establishments_2025,,,,21850106200010,2025,Collectivité Territoriale,Commune,['Vendée'],['Pays de la Loire'],COM,{85},{52}
1ee4ef6b-c77c-45bd-9891-5b27986abab8,200065415,Commune de La Hague (50),false,{50041},Commune,2026-03-24 14:42:01.412377+01,gold_establishments_2025,,,,20006541500016,2025,Collectivité Territoriale,Commune,['Manche'],['Normandie'],COM,{50},{28}
83a7a693-734d-490c-b939-baa9d80dc182,214400707,Commune de La Haie-Fouassière (44),false,{44070},Commune,2026-03-24 14:42:00.273698+01,gold_establishments_2025,,,,21440070700011,2025,Collectivité Territoriale,Commune,['Loire-Atlantique'],['Pays de la Loire'],COM,{44},{52}
158fb67f-4762-43f7-835e-2c4a0928c9be,215301110,Commune de La Haie-Traversaine (53),false,{53111},Commune,2026-03-24 14:42:02.957225+01,gold_establishments_2025,,,,21530111000015,2025,Collectivité Territoriale,Commune,['Mayenne'],['Pays de la Loire'],COM,{53},{52}
93ddee2e-5c8d-4e62-8a79-099d6cb0a195,217603380,Commune de La Hallotière (76),false,{76338},Commune,2026-03-24 14:42:08.818969+01,gold_establishments_2025,,,,21760338000015,2025,Collectivité Territoriale,Commune,['Seine-Maritime'],['Normandie'],COM,{76},{28}
93fc1f03-be99-4693-bd8f-3defc069316b,212703136,Commune de La Harengère (27),false,{27313},Commune,2026-03-24 14:41:57.028721+01,gold_establishments_2025,,,,21270313600011,2025,Collectivité Territoriale,Commune,['Eure'],['Normandie'],COM,{27},{28}
6686297e-7ccd-4661-b1c2-dd40835f74d7,212200737,Commune de La Harmoye (22),false,{22073},Commune,2026-03-24 14:41:55.433389+01,gold_establishments_2025,,,,21220073700014,2025,Collectivité Territoriale,Commune,"[""Côtes-d'Armor""]",['Bretagne'],COM,{22},{53}
873e750a-00fc-4e8c-bcdf-d914ed3757d2,210500666,Commune de La Haute-Beaume (05),false,{05066},Commune,2026-03-24 14:41:52.562531+01,gold_establishments_2025,,,,21050066600016,2025,Collectivité Territoriale,Commune,['Hautes-Alpes'],"[""Provence-Alpes-Côte d'Azur""]",COM,{05},{93}
05f2df4d-2934-4dc8-b811-1c8ad6a8a8b7,217702257,Commune de La Haute-Maison (77),false,{77225},Commune,2026-03-24 14:42:09.43682+01,gold_establishments_2025,,,,21770225700015,2025,Collectivité Territoriale,Commune,['Seine-et-Marne'],['Île-de-France'],COM,{77},{11}
b72e7d7e-a619-4550-a00d-0fafedc49156,217803022,Commune de La Hauteville (78),false,{78302},Commune,2026-03-24 14:42:09.43682+01,gold_establishments_2025,,,,21780302200011,2025,Collectivité Territoriale,Commune,['Yvelines'],['Île-de-France'],COM,{78},{11}
ba42e0de-0272-4d17-ad30-35531e6ae35d,200055986,Commune de La Haye (50),false,{50236},Commune,2026-03-24 14:42:01.412377+01,gold_establishments_2025,,,,20005598600018,2025,Collectivité Territoriale,Commune,['Manche'],['Normandie'],COM,{50},{28}
2f78880e-6c4e-48a7-85ee-72d343d14bb8,217603521,Commune de La Haye (76),false,{76352},Commune,2026-03-24 14:42:08.818969+01,gold_establishments_2025,,,,21760352100014,2025,Collectivité Territoriale,Commune,['Seine-Maritime'],['Normandie'],COM,{76},{28}
3ba5a467-b970-49e0-b87f-0de6edb55523,218802361,Commune de La Haye (88),false,{88236},Commune,2026-03-24 14:42:11.118516+01,gold_establishments_2025,,,,21880236100012,2025,Collectivité Territoriale,Commune,['Vosges'],['Grand Est'],COM,{88},{44}
6221517c-58df-4c83-921f-98a052959e4b,212703177,Commune de La Haye-Aubrée (27),false,{27317},Commune,2026-03-24 14:41:57.028721+01,gold_establishments_2025,,,,21270317700015,2025,Collectivité Territoriale,Commune,['Eure'],['Normandie'],COM,{27},{28}
fc447eff-a01b-4df4-bec9-fa8f6033f2a9,215002346,Commune de La Haye-Bellefond (50),false,{50234},Commune,2026-03-24 14:42:01.412377+01,gold_establishments_2025,,,,21500234600017,2025,Collectivité Territoriale,Commune,['Manche'],['Normandie'],COM,{50},{28}
4e8d66cf-90fe-40a8-93b7-ae8de2a3880e,212703227,Commune de La Haye-Malherbe (27),false,{27322},Commune,2026-03-24 14:41:57.028721+01,gold_establishments_2025,,,,21270322700018,2025,Collectivité Territoriale,Commune,['Eure'],['Normandie'],COM,{27},{28}
6fefd764-a132-4d03-a277-55b7e265b82d,215002379,Commune de La Haye-Pesnel (50),false,{50237},Commune,2026-03-24 14:42:01.412377+01,gold_establishments_2025,,,,21500237900018,2025,Collectivité Territoriale,Commune,['Manche'],['Normandie'],COM,{50},{28}
5e822744-41f6-4c6d-b15e-a1553a56ebb2,212703235,Commune de La Haye-Saint-Sylvestre (27),false,{27323},Commune,2026-03-24 14:41:57.028721+01,gold_establishments_2025,,,,21270323500011,2025,Collectivité Territoriale,Commune,['Eure'],['Normandie'],COM,{27},{28}
dbfc3d18-58b6-4709-bfe4-b74c601d379f,215002353,Commune de La Haye-d'Ectot (50),false,{50235},Commune,2026-03-24 14:42:01.412377+01,gold_establishments_2025,,,,21500235300013,2025,Collectivité Territoriale,Commune,['Manche'],['Normandie'],COM,{50},{28}
0abe5d42-a25e-4537-8381-2a989bb8c42c,212703185,Commune de La Haye-de-Calleville (27),false,{27318},Commune,2026-03-24 14:41:57.028721+01,gold_establishments_2025,,,,21270318500018,2025,Collectivité Territoriale,Commune,['Eure'],['Normandie'],COM,{27},{28}
5f6cb82c-a4f2-4f22-a9d2-b5376b9f10f7,212703193,Commune de La Haye-de-Routot (27),false,{27319},Commune,2026-03-24 14:41:57.028721+01,gold_establishments_2025,,,,21270319300012,2025,Collectivité Territoriale,Commune,['Eure'],['Normandie'],COM,{27},{28}
490fe487-309a-4152-aa9d-dbed2794e49e,212703201,Commune de La Haye-du-Theil (27),false,{27320},Commune,2026-03-24 14:41:57.028721+01,gold_establishments_2025,,,,21270320100013,2025,Collectivité Territoriale,Commune,['Eure'],['Normandie'],COM,{27},{28}
715f28e7-3e2a-450b-991b-6202dd432f65,212703219,Commune de La Haye-le-Comte (27),false,{27321},Commune,2026-03-24 14:41:57.028721+01,gold_establishments_2025,,,,21270321900015,2025,Collectivité Territoriale,Commune,['Eure'],['Normandie'],COM,{27},{28}
84e73d8e-7c05-4167-86da-1ec0accb0c57,216204347,Commune de La Herlière (62),false,{62434},Commune,2026-03-24 14:42:05.597325+01,gold_establishments_2025,,,,21620434700019,2025,Collectivité Territoriale,Commune,['Pas-de-Calais'],['Hauts-de-France'],COM,{62},{32}
eab6489f-4c76-4f61-bdb4-e7f6a66c763b,212703367,Commune de La Heunière (27),false,{27336},Commune,2026-03-24 14:41:57.028721+01,gold_establishments_2025,,,,21270336700012,2025,Collectivité Territoriale,Commune,['Eure'],['Normandie'],COM,{27},{28}
1a31a04d-c6db-4cb9-9804-0b8e31190c1d,211403324,Commune de La Hoguette (14),false,{14332},Commune,2026-03-24 14:41:54.362296+01,gold_establishments_2025,,,,21140332400018,2025,Collectivité Territoriale,Commune,['Calvados'],['Normandie'],COM,{14},{28}
85a5f4b3-61a3-4364-8cc6-317426e482af,210802088,Commune de La Horgne (08),false,{08228},Commune,2026-03-24 14:41:52.562531+01,gold_establishments_2025,,,,21080208800018,2025,Collectivité Territoriale,Commune,['Ardennes'],['Grand Est'],COM,{08},{44}
fd2d845e-dcdc-461a-a7ea-3640925300b4,211403373,Commune de La Houblonnière (14),false,{14337},Commune,2026-03-24 14:41:54.362296+01,gold_establishments_2025,,,,21140337300015,2025,Collectivité Territoriale,Commune,['Calvados'],['Normandie'],COM,{14},{28}
67e96ab8-061d-478a-b92c-afb884681db9,212703458,Commune de La Houssaye (27),false,{27345},Commune,2026-03-24 14:41:57.028721+01,gold_establishments_2025,,,,21270345800019,2025,Collectivité Territoriale,Commune,['Eure'],['Normandie'],COM,{27},{28}
c1bb9c1b-c9a6-4552-b8aa-6710abc7ebe1,217603695,Commune de La Houssaye-Béranger (76),false,{76369},Commune,2026-03-24 14:42:08.818969+01,gold_establishments_2025,,,,21760369500057,2025,Collectivité Territoriale,Commune,['Seine-Maritime'],['Normandie'],COM,{76},{28}
9408cd18-5cac-4c97-bfb8-13176e2febae,217702299,Commune de La Houssaye-en-Brie (77),false,{77229},Commune,2026-03-24 14:42:09.43682+01,gold_establishments_2025,,,,21770229900017,2025,Collectivité Territoriale,Commune,['Seine-et-Marne'],['Île-de-France'],COM,{77},{11}
26721f9f-141b-4d49-b869-e64582fe140e,218802445,Commune de La Houssière (88),false,{88244},Commune,2026-03-24 14:42:11.118516+01,gold_establishments_2025,,,,21880244500013,2025,Collectivité Territoriale,Commune,['Vosges'],['Grand Est'],COM,{88},{44}
f136c6c7-eae9-4278-8b2a-d2e3f4b2fe4c,216003160,Commune de La Houssoye (60),false,{60319},Commune,2026-03-24 14:42:04.814328+01,gold_establishments_2025,,,,21600316000019,2025,Collectivité Territoriale,Commune,['Oise'],['Hauts-de-France'],COM,{60},{32}
ffef3f22-22ab-495b-87d5-5c14a62235f6,216003087,Commune de La Hérelle (60),false,{60311},Commune,2026-03-24 14:42:04.814328+01,gold_establishments_2025,,,,21600308700014,2025,Collectivité Territoriale,Commune,['Oise'],['Hauts-de-France'],COM,{60},{32}
c30b150c-4612-489d-ab1e-98b741c4dac4,210203584,Commune de La Hérie (02),false,{02378},Commune,2026-03-24 14:41:52.020251+01,gold_establishments_2025,,,,21020358400011,2025,Collectivité Territoriale,Commune,['Aisne'],['Hauts-de-France'],COM,{02},{32}
5eb4290f-c16e-4993-8599-933ff2e2460a,214901613,Commune de La Jaille-Yvon (49),false,{49161},Commune,2026-03-24 14:42:01.412377+01,gold_establishments_2025,,,,21490161300015,2025,Collectivité Territoriale,Commune,['Maine-et-Loire'],['Pays de la Loire'],COM,{49},{52}
0e006d51-c572-406d-82fe-8a92eb66016c,211701917,Commune de La Jard (17),false,{17191},Commune,2026-03-24 14:41:54.903238+01,gold_establishments_2025,,,,21170191700018,2025,Collectivité Territoriale,Commune,['Charente-Maritime'],['Nouvelle-Aquitaine'],COM,{17},{75}
d55b45fa-0f45-4362-91e6-e4ad280eed7f,211701933,Commune de La Jarne (17),false,{17193},Commune,2026-03-24 14:41:54.903238+01,gold_establishments_2025,,,,21170193300015,2025,Collectivité Territoriale,Commune,['Charente-Maritime'],['Nouvelle-Aquitaine'],COM,{17},{75}
029780dc-e6fe-402b-b372-c5e589348c46,211701941,Commune de La Jarrie (17),false,{17194},Commune,2026-03-24 14:41:54.903238+01,gold_establishments_2025,,,,21170194100018,2025,Collectivité Territoriale,Commune,['Charente-Maritime'],['Nouvelle-Aquitaine'],COM,{17},{75}
d1bf41a8-ab61-4c74-9972-b9a5fe851025,211701958,Commune de La Jarrie-Audouin (17),false,{17195},Commune,2026-03-24 14:41:54.903238+01,gold_establishments_2025,,,,21170195800012,2025,Collectivité Territoriale,Commune,['Charente-Maritime'],['Nouvelle-Aquitaine'],COM,{17},{75}
054d6145-4abd-4076-a082-3d60d2f1c244,218501153,Commune de La Jaudonnière (85),false,{85115},Commune,2026-03-24 14:42:10.508772+01,gold_establishments_2025,,,,21850115300017,2025,Collectivité Territoriale,Commune,['Vendée'],['Pays de la Loire'],COM,{85},{52}
207dcb86-74af-4e5b-9b6d-7861812717ba,210400974,Commune de La Javie (04),false,{04097},Commune,2026-03-24 14:41:52.020251+01,gold_establishments_2025,,,,21040097400015,2025,Collectivité Territoriale,Commune,['Alpes-de-Haute-Provence'],"[""Provence-Alpes-Côte d'Azur""]",COM,{04},{93}
8e7ecb6a-1f5a-403f-a3d4-f838ca3b0f74,200069243,Commune de La Jemaye-Ponteyraud (24),false,{24216},Commune,2026-03-24 14:41:55.958138+01,gold_establishments_2025,,,,20006924300018,2025,Collectivité Territoriale,Commune,['Dordogne'],['Nouvelle-Aquitaine'],COM,{24},{75}
b1f3c45d-3df5-4a1c-8dcd-47eb4c20cd15,218501161,Commune de La Jonchère (85),false,{85116},Commune,2026-03-24 14:42:10.508772+01,gold_establishments_2025,,,,21850116100010,2025,Collectivité Territoriale,Commune,['Vendée'],['Pays de la Loire'],COM,{85},{52}
f0a14c63-1d23-482b-9333-4733c6227af4,218707909,Commune de La Jonchère-Saint-Maurice (87),false,{87079},Commune,2026-03-24 14:42:11.118516+01,gold_establishments_2025,,,,21870790900014,2025,Collectivité Territoriale,Commune,['Haute-Vienne'],['Nouvelle-Aquitaine'],COM,{87},{75}
2b1d24e5-380d-447c-89ea-0979ebac428f,211702014,Commune de La Laigne (17),false,{17201},Commune,2026-03-24 14:41:54.903238+01,gold_establishments_2025,,,,21170201400047,2025,Collectivité Territoriale,Commune,['Charente-Maritime'],['Nouvelle-Aquitaine'],COM,{17},{75}
72940e63-4086-4afd-97ab-b11c4805d980,214901712,Commune de La Lande-Chasles (49),false,{49171},Commune,2026-03-24 14:42:01.412377+01,gold_establishments_2025,,,,21490171200015,2025,Collectivité Territoriale,Commune,['Maine-et-Loire'],['Pays de la Loire'],COM,{49},{52}
5dbd17d8-5f46-46c2-9181-b4b6d5dd82dd,216102186,Commune de La Lande-Patry (61),false,{61218},Commune,2026-03-24 14:42:05.597325+01,gold_establishments_2025,,,,21610218600014,2025,Collectivité Territoriale,Commune,['Orne'],['Normandie'],COM,{61},{28}
7eb5a8ff-948a-44ef-b836-1e55a4b18fb3,212703615,Commune de La Lande-Saint-Léger (27),false,{27361},Commune,2026-03-24 14:41:57.028721+01,gold_establishments_2025,,,,21270361500014,2025,Collectivité Territoriale,Commune,['Eure'],['Normandie'],COM,{27},{28}
7937efaa-aa30-40b2-952a-3f017a8efcef,216102194,Commune de La Lande-Saint-Siméon (61),false,{61219},Commune,2026-03-24 14:42:05.597325+01,gold_establishments_2025,,,,21610219400018,2025,Collectivité Territoriale,Commune,['Orne'],['Normandie'],COM,{61},{28}
f792d8b1-cf83-4e43-b8ee-24e9f58796c1,215002627,Commune de La Lande-d'Airou (50),false,{50262},Commune,2026-03-24 14:42:01.412377+01,gold_establishments_2025,,,,21500262700010,2025,Collectivité Territoriale,Commune,['Manche'],['Normandie'],COM,{50},{28}
de784ded-345b-41f1-8588-9453e46c07c6,213302193,Commune de La Lande-de-Fronsac (33),false,{33219},Commune,2026-03-24 14:41:58.620411+01,gold_establishments_2025,,,,21330219300015,2025,Collectivité Territoriale,Commune,['Gironde'],['Nouvelle-Aquitaine'],COM,{33},{75}
6d453ba4-a106-464c-8c2b-d6b4ff8c1303,216102160,Commune de La Lande-de-Goult (61),false,{61216},Commune,2026-03-24 14:42:05.597325+01,gold_establishments_2025,,,,21610216000019,2025,Collectivité Territoriale,Commune,['Orne'],['Normandie'],COM,{61},{28}
5898b8e0-3f90-452e-bd3f-c1eb970b8ef5,216102178,Commune de La Lande-de-Lougé (61),false,{61217},Commune,2026-03-24 14:42:05.597325+01,gold_establishments_2025,,,,21610217800011,2025,Collectivité Territoriale,Commune,['Orne'],['Normandie'],COM,{61},{28}
f0d5fc74-f5af-4a6d-914d-4e590ccd4d4e,212200976,Commune de La Landec (22),false,{22097},Commune,2026-03-24 14:41:55.433389+01,gold_establishments_2025,,,,21220097600018,2025,Collectivité Territoriale,Commune,"[""Côtes-d'Armor""]",['Bretagne'],COM,{22},{53}
1fb14da6-81ca-4052-b2ff-fbdbac355942,217002955,Commune de La Lanterne-et-les-Armonts (70),false,{70295},Commune,2026-03-24 14:42:07.735343+01,gold_establishments_2025,,,,21700295500011,2025,Collectivité Territoriale,Commune,['Haute-Saône'],['Bourgogne-Franche-Comté'],COM,{70},{27}
157cdfb8-66c2-498e-8c30-560ac6c33c6d,213902828,Commune de La Latette (39),false,{39282},Commune,2026-03-24 14:41:59.705606+01,gold_establishments_2025,,,,21390282800010,2025,Collectivité Territoriale,Commune,['Jura'],['Bourgogne-Franche-Comté'],COM,{39},{27}
a66450d4-156b-4419-85a3-cea99c37dcc5,212601579,Commune de La Laupie (26),false,{26157},Commune,2026-03-24 14:41:56.495197+01,gold_establishments_2025,,,,21260157900015,2025,Collectivité Territoriale,Commune,['Drôme'],['Auvergne-Rhône-Alpes'],COM,{26},{84}
46fde500-fc19-4049-be1a-ba335b075834,214400830,Commune de La Limouzinière (44),false,{44083},Commune,2026-03-24 14:42:00.273698+01,gold_establishments_2025,,,,21440083000011,2025,Collectivité Territoriale,Commune,['Loire-Atlantique'],['Pays de la Loire'],COM,{44},{52}
afe6fffa-0864-4f54-b7c3-1f4d788dc0e6,213401417,Commune de La Livinière (34),false,{34141},Commune,2026-03-24 14:41:58.620411+01,gold_establishments_2025,,,,21340141700018,2025,Collectivité Territoriale,Commune,['Hérault'],['Occitanie'],COM,{34},{76}
128fd13e-c430-4ff1-83d3-924fee9f951b,216600981,Commune de La Llagonne (66),false,{66098},Commune,2026-03-24 14:42:06.665412+01,gold_establishments_2025,,,,21660098100015,2025,Collectivité Territoriale,Commune,['Pyrénées-Orientales'],['Occitanie'],COM,{66},{76}
a52b284b-3399-4de2-8086-5cdf5307a0fb,216205211,Commune de La Loge (62),false,{62521},Commune,2026-03-24 14:42:05.597325+01,gold_establishments_2025,,,,21620521100016,2025,Collectivité Territoriale,Commune,['Pas-de-Calais'],['Hauts-de-France'],COM,{62},{32}
b6b20433-20b3-4a90-b2c9-ef373ec1279c,211001946,Commune de La Loge-Pomblin (10),false,{10201},Commune,2026-03-24 14:41:53.095366+01,gold_establishments_2025,,,,21100194600014,2025,Collectivité Territoriale,Commune,['Aube'],['Grand Est'],COM,{10},{44}
305ad6fb-c407-47d2-9ab1-1b855b05ebcd,211001938,Commune de La Loge-aux-Chèvres (10),false,{10200},Commune,2026-03-24 14:41:53.095366+01,gold_establishments_2025,,,,21100193800011,2025,Collectivité Territoriale,Commune,['Aube'],['Grand Est'],COM,{10},{44}
b9c9da83-988b-4e7b-9685-3c534be78b44,217603919,Commune de La Londe (76),false,{76391},Commune,2026-03-24 14:42:08.818969+01,gold_establishments_2025,,,,21760391900010,2025,Collectivité Territoriale,Commune,['Seine-Maritime'],['Normandie'],COM,{76},{28}
2e3c0d0c-608a-4624-a43c-53b2d49202ae,218300713,Commune de La Londe-les-Maures (83),false,{83071},Commune,2026-03-24 14:42:10.508772+01,gold_establishments_2025,,,,21830071300011,2025,Collectivité Territoriale,Commune,['Var'],"[""Provence-Alpes-Côte d'Azur""]",COM,{83},{93}
1102c452-09fa-4553-a51d-ed37084b0bd8,212503478,Commune de La Longeville (nan),false,{25347},Commune,2026-03-24 14:41:56.495197+01,gold_establishments_2025,,,,21250347800068,2025,Collectivité Territoriale,Commune,[''],[''],COM,,
238d94c5-b5e8-4c48-9b38-c221028d86ae,217003086,Commune de La Longine (70),false,{70308},Commune,2026-03-24 14:42:07.735343+01,gold_establishments_2025,,,,21700308600014,2025,Collectivité Territoriale,Commune,['Haute-Saône'],['Bourgogne-Franche-Comté'],COM,{70},{27}
86cd5588-91a3-4c49-a337-6d55e32a4151,215903576,Commune de La Longueville (59),false,{59357},Commune,2026-03-24 14:42:04.280096+01,gold_establishments_2025,,,,21590357600019,2025,Collectivité Territoriale,Commune,['Nord'],['Hauts-de-France'],COM,{59},{32}
352b6f20-1271-49fc-a993-a77f41d7a08f,211201314,Commune de La Loubière (12),false,{12131},Commune,2026-03-24 14:41:53.63825+01,gold_establishments_2025,,,,21120131400013,2025,Collectivité Territoriale,Commune,['Aveyron'],['Occitanie'],COM,{12},{76}
5fba37aa-3881-492e-a99a-718fed699f4d,212802144,Commune de La Loupe (28),false,{28214},Commune,2026-03-24 14:41:57.028721+01,gold_establishments_2025,,,,21280214400015,2025,Collectivité Territoriale,Commune,['Eure-et-Loir'],['Centre-Val de Loire'],COM,{28},{24}
45cf0d23-2f22-4bbc-93ab-a7cf19ebd46b,211002019,Commune de La Louptière-Thénard (10),false,{10208},Commune,2026-03-24 14:41:53.095366+01,gold_establishments_2025,,,,21100201900019,2025,Collectivité Territoriale,Commune,['Aube'],['Grand Est'],COM,{10},{44}
cf693a84-7c7c-45b5-a517-8f72cd7ffac0,211102082,Commune de La Louvière-Lauragais (11),false,{11208},Commune,2026-03-24 14:41:53.63825+01,gold_establishments_2025,,,,21110208200016,2025,Collectivité Territoriale,Commune,['Aude'],['Occitanie'],COM,{11},{76}
e19aa310-6047-44b3-b831-c92a0d091b75,213903057,Commune de La Loye (39),false,{39305},Commune,2026-03-24 14:41:59.705606+01,gold_establishments_2025,,,,21390305700015,2025,Collectivité Territoriale,Commune,['Jura'],['Bourgogne-Franche-Comté'],COM,{39},{27}
f6bfc7e3-c975-4b1a-a152-9c2f55abc5fd,215002817,Commune de La Lucerne-d'Outremer (50),false,{50281},Commune,2026-03-24 14:42:01.412377+01,gold_establishments_2025,,,,21500281700017,2025,Collectivité Territoriale,Commune,['Manche'],['Normandie'],COM,{50},{28}
9a9aabc6-b9d1-4435-88e6-82af0f439777,215002833,Commune de La Luzerne (50),false,{50283},Commune,2026-03-24 14:42:01.412377+01,gold_establishments_2025,,,,21500283300014,2025,Collectivité Territoriale,Commune,['Manche'],['Normandie'],COM,{50},{28}
019a05fa-ff56-4ada-acbc-7226551bd0b8,200084705,Commune de La Léchère (73),false,{73187},Commune,2026-03-24 14:42:08.279287+01,gold_establishments_2025,,,,20008470500017,2025,Collectivité Territoriale,Commune,['Savoie'],['Auvergne-Rhône-Alpes'],COM,{73},{84}
01d40e83-db5a-4198-ad09-19afb18ba67d,215801515,Commune de La Machine (58),false,{58151},Commune,2026-03-24 14:42:04.280096+01,gold_establishments_2025,,,,21580151500010,2025,Collectivité Territoriale,Commune,['Nièvre'],['Bourgogne-Franche-Comté'],COM,{58},{27}
11e85870-a7f4-4ae5-a121-b265b75ff500,216205351,Commune de La Madelaine-sous-Montreuil (62),false,{62535},Commune,2026-03-24 14:42:05.597325+01,gold_establishments_2025,,,,21620535100010,2025,Collectivité Territoriale,Commune,['Pas-de-Calais'],['Hauts-de-France'],COM,{62},{32}
15ea7abc-8ce4-4ede-a7b2-a6321db12286,215903683,Commune de La Madeleine (59),false,{59368},Commune,2026-03-24 14:42:04.280096+01,gold_establishments_2025,,,,21590368300013,2025,Collectivité Territoriale,Commune,['Nord'],['Hauts-de-France'],COM,{59},{32}
a685a1f0-29f5-4c04-a6c9-d734999ac843,216102418,Commune de La Madeleine-Bouvet (61),false,{61241},Commune,2026-03-24 14:42:05.597325+01,gold_establishments_2025,,,,21610241800011,2025,Collectivité Territoriale,Commune,['Orne'],['Normandie'],COM,{61},{28}
666ff4f5-b328-4a99-8cdb-dcfc66972493,214101214,Commune de La Madeleine-Villefrouin (41),false,{41121},Commune,2026-03-24 14:42:00.273698+01,gold_establishments_2025,,,,21410121400010,2025,Collectivité Territoriale,Commune,['Loir-et-Cher'],['Centre-Val de Loire'],COM,{41},{24}
a3425e35-0a1e-4dff-af4e-0497dc886326,212703789,Commune de La Madeleine-de-Nonancourt (27),false,{27378},Commune,2026-03-24 14:41:57.028721+01,gold_establishments_2025,,,,21270378900017,2025,Collectivité Territoriale,Commune,['Eure'],['Normandie'],COM,{27},{28}
07a342e3-8bfe-4c73-ab48-8bc917d246a1,217702679,Commune de La Madeleine-sur-Loing (77),false,{77267},Commune,2026-03-24 14:42:09.43682+01,gold_establishments_2025,,,,21770267900010,2025,Collectivité Territoriale,Commune,['Seine-et-Marne'],['Île-de-France'],COM,{77},{11}
9fbd3e86-8eab-43db-98d4-fb1e84ada784,213103112,Commune de La Magdelaine-sur-Tarn (31),false,{31311},Commune,2026-03-24 14:41:58.09424+01,gold_establishments_2025,,,,21310311200016,2025,Collectivité Territoriale,Commune,['Haute-Garonne'],['Occitanie'],COM,{31},{76}
15cc32ee-11e9-4174-b309-c8691fba6408,211601976,Commune de La Magdeleine (16),false,{16197},Commune,2026-03-24 14:41:54.362296+01,gold_establishments_2025,,,,21160197600015,2025,Collectivité Territoriale,Commune,['Charente'],['Nouvelle-Aquitaine'],COM,{16},{75}
00cd8648-c2b3-44d7-89e4-00c09af5b766,215801549,Commune de La Maison-Dieu (58),false,{58154},Commune,2026-03-24 14:42:04.280096+01,gold_establishments_2025,,,,21580154900019,2025,Collectivité Territoriale,Commune,['Nièvre'],['Bourgogne-Franche-Comté'],COM,{58},{27}
2bba62ae-adea-4673-bbf2-56f1e7dd26ae,217003268,Commune de La Malachère (70),false,{70326},Commune,2026-03-24 14:42:07.735343+01,gold_establishments_2025,,,,21700326800018,2025,Collectivité Territoriale,Commune,['Haute-Saône'],['Bourgogne-Franche-Comté'],COM,{70},{27}
d17ba889-c17a-4c6b-b62d-df2053432e39,212201404,Commune de La Malhoure (22),false,{22140},Commune,2026-03-24 14:41:55.433389+01,gold_establishments_2025,,,,21220140400010,2025,Collectivité Territoriale,Commune,"[""Côtes-d'Armor""]",['Bretagne'],COM,{22},{53}
69663c5a-ee12-468e-a2e1-6056e93a2e52,210204319,Commune de La Malmaison (02),false,{02454},Commune,2026-03-24 14:41:52.020251+01,gold_establishments_2025,,,,21020431900011,2025,Collectivité Territoriale,Commune,['Aisne'],['Hauts-de-France'],COM,{02},{32}
419f26a0-c85e-49be-97d8-fdbf7c965fbf,214800880,Commune de La Malène (48),false,{48088},Commune,2026-03-24 14:42:01.412377+01,gold_establishments_2025,,,,21480088000012,2025,Collectivité Territoriale,Commune,['Lozère'],['Occitanie'],COM,{48},{76}
247e560f-0f8b-43f1-a6e3-be5ebcd4fb6b,212802318,Commune de La Mancelière (28),false,{28231},Commune,2026-03-24 14:41:57.028721+01,gold_establishments_2025,,,,21280231800015,2025,Collectivité Territoriale,Commune,['Eure-et-Loir'],['Centre-Val de Loire'],COM,{28},{24}
c7e7c802-4621-496d-941c-518728f37607,215801556,Commune de La Marche (58),false,{58155},Commune,2026-03-24 14:42:04.280096+01,gold_establishments_2025,,,,21580155600014,2025,Collectivité Territoriale,Commune,['Nièvre'],['Bourgogne-Franche-Comté'],COM,{58},{27}
2f12e4fb-0b34-414d-805f-5aa4985384e7,214400905,Commune de La Marne (44),false,{44090},Commune,2026-03-24 14:42:00.273698+01,gold_establishments_2025,,,,21440090500011,2025,Collectivité Territoriale,Commune,['Loire-Atlantique'],['Pays de la Loire'],COM,{44},{52}
add3c56f-2843-416d-b8aa-b71b125b5536,214101271,Commune de La Marolle-en-Sologne (41),false,{41127},Commune,2026-03-24 14:42:00.273698+01,gold_establishments_2025,,,,21410127100010,2025,Collectivité Territoriale,Commune,['Loir-et-Cher'],['Centre-Val de Loire'],COM,{41},{24}
ea9bc3bc-31cc-45c3-83f6-2fa5a3a9966b,213903172,Commune de La Marre (39),false,{39317},Commune,2026-03-24 14:41:59.705606+01,gold_establishments_2025,,,,21390317200012,2025,Collectivité Territoriale,Commune,['Jura'],['Bourgogne-Franche-Comté'],COM,{39},{27}
07c27cee-a321-4230-bee9-b611f9116bf8,218300747,Commune de La Martre (83),false,{83074},Commune,2026-03-24 14:42:10.508772+01,gold_establishments_2025,,,,21830074700019,2025,Collectivité Territoriale,Commune,['Var'],"[""Provence-Alpes-Côte d'Azur""]",COM,{83},{93}
5a0b9485-d291-4d53-99bb-993db52bf4a1,212901441,Commune de La Martyre (29),false,{29144},Commune,2026-03-24 14:41:57.028721+01,gold_establishments_2025,,,,21290144100015,2025,Collectivité Territoriale,Commune,['Finistère'],['Bretagne'],COM,{29},{53}
c6ca79de-49b8-4a00-8f8d-895b1a31f69d,215704529,Commune de La Maxe (57),false,{57452},Commune,2026-03-24 14:42:03.701372+01,gold_establishments_2025,,,,21570452900019,2025,Collectivité Territoriale,Commune,['Moselle'],['Grand Est'],COM,{57},{44}
0fc066a6-a480-4373-84f6-5fe002b4862e,212312904,Commune de La Mazière-aux-Bons-Hommes (23),false,{23129},Commune,2026-03-24 14:41:55.958138+01,gold_establishments_2025,,,,21231290400015,2025,Collectivité Territoriale,Commune,['Creuse'],['Nouvelle-Aquitaine'],COM,{23},{75}
6c011820-fa80-42b3-9acb-70c69b99f43e,215002973,Commune de La Meauffe (50),false,{50297},Commune,2026-03-24 14:42:01.412377+01,gold_establishments_2025,,,,21500297300018,2025,Collectivité Territoriale,Commune,['Manche'],['Normandie'],COM,{50},{28}
9a71ac79-f9df-4a76-8c74-6cc0a18e61c0,218501401,Commune de La Meilleraie-Tillay (85),false,{85140},Commune,2026-03-24 14:42:10.508772+01,gold_establishments_2025,,,,21850140100085,2025,Collectivité Territoriale,Commune,['Vendée'],['Pays de la Loire'],COM,{85},{52}
af4d02be-fbb3-4798-bac7-f037449f0a96,214400954,Commune de La Meilleraye-de-Bretagne (44),false,{44095},Commune,2026-03-24 14:42:00.273698+01,gold_establishments_2025,,,,21440095400019,2025,Collectivité Territoriale,Commune,['Loire-Atlantique'],['Pays de la Loire'],COM,{44},{52}
c13eba7b-50ab-4a47-b073-fc6e67e43ada,213701519,Commune de La Membrolle-sur-Choisille (37),false,{37151},Commune,2026-03-24 14:41:59.160244+01,gold_establishments_2025,,,,21370151900091,2025,Collectivité Territoriale,Commune,['Indre-et-Loire'],['Centre-Val de Loire'],COM,{37},{24}
a2a69a32-4628-40c0-b926-374e3d07d4e7,218501427,Commune de La Merlatière (85),false,{85142},Commune,2026-03-24 14:42:10.508772+01,gold_establishments_2025,,,,21850142700056,2025,Collectivité Territoriale,Commune,['Vendée'],['Pays de la Loire'],COM,{85},{52}
2a246563-2904-41d4-bcd0-53ad5ac043f8,216102772,Commune de La Mesnière (61),false,{61277},Commune,2026-03-24 14:42:05.597325+01,gold_establishments_2025,,,,21610277200011,2025,Collectivité Territoriale,Commune,['Orne'],['Normandie'],COM,{61},{28}
4a1d48c6-7b16-4523-aa9e-024516e56dd9,215003278,Commune de La Meurdraquière (50),false,{50327},Commune,2026-03-24 14:42:01.412377+01,gold_establishments_2025,,,,21500327800011,2025,Collectivité Territoriale,Commune,['Manche'],['Normandie'],COM,{50},{28}
b098b72e-6d4b-47b3-8601-356b8a0d0134,218709608,Commune de La Meyze (87),false,{87096},Commune,2026-03-24 14:42:11.118516+01,gold_establishments_2025,,,,21870960800010,2025,Collectivité Territoriale,Commune,['Haute-Vienne'],['Nouvelle-Aquitaine'],COM,{87},{75}
55fa5b2d-ba40-42b1-a296-664e2dff636c,217201987,Commune de La Milesse (72),false,{72198},Commune,2026-03-24 14:42:08.279287+01,gold_establishments_2025,,,,21720198700013,2025,Collectivité Territoriale,Commune,['Sarthe'],['Pays de la Loire'],COM,{72},{52}
3f88cf33-96c7-44a5-bc10-613d527a6b17,216302315,Commune de La Monnerie-le-Montel (63),false,{63231},Commune,2026-03-24 14:42:06.130387+01,gold_establishments_2025,,,,21630231500017,2025,Collectivité Territoriale,Commune,['Puy-de-Dôme'],['Auvergne-Rhône-Alpes'],COM,{63},{84}
1cdf5d91-309b-45cc-a872-cea7add185b4,211501283,Commune de La Monselie (15),false,{15128},Commune,2026-03-24 14:41:54.362296+01,gold_establishments_2025,,,,21150128300017,2025,Collectivité Territoriale,Commune,['Cantal'],['Auvergne-Rhône-Alpes'],COM,{15},{84}
4afb1c4c-7df0-4ba3-82e4-f9762fdf25a1,214401010,Commune de La Montagne (44),false,{44101},Commune,2026-03-24 14:42:00.273698+01,gold_establishments_2025,,,,21440101000019,2025,Collectivité Territoriale,Commune,['Loire-Atlantique'],['Pays de la Loire'],COM,{44},{52}
fdfd8c2a-a56e-4970-877a-e9eaaab63961,217003524,Commune de La Montagne (70),false,{70352},Commune,2026-03-24 14:42:07.735343+01,gold_establishments_2025,,,,21700352400014,2025,Collectivité Territoriale,Commune,['Haute-Saône'],['Bourgogne-Franche-Comté'],COM,{70},{27}
e26d08b7-7641-4e27-b45d-e513c0824a35,213802648,Commune de La Morte (38),false,{38264},Commune,2026-03-24 14:41:59.160244+01,gold_establishments_2025,,,,21380264800013,2025,Collectivité Territoriale,Commune,['Isère'],['Auvergne-Rhône-Alpes'],COM,{38},{84}
d72c9f97-626c-4ab8-8acb-4246f9dc0a8c,217901842,Commune de La Mothe-Saint-Héray (79),false,{79184},Commune,2026-03-24 14:42:09.43682+01,gold_establishments_2025,,,,21790184200013,2025,Collectivité Territoriale,Commune,['Deux-Sèvres'],['Nouvelle-Aquitaine'],COM,{79},{75}
3f46fb2e-2a9f-4a24-bb14-c22578838913,212201552,Commune de La Motte (22),false,{22155},Commune,2026-03-24 14:41:55.433389+01,gold_establishments_2025,,,,21220155200016,2025,Collectivité Territoriale,Commune,"[""Côtes-d'Armor""]",['Bretagne'],COM,{22},{53}
abae6388-7098-4ef4-9470-b60713cd2ee4,218300853,Commune de La Motte (83),false,{83085},Commune,2026-03-24 14:42:10.508772+01,gold_establishments_2025,,,,21830085300015,2025,Collectivité Territoriale,Commune,['Var'],"[""Provence-Alpes-Côte d'Azur""]",COM,{83},{93}
66d23f71-a6c9-4648-a007-10abd127ce11,212602155,Commune de La Motte-Chalancon (26),false,{26215},Commune,2026-03-24 14:41:56.495197+01,gold_establishments_2025,,,,21260215500013,2025,Collectivité Territoriale,Commune,['Drôme'],['Auvergne-Rhône-Alpes'],COM,{26},{84}
84192565-625d-44cb-90e7-03cdc141d8e9,212602171,Commune de La Motte-Fanjas (26),false,{26217},Commune,2026-03-24 14:41:56.495197+01,gold_establishments_2025,,,,21260217100010,2025,Collectivité Territoriale,Commune,['Drôme'],['Auvergne-Rhône-Alpes'],COM,{26},{84}
7d6c826b-52ae-4c4d-84a6-571e6080e558,213601321,Commune de La Motte-Feuilly (36),false,{36132},Commune,2026-03-24 14:41:59.160244+01,gold_establishments_2025,,,,21360132100010,2025,Collectivité Territoriale,Commune,['Indre'],['Centre-Val de Loire'],COM,{36},{24}
5ec0682b-bd20-4a56-80ac-836852c7b63a,216102954,Commune de La Motte-Fouquet (61),false,{61295},Commune,2026-03-24 14:42:05.597325+01,gold_establishments_2025,,,,21610295400015,2025,Collectivité Territoriale,Commune,['Orne'],['Normandie'],COM,{61},{28}
2bd00c28-9e85-40aa-8a9d-dc922792c5f2,217103258,Commune de La Motte-Saint-Jean (71),false,{71325},Commune,2026-03-24 14:42:07.735343+01,gold_establishments_2025,,,,21710325800018,2025,Collectivité Territoriale,Commune,['Saône-et-Loire'],['Bourgogne-Franche-Comté'],COM,{71},{27}
50e98716-8a2a-4f6b-a6aa-c5d6d6a1c3d3,213802663,Commune de La Motte-Saint-Martin (38),false,{38266},Commune,2026-03-24 14:41:59.160244+01,gold_establishments_2025,,,,21380266300012,2025,Collectivité Territoriale,Commune,['Isère'],['Auvergne-Rhône-Alpes'],COM,{38},{84}
82049654-acab-4695-bfbe-a53dc19365a9,217301795,Commune de La Motte-Servolex (73),false,{73179},Commune,2026-03-24 14:42:08.279287+01,gold_establishments_2025,,,,21730179500019,2025,Collectivité Territoriale,Commune,['Savoie'],['Auvergne-Rhône-Alpes'],COM,{73},{84}
7fa7f17d-f9a4-4f18-b37c-e65ee539575a,212104459,Commune de La Motte-Ternant (21),false,{21445},Commune,2026-03-24 14:41:55.433389+01,gold_establishments_2025,,,,21210445900012,2025,Collectivité Territoriale,Commune,"[""Côte-d'Or""]",['Bourgogne-Franche-Comté'],COM,{21},{27}
4d14023e-9605-4214-ae82-a56fc797ab52,211002514,Commune de La Motte-Tilly (10),false,{10259},Commune,2026-03-24 14:41:53.095366+01,gold_establishments_2025,,,,21100251400019,2025,Collectivité Territoriale,Commune,['Aube'],['Grand Est'],COM,{10},{44}
3d0a666d-b0cd-4f34-8634-1d4fde934f0a,218400844,Commune de La Motte-d'Aigues (84),false,{84084},Commune,2026-03-24 14:42:10.508772+01,gold_establishments_2025,,,,21840084400013,2025,Collectivité Territoriale,Commune,['Vaucluse'],"[""Provence-Alpes-Côte d'Azur""]",COM,{84},{93}
87b443ad-2ec4-4145-8a04-89fe2a74e231,213802655,Commune de La Motte-d'Aveillans (38),false,{38265},Commune,2026-03-24 14:41:59.160244+01,gold_establishments_2025,,,,21380265500018,2025,Collectivité Territoriale,Commune,['Isère'],['Auvergne-Rhône-Alpes'],COM,{38},{84}
5da2e590-98f0-4618-a59c-684a5b9b17c9,210401345,Commune de La Motte-du-Caire (04),false,{04134},Commune,2026-03-24 14:41:52.562531+01,gold_establishments_2025,,,,21040134500017,2025,Collectivité Territoriale,Commune,['Alpes-de-Haute-Provence'],"[""Provence-Alpes-Côte d'Azur""]",COM,{04},{93}
a5f792b7-1d95-4502-b4c8-e4408b6d683b,217301787,Commune de La Motte-en-Bauges (73),false,{73178},Commune,2026-03-24 14:42:08.279287+01,gold_establishments_2025,,,,21730178700016,2025,Collectivité Territoriale,Commune,['Savoie'],['Auvergne-Rhône-Alpes'],COM,{73},{84}
6c7a21fb-f043-464f-a7bd-43c2fa54481a,210500906,Commune de La Motte-en-Champsaur (05),false,{05090},Commune,2026-03-24 14:41:52.562531+01,gold_establishments_2025,,,,21050090600016,2025,Collectivité Territoriale,Commune,['Hautes-Alpes'],"[""Provence-Alpes-Côte d'Azur""]",COM,{05},{93}
fcfcbaee-fa2a-4395-9e76-c514c3748e04,215003617,Commune de La Mouche (50),false,{50361},Commune,2026-03-24 14:42:01.412377+01,gold_establishments_2025,,,,21500361700010,2025,Collectivité Territoriale,Commune,['Manche'],['Normandie'],COM,{50},{28}
9145e187-3d6c-49a2-9c84-0faf45522f61,216901421,Commune de La Mulatière (69),false,{69142},Commune,2026-03-24 14:42:07.195692+01,gold_establishments_2025,,,,21690142100091,2025,Collectivité Territoriale,Commune,['Rhône'],['Auvergne-Rhône-Alpes'],COM,{69},{84}
ac4c16c0-cc26-487b-a79a-b383abf09132,217401934,Commune de La Muraz (74),false,{74193},Commune,2026-03-24 14:42:08.818969+01,gold_establishments_2025,,,,21740193400013,2025,Collectivité Territoriale,Commune,['Haute-Savoie'],['Auvergne-Rhône-Alpes'],COM,{74},{84}
e9154825-6cfc-4148-a593-7c79dee16b5b,213802697,Commune de La Mure (38),false,{38269},Commune,2026-03-24 14:41:59.160244+01,gold_establishments_2025,,,,21380269700010,2025,Collectivité Territoriale,Commune,['Isère'],['Auvergne-Rhône-Alpes'],COM,{38},{84}
e6b1a006-6d5a-4b82-b4fb-b483d2626552,210401360,Commune de La Mure-Argens (04),false,{04136},Commune,2026-03-24 14:41:52.562531+01,gold_establishments_2025,,,,21040136000016,2025,Collectivité Territoriale,Commune,['Alpes-de-Haute-Provence'],"[""Provence-Alpes-Côte d'Azur""]",COM,{04},{93}
9d6bd1ae-9577-4f65-b236-e4b2b3a5d916,213802705,Commune de La Murette (38),false,{38270},Commune,2026-03-24 14:41:59.160244+01,gold_establishments_2025,,,,21380270500011,2025,Collectivité Territoriale,Commune,['Isère'],['Auvergne-Rhône-Alpes'],COM,{38},{84}
0ca73c5b-df69-4f67-8a34-64942401fae9,212201446,Commune de La Méaugon (22),false,{22144},Commune,2026-03-24 14:41:55.433389+01,gold_establishments_2025,,,,21220144600011,2025,Collectivité Territoriale,Commune,"[""Côtes-d'Armor""]",['Bretagne'],COM,{22},{53}
6d9f4e31-5328-46f0-b41f-855c9349ba6f,214902017,Commune de La Ménitré (49),false,{49201},Commune,2026-03-24 14:42:01.412377+01,gold_establishments_2025,,,,21490201700018,2025,Collectivité Territoriale,Commune,['Maine-et-Loire'],['Pays de la Loire'],COM,{49},{52}
6597d3a6-0c8d-478c-8222-e2dc9b93fba2,213501778,Commune de La Mézière (35),false,{35177},Commune,2026-03-24 14:41:58.620411+01,gold_establishments_2025,,,,21350177800012,2025,Collectivité Territoriale,Commune,['Ille-et-Vilaine'],['Bretagne'],COM,{35},{53}
6d3aaec3-e3e7-407d-b2a9-dab85a3deee6,218300796,Commune de La Môle (83),false,{83079},Commune,2026-03-24 14:42:10.508772+01,gold_establishments_2025,,,,21830079600016,2025,Collectivité Territoriale,Commune,['Var'],"[""Provence-Alpes-Côte d'Azur""]",COM,{83},{93}
c7327b77-9968-484b-a9e4-e3dc5eb4d40e,212704308,Commune de La Neuve-Grange (27),false,{27430},Commune,2026-03-24 14:41:57.028721+01,gold_establishments_2025,,,,21270430800015,2025,Collectivité Territoriale,Commune,['Eure'],['Normandie'],COM,{27},{28}
babd4fc8-6f10-4048-87b8-e68814edecc0,212704316,Commune de La Neuve-Lyre (27),false,{27431},Commune,2026-03-24 14:41:57.028721+01,gold_establishments_2025,,,,21270431600018,2025,Collectivité Territoriale,Commune,['Eure'],['Normandie'],COM,{27},{28}
d03a4cb1-d343-4215-ab09-68baf301df59,217003854,Commune de La Neuvelle-lès-Lure (70),false,{70385},Commune,2026-03-24 14:42:07.735343+01,gold_establishments_2025,,,,21700385400015,2025,Collectivité Territoriale,Commune,['Haute-Saône'],['Bourgogne-Franche-Comté'],COM,{70},{27}
2d673714-21e3-4abd-ba44-2c1c33a0602f,217003862,Commune de La Neuvelle-lès-Scey (70),false,{70386},Commune,2026-03-24 14:42:07.735343+01,gold_establishments_2025,,,,21700386200018,2025,Collectivité Territoriale,Commune,['Haute-Saône'],['Bourgogne-Franche-Comté'],COM,{70},{27}
69342e88-0806-476d-b176-c515da284694,218803229,Commune de La Neuveville-devant-Lépanges (88),false,{88322},Commune,2026-03-24 14:42:11.118516+01,gold_establishments_2025,,,,21880322900010,2025,Collectivité Territoriale,Commune,['Vosges'],['Grand Est'],COM,{88},{44}
db72cca2-c2b0-4e80-9940-b907abfc4c89,218803245,Commune de La Neuveville-sous-Châtenois (88),false,{88324},Commune,2026-03-24 14:42:11.118516+01,gold_establishments_2025,,,,21880324500016,2025,Collectivité Territoriale,Commune,['Vosges'],['Grand Est'],COM,{88},{44}
fa347ed7-4920-4120-bded-c5a24bf2b1be,218803252,Commune de La Neuveville-sous-Montfort (88),false,{88325},Commune,2026-03-24 14:42:11.118516+01,gold_establishments_2025,,,,21880325200012,2025,Collectivité Territoriale,Commune,['Vosges'],['Grand Est'],COM,{88},{44}
cbd0d509-e067-4ffb-8029-8f4a4b3493b5,215904277,Commune de La Neuville (59),false,{59427},Commune,2026-03-24 14:42:04.280096+01,gold_establishments_2025,,,,21590427700013,2025,Collectivité Territoriale,Commune,['Nord'],['Hauts-de-France'],COM,{59},{32}
b3ef6a93-d7a5-4df7-843c-fdafcd6fd3ce,210205225,Commune de La Neuville-Bosmont (02),false,{02545},Commune,2026-03-24 14:41:52.020251+01,gold_establishments_2025,,,,21020522500019,2025,Collectivité Territoriale,Commune,['Aisne'],['Hauts-de-France'],COM,{02},{32}
e9c1cdaf-98d2-485c-8d05-c50d569532ea,217604644,Commune de La Neuville-Chant-d'Oisel (76),false,{76464},Commune,2026-03-24 14:42:08.818969+01,gold_establishments_2025,,,,21760464400013,2025,Collectivité Territoriale,Commune,['Seine-Maritime'],['Normandie'],COM,{76},{28}
bbd37532-2a31-4634-b467-d27ab6b2f600,210205241,Commune de La Neuville-Housset (02),false,{02547},Commune,2026-03-24 14:41:52.020251+01,gold_establishments_2025,,,,21020524100016,2025,Collectivité Territoriale,Commune,['Aisne'],['Hauts-de-France'],COM,{02},{32}
b68569fe-fd6f-4309-80c0-3872db22487d,216004515,Commune de La Neuville-Roy (60),false,{60456},Commune,2026-03-24 14:42:04.814328+01,gold_establishments_2025,,,,21600451500054,2025,Collectivité Territoriale,Commune,['Oise'],['Hauts-de-France'],COM,{60},{32}
e2b51081-ea51-4dbf-9709-7f6dc01d7e1e,216004523,Commune de La Neuville-Saint-Pierre (60),false,{60457},Commune,2026-03-24 14:42:04.814328+01,gold_establishments_2025,,,,21600452300017,2025,Collectivité Territoriale,Commune,['Oise'],['Hauts-de-France'],COM,{60},{32}
148a184e-e659-4c14-a008-0cbeb3e85d53,218005627,Commune de La Neuville-Sire-Bernard (80),false,{80595},Commune,2026-03-24 14:42:09.967209+01,gold_establishments_2025,,,,21800562700011,2025,Collectivité Territoriale,Commune,['Somme'],['Hauts-de-France'],COM,{80},{32}
b39c22d4-7cd2-4751-bd62-a9b765527916,216004556,Commune de La Neuville-Vault (60),false,{60460},Commune,2026-03-24 14:42:04.814328+01,gold_establishments_2025,,,,21600455600017,2025,Collectivité Territoriale,Commune,['Oise'],['Hauts-de-France'],COM,{60},{32}
18a4ccfe-6f30-4978-b538-a4914eb01689,215103714,Commune de La Neuville-au-Pont (51),false,{51399},Commune,2026-03-24 14:42:01.954481+01,gold_establishments_2025,,,,21510371400014,2025,Collectivité Territoriale,Commune,['Marne'],['Grand Est'],COM,{51},{44}
f694efd5-4010-42c2-92dd-c2f06e001219,215104498,Commune de La Neuville-au-Temple (51),false,{51485},Commune,2026-03-24 14:42:01.954481+01,gold_establishments_2025,,,,21510449800013,2025,Collectivité Territoriale,Commune,['Marne'],['Grand Est'],COM,{51},{44}
d6945440-e240-4b87-8a00-964a2e8b325c,215103698,Commune de La Neuville-aux-Bois (51),false,{51397},Commune,2026-03-24 14:42:01.954481+01,gold_establishments_2025,,,,21510369800019,2025,Collectivité Territoriale,Commune,['Marne'],['Grand Est'],COM,{51},{44}
97b704a5-c3eb-4394-9503-85246eee2329,210802856,Commune de La Neuville-aux-Joûtes (08),false,{08318},Commune,2026-03-24 14:41:53.095366+01,gold_establishments_2025,,,,21080285600018,2025,Collectivité Territoriale,Commune,['Ardennes'],['Grand Est'],COM,{08},{44}
b7d9a73b-0b2d-49b7-a46c-8d13ce7f5b12,215103706,Commune de La Neuville-aux-Larris (51),false,{51398},Commune,2026-03-24 14:42:01.954481+01,gold_establishments_2025,,,,21510370600010,2025,Collectivité Territoriale,Commune,['Marne'],['Grand Est'],COM,{51},{44}
8c75f09b-dc47-414c-84d3-ef7694ad694d,212704324,Commune de La Neuville-du-Bosc (27),false,{27432},Commune,2026-03-24 14:41:57.028721+01,gold_establishments_2025,,,,21270432400012,2025,Collectivité Territoriale,Commune,['Eure'],['Normandie'],COM,{27},{28}
b4139e67-951e-4251-968e-d07c60513ec8,210205233,Commune de La Neuville-en-Beine (02),false,{02546},Commune,2026-03-24 14:41:52.020251+01,gold_establishments_2025,,,,21020523300013,2025,Collectivité Territoriale,Commune,['Aisne'],['Hauts-de-France'],COM,{02},{32}
0f934bfa-6a35-48c1-be1b-6b88237ade48,216004499,Commune de La Neuville-en-Hez (60),false,{60454},Commune,2026-03-24 14:42:04.814328+01,gold_establishments_2025,,,,21600449900010,2025,Collectivité Territoriale,Commune,['Oise'],['Hauts-de-France'],COM,{60},{32}
8b80abcd-5817-4dbd-ba36-ab600123a41d,210802872,Commune de La Neuville-en-Tourne-à-Fuy (08),false,{08320},Commune,2026-03-24 14:41:53.095366+01,gold_establishments_2025,,,,21080287200015,2025,Collectivité Territoriale,Commune,['Ardennes'],['Grand Est'],COM,{08},{44}
2a4f04e5-197e-4a9b-b37a-f88284f1d06d,218005601,Commune de La Neuville-lès-Bray (80),false,{80593},Commune,2026-03-24 14:42:09.967209+01,gold_establishments_2025,,,,21800560100016,2025,Collectivité Territoriale,Commune,['Somme'],['Hauts-de-France'],COM,{80},{32}
f79b8b9e-08a4-461a-904d-386f90c23773,210205258,Commune de La Neuville-lès-Dorengt (02),false,{02548},Commune,2026-03-24 14:41:52.020251+01,gold_establishments_2025,,,,21020525800010,2025,Collectivité Territoriale,Commune,['Aisne'],['Hauts-de-France'],COM,{02},{32}
e0e57adf-b048-4dbe-ac6a-41034872916d,210802906,Commune de La Neuville-lès-Wasigny (08),false,{08323},Commune,2026-03-24 14:41:53.095366+01,gold_establishments_2025,,,,21080290600011,2025,Collectivité Territoriale,Commune,['Ardennes'],['Grand Est'],COM,{08},{44}
0a32a7c7-f6a7-4996-be05-f17f3c553a9c,214502254,Commune de La Neuville-sur-Essonne (45),false,{45225},Commune,2026-03-24 14:42:00.862623+01,gold_establishments_2025,,,,21450225400011,2025,Collectivité Territoriale,Commune,['Loiret'],['Centre-Val de Loire'],COM,{45},{24}
cb8ead22-7498-483d-bddd-f80981f1c498,216004531,Commune de La Neuville-sur-Oudeuil (60),false,{60458},Commune,2026-03-24 14:42:04.814328+01,gold_establishments_2025,,,,21600453100010,2025,Collectivité Territoriale,Commune,['Oise'],['Hauts-de-France'],COM,{60},{32}
38959563-6f66-49ea-82d2-63b31f14a391,216004549,Commune de La Neuville-sur-Ressons (60),false,{60459},Commune,2026-03-24 14:42:04.814328+01,gold_establishments_2025,,,,21600454900012,2025,Collectivité Territoriale,Commune,['Oise'],['Hauts-de-France'],COM,{60},{32}
3950f806-3761-4409-a754-34a1455709c3,210802849,Commune de La Neuville-à-Maire (08),false,{08317},Commune,2026-03-24 14:41:53.095366+01,gold_establishments_2025,,,,21080284900013,2025,Collectivité Territoriale,Commune,['Ardennes'],['Grand Est'],COM,{08},{44}
03c12c35-b962-480f-96a3-66b9d9c3e981,215801952,Commune de La Nocle-Maulaix (58),false,{58195},Commune,2026-03-24 14:42:04.280096+01,gold_establishments_2025,,,,21580195200015,2025,Collectivité Territoriale,Commune,['Nièvre'],['Bourgogne-Franche-Comté'],COM,{58},{27}
14e4fc65-a72e-45ca-8a32-8c8a3a46bd2e,219104577,Commune de La Norville (91),false,{91457},Commune,2026-03-24 14:42:11.659493+01,gold_establishments_2025,,,,21910457700016,2025,Collectivité Territoriale,Commune,['Essonne'],['Île-de-France'],COM,{91},{11}
40d1c07e-24c8-4787-9335-638ed7c25e93,212314405,Commune de La Nouaille (23),false,{23144},Commune,2026-03-24 14:41:55.958138+01,gold_establishments_2025,,,,21231440500011,2025,Collectivité Territoriale,Commune,['Creuse'],['Nouvelle-Aquitaine'],COM,{23},{75}
627eed19-c1ab-4da4-b3b7-e1436e951ec3,213502032,Commune de La Nouaye (35),false,{35203},Commune,2026-03-24 14:41:58.620411+01,gold_establishments_2025,,,,21350203200013,2025,Collectivité Territoriale,Commune,['Ille-et-Vilaine'],['Bretagne'],COM,{35},{53}
3afdfa89-bcb4-4383-bd1c-1da7da5ce15b,215103763,Commune de La Noue (51),false,{51407},Commune,2026-03-24 14:42:01.954481+01,gold_establishments_2025,,,,21510376300011,2025,Collectivité Territoriale,Commune,['Marne'],['Grand Est'],COM,{51},{44}
0001dbd8-3f15-4098-a86d-0e667ae84300,213502024,Commune de La Noë-Blanche (35),false,{35202},Commune,2026-03-24 14:41:58.620411+01,gold_establishments_2025,,,,21350202400085,2025,Collectivité Territoriale,Commune,['Ille-et-Vilaine'],['Bretagne'],COM,{35},{53}
1543f7ff-86e1-47ac-946b-4fb6d5bd8824,212704357,Commune de La Noë-Poulain (27),false,{27435},Commune,2026-03-24 14:41:57.028721+01,gold_establishments_2025,,,,21270435700012,2025,Collectivité Territoriale,Commune,['Eure'],['Normandie'],COM,{27},{28}
442b28bc-4cc4-4a18-9f15-c10652b7fe66,214201634,Commune de La Pacaudière (42),false,{42163},Commune,2026-03-24 14:42:00.273698+01,gold_establishments_2025,,,,21420163400018,2025,Collectivité Territoriale,Commune,['Loire'],['Auvergne-Rhône-Alpes'],COM,{42},{84}
1ebbc535-e303-41c3-b6cf-b6a153c18a55,215301730,Commune de La Pallu (53),false,{53173},Commune,2026-03-24 14:42:02.957225+01,gold_establishments_2025,,,,21530173000010,2025,Collectivité Territoriale,Commune,['Mayenne'],['Pays de la Loire'],COM,{53},{52}
dcbb2e52-8a1d-4368-b11e-1ac3f71be31b,211101886,Commune de La Palme (11),false,{11188},Commune,2026-03-24 14:41:53.63825+01,gold_establishments_2025,,,,21110188600011,2025,Collectivité Territoriale,Commune,['Aude'],['Occitanie'],COM,{11},{76}
7229f8b5-9079-4db4-b880-a82d27f2b559,210401444,Commune de La Palud-sur-Verdon (04),false,{04144},Commune,2026-03-24 14:41:52.562531+01,gold_establishments_2025,,,,21040144400018,2025,Collectivité Territoriale,Commune,['Alpes-de-Haute-Provence'],"[""Provence-Alpes-Côte d'Azur""]",COM,{04},{93}
974769aa-4198-4c60-ba87-d953e22f0ead,214801086,Commune de La Panouse (48),false,{48108},Commune,2026-03-24 14:42:01.412377+01,gold_establishments_2025,,,,21480108600015,2025,Collectivité Territoriale,Commune,['Lozère'],['Occitanie'],COM,{48},{76}
ff1d5b27-a245-4ae3-860e-f185ee3d8847,214902371,Commune de La Pellerine (49),false,{49237},Commune,2026-03-24 14:42:01.412377+01,gold_establishments_2025,,,,21490237100019,2025,Collectivité Territoriale,Commune,['Maine-et-Loire'],['Pays de la Loire'],COM,{49},{52}
4a56cd75-ff49-426e-a421-2a6e397c3bab,215301771,Commune de La Pellerine (53),false,{53177},Commune,2026-03-24 14:42:02.957225+01,gold_establishments_2025,,,,21530177100014,2025,Collectivité Territoriale,Commune,['Mayenne'],['Pays de la Loire'],COM,{53},{52}
28b29890-82c7-419b-98ad-d51a36316212,210600938,Commune de La Penne (06),false,{06093},Commune,2026-03-24 14:41:52.562531+01,gold_establishments_2025,,,,21060093800018,2025,Collectivité Territoriale,Commune,['Alpes-Maritimes'],"[""Provence-Alpes-Côte d'Azur""]",COM,{06},{93}
d838ad10-dc15-43d7-b602-881b9721191e,211300702,Commune de La Penne-sur-Huveaune (13),false,{13070},Commune,2026-03-24 14:41:53.63825+01,gold_establishments_2025,,,,21130070200019,2025,Collectivité Territoriale,Commune,['Bouches-du-Rhône'],"[""Provence-Alpes-Côte d'Azur""]",COM,{13},{93}
22e59bf7-7b70-48cc-b530-a923b452f6b4,212602296,Commune de La Penne-sur-l'Ouvèze (26),false,{26229},Commune,2026-03-24 14:41:56.495197+01,gold_establishments_2025,,,,21260229600015,2025,Collectivité Territoriale,Commune,['Drôme'],['Auvergne-Rhône-Alpes'],COM,{26},{84}
c72130ed-b0d3-4628-806b-a447417a663c,211801782,Commune de La Perche (18),false,{18178},Commune,2026-03-24 14:41:54.903238+01,gold_establishments_2025,,,,21180178200015,2025,Collectivité Territoriale,Commune,['Cher'],['Centre-Val de Loire'],COM,{18},{24}
77b49660-7078-4d23-9676-fec663592162,215003955,Commune de La Pernelle (50),false,{50395},Commune,2026-03-24 14:42:01.412377+01,gold_establishments_2025,,,,21500395500014,2025,Collectivité Territoriale,Commune,['Manche'],['Normandie'],COM,{50},{28}
092374cc-93f5-4cb9-9734-86a8451c5c1f,213904139,Commune de La Pesse (39),false,{39413},Commune,2026-03-24 14:41:59.705606+01,gold_establishments_2025,,,,21390413900010,2025,Collectivité Territoriale,Commune,['Jura'],['Bourgogne-Franche-Comté'],COM,{39},{27}
6c312d33-7ad5-4de9-94e2-2b96257c51d1,217902071,Commune de La Petite-Boissière (79),false,{79207},Commune,2026-03-24 14:42:09.43682+01,gold_establishments_2025,,,,21790207100018,2025,Collectivité Territoriale,Commune,['Deux-Sèvres'],['Nouvelle-Aquitaine'],COM,{79},{75}
5af88f60-9bf2-4f95-92bf-72659a424485,218803450,Commune de La Petite-Fosse (88),false,{88345},Commune,2026-03-24 14:42:11.118516+01,gold_establishments_2025,,,,21880345000053,2025,Collectivité Territoriale,Commune,['Vosges'],['Grand Est'],COM,{88},{44}
6ff34f71-e3c0-4033-bc83-4ba963567ec5,210302063,Commune de La Petite-Marche (03),false,{03206},Commune,2026-03-24 14:41:52.020251+01,gold_establishments_2025,,,,21030206300016,2025,Collectivité Territoriale,Commune,['Allier'],['Auvergne-Rhône-Alpes'],COM,{03},{84}
b2542562-e33a-4584-8b11-5bc687807316,216703710,Commune de La Petite-Pierre (67),false,{67371},Commune,2026-03-24 14:42:07.195692+01,gold_establishments_2025,,,,21670371000014,2025,Collectivité Territoriale,Commune,['Bas-Rhin'],['Grand Est'],COM,{67},{44}
2f379df8-b518-4446-9afe-ac963cb29ab2,218803468,Commune de La Petite-Raon (88),false,{88346},Commune,2026-03-24 14:42:11.118516+01,gold_establishments_2025,,,,21880346800014,2025,Collectivité Territoriale,Commune,['Vosges'],['Grand Est'],COM,{88},{44}
2f730f29-a575-46cf-b7c5-6544e5206306,217103498,Commune de La Petite-Verrière (71),false,{71349},Commune,2026-03-24 14:42:07.735343+01,gold_establishments_2025,,,,21710349800010,2025,Collectivité Territoriale,Commune,['Saône-et-Loire'],['Bourgogne-Franche-Comté'],COM,{71},{27}
d188c09d-2976-4c1f-8264-c553ea05113b,217902089,Commune de La Peyratte (79),false,{79208},Commune,2026-03-24 14:42:09.43682+01,gold_establishments_2025,,,,21790208900010,2025,Collectivité Territoriale,Commune,['Deux-Sèvres'],['Nouvelle-Aquitaine'],COM,{79},{75}
3324e501-6543-4f14-98bb-af38cecf2230,210501029,Commune de La Piarre (05),false,{05102},Commune,2026-03-24 14:41:52.562531+01,gold_establishments_2025,,,,21050102900016,2025,Collectivité Territoriale,Commune,['Hautes-Alpes'],"[""Provence-Alpes-Côte d'Azur""]",COM,{05},{93}
bc17688c-6369-4c3b-9e5e-beadb8fc5ebb,213803034,Commune de La Pierre (38),false,{38303},Commune,2026-03-24 14:41:59.160244+01,gold_establishments_2025,,,,21380303400015,2025,Collectivité Territoriale,Commune,['Isère'],['Auvergne-Rhône-Alpes'],COM,{38},{84}
c26fbdab-9c0b-4fbb-89bf-663a050c0ee1,217004118,Commune de La Pisseure (70),false,{70411},Commune,2026-03-24 14:42:07.735343+01,gold_establishments_2025,,,,21700411800014,2025,Collectivité Territoriale,Commune,['Haute-Saône'],['Bourgogne-Franche-Comté'],COM,{70},{27}
799ae33a-3bd9-4149-954e-9e4e0b6aae51,200055499,Commune de La Plagne Tarentaise (73),false,{73150},Commune,2026-03-24 14:42:08.279287+01,gold_establishments_2025,,,,20005549900012,2025,Collectivité Territoriale,Commune,['Savoie'],['Auvergne-Rhône-Alpes'],COM,{73},{84}
a793ea7b-6ea9-4df0-99b6-2712d076a5cb,214902405,Commune de La Plaine (49),false,{49240},Commune,2026-03-24 14:42:01.412377+01,gold_establishments_2025,,,,21490240500015,2025,Collectivité Territoriale,Commune,['Maine-et-Loire'],['Pays de la Loire'],COM,{49},{52}
576b3e3b-0348-4096-95b0-75928ae64c51,219740065,Commune de La Plaine-des-Palmistes (974),false,{97406},Commune,2026-03-24 14:42:11.659493+01,gold_establishments_2025,,,,21974006500012,2025,Collectivité Territoriale,Commune,['La Réunion'],['La Réunion'],COM,{974},{04}
ee3136af-a5d3-4a31-b9da-c9d63bd1aa16,214401267,Commune de La Plaine-sur-Mer (44),false,{44126},Commune,2026-03-24 14:42:00.273698+01,gold_establishments_2025,,,,21440126700015,2025,Collectivité Territoriale,Commune,['Loire-Atlantique'],['Pays de la Loire'],COM,{44},{52}
2de4ea73-7ef5-4bca-abd4-cfc4616f5905,214401275,Commune de La Planche (44),false,{44127},Commune,2026-03-24 14:42:00.273698+01,gold_establishments_2025,,,,21440127500018,2025,Collectivité Territoriale,Commune,['Loire-Atlantique'],['Pays de la Loire'],COM,{44},{52}
d2a86eb9-b6b1-4003-a54a-e8b7d1a62bbd,212504591,Commune de La Planée (25),false,{25459},Commune,2026-03-24 14:41:56.495197+01,gold_establishments_2025,,,,21250459100018,2025,Collectivité Territoriale,Commune,['Doubs'],['Bourgogne-Franche-Comté'],COM,{25},{27}
5084f275-e987-48a9-b75e-8e03b900464e,211102926,Commune de La Pomarède (11),false,{11292},Commune,2026-03-24 14:41:53.63825+01,gold_establishments_2025,,,,21110292600014,2025,Collectivité Territoriale,Commune,['Aude'],['Occitanie'],COM,{11},{76}
c5fc410d-a1ff-4105-90e3-2e401ab0f1ec,211405105,Commune de La Pommeraye (14),false,{14510},Commune,2026-03-24 14:41:54.362296+01,gold_establishments_2025,,,,21140510500019,2025,Collectivité Territoriale,Commune,['Calvados'],['Normandie'],COM,{14},{28}
aa655107-eeb7-450b-b1af-ae08b4f7094e,218712008,Commune de La Porcherie (87),false,{87120},Commune,2026-03-24 14:42:11.118516+01,gold_establishments_2025,,,,21871200800018,2025,Collectivité Territoriale,Commune,['Haute-Vienne'],['Nouvelle-Aquitaine'],COM,{87},{75}
1145fac3-5eec-4032-989a-ff75b265b293,212002463,Commune de La Porta (2B),false,{2B246},Commune,2026-03-24 14:41:57.56054+01,gold_establishments_2025,,,,21200246300017,2025,Collectivité Territoriale,Commune,['Haute-Corse'],['Corse'],COM,{2B},{94}
fb70bb58-0c7e-4c2f-ac8b-e5271a6c84f8,200059947,Commune de La Porte du Der (52),false,{52331},Commune,2026-03-24 14:42:01.954481+01,gold_establishments_2025,,,,20005994700016,2025,Collectivité Territoriale,Commune,['Haute-Marne'],['Grand Est'],COM,{52},{44}
e4b584e2-8289-4ea8-b5b0-edd646e2ee5f,219740081,Commune de La Possession (974),false,{97408},Commune,2026-03-24 14:42:11.659493+01,gold_establishments_2025,,,,21974008100019,2025,Collectivité Territoriale,Commune,['La Réunion'],['La Réunion'],COM,{974},{04}
321a454b-2f71-4b87-a92c-073b34a67757,214902470,Commune de La Possonnière (49),false,{49247},Commune,2026-03-24 14:42:01.412377+01,gold_establishments_2025,,,,21490247000019,2025,Collectivité Territoriale,Commune,['Maine-et-Loire'],['Pays de la Loire'],COM,{49},{52}
7a578155-4ba6-4fec-a216-5d90dfe248f3,218903102,Commune de La Postolle (89),false,{89310},Commune,2026-03-24 14:42:11.659493+01,gold_establishments_2025,,,,21890310200018,2025,Collectivité Territoriale,Commune,['Yonne'],['Bourgogne-Franche-Comté'],COM,{89},{27}
45af63c6-c006-455c-9376-ed087f33dead,217605088,Commune de La Poterie-Cap-d'Antifer (76),false,{76508},Commune,2026-03-24 14:42:08.818969+01,gold_establishments_2025,,,,21760508800012,2025,Collectivité Territoriale,Commune,['Seine-Maritime'],['Normandie'],COM,{76},{28}
f871889e-db3e-4a0a-8e02-368fd88a32e3,212704753,Commune de La Poterie-Mathieu (27),false,{27475},Commune,2026-03-24 14:41:57.028721+01,gold_establishments_2025,,,,21270475300012,2025,Collectivité Territoriale,Commune,['Eure'],['Normandie'],COM,{27},{28}
55c7959d-d349-4e55-8279-2c096ba2a52a,212315741,Commune de La Pouge (23),false,{23157},Commune,2026-03-24 14:41:55.958138+01,gold_establishments_2025,,,,21231574100018,2025,Collectivité Territoriale,Commune,['Creuse'],['Nouvelle-Aquitaine'],COM,{23},{75}
6c433acc-cf45-4cdb-821b-46c991077c6d,217004258,Commune de La Proiselière-et-Langle (70),false,{70425},Commune,2026-03-24 14:42:07.735343+01,gold_establishments_2025,,,,21700425800018,2025,Collectivité Territoriale,Commune,['Haute-Saône'],['Bourgogne-Franche-Comté'],COM,{70},{27}
2310ed97-eeb8-4f36-a5e3-a9c2e6f2fa9f,212202550,Commune de La Prénessaye (22),false,{22255},Commune,2026-03-24 14:41:55.958138+01,gold_establishments_2025,,,,21220255000019,2025,Collectivité Territoriale,Commune,"[""Côtes-d'Armor""]",['Bretagne'],COM,{22},{53}
7f7ce142-51aa-4657-8b7c-f00a65326786,212504708,Commune de La Prétière (25),false,{25470},Commune,2026-03-24 14:41:56.495197+01,gold_establishments_2025,,,,21250470800018,2025,Collectivité Territoriale,Commune,['Doubs'],['Bourgogne-Franche-Comté'],COM,{25},{27}
99cc6280-87f6-4207-89a0-fd00b9c5cdcb,212803100,Commune de La Puisaye (28),false,{28310},Commune,2026-03-24 14:41:57.028721+01,gold_establishments_2025,,,,21280310000016,2025,Collectivité Territoriale,Commune,['Eure-et-Loir'],['Centre-Val de Loire'],COM,{28},{24}
e5e39763-cabe-4727-8bad-5a86a3863970,218602027,Commune de La Puye (86),false,{86202},Commune,2026-03-24 14:42:10.508772+01,gold_establishments_2025,,,,21860202700011,2025,Collectivité Territoriale,Commune,['Vienne'],['Nouvelle-Aquitaine'],COM,{86},{75}
9a529e6e-33f0-449b-89f9-5a68ea9ec4f5,212704829,Commune de La Pyle (27),false,{27482},Commune,2026-03-24 14:41:57.028721+01,gold_establishments_2025,,,,21270482900010,2025,Collectivité Territoriale,Commune,['Eure'],['Normandie'],COM,{27},{28}
7f791ca6-c326-4f71-9923-d015443d8438,213601578,Commune de La Pérouille (36),false,{36157},Commune,2026-03-24 14:41:59.160244+01,gold_establishments_2025,,,,21360157800015,2025,Collectivité Territoriale,Commune,['Indre'],['Centre-Val de Loire'],COM,{36},{24}
231e8a74-5ab6-4cf9-91b5-fa9c87719d43,217004308,Commune de La Quarte (70),false,{70430},Commune,2026-03-24 14:42:07.735343+01,gold_establishments_2025,,,,21700430800011,2025,Collectivité Territoriale,Commune,['Haute-Saône'],['Bourgogne-Franche-Comté'],COM,{70},{27}
89a95cae-267b-445e-9665-6a65dcaa5a7f,219400603,Commune de La Queue-en-Brie (94),false,{94060},Commune,2026-03-24 14:42:11.659493+01,gold_establishments_2025,,,,21940060300011,2025,Collectivité Territoriale,Commune,['Val-de-Marne'],['Île-de-France'],COM,{94},{11}
03fa426d-0cac-4add-9c45-ccb5ecf485a3,217805134,Commune de La Queue-les-Yvelines (78),false,{78513},Commune,2026-03-24 14:42:09.43682+01,gold_establishments_2025,,,,21780513400012,2025,Collectivité Territoriale,Commune,['Yvelines'],['Île-de-France'],COM,{78},{11}
961a989a-0ff9-4b82-9b27-58124c18f412,217202498,Commune de La Quinte (72),false,{72249},Commune,2026-03-24 14:42:08.279287+01,gold_establishments_2025,,,,21720249800010,2025,Collectivité Territoriale,Commune,['Sarthe'],['Pays de la Loire'],COM,{72},{52}
1f709e31-db65-4cdb-9e9a-5d3cefaa8f18,218501864,Commune de La Rabatelière (85),false,{85186},Commune,2026-03-24 14:42:10.508772+01,gold_establishments_2025,,,,21850186400019,2025,Collectivité Territoriale,Commune,['Vendée'],['Pays de la Loire'],COM,{85},{52}
4898d764-3fba-4dc0-9708-5de2c98b3777,217103647,Commune de La Racineuse (71),false,{71364},Commune,2026-03-24 14:42:07.735343+01,gold_establishments_2025,,,,21710364700012,2025,Collectivité Territoriale,Commune,['Saône-et-Loire'],['Bourgogne-Franche-Comté'],COM,{71},{27}
565f6ecc-ad52-4c27-beaf-f8de9008d592,217302132,Commune de La Ravoire (73),false,{73213},Commune,2026-03-24 14:42:08.279287+01,gold_establishments_2025,,,,21730213200014,2025,Collectivité Territoriale,Commune,['Savoie'],['Auvergne-Rhône-Alpes'],COM,{73},{84}
bda19319-c58f-4907-aea7-618208768532,211101902,Commune de La Redorte (11),false,{11190},Commune,2026-03-24 14:41:53.63825+01,gold_establishments_2025,,,,21110190200016,2025,Collectivité Territoriale,Commune,['Aude'],['Occitanie'],COM,{11},{76}
ef999a70-b8a8-4beb-94c5-59c0ab0c0ac2,214401408,Commune de La Regrippière (44),false,{44140},Commune,2026-03-24 14:42:00.273698+01,gold_establishments_2025,,,,21440140800015,2025,Collectivité Territoriale,Commune,['Loire-Atlantique'],['Pays de la Loire'],COM,{44},{52}
97c89989-ff69-4c8d-aee5-57ba825c3939,214401416,Commune de La Remaudière (44),false,{44141},Commune,2026-03-24 14:42:00.273698+01,gold_establishments_2025,,,,21440141600018,2025,Collectivité Territoriale,Commune,['Loire-Atlantique'],['Pays de la Loire'],COM,{44},{52}
9491811f-f66b-44cd-b8b6-ae4dc7e20d9b,217605229,Commune de La Remuée (76),false,{76522},Commune,2026-03-24 14:42:08.818969+01,gold_establishments_2025,,,,21760522900012,2025,Collectivité Territoriale,Commune,['Seine-Maritime'],['Normandie'],COM,{76},{28}
6d23a104-740c-4348-a5d2-fbe0a81e10c7,216302984,Commune de La Renaudie (63),false,{63298},Commune,2026-03-24 14:42:06.130387+01,gold_establishments_2025,,,,21630298400010,2025,Collectivité Territoriale,Commune,['Puy-de-Dôme'],['Auvergne-Rhône-Alpes'],COM,{63},{84}
beebebdd-2ae6-4d38-929c-3b17b731e05c,214201832,Commune de La Ricamarie (42),false,{42183},Commune,2026-03-24 14:42:00.273698+01,gold_establishments_2025,,,,21420183200018,2025,Collectivité Territoriale,Commune,['Loire'],['Auvergne-Rhône-Alpes'],COM,{42},{84}
682a1868-cd53-4418-9d48-1363b6bbad0a,213502412,Commune de La Richardais (35),false,{35241},Commune,2026-03-24 14:41:58.620411+01,gold_establishments_2025,,,,21350241200017,2025,Collectivité Territoriale,Commune,['Ille-et-Vilaine'],['Bretagne'],COM,{35},{53}
84b34a84-0701-4eea-a6ed-8ddc1992e567,213701956,Commune de La Riche (37),false,{37195},Commune,2026-03-24 14:41:59.160244+01,gold_establishments_2025,,,,21370195600012,2025,Collectivité Territoriale,Commune,['Indre-et-Loire'],['Centre-Val de Loire'],COM,{37},{24}
7e3d881d-9541-4ce2-b7a5-f0b56840fb61,213303563,Commune de La Rivière (33),false,{33356},Commune,2026-03-24 14:41:58.620411+01,gold_establishments_2025,,,,21330356300018,2025,Collectivité Territoriale,Commune,['Gironde'],['Nouvelle-Aquitaine'],COM,{33},{75}
62c18029-2a30-4ae5-9cad-803e7d8677d7,213803380,Commune de La Rivière (38),false,{38338},Commune,2026-03-24 14:41:59.160244+01,gold_establishments_2025,,,,21380338000012,2025,Collectivité Territoriale,Commune,['Isère'],['Auvergne-Rhône-Alpes'],COM,{38},{84}
81c6a823-5ae6-4a1b-8609-b0a3814ca9d8,212504930,Commune de La Rivière-Drugeon (25),false,{25493},Commune,2026-03-24 14:41:56.495197+01,gold_establishments_2025,,,,21250493000117,2025,Collectivité Territoriale,Commune,['Doubs'],['Bourgogne-Franche-Comté'],COM,{25},{27}
b966cda8-77aa-448c-b509-0f2a5aea7b20,217402239,Commune de La Rivière-Enverse (74),false,{74223},Commune,2026-03-24 14:42:08.818969+01,gold_establishments_2025,,,,21740223900016,2025,Collectivité Territoriale,Commune,['Haute-Savoie'],['Auvergne-Rhône-Alpes'],COM,{74},{84}
03bc2ec6-56b1-4612-a616-8f31fb609a8f,211405360,Commune de La Rivière-Saint-Sauveur (14),false,{14536},Commune,2026-03-24 14:41:54.362296+01,gold_establishments_2025,,,,21140536000010,2025,Collectivité Territoriale,Commune,['Calvados'],['Normandie'],COM,{14},{28}
5dcb71aa-9eab-4ecc-94a4-4e2b4a76abdd,211003116,Commune de La Rivière-de-Corps (10),false,{10321},Commune,2026-03-24 14:41:53.095366+01,gold_establishments_2025,,,,21100311600012,2025,Collectivité Territoriale,Commune,['Aube'],['Grand Est'],COM,{10},{44}
ee794ce7-2d4c-4118-9c4e-bd5e9f302c02,213904600,Commune de La Rixouse (39),false,{39460},Commune,2026-03-24 14:41:59.705606+01,gold_establishments_2025,,,,21390460000011,2025,Collectivité Territoriale,Commune,['Jura'],['Bourgogne-Franche-Comté'],COM,{39},{27}
e15ab710-668b-46f0-9373-357aa6835071,210401675,Commune de La Robine-sur-Galabre (04),false,{04167},Commune,2026-03-24 14:41:52.562531+01,gold_establishments_2025,,,,21040167500017,2025,Collectivité Territoriale,Commune,['Alpes-de-Haute-Provence'],"[""Provence-Alpes-Côte d'Azur""]",COM,{04},{93}
2ea71152-6561-4adb-9c31-3529fa227cf2,215601956,Commune de La Roche-Bernard (56),false,{56195},Commune,2026-03-24 14:42:03.701372+01,gold_establishments_2025,,,,21560195600018,2025,Collectivité Territoriale,Commune,['Morbihan'],['Bretagne'],COM,{56},{53}
ca1294c9-5dc5-4acf-906c-9efd35294b81,214402224,Commune de La Roche-Blanche (44),false,{44222},Commune,2026-03-24 14:42:00.862623+01,gold_establishments_2025,,,,21440222400015,2025,Collectivité Territoriale,Commune,['Loire-Atlantique'],['Pays de la Loire'],COM,{44},{52}
9c0122db-4669-4380-a221-5c965df678a0,216303024,Commune de La Roche-Blanche (63),false,{63302},Commune,2026-03-24 14:42:06.130387+01,gold_establishments_2025,,,,21630302400014,2025,Collectivité Territoriale,Commune,['Puy-de-Dôme'],['Auvergne-Rhône-Alpes'],COM,{63},{84}
b165609f-f486-42c9-962e-c16d69911ac6,211917406,Commune de La Roche-Canillac (19),false,{19174},Commune,2026-03-24 14:41:54.903238+01,gold_establishments_2025,,,,21191740600012,2025,Collectivité Territoriale,Commune,['Corrèze'],['Nouvelle-Aquitaine'],COM,{19},{75}
9f6f3397-4c62-4dc4-b602-8b22e9164ac2,212403547,Commune de La Roche-Chalais (24),false,{24354},Commune,2026-03-24 14:41:55.958138+01,gold_establishments_2025,,,,21240354700012,2025,Collectivité Territoriale,Commune,['Dordogne'],['Nouvelle-Aquitaine'],COM,{24},{75}
a6a8211a-a7d3-476c-9f09-69158428621a,213702020,Commune de La Roche-Clermault (37),false,{37202},Commune,2026-03-24 14:41:59.160244+01,gold_establishments_2025,,,,21370202000016,2025,Collectivité Territoriale,Commune,['Indre-et-Loire'],['Centre-Val de Loire'],COM,{37},{24}
c3bf181c-8518-4a18-a9e9-acbc7941330a,219505237,Commune de La Roche-Guyon (95),false,{95523},Commune,2026-03-24 14:42:11.659493+01,gold_establishments_2025,,,,21950523700012,2025,Collectivité Territoriale,Commune,"[""Val-d'Oise""]",['Île-de-France'],COM,{95},{11}
e37068ad-2b91-4398-a974-1dc77e124e12,200084168,Commune de La Roche-Jaudy (22),false,{22264},Commune,2026-03-24 14:41:55.958138+01,gold_establishments_2025,,,,20008416800018,2025,Collectivité Territoriale,Commune,"[""Côtes-d'Armor""]",['Bretagne'],COM,{22},{53}
a7f29568-d6f2-400b-8915-46a58e2e0416,216103507,Commune de La Roche-Mabile (61),false,{61350},Commune,2026-03-24 14:42:05.597325+01,gold_establishments_2025,,,,21610350700010,2025,Collectivité Territoriale,Commune,['Orne'],['Normandie'],COM,{61},{28}
1dd61082-7e1b-496a-879a-afdf067ae916,212902373,Commune de La Roche-Maurice (29),false,{29237},Commune,2026-03-24 14:41:57.56054+01,gold_establishments_2025,,,,21290237300019,2025,Collectivité Territoriale,Commune,['Finistère'],['Bretagne'],COM,{29},{53}
a1336c62-93f3-4ab6-a5eb-c45933e0e7f3,217003730,Commune de La Roche-Morey (70),false,{70373},Commune,2026-03-24 14:42:07.735343+01,gold_establishments_2025,,,,21700373000017,2025,Collectivité Territoriale,Commune,['Haute-Saône'],['Bourgogne-Franche-Comté'],COM,{70},{27}
72c10a8e-6a7e-4e43-aaa7-c4f1f3256277,200084689,Commune de La Roche-Neuville (53),false,{53136},Commune,2026-03-24 14:42:02.957225+01,gold_establishments_2025,,,,20008468900013,2025,Collectivité Territoriale,Commune,['Mayenne'],['Pays de la Loire'],COM,{53},{52}
b26a82ae-eb5f-47c2-b0e0-0a48184b75aa,216303065,Commune de La Roche-Noire (63),false,{63306},Commune,2026-03-24 14:42:06.130387+01,gold_establishments_2025,,,,21630306500017,2025,Collectivité Territoriale,Commune,['Puy-de-Dôme'],['Auvergne-Rhône-Alpes'],COM,{63},{84}
9ed02872-72a2-4ef6-a32c-452ae14983cb,218602076,Commune de La Roche-Posay (86),false,{86207},Commune,2026-03-24 14:42:10.508772+01,gold_establishments_2025,,,,21860207600018,2025,Collectivité Territoriale,Commune,['Vienne'],['Nouvelle-Aquitaine'],COM,{86},{75}
645fb02a-9ebb-4385-bb68-6b074a1cb68a,218600799,Commune de La Roche-Rigault (86),false,{86079},Commune,2026-03-24 14:42:10.508772+01,gold_establishments_2025,,,,21860079900017,2025,Collectivité Territoriale,Commune,['Vienne'],['Nouvelle-Aquitaine'],COM,{86},{75}
7c8d3971-5490-4e1c-91da-af86b9b72b07,212105282,Commune de La Roche-Vanneau (21),false,{21528},Commune,2026-03-24 14:41:55.433389+01,gold_establishments_2025,,,,21210528200017,2025,Collectivité Territoriale,Commune,"[""Côte-d'Or""]",['Bourgogne-Franche-Comté'],COM,{21},{27}
3269bb3a-27b7-4054-bd0a-0dad4437f2df,217103712,Commune de La Roche-Vineuse (71),false,{71371},Commune,2026-03-24 14:42:07.735343+01,gold_establishments_2025,,,,21710371200055,2025,Collectivité Territoriale,Commune,['Saône-et-Loire'],['Bourgogne-Franche-Comté'],COM,{71},{27}
1cfcea18-1efa-42d1-b3ff-d94ea2cc9aed,212602718,Commune de La Roche-de-Glun (26),false,{26271},Commune,2026-03-24 14:41:56.495197+01,gold_establishments_2025,,,,21260271800018,2025,Collectivité Territoriale,Commune,['Drôme'],['Auvergne-Rhône-Alpes'],COM,{26},{84}
a6094981-1de8-4e20-8820-efa8eec38f9b,210501227,Commune de La Roche-de-Rame (05),false,{05122},Commune,2026-03-24 14:41:52.562531+01,gold_establishments_2025,,,,21050122700016,2025,Collectivité Territoriale,Commune,['Hautes-Alpes'],"[""Provence-Alpes-Côte d'Azur""]",COM,{05},{93}
947bc7c2-c98a-4aca-ac8b-6c4d12c71cdc,210501235,Commune de La Roche-des-Arnauds (05),false,{05123},Commune,2026-03-24 14:41:52.562531+01,gold_establishments_2025,,,,21050123500019,2025,Collectivité Territoriale,Commune,['Hautes-Alpes'],"[""Provence-Alpes-Côte d'Azur""]",COM,{05},{93}
2e534bc8-6a85-43be-969c-df34245b7dd7,212105258,Commune de La Roche-en-Brenil (21),false,{21525},Commune,2026-03-24 14:41:55.433389+01,gold_establishments_2025,,,,21210525800017,2025,Collectivité Territoriale,Commune,"[""Côte-d'Or""]",['Bourgogne-Franche-Comté'],COM,{21},{27}
24de5c71-9f3d-481d-862d-1fdd68f0cfa2,218712701,Commune de La Roche-l'Abeille (87),false,{87127},Commune,2026-03-24 14:42:11.118516+01,gold_establishments_2025,,,,21871270100018,2025,Collectivité Territoriale,Commune,['Haute-Vienne'],['Nouvelle-Aquitaine'],COM,{87},{75}
05020b41-58c3-4001-8912-5610bb02f37f,217402247,Commune de La Roche-sur-Foron (74),false,{74224},Commune,2026-03-24 14:42:08.818969+01,gold_establishments_2025,,,,21740224700019,2025,Collectivité Territoriale,Commune,['Haute-Savoie'],['Auvergne-Rhône-Alpes'],COM,{74},{84}
ef8a30ea-76ba-4522-9a9f-5a93e5489956,212602775,Commune de La Roche-sur-Grane (26),false,{26277},Commune,2026-03-24 14:41:56.495197+01,gold_establishments_2025,,,,21260277500018,2025,Collectivité Territoriale,Commune,['Drôme'],['Auvergne-Rhône-Alpes'],COM,{26},{84}
79a18d4f-3cee-436f-98db-ed79d74b4077,218501914,Commune de La Roche-sur-Yon (85),false,{85191},Commune,2026-03-24 14:42:10.508772+01,gold_establishments_2025,,,,21850191400566,2025,Collectivité Territoriale,Commune,['Vendée'],['Pays de la Loire'],COM,{85},{52}
e15f9d53-b931-4720-9a09-6bc4baf7afb2,212602783,Commune de La Roche-sur-le-Buis (26),false,{26278},Commune,2026-03-24 14:41:56.495197+01,gold_establishments_2025,,,,21260278300012,2025,Collectivité Territoriale,Commune,['Drôme'],['Auvergne-Rhône-Alpes'],COM,{26},{84}
1882209e-063a-4b70-8a20-2af536a66556,212403539,Commune de La Rochebeaucourt-et-Argentine (24),false,{24353},Commune,2026-03-24 14:41:55.958138+01,gold_establishments_2025,,,,21240353900019,2025,Collectivité Territoriale,Commune,['Dordogne'],['Nouvelle-Aquitaine'],COM,{24},{75}
7a1655d8-5d3a-4665-bd03-aa65bd6847d2,200083293,Commune de La Rochefoucauld-en-Angoumois (16),false,{16281},Commune,2026-03-24 14:41:54.362296+01,gold_establishments_2025,,,,20008329300015,2025,Collectivité Territoriale,Commune,['Charente'],['Nouvelle-Aquitaine'],COM,{16},{75}
1740a080-1390-4201-9e37-26b8379a647e,210401691,Commune de La Rochegiron (04),false,{04169},Commune,2026-03-24 14:41:52.562531+01,gold_establishments_2025,,,,21040169100014,2025,Collectivité Territoriale,Commune,['Alpes-de-Haute-Provence'],"[""Provence-Alpes-Côte d'Azur""]",COM,{04},{93}
ece6691e-1156-45c0-b805-525f40d3d385,211703004,Commune de La Rochelle (17),false,{17300},Commune,2026-03-24 14:41:54.903238+01,gold_establishments_2025,,,,21170300400013,2025,Collectivité Territoriale,Commune,['Charente-Maritime'],['Nouvelle-Aquitaine'],COM,{17},{75}
e2c99092-ab8a-430b-aa47-2d0c9f68378e,217004506,Commune de La Rochelle (70),false,{70450},Commune,2026-03-24 14:42:07.735343+01,gold_establishments_2025,,,,21700450600010,2025,Collectivité Territoriale,Commune,['Haute-Saône'],['Bourgogne-Franche-Comté'],COM,{70},{27}
f0a8d12b-0a63-45bb-bcbb-16d6f4bd65e7,212105274,Commune de La Rochepot (21),false,{21527},Commune,2026-03-24 14:41:55.433389+01,gold_establishments_2025,,,,21210527400014,2025,Collectivité Territoriale,Commune,"[""Côte-d'Or""]",['Bourgogne-Franche-Comté'],COM,{21},{27}
e1ca5614-d029-4a95-b3f3-8da42236b6c2,210401709,Commune de La Rochette (04),false,{04170},Commune,2026-03-24 14:41:52.562531+01,gold_establishments_2025,,,,21040170900014,2025,Collectivité Territoriale,Commune,['Alpes-de-Haute-Provence'],"[""Provence-Alpes-Côte d'Azur""]",COM,{04},{93}
23e03ce0-3ef1-4c8c-b375-30bb9b700af9,210501243,Commune de La Rochette (05),false,{05124},Commune,2026-03-24 14:41:52.562531+01,gold_establishments_2025,,,,21050124300013,2025,Collectivité Territoriale,Commune,['Hautes-Alpes'],"[""Provence-Alpes-Côte d'Azur""]",COM,{05},{93}
9c608b10-1800-4499-910d-7e6c5bdacfea,210701959,Commune de La Rochette (07),false,{07195},Commune,2026-03-24 14:41:52.562531+01,gold_establishments_2025,,,,21070195900012,2025,Collectivité Territoriale,Commune,['Ardèche'],['Auvergne-Rhône-Alpes'],COM,{07},{84}
81033b6d-66b7-4408-9c6e-32823aa29626,211602826,Commune de La Rochette (16),false,{16282},Commune,2026-03-24 14:41:54.362296+01,gold_establishments_2025,,,,21160282600011,2025,Collectivité Territoriale,Commune,['Charente'],['Nouvelle-Aquitaine'],COM,{16},{75}
d9f6888c-1c7c-4fb2-b446-ffda04b95486,217703891,Commune de La Rochette (77),false,{77389},Commune,2026-03-24 14:42:09.43682+01,gold_establishments_2025,,,,21770389100010,2025,Collectivité Territoriale,Commune,['Seine-et-Marne'],['Île-de-France'],COM,{77},{11}
1d518de1-3f63-44a8-893a-b1b1f724b9e4,212602791,Commune de La Rochette-du-Buis (26),false,{26279},Commune,2026-03-24 14:41:56.495197+01,gold_establishments_2025,,,,21260279100015,2025,Collectivité Territoriale,Commune,['Drôme'],['Auvergne-Rhône-Alpes'],COM,{26},{84}
dbcf0329-23da-412d-b287-d419e7aec603,217902295,Commune de La Rochénard (79),false,{79229},Commune,2026-03-24 14:42:09.43682+01,gold_establishments_2025,,,,21790229500013,2025,Collectivité Territoriale,Commune,['Deux-Sèvres'],['Nouvelle-Aquitaine'],COM,{79},{75}
31377e32-d1eb-417c-9868-0aa8502a2fdf,210803334,Commune de La Romagne (08),false,{08369},Commune,2026-03-24 14:41:53.095366+01,gold_establishments_2025,,,,21080333400015,2025,Collectivité Territoriale,Commune,['Ardennes'],['Grand Est'],COM,{08},{44}
b8266fc8-14a9-4f5a-acdb-f23a76899a9d,214902603,Commune de La Romagne (49),false,{49260},Commune,2026-03-24 14:42:01.412377+01,gold_establishments_2025,,,,21490260300015,2025,Collectivité Territoriale,Commune,['Maine-et-Loire'],['Pays de la Loire'],COM,{49},{52}
ba8ac485-a448-4563-b50b-344b653fac99,200053056,Commune de La Romaine (70),false,{70418},Commune,2026-03-24 14:42:07.735343+01,gold_establishments_2025,,,,20005305600012,2025,Collectivité Territoriale,Commune,['Haute-Saône'],['Bourgogne-Franche-Comté'],COM,{70},{27}
5057b2e3-d13c-44b7-ac36-836624cae3c3,213203458,Commune de La Romieu (32),false,{32345},Commune,2026-03-24 14:41:58.09424+01,gold_establishments_2025,,,,21320345800012,2025,Collectivité Territoriale,Commune,['Gers'],['Occitanie'],COM,{32},{76}
121ac6d8-4fba-491e-8ffc-44001ee4c168,211703038,Commune de La Ronde (17),false,{17303},Commune,2026-03-24 14:41:54.903238+01,gold_establishments_2025,,,,21170303800060,2025,Collectivité Territoriale,Commune,['Charente-Maritime'],['Nouvelle-Aquitaine'],COM,{17},{75}
a978c5a4-6f51-4d69-8163-3c8839d0d3de,218401008,Commune de La Roque-Alric (84),false,{84100},Commune,2026-03-24 14:42:10.508772+01,gold_establishments_2025,,,,21840100800014,2025,Collectivité Territoriale,Commune,['Vaucluse'],"[""Provence-Alpes-Côte d'Azur""]",COM,{84},{93}
d07c82d0-6d30-4fd9-9457-0698f0aee5dc,211405410,Commune de La Roque-Baignard (14),false,{14541},Commune,2026-03-24 14:41:54.362296+01,gold_establishments_2025,,,,21140541000013,2025,Collectivité Territoriale,Commune,['Calvados'],['Normandie'],COM,{14},{28}
15704fd0-9533-47ce-a31c-ac0a85d60482,218301091,Commune de La Roque-Esclapon (83),false,{83109},Commune,2026-03-24 14:42:10.508772+01,gold_establishments_2025,,,,21830109100011,2025,Collectivité Territoriale,Commune,['Var'],"[""Provence-Alpes-Côte d'Azur""]",COM,{83},{93}
6f9f1577-bd07-4798-b4d8-fe45219bed0b,212403554,Commune de La Roque-Gageac (24),false,{24355},Commune,2026-03-24 14:41:55.958138+01,gold_establishments_2025,,,,21240355400018,2025,Collectivité Territoriale,Commune,['Dordogne'],['Nouvelle-Aquitaine'],COM,{24},{75}
e633687f-3df5-494f-a965-663cbe7e652c,211202049,Commune de La Roque-Sainte-Marguerite (12),false,{12204},Commune,2026-03-24 14:41:53.63825+01,gold_establishments_2025,,,,21120204900014,2025,Collectivité Territoriale,Commune,['Aveyron'],['Occitanie'],COM,{12},{76}
9992be89-aa7e-403c-9ce0-e904e24e1f56,211300843,Commune de La Roque-d'Anthéron (13),false,{13084},Commune,2026-03-24 14:41:53.63825+01,gold_establishments_2025,,,,21130084300011,2025,Collectivité Territoriale,Commune,['Bouches-du-Rhône'],"[""Provence-Alpes-Côte d'Azur""]",COM,{13},{93}
c98f8ca1-c745-49a6-ac29-fe687b4a09cc,210601076,Commune de La Roque-en-Provence (06),false,{06107},Commune,2026-03-24 14:41:52.562531+01,gold_establishments_2025,,,,21060107600016,2025,Collectivité Territoriale,Commune,['Alpes-Maritimes'],"[""Provence-Alpes-Côte d'Azur""]",COM,{06},{93}
fcfcc9c5-64d1-41dd-a3c6-1f7133786fae,213002223,Commune de La Roque-sur-Cèze (30),false,{30222},Commune,2026-03-24 14:41:57.56054+01,gold_establishments_2025,,,,21300222300013,2025,Collectivité Territoriale,Commune,['Gard'],['Occitanie'],COM,{30},{76}
2f8eab2d-1844-4b8e-8797-4fb8f7582cf0,218401016,Commune de La Roque-sur-Pernes (84),false,{84101},Commune,2026-03-24 14:42:10.508772+01,gold_establishments_2025,,,,21840101600017,2025,Collectivité Territoriale,Commune,['Vaucluse'],"[""Provence-Alpes-Côte d'Azur""]",COM,{84},{93}
bd1d9d78-b63c-4a1d-99f4-9b813205a429,218301083,Commune de La Roquebrussanne (83),false,{83108},Commune,2026-03-24 14:42:10.508772+01,gold_establishments_2025,,,,21830108300018,2025,Collectivité Territoriale,Commune,['Var'],"[""Provence-Alpes-Côte d'Azur""]",COM,{83},{93}
6525ae4e-c05b-4aa5-af27-bef0550c478b,212704951,Commune de La Roquette (27),false,{27495},Commune,2026-03-24 14:41:57.028721+01,gold_establishments_2025,,,,21270495100012,2025,Collectivité Territoriale,Commune,['Eure'],['Normandie'],COM,{27},{28}
d5b32f5d-0109-46b5-96aa-61ff71ad01b3,210601084,Commune de La Roquette-sur-Siagne (06),false,{06108},Commune,2026-03-24 14:41:52.562531+01,gold_establishments_2025,,,,21060108400010,2025,Collectivité Territoriale,Commune,['Alpes-Maritimes'],"[""Provence-Alpes-Côte d'Azur""]",COM,{06},{93}
6215308f-0048-4961-8441-92862b37b001,210601092,Commune de La Roquette-sur-Var (06),false,{06109},Commune,2026-03-24 14:41:52.562531+01,gold_establishments_2025,,,,21060109200013,2025,Collectivité Territoriale,Commune,['Alpes-Maritimes'],"[""Provence-Alpes-Côte d'Azur""]",COM,{06},{93}
857523aa-07e6-47d7-a404-4d9f16b7c564,213303605,Commune de La Roquille (33),false,{33360},Commune,2026-03-24 14:41:58.620411+01,gold_establishments_2025,,,,21330360500017,2025,Collectivité Territoriale,Commune,['Gironde'],['Nouvelle-Aquitaine'],COM,{33},{75}
7875de3e-1258-411a-b960-bd0d872b2366,217004530,Commune de La Rosière (70),false,{70453},Commune,2026-03-24 14:42:07.735343+01,gold_establishments_2025,,,,21700453000010,2025,Collectivité Territoriale,Commune,['Haute-Saône'],['Bourgogne-Franche-Comté'],COM,{70},{27}
3dfdf56e-f240-4e82-90da-dff7f9a13f9f,211003165,Commune de La Rothière (10),false,{10327},Commune,2026-03-24 14:41:53.095366+01,gold_establishments_2025,,,,21100316500019,2025,Collectivité Territoriale,Commune,['Aube'],['Grand Est'],COM,{10},{44}
495418c7-955a-4f1d-8c86-88e8ee4978c6,215301920,Commune de La Rouaudière (53),false,{53192},Commune,2026-03-24 14:42:02.957225+01,gold_establishments_2025,,,,21530192000017,2025,Collectivité Territoriale,Commune,['Mayenne'],['Pays de la Loire'],COM,{53},{52}
9a0333fc-ed59-414d-8692-99d41aa446d5,211202056,Commune de La Rouquette (12),false,{12205},Commune,2026-03-24 14:41:53.63825+01,gold_establishments_2025,,,,21120205600019,2025,Collectivité Territoriale,Commune,['Aveyron'],['Occitanie'],COM,{12},{76}
d7e5899a-3281-4356-b63a-7662dcbbc1d8,213002249,Commune de La Rouvière (30),false,{30224},Commune,2026-03-24 14:41:57.56054+01,gold_establishments_2025,,,,21300224900018,2025,Collectivité Territoriale,Commune,['Gard'],['Occitanie'],COM,{30},{76}
bf8823a3-c9dc-4881-8147-96664a4adbcf,215301912,Commune de La Roë (53),false,{53191},Commune,2026-03-24 14:42:02.957225+01,gold_establishments_2025,,,,21530191200014,2025,Collectivité Territoriale,Commune,['Mayenne'],['Pays de la Loire'],COM,{53},{52}
84d36e3c-a329-4767-bb43-13910c0bec1a,216005538,Commune de La Rue-Saint-Pierre (60),false,{60559},Commune,2026-03-24 14:42:04.814328+01,gold_establishments_2025,,,,21600553800014,2025,Collectivité Territoriale,Commune,['Oise'],['Hauts-de-France'],COM,{60},{32}
3c887894-82fc-4ec7-8083-919320564fea,217605476,Commune de La Rue-Saint-Pierre (76),false,{76547},Commune,2026-03-24 14:42:08.818969+01,gold_establishments_2025,,,,21760547600019,2025,Collectivité Territoriale,Commune,['Seine-Maritime'],['Normandie'],COM,{76},{28}
befb5d88-ecca-49fb-86b1-20f631b879f6,213303522,Commune de La Réole (33),false,{33352},Commune,2026-03-24 14:41:58.620411+01,gold_establishments_2025,,,,21330352200014,2025,Collectivité Territoriale,Commune,['Gironde'],['Nouvelle-Aquitaine'],COM,{33},{75}
8b695037-ef8f-415c-8c48-431cf4376a19,218501880,Commune de La Réorthe (85),false,{85188},Commune,2026-03-24 14:42:10.508772+01,gold_establishments_2025,,,,21850188000015,2025,Collectivité Territoriale,Commune,['Vendée'],['Pays de la Loire'],COM,{85},{52}
e5f2a20b-0fe6-4ca2-b01b-435fff242fff,212600209,Commune de La Répara-Auriples (26),false,{26020},Commune,2026-03-24 14:41:56.495197+01,gold_establishments_2025,,,,21260020900010,2025,Collectivité Territoriale,Commune,['Drôme'],['Auvergne-Rhône-Alpes'],COM,{26},{84}
591b737b-6cf7-4df6-8831-205ead30757d,217004449,Commune de La Résie-Saint-Martin (70),false,{70444},Commune,2026-03-24 14:42:07.735343+01,gold_establishments_2025,,,,21700444900013,2025,Collectivité Territoriale,Commune,['Haute-Saône'],['Bourgogne-Franche-Comté'],COM,{70},{27}
d63443fc-2e3b-4646-bb94-bfc4772419e6,214702227,Commune de La Réunion (47),false,{47222},Commune,2026-03-24 14:42:00.862623+01,gold_establishments_2025,,,,21470222700015,2025,Collectivité Territoriale,Commune,['Lot-et-Garonne'],['Nouvelle-Aquitaine'],COM,{47},{75}
14bc2bad-d94c-4fd5-ad68-01b0b0d4020a,210803383,Commune de La Sabotterie (08),false,{08374},Commune,2026-03-24 14:41:53.095366+01,gold_establishments_2025,,,,21080338300012,2025,Collectivité Territoriale,Commune,['Ardennes'],['Grand Est'],COM,{08},{44}
2b1d0bac-60a2-4e58-aeec-215ad7ac7b8b,213804693,Commune de La Salette-Fallavaux (38),false,{38469},Commune,2026-03-24 14:41:59.705606+01,gold_establishments_2025,,,,21380469300017,2025,Collectivité Territoriale,Commune,['Isère'],['Auvergne-Rhône-Alpes'],COM,{38},{84}
a6a4c052-bb85-46e1-bac0-7510215d2fca,217104942,Commune de La Salle (71),false,{71494},Commune,2026-03-24 14:42:08.279287+01,gold_establishments_2025,,,,21710494200016,2025,Collectivité Territoriale,Commune,['Saône-et-Loire'],['Bourgogne-Franche-Comté'],COM,{71},{27}
d6cef88b-6c61-4e8b-8af2-292b082536d3,218804383,Commune de La Salle (88),false,{88438},Commune,2026-03-24 14:42:11.118516+01,gold_establishments_2025,,,,21880438300048,2025,Collectivité Territoriale,Commune,['Vosges'],['Grand Est'],COM,{88},{44}
20bf078a-9d96-422a-b519-5479f3cd0630,213804701,Commune de La Salle-en-Beaumont (38),false,{38470},Commune,2026-03-24 14:41:59.705606+01,gold_establishments_2025,,,,21380470100018,2025,Collectivité Territoriale,Commune,['Isère'],['Auvergne-Rhône-Alpes'],COM,{38},{84}
009c5fa8-b887-4435-a2f5-c1611083e9f8,210501615,Commune de La Salle-les-Alpes (05),false,{05161},Commune,2026-03-24 14:41:52.562531+01,gold_establishments_2025,,,,21050161500012,2025,Collectivité Territoriale,Commune,['Hautes-Alpes'],"[""Provence-Alpes-Côte d'Azur""]",COM,{05},{93}
45d84ede-3201-4394-8f5b-d4f43db259d4,218201762,Commune de La Salvetat-Belmontet (82),false,{82176},Commune,2026-03-24 14:42:10.508772+01,gold_establishments_2025,,,,21820176200018,2025,Collectivité Territoriale,Commune,['Tarn-et-Garonne'],['Occitanie'],COM,{82},{76}
d45868dc-abc5-459e-a69b-171cb08dc744,213105273,Commune de La Salvetat-Lauragais (31),false,{31527},Commune,2026-03-24 14:41:58.09424+01,gold_establishments_2025,,,,21310527300014,2025,Collectivité Territoriale,Commune,['Haute-Garonne'],['Occitanie'],COM,{31},{76}
3736f571-6d9e-4f0e-8165-df85a0c73759,211202585,Commune de La Salvetat-Peyralès (12),false,{12258},Commune,2026-03-24 14:41:53.63825+01,gold_establishments_2025,,,,21120258500017,2025,Collectivité Territoriale,Commune,['Aveyron'],['Occitanie'],COM,{12},{76}
fe7ac17e-6032-4ad7-8024-eb2c068fe8d3,213105265,Commune de La Salvetat-Saint-Gilles (31),false,{31526},Commune,2026-03-24 14:41:58.09424+01,gold_establishments_2025,,,,21310526500010,2025,Collectivité Territoriale,Commune,['Haute-Garonne'],['Occitanie'],COM,{31},{76}
a06b033c-b40b-4464-862d-a4065823052a,213402936,Commune de La Salvetat-sur-Agout (34),false,{34293},Commune,2026-03-24 14:41:58.620411+01,gold_establishments_2025,,,,21340293600065,2025,Collectivité Territoriale,Commune,['Hérault'],['Occitanie'],COM,{34},{76}
76c97634-666e-4b5a-b907-4fde5536dd49,212803688,Commune de La Saucelle (28),false,{28368},Commune,2026-03-24 14:41:57.028721+01,gold_establishments_2025,,,,21280368800010,2025,Collectivité Territoriale,Commune,['Eure-et-Loir'],['Centre-Val de Loire'],COM,{28},{24}
12379c46-d785-464b-bd8c-10a3a19bdb0e,210501623,Commune de La Saulce (05),false,{05162},Commune,2026-03-24 14:41:52.562531+01,gold_establishments_2025,,,,21050162300016,2025,Collectivité Territoriale,Commune,['Hautes-Alpes'],"[""Provence-Alpes-Côte d'Azur""]",COM,{05},{93}
b217676d-0047-4b3d-920a-7e83a8b92756,211003561,Commune de La Saulsotte (10),false,{10367},Commune,2026-03-24 14:41:53.095366+01,gold_establishments_2025,,,,21100356100019,2025,Collectivité Territoriale,Commune,['Aube'],['Grand Est'],COM,{10},{44}
1a573c75-ac79-4baa-a81a-e40303426840,212316905,Commune de La Saunière (23),false,{23169},Commune,2026-03-24 14:41:55.958138+01,gold_establishments_2025,,,,21231690500018,2025,Collectivité Territoriale,Commune,['Creuse'],['Nouvelle-Aquitaine'],COM,{23},{75}
55525fe1-e17c-44e2-ae49-02723e748a80,212706162,Commune de La Saussaye (27),false,{27616},Commune,2026-03-24 14:41:57.028721+01,gold_establishments_2025,,,,21270616200014,2025,Collectivité Territoriale,Commune,['Eure'],['Normandie'],COM,{27},{28}
0c2e214a-237c-4493-96aa-46072ee44721,213305055,Commune de La Sauve (33),false,{33505},Commune,2026-03-24 14:41:58.620411+01,gold_establishments_2025,,,,21330505500013,2025,Collectivité Territoriale,Commune,['Gironde'],['Nouvelle-Aquitaine'],COM,{33},{75}
51cb1b30-eb48-47dd-8c61-499429baf882,213204175,Commune de La Sauvetat (32),false,{32417},Commune,2026-03-24 14:41:58.09424+01,gold_establishments_2025,,,,21320417500011,2025,Collectivité Territoriale,Commune,['Gers'],['Occitanie'],COM,{32},{76}
f1007ecd-3ad8-47c4-8e1e-8f5283d179a3,216304139,Commune de La Sauvetat (63),false,{63413},Commune,2026-03-24 14:42:06.130387+01,gold_establishments_2025,,,,21630413900019,2025,Collectivité Territoriale,Commune,['Puy-de-Dôme'],['Auvergne-Rhône-Alpes'],COM,{63},{84}
2b34e1a4-3c04-4f6a-bf83-c7cadcd080a7,214702896,Commune de La Sauvetat-de-Savères (47),false,{47289},Commune,2026-03-24 14:42:00.862623+01,gold_establishments_2025,,,,21470289600017,2025,Collectivité Territoriale,Commune,['Lot-et-Garonne'],['Nouvelle-Aquitaine'],COM,{47},{75}
defe18df-128a-4500-8a28-da3fa19bc434,214702904,Commune de La Sauvetat-du-Dropt (47),false,{47290},Commune,2026-03-24 14:42:00.862623+01,gold_establishments_2025,,,,21470290400019,2025,Collectivité Territoriale,Commune,['Lot-et-Garonne'],['Nouvelle-Aquitaine'],COM,{47},{75}
bffdc0e8-c081-4ea6-b5e5-d9999f4e067a,214702912,Commune de La Sauvetat-sur-Lède (47),false,{47291},Commune,2026-03-24 14:42:00.862623+01,gold_establishments_2025,,,,21470291200012,2025,Collectivité Territoriale,Commune,['Lot-et-Garonne'],['Nouvelle-Aquitaine'],COM,{47},{75}
fc8ba52b-5534-4f81-8dcd-cb1480b5105a,218102796,Commune de La Sauzière-Saint-Jean (81),false,{81279},Commune,2026-03-24 14:42:09.967209+01,gold_establishments_2025,,,,21810279600016,2025,Collectivité Territoriale,Commune,['Tarn'],['Occitanie'],COM,{81},{76}
389dd8bc-ae58-46d0-9934-8a8f64db6262,215302589,Commune de La Selle-Craonnaise (53),false,{53258},Commune,2026-03-24 14:42:02.957225+01,gold_establishments_2025,,,,21530258900019,2025,Collectivité Territoriale,Commune,['Mayenne'],['Pays de la Loire'],COM,{53},{52}
078ddf92-0f4c-48f0-8cb8-f68f0c6edcf1,213503253,Commune de La Selle-Guerchaise (35),false,{35325},Commune,2026-03-24 14:41:59.160244+01,gold_establishments_2025,,,,21350325300014,2025,Collectivité Territoriale,Commune,['Ille-et-Vilaine'],['Bretagne'],COM,{35},{53}
40a0a80e-b49e-4da9-867e-0fdcd10e61da,214503062,Commune de La Selle-en-Hermoy (45),false,{45306},Commune,2026-03-24 14:42:00.862623+01,gold_establishments_2025,,,,21450306200017,2025,Collectivité Territoriale,Commune,['Loiret'],['Centre-Val de Loire'],COM,{45},{24}
a466e7e2-ea08-494f-9a39-29a40a3403a6,213503246,Commune de La Selle-en-Luitré (35),false,{35324},Commune,2026-03-24 14:41:59.160244+01,gold_establishments_2025,,,,21350324600018,2025,Collectivité Territoriale,Commune,['Ille-et-Vilaine'],['Bretagne'],COM,{35},{53}
a03823e9-bd93-4b9b-9da5-0d1ac44485fa,216104661,Commune de La Selle-la-Forge (61),false,{61466},Commune,2026-03-24 14:42:05.597325+01,gold_establishments_2025,,,,21610466100014,2025,Collectivité Territoriale,Commune,['Orne'],['Normandie'],COM,{61},{28}
a110e80a-8320-4129-9e7f-4258bfc0aa94,200088532,Commune de La Selle-sur-le-Bied (45),false,{45307},Commune,2026-03-24 14:42:00.862623+01,gold_establishments_2025,,,,20008853200011,2025,Collectivité Territoriale,Commune,['Loiret'],['Centre-Val de Loire'],COM,{45},{24}
5a43407e-4ae9-4d32-8e83-6eea5cab763f,210206785,Commune de La Selve (02),false,{02705},Commune,2026-03-24 14:41:52.020251+01,gold_establishments_2025,,,,21020678500011,2025,Collectivité Territoriale,Commune,['Aisne'],['Hauts-de-France'],COM,{02},{32}
f4b051f9-fb1c-4a24-95f8-fc0082c71ee0,211202676,Commune de La Selve (12),false,{12267},Commune,2026-03-24 14:41:53.63825+01,gold_establishments_2025,,,,21120267600014,2025,Collectivité Territoriale,Commune,['Aveyron'],['Occitanie'],COM,{12},{76}
31bbde62-18ab-4a94-afb2-4a5924315374,215905647,Commune de La Sentinelle (59),false,{59564},Commune,2026-03-24 14:42:04.814328+01,gold_establishments_2025,,,,21590564700016,2025,Collectivité Territoriale,Commune,['Nord'],['Hauts-de-France'],COM,{59},{32}
916fbf11-f0b9-4980-9781-56e3ce9f1ef8,211103767,Commune de La Serpent (11),false,{11376},Commune,2026-03-24 14:41:53.63825+01,gold_establishments_2025,,,,21110376700011,2025,Collectivité Territoriale,Commune,['Aude'],['Occitanie'],COM,{11},{76}
d1f81f2f-e416-4789-9ea1-f55a087cf48a,211202692,Commune de La Serre (12),false,{12269},Commune,2026-03-24 14:41:53.63825+01,gold_establishments_2025,,,,21120269200011,2025,Collectivité Territoriale,Commune,['Aveyron'],['Occitanie'],COM,{12},{76}
07bb59cb-ea67-4788-b2f7-218dc1afb15f,212317200,Commune de La Serre-Bussière-Vieille (23),false,{23172},Commune,2026-03-24 14:41:55.958138+01,gold_establishments_2025,,,,21231720000013,2025,Collectivité Territoriale,Commune,['Creuse'],['Nouvelle-Aquitaine'],COM,{23},{75}
fc2c30dc-d6c2-426c-8a51-5c0c1448c04f,218301265,Commune de La Seyne-sur-Mer (83),false,{83126},Commune,2026-03-24 14:42:10.508772+01,gold_establishments_2025,,,,21830126500011,2025,Collectivité Territoriale,Commune,['Var'],"[""Provence-Alpes-Côte d'Azur""]",COM,{83},{93}
68c83b33-dfce-4d6c-a93a-0864c0a05f3b,212505507,Commune de La Sommette (25),false,{25550},Commune,2026-03-24 14:41:56.495197+01,gold_establishments_2025,,,,21250550700013,2025,Collectivité Territoriale,Commune,['Doubs'],['Bourgogne-Franche-Comté'],COM,{25},{27}
59d36dcc-741f-459a-aaa3-34fd76963274,210703153,Commune de La Souche (07),false,{07315},Commune,2026-03-24 14:41:52.562531+01,gold_establishments_2025,,,,21070315300010,2025,Collectivité Territoriale,Commune,['Ardèche'],['Auvergne-Rhône-Alpes'],COM,{07},{84}
fda9134d-9317-4d1e-b4de-028e51b4235d,212317606,Commune de La Souterraine (23),false,{23176},Commune,2026-03-24 14:41:55.958138+01,gold_establishments_2025,,,,21231760600011,2025,Collectivité Territoriale,Commune,['Creuse'],['Nouvelle-Aquitaine'],COM,{23},{75}
97577efd-d3e6-4907-953b-f9ac017c6812,200064459,Commune de La Sure en Chartreuse (38),false,{38407},Commune,2026-03-24 14:41:59.160244+01,gold_establishments_2025,,,,20006445900015,2025,Collectivité Territoriale,Commune,['Isère'],['Auvergne-Rhône-Alpes'],COM,{38},{84}
64b55118-f1da-430d-9c5b-f5af866f3190,217203462,Commune de La Suze-sur-Sarthe (72),false,{72346},Commune,2026-03-24 14:42:08.279287+01,gold_establishments_2025,,,,21720346200015,2025,Collectivité Territoriale,Commune,['Sarthe'],['Pays de la Loire'],COM,{72},{52}
66e96d11-30fb-4c9a-9c21-a2b3ccec4e35,214302366,Commune de La Séauve-sur-Semène (43),false,{43236},Commune,2026-03-24 14:42:00.273698+01,gold_establishments_2025,,,,21430236600015,2025,Collectivité Territoriale,Commune,['Haute-Loire'],['Auvergne-Rhône-Alpes'],COM,{43},{84}
3b6b76c0-a254-4454-8d59-6196e169f020,211502240,Commune de La Ségalassière (15),false,{15224},Commune,2026-03-24 14:41:54.362296+01,gold_establishments_2025,,,,21150224000016,2025,Collectivité Territoriale,Commune,['Cantal'],['Auvergne-Rhône-Alpes'],COM,{15},{84}
88b3b015-de22-44d4-9ce6-87e8b51125e4,214903320,Commune de La Séguinière (49),false,{49332},Commune,2026-03-24 14:42:01.412377+01,gold_establishments_2025,,,,21490332000015,2025,Collectivité Territoriale,Commune,['Maine-et-Loire'],['Pays de la Loire'],COM,{49},{52}
d61a22c6-aaa6-4cff-a979-666eadb16bc2,213804958,Commune de La Sône (38),false,{38495},Commune,2026-03-24 14:41:59.705606+01,gold_establishments_2025,,,,21380495800014,2025,Collectivité Territoriale,Commune,['Isère'],['Auvergne-Rhône-Alpes'],COM,{38},{84}
9b33bf05-59d2-4019-945a-d3096bcb1084,217302892,Commune de La Table (73),false,{73289},Commune,2026-03-24 14:42:08.279287+01,gold_establishments_2025,,,,21730289200013,2025,Collectivité Territoriale,Commune,['Savoie'],['Auvergne-Rhône-Alpes'],COM,{73},{84}
a48738b5-0c4d-4b14-a4f5-1bd228bba468,217105311,Commune de La Tagnière (71),false,{71531},Commune,2026-03-24 14:42:08.279287+01,gold_establishments_2025,,,,21710531100013,2025,Collectivité Territoriale,Commune,['Saône-et-Loire'],['Bourgogne-Franche-Comté'],COM,{71},{27}
61a9164c-825a-403c-9595-f0174b01e4b7,218502862,Commune de La Taillée (85),false,{85286},Commune,2026-03-24 14:42:10.508772+01,gold_establishments_2025,,,,21850286200012,2025,Collectivité Territoriale,Commune,['Vendée'],['Pays de la Loire'],COM,{85},{52}
d27bfee9-7624-4351-8ce6-3a27c435b9e3,214203051,Commune de La Talaudière (42),false,{42305},Commune,2026-03-24 14:42:00.273698+01,gold_establishments_2025,,,,21420305100013,2025,Collectivité Territoriale,Commune,['Loire'],['Auvergne-Rhône-Alpes'],COM,{42},{84}
4d4a2838-578f-46e9-a0a9-82b679c4ee31,213805039,Commune de La Terrasse (38),false,{38503},Commune,2026-03-24 14:41:59.705606+01,gold_establishments_2025,,,,21380503900012,2025,Collectivité Territoriale,Commune,['Isère'],['Auvergne-Rhône-Alpes'],COM,{38},{84}
863dfd9f-3989-422d-9fe4-449774de7b69,214203085,Commune de La Terrasse-sur-Dorlay (42),false,{42308},Commune,2026-03-24 14:42:00.273698+01,gold_establishments_2025,,,,21420308500011,2025,Collectivité Territoriale,Commune,['Loire'],['Auvergne-Rhône-Alpes'],COM,{42},{84}
b1b08a25-9961-40e8-81d8-556aa410ffb6,214903437,Commune de La Tessoualle (49),false,{49343},Commune,2026-03-24 14:42:01.412377+01,gold_establishments_2025,,,,21490343700017,2025,Collectivité Territoriale,Commune,['Maine-et-Loire'],['Pays de la Loire'],COM,{49},{52}
1d5aa5db-b19a-48e5-b9a7-1b7fb49862f9,213305295,Commune de La Teste-de-Buch (33),false,{33529},Commune,2026-03-24 14:41:58.620411+01,gold_establishments_2025,,,,21330529500254,2025,Collectivité Territoriale,Commune,['Gironde'],['Nouvelle-Aquitaine'],COM,{33},{75}
ebfa233f-486d-40b8-bf18-c71693863e9e,216208132,Commune de La Thieuloye (62),false,{62813},Commune,2026-03-24 14:42:06.130387+01,gold_establishments_2025,,,,21620813200011,2025,Collectivité Territoriale,Commune,['Pas-de-Calais'],['Hauts-de-France'],COM,{62},{32}
c7b56c93-a0b2-4ef7-b2de-722229930b5a,217302942,Commune de La Thuile (73),false,{73294},Commune,2026-03-24 14:42:08.279287+01,gold_establishments_2025,,,,21730294200016,2025,Collectivité Territoriale,Commune,['Savoie'],['Auvergne-Rhône-Alpes'],COM,{73},{84}
76561527-8f7f-4402-93a7-07d0ad075af8,214801912,Commune de La Tieule (48),false,{48191},Commune,2026-03-24 14:42:01.412377+01,gold_establishments_2025,,,,21480191200012,2025,Collectivité Territoriale,Commune,['Lozère'],['Occitanie'],COM,{48},{76}
02c6d704-caad-4daa-a235-dfc0903b4461,217704675,Commune de La Tombe (77),false,{77467},Commune,2026-03-24 14:42:09.43682+01,gold_establishments_2025,,,,21770467500016,2025,Collectivité Territoriale,Commune,['Seine-et-Marne'],['Île-de-France'],COM,{77},{11}
4b9142a0-464a-47d3-9122-aab182de6662,212603526,Commune de La Touche (26),false,{26352},Commune,2026-03-24 14:41:56.495197+01,gold_establishments_2025,,,,21260352600014,2025,Collectivité Territoriale,Commune,['Drôme'],['Auvergne-Rhône-Alpes'],COM,{26},{84}
29c4a7f4-ee1c-432a-9b72-2d7294e14aa6,210601449,Commune de La Tour (06),false,{06144},Commune,2026-03-24 14:41:52.562531+01,gold_establishments_2025,,,,21060144900015,2025,Collectivité Territoriale,Commune,['Alpes-Maritimes'],"[""Provence-Alpes-Côte d'Azur""]",COM,{06},{93}
fe189431-0573-4a29-a60b-ef2166d53440,217402841,Commune de La Tour (74),false,{74284},Commune,2026-03-24 14:42:08.818969+01,gold_establishments_2025,,,,21740284100019,2025,Collectivité Territoriale,Commune,['Haute-Savoie'],['Auvergne-Rhône-Alpes'],COM,{74},{84}
64bf6f8a-76ca-492c-bd0f-6b56fb063764,200065340,Commune de La Tour-Blanche-Cercles (24),false,{24554},Commune,2026-03-24 14:41:55.958138+01,gold_establishments_2025,,,,20006534000016,2025,Collectivité Territoriale,Commune,['Dordogne'],['Nouvelle-Aquitaine'],COM,{24},{75}
5e4b782e-02dd-4a3b-89fd-d9760b0b09fd,213702608,Commune de La Tour-Saint-Gelin (37),false,{37260},Commune,2026-03-24 14:41:59.160244+01,gold_establishments_2025,,,,21370260800018,2025,Collectivité Territoriale,Commune,['Indre-et-Loire'],['Centre-Val de Loire'],COM,{37},{24}
9ceb9819-85a3-4864-bca9-1750cf1d4036,218401339,Commune de La Tour-d'Aigues (84),false,{84133},Commune,2026-03-24 14:42:10.508772+01,gold_establishments_2025,,,,21840133900013,2025,Collectivité Territoriale,Commune,['Vaucluse'],"[""Provence-Alpes-Côte d'Azur""]",COM,{84},{93}
89656782-b266-4a70-b396-8121f31221df,216301929,Commune de La Tour-d'Auvergne (63),false,{63192},Commune,2026-03-24 14:42:06.130387+01,gold_establishments_2025,,,,21630192900016,2025,Collectivité Territoriale,Commune,['Puy-de-Dôme'],['Auvergne-Rhône-Alpes'],COM,{63},{84}
a5c8a641-39bf-4ad0-ac35-8c9abb36fad5,216902502,Commune de La Tour-de-Salvagny (69),false,{69250},Commune,2026-03-24 14:42:07.735343+01,gold_establishments_2025,,,,21690250200014,2025,Collectivité Territoriale,Commune,['Rhône'],['Auvergne-Rhône-Alpes'],COM,{69},{84}
ad05d82b-acde-4e56-9d86-30027bc26d78,212505663,Commune de La Tour-de-Sçay (25),false,{25566},Commune,2026-03-24 14:41:56.495197+01,gold_establishments_2025,,,,21250566300014,2025,Collectivité Territoriale,Commune,['Doubs'],['Bourgogne-Franche-Comté'],COM,{25},{27}
0bb46dd9-3067-4644-90b1-e1f64dbcb9d7,210903126,Commune de La Tour-du-Crieu (09),false,{09312},Commune,2026-03-24 14:41:53.095366+01,gold_establishments_2025,,,,21090312600014,2025,Collectivité Territoriale,Commune,['Ariège'],['Occitanie'],COM,{09},{76}
d1058792-0e61-4c04-86b0-77503b03519b,213905342,Commune de La Tour-du-Meix (39),false,{39534},Commune,2026-03-24 14:41:59.705606+01,gold_establishments_2025,,,,21390534200019,2025,Collectivité Territoriale,Commune,['Jura'],['Bourgogne-Franche-Comté'],COM,{39},{27}
656e44d6-f704-4850-844c-4b147f63acba,213805096,Commune de La Tour-du-Pin (38),false,{38509},Commune,2026-03-24 14:41:59.705606+01,gold_establishments_2025,,,,21380509600012,2025,Collectivité Territoriale,Commune,['Isère'],['Auvergne-Rhône-Alpes'],COM,{38},{84}
1f5803ce-636d-4174-8603-75de71dd9829,214203119,Commune de La Tour-en-Jarez (42),false,{42311},Commune,2026-03-24 14:42:00.273698+01,gold_establishments_2025,,,,21420311900018,2025,Collectivité Territoriale,Commune,['Loire'],['Auvergne-Rhône-Alpes'],COM,{42},{84}
a0ba76f7-0f76-456b-bc63-6136a1b2b70f,200084523,Commune de La Tour-en-Maurienne (73),false,{73135},Commune,2026-03-24 14:42:08.279287+01,gold_establishments_2025,,,,20008452300014,2025,Collectivité Territoriale,Commune,['Savoie'],['Auvergne-Rhône-Alpes'],COM,{73},{84}
a543f7cf-865b-4792-ac2e-4abca01a8329,213403124,Commune de La Tour-sur-Orb (34),false,{34312},Commune,2026-03-24 14:41:58.620411+01,gold_establishments_2025,,,,21340312400018,2025,Collectivité Territoriale,Commune,['Hérault'],['Occitanie'],COM,{34},{76}
04d00c1c-8bb7-43ee-9557-761e71414ec6,214203127,Commune de La Tourette (42),false,{42312},Commune,2026-03-24 14:42:00.273698+01,gold_establishments_2025,,,,21420312700011,2025,Collectivité Territoriale,Commune,['Loire'],['Auvergne-Rhône-Alpes'],COM,{42},{84}
fa3df68a-cb32-4514-a90d-c480db1dc798,211103916,Commune de La Tourette-Cabardès (11),false,{11391},Commune,2026-03-24 14:41:53.63825+01,gold_establishments_2025,,,,21110391600014,2025,Collectivité Territoriale,Commune,['Aude'],['Occitanie'],COM,{11},{76}
70972c31-cad3-4870-a2e9-075b39d4e308,218502946,Commune de La Tranche-sur-Mer (85),false,{85294},Commune,2026-03-24 14:42:10.508772+01,gold_establishments_2025,,,,21850294600013,2025,Collectivité Territoriale,Commune,['Vendée'],['Pays de la Loire'],COM,{85},{52}
540d5cb5-4f44-43c9-8fd8-6694a9bd0278,210104253,Commune de La Tranclière (01),false,{01425},Commune,2026-03-24 14:41:51.447482+01,gold_establishments_2025,,,,21010425300013,2025,Collectivité Territoriale,Commune,['Ain'],['Auvergne-Rhône-Alpes'],COM,{01},{84}
8f4045d6-dd85-4eef-bf34-e17ce3481208,211704523,Commune de La Tremblade (17),false,{17452},Commune,2026-03-24 14:41:54.903238+01,gold_establishments_2025,,,,21170452300011,2025,Collectivité Territoriale,Commune,['Charente-Maritime'],['Nouvelle-Aquitaine'],COM,{17},{75}
467c59cf-ca58-478b-ac17-59cce93df083,218602738,Commune de La Trimouille (86),false,{86273},Commune,2026-03-24 14:42:11.118516+01,gold_establishments_2025,,,,21860273800013,2025,Collectivité Territoriale,Commune,['Vienne'],['Nouvelle-Aquitaine'],COM,{86},{75}
a60c0605-82ef-468e-a340-9523e48c90be,211502414,Commune de La Trinitat (15),false,{15241},Commune,2026-03-24 14:41:54.362296+01,gold_establishments_2025,,,,21150241400017,2025,Collectivité Territoriale,Commune,['Cantal'],['Auvergne-Rhône-Alpes'],COM,{15},{84}
7d22350c-c26a-49e6-938e-0a949b3782eb,210601498,Commune de La Trinité (06),false,{06149},Commune,2026-03-24 14:41:52.562531+01,gold_establishments_2025,,,,21060149800012,2025,Collectivité Territoriale,Commune,['Alpes-Maritimes'],"[""Provence-Alpes-Côte d'Azur""]",COM,{06},{93}
b8301a45-a4be-4945-8f8c-6ff79c0ff951,212706592,Commune de La Trinité (27),false,{27659},Commune,2026-03-24 14:41:57.028721+01,gold_establishments_2025,,,,21270659200012,2025,Collectivité Territoriale,Commune,['Eure'],['Normandie'],COM,{27},{28}
0b3a4dc9-b039-4a17-ac9f-143c3b2fcee3,215006073,Commune de La Trinité (50),false,{50607},Commune,2026-03-24 14:42:01.412377+01,gold_establishments_2025,,,,21500607300013,2025,Collectivité Territoriale,Commune,['Manche'],['Normandie'],COM,{50},{28}
c800443d-55b0-4bdf-977c-84822bfdeaae,217303023,Commune de La Trinité (73),false,{73302},Commune,2026-03-24 14:42:08.279287+01,gold_establishments_2025,,,,21730302300014,2025,Collectivité Territoriale,Commune,['Savoie'],['Auvergne-Rhône-Alpes'],COM,{73},{84}
77f511ca-b761-49cb-920b-45561df704ae,219722303,Commune de La Trinité (972),false,{97230},Commune,2026-03-24 14:42:11.659493+01,gold_establishments_2025,,,,21972230300019,2025,Collectivité Territoriale,Commune,['Martinique'],['Martinique'],COM,{972},{02}
964d5d20-8b0e-4a60-8351-ac4fb26e9b88,215602574,Commune de La Trinité-Porhoët (56),false,{56257},Commune,2026-03-24 14:42:03.701372+01,gold_establishments_2025,,,,21560257400018,2025,Collectivité Territoriale,Commune,['Morbihan'],['Bretagne'],COM,{56},{53}
db16aeb9-f310-4f9e-896d-9c93a0dcd665,215602590,Commune de La Trinité-Surzur (56),false,{56259},Commune,2026-03-24 14:42:03.701372+01,gold_establishments_2025,,,,21560259000014,2025,Collectivité Territoriale,Commune,['Morbihan'],['Bretagne'],COM,{56},{53}
0d05bca0-90ad-4c15-8c41-ad9eafb5816d,212706600,Commune de La Trinité-de-Réville (27),false,{27660},Commune,2026-03-24 14:41:57.028721+01,gold_establishments_2025,,,,21270660000013,2025,Collectivité Territoriale,Commune,['Eure'],['Normandie'],COM,{27},{28}
8c2404ab-25e9-4db8-a5eb-2cc727172587,212706618,Commune de La Trinité-de-Thouberville (27),false,{27661},Commune,2026-03-24 14:41:57.028721+01,gold_establishments_2025,,,,21270661800015,2025,Collectivité Territoriale,Commune,['Eure'],['Normandie'],COM,{27},{28}
bb47dd97-d0a5-41c1-8cda-f6c175871b6f,216104935,Commune de La Trinité-des-Laitiers (61),false,{61493},Commune,2026-03-24 14:42:05.597325+01,gold_establishments_2025,,,,21610493500012,2025,Collectivité Territoriale,Commune,['Orne'],['Normandie'],COM,{61},{28}
0ff599ba-ca58-40ff-801c-e9d5aae59d92,217607126,Commune de La Trinité-du-Mont (76),false,{76712},Commune,2026-03-24 14:42:08.818969+01,gold_establishments_2025,,,,21760712600018,2025,Collectivité Territoriale,Commune,['Seine-Maritime'],['Normandie'],COM,{76},{28}
6640d66d-8e33-40d5-a495-d8a2557231b1,215602582,Commune de La Trinité-sur-Mer (56),false,{56258},Commune,2026-03-24 14:42:03.701372+01,gold_establishments_2025,,,,21560258200011,2025,Collectivité Territoriale,Commune,['Morbihan'],['Bretagne'],COM,{56},{53}
391114b6-a438-44bc-b4e2-5881ee5d9090,213805161,Commune de La Tronche (38),false,{38516},Commune,2026-03-24 14:41:59.705606+01,gold_establishments_2025,,,,21380516100014,2025,Collectivité Territoriale,Commune,['Isère'],['Auvergne-Rhône-Alpes'],COM,{38},{84}
0c41208f-ac1c-4209-aaf3-dc7f786769e9,217105493,Commune de La Truchère (71),false,{71549},Commune,2026-03-24 14:42:08.279287+01,gold_establishments_2025,,,,21710549300019,2025,Collectivité Territoriale,Commune,['Saône-et-Loire'],['Bourgogne-Franche-Comté'],COM,{71},{27}
bf67577b-4b57-499b-a3f2-c70ea0094d38,217704725,Commune de La Trétoire (77),false,{77472},Commune,2026-03-24 14:42:09.43682+01,gold_establishments_2025,,,,21770472500019,2025,Collectivité Territoriale,Commune,['Seine-et-Marne'],['Île-de-France'],COM,{77},{11}
d2d98f5c-5da9-4805-b33c-c2a39586ce35,214203143,Commune de La Tuilière (42),false,{42314},Commune,2026-03-24 14:42:00.273698+01,gold_establishments_2025,,,,21420314300018,2025,Collectivité Territoriale,Commune,['Loire'],['Auvergne-Rhône-Alpes'],COM,{42},{84}
fed09986-95e2-46bb-95a7-a83e45a33309,214402117,Commune de La Turballe (44),false,{44211},Commune,2026-03-24 14:42:00.862623+01,gold_establishments_2025,,,,21440211700011,2025,Collectivité Territoriale,Commune,['Loire-Atlantique'],['Pays de la Loire'],COM,{44},{52}
ea4d0272-2360-4de6-9299-13daf0a829d5,210601506,Commune de La Turbie (06),false,{06150},Commune,2026-03-24 14:41:52.562531+01,gold_establishments_2025,,,,21060150600012,2025,Collectivité Territoriale,Commune,['Alpes-Maritimes'],"[""Provence-Alpes-Côte d'Azur""]",COM,{06},{93}
889607a8-dc63-41af-89e6-70239a5ef71d,211603774,Commune de La Tâche (16),false,{16377},Commune,2026-03-24 14:41:54.362296+01,gold_establishments_2025,,,,21160377400012,2025,Collectivité Territoriale,Commune,['Charente'],['Nouvelle-Aquitaine'],COM,{16},{75}
176cd955-09c6-425a-aff4-008d965bf675,218804854,Commune de La Vacheresse-et-la-Rouillie (88),false,{88485},Commune,2026-03-24 14:42:11.118516+01,gold_establishments_2025,,,,21880485400014,2025,Collectivité Territoriale,Commune,['Vosges'],['Grand Est'],COM,{88},{44}
f247f468-209d-496b-a977-434e66543972,212706667,Commune de La Vacherie (27),false,{27666},Commune,2026-03-24 14:41:57.028721+01,gold_establishments_2025,,,,21270666700012,2025,Collectivité Territoriale,Commune,['Eure'],['Normandie'],COM,{27},{28}
f7a7ebaf-933d-49f7-873f-2d7c19e362cc,213403173,Commune de La Vacquerie-et-Saint-Martin-de-Castries (34),false,{34317},Commune,2026-03-24 14:41:58.620411+01,gold_establishments_2025,,,,21340317300015,2025,Collectivité Territoriale,Commune,['Hérault'],['Occitanie'],COM,{34},{76}
655fa613-84cc-41c1-a5c4-fc283ca01951,217005123,Commune de La Vaivre (70),false,{70512},Commune,2026-03-24 14:42:07.735343+01,gold_establishments_2025,,,,21700512300013,2025,Collectivité Territoriale,Commune,['Haute-Saône'],['Bourgogne-Franche-Comté'],COM,{70},{27}
2c5be7ca-755c-484f-a7af-cafc346196bc,213805211,Commune de La Valette (38),false,{38521},Commune,2026-03-24 14:41:59.705606+01,gold_establishments_2025,,,,21380521100017,2025,Collectivité Territoriale,Commune,['Isère'],['Auvergne-Rhône-Alpes'],COM,{38},{84}
77c40bed-9417-4fae-8226-376dec8d4993,218301448,Commune de La Valette-du-Var (83),false,{83144},Commune,2026-03-24 14:42:10.508772+01,gold_establishments_2025,,,,21830144800013,2025,Collectivité Territoriale,Commune,['Var'],"[""Provence-Alpes-Côte d'Azur""]",COM,{83},{93}
3b7e445a-c82a-47c4-af1f-228f22e80853,214203226,Commune de La Valla-en-Gier (42),false,{42322},Commune,2026-03-24 14:42:00.273698+01,gold_establishments_2025,,,,21420322600011,2025,Collectivité Territoriale,Commune,['Loire'],['Auvergne-Rhône-Alpes'],COM,{42},{84}
568f1797-5fe9-4961-a2c8-f357a5bc8ee7,214203218,Commune de La Valla-sur-Rochefort (42),false,{42321},Commune,2026-03-24 14:42:00.273698+01,gold_establishments_2025,,,,21420321800018,2025,Collectivité Territoriale,Commune,['Loire'],['Auvergne-Rhône-Alpes'],COM,{42},{84}
834d4e5c-9276-489b-b5f1-9a17775da641,211704556,Commune de La Vallée (17),false,{17455},Commune,2026-03-24 14:41:54.903238+01,gold_establishments_2025,,,,21170455600011,2025,Collectivité Territoriale,Commune,['Charente-Maritime'],['Nouvelle-Aquitaine'],COM,{17},{75}
22ccf717-0ab3-48ff-9c7e-599d7c1bdf32,210207338,Commune de La Vallée-Mulâtre (02),false,{02760},Commune,2026-03-24 14:41:52.020251+01,gold_establishments_2025,,,,21020733800018,2025,Collectivité Territoriale,Commune,['Aisne'],['Hauts-de-France'],COM,{02},{32}
6425021c-4b0f-4955-a534-616c073274fa,210207320,Commune de La Vallée-au-Blé (02),false,{02759},Commune,2026-03-24 14:41:52.020251+01,gold_establishments_2025,,,,21020732000016,2025,Collectivité Territoriale,Commune,['Aisne'],['Hauts-de-France'],COM,{02},{32}
80f64f35-d26d-4b06-a530-7233942b924d,216705053,Commune de La Vancelle (67),false,{67505},Commune,2026-03-24 14:42:07.195692+01,gold_establishments_2025,,,,21670505300017,2025,Collectivité Territoriale,Commune,['Bas-Rhin'],['Grand Est'],COM,{67},{44}
65996964-9521-44a0-bf03-0108e5633755,217607282,Commune de La Vaupalière (76),false,{76728},Commune,2026-03-24 14:42:08.818969+01,gold_establishments_2025,,,,21760728200019,2025,Collectivité Territoriale,Commune,['Seine-Maritime'],['Normandie'],COM,{76},{28}
6b2f1ec6-792a-40b7-bb2a-3e40815b7fb2,215006248,Commune de La Vendelée (50),false,{50624},Commune,2026-03-24 14:42:01.412377+01,gold_establishments_2025,,,,21500624800011,2025,Collectivité Territoriale,Commune,['Manche'],['Normandie'],COM,{50},{28}
0514dfa8-e85c-40bc-8b30-04a6a9c0658e,211003892,Commune de La Vendue-Mignot (10),false,{10402},Commune,2026-03-24 14:41:53.095366+01,gold_establishments_2025,,,,21100389200018,2025,Collectivité Territoriale,Commune,['Aube'],['Grand Est'],COM,{10},{44}
899bc632-7efb-41dd-a9c7-398521f70135,216105007,Commune de La Ventrouze (61),false,{61500},Commune,2026-03-24 14:42:05.597325+01,gold_establishments_2025,,,,21610500700019,2025,Collectivité Territoriale,Commune,['Orne'],['Normandie'],COM,{61},{28}
f997108d-f3fc-4517-bd45-17c14c68de14,218301463,Commune de La Verdière (83),false,{83146},Commune,2026-03-24 14:42:10.508772+01,gold_establishments_2025,,,,21830146300012,2025,Collectivité Territoriale,Commune,['Var'],"[""Provence-Alpes-Côte d'Azur""]",COM,{83},{93}
330a77c7-6cce-4ab9-b205-57fe8ec35175,217005446,Commune de La Vergenne (70),false,{70544},Commune,2026-03-24 14:42:07.735343+01,gold_establishments_2025,,,,21700544600018,2025,Collectivité Territoriale,Commune,['Haute-Saône'],['Bourgogne-Franche-Comté'],COM,{70},{27}
70c593cd-a2b8-43b8-8660-326d619a373b,211704655,Commune de La Vergne (17),false,{17465},Commune,2026-03-24 14:41:54.903238+01,gold_establishments_2025,,,,21170465500011,2025,Collectivité Territoriale,Commune,['Charente-Maritime'],['Nouvelle-Aquitaine'],COM,{17},{75}
25f7226d-600b-4ff9-9970-a97ba6fca585,213003452,Commune de La Vernarède (30),false,{30345},Commune,2026-03-24 14:41:57.56054+01,gold_establishments_2025,,,,21300345200017,2025,Collectivité Territoriale,Commune,['Gard'],['Occitanie'],COM,{30},{76}
79fbd5b8-07b9-4176-8e75-a08fc6b315bf,217402957,Commune de La Vernaz (74),false,{74295},Commune,2026-03-24 14:42:08.818969+01,gold_establishments_2025,,,,21740295700013,2025,Collectivité Territoriale,Commune,['Haute-Savoie'],['Auvergne-Rhône-Alpes'],COM,{74},{84}
24298dc6-aebd-43f9-a7a2-1155ebef9a43,213602337,Commune de La Vernelle (36),false,{36233},Commune,2026-03-24 14:41:59.160244+01,gold_establishments_2025,,,,21360233700015,2025,Collectivité Territoriale,Commune,['Indre'],['Centre-Val de Loire'],COM,{36},{24}
72c5755f-bc8b-4d76-9163-263604826875,217005495,Commune de La Vernotte (70),false,{70549},Commune,2026-03-24 14:42:07.735343+01,gold_establishments_2025,,,,21700549500015,2025,Collectivité Territoriale,Commune,['Haute-Saône'],['Bourgogne-Franche-Comté'],COM,{70},{27}
21f38967-d7d1-4308-ada6-62cf397c68a4,213805377,Commune de La Verpillière (38),false,{38537},Commune,2026-03-24 14:41:59.705606+01,gold_establishments_2025,,,,21380537700016,2025,Collectivité Territoriale,Commune,['Isère'],['Auvergne-Rhône-Alpes'],COM,{38},{84}
b2c97c70-6a39-4df4-b4e8-62e732af9113,217806447,Commune de La Verrière (78),false,{78644},Commune,2026-03-24 14:42:09.43682+01,gold_establishments_2025,,,,21780644700017,2025,Collectivité Territoriale,Commune,['Yvelines'],['Île-de-France'],COM,{78},{11}
af415ab7-f29a-43e6-98b3-ad4d73466be7,214203291,Commune de La Versanne (42),false,{42329},Commune,2026-03-24 14:42:00.273698+01,gold_establishments_2025,,,,21420329100015,2025,Collectivité Territoriale,Commune,['Loire'],['Auvergne-Rhône-Alpes'],COM,{42},{84}
2647d96c-7779-4bc0-ba05-79f648fb8880,200060507,Commune de La Vespière-Friardel (14),false,{14740},Commune,2026-03-24 14:41:54.362296+01,gold_establishments_2025,,,,20006050700015,2025,Collectivité Territoriale,Commune,['Calvados'],['Normandie'],COM,{14},{28}
44f06a4e-2a21-43ce-b9ce-c5fe6c94a3fd,215105701,Commune de La Veuve (51),false,{51617},Commune,2026-03-24 14:42:01.954481+01,gold_establishments_2025,,,,21510570100019,2025,Collectivité Territoriale,Commune,['Marne'],['Grand Est'],COM,{51},{44}
3afda1d4-5fdd-4fd4-9ee2-4817a5269a3e,218007433,Commune de La Vicogne (80),false,{80792},Commune,2026-03-24 14:42:09.967209+01,gold_establishments_2025,,,,21800743300012,2025,Collectivité Territoriale,Commune,['Somme'],['Hauts-de-France'],COM,{80},{32}
37f5747b-17c7-422f-8390-58a71ed6425f,212203855,Commune de La Vicomté-sur-Rance (22),false,{22385},Commune,2026-03-24 14:41:55.958138+01,gold_establishments_2025,,,,21220385500011,2025,Collectivité Territoriale,Commune,"[""Côtes-d'Armor""]",['Bretagne'],COM,{22},{53}
08c9a501-6a13-4737-a4d3-1c16ca0f1de6,213905599,Commune de La Vieille-Loye (39),false,{39559},Commune,2026-03-24 14:41:59.705606+01,gold_establishments_2025,,,,21390559900014,2025,Collectivité Territoriale,Commune,['Jura'],['Bourgogne-Franche-Comté'],COM,{39},{27}
2e5bac2e-2e16-4cc6-a9df-6e5b3b07a533,200085645,Commune de La Vieille-Lyre (27),false,{27685},Commune,2026-03-24 14:41:57.028721+01,gold_establishments_2025,,,,20008564500014,2025,Collectivité Territoriale,Commune,['Eure'],['Normandie'],COM,{27},{28}
a31ec882-40c7-4a29-ab9d-08f9f87ebb55,217607407,Commune de La Vieux-Rue (76),false,{76740},Commune,2026-03-24 14:42:08.818969+01,gold_establishments_2025,,,,21760740700012,2025,Collectivité Territoriale,Commune,['Seine-Maritime'],['Normandie'],COM,{76},{28}
890ee8a4-10b7-4200-9bf5-5dc6abd5a350,218200962,Commune de La Ville-Dieu-du-Temple (82),false,{82096},Commune,2026-03-24 14:42:10.508772+01,gold_establishments_2025,,,,21820096200015,2025,Collectivité Territoriale,Commune,['Tarn-et-Garonne'],['Occitanie'],COM,{82},{76}
aee4d8e4-069a-4fca-9e30-0de518864eb2,211003975,Commune de La Ville-aux-Bois (10),false,{10411},Commune,2026-03-24 14:41:53.095366+01,gold_establishments_2025,,,,21100397500011,2025,Collectivité Territoriale,Commune,['Aube'],['Grand Est'],COM,{10},{44}
b97f639a-c37f-4a0a-a00d-738a9af742d5,210207759,Commune de La Ville-aux-Bois-lès-Dizy (02),false,{02802},Commune,2026-03-24 14:41:52.020251+01,gold_establishments_2025,,,,21020775900015,2025,Collectivité Territoriale,Commune,['Aisne'],['Hauts-de-France'],COM,{02},{32}
9d3c9b19-67c6-44ec-a269-be74e11301a3,210207767,Commune de La Ville-aux-Bois-lès-Pontavert (02),false,{02803},Commune,2026-03-24 14:41:52.020251+01,gold_establishments_2025,,,,21020776700018,2025,Collectivité Territoriale,Commune,['Aisne'],['Hauts-de-France'],COM,{02},{32}
a3c10f24-6284-49a6-a475-64f63eb4ab8a,214102758,Commune de La Ville-aux-Clercs (41),false,{41275},Commune,2026-03-24 14:42:00.273698+01,gold_establishments_2025,,,,21410275800015,2025,Collectivité Territoriale,Commune,['Loir-et-Cher'],['Centre-Val de Loire'],COM,{41},{24}
2502f11f-4648-4a21-bac9-8f0e54cb382c,213702731,Commune de La Ville-aux-Dames (37),false,{37273},Commune,2026-03-24 14:41:59.160244+01,gold_establishments_2025,,,,21370273100018,2025,Collectivité Territoriale,Commune,['Indre-et-Loire'],['Centre-Val de Loire'],COM,{37},{24}
c1a3592d-28e2-4a2b-8e51-7708904c5869,219106655,Commune de La Ville-du-Bois (91),false,{91665},Commune,2026-03-24 14:42:11.659493+01,gold_establishments_2025,,,,21910665500018,2025,Collectivité Territoriale,Commune,['Essonne'],['Île-de-France'],COM,{91},{11}
28b40846-59b3-4c6b-843f-3a6ce9fc3923,215105925,Commune de La Ville-sous-Orbais (51),false,{51639},Commune,2026-03-24 14:42:01.954481+01,gold_establishments_2025,,,,21510592500014,2025,Collectivité Territoriale,Commune,['Marne'],['Grand Est'],COM,{51},{44}
7a226f2b-f7b6-450b-9a2b-307b2a2967cf,213503584,Commune de La Ville-ès-Nonais (35),false,{35358},Commune,2026-03-24 14:41:59.160244+01,gold_establishments_2025,,,,21350358400012,2025,Collectivité Territoriale,Commune,['Ille-et-Vilaine'],['Bretagne'],COM,{35},{53}
26cc3ab9-3468-4cce-a019-816c4a3ef982,211704713,Commune de La Villedieu (17),false,{17471},Commune,2026-03-24 14:41:54.903238+01,gold_establishments_2025,,,,21170471300018,2025,Collectivité Territoriale,Commune,['Charente-Maritime'],['Nouvelle-Aquitaine'],COM,{17},{75}
298f45b1-80b9-4ae9-8cd2-498b8cd9d3e0,212326409,Commune de La Villedieu (23),false,{23264},Commune,2026-03-24 14:41:55.958138+01,gold_establishments_2025,,,,21232640900019,2025,Collectivité Territoriale,Commune,['Creuse'],['Nouvelle-Aquitaine'],COM,{23},{75}
5128e81c-2a85-4ef2-a359-9626f4d56a46,218602902,Commune de La Villedieu-du-Clain (86),false,{86290},Commune,2026-03-24 14:42:11.118516+01,gold_establishments_2025,,,,21860290200015,2025,Collectivité Territoriale,Commune,['Vienne'],['Nouvelle-Aquitaine'],COM,{86},{75}
e94d6eff-5a29-4faf-a41c-9a78e25c269b,217005552,Commune de La Villedieu-en-Fontenette (70),false,{70555},Commune,2026-03-24 14:42:07.735343+01,gold_establishments_2025,,,,21700555200013,2025,Collectivité Territoriale,Commune,['Haute-Saône'],['Bourgogne-Franche-Comté'],COM,{70},{27}
97277d8e-2546-4ca4-a55b-7956a4c5628b,212326508,Commune de La Villeneuve (23),false,{23265},Commune,2026-03-24 14:41:55.958138+01,gold_establishments_2025,,,,21232650800018,2025,Collectivité Territoriale,Commune,['Creuse'],['Nouvelle-Aquitaine'],COM,{23},{75}
b9e84f2e-6dab-4055-87f3-f7fba502aa45,217005586,Commune de La Villeneuve-Bellenoye-et-la-Maize (70),false,{70558},Commune,2026-03-24 14:42:07.735343+01,gold_establishments_2025,,,,21700558600011,2025,Collectivité Territoriale,Commune,['Haute-Saône'],['Bourgogne-Franche-Comté'],COM,{70},{27}
35fc272f-7215-455b-8d67-56d4a39ebb6a,211004098,Commune de La Villeneuve-au-Châtelot (10),false,{10421},Commune,2026-03-24 14:41:53.095366+01,gold_establishments_2025,,,,21100409800011,2025,Collectivité Territoriale,Commune,['Aube'],['Grand Est'],COM,{10},{44}
817c2dea-7f91-44f5-aaab-d5e7d1749a4a,211004114,Commune de La Villeneuve-au-Chêne (10),false,{10423},Commune,2026-03-24 14:41:53.095366+01,gold_establishments_2025,,,,21100411400016,2025,Collectivité Territoriale,Commune,['Aube'],['Grand Est'],COM,{10},{44}
753ea622-d782-4393-b9f4-70796ebd88f3,217806686,Commune de La Villeneuve-en-Chevrie (78),false,{78668},Commune,2026-03-24 14:42:09.43682+01,gold_establishments_2025,,,,21780668600010,2025,Collectivité Territoriale,Commune,['Yvelines'],['Île-de-France'],COM,{78},{11}
132db1ba-528f-4620-9f94-223955b42b63,212106959,Commune de La Villeneuve-les-Convers (21),false,{21695},Commune,2026-03-24 14:41:55.433389+01,gold_establishments_2025,,,,21210695900019,2025,Collectivité Territoriale,Commune,"[""Côte-d'Or""]",['Bourgogne-Franche-Comté'],COM,{21},{27}
0ca319b5-033f-471b-8e67-5e0c9e2c89f8,215105792,Commune de La Villeneuve-lès-Charleville (51),false,{51626},Commune,2026-03-24 14:42:01.954481+01,gold_establishments_2025,,,,21510579200018,2025,Collectivité Territoriale,Commune,['Marne'],['Grand Est'],COM,{51},{44}
1ec148ac-392b-43e1-a506-8ab5a659b61d,216006700,Commune de La Villeneuve-sous-Thury (60),false,{60679},Commune,2026-03-24 14:42:04.814328+01,gold_establishments_2025,,,,21600670000019,2025,Collectivité Territoriale,Commune,['Oise'],['Hauts-de-France'],COM,{60},{32}
c5034f2a-e57c-40d4-b0f6-3bd3f9f623f5,212326607,Commune de La Villetelle (23),false,{23266},Commune,2026-03-24 14:41:55.958138+01,gold_establishments_2025,,,,21232660700018,2025,Collectivité Territoriale,Commune,['Creuse'],['Nouvelle-Aquitaine'],COM,{23},{75}
5a39bee8-e43e-4335-9b22-1738c3746865,211407564,Commune de La Villette (14),false,{14756},Commune,2026-03-24 14:41:54.362296+01,gold_establishments_2025,,,,21140756400015,2025,Collectivité Territoriale,Commune,['Calvados'],['Normandie'],COM,{14},{28}
d8046300-cf9a-45d6-99c6-8aeabca11c62,200065449,Commune de La Vineuse sur Fregande (71),false,{71582},Commune,2026-03-24 14:42:08.279287+01,gold_establishments_2025,,,,20006544900015,2025,Collectivité Territoriale,Commune,['Saône-et-Loire'],['Bourgogne-Franche-Comté'],COM,{71},{27}
0b4bd76d-11a3-47f3-bce0-0ef72e624617,217005735,Commune de La Voivre (70),false,{70573},Commune,2026-03-24 14:42:07.735343+01,gold_establishments_2025,,,,21700573500014,2025,Collectivité Territoriale,Commune,['Haute-Saône'],['Bourgogne-Franche-Comté'],COM,{70},{27}
aac47764-0f8f-40de-af7e-dbd9ecd02430,218805190,Commune de La Voivre (88),false,{88519},Commune,2026-03-24 14:42:11.118516+01,gold_establishments_2025,,,,21880519000012,2025,Collectivité Territoriale,Commune,['Vosges'],['Grand Est'],COM,{88},{44}
e83ad2de-bc62-4e9d-b335-62acc09aa4ad,210703492,Commune de La Voulte-sur-Rhône (07),false,{07349},Commune,2026-03-24 14:41:52.562531+01,gold_establishments_2025,,,,21070349200012,2025,Collectivité Territoriale,Commune,['Ardèche'],['Auvergne-Rhône-Alpes'],COM,{07},{84}
f608ce98-9bf4-4d37-a66d-287e2d6bf711,215602616,Commune de La Vraie-Croix (56),false,{56261},Commune,2026-03-24 14:42:03.701372+01,gold_establishments_2025,,,,21560261600108,2025,Collectivité Territoriale,Commune,['Morbihan'],['Bretagne'],COM,{56},{53}
b04784f6-d8c1-44af-b66f-a0d6e9af9143,212506117,Commune de La Vèze (25),false,{25611},Commune,2026-03-24 14:41:56.495197+01,gold_establishments_2025,,,,21250611700010,2025,Collectivité Territoriale,Commune,['Doubs'],['Bourgogne-Franche-Comté'],COM,{25},{27}
52572ab4-27b2-4d05-9538-ffe2903c40ee,200069326,Commune de La Vôge-les-Bains (88),false,{88029},Commune,2026-03-24 14:42:11.118516+01,gold_establishments_2025,,,,20006932600011,2025,Collectivité Territoriale,Commune,['Vosges'],['Grand Est'],COM,{88},{44}
655c5955-0cd4-4ed5-8f72-d331dfc1a4d6,216705194,Commune de La Wantzenau (67),false,{67519},Commune,2026-03-24 14:42:07.195692+01,gold_establishments_2025,,,,21670519400019,2025,Collectivité Territoriale,Commune,['Bas-Rhin'],['Grand Est'],COM,{67},{44}
ede05625-2141-4345-b7c4-b784200f1b59,213201676,Commune de Laas (32),false,{32167},Commune,2026-03-24 14:41:58.09424+01,gold_establishments_2025,,,,21320167600011,2025,Collectivité Territoriale,Commune,['Gers'],['Occitanie'],COM,{32},{76}
5f64f54d-d8cc-47b9-a436-0d4b2d124188,214501777,Commune de Laas (45),false,{45177},Commune,2026-03-24 14:42:00.862623+01,gold_establishments_2025,,,,21450177700012,2025,Collectivité Territoriale,Commune,['Loiret'],['Centre-Val de Loire'],COM,{45},{24}
d4c3a8ae-e832-4675-9321-64ef02f8e567,210102000,Commune de Labalme (01),false,{01200},Commune,2026-03-24 14:41:51.447482+01,gold_establishments_2025,,,,21010200000010,2025,Collectivité Territoriale,Commune,['Ain'],['Auvergne-Rhône-Alpes'],COM,{01},{84}
1ed1ee0e-1514-4299-aa86-7f3bd418c8ff,213302110,Commune de Labarde (33),false,{33211},Commune,2026-03-24 14:41:58.620411+01,gold_establishments_2025,,,,21330211000019,2025,Collectivité Territoriale,Commune,['Gironde'],['Nouvelle-Aquitaine'],COM,{33},{75}
1f145ae2-d328-48af-9cd1-e32f9e62ff92,216801738,Commune de Labaroche (68),false,{68173},Commune,2026-03-24 14:42:07.195692+01,gold_establishments_2025,,,,21680173800016,2025,Collectivité Territoriale,Commune,['Haut-Rhin'],['Grand Est'],COM,{68},{44}
8eb8f242-df0c-4a02-9752-67e5b3c1387f,213201692,Commune de Labarthe (32),false,{32169},Commune,2026-03-24 14:41:58.09424+01,gold_establishments_2025,,,,21320169200018,2025,Collectivité Territoriale,Commune,['Gers'],['Occitanie'],COM,{32},{76}
e57b105b-4134-4925-aded-b0d26a7a3804,218200772,Commune de Labarthe (82),false,{82077},Commune,2026-03-24 14:42:10.508772+01,gold_establishments_2025,,,,21820077200018,2025,Collectivité Territoriale,Commune,['Tarn-et-Garonne'],['Occitanie'],COM,{82},{76}
e2b8fa39-8b51-48d6-98e5-2bf29ca2b0c4,218101111,Commune de Labarthe-Bleys (81),false,{81111},Commune,2026-03-24 14:42:09.967209+01,gold_establishments_2025,,,,21810111100019,2025,Collectivité Territoriale,Commune,['Tarn'],['Occitanie'],COM,{81},{76}
ba4c3b7a-c9ab-4167-95e9-86de048429f0,213102460,Commune de Labarthe-Inard (31),false,{31246},Commune,2026-03-24 14:41:58.09424+01,gold_establishments_2025,,,,21310246000010,2025,Collectivité Territoriale,Commune,['Haute-Garonne'],['Occitanie'],COM,{31},{76}
05febfd7-1b4b-4c94-8545-5bf8d82fd2f4,213102478,Commune de Labarthe-Rivière (31),false,{31247},Commune,2026-03-24 14:41:58.09424+01,gold_establishments_2025,,,,21310247800012,2025,Collectivité Territoriale,Commune,['Haute-Garonne'],['Occitanie'],COM,{31},{76}
a7326a49-4916-4ef7-a9de-af7bc924d787,213102486,Commune de Labarthe-sur-Lèze (31),false,{31248},Commune,2026-03-24 14:41:58.09424+01,gold_establishments_2025,,,,21310248600015,2025,Collectivité Territoriale,Commune,['Haute-Garonne'],['Occitanie'],COM,{31},{76}
e756f1d6-cdf0-4230-bfee-87c413299cb6,213201700,Commune de Labarthète (32),false,{32170},Commune,2026-03-24 14:41:58.09424+01,gold_establishments_2025,,,,21320170000019,2025,Collectivité Territoriale,Commune,['Gers'],['Occitanie'],COM,{32},{76}
c106732c-8bec-4318-bb61-c6d95e1d0857,216502385,Commune de Labassère (65),false,{65238},Commune,2026-03-24 14:42:06.665412+01,gold_establishments_2025,,,,21650238500018,2025,Collectivité Territoriale,Commune,['Hautes-Pyrénées'],['Occitanie'],COM,{65},{76}
36258008-2c8f-4474-877c-9445b5137e37,216502393,Commune de Labastide (65),false,{65239},Commune,2026-03-24 14:42:06.665412+01,gold_establishments_2025,,,,21650239300012,2025,Collectivité Territoriale,Commune,['Hautes-Pyrénées'],['Occitanie'],COM,{65},{76}
c3706426-37ca-411e-8bff-df21e9c35c52,213102494,Commune de Labastide-Beauvoir (31),false,{31249},Commune,2026-03-24 14:41:58.09424+01,gold_establishments_2025,,,,21310249400019,2025,Collectivité Territoriale,Commune,['Haute-Garonne'],['Occitanie'],COM,{31},{76}
d5e5ece0-8c55-4311-9e06-bcdce7380cc8,214701211,Commune de Labastide-Castel-Amouroux (47),false,{47121},Commune,2026-03-24 14:42:00.862623+01,gold_establishments_2025,,,,21470121100010,2025,Collectivité Territoriale,Commune,['Lot-et-Garonne'],['Nouvelle-Aquitaine'],COM,{47},{75}
a8e377d3-d305-43cb-8109-f2ba201153ee,214001307,Commune de Labastide-Chalosse (40),false,{40130},Commune,2026-03-24 14:41:59.705606+01,gold_establishments_2025,,,,21400130700013,2025,Collectivité Territoriale,Commune,['Landes'],['Nouvelle-Aquitaine'],COM,{40},{75}
6683199e-e297-4131-8519-c5f6e95bb90c,213102502,Commune de Labastide-Clermont (31),false,{31250},Commune,2026-03-24 14:41:58.09424+01,gold_establishments_2025,,,,21310250200019,2025,Collectivité Territoriale,Commune,['Haute-Garonne'],['Occitanie'],COM,{31},{76}
01075763-eddf-4dbf-824a-ebe66a5095d5,216402883,Commune de Labastide-Cézéracq (64),false,{64288},Commune,2026-03-24 14:42:06.130387+01,gold_establishments_2025,,,,21640288300013,2025,Collectivité Territoriale,Commune,['Pyrénées-Atlantiques'],['Nouvelle-Aquitaine'],COM,{64},{75}
52939900-184a-439c-ab90-c60de742e17e,211101803,Commune de Labastide-Esparbairenque (11),false,{11180},Commune,2026-03-24 14:41:53.63825+01,gold_establishments_2025,,,,21110180300016,2025,Collectivité Territoriale,Commune,['Aude'],['Occitanie'],COM,{11},{76}
a93edaba-ea34-417a-af17-c320cb71ea73,218101145,Commune de Labastide-Gabausse (81),false,{81114},Commune,2026-03-24 14:42:09.967209+01,gold_establishments_2025,,,,21810114500017,2025,Collectivité Territoriale,Commune,['Tarn'],['Occitanie'],COM,{81},{76}
8dc4a6c9-3d8a-4565-90b2-e1b53f278d2e,214601379,Commune de Labastide-Marnhac (46),false,{46137},Commune,2026-03-24 14:42:00.862623+01,gold_establishments_2025,,,,21460137900016,2025,Collectivité Territoriale,Commune,['Lot'],['Occitanie'],COM,{46},{76}
57d52c4d-df12-4738-967c-b64a4865af46,216402909,Commune de Labastide-Monréjeau (64),false,{64290},Commune,2026-03-24 14:42:06.130387+01,gold_establishments_2025,,,,21640290900016,2025,Collectivité Territoriale,Commune,['Pyrénées-Atlantiques'],['Nouvelle-Aquitaine'],COM,{64},{75}
b03f3c2e-9d8b-4c6f-8741-91e27161ad82,213102510,Commune de Labastide-Paumès (31),false,{31251},Commune,2026-03-24 14:41:58.09424+01,gold_establishments_2025,,,,21310251000012,2025,Collectivité Territoriale,Commune,['Haute-Garonne'],['Occitanie'],COM,{31},{76}
dcb602c8-053f-47ba-a4a0-0751ac8c2000,218101152,Commune de Labastide-Rouairoux (81),false,{81115},Commune,2026-03-24 14:42:09.967209+01,gold_establishments_2025,,,,21810115200013,2025,Collectivité Territoriale,Commune,['Tarn'],['Occitanie'],COM,{81},{76}
d2c02352-429e-40e4-91ac-1e700eb7ade6,218101160,Commune de Labastide-Saint-Georges (81),false,{81116},Commune,2026-03-24 14:42:09.967209+01,gold_establishments_2025,,,,21810116000016,2025,Collectivité Territoriale,Commune,['Tarn'],['Occitanie'],COM,{81},{76}
56b28a3f-fcd9-4cf7-b2d8-fb48a91b52de,218200798,Commune de Labastide-Saint-Pierre (82),false,{82079},Commune,2026-03-24 14:42:10.508772+01,gold_establishments_2025,,,,21820079800013,2025,Collectivité Territoriale,Commune,['Tarn-et-Garonne'],['Occitanie'],COM,{82},{76}
372dd899-0a92-47a1-8572-88848fae9b3b,213102528,Commune de Labastide-Saint-Sernin (31),false,{31252},Commune,2026-03-24 14:41:58.09424+01,gold_establishments_2025,,,,21310252800014,2025,Collectivité Territoriale,Commune,['Haute-Garonne'],['Occitanie'],COM,{31},{76}
757b8d62-b57a-4ab9-ae11-73368f2109a9,213201718,Commune de Labastide-Savès (32),false,{32171},Commune,2026-03-24 14:41:58.09424+01,gold_establishments_2025,,,,21320171800011,2025,Collectivité Territoriale,Commune,['Gers'],['Occitanie'],COM,{32},{76}
21a2caa7-be01-4004-aad1-878e69b6fec4,216402917,Commune de Labastide-Villefranche (64),false,{64291},Commune,2026-03-24 14:42:06.130387+01,gold_establishments_2025,,,,21640291700019,2025,Collectivité Territoriale,Commune,['Pyrénées-Atlantiques'],['Nouvelle-Aquitaine'],COM,{64},{75}
4488317d-15bb-4068-bb89-b0980d035dba,211101787,Commune de Labastide-d'Anjou (11),false,{11178},Commune,2026-03-24 14:41:53.63825+01,gold_establishments_2025,,,,21110178700011,2025,Collectivité Territoriale,Commune,['Aude'],['Occitanie'],COM,{11},{76}
644a6b9f-89cd-4666-b351-0121748393bb,214001315,Commune de Labastide-d'Armagnac (40),false,{40131},Commune,2026-03-24 14:41:59.705606+01,gold_establishments_2025,,,,21400131500016,2025,Collectivité Territoriale,Commune,['Landes'],['Nouvelle-Aquitaine'],COM,{40},{75}
362acc45-b762-4d1c-bef4-00ca18b8f464,218101129,Commune de Labastide-de-Lévis (81),false,{81112},Commune,2026-03-24 14:42:09.967209+01,gold_establishments_2025,,,,21810112900011,2025,Collectivité Territoriale,Commune,['Tarn'],['Occitanie'],COM,{81},{76}
bdbec3b1-67ba-483d-95af-8554b020b577,218200780,Commune de Labastide-de-Penne (82),false,{82078},Commune,2026-03-24 14:42:10.508772+01,gold_establishments_2025,,,,21820078000011,2025,Collectivité Territoriale,Commune,['Tarn-et-Garonne'],['Occitanie'],COM,{82},{76}
6bb93003-465b-4c73-ba7d-69b0d8460513,210701132,Commune de Labastide-de-Virac (07),false,{07113},Commune,2026-03-24 14:41:52.562531+01,gold_establishments_2025,,,,21070113200016,2025,Collectivité Territoriale,Commune,['Ardèche'],['Auvergne-Rhône-Alpes'],COM,{07},{84}
9bea284a-9b58-4713-95ab-849b0b517c01,214601353,Commune de Labastide-du-Haut-Mont (46),false,{46135},Commune,2026-03-24 14:42:00.862623+01,gold_establishments_2025,,,,21460135300011,2025,Collectivité Territoriale,Commune,['Lot'],['Occitanie'],COM,{46},{76}
0c9fb627-304c-4bdc-ba1f-042719e5a27b,218200806,Commune de Labastide-du-Temple (82),false,{82080},Commune,2026-03-24 14:42:10.508772+01,gold_establishments_2025,,,,21820080600014,2025,Collectivité Territoriale,Commune,['Tarn-et-Garonne'],['Occitanie'],COM,{82},{76}
e64fb132-9f9d-457a-aa67-95632c3dc6e7,214601361,Commune de Labastide-du-Vert (46),false,{46136},Commune,2026-03-24 14:42:00.862623+01,gold_establishments_2025,,,,21460136100014,2025,Collectivité Territoriale,Commune,['Lot'],['Occitanie'],COM,{46},{76}
faafdd3c-16be-4375-9143-70dac6ff68a2,211101795,Commune de Labastide-en-Val (11),false,{11179},Commune,2026-03-24 14:41:53.63825+01,gold_establishments_2025,,,,21110179500014,2025,Collectivité Territoriale,Commune,['Aude'],['Occitanie'],COM,{11},{76}
e7b855d9-a9d5-4519-9e58-0526bca2980c,210701124,Commune de Labastide-sur-Bésorgues (07),false,{07112},Commune,2026-03-24 14:41:52.562531+01,gold_establishments_2025,,,,21070112400013,2025,Collectivité Territoriale,Commune,['Ardèche'],['Auvergne-Rhône-Alpes'],COM,{07},{84}
535dab82-7b96-4ca2-9b94-b3c409ed4220,213102536,Commune de Labastidette (31),false,{31253},Commune,2026-03-24 14:41:58.09424+01,gold_establishments_2025,,,,21310253600066,2025,Collectivité Territoriale,Commune,['Haute-Garonne'],['Occitanie'],COM,{31},{76}
08990434-17e2-4b47-b28f-3242e7fe550b,214601395,Commune de Labathude (46),false,{46139},Commune,2026-03-24 14:42:00.862623+01,gold_establishments_2025,,,,21460139500012,2025,Collectivité Territoriale,Commune,['Lot'],['Occitanie'],COM,{46},{76}
51fc006e-8ddf-455d-acd3-438f9f45082e,210701140,Commune de Labatie-d'Andaure (07),false,{07114},Commune,2026-03-24 14:41:52.562531+01,gold_establishments_2025,,,,21070114000019,2025,Collectivité Territoriale,Commune,['Ardèche'],['Auvergne-Rhône-Alpes'],COM,{07},{84}
4aff31d6-8bca-439d-94e4-3836d5380c81,216402925,Commune de Labatmale (64),false,{64292},Commune,2026-03-24 14:42:06.130387+01,gold_establishments_2025,,,,21640292500012,2025,Collectivité Territoriale,Commune,['Pyrénées-Atlantiques'],['Nouvelle-Aquitaine'],COM,{64},{75}
2597cca6-f7c9-4db8-8c14-2c60d09ad343,210901476,Commune de Labatut (09),false,{09147},Commune,2026-03-24 14:41:53.095366+01,gold_establishments_2025,,,,21090147600015,2025,Collectivité Territoriale,Commune,['Ariège'],['Occitanie'],COM,{09},{76}
830c9679-f0a5-43a3-b726-8299990bed0a,214001323,Commune de Labatut (40),false,{40132},Commune,2026-03-24 14:41:59.705606+01,gold_establishments_2025,,,,21400132300010,2025,Collectivité Territoriale,Commune,['Landes'],['Nouvelle-Aquitaine'],COM,{40},{75}
42ef2079-b10c-4a4e-9af4-635a23d91554,216402933,Commune de Labatut-Figuières (64),false,{64293},Commune,2026-03-24 14:42:06.130387+01,gold_establishments_2025,,,,21640293300016,2025,Collectivité Territoriale,Commune,['Pyrénées-Atlantiques'],['Nouvelle-Aquitaine'],COM,{64},{75}
b0ce59e7-de55-4cd3-acd0-c41b5c59a68c,216502401,Commune de Labatut-Rivière (65),false,{65240},Commune,2026-03-24 14:42:06.665412+01,gold_establishments_2025,,,,21650240100013,2025,Collectivité Territoriale,Commune,['Hautes-Pyrénées'],['Occitanie'],COM,{65},{76}
b5240d5d-da9a-4dbb-bc62-8e204bceb9cc,219503281,Commune de Labbeville (95),false,{95328},Commune,2026-03-24 14:42:11.659493+01,gold_establishments_2025,,,,21950328100038,2025,Collectivité Territoriale,Commune,"[""Val-d'Oise""]",['Île-de-France'],COM,{95},{11}
f1eb4282-c3f0-4aac-a00c-8540b26b1f32,210701157,Commune de Labeaume (07),false,{07115},Commune,2026-03-24 14:41:52.562531+01,gold_establishments_2025,,,,21070115700013,2025,Collectivité Territoriale,Commune,['Ardèche'],['Auvergne-Rhône-Alpes'],COM,{07},{84}
d08a7369-4bfe-4b6e-8b60-b1a423dbf99a,214001331,Commune de Labenne (40),false,{40133},Commune,2026-03-24 14:41:59.705606+01,gold_establishments_2025,,,,21400133100013,2025,Collectivité Territoriale,Commune,['Landes'],['Nouvelle-Aquitaine'],COM,{40},{75}
74662ded-e424-415c-ad6e-6e48124b890b,212103303,Commune de Labergement-Foigney (21),false,{21330},Commune,2026-03-24 14:41:55.433389+01,gold_establishments_2025,,,,21210330300013,2025,Collectivité Territoriale,Commune,"[""Côte-d'Or""]",['Bourgogne-Franche-Comté'],COM,{21},{27}
85716da8-2788-43ea-bb39-51c4955c0937,212503205,Commune de Labergement-Sainte-Marie (25),false,{25320},Commune,2026-03-24 14:41:56.495197+01,gold_establishments_2025,,,,21250320500016,2025,Collectivité Territoriale,Commune,['Doubs'],['Bourgogne-Franche-Comté'],COM,{25},{27}
edea213e-31ae-47df-896f-a83233163c31,212103311,Commune de Labergement-lès-Auxonne (21),false,{21331},Commune,2026-03-24 14:41:55.433389+01,gold_establishments_2025,,,,21210331100016,2025,Collectivité Territoriale,Commune,"[""Côte-d'Or""]",['Bourgogne-Franche-Comté'],COM,{21},{27}
8a9ffbc9-385c-4c05-a550-fc1eb3f8683f,212103329,Commune de Labergement-lès-Seurre (21),false,{21332},Commune,2026-03-24 14:41:55.433389+01,gold_establishments_2025,,,,21210332900018,2025,Collectivité Territoriale,Commune,"[""Côte-d'Or""]",['Bourgogne-Franche-Comté'],COM,{21},{27}
cc3d2f83-24f5-4c6f-9ae1-3d22889b38eb,216003269,Commune de Laberlière (60),false,{60329},Commune,2026-03-24 14:42:04.814328+01,gold_establishments_2025,,,,21600326900018,2025,Collectivité Territoriale,Commune,['Oise'],['Hauts-de-France'],COM,{60},{32}
be0bc0ed-1f92-4e61-84a4-1837d291b91d,213302128,Commune de Labescau (33),false,{33212},Commune,2026-03-24 14:41:58.620411+01,gold_establishments_2025,,,,21330212800011,2025,Collectivité Territoriale,Commune,['Gironde'],['Nouvelle-Aquitaine'],COM,{33},{75}
26df4f1f-3d29-4bf3-ae05-bd158411c3f9,211500848,Commune de Labesserette (15),false,{15084},Commune,2026-03-24 14:41:54.362296+01,gold_establishments_2025,,,,21150084800018,2025,Collectivité Territoriale,Commune,['Cantal'],['Auvergne-Rhône-Alpes'],COM,{15},{84}
174aec05-2e43-46af-a36e-98522c142a16,216301838,Commune de Labessette (63),false,{63183},Commune,2026-03-24 14:42:06.130387+01,gold_establishments_2025,,,,21630183800019,2025,Collectivité Territoriale,Commune,['Puy-de-Dôme'],['Auvergne-Rhône-Alpes'],COM,{63},{84}
b877007d-7c6a-4b5b-b1e1-a7271997b3e1,218101178,Commune de Labessière-Candeil (81),false,{81117},Commune,2026-03-24 14:42:09.967209+01,gold_establishments_2025,,,,21810117800018,2025,Collectivité Territoriale,Commune,['Tarn'],['Occitanie'],COM,{81},{76}
2b85fd7c-cc07-4e28-9a02-3f170b4dd3c8,216402941,Commune de Labets-Biscay (64),false,{64294},Commune,2026-03-24 14:42:06.130387+01,gold_establishments_2025,,,,21640294100019,2025,Collectivité Territoriale,Commune,['Pyrénées-Atlantiques'],['Nouvelle-Aquitaine'],COM,{64},{75}
0540c9b9-a6df-40a7-9a09-18ec5e34aa47,215502659,Commune de Labeuville (55),false,{55265},Commune,2026-03-24 14:42:02.957225+01,gold_establishments_2025,,,,21550265900018,2025,Collectivité Territoriale,Commune,['Meuse'],['Grand Est'],COM,{55},{44}
d3f126bf-d58d-4ee8-ad14-76350be514b5,216204792,Commune de Labeuvrière (62),false,{62479},Commune,2026-03-24 14:42:05.597325+01,gold_establishments_2025,,,,21620479200016,2025,Collectivité Territoriale,Commune,['Pas-de-Calais'],['Hauts-de-France'],COM,{62},{32}
fadef02c-6a74-46d1-85c7-c0e5bf5fb88e,216402958,Commune de Labeyrie (64),false,{64295},Commune,2026-03-24 14:42:06.130387+01,gold_establishments_2025,,,,21640295800013,2025,Collectivité Territoriale,Commune,['Pyrénées-Atlantiques'],['Nouvelle-Aquitaine'],COM,{64},{75}
a274eab6-0c3a-4aac-bf83-b2207ebf5123,210701173,Commune de Lablachère (07),false,{07117},Commune,2026-03-24 14:41:52.562531+01,gold_establishments_2025,,,,21070117300010,2025,Collectivité Territoriale,Commune,['Ardèche'],['Auvergne-Rhône-Alpes'],COM,{07},{84}
f350991a-ea7c-4df6-ae15-95a992ed291a,218004331,Commune de Laboissière-en-Santerre (80),false,{80453},Commune,2026-03-24 14:42:09.967209+01,gold_establishments_2025,,,,21800433100011,2025,Collectivité Territoriale,Commune,['Somme'],['Hauts-de-France'],COM,{80},{32}
2695db13-b89c-49aa-93d4-109a0e0a70e9,216003277,Commune de Laboissière-en-Thelle (60),false,{60330},Commune,2026-03-24 14:42:04.814328+01,gold_establishments_2025,,,,21600327700011,2025,Collectivité Territoriale,Commune,['Oise'],['Hauts-de-France'],COM,{60},{32}
d8cfa113-92f8-4dfb-b75f-3f39d6f0bce0,216502419,Commune de Laborde (65),false,{65241},Commune,2026-03-24 14:42:06.665412+01,gold_establishments_2025,,,,21650241900015,2025,Collectivité Territoriale,Commune,['Hautes-Pyrénées'],['Occitanie'],COM,{65},{76}
a8789325-43d7-4bd2-bdac-9f666275df45,212601538,Commune de Laborel (26),false,{26153},Commune,2026-03-24 14:41:56.495197+01,gold_establishments_2025,,,,21260153800011,2025,Collectivité Territoriale,Commune,['Drôme'],['Auvergne-Rhône-Alpes'],COM,{26},{84}
17da650c-0be9-4701-97b8-a2cb7f03069c,216003285,Commune de Labosse (60),false,{60331},Commune,2026-03-24 14:42:04.814328+01,gold_establishments_2025,,,,21600328500014,2025,Collectivité Territoriale,Commune,['Oise'],['Hauts-de-France'],COM,{60},{32}
47c6a712-a059-4ed2-9112-e99710b46019,214001349,Commune de Labouheyre (40),false,{40134},Commune,2026-03-24 14:41:59.705606+01,gold_establishments_2025,,,,21400134900015,2025,Collectivité Territoriale,Commune,['Landes'],['Nouvelle-Aquitaine'],COM,{40},{75}
531b4ddb-c8d1-43ce-ab78-b7279d194ba1,218101186,Commune de Laboulbène (81),false,{81118},Commune,2026-03-24 14:42:09.967209+01,gold_establishments_2025,,,,21810118600011,2025,Collectivité Territoriale,Commune,['Tarn'],['Occitanie'],COM,{81},{76}
ee0b720e-7361-4b87-9cd7-72792694047c,210701181,Commune de Laboule (07),false,{07118},Commune,2026-03-24 14:41:52.562531+01,gold_establishments_2025,,,,21070118100013,2025,Collectivité Territoriale,Commune,['Ardèche'],['Auvergne-Rhône-Alpes'],COM,{07},{84}
43a5fc9e-c2a7-4e34-8190-d2d8b4d11178,218200814,Commune de Labourgade (82),false,{82081},Commune,2026-03-24 14:42:10.508772+01,gold_establishments_2025,,,,21820081400018,2025,Collectivité Territoriale,Commune,['Tarn-et-Garonne'],['Occitanie'],COM,{82},{76}
8abffb54-e3e0-45e1-b8af-c0a3462fd3d9,216204800,Commune de Labourse (62),false,{62480},Commune,2026-03-24 14:42:05.597325+01,gold_establishments_2025,,,,21620480000017,2025,Collectivité Territoriale,Commune,['Pas-de-Calais'],['Hauts-de-France'],COM,{62},{32}
f5ca907c-d7d3-46b5-81a9-9879aeced77d,218101194,Commune de Laboutarie (81),false,{81119},Commune,2026-03-24 14:42:09.967209+01,gold_establishments_2025,,,,21810119400015,2025,Collectivité Territoriale,Commune,['Tarn'],['Occitanie'],COM,{81},{76}
29828a24-afca-48ce-8f88-2db7a37361fb,214701229,Commune de Labretonie (47),false,{47122},Commune,2026-03-24 14:42:00.862623+01,gold_establishments_2025,,,,21470122900012,2025,Collectivité Territoriale,Commune,['Lot-et-Garonne'],['Nouvelle-Aquitaine'],COM,{47},{75}
19162aca-418a-425b-96f2-1af33b996081,213201734,Commune de Labrihe (32),false,{32173},Commune,2026-03-24 14:41:58.09424+01,gold_establishments_2025,,,,21320173400018,2025,Collectivité Territoriale,Commune,['Gers'],['Occitanie'],COM,{32},{76}
d503ee6f-4394-47f1-aedf-cc5909017281,214001356,Commune de Labrit (40),false,{40135},Commune,2026-03-24 14:41:59.705606+01,gold_establishments_2025,,,,21400135600010,2025,Collectivité Territoriale,Commune,['Landes'],['Nouvelle-Aquitaine'],COM,{40},{75}
f48f59f3-f94c-4450-8ab2-0383c9539378,213102551,Commune de Labroquère (31),false,{31255},Commune,2026-03-24 14:41:58.09424+01,gold_establishments_2025,,,,21310255100016,2025,Collectivité Territoriale,Commune,['Haute-Garonne'],['Occitanie'],COM,{31},{76}
910cbb1a-4921-43be-bbde-cbd38ad6aa5b,211500855,Commune de Labrousse (15),false,{15085},Commune,2026-03-24 14:41:54.362296+01,gold_establishments_2025,,,,21150085500013,2025,Collectivité Territoriale,Commune,['Cantal'],['Auvergne-Rhône-Alpes'],COM,{15},{84}
a31887fe-076a-4fd8-8f77-ba9c1b5d2d99,216204818,Commune de Labroye (62),false,{62481},Commune,2026-03-24 14:42:05.597325+01,gold_establishments_2025,,,,21620481800019,2025,Collectivité Territoriale,Commune,['Pas-de-Calais'],['Hauts-de-France'],COM,{62},{32}
15301ece-3d07-4014-b13e-ee0802555d74,218101202,Commune de Labruguière (81),false,{81120},Commune,2026-03-24 14:42:09.967209+01,gold_establishments_2025,,,,21810120200016,2025,Collectivité Territoriale,Commune,['Tarn'],['Occitanie'],COM,{81},{76}
f31ed571-a774-4bb9-a3d1-0115929a5cba,212103337,Commune de Labruyère (21),false,{21333},Commune,2026-03-24 14:41:55.433389+01,gold_establishments_2025,,,,21210333700011,2025,Collectivité Territoriale,Commune,"[""Côte-d'Or""]",['Bourgogne-Franche-Comté'],COM,{21},{27}
9ef45cce-a300-4b50-b7c2-2fec65783294,216003293,Commune de Labruyère (60),false,{60332},Commune,2026-03-24 14:42:04.814328+01,gold_establishments_2025,,,,21600329300018,2025,Collectivité Territoriale,Commune,['Oise'],['Hauts-de-France'],COM,{60},{32}
73ee8870-da2c-491f-aa72-b4dbc7974949,213102569,Commune de Labruyère-Dorsa (31),false,{31256},Commune,2026-03-24 14:41:58.09424+01,gold_establishments_2025,,,,21310256900018,2025,Collectivité Territoriale,Commune,['Haute-Garonne'],['Occitanie'],COM,{31},{76}
511b395e-8c5d-42fc-98b9-3da4f9f5efd9,215402868,Commune de Labry (54),false,{54286},Commune,2026-03-24 14:42:02.957225+01,gold_establishments_2025,,,,21540286800016,2025,Collectivité Territoriale,Commune,['Meurthe-et-Moselle'],['Grand Est'],COM,{54},{44}
3ec83596-e596-4380-8c73-5c99e1f4bfb2,214601403,Commune de Laburgade (46),false,{46140},Commune,2026-03-24 14:42:00.862623+01,gold_establishments_2025,,,,21460140300014,2025,Collectivité Territoriale,Commune,['Lot'],['Occitanie'],COM,{46},{76}
ee6fb2f9-15bd-4f3e-a4b0-e0e8303ba572,213102544,Commune de Labège (31),false,{31254},Commune,2026-03-24 14:41:58.09424+01,gold_establishments_2025,,,,21310254400011,2025,Collectivité Territoriale,Commune,['Haute-Garonne'],['Occitanie'],COM,{31},{76}
84b9209b-fa4f-45a3-982e-22efb26bc41c,211101811,Commune de Labécède-Lauragais (11),false,{11181},Commune,2026-03-24 14:41:53.63825+01,gold_establishments_2025,,,,21110181100019,2025,Collectivité Territoriale,Commune,['Aude'],['Occitanie'],COM,{11},{76}
6bc590da-0946-49e0-b6ff-2817dd11b8ee,210701165,Commune de Labégude (07),false,{07116},Commune,2026-03-24 14:41:52.562531+01,gold_establishments_2025,,,,21070116500016,2025,Collectivité Territoriale,Commune,['Ardèche'],['Auvergne-Rhône-Alpes'],COM,{07},{84}
1052c9a7-9555-4c2b-ba95-becf074997e3,213201726,Commune de Labéjan (32),false,{32172},Commune,2026-03-24 14:41:58.09424+01,gold_establishments_2025,,,,21320172600014,2025,Collectivité Territoriale,Commune,['Gers'],['Occitanie'],COM,{32},{76}
25ba734f-5726-413e-a647-38052477202a,213902711,Commune de Lac-des-Rouges-Truites (39),false,{39271},Commune,2026-03-24 14:41:59.705606+01,gold_establishments_2025,,,,21390271100018,2025,Collectivité Territoriale,Commune,['Jura'],['Bourgogne-Franche-Comté'],COM,{39},{27}
b8c1df02-2f6b-4c98-831f-fe7f52f08dd1,218101210,Commune de Lacabarède (81),false,{81121},Commune,2026-03-24 14:42:09.967209+01,gold_establishments_2025,,,,21810121000019,2025,Collectivité Territoriale,Commune,['Tarn'],['Occitanie'],COM,{81},{76}
19eb7f42-61d9-45a3-9a17-bea7d3f17ffa,216402966,Commune de Lacadée (64),false,{64296},Commune,2026-03-24 14:42:06.130387+01,gold_establishments_2025,,,,21640296600016,2025,Collectivité Territoriale,Commune,['Pyrénées-Atlantiques'],['Nouvelle-Aquitaine'],COM,{64},{75}
4bd4d1bb-5c21-46cc-a889-2b7b2d26ba70,214001364,Commune de Lacajunte (40),false,{40136},Commune,2026-03-24 14:41:59.705606+01,gold_establishments_2025,,,,21400136400014,2025,Collectivité Territoriale,Commune,['Landes'],['Nouvelle-Aquitaine'],COM,{40},{75}
7c40c96f-961c-429d-9502-fefd8faa12d8,213302144,Commune de Lacanau (33),false,{33214},Commune,2026-03-24 14:41:58.620411+01,gold_establishments_2025,,,,21330214400018,2025,Collectivité Territoriale,Commune,['Gironde'],['Nouvelle-Aquitaine'],COM,{33},{75}
cf5b691a-a299-4748-9e04-17b920581b6c,212103345,Commune de Lacanche (21),false,{21334},Commune,2026-03-24 14:41:55.433389+01,gold_establishments_2025,,,,21210334500014,2025,Collectivité Territoriale,Commune,"[""Côte-d'Or""]",['Bourgogne-Franche-Comté'],COM,{21},{27}
cae853e8-a90b-4ca2-8160-b2e027427604,211500863,Commune de Lacapelle-Barrès (15),false,{15086},Commune,2026-03-24 14:41:54.362296+01,gold_establishments_2025,,,,21150086300017,2025,Collectivité Territoriale,Commune,['Cantal'],['Auvergne-Rhône-Alpes'],COM,{15},{84}
413d1352-b1a2-4b12-93b8-02969c461e5f,214701237,Commune de Lacapelle-Biron (47),false,{47123},Commune,2026-03-24 14:42:00.862623+01,gold_establishments_2025,,,,21470123700015,2025,Collectivité Territoriale,Commune,['Lot-et-Garonne'],['Nouvelle-Aquitaine'],COM,{47},{75}
ea54f18c-d716-4db2-bec7-dae47227586c,214601429,Commune de Lacapelle-Cabanac (46),false,{46142},Commune,2026-03-24 14:42:00.862623+01,gold_establishments_2025,,,,21460142900019,2025,Collectivité Territoriale,Commune,['Lot'],['Occitanie'],COM,{46},{76}
c8d99970-6d4c-489c-bcc9-269dca230496,218100857,Commune de Lacapelle-Escroux (81),false,{81085},Commune,2026-03-24 14:42:09.967209+01,gold_establishments_2025,,,,21810085700018,2025,Collectivité Territoriale,Commune,['Tarn'],['Occitanie'],COM,{81},{76}
74c65976-447e-4ec5-8201-b7c93eed0061,218200822,Commune de Lacapelle-Livron (82),false,{82082},Commune,2026-03-24 14:42:10.508772+01,gold_establishments_2025,,,,21820082200011,2025,Collectivité Territoriale,Commune,['Tarn-et-Garonne'],['Occitanie'],COM,{82},{76}
744299ae-b3e0-4af5-b2ab-c67760fc764d,214601437,Commune de Lacapelle-Marival (46),false,{46143},Commune,2026-03-24 14:42:00.862623+01,gold_establishments_2025,,,,21460143700012,2025,Collectivité Territoriale,Commune,['Lot'],['Occitanie'],COM,{46},{76}
bf2f66ef-2243-473f-af27-03b45d2fe024,218101228,Commune de Lacapelle-Pinet (81),false,{81122},Commune,2026-03-24 14:42:09.967209+01,gold_establishments_2025,,,,21810122800011,2025,Collectivité Territoriale,Commune,['Tarn'],['Occitanie'],COM,{81},{76}
59b8feb2-ccaf-4a8a-bde0-6499be93d278,218101236,Commune de Lacapelle-Ségalar (81),false,{81123},Commune,2026-03-24 14:42:09.967209+01,gold_establishments_2025,,,,21810123600014,2025,Collectivité Territoriale,Commune,['Tarn'],['Occitanie'],COM,{81},{76}
70f4855e-8f2d-44f9-9291-816869ed5e17,211500889,Commune de Lacapelle-Viescamp (15),false,{15088},Commune,2026-03-24 14:41:54.362296+01,gold_establishments_2025,,,,21150088900012,2025,Collectivité Territoriale,Commune,['Cantal'],['Auvergne-Rhône-Alpes'],COM,{15},{84}
3dc4bea7-fd05-4f8f-81fe-d119d2db806d,211500871,Commune de Lacapelle-del-Fraisse (15),false,{15087},Commune,2026-03-24 14:41:54.362296+01,gold_establishments_2025,,,,21150087100010,2025,Collectivité Territoriale,Commune,['Cantal'],['Auvergne-Rhône-Alpes'],COM,{15},{84}
bbd34af8-4bfb-428f-ba7d-4d7c9a51351e,216402974,Commune de Lacarre (64),false,{64297},Commune,2026-03-24 14:42:06.130387+01,gold_establishments_2025,,,,21640297400010,2025,Collectivité Territoriale,Commune,['Pyrénées-Atlantiques'],['Nouvelle-Aquitaine'],COM,{64},{75}
4901d116-22f9-4bbe-8fbd-1e02ecdc18c8,216402982,Commune de Lacarry-Arhan-Charritte-de-Haut (64),false,{64298},Commune,2026-03-24 14:42:06.130387+01,gold_establishments_2025,,,,21640298200013,2025,Collectivité Territoriale,Commune,['Pyrénées-Atlantiques'],['Nouvelle-Aquitaine'],COM,{64},{75}
627051f3-d833-409d-9db3-e9f86b881e32,216502427,Commune de Lacassagne (65),false,{65242},Commune,2026-03-24 14:42:06.665412+01,gold_establishments_2025,,,,21650242700018,2025,Collectivité Territoriale,Commune,['Hautes-Pyrénées'],['Occitanie'],COM,{65},{76}
1d3e19f4-8ab8-4d8c-863c-c721e9ff4184,213102585,Commune de Lacaugne (31),false,{31258},Commune,2026-03-24 14:41:58.09424+01,gold_establishments_2025,,,,21310258500014,2025,Collectivité Territoriale,Commune,['Haute-Garonne'],['Occitanie'],COM,{31},{76}
0775c6d2-7f6f-4b22-a4e4-8be7b5f3f2de,218101244,Commune de Lacaune (81),false,{81124},Commune,2026-03-24 14:42:09.967209+01,gold_establishments_2025,,,,21810124400018,2025,Collectivité Territoriale,Commune,['Tarn'],['Occitanie'],COM,{81},{76}
339504f8-92a1-4a77-9e0f-038d2f66e316,214701245,Commune de Lacaussade (47),false,{47124},Commune,2026-03-24 14:42:00.862623+01,gold_establishments_2025,,,,21470124500018,2025,Collectivité Territoriale,Commune,['Lot-et-Garonne'],['Nouvelle-Aquitaine'],COM,{47},{75}
4f81a6ea-a188-492e-be5f-abbbf497d20e,210901484,Commune de Lacave (09),false,{09148},Commune,2026-03-24 14:41:53.095366+01,gold_establishments_2025,,,,21090148400019,2025,Collectivité Territoriale,Commune,['Ariège'],['Occitanie'],COM,{09},{76}
43ff53d9-29b1-4d35-b3b9-3c2b10c75dea,214601445,Commune de Lacave (46),false,{46144},Commune,2026-03-24 14:42:00.862623+01,gold_establishments_2025,,,,21460144500015,2025,Collectivité Territoriale,Commune,['Lot'],['Occitanie'],COM,{46},{76}
bb8264cb-9667-42ed-98bc-2e4606de6340,218101251,Commune de Lacaze (81),false,{81125},Commune,2026-03-24 14:42:09.967209+01,gold_establishments_2025,,,,21810125100013,2025,Collectivité Territoriale,Commune,['Tarn'],['Occitanie'],COM,{81},{76}
8c5133a9-eaae-493c-a144-cbb2d4fbb024,211909502,Commune de Lacelle (19),false,{19095},Commune,2026-03-24 14:41:54.903238+01,gold_establishments_2025,,,,21190950200018,2025,Collectivité Territoriale,Commune,['Corrèze'],['Nouvelle-Aquitaine'],COM,{19},{75}
dc033e96-f786-4c34-aab7-a4e31521c073,216901058,Commune de Lacenas (69),false,{69105},Commune,2026-03-24 14:42:07.195692+01,gold_establishments_2025,,,,21690105800018,2025,Collectivité Territoriale,Commune,['Rhône'],['Auvergne-Rhône-Alpes'],COM,{69},{84}
979a936c-8527-4321-af73-73ecab5b8b80,211601760,Commune de Lachaise (16),false,{16176},Commune,2026-03-24 14:41:54.362296+01,gold_establishments_2025,,,,21160176000013,2025,Collectivité Territoriale,Commune,['Charente'],['Nouvelle-Aquitaine'],COM,{16},{75}
a36c11b0-11db-4f0a-b6d2-9264096dbd7b,215502667,Commune de Lachalade (55),false,{55266},Commune,2026-03-24 14:42:02.957225+01,gold_establishments_2025,,,,21550266700011,2025,Collectivité Territoriale,Commune,['Meuse'],['Grand Est'],COM,{55},{44}
a88e4215-ad86-4b30-a668-fccb0ad75413,215703737,Commune de Lachambre (57),false,{57373},Commune,2026-03-24 14:42:03.701372+01,gold_establishments_2025,,,,21570373700019,2025,Collectivité Territoriale,Commune,['Moselle'],['Grand Est'],COM,{57},{44}
b02c65a7-cc68-4459-9a87-66f49b952067,210701207,Commune de Lachamp-Raphaël (07),false,{07120},Commune,2026-03-24 14:41:52.562531+01,gold_establishments_2025,,,,21070120700016,2025,Collectivité Territoriale,Commune,['Ardèche'],['Auvergne-Rhône-Alpes'],COM,{07},{84}
1d219359-76c0-44c1-a80a-0f134128750f,200083335,Commune de Lachamp-Ribennes (48),false,{48126},Commune,2026-03-24 14:42:01.412377+01,gold_establishments_2025,,,,20008333500014,2025,Collectivité Territoriale,Commune,['Lozère'],['Occitanie'],COM,{48},{76}
6c8c0014-998a-42b6-9533-06301dcf6a2b,214701260,Commune de Lachapelle (47),false,{47126},Commune,2026-03-24 14:42:00.862623+01,gold_establishments_2025,,,,21470126000017,2025,Collectivité Territoriale,Commune,['Lot-et-Garonne'],['Nouvelle-Aquitaine'],COM,{47},{75}
8f030469-c131-485a-b2f4-6152c15c8c0d,215402876,Commune de Lachapelle (54),false,{54287},Commune,2026-03-24 14:42:02.957225+01,gold_establishments_2025,,,,21540287600019,2025,Collectivité Territoriale,Commune,['Meurthe-et-Moselle'],['Grand Est'],COM,{54},{44}
bf8e3e40-0450-43d3-b192-6d6d2e4dfce7,218004349,Commune de Lachapelle (80),false,{80455},Commune,2026-03-24 14:42:09.967209+01,gold_establishments_2025,,,,21800434900013,2025,Collectivité Territoriale,Commune,['Somme'],['Hauts-de-France'],COM,{80},{32}
d582677a-208d-4010-b088-abc2f368722a,218200830,Commune de Lachapelle (82),false,{82083},Commune,2026-03-24 14:42:10.508772+01,gold_establishments_2025,,,,21820083000014,2025,Collectivité Territoriale,Commune,['Tarn-et-Garonne'],['Occitanie'],COM,{82},{76}
b51c6a9c-d634-49a1-921d-f7a3a28cfbd6,214601452,Commune de Lachapelle-Auzac (46),false,{46145},Commune,2026-03-24 14:42:00.862623+01,gold_establishments_2025,,,,21460145200011,2025,Collectivité Territoriale,Commune,['Lot'],['Occitanie'],COM,{46},{76}
e4ac4648-6239-4a11-8050-28b1aeae24f8,210701215,Commune de Lachapelle-Graillouse (07),false,{07121},Commune,2026-03-24 14:41:52.562531+01,gold_establishments_2025,,,,21070121500019,2025,Collectivité Territoriale,Commune,['Ardèche'],['Auvergne-Rhône-Alpes'],COM,{07},{84}
49a24c8e-ed44-409d-a912-68ad38d79f7c,216003319,Commune de Lachapelle-Saint-Pierre (60),false,{60334},Commune,2026-03-24 14:42:04.814328+01,gold_establishments_2025,,,,21600331900011,2025,Collectivité Territoriale,Commune,['Oise'],['Hauts-de-France'],COM,{60},{32}
3575ae8a-6ee1-4310-8945-9b51a3a20cf6,216003301,Commune de Lachapelle-aux-Pots (60),false,{60333},Commune,2026-03-24 14:42:04.814328+01,gold_establishments_2025,,,,21600330100019,2025,Collectivité Territoriale,Commune,['Oise'],['Hauts-de-France'],COM,{60},{32}
1bec4432-a70c-4ff1-866c-ef0e10e7b040,215201831,Commune de Lachapelle-en-Blaisy (52),false,{52254},Commune,2026-03-24 14:42:01.954481+01,gold_establishments_2025,,,,21520183100017,2025,Collectivité Territoriale,Commune,['Haute-Marne'],['Grand Est'],COM,{52},{44}
1cf5d506-14f1-4b35-abec-f23ff037efb8,210701223,Commune de Lachapelle-sous-Aubenas (07),false,{07122},Commune,2026-03-24 14:41:52.562531+01,gold_establishments_2025,,,,21070122300013,2025,Collectivité Territoriale,Commune,['Ardèche'],['Auvergne-Rhône-Alpes'],COM,{07},{84}
9fdd2d64-cda8-4b17-af53-5e8362eda386,210701231,Commune de Lachapelle-sous-Chanéac (07),false,{07123},Commune,2026-03-24 14:41:52.562531+01,gold_establishments_2025,,,,21070123100016,2025,Collectivité Territoriale,Commune,['Ardèche'],['Auvergne-Rhône-Alpes'],COM,{07},{84}
2b058d3d-2ac1-4627-8416-95683cb8d771,219000577,Commune de Lachapelle-sous-Chaux (90),false,{90057},Commune,2026-03-24 14:42:11.659493+01,gold_establishments_2025,,,,21900057700011,2025,Collectivité Territoriale,Commune,['Territoire de Belfort'],['Bourgogne-Franche-Comté'],COM,{90},{27}
f6c08890-d4e4-46ab-be5e-914bdd77b5e4,216003327,Commune de Lachapelle-sous-Gerberoy (60),false,{60335},Commune,2026-03-24 14:42:04.814328+01,gold_establishments_2025,,,,21600332700014,2025,Collectivité Territoriale,Commune,['Oise'],['Hauts-de-France'],COM,{60},{32}
02ee072e-e017-410a-86f6-033a96910b20,219000585,Commune de Lachapelle-sous-Rougemont (90),false,{90058},Commune,2026-03-24 14:42:11.659493+01,gold_establishments_2025,,,,21900058500014,2025,Collectivité Territoriale,Commune,['Territoire de Belfort'],['Bourgogne-Franche-Comté'],COM,{90},{27}
e1ac4ee0-2454-499d-b156-78719188be14,216901066,Commune de Lachassagne (69),false,{69106},Commune,2026-03-24 14:42:07.195692+01,gold_establishments_2025,,,,21690106600011,2025,Collectivité Territoriale,Commune,['Rhône'],['Auvergne-Rhône-Alpes'],COM,{69},{84}
c80dacf8-da6d-44bc-b81b-b515cdec8fec,212601546,Commune de Lachau (26),false,{26154},Commune,2026-03-24 14:41:56.495197+01,gold_establishments_2025,,,,21260154600014,2025,Collectivité Territoriale,Commune,['Drôme'],['Auvergne-Rhône-Alpes'],COM,{26},{84}
e61b73f0-4859-44e6-b90b-3d5fbb72af05,215502675,Commune de Lachaussée (55),false,{55267},Commune,2026-03-24 14:42:02.957225+01,gold_establishments_2025,,,,21550267500014,2025,Collectivité Territoriale,Commune,['Meuse'],['Grand Est'],COM,{55},{44}
2b3ecbb8-e38f-4a4b-9e22-ffd8f24b5413,216003335,Commune de Lachaussée-du-Bois-d'Écu (60),false,{60336},Commune,2026-03-24 14:42:04.814328+01,gold_establishments_2025,,,,21600333500017,2025,Collectivité Territoriale,Commune,['Oise'],['Hauts-de-France'],COM,{60},{32}
ac785f4d-25c4-43ea-872b-5e9b5e6f48c7,216301846,Commune de Lachaux (63),false,{63184},Commune,2026-03-24 14:42:06.130387+01,gold_establishments_2025,,,,21630184600012,2025,Collectivité Territoriale,Commune,['Puy-de-Dôme'],['Auvergne-Rhône-Alpes'],COM,{63},{84}
45f15bdd-0554-4335-83f4-403bff7cb13b,216003343,Commune de Lachelle (60),false,{60337},Commune,2026-03-24 14:42:04.814328+01,gold_establishments_2025,,,,21600334300011,2025,Collectivité Territoriale,Commune,['Oise'],['Hauts-de-France'],COM,{60},{32}
c7abb375-48be-4f2a-8857-ccd083c0faa4,215102922,Commune de Lachy (51),false,{51313},Commune,2026-03-24 14:42:01.954481+01,gold_establishments_2025,,,,21510292200014,2025,Collectivité Territoriale,Commune,['Marne'],['Grand Est'],COM,{51},{44}
7e2b2245-3996-46dc-b0fa-a1c963f115f6,219000593,Commune de Lacollonge (90),false,{90059},Commune,2026-03-24 14:42:11.659493+01,gold_establishments_2025,,,,21900059300018,2025,Collectivité Territoriale,Commune,['Territoire de Belfort'],['Bourgogne-Franche-Comté'],COM,{90},{27}
4548159c-152d-4322-a042-5fcc214af1d7,211101829,Commune de Lacombe (11),false,{11182},Commune,2026-03-24 14:41:53.63825+01,gold_establishments_2025,,,,21110182900011,2025,Collectivité Territoriale,Commune,['Aude'],['Occitanie'],COM,{11},{76}
f357015b-7d85-4498-8afc-ca59d2acb145,216402990,Commune de Lacommande (64),false,{64299},Commune,2026-03-24 14:42:06.130387+01,gold_establishments_2025,,,,21640299000016,2025,Collectivité Territoriale,Commune,['Pyrénées-Atlantiques'],['Nouvelle-Aquitaine'],COM,{64},{75}
1c7c9b96-a978-445b-820c-12d6b447e22a,213401243,Commune de Lacoste (34),false,{34124},Commune,2026-03-24 14:41:58.620411+01,gold_establishments_2025,,,,21340124300018,2025,Collectivité Territoriale,Commune,['Hérault'],['Occitanie'],COM,{34},{76}
909b7538-3d99-4211-b30e-b3fcdc2ed145,218400588,Commune de Lacoste (84),false,{84058},Commune,2026-03-24 14:42:10.508772+01,gold_establishments_2025,,,,21840058800016,2025,Collectivité Territoriale,Commune,['Vaucluse'],"[""Provence-Alpes-Côte d'Azur""]",COM,{84},{93}
0a5f8f0f-66a0-4e72-9e24-5ce291e1c3bb,218101269,Commune de Lacougotte-Cadoul (81),false,{81126},Commune,2026-03-24 14:42:09.967209+01,gold_establishments_2025,,,,21810126900015,2025,Collectivité Territoriale,Commune,['Tarn'],['Occitanie'],COM,{81},{76}
936879c5-0ec4-4f45-9d51-6a783254da75,218200848,Commune de Lacour (82),false,{82084},Commune,2026-03-24 14:42:10.508772+01,gold_establishments_2025,,,,21820084800016,2025,Collectivité Territoriale,Commune,['Tarn-et-Garonne'],['Occitanie'],COM,{82},{76}
6dd129e1-3e7f-4ab5-af1b-e0470b54ecef,212103352,Commune de Lacour-d'Arcenay (21),false,{21335},Commune,2026-03-24 14:41:55.433389+01,gold_establishments_2025,,,,21210335200010,2025,Collectivité Territoriale,Commune,"[""Côte-d'Or""]",['Bourgogne-Franche-Comté'],COM,{21},{27}
b4f3c051-b321-4948-9d65-e4812de47667,210901492,Commune de Lacourt (09),false,{09149},Commune,2026-03-24 14:41:53.095366+01,gold_establishments_2025,,,,21090149200012,2025,Collectivité Territoriale,Commune,['Ariège'],['Occitanie'],COM,{09},{76}
9a29279f-81ca-44f6-b97e-a0b00d030903,218200855,Commune de Lacourt-Saint-Pierre (82),false,{82085},Commune,2026-03-24 14:42:10.508772+01,gold_establishments_2025,,,,21820085500011,2025,Collectivité Territoriale,Commune,['Tarn-et-Garonne'],['Occitanie'],COM,{82},{76}
261e9ef9-87c9-43b7-a28e-123dd29e051a,200102531,Commune de Lacq (64),false,{64300},Commune,2026-03-24 14:42:06.130387+01,gold_establishments_2025,,,,20010253100015,2025,Collectivité Territoriale,Commune,['Pyrénées-Atlantiques'],['Nouvelle-Aquitaine'],COM,{64},{75}
5189215d-e360-4a49-a8df-6d13b77b79cb,214001372,Commune de Lacquy (40),false,{40137},Commune,2026-03-24 14:41:59.705606+01,gold_establishments_2025,,,,21400137200017,2025,Collectivité Territoriale,Commune,['Landes'],['Nouvelle-Aquitaine'],COM,{40},{75}
4755db25-173b-4bc2-b992-97e0c2f2db22,214001380,Commune de Lacrabe (40),false,{40138},Commune,2026-03-24 14:41:59.705606+01,gold_establishments_2025,,,,21400138000010,2025,Collectivité Territoriale,Commune,['Landes'],['Nouvelle-Aquitaine'],COM,{40},{75}
6571d2e2-f313-4a98-a42e-d5cc3c732444,216204834,Commune de Lacres (62),false,{62483},Commune,2026-03-24 14:42:05.597325+01,gold_establishments_2025,,,,21620483400016,2025,Collectivité Territoriale,Commune,['Pas-de-Calais'],['Hauts-de-France'],COM,{62},{32}
dfe7440d-9d51-4cd6-b6d7-3f0b4065f6fd,218101277,Commune de Lacroisille (81),false,{81127},Commune,2026-03-24 14:42:09.967209+01,gold_establishments_2025,,,,21810127700018,2025,Collectivité Territoriale,Commune,['Tarn'],['Occitanie'],COM,{81},{76}
f0a71733-443f-4096-be29-344c01311c41,211201181,Commune de Lacroix-Barrez (12),false,{12118},Commune,2026-03-24 14:41:53.63825+01,gold_establishments_2025,,,,21120118100016,2025,Collectivité Territoriale,Commune,['Aveyron'],['Occitanie'],COM,{12},{76}
54fb6c34-532c-4b95-a8bf-7ddbad4c6112,213102593,Commune de Lacroix-Falgarde (31),false,{31259},Commune,2026-03-24 14:41:58.09424+01,gold_establishments_2025,,,,21310259300018,2025,Collectivité Territoriale,Commune,['Haute-Garonne'],['Occitanie'],COM,{31},{76}
eb8cdf26-9663-4dc6-b2e0-aaed2176bc44,216003350,Commune de Lacroix-Saint-Ouen (60),false,{60338},Commune,2026-03-24 14:42:04.814328+01,gold_establishments_2025,,,,21600335000016,2025,Collectivité Territoriale,Commune,['Oise'],['Hauts-de-France'],COM,{60},{32}
7c5710dd-f215-4f19-9e16-43260bf992cf,215502683,Commune de Lacroix-sur-Meuse (55),false,{55268},Commune,2026-03-24 14:42:03.701372+01,gold_establishments_2025,,,,21550268300018,2025,Collectivité Territoriale,Commune,['Meuse'],['Grand Est'],COM,{55},{44}
c7f9cfe8-5d65-4500-9472-52e449cdbdf7,212402200,Commune de Lacropte (24),false,{24220},Commune,2026-03-24 14:41:55.958138+01,gold_establishments_2025,,,,21240220000019,2025,Collectivité Territoriale,Commune,['Dordogne'],['Nouvelle-Aquitaine'],COM,{24},{75}
f97d302f-9267-4a9e-8ce9-7adb386511b2,217102482,Commune de Lacrost (71),false,{71248},Commune,2026-03-24 14:42:07.735343+01,gold_establishments_2025,,,,21710248200015,2025,Collectivité Territoriale,Commune,['Saône-et-Loire'],['Bourgogne-Franche-Comté'],COM,{71},{27}
a89d20e0-cefd-4f36-a863-53357711671a,218101285,Commune de Lacrouzette (81),false,{81128},Commune,2026-03-24 14:42:09.967209+01,gold_establishments_2025,,,,21810128500011,2025,Collectivité Territoriale,Commune,['Tarn'],['Occitanie'],COM,{81},{76}
e1aeb28a-7df8-43bc-b889-86637206d6a9,213600919,Commune de Lacs (36),false,{36091},Commune,2026-03-24 14:41:59.160244+01,gold_establishments_2025,,,,21360091900012,2025,Collectivité Territoriale,Commune,['Indre'],['Centre-Val de Loire'],COM,{36},{24}
f3388d6d-86e1-4970-9c00-333828352679,214701252,Commune de Lacépède (47),false,{47125},Commune,2026-03-24 14:42:00.862623+01,gold_establishments_2025,,,,21470125200014,2025,Collectivité Territoriale,Commune,['Lot-et-Garonne'],['Nouvelle-Aquitaine'],COM,{47},{75}
6ca36f36-d226-41a9-8dda-6e532df2cef7,212310205,Commune de Ladapeyre (23),false,{23102},Commune,2026-03-24 14:41:55.958138+01,gold_establishments_2025,,,,21231020500019,2025,Collectivité Territoriale,Commune,['Creuse'],['Nouvelle-Aquitaine'],COM,{23},{75}
92de0442-a5fe-417a-85df-c7fc3811886e,213302151,Commune de Ladaux (33),false,{33215},Commune,2026-03-24 14:41:58.620411+01,gold_establishments_2025,,,,21330215100013,2025,Collectivité Territoriale,Commune,['Gironde'],['Nouvelle-Aquitaine'],COM,{33},{75}
d0c8ae89-a05a-428a-9d2f-253c172a19ea,211101837,Commune de Ladern-sur-Lauquet (11),false,{11183},Commune,2026-03-24 14:41:53.63825+01,gold_establishments_2025,,,,21110183700014,2025,Collectivité Territoriale,Commune,['Aude'],['Occitanie'],COM,{11},{76}
ce9ebe18-ad94-4451-8588-dd38607471b3,213201742,Commune de Ladevèze-Rivière (32),false,{32174},Commune,2026-03-24 14:41:58.09424+01,gold_establishments_2025,,,,21320174200011,2025,Collectivité Territoriale,Commune,['Gers'],['Occitanie'],COM,{32},{76}
6a88c833-2cb6-42b2-9f9e-0c762390d924,213201759,Commune de Ladevèze-Ville (32),false,{32175},Commune,2026-03-24 14:41:58.09424+01,gold_establishments_2025,,,,21320175900015,2025,Collectivité Territoriale,Commune,['Gers'],['Occitanie'],COM,{32},{76}
46cfc378-7e76-4e62-81e6-03aa261db433,218708204,Commune de Ladignac-le-Long (87),false,{87082},Commune,2026-03-24 14:42:11.118516+01,gold_establishments_2025,,,,21870820400019,2025,Collectivité Territoriale,Commune,['Haute-Vienne'],['Nouvelle-Aquitaine'],COM,{87},{75}
b6c008f3-bea9-459a-9357-f1f9a70042be,211909601,Commune de Ladignac-sur-Rondelles (19),false,{19096},Commune,2026-03-24 14:41:54.903238+01,gold_establishments_2025,,,,21190960100018,2025,Collectivité Territoriale,Commune,['Corrèze'],['Nouvelle-Aquitaine'],COM,{19},{75}
fd6087f5-657d-4ce4-a702-dd19dee3fd33,211500897,Commune de Ladinhac (15),false,{15089},Commune,2026-03-24 14:41:54.362296+01,gold_establishments_2025,,,,21150089700015,2025,Collectivité Territoriale,Commune,['Cantal'],['Auvergne-Rhône-Alpes'],COM,{15},{84}
ac0d27d4-2a86-4721-a668-d1e8ab851083,214601460,Commune de Ladirat (46),false,{46146},Commune,2026-03-24 14:42:00.862623+01,gold_establishments_2025,,,,21460146000014,2025,Collectivité Territoriale,Commune,['Lot'],['Occitanie'],COM,{46},{76}
79d02f34-a11e-4eaf-ad19-8928b4576260,211601778,Commune de Ladiville (16),false,{16177},Commune,2026-03-24 14:41:54.362296+01,gold_establishments_2025,,,,21160177800015,2025,Collectivité Territoriale,Commune,['Charente'],['Nouvelle-Aquitaine'],COM,{16},{75}
01a3e6c2-e3d8-49a8-aecb-bd2f81beeeb3,212106066,Commune de Ladoix-Serrigny (21),false,{21606},Commune,2026-03-24 14:41:55.433389+01,gold_establishments_2025,,,,21210606600013,2025,Collectivité Territoriale,Commune,"[""Côte-d'Or""]",['Bourgogne-Franche-Comté'],COM,{21},{27}
502fcd7a-f315-4c3d-b110-bca7a4602519,214501785,Commune de Ladon (45),false,{45178},Commune,2026-03-24 14:42:00.862623+01,gold_establishments_2025,,,,21450178500015,2025,Collectivité Territoriale,Commune,['Loiret'],['Centre-Val de Loire'],COM,{45},{24}
e20ae5d8-b2fb-4b65-8c7f-365550226c81,213302169,Commune de Lados (33),false,{33216},Commune,2026-03-24 14:41:58.620411+01,gold_establishments_2025,,,,21330216900015,2025,Collectivité Territoriale,Commune,['Gironde'],['Nouvelle-Aquitaine'],COM,{33},{75}
cab7af31-61be-4f94-a2d0-35c1c4427905,213902729,Commune de Ladoye-sur-Seille (39),false,{39272},Commune,2026-03-24 14:41:59.705606+01,gold_establishments_2025,,,,21390272900010,2025,Collectivité Territoriale,Commune,['Jura'],['Bourgogne-Franche-Comté'],COM,{39},{27}
0877d472-ad04-40b2-a779-04336d46626d,211101845,Commune de Lafage (11),false,{11184},Commune,2026-03-24 14:41:53.63825+01,gold_establishments_2025,,,,21110184500017,2025,Collectivité Territoriale,Commune,['Aude'],['Occitanie'],COM,{11},{76}
022f7968-2632-4cd8-958a-f614ba31d9a2,211909700,Commune de Lafage-sur-Sombre (19),false,{19097},Commune,2026-03-24 14:41:54.903238+01,gold_establishments_2025,,,,21190970000018,2025,Collectivité Territoriale,Commune,['Corrèze'],['Nouvelle-Aquitaine'],COM,{19},{75}
d80bd6b5-4e52-407c-b30f-f1d6fb43684f,218400596,Commune de Lafare (84),false,{84059},Commune,2026-03-24 14:42:10.508772+01,gold_establishments_2025,,,,21840059600019,2025,Collectivité Territoriale,Commune,['Vaucluse'],"[""Provence-Alpes-Côte d'Azur""]",COM,{84},{93}
64680573-27bb-4006-a877-1df8ba4979ef,210701249,Commune de Lafarre (07),false,{07124},Commune,2026-03-24 14:41:52.562531+01,gold_establishments_2025,,,,21070124900018,2025,Collectivité Territoriale,Commune,['Ardèche'],['Auvergne-Rhône-Alpes'],COM,{07},{84}
0142e51b-3172-4533-a9e1-74b41902fdac,214301095,Commune de Lafarre (43),false,{43109},Commune,2026-03-24 14:42:00.273698+01,gold_establishments_2025,,,,21430109500011,2025,Collectivité Territoriale,Commune,['Haute-Loire'],['Auvergne-Rhône-Alpes'],COM,{43},{84}
31e74e73-9dad-4ca4-828c-4925534d3b40,212310304,Commune de Lafat (23),false,{23103},Commune,2026-03-24 14:41:55.958138+01,gold_establishments_2025,,,,21231030400010,2025,Collectivité Territoriale,Commune,['Creuse'],['Nouvelle-Aquitaine'],COM,{23},{75}
d2424572-4103-44dd-b536-ebe72d1e05c9,215201849,Commune de Lafauche (52),false,{52256},Commune,2026-03-24 14:42:01.954481+01,gold_establishments_2025,,,,21520184900019,2025,Collectivité Territoriale,Commune,['Haute-Marne'],['Grand Est'],COM,{52},{44}
dcbaae3b-6f19-47ec-b5dc-80d90865fe13,215201856,Commune de Laferté-sur-Amance (52),false,{52257},Commune,2026-03-24 14:42:01.954481+01,gold_establishments_2025,,,,21520185600014,2025,Collectivité Territoriale,Commune,['Haute-Marne'],['Grand Est'],COM,{52},{44}
653aefeb-cb0d-4e3e-a904-1ffbfd688a99,215201864,Commune de Laferté-sur-Aube (52),false,{52258},Commune,2026-03-24 14:42:01.954481+01,gold_establishments_2025,,,,21520186400018,2025,Collectivité Territoriale,Commune,['Haute-Marne'],['Grand Est'],COM,{52},{44}
6d03da8d-aac3-4bd1-928b-9dfe94ab40da,211500905,Commune de Lafeuillade-en-Vézie (15),false,{15090},Commune,2026-03-24 14:41:54.362296+01,gold_establishments_2025,,,,21150090500016,2025,Collectivité Territoriale,Commune,['Cantal'],['Auvergne-Rhône-Alpes'],COM,{15},{84}
3b1d39d5-fd81-48f3-95a0-5c7b88e2bc5d,210203790,Commune de Laffaux (02),false,{02400},Commune,2026-03-24 14:41:52.020251+01,gold_establishments_2025,,,,21020379000014,2025,Collectivité Territoriale,Commune,['Aisne'],['Hauts-de-France'],COM,{02},{32}
f52ce2e8-db49-44bd-b452-2ecd67fe5426,213102601,Commune de Laffite-Toupière (31),false,{31260},Commune,2026-03-24 14:41:58.09424+01,gold_establishments_2025,,,,21310260100019,2025,Collectivité Territoriale,Commune,['Haute-Garonne'],['Occitanie'],COM,{31},{76}
df2f278b-88f7-41cb-bf96-e9a4ec74f615,213802036,Commune de Laffrey (38),false,{38203},Commune,2026-03-24 14:41:59.160244+01,gold_establishments_2025,,,,21380203600011,2025,Collectivité Territoriale,Commune,['Isère'],['Auvergne-Rhône-Alpes'],COM,{38},{84}
a206c06c-18fa-498f-89df-9786a260a60d,216502435,Commune de Lafitole (65),false,{65243},Commune,2026-03-24 14:42:06.665412+01,gold_establishments_2025,,,,21650243500011,2025,Collectivité Territoriale,Commune,['Hautes-Pyrénées'],['Occitanie'],COM,{65},{76}
c996f41a-3a8f-478e-9ca2-06820d2b380c,218200863,Commune de Lafitte (82),false,{82086},Commune,2026-03-24 14:42:10.508772+01,gold_establishments_2025,,,,21820086300015,2025,Collectivité Territoriale,Commune,['Tarn-et-Garonne'],['Occitanie'],COM,{82},{76}
7224acbc-b236-4062-97ef-27bc1a278402,213102619,Commune de Lafitte-Vigordane (31),false,{31261},Commune,2026-03-24 14:41:58.09424+01,gold_establishments_2025,,,,21310261900011,2025,Collectivité Territoriale,Commune,['Haute-Garonne'],['Occitanie'],COM,{31},{76}
6c8fada0-c94c-4aca-b775-6b633b3c13f9,214701278,Commune de Lafitte-sur-Lot (47),false,{47127},Commune,2026-03-24 14:42:00.862623+01,gold_establishments_2025,,,,21470127800019,2025,Collectivité Territoriale,Commune,['Lot-et-Garonne'],['Nouvelle-Aquitaine'],COM,{47},{75}
03b3785b-383a-4fef-8a47-634ed2ee0fe0,214701286,Commune de Lafox (47),false,{47128},Commune,2026-03-24 14:42:00.862623+01,gold_establishments_2025,,,,21470128600012,2025,Collectivité Territoriale,Commune,['Lot-et-Garonne'],['Nouvelle-Aquitaine'],COM,{47},{75}
5aec678b-69a5-4eaf-9fe8-dfcebb4acb7e,218200871,Commune de Lafrançaise (82),false,{82087},Commune,2026-03-24 14:42:10.508772+01,gold_establishments_2025,,,,21820087100018,2025,Collectivité Territoriale,Commune,['Tarn-et-Garonne'],['Occitanie'],COM,{82},{76}
a4c18bc8-7a28-46ca-9487-93ee4a987c62,216003368,Commune de Lafraye (60),false,{60339},Commune,2026-03-24 14:42:04.814328+01,gold_establishments_2025,,,,21600336800018,2025,Collectivité Territoriale,Commune,['Oise'],['Hauts-de-France'],COM,{60},{32}
e93841cf-3571-468d-ad93-3a505d321725,218004356,Commune de Lafresguimont-Saint-Martin (80),false,{80456},Commune,2026-03-24 14:42:09.967209+01,gold_establishments_2025,,,,21800435600018,2025,Collectivité Territoriale,Commune,['Somme'],['Hauts-de-France'],COM,{80},{32}
69d316a3-ed89-46e5-9ba1-79120b1c192c,215703745,Commune de Lafrimbolle (57),false,{57374},Commune,2026-03-24 14:42:03.701372+01,gold_establishments_2025,,,,21570374500012,2025,Collectivité Territoriale,Commune,['Moselle'],['Grand Est'],COM,{57},{44}
f7255157-583e-434c-a3af-c81b295c009f,210301347,Commune de Laféline (03),false,{03134},Commune,2026-03-24 14:41:52.020251+01,gold_establishments_2025,,,,21030134700014,2025,Collectivité Territoriale,Commune,['Allier'],['Auvergne-Rhône-Alpes'],COM,{03},{84}
1f836e69-85dd-4a55-b503-fc9e340b5ed6,213401250,Commune de Lagamas (34),false,{34125},Commune,2026-03-24 14:41:58.620411+01,gold_establishments_2025,,,,21340125000013,2025,Collectivité Territoriale,Commune,['Hérault'],['Occitanie'],COM,{34},{76}
9a9d287e-8542-45ed-b1c9-de9db68ce4f6,210901500,Commune de Lagarde (09),false,{09150},Commune,2026-03-24 14:41:53.095366+01,gold_establishments_2025,,,,21090150000012,2025,Collectivité Territoriale,Commune,['Ariège'],['Occitanie'],COM,{09},{76}
3d7cf05f-2eb0-4a67-8ec6-13c51ba59e5d,213102627,Commune de Lagarde (31),false,{31262},Commune,2026-03-24 14:41:58.09424+01,gold_establishments_2025,,,,21310262700014,2025,Collectivité Territoriale,Commune,['Haute-Garonne'],['Occitanie'],COM,{31},{76}
e1d8313f-37b0-4ef2-abf2-e98b759eda90,213201767,Commune de Lagarde (32),false,{32176},Commune,2026-03-24 14:41:58.09424+01,gold_establishments_2025,,,,21320176700018,2025,Collectivité Territoriale,Commune,['Gers'],['Occitanie'],COM,{32},{76}
8b226a9e-6988-4d80-92a2-9b5196208bfc,215703752,Commune de Lagarde (57),false,{57375},Commune,2026-03-24 14:42:03.701372+01,gold_establishments_2025,,,,21570375200018,2025,Collectivité Territoriale,Commune,['Moselle'],['Grand Est'],COM,{57},{44}
dd48d0f7-f7b4-4ce7-acc7-3ee34a2851fa,216502443,Commune de Lagarde (65),false,{65244},Commune,2026-03-24 14:42:06.665412+01,gold_establishments_2025,,,,21650244300015,2025,Collectivité Territoriale,Commune,['Hautes-Pyrénées'],['Occitanie'],COM,{65},{76}
7ea3e2d0-7b1c-4a3f-8e99-d1939d5976b6,213201775,Commune de Lagarde-Hachan (32),false,{32177},Commune,2026-03-24 14:41:58.09424+01,gold_establishments_2025,,,,21320177500011,2025,Collectivité Territoriale,Commune,['Gers'],['Occitanie'],COM,{32},{76}
f2391274-905c-4863-b235-0b588ee83e1f,200085520,Commune de Lagarde-Marc-la-Tour (19),false,{19098},Commune,2026-03-24 14:41:54.903238+01,gold_establishments_2025,,,,20008552000019,2025,Collectivité Territoriale,Commune,['Corrèze'],['Nouvelle-Aquitaine'],COM,{19},{75}
c1d760f7-5889-42df-8492-a7d38edfb582,218400612,Commune de Lagarde-Paréol (84),false,{84061},Commune,2026-03-24 14:42:10.508772+01,gold_establishments_2025,,,,21840061200014,2025,Collectivité Territoriale,Commune,['Vaucluse'],"[""Provence-Alpes-Côte d'Azur""]",COM,{84},{93}
c3135e06-75bd-4ac2-ab63-df7af684b53e,218400604,Commune de Lagarde-d'Apt (84),false,{84060},Commune,2026-03-24 14:42:10.508772+01,gold_establishments_2025,,,,21840060400011,2025,Collectivité Territoriale,Commune,['Vaucluse'],"[""Provence-Alpes-Côte d'Azur""]",COM,{84},{93}
33d27630-d47b-4b72-a99f-9414dbf7bd16,211601786,Commune de Lagarde-sur-le-Né (16),false,{16178},Commune,2026-03-24 14:41:54.362296+01,gold_establishments_2025,,,,21160178600018,2025,Collectivité Territoriale,Commune,['Charente'],['Nouvelle-Aquitaine'],COM,{16},{75}
841453b4-e490-44e7-8227-ca2fe4e83e3c,214601478,Commune de Lagardelle (46),false,{46147},Commune,2026-03-24 14:42:00.862623+01,gold_establishments_2025,,,,21460147800016,2025,Collectivité Territoriale,Commune,['Lot'],['Occitanie'],COM,{46},{76}
8b02a305-a112-42df-bcef-053b62dd972f,213102635,Commune de Lagardelle-sur-Lèze (31),false,{31263},Commune,2026-03-24 14:41:58.09424+01,gold_establishments_2025,,,,21310263500017,2025,Collectivité Territoriale,Commune,['Haute-Garonne'],['Occitanie'],COM,{31},{76}
b693d313-db35-4510-9fc0-3b8c31495bdd,218101293,Commune de Lagardiolle (81),false,{81129},Commune,2026-03-24 14:42:09.967209+01,gold_establishments_2025,,,,21810129300015,2025,Collectivité Territoriale,Commune,['Tarn'],['Occitanie'],COM,{81},{76}
2d5d7fdd-a8d7-4773-b978-c006b1966e96,213201783,Commune de Lagardère (32),false,{32178},Commune,2026-03-24 14:41:58.09424+01,gold_establishments_2025,,,,21320178300015,2025,Collectivité Territoriale,Commune,['Gers'],['Occitanie'],COM,{32},{76}
1432d948-80d0-49c3-a1bb-f49ad6a61e94,214701294,Commune de Lagarrigue (47),false,{47129},Commune,2026-03-24 14:42:00.862623+01,gold_establishments_2025,,,,21470129400016,2025,Collectivité Territoriale,Commune,['Lot-et-Garonne'],['Nouvelle-Aquitaine'],COM,{47},{75}
9650e5b9-b7ee-4656-9614-4fc6eee0d242,218101301,Commune de Lagarrigue (81),false,{81130},Commune,2026-03-24 14:42:09.967209+01,gold_establishments_2025,,,,21810130100016,2025,Collectivité Territoriale,Commune,['Tarn'],['Occitanie'],COM,{81},{76}
6d3d6263-122c-49b1-b9e0-a5b207b50fdd,217901453,Commune de Lageon (79),false,{79145},Commune,2026-03-24 14:42:09.43682+01,gold_establishments_2025,,,,21790145300019,2025,Collectivité Territoriale,Commune,['Deux-Sèvres'],['Nouvelle-Aquitaine'],COM,{79},{75}
e966a47c-705f-4f08-8a35-83ca877d1d8a,215102930,Commune de Lagery (51),false,{51314},Commune,2026-03-24 14:42:01.954481+01,gold_establishments_2025,,,,21510293000017,2025,Collectivité Territoriale,Commune,['Marne'],['Grand Est'],COM,{51},{44}
a0a59c8c-3866-449f-a528-8d3151aa4368,211001789,Commune de Lagesse (10),false,{10185},Commune,2026-03-24 14:41:53.095366+01,gold_establishments_2025,,,,21100178900018,2025,Collectivité Territoriale,Commune,['Aube'],['Grand Est'],COM,{10},{44}
80af394e-2b2f-4fc5-acf9-f5433b8334a3,211909908,Commune de Lagleygeolle (19),false,{19099},Commune,2026-03-24 14:41:54.903238+01,gold_establishments_2025,,,,21190990800017,2025,Collectivité Territoriale,Commune,['Corrèze'],['Nouvelle-Aquitaine'],COM,{19},{75}
39682817-f7ff-4ccc-8c8b-486adabc81ea,214001398,Commune de Laglorieuse (40),false,{40139},Commune,2026-03-24 14:41:59.705606+01,gold_establishments_2025,,,,21400139800012,2025,Collectivité Territoriale,Commune,['Landes'],['Nouvelle-Aquitaine'],COM,{40},{75}
67a4ba1c-7848-4bd1-8ca4-ac0469b80514,218400620,Commune de Lagnes (84),false,{84062},Commune,2026-03-24 14:42:10.508772+01,gold_establishments_2025,,,,21840062000017,2025,Collectivité Territoriale,Commune,['Vaucluse'],"[""Provence-Alpes-Côte d'Azur""]",COM,{84},{93}
c7bddec6-150b-4745-b48d-165be3395c90,215402884,Commune de Lagney (54),false,{54288},Commune,2026-03-24 14:42:02.957225+01,gold_establishments_2025,,,,21540288400013,2025,Collectivité Territoriale,Commune,['Meurthe-et-Moselle'],['Grand Est'],COM,{54},{44}
f0b8c6d6-1f4c-41ef-9fc8-fecf6042473b,216204842,Commune de Lagnicourt-Marcel (62),false,{62484},Commune,2026-03-24 14:42:05.597325+01,gold_establishments_2025,,,,21620484200019,2025,Collectivité Territoriale,Commune,['Pas-de-Calais'],['Hauts-de-France'],COM,{62},{32}
22ee418d-e9c4-4085-b74a-30d93c2df898,210102026,Commune de Lagnieu (01),false,{01202},Commune,2026-03-24 14:41:51.447482+01,gold_establishments_2025,,,,21010202600015,2025,Collectivité Territoriale,Commune,['Ain'],['Auvergne-Rhône-Alpes'],COM,{01},{84}
cfe9ff40-f928-4c72-a493-0b180d5b0eb9,216003376,Commune de Lagny (60),false,{60340},Commune,2026-03-24 14:42:04.814328+01,gold_establishments_2025,,,,21600337600011,2025,Collectivité Territoriale,Commune,['Oise'],['Hauts-de-France'],COM,{60},{32}
b1bdb0c5-27be-4dad-bbb6-3acc8397321c,216003384,Commune de Lagny-le-Sec (60),false,{60341},Commune,2026-03-24 14:42:04.814328+01,gold_establishments_2025,,,,21600338400015,2025,Collectivité Territoriale,Commune,['Oise'],['Hauts-de-France'],COM,{60},{32}
dae4ac40-9472-4f33-9b99-e97ccdcdde6c,217702430,Commune de Lagny-sur-Marne (77),false,{77243},Commune,2026-03-24 14:42:09.43682+01,gold_establishments_2025,,,,21770243000018,2025,Collectivité Territoriale,Commune,['Seine-et-Marne'],['Île-de-France'],COM,{77},{11}
ac00cb92-5822-4aa0-81a4-7f143ee11964,216403014,Commune de Lagor (64),false,{64301},Commune,2026-03-24 14:42:06.130387+01,gold_establishments_2025,,,,21640301400014,2025,Collectivité Territoriale,Commune,['Pyrénées-Atlantiques'],['Nouvelle-Aquitaine'],COM,{64},{75}
139433d2-30fb-4d51-ac0f-388bcc08158a,210701264,Commune de Lagorce (07),false,{07126},Commune,2026-03-24 14:41:52.562531+01,gold_establishments_2025,,,,21070126400017,2025,Collectivité Territoriale,Commune,['Ardèche'],['Auvergne-Rhône-Alpes'],COM,{07},{84}
5da91994-a152-412e-8a6d-f6c9d5675f16,213302185,Commune de Lagorce (33),false,{33218},Commune,2026-03-24 14:41:58.620411+01,gold_establishments_2025,,,,21330218500011,2025,Collectivité Territoriale,Commune,['Gironde'],['Nouvelle-Aquitaine'],COM,{33},{75}
50d824da-eaab-4562-b442-46c27571e321,211702006,Commune de Lagord (17),false,{17200},Commune,2026-03-24 14:41:54.903238+01,gold_establishments_2025,,,,21170200600019,2025,Collectivité Territoriale,Commune,['Charente-Maritime'],['Nouvelle-Aquitaine'],COM,{17},{75}
489b00e6-8670-4966-b3f6-f9c08e045e6f,216403022,Commune de Lagos (64),false,{64302},Commune,2026-03-24 14:42:06.130387+01,gold_establishments_2025,,,,21640302200017,2025,Collectivité Territoriale,Commune,['Pyrénées-Atlantiques'],['Nouvelle-Aquitaine'],COM,{64},{75}
88e5d1c3-c20c-42b4-8cb3-c60db2208e4c,214001406,Commune de Lagrange (40),false,{40140},Commune,2026-03-24 14:41:59.705606+01,gold_establishments_2025,,,,21400140600013,2025,Collectivité Territoriale,Commune,['Landes'],['Nouvelle-Aquitaine'],COM,{40},{75}
9f772c21-c14d-4d54-8ca4-67711585d223,216502450,Commune de Lagrange (65),false,{65245},Commune,2026-03-24 14:42:06.665412+01,gold_establishments_2025,,,,21650245000010,2025,Collectivité Territoriale,Commune,['Hautes-Pyrénées'],['Occitanie'],COM,{65},{76}
9affdf3f-5ffa-4f48-8417-cbeff3359cc6,219000601,Commune de Lagrange (90),false,{90060},Commune,2026-03-24 14:42:11.659493+01,gold_establishments_2025,,,,21900060100019,2025,Collectivité Territoriale,Commune,['Territoire de Belfort'],['Bourgogne-Franche-Comté'],COM,{90},{27}
3fc4ad95-1aff-49f9-ad0e-6b0a41b1c023,211101852,Commune de Lagrasse (11),false,{11185},Commune,2026-03-24 14:41:53.63825+01,gold_establishments_2025,,,,21110185200013,2025,Collectivité Territoriale,Commune,['Aude'],['Occitanie'],COM,{11},{76}
16f19c87-5942-41a7-8636-f004d87b2d64,213102650,Commune de Lagraulet-Saint-Nicolas (31),false,{31265},Commune,2026-03-24 14:41:58.09424+01,gold_establishments_2025,,,,21310265000016,2025,Collectivité Territoriale,Commune,['Haute-Garonne'],['Occitanie'],COM,{31},{76}
753c2f0f-2493-4cf6-80cd-f96ab352909f,213201809,Commune de Lagraulet-du-Gers (32),false,{32180},Commune,2026-03-24 14:41:58.09424+01,gold_establishments_2025,,,,21320180900018,2025,Collectivité Territoriale,Commune,['Gers'],['Occitanie'],COM,{32},{76}
c2312208-94c6-4a93-9075-81a3b8c9f580,211910005,Commune de Lagraulière (19),false,{19100},Commune,2026-03-24 14:41:54.903238+01,gold_establishments_2025,,,,21191000500019,2025,Collectivité Territoriale,Commune,['Corrèze'],['Nouvelle-Aquitaine'],COM,{19},{75}
b6db529d-f97b-4b12-8563-b50b88aa3317,218101319,Commune de Lagrave (81),false,{81131},Commune,2026-03-24 14:42:09.967209+01,gold_establishments_2025,,,,21810131900018,2025,Collectivité Territoriale,Commune,['Tarn'],['Occitanie'],COM,{81},{76}
bfcb2397-f12c-4279-a3e0-bc84b8fd67e5,214701302,Commune de Lagruère (47),false,{47130},Commune,2026-03-24 14:42:00.862623+01,gold_establishments_2025,,,,21470130200017,2025,Collectivité Territoriale,Commune,['Lot-et-Garonne'],['Nouvelle-Aquitaine'],COM,{47},{75}
173b2aeb-8e80-4aa6-b4dc-8735ee89c561,213102643,Commune de Lagrâce-Dieu (31),false,{31264},Commune,2026-03-24 14:41:58.09424+01,gold_establishments_2025,,,,21310264300011,2025,Collectivité Territoriale,Commune,['Haute-Garonne'],['Occitanie'],COM,{31},{76}
e07158c9-8613-4402-a2ce-1db92f24274d,200084333,Commune de Laguenne-sur-Avalouze (19),false,{19101},Commune,2026-03-24 14:41:54.903238+01,gold_establishments_2025,,,,20008433300018,2025,Collectivité Territoriale,Commune,['Corrèze'],['Nouvelle-Aquitaine'],COM,{19},{75}
a711426f-5e83-4001-bc10-a5ef06bece63,213201817,Commune de Laguian-Mazous (32),false,{32181},Commune,2026-03-24 14:41:58.09424+01,gold_establishments_2025,,,,21320181700011,2025,Collectivité Territoriale,Commune,['Gers'],['Occitanie'],COM,{32},{76}
1ef0f3ed-d63b-425d-bea9-3fe947fbb9e6,216403030,Commune de Laguinge-Restoue (64),false,{64303},Commune,2026-03-24 14:42:06.130387+01,gold_establishments_2025,,,,21640303000010,2025,Collectivité Territoriale,Commune,['Pyrénées-Atlantiques'],['Nouvelle-Aquitaine'],COM,{64},{75}
3c0bbcdc-59bb-4c15-9eb8-38e90cc7a751,211201199,Commune de Laguiole (12),false,{12119},Commune,2026-03-24 14:41:53.63825+01,gold_establishments_2025,,,,21120119900018,2025,Collectivité Territoriale,Commune,['Aveyron'],['Occitanie'],COM,{12},{76}
13332139-3bdb-4ea6-9e87-c58d66d01903,214701310,Commune de Lagupie (47),false,{47131},Commune,2026-03-24 14:42:00.862623+01,gold_establishments_2025,,,,21470131000010,2025,Collectivité Territoriale,Commune,['Lot-et-Garonne'],['Nouvelle-Aquitaine'],COM,{47},{75}
b377f289-1061-4237-8aba-6291f8ce73da,218200889,Commune de Laguépie (82),false,{82088},Commune,2026-03-24 14:42:10.508772+01,gold_establishments_2025,,,,21820088900010,2025,Collectivité Territoriale,Commune,['Tarn-et-Garonne'],['Occitanie'],COM,{82},{76}
713e4147-e0bc-4161-b1ac-37410f580110,213102668,Commune de Lahage (31),false,{31266},Commune,2026-03-24 14:41:58.09424+01,gold_establishments_2025,,,,21310266800018,2025,Collectivité Territoriale,Commune,['Haute-Garonne'],['Occitanie'],COM,{31},{76}
9fe127f8-562d-41e8-9a9e-126e85b465f1,213201825,Commune de Lahas (32),false,{32182},Commune,2026-03-24 14:41:58.09424+01,gold_establishments_2025,,,,21320182500014,2025,Collectivité Territoriale,Commune,['Gers'],['Occitanie'],COM,{32},{76}
a010b82c-3151-4707-a504-4d0d9e480f1b,215502691,Commune de Lahaymeix (55),false,{55269},Commune,2026-03-24 14:42:03.701372+01,gold_establishments_2025,,,,21550269100011,2025,Collectivité Territoriale,Commune,['Meuse'],['Grand Est'],COM,{55},{44}
bc8ea04f-c6d9-497b-ba55-19ea2c3478e5,215502709,Commune de Lahayville (55),false,{55270},Commune,2026-03-24 14:42:03.701372+01,gold_establishments_2025,,,,21550270900011,2025,Collectivité Territoriale,Commune,['Meuse'],['Grand Est'],COM,{55},{44}
3625ef8f-f13a-4407-89e6-3ad8440d28a0,215502717,Commune de Laheycourt (55),false,{55271},Commune,2026-03-24 14:42:03.701372+01,gold_establishments_2025,,,,21550271700014,2025,Collectivité Territoriale,Commune,['Meuse'],['Grand Est'],COM,{55},{44}
b69425a5-10ac-4481-9896-4bcd984efecd,213201833,Commune de Lahitte (32),false,{32183},Commune,2026-03-24 14:41:58.09424+01,gold_establishments_2025,,,,21320183300018,2025,Collectivité Territoriale,Commune,['Gers'],['Occitanie'],COM,{32},{76}
931ac368-1987-4d14-ab5c-89eea37fce50,216502484,Commune de Lahitte-Toupière (65),false,{65248},Commune,2026-03-24 14:42:06.665412+01,gold_establishments_2025,,,,21650248400019,2025,Collectivité Territoriale,Commune,['Hautes-Pyrénées'],['Occitanie'],COM,{65},{76}
a98906d6-3c84-490a-8622-c61e2983aab0,213102676,Commune de Lahitère (31),false,{31267},Commune,2026-03-24 14:41:58.09424+01,gold_establishments_2025,,,,21310267600011,2025,Collectivité Territoriale,Commune,['Haute-Garonne'],['Occitanie'],COM,{31},{76}
0beeedf2-d90f-4cd6-8eca-35018776cce2,216403048,Commune de Lahonce (64),false,{64304},Commune,2026-03-24 14:42:06.130387+01,gold_establishments_2025,,,,21640304800012,2025,Collectivité Territoriale,Commune,['Pyrénées-Atlantiques'],['Nouvelle-Aquitaine'],COM,{64},{75}
05b302c6-cfbc-4936-8587-ff3403605ca7,216403055,Commune de Lahontan (64),false,{64305},Commune,2026-03-24 14:42:06.130387+01,gold_establishments_2025,,,,21640305500017,2025,Collectivité Territoriale,Commune,['Pyrénées-Atlantiques'],['Nouvelle-Aquitaine'],COM,{64},{75}
adb481ea-9ef6-47e8-a463-4f0ffc691197,214001414,Commune de Lahosse (40),false,{40141},Commune,2026-03-24 14:41:59.705606+01,gold_establishments_2025,,,,21400141400017,2025,Collectivité Territoriale,Commune,['Landes'],['Nouvelle-Aquitaine'],COM,{40},{75}
66aedfc7-9fd8-4b7f-a387-d1f82c5b0550,216403063,Commune de Lahourcade (64),false,{64306},Commune,2026-03-24 14:42:06.130387+01,gold_establishments_2025,,,,21640306300011,2025,Collectivité Territoriale,Commune,['Pyrénées-Atlantiques'],['Nouvelle-Aquitaine'],COM,{64},{75}
4522198d-2f99-4ed0-967b-0acb81ccd1fb,218004364,Commune de Lahoussoye (80),false,{80458},Commune,2026-03-24 14:42:09.967209+01,gold_establishments_2025,,,,21800436400012,2025,Collectivité Territoriale,Commune,['Somme'],['Hauts-de-France'],COM,{80},{32}
c5dfbfa7-81b3-474d-b8e8-fdc5d81bd53f,210802195,Commune de Laifour (08),false,{08242},Commune,2026-03-24 14:41:53.095366+01,gold_establishments_2025,,,,21080219500011,2025,Collectivité Territoriale,Commune,['Ardennes'],['Grand Est'],COM,{08},{44}
fe103700-2375-4c46-ae19-202b8f1cafe7,213501380,Commune de Laignelet (35),false,{35138},Commune,2026-03-24 14:41:58.620411+01,gold_establishments_2025,,,,21350138000017,2025,Collectivité Territoriale,Commune,['Ille-et-Vilaine'],['Bretagne'],COM,{35},{53}
0c4cd3a1-8b37-4c81-bbb6-781fc2eaca0c,212103360,Commune de Laignes (21),false,{21336},Commune,2026-03-24 14:41:55.433389+01,gold_establishments_2025,,,,21210336000013,2025,Collectivité Territoriale,Commune,"[""Côte-d'Or""]",['Bourgogne-Franche-Comté'],COM,{21},{27}
80f0d6bf-b5c5-4ffe-94d0-5c98050b9619,216003392,Commune de Laigneville (60),false,{60342},Commune,2026-03-24 14:42:04.814328+01,gold_establishments_2025,,,,21600339200018,2025,Collectivité Territoriale,Commune,['Oise'],['Hauts-de-France'],COM,{60},{32}
bb05e020-d79a-400b-bf0d-5c718f28488f,210203808,Commune de Laigny (02),false,{02401},Commune,2026-03-24 14:41:52.020251+01,gold_establishments_2025,,,,21020380800014,2025,Collectivité Territoriale,Commune,['Aisne'],['Hauts-de-France'],COM,{02},{32}
e387cbf2-66e5-4953-b2e6-0096712026d4,217201557,Commune de Laigné-Saint-Gervais (72),false,{72155},Commune,2026-03-24 14:42:08.279287+01,gold_establishments_2025,,,,21720155700014,2025,Collectivité Territoriale,Commune,['Sarthe'],['Pays de la Loire'],COM,{72},{52}
e6c721c8-1b8b-44bf-ba17-fd28a4c52c48,218902146,Commune de Lailly (89),false,{89214},Commune,2026-03-24 14:42:11.118516+01,gold_establishments_2025,,,,21890214600016,2025,Collectivité Territoriale,Commune,['Yonne'],['Bourgogne-Franche-Comté'],COM,{89},{27}
14d782dc-122f-42c7-87ae-53dd7e3f9283,214501793,Commune de Lailly-en-Val (45),false,{45179},Commune,2026-03-24 14:42:00.862623+01,gold_establishments_2025,,,,21450179300019,2025,Collectivité Territoriale,Commune,['Loiret'],['Centre-Val de Loire'],COM,{45},{24}
82ab2aa2-f7df-4d01-83cd-bdc6c960e457,213501398,Commune de Laillé (35),false,{35139},Commune,2026-03-24 14:41:58.620411+01,gold_establishments_2025,,,,21350139800019,2025,Collectivité Territoriale,Commune,['Ille-et-Vilaine'],['Bretagne'],COM,{35},{53}
463ff3cd-0e90-411f-b800-98e31f13fd0c,215502725,Commune de Laimont (55),false,{55272},Commune,2026-03-24 14:42:03.701372+01,gold_establishments_2025,,,,21550272500017,2025,Collectivité Territoriale,Commune,['Meuse'],['Grand Est'],COM,{55},{44}
184357ef-fa00-48e7-b4cb-76aa8c91aeda,218902153,Commune de Lain (89),false,{89215},Commune,2026-03-24 14:42:11.118516+01,gold_establishments_2025,,,,21890215300012,2025,Collectivité Territoriale,Commune,['Yonne'],['Bourgogne-Franche-Comté'],COM,{89},{27}
3901e26a-e4d4-4eda-b1b1-3dd2ae9d333f,211001797,Commune de Laines-aux-Bois (10),false,{10186},Commune,2026-03-24 14:41:53.095366+01,gold_establishments_2025,,,,21100179700011,2025,Collectivité Territoriale,Commune,['Aube'],['Grand Est'],COM,{10},{44}
5e00f19d-7d78-4565-886b-cba62a109285,218902161,Commune de Lainsecq (89),false,{89216},Commune,2026-03-24 14:42:11.118516+01,gold_establishments_2025,,,,21890216100015,2025,Collectivité Territoriale,Commune,['Yonne'],['Bourgogne-Franche-Comté'],COM,{89},{27}
b9c71dd2-3e0a-47d6-963f-d47ff7313019,217803295,Commune de Lainville-en-Vexin (78),false,{78329},Commune,2026-03-24 14:42:09.43682+01,gold_establishments_2025,,,,21780329500013,2025,Collectivité Territoriale,Commune,['Yvelines'],['Île-de-France'],COM,{78},{11}
42cb6dba-7ca3-43e4-8f60-e1ca73c5a2dd,212503221,Commune de Laire (25),false,{25322},Commune,2026-03-24 14:41:56.495197+01,gold_establishments_2025,,,,21250322100013,2025,Collectivité Territoriale,Commune,['Doubs'],['Bourgogne-Franche-Comté'],COM,{25},{27}
e811c01b-eb6c-41bd-82c9-6a8969dd324b,216204859,Commune de Laires (62),false,{62485},Commune,2026-03-24 14:42:05.597325+01,gold_establishments_2025,,,,21620485900013,2025,Collectivité Territoriale,Commune,['Pas-de-Calais'],['Hauts-de-France'],COM,{62},{32}
e14b03c9-4aa1-4862-b23f-c7e0ac6bcded,211101860,Commune de Lairière (11),false,{11186},Commune,2026-03-24 14:41:53.63825+01,gold_establishments_2025,,,,21110186000016,2025,Collectivité Territoriale,Commune,['Aude'],['Occitanie'],COM,{11},{76}
015d29f8-0dc7-4de7-bba3-8be28747b2e7,218501179,Commune de Lairoux (85),false,{85117},Commune,2026-03-24 14:42:10.508772+01,gold_establishments_2025,,,,21850117900012,2025,Collectivité Territoriale,Commune,['Vendée'],['Pays de la Loire'],COM,{85},{52}
78cb7079-c84f-4900-97df-77ffaf439d48,200056398,Commune de Laissac-Sévérac l'Église (12),false,{12120},Commune,2026-03-24 14:41:53.63825+01,gold_establishments_2025,,,,20005639800015,2025,Collectivité Territoriale,Commune,['Aveyron'],['Occitanie'],COM,{12},{76}
7964348e-e3e2-467f-9b1b-f607a415d7d1,217301415,Commune de Laissaud (73),false,{73141},Commune,2026-03-24 14:42:08.279287+01,gold_establishments_2025,,,,21730141500014,2025,Collectivité Territoriale,Commune,['Savoie'],['Auvergne-Rhône-Alpes'],COM,{73},{84}
09bf0254-efe1-40e3-9705-7edf1820e7c7,212503239,Commune de Laissey (25),false,{25323},Commune,2026-03-24 14:41:56.495197+01,gold_establishments_2025,,,,21250323900015,2025,Collectivité Territoriale,Commune,['Doubs'],['Bourgogne-Franche-Comté'],COM,{25},{27}
e6507ce8-9c56-4291-8867-a493becb72c3,217102490,Commune de Laives (71),false,{71249},Commune,2026-03-24 14:42:07.735343+01,gold_establishments_2025,,,,21710249000018,2025,Collectivité Territoriale,Commune,['Saône-et-Loire'],['Bourgogne-Franche-Comté'],COM,{71},{27}
78fa8281-cd4d-45a8-a916-c4793f88c256,215402900,Commune de Laix (54),false,{54290},Commune,2026-03-24 14:42:02.957225+01,gold_establishments_2025,,,,21540290000017,2025,Collectivité Territoriale,Commune,['Meurthe-et-Moselle'],['Grand Est'],COM,{54},{44}
15646a52-2f05-407e-a8e3-866d9dab5c56,210102034,Commune de Laiz (01),false,{01203},Commune,2026-03-24 14:41:51.447482+01,gold_establishments_2025,,,,21010203400019,2025,Collectivité Territoriale,Commune,['Ain'],['Auvergne-Rhône-Alpes'],COM,{01},{84}
c355bb8d-e492-4524-aba3-c69c44210ce8,200065092,Commune de Laize-Clinchamps (14),false,{14349},Commune,2026-03-24 14:41:54.362296+01,gold_establishments_2025,,,,20006509200013,2025,Collectivité Territoriale,Commune,['Calvados'],['Normandie'],COM,{14},{28}
72eec311-c5e3-4bf9-97bb-933421fedbf8,217102516,Commune de Laizy (71),false,{71251},Commune,2026-03-24 14:42:07.735343+01,gold_establishments_2025,,,,21710251600010,2025,Collectivité Territoriale,Commune,['Saône-et-Loire'],['Bourgogne-Franche-Comté'],COM,{71},{27}
4bd0f321-cc4f-4663-81bc-9e462a00a1ad,217102508,Commune de Laizé (71),false,{71250},Commune,2026-03-24 14:42:07.735343+01,gold_establishments_2025,,,,21710250800017,2025,Collectivité Territoriale,Commune,['Saône-et-Loire'],['Bourgogne-Franche-Comté'],COM,{71},{27}
dec1548c-c53d-44fe-83de-c34e959123a3,214800799,Commune de Lajo (48),false,{48079},Commune,2026-03-24 14:42:01.412377+01,gold_establishments_2025,,,,21480079900014,2025,Collectivité Territoriale,Commune,['Lozère'],['Occitanie'],COM,{48},{76}
5d6a89a3-5f75-48d2-9f9a-8414d3532f40,213902745,Commune de Lajoux (39),false,{39274},Commune,2026-03-24 14:41:59.705606+01,gold_establishments_2025,,,,21390274500016,2025,Collectivité Territoriale,Commune,['Jura'],['Bourgogne-Franche-Comté'],COM,{39},{27}
b379d96a-e94c-42e3-b542-813b54e2e55b,216102137,Commune de Lalacelle (61),false,{61213},Commune,2026-03-24 14:42:05.597325+01,gold_establishments_2025,,,,21610213700017,2025,Collectivité Territoriale,Commune,['Orne'],['Normandie'],COM,{61},{28}
3e61d94b-67c4-4a89-88f1-3e4e1b6e0520,218902179,Commune de Lalande (89),false,{89217},Commune,2026-03-24 14:42:11.118516+01,gold_establishments_2025,,,,21890217900017,2025,Collectivité Territoriale,Commune,['Yonne'],['Bourgogne-Franche-Comté'],COM,{89},{27}
417b1391-6296-4f40-8ab9-85532e8607ec,213302227,Commune de Lalande-de-Pomerol (33),false,{33222},Commune,2026-03-24 14:41:58.620411+01,gold_establishments_2025,,,,21330222700011,2025,Collectivité Territoriale,Commune,['Gironde'],['Nouvelle-Aquitaine'],COM,{33},{75}
1782c1e1-6e29-44d5-8ba5-c52a913d70c4,216003400,Commune de Lalande-en-Son (60),false,{60343},Commune,2026-03-24 14:42:04.814328+01,gold_establishments_2025,,,,21600340000019,2025,Collectivité Territoriale,Commune,['Oise'],['Hauts-de-France'],COM,{60},{32}
c822538c-4a6b-4636-b072-4ee0add49d91,216003418,Commune de Lalandelle (60),false,{60344},Commune,2026-03-24 14:42:04.814328+01,gold_establishments_2025,,,,21600341800011,2025,Collectivité Territoriale,Commune,['Oise'],['Hauts-de-France'],COM,{60},{32}
9ee9d66e-3106-4a3c-9dfd-ef42bfdfda68,214701328,Commune de Lalandusse (47),false,{47132},Commune,2026-03-24 14:42:00.862623+01,gold_establishments_2025,,,,21470132800012,2025,Collectivité Territoriale,Commune,['Lot-et-Garonne'],['Nouvelle-Aquitaine'],COM,{47},{75}
e659bbd7-ea16-4ea3-989f-06c5ae798df4,213201841,Commune de Lalanne (32),false,{32184},Commune,2026-03-24 14:41:58.09424+01,gold_establishments_2025,,,,21320184100011,2025,Collectivité Territoriale,Commune,['Gers'],['Occitanie'],COM,{32},{76}
d9e5a81a-04e0-4f9f-a6d5-9792206347cd,216502492,Commune de Lalanne (65),false,{65249},Commune,2026-03-24 14:42:06.665412+01,gold_establishments_2025,,,,21650249200012,2025,Collectivité Territoriale,Commune,['Hautes-Pyrénées'],['Occitanie'],COM,{65},{76}
9d3d0d11-6a00-45d0-aec4-685cc8b6e633,213201858,Commune de Lalanne-Arqué (32),false,{32185},Commune,2026-03-24 14:41:58.09424+01,gold_establishments_2025,,,,21320185800015,2025,Collectivité Territoriale,Commune,['Gers'],['Occitanie'],COM,{32},{76}
6a0aaee9-d162-427a-8e53-4e9b4713a183,216502500,Commune de Lalanne-Trie (65),false,{65250},Commune,2026-03-24 14:42:06.665412+01,gold_establishments_2025,,,,21650250000012,2025,Collectivité Territoriale,Commune,['Hautes-Pyrénées'],['Occitanie'],COM,{65},{76}
aa086969-6860-40b0-ab3b-8683d5753556,216702555,Commune de Lalaye (67),false,{67255},Commune,2026-03-24 14:42:07.195692+01,gold_establishments_2025,,,,21670255500014,2025,Collectivité Territoriale,Commune,['Bas-Rhin'],['Grand Est'],COM,{67},{44}
d1782602-5fa9-457a-9d9d-99b3007b93c6,214601486,Commune de Lalbenque (46),false,{46148},Commune,2026-03-24 14:42:00.862623+01,gold_establishments_2025,,,,21460148600019,2025,Collectivité Territoriale,Commune,['Lot'],['Occitanie'],COM,{46},{76}
3aac2be3-f92b-4e7a-96e1-4cfa149d5380,216102152,Commune de Laleu (61),false,{61215},Commune,2026-03-24 14:42:05.597325+01,gold_establishments_2025,,,,21610215200016,2025,Collectivité Territoriale,Commune,['Orne'],['Normandie'],COM,{61},{28}
07592009-50c4-4841-8332-9149f9289c09,218004372,Commune de Laleu (80),false,{80459},Commune,2026-03-24 14:42:09.967209+01,gold_establishments_2025,,,,21800437200015,2025,Collectivité Territoriale,Commune,['Somme'],['Hauts-de-France'],COM,{80},{32}
b8fe0114-5950-4051-bfbf-438b8d793a2c,210701272,Commune de Lalevade-d'Ardèche (07),false,{07127},Commune,2026-03-24 14:41:52.562531+01,gold_establishments_2025,,,,21070127200010,2025,Collectivité Territoriale,Commune,['Ardèche'],['Auvergne-Rhône-Alpes'],COM,{07},{84}
c34506ad-a727-4ec3-b114-0be112d6f7b5,217102524,Commune de Lalheue (71),false,{71252},Commune,2026-03-24 14:42:07.735343+01,gold_establishments_2025,,,,21710252400014,2025,Collectivité Territoriale,Commune,['Saône-et-Loire'],['Bourgogne-Franche-Comté'],COM,{71},{27}
41d47e09-9885-418f-a7a3-1e162f9d3416,212402234,Commune de Lalinde (24),false,{24223},Commune,2026-03-24 14:41:55.958138+01,gold_establishments_2025,,,,21240223400018,2025,Collectivité Territoriale,Commune,['Dordogne'],['Nouvelle-Aquitaine'],COM,{24},{75}
d320eb64-c1ec-4aab-aa20-5cfb2aeb0279,210301354,Commune de Lalizolle (03),false,{03135},Commune,2026-03-24 14:41:52.020251+01,gold_establishments_2025,,,,21030135400010,2025,Collectivité Territoriale,Commune,['Allier'],['Auvergne-Rhône-Alpes'],COM,{03},{84}
a5c4db8c-d315-42f3-b989-e4bb71f795cb,215903279,Commune de Lallaing (59),false,{59327},Commune,2026-03-24 14:42:04.280096+01,gold_establishments_2025,,,,21590327900010,2025,Collectivité Territoriale,Commune,['Nord'],['Hauts-de-France'],COM,{59},{32}
20b0d833-84ff-4f95-8caf-997dbf2dea3d,213501406,Commune de Lalleu (35),false,{35140},Commune,2026-03-24 14:41:58.620411+01,gold_establishments_2025,,,,21350140600010,2025,Collectivité Territoriale,Commune,['Ille-et-Vilaine'],['Bretagne'],COM,{35},{53}
4442b011-f75d-49fd-bde5-47c5b96be77c,213802044,Commune de Lalley (38),false,{38204},Commune,2026-03-24 14:41:59.160244+01,gold_establishments_2025,,,,21380204400015,2025,Collectivité Territoriale,Commune,['Isère'],['Auvergne-Rhône-Alpes'],COM,{38},{84}
bfe1faec-753a-4612-977c-f97d9f332fcd,210802203,Commune de Lalobbe (08),false,{08243},Commune,2026-03-24 14:41:53.095366+01,gold_establishments_2025,,,,21080220300013,2025,Collectivité Territoriale,Commune,['Ardennes'],['Grand Est'],COM,{08},{44}
e471e284-3bb1-43c0-98ea-77b4917b1dad,216403071,Commune de Lalongue (64),false,{64307},Commune,2026-03-24 14:42:06.130387+01,gold_establishments_2025,,,,21640307100014,2025,Collectivité Territoriale,Commune,['Pyrénées-Atlantiques'],['Nouvelle-Aquitaine'],COM,{64},{75}
ebfec901-1943-4d0a-9275-339f01c40551,216403089,Commune de Lalonquette (64),false,{64308},Commune,2026-03-24 14:42:06.130387+01,gold_establishments_2025,,,,21640308900016,2025,Collectivité Territoriale,Commune,['Pyrénées-Atlantiques'],['Nouvelle-Aquitaine'],COM,{64},{75}
688d3eec-56ef-455a-9c06-fe4cc49f7e16,216502518,Commune de Laloubère (65),false,{65251},Commune,2026-03-24 14:42:06.665412+01,gold_establishments_2025,,,,21650251800014,2025,Collectivité Territoriale,Commune,['Hautes-Pyrénées'],['Occitanie'],COM,{65},{76}
bbc9cae3-84d9-40f4-907d-7c53acd4f8a2,213102684,Commune de Lalouret-Laffiteau (31),false,{31268},Commune,2026-03-24 14:41:58.09424+01,gold_establishments_2025,,,,21310268400015,2025,Collectivité Territoriale,Commune,['Haute-Garonne'],['Occitanie'],COM,{31},{76}
84604ad6-7d1b-4bf3-bdee-c7bb65004211,210701280,Commune de Lalouvesc (07),false,{07128},Commune,2026-03-24 14:41:52.562531+01,gold_establishments_2025,,,,21070128000013,2025,Collectivité Territoriale,Commune,['Ardèche'],['Auvergne-Rhône-Alpes'],COM,{07},{84}
83ebad60-745e-496a-8160-d9424cf9f261,214001422,Commune de Laluque (40),false,{40142},Commune,2026-03-24 14:41:59.705606+01,gold_establishments_2025,,,,21400142200010,2025,Collectivité Territoriale,Commune,['Landes'],['Nouvelle-Aquitaine'],COM,{40},{75}
616c3229-95ca-45e1-8fd9-7951f2357957,215402918,Commune de Lalœuf (54),false,{54291},Commune,2026-03-24 14:42:02.957225+01,gold_establishments_2025,,,,21540291800019,2025,Collectivité Territoriale,Commune,['Meurthe-et-Moselle'],['Grand Est'],COM,{54},{44}
e966f2da-93b0-4790-9f4f-0f6ede25c5cf,212001366,Commune de Lama (2B),false,{2B136},Commune,2026-03-24 14:41:57.56054+01,gold_establishments_2025,,,,21200136600013,2025,Collectivité Territoriale,Commune,['Haute-Corse'],['Corse'],COM,{2B},{94}
8d5ca726-271a-4dff-94bd-1178323cfc0a,219000619,Commune de Lamadeleine-Val-des-Anges (90),false,{90061},Commune,2026-03-24 14:42:11.659493+01,gold_establishments_2025,,,,21900061900011,2025,Collectivité Territoriale,Commune,['Territoire de Belfort'],['Bourgogne-Franche-Comté'],COM,{90},{27}
5cc07cc3-fb0e-4e66-9bb8-32d59fa86fe8,214601494,Commune de Lamagdelaine (46),false,{46149},Commune,2026-03-24 14:42:00.862623+01,gold_establishments_2025,,,,21460149400013,2025,Collectivité Territoriale,Commune,['Lot'],['Occitanie'],COM,{46},{76}
cc6a2232-6009-48de-93b7-9e257529ea67,218200897,Commune de Lamagistère (82),false,{82089},Commune,2026-03-24 14:42:10.508772+01,gold_establishments_2025,,,,21820089700013,2025,Collectivité Territoriale,Commune,['Tarn-et-Garonne'],['Occitanie'],COM,{82},{76}
fae83bec-8b29-4ea4-b443-2cdc029b5602,213201866,Commune de Lamaguère (32),false,{32186},Commune,2026-03-24 14:41:58.09424+01,gold_establishments_2025,,,,21320186600018,2025,Collectivité Territoriale,Commune,['Gers'],['Occitanie'],COM,{32},{76}
08158982-eac1-4b89-967e-e00be862c2cf,210301362,Commune de Lamaids (03),false,{03136},Commune,2026-03-24 14:41:52.020251+01,gold_establishments_2025,,,,21030136200013,2025,Collectivité Territoriale,Commune,['Allier'],['Auvergne-Rhône-Alpes'],COM,{03},{84}
b80f9345-fa9c-4281-93d4-2d33e4549676,213401268,Commune de Lamalou-les-Bains (34),false,{34126},Commune,2026-03-24 14:41:58.620411+01,gold_establishments_2025,,,,21340126800130,2025,Collectivité Territoriale,Commune,['Hérault'],['Occitanie'],COM,{34},{76}
8865a1eb-fffc-461d-849f-32b3a5f67a5c,215201872,Commune de Lamancine (52),false,{52260},Commune,2026-03-24 14:42:01.954481+01,gold_establishments_2025,,,,21520187200011,2025,Collectivité Territoriale,Commune,['Haute-Marne'],['Grand Est'],COM,{52},{44}
433d9b0b-5f69-47e8-816b-0299f6ea7383,211300496,Commune de Lamanon (13),false,{13049},Commune,2026-03-24 14:41:53.63825+01,gold_establishments_2025,,,,21130049600018,2025,Collectivité Territoriale,Commune,['Bouches-du-Rhône'],"[""Provence-Alpes-Côte d'Azur""]",COM,{13},{93}
10473f98-ffda-4acd-86e4-f8ef86bdf8f7,216600916,Commune de Lamanère (66),false,{66091},Commune,2026-03-24 14:42:06.665412+01,gold_establishments_2025,,,,21660091600011,2025,Collectivité Territoriale,Commune,['Pyrénées-Orientales'],['Occitanie'],COM,{66},{76}
11634c1c-e0cd-457a-a48d-52d7571c7950,218802585,Commune de Lamarche (88),false,{88258},Commune,2026-03-24 14:42:11.118516+01,gold_establishments_2025,,,,21880258500016,2025,Collectivité Territoriale,Commune,['Vosges'],['Grand Est'],COM,{88},{44}
1125dd76-1be9-4432-a307-2138fdd7b19e,212103378,Commune de Lamarche-sur-Saône (21),false,{21337},Commune,2026-03-24 14:41:55.433389+01,gold_establishments_2025,,,,21210337800015,2025,Collectivité Territoriale,Commune,"[""Côte-d'Or""]",['Bourgogne-Franche-Comté'],COM,{21},{27}
ac21caae-789e-487a-8eb0-2f5831b6aba9,212103386,Commune de Lamargelle (21),false,{21338},Commune,2026-03-24 14:41:55.433389+01,gold_establishments_2025,,,,21210338600018,2025,Collectivité Territoriale,Commune,"[""Côte-d'Or""]",['Bourgogne-Franche-Comté'],COM,{21},{27}
44367a69-ce60-4d67-8b5a-dfacbd0ba916,218004380,Commune de Lamaronde (80),false,{80460},Commune,2026-03-24 14:42:09.967209+01,gold_establishments_2025,,,,21800438000018,2025,Collectivité Territoriale,Commune,['Somme'],['Hauts-de-France'],COM,{80},{32}
7cb0fa2d-adae-47f8-9daa-90470b22e054,213302201,Commune de Lamarque (33),false,{33220},Commune,2026-03-24 14:41:58.620411+01,gold_establishments_2025,,,,21330220100016,2025,Collectivité Territoriale,Commune,['Gironde'],['Nouvelle-Aquitaine'],COM,{33},{75}
64fd5a58-6f9e-49cb-b49b-a21caaf0bd89,216502526,Commune de Lamarque-Pontacq (65),false,{65252},Commune,2026-03-24 14:42:06.665412+01,gold_establishments_2025,,,,21650252600017,2025,Collectivité Territoriale,Commune,['Hautes-Pyrénées'],['Occitanie'],COM,{65},{76}
4f6607c2-adcf-4652-8df7-3e15a2760ea3,216502534,Commune de Lamarque-Rustaing (65),false,{65253},Commune,2026-03-24 14:42:06.665412+01,gold_establishments_2025,,,,21650253400011,2025,Collectivité Territoriale,Commune,['Hautes-Pyrénées'],['Occitanie'],COM,{65},{76}
abd8eb11-fcdf-4c82-a17b-072a1ccdd93d,213102692,Commune de Lamasquère (31),false,{31269},Commune,2026-03-24 14:41:58.09424+01,gold_establishments_2025,,,,21310269200018,2025,Collectivité Territoriale,Commune,['Haute-Garonne'],['Occitanie'],COM,{31},{76}
110ea9ed-677a-494c-82e1-b3658233b8b2,210701298,Commune de Lamastre (07),false,{07129},Commune,2026-03-24 14:41:52.562531+01,gold_establishments_2025,,,,21070129800015,2025,Collectivité Territoriale,Commune,['Ardèche'],['Auvergne-Rhône-Alpes'],COM,{07},{84}
0a2972cc-a2b5-4255-bc86-e9d9d84c2618,215402926,Commune de Lamath (54),false,{54292},Commune,2026-03-24 14:42:02.957225+01,gold_establishments_2025,,,,21540292600012,2025,Collectivité Territoriale,Commune,['Meurthe-et-Moselle'],['Grand Est'],COM,{54},{44}
24876eee-4c15-4342-9982-8ca9fb380579,216403097,Commune de Lamayou (64),false,{64309},Commune,2026-03-24 14:42:06.130387+01,gold_establishments_2025,,,,21640309700019,2025,Collectivité Territoriale,Commune,['Pyrénées-Atlantiques'],['Nouvelle-Aquitaine'],COM,{64},{75}
0138a228-9c39-4c51-9794-765e8736fde3,211910203,Commune de Lamazière-Basse (19),false,{19102},Commune,2026-03-24 14:41:54.903238+01,gold_establishments_2025,,,,21191020300010,2025,Collectivité Territoriale,Commune,['Corrèze'],['Nouvelle-Aquitaine'],COM,{19},{75}
1f6c1b9b-df5c-46a1-be7e-eeb4ae41f28b,211910302,Commune de Lamazière-Haute (19),false,{19103},Commune,2026-03-24 14:41:54.903238+01,gold_establishments_2025,,,,21191030200010,2025,Collectivité Territoriale,Commune,['Corrèze'],['Nouvelle-Aquitaine'],COM,{19},{75}
236e93e8-e204-4aa0-8964-6ca6f76ed97c,213201874,Commune de Lamazère (32),false,{32187},Commune,2026-03-24 14:41:58.09424+01,gold_establishments_2025,,,,21320187400012,2025,Collectivité Territoriale,Commune,['Gers'],['Occitanie'],COM,{32},{76}
1230ec9f-be49-40bf-b14b-4a7c008685dd,215703760,Commune de Lambach (57),false,{57376},Commune,2026-03-24 14:42:03.701372+01,gold_establishments_2025,,,,21570376000011,2025,Collectivité Territoriale,Commune,['Moselle'],['Grand Est'],COM,{57},{44}
1cf19288-d319-4c17-ad4b-7412fdd4831c,200084176,Commune de Lamballe-Armor (22),false,{22093},Commune,2026-03-24 14:41:55.433389+01,gold_establishments_2025,,,,20008417600011,2025,Collectivité Territoriale,Commune,"[""Côtes-d'Armor""]",['Bretagne'],COM,{22},{53}
4585fcf8-5a20-4640-9fe4-63a4dccc8809,215903287,Commune de Lambersart (59),false,{59328},Commune,2026-03-24 14:42:04.280096+01,gold_establishments_2025,,,,21590328700013,2025,Collectivité Territoriale,Commune,['Nord'],['Hauts-de-France'],COM,{59},{32}
438d0bbf-e42e-4e40-b06e-92df1f488fa1,215002619,Commune de Lamberville (50),false,{50261},Commune,2026-03-24 14:42:01.412377+01,gold_establishments_2025,,,,21500261900017,2025,Collectivité Territoriale,Commune,['Manche'],['Normandie'],COM,{50},{28}
ca1259c7-bc24-4f9f-93e4-1e25b6ad753f,217603794,Commune de Lamberville (76),false,{76379},Commune,2026-03-24 14:42:08.818969+01,gold_establishments_2025,,,,21760379400017,2025,Collectivité Territoriale,Commune,['Seine-Maritime'],['Normandie'],COM,{76},{28}
d5c6876f-b0f0-4a53-9e15-92a487db1db7,211300504,Commune de Lambesc (13),false,{13050},Commune,2026-03-24 14:41:53.63825+01,gold_establishments_2025,,,,21130050400019,2025,Collectivité Territoriale,Commune,['Bouches-du-Rhône'],"[""Provence-Alpes-Côte d'Azur""]",COM,{13},{93}
c8ca0c57-8dec-42da-8241-983fba456ca5,212802029,Commune de Lamblore (28),false,{28202},Commune,2026-03-24 14:41:57.028721+01,gold_establishments_2025,,,,21280202900018,2025,Collectivité Territoriale,Commune,['Eure-et-Loir'],['Centre-Val de Loire'],COM,{28},{24}
2376cf77-08df-47aa-ba61-04e4e7196b91,216204867,Commune de Lambres (62),false,{62486},Commune,2026-03-24 14:42:05.597325+01,gold_establishments_2025,,,,21620486700040,2025,Collectivité Territoriale,Commune,['Pas-de-Calais'],['Hauts-de-France'],COM,{62},{32}
71d0893f-44c3-44f0-b7a5-3afa29473193,215903295,Commune de Lambres-lez-Douai (59),false,{59329},Commune,2026-03-24 14:42:04.280096+01,gold_establishments_2025,,,,21590329500016,2025,Collectivité Territoriale,Commune,['Nord'],['Hauts-de-France'],COM,{59},{32}
2e08f37c-537f-4b75-8105-760773de7fe9,217002930,Commune de Lambrey (70),false,{70293},Commune,2026-03-24 14:42:07.735343+01,gold_establishments_2025,,,,21700293000014,2025,Collectivité Territoriale,Commune,['Haute-Saône'],['Bourgogne-Franche-Comté'],COM,{70},{27}
3a6c9ff4-c8f2-494f-a798-dca34a488e83,210400990,Commune de Lambruisse (04),false,{04099},Commune,2026-03-24 14:41:52.020251+01,gold_establishments_2025,,,,21040099000011,2025,Collectivité Territoriale,Commune,['Alpes-de-Haute-Provence'],"[""Provence-Alpes-Côte d'Azur""]",COM,{04},{93}
ff8b0e2f-727e-4933-b8bd-5e3265153e8c,213001373,Commune de Lamelouze (30),false,{30137},Commune,2026-03-24 14:41:57.56054+01,gold_establishments_2025,,,,21300137300017,2025,Collectivité Territoriale,Commune,['Gard'],['Occitanie'],COM,{30},{76}
d55d54a4-ab37-405a-97b0-45c5bde27be5,215801374,Commune de Lamenay-sur-Loire (58),false,{58137},Commune,2026-03-24 14:42:04.280096+01,gold_establishments_2025,,,,21580137400012,2025,Collectivité Territoriale,Commune,['Nièvre'],['Bourgogne-Franche-Comté'],COM,{58},{27}
ae61cf5a-fe35-428d-aa85-4ff1c3777b62,219711157,Commune de Lamentin (971),false,{97115},Commune,2026-03-24 14:42:11.659493+01,gold_establishments_2025,,,,21971115700012,2025,Collectivité Territoriale,Commune,['Guadeloupe'],['Guadeloupe'],COM,{971},{01}
193d78c9-791f-4b13-9310-3b7bd8c33062,210802211,Commune de Lametz (08),false,{08244},Commune,2026-03-24 14:41:53.095366+01,gold_establishments_2025,,,,21080221100016,2025,Collectivité Territoriale,Commune,['Ardennes'],['Grand Est'],COM,{08},{44}
69379949-2df1-4d0d-a3bb-97daa75482df,218101335,Commune de Lamillarié (81),false,{81133},Commune,2026-03-24 14:42:09.967209+01,gold_establishments_2025,,,,21810133500014,2025,Collectivité Territoriale,Commune,['Tarn'],['Occitanie'],COM,{81},{76}
a49f2a38-ea56-4e74-9883-99cadf3abe40,217603802,Commune de Lammerville (76),false,{76380},Commune,2026-03-24 14:42:08.818969+01,gold_establishments_2025,,,,21760380200018,2025,Collectivité Territoriale,Commune,['Seine-Maritime'],['Normandie'],COM,{76},{28}
4d87d13b-4342-4239-967f-9317f36d3ea7,217201565,Commune de Lamnay (72),false,{72156},Commune,2026-03-24 14:42:08.279287+01,gold_establishments_2025,,,,21720156500017,2025,Collectivité Territoriale,Commune,['Sarthe'],['Pays de la Loire'],COM,{72},{52}
0e43c33a-ce79-494f-8e83-23b2233ab8cc,211910401,Commune de Lamongerie (19),false,{19104},Commune,2026-03-24 14:41:54.903238+01,gold_establishments_2025,,,,21191040100010,2025,Collectivité Territoriale,Commune,['Corrèze'],['Nouvelle-Aquitaine'],COM,{19},{75}
e6607230-2f01-4d21-87e7-420ad6f07470,216301853,Commune de Lamontgie (63),false,{63185},Commune,2026-03-24 14:42:06.130387+01,gold_establishments_2025,,,,21630185300018,2025,Collectivité Territoriale,Commune,['Puy-de-Dôme'],['Auvergne-Rhône-Alpes'],COM,{63},{84}
fdbfbf2c-4e6b-4d3b-af52-274fa69ee089,214701336,Commune de Lamontjoie (47),false,{47133},Commune,2026-03-24 14:42:00.862623+01,gold_establishments_2025,,,,21470133600015,2025,Collectivité Territoriale,Commune,['Lot-et-Garonne'],['Nouvelle-Aquitaine'],COM,{47},{75}
8646706e-12f8-417b-a703-45ef0719866b,218101343,Commune de Lamontélarié (81),false,{81134},Commune,2026-03-24 14:42:09.967209+01,gold_establishments_2025,,,,21810134300018,2025,Collectivité Territoriale,Commune,['Tarn'],['Occitanie'],COM,{81},{76}
6443ebab-a015-45da-9afc-6956a6291fd7,212402242,Commune de Lamonzie-Montastruc (24),false,{24224},Commune,2026-03-24 14:41:55.958138+01,gold_establishments_2025,,,,21240224200011,2025,Collectivité Territoriale,Commune,['Dordogne'],['Nouvelle-Aquitaine'],COM,{24},{75}
c61ef371-f3a6-41fb-94cd-3b302fab48a2,212402259,Commune de Lamonzie-Saint-Martin (24),false,{24225},Commune,2026-03-24 14:41:55.958138+01,gold_establishments_2025,,,,21240225900015,2025,Collectivité Territoriale,Commune,['Dordogne'],['Nouvelle-Aquitaine'],COM,{24},{75}
09cc553d-7505-4118-9fc2-f37280aa4a94,216003434,Commune de Lamorlaye (60),false,{60346},Commune,2026-03-24 14:42:04.814328+01,gold_establishments_2025,,,,21600343400018,2025,Collectivité Territoriale,Commune,['Oise'],['Hauts-de-France'],COM,{60},{32}
b09f9b49-b7df-40d5-8ed8-e5a57736dbbb,215502741,Commune de Lamorville (55),false,{55274},Commune,2026-03-24 14:42:03.701372+01,gold_establishments_2025,,,,21550274100014,2025,Collectivité Territoriale,Commune,['Meuse'],['Grand Est'],COM,{55},{44}
6bba7f5e-ce3f-457b-a99f-4117204288f1,214001430,Commune de Lamothe (40),false,{40143},Commune,2026-03-24 14:41:59.705606+01,gold_establishments_2025,,,,21400143000013,2025,Collectivité Territoriale,Commune,['Landes'],['Nouvelle-Aquitaine'],COM,{40},{75}
45bc74b5-2193-42e6-aeef-a4c3a9352865,214301103,Commune de Lamothe (43),false,{43110},Commune,2026-03-24 14:42:00.273698+01,gold_establishments_2025,,,,21430110300013,2025,Collectivité Territoriale,Commune,['Haute-Loire'],['Auvergne-Rhône-Alpes'],COM,{43},{84}
4c42d086-87ee-4134-947a-1a4efaeaee27,218200905,Commune de Lamothe-Capdeville (82),false,{82090},Commune,2026-03-24 14:42:10.508772+01,gold_establishments_2025,,,,21820090500014,2025,Collectivité Territoriale,Commune,['Tarn-et-Garonne'],['Occitanie'],COM,{82},{76}
23b1dd97-e5ba-499d-a6ee-49ee4ff4574b,214601510,Commune de Lamothe-Cassel (46),false,{46151},Commune,2026-03-24 14:42:00.862623+01,gold_establishments_2025,,,,21460151000016,2025,Collectivité Territoriale,Commune,['Lot'],['Occitanie'],COM,{46},{76}
3e728d5a-922c-4db8-a11c-d0a8f7d8458c,218200913,Commune de Lamothe-Cumont (82),false,{82091},Commune,2026-03-24 14:42:10.508772+01,gold_establishments_2025,,,,21820091300018,2025,Collectivité Territoriale,Commune,['Tarn-et-Garonne'],['Occitanie'],COM,{82},{76}
1b4d291c-0387-484e-a742-dcf43a6c629b,214601528,Commune de Lamothe-Fénelon (46),false,{46152},Commune,2026-03-24 14:42:00.862623+01,gold_establishments_2025,,,,21460152800018,2025,Collectivité Territoriale,Commune,['Lot'],['Occitanie'],COM,{46},{76}
15a5bde1-5d6f-401c-992e-cb9e29e20a33,213201882,Commune de Lamothe-Goas (32),false,{32188},Commune,2026-03-24 14:41:58.09424+01,gold_establishments_2025,,,,21320188200015,2025,Collectivité Territoriale,Commune,['Gers'],['Occitanie'],COM,{32},{76}
c2eb00eb-9739-4d69-8bb5-32e06ce2867c,213302219,Commune de Lamothe-Landerron (33),false,{33221},Commune,2026-03-24 14:41:58.620411+01,gold_establishments_2025,,,,21330221900018,2025,Collectivité Territoriale,Commune,['Gironde'],['Nouvelle-Aquitaine'],COM,{33},{75}
731c5b99-81b5-44cd-8809-9c1fc5188075,212402267,Commune de Lamothe-Montravel (24),false,{24226},Commune,2026-03-24 14:41:55.958138+01,gold_establishments_2025,,,,21240226700018,2025,Collectivité Territoriale,Commune,['Dordogne'],['Nouvelle-Aquitaine'],COM,{24},{75}
28fa7a2a-9eb1-476e-aa74-177e29ceeae5,214101065,Commune de Lamotte-Beuvron (41),false,{41106},Commune,2026-03-24 14:42:00.273698+01,gold_establishments_2025,,,,21410106500016,2025,Collectivité Territoriale,Commune,['Loir-et-Cher'],['Centre-Val de Loire'],COM,{41},{24}
8bb56603-c9d0-45bb-9fbd-cabb32983628,218004398,Commune de Lamotte-Brebière (80),false,{80461},Commune,2026-03-24 14:42:09.967209+01,gold_establishments_2025,,,,21800439800010,2025,Collectivité Territoriale,Commune,['Somme'],['Hauts-de-France'],COM,{80},{32}
8f8c5a2f-3909-486f-8a95-f73e64455dae,218004406,Commune de Lamotte-Buleux (80),false,{80462},Commune,2026-03-24 14:42:09.967209+01,gold_establishments_2025,,,,21800440600011,2025,Collectivité Territoriale,Commune,['Somme'],['Hauts-de-France'],COM,{80},{32}
de1d1670-059c-4606-b80e-0d997d8c8a32,218004414,Commune de Lamotte-Warfusée (80),false,{80463},Commune,2026-03-24 14:42:09.967209+01,gold_establishments_2025,,,,21800441400015,2025,Collectivité Territoriale,Commune,['Somme'],['Hauts-de-France'],COM,{80},{32}
6f784444-f4c0-46b4-b795-313cacc726c7,218400638,Commune de Lamotte-du-Rhône (84),false,{84063},Commune,2026-03-24 14:42:10.508772+01,gold_establishments_2025,,,,21840063800019,2025,Collectivité Territoriale,Commune,['Vaucluse'],"[""Provence-Alpes-Côte d'Azur""]",COM,{84},{93}
137fb464-a247-4b8b-8533-30f202807bfa,215502758,Commune de Lamouilly (55),false,{55275},Commune,2026-03-24 14:42:03.701372+01,gold_establishments_2025,,,,21550275800018,2025,Collectivité Territoriale,Commune,['Meuse'],['Grand Est'],COM,{55},{44}
a69e6be6-5006-4cf9-bc17-1e7fa93cea9e,213902752,Commune de Lamoura (39),false,{39275},Commune,2026-03-24 14:41:59.705606+01,gold_establishments_2025,,,,21390275200087,2025,Collectivité Territoriale,Commune,['Jura'],['Bourgogne-Franche-Comté'],COM,{39},{27}
e3d7c453-5680-403f-b799-7e00860b7c28,212900971,Commune de Lampaul-Guimiliau (29),false,{29097},Commune,2026-03-24 14:41:57.028721+01,gold_establishments_2025,,,,21290097100103,2025,Collectivité Territoriale,Commune,['Finistère'],['Bretagne'],COM,{29},{53}
79cacc3c-ed65-410a-9dcb-6e98bbdb4a7f,212900989,Commune de Lampaul-Plouarzel (29),false,{29098},Commune,2026-03-24 14:41:57.028721+01,gold_establishments_2025,,,,21290098900014,2025,Collectivité Territoriale,Commune,['Finistère'],['Bretagne'],COM,{29},{53}
050c6680-8cf2-4796-9255-6b862cd11008,212900997,Commune de Lampaul-Ploudalmézeau (29),false,{29099},Commune,2026-03-24 14:41:57.028721+01,gold_establishments_2025,,,,21290099700017,2025,Collectivité Territoriale,Commune,['Finistère'],['Bretagne'],COM,{29},{53}
75178e15-76d9-406a-8de3-24b9eb9d3f10,216702563,Commune de Lampertheim (67),false,{67256},Commune,2026-03-24 14:42:07.195692+01,gold_establishments_2025,,,,21670256300018,2025,Collectivité Territoriale,Commune,['Bas-Rhin'],['Grand Est'],COM,{67},{44}
1fc53f52-eb06-4da3-b647-4a2b448689bd,216702571,Commune de Lampertsloch (67),false,{67257},Commune,2026-03-24 14:42:07.195692+01,gold_establishments_2025,,,,21670257100011,2025,Collectivité Territoriale,Commune,['Bas-Rhin'],['Grand Est'],COM,{67},{44}
452c03e7-4ad5-404c-9328-6521ca0a1cf3,216901074,Commune de Lamure-sur-Azergues (69),false,{69107},Commune,2026-03-24 14:42:07.195692+01,gold_establishments_2025,,,,21690107400015,2025,Collectivité Territoriale,Commune,['Rhône'],['Auvergne-Rhône-Alpes'],COM,{69},{84}
4b9d227f-3133-425c-aa43-3548f0c5570a,216502542,Commune de Laméac (65),false,{65254},Commune,2026-03-24 14:42:06.665412+01,gold_establishments_2025,,,,21650254200014,2025,Collectivité Territoriale,Commune,['Hautes-Pyrénées'],['Occitanie'],COM,{65},{76}
c01cfae8-15be-4c32-a1f3-e0856d2d369c,216003426,Commune de Lamécourt (60),false,{60345},Commune,2026-03-24 14:42:04.814328+01,gold_establishments_2025,,,,21600342600014,2025,Collectivité Territoriale,Commune,['Oise'],['Hauts-de-France'],COM,{60},{32}
48309f1b-3ee2-41a2-a788-7857edaca257,212503247,Commune de Lanans (25),false,{25324},Commune,2026-03-24 14:41:56.495197+01,gold_establishments_2025,,,,21250324700018,2025,Collectivité Territoriale,Commune,['Doubs'],['Bourgogne-Franche-Comté'],COM,{25},{27}
29a2dc28-cccf-439c-85d1-3c802420caaf,210701306,Commune de Lanarce (07),false,{07130},Commune,2026-03-24 14:41:52.562531+01,gold_establishments_2025,,,,21070130600016,2025,Collectivité Territoriale,Commune,['Ardèche'],['Auvergne-Rhône-Alpes'],COM,{07},{84}
72c1e870-8acb-49b4-b7e5-999e34602125,212901003,Commune de Lanarvily (29),false,{29100},Commune,2026-03-24 14:41:57.028721+01,gold_establishments_2025,,,,21290100300013,2025,Collectivité Territoriale,Commune,['Finistère'],['Bretagne'],COM,{29},{53}
88d66854-c57f-487b-89a7-5f02fcb70d62,210701314,Commune de Lanas (07),false,{07131},Commune,2026-03-24 14:41:52.562531+01,gold_establishments_2025,,,,21070131400010,2025,Collectivité Territoriale,Commune,['Ardèche'],['Auvergne-Rhône-Alpes'],COM,{07},{84}
7b7b94ff-4c03-4857-90f3-9d43ccb5df71,218004448,Commune de Lanches-Saint-Hilaire (80),false,{80466},Commune,2026-03-24 14:42:09.967209+01,gold_establishments_2025,,,,21800444800013,2025,Collectivité Territoriale,Commune,['Somme'],['Hauts-de-France'],COM,{80},{32}
3483d409-8835-492d-be8f-c0d5cb54aa2b,210203816,Commune de Lanchy (02),false,{02402},Commune,2026-03-24 14:41:52.020251+01,gold_establishments_2025,,,,21020381600017,2025,Collectivité Territoriale,Commune,['Aisne'],['Hauts-de-France'],COM,{02},{32}
192fa439-6c84-463c-ab03-8d86226008ae,218004422,Commune de Lanchères (80),false,{80464},Commune,2026-03-24 14:42:09.967209+01,gold_establishments_2025,,,,21800442200018,2025,Collectivité Territoriale,Commune,['Somme'],['Hauts-de-France'],COM,{80},{32}
d900fc40-8506-43ee-ac89-85492dfcc60d,212200943,Commune de Lancieux (22),false,{22094},Commune,2026-03-24 14:41:55.433389+01,gold_establishments_2025,,,,21220094300018,2025,Collectivité Territoriale,Commune,"[""Côtes-d'Armor""]",['Bretagne'],COM,{22},{53}
0f823009-983c-4bf8-9e35-c3404deae7c8,216901082,Commune de Lancié (69),false,{69108},Commune,2026-03-24 14:42:07.195692+01,gold_establishments_2025,,,,21690108200018,2025,Collectivité Territoriale,Commune,['Rhône'],['Auvergne-Rhône-Alpes'],COM,{69},{84}
b167a5a2-6cbd-414c-a76e-a50377d597a4,214101073,Commune de Lancé (41),false,{41107},Commune,2026-03-24 14:42:00.273698+01,gold_establishments_2025,,,,21410107300010,2025,Collectivité Territoriale,Commune,['Loir-et-Cher'],['Centre-Val de Loire'],COM,{41},{24}
0a8d5c73-7bd8-4a08-8c1e-c87904342bc9,214101081,Commune de Lancôme (41),false,{41108},Commune,2026-03-24 14:42:00.273698+01,gold_establishments_2025,,,,21410108100013,2025,Collectivité Territoriale,Commune,['Loir-et-Cher'],['Centre-Val de Loire'],COM,{41},{24}
2ff08b11-8289-47ce-ac50-bdac25a054f1,215703778,Commune de Landange (57),false,{57377},Commune,2026-03-24 14:42:03.701372+01,gold_establishments_2025,,,,21570377800013,2025,Collectivité Territoriale,Commune,['Moselle'],['Grand Est'],COM,{57},{44}
b53c529f-31bc-4463-82a3-f35b52b198bc,215903303,Commune de Landas (59),false,{59330},Commune,2026-03-24 14:42:04.280096+01,gold_establishments_2025,,,,21590330300018,2025,Collectivité Territoriale,Commune,['Nord'],['Hauts-de-France'],COM,{59},{32}
dd9c9d49-25a8-4e5e-bf25-e07ffd8c4d4b,215600966,Commune de Landaul (56),false,{56096},Commune,2026-03-24 14:42:03.701372+01,gold_establishments_2025,,,,21560096600018,2025,Collectivité Territoriale,Commune,['Morbihan'],['Bretagne'],COM,{56},{53}
dea68de8-ea9f-4944-8190-7083c008b042,218802593,Commune de Landaville (88),false,{88259},Commune,2026-03-24 14:42:11.118516+01,gold_establishments_2025,,,,21880259300010,2025,Collectivité Territoriale,Commune,['Vosges'],['Grand Est'],COM,{88},{44}
86552779-8735-4703-8ce6-e3415811ff7e,213501414,Commune de Landavran (35),false,{35141},Commune,2026-03-24 14:41:58.620411+01,gold_establishments_2025,,,,21350141400014,2025,Collectivité Territoriale,Commune,['Ille-et-Vilaine'],['Bretagne'],COM,{35},{53}
fbd89ef9-bfc2-469f-a40a-64290d6562e7,212200950,Commune de Landebaëron (22),false,{22095},Commune,2026-03-24 14:41:55.433389+01,gold_establishments_2025,,,,21220095000013,2025,Collectivité Territoriale,Commune,"[""Côtes-d'Armor""]",['Bretagne'],COM,{22},{53}
12d02c02-8c33-402c-b421-8ccce9ef10cd,212901029,Commune de Landeleau (29),false,{29102},Commune,2026-03-24 14:41:57.028721+01,gold_establishments_2025,,,,21290102900018,2025,Collectivité Territoriale,Commune,['Finistère'],['Bretagne'],COM,{29},{53}
08078273-dd96-494e-b2a4-b0521bfea0c9,212802037,Commune de Landelles (28),false,{28203},Commune,2026-03-24 14:41:57.028721+01,gold_establishments_2025,,,,21280203700011,2025,Collectivité Territoriale,Commune,['Eure-et-Loir'],['Centre-Val de Loire'],COM,{28},{24}
c223d15c-7c83-4567-85f6-d55b97623d6e,211403522,Commune de Landelles-et-Coupigny (14),false,{14352},Commune,2026-03-24 14:41:54.362296+01,gold_establishments_2025,,,,21140352200017,2025,Collectivité Territoriale,Commune,['Calvados'],['Normandie'],COM,{14},{28}
4d0d4347-eada-4a5a-ae5b-c265006b7323,212901037,Commune de Landerneau (29),false,{29103},Commune,2026-03-24 14:41:57.028721+01,gold_establishments_2025,,,,21290103700011,2025,Collectivité Territoriale,Commune,['Finistère'],['Bretagne'],COM,{29},{53}
be504c37-5f96-4605-b5ff-4618959e7f31,218501187,Commune de Landeronde (85),false,{85118},Commune,2026-03-24 14:42:10.508772+01,gold_establishments_2025,,,,21850118700015,2025,Collectivité Territoriale,Commune,['Vendée'],['Pays de la Loire'],COM,{85},{52}
19fddc03-41cf-4e83-aa5c-3aaaa04e1974,213302235,Commune de Landerrouat (33),false,{33223},Commune,2026-03-24 14:41:58.620411+01,gold_establishments_2025,,,,21330223500014,2025,Collectivité Territoriale,Commune,['Gironde'],['Nouvelle-Aquitaine'],COM,{33},{75}
fb751135-0bdf-42a2-9b37-28b5ac58fbd0,213302243,Commune de Landerrouet-sur-Ségur (33),false,{33224},Commune,2026-03-24 14:41:58.620411+01,gold_establishments_2025,,,,21330224300018,2025,Collectivité Territoriale,Commune,['Gironde'],['Nouvelle-Aquitaine'],COM,{33},{75}
19271399-42a3-4472-9991-c8d598c297a2,216702589,Commune de Landersheim (67),false,{67258},Commune,2026-03-24 14:42:07.195692+01,gold_establishments_2025,,,,21670258900013,2025,Collectivité Territoriale,Commune,['Bas-Rhin'],['Grand Est'],COM,{67},{44}
ac4e6756-bfdd-4015-a02c-8b96ddd9ccea,211702022,Commune de Landes (17),false,{17202},Commune,2026-03-24 14:41:54.903238+01,gold_establishments_2025,,,,21170202200016,2025,Collectivité Territoriale,Commune,['Charente-Maritime'],['Nouvelle-Aquitaine'],COM,{17},{75}
eeddb68b-a922-4a63-be63-a645c34ae4c3,217603810,Commune de Landes-Vieilles-et-Neuves (76),false,{76381},Commune,2026-03-24 14:42:08.818969+01,gold_establishments_2025,,,,21760381000011,2025,Collectivité Territoriale,Commune,['Seine-Maritime'],['Normandie'],COM,{76},{28}
64ee3324-4164-4cbc-b50b-ca9e00d186a7,214101099,Commune de Landes-le-Gaulois (41),false,{41109},Commune,2026-03-24 14:42:00.273698+01,gold_establishments_2025,,,,21410109900015,2025,Collectivité Territoriale,Commune,['Loir-et-Cher'],['Centre-Val de Loire'],COM,{41},{24}
849a90d0-ed4a-460e-bb0a-b78fd883a053,211403530,Commune de Landes-sur-Ajon (14),false,{14353},Commune,2026-03-24 14:41:54.362296+01,gold_establishments_2025,,,,21140353000010,2025,Collectivité Territoriale,Commune,['Calvados'],['Normandie'],COM,{14},{28}
6da14f3c-5f5a-4c6d-8cb6-c855e537df90,218501203,Commune de Landevieille (85),false,{85120},Commune,2026-03-24 14:42:10.508772+01,gold_establishments_2025,,,,21850120300010,2025,Collectivité Territoriale,Commune,['Vendée'],['Pays de la Loire'],COM,{85},{52}
b48bd187-8dad-4e45-821e-d350588dcc99,211500913,Commune de Landeyrat (15),false,{15091},Commune,2026-03-24 14:41:54.362296+01,gold_establishments_2025,,,,21150091300010,2025,Collectivité Territoriale,Commune,['Cantal'],['Auvergne-Rhône-Alpes'],COM,{15},{84}
fa1789cc-b2f4-42c3-a326-14444fd67a84,210203824,Commune de Landifay-et-Bertaignemont (02),false,{02403},Commune,2026-03-24 14:41:52.020251+01,gold_establishments_2025,,,,21020382400045,2025,Collectivité Territoriale,Commune,['Aisne'],['Hauts-de-France'],COM,{02},{32}
7cb58dd8-54f0-4787-9753-e310831846c9,216102210,Commune de Landigou (61),false,{61221},Commune,2026-03-24 14:42:05.597325+01,gold_establishments_2025,,,,21610221000012,2025,Collectivité Territoriale,Commune,['Orne'],['Normandie'],COM,{61},{28}
9cb772f9-8855-4329-bf20-ebf6316d5bf1,213302250,Commune de Landiras (33),false,{33225},Commune,2026-03-24 14:41:58.620411+01,gold_establishments_2025,,,,21330225000013,2025,Collectivité Territoriale,Commune,['Gironde'],['Nouvelle-Aquitaine'],COM,{33},{75}
65e2bd93-d9be-4848-a351-439b3346a5a3,216102228,Commune de Landisacq (61),false,{61222},Commune,2026-03-24 14:42:05.597325+01,gold_establishments_2025,,,,21610222800014,2025,Collectivité Territoriale,Commune,['Orne'],['Normandie'],COM,{61},{28}
16e150dc-2bb2-4589-9c65-6c72026c7c5f,212901052,Commune de Landivisiau (29),false,{29105},Commune,2026-03-24 14:41:57.028721+01,gold_establishments_2025,,,,21290105200010,2025,Collectivité Territoriale,Commune,['Finistère'],['Bretagne'],COM,{29},{53}
5d1eeb5f-c845-4501-b0b8-855852ef14f8,215301250,Commune de Landivy (53),false,{53125},Commune,2026-03-24 14:42:02.957225+01,gold_establishments_2025,,,,21530125000019,2025,Collectivité Territoriale,Commune,['Mayenne'],['Pays de la Loire'],COM,{53},{52}
6f481395-174c-4503-b25f-35e2959bdc58,216301861,Commune de Landogne (63),false,{63186},Commune,2026-03-24 14:42:06.130387+01,gold_establishments_2025,,,,21630186100011,2025,Collectivité Territoriale,Commune,['Puy-de-Dôme'],['Auvergne-Rhône-Alpes'],COM,{63},{84}
923fcbc4-331c-4b45-a01d-5c9be896f30a,213102700,Commune de Landorthe (31),false,{31270},Commune,2026-03-24 14:41:58.09424+01,gold_establishments_2025,,,,21310270000019,2025,Collectivité Territoriale,Commune,['Haute-Garonne'],['Occitanie'],COM,{31},{76}
150e4501-429d-43b0-b4ff-9486c4b0d541,214301111,Commune de Landos (43),false,{43111},Commune,2026-03-24 14:42:00.273698+01,gold_establishments_2025,,,,21430111100016,2025,Collectivité Territoriale,Commune,['Haute-Loire'],['Auvergne-Rhône-Alpes'],COM,{43},{84}
33484f15-76da-4171-95db-679d6b0cb4ab,210203832,Commune de Landouzy-la-Cour (02),false,{02404},Commune,2026-03-24 14:41:52.020251+01,gold_establishments_2025,,,,21020383200014,2025,Collectivité Territoriale,Commune,['Aisne'],['Hauts-de-France'],COM,{02},{32}
5085fb49-cf07-404a-90c5-c08b4101d6f6,210203840,Commune de Landouzy-la-Ville (02),false,{02405},Commune,2026-03-24 14:41:52.020251+01,gold_establishments_2025,,,,21020384000017,2025,Collectivité Territoriale,Commune,['Aisne'],['Hauts-de-France'],COM,{02},{32}
2143a4e5-72bc-49b2-8f7d-cbf5cb3be910,211702030,Commune de Landrais (17),false,{17203},Commune,2026-03-24 14:41:54.903238+01,gold_establishments_2025,,,,21170203000019,2025,Collectivité Territoriale,Commune,['Charente-Maritime'],['Nouvelle-Aquitaine'],COM,{17},{75}
c7f0226c-9cb0-4307-ab2f-92145ae18ddb,215903311,Commune de Landrecies (59),false,{59331},Commune,2026-03-24 14:42:04.280096+01,gold_establishments_2025,,,,21590331100011,2025,Collectivité Territoriale,Commune,['Nord'],['Hauts-de-France'],COM,{59},{32}
23e953b3-48c4-4341-bf92-f7ac778852e7,215502766,Commune de Landrecourt-Lempire (55),false,{55276},Commune,2026-03-24 14:42:03.701372+01,gold_establishments_2025,,,,21550276600011,2025,Collectivité Territoriale,Commune,['Meuse'],['Grand Est'],COM,{55},{44}
e828261c-e2e0-465b-a916-8ebe1abd50e6,215402942,Commune de Landremont (54),false,{54294},Commune,2026-03-24 14:42:02.957225+01,gold_establishments_2025,,,,21540294200019,2025,Collectivité Territoriale,Commune,['Meurthe-et-Moselle'],['Grand Est'],COM,{54},{44}
3daa99da-cc56-4745-a2aa-79aa8c76768f,215402959,Commune de Landres (54),false,{54295},Commune,2026-03-24 14:42:02.957225+01,gold_establishments_2025,,,,21540295900054,2025,Collectivité Territoriale,Commune,['Meurthe-et-Moselle'],['Grand Est'],COM,{54},{44}
21120076-2ed3-4b2c-b018-15d4fe86c4ce,210802237,Commune de Landres-et-Saint-Georges (08),false,{08246},Commune,2026-03-24 14:41:53.095366+01,gold_establishments_2025,,,,21080223700011,2025,Collectivité Territoriale,Commune,['Ardennes'],['Grand Est'],COM,{08},{44}
af8667f8-cd6f-41e7-aa53-089f76c8641b,212503254,Commune de Landresse (25),false,{25325},Commune,2026-03-24 14:41:56.495197+01,gold_establishments_2025,,,,21250325400014,2025,Collectivité Territoriale,Commune,['Doubs'],['Bourgogne-Franche-Comté'],COM,{25},{27}
3853a9c1-f8f9-48c1-b080-e5e1c57999b3,216204875,Commune de Landrethun-le-Nord (62),false,{62487},Commune,2026-03-24 14:42:05.597325+01,gold_establishments_2025,,,,21620487500019,2025,Collectivité Territoriale,Commune,['Pas-de-Calais'],['Hauts-de-France'],COM,{62},{32}
d7653e8e-de9f-4e82-a847-6a9b63c0e013,216204883,Commune de Landrethun-lès-Ardres (62),false,{62488},Commune,2026-03-24 14:42:05.597325+01,gold_establishments_2025,,,,21620488300013,2025,Collectivité Territoriale,Commune,['Pas-de-Calais'],['Hauts-de-France'],COM,{62},{32}
7d54af56-f512-4d68-877d-f9373830fffb,211001805,Commune de Landreville (10),false,{10187},Commune,2026-03-24 14:41:53.095366+01,gold_establishments_2025,,,,21100180500012,2025,Collectivité Territoriale,Commune,['Aube'],['Grand Est'],COM,{10},{44}
3c80a220-7a1c-4873-9f45-3a8d0dce6489,210802245,Commune de Landrichamps (08),false,{08247},Commune,2026-03-24 14:41:53.095366+01,gold_establishments_2025,,,,21080224500014,2025,Collectivité Territoriale,Commune,['Ardennes'],['Grand Est'],COM,{08},{44}
330d392b-ada4-4ced-84cd-005c261eb6f8,210203857,Commune de Landricourt (02),false,{02406},Commune,2026-03-24 14:41:52.020251+01,gold_establishments_2025,,,,21020385700011,2025,Collectivité Territoriale,Commune,['Aisne'],['Hauts-de-France'],COM,{02},{32}
391d56b5-2aba-43b6-9814-47e3bcba95e6,215102948,Commune de Landricourt (51),false,{51315},Commune,2026-03-24 14:42:01.954481+01,gold_establishments_2025,,,,21510294800019,2025,Collectivité Territoriale,Commune,['Marne'],['Grand Est'],COM,{51},{44}
349f7ed8-5865-4fad-9859-4ebc15d6b4e2,215703794,Commune de Landroff (57),false,{57379},Commune,2026-03-24 14:42:03.701372+01,gold_establishments_2025,,,,21570379400010,2025,Collectivité Territoriale,Commune,['Moselle'],['Grand Est'],COM,{57},{44}
3d2674b2-eb67-49b9-b2aa-bae5ef1f551b,217301423,Commune de Landry (73),false,{73142},Commune,2026-03-24 14:42:08.279287+01,gold_establishments_2025,,,,21730142300018,2025,Collectivité Territoriale,Commune,['Savoie'],['Auvergne-Rhône-Alpes'],COM,{73},{84}
4c5033a3-ddff-4c4a-93f4-13b1a0778a0e,212901060,Commune de Landrévarzec (29),false,{29106},Commune,2026-03-24 14:41:57.028721+01,gold_establishments_2025,,,,21290106000013,2025,Collectivité Territoriale,Commune,['Finistère'],['Bretagne'],COM,{29},{53}
c09718f8-67aa-418b-843b-0736d5dddbfc,216801746,Commune de Landser (68),false,{68174},Commune,2026-03-24 14:42:07.195692+01,gold_establishments_2025,,,,21680174600019,2025,Collectivité Territoriale,Commune,['Haut-Rhin'],['Grand Est'],COM,{68},{44}
d2e15255-cd42-454f-af4d-d4966ab3d15f,212901078,Commune de Landudal (29),false,{29107},Commune,2026-03-24 14:41:57.028721+01,gold_establishments_2025,,,,21290107800080,2025,Collectivité Territoriale,Commune,['Finistère'],['Bretagne'],COM,{29},{53}
09af52ab-be76-4941-84df-1b1540e9c5e0,212901086,Commune de Landudec (29),false,{29108},Commune,2026-03-24 14:41:57.028721+01,gold_establishments_2025,,,,21290108600018,2025,Collectivité Territoriale,Commune,['Finistère'],['Bretagne'],COM,{29},{53}
99b3be40-6772-4ae6-9e64-62f01d71a23e,213501430,Commune de Landujan (35),false,{35143},Commune,2026-03-24 14:41:58.620411+01,gold_establishments_2025,,,,21350143000010,2025,Collectivité Territoriale,Commune,['Ille-et-Vilaine'],['Bretagne'],COM,{35},{53}
df538d57-88db-4131-a7cb-44d53c9d49a2,212901094,Commune de Landunvez (29),false,{29109},Commune,2026-03-24 14:41:57.028721+01,gold_establishments_2025,,,,21290109400103,2025,Collectivité Territoriale,Commune,['Finistère'],['Bretagne'],COM,{29},{53}
c90c4602-8ba4-4ec0-8b73-e54e78b77357,213501422,Commune de Landéan (35),false,{35142},Commune,2026-03-24 14:41:58.620411+01,gold_establishments_2025,,,,21350142200017,2025,Collectivité Territoriale,Commune,['Ille-et-Vilaine'],['Bretagne'],COM,{35},{53}
92d506f7-d920-4a32-b829-cdae0aa38433,212200968,Commune de Landébia (22),false,{22096},Commune,2026-03-24 14:41:55.433389+01,gold_establishments_2025,,,,21220096800015,2025,Collectivité Territoriale,Commune,"[""Côtes-d'Armor""]",['Bretagne'],COM,{22},{53}
6037f969-be3f-4da8-a7f3-579255110da1,215402934,Commune de Landécourt (54),false,{54293},Commune,2026-03-24 14:42:02.957225+01,gold_establishments_2025,,,,21540293400016,2025,Collectivité Territoriale,Commune,['Meurthe-et-Moselle'],['Grand Est'],COM,{54},{44}
720a4bb7-6b0e-4a0d-995b-e4f9700c9d6d,212901011,Commune de Landéda (29),false,{29101},Commune,2026-03-24 14:41:57.028721+01,gold_establishments_2025,,,,21290101100081,2025,Collectivité Territoriale,Commune,['Finistère'],['Bretagne'],COM,{29},{53}
14464eed-00f4-4403-9544-da425aa873ac,212200984,Commune de Landéhen (22),false,{22098},Commune,2026-03-24 14:41:55.433389+01,gold_establishments_2025,,,,21220098400012,2025,Collectivité Territoriale,Commune,"[""Côtes-d'Armor""]",['Bretagne'],COM,{22},{53}
0f9ae917-e0d8-4338-b6be-c713d29eb919,215600974,Commune de Landévant (56),false,{56097},Commune,2026-03-24 14:42:03.701372+01,gold_establishments_2025,,,,21560097400012,2025,Collectivité Territoriale,Commune,['Morbihan'],['Bretagne'],COM,{56},{53}
ebb72250-077e-4637-9e49-51fb02345680,212901045,Commune de Landévennec (29),false,{29104},Commune,2026-03-24 14:41:57.028721+01,gold_establishments_2025,,,,21290104500014,2025,Collectivité Territoriale,Commune,['Finistère'],['Bretagne'],COM,{29},{53}
18263e5d-e396-48a6-8417-818e59a64098,216502567,Commune de Lanespède (65),false,{65256},Commune,2026-03-24 14:42:06.665412+01,gold_establishments_2025,,,,21650256700011,2025,Collectivité Territoriale,Commune,['Hautes-Pyrénées'],['Occitanie'],COM,{65},{76}
b1a71e11-39af-4ddf-b5a9-00a6b66aeca5,215600982,Commune de Lanester (56),false,{56098},Commune,2026-03-24 14:42:03.701372+01,gold_establishments_2025,,,,21560098200262,2025,Collectivité Territoriale,Commune,['Morbihan'],['Bretagne'],COM,{56},{53}
9b8c5c06-103a-4adc-8764-70c55a7cca3a,211101878,Commune de Lanet (11),false,{11187},Commune,2026-03-24 14:41:53.63825+01,gold_establishments_2025,,,,21110187800018,2025,Collectivité Territoriale,Commune,['Aude'],['Occitanie'],COM,{11},{76}
d5b7aa83-c4ab-48c5-a9f4-dd539bf62f04,215201898,Commune de Laneuvelle (52),false,{52264},Commune,2026-03-24 14:42:01.954481+01,gold_establishments_2025,,,,21520189800016,2025,Collectivité Territoriale,Commune,['Haute-Marne'],['Grand Est'],COM,{52},{44}
411136c2-ee9a-4e2f-b8d5-32a0982c3232,215402967,Commune de Laneuvelotte (54),false,{54296},Commune,2026-03-24 14:42:02.957225+01,gold_establishments_2025,,,,21540296700016,2025,Collectivité Territoriale,Commune,['Meurthe-et-Moselle'],['Grand Est'],COM,{54},{44}
996d5ad2-246a-410e-b8e1-9887611375e2,215402975,Commune de Laneuveville-aux-Bois (54),false,{54297},Commune,2026-03-24 14:42:02.957225+01,gold_establishments_2025,,,,21540297500019,2025,Collectivité Territoriale,Commune,['Meurthe-et-Moselle'],['Grand Est'],COM,{54},{44}
ef0d1b63-1609-43d3-abd8-95ad3783eb34,215402983,Commune de Laneuveville-derrière-Foug (54),false,{54298},Commune,2026-03-24 14:42:02.957225+01,gold_establishments_2025,,,,21540298300013,2025,Collectivité Territoriale,Commune,['Meurthe-et-Moselle'],['Grand Est'],COM,{54},{44}
aca041d3-066c-42cd-945d-bcbd3b1c1913,215402991,Commune de Laneuveville-devant-Bayon (54),false,{54299},Commune,2026-03-24 14:42:02.957225+01,gold_establishments_2025,,,,21540299100016,2025,Collectivité Territoriale,Commune,['Meurthe-et-Moselle'],['Grand Est'],COM,{54},{44}
6ec24d3b-683d-476d-a2f4-06000b60f411,215403007,Commune de Laneuveville-devant-Nancy (54),false,{54300},Commune,2026-03-24 14:42:02.957225+01,gold_establishments_2025,,,,21540300700010,2025,Collectivité Territoriale,Commune,['Meurthe-et-Moselle'],['Grand Est'],COM,{54},{44}
a5bbc37c-6eab-4635-87cd-b30adf52e60f,215703810,Commune de Laneuveville-en-Saulnois (57),false,{57381},Commune,2026-03-24 14:42:03.701372+01,gold_establishments_2025,,,,21570381000048,2025,Collectivité Territoriale,Commune,['Moselle'],['Grand Est'],COM,{57},{44}
6ae37f63-7084-4ef9-b345-92ebebb6cd4f,215703802,Commune de Laneuveville-lès-Lorquin (57),false,{57380},Commune,2026-03-24 14:42:03.701372+01,gold_establishments_2025,,,,21570380200011,2025,Collectivité Territoriale,Commune,['Moselle'],['Grand Est'],COM,{57},{44}
8dd406fc-1fc9-4339-af31-5029aa0ecd26,215201914,Commune de Laneuville-au-Pont (52),false,{52267},Commune,2026-03-24 14:42:01.954481+01,gold_establishments_2025,,,,21520191400011,2025,Collectivité Territoriale,Commune,['Haute-Marne'],['Grand Est'],COM,{52},{44}
f0f291a5-f6f7-41eb-8c0f-1d5238b476eb,215502782,Commune de Laneuville-au-Rupt (55),false,{55278},Commune,2026-03-24 14:42:03.701372+01,gold_establishments_2025,,,,21550278200018,2025,Collectivité Territoriale,Commune,['Meuse'],['Grand Est'],COM,{55},{44}
206b0149-cedb-4868-8388-a89d195a1a2a,215502790,Commune de Laneuville-sur-Meuse (55),false,{55279},Commune,2026-03-24 14:42:03.701372+01,gold_establishments_2025,,,,21550279000045,2025,Collectivité Territoriale,Commune,['Meuse'],['Grand Est'],COM,{55},{44}
17c31296-5bf5-46e9-8eba-04d621108bb8,200029759,Commune de Laneuville-à-Rémy (52),false,{52266},Commune,2026-03-24 14:42:01.954481+01,gold_establishments_2025,,,,20002975900012,2025,Collectivité Territoriale,Commune,['Haute-Marne'],['Grand Est'],COM,{52},{44}
be32211e-6262-4879-8708-e36d91b1bea5,212200992,Commune de Lanfains (22),false,{22099},Commune,2026-03-24 14:41:55.433389+01,gold_establishments_2025,,,,21220099200015,2025,Collectivité Territoriale,Commune,"[""Côtes-d'Armor""]",['Bretagne'],COM,{22},{53}
640968fd-9d9a-4e1f-b5b4-2ccd4d5f58fb,215403015,Commune de Lanfroicourt (54),false,{54301},Commune,2026-03-24 14:42:02.957225+01,gold_establishments_2025,,,,21540301500013,2025,Collectivité Territoriale,Commune,['Meurthe-et-Moselle'],['Grand Est'],COM,{54},{44}
18418424-f0ee-4f49-8048-baff32511d7c,213501448,Commune de Langan (35),false,{35144},Commune,2026-03-24 14:41:58.620411+01,gold_establishments_2025,,,,21350144800012,2025,Collectivité Territoriale,Commune,['Ille-et-Vilaine'],['Bretagne'],COM,{35},{53}
e9e3121e-ba4f-44d4-bcff-567ee1750b5b,215703828,Commune de Langatte (57),false,{57382},Commune,2026-03-24 14:42:03.701372+01,gold_establishments_2025,,,,21570382800016,2025,Collectivité Territoriale,Commune,['Moselle'],['Grand Est'],COM,{57},{44}
20a9308e-af4b-4021-b693-4fc40b8d26d7,214301129,Commune de Langeac (43),false,{43112},Commune,2026-03-24 14:42:00.273698+01,gold_establishments_2025,,,,21430112900018,2025,Collectivité Territoriale,Commune,['Haute-Loire'],['Auvergne-Rhône-Alpes'],COM,{43},{84}
bcfdc89e-dc6d-48e6-80ff-57c8a184c395,200065936,Commune de Langeais (37),false,{37123},Commune,2026-03-24 14:41:59.160244+01,gold_establishments_2025,,,,20006593600011,2025,Collectivité Territoriale,Commune,['Indre-et-Loire'],['Centre-Val de Loire'],COM,{37},{24}
42b66c0a-552e-4276-89ec-83fc08e9116f,216702597,Commune de Langensoultzbach (67),false,{67259},Commune,2026-03-24 14:42:07.195692+01,gold_establishments_2025,,,,21670259700016,2025,Collectivité Territoriale,Commune,['Bas-Rhin'],['Grand Est'],COM,{67},{44}
8d8f9a9c-ad63-4d8d-a77d-c3971fb32425,215801382,Commune de Langeron (58),false,{58138},Commune,2026-03-24 14:42:04.280096+01,gold_establishments_2025,,,,21580138200015,2025,Collectivité Territoriale,Commune,['Nièvre'],['Bourgogne-Franche-Comté'],COM,{58},{27}
f233a607-1f80-415e-91d0-9ec46e4383c6,214501801,Commune de Langesse (45),false,{45180},Commune,2026-03-24 14:42:00.862623+01,gold_establishments_2025,,,,21450180100010,2025,Collectivité Territoriale,Commune,['Loiret'],['Centre-Val de Loire'],COM,{45},{24}
2a935f9b-66cd-4307-832c-a9a1e8866bc0,213001381,Commune de Langlade (30),false,{30138},Commune,2026-03-24 14:41:57.56054+01,gold_establishments_2025,,,,21300138100010,2025,Collectivité Territoriale,Commune,['Gard'],['Occitanie'],COM,{30},{76}
0388cd59-19df-472d-9162-27dc75415cbd,218802601,Commune de Langley (88),false,{88260},Commune,2026-03-24 14:42:11.118516+01,gold_establishments_2025,,,,21880260100011,2025,Collectivité Territoriale,Commune,['Vosges'],['Grand Est'],COM,{88},{44}
e75c8846-7934-402e-8f5a-2f8b4d8ac07f,212201016,Commune de Langoat (22),false,{22101},Commune,2026-03-24 14:41:55.433389+01,gold_establishments_2025,,,,21220101600012,2025,Collectivité Territoriale,Commune,"[""Côtes-d'Armor""]",['Bretagne'],COM,{22},{53}
591173b6-e796-4d47-a9d4-cf133303a1bc,214800807,Commune de Langogne (48),false,{48080},Commune,2026-03-24 14:42:01.412377+01,gold_establishments_2025,,,,21480080700015,2025,Collectivité Territoriale,Commune,['Lozère'],['Occitanie'],COM,{48},{76}
15a350f3-4be3-4a16-90dd-3116bc4997f7,213302268,Commune de Langoiran (33),false,{33226},Commune,2026-03-24 14:41:58.620411+01,gold_establishments_2025,,,,21330226800015,2025,Collectivité Territoriale,Commune,['Gironde'],['Nouvelle-Aquitaine'],COM,{33},{75}
16027c9a-5fa2-483b-a307-428b7ccbdeb7,212901102,Commune de Langolen (29),false,{29110},Commune,2026-03-24 14:41:57.028721+01,gold_establishments_2025,,,,21290110200013,2025,Collectivité Territoriale,Commune,['Finistère'],['Bretagne'],COM,{29},{53}
7ddf5552-bd39-462b-aac6-21a71b8da8a8,213302276,Commune de Langon (33),false,{33227},Commune,2026-03-24 14:41:58.620411+01,gold_establishments_2025,,,,21330227600018,2025,Collectivité Territoriale,Commune,['Gironde'],['Nouvelle-Aquitaine'],COM,{33},{75}
30017423-f7a9-4b1c-80cd-c6bbedbb3286,213501455,Commune de Langon (35),false,{35145},Commune,2026-03-24 14:41:58.620411+01,gold_establishments_2025,,,,21350145500017,2025,Collectivité Territoriale,Commune,['Ille-et-Vilaine'],['Bretagne'],COM,{35},{53}
cc63c6f1-035f-4d03-84dc-3d49d52aaa5d,214101107,Commune de Langon-sur-Cher (41),false,{41110},Commune,2026-03-24 14:42:00.273698+01,gold_establishments_2025,,,,21410110700016,2025,Collectivité Territoriale,Commune,['Loir-et-Cher'],['Centre-Val de Loire'],COM,{41},{24}
f1066f81-4967-4f4d-a238-0e81ab6f33be,215601006,Commune de Langonnet (56),false,{56100},Commune,2026-03-24 14:42:03.701372+01,gold_establishments_2025,,,,21560100600012,2025,Collectivité Territoriale,Commune,['Morbihan'],['Bretagne'],COM,{56},{53}
4385c48c-7c21-469a-b4bb-c75ed783253e,213501463,Commune de Langouet (35),false,{35146},Commune,2026-03-24 14:41:58.620411+01,gold_establishments_2025,,,,21350146300011,2025,Collectivité Territoriale,Commune,['Ille-et-Vilaine'],['Bretagne'],COM,{35},{53}
68b41e98-d4a1-4457-a303-72fdfc582de1,215600990,Commune de Langoëlan (56),false,{56099},Commune,2026-03-24 14:42:03.701372+01,gold_establishments_2025,,,,21560099000018,2025,Collectivité Territoriale,Commune,['Morbihan'],['Bretagne'],COM,{56},{53}
f03a776d-449f-464c-b177-1fe80c316562,215201922,Commune de Langres (52),false,{52269},Commune,2026-03-24 14:42:01.954481+01,gold_establishments_2025,,,,21520192200014,2025,Collectivité Territoriale,Commune,['Haute-Marne'],['Grand Est'],COM,{52},{44}
9598864d-a68f-4f73-bdb6-e730fede3f1e,212201032,Commune de Langrolay-sur-Rance (22),false,{22103},Commune,2026-03-24 14:41:55.433389+01,gold_establishments_2025,,,,21220103200019,2025,Collectivité Territoriale,Commune,"[""Côtes-d'Armor""]",['Bretagne'],COM,{22},{53}
a16839c3-57f5-497e-901a-78884a54f3ef,211403548,Commune de Langrune-sur-Mer (14),false,{14354},Commune,2026-03-24 14:41:54.362296+01,gold_establishments_2025,,,,21140354800012,2025,Collectivité Territoriale,Commune,['Calvados'],['Normandie'],COM,{14},{28}
56f0ebf5-a518-4477-91f2-3701ce2fd787,212201057,Commune de Languenan (22),false,{22105},Commune,2026-03-24 14:41:55.433389+01,gold_establishments_2025,,,,21220105700016,2025,Collectivité Territoriale,Commune,"[""Côtes-d'Armor""]",['Bretagne'],COM,{22},{53}
dd3f95f4-511f-4533-874c-ba81720189ce,212201065,Commune de Langueux (22),false,{22106},Commune,2026-03-24 14:41:55.433389+01,gold_establishments_2025,,,,21220106500019,2025,Collectivité Territoriale,Commune,"[""Côtes-d'Armor""]",['Bretagne'],COM,{22},{53}
9323e58c-52ab-441c-8165-c1ee7c280e43,218004430,Commune de Languevoisin-Quiquery (80),false,{80465},Commune,2026-03-24 14:42:09.967209+01,gold_establishments_2025,,,,21800443000011,2025,Collectivité Territoriale,Commune,['Somme'],['Hauts-de-France'],COM,{80},{32}
024bad63-600a-4fa7-885e-e12502854edc,215601014,Commune de Languidic (56),false,{56101},Commune,2026-03-24 14:42:03.701372+01,gold_establishments_2025,,,,21560101400016,2025,Collectivité Territoriale,Commune,['Morbihan'],['Bretagne'],COM,{56},{53}
3df3f652-3b65-4bff-97c5-c13be8eaa235,215703836,Commune de Languimberg (57),false,{57383},Commune,2026-03-24 14:42:03.701372+01,gold_establishments_2025,,,,21570383600019,2025,Collectivité Territoriale,Commune,['Moselle'],['Grand Est'],COM,{57},{44}
fcacce72-0c57-4719-99d1-8541ba46cb66,212201040,Commune de Languédias (22),false,{22104},Commune,2026-03-24 14:41:55.433389+01,gold_establishments_2025,,,,21220104000012,2025,Collectivité Territoriale,Commune,"[""Côtes-d'Armor""]",['Bretagne'],COM,{22},{53}
b1cddedb-f994-4ea9-ad37-f45277aa0976,210301370,Commune de Langy (03),false,{03137},Commune,2026-03-24 14:41:52.020251+01,gold_establishments_2025,,,,21030137000016,2025,Collectivité Territoriale,Commune,['Allier'],['Auvergne-Rhône-Alpes'],COM,{03},{84}
9493cba3-5c9f-4240-8c68-bc2619ae11c9,213600927,Commune de Langé (36),false,{36092},Commune,2026-03-24 14:41:59.160244+01,gold_establishments_2025,,,,21360092700015,2025,Collectivité Territoriale,Commune,['Indre'],['Centre-Val de Loire'],COM,{36},{24}
516a4fb6-edb9-429d-844a-8fa5a3733bb6,212901110,Commune de Lanhouarneau (29),false,{29111},Commune,2026-03-24 14:41:57.028721+01,gold_establishments_2025,,,,21290111000016,2025,Collectivité Territoriale,Commune,['Finistère'],['Bretagne'],COM,{29},{53}
36a729a8-ff73-4da2-8609-4bc58a0135f3,215502808,Commune de Lanhères (55),false,{55280},Commune,2026-03-24 14:42:03.701372+01,gold_establishments_2025,,,,21550280800011,2025,Collectivité Territoriale,Commune,['Meuse'],['Grand Est'],COM,{55},{44}
1daddde3-02aa-4405-b61d-0537820d4feb,212901128,Commune de Lanildut (29),false,{29112},Commune,2026-03-24 14:41:57.028721+01,gold_establishments_2025,,,,21290112800059,2025,Collectivité Territoriale,Commune,['Finistère'],['Bretagne'],COM,{29},{53}
8e6b5190-430c-4d7c-91bd-757b3e8bedc2,215703844,Commune de Laning (57),false,{57384},Commune,2026-03-24 14:42:03.701372+01,gold_establishments_2025,,,,21570384400013,2025,Collectivité Territoriale,Commune,['Moselle'],['Grand Est'],COM,{57},{44}
7e84d060-d4eb-4f53-9aa0-060f62e5a25b,210203865,Commune de Laniscourt (02),false,{02407},Commune,2026-03-24 14:41:52.020251+01,gold_establishments_2025,,,,21020386500014,2025,Collectivité Territoriale,Commune,['Aisne'],['Hauts-de-France'],COM,{02},{32}
4c02c13e-fdb5-4667-b279-f4b201b10772,212201081,Commune de Lanleff (22),false,{22108},Commune,2026-03-24 14:41:55.433389+01,gold_establishments_2025,,,,21220108100016,2025,Collectivité Territoriale,Commune,"[""Côtes-d'Armor""]",['Bretagne'],COM,{22},{53}
8e75f39d-8ec0-43b2-b358-b4820e874f2a,212201099,Commune de Lanloup (22),false,{22109},Commune,2026-03-24 14:41:55.433389+01,gold_establishments_2025,,,,21220109900018,2025,Collectivité Territoriale,Commune,"[""Côtes-d'Armor""]",['Bretagne'],COM,{22},{53}
e5f6e7cf-9bf1-4146-baa6-9897c59fa3c7,212901136,Commune de Lanmeur (29),false,{29113},Commune,2026-03-24 14:41:57.028721+01,gold_establishments_2025,,,,21290113600011,2025,Collectivité Territoriale,Commune,['Finistère'],['Bretagne'],COM,{29},{53}
d56e77b3-28ec-4996-b19a-375ffd6a8bab,212201115,Commune de Lanmodez (22),false,{22111},Commune,2026-03-24 14:41:55.433389+01,gold_establishments_2025,,,,21220111500012,2025,Collectivité Territoriale,Commune,"[""Côtes-d'Armor""]",['Bretagne'],COM,{22},{53}
a277919a-158d-4aa3-8e75-c427becbe1ba,212201107,Commune de Lanmérin (22),false,{22110},Commune,2026-03-24 14:41:55.433389+01,gold_establishments_2025,,,,21220110700019,2025,Collectivité Territoriale,Commune,"[""Côtes-d'Armor""]",['Bretagne'],COM,{22},{53}
d17edee5-ac50-470b-917f-7f37cba202c2,216502575,Commune de Lanne (65),false,{65257},Commune,2026-03-24 14:42:06.665412+01,gold_establishments_2025,,,,21650257500014,2025,Collectivité Territoriale,Commune,['Hautes-Pyrénées'],['Occitanie'],COM,{65},{76}
0f4a7ac4-5712-4b09-bb04-8ee3dfba73b0,213201916,Commune de Lanne-Soubiran (32),false,{32191},Commune,2026-03-24 14:41:58.09424+01,gold_establishments_2025,,,,21320191600011,2025,Collectivité Territoriale,Commune,['Gers'],['Occitanie'],COM,{32},{76}
2d2e9f53-df76-4abd-82e0-99de7a29faa6,216403105,Commune de Lanne-en-Barétous (64),false,{64310},Commune,2026-03-24 14:42:06.130387+01,gold_establishments_2025,,,,21640310500010,2025,Collectivité Territoriale,Commune,['Pyrénées-Atlantiques'],['Nouvelle-Aquitaine'],COM,{64},{75}
6594e46a-02f1-49e0-b249-a3560884ec85,212201123,Commune de Lannebert (22),false,{22112},Commune,2026-03-24 14:41:55.433389+01,gold_establishments_2025,,,,21220112300016,2025,Collectivité Territoriale,Commune,"[""Côtes-d'Armor""]",['Bretagne'],COM,{22},{53}
dee4918c-c6b4-4ee8-b434-ce36ec481ea2,216405829,Commune de Lannecaube (64),false,{64311},Commune,2026-03-24 14:42:06.130387+01,gold_establishments_2025,,,,21640582900013,2025,Collectivité Territoriale,Commune,['Pyrénées-Atlantiques'],['Nouvelle-Aquitaine'],COM,{64},{75}
be5b32d2-8d2a-4856-981e-6b726b6dc827,213201890,Commune de Lannemaignan (32),false,{32189},Commune,2026-03-24 14:41:58.09424+01,gold_establishments_2025,,,,21320189000018,2025,Collectivité Territoriale,Commune,['Gers'],['Occitanie'],COM,{32},{76}
c638976a-9c25-487f-8f94-411c7ea6fca4,216502583,Commune de Lannemezan (65),false,{65258},Commune,2026-03-24 14:42:06.665412+01,gold_establishments_2025,,,,21650258300018,2025,Collectivité Territoriale,Commune,['Hautes-Pyrénées'],['Occitanie'],COM,{65},{76}
5211ca04-1618-4941-91ce-344c7bcc072f,213201908,Commune de Lannepax (32),false,{32190},Commune,2026-03-24 14:41:58.09424+01,gold_establishments_2025,,,,21320190800018,2025,Collectivité Territoriale,Commune,['Gers'],['Occitanie'],COM,{32},{76}
93c64d5a-81e1-484e-94b8-55fff4b0bfd8,216403121,Commune de Lanneplaà (64),false,{64312},Commune,2026-03-24 14:42:06.130387+01,gold_establishments_2025,,,,21640312100017,2025,Collectivité Territoriale,Commune,['Pyrénées-Atlantiques'],['Nouvelle-Aquitaine'],COM,{64},{75}
5818c287-bdd0-4bae-a4a8-3a1cb6b458d3,214701344,Commune de Lannes (47),false,{47134},Commune,2026-03-24 14:42:00.862623+01,gold_establishments_2025,,,,21470134400019,2025,Collectivité Territoriale,Commune,['Lot-et-Garonne'],['Nouvelle-Aquitaine'],COM,{47},{75}
bc025aea-c058-4e53-8d28-9bcec754c51b,212901169,Commune de Lanneuffret (29),false,{29116},Commune,2026-03-24 14:41:57.028721+01,gold_establishments_2025,,,,21290116900012,2025,Collectivité Territoriale,Commune,['Finistère'],['Bretagne'],COM,{29},{53}
e07c8132-dc38-4259-8a9a-5bd7e801814f,212901177,Commune de Lannilis (29),false,{29117},Commune,2026-03-24 14:41:57.028721+01,gold_establishments_2025,,,,21290117700015,2025,Collectivité Territoriale,Commune,['Finistère'],['Bretagne'],COM,{29},{53}
a4e7b1f8-07bb-443e-a763-13fcae0c8e2d,212201131,Commune de Lannion (22),false,{22113},Commune,2026-03-24 14:41:55.433389+01,gold_establishments_2025,,,,21220113100019,2025,Collectivité Territoriale,Commune,"[""Côtes-d'Armor""]",['Bretagne'],COM,{22},{53}
df40f83e-907c-4efc-9935-733962821c86,215903329,Commune de Lannoy (59),false,{59332},Commune,2026-03-24 14:42:04.280096+01,gold_establishments_2025,,,,21590332900013,2025,Collectivité Territoriale,Commune,['Nord'],['Hauts-de-France'],COM,{59},{32}
7f3e5ab7-b47e-45a9-b3d4-455be8986beb,216003459,Commune de Lannoy-Cuillère (60),false,{60347},Commune,2026-03-24 14:42:04.814328+01,gold_establishments_2025,,,,21600345900015,2025,Collectivité Territoriale,Commune,['Oise'],['Hauts-de-France'],COM,{60},{32}
051be5b6-38c0-46c2-9ecf-24480972387f,213201924,Commune de Lannux (32),false,{32192},Commune,2026-03-24 14:41:58.09424+01,gold_establishments_2025,,,,21320192400015,2025,Collectivité Territoriale,Commune,['Gers'],['Occitanie'],COM,{32},{76}
0576df37-aedd-489e-8e1e-7226d7ecba10,212901144,Commune de Lannéanou (29),false,{29114},Commune,2026-03-24 14:41:57.028721+01,gold_establishments_2025,,,,21290114400015,2025,Collectivité Territoriale,Commune,['Finistère'],['Bretagne'],COM,{29},{53}
5b11f401-40e4-461c-851c-9b134aa745a2,212901151,Commune de Lannédern (29),false,{29115},Commune,2026-03-24 14:41:57.028721+01,gold_establishments_2025,,,,21290115100010,2025,Collectivité Territoriale,Commune,['Finistère'],['Bretagne'],COM,{29},{53}
082e384b-024e-4319-9fd5-6b694d7b75a0,212001374,Commune de Lano (2B),false,{2B137},Commune,2026-03-24 14:41:57.56054+01,gold_establishments_2025,,,,21200137400017,2025,Collectivité Territoriale,Commune,['Haute-Corse'],['Corse'],COM,{2B},{94}
fed8c1d4-3387-4048-b52e-7877793a7bbe,211500921,Commune de Lanobre (15),false,{15092},Commune,2026-03-24 14:41:54.362296+01,gold_establishments_2025,,,,21150092100013,2025,Collectivité Territoriale,Commune,['Cantal'],['Auvergne-Rhône-Alpes'],COM,{15},{84}
6339bd92-c22a-4dd4-8f76-ad2c5ccc4d9b,212402275,Commune de Lanouaille (24),false,{24227},Commune,2026-03-24 14:41:55.958138+01,gold_establishments_2025,,,,21240227500011,2025,Collectivité Territoriale,Commune,['Dordogne'],['Nouvelle-Aquitaine'],COM,{24},{75}
1191f47c-ed4a-413e-8a7e-8058b0120cec,210901518,Commune de Lanoux (09),false,{09151},Commune,2026-03-24 14:41:53.095366+01,gold_establishments_2025,,,,21090151800014,2025,Collectivité Territoriale,Commune,['Ariège'],['Occitanie'],COM,{09},{76}
67c46c58-91ae-429f-bbeb-b33fa85051ae,212402283,Commune de Lanquais (24),false,{24228},Commune,2026-03-24 14:41:55.958138+01,gold_establishments_2025,,,,21240228300015,2025,Collectivité Territoriale,Commune,['Dordogne'],['Nouvelle-Aquitaine'],COM,{24},{75}
b628bcd9-7d12-4bc9-824b-9615da63a4af,215201930,Commune de Lanques-sur-Rognon (52),false,{52271},Commune,2026-03-24 14:42:01.954481+01,gold_establishments_2025,,,,21520193000017,2025,Collectivité Territoriale,Commune,['Haute-Marne'],['Grand Est'],COM,{52},{44}
30b91607-4c69-415a-a3dd-34037cce203f,217603828,Commune de Lanquetot (76),false,{76382},Commune,2026-03-24 14:42:08.818969+01,gold_establishments_2025,,,,21760382800013,2025,Collectivité Territoriale,Commune,['Seine-Maritime'],['Normandie'],COM,{76},{28}
5c33c341-ac15-442f-9747-8dd2ede5187e,212201149,Commune de Lanrelas (22),false,{22114},Commune,2026-03-24 14:41:55.433389+01,gold_establishments_2025,,,,21220114900011,2025,Collectivité Territoriale,Commune,"[""Côtes-d'Armor""]",['Bretagne'],COM,{22},{53}
a3e9d616-aa69-4878-b9bc-7053ca4c0502,213501489,Commune de Lanrigan (35),false,{35148},Commune,2026-03-24 14:41:58.620411+01,gold_establishments_2025,,,,21350148900016,2025,Collectivité Territoriale,Commune,['Ille-et-Vilaine'],['Bretagne'],COM,{35},{53}
81c83498-40fc-416d-9162-dadd7994365c,212201156,Commune de Lanrivain (22),false,{22115},Commune,2026-03-24 14:41:55.433389+01,gold_establishments_2025,,,,21220115600016,2025,Collectivité Territoriale,Commune,"[""Côtes-d'Armor""]",['Bretagne'],COM,{22},{53}
437cf823-1705-4b31-b93e-7496d6393169,212901193,Commune de Lanrivoaré (29),false,{29119},Commune,2026-03-24 14:41:57.028721+01,gold_establishments_2025,,,,21290119300012,2025,Collectivité Territoriale,Commune,['Finistère'],['Bretagne'],COM,{29},{53}
85712129-04dd-4d93-8acf-82bc4dca1077,212201164,Commune de Lanrodec (22),false,{22116},Commune,2026-03-24 14:41:55.433389+01,gold_establishments_2025,,,,21220116400010,2025,Collectivité Territoriale,Commune,"[""Côtes-d'Armor""]",['Bretagne'],COM,{22},{53}
2bb28fa1-0bc6-465c-b2a9-99c3ea81922a,217102532,Commune de Lans (71),false,{71253},Commune,2026-03-24 14:42:07.735343+01,gold_establishments_2025,,,,21710253200017,2025,Collectivité Territoriale,Commune,['Saône-et-Loire'],['Bourgogne-Franche-Comté'],COM,{71},{27}
86cc06a7-4a1d-43de-9441-bee8c581017c,213802051,Commune de Lans-en-Vercors (38),false,{38205},Commune,2026-03-24 14:41:59.160244+01,gold_establishments_2025,,,,21380205100010,2025,Collectivité Territoriale,Commune,['Isère'],['Auvergne-Rhône-Alpes'],COM,{38},{84}
043312bb-422c-4bc4-b9e6-d1668b6fd628,213302284,Commune de Lansac (33),false,{33228},Commune,2026-03-24 14:41:58.620411+01,gold_establishments_2025,,,,21330228400012,2025,Collectivité Territoriale,Commune,['Gironde'],['Nouvelle-Aquitaine'],COM,{33},{75}
c81ec0b6-5840-46ab-82b4-33832ee1ee19,216502591,Commune de Lansac (65),false,{65259},Commune,2026-03-24 14:42:06.665412+01,gold_establishments_2025,,,,21650259100011,2025,Collectivité Territoriale,Commune,['Hautes-Pyrénées'],['Occitanie'],COM,{65},{76}
69909149-c8d2-40f8-abdd-59c3c8c76b57,216600924,Commune de Lansac (66),false,{66092},Commune,2026-03-24 14:42:06.665412+01,gold_establishments_2025,,,,21660092400015,2025,Collectivité Territoriale,Commune,['Pyrénées-Orientales'],['Occitanie'],COM,{66},{76}
6e4fa3ba-f784-4c21-84ce-2c7163649ae9,213401276,Commune de Lansargues (34),false,{34127},Commune,2026-03-24 14:41:58.620411+01,gold_establishments_2025,,,,21340127600018,2025,Collectivité Territoriale,Commune,['Hérault'],['Occitanie'],COM,{34},{76}
62a72d4d-775a-4888-9ff0-2536efce15c3,213102718,Commune de Lanta (31),false,{31271},Commune,2026-03-24 14:41:58.09424+01,gold_establishments_2025,,,,21310271800011,2025,Collectivité Territoriale,Commune,['Haute-Garonne'],['Occitanie'],COM,{31},{76}
9796d4ef-7452-49a2-a8b9-0082853d7f01,216403139,Commune de Lantabat (64),false,{64313},Commune,2026-03-24 14:42:06.130387+01,gold_establishments_2025,,,,21640313900019,2025,Collectivité Territoriale,Commune,['Pyrénées-Atlantiques'],['Nouvelle-Aquitaine'],COM,{64},{75}
4718ce49-8969-496f-afb8-77891b560e6a,211001813,Commune de Lantages (10),false,{10188},Commune,2026-03-24 14:41:53.095366+01,gold_establishments_2025,,,,21100181300016,2025,Collectivité Territoriale,Commune,['Aube'],['Grand Est'],COM,{10},{44}
ce2cadac-fe88-4719-98f5-fb50dbb65ce5,211801212,Commune de Lantan (18),false,{18121},Commune,2026-03-24 14:41:54.903238+01,gold_establishments_2025,,,,21180121200013,2025,Collectivité Territoriale,Commune,['Cher'],['Centre-Val de Loire'],COM,{18},{24}
1a5455f9-5d87-4fdd-b0d0-4c1fcda17574,210102067,Commune de Lantenay (01),false,{01206},Commune,2026-03-24 14:41:51.447482+01,gold_establishments_2025,,,,21010206700019,2025,Collectivité Territoriale,Commune,['Ain'],['Auvergne-Rhône-Alpes'],COM,{01},{84}
de67fd01-04a8-4ac3-85d7-f03dae409982,212103394,Commune de Lantenay (21),false,{21339},Commune,2026-03-24 14:41:55.433389+01,gold_establishments_2025,,,,21210339400012,2025,Collectivité Territoriale,Commune,"[""Côte-d'Or""]",['Bourgogne-Franche-Comté'],COM,{21},{27}
897a44cf-4f9d-4dcf-a6ee-2feba1075e4d,212503262,Commune de Lantenne-Vertière (25),false,{25326},Commune,2026-03-24 14:41:56.495197+01,gold_establishments_2025,,,,21250326200017,2025,Collectivité Territoriale,Commune,['Doubs'],['Bourgogne-Franche-Comté'],COM,{25},{27}
39405900-dca5-46f9-93b7-ff437e9561cd,217002948,Commune de Lantenot (70),false,{70294},Commune,2026-03-24 14:42:07.735343+01,gold_establishments_2025,,,,21700294800016,2025,Collectivité Territoriale,Commune,['Haute-Saône'],['Bourgogne-Franche-Comté'],COM,{70},{27}
4d1fec16-c441-4c16-a710-d49693932b70,211910500,Commune de Lanteuil (19),false,{19105},Commune,2026-03-24 14:41:54.903238+01,gold_establishments_2025,,,,21191050000019,2025,Collectivité Territoriale,Commune,['Corrèze'],['Nouvelle-Aquitaine'],COM,{19},{75}
61bcf937-7873-4899-b3c9-01224b10e32d,212503270,Commune de Lanthenans (25),false,{25327},Commune,2026-03-24 14:41:56.495197+01,gold_establishments_2025,,,,21250327000010,2025,Collectivité Territoriale,Commune,['Doubs'],['Bourgogne-Franche-Comté'],COM,{25},{27}
ded10c62-b09f-4c4e-91a9-a1843c6c926a,212103402,Commune de Lanthes (21),false,{21340},Commune,2026-03-24 14:41:55.433389+01,gold_establishments_2025,,,,21210340200013,2025,Collectivité Territoriale,Commune,"[""Côte-d'Or""]",['Bourgogne-Franche-Comté'],COM,{21},{27}
c92427da-25f0-44b8-9672-7246e36cbd9a,212201172,Commune de Lantic (22),false,{22117},Commune,2026-03-24 14:41:55.433389+01,gold_establishments_2025,,,,21220117200013,2025,Collectivité Territoriale,Commune,"[""Côtes-d'Armor""]",['Bretagne'],COM,{22},{53}
30c8b595-98c2-414a-8da4-1526b9555e88,216901090,Commune de Lantignié (69),false,{69109},Commune,2026-03-24 14:42:07.195692+01,gold_establishments_2025,,,,21690109000011,2025,Collectivité Territoriale,Commune,['Rhône'],['Auvergne-Rhône-Alpes'],COM,{69},{84}
85003873-fbe4-4960-ad69-153623b2a5ae,215601030,Commune de Lantillac (56),false,{56103},Commune,2026-03-24 14:42:03.701372+01,gold_establishments_2025,,,,21560103000012,2025,Collectivité Territoriale,Commune,['Morbihan'],['Bretagne'],COM,{56},{53}
5d954dc9-7870-4265-9e11-ef2ecf089f94,212103410,Commune de Lantilly (21),false,{21341},Commune,2026-03-24 14:41:55.433389+01,gold_establishments_2025,,,,21210341000016,2025,Collectivité Territoriale,Commune,"[""Côte-d'Or""]",['Bourgogne-Franche-Comté'],COM,{21},{27}
4862c66c-a575-4b6c-978d-ceb3aaa34b7a,213302292,Commune de Lanton (33),false,{33229},Commune,2026-03-24 14:41:58.620411+01,gold_establishments_2025,,,,21330229200015,2025,Collectivité Territoriale,Commune,['Gironde'],['Nouvelle-Aquitaine'],COM,{33},{75}
ed70086e-8921-4af8-87cf-fbfda405d325,210600748,Commune de Lantosque (06),false,{06074},Commune,2026-03-24 14:41:52.562531+01,gold_establishments_2025,,,,21060074800011,2025,Collectivité Territoriale,Commune,['Alpes-Maritimes'],"[""Provence-Alpes-Côte d'Azur""]",COM,{06},{93}
77d7d0d7-bcfe-4a83-945f-b15ed28763cf,214301137,Commune de Lantriac (43),false,{43113},Commune,2026-03-24 14:42:00.273698+01,gold_establishments_2025,,,,21430113700011,2025,Collectivité Territoriale,Commune,['Haute-Loire'],['Auvergne-Rhône-Alpes'],COM,{43},{84}
c03720b0-063a-448a-bad9-b8a669adc4ca,215801390,Commune de Lanty (58),false,{58139},Commune,2026-03-24 14:42:04.280096+01,gold_establishments_2025,,,,21580139000018,2025,Collectivité Territoriale,Commune,['Nièvre'],['Bourgogne-Franche-Comté'],COM,{58},{27}
4185b9ac-80b4-4285-b8db-a966e718658f,215201948,Commune de Lanty-sur-Aube (52),false,{52272},Commune,2026-03-24 14:42:01.954481+01,gold_establishments_2025,,,,21520194800019,2025,Collectivité Territoriale,Commune,['Haute-Marne'],['Grand Est'],COM,{52},{44}
5a2f5956-750e-48d0-960c-d7dc0152e2db,215403023,Commune de Lantéfontaine (54),false,{54302},Commune,2026-03-24 14:42:02.957225+01,gold_establishments_2025,,,,21540302300017,2025,Collectivité Territoriale,Commune,['Meurthe-et-Moselle'],['Grand Est'],COM,{54},{44}
817a834e-fe64-4d5e-8f2d-88c975d3b024,213001399,Commune de Lanuéjols (30),false,{30139},Commune,2026-03-24 14:41:57.56054+01,gold_establishments_2025,,,,21300139900012,2025,Collectivité Territoriale,Commune,['Gard'],['Occitanie'],COM,{30},{76}
df525852-b199-4979-9007-9c58b7b84819,214800815,Commune de Lanuéjols (48),false,{48081},Commune,2026-03-24 14:42:01.412377+01,gold_establishments_2025,,,,21480081500018,2025,Collectivité Territoriale,Commune,['Lozère'],['Occitanie'],COM,{48},{76}
0a9fe3d4-349f-4197-a110-4df5869ae89a,211201215,Commune de Lanuéjouls (12),false,{12121},Commune,2026-03-24 14:41:53.63825+01,gold_establishments_2025,,,,21120121500012,2025,Collectivité Territoriale,Commune,['Aveyron'],['Occitanie'],COM,{12},{76}
891cb5bb-65bc-4c9f-b701-ab7a2e583954,212201180,Commune de Lanvallay (22),false,{22118},Commune,2026-03-24 14:41:55.433389+01,gold_establishments_2025,,,,21220118000016,2025,Collectivité Territoriale,Commune,"[""Côtes-d'Armor""]",['Bretagne'],COM,{22},{53}
35fbe1fe-d488-4325-90ea-b2a95446deaa,215601048,Commune de Lanvaudan (56),false,{56104},Commune,2026-03-24 14:42:03.701372+01,gold_establishments_2025,,,,21560104800014,2025,Collectivité Territoriale,Commune,['Morbihan'],['Bretagne'],COM,{56},{53}
254335e0-18f6-4d5c-b630-b0af91fe4740,212201198,Commune de Lanvellec (22),false,{22119},Commune,2026-03-24 14:41:55.433389+01,gold_establishments_2025,,,,21220119800018,2025,Collectivité Territoriale,Commune,"[""Côtes-d'Armor""]",['Bretagne'],COM,{22},{53}
251c5a8f-7df3-4d80-af9f-67f016cadaff,212201214,Commune de Lanvollon (22),false,{22121},Commune,2026-03-24 14:41:55.433389+01,gold_establishments_2025,,,,21220121400013,2025,Collectivité Territoriale,Commune,"[""Côtes-d'Armor""]",['Bretagne'],COM,{22},{53}
ef5fb835-bae5-40b9-8197-7e8feaadf16d,215601055,Commune de Lanvénégen (56),false,{56105},Commune,2026-03-24 14:42:03.701372+01,gold_establishments_2025,,,,21560105500019,2025,Collectivité Territoriale,Commune,['Morbihan'],['Bretagne'],COM,{56},{53}
6de782bc-37f7-4ddb-bb66-c29f59c18139,212901201,Commune de Lanvéoc (29),false,{29120},Commune,2026-03-24 14:41:57.028721+01,gold_establishments_2025,,,,21290120100013,2025,Collectivité Territoriale,Commune,['Finistère'],['Bretagne'],COM,{29},{53}
1e26c977-d6b6-4173-b128-48e6572fc17d,214601536,Commune de Lanzac (46),false,{46153},Commune,2026-03-24 14:42:00.862623+01,gold_establishments_2025,,,,21460153600011,2025,Collectivité Territoriale,Commune,['Lot'],['Occitanie'],COM,{46},{76}
ef58f844-548a-4199-ada0-45f77e8d1d15,210802229,Commune de Lançon (08),false,{08245},Commune,2026-03-24 14:41:53.095366+01,gold_establishments_2025,,,,21080222900018,2025,Collectivité Territoriale,Commune,['Ardennes'],['Grand Est'],COM,{08},{44}
da645f13-443b-4143-87ae-c54e495a554f,216502559,Commune de Lançon (65),false,{65255},Commune,2026-03-24 14:42:06.665412+01,gold_establishments_2025,,,,21650255900018,2025,Collectivité Territoriale,Commune,['Hautes-Pyrénées'],['Occitanie'],COM,{65},{76}
d60221e4-14bd-47b0-bdad-3ac86dcdfd1d,211300512,Commune de Lançon-Provence (13),false,{13051},Commune,2026-03-24 14:41:53.63825+01,gold_establishments_2025,,,,21130051200012,2025,Collectivité Territoriale,Commune,['Bouches-du-Rhône'],"[""Provence-Alpes-Côte d'Azur""]",COM,{13},{93}
a2f575d9-e92e-4be1-8a63-ef52dfd30d52,210203873,Commune de Laon (02),false,{02408},Commune,2026-03-24 14:41:52.020251+01,gold_establishments_2025,,,,21020387300018,2025,Collectivité Territoriale,Commune,['Aisne'],['Hauts-de-France'],COM,{02},{32}
a9041e3d-eaf9-4dbc-b065-5507efb8800f,212802060,Commune de Laons (28),false,{28206},Commune,2026-03-24 14:41:57.028721+01,gold_establishments_2025,,,,21280206000013,2025,Collectivité Territoriale,Commune,['Eure-et-Loir'],['Centre-Val de Loire'],COM,{28},{24}
c9314029-91b6-4771-8c03-94ad6cec9a6d,210301388,Commune de Lapalisse (03),false,{03138},Commune,2026-03-24 14:41:52.020251+01,gold_establishments_2025,,,,21030138800018,2025,Collectivité Territoriale,Commune,['Allier'],['Auvergne-Rhône-Alpes'],COM,{03},{84}
8a9e42d9-c409-42b8-b290-95390146c191,218400646,Commune de Lapalud (84),false,{84064},Commune,2026-03-24 14:42:10.508772+01,gold_establishments_2025,,,,21840064600012,2025,Collectivité Territoriale,Commune,['Vaucluse'],"[""Provence-Alpes-Côte d'Azur""]",COM,{84},{93}
d379fa05-30f7-4aa1-9d98-27812c6dd78d,211801220,Commune de Lapan (18),false,{18122},Commune,2026-03-24 14:41:54.903238+01,gold_establishments_2025,,,,21180122000016,2025,Collectivité Territoriale,Commune,['Cher'],['Centre-Val de Loire'],COM,{18},{24}
0da0d977-783a-4b3f-b4af-d8e11ec069df,211201223,Commune de Lapanouse-de-Cernon (12),false,{12122},Commune,2026-03-24 14:41:53.63825+01,gold_establishments_2025,,,,21120122300016,2025,Collectivité Territoriale,Commune,['Aveyron'],['Occitanie'],COM,{12},{76}
2ab720ab-8d8b-40d0-a3f7-eefd05b8fead,214701351,Commune de Laparade (47),false,{47135},Commune,2026-03-24 14:42:00.862623+01,gold_establishments_2025,,,,21470135100014,2025,Collectivité Territoriale,Commune,['Lot-et-Garonne'],['Nouvelle-Aquitaine'],COM,{47},{75}
463e47d0-1833-4b7d-ae7e-4f1a16cf7807,218101350,Commune de Laparrouquial (81),false,{81135},Commune,2026-03-24 14:42:09.967209+01,gold_establishments_2025,,,,21810135000013,2025,Collectivité Territoriale,Commune,['Tarn'],['Occitanie'],COM,{81},{76}
9aa4262d-4238-490e-b98f-7b71748badba,218200921,Commune de Lapenche (82),false,{82092},Commune,2026-03-24 14:42:10.508772+01,gold_establishments_2025,,,,21820092100011,2025,Collectivité Territoriale,Commune,['Tarn-et-Garonne'],['Occitanie'],COM,{82},{76}
6f9294d5-42c6-4f87-b6fe-bfe997ad5d6c,210901534,Commune de Lapenne (09),false,{09153},Commune,2026-03-24 14:41:53.095366+01,gold_establishments_2025,,,,21090153400011,2025,Collectivité Territoriale,Commune,['Ariège'],['Occitanie'],COM,{09},{76}
8d51dc1e-31cc-47c6-8f59-1f08a58de493,215002635,Commune de Lapenty (50),false,{50263},Commune,2026-03-24 14:42:01.412377+01,gold_establishments_2025,,,,21500263500013,2025,Collectivité Territoriale,Commune,['Manche'],['Normandie'],COM,{50},{28}
447e8ebe-eb65-471d-a517-9542ca71f553,214701369,Commune de Laperche (47),false,{47136},Commune,2026-03-24 14:42:00.862623+01,gold_establishments_2025,,,,21470136900016,2025,Collectivité Territoriale,Commune,['Lot-et-Garonne'],['Nouvelle-Aquitaine'],COM,{47},{75}
ca6544d6-9c4e-4d42-8f07-8b9b838bf5f7,212103428,Commune de Laperrière-sur-Saône (21),false,{21342},Commune,2026-03-24 14:41:55.433389+01,gold_establishments_2025,,,,21210342800018,2025,Collectivité Territoriale,Commune,"[""Côte-d'Or""]",['Bourgogne-Franche-Comté'],COM,{21},{27}
277794ad-5f61-49e2-b6f2-9fa013e7970b,216502609,Commune de Lapeyre (65),false,{65260},Commune,2026-03-24 14:42:06.665412+01,gold_establishments_2025,,,,21650260900011,2025,Collectivité Territoriale,Commune,['Hautes-Pyrénées'],['Occitanie'],COM,{65},{76}
13e6f51f-85c7-4809-aa74-5dfbe5c8a93a,210102075,Commune de Lapeyrouse (01),false,{01207},Commune,2026-03-24 14:41:51.447482+01,gold_establishments_2025,,,,21010207500012,2025,Collectivité Territoriale,Commune,['Ain'],['Auvergne-Rhône-Alpes'],COM,{01},{84}
7b4f53c7-b12b-42c8-843c-05840bc4fe52,216301879,Commune de Lapeyrouse (63),false,{63187},Commune,2026-03-24 14:42:06.130387+01,gold_establishments_2025,,,,21630187900013,2025,Collectivité Territoriale,Commune,['Puy-de-Dôme'],['Auvergne-Rhône-Alpes'],COM,{63},{84}
df2de931-5d00-44ac-8c76-65ab6601cac9,213102734,Commune de Lapeyrouse-Fossat (31),false,{31273},Commune,2026-03-24 14:41:58.09424+01,gold_establishments_2025,,,,21310273400018,2025,Collectivité Territoriale,Commune,['Haute-Garonne'],['Occitanie'],COM,{31},{76}
0c6f662f-d55b-4dc6-93f2-b045935bef5b,212601553,Commune de Lapeyrouse-Mornay (26),false,{26155},Commune,2026-03-24 14:41:56.495197+01,gold_establishments_2025,,,,21260155300010,2025,Collectivité Territoriale,Commune,['Drôme'],['Auvergne-Rhône-Alpes'],COM,{26},{84}
326e9dcf-ce80-4097-a28c-8dec467d0a32,211500939,Commune de Lapeyrugue (15),false,{15093},Commune,2026-03-24 14:41:54.362296+01,gold_establishments_2025,,,,21150093900015,2025,Collectivité Territoriale,Commune,['Cantal'],['Auvergne-Rhône-Alpes'],COM,{15},{84}
02215485-005f-43f9-b10b-5a15d7087709,213102726,Commune de Lapeyrère (31),false,{31272},Commune,2026-03-24 14:41:58.09424+01,gold_establishments_2025,,,,21310272600014,2025,Collectivité Territoriale,Commune,['Haute-Garonne'],['Occitanie'],COM,{31},{76}
aefab9d9-13e3-49b4-a9ff-6c548296f75f,211910609,Commune de Lapleau (19),false,{19106},Commune,2026-03-24 14:41:54.903238+01,gold_establishments_2025,,,,21191060900018,2025,Collectivité Territoriale,Commune,['Corrèze'],['Nouvelle-Aquitaine'],COM,{19},{75}
7a3d103a-da19-4f09-a9fc-d2bc0f5038c1,214701377,Commune de Laplume (47),false,{47137},Commune,2026-03-24 14:42:00.862623+01,gold_establishments_2025,,,,21470137700019,2025,Collectivité Territoriale,Commune,['Lot-et-Garonne'],['Nouvelle-Aquitaine'],COM,{47},{75}
b5c71343-4fa6-4066-bbdb-3115d48fb528,216801753,Commune de Lapoutroie (68),false,{68175},Commune,2026-03-24 14:42:07.195692+01,gold_establishments_2025,,,,21680175300015,2025,Collectivité Territoriale,Commune,['Haut-Rhin'],['Grand Est'],COM,{68},{44}
56db07ab-3e2f-4cc6-a26c-3712c6888f5e,213302300,Commune de Lapouyade (33),false,{33230},Commune,2026-03-24 14:41:58.620411+01,gold_establishments_2025,,,,21330230000016,2025,Collectivité Territoriale,Commune,['Gironde'],['Nouvelle-Aquitaine'],COM,{33},{75}
ed36a986-2b70-4bcd-a699-9c81ccea160c,210203881,Commune de Lappion (02),false,{02409},Commune,2026-03-24 14:41:52.020251+01,gold_establishments_2025,,,,21020388100011,2025,Collectivité Territoriale,Commune,['Aisne'],['Hauts-de-France'],COM,{02},{32}
268b7cb7-aba1-4e68-9691-99e5c55d7308,211101894,Commune de Laprade (11),false,{11189},Commune,2026-03-24 14:41:53.63825+01,gold_establishments_2025,,,,21110189400015,2025,Collectivité Territoriale,Commune,['Aude'],['Occitanie'],COM,{11},{76}
98b35ca2-ef57-45fd-9ef3-21223ea0ca4e,211601802,Commune de Laprade (16),false,{16180},Commune,2026-03-24 14:41:54.362296+01,gold_establishments_2025,,,,21160180200013,2025,Collectivité Territoriale,Commune,['Charente'],['Nouvelle-Aquitaine'],COM,{16},{75}
de87d928-0340-4ac9-91c5-ea60e57ea178,210301396,Commune de Laprugne (03),false,{03139},Commune,2026-03-24 14:41:52.020251+01,gold_establishments_2025,,,,21030139600011,2025,Collectivité Territoriale,Commune,['Allier'],['Auvergne-Rhône-Alpes'],COM,{03},{84}
b67c1b13-3dd8-4f70-aad6-0928b4825e89,216301887,Commune de Laps (63),false,{63188},Commune,2026-03-24 14:42:06.130387+01,gold_establishments_2025,,,,21630188700016,2025,Collectivité Territoriale,Commune,['Puy-de-Dôme'],['Auvergne-Rhône-Alpes'],COM,{63},{84}
25599342-74a2-436e-889d-c849dc9aaa61,214301145,Commune de Lapte (43),false,{43114},Commune,2026-03-24 14:42:00.273698+01,gold_establishments_2025,,,,21430114500014,2025,Collectivité Territoriale,Commune,['Haute-Loire'],['Auvergne-Rhône-Alpes'],COM,{43},{84}
18fe99c4-b8f8-40dc-902e-7e582c3ffd4a,216204891,Commune de Lapugnoy (62),false,{62489},Commune,2026-03-24 14:42:05.597325+01,gold_establishments_2025,,,,21620489100016,2025,Collectivité Territoriale,Commune,['Pas-de-Calais'],['Hauts-de-France'],COM,{62},{32}
31070ebc-ec04-4adb-baf6-33cdff979749,210901526,Commune de Lapège (09),false,{09152},Commune,2026-03-24 14:41:53.095366+01,gold_establishments_2025,,,,21090152600017,2025,Collectivité Territoriale,Commune,['Ariège'],['Occitanie'],COM,{09},{76}
6b85a344-b57e-4053-96a7-f2e88c847be4,215703851,Commune de Laquenexy (57),false,{57385},Commune,2026-03-24 14:42:03.701372+01,gold_establishments_2025,,,,21570385100018,2025,Collectivité Territoriale,Commune,['Moselle'],['Grand Est'],COM,{57},{44}
a261673b-ea52-4167-b291-4ac3246e34b2,216301895,Commune de Laqueuille (63),false,{63189},Commune,2026-03-24 14:42:06.130387+01,gold_establishments_2025,,,,21630189500019,2025,Collectivité Territoriale,Commune,['Puy-de-Dôme'],['Auvergne-Rhône-Alpes'],COM,{63},{84}
3bf55d63-f370-4a65-9790-4b8141fc40f9,210500708,Commune de Laragne-Montéglin (05),false,{05070},Commune,2026-03-24 14:41:52.562531+01,gold_establishments_2025,,,,21050070800016,2025,Collectivité Territoriale,Commune,['Hautes-Alpes'],"[""Provence-Alpes-Côte d'Azur""]",COM,{05},{93}
71b39689-847c-47e3-b54e-af9ff39b2503,216901108,Commune de Larajasse (69),false,{69110},Commune,2026-03-24 14:42:07.195692+01,gold_establishments_2025,,,,21690110800011,2025,Collectivité Territoriale,Commune,['Rhône'],['Auvergne-Rhône-Alpes'],COM,{69},{84}
6aadc601-686b-42be-bb64-e2b2ae53081d,214601544,Commune de Laramière (46),false,{46154},Commune,2026-03-24 14:42:00.862623+01,gold_establishments_2025,,,,21460154400015,2025,Collectivité Territoriale,Commune,['Lot'],['Occitanie'],COM,{46},{76}
04e6db7f-af1f-461c-b574-aa974b158e42,216502617,Commune de Laran (65),false,{65261},Commune,2026-03-24 14:42:06.665412+01,gold_establishments_2025,,,,21650261700014,2025,Collectivité Territoriale,Commune,['Hautes-Pyrénées'],['Occitanie'],COM,{65},{76}
8c17fbe3-492a-41dc-b64e-076699cbd347,214001448,Commune de Larbey (40),false,{40144},Commune,2026-03-24 14:41:59.705606+01,gold_establishments_2025,,,,21400144800015,2025,Collectivité Territoriale,Commune,['Landes'],['Nouvelle-Aquitaine'],COM,{40},{75}
32d433c2-334b-42a9-8fc6-4fdff1655db1,210901542,Commune de Larbont (09),false,{09154},Commune,2026-03-24 14:41:53.095366+01,gold_establishments_2025,,,,21090154200014,2025,Collectivité Territoriale,Commune,['Ariège'],['Occitanie'],COM,{09},{76}
5c9b33a8-a672-448c-b1ab-c7e78b375595,216003467,Commune de Larbroye (60),false,{60348},Commune,2026-03-24 14:42:04.814328+01,gold_establishments_2025,,,,21600346700018,2025,Collectivité Territoriale,Commune,['Oise'],['Hauts-de-France'],COM,{60},{32}
091aac96-a373-49b6-96ae-b8e28ef81d95,213102742,Commune de Larcan (31),false,{31274},Commune,2026-03-24 14:41:58.09424+01,gold_establishments_2025,,,,21310274200011,2025,Collectivité Territoriale,Commune,['Haute-Garonne'],['Occitanie'],COM,{31},{76}
f52fd09d-82ff-4af1-9850-a1d63a136083,210901559,Commune de Larcat (09),false,{09155},Commune,2026-03-24 14:41:53.095366+01,gold_establishments_2025,,,,21090155900018,2025,Collectivité Territoriale,Commune,['Ariège'],['Occitanie'],COM,{09},{76}
1ab8d3ad-ba12-4846-8d73-d022ee16ec08,216403147,Commune de Larceveau-Arros-Cibits (64),false,{64314},Commune,2026-03-24 14:42:06.130387+01,gold_establishments_2025,,,,21640314700012,2025,Collectivité Territoriale,Commune,['Pyrénées-Atlantiques'],['Nouvelle-Aquitaine'],COM,{64},{75}
f534f2cf-73ce-49c7-8294-f03a0d0620c6,215301268,Commune de Larchamp (53),false,{53126},Commune,2026-03-24 14:42:02.957225+01,gold_establishments_2025,,,,21530126800011,2025,Collectivité Territoriale,Commune,['Mayenne'],['Pays de la Loire'],COM,{53},{52}
a60cc77c-2320-4440-9455-4f8be5aa4552,217702448,Commune de Larchant (77),false,{77244},Commune,2026-03-24 14:42:09.43682+01,gold_establishments_2025,,,,21770244800010,2025,Collectivité Territoriale,Commune,['Seine-et-Marne'],['Île-de-France'],COM,{77},{11}
4dd1a142-c0de-4480-aa7d-23c098bf3492,211910708,Commune de Larche (19),false,{19107},Commune,2026-03-24 14:41:54.903238+01,gold_establishments_2025,,,,21191070800018,2025,Collectivité Territoriale,Commune,['Corrèze'],['Nouvelle-Aquitaine'],COM,{19},{75}
8fe7c6f5-2410-43f9-918b-ea7e99605853,210500716,Commune de Lardier-et-Valença (05),false,{05071},Commune,2026-03-24 14:41:52.562531+01,gold_establishments_2025,,,,21050071600019,2025,Collectivité Territoriale,Commune,['Hautes-Alpes'],"[""Provence-Alpes-Côte d'Azur""]",COM,{05},{93}
5fb026fb-8292-4ab6-b29a-057100961e8a,210401014,Commune de Lardiers (04),false,{04101},Commune,2026-03-24 14:41:52.020251+01,gold_establishments_2025,,,,21040101400019,2025,Collectivité Territoriale,Commune,['Alpes-de-Haute-Provence'],"[""Provence-Alpes-Côte d'Azur""]",COM,{04},{93}
591acd26-3903-433b-91cf-772ca16da5a4,219103306,Commune de Lardy (91),false,{91330},Commune,2026-03-24 14:42:11.659493+01,gold_establishments_2025,,,,21910330600011,2025,Collectivité Territoriale,Commune,['Essonne'],['Île-de-France'],COM,{91},{11}
218a74b9-94bb-4216-b3e0-0662e1ee9357,217901479,Commune de Largeasse (79),false,{79147},Commune,2026-03-24 14:42:09.43682+01,gold_establishments_2025,,,,21790147900014,2025,Collectivité Territoriale,Commune,['Deux-Sèvres'],['Nouvelle-Aquitaine'],COM,{79},{75}
6ab54886-59d3-4477-ae28-21e734e1f559,210701322,Commune de Largentière (07),false,{07132},Commune,2026-03-24 14:41:52.562531+01,gold_establishments_2025,,,,21070132200013,2025,Collectivité Territoriale,Commune,['Ardèche'],['Auvergne-Rhône-Alpes'],COM,{07},{84}
542ede01-3664-440f-8a91-1e8d9fb519ba,213902786,Commune de Largillay-Marsonnay (39),false,{39278},Commune,2026-03-24 14:41:59.705606+01,gold_establishments_2025,,,,21390278600010,2025,Collectivité Territoriale,Commune,['Jura'],['Bourgogne-Franche-Comté'],COM,{39},{27}
a13df829-cf02-4b43-9069-ac593b95eda3,216801761,Commune de Largitzen (68),false,{68176},Commune,2026-03-24 14:42:07.195692+01,gold_establishments_2025,,,,21680176100018,2025,Collectivité Territoriale,Commune,['Haut-Rhin'],['Grand Est'],COM,{68},{44}
d55feb52-b0ff-4133-9dd5-c9afe09520a5,210203899,Commune de Largny-sur-Automne (02),false,{02410},Commune,2026-03-24 14:41:52.020251+01,gold_establishments_2025,,,,21020389900013,2025,Collectivité Territoriale,Commune,['Aisne'],['Hauts-de-France'],COM,{02},{32}
a6807dca-9e02-4217-8d43-a0009d43da8c,217002963,Commune de Larians-et-Munans (70),false,{70296},Commune,2026-03-24 14:42:07.735343+01,gold_establishments_2025,,,,21700296300015,2025,Collectivité Territoriale,Commune,['Haute-Saône'],['Bourgogne-Franche-Comté'],COM,{70},{27}
70c73459-6d11-4ec0-bcc9-5bff188d8ea2,219000627,Commune de Larivière (90),false,{90062},Commune,2026-03-24 14:42:11.659493+01,gold_establishments_2025,,,,21900062700014,2025,Collectivité Territoriale,Commune,['Territoire de Belfort'],['Bourgogne-Franche-Comté'],COM,{90},{27}
2991b48e-f34a-4296-b1d8-86fedcbeff95,215201955,Commune de Larivière-Arnoncourt (52),false,{52273},Commune,2026-03-24 14:42:01.954481+01,gold_establishments_2025,,,,21520195500014,2025,Collectivité Territoriale,Commune,['Haute-Marne'],['Grand Est'],COM,{52},{44}
cacd41ce-2c10-4290-990d-7762f2ac62dd,215601063,Commune de Larmor-Baden (56),false,{56106},Commune,2026-03-24 14:42:03.701372+01,gold_establishments_2025,,,,21560106300013,2025,Collectivité Territoriale,Commune,['Morbihan'],['Bretagne'],COM,{56},{53}
28aa0715-4e3a-40a9-94f6-3d3196c14084,215601071,Commune de Larmor-Plage (56),false,{56107},Commune,2026-03-24 14:42:03.701372+01,gold_establishments_2025,,,,21560107100016,2025,Collectivité Territoriale,Commune,['Morbihan'],['Bretagne'],COM,{56},{53}
5c25e90c-b216-4323-ab2b-c61555ebab68,212601561,Commune de Larnage (26),false,{26156},Commune,2026-03-24 14:41:56.495197+01,gold_establishments_2025,,,,21260156100013,2025,Collectivité Territoriale,Commune,['Drôme'],['Auvergne-Rhône-Alpes'],COM,{26},{84}
db26bb61-51dd-4c16-bb6e-8e7f33e17f85,214601551,Commune de Larnagol (46),false,{46155},Commune,2026-03-24 14:42:00.862623+01,gold_establishments_2025,,,,21460155100010,2025,Collectivité Territoriale,Commune,['Lot'],['Occitanie'],COM,{46},{76}
37ebfaeb-30ed-41a2-8cd5-5491ae57a64d,210701330,Commune de Larnas (07),false,{07133},Commune,2026-03-24 14:41:52.562531+01,gold_establishments_2025,,,,21070133000016,2025,Collectivité Territoriale,Commune,['Ardèche'],['Auvergne-Rhône-Alpes'],COM,{07},{84}
117f0551-c980-477d-b7cc-90ca2593936b,210901567,Commune de Larnat (09),false,{09156},Commune,2026-03-24 14:41:53.095366+01,gold_establishments_2025,,,,21090156700011,2025,Collectivité Territoriale,Commune,['Ariège'],['Occitanie'],COM,{09},{76}
870a14a5-d5d4-473e-b9cb-27ddd17af82e,213902794,Commune de Larnaud (39),false,{39279},Commune,2026-03-24 14:41:59.705606+01,gold_establishments_2025,,,,21390279400014,2025,Collectivité Territoriale,Commune,['Jura'],['Bourgogne-Franche-Comté'],COM,{39},{27}
6c29b629-4796-4791-a58f-5609bec3f992,212503288,Commune de Larnod (25),false,{25328},Commune,2026-03-24 14:41:56.495197+01,gold_establishments_2025,,,,21250328800012,2025,Collectivité Territoriale,Commune,['Doubs'],['Bourgogne-Franche-Comté'],COM,{25},{27}
b3e51d5d-1364-4738-bc59-cd3b027a3b63,218902187,Commune de Laroche-Saint-Cydroine (89),false,{89218},Commune,2026-03-24 14:42:11.118516+01,gold_establishments_2025,,,,21890218700010,2025,Collectivité Territoriale,Commune,['Yonne'],['Bourgogne-Franche-Comté'],COM,{89},{27}
2d936d9e-a5ff-405f-8ded-7683fc05281c,211910807,Commune de Laroche-près-Feyt (19),false,{19108},Commune,2026-03-24 14:41:54.903238+01,gold_establishments_2025,,,,21191080700018,2025,Collectivité Territoriale,Commune,['Corrèze'],['Nouvelle-Aquitaine'],COM,{19},{75}
c5c59549-618d-4dc6-b566-9afd1b009858,215801408,Commune de Larochemillay (58),false,{58140},Commune,2026-03-24 14:42:04.280096+01,gold_establishments_2025,,,,21580140800018,2025,Collectivité Territoriale,Commune,['Nièvre'],['Bourgogne-Franche-Comté'],COM,{58},{27}
d17ef40e-9843-4ee3-b9ad-24f2b5927cf9,216301903,Commune de Larodde (63),false,{63190},Commune,2026-03-24 14:42:06.130387+01,gold_establishments_2025,,,,21630190300011,2025,Collectivité Territoriale,Commune,['Puy-de-Dôme'],['Auvergne-Rhône-Alpes'],COM,{63},{84}
06a25de4-5d09-4f4e-9804-1f5b209c5909,216403154,Commune de Laroin (64),false,{64315},Commune,2026-03-24 14:42:06.130387+01,gold_establishments_2025,,,,21640315400018,2025,Collectivité Territoriale,Commune,['Pyrénées-Atlantiques'],['Nouvelle-Aquitaine'],COM,{64},{75}
428a093c-c9b3-442b-a41b-7c33bf0d3586,215403031,Commune de Laronxe (54),false,{54303},Commune,2026-03-24 14:42:02.957225+01,gold_establishments_2025,,,,21540303100010,2025,Collectivité Territoriale,Commune,['Meurthe-et-Moselle'],['Grand Est'],COM,{54},{44}
4449e1ed-c158-4c72-9420-568f7d878e9b,213302318,Commune de Laroque (33),false,{33231},Commune,2026-03-24 14:41:58.620411+01,gold_establishments_2025,,,,21330231800018,2025,Collectivité Territoriale,Commune,['Gironde'],['Nouvelle-Aquitaine'],COM,{33},{75}
b9fd183a-e402-4a9d-a4da-ef76bfeecc47,213401284,Commune de Laroque (34),false,{34128},Commune,2026-03-24 14:41:58.620411+01,gold_establishments_2025,,,,21340128400012,2025,Collectivité Territoriale,Commune,['Hérault'],['Occitanie'],COM,{34},{76}
5ac99c8b-6b04-4350-af8b-4388e116c429,214701385,Commune de Laroque-Timbaut (47),false,{47138},Commune,2026-03-24 14:42:00.862623+01,gold_establishments_2025,,,,21470138500012,2025,Collectivité Territoriale,Commune,['Lot-et-Garonne'],['Nouvelle-Aquitaine'],COM,{47},{75}
fcc490de-6d96-4f0a-a337-0b4650e6d831,210901575,Commune de Laroque-d'Olmes (09),false,{09157},Commune,2026-03-24 14:41:53.095366+01,gold_establishments_2025,,,,21090157500014,2025,Collectivité Territoriale,Commune,['Ariège'],['Occitanie'],COM,{09},{76}
0cf830a4-190c-49e9-85ee-152cee6361a6,211101910,Commune de Laroque-de-Fa (11),false,{11191},Commune,2026-03-24 14:41:53.63825+01,gold_establishments_2025,,,,21110191000019,2025,Collectivité Territoriale,Commune,['Aude'],['Occitanie'],COM,{11},{76}
8f8cabf3-0806-4d1b-9da2-807893ae3c25,216600932,Commune de Laroque-des-Albères (66),false,{66093},Commune,2026-03-24 14:42:06.665412+01,gold_establishments_2025,,,,21660093200018,2025,Collectivité Territoriale,Commune,['Pyrénées-Orientales'],['Occitanie'],COM,{66},{76}
00f2a873-f6d8-444f-842d-ea5446d1b03b,211500947,Commune de Laroquebrou (15),false,{15094},Commune,2026-03-24 14:41:54.362296+01,gold_establishments_2025,,,,21150094700018,2025,Collectivité Territoriale,Commune,['Cantal'],['Auvergne-Rhône-Alpes'],COM,{15},{84}
f2c38113-afce-4531-a3f2-bd91ee3abd59,211500954,Commune de Laroquevieille (15),false,{15095},Commune,2026-03-24 14:41:54.362296+01,gold_establishments_2025,,,,21150095400014,2025,Collectivité Territoriale,Commune,['Cantal'],['Auvergne-Rhône-Alpes'],COM,{15},{84}
0ba80945-f52a-4efe-8405-d89234568dd5,215903337,Commune de Larouillies (59),false,{59333},Commune,2026-03-24 14:42:04.280096+01,gold_establishments_2025,,,,21590333700016,2025,Collectivité Territoriale,Commune,['Nord'],['Hauts-de-France'],COM,{59},{32}
57dfbd98-a899-4510-9783-fbb528cba684,213105927,Commune de Larra (31),false,{31592},Commune,2026-03-24 14:41:58.09424+01,gold_establishments_2025,,,,21310592700015,2025,Collectivité Territoriale,Commune,['Haute-Garonne'],['Occitanie'],COM,{31},{76}
52f16ece-8095-4887-b652-ff99aeb20c8b,216403162,Commune de Larrau (64),false,{64316},Commune,2026-03-24 14:42:06.130387+01,gold_establishments_2025,,,,21640316200011,2025,Collectivité Territoriale,Commune,['Pyrénées-Atlantiques'],['Nouvelle-Aquitaine'],COM,{64},{75}
22794c9c-a920-4f7a-8d56-9d7116e6170b,218200939,Commune de Larrazet (82),false,{82093},Commune,2026-03-24 14:42:10.508772+01,gold_establishments_2025,,,,21820093900013,2025,Collectivité Territoriale,Commune,['Tarn-et-Garonne'],['Occitanie'],COM,{82},{76}
da58baeb-97f0-45ec-beac-e91ec8a097da,213201940,Commune de Larressingle (32),false,{32194},Commune,2026-03-24 14:41:58.09424+01,gold_establishments_2025,,,,21320194000011,2025,Collectivité Territoriale,Commune,['Gers'],['Occitanie'],COM,{32},{76}
cdc828ee-c140-4e6f-bc41-53996cb96fa1,216403170,Commune de Larressore (64),false,{64317},Commune,2026-03-24 14:42:06.130387+01,gold_establishments_2025,,,,21640317000014,2025,Collectivité Territoriale,Commune,['Pyrénées-Atlantiques'],['Nouvelle-Aquitaine'],COM,{64},{75}
9b414e57-703f-49ab-bcf1-e0d38836e142,217002971,Commune de Larret (70),false,{70297},Commune,2026-03-24 14:42:07.735343+01,gold_establishments_2025,,,,21700297100018,2025,Collectivité Territoriale,Commune,['Haute-Saône'],['Bourgogne-Franche-Comté'],COM,{70},{27}
8ac8f0dd-0e06-44e1-9681-b09d745bb6ca,216403188,Commune de Larreule (64),false,{64318},Commune,2026-03-24 14:42:06.130387+01,gold_establishments_2025,,,,21640318800016,2025,Collectivité Territoriale,Commune,['Pyrénées-Atlantiques'],['Nouvelle-Aquitaine'],COM,{64},{75}
3091f092-7440-4725-b140-aef44561e4a2,216502625,Commune de Larreule (65),false,{65262},Commune,2026-03-24 14:42:06.665412+01,gold_establishments_2025,,,,21650262500017,2025,Collectivité Territoriale,Commune,['Hautes-Pyrénées'],['Occitanie'],COM,{65},{76}
7ef575ae-894e-4c15-a847-1ecf9080d1c0,212103436,Commune de Larrey (21),false,{21343},Commune,2026-03-24 14:41:55.433389+01,gold_establishments_2025,,,,21210343600011,2025,Collectivité Territoriale,Commune,"[""Côte-d'Or""]",['Bourgogne-Franche-Comté'],COM,{21},{27}
653d4c37-7943-4a89-a2da-1d6daa04897d,216403196,Commune de Larribar-Sorhapuru (64),false,{64319},Commune,2026-03-24 14:42:06.130387+01,gold_establishments_2025,,,,21640319600019,2025,Collectivité Territoriale,Commune,['Pyrénées-Atlantiques'],['Nouvelle-Aquitaine'],COM,{64},{75}
f09caff1-d229-4fbf-865a-f141a835c30c,217401462,Commune de Larringes (74),false,{74146},Commune,2026-03-24 14:42:08.279287+01,gold_establishments_2025,,,,21740146200015,2025,Collectivité Territoriale,Commune,['Haute-Savoie'],['Auvergne-Rhône-Alpes'],COM,{74},{84}
46243b05-4b05-484c-96e0-71c7f856045a,214001455,Commune de Larrivière-Saint-Savin (40),false,{40145},Commune,2026-03-24 14:41:59.705606+01,gold_establishments_2025,,,,21400145500010,2025,Collectivité Territoriale,Commune,['Landes'],['Nouvelle-Aquitaine'],COM,{40},{75}
44655b9d-01f8-499c-8c34-af9c1197fde5,213902802,Commune de Larrivoire (39),false,{39280},Commune,2026-03-24 14:41:59.705606+01,gold_establishments_2025,,,,21390280200015,2025,Collectivité Territoriale,Commune,['Jura'],['Bourgogne-Franche-Comté'],COM,{39},{27}
025d93db-d32d-4e22-bbc1-7d6efd6a2074,213102767,Commune de Larroque (31),false,{31276},Commune,2026-03-24 14:41:58.09424+01,gold_establishments_2025,,,,21310276700018,2025,Collectivité Territoriale,Commune,['Haute-Garonne'],['Occitanie'],COM,{31},{76}
f9f45f99-2f9f-41c4-8eae-513c9e6c5151,216502633,Commune de Larroque (65),false,{65263},Commune,2026-03-24 14:42:06.665412+01,gold_establishments_2025,,,,21650263300011,2025,Collectivité Territoriale,Commune,['Hautes-Pyrénées'],['Occitanie'],COM,{65},{76}
c3ba4400-f8ae-43ab-b029-d74b2f9d99f5,218101368,Commune de Larroque (81),false,{81136},Commune,2026-03-24 14:42:09.967209+01,gold_establishments_2025,,,,21810136800015,2025,Collectivité Territoriale,Commune,['Tarn'],['Occitanie'],COM,{81},{76}
cc120461-eb75-441f-80bd-ccb29b2edb27,213201957,Commune de Larroque-Engalin (32),false,{32195},Commune,2026-03-24 14:41:58.09424+01,gold_establishments_2025,,,,21320195700015,2025,Collectivité Territoriale,Commune,['Gers'],['Occitanie'],COM,{32},{76}
fe5f866a-15c2-4cc9-8c05-805512434d74,213201965,Commune de Larroque-Saint-Sernin (32),false,{32196},Commune,2026-03-24 14:41:58.09424+01,gold_establishments_2025,,,,21320196500018,2025,Collectivité Territoriale,Commune,['Gers'],['Occitanie'],COM,{32},{76}
f22b0a1d-9c2a-4f62-92dc-0a30617cb125,214601577,Commune de Larroque-Toirac (46),false,{46157},Commune,2026-03-24 14:42:00.862623+01,gold_establishments_2025,,,,21460157700015,2025,Collectivité Territoriale,Commune,['Lot'],['Occitanie'],COM,{46},{76}
a4ba9364-136c-477f-b5ee-3cf5fc4b91c9,213201973,Commune de Larroque-sur-l'Osse (32),false,{32197},Commune,2026-03-24 14:41:58.09424+01,gold_establishments_2025,,,,21320197300012,2025,Collectivité Territoriale,Commune,['Gers'],['Occitanie'],COM,{32},{76}
e34faf8f-ca47-4c3f-ba63-22d12f32002d,215601089,Commune de Larré (56),false,{56108},Commune,2026-03-24 14:42:03.701372+01,gold_establishments_2025,,,,21560108900018,2025,Collectivité Territoriale,Commune,['Morbihan'],['Bretagne'],COM,{56},{53}
6bc598d3-93d5-4e02-9bca-ea9d3c2eb9d3,216102244,Commune de Larré (61),false,{61224},Commune,2026-03-24 14:42:05.597325+01,gold_establishments_2025,,,,21610224400011,2025,Collectivité Territoriale,Commune,['Orne'],['Normandie'],COM,{61},{28}
4f21689b-a092-492b-bcbf-d82c0bb2a4dc,213201981,Commune de Lartigue (32),false,{32198},Commune,2026-03-24 14:41:58.09424+01,gold_establishments_2025,,,,21320198100015,2025,Collectivité Territoriale,Commune,['Gers'],['Occitanie'],COM,{32},{76}
35e1446a-8acf-4da6-b48b-f2c0238b1135,213302326,Commune de Lartigue (33),false,{33232},Commune,2026-03-24 14:41:58.620411+01,gold_establishments_2025,,,,21330232600011,2025,Collectivité Territoriale,Commune,['Gironde'],['Nouvelle-Aquitaine'],COM,{33},{75}
242bc365-2019-4ba2-bd34-dab0364d2c99,216403204,Commune de Laruns (64),false,{64320},Commune,2026-03-24 14:42:06.130387+01,gold_establishments_2025,,,,21640320400011,2025,Collectivité Territoriale,Commune,['Pyrénées-Atlantiques'],['Nouvelle-Aquitaine'],COM,{64},{75}
00483ab2-fbd9-460f-aa3f-b4f4a6403065,213302334,Commune de Laruscade (33),false,{33233},Commune,2026-03-24 14:41:58.620411+01,gold_establishments_2025,,,,21330233400015,2025,Collectivité Territoriale,Commune,['Gironde'],['Nouvelle-Aquitaine'],COM,{33},{75}
6f81e680-9a38-42b2-b3bf-8a4a4cf91df0,212402309,Commune de Larzac (24),false,{24230},Commune,2026-03-24 14:41:55.958138+01,gold_establishments_2025,,,,21240230900018,2025,Collectivité Territoriale,Commune,['Dordogne'],['Nouvelle-Aquitaine'],COM,{24},{75}
7dde0ff3-2f04-4080-a4f7-94da4948abbe,215102955,Commune de Larzicourt (51),false,{51316},Commune,2026-03-24 14:42:01.954481+01,gold_establishments_2025,,,,21510295500014,2025,Collectivité Territoriale,Commune,['Marne'],['Grand Est'],COM,{51},{44}
84656bd9-e908-423f-b327-1b045dc2b171,213701246,Commune de Larçay (37),false,{37124},Commune,2026-03-24 14:41:59.160244+01,gold_establishments_2025,,,,21370124600018,2025,Collectivité Territoriale,Commune,['Indre-et-Loire'],['Centre-Val de Loire'],COM,{37},{24}
0029d2d6-d0f8-46e4-9fce-c1832c55c469,213201932,Commune de Larée (32),false,{32193},Commune,2026-03-24 14:41:58.09424+01,gold_establishments_2025,,,,21320193200018,2025,Collectivité Territoriale,Commune,['Gers'],['Occitanie'],COM,{32},{76}
0c89f52a-7068-45ee-ab57-21ab1f43187b,213102759,Commune de Laréole (31),false,{31275},Commune,2026-03-24 14:41:58.09424+01,gold_establishments_2025,,,,21310275900015,2025,Collectivité Territoriale,Commune,['Haute-Garonne'],['Occitanie'],COM,{31},{76}
eaddf482-37df-4181-be11-e03fd12e0296,213001407,Commune de Lasalle (30),false,{30140},Commune,2026-03-24 14:41:57.56054+01,gold_establishments_2025,,,,21300140700013,2025,Collectivité Territoriale,Commune,['Gard'],['Occitanie'],COM,{30},{76}
2779c061-671d-4174-b09b-d82250630cb5,211101928,Commune de Lasbordes (11),false,{11192},Commune,2026-03-24 14:41:53.63825+01,gold_establishments_2025,,,,21110192800011,2025,Collectivité Territoriale,Commune,['Aude'],['Occitanie'],COM,{11},{76}
6ce51960-a482-44b4-a4c0-90bca44ed67e,211910906,Commune de Lascaux (19),false,{19109},Commune,2026-03-24 14:41:54.903238+01,gold_establishments_2025,,,,21191090600018,2025,Collectivité Territoriale,Commune,['Corrèze'],['Nouvelle-Aquitaine'],COM,{19},{75}
42758e3a-972e-43ac-a0f6-97626da27104,216502641,Commune de Lascazères (65),false,{65264},Commune,2026-03-24 14:42:06.665412+01,gold_establishments_2025,,,,21650264100014,2025,Collectivité Territoriale,Commune,['Hautes-Pyrénées'],['Occitanie'],COM,{65},{76}
ea00efe3-9fde-4691-8910-c21638c8e0ff,211500962,Commune de Lascelle (15),false,{15096},Commune,2026-03-24 14:41:54.362296+01,gold_establishments_2025,,,,21150096200017,2025,Collectivité Territoriale,Commune,['Cantal'],['Auvergne-Rhône-Alpes'],COM,{15},{84}
68cf3d88-e434-48d7-b870-5b5ab740ea2a,216403212,Commune de Lasclaveries (64),false,{64321},Commune,2026-03-24 14:42:06.130387+01,gold_establishments_2025,,,,21640321200014,2025,Collectivité Territoriale,Commune,['Pyrénées-Atlantiques'],['Nouvelle-Aquitaine'],COM,{64},{75}
899643c8-9a36-4518-af6e-4575ce131c09,218101376,Commune de Lasfaillades (81),false,{81137},Commune,2026-03-24 14:42:09.967209+01,gold_establishments_2025,,,,21810137600018,2025,Collectivité Territoriale,Commune,['Tarn'],['Occitanie'],COM,{81},{76}
cb1aab7b-e7cc-4004-8676-6717f2b4bd4b,218101384,Commune de Lasgraisses (81),false,{81138},Commune,2026-03-24 14:42:09.967209+01,gold_establishments_2025,,,,21810138400012,2025,Collectivité Territoriale,Commune,['Tarn'],['Occitanie'],COM,{81},{76}
016e5f89-87e9-4ce6-a970-ccecb3949cb5,216502658,Commune de Laslades (65),false,{65265},Commune,2026-03-24 14:42:06.665412+01,gold_establishments_2025,,,,21650265800018,2025,Collectivité Territoriale,Commune,['Hautes-Pyrénées'],['Occitanie'],COM,{65},{76}
d1063457-a62f-474d-83aa-1b1148b303b1,216502666,Commune de Lassales (65),false,{65266},Commune,2026-03-24 14:42:06.665412+01,gold_establishments_2025,,,,21650266600011,2025,Collectivité Territoriale,Commune,['Hautes-Pyrénées'],['Occitanie'],COM,{65},{76}
d85a9a7b-e3dd-4908-831c-35f8ea358f6e,215301276,Commune de Lassay-les-Châteaux (53),false,{53127},Commune,2026-03-24 14:42:02.957225+01,gold_establishments_2025,,,,21530127600014,2025,Collectivité Territoriale,Commune,['Mayenne'],['Pays de la Loire'],COM,{53},{52}
dd91f897-1abc-49fa-ae96-7d9d0fa4843f,214101123,Commune de Lassay-sur-Croisne (41),false,{41112},Commune,2026-03-24 14:42:00.273698+01,gold_establishments_2025,,,,21410112300013,2025,Collectivité Territoriale,Commune,['Loir-et-Cher'],['Centre-Val de Loire'],COM,{41},{24}
1385c8fe-405d-451e-be17-011eeed7816e,216403220,Commune de Lasse (64),false,{64322},Commune,2026-03-24 14:42:06.130387+01,gold_establishments_2025,,,,21640322000017,2025,Collectivité Territoriale,Commune,['Pyrénées-Atlantiques'],['Nouvelle-Aquitaine'],COM,{64},{75}
54caeac2-5304-465f-ae80-d2b18c6b99e1,213201999,Commune de Lasserrade (32),false,{32199},Commune,2026-03-24 14:41:58.09424+01,gold_establishments_2025,,,,21320199900017,2025,Collectivité Territoriale,Commune,['Gers'],['Occitanie'],COM,{32},{76}
ba5f3163-627e-45ad-95e5-1ec8d7a4bae6,210901583,Commune de Lasserre (09),false,{09158},Commune,2026-03-24 14:41:53.095366+01,gold_establishments_2025,,,,21090158300018,2025,Collectivité Territoriale,Commune,['Ariège'],['Occitanie'],COM,{09},{76}
50a345cb-cd76-4e83-a1ed-639928ba7514,214701393,Commune de Lasserre (47),false,{47139},Commune,2026-03-24 14:42:00.862623+01,gold_establishments_2025,,,,21470139300016,2025,Collectivité Territoriale,Commune,['Lot-et-Garonne'],['Nouvelle-Aquitaine'],COM,{47},{75}
7afc991c-b946-487a-aee6-03a42c192426,216403238,Commune de Lasserre (64),false,{64323},Commune,2026-03-24 14:42:06.130387+01,gold_establishments_2025,,,,21640323800019,2025,Collectivité Territoriale,Commune,['Pyrénées-Atlantiques'],['Nouvelle-Aquitaine'],COM,{64},{75}
8ca1ee88-451c-4595-abcc-2b83c686c02c,200077451,Commune de Lasserre-Pradère (31),false,{31277},Commune,2026-03-24 14:41:58.09424+01,gold_establishments_2025,,,,20007745100017,2025,Collectivité Territoriale,Commune,['Haute-Garonne'],['Occitanie'],COM,{31},{76}
4a4382d5-5693-4c3e-8c9b-8f103b80b484,211101936,Commune de Lasserre-de-Prouille (11),false,{11193},Commune,2026-03-24 14:41:53.63825+01,gold_establishments_2025,,,,21110193600014,2025,Collectivité Territoriale,Commune,['Aude'],['Occitanie'],COM,{11},{76}
2422641d-53f1-4ae3-8817-6f668da0ce71,216403246,Commune de Lasseube (64),false,{64324},Commune,2026-03-24 14:42:06.130387+01,gold_establishments_2025,,,,21640324600012,2025,Collectivité Territoriale,Commune,['Pyrénées-Atlantiques'],['Nouvelle-Aquitaine'],COM,{64},{75}
4d62551f-a7d3-462f-af2d-a11fc7bd8416,213202013,Commune de Lasseube-Propre (32),false,{32201},Commune,2026-03-24 14:41:58.09424+01,gold_establishments_2025,,,,21320201300016,2025,Collectivité Territoriale,Commune,['Gers'],['Occitanie'],COM,{32},{76}
8356e0ec-01b0-42bc-ba5b-3dbf30e2ad80,216403253,Commune de Lasseubetat (64),false,{64325},Commune,2026-03-24 14:42:06.130387+01,gold_establishments_2025,,,,21640325300018,2025,Collectivité Territoriale,Commune,['Pyrénées-Atlantiques'],['Nouvelle-Aquitaine'],COM,{64},{75}
9d8cd21e-9a29-4167-a3c7-7a765af29203,211001821,Commune de Lassicourt (10),false,{10189},Commune,2026-03-24 14:41:53.095366+01,gold_establishments_2025,,,,21100182100019,2025,Collectivité Territoriale,Commune,['Aube'],['Grand Est'],COM,{10},{44}
579ab423-2464-4f97-afca-c8251982e2e7,216003475,Commune de Lassigny (60),false,{60350},Commune,2026-03-24 14:42:04.814328+01,gold_establishments_2025,,,,21600347500011,2025,Collectivité Territoriale,Commune,['Oise'],['Hauts-de-France'],COM,{60},{32}
cc1c52f8-369e-4536-9c86-6061ce61d56d,218902195,Commune de Lasson (89),false,{89219},Commune,2026-03-24 14:42:11.118516+01,gold_establishments_2025,,,,21890219500013,2025,Collectivité Territoriale,Commune,['Yonne'],['Bourgogne-Franche-Comté'],COM,{89},{27}
aaa623b8-c003-4f47-b689-99633aa77d33,211201249,Commune de Lassouts (12),false,{12124},Commune,2026-03-24 14:41:53.63825+01,gold_establishments_2025,,,,21120124900011,2025,Collectivité Territoriale,Commune,['Aveyron'],['Occitanie'],COM,{12},{76}
bd99be5d-f69d-4096-824f-e4b8aabfe495,210901591,Commune de Lassur (09),false,{09159},Commune,2026-03-24 14:41:53.095366+01,gold_establishments_2025,,,,21090159100011,2025,Collectivité Territoriale,Commune,['Ariège'],['Occitanie'],COM,{09},{76}
a8dbdcf6-6bb5-478b-861b-3a9c0204e44f,213501497,Commune de Lassy (35),false,{35149},Commune,2026-03-24 14:41:58.620411+01,gold_establishments_2025,,,,21350149700019,2025,Collectivité Territoriale,Commune,['Ille-et-Vilaine'],['Bretagne'],COM,{35},{53}
f8aebcbe-8ba4-43c7-b69e-7eb55e180162,219503315,Commune de Lassy (95),false,{95331},Commune,2026-03-24 14:42:11.659493+01,gold_establishments_2025,,,,21950331500018,2025,Collectivité Territoriale,Commune,"[""Val-d'Oise""]",['Île-de-France'],COM,{95},{11}
082c2a1c-3fe2-4097-8f8a-a71f14f35936,213202005,Commune de Lasséran (32),false,{32200},Commune,2026-03-24 14:41:58.09424+01,gold_establishments_2025,,,,21320200500012,2025,Collectivité Territoriale,Commune,['Gers'],['Occitanie'],COM,{32},{76}
416733ff-8852-486c-a272-6d8ee11546b4,211500970,Commune de Lastic (15),false,{15097},Commune,2026-03-24 14:41:54.362296+01,gold_establishments_2025,,,,21150097000010,2025,Collectivité Territoriale,Commune,['Cantal'],['Auvergne-Rhône-Alpes'],COM,{15},{84}
65836b41-5b68-486d-a111-3a6935a4d872,216301911,Commune de Lastic (63),false,{63191},Commune,2026-03-24 14:42:06.130387+01,gold_establishments_2025,,,,21630191100014,2025,Collectivité Territoriale,Commune,['Puy-de-Dôme'],['Auvergne-Rhône-Alpes'],COM,{63},{84}
703b720e-b367-4d83-89d0-1908e3e9d288,211101944,Commune de Lastours (11),false,{11194},Commune,2026-03-24 14:41:53.63825+01,gold_establishments_2025,,,,21110194400018,2025,Collectivité Territoriale,Commune,['Aude'],['Occitanie'],COM,{11},{76}
0782a94a-1573-47b1-9976-24cc0bf2acfe,216003483,Commune de Lataule (60),false,{60351},Commune,2026-03-24 14:42:04.814328+01,gold_establishments_2025,,,,21600348300015,2025,Collectivité Territoriale,Commune,['Oise'],['Hauts-de-France'],COM,{60},{32}
5d20eef0-4db5-4b9c-ad6b-0833366a97c8,217401470,Commune de Lathuile (74),false,{74147},Commune,2026-03-24 14:42:08.279287+01,gold_establishments_2025,,,,21740147000018,2025,Collectivité Territoriale,Commune,['Haute-Savoie'],['Auvergne-Rhône-Alpes'],COM,{74},{84}
ab1fcac8-4628-4670-ad7d-6f83e9d6c32e,218601201,Commune de Lathus-Saint-Rémy (86),false,{86120},Commune,2026-03-24 14:42:10.508772+01,gold_establishments_2025,,,,21860120100013,2025,Collectivité Territoriale,Commune,['Vienne'],['Nouvelle-Aquitaine'],COM,{86},{75}
fd0e07ed-1d43-44a3-9f14-1688b81c3d01,210203907,Commune de Latilly (02),false,{02411},Commune,2026-03-24 14:41:52.020251+01,gold_establishments_2025,,,,21020390700014,2025,Collectivité Territoriale,Commune,['Aisne'],['Hauts-de-France'],COM,{02},{32}
e99534d2-419c-43fa-b6e7-328dd1d1ccf9,218601219,Commune de Latillé (86),false,{86121},Commune,2026-03-24 14:42:10.508772+01,gold_establishments_2025,,,,21860121900015,2025,Collectivité Territoriale,Commune,['Vienne'],['Nouvelle-Aquitaine'],COM,{86},{75}
35961926-464e-40ac-9611-25dacaaa11e3,213102783,Commune de Latoue (31),false,{31278},Commune,2026-03-24 14:41:58.09424+01,gold_establishments_2025,,,,21310278300015,2025,Collectivité Territoriale,Commune,['Haute-Garonne'],['Occitanie'],COM,{31},{76}
2c32ce34-7014-429b-9fe2-043d5e4a658f,214601593,Commune de Latouille-Lentillac (46),false,{46159},Commune,2026-03-24 14:42:00.862623+01,gold_establishments_2025,,,,21460159300012,2025,Collectivité Territoriale,Commune,['Lot'],['Occitanie'],COM,{46},{76}
e6ab9684-76bc-4ca1-89f5-9b6fd326a429,213102791,Commune de Latour (31),false,{31279},Commune,2026-03-24 14:41:58.09424+01,gold_establishments_2025,,,,21310279100018,2025,Collectivité Territoriale,Commune,['Haute-Garonne'],['Occitanie'],COM,{31},{76}
bfd8fa6f-a0bc-4594-8275-2aaf40ca55f5,216600940,Commune de Latour-Bas-Elne (66),false,{66094},Commune,2026-03-24 14:42:06.665412+01,gold_establishments_2025,,,,21660094000011,2025,Collectivité Territoriale,Commune,['Pyrénées-Orientales'],['Occitanie'],COM,{66},{76}
8b2f3e5c-f01d-4763-b2f2-15b768c637ea,216600957,Commune de Latour-de-Carol (66),false,{66095},Commune,2026-03-24 14:42:06.665412+01,gold_establishments_2025,,,,21660095700015,2025,Collectivité Territoriale,Commune,['Pyrénées-Orientales'],['Occitanie'],COM,{66},{76}
8dd38a8a-90fb-4f5a-820e-f78a95007519,216600965,Commune de Latour-de-France (66),false,{66096},Commune,2026-03-24 14:42:06.665412+01,gold_establishments_2025,,,,21660096500018,2025,Collectivité Territoriale,Commune,['Pyrénées-Orientales'],['Occitanie'],COM,{66},{76}
9fd8e153-e9fe-492a-945f-baa4c9230171,215502816,Commune de Latour-en-Woëvre (55),false,{55281},Commune,2026-03-24 14:42:03.701372+01,gold_establishments_2025,,,,21550281600014,2025,Collectivité Territoriale,Commune,['Meuse'],['Grand Est'],COM,{55},{44}
08d8320a-3372-4549-86f3-bdfa426dbb62,213102809,Commune de Latrape (31),false,{31280},Commune,2026-03-24 14:41:58.09424+01,gold_establishments_2025,,,,21310280900018,2025,Collectivité Territoriale,Commune,['Haute-Garonne'],['Occitanie'],COM,{31},{76}
a6f9e746-aec1-4312-bb49-d7e4282ce26b,215201963,Commune de Latrecey-Ormoy-sur-Aube (52),false,{52274},Commune,2026-03-24 14:42:01.954481+01,gold_establishments_2025,,,,21520196300018,2025,Collectivité Territoriale,Commune,['Haute-Marne'],['Grand Est'],COM,{52},{44}
7dfa9c37-e3e3-4aad-8bc8-db4ec4367f1d,213302342,Commune de Latresne (33),false,{33234},Commune,2026-03-24 14:41:58.620411+01,gold_establishments_2025,,,,21330234200018,2025,Collectivité Territoriale,Commune,['Gironde'],['Nouvelle-Aquitaine'],COM,{33},{75}
2b776cff-ecf1-4bca-a988-4b0277103c67,214001463,Commune de Latrille (40),false,{40146},Commune,2026-03-24 14:41:59.705606+01,gold_establishments_2025,,,,21400146300014,2025,Collectivité Territoriale,Commune,['Landes'],['Nouvelle-Aquitaine'],COM,{40},{75}
839fb6b9-1d3e-4802-a3fe-cac358d29484,211911003,Commune de Latronche (19),false,{19110},Commune,2026-03-24 14:41:54.903238+01,gold_establishments_2025,,,,21191100300013,2025,Collectivité Territoriale,Commune,['Corrèze'],['Nouvelle-Aquitaine'],COM,{19},{75}
b8fa6762-6801-4b09-a6e2-18b78600f5f2,214601601,Commune de Latronquière (46),false,{46160},Commune,2026-03-24 14:42:00.862623+01,gold_establishments_2025,,,,21460160100070,2025,Collectivité Territoriale,Commune,['Lot'],['Occitanie'],COM,{46},{76}
60009ea3-23ba-4083-814d-f31f3dc0a38c,216003491,Commune de Lattainville (60),false,{60352},Commune,2026-03-24 14:42:04.814328+01,gold_establishments_2025,,,,21600349100018,2025,Collectivité Territoriale,Commune,['Oise'],['Hauts-de-France'],COM,{60},{32}
cb465619-e651-48fa-9518-3890a2028779,213401292,Commune de Lattes (34),false,{34129},Commune,2026-03-24 14:41:58.620411+01,gold_establishments_2025,,,,21340129200015,2025,Collectivité Territoriale,Commune,['Hérault'],['Occitanie'],COM,{34},{76}
b8a4bc8d-a9b0-409c-862d-ea3243386b66,216204909,Commune de Lattre-Saint-Quentin (62),false,{62490},Commune,2026-03-24 14:42:05.597325+01,gold_establishments_2025,,,,21620490900016,2025,Collectivité Territoriale,Commune,['Pas-de-Calais'],['Hauts-de-France'],COM,{62},{32}
40e44bbd-c2d6-4902-b230-51a49407173c,216502674,Commune de Lau-Balagnas (65),false,{65267},Commune,2026-03-24 14:42:06.665412+01,gold_establishments_2025,,,,21650267400015,2025,Collectivité Territoriale,Commune,['Hautes-Pyrénées'],['Occitanie'],COM,{65},{76}
0c453b70-5952-46ff-8dfb-f471e6ab34b5,216702605,Commune de Laubach (67),false,{67260},Commune,2026-03-24 14:42:07.195692+01,gold_establishments_2025,,,,21670260500017,2025,Collectivité Territoriale,Commune,['Bas-Rhin'],['Grand Est'],COM,{67},{44}
aeaef156-bec2-46d4-ba34-cd8b94a3657a,214800823,Commune de Laubert (48),false,{48082},Commune,2026-03-24 14:42:01.412377+01,gold_establishments_2025,,,,21480082300012,2025,Collectivité Territoriale,Commune,['Lozère'],['Occitanie'],COM,{48},{76}
edcd4f7d-ab98-4750-8160-e716258385e2,211001839,Commune de Laubressel (10),false,{10190},Commune,2026-03-24 14:41:53.095366+01,gold_establishments_2025,,,,21100183900011,2025,Collectivité Territoriale,Commune,['Aube'],['Grand Est'],COM,{10},{44}
ca1c4bb8-392b-4420-b049-dbad4600d2ff,215301284,Commune de Laubrières (53),false,{53128},Commune,2026-03-24 14:42:02.957225+01,gold_establishments_2025,,,,21530128400018,2025,Collectivité Territoriale,Commune,['Mayenne'],['Pays de la Loire'],COM,{53},{52}
e8a40584-d819-48c8-96d4-22784b9f2263,218004455,Commune de Laucourt (80),false,{80467},Commune,2026-03-24 14:42:09.967209+01,gold_establishments_2025,,,,21800445500018,2025,Collectivité Territoriale,Commune,['Somme'],['Hauts-de-France'],COM,{80},{32}
749a4278-14d5-4dbd-9895-59c047655af0,215703869,Commune de Laudrefang (57),false,{57386},Commune,2026-03-24 14:42:03.701372+01,gold_establishments_2025,,,,21570386900010,2025,Collectivité Territoriale,Commune,['Moselle'],['Grand Est'],COM,{57},{44}
a2135aef-cade-408a-b74e-521e3a69dea8,213001415,Commune de Laudun-l'Ardoise (30),false,{30141},Commune,2026-03-24 14:41:57.56054+01,gold_establishments_2025,,,,21300141500016,2025,Collectivité Territoriale,Commune,['Gard'],['Occitanie'],COM,{30},{76}
1a4c532d-404f-43cb-8356-d35cc967dfb7,214701401,Commune de Laugnac (47),false,{47140},Commune,2026-03-24 14:42:00.862623+01,gold_establishments_2025,,,,21470140100017,2025,Collectivité Territoriale,Commune,['Lot-et-Garonne'],['Nouvelle-Aquitaine'],COM,{47},{75}
9d2f3842-0a1f-4c71-af43-34248484a2eb,213202021,Commune de Laujuzan (32),false,{32202},Commune,2026-03-24 14:41:58.09424+01,gold_establishments_2025,,,,21320202100019,2025,Collectivité Territoriale,Commune,['Gers'],['Occitanie'],COM,{32},{76}
1834393b-53e1-4342-b555-d63364d5aa94,215002650,Commune de Laulne (50),false,{50265},Commune,2026-03-24 14:42:01.412377+01,gold_establishments_2025,,,,21500265000012,2025,Collectivité Territoriale,Commune,['Manche'],['Normandie'],COM,{50},{28}
754056bb-c07b-4df1-8419-f421b5ebdd11,215703877,Commune de Laumesfeld (57),false,{57387},Commune,2026-03-24 14:42:03.701372+01,gold_establishments_2025,,,,21570387700013,2025,Collectivité Territoriale,Commune,['Moselle'],['Grand Est'],COM,{57},{44}
66cf6b00-f7b1-4d17-abed-b0628f173e24,213102817,Commune de Launac (31),false,{31281},Commune,2026-03-24 14:41:58.09424+01,gold_establishments_2025,,,,21310281700011,2025,Collectivité Territoriale,Commune,['Haute-Garonne'],['Occitanie'],COM,{31},{76}
d86ec952-cf13-45f5-b37d-4d341298ba8e,213102825,Commune de Launaguet (31),false,{31282},Commune,2026-03-24 14:41:58.09424+01,gold_establishments_2025,,,,21310282500014,2025,Collectivité Territoriale,Commune,['Haute-Garonne'],['Occitanie'],COM,{31},{76}
655c5f05-6c33-42d2-b73d-b6ea21f84922,212703649,Commune de Launay (27),false,{27364},Commune,2026-03-24 14:41:57.028721+01,gold_establishments_2025,,,,21270364900013,2025,Collectivité Territoriale,Commune,['Eure'],['Normandie'],COM,{27},{28}
2ec85722-d5ea-47d4-9e49-3055224b04f9,215301292,Commune de Launay-Villiers (53),false,{53129},Commune,2026-03-24 14:42:02.957225+01,gold_establishments_2025,,,,21530129200011,2025,Collectivité Territoriale,Commune,['Mayenne'],['Pays de la Loire'],COM,{53},{52}
723918de-9284-4cbf-8243-1f2e7a8551bb,210802252,Commune de Launois-sur-Vence (08),false,{08248},Commune,2026-03-24 14:41:53.095366+01,gold_establishments_2025,,,,21080225200010,2025,Collectivité Territoriale,Commune,['Ardennes'],['Grand Est'],COM,{08},{44}
6013e815-df08-4f4f-b530-923ae303325c,210203915,Commune de Launoy (02),false,{02412},Commune,2026-03-24 14:41:52.020251+01,gold_establishments_2025,,,,21020391500017,2025,Collectivité Territoriale,Commune,['Aisne'],['Hauts-de-France'],COM,{02},{32}
bd2fdfc0-e57e-4b20-841f-90190d11affc,215703885,Commune de Launstroff (57),false,{57388},Commune,2026-03-24 14:42:03.701372+01,gold_establishments_2025,,,,21570388500016,2025,Collectivité Territoriale,Commune,['Moselle'],['Grand Est'],COM,{57},{44}
ba2bf00a-5d3a-426c-808d-e545f4d3c2a2,211101951,Commune de Laurabuc (11),false,{11195},Commune,2026-03-24 14:41:53.63825+01,gold_establishments_2025,,,,21110195100013,2025,Collectivité Territoriale,Commune,['Aude'],['Occitanie'],COM,{11},{76}
f93ad583-74c3-4505-8599-614ce8d7846a,211101969,Commune de Laurac (11),false,{11196},Commune,2026-03-24 14:41:53.63825+01,gold_establishments_2025,,,,21110196900015,2025,Collectivité Territoriale,Commune,['Aude'],['Occitanie'],COM,{11},{76}
8bc3c48c-6d3f-4cd4-9188-58b46f1c7187,210701348,Commune de Laurac-en-Vivarais (07),false,{07134},Commune,2026-03-24 14:41:52.562531+01,gold_establishments_2025,,,,21070134800018,2025,Collectivité Territoriale,Commune,['Ardèche'],['Auvergne-Rhône-Alpes'],COM,{07},{84}
8d9e9abb-94cd-4674-b384-af9c2c6a8212,211101977,Commune de Lauraguel (11),false,{11197},Commune,2026-03-24 14:41:53.63825+01,gold_establishments_2025,,,,21110197700018,2025,Collectivité Territoriale,Commune,['Aude'],['Occitanie'],COM,{11},{76}
b6205d23-21fe-4ad7-9821-cad0993a32c3,213202039,Commune de Lauraët (32),false,{32203},Commune,2026-03-24 14:41:58.09424+01,gold_establishments_2025,,,,21320203900011,2025,Collectivité Territoriale,Commune,['Gers'],['Occitanie'],COM,{32},{76}
c869f173-8d9b-4973-9ef8-1f3287a1ba09,211101985,Commune de Laure-Minervois (11),false,{11198},Commune,2026-03-24 14:41:53.63825+01,gold_establishments_2025,,,,21110198500011,2025,Collectivité Territoriale,Commune,['Aude'],['Occitanie'],COM,{11},{76}
aee78fe4-eedc-418b-8094-d4febbf92cac,212201222,Commune de Laurenan (22),false,{22122},Commune,2026-03-24 14:41:55.433389+01,gold_establishments_2025,,,,21220122200016,2025,Collectivité Territoriale,Commune,"[""Côtes-d'Armor""]",['Bretagne'],COM,{22},{53}
e87ad7b6-0c5a-4322-ad94-f484dd689460,213401300,Commune de Laurens (34),false,{34130},Commune,2026-03-24 14:41:58.620411+01,gold_establishments_2025,,,,21340130000016,2025,Collectivité Territoriale,Commune,['Hérault'],['Occitanie'],COM,{34},{76}
f0736fc1-a33f-4715-b3dd-87d470a0af68,214601619,Commune de Lauresses (46),false,{46161},Commune,2026-03-24 14:42:00.862623+01,gold_establishments_2025,,,,21460161900015,2025,Collectivité Territoriale,Commune,['Lot'],['Occitanie'],COM,{46},{76}
d2e8baec-97d6-40f7-b144-27d445edc8ea,213401318,Commune de Lauret (34),false,{34131},Commune,2026-03-24 14:41:58.620411+01,gold_establishments_2025,,,,21340131800018,2025,Collectivité Territoriale,Commune,['Hérault'],['Occitanie'],COM,{34},{76}
0c21b217-9dcb-4511-838c-dac4efde3ed7,214001489,Commune de Lauret (40),false,{40148},Commune,2026-03-24 14:41:59.705606+01,gold_establishments_2025,,,,21400148900019,2025,Collectivité Territoriale,Commune,['Landes'],['Nouvelle-Aquitaine'],COM,{40},{75}
0050fb16-40ef-4129-8769-cf7e2eb9de5b,211500988,Commune de Laurie (15),false,{15098},Commune,2026-03-24 14:41:54.362296+01,gold_establishments_2025,,,,21150098800012,2025,Collectivité Territoriale,Commune,['Cantal'],['Auvergne-Rhône-Alpes'],COM,{15},{84}
95fa13e6-a386-4b67-a3ad-40459040fdff,218400653,Commune de Lauris (84),false,{84065},Commune,2026-03-24 14:42:10.508772+01,gold_establishments_2025,,,,21840065300018,2025,Collectivité Territoriale,Commune,['Vaucluse'],"[""Provence-Alpes-Côte d'Azur""]",COM,{84},{93}
1fdefe81-24cc-4d64-8a0b-ef1570ef5ce5,218708303,Commune de Laurière (87),false,{87083},Commune,2026-03-24 14:42:11.118516+01,gold_establishments_2025,,,,21870830300019,2025,Collectivité Territoriale,Commune,['Haute-Vienne'],['Nouvelle-Aquitaine'],COM,{87},{75}
30fa0fbb-bcda-4076-9dca-7981fcba3b7f,213401326,Commune de Lauroux (34),false,{34132},Commune,2026-03-24 14:41:58.620411+01,gold_establishments_2025,,,,21340132600011,2025,Collectivité Territoriale,Commune,['Hérault'],['Occitanie'],COM,{34},{76}
23d97370-97c2-4941-9526-2eeefd0a8dea,214001471,Commune de Laurède (40),false,{40147},Commune,2026-03-24 14:41:59.705606+01,gold_establishments_2025,,,,21400147100017,2025,Collectivité Territoriale,Commune,['Landes'],['Nouvelle-Aquitaine'],COM,{40},{75}
6ddc9092-db2f-42ee-b47a-06d1c628f64a,214301152,Commune de Laussonne (43),false,{43115},Commune,2026-03-24 14:42:00.273698+01,gold_establishments_2025,,,,21430115200010,2025,Collectivité Territoriale,Commune,['Haute-Loire'],['Auvergne-Rhône-Alpes'],COM,{43},{84}
d2dd7693-bf6f-472a-9953-1c8840dc10ef,214701419,Commune de Laussou (47),false,{47141},Commune,2026-03-24 14:42:00.862623+01,gold_establishments_2025,,,,21470141900019,2025,Collectivité Territoriale,Commune,['Lot-et-Garonne'],['Nouvelle-Aquitaine'],COM,{47},{75}
fc61dd08-33a8-435d-a142-0e067d18cfb6,216801779,Commune de Lautenbach (68),false,{68177},Commune,2026-03-24 14:42:07.195692+01,gold_establishments_2025,,,,21680177900010,2025,Collectivité Territoriale,Commune,['Haut-Rhin'],['Grand Est'],COM,{68},{44}
3eac0fa4-1fb0-4199-b259-12db7035be3b,216801787,Commune de Lautenbachzell (68),false,{68178},Commune,2026-03-24 14:42:07.195692+01,gold_establishments_2025,,,,21680178700013,2025,Collectivité Territoriale,Commune,['Haut-Rhin'],['Grand Est'],COM,{68},{44}
2e2aa228-b0a6-4490-bf11-c3e7ed785cfb,216702613,Commune de Lauterbourg (67),false,{67261},Commune,2026-03-24 14:42:07.195692+01,gold_establishments_2025,,,,21670261300011,2025,Collectivité Territoriale,Commune,['Bas-Rhin'],['Grand Est'],COM,{67},{44}
7e94272f-2d29-45ad-97b2-4c085ccede69,218601227,Commune de Lauthiers (86),false,{86122},Commune,2026-03-24 14:42:10.508772+01,gold_establishments_2025,,,,21860122700018,2025,Collectivité Territoriale,Commune,['Vienne'],['Nouvelle-Aquitaine'],COM,{86},{75}
1e4c143e-452c-4a1a-a419-52427654bc99,213102833,Commune de Lautignac (31),false,{31283},Commune,2026-03-24 14:41:58.09424+01,gold_establishments_2025,,,,21310283300018,2025,Collectivité Territoriale,Commune,['Haute-Garonne'],['Occitanie'],COM,{31},{76}
ee57988e-4c80-4134-a754-9f6a936652e1,218101392,Commune de Lautrec (81),false,{81139},Commune,2026-03-24 14:42:09.967209+01,gold_establishments_2025,,,,21810139200015,2025,Collectivité Territoriale,Commune,['Tarn'],['Occitanie'],COM,{81},{76}
81fefe8b-506c-4621-acbf-da045fed15b4,216801795,Commune de Lauw (68),false,{68179},Commune,2026-03-24 14:42:07.195692+01,gold_establishments_2025,,,,21680179500016,2025,Collectivité Territoriale,Commune,['Haut-Rhin'],['Grand Est'],COM,{68},{44}
3ba12419-e0a9-420d-95c5-c9ddb8590c6c,215903345,Commune de Lauwin-Planque (59),false,{59334},Commune,2026-03-24 14:42:04.280096+01,gold_establishments_2025,,,,21590334500019,2025,Collectivité Territoriale,Commune,['Nord'],['Hauts-de-France'],COM,{59},{32}
aecdb914-aab0-46f3-ac87-8b6d32fc4e9d,215601097,Commune de Lauzach (56),false,{56109},Commune,2026-03-24 14:42:03.701372+01,gold_establishments_2025,,,,21560109700060,2025,Collectivité Territoriale,Commune,['Morbihan'],['Bretagne'],COM,{56},{53}
f35028ff-0f06-4e4a-8027-6fbc2d1ac5c3,218200947,Commune de Lauzerte (82),false,{82094},Commune,2026-03-24 14:42:10.508772+01,gold_establishments_2025,,,,21820094700016,2025,Collectivité Territoriale,Commune,['Tarn-et-Garonne'],['Occitanie'],COM,{82},{76}
4c3802f0-e1c1-48f9-b673-c390f51656a2,213102841,Commune de Lauzerville (31),false,{31284},Commune,2026-03-24 14:41:58.09424+01,gold_establishments_2025,,,,21310284100011,2025,Collectivité Territoriale,Commune,['Haute-Garonne'],['Occitanie'],COM,{31},{76}
a00d99e5-1bdf-47fc-9627-d9ec1ca01442,214701427,Commune de Lauzun (47),false,{47142},Commune,2026-03-24 14:42:00.862623+01,gold_establishments_2025,,,,21470142700012,2025,Collectivité Territoriale,Commune,['Lot-et-Garonne'],['Nouvelle-Aquitaine'],COM,{47},{75}
73fcb54c-7778-4f8c-8770-9f51b5ed3fd0,214601627,Commune de Lauzès (46),false,{46162},Commune,2026-03-24 14:42:00.862623+01,gold_establishments_2025,,,,21460162700018,2025,Collectivité Territoriale,Commune,['Lot'],['Occitanie'],COM,{46},{76}
df8ffc1b-8fd8-40bf-b68f-49254651eb8c,216003509,Commune de Lavacquerie (60),false,{60353},Commune,2026-03-24 14:42:04.814328+01,gold_establishments_2025,,,,21600350900017,2025,Collectivité Territoriale,Commune,['Oise'],['Hauts-de-France'],COM,{60},{32}
6d3c1a5a-f630-4279-9f9c-a3f60d50dc54,215301300,Commune de Laval (53),false,{53130},Commune,2026-03-24 14:42:02.957225+01,gold_establishments_2025,,,,21530130000012,2025,Collectivité Territoriale,Commune,['Mayenne'],['Pays de la Loire'],COM,{53},{52}
e3ff49cc-f1ac-4291-a5c5-19e318d3eef0,210802260,Commune de Laval-Morency (08),false,{08249},Commune,2026-03-24 14:41:53.095366+01,gold_establishments_2025,,,,21080226000013,2025,Collectivité Territoriale,Commune,['Ardennes'],['Grand Est'],COM,{08},{44}
73c8e755-61fc-471f-aacb-54403926f4a3,213001423,Commune de Laval-Pradel (30),false,{30142},Commune,2026-03-24 14:41:57.56054+01,gold_establishments_2025,,,,21300142300010,2025,Collectivité Territoriale,Commune,['Gard'],['Occitanie'],COM,{30},{76}
8f5e82aa-e270-4377-81a2-e357de9ea6aa,211201256,Commune de Laval-Roquecezière (12),false,{12125},Commune,2026-03-24 14:41:53.63825+01,gold_establishments_2025,,,,21120125600016,2025,Collectivité Territoriale,Commune,['Aveyron'],['Occitanie'],COM,{12},{76}
d2948b28-3d14-4b77-b115-61d3da1e2848,213001431,Commune de Laval-Saint-Roman (30),false,{30143},Commune,2026-03-24 14:41:57.56054+01,gold_establishments_2025,,,,21300143100013,2025,Collectivité Territoriale,Commune,['Gard'],['Occitanie'],COM,{30},{76}
722dd219-6080-4cbe-99ac-bd10d524855e,212601595,Commune de Laval-d'Aix (26),false,{26159},Commune,2026-03-24 14:41:56.495197+01,gold_establishments_2025,,,,21260159500011,2025,Collectivité Territoriale,Commune,['Drôme'],['Auvergne-Rhône-Alpes'],COM,{26},{84}
8373455d-facd-4b93-b7e2-a971c546f9eb,214601635,Commune de Laval-de-Cère (46),false,{46163},Commune,2026-03-24 14:42:00.862623+01,gold_establishments_2025,,,,21460163500011,2025,Collectivité Territoriale,Commune,['Lot'],['Occitanie'],COM,{46},{76}
c302b7f8-c5fd-4e34-afa0-c042028ab6b0,214800856,Commune de Laval-du-Tarn (48),false,{48085},Commune,2026-03-24 14:42:01.412377+01,gold_establishments_2025,,,,21480085600012,2025,Collectivité Territoriale,Commune,['Lozère'],['Occitanie'],COM,{48},{76}
2e50eed9-0e5b-4072-9d89-67b8b11f206b,213802069,Commune de Laval-en-Belledonne (38),false,{38206},Commune,2026-03-24 14:41:59.160244+01,gold_establishments_2025,,,,21380206900012,2025,Collectivité Territoriale,Commune,['Isère'],['Auvergne-Rhône-Alpes'],COM,{38},{84}
26a7d9d2-2e93-4a28-937d-22de42742eb8,217702455,Commune de Laval-en-Brie (77),false,{77245},Commune,2026-03-24 14:42:09.43682+01,gold_establishments_2025,,,,21770245500015,2025,Collectivité Territoriale,Commune,['Seine-et-Marne'],['Île-de-France'],COM,{77},{11}
c7805301-0b0a-4963-bb35-27e04d7b93d2,210203923,Commune de Laval-en-Laonnois (02),false,{02413},Commune,2026-03-24 14:41:52.020251+01,gold_establishments_2025,,,,21020392300011,2025,Collectivité Territoriale,Commune,['Aisne'],['Hauts-de-France'],COM,{02},{32}
d708ef22-3b0c-4523-88c2-0a24a1f72516,212503296,Commune de Laval-le-Prieuré (25),false,{25329},Commune,2026-03-24 14:41:56.495197+01,gold_establishments_2025,,,,21250329600015,2025,Collectivité Territoriale,Commune,['Doubs'],['Bourgogne-Franche-Comté'],COM,{25},{27}
8dcba3dd-82cc-4aa4-a76a-d212326e9fad,214301160,Commune de Laval-sur-Doulon (43),false,{43116},Commune,2026-03-24 14:42:00.273698+01,gold_establishments_2025,,,,21430116000013,2025,Collectivité Territoriale,Commune,['Haute-Loire'],['Auvergne-Rhône-Alpes'],COM,{43},{84}
bd3888ab-3d51-4da3-9064-9cf316ca322b,211911102,Commune de Laval-sur-Luzège (19),false,{19111},Commune,2026-03-24 14:41:54.903238+01,gold_establishments_2025,,,,21191110200013,2025,Collectivité Territoriale,Commune,['Corrèze'],['Nouvelle-Aquitaine'],COM,{19},{75}
84cf51e8-9291-440c-b38e-a2bc4d31463a,215102963,Commune de Laval-sur-Tourbe (51),false,{51317},Commune,2026-03-24 14:42:01.954481+01,gold_establishments_2025,,,,21510296300018,2025,Collectivité Territoriale,Commune,['Marne'],['Grand Est'],COM,{51},{44}
f1a5034f-ea0e-4c01-852d-637e68baeef9,218802619,Commune de Laval-sur-Vologne (88),false,{88261},Commune,2026-03-24 14:42:11.118516+01,gold_establishments_2025,,,,21880261900013,2025,Collectivité Territoriale,Commune,['Vosges'],['Grand Est'],COM,{88},{44}
7c135520-163b-4940-bd9b-c34921d84043,212402317,Commune de Lavalade (24),false,{24231},Commune,2026-03-24 14:41:55.958138+01,gold_establishments_2025,,,,21240231700011,2025,Collectivité Territoriale,Commune,['Dordogne'],['Nouvelle-Aquitaine'],COM,{24},{75}
0ccfa657-2252-4c04-beee-178a9112b7f5,213802077,Commune de Lavaldens (38),false,{38207},Commune,2026-03-24 14:41:59.160244+01,gold_establishments_2025,,,,21380207700015,2025,Collectivité Territoriale,Commune,['Isère'],['Auvergne-Rhône-Alpes'],COM,{38},{84}
98b0108e-2a9f-47ff-9c5f-6cd429fa3dd6,211101993,Commune de Lavalette (11),false,{11199},Commune,2026-03-24 14:41:53.63825+01,gold_establishments_2025,,,,21110199300015,2025,Collectivité Territoriale,Commune,['Aude'],['Occitanie'],COM,{11},{76}
484011c8-e8e8-4603-a1fd-f73d8b1f78d1,213102858,Commune de Lavalette (31),false,{31285},Commune,2026-03-24 14:41:58.09424+01,gold_establishments_2025,,,,21310285800015,2025,Collectivité Territoriale,Commune,['Haute-Garonne'],['Occitanie'],COM,{31},{76}
4e4681fb-579e-443f-8354-45d2252329bc,213401334,Commune de Lavalette (34),false,{34133},Commune,2026-03-24 14:41:58.620411+01,gold_establishments_2025,,,,21340133400015,2025,Collectivité Territoriale,Commune,['Hérault'],['Occitanie'],COM,{34},{76}
cc9e0d30-2425-4c5f-ad4e-65ad0663d99c,215502824,Commune de Lavallée (55),false,{55282},Commune,2026-03-24 14:42:03.701372+01,gold_establishments_2025,,,,21550282400018,2025,Collectivité Territoriale,Commune,['Meuse'],['Grand Est'],COM,{55},{44}
68367c47-89d7-422a-9837-05b212f2a4c5,213902836,Commune de Lavancia-Epercy (39),false,{39283},Commune,2026-03-24 14:41:59.705606+01,gold_establishments_2025,,,,21390283600013,2025,Collectivité Territoriale,Commune,['Jura'],['Bourgogne-Franche-Comté'],COM,{39},{27}
1c3edefb-d4ba-4a63-a9d4-56d334b3381e,213902844,Commune de Lavangeot (39),false,{39284},Commune,2026-03-24 14:41:59.705606+01,gold_establishments_2025,,,,21390284400017,2025,Collectivité Territoriale,Commune,['Jura'],['Bourgogne-Franche-Comté'],COM,{39},{27}
bcc3830f-756e-4c58-8d08-818c549a23a3,215102971,Commune de Lavannes (51),false,{51318},Commune,2026-03-24 14:42:01.954481+01,gold_establishments_2025,,,,21510297100011,2025,Collectivité Territoriale,Commune,['Marne'],['Grand Est'],COM,{51},{44}
42d8c1bc-2ceb-4ca0-92c8-4889289816c5,212503304,Commune de Lavans-Quingey (25),false,{25330},Commune,2026-03-24 14:41:56.495197+01,gold_establishments_2025,,,,21250330400017,2025,Collectivité Territoriale,Commune,['Doubs'],['Bourgogne-Franche-Comté'],COM,{25},{27}
e0583d74-da55-4efa-8ca0-2da319be63cc,212503312,Commune de Lavans-Vuillafans (25),false,{25331},Commune,2026-03-24 14:41:56.495197+01,gold_establishments_2025,,,,21250331200010,2025,Collectivité Territoriale,Commune,['Doubs'],['Bourgogne-Franche-Comté'],COM,{25},{27}
13ca3cc3-66a3-4593-ade8-563755ff5cdd,213902851,Commune de Lavans-lès-Dole (39),false,{39285},Commune,2026-03-24 14:41:59.705606+01,gold_establishments_2025,,,,21390285100012,2025,Collectivité Territoriale,Commune,['Jura'],['Bourgogne-Franche-Comté'],COM,{39},{27}
0e8570f4-db56-4d4f-973d-26fb2354f9f3,200084820,Commune de Lavans-lès-Saint-Claude (39),false,{39286},Commune,2026-03-24 14:41:59.705606+01,gold_establishments_2025,,,,20008482000014,2025,Collectivité Territoriale,Commune,['Jura'],['Bourgogne-Franche-Comté'],COM,{39},{27}
6e5341b8-abb8-476b-97b9-837b05805adc,210203931,Commune de Lavaqueresse (02),false,{02414},Commune,2026-03-24 14:41:52.020251+01,gold_establishments_2025,,,,21020393100014,2025,Collectivité Territoriale,Commune,['Aisne'],['Hauts-de-France'],COM,{02},{32}
60c75c70-dd2d-4a4b-bac1-96a280e6b561,214701435,Commune de Lavardac (47),false,{47143},Commune,2026-03-24 14:42:00.862623+01,gold_establishments_2025,,,,21470143500015,2025,Collectivité Territoriale,Commune,['Lot-et-Garonne'],['Nouvelle-Aquitaine'],COM,{47},{75}
06c42d3f-18cf-436b-94e8-cec0376c6df1,213202047,Commune de Lavardens (32),false,{32204},Commune,2026-03-24 14:41:58.09424+01,gold_establishments_2025,,,,21320204700014,2025,Collectivité Territoriale,Commune,['Gers'],['Occitanie'],COM,{32},{76}
43a1c36e-0008-431f-9360-51709bad1f4e,214101131,Commune de Lavardin (41),false,{41113},Commune,2026-03-24 14:42:00.273698+01,gold_establishments_2025,,,,21410113100016,2025,Collectivité Territoriale,Commune,['Loir-et-Cher'],['Centre-Val de Loire'],COM,{41},{24}
b7b87fcd-e0cb-492a-a057-a6727adcb9ee,217201573,Commune de Lavardin (72),false,{72157},Commune,2026-03-24 14:42:08.279287+01,gold_establishments_2025,,,,21720157300052,2025,Collectivité Territoriale,Commune,['Sarthe'],['Pays de la Loire'],COM,{72},{52}
739fc5f6-83eb-451a-b213-628d23626667,213802085,Commune de Lavars (38),false,{38208},Commune,2026-03-24 14:41:59.160244+01,gold_establishments_2025,,,,21380208500018,2025,Collectivité Territoriale,Commune,['Isère'],['Auvergne-Rhône-Alpes'],COM,{38},{84}
f9630667-208e-4e52-a0a4-3fc5c24d3dc4,217201581,Commune de Lavaré (72),false,{72158},Commune,2026-03-24 14:42:08.279287+01,gold_establishments_2025,,,,21720158100014,2025,Collectivité Territoriale,Commune,['Sarthe'],['Pays de la Loire'],COM,{72},{52}
3fff3dc1-9539-4c8c-8243-cddfc62f2739,212001382,Commune de Lavatoggio (2B),false,{2B138},Commune,2026-03-24 14:41:57.56054+01,gold_establishments_2025,,,,21200138200010,2025,Collectivité Territoriale,Commune,['Haute-Corse'],['Corse'],COM,{2B},{94}
f935d928-2732-4fb4-b221-acbc43a0c7cd,211001847,Commune de Lavau (10),false,{10191},Commune,2026-03-24 14:41:53.095366+01,gold_establishments_2025,,,,21100184700014,2025,Collectivité Territoriale,Commune,['Aube'],['Grand Est'],COM,{10},{44}
4b038313-f772-4c03-907c-03b46e2f404d,218902203,Commune de Lavau (89),false,{89220},Commune,2026-03-24 14:42:11.118516+01,gold_establishments_2025,,,,21890220300015,2025,Collectivité Territoriale,Commune,['Yonne'],['Bourgogne-Franche-Comté'],COM,{89},{27}
31cffdad-568e-4046-9442-ecda4e0189e7,214400806,Commune de Lavau-sur-Loire (44),false,{44080},Commune,2026-03-24 14:42:00.273698+01,gold_establishments_2025,,,,21440080600011,2025,Collectivité Territoriale,Commune,['Loire-Atlantique'],['Pays de la Loire'],COM,{44},{52}
518bd5ba-d4ec-48f7-ac4c-13f9e3122ce6,214301178,Commune de Lavaudieu (43),false,{43117},Commune,2026-03-24 14:42:00.273698+01,gold_establishments_2025,,,,21430117800015,2025,Collectivité Territoriale,Commune,['Haute-Loire'],['Auvergne-Rhône-Alpes'],COM,{43},{84}
68bfb013-ccfe-43d5-9612-4929ec41ff9f,212310403,Commune de Lavaufranche (23),false,{23104},Commune,2026-03-24 14:41:55.958138+01,gold_establishments_2025,,,,21231040300010,2025,Collectivité Territoriale,Commune,['Creuse'],['Nouvelle-Aquitaine'],COM,{23},{75}
c4b09b70-2d46-4c92-81c9-83b3f4ba883a,210301404,Commune de Lavault-Sainte-Anne (03),false,{03140},Commune,2026-03-24 14:41:52.020251+01,gold_establishments_2025,,,,21030140400013,2025,Collectivité Territoriale,Commune,['Allier'],['Auvergne-Rhône-Alpes'],COM,{03},{84}
701347a3-b238-4ad4-881d-df0cc40b3906,215801416,Commune de Lavault-de-Frétoy (58),false,{58141},Commune,2026-03-24 14:42:04.280096+01,gold_establishments_2025,,,,21580141600011,2025,Collectivité Territoriale,Commune,['Nièvre'],['Bourgogne-Franche-Comté'],COM,{58},{27}
ee156832-2830-4223-a7e8-7436b15976d8,212402325,Commune de Lavaur (24),false,{24232},Commune,2026-03-24 14:41:55.958138+01,gold_establishments_2025,,,,21240232500014,2025,Collectivité Territoriale,Commune,['Dordogne'],['Nouvelle-Aquitaine'],COM,{24},{75}
a520d8d3-954f-42fc-8da3-5dcc910a1c4f,218101400,Commune de Lavaur (81),false,{81140},Commune,2026-03-24 14:42:09.967209+01,gold_establishments_2025,,,,21810140000149,2025,Collectivité Territoriale,Commune,['Tarn'],['Occitanie'],COM,{81},{76}
3a247e3e-9250-40c0-9baa-de59f87c7d58,218200954,Commune de Lavaurette (82),false,{82095},Commune,2026-03-24 14:42:10.508772+01,gold_establishments_2025,,,,21820095400012,2025,Collectivité Territoriale,Commune,['Tarn-et-Garonne'],['Occitanie'],COM,{82},{76}
4d253ea0-f995-478b-b1ed-8ff4e59276eb,212310510,Commune de Lavaveix-les-Mines (23),false,{23105},Commune,2026-03-24 14:41:55.958138+01,gold_establishments_2025,,,,21231051000012,2025,Collectivité Territoriale,Commune,['Creuse'],['Nouvelle-Aquitaine'],COM,{23},{75}
b45a5067-20d4-47ac-9906-e95def288ab1,213302359,Commune de Lavazan (33),false,{33235},Commune,2026-03-24 14:41:58.620411+01,gold_establishments_2025,,,,21330235900012,2025,Collectivité Territoriale,Commune,['Gironde'],['Nouvelle-Aquitaine'],COM,{33},{75}
3c66482b-4b3a-40ee-94ee-c1b96f96eeeb,211501002,Commune de Laveissenet (15),false,{15100},Commune,2026-03-24 14:41:54.362296+01,gold_establishments_2025,,,,21150100200011,2025,Collectivité Territoriale,Commune,['Cantal'],['Auvergne-Rhône-Alpes'],COM,{15},{84}
afda5106-7446-40e7-bf2b-f986e0e574ba,211501010,Commune de Laveissière (15),false,{15101},Commune,2026-03-24 14:41:54.362296+01,gold_establishments_2025,,,,21150101000014,2025,Collectivité Territoriale,Commune,['Cantal'],['Auvergne-Rhône-Alpes'],COM,{15},{84}
e518d298-1302-42df-87c1-c01fe826269e,210901609,Commune de Lavelanet (09),false,{09160},Commune,2026-03-24 14:41:53.095366+01,gold_establishments_2025,,,,21090160900011,2025,Collectivité Territoriale,Commune,['Ariège'],['Occitanie'],COM,{09},{76}
5b8eed52-4150-4b3f-abce-0525ee74c4d7,213102866,Commune de Lavelanet-de-Comminges (31),false,{31286},Commune,2026-03-24 14:41:58.09424+01,gold_establishments_2025,,,,21310286600018,2025,Collectivité Territoriale,Commune,['Haute-Garonne'],['Occitanie'],COM,{31},{76}
68fee14b-8062-4466-af67-ae128a31c88d,218802627,Commune de Laveline-devant-Bruyères (88),false,{88262},Commune,2026-03-24 14:42:11.118516+01,gold_establishments_2025,,,,21880262700016,2025,Collectivité Territoriale,Commune,['Vosges'],['Grand Est'],COM,{88},{44}
1e348e0d-37f4-4fc9-8859-fd1fcea4f80d,218802635,Commune de Laveline-du-Houx (88),false,{88263},Commune,2026-03-24 14:42:11.118516+01,gold_establishments_2025,,,,21880263500019,2025,Collectivité Territoriale,Commune,['Vosges'],['Grand Est'],COM,{88},{44}
b13e33fe-9ebe-4ebf-b8fc-ed3ba2f93221,216204917,Commune de Laventie (62),false,{62491},Commune,2026-03-24 14:42:05.597325+01,gold_establishments_2025,,,,21620491700019,2025,Collectivité Territoriale,Commune,['Pas-de-Calais'],['Hauts-de-France'],COM,{62},{32}
43b138f1-db1b-409f-afa8-f271e2b926dc,213202054,Commune de Laveraët (32),false,{32205},Commune,2026-03-24 14:41:58.09424+01,gold_establishments_2025,,,,21320205400010,2025,Collectivité Territoriale,Commune,['Gers'],['Occitanie'],COM,{32},{76}
dd2da2fe-a7d7-4589-bbd8-f047258d64e5,214601643,Commune de Lavercantière (46),false,{46164},Commune,2026-03-24 14:42:00.862623+01,gold_establishments_2025,,,,21460164300015,2025,Collectivité Territoriale,Commune,['Lot'],['Occitanie'],COM,{46},{76}
4a287c57-fc97-4b38-a4ef-760120f79a83,214601650,Commune de Lavergne (46),false,{46165},Commune,2026-03-24 14:42:00.862623+01,gold_establishments_2025,,,,21460165000010,2025,Collectivité Territoriale,Commune,['Lot'],['Occitanie'],COM,{46},{76}
6e685362-d1e0-4600-ae15-bed9ef2bbcde,214701443,Commune de Lavergne (47),false,{47144},Commune,2026-03-24 14:42:00.862623+01,gold_establishments_2025,,,,21470144300019,2025,Collectivité Territoriale,Commune,['Lot-et-Garonne'],['Nouvelle-Aquitaine'],COM,{47},{75}
0776c69f-61ab-462d-98c5-935115b487f4,217201607,Commune de Lavernat (72),false,{72160},Commune,2026-03-24 14:42:08.279287+01,gold_establishments_2025,,,,21720160700017,2025,Collectivité Territoriale,Commune,['Sarthe'],['Pays de la Loire'],COM,{72},{52}
0711bde6-e04f-4756-b48c-d771cbf24b7d,212503320,Commune de Lavernay (25),false,{25332},Commune,2026-03-24 14:41:56.495197+01,gold_establishments_2025,,,,21250332000013,2025,Collectivité Territoriale,Commune,['Doubs'],['Bourgogne-Franche-Comté'],COM,{25},{27}
5c3b42d4-bbab-46c8-8e52-b3611cc52eab,213102874,Commune de Lavernose-Lacasse (31),false,{31287},Commune,2026-03-24 14:41:58.09424+01,gold_establishments_2025,,,,21310287400012,2025,Collectivité Territoriale,Commune,['Haute-Garonne'],['Occitanie'],COM,{31},{76}
cff03bfd-2360-4ede-ab95-9c5566ccd153,215201971,Commune de Lavernoy (52),false,{52275},Commune,2026-03-24 14:42:01.954481+01,gold_establishments_2025,,,,21520197100011,2025,Collectivité Territoriale,Commune,['Haute-Marne'],['Grand Est'],COM,{52},{44}
54e14adb-eb5b-4e4d-a7af-dbb2cd000bcf,216003517,Commune de Laverrière (60),false,{60354},Commune,2026-03-24 14:42:04.814328+01,gold_establishments_2025,,,,21600351700010,2025,Collectivité Territoriale,Commune,['Oise'],['Hauts-de-France'],COM,{60},{32}
01790419-6d73-42ae-8a36-ede1e8f955f2,210203949,Commune de Laversine (02),false,{02415},Commune,2026-03-24 14:41:52.020251+01,gold_establishments_2025,,,,21020394900016,2025,Collectivité Territoriale,Commune,['Aisne'],['Hauts-de-France'],COM,{02},{32}
715b5f3e-7ebb-40dc-9bff-625f38257467,216003525,Commune de Laversines (60),false,{60355},Commune,2026-03-24 14:42:04.814328+01,gold_establishments_2025,,,,21600352500013,2025,Collectivité Territoriale,Commune,['Oise'],['Hauts-de-France'],COM,{60},{32}
0c9a5449-61d8-4dbe-8a25-801c409aadf4,212601603,Commune de Laveyron (26),false,{26160},Commune,2026-03-24 14:41:56.495197+01,gold_establishments_2025,,,,21260160300013,2025,Collectivité Territoriale,Commune,['Drôme'],['Auvergne-Rhône-Alpes'],COM,{26},{84}
471be7be-983d-48ed-a85c-51a09d4eea76,210701363,Commune de Laveyrune (07),false,{07136},Commune,2026-03-24 14:41:52.562531+01,gold_establishments_2025,,,,21070136300017,2025,Collectivité Territoriale,Commune,['Ardèche'],['Auvergne-Rhône-Alpes'],COM,{07},{84}
841f974e-aa7d-4e17-b3ec-07ac9c17e114,214201170,Commune de Lavieu (42),false,{42117},Commune,2026-03-24 14:42:00.273698+01,gold_establishments_2025,,,,21420117000013,2025,Collectivité Territoriale,Commune,['Loire'],['Auvergne-Rhône-Alpes'],COM,{42},{84}
f5a20ee6-4997-426a-88c2-6fd7803a30a4,211501028,Commune de Lavigerie (15),false,{15102},Commune,2026-03-24 14:41:54.362296+01,gold_establishments_2025,,,,21150102800016,2025,Collectivité Territoriale,Commune,['Cantal'],['Auvergne-Rhône-Alpes'],COM,{15},{84}
e4523e3d-38c1-49ea-83c0-8b47421fdec6,218708402,Commune de Lavignac (87),false,{87084},Commune,2026-03-24 14:42:11.118516+01,gold_establishments_2025,,,,21870840200019,2025,Collectivité Territoriale,Commune,['Haute-Vienne'],['Nouvelle-Aquitaine'],COM,{87},{75}
93e4f6d8-657a-45a0-95d9-6b799c7e097e,217002989,Commune de Lavigney (70),false,{70298},Commune,2026-03-24 14:42:07.735343+01,gold_establishments_2025,,,,21700298900010,2025,Collectivité Territoriale,Commune,['Haute-Saône'],['Bourgogne-Franche-Comté'],COM,{70},{27}
865f8fe2-4fe6-4205-a7f9-9b74fa3603dc,213902885,Commune de Lavigny (39),false,{39288},Commune,2026-03-24 14:41:59.705606+01,gold_establishments_2025,,,,21390288500010,2025,Collectivité Territoriale,Commune,['Jura'],['Bourgogne-Franche-Comté'],COM,{39},{27}
f39666ff-be80-4bd7-8dac-0a4328ce75d0,210701371,Commune de Lavillatte (07),false,{07137},Commune,2026-03-24 14:41:52.562531+01,gold_establishments_2025,,,,21070137100010,2025,Collectivité Territoriale,Commune,['Ardèche'],['Auvergne-Rhône-Alpes'],COM,{07},{84}
652307c3-2a0e-4a98-a598-0803c2c3a841,215201989,Commune de Laville-aux-Bois (52),false,{52276},Commune,2026-03-24 14:42:01.954481+01,gold_establishments_2025,,,,21520198900013,2025,Collectivité Territoriale,Commune,['Haute-Marne'],['Grand Est'],COM,{52},{44}
b1d73425-1c42-40c0-aa25-8c54ea651880,210701389,Commune de Lavilledieu (07),false,{07138},Commune,2026-03-24 14:41:52.562531+01,gold_establishments_2025,,,,21070138900012,2025,Collectivité Territoriale,Commune,['Ardèche'],['Auvergne-Rhône-Alpes'],COM,{07},{84}
00c1a178-604e-42fd-b193-504e6adba7c7,215201997,Commune de Lavilleneuve (52),false,{52277},Commune,2026-03-24 14:42:01.954481+01,gold_establishments_2025,,,,21520199700016,2025,Collectivité Territoriale,Commune,['Haute-Marne'],['Grand Est'],COM,{52},{44}
4a63d9cb-bbf5-4903-bd59-e390b5cf0f3e,200031359,Commune de Lavilleneuve-au-Roi (52),false,{52278},Commune,2026-03-24 14:42:01.954481+01,gold_establishments_2025,,,,20003135900017,2025,Collectivité Territoriale,Commune,['Haute-Marne'],['Grand Est'],COM,{52},{44}
4b84ea2a-e07f-4e2e-9982-0fad1833dd2e,216003533,Commune de Lavilletertre (60),false,{60356},Commune,2026-03-24 14:42:04.814328+01,gold_establishments_2025,,,,21600353300017,2025,Collectivité Territoriale,Commune,['Oise'],['Hauts-de-France'],COM,{60},{32}
e892325e-382f-4704-b546-774708ddb4bf,215502840,Commune de Lavincourt (55),false,{55284},Commune,2026-03-24 14:42:03.701372+01,gold_establishments_2025,,,,21550284000014,2025,Collectivité Territoriale,Commune,['Meuse'],['Grand Est'],COM,{55},{44}
414ec484-cc93-451e-b491-e6952fafa4ec,210701397,Commune de Laviolle (07),false,{07139},Commune,2026-03-24 14:41:52.562531+01,gold_establishments_2025,,,,21070139700015,2025,Collectivité Territoriale,Commune,['Ardèche'],['Auvergne-Rhône-Alpes'],COM,{07},{84}
4e311868-d208-4872-95eb-f42838c8ffbc,212503338,Commune de Laviron (25),false,{25333},Commune,2026-03-24 14:41:56.495197+01,gold_establishments_2025,,,,21250333800015,2025,Collectivité Territoriale,Commune,['Doubs'],['Bourgogne-Franche-Comté'],COM,{25},{27}
540cdf0c-a78a-4299-a170-0c9b7c8a16bd,218200970,Commune de Lavit (82),false,{82097},Commune,2026-03-24 14:42:10.508772+01,gold_establishments_2025,,,,21820097000018,2025,Collectivité Territoriale,Commune,['Tarn-et-Garonne'],['Occitanie'],COM,{82},{76}
56cb89d8-6918-4115-8a9a-b4a9f06723c4,218004463,Commune de Laviéville (80),false,{80468},Commune,2026-03-24 14:42:09.967209+01,gold_establishments_2025,,,,21800446300012,2025,Collectivité Territoriale,Commune,['Somme'],['Hauts-de-France'],COM,{80},{32}
dba95680-a26a-42b5-ad51-870435e3d82a,210301412,Commune de Lavoine (03),false,{03141},Commune,2026-03-24 14:41:52.020251+01,gold_establishments_2025,,,,21030141200016,2025,Collectivité Territoriale,Commune,['Allier'],['Auvergne-Rhône-Alpes'],COM,{03},{84}
537a5471-ded0-437d-a30a-ec11ee245e66,217002997,Commune de Lavoncourt (70),false,{70299},Commune,2026-03-24 14:42:07.735343+01,gold_establishments_2025,,,,21700299700013,2025,Collectivité Territoriale,Commune,['Haute-Saône'],['Bourgogne-Franche-Comté'],COM,{70},{27}
e74609ab-1b26-4e8f-9702-6ed9747a15f3,210102083,Commune de Lavours (01),false,{01208},Commune,2026-03-24 14:41:51.447482+01,gold_establishments_2025,,,,21010208300016,2025,Collectivité Territoriale,Commune,['Ain'],['Auvergne-Rhône-Alpes'],COM,{01},{84}
d7799ad7-35b6-43e5-8d67-6651097a1e06,218601243,Commune de Lavoux (86),false,{86124},Commune,2026-03-24 14:42:10.508772+01,gold_establishments_2025,,,,21860124300015,2025,Collectivité Territoriale,Commune,['Vienne'],['Nouvelle-Aquitaine'],COM,{86},{75}
6cfabca7-362c-43f2-8807-ba3ca66f07c4,215502857,Commune de Lavoye (55),false,{55285},Commune,2026-03-24 14:42:03.701372+01,gold_establishments_2025,,,,21550285700018,2025,Collectivité Territoriale,Commune,['Meuse'],['Grand Est'],COM,{55},{44}
f6fb7106-a907-47c3-84bc-906bc85b8107,214301186,Commune de Lavoûte-Chilhac (43),false,{43118},Commune,2026-03-24 14:42:00.273698+01,gold_establishments_2025,,,,21430118600018,2025,Collectivité Territoriale,Commune,['Haute-Loire'],['Auvergne-Rhône-Alpes'],COM,{43},{84}
53ee8cd5-334e-4e62-adef-6576d7ac0ec4,214301194,Commune de Lavoûte-sur-Loire (43),false,{43119},Commune,2026-03-24 14:42:00.273698+01,gold_establishments_2025,,,,21430119400012,2025,Collectivité Territoriale,Commune,['Haute-Loire'],['Auvergne-Rhône-Alpes'],COM,{43},{84}
7b1e8f29-a7f8-450b-a58e-28e0e94e4425,213401342,Commune de Lavérune (34),false,{34134},Commune,2026-03-24 14:41:58.620411+01,gold_establishments_2025,,,,21340134200018,2025,Collectivité Territoriale,Commune,['Hérault'],['Occitanie'],COM,{34},{76}
aa86175f-2ea1-42d4-8b8a-a3c91136319d,218004471,Commune de Lawarde-Mauger-l'Hortoy (80),false,{80469},Commune,2026-03-24 14:42:09.967209+01,gold_establishments_2025,,,,21800447100015,2025,Collectivité Territoriale,Commune,['Somme'],['Hauts-de-France'],COM,{80},{32}
925e3795-deff-4ab9-a1e2-c69615e5edd8,215403049,Commune de Laxou (54),false,{54304},Commune,2026-03-24 14:42:02.957225+01,gold_establishments_2025,,,,21540304900012,2025,Collectivité Territoriale,Commune,['Meurthe-et-Moselle'],['Grand Est'],COM,{54},{44}
32427f05-2ebc-48ae-ada3-b8ce759c44c2,214201188,Commune de Lay (42),false,{42118},Commune,2026-03-24 14:42:00.273698+01,gold_establishments_2025,,,,21420118800015,2025,Collectivité Territoriale,Commune,['Loire'],['Auvergne-Rhône-Alpes'],COM,{42},{84}
923e7dcd-af33-402d-9216-65be7c4d5b05,216403261,Commune de Lay-Lamidou (64),false,{64326},Commune,2026-03-24 14:42:06.130387+01,gold_establishments_2025,,,,21640326100011,2025,Collectivité Territoriale,Commune,['Pyrénées-Atlantiques'],['Nouvelle-Aquitaine'],COM,{64},{75}
b13a854a-b830-44bf-a486-9629e3d5a3b4,215403056,Commune de Lay-Saint-Christophe (54),false,{54305},Commune,2026-03-24 14:42:02.957225+01,gold_establishments_2025,,,,21540305600017,2025,Collectivité Territoriale,Commune,['Meurthe-et-Moselle'],['Grand Est'],COM,{54},{44}
6b407b7d-cdc4-4420-9373-2f76fd2682e0,215403064,Commune de Lay-Saint-Remy (54),false,{54306},Commune,2026-03-24 14:42:02.957225+01,gold_establishments_2025,,,,21540306400011,2025,Collectivité Territoriale,Commune,['Meurthe-et-Moselle'],['Grand Est'],COM,{54},{44}
085d5631-c14b-4570-8223-805a03b37213,210500724,Commune de Laye (05),false,{05072},Commune,2026-03-24 14:41:52.562531+01,gold_establishments_2025,,,,21050072400013,2025,Collectivité Territoriale,Commune,['Hautes-Alpes'],"[""Provence-Alpes-Côte d'Azur""]",COM,{05},{93}
3decaac0-5c7c-4b23-bdd9-a5db123f9884,213202062,Commune de Laymont (32),false,{32206},Commune,2026-03-24 14:41:58.09424+01,gold_establishments_2025,,,,21320206200013,2025,Collectivité Territoriale,Commune,['Gers'],['Occitanie'],COM,{32},{76}
14191f50-fef7-4730-bc64-702ee13d3396,214701450,Commune de Layrac (47),false,{47145},Commune,2026-03-24 14:42:00.862623+01,gold_establishments_2025,,,,21470145000014,2025,Collectivité Territoriale,Commune,['Lot-et-Garonne'],['Nouvelle-Aquitaine'],COM,{47},{75}
8376f82e-bb0f-4ce4-8af2-772237e6502c,213102882,Commune de Layrac-sur-Tarn (31),false,{31288},Commune,2026-03-24 14:41:58.09424+01,gold_establishments_2025,,,,21310288200015,2025,Collectivité Territoriale,Commune,['Haute-Garonne'],['Occitanie'],COM,{31},{76}
9e1af819-442b-4c8c-9a0b-001c32e6a1bf,216502682,Commune de Layrisse (65),false,{65268},Commune,2026-03-24 14:42:06.665412+01,gold_establishments_2025,,,,21650268200018,2025,Collectivité Territoriale,Commune,['Hautes-Pyrénées'],['Occitanie'],COM,{65},{76}
d472487e-4927-427e-ba8c-1d2a3b8d9c32,217102540,Commune de Lays-sur-le-Doubs (71),false,{71254},Commune,2026-03-24 14:42:07.735343+01,gold_establishments_2025,,,,21710254000010,2025,Collectivité Territoriale,Commune,['Saône-et-Loire'],['Bourgogne-Franche-Comté'],COM,{71},{27}
ebedae37-cbe0-46fe-b70e-30076b18a4ef,212901227,Commune de Laz (29),false,{29122},Commune,2026-03-24 14:41:57.028721+01,gold_establishments_2025,,,,21290122700075,2025,Collectivité Territoriale,Commune,['Finistère'],['Bretagne'],COM,{29},{53}
faa32d7f-af39-4a3f-8bfd-2062dddf5c92,211801246,Commune de Lazenay (18),false,{18124},Commune,2026-03-24 14:41:54.903238+01,gold_establishments_2025,,,,21180124600011,2025,Collectivité Territoriale,Commune,['Cher'],['Centre-Val de Loire'],COM,{18},{24}
63d283bb-3b2f-47eb-8d44-04ba7f9aad52,210500732,Commune de Lazer (05),false,{05073},Commune,2026-03-24 14:41:52.562531+01,gold_establishments_2025,,,,21050073200016,2025,Collectivité Territoriale,Commune,['Hautes-Alpes'],"[""Provence-Alpes-Côte d'Azur""]",COM,{05},{93}
ae11da04-cef0-4c57-a5c9-09ced3811664,216402867,Commune de Laà-Mondrans (64),false,{64286},Commune,2026-03-24 14:42:06.130387+01,gold_establishments_2025,,,,21640286700016,2025,Collectivité Territoriale,Commune,['Pyrénées-Atlantiques'],['Nouvelle-Aquitaine'],COM,{64},{75}
510c0916-be48-4acc-ae00-e2d474fe68bd,216402875,Commune de Laàs (64),false,{64287},Commune,2026-03-24 14:42:06.130387+01,gold_establishments_2025,,,,21640287500019,2025,Collectivité Territoriale,Commune,['Pyrénées-Atlantiques'],['Nouvelle-Aquitaine'],COM,{64},{75}
6bab0539-6d8b-4896-8ee3-a02c7571ca84,215402892,Commune de Laître-sous-Amance (54),false,{54289},Commune,2026-03-24 14:42:02.957225+01,gold_establishments_2025,,,,21540289200016,2025,Collectivité Territoriale,Commune,['Meurthe-et-Moselle'],['Grand Est'],COM,{54},{44}
543bcacc-c8c4-41cc-8a16-bb3f8ba5ecf5,217200229,Commune de Le Bailleul (72),false,{72022},Commune,2026-03-24 14:42:08.279287+01,gold_establishments_2025,,,,21720022900011,2025,Collectivité Territoriale,Commune,['Sarthe'],['Pays de la Loire'],COM,{72},{52}
bf2b2ae5-d090-4fba-b1fb-4bfea309b535,215100298,Commune de Le Baizil (51),false,{51033},Commune,2026-03-24 14:42:01.412377+01,gold_establishments_2025,,,,21510029800011,2025,Collectivité Territoriale,Commune,['Marne'],['Grand Est'],COM,{51},{44}
114aaf40-8380-47b4-8e74-85d06eec25e8,215700493,Commune de Le Ban-Saint-Martin (57),false,{57049},Commune,2026-03-24 14:42:03.701372+01,gold_establishments_2025,,,,21570049300012,2025,Collectivité Territoriale,Commune,['Moselle'],['Grand Est'],COM,{57},{44}
fd98a754-82e1-41fb-85e5-c5343083f4e8,210600102,Commune de Le Bar-sur-Loup (06),false,{06010},Commune,2026-03-24 14:41:52.562531+01,gold_establishments_2025,,,,21060010200011,2025,Collectivité Territoriale,Commune,['Alpes-Maritimes'],"[""Provence-Alpes-Côte d'Azur""]",COM,{06},{93}
fead51b6-ab17-4803-bede-3e8f0da363a3,212500425,Commune de Le Barboux (25),false,{25042},Commune,2026-03-24 14:41:55.958138+01,gold_establishments_2025,,,,21250042500013,2025,Collectivité Territoriale,Commune,['Doubs'],['Bourgogne-Franche-Comté'],COM,{25},{27}
3cf7e455-b455-47b8-9c64-232afe60fb9a,216600171,Commune de Le Barcarès (66),false,{66017},Commune,2026-03-24 14:42:06.665412+01,gold_establishments_2025,,,,21660017100013,2025,Collectivité Territoriale,Commune,['Pyrénées-Orientales'],['Occitanie'],COM,{66},{76}
7a533186-a9d7-4721-a974-392871eb13e7,214500209,Commune de Le Bardon (45),false,{45020},Commune,2026-03-24 14:42:00.862623+01,gold_establishments_2025,,,,21450020900017,2025,Collectivité Territoriale,Commune,['Loiret'],['Centre-Val de Loire'],COM,{45},{24}
dfce6429-ce23-4409-a7b1-cbe57f283103,213300296,Commune de Le Barp (33),false,{33029},Commune,2026-03-24 14:41:58.09424+01,gold_establishments_2025,,,,21330029600018,2025,Collectivité Territoriale,Commune,['Gironde'],['Nouvelle-Aquitaine'],COM,{33},{75}
1c33fd57-4a97-4803-a0e2-1dcba57ad485,218400083,Commune de Le Barroux (84),false,{84008},Commune,2026-03-24 14:42:10.508772+01,gold_establishments_2025,,,,21840008300042,2025,Collectivité Territoriale,Commune,['Vaucluse'],"[""Provence-Alpes-Côte d'Azur""]",COM,{84},{93}
3b7ec0e9-591c-443c-a5e9-adb01654e259,200055408,Commune de Le Bas Ségala (12),false,{12021},Commune,2026-03-24 14:41:53.63825+01,gold_establishments_2025,,,,20005540800013,2025,Collectivité Territoriale,Commune,['Aveyron'],['Occitanie'],COM,{12},{76}
943d12b2-e102-4978-b86f-5b2ab6aad331,214600181,Commune de Le Bastit (46),false,{46018},Commune,2026-03-24 14:42:00.862623+01,gold_establishments_2025,,,,21460018100017,2025,Collectivité Territoriale,Commune,['Lot'],['Occitanie'],COM,{46},{76}
8542598a-667e-4de2-9f1e-1def8890edbb,218400117,Commune de Le Beaucet (84),false,{84011},Commune,2026-03-24 14:42:10.508772+01,gold_establishments_2025,,,,21840011700014,2025,Collectivité Territoriale,Commune,['Vaucluse'],"[""Provence-Alpes-Côte d'Azur""]",COM,{84},{93}
085895e5-ea25-4315-bfa6-d31ba0c81111,218300168,Commune de Le Beausset (83),false,{83016},Commune,2026-03-24 14:42:10.508772+01,gold_establishments_2025,,,,21830016800018,2025,Collectivité Territoriale,Commune,['Var'],"[""Provence-Alpes-Côte d'Azur""]",COM,{83},{93}
b6564bea-b7ab-4168-8f6d-bd8e476bec8a,212700520,Commune de Le Bec-Hellouin (27),false,{27052},Commune,2026-03-24 14:41:56.495197+01,gold_establishments_2025,,,,21270052000019,2025,Collectivité Territoriale,Commune,['Eure'],['Normandie'],COM,{27},{28}
b09cb2e2-36c9-4660-b617-9bdf8f2887a4,212700538,Commune de Le Bec-Thomas (27),false,{27053},Commune,2026-03-24 14:41:56.495197+01,gold_establishments_2025,,,,21270053800011,2025,Collectivité Territoriale,Commune,['Eure'],['Normandie'],COM,{27},{28}
66028059-f798-42da-9c5e-15e232e3468f,219500543,Commune de Le Bellay-en-Vexin (95),false,{95054},Commune,2026-03-24 14:42:11.659493+01,gold_establishments_2025,,,,21950054300034,2025,Collectivité Territoriale,Commune,"[""Val-d'Oise""]",['Île-de-France'],COM,{95},{11}
fef7f5c2-a1d8-4819-b32b-38aa2b5c3f90,218500221,Commune de Le Bernard (85),false,{85022},Commune,2026-03-24 14:42:10.508772+01,gold_establishments_2025,,,,21850022100112,2025,Collectivité Territoriale,Commune,['Vendée'],['Pays de la Loire'],COM,{85},{52}
2e496659-e8d0-4c89-9eed-f2538d563b94,210500211,Commune de Le Bersac (05),false,{05021},Commune,2026-03-24 14:41:52.562531+01,gold_establishments_2025,,,,21050021100011,2025,Collectivité Territoriale,Commune,['Hautes-Alpes'],"[""Provence-Alpes-Côte d'Azur""]",COM,{05},{93}
91125ee7-6fee-4407-b5cd-658140d1892c,214200172,Commune de Le Bessat (42),false,{42017},Commune,2026-03-24 14:42:00.273698+01,gold_establishments_2025,,,,21420017200010,2025,Collectivité Territoriale,Commune,['Loire'],['Auvergne-Rhône-Alpes'],COM,{42},{84}
518c150e-f4a2-4447-84b6-d987b2291393,218800571,Commune de Le Beulay (88),false,{88057},Commune,2026-03-24 14:42:11.118516+01,gold_establishments_2025,,,,21880057100018,2025,Collectivité Territoriale,Commune,['Vosges'],['Grand Est'],COM,{88},{44}
53d4de28-c906-4452-86f6-324bc4797025,218100311,Commune de Le Bez (81),false,{81031},Commune,2026-03-24 14:42:09.967209+01,gold_establishments_2025,,,,21810031100016,2025,Collectivité Territoriale,Commune,['Tarn'],['Occitanie'],COM,{81},{76}
bad8d524-2d67-45c5-9a28-1deefce6584a,214400145,Commune de Le Bignon (44),false,{44014},Commune,2026-03-24 14:42:00.273698+01,gold_establishments_2025,,,,21440014500055,2025,Collectivité Territoriale,Commune,['Loire-Atlantique'],['Pays de la Loire'],COM,{44},{52}
a311979a-9064-48e0-bc47-421718efd2bf,214500324,Commune de Le Bignon-Mirabeau (45),false,{45032},Commune,2026-03-24 14:42:00.862623+01,gold_establishments_2025,,,,21450032400014,2025,Collectivité Territoriale,Commune,['Loiret'],['Centre-Val de Loire'],COM,{45},{24}
46a04228-31be-45d9-a315-e9660b05b876,215300302,Commune de Le Bignon-du-Maine (53),false,{53030},Commune,2026-03-24 14:42:01.954481+01,gold_establishments_2025,,,,21530030200019,2025,Collectivité Territoriale,Commune,['Mayenne'],['Pays de la Loire'],COM,{53},{52}
30829ebb-b21f-4bf2-8e2b-1bc041d90489,217400340,Commune de Le Biot (74),false,{74034},Commune,2026-03-24 14:42:08.279287+01,gold_establishments_2025,,,,21740034000014,2025,Collectivité Territoriale,Commune,['Haute-Savoie'],['Auvergne-Rhône-Alpes'],COM,{74},{84}
237baa93-a2aa-441d-8486-1dde1508aa85,212500623,Commune de Le Bizot (25),false,{25062},Commune,2026-03-24 14:41:55.958138+01,gold_establishments_2025,,,,21250062300013,2025,Collectivité Territoriale,Commune,['Doubs'],['Bourgogne-Franche-Comté'],COM,{25},{27}
e6042d10-a1c9-4c49-82fe-cd4740f14082,213600182,Commune de Le Blanc (36),false,{36018},Commune,2026-03-24 14:41:59.160244+01,gold_establishments_2025,,,,21360018200116,2025,Collectivité Territoriale,Commune,['Indre'],['Centre-Val de Loire'],COM,{36},{24}
1a509390-ed2f-43db-abbf-2c4bad472262,219300076,Commune de Le Blanc-Mesnil (93),false,{93007},Commune,2026-03-24 14:42:11.659493+01,gold_establishments_2025,,,,21930007600011,2025,Collectivité Territoriale,Commune,['Seine-Saint-Denis'],['Île-de-France'],COM,{93},{11}
3466b99d-3f52-4b80-8ae3-98771c681eb0,217601053,Commune de Le Bocasse (76),false,{76105},Commune,2026-03-24 14:42:08.818969+01,gold_establishments_2025,,,,21760105300010,2025,Collectivité Territoriale,Commune,['Seine-Maritime'],['Normandie'],COM,{76},{28}
6d2def1e-9f16-4c1d-b9d9-7924aa912295,212200091,Commune de Le Bodéo (22),false,{22009},Commune,2026-03-24 14:41:55.433389+01,gold_establishments_2025,,,,21220009100016,2025,Collectivité Territoriale,Commune,"[""Côtes-d'Armor""]",['Bretagne'],COM,{22},{53}
f1636f45-d90c-4c43-8d32-5f7f4f2b8026,212700710,Commune de Le Bois-Hellain (27),false,{27071},Commune,2026-03-24 14:41:56.495197+01,gold_establishments_2025,,,,21270071000016,2025,Collectivité Territoriale,Commune,['Eure'],['Normandie'],COM,{27},{28}
d12b3272-ac85-4f49-8efd-0b464bcc2b61,211700513,Commune de Le Bois-Plage-en-Ré (17),false,{17051},Commune,2026-03-24 14:41:54.903238+01,gold_establishments_2025,,,,21170051300016,2025,Collectivité Territoriale,Commune,['Charente-Maritime'],['Nouvelle-Aquitaine'],COM,{17},{75}
98ae0cea-0a30-4b79-9a2f-d17687d71515,217601129,Commune de Le Bois-Robert (76),false,{76112},Commune,2026-03-24 14:42:08.818969+01,gold_establishments_2025,,,,21760112900018,2025,Collectivité Territoriale,Commune,['Seine-Maritime'],['Normandie'],COM,{76},{28}
aa5a4541-3dee-4292-8c9f-d3c61e73009e,218001048,Commune de Le Boisle (80),false,{80109},Commune,2026-03-24 14:42:09.967209+01,gold_establishments_2025,,,,21800104800014,2025,Collectivité Territoriale,Commune,['Somme'],['Hauts-de-France'],COM,{80},{32}
87777a9e-f33d-4f91-af45-913264871eb2,216800441,Commune de Le Bonhomme (68),false,{68044},Commune,2026-03-24 14:42:07.195692+01,gold_establishments_2025,,,,21680044100018,2025,Collectivité Territoriale,Commune,['Haut-Rhin'],['Grand Est'],COM,{68},{44}
86cabc8f-3f50-4fc3-ad50-3fe5c55fb0a4,215602624,Commune de Le Bono (56),false,{56262},Commune,2026-03-24 14:42:03.701372+01,gold_establishments_2025,,,,21560262400011,2025,Collectivité Territoriale,Commune,['Morbihan'],['Bretagne'],COM,{56},{53}
7a1b1955-1817-4574-9e2c-7806fe614065,213100779,Commune de Le Born (31),false,{31077},Commune,2026-03-24 14:41:57.56054+01,gold_establishments_2025,,,,21310077900015,2025,Collectivité Territoriale,Commune,['Haute-Garonne'],['Occitanie'],COM,{31},{76}
5fe596d2-f677-475c-ae8c-a0996943fdd5,214800294,Commune de Le Born (48),false,{48029},Commune,2026-03-24 14:42:01.412377+01,gold_establishments_2025,,,,21480029400016,2025,Collectivité Territoriale,Commune,['Lozère'],['Occitanie'],COM,{48},{76}
e7ac2661-3df0-43a0-bf74-a7e8cba68bbf,210900635,Commune de Le Bosc (09),false,{09063},Commune,2026-03-24 14:41:53.095366+01,gold_establishments_2025,,,,21090063500017,2025,Collectivité Territoriale,Commune,['Ariège'],['Occitanie'],COM,{09},{76}
90b10fd8-2e3e-4cc1-8df1-6751af0207d0,213400369,Commune de Le Bosc (34),false,{34036},Commune,2026-03-24 14:41:58.620411+01,gold_establishments_2025,,,,21340036900012,2025,Collectivité Territoriale,Commune,['Hérault'],['Occitanie'],COM,{34},{76}
92caa7f7-a6a5-400e-86ec-38c4f314ee66,200059509,Commune de Le Bosc du Theil (27),false,{27302},Commune,2026-03-24 14:41:57.028721+01,gold_establishments_2025,,,,20005950900014,2025,Collectivité Territoriale,Commune,['Eure'],['Normandie'],COM,{27},{28}
e5218baa-a7f8-4c32-893f-8f09b34a0e49,216100545,Commune de Le Bosc-Renoult (61),false,{61054},Commune,2026-03-24 14:42:04.814328+01,gold_establishments_2025,,,,21610054500013,2025,Collectivité Territoriale,Commune,['Orne'],['Normandie'],COM,{61},{28}
c06a36d0-0e07-4ac8-b96d-bcd9812ef3a7,211600549,Commune de Le Bouchage (16),false,{16054},Commune,2026-03-24 14:41:54.362296+01,gold_establishments_2025,,,,21160054900011,2025,Collectivité Territoriale,Commune,['Charente'],['Nouvelle-Aquitaine'],COM,{16},{75}
4d8363b0-6169-408d-a1c4-1282302ec298,213800501,Commune de Le Bouchage (38),false,{38050},Commune,2026-03-24 14:41:59.160244+01,gold_establishments_2025,,,,21380050100016,2025,Collectivité Territoriale,Commune,['Isère'],['Auvergne-Rhône-Alpes'],COM,{38},{84}
d9f62f53-0a7d-49f1-a3b2-d1e08cf00f18,210300356,Commune de Le Bouchaud (03),false,{03035},Commune,2026-03-24 14:41:52.020251+01,gold_establishments_2025,,,,21030035600016,2025,Collectivité Territoriale,Commune,['Allier'],['Auvergne-Rhône-Alpes'],COM,{03},{84}
aeed9314-548a-4434-84b1-b55bb282ea15,217400456,Commune de Le Bouchet-Mont-Charvin (74),false,{74045},Commune,2026-03-24 14:42:08.279287+01,gold_establishments_2025,,,,21740045600018,2025,Collectivité Territoriale,Commune,['Haute-Savoie'],['Auvergne-Rhône-Alpes'],COM,{74},{84}
9f421ea0-de2c-42fe-9d88-73a24f8d89a7,214300378,Commune de Le Bouchet-Saint-Nicolas (43),false,{43037},Commune,2026-03-24 14:42:00.273698+01,gold_establishments_2025,,,,21430037800012,2025,Collectivité Territoriale,Commune,['Haute-Loire'],['Auvergne-Rhône-Alpes'],COM,{43},{84}
2d874766-8df0-4e8b-871f-8f80b0b34831,215500612,Commune de Le Bouchon-sur-Saulx (55),false,{55061},Commune,2026-03-24 14:42:02.957225+01,gold_establishments_2025,,,,21550061200019,2025,Collectivité Territoriale,Commune,['Meuse'],['Grand Est'],COM,{55},{44}
2bf21de4-299f-42f0-abaa-67ec2e8c8ccf,216100560,Commune de Le Bouillon (61),false,{61056},Commune,2026-03-24 14:42:04.814328+01,gold_establishments_2025,,,,21610056000012,2025,Collectivité Territoriale,Commune,['Orne'],['Normandie'],COM,{61},{28}
e57f4cb2-4a59-4e63-815d-de7cda6360f3,213700305,Commune de Le Boulay (37),false,{37030},Commune,2026-03-24 14:41:59.160244+01,gold_establishments_2025,,,,21370030500013,2025,Collectivité Territoriale,Commune,['Indre-et-Loire'],['Centre-Val de Loire'],COM,{37},{24}
3ee4aded-fdf4-4d6b-ac28-fd50ba603b30,212700991,Commune de Le Boulay-Morin (27),false,{27099},Commune,2026-03-24 14:41:56.495197+01,gold_establishments_2025,,,,21270099100012,2025,Collectivité Territoriale,Commune,['Eure'],['Normandie'],COM,{27},{28}
5fad486f-3b74-4516-8202-4d695b78e9ff,212800544,Commune de Le Boullay-Mivoye (28),false,{28054},Commune,2026-03-24 14:41:57.028721+01,gold_establishments_2025,,,,21280054400018,2025,Collectivité Territoriale,Commune,['Eure-et-Loir'],['Centre-Val de Loire'],COM,{28},{24}
09660a5f-bef2-4c26-98b5-4792f189b7f1,212800551,Commune de Le Boullay-Thierry (28),false,{28055},Commune,2026-03-24 14:41:57.028721+01,gold_establishments_2025,,,,21280055100013,2025,Collectivité Territoriale,Commune,['Eure-et-Loir'],['Centre-Val de Loire'],COM,{28},{24}
d819b7f6-19d4-4cd1-b116-59a99b525ac2,212800536,Commune de Le Boullay-les-Deux-Églises (28),false,{28053},Commune,2026-03-24 14:41:57.028721+01,gold_establishments_2025,,,,21280053600014,2025,Collectivité Territoriale,Commune,['Eure-et-Loir'],['Centre-Val de Loire'],COM,{28},{24}
450081f7-8dab-47cd-adb7-e2fecdbe6639,216600247,Commune de Le Boulou (66),false,{66024},Commune,2026-03-24 14:42:06.665412+01,gold_establishments_2025,,,,21660024700011,2025,Collectivité Territoriale,Commune,['Pyrénées-Orientales'],['Occitanie'],COM,{66},{76}
e87ced22-880c-4eb8-a37a-3b16ca82e8e5,218500312,Commune de Le Boupère (85),false,{85031},Commune,2026-03-24 14:42:10.508772+01,gold_establishments_2025,,,,21850031200010,2025,Collectivité Territoriale,Commune,['Vendée'],['Pays de la Loire'],COM,{85},{52}
65892bf9-d8bc-48e1-97b1-dd3cc846db9d,212400568,Commune de Le Bourdeix (24),false,{24056},Commune,2026-03-24 14:41:55.958138+01,gold_establishments_2025,,,,21240056800011,2025,Collectivité Territoriale,Commune,['Dordogne'],['Nouvelle-Aquitaine'],COM,{24},{75}
86e0d00b-eaf8-42e8-adce-9770448e3da2,217900463,Commune de Le Bourdet (79),false,{79046},Commune,2026-03-24 14:42:09.43682+01,gold_establishments_2025,,,,21790046300019,2025,Collectivité Territoriale,Commune,['Deux-Sèvres'],['Nouvelle-Aquitaine'],COM,{79},{75}
2e8075c2-da7e-4efc-8838-dce20b1b226e,214600348,Commune de Le Bourg (46),false,{46034},Commune,2026-03-24 14:42:00.862623+01,gold_establishments_2025,,,,21460034800012,2025,Collectivité Territoriale,Commune,['Lot'],['Occitanie'],COM,{46},{76}
9253edcf-e1a9-4506-8071-8633f0f7a065,217601335,Commune de Le Bourg-Dun (76),false,{76133},Commune,2026-03-24 14:42:08.818969+01,gold_establishments_2025,,,,21760133500011,2025,Collectivité Territoriale,Commune,['Seine-Maritime'],['Normandie'],COM,{76},{28}
b829e0ad-0cd8-4291-8d45-d526b5e5b298,212302905,Commune de Le Bourg-d'Hem (23),false,{23029},Commune,2026-03-24 14:41:55.958138+01,gold_establishments_2025,,,,21230290500014,2025,Collectivité Territoriale,Commune,['Creuse'],['Nouvelle-Aquitaine'],COM,{23},{75}
fdea9832-7fd4-4764-b0af-498964269e3d,213800527,Commune de Le Bourg-d'Oisans (38),false,{38052},Commune,2026-03-24 14:41:59.160244+01,gold_establishments_2025,,,,21380052700011,2025,Collectivité Territoriale,Commune,['Isère'],['Auvergne-Rhône-Alpes'],COM,{38},{84}
c0a148a5-d105-47a0-9728-b457b2496172,219300134,Commune de Le Bourget (93),false,{93013},Commune,2026-03-24 14:42:11.659493+01,gold_establishments_2025,,,,21930013400018,2025,Collectivité Territoriale,Commune,['Seine-Saint-Denis'],['Île-de-France'],COM,{93},{11}
2882e3aa-04a9-4013-9e4a-54afecbdc9c0,217300516,Commune de Le Bourget-du-Lac (73),false,{73051},Commune,2026-03-24 14:42:08.279287+01,gold_establishments_2025,,,,21730051600010,2025,Collectivité Territoriale,Commune,['Savoie'],['Auvergne-Rhône-Alpes'],COM,{73},{84}
ada427a4-9d31-4820-9b4e-0708f6a7d488,215300393,Commune de Le Bourgneuf-la-Forêt (53),false,{53039},Commune,2026-03-24 14:42:01.954481+01,gold_establishments_2025,,,,21530039300109,2025,Collectivité Territoriale,Commune,['Mayenne'],['Pays de la Loire'],COM,{53},{52}
d46ac8ae-f113-4ea7-9172-99d992dd9d45,218300200,Commune de Le Bourguet (83),false,{83020},Commune,2026-03-24 14:42:10.508772+01,gold_establishments_2025,,,,21830020000019,2025,Collectivité Territoriale,Commune,['Var'],"[""Provence-Alpes-Côte d'Azur""]",COM,{83},{93}
cc1a06b5-e3bd-464e-b39c-6ed0fa5c6a04,213300692,Commune de Le Bouscat (33),false,{33069},Commune,2026-03-24 14:41:58.09424+01,gold_establishments_2025,,,,21330069200018,2025,Collectivité Territoriale,Commune,['Gironde'],['Nouvelle-Aquitaine'],COM,{33},{75}
464b0da7-1cee-49d4-876e-9706e2879fa1,211100474,Commune de Le Bousquet (11),false,{11047},Commune,2026-03-24 14:41:53.63825+01,gold_establishments_2025,,,,21110047400017,2025,Collectivité Territoriale,Commune,['Aude'],['Occitanie'],COM,{11},{76}
00b237ec-dc6e-4a17-9038-f95e8f7ddaff,213400385,Commune de Le Bousquet-d'Orb (34),false,{34038},Commune,2026-03-24 14:41:58.620411+01,gold_establishments_2025,,,,21340038500018,2025,Collectivité Territoriale,Commune,['Hérault'],['Occitanie'],COM,{34},{76}
38d17a26-d47f-4726-ac50-6b2e44093e85,214600363,Commune de Le Bouyssou (46),false,{46036},Commune,2026-03-24 14:42:00.862623+01,gold_establishments_2025,,,,21460036300011,2025,Collectivité Territoriale,Commune,['Lot'],['Occitanie'],COM,{46},{76}
11b69b8b-5ff2-4e5e-8f52-139a0e0ae67b,217200468,Commune de Le Breil-sur-Mérize (72),false,{72046},Commune,2026-03-24 14:42:08.279287+01,gold_establishments_2025,,,,21720046800015,2025,Collectivité Territoriale,Commune,['Sarthe'],['Pays de la Loire'],COM,{72},{52}
2293f755-88ec-4f93-a519-96ab4bdc0f49,210300414,Commune de Le Brethon (03),false,{03041},Commune,2026-03-24 14:41:52.020251+01,gold_establishments_2025,,,,21030041400013,2025,Collectivité Territoriale,Commune,['Allier'],['Auvergne-Rhône-Alpes'],COM,{03},{84}
db6270d5-72e6-443b-a91a-46e77201afc6,210300422,Commune de Le Breuil (03),false,{03042},Commune,2026-03-24 14:41:52.020251+01,gold_establishments_2025,,,,21030042200016,2025,Collectivité Territoriale,Commune,['Allier'],['Auvergne-Rhône-Alpes'],COM,{03},{84}
bc757c06-4283-4297-8abf-4b29f3095b92,215100793,Commune de Le Breuil (51),false,{51085},Commune,2026-03-24 14:42:01.412377+01,gold_establishments_2025,,,,21510079300011,2025,Collectivité Territoriale,Commune,['Marne'],['Grand Est'],COM,{51},{44}
e4c54341-c149-4c59-8b51-89ef3d053043,216900266,Commune de Le Breuil (69),false,{69026},Commune,2026-03-24 14:42:07.195692+01,gold_establishments_2025,,,,21690026600018,2025,Collectivité Territoriale,Commune,['Rhône'],['Auvergne-Rhône-Alpes'],COM,{69},{84}
d68adc75-2d11-4a93-aa00-b2800b2117c7,217100593,Commune de Le Breuil (71),false,{71059},Commune,2026-03-24 14:42:07.735343+01,gold_establishments_2025,,,,21710059300011,2025,Collectivité Territoriale,Commune,['Saône-et-Loire'],['Bourgogne-Franche-Comté'],COM,{71},{27}
0796f3da-5af3-4a2e-8139-31ebc4c411bd,211401021,Commune de Le Breuil-en-Auge (14),false,{14102},Commune,2026-03-24 14:41:53.63825+01,gold_establishments_2025,,,,21140102100012,2025,Collectivité Territoriale,Commune,['Calvados'],['Normandie'],COM,{14},{28}
b648b506-7fa0-41ab-b82a-368399f1a263,211401039,Commune de Le Breuil-en-Bessin (14),false,{14103},Commune,2026-03-24 14:41:53.63825+01,gold_establishments_2025,,,,21140103900014,2025,Collectivité Territoriale,Commune,['Calvados'],['Normandie'],COM,{14},{28}
c83abeb4-0529-408d-b41d-3a7be6997253,216300525,Commune de Le Breuil-sur-Couze (63),false,{63052},Commune,2026-03-24 14:42:06.130387+01,gold_establishments_2025,,,,21630052500013,2025,Collectivité Territoriale,Commune,['Puy-de-Dôme'],['Auvergne-Rhône-Alpes'],COM,{63},{84}
78e0f8ef-5b50-49f9-a602-04b0c781d497,214300394,Commune de Le Brignon (43),false,{43039},Commune,2026-03-24 14:42:00.273698+01,gold_establishments_2025,,,,21430039400019,2025,Collectivité Territoriale,Commune,['Haute-Loire'],['Auvergne-Rhône-Alpes'],COM,{43},{84}
8b669150-4a4e-48a6-b9d4-b7bd2440a870,210600250,Commune de Le Broc (06),false,{06025},Commune,2026-03-24 14:41:52.562531+01,gold_establishments_2025,,,,21060025000018,2025,Collectivité Territoriale,Commune,['Alpes-Maritimes'],"[""Provence-Alpes-Côte d'Azur""]",COM,{06},{93}
3ef2958a-ec2c-49d0-97d3-37efa5d8c5a3,216300541,Commune de Le Broc (63),false,{63054},Commune,2026-03-24 14:42:06.130387+01,gold_establishments_2025,,,,21630054100010,2025,Collectivité Territoriale,Commune,['Puy-de-Dôme'],['Auvergne-Rhône-Alpes'],COM,{63},{84}
31766c97-3ece-4ee9-a0b5-58e8cb544736,213200652,Commune de Le Brouilh-Monbert (32),false,{32065},Commune,2026-03-24 14:41:58.09424+01,gold_establishments_2025,,,,21320065200013,2025,Collectivité Territoriale,Commune,['Gers'],['Occitanie'],COM,{32},{76}
08dea5d2-5790-4025-acac-eeb0dd7937c0,216300574,Commune de Le Brugeron (63),false,{63057},Commune,2026-03-24 14:42:06.130387+01,gold_establishments_2025,,,,21630057400011,2025,Collectivité Territoriale,Commune,['Puy-de-Dôme'],['Auvergne-Rhône-Alpes'],COM,{63},{84}
71af9076-b254-4a8b-877c-7696a7ef8b25,210400362,Commune de Le Brusquet (04),false,{04036},Commune,2026-03-24 14:41:52.020251+01,gold_establishments_2025,,,,21040036200013,2025,Collectivité Territoriale,Commune,['Alpes-de-Haute-Provence'],"[""Provence-Alpes-Côte d'Azur""]",COM,{04},{93}
73874e1e-40b1-400a-bde0-1fe450d68862,211401047,Commune de Le Brévedent (14),false,{14104},Commune,2026-03-24 14:41:53.63825+01,gold_establishments_2025,,,,21140104700017,2025,Collectivité Territoriale,Commune,['Calvados'],['Normandie'],COM,{14},{28}
0fd45bd2-3917-4e79-81bb-7b2a37bbe214,212400675,Commune de Le Bugue (24),false,{24067},Commune,2026-03-24 14:41:55.958138+01,gold_establishments_2025,,,,21240067500014,2025,Collectivité Territoriale,Commune,['Dordogne'],['Nouvelle-Aquitaine'],COM,{24},{75}
4aa9490f-7534-4379-b1fa-90bc7af8ba61,218702306,Commune de Le Buis (87),false,{87023},Commune,2026-03-24 14:42:11.118516+01,gold_establishments_2025,,,,21870230600018,2025,Collectivité Territoriale,Commune,['Haute-Vienne'],['Nouvelle-Aquitaine'],COM,{87},{75}
bb7559c5-5a0f-48a0-833e-e9c4d04bbd75,214800328,Commune de Le Buisson (48),false,{48032},Commune,2026-03-24 14:42:01.412377+01,gold_establishments_2025,,,,21480032800012,2025,Collectivité Territoriale,Commune,['Lozère'],['Occitanie'],COM,{48},{76}
28e76682-0f78-49c9-80e7-46e171b16a33,215100892,Commune de Le Buisson (51),false,{51095},Commune,2026-03-24 14:42:01.412377+01,gold_establishments_2025,,,,21510089200011,2025,Collectivité Territoriale,Commune,['Marne'],['Grand Est'],COM,{51},{44}
c210aad9-7fa3-488c-924c-97230a3b835a,212400683,Commune de Le Buisson-de-Cadouin (24),false,{24068},Commune,2026-03-24 14:41:55.958138+01,gold_establishments_2025,,,,21240068300018,2025,Collectivité Territoriale,Commune,['Dordogne'],['Nouvelle-Aquitaine'],COM,{24},{75}
cb397016-5873-47af-ab95-5f410ea7c68c,215300468,Commune de Le Buret (53),false,{53046},Commune,2026-03-24 14:42:01.954481+01,gold_establishments_2025,,,,21530046800018,2025,Collectivité Territoriale,Commune,['Mayenne'],['Pays de la Loire'],COM,{53},{52}
59763e7f-9bfb-4324-bd44-4cc31d38c80f,213100936,Commune de Le Burgaud (31),false,{31093},Commune,2026-03-24 14:41:57.56054+01,gold_establishments_2025,,,,21310093600011,2025,Collectivité Territoriale,Commune,['Haute-Garonne'],['Occitanie'],COM,{31},{76}
52bbd2c4-3455-473e-bf9a-c34d87eafdf7,217900596,Commune de Le Busseau (79),false,{79059},Commune,2026-03-24 14:42:09.43682+01,gold_establishments_2025,,,,21790059600016,2025,Collectivité Territoriale,Commune,['Deux-Sèvres'],['Nouvelle-Aquitaine'],COM,{79},{75}
8a2f6d49-570a-44f3-9fba-c2eaa086fad2,210700266,Commune de Le Béage (07),false,{07026},Commune,2026-03-24 14:41:52.562531+01,gold_establishments_2025,,,,21070026600013,2025,Collectivité Territoriale,Commune,['Ardèche'],['Auvergne-Rhône-Alpes'],COM,{07},{84}
0c2ef113-5db5-420d-8bbe-dbf95eeaff8d,212500508,Commune de Le Bélieu (25),false,{25050},Commune,2026-03-24 14:41:55.958138+01,gold_establishments_2025,,,,21250050800016,2025,Collectivité Territoriale,Commune,['Doubs'],['Bourgogne-Franche-Comté'],COM,{25},{27}
a84ac1e8-44d8-4f6f-bb94-a3be3a22fef6,211400809,Commune de Le Bô (14),false,{14080},Commune,2026-03-24 14:41:53.63825+01,gold_establishments_2025,,,,21140080900011,2025,Collectivité Territoriale,Commune,['Calvados'],['Normandie'],COM,{14},{28}
f910bc23-fa4a-484d-81e2-d701c0c04d83,211401161,Commune de Le Bû-sur-Rouvres (14),false,{14116},Commune,2026-03-24 14:41:53.63825+01,gold_establishments_2025,,,,21140116100016,2025,Collectivité Territoriale,Commune,['Calvados'],['Normandie'],COM,{14},{28}
1ddd2a90-c8a5-4caf-a504-9627f85c170c,213100977,Commune de Le Cabanial (31),false,{31097},Commune,2026-03-24 14:41:57.56054+01,gold_establishments_2025,,,,21310097700015,2025,Collectivité Territoriale,Commune,['Haute-Garonne'],['Occitanie'],COM,{31},{76}
c8344cad-3626-453f-be21-926416d770c6,213000599,Commune de Le Cailar (30),false,{30059},Commune,2026-03-24 14:41:57.56054+01,gold_establishments_2025,,,,21300059900018,2025,Collectivité Territoriale,Commune,['Gard'],['Occitanie'],COM,{30},{76}
5089876f-d6d8-4ebf-97eb-1cecb97a2d71,210400370,Commune de Le Caire (04),false,{04037},Commune,2026-03-24 14:41:52.020251+01,gold_establishments_2025,,,,21040037000016,2025,Collectivité Territoriale,Commune,['Alpes-de-Haute-Provence'],"[""Provence-Alpes-Côte d'Azur""]",COM,{04},{93}
ad9278bf-43b6-4915-82bf-acaebfd2056f,212200273,Commune de Le Cambout (nan),false,{22027},Commune,2026-03-24 14:41:55.433389+01,gold_establishments_2025,,,,21220027300010,2025,Collectivité Territoriale,Commune,[''],[''],COM,,
6e55a99f-4006-4792-b40d-3e8c840f7b0a,210600300,Commune de Le Cannet (06),false,{06030},Commune,2026-03-24 14:41:52.562531+01,gold_establishments_2025,,,,21060030000011,2025,Collectivité Territoriale,Commune,['Alpes-Maritimes'],"[""Provence-Alpes-Côte d'Azur""]",COM,{06},{93}
daad08e9-c273-45d9-a9f2-1ceb9b83e609,218300317,Commune de Le Cannet-des-Maures (83),false,{83031},Commune,2026-03-24 14:42:10.508772+01,gold_establishments_2025,,,,21830031700011,2025,Collectivité Territoriale,Commune,['Var'],"[""Provence-Alpes-Côte d'Azur""]",COM,{83},{93}
0bfd0eec-48a3-45a2-b383-33cf912822aa,219722048,Commune de Le Carbet (972),false,{97204},Commune,2026-03-24 14:42:11.659493+01,gold_establishments_2025,,,,21972204800010,2025,Collectivité Territoriale,Commune,['Martinique'],['Martinique'],COM,{972},{02}
16f91169-f938-4159-8a03-b9b9a8a0c5ae,218001675,Commune de Le Cardonnois (80),false,{80174},Commune,2026-03-24 14:42:09.967209+01,gold_establishments_2025,,,,21800167500014,2025,Collectivité Territoriale,Commune,['Somme'],['Hauts-de-France'],COM,{80},{32}
8f247ca4-f855-4e0b-b4bd-b07d9c4b4f04,210900817,Commune de Le Carlaret (09),false,{09081},Commune,2026-03-24 14:41:53.095366+01,gold_establishments_2025,,,,21090081700011,2025,Collectivité Territoriale,Commune,['Ariège'],['Occitanie'],COM,{09},{76}
433abd91-a83e-4e60-b998-6afaed75bda1,200082931,Commune de Le Castelet (14),false,{14554},Commune,2026-03-24 14:41:54.362296+01,gold_establishments_2025,,,,20008293100011,2025,Collectivité Territoriale,Commune,['Calvados'],['Normandie'],COM,{14},{28}
394a9ec5-2a18-41fc-a514-c47f3736bdec,210400404,Commune de Le Castellard-Mélan (04),false,{04040},Commune,2026-03-24 14:41:52.020251+01,gold_establishments_2025,,,,21040040400013,2025,Collectivité Territoriale,Commune,['Alpes-de-Haute-Provence'],"[""Provence-Alpes-Côte d'Azur""]",COM,{04},{93}
87f9f660-968b-42de-8878-63f9bca0955c,210400412,Commune de Le Castellet (04),false,{04041},Commune,2026-03-24 14:41:52.020251+01,gold_establishments_2025,,,,21040041200016,2025,Collectivité Territoriale,Commune,['Alpes-de-Haute-Provence'],"[""Provence-Alpes-Côte d'Azur""]",COM,{04},{93}
55ede024-5daf-4bb1-b4d5-18ee398a7856,218300358,Commune de Le Castellet (83),false,{83035},Commune,2026-03-24 14:42:10.508772+01,gold_establishments_2025,,,,21830035800015,2025,Collectivité Territoriale,Commune,['Var'],"[""Provence-Alpes-Côte d'Azur""]",COM,{83},{93}
9bac96cb-321b-4cca-8738-a4f63bc07b82,213101207,Commune de Le Castéra (31),false,{31120},Commune,2026-03-24 14:41:57.56054+01,gold_establishments_2025,,,,21310120700016,2025,Collectivité Territoriale,Commune,['Haute-Garonne'],['Occitanie'],COM,{31},{76}
1a431d96-6f17-4cae-89f8-7ec862e44051,215901364,Commune de Le Cateau-Cambrésis (59),false,{59136},Commune,2026-03-24 14:42:04.280096+01,gold_establishments_2025,,,,21590136400012,2025,Collectivité Territoriale,Commune,['Nord'],['Hauts-de-France'],COM,{59},{32}
b4a8b172-72c1-442d-9e18-356753d78058,210201307,Commune de Le Catelet (02),false,{02143},Commune,2026-03-24 14:41:51.447482+01,gold_establishments_2025,,,,21020130700019,2025,Collectivité Territoriale,Commune,['Aisne'],['Hauts-de-France'],COM,{02},{32}
51651025-2fac-462c-84a6-0fbf37b3ac22,217601624,Commune de Le Catelier (76),false,{76162},Commune,2026-03-24 14:42:08.818969+01,gold_establishments_2025,,,,21760162400018,2025,Collectivité Territoriale,Commune,['Seine-Maritime'],['Normandie'],COM,{76},{28}
c5fcf992-5cf2-44a6-b507-68dbe33cf448,217601665,Commune de Le Caule-Sainte-Beuve (76),false,{76166},Commune,2026-03-24 14:42:08.818969+01,gold_establishments_2025,,,,21760166500011,2025,Collectivité Territoriale,Commune,['Seine-Maritime'],['Normandie'],COM,{76},{28}
35812f5b-075c-48ea-ab8a-c09b070e7384,218200368,Commune de Le Causé (82),false,{82036},Commune,2026-03-24 14:42:10.508772+01,gold_establishments_2025,,,,21820036800015,2025,Collectivité Territoriale,Commune,['Tarn-et-Garonne'],['Occitanie'],COM,{82},{76}
e7976c80-8e12-4c4f-8b1b-0b1df1c9abd8,213400641,Commune de Le Caylar (34),false,{34064},Commune,2026-03-24 14:41:58.620411+01,gold_establishments_2025,,,,21340064100014,2025,Collectivité Territoriale,Commune,['Hérault'],['Occitanie'],COM,{34},{76}
5586a310-f85c-4dad-ab4a-b38e16fc88a8,211200647,Commune de Le Cayrol (12),false,{12064},Commune,2026-03-24 14:41:53.63825+01,gold_establishments_2025,,,,21120064700017,2025,Collectivité Territoriale,Commune,['Aveyron'],['Occitanie'],COM,{12},{76}
5587744b-422a-4628-8880-e91cbe7a34bf,214400285,Commune de Le Cellier (44),false,{44028},Commune,2026-03-24 14:42:00.273698+01,gold_establishments_2025,,,,21440028500067,2025,Collectivité Territoriale,Commune,['Loire-Atlantique'],['Pays de la Loire'],COM,{44},{52}
6829371d-c154-43a5-9883-78368265b95f,216300699,Commune de Le Cendre (63),false,{63069},Commune,2026-03-24 14:42:06.130387+01,gold_establishments_2025,,,,21630069900016,2025,Collectivité Territoriale,Commune,['Puy-de-Dôme'],['Auvergne-Rhône-Alpes'],COM,{63},{84}
af527d5f-892b-46f0-9b2d-df132b3a3564,216100768,Commune de Le Cercueil (61),false,{61076},Commune,2026-03-24 14:42:04.814328+01,gold_establishments_2025,,,,21610076800011,2025,Collectivité Territoriale,Commune,['Orne'],['Normandie'],COM,{61},{28}
0aed6151-0c7d-4976-a401-334547c4c890,214200339,Commune de Le Cergne (42),false,{42033},Commune,2026-03-24 14:42:00.273698+01,gold_establishments_2025,,,,21420033900015,2025,Collectivité Territoriale,Commune,['Loire'],['Auvergne-Rhône-Alpes'],COM,{42},{84}
1dd0bd5f-35a8-40fe-82d3-40478e591855,212600662,Commune de Le Chaffal (26),false,{26066},Commune,2026-03-24 14:41:56.495197+01,gold_establishments_2025,,,,21260066200010,2025,Collectivité Territoriale,Commune,['Drôme'],['Auvergne-Rhône-Alpes'],COM,{26},{84}
b433578d-2a0e-4ccc-924e-2b22210d017f,210400461,Commune de Le Chaffaut-Saint-Jurson (04),false,{04046},Commune,2026-03-24 14:41:52.020251+01,gold_establishments_2025,,,,21040046100013,2025,Collectivité Territoriale,Commune,['Alpes-de-Haute-Provence'],"[""Provence-Alpes-Côte d'Azur""]",COM,{04},{93}
10381cdd-a274-4b93-888a-65b05cb5f5c4,216100826,Commune de Le Chalange (61),false,{61082},Commune,2026-03-24 14:42:04.814328+01,gold_establishments_2025,,,,21610082600017,2025,Collectivité Territoriale,Commune,['Orne'],['Normandie'],COM,{61},{28}
089813f7-98dd-42b4-9269-4af08c2c72d4,218703106,Commune de Le Chalard (87),false,{87031},Commune,2026-03-24 14:42:11.118516+01,gold_establishments_2025,,,,21870310600011,2025,Collectivité Territoriale,Commune,['Haute-Vienne'],['Nouvelle-Aquitaine'],COM,{87},{75}
9f53f90a-674a-43f6-ab0e-4ec20654b898,212600688,Commune de Le Chalon (26),false,{26068},Commune,2026-03-24 14:41:56.495197+01,gold_establishments_2025,,,,21260068800015,2025,Collectivité Territoriale,Commune,['Drôme'],['Auvergne-Rhône-Alpes'],COM,{26},{84}
f7a3c1d8-c6f5-4595-a65d-b2b9f994cc71,210700498,Commune de Le Chambon (07),false,{07049},Commune,2026-03-24 14:41:52.562531+01,gold_establishments_2025,,,,21070049800012,2025,Collectivité Territoriale,Commune,['Ardèche'],['Auvergne-Rhône-Alpes'],COM,{07},{84}
487caccd-450b-461f-bfbc-c322263eb2ba,214200446,Commune de Le Chambon-Feugerolles (42),false,{42044},Commune,2026-03-24 14:42:00.273698+01,gold_establishments_2025,,,,21420044600018,2025,Collectivité Territoriale,Commune,['Loire'],['Auvergne-Rhône-Alpes'],COM,{42},{84}
524e9569-9c5d-45af-a2bc-65876eb02398,214300519,Commune de Le Chambon-sur-Lignon (43),false,{43051},Commune,2026-03-24 14:42:00.273698+01,gold_establishments_2025,,,,21430051900011,2025,Collectivité Territoriale,Commune,['Haute-Loire'],['Auvergne-Rhône-Alpes'],COM,{43},{84}
7cd24a3b-d7fa-446a-b688-6a9575026f8a,218500502,Commune de Le Champ-Saint-Père (85),false,{85050},Commune,2026-03-24 14:42:10.508772+01,gold_establishments_2025,,,,21850050200016,2025,Collectivité Territoriale,Commune,['Vendée'],['Pays de la Loire'],COM,{85},{52}
d7933a48-fff4-45fd-8b0f-e2684e9d142c,216100859,Commune de Le Champ-de-la-Pierre (61),false,{61085},Commune,2026-03-24 14:42:04.814328+01,gold_establishments_2025,,,,21610085900018,2025,Collectivité Territoriale,Commune,['Orne'],['Normandie'],COM,{61},{28}
ba25ccc3-c842-4aa1-95f4-869c62a6280b,213800709,Commune de Le Champ-près-Froges (38),false,{38070},Commune,2026-03-24 14:41:59.160244+01,gold_establishments_2025,,,,21380070900015,2025,Collectivité Territoriale,Commune,['Isère'],['Auvergne-Rhône-Alpes'],COM,{38},{84}
97c7ce53-4802-451b-8f3a-cedbffa7e56e,214500795,Commune de Le Charme (45),false,{45079},Commune,2026-03-24 14:42:00.862623+01,gold_establishments_2025,,,,21450079500015,2025,Collectivité Territoriale,Commune,['Loiret'],['Centre-Val de Loire'],COM,{45},{24}
44c8ab68-b709-4524-a291-06dab456db17,210201513,Commune de Le Charmel (02),false,{02164},Commune,2026-03-24 14:41:51.447482+01,gold_establishments_2025,,,,21020151300012,2025,Collectivité Territoriale,Commune,['Aisne'],['Hauts-de-France'],COM,{02},{32}
21953e98-5018-468c-99b5-7e729c9bb591,211904800,Commune de Le Chastang (19),false,{19048},Commune,2026-03-24 14:41:54.903238+01,gold_establishments_2025,,,,21190480000011,2025,Collectivité Territoriale,Commune,['Corrèze'],['Nouvelle-Aquitaine'],COM,{19},{75}
c3e45c63-7c6d-4de0-94de-296d3e50a707,213901192,Commune de Le Chateley (39),false,{39119},Commune,2026-03-24 14:41:59.705606+01,gold_establishments_2025,,,,21390119200012,2025,Collectivité Territoriale,Commune,['Jura'],['Bourgogne-Franche-Comté'],COM,{39},{27}
f2f58b4a-ae5a-4c3e-881d-fb9b17f0c208,212305809,Commune de Le Chauchet (23),false,{23058},Commune,2026-03-24 14:41:55.958138+01,gold_establishments_2025,,,,21230580900015,2025,Collectivité Territoriale,Commune,['Creuse'],['Nouvelle-Aquitaine'],COM,{23},{75}
578e5963-b5f3-418c-bb97-2aa23b4baab7,211800628,Commune de Le Chautay (18),false,{18062},Commune,2026-03-24 14:41:54.903238+01,gold_establishments_2025,,,,21180062800011,2025,Collectivité Territoriale,Commune,['Cher'],['Centre-Val de Loire'],COM,{18},{24}
3cc53772-0451-435d-aad3-bab2f5715707,211700976,Commune de Le Chay (17),false,{17097},Commune,2026-03-24 14:41:54.903238+01,gold_establishments_2025,,,,21170097600015,2025,Collectivité Territoriale,Commune,['Charente-Maritime'],['Nouvelle-Aquitaine'],COM,{17},{75}
df905161-76b0-48b8-afdd-e59a8e091636,216301085,Commune de Le Cheix-sur-Morge (63),false,{63108},Commune,2026-03-24 14:42:06.130387+01,gold_establishments_2025,,,,21630108500017,2025,Collectivité Territoriale,Commune,['Puy-de-Dôme'],['Auvergne-Rhône-Alpes'],COM,{63},{84}
ab168cbb-aa96-42b3-98a2-10bb5f77d110,215101338,Commune de Le Chemin (51),false,{51143},Commune,2026-03-24 14:42:01.954481+01,gold_establishments_2025,,,,21510133800014,2025,Collectivité Territoriale,Commune,['Marne'],['Grand Est'],COM,{51},{44}
db1ac43f-b343-47d1-a125-896a039f7902,200085470,Commune de Le Chesnay-Rocquencourt (78),false,{78158},Commune,2026-03-24 14:42:09.43682+01,gold_establishments_2025,,,,20008547000017,2025,Collectivité Territoriale,Commune,['Yvelines'],['Île-de-France'],COM,{78},{11}
af9a0690-d291-4778-b336-5e7504c97087,210700647,Commune de Le Cheylard (07),false,{07064},Commune,2026-03-24 14:41:52.562531+01,gold_establishments_2025,,,,21070064700014,2025,Collectivité Territoriale,Commune,['Ardèche'],['Auvergne-Rhône-Alpes'],COM,{07},{84}
f1278da7-c870-40b5-8710-8dabc3ec0b71,213801004,Commune de Le Cheylas (38),false,{38100},Commune,2026-03-24 14:41:59.160244+01,gold_establishments_2025,,,,21380100400010,2025,Collectivité Territoriale,Commune,['Isère'],['Auvergne-Rhône-Alpes'],COM,{38},{84}
77be5f3b-028e-423a-a342-2102297a10a6,217900893,Commune de Le Chillou (79),false,{79089},Commune,2026-03-24 14:42:09.43682+01,gold_establishments_2025,,,,21790089300017,2025,Collectivité Territoriale,Commune,['Deux-Sèvres'],['Nouvelle-Aquitaine'],COM,{79},{75}
a877c60e-560a-4cf5-9bfc-cd397d7ca7bb,216101014,Commune de Le Château-d'Almenêches (61),false,{61101},Commune,2026-03-24 14:42:04.814328+01,gold_establishments_2025,,,,21610101400019,2025,Collectivité Territoriale,Commune,['Orne'],['Normandie'],COM,{61},{28}
97b4dac6-ce1a-496b-998d-bde5bd4cbd05,211700935,Commune de Le Château-d'Oléron (17),false,{17093},Commune,2026-03-24 14:41:54.903238+01,gold_establishments_2025,,,,21170093500011,2025,Collectivité Territoriale,Commune,['Charente-Maritime'],['Nouvelle-Aquitaine'],COM,{17},{75}
b1cd13d1-2f3b-4d37-9387-4fb65ced005a,217300813,Commune de Le Châtelard (73),false,{73081},Commune,2026-03-24 14:42:08.279287+01,gold_establishments_2025,,,,21730081300011,2025,Collectivité Territoriale,Commune,['Savoie'],['Auvergne-Rhône-Alpes'],COM,{73},{84}
e75ed3b5-e37a-4a80-8fbc-5c3e28e3a08f,211800594,Commune de Le Châtelet (18),false,{18059},Commune,2026-03-24 14:41:54.903238+01,gold_establishments_2025,,,,21180059400015,2025,Collectivité Territoriale,Commune,['Cher'],['Centre-Val de Loire'],COM,{18},{24}
c0653ade-d42f-433d-8a92-e8d04d3aecee,217701002,Commune de Le Châtelet-en-Brie (77),false,{77100},Commune,2026-03-24 14:42:08.818969+01,gold_establishments_2025,,,,21770100200016,2025,Collectivité Territoriale,Commune,['Seine-et-Marne'],['Île-de-France'],COM,{77},{11}
059c93ac-dc80-409c-8407-5956b1d2059c,215202870,Commune de Le Châtelet-sur-Meuse (52),false,{52400},Commune,2026-03-24 14:42:01.954481+01,gold_establishments_2025,,,,21520287000014,2025,Collectivité Territoriale,Commune,['Haute-Marne'],['Grand Est'],COM,{52},{44}
3577c34b-9fba-4a30-9e7b-17c695df406a,210801015,Commune de Le Châtelet-sur-Retourne (08),false,{08111},Commune,2026-03-24 14:41:52.562531+01,gold_establishments_2025,,,,21080101500012,2025,Collectivité Territoriale,Commune,['Ardennes'],['Grand Est'],COM,{08},{44}
02e568c9-84f8-41ff-b95e-68069ff4048f,210801007,Commune de Le Châtelet-sur-Sormonne (08),false,{08110},Commune,2026-03-24 14:41:52.562531+01,gold_establishments_2025,,,,21080100700019,2025,Collectivité Territoriale,Commune,['Ardennes'],['Grand Est'],COM,{08},{44}
b7da7284-2ac2-48cc-aae4-51d4555360e3,215101239,Commune de Le Châtelier (51),false,{51133},Commune,2026-03-24 14:42:01.954481+01,gold_establishments_2025,,,,21510123900014,2025,Collectivité Territoriale,Commune,['Marne'],['Grand Est'],COM,{51},{44}
0145a78c-6877-4e5d-b979-7328c4511b2b,213500713,Commune de Le Châtellier (35),false,{35071},Commune,2026-03-24 14:41:58.620411+01,gold_establishments_2025,,,,21350071300010,2025,Collectivité Territoriale,Commune,['Ille-et-Vilaine'],['Bretagne'],COM,{35},{53}
3d611ffb-9d01-4eab-bc3b-1e26d27266af,216101022,Commune de Le Châtellier (61),false,{61102},Commune,2026-03-24 14:42:04.814328+01,gold_establishments_2025,,,,21610102200012,2025,Collectivité Territoriale,Commune,['Orne'],['Normandie'],COM,{61},{28}
4d209e40-2550-4f22-b191-f4d8081eb1a1,218704203,Commune de Le Châtenet-en-Dognon (87),false,{87042},Commune,2026-03-24 14:42:11.118516+01,gold_establishments_2025,,,,21870420300015,2025,Collectivité Territoriale,Commune,['Haute-Vienne'],['Nouvelle-Aquitaine'],COM,{87},{75}
f2c4a593-e199-4fee-b910-d6e87659d251,211000898,Commune de Le Chêne (10),false,{10095},Commune,2026-03-24 14:41:53.095366+01,gold_establishments_2025,,,,21100089800018,2025,Collectivité Territoriale,Commune,['Aube'],['Grand Est'],COM,{10},{44}
f4853367-781d-4489-9fb7-e9f6cb2dc627,215501164,Commune de Le Claon (55),false,{55116},Commune,2026-03-24 14:42:02.957225+01,gold_establishments_2025,,,,21550116400010,2025,Collectivité Territoriale,Commune,['Meuse'],['Grand Est'],COM,{55},{44}
1591c210-5794-41ac-8735-653a0070eed8,211200670,Commune de Le Clapier (12),false,{12067},Commune,2026-03-24 14:41:53.63825+01,gold_establishments_2025,,,,21120067000019,2025,Collectivité Territoriale,Commune,['Aveyron'],['Occitanie'],COM,{12},{76}
9898c462-37b5-40a3-9b6f-71a0884e1bb8,211100938,Commune de Le Clat (11),false,{11093},Commune,2026-03-24 14:41:53.63825+01,gold_establishments_2025,,,,21110093800011,2025,Collectivité Territoriale,Commune,['Aude'],['Occitanie'],COM,{11},{76}
0352aceb-b171-4898-b43a-a6b7b91ea35c,211500509,Commune de Le Claux (15),false,{15050},Commune,2026-03-24 14:41:54.362296+01,gold_establishments_2025,,,,21150050900016,2025,Collectivité Territoriale,Commune,['Cantal'],['Auvergne-Rhône-Alpes'],COM,{15},{84}
9598e875-3f0b-4fd1-a062-25aee002cbcb,218801082,Commune de Le Clerjus (88),false,{88108},Commune,2026-03-24 14:42:11.118516+01,gold_establishments_2025,,,,21880108200015,2025,Collectivité Territoriale,Commune,['Vosges'],['Grand Est'],COM,{88},{44}
ee5fb702-2d35-48e3-b56f-01885ed28000,212900336,Commune de Le Cloître-Pleyben (29),false,{29033},Commune,2026-03-24 14:41:57.028721+01,gold_establishments_2025,,,,21290033600018,2025,Collectivité Territoriale,Commune,['Finistère'],['Bretagne'],COM,{29},{53}
cf54b548-24ef-424e-ad79-a42c32bb4da3,212900344,Commune de Le Cloître-Saint-Thégonnec (29),false,{29034},Commune,2026-03-24 14:41:57.028721+01,gold_establishments_2025,,,,21290034400012,2025,Collectivité Territoriale,Commune,['Finistère'],['Bretagne'],COM,{29},{53}
d54151ad-572d-4afe-818c-a45acdeee4bb,214800518,Commune de Le Collet-de-Dèze (48),false,{48051},Commune,2026-03-24 14:42:01.412377+01,gold_establishments_2025,,,,21480051800018,2025,Collectivité Territoriale,Commune,['Lozère'],['Occitanie'],COM,{48},{76}
0555a6c2-e304-4cfe-bb0f-4b6e9d5354e0,212306609,Commune de Le Compas (23),false,{23066},Commune,2026-03-24 14:41:55.958138+01,gold_establishments_2025,,,,21230660900018,2025,Collectivité Territoriale,Commune,['Creuse'],['Nouvelle-Aquitaine'],COM,{23},{75}
e175fe4a-959c-47f8-9e1d-7520cba35acf,212900401,Commune de Le Conquet (29),false,{29040},Commune,2026-03-24 14:41:57.028721+01,gold_establishments_2025,,,,21290040100010,2025,Collectivité Territoriale,Commune,['Finistère'],['Bretagne'],COM,{29},{53}
bddad739-ab53-42e2-88b0-2b2fab188a30,200084994,Commune de Le Controis-en-Sologne (41),false,{41059},Commune,2026-03-24 14:42:00.273698+01,gold_establishments_2025,,,,20008499400017,2025,Collectivité Territoriale,Commune,['Loir-et-Cher'],['Centre-Val de Loire'],COM,{41},{24}
6d53f354-6c60-4b05-a2aa-8b7d9067f9ef,212701718,Commune de Le Cormier (27),false,{27171},Commune,2026-03-24 14:41:57.028721+01,gold_establishments_2025,,,,21270171800018,2025,Collectivité Territoriale,Commune,['Eure'],['Normandie'],COM,{27},{28}
d2f69e07-9961-40cf-938e-20f73d054317,214200719,Commune de Le Coteau (42),false,{42071},Commune,2026-03-24 14:42:00.273698+01,gold_establishments_2025,,,,21420071900125,2025,Collectivité Territoriale,Commune,['Loire'],['Auvergne-Rhône-Alpes'],COM,{42},{84}
e80e744b-2a0b-4dff-8089-0ad8c78ccdda,212801104,Commune de Le Coudray (28),false,{28110},Commune,2026-03-24 14:41:57.028721+01,gold_establishments_2025,,,,21280110400044,2025,Collectivité Territoriale,Commune,['Eure-et-Loir'],['Centre-Val de Loire'],COM,{28},{24}
9ea57824-c344-49ed-99fe-7978a46db069,214901126,Commune de Le Coudray-Macouard (49),false,{49112},Commune,2026-03-24 14:42:01.412377+01,gold_establishments_2025,,,,21490112600018,2025,Collectivité Territoriale,Commune,['Maine-et-Loire'],['Pays de la Loire'],COM,{49},{52}
8a8b4266-2dff-4c93-95d3-b99bb9a49d6a,219101797,Commune de Le Coudray-Montceaux (91),false,{91179},Commune,2026-03-24 14:42:11.659493+01,gold_establishments_2025,,,,21910179700013,2025,Collectivité Territoriale,Commune,['Essonne'],['Île-de-France'],COM,{91},{11}
278ca13b-f296-46b2-acdc-977c4e56c8e4,216001636,Commune de Le Coudray-Saint-Germer (60),false,{60164},Commune,2026-03-24 14:42:04.814328+01,gold_establishments_2025,,,,21600163600010,2025,Collectivité Territoriale,Commune,['Oise'],['Hauts-de-France'],COM,{60},{32}
e667c737-1703-4ffc-ba2e-914792e124b5,216001644,Commune de Le Coudray-sur-Thelle (60),false,{60165},Commune,2026-03-24 14:42:04.814328+01,gold_establishments_2025,,,,21600164400014,2025,Collectivité Territoriale,Commune,['Oise'],['Hauts-de-France'],COM,{60},{32}
a72182a5-bca4-4057-af9a-9c2802c02707,215600453,Commune de Le Cours (56),false,{56045},Commune,2026-03-24 14:42:03.701372+01,gold_establishments_2025,,,,21560045300017,2025,Collectivité Territoriale,Commune,['Morbihan'],['Bretagne'],COM,{56},{53}
f1ea8fb7-ba1c-4e8c-9cc3-1aeb50345a1f,216301267,Commune de Le Crest (63),false,{63126},Commune,2026-03-24 14:42:06.130387+01,gold_establishments_2025,,,,21630126700011,2025,Collectivité Territoriale,Commune,['Puy-de-Dôme'],['Auvergne-Rhône-Alpes'],COM,{63},{84}
bedbb26e-cb59-4115-abeb-33d34e8b821f,210700738,Commune de Le Crestet (07),false,{07073},Commune,2026-03-24 14:41:52.562531+01,gold_establishments_2025,,,,21070073800011,2025,Collectivité Territoriale,Commune,['Ardèche'],['Auvergne-Rhône-Alpes'],COM,{07},{84}
44675835-aaea-4bd8-9ff5-8a54cffd7f8d,217101534,Commune de Le Creusot (71),false,{71153},Commune,2026-03-24 14:42:07.735343+01,gold_establishments_2025,,,,21710153400014,2025,Collectivité Territoriale,Commune,['Saône-et-Loire'],['Bourgogne-Franche-Comté'],COM,{71},{27}
09c57531-f86b-4626-85d0-3a703a532baa,216001818,Commune de Le Crocq (60),false,{60182},Commune,2026-03-24 14:42:04.814328+01,gold_establishments_2025,,,,21600181800014,2025,Collectivité Territoriale,Commune,['Oise'],['Hauts-de-France'],COM,{60},{32}
ca942a4e-42af-432b-a537-bb93433d444a,214400491,Commune de Le Croisic (44),false,{44049},Commune,2026-03-24 14:42:00.273698+01,gold_establishments_2025,,,,21440049100129,2025,Collectivité Territoriale,Commune,['Loire-Atlantique'],['Pays de la Loire'],COM,{44},{52}
9e88668f-bf7f-4330-9008-ce0cbf4dc067,215600487,Commune de Le Croisty (56),false,{56048},Commune,2026-03-24 14:42:03.701372+01,gold_establishments_2025,,,,21560048700015,2025,Collectivité Territoriale,Commune,['Morbihan'],['Bretagne'],COM,{56},{53}
a4623dfb-40c5-4e03-883f-486aa2828572,213400914,Commune de Le Cros (34),false,{34091},Commune,2026-03-24 14:41:58.620411+01,gold_establishments_2025,,,,21340091400015,2025,Collectivité Territoriale,Commune,['Hérault'],['Occitanie'],COM,{34},{76}
dda83b65-3d0a-4f64-918f-7a0e6b3abcb1,218002202,Commune de Le Crotoy (80),false,{80228},Commune,2026-03-24 14:42:09.967209+01,gold_establishments_2025,,,,21800220200016,2025,Collectivité Territoriale,Commune,['Somme'],['Hauts-de-France'],COM,{80},{32}
0d5cf345-e2cf-42e7-a001-7da4345e3d87,213500911,Commune de Le Crouais (35),false,{35091},Commune,2026-03-24 14:41:58.620411+01,gold_establishments_2025,,,,21350091100010,2025,Collectivité Territoriale,Commune,['Ille-et-Vilaine'],['Bretagne'],COM,{35},{53}
ddbb1cd7-5dd4-45b6-804e-d5db2d93b119,212501795,Commune de Le Crouzet (25),false,{25179},Commune,2026-03-24 14:41:56.495197+01,gold_establishments_2025,,,,21250179500018,2025,Collectivité Territoriale,Commune,['Doubs'],['Bourgogne-Franche-Comté'],COM,{25},{27}
0a30da37-98eb-425b-b1ac-6fa53eb5655e,214200784,Commune de Le Crozet (42),false,{42078},Commune,2026-03-24 14:42:00.273698+01,gold_establishments_2025,,,,21420078400012,2025,Collectivité Territoriale,Commune,['Loire'],['Auvergne-Rhône-Alpes'],COM,{42},{84}
79c3d198-1f6a-4ca3-9ba8-e63fda73bcb3,213400906,Commune de Le Crès (34),false,{34090},Commune,2026-03-24 14:41:58.620411+01,gold_establishments_2025,,,,21340090600011,2025,Collectivité Territoriale,Commune,['Hérault'],['Occitanie'],COM,{34},{76}
e86beb55-305e-4c49-ae3b-4c9631003f01,213101595,Commune de Le Cuing (31),false,{31159},Commune,2026-03-24 14:41:57.56054+01,gold_establishments_2025,,,,21310159500014,2025,Collectivité Territoriale,Commune,['Haute-Garonne'],['Occitanie'],COM,{31},{76}
96b9e162-c054-45b2-9e76-e8a589fe469b,213901937,Commune de Le Deschaux (39),false,{39193},Commune,2026-03-24 14:41:59.705606+01,gold_establishments_2025,,,,21390193700010,2025,Collectivité Territoriale,Commune,['Jura'],['Bourgogne-Franche-Comté'],COM,{39},{27}
3c14be2b-9a30-45b2-afa0-d784f084b634,219722063,Commune de Le Diamant (972),false,{97206},Commune,2026-03-24 14:42:11.659493+01,gold_establishments_2025,,,,21972206300019,2025,Collectivité Territoriale,Commune,['Martinique'],['Martinique'],COM,{972},{02}
4af5b390-0dd4-4772-8264-aa37cb81f7d7,210301032,Commune de Le Donjon (03),false,{03103},Commune,2026-03-24 14:41:52.020251+01,gold_establishments_2025,,,,21030103200012,2025,Collectivité Territoriale,Commune,['Allier'],['Auvergne-Rhône-Alpes'],COM,{03},{84}
29c87208-a646-4bc9-b308-f0d88d7d0348,212307409,Commune de Le Donzeil (23),false,{23074},Commune,2026-03-24 14:41:55.958138+01,gold_establishments_2025,,,,21230740900012,2025,Collectivité Territoriale,Commune,['Creuse'],['Nouvelle-Aquitaine'],COM,{23},{75}
c019b75d-836b-4446-8df7-5f3946f6e1d9,218705903,Commune de Le Dorat (87),false,{87059},Commune,2026-03-24 14:42:11.118516+01,gold_establishments_2025,,,,21870590300019,2025,Collectivité Territoriale,Commune,['Haute-Vienne'],['Nouvelle-Aquitaine'],COM,{87},{75}
aae22664-a8a5-4afa-8328-84326b4c42e1,211701438,Commune de Le Douhet (17),false,{17143},Commune,2026-03-24 14:41:54.903238+01,gold_establishments_2025,,,,21170143800015,2025,Collectivité Territoriale,Commune,['Charente-Maritime'],['Nouvelle-Aquitaine'],COM,{17},{75}
95793e73-9943-4505-be3b-49e7de537301,215901802,Commune de Le Doulieu (59),false,{59180},Commune,2026-03-24 14:42:04.280096+01,gold_establishments_2025,,,,21590180200011,2025,Collectivité Territoriale,Commune,['Nord'],['Hauts-de-France'],COM,{59},{32}
2d2c0724-f65b-4557-9da7-925508b1af59,218100824,Commune de Le Dourn (81),false,{81082},Commune,2026-03-24 14:42:09.967209+01,gold_establishments_2025,,,,21810082400018,2025,Collectivité Territoriale,Commune,['Tarn'],['Occitanie'],COM,{81},{76}
e38e20f7-a850-4c29-8473-6b9901a0838b,212900476,Commune de Le Drennec (29),false,{29047},Commune,2026-03-24 14:41:57.028721+01,gold_establishments_2025,,,,21290047600012,2025,Collectivité Territoriale,Commune,['Finistère'],['Bretagne'],COM,{29},{53}
a7f5fa6a-3ec3-4768-a901-fe2aa5513353,211402235,Commune de Le Détroit (14),false,{14223},Commune,2026-03-24 14:41:54.362296+01,gold_establishments_2025,,,,21140223500017,2025,Collectivité Territoriale,Commune,['Calvados'],['Normandie'],COM,{14},{28}
4537b571-9bbf-41a9-a0de-49b4eb75fb66,215001611,Commune de Le Dézert (50),false,{50161},Commune,2026-03-24 14:42:01.412377+01,gold_establishments_2025,,,,21500161100015,2025,Collectivité Territoriale,Commune,['Manche'],['Normandie'],COM,{50},{28}
1ff987d5-196d-4766-bebe-d464115af425,213101793,Commune de Le Faget (31),false,{31179},Commune,2026-03-24 14:41:58.09424+01,gold_establishments_2025,,,,21310179300015,2025,Collectivité Territoriale,Commune,['Haute-Garonne'],['Occitanie'],COM,{31},{76}
594bff6c-1c2b-4824-93c7-e4820f9a2fdc,211500665,Commune de Le Falgoux (15),false,{15066},Commune,2026-03-24 14:41:54.362296+01,gold_establishments_2025,,,,21150066500016,2025,Collectivité Territoriale,Commune,['Cantal'],['Auvergne-Rhône-Alpes'],COM,{15},{84}
aa4ecebb-f64b-414f-867d-3a76954c3b05,212900534,Commune de Le Faou (29),false,{29053},Commune,2026-03-24 14:41:57.028721+01,gold_establishments_2025,,,,21290053400018,2025,Collectivité Territoriale,Commune,['Finistère'],['Bretagne'],COM,{29},{53}
dd3f5a8b-b9ca-4661-ae7d-b1b2ae03d501,212200570,Commune de Le Faouët (22),false,{22057},Commune,2026-03-24 14:41:55.433389+01,gold_establishments_2025,,,,21220057000019,2025,Collectivité Territoriale,Commune,"[""Côtes-d'Armor""]",['Bretagne'],COM,{22},{53}
8979dee7-8bf8-47e4-b011-b9aa0972a517,215600578,Commune de Le Faouët (56),false,{56057},Commune,2026-03-24 14:42:03.701372+01,gold_establishments_2025,,,,21560057800011,2025,Collectivité Territoriale,Commune,['Morbihan'],['Bretagne'],COM,{56},{53}
5f4cf857-27ed-4010-9842-ea373bb7df0d,211500673,Commune de Le Fau (15),false,{15067},Commune,2026-03-24 14:41:54.362296+01,gold_establishments_2025,,,,21150067300010,2025,Collectivité Territoriale,Commune,['Cantal'],['Auvergne-Rhône-Alpes'],COM,{15},{84}
24590698-7f2d-42b8-905b-c199734b7f5d,213101819,Commune de Le Fauga (31),false,{31181},Commune,2026-03-24 14:41:58.09424+01,gold_establishments_2025,,,,21310181900018,2025,Collectivité Territoriale,Commune,['Haute-Garonne'],['Occitanie'],COM,{31},{76}
f90e6fde-667c-4758-80c1-d107d1dbb542,211402615,Commune de Le Faulq (14),false,{14261},Commune,2026-03-24 14:41:54.362296+01,gold_establishments_2025,,,,21140261500010,2025,Collectivité Territoriale,Commune,['Calvados'],['Normandie'],COM,{14},{28}
3d3529a9-3820-4315-a042-8a660ce955c0,212702377,Commune de Le Favril (27),false,{27237},Commune,2026-03-24 14:41:57.028721+01,gold_establishments_2025,,,,21270237700012,2025,Collectivité Territoriale,Commune,['Eure'],['Normandie'],COM,{27},{28}
21fc3b43-5b4a-4622-a7b4-213b3428f8ad,212801484,Commune de Le Favril (28),false,{28148},Commune,2026-03-24 14:41:57.028721+01,gold_establishments_2025,,,,21280148400016,2025,Collectivité Territoriale,Commune,['Eure-et-Loir'],['Centre-Val de Loire'],COM,{28},{24}
ef479e95-d7ed-45c3-8a93-909a5a327631,215902230,Commune de Le Favril (59),false,{59223},Commune,2026-03-24 14:42:04.280096+01,gold_establishments_2025,,,,21590223000014,2025,Collectivité Territoriale,Commune,['Nord'],['Hauts-de-France'],COM,{59},{32}
1d7bdae2-8f77-45d0-8381-ec68be59d1dd,217101963,Commune de Le Fay (71),false,{71196},Commune,2026-03-24 14:42:07.735343+01,gold_establishments_2025,,,,21710196300015,2025,Collectivité Territoriale,Commune,['Saône-et-Loire'],['Bourgogne-Franche-Comté'],COM,{71},{27}
9d232456-13e6-41f4-9126-24467a23f87c,216002287,Commune de Le Fay-Saint-Quentin (60),false,{60230},Commune,2026-03-24 14:42:04.814328+01,gold_establishments_2025,,,,21600228700011,2025,Collectivité Territoriale,Commune,['Oise'],['Hauts-de-France'],COM,{60},{32}
b75f21d1-0266-40d7-acf8-294fca8c66bd,216002279,Commune de Le Fayel (60),false,{60229},Commune,2026-03-24 14:42:04.814328+01,gold_establishments_2025,,,,21600227900018,2025,Collectivité Territoriale,Commune,['Oise'],['Hauts-de-France'],COM,{60},{32}
156b73b5-3b3d-4e8c-a9a0-8d5287f3584a,211200936,Commune de Le Fel (12),false,{12093},Commune,2026-03-24 14:41:53.63825+01,gold_establishments_2025,,,,21120093600014,2025,Collectivité Territoriale,Commune,['Aveyron'],['Occitanie'],COM,{12},{76}
fb711b93-304c-4e9a-a684-c7f295338755,218500882,Commune de Le Fenouiller (85),false,{85088},Commune,2026-03-24 14:42:10.508772+01,gold_establishments_2025,,,,21850088200012,2025,Collectivité Territoriale,Commune,['Vendée'],['Pays de la Loire'],COM,{85},{52}
51067cfe-f82d-47c3-8a93-eff42fe6f769,213501117,Commune de Le Ferré (35),false,{35111},Commune,2026-03-24 14:41:58.620411+01,gold_establishments_2025,,,,21350111700013,2025,Collectivité Territoriale,Commune,['Ille-et-Vilaine'],['Bretagne'],COM,{35},{53}
e4fdda05-2467-413d-8584-9cace7cdb7c0,212702427,Commune de Le Fidelaire (27),false,{27242},Commune,2026-03-24 14:41:57.028721+01,gold_establishments_2025,,,,21270242700015,2025,Collectivité Territoriale,Commune,['Eure'],['Normandie'],COM,{27},{28}
17965ca2-b924-472b-b5bf-24be76db3c13,213902257,Commune de Le Fied (39),false,{39225},Commune,2026-03-24 14:41:59.705606+01,gold_establishments_2025,,,,21390225700012,2025,Collectivité Territoriale,Commune,['Jura'],['Bourgogne-Franche-Comté'],COM,{39},{27}
a684c9f2-c667-4e43-a6ab-f3902b6fa1b3,213301666,Commune de Le Fieu (33),false,{33166},Commune,2026-03-24 14:41:58.620411+01,gold_establishments_2025,,,,21330166600011,2025,Collectivité Territoriale,Commune,['Gironde'],['Nouvelle-Aquitaine'],COM,{33},{75}
965d6b39-ca59-4b7c-b7a1-2c43a019d542,212401822,Commune de Le Fleix (24),false,{24182},Commune,2026-03-24 14:41:55.958138+01,gold_establishments_2025,,,,21240182200011,2025,Collectivité Territoriale,Commune,['Dordogne'],['Nouvelle-Aquitaine'],COM,{24},{75}
52d22796-4eb8-4f0b-b0d7-520c00a06506,212900559,Commune de Le Folgoët (29),false,{29055},Commune,2026-03-24 14:41:57.028721+01,gold_establishments_2025,,,,21290055900015,2025,Collectivité Territoriale,Commune,['Finistère'],['Bretagne'],COM,{29},{53}
7daa1073-cb7e-4e76-bea7-328ba23df808,210901245,Commune de Le Fossat (09),false,{09124},Commune,2026-03-24 14:41:53.095366+01,gold_establishments_2025,,,,21090124500014,2025,Collectivité Territoriale,Commune,['Ariège'],['Occitanie'],COM,{09},{76}
937f9d84-db83-494a-942e-b1417fe0cc39,211701677,Commune de Le Fouilloux (17),false,{17167},Commune,2026-03-24 14:41:54.903238+01,gold_establishments_2025,,,,21170167700018,2025,Collectivité Territoriale,Commune,['Charente-Maritime'],['Nouvelle-Aquitaine'],COM,{17},{75}
abc5be64-2fdf-471b-863e-582d7f1f66f3,211402854,Commune de Le Fournet (14),false,{14285},Commune,2026-03-24 14:41:54.362296+01,gold_establishments_2025,,,,21140285400015,2025,Collectivité Territoriale,Commune,['Calvados'],['Normandie'],COM,{14},{28}
c5b8f412-dd19-40fa-aa5a-a21e21e3f4cf,213101934,Commune de Le Fousseret (31),false,{31193},Commune,2026-03-24 14:41:58.09424+01,gold_establishments_2025,,,,21310193400064,2025,Collectivité Territoriale,Commune,['Haute-Garonne'],['Occitanie'],COM,{31},{76}
0af0be6b-32d0-46f4-97fb-3d4b01a0edd7,219722105,Commune de Le François (972),false,{97210},Commune,2026-03-24 14:42:11.659493+01,gold_establishments_2025,,,,21972210500018,2025,Collectivité Territoriale,Commune,['Martinique'],['Martinique'],COM,{972},{02}
04fa6c2c-80b7-4ae1-ab0d-4c71456c323e,213902406,Commune de Le Frasnois (39),false,{39240},Commune,2026-03-24 14:41:59.705606+01,gold_establishments_2025,,,,21390240600015,2025,Collectivité Territoriale,Commune,['Jura'],['Bourgogne-Franche-Comté'],COM,{39},{27}
9f97a664-213c-41f4-890e-a6f5b2e6eaca,218100964,Commune de Le Fraysse (81),false,{81096},Commune,2026-03-24 14:42:09.967209+01,gold_establishments_2025,,,,21810096400012,2025,Collectivité Territoriale,Commune,['Tarn'],['Occitanie'],COM,{81},{76}
cd95c46f-8321-4832-9803-25331dbf15a6,213801731,Commune de Le Freney-d'Oisans (38),false,{38173},Commune,2026-03-24 14:41:59.160244+01,gold_establishments_2025,,,,21380173100018,2025,Collectivité Territoriale,Commune,['Isère'],['Auvergne-Rhône-Alpes'],COM,{38},{84}
e7903265-5275-4628-bf10-c212586014c0,215102419,Commune de Le Fresne (51),false,{51260},Commune,2026-03-24 14:42:01.954481+01,gold_establishments_2025,,,,21510241900011,2025,Collectivité Territoriale,Commune,['Marne'],['Grand Est'],COM,{51},{44}
39bb3c43-490d-47c9-a75b-4b32d9093d33,211402888,Commune de Le Fresne-Camilly (14),false,{14288},Commune,2026-03-24 14:41:54.362296+01,gold_establishments_2025,,,,21140288800013,2025,Collectivité Territoriale,Commune,['Calvados'],['Normandie'],COM,{14},{28}
f6e9002f-34c1-45a1-a037-0b285f23662e,215001934,Commune de Le Fresne-Poret (50),false,{50193},Commune,2026-03-24 14:42:01.412377+01,gold_establishments_2025,,,,21500193400011,2025,Collectivité Territoriale,Commune,['Manche'],['Normandie'],COM,{50},{28}
c23661c7-f660-44dc-b89b-dcdd5cb1a580,216002600,Commune de Le Frestoy-Vaux (60),false,{60262},Commune,2026-03-24 14:42:04.814328+01,gold_establishments_2025,,,,21600260000015,2025,Collectivité Territoriale,Commune,['Oise'],['Hauts-de-France'],COM,{60},{32}
5e90b3b5-6942-4f47-81f1-0b6672323f74,213101983,Commune de Le Fréchet (31),false,{31198},Commune,2026-03-24 14:41:58.09424+01,gold_establishments_2025,,,,21310198300012,2025,Collectivité Territoriale,Commune,['Haute-Garonne'],['Occitanie'],COM,{31},{76}
b8f0b681-b947-4820-9b63-13b45e361734,210801650,Commune de Le Fréty (08),false,{08182},Commune,2026-03-24 14:41:52.562531+01,gold_establishments_2025,,,,21080165000016,2025,Collectivité Territoriale,Commune,['Ardennes'],['Grand Est'],COM,{08},{44}
dadbadfb-56ca-4244-8dbf-900baef82cc7,214001000,Commune de Le Frêche (40),false,{40100},Commune,2026-03-24 14:41:59.705606+01,gold_establishments_2025,,,,21400100000014,2025,Collectivité Territoriale,Commune,['Landes'],['Nouvelle-Aquitaine'],COM,{40},{75}
c55c8e1d-94d7-471b-9713-87a643a1e98a,210400909,Commune de Le Fugeret (04),false,{04090},Commune,2026-03-24 14:41:52.020251+01,gold_establishments_2025,,,,21040090900011,2025,Collectivité Territoriale,Commune,['Alpes-de-Haute-Provence'],"[""Provence-Alpes-Côte d'Azur""]",COM,{04},{93}
c78d20ff-d858-4496-936e-7fefb22644d4,212102644,Commune de Le Fête (21),false,{21264},Commune,2026-03-24 14:41:55.433389+01,gold_establishments_2025,,,,21210264400011,2025,Collectivité Territoriale,Commune,"[""Côte-d'Or""]",['Bourgogne-Franche-Comté'],COM,{21},{27}
72f7483c-4849-41e5-a025-e4126f4c0aff,212200596,Commune de Le Fœil (22),false,{22059},Commune,2026-03-24 14:41:55.433389+01,gold_establishments_2025,,,,21220059600014,2025,Collectivité Territoriale,Commune,"[""Côtes-d'Armor""]",['Bretagne'],COM,{22},{53}
9a984de1-db92-4608-b565-17e48a4798f0,216002642,Commune de Le Gallet (60),false,{60267},Commune,2026-03-24 14:42:04.814328+01,gold_establishments_2025,,,,21600264200017,2025,Collectivité Territoriale,Commune,['Oise'],['Hauts-de-France'],COM,{60},{32}
061848d1-9bff-4faf-8a8b-bfa6c6475c30,213001241,Commune de Le Garn (30),false,{30124},Commune,2026-03-24 14:41:57.56054+01,gold_establishments_2025,,,,21300124100016,2025,Collectivité Territoriale,Commune,['Gard'],['Occitanie'],COM,{30},{76}
45b231c9-a1b2-40e9-a058-c556e2b19d2e,218101012,Commune de Le Garric (81),false,{81101},Commune,2026-03-24 14:42:09.967209+01,gold_establishments_2025,,,,21810101200019,2025,Collectivité Territoriale,Commune,['Tarn'],['Occitanie'],COM,{81},{76}
21b1406e-152d-4a2a-94de-dd15654e942c,212801765,Commune de Le Gault-Saint-Denis (28),false,{28176},Commune,2026-03-24 14:41:57.028721+01,gold_establishments_2025,,,,21280176500018,2025,Collectivité Territoriale,Commune,['Eure-et-Loir'],['Centre-Val de Loire'],COM,{28},{24}
6bbc5458-afab-4067-bae3-8f6b1fa21a42,215102450,Commune de Le Gault-Soigny (51),false,{51264},Commune,2026-03-24 14:42:01.954481+01,gold_establishments_2025,,,,21510245000016,2025,Collectivité Territoriale,Commune,['Marne'],['Grand Est'],COM,{51},{44}
e47dadd5-3ca4-4eeb-872f-1a7b80cbdc17,214100968,Commune de Le Gault-du-Perche (41),false,{41096},Commune,2026-03-24 14:42:00.273698+01,gold_establishments_2025,,,,21410096800012,2025,Collectivité Territoriale,Commune,['Loir-et-Cher'],['Centre-Val de Loire'],COM,{41},{24}
dc457049-9bd4-42e8-b3b5-2e23e1d36d06,215301037,Commune de Le Genest-Saint-Isle (53),false,{53103},Commune,2026-03-24 14:42:02.957225+01,gold_establishments_2025,,,,21530103700010,2025,Collectivité Territoriale,Commune,['Mayenne'],['Pays de la Loire'],COM,{53},{52}
2c107589-37d9-4914-9fda-2bacfa2957cc,211701776,Commune de Le Gicq (17),false,{17177},Commune,2026-03-24 14:41:54.903238+01,gold_establishments_2025,,,,21170177600018,2025,Collectivité Territoriale,Commune,['Charente-Maritime'],['Nouvelle-Aquitaine'],COM,{17},{75}
e8520b6b-91ad-4a88-a53d-0bdc4320f3a2,218500999,Commune de Le Girouard (85),false,{85099},Commune,2026-03-24 14:42:10.508772+01,gold_establishments_2025,,,,21850099900014,2025,Collectivité Territoriale,Commune,['Vendée'],['Pays de la Loire'],COM,{85},{52}
914b219a-18b0-410e-b895-42e4b1a0a8cb,218501013,Commune de Le Givre (85),false,{85101},Commune,2026-03-24 14:42:10.508772+01,gold_establishments_2025,,,,21850101300013,2025,Collectivité Territoriale,Commune,['Vendée'],['Pays de la Loire'],COM,{85},{52}
be947b88-cb5a-4c16-892c-1fd4a02b29fd,210500625,Commune de Le Glaizil (05),false,{05062},Commune,2026-03-24 14:41:52.562531+01,gold_establishments_2025,,,,21050062500012,2025,Collectivité Territoriale,Commune,['Hautes-Alpes'],"[""Provence-Alpes-Côte d'Azur""]",COM,{05},{93}
e2a4d316-0d6f-49d7-85b3-2f8fa7fa3af6,219711132,Commune de Le Gosier (971),false,{97113},Commune,2026-03-24 14:42:11.659493+01,gold_establishments_2025,,,,21971113200015,2025,Collectivité Territoriale,Commune,['Guadeloupe'],['Guadeloupe'],COM,{971},{01}
c7b5362e-329e-4abc-a73b-5380911ed5cb,216101956,Commune de Le Grais (61),false,{61195},Commune,2026-03-24 14:42:05.597325+01,gold_establishments_2025,,,,21610195600011,2025,Collectivité Territoriale,Commune,['Orne'],['Normandie'],COM,{61},{28}
ecdeaf56-1673-4042-95d5-c7035442fa9a,217401363,Commune de Le Grand-Bornand (74),false,{74136},Commune,2026-03-24 14:42:08.279287+01,gold_establishments_2025,,,,21740136300015,2025,Collectivité Territoriale,Commune,['Haute-Savoie'],['Auvergne-Rhône-Alpes'],COM,{74},{84}
9582413e-4f8f-4ddf-90f9-5360ebfde51f,212309504,Commune de Le Grand-Bourg (23),false,{23095},Commune,2026-03-24 14:41:55.958138+01,gold_establishments_2025,,,,21230950400018,2025,Collectivité Territoriale,Commune,['Creuse'],['Nouvelle-Aquitaine'],COM,{23},{75}
5fef4961-f533-4a8d-b9d0-67442debb238,215002171,Commune de Le Grand-Celland (50),false,{50217},Commune,2026-03-24 14:42:01.412377+01,gold_establishments_2025,,,,21500217100019,2025,Collectivité Territoriale,Commune,['Manche'],['Normandie'],COM,{50},{28}
273d0fb3-6bbc-4925-b130-f8e358ded7f7,213801822,Commune de Le Grand-Lemps (38),false,{38182},Commune,2026-03-24 14:41:59.160244+01,gold_establishments_2025,,,,21380182200015,2025,Collectivité Territoriale,Commune,['Isère'],['Auvergne-Rhône-Alpes'],COM,{38},{84}
6202a84d-765c-47dd-a390-5e041f1d278a,217201433,Commune de Le Grand-Lucé (72),false,{72143},Commune,2026-03-24 14:42:08.279287+01,gold_establishments_2025,,,,21720143300018,2025,Collectivité Territoriale,Commune,['Sarthe'],['Pays de la Loire'],COM,{72},{52}
92f88324-98c7-4746-a794-ad8297a7f732,211601570,Commune de Le Grand-Madieu (16),false,{16157},Commune,2026-03-24 14:41:54.362296+01,gold_establishments_2025,,,,21160157000016,2025,Collectivité Territoriale,Commune,['Charente'],['Nouvelle-Aquitaine'],COM,{16},{75}
bcc85a58-3f7b-4631-881f-0c3b4883baa5,213701139,Commune de Le Grand-Pressigny (37),false,{37113},Commune,2026-03-24 14:41:59.160244+01,gold_establishments_2025,,,,21370113900015,2025,Collectivité Territoriale,Commune,['Indre-et-Loire'],['Centre-Val de Loire'],COM,{37},{24}
cd1d06b1-b96a-4522-b174-0b068b4934cf,217603224,Commune de Le Grand-Quevilly (76),false,{76322},Commune,2026-03-24 14:42:08.818969+01,gold_establishments_2025,,,,21760322400015,2025,Collectivité Territoriale,Commune,['Seine-Maritime'],['Normandie'],COM,{76},{28}
659836df-ec3b-47b2-bfcf-2b90d37e7873,212601439,Commune de Le Grand-Serre (26),false,{26143},Commune,2026-03-24 14:41:56.495197+01,gold_establishments_2025,,,,21260143900012,2025,Collectivité Territoriale,Commune,['Drôme'],['Auvergne-Rhône-Alpes'],COM,{26},{84}
a0fd1763-40ec-498c-b0ec-246966b1c80e,211704853,Commune de Le Grand-Village-Plage (17),false,{17485},Commune,2026-03-24 14:41:54.903238+01,gold_establishments_2025,,,,21170485300012,2025,Collectivité Territoriale,Commune,['Charente-Maritime'],['Nouvelle-Aquitaine'],COM,{17},{75}
20512c7d-ceb3-4cf6-9c3f-650a7fd4b9b2,213001332,Commune de Le Grau-du-Roi (30),false,{30133},Commune,2026-03-24 14:41:57.56054+01,gold_establishments_2025,,,,21300133200146,2025,Collectivité Territoriale,Commune,['Gard'],['Occitanie'],COM,{30},{76}
13a06f25-4cba-4824-a231-96c74b519237,217201458,Commune de Le Grez (72),false,{72145},Commune,2026-03-24 14:42:08.279287+01,gold_establishments_2025,,,,21720145800015,2025,Collectivité Territoriale,Commune,['Sarthe'],['Pays de la Loire'],COM,{72},{52}
b6f50c88-75e5-4a5c-93f1-85b2dc4126c7,200057396,Commune de Le Grippon (50),false,{50115},Commune,2026-03-24 14:42:01.412377+01,gold_establishments_2025,,,,20005739600018,2025,Collectivité Territoriale,Commune,['Manche'],['Normandie'],COM,{50},{28}
35132994-a42a-41e7-bb53-4040e61a0953,213102346,Commune de Le Grès (31),false,{31234},Commune,2026-03-24 14:41:58.09424+01,gold_establishments_2025,,,,21310234600011,2025,Collectivité Territoriale,Commune,['Haute-Garonne'],['Occitanie'],COM,{31},{76}
49df9990-d30d-4ce9-b8fe-f6ceef1c2f07,211701859,Commune de Le Gua (17),false,{17185},Commune,2026-03-24 14:41:54.903238+01,gold_establishments_2025,,,,21170185900012,2025,Collectivité Territoriale,Commune,['Charente-Maritime'],['Nouvelle-Aquitaine'],COM,{17},{75}
ef35843d-8f77-4b58-8129-23a47bcb6094,213801871,Commune de Le Gua (38),false,{38187},Commune,2026-03-24 14:41:59.160244+01,gold_establishments_2025,,,,21380187100012,2025,Collectivité Territoriale,Commune,['Isère'],['Auvergne-Rhône-Alpes'],COM,{38},{84}
f8d4cdc8-c2ea-4b9f-91a1-39f754e748bf,215600776,Commune de Le Guerno (56),false,{56077},Commune,2026-03-24 14:42:03.701372+01,gold_establishments_2025,,,,21560077600011,2025,Collectivité Territoriale,Commune,['Morbihan'],['Bretagne'],COM,{56},{53}
64de5c38-d053-49f8-930e-d7b383bd5dda,215002254,Commune de Le Guislain (50),false,{50225},Commune,2026-03-24 14:42:01.412377+01,gold_establishments_2025,,,,21500225400013,2025,Collectivité Territoriale,Commune,['Manche'],['Normandie'],COM,{50},{28}
24853cb5-cc1c-4f88-8d7d-395044ed585c,211701867,Commune de Le Gué-d'Alleré (17),false,{17186},Commune,2026-03-24 14:41:54.903238+01,gold_establishments_2025,,,,21170186700015,2025,Collectivité Territoriale,Commune,['Charente-Maritime'],['Nouvelle-Aquitaine'],COM,{17},{75}
a49cf347-0cac-4d46-b284-b1aa4f9a1cb2,212801880,Commune de Le Gué-de-Longroi (28),false,{28188},Commune,2026-03-24 14:41:57.028721+01,gold_establishments_2025,,,,21280188000015,2025,Collectivité Territoriale,Commune,['Eure-et-Loir'],['Centre-Val de Loire'],COM,{28},{24}
8e4b6a54-3bc5-4e9f-bb32-e6b95530ab1a,218501054,Commune de Le Gué-de-Velluire (85),false,{85105},Commune,2026-03-24 14:42:10.508772+01,gold_establishments_2025,,,,21850105400017,2025,Collectivité Territoriale,Commune,['Vendée'],['Pays de la Loire'],COM,{85},{52}
fe461062-a904-492a-8181-e1e0a369531f,214400624,Commune de Le Gâvre (44),false,{44062},Commune,2026-03-24 14:42:00.273698+01,gold_establishments_2025,,,,21440062400018,2025,Collectivité Territoriale,Commune,['Loire-Atlantique'],['Pays de la Loire'],COM,{44},{52}
84e258eb-0d2c-4c70-80b6-de24d5c58b9c,213302003,Commune de Le Haillan (33),false,{33200},Commune,2026-03-24 14:41:58.620411+01,gold_establishments_2025,,,,21330200300016,2025,Collectivité Territoriale,Commune,['Gironde'],['Nouvelle-Aquitaine'],COM,{33},{75}
2c8d077e-2130-41d9-ba99-cc48ac789827,215002270,Commune de Le Ham (50),false,{50227},Commune,2026-03-24 14:42:01.412377+01,gold_establishments_2025,,,,21500227000019,2025,Collectivité Territoriale,Commune,['Manche'],['Normandie'],COM,{50},{28}
8138b79b-1669-4ecf-9717-7520bedf3cc9,215301128,Commune de Le Ham (53),false,{53112},Commune,2026-03-24 14:42:02.957225+01,gold_establishments_2025,,,,21530112800017,2025,Collectivité Territoriale,Commune,['Mayenne'],['Pays de la Loire'],COM,{53},{52}
69082f0b-0801-43f8-9c86-4b57de027d41,216002949,Commune de Le Hamel (60),false,{60297},Commune,2026-03-24 14:42:04.814328+01,gold_establishments_2025,,,,21600294900016,2025,Collectivité Territoriale,Commune,['Oise'],['Hauts-de-France'],COM,{60},{32}
11fcdb24-9b13-4755-a9b7-7dfa6171a6e2,218003937,Commune de Le Hamel (80),false,{80411},Commune,2026-03-24 14:42:09.967209+01,gold_establishments_2025,,,,21800393700016,2025,Collectivité Territoriale,Commune,['Somme'],['Hauts-de-France'],COM,{80},{32}
18505074-4906-446e-8fb4-f70c4218759b,217603398,Commune de Le Hanouard (76),false,{76339},Commune,2026-03-24 14:42:08.818969+01,gold_establishments_2025,,,,21760339800017,2025,Collectivité Territoriale,Commune,['Seine-Maritime'],['Normandie'],COM,{76},{28}
dc215f08-4195-4062-aa47-39f4b25c9129,200054930,Commune de Le Haut Soultzbach (68),false,{68219},Commune,2026-03-24 14:42:07.195692+01,gold_establishments_2025,,,,20005493000017,2025,Collectivité Territoriale,Commune,['Haut-Rhin'],['Grand Est'],COM,{68},{44}
2d451578-574b-4847-be50-054b0b0dc43e,200086437,Commune de Le Haut-Bréda (38),false,{38163},Commune,2026-03-24 14:41:59.160244+01,gold_establishments_2025,,,,20008643700015,2025,Collectivité Territoriale,Commune,['Isère'],['Auvergne-Rhône-Alpes'],COM,{38},{84}
4063933a-c265-4c6d-b234-8064482af93a,212200745,Commune de Le Haut-Corlay (22),false,{22074},Commune,2026-03-24 14:41:55.433389+01,gold_establishments_2025,,,,21220074500017,2025,Collectivité Territoriale,Commune,"[""Côtes-d'Armor""]",['Bretagne'],COM,{22},{53}
c64a5d42-312a-4e11-87a9-1ebd11a66909,217603513,Commune de Le Havre (76),false,{76351},Commune,2026-03-24 14:42:08.818969+01,gold_establishments_2025,,,,21760351300011,2025,Collectivité Territoriale,Commune,['Seine-Maritime'],['Normandie'],COM,{76},{28}
96c90d65-b83e-43b8-9ed2-21c1148c48a3,219503034,Commune de Le Heaulme (95),false,{95303},Commune,2026-03-24 14:42:11.659493+01,gold_establishments_2025,,,,21950303400015,2025,Collectivité Territoriale,Commune,"[""Val-d'Oise""]",['Île-de-France'],COM,{95},{11}
04cad354-4de1-4bb2-8cfb-e2789e5ab516,212200828,Commune de Le Hinglé (22),false,{22082},Commune,2026-03-24 14:41:55.433389+01,gold_establishments_2025,,,,21220082800011,2025,Collectivité Territoriale,Commune,"[""Côtes-d'Armor""]",['Bretagne'],COM,{22},{53}
294fa88f-5c85-4063-9572-525a71114b6b,216702100,Commune de Le Hohwald (67),false,{67210},Commune,2026-03-24 14:42:07.195692+01,gold_establishments_2025,,,,21670210000019,2025,Collectivité Territoriale,Commune,['Bas-Rhin'],['Grand Est'],COM,{67},{44}
1608d539-57f7-4447-a81e-710b91ba5453,215301169,Commune de Le Horps (53),false,{53116},Commune,2026-03-24 14:42:02.957225+01,gold_establishments_2025,,,,21530116900011,2025,Collectivité Territoriale,Commune,['Mayenne'],['Pays de la Loire'],COM,{53},{52}
1f1eca83-b68e-43d1-9455-20256eed363b,213201551,Commune de Le Houga (32),false,{32155},Commune,2026-03-24 14:41:58.09424+01,gold_establishments_2025,,,,21320155100016,2025,Collectivité Territoriale,Commune,['Gers'],['Occitanie'],COM,{32},{76}
1d056211-6831-4da9-b367-c58137415c03,217603661,Commune de Le Houlme (76),false,{76366},Commune,2026-03-24 14:42:08.818969+01,gold_establishments_2025,,,,21760366100018,2025,Collectivité Territoriale,Commune,['Seine-Maritime'],['Normandie'],COM,{76},{28}
02318aa1-1d66-4902-84f5-8aa4cb60c0fa,215301185,Commune de Le Housseau-Brétignolles (53),false,{53118},Commune,2026-03-24 14:42:02.957225+01,gold_establishments_2025,,,,21530118500017,2025,Collectivité Territoriale,Commune,['Mayenne'],['Pays de la Loire'],COM,{53},{52}
0ee5116d-394d-455d-b417-a79065fa18ee,210203592,Commune de Le Hérie-la-Viéville (02),false,{02379},Commune,2026-03-24 14:41:52.020251+01,gold_establishments_2025,,,,21020359200014,2025,Collectivité Territoriale,Commune,['Aisne'],['Hauts-de-France'],COM,{02},{32}
a8b397d7-2461-444b-b562-3535d476b277,217603588,Commune de Le Héron (nan),false,{76358},Commune,2026-03-24 14:42:08.818969+01,gold_establishments_2025,,,,21760358800013,2025,Collectivité Territoriale,Commune,[''],[''],COM,,
3ccc2a1a-449c-4b45-968f-c22588205d82,215600842,Commune de Le Hézo (56),false,{56084},Commune,2026-03-24 14:42:03.701372+01,gold_establishments_2025,,,,21560084200011,2025,Collectivité Territoriale,Commune,['Morbihan'],['Bretagne'],COM,{56},{53}
e5045b0c-f523-4d22-b298-3d5500979018,212900872,Commune de Le Juch (29),false,{29087},Commune,2026-03-24 14:41:57.028721+01,gold_establishments_2025,,,,21290087200012,2025,Collectivité Territoriale,Commune,['Finistère'],['Bretagne'],COM,{29},{53}
a9830904-9125-4bfa-9b1b-f15dfa35ab30,219400439,Commune de Le Kremlin-Bicêtre (94),false,{94043},Commune,2026-03-24 14:42:11.659493+01,gold_establishments_2025,,,,21940043900010,2025,Collectivité Territoriale,Commune,['Val-de-Marne'],['Île-de-France'],COM,{94},{11}
ed72d071-afa7-4b1e-b359-787c759ef1b8,210701199,Commune de Le Lac-d'Issarlès (07),false,{07119},Commune,2026-03-24 14:41:52.562531+01,gold_establishments_2025,,,,21070119900015,2025,Collectivité Territoriale,Commune,['Ardèche'],['Auvergne-Rhône-Alpes'],COM,{07},{84}
70d2c6fd-5a63-4a35-8600-338a6821cc96,219722139,Commune de Le Lamentin (972),false,{97213},Commune,2026-03-24 14:42:11.659493+01,gold_establishments_2025,,,,21972213900017,2025,Collectivité Territoriale,Commune,['Martinique'],['Martinique'],COM,{972},{02}
6d2cd8cd-3038-4570-b35a-873e8aa5729d,212703631,Commune de Le Landin (27),false,{27363},Commune,2026-03-24 14:41:57.028721+01,gold_establishments_2025,,,,21270363100011,2025,Collectivité Territoriale,Commune,['Eure'],['Normandie'],COM,{27},{28}
93f2901b-596f-440a-a1c9-7efe1702ed07,214400798,Commune de Le Landreau (44),false,{44079},Commune,2026-03-24 14:42:00.273698+01,gold_establishments_2025,,,,21440079800069,2025,Collectivité Territoriale,Commune,['Loire-Atlantique'],['Pays de la Loire'],COM,{44},{52}
9eec2182-e6a8-41c9-986a-e1d016f455d3,218501211,Commune de Le Langon (85),false,{85121},Commune,2026-03-24 14:42:10.508772+01,gold_establishments_2025,,,,21850121100013,2025,Collectivité Territoriale,Commune,['Vendée'],['Pays de la Loire'],COM,{85},{52}
4d6e7d5c-be21-4045-82ef-f35a3c11aa2b,213902778,Commune de Le Larderet (39),false,{39277},Commune,2026-03-24 14:41:59.705606+01,gold_establishments_2025,,,,21390277800017,2025,Collectivité Territoriale,Commune,['Jura'],['Bourgogne-Franche-Comté'],COM,{39},{27}
11e5a10f-23ee-490e-ac5b-84ffe6007ca3,212402291,Commune de Le Lardin-Saint-Lazare (24),false,{24229},Commune,2026-03-24 14:41:55.958138+01,gold_establishments_2025,,,,21240229100018,2025,Collectivité Territoriale,Commune,['Dordogne'],['Nouvelle-Aquitaine'],COM,{24},{75}
13d884cf-e439-4a76-8f1a-e832607e8c80,213902810,Commune de Le Latet (39),false,{39281},Commune,2026-03-24 14:41:59.705606+01,gold_establishments_2025,,,,21390281000018,2025,Collectivité Territoriale,Commune,['Jura'],['Bourgogne-Franche-Comté'],COM,{39},{27}
9e8d4af8-318b-496d-9781-eb71cd2a68cc,210401022,Commune de Le Lauzet-Ubaye (04),false,{04102},Commune,2026-03-24 14:41:52.020251+01,gold_establishments_2025,,,,21040102200012,2025,Collectivité Territoriale,Commune,['Alpes-de-Haute-Provence'],"[""Provence-Alpes-Côte d'Azur""]",COM,{04},{93}
fd07830c-24c1-4dab-8237-089834ab8494,218300705,Commune de Le Lavandou (83),false,{83070},Commune,2026-03-24 14:42:10.508772+01,gold_establishments_2025,,,,21830070500017,2025,Collectivité Territoriale,Commune,['Var'],"[""Provence-Alpes-Côte d'Azur""]",COM,{83},{93}
d6eb5b87-1ec5-46f0-b6af-40784fec1400,212201263,Commune de Le Leslay (22),false,{22126},Commune,2026-03-24 14:41:55.433389+01,gold_establishments_2025,,,,21220126300010,2025,Collectivité Territoriale,Commune,"[""Côtes-d'Armor""]",['Bretagne'],COM,{22},{53}
6fcaf5dd-8999-428d-8d0b-ef3153f94687,200057602,Commune de Le Lesme (27),false,{27565},Commune,2026-03-24 14:41:57.028721+01,gold_establishments_2025,,,,20005760200019,2025,Collectivité Territoriale,Commune,['Eure'],['Normandie'],COM,{27},{28}
c6c785b1-fa21-4dce-bd0a-b86acc0a1958,214001539,Commune de Le Leuy (40),false,{40153},Commune,2026-03-24 14:41:59.705606+01,gold_establishments_2025,,,,21400153900011,2025,Collectivité Territoriale,Commune,['Landes'],['Nouvelle-Aquitaine'],COM,{40},{75}
249ff87a-6759-42d8-8dff-49d1872466ea,211601885,Commune de Le Lindois (16),false,{16188},Commune,2026-03-24 14:41:54.362296+01,gold_establishments_2025,,,,21160188500018,2025,Collectivité Territoriale,Commune,['Charente'],['Nouvelle-Aquitaine'],COM,{16},{75}
3ddd2d8f-4c7a-47c4-a469-47b521ca1442,200053239,Commune de Le Lion-d'Angers (49),false,{49176},Commune,2026-03-24 14:42:01.412377+01,gold_establishments_2025,,,,20005323900014,2025,Collectivité Territoriale,Commune,['Maine-et-Loire'],['Pays de la Loire'],COM,{49},{52}
e5a4903a-e565-4962-a18a-b0406226afcf,213701279,Commune de Le Liège (37),false,{37127},Commune,2026-03-24 14:41:59.160244+01,gold_establishments_2025,,,,21370127900019,2025,Collectivité Territoriale,Commune,['Indre-et-Loire'],['Centre-Val de Loire'],COM,{37},{24}
a9dd70e1-121f-4302-a85d-25c6abbdda16,211911805,Commune de Le Lonzac (19),false,{19118},Commune,2026-03-24 14:41:54.903238+01,gold_establishments_2025,,,,21191180500011,2025,Collectivité Territoriale,Commune,['Corrèze'],['Nouvelle-Aquitaine'],COM,{19},{75}
7e65faf5-f9b8-4e9a-a50a-2be5eb6fe5a2,215002783,Commune de Le Loreur (50),false,{50278},Commune,2026-03-24 14:42:01.412377+01,gold_establishments_2025,,,,21500278300011,2025,Collectivité Territoriale,Commune,['Manche'],['Normandie'],COM,{50},{28}
49eb9074-5306-4fe4-a6eb-cdec5973fb5f,215002791,Commune de Le Lorey (50),false,{50279},Commune,2026-03-24 14:42:01.412377+01,gold_establishments_2025,,,,21500279100014,2025,Collectivité Territoriale,Commune,['Manche'],['Normandie'],COM,{50},{28}
b84d17d4-6fd9-4c15-b58d-85ab00c0b0f2,213501570,Commune de Le Loroux (35),false,{35157},Commune,2026-03-24 14:41:58.620411+01,gold_establishments_2025,,,,21350157000013,2025,Collectivité Territoriale,Commune,['Ille-et-Vilaine'],['Bretagne'],COM,{35},{53}
46a7d38d-07bf-4d73-b3f3-093991c39599,214400848,Commune de Le Loroux-Bottereau (44),false,{44084},Commune,2026-03-24 14:42:00.273698+01,gold_establishments_2025,,,,21440084800013,2025,Collectivité Territoriale,Commune,['Loire-Atlantique'],['Pays de la Loire'],COM,{44},{52}
e7389d66-7133-4659-8744-800d250b1ff0,219722147,Commune de Le Lorrain (972),false,{97214},Commune,2026-03-24 14:42:11.659493+01,gold_establishments_2025,,,,21972214700010,2025,Collectivité Territoriale,Commune,['Martinique'],['Martinique'],COM,{972},{02}
eccdcd24-4a11-4153-8625-643dd27eeb19,213701360,Commune de Le Louroux (37),false,{37136},Commune,2026-03-24 14:41:59.160244+01,gold_establishments_2025,,,,21370136000017,2025,Collectivité Territoriale,Commune,['Indre-et-Loire'],['Centre-Val de Loire'],COM,{37},{24}
a8f619af-542d-48b9-9345-d03b3c41d820,213903040,Commune de Le Louverot (39),false,{39304},Commune,2026-03-24 14:41:59.705606+01,gold_establishments_2025,,,,21390304000011,2025,Collectivité Territoriale,Commune,['Jura'],['Bourgogne-Franche-Comté'],COM,{39},{27}
b7fbb819-3759-43a4-99b6-3e273ad1d377,217201722,Commune de Le Luart (72),false,{72172},Commune,2026-03-24 14:42:08.279287+01,gold_establishments_2025,,,,21720172200014,2025,Collectivité Territoriale,Commune,['Sarthe'],['Pays de la Loire'],COM,{72},{52}
f4878cbc-ab1e-472f-8a8a-60fe1aca6f0f,218300739,Commune de Le Luc (83),false,{83073},Commune,2026-03-24 14:42:10.508772+01,gold_establishments_2025,,,,21830073900016,2025,Collectivité Territoriale,Commune,['Var'],"[""Provence-Alpes-Côte d'Azur""]",COM,{83},{93}
e7d41de8-e325-4003-bec4-47c8ea07a903,200077162,Commune de Le Lude (72),false,{72176},Commune,2026-03-24 14:42:08.279287+01,gold_establishments_2025,,,,20007716200010,2025,Collectivité Territoriale,Commune,['Sarthe'],['Pays de la Loire'],COM,{72},{52}
ccbb8560-7c4d-40ed-b389-c1794a8e919f,212503510,Commune de Le Luhier (25),false,{25351},Commune,2026-03-24 14:41:56.495197+01,gold_establishments_2025,,,,21250351000019,2025,Collectivité Territoriale,Commune,['Doubs'],['Bourgogne-Franche-Comté'],COM,{25},{27}
cf8d7fb9-b639-480d-a4ef-5e80cf287950,215002825,Commune de Le Luot (50),false,{50282},Commune,2026-03-24 14:42:01.412377+01,gold_establishments_2025,,,,21500282500010,2025,Collectivité Territoriale,Commune,['Manche'],['Normandie'],COM,{50},{28}
cd1e5542-1901-4e3a-9daa-ec2f0dedf584,216102426,Commune de Le Mage (61),false,{61242},Commune,2026-03-24 14:42:05.597325+01,gold_establishments_2025,,,,21610242600014,2025,Collectivité Territoriale,Commune,['Orne'],['Normandie'],COM,{61},{28}
b06d4360-52f8-4eb0-bb97-030d430432f9,217003169,Commune de Le Magnoray (70),false,{70316},Commune,2026-03-24 14:42:07.735343+01,gold_establishments_2025,,,,21700316900018,2025,Collectivité Territoriale,Commune,['Haute-Saône'],['Bourgogne-Franche-Comté'],COM,{70},{27}
52923ce8-061d-4f92-b896-09846ebf86eb,213601099,Commune de Le Magny (36),false,{36109},Commune,2026-03-24 14:41:59.160244+01,gold_establishments_2025,,,,21360109900046,2025,Collectivité Territoriale,Commune,['Indre'],['Centre-Val de Loire'],COM,{36},{24}
35578788-a673-405b-af86-805294f904db,215903717,Commune de Le Maisnil (59),false,{59371},Commune,2026-03-24 14:42:04.280096+01,gold_establishments_2025,,,,21590371700035,2025,Collectivité Territoriale,Commune,['Nord'],['Hauts-de-France'],COM,{59},{32}
1ec56434-0353-4e81-b1b5-ffe5d3955ea6,200057255,Commune de Le Malesherbois (45),false,{45191},Commune,2026-03-24 14:42:00.862623+01,gold_establishments_2025,,,,20005725500230,2025,Collectivité Territoriale,Commune,['Loiret'],['Centre-Val de Loire'],COM,{45},{24}
634aed5b-79e9-48d9-9acb-8f5a360270fa,214800898,Commune de Le Malzieu-Forain (48),false,{48089},Commune,2026-03-24 14:42:01.412377+01,gold_establishments_2025,,,,21480089800014,2025,Collectivité Territoriale,Commune,['Lozère'],['Occitanie'],COM,{48},{76}
701dab89-203f-4482-a130-a2b61ae89b53,214800906,Commune de Le Malzieu-Ville (48),false,{48090},Commune,2026-03-24 14:42:01.412377+01,gold_establishments_2025,,,,21480090600015,2025,Collectivité Territoriale,Commune,['Lozère'],['Occitanie'],COM,{48},{76}
20cf3030-fb92-4b4e-a0b2-94592b7204bf,211404009,Commune de Le Manoir (14),false,{14400},Commune,2026-03-24 14:41:54.362296+01,gold_establishments_2025,,,,21140400900014,2025,Collectivité Territoriale,Commune,['Calvados'],['Normandie'],COM,{14},{28}
3d7d2ce9-3075-4efd-8638-7c2d9531534a,212703862,Commune de Le Manoir (27),false,{27386},Commune,2026-03-24 14:41:57.028721+01,gold_establishments_2025,,,,21270386200012,2025,Collectivité Territoriale,Commune,['Eure'],['Normandie'],COM,{27},{28}
431bee69-7334-420c-b560-c2fbd68ac423,217201813,Commune de Le Mans (72),false,{72181},Commune,2026-03-24 14:42:08.279287+01,gold_establishments_2025,,,,21720181300011,2025,Collectivité Territoriale,Commune,['Sarthe'],['Pays de la Loire'],COM,{72},{52}
f98418b1-67d3-4194-bdda-f4a54707af7e,211404025,Commune de Le Marais-la-Chapelle (14),false,{14402},Commune,2026-03-24 14:41:54.362296+01,gold_establishments_2025,,,,21140402500010,2025,Collectivité Territoriale,Commune,['Calvados'],['Normandie'],COM,{14},{28}
da3c2638-d0e0-4a89-8b52-b25a7691bf7f,219722162,Commune de Le Marigot (972),false,{97216},Commune,2026-03-24 14:42:11.659493+01,gold_establishments_2025,,,,21972216200019,2025,Collectivité Territoriale,Commune,['Martinique'],['Martinique'],COM,{972},{02}
e4028619-b004-44ad-8ded-9bcc6f7fb697,219722170,Commune de Le Marin (972),false,{97217},Commune,2026-03-24 14:42:11.659493+01,gold_establishments_2025,,,,21972217000012,2025,Collectivité Territoriale,Commune,['Martinique'],['Martinique'],COM,{972},{02}
a94cce29-07a6-47ea-99cc-1c365e70099a,213001597,Commune de Le Martinet (30),false,{30159},Commune,2026-03-24 14:41:57.56054+01,gold_establishments_2025,,,,21300159700011,2025,Collectivité Territoriale,Commune,['Gard'],['Occitanie'],COM,{30},{76}
614b0b54-a806-4c95-821f-b492475c5928,210600813,Commune de Le Mas (06),false,{06081},Commune,2026-03-24 14:41:52.562531+01,gold_establishments_2025,,,,21060081300013,2025,Collectivité Territoriale,Commune,['Alpes-Maritimes'],"[""Provence-Alpes-Côte d'Azur""]",COM,{06},{93}
504ade15-36ec-484b-935a-79bc4c5434a7,214701591,Commune de Le Mas-d'Agenais (47),false,{47159},Commune,2026-03-24 14:42:00.862623+01,gold_establishments_2025,,,,21470159100015,2025,Collectivité Territoriale,Commune,['Lot-et-Garonne'],['Nouvelle-Aquitaine'],COM,{47},{75}
17f03b7b-2e42-4d44-922b-d23ca4e3eb0a,212312508,Commune de Le Mas-d'Artige (23),false,{23125},Commune,2026-03-24 14:41:55.958138+01,gold_establishments_2025,,,,21231250800014,2025,Collectivité Territoriale,Commune,['Creuse'],['Nouvelle-Aquitaine'],COM,{23},{75}
70ff812a-4c0f-437e-a492-fca5e6b68b46,210901815,Commune de Le Mas-d'Azil (09),false,{09181},Commune,2026-03-24 14:41:53.095366+01,gold_establishments_2025,,,,21090181500014,2025,Collectivité Territoriale,Commune,['Ariège'],['Occitanie'],COM,{09},{76}
3cdd5286-bd29-43ee-8479-2c315d378b3b,214301293,Commune de Le Mas-de-Tence (43),false,{43129},Commune,2026-03-24 14:42:00.273698+01,gold_establishments_2025,,,,21430129300012,2025,Collectivité Territoriale,Commune,['Haute-Loire'],['Auvergne-Rhône-Alpes'],COM,{43},{84}
affbc7f8-1b3d-4a4d-b956-b06f02be48e5,218101582,Commune de Le Masnau-Massuguiès (81),false,{81158},Commune,2026-03-24 14:42:09.967209+01,gold_establishments_2025,,,,21810158200011,2025,Collectivité Territoriale,Commune,['Tarn'],['Occitanie'],COM,{81},{76}
75a8f7f1-439e-4a79-b681-04aaa9bc83b1,214901936,Commune de Le May-sur-Èvre (49),false,{49193},Commune,2026-03-24 14:42:01.412377+01,gold_establishments_2025,,,,21490193600010,2025,Collectivité Territoriale,Commune,['Maine-et-Loire'],['Pays de la Loire'],COM,{49},{52}
67b82361-a494-4a19-ba4e-32ed75a07230,210301644,Commune de Le Mayet-d'École (03),false,{03164},Commune,2026-03-24 14:41:52.020251+01,gold_establishments_2025,,,,21030164400014,2025,Collectivité Territoriale,Commune,['Allier'],['Auvergne-Rhône-Alpes'],COM,{03},{84}
334c9fdb-0c28-4379-bf8c-293630866840,210301651,Commune de Le Mayet-de-Montagne (03),false,{03165},Commune,2026-03-24 14:41:52.020251+01,gold_establishments_2025,,,,21030165100019,2025,Collectivité Territoriale,Commune,['Allier'],['Auvergne-Rhône-Alpes'],COM,{03},{84}
fba90548-1cf8-46df-b897-6f0ef2dad63b,218501393,Commune de Le Mazeau (85),false,{85139},Commune,2026-03-24 14:42:10.508772+01,gold_establishments_2025,,,,21850139300019,2025,Collectivité Territoriale,Commune,['Vendée'],['Pays de la Loire'],COM,{85},{52}
64c182cb-94aa-4b8d-a8cd-a8fb7d300ba9,218004950,Commune de Le Mazis (80),false,{80522},Commune,2026-03-24 14:42:09.967209+01,gold_establishments_2025,,,,21800495000018,2025,Collectivité Territoriale,Commune,['Somme'],['Hauts-de-France'],COM,{80},{32}
490c9ee8-95eb-462a-b6e7-8b365db49c7c,218004992,Commune de Le Meillard (80),false,{80526},Commune,2026-03-24 14:42:09.967209+01,gold_establishments_2025,,,,21800499200010,2025,Collectivité Territoriale,Commune,['Somme'],['Hauts-de-France'],COM,{80},{32}
a5a0cb56-c0ac-4541-b687-685e0fd407ef,212104004,Commune de Le Meix (21),false,{21400},Commune,2026-03-24 14:41:55.433389+01,gold_establishments_2025,,,,21210400400016,2025,Collectivité Territoriale,Commune,"[""Côte-d'Or""]",['Bourgogne-Franche-Comté'],COM,{21},{27}
a6ac5195-431e-457b-b8b5-432acf74cd7f,215103367,Commune de Le Meix-Saint-Epoing (51),false,{51360},Commune,2026-03-24 14:42:01.954481+01,gold_establishments_2025,,,,21510336700011,2025,Collectivité Territoriale,Commune,['Marne'],['Grand Est'],COM,{51},{44}
072e16c6-070b-4ba8-8e8a-0cc9274527b7,215103375,Commune de Le Meix-Tiercelin (51),false,{51361},Commune,2026-03-24 14:42:01.954481+01,gold_establishments_2025,,,,21510337500014,2025,Collectivité Territoriale,Commune,['Marne'],['Grand Est'],COM,{51},{44}
14e3b49f-41bc-453e-be6c-14a0e11f79fc,213601172,Commune de Le Menoux (36),false,{36117},Commune,2026-03-24 14:41:59.160244+01,gold_establishments_2025,,,,21360117200017,2025,Collectivité Territoriale,Commune,['Indre'],['Centre-Val de Loire'],COM,{36},{24}
346777e2-5221-4c08-bfe9-ade3b79cf61f,200054294,Commune de Le Mené (22),false,{22046},Commune,2026-03-24 14:41:55.433389+01,gold_establishments_2025,,,,20005429400018,2025,Collectivité Territoriale,Commune,"[""Côtes-d'Armor""]",['Bretagne'],COM,{22},{53}
847527e2-afe1-4e90-9a38-83092985b236,212201503,Commune de Le Merzer (22),false,{22150},Commune,2026-03-24 14:41:55.433389+01,gold_establishments_2025,,,,21220150300019,2025,Collectivité Territoriale,Commune,"[""Côtes-d'Armor""]",['Bretagne'],COM,{22},{53}
9d3be9bc-c485-41f0-a5f8-4734a36ba9a5,218005072,Commune de Le Mesge (80),false,{80535},Commune,2026-03-24 14:42:09.967209+01,gold_establishments_2025,,,,21800507200010,2025,Collectivité Territoriale,Commune,['Somme'],['Hauts-de-France'],COM,{80},{32}
5055b985-1fc5-4126-9f1c-d7e63adb44cd,215002999,Commune de Le Mesnil (50),false,{50299},Commune,2026-03-24 14:42:01.412377+01,gold_establishments_2025,,,,21500299900013,2025,Collectivité Territoriale,Commune,['Manche'],['Normandie'],COM,{50},{28}
94195b5c-3269-4e74-87f3-6c688f2320a9,215003005,Commune de Le Mesnil-Adelée (50),false,{50300},Commune,2026-03-24 14:42:01.412377+01,gold_establishments_2025,,,,21500300500018,2025,Collectivité Territoriale,Commune,['Manche'],['Normandie'],COM,{50},{28}
1a879d00-72f4-471a-a95b-c488dc479caf,217702919,Commune de Le Mesnil-Amelot (77),false,{77291},Commune,2026-03-24 14:42:09.43682+01,gold_establishments_2025,,,,21770291900010,2025,Collectivité Territoriale,Commune,['Seine-et-Marne'],['Île-de-France'],COM,{77},{11}
1efbdf20-983e-402b-9eff-42940fe6454c,215003021,Commune de Le Mesnil-Amey (50),false,{50302},Commune,2026-03-24 14:42:01.412377+01,gold_establishments_2025,,,,21500302100015,2025,Collectivité Territoriale,Commune,['Manche'],['Normandie'],COM,{50},{28}
b295761d-ec87-4868-b370-38bc2acbec89,215003047,Commune de Le Mesnil-Aubert (50),false,{50304},Commune,2026-03-24 14:42:01.412377+01,gold_establishments_2025,,,,21500304700010,2025,Collectivité Territoriale,Commune,['Manche'],['Normandie'],COM,{50},{28}
af3b2da1-2250-4094-be5b-afc522949ef5,219503950,Commune de Le Mesnil-Aubry (95),false,{95395},Commune,2026-03-24 14:42:11.659493+01,gold_establishments_2025,,,,21950395000012,2025,Collectivité Territoriale,Commune,"[""Val-d'Oise""]",['Île-de-France'],COM,{95},{11}
5570f63a-f69e-411a-9fdb-c7bdea0c4c19,216003939,Commune de Le Mesnil-Conteville (60),false,{60397},Commune,2026-03-24 14:42:04.814328+01,gold_establishments_2025,,,,21600393900016,2025,Collectivité Territoriale,Commune,['Oise'],['Hauts-de-France'],COM,{60},{32}
64ab1b38-2f5d-4328-adf6-c81fa26899ab,217604289,Commune de Le Mesnil-Durdent (76),false,{76428},Commune,2026-03-24 14:42:08.818969+01,gold_establishments_2025,,,,21760428900017,2025,Collectivité Territoriale,Commune,['Seine-Maritime'],['Normandie'],COM,{76},{28}
413fe5c9-faf0-420e-b46b-2250ccf0d9a0,217604297,Commune de Le Mesnil-Esnard (76),false,{76429},Commune,2026-03-24 14:42:08.818969+01,gold_establishments_2025,,,,21760429700010,2025,Collectivité Territoriale,Commune,['Seine-Maritime'],['Normandie'],COM,{76},{28}
d39cc35e-016d-4b0f-88e0-d92866392032,211404199,Commune de Le Mesnil-Eudes (14),false,{14419},Commune,2026-03-24 14:41:54.362296+01,gold_establishments_2025,,,,21140419900013,2025,Collectivité Territoriale,Commune,['Calvados'],['Normandie'],COM,{14},{28}
ff48a89c-ec57-4630-bff1-9940abb09cd6,215003104,Commune de Le Mesnil-Eury (50),false,{50310},Commune,2026-03-24 14:42:01.412377+01,gold_establishments_2025,,,,21500310400019,2025,Collectivité Territoriale,Commune,['Manche'],['Normandie'],COM,{50},{28}
068948ac-c899-4e1a-986d-4420358e07fc,212704019,Commune de Le Mesnil-Fuguet (27),false,{27401},Commune,2026-03-24 14:41:57.028721+01,gold_establishments_2025,,,,21270401900018,2025,Collectivité Territoriale,Commune,['Eure'],['Normandie'],COM,{27},{28}
06938399-ed52-4824-96eb-07d70e319630,215003112,Commune de Le Mesnil-Garnier (50),false,{50311},Commune,2026-03-24 14:42:01.412377+01,gold_establishments_2025,,,,21500311200012,2025,Collectivité Territoriale,Commune,['Manche'],['Normandie'],COM,{50},{28}
e5ec4a45-fe07-455d-b08f-d0982a5fae32,215003120,Commune de Le Mesnil-Gilbert (50),false,{50312},Commune,2026-03-24 14:42:01.412377+01,gold_establishments_2025,,,,21500312000015,2025,Collectivité Territoriale,Commune,['Manche'],['Normandie'],COM,{50},{28}
1fc3d8e3-cf5b-4259-ab0a-0b58ec153f8e,211404215,Commune de Le Mesnil-Guillaume (14),false,{14421},Commune,2026-03-24 14:41:54.362296+01,gold_establishments_2025,,,,21140421500017,2025,Collectivité Territoriale,Commune,['Calvados'],['Normandie'],COM,{14},{28}
833482f8-6bb1-4e76-8e71-ccbd092a9218,212704035,Commune de Le Mesnil-Jourdain (27),false,{27403},Commune,2026-03-24 14:41:57.028721+01,gold_establishments_2025,,,,21270403500014,2025,Collectivité Territoriale,Commune,['Eure'],['Normandie'],COM,{27},{28}
f4b3a59b-29ae-44ea-af11-02c9f93a5746,217604313,Commune de Le Mesnil-Lieubray (76),false,{76431},Commune,2026-03-24 14:42:08.818969+01,gold_establishments_2025,,,,21760431300015,2025,Collectivité Territoriale,Commune,['Seine-Maritime'],['Normandie'],COM,{76},{28}
4c49d776-684d-48cc-b5cd-f6e3cb99baa7,215003179,Commune de Le Mesnil-Ozenne (50),false,{50317},Commune,2026-03-24 14:42:01.412377+01,gold_establishments_2025,,,,21500317900011,2025,Collectivité Territoriale,Commune,['Manche'],['Normandie'],COM,{50},{28}
86ca46ac-0a0f-479d-8a56-fe7ba18c519e,211404249,Commune de Le Mesnil-Robert (14),false,{14424},Commune,2026-03-24 14:41:54.362296+01,gold_establishments_2025,,,,21140424900016,2025,Collectivité Territoriale,Commune,['Calvados'],['Normandie'],COM,{14},{28}
83babf9b-bb20-4155-b540-c40ae43c54ec,215003211,Commune de Le Mesnil-Rouxelin (50),false,{50321},Commune,2026-03-24 14:42:01.412377+01,gold_establishments_2025,,,,21500321100012,2025,Collectivité Territoriale,Commune,['Manche'],['Normandie'],COM,{50},{28}
b68d5891-41fe-4796-99a3-23015a0bc3c0,217604354,Commune de Le Mesnil-Réaume (76),false,{76435},Commune,2026-03-24 14:42:08.818969+01,gold_establishments_2025,,,,21760435400019,2025,Collectivité Territoriale,Commune,['Seine-Maritime'],['Normandie'],COM,{76},{28}
b1be1b4c-b568-45b8-b8e4-c35aa60b20fd,217803972,Commune de Le Mesnil-Saint-Denis (78),false,{78397},Commune,2026-03-24 14:42:09.43682+01,gold_establishments_2025,,,,21780397200017,2025,Collectivité Territoriale,Commune,['Yvelines'],['Île-de-France'],COM,{78},{11}
784d62bf-dcfc-4ac4-a02f-eae2a870f232,216003954,Commune de Le Mesnil-Saint-Firmin (60),false,{60399},Commune,2026-03-24 14:42:04.814328+01,gold_establishments_2025,,,,21600395400015,2025,Collectivité Territoriale,Commune,['Oise'],['Hauts-de-France'],COM,{60},{32}
7454cb47-3ef1-4332-a0f3-2c20b2248fd8,200082816,Commune de Le Mesnil-Saint-Jean (27),false,{27541},Commune,2026-03-24 14:41:57.028721+01,gold_establishments_2025,,,,20008281600014,2025,Collectivité Territoriale,Commune,['Eure'],['Normandie'],COM,{27},{28}
940c3dcd-2433-43a1-9690-a89ac21ef701,211404256,Commune de Le Mesnil-Simon (14),false,{14425},Commune,2026-03-24 14:41:54.362296+01,gold_establishments_2025,,,,21140425600011,2025,Collectivité Territoriale,Commune,['Calvados'],['Normandie'],COM,{14},{28}
fc836c1e-a297-4539-8339-c76cd5880e06,212802474,Commune de Le Mesnil-Simon (28),false,{28247},Commune,2026-03-24 14:41:57.028721+01,gold_establishments_2025,,,,21280247400016,2025,Collectivité Territoriale,Commune,['Eure-et-Loir'],['Centre-Val de Loire'],COM,{28},{24}
a942bae6-fa1d-4595-91f7-c79ff9f381e3,212802482,Commune de Le Mesnil-Thomas (28),false,{28248},Commune,2026-03-24 14:41:57.028721+01,gold_establishments_2025,,,,21280248200019,2025,Collectivité Territoriale,Commune,['Eure-et-Loir'],['Centre-Val de Loire'],COM,{28},{24}
3e4daaae-9301-42fd-b948-b0544c380bef,216003970,Commune de Le Mesnil-Théribus (60),false,{60401},Commune,2026-03-24 14:42:04.814328+01,gold_establishments_2025,,,,21600397000011,2025,Collectivité Territoriale,Commune,['Oise'],['Hauts-de-France'],COM,{60},{32}
50bcd16b-5c1d-4964-a470-f551dbbe7a6a,215003260,Commune de Le Mesnil-Villeman (50),false,{50326},Commune,2026-03-24 14:42:01.412377+01,gold_establishments_2025,,,,21500326000019,2025,Collectivité Territoriale,Commune,['Manche'],['Normandie'],COM,{50},{28}
c6748489-40fb-4cee-bb1a-6b9fdcb72eaa,211404272,Commune de Le Mesnil-Villement (14),false,{14427},Commune,2026-03-24 14:41:54.362296+01,gold_establishments_2025,,,,21140427200018,2025,Collectivité Territoriale,Commune,['Calvados'],['Normandie'],COM,{14},{28}
f5c25daf-7085-43a3-b298-c8a37279aaa7,215003245,Commune de Le Mesnil-Véneron (50),false,{50324},Commune,2026-03-24 14:42:01.412377+01,gold_establishments_2025,,,,21500324500010,2025,Collectivité Territoriale,Commune,['Manche'],['Normandie'],COM,{50},{28}
5b3be9d1-13c6-4a03-8560-0fbfb5a69e19,211404124,Commune de Le Mesnil-au-Grain (14),false,{14412},Commune,2026-03-24 14:41:54.362296+01,gold_establishments_2025,,,,21140412400011,2025,Collectivité Territoriale,Commune,['Calvados'],['Normandie'],COM,{14},{28}
984bff4f-9f1e-45ee-bb2a-43c22aa8f531,215003054,Commune de Le Mesnil-au-Val (50),false,{50305},Commune,2026-03-24 14:42:01.412377+01,gold_establishments_2025,,,,21500305400016,2025,Collectivité Territoriale,Commune,['Manche'],['Normandie'],COM,{50},{28}
001d21ea-fceb-4fc2-ae0b-a417e1af1dde,216003947,Commune de Le Mesnil-en-Thelle (60),false,{60398},Commune,2026-03-24 14:42:04.814328+01,gold_establishments_2025,,,,21600394700019,2025,Collectivité Territoriale,Commune,['Oise'],['Hauts-de-France'],COM,{60},{32}
0f08afb3-1cdb-4de0-9a0f-a1d9d4433cdd,217803964,Commune de Le Mesnil-le-Roi (78),false,{78396},Commune,2026-03-24 14:42:09.43682+01,gold_establishments_2025,,,,21780396400014,2025,Collectivité Territoriale,Commune,['Yvelines'],['Île-de-France'],COM,{78},{11}
4893ba05-0c31-4fe6-be99-704473c52e79,217604362,Commune de Le Mesnil-sous-Jumièges (76),false,{76436},Commune,2026-03-24 14:42:08.818969+01,gold_establishments_2025,,,,21760436200012,2025,Collectivité Territoriale,Commune,['Seine-Maritime'],['Normandie'],COM,{76},{28}
1433eede-8095-4d11-a617-5e16eafe9070,211404264,Commune de Le Mesnil-sur-Blangy (14),false,{14426},Commune,2026-03-24 14:41:54.362296+01,gold_establishments_2025,,,,21140426400015,2025,Collectivité Territoriale,Commune,['Calvados'],['Normandie'],COM,{14},{28}
552d497b-e0f8-4d98-a71f-a6bcc1cf19ec,216003962,Commune de Le Mesnil-sur-Bulles (60),false,{60400},Commune,2026-03-24 14:42:04.814328+01,gold_establishments_2025,,,,21600396200018,2025,Collectivité Territoriale,Commune,['Oise'],['Hauts-de-France'],COM,{60},{32}
f08bd772-3a4a-4f56-b508-da1b981701a2,215103425,Commune de Le Mesnil-sur-Oger (51),false,{51367},Commune,2026-03-24 14:42:01.954481+01,gold_establishments_2025,,,,21510342500017,2025,Collectivité Territoriale,Commune,['Marne'],['Grand Est'],COM,{51},{44}
7156faa4-c148-41c6-801c-ab754281f481,215003153,Commune de Le Mesnillard (50),false,{50315},Commune,2026-03-24 14:42:01.412377+01,gold_establishments_2025,,,,21500315300016,2025,Collectivité Territoriale,Commune,['Manche'],['Normandie'],COM,{50},{28}
23516ed9-4206-4b27-bd3c-0e3ecec19923,216003988,Commune de Le Meux (60),false,{60402},Commune,2026-03-24 14:42:04.814328+01,gold_establishments_2025,,,,21600398800013,2025,Collectivité Territoriale,Commune,['Oise'],['Hauts-de-France'],COM,{60},{32}
be1bde83-4c27-4c8f-a3f5-731cb793f96d,213501810,Commune de Le Minihic-sur-Rance (35),false,{35181},Commune,2026-03-24 14:41:58.620411+01,gold_establishments_2025,,,,21350181000013,2025,Collectivité Territoriale,Commune,['Ille-et-Vilaine'],['Bretagne'],COM,{35},{53}
77dfa391-9ef9-445a-8ce9-f58025131829,217103001,Commune de Le Miroir (71),false,{71300},Commune,2026-03-24 14:42:07.735343+01,gold_establishments_2025,,,,21710300100012,2025,Collectivité Territoriale,Commune,['Saône-et-Loire'],['Bourgogne-Franche-Comté'],COM,{71},{27}
0faf72f2-8206-4ca3-8ab6-3dffcbc63aad,211403704,Commune de Le Molay-Littry (14),false,{14370},Commune,2026-03-24 14:41:54.362296+01,gold_establishments_2025,,,,21140370400011,2025,Collectivité Territoriale,Commune,['Calvados'],['Normandie'],COM,{14},{28}
adc31e01-4ee2-4902-8bb4-1babc56d19df,214301350,Commune de Le Monastier-sur-Gazeille (43),false,{43135},Commune,2026-03-24 14:42:00.273698+01,gold_establishments_2025,,,,21430135000101,2025,Collectivité Territoriale,Commune,['Haute-Loire'],['Auvergne-Rhône-Alpes'],COM,{43},{84}
85737ad7-43e9-4af5-8b91-65cdb056c018,211201462,Commune de Le Monastère (12),false,{12146},Commune,2026-03-24 14:41:53.63825+01,gold_establishments_2025,,,,21120146200010,2025,Collectivité Territoriale,Commune,['Aveyron'],['Occitanie'],COM,{12},{76}
5a57d100-47ad-4840-b3e5-b1e3dbf9e01e,216302307,Commune de Le Monestier (63),false,{63230},Commune,2026-03-24 14:42:06.130387+01,gold_establishments_2025,,,,21630230700014,2025,Collectivité Territoriale,Commune,['Puy-de-Dôme'],['Auvergne-Rhône-Alpes'],COM,{63},{84}
bef62aea-ddb0-4aa7-ae3e-a0d5a4db6cdf,218803062,Commune de Le Mont (88),false,{88306},Commune,2026-03-24 14:42:11.118516+01,gold_establishments_2025,,,,21880306200015,2025,Collectivité Territoriale,Commune,['Vosges'],['Grand Est'],COM,{88},{44}
4f463812-4673-4d72-a6d3-43bcc9ca84a4,216004234,Commune de Le Mont-Saint-Adrien (60),false,{60428},Commune,2026-03-24 14:42:04.814328+01,gold_establishments_2025,,,,21600423400011,2025,Collectivité Territoriale,Commune,['Oise'],['Hauts-de-France'],COM,{60},{32}
059505e7-50a4-4f8a-9c3c-d0e72e20600d,215003534,Commune de Le Mont-Saint-Michel (50),false,{50353},Commune,2026-03-24 14:42:01.412377+01,gold_establishments_2025,,,,21500353400017,2025,Collectivité Territoriale,Commune,['Manche'],['Normandie'],COM,{50},{28}
f7fea389-a430-45fd-a520-4979b2bb0b9d,214601973,Commune de Le Montat (46),false,{46197},Commune,2026-03-24 14:42:00.862623+01,gold_establishments_2025,,,,21460197300016,2025,Collectivité Territoriale,Commune,['Lot'],['Occitanie'],COM,{46},{76}
f1854a9c-7fe7-48a8-9a89-9a284cc4b38f,211501317,Commune de Le Monteil (15),false,{15131},Commune,2026-03-24 14:41:54.362296+01,gold_establishments_2025,,,,21150131700013,2025,Collectivité Territoriale,Commune,['Cantal'],['Auvergne-Rhône-Alpes'],COM,{15},{84}
56976ea1-2760-4c68-b856-3a71b7ebf735,214301400,Commune de Le Monteil (43),false,{43140},Commune,2026-03-24 14:42:00.273698+01,gold_establishments_2025,,,,21430140000013,2025,Collectivité Territoriale,Commune,['Haute-Loire'],['Auvergne-Rhône-Alpes'],COM,{43},{84}
95ea4222-25e8-40a3-8ff7-7333b7310569,212313407,Commune de Le Monteil-au-Vicomte (23),false,{23134},Commune,2026-03-24 14:41:55.958138+01,gold_establishments_2025,,,,21231340700018,2025,Collectivité Territoriale,Commune,['Creuse'],['Nouvelle-Aquitaine'],COM,{23},{75}
29b9076f-c0f9-4d6b-ab35-48c7312072f8,210102604,Commune de Le Montellier (01),false,{01260},Commune,2026-03-24 14:41:51.447482+01,gold_establishments_2025,,,,21010260400019,2025,Collectivité Territoriale,Commune,['Ain'],['Auvergne-Rhône-Alpes'],COM,{01},{84}
aad8f1c8-7f9c-4af6-aba8-422cefcd86fe,210301834,Commune de Le Montet (03),false,{03183},Commune,2026-03-24 14:41:52.020251+01,gold_establishments_2025,,,,21030183400011,2025,Collectivité Territoriale,Commune,['Allier'],['Auvergne-Rhône-Alpes'],COM,{03},{84}
100b1fc3-2b56-4e30-9278-dd85d0d6abe0,200055770,Commune de Le Montsaugeonnais (52),false,{52405},Commune,2026-03-24 14:42:01.954481+01,gold_establishments_2025,,,,20005577000016,2025,Collectivité Territoriale,Commune,['Haute-Marne'],['Grand Est'],COM,{52},{44}
fcaa4315-610b-43ea-81d9-a4aaa3b11a39,210500799,Commune de Le Monêtier-les-Bains (05),false,{05079},Commune,2026-03-24 14:41:52.562531+01,gold_establishments_2025,,,,21050079900015,2025,Collectivité Territoriale,Commune,['Hautes-Alpes'],"[""Provence-Alpes-Côte d'Azur""]",COM,{05},{93}
fa61724a-daf7-449f-9825-72d348c4d385,219722188,Commune de Le Morne-Rouge (972),false,{97218},Commune,2026-03-24 14:42:11.659493+01,gold_establishments_2025,,,,21972218800014,2025,Collectivité Territoriale,Commune,['Martinique'],['Martinique'],COM,{972},{02}
328b359f-4602-42d4-9403-e242dd4740d5,219722337,Commune de Le Morne-Vert (972),false,{97233},Commune,2026-03-24 14:42:11.659493+01,gold_establishments_2025,,,,21972233700017,2025,Collectivité Territoriale,Commune,['Martinique'],['Martinique'],COM,{972},{02}
bf296f5d-c436-45d0-80df-019335a7ba1e,219711173,Commune de Le Moule (971),false,{97117},Commune,2026-03-24 14:42:11.659493+01,gold_establishments_2025,,,,21971117300019,2025,Collectivité Territoriale,Commune,['Guadeloupe'],['Guadeloupe'],COM,{971},{01}
cd5b9a02-271d-4bbd-a33b-096dcdb8c858,214502189,Commune de Le Moulinet-sur-Solin (45),false,{45218},Commune,2026-03-24 14:42:00.862623+01,gold_establishments_2025,,,,21450218900019,2025,Collectivité Territoriale,Commune,['Loiret'],['Centre-Val de Loire'],COM,{45},{24}
ef45596a-fa58-4f7f-83b3-09d23dcf09b5,212201578,Commune de Le Moustoir (22),false,{22157},Commune,2026-03-24 14:41:55.433389+01,gold_establishments_2025,,,,21220157800011,2025,Collectivité Territoriale,Commune,"[""Côtes-d'Armor""]",['Bretagne'],COM,{22},{53}
cb3cb0b2-2646-4a1a-b2f6-162da52a18f2,213802689,Commune de Le Moutaret (38),false,{38268},Commune,2026-03-24 14:41:59.160244+01,gold_establishments_2025,,,,21380268900017,2025,Collectivité Territoriale,Commune,['Isère'],['Auvergne-Rhône-Alpes'],COM,{38},{84}
9604fba2-47ac-461d-9973-df53952ec329,212504146,Commune de Le Moutherot (25),false,{25414},Commune,2026-03-24 14:41:56.495197+01,gold_establishments_2025,,,,21250414600011,2025,Collectivité Territoriale,Commune,['Doubs'],['Bourgogne-Franche-Comté'],COM,{25},{27}
491747a0-020e-414f-baa6-4c32968b8972,211702527,Commune de Le Mung (17),false,{17252},Commune,2026-03-24 14:41:54.903238+01,gold_establishments_2025,,,,21170252700014,2025,Collectivité Territoriale,Commune,['Charente-Maritime'],['Nouvelle-Aquitaine'],COM,{17},{75}
e9dffea7-b03e-46ce-a355-a2b2deb41697,218300861,Commune de Le Muy (83),false,{83086},Commune,2026-03-24 14:42:10.508772+01,gold_establishments_2025,,,,21830086100018,2025,Collectivité Territoriale,Commune,['Var'],"[""Provence-Alpes-Côte d'Azur""]",COM,{83},{93}
9347c455-acc4-43c3-a235-6aeb4883e235,217702851,Commune de Le Mée-sur-Seine (77),false,{77285},Commune,2026-03-24 14:42:09.43682+01,gold_establishments_2025,,,,21770285100239,2025,Collectivité Territoriale,Commune,['Seine-et-Marne'],['Île-de-France'],COM,{77},{11}
917689ea-5bbc-48bc-a44a-3b953444262d,212503734,Commune de Le Mémont (25),false,{25373},Commune,2026-03-24 14:41:56.495197+01,gold_establishments_2025,,,,21250373400015,2025,Collectivité Territoriale,Commune,['Doubs'],['Bourgogne-Franche-Comté'],COM,{25},{27}
5b5bc6d2-6c77-4723-8753-db06b07718bb,218803021,Commune de Le Ménil (88),false,{88302},Commune,2026-03-24 14:42:11.118516+01,gold_establishments_2025,,,,21880302100011,2025,Collectivité Territoriale,Commune,['Vosges'],['Grand Est'],COM,{88},{44}
7d5871c5-8f54-4aa8-b168-2fdeaa862d7d,216102616,Commune de Le Ménil-Broût (61),false,{61261},Commune,2026-03-24 14:42:05.597325+01,gold_establishments_2025,,,,21610261600010,2025,Collectivité Territoriale,Commune,['Orne'],['Normandie'],COM,{61},{28}
90bd9100-f76b-433b-8e14-416b1f9e45fb,216102590,Commune de Le Ménil-Bérard (61),false,{61259},Commune,2026-03-24 14:42:05.597325+01,gold_establishments_2025,,,,21610259000017,2025,Collectivité Territoriale,Commune,['Orne'],['Normandie'],COM,{61},{28}
9b265d79-8cc7-48c6-b58d-ba072bf35f7a,216102624,Commune de Le Ménil-Ciboult (61),false,{61262},Commune,2026-03-24 14:42:05.597325+01,gold_establishments_2025,,,,21610262400014,2025,Collectivité Territoriale,Commune,['Orne'],['Normandie'],COM,{61},{28}
1138259e-8f89-43f7-8ff8-5cbb9cfc172c,216102665,Commune de Le Ménil-Guyon (61),false,{61266},Commune,2026-03-24 14:42:05.597325+01,gold_establishments_2025,,,,21610266500017,2025,Collectivité Territoriale,Commune,['Orne'],['Normandie'],COM,{61},{28}
13453c2d-71f6-4fad-8551-0aa63539a1a1,216102715,Commune de Le Ménil-Scelleur (61),false,{61271},Commune,2026-03-24 14:42:05.597325+01,gold_establishments_2025,,,,21610271500010,2025,Collectivité Territoriale,Commune,['Orne'],['Normandie'],COM,{61},{28}
2fa571b4-e84a-44ab-aa7b-b73debeb87f3,216102723,Commune de Le Ménil-Vicomte (61),false,{61272},Commune,2026-03-24 14:42:05.597325+01,gold_establishments_2025,,,,21610272300014,2025,Collectivité Territoriale,Commune,['Orne'],['Normandie'],COM,{61},{28}
324fde06-b6ca-423c-ac34-728a4a5340aa,216102608,Commune de Le Ménil-de-Briouze (61),false,{61260},Commune,2026-03-24 14:42:05.597325+01,gold_establishments_2025,,,,21610260800017,2025,Collectivité Territoriale,Commune,['Orne'],['Normandie'],COM,{61},{28}
c13700d7-800d-4c52-bf55-5203590c5664,211002241,Commune de Le Mériot (10),false,{10231},Commune,2026-03-24 14:41:53.095366+01,gold_establishments_2025,,,,21100224100019,2025,Collectivité Territoriale,Commune,['Aube'],['Grand Est'],COM,{10},{44}
c2192854-3d57-418d-a826-8dfe9e23ef19,200082949,Commune de Le Mérévillois (91),false,{91390},Commune,2026-03-24 14:42:11.659493+01,gold_establishments_2025,,,,20008294900013,2025,Collectivité Territoriale,Commune,['Essonne'],['Île-de-France'],COM,{91},{11}
a7a803eb-e584-4036-b895-8f12355c56ab,216102582,Commune de Le Mêle-sur-Sarthe (61),false,{61258},Commune,2026-03-24 14:42:05.597325+01,gold_establishments_2025,,,,21610258200014,2025,Collectivité Territoriale,Commune,['Orne'],['Normandie'],COM,{61},{28}
9dfa1d3f-8d3c-43bd-b156-949e1af535a5,211201728,Commune de Le Nayrac (12),false,{12172},Commune,2026-03-24 14:41:53.63825+01,gold_establishments_2025,,,,21120172800014,2025,Collectivité Territoriale,Commune,['Aveyron'],['Occitanie'],COM,{12},{76}
ca5e68b0-4dd9-4f1c-b207-4ca8baf4d58e,212704282,Commune de Le Neubourg (27),false,{27428},Commune,2026-03-24 14:41:57.028721+01,gold_establishments_2025,,,,21270428200012,2025,Collectivité Territoriale,Commune,['Eure'],['Normandie'],COM,{27},{28}
8dc932d0-a215-4d2b-9414-9dec0bb449ea,215003716,Commune de Le Neufbourg (50),false,{50371},Commune,2026-03-24 14:42:01.412377+01,gold_establishments_2025,,,,21500371600010,2025,Collectivité Territoriale,Commune,['Manche'],['Normandie'],COM,{50},{28}
0cad02d2-b233-4826-922f-28ef904a06d8,215503798,Commune de Le Neufour (55),false,{55379},Commune,2026-03-24 14:42:03.701372+01,gold_establishments_2025,,,,21550379800013,2025,Collectivité Territoriale,Commune,['Meuse'],['Grand Est'],COM,{55},{44}
3ed4955f-150e-4201-9fe3-b59a0ece8d50,213303050,Commune de Le Nizan (33),false,{33305},Commune,2026-03-24 14:41:58.620411+01,gold_establishments_2025,,,,21330305000016,2025,Collectivité Territoriale,Commune,['Gironde'],['Nouvelle-Aquitaine'],COM,{33},{75}
ef792aeb-2fcf-4e6f-8e6c-d090acafe4cb,210205357,Commune de Le Nouvion-en-Thiérache (02),false,{02558},Commune,2026-03-24 14:41:52.020251+01,gold_establishments_2025,,,,21020535700010,2025,Collectivité Territoriale,Commune,['Aisne'],['Hauts-de-France'],COM,{02},{32}
98f9ebd3-d24b-4046-a41e-fc16811e9ae0,210500955,Commune de Le Noyer (05),false,{05095},Commune,2026-03-24 14:41:52.562531+01,gold_establishments_2025,,,,21050095500013,2025,Collectivité Territoriale,Commune,['Hautes-Alpes'],"[""Provence-Alpes-Côte d'Azur""]",COM,{05},{93}
f11873bb-5dc4-477f-ab14-6214a630dca6,211801683,Commune de Le Noyer (18),false,{18168},Commune,2026-03-24 14:41:54.903238+01,gold_establishments_2025,,,,21180168300015,2025,Collectivité Territoriale,Commune,['Cher'],['Centre-Val de Loire'],COM,{18},{24}
f5727661-0758-4cc2-bc3a-4a104786aef5,217301928,Commune de Le Noyer (73),false,{73192},Commune,2026-03-24 14:42:08.279287+01,gold_establishments_2025,,,,21730192800016,2025,Collectivité Territoriale,Commune,['Savoie'],['Auvergne-Rhône-Alpes'],COM,{73},{84}
22c4f50c-9830-4a1e-a587-438a2e4814f2,212704449,Commune de Le Noyer-en-Ouche (27),false,{27444},Commune,2026-03-24 14:41:57.028721+01,gold_establishments_2025,,,,21270444900017,2025,Collectivité Territoriale,Commune,['Eure'],['Normandie'],COM,{27},{28}
c71b58dd-6494-4230-a525-fba6001f5fee,215202706,Commune de Le Pailly (52),false,{52374},Commune,2026-03-24 14:42:01.954481+01,gold_establishments_2025,,,,21520270600010,2025,Collectivité Territoriale,Commune,['Haute-Marne'],['Grand Est'],COM,{52},{44}
09be9ffd-2152-41d4-8648-ceff28bf3a72,215601527,Commune de Le Palais (56),false,{56152},Commune,2026-03-24 14:42:03.701372+01,gold_establishments_2025,,,,21560152700017,2025,Collectivité Territoriale,Commune,['Morbihan'],['Bretagne'],COM,{56},{53}
ccef2202-b694-428f-821e-c85b20fdfe5c,218711307,Commune de Le Palais-sur-Vienne (87),false,{87113},Commune,2026-03-24 14:42:11.118516+01,gold_establishments_2025,,,,21871130700015,2025,Collectivité Territoriale,Commune,['Haute-Vienne'],['Nouvelle-Aquitaine'],COM,{87},{75}
d324e4dd-3173-4332-bd52-fd55c473cccb,214401176,Commune de Le Pallet (44),false,{44117},Commune,2026-03-24 14:42:00.273698+01,gold_establishments_2025,,,,21440117600018,2025,Collectivité Territoriale,Commune,['Loire-Atlantique'],['Pays de la Loire'],COM,{44},{52}
3958aded-b671-4f45-91ab-e17fd7954712,200055960,Commune de Le Parc (50),false,{50535},Commune,2026-03-24 14:42:01.412377+01,gold_establishments_2025,,,,20005596000070,2025,Collectivité Territoriale,Commune,['Manche'],['Normandie'],COM,{50},{28}
cc8b6034-2e65-463e-9713-3ba7bd6c9a66,216206474,Commune de Le Parcq (62),false,{62647},Commune,2026-03-24 14:42:05.597325+01,gold_establishments_2025,,,,21620647400019,2025,Collectivité Territoriale,Commune,['Pas-de-Calais'],['Hauts-de-France'],COM,{62},{32}
49a0b379-beb5-45cf-a4db-f784c5094334,215301763,Commune de Le Pas (53),false,{53176},Commune,2026-03-24 14:42:02.957225+01,gold_establishments_2025,,,,21530176300011,2025,Collectivité Territoriale,Commune,['Mayenne'],['Pays de la Loire'],COM,{53},{52}
87d9d3e3-b6b0-4e4c-bc0d-8cfe52800415,216103234,Commune de Le Pas-Saint-l'Homer (61),false,{61323},Commune,2026-03-24 14:42:05.597325+01,gold_establishments_2025,,,,21610323400011,2025,Collectivité Territoriale,Commune,['Orne'],['Normandie'],COM,{61},{28}
dae4b35e-9abb-4398-84f2-df58d488de6e,213904063,Commune de Le Pasquier (39),false,{39406},Commune,2026-03-24 14:41:59.705606+01,gold_establishments_2025,,,,21390406300012,2025,Collectivité Territoriale,Commune,['Jura'],['Bourgogne-Franche-Comté'],COM,{39},{27}
fa8aac88-3dde-4f1a-b32a-83a8a74667aa,213802960,Commune de Le Passage (38),false,{38296},Commune,2026-03-24 14:41:59.160244+01,gold_establishments_2025,,,,21380296000012,2025,Collectivité Territoriale,Commune,['Isère'],['Auvergne-Rhône-Alpes'],COM,{38},{84}
069a10c8-4619-449d-8d86-4d05c4c2c150,214702011,Commune de Le Passage (47),false,{47201},Commune,2026-03-24 14:42:00.862623+01,gold_establishments_2025,,,,21470201100013,2025,Collectivité Territoriale,Commune,['Lot-et-Garonne'],['Nouvelle-Aquitaine'],COM,{47},{75}
f59ba0da-a9ed-4496-958d-57f89ba5fb54,211002738,Commune de Le Pavillon-Sainte-Julie (10),false,{10281},Commune,2026-03-24 14:41:53.095366+01,gold_establishments_2025,,,,21100273800014,2025,Collectivité Territoriale,Commune,['Aube'],['Grand Est'],COM,{10},{44}
da165bb6-41e3-4d4b-8211-78efdd64b28e,217804814,Commune de Le Pecq (78),false,{78481},Commune,2026-03-24 14:42:09.43682+01,gold_establishments_2025,,,,21780481400010,2025,Collectivité Territoriale,Commune,['Yvelines'],['Île-de-France'],COM,{78},{11}
f2e632c9-54aa-4163-b8b2-95b30dd06064,214401200,Commune de Le Pellerin (44),false,{44120},Commune,2026-03-24 14:42:00.273698+01,gold_establishments_2025,,,,21440120000016,2025,Collectivité Territoriale,Commune,['Loire-Atlantique'],['Pays de la Loire'],COM,{44},{52}
bb2462ba-83b4-476b-8221-83ed5ab6365f,219504834,Commune de Le Perchay (95),false,{95483},Commune,2026-03-24 14:42:11.659493+01,gold_establishments_2025,,,,21950483400017,2025,Collectivité Territoriale,Commune,"[""Val-d'Oise""]",['Île-de-France'],COM,{95},{11}
7ecc3105-e7d0-4e6d-a78e-925b702d155c,213803018,Commune de Le Percy (38),false,{38301},Commune,2026-03-24 14:41:59.160244+01,gold_establishments_2025,,,,21380301800018,2025,Collectivité Territoriale,Commune,['Isère'],['Auvergne-Rhône-Alpes'],COM,{38},{84}
4a2ba8ed-5e94-4529-822d-f5e0a551c2ab,217804863,Commune de Le Perray-en-Yvelines (78),false,{78486},Commune,2026-03-24 14:42:09.43682+01,gold_establishments_2025,,,,21780486300017,2025,Collectivité Territoriale,Commune,['Yvelines'],['Île-de-France'],COM,{78},{11}
af865834-50ef-45dc-a7ef-4c7fcb68c68b,219400587,Commune de Le Perreux-sur-Marne (94),false,{94058},Commune,2026-03-24 14:42:11.659493+01,gold_establishments_2025,,,,21940058700016,2025,Collectivité Territoriale,Commune,['Val-de-Marne'],['Île-de-France'],COM,{94},{11}
dfd587c2-0e0a-4037-aee3-9176b280a840,200087534,Commune de Le Perrey (27),false,{27263},Commune,2026-03-24 14:41:57.028721+01,gold_establishments_2025,,,,20008753400018,2025,Collectivité Territoriale,Commune,['Eure'],['Normandie'],COM,{27},{28}
ceb9bf42-4d9e-4ac7-aee5-d5fc45018733,218501724,Commune de Le Perrier (85),false,{85172},Commune,2026-03-24 14:42:10.508772+01,gold_establishments_2025,,,,21850172400015,2025,Collectivité Territoriale,Commune,['Vendée'],['Pays de la Loire'],COM,{85},{52}
8741157f-4c58-46e5-aa69-42c763f5813e,215003989,Commune de Le Perron (50),false,{50398},Commune,2026-03-24 14:42:01.412377+01,gold_establishments_2025,,,,21500398900013,2025,Collectivité Territoriale,Commune,['Manche'],['Normandie'],COM,{50},{28}
a0e0a209-5fe0-4622-aeb4-a33724b2254c,216901512,Commune de Le Perréon (69),false,{69151},Commune,2026-03-24 14:42:07.195692+01,gold_establishments_2025,,,,21690151200014,2025,Collectivité Territoriale,Commune,['Rhône'],['Auvergne-Rhône-Alpes'],COM,{69},{84}
112c3cbd-94a0-481c-b9ea-d913084046b0,216601377,Commune de Le Perthus (66),false,{66137},Commune,2026-03-24 14:42:06.665412+01,gold_establishments_2025,,,,21660137700015,2025,Collectivité Territoriale,Commune,['Pyrénées-Orientales'],['Occitanie'],COM,{66},{76}
7d7d3784-6def-4154-af79-09d29311fe83,213502172,Commune de Le Pertre (35),false,{35217},Commune,2026-03-24 14:41:58.620411+01,gold_establishments_2025,,,,21350217200017,2025,Collectivité Territoriale,Commune,['Ille-et-Vilaine'],['Bretagne'],COM,{35},{53}
d9e49c6a-eb37-4d60-a883-d60d7e1bc334,214301509,Commune de Le Pertuis (43),false,{43150},Commune,2026-03-24 14:42:00.273698+01,gold_establishments_2025,,,,21430150900011,2025,Collectivité Territoriale,Commune,['Haute-Loire'],['Auvergne-Rhône-Alpes'],COM,{43},{84}
3b9c618e-6ec2-451d-9a2c-b001b1f13c18,211916309,Commune de Le Pescher (19),false,{19163},Commune,2026-03-24 14:41:54.903238+01,gold_establishments_2025,,,,21191630900019,2025,Collectivité Territoriale,Commune,['Corrèze'],['Nouvelle-Aquitaine'],COM,{19},{75}
29b916d9-066d-47e3-81e9-3a0e63281955,215003997,Commune de Le Petit-Celland (50),false,{50399},Commune,2026-03-24 14:42:01.412377+01,gold_establishments_2025,,,,21500399700016,2025,Collectivité Territoriale,Commune,['Manche'],['Normandie'],COM,{50},{28}
c8eb4b25-36f5-4431-b142-f26e87d3ffe9,213502180,Commune de Le Petit-Fougeray (35),false,{35218},Commune,2026-03-24 14:41:58.620411+01,gold_establishments_2025,,,,21350218000010,2025,Collectivité Territoriale,Commune,['Ille-et-Vilaine'],['Bretagne'],COM,{35},{53}
909eacf4-0d04-439e-a20a-713e03d05863,213701840,Commune de Le Petit-Pressigny (37),false,{37184},Commune,2026-03-24 14:41:59.160244+01,gold_establishments_2025,,,,21370184000042,2025,Collectivité Territoriale,Commune,['Indre-et-Loire'],['Centre-Val de Loire'],COM,{37},{24}
b7f5073d-959b-4f83-853e-27038489b12f,217604982,Commune de Le Petit-Quevilly (76),false,{76498},Commune,2026-03-24 14:42:08.818969+01,gold_establishments_2025,,,,21760498200017,2025,Collectivité Territoriale,Commune,['Seine-Maritime'],['Normandie'],COM,{76},{28}
47f879b3-833a-450a-8ad1-adf9c37b5b05,210902292,Commune de Le Peyrat (09),false,{09229},Commune,2026-03-24 14:41:53.095366+01,gold_establishments_2025,,,,21090229200015,2025,Collectivité Territoriale,Commune,['Ariège'],['Occitanie'],COM,{09},{76}
a4c8a426-b2be-4340-bded-2e8096c7f1b5,213303225,Commune de Le Pian-Médoc (33),false,{33322},Commune,2026-03-24 14:41:58.620411+01,gold_establishments_2025,,,,21330322500014,2025,Collectivité Territoriale,Commune,['Gironde'],['Nouvelle-Aquitaine'],COM,{33},{75}
2172b70c-b491-437e-996b-dbe8c5522d4e,213303233,Commune de Le Pian-sur-Garonne (33),false,{33323},Commune,2026-03-24 14:41:58.620411+01,gold_establishments_2025,,,,21330323300018,2025,Collectivité Territoriale,Commune,['Gironde'],['Nouvelle-Aquitaine'],COM,{33},{75}
2fb7a683-525c-46b8-b46b-4d6570ac0403,210302089,Commune de Le Pin (03),false,{03208},Commune,2026-03-24 14:41:52.020251+01,gold_establishments_2025,,,,21030208900011,2025,Collectivité Territoriale,Commune,['Allier'],['Auvergne-Rhône-Alpes'],COM,{03},{84}
966be571-f844-4604-92fc-3553e59448e8,211405048,Commune de Le Pin (14),false,{14504},Commune,2026-03-24 14:41:54.362296+01,gold_establishments_2025,,,,21140504800011,2025,Collectivité Territoriale,Commune,['Calvados'],['Normandie'],COM,{14},{28}
a030565e-eebc-437a-a17e-e074341617a0,211702766,Commune de Le Pin (17),false,{17276},Commune,2026-03-24 14:41:54.903238+01,gold_establishments_2025,,,,21170276600018,2025,Collectivité Territoriale,Commune,['Charente-Maritime'],['Nouvelle-Aquitaine'],COM,{17},{75}
ac30b91c-e3e4-4a91-82cd-88041e356bc8,213001969,Commune de Le Pin (30),false,{30196},Commune,2026-03-24 14:41:57.56054+01,gold_establishments_2025,,,,21300196900012,2025,Collectivité Territoriale,Commune,['Gard'],['Occitanie'],COM,{30},{76}
3f678083-d0a6-4300-a570-ed4e968d96d1,213904212,Commune de Le Pin (39),false,{39421},Commune,2026-03-24 14:41:59.705606+01,gold_establishments_2025,,,,21390421200015,2025,Collectivité Territoriale,Commune,['Jura'],['Bourgogne-Franche-Comté'],COM,{39},{27}
b520b1a0-9ced-4a63-9c70-e3178a05a3ce,214401242,Commune de Le Pin (44),false,{44124},Commune,2026-03-24 14:42:00.273698+01,gold_establishments_2025,,,,21440124200018,2025,Collectivité Territoriale,Commune,['Loire-Atlantique'],['Pays de la Loire'],COM,{44},{52}
8294e207-aae5-497f-96bd-70242d4f22e7,217703636,Commune de Le Pin (77),false,{77363},Commune,2026-03-24 14:42:09.43682+01,gold_establishments_2025,,,,21770363600019,2025,Collectivité Territoriale,Commune,['Seine-et-Marne'],['Île-de-France'],COM,{77},{11}
4002193c-a4f2-4459-8b83-4654fd250326,217902105,Commune de Le Pin (79),false,{79210},Commune,2026-03-24 14:42:09.43682+01,gold_establishments_2025,,,,21790210500014,2025,Collectivité Territoriale,Commune,['Deux-Sèvres'],['Nouvelle-Aquitaine'],COM,{79},{75}
70860f45-ed8a-462b-be79-1722b804d9ae,218201390,Commune de Le Pin (82),false,{82139},Commune,2026-03-24 14:42:10.508772+01,gold_establishments_2025,,,,21820139000018,2025,Collectivité Territoriale,Commune,['Tarn-et-Garonne'],['Occitanie'],COM,{82},{76}
769f47ea-1f63-4b13-8d90-3c5cce4697fe,213104193,Commune de Le Pin-Murelet (31),false,{31419},Commune,2026-03-24 14:41:58.09424+01,gold_establishments_2025,,,,21310419300015,2025,Collectivité Territoriale,Commune,['Haute-Garonne'],['Occitanie'],COM,{31},{76}
f2cbcedf-c13b-42ec-b7bc-9da18ca1aef6,216103283,Commune de Le Pin-au-Haras (61),false,{61328},Commune,2026-03-24 14:42:05.597325+01,gold_establishments_2025,,,,21610328300018,2025,Collectivité Territoriale,Commune,['Orne'],['Normandie'],COM,{61},{28}
475f6246-1033-44af-9a27-3719a742b147,216103291,Commune de Le Pin-la-Garenne (61),false,{61329},Commune,2026-03-24 14:42:05.597325+01,gold_establishments_2025,,,,21610329100060,2025,Collectivité Territoriale,Commune,['Orne'],['Normandie'],COM,{61},{28}
d1ac8525-7564-4c86-84e0-824bc14de1ba,212403299,Commune de Le Pizou (24),false,{24329},Commune,2026-03-24 14:41:55.958138+01,gold_establishments_2025,,,,21240329900010,2025,Collectivité Territoriale,Commune,['Dordogne'],['Nouvelle-Aquitaine'],COM,{24},{75}
2d9a076d-f647-4dc1-a0de-3126eaa74f7a,210902300,Commune de Le Pla (09),false,{09230},Commune,2026-03-24 14:41:53.095366+01,gold_establishments_2025,,,,21090230000016,2025,Collectivité Territoriale,Commune,['Ariège'],['Occitanie'],COM,{09},{76}
eabf43d2-2bef-4d1d-a77e-d92230fedf17,210701751,Commune de Le Plagnal (07),false,{07175},Commune,2026-03-24 14:41:52.562531+01,gold_establishments_2025,,,,21070175100013,2025,Collectivité Territoriale,Commune,['Ardèche'],['Auvergne-Rhône-Alpes'],COM,{07},{84}
bd134b56-14eb-4bc9-b402-8383e228ab6d,213104250,Commune de Le Plan (31),false,{31425},Commune,2026-03-24 14:41:58.09424+01,gold_establishments_2025,,,,21310425000013,2025,Collectivité Territoriale,Commune,['Haute-Garonne'],['Occitanie'],COM,{31},{76}
f3df543c-e93e-4cd5-956f-a828646c7396,218300945,Commune de Le Plan-de-la-Tour (83),false,{83094},Commune,2026-03-24 14:42:10.508772+01,gold_establishments_2025,,,,21830094500019,2025,Collectivité Territoriale,Commune,['Var'],"[""Provence-Alpes-Côte d'Azur""]",COM,{83},{93}
f2bc0e65-c8bb-4c11-8a3a-7df216cf1b95,217103522,Commune de Le Planois (71),false,{71352},Commune,2026-03-24 14:42:07.735343+01,gold_establishments_2025,,,,21710352200017,2025,Collectivité Territoriale,Commune,['Saône-et-Loire'],['Bourgogne-Franche-Comté'],COM,{71},{27}
16bdc30f-0087-4be0-9179-7cb3c18f8046,212704621,Commune de Le Planquay (27),false,{27462},Commune,2026-03-24 14:41:57.028721+01,gold_establishments_2025,,,,21270462100011,2025,Collectivité Territoriale,Commune,['Eure'],['Normandie'],COM,{27},{28}
82b6e10d-b475-4838-819c-c53891e51148,210102992,Commune de Le Plantay (01),false,{01299},Commune,2026-03-24 14:41:51.447482+01,gold_establishments_2025,,,,21010299200018,2025,Collectivité Territoriale,Commune,['Ain'],['Auvergne-Rhône-Alpes'],COM,{01},{84}
eba17505-0ff0-405d-9849-dc1ec8e7f531,216103317,Commune de Le Plantis (61),false,{61331},Commune,2026-03-24 14:42:05.597325+01,gold_establishments_2025,,,,21610331700014,2025,Collectivité Territoriale,Commune,['Orne'],['Normandie'],COM,{61},{28}
ee6cbf69-7668-48ec-9c67-66fd8ea759ad,210205829,Commune de Le Plessier-Huleu (02),false,{02606},Commune,2026-03-24 14:41:52.020251+01,gold_establishments_2025,,,,21020582900018,2025,Collectivité Territoriale,Commune,['Aisne'],['Hauts-de-France'],COM,{02},{32}
d63b602d-8e7b-42e0-a5be-6bd38eade48b,218005932,Commune de Le Plessier-Rozainvillers (80),false,{80628},Commune,2026-03-24 14:42:09.967209+01,gold_establishments_2025,,,,21800593200015,2025,Collectivité Territoriale,Commune,['Somme'],['Hauts-de-France'],COM,{80},{32}
d6129afe-75dd-4526-803a-bafac45c05b6,216004911,Commune de Le Plessier-sur-Bulles (60),false,{60497},Commune,2026-03-24 14:42:04.814328+01,gold_establishments_2025,,,,21600491100014,2025,Collectivité Territoriale,Commune,['Oise'],['Hauts-de-France'],COM,{60},{32}
377f457c-956f-4865-a58b-500f0dcfc178,216004929,Commune de Le Plessier-sur-Saint-Just (60),false,{60498},Commune,2026-03-24 14:42:04.814328+01,gold_establishments_2025,,,,21600492900016,2025,Collectivité Territoriale,Commune,['Oise'],['Hauts-de-France'],COM,{60},{32}
25e2b709-665d-45c7-b5d4-fa96d93db653,216004945,Commune de Le Plessis-Belleville (60),false,{60500},Commune,2026-03-24 14:42:04.814328+01,gold_establishments_2025,,,,21600494500012,2025,Collectivité Territoriale,Commune,['Oise'],['Hauts-de-France'],COM,{60},{32}
dbdce2c4-5eee-43d8-bb05-920abd0ccccd,219504917,Commune de Le Plessis-Bouchard (95),false,{95491},Commune,2026-03-24 14:42:11.659493+01,gold_establishments_2025,,,,21950491700010,2025,Collectivité Territoriale,Commune,"[""Val-d'Oise""]",['Île-de-France'],COM,{95},{11}
8002ab16-fe9d-4b5c-8a77-815bb10dadf7,216004952,Commune de Le Plessis-Brion (60),false,{60501},Commune,2026-03-24 14:42:04.814328+01,gold_establishments_2025,,,,21600495200018,2025,Collectivité Territoriale,Commune,['Oise'],['Hauts-de-France'],COM,{60},{32}
85baafb1-d1c5-475e-8281-981e2802bec0,214101776,Commune de Le Plessis-Dorin (41),false,{41177},Commune,2026-03-24 14:42:00.273698+01,gold_establishments_2025,,,,21410177600018,2025,Collectivité Territoriale,Commune,['Loir-et-Cher'],['Centre-Val de Loire'],COM,{41},{24}
ef4ad33c-c217-4c62-b1b0-cf5c4a692b4c,217703651,Commune de Le Plessis-Feu-Aussoux (77),false,{77365},Commune,2026-03-24 14:42:09.43682+01,gold_establishments_2025,,,,21770365100018,2025,Collectivité Territoriale,Commune,['Seine-et-Marne'],['Île-de-France'],COM,{77},{11}
0999fb6a-ba5f-463b-853b-3e4be59eaf74,219504925,Commune de Le Plessis-Gassot (95),false,{95492},Commune,2026-03-24 14:42:11.659493+01,gold_establishments_2025,,,,21950492500013,2025,Collectivité Territoriale,Commune,"[""Val-d'Oise""]",['Île-de-France'],COM,{95},{11}
116409af-b378-4096-91bf-06df1b529eda,214902413,Commune de Le Plessis-Grammoire (49),false,{49241},Commune,2026-03-24 14:42:01.412377+01,gold_establishments_2025,,,,21490241300019,2025,Collectivité Territoriale,Commune,['Maine-et-Loire'],['Pays de la Loire'],COM,{49},{52}
6a89efd6-a61e-4078-9a4f-d2ba54865908,212704647,Commune de Le Plessis-Grohan (27),false,{27464},Commune,2026-03-24 14:41:57.028721+01,gold_establishments_2025,,,,21270464700016,2025,Collectivité Territoriale,Commune,['Eure'],['Normandie'],COM,{27},{28}
66e0c3f0-d6ea-46d4-96e2-a07cec49c18f,212704654,Commune de Le Plessis-Hébert (27),false,{27465},Commune,2026-03-24 14:41:57.028721+01,gold_establishments_2025,,,,21270465400012,2025,Collectivité Territoriale,Commune,['Eure'],['Normandie'],COM,{27},{28}
7c1220b0-16b0-49f9-8b8d-8e75a17d66ff,215004052,Commune de Le Plessis-Lastelle (50),false,{50405},Commune,2026-03-24 14:42:01.412377+01,gold_establishments_2025,,,,21500405200019,2025,Collectivité Territoriale,Commune,['Manche'],['Normandie'],COM,{50},{28}
a637ddba-e6af-4f14-be19-837521c8062b,219504933,Commune de Le Plessis-Luzarches (95),false,{95493},Commune,2026-03-24 14:42:11.659493+01,gold_establishments_2025,,,,21950493300017,2025,Collectivité Territoriale,Commune,"[""Val-d'Oise""]",['Île-de-France'],COM,{95},{11}
cf436503-0347-4add-bc17-54488e2affa5,216004960,Commune de Le Plessis-Patte-d'Oie (60),false,{60502},Commune,2026-03-24 14:42:04.814328+01,gold_establishments_2025,,,,21600496000011,2025,Collectivité Territoriale,Commune,['Oise'],['Hauts-de-France'],COM,{60},{32}
be69175b-4e41-4591-9d83-c2fc8ead241e,217703677,Commune de Le Plessis-Placy (77),false,{77367},Commune,2026-03-24 14:42:09.43682+01,gold_establishments_2025,,,,21770367700013,2025,Collectivité Territoriale,Commune,['Seine-et-Marne'],['Île-de-France'],COM,{77},{11}
fe14789f-40a1-4b87-baf6-0e1a40b03128,219104940,Commune de Le Plessis-Pâté (91),false,{91494},Commune,2026-03-24 14:42:11.659493+01,gold_establishments_2025,,,,21910494000016,2025,Collectivité Territoriale,Commune,['Essonne'],['Île-de-France'],COM,{91},{11}
cab1c73d-2445-499e-847e-2918df9689df,219200607,Commune de Le Plessis-Robinson (92),false,{92060},Commune,2026-03-24 14:42:11.659493+01,gold_establishments_2025,,,,21920060700014,2025,Collectivité Territoriale,Commune,['Hauts-de-Seine'],['Île-de-France'],COM,{92},{11}
fbc985a9-7a48-4e34-a5d4-21e455b12b4b,212704662,Commune de Le Plessis-Sainte-Opportune (27),false,{27466},Commune,2026-03-24 14:41:57.028721+01,gold_establishments_2025,,,,21270466200015,2025,Collectivité Territoriale,Commune,['Eure'],['Normandie'],COM,{27},{28}
c71b11f7-621d-48a2-8ccf-d4d9225ab710,219400595,Commune de Le Plessis-Trévise (94),false,{94059},Commune,2026-03-24 14:42:11.659493+01,gold_establishments_2025,,,,21940059500019,2025,Collectivité Territoriale,Commune,['Val-de-Marne'],['Île-de-France'],COM,{94},{11}
2295207f-a406-4567-afbf-98db07971d0b,217703644,Commune de Le Plessis-aux-Bois (77),false,{77364},Commune,2026-03-24 14:42:09.43682+01,gold_establishments_2025,,,,21770364400013,2025,Collectivité Territoriale,Commune,['Seine-et-Marne'],['Île-de-France'],COM,{77},{11}
cb95816d-8331-4d81-b520-d2cea2b38258,214101784,Commune de Le Plessis-l'Échelle (41),false,{41178},Commune,2026-03-24 14:42:00.273698+01,gold_establishments_2025,,,,21410178400012,2025,Collectivité Territoriale,Commune,['Loir-et-Cher'],['Centre-Val de Loire'],COM,{41},{24}
31151e30-62e7-4ee7-a7f4-d07176a9d11f,217703669,Commune de Le Plessis-l'Évêque (77),false,{77366},Commune,2026-03-24 14:42:09.43682+01,gold_establishments_2025,,,,21770366900010,2025,Collectivité Territoriale,Commune,['Seine-et-Marne'],['Île-de-France'],COM,{77},{11}
266ae5d8-cd61-496f-a5cf-fee27ea0f8b2,216004978,Commune de Le Ployron (60),false,{60503},Commune,2026-03-24 14:42:04.814328+01,gold_establishments_2025,,,,21600497800013,2025,Collectivité Territoriale,Commune,['Oise'],['Hauts-de-France'],COM,{60},{32}
b0fb60c0-ef59-446b-942a-447f110b6711,213601594,Commune de Le Poinçonnet (36),false,{36159},Commune,2026-03-24 14:41:59.160244+01,gold_establishments_2025,,,,21360159400012,2025,Collectivité Territoriale,Commune,['Indre'],['Centre-Val de Loire'],COM,{36},{24}
2b58615d-5704-4e18-bcdf-94bf6b458cc6,218501781,Commune de Le Poiré-sur-Vie (85),false,{85178},Commune,2026-03-24 14:42:10.508772+01,gold_establishments_2025,,,,21850178100015,2025,Collectivité Territoriale,Commune,['Vendée'],['Pays de la Loire'],COM,{85},{52}
c31fe79a-3c3c-45bc-aa15-cb3fd3ad57e8,214101792,Commune de Le Poislay (41),false,{41179},Commune,2026-03-24 14:42:00.273698+01,gold_establishments_2025,,,,21410179200015,2025,Collectivité Territoriale,Commune,['Loir-et-Cher'],['Centre-Val de Loire'],COM,{41},{24}
7c3ca667-4476-4c7c-8eca-b0b09233f14f,200053395,Commune de Le Poizat-Lalleyriat (01),false,{01204},Commune,2026-03-24 14:41:51.447482+01,gold_establishments_2025,,,,20005339500014,2025,Collectivité Territoriale,Commune,['Ain'],['Auvergne-Rhône-Alpes'],COM,{01},{84}
be0fa7d2-cde8-4925-ab62-e943f4779dfb,214801151,Commune de Le Pompidou (48),false,{48115},Commune,2026-03-24 14:42:01.412377+01,gold_establishments_2025,,,,21480115100017,2025,Collectivité Territoriale,Commune,['Lozère'],['Occitanie'],COM,{48},{76}
7632a8fd-d5e6-49ff-9f5c-4344ebb61039,216206656,Commune de Le Ponchel (62),false,{62665},Commune,2026-03-24 14:42:05.597325+01,gold_establishments_2025,,,,21620665600011,2025,Collectivité Territoriale,Commune,['Pas-de-Calais'],['Hauts-de-France'],COM,{62},{32}
d1143d25-957a-4a6f-a03d-f27600d6dd83,211801832,Commune de Le Pondy (18),false,{18183},Commune,2026-03-24 14:41:54.903238+01,gold_establishments_2025,,,,21180183200018,2025,Collectivité Territoriale,Commune,['Cher'],['Centre-Val de Loire'],COM,{18},{24}
640d1116-d233-46ef-91f0-44b8b42bae23,213601610,Commune de Le Pont-Chrétien-Chabenet (36),false,{36161},Commune,2026-03-24 14:41:59.160244+01,gold_establishments_2025,,,,21360161000016,2025,Collectivité Territoriale,Commune,['Indre'],['Centre-Val de Loire'],COM,{36},{24}
e9876984-4d0c-4ffb-ba11-ea3a1eac07a1,213803158,Commune de Le Pont-de-Beauvoisin (38),false,{38315},Commune,2026-03-24 14:41:59.160244+01,gold_establishments_2025,,,,21380315800012,2025,Collectivité Territoriale,Commune,['Isère'],['Auvergne-Rhône-Alpes'],COM,{38},{84}
1a91caad-83a1-49b0-b584-6723f199d2b9,217302041,Commune de Le Pont-de-Beauvoisin (73),false,{73204},Commune,2026-03-24 14:42:08.279287+01,gold_establishments_2025,,,,21730204100017,2025,Collectivité Territoriale,Commune,['Savoie'],['Auvergne-Rhône-Alpes'],COM,{73},{84}
b801e0e9-8696-4cef-8e44-0930c0afdf9c,213803174,Commune de Le Pont-de-Claix (38),false,{38317},Commune,2026-03-24 14:41:59.160244+01,gold_establishments_2025,,,,21380317400019,2025,Collectivité Territoriale,Commune,['Isère'],['Auvergne-Rhône-Alpes'],COM,{38},{84}
fc20f29e-3720-4ff2-8ab9-8ab6f2bc883e,217302058,Commune de Le Pontet (73),false,{73205},Commune,2026-03-24 14:42:08.279287+01,gold_establishments_2025,,,,21730205800011,2025,Collectivité Territoriale,Commune,['Savoie'],['Auvergne-Rhône-Alpes'],COM,{73},{84}
9f48a50b-20c5-4eab-9264-dd0ab413a317,218400927,Commune de Le Pontet (84),false,{84092},Commune,2026-03-24 14:42:10.508772+01,gold_establishments_2025,,,,21840092700016,2025,Collectivité Territoriale,Commune,['Vaucluse'],"[""Provence-Alpes-Côte d'Azur""]",COM,{84},{93}
7df6dbc8-6bd1-4806-80dd-3722bc17ce25,213303332,Commune de Le Porge (33),false,{33333},Commune,2026-03-24 14:41:58.620411+01,gold_establishments_2025,,,,21330333200018,2025,Collectivité Territoriale,Commune,['Gironde'],['Nouvelle-Aquitaine'],COM,{33},{75}
ff06bc3c-26ba-4155-a130-b75cfbe019fc,210902318,Commune de Le Port (09),false,{09231},Commune,2026-03-24 14:41:53.095366+01,gold_establishments_2025,,,,21090231800018,2025,Collectivité Territoriale,Commune,['Ariège'],['Occitanie'],COM,{09},{76}
b92688c4-c800-43a5-bea8-d3e0c3af852a,219740073,Commune de Le Port (974),false,{97407},Commune,2026-03-24 14:42:11.659493+01,gold_establishments_2025,,,,21974007300016,2025,Collectivité Territoriale,Commune,['La Réunion'],['La Réunion'],COM,{974},{04}
85c8d9fe-5a82-42f0-9344-a23fc9e36946,217805027,Commune de Le Port-Marly (78),false,{78502},Commune,2026-03-24 14:42:09.43682+01,gold_establishments_2025,,,,21780502700018,2025,Collectivité Territoriale,Commune,['Yvelines'],['Île-de-France'],COM,{78},{11}
8f27bfa0-ea04-43b2-a85c-a2c922b427e6,216206672,Commune de Le Portel (62),false,{62667},Commune,2026-03-24 14:42:05.597325+01,gold_establishments_2025,,,,21620667200018,2025,Collectivité Territoriale,Commune,['Pas-de-Calais'],['Hauts-de-France'],COM,{62},{32}
9703ccfa-0d6b-4a9e-83fe-244684a4ba97,213402100,Commune de Le Pouget (34),false,{34210},Commune,2026-03-24 14:41:58.620411+01,gold_establishments_2025,,,,21340210000019,2025,Collectivité Territoriale,Commune,['Hérault'],['Occitanie'],COM,{34},{76}
d66b9be7-5119-49d8-b743-6841d216926f,213402118,Commune de Le Poujol-sur-Orb (34),false,{34211},Commune,2026-03-24 14:41:58.620411+01,gold_establishments_2025,,,,21340211800011,2025,Collectivité Territoriale,Commune,['Hérault'],['Occitanie'],COM,{34},{76}
9d7562ba-80f0-455e-ba76-322ec827aa4b,214401358,Commune de Le Pouliguen (44),false,{44135},Commune,2026-03-24 14:42:00.273698+01,gold_establishments_2025,,,,21440135800095,2025,Collectivité Territoriale,Commune,['Loire-Atlantique'],['Pays de la Loire'],COM,{44},{52}
e980b4ae-488a-41b2-b091-7ea89a43a288,213303357,Commune de Le Pout (33),false,{33335},Commune,2026-03-24 14:41:58.620411+01,gold_establishments_2025,,,,21330335700015,2025,Collectivité Territoriale,Commune,['Gironde'],['Nouvelle-Aquitaine'],COM,{33},{75}
214ae792-4225-4c46-8b7c-0e213d7d3830,210701819,Commune de Le Pouzin (07),false,{07181},Commune,2026-03-24 14:41:52.562531+01,gold_establishments_2025,,,,21070181900018,2025,Collectivité Territoriale,Commune,['Ardèche'],['Auvergne-Rhône-Alpes'],COM,{07},{84}
d06e660b-2e3f-4952-bce5-3602e98343ec,210501037,Commune de Le Poët (05),false,{05103},Commune,2026-03-24 14:41:52.562531+01,gold_establishments_2025,,,,21050103700019,2025,Collectivité Territoriale,Commune,['Hautes-Alpes'],"[""Provence-Alpes-Côte d'Azur""]",COM,{05},{93}
9175ed65-92f2-4043-ae23-6372d0af34ee,212602411,Commune de Le Poët-Célard (26),false,{26241},Commune,2026-03-24 14:41:56.495197+01,gold_establishments_2025,,,,21260241100010,2025,Collectivité Territoriale,Commune,['Drôme'],['Auvergne-Rhône-Alpes'],COM,{26},{84}
51cecc8b-fe81-4e9d-9c2b-66f4f647a8dd,212602437,Commune de Le Poët-Laval (26),false,{26243},Commune,2026-03-24 14:41:56.495197+01,gold_establishments_2025,,,,21260243700015,2025,Collectivité Territoriale,Commune,['Drôme'],['Auvergne-Rhône-Alpes'],COM,{26},{84}
4a630b5d-4f60-4123-a41b-f5840a7c9991,212602445,Commune de Le Poët-Sigillat (26),false,{26244},Commune,2026-03-24 14:41:56.495197+01,gold_establishments_2025,,,,21260244500018,2025,Collectivité Territoriale,Commune,['Drôme'],['Auvergne-Rhône-Alpes'],COM,{26},{84}
35982785-4c55-486f-8a4f-5eeda9f02734,212602429,Commune de Le Poët-en-Percip (26),false,{26242},Commune,2026-03-24 14:41:56.495197+01,gold_establishments_2025,,,,21260242900012,2025,Collectivité Territoriale,Commune,['Drôme'],['Auvergne-Rhône-Alpes'],COM,{26},{84}
d85ee017-8edf-424f-9818-250f457bb4f0,213402167,Commune de Le Pradal (34),false,{34216},Commune,2026-03-24 14:41:58.620411+01,gold_establishments_2025,,,,21340216700018,2025,Collectivité Territoriale,Commune,['Hérault'],['Occitanie'],COM,{34},{76}
d1ee0984-fc81-418a-875b-6435c2b5e2e1,218300986,Commune de Le Pradet (83),false,{83098},Commune,2026-03-24 14:42:10.508772+01,gold_establishments_2025,,,,21830098600013,2025,Collectivité Territoriale,Commune,['Var'],"[""Provence-Alpes-Côte d'Azur""]",COM,{83},{93}
97b59cff-df47-4b3a-a300-fa15500d26cd,219300613,Commune de Le Pré-Saint-Gervais (93),false,{93061},Commune,2026-03-24 14:42:11.659493+01,gold_establishments_2025,,,,21930061300011,2025,Collectivité Territoriale,Commune,['Seine-Saint-Denis'],['Île-de-France'],COM,{93},{11}
a06c97bc-a919-4aa4-b9ac-0d251274fc5e,211405204,Commune de Le Pré-d'Auge (14),false,{14520},Commune,2026-03-24 14:41:54.362296+01,gold_establishments_2025,,,,21140520400010,2025,Collectivité Territoriale,Commune,['Calvados'],['Normandie'],COM,{14},{28}
38f2917c-f882-4182-96cf-80227afe9855,219722196,Commune de Le Prêcheur (972),false,{97219},Commune,2026-03-24 14:42:11.659493+01,gold_establishments_2025,,,,21972219600017,2025,Collectivité Territoriale,Commune,['Martinique'],['Martinique'],COM,{972},{02}
c067a7ed-be9b-431f-ab42-b6b8c9472ae5,210902375,Commune de Le Puch (09),false,{09237},Commune,2026-03-24 14:41:53.095366+01,gold_establishments_2025,,,,21090237500018,2025,Collectivité Territoriale,Commune,['Ariège'],['Occitanie'],COM,{09},{76}
47959838-7cab-44e5-9386-b0450971d2ae,213402209,Commune de Le Puech (34),false,{34220},Commune,2026-03-24 14:41:58.620411+01,gold_establishments_2025,,,,21340220900018,2025,Collectivité Territoriale,Commune,['Hérault'],['Occitanie'],COM,{34},{76}
a0089fdb-bcaa-4297-95ab-f8bae2b2d2de,218803625,Commune de Le Puid (88),false,{88362},Commune,2026-03-24 14:42:11.118516+01,gold_establishments_2025,,,,21880362500019,2025,Collectivité Territoriale,Commune,['Vosges'],['Grand Est'],COM,{88},{44}
5f0448cb-8d0f-4707-b76a-cd60b9c772a3,217103639,Commune de Le Puley (71),false,{71363},Commune,2026-03-24 14:42:07.735343+01,gold_establishments_2025,,,,21710363900019,2025,Collectivité Territoriale,Commune,['Saône-et-Loire'],['Bourgogne-Franche-Comté'],COM,{71},{27}
8570e566-616b-4584-9e0c-dcf768bee73a,212504740,Commune de Le Puy (25),false,{25474},Commune,2026-03-24 14:41:56.495197+01,gold_establishments_2025,,,,21250474000011,2025,Collectivité Territoriale,Commune,['Doubs'],['Bourgogne-Franche-Comté'],COM,{25},{27}
cbaab214-1f28-4592-8f8f-a3f20ab81d1c,213303456,Commune de Le Puy (33),false,{33345},Commune,2026-03-24 14:41:58.620411+01,gold_establishments_2025,,,,21330345600015,2025,Collectivité Territoriale,Commune,['Gironde'],['Nouvelle-Aquitaine'],COM,{33},{75}
e4735c83-4d74-4304-abad-15d340475796,214902538,Commune de Le Puy-Notre-Dame (49),false,{49253},Commune,2026-03-24 14:42:01.412377+01,gold_establishments_2025,,,,21490253800013,2025,Collectivité Territoriale,Commune,['Maine-et-Loire'],['Pays de la Loire'],COM,{49},{52}
1dcf2ab9-47f8-40ee-86da-d12d8476a25e,211300801,Commune de Le Puy-Sainte-Réparade (13),false,{13080},Commune,2026-03-24 14:41:53.63825+01,gold_establishments_2025,,,,21130080100019,2025,Collectivité Territoriale,Commune,['Bouches-du-Rhône'],"[""Provence-Alpes-Côte d'Azur""]",COM,{13},{93}
04ade218-bfb9-4045-93f9-4bdd6a2946fc,214301574,Commune de Le Puy-en-Velay (43),false,{43157},Commune,2026-03-24 14:42:00.273698+01,gold_establishments_2025,,,,21430157400015,2025,Collectivité Territoriale,Commune,['Haute-Loire'],['Auvergne-Rhône-Alpes'],COM,{43},{84}
3e210143-9965-455b-b957-d59c49c64d29,212602262,Commune de Le Pègue (26),false,{26226},Commune,2026-03-24 14:41:56.495197+01,gold_establishments_2025,,,,21260226200017,2025,Collectivité Territoriale,Commune,['Drôme'],['Auvergne-Rhône-Alpes'],COM,{26},{84}
dc6f7d41-8bee-44ee-bd15-097fb548c201,213802986,Commune de Le Péage-de-Roussillon (38),false,{38298},Commune,2026-03-24 14:41:59.160244+01,gold_establishments_2025,,,,21380298600017,2025,Collectivité Territoriale,Commune,['Isère'],['Auvergne-Rhône-Alpes'],COM,{38},{84}
22574dbc-b770-49a8-aa1c-eefb9f5db7bf,213601545,Commune de Le Pêchereau (36),false,{36154},Commune,2026-03-24 14:41:59.160244+01,gold_establishments_2025,,,,21360154500014,2025,Collectivité Territoriale,Commune,['Indre'],['Centre-Val de Loire'],COM,{36},{24}
d827eca1-746a-4a5e-9802-6792ea90c02a,216302935,Commune de Le Quartier (63),false,{63293},Commune,2026-03-24 14:42:06.130387+01,gold_establishments_2025,,,,21630293500012,2025,Collectivité Territoriale,Commune,['Puy-de-Dôme'],['Auvergne-Rhône-Alpes'],COM,{63},{84}
4b435f51-51a3-4eb2-a000-e1a95ea07600,218006138,Commune de Le Quesne (80),false,{80651},Commune,2026-03-24 14:42:09.967209+01,gold_establishments_2025,,,,21800613800018,2025,Collectivité Territoriale,Commune,['Somme'],['Hauts-de-France'],COM,{80},{32}
91f761e0-86f1-47d2-87d3-61b0b54ca28b,218006146,Commune de Le Quesnel (80),false,{80652},Commune,2026-03-24 14:42:09.967209+01,gold_establishments_2025,,,,21800614600011,2025,Collectivité Territoriale,Commune,['Somme'],['Hauts-de-France'],COM,{80},{32}
b2f37a6a-7237-4cbe-8341-12bff87ffb28,216005140,Commune de Le Quesnel-Aubry (60),false,{60520},Commune,2026-03-24 14:42:04.814328+01,gold_establishments_2025,,,,21600514000019,2025,Collectivité Territoriale,Commune,['Oise'],['Hauts-de-France'],COM,{60},{32}
5488c2f8-ff0a-4b9c-ba82-aaa2297f14ae,215904814,Commune de Le Quesnoy (59),false,{59481},Commune,2026-03-24 14:42:04.814328+01,gold_establishments_2025,,,,21590481400013,2025,Collectivité Territoriale,Commune,['Nord'],['Hauts-de-France'],COM,{59},{32}
e934dcf7-0b2e-46ad-99a6-5dcadd76f043,216206771,Commune de Le Quesnoy-en-Artois (62),false,{62677},Commune,2026-03-24 14:42:05.597325+01,gold_establishments_2025,,,,21620677100018,2025,Collectivité Territoriale,Commune,['Pas-de-Calais'],['Hauts-de-France'],COM,{62},{32}
b2e1d4c2-9a33-4e3f-b559-3c02496845e1,212202600,Commune de Le Quillio (22),false,{22260},Commune,2026-03-24 14:41:55.958138+01,gold_establishments_2025,,,,21220260000012,2025,Collectivité Territoriale,Commune,"[""Côtes-d'Armor""]",['Bretagne'],COM,{22},{53}
0ec891cf-9d33-4dca-8768-26cc0d51bba4,212202634,Commune de Le Quiou (22),false,{22263},Commune,2026-03-24 14:41:55.958138+01,gold_establishments_2025,,,,21220263400011,2025,Collectivité Territoriale,Commune,"[""Côtes-d'Armor""]",['Bretagne'],COM,{22},{53}
df23b887-726f-4b26-b983-c4eeec2ceee7,219300621,Commune de Le Raincy (93),false,{93062},Commune,2026-03-24 14:42:11.659493+01,gold_establishments_2025,,,,21930062100014,2025,Collectivité Territoriale,Commune,['Seine-Saint-Denis'],['Île-de-France'],COM,{93},{11}
668d0aeb-bb00-4d19-9a4f-311329c436da,212902357,Commune de Le Relecq-Kerhuon (29),false,{29235},Commune,2026-03-24 14:41:57.56054+01,gold_establishments_2025,,,,21290235700012,2025,Collectivité Territoriale,Commune,['Finistère'],['Bretagne'],COM,{29},{53}
7731461c-2638-47f3-9483-765473f5874c,216103465,Commune de Le Renouard (61),false,{61346},Commune,2026-03-24 14:42:05.597325+01,gold_establishments_2025,,,,21610346500011,2025,Collectivité Territoriale,Commune,['Orne'],['Normandie'],COM,{61},{28}
0cb35dd9-8507-4929-ab51-5d9f7a4a55a9,217402213,Commune de Le Reposoir (74),false,{74221},Commune,2026-03-24 14:42:08.818969+01,gold_establishments_2025,,,,21740221300011,2025,Collectivité Territoriale,Commune,['Haute-Savoie'],['Auvergne-Rhône-Alpes'],COM,{74},{84}
ba2d4c26-c811-4fad-b2ef-60e743ed06de,217902261,Commune de Le Retail (79),false,{79226},Commune,2026-03-24 14:42:09.43682+01,gold_establishments_2025,,,,21790226100015,2025,Collectivité Territoriale,Commune,['Deux-Sèvres'],['Nouvelle-Aquitaine'],COM,{79},{75}
64f4be16-0ba1-412d-9f08-0ae350f364ed,218301034,Commune de Le Revest-les-Eaux (83),false,{83103},Commune,2026-03-24 14:42:10.508772+01,gold_establishments_2025,,,,21830103400011,2025,Collectivité Territoriale,Commune,['Var'],"[""Provence-Alpes-Côte d'Azur""]",COM,{83},{93}
cafcbb40-616b-488b-91d2-6ca1a8eca8a6,213502404,Commune de Le Rheu (35),false,{35240},Commune,2026-03-24 14:41:58.620411+01,gold_establishments_2025,,,,21350240400014,2025,Collectivité Territoriale,Commune,['Ille-et-Vilaine'],['Bretagne'],COM,{35},{53}
d7b8a513-3411-43c0-9fef-f691934bca2a,218102234,Commune de Le Rialet (81),false,{81223},Commune,2026-03-24 14:42:09.967209+01,gold_establishments_2025,,,,21810223400018,2025,Collectivité Territoriale,Commune,['Tarn'],['Occitanie'],COM,{81},{76}
ed26346a-9e56-423e-9a02-c74359d61f70,215301904,Commune de Le Ribay (53),false,{53190},Commune,2026-03-24 14:42:02.957225+01,gold_establishments_2025,,,,21530190400078,2025,Collectivité Territoriale,Commune,['Mayenne'],['Pays de la Loire'],COM,{53},{52}
19a83855-ab08-49ee-ac8c-ebc5f16b7a89,218102242,Commune de Le Riols (81),false,{81224},Commune,2026-03-24 14:42:09.967209+01,gold_establishments_2025,,,,21810224200011,2025,Collectivité Territoriale,Commune,['Tarn'],['Occitanie'],COM,{81},{76}
98f3c11a-dc75-42c9-8f65-457a55649ef5,219722220,Commune de Le Robert (972),false,{97222},Commune,2026-03-24 14:42:11.659493+01,gold_establishments_2025,,,,21972222000015,2025,Collectivité Territoriale,Commune,['Martinique'],['Martinique'],COM,{972},{02}
f8bd8aa6-6fc0-4a2b-852f-34ff3cb58b86,214602393,Commune de Le Roc (46),false,{46239},Commune,2026-03-24 14:42:00.862623+01,gold_establishments_2025,,,,21460239300016,2025,Collectivité Territoriale,Commune,['Lot'],['Occitanie'],COM,{46},{76}
90a883fb-119f-417f-a4d1-964b5da2ed1e,200057487,Commune de Le Rouget-Pers (15),false,{15268},Commune,2026-03-24 14:41:54.362296+01,gold_establishments_2025,,,,20005748700015,2025,Collectivité Territoriale,Commune,['Cantal'],['Auvergne-Rhône-Alpes'],COM,{15},{84}
dd200a2b-9ef9-4029-bec8-5c3bf300e64d,218803997,Commune de Le Roulier (88),false,{88399},Commune,2026-03-24 14:42:11.118516+01,gold_establishments_2025,,,,21880399700012,2025,Collectivité Territoriale,Commune,['Vosges'],['Grand Est'],COM,{88},{44}
ea5109b0-9382-4d65-98d5-06e1f6ec91f4,210601126,Commune de Le Rouret (06),false,{06112},Commune,2026-03-24 14:41:52.562531+01,gold_establishments_2025,,,,21060112600019,2025,Collectivité Territoriale,Commune,['Alpes-Maritimes'],"[""Provence-Alpes-Côte d'Azur""]",COM,{06},{93}
828e23cf-4d4f-4986-9759-628086441e41,200059863,Commune de Le Rousset-Marizy (71),false,{71279},Commune,2026-03-24 14:42:07.735343+01,gold_establishments_2025,,,,20005986300015,2025,Collectivité Territoriale,Commune,['Saône-et-Loire'],['Bourgogne-Franche-Comté'],COM,{71},{27}
64ed8b6b-15b6-4246-8064-9ce3222186b8,210702007,Commune de Le Roux (07),false,{07200},Commune,2026-03-24 14:41:52.562531+01,gold_establishments_2025,,,,21070200700019,2025,Collectivité Territoriale,Commune,['Ardèche'],['Auvergne-Rhône-Alpes'],COM,{07},{84}
548921c5-28d5-41e8-a3b8-93b1ac8695d7,211300884,Commune de Le Rove (13),false,{13088},Commune,2026-03-24 14:41:53.63825+01,gold_establishments_2025,,,,21130088400015,2025,Collectivité Territoriale,Commune,['Bouches-du-Rhône'],"[""Provence-Alpes-Côte d'Azur""]",COM,{13},{93}
1e7e6238-779b-4798-9084-407fe03c640c,215004425,Commune de Le Rozel (50),false,{50442},Commune,2026-03-24 14:42:01.412377+01,gold_establishments_2025,,,,21500442500017,2025,Collectivité Territoriale,Commune,['Manche'],['Normandie'],COM,{50},{28}
d95a0fe4-40b2-4e68-8aea-324730ccd6e1,214801318,Commune de Le Rozier (48),false,{48131},Commune,2026-03-24 14:42:01.412377+01,gold_establishments_2025,,,,21480131800012,2025,Collectivité Territoriale,Commune,['Lozère'],['Occitanie'],COM,{48},{76}
fd2be173-b056-483a-9c2d-1999951443d2,212505127,Commune de Le Russey (25),false,{25512},Commune,2026-03-24 14:41:56.495197+01,gold_establishments_2025,,,,21250512700010,2025,Collectivité Territoriale,Commune,['Doubs'],['Bourgogne-Franche-Comté'],COM,{25},{27}
9e6827f2-aaf9-469d-8819-0ef8611d8e0e,215602012,Commune de Le Saint (56),false,{56201},Commune,2026-03-24 14:42:03.701372+01,gold_establishments_2025,,,,21560201200019,2025,Collectivité Territoriale,Commune,['Morbihan'],['Bretagne'],COM,{56},{53}
b10486b7-7652-4d1f-8fcd-acb40bf88dd5,210501581,Commune de Le Saix (05),false,{05158},Commune,2026-03-24 14:41:52.562531+01,gold_establishments_2025,,,,21050158100016,2025,Collectivité Territoriale,Commune,['Hautes-Alpes'],"[""Provence-Alpes-Côte d'Azur""]",COM,{05},{93}
ecc25bc1-7362-4f29-ba8d-22e79cae8dcb,216104612,Commune de Le Sap-André (61),false,{61461},Commune,2026-03-24 14:42:05.597325+01,gold_establishments_2025,,,,21610461200017,2025,Collectivité Territoriale,Commune,['Orne'],['Normandie'],COM,{61},{28}
fef4aa84-5884-4528-aedf-29aa9a973677,217402593,Commune de Le Sappey (74),false,{74259},Commune,2026-03-24 14:42:08.818969+01,gold_establishments_2025,,,,21740259300016,2025,Collectivité Territoriale,Commune,['Haute-Savoie'],['Auvergne-Rhône-Alpes'],COM,{74},{84}
b6e39339-dfc9-4b4d-852d-5d9566d3fb1d,213804719,Commune de Le Sappey-en-Chartreuse (38),false,{38471},Commune,2026-03-24 14:41:59.705606+01,gold_establishments_2025,,,,21380471900010,2025,Collectivité Territoriale,Commune,['Isère'],['Auvergne-Rhône-Alpes'],COM,{38},{84}
da11726d-b765-4659-bf4b-6a56ac59f799,216207779,Commune de Le Sars (62),false,{62777},Commune,2026-03-24 14:42:06.130387+01,gold_establishments_2025,,,,21620777900010,2025,Collectivité Territoriale,Commune,['Pas-de-Calais'],['Hauts-de-France'],COM,{62},{32}
08c11dc3-64f0-483b-9087-d84404aa163f,216005991,Commune de Le Saulchoy (60),false,{60608},Commune,2026-03-24 14:42:04.814328+01,gold_establishments_2025,,,,21600599100015,2025,Collectivité Territoriale,Commune,['Oise'],['Hauts-de-France'],COM,{60},{32}
16e49381-8764-4470-8722-dfad3792ba97,218804441,Commune de Le Saulcy (88),false,{88444},Commune,2026-03-24 14:42:11.118516+01,gold_establishments_2025,,,,21880444100010,2025,Collectivité Territoriale,Commune,['Vosges'],['Grand Est'],COM,{88},{44}
21529631-11b5-40a9-ab30-cc90e2d12a90,210501631,Commune de Le Sauze-du-Lac (05),false,{05163},Commune,2026-03-24 14:41:52.562531+01,gold_establishments_2025,,,,21050163100019,2025,Collectivité Territoriale,Commune,['Hautes-Alpes'],"[""Provence-Alpes-Côte d'Azur""]",COM,{05},{93}
4fe7c29f-2c6f-4f3b-933a-73211b6c31a0,213503220,Commune de Le Sel-de-Bretagne (35),false,{35322},Commune,2026-03-24 14:41:59.160244+01,gold_establishments_2025,,,,21350322000013,2025,Collectivité Territoriale,Commune,['Ille-et-Vilaine'],['Bretagne'],COM,{35},{53}
ca0896c8-4b8e-48bc-b6df-9e01ed57edbb,214002974,Commune de Le Sen (40),false,{40297},Commune,2026-03-24 14:41:59.705606+01,gold_establishments_2025,,,,21400297400019,2025,Collectivité Territoriale,Commune,['Landes'],['Nouvelle-Aquitaine'],COM,{40},{75}
4d3a886d-0b02-40c8-bdb8-fea2179195e8,218102846,Commune de Le Sequestre (81),false,{81284},Commune,2026-03-24 14:42:09.967209+01,gold_establishments_2025,,,,21810284600019,2025,Collectivité Territoriale,Commune,['Tarn'],['Occitanie'],COM,{81},{76}
e4a33eb1-598c-464e-8083-20241189ad2c,211704267,Commune de Le Seure (17),false,{17426},Commune,2026-03-24 14:41:54.903238+01,gold_establishments_2025,,,,21170426700015,2025,Collectivité Territoriale,Commune,['Charente-Maritime'],['Nouvelle-Aquitaine'],COM,{17},{75}
cef7bbc2-1dbb-472d-b110-76eba1bcbb3a,216601955,Commune de Le Soler (66),false,{66195},Commune,2026-03-24 14:42:06.665412+01,gold_establishments_2025,,,,21660195500018,2025,Collectivité Territoriale,Commune,['Pyrénées-Orientales'],['Occitanie'],COM,{66},{76}
85b9cbaf-670e-43e6-99da-88f43ec3f9bf,216208025,Commune de Le Souich (62),false,{62802},Commune,2026-03-24 14:42:06.130387+01,gold_establishments_2025,,,,21620802500017,2025,Collectivité Territoriale,Commune,['Pas-de-Calais'],['Hauts-de-France'],COM,{62},{32}
689d975b-5d98-4d80-b4c3-bc4a2e9fab29,213403058,Commune de Le Soulié (34),false,{34305},Commune,2026-03-24 14:41:58.620411+01,gold_establishments_2025,,,,21340305800018,2025,Collectivité Territoriale,Commune,['Hérault'],['Occitanie'],COM,{34},{76}
978b6e8d-6730-46be-bb1b-2dd04cffd213,210207049,Commune de Le Sourd (02),false,{02731},Commune,2026-03-24 14:41:52.020251+01,gold_establishments_2025,,,,21020704900011,2025,Collectivité Territoriale,Commune,['Aisne'],['Hauts-de-France'],COM,{02},{32}
f3f48270-9798-44d4-b9c1-6f97ef59b834,215602467,Commune de Le Sourn (56),false,{56246},Commune,2026-03-24 14:42:03.701372+01,gold_establishments_2025,,,,21560246700015,2025,Collectivité Territoriale,Commune,['Morbihan'],['Bretagne'],COM,{56},{53}
8cc2d8a7-ff78-4a6d-934e-d7d53e5981ed,211802558,Commune de Le Subdray (18),false,{18255},Commune,2026-03-24 14:41:54.903238+01,gold_establishments_2025,,,,21180255800018,2025,Collectivité Territoriale,Commune,['Cher'],['Centre-Val de Loire'],COM,{18},{24}
0e6ca194-2f04-4484-8543-ed453213bafa,218804623,Commune de Le Syndicat (88),false,{88462},Commune,2026-03-24 14:42:11.118516+01,gold_establishments_2025,,,,21880462300013,2025,Collectivité Territoriale,Commune,['Vosges'],['Grand Est'],COM,{88},{44}
25d84e3a-3356-4cbb-afb8-2843770ae6c3,218102804,Commune de Le Ségur (81),false,{81280},Commune,2026-03-24 14:42:09.967209+01,gold_establishments_2025,,,,21810280400018,2025,Collectivité Territoriale,Commune,['Tarn'],['Occitanie'],COM,{81},{76}
3b877106-3e2e-4968-8be0-6433825e5b1a,218502854,Commune de Le Tablier (85),false,{85285},Commune,2026-03-24 14:42:10.508772+01,gold_establishments_2025,,,,21850285400019,2025,Collectivité Territoriale,Commune,['Vendée'],['Pays de la Loire'],COM,{85},{52}
142d5106-f979-4d0b-9bcc-166e90d5e353,213305196,Commune de Le Taillan-Médoc (33),false,{33519},Commune,2026-03-24 14:41:58.620411+01,gold_establishments_2025,,,,21330519600015,2025,Collectivité Territoriale,Commune,['Gironde'],['Nouvelle-Aquitaine'],COM,{33},{75}
67e664b8-89e6-4d25-a4e2-4ac39e79ba6a,217903228,Commune de Le Tallud (79),false,{79322},Commune,2026-03-24 14:42:09.43682+01,gold_establishments_2025,,,,21790322800013,2025,Collectivité Territoriale,Commune,['Deux-Sèvres'],['Nouvelle-Aquitaine'],COM,{79},{75}
cb7dd07c-1162-4986-9088-cbbf0a31fe9e,219740222,Commune de Le Tampon (974),false,{97422},Commune,2026-03-24 14:42:11.659493+01,gold_establishments_2025,,,,21974022200019,2025,Collectivité Territoriale,Commune,['La Réunion'],['La Réunion'],COM,{974},{04}
f923387a-a058-44c2-bf18-fe763cedf96f,215005901,Commune de Le Tanu (50),false,{50590},Commune,2026-03-24 14:42:01.412377+01,gold_establishments_2025,,,,21500590100016,2025,Collectivité Territoriale,Commune,['Manche'],['Normandie'],COM,{50},{28}
f146647b-ac35-463c-b9f5-76f9dc0b22c3,217105345,Commune de Le Tartre (71),false,{71534},Commune,2026-03-24 14:42:08.279287+01,gold_establishments_2025,,,,21710534500011,2025,Collectivité Territoriale,Commune,['Saône-et-Loire'],['Bourgogne-Franche-Comté'],COM,{71},{27}
91030a5f-e6db-4fa3-b75b-062982596389,217806066,Commune de Le Tartre-Gaudran (78),false,{78606},Commune,2026-03-24 14:42:09.43682+01,gold_establishments_2025,,,,21780606600015,2025,Collectivité Territoriale,Commune,['Yvelines'],['Île-de-France'],COM,{78},{11}
eed8173e-793c-4228-b3a7-4e9755433959,216602060,Commune de Le Tech (66),false,{66206},Commune,2026-03-24 14:42:06.665412+01,gold_establishments_2025,,,,21660206000016,2025,Collectivité Territoriale,Commune,['Pyrénées-Orientales'],['Occitanie'],COM,{66},{76}
55c9d2e6-c05c-4993-b7ff-9ddb3370c6e1,213305279,Commune de Le Teich (33),false,{33527},Commune,2026-03-24 14:41:58.620411+01,gold_establishments_2025,,,,21330527900019,2025,Collectivité Territoriale,Commune,['Gironde'],['Nouvelle-Aquitaine'],COM,{33},{75}
79bca1be-41b7-4cc6-94c5-7a3910447cfc,210703195,Commune de Le Teil (07),false,{07319},Commune,2026-03-24 14:41:52.562531+01,gold_establishments_2025,,,,21070319500011,2025,Collectivité Territoriale,Commune,['Ardèche'],['Auvergne-Rhône-Alpes'],COM,{07},{84}
f0b4a7e6-39ca-454a-8b4e-9166ded76715,200057636,Commune de Le Teilleul (50),false,{50591},Commune,2026-03-24 14:42:01.412377+01,gold_establishments_2025,,,,20005763600017,2025,Collectivité Territoriale,Commune,['Manche'],['Normandie'],COM,{50},{28}
583ed64d-59b6-4f4f-b420-10c8186e3517,213305287,Commune de Le Temple (33),false,{33528},Commune,2026-03-24 14:41:58.620411+01,gold_establishments_2025,,,,21330528700012,2025,Collectivité Territoriale,Commune,['Gironde'],['Nouvelle-Aquitaine'],COM,{33},{75}
cedffabe-283c-4916-859e-b909cc22de1c,214102543,Commune de Le Temple (41),false,{41254},Commune,2026-03-24 14:42:00.273698+01,gold_establishments_2025,,,,21410254300011,2025,Collectivité Territoriale,Commune,['Loir-et-Cher'],['Centre-Val de Loire'],COM,{41},{24}
2a97ea13-4102-4737-9d0e-07ba533e7aac,214402034,Commune de Le Temple-de-Bretagne (44),false,{44203},Commune,2026-03-24 14:42:00.862623+01,gold_establishments_2025,,,,21440203400018,2025,Collectivité Territoriale,Commune,['Loire-Atlantique'],['Pays de la Loire'],COM,{44},{52}
d1a2974b-b8a5-4da6-a5e4-3ceb3bfa61db,214703068,Commune de Le Temple-sur-Lot (47),false,{47306},Commune,2026-03-24 14:42:00.862623+01,gold_establishments_2025,,,,21470306800012,2025,Collectivité Territoriale,Commune,['Lot-et-Garonne'],['Nouvelle-Aquitaine'],COM,{47},{75}
78fb9e45-f1e8-4b6e-9380-3f831ccad585,217806082,Commune de Le Tertre-Saint-Denis (78),false,{78608},Commune,2026-03-24 14:42:09.43682+01,gold_establishments_2025,,,,21780608200012,2025,Collectivité Territoriale,Commune,['Yvelines'],['Île-de-France'],COM,{78},{11}
519c35e0-c792-430f-b79c-79edbe9e58af,210302816,Commune de Le Theil (03),false,{03281},Commune,2026-03-24 14:41:52.020251+01,gold_establishments_2025,,,,21030281600017,2025,Collectivité Territoriale,Commune,['Allier'],['Auvergne-Rhône-Alpes'],COM,{03},{84}
1ace39b0-9d6f-4863-9aa3-16277bf86e27,212706279,Commune de Le Theil-Nolent (27),false,{27627},Commune,2026-03-24 14:41:57.028721+01,gold_establishments_2025,,,,21270627900016,2025,Collectivité Territoriale,Commune,['Eure'],['Normandie'],COM,{27},{28}
30e132dc-d81f-49e2-9c75-e43adf0f5947,213503337,Commune de Le Theil-de-Bretagne (35),false,{35333},Commune,2026-03-24 14:41:59.160244+01,gold_establishments_2025,,,,21350333700015,2025,Collectivité Territoriale,Commune,['Ille-et-Vilaine'],['Bretagne'],COM,{35},{53}
03ded873-50ff-45cc-a350-15c74d8d945f,211406871,Commune de Le Theil-en-Auge (14),false,{14687},Commune,2026-03-24 14:41:54.362296+01,gold_establishments_2025,,,,21140687100015,2025,Collectivité Territoriale,Commune,['Calvados'],['Normandie'],COM,{14},{28}
c0a500f2-33d3-46fb-9eb5-39c7e6c1a66b,212803852,Commune de Le Thieulin (28),false,{28385},Commune,2026-03-24 14:41:57.028721+01,gold_establishments_2025,,,,21280385200012,2025,Collectivité Territoriale,Commune,['Eure-et-Loir'],['Centre-Val de Loire'],COM,{28},{24}
bf1f0be2-f898-4956-9d09-539485d716a6,212706329,Commune de Le Thil (27),false,{27632},Commune,2026-03-24 14:41:57.028721+01,gold_establishments_2025,,,,21270632900019,2025,Collectivité Territoriale,Commune,['Eure'],['Normandie'],COM,{27},{28}
c6796345-1f3e-4ba1-a604-1d9b39918ce0,217606912,Commune de Le Thil-Riberpré (76),false,{76691},Commune,2026-03-24 14:42:08.818969+01,gold_establishments_2025,,,,21760691200012,2025,Collectivité Territoriale,Commune,['Seine-Maritime'],['Normandie'],COM,{76},{28}
c9a5ab1d-e8ed-4519-85da-da9a220b4d6c,219506128,Commune de Le Thillay (95),false,{95612},Commune,2026-03-24 14:42:11.659493+01,gold_establishments_2025,,,,21950612800087,2025,Collectivité Territoriale,Commune,"[""Val-d'Oise""]",['Île-de-France'],COM,{95},{11}
54919fdf-535d-4b78-886f-c53175800575,218804680,Commune de Le Thillot (88),false,{88468},Commune,2026-03-24 14:42:11.118516+01,gold_establishments_2025,,,,21880468000013,2025,Collectivité Territoriale,Commune,['Vosges'],['Grand Est'],COM,{88},{44}
9a17ba16-540b-4081-aeda-7c4d9665817d,211301098,Commune de Le Tholonet (13),false,{13109},Commune,2026-03-24 14:41:53.63825+01,gold_establishments_2025,,,,21130109800011,2025,Collectivité Territoriale,Commune,['Bouches-du-Rhône'],"[""Provence-Alpes-Côte d'Azur""]",COM,{13},{93}
703d1170-99b4-4575-8a1a-345ad6598805,218804706,Commune de Le Tholy (88),false,{88470},Commune,2026-03-24 14:42:11.118516+01,gold_establishments_2025,,,,21880470600016,2025,Collectivité Territoriale,Commune,['Vosges'],['Grand Est'],COM,{88},{44}
f7a7335f-55d5-43ed-b4c8-4ddb861f00c9,218401321,Commune de Le Thor (84),false,{84132},Commune,2026-03-24 14:42:10.508772+01,gold_establishments_2025,,,,21840132100011,2025,Collectivité Territoriale,Commune,['Vaucluse'],"[""Provence-Alpes-Côte d'Azur""]",COM,{84},{93}
549e7384-e7b8-4b85-966c-07e1a1e08aca,218301364,Commune de Le Thoronet (83),false,{83136},Commune,2026-03-24 14:42:10.508772+01,gold_establishments_2025,,,,21830136400012,2025,Collectivité Territoriale,Commune,['Var'],"[""Provence-Alpes-Côte d'Azur""]",COM,{83},{93}
c44b0685-8b39-4739-8dbe-17369213a157,211704473,Commune de Le Thou (17),false,{17447},Commune,2026-03-24 14:41:54.903238+01,gold_establishments_2025,,,,21170447300019,2025,Collectivité Territoriale,Commune,['Charente-Maritime'],['Nouvelle-Aquitaine'],COM,{17},{75}
35365f84-5951-4bb2-bd2e-40cf6594665a,215105297,Commune de Le Thoult-Trosnay (51),false,{51570},Commune,2026-03-24 14:42:01.954481+01,gold_establishments_2025,,,,21510529700018,2025,Collectivité Territoriale,Commune,['Marne'],['Grand Est'],COM,{51},{44}
32f6c0fa-829d-40a6-b21d-d80bc97dae82,210804100,Commune de Le Thour (08),false,{08451},Commune,2026-03-24 14:41:53.095366+01,gold_establishments_2025,,,,21080410000019,2025,Collectivité Territoriale,Commune,['Ardennes'],['Grand Est'],COM,{08},{44}
82e284a1-e174-4033-a329-14b65106c7c1,210207163,Commune de Le Thuel (02),false,{02743},Commune,2026-03-24 14:41:52.020251+01,gold_establishments_2025,,,,21020716300010,2025,Collectivité Territoriale,Commune,['Aisne'],['Hauts-de-France'],COM,{02},{32}
290ea117-55aa-4726-9fa4-7317a15adb51,212706352,Commune de Le Thuit (27),false,{27635},Commune,2026-03-24 14:41:57.028721+01,gold_establishments_2025,,,,21270635200011,2025,Collectivité Territoriale,Commune,['Eure'],['Normandie'],COM,{27},{28}
265d591d-7811-4045-acbb-8d79da1b77e5,200054625,Commune de Le Thuit de l'Oison (27),false,{27638},Commune,2026-03-24 14:41:57.028721+01,gold_establishments_2025,,,,20005462500013,2025,Collectivité Territoriale,Commune,['Eure'],['Normandie'],COM,{27},{28}
4b98b5dd-dbf2-40d0-8885-ac18a8671d43,213503360,Commune de Le Tiercent (35),false,{35336},Commune,2026-03-24 14:41:59.160244+01,gold_establishments_2025,,,,21350336000017,2025,Collectivité Territoriale,Commune,['Ille-et-Vilaine'],['Bretagne'],COM,{35},{53}
47a713ec-9711-401d-8045-05a3cc689193,210601407,Commune de Le Tignet (06),false,{06140},Commune,2026-03-24 14:41:52.562531+01,gold_establishments_2025,,,,21060140700013,2025,Collectivité Territoriale,Commune,['Alpes-Maritimes'],"[""Provence-Alpes-Côte d'Azur""]",COM,{06},{93}
5a0c1f24-1858-4046-ac56-a2eebcf1189e,217606938,Commune de Le Tilleul (76),false,{76693},Commune,2026-03-24 14:42:08.818969+01,gold_establishments_2025,,,,21760693800017,2025,Collectivité Territoriale,Commune,['Seine-Maritime'],['Normandie'],COM,{76},{28}
6a382777-ae66-448b-a1db-084cb1fb59f6,212706410,Commune de Le Tilleul-Lambert (27),false,{27641},Commune,2026-03-24 14:41:57.028721+01,gold_establishments_2025,,,,21270641000017,2025,Collectivité Territoriale,Commune,['Eure'],['Normandie'],COM,{27},{28}
25b25a95-3863-4208-a1d0-e3ef0ef70078,218007151,Commune de Le Titre (80),false,{80763},Commune,2026-03-24 14:42:09.967209+01,gold_establishments_2025,,,,21800715100010,2025,Collectivité Territoriale,Commune,['Somme'],['Hauts-de-France'],COM,{80},{32}
6c5fa0d9-bb29-49d7-a3f1-9b7c83d9dd8a,217606995,Commune de Le Torp-Mesnil (76),false,{76699},Commune,2026-03-24 14:42:08.818969+01,gold_establishments_2025,,,,21760699500017,2025,Collectivité Territoriale,Commune,['Seine-Maritime'],['Normandie'],COM,{76},{28}
0f0986b8-daba-4f6e-97ce-db1f6703eb7d,212706469,Commune de Le Torpt (27),false,{27646},Commune,2026-03-24 14:41:57.028721+01,gold_establishments_2025,,,,21270646900013,2025,Collectivité Territoriale,Commune,['Eure'],['Normandie'],COM,{27},{28}
1a148f16-6c9b-4d55-a970-5c812e5a219d,211406947,Commune de Le Torquesne (14),false,{14694},Commune,2026-03-24 14:41:54.362296+01,gold_establishments_2025,,,,21140694700013,2025,Collectivité Territoriale,Commune,['Calvados'],['Normandie'],COM,{14},{28}
2184fc15-7129-4103-ae60-9a4800a8f6e8,216208264,Commune de Le Touquet-Paris-Plage (62),false,{62826},Commune,2026-03-24 14:42:06.130387+01,gold_establishments_2025,,,,21620826400012,2025,Collectivité Territoriale,Commune,['Pas-de-Calais'],['Hauts-de-France'],COM,{62},{32}
b00ec92e-3473-4b7e-ab38-0e69cec82561,215602525,Commune de Le Tour-du-Parc (56),false,{56252},Commune,2026-03-24 14:42:03.701372+01,gold_establishments_2025,,,,21560252500010,2025,Collectivité Territoriale,Commune,['Morbihan'],['Bretagne'],COM,{56},{53}
1917f056-1bb5-47b1-a26f-21f19bdfe3e9,213305345,Commune de Le Tourne (33),false,{33534},Commune,2026-03-24 14:41:58.620411+01,gold_establishments_2025,,,,21330534500018,2025,Collectivité Territoriale,Commune,['Gironde'],['Nouvelle-Aquitaine'],COM,{33},{75}
8188619e-98f4-46a3-b712-9a8b903a907e,213805112,Commune de Le Touvet (38),false,{38511},Commune,2026-03-24 14:41:59.705606+01,gold_establishments_2025,,,,21380511200017,2025,Collectivité Territoriale,Commune,['Isère'],['Auvergne-Rhône-Alpes'],COM,{38},{84}
ec952f6e-ab05-4278-bf8f-51acf18fd6ee,217607092,Commune de Le Trait (76),false,{76709},Commune,2026-03-24 14:42:08.818969+01,gold_establishments_2025,,,,21760709200012,2025,Collectivité Territoriale,Commune,['Seine-Maritime'],['Normandie'],COM,{76},{28}
8b149032-d606-4983-8eac-38b479a51b86,213602253,Commune de Le Tranger (36),false,{36225},Commune,2026-03-24 14:41:59.160244+01,gold_establishments_2025,,,,21360225300014,2025,Collectivité Territoriale,Commune,['Indre'],['Centre-Val de Loire'],COM,{36},{24}
6f719fae-3ec3-4335-ab65-7c6193130567,218007193,Commune de Le Translay (80),false,{80767},Commune,2026-03-24 14:42:09.967209+01,gold_establishments_2025,,,,21800719300012,2025,Collectivité Territoriale,Commune,['Somme'],['Hauts-de-France'],COM,{80},{32}
5816fabb-04f8-4ec9-abe7-6df1944c1032,216208298,Commune de Le Transloy (62),false,{62829},Commune,2026-03-24 14:42:06.130387+01,gold_establishments_2025,,,,21620829800010,2025,Collectivité Territoriale,Commune,['Pas-de-Calais'],['Hauts-de-France'],COM,{62},{32}
cddcccc6-9239-4a2b-9584-c6b33adf1421,212706584,Commune de Le Tremblay-Omonville (27),false,{27658},Commune,2026-03-24 14:41:57.028721+01,gold_establishments_2025,,,,21270658400019,2025,Collectivité Territoriale,Commune,['Eure'],['Normandie'],COM,{27},{28}
ff2e644d-8460-4f50-8bb6-64513ff5f7fe,217806231,Commune de Le Tremblay-sur-Mauldre (78),false,{78623},Commune,2026-03-24 14:42:09.43682+01,gold_establishments_2025,,,,21780623100015,2025,Collectivité Territoriale,Commune,['Yvelines'],['Île-de-France'],COM,{78},{11}
bbdd1ffa-ed47-4b79-9900-e8e8dc787ff1,217005057,Commune de Le Tremblois (70),false,{70505},Commune,2026-03-24 14:42:07.735343+01,gold_establishments_2025,,,,21700505700013,2025,Collectivité Territoriale,Commune,['Haute-Saône'],['Bourgogne-Franche-Comté'],COM,{70},{27}
0f766e40-716a-4e99-a13b-5e9573281460,213403140,Commune de Le Triadou (34),false,{34314},Commune,2026-03-24 14:41:58.620411+01,gold_establishments_2025,,,,21340314000014,2025,Collectivité Territoriale,Commune,['Hérault'],['Occitanie'],COM,{34},{76}
5359c0dc-9ae6-4e89-a0e6-c5ea488d67f5,211502422,Commune de Le Trioulou (15),false,{15242},Commune,2026-03-24 14:41:54.362296+01,gold_establishments_2025,,,,21150242200010,2025,Collectivité Territoriale,Commune,['Cantal'],['Auvergne-Rhône-Alpes'],COM,{15},{84}
ac2a368f-8989-4fdd-893b-5d725738d545,213503626,Commune de Le Tronchet (35),false,{35362},Commune,2026-03-24 14:41:59.160244+01,gold_establishments_2025,,,,21350362600011,2025,Collectivité Territoriale,Commune,['Ille-et-Vilaine'],['Bretagne'],COM,{35},{53}
dad7214f-9fdf-4192-adc8-96dc989e16d8,217203629,Commune de Le Tronchet (72),false,{72362},Commune,2026-03-24 14:42:08.279287+01,gold_establishments_2025,,,,21720362900019,2025,Collectivité Territoriale,Commune,['Sarthe'],['Pays de la Loire'],COM,{72},{52}
77ae14f4-ee70-4011-a618-4aa2d55bbc6e,212706634,Commune de Le Troncq (27),false,{27663},Commune,2026-03-24 14:41:57.028721+01,gold_establishments_2025,,,,21270663400012,2025,Collectivité Territoriale,Commune,['Eure'],['Normandie'],COM,{27},{28}
8ebc4176-d4bf-4335-aa2d-e58cd826a832,211407143,Commune de Le Tronquay (14),false,{14714},Commune,2026-03-24 14:41:54.362296+01,gold_establishments_2025,,,,21140714300018,2025,Collectivité Territoriale,Commune,['Calvados'],['Normandie'],COM,{14},{28}
5ef0c43f-85ac-4f43-91ec-21d8f24ba176,212706642,Commune de Le Tronquay (27),false,{27664},Commune,2026-03-24 14:41:57.028721+01,gold_establishments_2025,,,,21270664200015,2025,Collectivité Territoriale,Commune,['Eure'],['Normandie'],COM,{27},{28}
07ea13af-9a6c-4284-99de-81f971ce0c18,211202841,Commune de Le Truel (12),false,{12284},Commune,2026-03-24 14:41:53.63825+01,gold_establishments_2025,,,,21120284100014,2025,Collectivité Territoriale,Commune,['Aveyron'],['Occitanie'],COM,{12},{76}
ea88e3ce-f461-47d9-8779-c341673f4878,212902944,Commune de Le Tréhou (29),false,{29294},Commune,2026-03-24 14:41:57.56054+01,gold_establishments_2025,,,,21290294400017,2025,Collectivité Territoriale,Commune,['Finistère'],['Bretagne'],COM,{29},{53}
017339ef-de94-486e-9f26-0245d6aa7375,217607118,Commune de Le Tréport (76),false,{76711},Commune,2026-03-24 14:42:08.818969+01,gold_establishments_2025,,,,21760711800015,2025,Collectivité Territoriale,Commune,['Seine-Maritime'],['Normandie'],COM,{76},{28}
be782cc9-4a61-4c37-aaca-615b2d5eb959,212903009,Commune de Le Trévoux (29),false,{29300},Commune,2026-03-24 14:41:57.56054+01,gold_establishments_2025,,,,21290300900018,2025,Collectivité Territoriale,Commune,['Finistère'],['Bretagne'],COM,{29},{53}
db758e1d-8036-4dee-8535-4ee1fc092d87,213305360,Commune de Le Tuzan (33),false,{33536},Commune,2026-03-24 14:41:58.620411+01,gold_establishments_2025,,,,21330536000017,2025,Collectivité Territoriale,Commune,['Gironde'],['Nouvelle-Aquitaine'],COM,{33},{75}
e698a04e-4255-464c-850c-33492eb30d91,211603808,Commune de Le Tâtre (16),false,{16380},Commune,2026-03-24 14:41:54.362296+01,gold_establishments_2025,,,,21160380800018,2025,Collectivité Territoriale,Commune,['Charente'],['Nouvelle-Aquitaine'],COM,{16},{75}
b51b0dba-9b39-41fe-85b8-0c5d9a2f1fc2,200068344,Commune de Le Val (25),false,{25460},Commune,2026-03-24 14:41:56.495197+01,gold_establishments_2025,,,,20006834400056,2025,Collectivité Territoriale,Commune,['Doubs'],['Bourgogne-Franche-Comté'],COM,{25},{27}
53435188-67e9-4809-8acc-40bbe3819414,218301430,Commune de Le Val (83),false,{83143},Commune,2026-03-24 14:42:10.508772+01,gold_establishments_2025,,,,21830143000011,2025,Collectivité Territoriale,Commune,['Var'],"[""Provence-Alpes-Côte d'Azur""]",COM,{83},{93}
ea690762-a04a-4c14-9898-b4c786e6466e,200059657,Commune de Le Val d'Hazey (27),false,{27022},Commune,2026-03-24 14:41:56.495197+01,gold_establishments_2025,,,,20005965700011,2025,Collectivité Territoriale,Commune,['Eure'],['Normandie'],COM,{27},{28}
9357d92c-c1e2-4afc-929a-4c35a5908f43,200059574,Commune de Le Val d'Ocre (89),false,{89334},Commune,2026-03-24 14:42:11.659493+01,gold_establishments_2025,,,,20005957400018,2025,Collectivité Territoriale,Commune,['Yonne'],['Bourgogne-Franche-Comté'],COM,{89},{27}
6d72655b-7726-4396-8a53-e82e22c40b38,212706683,Commune de Le Val-David (27),false,{27668},Commune,2026-03-24 14:41:57.028721+01,gold_establishments_2025,,,,21270668300019,2025,Collectivité Territoriale,Commune,['Eure'],['Normandie'],COM,{27},{28}
39d00edb-5d9a-4ed3-8855-9558ab13cc11,200076487,Commune de Le Val-Doré (27),false,{27447},Commune,2026-03-24 14:41:57.028721+01,gold_establishments_2025,,,,20007648700012,2025,Collectivité Territoriale,Commune,['Eure'],['Normandie'],COM,{27},{28}
244d53dd-32b9-4af3-ab67-90072832534f,200085413,Commune de Le Val-Larrey (21),false,{21272},Commune,2026-03-24 14:41:55.433389+01,gold_establishments_2025,,,,20008541300017,2025,Collectivité Territoriale,Commune,"[""Côte-d'Or""]",['Bourgogne-Franche-Comté'],COM,{21},{27}
17e6b271-308b-4ac4-a17c-2cc70f84dfc4,219106309,Commune de Le Val-Saint-Germain (91),false,{91630},Commune,2026-03-24 14:42:11.659493+01,gold_establishments_2025,,,,21910630900012,2025,Collectivité Territoriale,Commune,['Essonne'],['Île-de-France'],COM,{91},{11}
2cce7faa-a991-421a-8fe2-e262738ca76b,215006164,Commune de Le Val-Saint-Père (50),false,{50616},Commune,2026-03-24 14:42:01.412377+01,gold_establishments_2025,,,,21500616400010,2025,Collectivité Territoriale,Commune,['Manche'],['Normandie'],COM,{50},{28}
023a14bf-8234-4e8f-b764-8e3086bd5075,217005180,Commune de Le Val-Saint-Éloi (70),false,{70518},Commune,2026-03-24 14:42:07.735343+01,gold_establishments_2025,,,,21700518000013,2025,Collectivité Territoriale,Commune,['Haute-Saône'],['Bourgogne-Franche-Comté'],COM,{70},{27}
0f075082-03b0-4b4a-bc5e-516170ac3c46,218804870,Commune de Le Val-d'Ajol (88),false,{88487},Commune,2026-03-24 14:42:11.118516+01,gold_establishments_2025,,,,21880487000010,2025,Collectivité Territoriale,Commune,['Vosges'],['Grand Est'],COM,{88},{44}
a78914d8-b7f1-4a4c-bee8-9d59553d2d4a,215201351,Commune de Le Val-d'Esnoms (52),false,{52189},Commune,2026-03-24 14:42:01.954481+01,gold_establishments_2025,,,,21520135100016,2025,Collectivité Territoriale,Commune,['Haute-Marne'],['Grand Est'],COM,{52},{44}
fa13eca2-45cc-4560-8288-8c18f722d927,217005156,Commune de Le Val-de-Gouhenans (70),false,{70515},Commune,2026-03-24 14:42:07.735343+01,gold_establishments_2025,,,,21700515600013,2025,Collectivité Territoriale,Commune,['Haute-Saône'],['Bourgogne-Franche-Comté'],COM,{70},{27}
5d97fcc0-1224-4ab3-8f12-a193880a03f4,215702671,Commune de Le Val-de-Guéblange (57),false,{57267},Commune,2026-03-24 14:42:03.701372+01,gold_establishments_2025,,,,21570267100078,2025,Collectivité Territoriale,Commune,['Moselle'],['Grand Est'],COM,{57},{44}
f0145253-d6b1-4811-8d6b-9671ebcbf796,218804920,Commune de Le Valtin (88),false,{88492},Commune,2026-03-24 14:42:11.118516+01,gold_establishments_2025,,,,21880492000013,2025,Collectivité Territoriale,Commune,['Vosges'],['Grand Est'],COM,{88},{44}
d3e74734-be45-4715-a9af-389f5c52b26b,217903376,Commune de Le Vanneau-Irleau (79),false,{79337},Commune,2026-03-24 14:42:09.43682+01,gold_establishments_2025,,,,21790337600010,2025,Collectivité Territoriale,Commune,['Deux-Sèvres'],['Nouvelle-Aquitaine'],COM,{79},{75}
6e442842-9fb3-494b-86b4-08a034ba3347,215006198,Commune de Le Vast (50),false,{50619},Commune,2026-03-24 14:42:01.412377+01,gold_establishments_2025,,,,21500619800018,2025,Collectivité Territoriale,Commune,['Manche'],['Normandie'],COM,{50},{28}
d1f3f90c-5fea-4d6f-9d05-59bfda2e7fb0,219722329,Commune de Le Vauclin (972),false,{97232},Commune,2026-03-24 14:42:11.659493+01,gold_establishments_2025,,,,21972232900014,2025,Collectivité Territoriale,Commune,['Martinique'],['Martinique'],COM,{972},{02}
73c3b59b-ee48-42fe-81e3-980227df1597,213905458,Commune de Le Vaudioux (39),false,{39545},Commune,2026-03-24 14:41:59.705606+01,gold_establishments_2025,,,,21390545800013,2025,Collectivité Territoriale,Commune,['Jura'],['Bourgogne-Franche-Comté'],COM,{39},{27}
02676809-5f84-4a55-bfcc-6155c44375c7,217704857,Commune de Le Vaudoué (77),false,{77485},Commune,2026-03-24 14:42:09.43682+01,gold_establishments_2025,,,,21770485700010,2025,Collectivité Territoriale,Commune,['Seine-et-Marne'],['Île-de-France'],COM,{77},{11}
0705b484-62ad-4d80-b81b-53be915cc2f2,212705289,Commune de Le Vaudreuil (27),false,{27528},Commune,2026-03-24 14:41:57.028721+01,gold_establishments_2025,,,,21270528900016,2025,Collectivité Territoriale,Commune,['Eure'],['Normandie'],COM,{27},{28}
f1289a35-adfa-4b18-9db9-f80a2d80b6f6,211502497,Commune de Le Vaulmier (15),false,{15249},Commune,2026-03-24 14:41:54.362296+01,gold_establishments_2025,,,,21150249700012,2025,Collectivité Territoriale,Commune,['Cantal'],['Auvergne-Rhône-Alpes'],COM,{15},{84}
86a37661-6c29-4365-ad5f-45844b28ecba,216006510,Commune de Le Vaumain (60),false,{60660},Commune,2026-03-24 14:42:04.814328+01,gold_establishments_2025,,,,21600651000012,2025,Collectivité Territoriale,Commune,['Oise'],['Hauts-de-France'],COM,{60},{32}
db442a99-1056-4e02-a472-ef8a67927b85,216006536,Commune de Le Vauroux (60),false,{60662},Commune,2026-03-24 14:42:04.814328+01,gold_establishments_2025,,,,21600653600017,2025,Collectivité Territoriale,Commune,['Oise'],['Hauts-de-France'],COM,{60},{32}
0c5c3063-05fc-452f-a061-06ee9cff0e42,218103133,Commune de Le Verdier (81),false,{81313},Commune,2026-03-24 14:42:09.967209+01,gold_establishments_2025,,,,21810313300011,2025,Collectivité Territoriale,Commune,['Tarn'],['Occitanie'],COM,{81},{76}
bf8be174-0cbe-4f20-9b25-300724fa17e7,213305444,Commune de Le Verdon-sur-Mer (33),false,{33544},Commune,2026-03-24 14:41:58.620411+01,gold_establishments_2025,,,,21330544400068,2025,Collectivité Territoriale,Commune,['Gironde'],['Nouvelle-Aquitaine'],COM,{33},{75}
613820a3-594a-4fe2-8ac4-bfeef4580590,213503519,Commune de Le Verger (35),false,{35351},Commune,2026-03-24 14:41:59.160244+01,gold_establishments_2025,,,,21350351900018,2025,Collectivité Territoriale,Commune,['Ille-et-Vilaine'],['Bretagne'],COM,{35},{53}
a7a1210c-57e9-48c1-bc8f-cd4d540e495a,210207551,Commune de Le Verguier (02),false,{02782},Commune,2026-03-24 14:41:52.020251+01,gold_establishments_2025,,,,21020755100016,2025,Collectivité Territoriale,Commune,['Aisne'],['Hauts-de-France'],COM,{02},{32}
af85f3b0-f3c9-4dbf-bbe6-df6ea1cd08a0,218805018,Commune de Le Vermont (88),false,{88501},Commune,2026-03-24 14:42:11.118516+01,gold_establishments_2025,,,,21880501800015,2025,Collectivité Territoriale,Commune,['Vosges'],['Grand Est'],COM,{88},{44}
16caff17-d701-4829-b45a-a53ba6c43509,217303114,Commune de Le Verneil (73),false,{73311},Commune,2026-03-24 14:42:08.279287+01,gold_establishments_2025,,,,21730311400011,2025,Collectivité Territoriale,Commune,['Savoie'],['Auvergne-Rhône-Alpes'],COM,{73},{84}
1467cce0-80f1-446c-ada0-e1493489c1da,210303061,Commune de Le Vernet (03),false,{03306},Commune,2026-03-24 14:41:52.020251+01,gold_establishments_2025,,,,21030306100019,2025,Collectivité Territoriale,Commune,['Allier'],['Auvergne-Rhône-Alpes'],COM,{03},{84}
c8565621-a337-43cf-8545-9496dce9d102,210402376,Commune de Le Vernet (04),false,{04237},Commune,2026-03-24 14:41:52.562531+01,gold_establishments_2025,,,,21040237600011,2025,Collectivité Territoriale,Commune,['Alpes-de-Haute-Provence'],"[""Provence-Alpes-Côte d'Azur""]",COM,{04},{93}
eff75c83-baf4-4223-95dd-cfdc562ffa9e,210903316,Commune de Le Vernet (09),false,{09331},Commune,2026-03-24 14:41:53.095366+01,gold_establishments_2025,,,,21090331600011,2025,Collectivité Territoriale,Commune,['Ariège'],['Occitanie'],COM,{09},{76}
6bc75e22-c941-4109-8a1c-fe6b39019f4e,214302606,Commune de Le Vernet (43),false,{43260},Commune,2026-03-24 14:42:00.273698+01,gold_establishments_2025,,,,21430260600014,2025,Collectivité Territoriale,Commune,['Haute-Loire'],['Auvergne-Rhône-Alpes'],COM,{43},{84}
c054bb84-2415-4ba4-b28f-6ce575198dbe,200085033,Commune de Le Vernet-Chaméane (63),false,{63448},Commune,2026-03-24 14:42:06.130387+01,gold_establishments_2025,,,,20008503300013,2025,Collectivité Territoriale,Commune,['Puy-de-Dôme'],['Auvergne-Rhône-Alpes'],COM,{63},{84}
357d6ad6-e7aa-4b3e-8b78-ab93f0a795bd,216304493,Commune de Le Vernet-Sainte-Marguerite (63),false,{63449},Commune,2026-03-24 14:42:06.130387+01,gold_establishments_2025,,,,21630449300010,2025,Collectivité Territoriale,Commune,['Puy-de-Dôme'],['Auvergne-Rhône-Alpes'],COM,{63},{84}
ab2245d7-2075-4823-91c8-f15c0d711ccf,213905532,Commune de Le Vernois (39),false,{39553},Commune,2026-03-24 14:41:59.705606+01,gold_establishments_2025,,,,21390553200015,2025,Collectivité Territoriale,Commune,['Jura'],['Bourgogne-Franche-Comté'],COM,{39},{27}
ec7e31bc-cb49-497b-8a4d-75251c0361f4,212506083,Commune de Le Vernoy (25),false,{25608},Commune,2026-03-24 14:41:56.495197+01,gold_establishments_2025,,,,21250608300014,2025,Collectivité Territoriale,Commune,['Doubs'],['Bourgogne-Franche-Comté'],COM,{25},{27}
7ec7b8c6-433d-4565-9051-50b6cc7a904e,213805385,Commune de Le Versoud (38),false,{38538},Commune,2026-03-24 14:41:59.705606+01,gold_establishments_2025,,,,21380538500019,2025,Collectivité Territoriale,Commune,['Isère'],['Auvergne-Rhône-Alpes'],COM,{38},{84}
ca515132-c3cd-438a-8f44-d1926cfc972b,217903467,Commune de Le Vert (79),false,{79346},Commune,2026-03-24 14:42:09.43682+01,gold_establishments_2025,,,,21790346700017,2025,Collectivité Territoriale,Commune,['Deux-Sèvres'],['Nouvelle-Aquitaine'],COM,{79},{75}
a5b9aeb1-f19e-4c24-9ff1-9bbdcbef655f,210303095,Commune de Le Veurdre (03),false,{03309},Commune,2026-03-24 14:41:52.020251+01,gold_establishments_2025,,,,21030309500017,2025,Collectivité Territoriale,Commune,['Allier'],['Auvergne-Rhône-Alpes'],COM,{03},{84}
5389be59-614f-4536-84ab-0a0f75c1684d,211407416,Commune de Le Vey (14),false,{14741},Commune,2026-03-24 14:41:54.362296+01,gold_establishments_2025,,,,21140741600018,2025,Collectivité Territoriale,Commune,['Calvados'],['Normandie'],COM,{14},{28}
47fd0550-75b6-4c9c-863b-56741ab72847,211202973,Commune de Le Vibal (12),false,{12297},Commune,2026-03-24 14:41:53.63825+01,gold_establishments_2025,,,,21120297300015,2025,Collectivité Territoriale,Commune,['Aveyron'],['Occitanie'],COM,{12},{76}
08ca4a54-9052-4eb8-8d0b-c611ba20a1ae,215006339,Commune de Le Vicel (50),false,{50633},Commune,2026-03-24 14:42:01.412377+01,gold_establishments_2025,,,,21500633900018,2025,Collectivité Territoriale,Commune,['Manche'],['Normandie'],COM,{50},{28}
0eacb1f9-7f1a-48f4-a368-f95805993998,215105727,Commune de Le Vieil-Dampierre (51),false,{51619},Commune,2026-03-24 14:42:01.954481+01,gold_establishments_2025,,,,21510572700014,2025,Collectivité Territoriale,Commune,['Marne'],['Grand Est'],COM,{51},{44}
2199793f-78c3-4163-8a5f-5f47a09790fe,212706840,Commune de Le Vieil-Évreux (27),false,{27684},Commune,2026-03-24 14:41:57.028721+01,gold_establishments_2025,,,,21270684000015,2025,Collectivité Territoriale,Commune,['Eure'],['Normandie'],COM,{27},{28}
87a47f77-109d-477d-8d72-38fcec3d4d6f,212203863,Commune de Le Vieux-Bourg (22),false,{22386},Commune,2026-03-24 14:41:55.958138+01,gold_establishments_2025,,,,21220386300015,2025,Collectivité Territoriale,Commune,"[""Côtes-d'Armor""]",['Bretagne'],COM,{22},{53}
41cf5b9a-71a1-4bd0-b27a-ec39366cdf1a,211604038,Commune de Le Vieux-Cérier (16),false,{16403},Commune,2026-03-24 14:41:54.903238+01,gold_establishments_2025,,,,21160403800011,2025,Collectivité Territoriale,Commune,['Charente'],['Nouvelle-Aquitaine'],COM,{16},{75}
bd3996c9-9eb5-4a1f-bfbb-d2165fd1c746,212203871,Commune de Le Vieux-Marché (22),false,{22387},Commune,2026-03-24 14:41:55.958138+01,gold_establishments_2025,,,,21220387100018,2025,Collectivité Territoriale,Commune,"[""Côtes-d'Armor""]",['Bretagne'],COM,{22},{53}
8c4149d0-448d-4949-a2bb-774cf45c17ec,213003502,Commune de Le Vigan (30),false,{30350},Commune,2026-03-24 14:41:57.56054+01,gold_establishments_2025,,,,21300350200019,2025,Collectivité Territoriale,Commune,['Gard'],['Occitanie'],COM,{30},{76}
cf0dbcc6-d1ce-4e53-924e-5af4fcb7a832,214603342,Commune de Le Vigan-en-Quercy (46),false,{46334},Commune,2026-03-24 14:42:00.862623+01,gold_establishments_2025,,,,21460334200012,2025,Collectivité Territoriale,Commune,['Lot'],['Occitanie'],COM,{46},{76}
1e284b2b-7c73-4d8c-853e-c47298a768d6,211502612,Commune de Le Vigean (15),false,{15261},Commune,2026-03-24 14:41:54.362296+01,gold_establishments_2025,,,,21150261200016,2025,Collectivité Territoriale,Commune,['Cantal'],['Auvergne-Rhône-Alpes'],COM,{15},{84}
13cee512-cd47-406b-9838-d4ddf179458e,218602894,Commune de Le Vigeant (86),false,{86289},Commune,2026-03-24 14:42:11.118516+01,gold_establishments_2025,,,,21860289400014,2025,Collectivité Territoriale,Commune,['Vienne'],['Nouvelle-Aquitaine'],COM,{86},{75}
3e3b809e-f203-4a8b-b80d-9c6c7c0565e7,218720506,Commune de Le Vigen (87),false,{87205},Commune,2026-03-24 14:42:11.118516+01,gold_establishments_2025,,,,21872050600011,2025,Collectivité Territoriale,Commune,['Haute-Vienne'],['Nouvelle-Aquitaine'],COM,{87},{75}
dfe27e57-be32-42db-96f1-c9018205e35a,214003295,Commune de Le Vignau (40),false,{40329},Commune,2026-03-24 14:41:59.705606+01,gold_establishments_2025,,,,21400329500018,2025,Collectivité Territoriale,Commune,['Landes'],['Nouvelle-Aquitaine'],COM,{40},{75}
416c10a7-16f9-4acb-8d54-eaf0a8ae087f,200086718,Commune de Le Vignon-en-Quercy (46),false,{46232},Commune,2026-03-24 14:42:00.862623+01,gold_establishments_2025,,,,20008671800018,2025,Collectivité Territoriale,Commune,['Lot'],['Occitanie'],COM,{46},{76}
49583c4d-2092-4ab6-9983-aa6c1f097a2b,210303137,Commune de Le Vilhain (03),false,{03313},Commune,2026-03-24 14:41:52.020251+01,gold_establishments_2025,,,,21030313700017,2025,Collectivité Territoriale,Commune,['Allier'],['Auvergne-Rhône-Alpes'],COM,{03},{84}
9ffaf018-d3eb-4de3-a406-25c09e05f8ea,217105766,Commune de Le Villars (71),false,{71576},Commune,2026-03-24 14:42:08.279287+01,gold_establishments_2025,,,,21710576600018,2025,Collectivité Territoriale,Commune,['Saône-et-Loire'],['Bourgogne-Franche-Comté'],COM,{71},{27}
cdaae574-ff65-429e-8f29-2913554c0064,213905755,Commune de Le Villey (39),false,{39575},Commune,2026-03-24 14:41:59.705606+01,gold_establishments_2025,,,,21390575500012,2025,Collectivité Territoriale,Commune,['Jura'],['Bourgogne-Franche-Comté'],COM,{39},{27}
7c20992a-4b46-4dfe-a872-a5c587abc288,218103216,Commune de Le Vintrou (81),false,{81321},Commune,2026-03-24 14:42:10.508772+01,gold_establishments_2025,,,,21810321600014,2025,Collectivité Territoriale,Commune,['Tarn'],['Occitanie'],COM,{81},{76}
44b99354-e98f-48af-86b5-0a1e3f18c76b,216602342,Commune de Le Vivier (66),false,{66234},Commune,2026-03-24 14:42:06.665412+01,gold_establishments_2025,,,,21660234200018,2025,Collectivité Territoriale,Commune,['Pyrénées-Orientales'],['Occitanie'],COM,{66},{76}
3bd32e20-3b8c-4d40-8d29-3c93a6e80890,213503618,Commune de Le Vivier-sur-Mer (35),false,{35361},Commune,2026-03-24 14:41:59.160244+01,gold_establishments_2025,,,,21350361800018,2025,Collectivité Territoriale,Commune,['Ille-et-Vilaine'],['Bretagne'],COM,{35},{53}
a834d569-9a4e-4f1b-a77e-9a292ddbab45,217806504,Commune de Le Vésinet (78),false,{78650},Commune,2026-03-24 14:42:09.43682+01,gold_establishments_2025,,,,21780650400015,2025,Collectivité Territoriale,Commune,['Yvelines'],['Île-de-France'],COM,{78},{11}
8f1f407e-7b96-4604-ab0f-78a831008359,215105719,Commune de Le Vézier (51),false,{51618},Commune,2026-03-24 14:42:01.954481+01,gold_establishments_2025,,,,21510571900011,2025,Collectivité Territoriale,Commune,['Marne'],['Grand Est'],COM,{51},{44}
d99a4922-983a-4717-b516-dbc9991fda3e,216208801,Commune de Le Wast (62),false,{62880},Commune,2026-03-24 14:42:06.130387+01,gold_establishments_2025,,,,21620880100011,2025,Collectivité Territoriale,Commune,['Pas-de-Calais'],['Hauts-de-France'],COM,{62},{32}
469724e0-ab41-49a4-b8de-3ca314081726,219000635,Commune de Lebetain (90),false,{90063},Commune,2026-03-24 14:42:11.659493+01,gold_establishments_2025,,,,21900063500017,2025,Collectivité Territoriale,Commune,['Territoire de Belfort'],['Bourgogne-Franche-Comté'],COM,{90},{27}
d72dd52c-0d53-4cd4-89b2-19eb1956b885,215403072,Commune de Lebeuville (54),false,{54307},Commune,2026-03-24 14:42:02.957225+01,gold_establishments_2025,,,,21540307200014,2025,Collectivité Territoriale,Commune,['Meurthe-et-Moselle'],['Grand Est'],COM,{54},{44}
3cf043e9-a5de-4de1-90d3-86841802bd6e,216204925,Commune de Lebiez (62),false,{62492},Commune,2026-03-24 14:42:05.597325+01,gold_establishments_2025,,,,21620492500012,2025,Collectivité Territoriale,Commune,['Pas-de-Calais'],['Hauts-de-France'],COM,{62},{32}
0382da4f-7ae8-4c02-bbbf-84475ef905a9,213202070,Commune de Leboulin (32),false,{32207},Commune,2026-03-24 14:41:58.09424+01,gold_establishments_2025,,,,21320207000016,2025,Collectivité Territoriale,Commune,['Gers'],['Occitanie'],COM,{32},{76}
e6e0cd15-94b1-4dbf-9ad9-5ad391b81d02,216204933,Commune de Lebucquière (62),false,{62493},Commune,2026-03-24 14:42:05.597325+01,gold_establishments_2025,,,,21620493300016,2025,Collectivité Territoriale,Commune,['Pas-de-Calais'],['Hauts-de-France'],COM,{62},{32}
a2182dc6-e8de-40a2-a25c-cebf2d050761,212001390,Commune de Lecci (2A),false,{2A139},Commune,2026-03-24 14:41:57.56054+01,gold_establishments_2025,,,,21200139000013,2025,Collectivité Territoriale,Commune,['Corse-du-Sud'],['Corse'],COM,{2A},{94}
b5ca1f27-7a5e-4bfc-a8af-8fecdd782def,215903352,Commune de Lecelles (59),false,{59335},Commune,2026-03-24 14:42:04.280096+01,gold_establishments_2025,,,,21590335200015,2025,Collectivité Territoriale,Commune,['Nord'],['Hauts-de-France'],COM,{59},{32}
bcec7d17-2533-403c-a2f5-27c0742e1917,215204058,Commune de Lecey (52),false,{52280},Commune,2026-03-24 14:42:01.954481+01,gold_establishments_2025,,,,21520405800014,2025,Collectivité Territoriale,Commune,['Haute-Marne'],['Grand Est'],COM,{52},{44}
7d5e86fa-3273-4f10-a5eb-5ebf32f093f3,212103444,Commune de Lechâtelet (21),false,{21344},Commune,2026-03-24 14:41:55.433389+01,gold_establishments_2025,,,,21210344400015,2025,Collectivité Territoriale,Commune,"[""Côte-d'Or""]",['Bourgogne-Franche-Comté'],COM,{21},{27}
e3f8ead1-f1e6-419a-a4b3-70b9f4cc9cee,213001449,Commune de Lecques (30),false,{30144},Commune,2026-03-24 14:41:57.56054+01,gold_establishments_2025,,,,21300144900015,2025,Collectivité Territoriale,Commune,['Gard'],['Occitanie'],COM,{30},{76}
7cf76e45-9aba-4bc8-a001-6bee8fb3d81c,213902893,Commune de Lect (39),false,{39289},Commune,2026-03-24 14:41:59.705606+01,gold_establishments_2025,,,,21390289300014,2025,Collectivité Territoriale,Commune,['Jura'],['Bourgogne-Franche-Comté'],COM,{39},{27}
abaf9856-412c-4a14-a796-42c00d1a0ee0,213202088,Commune de Lectoure (32),false,{32208},Commune,2026-03-24 14:41:58.09424+01,gold_establishments_2025,,,,21320208800018,2025,Collectivité Territoriale,Commune,['Gers'],['Occitanie'],COM,{32},{76}
88a8ec34-e698-485c-9684-75018646a5be,216403279,Commune de Lecumberry (64),false,{64327},Commune,2026-03-24 14:42:06.130387+01,gold_establishments_2025,,,,21640327900013,2025,Collectivité Territoriale,Commune,['Pyrénées-Atlantiques'],['Nouvelle-Aquitaine'],COM,{64},{75}
44c37b90-8c0f-4cf4-9176-c74490fb1d82,215903378,Commune de Lederzeele (59),false,{59337},Commune,2026-03-24 14:42:04.280096+01,gold_establishments_2025,,,,21590337800010,2025,Collectivité Territoriale,Commune,['Nord'],['Hauts-de-France'],COM,{59},{32}
ad2c7bcc-de3b-4d17-8dc2-64f0ea3a9324,216403287,Commune de Ledeuix (64),false,{64328},Commune,2026-03-24 14:42:06.130387+01,gold_establishments_2025,,,,21640328700016,2025,Collectivité Territoriale,Commune,['Pyrénées-Atlantiques'],['Nouvelle-Aquitaine'],COM,{64},{75}
6245e504-9d03-4975-a55e-cc8fa8da543b,216204958,Commune de Ledinghem (62),false,{62495},Commune,2026-03-24 14:42:05.597325+01,gold_establishments_2025,,,,21620495800013,2025,Collectivité Territoriale,Commune,['Pas-de-Calais'],['Hauts-de-France'],COM,{62},{32}
611effda-44fc-45d5-ae93-b1b7fa94869c,215903386,Commune de Ledringhem (59),false,{59338},Commune,2026-03-24 14:42:04.280096+01,gold_establishments_2025,,,,21590338600013,2025,Collectivité Territoriale,Commune,['Nord'],['Hauts-de-France'],COM,{59},{32}
c5bd8035-a413-4d01-ac05-4d0d415b1dd2,215903394,Commune de Leers (59),false,{59339},Commune,2026-03-24 14:42:04.280096+01,gold_establishments_2025,,,,21590339400017,2025,Collectivité Territoriale,Commune,['Nord'],['Hauts-de-France'],COM,{59},{32}
e2ff0ba8-81a9-41b2-b1ec-0c5374f26607,216204966,Commune de Lefaux (62),false,{62496},Commune,2026-03-24 14:42:05.597325+01,gold_establishments_2025,,,,21620496600016,2025,Collectivité Territoriale,Commune,['Pas-de-Calais'],['Hauts-de-France'],COM,{62},{32}
5c72ebda-63d3-4bf6-a57f-1326f2642564,211403605,Commune de Leffard (14),false,{14360},Commune,2026-03-24 14:41:54.362296+01,gold_establishments_2025,,,,21140360500010,2025,Collectivité Territoriale,Commune,['Calvados'],['Normandie'],COM,{14},{28}
85781157-abe5-4366-bbb6-c908a9fb32c1,210802278,Commune de Leffincourt (08),false,{08250},Commune,2026-03-24 14:41:53.095366+01,gold_establishments_2025,,,,21080227800015,2025,Collectivité Territoriale,Commune,['Ardennes'],['Grand Est'],COM,{08},{44}
dcfaa716-24d3-4a2a-8a93-38da7fa60bb2,215202003,Commune de Leffonds (52),false,{52282},Commune,2026-03-24 14:42:01.954481+01,gold_establishments_2025,,,,21520200300012,2025,Collectivité Territoriale,Commune,['Haute-Marne'],['Grand Est'],COM,{52},{44}
bad9d1a3-5aab-4cfe-8b17-72c8e733cb7f,215903402,Commune de Leffrinckoucke (59),false,{59340},Commune,2026-03-24 14:42:04.280096+01,gold_establishments_2025,,,,21590340200018,2025,Collectivité Territoriale,Commune,['Nord'],['Hauts-de-France'],COM,{59},{32}
f9e88de8-ade7-4d08-953e-2b59cb93dcc2,216204974,Commune de Leforest (62),false,{62497},Commune,2026-03-24 14:42:05.597325+01,gold_establishments_2025,,,,21620497400010,2025,Collectivité Territoriale,Commune,['Pas-de-Calais'],['Hauts-de-France'],COM,{62},{32}
8de54503-aa9a-4218-95c4-7267c51b6ff8,214400814,Commune de Legé (44),false,{44081},Commune,2026-03-24 14:42:00.273698+01,gold_establishments_2025,,,,21440081400015,2025,Collectivité Territoriale,Commune,['Loire-Atlantique'],['Pays de la Loire'],COM,{44},{52}
1248c0d1-59ec-4f70-b4ed-7e0e73c237ca,210203543,Commune de Lehaucourt (02),false,{02374},Commune,2026-03-24 14:41:52.020251+01,gold_establishments_2025,,,,21020354300017,2025,Collectivité Territoriale,Commune,['Aisne'],['Hauts-de-France'],COM,{02},{32}
5c256a27-97a0-4d2b-bbbc-8c8326d3f4fd,218601268,Commune de Leignes-sur-Fontaine (86),false,{86126},Commune,2026-03-24 14:42:10.508772+01,gold_establishments_2025,,,,21860126800012,2025,Collectivité Territoriale,Commune,['Vienne'],['Nouvelle-Aquitaine'],COM,{86},{75}
8357c39c-a47b-4815-8215-e06634882b35,214201196,Commune de Leigneux (42),false,{42119},Commune,2026-03-24 14:42:00.273698+01,gold_establishments_2025,,,,21420119600018,2025,Collectivité Territoriale,Commune,['Loire'],['Auvergne-Rhône-Alpes'],COM,{42},{84}
913aa7c6-55de-476d-a9de-8530bccd47fa,218601250,Commune de Leigné-les-Bois (86),false,{86125},Commune,2026-03-24 14:42:10.508772+01,gold_establishments_2025,,,,21860125000010,2025,Collectivité Territoriale,Commune,['Vienne'],['Nouvelle-Aquitaine'],COM,{86},{75}
4af47b82-c205-483c-9c7f-31a83b0cd6cc,218601276,Commune de Leigné-sur-Usseau (86),false,{86127},Commune,2026-03-24 14:42:10.508772+01,gold_establishments_2025,,,,21860127600015,2025,Collectivité Territoriale,Commune,['Vienne'],['Nouvelle-Aquitaine'],COM,{86},{75}
cdc5ee6a-64ac-436d-899b-c01165c17522,216801803,Commune de Leimbach (68),false,{68180},Commune,2026-03-24 14:42:07.195692+01,gold_establishments_2025,,,,21680180300018,2025,Collectivité Territoriale,Commune,['Haut-Rhin'],['Grand Est'],COM,{68},{44}
1e440111-5cd3-4e04-9184-af5a56ce1eb1,215403080,Commune de Leintrey (54),false,{54308},Commune,2026-03-24 14:42:02.957225+01,gold_establishments_2025,,,,21540308000017,2025,Collectivité Territoriale,Commune,['Meurthe-et-Moselle'],['Grand Est'],COM,{54},{44}
add77609-ddfb-45ce-8261-8a1b8ca53639,213202096,Commune de Lelin-Lapujolle (32),false,{32209},Commune,2026-03-24 14:41:58.09424+01,gold_establishments_2025,,,,21320209600011,2025,Collectivité Territoriale,Commune,['Gers'],['Occitanie'],COM,{32},{76}
e8772890-7f51-4219-adca-26980e220e8f,215703893,Commune de Lelling (57),false,{57389},Commune,2026-03-24 14:42:03.701372+01,gold_establishments_2025,,,,21570389300051,2025,Collectivité Territoriale,Commune,['Moselle'],['Grand Est'],COM,{57},{44}
fe45ec21-f612-448d-904f-ed72305a3a7b,215403098,Commune de Lemainville (54),false,{54309},Commune,2026-03-24 14:42:02.957225+01,gold_establishments_2025,,,,21540309800019,2025,Collectivité Territoriale,Commune,['Meurthe-et-Moselle'],['Grand Est'],COM,{54},{44}
c43433f6-7812-4946-bed5-c5de924c6c3c,216702639,Commune de Lembach (67),false,{67263},Commune,2026-03-24 14:42:07.195692+01,gold_establishments_2025,,,,21670263900016,2025,Collectivité Territoriale,Commune,['Bas-Rhin'],['Grand Est'],COM,{67},{44}
6e3b3bd1-a129-4fbd-8a03-3e01a80aa808,215703901,Commune de Lemberg (57),false,{57390},Commune,2026-03-24 14:42:03.701372+01,gold_establishments_2025,,,,21570390100011,2025,Collectivité Territoriale,Commune,['Moselle'],['Grand Est'],COM,{57},{44}
b8069534-a6f6-4354-8623-9f051b80a961,216403311,Commune de Lembeye (64),false,{64331},Commune,2026-03-24 14:42:06.665412+01,gold_establishments_2025,,,,21640331100014,2025,Collectivité Territoriale,Commune,['Pyrénées-Atlantiques'],['Nouvelle-Aquitaine'],COM,{64},{75}
840be8a4-9deb-43ce-a924-71f348cb9cb3,212402374,Commune de Lembras (24),false,{24237},Commune,2026-03-24 14:41:55.958138+01,gold_establishments_2025,,,,21240237400012,2025,Collectivité Territoriale,Commune,['Dordogne'],['Nouvelle-Aquitaine'],COM,{24},{75}
c56acf4b-4360-491d-a2e2-39a5a4542963,218802650,Commune de Lemmecourt (88),false,{88265},Commune,2026-03-24 14:42:11.118516+01,gold_establishments_2025,,,,21880265000018,2025,Collectivité Territoriale,Commune,['Vosges'],['Grand Est'],COM,{88},{44}
8cda8606-84aa-402e-85c6-dcb9c6e7d89b,215502865,Commune de Lemmes (55),false,{55286},Commune,2026-03-24 14:42:03.701372+01,gold_establishments_2025,,,,21550286500011,2025,Collectivité Territoriale,Commune,['Meuse'],['Grand Est'],COM,{55},{44}
e4778e24-4304-4a8b-b73e-28f9524799d0,215703919,Commune de Lemoncourt (57),false,{57391},Commune,2026-03-24 14:42:03.701372+01,gold_establishments_2025,,,,21570391900013,2025,Collectivité Territoriale,Commune,['Moselle'],['Grand Est'],COM,{57},{44}
967f0516-9e26-49a2-bd2a-cd4791331007,218101426,Commune de Lempaut (81),false,{81142},Commune,2026-03-24 14:42:09.967209+01,gold_establishments_2025,,,,21810142600011,2025,Collectivité Territoriale,Commune,['Tarn'],['Occitanie'],COM,{81},{76}
7b411057-0ed2-4080-a6df-7f59fe1d71fc,216301937,Commune de Lempdes (63),false,{63193},Commune,2026-03-24 14:42:06.130387+01,gold_establishments_2025,,,,21630193700142,2025,Collectivité Territoriale,Commune,['Puy-de-Dôme'],['Auvergne-Rhône-Alpes'],COM,{63},{84}
145eb87b-3877-4eee-ac0e-5d6566aaaf96,214301202,Commune de Lempdes-sur-Allagnon (43),false,{43120},Commune,2026-03-24 14:42:00.273698+01,gold_establishments_2025,,,,21430120200013,2025,Collectivité Territoriale,Commune,['Haute-Loire'],['Auvergne-Rhône-Alpes'],COM,{43},{84}
82847906-05a2-4839-9b3d-04e82a47d4a5,210203964,Commune de Lempire (02),false,{02417},Commune,2026-03-24 14:41:52.020251+01,gold_establishments_2025,,,,21020396400015,2025,Collectivité Territoriale,Commune,['Aisne'],['Hauts-de-France'],COM,{02},{32}
e770ac2d-f1e6-47f5-93df-4e2e2194efd1,210701405,Commune de Lemps (07),false,{07140},Commune,2026-03-24 14:41:52.562531+01,gold_establishments_2025,,,,21070140500016,2025,Collectivité Territoriale,Commune,['Ardèche'],['Auvergne-Rhône-Alpes'],COM,{07},{84}
6dea12b2-e8b0-49a7-b0d5-b3d449ea064d,212601611,Commune de Lemps (26),false,{26161},Commune,2026-03-24 14:41:56.495197+01,gold_establishments_2025,,,,21260161100016,2025,Collectivité Territoriale,Commune,['Drôme'],['Auvergne-Rhône-Alpes'],COM,{26},{84}
5f92a4de-e574-4cb6-99e3-a78ae5168211,216301945,Commune de Lempty (63),false,{63194},Commune,2026-03-24 14:42:06.130387+01,gold_establishments_2025,,,,21630194500012,2025,Collectivité Territoriale,Commune,['Puy-de-Dôme'],['Auvergne-Rhône-Alpes'],COM,{63},{84}
9a5ec76c-1932-4c6f-a8b7-2b144a8a9e68,212402382,Commune de Lempzours (24),false,{24238},Commune,2026-03-24 14:41:55.958138+01,gold_establishments_2025,,,,21240238200015,2025,Collectivité Territoriale,Commune,['Dordogne'],['Nouvelle-Aquitaine'],COM,{24},{75}
1e63aedf-edaf-42db-b676-b3b74f1a917c,215703927,Commune de Lemud (57),false,{57392},Commune,2026-03-24 14:42:03.701372+01,gold_establishments_2025,,,,21570392700016,2025,Collectivité Territoriale,Commune,['Moselle'],['Grand Est'],COM,{57},{44}
6eb9ae7d-b184-4596-861d-3caa2de5e3f4,213902919,Commune de Lemuy (39),false,{39291},Commune,2026-03-24 14:41:59.705606+01,gold_establishments_2025,,,,21390291900017,2025,Collectivité Territoriale,Commune,['Jura'],['Bourgogne-Franche-Comté'],COM,{39},{27}
03402874-a39f-40e3-aa24-68d8ffc804c5,210203956,Commune de Lemé (02),false,{02416},Commune,2026-03-24 14:41:52.020251+01,gold_establishments_2025,,,,21020395600011,2025,Collectivité Territoriale,Commune,['Aisne'],['Hauts-de-France'],COM,{02},{32}
117a9d0f-6e70-413d-a6b4-db1379c96a41,215403106,Commune de Leménil-Mitry (54),false,{54310},Commune,2026-03-24 14:42:02.957225+01,gold_establishments_2025,,,,21540310600010,2025,Collectivité Territoriale,Commune,['Meurthe-et-Moselle'],['Grand Est'],COM,{54},{44}
d063c011-c888-4ffd-9635-118813c10e46,210301420,Commune de Lenax (03),false,{03142},Commune,2026-03-24 14:41:52.020251+01,gold_establishments_2025,,,,21030142000019,2025,Collectivité Territoriale,Commune,['Allier'],['Auvergne-Rhône-Alpes'],COM,{03},{84}
dcd8804f-f490-4129-a34a-5ac2eef7257f,218601284,Commune de Lencloître (86),false,{86128},Commune,2026-03-24 14:42:10.508772+01,gold_establishments_2025,,,,21860128400019,2025,Collectivité Territoriale,Commune,['Vienne'],['Nouvelle-Aquitaine'],COM,{86},{75}
7dbfe55e-71b8-4a44-bc25-3ff18ade5b5b,214001497,Commune de Lencouacq (40),false,{40149},Commune,2026-03-24 14:41:59.705606+01,gold_establishments_2025,,,,21400149700012,2025,Collectivité Territoriale,Commune,['Landes'],['Nouvelle-Aquitaine'],COM,{40},{75}
09253ecc-adf7-4b4e-b8a6-e6e13b23cc78,200077279,Commune de Lendou-en-Quercy (46),false,{46262},Commune,2026-03-24 14:42:00.862623+01,gold_establishments_2025,,,,20007727900012,2025,Collectivité Territoriale,Commune,['Lot'],['Occitanie'],COM,{46},{76}
fecc9bc6-8bc6-4dde-aa6e-2c29e0295ccc,215703935,Commune de Lengelsheim (57),false,{57393},Commune,2026-03-24 14:42:03.701372+01,gold_establishments_2025,,,,21570393500043,2025,Collectivité Territoriale,Commune,['Moselle'],['Grand Est'],COM,{57},{44}
44bdb0e2-d55a-44c3-924f-0dfb8d7fe565,215002668,Commune de Lengronne (50),false,{50266},Commune,2026-03-24 14:42:01.412377+01,gold_establishments_2025,,,,21500266800014,2025,Collectivité Territoriale,Commune,['Manche'],['Normandie'],COM,{50},{28}
7c513eeb-8f7a-42ed-94e1-85c85ab14be0,215102989,Commune de Lenharrée (51),false,{51319},Commune,2026-03-24 14:42:01.954481+01,gold_establishments_2025,,,,21510298900013,2025,Collectivité Territoriale,Commune,['Marne'],['Grand Est'],COM,{51},{44}
34dd791a-e942-45d0-86f2-5901a9e03e25,212901235,Commune de Lennon (29),false,{29123},Commune,2026-03-24 14:41:57.028721+01,gold_establishments_2025,,,,21290123500011,2025,Collectivité Territoriale,Commune,['Finistère'],['Bretagne'],COM,{29},{53}
b7c2546c-7669-476e-938e-541d8f9149cb,215403114,Commune de Lenoncourt (54),false,{54311},Commune,2026-03-24 14:42:02.957225+01,gold_establishments_2025,,,,21540311400014,2025,Collectivité Territoriale,Commune,['Meurthe-et-Moselle'],['Grand Est'],COM,{54},{44}
e5fc0537-6bd8-46df-ac89-4e56a0860c45,216204982,Commune de Lens (62),false,{62498},Commune,2026-03-24 14:42:05.597325+01,gold_establishments_2025,,,,21620498200013,2025,Collectivité Territoriale,Commune,['Pas-de-Calais'],['Hauts-de-France'],COM,{62},{32}
177e7b40-2e3b-422b-81d2-add913f5970b,212601629,Commune de Lens-Lestang (26),false,{26162},Commune,2026-03-24 14:41:56.495197+01,gold_establishments_2025,,,,21260162900018,2025,Collectivité Territoriale,Commune,['Drôme'],['Auvergne-Rhône-Alpes'],COM,{26},{84}
c4de2436-5b1b-43a1-989c-76c5ec9f7f93,210102117,Commune de Lent (01),false,{01211},Commune,2026-03-24 14:41:51.447482+01,gold_establishments_2025,,,,21010211700012,2025,Collectivité Territoriale,Commune,['Ain'],['Auvergne-Rhône-Alpes'],COM,{01},{84}
bc1baeb4-4ae5-4659-9623-2f899d180de2,213902927,Commune de Lent (39),false,{39292},Commune,2026-03-24 14:41:59.705606+01,gold_establishments_2025,,,,21390292700010,2025,Collectivité Territoriale,Commune,['Jura'],['Bourgogne-Franche-Comté'],COM,{39},{27}
3ad5af99-2c82-412f-92b2-0394a2c5ba74,214201204,Commune de Lentigny (42),false,{42120},Commune,2026-03-24 14:42:00.273698+01,gold_establishments_2025,,,,21420120400010,2025,Collectivité Territoriale,Commune,['Loire'],['Auvergne-Rhône-Alpes'],COM,{42},{84}
a3bd82d8-c28d-4abe-94b2-4745df19b3dc,214601684,Commune de Lentillac-Saint-Blaise (46),false,{46168},Commune,2026-03-24 14:42:00.862623+01,gold_establishments_2025,,,,21460168400019,2025,Collectivité Territoriale,Commune,['Lot'],['Occitanie'],COM,{46},{76}
3c5fcf04-6834-4823-b124-a7ce142561d0,214601676,Commune de Lentillac-du-Causse (46),false,{46167},Commune,2026-03-24 14:42:00.862623+01,gold_establishments_2025,,,,21460167600015,2025,Collectivité Territoriale,Commune,['Lot'],['Occitanie'],COM,{46},{76}
b5f97bcc-9ec7-4411-b726-be1a5da57d9e,211001854,Commune de Lentilles (10),false,{10192},Commune,2026-03-24 14:41:53.095366+01,gold_establishments_2025,,,,21100185400010,2025,Collectivité Territoriale,Commune,['Aube'],['Grand Est'],COM,{10},{44}
dc7f2924-20f4-46a2-8401-4af43a04f516,216901124,Commune de Lentilly (69),false,{69112},Commune,2026-03-24 14:42:07.195692+01,gold_establishments_2025,,,,21690112400018,2025,Collectivité Territoriale,Commune,['Rhône'],['Auvergne-Rhône-Alpes'],COM,{69},{84}
f28a664f-097d-49ab-b091-a5eda70b8032,210701413,Commune de Lentillères (07),false,{07141},Commune,2026-03-24 14:41:52.562531+01,gold_establishments_2025,,,,21070141300010,2025,Collectivité Territoriale,Commune,['Ardèche'],['Auvergne-Rhône-Alpes'],COM,{07},{84}
8873799e-db86-4502-b247-4366abaf86e5,213802093,Commune de Lentiol (38),false,{38209},Commune,2026-03-24 14:41:59.160244+01,gold_establishments_2025,,,,21380209300012,2025,Collectivité Territoriale,Commune,['Isère'],['Auvergne-Rhône-Alpes'],COM,{38},{84}
177c0176-6c9c-4596-b344-a3211be54150,212001408,Commune de Lento (2B),false,{2B140},Commune,2026-03-24 14:41:57.56054+01,gold_establishments_2025,,,,21200140800013,2025,Collectivité Territoriale,Commune,['Haute-Corse'],['Corse'],COM,{2B},{94}
12951bf1-afaa-4f68-9ff8-4b13228c10e8,219000650,Commune de Lepuix (90),false,{90065},Commune,2026-03-24 14:42:11.659493+01,gold_establishments_2025,,,,21900065000016,2025,Collectivité Territoriale,Commune,['Territoire de Belfort'],['Bourgogne-Franche-Comté'],COM,{90},{27}
16491d64-42f1-4277-bc82-48f21c293327,219000643,Commune de Lepuix-Neuf (90),false,{90064},Commune,2026-03-24 14:42:11.659493+01,gold_establishments_2025,,,,21900064300011,2025,Collectivité Territoriale,Commune,['Territoire de Belfort'],['Bourgogne-Franche-Comté'],COM,{90},{27}
b623a215-7728-418c-bfdc-b7633e648f99,210901625,Commune de Lercoul (09),false,{09162},Commune,2026-03-24 14:41:53.095366+01,gold_establishments_2025,,,,21090162500017,2025,Collectivité Territoriale,Commune,['Ariège'],['Occitanie'],COM,{09},{76}
479c6a90-8e2b-441e-93df-d9492bdca026,213302391,Commune de Lerm-et-Musset (33),false,{33239},Commune,2026-03-24 14:41:58.620411+01,gold_establishments_2025,,,,21330239100015,2025,Collectivité Territoriale,Commune,['Gironde'],['Nouvelle-Aquitaine'],COM,{33},{75}
492c381a-1528-4006-ab47-b3eef771658f,213701261,Commune de Lerné (37),false,{37126},Commune,2026-03-24 14:41:59.160244+01,gold_establishments_2025,,,,21370126100017,2025,Collectivité Territoriale,Commune,['Indre-et-Loire'],['Centre-Val de Loire'],COM,{37},{24}
39e3b075-eeeb-49d0-b7d2-44ab3630f506,218802676,Commune de Lerrain (88),false,{88267},Commune,2026-03-24 14:42:11.118516+01,gold_establishments_2025,,,,21880267600013,2025,Collectivité Territoriale,Commune,['Vosges'],['Grand Est'],COM,{88},{44}
4a4714ac-09d4-44f1-a1a6-2124bde36b0e,210203972,Commune de Lerzy (02),false,{02418},Commune,2026-03-24 14:41:52.020251+01,gold_establishments_2025,,,,21020397200018,2025,Collectivité Territoriale,Commune,['Aisne'],['Hauts-de-France'],COM,{02},{32}
6ae7f68e-ced2-4908-99d8-99a053a5de2e,218800019,Commune de Les Ableuvenettes (88),false,{88001},Commune,2026-03-24 14:42:11.118516+01,gold_establishments_2025,,,,21880001900018,2025,Collectivité Territoriale,Commune,['Vosges'],['Grand Est'],COM,{88},{44}
aa2fc804-31f2-4040-8d9b-79891967fb17,200060127,Commune de Les Abrets en Dauphiné (38),false,{38001},Commune,2026-03-24 14:41:59.160244+01,gold_establishments_2025,,,,20006012700012,2025,Collectivité Territoriale,Commune,['Isère'],['Auvergne-Rhône-Alpes'],COM,{38},{84}
79d2d16e-b5cb-422a-8ece-4ac20a29e42e,219711017,Commune de Les Abymes (971),false,{97101},Commune,2026-03-24 14:42:11.659493+01,gold_establishments_2025,,,,21971101700018,2025,Collectivité Territoriale,Commune,['Guadeloupe'],['Guadeloupe'],COM,{971},{01}
1ea849fb-b95a-4c7a-a551-d99df31b5587,200065795,Commune de Les Achards (85),false,{85152},Commune,2026-03-24 14:42:10.508772+01,gold_establishments_2025,,,,20006579500011,2025,Collectivité Territoriale,Commune,['Vendée'],['Pays de la Loire'],COM,{85},{52}
837bd174-3a3f-4374-b609-ede8e68f1c8e,211600028,Commune de Les Adjots (16),false,{16002},Commune,2026-03-24 14:41:54.362296+01,gold_establishments_2025,,,,21160002800016,2025,Collectivité Territoriale,Commune,['Charente'],['Nouvelle-Aquitaine'],COM,{16},{75}
d1f4ccff-6fe3-462c-b407-a547f75d3d0e,213800022,Commune de Les Adrets (38),false,{38002},Commune,2026-03-24 14:41:59.160244+01,gold_establishments_2025,,,,21380002200013,2025,Collectivité Territoriale,Commune,['Isère'],['Auvergne-Rhône-Alpes'],COM,{38},{84}
f1beb986-5f21-4262-9913-4879319f4638,218300010,Commune de Les Adrets-de-l'Estérel (83),false,{83001},Commune,2026-03-24 14:42:10.508772+01,gold_establishments_2025,,,,21830001000012,2025,Collectivité Territoriale,Commune,['Var'],"[""Provence-Alpes-Côte d'Azur""]",COM,{83},{93}
ac51ea4d-d968-438a-bf03-0d56f159a022,216000042,Commune de Les Ageux (60),false,{60006},Commune,2026-03-24 14:42:04.814328+01,gold_establishments_2025,,,,21600004200012,2025,Collectivité Territoriale,Commune,['Oise'],['Hauts-de-France'],COM,{60},{32}
ae903c33-d0f0-419c-9322-e03e7b593b2f,213400088,Commune de Les Aires (34),false,{34008},Commune,2026-03-24 14:41:58.620411+01,gold_establishments_2025,,,,21340008800018,2025,Collectivité Territoriale,Commune,['Hérault'],['Occitanie'],COM,{34},{76}
0868fcc7-eaa5-4407-94fa-2333309c4d19,211800032,Commune de Les Aix-d'Angillon (18),false,{18003},Commune,2026-03-24 14:41:54.903238+01,gold_establishments_2025,,,,21180003200016,2025,Collectivité Territoriale,Commune,['Cher'],['Centre-Val de Loire'],COM,{18},{24}
1485c0aa-391e-4cee-b2a7-c0ffe7f45b3d,211200035,Commune de Les Albres (12),false,{12003},Commune,2026-03-24 14:41:53.63825+01,gold_establishments_2025,,,,21120003500015,2025,Collectivité Territoriale,Commune,['Aveyron'],['Occitanie'],COM,{12},{76}
f0bf80d8-d601-4ff1-acb0-76e11943abd3,212500128,Commune de Les Alliés (25),false,{25012},Commune,2026-03-24 14:41:55.958138+01,gold_establishments_2025,,,,21250012800013,2025,Collectivité Territoriale,Commune,['Doubs'],['Bourgogne-Franche-Comté'],COM,{25},{27}
7dd54007-d875-4e22-af6f-be487fcab451,217300151,Commune de Les Allues (73),false,{73015},Commune,2026-03-24 14:42:08.279287+01,gold_establishments_2025,,,,21730015100016,2025,Collectivité Territoriale,Commune,['Savoie'],['Auvergne-Rhône-Alpes'],COM,{73},{84}
17d6a0c3-1344-43d1-a47c-84ad892512c9,217800101,Commune de Les Alluets-le-Roi (78),false,{78010},Commune,2026-03-24 14:42:09.43682+01,gold_establishments_2025,,,,21780010100016,2025,Collectivité Territoriale,Commune,['Yvelines'],['Île-de-France'],COM,{78},{11}
31aac0e0-58e7-44fd-8e8b-b1c7f99b786d,216300046,Commune de Les Ancizes-Comps (63),false,{63004},Commune,2026-03-24 14:42:06.130387+01,gold_establishments_2025,,,,21630004600010,2025,Collectivité Territoriale,Commune,['Puy-de-Dôme'],['Auvergne-Rhône-Alpes'],COM,{63},{84}
1e2c2232-6c6b-4589-b995-5478c0c27226,212700165,Commune de Les Andelys (27),false,{27016},Commune,2026-03-24 14:41:56.495197+01,gold_establishments_2025,,,,21270016500013,2025,Collectivité Territoriale,Commune,['Eure'],['Normandie'],COM,{27},{28}
2eb9e7ee-54d9-412c-b17c-108bda2a5fde,213000110,Commune de Les Angles (30),false,{30011},Commune,2026-03-24 14:41:57.56054+01,gold_establishments_2025,,,,21300011000014,2025,Collectivité Territoriale,Commune,['Gard'],['Occitanie'],COM,{30},{76}
8ba46fff-e9cf-4d38-8a49-d1aab1b14b57,216500116,Commune de Les Angles (65),false,{65011},Commune,2026-03-24 14:42:06.665412+01,gold_establishments_2025,,,,21650011600019,2025,Collectivité Territoriale,Commune,['Hautes-Pyrénées'],['Occitanie'],COM,{65},{76}
ee4d08fa-89c8-4638-9ed6-91e5b8229911,216600049,Commune de Les Angles (66),false,{66004},Commune,2026-03-24 14:42:06.665412+01,gold_establishments_2025,,,,21660004900011,2025,Collectivité Territoriale,Commune,['Pyrénées-Orientales'],['Occitanie'],COM,{66},{76}
9702850d-e941-4d84-826c-3279dbea7d6b,211900907,Commune de Les Angles-sur-Corrèze (19),false,{19009},Commune,2026-03-24 14:41:54.903238+01,gold_establishments_2025,,,,21190090700018,2025,Collectivité Territoriale,Commune,['Corrèze'],['Nouvelle-Aquitaine'],COM,{19},{75}
134923a3-c290-4672-b664-f5b2cac92d4a,219722022,Commune de Les Anses-d'Arlet (972),false,{97202},Commune,2026-03-24 14:42:11.659493+01,gold_establishments_2025,,,,21972202200015,2025,Collectivité Territoriale,Commune,['Martinique'],['Martinique'],COM,{972},{02}
836cf75e-b2d2-48fd-8345-c6ec4b1b4344,218300044,Commune de Les Arcs (83),false,{83004},Commune,2026-03-24 14:42:10.508772+01,gold_establishments_2025,,,,21830004400011,2025,Collectivité Territoriale,Commune,['Var'],"[""Provence-Alpes-Côte d'Azur""]",COM,{83},{93}
60455a4c-0cb7-460a-ab57-0ddec46c151d,216900126,Commune de Les Ardillats (69),false,{69012},Commune,2026-03-24 14:42:07.195692+01,gold_establishments_2025,,,,21690012600014,2025,Collectivité Territoriale,Commune,['Rhône'],['Auvergne-Rhône-Alpes'],COM,{69},{84}
5d421774-b6ce-49ed-8ad5-ee32f1234d12,214600082,Commune de Les Arques (46),false,{46008},Commune,2026-03-24 14:42:00.862623+01,gold_establishments_2025,,,,21460008200017,2025,Collectivité Territoriale,Commune,['Lot'],['Occitanie'],COM,{46},{76}
cfae1235-15a8-475a-8953-a3e793397c30,213900194,Commune de Les Arsures (39),false,{39019},Commune,2026-03-24 14:41:59.705606+01,gold_establishments_2025,,,,21390019400019,2025,Collectivité Territoriale,Commune,['Jura'],['Bourgogne-Franche-Comté'],COM,{39},{27}
cfdd94aa-85f6-4b6d-8ba8-a350e03355ed,213300148,Commune de Les Artigues-de-Lussac (33),false,{33014},Commune,2026-03-24 14:41:58.09424+01,gold_establishments_2025,,,,21330014800011,2025,Collectivité Territoriale,Commune,['Gironde'],['Nouvelle-Aquitaine'],COM,{33},{75}
e51a42c8-83d9-40b7-acbd-3dbc646fceae,216104224,Commune de Les Aspres (61),false,{61422},Commune,2026-03-24 14:42:05.597325+01,gold_establishments_2025,,,,21610422400011,2025,Collectivité Territoriale,Commune,['Orne'],['Normandie'],COM,{61},{28}
f097468c-0d2c-4c46-8580-41fc9cb5c2f7,210700175,Commune de Les Assions (07),false,{07017},Commune,2026-03-24 14:41:52.562531+01,gold_establishments_2025,,,,21070017500016,2025,Collectivité Territoriale,Commune,['Ardèche'],['Auvergne-Rhône-Alpes'],COM,{07},{84}
e914b306-b097-4aa1-8e72-317f6ba03ab7,216200436,Commune de Les Attaques (62),false,{62043},Commune,2026-03-24 14:42:05.597325+01,gold_establishments_2025,,,,21620043600063,2025,Collectivité Territoriale,Commune,['Pas-de-Calais'],['Hauts-de-France'],COM,{62},{32}
0ad4c96e-1fbb-4322-ab4c-6cb548f50677,217200153,Commune de Les Aulneaux (72),false,{72015},Commune,2026-03-24 14:42:08.279287+01,gold_establishments_2025,,,,21720015300013,2025,Collectivité Territoriale,Commune,['Sarthe'],['Pays de la Loire'],COM,{72},{52}
835654a0-2b40-4c20-a22b-f5e255a3884c,210200382,Commune de Les Autels (02),false,{02038},Commune,2026-03-24 14:41:51.447482+01,gold_establishments_2025,,,,21020038200013,2025,Collectivité Territoriale,Commune,['Aisne'],['Hauts-de-France'],COM,{02},{32}
84237873-b69b-4dfa-bc8f-b2aa2f080446,212800163,Commune de Les Autels-Villevillon (28),false,{28016},Commune,2026-03-24 14:41:57.028721+01,gold_establishments_2025,,,,21280016300017,2025,Collectivité Territoriale,Commune,['Eure-et-Loir'],['Centre-Val de Loire'],COM,{28},{24}
6d628b13-9794-4a6f-a6b4-f2edeefe1271,212700272,Commune de Les Authieux (27),false,{27027},Commune,2026-03-24 14:41:56.495197+01,gold_establishments_2025,,,,21270027200017,2025,Collectivité Territoriale,Commune,['Eure'],['Normandie'],COM,{27},{28}
32a191e4-d40f-441c-920a-5f571546dc7d,216100172,Commune de Les Authieux-du-Puits (nan),false,{61017},Commune,2026-03-24 14:42:04.814328+01,gold_establishments_2025,,,,21610017200016,2025,Collectivité Territoriale,Commune,[''],[''],COM,,
58578375-d295-43a6-8c98-c4dd0c501d0e,211400320,Commune de Les Authieux-sur-Calonne (14),false,{14032},Commune,2026-03-24 14:41:53.63825+01,gold_establishments_2025,,,,21140032000019,2025,Collectivité Territoriale,Commune,['Calvados'],['Normandie'],COM,{14},{28}
b5ad2702-3599-4768-ad2d-9a7b6de07906,217600394,Commune de Les Authieux-sur-le-Port-Saint-Ouen (76),false,{76039},Commune,2026-03-24 14:42:08.818969+01,gold_establishments_2025,,,,21760039400019,2025,Collectivité Territoriale,Commune,['Seine-Maritime'],['Normandie'],COM,{76},{28}
42dae28d-df82-43d0-87e1-d6e81b737389,200048437,Commune de Les Auxons (25),false,{25035},Commune,2026-03-24 14:41:55.958138+01,gold_establishments_2025,,,,20004843700012,2025,Collectivité Territoriale,Commune,['Doubs'],['Bourgogne-Franche-Comté'],COM,{25},{27}
5e27be27-5325-46c7-8038-fa58c3aae982,217300243,Commune de Les Avanchers-Valmorel (73),false,{73024},Commune,2026-03-24 14:42:08.279287+01,gold_establishments_2025,,,,21730024300011,2025,Collectivité Territoriale,Commune,['Savoie'],['Auvergne-Rhône-Alpes'],COM,{73},{84}
4eaf7213-05b5-4228-9746-20eb4bee46a0,200058444,Commune de Les Avenières Veyrins-Thuellin (38),false,{38022},Commune,2026-03-24 14:41:59.160244+01,gold_establishments_2025,,,,20005844400015,2025,Collectivité Territoriale,Commune,['Isère'],['Auvergne-Rhône-Alpes'],COM,{38},{84}
9c235f39-9586-4f1d-8371-5654a9df3c81,219740016,Commune de Les Avirons (974),false,{97401},Commune,2026-03-24 14:42:11.659493+01,gold_establishments_2025,,,,21974001600015,2025,Collectivité Territoriale,Commune,['La Réunion'],['La Réunion'],COM,{974},{04}
2823b353-d4ce-46c3-bdfc-7c37c95dfe26,217000462,Commune de Les Aynans (70),false,{70046},Commune,2026-03-24 14:42:07.735343+01,gold_establishments_2025,,,,21700046200010,2025,Collectivité Territoriale,Commune,['Haute-Saône'],['Bourgogne-Franche-Comté'],COM,{70},{27}
d7a5d94f-fad5-4f98-a889-6ae02db5a094,210800389,Commune de Les Ayvelles (08),false,{08040},Commune,2026-03-24 14:41:52.562531+01,gold_establishments_2025,,,,21080038900012,2025,Collectivité Territoriale,Commune,['Ardennes'],['Grand Est'],COM,{08},{44}
7ffd2a03-6802-40ed-999b-f6dfad8f7f27,212700389,Commune de Les Barils (27),false,{27038},Commune,2026-03-24 14:41:56.495197+01,gold_establishments_2025,,,,21270038900019,2025,Collectivité Territoriale,Commune,['Eure'],['Normandie'],COM,{27},{28}
1a2657b7-6cb2-4ba4-b386-522d31f71892,215400482,Commune de Les Baroches (54),false,{54048},Commune,2026-03-24 14:42:02.957225+01,gold_establishments_2025,,,,21540048200018,2025,Collectivité Territoriale,Commune,['Meurthe-et-Moselle'],['Grand Est'],COM,{54},{44}
898b6a66-78b6-4af0-9232-eb31d3f89340,218200129,Commune de Les Barthes (82),false,{82012},Commune,2026-03-24 14:42:10.508772+01,gold_establishments_2025,,,,21820012900011,2025,Collectivité Territoriale,Commune,['Tarn-et-Garonne'],['Occitanie'],COM,{82},{76}
66591eb1-9e62-4798-8d1a-49c7cffcd345,212700447,Commune de Les Baux-Sainte-Croix (27),false,{27044},Commune,2026-03-24 14:41:56.495197+01,gold_establishments_2025,,,,21270044700015,2025,Collectivité Territoriale,Commune,['Eure'],['Normandie'],COM,{27},{28}
e8a250a1-f400-4f00-b80d-aa18fcc939ad,212700439,Commune de Les Baux-de-Breteuil (27),false,{27043},Commune,2026-03-24 14:41:56.495197+01,gold_establishments_2025,,,,21270043900012,2025,Collectivité Territoriale,Commune,['Eure'],['Normandie'],COM,{27},{28}
bda584ef-e94e-4e67-8fbd-ecbdfbb8d87c,211300116,Commune de Les Baux-de-Provence (13),false,{13011},Commune,2026-03-24 14:41:53.63825+01,gold_establishments_2025,,,,21130011600012,2025,Collectivité Territoriale,Commune,['Bouches-du-Rhône'],"[""Provence-Alpes-Côte d'Azur""]",COM,{13},{93}
497fb2a6-6b80-4443-8324-e4de1fc0d8d2,200084606,Commune de Les Belleville (73),false,{73257},Commune,2026-03-24 14:42:08.279287+01,gold_establishments_2025,,,,20008460600017,2025,Collectivité Territoriale,Commune,['Savoie'],['Auvergne-Rhône-Alpes'],COM,{73},{84}
f781c5ed-a87d-4741-a303-894d3e1f8059,214800252,Commune de Les Bessons (48),false,{48025},Commune,2026-03-24 14:42:01.412377+01,gold_establishments_2025,,,,21480025200014,2025,Collectivité Territoriale,Commune,['Lozère'],['Occitanie'],COM,{48},{76}
b3c805ee-e687-434d-b1e0-4ef1a7603461,218701605,Commune de Les Billanges (87),false,{87016},Commune,2026-03-24 14:42:11.118516+01,gold_establishments_2025,,,,21870160500014,2025,Collectivité Territoriale,Commune,['Haute-Vienne'],['Nouvelle-Aquitaine'],COM,{87},{75}
cdde3f7c-3173-4036-a3b8-c7a002815020,213300528,Commune de Les Billaux (33),false,{33052},Commune,2026-03-24 14:41:58.09424+01,gold_establishments_2025,,,,21330052800014,2025,Collectivité Territoriale,Commune,['Gironde'],['Nouvelle-Aquitaine'],COM,{33},{75}
ab04b05c-a146-4659-a575-31b5d95ba4dc,217100387,Commune de Les Bizots (71),false,{71038},Commune,2026-03-24 14:42:07.735343+01,gold_establishments_2025,,,,21710038700018,2025,Collectivité Territoriale,Commune,['Saône-et-Loire'],['Bourgogne-Franche-Comté'],COM,{71},{27}
d05445ef-76d3-4468-a13c-44b08e0abadc,200053213,Commune de Les Bois d'Anjou (49),false,{49138},Commune,2026-03-24 14:42:01.412377+01,gold_establishments_2025,,,,20005321300019,2025,Collectivité Territoriale,Commune,['Maine-et-Loire'],['Pays de la Loire'],COM,{49},{52}
68c3944b-b43d-49ee-adce-c414a88b9fe0,214800286,Commune de Les Bondons (48),false,{48028},Commune,2026-03-24 14:42:01.412377+01,gold_establishments_2025,,,,21480028600012,2025,Collectivité Territoriale,Commune,['Lozère'],['Occitanie'],COM,{48},{76}
ce4afea7-b568-454a-9cff-4f503d202930,213600216,Commune de Les Bordes (36),false,{36021},Commune,2026-03-24 14:41:59.160244+01,gold_establishments_2025,,,,21360021600013,2025,Collectivité Territoriale,Commune,['Indre'],['Centre-Val de Loire'],COM,{36},{24}
ced51e37-5dbc-4eb2-9b67-2cd8c31600b8,214500423,Commune de Les Bordes (45),false,{45042},Commune,2026-03-24 14:42:00.862623+01,gold_establishments_2025,,,,21450042300014,2025,Collectivité Territoriale,Commune,['Loiret'],['Centre-Val de Loire'],COM,{45},{24}
6fbaf977-f2be-42a2-922d-657b5300a8a3,217100437,Commune de Les Bordes (71),false,{71043},Commune,2026-03-24 14:42:07.735343+01,gold_establishments_2025,,,,21710043700011,2025,Collectivité Territoriale,Commune,['Saône-et-Loire'],['Bourgogne-Franche-Comté'],COM,{71},{27}
835f77c6-d90a-4d68-804f-d6fdc255bf0c,218900512,Commune de Les Bordes (89),false,{89051},Commune,2026-03-24 14:42:11.118516+01,gold_establishments_2025,,,,21890051200011,2025,Collectivité Territoriale,Commune,['Yonne'],['Bourgogne-Franche-Comté'],COM,{89},{27}
62bfbea4-1a70-4a26-bbe3-2fc13f3cf0ac,211000443,Commune de Les Bordes-Aumont (10),false,{10049},Commune,2026-03-24 14:41:53.095366+01,gold_establishments_2025,,,,21100044300013,2025,Collectivité Territoriale,Commune,['Aube'],['Grand Est'],COM,{10},{44}
5859d1d9-9a01-4949-9121-f0126c21493c,210900619,Commune de Les Bordes-sur-Arize (09),false,{09061},Commune,2026-03-24 14:41:53.095366+01,gold_establishments_2025,,,,21090061900011,2025,Collectivité Territoriale,Commune,['Ariège'],['Occitanie'],COM,{09},{76}
56cf4731-03cf-455e-87da-7d038552e765,212700967,Commune de Les Bottereaux (27),false,{27096},Commune,2026-03-24 14:41:56.495197+01,gold_establishments_2025,,,,21270096700012,2025,Collectivité Territoriale,Commune,['Eure'],['Normandie'],COM,{27},{28}
56cf98d4-f265-45a3-b11f-eabb75a8c795,213900681,Commune de Les Bouchoux (39),false,{39068},Commune,2026-03-24 14:41:59.705606+01,gold_establishments_2025,,,,21390068100015,2025,Collectivité Territoriale,Commune,['Jura'],['Bourgogne-Franche-Comté'],COM,{39},{27}
01ef5aa8-f9c1-4a47-a36b-5a8d455ec7e2,218500387,Commune de Les Brouzils (85),false,{85038},Commune,2026-03-24 14:42:10.508772+01,gold_establishments_2025,,,,21850038700012,2025,Collectivité Territoriale,Commune,['Vendée'],['Pays de la Loire'],COM,{85},{52}
047cfe02-193a-4450-88c3-661885a233b1,213500465,Commune de Les Brulais (35),false,{35046},Commune,2026-03-24 14:41:58.620411+01,gold_establishments_2025,,,,21350046500017,2025,Collectivité Territoriale,Commune,['Ille-et-Vilaine'],['Bretagne'],COM,{35},{53}
6a87794e-8cf3-45b4-b930-e279000ff461,211100540,Commune de Les Brunels (11),false,{11054},Commune,2026-03-24 14:41:53.63825+01,gold_establishments_2025,,,,21110054000015,2025,Collectivité Territoriale,Commune,['Aude'],['Occitanie'],COM,{11},{76}
86ce09a1-2b28-44ff-8556-bca010a11a1f,212500912,Commune de Les Bréseux (25),false,{25091},Commune,2026-03-24 14:41:56.495197+01,gold_establishments_2025,,,,21250091200010,2025,Collectivité Territoriale,Commune,['Doubs'],['Bourgogne-Franche-Comté'],COM,{25},{27}
2cc92611-05c2-4dca-9b67-3a9f36bdac9d,217801083,Commune de Les Bréviaires (78),false,{78108},Commune,2026-03-24 14:42:09.43682+01,gold_establishments_2025,,,,21780108300015,2025,Collectivité Territoriale,Commune,['Yvelines'],['Île-de-France'],COM,{78},{11}
501a0d81-1eaa-461c-9462-ecba11c1c50a,217000538,Commune de Les Bâties (70),false,{70053},Commune,2026-03-24 14:42:07.735343+01,gold_establishments_2025,,,,21700053800017,2025,Collectivité Territoriale,Commune,['Haute-Saône'],['Bourgogne-Franche-Comté'],COM,{70},{27}
a25588de-d08d-45c0-9481-3a8a9ff19f24,210900700,Commune de Les Cabannes (09),false,{09070},Commune,2026-03-24 14:41:53.095366+01,gold_establishments_2025,,,,21090070000019,2025,Collectivité Territoriale,Commune,['Ariège'],['Occitanie'],COM,{09},{76}
cdac339d-f2d1-4810-afa7-7032ffd572df,218100451,Commune de Les Cabannes (81),false,{81045},Commune,2026-03-24 14:42:09.967209+01,gold_establishments_2025,,,,21810045100010,2025,Collectivité Territoriale,Commune,['Tarn'],['Occitanie'],COM,{81},{76}
3338202a-e6a5-4f50-8cc6-5610ca36fbc2,218100550,Commune de Les Cammazes (81),false,{81055},Commune,2026-03-24 14:42:09.967209+01,gold_establishments_2025,,,,21810055000019,2025,Collectivité Territoriale,Commune,['Tarn'],['Occitanie'],COM,{81},{76}
bc14ae51-0210-4acb-b051-debaba976ba7,218702900,Commune de Les Cars (87),false,{87029},Commune,2026-03-24 14:42:11.118516+01,gold_establishments_2025,,,,21870290000018,2025,Collectivité Territoriale,Commune,['Haute-Vienne'],['Nouvelle-Aquitaine'],COM,{87},{75}
f34b360a-2009-4c3d-a831-65297b13ebf6,211100748,Commune de Les Cassés (11),false,{11074},Commune,2026-03-24 14:41:53.63825+01,gold_establishments_2025,,,,21110074800014,2025,Collectivité Territoriale,Commune,['Aude'],['Occitanie'],COM,{11},{76}
1bbb786e-84f6-44ff-8aad-3d5d0767c1e7,217601681,Commune de Les Cent-Acres (76),false,{76168},Commune,2026-03-24 14:42:08.818969+01,gold_establishments_2025,,,,21760168100018,2025,Collectivité Territoriale,Commune,['Seine-Maritime'],['Normandie'],COM,{76},{28}
9f6b3a7e-57d1-492f-a40c-5a80cc0225ec,214900581,Commune de Les Cerqueux (49),false,{49058},Commune,2026-03-24 14:42:01.412377+01,gold_establishments_2025,,,,21490058100015,2025,Collectivité Territoriale,Commune,['Maine-et-Loire'],['Pays de la Loire'],COM,{49},{52}
5a9e0ca4-67c6-45d4-bb03-8bcb5d7dc52c,213900913,Commune de Les Chalesmes (39),false,{39091},Commune,2026-03-24 14:41:59.705606+01,gold_establishments_2025,,,,21390091300012,2025,Collectivité Territoriale,Commune,['Jura'],['Bourgogne-Franche-Comté'],COM,{39},{27}
648096fc-c446-4318-9ab7-ee9eb43f2c18,216100867,Commune de Les Champeaux (61),false,{61086},Commune,2026-03-24 14:42:04.814328+01,gold_establishments_2025,,,,21610086700011,2025,Collectivité Territoriale,Commune,['Orne'],['Normandie'],COM,{61},{28}
64bd04f0-9bed-4519-995b-2fa84c8affdb,212200356,Commune de Les Champs-Géraux (22),false,{22035},Commune,2026-03-24 14:41:55.433389+01,gold_establishments_2025,,,,21220035600013,2025,Collectivité Territoriale,Commune,"[""Côtes-d'Armor""]",['Bretagne'],COM,{22},{53}
45554cd4-494c-473e-a279-82db0350c2b0,217300771,Commune de Les Chapelles (73),false,{73077},Commune,2026-03-24 14:42:08.279287+01,gold_establishments_2025,,,,21730077100011,2025,Collectivité Territoriale,Commune,['Savoie'],['Auvergne-Rhône-Alpes'],COM,{73},{84}
b49e83a0-8b32-47e6-a1fb-bf4040ab92ea,217700913,Commune de Les Chapelles-Bourbon (77),false,{77091},Commune,2026-03-24 14:42:08.818969+01,gold_establishments_2025,,,,21770091300015,2025,Collectivité Territoriale,Commune,['Seine-et-Marne'],['Île-de-France'],COM,{77},{11}
8c06be99-65ba-449a-8f44-532ca80c7e3c,215101221,Commune de Les Charmontois (51),false,{51132},Commune,2026-03-24 14:42:01.954481+01,gold_establishments_2025,,,,21510122100012,2025,Collectivité Territoriale,Commune,['Marne'],['Grand Est'],COM,{51},{44}
7df2edd6-e1fa-405e-b93f-20aa460d89f6,217300839,Commune de Les Chavannes-en-Maurienne (73),false,{73083},Commune,2026-03-24 14:42:08.279287+01,gold_establishments_2025,,,,21730083900016,2025,Collectivité Territoriale,Commune,['Savoie'],['Auvergne-Rhône-Alpes'],COM,{73},{84}
90ffa8a6-c0c1-4662-ac22-69a7e9459376,214500969,Commune de Les Choux (45),false,{45096},Commune,2026-03-24 14:42:00.862623+01,gold_establishments_2025,,,,21450096900016,2025,Collectivité Territoriale,Commune,['Loiret'],['Centre-Val de Loire'],COM,{45},{24}
1a7ecc8e-b283-46cf-8447-37455c4ed04d,212800908,Commune de Les Châtelets (28),false,{28090},Commune,2026-03-24 14:41:57.028721+01,gold_establishments_2025,,,,21280090800015,2025,Collectivité Territoriale,Commune,['Eure-et-Loir'],['Centre-Val de Loire'],COM,{28},{24}
fdef57ef-f715-4279-8b09-46fcec139085,200084481,Commune de Les Châteliers (79),false,{79105},Commune,2026-03-24 14:42:09.43682+01,gold_establishments_2025,,,,20008448100015,2025,Collectivité Territoriale,Commune,['Deux-Sèvres'],['Nouvelle-Aquitaine'],COM,{79},{75}
32114be9-e1d8-404d-833a-5ed5b4a498a6,212800916,Commune de Les Châtelliers-Notre-Dame (28),false,{28091},Commune,2026-03-24 14:41:57.028721+01,gold_establishments_2025,,,,21280091600018,2025,Collectivité Territoriale,Commune,['Eure-et-Loir'],['Centre-Val de Loire'],COM,{28},{24}
60980e30-c146-4ff1-a6ed-3b231771c986,216900555,Commune de Les Chères (69),false,{69055},Commune,2026-03-24 14:42:07.195692+01,gold_establishments_2025,,,,21690055500014,2025,Collectivité Territoriale,Commune,['Rhône'],['Auvergne-Rhône-Alpes'],COM,{69},{84}
c876a81c-f01f-4e80-8a14-3a0212e3034b,217801653,Commune de Les Clayes-sous-Bois (78),false,{78165},Commune,2026-03-24 14:42:09.43682+01,gold_establishments_2025,,,,21780165300015,2025,Collectivité Territoriale,Commune,['Yvelines'],['Île-de-France'],COM,{78},{11}
85c9bac5-0f8d-4694-b06d-021333962a6e,217400795,Commune de Les Clefs (74),false,{74079},Commune,2026-03-24 14:42:08.279287+01,gold_establishments_2025,,,,21740079500019,2025,Collectivité Territoriale,Commune,['Haute-Savoie'],['Auvergne-Rhône-Alpes'],COM,{74},{84}
0cb61603-c124-4c4e-92ec-5615d358c635,216600635,Commune de Les Cluses (66),false,{66063},Commune,2026-03-24 14:42:06.665412+01,gold_establishments_2025,,,,21660063500017,2025,Collectivité Territoriale,Commune,['Pyrénées-Orientales'],['Occitanie'],COM,{66},{76}
b055819b-406b-4b03-ac32-a54f0504999d,218901114,Commune de Les Clérimois (89),false,{89111},Commune,2026-03-24 14:42:11.118516+01,gold_establishments_2025,,,,21890111400015,2025,Collectivité Territoriale,Commune,['Yonne'],['Bourgogne-Franche-Comté'],COM,{89},{27}
e713d707-8b7a-4dd6-8de4-927fad094b25,212501605,Commune de Les Combes (25),false,{25160},Commune,2026-03-24 14:41:56.495197+01,gold_establishments_2025,,,,21250160500019,2025,Collectivité Territoriale,Commune,['Doubs'],['Bourgogne-Franche-Comté'],COM,{25},{27}
a815e040-29b3-461b-b07c-0eb18a7f8725,217400852,Commune de Les Contamines-Montjoie (74),false,{74085},Commune,2026-03-24 14:42:08.279287+01,gold_establishments_2025,,,,21740085200018,2025,Collectivité Territoriale,Commune,['Haute-Savoie'],['Auvergne-Rhône-Alpes'],COM,{74},{84}
8ab607fa-2a10-4b85-95fc-ac2b15c97b00,212801096,Commune de Les Corvées-les-Yys (28),false,{28109},Commune,2026-03-24 14:41:57.028721+01,gold_establishments_2025,,,,21280109600018,2025,Collectivité Territoriale,Commune,['Eure-et-Loir'],['Centre-Val de Loire'],COM,{28},{24}
8c22f90c-4481-4dca-9ba8-9fc818e0c268,211200787,Commune de Les Costes-Gozon (12),false,{12078},Commune,2026-03-24 14:41:53.63825+01,gold_establishments_2025,,,,21120078700011,2025,Collectivité Territoriale,Commune,['Aveyron'],['Occitanie'],COM,{12},{76}
e07c68cb-99dc-4cfe-ae2a-d99e09b9a005,200065126,Commune de Les Coteaux Périgourdins (24),false,{24117},Commune,2026-03-24 14:41:55.958138+01,gold_establishments_2025,,,,20006512600019,2025,Collectivité Territoriale,Commune,['Dordogne'],['Nouvelle-Aquitaine'],COM,{24},{75}
d3fbfc40-abde-4748-b746-73f79ca839e7,215001520,Commune de Les Cresnays (50),false,{50152},Commune,2026-03-24 14:42:01.412377+01,gold_establishments_2025,,,,21500152000018,2025,Collectivité Territoriale,Commune,['Manche'],['Normandie'],COM,{50},{28}
a139032f-a140-44cc-a25c-bc32e87f1736,213901846,Commune de Les Crozets (39),false,{39184},Commune,2026-03-24 14:41:59.705606+01,gold_establishments_2025,,,,21390184600013,2025,Collectivité Territoriale,Commune,['Jura'],['Bourgogne-Franche-Comté'],COM,{39},{27}
2d7f56a7-3c17-45cd-b883-6b19b5d34bc1,211001128,Commune de Les Croûtes (10),false,{10118},Commune,2026-03-24 14:41:53.095366+01,gold_establishments_2025,,,,21100112800019,2025,Collectivité Territoriale,Commune,['Aube'],['Grand Est'],COM,{10},{44}
1c27d334-7b73-4992-b7a2-fed95dd632bd,213801319,Commune de Les Côtes-d'Arey (38),false,{38131},Commune,2026-03-24 14:41:59.160244+01,gold_establishments_2025,,,,21380131900012,2025,Collectivité Territoriale,Commune,['Isère'],['Auvergne-Rhône-Alpes'],COM,{38},{84}
5a5de9a6-e91b-44d0-8cde-2a3b5d927f57,213801327,Commune de Les Côtes-de-Corps (38),false,{38132},Commune,2026-03-24 14:41:59.160244+01,gold_establishments_2025,,,,21380132700015,2025,Collectivité Territoriale,Commune,['Isère'],['Auvergne-Rhône-Alpes'],COM,{38},{84}
b7af201e-6e28-4d93-8366-632bf5ab4d00,212701965,Commune de Les Damps (27),false,{27196},Commune,2026-03-24 14:41:57.028721+01,gold_establishments_2025,,,,21270196500015,2025,Collectivité Territoriale,Commune,['Eure'],['Normandie'],COM,{27},{28}
ce2afe81-b35e-44e9-82ec-08380f70176e,200064434,Commune de Les Deux Alpes (38),false,{38253},Commune,2026-03-24 14:41:59.160244+01,gold_establishments_2025,,,,20006443400018,2025,Collectivité Territoriale,Commune,['Isère'],['Auvergne-Rhône-Alpes'],COM,{38},{84}
22f6db5e-0ba4-4856-b6ec-6c9795d633cf,213901960,Commune de Les Deux-Fays (39),false,{39196},Commune,2026-03-24 14:41:59.705606+01,gold_establishments_2025,,,,21390196000012,2025,Collectivité Territoriale,Commune,['Jura'],['Bourgogne-Franche-Comté'],COM,{39},{27}
59f85afa-38dc-4497-b20c-94912f38b8f8,216301093,Commune de Les Deux-Rives (63),false,{63109},Commune,2026-03-24 14:42:06.130387+01,gold_establishments_2025,,,,21630109300011,2025,Collectivité Territoriale,Commune,['Puy-de-Dôme'],['Auvergne-Rhône-Alpes'],COM,{63},{84}
889f0004-1cfd-4bf9-8628-9ca6c0cdb198,210801247,Commune de Les Deux-Villes (08),false,{08138},Commune,2026-03-24 14:41:52.562531+01,gold_establishments_2025,,,,21080124700011,2025,Collectivité Territoriale,Commune,['Ardennes'],['Grand Est'],COM,{08},{44}
05de8956-bd94-4f9e-816b-99f9562f42c7,217300987,Commune de Les Déserts (73),false,{73098},Commune,2026-03-24 14:42:08.279287+01,gold_establishments_2025,,,,21730098700013,2025,Collectivité Territoriale,Commune,['Savoie'],['Auvergne-Rhône-Alpes'],COM,{73},{84}
533d8476-65f2-4cbc-ab6f-541c9d521749,218500825,Commune de Les Epesses (85),false,{85082},Commune,2026-03-24 14:42:10.508772+01,gold_establishments_2025,,,,21850082500128,2025,Collectivité Territoriale,Commune,['Vendée'],['Pays de la Loire'],COM,{85},{52}
947553b7-1aa5-4cf3-ba23-95d151523a27,211601307,Commune de Les Essards (16),false,{16130},Commune,2026-03-24 14:41:54.362296+01,gold_establishments_2025,,,,21160130700013,2025,Collectivité Territoriale,Commune,['Charente'],['Nouvelle-Aquitaine'],COM,{16},{75}
7e5edbef-46f8-4082-b00d-ab409d666e0b,211701545,Commune de Les Essards (17),false,{17154},Commune,2026-03-24 14:41:54.903238+01,gold_establishments_2025,,,,21170154500017,2025,Collectivité Territoriale,Commune,['Charente-Maritime'],['Nouvelle-Aquitaine'],COM,{17},{75}
92e845ab-422c-40d4-bca7-7ad2c92b3b4e,213902117,Commune de Les Essards-Taignevaux (39),false,{39211},Commune,2026-03-24 14:41:59.705606+01,gold_establishments_2025,,,,21390211700034,2025,Collectivité Territoriale,Commune,['Jura'],['Bourgogne-Franche-Comté'],COM,{39},{27}
2c1037ef-f716-4e53-87ab-1f95a7fa3a11,214100794,Commune de Les Essarts (41),false,{41079},Commune,2026-03-24 14:42:00.273698+01,gold_establishments_2025,,,,21410079400012,2025,Collectivité Territoriale,Commune,['Loir-et-Cher'],['Centre-Val de Loire'],COM,{41},{24}
7792a6d4-0fb0-4e01-a12e-8112a13599fd,217802206,Commune de Les Essarts-le-Roi (78),false,{78220},Commune,2026-03-24 14:42:09.43682+01,gold_establishments_2025,,,,21780220600060,2025,Collectivité Territoriale,Commune,['Yvelines'],['Île-de-France'],COM,{78},{11}
b8804d18-e8c4-4c53-8efb-d56ad3764775,215102187,Commune de Les Essarts-le-Vicomte (51),false,{51236},Commune,2026-03-24 14:42:01.954481+01,gold_establishments_2025,,,,21510218700014,2025,Collectivité Territoriale,Commune,['Marne'],['Grand Est'],COM,{51},{44}
d944183c-9295-4e9e-9a45-8e273ce1f3b6,215102179,Commune de Les Essarts-lès-Sézanne (51),false,{51235},Commune,2026-03-24 14:42:01.954481+01,gold_establishments_2025,,,,21510217900011,2025,Collectivité Territoriale,Commune,['Marne'],['Grand Est'],COM,{51},{44}
8f9c8bb4-6716-46b1-96cc-496430844df1,213301583,Commune de Les Esseintes (33),false,{33158},Commune,2026-03-24 14:41:58.620411+01,gold_establishments_2025,,,,21330158300018,2025,Collectivité Territoriale,Commune,['Gironde'],['Nouvelle-Aquitaine'],COM,{33},{75}
11735735-c293-445f-b036-6eef5477181d,214300915,Commune de Les Estables (43),false,{43091},Commune,2026-03-24 14:42:00.273698+01,gold_establishments_2025,,,,21430091500011,2025,Collectivité Territoriale,Commune,['Haute-Loire'],['Auvergne-Rhône-Alpes'],COM,{43},{84}
da541da2-6386-48c5-a140-e544fd99a0cb,200083434,Commune de Les Eyzies (24),false,{24172},Commune,2026-03-24 14:41:55.958138+01,gold_establishments_2025,,,,20008343400015,2025,Collectivité Territoriale,Commune,['Dordogne'],['Nouvelle-Aquitaine'],COM,{24},{75}
357516b1-b09a-405c-b1ac-67e15bef3865,212401756,Commune de Les Farges (24),false,{24175},Commune,2026-03-24 14:41:55.958138+01,gold_establishments_2025,,,,21240175600011,2025,Collectivité Territoriale,Commune,['Dordogne'],['Nouvelle-Aquitaine'],COM,{24},{75}
67028ab2-576a-4b0c-aee4-54d4cc996f81,210600615,Commune de Les Ferres (06),false,{06061},Commune,2026-03-24 14:41:52.562531+01,gold_establishments_2025,,,,21060061500012,2025,Collectivité Territoriale,Commune,['Alpes-Maritimes'],"[""Provence-Alpes-Côte d'Azur""]",COM,{06},{93}
cf1e6531-eb46-4563-9f19-0e232d511cf6,217002336,Commune de Les Fessey (70),false,{70233},Commune,2026-03-24 14:42:07.735343+01,gold_establishments_2025,,,,21700233600014,2025,Collectivité Territoriale,Commune,['Haute-Saône'],['Bourgogne-Franche-Comté'],COM,{70},{27}
27e65ceb-82e2-4ba3-a248-3348c484d40f,212502405,Commune de Les Fins (25),false,{25240},Commune,2026-03-24 14:41:56.495197+01,gold_establishments_2025,,,,21250240500013,2025,Collectivité Territoriale,Commune,['Doubs'],['Bourgogne-Franche-Comté'],COM,{25},{27}
1465f0da-e91d-497c-b2f9-e6ac24be2c20,212502488,Commune de Les Fontenelles (25),false,{25248},Commune,2026-03-24 14:41:56.495197+01,gold_establishments_2025,,,,21250248800019,2025,Collectivité Territoriale,Commune,['Doubs'],['Bourgogne-Franche-Comté'],COM,{25},{27}
eb52bd73-69dd-4556-93e0-da0a2e5a811e,217901248,Commune de Les Forges (79),false,{79124},Commune,2026-03-24 14:42:09.43682+01,gold_establishments_2025,,,,21790124800013,2025,Collectivité Territoriale,Commune,['Deux-Sèvres'],['Nouvelle-Aquitaine'],COM,{79},{75}
508c43c3-c7a4-4f93-99ee-9332ab5d106f,218801785,Commune de Les Forges (88),false,{88178},Commune,2026-03-24 14:42:11.118516+01,gold_establishments_2025,,,,21880178500013,2025,Collectivité Territoriale,Commune,['Vosges'],['Grand Est'],COM,{88},{44}
ee3b0732-54e2-4bee-9118-5a3e612cf3ff,217901263,Commune de Les Fosses (79),false,{79126},Commune,2026-03-24 14:42:09.43682+01,gold_establishments_2025,,,,21790126300012,2025,Collectivité Territoriale,Commune,['Deux-Sèvres'],['Nouvelle-Aquitaine'],COM,{79},{75}
e086560a-0f10-452d-abd7-7699e9987cdc,215600602,Commune de Les Fougerêts (56),false,{56060},Commune,2026-03-24 14:42:03.701372+01,gold_establishments_2025,,,,21560060200019,2025,Collectivité Territoriale,Commune,['Morbihan'],['Bretagne'],COM,{56},{53}
11ad35fd-4b9e-4068-abf5-21c8f1163e28,212502546,Commune de Les Fourgs (25),false,{25254},Commune,2026-03-24 14:41:56.495197+01,gold_establishments_2025,,,,21250254600014,2025,Collectivité Territoriale,Commune,['Doubs'],['Bourgogne-Franche-Comté'],COM,{25},{27}
40d776e7-90e5-4d3b-90e1-800c19f71d7f,200064608,Commune de Les Garennes sur Loire (49),false,{49167},Commune,2026-03-24 14:42:01.412377+01,gold_establishments_2025,,,,20006460800017,2025,Collectivité Territoriale,Commune,['Maine-et-Loire'],['Pays de la Loire'],COM,{49},{52}
07294176-c102-4e9e-a17b-eb93a21ab406,216101873,Commune de Les Genettes (61),false,{61187},Commune,2026-03-24 14:42:05.597325+01,gold_establishments_2025,,,,21610187300018,2025,Collectivité Territoriale,Commune,['Orne'],['Normandie'],COM,{61},{28}
589f8b90-51c8-4932-8eda-643ed9048039,217401348,Commune de Les Gets (74),false,{74134},Commune,2026-03-24 14:42:08.279287+01,gold_establishments_2025,,,,21740134800016,2025,Collectivité Territoriale,Commune,['Haute-Savoie'],['Auvergne-Rhône-Alpes'],COM,{74},{84}
c884c04f-7783-4c5b-8cf1-83598b6e82c6,211701792,Commune de Les Gonds (17),false,{17179},Commune,2026-03-24 14:41:54.903238+01,gold_establishments_2025,,,,21170179200015,2025,Collectivité Territoriale,Commune,['Charente-Maritime'],['Nouvelle-Aquitaine'],COM,{17},{75}
c4e0577f-479c-40b0-9001-b42a99d3519c,212103030,Commune de Les Goulles (21),false,{21303},Commune,2026-03-24 14:41:55.433389+01,gold_establishments_2025,,,,21210303000012,2025,Collectivité Territoriale,Commune,"[""Côte-d'Or""]",['Bourgogne-Franche-Comté'],COM,{21},{27}
38e24294-270c-42ca-82f4-7f20e7f6ed87,211601554,Commune de Les Gours (16),false,{16155},Commune,2026-03-24 14:41:54.362296+01,gold_establishments_2025,,,,21160155400010,2025,Collectivité Territoriale,Commune,['Charente'],['Nouvelle-Aquitaine'],COM,{16},{75}
5530cdcc-b313-496b-b40e-e822fd0520a3,210800173,Commune de Les Grandes-Armoises (08),false,{08019},Commune,2026-03-24 14:41:52.562531+01,gold_establishments_2025,,,,21080017300010,2025,Collectivité Territoriale,Commune,['Ardennes'],['Grand Est'],COM,{08},{44}
049ea11f-56e9-4605-a8a4-cbce1199ad15,211001599,Commune de Les Grandes-Chapelles (10),false,{10166},Commune,2026-03-24 14:41:53.095366+01,gold_establishments_2025,,,,21100159900011,2025,Collectivité Territoriale,Commune,['Aube'],['Grand Est'],COM,{10},{44}
c23f95f0-443c-41f5-b6e0-a2d5ecc08139,215102591,Commune de Les Grandes-Loges (51),false,{51278},Commune,2026-03-24 14:42:01.954481+01,gold_establishments_2025,,,,21510259100017,2025,Collectivité Territoriale,Commune,['Marne'],['Grand Est'],COM,{51},{44}
f055b249-29ba-47f7-8ca5-bbfbf3c09166,217603216,Commune de Les Grandes-Ventes (76),false,{76321},Commune,2026-03-24 14:42:08.818969+01,gold_establishments_2025,,,,21760321600011,2025,Collectivité Territoriale,Commune,['Seine-Maritime'],['Normandie'],COM,{76},{28}
89fdd15e-f10c-491b-963b-e5c4b11fe947,218707404,Commune de Les Grands-Chézeaux (87),false,{87074},Commune,2026-03-24 14:42:11.118516+01,gold_establishments_2025,,,,21870740400016,2025,Collectivité Territoriale,Commune,['Haute-Vienne'],['Nouvelle-Aquitaine'],COM,{87},{75}
2fedec0b-4073-4ad1-bc05-f21ef0534d26,211001615,Commune de Les Granges (10),false,{10168},Commune,2026-03-24 14:41:53.095366+01,gold_establishments_2025,,,,21100161500015,2025,Collectivité Territoriale,Commune,['Aube'],['Grand Est'],COM,{10},{44}
5af701ca-d7b5-438c-8e6c-ec0960debde2,212601454,Commune de Les Granges-Gontardes (26),false,{26145},Commune,2026-03-24 14:41:56.495197+01,gold_establishments_2025,,,,21260145400011,2025,Collectivité Territoriale,Commune,['Drôme'],['Auvergne-Rhône-Alpes'],COM,{26},{84}
af5a349e-807b-4131-a7d6-07636fe74b0b,219102845,Commune de Les Granges-le-Roi (91),false,{91284},Commune,2026-03-24 14:42:11.659493+01,gold_establishments_2025,,,,21910284500019,2025,Collectivité Territoriale,Commune,['Essonne'],['Île-de-France'],COM,{91},{11}
6d3f0c5c-5e90-4e96-b254-7becbcc84a90,212502959,Commune de Les Grangettes (25),false,{25295},Commune,2026-03-24 14:41:56.495197+01,gold_establishments_2025,,,,21250295900019,2025,Collectivité Territoriale,Commune,['Doubs'],['Bourgogne-Franche-Comté'],COM,{25},{27}
bf20d42b-91bf-4817-899e-b7ccbabf460c,212502967,Commune de Les Gras (25),false,{25296},Commune,2026-03-24 14:41:56.495197+01,gold_establishments_2025,,,,21250296700012,2025,Collectivité Territoriale,Commune,['Doubs'],['Bourgogne-Franche-Comté'],COM,{25},{27}
75da5bf0-4185-460e-8d64-56a3a4c494aa,217901396,Commune de Les Groseillers (79),false,{79139},Commune,2026-03-24 14:42:09.43682+01,gold_establishments_2025,,,,21790139600010,2025,Collectivité Territoriale,Commune,['Deux-Sèvres'],['Nouvelle-Aquitaine'],COM,{79},{75}
41d118fb-48f8-4254-9be6-293aa7641970,217102292,Commune de Les Guerreaux (71),false,{71229},Commune,2026-03-24 14:42:07.735343+01,gold_establishments_2025,,,,21710229200018,2025,Collectivité Territoriale,Commune,['Saône-et-Loire'],['Bourgogne-Franche-Comté'],COM,{71},{27}
f6ac822a-1d4b-40e1-9625-31352557b170,216900977,Commune de Les Haies (69),false,{69097},Commune,2026-03-24 14:42:07.195692+01,gold_establishments_2025,,,,21690097700010,2025,Collectivité Territoriale,Commune,['Rhône'],['Auvergne-Rhône-Alpes'],COM,{69},{84}
5f36cd0a-ca50-44fc-aa20-f8bf6698e81d,216900985,Commune de Les Halles (69),false,{69098},Commune,2026-03-24 14:42:07.195692+01,gold_establishments_2025,,,,21690098500013,2025,Collectivité Territoriale,Commune,['Rhône'],['Auvergne-Rhône-Alpes'],COM,{69},{84}
727338ee-b37e-4d78-a6bd-149b12ea2b54,210802005,Commune de Les Hautes-Rivières (08),false,{08218},Commune,2026-03-24 14:41:52.562531+01,gold_establishments_2025,,,,21080200500012,2025,Collectivité Territoriale,Commune,['Ardennes'],['Grand Est'],COM,{08},{44}
0a72bcb5-0533-4739-9375-4ddf07acb639,200064111,Commune de Les Hauts de Forterre (89),false,{89405},Commune,2026-03-24 14:42:11.659493+01,gold_establishments_2025,,,,20006411100012,2025,Collectivité Territoriale,Commune,['Yonne'],['Bourgogne-Franche-Comté'],COM,{89},{27}
bd9a8ca3-5344-40af-afe9-706e240677de,200083483,Commune de Les Hauts-Talican (60),false,{},Commune,2026-03-24 14:42:04.814328+01,gold_establishments_2025,,,,20008348300061,2025,Collectivité Territoriale,Commune,['Oise'],['Hauts-de-France'],COM,{60},{32}
2e4b9aeb-b9b7-4095-bda1-0df203661b3b,200084903,Commune de Les Hauts-d'Anjou (49),false,{49080},Commune,2026-03-24 14:42:01.412377+01,gold_establishments_2025,,,,20008490300018,2025,Collectivité Territoriale,Commune,['Maine-et-Loire'],['Pays de la Loire'],COM,{49},{52}
fc0812e2-e1dd-4cdc-93c8-7634537134cd,200087369,Commune de Les Hauts-de-Caux (76),false,{76041},Commune,2026-03-24 14:42:08.818969+01,gold_establishments_2025,,,,20008736900019,2025,Collectivité Territoriale,Commune,['Seine-Maritime'],['Normandie'],COM,{76},{28}
cf997c8e-0e0c-424e-b5e5-e17323cae35c,215501230,Commune de Les Hauts-de-Chée (55),false,{55123},Commune,2026-03-24 14:42:02.957225+01,gold_establishments_2025,,,,21550123000019,2025,Collectivité Territoriale,Commune,['Meuse'],['Grand Est'],COM,{55},{44}
c286b24d-202d-4905-868b-ff04cf25fc0c,214101008,Commune de Les Hayes (41),false,{41100},Commune,2026-03-24 14:42:00.273698+01,gold_establishments_2025,,,,21410100800016,2025,Collectivité Territoriale,Commune,['Loir-et-Cher'],['Centre-Val de Loire'],COM,{41},{24}
4f865956-f731-40e7-847f-310c5454fb41,213902661,Commune de Les Hays (39),false,{39266},Commune,2026-03-24 14:41:59.705606+01,gold_establishments_2025,,,,21390266100015,2025,Collectivité Territoriale,Commune,['Jura'],['Bourgogne-Franche-Comté'],COM,{39},{27}
25cae04d-beb7-4f6d-966e-a494a3a64f07,218501096,Commune de Les Herbiers (85),false,{85109},Commune,2026-03-24 14:42:10.508772+01,gold_establishments_2025,,,,21850109600018,2025,Collectivité Territoriale,Commune,['Vendée'],['Pays de la Loire'],COM,{85},{52}
9fc78e76-1880-49c7-b2bb-289b82651497,214800732,Commune de Les Hermaux (48),false,{48073},Commune,2026-03-24 14:42:01.412377+01,gold_establishments_2025,,,,21480073200015,2025,Collectivité Territoriale,Commune,['Lozère'],['Occitanie'],COM,{48},{76}
25ac2dcc-b591-4fb9-843c-429505cd238e,213701162,Commune de Les Hermites (37),false,{37116},Commune,2026-03-24 14:41:59.160244+01,gold_establishments_2025,,,,21370116200017,2025,Collectivité Territoriale,Commune,['Indre-et-Loire'],['Centre-Val de Loire'],COM,{37},{24}
e08e7425-739d-4094-aa50-e86135312dc7,212703383,Commune de Les Hogues (27),false,{27338},Commune,2026-03-24 14:41:57.028721+01,gold_establishments_2025,,,,21270338300019,2025,Collectivité Territoriale,Commune,['Eure'],['Normandie'],COM,{27},{28}
0198eff8-0cc7-43f3-8ca2-e5ca6c371276,217401439,Commune de Les Houches (74),false,{74143},Commune,2026-03-24 14:42:08.279287+01,gold_establishments_2025,,,,21740143900013,2025,Collectivité Territoriale,Commune,['Haute-Savoie'],['Auvergne-Rhône-Alpes'],COM,{74},{84}
48e8d452-b5c4-4e93-96ca-f4be000a9143,212503072,Commune de Les Hôpitaux-Neufs (25),false,{25307},Commune,2026-03-24 14:41:56.495197+01,gold_establishments_2025,,,,21250307200010,2025,Collectivité Territoriale,Commune,['Doubs'],['Bourgogne-Franche-Comté'],COM,{25},{27}
702692bc-4e2f-4844-aa51-7b6314a08df0,212503080,Commune de Les Hôpitaux-Vieux (25),false,{25308},Commune,2026-03-24 14:41:56.495197+01,gold_establishments_2025,,,,21250308000013,2025,Collectivité Territoriale,Commune,['Doubs'],['Bourgogne-Franche-Comté'],COM,{25},{27}
d1dbe990-d230-4e1a-abbc-0032d7eaa13e,213501349,Commune de Les Iffs (35),false,{35134},Commune,2026-03-24 14:41:58.620411+01,gold_establishments_2025,,,,21350134900012,2025,Collectivité Territoriale,Commune,['Ille-et-Vilaine'],['Bretagne'],COM,{35},{53}
97e1507e-ea04-40ee-8339-4b2dca5b7d6e,217603711,Commune de Les Ifs (76),false,{76371},Commune,2026-03-24 14:42:08.818969+01,gold_establishments_2025,,,,21760371100011,2025,Collectivité Territoriale,Commune,['Seine-Maritime'],['Normandie'],COM,{76},{28}
c7e53687-167c-46c3-8a2a-31bb2873711f,211101746,Commune de Les Ilhes (11),false,{11174},Commune,2026-03-24 14:41:53.63825+01,gold_establishments_2025,,,,21110174600017,2025,Collectivité Territoriale,Commune,['Aude'],['Occitanie'],COM,{11},{76}
21500bab-ceac-4906-9503-e26a45e981b4,211403431,Commune de Les Isles-Bardel (14),false,{14343},Commune,2026-03-24 14:41:54.362296+01,gold_establishments_2025,,,,21140343100011,2025,Collectivité Territoriale,Commune,['Calvados'],['Normandie'],COM,{14},{28}
d6a04088-bf5c-449e-94a8-00942ebe4f45,215502535,Commune de Les Islettes (55),false,{55253},Commune,2026-03-24 14:42:02.957225+01,gold_establishments_2025,,,,21550253500010,2025,Collectivité Territoriale,Commune,['Meuse'],['Grand Est'],COM,{55},{44}
16f123d6-3f29-43df-879c-d6b8898f4205,210901450,Commune de Les Issards (09),false,{09145},Commune,2026-03-24 14:41:53.095366+01,gold_establishments_2025,,,,21090145000010,2025,Collectivité Territoriale,Commune,['Ariège'],['Occitanie'],COM,{09},{76}
c270bd64-a9a0-42ab-a335-e5e3993bda3a,215102815,Commune de Les Istres-et-Bury (51),false,{51302},Commune,2026-03-24 14:42:01.954481+01,gold_establishments_2025,,,,21510281500010,2025,Collectivité Territoriale,Commune,['Marne'],['Grand Est'],COM,{51},{44}
95fdb125-f5db-4efa-9675-730fb763981f,214601346,Commune de Les Junies (46),false,{46134},Commune,2026-03-24 14:42:00.862623+01,gold_establishments_2025,,,,21460134600015,2025,Collectivité Territoriale,Commune,['Lot'],['Occitanie'],COM,{46},{76}
21a93f9f-fb48-4206-900d-57ed1e26a342,218501195,Commune de Les Landes-Genusson (85),false,{85119},Commune,2026-03-24 14:42:10.508772+01,gold_establishments_2025,,,,21850119500018,2025,Collectivité Territoriale,Commune,['Vendée'],['Pays de la Loire'],COM,{85},{52}
1a3c6520-4c0e-42fd-ad15-b29115230879,214800831,Commune de Les Laubies (48),false,{48083},Commune,2026-03-24 14:42:01.412377+01,gold_establishments_2025,,,,21480083100015,2025,Collectivité Territoriale,Commune,['Lozère'],['Occitanie'],COM,{48},{76}
07836ac7-dd33-4374-832c-d4d0c7d0db8c,219300456,Commune de Les Lilas (93),false,{93045},Commune,2026-03-24 14:42:11.659493+01,gold_establishments_2025,,,,21930045600015,2025,Collectivité Territoriale,Commune,['Seine-Saint-Denis'],['Île-de-France'],COM,{93},{11}
54d96d03-d499-40c8-8e94-bf9c7ea81303,211403746,Commune de Les Loges (14),false,{14374},Commune,2026-03-24 14:41:54.362296+01,gold_establishments_2025,,,,21140374600012,2025,Collectivité Territoriale,Commune,['Calvados'],['Normandie'],COM,{14},{28}
e262bbc5-21b3-4363-aed3-10e0d5844e60,215202060,Commune de Les Loges (52),false,{52290},Commune,2026-03-24 14:42:01.954481+01,gold_establishments_2025,,,,21520206000012,2025,Collectivité Territoriale,Commune,['Haute-Marne'],['Grand Est'],COM,{52},{44}
bba485af-3079-4e4f-8b05-9feff1552a9d,217603901,Commune de Les Loges (76),false,{76390},Commune,2026-03-24 14:42:08.818969+01,gold_establishments_2025,,,,21760390100018,2025,Collectivité Territoriale,Commune,['Seine-Maritime'],['Normandie'],COM,{76},{28}
b3387e7d-ab55-48f2-a7e3-52c1e662f48a,215002742,Commune de Les Loges-Marchis (50),false,{50274},Commune,2026-03-24 14:42:01.412377+01,gold_establishments_2025,,,,21500274200017,2025,Collectivité Territoriale,Commune,['Manche'],['Normandie'],COM,{50},{28}
fe9efa00-1cb3-465c-b8a2-7b2d31aed33b,211001953,Commune de Les Loges-Margueron (10),false,{10202},Commune,2026-03-24 14:41:53.095366+01,gold_establishments_2025,,,,21100195300010,2025,Collectivité Territoriale,Commune,['Aube'],['Grand Est'],COM,{10},{44}
8ab97893-b421-4662-9569-8deea53e118f,211403753,Commune de Les Loges-Saulces (14),false,{14375},Commune,2026-03-24 14:41:54.362296+01,gold_establishments_2025,,,,21140375300018,2025,Collectivité Territoriale,Commune,['Calvados'],['Normandie'],COM,{14},{28}
e6a4b2d2-0536-46b3-a122-5e400c8e1a23,217803436,Commune de Les Loges-en-Josas (78),false,{78343},Commune,2026-03-24 14:42:09.43682+01,gold_establishments_2025,,,,21780343600013,2025,Collectivité Territoriale,Commune,['Yvelines'],['Île-de-France'],COM,{78},{11}
ca54e755-a7d0-4097-9c9f-ff0cb57d6074,215002759,Commune de Les Loges-sur-Brécey (50),false,{50275},Commune,2026-03-24 14:42:01.412377+01,gold_establishments_2025,,,,21500275900011,2025,Collectivité Territoriale,Commune,['Manche'],['Normandie'],COM,{50},{28}
f1b7a8ba-4bee-49c9-a075-692c334ed7ba,218501294,Commune de Les Lucs-sur-Boulogne (85),false,{85129},Commune,2026-03-24 14:42:10.508772+01,gold_establishments_2025,,,,21850129400019,2025,Collectivité Territoriale,Commune,['Vendée'],['Pays de la Loire'],COM,{85},{52}
bf8b68a1-db5c-45fb-8525-b2e2fa1f8e4c,212402341,Commune de Les Lèches (24),false,{24234},Commune,2026-03-24 14:41:55.958138+01,gold_establishments_2025,,,,21240234100011,2025,Collectivité Territoriale,Commune,['Dordogne'],['Nouvelle-Aquitaine'],COM,{24},{75}
c7a8116b-46a2-4990-bd18-f831e4aa2b23,213302425,Commune de Les Lèves-et-Thoumeyragues (33),false,{33242},Commune,2026-03-24 14:41:58.620411+01,gold_establishments_2025,,,,21330242500011,2025,Collectivité Territoriale,Commune,['Gironde'],['Nouvelle-Aquitaine'],COM,{33},{75}
29a329a2-f220-4940-85c6-96e76e1dbb6c,213001522,Commune de Les Mages (30),false,{30152},Commune,2026-03-24 14:41:57.56054+01,gold_establishments_2025,,,,21300152200019,2025,Collectivité Territoriale,Commune,['Gard'],['Occitanie'],COM,{30},{76}
ed21e303-8336-4b84-b557-03f50c05d2ad,218501310,Commune de Les Magnils-Reigniers (85),false,{85131},Commune,2026-03-24 14:42:10.508772+01,gold_establishments_2025,,,,21850131000013,2025,Collectivité Territoriale,Commune,['Vendée'],['Pays de la Loire'],COM,{85},{52}
b112b10b-f65b-4ed0-b766-cda6ddb2f431,217003177,Commune de Les Magny (70),false,{70317},Commune,2026-03-24 14:42:07.735343+01,gold_establishments_2025,,,,21700317700011,2025,Collectivité Territoriale,Commune,['Haute-Saône'],['Bourgogne-Franche-Comté'],COM,{70},{27}
778c7119-9edc-480e-8457-23d3aa856371,212103717,Commune de Les Maillys (21),false,{21371},Commune,2026-03-24 14:41:55.433389+01,gold_establishments_2025,,,,21210371700014,2025,Collectivité Territoriale,Commune,"[""Côte-d'Or""]",['Bourgogne-Franche-Comté'],COM,{21},{27}
425d9695-711c-4c2c-8ed2-965642cf4508,212312300,Commune de Les Mars (23),false,{23123},Commune,2026-03-24 14:41:55.958138+01,gold_establishments_2025,,,,21231230000016,2025,Collectivité Territoriale,Commune,['Creuse'],['Nouvelle-Aquitaine'],COM,{23},{75}
c1b8f37f-fe28-42ec-b1c2-2a6e76201128,216302133,Commune de Les Martres-d'Artière (63),false,{63213},Commune,2026-03-24 14:42:06.130387+01,gold_establishments_2025,,,,21630213300014,2025,Collectivité Territoriale,Commune,['Puy-de-Dôme'],['Auvergne-Rhône-Alpes'],COM,{63},{84}
e863968e-7bed-4d5e-ab27-c9ba9251c132,216302141,Commune de Les Martres-de-Veyre (63),false,{63214},Commune,2026-03-24 14:42:06.130387+01,gold_establishments_2025,,,,21630214100017,2025,Collectivité Territoriale,Commune,['Puy-de-Dôme'],['Auvergne-Rhône-Alpes'],COM,{63},{84}
b164e821-cb04-4c5a-810f-b36430a59afa,211102215,Commune de Les Martys (11),false,{11221},Commune,2026-03-24 14:41:53.63825+01,gold_establishments_2025,,,,21110221500012,2025,Collectivité Territoriale,Commune,['Aude'],['Occitanie'],COM,{11},{76}
4a1feae8-91c4-4965-931d-7d5bb9b03c90,217702752,Commune de Les Marêts (77),false,{77275},Commune,2026-03-24 14:42:09.43682+01,gold_establishments_2025,,,,21770275200015,2025,Collectivité Territoriale,Commune,['Seine-et-Marne'],['Île-de-France'],COM,{77},{11}
f7c2cb1b-0a4f-490c-b675-59cf11f3b11c,213401532,Commune de Les Matelles (34),false,{34153},Commune,2026-03-24 14:41:58.620411+01,gold_establishments_2025,,,,21340153200014,2025,Collectivité Territoriale,Commune,['Hérault'],['Occitanie'],COM,{34},{76}
11446412-910a-4e35-9b97-8095cdc9d4a6,211702253,Commune de Les Mathes (17),false,{17225},Commune,2026-03-24 14:41:54.903238+01,gold_establishments_2025,,,,21170225300017,2025,Collectivité Territoriale,Commune,['Charente-Maritime'],['Nouvelle-Aquitaine'],COM,{17},{75}
b89c6a78-106e-426f-8d7c-da0abb5ab1db,218300754,Commune de Les Mayons (83),false,{83075},Commune,2026-03-24 14:42:10.508772+01,gold_establishments_2025,,,,21830075400015,2025,Collectivité Territoriale,Commune,['Var'],"[""Provence-Alpes-Côte d'Azur""]",COM,{83},{93}
13438ab5-c82e-4e72-9900-ab9bfd9bd32e,210802567,Commune de Les Mazures (08),false,{08284},Commune,2026-03-24 14:41:53.095366+01,gold_establishments_2025,,,,21080256700011,2025,Collectivité Territoriale,Commune,['Ardennes'],['Grand Est'],COM,{08},{44}
aabec829-f517-488d-9707-e269d8261f5b,216102749,Commune de Les Menus (61),false,{61274},Commune,2026-03-24 14:42:05.597325+01,gold_establishments_2025,,,,21610274900019,2025,Collectivité Territoriale,Commune,['Orne'],['Normandie'],COM,{61},{28}
2a12f261-d4b3-4a2e-b707-3f4ec682e8f0,215103417,Commune de Les Mesneux (51),false,{51365},Commune,2026-03-24 14:42:01.954481+01,gold_establishments_2025,,,,21510341700014,2025,Collectivité Territoriale,Commune,['Marne'],['Grand Est'],COM,{51},{44}
b2530883-fda5-4326-a22b-144e23ebddd0,217803980,Commune de Les Mesnuls (78),false,{78398},Commune,2026-03-24 14:42:09.43682+01,gold_establishments_2025,,,,21780398000010,2025,Collectivité Territoriale,Commune,['Yvelines'],['Île-de-France'],COM,{78},{11}
086200fb-af80-4123-908a-24e78190d046,215003328,Commune de Les Moitiers-d'Allonne (50),false,{50332},Commune,2026-03-24 14:42:01.412377+01,gold_establishments_2025,,,,21500332800014,2025,Collectivité Territoriale,Commune,['Manche'],['Normandie'],COM,{50},{28}
596b5833-d0a4-4581-ae8d-1d02db94a396,219104114,Commune de Les Molières (91),false,{91411},Commune,2026-03-24 14:42:11.659493+01,gold_establishments_2025,,,,21910411400018,2025,Collectivité Territoriale,Commune,['Essonne'],['Île-de-France'],COM,{91},{11}
146f05fc-12bb-4231-bf31-fbc16896f660,217301597,Commune de Les Mollettes (73),false,{73159},Commune,2026-03-24 14:42:08.279287+01,gold_establishments_2025,,,,21730159700019,2025,Collectivité Territoriale,Commune,['Savoie'],['Auvergne-Rhône-Alpes'],COM,{73},{84}
46da838a-f304-4c24-9aed-bb998e112f89,211404355,Commune de Les Monceaux (14),false,{14435},Commune,2026-03-24 14:41:54.362296+01,gold_establishments_2025,,,,21140435500011,2025,Collectivité Territoriale,Commune,['Calvados'],['Normandie'],COM,{14},{28}
c0f7669f-6377-46e2-b636-1fe00a98e7fd,215503475,Commune de Les Monthairons (55),false,{55347},Commune,2026-03-24 14:42:03.701372+01,gold_establishments_2025,,,,21550347500018,2025,Collectivité Territoriale,Commune,['Meuse'],['Grand Est'],COM,{55},{44}
dde94a4d-dc1f-4854-87f4-38cb79ebf1c2,214101479,Commune de Les Montils (41),false,{41147},Commune,2026-03-24 14:42:00.273698+01,gold_establishments_2025,,,,21410147900019,2025,Collectivité Territoriale,Commune,['Loir-et-Cher'],['Centre-Val de Loire'],COM,{41},{24}
ef3c8770-ded7-4e65-a0d5-917cfc7e919a,200053692,Commune de Les Monts d'Andaine (61),false,{61463},Commune,2026-03-24 14:42:05.597325+01,gold_establishments_2025,,,,20005369200014,2025,Collectivité Territoriale,Commune,['Orne'],['Normandie'],COM,{61},{28}
7dfd6e09-07f6-4082-9cf2-86e043b85098,200066454,Commune de Les Monts d'Aunay (14),false,{14027},Commune,2026-03-24 14:41:53.63825+01,gold_establishments_2025,,,,20006645400014,2025,Collectivité Territoriale,Commune,['Calvados'],['Normandie'],COM,{14},{28}
f87494c4-83bc-44c3-8319-63ffbc10ee8f,200063931,Commune de Les Monts du Roumois (27),false,{27062},Commune,2026-03-24 14:41:56.495197+01,gold_establishments_2025,,,,20006393100014,2025,Collectivité Territoriale,Commune,['Eure'],['Normandie'],COM,{27},{28}
47432eee-0ee8-4d5c-a1b1-3005e294a504,200096915,Commune de Les Monts-Ronds (25),false,{25375},Commune,2026-03-24 14:41:56.495197+01,gold_establishments_2025,,,,20009691500018,2025,Collectivité Territoriale,Commune,['Doubs'],['Bourgogne-Franche-Comté'],COM,{25},{27}
df2553b5-ae21-42e6-88c7-a167f7ea4448,214800120,Commune de Les Monts-Verts (48),false,{48012},Commune,2026-03-24 14:42:01.412377+01,gold_establishments_2025,,,,21480012000013,2025,Collectivité Territoriale,Commune,['Lozère'],['Occitanie'],COM,{48},{76}
18b46e7e-ea1c-455a-bcc0-d69dc298010e,213903735,Commune de Les Moussières (39),false,{39373},Commune,2026-03-24 14:41:59.705606+01,gold_establishments_2025,,,,21390373500016,2025,Collectivité Territoriale,Commune,['Jura'],['Bourgogne-Franche-Comté'],COM,{39},{27}
50fb40fd-bef9-4298-b1e6-a5b1c263b0b8,211404579,Commune de Les Moutiers-en-Auge (14),false,{14457},Commune,2026-03-24 14:41:54.362296+01,gold_establishments_2025,,,,21140457900016,2025,Collectivité Territoriale,Commune,['Calvados'],['Normandie'],COM,{14},{28}
2308f216-1a9e-413c-848f-f9669668e563,211404587,Commune de Les Moutiers-en-Cinglais (14),false,{14458},Commune,2026-03-24 14:41:54.362296+01,gold_establishments_2025,,,,21140458700019,2025,Collectivité Territoriale,Commune,['Calvados'],['Normandie'],COM,{14},{28}
15c8a704-2e50-4033-857d-9b6deb22f7e2,214401069,Commune de Les Moutiers-en-Retz (44),false,{44106},Commune,2026-03-24 14:42:00.273698+01,gold_establishments_2025,,,,21440106900015,2025,Collectivité Territoriale,Commune,['Loire-Atlantique'],['Pays de la Loire'],COM,{44},{52}
b9a1ecc9-9768-49c3-b24c-aedc65fda604,210600870,Commune de Les Mujouls (06),false,{06087},Commune,2026-03-24 14:41:52.562531+01,gold_establishments_2025,,,,21060087000013,2025,Collectivité Territoriale,Commune,['Alpes-Maritimes'],"[""Provence-Alpes-Côte d'Azur""]",COM,{06},{93}
4dcb4fd3-04b0-487a-85fc-45ae9ee21fd9,217804400,Commune de Les Mureaux (78),false,{78440},Commune,2026-03-24 14:42:09.43682+01,gold_establishments_2025,,,,21780440000018,2025,Collectivité Territoriale,Commune,['Yvelines'],['Île-de-France'],COM,{78},{11}
d6464fe0-6cb1-4fba-8c43-391329cfffd5,210401162,Commune de Les Mées (04),false,{04116},Commune,2026-03-24 14:41:52.562531+01,gold_establishments_2025,,,,21040116200016,2025,Collectivité Territoriale,Commune,['Alpes-de-Haute-Provence'],"[""Provence-Alpes-Côte d'Azur""]",COM,{04},{93}
a1e1fc02-b03b-4583-a582-cd4d8d4d4c0f,217201920,Commune de Les Mées (72),false,{72192},Commune,2026-03-24 14:42:08.279287+01,gold_establishments_2025,,,,21720192000014,2025,Collectivité Territoriale,Commune,['Sarthe'],['Pays de la Loire'],COM,{72},{52}
bbf48e49-b4a6-498a-8dec-1b9048ae7f12,211602206,Commune de Les Métairies (16),false,{16220},Commune,2026-03-24 14:41:54.362296+01,gold_establishments_2025,,,,21160220600016,2025,Collectivité Territoriale,Commune,['Charente'],['Nouvelle-Aquitaine'],COM,{16},{75}
6c67f3b3-ae4d-4edb-9f0a-fe70be225237,213903818,Commune de Les Nans (39),false,{39381},Commune,2026-03-24 14:41:59.705606+01,gold_establishments_2025,,,,21390381800010,2025,Collectivité Territoriale,Commune,['Jura'],['Bourgogne-Franche-Comté'],COM,{39},{27}
33125537-f80d-4c67-911f-8a24f7c8e390,210102745,Commune de Les Neyrolles (01),false,{01274},Commune,2026-03-24 14:41:51.447482+01,gold_establishments_2025,,,,21010274500010,2025,Collectivité Territoriale,Commune,['Ain'],['Auvergne-Rhône-Alpes'],COM,{01},{84}
5d5c0139-ed24-44a1-a32f-aa364fcca685,211702667,Commune de Les Nouillers (17),false,{17266},Commune,2026-03-24 14:41:54.903238+01,gold_establishments_2025,,,,21170266700018,2025,Collectivité Territoriale,Commune,['Charente-Maritime'],['Nouvelle-Aquitaine'],COM,{17},{75}
2bf1465e-0622-4bb7-bfbe-570889e4eb0b,214201584,Commune de Les Noës (42),false,{42158},Commune,2026-03-24 14:42:00.273698+01,gold_establishments_2025,,,,21420158400015,2025,Collectivité Territoriale,Commune,['Loire'],['Auvergne-Rhône-Alpes'],COM,{42},{84}
5b6b1825-4f26-40c5-ba26-39f0287644da,211002571,Commune de Les Noës-près-Troyes (10),false,{10265},Commune,2026-03-24 14:41:53.095366+01,gold_establishments_2025,,,,21100257100019,2025,Collectivité Territoriale,Commune,['Aube'],['Grand Est'],COM,{10},{44}
24228ea6-c228-46bd-a7af-c35ed42b08e4,210701678,Commune de Les Ollières-sur-Eyrieux (07),false,{07167},Commune,2026-03-24 14:41:52.562531+01,gold_establishments_2025,,,,21070167800018,2025,Collectivité Territoriale,Commune,['Ardèche'],['Auvergne-Rhône-Alpes'],COM,{07},{84}
0b928486-1dfd-493e-a5c9-7a3f2ad43b02,210401402,Commune de Les Omergues (04),false,{04140},Commune,2026-03-24 14:41:52.562531+01,gold_establishments_2025,,,,21040140200016,2025,Collectivité Territoriale,Commune,['Alpes-de-Haute-Provence'],"[""Provence-Alpes-Côte d'Azur""]",COM,{04},{93}
a48377fe-c8d8-4540-afb9-6c2f42bd2d4f,218601839,Commune de Les Ormes (86),false,{86183},Commune,2026-03-24 14:42:10.508772+01,gold_establishments_2025,,,,21860183900010,2025,Collectivité Territoriale,Commune,['Vienne'],['Nouvelle-Aquitaine'],COM,{86},{75}
5b673dcd-78b4-4089-bdfa-d30199fc4982,218902815,Commune de Les Ormes (89),false,{89281},Commune,2026-03-24 14:42:11.659493+01,gold_establishments_2025,,,,21890281500016,2025,Collectivité Territoriale,Commune,['Yonne'],['Bourgogne-Franche-Comté'],COM,{89},{27}
7341af14-b035-4d60-9970-7ed9ac37ab05,217703479,Commune de Les Ormes-sur-Voulzie (77),false,{77347},Commune,2026-03-24 14:42:09.43682+01,gold_establishments_2025,,,,21770347900014,2025,Collectivité Territoriale,Commune,['Seine-et-Marne'],['Île-de-France'],COM,{77},{11}
3bee1420-e600-48d9-b5cb-05343b0696ac,210500989,Commune de Les Orres (05),false,{05098},Commune,2026-03-24 14:41:52.562531+01,gold_establishments_2025,,,,21050098900012,2025,Collectivité Territoriale,Commune,['Hautes-Alpes'],"[""Provence-Alpes-Côte d'Azur""]",COM,{05},{93}
dae8eb66-54cc-4680-9176-a8727b76fd9c,215504010,Commune de Les Paroches (55),false,{55401},Commune,2026-03-24 14:42:03.701372+01,gold_establishments_2025,,,,21550401000012,2025,Collectivité Territoriale,Commune,['Meuse'],['Grand Est'],COM,{55},{44}
2e5d2768-e724-4f2e-84f2-9775143b8b52,219300571,Commune de Les Pavillons-sous-Bois (93),false,{93057},Commune,2026-03-24 14:42:11.659493+01,gold_establishments_2025,,,,21930057100011,2025,Collectivité Territoriale,Commune,['Seine-Saint-Denis'],['Île-de-France'],COM,{93},{11}
d43cb740-b8bb-4573-bf91-568eebe391b3,200059988,Commune de Les Pechs du Vers (46),false,{46252},Commune,2026-03-24 14:42:00.862623+01,gold_establishments_2025,,,,20005998800010,2025,Collectivité Territoriale,Commune,['Lot'],['Occitanie'],COM,{46},{76}
3fb491f7-2d1c-41d4-9adf-7360f1e427a1,213303159,Commune de Les Peintures (33),false,{33315},Commune,2026-03-24 14:41:58.620411+01,gold_establishments_2025,,,,21330315900015,2025,Collectivité Territoriale,Commune,['Gironde'],['Nouvelle-Aquitaine'],COM,{33},{75}
e450eb43-f2ad-4eda-be91-31d4c0713906,211300710,Commune de Les Pennes-Mirabeau (13),false,{13071},Commune,2026-03-24 14:41:53.63825+01,gold_establishments_2025,,,,21130071000244,2025,Collectivité Territoriale,Commune,['Bouches-du-Rhône'],"[""Provence-Alpes-Côte d'Azur""]",COM,{13},{93}
3dd0dd2c-cafa-466f-9764-2ca9dac4b139,210800181,Commune de Les Petites-Armoises (08),false,{08020},Commune,2026-03-24 14:41:52.562531+01,gold_establishments_2025,,,,21080018100013,2025,Collectivité Territoriale,Commune,['Ardennes'],['Grand Est'],COM,{08},{44}
65e90bc9-61b1-4c9e-a7c1-80cc4e6fc2f2,215103953,Commune de Les Petites-Loges (51),false,{51428},Commune,2026-03-24 14:42:01.954481+01,gold_establishments_2025,,,,21510395300018,2025,Collectivité Territoriale,Commune,['Marne'],['Grand Est'],COM,{51},{44}
d6d7c18f-95e1-4d9d-a829-1bdb16e39b2b,215004029,Commune de Les Pieux (50),false,{50402},Commune,2026-03-24 14:42:01.412377+01,gold_establishments_2025,,,,21500402900017,2025,Collectivité Territoriale,Commune,['Manche'],['Normandie'],COM,{50},{28}
3cf94e4b-d1a7-49e8-be48-a0a3677a1b54,212602387,Commune de Les Pilles (26),false,{26238},Commune,2026-03-24 14:41:56.495197+01,gold_establishments_2025,,,,21260238700012,2025,Collectivité Territoriale,Commune,['Drôme'],['Auvergne-Rhône-Alpes'],COM,{26},{84}
3d8d7aee-b614-4719-881a-c27f4e205c4e,218501757,Commune de Les Pineaux (85),false,{85175},Commune,2026-03-24 14:42:10.508772+01,gold_establishments_2025,,,,21850175700015,2025,Collectivité Territoriale,Commune,['Vendée'],['Pays de la Loire'],COM,{85},{52}
abc681ee-a72f-402b-ba26-ed8e6e9db4a8,211602610,Commune de Les Pins (16),false,{16261},Commune,2026-03-24 14:41:54.362296+01,gold_establishments_2025,,,,21160261000019,2025,Collectivité Territoriale,Commune,['Charente'],['Nouvelle-Aquitaine'],COM,{16},{75}
b4efbe25-a8d0-4a45-8b5f-5f2bd836d9aa,212802995,Commune de Les Pinthières (28),false,{28299},Commune,2026-03-24 14:41:57.028721+01,gold_establishments_2025,,,,21280299500010,2025,Collectivité Territoriale,Commune,['Eure-et-Loir'],['Centre-Val de Loire'],COM,{28},{24}
47f0efd8-7fc2-4cad-94ee-e45bd90eed65,212704597,Commune de Les Places (27),false,{27459},Commune,2026-03-24 14:41:57.028721+01,gold_establishments_2025,,,,21270459700013,2025,Collectivité Territoriale,Commune,['Eure'],['Normandie'],COM,{27},{28}
1f36478f-6b10-4193-ae66-0736fa0ecb8d,212504583,Commune de Les Plains-et-Grands-Essarts (25),false,{25458},Commune,2026-03-24 14:41:56.495197+01,gold_establishments_2025,,,,21250458300015,2025,Collectivité Territoriale,Commune,['Doubs'],['Bourgogne-Franche-Comté'],COM,{25},{27}
8a7dc195-e7b7-48e7-b2d3-f49fbb275aa1,213904246,Commune de Les Planches-en-Montagne (39),false,{39424},Commune,2026-03-24 14:41:59.705606+01,gold_establishments_2025,,,,21390424600054,2025,Collectivité Territoriale,Commune,['Jura'],['Bourgogne-Franche-Comté'],COM,{39},{27}
26d573f7-904f-48f1-92da-dd7de05d3c72,213904253,Commune de Les Planches-près-Arbois (39),false,{39425},Commune,2026-03-24 14:41:59.705606+01,gold_establishments_2025,,,,21390425300019,2025,Collectivité Territoriale,Commune,['Jura'],['Bourgogne-Franche-Comté'],COM,{39},{27}
b3c53f3e-52ce-4565-ada7-db29d2d523ce,213001977,Commune de Les Plans (30),false,{30197},Commune,2026-03-24 14:41:57.56054+01,gold_establishments_2025,,,,21300197700015,2025,Collectivité Territoriale,Commune,['Gard'],['Occitanie'],COM,{30},{76}
fd5cbcbc-eeb6-4ede-85b3-c57cde7a54fa,213402050,Commune de Les Plans (34),false,{34205},Commune,2026-03-24 14:41:58.620411+01,gold_establishments_2025,,,,21340205000016,2025,Collectivité Territoriale,Commune,['Hérault'],['Occitanie'],COM,{34},{76}
2229baa4-e787-4181-9b5c-a34d21d52dcb,213001985,Commune de Les Plantiers (30),false,{30198},Commune,2026-03-24 14:41:57.56054+01,gold_establishments_2025,,,,21300198500018,2025,Collectivité Territoriale,Commune,['Gard'],['Occitanie'],COM,{30},{76}
676f6697-4fff-4427-969c-0d38a5170fc0,212504641,Commune de Les Pontets (25),false,{25464},Commune,2026-03-24 14:41:56.495197+01,gold_establishments_2025,,,,21250464100011,2025,Collectivité Territoriale,Commune,['Doubs'],['Bourgogne-Franche-Comté'],COM,{25},{27}
c093330d-b513-4734-9479-d788e2c373cd,214902462,Commune de Les Ponts-de-Cé (49),false,{49246},Commune,2026-03-24 14:42:01.412377+01,gold_establishments_2025,,,,21490246200016,2025,Collectivité Territoriale,Commune,['Maine-et-Loire'],['Pays de la Loire'],COM,{49},{52}
0b3124ae-c9c8-488c-ad26-2bebbe0725e5,200065621,Commune de Les Portes du Coglais (35),false,{35191},Commune,2026-03-24 14:41:58.620411+01,gold_establishments_2025,,,,20006562100019,2025,Collectivité Territoriale,Commune,['Ille-et-Vilaine'],['Bretagne'],COM,{35},{53}
47800d9c-a614-4622-9ca4-e9e4155eb461,211702865,Commune de Les Portes-en-Ré (17),false,{17286},Commune,2026-03-24 14:41:54.903238+01,gold_establishments_2025,,,,21170286500018,2025,Collectivité Territoriale,Commune,['Charente-Maritime'],['Nouvelle-Aquitaine'],COM,{17},{75}
520eb25f-3192-468f-bb88-cac6b6ab3021,218803567,Commune de Les Poulières (88),false,{88356},Commune,2026-03-24 14:42:11.118516+01,gold_establishments_2025,,,,21880356700013,2025,Collectivité Territoriale,Commune,['Vosges'],['Grand Est'],COM,{88},{44}
1e4a3441-901a-4c34-a8cb-bd03d92e8a4f,216302877,Commune de Les Pradeaux (63),false,{63287},Commune,2026-03-24 14:42:06.130387+01,gold_establishments_2025,,,,21630287700016,2025,Collectivité Territoriale,Commune,['Puy-de-Dôme'],['Auvergne-Rhône-Alpes'],COM,{63},{84}
47b8775f-6f1a-450a-a0b7-792a1fe0ba9a,200057156,Commune de Les Premiers Sapins (25),false,{25424},Commune,2026-03-24 14:41:56.495197+01,gold_establishments_2025,,,,20005715600172,2025,Collectivité Territoriale,Commune,['Doubs'],['Bourgogne-Franche-Comté'],COM,{25},{27}
19e361fd-3d11-4d3c-af27-6fd275793206,212704761,Commune de Les Préaux (27),false,{27476},Commune,2026-03-24 14:41:57.028721+01,gold_establishments_2025,,,,21270476100015,2025,Collectivité Territoriale,Commune,['Eure'],['Normandie'],COM,{27},{28}
b10e1a7b-509c-4442-b129-fc8627b245c4,212602551,Commune de Les Prés (26),false,{26255},Commune,2026-03-24 14:41:56.495197+01,gold_establishments_2025,,,,21260255100013,2025,Collectivité Territoriale,Commune,['Drôme'],['Auvergne-Rhône-Alpes'],COM,{26},{84}
54d893f9-918d-40d9-91bf-a8ec810c9407,210902383,Commune de Les Pujols (09),false,{09238},Commune,2026-03-24 14:41:53.095366+01,gold_establishments_2025,,,,21090238300012,2025,Collectivité Territoriale,Commune,['Ariège'],['Occitanie'],COM,{09},{76}
4b4766f9-339d-40d9-abdf-54d57639ecef,214902579,Commune de Les Rairies (49),false,{49257},Commune,2026-03-24 14:42:01.412377+01,gold_establishments_2025,,,,21490257900017,2025,Collectivité Territoriale,Commune,['Maine-et-Loire'],['Pays de la Loire'],COM,{49},{52}
4023d7c1-a4e2-4238-9e93-83a09e44e233,213904576,Commune de Les Repôts (39),false,{39457},Commune,2026-03-24 14:41:59.705606+01,gold_establishments_2025,,,,21390457600013,2025,Collectivité Territoriale,Commune,['Jura'],['Bourgogne-Franche-Comté'],COM,{39},{27}
9184f53f-b640-4a0b-93a6-304342e11721,212803142,Commune de Les Ressuintes (28),false,{28314},Commune,2026-03-24 14:41:57.028721+01,gold_establishments_2025,,,,21280314200018,2025,Collectivité Territoriale,Commune,['Eure-et-Loir'],['Centre-Val de Loire'],COM,{28},{24}
3473cc95-b766-4dda-88c2-d64ed7a3f752,211003074,Commune de Les Riceys (10),false,{10317},Commune,2026-03-24 14:41:53.095366+01,gold_establishments_2025,,,,21100307400013,2025,Collectivité Territoriale,Commune,['Aube'],['Grand Est'],COM,{10},{44}
b2a417a1-b619-4d77-9ec8-9efd4f0e3036,213402308,Commune de Les Rives (34),false,{34230},Commune,2026-03-24 14:41:58.620411+01,gold_establishments_2025,,,,21340230800018,2025,Collectivité Territoriale,Commune,['Hérault'],['Occitanie'],COM,{34},{76}
96e3fdb0-bae2-4a99-a8aa-1e7e4dc751c9,215104290,Commune de Les Rivières-Henruel (51),false,{51463},Commune,2026-03-24 14:42:01.954481+01,gold_establishments_2025,,,,21510429000014,2025,Collectivité Territoriale,Commune,['Marne'],['Grand Est'],COM,{51},{44}
6a231424-3c9e-472b-b4e4-a3e668b9c9b3,213803406,Commune de Les Roches-de-Condrieu (38),false,{38340},Commune,2026-03-24 14:41:59.160244+01,gold_establishments_2025,,,,21380340600015,2025,Collectivité Territoriale,Commune,['Isère'],['Auvergne-Rhône-Alpes'],COM,{38},{84}
23314930-fa8c-4c32-8dd4-47d32cf1c0a2,214101925,Commune de Les Roches-l'Évêque (41),false,{41192},Commune,2026-03-24 14:42:00.273698+01,gold_establishments_2025,,,,21410192500011,2025,Collectivité Territoriale,Commune,['Loir-et-Cher'],['Centre-Val de Loire'],COM,{41},{24}
73f0aea0-e0e2-49ce-bc5d-4a8d86f4d515,215504366,Commune de Les Roises (55),false,{55436},Commune,2026-03-24 14:42:03.701372+01,gold_establishments_2025,,,,21550436600018,2025,Collectivité Territoriale,Commune,['Meuse'],['Grand Est'],COM,{55},{44}
3b0169bc-e03a-4b90-92a5-565df23b74c4,218803989,Commune de Les Rouges-Eaux (88),false,{88398},Commune,2026-03-24 14:42:11.118516+01,gold_establishments_2025,,,,21880398900019,2025,Collectivité Territoriale,Commune,['Vosges'],['Grand Est'],COM,{88},{44}
4a6d4702-1390-4ba1-a8cd-f51f8cce809b,213904709,Commune de Les Rousses (39),false,{39470},Commune,2026-03-24 14:41:59.705606+01,gold_establishments_2025,,,,21390470900010,2025,Collectivité Territoriale,Commune,['Jura'],['Bourgogne-Franche-Comté'],COM,{39},{27}
dff1e85f-8a61-4c1c-8b0f-ee5f758d4c9b,215905175,Commune de Les Rues-des-Vignes (59),false,{59517},Commune,2026-03-24 14:42:04.814328+01,gold_establishments_2025,,,,21590517500018,2025,Collectivité Territoriale,Commune,['Nord'],['Hauts-de-France'],COM,{59},{32}
ca99ba7f-7f66-4e9e-b044-8e9b766670c0,200082139,Commune de Les Sables-d'Olonne (85),false,{85194},Commune,2026-03-24 14:42:10.508772+01,gold_establishments_2025,,,,20008213900011,2025,Collectivité Territoriale,Commune,['Vendée'],['Pays de la Loire'],COM,{85},{52}
b45978d5-045b-49d7-a69e-2360fac83d34,214801870,Commune de Les Salces (48),false,{48187},Commune,2026-03-24 14:42:01.412377+01,gold_establishments_2025,,,,21480187000012,2025,Collectivité Territoriale,Commune,['Lozère'],['Occitanie'],COM,{48},{76}
f3ae9527-259e-4d70-a3fb-8e6660c7fa09,210703054,Commune de Les Salelles (07),false,{07305},Commune,2026-03-24 14:41:52.562531+01,gold_establishments_2025,,,,21070305400010,2025,Collectivité Territoriale,Commune,['Ardèche'],['Auvergne-Rhône-Alpes'],COM,{07},{84}
68f065c1-d2b2-40ac-9935-be0e92c6c3d0,214801854,Commune de Les Salelles (48),false,{48185},Commune,2026-03-24 14:42:01.412377+01,gold_establishments_2025,,,,21480185400016,2025,Collectivité Territoriale,Commune,['Lozère'],['Occitanie'],COM,{48},{76}
66602999-1db5-45c1-a852-195d1cef3fce,214202954,Commune de Les Salles (42),false,{42295},Commune,2026-03-24 14:42:00.273698+01,gold_establishments_2025,,,,21420295400019,2025,Collectivité Territoriale,Commune,['Loire'],['Auvergne-Rhône-Alpes'],COM,{42},{84}
a6141cb9-2798-436f-bd17-726cd2ea98a3,218718906,Commune de Les Salles-Lavauguyon (87),false,{87189},Commune,2026-03-24 14:42:11.118516+01,gold_establishments_2025,,,,21871890600017,2025,Collectivité Territoriale,Commune,['Haute-Vienne'],['Nouvelle-Aquitaine'],COM,{87},{75}
8a460f90-5c8d-455c-8333-ea440cde4489,213304991,Commune de Les Salles-de-Castillon (33),false,{33499},Commune,2026-03-24 14:41:58.620411+01,gold_establishments_2025,,,,21330499100010,2025,Collectivité Territoriale,Commune,['Gironde'],['Nouvelle-Aquitaine'],COM,{33},{75}
b99d6654-e34f-4129-b22c-02f706fb873f,213003072,Commune de Les Salles-du-Gardon (30),false,{30307},Commune,2026-03-24 14:41:57.56054+01,gold_establishments_2025,,,,21300307200013,2025,Collectivité Territoriale,Commune,['Gard'],['Occitanie'],COM,{30},{76}
81291bb1-6b14-405a-aeee-50e0831bc4f7,218301224,Commune de Les Salles-sur-Verdon (83),false,{83122},Commune,2026-03-24 14:42:10.508772+01,gold_establishments_2025,,,,21830122400018,2025,Collectivité Territoriale,Commune,['Var'],"[""Provence-Alpes-Côte d'Azur""]",COM,{83},{93}
f6238937-58a0-4a80-b385-dd77a9a88f7e,216901744,Commune de Les Sauvages (69),false,{69174},Commune,2026-03-24 14:42:07.195692+01,gold_establishments_2025,,,,21690174400013,2025,Collectivité Territoriale,Commune,['Rhône'],['Auvergne-Rhône-Alpes'],COM,{69},{84}
dad77dd3-fe6a-454d-b478-a09ab1edf32a,200055606,Commune de Les Septvallons (02),false,{02439},Commune,2026-03-24 14:41:52.020251+01,gold_establishments_2025,,,,20005560600012,2025,Collectivité Territoriale,Commune,['Aisne'],['Hauts-de-France'],COM,{02},{32}
cee9be4b-12a9-4749-a82c-ce64a997ccb8,218903953,Commune de Les Sièges (89),false,{89395},Commune,2026-03-24 14:42:11.659493+01,gold_establishments_2025,,,,21890395300014,2025,Collectivité Territoriale,Commune,['Yonne'],['Bourgogne-Franche-Comté'],COM,{89},{27}
4d38f5ab-0a15-4639-acbf-2804391fd314,214401986,Commune de Les Sorinières (44),false,{44198},Commune,2026-03-24 14:42:00.862623+01,gold_establishments_2025,,,,21440198600010,2025,Collectivité Territoriale,Commune,['Loire-Atlantique'],['Pays de la Loire'],COM,{44},{52}
a4f18505-2d62-4beb-919b-0709374da199,215504978,Commune de Les Souhesmes-Rampont (55),false,{55497},Commune,2026-03-24 14:42:03.701372+01,gold_establishments_2025,,,,21550497800010,2025,Collectivité Territoriale,Commune,['Meuse'],['Grand Est'],COM,{55},{44}
37656db2-4571-4944-ad17-2b4fc29255f7,211502356,Commune de Les Ternes (15),false,{15235},Commune,2026-03-24 14:41:54.362296+01,gold_establishments_2025,,,,21150235600010,2025,Collectivité Territoriale,Commune,['Cantal'],['Auvergne-Rhône-Alpes'],COM,{15},{84}
e4cda03f-2412-4d6c-9633-55ea29329c5b,212501381,Commune de Les Terres-de-Chaux (25),false,{25138},Commune,2026-03-24 14:41:56.495197+01,gold_establishments_2025,,,,21250138100017,2025,Collectivité Territoriale,Commune,['Doubs'],['Bourgogne-Franche-Comté'],COM,{25},{27}
2d13e5ef-e853-4d8d-ad3a-e5261e811616,212706337,Commune de Les Thilliers-en-Vexin (27),false,{27633},Commune,2026-03-24 14:41:57.028721+01,gold_establishments_2025,,,,21270633700012,2025,Collectivité Territoriale,Commune,['Eure'],['Normandie'],COM,{27},{28}
fd3c71ec-1115-4a8b-9f73-781680c08dce,218804714,Commune de Les Thons (88),false,{88471},Commune,2026-03-24 14:42:11.118516+01,gold_establishments_2025,,,,21880471400010,2025,Collectivité Territoriale,Commune,['Vosges'],['Grand Est'],COM,{88},{44}
624208ce-6ff6-40a5-a672-81bf56a3900f,210402202,Commune de Les Thuiles (04),false,{04220},Commune,2026-03-24 14:41:52.562531+01,gold_establishments_2025,,,,21040220200019,2025,Collectivité Territoriale,Commune,['Alpes-de-Haute-Provence'],"[""Provence-Alpes-Côte d'Azur""]",COM,{04},{93}
2b6f57b0-ed0e-455d-b454-7bf475e6c007,212603518,Commune de Les Tonils (26),false,{26351},Commune,2026-03-24 14:41:56.495197+01,gold_establishments_2025,,,,21260351800011,2025,Collectivité Territoriale,Commune,['Drôme'],['Auvergne-Rhône-Alpes'],COM,{26},{84}
083af28d-66af-4b8e-8fd9-89d8727f0ab2,214402059,Commune de Les Touches (44),false,{44205},Commune,2026-03-24 14:42:00.862623+01,gold_establishments_2025,,,,21440205900114,2025,Collectivité Territoriale,Commune,['Loire-Atlantique'],['Pays de la Loire'],COM,{44},{52}
d3110bba-99dc-4ae3-8fc0-26f9d0ecfe83,211704515,Commune de Les Touches-de-Périgny (17),false,{17451},Commune,2026-03-24 14:41:54.903238+01,gold_establishments_2025,,,,21170451500017,2025,Collectivité Territoriale,Commune,['Charente-Maritime'],['Nouvelle-Aquitaine'],COM,{17},{75}
64545c97-a6c4-4660-9eba-8bc47720b421,213105562,Commune de Les Tourreilles (31),false,{31556},Commune,2026-03-24 14:41:58.09424+01,gold_establishments_2025,,,,21310556200010,2025,Collectivité Territoriale,Commune,['Haute-Garonne'],['Occitanie'],COM,{31},{76}
06c73f1e-54c5-4054-9ae7-597c636e50c9,212603534,Commune de Les Tourrettes (26),false,{26353},Commune,2026-03-24 14:41:56.495197+01,gold_establishments_2025,,,,21260353400018,2025,Collectivité Territoriale,Commune,['Drôme'],['Auvergne-Rhône-Alpes'],COM,{26},{84}
452cbb0d-7557-488e-8f47-dd4a243c0ad1,200063782,Commune de Les Trois Lacs (27),false,{27676},Commune,2026-03-24 14:41:57.028721+01,gold_establishments_2025,,,,20006378200029,2025,Collectivité Territoriale,Commune,['Eure'],['Normandie'],COM,{27},{28}
256845c1-4bef-4341-90ef-a12aab26972e,219740230,Commune de Les Trois-Bassins (974),false,{97423},Commune,2026-03-24 14:42:11.659493+01,gold_establishments_2025,,,,21974023000012,2025,Collectivité Territoriale,Commune,['La Réunion'],['La Réunion'],COM,{974},{04}
27f1b568-2df0-4f35-a64a-a404dd81feba,200085975,Commune de Les Trois-Châteaux (39),false,{39378},Commune,2026-03-24 14:41:59.705606+01,gold_establishments_2025,,,,20008597500015,2025,Collectivité Territoriale,Commune,['Jura'],['Bourgogne-Franche-Comté'],COM,{39},{27}
6cb46b18-fbd1-48d9-86fc-8defd5139b89,215502543,Commune de Les Trois-Domaines (55),false,{55254},Commune,2026-03-24 14:42:02.957225+01,gold_establishments_2025,,,,21550254300014,2025,Collectivité Territoriale,Commune,['Meuse'],['Grand Est'],COM,{55},{44}
7d7710e9-cb13-45bc-8b38-f4e6fc9c04bd,218602746,Commune de Les Trois-Moutiers (86),false,{86274},Commune,2026-03-24 14:42:11.118516+01,gold_establishments_2025,,,,21860274600016,2025,Collectivité Territoriale,Commune,['Vienne'],['Nouvelle-Aquitaine'],COM,{86},{75}
9bd313d0-0f55-4376-94dd-a0dd7c9f3bba,217607142,Commune de Les Trois-Pierres (76),false,{76714},Commune,2026-03-24 14:42:08.818969+01,gold_establishments_2025,,,,21760714200015,2025,Collectivité Territoriale,Commune,['Seine-Maritime'],['Normandie'],COM,{76},{28}
dca6426a-097a-4e39-bf03-c713bf1cb15b,211924808,Commune de Les Trois-Saints (19),false,{19248},Commune,2026-03-24 14:41:55.433389+01,gold_establishments_2025,,,,21192480800010,2025,Collectivité Territoriale,Commune,['Corrèze'],['Nouvelle-Aquitaine'],COM,{19},{75}
cf055d5b-35b6-4bb6-b8d2-753a2944cb92,219722311,Commune de Les Trois-Îlets (972),false,{97231},Commune,2026-03-24 14:42:11.659493+01,gold_establishments_2025,,,,21972231100012,2025,Collectivité Territoriale,Commune,['Martinique'],['Martinique'],COM,{972},{02}
a25a8361-9b41-42d3-bdbf-53851dbb8c2b,219106929,Commune de Les Ulis (91),false,{91692},Commune,2026-03-24 14:42:11.659493+01,gold_establishments_2025,,,,21910692900017,2025,Collectivité Territoriale,Commune,['Essonne'],['Île-de-France'],COM,{91},{11}
b8600e4b-b208-471b-bd4c-2dad76fa8f76,214903593,Commune de Les Ulmes (49),false,{49359},Commune,2026-03-24 14:42:01.412377+01,gold_establishments_2025,,,,21490359300017,2025,Collectivité Territoriale,Commune,['Maine-et-Loire'],['Pays de la Loire'],COM,{49},{52}
52d4fa12-67d3-46f3-af29-d2b8b6e4fd03,218804912,Commune de Les Vallois (88),false,{88491},Commune,2026-03-24 14:42:11.118516+01,gold_establishments_2025,,,,21880491200010,2025,Collectivité Territoriale,Commune,['Vosges'],['Grand Est'],COM,{88},{44}
bb7877b3-fdb1-4391-b6d5-45c0ede14c87,200059624,Commune de Les Vallées de la Vanne (89),false,{89411},Commune,2026-03-24 14:42:11.659493+01,gold_establishments_2025,,,,20005962400011,2025,Collectivité Territoriale,Commune,['Yonne'],['Bourgogne-Franche-Comté'],COM,{89},{27}
702a22e9-7821-4b3b-bcc1-407fbeaa1e11,210703344,Commune de Les Vans (07),false,{07334},Commune,2026-03-24 14:41:52.562531+01,gold_establishments_2025,,,,21070334400015,2025,Collectivité Territoriale,Commune,['Ardèche'],['Auvergne-Rhône-Alpes'],COM,{07},{84}
9a3c3811-0479-4bf8-ad4f-f92b9a2d02d8,214302531,Commune de Les Vastres (43),false,{43253},Commune,2026-03-24 14:42:00.273698+01,gold_establishments_2025,,,,21430253100014,2025,Collectivité Territoriale,Commune,['Haute-Loire'],['Auvergne-Rhône-Alpes'],COM,{43},{84}
06a8ca0f-3e2b-44bb-9679-437e03271006,200082147,Commune de Les Velluire-sur-Vendée (85),false,{85177},Commune,2026-03-24 14:42:10.508772+01,gold_establishments_2025,,,,20008214700014,2025,Collectivité Territoriale,Commune,['Vendée'],['Pays de la Loire'],COM,{85},{52}
492b5257-2d9e-4104-9463-418e9ce805cf,212706782,Commune de Les Ventes (27),false,{27678},Commune,2026-03-24 14:41:57.028721+01,gold_establishments_2025,,,,21270678200019,2025,Collectivité Territoriale,Commune,['Eure'],['Normandie'],COM,{27},{28}
a6f4d709-c206-4853-8c5f-d301965f85e6,216104992,Commune de Les Ventes-de-Bourse (61),false,{61499},Commune,2026-03-24 14:42:05.597325+01,gold_establishments_2025,,,,21610499200013,2025,Collectivité Territoriale,Commune,['Orne'],['Normandie'],COM,{61},{28}
49ffebb0-5f28-4449-b78e-37eff105c209,210501805,Commune de Les Vigneaux (05),false,{05180},Commune,2026-03-24 14:41:52.562531+01,gold_establishments_2025,,,,21050180500019,2025,Collectivité Territoriale,Commune,['Hautes-Alpes'],"[""Provence-Alpes-Côte d'Azur""]",COM,{05},{93}
febafeca-f7b8-41fc-b30e-4470db1d1ea0,200054179,Commune de Les Villages Vovéens (28),false,{28422},Commune,2026-03-24 14:41:57.028721+01,gold_establishments_2025,,,,20005417900011,2025,Collectivité Territoriale,Commune,['Eure-et-Loir'],['Centre-Val de Loire'],COM,{28},{24}
c2891700-b632-4b9e-a51c-ad627130965b,217403021,Commune de Les Villards-sur-Thônes (74),false,{74302},Commune,2026-03-24 14:42:08.818969+01,gold_establishments_2025,,,,21740302100017,2025,Collectivité Territoriale,Commune,['Haute-Savoie'],['Auvergne-Rhône-Alpes'],COM,{74},{84}
1bae74cb-7800-482e-90b7-7ef118019201,212506190,Commune de Les Villedieu (25),false,{25619},Commune,2026-03-24 14:41:56.495197+01,gold_establishments_2025,,,,21250619000017,2025,Collectivité Territoriale,Commune,['Doubs'],['Bourgogne-Franche-Comté'],COM,{25},{27}
33cc4158-44d2-427b-9194-89264b3b6db4,214302655,Commune de Les Villettes (43),false,{43265},Commune,2026-03-24 14:42:00.273698+01,gold_establishments_2025,,,,21430265500011,2025,Collectivité Territoriale,Commune,['Haute-Loire'],['Auvergne-Rhône-Alpes'],COM,{43},{84}
9d8facb2-9ef9-48d6-92ba-ec50842b7876,218805208,Commune de Les Voivres (88),false,{88520},Commune,2026-03-24 14:42:11.118516+01,gold_establishments_2025,,,,21880520800012,2025,Collectivité Territoriale,Commune,['Vosges'],['Grand Est'],COM,{88},{44}
aa91095a-03f7-425d-904c-33ff5869297b,216105122,Commune de Les Yveteaux (61),false,{61512},Commune,2026-03-24 14:42:05.597325+01,gold_establishments_2025,,,,21610512200016,2025,Collectivité Territoriale,Commune,['Orne'],['Normandie'],COM,{61},{28}
1c4a814d-f730-4b6c-bc6e-ad87e9ed04af,217301050,Commune de Les Échelles (73),false,{73105},Commune,2026-03-24 14:42:08.279287+01,gold_establishments_2025,,,,21730105000019,2025,Collectivité Territoriale,Commune,['Savoie'],['Auvergne-Rhône-Alpes'],COM,{73},{84}
e737bd6f-a062-4373-8365-a54587e80b43,212502132,Commune de Les Écorces (25),false,{25213},Commune,2026-03-24 14:41:56.495197+01,gold_establishments_2025,,,,21250213200013,2025,Collectivité Territoriale,Commune,['Doubs'],['Bourgogne-Franche-Comté'],COM,{25},{27}
1567c264-c396-4777-900a-c46d5c02596f,217701655,Commune de Les Écrennes (77),false,{77165},Commune,2026-03-24 14:42:09.43682+01,gold_establishments_2025,,,,21770165500011,2025,Collectivité Territoriale,Commune,['Seine-et-Marne'],['Île-de-France'],COM,{77},{11}
cff6e0a4-890f-4a31-8cfc-5fcd58eecd38,211701495,Commune de Les Éduts (17),false,{17149},Commune,2026-03-24 14:41:54.903238+01,gold_establishments_2025,,,,21170149500015,2025,Collectivité Territoriale,Commune,['Charente-Maritime'],['Nouvelle-Aquitaine'],COM,{17},{75}
89e4cee1-afd8-474c-b4f3-442ff0e8a0de,211701503,Commune de Les Églises-d'Argenteuil (17),false,{17150},Commune,2026-03-24 14:41:54.903238+01,gold_establishments_2025,,,,21170150300016,2025,Collectivité Territoriale,Commune,['Charente-Maritime'],['Nouvelle-Aquitaine'],COM,{17},{75}
2e5c7486-3eae-4aae-b06f-8203a178ed9e,213301542,Commune de Les Églisottes-et-Chalaures (33),false,{33154},Commune,2026-03-24 14:41:58.620411+01,gold_establishments_2025,,,,21330154200014,2025,Collectivité Territoriale,Commune,['Gironde'],['Nouvelle-Aquitaine'],COM,{33},{75}
c8300fcb-9889-4736-9c24-de9c75cfb23e,215501727,Commune de Les Éparges (55),false,{55172},Commune,2026-03-24 14:42:02.957225+01,gold_establishments_2025,,,,21550172700014,2025,Collectivité Territoriale,Commune,['Meuse'],['Grand Est'],COM,{55},{44}
a9e1afb1-1d7e-4d28-9f22-029890761a6e,213801566,Commune de Les Éparres (38),false,{38156},Commune,2026-03-24 14:41:59.160244+01,gold_establishments_2025,,,,21380156600018,2025,Collectivité Territoriale,Commune,['Isère'],['Auvergne-Rhône-Alpes'],COM,{38},{84}
ed1911eb-902b-4467-92b9-4ddd4db9245d,215702002,Commune de Les Étangs (57),false,{57200},Commune,2026-03-24 14:42:03.701372+01,gold_establishments_2025,,,,21570200200019,2025,Collectivité Territoriale,Commune,['Moselle'],['Grand Est'],COM,{57},{44}
159b62e5-9176-4467-b15c-7e732b3f046c,212801443,Commune de Les Étilleux (28),false,{28144},Commune,2026-03-24 14:41:57.028721+01,gold_establishments_2025,,,,21280144300012,2025,Collectivité Territoriale,Commune,['Eure-et-Loir'],['Centre-Val de Loire'],COM,{28},{24}
377b9907-b50f-4602-b371-d1f7696b9dc2,215301318,Commune de Lesbois (53),false,{53131},Commune,2026-03-24 14:42:02.957225+01,gold_establishments_2025,,,,21530131800014,2025,Collectivité Territoriale,Commune,['Mayenne'],['Pays de la Loire'],COM,{53},{52}
8b41914b-203c-474d-985c-3d4238c75921,218004497,Commune de Lesbœufs (80),false,{80472},Commune,2026-03-24 14:42:09.967209+01,gold_establishments_2025,,,,21800449700010,2025,Collectivité Territoriale,Commune,['Somme'],['Hauts-de-France'],COM,{80},{32}
0afaf0f9-fda5-4eff-a736-7bddc55029d8,216403352,Commune de Lescar (64),false,{64335},Commune,2026-03-24 14:42:06.665412+01,gold_establishments_2025,,,,21640335200174,2025,Collectivité Territoriale,Commune,['Pyrénées-Atlantiques'],['Nouvelle-Aquitaine'],COM,{64},{75}
b67e5024-b047-47bd-aeae-a10c89161b89,217401488,Commune de Leschaux (74),false,{74148},Commune,2026-03-24 14:42:08.279287+01,gold_establishments_2025,,,,21740148800010,2025,Collectivité Territoriale,Commune,['Haute-Savoie'],['Auvergne-Rhône-Alpes'],COM,{74},{84}
a67c7273-3572-4ecc-895f-a6dfeec0d876,210203980,Commune de Leschelle (02),false,{02419},Commune,2026-03-24 14:41:52.020251+01,gold_establishments_2025,,,,21020398000011,2025,Collectivité Territoriale,Commune,['Aisne'],['Hauts-de-France'],COM,{02},{32}
66568895-d39a-4c50-829d-4f36d520b763,217301464,Commune de Lescheraines (73),false,{73146},Commune,2026-03-24 14:42:08.279287+01,gold_establishments_2025,,,,21730146400012,2025,Collectivité Territoriale,Commune,['Savoie'],['Auvergne-Rhône-Alpes'],COM,{73},{84}
ad2ba1f8-722f-458f-a873-2f84566798d4,217702471,Commune de Lescherolles (77),false,{77247},Commune,2026-03-24 14:42:09.43682+01,gold_establishments_2025,,,,21770247100012,2025,Collectivité Territoriale,Commune,['Seine-et-Marne'],['Île-de-France'],COM,{77},{11}
f5cbe2db-4e79-4835-8011-f84bb142d51d,210102125,Commune de Lescheroux (01),false,{01212},Commune,2026-03-24 14:41:51.447482+01,gold_establishments_2025,,,,21010212500015,2025,Collectivité Territoriale,Commune,['Ain'],['Auvergne-Rhône-Alpes'],COM,{01},{84}
11b73941-1660-4dd9-8e1d-d316fc9ba9eb,217702489,Commune de Lesches (77),false,{77248},Commune,2026-03-24 14:42:09.43682+01,gold_establishments_2025,,,,21770248900014,2025,Collectivité Territoriale,Commune,['Seine-et-Marne'],['Île-de-France'],COM,{77},{11}
c5a340a7-890f-442f-b9f4-7cd13173d308,212601645,Commune de Lesches-en-Diois (26),false,{26164},Commune,2026-03-24 14:41:56.495197+01,gold_establishments_2025,,,,21260164500014,2025,Collectivité Territoriale,Commune,['Drôme'],['Auvergne-Rhône-Alpes'],COM,{26},{84}
d205ee63-716b-454e-ab38-558bd241e847,213902935,Commune de Leschères (39),false,{39293},Commune,2026-03-24 14:41:59.705606+01,gold_establishments_2025,,,,21390293500013,2025,Collectivité Territoriale,Commune,['Jura'],['Bourgogne-Franche-Comté'],COM,{39},{27}
f2f9d3a7-9247-4444-af06-d09aa39ca6fb,215202011,Commune de Leschères-sur-le-Blaiseron (52),false,{52284},Commune,2026-03-24 14:42:01.954481+01,gold_establishments_2025,,,,21520201100015,2025,Collectivité Territoriale,Commune,['Haute-Marne'],['Grand Est'],COM,{52},{44}
3a4c1729-4c8a-4a2a-8029-97daae91dcad,210901633,Commune de Lescousse (09),false,{09163},Commune,2026-03-24 14:41:53.095366+01,gold_establishments_2025,,,,21090163300011,2025,Collectivité Territoriale,Commune,['Ariège'],['Occitanie'],COM,{09},{76}
5dfba39f-eef3-4148-9693-553579267e77,218101434,Commune de Lescout (81),false,{81143},Commune,2026-03-24 14:42:09.967209+01,gold_establishments_2025,,,,21810143400015,2025,Collectivité Territoriale,Commune,['Tarn'],['Occitanie'],COM,{81},{76}
1f5c1353-2e03-4cac-9ea4-b5f965c0ca78,212201248,Commune de Lescouët-Gouarec (22),false,{22124},Commune,2026-03-24 14:41:55.433389+01,gold_establishments_2025,,,,21220124800011,2025,Collectivité Territoriale,Commune,"[""Côtes-d'Armor""]",['Bretagne'],COM,{22},{53}
b81fd96e-9118-470e-8e9e-b98c7bb97340,216403360,Commune de Lescun (64),false,{64336},Commune,2026-03-24 14:42:06.665412+01,gold_establishments_2025,,,,21640336000011,2025,Collectivité Territoriale,Commune,['Pyrénées-Atlantiques'],['Nouvelle-Aquitaine'],COM,{64},{75}
669d300e-e8d7-42b2-bb6f-114dc56ab7c7,213102924,Commune de Lescuns (31),false,{31292},Commune,2026-03-24 14:41:58.09424+01,gold_establishments_2025,,,,21310292400015,2025,Collectivité Territoriale,Commune,['Haute-Garonne'],['Occitanie'],COM,{31},{76}
cc094829-af56-4e82-b989-bca72058d3a2,210901641,Commune de Lescure (09),false,{09164},Commune,2026-03-24 14:41:53.095366+01,gold_establishments_2025,,,,21090164100014,2025,Collectivité Territoriale,Commune,['Ariège'],['Occitanie'],COM,{09},{76}
433cd107-f9b5-4544-b5e0-0ad4e9a87398,211201280,Commune de Lescure-Jaoul (12),false,{12128},Commune,2026-03-24 14:41:53.63825+01,gold_establishments_2025,,,,21120128000016,2025,Collectivité Territoriale,Commune,['Aveyron'],['Occitanie'],COM,{12},{76}
bbaae1f6-0dcf-4476-b0f6-d02679712492,218101442,Commune de Lescure-d'Albigeois (81),false,{81144},Commune,2026-03-24 14:42:09.967209+01,gold_establishments_2025,,,,21810144200018,2025,Collectivité Territoriale,Commune,['Tarn'],['Occitanie'],COM,{81},{76}
1d30eaf0-d51a-46ed-a63e-f16d23d1179f,216502690,Commune de Lescurry (65),false,{65269},Commune,2026-03-24 14:42:06.665412+01,gold_establishments_2025,,,,21650269000011,2025,Collectivité Territoriale,Commune,['Hautes-Pyrénées'],['Occitanie'],COM,{65},{76}
f6a89b85-404d-4aa5-b5b2-c56b794463fe,215903410,Commune de Lesdain (59),false,{59341},Commune,2026-03-24 14:42:04.280096+01,gold_establishments_2025,,,,21590341000011,2025,Collectivité Territoriale,Commune,['Nord'],['Hauts-de-France'],COM,{59},{32}
8545aa50-d11e-404f-8699-0ff448500d9d,210203998,Commune de Lesdins (02),false,{02420},Commune,2026-03-24 14:41:52.020251+01,gold_establishments_2025,,,,21020399800013,2025,Collectivité Territoriale,Commune,['Aisne'],['Hauts-de-France'],COM,{02},{32}
4c0fc19c-27fe-4cb2-857f-cae58c83deaf,210204004,Commune de Lesges (02),false,{02421},Commune,2026-03-24 14:41:52.020251+01,gold_establishments_2025,,,,21020400400019,2025,Collectivité Territoriale,Commune,['Aisne'],['Hauts-de-France'],COM,{02},{32}
f7cafe09-bf53-4fc9-9843-76a997825453,214001513,Commune de Lesgor (40),false,{40151},Commune,2026-03-24 14:41:59.705606+01,gold_establishments_2025,,,,21400151300016,2025,Collectivité Territoriale,Commune,['Landes'],['Nouvelle-Aquitaine'],COM,{40},{75}
4f43ca7e-5a85-4df4-92a9-4e27b96db1ce,217102557,Commune de Lesme (71),false,{71255},Commune,2026-03-24 14:42:07.735343+01,gold_establishments_2025,,,,21710255700014,2025,Collectivité Territoriale,Commune,['Saône-et-Loire'],['Bourgogne-Franche-Comté'],COM,{71},{27}
31306ff1-29b3-42e2-9dab-e84c0fc9943d,211001862,Commune de Lesmont (10),false,{10193},Commune,2026-03-24 14:41:53.095366+01,gold_establishments_2025,,,,21100186200013,2025,Collectivité Territoriale,Commune,['Aube'],['Grand Est'],COM,{10},{44}
1f5a486e-54e7-4489-93e0-187a4ff76bac,215403122,Commune de Lesménils (54),false,{54312},Commune,2026-03-24 14:42:02.957225+01,gold_establishments_2025,,,,21540312200017,2025,Collectivité Territoriale,Commune,['Meurthe-et-Moselle'],['Grand Est'],COM,{54},{44}
1e771e4d-4132-4522-87c0-251ba8ba8bfb,212901243,Commune de Lesneven (29),false,{29124},Commune,2026-03-24 14:41:57.028721+01,gold_establishments_2025,,,,21290124300015,2025,Collectivité Territoriale,Commune,['Finistère'],['Bretagne'],COM,{29},{53}
e50cd2b0-3ed7-40a1-8ae6-f714017565af,213302409,Commune de Lesparre-Médoc (33),false,{33240},Commune,2026-03-24 14:41:58.620411+01,gold_establishments_2025,,,,21330240900015,2025,Collectivité Territoriale,Commune,['Gironde'],['Nouvelle-Aquitaine'],COM,{33},{75}
2959da69-52e8-49fd-8b0b-2f40febbf5bb,210901658,Commune de Lesparrou (09),false,{09165},Commune,2026-03-24 14:41:53.095366+01,gold_establishments_2025,,,,21090165800018,2025,Collectivité Territoriale,Commune,['Ariège'],['Occitanie'],COM,{09},{76}
838e2bca-0c78-4a8a-b9c0-f892176c88b0,214001521,Commune de Lesperon (40),false,{40152},Commune,2026-03-24 14:41:59.705606+01,gold_establishments_2025,,,,21400152100019,2025,Collectivité Territoriale,Commune,['Landes'],['Nouvelle-Aquitaine'],COM,{40},{75}
9205a7d0-53ec-48ed-ac1c-34052668e9a6,216205005,Commune de Lespesses (62),false,{62500},Commune,2026-03-24 14:42:05.597325+01,gold_establishments_2025,,,,21620500500012,2025,Collectivité Territoriale,Commune,['Pas-de-Calais'],['Hauts-de-France'],COM,{62},{32}
1af32e06-9f16-40ae-a1e1-5b50e9931dd4,216403378,Commune de Lespielle (64),false,{64337},Commune,2026-03-24 14:42:06.665412+01,gold_establishments_2025,,,,21640337800013,2025,Collectivité Territoriale,Commune,['Pyrénées-Atlantiques'],['Nouvelle-Aquitaine'],COM,{64},{75}
e7dcab65-2495-4c5e-b17a-81940d8659f9,213401359,Commune de Lespignan (34),false,{34135},Commune,2026-03-24 14:41:58.620411+01,gold_establishments_2025,,,,21340135900012,2025,Collectivité Territoriale,Commune,['Hérault'],['Occitanie'],COM,{34},{76}
6ffd4ea4-4d5f-4509-a64d-329f73636cd8,213102932,Commune de Lespinasse (31),false,{31293},Commune,2026-03-24 14:41:58.09424+01,gold_establishments_2025,,,,21310293200018,2025,Collectivité Territoriale,Commune,['Haute-Garonne'],['Occitanie'],COM,{31},{76}
c13ec5fa-c5be-46bb-ba09-85b0ef02ae42,211102009,Commune de Lespinassière (11),false,{11200},Commune,2026-03-24 14:41:53.63825+01,gold_establishments_2025,,,,21110200900019,2025,Collectivité Territoriale,Commune,['Aude'],['Occitanie'],COM,{11},{76}
4d42eb1f-1171-429f-a9b8-96be7bb2287a,216205013,Commune de Lespinoy (62),false,{62501},Commune,2026-03-24 14:42:05.597325+01,gold_establishments_2025,,,,21620501300016,2025,Collectivité Territoriale,Commune,['Pas-de-Calais'],['Hauts-de-France'],COM,{62},{32}
a25417f7-fdd2-4e75-a4c1-33ec12782a40,213102940,Commune de Lespiteau (31),false,{31294},Commune,2026-03-24 14:41:58.09424+01,gold_establishments_2025,,,,21310294000011,2025,Collectivité Territoriale,Commune,['Haute-Garonne'],['Occitanie'],COM,{31},{76}
6f32a4b5-940e-41b5-b079-0217b63730f9,216502708,Commune de Lespouey (65),false,{65270},Commune,2026-03-24 14:42:06.665412+01,gold_establishments_2025,,,,21650270800011,2025,Collectivité Territoriale,Commune,['Hautes-Pyrénées'],['Occitanie'],COM,{65},{76}
12dab5af-904f-406c-9773-4a122eb46138,216403386,Commune de Lespourcy (64),false,{64338},Commune,2026-03-24 14:42:06.665412+01,gold_establishments_2025,,,,21640338600016,2025,Collectivité Territoriale,Commune,['Pyrénées-Atlantiques'],['Nouvelle-Aquitaine'],COM,{64},{75}
ac7fa64a-6807-46d9-b6ef-9a53aa4a36be,213102957,Commune de Lespugue (31),false,{31295},Commune,2026-03-24 14:41:58.09424+01,gold_establishments_2025,,,,21310295700015,2025,Collectivité Territoriale,Commune,['Haute-Garonne'],['Occitanie'],COM,{31},{76}
a30c8059-8176-4ebc-b804-431f2bf84ace,210701421,Commune de Lespéron (07),false,{07142},Commune,2026-03-24 14:41:52.562531+01,gold_establishments_2025,,,,21070142100013,2025,Collectivité Territoriale,Commune,['Ardèche'],['Auvergne-Rhône-Alpes'],COM,{07},{84}
6cf16137-b551-4f7d-8e2c-b26d7018963b,216600973,Commune de Lesquerde (66),false,{66097},Commune,2026-03-24 14:42:06.665412+01,gold_establishments_2025,,,,21660097300012,2025,Collectivité Territoriale,Commune,['Pyrénées-Orientales'],['Occitanie'],COM,{66},{76}
3ac89211-8ad3-4db6-b057-5b3a7dc0ee01,210204012,Commune de Lesquielles-Saint-Germain (02),false,{02422},Commune,2026-03-24 14:41:52.020251+01,gold_establishments_2025,,,,21020401200012,2025,Collectivité Territoriale,Commune,['Aisne'],['Hauts-de-France'],COM,{02},{32}
3ed34154-7464-46fa-bea5-54a7c9180873,215903436,Commune de Lesquin (59),false,{59343},Commune,2026-03-24 14:42:04.280096+01,gold_establishments_2025,,,,21590343600016,2025,Collectivité Territoriale,Commune,['Nord'],['Hauts-de-France'],COM,{59},{32}
c1e1d21c-3823-4018-bf18-9789371ff088,211601810,Commune de Lessac (16),false,{16181},Commune,2026-03-24 14:41:54.362296+01,gold_establishments_2025,,,,21160181000016,2025,Collectivité Territoriale,Commune,['Charente'],['Nouvelle-Aquitaine'],COM,{16},{75}
0517528d-b09f-4d2c-9263-ec73fec80e88,217102565,Commune de Lessard-en-Bresse (71),false,{71256},Commune,2026-03-24 14:42:07.735343+01,gold_establishments_2025,,,,21710256500017,2025,Collectivité Territoriale,Commune,['Saône-et-Loire'],['Bourgogne-Franche-Comté'],COM,{71},{27}
6ff53581-b3c0-46c4-9351-c79538f1d48f,211403621,Commune de Lessard-et-le-Chêne (14),false,{14362},Commune,2026-03-24 14:41:54.362296+01,gold_establishments_2025,,,,21140362100017,2025,Collectivité Territoriale,Commune,['Calvados'],['Normandie'],COM,{14},{28}
336db76e-3410-4414-80f2-7e2b542e9bb0,217102573,Commune de Lessard-le-National (71),false,{71257},Commune,2026-03-24 14:42:07.735343+01,gold_establishments_2025,,,,21710257300011,2025,Collectivité Territoriale,Commune,['Saône-et-Loire'],['Bourgogne-Franche-Comté'],COM,{71},{27}
50a215c0-cbab-44dd-adee-c4e997432419,200053890,Commune de Lessay (50),false,{50267},Commune,2026-03-24 14:42:01.412377+01,gold_establishments_2025,,,,20005389000014,2025,Collectivité Territoriale,Commune,['Manche'],['Normandie'],COM,{50},{28}
631976d9-3c85-4ce8-becd-0957bb9ace9c,215703950,Commune de Lesse (57),false,{57395},Commune,2026-03-24 14:42:03.701372+01,gold_establishments_2025,,,,21570395000018,2025,Collectivité Territoriale,Commune,['Moselle'],['Grand Est'],COM,{57},{44}
2b957eea-b44b-4397-bd1e-a1a34dc5f3a2,218802684,Commune de Lesseux (88),false,{88268},Commune,2026-03-24 14:42:11.118516+01,gold_establishments_2025,,,,21880268400017,2025,Collectivité Territoriale,Commune,['Vosges'],['Grand Est'],COM,{88},{44}
1cad6be3-3379-456b-a8cf-22fb41ce2690,215703968,Commune de Lessy (57),false,{57396},Commune,2026-03-24 14:42:03.701372+01,gold_establishments_2025,,,,21570396800010,2025,Collectivité Territoriale,Commune,['Moselle'],['Grand Est'],COM,{57},{44}
c4d0027e-130d-43c6-8a0a-e434dd8f8786,217603836,Commune de Lestanville (76),false,{76383},Commune,2026-03-24 14:42:08.818969+01,gold_establishments_2025,,,,21760383600016,2025,Collectivité Territoriale,Commune,['Seine-Maritime'],['Normandie'],COM,{76},{28}
525e638e-982e-473b-aa35-85095689bf7b,211911201,Commune de Lestards (19),false,{19112},Commune,2026-03-24 14:41:54.903238+01,gold_establishments_2025,,,,21191120100013,2025,Collectivité Territoriale,Commune,['Corrèze'],['Nouvelle-Aquitaine'],COM,{19},{75}
61983613-7c6a-401b-a019-44e0e46cd2a4,216403394,Commune de Lestelle-Bétharram (64),false,{64339},Commune,2026-03-24 14:42:06.665412+01,gold_establishments_2025,,,,21640339400010,2025,Collectivité Territoriale,Commune,['Pyrénées-Atlantiques'],['Nouvelle-Aquitaine'],COM,{64},{75}
b93e75e5-696f-45a4-96e0-96f34e6672f9,213102965,Commune de Lestelle-de-Saint-Martory (31),false,{31296},Commune,2026-03-24 14:41:58.09424+01,gold_establishments_2025,,,,21310296500018,2025,Collectivité Territoriale,Commune,['Haute-Garonne'],['Occitanie'],COM,{31},{76}
606c4b25-e47b-4502-8c2b-ee187aaba0e6,211601828,Commune de Lesterps (16),false,{16182},Commune,2026-03-24 14:41:54.362296+01,gold_establishments_2025,,,,21160182800018,2025,Collectivité Territoriale,Commune,['Charente'],['Nouvelle-Aquitaine'],COM,{16},{75}
6b54c082-9d77-4aad-b96c-64df94b00619,213302417,Commune de Lestiac-sur-Garonne (33),false,{33241},Commune,2026-03-24 14:41:58.620411+01,gold_establishments_2025,,,,21330241700018,2025,Collectivité Territoriale,Commune,['Gironde'],['Nouvelle-Aquitaine'],COM,{33},{75}
7e71a596-6a80-4975-a554-d62f70ce6c71,214101149,Commune de Lestiou (41),false,{41114},Commune,2026-03-24 14:42:00.273698+01,gold_establishments_2025,,,,21410114900018,2025,Collectivité Territoriale,Commune,['Loir-et-Cher'],['Centre-Val de Loire'],COM,{41},{24}
5d30db6b-cfd5-42a8-8de0-97d77a38f785,211201298,Commune de Lestrade-et-Thouels (12),false,{12129},Commune,2026-03-24 14:41:53.63825+01,gold_establishments_2025,,,,21120129800018,2025,Collectivité Territoriale,Commune,['Aveyron'],['Occitanie'],COM,{12},{76}
5b0f6dbb-56d4-4e88-bb52-cd4bc4eb32d4,215002684,Commune de Lestre (50),false,{50268},Commune,2026-03-24 14:42:01.412377+01,gold_establishments_2025,,,,21500268400011,2025,Collectivité Territoriale,Commune,['Manche'],['Normandie'],COM,{50},{28}
f986dd67-09cd-43f5-b6b0-1feff643d4fa,216205021,Commune de Lestrem (62),false,{62502},Commune,2026-03-24 14:42:05.597325+01,gold_establishments_2025,,,,21620502100019,2025,Collectivité Territoriale,Commune,['Pas-de-Calais'],['Hauts-de-France'],COM,{62},{32}
09308a51-0cce-4aad-bb59-d36cfc3c0819,212001416,Commune de Letia (2A),false,{2A141},Commune,2026-03-24 14:41:57.56054+01,gold_establishments_2025,,,,21200141600016,2025,Collectivité Territoriale,Commune,['Corse-du-Sud'],['Corse'],COM,{2A},{94}
a2270c1e-b7a2-42df-8f84-5dde86c5f748,212703664,Commune de Letteguives (27),false,{27366},Commune,2026-03-24 14:41:57.028721+01,gold_establishments_2025,,,,21270366400012,2025,Collectivité Territoriale,Commune,['Eure'],['Normandie'],COM,{27},{28}
1d641997-a091-44f1-8a93-018cdddbf802,210500740,Commune de Lettret (05),false,{05074},Commune,2026-03-24 14:41:52.562531+01,gold_establishments_2025,,,,21050074000019,2025,Collectivité Territoriale,Commune,['Hautes-Alpes'],"[""Provence-Alpes-Côte d'Azur""]",COM,{05},{93}
faa7e0f1-3ccf-43b8-bb35-04581150edda,216205039,Commune de Leubringhen (62),false,{62503},Commune,2026-03-24 14:42:05.597325+01,gold_establishments_2025,,,,21620503900011,2025,Collectivité Territoriale,Commune,['Pas-de-Calais'],['Hauts-de-France'],COM,{62},{32}
85269db6-7307-47f7-b43e-ecb1a653ee0a,211102017,Commune de Leuc (11),false,{11201},Commune,2026-03-24 14:41:53.63825+01,gold_establishments_2025,,,,21110201700012,2025,Collectivité Territoriale,Commune,['Aude'],['Occitanie'],COM,{11},{76}
684bba5f-3395-481f-a476-63fbf58a1577,211501036,Commune de Leucamp (15),false,{15103},Commune,2026-03-24 14:41:54.362296+01,gold_establishments_2025,,,,21150103600019,2025,Collectivité Territoriale,Commune,['Cantal'],['Auvergne-Rhône-Alpes'],COM,{15},{84}
86e572e8-255f-48cc-a5e1-dfb46ade11f6,211102025,Commune de Leucate (11),false,{11202},Commune,2026-03-24 14:41:53.63825+01,gold_establishments_2025,,,,21110202500015,2025,Collectivité Territoriale,Commune,['Aude'],['Occitanie'],COM,{11},{76}
a801ac94-88e1-41ba-8776-9c4a638d4001,215204256,Commune de Leuchey (52),false,{52285},Commune,2026-03-24 14:42:01.954481+01,gold_establishments_2025,,,,21520425600014,2025,Collectivité Territoriale,Commune,['Haute-Marne'],['Grand Est'],COM,{52},{44}
910a0b8d-4eda-41c0-afad-e7ba13aa896e,219103322,Commune de Leudeville (91),false,{91332},Commune,2026-03-24 14:42:11.659493+01,gold_establishments_2025,,,,21910332200018,2025,Collectivité Territoriale,Commune,['Essonne'],['Île-de-France'],COM,{91},{11}
fd3a49de-f124-471e-81c9-256190b209ba,217702505,Commune de Leudon-en-Brie (77),false,{77250},Commune,2026-03-24 14:42:09.43682+01,gold_establishments_2025,,,,21770250500017,2025,Collectivité Territoriale,Commune,['Seine-et-Marne'],['Île-de-France'],COM,{77},{11}
31a6f70c-6f0e-4ece-813e-1911dc189103,212103469,Commune de Leuglay (21),false,{21346},Commune,2026-03-24 14:41:55.433389+01,gold_establishments_2025,,,,21210346900012,2025,Collectivité Territoriale,Commune,"[""Côte-d'Or""]",['Bourgogne-Franche-Comté'],COM,{21},{27}
eef9627d-7612-4a4c-bcbd-fcf34633a206,218601300,Commune de Leugny (86),false,{86130},Commune,2026-03-24 14:42:10.508772+01,gold_establishments_2025,,,,21860130000013,2025,Collectivité Territoriale,Commune,['Vienne'],['Nouvelle-Aquitaine'],COM,{86},{75}
4d9310b6-f35a-46e3-9fa7-a2e27726de89,218902211,Commune de Leugny (89),false,{89221},Commune,2026-03-24 14:42:11.118516+01,gold_establishments_2025,,,,21890221100018,2025,Collectivité Territoriale,Commune,['Yonne'],['Bourgogne-Franche-Comté'],COM,{89},{27}
f0140feb-64f6-4c00-bf79-4bd3ffa7b718,212901250,Commune de Leuhan (29),false,{29125},Commune,2026-03-24 14:41:57.028721+01,gold_establishments_2025,,,,21290125000010,2025,Collectivité Territoriale,Commune,['Finistère'],['Bretagne'],COM,{29},{53}
8a41130f-0dff-410d-8d3f-756ce29cfb8d,210204020,Commune de Leuilly-sous-Coucy (02),false,{02423},Commune,2026-03-24 14:41:52.020251+01,gold_establishments_2025,,,,21020402000015,2025,Collectivité Territoriale,Commune,['Aisne'],['Hauts-de-France'],COM,{02},{32}
b9156845-4adf-48e0-bab5-53e8b159f2a2,216205047,Commune de Leulinghem (62),false,{62504},Commune,2026-03-24 14:42:05.597325+01,gold_establishments_2025,,,,21620504700014,2025,Collectivité Territoriale,Commune,['Pas-de-Calais'],['Hauts-de-France'],COM,{62},{32}
065fcf51-955f-4929-a601-b5397fa5997c,216205054,Commune de Leulinghen-Bernes (62),false,{62505},Commune,2026-03-24 14:42:05.597325+01,gold_establishments_2025,,,,21620505400010,2025,Collectivité Territoriale,Commune,['Pas-de-Calais'],['Hauts-de-France'],COM,{62},{32}
dd426376-f452-4a2e-a01b-82b129e77f8e,215202029,Commune de Leurville (52),false,{52286},Commune,2026-03-24 14:42:01.954481+01,gold_establishments_2025,,,,21520202900017,2025,Collectivité Territoriale,Commune,['Haute-Marne'],['Grand Est'],COM,{52},{44}
95e3b15c-0701-4d37-8eb3-6ab673a8759e,210204038,Commune de Leury (02),false,{02424},Commune,2026-03-24 14:41:52.020251+01,gold_establishments_2025,,,,21020403800017,2025,Collectivité Territoriale,Commune,['Aisne'],['Hauts-de-France'],COM,{02},{32}
4c21fe69-bd63-45a5-bc86-b4f861c1a785,216702647,Commune de Leutenheim (67),false,{67264},Commune,2026-03-24 14:42:07.195692+01,gold_establishments_2025,,,,21670264700019,2025,Collectivité Territoriale,Commune,['Bas-Rhin'],['Grand Est'],COM,{67},{44}
91e8f54f-694b-4780-8c78-9fc284dad9fc,219103330,Commune de Leuville-sur-Orge (91),false,{91333},Commune,2026-03-24 14:42:11.659493+01,gold_establishments_2025,,,,21910333000011,2025,Collectivité Territoriale,Commune,['Essonne'],['Île-de-France'],COM,{91},{11}
0f644ce2-d3fe-4530-b4f4-56c2503a75cc,215102997,Commune de Leuvrigny (51),false,{51320},Commune,2026-03-24 14:42:01.954481+01,gold_establishments_2025,,,,21510299700016,2025,Collectivité Territoriale,Commune,['Marne'],['Grand Est'],COM,{51},{44}
71648a97-4915-46e3-900d-d1cedad8b92b,210204046,Commune de Leuze (02),false,{02425},Commune,2026-03-24 14:41:52.020251+01,gold_establishments_2025,,,,21020404600010,2025,Collectivité Territoriale,Commune,['Aisne'],['Hauts-de-France'],COM,{02},{32}
8e4ffc6f-e0a0-4580-8a17-b685ffe11709,212802086,Commune de Levainville (28),false,{28208},Commune,2026-03-24 14:41:57.028721+01,gold_establishments_2025,,,,21280208600018,2025,Collectivité Territoriale,Commune,['Eure-et-Loir'],['Centre-Val de Loire'],COM,{28},{24}
f2c3b6dc-fc0b-4c82-9966-9ea047034690,215903444,Commune de Leval (59),false,{59344},Commune,2026-03-24 14:42:04.280096+01,gold_establishments_2025,,,,21590344400085,2025,Collectivité Territoriale,Commune,['Nord'],['Hauts-de-France'],COM,{59},{32}
2e20942a-3c49-494b-a9ac-9e3fd106698b,219000668,Commune de Leval (90),false,{90066},Commune,2026-03-24 14:42:11.659493+01,gold_establishments_2025,,,,21900066800018,2025,Collectivité Territoriale,Commune,['Territoire de Belfort'],['Bourgogne-Franche-Comté'],COM,{90},{27}
ab59b7f6-a434-44ce-a6fb-bacc0af92141,219200441,Commune de Levallois-Perret (92),false,{92044},Commune,2026-03-24 14:42:11.659493+01,gold_establishments_2025,,,,21920044100018,2025,Collectivité Territoriale,Commune,['Hauts-de-Seine'],['Île-de-France'],COM,{92},{11}
cebea23f-6f89-4921-8b8f-57b6b506ae25,215301326,Commune de Levaré (53),false,{53132},Commune,2026-03-24 14:42:02.957225+01,gold_establishments_2025,,,,21530132600017,2025,Collectivité Territoriale,Commune,['Mayenne'],['Pays de la Loire'],COM,{53},{52}
a0b7e5e9-56bb-41f8-a856-351d01fb9b1f,210600755,Commune de Levens (06),false,{06075},Commune,2026-03-24 14:41:52.562531+01,gold_establishments_2025,,,,21060075500016,2025,Collectivité Territoriale,Commune,['Alpes-Maritimes'],"[""Provence-Alpes-Côte d'Azur""]",COM,{06},{93}
382f6615-8f35-4db7-9165-2453019f113d,210204053,Commune de Levergies (02),false,{02426},Commune,2026-03-24 14:41:52.020251+01,gold_establishments_2025,,,,21020405300016,2025,Collectivité Territoriale,Commune,['Aisne'],['Hauts-de-France'],COM,{02},{32}
f8da6d16-8a18-4722-8259-4949ea0146d5,212103477,Commune de Levernois (21),false,{21347},Commune,2026-03-24 14:41:55.433389+01,gold_establishments_2025,,,,21210347700015,2025,Collectivité Territoriale,Commune,"[""Côte-d'Or""]",['Bourgogne-Franche-Comté'],COM,{21},{27}
fda3d804-6bda-4177-a05f-483f88d99f99,212802102,Commune de Levesville-la-Chenard (28),false,{28210},Commune,2026-03-24 14:41:57.028721+01,gold_establishments_2025,,,,21280210200013,2025,Collectivité Territoriale,Commune,['Eure-et-Loir'],['Centre-Val de Loire'],COM,{28},{24}
ab318965-418b-4447-a709-373dc2040549,211801261,Commune de Levet (18),false,{18126},Commune,2026-03-24 14:41:54.903238+01,gold_establishments_2025,,,,21180126100010,2025,Collectivité Territoriale,Commune,['Cher'],['Centre-Val de Loire'],COM,{18},{24}
57751be7-e70d-47ab-9173-984aea9870db,212001424,Commune de Levie (2A),false,{2A142},Commune,2026-03-24 14:41:57.56054+01,gold_establishments_2025,,,,21200142400010,2025,Collectivité Territoriale,Commune,['Corse-du-Sud'],['Corse'],COM,{2A},{94}
ffd28146-2269-4483-b744-90c970228ac9,200068401,Commune de Levier (25),false,{25334},Commune,2026-03-24 14:41:56.495197+01,gold_establishments_2025,,,,20006840100013,2025,Collectivité Territoriale,Commune,['Doubs'],['Bourgogne-Franche-Comté'],COM,{25},{27}
a295c8b4-8502-4921-a464-3ce90e7f31e2,218902229,Commune de Levis (89),false,{89222},Commune,2026-03-24 14:42:11.118516+01,gold_establishments_2025,,,,21890222900010,2025,Collectivité Territoriale,Commune,['Yonne'],['Bourgogne-Franche-Comté'],COM,{89},{27}
c4ca1841-7718-42a5-a0f5-be21578814e1,215502899,Commune de Levoncourt (55),false,{55289},Commune,2026-03-24 14:42:03.701372+01,gold_establishments_2025,,,,21550289900010,2025,Collectivité Territoriale,Commune,['Meuse'],['Grand Est'],COM,{55},{44}
891d322c-857e-451b-9e44-8bbde25be640,216801811,Commune de Levoncourt (68),false,{68181},Commune,2026-03-24 14:42:07.195692+01,gold_establishments_2025,,,,21680181100011,2025,Collectivité Territoriale,Commune,['Haut-Rhin'],['Grand Est'],COM,{68},{44}
6a097950-cb6b-4bf4-8c8b-449a4631bb79,200082204,Commune de Levroux (36),false,{36093},Commune,2026-03-24 14:41:59.160244+01,gold_establishments_2025,,,,20008220400013,2025,Collectivité Territoriale,Commune,['Indre'],['Centre-Val de Loire'],COM,{36},{24}
c3052e7a-b2bb-4f66-8e96-bd0797920621,215202037,Commune de Levécourt (52),false,{52287},Commune,2026-03-24 14:42:01.954481+01,gold_establishments_2025,,,,21520203700010,2025,Collectivité Territoriale,Commune,['Haute-Marne'],['Grand Est'],COM,{52},{44}
fb6c3bde-7067-4715-af40-bff11111d37e,215903451,Commune de Lewarde (59),false,{59345},Commune,2026-03-24 14:42:04.280096+01,gold_establishments_2025,,,,21590345100015,2025,Collectivité Territoriale,Commune,['Nord'],['Hauts-de-France'],COM,{59},{32}
1616c854-9afd-4a52-ac38-fbdd18be269b,215403148,Commune de Lexy (54),false,{54314},Commune,2026-03-24 14:42:02.957225+01,gold_establishments_2025,,,,21540314800012,2025,Collectivité Territoriale,Commune,['Meurthe-et-Moselle'],['Grand Est'],COM,{54},{44}
d575af26-4a91-4074-8639-a52990e1ade2,215703976,Commune de Ley (57),false,{57397},Commune,2026-03-24 14:42:03.701372+01,gold_establishments_2025,,,,21570397600013,2025,Collectivité Territoriale,Commune,['Moselle'],['Grand Est'],COM,{57},{44}
26e23dac-32c2-44cf-a0ed-9b97af018530,210901666,Commune de Leychert (09),false,{09166},Commune,2026-03-24 14:41:53.095366+01,gold_establishments_2025,,,,21090166600011,2025,Collectivité Territoriale,Commune,['Ariège'],['Occitanie'],COM,{09},{76}
85751917-9950-427f-ab09-29bd511fb0be,214601700,Commune de Leyme (46),false,{46170},Commune,2026-03-24 14:42:00.862623+01,gold_establishments_2025,,,,21460170000013,2025,Collectivité Territoriale,Commune,['Lot'],['Occitanie'],COM,{46},{76}
83184955-b346-4c06-b185-9253318fb89b,216801829,Commune de Leymen (68),false,{68182},Commune,2026-03-24 14:42:07.195692+01,gold_establishments_2025,,,,21680182900013,2025,Collectivité Territoriale,Commune,['Haut-Rhin'],['Grand Est'],COM,{68},{44}
f6c8ca3b-35cc-4a05-9dd7-0db12642de8f,210102133,Commune de Leyment (01),false,{01213},Commune,2026-03-24 14:41:51.447482+01,gold_establishments_2025,,,,21010213300019,2025,Collectivité Territoriale,Commune,['Ain'],['Auvergne-Rhône-Alpes'],COM,{01},{84}
777c0211-0147-433b-8930-76a78462bf49,217102581,Commune de Leynes (71),false,{71258},Commune,2026-03-24 14:42:07.735343+01,gold_establishments_2025,,,,21710258100014,2025,Collectivité Territoriale,Commune,['Saône-et-Loire'],['Bourgogne-Franche-Comté'],COM,{71},{27}
a8320040-ee6b-41c8-9b15-b786612dda22,211501044,Commune de Leynhac (15),false,{15104},Commune,2026-03-24 14:41:54.362296+01,gold_establishments_2025,,,,21150104400013,2025,Collectivité Territoriale,Commune,['Cantal'],['Auvergne-Rhône-Alpes'],COM,{15},{84}
45631288-c3fb-40fd-80e5-68c52b6ed4fb,215403155,Commune de Leyr (54),false,{54315},Commune,2026-03-24 14:42:02.957225+01,gold_establishments_2025,,,,21540315500017,2025,Collectivité Territoriale,Commune,['Meurthe-et-Moselle'],['Grand Est'],COM,{54},{44}
a22669a9-4128-44e1-85d3-55d21d850dfa,212310809,Commune de Leyrat (23),false,{23108},Commune,2026-03-24 14:41:55.958138+01,gold_establishments_2025,,,,21231080900018,2025,Collectivité Territoriale,Commune,['Creuse'],['Nouvelle-Aquitaine'],COM,{23},{75}
5185052e-fca0-4ec0-b24b-0f99c776d7b4,213802101,Commune de Leyrieu (38),false,{38210},Commune,2026-03-24 14:41:59.160244+01,gold_establishments_2025,,,,21380210100013,2025,Collectivité Territoriale,Commune,['Isère'],['Auvergne-Rhône-Alpes'],COM,{38},{84}
b34aa949-0ee6-42df-9ef5-7aa3650030f8,214701484,Commune de Leyritz-Moncassin (47),false,{47148},Commune,2026-03-24 14:42:00.862623+01,gold_establishments_2025,,,,21470148400013,2025,Collectivité Territoriale,Commune,['Lot-et-Garonne'],['Nouvelle-Aquitaine'],COM,{47},{75}
acfa9081-01b2-4bd7-9256-ae9007e262cd,210102141,Commune de Leyssard (01),false,{01214},Commune,2026-03-24 14:41:51.447482+01,gold_establishments_2025,,,,21010214100012,2025,Collectivité Territoriale,Commune,['Ain'],['Auvergne-Rhône-Alpes'],COM,{01},{84}
e36d89d6-8e7a-45c1-b986-de8829a55c31,211501051,Commune de Leyvaux (15),false,{15105},Commune,2026-03-24 14:41:54.362296+01,gold_establishments_2025,,,,21150105100018,2025,Collectivité Territoriale,Commune,['Cantal'],['Auvergne-Rhône-Alpes'],COM,{15},{84}
033ee5c0-03f8-4441-84da-72f12b750b6f,215703984,Commune de Leyviller (57),false,{57398},Commune,2026-03-24 14:42:03.701372+01,gold_establishments_2025,,,,21570398400017,2025,Collectivité Territoriale,Commune,['Moselle'],['Grand Est'],COM,{57},{44}
c206b0fd-e4d2-4223-8597-ff27553986ea,215903428,Commune de Lez-Fontaine (59),false,{59342},Commune,2026-03-24 14:42:04.280096+01,gold_establishments_2025,,,,21590342800013,2025,Collectivité Territoriale,Commune,['Nord'],['Hauts-de-France'],COM,{59},{32}
ba47cafa-07ed-4123-a0a9-df559365527b,217901487,Commune de Lezay (79),false,{79148},Commune,2026-03-24 14:42:09.43682+01,gold_establishments_2025,,,,21790148700017,2025,Collectivité Territoriale,Commune,['Deux-Sèvres'],['Nouvelle-Aquitaine'],COM,{79},{75}
f00e92a6-b2bf-4cf0-9db2-acf1c4087fb4,215903469,Commune de Lezennes (59),false,{59346},Commune,2026-03-24 14:42:04.280096+01,gold_establishments_2025,,,,21590346900017,2025,Collectivité Territoriale,Commune,['Nord'],['Hauts-de-France'],COM,{59},{32}
10b0f8fd-319e-42e3-ba43-9ac8ac2c9573,215703992,Commune de Lezey (57),false,{57399},Commune,2026-03-24 14:42:03.701372+01,gold_establishments_2025,,,,21570399200010,2025,Collectivité Territoriale,Commune,['Moselle'],['Grand Est'],COM,{57},{44}
aa92f469-1bc3-4500-89f4-1c5aec59a473,216301952,Commune de Lezoux (63),false,{63195},Commune,2026-03-24 14:42:06.130387+01,gold_establishments_2025,,,,21630195200018,2025,Collectivité Territoriale,Commune,['Puy-de-Dôme'],['Auvergne-Rhône-Alpes'],COM,{63},{84}
00e9c551-339c-4ac6-9bcb-a02c33d4a960,215202045,Commune de Lezéville (52),false,{52288},Commune,2026-03-24 14:42:01.954481+01,gold_establishments_2025,,,,21520204500013,2025,Collectivité Territoriale,Commune,['Haute-Marne'],['Grand Est'],COM,{52},{44}
348c5d6f-5c32-4320-b727-2841d0c4190b,213102999,Commune de Lherm (31),false,{31299},Commune,2026-03-24 14:41:58.09424+01,gold_establishments_2025,,,,21310299900017,2025,Collectivité Territoriale,Commune,['Haute-Garonne'],['Occitanie'],COM,{31},{76}
fa33d96f-b0ad-4fec-afe4-f8bc24848bd1,214601718,Commune de Lherm (46),false,{46171},Commune,2026-03-24 14:42:00.862623+01,gold_establishments_2025,,,,21460171800015,2025,Collectivité Territoriale,Commune,['Lot'],['Occitanie'],COM,{46},{76}
681dfce1-3af1-436d-b01c-8b4a0ee7c65c,216502724,Commune de Lhez (65),false,{65272},Commune,2026-03-24 14:42:06.665412+01,gold_establishments_2025,,,,21650272400018,2025,Collectivité Territoriale,Commune,['Hautes-Pyrénées'],['Occitanie'],COM,{65},{76}
f8815d79-f94e-4aed-a0ff-233a9f80dfd8,218601318,Commune de Lhommaizé (86),false,{86131},Commune,2026-03-24 14:42:10.508772+01,gold_establishments_2025,,,,21860131800015,2025,Collectivité Territoriale,Commune,['Vienne'],['Nouvelle-Aquitaine'],COM,{86},{75}
e606f9fa-bb8e-44cb-b3c2-95dec5fa2ef7,217201615,Commune de Lhomme (72),false,{72161},Commune,2026-03-24 14:42:08.279287+01,gold_establishments_2025,,,,21720161500010,2025,Collectivité Territoriale,Commune,['Sarthe'],['Pays de la Loire'],COM,{72},{52}
0029c507-c404-40fd-844b-618b55eef524,215704107,Commune de Lhor (57),false,{57410},Commune,2026-03-24 14:42:03.701372+01,gold_establishments_2025,,,,21570410700014,2025,Collectivité Territoriale,Commune,['Moselle'],['Grand Est'],COM,{57},{44}
bbde90ee-5947-4971-99ff-55372d085bf7,217901495,Commune de Lhoumois (79),false,{79149},Commune,2026-03-24 14:42:09.43682+01,gold_establishments_2025,,,,21790149500010,2025,Collectivité Territoriale,Commune,['Deux-Sèvres'],['Nouvelle-Aquitaine'],COM,{79},{75}
3a373dcb-2ced-4bd0-a3e7-0c0fdca5fcd0,210102166,Commune de Lhuis (01),false,{01216},Commune,2026-03-24 14:41:51.447482+01,gold_establishments_2025,,,,21010216600019,2025,Collectivité Territoriale,Commune,['Ain'],['Auvergne-Rhône-Alpes'],COM,{01},{84}
94e77217-dca4-4198-83e7-1d28670633e3,210204061,Commune de Lhuys (02),false,{02427},Commune,2026-03-24 14:41:52.020251+01,gold_establishments_2025,,,,21020406100019,2025,Collectivité Territoriale,Commune,['Aisne'],['Hauts-de-France'],COM,{02},{32}
cbd040dc-6a05-4b26-ad5b-c2b3f35b61ae,211001888,Commune de Lhuître (10),false,{10195},Commune,2026-03-24 14:41:53.095366+01,gold_establishments_2025,,,,21100188800018,2025,Collectivité Territoriale,Commune,['Aube'],['Grand Est'],COM,{10},{44}
f0d18870-cbde-4883-87c8-ba9da2151fe6,216003566,Commune de Lhéraule (60),false,{60359},Commune,2026-03-24 14:42:04.814328+01,gold_establishments_2025,,,,21600356600017,2025,Collectivité Territoriale,Commune,['Oise'],['Hauts-de-France'],COM,{60},{32}
377c7c5a-87eb-423b-b6f9-6a57c6c44325,215103003,Commune de Lhéry (51),false,{51321},Commune,2026-03-24 14:42:01.954481+01,gold_establishments_2025,,,,21510300300012,2025,Collectivité Territoriale,Commune,['Marne'],['Grand Est'],COM,{51},{44}
9373bf66-1ec6-4a89-9740-d34ce1e91c16,216502732,Commune de Liac (65),false,{65273},Commune,2026-03-24 14:42:06.665412+01,gold_establishments_2025,,,,21650273200011,2025,Collectivité Territoriale,Commune,['Hautes-Pyrénées'],['Occitanie'],COM,{65},{76}
70fd2012-456a-4d4b-a9ae-f81c4eda92a8,216003574,Commune de Liancourt (60),false,{60360},Commune,2026-03-24 14:42:04.814328+01,gold_establishments_2025,,,,21600357400011,2025,Collectivité Territoriale,Commune,['Oise'],['Hauts-de-France'],COM,{60},{32}
97abd455-077e-4753-b15f-fd5494981e9c,218004505,Commune de Liancourt-Fosse (80),false,{80473},Commune,2026-03-24 14:42:09.967209+01,gold_establishments_2025,,,,21800450500010,2025,Collectivité Territoriale,Commune,['Somme'],['Hauts-de-France'],COM,{80},{32}
0227101a-ac39-490f-9ad7-64513f5248ed,216003582,Commune de Liancourt-Saint-Pierre (60),false,{60361},Commune,2026-03-24 14:42:04.814328+01,gold_establishments_2025,,,,21600358200014,2025,Collectivité Territoriale,Commune,['Oise'],['Hauts-de-France'],COM,{60},{32}
6744887b-8fa6-44ca-bb38-acd5b835e3d8,210802302,Commune de Liart (08),false,{08254},Commune,2026-03-24 14:41:53.095366+01,gold_establishments_2025,,,,21080230200013,2025,Collectivité Territoriale,Commune,['Ardennes'],['Grand Est'],COM,{08},{44}
3fbc266f-0908-4d6b-8e98-cf274c6a5c29,213202104,Commune de Lias (32),false,{32210},Commune,2026-03-24 14:41:58.09424+01,gold_establishments_2025,,,,21320210400013,2025,Collectivité Territoriale,Commune,['Gers'],['Occitanie'],COM,{32},{76}
6281d755-476a-4ae7-aaf5-e1da9c74bc59,213202112,Commune de Lias-d'Armagnac (32),false,{32211},Commune,2026-03-24 14:41:58.09424+01,gold_establishments_2025,,,,21320211200016,2025,Collectivité Territoriale,Commune,['Gers'],['Occitanie'],COM,{32},{76}
c8afdd1d-428c-4867-8d94-b24c25a85d28,213401375,Commune de Liausson (34),false,{34137},Commune,2026-03-24 14:41:58.620411+01,gold_establishments_2025,,,,21340137500018,2025,Collectivité Territoriale,Commune,['Hérault'],['Occitanie'],COM,{34},{76}
19f87685-5c5b-43fe-bffb-8475adcb0705,216502740,Commune de Libaros (65),false,{65274},Commune,2026-03-24 14:42:06.665412+01,gold_establishments_2025,,,,21650274000014,2025,Collectivité Territoriale,Commune,['Hautes-Pyrénées'],['Occitanie'],COM,{65},{76}
9df3d2c7-478c-462b-9a16-fa09baeb7b4a,216209072,Commune de Libercourt (62),false,{62907},Commune,2026-03-24 14:42:06.130387+01,gold_establishments_2025,,,,21620907200018,2025,Collectivité Territoriale,Commune,['Pas-de-Calais'],['Hauts-de-France'],COM,{62},{32}
52f655e4-d42f-45a8-9ecd-9e254873db51,216003590,Commune de Libermont (60),false,{60362},Commune,2026-03-24 14:42:04.814328+01,gold_establishments_2025,,,,21600359000017,2025,Collectivité Territoriale,Commune,['Oise'],['Hauts-de-France'],COM,{60},{32}
91c58310-3ae9-47c2-86d6-442437c7e5d3,213302433,Commune de Libourne (33),false,{33243},Commune,2026-03-24 14:41:58.620411+01,gold_establishments_2025,,,,21330243300015,2025,Collectivité Territoriale,Commune,['Gironde'],['Nouvelle-Aquitaine'],COM,{33},{75}
c80be484-c49a-444e-8832-eaef1bea430a,212103485,Commune de Licey-sur-Vingeanne (21),false,{21348},Commune,2026-03-24 14:41:55.433389+01,gold_establishments_2025,,,,21210348500018,2025,Collectivité Territoriale,Commune,"[""Côte-d'Or""]",['Bourgogne-Franche-Comté'],COM,{21},{27}
305dca94-020a-4b1e-bf7b-9079c1f8e36a,216403402,Commune de Lichans-Sunhar (64),false,{64340},Commune,2026-03-24 14:42:06.665412+01,gold_establishments_2025,,,,21640340200011,2025,Collectivité Territoriale,Commune,['Pyrénées-Atlantiques'],['Nouvelle-Aquitaine'],COM,{64},{75}
4d8d07d8-9220-48c5-b188-91c5840d7835,216403410,Commune de Lichos (64),false,{64341},Commune,2026-03-24 14:42:06.665412+01,gold_establishments_2025,,,,21640341000014,2025,Collectivité Territoriale,Commune,['Pyrénées-Atlantiques'],['Nouvelle-Aquitaine'],COM,{64},{75}
3e16416e-6fcb-455b-a169-bab526d68657,216702654,Commune de Lichtenberg (67),false,{67265},Commune,2026-03-24 14:42:07.195692+01,gold_establishments_2025,,,,21670265400056,2025,Collectivité Territoriale,Commune,['Bas-Rhin'],['Grand Est'],COM,{67},{44}
4b34458f-bdbd-4101-aa0c-2114f751b013,211601844,Commune de Lichères (16),false,{16184},Commune,2026-03-24 14:41:54.362296+01,gold_establishments_2025,,,,21160184400015,2025,Collectivité Territoriale,Commune,['Charente'],['Nouvelle-Aquitaine'],COM,{16},{75}
19b78c20-6b20-4bc8-9d6e-80eeec6ad5d6,218902245,Commune de Lichères-près-Aigremont (89),false,{89224},Commune,2026-03-24 14:42:11.118516+01,gold_establishments_2025,,,,21890224500016,2025,Collectivité Territoriale,Commune,['Yonne'],['Bourgogne-Franche-Comté'],COM,{89},{27}
851442ec-3e28-4fd4-972f-b0e2d5bf812f,218902252,Commune de Lichères-sur-Yonne (89),false,{89225},Commune,2026-03-24 14:42:11.118516+01,gold_establishments_2025,,,,21890225200012,2025,Collectivité Territoriale,Commune,['Yonne'],['Bourgogne-Franche-Comté'],COM,{89},{27}
62550a0d-402d-4f71-94eb-81efa14b7cf1,218004513,Commune de Licourt (80),false,{80474},Commune,2026-03-24 14:42:09.967209+01,gold_establishments_2025,,,,21800451300014,2025,Collectivité Territoriale,Commune,['Somme'],['Hauts-de-France'],COM,{80},{32}
ede417b4-fd1f-40aa-8cd3-f28a82504b95,216403428,Commune de Licq-Athérey (64),false,{64342},Commune,2026-03-24 14:42:06.665412+01,gold_establishments_2025,,,,21640342800016,2025,Collectivité Territoriale,Commune,['Pyrénées-Atlantiques'],['Nouvelle-Aquitaine'],COM,{64},{75}
eb863ade-924b-4d4f-ab27-02d091c71943,216205062,Commune de Licques (62),false,{62506},Commune,2026-03-24 14:42:05.597325+01,gold_establishments_2025,,,,21620506200013,2025,Collectivité Territoriale,Commune,['Pas-de-Calais'],['Hauts-de-France'],COM,{62},{32}
72c31a94-c799-4014-8bb7-91ed1b0ab9b6,210204079,Commune de Licy-Clignon (02),false,{02428},Commune,2026-03-24 14:41:52.020251+01,gold_establishments_2025,,,,21020407900011,2025,Collectivité Territoriale,Commune,['Aisne'],['Hauts-de-France'],COM,{02},{32}
940b5ce9-2ece-488e-a686-2f6c62232442,215704016,Commune de Lidrezing (57),false,{57401},Commune,2026-03-24 14:42:03.701372+01,gold_establishments_2025,,,,21570401600017,2025,Collectivité Territoriale,Commune,['Moselle'],['Grand Est'],COM,{57},{44}
de72624a-0c1a-42ba-82a3-85b8a1d15421,216801837,Commune de Liebenswiller (68),false,{68183},Commune,2026-03-24 14:42:07.195692+01,gold_establishments_2025,,,,21680183700016,2025,Collectivité Territoriale,Commune,['Haut-Rhin'],['Grand Est'],COM,{68},{44}
7f37ffdb-857b-4f4f-95da-48520ca01e33,216801845,Commune de Liebsdorf (68),false,{68184},Commune,2026-03-24 14:42:07.195692+01,gold_establishments_2025,,,,21680184500019,2025,Collectivité Territoriale,Commune,['Haut-Rhin'],['Grand Est'],COM,{68},{44}
fc5fbed7-6ded-494d-98d2-7fc3a4dd21ec,212503353,Commune de Liebvillers (25),false,{25335},Commune,2026-03-24 14:41:56.495197+01,gold_establishments_2025,,,,21250335300014,2025,Collectivité Territoriale,Commune,['Doubs'],['Bourgogne-Franche-Comté'],COM,{25},{27}
95588f88-bde7-4fb9-aa78-53c42235258a,215704024,Commune de Liederschiedt (57),false,{57402},Commune,2026-03-24 14:42:03.701372+01,gold_establishments_2025,,,,21570402400011,2025,Collectivité Territoriale,Commune,['Moselle'],['Grand Est'],COM,{57},{44}
df553524-266b-41e0-b8dd-eb9af0981229,217003011,Commune de Lieffrans (70),false,{70301},Commune,2026-03-24 14:42:07.735343+01,gold_establishments_2025,,,,21700301100012,2025,Collectivité Territoriale,Commune,['Haute-Saône'],['Bourgogne-Franche-Comté'],COM,{70},{27}
690e48e6-b593-4e79-9c99-820d3605f72a,216205070,Commune de Liencourt (62),false,{62507},Commune,2026-03-24 14:42:05.597325+01,gold_establishments_2025,,,,21620507000016,2025,Collectivité Territoriale,Commune,['Pas-de-Calais'],['Hauts-de-France'],COM,{62},{32}
533fd0c8-f63c-4580-a62d-c913ccea91b8,200014512,Commune de Lieoux (31),false,{31300},Commune,2026-03-24 14:41:58.09424+01,gold_establishments_2025,,,,20001451200012,2025,Collectivité Territoriale,Commune,['Haute-Garonne'],['Occitanie'],COM,{31},{76}
c41d8025-0427-47e9-aad4-242a42e8ec21,218004539,Commune de Liercourt (80),false,{80476},Commune,2026-03-24 14:42:09.967209+01,gold_establishments_2025,,,,21800453900019,2025,Collectivité Territoriale,Commune,['Somme'],['Hauts-de-France'],COM,{80},{32}
e157b05d-60d5-4c65-8dcd-89e3e4cd7e6b,212103493,Commune de Liernais (21),false,{21349},Commune,2026-03-24 14:41:55.433389+01,gold_establishments_2025,,,,21210349300012,2025,Collectivité Territoriale,Commune,"[""Côte-d'Or""]",['Bourgogne-Franche-Comté'],COM,{21},{27}
f979065c-0ec3-460f-8ed5-8b3a8f75bb99,210301446,Commune de Liernolles (03),false,{03144},Commune,2026-03-24 14:41:52.020251+01,gold_establishments_2025,,,,21030144600014,2025,Collectivité Territoriale,Commune,['Allier'],['Auvergne-Rhône-Alpes'],COM,{03},{84}
b97b951d-350d-4782-a6e4-98a265001b1e,210204087,Commune de Lierval (02),false,{02429},Commune,2026-03-24 14:41:52.020251+01,gold_establishments_2025,,,,21020408700014,2025,Collectivité Territoriale,Commune,['Aisne'],['Hauts-de-France'],COM,{02},{32}
c0c72521-ac4b-403b-af7a-b9b914f845d6,216003608,Commune de Lierville (60),false,{60363},Commune,2026-03-24 14:42:04.814328+01,gold_establishments_2025,,,,21600360800017,2025,Collectivité Territoriale,Commune,['Oise'],['Hauts-de-France'],COM,{60},{32}
fa96a697-ee27-49d3-b88e-1c3a90368354,216502757,Commune de Lies (65),false,{65275},Commune,2026-03-24 14:42:06.665412+01,gold_establishments_2025,,,,21650275700018,2025,Collectivité Territoriale,Commune,['Hautes-Pyrénées'],['Occitanie'],COM,{65},{76}
cd13a00a-778c-4e54-8770-2aaafd7d628b,212503361,Commune de Liesle (25),false,{25336},Commune,2026-03-24 14:41:56.495197+01,gold_establishments_2025,,,,21250336100017,2025,Collectivité Territoriale,Commune,['Doubs'],['Bourgogne-Franche-Comté'],COM,{25},{27}
280d6c66-6d34-444e-ab58-cd77245c8ce5,210204095,Commune de Liesse-Notre-Dame (02),false,{02430},Commune,2026-03-24 14:41:52.020251+01,gold_establishments_2025,,,,21020409500017,2025,Collectivité Territoriale,Commune,['Aisne'],['Hauts-de-France'],COM,{02},{32}
2d6cfac7-c409-46b3-b95b-aa50a377cd98,215903477,Commune de Liessies (59),false,{59347},Commune,2026-03-24 14:42:04.280096+01,gold_establishments_2025,,,,21590347700010,2025,Collectivité Territoriale,Commune,['Nord'],['Hauts-de-France'],COM,{59},{32}
b98dd3e2-bb99-4b74-95c3-bc82e7339d8e,215002692,Commune de Liesville-sur-Douve (50),false,{50269},Commune,2026-03-24 14:42:01.412377+01,gold_establishments_2025,,,,21500269200014,2025,Collectivité Territoriale,Commune,['Manche'],['Normandie'],COM,{50},{28}
cf053f16-68db-4036-872b-21f1c84f7d3f,216205096,Commune de Liettres (62),false,{62509},Commune,2026-03-24 14:42:05.597325+01,gold_establishments_2025,,,,21620509600011,2025,Collectivité Territoriale,Commune,['Pas-de-Calais'],['Hauts-de-France'],COM,{62},{32}
b1783b51-a1d8-4180-9949-19df57fb1d6f,215903485,Commune de Lieu-Saint-Amand (59),false,{59348},Commune,2026-03-24 14:42:04.280096+01,gold_establishments_2025,,,,21590348500013,2025,Collectivité Territoriale,Commune,['Nord'],['Hauts-de-France'],COM,{59},{32}
4e12f20f-3e3d-46c1-b82d-61270a06f193,210600763,Commune de Lieuche (06),false,{06076},Commune,2026-03-24 14:41:52.562531+01,gold_establishments_2025,,,,21060076300010,2025,Collectivité Territoriale,Commune,['Alpes-Maritimes'],"[""Provence-Alpes-Côte d'Azur""]",COM,{06},{93}
fe9d3e54-f31f-4432-aab2-ae55cdbd264a,217003029,Commune de Lieucourt (70),false,{70302},Commune,2026-03-24 14:42:07.735343+01,gold_establishments_2025,,,,21700302900014,2025,Collectivité Territoriale,Commune,['Haute-Saône'],['Bourgogne-Franche-Comté'],COM,{70},{27}
12243d4b-f2d8-4b01-91b9-67fbdf0385ba,213802119,Commune de Lieudieu (38),false,{38211},Commune,2026-03-24 14:41:59.160244+01,gold_establishments_2025,,,,21380211900015,2025,Collectivité Territoriale,Commune,['Isère'],['Auvergne-Rhône-Alpes'],COM,{38},{84}
3faec4cd-df8b-43af-bfd7-cc905520fc3e,210901682,Commune de Lieurac (09),false,{09168},Commune,2026-03-24 14:41:53.095366+01,gold_establishments_2025,,,,21090168200018,2025,Collectivité Territoriale,Commune,['Ariège'],['Occitanie'],COM,{09},{76}
9ffa1ba0-abd6-46a0-ac8b-6b17af81db98,213401383,Commune de Lieuran-Cabrières (34),false,{34138},Commune,2026-03-24 14:41:58.620411+01,gold_establishments_2025,,,,21340138300012,2025,Collectivité Territoriale,Commune,['Hérault'],['Occitanie'],COM,{34},{76}
ccb8b36f-d5df-4f3b-b01f-4514b327f388,213401391,Commune de Lieuran-lès-Béziers (34),false,{34139},Commune,2026-03-24 14:41:58.620411+01,gold_establishments_2025,,,,21340139100015,2025,Collectivité Territoriale,Commune,['Hérault'],['Occitanie'],COM,{34},{76}
b1390d31-0e0d-48eb-bdc0-2ccd1e6c812d,212703672,Commune de Lieurey (27),false,{27367},Commune,2026-03-24 14:41:57.028721+01,gold_establishments_2025,,,,21270367200015,2025,Collectivité Territoriale,Commune,['Eure'],['Normandie'],COM,{27},{28}
b5b39eb9-0432-4987-ab06-5ffa12f259c2,213501513,Commune de Lieuron (35),false,{35151},Commune,2026-03-24 14:41:58.620411+01,gold_establishments_2025,,,,21350151300013,2025,Collectivité Territoriale,Commune,['Ille-et-Vilaine'],['Bretagne'],COM,{35},{53}
76972b0b-e43d-4e21-aa0b-4577697f4db4,215002700,Commune de Lieusaint (50),false,{50270},Commune,2026-03-24 14:42:01.412377+01,gold_establishments_2025,,,,21500270000015,2025,Collectivité Territoriale,Commune,['Manche'],['Normandie'],COM,{50},{28}
f93d61e9-7679-4f8c-ab69-0822530e8540,217702513,Commune de Lieusaint (77),false,{77251},Commune,2026-03-24 14:42:09.43682+01,gold_establishments_2025,,,,21770251300011,2025,Collectivité Territoriale,Commune,['Seine-et-Marne'],['Île-de-France'],COM,{77},{11}
e1d59e2e-9542-400a-93ef-eaae5d98f345,211501069,Commune de Lieutadès (15),false,{15106},Commune,2026-03-24 14:41:54.362296+01,gold_establishments_2025,,,,21150106900010,2025,Collectivité Territoriale,Commune,['Cantal'],['Auvergne-Rhône-Alpes'],COM,{15},{84}
0433c688-b022-4e5c-a9a5-f05fc2f6beb4,216003616,Commune de Lieuvillers (60),false,{60364},Commune,2026-03-24 14:42:04.814328+01,gold_establishments_2025,,,,21600361600010,2025,Collectivité Territoriale,Commune,['Oise'],['Hauts-de-France'],COM,{60},{32}
08c5a363-e4c6-4ba4-8d69-615cdf8df163,210204103,Commune de Liez (02),false,{02431},Commune,2026-03-24 14:41:52.020251+01,gold_establishments_2025,,,,21020410300019,2025,Collectivité Territoriale,Commune,['Aisne'],['Hauts-de-France'],COM,{02},{32}
5a60c97c-e7af-4d28-a833-bf5d46e06e46,218501237,Commune de Liez (85),false,{85123},Commune,2026-03-24 14:42:10.508772+01,gold_establishments_2025,,,,21850123700018,2025,Collectivité Territoriale,Commune,['Vendée'],['Pays de la Loire'],COM,{85},{52}
b35b6a10-4c83-4020-9cda-d8bf84cff62a,218802700,Commune de Liffol-le-Grand (88),false,{88270},Commune,2026-03-24 14:42:11.118516+01,gold_establishments_2025,,,,21880270000011,2025,Collectivité Territoriale,Commune,['Vosges'],['Grand Est'],COM,{88},{44}
62b5d4ef-ae7f-4938-8f86-598550d9afdf,215202052,Commune de Liffol-le-Petit (52),false,{52289},Commune,2026-03-24 14:42:01.954481+01,gold_establishments_2025,,,,21520205200050,2025,Collectivité Territoriale,Commune,['Haute-Marne'],['Grand Est'],COM,{52},{44}
2cc2a299-6aab-4aad-b0b3-f351a098dcc4,213501521,Commune de Liffré (35),false,{35152},Commune,2026-03-24 14:41:58.620411+01,gold_establishments_2025,,,,21350152100016,2025,Collectivité Territoriale,Commune,['Ille-et-Vilaine'],['Bretagne'],COM,{35},{53}
5abddead-86cf-43bb-86cb-e69ea182e910,213202120,Commune de Ligardes (32),false,{32212},Commune,2026-03-24 14:41:58.09424+01,gold_establishments_2025,,,,21320212000019,2025,Collectivité Territoriale,Commune,['Gers'],['Occitanie'],COM,{32},{76}
8104f620-f139-4d4b-97f3-a0d8d8f05287,218004547,Commune de Ligescourt (80),false,{80477},Commune,2026-03-24 14:42:09.967209+01,gold_establishments_2025,,,,21800454700012,2025,Collectivité Territoriale,Commune,['Somme'],['Hauts-de-France'],COM,{80},{32}
ec577360-5cda-4b83-8d0d-a7064b85960b,211911300,Commune de Liginiac (19),false,{19113},Commune,2026-03-24 14:41:54.903238+01,gold_establishments_2025,,,,21191130000013,2025,Collectivité Territoriale,Commune,['Corrèze'],['Nouvelle-Aquitaine'],COM,{19},{75}
42ec74e5-7b8f-48fe-a71f-8ac087f8d3f6,218601326,Commune de Liglet (86),false,{86132},Commune,2026-03-24 14:42:10.508772+01,gold_establishments_2025,,,,21860132600018,2025,Collectivité Territoriale,Commune,['Vienne'],['Nouvelle-Aquitaine'],COM,{86},{75}
aa0bb949-ecac-4076-b7de-28fae90c459c,213600943,Commune de Lignac (36),false,{36094},Commune,2026-03-24 14:41:59.160244+01,gold_establishments_2025,,,,21360094300012,2025,Collectivité Territoriale,Commune,['Indre'],['Centre-Val de Loire'],COM,{36},{24}
7ca637f5-0f7c-43dd-813d-6bf3eef9c04c,211102041,Commune de Lignairolles (11),false,{11204},Commune,2026-03-24 14:41:53.63825+01,gold_establishments_2025,,,,21110204100012,2025,Collectivité Territoriale,Commune,['Aude'],['Occitanie'],COM,{11},{76}
972b7097-d2d6-402c-80c9-a046d0a931d4,213302441,Commune de Lignan-de-Bazas (33),false,{33244},Commune,2026-03-24 14:41:58.620411+01,gold_establishments_2025,,,,21330244100018,2025,Collectivité Territoriale,Commune,['Gironde'],['Nouvelle-Aquitaine'],COM,{33},{75}
04699384-ed11-4aa4-bab1-f7a6cdc1e2b0,213302458,Commune de Lignan-de-Bordeaux (33),false,{33245},Commune,2026-03-24 14:41:58.620411+01,gold_establishments_2025,,,,21330245800012,2025,Collectivité Territoriale,Commune,['Gironde'],['Nouvelle-Aquitaine'],COM,{33},{75}
080f2851-39b1-4875-9711-5b3b7031f365,213401409,Commune de Lignan-sur-Orb (34),false,{34140},Commune,2026-03-24 14:41:58.620411+01,gold_establishments_2025,,,,21340140900015,2025,Collectivité Territoriale,Commune,['Hérault'],['Occitanie'],COM,{34},{76}
a0225dd0-3b83-4785-81d8-862432c8a4c1,211911409,Commune de Lignareix (19),false,{19114},Commune,2026-03-24 14:41:54.903238+01,gold_establishments_2025,,,,21191140900012,2025,Collectivité Territoriale,Commune,['Corrèze'],['Nouvelle-Aquitaine'],COM,{19},{75}
d34e972c-74bd-4f81-831c-8e07201618ee,216205112,Commune de Lignereuil (62),false,{62511},Commune,2026-03-24 14:42:05.597325+01,gold_establishments_2025,,,,21620511200016,2025,Collectivité Territoriale,Commune,['Pas-de-Calais'],['Hauts-de-France'],COM,{62},{32}
16cbea91-55fa-4643-ad70-f1d9178e6102,210301453,Commune de Lignerolles (03),false,{03145},Commune,2026-03-24 14:41:52.020251+01,gold_establishments_2025,,,,21030145300010,2025,Collectivité Territoriale,Commune,['Allier'],['Auvergne-Rhône-Alpes'],COM,{03},{84}
bcca50d5-20b9-4e90-9259-5ed63ac42288,212103501,Commune de Lignerolles (21),false,{21350},Commune,2026-03-24 14:41:55.433389+01,gold_establishments_2025,,,,21210350100012,2025,Collectivité Territoriale,Commune,"[""Côte-d'Or""]",['Bourgogne-Franche-Comté'],COM,{21},{27}
1970c49d-ab35-41f1-b318-6546e2c9510a,212703680,Commune de Lignerolles (27),false,{27368},Commune,2026-03-24 14:41:57.028721+01,gold_establishments_2025,,,,21270368000018,2025,Collectivité Territoriale,Commune,['Eure'],['Normandie'],COM,{27},{28}
14ce00bf-94fe-4eca-81bf-d6f0c7d2761b,213600950,Commune de Lignerolles (36),false,{36095},Commune,2026-03-24 14:41:59.160244+01,gold_establishments_2025,,,,21360095000017,2025,Collectivité Territoriale,Commune,['Indre'],['Centre-Val de Loire'],COM,{36},{24}
d2b334f5-62f6-4b0a-8753-0bd006f47a73,211911508,Commune de Ligneyrac (19),false,{19115},Commune,2026-03-24 14:41:54.903238+01,gold_establishments_2025,,,,21191150800011,2025,Collectivité Territoriale,Commune,['Corrèze'],['Nouvelle-Aquitaine'],COM,{19},{75}
7f6e3fe0-575c-432e-8888-5183c23b538a,211001896,Commune de Lignières (10),false,{10196},Commune,2026-03-24 14:41:53.095366+01,gold_establishments_2025,,,,21100189600011,2025,Collectivité Territoriale,Commune,['Aube'],['Grand Est'],COM,{10},{44}
863635a3-60c8-40e7-bb52-4513e87ec86c,211801279,Commune de Lignières (18),false,{18127},Commune,2026-03-24 14:41:54.903238+01,gold_establishments_2025,,,,21180127900012,2025,Collectivité Territoriale,Commune,['Cher'],['Centre-Val de Loire'],COM,{18},{24}
01a265ad-f083-45fe-a4c7-4c95d0f48e32,214101156,Commune de Lignières (41),false,{41115},Commune,2026-03-24 14:42:00.273698+01,gold_establishments_2025,,,,21410115600013,2025,Collectivité Territoriale,Commune,['Loir-et-Cher'],['Centre-Val de Loire'],COM,{41},{24}
86ac1f29-8a93-4aff-b5bd-5660e1301c2c,218004554,Commune de Lignières (80),false,{80478},Commune,2026-03-24 14:42:09.967209+01,gold_establishments_2025,,,,21800455400018,2025,Collectivité Territoriale,Commune,['Somme'],['Hauts-de-France'],COM,{80},{32}
da4a8356-acaf-4d11-91eb-856c8be6f450,200096444,Commune de Lignières-Ambleville (16),false,{16186},Commune,2026-03-24 14:41:54.362296+01,gold_establishments_2025,,,,20009644400019,2025,Collectivité Territoriale,Commune,['Charente'],['Nouvelle-Aquitaine'],COM,{16},{75}
86d56888-f97d-4c51-8b42-e866d68a83b4,218004562,Commune de Lignières-Châtelain (80),false,{80479},Commune,2026-03-24 14:42:09.967209+01,gold_establishments_2025,,,,21800456200011,2025,Collectivité Territoriale,Commune,['Somme'],['Hauts-de-France'],COM,{80},{32}
64d9c568-79a4-464b-948c-d534c2a7b766,215301334,Commune de Lignières-Orgères (53),false,{53133},Commune,2026-03-24 14:42:02.957225+01,gold_establishments_2025,,,,21530133400011,2025,Collectivité Territoriale,Commune,['Mayenne'],['Pays de la Loire'],COM,{53},{52}
60d53594-fdfe-4dc4-a5ab-fa313040ed70,213701287,Commune de Lignières-de-Touraine (37),false,{37128},Commune,2026-03-24 14:41:59.160244+01,gold_establishments_2025,,,,21370128700012,2025,Collectivité Territoriale,Commune,['Indre-et-Loire'],['Centre-Val de Loire'],COM,{37},{24}
4a1607ad-f476-44b9-bfba-d968bffdc595,218004570,Commune de Lignières-en-Vimeu (80),false,{80480},Commune,2026-03-24 14:42:09.967209+01,gold_establishments_2025,,,,21800457000014,2025,Collectivité Territoriale,Commune,['Somme'],['Hauts-de-France'],COM,{80},{32}
868f64bf-2e9a-4eca-bb74-1b0ab00d3fc3,215502907,Commune de Lignières-sur-Aire (55),false,{55290},Commune,2026-03-24 14:42:03.701372+01,gold_establishments_2025,,,,21550290700011,2025,Collectivité Territoriale,Commune,['Meuse'],['Grand Est'],COM,{55},{44}
447c0ddf-498b-4bc0-b511-d563d867d782,215601105,Commune de Lignol (56),false,{56110},Commune,2026-03-24 14:42:03.701372+01,gold_establishments_2025,,,,21560110500012,2025,Collectivité Territoriale,Commune,['Morbihan'],['Bretagne'],COM,{56},{53}
a085d8e6-6a37-45dd-9ebb-d97a6f64ff0d,211001904,Commune de Lignol-le-Château (10),false,{10197},Commune,2026-03-24 14:41:53.095366+01,gold_establishments_2025,,,,21100190400013,2025,Collectivité Territoriale,Commune,['Aube'],['Grand Est'],COM,{10},{44}
96db48bc-bc51-4f39-8861-97173a6d441e,215103011,Commune de Lignon (51),false,{51322},Commune,2026-03-24 14:42:01.954481+01,gold_establishments_2025,,,,21510301100015,2025,Collectivité Territoriale,Commune,['Marne'],['Grand Est'],COM,{51},{44}
6cbd328f-727e-408d-9b08-77433390a957,218902260,Commune de Lignorelles (89),false,{89226},Commune,2026-03-24 14:42:11.118516+01,gold_establishments_2025,,,,21890226000015,2025,Collectivité Territoriale,Commune,['Yonne'],['Bourgogne-Franche-Comté'],COM,{89},{27}
e5864354-56c1-48fc-9cf1-b1dc51619183,216102277,Commune de Lignou (61),false,{61227},Commune,2026-03-24 14:42:05.597325+01,gold_establishments_2025,,,,21610227700011,2025,Collectivité Territoriale,Commune,['Orne'],['Normandie'],COM,{61},{28}
e8f61edd-26b3-4340-bdeb-c7237e19a2a4,216205146,Commune de Ligny-Saint-Flochel (62),false,{62514},Commune,2026-03-24 14:42:05.597325+01,gold_establishments_2025,,,,21620514600014,2025,Collectivité Territoriale,Commune,['Pas-de-Calais'],['Hauts-de-France'],COM,{62},{32}
3762ea7a-7693-40c0-9178-11e6a2259eec,216205153,Commune de Ligny-Thilloy (62),false,{62515},Commune,2026-03-24 14:42:05.597325+01,gold_establishments_2025,,,,21620515300010,2025,Collectivité Territoriale,Commune,['Pas-de-Calais'],['Hauts-de-France'],COM,{62},{32}
b35252fc-f56a-43e7-b4d3-aa92c2178665,215502915,Commune de Ligny-en-Barrois (55),false,{55291},Commune,2026-03-24 14:42:03.701372+01,gold_establishments_2025,,,,21550291500014,2025,Collectivité Territoriale,Commune,['Meuse'],['Grand Est'],COM,{55},{44}
6a124189-0f89-457a-897f-c37db5b44957,217102599,Commune de Ligny-en-Brionnais (71),false,{71259},Commune,2026-03-24 14:42:07.735343+01,gold_establishments_2025,,,,21710259900016,2025,Collectivité Territoriale,Commune,['Saône-et-Loire'],['Bourgogne-Franche-Comté'],COM,{71},{27}
07f40105-56f2-41c5-ba31-594afa351f01,215903493,Commune de Ligny-en-Cambrésis (59),false,{59349},Commune,2026-03-24 14:42:04.280096+01,gold_establishments_2025,,,,21590349300017,2025,Collectivité Territoriale,Commune,['Nord'],['Hauts-de-France'],COM,{59},{32}
958d65e5-7f17-42cb-805e-e820bac65992,218902278,Commune de Ligny-le-Châtel (89),false,{89227},Commune,2026-03-24 14:42:11.118516+01,gold_establishments_2025,,,,21890227800017,2025,Collectivité Territoriale,Commune,['Yonne'],['Bourgogne-Franche-Comté'],COM,{89},{27}
22ebcd8a-8b0a-473a-9ed0-097a786a86fe,214501827,Commune de Ligny-le-Ribault (45),false,{45182},Commune,2026-03-24 14:42:00.862623+01,gold_establishments_2025,,,,21450182700015,2025,Collectivité Territoriale,Commune,['Loiret'],['Centre-Val de Loire'],COM,{45},{24}
fcd98fb3-edaf-4fbe-b15b-a6a4ec9dc3bf,216205120,Commune de Ligny-lès-Aire (62),false,{62512},Commune,2026-03-24 14:42:05.597325+01,gold_establishments_2025,,,,21620512000019,2025,Collectivité Territoriale,Commune,['Pas-de-Calais'],['Hauts-de-France'],COM,{62},{32}
1b07ea82-8889-4ffc-a51a-edd1d9888078,216205138,Commune de Ligny-sur-Canche (62),false,{62513},Commune,2026-03-24 14:42:05.597325+01,gold_establishments_2025,,,,21620513800037,2025,Collectivité Territoriale,Commune,['Pas-de-Calais'],['Hauts-de-France'],COM,{62},{32}
f4ec9f51-7e38-453f-ae66-27f860daf01c,216102251,Commune de Lignères (61),false,{61225},Commune,2026-03-24 14:42:05.597325+01,gold_establishments_2025,,,,21610225100016,2025,Collectivité Territoriale,Commune,['Orne'],['Normandie'],COM,{61},{28}
11ea8c77-c8b2-45a6-b25a-3769e9af6df5,211601851,Commune de Ligné (16),false,{16185},Commune,2026-03-24 14:41:54.362296+01,gold_establishments_2025,,,,21160185100010,2025,Collectivité Territoriale,Commune,['Charente'],['Nouvelle-Aquitaine'],COM,{16},{75}
172fd20c-ab71-49dd-bee1-35432a317511,214400822,Commune de Ligné (44),false,{44082},Commune,2026-03-24 14:42:00.273698+01,gold_establishments_2025,,,,21440082200083,2025,Collectivité Territoriale,Commune,['Loire-Atlantique'],['Pays de la Loire'],COM,{44},{52}
fe127032-0cf1-4865-bb50-86336b7d8a2f,218802718,Commune de Lignéville (88),false,{88271},Commune,2026-03-24 14:42:11.118516+01,gold_establishments_2025,,,,21880271800013,2025,Collectivité Territoriale,Commune,['Vosges'],['Grand Est'],COM,{88},{44}
0e640027-e65a-4e08-8aaf-d6364b1470b9,217201631,Commune de Ligron (72),false,{72163},Commune,2026-03-24 14:42:08.279287+01,gold_establishments_2025,,,,21720163100017,2025,Collectivité Territoriale,Commune,['Sarthe'],['Pays de la Loire'],COM,{72},{52}
49c93746-2bf6-48dc-8fee-cbf8f33452d8,213701295,Commune de Ligré (37),false,{37129},Commune,2026-03-24 14:41:59.160244+01,gold_establishments_2025,,,,21370129500015,2025,Collectivité Territoriale,Commune,['Indre-et-Loire'],['Centre-Val de Loire'],COM,{37},{24}
4a22c09c-f0c4-483a-829d-62ec25ef68ae,216801860,Commune de Ligsdorf (68),false,{68186},Commune,2026-03-24 14:42:07.195692+01,gold_establishments_2025,,,,21680186000018,2025,Collectivité Territoriale,Commune,['Haut-Rhin'],['Grand Est'],COM,{68},{44}
30240dcc-a6b5-4aaf-8b79-b484088eb9cb,213701303,Commune de Ligueil (37),false,{37130},Commune,2026-03-24 14:41:59.160244+01,gold_establishments_2025,,,,21370130300017,2025,Collectivité Territoriale,Commune,['Indre-et-Loire'],['Centre-Val de Loire'],COM,{37},{24}
edbe9d2e-027c-457e-8133-5eacb3d4ee4d,213302466,Commune de Ligueux (33),false,{33246},Commune,2026-03-24 14:41:58.620411+01,gold_establishments_2025,,,,21330246600015,2025,Collectivité Territoriale,Commune,['Gironde'],['Nouvelle-Aquitaine'],COM,{33},{75}
e54df8d3-a490-4216-b3a4-8e951c2c48d9,218601334,Commune de Ligugé (86),false,{86133},Commune,2026-03-24 14:42:10.508772+01,gold_establishments_2025,,,,21860133400012,2025,Collectivité Territoriale,Commune,['Vienne'],['Nouvelle-Aquitaine'],COM,{86},{75}
63723d4e-6041-49a7-a329-93414d8f9a11,218004588,Commune de Lihons (80),false,{80481},Commune,2026-03-24 14:42:09.967209+01,gold_establishments_2025,,,,21800458800016,2025,Collectivité Territoriale,Commune,['Somme'],['Hauts-de-France'],COM,{80},{32}
ac26ec0d-1df4-4449-b12b-19fc9874ff0a,216003624,Commune de Lihus (60),false,{60365},Commune,2026-03-24 14:42:04.814328+01,gold_establishments_2025,,,,21600362400014,2025,Collectivité Territoriale,Commune,['Oise'],['Hauts-de-France'],COM,{60},{32}
eabb0e22-fc7c-44cb-9565-355733ae0174,213103013,Commune de Lilhac (31),false,{31301},Commune,2026-03-24 14:41:58.09424+01,gold_establishments_2025,,,,21310301300016,2025,Collectivité Territoriale,Commune,['Haute-Garonne'],['Occitanie'],COM,{31},{76}
72f00c59-b240-4107-b3dc-30a9e9042c57,215903501,Commune de Lille (59),false,{59350},Commune,2026-03-24 14:42:04.280096+01,gold_establishments_2025,,,,21590350100017,2025,Collectivité Territoriale,Commune,['Nord'],['Hauts-de-France'],COM,{59},{32}
5fafc602-2551-4fcb-956a-84784c416aff,217603844,Commune de Lillebonne (76),false,{76384},Commune,2026-03-24 14:42:08.818969+01,gold_establishments_2025,,,,21760384400184,2025,Collectivité Territoriale,Commune,['Seine-Maritime'],['Normandie'],COM,{76},{28}
5c140d11-f0b1-4d55-a10b-3ec59e00fd02,213501539,Commune de Lillemer (35),false,{35153},Commune,2026-03-24 14:41:58.620411+01,gold_establishments_2025,,,,21350153900018,2025,Collectivité Territoriale,Commune,['Ille-et-Vilaine'],['Bretagne'],COM,{35},{53}
0a9ccf87-a2af-4b6c-89f4-12702fb84649,216205161,Commune de Lillers (62),false,{62516},Commune,2026-03-24 14:42:05.597325+01,gold_establishments_2025,,,,21620516100013,2025,Collectivité Territoriale,Commune,['Pas-de-Calais'],['Hauts-de-France'],COM,{62},{32}
a4e145a2-7637-459b-969a-6d010e4bd9bb,212703698,Commune de Lilly (27),false,{27369},Commune,2026-03-24 14:41:57.028721+01,gold_establishments_2025,,,,21270369800010,2025,Collectivité Territoriale,Commune,['Eure'],['Normandie'],COM,{27},{28}
87c8b7e6-246e-4bc7-be0a-1c931b6f0c75,217901503,Commune de Limalonges (79),false,{79150},Commune,2026-03-24 14:42:09.43682+01,gold_establishments_2025,,,,21790150300011,2025,Collectivité Territoriale,Commune,['Deux-Sèvres'],['Nouvelle-Aquitaine'],COM,{79},{75}
44047f3d-fdfb-4fb2-9d76-3338b1168328,210401048,Commune de Limans (04),false,{04104},Commune,2026-03-24 14:41:52.020251+01,gold_establishments_2025,,,,21040104800017,2025,Collectivité Territoriale,Commune,['Alpes-de-Haute-Provence'],"[""Provence-Alpes-Côte d'Azur""]",COM,{04},{93}
9280fbf0-2c1b-4e68-acb5-586ecf0b0dd8,215801424,Commune de Limanton (58),false,{58142},Commune,2026-03-24 14:42:04.280096+01,gold_establishments_2025,,,,21580142400015,2025,Collectivité Territoriale,Commune,['Nièvre'],['Bourgogne-Franche-Comté'],COM,{58},{27}
6c20ae64-3dad-4519-9686-039177c5c8d4,216901157,Commune de Limas (69),false,{69115},Commune,2026-03-24 14:42:07.195692+01,gold_establishments_2025,,,,21690115700018,2025,Collectivité Territoriale,Commune,['Rhône'],['Auvergne-Rhône-Alpes'],COM,{69},{84}
bcb480f0-28d8-403e-8c90-f059bc56fdda,217803352,Commune de Limay (78),false,{78335},Commune,2026-03-24 14:42:09.43682+01,gold_establishments_2025,,,,21780335200137,2025,Collectivité Territoriale,Commune,['Yvelines'],['Île-de-France'],COM,{78},{11}
54dc57bc-4d52-4f1d-82c4-901f7aa40dc0,210901690,Commune de Limbrassac (09),false,{09169},Commune,2026-03-24 14:41:53.095366+01,gold_establishments_2025,,,,21090169000011,2025,Collectivité Territoriale,Commune,['Ariège'],['Occitanie'],COM,{09},{76}
82780f05-1cfb-4abb-9d45-1e02e5724ab0,219400447,Commune de Limeil-Brévannes (94),false,{94044},Commune,2026-03-24 14:42:11.659493+01,gold_establishments_2025,,,,21940044700013,2025,Collectivité Territoriale,Commune,['Val-de-Marne'],['Île-de-France'],COM,{94},{11}
37fcf41d-303b-4d3e-8610-78f7b8a4f8fe,216403436,Commune de Limendous (64),false,{64343},Commune,2026-03-24 14:42:06.665412+01,gold_establishments_2025,,,,21640343600019,2025,Collectivité Territoriale,Commune,['Pyrénées-Atlantiques'],['Nouvelle-Aquitaine'],COM,{64},{75}
f2238020-ba92-4592-a6a7-e6d063e787a0,213701311,Commune de Limeray (37),false,{37131},Commune,2026-03-24 14:41:59.160244+01,gold_establishments_2025,,,,21370131100010,2025,Collectivité Territoriale,Commune,['Indre-et-Loire'],['Centre-Val de Loire'],COM,{37},{24}
2582795e-b7b2-4a69-9dc9-d50dea342024,216702662,Commune de Limersheim (67),false,{67266},Commune,2026-03-24 14:42:07.195692+01,gold_establishments_2025,,,,21670266200018,2025,Collectivité Territoriale,Commune,['Bas-Rhin'],['Grand Est'],COM,{67},{44}
afd94c32-7c0e-4b6b-aa76-8361c560d240,215601113,Commune de Limerzel (56),false,{56111},Commune,2026-03-24 14:42:03.701372+01,gold_establishments_2025,,,,21560111300016,2025,Collectivité Territoriale,Commune,['Morbihan'],['Bretagne'],COM,{56},{53}
6b316428-ca24-446a-b51e-ef32d5ccbd0f,217803378,Commune de Limetz-Villez (78),false,{78337},Commune,2026-03-24 14:42:09.43682+01,gold_establishments_2025,,,,21780337800017,2025,Collectivité Territoriale,Commune,['Yvelines'],['Île-de-France'],COM,{78},{11}
49784a27-f8a9-4e48-9d3f-3c75da1c6e49,212402408,Commune de Limeuil (24),false,{24240},Commune,2026-03-24 14:41:55.958138+01,gold_establishments_2025,,,,21240240800018,2025,Collectivité Territoriale,Commune,['Dordogne'],['Nouvelle-Aquitaine'],COM,{24},{75}
01b655c3-e328-424c-ad0f-c31b877aa231,211801287,Commune de Limeux (18),false,{18128},Commune,2026-03-24 14:41:54.903238+01,gold_establishments_2025,,,,21180128700015,2025,Collectivité Territoriale,Commune,['Cher'],['Centre-Val de Loire'],COM,{18},{24}
608129b0-d0eb-423a-aecc-77a592fb9fcd,218004596,Commune de Limeux (80),false,{80482},Commune,2026-03-24 14:42:09.967209+01,gold_establishments_2025,,,,21800459600019,2025,Collectivité Territoriale,Commune,['Somme'],['Hauts-de-France'],COM,{80},{32}
ba378224-37a4-4d68-908d-487040c5d06e,215403163,Commune de Limey-Remenauville (54),false,{54316},Commune,2026-03-24 14:42:02.957225+01,gold_establishments_2025,,,,21540316300011,2025,Collectivité Territoriale,Commune,['Meurthe-et-Moselle'],['Grand Est'],COM,{54},{44}
ab843ab5-3dce-4771-be2a-7c2a966478b1,212402416,Commune de Limeyrat (24),false,{24241},Commune,2026-03-24 14:41:55.958138+01,gold_establishments_2025,,,,21240241600011,2025,Collectivité Territoriale,Commune,['Dordogne'],['Nouvelle-Aquitaine'],COM,{24},{75}
18000157-c1c6-466c-9a34-54ec4137354f,218708501,Commune de Limoges (87),false,{87085},Commune,2026-03-24 14:42:11.118516+01,gold_establishments_2025,,,,21870850100018,2025,Collectivité Territoriale,Commune,['Haute-Vienne'],['Nouvelle-Aquitaine'],COM,{87},{75}
bfe97921-8b14-4d4c-93ef-d08eed32ec74,217702521,Commune de Limoges-Fourches (77),false,{77252},Commune,2026-03-24 14:42:09.43682+01,gold_establishments_2025,,,,21770252100014,2025,Collectivité Territoriale,Commune,['Seine-et-Marne'],['Île-de-France'],COM,{77},{11}
5fe9f11e-d881-4c77-bff1-768597db608c,214601734,Commune de Limogne-en-Quercy (46),false,{46173},Commune,2026-03-24 14:42:00.862623+01,gold_establishments_2025,,,,21460173400012,2025,Collectivité Territoriale,Commune,['Lot'],['Occitanie'],COM,{46},{76}
9169cdc7-7145-45fe-b1e4-65a8feae1274,210301461,Commune de Limoise (03),false,{03146},Commune,2026-03-24 14:41:52.020251+01,gold_establishments_2025,,,,21030146100013,2025,Collectivité Territoriale,Commune,['Allier'],['Auvergne-Rhône-Alpes'],COM,{03},{84}
a8c8a021-4198-4393-bd00-a0cf724b2659,215801432,Commune de Limon (58),false,{58143},Commune,2026-03-24 14:42:04.280096+01,gold_establishments_2025,,,,21580143200018,2025,Collectivité Territoriale,Commune,['Nièvre'],['Bourgogne-Franche-Comté'],COM,{58},{27}
3946dd72-e60f-4ccb-8cd8-63ee76f42970,216901165,Commune de Limonest (69),false,{69116},Commune,2026-03-24 14:42:07.195692+01,gold_establishments_2025,,,,21690116500011,2025,Collectivité Territoriale,Commune,['Rhône'],['Auvergne-Rhône-Alpes'],COM,{69},{84}
df2ec553-4999-4aef-b8a0-7c9f4e9deb9b,216301960,Commune de Limons (63),false,{63196},Commune,2026-03-24 14:42:06.130387+01,gold_establishments_2025,,,,21630196000011,2025,Collectivité Territoriale,Commune,['Puy-de-Dôme'],['Auvergne-Rhône-Alpes'],COM,{63},{84}
d3006aaa-5b71-41e0-ad3e-5570546ea81e,215903519,Commune de Limont-Fontaine (59),false,{59351},Commune,2026-03-24 14:42:04.280096+01,gold_establishments_2025,,,,21590351900019,2025,Collectivité Territoriale,Commune,['Nord'],['Hauts-de-France'],COM,{59},{32}
4547b4f9-9b5d-414b-8ed8-99b2acdaaae7,210701439,Commune de Limony (07),false,{07143},Commune,2026-03-24 14:41:52.562531+01,gold_establishments_2025,,,,21070143900015,2025,Collectivité Territoriale,Commune,['Ardèche'],['Auvergne-Rhône-Alpes'],COM,{07},{84}
8dcc02f5-a15a-469c-9545-e62f10f26282,219103389,Commune de Limours (91),false,{91338},Commune,2026-03-24 14:42:11.659493+01,gold_establishments_2025,,,,21910338900017,2025,Collectivité Territoriale,Commune,['Essonne'],['Île-de-France'],COM,{91},{11}
60f53111-74c0-4049-af96-d6f5723f6bfc,211102058,Commune de Limousis (11),false,{11205},Commune,2026-03-24 14:41:53.63825+01,gold_establishments_2025,,,,21110205800016,2025,Collectivité Territoriale,Commune,['Aude'],['Occitanie'],COM,{11},{76}
02cb5a5c-6d02-4eed-a93e-e4f158ca5cc6,211102066,Commune de Limoux (11),false,{11206},Commune,2026-03-24 14:41:53.63825+01,gold_establishments_2025,,,,21110206600019,2025,Collectivité Territoriale,Commune,['Aude'],['Occitanie'],COM,{11},{76}
18564123-7685-4d2b-9d31-f2210b97524e,217603869,Commune de Limpiville (76),false,{76386},Commune,2026-03-24 14:42:08.818969+01,gold_establishments_2025,,,,21760386900017,2025,Collectivité Territoriale,Commune,['Seine-Maritime'],['Normandie'],COM,{76},{28}
ff0dc944-f55b-408d-af83-e00048e8a2b9,210204111,Commune de Limé (02),false,{02432},Commune,2026-03-24 14:41:52.020251+01,gold_establishments_2025,,,,21020411100012,2025,Collectivité Territoriale,Commune,['Aisne'],['Hauts-de-France'],COM,{02},{32}
752a5745-bbda-43ee-a939-40ddfe79b2a6,217603851,Commune de Limésy (76),false,{76385},Commune,2026-03-24 14:42:08.818969+01,gold_establishments_2025,,,,21760385100015,2025,Collectivité Territoriale,Commune,['Seine-Maritime'],['Normandie'],COM,{76},{28}
3cabbfab-e997-4442-a935-590b09377519,214601742,Commune de Linac (46),false,{46174},Commune,2026-03-24 14:42:00.862623+01,gold_establishments_2025,,,,21460174200015,2025,Collectivité Territoriale,Commune,['Lot'],['Occitanie'],COM,{46},{76}
7f99e676-9457-4054-b6f4-523cb49d7c31,200082972,Commune de Linard-Malval (23),false,{23109},Commune,2026-03-24 14:41:55.958138+01,gold_establishments_2025,,,,20008297200015,2025,Collectivité Territoriale,Commune,['Creuse'],['Nouvelle-Aquitaine'],COM,{23},{75}
df37cb3e-1f0e-4def-9b6a-e80ca83705f9,218708600,Commune de Linards (87),false,{87086},Commune,2026-03-24 14:42:11.118516+01,gold_establishments_2025,,,,21870860000018,2025,Collectivité Territoriale,Commune,['Haute-Vienne'],['Nouvelle-Aquitaine'],COM,{87},{75}
53befd89-216a-46a5-bea9-4b3b6fa19511,211601877,Commune de Linars (16),false,{16187},Commune,2026-03-24 14:41:54.362296+01,gold_establishments_2025,,,,21160187700015,2025,Collectivité Territoriale,Commune,['Charente'],['Nouvelle-Aquitaine'],COM,{16},{75}
7407f33d-6187-4f16-9e21-009ba8f2f1c0,219103397,Commune de Linas (91),false,{91339},Commune,2026-03-24 14:42:11.659493+01,gold_establishments_2025,,,,21910339700010,2025,Collectivité Territoriale,Commune,['Essonne'],['Île-de-France'],COM,{91},{11}
c010885e-e9c1-4bd8-b219-41d49bb7c821,210802310,Commune de Linay (08),false,{08255},Commune,2026-03-24 14:41:53.095366+01,gold_establishments_2025,,,,21080231000016,2025,Collectivité Territoriale,Commune,['Ardennes'],['Grand Est'],COM,{08},{44}
18158bc2-dcba-4eef-8871-0357631bf2d3,218601342,Commune de Linazay (86),false,{86134},Commune,2026-03-24 14:42:10.508772+01,gold_establishments_2025,,,,21860134200015,2025,Collectivité Territoriale,Commune,['Vienne'],['Nouvelle-Aquitaine'],COM,{86},{75}
1d8b980b-f215-46c8-b5ca-f7859addd45b,217603877,Commune de Lindebeuf (76),false,{76387},Commune,2026-03-24 14:42:08.818969+01,gold_establishments_2025,,,,21760387700010,2025,Collectivité Territoriale,Commune,['Seine-Maritime'],['Normandie'],COM,{76},{28}
a685420a-e05a-4b18-bd87-2e0068eda9df,215704040,Commune de Lindre-Basse (57),false,{57404},Commune,2026-03-24 14:42:03.701372+01,gold_establishments_2025,,,,21570404000017,2025,Collectivité Territoriale,Commune,['Moselle'],['Grand Est'],COM,{57},{44}
1a7bd918-5fbb-4354-ba35-a2e762d809b8,215704057,Commune de Lindre-Haute (57),false,{57405},Commune,2026-03-24 14:42:03.701372+01,gold_establishments_2025,,,,21570405700011,2025,Collectivité Territoriale,Commune,['Moselle'],['Grand Est'],COM,{57},{44}
b2601aaa-6ce3-452f-a52b-2bad822cf3e6,218902286,Commune de Lindry (89),false,{89228},Commune,2026-03-24 14:42:11.118516+01,gold_establishments_2025,,,,21890228600010,2025,Collectivité Territoriale,Commune,['Yonne'],['Bourgogne-Franche-Comté'],COM,{89},{27}
9c80e6fe-b5b1-4db3-ba67-ed9adba15c79,217003045,Commune de Linexert (70),false,{70304},Commune,2026-03-24 14:42:07.735343+01,gold_establishments_2025,,,,21700304500010,2025,Collectivité Territoriale,Commune,['Haute-Saône'],['Bourgogne-Franche-Comté'],COM,{70},{27}
0db4ee37-a28f-4d3c-9926-b53a15246cbc,215002718,Commune de Lingeard (50),false,{50271},Commune,2026-03-24 14:42:01.412377+01,gold_establishments_2025,,,,21500271800017,2025,Collectivité Territoriale,Commune,['Manche'],['Normandie'],COM,{50},{28}
06d5bc8e-ebf9-437d-a76c-2b3dca941d33,216205179,Commune de Linghem (62),false,{62517},Commune,2026-03-24 14:42:05.597325+01,gold_establishments_2025,,,,21620517900015,2025,Collectivité Territoriale,Commune,['Pas-de-Calais'],['Hauts-de-France'],COM,{62},{32}
6c9f35f2-a669-4d2c-aadb-2a5ac0b48442,216702670,Commune de Lingolsheim (67),false,{67267},Commune,2026-03-24 14:42:07.195692+01,gold_establishments_2025,,,,21670267000011,2025,Collectivité Territoriale,Commune,['Bas-Rhin'],['Grand Est'],COM,{67},{44}
b0c42046-8bbf-415f-92e6-d0260021ab53,212001432,Commune de Linguizzetta (2B),false,{2B143},Commune,2026-03-24 14:41:57.56054+01,gold_establishments_2025,,,,21200143200013,2025,Collectivité Territoriale,Commune,['Haute-Corse'],['Corse'],COM,{2B},{94}
2be189c0-13ea-4294-a5ef-75982df92115,211403647,Commune de Lingèvres (14),false,{14364},Commune,2026-03-24 14:41:54.362296+01,gold_establishments_2025,,,,21140364700012,2025,Collectivité Territoriale,Commune,['Calvados'],['Normandie'],COM,{14},{28}
5d86a5db-6d56-4cf7-98a5-814851648747,213600968,Commune de Lingé (36),false,{36096},Commune,2026-03-24 14:41:59.160244+01,gold_establishments_2025,,,,21360096800019,2025,Collectivité Territoriale,Commune,['Indre'],['Centre-Val de Loire'],COM,{36},{24}
49306a8c-e8ed-4e24-8239-b584e8fec5c5,218601359,Commune de Liniers (86),false,{86135},Commune,2026-03-24 14:42:10.508772+01,gold_establishments_2025,,,,21860135900019,2025,Collectivité Territoriale,Commune,['Vienne'],['Nouvelle-Aquitaine'],COM,{86},{75}
b560a8fe-759d-445a-9813-0172dab2d691,213600976,Commune de Liniez (36),false,{36097},Commune,2026-03-24 14:41:59.160244+01,gold_establishments_2025,,,,21360097600012,2025,Collectivité Territoriale,Commune,['Indre'],['Centre-Val de Loire'],COM,{36},{24}
081e9c88-f88e-4924-ac4b-0c0d797179c3,216801878,Commune de Linsdorf (68),false,{68187},Commune,2026-03-24 14:42:07.195692+01,gold_establishments_2025,,,,21680187800010,2025,Collectivité Territoriale,Commune,['Haut-Rhin'],['Grand Est'],COM,{68},{44}
c20c0887-e2ea-4e77-93ff-744b57d6218d,215903527,Commune de Linselles (59),false,{59352},Commune,2026-03-24 14:42:04.280096+01,gold_establishments_2025,,,,21590352700012,2025,Collectivité Territoriale,Commune,['Nord'],['Hauts-de-France'],COM,{59},{32}
bf41e03c-9f9d-4b53-93dd-cbc707cb5d47,216801886,Commune de Linthal (68),false,{68188},Commune,2026-03-24 14:42:07.195692+01,gold_establishments_2025,,,,21680188600013,2025,Collectivité Territoriale,Commune,['Haut-Rhin'],['Grand Est'],COM,{68},{44}
5c7c928e-c4cc-4107-ab3e-eb73322bf97e,215103029,Commune de Linthelles (51),false,{51323},Commune,2026-03-24 14:42:01.954481+01,gold_establishments_2025,,,,21510302900017,2025,Collectivité Territoriale,Commune,['Marne'],['Grand Est'],COM,{51},{44}
8d1e2db3-6c6a-452c-a398-983ed01ae037,215103037,Commune de Linthes (51),false,{51324},Commune,2026-03-24 14:42:01.954481+01,gold_establishments_2025,,,,21510303700010,2025,Collectivité Territoriale,Commune,['Marne'],['Grand Est'],COM,{51},{44}
727f284a-2388-458c-976c-94ea7bef2bf7,217603885,Commune de Lintot (76),false,{76388},Commune,2026-03-24 14:42:08.818969+01,gold_establishments_2025,,,,21760388500013,2025,Collectivité Territoriale,Commune,['Seine-Maritime'],['Normandie'],COM,{76},{28}
80deda60-651f-42a6-bd5e-7289c6a93b1d,217603893,Commune de Lintot-les-Bois (76),false,{76389},Commune,2026-03-24 14:42:08.818969+01,gold_establishments_2025,,,,21760389300017,2025,Collectivité Territoriale,Commune,['Seine-Maritime'],['Normandie'],COM,{76},{28}
388b2b1c-1d35-4ee7-9393-51a6111cd71f,214001554,Commune de Linxe (40),false,{40155},Commune,2026-03-24 14:41:59.705606+01,gold_establishments_2025,,,,21400155400010,2025,Collectivité Territoriale,Commune,['Landes'],['Nouvelle-Aquitaine'],COM,{40},{75}
3eab0059-16d0-47ab-a961-57d3e7a473b7,215502923,Commune de Liny-devant-Dun (55),false,{55292},Commune,2026-03-24 14:42:03.701372+01,gold_establishments_2025,,,,21550292300018,2025,Collectivité Territoriale,Commune,['Meuse'],['Grand Est'],COM,{55},{44}
ee9f1da2-615e-4731-9b75-1a4deefe3546,216205187,Commune de Linzeux (62),false,{62518},Commune,2026-03-24 14:42:05.597325+01,gold_establishments_2025,,,,21620518700018,2025,Collectivité Territoriale,Commune,['Pas-de-Calais'],['Hauts-de-France'],COM,{62},{32}
208d2326-3a78-4fd2-ae6e-566446232dae,215704065,Commune de Liocourt (57),false,{57406},Commune,2026-03-24 14:42:03.701372+01,gold_establishments_2025,,,,21570406500014,2025,Collectivité Territoriale,Commune,['Moselle'],['Grand Est'],COM,{57},{44}
31792af6-dac3-41e0-8fff-ffa8cb56abf8,218004604,Commune de Liomer (80),false,{80484},Commune,2026-03-24 14:42:09.967209+01,gold_establishments_2025,,,,21800460400011,2025,Collectivité Territoriale,Commune,['Somme'],['Hauts-de-France'],COM,{80},{32}
bdddee94-607e-4913-b300-1c268b233e43,215502931,Commune de Lion-devant-Dun (55),false,{55293},Commune,2026-03-24 14:42:03.701372+01,gold_establishments_2025,,,,21550293100011,2025,Collectivité Territoriale,Commune,['Meuse'],['Grand Est'],COM,{55},{44}
ee85e45f-564d-483f-b497-a1168113caf7,214501835,Commune de Lion-en-Beauce (45),false,{45183},Commune,2026-03-24 14:42:00.862623+01,gold_establishments_2025,,,,21450183500018,2025,Collectivité Territoriale,Commune,['Loiret'],['Centre-Val de Loire'],COM,{45},{24}
dfbfbb58-bd3d-4b44-a750-aa442030bfe0,214501843,Commune de Lion-en-Sullias (45),false,{45184},Commune,2026-03-24 14:42:00.862623+01,gold_establishments_2025,,,,21450184300012,2025,Collectivité Territoriale,Commune,['Loiret'],['Centre-Val de Loire'],COM,{45},{24}
d8ff3cba-0a57-4cc5-bdf2-7018adbb71c2,211403654,Commune de Lion-sur-Mer (14),false,{14365},Commune,2026-03-24 14:41:54.362296+01,gold_establishments_2025,,,,21140365400018,2025,Collectivité Territoriale,Commune,['Calvados'],['Normandie'],COM,{14},{28}
b1896cf7-50b6-4547-b262-0e6d85d1c8ac,212402424,Commune de Liorac-sur-Louyre (24),false,{24242},Commune,2026-03-24 14:41:55.958138+01,gold_establishments_2025,,,,21240242400015,2025,Collectivité Territoriale,Commune,['Dordogne'],['Nouvelle-Aquitaine'],COM,{24},{75}
97a0bb49-a978-4a20-98f3-c4de13149a9b,213001480,Commune de Liouc (30),false,{30148},Commune,2026-03-24 14:41:57.56054+01,gold_establishments_2025,,,,21300148000010,2025,Collectivité Territoriale,Commune,['Gard'],['Occitanie'],COM,{30},{76}
a0e42392-dbf2-4092-a409-73135103736b,211911607,Commune de Liourdres (19),false,{19116},Commune,2026-03-24 14:41:54.903238+01,gold_establishments_2025,,,,21191160700011,2025,Collectivité Territoriale,Commune,['Corrèze'],['Nouvelle-Aquitaine'],COM,{19},{75}
0228ec43-abd7-4a24-93b6-e36b14b934b7,218400661,Commune de Lioux (84),false,{84066},Commune,2026-03-24 14:42:10.508772+01,gold_establishments_2025,,,,21840066100011,2025,Collectivité Territoriale,Commune,['Vaucluse'],"[""Provence-Alpes-Côte d'Azur""]",COM,{84},{93}
f746e307-0f66-43c6-9384-dbd581e2a6f3,212311005,Commune de Lioux-les-Monges (23),false,{23110},Commune,2026-03-24 14:41:55.958138+01,gold_establishments_2025,,,,21231100500012,2025,Collectivité Territoriale,Commune,['Creuse'],['Nouvelle-Aquitaine'],COM,{23},{75}
7cdb4a54-1488-4b24-bac9-b7025ee22b86,214001562,Commune de Liposthey (40),false,{40156},Commune,2026-03-24 14:41:59.705606+01,gold_establishments_2025,,,,21400156200013,2025,Collectivité Territoriale,Commune,['Landes'],['Nouvelle-Aquitaine'],COM,{40},{75}
0cca2924-8260-41d2-82a1-0adb68e0b7fa,216702688,Commune de Lipsheim (67),false,{67268},Commune,2026-03-24 14:42:07.195692+01,gold_establishments_2025,,,,21670268800013,2025,Collectivité Territoriale,Commune,['Bas-Rhin'],['Grand Est'],COM,{67},{44}
a201fd79-7525-4e6e-80c6-7a191235f245,213001498,Commune de Lirac (30),false,{30149},Commune,2026-03-24 14:41:57.56054+01,gold_establishments_2025,,,,21300149800012,2025,Collectivité Territoriale,Commune,['Gard'],['Occitanie'],COM,{30},{76}
f05d260c-d99e-4f23-88e2-9b8020aa01de,211001912,Commune de Lirey (10),false,{10198},Commune,2026-03-24 14:41:53.095366+01,gold_establishments_2025,,,,21100191200016,2025,Collectivité Territoriale,Commune,['Aube'],['Grand Est'],COM,{10},{44}
9463dae0-9265-4d03-8d6f-8b84b79743f5,218802726,Commune de Lironcourt (88),false,{88272},Commune,2026-03-24 14:42:11.118516+01,gold_establishments_2025,,,,21880272600016,2025,Collectivité Territoriale,Commune,['Vosges'],['Grand Est'],COM,{88},{44}
6dbddb56-b6bb-4bca-8a1b-6b003d0875b0,215403171,Commune de Lironville (54),false,{54317},Commune,2026-03-24 14:42:02.957225+01,gold_establishments_2025,,,,21540317100014,2025,Collectivité Territoriale,Commune,['Meurthe-et-Moselle'],['Grand Est'],COM,{54},{44}
ff0d74bd-2ac3-4e47-88ea-72bee442bc23,210802328,Commune de Liry (08),false,{08256},Commune,2026-03-24 14:41:53.095366+01,gold_establishments_2025,,,,21080232800018,2025,Collectivité Territoriale,Commune,['Ardennes'],['Grand Est'],COM,{08},{44}
ec6c52f4-1667-492f-9568-29b092701ad8,216205195,Commune de Lisbourg (62),false,{62519},Commune,2026-03-24 14:42:05.597325+01,gold_establishments_2025,,,,21620519500011,2025,Collectivité Territoriale,Commune,['Pas-de-Calais'],['Hauts-de-France'],COM,{62},{32}
d8ef369e-8149-4bb8-ae95-7fd91f946e28,211403662,Commune de Lisieux (14),false,{14366},Commune,2026-03-24 14:41:54.362296+01,gold_establishments_2025,,,,21140366200011,2025,Collectivité Territoriale,Commune,['Calvados'],['Normandie'],COM,{14},{28}
ccd1b143-3c8c-4fbc-9515-a8738a565615,212402432,Commune de Lisle (24),false,{24243},Commune,2026-03-24 14:41:55.958138+01,gold_establishments_2025,,,,21240243200018,2025,Collectivité Territoriale,Commune,['Dordogne'],['Nouvelle-Aquitaine'],COM,{24},{75}
867ffe15-c0e4-4ed7-a110-1923a1ac10b5,214101164,Commune de Lisle (41),false,{41116},Commune,2026-03-24 14:42:00.273698+01,gold_establishments_2025,,,,21410116400017,2025,Collectivité Territoriale,Commune,['Loir-et-Cher'],['Centre-Val de Loire'],COM,{41},{24}
f1636de3-0772-4898-ad37-631a83be7892,215502956,Commune de Lisle-en-Barrois (55),false,{55295},Commune,2026-03-24 14:42:03.701372+01,gold_establishments_2025,,,,21550295600018,2025,Collectivité Territoriale,Commune,['Meuse'],['Grand Est'],COM,{55},{44}
67bfcc7c-dd8b-41d7-81a7-9881cb343e6f,218101459,Commune de Lisle-sur-Tarn (81),false,{81145},Commune,2026-03-24 14:42:09.967209+01,gold_establishments_2025,,,,21810145900012,2025,Collectivité Territoriale,Commune,['Tarn'],['Occitanie'],COM,{81},{76}
90ebccfc-473d-4981-aad0-3d259be79d5e,210204129,Commune de Lislet (02),false,{02433},Commune,2026-03-24 14:41:52.020251+01,gold_establishments_2025,,,,21020412900014,2025,Collectivité Territoriale,Commune,['Aisne'],['Hauts-de-France'],COM,{02},{32}
4f36aae9-32ba-46e6-8122-1ff873f692e4,211403670,Commune de Lison (14),false,{14367},Commune,2026-03-24 14:41:54.362296+01,gold_establishments_2025,,,,21140367000014,2025,Collectivité Territoriale,Commune,['Calvados'],['Normandie'],COM,{14},{28}
4d034aeb-f8f8-4bb8-a8c6-c5de9e5edceb,211403688,Commune de Lisores (14),false,{14368},Commune,2026-03-24 14:41:54.362296+01,gold_establishments_2025,,,,21140368800016,2025,Collectivité Territoriale,Commune,['Calvados'],['Normandie'],COM,{14},{28}
2de3108a-2625-4a25-9d25-855e7a31005b,212703706,Commune de Lisors (27),false,{27370},Commune,2026-03-24 14:41:57.028721+01,gold_establishments_2025,,,,21270370600011,2025,Collectivité Territoriale,Commune,['Eure'],['Normandie'],COM,{27},{28}
fbc8593e-0375-479d-afa2-53c37309018a,210901708,Commune de Lissac (09),false,{09170},Commune,2026-03-24 14:41:53.095366+01,gold_establishments_2025,,,,21090170800011,2025,Collectivité Territoriale,Commune,['Ariège'],['Occitanie'],COM,{09},{76}
d1d7c674-8a0c-42a9-aa2b-6a0fca249aa9,214301228,Commune de Lissac (43),false,{43122},Commune,2026-03-24 14:42:00.273698+01,gold_establishments_2025,,,,21430122800018,2025,Collectivité Territoriale,Commune,['Haute-Loire'],['Auvergne-Rhône-Alpes'],COM,{43},{84}
b39203ef-85ea-499b-963d-819565461a48,214601759,Commune de Lissac-et-Mouret (46),false,{46175},Commune,2026-03-24 14:42:00.862623+01,gold_establishments_2025,,,,21460175900019,2025,Collectivité Territoriale,Commune,['Lot'],['Occitanie'],COM,{46},{76}
0ea2d248-fcea-46a0-8ac9-47a24f39dfdd,211911706,Commune de Lissac-sur-Couze (19),false,{19117},Commune,2026-03-24 14:41:54.903238+01,gold_establishments_2025,,,,21191170600011,2025,Collectivité Territoriale,Commune,['Corrèze'],['Nouvelle-Aquitaine'],COM,{19},{75}
b6568fdc-b35d-4a0f-a189-08e16323a921,211801295,Commune de Lissay-Lochy (18),false,{18129},Commune,2026-03-24 14:41:54.903238+01,gold_establishments_2025,,,,21180129500018,2025,Collectivité Territoriale,Commune,['Cher'],['Centre-Val de Loire'],COM,{18},{24}
bb5ac310-705b-477d-9d49-355659bbffb6,215103045,Commune de Lisse-en-Champagne (51),false,{51325},Commune,2026-03-24 14:42:01.954481+01,gold_establishments_2025,,,,21510304500013,2025,Collectivité Territoriale,Commune,['Marne'],['Grand Est'],COM,{51},{44}
7314d11b-1e30-407f-b1f7-3137bf7a1432,219103405,Commune de Lisses (91),false,{91340},Commune,2026-03-24 14:42:11.659493+01,gold_establishments_2025,,,,21910340500128,2025,Collectivité Territoriale,Commune,['Essonne'],['Île-de-France'],COM,{91},{11}
36b1a4f2-821b-47da-84e6-4c53e448321b,216301978,Commune de Lisseuil (63),false,{63197},Commune,2026-03-24 14:42:06.130387+01,gold_establishments_2025,,,,21630197800013,2025,Collectivité Territoriale,Commune,['Puy-de-Dôme'],['Auvergne-Rhône-Alpes'],COM,{63},{84}
23027f43-1f01-4fdf-b820-a2d12cc9dedc,215502972,Commune de Lissey (55),false,{55297},Commune,2026-03-24 14:42:03.701372+01,gold_establishments_2025,,,,21550297200015,2025,Collectivité Territoriale,Commune,['Meuse'],['Grand Est'],COM,{55},{44}
9ee618e1-3cfa-4e76-a23e-e854788b22c9,216901173,Commune de Lissieu (69),false,{69117},Commune,2026-03-24 14:42:07.195692+01,gold_establishments_2025,,,,21690117300015,2025,Collectivité Territoriale,Commune,['Rhône'],['Auvergne-Rhône-Alpes'],COM,{69},{84}
4e25526f-fdc6-40d7-8d79-1abf37c4856c,217702539,Commune de Lissy (77),false,{77253},Commune,2026-03-24 14:42:09.43682+01,gold_establishments_2025,,,,21770253900016,2025,Collectivité Territoriale,Commune,['Seine-et-Marne'],['Île-de-France'],COM,{77},{11}
40ff365c-4feb-4da4-b8e0-957415317e82,213302482,Commune de Listrac-Médoc (33),false,{33248},Commune,2026-03-24 14:41:58.620411+01,gold_establishments_2025,,,,21330248200012,2025,Collectivité Territoriale,Commune,['Gironde'],['Nouvelle-Aquitaine'],COM,{33},{75}
8d8cbe9a-63ff-4523-b499-8e7f04904e28,213302474,Commune de Listrac-de-Durèze (33),false,{33247},Commune,2026-03-24 14:41:58.620411+01,gold_establishments_2025,,,,21330247400019,2025,Collectivité Territoriale,Commune,['Gironde'],['Nouvelle-Aquitaine'],COM,{33},{75}
132c4524-e990-44dc-9491-0b417d250a6c,214001570,Commune de Lit-et-Mixe (40),false,{40157},Commune,2026-03-24 14:41:59.705606+01,gold_establishments_2025,,,,21400157000016,2025,Collectivité Territoriale,Commune,['Landes'],['Nouvelle-Aquitaine'],COM,{40},{75}
145e955c-defb-4969-a0e2-ed688a72ba09,211403696,Commune de Litteau (14),false,{14369},Commune,2026-03-24 14:41:54.362296+01,gold_establishments_2025,,,,21140369600019,2025,Collectivité Territoriale,Commune,['Calvados'],['Normandie'],COM,{14},{28}
7b35a7e1-6644-442f-b802-e20ec9d8cf69,216702696,Commune de Littenheim (67),false,{67269},Commune,2026-03-24 14:42:07.195692+01,gold_establishments_2025,,,,21670269600016,2025,Collectivité Territoriale,Commune,['Bas-Rhin'],['Grand Est'],COM,{67},{44}
2587d75c-e684-43fc-a457-cab7e35f351f,216003632,Commune de Litz (60),false,{60366},Commune,2026-03-24 14:42:04.814328+01,gold_establishments_2025,,,,21600363200017,2025,Collectivité Territoriale,Commune,['Oise'],['Hauts-de-France'],COM,{60},{32}
ea53faf1-bf58-478c-8c1f-82dcd3a6a771,200060515,Commune de Livarot-Pays-d'Auge (14),false,{14371},Commune,2026-03-24 14:41:54.362296+01,gold_establishments_2025,,,,20006051500018,2025,Collectivité Territoriale,Commune,['Calvados'],['Normandie'],COM,{14},{28}
effaa9bf-6ac3-4319-a26d-aaef6abac838,215403189,Commune de Liverdun (54),false,{54318},Commune,2026-03-24 14:42:02.957225+01,gold_establishments_2025,,,,21540318900016,2025,Collectivité Territoriale,Commune,['Meurthe-et-Moselle'],['Grand Est'],COM,{54},{44}
122a4411-a471-446d-8153-d7586967c36c,217702547,Commune de Liverdy-en-Brie (77),false,{77254},Commune,2026-03-24 14:42:09.43682+01,gold_establishments_2025,,,,21770254700019,2025,Collectivité Territoriale,Commune,['Seine-et-Marne'],['Île-de-France'],COM,{77},{11}
e4c301b1-c6b4-4f6b-906e-be4327664ea1,214601767,Commune de Livernon (46),false,{46176},Commune,2026-03-24 14:42:00.862623+01,gold_establishments_2025,,,,21460176700012,2025,Collectivité Territoriale,Commune,['Lot'],['Occitanie'],COM,{46},{76}
9fca4fcd-08bf-498a-ac20-8b7dc83d12ef,218101467,Commune de Livers-Cazelles (81),false,{81146},Commune,2026-03-24 14:42:09.967209+01,gold_establishments_2025,,,,21810146700015,2025,Collectivité Territoriale,Commune,['Tarn'],['Occitanie'],COM,{81},{76}
87271255-53b1-4eb2-beef-50369fb09ea6,215301342,Commune de Livet (53),false,{53134},Commune,2026-03-24 14:42:02.957225+01,gold_establishments_2025,,,,21530134200014,2025,Collectivité Territoriale,Commune,['Mayenne'],['Pays de la Loire'],COM,{53},{52}
471839ed-8393-4507-8761-0f376704f570,217201649,Commune de Livet-en-Saosnois (72),false,{72164},Commune,2026-03-24 14:42:08.279287+01,gold_establishments_2025,,,,21720164900019,2025,Collectivité Territoriale,Commune,['Sarthe'],['Pays de la Loire'],COM,{72},{52}
84930792-4038-451d-800a-a356fd8770ef,213802127,Commune de Livet-et-Gavet (38),false,{38212},Commune,2026-03-24 14:41:59.160244+01,gold_establishments_2025,,,,21380212700018,2025,Collectivité Territoriale,Commune,['Isère'],['Auvergne-Rhône-Alpes'],COM,{38},{84}
2dc53870-4716-40c3-9d42-3b13cd18d8d0,212703714,Commune de Livet-sur-Authou (27),false,{27371},Commune,2026-03-24 14:41:57.028721+01,gold_establishments_2025,,,,21270371400015,2025,Collectivité Territoriale,Commune,['Eure'],['Normandie'],COM,{27},{28}
c0013551-ace2-46d4-89bd-41466dd57454,219503414,Commune de Livilliers (95),false,{95341},Commune,2026-03-24 14:42:11.659493+01,gold_establishments_2025,,,,21950341400019,2025,Collectivité Territoriale,Commune,"[""Val-d'Oise""]",['Île-de-France'],COM,{95},{11}
0e4b0c18-a617-4056-b1f1-4c0cb01ee11f,211201306,Commune de Livinhac-le-Haut (12),false,{12130},Commune,2026-03-24 14:41:53.63825+01,gold_establishments_2025,,,,21120130600019,2025,Collectivité Territoriale,Commune,['Aveyron'],['Occitanie'],COM,{12},{76}
8d914397-1b19-4b33-b02f-7aa335257f76,216403444,Commune de Livron (64),false,{64344},Commune,2026-03-24 14:42:06.665412+01,gold_establishments_2025,,,,21640344400039,2025,Collectivité Territoriale,Commune,['Pyrénées-Atlantiques'],['Nouvelle-Aquitaine'],COM,{64},{75}
c8fac727-f6a5-4b4c-b267-54340cdeff53,212601652,Commune de Livron-sur-Drôme (26),false,{26165},Commune,2026-03-24 14:41:56.495197+01,gold_establishments_2025,,,,21260165200010,2025,Collectivité Territoriale,Commune,['Drôme'],['Auvergne-Rhône-Alpes'],COM,{26},{84}
1d5c1fa9-876e-4be6-be2e-f4dc0371d78c,215801440,Commune de Livry (58),false,{58144},Commune,2026-03-24 14:42:04.280096+01,gold_establishments_2025,,,,21580144000011,2025,Collectivité Territoriale,Commune,['Nièvre'],['Bourgogne-Franche-Comté'],COM,{58},{27}
6d892d87-7980-48a1-ae1c-299d6f9e592a,219300464,Commune de Livry-Gargan (93),false,{93046},Commune,2026-03-24 14:42:11.659493+01,gold_establishments_2025,,,,21930046400019,2025,Collectivité Territoriale,Commune,['Seine-Saint-Denis'],['Île-de-France'],COM,{93},{11}
67557903-5cf7-4133-b17b-0aeb3a9b8b73,215103052,Commune de Livry-Louvercy (51),false,{51326},Commune,2026-03-24 14:42:01.954481+01,gold_establishments_2025,,,,21510305200019,2025,Collectivité Territoriale,Commune,['Marne'],['Grand Est'],COM,{51},{44}
406aabb8-0e65-4b86-a96f-cc5f2dcc6637,217702554,Commune de Livry-sur-Seine (77),false,{77255},Commune,2026-03-24 14:42:09.43682+01,gold_establishments_2025,,,,21770255400064,2025,Collectivité Territoriale,Commune,['Seine-et-Marne'],['Île-de-France'],COM,{77},{11}
c5efe7fc-c5c5-4d16-8309-67db3b2bf848,215301359,Commune de Livré-la-Touche (53),false,{53135},Commune,2026-03-24 14:42:02.957225+01,gold_establishments_2025,,,,21530135900018,2025,Collectivité Territoriale,Commune,['Mayenne'],['Pays de la Loire'],COM,{53},{52}
5305d67c-03a8-4853-a702-1c2096e24635,213501547,Commune de Livré-sur-Changeon (35),false,{35154},Commune,2026-03-24 14:41:58.620411+01,gold_establishments_2025,,,,21350154700011,2025,Collectivité Territoriale,Commune,['Ille-et-Vilaine'],['Bretagne'],COM,{35},{53}
7ddb6cb5-ecda-458f-ae84-410a5f1271ad,216702704,Commune de Lixhausen (67),false,{67270},Commune,2026-03-24 14:42:07.195692+01,gold_establishments_2025,,,,21670270400018,2025,Collectivité Territoriale,Commune,['Bas-Rhin'],['Grand Est'],COM,{67},{44}
3e3c23b7-7e6e-4fb4-a877-c11166ea1811,215704073,Commune de Lixheim (57),false,{57407},Commune,2026-03-24 14:42:03.701372+01,gold_establishments_2025,,,,21570407300018,2025,Collectivité Territoriale,Commune,['Moselle'],['Grand Est'],COM,{57},{44}
d61b35f7-630a-4e0e-91d9-c061b87f1805,215704081,Commune de Lixing-lès-Rouhling (57),false,{57408},Commune,2026-03-24 14:42:03.701372+01,gold_establishments_2025,,,,21570408100011,2025,Collectivité Territoriale,Commune,['Moselle'],['Grand Est'],COM,{57},{44}
c73f09dd-8479-406d-9852-2c5131cd82a1,215704099,Commune de Lixing-lès-Saint-Avold (57),false,{57409},Commune,2026-03-24 14:42:03.701372+01,gold_establishments_2025,,,,21570409900013,2025,Collectivité Territoriale,Commune,['Moselle'],['Grand Est'],COM,{57},{44}
676fa366-4dc3-4790-a803-7ea67a4a9850,218902294,Commune de Lixy (89),false,{89229},Commune,2026-03-24 14:42:11.118516+01,gold_establishments_2025,,,,21890229400014,2025,Collectivité Territoriale,Commune,['Yonne'],['Bourgogne-Franche-Comté'],COM,{89},{27}
4e100591-03e4-48a3-ad76-2da6c65cf89f,218200996,Commune de Lizac (82),false,{82099},Commune,2026-03-24 14:42:10.508772+01,gold_establishments_2025,,,,21820099600013,2025,Collectivité Territoriale,Commune,['Tarn-et-Garonne'],['Occitanie'],COM,{82},{76}
c9c8739c-1e95-40df-a599-a76ec444e4a4,218601367,Commune de Lizant (86),false,{86136},Commune,2026-03-24 14:42:10.508772+01,gold_establishments_2025,,,,21860136700012,2025,Collectivité Territoriale,Commune,['Vienne'],['Nouvelle-Aquitaine'],COM,{86},{75}
3344837c-b2cc-45b5-bdd9-9513d7a13d91,213600984,Commune de Lizeray (36),false,{36098},Commune,2026-03-24 14:41:59.160244+01,gold_establishments_2025,,,,21360098400016,2025,Collectivité Territoriale,Commune,['Indre'],['Centre-Val de Loire'],COM,{36},{24}
5d1d8594-7558-4705-85da-100da30f6c1d,212503387,Commune de Lizine (25),false,{25338},Commune,2026-03-24 14:41:56.495197+01,gold_establishments_2025,,,,21250338700012,2025,Collectivité Territoriale,Commune,['Doubs'],['Bourgogne-Franche-Comté'],COM,{25},{27}
13475aab-423f-4a4d-af69-c6da5bd20f78,217702562,Commune de Lizines (77),false,{77256},Commune,2026-03-24 14:42:09.43682+01,gold_establishments_2025,,,,21770256200018,2025,Collectivité Territoriale,Commune,['Seine-et-Marne'],['Île-de-France'],COM,{77},{11}
301a3888-47c7-4278-8dfe-eb043a65189b,215601121,Commune de Lizio (56),false,{56112},Commune,2026-03-24 14:42:03.701372+01,gold_establishments_2025,,,,21560112100019,2025,Collectivité Territoriale,Commune,['Morbihan'],['Bretagne'],COM,{56},{53}
1a4159d5-2b3a-49c4-b946-a8dde75cd3f6,212311104,Commune de Lizières (23),false,{23111},Commune,2026-03-24 14:41:55.958138+01,gold_establishments_2025,,,,21231110400013,2025,Collectivité Territoriale,Commune,['Creuse'],['Nouvelle-Aquitaine'],COM,{23},{75}
75c57d5f-8b3b-4438-8783-e0b2f3589680,216502765,Commune de Lizos (65),false,{65276},Commune,2026-03-24 14:42:06.665412+01,gold_establishments_2025,,,,21650276500011,2025,Collectivité Territoriale,Commune,['Hautes-Pyrénées'],['Occitanie'],COM,{65},{76}
d1bd8414-22a2-416c-8298-93fb9de812bf,217702570,Commune de Lizy-sur-Ourcq (77),false,{77257},Commune,2026-03-24 14:42:09.43682+01,gold_establishments_2025,,,,21770257000011,2025,Collectivité Territoriale,Commune,['Seine-et-Marne'],['Île-de-France'],COM,{77},{11}
c527069d-da59-4c0c-abde-9b7aac172261,216801852,Commune de Lièpvre (68),false,{68185},Commune,2026-03-24 14:42:07.195692+01,gold_establishments_2025,,,,21680185200015,2025,Collectivité Territoriale,Commune,['Haut-Rhin'],['Grand Est'],COM,{68},{44}
b09cda71-90f2-4145-97e1-1408d0d5c5b9,216205088,Commune de Lières (62),false,{62508},Commune,2026-03-24 14:42:05.597325+01,gold_establishments_2025,,,,21620508800018,2025,Collectivité Territoriale,Commune,['Pas-de-Calais'],['Hauts-de-France'],COM,{62},{32}
5dfa439a-e8e6-4fe6-90b6-fe1d0dd0240e,215704032,Commune de Liéhon (57),false,{57403},Commune,2026-03-24 14:42:03.701372+01,gold_establishments_2025,,,,21570403200014,2025,Collectivité Territoriale,Commune,['Moselle'],['Grand Est'],COM,{57},{44}
ff832a8f-e9b6-4b59-bf89-c47e7a9841be,218004521,Commune de Liéramont (80),false,{80475},Commune,2026-03-24 14:42:09.967209+01,gold_establishments_2025,,,,21800452100017,2025,Collectivité Territoriale,Commune,['Somme'],['Hauts-de-France'],COM,{80},{32}
ca1ec167-0f95-4dfe-b545-be392bd53ad1,217003037,Commune de Liévans (70),false,{70303},Commune,2026-03-24 14:42:07.735343+01,gold_establishments_2025,,,,21700303700017,2025,Collectivité Territoriale,Commune,['Haute-Saône'],['Bourgogne-Franche-Comté'],COM,{70},{27}
20c45662-fff7-4c1b-a318-eb7350acfb6e,216205104,Commune de Liévin (62),false,{62510},Commune,2026-03-24 14:42:05.597325+01,gold_establishments_2025,,,,21620510400443,2025,Collectivité Territoriale,Commune,['Pas-de-Calais'],['Hauts-de-France'],COM,{62},{32}
abc15e9e-ed72-4f88-b8c3-b70adc2a9142,218802692,Commune de Liézey (88),false,{88269},Commune,2026-03-24 14:42:11.118516+01,gold_establishments_2025,,,,21880269200010,2025,Collectivité Territoriale,Commune,['Vosges'],['Grand Est'],COM,{88},{44}
3a76cc93-679e-4d49-973b-3b50e8570500,216600999,Commune de Llauro (66),false,{66099},Commune,2026-03-24 14:42:06.665412+01,gold_establishments_2025,,,,21660099900017,2025,Collectivité Territoriale,Commune,['Pyrénées-Orientales'],['Occitanie'],COM,{66},{76}
4e262c7d-db94-4523-851c-effd5e7fcf0d,216601005,Commune de Llo (66),false,{66100},Commune,2026-03-24 14:42:06.665412+01,gold_establishments_2025,,,,21660100500012,2025,Collectivité Territoriale,Commune,['Pyrénées-Orientales'],['Occitanie'],COM,{66},{76}
63a5a7fa-bfa5-4344-a760-d4701c32e441,216601013,Commune de Llupia (66),false,{66101},Commune,2026-03-24 14:42:06.665412+01,gold_establishments_2025,,,,21660101300016,2025,Collectivité Territoriale,Commune,['Pyrénées-Orientales'],['Occitanie'],COM,{66},{76}
607b2a84-7596-4cd9-a849-8e11b6ab3531,216702712,Commune de Lobsann (67),false,{67271},Commune,2026-03-24 14:42:07.195692+01,gold_establishments_2025,,,,21670271200011,2025,Collectivité Territoriale,Commune,['Bas-Rhin'],['Grand Est'],COM,{67},{44}
9489708b-fd5a-4b89-826c-e20dd44c45bb,212901268,Commune de Loc-Brévalaire (29),false,{29126},Commune,2026-03-24 14:41:57.028721+01,gold_establishments_2025,,,,21290126800012,2025,Collectivité Territoriale,Commune,['Finistère'],['Bretagne'],COM,{29},{53}
4e464b0b-94aa-47c1-bb34-b41e783b9217,212901284,Commune de Loc-Eguiner (29),false,{29128},Commune,2026-03-24 14:41:57.028721+01,gold_establishments_2025,,,,21290128400019,2025,Collectivité Territoriale,Commune,['Finistère'],['Bretagne'],COM,{29},{53}
e504c655-44d8-4bbb-8054-22c4d523835c,212201297,Commune de Loc-Envel (22),false,{22129},Commune,2026-03-24 14:41:55.433389+01,gold_establishments_2025,,,,21220129700018,2025,Collectivité Territoriale,Commune,"[""Côtes-d'Armor""]",['Bretagne'],COM,{22},{53}
eea3435c-8b4d-4380-9355-f008ce4f05cd,212201289,Commune de Locarn (22),false,{22128},Commune,2026-03-24 14:41:55.433389+01,gold_establishments_2025,,,,21220128900015,2025,Collectivité Territoriale,Commune,"[""Côtes-d'Armor""]",['Bretagne'],COM,{22},{53}
1ff4cec4-c053-412e-9cba-667bdbda1004,213701329,Commune de Loches (37),false,{37132},Commune,2026-03-24 14:41:59.160244+01,gold_establishments_2025,,,,21370132900012,2025,Collectivité Territoriale,Commune,['Indre-et-Loire'],['Centre-Val de Loire'],COM,{37},{24}
b38762b7-aa0a-4d1a-9c3a-f5497eae8d28,211001920,Commune de Loches-sur-Ource (10),false,{10199},Commune,2026-03-24 14:41:53.095366+01,gold_establishments_2025,,,,21100192000019,2025,Collectivité Territoriale,Commune,['Aube'],['Grand Est'],COM,{10},{44}
87aad346-302d-4c3e-8d41-882193462c45,216702720,Commune de Lochwiller (67),false,{67272},Commune,2026-03-24 14:42:07.195692+01,gold_establishments_2025,,,,21670272000014,2025,Collectivité Territoriale,Commune,['Bas-Rhin'],['Grand Est'],COM,{67},{44}
b06d8758-19a0-4136-8652-b8fda9cceb7f,213701337,Commune de Loché-sur-Indrois (37),false,{37133},Commune,2026-03-24 14:41:59.160244+01,gold_establishments_2025,,,,21370133700015,2025,Collectivité Territoriale,Commune,['Indre-et-Loire'],['Centre-Val de Loire'],COM,{37},{24}
d0d09c64-31e1-450d-98b8-afc61728e6da,215601139,Commune de Locmalo (56),false,{56113},Commune,2026-03-24 14:42:03.701372+01,gold_establishments_2025,,,,21560113900086,2025,Collectivité Territoriale,Commune,['Morbihan'],['Bretagne'],COM,{56},{53}
24a55968-9f29-4144-a52e-3a2101926fba,215601147,Commune de Locmaria (56),false,{56114},Commune,2026-03-24 14:42:03.701372+01,gold_establishments_2025,,,,21560114700014,2025,Collectivité Territoriale,Commune,['Morbihan'],['Bretagne'],COM,{56},{53}
90eaf40f-489e-4e0e-9794-c41017f8932d,215601154,Commune de Locmaria-Grand-Champ (56),false,{56115},Commune,2026-03-24 14:42:03.701372+01,gold_establishments_2025,,,,21560115400010,2025,Collectivité Territoriale,Commune,['Morbihan'],['Bretagne'],COM,{56},{53}
ed13a6b9-9946-43cc-8bb3-7d15f584e1e3,212901300,Commune de Locmaria-Plouzané (29),false,{29130},Commune,2026-03-24 14:41:57.028721+01,gold_establishments_2025,,,,21290130000013,2025,Collectivité Territoriale,Commune,['Finistère'],['Bretagne'],COM,{29},{53}
1a882305-980b-442e-81f8-c8e7d07975c7,215601162,Commune de Locmariaquer (56),false,{56116},Commune,2026-03-24 14:42:03.701372+01,gold_establishments_2025,,,,21560116200013,2025,Collectivité Territoriale,Commune,['Morbihan'],['Bretagne'],COM,{56},{53}
e1918a5b-3b04-4255-a9d5-8ef1b2c45178,215601170,Commune de Locminé (56),false,{56117},Commune,2026-03-24 14:42:03.701372+01,gold_establishments_2025,,,,21560117000016,2025,Collectivité Territoriale,Commune,['Morbihan'],['Bretagne'],COM,{56},{53}
5e324106-355a-4fe2-a87e-0254795abe2a,215601188,Commune de Locmiquélic (56),false,{56118},Commune,2026-03-24 14:42:03.701372+01,gold_establishments_2025,,,,21560118800018,2025,Collectivité Territoriale,Commune,['Morbihan'],['Bretagne'],COM,{56},{53}
9054710e-4348-4d49-8d06-4f447efbea48,212901318,Commune de Locmélar (29),false,{29131},Commune,2026-03-24 14:41:57.028721+01,gold_establishments_2025,,,,21290131800015,2025,Collectivité Territoriale,Commune,['Finistère'],['Bretagne'],COM,{29},{53}
9307e0b5-e6c1-4d1d-b97d-1424cd8c4682,215601196,Commune de Locoal-Mendon (56),false,{56119},Commune,2026-03-24 14:42:03.701372+01,gold_establishments_2025,,,,21560119600011,2025,Collectivité Territoriale,Commune,['Morbihan'],['Bretagne'],COM,{56},{53}
77d380d1-2879-4309-85d8-46f833dfdcc5,216205203,Commune de Locon (62),false,{62520},Commune,2026-03-24 14:42:05.597325+01,gold_establishments_2025,,,,21620520300013,2025,Collectivité Territoriale,Commune,['Pas-de-Calais'],['Hauts-de-France'],COM,{62},{32}
1553ad76-fc60-4c34-9f60-f9df78996069,216003640,Commune de Loconville (60),false,{60367},Commune,2026-03-24 14:42:04.814328+01,gold_establishments_2025,,,,21600364000010,2025,Collectivité Territoriale,Commune,['Oise'],['Hauts-de-France'],COM,{60},{32}
fcc78996-964a-4508-a596-56c4700494a7,215601204,Commune de Locqueltas (56),false,{56120},Commune,2026-03-24 14:42:03.701372+01,gold_establishments_2025,,,,21560120400013,2025,Collectivité Territoriale,Commune,['Morbihan'],['Bretagne'],COM,{56},{53}
0151ee61-3a96-44ac-b29b-9c1c763a7674,215903535,Commune de Locquignol (59),false,{59353},Commune,2026-03-24 14:42:04.280096+01,gold_establishments_2025,,,,21590353500015,2025,Collectivité Territoriale,Commune,['Nord'],['Hauts-de-France'],COM,{59},{32}
d31d31b1-f76f-4012-8124-0633788e319d,212901334,Commune de Locquirec (29),false,{29133},Commune,2026-03-24 14:41:57.028721+01,gold_establishments_2025,,,,21290133400012,2025,Collectivité Territoriale,Commune,['Finistère'],['Bretagne'],COM,{29},{53}
34c53356-0920-48aa-9a4b-a87a2457ae03,212901326,Commune de Locquénolé (29),false,{29132},Commune,2026-03-24 14:41:57.028721+01,gold_establishments_2025,,,,21290132600018,2025,Collectivité Territoriale,Commune,['Finistère'],['Bretagne'],COM,{29},{53}
46a86a7b-d854-418f-8a57-fbf2e213c122,212901342,Commune de Locronan (29),false,{29134},Commune,2026-03-24 14:41:57.028721+01,gold_establishments_2025,,,,21290134200015,2025,Collectivité Territoriale,Commune,['Finistère'],['Bretagne'],COM,{29},{53}
570f161c-5b96-4b37-aab4-7403a0acf0f3,212901359,Commune de Loctudy (29),false,{29135},Commune,2026-03-24 14:41:57.028721+01,gold_establishments_2025,,,,21290135900019,2025,Collectivité Territoriale,Commune,['Finistère'],['Bretagne'],COM,{29},{53}
402ad603-423d-4ea2-b502-6052c067a5b6,212901367,Commune de Locunolé (29),false,{29136},Commune,2026-03-24 14:41:57.028721+01,gold_establishments_2025,,,,21290136700012,2025,Collectivité Territoriale,Commune,['Finistère'],['Bretagne'],COM,{29},{53}
e9f22f95-2d5c-4e1f-a4f6-616f42b3d9b4,210301479,Commune de Loddes (03),false,{03147},Commune,2026-03-24 14:41:52.020251+01,gold_establishments_2025,,,,21030147900015,2025,Collectivité Territoriale,Commune,['Allier'],['Auvergne-Rhône-Alpes'],COM,{03},{84}
03d2093d-87b6-4b54-aa2f-fd63dabe0f22,213103021,Commune de Lodes (31),false,{31302},Commune,2026-03-24 14:41:58.09424+01,gold_establishments_2025,,,,21310302100019,2025,Collectivité Territoriale,Commune,['Haute-Garonne'],['Occitanie'],COM,{31},{76}
905ed0fd-73a1-4d6a-9108-df3155d3f43c,212503395,Commune de Lods (25),false,{25339},Commune,2026-03-24 14:41:56.495197+01,gold_establishments_2025,,,,21250339500015,2025,Collectivité Territoriale,Commune,['Doubs'],['Bourgogne-Franche-Comté'],COM,{25},{27}
ca7767ab-f72e-4a21-a925-3ec527a2f643,213401425,Commune de Lodève (34),false,{34142},Commune,2026-03-24 14:41:58.620411+01,gold_establishments_2025,,,,21340142500011,2025,Collectivité Territoriale,Commune,['Hérault'],['Occitanie'],COM,{34},{76}
84cad077-f89d-44b5-a87f-42b63b3a09a1,215903543,Commune de Loffre (59),false,{59354},Commune,2026-03-24 14:42:04.280096+01,gold_establishments_2025,,,,21590354300019,2025,Collectivité Territoriale,Commune,['Nord'],['Hauts-de-France'],COM,{59},{32}
64ff6593-466d-4325-8a18-dc04a494ce90,218501252,Commune de Loge-Fougereuse (85),false,{85125},Commune,2026-03-24 14:42:10.508772+01,gold_establishments_2025,,,,21850125200017,2025,Collectivité Territoriale,Commune,['Vendée'],['Pays de la Loire'],COM,{85},{52}
d978fa46-548d-4f53-b506-60f170dc2d2c,216801894,Commune de Logelheim (68),false,{68189},Commune,2026-03-24 14:42:07.195692+01,gold_establishments_2025,,,,21680189400033,2025,Collectivité Territoriale,Commune,['Haut-Rhin'],['Grand Est'],COM,{68},{44}
c441eef2-ba35-4e9a-999f-a12837a8b740,217702588,Commune de Lognes (77),false,{77258},Commune,2026-03-24 14:42:09.43682+01,gold_establishments_2025,,,,21770258800013,2025,Collectivité Territoriale,Commune,['Seine-et-Marne'],['Île-de-France'],COM,{77},{11}
b0816956-7a9a-41ee-92f8-878d6df2a409,210802336,Commune de Logny-Bogny (08),false,{08257},Commune,2026-03-24 14:41:53.095366+01,gold_establishments_2025,,,,21080233600011,2025,Collectivité Territoriale,Commune,['Ardennes'],['Grand Est'],COM,{08},{44}
c17aff03-f1d9-4ca5-936f-c080dbd5815e,210204145,Commune de Logny-lès-Aubenton (02),false,{02435},Commune,2026-03-24 14:41:52.020251+01,gold_establishments_2025,,,,21020414500010,2025,Collectivité Territoriale,Commune,['Aisne'],['Hauts-de-France'],COM,{02},{32}
a7db9d6b-62a9-4ae9-b075-ae2cccaa0482,212901375,Commune de Logonna-Daoulas (29),false,{29137},Commune,2026-03-24 14:41:57.028721+01,gold_establishments_2025,,,,21290137500106,2025,Collectivité Territoriale,Commune,['Finistère'],['Bretagne'],COM,{29},{53}
18ff4a81-69b7-4b99-815a-64a9efabeb3a,213001506,Commune de Logrian-Florian (30),false,{30150},Commune,2026-03-24 14:41:57.56054+01,gold_establishments_2025,,,,21300150600012,2025,Collectivité Territoriale,Commune,['Gard'],['Occitanie'],COM,{30},{76}
75159bfd-d226-4d51-adae-3c558c3a001d,212802110,Commune de Logron (28),false,{28211},Commune,2026-03-24 14:41:57.028721+01,gold_establishments_2025,,,,21280211000016,2025,Collectivité Territoriale,Commune,['Eure-et-Loir'],['Centre-Val de Loire'],COM,{28},{24}
8896b421-de0e-4a41-9c00-dc820ceff49d,212201313,Commune de Loguivy-Plougras (22),false,{22131},Commune,2026-03-24 14:41:55.433389+01,gold_establishments_2025,,,,21220131300013,2025,Collectivité Territoriale,Commune,"[""Côtes-d'Armor""]",['Bretagne'],COM,{22},{53}
0f87a4a2-74da-471a-bd95-241679e88737,216403451,Commune de Lohitzun-Oyhercq (64),false,{64345},Commune,2026-03-24 14:42:06.665412+01,gold_establishments_2025,,,,21640345100018,2025,Collectivité Territoriale,Commune,['Pyrénées-Atlantiques'],['Nouvelle-Aquitaine'],COM,{64},{75}
888e548d-3fb2-4a44-a7fe-b010a1fe3daf,216702738,Commune de Lohr (67),false,{67273},Commune,2026-03-24 14:42:07.195692+01,gold_establishments_2025,,,,21670273800016,2025,Collectivité Territoriale,Commune,['Bas-Rhin'],['Grand Est'],COM,{67},{44}
b8aa061c-12c4-460a-9d48-db81555db828,212201321,Commune de Lohuec (22),false,{22132},Commune,2026-03-24 14:41:55.433389+01,gold_establishments_2025,,,,21220132100016,2025,Collectivité Territoriale,Commune,"[""Côtes-d'Armor""]",['Bretagne'],COM,{22},{53}
5d707703-9f64-4b02-81ce-8302cd7e02b7,213501554,Commune de Lohéac (35),false,{35155},Commune,2026-03-24 14:41:58.620411+01,gold_establishments_2025,,,,21350155400017,2025,Collectivité Territoriale,Commune,['Ille-et-Vilaine'],['Bretagne'],COM,{35},{53}
db2f284c-9896-4f9c-9b8f-fee79e5e6fa6,212802128,Commune de Loigny-la-Bataille (28),false,{28212},Commune,2026-03-24 14:41:57.028721+01,gold_establishments_2025,,,,21280212800018,2025,Collectivité Territoriale,Commune,['Eure-et-Loir'],['Centre-Val de Loire'],COM,{28},{24}
22b324c9-092e-4f10-88ec-092f684ead88,200072262,Commune de Loir en Vallée (72),false,{72262},Commune,2026-03-24 14:42:08.279287+01,gold_establishments_2025,,,,20007226200013,2025,Collectivité Territoriale,Commune,['Sarthe'],['Pays de la Loire'],COM,{72},{52}
7ef92018-ba04-4051-85b8-651e92f178e4,200057438,Commune de Loire-Authion (49),false,{49307},Commune,2026-03-24 14:42:01.412377+01,gold_establishments_2025,,,,20005743800018,2025,Collectivité Territoriale,Commune,['Maine-et-Loire'],['Pays de la Loire'],COM,{49},{52}
078b2213-110d-4d7c-aacf-cd06334f630b,211702055,Commune de Loire-les-Marais (17),false,{17205},Commune,2026-03-24 14:41:54.903238+01,gold_establishments_2025,,,,21170205500016,2025,Collectivité Territoriale,Commune,['Charente-Maritime'],['Nouvelle-Aquitaine'],COM,{17},{75}
8356ab7d-0343-4ebc-9fa7-f183b1432a95,216901181,Commune de Loire-sur-Rhône (69),false,{69118},Commune,2026-03-24 14:42:07.195692+01,gold_establishments_2025,,,,21690118100018,2025,Collectivité Territoriale,Commune,['Rhône'],['Auvergne-Rhône-Alpes'],COM,{69},{84}
84773b1b-9b00-4f10-8061-4852aa2c1baa,200059020,Commune de Loireauxence (44),false,{44213},Commune,2026-03-24 14:42:00.862623+01,gold_establishments_2025,,,,20005902000012,2025,Collectivité Territoriale,Commune,['Loire-Atlantique'],['Pays de la Loire'],COM,{44},{52}
a090f435-01cc-4434-b7b0-973757b70979,200055705,Commune de Loiron-Ruillé (53),false,{53137},Commune,2026-03-24 14:42:02.957225+01,gold_establishments_2025,,,,20005570500012,2025,Collectivité Territoriale,Commune,['Mayenne'],['Pays de la Loire'],COM,{53},{52}
62c92008-f4eb-46b2-9f44-ddb67b20391b,214901787,Commune de Loiré (49),false,{49178},Commune,2026-03-24 14:42:01.412377+01,gold_establishments_2025,,,,21490178700017,2025,Collectivité Territoriale,Commune,['Maine-et-Loire'],['Pays de la Loire'],COM,{49},{52}
451e2b49-187b-433e-a2e4-a8dbf0b98129,211702063,Commune de Loiré-sur-Nie (17),false,{17206},Commune,2026-03-24 14:41:54.903238+01,gold_establishments_2025,,,,21170206300010,2025,Collectivité Territoriale,Commune,['Charente-Maritime'],['Nouvelle-Aquitaine'],COM,{17},{75}
97144b9d-73c6-4a6f-8c6e-a4d1835ce748,216102293,Commune de Loisail (61),false,{61229},Commune,2026-03-24 14:42:05.597325+01,gold_establishments_2025,,,,21610229300018,2025,Collectivité Territoriale,Commune,['Orne'],['Normandie'],COM,{61},{28}
e7177c23-c49d-4574-aba5-2a7320b64f24,200043883,Commune de Loisey (55),false,{55298},Commune,2026-03-24 14:42:03.701372+01,gold_establishments_2025,,,,20004388300012,2025,Collectivité Territoriale,Commune,['Meuse'],['Grand Est'],COM,{55},{44}
c5cf97a2-d32a-49a7-b0df-7b093f5bcabf,213902950,Commune de Loisia (39),false,{39295},Commune,2026-03-24 14:41:59.705606+01,gold_establishments_2025,,,,21390295000012,2025,Collectivité Territoriale,Commune,['Jura'],['Bourgogne-Franche-Comté'],COM,{39},{27}
132a34f4-cf6a-4aa0-83ef-bd7fbc9e9d27,217301472,Commune de Loisieux (73),false,{73147},Commune,2026-03-24 14:42:08.279287+01,gold_establishments_2025,,,,21730147200015,2025,Collectivité Territoriale,Commune,['Savoie'],['Auvergne-Rhône-Alpes'],COM,{73},{84}
4093e0f6-328e-45b0-9e1d-7a5d794c9645,217401504,Commune de Loisin (74),false,{74150},Commune,2026-03-24 14:42:08.279287+01,gold_establishments_2025,,,,21740150400014,2025,Collectivité Territoriale,Commune,['Haute-Savoie'],['Auvergne-Rhône-Alpes'],COM,{74},{84}
22e1b1ba-5de9-4e0a-bed8-8fc5c475496c,215502998,Commune de Loison (55),false,{55299},Commune,2026-03-24 14:42:03.701372+01,gold_establishments_2025,,,,21550299800010,2025,Collectivité Territoriale,Commune,['Meuse'],['Grand Est'],COM,{55},{44}
cb6dcce1-74f3-4edc-969e-e0d617a5fed5,216205237,Commune de Loison-sous-Lens (62),false,{62523},Commune,2026-03-24 14:42:05.597325+01,gold_establishments_2025,,,,21620523700011,2025,Collectivité Territoriale,Commune,['Pas-de-Calais'],['Hauts-de-France'],COM,{62},{32}
1feb9d33-f557-4e9d-abb1-b30061fc7089,216205229,Commune de Loison-sur-Créquoise (62),false,{62522},Commune,2026-03-24 14:42:05.597325+01,gold_establishments_2025,,,,21620522900018,2025,Collectivité Territoriale,Commune,['Pas-de-Calais'],['Hauts-de-France'],COM,{62},{32}
385b7518-f546-46b6-9cdc-1192b9a3f651,215403205,Commune de Loisy (54),false,{54320},Commune,2026-03-24 14:42:02.957225+01,gold_establishments_2025,,,,21540320500010,2025,Collectivité Territoriale,Commune,['Meurthe-et-Moselle'],['Grand Est'],COM,{54},{44}
681403d2-50aa-4749-bcf7-41862fe6e7ad,217102615,Commune de Loisy (71),false,{71261},Commune,2026-03-24 14:42:07.735343+01,gold_establishments_2025,,,,21710261500010,2025,Collectivité Territoriale,Commune,['Saône-et-Loire'],['Bourgogne-Franche-Comté'],COM,{71},{27}
e02022a8-dd17-4196-aa76-9b51dd91fe0a,215103060,Commune de Loisy-en-Brie (51),false,{51327},Commune,2026-03-24 14:42:01.954481+01,gold_establishments_2025,,,,21510306000012,2025,Collectivité Territoriale,Commune,['Marne'],['Grand Est'],COM,{51},{44}
62d3ae68-d5bf-44ec-a64c-3d4846d4da0d,215103078,Commune de Loisy-sur-Marne (51),false,{51328},Commune,2026-03-24 14:42:01.954481+01,gold_establishments_2025,,,,21510307800014,2025,Collectivité Territoriale,Commune,['Marne'],['Grand Est'],COM,{51},{44}
f435c235-87ca-4ae4-a924-73cf10cb86b2,215103086,Commune de Loivre (51),false,{51329},Commune,2026-03-24 14:42:01.954481+01,gold_establishments_2025,,,,21510308600017,2025,Collectivité Territoriale,Commune,['Marne'],['Grand Est'],COM,{51},{44}
98f659f4-30a0-4a02-9d1f-877458c10595,211702071,Commune de Loix (17),false,{17207},Commune,2026-03-24 14:41:54.903238+01,gold_establishments_2025,,,,21170207100013,2025,Collectivité Territoriale,Commune,['Charente-Maritime'],['Nouvelle-Aquitaine'],COM,{17},{75}
f2c6c1d2-241e-4ce9-bae9-d13dad5349d8,215002767,Commune de Lolif (50),false,{50276},Commune,2026-03-24 14:42:01.412377+01,gold_establishments_2025,,,,21500276700014,2025,Collectivité Territoriale,Commune,['Manche'],['Normandie'],COM,{50},{28}
af603015-43ce-4eb6-b94a-95f5974c4b6f,212402440,Commune de Lolme (24),false,{24244},Commune,2026-03-24 14:41:55.958138+01,gold_establishments_2025,,,,21240244000011,2025,Collectivité Territoriale,Commune,['Dordogne'],['Nouvelle-Aquitaine'],COM,{24},{75}
06e2fbfd-68f0-47f2-b577-7d801f1bba6f,212503403,Commune de Lombard (25),false,{25340},Commune,2026-03-24 14:41:56.495197+01,gold_establishments_2025,,,,21250340300017,2025,Collectivité Territoriale,Commune,['Doubs'],['Bourgogne-Franche-Comté'],COM,{25},{27}
2e6b5892-cee1-46d5-be70-78219d2db0be,213902968,Commune de Lombard (39),false,{39296},Commune,2026-03-24 14:41:59.705606+01,gold_establishments_2025,,,,21390296800014,2025,Collectivité Territoriale,Commune,['Jura'],['Bourgogne-Franche-Comté'],COM,{39},{27}
442ae038-c2b5-45e8-afae-a103917a2926,218101475,Commune de Lombers (81),false,{81147},Commune,2026-03-24 14:42:09.967209+01,gold_establishments_2025,,,,21810147500018,2025,Collectivité Territoriale,Commune,['Tarn'],['Occitanie'],COM,{81},{76}
35661749-260d-4d36-a3eb-fb790151fef4,213202138,Commune de Lombez (32),false,{32213},Commune,2026-03-24 14:41:58.09424+01,gold_establishments_2025,,,,21320213800011,2025,Collectivité Territoriale,Commune,['Gers'],['Occitanie'],COM,{32},{76}
df658820-5af7-4578-8c48-e6b764806bbd,216403469,Commune de Lombia (64),false,{64346},Commune,2026-03-24 14:42:06.665412+01,gold_establishments_2025,,,,21640346900010,2025,Collectivité Territoriale,Commune,['Pyrénées-Atlantiques'],['Nouvelle-Aquitaine'],COM,{64},{75}
ea05e8c9-bb84-4a2b-a327-723d8ab5a753,214501850,Commune de Lombreuil (45),false,{45185},Commune,2026-03-24 14:42:00.862623+01,gold_establishments_2025,,,,21450185000017,2025,Collectivité Territoriale,Commune,['Loiret'],['Centre-Val de Loire'],COM,{45},{24}
8cf98d11-a2fd-4b67-b9b9-9d44a3a26880,217201656,Commune de Lombron (72),false,{72165},Commune,2026-03-24 14:42:08.279287+01,gold_establishments_2025,,,,21720165600014,2025,Collectivité Territoriale,Commune,['Sarthe'],['Pays de la Loire'],COM,{72},{52}
be44bc69-faa7-46df-b458-fc52bb585417,216502773,Commune de Lombrès (65),false,{65277},Commune,2026-03-24 14:42:06.665412+01,gold_establishments_2025,,,,21650277300015,2025,Collectivité Territoriale,Commune,['Hautes-Pyrénées'],['Occitanie'],COM,{65},{76}
2a878935-d33e-45e7-9a29-c3383ea4a7fe,215704115,Commune de Lommerange (57),false,{57411},Commune,2026-03-24 14:42:03.701372+01,gold_establishments_2025,,,,21570411500017,2025,Collectivité Territoriale,Commune,['Moselle'],['Grand Est'],COM,{57},{44}
fd0b0db9-45ad-4c41-bb0f-69fd2fc28f19,217803444,Commune de Lommoye (78),false,{78344},Commune,2026-03-24 14:42:09.43682+01,gold_establishments_2025,,,,21780344400017,2025,Collectivité Territoriale,Commune,['Yvelines'],['Île-de-France'],COM,{78},{11}
8d497f8a-96b3-474b-ae25-ca258bcd3e1d,216502781,Commune de Lomné (65),false,{65278},Commune,2026-03-24 14:42:06.665412+01,gold_establishments_2025,,,,21650278100018,2025,Collectivité Territoriale,Commune,['Hautes-Pyrénées'],['Occitanie'],COM,{65},{76}
6b86ba3c-21fc-4de6-9d00-a58a54b8af80,217003060,Commune de Lomont (70),false,{70306},Commune,2026-03-24 14:42:07.735343+01,gold_establishments_2025,,,,21700306000019,2025,Collectivité Territoriale,Commune,['Haute-Saône'],['Bourgogne-Franche-Comté'],COM,{70},{27}
b6676b4b-6644-4d3f-b242-c7a0e9da534f,212503411,Commune de Lomont-sur-Crête (25),false,{25341},Commune,2026-03-24 14:41:56.495197+01,gold_establishments_2025,,,,21250341100010,2025,Collectivité Territoriale,Commune,['Doubs'],['Bourgogne-Franche-Comté'],COM,{25},{27}
658218e9-8300-4a2b-9f5b-3377db53cfb1,210102190,Commune de Lompnas (01),false,{01219},Commune,2026-03-24 14:41:51.447482+01,gold_establishments_2025,,,,21010219000019,2025,Collectivité Territoriale,Commune,['Ain'],['Auvergne-Rhône-Alpes'],COM,{01},{84}
e5676cc1-d453-4622-9603-a755d34363a3,215903568,Commune de Lompret (59),false,{59356},Commune,2026-03-24 14:42:04.280096+01,gold_establishments_2025,,,,21590356800016,2025,Collectivité Territoriale,Commune,['Nord'],['Hauts-de-France'],COM,{59},{32}
d8212fd0-556c-4072-8123-a29af48a8092,211601893,Commune de Londigny (16),false,{16189},Commune,2026-03-24 14:41:54.362296+01,gold_establishments_2025,,,,21160189300012,2025,Collectivité Territoriale,Commune,['Charente'],['Nouvelle-Aquitaine'],COM,{16},{75}
24f4fb2d-5540-4fab-9373-f287612aa2bc,217603927,Commune de Londinières (76),false,{76392},Commune,2026-03-24 14:42:08.818969+01,gold_establishments_2025,,,,21760392700013,2025,Collectivité Territoriale,Commune,['Seine-Maritime'],['Normandie'],COM,{76},{28}
d11e6682-2686-45ce-974a-965b965927ce,218004620,Commune de Long (80),false,{80486},Commune,2026-03-24 14:42:09.967209+01,gold_establishments_2025,,,,21800462000017,2025,Collectivité Territoriale,Commune,['Somme'],['Hauts-de-France'],COM,{80},{32}
c03f5ae9-bfd0-4aac-9d67-2d829421bf36,213103039,Commune de Longages (31),false,{31303},Commune,2026-03-24 14:41:58.09424+01,gold_establishments_2025,,,,21310303900011,2025,Collectivité Territoriale,Commune,['Haute-Garonne'],['Occitanie'],COM,{31},{76}
1b4598c9-f02c-4aad-bd92-c71b278d2421,213501562,Commune de Longaulnay (35),false,{35156},Commune,2026-03-24 14:41:58.620411+01,gold_establishments_2025,,,,21350156200010,2025,Collectivité Territoriale,Commune,['Ille-et-Vilaine'],['Bretagne'],COM,{35},{53}
2e9f4544-e9a2-4a06-9d44-fe16dd8c4744,218004638,Commune de Longavesnes (80),false,{80487},Commune,2026-03-24 14:42:09.967209+01,gold_establishments_2025,,,,21800463800019,2025,Collectivité Territoriale,Commune,['Somme'],['Hauts-de-France'],COM,{80},{32}
fc2b04ce-329f-4101-b442-253937b9b297,212103519,Commune de Longchamp (21),false,{21351},Commune,2026-03-24 14:41:55.433389+01,gold_establishments_2025,,,,21210351900014,2025,Collectivité Territoriale,Commune,"[""Côte-d'Or""]",['Bourgogne-Franche-Comté'],COM,{21},{27}
6e0db5d8-761b-4eff-bec7-1982e523897f,215202078,Commune de Longchamp (52),false,{52291},Commune,2026-03-24 14:42:01.954481+01,gold_establishments_2025,,,,21520207800014,2025,Collectivité Territoriale,Commune,['Haute-Marne'],['Grand Est'],COM,{52},{44}
90a0e033-03f0-4fb4-9675-b640c438847c,218802734,Commune de Longchamp (88),false,{88273},Commune,2026-03-24 14:42:11.118516+01,gold_establishments_2025,,,,21880273400010,2025,Collectivité Territoriale,Commune,['Vosges'],['Grand Est'],COM,{88},{44}
245bc166-222c-4abb-a739-75d3068b2d93,218802742,Commune de Longchamp-sous-Châtenois (88),false,{88274},Commune,2026-03-24 14:42:11.118516+01,gold_establishments_2025,,,,21880274200013,2025,Collectivité Territoriale,Commune,['Vosges'],['Grand Est'],COM,{88},{44}
5b32f293-0a4e-4dba-8343-44f5b6621211,211001961,Commune de Longchamp-sur-Aujon (10),false,{10203},Commune,2026-03-24 14:41:53.095366+01,gold_establishments_2025,,,,21100196100013,2025,Collectivité Territoriale,Commune,['Aube'],['Grand Est'],COM,{10},{44}
58b85493-568a-4583-8006-45d1017cee84,212703722,Commune de Longchamps (27),false,{27372},Commune,2026-03-24 14:41:57.028721+01,gold_establishments_2025,,,,21270372200018,2025,Collectivité Territoriale,Commune,['Eure'],['Normandie'],COM,{27},{28}
1843a813-d126-48a1-b7db-e384daefdcb1,215503012,Commune de Longchamps-sur-Aire (55),false,{55301},Commune,2026-03-24 14:42:03.701372+01,gold_establishments_2025,,,,21550301200019,2025,Collectivité Territoriale,Commune,['Meuse'],['Grand Est'],COM,{55},{44}
d7db6b6f-338d-415a-8ee6-9cef6fb3fd72,213902976,Commune de Longchaumois (39),false,{39297},Commune,2026-03-24 14:41:59.705606+01,gold_establishments_2025,,,,21390297600017,2025,Collectivité Territoriale,Commune,['Jura'],['Bourgogne-Franche-Comté'],COM,{39},{27}
57098cbe-b3a2-4d84-ad77-4544cbea88da,213902984,Commune de Longcochon (39),false,{39298},Commune,2026-03-24 14:41:59.705606+01,gold_establishments_2025,,,,21390298400011,2025,Collectivité Territoriale,Commune,['Jura'],['Bourgogne-Franche-Comté'],COM,{39},{27}
3686869a-46ef-48af-b88c-a69c78f67e8b,215202086,Commune de Longeau-Percey (52),false,{52292},Commune,2026-03-24 14:42:01.954481+01,gold_establishments_2025,,,,21520208600017,2025,Collectivité Territoriale,Commune,['Haute-Marne'],['Grand Est'],COM,{52},{44}
a55c3ed8-3d66-450d-aa5b-bc87335d0b26,200083046,Commune de Longeault-Pluvault (21),false,{21352},Commune,2026-03-24 14:41:55.433389+01,gold_establishments_2025,,,,20008304600017,2025,Collectivité Territoriale,Commune,"[""Côte-d'Or""]",['Bourgogne-Franche-Comté'],COM,{21},{27}
117e5b85-f23a-4917-9e51-e28f467831ac,215503004,Commune de Longeaux (55),false,{55300},Commune,2026-03-24 14:42:03.701372+01,gold_establishments_2025,,,,21550300400016,2025,Collectivité Territoriale,Commune,['Meuse'],['Grand Est'],COM,{55},{44}
569a0b5a-d594-4c40-b5bb-d8d0f531136b,212503429,Commune de Longechaux (25),false,{25342},Commune,2026-03-24 14:41:56.495197+01,gold_establishments_2025,,,,21250342900012,2025,Collectivité Territoriale,Commune,['Doubs'],['Bourgogne-Franche-Comté'],COM,{25},{27}
222b357d-8496-465b-b202-3410e4006758,213802135,Commune de Longechenal (38),false,{38213},Commune,2026-03-24 14:41:59.160244+01,gold_establishments_2025,,,,21380213500011,2025,Collectivité Territoriale,Commune,['Isère'],['Auvergne-Rhône-Alpes'],COM,{38},{84}
2e7d2205-bedc-4507-8350-a257db1fad24,212103535,Commune de Longecourt-en-Plaine (21),false,{21353},Commune,2026-03-24 14:41:55.433389+01,gold_establishments_2025,,,,21210353500010,2025,Collectivité Territoriale,Commune,"[""Côte-d'Or""]",['Bourgogne-Franche-Comté'],COM,{21},{27}
0da362f7-2ae2-4abb-a472-f5d94897073a,212103543,Commune de Longecourt-lès-Culêtre (21),false,{21354},Commune,2026-03-24 14:41:55.433389+01,gold_establishments_2025,,,,21210354300014,2025,Collectivité Territoriale,Commune,"[""Côte-d'Or""]",['Bourgogne-Franche-Comté'],COM,{21},{27}
04c9e902-2520-4861-816e-cbaebdc0c40b,212503437,Commune de Longemaison (25),false,{25343},Commune,2026-03-24 14:41:56.495197+01,gold_establishments_2025,,,,21250343700015,2025,Collectivité Territoriale,Commune,['Doubs'],['Bourgogne-Franche-Comté'],COM,{25},{27}
2c819580-efbe-439d-8765-8a5471258435,217102623,Commune de Longepierre (71),false,{71262},Commune,2026-03-24 14:42:07.735343+01,gold_establishments_2025,,,,21710262300014,2025,Collectivité Territoriale,Commune,['Saône-et-Loire'],['Bourgogne-Franche-Comté'],COM,{71},{27}
caf77d5d-053e-4495-9277-766bebcd5089,216901199,Commune de Longes (69),false,{69119},Commune,2026-03-24 14:42:07.195692+01,gold_establishments_2025,,,,21690119900010,2025,Collectivité Territoriale,Commune,['Rhône'],['Auvergne-Rhône-Alpes'],COM,{69},{84}
47a1eaf0-a69d-42c2-88d6-a074b07d0160,216901207,Commune de Longessaigne (69),false,{69120},Commune,2026-03-24 14:42:07.195692+01,gold_establishments_2025,,,,21690120700011,2025,Collectivité Territoriale,Commune,['Rhône'],['Auvergne-Rhône-Alpes'],COM,{69},{84}
a8ead8c9-8d2f-408e-9db6-0d9a9e602eef,217003078,Commune de Longevelle (70),false,{70307},Commune,2026-03-24 14:42:07.735343+01,gold_establishments_2025,,,,21700307800011,2025,Collectivité Territoriale,Commune,['Haute-Saône'],['Bourgogne-Franche-Comté'],COM,{70},{27}
f670aba8-6c72-4842-b90a-873b90403698,212503445,Commune de Longevelle-lès-Russey (25),false,{25344},Commune,2026-03-24 14:41:56.495197+01,gold_establishments_2025,,,,21250344500018,2025,Collectivité Territoriale,Commune,['Doubs'],['Bourgogne-Franche-Comté'],COM,{25},{27}
9d3a97cc-8955-4139-a962-54778fcd9845,212503452,Commune de Longevelle-sur-Doubs (25),false,{25345},Commune,2026-03-24 14:41:56.495197+01,gold_establishments_2025,,,,21250345200014,2025,Collectivité Territoriale,Commune,['Doubs'],['Bourgogne-Franche-Comté'],COM,{25},{27}
2271599c-7959-4a23-92cb-c8b2391ed05a,212503460,Commune de Longeville (25),false,{25346},Commune,2026-03-24 14:41:56.495197+01,gold_establishments_2025,,,,21250346000017,2025,Collectivité Territoriale,Commune,['Doubs'],['Bourgogne-Franche-Comté'],COM,{25},{27}
c57d93ee-062e-44c8-83c7-d25756dfb78d,215503020,Commune de Longeville-en-Barrois (55),false,{55302},Commune,2026-03-24 14:42:03.701372+01,gold_establishments_2025,,,,21550302000012,2025,Collectivité Territoriale,Commune,['Meuse'],['Grand Est'],COM,{55},{44}
88ba4ad2-d487-4096-a48f-07f53c72dd4d,215704123,Commune de Longeville-lès-Metz (57),false,{57412},Commune,2026-03-24 14:42:03.701372+01,gold_establishments_2025,,,,21570412300011,2025,Collectivité Territoriale,Commune,['Moselle'],['Grand Est'],COM,{57},{44}
6a779719-d61d-4924-916a-715fca7aeb5b,215704131,Commune de Longeville-lès-Saint-Avold (57),false,{57413},Commune,2026-03-24 14:42:03.701372+01,gold_establishments_2025,,,,21570413100014,2025,Collectivité Territoriale,Commune,['Moselle'],['Grand Est'],COM,{57},{44}
2080d326-a708-457e-a14c-68163af31ece,218501278,Commune de Longeville-sur-Mer (85),false,{85127},Commune,2026-03-24 14:42:10.508772+01,gold_establishments_2025,,,,21850127800012,2025,Collectivité Territoriale,Commune,['Vendée'],['Pays de la Loire'],COM,{85},{52}
6cebbf05-2171-454f-ab86-094ca9589cdf,211001979,Commune de Longeville-sur-Mogne (10),false,{10204},Commune,2026-03-24 14:41:53.095366+01,gold_establishments_2025,,,,21100197900015,2025,Collectivité Territoriale,Commune,['Aube'],['Grand Est'],COM,{10},{44}
7281e5cd-2a5f-4412-8b27-6f66bbc93908,212503486,Commune de Longevilles-Mont-d'Or (25),false,{25348},Commune,2026-03-24 14:41:56.495197+01,gold_establishments_2025,,,,21250348600012,2025,Collectivité Territoriale,Commune,['Doubs'],['Bourgogne-Franche-Comté'],COM,{25},{27}
2003e73b-c146-49ad-bc53-fbe78bb2f8e3,216205245,Commune de Longfossé (62),false,{62524},Commune,2026-03-24 14:42:05.597325+01,gold_establishments_2025,,,,21620524500014,2025,Collectivité Territoriale,Commune,['Pas-de-Calais'],['Hauts-de-France'],COM,{62},{32}
fa9106db-1922-4dbe-bdcb-40cbb27ac138,219103454,Commune de Longjumeau (91),false,{91345},Commune,2026-03-24 14:42:11.659493+01,gold_establishments_2025,,,,21910345400225,2025,Collectivité Territoriale,Commune,['Essonne'],['Île-de-France'],COM,{91},{11}
3b872560-059f-4349-819c-54ccf9233e50,215403213,Commune de Longlaville (54),false,{54321},Commune,2026-03-24 14:42:02.957225+01,gold_establishments_2025,,,,21540321300014,2025,Collectivité Territoriale,Commune,['Meurthe-et-Moselle'],['Grand Est'],COM,{54},{44}
37754911-87fa-4be4-8a37-9fd3cb6838ec,217603935,Commune de Longmesnil (76),false,{76393},Commune,2026-03-24 14:42:08.818969+01,gold_establishments_2025,,,,21760393500016,2025,Collectivité Territoriale,Commune,['Seine-Maritime'],['Normandie'],COM,{76},{28}
324ee980-615d-433d-8510-22e6d6f3b946,217201664,Commune de Longnes (72),false,{72166},Commune,2026-03-24 14:42:08.279287+01,gold_establishments_2025,,,,21720166400018,2025,Collectivité Territoriale,Commune,['Sarthe'],['Pays de la Loire'],COM,{72},{52}
3d08d910-ec38-42b5-816e-ba3039635e7b,217803469,Commune de Longnes (78),false,{78346},Commune,2026-03-24 14:42:09.43682+01,gold_establishments_2025,,,,21780346900014,2025,Collectivité Territoriale,Commune,['Yvelines'],['Île-de-France'],COM,{78},{11}
c15acce2-a59a-4f81-9f37-ba1c14aeaf70,200058980,Commune de Longny les Villages (61),false,{61230},Commune,2026-03-24 14:42:05.597325+01,gold_establishments_2025,,,,20005898000018,2025,Collectivité Territoriale,Commune,['Orne'],['Normandie'],COM,{61},{28}
e4838e9b-de54-4526-8d88-a412c87eb008,217702596,Commune de Longperrier (77),false,{77259},Commune,2026-03-24 14:42:09.43682+01,gold_establishments_2025,,,,21770259600016,2025,Collectivité Territoriale,Commune,['Seine-et-Marne'],['Île-de-France'],COM,{77},{11}
9fd3c0f1-5428-4165-83a3-95427cdf15ef,210204152,Commune de Longpont (02),false,{02438},Commune,2026-03-24 14:41:52.020251+01,gold_establishments_2025,,,,21020415200016,2025,Collectivité Territoriale,Commune,['Aisne'],['Hauts-de-France'],COM,{02},{32}
6c5defcb-7c4e-4e78-86ea-8a767d639c45,219103470,Commune de Longpont-sur-Orge (91),false,{91347},Commune,2026-03-24 14:42:11.659493+01,gold_establishments_2025,,,,21910347000015,2025,Collectivité Territoriale,Commune,['Essonne'],['Île-de-France'],COM,{91},{11}
4d69eb91-f2c9-4134-958b-a080bb15bb97,211001987,Commune de Longpré-le-Sec (10),false,{10205},Commune,2026-03-24 14:41:53.095366+01,gold_establishments_2025,,,,21100198700018,2025,Collectivité Territoriale,Commune,['Aube'],['Grand Est'],COM,{10},{44}
81164b18-19e7-4571-9ec3-50e10118be58,218004646,Commune de Longpré-les-Corps-Saints (80),false,{80488},Commune,2026-03-24 14:42:09.967209+01,gold_establishments_2025,,,,21800464600012,2025,Collectivité Territoriale,Commune,['Somme'],['Hauts-de-France'],COM,{80},{32}
a48e7ab5-2282-487d-94da-78ff67885dd2,217603943,Commune de Longroy (76),false,{76394},Commune,2026-03-24 14:42:08.818969+01,gold_establishments_2025,,,,21760394300010,2025,Collectivité Territoriale,Commune,['Seine-Maritime'],['Normandie'],COM,{76},{28}
2b91b32f-ec51-4013-9eca-0b782f33b260,211601901,Commune de Longré (16),false,{16190},Commune,2026-03-24 14:41:54.362296+01,gold_establishments_2025,,,,21160190100013,2025,Collectivité Territoriale,Commune,['Charente'],['Nouvelle-Aquitaine'],COM,{16},{75}
cbdca52c-e0ee-4a21-aa78-feaeeb04725a,211001995,Commune de Longsols (10),false,{10206},Commune,2026-03-24 14:41:53.095366+01,gold_establishments_2025,,,,21100199500011,2025,Collectivité Territoriale,Commune,['Aube'],['Grand Est'],COM,{10},{44}
e858c47d-b9ea-4c5c-bfdd-b70e4101870d,218004653,Commune de Longueau (80),false,{80489},Commune,2026-03-24 14:42:09.967209+01,gold_establishments_2025,,,,21800465300018,2025,Collectivité Territoriale,Commune,['Somme'],['Hauts-de-France'],COM,{80},{32}
01b9b885-17e6-4d9f-8853-45db1110fd1b,217603950,Commune de Longueil (76),false,{76395},Commune,2026-03-24 14:42:08.818969+01,gold_establishments_2025,,,,21760395000015,2025,Collectivité Territoriale,Commune,['Seine-Maritime'],['Normandie'],COM,{76},{28}
86fc72dd-90ea-45c3-8aa9-a0b97056efca,216003657,Commune de Longueil-Annel (60),false,{60368},Commune,2026-03-24 14:42:04.814328+01,gold_establishments_2025,,,,21600365700014,2025,Collectivité Territoriale,Commune,['Oise'],['Hauts-de-France'],COM,{60},{32}
ab0fa0ed-d189-4b98-af41-29e70e1233ea,216003665,Commune de Longueil-Sainte-Marie (60),false,{60369},Commune,2026-03-24 14:42:04.814328+01,gold_establishments_2025,,,,21600366500017,2025,Collectivité Territoriale,Commune,['Oise'],['Hauts-de-France'],COM,{60},{32}
0c833fc3-5c2d-4a37-a98c-09b792932dd5,216205252,Commune de Longuenesse (62),false,{62525},Commune,2026-03-24 14:42:05.597325+01,gold_establishments_2025,,,,21620525200010,2025,Collectivité Territoriale,Commune,['Pas-de-Calais'],['Hauts-de-France'],COM,{62},{32}
33eb56c1-67c8-4ff6-8e25-0381e1040da8,200056091,Commune de Longuenée-en-Anjou (49),false,{49200},Commune,2026-03-24 14:42:01.412377+01,gold_establishments_2025,,,,20005609100016,2025,Collectivité Territoriale,Commune,['Maine-et-Loire'],['Pays de la Loire'],COM,{49},{52}
e845a772-550a-42ab-9221-6ab8bbaf7528,217603968,Commune de Longuerue (76),false,{76396},Commune,2026-03-24 14:42:08.818969+01,gold_establishments_2025,,,,21760396800017,2025,Collectivité Territoriale,Commune,['Seine-Maritime'],['Normandie'],COM,{76},{28}
26800f83-5606-4ba6-a5c5-a16ef7b4a8a0,211403779,Commune de Longues-sur-Mer (14),false,{14377},Commune,2026-03-24 14:41:54.362296+01,gold_establishments_2025,,,,21140377900013,2025,Collectivité Territoriale,Commune,['Calvados'],['Normandie'],COM,{14},{28}
11330a8c-8349-4538-a765-d50e39b985d6,219503489,Commune de Longuesse (95),false,{95348},Commune,2026-03-24 14:42:11.659493+01,gold_establishments_2025,,,,21950348900011,2025,Collectivité Territoriale,Commune,"[""Val-d'Oise""]",['Île-de-France'],COM,{95},{11}
12727421-6f56-4d90-ae98-e2e509c44a45,218004661,Commune de Longueval (80),false,{80490},Commune,2026-03-24 14:42:09.967209+01,gold_establishments_2025,,,,21800466100011,2025,Collectivité Territoriale,Commune,['Somme'],['Hauts-de-France'],COM,{80},{32}
faf37964-ed84-4021-986b-0b54d33de583,211403787,Commune de Longueville (14),false,{14378},Commune,2026-03-24 14:41:54.362296+01,gold_establishments_2025,,,,21140378700016,2025,Collectivité Territoriale,Commune,['Calvados'],['Normandie'],COM,{14},{28}
b98b6baa-f273-40a0-8d08-f6c8df25f55d,214701500,Commune de Longueville (47),false,{47150},Commune,2026-03-24 14:42:00.862623+01,gold_establishments_2025,,,,21470150000016,2025,Collectivité Territoriale,Commune,['Lot-et-Garonne'],['Nouvelle-Aquitaine'],COM,{47},{75}
db0b8bc4-30d4-4e41-8664-b1c83a67971b,215002775,Commune de Longueville (50),false,{50277},Commune,2026-03-24 14:42:01.412377+01,gold_establishments_2025,,,,21500277500017,2025,Collectivité Territoriale,Commune,['Manche'],['Normandie'],COM,{50},{28}
f3c12a90-8c83-4ae6-867f-c46c52ed6829,216205260,Commune de Longueville (62),false,{62526},Commune,2026-03-24 14:42:05.597325+01,gold_establishments_2025,,,,21620526000013,2025,Collectivité Territoriale,Commune,['Pas-de-Calais'],['Hauts-de-France'],COM,{62},{32}
b89fb3f7-1e0a-4e13-8967-947f1c8bb45f,217702604,Commune de Longueville (77),false,{77260},Commune,2026-03-24 14:42:09.43682+01,gold_establishments_2025,,,,21770260400018,2025,Collectivité Territoriale,Commune,['Seine-et-Marne'],['Île-de-France'],COM,{77},{11}
ad81040d-d601-4e70-9734-ec9aa32b4a5c,211002001,Commune de Longueville-sur-Aube (10),false,{10207},Commune,2026-03-24 14:41:53.095366+01,gold_establishments_2025,,,,21100200100017,2025,Collectivité Territoriale,Commune,['Aube'],['Grand Est'],COM,{10},{44}
0157becf-0143-443f-a4d9-968750ea2a2d,217603976,Commune de Longueville-sur-Scie (76),false,{76397},Commune,2026-03-24 14:42:08.818969+01,gold_establishments_2025,,,,21760397600010,2025,Collectivité Territoriale,Commune,['Seine-Maritime'],['Normandie'],COM,{76},{28}
8a4781b4-f836-4d75-8d6e-d4794d7ebcc5,218004679,Commune de Longuevillette (80),false,{80491},Commune,2026-03-24 14:42:09.967209+01,gold_establishments_2025,,,,21800467900013,2025,Collectivité Territoriale,Commune,['Somme'],['Hauts-de-France'],COM,{80},{32}
b400c625-5e05-4909-bebb-890257cf4fd1,215403221,Commune de Longuyon (54),false,{54322},Commune,2026-03-24 14:42:02.957225+01,gold_establishments_2025,,,,21540322100017,2025,Collectivité Territoriale,Commune,['Meurthe-et-Moselle'],['Grand Est'],COM,{54},{44}
95bcf76e-d549-4408-b6a3-cbf58366eab3,214901803,Commune de Longué-Jumelles (49),false,{49180},Commune,2026-03-24 14:42:01.412377+01,gold_establishments_2025,,,,21490180300012,2025,Collectivité Territoriale,Commune,['Maine-et-Loire'],['Pays de la Loire'],COM,{49},{52}
1ab73de4-9360-4288-ab1a-d8a6496c079e,212103550,Commune de Longvic (21),false,{21355},Commune,2026-03-24 14:41:55.433389+01,gold_establishments_2025,,,,21210355000019,2025,Collectivité Territoriale,Commune,"[""Côte-d'Or""]",['Bourgogne-Franche-Comté'],COM,{21},{27}
3f052692-531a-44fe-9174-56ea0168d8c7,211403795,Commune de Longvillers (14),false,{14379},Commune,2026-03-24 14:41:54.362296+01,gold_establishments_2025,,,,21140379500019,2025,Collectivité Territoriale,Commune,['Calvados'],['Normandie'],COM,{14},{28}
5929b59c-78b7-4637-bab7-a1cb34429505,216205278,Commune de Longvilliers (62),false,{62527},Commune,2026-03-24 14:42:05.597325+01,gold_establishments_2025,,,,21620527800015,2025,Collectivité Territoriale,Commune,['Pas-de-Calais'],['Hauts-de-France'],COM,{62},{32}
d79a58e6-0a20-4a89-be51-00fff67a689c,217803493,Commune de Longvilliers (78),false,{78349},Commune,2026-03-24 14:42:09.43682+01,gold_establishments_2025,,,,21780349300014,2025,Collectivité Territoriale,Commune,['Yvelines'],['Île-de-France'],COM,{78},{11}
806d3f02-cadd-46f0-a807-dc97e821b7c3,215403239,Commune de Longwy (54),false,{54323},Commune,2026-03-24 14:42:02.957225+01,gold_establishments_2025,,,,21540323900019,2025,Collectivité Territoriale,Commune,['Meurthe-et-Moselle'],['Grand Est'],COM,{54},{44}
da9aa24e-0e4c-4507-a388-70ed58c22c01,213902992,Commune de Longwy-sur-le-Doubs (39),false,{39299},Commune,2026-03-24 14:41:59.705606+01,gold_establishments_2025,,,,21390299200014,2025,Collectivité Territoriale,Commune,['Jura'],['Bourgogne-Franche-Comté'],COM,{39},{27}
f60e95e8-a9fb-4031-97d6-3c02b6774d14,210802344,Commune de Longwé (08),false,{08259},Commune,2026-03-24 14:41:53.095366+01,gold_establishments_2025,,,,21080234400015,2025,Collectivité Territoriale,Commune,['Ardennes'],['Grand Est'],COM,{08},{44}
4544052e-cf4a-462c-9503-0ed06c484c22,211702089,Commune de Longèves (17),false,{17208},Commune,2026-03-24 14:41:54.903238+01,gold_establishments_2025,,,,21170208900015,2025,Collectivité Territoriale,Commune,['Charente-Maritime'],['Nouvelle-Aquitaine'],COM,{17},{75}
5a8fa1c0-6e73-4f8b-833c-7d3810cc4045,218501260,Commune de Longèves (85),false,{85126},Commune,2026-03-24 14:42:10.508772+01,gold_establishments_2025,,,,21850126000101,2025,Collectivité Territoriale,Commune,['Vendée'],['Pays de la Loire'],COM,{85},{52}
7665b8bc-fd9a-40a5-9e7e-95a734be600b,216102327,Commune de Lonlay-l'Abbaye (61),false,{61232},Commune,2026-03-24 14:42:05.597325+01,gold_establishments_2025,,,,21610232700014,2025,Collectivité Territoriale,Commune,['Orne'],['Normandie'],COM,{61},{28}
efbd8dc1-ec63-4602-aeef-fce6ecfdc9d8,216102335,Commune de Lonlay-le-Tesson (61),false,{61233},Commune,2026-03-24 14:42:05.597325+01,gold_establishments_2025,,,,21610233500017,2025,Collectivité Territoriale,Commune,['Orne'],['Normandie'],COM,{61},{28}
522621b8-0a30-4701-8aa9-d0512e6b855c,211601919,Commune de Lonnes (16),false,{16191},Commune,2026-03-24 14:41:54.362296+01,gold_establishments_2025,,,,21160191900015,2025,Collectivité Territoriale,Commune,['Charente'],['Nouvelle-Aquitaine'],COM,{16},{75}
c3c25f52-c11c-4db4-9bb0-7a7038079cd7,210802351,Commune de Lonny (08),false,{08260},Commune,2026-03-24 14:41:53.095366+01,gold_establishments_2025,,,,21080235100010,2025,Collectivité Territoriale,Commune,['Ardennes'],['Grand Est'],COM,{08},{44}
6a436b77-6a03-49f5-99a0-a8749511e6a6,216102343,Commune de Lonrai (61),false,{61234},Commune,2026-03-24 14:42:05.597325+01,gold_establishments_2025,,,,21610234300011,2025,Collectivité Territoriale,Commune,['Orne'],['Normandie'],COM,{61},{28}
839507cf-69e7-416c-be3d-6ba368ceb31b,216403485,Commune de Lons (64),false,{64348},Commune,2026-03-24 14:42:06.665412+01,gold_establishments_2025,,,,21640348500115,2025,Collectivité Territoriale,Commune,['Pyrénées-Atlantiques'],['Nouvelle-Aquitaine'],COM,{64},{75}
3da59fac-1819-4fef-8310-04e13e9075cc,213903008,Commune de Lons-le-Saunier (39),false,{39300},Commune,2026-03-24 14:41:59.705606+01,gold_establishments_2025,,,,21390300800364,2025,Collectivité Territoriale,Commune,['Jura'],['Bourgogne-Franche-Comté'],COM,{39},{27}
a9553dbe-642c-424d-9a55-4875338af952,211702097,Commune de Lonzac (17),false,{17209},Commune,2026-03-24 14:41:54.903238+01,gold_establishments_2025,,,,21170209700018,2025,Collectivité Territoriale,Commune,['Charente-Maritime'],['Nouvelle-Aquitaine'],COM,{17},{75}
06e445eb-b900-4b86-859c-4f4591ae0e23,216403477,Commune de Lonçon (64),false,{64347},Commune,2026-03-24 14:42:06.665412+01,gold_establishments_2025,,,,21640347700013,2025,Collectivité Territoriale,Commune,['Pyrénées-Atlantiques'],['Nouvelle-Aquitaine'],COM,{64},{75}
e658d8a1-8c3b-4cd6-ac95-4160904dc265,215903584,Commune de Looberghe (59),false,{59358},Commune,2026-03-24 14:42:04.280096+01,gold_establishments_2025,,,,21590358400039,2025,Collectivité Territoriale,Commune,['Nord'],['Hauts-de-France'],COM,{59},{32}
ed9fc2ec-08be-4fdf-a36d-f7d550b79eb6,215903592,Commune de Loon-Plage (59),false,{59359},Commune,2026-03-24 14:42:04.280096+01,gold_establishments_2025,,,,21590359200081,2025,Collectivité Territoriale,Commune,['Nord'],['Hauts-de-France'],COM,{59},{32}
a614a258-b906-4e1e-b889-2da823a64817,215903600,Commune de Loos (59),false,{59360},Commune,2026-03-24 14:42:04.280096+01,gold_establishments_2025,,,,21590360000017,2025,Collectivité Territoriale,Commune,['Nord'],['Hauts-de-France'],COM,{59},{32}
8bfce6d3-e03d-43ef-97fb-46dbcc49bbd4,216205286,Commune de Loos-en-Gohelle (62),false,{62528},Commune,2026-03-24 14:42:05.597325+01,gold_establishments_2025,,,,21620528600018,2025,Collectivité Territoriale,Commune,['Pas-de-Calais'],['Hauts-de-France'],COM,{62},{32}
4a6275b6-6b27-45c3-a125-5c80999e42df,218902302,Commune de Looze (89),false,{89230},Commune,2026-03-24 14:42:11.118516+01,gold_establishments_2025,,,,21890230200015,2025,Collectivité Territoriale,Commune,['Yonne'],['Bourgogne-Franche-Comté'],COM,{89},{27}
8d110a8d-9c73-462f-a314-a5122e4f89ab,212901409,Commune de Loperhet (29),false,{29140},Commune,2026-03-24 14:41:57.028721+01,gold_establishments_2025,,,,21290140900012,2025,Collectivité Territoriale,Commune,['Finistère'],['Bretagne'],COM,{29},{53}
aa8c3d2f-81c4-4347-9e3f-cf5d0c2e34e1,212001440,Commune de Lopigna (2A),false,{2A144},Commune,2026-03-24 14:41:57.56054+01,gold_establishments_2025,,,,21200144000016,2025,Collectivité Territoriale,Commune,['Corse-du-Sud'],['Corse'],COM,{2A},{94}
b99ee092-233d-4dc8-bcd6-602927447635,212901391,Commune de Lopérec (29),false,{29139},Commune,2026-03-24 14:41:57.028721+01,gold_establishments_2025,,,,21290139100012,2025,Collectivité Territoriale,Commune,['Finistère'],['Bretagne'],COM,{29},{53}
cb841581-ebce-4ba2-a4ff-1b68c571c93c,212901417,Commune de Loqueffret (29),false,{29141},Commune,2026-03-24 14:41:57.028721+01,gold_establishments_2025,,,,21290141700015,2025,Collectivité Territoriale,Commune,['Finistère'],['Bretagne'],COM,{29},{53}
eb584e19-d668-44c3-bc7e-12dc96fbe63c,210204178,Commune de Lor (02),false,{02440},Commune,2026-03-24 14:41:52.020251+01,gold_establishments_2025,,,,21020417800011,2025,Collectivité Territoriale,Commune,['Aisne'],['Hauts-de-France'],COM,{02},{32}
cad5c752-7b82-4ede-904f-1d8bf1b1ab38,212503494,Commune de Loray (25),false,{25349},Commune,2026-03-24 14:41:56.495197+01,gold_establishments_2025,,,,21250349400016,2025,Collectivité Territoriale,Commune,['Doubs'],['Bourgogne-Franche-Comté'],COM,{25},{27}
c78eec27-9dbf-45e5-bf3a-1254fafe3129,211501077,Commune de Lorcières (15),false,{15107},Commune,2026-03-24 14:41:54.362296+01,gold_establishments_2025,,,,21150107700013,2025,Collectivité Territoriale,Commune,['Cantal'],['Auvergne-Rhône-Alpes'],COM,{15},{84}
55b6ec46-af19-4917-9a4b-d4a9c0c76dd6,214501868,Commune de Lorcy (45),false,{45186},Commune,2026-03-24 14:42:00.862623+01,gold_establishments_2025,,,,21450186800019,2025,Collectivité Territoriale,Commune,['Loiret'],['Centre-Val de Loire'],COM,{45},{24}
9fe0c20d-ddce-4640-8dc2-574699316ead,210901716,Commune de Lordat (09),false,{09171},Commune,2026-03-24 14:41:53.095366+01,gold_establishments_2025,,,,21090171600014,2025,Collectivité Territoriale,Commune,['Ariège'],['Occitanie'],COM,{09},{76}
00db704f-ee9a-4692-b2ec-277ec20924b9,216702746,Commune de Lorentzen (67),false,{67274},Commune,2026-03-24 14:42:07.195692+01,gold_establishments_2025,,,,21670274600019,2025,Collectivité Territoriale,Commune,['Bas-Rhin'],['Grand Est'],COM,{67},{44}
bb882cfc-06ac-4e08-9d32-a779c18cf058,212001457,Commune de Loreto-di-Casinca (2B),false,{2B145},Commune,2026-03-24 14:41:57.56054+01,gold_establishments_2025,,,,21200145700010,2025,Collectivité Territoriale,Commune,['Haute-Corse'],['Corse'],COM,{2B},{94}
c1d1f4e1-f851-4599-8411-78840972ec14,212001465,Commune de Loreto-di-Tallano (2A),false,{2A146},Commune,2026-03-24 14:41:57.56054+01,gold_establishments_2025,,,,21200146500013,2025,Collectivité Territoriale,Commune,['Corse-du-Sud'],['Corse'],COM,{2A},{94}
e9936df6-867d-4f44-9ab4-3342198d6dfa,214201238,Commune de Lorette (42),false,{42123},Commune,2026-03-24 14:42:00.273698+01,gold_establishments_2025,,,,21420123800091,2025,Collectivité Territoriale,Commune,['Loire'],['Auvergne-Rhône-Alpes'],COM,{42},{84}
e180c77a-1199-4538-96fe-d46a92163262,200081321,Commune de Loretz-d'Argenton (79),false,{79014},Commune,2026-03-24 14:42:09.43682+01,gold_establishments_2025,,,,20008132100016,2025,Collectivité Territoriale,Commune,['Deux-Sèvres'],['Nouvelle-Aquitaine'],COM,{79},{75}
1519429b-1804-4b17-aec3-225ef79d773a,214101180,Commune de Loreux (41),false,{41118},Commune,2026-03-24 14:42:00.273698+01,gold_establishments_2025,,,,21410118000013,2025,Collectivité Territoriale,Commune,['Loir-et-Cher'],['Centre-Val de Loire'],COM,{41},{24}
7f76c137-5c08-44b6-a665-41844359ef99,215403247,Commune de Lorey (54),false,{54324},Commune,2026-03-24 14:42:02.957225+01,gold_establishments_2025,,,,21540324700012,2025,Collectivité Territoriale,Commune,['Meurthe-et-Moselle'],['Grand Est'],COM,{54},{44}
08ac90f2-ef29-4435-bbff-a4186bdb1432,214101198,Commune de Lorges (41),false,{41119},Commune,2026-03-24 14:42:00.273698+01,gold_establishments_2025,,,,21410119800015,2025,Collectivité Territoriale,Commune,['Loir-et-Cher'],['Centre-Val de Loire'],COM,{41},{24}
281309b6-00e3-42ea-8cdc-665eaa5d7ef6,216205294,Commune de Lorgies (62),false,{62529},Commune,2026-03-24 14:42:05.597325+01,gold_establishments_2025,,,,21620529400012,2025,Collectivité Territoriale,Commune,['Pas-de-Calais'],['Hauts-de-France'],COM,{62},{32}
cf01c135-370a-4bfc-bf90-f3f29b61b781,218300721,Commune de Lorgues (83),false,{83072},Commune,2026-03-24 14:42:10.508772+01,gold_establishments_2025,,,,21830072100014,2025,Collectivité Territoriale,Commune,['Var'],"[""Provence-Alpes-Côte d'Azur""]",COM,{83},{93}
5ca53399-d401-47f2-9b7e-8752b30606d7,215601212,Commune de Lorient (56),false,{56121},Commune,2026-03-24 14:42:03.701372+01,gold_establishments_2025,,,,21560121200016,2025,Collectivité Territoriale,Commune,['Morbihan'],['Bretagne'],COM,{56},{53}
b864b5a7-3169-47f1-beb9-8a6e3720236a,210301487,Commune de Loriges (03),false,{03148},Commune,2026-03-24 14:41:52.020251+01,gold_establishments_2025,,,,21030148700018,2025,Collectivité Territoriale,Commune,['Allier'],['Auvergne-Rhône-Alpes'],COM,{03},{84}
b4b71278-05c6-46a3-a26d-d53cbe90a7b3,211702105,Commune de Lorignac (17),false,{17210},Commune,2026-03-24 14:41:54.903238+01,gold_establishments_2025,,,,21170210500019,2025,Collectivité Territoriale,Commune,['Charente-Maritime'],['Nouvelle-Aquitaine'],COM,{17},{75}
12471edb-2b4b-4231-a80d-2de696751606,217901529,Commune de Lorigné (79),false,{79152},Commune,2026-03-24 14:42:09.43682+01,gold_establishments_2025,,,,21790152900016,2025,Collectivité Territoriale,Commune,['Deux-Sèvres'],['Nouvelle-Aquitaine'],COM,{79},{75}
e7028de3-8e76-41c6-b40c-4f031c411b03,218400679,Commune de Loriol-du-Comtat (84),false,{84067},Commune,2026-03-24 14:42:10.508772+01,gold_establishments_2025,,,,21840067900013,2025,Collectivité Territoriale,Commune,['Vaucluse'],"[""Provence-Alpes-Côte d'Azur""]",COM,{84},{93}
6b2e9a37-ef39-47b0-808b-f8f9bbf7104f,212601660,Commune de Loriol-sur-Drôme (26),false,{26166},Commune,2026-03-24 14:41:56.495197+01,gold_establishments_2025,,,,21260166000013,2025,Collectivité Territoriale,Commune,['Drôme'],['Auvergne-Rhône-Alpes'],COM,{26},{84}
11d3b08f-6ea7-45b3-8abe-d9b28f6e80c9,214301236,Commune de Lorlanges (43),false,{43123},Commune,2026-03-24 14:42:00.273698+01,gold_establishments_2025,,,,21430123600011,2025,Collectivité Territoriale,Commune,['Haute-Loire'],['Auvergne-Rhône-Alpes'],COM,{43},{84}
b2ebbd04-2a36-4c4e-b764-2885318ff9b5,212703730,Commune de Lorleau (27),false,{27373},Commune,2026-03-24 14:41:57.028721+01,gold_establishments_2025,,,,21270373000011,2025,Collectivité Territoriale,Commune,['Eure'],['Normandie'],COM,{27},{28}
2a9448b3-c049-4e8a-8244-0cf4862cbec5,216003673,Commune de Lormaison (60),false,{60370},Commune,2026-03-24 14:42:04.814328+01,gold_establishments_2025,,,,21600367300011,2025,Collectivité Territoriale,Commune,['Oise'],['Hauts-de-France'],COM,{60},{32}
ca42c292-4fbf-46e4-89c3-f18550e21682,212802136,Commune de Lormaye (28),false,{28213},Commune,2026-03-24 14:41:57.028721+01,gold_establishments_2025,,,,21280213600011,2025,Collectivité Territoriale,Commune,['Eure-et-Loir'],['Centre-Val de Loire'],COM,{28},{24}
795cd3a4-a297-4335-9154-b68d37edd133,215801457,Commune de Lormes (58),false,{58145},Commune,2026-03-24 14:42:04.280096+01,gold_establishments_2025,,,,21580145700015,2025,Collectivité Territoriale,Commune,['Nièvre'],['Bourgogne-Franche-Comté'],COM,{58},{27}
3327c5d9-5e7a-486e-aa5d-39ec10592baa,213302490,Commune de Lormont (33),false,{33249},Commune,2026-03-24 14:41:58.620411+01,gold_establishments_2025,,,,21330249000015,2025,Collectivité Territoriale,Commune,['Gironde'],['Nouvelle-Aquitaine'],COM,{33},{75}
9345515d-7856-4436-9358-2f16ddd4bf3b,217401512,Commune de Lornay (74),false,{74151},Commune,2026-03-24 14:42:08.279287+01,gold_establishments_2025,,,,21740151200017,2025,Collectivité Territoriale,Commune,['Haute-Savoie'],['Auvergne-Rhône-Alpes'],COM,{74},{84}
cc024264-35de-496f-9e93-36c1b0ccdb72,215403254,Commune de Loromontzey (54),false,{54325},Commune,2026-03-24 14:42:02.957225+01,gold_establishments_2025,,,,21540325400018,2025,Collectivité Territoriale,Commune,['Meurthe-et-Moselle'],['Grand Est'],COM,{54},{44}
2d3c5843-e54e-4f9f-bcae-5d62545f1c59,210902896,Commune de Lorp-Sentaraille (09),false,{09289},Commune,2026-03-24 14:41:53.095366+01,gold_establishments_2025,,,,21090289600013,2025,Collectivité Territoriale,Commune,['Ariège'],['Occitanie'],COM,{09},{76}
5f1472db-7fd4-42be-91de-30523fb18324,215704149,Commune de Lorquin (57),false,{57414},Commune,2026-03-24 14:42:03.701372+01,gold_establishments_2025,,,,21570414900016,2025,Collectivité Territoriale,Commune,['Moselle'],['Grand Est'],COM,{57},{44}
81d857da-62b4-44bd-a3ae-674c3a58b7a1,217702612,Commune de Lorrez-le-Bocage-Préaux (77),false,{77261},Commune,2026-03-24 14:42:09.43682+01,gold_establishments_2025,,,,21770261200011,2025,Collectivité Territoriale,Commune,['Seine-et-Marne'],['Île-de-France'],COM,{77},{11}
7355c56b-34b5-4e7a-9e34-c456cad61e06,214501876,Commune de Lorris (45),false,{45187},Commune,2026-03-24 14:42:00.862623+01,gold_establishments_2025,,,,21450187600012,2025,Collectivité Territoriale,Commune,['Loiret'],['Centre-Val de Loire'],COM,{45},{24}
d2a0aed6-7974-484a-a753-e8afac68e81b,215704164,Commune de Lorry-Mardigny (57),false,{57416},Commune,2026-03-24 14:42:03.701372+01,gold_establishments_2025,,,,21570416400072,2025,Collectivité Territoriale,Commune,['Moselle'],['Grand Est'],COM,{57},{44}
9cc59ced-8420-49da-88a5-9dce6b78ec44,215704156,Commune de Lorry-lès-Metz (57),false,{57415},Commune,2026-03-24 14:42:03.701372+01,gold_establishments_2025,,,,21570415600011,2025,Collectivité Territoriale,Commune,['Moselle'],['Grand Est'],COM,{57},{44}
388712c3-2523-44e3-863a-eca1e86118cc,216502799,Commune de Lortet (65),false,{65279},Commune,2026-03-24 14:42:06.665412+01,gold_establishments_2025,,,,21650279900010,2025,Collectivité Territoriale,Commune,['Hautes-Pyrénées'],['Occitanie'],COM,{65},{76}
ba9ec403-dc14-4ac9-8c9b-589e243b45e1,216601047,Commune de Los Masos (66),false,{66104},Commune,2026-03-24 14:42:06.665412+01,gold_establishments_2025,,,,21660104700014,2025,Collectivité Territoriale,Commune,['Pyrénées-Orientales'],['Occitanie'],COM,{66},{76}
fb7a6690-3085-46be-8431-190284f43827,212201339,Commune de Loscouët-sur-Meu (22),false,{22133},Commune,2026-03-24 14:41:55.433389+01,gold_establishments_2025,,,,21220133900018,2025,Collectivité Territoriale,Commune,"[""Côtes-d'Armor""]",['Bretagne'],COM,{22},{53}
dfc09dea-4306-4689-aa5c-608a6d94f24e,212103568,Commune de Losne (21),false,{21356},Commune,2026-03-24 14:41:55.433389+01,gold_establishments_2025,,,,21210356800011,2025,Collectivité Territoriale,Commune,"[""Côte-d'Or""]",['Bourgogne-Franche-Comté'],COM,{21},{27}
220cf026-d165-4103-ba06-5f088334c956,214001588,Commune de Losse (40),false,{40158},Commune,2026-03-24 14:41:59.705606+01,gold_establishments_2025,,,,21400158800018,2025,Collectivité Territoriale,Commune,['Landes'],['Nouvelle-Aquitaine'],COM,{40},{75}
c1d0a0e8-25b8-4736-b711-9632b5f3ca0d,211911904,Commune de Lostanges (19),false,{19119},Commune,2026-03-24 14:41:54.903238+01,gold_establishments_2025,,,,21191190400012,2025,Collectivité Territoriale,Commune,['Corrèze'],['Nouvelle-Aquitaine'],COM,{19},{75}
7182903d-4a65-4341-bdb8-5b0a41825bb7,215704172,Commune de Lostroff (57),false,{57417},Commune,2026-03-24 14:42:03.701372+01,gold_establishments_2025,,,,21570417200018,2025,Collectivité Territoriale,Commune,['Moselle'],['Grand Est'],COM,{57},{44}
93a8658c-d9d2-4135-963e-7ce02ade5278,212901425,Commune de Lothey (29),false,{29142},Commune,2026-03-24 14:41:57.028721+01,gold_establishments_2025,,,,21290142500018,2025,Collectivité Territoriale,Commune,['Finistère'],['Bretagne'],COM,{29},{53}
0ecad7ca-ca4e-43c3-a39f-0a7d2287b83b,216205302,Commune de Lottinghen (62),false,{62530},Commune,2026-03-24 14:42:05.597325+01,gold_establishments_2025,,,,21620530200013,2025,Collectivité Territoriale,Commune,['Pas-de-Calais'],['Hauts-de-France'],COM,{62},{32}
a599f4f4-e0b9-43c4-bde5-e627d1e961e2,217201672,Commune de Louailles (72),false,{72167},Commune,2026-03-24 14:42:08.279287+01,gold_establishments_2025,,,,21720167200011,2025,Collectivité Territoriale,Commune,['Sarthe'],['Pays de la Loire'],COM,{72},{52}
4d40dc75-dbd4-40ef-9c47-7f65fb7bbd11,217702620,Commune de Louan-Villegruis-Fontaine (77),false,{77262},Commune,2026-03-24 14:42:09.43682+01,gold_establishments_2025,,,,21770262000014,2025,Collectivité Territoriale,Commune,['Seine-et-Marne'],['Île-de-France'],COM,{77},{11}
6b057236-f931-4e37-81fb-bdb215046db2,212201347,Commune de Louannec (22),false,{22134},Commune,2026-03-24 14:41:55.433389+01,gold_establishments_2025,,,,21220134700011,2025,Collectivité Territoriale,Commune,"[""Côtes-d'Armor""]",['Bretagne'],COM,{22},{53}
92f56e81-5bb6-43f2-9618-a49345b7c2c9,213701345,Commune de Louans (37),false,{37134},Commune,2026-03-24 14:41:59.160244+01,gold_establishments_2025,,,,21370134500018,2025,Collectivité Territoriale,Commune,['Indre-et-Loire'],['Centre-Val de Loire'],COM,{37},{24}
71080488-8b00-40ac-b471-c85d174e57bf,212201354,Commune de Louargat (22),false,{22135},Commune,2026-03-24 14:41:55.433389+01,gold_establishments_2025,,,,21220135400017,2025,Collectivité Territoriale,Commune,"[""Côtes-d'Armor""]",['Bretagne'],COM,{22},{53}
fe96b20e-f6ef-496a-b472-4c11c6835765,216502807,Commune de Loubajac (65),false,{65280},Commune,2026-03-24 14:42:06.665412+01,gold_establishments_2025,,,,21650280700011,2025,Collectivité Territoriale,Commune,['Hautes-Pyrénées'],['Occitanie'],COM,{65},{76}
406ec622-b749-40b7-b003-8e32ab55253b,210701447,Commune de Loubaresse (07),false,{07144},Commune,2026-03-24 14:41:52.562531+01,gold_establishments_2025,,,,21070144700018,2025,Collectivité Territoriale,Commune,['Ardèche'],['Auvergne-Rhône-Alpes'],COM,{07},{84}
fb514585-496f-47a9-8373-2e35b3932364,210901724,Commune de Loubaut (09),false,{09172},Commune,2026-03-24 14:41:53.095366+01,gold_establishments_2025,,,,21090172400018,2025,Collectivité Territoriale,Commune,['Ariège'],['Occitanie'],COM,{09},{76}
3d17be9e-9a82-417b-9e33-50a53557a64a,212402457,Commune de Loubejac (24),false,{24245},Commune,2026-03-24 14:41:55.958138+01,gold_establishments_2025,,,,21240245700015,2025,Collectivité Territoriale,Commune,['Dordogne'],['Nouvelle-Aquitaine'],COM,{24},{75}
5555cfb3-fc8c-42cc-ab42-5c613e6059ad,210901732,Commune de Loubens (09),false,{09173},Commune,2026-03-24 14:41:53.095366+01,gold_establishments_2025,,,,21090173200011,2025,Collectivité Territoriale,Commune,['Ariège'],['Occitanie'],COM,{09},{76}
8530c186-e53b-4a73-a182-41e05ddcef7f,213302508,Commune de Loubens (33),false,{33250},Commune,2026-03-24 14:41:58.620411+01,gold_establishments_2025,,,,21330250800014,2025,Collectivité Territoriale,Commune,['Gironde'],['Nouvelle-Aquitaine'],COM,{33},{75}
e31765f1-c233-44c3-9622-abd58ca5930a,213103047,Commune de Loubens-Lauragais (31),false,{31304},Commune,2026-03-24 14:41:58.09424+01,gold_establishments_2025,,,,21310304700014,2025,Collectivité Territoriale,Commune,['Haute-Garonne'],['Occitanie'],COM,{31},{76}
4fa39a61-e2fa-4f58-a2ab-00166bd9b2b2,218101483,Commune de Loubers (81),false,{81148},Commune,2026-03-24 14:42:09.967209+01,gold_establishments_2025,,,,21810148300012,2025,Collectivité Territoriale,Commune,['Tarn'],['Occitanie'],COM,{81},{76}
12e5ec1f-8565-4432-83b0-cf63ffa06d39,213202153,Commune de Loubersan (32),false,{32215},Commune,2026-03-24 14:41:58.09424+01,gold_establishments_2025,,,,21320215300010,2025,Collectivité Territoriale,Commune,['Gers'],['Occitanie'],COM,{32},{76}
5277b033-9c2d-49d6-ac5e-7703da8090ef,216301986,Commune de Loubeyrat (63),false,{63198},Commune,2026-03-24 14:42:06.130387+01,gold_establishments_2025,,,,21630198600016,2025,Collectivité Territoriale,Commune,['Puy-de-Dôme'],['Auvergne-Rhône-Alpes'],COM,{63},{84}
321d7027-1607-4a1b-8253-33b304e4b310,216405811,Commune de Loubieng (64),false,{64349},Commune,2026-03-24 14:42:06.665412+01,gold_establishments_2025,,,,21640581100011,2025,Collectivité Territoriale,Commune,['Pyrénées-Atlantiques'],['Nouvelle-Aquitaine'],COM,{64},{75}
3ede1e10-12ef-4061-aa39-9ee530850f2b,217901537,Commune de Loubigné (79),false,{79153},Commune,2026-03-24 14:42:09.43682+01,gold_establishments_2025,,,,21790153700019,2025,Collectivité Territoriale,Commune,['Deux-Sèvres'],['Nouvelle-Aquitaine'],COM,{79},{75}
31900eb4-80a0-41d0-9447-94735e792080,217901545,Commune de Loubillé (79),false,{79154},Commune,2026-03-24 14:42:09.43682+01,gold_establishments_2025,,,,21790154500012,2025,Collectivité Territoriale,Commune,['Deux-Sèvres'],['Nouvelle-Aquitaine'],COM,{79},{75}
02ffa67c-66dc-47f3-96a7-b9ddabd6e944,210901740,Commune de Loubières (09),false,{09174},Commune,2026-03-24 14:41:53.095366+01,gold_establishments_2025,,,,21090174000014,2025,Collectivité Territoriale,Commune,['Ariège'],['Occitanie'],COM,{09},{76}
955a5790-e08f-4a80-a3f6-584a1f796723,214601775,Commune de Loubressac (46),false,{46177},Commune,2026-03-24 14:42:00.862623+01,gold_establishments_2025,,,,21460177500015,2025,Collectivité Territoriale,Commune,['Lot'],['Occitanie'],COM,{46},{76}
6ca33bf7-1abc-4e9c-b8f7-b0cc9baf1dce,214701518,Commune de Loubès-Bernac (47),false,{47151},Commune,2026-03-24 14:42:00.862623+01,gold_establishments_2025,,,,21470151800018,2025,Collectivité Territoriale,Commune,['Lot-et-Garonne'],['Nouvelle-Aquitaine'],COM,{47},{75}
8ad5500a-a7a2-4aaa-b577-e4a3b4f540cf,213202146,Commune de Loubédat (32),false,{32214},Commune,2026-03-24 14:41:58.09424+01,gold_establishments_2025,,,,21320214600014,2025,Collectivité Territoriale,Commune,['Gers'],['Occitanie'],COM,{32},{76}
5a133ed0-68f9-450f-8c87-6a2622738a37,211403803,Commune de Loucelles (14),false,{14380},Commune,2026-03-24 14:41:54.362296+01,gold_establishments_2025,,,,21140380300011,2025,Collectivité Territoriale,Commune,['Calvados'],['Normandie'],COM,{14},{28}
b8eab4c0-db66-4556-8f10-78bd3c3fb020,213302516,Commune de Louchats (33),false,{33251},Commune,2026-03-24 14:41:58.620411+01,gold_establishments_2025,,,,21330251600017,2025,Collectivité Territoriale,Commune,['Gironde'],['Nouvelle-Aquitaine'],COM,{33},{75}
be9d4a70-0e84-4bea-8cc3-a9d322ec084a,216205310,Commune de Louches (62),false,{62531},Commune,2026-03-24 14:42:05.597325+01,gold_establishments_2025,,,,21620531000016,2025,Collectivité Territoriale,Commune,['Pas-de-Calais'],['Hauts-de-France'],COM,{62},{32}
efe05610-d2da-4236-ad29-2141fbe7799c,210301495,Commune de Louchy-Montfand (03),false,{03149},Commune,2026-03-24 14:41:52.020251+01,gold_establishments_2025,,,,21030149500011,2025,Collectivité Territoriale,Commune,['Allier'],['Auvergne-Rhône-Alpes'],COM,{03},{84}
c336baaf-18c8-4402-912f-693e94058a63,216502815,Commune de Loucrup (65),false,{65281},Commune,2026-03-24 14:42:06.665412+01,gold_establishments_2025,,,,21650281500014,2025,Collectivité Territoriale,Commune,['Hautes-Pyrénées'],['Occitanie'],COM,{65},{76}
8db9507a-fcee-4998-85f7-8c52b73222cd,200060325,Commune de Loudenvielle (65),false,{65282},Commune,2026-03-24 14:42:06.665412+01,gold_establishments_2025,,,,20006032500012,2025,Collectivité Territoriale,Commune,['Hautes-Pyrénées'],['Occitanie'],COM,{65},{76}
4d44c730-a263-405f-bad8-4c9187818d59,216502831,Commune de Loudervielle (65),false,{65283},Commune,2026-03-24 14:42:06.665412+01,gold_establishments_2025,,,,21650283100011,2025,Collectivité Territoriale,Commune,['Hautes-Pyrénées'],['Occitanie'],COM,{65},{76}
34cbac7a-1845-41ff-bb45-5c8e8269798a,214301244,Commune de Loudes (43),false,{43124},Commune,2026-03-24 14:42:00.273698+01,gold_establishments_2025,,,,21430124400015,2025,Collectivité Territoriale,Commune,['Haute-Loire'],['Auvergne-Rhône-Alpes'],COM,{43},{84}
161077a6-676c-413e-bcc5-a96dbddcbf40,213103054,Commune de Loudet (31),false,{31305},Commune,2026-03-24 14:41:58.09424+01,gold_establishments_2025,,,,21310305400010,2025,Collectivité Territoriale,Commune,['Haute-Garonne'],['Occitanie'],COM,{31},{76}
5dc1832c-da53-4949-bc50-310dd4dc8c85,215704180,Commune de Loudrefing (57),false,{57418},Commune,2026-03-24 14:42:03.701372+01,gold_establishments_2025,,,,21570418000011,2025,Collectivité Territoriale,Commune,['Moselle'],['Grand Est'],COM,{57},{44}
2225c673-38fb-479e-a5c4-fa8f3c56183f,218601375,Commune de Loudun (86),false,{86137},Commune,2026-03-24 14:42:10.508772+01,gold_establishments_2025,,,,21860137500015,2025,Collectivité Territoriale,Commune,['Vienne'],['Nouvelle-Aquitaine'],COM,{86},{75}
282698e2-fc47-4c27-bb06-68aed5161d45,212201362,Commune de Loudéac (22),false,{22136},Commune,2026-03-24 14:41:55.433389+01,gold_establishments_2025,,,,21220136200010,2025,Collectivité Territoriale,Commune,"[""Côtes-d'Armor""]",['Bretagne'],COM,{22},{53}
8b0cde2e-bb62-4ff3-bc35-74af08af8624,214001596,Commune de Louer (40),false,{40159},Commune,2026-03-24 14:41:59.705606+01,gold_establishments_2025,,,,21400159600011,2025,Collectivité Territoriale,Commune,['Landes'],['Nouvelle-Aquitaine'],COM,{40},{75}
0865ef8b-3c4e-4d04-88fc-3a25103a03a7,212103576,Commune de Louesme (21),false,{21357},Commune,2026-03-24 14:41:55.433389+01,gold_establishments_2025,,,,21210357600014,2025,Collectivité Territoriale,Commune,"[""Côte-d'Or""]",['Bourgogne-Franche-Comté'],COM,{21},{27}
4d9c85d0-7f73-4f9d-9422-529f71a73b96,216003681,Commune de Loueuse (60),false,{60371},Commune,2026-03-24 14:42:04.814328+01,gold_establishments_2025,,,,21600368100014,2025,Collectivité Territoriale,Commune,['Oise'],['Hauts-de-France'],COM,{60},{32}
1f5bb1be-84b0-4f67-a89e-7dec14d80844,216502849,Commune de Louey (65),false,{65284},Commune,2026-03-24 14:42:06.665412+01,gold_establishments_2025,,,,21650284900013,2025,Collectivité Territoriale,Commune,['Hautes-Pyrénées'],['Occitanie'],COM,{65},{76}
91110b1e-7bb9-4007-902c-55a79e103d4c,214701526,Commune de Lougratte (47),false,{47152},Commune,2026-03-24 14:42:00.862623+01,gold_establishments_2025,,,,21470152600011,2025,Collectivité Territoriale,Commune,['Lot-et-Garonne'],['Nouvelle-Aquitaine'],COM,{47},{75}
2c0f3adc-e4be-4206-b793-9a71d1eeb82b,212503502,Commune de Lougres (25),false,{25350},Commune,2026-03-24 14:41:56.495197+01,gold_establishments_2025,,,,21250350200016,2025,Collectivité Territoriale,Commune,['Doubs'],['Bourgogne-Franche-Comté'],COM,{25},{27}
6ba42948-e092-43be-af80-d2a85b698c92,216102376,Commune de Lougé-sur-Maire (61),false,{61237},Commune,2026-03-24 14:42:05.597325+01,gold_establishments_2025,,,,21610237600011,2025,Collectivité Territoriale,Commune,['Orne'],['Normandie'],COM,{61},{28}
6ed75f78-96e4-48f9-aadd-746904b50d76,217102631,Commune de Louhans (71),false,{71263},Commune,2026-03-24 14:42:07.735343+01,gold_establishments_2025,,,,21710263100017,2025,Collectivité Territoriale,Commune,['Saône-et-Loire'],['Bourgogne-Franche-Comté'],COM,{71},{27}
13340e0c-89d5-4ae2-9ff0-52a820628080,216403501,Commune de Louhossoa (64),false,{64350},Commune,2026-03-24 14:42:06.665412+01,gold_establishments_2025,,,,21640350100010,2025,Collectivité Territoriale,Commune,['Pyrénées-Atlantiques'],['Nouvelle-Aquitaine'],COM,{64},{75}
dea8361f-d691-4c03-8a00-3a3f9441dad7,211912001,Commune de Louignac (19),false,{19120},Commune,2026-03-24 14:41:54.903238+01,gold_establishments_2025,,,,21191200100016,2025,Collectivité Territoriale,Commune,['Corrèze'],['Nouvelle-Aquitaine'],COM,{19},{75}
d0c4c984-92df-439f-88b4-d6327b9e6299,217901560,Commune de Louin (79),false,{79156},Commune,2026-03-24 14:42:09.43682+01,gold_establishments_2025,,,,21790156000011,2025,Collectivité Territoriale,Commune,['Deux-Sèvres'],['Nouvelle-Aquitaine'],COM,{79},{75}
6c9d7888-6bb8-4abe-b727-d8e70d036215,214400855,Commune de Louisfert (44),false,{44085},Commune,2026-03-24 14:42:00.273698+01,gold_establishments_2025,,,,21440085500018,2025,Collectivité Territoriale,Commune,['Loire-Atlantique'],['Pays de la Loire'],COM,{44},{52}
b6c9e662-78cd-4ec0-84a2-07e219a7f6cd,216502856,Commune de Louit (65),false,{65285},Commune,2026-03-24 14:42:06.665412+01,gold_establishments_2025,,,,21650285600018,2025,Collectivité Territoriale,Commune,['Hautes-Pyrénées'],['Occitanie'],COM,{65},{76}
6480d3ac-498a-49dd-858d-92ddb242777c,217003094,Commune de Loulans-Verchamp (70),false,{70309},Commune,2026-03-24 14:42:07.735343+01,gold_establishments_2025,,,,21700309400018,2025,Collectivité Territoriale,Commune,['Haute-Saône'],['Bourgogne-Franche-Comté'],COM,{70},{27}
8d1d5c23-323e-4bfc-950c-331443a3aa58,211702113,Commune de Loulay (17),false,{17211},Commune,2026-03-24 14:41:54.903238+01,gold_establishments_2025,,,,21170211300013,2025,Collectivité Territoriale,Commune,['Charente-Maritime'],['Nouvelle-Aquitaine'],COM,{17},{75}
3bc3c0b7-3de3-4b2d-83c8-8b1429c7b5f6,213903016,Commune de Loulle (39),false,{39301},Commune,2026-03-24 14:41:59.705606+01,gold_establishments_2025,,,,21390301600011,2025,Collectivité Territoriale,Commune,['Jura'],['Bourgogne-Franche-Comté'],COM,{39},{27}
0ee00931-0d5a-42a7-aa31-f4ed9cab151d,210204194,Commune de Loupeigne (02),false,{02442},Commune,2026-03-24 14:41:52.020251+01,gold_establishments_2025,,,,21020419400018,2025,Collectivité Territoriale,Commune,['Aisne'],['Hauts-de-France'],COM,{02},{32}
66a0ea63-915b-4d42-810b-4e34a25e660a,215704198,Commune de Loupershouse (57),false,{57419},Commune,2026-03-24 14:42:03.701372+01,gold_establishments_2025,,,,21570419800013,2025,Collectivité Territoriale,Commune,['Moselle'],['Grand Est'],COM,{57},{44}
b76b7978-7825-4800-aaa2-0e019f0e13f3,213302524,Commune de Loupes (33),false,{33252},Commune,2026-03-24 14:41:58.620411+01,gold_establishments_2025,,,,21330252400011,2025,Collectivité Territoriale,Commune,['Gironde'],['Nouvelle-Aquitaine'],COM,{33},{75}
d42aeb3c-23fd-4a5d-9108-f5720a0edff1,215301391,Commune de Loupfougères (53),false,{53139},Commune,2026-03-24 14:42:02.957225+01,gold_establishments_2025,,,,21530139100011,2025,Collectivité Territoriale,Commune,['Mayenne'],['Pays de la Loire'],COM,{53},{52}
de43c8a4-255d-4a43-84dd-de3456fb0ced,211102074,Commune de Loupia (11),false,{11207},Commune,2026-03-24 14:41:53.63825+01,gold_establishments_2025,,,,21110207400013,2025,Collectivité Territoriale,Commune,['Aude'],['Occitanie'],COM,{11},{76}
699d30fb-44b8-4f6a-abb1-4f5e29a6ded2,213302532,Commune de Loupiac (33),false,{33253},Commune,2026-03-24 14:41:58.620411+01,gold_establishments_2025,,,,21330253200014,2025,Collectivité Territoriale,Commune,['Gironde'],['Nouvelle-Aquitaine'],COM,{33},{75}
60dd36f4-fe5c-4229-8215-e58893999041,214601783,Commune de Loupiac (46),false,{46178},Commune,2026-03-24 14:42:00.862623+01,gold_establishments_2025,,,,21460178300019,2025,Collectivité Territoriale,Commune,['Lot'],['Occitanie'],COM,{46},{76}
a9f184bc-1c96-4bd5-b277-ef402e9056f9,218101491,Commune de Loupiac (81),false,{81149},Commune,2026-03-24 14:42:09.967209+01,gold_establishments_2025,,,,21810149100015,2025,Collectivité Territoriale,Commune,['Tarn'],['Occitanie'],COM,{81},{76}
7fb516e4-86b2-4059-bb8d-e05a9c9ee5d2,213302540,Commune de Loupiac-de-la-Réole (33),false,{33254},Commune,2026-03-24 14:41:58.620411+01,gold_establishments_2025,,,,21330254000017,2025,Collectivité Territoriale,Commune,['Gironde'],['Nouvelle-Aquitaine'],COM,{33},{75}
5b5d398a-0d2e-491b-ac88-115a657063f0,213401433,Commune de Loupian (34),false,{34143},Commune,2026-03-24 14:41:58.620411+01,gold_establishments_2025,,,,21340143300015,2025,Collectivité Territoriale,Commune,['Hérault'],['Occitanie'],COM,{34},{76}
448dd273-9bd3-4167-8cf3-8808557738a1,217201698,Commune de Louplande (72),false,{72169},Commune,2026-03-24 14:42:08.279287+01,gold_establishments_2025,,,,21720169800016,2025,Collectivité Territoriale,Commune,['Sarthe'],['Pays de la Loire'],COM,{72},{52}
05bb02ff-78bf-4f21-9029-380105abe6c4,215503038,Commune de Loupmont (55),false,{55303},Commune,2026-03-24 14:42:03.701372+01,gold_establishments_2025,,,,21550303800014,2025,Collectivité Territoriale,Commune,['Meuse'],['Grand Est'],COM,{55},{44}
699e3ca6-a503-4761-beaa-9ce7884e8ad0,215503046,Commune de Louppy-le-Château (55),false,{55304},Commune,2026-03-24 14:42:03.701372+01,gold_establishments_2025,,,,21550304600017,2025,Collectivité Territoriale,Commune,['Meuse'],['Grand Est'],COM,{55},{44}
2a4ca0b0-bb47-427f-89f7-bee600086bad,215503061,Commune de Louppy-sur-Loison (55),false,{55306},Commune,2026-03-24 14:42:03.701372+01,gold_establishments_2025,,,,21550306100016,2025,Collectivité Territoriale,Commune,['Meuse'],['Grand Est'],COM,{55},{44}
38531055-5704-47fb-a9cb-dfabc0696eca,215903618,Commune de Lourches (59),false,{59361},Commune,2026-03-24 14:42:04.280096+01,gold_establishments_2025,,,,21590361800019,2025,Collectivité Territoriale,Commune,['Nord'],['Hauts-de-France'],COM,{59},{32}
8b9119a0-b76a-4bc5-b331-6ec0e1b0a282,213103062,Commune de Lourde (31),false,{31306},Commune,2026-03-24 14:41:58.09424+01,gold_establishments_2025,,,,21310306200013,2025,Collectivité Territoriale,Commune,['Haute-Garonne'],['Occitanie'],COM,{31},{76}
750262f2-3684-495d-830e-a0d21c2b94e8,216502864,Commune de Lourdes (65),false,{65286},Commune,2026-03-24 14:42:06.665412+01,gold_establishments_2025,,,,21650286400012,2025,Collectivité Territoriale,Commune,['Hautes-Pyrénées'],['Occitanie'],COM,{65},{76}
86f73bc4-3af2-4861-9ecb-e53d9befc314,216403519,Commune de Lourdios-Ichère (64),false,{64351},Commune,2026-03-24 14:42:06.665412+01,gold_establishments_2025,,,,21640351900012,2025,Collectivité Territoriale,Commune,['Pyrénées-Atlantiques'],['Nouvelle-Aquitaine'],COM,{64},{75}
ebdd55fa-1cac-4b3f-a1a9-da8cbe16137c,213600992,Commune de Lourdoueix-Saint-Michel (36),false,{36099},Commune,2026-03-24 14:41:59.160244+01,gold_establishments_2025,,,,21360099200019,2025,Collectivité Territoriale,Commune,['Indre'],['Centre-Val de Loire'],COM,{36},{24}
31f2e845-5159-460b-a185-f3deda4ee964,212311203,Commune de Lourdoueix-Saint-Pierre (23),false,{23112},Commune,2026-03-24 14:41:55.958138+01,gold_establishments_2025,,,,21231120300013,2025,Collectivité Territoriale,Commune,['Creuse'],['Nouvelle-Aquitaine'],COM,{23},{75}
05efe48c-3b86-4a54-bfcc-604f9f10a744,216403527,Commune de Lourenties (64),false,{64352},Commune,2026-03-24 14:42:06.665412+01,gold_establishments_2025,,,,21640352700015,2025,Collectivité Territoriale,Commune,['Pyrénées-Atlantiques'],['Nouvelle-Aquitaine'],COM,{64},{75}
b8a886a6-f88f-40d9-8998-fcfc9201322a,216502872,Commune de Loures-Barousse (65),false,{65287},Commune,2026-03-24 14:42:06.665412+01,gold_establishments_2025,,,,21650287200015,2025,Collectivité Territoriale,Commune,['Hautes-Pyrénées'],['Occitanie'],COM,{65},{76}
71f38742-7659-4305-b77c-d6d382135709,214901829,Commune de Louresse-Rochemenier (49),false,{49182},Commune,2026-03-24 14:42:01.412377+01,gold_establishments_2025,,,,21490182900017,2025,Collectivité Territoriale,Commune,['Maine-et-Loire'],['Pays de la Loire'],COM,{49},{52}
6275fd03-ab59-4bd0-ae71-3c0cd94308ce,213501596,Commune de Lourmais (35),false,{35159},Commune,2026-03-24 14:41:58.620411+01,gold_establishments_2025,,,,21350159600018,2025,Collectivité Territoriale,Commune,['Ille-et-Vilaine'],['Bretagne'],COM,{35},{53}
740ae477-f657-47e6-a883-e31b428d459f,218400687,Commune de Lourmarin (84),false,{84068},Commune,2026-03-24 14:42:10.508772+01,gold_establishments_2025,,,,21840068700016,2025,Collectivité Territoriale,Commune,['Vaucluse'],"[""Provence-Alpes-Côte d'Azur""]",COM,{84},{93}
5cd5458b-24a7-4fa9-937e-5442a0434671,217102649,Commune de Lournand (71),false,{71264},Commune,2026-03-24 14:42:07.735343+01,gold_establishments_2025,,,,21710264900019,2025,Collectivité Territoriale,Commune,['Saône-et-Loire'],['Bourgogne-Franche-Comté'],COM,{71},{27}
714d2470-cb44-4d71-9040-a60c009622b4,213601008,Commune de Lourouer-Saint-Laurent (36),false,{36100},Commune,2026-03-24 14:41:59.160244+01,gold_establishments_2025,,,,21360100800013,2025,Collectivité Territoriale,Commune,['Indre'],['Centre-Val de Loire'],COM,{36},{24}
348954ed-2336-4511-b3c3-015b82616955,210301503,Commune de Louroux-Bourbonnais (03),false,{03150},Commune,2026-03-24 14:41:52.020251+01,gold_establishments_2025,,,,21030150300012,2025,Collectivité Territoriale,Commune,['Allier'],['Auvergne-Rhône-Alpes'],COM,{03},{84}
ba96e2e0-87f0-4177-9f80-0db41aac7fe3,210301511,Commune de Louroux-de-Beaune (03),false,{03151},Commune,2026-03-24 14:41:52.020251+01,gold_establishments_2025,,,,21030151100015,2025,Collectivité Territoriale,Commune,['Allier'],['Auvergne-Rhône-Alpes'],COM,{03},{84}
0c5116e2-766f-4eb1-b1e0-b08890b4036d,210301529,Commune de Louroux-de-Bouble (03),false,{03152},Commune,2026-03-24 14:41:52.020251+01,gold_establishments_2025,,,,21030152900017,2025,Collectivité Territoriale,Commune,['Allier'],['Auvergne-Rhône-Alpes'],COM,{03},{84}
edf17c20-f252-44c8-8b7b-d869a10eb779,214001604,Commune de Lourquen (40),false,{40160},Commune,2026-03-24 14:41:59.705606+01,gold_establishments_2025,,,,21400160400013,2025,Collectivité Territoriale,Commune,['Landes'],['Nouvelle-Aquitaine'],COM,{40},{75}
d9d6a6bd-0407-4f12-b64e-4c45b390c829,213202161,Commune de Lourties-Monbrun (32),false,{32216},Commune,2026-03-24 14:41:58.09424+01,gold_establishments_2025,,,,21320216100013,2025,Collectivité Territoriale,Commune,['Gers'],['Occitanie'],COM,{32},{76}
b546a22a-8def-406f-b7a4-01f39926d356,214501884,Commune de Loury (45),false,{45188},Commune,2026-03-24 14:42:00.862623+01,gold_establishments_2025,,,,21450188400016,2025,Collectivité Territoriale,Commune,['Loiret'],['Centre-Val de Loire'],COM,{45},{24}
041dccc1-f9ab-4367-8427-312772244535,213202179,Commune de Louslitges (32),false,{32217},Commune,2026-03-24 14:41:58.09424+01,gold_establishments_2025,,,,21320217900015,2025,Collectivité Territoriale,Commune,['Gers'],['Occitanie'],COM,{32},{76}
6cd98593-c0f2-4faa-a004-96fe1d013b5b,213202187,Commune de Loussous-Débat (32),false,{32218},Commune,2026-03-24 14:41:58.09424+01,gold_establishments_2025,,,,21320218700018,2025,Collectivité Territoriale,Commune,['Gers'],['Occitanie'],COM,{32},{76}
977b1352-2424-4185-a5d3-f7e50db9ea3e,213501604,Commune de Loutehel (35),false,{35160},Commune,2026-03-24 14:41:58.620411+01,gold_establishments_2025,,,,21350160400010,2025,Collectivité Territoriale,Commune,['Ille-et-Vilaine'],['Bretagne'],COM,{35},{53}
5b5dd5d4-fbcb-4906-a98a-40b5ab4f0f8d,215704214,Commune de Loutzviller (57),false,{57421},Commune,2026-03-24 14:42:03.701372+01,gold_establishments_2025,,,,21570421400018,2025,Collectivité Territoriale,Commune,['Moselle'],['Grand Est'],COM,{57},{44}
baefcb9a-a825-4167-a735-3d9ee64de6bf,211403811,Commune de Louvagny (14),false,{14381},Commune,2026-03-24 14:41:54.362296+01,gold_establishments_2025,,,,21140381100014,2025,Collectivité Territoriale,Commune,['Calvados'],['Normandie'],COM,{14},{28}
23139a1e-0a16-40dd-b5b5-80733e99da64,213903024,Commune de Louvatange (39),false,{39302},Commune,2026-03-24 14:41:59.705606+01,gold_establishments_2025,,,,21390302400015,2025,Collectivité Territoriale,Commune,['Jura'],['Bourgogne-Franche-Comté'],COM,{39},{27}
e79c8c0c-d601-408e-8fc1-49e286334649,217803501,Commune de Louveciennes (78),false,{78350},Commune,2026-03-24 14:42:09.43682+01,gold_establishments_2025,,,,21780350100014,2025,Collectivité Territoriale,Commune,['Yvelines'],['Île-de-France'],COM,{78},{11}
2f644176-9ba6-4636-bdba-f437dc50877e,215202102,Commune de Louvemont (52),false,{52294},Commune,2026-03-24 14:42:01.954481+01,gold_establishments_2025,,,,21520210200012,2025,Collectivité Territoriale,Commune,['Haute-Marne'],['Grand Est'],COM,{52},{44}
7df52193-aac7-43e8-86d6-e21caf7f66e8,215503079,Commune de Louvemont-Côte-du-Poivre (55),false,{55307},Commune,2026-03-24 14:42:03.701372+01,gold_establishments_2025,,,,21550307900018,2025,Collectivité Territoriale,Commune,['Meuse'],['Grand Est'],COM,{55},{44}
ff802b7c-e3b5-4b6f-b556-10ad390b83b5,218004687,Commune de Louvencourt (80),false,{80493},Commune,2026-03-24 14:42:09.967209+01,gold_establishments_2025,,,,21800468700016,2025,Collectivité Territoriale,Commune,['Somme'],['Hauts-de-France'],COM,{80},{32}
5a1fbcf1-18a2-4078-90fc-dc689efea9cd,215301409,Commune de Louverné (53),false,{53140},Commune,2026-03-24 14:42:02.957225+01,gold_establishments_2025,,,,21530140900060,2025,Collectivité Territoriale,Commune,['Mayenne'],['Pays de la Loire'],COM,{53},{52}
03a56021-1a86-471c-a39a-8aba9e406b20,212703748,Commune de Louversey (27),false,{27374},Commune,2026-03-24 14:41:57.028721+01,gold_establishments_2025,,,,21270374800013,2025,Collectivité Territoriale,Commune,['Eure'],['Normandie'],COM,{27},{28}
cd29bf26-4c33-4321-b179-f74abb6b2041,217603984,Commune de Louvetot (76),false,{76398},Commune,2026-03-24 14:42:08.818969+01,gold_establishments_2025,,,,21760398400014,2025,Collectivité Territoriale,Commune,['Seine-Maritime'],['Normandie'],COM,{76},{28}
9f6963f8-c6cf-4156-8ede-c95881e2a71d,216403535,Commune de Louvie-Juzon (64),false,{64353},Commune,2026-03-24 14:42:06.665412+01,gold_establishments_2025,,,,21640353500018,2025,Collectivité Territoriale,Commune,['Pyrénées-Atlantiques'],['Nouvelle-Aquitaine'],COM,{64},{75}
35abe9ed-a8fb-4652-8d9b-14ed29a5ca35,216403543,Commune de Louvie-Soubiron (64),false,{64354},Commune,2026-03-24 14:42:06.665412+01,gold_establishments_2025,,,,21640354300012,2025,Collectivité Territoriale,Commune,['Pyrénées-Atlantiques'],['Nouvelle-Aquitaine'],COM,{64},{75}
e7550a67-11f1-4ee9-a04d-11aafdffff33,212703755,Commune de Louviers (27),false,{27375},Commune,2026-03-24 14:41:57.028721+01,gold_establishments_2025,,,,21270375500018,2025,Collectivité Territoriale,Commune,['Eure'],['Normandie'],COM,{27},{28}
7a7a40f7-d0fe-4b55-87de-1e671d4ec78e,215903634,Commune de Louvignies-Quesnoy (59),false,{59363},Commune,2026-03-24 14:42:04.280096+01,gold_establishments_2025,,,,21590363400016,2025,Collectivité Territoriale,Commune,['Nord'],['Hauts-de-France'],COM,{59},{32}
a0e344c2-24ca-4a63-bdf4-257a8a9aee74,211403837,Commune de Louvigny (14),false,{14383},Commune,2026-03-24 14:41:54.362296+01,gold_establishments_2025,,,,21140383700019,2025,Collectivité Territoriale,Commune,['Calvados'],['Normandie'],COM,{14},{28}
3c25310f-7217-4a04-b8f6-9d9a9b655451,215704222,Commune de Louvigny (57),false,{57422},Commune,2026-03-24 14:42:03.701372+01,gold_establishments_2025,,,,21570422200011,2025,Collectivité Territoriale,Commune,['Moselle'],['Grand Est'],COM,{57},{44}
a4edd467-a6e5-483e-b2a3-6ebfb946c3f1,216403550,Commune de Louvigny (64),false,{64355},Commune,2026-03-24 14:42:06.665412+01,gold_establishments_2025,,,,21640355000017,2025,Collectivité Territoriale,Commune,['Pyrénées-Atlantiques'],['Nouvelle-Aquitaine'],COM,{64},{75}
b91c917b-beda-4576-ad10-251198b407d6,217201706,Commune de Louvigny (72),false,{72170},Commune,2026-03-24 14:42:08.279287+01,gold_establishments_2025,,,,21720170600017,2025,Collectivité Territoriale,Commune,['Sarthe'],['Pays de la Loire'],COM,{72},{52}
7949eec1-a72e-4489-b36e-ef473a0a14e3,215301417,Commune de Louvigné (53),false,{53141},Commune,2026-03-24 14:42:02.957225+01,gold_establishments_2025,,,,21530141700014,2025,Collectivité Territoriale,Commune,['Mayenne'],['Pays de la Loire'],COM,{53},{52}
eb9fe9a3-1df3-45eb-9b6d-f13a4de89b02,213501612,Commune de Louvigné-de-Bais (35),false,{35161},Commune,2026-03-24 14:41:58.620411+01,gold_establishments_2025,,,,21350161200013,2025,Collectivité Territoriale,Commune,['Ille-et-Vilaine'],['Bretagne'],COM,{35},{53}
3ba95e4b-c6ec-49e9-9b68-67732a70666f,213501620,Commune de Louvigné-du-Désert (35),false,{35162},Commune,2026-03-24 14:41:58.620411+01,gold_establishments_2025,,,,21350162000016,2025,Collectivité Territoriale,Commune,['Ille-et-Vilaine'],['Bretagne'],COM,{35},{53}
508eebfb-7539-4f53-80f6-d9e9f209e4d8,215903642,Commune de Louvil (59),false,{59364},Commune,2026-03-24 14:42:04.280096+01,gold_establishments_2025,,,,21590364200019,2025,Collectivité Territoriale,Commune,['Nord'],['Hauts-de-France'],COM,{59},{32}
eae91316-5837-416e-ab5f-4ab2be217d95,212802151,Commune de Louville-la-Chenard (28),false,{28215},Commune,2026-03-24 14:41:57.028721+01,gold_establishments_2025,,,,21280215100010,2025,Collectivité Territoriale,Commune,['Eure-et-Loir'],['Centre-Val de Loire'],COM,{28},{24}
ec451338-cc39-4895-8ff2-990fc59705de,212802169,Commune de Louvilliers-en-Drouais (28),false,{28216},Commune,2026-03-24 14:41:57.028721+01,gold_establishments_2025,,,,21280216900012,2025,Collectivité Territoriale,Commune,['Eure-et-Loir'],['Centre-Val de Loire'],COM,{28},{24}
e4ce2f33-2726-42d5-8278-d7f4abde6db3,212802177,Commune de Louvilliers-lès-Perche (28),false,{28217},Commune,2026-03-24 14:41:57.028721+01,gold_establishments_2025,,,,21280217700015,2025,Collectivité Territoriale,Commune,['Eure-et-Loir'],['Centre-Val de Loire'],COM,{28},{24}
22955a41-faed-48b9-a9bd-e935ee9a25ab,215202110,Commune de Louvières (52),false,{52295},Commune,2026-03-24 14:42:01.954481+01,gold_establishments_2025,,,,21520211000015,2025,Collectivité Territoriale,Commune,['Haute-Marne'],['Grand Est'],COM,{52},{44}
f7e0e610-ed97-4285-bfe6-94daec96b73b,216102384,Commune de Louvières-en-Auge (61),false,{61238},Commune,2026-03-24 14:42:05.597325+01,gold_establishments_2025,,,,21610238400015,2025,Collectivité Territoriale,Commune,['Orne'],['Normandie'],COM,{61},{28}
455ae629-c22a-44ca-b207-38be37b2a250,218004695,Commune de Louvrechy (80),false,{80494},Commune,2026-03-24 14:42:09.967209+01,gold_establishments_2025,,,,21800469500019,2025,Collectivité Territoriale,Commune,['Somme'],['Hauts-de-France'],COM,{80},{32}
0290a056-93a3-4afc-a840-bc6d0d741369,219503513,Commune de Louvres (95),false,{95351},Commune,2026-03-24 14:42:11.659493+01,gold_establishments_2025,,,,21950351300018,2025,Collectivité Territoriale,Commune,"[""Val-d'Oise""]",['Île-de-France'],COM,{95},{11}
c45621e8-ac3a-4a59-9711-5a8aa1ba4d27,215903659,Commune de Louvroil (59),false,{59365},Commune,2026-03-24 14:42:04.280096+01,gold_establishments_2025,,,,21590365900013,2025,Collectivité Territoriale,Commune,['Nord'],['Hauts-de-France'],COM,{59},{32}
e12822f8-f76b-44d2-96f8-b6eb667be416,212703763,Commune de Louye (27),false,{27376},Commune,2026-03-24 14:41:57.028721+01,gold_establishments_2025,,,,21270376300012,2025,Collectivité Territoriale,Commune,['Eure'],['Normandie'],COM,{27},{28}
66345ae0-dd16-4194-a826-4372f62e37e6,211601935,Commune de Louzac-Saint-André (16),false,{16193},Commune,2026-03-24 14:41:54.362296+01,gold_establishments_2025,,,,21160193500011,2025,Collectivité Territoriale,Commune,['Charente'],['Nouvelle-Aquitaine'],COM,{16},{75}
1808a754-6809-4cb3-8976-636d061bb8e5,217201714,Commune de Louzes (72),false,{72171},Commune,2026-03-24 14:42:08.279287+01,gold_establishments_2025,,,,21720171400011,2025,Collectivité Territoriale,Commune,['Sarthe'],['Pays de la Loire'],COM,{72},{52}
b0fb99a0-70e0-42c9-8433-54efea893d39,211702121,Commune de Louzignac (17),false,{17212},Commune,2026-03-24 14:41:54.903238+01,gold_establishments_2025,,,,21170212100016,2025,Collectivité Territoriale,Commune,['Charente-Maritime'],['Nouvelle-Aquitaine'],COM,{17},{75}
93a87a0c-a9be-43cd-abfe-60f4c7ed5234,214501892,Commune de Louzouer (45),false,{45189},Commune,2026-03-24 14:42:00.862623+01,gold_establishments_2025,,,,21450189200019,2025,Collectivité Territoriale,Commune,['Loiret'],['Centre-Val de Loire'],COM,{45},{24}
ae073b67-9565-4895-850c-9d67a78e1040,217901578,Commune de Louzy (79),false,{79157},Commune,2026-03-24 14:42:09.43682+01,gold_establishments_2025,,,,21790157800013,2025,Collectivité Territoriale,Commune,['Deux-Sèvres'],['Nouvelle-Aquitaine'],COM,{79},{75}
8100b8e8-63ab-4642-89c7-170d247ac38e,210204186,Commune de Louâtre (02),false,{02441},Commune,2026-03-24 14:41:52.020251+01,gold_establishments_2025,,,,21020418600014,2025,Collectivité Territoriale,Commune,['Aisne'],['Hauts-de-France'],COM,{02},{32}
6787075f-85bd-4ff5-b48a-5c0dbc7e2dcb,217201680,Commune de Loué (72),false,{72168},Commune,2026-03-24 14:42:08.279287+01,gold_establishments_2025,,,,21720168000014,2025,Collectivité Territoriale,Commune,['Sarthe'],['Pays de la Loire'],COM,{72},{52}
27c08c73-8281-4e5b-a3cf-ca4ae0804853,217401520,Commune de Lovagny (74),false,{74152},Commune,2026-03-24 14:42:08.279287+01,gold_establishments_2025,,,,21740152000010,2025,Collectivité Territoriale,Commune,['Haute-Savoie'],['Auvergne-Rhône-Alpes'],COM,{74},{84}
51fa4f5b-f3cf-4a10-8b0f-540b940fe079,215601220,Commune de Loyat (56),false,{56122},Commune,2026-03-24 14:42:03.701372+01,gold_establishments_2025,,,,21560122000019,2025,Collectivité Territoriale,Commune,['Morbihan'],['Bretagne'],COM,{56},{53}
387f7de5-0e80-48cf-aff8-5e93d674a78e,211801303,Commune de Loye-sur-Arnon (18),false,{18130},Commune,2026-03-24 14:41:54.903238+01,gold_establishments_2025,,,,21180130300010,2025,Collectivité Territoriale,Commune,['Cher'],['Centre-Val de Loire'],COM,{18},{24}
0abd6805-1ca3-4647-9579-4a3bd6e0987b,210102240,Commune de Loyettes (01),false,{01224},Commune,2026-03-24 14:41:51.447482+01,gold_establishments_2025,,,,21010224000012,2025,Collectivité Territoriale,Commune,['Ain'],['Auvergne-Rhône-Alpes'],COM,{01},{84}
9a6c42f3-41b3-4e44-be17-e4f66cb65f39,216901215,Commune de Lozanne (69),false,{69121},Commune,2026-03-24 14:42:07.195692+01,gold_establishments_2025,,,,21690121500014,2025,Collectivité Territoriale,Commune,['Rhône'],['Auvergne-Rhône-Alpes'],COM,{69},{84}
f7d9806c-0d3f-44cd-8978-25ff2a8bc898,211702139,Commune de Lozay (17),false,{17213},Commune,2026-03-24 14:41:54.903238+01,gold_establishments_2025,,,,21170213900059,2025,Collectivité Territoriale,Commune,['Charente-Maritime'],['Nouvelle-Aquitaine'],COM,{17},{75}
a347971a-1b15-45f7-b329-09ecd40d0f30,218201002,Commune de Loze (82),false,{82100},Commune,2026-03-24 14:42:10.508772+01,gold_establishments_2025,,,,21820100200019,2025,Collectivité Territoriale,Commune,['Tarn-et-Garonne'],['Occitanie'],COM,{82},{76}
8894ee9f-91a3-48eb-8c24-c0831197155c,216205328,Commune de Lozinghem (62),false,{62532},Commune,2026-03-24 14:42:05.597325+01,gold_establishments_2025,,,,21620532800018,2025,Collectivité Territoriale,Commune,['Pas-de-Calais'],['Hauts-de-France'],COM,{62},{32}
00f96c35-0c39-499f-9179-d16f866f91bd,212001473,Commune de Lozzi (2B),false,{2B147},Commune,2026-03-24 14:41:57.56054+01,gold_establishments_2025,,,,21200147300017,2025,Collectivité Territoriale,Commune,['Haute-Corse'],['Corse'],COM,{2B},{94}
615963ef-09f4-472e-9b4e-e1117dcf9595,213601016,Commune de Luant (36),false,{36101},Commune,2026-03-24 14:41:59.160244+01,gold_establishments_2025,,,,21360101600016,2025,Collectivité Territoriale,Commune,['Indre'],['Centre-Val de Loire'],COM,{36},{24}
6d5b7d01-f322-4f9f-8673-aa6c9cecb42d,214001612,Commune de Lubbon (40),false,{40161},Commune,2026-03-24 14:41:59.705606+01,gold_establishments_2025,,,,21400161200016,2025,Collectivité Territoriale,Commune,['Landes'],['Nouvelle-Aquitaine'],COM,{40},{75}
7f66b3a2-7a81-44d0-964a-843f79a97922,211912100,Commune de Lubersac (19),false,{19121},Commune,2026-03-24 14:41:54.903238+01,gold_establishments_2025,,,,21191210000016,2025,Collectivité Territoriale,Commune,['Corrèze'],['Nouvelle-Aquitaine'],COM,{19},{75}
e0f9787a-651d-43e2-910f-1a23d106ffd2,215403262,Commune de Lubey (54),false,{54326},Commune,2026-03-24 14:42:02.957225+01,gold_establishments_2025,,,,21540326200011,2025,Collectivité Territoriale,Commune,['Meurthe-et-Moselle'],['Grand Est'],COM,{54},{44}
240848bc-b0d0-4214-a1fd-80aa57b7f00e,214301251,Commune de Lubilhac (43),false,{43125},Commune,2026-03-24 14:42:00.273698+01,gold_establishments_2025,,,,21430125100010,2025,Collectivité Territoriale,Commune,['Haute-Loire'],['Auvergne-Rhône-Alpes'],COM,{43},{84}
2e23f8bb-b634-4b32-a5bd-1f55f5a53522,218802759,Commune de Lubine (88),false,{88275},Commune,2026-03-24 14:42:11.118516+01,gold_establishments_2025,,,,21880275900017,2025,Collectivité Territoriale,Commune,['Vosges'],['Grand Est'],COM,{88},{44}
2cb40050-a3e0-4691-b8fa-3cd6e68fbbb8,213701378,Commune de Lublé (37),false,{37137},Commune,2026-03-24 14:41:59.160244+01,gold_establishments_2025,,,,21370137800019,2025,Collectivité Territoriale,Commune,['Indre-et-Loire'],['Centre-Val de Loire'],COM,{37},{24}
0c0a0862-9541-4652-b086-68cc2633b251,216502880,Commune de Lubret-Saint-Luc (65),false,{65288},Commune,2026-03-24 14:42:06.665412+01,gold_establishments_2025,,,,21650288000018,2025,Collectivité Territoriale,Commune,['Hautes-Pyrénées'],['Occitanie'],COM,{65},{76}
2b3381ca-fd2d-48a9-9120-bd9cf11fb250,216502898,Commune de Luby-Betmont (65),false,{65289},Commune,2026-03-24 14:42:06.665412+01,gold_establishments_2025,,,,21650289800010,2025,Collectivité Territoriale,Commune,['Hautes-Pyrénées'],['Occitanie'],COM,{65},{76}
a3f91f61-f7bf-4401-b2e0-aadb8e81e783,215704230,Commune de Lubécourt (57),false,{57423},Commune,2026-03-24 14:42:03.701372+01,gold_establishments_2025,,,,21570423000014,2025,Collectivité Territoriale,Commune,['Moselle'],['Grand Est'],COM,{57},{44}
ff1b0348-149e-4a93-85d3-835a05f90f95,214800864,Commune de Luc (48),false,{48086},Commune,2026-03-24 14:42:01.412377+01,gold_establishments_2025,,,,21480086400016,2025,Collectivité Territoriale,Commune,['Lozère'],['Occitanie'],COM,{48},{76}
aea61ba5-7890-4cff-9c1c-b469a3551a75,216502906,Commune de Luc (65),false,{65290},Commune,2026-03-24 14:42:06.665412+01,gold_establishments_2025,,,,21650290600011,2025,Collectivité Territoriale,Commune,['Hautes-Pyrénées'],['Occitanie'],COM,{65},{76}
d8b0b8b3-6045-4093-9031-18a7523781e2,216403568,Commune de Luc-Armau (64),false,{64356},Commune,2026-03-24 14:42:06.665412+01,gold_establishments_2025,,,,21640356800019,2025,Collectivité Territoriale,Commune,['Pyrénées-Atlantiques'],['Nouvelle-Aquitaine'],COM,{64},{75}
9478937e-6520-40b8-b4cb-9306ed7d1223,212601678,Commune de Luc-en-Diois (26),false,{26167},Commune,2026-03-24 14:41:56.495197+01,gold_establishments_2025,,,,21260167800015,2025,Collectivité Territoriale,Commune,['Drôme'],['Auvergne-Rhône-Alpes'],COM,{26},{84}
682f117b-eaef-4579-a3bc-ada5f4c87874,211201330,Commune de Luc-la-Primaube (12),false,{12133},Commune,2026-03-24 14:41:53.63825+01,gold_establishments_2025,,,,21120133000019,2025,Collectivité Territoriale,Commune,['Aveyron'],['Occitanie'],COM,{12},{76}
56743e84-0c61-484d-b17e-a19604340a51,211102090,Commune de Luc-sur-Aude (11),false,{11209},Commune,2026-03-24 14:41:53.63825+01,gold_establishments_2025,,,,21110209000019,2025,Collectivité Territoriale,Commune,['Aude'],['Occitanie'],COM,{11},{76}
9b7b96d9-c84f-4a94-9b5a-229f7936d0a1,211403845,Commune de Luc-sur-Mer (14),false,{14384},Commune,2026-03-24 14:41:54.362296+01,gold_establishments_2025,,,,21140384500012,2025,Collectivité Territoriale,Commune,['Calvados'],['Normandie'],COM,{14},{28}
370f64c1-27ef-4e2f-9250-cd92b8e5db12,211102108,Commune de Luc-sur-Orbieu (11),false,{11210},Commune,2026-03-24 14:41:53.63825+01,gold_establishments_2025,,,,21110210800019,2025,Collectivité Territoriale,Commune,['Aude'],['Occitanie'],COM,{11},{76}
faa18f7b-700f-4979-b15c-cd8d2aaae879,216403576,Commune de Lucarré (64),false,{64357},Commune,2026-03-24 14:42:06.665412+01,gold_establishments_2025,,,,21640357600012,2025,Collectivité Territoriale,Commune,['Pyrénées-Atlantiques'],['Nouvelle-Aquitaine'],COM,{64},{75}
42ebb16d-72a2-4024-b758-caae2e6fb97b,214001620,Commune de Lucbardez-et-Bargues (40),false,{40162},Commune,2026-03-24 14:41:59.705606+01,gold_establishments_2025,,,,21400162000019,2025,Collectivité Territoriale,Commune,['Landes'],['Nouvelle-Aquitaine'],COM,{40},{75}
8e1d99fb-b202-424c-8a3d-22d99284740b,212001481,Commune de Lucciana (2B),false,{2B148},Commune,2026-03-24 14:41:57.56054+01,gold_establishments_2025,,,,21200148100010,2025,Collectivité Territoriale,Commune,['Haute-Corse'],['Corse'],COM,{2B},{94}
929eb06d-1a35-4d5a-89e2-40f3a108fd5e,217201730,Commune de Luceau (72),false,{72173},Commune,2026-03-24 14:42:08.279287+01,gold_establishments_2025,,,,21720173000017,2025,Collectivité Territoriale,Commune,['Sarthe'],['Pays de la Loire'],COM,{72},{52}
8cdaff6d-7264-4e65-bf64-5e205efb2c03,216801902,Commune de Lucelle (68),false,{68190},Commune,2026-03-24 14:42:07.195692+01,gold_establishments_2025,,,,21680190200018,2025,Collectivité Territoriale,Commune,['Haut-Rhin'],['Grand Est'],COM,{68},{44}
7aed663a-0b97-4523-a1e8-ddb3dc6890e8,216901223,Commune de Lucenay (69),false,{69122},Commune,2026-03-24 14:42:07.195692+01,gold_establishments_2025,,,,21690122300018,2025,Collectivité Territoriale,Commune,['Rhône'],['Auvergne-Rhône-Alpes'],COM,{69},{84}
d490a169-3d16-4ee7-8eee-2e60654028fa,217102664,Commune de Lucenay-l'Évêque (71),false,{71266},Commune,2026-03-24 14:42:07.735343+01,gold_establishments_2025,,,,21710266400018,2025,Collectivité Territoriale,Commune,['Saône-et-Loire'],['Bourgogne-Franche-Comté'],COM,{71},{27}
43e3b420-1020-4882-8ead-8d48ad20cd8a,212103584,Commune de Lucenay-le-Duc (21),false,{21358},Commune,2026-03-24 14:41:55.433389+01,gold_establishments_2025,,,,21210358400018,2025,Collectivité Territoriale,Commune,"[""Côte-d'Or""]",['Bourgogne-Franche-Comté'],COM,{21},{27}
a3191166-ad32-4357-9f72-af5df9f52d78,215801465,Commune de Lucenay-lès-Aix (58),false,{58146},Commune,2026-03-24 14:42:04.280096+01,gold_establishments_2025,,,,21580146500018,2025,Collectivité Territoriale,Commune,['Nièvre'],['Bourgogne-Franche-Comté'],COM,{58},{27}
39f8f6de-2283-48cf-811e-a0f99920eba6,212103592,Commune de Lucey (21),false,{21359},Commune,2026-03-24 14:41:55.433389+01,gold_establishments_2025,,,,21210359200011,2025,Collectivité Territoriale,Commune,"[""Côte-d'Or""]",['Bourgogne-Franche-Comté'],COM,{21},{27}
496fc8fa-c8be-404f-8cf7-728de52d443d,215403270,Commune de Lucey (54),false,{54327},Commune,2026-03-24 14:42:02.957225+01,gold_establishments_2025,,,,21540327000014,2025,Collectivité Territoriale,Commune,['Meurthe-et-Moselle'],['Grand Est'],COM,{54},{44}
7aab07be-2450-4164-8884-9fd3ee33a610,217301498,Commune de Lucey (73),false,{73149},Commune,2026-03-24 14:42:08.279287+01,gold_establishments_2025,,,,21730149800010,2025,Collectivité Territoriale,Commune,['Savoie'],['Auvergne-Rhône-Alpes'],COM,{73},{84}
d2ab578b-2ed8-43a0-b934-b52f9a83e630,216403584,Commune de Lucgarier (64),false,{64358},Commune,2026-03-24 14:42:06.665412+01,gold_establishments_2025,,,,21640358400016,2025,Collectivité Territoriale,Commune,['Pyrénées-Atlantiques'],['Nouvelle-Aquitaine'],COM,{64},{75}
f8c03e76-5f55-4941-888f-ad5094c99584,218601383,Commune de Luchapt (86),false,{86138},Commune,2026-03-24 14:42:10.508772+01,gold_establishments_2025,,,,21860138300019,2025,Collectivité Territoriale,Commune,['Vienne'],['Nouvelle-Aquitaine'],COM,{86},{75}
6b5e14f6-65cd-41f6-982b-08aeae1ce755,211702147,Commune de Luchat (17),false,{17214},Commune,2026-03-24 14:41:54.903238+01,gold_establishments_2025,,,,21170214700011,2025,Collectivité Territoriale,Commune,['Charente-Maritime'],['Nouvelle-Aquitaine'],COM,{17},{75}
fcc88f67-86b6-4295-aca3-cda93ce24733,218004703,Commune de Lucheux (80),false,{80495},Commune,2026-03-24 14:42:09.967209+01,gold_establishments_2025,,,,21800470300011,2025,Collectivité Territoriale,Commune,['Somme'],['Hauts-de-France'],COM,{80},{32}
1df49087-6b24-49fa-b973-6332711f578e,216003699,Commune de Luchy (60),false,{60372},Commune,2026-03-24 14:42:04.814328+01,gold_establishments_2025,,,,21600369900016,2025,Collectivité Territoriale,Commune,['Oise'],['Hauts-de-France'],COM,{60},{32}
e3d644b2-e737-42f6-ba1e-44308fa09f78,217201755,Commune de Luché-Pringé (72),false,{72175},Commune,2026-03-24 14:42:08.279287+01,gold_establishments_2025,,,,21720175500014,2025,Collectivité Territoriale,Commune,['Sarthe'],['Pays de la Loire'],COM,{72},{52}
8af0680f-582d-4cc1-a0db-0a99acebfc8a,217901594,Commune de Luché-Thouarsais (79),false,{79159},Commune,2026-03-24 14:42:09.43682+01,gold_establishments_2025,,,,21790159400010,2025,Collectivité Territoriale,Commune,['Deux-Sèvres'],['Nouvelle-Aquitaine'],COM,{79},{75}
8d8b0a06-2710-45f4-b36a-5c8a50d1e262,217901586,Commune de Luché-sur-Brioux (79),false,{79158},Commune,2026-03-24 14:42:09.43682+01,gold_establishments_2025,,,,21790158600016,2025,Collectivité Territoriale,Commune,['Deux-Sèvres'],['Nouvelle-Aquitaine'],COM,{79},{75}
ddfb6f70-d744-4bd5-8f44-5ad89ca1d562,217401538,Commune de Lucinges (74),false,{74153},Commune,2026-03-24 14:42:08.279287+01,gold_establishments_2025,,,,21740153800012,2025,Collectivité Territoriale,Commune,['Haute-Savoie'],['Auvergne-Rhône-Alpes'],COM,{74},{84}
1f074d3f-60d4-40ce-a1c0-90f14d847638,213302557,Commune de Lucmau (33),false,{33255},Commune,2026-03-24 14:41:58.620411+01,gold_establishments_2025,,,,21330255700011,2025,Collectivité Territoriale,Commune,['Gironde'],['Nouvelle-Aquitaine'],COM,{33},{75}
628baa93-f82c-4f2f-9d02-de8e9014f450,216403592,Commune de Lucq-de-Béarn (64),false,{64359},Commune,2026-03-24 14:42:06.665412+01,gold_establishments_2025,,,,21640359200019,2025,Collectivité Territoriale,Commune,['Pyrénées-Atlantiques'],['Nouvelle-Aquitaine'],COM,{64},{75}
2e52d073-48da-42b2-953d-1313fd7d98a7,210802377,Commune de Lucquy (08),false,{08262},Commune,2026-03-24 14:41:53.095366+01,gold_establishments_2025,,,,21080237700015,2025,Collectivité Territoriale,Commune,['Ardennes'],['Grand Est'],COM,{08},{44}
b56137a7-2a7c-493f-bb87-c9144064fe93,215704248,Commune de Lucy (57),false,{57424},Commune,2026-03-24 14:42:03.701372+01,gold_establishments_2025,,,,21570424800016,2025,Collectivité Territoriale,Commune,['Moselle'],['Grand Est'],COM,{57},{44}
d9424a8e-78a7-4620-84cb-931cee544990,217603992,Commune de Lucy (76),false,{76399},Commune,2026-03-24 14:42:08.818969+01,gold_establishments_2025,,,,21760399200017,2025,Collectivité Territoriale,Commune,['Seine-Maritime'],['Normandie'],COM,{76},{28}
1fb1dc39-60a9-433f-bb31-7cc9748d06e8,210204202,Commune de Lucy-le-Bocage (02),false,{02443},Commune,2026-03-24 14:41:52.020251+01,gold_establishments_2025,,,,21020420200019,2025,Collectivité Territoriale,Commune,['Aisne'],['Hauts-de-France'],COM,{02},{32}
5d700ac6-14d9-4d48-af0a-dbb0345b1b77,218902328,Commune de Lucy-le-Bois (89),false,{89232},Commune,2026-03-24 14:42:11.118516+01,gold_establishments_2025,,,,21890232800010,2025,Collectivité Territoriale,Commune,['Yonne'],['Bourgogne-Franche-Comté'],COM,{89},{27}
c85409ae-8ec8-4e43-a150-2c7ccd034341,218902336,Commune de Lucy-sur-Cure (89),false,{89233},Commune,2026-03-24 14:42:11.118516+01,gold_establishments_2025,,,,21890233600013,2025,Collectivité Territoriale,Commune,['Yonne'],['Bourgogne-Franche-Comté'],COM,{89},{27}
de7bd47f-cd65-4f33-9fed-7f5a89ec2a51,218902344,Commune de Lucy-sur-Yonne (89),false,{89234},Commune,2026-03-24 14:42:11.118516+01,gold_establishments_2025,,,,21890234400017,2025,Collectivité Territoriale,Commune,['Yonne'],['Bourgogne-Franche-Comté'],COM,{89},{27}
b55fbe47-29bb-4687-97a5-ce1392f44ccc,212802185,Commune de Lucé (28),false,{28218},Commune,2026-03-24 14:41:57.028721+01,gold_establishments_2025,,,,21280218500141,2025,Collectivité Territoriale,Commune,['Eure-et-Loir'],['Centre-Val de Loire'],COM,{28},{24}
7eed3cf0-8e74-472b-a03b-11aac1bc2a8e,217201748,Commune de Lucé-sous-Ballon (72),false,{72174},Commune,2026-03-24 14:42:08.279287+01,gold_establishments_2025,,,,21720174800019,2025,Collectivité Territoriale,Commune,['Sarthe'],['Pays de la Loire'],COM,{72},{52}
c4f12e35-1664-437d-973a-86b7e39212d8,210600771,Commune de Lucéram (06),false,{06077},Commune,2026-03-24 14:41:52.562531+01,gold_establishments_2025,,,,21060077100013,2025,Collectivité Territoriale,Commune,['Alpes-Maritimes'],"[""Provence-Alpes-Côte d'Azur""]",COM,{06},{93}
2fc39ecb-3d7b-4d7a-80ca-8d8187636b09,215103102,Commune de Ludes (51),false,{51333},Commune,2026-03-24 14:42:01.954481+01,gold_establishments_2025,,,,21510310200012,2025,Collectivité Territoriale,Commune,['Marne'],['Grand Est'],COM,{51},{44}
83cd7978-09e3-4b19-8d6f-06d1d31cdb06,216301994,Commune de Ludesse (63),false,{63199},Commune,2026-03-24 14:42:06.130387+01,gold_establishments_2025,,,,21630199400010,2025,Collectivité Territoriale,Commune,['Puy-de-Dôme'],['Auvergne-Rhône-Alpes'],COM,{63},{84}
24c5594a-2fdd-4ba4-b018-54e4c99a3f86,210901757,Commune de Ludiès (09),false,{09175},Commune,2026-03-24 14:41:53.095366+01,gold_establishments_2025,,,,21090175700018,2025,Collectivité Territoriale,Commune,['Ariège'],['Occitanie'],COM,{09},{76}
7cf2a41f-9011-4357-bd77-941a38dea695,213302565,Commune de Ludon-Médoc (33),false,{33256},Commune,2026-03-24 14:41:58.620411+01,gold_establishments_2025,,,,21330256500014,2025,Collectivité Territoriale,Commune,['Gironde'],['Nouvelle-Aquitaine'],COM,{33},{75}
791fe075-55f2-44f9-a67a-78596fee60be,215403288,Commune de Ludres (54),false,{54328},Commune,2026-03-24 14:42:02.957225+01,gold_establishments_2025,,,,21540328800016,2025,Collectivité Territoriale,Commune,['Meurthe-et-Moselle'],['Grand Est'],COM,{54},{44}
56f94ae4-b5d5-464c-95d0-3f162b92bff0,216801910,Commune de Luemschwiller (68),false,{68191},Commune,2026-03-24 14:42:07.195692+01,gold_establishments_2025,,,,21680191000011,2025,Collectivité Territoriale,Commune,['Haut-Rhin'],['Grand Est'],COM,{68},{44}
a0aaee47-4b1e-43d6-8ab6-80c5ccbda451,214601791,Commune de Lugagnac (46),false,{46179},Commune,2026-03-24 14:42:00.862623+01,gold_establishments_2025,,,,21460179100012,2025,Collectivité Territoriale,Commune,['Lot'],['Occitanie'],COM,{46},{76}
5c288644-a7ad-4080-9dea-de05a277ee2d,216502914,Commune de Lugagnan (65),false,{65291},Commune,2026-03-24 14:42:06.665412+01,gold_establishments_2025,,,,21650291400015,2025,Collectivité Territoriale,Commune,['Hautes-Pyrénées'],['Occitanie'],COM,{65},{76}
175c25b6-8701-49f6-ba74-0e766b548a7e,213302573,Commune de Lugaignac (33),false,{33257},Commune,2026-03-24 14:41:58.620411+01,gold_establishments_2025,,,,21330257300018,2025,Collectivité Territoriale,Commune,['Gironde'],['Nouvelle-Aquitaine'],COM,{33},{75}
6971aaad-ff0f-4669-8be0-9938214f6cd3,211201348,Commune de Lugan (12),false,{12134},Commune,2026-03-24 14:41:53.63825+01,gold_establishments_2025,,,,21120134800011,2025,Collectivité Territoriale,Commune,['Aveyron'],['Occitanie'],COM,{12},{76}
aef9f6da-acd2-4c88-960b-288330c0f98d,218101509,Commune de Lugan (81),false,{81150},Commune,2026-03-24 14:42:09.967209+01,gold_establishments_2025,,,,21810150900014,2025,Collectivité Territoriale,Commune,['Tarn'],['Occitanie'],COM,{81},{76}
3b383254-5d1a-4fb2-9c64-12ae501420db,211501101,Commune de Lugarde (15),false,{15110},Commune,2026-03-24 14:41:54.362296+01,gold_establishments_2025,,,,21150110100011,2025,Collectivité Territoriale,Commune,['Cantal'],['Auvergne-Rhône-Alpes'],COM,{15},{84}
83fae23f-950b-4f21-a7a1-ad4852d91be3,213302581,Commune de Lugasson (33),false,{33258},Commune,2026-03-24 14:41:58.620411+01,gold_establishments_2025,,,,21330258100011,2025,Collectivité Territoriale,Commune,['Gironde'],['Nouvelle-Aquitaine'],COM,{33},{75}
3e1d453a-c762-4d72-a233-e445b5db4967,214001653,Commune de Luglon (40),false,{40165},Commune,2026-03-24 14:41:59.705606+01,gold_establishments_2025,,,,21400165300010,2025,Collectivité Territoriale,Commune,['Landes'],['Nouvelle-Aquitaine'],COM,{40},{75}
cc6c5d14-2ed8-4284-97bf-4142faf9e4be,210204210,Commune de Lugny (02),false,{02444},Commune,2026-03-24 14:41:52.020251+01,gold_establishments_2025,,,,21020421000012,2025,Collectivité Territoriale,Commune,['Aisne'],['Hauts-de-France'],COM,{02},{32}
388c2e42-4d41-428a-953e-cfb16dd76d0a,217102672,Commune de Lugny (71),false,{71267},Commune,2026-03-24 14:42:07.735343+01,gold_establishments_2025,,,,21710267200011,2025,Collectivité Territoriale,Commune,['Saône-et-Loire'],['Bourgogne-Franche-Comté'],COM,{71},{27}
7dda29ff-132b-436f-9da6-38f24a8240c5,211801329,Commune de Lugny-Champagne (18),false,{18132},Commune,2026-03-24 14:41:54.903238+01,gold_establishments_2025,,,,21180132900015,2025,Collectivité Territoriale,Commune,['Cher'],['Centre-Val de Loire'],COM,{18},{24}
4df5f3d1-753b-49ae-b18e-c82d30435051,217102680,Commune de Lugny-lès-Charolles (71),false,{71268},Commune,2026-03-24 14:42:07.735343+01,gold_establishments_2025,,,,21710268000014,2025,Collectivité Territoriale,Commune,['Saône-et-Loire'],['Bourgogne-Franche-Comté'],COM,{71},{27}
1089aa6f-f446-4dd2-a836-c876f21576ac,212001499,Commune de Lugo-di-Nazza (2B),false,{2B149},Commune,2026-03-24 14:41:57.56054+01,gold_establishments_2025,,,,21200149900012,2025,Collectivité Territoriale,Commune,['Haute-Corse'],['Corse'],COM,{2B},{94}
2c7f3a48-066c-46ac-8e8d-b8c38eb52c7c,213302599,Commune de Lugon-et-l'Île-du-Carnay (33),false,{33259},Commune,2026-03-24 14:41:58.620411+01,gold_establishments_2025,,,,21330259900013,2025,Collectivité Territoriale,Commune,['Gironde'],['Nouvelle-Aquitaine'],COM,{33},{75}
6a88a015-6745-44c6-bc86-fd3f8fa6eb49,213302607,Commune de Lugos (33),false,{33260},Commune,2026-03-24 14:41:58.620411+01,gold_establishments_2025,,,,21330260700014,2025,Collectivité Territoriale,Commune,['Gironde'],['Nouvelle-Aquitaine'],COM,{33},{75}
94ca8023-41b9-41c0-8bee-9cf6924a1139,217401546,Commune de Lugrin (74),false,{74154},Commune,2026-03-24 14:42:08.279287+01,gold_establishments_2025,,,,21740154600015,2025,Collectivité Territoriale,Commune,['Haute-Savoie'],['Auvergne-Rhône-Alpes'],COM,{74},{84}
d108924c-c021-43f3-b2b2-a6f7d9a58eed,216205336,Commune de Lugy (62),false,{62533},Commune,2026-03-24 14:42:05.597325+01,gold_establishments_2025,,,,21620533600011,2025,Collectivité Territoriale,Commune,['Pas-de-Calais'],['Hauts-de-France'],COM,{62},{32}
16f2e55d-b57b-45de-98d7-568e36ec7d0d,212802193,Commune de Luigny (28),false,{28219},Commune,2026-03-24 14:41:57.028721+01,gold_establishments_2025,,,,21280219300079,2025,Collectivité Territoriale,Commune,['Eure-et-Loir'],['Centre-Val de Loire'],COM,{28},{24}
759c917b-94d7-424e-be21-37de9d7b4683,212802201,Commune de Luisant (28),false,{28220},Commune,2026-03-24 14:41:57.028721+01,gold_establishments_2025,,,,21280220100013,2025,Collectivité Territoriale,Commune,['Eure-et-Loir'],['Centre-Val de Loire'],COM,{28},{24}
9ee49036-9d2b-4e3e-98b0-3905adb34099,217702638,Commune de Luisetaines (77),false,{77263},Commune,2026-03-24 14:42:09.43682+01,gold_establishments_2025,,,,21770263800016,2025,Collectivité Territoriale,Commune,['Seine-et-Marne'],['Île-de-France'],COM,{77},{11}
ef070ba1-c02c-4847-afe4-4089913eb985,200084002,Commune de Luitré-Dompierre (35),false,{35163},Commune,2026-03-24 14:41:58.620411+01,gold_establishments_2025,,,,20008400200019,2025,Collectivité Territoriale,Commune,['Ille-et-Vilaine'],['Bretagne'],COM,{35},{53}
d75293de-9e4a-4b23-a326-a59dfc3c89c1,217401553,Commune de Lullin (74),false,{74155},Commune,2026-03-24 14:42:08.279287+01,gold_establishments_2025,,,,21740155300011,2025,Collectivité Territoriale,Commune,['Haute-Savoie'],['Auvergne-Rhône-Alpes'],COM,{74},{84}
b53840b3-41eb-4eb5-9324-7814cb081700,217401561,Commune de Lully (74),false,{74156},Commune,2026-03-24 14:42:08.279287+01,gold_establishments_2025,,,,21740156100014,2025,Collectivité Territoriale,Commune,['Haute-Savoie'],['Auvergne-Rhône-Alpes'],COM,{74},{84}
b45fe351-29b3-45c2-ae03-5c92bd10cc93,213802143,Commune de Lumbin (38),false,{38214},Commune,2026-03-24 14:41:59.160244+01,gold_establishments_2025,,,,21380214300015,2025,Collectivité Territoriale,Commune,['Isère'],['Auvergne-Rhône-Alpes'],COM,{38},{84}
db64239e-02d7-4b99-b04c-482954936b37,216205344,Commune de Lumbres (62),false,{62534},Commune,2026-03-24 14:42:05.597325+01,gold_establishments_2025,,,,21620534400015,2025,Collectivité Territoriale,Commune,['Pas-de-Calais'],['Hauts-de-France'],COM,{62},{32}
06290873-8982-4ad2-96cf-8c915ea48136,212802219,Commune de Lumeau (28),false,{28221},Commune,2026-03-24 14:41:57.028721+01,gold_establishments_2025,,,,21280221900015,2025,Collectivité Territoriale,Commune,['Eure-et-Loir'],['Centre-Val de Loire'],COM,{28},{24}
56b91294-89a8-4633-ab57-8d727520280b,210802385,Commune de Lumes (08),false,{08263},Commune,2026-03-24 14:41:53.095366+01,gold_establishments_2025,,,,21080238500018,2025,Collectivité Territoriale,Commune,['Ardennes'],['Grand Est'],COM,{08},{44}
a880af47-62dc-4b48-8f9c-2e486520090f,217702646,Commune de Lumigny-Nesles-Ormeaux (77),false,{77264},Commune,2026-03-24 14:42:09.43682+01,gold_establishments_2025,,,,21770264600019,2025,Collectivité Territoriale,Commune,['Seine-et-Marne'],['Île-de-France'],COM,{77},{11}
68f989b1-e9d5-4605-a3a9-6e0aca037f82,212001507,Commune de Lumio (2B),false,{2B150},Commune,2026-03-24 14:41:57.56054+01,gold_establishments_2025,,,,21200150700012,2025,Collectivité Territoriale,Commune,['Haute-Corse'],['Corse'],COM,{2B},{94}
2f63bab8-5dc4-4fce-b487-81f5269d831c,211201355,Commune de Lunac (12),false,{12135},Commune,2026-03-24 14:41:53.63825+01,gold_establishments_2025,,,,21120135500016,2025,Collectivité Territoriale,Commune,['Aveyron'],['Occitanie'],COM,{12},{76}
aff62315-0e40-4fa1-b961-ce1f346ac26c,214601809,Commune de Lunan (46),false,{46180},Commune,2026-03-24 14:42:00.862623+01,gold_establishments_2025,,,,21460180900012,2025,Collectivité Territoriale,Commune,['Lot'],['Occitanie'],COM,{46},{76}
1882a0e5-ffb5-4761-9ec4-b54159c25395,212402465,Commune de Lunas (24),false,{24246},Commune,2026-03-24 14:41:55.958138+01,gold_establishments_2025,,,,21240246500018,2025,Collectivité Territoriale,Commune,['Dordogne'],['Nouvelle-Aquitaine'],COM,{24},{75}
47c20966-117d-41ea-b981-2ebe62746b53,213401441,Commune de Lunas-les-Châteaux (34),false,{34144},Commune,2026-03-24 14:41:58.620411+01,gold_establishments_2025,,,,21340144100018,2025,Collectivité Territoriale,Commune,['Hérault'],['Occitanie'],COM,{34},{76}
b83b8efe-37cc-4756-bb47-d233b8a3066c,214101206,Commune de Lunay (41),false,{41120},Commune,2026-03-24 14:42:00.273698+01,gold_establishments_2025,,,,21410120600016,2025,Collectivité Territoriale,Commune,['Loir-et-Cher'],['Centre-Val de Loire'],COM,{41},{24}
f84c5432-8cec-479e-a3aa-96530d0b9869,210301545,Commune de Luneau (03),false,{03154},Commune,2026-03-24 14:41:52.020251+01,gold_establishments_2025,,,,21030154500013,2025,Collectivité Territoriale,Commune,['Allier'],['Auvergne-Rhône-Alpes'],COM,{03},{84}
fbe566fc-1818-4626-a5e7-9fa329488a16,214601817,Commune de Lunegarde (46),false,{46181},Commune,2026-03-24 14:42:00.862623+01,gold_establishments_2025,,,,21460181700015,2025,Collectivité Territoriale,Commune,['Lot'],['Occitanie'],COM,{46},{76}
703589aa-1451-40d7-bcca-f1177baaee6c,213401458,Commune de Lunel (34),false,{34145},Commune,2026-03-24 14:41:58.620411+01,gold_establishments_2025,,,,21340145800012,2025,Collectivité Territoriale,Commune,['Hérault'],['Occitanie'],COM,{34},{76}
d752a5ca-e5ac-48c8-b9a3-08d273427018,213401466,Commune de Lunel-Viel (34),false,{34146},Commune,2026-03-24 14:41:58.620411+01,gold_establishments_2025,,,,21340146600015,2025,Collectivité Territoriale,Commune,['Hérault'],['Occitanie'],COM,{34},{76}
a078869a-6ac7-4a71-a9f0-462890f1ee36,217604008,Commune de Luneray (76),false,{76400},Commune,2026-03-24 14:42:08.818969+01,gold_establishments_2025,,,,21760400800011,2025,Collectivité Territoriale,Commune,['Seine-Maritime'],['Normandie'],COM,{76},{28}
bfe8fdf5-6f71-4da3-8262-bb80220278ce,211801337,Commune de Lunery (18),false,{18133},Commune,2026-03-24 14:41:54.903238+01,gold_establishments_2025,,,,21180133700018,2025,Collectivité Territoriale,Commune,['Cher'],['Centre-Val de Loire'],COM,{18},{24}
5537b746-4870-4130-b36c-71a032136cab,215403296,Commune de Lunéville (54),false,{54329},Commune,2026-03-24 14:42:02.957225+01,gold_establishments_2025,,,,21540329600019,2025,Collectivité Territoriale,Commune,['Meurthe-et-Moselle'],['Grand Est'],COM,{54},{44}
1a2180c5-9471-4219-8c2c-369339eabb75,215403304,Commune de Lupcourt (54),false,{54330},Commune,2026-03-24 14:42:02.957225+01,gold_establishments_2025,,,,21540330400011,2025,Collectivité Territoriale,Commune,['Meurthe-et-Moselle'],['Grand Est'],COM,{54},{44}
9c5e6ebf-b727-4391-80a9-ccfab50ffdbe,212311302,Commune de Lupersat (23),false,{23113},Commune,2026-03-24 14:41:55.958138+01,gold_establishments_2025,,,,21231130200013,2025,Collectivité Territoriale,Commune,['Creuse'],['Nouvelle-Aquitaine'],COM,{23},{75}
64a862e9-1439-4127-a7a6-964c0b97d7da,213202195,Commune de Lupiac (32),false,{32219},Commune,2026-03-24 14:41:58.09424+01,gold_establishments_2025,,,,21320219500011,2025,Collectivité Territoriale,Commune,['Gers'],['Occitanie'],COM,{32},{76}
45a660df-a426-44ad-add7-323670c8494a,212802227,Commune de Luplanté (28),false,{28222},Commune,2026-03-24 14:41:57.028721+01,gold_establishments_2025,,,,21280222700018,2025,Collectivité Territoriale,Commune,['Eure-et-Loir'],['Centre-Val de Loire'],COM,{28},{24}
44e64046-be0c-40b8-9b90-e9379691af7d,215704255,Commune de Luppy (57),false,{57425},Commune,2026-03-24 14:42:03.701372+01,gold_establishments_2025,,,,21570425500011,2025,Collectivité Territoriale,Commune,['Moselle'],['Grand Est'],COM,{57},{44}
7c85708a-c471-4b64-baf1-d4d6fc9b84b3,213202203,Commune de Luppé-Violles (32),false,{32220},Commune,2026-03-24 14:41:58.09424+01,gold_establishments_2025,,,,21320220300013,2025,Collectivité Territoriale,Commune,['Gers'],['Occitanie'],COM,{32},{76}
4419cbe6-48b5-480a-856c-c5bd2529f8f5,211601943,Commune de Lupsault (16),false,{16194},Commune,2026-03-24 14:41:54.362296+01,gold_establishments_2025,,,,21160194300015,2025,Collectivité Territoriale,Commune,['Charente'],['Nouvelle-Aquitaine'],COM,{16},{75}
bc5c83ab-53fa-4597-afed-945b8329e4b4,216702753,Commune de Lupstein (67),false,{67275},Commune,2026-03-24 14:42:07.195692+01,gold_establishments_2025,,,,21670275300015,2025,Collectivité Territoriale,Commune,['Bas-Rhin'],['Grand Est'],COM,{67},{44}
c9b81bc3-3fd1-4cfa-adcd-2a2a231b10cd,214201246,Commune de Lupé (42),false,{42124},Commune,2026-03-24 14:42:00.273698+01,gold_establishments_2025,,,,21420124600011,2025,Collectivité Territoriale,Commune,['Loire'],['Auvergne-Rhône-Alpes'],COM,{42},{84}
170b4b14-348e-456b-9630-64c7e3cc9bcb,216502922,Commune de Luquet (65),false,{65292},Commune,2026-03-24 14:42:06.665412+01,gold_establishments_2025,,,,21650292200018,2025,Collectivité Territoriale,Commune,['Hautes-Pyrénées'],['Occitanie'],COM,{65},{76}
3bc6bf4c-d923-4cb7-8c60-ac0df29cf0be,213601040,Commune de Lurais (36),false,{36104},Commune,2026-03-24 14:41:59.160244+01,gold_establishments_2025,,,,21360104000016,2025,Collectivité Territoriale,Commune,['Indre'],['Centre-Val de Loire'],COM,{36},{24}
ddba3e9f-0f02-4c2d-86ae-15ddcd79a20c,212802235,Commune de Luray (28),false,{28223},Commune,2026-03-24 14:41:57.028721+01,gold_establishments_2025,,,,21280223500011,2025,Collectivité Territoriale,Commune,['Eure-et-Loir'],['Centre-Val de Loire'],COM,{28},{24}
f46da90e-6fc4-4289-83ce-7abd6a651566,216403600,Commune de Lurbe-Saint-Christau (64),false,{64360},Commune,2026-03-24 14:42:06.665412+01,gold_establishments_2025,,,,21640360000010,2025,Collectivité Territoriale,Commune,['Pyrénées-Atlantiques'],['Nouvelle-Aquitaine'],COM,{64},{75}
6e20da7b-60c8-4077-96c5-0d4cfa32babb,210102257,Commune de Lurcy (01),false,{01225},Commune,2026-03-24 14:41:51.447482+01,gold_establishments_2025,,,,21010225700016,2025,Collectivité Territoriale,Commune,['Ain'],['Auvergne-Rhône-Alpes'],COM,{01},{84}
6bdc8f1c-b27e-4c64-aa4f-abaf17ebf5d7,210301552,Commune de Lurcy-Lévis (03),false,{03155},Commune,2026-03-24 14:41:52.020251+01,gold_establishments_2025,,,,21030155200019,2025,Collectivité Territoriale,Commune,['Allier'],['Auvergne-Rhône-Alpes'],COM,{03},{84}
f9e2af25-4500-4828-a613-e334f4376e15,215801473,Commune de Lurcy-le-Bourg (58),false,{58147},Commune,2026-03-24 14:42:04.280096+01,gold_establishments_2025,,,,21580147300012,2025,Collectivité Territoriale,Commune,['Nièvre'],['Bourgogne-Franche-Comté'],COM,{58},{27}
3f0e7831-c3b3-4ea7-b45a-4ee0a672dbfd,217003102,Commune de Lure (70),false,{70310},Commune,2026-03-24 14:42:07.735343+01,gold_establishments_2025,,,,21700310200019,2025,Collectivité Territoriale,Commune,['Haute-Saône'],['Bourgogne-Franche-Comté'],COM,{70},{27}
6e684420-92a8-42eb-ad80-09bfc702e481,213601057,Commune de Lureuil (36),false,{36105},Commune,2026-03-24 14:41:59.160244+01,gold_establishments_2025,,,,21360105700010,2025,Collectivité Territoriale,Commune,['Indre'],['Centre-Val de Loire'],COM,{36},{24}
5cd86923-9f5d-4d7e-8bb1-539c871450da,212001523,Commune de Luri (2B),false,{2B152},Commune,2026-03-24 14:41:57.56054+01,gold_establishments_2025,,,,21200152300019,2025,Collectivité Territoriale,Commune,['Haute-Corse'],['Corse'],COM,{2B},{94}
b4a3fa7e-6492-4737-b5f4-85065288b285,214201261,Commune de Luriecq (42),false,{42126},Commune,2026-03-24 14:42:00.273698+01,gold_establishments_2025,,,,21420126100010,2025,Collectivité Territoriale,Commune,['Loire'],['Auvergne-Rhône-Alpes'],COM,{42},{84}
05246d4e-b2f6-4e9d-a2cf-544ab0e93cc1,210401063,Commune de Lurs (04),false,{04106},Commune,2026-03-24 14:41:52.020251+01,gold_establishments_2025,,,,21040106300016,2025,Collectivité Territoriale,Commune,['Alpes-de-Haute-Provence'],"[""Provence-Alpes-Côte d'Azur""]",COM,{04},{93}
a398b042-7e52-4a60-a917-3dc4162e8cf1,211801345,Commune de Lury-sur-Arnon (18),false,{18134},Commune,2026-03-24 14:41:54.903238+01,gold_establishments_2025,,,,21180134500011,2025,Collectivité Territoriale,Commune,['Cher'],['Centre-Val de Loire'],COM,{18},{24}
c2c9d3b9-6d6f-4de6-8db6-ef5cbe63bed7,214201253,Commune de Luré (42),false,{42125},Commune,2026-03-24 14:42:00.273698+01,gold_establishments_2025,,,,21420125300017,2025,Collectivité Territoriale,Commune,['Loire'],['Auvergne-Rhône-Alpes'],COM,{42},{84}
b26cdc75-8ab5-4e9c-82af-c827e816d771,212601686,Commune de Lus-la-Croix-Haute (26),false,{26168},Commune,2026-03-24 14:41:56.495197+01,gold_establishments_2025,,,,21260168600018,2025,Collectivité Territoriale,Commune,['Drôme'],['Auvergne-Rhône-Alpes'],COM,{26},{84}
ae152bfa-88cb-44b9-af25-1f913c300932,214400863,Commune de Lusanger (44),false,{44086},Commune,2026-03-24 14:42:00.273698+01,gold_establishments_2025,,,,21440086300012,2025,Collectivité Territoriale,Commune,['Loire-Atlantique'],['Pays de la Loire'],COM,{44},{52}
8d29eb6a-d862-4525-840a-9ecdace68a38,213103088,Commune de Luscan (31),false,{31308},Commune,2026-03-24 14:41:58.09424+01,gold_establishments_2025,,,,21310308800018,2025,Collectivité Territoriale,Commune,['Haute-Garonne'],['Occitanie'],COM,{31},{76}
4fb95aaf-73fd-4690-a1ea-9ef20390b050,212402473,Commune de Lusignac (24),false,{24247},Commune,2026-03-24 14:41:55.958138+01,gold_establishments_2025,,,,21240247300012,2025,Collectivité Territoriale,Commune,['Dordogne'],['Nouvelle-Aquitaine'],COM,{24},{75}
b2dfc52d-10be-4fd7-a7d1-214d6c9dff7c,218601391,Commune de Lusignan (86),false,{86139},Commune,2026-03-24 14:42:10.508772+01,gold_establishments_2025,,,,21860139100012,2025,Collectivité Territoriale,Commune,['Vienne'],['Nouvelle-Aquitaine'],COM,{86},{75}
577a645d-6053-48e8-8f50-41d530cac91e,214701542,Commune de Lusignan-Petit (47),false,{47154},Commune,2026-03-24 14:42:00.862623+01,gold_establishments_2025,,,,21470154200018,2025,Collectivité Territoriale,Commune,['Lot-et-Garonne'],['Nouvelle-Aquitaine'],COM,{47},{75}
56bef822-de3f-4e64-9d0b-d5b3103068f3,210301560,Commune de Lusigny (03),false,{03156},Commune,2026-03-24 14:41:52.020251+01,gold_establishments_2025,,,,21030156000012,2025,Collectivité Territoriale,Commune,['Allier'],['Auvergne-Rhône-Alpes'],COM,{03},{84}
9362ac4d-638c-412d-9b4e-c1c85c740f8b,211002027,Commune de Lusigny-sur-Barse (10),false,{10209},Commune,2026-03-24 14:41:53.095366+01,gold_establishments_2025,,,,21100202700012,2025,Collectivité Territoriale,Commune,['Aube'],['Grand Est'],COM,{10},{44}
d9deebde-080e-4354-9e9f-ad6366ad2be1,212103600,Commune de Lusigny-sur-Ouche (21),false,{21360},Commune,2026-03-24 14:41:55.433389+01,gold_establishments_2025,,,,21210360000012,2025,Collectivité Territoriale,Commune,"[""Côte-d'Or""]",['Bourgogne-Franche-Comté'],COM,{21},{27}
d4b818c1-56f9-4b23-902e-8c938b39f43e,211601950,Commune de Lussac (16),false,{16195},Commune,2026-03-24 14:41:54.362296+01,gold_establishments_2025,,,,21160195000010,2025,Collectivité Territoriale,Commune,['Charente'],['Nouvelle-Aquitaine'],COM,{16},{75}
1064e692-e362-4672-8eed-cf09f0908c24,211702154,Commune de Lussac (17),false,{17215},Commune,2026-03-24 14:41:54.903238+01,gold_establishments_2025,,,,21170215400017,2025,Collectivité Territoriale,Commune,['Charente-Maritime'],['Nouvelle-Aquitaine'],COM,{17},{75}
5fa11e85-b623-4696-979d-c0b91b2daaa9,213302615,Commune de Lussac (33),false,{33261},Commune,2026-03-24 14:41:58.620411+01,gold_establishments_2025,,,,21330261500017,2025,Collectivité Territoriale,Commune,['Gironde'],['Nouvelle-Aquitaine'],COM,{33},{75}
765cafd1-0452-43c4-9b74-145d2090f595,218601409,Commune de Lussac-les-Châteaux (86),false,{86140},Commune,2026-03-24 14:42:10.508772+01,gold_establishments_2025,,,,21860140900012,2025,Collectivité Territoriale,Commune,['Vienne'],['Nouvelle-Aquitaine'],COM,{86},{75}
3ee392ae-28a3-40a6-93ab-bf41c25a7c83,218708709,Commune de Lussac-les-Églises (87),false,{87087},Commune,2026-03-24 14:42:11.118516+01,gold_establishments_2025,,,,21870870900017,2025,Collectivité Territoriale,Commune,['Haute-Vienne'],['Nouvelle-Aquitaine'],COM,{87},{75}
7c406b09-71b1-45c6-8219-c9aa9339a63f,214001661,Commune de Lussagnet (40),false,{40166},Commune,2026-03-24 14:41:59.705606+01,gold_establishments_2025,,,,21400166100013,2025,Collectivité Territoriale,Commune,['Landes'],['Nouvelle-Aquitaine'],COM,{40},{75}
074d9e92-3a5d-4d87-b703-35c1a63184e5,216403618,Commune de Lussagnet-Lusson (64),false,{64361},Commune,2026-03-24 14:42:06.665412+01,gold_establishments_2025,,,,21640361800012,2025,Collectivité Territoriale,Commune,['Pyrénées-Atlantiques'],['Nouvelle-Aquitaine'],COM,{64},{75}
16fcd162-8a51-42a4-b9e1-d1e329f53622,213001514,Commune de Lussan (30),false,{30151},Commune,2026-03-24 14:41:57.56054+01,gold_establishments_2025,,,,21300151400016,2025,Collectivité Territoriale,Commune,['Gard'],['Occitanie'],COM,{30},{76}
63e11cdb-664e-462f-8b66-c81dc48cb870,213202211,Commune de Lussan (32),false,{32221},Commune,2026-03-24 14:41:58.09424+01,gold_establishments_2025,,,,21320221100016,2025,Collectivité Territoriale,Commune,['Gers'],['Occitanie'],COM,{32},{76}
2971a288-0260-441a-b196-b85240bd78fa,213103096,Commune de Lussan-Adeilhac (31),false,{31309},Commune,2026-03-24 14:41:58.09424+01,gold_establishments_2025,,,,21310309600011,2025,Collectivité Territoriale,Commune,['Haute-Garonne'],['Occitanie'],COM,{31},{76}
6cf1603e-5eb9-408f-aeb8-3f31236e47fe,211702162,Commune de Lussant (17),false,{17216},Commune,2026-03-24 14:41:54.903238+01,gold_establishments_2025,,,,21170216200010,2025,Collectivité Territoriale,Commune,['Charente-Maritime'],['Nouvelle-Aquitaine'],COM,{17},{75}
acafcbdf-9bb3-4fb7-a8b2-463db0c70675,210701454,Commune de Lussas (07),false,{07145},Commune,2026-03-24 14:41:52.562531+01,gold_establishments_2025,,,,21070145400014,2025,Collectivité Territoriale,Commune,['Ardèche'],['Auvergne-Rhône-Alpes'],COM,{07},{84}
9f98dfe6-10bd-4882-a840-f6b57b5bb93b,212402481,Commune de Lussas-et-Nontronneau (24),false,{24248},Commune,2026-03-24 14:41:55.958138+01,gold_establishments_2025,,,,21240248100015,2025,Collectivité Territoriale,Commune,['Dordogne'],['Nouvelle-Aquitaine'],COM,{24},{75}
2ce88163-8cbc-4e56-afba-2e96e10d5c1e,212311401,Commune de Lussat (23),false,{23114},Commune,2026-03-24 14:41:55.958138+01,gold_establishments_2025,,,,21231140100013,2025,Collectivité Territoriale,Commune,['Creuse'],['Nouvelle-Aquitaine'],COM,{23},{75}
9b4270a4-556d-4ec1-b7e2-f9d563b5c9cf,216302000,Commune de Lussat (63),false,{63200},Commune,2026-03-24 14:42:06.130387+01,gold_establishments_2025,,,,21630200000015,2025,Collectivité Territoriale,Commune,['Puy-de-Dôme'],['Auvergne-Rhône-Alpes'],COM,{63},{84}
57983800-a841-4f9f-ad34-87be59de673d,213701386,Commune de Lussault-sur-Loire (37),false,{37138},Commune,2026-03-24 14:41:59.160244+01,gold_establishments_2025,,,,21370138600012,2025,Collectivité Territoriale,Commune,['Indre-et-Loire'],['Centre-Val de Loire'],COM,{37},{24}
2d31600f-8799-48e1-9c22-8e1f2186e864,218802767,Commune de Lusse (88),false,{88276},Commune,2026-03-24 14:42:11.118516+01,gold_establishments_2025,,,,21880276700010,2025,Collectivité Territoriale,Commune,['Vosges'],['Grand Est'],COM,{88},{44}
a7959a48-e014-4e7c-b94e-4d3aa8b9c6e9,217901602,Commune de Lusseray (79),false,{79160},Commune,2026-03-24 14:42:09.43682+01,gold_establishments_2025,,,,21790160200011,2025,Collectivité Territoriale,Commune,['Deux-Sèvres'],['Nouvelle-Aquitaine'],COM,{79},{75}
80f107e7-a6a1-492f-8fd7-fa75954b7138,216502930,Commune de Lustar (65),false,{65293},Commune,2026-03-24 14:42:06.665412+01,gold_establishments_2025,,,,21650293000011,2025,Collectivité Territoriale,Commune,['Hautes-Pyrénées'],['Occitanie'],COM,{65},{76}
54d41875-a5ad-431d-b951-ad104623d45b,215801481,Commune de Luthenay-Uxeloup (58),false,{58148},Commune,2026-03-24 14:42:04.280096+01,gold_establishments_2025,,,,21580148100015,2025,Collectivité Territoriale,Commune,['Nièvre'],['Bourgogne-Franche-Comté'],COM,{58},{27}
824678e9-7df9-4390-ad88-dcb0948dda24,216502948,Commune de Lutilhous (65),false,{65294},Commune,2026-03-24 14:42:06.665412+01,gold_establishments_2025,,,,21650294800013,2025,Collectivité Territoriale,Commune,['Hautes-Pyrénées'],['Occitanie'],COM,{65},{76}
aa501f35-f31d-43b0-bb40-2054e9249955,215704263,Commune de Luttange (57),false,{57426},Commune,2026-03-24 14:42:03.701372+01,gold_establishments_2025,,,,21570426300056,2025,Collectivité Territoriale,Commune,['Moselle'],['Grand Est'],COM,{57},{44}
9bd625d5-88dc-42de-9d13-668e16adefc2,216801936,Commune de Luttenbach-près-Munster (68),false,{68193},Commune,2026-03-24 14:42:07.195692+01,gold_establishments_2025,,,,21680193600016,2025,Collectivité Territoriale,Commune,['Haut-Rhin'],['Grand Est'],COM,{68},{44}
51a40e96-e30e-4f02-8a71-774ec2381b30,216801944,Commune de Lutter (68),false,{68194},Commune,2026-03-24 14:42:07.195692+01,gold_establishments_2025,,,,21680194400010,2025,Collectivité Territoriale,Commune,['Haut-Rhin'],['Grand Est'],COM,{68},{44}
6146177e-7268-4482-9492-59f8a77de02a,216801951,Commune de Lutterbach (68),false,{68195},Commune,2026-03-24 14:42:07.195692+01,gold_establishments_2025,,,,21680195100015,2025,Collectivité Territoriale,Commune,['Haut-Rhin'],['Grand Est'],COM,{68},{44}
6dbd13fd-4203-4562-b9d1-fdf9686507ce,215704271,Commune de Lutzelbourg (57),false,{57427},Commune,2026-03-24 14:42:03.701372+01,gold_establishments_2025,,,,21570427100018,2025,Collectivité Territoriale,Commune,['Moselle'],['Grand Est'],COM,{57},{44}
5aeccca0-cc6e-4a61-abb0-b30b1178f646,216702761,Commune de Lutzelhouse (67),false,{67276},Commune,2026-03-24 14:42:07.195692+01,gold_establishments_2025,,,,21670276100018,2025,Collectivité Territoriale,Commune,['Bas-Rhin'],['Grand Est'],COM,{67},{44}
851b88dc-7424-4e70-8ec7-565a529ea8bc,218802775,Commune de Luvigny (88),false,{88277},Commune,2026-03-24 14:42:11.118516+01,gold_establishments_2025,,,,21880277500013,2025,Collectivité Territoriale,Commune,['Vosges'],['Grand Est'],COM,{88},{44}
f89ef22d-60e7-4073-97dc-3cfef87b0388,212103618,Commune de Lux (21),false,{21361},Commune,2026-03-24 14:41:55.433389+01,gold_establishments_2025,,,,21210361800014,2025,Collectivité Territoriale,Commune,"[""Côte-d'Or""]",['Bourgogne-Franche-Comté'],COM,{21},{27}
c6a36627-3333-4f79-995b-cca7aad94d1b,213103104,Commune de Lux (31),false,{31310},Commune,2026-03-24 14:41:58.09424+01,gold_establishments_2025,,,,21310310400013,2025,Collectivité Territoriale,Commune,['Haute-Garonne'],['Occitanie'],COM,{31},{76}
13885e86-0ad0-459b-baec-2a5957351d98,217102698,Commune de Lux (71),false,{71269},Commune,2026-03-24 14:42:07.735343+01,gold_establishments_2025,,,,21710269800016,2025,Collectivité Territoriale,Commune,['Saône-et-Loire'],['Bourgogne-Franche-Comté'],COM,{71},{27}
e4f1f2e3-9436-4ba5-a282-d357fdc9f944,216403626,Commune de Luxe-Sumberraute (64),false,{64362},Commune,2026-03-24 14:42:06.665412+01,gold_establishments_2025,,,,21640362600015,2025,Collectivité Territoriale,Commune,['Pyrénées-Atlantiques'],['Nouvelle-Aquitaine'],COM,{64},{75}
9f35341f-aa3a-49f0-a355-bb648f28956c,217003110,Commune de Luxeuil-les-Bains (70),false,{70311},Commune,2026-03-24 14:42:07.735343+01,gold_establishments_2025,,,,21700311000012,2025,Collectivité Territoriale,Commune,['Haute-Saône'],['Bourgogne-Franche-Comté'],COM,{70},{27}
889e0636-b8b6-46f5-894c-6be6688daa9d,214001679,Commune de Luxey (40),false,{40167},Commune,2026-03-24 14:41:59.705606+01,gold_establishments_2025,,,,21400167900015,2025,Collectivité Territoriale,Commune,['Landes'],['Nouvelle-Aquitaine'],COM,{40},{75}
c4532a5d-dc1a-42c2-ad22-7af142f39960,212503544,Commune de Luxiol (25),false,{25354},Commune,2026-03-24 14:41:56.495197+01,gold_establishments_2025,,,,21250354400018,2025,Collectivité Territoriale,Commune,['Doubs'],['Bourgogne-Franche-Comté'],COM,{25},{27}
18f1f784-4950-4b5c-ab57-6756c6e52678,211601968,Commune de Luxé (16),false,{16196},Commune,2026-03-24 14:41:54.362296+01,gold_establishments_2025,,,,21160196800012,2025,Collectivité Territoriale,Commune,['Charente'],['Nouvelle-Aquitaine'],COM,{16},{75}
aea4f8c1-41de-4a26-9bd9-bb5bb931b20f,215103110,Commune de Luxémont-et-Villotte (51),false,{51334},Commune,2026-03-24 14:42:01.954481+01,gold_establishments_2025,,,,21510311000015,2025,Collectivité Territoriale,Commune,['Marne'],['Grand Est'],COM,{51},{44}
1a48bb74-701b-497e-b9c4-958a19ff672b,213701394,Commune de Luynes (37),false,{37139},Commune,2026-03-24 14:41:59.160244+01,gold_establishments_2025,,,,21370139400016,2025,Collectivité Territoriale,Commune,['Indre-et-Loire'],['Centre-Val de Loire'],COM,{37},{24}
f51a7b56-ccf8-4e00-8f87-4fb5d265d47f,211002035,Commune de Luyères (10),false,{10210},Commune,2026-03-24 14:41:53.095366+01,gold_establishments_2025,,,,21100203500015,2025,Collectivité Territoriale,Commune,['Aube'],['Grand Est'],COM,{10},{44}
5b25594f-8b4d-44ee-b669-01fb47254b3b,216502955,Commune de Luz-Saint-Sauveur (65),false,{65295},Commune,2026-03-24 14:42:06.665412+01,gold_establishments_2025,,,,21650295500141,2025,Collectivité Territoriale,Commune,['Hautes-Pyrénées'],['Occitanie'],COM,{65},{76}
29a79722-5034-4a88-9d8d-7e7731a47185,217702653,Commune de Luzancy (77),false,{77265},Commune,2026-03-24 14:42:09.43682+01,gold_establishments_2025,,,,21770265300015,2025,Collectivité Territoriale,Commune,['Seine-et-Marne'],['Île-de-France'],COM,{77},{11}
23ae1b3d-c0dc-4e84-8420-48dc76b0ee65,219503521,Commune de Luzarches (95),false,{95352},Commune,2026-03-24 14:42:11.659493+01,gold_establishments_2025,,,,21950352100011,2025,Collectivité Territoriale,Commune,"[""Val-d'Oise""]",['Île-de-France'],COM,{95},{11}
7bfd2bd7-bdf6-4959-b413-f6d670a39c00,217901610,Commune de Luzay (79),false,{79161},Commune,2026-03-24 14:42:09.43682+01,gold_establishments_2025,,,,21790161000014,2025,Collectivité Territoriale,Commune,['Deux-Sèvres'],['Nouvelle-Aquitaine'],COM,{79},{75}
a425f432-35ef-49de-89a7-fb330918cbf7,217003128,Commune de Luze (70),false,{70312},Commune,2026-03-24 14:42:07.735343+01,gold_establishments_2025,,,,21700312800014,2025,Collectivité Territoriale,Commune,['Haute-Saône'],['Bourgogne-Franche-Comté'],COM,{70},{27}
fda770ed-38e4-4f96-b79c-7a0a1035c150,214601825,Commune de Luzech (46),false,{46182},Commune,2026-03-24 14:42:00.862623+01,gold_establishments_2025,,,,21460182500018,2025,Collectivité Territoriale,Commune,['Lot'],['Occitanie'],COM,{46},{76}
d69e215b-5a08-4158-bca8-7baab0a06bb4,210901765,Commune de Luzenac (09),false,{09176},Commune,2026-03-24 14:41:53.095366+01,gold_establishments_2025,,,,21090176500011,2025,Collectivité Territoriale,Commune,['Ariège'],['Occitanie'],COM,{09},{76}
43e5b8b4-3d70-48f6-b552-fe46d011777a,213601065,Commune de Luzeret (36),false,{36106},Commune,2026-03-24 14:41:59.160244+01,gold_establishments_2025,,,,21360106500013,2025,Collectivité Territoriale,Commune,['Indre'],['Centre-Val de Loire'],COM,{36},{24}
380ad97f-4aec-4d5b-b9fa-d2c9df8dc482,216302018,Commune de Luzillat (63),false,{63201},Commune,2026-03-24 14:42:06.130387+01,gold_establishments_2025,,,,21630201800017,2025,Collectivité Territoriale,Commune,['Puy-de-Dôme'],['Auvergne-Rhône-Alpes'],COM,{63},{84}
5c2023cf-7804-4ad4-8cc9-b0af191446f9,213701410,Commune de Luzillé (37),false,{37141},Commune,2026-03-24 14:41:59.160244+01,gold_establishments_2025,,,,21370141000010,2025,Collectivité Territoriale,Commune,['Indre-et-Loire'],['Centre-Val de Loire'],COM,{37},{24}
0f710da3-5cb6-4061-9d97-8d80c928d884,213802150,Commune de Luzinay (38),false,{38215},Commune,2026-03-24 14:41:59.160244+01,gold_establishments_2025,,,,21380215000010,2025,Collectivité Territoriale,Commune,['Isère'],['Auvergne-Rhône-Alpes'],COM,{38},{84}
0d0a498e-407f-4032-9ca5-8fd6e395bebc,210204228,Commune de Luzoir (02),false,{02445},Commune,2026-03-24 14:41:52.020251+01,gold_establishments_2025,,,,21020422800014,2025,Collectivité Territoriale,Commune,['Aisne'],['Hauts-de-France'],COM,{02},{32}
ed0b5ff0-5315-4b8a-be58-8e861e5cc251,215801499,Commune de Luzy (58),false,{58149},Commune,2026-03-24 14:42:04.280096+01,gold_establishments_2025,,,,21580149900017,2025,Collectivité Territoriale,Commune,['Nièvre'],['Bourgogne-Franche-Comté'],COM,{58},{27}
f013bfe2-4fd2-411c-8cd2-21b5d5d885e4,215503103,Commune de Luzy-Saint-Martin (55),false,{55310},Commune,2026-03-24 14:42:03.701372+01,gold_establishments_2025,,,,21550310300016,2025,Collectivité Territoriale,Commune,['Meuse'],['Grand Est'],COM,{55},{44}
8498a1fe-a805-4e96-ac50-aab4af74d97e,215204116,Commune de Luzy-sur-Marne (52),false,{52297},Commune,2026-03-24 14:42:01.954481+01,gold_establishments_2025,,,,21520411600010,2025,Collectivité Territoriale,Commune,['Haute-Marne'],['Grand Est'],COM,{52},{44}
376a23af-ad8f-4d9b-9cfe-8442d746416f,213701402,Commune de Luzé (37),false,{37140},Commune,2026-03-24 14:41:59.160244+01,gold_establishments_2025,,,,21370140200017,2025,Collectivité Territoriale,Commune,['Indre-et-Loire'],['Centre-Val de Loire'],COM,{37},{24}
b5709e82-edd2-4f8a-b85c-20a754303338,213601024,Commune de Luçay-le-Libre (36),false,{36102},Commune,2026-03-24 14:41:59.160244+01,gold_establishments_2025,,,,21360102400010,2025,Collectivité Territoriale,Commune,['Indre'],['Centre-Val de Loire'],COM,{36},{24}
a609f9d3-46a2-4bb8-9ae1-dd38aeb50350,213601032,Commune de Luçay-le-Mâle (36),false,{36103},Commune,2026-03-24 14:41:59.160244+01,gold_establishments_2025,,,,21360103200013,2025,Collectivité Territoriale,Commune,['Indre'],['Centre-Val de Loire'],COM,{36},{24}
0c4856f2-3ee3-4f2f-8854-669b75625598,218501286,Commune de Luçon (85),false,{85128},Commune,2026-03-24 14:42:10.508772+01,gold_establishments_2025,,,,21850128600015,2025,Collectivité Territoriale,Commune,['Vendée'],['Pays de la Loire'],COM,{85},{52}
57e6a4fb-572d-4a8f-b635-8b4a31b344c3,210204236,Commune de Ly-Fontaine (02),false,{02446},Commune,2026-03-24 14:41:52.020251+01,gold_establishments_2025,,,,21020423600017,2025,Collectivité Territoriale,Commune,['Aisne'],['Hauts-de-France'],COM,{02},{32}
d26d8e8e-7e9a-4272-ae4d-62e26c01fc6b,210701462,Commune de Lyas (07),false,{07146},Commune,2026-03-24 14:41:52.562531+01,gold_establishments_2025,,,,21070146200017,2025,Collectivité Territoriale,Commune,['Ardèche'],['Auvergne-Rhône-Alpes'],COM,{07},{84}
312205ed-834c-4e43-9681-d9c372d07b42,217401579,Commune de Lyaud (74),false,{74157},Commune,2026-03-24 14:42:08.279287+01,gold_establishments_2025,,,,21740157900016,2025,Collectivité Territoriale,Commune,['Haute-Savoie'],['Auvergne-Rhône-Alpes'],COM,{74},{84}
79ce9696-78f2-4c98-98fe-0309f52b46e0,213601073,Commune de Lye (36),false,{36107},Commune,2026-03-24 14:41:59.160244+01,gold_establishments_2025,,,,21360107300017,2025,Collectivité Territoriale,Commune,['Indre'],['Centre-Val de Loire'],COM,{36},{24}
73d15d25-e8d9-4dd1-a866-f15c0d9a31b7,215903667,Commune de Lynde (59),false,{59366},Commune,2026-03-24 14:42:04.280096+01,gold_establishments_2025,,,,21590366700016,2025,Collectivité Territoriale,Commune,['Nord'],['Hauts-de-France'],COM,{59},{32}
ef5dc7ac-64d0-41a4-a148-0b0dee77b52f,217003136,Commune de Lyoffans (70),false,{70313},Commune,2026-03-24 14:42:07.735343+01,gold_establishments_2025,,,,21700313600017,2025,Collectivité Territoriale,Commune,['Haute-Saône'],['Bourgogne-Franche-Comté'],COM,{70},{27}
8c163fac-e04f-4a00-a0fe-04962405dc2d,216901231,Commune de Lyon (69),false,"{69123,69381,69382,69383,69384,69385,69386,69387,69388,69389}",Commune,2026-03-24 14:42:07.195692+01,gold_establishments_2025,,,,21690123100011,2025,Collectivité Territoriale,Commune,['Rhône'],['Auvergne-Rhône-Alpes'],COM,{69},{84}
f7a4ed70-3052-4a0f-977f-c0c18562c75c,212703771,Commune de Lyons-la-Forêt (27),false,{27377},Commune,2026-03-24 14:41:57.028721+01,gold_establishments_2025,,,,21270377100015,2025,Collectivité Territoriale,Commune,['Eure'],['Normandie'],COM,{27},{28}
123b15aa-fb68-4988-9ae4-fa990e4946ef,215801507,Commune de Lys (58),false,{58150},Commune,2026-03-24 14:42:04.280096+01,gold_establishments_2025,,,,21580150700017,2025,Collectivité Territoriale,Commune,['Nièvre'],['Bourgogne-Franche-Comté'],COM,{58},{27}
14e4d36c-65f5-4f9b-a007-7a498e8fe1fc,216403634,Commune de Lys (64),false,{64363},Commune,2026-03-24 14:42:06.665412+01,gold_establishments_2025,,,,21640363400019,2025,Collectivité Territoriale,Commune,['Pyrénées-Atlantiques'],['Nouvelle-Aquitaine'],COM,{64},{75}
bb8a2928-2011-4558-9f86-c5bba524ceb1,200059475,Commune de Lys-Haut-Layon (49),false,{49373},Commune,2026-03-24 14:42:01.412377+01,gold_establishments_2025,,,,20005947500018,2025,Collectivité Territoriale,Commune,['Maine-et-Loire'],['Pays de la Loire'],COM,{49},{52}
eee60de1-d1ec-4b15-97d2-35f1676d624c,213601081,Commune de Lys-Saint-Georges (36),false,{36108},Commune,2026-03-24 14:41:59.160244+01,gold_establishments_2025,,,,21360108100010,2025,Collectivité Territoriale,Commune,['Indre'],['Centre-Val de Loire'],COM,{36},{24}
e635e3df-ab0f-4f73-afce-2fa93bf7d0da,215903675,Commune de Lys-lez-Lannoy (59),false,{59367},Commune,2026-03-24 14:42:04.280096+01,gold_establishments_2025,,,,21590367500019,2025,Collectivité Territoriale,Commune,['Nord'],['Hauts-de-France'],COM,{59},{32}
1a239202-db81-49d0-a27c-5d7d47f6dc2e,213102908,Commune de Lège (31),false,{31290},Commune,2026-03-24 14:41:58.09424+01,gold_establishments_2025,,,,21310290800018,2025,Collectivité Territoriale,Commune,['Haute-Garonne'],['Occitanie'],COM,{31},{76}
2971cf23-a761-48f8-ac13-b9217e318eb9,213302367,Commune de Lège-Cap-Ferret (33),false,{33236},Commune,2026-03-24 14:41:58.620411+01,gold_establishments_2025,,,,21330236700015,2025,Collectivité Territoriale,Commune,['Gironde'],['Nouvelle-Aquitaine'],COM,{33},{75}
3c5a7900-4601-4f22-a131-1118136e3673,216403329,Commune de Lème (64),false,{64332},Commune,2026-03-24 14:42:06.665412+01,gold_establishments_2025,,,,21640332900016,2025,Collectivité Territoriale,Commune,['Pyrénées-Atlantiques'],['Nouvelle-Aquitaine'],COM,{64},{75}
8d9dfff1-c312-46af-a2db-6ba464f171ef,212802094,Commune de Lèves (28),false,{28209},Commune,2026-03-24 14:41:57.028721+01,gold_establishments_2025,,,,21280209400012,2025,Collectivité Territoriale,Commune,['Eure-et-Loir'],['Centre-Val de Loire'],COM,{28},{24}
daf388a1-f85c-49ba-9eca-acb2bd7f75eb,218004489,Commune de Léalvillers (80),false,{80470},Commune,2026-03-24 14:42:09.967209+01,gold_establishments_2025,,,,21800448900017,2025,Collectivité Territoriale,Commune,['Somme'],['Hauts-de-France'],COM,{80},{32}
bfb84d75-4d12-489c-9274-5aff28956876,211403589,Commune de Léaupartie (14),false,{14358},Commune,2026-03-24 14:41:54.362296+01,gold_establishments_2025,,,,21140358900016,2025,Collectivité Territoriale,Commune,['Calvados'],['Normandie'],COM,{14},{28}
d082d1d5-7c48-4f29-9430-339aa80c83a2,210102091,Commune de Léaz (01),false,{01209},Commune,2026-03-24 14:41:51.447482+01,gold_establishments_2025,,,,21010209100019,2025,Collectivité Territoriale,Commune,['Ain'],['Auvergne-Rhône-Alpes'],COM,{01},{84}
a6d11b44-72a2-48f7-b472-4d9ae955869a,216204941,Commune de Léchelle (62),false,{62494},Commune,2026-03-24 14:42:05.597325+01,gold_establishments_2025,,,,21620494100019,2025,Collectivité Territoriale,Commune,['Pas-de-Calais'],['Hauts-de-France'],COM,{62},{32}
16c68432-9d04-403b-b269-57ae3895f5ef,217702463,Commune de Léchelle (77),false,{77246},Commune,2026-03-24 14:42:09.43682+01,gold_establishments_2025,,,,21770246300019,2025,Collectivité Territoriale,Commune,['Seine-et-Marne'],['Île-de-France'],COM,{77},{11}
1a174b3a-0ed7-4c1a-9e4c-fea948f05671,215903360,Commune de Lécluse (59),false,{59336},Commune,2026-03-24 14:42:04.280096+01,gold_establishments_2025,,,,21590336000018,2025,Collectivité Territoriale,Commune,['Nord'],['Hauts-de-France'],COM,{59},{32}
c92aa186-cc1d-4291-ac4e-716410f72c25,213501505,Commune de Lécousse (35),false,{35150},Commune,2026-03-24 14:41:58.620411+01,gold_establishments_2025,,,,21350150500118,2025,Collectivité Territoriale,Commune,['Ille-et-Vilaine'],['Bretagne'],COM,{35},{53}
d1ba8a92-707f-4cad-a6d0-7b7397a0b0e3,213102890,Commune de Lécussan (31),false,{31289},Commune,2026-03-24 14:41:58.09424+01,gold_establishments_2025,,,,21310289000018,2025,Collectivité Territoriale,Commune,['Haute-Garonne'],['Occitanie'],COM,{31},{76}
28c3576c-4dcc-4435-b5e0-9d291282e2bb,218101418,Commune de Lédas-et-Penthiès (81),false,{81141},Commune,2026-03-24 14:42:09.967209+01,gold_establishments_2025,,,,21810141800018,2025,Collectivité Territoriale,Commune,['Tarn'],['Occitanie'],COM,{81},{76}
817915a4-4e4f-4cec-a561-bd476761a4e4,214701468,Commune de Lédat (47),false,{47146},Commune,2026-03-24 14:42:00.862623+01,gold_establishments_2025,,,,21470146800016,2025,Collectivité Territoriale,Commune,['Lot-et-Garonne'],['Nouvelle-Aquitaine'],COM,{47},{75}
94806814-e3e3-4d18-baad-ce2cd2207601,213001456,Commune de Lédenon (30),false,{30145},Commune,2026-03-24 14:41:57.56054+01,gold_establishments_2025,,,,21300145600010,2025,Collectivité Territoriale,Commune,['Gard'],['Occitanie'],COM,{30},{76}
b38e482e-63c9-409f-9c28-27f5692b1e7c,211201272,Commune de Lédergues (12),false,{12127},Commune,2026-03-24 14:41:53.63825+01,gold_establishments_2025,,,,21120127200013,2025,Collectivité Territoriale,Commune,['Aveyron'],['Occitanie'],COM,{12},{76}
3ca66d92-9c1b-4254-bb50-36a0551e4fab,213001464,Commune de Lédignan (30),false,{30146},Commune,2026-03-24 14:41:57.56054+01,gold_establishments_2025,,,,21300146400014,2025,Collectivité Territoriale,Commune,['Gard'],['Occitanie'],COM,{30},{76}
20476477-70ad-4d6f-9508-b01117a595b5,216405712,Commune de Lée (64),false,{64329},Commune,2026-03-24 14:42:06.665412+01,gold_establishments_2025,,,,21640571200011,2025,Collectivité Territoriale,Commune,['Pyrénées-Atlantiques'],['Nouvelle-Aquitaine'],COM,{64},{75}
385f3cc1-80eb-41be-aa01-97de30ca755b,216403303,Commune de Lées-Athas (64),false,{64330},Commune,2026-03-24 14:42:06.665412+01,gold_establishments_2025,,,,21640330300011,2025,Collectivité Territoriale,Commune,['Pyrénées-Atlantiques'],['Nouvelle-Aquitaine'],COM,{64},{75}
6acc9642-8d8c-4396-a1a8-b572f4f676bd,216003541,Commune de Léglantiers (60),false,{60357},Commune,2026-03-24 14:42:04.814328+01,gold_establishments_2025,,,,21600354100010,2025,Collectivité Territoriale,Commune,['Oise'],['Hauts-de-France'],COM,{60},{32}
e65c06b5-7d07-4804-9105-7a5c395afe7d,216901116,Commune de Légny (69),false,{69111},Commune,2026-03-24 14:42:07.195692+01,gold_establishments_2025,,,,21690111600014,2025,Collectivité Territoriale,Commune,['Rhône'],['Auvergne-Rhône-Alpes'],COM,{69},{84}
8ee65762-0e37-4ba1-a06f-7e9b1b891378,213102916,Commune de Léguevin (31),false,{31291},Commune,2026-03-24 14:41:58.09424+01,gold_establishments_2025,,,,21310291600011,2025,Collectivité Territoriale,Commune,['Haute-Garonne'],['Occitanie'],COM,{31},{76}
a3934180-52a5-4808-b739-fa97a4b4434d,212402366,Commune de Léguillac-de-l'Auche (24),false,{24236},Commune,2026-03-24 14:41:55.958138+01,gold_establishments_2025,,,,21240236600018,2025,Collectivité Territoriale,Commune,['Dordogne'],['Nouvelle-Aquitaine'],COM,{24},{75}
442c15f0-cddc-42d2-a737-2712cefcad7e,218802643,Commune de Légéville-et-Bonfays (88),false,{88264},Commune,2026-03-24 14:42:11.118516+01,gold_establishments_2025,,,,21880264300013,2025,Collectivité Territoriale,Commune,['Vosges'],['Grand Est'],COM,{88},{44}
c445c722-75ad-4a99-b591-c34a5d1f5927,210102109,Commune de Lélex (01),false,{01210},Commune,2026-03-24 14:41:51.447482+01,gold_establishments_2025,,,,21010210900019,2025,Collectivité Territoriale,Commune,['Ain'],['Auvergne-Rhône-Alpes'],COM,{01},{84}
62489b90-d193-4243-af16-36436e81ac0c,213701253,Commune de Lémeré (37),false,{37125},Commune,2026-03-24 14:41:59.160244+01,gold_establishments_2025,,,,21370125300014,2025,Collectivité Territoriale,Commune,['Indre-et-Loire'],['Centre-Val de Loire'],COM,{37},{24}
53a4c2bd-8a86-45a3-872c-f928c5af5854,215703943,Commune de Léning (57),false,{57394},Commune,2026-03-24 14:42:03.701372+01,gold_establishments_2025,,,,21570394300039,2025,Collectivité Territoriale,Commune,['Moselle'],['Grand Est'],COM,{57},{44}
01d97373-3d76-45b9-afe3-bdbae39d9f05,214601692,Commune de Léobard (46),false,{46169},Commune,2026-03-24 14:42:00.862623+01,gold_establishments_2025,,,,21460169200012,2025,Collectivité Territoriale,Commune,['Lot'],['Occitanie'],COM,{46},{76}
128612e7-1e5c-41fa-9f0a-23f07d9e4de4,213302375,Commune de Léogeats (33),false,{33237},Commune,2026-03-24 14:41:58.620411+01,gold_establishments_2025,,,,21330237500018,2025,Collectivité Territoriale,Commune,['Gironde'],['Nouvelle-Aquitaine'],COM,{33},{75}
022aec4d-085c-4250-bb2b-0d7bf1527e7e,213302383,Commune de Léognan (33),false,{33238},Commune,2026-03-24 14:41:58.620411+01,gold_establishments_2025,,,,21330238300079,2025,Collectivité Territoriale,Commune,['Gironde'],['Nouvelle-Aquitaine'],COM,{33},{75}
53c8d5d1-3728-40f3-8220-c996e12a1b2f,218200988,Commune de Léojac (82),false,{82098},Commune,2026-03-24 14:42:10.508772+01,gold_establishments_2025,,,,21820098800010,2025,Collectivité Territoriale,Commune,['Tarn-et-Garonne'],['Occitanie'],COM,{82},{76}
5cf9a242-21c8-4304-9244-6639e8a4d8b2,214001505,Commune de Léon (40),false,{40150},Commune,2026-03-24 14:41:59.705606+01,gold_establishments_2025,,,,21400150500012,2025,Collectivité Territoriale,Commune,['Landes'],['Nouvelle-Aquitaine'],COM,{40},{75}
9168a0bd-d138-4f66-a5c9-4a3019407bdd,212601637,Commune de Léoncel (26),false,{26163},Commune,2026-03-24 14:41:56.495197+01,gold_establishments_2025,,,,21260163700011,2025,Collectivité Territoriale,Commune,['Drôme'],['Auvergne-Rhône-Alpes'],COM,{26},{84}
744f05f2-97af-4260-b29d-ed573be27475,214301210,Commune de Léotoing (43),false,{43121},Commune,2026-03-24 14:42:00.273698+01,gold_establishments_2025,,,,21430121000016,2025,Collectivité Territoriale,Commune,['Haute-Loire'],['Auvergne-Rhône-Alpes'],COM,{43},{84}
ddcae5f0-4bcf-43ff-977b-977ad40c6a34,214501819,Commune de Léouville (45),false,{45181},Commune,2026-03-24 14:42:00.862623+01,gold_establishments_2025,,,,21450181900012,2025,Collectivité Territoriale,Commune,['Loiret'],['Centre-Val de Loire'],COM,{45},{24}
405c6988-ebbe-4424-8933-7a4a72f3dedb,211702048,Commune de Léoville (17),false,{17204},Commune,2026-03-24 14:41:54.903238+01,gold_establishments_2025,,,,21170204800011,2025,Collectivité Territoriale,Commune,['Charente-Maritime'],['Nouvelle-Aquitaine'],COM,{17},{75}
d80943c1-b1bf-4836-8871-77944f39087c,218802668,Commune de Lépanges-sur-Vologne (88),false,{88266},Commune,2026-03-24 14:42:11.118516+01,gold_establishments_2025,,,,21880266800077,2025,Collectivité Territoriale,Commune,['Vosges'],['Grand Est'],COM,{88},{44}
b8691235-cb9f-49fd-9992-3cc8b70664ee,212310601,Commune de Lépaud (23),false,{23106},Commune,2026-03-24 14:41:55.958138+01,gold_establishments_2025,,,,21231060100019,2025,Collectivité Territoriale,Commune,['Creuse'],['Nouvelle-Aquitaine'],COM,{23},{75}
181e706d-366a-45ba-8d04-9caa42d89c8a,217301456,Commune de Lépin-le-Lac (73),false,{73145},Commune,2026-03-24 14:42:08.279287+01,gold_establishments_2025,,,,21730145600018,2025,Collectivité Territoriale,Commune,['Savoie'],['Auvergne-Rhône-Alpes'],COM,{73},{84}
d565ebd8-53c7-4523-af2c-69c12007a7d2,212310700,Commune de Lépinas (23),false,{23107},Commune,2026-03-24 14:41:55.958138+01,gold_establishments_2025,,,,21231070000019,2025,Collectivité Territoriale,Commune,['Creuse'],['Nouvelle-Aquitaine'],COM,{23},{75}
b9addd77-62a3-493b-9af6-c58aa898cfc7,216204990,Commune de Lépine (62),false,{62499},Commune,2026-03-24 14:42:05.597325+01,gold_establishments_2025,,,,21620499000016,2025,Collectivité Territoriale,Commune,['Pas-de-Calais'],['Hauts-de-France'],COM,{62},{32}
d9881b99-4378-4d0c-b54d-bbc2cab8bd71,210802286,Commune de Lépron-les-Vallées (08),false,{08251},Commune,2026-03-24 14:41:53.095366+01,gold_establishments_2025,,,,21080228600018,2025,Collectivité Territoriale,Commune,['Ardennes'],['Grand Est'],COM,{08},{44}
9465827b-04b0-4cf2-9659-0785b992d756,210901617,Commune de Léran (09),false,{09161},Commune,2026-03-24 14:41:53.095366+01,gold_establishments_2025,,,,21090161700014,2025,Collectivité Territoriale,Commune,['Ariège'],['Occitanie'],COM,{09},{76}
8c5fba2c-d827-49e6-9f1a-725fab1895bc,216403345,Commune de Léren (64),false,{64334},Commune,2026-03-24 14:42:06.665412+01,gold_establishments_2025,,,,21640334500012,2025,Collectivité Territoriale,Commune,['Pyrénées-Atlantiques'],['Nouvelle-Aquitaine'],COM,{64},{75}
223d7d08-ced5-49b3-ae23-790a4f4bb271,214201212,Commune de Lérigneux (42),false,{42121},Commune,2026-03-24 14:42:00.273698+01,gold_establishments_2025,,,,21420121200013,2025,Collectivité Territoriale,Commune,['Loire'],['Auvergne-Rhône-Alpes'],COM,{42},{84}
6ab4bf9e-c775-4716-955b-bad4bac54813,215502881,Commune de Lérouville (55),false,{55288},Commune,2026-03-24 14:42:03.701372+01,gold_establishments_2025,,,,21550288100018,2025,Collectivité Territoriale,Commune,['Meuse'],['Grand Est'],COM,{55},{44}
b18514cc-126c-449e-8235-dd229ac1d1b8,212103451,Commune de Léry (21),false,{21345},Commune,2026-03-24 14:41:55.433389+01,gold_establishments_2025,,,,21210345100010,2025,Collectivité Territoriale,Commune,"[""Côte-d'Or""]",['Bourgogne-Franche-Comté'],COM,{21},{27}
d48edfb5-bc7d-4b43-ae5c-3fb7700836ea,212703656,Commune de Léry (27),false,{27365},Commune,2026-03-24 14:41:57.028721+01,gold_establishments_2025,,,,21270365600018,2025,Collectivité Territoriale,Commune,['Eure'],['Normandie'],COM,{27},{28}
a42f7d65-5455-41e4-adbc-e462641ce5cb,211801253,Commune de Léré (18),false,{18125},Commune,2026-03-24 14:41:54.903238+01,gold_establishments_2025,,,,21180125300017,2025,Collectivité Territoriale,Commune,['Cher'],['Centre-Val de Loire'],COM,{18},{24}
4f222630-2b77-41dc-a5ba-73a522fc745d,211601836,Commune de Lésignac-Durand (16),false,{16183},Commune,2026-03-24 14:41:54.362296+01,gold_establishments_2025,,,,21160183600011,2025,Collectivité Territoriale,Commune,['Charente'],['Nouvelle-Aquitaine'],COM,{16},{75}
6c521492-c636-4a29-bb76-646bc35ca3b7,217702497,Commune de Lésigny (77),false,{77249},Commune,2026-03-24 14:42:09.43682+01,gold_establishments_2025,,,,21770249700017,2025,Collectivité Territoriale,Commune,['Seine-et-Marne'],['Île-de-France'],COM,{77},{11}
9d3e12f5-145e-44cf-a976-30106fb30b4c,218601292,Commune de Lésigny (86),false,{86129},Commune,2026-03-24 14:42:10.508772+01,gold_establishments_2025,,,,21860129200012,2025,Collectivité Territoriale,Commune,['Vienne'],['Nouvelle-Aquitaine'],COM,{86},{75}
daeb8513-32e0-4ced-ab6d-02dd06a72e2b,210802294,Commune de Létanne (08),false,{08252},Commune,2026-03-24 14:41:53.095366+01,gold_establishments_2025,,,,21080229400012,2025,Collectivité Territoriale,Commune,['Ardennes'],['Grand Est'],COM,{08},{44}
c3f0c3c0-0cd5-4870-a85c-ab4de743b859,210301438,Commune de Lételon (03),false,{03143},Commune,2026-03-24 14:41:52.020251+01,gold_establishments_2025,,,,21030143800011,2025,Collectivité Territoriale,Commune,['Allier'],['Auvergne-Rhône-Alpes'],COM,{03},{84}
7585be20-e636-42b2-8b37-b2174db0b53c,212802078,Commune de Léthuin (28),false,{28207},Commune,2026-03-24 14:41:57.028721+01,gold_establishments_2025,,,,21280207800015,2025,Collectivité Territoriale,Commune,['Eure-et-Loir'],['Centre-Val de Loire'],COM,{28},{24}
3566365a-6dfb-48c0-b7e9-666a3dcdcdb4,216901132,Commune de Létra (69),false,{69113},Commune,2026-03-24 14:42:07.195692+01,gold_establishments_2025,,,,21690113200011,2025,Collectivité Territoriale,Commune,['Rhône'],['Auvergne-Rhône-Alpes'],COM,{69},{84}
78115ac6-9f75-44b1-8c3c-23c47ddd1113,215403130,Commune de Létricourt (54),false,{54313},Commune,2026-03-24 14:42:02.957225+01,gold_establishments_2025,,,,21540313000010,2025,Collectivité Territoriale,Commune,['Meurthe-et-Moselle'],['Grand Est'],COM,{54},{44}
520a662e-2e3e-413c-ae5a-a7f32f5894b2,213102973,Commune de Lévignac (31),false,{31297},Commune,2026-03-24 14:41:58.09424+01,gold_establishments_2025,,,,21310297300012,2025,Collectivité Territoriale,Commune,['Haute-Garonne'],['Occitanie'],COM,{31},{76}
ae6fbe49-23f1-4afc-886c-2ce921f7cc04,214701476,Commune de Lévignac-de-Guyenne (47),false,{47147},Commune,2026-03-24 14:42:00.862623+01,gold_establishments_2025,,,,21470147600019,2025,Collectivité Territoriale,Commune,['Lot-et-Garonne'],['Nouvelle-Aquitaine'],COM,{47},{75}
16da7e7f-6073-46d5-a28a-f2b95c214ed8,214001547,Commune de Lévignacq (40),false,{40154},Commune,2026-03-24 14:41:59.705606+01,gold_establishments_2025,,,,21400154700014,2025,Collectivité Territoriale,Commune,['Landes'],['Nouvelle-Aquitaine'],COM,{40},{75}
76eddba9-85a3-4d26-bc23-7c429ab26a1d,216003558,Commune de Lévignen (60),false,{60358},Commune,2026-03-24 14:42:04.814328+01,gold_establishments_2025,,,,21600355800014,2025,Collectivité Territoriale,Commune,['Oise'],['Hauts-de-France'],COM,{60},{32}
21540128-52f3-4780-9a4d-5f46a28fde0c,211001870,Commune de Lévigny (10),false,{10194},Commune,2026-03-24 14:41:53.095366+01,gold_establishments_2025,,,,21100187000016,2025,Collectivité Territoriale,Commune,['Aube'],['Grand Est'],COM,{10},{44}
5e840df7-0097-4911-8280-580beae61d57,217803345,Commune de Lévis-Saint-Nom (78),false,{78334},Commune,2026-03-24 14:42:09.43682+01,gold_establishments_2025,,,,21780334500016,2025,Collectivité Territoriale,Commune,['Yvelines'],['Île-de-France'],COM,{78},{11}
81b4de80-703a-44eb-a90c-aaa9e8166213,213001472,Commune de Lézan (30),false,{30147},Commune,2026-03-24 14:41:57.56054+01,gold_establishments_2025,,,,21300147200017,2025,Collectivité Territoriale,Commune,['Gard'],['Occitanie'],COM,{30},{76}
5e7eeddb-725e-4ad8-ae69-a7c72bfd85f9,212201271,Commune de Lézardrieux (22),false,{22127},Commune,2026-03-24 14:41:55.433389+01,gold_establishments_2025,,,,21220127100013,2025,Collectivité Territoriale,Commune,"[""Côtes-d'Armor""]",['Bretagne'],COM,{22},{53}
435017f4-7cab-45c7-a80b-442e1a8a2e66,210901674,Commune de Lézat-sur-Lèze (09),false,{09167},Commune,2026-03-24 14:41:53.095366+01,gold_establishments_2025,,,,21090167400015,2025,Collectivité Territoriale,Commune,['Ariège'],['Occitanie'],COM,{09},{76}
20017006-7448-4db4-87d5-eb14c4550614,216502716,Commune de Lézignan (65),false,{65271},Commune,2026-03-24 14:42:06.665412+01,gold_establishments_2025,,,,21650271600014,2025,Collectivité Territoriale,Commune,['Hautes-Pyrénées'],['Occitanie'],COM,{65},{76}
9c9a6c8c-5b16-4492-b764-493b3f022d31,211102033,Commune de Lézignan-Corbières (11),false,{11203},Commune,2026-03-24 14:41:53.63825+01,gold_establishments_2025,,,,21110203300019,2025,Collectivité Territoriale,Commune,['Aude'],['Occitanie'],COM,{11},{76}
4c753f9d-1bb3-4f17-a5b1-320dff0b6cd7,213401367,Commune de Lézignan-la-Cèbe (34),false,{34136},Commune,2026-03-24 14:41:58.620411+01,gold_establishments_2025,,,,21340136700015,2025,Collectivité Territoriale,Commune,['Hérault'],['Occitanie'],COM,{34},{76}
28c9a5c9-a7f6-42cd-b427-ac12fbbda5d6,214201220,Commune de Lézigneux (42),false,{42122},Commune,2026-03-24 14:42:00.273698+01,gold_establishments_2025,,,,21420122000016,2025,Collectivité Territoriale,Commune,['Loire'],['Auvergne-Rhône-Alpes'],COM,{42},{84}
e78d2b39-ade4-4b08-bce9-035a80a107aa,218902237,Commune de Lézinnes (89),false,{89223},Commune,2026-03-24 14:42:11.118516+01,gold_establishments_2025,,,,21890223700013,2025,Collectivité Territoriale,Commune,['Yonne'],['Bourgogne-Franche-Comté'],COM,{89},{27}
eefcfa8d-6204-4706-afb4-30391eb1cbaa,214001638,Commune de Lüe (40),false,{40163},Commune,2026-03-24 14:41:59.705606+01,gold_establishments_2025,,,,21400163800011,2025,Collectivité Territoriale,Commune,['Landes'],['Nouvelle-Aquitaine'],COM,{40},{75}
da34c155-f682-47f1-a1a5-a58184776a2d,217003052,Commune de Lœuilley (70),false,{70305},Commune,2026-03-24 14:42:07.735343+01,gold_establishments_2025,,,,21700305200016,2025,Collectivité Territoriale,Commune,['Haute-Saône'],['Bourgogne-Franche-Comté'],COM,{70},{27}
899023cb-4705-42ec-8673-03020c0af2c3,200008829,Commune de M'Tsangamouji (976),false,{97613},Commune,2026-03-24 14:42:11.659493+01,gold_establishments_2025,,,,20000882900018,2025,Collectivité Territoriale,Commune,['Mayotte'],['Mayotte'],COM,{976},{06}
a45854bf-2736-459f-aad3-6e252e4b1bc1,210204244,Commune de Maast-et-Violaine (02),false,{02447},Commune,2026-03-24 14:41:52.020251+01,gold_establishments_2025,,,,21020424400011,2025,Collectivité Territoriale,Commune,['Aisne'],['Hauts-de-France'],COM,{02},{32}
c49acc77-a133-4e60-9a44-173538750a62,214201279,Commune de Mably (42),false,{42127},Commune,2026-03-24 14:42:00.273698+01,gold_establishments_2025,,,,21420127900012,2025,Collectivité Territoriale,Commune,['Loire'],['Auvergne-Rhône-Alpes'],COM,{42},{84}
4c9d0c46-abe1-4a83-8607-489d7def8442,213302623,Commune de Macau (33),false,{33262},Commune,2026-03-24 14:41:58.620411+01,gold_establishments_2025,,,,21330262300011,2025,Collectivité Territoriale,Commune,['Gironde'],['Nouvelle-Aquitaine'],COM,{33},{75}
7fc2e51d-f405-4767-89d1-2de6b71a2bdc,216403642,Commune de Macaye (64),false,{64364},Commune,2026-03-24 14:42:06.665412+01,gold_establishments_2025,,,,21640364200012,2025,Collectivité Territoriale,Commune,['Pyrénées-Atlantiques'],['Nouvelle-Aquitaine'],COM,{64},{75}
1785a5d6-ce28-43ab-88e5-029759a9ee49,211002043,Commune de Macey (10),false,{10211},Commune,2026-03-24 14:41:53.095366+01,gold_establishments_2025,,,,21100204300019,2025,Collectivité Territoriale,Commune,['Aube'],['Grand Est'],COM,{10},{44}
a540bd53-58f1-437c-869e-9fc651509f2e,210802393,Commune de Machault (08),false,{08264},Commune,2026-03-24 14:41:53.095366+01,gold_establishments_2025,,,,21080239300012,2025,Collectivité Territoriale,Commune,['Ardennes'],['Grand Est'],COM,{08},{44}
5902572e-bc01-4480-a7b6-7f502eda0bd4,217702661,Commune de Machault (77),false,{77266},Commune,2026-03-24 14:42:09.43682+01,gold_establishments_2025,,,,21770266100018,2025,Collectivité Territoriale,Commune,['Seine-et-Marne'],['Île-de-France'],COM,{77},{11}
95274066-c81a-4292-8b4e-8778f8c66e55,200056455,Commune de Machecoul-Saint-Même (44),false,{44087},Commune,2026-03-24 14:42:00.273698+01,gold_establishments_2025,,,,20005645500013,2025,Collectivité Territoriale,Commune,['Loire-Atlantique'],['Pays de la Loire'],COM,{44},{52}
2bb2b76b-ca60-4351-aeed-72a984c1a7ba,216003707,Commune de Machemont (60),false,{60373},Commune,2026-03-24 14:42:04.814328+01,gold_establishments_2025,,,,21600370700017,2025,Collectivité Territoriale,Commune,['Oise'],['Hauts-de-France'],COM,{60},{32}
0fff7163-b9e2-4348-9566-0da4f977aabd,215704289,Commune de Macheren (57),false,{57428},Commune,2026-03-24 14:42:03.701372+01,gold_establishments_2025,,,,21570428900010,2025,Collectivité Territoriale,Commune,['Moselle'],['Grand Est'],COM,{57},{44}
af72d5f3-601b-440a-a8f2-49cbbba52657,218004711,Commune de Machiel (80),false,{80496},Commune,2026-03-24 14:42:09.967209+01,gold_establishments_2025,,,,21800471100014,2025,Collectivité Territoriale,Commune,['Somme'],['Hauts-de-France'],COM,{80},{32}
4b842ce9-5bff-4e4a-90e7-b7dc2300978c,217401587,Commune de Machilly (74),false,{74158},Commune,2026-03-24 14:42:08.279287+01,gold_establishments_2025,,,,21740158700019,2025,Collectivité Territoriale,Commune,['Haute-Savoie'],['Auvergne-Rhône-Alpes'],COM,{74},{84}
15872633-1baa-4eb2-b333-c08d398c9de4,211002050,Commune de Machy (10),false,{10212},Commune,2026-03-24 14:41:53.095366+01,gold_establishments_2025,,,,21100205000014,2025,Collectivité Territoriale,Commune,['Aube'],['Grand Est'],COM,{10},{44}
b74e7db4-1e50-4fa6-a0d4-b6c6ed177e66,218004729,Commune de Machy (80),false,{80497},Commune,2026-03-24 14:42:09.967209+01,gold_establishments_2025,,,,21800472900016,2025,Collectivité Territoriale,Commune,['Somme'],['Hauts-de-France'],COM,{80},{32}
0571ed4b-3ad9-4410-a171-5bca0a4c4db9,218501302,Commune de Maché (85),false,{85130},Commune,2026-03-24 14:42:10.508772+01,gold_establishments_2025,,,,21850130200010,2025,Collectivité Territoriale,Commune,['Vendée'],['Pays de la Loire'],COM,{85},{52}
ed784291-4f7a-41b0-91bc-0fa704570b7b,214201287,Commune de Machézal (42),false,{42128},Commune,2026-03-24 14:42:00.273698+01,gold_establishments_2025,,,,21420128700015,2025,Collectivité Territoriale,Commune,['Loire'],['Auvergne-Rhône-Alpes'],COM,{42},{84}
ee15c701-ecbb-46eb-b668-96576d40b616,216702779,Commune de Mackenheim (67),false,{67277},Commune,2026-03-24 14:42:07.195692+01,gold_establishments_2025,,,,21670277900010,2025,Collectivité Territoriale,Commune,['Bas-Rhin'],['Grand Est'],COM,{67},{44}
63e881c6-7802-460f-8e8b-3cf5bd9807ac,216702787,Commune de Mackwiller (67),false,{67278},Commune,2026-03-24 14:42:07.195692+01,gold_establishments_2025,,,,21670278700013,2025,Collectivité Territoriale,Commune,['Bas-Rhin'],['Grand Est'],COM,{67},{44}
c599320c-ee1f-4114-9c5d-768167bff751,214201295,Commune de Maclas (42),false,{42129},Commune,2026-03-24 14:42:00.273698+01,gold_establishments_2025,,,,21420129500018,2025,Collectivité Territoriale,Commune,['Loire'],['Auvergne-Rhône-Alpes'],COM,{42},{84}
e4732338-53cd-4a1e-a007-cce9e044d65e,210204269,Commune de Macogny (02),false,{02449},Commune,2026-03-24 14:41:52.020251+01,gold_establishments_2025,,,,21020426900018,2025,Collectivité Territoriale,Commune,['Aisne'],['Hauts-de-France'],COM,{02},{32}
ddf4e454-9188-4aa8-a990-8654a864b07b,218802783,Commune de Maconcourt (88),false,{88278},Commune,2026-03-24 14:42:11.118516+01,gold_establishments_2025,,,,21880278300017,2025,Collectivité Territoriale,Commune,['Vosges'],['Grand Est'],COM,{88},{44}
3f39d8f7-ac0f-492b-b6a6-e77dc5563acb,212103626,Commune de Maconge (21),false,{21362},Commune,2026-03-24 14:41:55.433389+01,gold_establishments_2025,,,,21210362600017,2025,Collectivité Territoriale,Commune,"[""Côte-d'Or""]",['Bourgogne-Franche-Comté'],COM,{21},{27}
b947234b-9654-46b8-a3ce-8711d953b3d3,213903065,Commune de Macornay (39),false,{39306},Commune,2026-03-24 14:41:59.705606+01,gold_establishments_2025,,,,21390306500018,2025,Collectivité Territoriale,Commune,['Jura'],['Bourgogne-Franche-Comté'],COM,{39},{27}
38b3d42c-315d-4010-8255-c65f9e412c4b,219722154,Commune de Macouba (972),false,{97215},Commune,2026-03-24 14:42:11.659493+01,gold_establishments_2025,,,,21972215400016,2025,Collectivité Territoriale,Commune,['Martinique'],['Martinique'],COM,{972},{02}
a589a74c-f47e-493c-9dca-7bc929cc2025,219733052,Commune de Macouria (973),false,{97305},Commune,2026-03-24 14:42:11.659493+01,gold_establishments_2025,,,,21973305200019,2025,Collectivité Territoriale,Commune,['Guyane'],['Guyane'],COM,{973},{03}
9af2ac77-ad48-49f7-b962-6d67267180e4,211702170,Commune de Macqueville (17),false,{17217},Commune,2026-03-24 14:41:54.903238+01,gold_establishments_2025,,,,21170217000013,2025,Collectivité Territoriale,Commune,['Charente-Maritime'],['Nouvelle-Aquitaine'],COM,{17},{75}
454b487e-5497-4f23-bdc3-22d0fa2682de,210204277,Commune de Macquigny (02),false,{02450},Commune,2026-03-24 14:41:52.020251+01,gold_establishments_2025,,,,21020427700011,2025,Collectivité Territoriale,Commune,['Aisne'],['Hauts-de-France'],COM,{02},{32}
ca5bb546-2413-48ff-8bf8-eafb0aef5ab8,216102400,Commune de Macé (61),false,{61240},Commune,2026-03-24 14:42:05.597325+01,gold_establishments_2025,,,,21610240000019,2025,Collectivité Territoriale,Commune,['Orne'],['Normandie'],COM,{61},{28}
9c7db1f1-7ffd-46a1-8185-28c5a73c4102,214701559,Commune de Madaillan (47),false,{47155},Commune,2026-03-24 14:42:00.862623+01,gold_establishments_2025,,,,21470155900012,2025,Collectivité Territoriale,Commune,['Lot-et-Garonne'],['Nouvelle-Aquitaine'],COM,{47},{75}
ef92dc5a-ff10-419a-8c22-a69726f4fa97,218802791,Commune de Madecourt (88),false,{88279},Commune,2026-03-24 14:42:11.118516+01,gold_establishments_2025,,,,21880279100010,2025,Collectivité Territoriale,Commune,['Vosges'],['Grand Est'],COM,{88},{44}
c8b05807-1bad-4c75-b55a-597a6a79a7c5,218802809,Commune de Madegney (88),false,{88280},Commune,2026-03-24 14:42:11.118516+01,gold_establishments_2025,,,,21880280900010,2025,Collectivité Territoriale,Commune,['Vosges'],['Grand Est'],COM,{88},{44}
fa3a6ade-f909-4923-bf0d-acf4068adf93,211501119,Commune de Madic (15),false,{15111},Commune,2026-03-24 14:41:54.362296+01,gold_establishments_2025,,,,21150111900013,2025,Collectivité Territoriale,Commune,['Cantal'],['Auvergne-Rhône-Alpes'],COM,{15},{84}
a32e0870-54d5-4911-9cdf-81dc4fa15665,213302631,Commune de Madirac (33),false,{33263},Commune,2026-03-24 14:41:58.620411+01,gold_establishments_2025,,,,21330263100014,2025,Collectivité Territoriale,Commune,['Gironde'],['Nouvelle-Aquitaine'],COM,{33},{75}
731bdd85-f85c-4925-a266-4e4062ff5ade,216502963,Commune de Madiran (65),false,{65296},Commune,2026-03-24 14:42:06.665412+01,gold_establishments_2025,,,,21650296300012,2025,Collectivité Territoriale,Commune,['Hautes-Pyrénées'],['Occitanie'],COM,{65},{76}
6f6e5017-36b6-4e0d-8fb3-40d7ddfe7934,210901773,Commune de Madière (09),false,{09177},Commune,2026-03-24 14:41:53.095366+01,gold_establishments_2025,,,,21090177300015,2025,Collectivité Territoriale,Commune,['Ariège'],['Occitanie'],COM,{09},{76}
ec3e5cb8-a9c5-4f45-95de-a4689c3a04cd,218802817,Commune de Madonne-et-Lamerey (88),false,{88281},Commune,2026-03-24 14:42:11.118516+01,gold_establishments_2025,,,,21880281700013,2025,Collectivité Territoriale,Commune,['Vosges'],['Grand Est'],COM,{88},{44}
e3a3e2e9-a67d-43a0-9a65-796c913a3176,211912209,Commune de Madranges (19),false,{19122},Commune,2026-03-24 14:41:54.903238+01,gold_establishments_2025,,,,21191220900015,2025,Collectivité Territoriale,Commune,['Corrèze'],['Nouvelle-Aquitaine'],COM,{19},{75}
13341900-2c0c-423f-989d-2ceda8a9571e,216302026,Commune de Madriat (63),false,{63202},Commune,2026-03-24 14:42:06.130387+01,gold_establishments_2025,,,,21630202600010,2025,Collectivité Territoriale,Commune,['Puy-de-Dôme'],['Auvergne-Rhône-Alpes'],COM,{63},{84}
10f8f9dc-9e3d-407b-aeb8-856f83c7eacd,215301425,Commune de Madré (53),false,{53142},Commune,2026-03-24 14:42:02.957225+01,gold_establishments_2025,,,,21530142500017,2025,Collectivité Territoriale,Commune,['Mayenne'],['Pays de la Loire'],COM,{53},{52}
776f5cc1-5d1f-48e3-977d-db922ce4b9e2,200064517,Commune de Maen Roch (35),false,{35257},Commune,2026-03-24 14:41:59.160244+01,gold_establishments_2025,,,,20006451700010,2025,Collectivité Territoriale,Commune,['Ille-et-Vilaine'],['Bretagne'],COM,{35},{53}
767aa504-4b42-42cc-99d3-2d836559e578,216702795,Commune de Maennolsheim (67),false,{67279},Commune,2026-03-24 14:42:07.195692+01,gold_establishments_2025,,,,21670279500016,2025,Collectivité Territoriale,Commune,['Bas-Rhin'],['Grand Est'],COM,{67},{44}
5112112b-df0a-44eb-a89c-9a1309d90b0f,219503539,Commune de Maffliers (95),false,{95353},Commune,2026-03-24 14:42:11.659493+01,gold_establishments_2025,,,,21950353900013,2025,Collectivité Territoriale,Commune,"[""Val-d'Oise""]",['Île-de-France'],COM,{95},{11}
9e6132ef-30ba-4fb3-90d5-d51f8e88f7cc,215103128,Commune de Maffrécourt (51),false,{51336},Commune,2026-03-24 14:42:01.954481+01,gold_establishments_2025,,,,21510312800017,2025,Collectivité Territoriale,Commune,['Marne'],['Grand Est'],COM,{51},{44}
f06af7f1-43f5-46bb-a7cd-22b253e55e5d,213401474,Commune de Magalas (34),false,{34147},Commune,2026-03-24 14:41:58.620411+01,gold_establishments_2025,,,,21340147400019,2025,Collectivité Territoriale,Commune,['Hérault'],['Occitanie'],COM,{34},{76}
4fe9629f-54ce-4ca7-bbc4-1e7c4fd32b79,215106147,Commune de Magenta (51),false,{51663},Commune,2026-03-24 14:42:01.954481+01,gold_establishments_2025,,,,21510614700014,2025,Collectivité Territoriale,Commune,['Marne'],['Grand Est'],COM,{51},{44}
75e276e1-2948-4f3c-b160-9091e5d6a1be,214001687,Commune de Magescq (40),false,{40168},Commune,2026-03-24 14:41:59.705606+01,gold_establishments_2025,,,,21400168700018,2025,Collectivité Territoriale,Commune,['Landes'],['Nouvelle-Aquitaine'],COM,{40},{75}
f20113e6-a54b-4635-8493-58b3d02615a5,217401595,Commune de Magland (74),false,{74159},Commune,2026-03-24 14:42:08.279287+01,gold_establishments_2025,,,,21740159500012,2025,Collectivité Territoriale,Commune,['Haute-Savoie'],['Auvergne-Rhône-Alpes'],COM,{74},{84}
4671948d-3ad3-4747-b1ff-20af9770f573,218708808,Commune de Magnac-Bourg (87),false,{87088},Commune,2026-03-24 14:42:11.118516+01,gold_establishments_2025,,,,21870880800017,2025,Collectivité Territoriale,Commune,['Haute-Vienne'],['Nouvelle-Aquitaine'],COM,{87},{75}
14a73535-98ca-420c-9bba-807a5043f030,218708907,Commune de Magnac-Laval (87),false,{87089},Commune,2026-03-24 14:42:11.118516+01,gold_establishments_2025,,,,21870890700017,2025,Collectivité Territoriale,Commune,['Haute-Vienne'],['Nouvelle-Aquitaine'],COM,{87},{75}
8af7a3a7-fad5-4675-85a4-348b56657f26,211601984,Commune de Magnac-lès-Gardes (16),false,{16198},Commune,2026-03-24 14:41:54.362296+01,gold_establishments_2025,,,,21160198400019,2025,Collectivité Territoriale,Commune,['Charente'],['Nouvelle-Aquitaine'],COM,{16},{75}
ade38a33-c531-442a-9890-c6b3c42b78d8,211601992,Commune de Magnac-sur-Touvre (16),false,{16199},Commune,2026-03-24 14:41:54.362296+01,gold_establishments_2025,,,,21160199200012,2025,Collectivité Territoriale,Commune,['Charente'],['Nouvelle-Aquitaine'],COM,{16},{75}
7576011d-f199-4149-95dc-f7b38cf2be0c,213202229,Commune de Magnan (32),false,{32222},Commune,2026-03-24 14:41:58.09424+01,gold_establishments_2025,,,,21320222900018,2025,Collectivité Territoriale,Commune,['Gers'],['Occitanie'],COM,{32},{76}
ae3514cd-670a-470d-8acf-932d8c47d254,211002068,Commune de Magnant (10),false,{10213},Commune,2026-03-24 14:41:53.095366+01,gold_establishments_2025,,,,21100206800016,2025,Collectivité Territoriale,Commune,['Aube'],['Grand Est'],COM,{10},{44}
1971f26b-ba57-4160-ab10-7b0ee336bad6,217803543,Commune de Magnanville (78),false,{78354},Commune,2026-03-24 14:42:09.43682+01,gold_establishments_2025,,,,21780354300016,2025,Collectivité Territoriale,Commune,['Yvelines'],['Île-de-France'],COM,{78},{11}
a5b37ab2-0113-4447-bb88-6fd1cb3b982f,213202237,Commune de Magnas (32),false,{32223},Commune,2026-03-24 14:41:58.09424+01,gold_establishments_2025,,,,21320223700011,2025,Collectivité Territoriale,Commune,['Gers'],['Occitanie'],COM,{32},{76}
5c39a0a5-4364-4f07-8c40-f519ce42593b,212311500,Commune de Magnat-l'Étrange (23),false,{23115},Commune,2026-03-24 14:41:55.958138+01,gold_establishments_2025,,,,21231150000012,2025,Collectivité Territoriale,Commune,['Creuse'],['Nouvelle-Aquitaine'],COM,{23},{75}
75ca27e4-3f54-4787-9c28-4fcc85aa7528,210301578,Commune de Magnet (03),false,{03157},Commune,2026-03-24 14:41:52.020251+01,gold_establishments_2025,,,,21030157800014,2025,Collectivité Territoriale,Commune,['Allier'],['Auvergne-Rhône-Alpes'],COM,{03},{84}
8f821801-131e-43e9-b1d3-421560ac7b1b,215103136,Commune de Magneux (51),false,{51337},Commune,2026-03-24 14:42:01.954481+01,gold_establishments_2025,,,,21510313600010,2025,Collectivité Territoriale,Commune,['Marne'],['Grand Est'],COM,{51},{44}
8a6e0acc-0fa1-4346-85dd-8703923b2704,215202144,Commune de Magneux (52),false,{52300},Commune,2026-03-24 14:42:01.954481+01,gold_establishments_2025,,,,21520214400014,2025,Collectivité Territoriale,Commune,['Haute-Marne'],['Grand Est'],COM,{52},{44}
29e81bd8-dbc9-4c57-8dea-793a5d7f372a,214201303,Commune de Magneux-Haute-Rive (42),false,{42130},Commune,2026-03-24 14:42:00.273698+01,gold_establishments_2025,,,,21420130300010,2025,Collectivité Territoriale,Commune,['Loire'],['Auvergne-Rhône-Alpes'],COM,{42},{84}
3e4b381d-a365-4dd4-b3cb-74454227a65d,215002858,Commune de Magneville (50),false,{50285},Commune,2026-03-24 14:42:01.412377+01,gold_establishments_2025,,,,21500285800011,2025,Collectivité Territoriale,Commune,['Manche'],['Normandie'],COM,{50},{28}
6b6e2155-c651-4a50-b0fd-e5ac1058e804,211002076,Commune de Magnicourt (10),false,{10214},Commune,2026-03-24 14:41:53.095366+01,gold_establishments_2025,,,,21100207600019,2025,Collectivité Territoriale,Commune,['Aube'],['Grand Est'],COM,{10},{44}
43625598-7cad-4c57-b9c9-c06010182700,216205369,Commune de Magnicourt-en-Comte (62),false,{62536},Commune,2026-03-24 14:42:05.597325+01,gold_establishments_2025,,,,21620536900012,2025,Collectivité Territoriale,Commune,['Pas-de-Calais'],['Hauts-de-France'],COM,{62},{32}
1a86b357-9598-4acd-b2c5-b2f6a02eb744,216205377,Commune de Magnicourt-sur-Canche (62),false,{62537},Commune,2026-03-24 14:42:05.597325+01,gold_establishments_2025,,,,21620537700015,2025,Collectivité Territoriale,Commune,['Pas-de-Calais'],['Hauts-de-France'],COM,{62},{32}
23ef786e-2574-4b22-aa4a-62119cc2f528,212103634,Commune de Magnien (21),false,{21363},Commune,2026-03-24 14:41:55.433389+01,gold_establishments_2025,,,,21210363400011,2025,Collectivité Territoriale,Commune,"[""Côte-d'Or""]",['Bourgogne-Franche-Comté'],COM,{21},{27}
3547db5f-6714-439f-a9b6-e3d71ca365bb,200084978,Commune de Magnieu (01),false,{01227},Commune,2026-03-24 14:41:51.447482+01,gold_establishments_2025,,,,20008497800010,2025,Collectivité Territoriale,Commune,['Ain'],['Auvergne-Rhône-Alpes'],COM,{01},{84}
aa942313-7a1e-4603-94ac-f0807051db83,217003144,Commune de Magnivray (70),false,{70314},Commune,2026-03-24 14:42:07.735343+01,gold_establishments_2025,,,,21700314400011,2025,Collectivité Territoriale,Commune,['Haute-Saône'],['Bourgogne-Franche-Comté'],COM,{70},{27}
a6a6691f-5cd0-44fb-812b-c44c978a0406,215403312,Commune de Magnières (54),false,{54331},Commune,2026-03-24 14:42:02.957225+01,gold_establishments_2025,,,,21540331200014,2025,Collectivité Territoriale,Commune,['Meurthe-et-Moselle'],['Grand Est'],COM,{54},{44}
3b803afb-3786-4cc4-a14e-a6e8fab773cd,217003151,Commune de Magnoncourt (70),false,{70315},Commune,2026-03-24 14:42:07.735343+01,gold_establishments_2025,,,,21700315100016,2025,Collectivité Territoriale,Commune,['Haute-Saône'],['Bourgogne-Franche-Comté'],COM,{70},{27}
fbec1327-c147-484b-9eb6-c9b1a892dab2,212802250,Commune de Magny (28),false,{28225},Commune,2026-03-24 14:41:57.028721+01,gold_establishments_2025,,,,21280225000051,2025,Collectivité Territoriale,Commune,['Eure-et-Loir'],['Centre-Val de Loire'],COM,{28},{24}
fe0de389-51e6-409a-a965-fdc912df8166,216801969,Commune de Magny (68),false,{68196},Commune,2026-03-24 14:42:07.195692+01,gold_establishments_2025,,,,21680196900017,2025,Collectivité Territoriale,Commune,['Haut-Rhin'],['Grand Est'],COM,{68},{44}
4095c3ec-f66f-4c68-bcbc-3bd37fe511b1,218902351,Commune de Magny (89),false,{89235},Commune,2026-03-24 14:42:11.118516+01,gold_establishments_2025,,,,21890235100012,2025,Collectivité Territoriale,Commune,['Yonne'],['Bourgogne-Franche-Comté'],COM,{89},{27}
01040d4c-87ee-4307-bb54-6c42a9b3287c,212503551,Commune de Magny-Châtelard (25),false,{25355},Commune,2026-03-24 14:41:56.495197+01,gold_establishments_2025,,,,21250355100013,2025,Collectivité Territoriale,Commune,['Doubs'],['Bourgogne-Franche-Comté'],COM,{25},{27}
77f92935-a341-491b-9a8f-67758687f42e,215801523,Commune de Magny-Cours (58),false,{58152},Commune,2026-03-24 14:42:04.280096+01,gold_establishments_2025,,,,21580152300014,2025,Collectivité Territoriale,Commune,['Nièvre'],['Bourgogne-Franche-Comté'],COM,{58},{27}
059dc3a6-20a0-4ddc-8691-e0c1d2d63b1a,217003185,Commune de Magny-Danigon (70),false,{70318},Commune,2026-03-24 14:42:07.735343+01,gold_establishments_2025,,,,21700318500014,2025,Collectivité Territoriale,Commune,['Haute-Saône'],['Bourgogne-Franche-Comté'],COM,{70},{27}
a891bea4-16f6-4997-897d-33b2c7d7aff6,211002084,Commune de Magny-Fouchard (10),false,{10215},Commune,2026-03-24 14:41:53.095366+01,gold_establishments_2025,,,,21100208400013,2025,Collectivité Territoriale,Commune,['Aube'],['Grand Est'],COM,{10},{44}
f18fe749-3177-4b20-b2ea-b96034277593,217003193,Commune de Magny-Jobert (70),false,{70319},Commune,2026-03-24 14:42:07.735343+01,gold_establishments_2025,,,,21700319300018,2025,Collectivité Territoriale,Commune,['Haute-Saône'],['Bourgogne-Franche-Comté'],COM,{70},{27}
e7dedb92-3bbb-4443-869d-566746c1321a,212103642,Commune de Magny-Lambert (21),false,{21364},Commune,2026-03-24 14:41:55.433389+01,gold_establishments_2025,,,,21210364200014,2025,Collectivité Territoriale,Commune,"[""Côte-d'Or""]",['Bourgogne-Franche-Comté'],COM,{21},{27}
6e6c24d5-34fc-48ba-ac23-3b5b042e89ca,215801531,Commune de Magny-Lormes (58),false,{58153},Commune,2026-03-24 14:42:04.280096+01,gold_establishments_2025,,,,21580153100017,2025,Collectivité Territoriale,Commune,['Nièvre'],['Bourgogne-Franche-Comté'],COM,{58},{27}
42f89480-3cea-492e-8a31-416ef4cff60f,212103675,Commune de Magny-Montarlot (21),false,{21367},Commune,2026-03-24 14:41:55.433389+01,gold_establishments_2025,,,,21210367500014,2025,Collectivité Territoriale,Commune,"[""Côte-d'Or""]",['Bourgogne-Franche-Comté'],COM,{21},{27}
7f5aafb9-21f0-46a9-9012-64623a4ca165,212103691,Commune de Magny-Saint-Médard (21),false,{21369},Commune,2026-03-24 14:41:55.433389+01,gold_establishments_2025,,,,21210369100011,2025,Collectivité Territoriale,Commune,"[""Côte-d'Or""]",['Bourgogne-Franche-Comté'],COM,{21},{27}
68326667-5e72-4ee7-a6cd-0f8346c30188,217003219,Commune de Magny-Vernois (70),false,{70321},Commune,2026-03-24 14:42:07.735343+01,gold_establishments_2025,,,,21700321900011,2025,Collectivité Territoriale,Commune,['Haute-Saône'],['Bourgogne-Franche-Comté'],COM,{70},{27}
3de42102-9f50-4e4e-a927-a57b2fd29c62,211403852,Commune de Magny-en-Bessin (14),false,{14385},Commune,2026-03-24 14:41:54.362296+01,gold_establishments_2025,,,,21140385200018,2025,Collectivité Territoriale,Commune,['Calvados'],['Normandie'],COM,{14},{28}
0006c8ed-733c-4bac-a9a8-99595fe2b456,219503554,Commune de Magny-en-Vexin (95),false,{95355},Commune,2026-03-24 14:42:11.659493+01,gold_establishments_2025,,,,21950355400012,2025,Collectivité Territoriale,Commune,"[""Val-d'Oise""]",['Île-de-France'],COM,{95},{11}
21d9a9e2-bbd5-403e-8d49-88a02088ecac,210204293,Commune de Magny-la-Fosse (02),false,{02451},Commune,2026-03-24 14:41:52.020251+01,gold_establishments_2025,,,,21020429300018,2025,Collectivité Territoriale,Commune,['Aisne'],['Hauts-de-France'],COM,{02},{32}
a0f483cc-2652-49da-964c-e49972a14137,212103659,Commune de Magny-la-Ville (21),false,{21365},Commune,2026-03-24 14:41:55.433389+01,gold_establishments_2025,,,,21210365900018,2025,Collectivité Territoriale,Commune,"[""Côte-d'Or""]",['Bourgogne-Franche-Comté'],COM,{21},{27}
3a8b4292-25cb-40d8-bcf8-af5bd0f67e46,216102434,Commune de Magny-le-Désert (61),false,{61243},Commune,2026-03-24 14:42:05.597325+01,gold_establishments_2025,,,,21610243400018,2025,Collectivité Territoriale,Commune,['Orne'],['Normandie'],COM,{61},{28}
ae2e3573-fd65-4ca6-aef0-988d0dce5bc0,217702687,Commune de Magny-le-Hongre (77),false,{77268},Commune,2026-03-24 14:42:09.43682+01,gold_establishments_2025,,,,21770268700013,2025,Collectivité Territoriale,Commune,['Seine-et-Marne'],['Île-de-France'],COM,{77},{11}
9bfd76aa-cc1a-429d-b91e-9cf2f120e686,217803568,Commune de Magny-les-Hameaux (78),false,{78356},Commune,2026-03-24 14:42:09.43682+01,gold_establishments_2025,,,,21780356800187,2025,Collectivité Territoriale,Commune,['Yvelines'],['Île-de-France'],COM,{78},{11}
cf4dfadf-716c-4140-95b5-8d0277adddc2,212103667,Commune de Magny-lès-Aubigny (21),false,{21366},Commune,2026-03-24 14:41:55.433389+01,gold_establishments_2025,,,,21210366700011,2025,Collectivité Territoriale,Commune,"[""Côte-d'Or""]",['Bourgogne-Franche-Comté'],COM,{21},{27}
ed8b9d33-aa8f-48fb-a7c9-62f52dda9cc4,217003201,Commune de Magny-lès-Jussey (70),false,{70320},Commune,2026-03-24 14:42:07.735343+01,gold_establishments_2025,,,,21700320100019,2025,Collectivité Territoriale,Commune,['Haute-Saône'],['Bourgogne-Franche-Comté'],COM,{70},{27}
8b8be6b5-36aa-4942-a540-387dee7803ec,212103683,Commune de Magny-lès-Villers (21),false,{21368},Commune,2026-03-24 14:41:55.433389+01,gold_establishments_2025,,,,21210368300018,2025,Collectivité Territoriale,Commune,"[""Côte-d'Or""]",['Bourgogne-Franche-Comté'],COM,{21},{27}
1262e00a-67d9-45d3-83e0-463c1fcc4270,212103709,Commune de Magny-sur-Tille (21),false,{21370},Commune,2026-03-24 14:41:55.433389+01,gold_establishments_2025,,,,21210370900011,2025,Collectivité Territoriale,Commune,"[""Côte-d'Or""]",['Bourgogne-Franche-Comté'],COM,{21},{27}
d152495f-1a1d-4606-bbcf-a66bed796e61,217901628,Commune de Magné (79),false,{79162},Commune,2026-03-24 14:42:09.43682+01,gold_establishments_2025,,,,21790162800016,2025,Collectivité Territoriale,Commune,['Deux-Sèvres'],['Nouvelle-Aquitaine'],COM,{79},{75}
085016a8-e069-46ef-82f3-d7a8767d4ccf,218601417,Commune de Magné (86),false,{86141},Commune,2026-03-24 14:42:10.508772+01,gold_establishments_2025,,,,21860141700015,2025,Collectivité Territoriale,Commune,['Vienne'],['Nouvelle-Aquitaine'],COM,{86},{75}
0cd54660-4556-48a0-b556-cecc740a60d5,212201396,Commune de Magoar (22),false,{22139},Commune,2026-03-24 14:41:55.433389+01,gold_establishments_2025,,,,21220139600018,2025,Collectivité Territoriale,Commune,"[""Côtes-d'Armor""]",['Bretagne'],COM,{22},{53}
15d3a3ff-7c9a-4d05-9d64-889dc724f3b8,211102116,Commune de Magrie (11),false,{11211},Commune,2026-03-24 14:41:53.63825+01,gold_establishments_2025,,,,21110211600012,2025,Collectivité Territoriale,Commune,['Aude'],['Occitanie'],COM,{11},{76}
7158453e-eafd-4a23-b795-5fcc8d5a03b2,218101517,Commune de Magrin (81),false,{81151},Commune,2026-03-24 14:42:09.967209+01,gold_establishments_2025,,,,21810151700017,2025,Collectivité Territoriale,Commune,['Tarn'],['Occitanie'],COM,{81},{76}
99860610-8541-4c0e-8b16-186e80f55db9,216801977,Commune de Magstatt-le-Bas (68),false,{68197},Commune,2026-03-24 14:42:07.195692+01,gold_establishments_2025,,,,21680197700010,2025,Collectivité Territoriale,Commune,['Haut-Rhin'],['Grand Est'],COM,{68},{44}
2c8d896f-22a7-4792-b4bd-852a215efe52,216801985,Commune de Magstatt-le-Haut (68),false,{68198},Commune,2026-03-24 14:42:07.195692+01,gold_establishments_2025,,,,21680198500013,2025,Collectivité Territoriale,Commune,['Haut-Rhin'],['Grand Est'],COM,{68},{44}
3488f23a-3741-43e2-913c-5938e65a7abe,212901433,Commune de Mahalon (29),false,{29143},Commune,2026-03-24 14:41:57.028721+01,gold_establishments_2025,,,,21290143300012,2025,Collectivité Territoriale,Commune,['Finistère'],['Bretagne'],COM,{29},{53}
4714b696-c791-4649-85d6-819ea95e2fc9,216102442,Commune de Mahéru (61),false,{61244},Commune,2026-03-24 14:42:05.597325+01,gold_establishments_2025,,,,21610244200011,2025,Collectivité Territoriale,Commune,['Orne'],['Normandie'],COM,{61},{28}
c3e6995e-7b8f-4fdf-b65f-5bd82488a4c9,215403320,Commune de Maidières (54),false,{54332},Commune,2026-03-24 14:42:02.957225+01,gold_establishments_2025,,,,21540332000017,2025,Collectivité Territoriale,Commune,['Meurthe-et-Moselle'],['Grand Est'],COM,{54},{44}
2ebd4dd7-c67c-4284-bb9a-7d3fb6cca51b,213202245,Commune de Maignaut-Tauzia (32),false,{32224},Commune,2026-03-24 14:41:58.09424+01,gold_establishments_2025,,,,21320224500014,2025,Collectivité Territoriale,Commune,['Gers'],['Occitanie'],COM,{32},{76}
3f7b3955-1743-4ada-ba2b-9cd5d9cfb695,216003715,Commune de Maignelay-Montigny (60),false,{60374},Commune,2026-03-24 14:42:04.814328+01,gold_establishments_2025,,,,21600371500010,2025,Collectivité Territoriale,Commune,['Oise'],['Hauts-de-France'],COM,{60},{32}
1b69b5af-49ba-4e5e-a2c4-60b00fe59ea7,217201771,Commune de Maigné (72),false,{72177},Commune,2026-03-24 14:42:08.279287+01,gold_establishments_2025,,,,21720177100011,2025,Collectivité Territoriale,Commune,['Sarthe'],['Pays de la Loire'],COM,{72},{52}
2236abda-1434-4525-bdfa-d0f48600f7e1,211102124,Commune de Mailhac (11),false,{11212},Commune,2026-03-24 14:41:53.63825+01,gold_establishments_2025,,,,21110212400016,2025,Collectivité Territoriale,Commune,['Aude'],['Occitanie'],COM,{11},{76}
6f0c2c2d-916a-4cfb-801f-e39dceff965f,218709004,Commune de Mailhac-sur-Benaize (87),false,{87090},Commune,2026-03-24 14:42:11.118516+01,gold_establishments_2025,,,,21870900400012,2025,Collectivité Territoriale,Commune,['Haute-Vienne'],['Nouvelle-Aquitaine'],COM,{87},{75}
290742ed-1c2a-4eea-a2c9-f5199eca2919,218101525,Commune de Mailhoc (81),false,{81152},Commune,2026-03-24 14:42:09.967209+01,gold_establishments_2025,,,,21810152500010,2025,Collectivité Territoriale,Commune,['Tarn'],['Occitanie'],COM,{81},{76}
efed736e-4147-4bf7-bb2e-5ed3795d80df,213103120,Commune de Mailholas (31),false,{31312},Commune,2026-03-24 14:41:58.09424+01,gold_establishments_2025,,,,21310312000019,2025,Collectivité Territoriale,Commune,['Haute-Garonne'],['Occitanie'],COM,{31},{76}
3b1004d5-dc64-4393-88eb-bef8c6f7cfce,211300520,Commune de Maillane (13),false,{13052},Commune,2026-03-24 14:41:53.63825+01,gold_establishments_2025,,,,21130052000015,2025,Collectivité Territoriale,Commune,['Bouches-du-Rhône'],"[""Provence-Alpes-Côte d'Azur""]",COM,{13},{93}
3bcbe207-adc0-4e87-b1f8-70c001ef3651,214001695,Commune de Maillas (40),false,{40169},Commune,2026-03-24 14:41:59.705606+01,gold_establishments_2025,,,,21400169500011,2025,Collectivité Territoriale,Commune,['Landes'],['Nouvelle-Aquitaine'],COM,{40},{75}
03f09d13-262c-4603-ac50-f4fd28e2393d,210102281,Commune de Maillat (01),false,{01228},Commune,2026-03-24 14:41:51.447482+01,gold_establishments_2025,,,,21010228100057,2025,Collectivité Territoriale,Commune,['Ain'],['Auvergne-Rhône-Alpes'],COM,{01},{84}
fb351060-c9b0-433f-9d00-7476c1561f24,212802268,Commune de Maillebois (28),false,{28226},Commune,2026-03-24 14:41:57.028721+01,gold_establishments_2025,,,,21280226800012,2025,Collectivité Territoriale,Commune,['Eure-et-Loir'],['Centre-Val de Loire'],COM,{28},{24}
541f186a-adea-4535-847f-fb02591e6af1,217003227,Commune de Mailleroncourt-Charette (70),false,{70322},Commune,2026-03-24 14:42:07.735343+01,gold_establishments_2025,,,,21700322700014,2025,Collectivité Territoriale,Commune,['Haute-Saône'],['Bourgogne-Franche-Comté'],COM,{70},{27}
7cd93f3e-48a0-422a-bd4a-402ac27c0e2a,217003235,Commune de Mailleroncourt-Saint-Pancras (70),false,{70323},Commune,2026-03-24 14:42:07.735343+01,gold_establishments_2025,,,,21700323500017,2025,Collectivité Territoriale,Commune,['Haute-Saône'],['Bourgogne-Franche-Comté'],COM,{70},{27}
191eb62e-e917-421d-bcc5-60ce1978d983,213601107,Commune de Maillet (36),false,{36110},Commune,2026-03-24 14:41:59.160244+01,gold_establishments_2025,,,,21360110700013,2025,Collectivité Territoriale,Commune,['Indre'],['Centre-Val de Loire'],COM,{36},{24}
c38283d5-15b6-4d0c-bd10-aa67ded1edbd,217003243,Commune de Mailley-et-Chazelot (70),false,{70324},Commune,2026-03-24 14:42:07.735343+01,gold_establishments_2025,,,,21700324300011,2025,Collectivité Territoriale,Commune,['Haute-Saône'],['Bourgogne-Franche-Comté'],COM,{70},{27}
6eeada9a-91a1-4f97-bf2c-5b78033c5b10,218501336,Commune de Maillezais (85),false,{85133},Commune,2026-03-24 14:42:10.508772+01,gold_establishments_2025,,,,21850133600018,2025,Collectivité Territoriale,Commune,['Vendée'],['Pays de la Loire'],COM,{85},{52}
7c9ad3a4-5f05-46c8-b44e-d3f2f2544c42,218902369,Commune de Maillot (89),false,{89236},Commune,2026-03-24 14:42:11.118516+01,gold_establishments_2025,,,,21890236900014,2025,Collectivité Territoriale,Commune,['Yonne'],['Bourgogne-Franche-Comté'],COM,{89},{27}
bc66cc4e-2ac6-4a75-8f37-3957d582a0fe,217102714,Commune de Mailly (71),false,{71271},Commune,2026-03-24 14:42:07.735343+01,gold_establishments_2025,,,,21710271400011,2025,Collectivité Territoriale,Commune,['Saône-et-Loire'],['Bourgogne-Franche-Comté'],COM,{71},{27}
04cc7518-f131-4f7c-9f09-ce79b945d592,215103144,Commune de Mailly-Champagne (51),false,{51338},Commune,2026-03-24 14:42:01.954481+01,gold_establishments_2025,,,,21510314400014,2025,Collectivité Territoriale,Commune,['Marne'],['Grand Est'],COM,{51},{44}
c87d99d8-167f-4f29-b565-8a113e77a898,218004737,Commune de Mailly-Maillet (80),false,{80498},Commune,2026-03-24 14:42:09.967209+01,gold_establishments_2025,,,,21800473700019,2025,Collectivité Territoriale,Commune,['Somme'],['Hauts-de-France'],COM,{80},{32}
10589d3e-d49b-4f71-9ed9-458c717ea2a5,218004745,Commune de Mailly-Raineval (80),false,{80499},Commune,2026-03-24 14:42:09.967209+01,gold_establishments_2025,,,,21800474500012,2025,Collectivité Territoriale,Commune,['Somme'],['Hauts-de-France'],COM,{80},{32}
f5f55cb2-8f47-48af-8b8c-54357f33c045,218902377,Commune de Mailly-la-Ville (89),false,{89237},Commune,2026-03-24 14:42:11.118516+01,gold_establishments_2025,,,,21890237700017,2025,Collectivité Territoriale,Commune,['Yonne'],['Bourgogne-Franche-Comté'],COM,{89},{27}
ea05c154-0a6d-4bc2-8e9a-54d84e408fc8,211002092,Commune de Mailly-le-Camp (10),false,{10216},Commune,2026-03-24 14:41:53.095366+01,gold_establishments_2025,,,,21100209200016,2025,Collectivité Territoriale,Commune,['Aube'],['Grand Est'],COM,{10},{44}
4a96d408-26c6-492e-b3bc-880876165abb,218902385,Commune de Mailly-le-Château (89),false,{89238},Commune,2026-03-24 14:42:11.118516+01,gold_establishments_2025,,,,21890238500010,2025,Collectivité Territoriale,Commune,['Yonne'],['Bourgogne-Franche-Comté'],COM,{89},{27}
647855f4-4569-4f44-b7c2-edc18d744932,215403338,Commune de Mailly-sur-Seille (54),false,{54333},Commune,2026-03-24 14:42:02.957225+01,gold_establishments_2025,,,,21540333800019,2025,Collectivité Territoriale,Commune,['Meurthe-et-Moselle'],['Grand Est'],COM,{54},{44}
1c09a6a3-e195-43ce-8a24-760b499edad8,214001703,Commune de Maillères (40),false,{40170},Commune,2026-03-24 14:41:59.705606+01,gold_establishments_2025,,,,21400170300013,2025,Collectivité Territoriale,Commune,['Landes'],['Nouvelle-Aquitaine'],COM,{40},{75}
2b69dd06-d3d7-418d-8da3-968ab199712f,213701428,Commune de Maillé (37),false,{37142},Commune,2026-03-24 14:41:59.160244+01,gold_establishments_2025,,,,21370142800012,2025,Collectivité Territoriale,Commune,['Indre-et-Loire'],['Centre-Val de Loire'],COM,{37},{24}
553b5830-bac0-4dfc-ab9d-ad9d649be838,218501328,Commune de Maillé (85),false,{85132},Commune,2026-03-24 14:42:10.508772+01,gold_establishments_2025,,,,21850132800015,2025,Collectivité Territoriale,Commune,['Vendée'],['Pays de la Loire'],COM,{85},{52}
36b2add2-e08c-4396-a04b-37e99b869a40,218601425,Commune de Maillé (86),false,{86142},Commune,2026-03-24 14:42:10.508772+01,gold_establishments_2025,,,,21860142500018,2025,Collectivité Territoriale,Commune,['Vienne'],['Nouvelle-Aquitaine'],COM,{86},{75}
8d2ddf9b-dd45-4c2d-bfb9-0d769c3c51ec,216003723,Commune de Maimbeville (60),false,{60375},Commune,2026-03-24 14:42:04.814328+01,gold_establishments_2025,,,,21600372300014,2025,Collectivité Territoriale,Commune,['Oise'],['Hauts-de-France'],COM,{60},{32}
80889674-d1fe-47f9-b984-ce9c9e2f6b7e,217702695,Commune de Maincy (77),false,{77269},Commune,2026-03-24 14:42:09.43682+01,gold_establishments_2025,,,,21770269500016,2025,Collectivité Territoriale,Commune,['Seine-et-Marne'],['Île-de-France'],COM,{77},{11}
922df4d6-72e6-4eb2-b445-bf8cc63d713e,211602008,Commune de Maine-de-Boixe (16),false,{16200},Commune,2026-03-24 14:41:54.362296+01,gold_establishments_2025,,,,21160200800016,2025,Collectivité Territoriale,Commune,['Charente'],['Nouvelle-Aquitaine'],COM,{16},{75}
9cfd1ce8-3524-4309-b52e-9ddd13ae44c4,215903691,Commune de Maing (59),false,{59369},Commune,2026-03-24 14:42:04.280096+01,gold_establishments_2025,,,,21590369100016,2025,Collectivité Territoriale,Commune,['Nord'],['Hauts-de-France'],COM,{59},{32}
21dcbd36-12a1-4445-8d72-7e2c552ae7dd,212703797,Commune de Mainneville (27),false,{27379},Commune,2026-03-24 14:41:57.028721+01,gold_establishments_2025,,,,21270379700010,2025,Collectivité Territoriale,Commune,['Eure'],['Normandie'],COM,{27},{28}
330cb894-1430-4e0c-876f-8b1711e29c16,212311609,Commune de Mainsat (23),false,{23116},Commune,2026-03-24 14:41:55.958138+01,gold_establishments_2025,,,,21231160900011,2025,Collectivité Territoriale,Commune,['Creuse'],['Nouvelle-Aquitaine'],COM,{23},{75}
52200817-9722-4359-9418-e18748c7bd9f,216205385,Commune de Maintenay (62),false,{62538},Commune,2026-03-24 14:42:05.597325+01,gold_establishments_2025,,,,21620538500018,2025,Collectivité Territoriale,Commune,['Pas-de-Calais'],['Hauts-de-France'],COM,{62},{32}
76c80970-52cc-4912-b7be-8aeb1a0d6ea0,212802276,Commune de Maintenon (28),false,{28227},Commune,2026-03-24 14:41:57.028721+01,gold_establishments_2025,,,,21280227600015,2025,Collectivité Territoriale,Commune,['Eure-et-Loir'],['Centre-Val de Loire'],COM,{28},{24}
a86f1cc9-8404-49cd-924c-d70fa869ea67,215704305,Commune de Mainvillers (57),false,{57430},Commune,2026-03-24 14:42:03.701372+01,gold_establishments_2025,,,,21570430500014,2025,Collectivité Territoriale,Commune,['Moselle'],['Grand Est'],COM,{57},{44}
c2858d56-5803-457a-8e11-0810d9127f90,212802292,Commune de Mainvilliers (28),false,{28229},Commune,2026-03-24 14:41:57.028721+01,gold_establishments_2025,,,,21280229200012,2025,Collectivité Territoriale,Commune,['Eure-et-Loir'],['Centre-Val de Loire'],COM,{28},{24}
00c461f8-48f4-4e34-831c-b7014b6e6761,200083285,Commune de Mainxe-Gondeville (16),false,{16153},Commune,2026-03-24 14:41:54.362296+01,gold_establishments_2025,,,,20008328500011,2025,Collectivité Territoriale,Commune,['Charente'],['Nouvelle-Aquitaine'],COM,{16},{75}
59765264-e7e3-4abb-b877-e0749bd629a8,211602032,Commune de Mainzac (16),false,{16203},Commune,2026-03-24 14:41:54.362296+01,gold_establishments_2025,,,,21160203200016,2025,Collectivité Territoriale,Commune,['Charente'],['Nouvelle-Aquitaine'],COM,{16},{75}
f1a1a4cc-1f9e-4fdf-872e-39eeba839923,215903709,Commune de Mairieux (59),false,{59370},Commune,2026-03-24 14:42:04.280096+01,gold_establishments_2025,,,,21590370900016,2025,Collectivité Territoriale,Commune,['Nord'],['Hauts-de-France'],COM,{59},{32}
585594e6-24c0-4a10-9fda-f2b4851b1c9e,215403346,Commune de Mairy-Mainville (54),false,{54334},Commune,2026-03-24 14:42:02.957225+01,gold_establishments_2025,,,,21540334600012,2025,Collectivité Territoriale,Commune,['Meurthe-et-Moselle'],['Grand Est'],COM,{54},{44}
40d4ff13-0ce9-4bdd-be6f-fecf0a21abbb,215103151,Commune de Mairy-sur-Marne (51),false,{51339},Commune,2026-03-24 14:42:01.954481+01,gold_establishments_2025,,,,21510315100019,2025,Collectivité Territoriale,Commune,['Marne'],['Grand Est'],COM,{51},{44}
de391a46-b4ba-4854-8d66-e4742c24f4cf,218601433,Commune de Mairé (86),false,{86143},Commune,2026-03-24 14:42:10.508772+01,gold_establishments_2025,,,,21860143300012,2025,Collectivité Territoriale,Commune,['Vienne'],['Nouvelle-Aquitaine'],COM,{86},{75}
a3739424-fbea-4b40-99b0-a435edba42cb,217901636,Commune de Mairé-Levescault (79),false,{79163},Commune,2026-03-24 14:42:09.43682+01,gold_establishments_2025,,,,21790163600019,2025,Collectivité Territoriale,Commune,['Deux-Sèvres'],['Nouvelle-Aquitaine'],COM,{79},{75}
98db28df-166a-46b1-9f79-21032181dc91,214400889,Commune de Maisdon-sur-Sèvre (44),false,{44088},Commune,2026-03-24 14:42:00.273698+01,gold_establishments_2025,,,,21440088900017,2025,Collectivité Territoriale,Commune,['Loire-Atlantique'],['Pays de la Loire'],COM,{44},{52}
67e27094-5005-4dc7-8cbb-a5dfc300f89e,212103725,Commune de Maisey-le-Duc (21),false,{21372},Commune,2026-03-24 14:41:55.433389+01,gold_establishments_2025,,,,21210372500017,2025,Collectivité Territoriale,Commune,"[""Côte-d'Or""]",['Bourgogne-Franche-Comté'],COM,{21},{27}
08075073-1f39-4855-b59a-d6e8dc8c83e3,216205393,Commune de Maisnil (62),false,{62539},Commune,2026-03-24 14:42:05.597325+01,gold_establishments_2025,,,,21620539300012,2025,Collectivité Territoriale,Commune,['Pas-de-Calais'],['Hauts-de-France'],COM,{62},{32}
63b48ee4-e5f6-4c18-94e6-c23a37bf1e8a,216205401,Commune de Maisnil-lès-Ruitz (62),false,{62540},Commune,2026-03-24 14:42:05.597325+01,gold_establishments_2025,,,,21620540100013,2025,Collectivité Territoriale,Commune,['Pas-de-Calais'],['Hauts-de-France'],COM,{62},{32}
d7df34dd-354d-402b-82e7-c829079a8f3d,218004752,Commune de Maisnières (80),false,{80500},Commune,2026-03-24 14:42:09.967209+01,gold_establishments_2025,,,,21800475200018,2025,Collectivité Territoriale,Commune,['Somme'],['Hauts-de-France'],COM,{80},{32}
61f8bdca-d510-42cf-962d-e16078fa45ba,213903073,Commune de Maisod (39),false,{39307},Commune,2026-03-24 14:41:59.705606+01,gold_establishments_2025,,,,21390307300012,2025,Collectivité Territoriale,Commune,['Jura'],['Bourgogne-Franche-Comté'],COM,{39},{27}
a31e971e-67d5-436d-ba3e-c80bb8671813,212311708,Commune de Maison-Feyne (23),false,{23117},Commune,2026-03-24 14:41:55.958138+01,gold_establishments_2025,,,,21231170800011,2025,Collectivité Territoriale,Commune,['Creuse'],['Nouvelle-Aquitaine'],COM,{23},{75}
1bbb77ce-ac3e-4faa-8d12-2b412d3897dd,218004760,Commune de Maison-Ponthieu (80),false,{80501},Commune,2026-03-24 14:42:09.967209+01,gold_establishments_2025,,,,21800476000011,2025,Collectivité Territoriale,Commune,['Somme'],['Hauts-de-France'],COM,{80},{32}
91b47987-cb1e-48e0-b273-047e0ed61076,218004778,Commune de Maison-Roland (80),false,{80502},Commune,2026-03-24 14:42:09.967209+01,gold_establishments_2025,,,,21800477800013,2025,Collectivité Territoriale,Commune,['Somme'],['Hauts-de-France'],COM,{80},{32}
71983bc1-91a4-4390-b78b-abe8c74a4253,217702729,Commune de Maison-Rouge (77),false,{77272},Commune,2026-03-24 14:42:09.43682+01,gold_establishments_2025,,,,21770272900013,2025,Collectivité Territoriale,Commune,['Seine-et-Marne'],['Île-de-France'],COM,{77},{11}
6753ae6e-014a-4ba5-bc1c-8db161b698d6,211002100,Commune de Maison-des-Champs (10),false,{10217},Commune,2026-03-24 14:41:53.095366+01,gold_establishments_2025,,,,21100210000017,2025,Collectivité Territoriale,Commune,['Aube'],['Grand Est'],COM,{10},{44}
261c7ad5-580f-402b-b869-17b6074bc432,216205419,Commune de Maisoncelle (62),false,{62541},Commune,2026-03-24 14:42:05.597325+01,gold_establishments_2025,,,,21620541900015,2025,Collectivité Territoriale,Commune,['Pas-de-Calais'],['Hauts-de-France'],COM,{62},{32}
12325cc6-db61-4ee3-99eb-e4dbe3e3c144,216003731,Commune de Maisoncelle-Saint-Pierre (60),false,{60376},Commune,2026-03-24 14:42:04.814328+01,gold_establishments_2025,,,,21600373100017,2025,Collectivité Territoriale,Commune,['Oise'],['Hauts-de-France'],COM,{60},{32}
af2a457c-ef07-4cc2-8f48-91d9ec461809,216003749,Commune de Maisoncelle-Tuilerie (60),false,{60377},Commune,2026-03-24 14:42:04.814328+01,gold_establishments_2025,,,,21600374900019,2025,Collectivité Territoriale,Commune,['Oise'],['Hauts-de-France'],COM,{60},{32}
4a76e2c3-2dbe-4664-9ad6-2bd2e7f480b3,210802419,Commune de Maisoncelle-et-Villers (08),false,{08268},Commune,2026-03-24 14:41:53.095366+01,gold_establishments_2025,,,,21080241900015,2025,Collectivité Territoriale,Commune,['Ardennes'],['Grand Est'],COM,{08},{44}
ba85bd07-a88f-408d-a105-8fa0c4528449,215202151,Commune de Maisoncelles (52),false,{52301},Commune,2026-03-24 14:42:01.954481+01,gold_establishments_2025,,,,21520215100019,2025,Collectivité Territoriale,Commune,['Haute-Marne'],['Grand Est'],COM,{52},{44}
88478df5-130f-4551-a139-793a9ec21624,217201789,Commune de Maisoncelles (72),false,{72178},Commune,2026-03-24 14:42:08.279287+01,gold_establishments_2025,,,,21720178900013,2025,Collectivité Territoriale,Commune,['Sarthe'],['Pays de la Loire'],COM,{72},{52}
fef95d63-7b8b-4e5e-8e09-dcdfa4cd0fab,211403894,Commune de Maisoncelles-Pelvey (14),false,{14389},Commune,2026-03-24 14:41:54.362296+01,gold_establishments_2025,,,,21140389400010,2025,Collectivité Territoriale,Commune,['Calvados'],['Normandie'],COM,{14},{28}
a59f0d25-3ade-4d81-970e-cc4e61a93664,215301433,Commune de Maisoncelles-du-Maine (53),false,{53143},Commune,2026-03-24 14:42:02.957225+01,gold_establishments_2025,,,,21530143300011,2025,Collectivité Territoriale,Commune,['Mayenne'],['Pays de la Loire'],COM,{53},{52}
10d5bafa-045a-4363-85f1-327eba2c2388,217702703,Commune de Maisoncelles-en-Brie (77),false,{77270},Commune,2026-03-24 14:42:09.43682+01,gold_establishments_2025,,,,21770270300018,2025,Collectivité Territoriale,Commune,['Seine-et-Marne'],['Île-de-France'],COM,{77},{11}
79bcbb31-7a05-4658-9b0e-2cd4c7c315c4,217702711,Commune de Maisoncelles-en-Gâtinais (77),false,{77271},Commune,2026-03-24 14:42:09.43682+01,gold_establishments_2025,,,,21770271100011,2025,Collectivité Territoriale,Commune,['Seine-et-Marne'],['Île-de-France'],COM,{77},{11}
13a4b657-7d0c-43de-8e24-f9b6dad0fceb,211403902,Commune de Maisoncelles-sur-Ajon (14),false,{14390},Commune,2026-03-24 14:41:54.362296+01,gold_establishments_2025,,,,21140390200011,2025,Collectivité Territoriale,Commune,['Calvados'],['Normandie'],COM,{14},{28}
a873a772-d846-4a1a-be59-52250bbb1bbf,211801352,Commune de Maisonnais (18),false,{18135},Commune,2026-03-24 14:41:54.903238+01,gold_establishments_2025,,,,21180135200017,2025,Collectivité Territoriale,Commune,['Cher'],['Centre-Val de Loire'],COM,{18},{24}
fd845741-52d4-42ba-90c3-b8648994bf2c,218709103,Commune de Maisonnais-sur-Tardoire (87),false,{87091},Commune,2026-03-24 14:42:11.118516+01,gold_establishments_2025,,,,21870910300012,2025,Collectivité Territoriale,Commune,['Haute-Vienne'],['Nouvelle-Aquitaine'],COM,{87},{75}
2d388c32-151b-49b6-8c56-74d7fe0540fd,217901644,Commune de Maisonnay (79),false,{79164},Commune,2026-03-24 14:42:09.43682+01,gold_establishments_2025,,,,21790164400013,2025,Collectivité Territoriale,Commune,['Deux-Sèvres'],['Nouvelle-Aquitaine'],COM,{79},{75}
b2c38740-bffb-4870-9332-feb537caff1a,218601441,Commune de Maisonneuve (86),false,{86144},Commune,2026-03-24 14:42:10.508772+01,gold_establishments_2025,,,,21860144100015,2025,Collectivité Territoriale,Commune,['Vienne'],['Nouvelle-Aquitaine'],COM,{86},{75}
31f04bdb-fc2f-4f84-965d-b96913f868cb,212311807,Commune de Maisonnisses (23),false,{23118},Commune,2026-03-24 14:41:55.958138+01,gold_establishments_2025,,,,21231180700011,2025,Collectivité Territoriale,Commune,['Creuse'],['Nouvelle-Aquitaine'],COM,{23},{75}
aa5dd9af-c888-41e8-8773-7d056f0b2d37,211102132,Commune de Maisons (11),false,{11213},Commune,2026-03-24 14:41:53.63825+01,gold_establishments_2025,,,,21110213200019,2025,Collectivité Territoriale,Commune,['Aude'],['Occitanie'],COM,{11},{76}
22590111-6c34-41a2-8238-96a6434b7039,211403910,Commune de Maisons (14),false,{14391},Commune,2026-03-24 14:41:54.362296+01,gold_establishments_2025,,,,21140391000014,2025,Collectivité Territoriale,Commune,['Calvados'],['Normandie'],COM,{14},{28}
3f099e97-684f-45d7-8b31-b129100bf63c,212802300,Commune de Maisons (28),false,{28230},Commune,2026-03-24 14:41:57.028721+01,gold_establishments_2025,,,,21280230000013,2025,Collectivité Territoriale,Commune,['Eure-et-Loir'],['Centre-Val de Loire'],COM,{28},{24}
f4455775-9b87-4a67-952a-da0bf13e6221,219400462,Commune de Maisons-Alfort (94),false,{94046},Commune,2026-03-24 14:42:11.659493+01,gold_establishments_2025,,,,21940046200012,2025,Collectivité Territoriale,Commune,['Val-de-Marne'],['Île-de-France'],COM,{94},{11}
3667fd32-deb4-4901-9d13-be39711348d8,217803584,Commune de Maisons-Laffitte (78),false,{78358},Commune,2026-03-24 14:42:09.43682+01,gold_establishments_2025,,,,21780358400010,2025,Collectivité Territoriale,Commune,['Yvelines'],['Île-de-France'],COM,{78},{11}
792bdc4f-bdfe-484f-ac31-467bf3dc754d,212503577,Commune de Maisons-du-Bois-Lièvremont (25),false,{25357},Commune,2026-03-24 14:41:56.495197+01,gold_establishments_2025,,,,21250357700018,2025,Collectivité Territoriale,Commune,['Doubs'],['Bourgogne-Franche-Comté'],COM,{25},{27}
74c8ede9-d53f-4dc2-8848-28ab01f70d20,215103169,Commune de Maisons-en-Champagne (51),false,{51340},Commune,2026-03-24 14:42:01.954481+01,gold_establishments_2025,,,,21510316900011,2025,Collectivité Territoriale,Commune,['Marne'],['Grand Est'],COM,{51},{44}
af94215a-930a-4199-b9fe-ed1a5dff0755,211002118,Commune de Maisons-lès-Chaource (10),false,{10218},Commune,2026-03-24 14:41:53.095366+01,gold_establishments_2025,,,,21100211800019,2025,Collectivité Territoriale,Commune,['Aube'],['Grand Est'],COM,{10},{44}
94b35cba-21ac-4cb2-855a-c194c70225ab,211002126,Commune de Maisons-lès-Soulaines (10),false,{10219},Commune,2026-03-24 14:41:53.095366+01,gold_establishments_2025,,,,21100212600012,2025,Collectivité Territoriale,Commune,['Aube'],['Grand Est'],COM,{10},{44}
fa3edfb0-ea13-4036-8def-2487d1b80ffb,216702803,Commune de Maisonsgoutte (67),false,{67280},Commune,2026-03-24 14:42:07.195692+01,gold_establishments_2025,,,,21670280300034,2025,Collectivité Territoriale,Commune,['Bas-Rhin'],['Grand Est'],COM,{67},{44}
723e0ba1-d7e8-4676-8cae-add233ec9e15,217901651,Commune de Maisontiers (79),false,{79165},Commune,2026-03-24 14:42:09.43682+01,gold_establishments_2025,,,,21790165100018,2025,Collectivité Territoriale,Commune,['Deux-Sèvres'],['Nouvelle-Aquitaine'],COM,{79},{75}
87206fa7-b0ee-4366-81a8-c53003fa4ec2,219103595,Commune de Maisse (91),false,{91359},Commune,2026-03-24 14:42:11.659493+01,gold_establishments_2025,,,,21910359500019,2025,Collectivité Territoriale,Commune,['Essonne'],['Île-de-France'],COM,{91},{11}
daac4dac-b3a5-4ebe-a101-20234177068e,210204285,Commune de Maissemy (02),false,{02452},Commune,2026-03-24 14:41:52.020251+01,gold_establishments_2025,,,,21020428500014,2025,Collectivité Territoriale,Commune,['Aisne'],['Hauts-de-France'],COM,{02},{32}
b247978d-bc32-40b0-a2fc-fd660dfecfe4,215403353,Commune de Maixe (54),false,{54335},Commune,2026-03-24 14:42:02.957225+01,gold_establishments_2025,,,,21540335300059,2025,Collectivité Territoriale,Commune,['Meurthe-et-Moselle'],['Grand Est'],COM,{54},{44}
d4533cdd-8b6f-4f79-9308-7b4df9d5a26e,215503111,Commune de Maizeray (55),false,{55311},Commune,2026-03-24 14:42:03.701372+01,gold_establishments_2025,,,,21550311100019,2025,Collectivité Territoriale,Commune,['Meuse'],['Grand Est'],COM,{55},{44}
0eae0c50-fbc3-42c7-82f6-f992de7db723,215704313,Commune de Maizeroy (57),false,{57431},Commune,2026-03-24 14:42:03.701372+01,gold_establishments_2025,,,,21570431300018,2025,Collectivité Territoriale,Commune,['Moselle'],['Grand Est'],COM,{57},{44}
86d29f8a-f42c-4b9d-b8e5-70584b5dc0c0,211403936,Commune de Maizet (14),false,{14393},Commune,2026-03-24 14:41:54.362296+01,gold_establishments_2025,,,,21140393600019,2025,Collectivité Territoriale,Commune,['Calvados'],['Normandie'],COM,{14},{28}
2bc222c2-ec59-462d-a235-bae7085dbbd1,215503129,Commune de Maizey (55),false,{55312},Commune,2026-03-24 14:42:03.701372+01,gold_establishments_2025,,,,21550312900011,2025,Collectivité Territoriale,Commune,['Meuse'],['Grand Est'],COM,{55},{44}
f5142e0d-840a-4048-ad16-144e17476e07,218004786,Commune de Maizicourt (80),false,{80503},Commune,2026-03-24 14:42:09.967209+01,gold_establishments_2025,,,,21800478600016,2025,Collectivité Territoriale,Commune,['Somme'],['Hauts-de-France'],COM,{80},{32}
97b3998c-6bf0-47ba-86ff-2e4ad6bd37c0,214201311,Commune de Maizilly (42),false,{42131},Commune,2026-03-24 14:42:00.273698+01,gold_establishments_2025,,,,21420131100013,2025,Collectivité Territoriale,Commune,['Loire'],['Auvergne-Rhône-Alpes'],COM,{42},{84}
6e780813-15a2-48a8-8dd9-ffacd9b7ad0a,211403944,Commune de Maizières (14),false,{14394},Commune,2026-03-24 14:41:54.362296+01,gold_establishments_2025,,,,21140394400013,2025,Collectivité Territoriale,Commune,['Calvados'],['Normandie'],COM,{14},{28}
b1cadbc5-9b86-4531-b827-48ef19aad6ad,215202169,Commune de Maizières (52),false,{52302},Commune,2026-03-24 14:42:01.954481+01,gold_establishments_2025,,,,21520216900011,2025,Collectivité Territoriale,Commune,['Haute-Marne'],['Grand Est'],COM,{52},{44}
a06b57f2-7755-447a-b1f8-028dda4076c4,215403361,Commune de Maizières (54),false,{54336},Commune,2026-03-24 14:42:02.957225+01,gold_establishments_2025,,,,21540336100011,2025,Collectivité Territoriale,Commune,['Meurthe-et-Moselle'],['Grand Est'],COM,{54},{44}
d4cec268-daec-4e0c-9e45-fea1a84b5773,216205427,Commune de Maizières (62),false,{62542},Commune,2026-03-24 14:42:05.597325+01,gold_establishments_2025,,,,21620542700018,2025,Collectivité Territoriale,Commune,['Pas-de-Calais'],['Hauts-de-France'],COM,{62},{32}
4834e251-0076-4b3d-9551-3cc180fa7880,217003250,Commune de Maizières (70),false,{70325},Commune,2026-03-24 14:42:07.735343+01,gold_establishments_2025,,,,21700325000016,2025,Collectivité Territoriale,Commune,['Haute-Saône'],['Bourgogne-Franche-Comté'],COM,{70},{27}
dac8188e-6f82-442b-ae34-366801f32d44,211002134,Commune de Maizières-la-Grande-Paroisse (10),false,{10220},Commune,2026-03-24 14:41:53.095366+01,gold_establishments_2025,,,,21100213400016,2025,Collectivité Territoriale,Commune,['Aube'],['Grand Est'],COM,{10},{44}
1fe782f3-f4e4-4129-b08d-4ed19615c2fa,211002142,Commune de Maizières-lès-Brienne (10),false,{10221},Commune,2026-03-24 14:41:53.095366+01,gold_establishments_2025,,,,21100214200019,2025,Collectivité Territoriale,Commune,['Aube'],['Grand Est'],COM,{10},{44}
f26cf65b-53d8-462a-baa1-096ed3ed6388,215704339,Commune de Maizières-lès-Metz (57),false,{57433},Commune,2026-03-24 14:42:03.701372+01,gold_establishments_2025,,,,21570433900013,2025,Collectivité Territoriale,Commune,['Moselle'],['Grand Est'],COM,{57},{44}
5e17853b-0b5b-4464-85d1-311ca7892eb3,215704347,Commune de Maizières-lès-Vic (57),false,{57434},Commune,2026-03-24 14:42:03.701372+01,gold_establishments_2025,,,,21570434700016,2025,Collectivité Territoriale,Commune,['Moselle'],['Grand Est'],COM,{57},{44}
4bb2b314-f949-4e7c-bc6b-862b5f7c2d2f,215202177,Commune de Maizières-sur-Amance (52),false,{52303},Commune,2026-03-24 14:42:01.954481+01,gold_establishments_2025,,,,21520217700014,2025,Collectivité Territoriale,Commune,['Haute-Marne'],['Grand Est'],COM,{52},{44}
4d1f0920-b60e-4c68-ba45-7bb184525378,210204301,Commune de Maizy (02),false,{02453},Commune,2026-03-24 14:41:52.020251+01,gold_establishments_2025,,,,21020430100019,2025,Collectivité Territoriale,Commune,['Aisne'],['Hauts-de-France'],COM,{02},{32}
dfc6d99f-c685-40b7-a663-39e35a323538,210401071,Commune de Majastres (04),false,{04107},Commune,2026-03-24 14:41:52.020251+01,gold_establishments_2025,,,,21040107100019,2025,Collectivité Territoriale,Commune,['Alpes-de-Haute-Provence'],"[""Provence-Alpes-Côte d'Azur""]",COM,{04},{93}
604c2c5a-f9d5-4a03-84ff-d685f601ed72,213202252,Commune de Malabat (32),false,{32225},Commune,2026-03-24 14:41:58.09424+01,gold_establishments_2025,,,,21320225200010,2025,Collectivité Territoriale,Commune,['Gers'],['Occitanie'],COM,{32},{76}
26dae7aa-af94-4553-b4c8-2bdd6ead1fde,210102299,Commune de Malafretaz (01),false,{01229},Commune,2026-03-24 14:41:51.447482+01,gold_establishments_2025,,,,21010229900018,2025,Collectivité Territoriale,Commune,['Ain'],['Auvergne-Rhône-Alpes'],COM,{01},{84}
9cf14bb4-cf49-455a-ae9a-04da26921f25,218802833,Commune de Malaincourt (88),false,{88283},Commune,2026-03-24 14:42:11.118516+01,gold_establishments_2025,,,,21880283300010,2025,Collectivité Territoriale,Commune,['Vosges'],['Grand Est'],COM,{88},{44}
9b199dd0-5919-42f2-b680-34efe9eee525,215202185,Commune de Malaincourt-sur-Meuse (52),false,{52304},Commune,2026-03-24 14:42:01.954481+01,gold_establishments_2025,,,,21520218500017,2025,Collectivité Territoriale,Commune,['Haute-Marne'],['Grand Est'],COM,{52},{44}
d37364b5-58a3-42b0-afef-d9edfbfb728a,219200466,Commune de Malakoff (92),false,{92046},Commune,2026-03-24 14:42:11.659493+01,gold_establishments_2025,,,,21920046600015,2025,Collectivité Territoriale,Commune,['Hauts-de-Seine'],['Île-de-France'],COM,{92},{11}
14caf97b-6d6f-41f4-abf7-0ca5ca8b180c,215503137,Commune de Malancourt (55),false,{55313},Commune,2026-03-24 14:42:03.701372+01,gold_establishments_2025,,,,21550313700014,2025,Collectivité Territoriale,Commune,['Meuse'],['Grand Est'],COM,{55},{44}
0d78e8d2-f9e2-431e-8b74-9d6c4e3977a7,210802427,Commune de Malandry (08),false,{08269},Commune,2026-03-24 14:41:53.095366+01,gold_establishments_2025,,,,21080242700018,2025,Collectivité Territoriale,Commune,['Ardennes'],['Grand Est'],COM,{08},{44}
a8607b10-19e0-4fcb-a183-81b8a8b54372,213903081,Commune de Malange (39),false,{39308},Commune,2026-03-24 14:41:59.705606+01,gold_establishments_2025,,,,21390308100015,2025,Collectivité Territoriale,Commune,['Jura'],['Bourgogne-Franche-Comté'],COM,{39},{27}
59cda28f-f3ea-43a2-8a9a-ad2bf2e47bc7,212503593,Commune de Malans (25),false,{25359},Commune,2026-03-24 14:41:56.495197+01,gold_establishments_2025,,,,21250359300015,2025,Collectivité Territoriale,Commune,['Doubs'],['Bourgogne-Franche-Comté'],COM,{25},{27}
a492b10c-e8a3-4abb-bcf7-877f344b654a,217003276,Commune de Malans (70),false,{70327},Commune,2026-03-24 14:42:07.735343+01,gold_establishments_2025,,,,21700327600011,2025,Collectivité Territoriale,Commune,['Haute-Saône'],['Bourgogne-Franche-Comté'],COM,{70},{27}
a839659d-d21d-40dd-991a-e6df926a41aa,215601238,Commune de Malansac (56),false,{56123},Commune,2026-03-24 14:42:03.701372+01,gold_establishments_2025,,,,21560123800052,2025,Collectivité Territoriale,Commune,['Morbihan'],['Bretagne'],COM,{56},{53}
734b27be-ae1f-4d2b-86b7-2044e1ddcdf9,210701470,Commune de Malarce-sur-la-Thines (07),false,{07147},Commune,2026-03-24 14:41:52.562531+01,gold_establishments_2025,,,,21070147000010,2025,Collectivité Territoriale,Commune,['Ardèche'],['Auvergne-Rhône-Alpes'],COM,{07},{84}
811f8d98-e01f-46c1-8a95-25666228efb7,212601694,Commune de Malataverne (26),false,{26169},Commune,2026-03-24 14:41:56.495197+01,gold_establishments_2025,,,,21260169400012,2025,Collectivité Territoriale,Commune,['Drôme'],['Auvergne-Rhône-Alpes'],COM,{26},{84}
69d58af5-abbe-4c57-b168-d3d414452dc6,215704362,Commune de Malaucourt-sur-Seille (57),false,{57436},Commune,2026-03-24 14:42:03.701372+01,gold_establishments_2025,,,,21570436200015,2025,Collectivité Territoriale,Commune,['Moselle'],['Grand Est'],COM,{57},{44}
3cacf062-4e76-4ef9-b708-4dc94c16d40d,218400695,Commune de Malaucène (84),false,{84069},Commune,2026-03-24 14:42:10.508772+01,gold_establishments_2025,,,,21840069500019,2025,Collectivité Territoriale,Commune,['Vaucluse'],"[""Provence-Alpes-Côte d'Azur""]",COM,{84},{93}
ef038c26-4807-42af-b94f-9937d758791c,217604024,Commune de Malaunay (76),false,{76402},Commune,2026-03-24 14:42:08.818969+01,gold_establishments_2025,,,,21760402400018,2025,Collectivité Territoriale,Commune,['Seine-Maritime'],['Normandie'],COM,{76},{28}
18fa9932-3ff3-414b-b8b6-11ed0eb55497,218201010,Commune de Malause (82),false,{82101},Commune,2026-03-24 14:42:10.508772+01,gold_establishments_2025,,,,21820101000012,2025,Collectivité Territoriale,Commune,['Tarn-et-Garonne'],['Occitanie'],COM,{82},{76}
9271a75c-a991-4e8b-be65-c3f33dbbabc1,216403659,Commune de Malaussanne (64),false,{64365},Commune,2026-03-24 14:42:06.665412+01,gold_establishments_2025,,,,21640365900016,2025,Collectivité Territoriale,Commune,['Pyrénées-Atlantiques'],['Nouvelle-Aquitaine'],COM,{64},{75}
e57c7cf4-2475-42e4-98c5-459eef794d60,210600789,Commune de Malaussène (06),false,{06078},Commune,2026-03-24 14:41:52.562531+01,gold_establishments_2025,,,,21060078900015,2025,Collectivité Territoriale,Commune,['Alpes-Maritimes'],"[""Provence-Alpes-Côte d'Azur""]",COM,{06},{93}
99945da4-d771-46c7-ab7d-3111263620a3,216302034,Commune de Malauzat (63),false,{63203},Commune,2026-03-24 14:42:06.130387+01,gold_establishments_2025,,,,21630203400014,2025,Collectivité Territoriale,Commune,['Puy-de-Dôme'],['Auvergne-Rhône-Alpes'],COM,{63},{84}
f7a76f7d-0551-4544-90ed-61c4124c1062,215403379,Commune de Malavillers (54),false,{54337},Commune,2026-03-24 14:42:02.957225+01,gold_establishments_2025,,,,21540337900013,2025,Collectivité Territoriale,Commune,['Meurthe-et-Moselle'],['Grand Est'],COM,{54},{44}
e2064359-3023-4eff-b78e-8404e20bafd6,217102722,Commune de Malay (71),false,{71272},Commune,2026-03-24 14:42:07.735343+01,gold_establishments_2025,,,,21710272200014,2025,Collectivité Territoriale,Commune,['Saône-et-Loire'],['Bourgogne-Franche-Comté'],COM,{71},{27}
10aa8879-12fe-4fd2-9ef5-618e13d50177,218902393,Commune de Malay-le-Grand (89),false,{89239},Commune,2026-03-24 14:42:11.118516+01,gold_establishments_2025,,,,21890239300014,2025,Collectivité Territoriale,Commune,['Yonne'],['Bourgogne-Franche-Comté'],COM,{89},{27}
fd38db5f-c06e-4029-b7eb-464a994db228,218902401,Commune de Malay-le-Petit (89),false,{89240},Commune,2026-03-24 14:42:11.118516+01,gold_establishments_2025,,,,21890240100015,2025,Collectivité Territoriale,Commune,['Yonne'],['Bourgogne-Franche-Comté'],COM,{89},{27}
3e4d5096-7d24-41d2-a74e-f7788e82fc7c,211501127,Commune de Malbo (15),false,{15112},Commune,2026-03-24 14:41:54.362296+01,gold_establishments_2025,,,,21150112700016,2025,Collectivité Territoriale,Commune,['Cantal'],['Auvergne-Rhône-Alpes'],COM,{15},{84}
533b67a6-ae0a-4660-ad48-c133f9ed35e3,210701488,Commune de Malbosc (07),false,{07148},Commune,2026-03-24 14:41:52.562531+01,gold_establishments_2025,,,,21070148800012,2025,Collectivité Territoriale,Commune,['Ardèche'],['Auvergne-Rhône-Alpes'],COM,{07},{84}
d73b3dc4-9936-46c9-832a-dc93ae7cefca,217003284,Commune de Malbouhans (70),false,{70328},Commune,2026-03-24 14:42:07.735343+01,gold_establishments_2025,,,,21700328400015,2025,Collectivité Territoriale,Commune,['Haute-Saône'],['Bourgogne-Franche-Comté'],COM,{70},{27}
65e5246c-84e7-4110-b32e-9efb52e3de61,212503601,Commune de Malbrans (25),false,{25360},Commune,2026-03-24 14:41:56.495197+01,gold_establishments_2025,,,,21250360100016,2025,Collectivité Territoriale,Commune,['Doubs'],['Bourgogne-Franche-Comté'],COM,{25},{27}
4b39418c-f897-4383-91b7-c3803f4cfd0a,212503619,Commune de Malbuisson (25),false,{25361},Commune,2026-03-24 14:41:56.495197+01,gold_establishments_2025,,,,21250361900018,2025,Collectivité Territoriale,Commune,['Doubs'],['Bourgogne-Franche-Comté'],COM,{25},{27}
93afc254-0ac6-4342-b935-8e9271c66109,210901781,Commune de Malegoude (09),false,{09178},Commune,2026-03-24 14:41:53.095366+01,gold_establishments_2025,,,,21090178100018,2025,Collectivité Territoriale,Commune,['Ariège'],['Occitanie'],COM,{09},{76}
fa0a7b8b-2d9d-4da3-872c-ab33d8c241d6,200055200,Commune de Malemort (19),false,{19123},Commune,2026-03-24 14:41:54.903238+01,gold_establishments_2025,,,,20005520000014,2025,Collectivité Territoriale,Commune,['Corrèze'],['Nouvelle-Aquitaine'],COM,{19},{75}
35947001-a220-4482-b1dd-3d44a8090074,218400703,Commune de Malemort-du-Comtat (84),false,{84070},Commune,2026-03-24 14:42:10.508772+01,gold_establishments_2025,,,,21840070300011,2025,Collectivité Territoriale,Commune,['Vaucluse'],"[""Provence-Alpes-Côte d'Azur""]",COM,{84},{93}
7e66fd5e-b787-451f-9414-5b92cd02c5e4,215601246,Commune de Malestroit (56),false,{56124},Commune,2026-03-24 14:42:03.701372+01,gold_establishments_2025,,,,21560124600014,2025,Collectivité Territoriale,Commune,['Morbihan'],['Bretagne'],COM,{56},{53}
70c16eaa-83a6-4b8a-97f6-50156b501b8e,211201363,Commune de Maleville (12),false,{12136},Commune,2026-03-24 14:41:53.63825+01,gold_establishments_2025,,,,21120136300010,2025,Collectivité Territoriale,Commune,['Aveyron'],['Occitanie'],COM,{12},{76}
3d9d153b-2bc5-46df-93b2-6bb9561417d7,215601253,Commune de Malguénac (56),false,{56125},Commune,2026-03-24 14:42:03.701372+01,gold_establishments_2025,,,,21560125300010,2025,Collectivité Territoriale,Commune,['Morbihan'],['Bretagne'],COM,{56},{53}
875d84e7-04dc-4669-8632-f0e6b9d9af8d,200060382,Commune de Malherbe-sur-Ajon (14),false,{14037},Commune,2026-03-24 14:41:53.63825+01,gold_establishments_2025,,,,20006038200013,2025,Collectivité Territoriale,Commune,['Calvados'],['Normandie'],COM,{14},{28}
5b3ccc26-52f7-4c3a-bebb-5570fa94094e,213601115,Commune de Malicornay (36),false,{36111},Commune,2026-03-24 14:41:59.160244+01,gold_establishments_2025,,,,21360111500016,2025,Collectivité Territoriale,Commune,['Indre'],['Centre-Val de Loire'],COM,{36},{24}
55bd1711-d621-4c66-bba7-94e19b1bec50,210301594,Commune de Malicorne (03),false,{03159},Commune,2026-03-24 14:41:52.020251+01,gold_establishments_2025,,,,21030159400011,2025,Collectivité Territoriale,Commune,['Allier'],['Auvergne-Rhône-Alpes'],COM,{03},{84}
c40fadfd-40b9-4f55-b90a-3ee947179815,217201797,Commune de Malicorne-sur-Sarthe (72),false,{72179},Commune,2026-03-24 14:42:08.279287+01,gold_establishments_2025,,,,21720179700016,2025,Collectivité Territoriale,Commune,['Sarthe'],['Pays de la Loire'],COM,{72},{52}
2aa2c2b5-f940-405b-8c59-4dd15bee0b4a,212103741,Commune de Maligny (21),false,{21374},Commune,2026-03-24 14:41:55.433389+01,gold_establishments_2025,,,,21210374100014,2025,Collectivité Territoriale,Commune,"[""Côte-d'Or""]",['Bourgogne-Franche-Comté'],COM,{21},{27}
dc3229a8-01e0-4a20-86df-8cd4904691ef,218902427,Commune de Maligny (89),false,{89242},Commune,2026-03-24 14:42:11.118516+01,gold_establishments_2025,,,,21890242700010,2025,Collectivité Territoriale,Commune,['Yonne'],['Bourgogne-Franche-Comté'],COM,{89},{27}
db57e76a-47b5-4841-982a-be8bcf01d7c5,210401089,Commune de Malijai (04),false,{04108},Commune,2026-03-24 14:41:52.020251+01,gold_establishments_2025,,,,21040108900011,2025,Collectivité Territoriale,Commune,['Alpes-de-Haute-Provence'],"[""Provence-Alpes-Côte d'Azur""]",COM,{04},{93}
a9b00701-169d-41a7-8281-2185e94ad5c7,215903725,Commune de Malincourt (59),false,{59372},Commune,2026-03-24 14:42:04.280096+01,gold_establishments_2025,,,,21590372500012,2025,Collectivité Territoriale,Commune,['Nord'],['Hauts-de-France'],COM,{59},{32}
a312eecf-02d8-4384-bb31-9584b0f5e26a,216302042,Commune de Malintrat (63),false,{63204},Commune,2026-03-24 14:42:06.130387+01,gold_establishments_2025,,,,21630204200017,2025,Collectivité Territoriale,Commune,['Puy-de-Dôme'],['Auvergne-Rhône-Alpes'],COM,{63},{84}
495f3726-8045-4252-9336-068bc0f210ba,212601702,Commune de Malissard (26),false,{26170},Commune,2026-03-24 14:41:56.495197+01,gold_establishments_2025,,,,21260170200013,2025,Collectivité Territoriale,Commune,['Drôme'],['Auvergne-Rhône-Alpes'],COM,{26},{84}
e5f14c49-07c9-400f-8c08-ac60dab7c3d8,210401097,Commune de Mallefougasse-Augès (04),false,{04109},Commune,2026-03-24 14:41:52.562531+01,gold_establishments_2025,,,,21040109700014,2025,Collectivité Territoriale,Commune,['Alpes-de-Haute-Provence'],"[""Provence-Alpes-Côte d'Azur""]",COM,{04},{93}
c580ce04-d685-4507-b81b-e30ac8cf2d3d,215403387,Commune de Malleloy (54),false,{54338},Commune,2026-03-24 14:42:02.957225+01,gold_establishments_2025,,,,21540338700016,2025,Collectivité Territoriale,Commune,['Meurthe-et-Moselle'],['Grand Est'],COM,{54},{44}
1fd77c25-703c-4960-ac17-140a5c4c712a,210401105,Commune de Mallemoisson (04),false,{04110},Commune,2026-03-24 14:41:52.562531+01,gold_establishments_2025,,,,21040110500015,2025,Collectivité Territoriale,Commune,['Alpes-de-Haute-Provence'],"[""Provence-Alpes-Côte d'Azur""]",COM,{04},{93}
e97ea498-e875-4bc8-b90d-8bf135ae88cc,211300538,Commune de Mallemort (13),false,{13053},Commune,2026-03-24 14:41:53.63825+01,gold_establishments_2025,,,,21130053800017,2025,Collectivité Territoriale,Commune,['Bouches-du-Rhône'],"[""Provence-Alpes-Côte d'Azur""]",COM,{13},{93}
7c9cb4a0-9eb4-4a8b-abfa-a0c040257e39,212311906,Commune de Malleret (23),false,{23119},Commune,2026-03-24 14:41:55.958138+01,gold_establishments_2025,,,,21231190600011,2025,Collectivité Territoriale,Commune,['Creuse'],['Nouvelle-Aquitaine'],COM,{23},{75}
53a8072d-aabd-41ec-81c0-9cb46a2af10e,212312003,Commune de Malleret-Boussac (23),false,{23120},Commune,2026-03-24 14:41:55.958138+01,gold_establishments_2025,,,,21231200300016,2025,Collectivité Territoriale,Commune,['Creuse'],['Nouvelle-Aquitaine'],COM,{23},{75}
93ea1669-282f-4c92-a1de-a7ef60cd02af,214201329,Commune de Malleval (42),false,{42132},Commune,2026-03-24 14:42:00.273698+01,gold_establishments_2025,,,,21420132900015,2025,Collectivité Territoriale,Commune,['Loire'],['Auvergne-Rhône-Alpes'],COM,{42},{84}
91f24394-b135-4af4-ad1c-9c33670da2a9,213802168,Commune de Malleval-en-Vercors (38),false,{38216},Commune,2026-03-24 14:41:59.160244+01,gold_establishments_2025,,,,21380216800012,2025,Collectivité Territoriale,Commune,['Isère'],['Auvergne-Rhône-Alpes'],COM,{38},{84}
3563c455-c6f6-4efc-bb55-89d8ca323065,217604032,Commune de Malleville-les-Grès (76),false,{76403},Commune,2026-03-24 14:42:08.818969+01,gold_establishments_2025,,,,21760403200011,2025,Collectivité Territoriale,Commune,['Seine-Maritime'],['Normandie'],COM,{76},{28}
a724df07-27a7-4fad-a801-03fd3a11764a,212703805,Commune de Malleville-sur-le-Bec (27),false,{27380},Commune,2026-03-24 14:41:57.028721+01,gold_establishments_2025,,,,21270380500011,2025,Collectivité Territoriale,Commune,['Eure'],['Normandie'],COM,{27},{28}
f623fe1c-8113-4389-809e-56080eb9fd7d,215704370,Commune de Malling (57),false,{57437},Commune,2026-03-24 14:42:03.701372+01,gold_establishments_2025,,,,21570437000018,2025,Collectivité Territoriale,Commune,['Moselle'],['Grand Est'],COM,{57},{44}
1c9ce683-0740-4f69-af99-8d46d078638d,218501344,Commune de Mallièvre (85),false,{85134},Commune,2026-03-24 14:42:10.508772+01,gold_establishments_2025,,,,21850134400012,2025,Collectivité Territoriale,Commune,['Vendée'],['Pays de la Loire'],COM,{85},{52}
b92407e0-3582-4d31-95b9-6d0690263202,210901799,Commune de Malléon (09),false,{09179},Commune,2026-03-24 14:41:53.095366+01,gold_establishments_2025,,,,21090179900010,2025,Collectivité Territoriale,Commune,['Ariège'],['Occitanie'],COM,{09},{76}
3359bfce-22f2-4bd5-b58f-9e3e32a25d0c,216801993,Commune de Malmerspach (68),false,{68199},Commune,2026-03-24 14:42:07.195692+01,gold_establishments_2025,,,,21680199300017,2025,Collectivité Territoriale,Commune,['Haut-Rhin'],['Grand Est'],COM,{68},{44}
fa72be8a-a528-44c3-ab19-47504dee6f9b,215103177,Commune de Malmy (51),false,{51341},Commune,2026-03-24 14:42:01.954481+01,gold_establishments_2025,,,,21510317700014,2025,Collectivité Territoriale,Commune,['Marne'],['Grand Est'],COM,{51},{44}
a3132f58-503d-4c45-8d8f-5e19034d7fbd,213001530,Commune de Malons-et-Elze (30),false,{30153},Commune,2026-03-24 14:41:57.56054+01,gold_establishments_2025,,,,21300153000012,2025,Collectivité Territoriale,Commune,['Gard'],['Occitanie'],COM,{30},{76}
29f94858-37b3-4861-a845-be5e58291cf2,212703813,Commune de Malouy (27),false,{27381},Commune,2026-03-24 14:41:57.028721+01,gold_establishments_2025,,,,21270381300015,2025,Collectivité Territoriale,Commune,['Eure'],['Normandie'],COM,{27},{28}
174c6931-8286-4635-82b6-d08f68bd1d1a,218004794,Commune de Malpart (80),false,{80504},Commune,2026-03-24 14:42:09.967209+01,gold_establishments_2025,,,,21800479400010,2025,Collectivité Territoriale,Commune,['Somme'],['Hauts-de-France'],COM,{80},{32}
7cca91f1-3884-4cd8-ac4e-0e724e37d345,212503627,Commune de Malpas (25),false,{25362},Commune,2026-03-24 14:41:56.495197+01,gold_establishments_2025,,,,21250362700011,2025,Collectivité Territoriale,Commune,['Doubs'],['Bourgogne-Franche-Comté'],COM,{25},{27}
7e34d31a-cfe9-4959-a051-6c655ec9ac82,211102140,Commune de Malras (11),false,{11214},Commune,2026-03-24 14:41:53.63825+01,gold_establishments_2025,,,,21110214000012,2025,Collectivité Territoriale,Commune,['Aude'],['Occitanie'],COM,{11},{76}
d931e91d-ce03-4b5b-a247-a593dc0089a3,214301269,Commune de Malrevers (43),false,{43126},Commune,2026-03-24 14:42:00.273698+01,gold_establishments_2025,,,,21430126900012,2025,Collectivité Territoriale,Commune,['Haute-Loire'],['Auvergne-Rhône-Alpes'],COM,{43},{84}
82004e0d-4352-483c-bbf5-1867ad525758,215704388,Commune de Malroy (57),false,{57438},Commune,2026-03-24 14:42:03.701372+01,gold_establishments_2025,,,,21570438800010,2025,Collectivité Territoriale,Commune,['Moselle'],['Grand Est'],COM,{57},{44}
a530ea3f-821a-4f67-9f3d-b0f56cc59d3b,217102730,Commune de Maltat (71),false,{71273},Commune,2026-03-24 14:42:07.735343+01,gold_establishments_2025,,,,21710273000017,2025,Collectivité Territoriale,Commune,['Saône-et-Loire'],['Bourgogne-Franche-Comté'],COM,{71},{27}
b891d9e6-48dd-479a-9dee-bec5c80c53ed,211403969,Commune de Maltot (14),false,{14396},Commune,2026-03-24 14:41:54.362296+01,gold_establishments_2025,,,,21140396900010,2025,Collectivité Territoriale,Commune,['Calvados'],['Normandie'],COM,{14},{28}
83374ac3-ba32-4401-a410-662abac73f41,214301277,Commune de Malvalette (43),false,{43127},Commune,2026-03-24 14:42:00.273698+01,gold_establishments_2025,,,,21430127700015,2025,Collectivité Territoriale,Commune,['Haute-Loire'],['Auvergne-Rhône-Alpes'],COM,{43},{84}
be303dc4-7bbd-42cd-ad9f-7068582050d6,211102157,Commune de Malves-en-Minervois (11),false,{11215},Commune,2026-03-24 14:41:53.63825+01,gold_establishments_2025,,,,21110215700016,2025,Collectivité Territoriale,Commune,['Aude'],['Occitanie'],COM,{11},{76}
70eb8820-a649-4d6e-8101-e005c3f0e44c,213103138,Commune de Malvezie (31),false,{31313},Commune,2026-03-24 14:41:58.09424+01,gold_establishments_2025,,,,21310313800011,2025,Collectivité Territoriale,Commune,['Haute-Garonne'],['Occitanie'],COM,{31},{76}
f70f0690-7ea3-428d-8f66-75b9edde66a5,214400897,Commune de Malville (44),false,{44089},Commune,2026-03-24 14:42:00.273698+01,gold_establishments_2025,,,,21440089700010,2025,Collectivité Territoriale,Commune,['Loire-Atlantique'],['Pays de la Loire'],COM,{44},{52}
b4097727-2626-4531-8e96-1b92088f1c84,217003292,Commune de Malvillers (70),false,{70329},Commune,2026-03-24 14:42:07.735343+01,gold_establishments_2025,,,,21700329200018,2025,Collectivité Territoriale,Commune,['Haute-Saône'],['Bourgogne-Franche-Comté'],COM,{70},{27}
c1b3c14b-2f1a-45cf-92cb-b3fbf4b82708,214301285,Commune de Malvières (43),false,{43128},Commune,2026-03-24 14:42:00.273698+01,gold_establishments_2025,,,,21430128500018,2025,Collectivité Territoriale,Commune,['Haute-Loire'],['Auvergne-Rhône-Alpes'],COM,{43},{84}
e707cfa0-b1d7-4351-9e10-bf85cdbd7e3f,211102165,Commune de Malviès (11),false,{11216},Commune,2026-03-24 14:41:53.63825+01,gold_establishments_2025,,,,21110216500019,2025,Collectivité Territoriale,Commune,['Aude'],['Occitanie'],COM,{11},{76}
6b6d8a98-70c5-488d-b39e-e4c343d36ab8,210204327,Commune de Malzy (02),false,{02455},Commune,2026-03-24 14:41:52.020251+01,gold_establishments_2025,,,,21020432700014,2025,Collectivité Territoriale,Commune,['Aisne'],['Hauts-de-France'],COM,{02},{32}
fb4f9e6a-9c5a-4ddb-98ce-de6bd09df93b,215403395,Commune de Malzéville (54),false,{54339},Commune,2026-03-24 14:42:02.957225+01,gold_establishments_2025,,,,21540339500019,2025,Collectivité Territoriale,Commune,['Meurthe-et-Moselle'],['Grand Est'],COM,{54},{44}
e453b227-c02f-427e-8f0f-8f9521fd9868,217201805,Commune de Mamers (72),false,{72180},Commune,2026-03-24 14:42:08.279287+01,gold_establishments_2025,,,,21720180500017,2025,Collectivité Territoriale,Commune,['Sarthe'],['Pays de la Loire'],COM,{72},{52}
55ddfdb4-5fce-4961-9c0b-effde6e6630e,216205435,Commune de Mametz (62),false,{62543},Commune,2026-03-24 14:42:05.597325+01,gold_establishments_2025,,,,21620543500011,2025,Collectivité Territoriale,Commune,['Pas-de-Calais'],['Hauts-de-France'],COM,{62},{32}
ab08e97d-a6f0-4547-b0e0-c5fe1de50819,215403403,Commune de Mamey (54),false,{54340},Commune,2026-03-24 14:42:02.957225+01,gold_establishments_2025,,,,21540340300011,2025,Collectivité Territoriale,Commune,['Meurthe-et-Moselle'],['Grand Est'],COM,{54},{44}
4bcd0556-1642-4956-9b4c-8aa04871b63a,212503643,Commune de Mamirolle (25),false,{25364},Commune,2026-03-24 14:41:56.495197+01,gold_establishments_2025,,,,21250364300018,2025,Collectivité Territoriale,Commune,['Doubs'],['Bourgogne-Franche-Comté'],COM,{25},{27}
ddc02b26-bb25-4261-a4e2-f7bba715af6a,200008837,Commune de Mamoudzou (976),false,{97611},Commune,2026-03-24 14:42:11.659493+01,gold_establishments_2025,,,,20000883700011,2025,Collectivité Territoriale,Commune,['Mayotte'],['Mayotte'],COM,{976},{06}
f5316d1d-dc47-46da-8f33-b19a5fd044b8,219733060,Commune de Mana (973),false,{97306},Commune,2026-03-24 14:42:11.659493+01,gold_establishments_2025,,,,21973306000012,2025,Collectivité Territoriale,Commune,['Guyane'],['Guyane'],COM,{973},{03}
30727c6f-94ea-495f-beae-b2bfaf51e88f,212601710,Commune de Manas (26),false,{26171},Commune,2026-03-24 14:41:56.495197+01,gold_establishments_2025,,,,21260171000016,2025,Collectivité Territoriale,Commune,['Drôme'],['Auvergne-Rhône-Alpes'],COM,{26},{84}
ac925afc-0994-452b-939f-3ea77e69ed7b,213202260,Commune de Manas-Bastanous (32),false,{32226},Commune,2026-03-24 14:41:58.09424+01,gold_establishments_2025,,,,21320226000013,2025,Collectivité Territoriale,Commune,['Gers'],['Occitanie'],COM,{32},{76}
50d699a7-295b-41a1-ba65-5d52324ec3cd,212503650,Commune de Mancenans (25),false,{25365},Commune,2026-03-24 14:41:56.495197+01,gold_establishments_2025,,,,21250365000013,2025,Collectivité Territoriale,Commune,['Doubs'],['Bourgogne-Franche-Comté'],COM,{25},{27}
3f813627-0ba5-4dd8-a297-f63f32397ed4,212503668,Commune de Mancenans-Lizerne (25),false,{25366},Commune,2026-03-24 14:41:56.495197+01,gold_establishments_2025,,,,21250366800015,2025,Collectivité Territoriale,Commune,['Doubs'],['Bourgogne-Franche-Comté'],COM,{25},{27}
09944b73-8d1d-48ef-8ba0-25b801555812,217102748,Commune de Mancey (71),false,{71274},Commune,2026-03-24 14:42:07.735343+01,gold_establishments_2025,,,,21710274800019,2025,Collectivité Territoriale,Commune,['Saône-et-Loire'],['Bourgogne-Franche-Comté'],COM,{71},{27}
409e373a-8f99-4110-a9fe-6777ac731b28,213202278,Commune de Manciet (32),false,{32227},Commune,2026-03-24 14:41:58.09424+01,gold_establishments_2025,,,,21320227800015,2025,Collectivité Territoriale,Commune,['Gers'],['Occitanie'],COM,{32},{76}
cd2384a3-5023-4cb8-b95e-725a9efcc82f,213103146,Commune de Mancioux (31),false,{31314},Commune,2026-03-24 14:41:58.09424+01,gold_establishments_2025,,,,21310314600014,2025,Collectivité Territoriale,Commune,['Haute-Garonne'],['Occitanie'],COM,{31},{76}
bb4271a0-549a-4516-b823-fbb1d441bb57,215103185,Commune de Mancy (51),false,{51342},Commune,2026-03-24 14:42:01.954481+01,gold_establishments_2025,,,,21510318500017,2025,Collectivité Territoriale,Commune,['Marne'],['Grand Est'],COM,{51},{44}
880043d8-b1ce-46ff-852a-0825239211c0,213001548,Commune de Mandagout (30),false,{30154},Commune,2026-03-24 14:41:57.56054+01,gold_establishments_2025,,,,21300154800014,2025,Collectivité Territoriale,Commune,['Gard'],['Occitanie'],COM,{30},{76}
7791fc73-be1e-49bf-8574-7d8157492417,211501135,Commune de Mandailles-Saint-Julien (15),false,{15113},Commune,2026-03-24 14:41:54.362296+01,gold_establishments_2025,,,,21150113500019,2025,Collectivité Territoriale,Commune,['Cantal'],['Auvergne-Rhône-Alpes'],COM,{15},{84}
57c8e282-d322-42aa-87d6-618b052d1e62,210600797,Commune de Mandelieu-la-Napoule (06),false,{06079},Commune,2026-03-24 14:41:52.562531+01,gold_establishments_2025,,,,21060079700182,2025,Collectivité Territoriale,Commune,['Alpes-Maritimes'],"[""Provence-Alpes-Côte d'Azur""]",COM,{06},{93}
b49b15a7-6946-42af-b1a6-538a7fed61a3,200084853,Commune de Manderen-Ritzing (57),false,{57439},Commune,2026-03-24 14:42:03.701372+01,gold_establishments_2025,,,,20008485300015,2025,Collectivité Territoriale,Commune,['Moselle'],['Grand Est'],COM,{57},{44}
aa2a6fde-6296-48f9-aef8-63522da1b7b4,212503676,Commune de Mandeure (25),false,{25367},Commune,2026-03-24 14:41:56.495197+01,gold_establishments_2025,,,,21250367600018,2025,Collectivité Territoriale,Commune,['Doubs'],['Bourgogne-Franche-Comté'],COM,{25},{27}
a65e176f-1fe4-4292-a380-a0960dbe649d,212703821,Commune de Mandeville (27),false,{27382},Commune,2026-03-24 14:41:57.028721+01,gold_establishments_2025,,,,21270382100018,2025,Collectivité Territoriale,Commune,['Eure'],['Normandie'],COM,{27},{28}
e33697e6-10f9-4a84-8275-547fe75f87da,211403977,Commune de Mandeville-en-Bessin (14),false,{14397},Commune,2026-03-24 14:41:54.362296+01,gold_establishments_2025,,,,21140397700013,2025,Collectivité Territoriale,Commune,['Calvados'],['Normandie'],COM,{14},{28}
0002ee48-dbdd-47a1-be7a-fde49c541377,218802841,Commune de Mandray (88),false,{88284},Commune,2026-03-24 14:42:11.118516+01,gold_establishments_2025,,,,21880284100013,2025,Collectivité Territoriale,Commune,['Vosges'],['Grand Est'],COM,{88},{44}
b84600c5-b3d0-44bc-99f8-93ea7ad9fd35,212703839,Commune de Mandres (27),false,{27383},Commune,2026-03-24 14:41:57.028721+01,gold_establishments_2025,,,,21270383900010,2025,Collectivité Territoriale,Commune,['Eure'],['Normandie'],COM,{27},{28}
cbbf304d-9c1d-450e-b22e-65c789e2d5e2,215403437,Commune de Mandres-aux-Quatre-Tours (54),false,{54343},Commune,2026-03-24 14:42:02.957225+01,gold_establishments_2025,,,,21540343700019,2025,Collectivité Territoriale,Commune,['Meurthe-et-Moselle'],['Grand Est'],COM,{54},{44}
7f1cb3ee-50e8-420e-92d1-7b38e4ac302f,215503152,Commune de Mandres-en-Barrois (55),false,{55315},Commune,2026-03-24 14:42:03.701372+01,gold_establishments_2025,,,,21550315200013,2025,Collectivité Territoriale,Commune,['Meuse'],['Grand Est'],COM,{55},{44}
ba077c10-2942-4f9f-8b5d-a5361d7047c4,215202193,Commune de Mandres-la-Côte (52),false,{52305},Commune,2026-03-24 14:42:01.954481+01,gold_establishments_2025,,,,21520219300011,2025,Collectivité Territoriale,Commune,['Haute-Marne'],['Grand Est'],COM,{52},{44}
c5c727c2-35ca-46f9-a0dc-a415ec6b8d04,219400470,Commune de Mandres-les-Roses (94),false,{94047},Commune,2026-03-24 14:42:11.659493+01,gold_establishments_2025,,,,21940047000015,2025,Collectivité Territoriale,Commune,['Val-de-Marne'],['Île-de-France'],COM,{94},{11}
0b7daad5-4c84-4cd7-99c4-2b6653d0c13e,218802858,Commune de Mandres-sur-Vair (88),false,{88285},Commune,2026-03-24 14:42:11.118516+01,gold_establishments_2025,,,,21880285800017,2025,Collectivité Territoriale,Commune,['Vosges'],['Grand Est'],COM,{88},{44}
ce43558c-3da4-488e-972b-320cd60d7499,217003300,Commune de Mandrevillars (70),false,{70330},Commune,2026-03-24 14:42:07.735343+01,gold_establishments_2025,,,,21700330000019,2025,Collectivité Territoriale,Commune,['Haute-Saône'],['Bourgogne-Franche-Comté'],COM,{70},{27}
d3db4779-871b-4d1d-89cf-ae3d02aac1f4,213001555,Commune de Manduel (30),false,{30155},Commune,2026-03-24 14:41:57.56054+01,gold_establishments_2025,,,,21300155500019,2025,Collectivité Territoriale,Commune,['Gard'],['Occitanie'],COM,{30},{76}
3711d6f4-e01e-4e1e-9a29-97c6f53c72e2,210401113,Commune de Mane (04),false,{04111},Commune,2026-03-24 14:41:52.562531+01,gold_establishments_2025,,,,21040111300019,2025,Collectivité Territoriale,Commune,['Alpes-de-Haute-Provence'],"[""Provence-Alpes-Côte d'Azur""]",COM,{04},{93}
a8e205f1-1afd-4f11-9943-f5ad08e3b14c,213103153,Commune de Mane (31),false,{31315},Commune,2026-03-24 14:41:58.09424+01,gold_establishments_2025,,,,21310315300010,2025,Collectivité Territoriale,Commune,['Haute-Garonne'],['Occitanie'],COM,{31},{76}
6cebde80-f46b-42b9-8ae7-b0d2b7029436,213202286,Commune de Manent-Montané (32),false,{32228},Commune,2026-03-24 14:41:58.09424+01,gold_establishments_2025,,,,21320228600018,2025,Collectivité Territoriale,Commune,['Gers'],['Occitanie'],COM,{32},{76}
8944ef56-f0f7-4036-ba0f-0aef17fb5578,211403985,Commune de Manerbe (14),false,{14398},Commune,2026-03-24 14:41:54.362296+01,gold_establishments_2025,,,,21140398500016,2025,Collectivité Territoriale,Commune,['Calvados'],['Normandie'],COM,{14},{28}
0ca793ea-310f-4dbd-9025-1f8bb8afa6d0,215503160,Commune de Mangiennes (55),false,{55316},Commune,2026-03-24 14:42:03.701372+01,gold_establishments_2025,,,,21550316000016,2025,Collectivité Territoriale,Commune,['Meuse'],['Grand Est'],COM,{55},{44}
895237fa-be83-4dde-be27-73b4838e4730,216302059,Commune de Manglieu (63),false,{63205},Commune,2026-03-24 14:42:06.130387+01,gold_establishments_2025,,,,21630205900011,2025,Collectivité Territoriale,Commune,['Puy-de-Dôme'],['Auvergne-Rhône-Alpes'],COM,{63},{84}
1899e877-e4d3-44f9-b448-beb583f3fb3a,215403445,Commune de Mangonville (54),false,{54344},Commune,2026-03-24 14:42:02.957225+01,gold_establishments_2025,,,,21540344500012,2025,Collectivité Territoriale,Commune,['Meurthe-et-Moselle'],['Grand Est'],COM,{54},{44}
f87dc974-198d-4160-9ad4-0eec7c246452,211201371,Commune de Manhac (12),false,{12137},Commune,2026-03-24 14:41:53.63825+01,gold_establishments_2025,,,,21120137100013,2025,Collectivité Territoriale,Commune,['Aveyron'],['Occitanie'],COM,{12},{76}
b2bac183-1432-490f-b2cd-b84586bb4129,215503178,Commune de Manheulles (55),false,{55317},Commune,2026-03-24 14:42:03.701372+01,gold_establishments_2025,,,,21550317800018,2025,Collectivité Territoriale,Commune,['Meuse'],['Grand Est'],COM,{55},{44}
825fc421-1c1c-4097-983f-6a5f569edcb2,215704404,Commune de Manhoué (57),false,{57440},Commune,2026-03-24 14:42:03.701372+01,gold_establishments_2025,,,,21570440400015,2025,Collectivité Territoriale,Commune,['Moselle'],['Grand Est'],COM,{57},{44}
50293907-aa1c-47c4-ab7c-267ed83ed717,210204335,Commune de Manicamp (02),false,{02456},Commune,2026-03-24 14:41:52.020251+01,gold_establishments_2025,,,,21020433500017,2025,Collectivité Territoriale,Commune,['Aisne'],['Hauts-de-France'],COM,{02},{32}
aecb432a-d94d-4b11-9cc9-b6b70a187b1f,217401603,Commune de Manigod (74),false,{74160},Commune,2026-03-24 14:42:08.279287+01,gold_establishments_2025,,,,21740160300014,2025,Collectivité Territoriale,Commune,['Haute-Savoie'],['Auvergne-Rhône-Alpes'],COM,{74},{84}
7c0dc188-9e84-489b-a110-6edbb658dfdd,216205443,Commune de Manin (62),false,{62544},Commune,2026-03-24 14:42:05.597325+01,gold_establishments_2025,,,,21620544300015,2025,Collectivité Territoriale,Commune,['Pas-de-Calais'],['Hauts-de-France'],COM,{62},{32}
04894180-ae2c-4480-b5e1-c62019de8b65,216205450,Commune de Maninghem (62),false,{62545},Commune,2026-03-24 14:42:05.597325+01,gold_establishments_2025,,,,21620545000010,2025,Collectivité Territoriale,Commune,['Pas-de-Calais'],['Hauts-de-France'],COM,{62},{32}
e97823f1-8049-485b-8680-b55f9fb61052,216205468,Commune de Maninghen-Henne (62),false,{62546},Commune,2026-03-24 14:42:05.597325+01,gold_establishments_2025,,,,21620546800012,2025,Collectivité Territoriale,Commune,['Pas-de-Calais'],['Hauts-de-France'],COM,{62},{32}
6a53d753-975c-4c92-8a0f-bbcad24168b4,217604065,Commune de Maniquerville (76),false,{76406},Commune,2026-03-24 14:42:08.818969+01,gold_establishments_2025,,,,21760406500011,2025,Collectivité Territoriale,Commune,['Seine-Maritime'],['Normandie'],COM,{76},{28}
129703cf-10db-4772-b81c-7909677561ad,212103758,Commune de Manlay (21),false,{21375},Commune,2026-03-24 14:41:55.433389+01,gold_establishments_2025,,,,21210375800018,2025,Collectivité Territoriale,Commune,"[""Côte-d'Or""]",['Bourgogne-Franche-Comté'],COM,{21},{27}
0698d284-6bc3-4ab6-b5c8-ff55f95260c3,217604081,Commune de Manneville-la-Goupil (76),false,{76408},Commune,2026-03-24 14:42:08.818969+01,gold_establishments_2025,,,,21760408100018,2025,Collectivité Territoriale,Commune,['Seine-Maritime'],['Normandie'],COM,{76},{28}
5e8313f9-d173-499b-a860-3b01b814acb4,211403993,Commune de Manneville-la-Pipard (14),false,{14399},Commune,2026-03-24 14:41:54.362296+01,gold_establishments_2025,,,,21140399300010,2025,Collectivité Territoriale,Commune,['Calvados'],['Normandie'],COM,{14},{28}
58c12083-feb0-4043-afbb-3f48a69d9fa1,212703847,Commune de Manneville-la-Raoult (27),false,{27384},Commune,2026-03-24 14:41:57.028721+01,gold_establishments_2025,,,,21270384700013,2025,Collectivité Territoriale,Commune,['Eure'],['Normandie'],COM,{27},{28}
d5f17890-00dd-4ef5-966d-37db8335ae31,212703854,Commune de Manneville-sur-Risle (27),false,{27385},Commune,2026-03-24 14:41:57.028721+01,gold_establishments_2025,,,,21270385400019,2025,Collectivité Territoriale,Commune,['Eure'],['Normandie'],COM,{27},{28}
ba4ca9c7-2a1a-494a-a11b-c8be3c0cd5bc,217604073,Commune de Manneville-ès-Plains (76),false,{76407},Commune,2026-03-24 14:42:08.818969+01,gold_establishments_2025,,,,21760407300015,2025,Collectivité Territoriale,Commune,['Seine-Maritime'],['Normandie'],COM,{76},{28}
00b40fbe-8520-4df8-8f8f-fc34ed9ee977,217604099,Commune de Mannevillette (76),false,{76409},Commune,2026-03-24 14:42:08.818969+01,gold_establishments_2025,,,,21760409900036,2025,Collectivité Territoriale,Commune,['Seine-Maritime'],['Normandie'],COM,{76},{28}
76737f75-7e1c-451f-b935-faceddbfd8d3,214001711,Commune de Mano (40),false,{40171},Commune,2026-03-24 14:41:59.705606+01,gold_establishments_2025,,,,21400171100016,2025,Collectivité Territoriale,Commune,['Landes'],['Nouvelle-Aquitaine'],COM,{40},{75}
c7265d1f-dc6a-4245-98a1-e6e3e7bc068d,215202201,Commune de Manois (52),false,{52306},Commune,2026-03-24 14:42:01.954481+01,gold_establishments_2025,,,,21520220100012,2025,Collectivité Territoriale,Commune,['Haute-Marne'],['Grand Est'],COM,{52},{44}
fe80b6f1-f4bc-459c-9692-8dbb88224263,215704412,Commune de Manom (57),false,{57441},Commune,2026-03-24 14:42:03.701372+01,gold_establishments_2025,,,,21570441200018,2025,Collectivité Territoriale,Commune,['Moselle'],['Grand Est'],COM,{57},{44}
68477149-e414-4930-95af-e298260c839f,215403452,Commune de Manoncourt-en-Vermois (54),false,{54345},Commune,2026-03-24 14:42:02.957225+01,gold_establishments_2025,,,,21540345200018,2025,Collectivité Territoriale,Commune,['Meurthe-et-Moselle'],['Grand Est'],COM,{54},{44}
02afda7e-ceb9-4750-b58a-6edddb22dd05,215403460,Commune de Manoncourt-en-Woëvre (54),false,{54346},Commune,2026-03-24 14:42:02.957225+01,gold_establishments_2025,,,,21540346000011,2025,Collectivité Territoriale,Commune,['Meurthe-et-Moselle'],['Grand Est'],COM,{54},{44}
1f98f373-88a5-45bd-ad68-b63c97929b4e,215403486,Commune de Manonville (54),false,{54348},Commune,2026-03-24 14:42:02.957225+01,gold_establishments_2025,,,,21540348600016,2025,Collectivité Territoriale,Commune,['Meurthe-et-Moselle'],['Grand Est'],COM,{54},{44}
2b6a8ba5-233a-4854-a96b-3bf21b8b9835,215403494,Commune de Manonviller (54),false,{54349},Commune,2026-03-24 14:42:02.957225+01,gold_establishments_2025,,,,21540349400010,2025,Collectivité Territoriale,Commune,['Meurthe-et-Moselle'],['Grand Est'],COM,{54},{44}
28b0c6e7-f3bf-4ca0-8ff8-b93e17949cbe,210401121,Commune de Manosque (04),false,{04112},Commune,2026-03-24 14:41:52.562531+01,gold_establishments_2025,,,,21040112100012,2025,Collectivité Territoriale,Commune,['Alpes-de-Haute-Provence'],"[""Provence-Alpes-Côte d'Azur""]",COM,{04},{93}
0e066e58-92a5-4290-ab45-d76199df9027,211602057,Commune de Manot (16),false,{16205},Commune,2026-03-24 14:41:54.362296+01,gold_establishments_2025,,,,21160205700013,2025,Collectivité Territoriale,Commune,['Charente'],['Nouvelle-Aquitaine'],COM,{16},{75}
995b4cda-8c5d-4f20-99fb-7d7dede210a4,212802326,Commune de Manou (28),false,{28232},Commune,2026-03-24 14:41:57.028721+01,gold_establishments_2025,,,,21280232600018,2025,Collectivité Territoriale,Commune,['Eure-et-Loir'],['Centre-Val de Loire'],COM,{28},{24}
8486be40-0d3b-40ab-8aee-206737f2cf20,210802435,Commune de Manre (08),false,{08271},Commune,2026-03-24 14:41:53.095366+01,gold_establishments_2025,,,,21080243500011,2025,Collectivité Territoriale,Commune,['Ardennes'],['Grand Est'],COM,{08},{44}
5c4141d5-95d5-4920-88ca-9f69883f27f0,211912407,Commune de Mansac (19),false,{19124},Commune,2026-03-24 14:41:54.903238+01,gold_establishments_2025,,,,21191240700015,2025,Collectivité Territoriale,Commune,['Corrèze'],['Nouvelle-Aquitaine'],COM,{19},{75}
5de74965-b15c-4eca-8af1-76919895df26,216502971,Commune de Mansan (65),false,{65297},Commune,2026-03-24 14:42:06.665412+01,gold_establishments_2025,,,,21650297100015,2025,Collectivité Territoriale,Commune,['Hautes-Pyrénées'],['Occitanie'],COM,{65},{76}
1a8ad4fa-5270-4577-ae30-1cb2dc97dd33,212312201,Commune de Mansat-la-Courrière (23),false,{23122},Commune,2026-03-24 14:41:55.958138+01,gold_establishments_2025,,,,21231220100016,2025,Collectivité Territoriale,Commune,['Creuse'],['Nouvelle-Aquitaine'],COM,{23},{75}
df925cf7-1f0a-4a7a-87c0-6f9cb81b4b07,213202294,Commune de Mansempuy (32),false,{32229},Commune,2026-03-24 14:41:58.09424+01,gold_establishments_2025,,,,21320229400012,2025,Collectivité Territoriale,Commune,['Gers'],['Occitanie'],COM,{32},{76}
687d8be0-d1bf-4fb9-afa4-302d26e7edb5,213202302,Commune de Mansencôme (32),false,{32230},Commune,2026-03-24 14:41:58.09424+01,gold_establishments_2025,,,,21320230200013,2025,Collectivité Territoriale,Commune,['Gers'],['Occitanie'],COM,{32},{76}
a54e6e2c-5d73-4893-a841-117d2826624a,210901807,Commune de Manses (09),false,{09180},Commune,2026-03-24 14:41:53.095366+01,gold_establishments_2025,,,,21090180700011,2025,Collectivité Territoriale,Commune,['Ariège'],['Occitanie'],COM,{09},{76}
edc37e2a-808a-47b0-9419-743aa8393617,217201821,Commune de Mansigné (72),false,{72182},Commune,2026-03-24 14:42:08.279287+01,gold_establishments_2025,,,,21720182100014,2025,Collectivité Territoriale,Commune,['Sarthe'],['Pays de la Loire'],COM,{72},{52}
26c87977-c070-49d4-8fc6-3773d8c31b55,200099455,Commune de Mansle-les-Fontaines (16),false,{16206},Commune,2026-03-24 14:41:54.362296+01,gold_establishments_2025,,,,20009945500012,2025,Collectivité Territoriale,Commune,['Charente'],['Nouvelle-Aquitaine'],COM,{16},{75}
9b2142a2-4f6f-4ac8-88f4-dc12e0406b7e,212001531,Commune de Manso (2B),false,{2B153},Commune,2026-03-24 14:41:57.56054+01,gold_establishments_2025,,,,21200153100012,2025,Collectivité Territoriale,Commune,['Haute-Corse'],['Corse'],COM,{2B},{94}
beedd558-1cdc-4a29-9279-b832d667448d,218201028,Commune de Mansonville (82),false,{82102},Commune,2026-03-24 14:42:10.508772+01,gold_establishments_2025,,,,21820102800014,2025,Collectivité Territoriale,Commune,['Tarn-et-Garonne'],['Occitanie'],COM,{82},{76}
3130f2fd-fb64-4ea4-9f16-08e4fc21f53d,216802009,Commune de Manspach (68),false,{68200},Commune,2026-03-24 14:42:07.195692+01,gold_establishments_2025,,,,21680200900011,2025,Collectivité Territoriale,Commune,['Haut-Rhin'],['Grand Est'],COM,{68},{44}
fb7d7afb-d5e3-4f44-be01-8012a6981a35,214001729,Commune de Mant (40),false,{40172},Commune,2026-03-24 14:41:59.705606+01,gold_establishments_2025,,,,21400172900018,2025,Collectivité Territoriale,Commune,['Landes'],['Nouvelle-Aquitaine'],COM,{40},{75}
a2c6b95b-4979-4161-85f5-9893d6267e0e,212201412,Commune de Mantallot (22),false,{22141},Commune,2026-03-24 14:41:55.433389+01,gold_establishments_2025,,,,21220141200013,2025,Collectivité Territoriale,Commune,"[""Côtes-d'Armor""]",['Bretagne'],COM,{22},{53}
dfeb36e4-c754-4d3d-aa6d-c50f5c5470b4,210102307,Commune de Mantenay-Montlin (01),false,{01230},Commune,2026-03-24 14:41:51.447482+01,gold_establishments_2025,,,,21010230700019,2025,Collectivité Territoriale,Commune,['Ain'],['Auvergne-Rhône-Alpes'],COM,{01},{84}
8da0fea4-3ee3-481f-963b-beea4fad0384,217803618,Commune de Mantes-la-Jolie (78),false,{78361},Commune,2026-03-24 14:42:09.43682+01,gold_establishments_2025,,,,21780361800016,2025,Collectivité Territoriale,Commune,['Yvelines'],['Île-de-France'],COM,{78},{11}
5fe7e48e-8017-4c3a-bb18-55c3795691e8,217803626,Commune de Mantes-la-Ville (78),false,{78362},Commune,2026-03-24 14:42:09.43682+01,gold_establishments_2025,,,,21780362600019,2025,Collectivité Territoriale,Commune,['Yvelines'],['Île-de-France'],COM,{78},{11}
1640e984-80b3-4eed-a377-2d16a54ba146,216601021,Commune de Mantet (66),false,{66102},Commune,2026-03-24 14:42:06.665412+01,gold_establishments_2025,,,,21660102100019,2025,Collectivité Territoriale,Commune,['Pyrénées-Orientales'],['Occitanie'],COM,{66},{76}
a3d7c943-e17c-403c-89ba-ea5dc4c26253,210500757,Commune de Manteyer (05),false,{05075},Commune,2026-03-24 14:41:52.562531+01,gold_establishments_2025,,,,21050075700013,2025,Collectivité Territoriale,Commune,['Hautes-Alpes'],"[""Provence-Alpes-Côte d'Azur""]",COM,{05},{93}
dd78cdad-cb0f-4a9a-a64c-2830515c3b55,213701436,Commune de Manthelan (37),false,{37143},Commune,2026-03-24 14:41:59.160244+01,gold_establishments_2025,,,,21370143600015,2025,Collectivité Territoriale,Commune,['Indre-et-Loire'],['Centre-Val de Loire'],COM,{37},{24}
488b8b70-92b5-4de7-b0e4-b94fffeea0e4,212601728,Commune de Manthes (26),false,{26172},Commune,2026-03-24 14:41:56.495197+01,gold_establishments_2025,,,,21260172800018,2025,Collectivité Territoriale,Commune,['Drôme'],['Auvergne-Rhône-Alpes'],COM,{26},{84}
c3dc100b-af1b-4ec9-aab0-890984ee15c4,216102483,Commune de Mantilly (61),false,{61248},Commune,2026-03-24 14:42:05.597325+01,gold_establishments_2025,,,,21610248300015,2025,Collectivité Territoriale,Commune,['Orne'],['Normandie'],COM,{61},{28}
ddee74b0-47b9-47c9-a272-685a740bbc10,217003318,Commune de Mantoche (70),false,{70331},Commune,2026-03-24 14:42:07.735343+01,gold_establishments_2025,,,,21700331800011,2025,Collectivité Territoriale,Commune,['Haute-Saône'],['Bourgogne-Franche-Comté'],COM,{70},{27}
7e059627-bfec-4d5c-a3cd-3767c93b0018,213903107,Commune de Mantry (39),false,{39310},Commune,2026-03-24 14:41:59.705606+01,gold_establishments_2025,,,,21390310700018,2025,Collectivité Territoriale,Commune,['Jura'],['Bourgogne-Franche-Comté'],COM,{39},{27}
2758775f-1bdd-4f34-aecc-229d92e13184,211404017,Commune de Manvieux (14),false,{14401},Commune,2026-03-24 14:41:54.362296+01,gold_establishments_2025,,,,21140401700017,2025,Collectivité Territoriale,Commune,['Calvados'],['Normandie'],COM,{14},{28}
c9d1ad46-ff05-4173-bea7-fae9171e4b34,215704420,Commune de Many (57),false,{57442},Commune,2026-03-24 14:42:03.701372+01,gold_establishments_2025,,,,21570442000011,2025,Collectivité Territoriale,Commune,['Moselle'],['Grand Est'],COM,{57},{44}
55a40de5-3ea9-47cd-afb5-05b289d29952,212402515,Commune de Manzac-sur-Vern (24),false,{24251},Commune,2026-03-24 14:41:55.958138+01,gold_establishments_2025,,,,21240251500010,2025,Collectivité Territoriale,Commune,['Dordogne'],['Nouvelle-Aquitaine'],COM,{24},{75}
b58bf165-de37-40b5-af65-afe88cee5c87,216302067,Commune de Manzat (63),false,{63206},Commune,2026-03-24 14:42:06.130387+01,gold_establishments_2025,,,,21630206700014,2025,Collectivité Territoriale,Commune,['Puy-de-Dôme'],['Auvergne-Rhône-Alpes'],COM,{63},{84}
a03ecb61-95a3-4aa3-8a3e-962c6d89eec5,210102315,Commune de Manziat (01),false,{01231},Commune,2026-03-24 14:41:51.447482+01,gold_establishments_2025,,,,21010231500012,2025,Collectivité Territoriale,Commune,['Ain'],['Auvergne-Rhône-Alpes'],COM,{01},{84}
d97a9c07-6ce8-4362-87bf-633a6ba01ba9,217604040,Commune de Manéglise (76),false,{76404},Commune,2026-03-24 14:42:08.818969+01,gold_establishments_2025,,,,21760404000014,2025,Collectivité Territoriale,Commune,['Seine-Maritime'],['Normandie'],COM,{76},{28}
df6bd7fb-bf92-4670-b1ef-25fc0384e207,217604057,Commune de Manéhouville (76),false,{76405},Commune,2026-03-24 14:42:08.818969+01,gold_establishments_2025,,,,21760405700018,2025,Collectivité Territoriale,Commune,['Seine-Maritime'],['Normandie'],COM,{76},{28}
be4f60ab-5ec4-4620-ade9-0ba3b5f3acd4,215202219,Commune de Marac (52),false,{52307},Commune,2026-03-24 14:42:01.954481+01,gold_establishments_2025,,,,21520221900014,2025,Collectivité Territoriale,Commune,['Haute-Marne'],['Grand Est'],COM,{52},{44}
efa1023d-24cc-4f40-b85d-3511ed3e43e2,218802866,Commune de Marainville-sur-Madon (88),false,{88286},Commune,2026-03-24 14:42:11.118516+01,gold_establishments_2025,,,,21880286600010,2025,Collectivité Territoriale,Commune,['Vosges'],['Grand Est'],COM,{88},{44}
c9bc72a4-1404-4539-b1e8-b4a333d28a7d,215403502,Commune de Marainviller (54),false,{54350},Commune,2026-03-24 14:42:02.957225+01,gold_establishments_2025,,,,21540350200010,2025,Collectivité Territoriale,Commune,['Meurthe-et-Moselle'],['Grand Est'],COM,{54},{44}
18f240cd-fb79-48f2-a362-7f40ddd364fe,212703888,Commune de Marais-Vernier (27),false,{27388},Commune,2026-03-24 14:41:57.028721+01,gold_establishments_2025,,,,21270388800017,2025,Collectivité Territoriale,Commune,['Eure'],['Normandie'],COM,{27},{28}
deef8e95-dc5d-418d-9584-7cc4f0cfe4c0,213202310,Commune de Marambat (32),false,{32231},Commune,2026-03-24 14:41:58.09424+01,gold_establishments_2025,,,,21320231000016,2025,Collectivité Territoriale,Commune,['Gers'],['Occitanie'],COM,{32},{76}
a591b9af-20e3-45cb-9473-14cc8d818d2b,212103766,Commune de Marandeuil (21),false,{21376},Commune,2026-03-24 14:41:55.433389+01,gold_establishments_2025,,,,21210376600011,2025,Collectivité Territoriale,Commune,"[""Côte-d'Or""]",['Bourgogne-Franche-Comté'],COM,{21},{27}
40a37cd9-5ff3-4431-a212-22a05d448369,215704438,Commune de Marange-Silvange (57),false,{57443},Commune,2026-03-24 14:42:03.701372+01,gold_establishments_2025,,,,21570443800096,2025,Collectivité Territoriale,Commune,['Moselle'],['Grand Est'],COM,{57},{44}
cc006c78-c33e-46c2-ac41-e1f258aed10a,215704446,Commune de Marange-Zondrange (57),false,{57444},Commune,2026-03-24 14:42:03.701372+01,gold_establishments_2025,,,,21570444600016,2025,Collectivité Territoriale,Commune,['Moselle'],['Grand Est'],COM,{57},{44}
82077414-aa39-419f-bbbe-220be609f9f2,211702188,Commune de Marans (17),false,{17218},Commune,2026-03-24 14:41:54.903238+01,gold_establishments_2025,,,,21170218800015,2025,Collectivité Territoriale,Commune,['Charente-Maritime'],['Nouvelle-Aquitaine'],COM,{17},{75}
c2423e66-9562-4e19-be6c-9768719c3ed8,213302649,Commune de Maransin (33),false,{33264},Commune,2026-03-24 14:41:58.620411+01,gold_establishments_2025,,,,21330264900016,2025,Collectivité Territoriale,Commune,['Gironde'],['Nouvelle-Aquitaine'],COM,{33},{75}
a73e669b-b43e-46de-869a-11a12e59fc88,216205476,Commune de Marant (62),false,{62547},Commune,2026-03-24 14:42:05.597325+01,gold_establishments_2025,,,,21620547600015,2025,Collectivité Territoriale,Commune,['Pas-de-Calais'],['Hauts-de-France'],COM,{62},{32}
ce701b72-4e83-4ca7-9e25-01498312808d,215202227,Commune de Maranville (52),false,{52308},Commune,2026-03-24 14:42:01.954481+01,gold_establishments_2025,,,,21520222700017,2025,Collectivité Territoriale,Commune,['Haute-Marne'],['Grand Est'],COM,{52},{44}
951b09a1-4733-4f25-99fa-85375ddb5651,210802443,Commune de Maranwez (08),false,{08272},Commune,2026-03-24 14:41:53.095366+01,gold_establishments_2025,,,,21080244300015,2025,Collectivité Territoriale,Commune,['Ardennes'],['Grand Est'],COM,{08},{44}
d9507ef0-3e06-470e-bda3-3027d9adf391,217003326,Commune de Marast (70),false,{70332},Commune,2026-03-24 14:42:07.735343+01,gold_establishments_2025,,,,21700332600014,2025,Collectivité Territoriale,Commune,['Haute-Saône'],['Bourgogne-Franche-Comté'],COM,{70},{27}
a3dc1e60-fedf-4000-be6d-637e2ce18507,216302075,Commune de Marat (63),false,{63207},Commune,2026-03-24 14:42:06.130387+01,gold_establishments_2025,,,,21630207500017,2025,Collectivité Territoriale,Commune,['Puy-de-Dôme'],['Auvergne-Rhône-Alpes'],COM,{63},{84}
f1654116-9117-4993-85df-f759bf56d520,213401482,Commune de Maraussan (34),false,{34148},Commune,2026-03-24 14:41:58.620411+01,gold_establishments_2025,,,,21340148200012,2025,Collectivité Territoriale,Commune,['Hérault'],['Occitanie'],COM,{34},{76}
16a54214-71eb-4a63-b6ce-060e19e59df5,213202328,Commune de Maravat (32),false,{32232},Commune,2026-03-24 14:41:58.09424+01,gold_establishments_2025,,,,21320232800018,2025,Collectivité Territoriale,Commune,['Gers'],['Occitanie'],COM,{32},{76}
acbfb4a4-ad6e-49e7-96a6-f8c22c85fe35,214101222,Commune de Maray (41),false,{41122},Commune,2026-03-24 14:42:00.273698+01,gold_establishments_2025,,,,21410122200013,2025,Collectivité Territoriale,Commune,['Loir-et-Cher'],['Centre-Val de Loire'],COM,{41},{24}
176fd712-9f04-431f-bfda-c7b88353d05a,211002159,Commune de Maraye-en-Othe (10),false,{10222},Commune,2026-03-24 14:41:53.095366+01,gold_establishments_2025,,,,21100215900013,2025,Collectivité Territoriale,Commune,['Aube'],['Grand Est'],COM,{10},{44}
ee9e41fb-d4c8-41bf-af51-3bcf1f48bf66,215403510,Commune de Marbache (54),false,{54351},Commune,2026-03-24 14:42:02.957225+01,gold_establishments_2025,,,,21540351000013,2025,Collectivité Territoriale,Commune,['Meurthe-et-Moselle'],['Grand Est'],COM,{54},{44}
df3c9599-bc3a-4869-ba08-37647b879df8,215903741,Commune de Marbaix (59),false,{59374},Commune,2026-03-24 14:42:04.280096+01,gold_establishments_2025,,,,21590374100019,2025,Collectivité Territoriale,Commune,['Nord'],['Hauts-de-France'],COM,{59},{32}
6841b9fd-914e-488b-b5b9-43af6eb2816b,212703896,Commune de Marbeuf (27),false,{27389},Commune,2026-03-24 14:41:57.028721+01,gold_establishments_2025,,,,21270389600010,2025,Collectivité Territoriale,Commune,['Eure'],['Normandie'],COM,{27},{28}
a4b142dd-e60e-4fff-ad2b-cfbf63afb52f,200056075,Commune de Marbois (27),false,{27157},Commune,2026-03-24 14:41:57.028721+01,gold_establishments_2025,,,,20005607500019,2025,Collectivité Territoriale,Commune,['Eure'],['Normandie'],COM,{27},{28}
516a35fe-f376-4e17-a488-4c63973aa9dd,212802334,Commune de Marboué (28),false,{28233},Commune,2026-03-24 14:41:57.028721+01,gold_establishments_2025,,,,21280233400012,2025,Collectivité Territoriale,Commune,['Eure-et-Loir'],['Centre-Val de Loire'],COM,{28},{24}
f700b846-e8bc-4943-9f3c-b3f657b902a3,210102323,Commune de Marboz (01),false,{01232},Commune,2026-03-24 14:41:51.447482+01,gold_establishments_2025,,,,21010232300016,2025,Collectivité Territoriale,Commune,['Ain'],['Auvergne-Rhône-Alpes'],COM,{01},{84}
a4dee0ac-ef4d-494c-b821-5d6875e99f5f,210802450,Commune de Marby (08),false,{08273},Commune,2026-03-24 14:41:53.095366+01,gold_establishments_2025,,,,21080245000010,2025,Collectivité Territoriale,Commune,['Ardennes'],['Grand Est'],COM,{08},{44}
073cecb1-a0c4-4cd9-9a94-27ddb3da4dd8,215202235,Commune de Marbéville (52),false,{52310},Commune,2026-03-24 14:42:01.954481+01,gold_establishments_2025,,,,21520223500010,2025,Collectivité Territoriale,Commune,['Haute-Marne'],['Grand Est'],COM,{52},{44}
374e1959-2184-40af-aeb7-20417c03a32c,218004810,Commune de Marcelcave (80),false,{80507},Commune,2026-03-24 14:42:09.967209+01,gold_establishments_2025,,,,21800481000014,2025,Collectivité Territoriale,Commune,['Somme'],['Hauts-de-France'],COM,{80},{32}
6987a160-1376-40b0-9e73-55932bc380f0,217401629,Commune de Marcellaz (74),false,{74162},Commune,2026-03-24 14:42:08.279287+01,gold_establishments_2025,,,,21740162900019,2025,Collectivité Territoriale,Commune,['Haute-Savoie'],['Auvergne-Rhône-Alpes'],COM,{74},{84}
1471cd89-b39a-44fa-814e-03728e61262a,217401611,Commune de Marcellaz-Albanais (74),false,{74161},Commune,2026-03-24 14:42:08.279287+01,gold_establishments_2025,,,,21740161100017,2025,Collectivité Territoriale,Commune,['Haute-Savoie'],['Auvergne-Rhône-Alpes'],COM,{74},{84}
c7023e87-8f21-4609-9536-bf74018129b6,212103774,Commune de Marcellois (21),false,{21377},Commune,2026-03-24 14:41:55.433389+01,gold_establishments_2025,,,,21210377400015,2025,Collectivité Territoriale,Commune,"[""Côte-d'Or""]",['Bourgogne-Franche-Comté'],COM,{21},{27}
5362e1c9-7a89-4547-bdb5-a5b3374eb4f9,214701567,Commune de Marcellus (47),false,{47156},Commune,2026-03-24 14:42:00.862623+01,gold_establishments_2025,,,,21470156700015,2025,Collectivité Territoriale,Commune,['Lot-et-Garonne'],['Nouvelle-Aquitaine'],COM,{47},{75}
00515e11-da79-4b97-9749-8d72fcb87f61,213302664,Commune de Marcenais (33),false,{33266},Commune,2026-03-24 14:41:58.620411+01,gold_establishments_2025,,,,21330266400015,2025,Collectivité Territoriale,Commune,['Gironde'],['Nouvelle-Aquitaine'],COM,{33},{75}
3262ceb4-cc58-48f8-8f15-73a5c7c1069f,210301602,Commune de Marcenat (03),false,{03160},Commune,2026-03-24 14:41:52.020251+01,gold_establishments_2025,,,,21030160200012,2025,Collectivité Territoriale,Commune,['Allier'],['Auvergne-Rhône-Alpes'],COM,{03},{84}
9bd725fb-9a08-4b8b-a027-29747f425111,211501143,Commune de Marcenat (15),false,{15114},Commune,2026-03-24 14:41:54.362296+01,gold_establishments_2025,,,,21150114300013,2025,Collectivité Territoriale,Commune,['Cantal'],['Auvergne-Rhône-Alpes'],COM,{15},{84}
1955315f-e942-40d3-a2ec-09b92c35359d,212103782,Commune de Marcenay (21),false,{21378},Commune,2026-03-24 14:41:55.433389+01,gold_establishments_2025,,,,21210378200018,2025,Collectivité Territoriale,Commune,"[""Côte-d'Or""]",['Bourgogne-Franche-Comté'],COM,{21},{27}
c081d6f5-f947-47ab-8313-2bcc6e7bf4bc,214201337,Commune de Marcenod (42),false,{42133},Commune,2026-03-24 14:42:00.273698+01,gold_establishments_2025,,,,21420133700018,2025,Collectivité Territoriale,Commune,['Loire'],['Auvergne-Rhône-Alpes'],COM,{42},{84}
0150a747-29b1-4575-9937-44014117eda4,215002882,Commune de Marcey-les-Grèves (50),false,{50288},Commune,2026-03-24 14:42:01.412377+01,gold_establishments_2025,,,,21500288200011,2025,Collectivité Territoriale,Commune,['Manche'],['Normandie'],COM,{50},{28}
f91b6ce0-bd10-485f-a5c9-2f023bee8d58,210204343,Commune de Marchais (02),false,{02457},Commune,2026-03-24 14:41:52.020251+01,gold_establishments_2025,,,,21020434300011,2025,Collectivité Territoriale,Commune,['Aisne'],['Hauts-de-France'],COM,{02},{32}
6bb39ac0-163d-4382-9f20-5d0c459c6fe1,210102331,Commune de Marchamp (01),false,{01233},Commune,2026-03-24 14:41:51.447482+01,gold_establishments_2025,,,,21010233100019,2025,Collectivité Territoriale,Commune,['Ain'],['Auvergne-Rhône-Alpes'],COM,{01},{84}
f32042b1-a392-46af-b0f9-7712697e84f4,216901249,Commune de Marchampt (69),false,{69124},Commune,2026-03-24 14:42:07.195692+01,gold_establishments_2025,,,,21690124900013,2025,Collectivité Territoriale,Commune,['Rhône'],['Auvergne-Rhône-Alpes'],COM,{69},{84}
f9498fc8-4623-45c9-a193-d2e35802dd8b,211501168,Commune de Marchastel (15),false,{15116},Commune,2026-03-24 14:41:54.362296+01,gold_establishments_2025,,,,21150116800010,2025,Collectivité Territoriale,Commune,['Cantal'],['Auvergne-Rhône-Alpes'],COM,{15},{84}
7e0c4c58-457c-48c5-af62-b7f5e480de5a,214800914,Commune de Marchastel (48),false,{48091},Commune,2026-03-24 14:42:01.412377+01,gold_establishments_2025,,,,21480091400019,2025,Collectivité Territoriale,Commune,['Lozère'],['Occitanie'],COM,{48},{76}
dabc62a9-c204-497d-92aa-1c4df74556ac,200077212,Commune de Marchaux-Chaudefontaine (25),false,{25368},Commune,2026-03-24 14:41:56.495197+01,gold_establishments_2025,,,,20007721200013,2025,Collectivité Territoriale,Commune,['Doubs'],['Bourgogne-Franche-Comté'],COM,{25},{27}
38190dd2-c6a0-4324-bc0c-27e635cac5a4,216102517,Commune de Marchemaisons (61),false,{61251},Commune,2026-03-24 14:42:05.597325+01,gold_establishments_2025,,,,21610251700010,2025,Collectivité Territoriale,Commune,['Orne'],['Normandie'],COM,{61},{28}
bbe9ca92-db16-44e0-83e5-f073f70a800d,214101230,Commune de Marchenoir (41),false,{41123},Commune,2026-03-24 14:42:00.273698+01,gold_establishments_2025,,,,21410123000016,2025,Collectivité Territoriale,Commune,['Loir-et-Cher'],['Centre-Val de Loire'],COM,{41},{24}
0038d1b0-c669-4a32-922b-2ee3468c89dc,213305550,Commune de Marcheprime (33),false,{33555},Commune,2026-03-24 14:41:58.620411+01,gold_establishments_2025,,,,21330555000013,2025,Collectivité Territoriale,Commune,['Gironde'],['Nouvelle-Aquitaine'],COM,{33},{75}
e747494a-82cc-4ab6-96af-67037d6ef5f1,212601736,Commune de Marches (26),false,{26173},Commune,2026-03-24 14:41:56.495197+01,gold_establishments_2025,,,,21260173600011,2025,Collectivité Territoriale,Commune,['Drôme'],['Auvergne-Rhône-Alpes'],COM,{26},{84}
4f136dac-79e1-4215-a32f-a63097e465ed,212103790,Commune de Marcheseuil (21),false,{21379},Commune,2026-03-24 14:41:55.433389+01,gold_establishments_2025,,,,21210379000011,2025,Collectivité Territoriale,Commune,"[""Côte-d'Or""]",['Bourgogne-Franche-Comté'],COM,{21},{27}
e2277f90-8aa2-414e-bd4e-4d9b8ee8dee8,212802359,Commune de Marchezais (28),false,{28235},Commune,2026-03-24 14:41:57.028721+01,gold_establishments_2025,,,,21280235900019,2025,Collectivité Territoriale,Commune,['Eure-et-Loir'],['Centre-Val de Loire'],COM,{28},{24}
16dae2ad-7e53-4d42-be75-c83662d39c17,215903758,Commune de Marchiennes (59),false,{59375},Commune,2026-03-24 14:42:04.280096+01,gold_establishments_2025,,,,21590375800013,2025,Collectivité Territoriale,Commune,['Nord'],['Hauts-de-France'],COM,{59},{32}
7cc6d4f4-d141-41d9-ad4b-854a47609bf3,218004828,Commune de Marché-Allouarde (80),false,{80508},Commune,2026-03-24 14:42:09.967209+01,gold_establishments_2025,,,,21800482800016,2025,Collectivité Territoriale,Commune,['Somme'],['Hauts-de-France'],COM,{80},{32}
5304aa26-f6e3-4d76-b81e-9475883a90bd,200082915,Commune de Marchélepot-Misery (80),false,{80509},Commune,2026-03-24 14:42:09.967209+01,gold_establishments_2025,,,,20008291500014,2025,Collectivité Territoriale,Commune,['Somme'],['Hauts-de-France'],COM,{80},{32}
eb6014ce-12f3-4d6b-bbb7-3e545be01fe3,217702737,Commune de Marchémoret (77),false,{77273},Commune,2026-03-24 14:42:09.43682+01,gold_establishments_2025,,,,21770273700016,2025,Collectivité Territoriale,Commune,['Seine-et-Marne'],['Île-de-France'],COM,{77},{11}
83de01fd-75e7-44be-8514-e54636f7bca1,215002890,Commune de Marchésieux (50),false,{50289},Commune,2026-03-24 14:42:01.412377+01,gold_establishments_2025,,,,21500289000014,2025,Collectivité Territoriale,Commune,['Manche'],['Normandie'],COM,{50},{28}
6e31cc3b-aecd-4c4a-bd00-28ab0aee9d11,212802342,Commune de Marchéville (28),false,{28234},Commune,2026-03-24 14:41:57.028721+01,gold_establishments_2025,,,,21280234200015,2025,Collectivité Territoriale,Commune,['Eure-et-Loir'],['Centre-Val de Loire'],COM,{28},{24}
e1ed912c-84c9-4856-98ef-ce86a86c8a86,215503202,Commune de Marchéville-en-Woëvre (55),false,{55320},Commune,2026-03-24 14:42:03.701372+01,gold_establishments_2025,,,,21550320200016,2025,Collectivité Territoriale,Commune,['Meuse'],['Grand Est'],COM,{55},{44}
28c726b4-eae9-481e-96b1-32d1a34e03e5,213202336,Commune de Marciac (32),false,{32233},Commune,2026-03-24 14:41:58.09424+01,gold_establishments_2025,,,,21320233600011,2025,Collectivité Territoriale,Commune,['Gers'],['Occitanie'],COM,{32},{76}
11748cb8-dd9b-4532-a000-00a3374d0949,213802176,Commune de Marcieu (38),false,{38217},Commune,2026-03-24 14:41:59.160244+01,gold_establishments_2025,,,,21380217600015,2025,Collectivité Territoriale,Commune,['Isère'],['Auvergne-Rhône-Alpes'],COM,{38},{84}
d0156429-5826-498e-a26b-0a892247cb29,217301522,Commune de Marcieux (73),false,{73152},Commune,2026-03-24 14:42:08.279287+01,gold_establishments_2025,,,,21730152200017,2025,Collectivité Territoriale,Commune,['Savoie'],['Auvergne-Rhône-Alpes'],COM,{73},{84}
55e9c55e-c72b-4501-a466-1f3d27a07c95,217102755,Commune de Marcigny (71),false,{71275},Commune,2026-03-24 14:42:07.735343+01,gold_establishments_2025,,,,21710275500014,2025,Collectivité Territoriale,Commune,['Saône-et-Loire'],['Bourgogne-Franche-Comté'],COM,{71},{27}
cc213930-8418-42d5-8323-ad0d88abf0e4,212103808,Commune de Marcigny-sous-Thil (21),false,{21380},Commune,2026-03-24 14:41:55.433389+01,gold_establishments_2025,,,,21210380800011,2025,Collectivité Territoriale,Commune,"[""Côte-d'Or""]",['Bourgogne-Franche-Comté'],COM,{21},{27}
69c1363b-cc36-4566-aca6-f85c2368133c,214601833,Commune de Marcilhac-sur-Célé (46),false,{46183},Commune,2026-03-24 14:42:00.862623+01,gold_establishments_2025,,,,21460183300012,2025,Collectivité Territoriale,Commune,['Lot'],['Occitanie'],COM,{46},{76}
c58f49b3-8049-478e-8a22-ca63c0348393,211602073,Commune de Marcillac-Lanville (16),false,{16207},Commune,2026-03-24 14:41:54.362296+01,gold_establishments_2025,,,,21160207300010,2025,Collectivité Territoriale,Commune,['Charente'],['Nouvelle-Aquitaine'],COM,{16},{75}
de65aca7-06ae-42c7-be07-400f512f2dd0,212402523,Commune de Marcillac-Saint-Quentin (24),false,{24252},Commune,2026-03-24 14:41:55.958138+01,gold_establishments_2025,,,,21240252300014,2025,Collectivité Territoriale,Commune,['Dordogne'],['Nouvelle-Aquitaine'],COM,{24},{75}
bfe03a40-ec9e-479c-af28-ef3e7ec77d06,211201389,Commune de Marcillac-Vallon (12),false,{12138},Commune,2026-03-24 14:41:53.63825+01,gold_establishments_2025,,,,21120138900015,2025,Collectivité Territoriale,Commune,['Aveyron'],['Occitanie'],COM,{12},{76}
35d74806-67da-45a2-b4a9-af5f53c9147a,211912506,Commune de Marcillac-la-Croisille (19),false,{19125},Commune,2026-03-24 14:41:54.903238+01,gold_establishments_2025,,,,21191250600014,2025,Collectivité Territoriale,Commune,['Corrèze'],['Nouvelle-Aquitaine'],COM,{19},{75}
0a77849d-bd02-4bef-9501-805ba753b3e1,211912605,Commune de Marcillac-la-Croze (19),false,{19126},Commune,2026-03-24 14:41:54.903238+01,gold_establishments_2025,,,,21191260500014,2025,Collectivité Territoriale,Commune,['Corrèze'],['Nouvelle-Aquitaine'],COM,{19},{75}
973b3e8d-e9ca-4a72-a601-3c75b253eea2,216302083,Commune de Marcillat (63),false,{63208},Commune,2026-03-24 14:42:06.130387+01,gold_establishments_2025,,,,21630208300011,2025,Collectivité Territoriale,Commune,['Puy-de-Dôme'],['Auvergne-Rhône-Alpes'],COM,{63},{84}
12929554-5153-487f-901d-5b47d784cc53,210301610,Commune de Marcillat-en-Combraille (03),false,{03161},Commune,2026-03-24 14:41:52.020251+01,gold_establishments_2025,,,,21030161000015,2025,Collectivité Territoriale,Commune,['Allier'],['Auvergne-Rhône-Alpes'],COM,{03},{84}
513571a2-dabf-42f1-9e76-f4708369ce9f,213802184,Commune de Marcilloles (38),false,{38218},Commune,2026-03-24 14:41:59.160244+01,gold_establishments_2025,,,,21380218400019,2025,Collectivité Territoriale,Commune,['Isère'],['Auvergne-Rhône-Alpes'],COM,{38},{84}
d38008b2-052c-46ec-b63e-3a0c9471008e,215002908,Commune de Marcilly (50),false,{50290},Commune,2026-03-24 14:42:01.412377+01,gold_establishments_2025,,,,21500290800014,2025,Collectivité Territoriale,Commune,['Manche'],['Normandie'],COM,{50},{28}
84ed6928-fdd9-4d28-9a52-18f58c31037f,217702745,Commune de Marcilly (77),false,{77274},Commune,2026-03-24 14:42:09.43682+01,gold_establishments_2025,,,,21770274500019,2025,Collectivité Territoriale,Commune,['Seine-et-Marne'],['Île-de-France'],COM,{77},{11}
b3e7cf56-f3f5-4c61-8876-a3036cb98f46,212103824,Commune de Marcilly-Ogny (21),false,{21382},Commune,2026-03-24 14:41:55.433389+01,gold_establishments_2025,,,,21210382400018,2025,Collectivité Territoriale,Commune,"[""Côte-d'Or""]",['Bourgogne-Franche-Comté'],COM,{21},{27}
f57bad33-fe98-4714-bf87-0be7a81bcc90,216901256,Commune de Marcilly-d'Azergues (69),false,{69125},Commune,2026-03-24 14:42:07.195692+01,gold_establishments_2025,,,,21690125600018,2025,Collectivité Territoriale,Commune,['Rhône'],['Auvergne-Rhône-Alpes'],COM,{69},{84}
13e78640-40bb-427b-9d9a-19ded1f9e482,215202243,Commune de Marcilly-en-Bassigny (52),false,{52311},Commune,2026-03-24 14:42:01.954481+01,gold_establishments_2025,,,,21520224300014,2025,Collectivité Territoriale,Commune,['Haute-Marne'],['Grand Est'],COM,{52},{44}
341cdad0-b736-4146-b8d2-9a13e336d16e,214101248,Commune de Marcilly-en-Beauce (41),false,{41124},Commune,2026-03-24 14:42:00.273698+01,gold_establishments_2025,,,,21410124800018,2025,Collectivité Territoriale,Commune,['Loir-et-Cher'],['Centre-Val de Loire'],COM,{41},{24}
6c304b6a-c88f-4d0d-8a34-b7f1a3365def,214101255,Commune de Marcilly-en-Gault (41),false,{41125},Commune,2026-03-24 14:42:00.273698+01,gold_establishments_2025,,,,21410125500013,2025,Collectivité Territoriale,Commune,['Loir-et-Cher'],['Centre-Val de Loire'],COM,{41},{24}
79260a23-69d9-425f-8410-e97c57fea807,214501934,Commune de Marcilly-en-Villette (45),false,{45193},Commune,2026-03-24 14:42:00.862623+01,gold_establishments_2025,,,,21450193400019,2025,Collectivité Territoriale,Commune,['Loiret'],['Centre-Val de Loire'],COM,{45},{24}
fc04badd-f603-443e-bdb3-86f922d203d4,212103816,Commune de Marcilly-et-Dracy (21),false,{21381},Commune,2026-03-24 14:41:55.433389+01,gold_establishments_2025,,,,21210381600014,2025,Collectivité Territoriale,Commune,"[""Côte-d'Or""]",['Bourgogne-Franche-Comté'],COM,{21},{27}
ac47b224-84f7-4c39-9db5-e5011c5f0c30,212703904,Commune de Marcilly-la-Campagne (27),false,{27390},Commune,2026-03-24 14:41:57.028721+01,gold_establishments_2025,,,,21270390400012,2025,Collectivité Territoriale,Commune,['Eure'],['Normandie'],COM,{27},{28}
27fc8f98-b5c7-4ad9-9a27-bec8663c2f8f,217102763,Commune de Marcilly-la-Gueurce (71),false,{71276},Commune,2026-03-24 14:42:07.735343+01,gold_establishments_2025,,,,21710276300018,2025,Collectivité Territoriale,Commune,['Saône-et-Loire'],['Bourgogne-Franche-Comté'],COM,{71},{27}
252b7d95-f6f8-48a7-a6a3-d54b29d7597e,214201345,Commune de Marcilly-le-Châtel (42),false,{42134},Commune,2026-03-24 14:42:00.273698+01,gold_establishments_2025,,,,21420134500011,2025,Collectivité Territoriale,Commune,['Loire'],['Auvergne-Rhône-Alpes'],COM,{42},{84}
84f804f5-4b44-4006-a325-958f42c7d692,211002167,Commune de Marcilly-le-Hayer (10),false,{10223},Commune,2026-03-24 14:41:53.095366+01,gold_establishments_2025,,,,21100216700016,2025,Collectivité Territoriale,Commune,['Aube'],['Grand Est'],COM,{10},{44}
6a667e12-ea12-4c1c-8bc6-fcd43f503643,217102771,Commune de Marcilly-lès-Buxy (71),false,{71277},Commune,2026-03-24 14:42:07.735343+01,gold_establishments_2025,,,,21710277100011,2025,Collectivité Territoriale,Commune,['Saône-et-Loire'],['Bourgogne-Franche-Comté'],COM,{71},{27}
c5d99858-fc7e-4a61-8801-7ba9688be062,212703912,Commune de Marcilly-sur-Eure (27),false,{27391},Commune,2026-03-24 14:41:57.028721+01,gold_establishments_2025,,,,21270391200015,2025,Collectivité Territoriale,Commune,['Eure'],['Normandie'],COM,{27},{28}
44be07e7-4bee-4ffb-93bd-fbc39dd428f0,213701469,Commune de Marcilly-sur-Maulne (37),false,{37146},Commune,2026-03-24 14:41:59.160244+01,gold_establishments_2025,,,,21370146900016,2025,Collectivité Territoriale,Commune,['Indre-et-Loire'],['Centre-Val de Loire'],COM,{37},{24}
64ae9f0d-e275-4146-ab64-9a7aef5e720a,215103193,Commune de Marcilly-sur-Seine (51),false,{51343},Commune,2026-03-24 14:42:01.954481+01,gold_establishments_2025,,,,21510319300011,2025,Collectivité Territoriale,Commune,['Marne'],['Grand Est'],COM,{51},{44}
fae6d18c-c73d-4696-9b54-632844ebbfc8,212103832,Commune de Marcilly-sur-Tille (21),false,{21383},Commune,2026-03-24 14:41:55.433389+01,gold_establishments_2025,,,,21210383200011,2025,Collectivité Territoriale,Commune,"[""Côte-d'Or""]",['Bourgogne-Franche-Comté'],COM,{21},{27}
a219124a-a200-469e-a59f-1f872c4998b3,213701477,Commune de Marcilly-sur-Vienne (37),false,{37147},Commune,2026-03-24 14:41:59.160244+01,gold_establishments_2025,,,,21370147700019,2025,Collectivité Territoriale,Commune,['Indre-et-Loire'],['Centre-Val de Loire'],COM,{37},{24}
2ed69e1c-0c12-474b-9949-a5d3d3766367,200081719,Commune de Marcillé (79),false,{79251},Commune,2026-03-24 14:42:09.43682+01,gold_establishments_2025,,,,20008171900011,2025,Collectivité Territoriale,Commune,['Deux-Sèvres'],['Nouvelle-Aquitaine'],COM,{79},{75}
edcbb088-58c5-47e7-9d88-7791b85d5d3f,213501646,Commune de Marcillé-Raoul (35),false,{35164},Commune,2026-03-24 14:41:58.620411+01,gold_establishments_2025,,,,21350164600011,2025,Collectivité Territoriale,Commune,['Ille-et-Vilaine'],['Bretagne'],COM,{35},{53}
961586a1-bc41-4b03-a49d-cd676b341a3d,213501653,Commune de Marcillé-Robert (35),false,{35165},Commune,2026-03-24 14:41:58.620411+01,gold_establishments_2025,,,,21350165300074,2025,Collectivité Territoriale,Commune,['Ille-et-Vilaine'],['Bretagne'],COM,{35},{53}
9198af75-5444-47cc-9545-0784dc68c375,215301441,Commune de Marcillé-la-Ville (53),false,{53144},Commune,2026-03-24 14:42:02.957225+01,gold_establishments_2025,,,,21530144100014,2025,Collectivité Territoriale,Commune,['Mayenne'],['Pays de la Loire'],COM,{53},{52}
2969db2b-13d0-4d4c-9399-a1f7fa4e664c,216205484,Commune de Marck (62),false,{62548},Commune,2026-03-24 14:42:05.597325+01,gold_establishments_2025,,,,21620548400019,2025,Collectivité Territoriale,Commune,['Pas-de-Calais'],['Hauts-de-France'],COM,{62},{32}
229f5776-9f62-4671-9201-c716b24ae5b9,216702811,Commune de Marckolsheim (67),false,{67281},Commune,2026-03-24 14:42:07.195692+01,gold_establishments_2025,,,,21670281100011,2025,Collectivité Territoriale,Commune,['Bas-Rhin'],['Grand Est'],COM,{67},{44}
b8fa63d4-6c59-47c3-84c2-63e11c79bc0c,214201352,Commune de Marclopt (42),false,{42135},Commune,2026-03-24 14:42:00.273698+01,gold_establishments_2025,,,,21420135200017,2025,Collectivité Territoriale,Commune,['Loire'],['Auvergne-Rhône-Alpes'],COM,{42},{84}
5b8f3a0d-8e02-4b9a-b017-346ade84490b,215903774,Commune de Marcoing (59),false,{59377},Commune,2026-03-24 14:42:04.280096+01,gold_establishments_2025,,,,21590377400010,2025,Collectivité Territoriale,Commune,['Nord'],['Hauts-de-France'],COM,{59},{32}
907cef5b-cced-406a-b69a-89b9890ae291,213802192,Commune de Marcollin (38),false,{38219},Commune,2026-03-24 14:41:59.160244+01,gold_establishments_2025,,,,21380219200012,2025,Collectivité Territoriale,Commune,['Isère'],['Auvergne-Rhône-Alpes'],COM,{38},{84}
143da7ac-dbf7-42c5-b057-03eedd3d9ee9,210701496,Commune de Marcols-les-Eaux (07),false,{07149},Commune,2026-03-24 14:41:52.562531+01,gold_establishments_2025,,,,21070149600015,2025,Collectivité Territoriale,Commune,['Ardèche'],['Auvergne-Rhône-Alpes'],COM,{07},{84}
8aa8db15-07ea-4a58-ba82-46d87ec024f4,211501176,Commune de Marcolès (15),false,{15117},Commune,2026-03-24 14:41:54.362296+01,gold_establishments_2025,,,,21150117600013,2025,Collectivité Territoriale,Commune,['Cantal'],['Auvergne-Rhône-Alpes'],COM,{15},{84}
afc2d33c-4c2d-47c6-9b92-94ac27ea358c,216205492,Commune de Marconne (nan),false,{62549},Commune,2026-03-24 14:42:05.597325+01,gold_establishments_2025,,,,21620549200012,2025,Collectivité Territoriale,Commune,[''],[''],COM,,
85a4621a-17fc-4942-b684-f1a61a4ba913,216205500,Commune de Marconnelle (62),false,{62550},Commune,2026-03-24 14:42:05.597325+01,gold_establishments_2025,,,,21620550000012,2025,Collectivité Territoriale,Commune,['Pas-de-Calais'],['Hauts-de-France'],COM,{62},{32}
3cef31b5-afd2-481e-a7e4-88630cda3aa5,211102173,Commune de Marcorignan (11),false,{11217},Commune,2026-03-24 14:41:53.63825+01,gold_establishments_2025,,,,21110217300013,2025,Collectivité Territoriale,Commune,['Aude'],['Occitanie'],COM,{11},{76}
ca61f0a1-387e-44f1-8453-8affb41c9dac,219103637,Commune de Marcoussis (91),false,{91363},Commune,2026-03-24 14:42:11.659493+01,gold_establishments_2025,,,,21910363700019,2025,Collectivité Territoriale,Commune,['Essonne'],['Île-de-France'],COM,{91},{11}
1e73d2b0-eb0a-4f6d-a8cf-ef8ecc5212a7,210401139,Commune de Marcoux (04),false,{04113},Commune,2026-03-24 14:41:52.562531+01,gold_establishments_2025,,,,21040113900014,2025,Collectivité Territoriale,Commune,['Alpes-de-Haute-Provence'],"[""Provence-Alpes-Côte d'Azur""]",COM,{04},{93}
22b9dbcd-7e81-49a7-8602-e43e4c607573,214201360,Commune de Marcoux (42),false,{42136},Commune,2026-03-24 14:42:00.273698+01,gold_establishments_2025,,,,21420136000010,2025,Collectivité Territoriale,Commune,['Loire'],['Auvergne-Rhône-Alpes'],COM,{42},{84}
e9715319-0515-4f50-a688-228145e5860c,210802468,Commune de Marcq (08),false,{08274},Commune,2026-03-24 14:41:53.095366+01,gold_establishments_2025,,,,21080246800012,2025,Collectivité Territoriale,Commune,['Ardennes'],['Grand Est'],COM,{08},{44}
4491163f-8d92-4990-820c-409de980dfeb,217803642,Commune de Marcq (78),false,{78364},Commune,2026-03-24 14:42:09.43682+01,gold_establishments_2025,,,,21780364200016,2025,Collectivité Territoriale,Commune,['Yvelines'],['Île-de-France'],COM,{78},{11}
862d988a-93a0-4816-be43-25efed1e52af,215903782,Commune de Marcq-en-Barœul (59),false,{59378},Commune,2026-03-24 14:42:04.280096+01,gold_establishments_2025,,,,21590378200013,2025,Collectivité Territoriale,Commune,['Nord'],['Hauts-de-France'],COM,{59},{32}
ecfbaf22-bf52-46bd-94ca-63b0b0e4cf10,215903790,Commune de Marcq-en-Ostrevent (59),false,{59379},Commune,2026-03-24 14:42:04.280096+01,gold_establishments_2025,,,,21590379000016,2025,Collectivité Territoriale,Commune,['Nord'],['Hauts-de-France'],COM,{59},{32}
11f1fafc-eefc-41fe-bdf3-21d0200844ce,210204368,Commune de Marcy (02),false,{02459},Commune,2026-03-24 14:41:52.020251+01,gold_establishments_2025,,,,21020436800018,2025,Collectivité Territoriale,Commune,['Aisne'],['Hauts-de-France'],COM,{02},{32}
c4eaeef9-6520-40b5-a387-e017243c6d5a,215801564,Commune de Marcy (58),false,{58156},Commune,2026-03-24 14:42:04.280096+01,gold_establishments_2025,,,,21580156400018,2025,Collectivité Territoriale,Commune,['Nièvre'],['Bourgogne-Franche-Comté'],COM,{58},{27}
e67ecb9b-23ca-4afa-8638-b0d74239a023,216901264,Commune de Marcy (69),false,{69126},Commune,2026-03-24 14:42:07.195692+01,gold_establishments_2025,,,,21690126400012,2025,Collectivité Territoriale,Commune,['Rhône'],['Auvergne-Rhône-Alpes'],COM,{69},{84}
0b9598ad-03b9-405f-aad2-ed1b6b94706a,216901272,Commune de Marcy-l'Étoile (69),false,{69127},Commune,2026-03-24 14:42:07.195692+01,gold_establishments_2025,,,,21690127200015,2025,Collectivité Territoriale,Commune,['Rhône'],['Auvergne-Rhône-Alpes'],COM,{69},{84}
edd007b0-666c-4ff8-8b43-48183dca2733,210204376,Commune de Marcy-sous-Marle (02),false,{02460},Commune,2026-03-24 14:41:52.020251+01,gold_establishments_2025,,,,21020437600011,2025,Collectivité Territoriale,Commune,['Aisne'],['Hauts-de-France'],COM,{02},{32}
f0a21e2c-7089-413f-a291-a3acd866b460,214901886,Commune de Marcé (49),false,{49188},Commune,2026-03-24 14:42:01.412377+01,gold_establishments_2025,,,,21490188600017,2025,Collectivité Territoriale,Commune,['Maine-et-Loire'],['Pays de la Loire'],COM,{49},{52}
41477784-64ce-4f46-a370-a2f801d0e708,213701451,Commune de Marcé-sur-Esves (37),false,{37145},Commune,2026-03-24 14:41:59.160244+01,gold_establishments_2025,,,,21370145100014,2025,Collectivité Territoriale,Commune,['Indre-et-Loire'],['Centre-Val de Loire'],COM,{37},{24}
d09d4c41-f62c-4528-aee9-b480a5e7cb24,215103201,Commune de Mardeuil (51),false,{51344},Commune,2026-03-24 14:42:01.954481+01,gold_establishments_2025,,,,21510320100012,2025,Collectivité Territoriale,Commune,['Marne'],['Grand Est'],COM,{51},{44}
39955c95-f37b-4ae8-9693-9ad08bf35fb1,216102525,Commune de Mardilly (61),false,{61252},Commune,2026-03-24 14:42:05.597325+01,gold_establishments_2025,,,,21610252500013,2025,Collectivité Territoriale,Commune,['Orne'],['Normandie'],COM,{61},{28}
9bf1305a-d42d-493e-89c0-5850d77ae95d,214501942,Commune de Mardié (45),false,{45194},Commune,2026-03-24 14:42:00.862623+01,gold_establishments_2025,,,,21450194200012,2025,Collectivité Territoriale,Commune,['Loiret'],['Centre-Val de Loire'],COM,{45},{24}
56ff3194-edc0-4dee-bf6b-77335d2000b2,215202250,Commune de Mardor (52),false,{52312},Commune,2026-03-24 14:42:01.954481+01,gold_establishments_2025,,,,21520225000019,2025,Collectivité Territoriale,Commune,['Haute-Marne'],['Grand Est'],COM,{52},{44}
eb8cf1a3-8085-4607-aac8-b5a2b31b8a60,214501959,Commune de Mareau-aux-Bois (45),false,{45195},Commune,2026-03-24 14:42:00.862623+01,gold_establishments_2025,,,,21450195900016,2025,Collectivité Territoriale,Commune,['Loiret'],['Centre-Val de Loire'],COM,{45},{24}
a8a7e13b-6180-4189-a5de-8ba77e9ed940,214501967,Commune de Mareau-aux-Prés (45),false,{45196},Commune,2026-03-24 14:42:00.862623+01,gold_establishments_2025,,,,21450196700019,2025,Collectivité Territoriale,Commune,['Loiret'],['Centre-Val de Loire'],COM,{45},{24}
06747074-059f-410f-bb97-88e8a9acaf62,217803675,Commune de Mareil-Marly (78),false,{78367},Commune,2026-03-24 14:42:09.43682+01,gold_establishments_2025,,,,21780367500016,2025,Collectivité Territoriale,Commune,['Yvelines'],['Île-de-France'],COM,{78},{11}
4381a2ed-28e4-4246-9cc0-6f2125ced103,217201847,Commune de Mareil-en-Champagne (72),false,{72184},Commune,2026-03-24 14:42:08.279287+01,gold_establishments_2025,,,,21720184700035,2025,Collectivité Territoriale,Commune,['Sarthe'],['Pays de la Loire'],COM,{72},{52}
1d818210-e545-4058-a410-b64887877030,219503653,Commune de Mareil-en-France (95),false,{95365},Commune,2026-03-24 14:42:11.659493+01,gold_establishments_2025,,,,21950365300012,2025,Collectivité Territoriale,Commune,"[""Val-d'Oise""]",['Île-de-France'],COM,{95},{11}
320ced6c-c240-42de-b50c-300799e4dcb1,217803667,Commune de Mareil-le-Guyon (78),false,{78366},Commune,2026-03-24 14:42:09.43682+01,gold_establishments_2025,,,,21780366700013,2025,Collectivité Territoriale,Commune,['Yvelines'],['Île-de-France'],COM,{78},{11}
2f8ae027-9017-45c6-81c7-233c93ce3e28,217201854,Commune de Mareil-sur-Loir (72),false,{72185},Commune,2026-03-24 14:42:08.279287+01,gold_establishments_2025,,,,21720185400015,2025,Collectivité Territoriale,Commune,['Sarthe'],['Pays de la Loire'],COM,{72},{52}
e9b083de-fdf2-4719-83e4-c362661e7e01,217803683,Commune de Mareil-sur-Mauldre (78),false,{78368},Commune,2026-03-24 14:42:09.43682+01,gold_establishments_2025,,,,21780368300010,2025,Collectivité Territoriale,Commune,['Yvelines'],['Île-de-France'],COM,{78},{11}
c57e7761-e04f-42e0-b5ff-68d29266bc73,215202268,Commune de Mareilles (52),false,{52313},Commune,2026-03-24 14:42:01.954481+01,gold_establishments_2025,,,,21520226800011,2025,Collectivité Territoriale,Commune,['Haute-Marne'],['Grand Est'],COM,{52},{44}
ebd2e4d5-3816-4f04-b3c0-45023f0c0e28,216205518,Commune de Marenla (62),false,{62551},Commune,2026-03-24 14:42:05.597325+01,gold_establishments_2025,,,,21620551800014,2025,Collectivité Territoriale,Commune,['Pas-de-Calais'],['Hauts-de-France'],COM,{62},{32}
cd43d8c8-5602-4ae4-a7be-7be2cd03e7e9,216902817,Commune de Marennes (69),false,{69281},Commune,2026-03-24 14:42:07.735343+01,gold_establishments_2025,,,,21690281700016,2025,Collectivité Territoriale,Commune,['Rhône'],['Auvergne-Rhône-Alpes'],COM,{69},{84}
10db5ec1-22b2-43cc-94d9-24587a4ea2b0,200085132,Commune de Marennes-Hiers-Brouage (17),false,{17219},Commune,2026-03-24 14:41:54.903238+01,gold_establishments_2025,,,,20008513200013,2025,Collectivité Territoriale,Commune,['Charente-Maritime'],['Nouvelle-Aquitaine'],COM,{17},{75}
0cd277ca-6f8f-49f3-8162-980df5670ab4,215903816,Commune de Maresches (59),false,{59381},Commune,2026-03-24 14:42:04.280096+01,gold_establishments_2025,,,,21590381600019,2025,Collectivité Territoriale,Commune,['Nord'],['Hauts-de-France'],COM,{59},{32}
0cb9daa3-e0ab-4f96-aa89-44aca4b152a3,217201862,Commune de Maresché (72),false,{72186},Commune,2026-03-24 14:42:08.279287+01,gold_establishments_2025,,,,21720186200018,2025,Collectivité Territoriale,Commune,['Sarthe'],['Pays de la Loire'],COM,{72},{52}
459c27ce-25ee-49f0-9f91-b1c63ccf22c4,216205526,Commune de Maresquel-Ecquemicourt (62),false,{62552},Commune,2026-03-24 14:42:05.597325+01,gold_establishments_2025,,,,21620552600017,2025,Collectivité Territoriale,Commune,['Pas-de-Calais'],['Hauts-de-France'],COM,{62},{32}
dec4e6d9-327d-45a1-9dc4-31ab0d384f1a,216205534,Commune de Marest (62),false,{62553},Commune,2026-03-24 14:42:05.597325+01,gold_establishments_2025,,,,21620553400011,2025,Collectivité Territoriale,Commune,['Pas-de-Calais'],['Hauts-de-France'],COM,{62},{32}
ad14965c-0a81-42c3-9bf5-dd00ea768b0f,210204384,Commune de Marest-Dampcourt (02),false,{02461},Commune,2026-03-24 14:41:52.020251+01,gold_establishments_2025,,,,21020438400015,2025,Collectivité Territoriale,Commune,['Aisne'],['Hauts-de-France'],COM,{02},{32}
1577b201-5c95-4d05-974e-aa4f6100d35e,216003756,Commune de Marest-sur-Matz (60),false,{60378},Commune,2026-03-24 14:42:04.814328+01,gold_establishments_2025,,,,21600375600014,2025,Collectivité Territoriale,Commune,['Oise'],['Hauts-de-France'],COM,{60},{32}
0204b317-3a77-4622-8666-180aeb3a68d0,213202344,Commune de Marestaing (32),false,{32234},Commune,2026-03-24 14:41:58.09424+01,gold_establishments_2025,,,,21320234400015,2025,Collectivité Territoriale,Commune,['Gers'],['Occitanie'],COM,{32},{76}
5b509c97-3652-4823-a1a7-db224ad8d813,218004844,Commune de Marestmontiers (80),false,{80511},Commune,2026-03-24 14:42:09.967209+01,gold_establishments_2025,,,,21800484400013,2025,Collectivité Territoriale,Commune,['Somme'],['Hauts-de-France'],COM,{80},{32}
5201ee85-5c88-42c8-808c-ac6d7010ec7b,216205542,Commune de Maresville (62),false,{62554},Commune,2026-03-24 14:42:05.597325+01,gold_establishments_2025,,,,21620554200014,2025,Collectivité Territoriale,Commune,['Pas-de-Calais'],['Hauts-de-France'],COM,{62},{32}
36a63760-8f00-4f49-915d-648ade55e55d,215903824,Commune de Maretz (59),false,{59382},Commune,2026-03-24 14:42:04.280096+01,gold_establishments_2025,,,,21590382400013,2025,Collectivité Territoriale,Commune,['Nord'],['Hauts-de-France'],COM,{59},{32}
a9873102-b9fb-460d-9d58-937b3f131219,216302091,Commune de Mareugheol (63),false,{63209},Commune,2026-03-24 14:42:06.130387+01,gold_establishments_2025,,,,21630209100014,2025,Collectivité Territoriale,Commune,['Puy-de-Dôme'],['Auvergne-Rhône-Alpes'],COM,{63},{84}
fd58d5c6-f2bb-433c-9589-84ed1d2cf504,211602081,Commune de Mareuil (16),false,{16208},Commune,2026-03-24 14:41:54.362296+01,gold_establishments_2025,,,,21160208100013,2025,Collectivité Territoriale,Commune,['Charente'],['Nouvelle-Aquitaine'],COM,{16},{75}
91025f76-c792-410c-b5cb-737e75b71466,200065324,Commune de Mareuil en Périgord (24),false,{24253},Commune,2026-03-24 14:41:55.958138+01,gold_establishments_2025,,,,20006532400010,2025,Collectivité Territoriale,Commune,['Dordogne'],['Nouvelle-Aquitaine'],COM,{24},{75}
7828d09a-a5e9-49dc-a7ef-69d403e8f311,218004851,Commune de Mareuil-Caubert (80),false,{80512},Commune,2026-03-24 14:42:09.967209+01,gold_establishments_2025,,,,21800485100018,2025,Collectivité Territoriale,Commune,['Somme'],['Hauts-de-France'],COM,{80},{32}
3f4cef14-e24e-48b8-ac7a-49218b1e8638,215103219,Commune de Mareuil-en-Brie (51),false,{51345},Commune,2026-03-24 14:42:01.954481+01,gold_establishments_2025,,,,21510321900030,2025,Collectivité Territoriale,Commune,['Marne'],['Grand Est'],COM,{51},{44}
436d9171-0c2a-457b-8eb5-de5ee75e7e66,210204392,Commune de Mareuil-en-Dôle (02),false,{02462},Commune,2026-03-24 14:41:52.020251+01,gold_establishments_2025,,,,21020439200018,2025,Collectivité Territoriale,Commune,['Aisne'],['Hauts-de-France'],COM,{02},{32}
dee188b5-2071-4464-abdf-da447cb12084,216003764,Commune de Mareuil-la-Motte (60),false,{60379},Commune,2026-03-24 14:42:04.814328+01,gold_establishments_2025,,,,21600376400018,2025,Collectivité Territoriale,Commune,['Oise'],['Hauts-de-France'],COM,{60},{32}
be579fb0-7e6c-41b0-8fae-3cf3fe47b245,215103227,Commune de Mareuil-le-Port (51),false,{51346},Commune,2026-03-24 14:42:01.954481+01,gold_establishments_2025,,,,21510322700017,2025,Collectivité Territoriale,Commune,['Marne'],['Grand Est'],COM,{51},{44}
922cc986-374c-4213-aa71-97adc5ed7600,217702760,Commune de Mareuil-lès-Meaux (77),false,{77276},Commune,2026-03-24 14:42:09.43682+01,gold_establishments_2025,,,,21770276000018,2025,Collectivité Territoriale,Commune,['Seine-et-Marne'],['Île-de-France'],COM,{77},{11}
6ef09f3d-5457-452a-ae2e-740572778fc4,211801378,Commune de Mareuil-sur-Arnon (18),false,{18137},Commune,2026-03-24 14:41:54.903238+01,gold_establishments_2025,,,,21180137800012,2025,Collectivité Territoriale,Commune,['Cher'],['Centre-Val de Loire'],COM,{18},{24}
52a3b97e-3dea-4e0a-a2fc-1bd73e9129dd,214101263,Commune de Mareuil-sur-Cher (41),false,{41126},Commune,2026-03-24 14:42:00.273698+01,gold_establishments_2025,,,,21410126300017,2025,Collectivité Territoriale,Commune,['Loir-et-Cher'],['Centre-Val de Loire'],COM,{41},{24}
e55fb3f7-3bac-4ecb-997c-dbdbd0156faf,218501351,Commune de Mareuil-sur-Lay-Dissais (85),false,{85135},Commune,2026-03-24 14:42:10.508772+01,gold_establishments_2025,,,,21850135100017,2025,Collectivité Territoriale,Commune,['Vendée'],['Pays de la Loire'],COM,{85},{52}
7dac6dd8-3e31-4585-a1cb-82f9fd6e17e8,216003772,Commune de Mareuil-sur-Ourcq (60),false,{60380},Commune,2026-03-24 14:42:04.814328+01,gold_establishments_2025,,,,21600377200011,2025,Collectivité Territoriale,Commune,['Oise'],['Hauts-de-France'],COM,{60},{32}
140fc37c-72b5-4396-8673-5f4b76bf837a,218802874,Commune de Marey (88),false,{88287},Commune,2026-03-24 14:42:11.118516+01,gold_establishments_2025,,,,21880287400014,2025,Collectivité Territoriale,Commune,['Vosges'],['Grand Est'],COM,{88},{44}
71804183-86d9-4828-998c-30fb6090b752,212103840,Commune de Marey-lès-Fussey (21),false,{21384},Commune,2026-03-24 14:41:55.433389+01,gold_establishments_2025,,,,21210384000014,2025,Collectivité Territoriale,Commune,"[""Côte-d'Or""]",['Bourgogne-Franche-Comté'],COM,{21},{27}
e3a62178-fa9e-4142-a86b-69e6c966a919,212103857,Commune de Marey-sur-Tille (21),false,{21385},Commune,2026-03-24 14:41:55.433389+01,gold_establishments_2025,,,,21210385700018,2025,Collectivité Territoriale,Commune,"[""Côte-d'Or""]",['Bourgogne-Franche-Comté'],COM,{21},{27}
053c970f-4962-431a-9b83-4bcb524b3684,215103243,Commune de Marfaux (51),false,{51348},Commune,2026-03-24 14:42:01.954481+01,gold_establishments_2025,,,,21510324300014,2025,Collectivité Territoriale,Commune,['Marne'],['Grand Est'],COM,{51},{44}
51b0ea9b-8cf5-46c7-83de-b15d863fa00c,210204400,Commune de Marfontaine (02),false,{02463},Commune,2026-03-24 14:41:52.020251+01,gold_establishments_2025,,,,21020440000019,2025,Collectivité Territoriale,Commune,['Aisne'],['Hauts-de-France'],COM,{02},{32}
7b2bbdb1-479d-4f46-bde9-2f94ba25db45,200068013,Commune de Margaux-Cantenac (33),false,{33268},Commune,2026-03-24 14:41:58.620411+01,gold_establishments_2025,,,,20006801300016,2025,Collectivité Territoriale,Commune,['Gironde'],['Nouvelle-Aquitaine'],COM,{33},{75}
d7902680-d50c-4941-b1c7-8484e4af8e71,217401637,Commune de Margencel (74),false,{74163},Commune,2026-03-24 14:42:08.279287+01,gold_establishments_2025,,,,21740163700012,2025,Collectivité Territoriale,Commune,['Haute-Savoie'],['Auvergne-Rhône-Alpes'],COM,{74},{84}
808426f4-5e5f-447e-8c7f-20c5161e6f83,219503695,Commune de Margency (95),false,{95369},Commune,2026-03-24 14:42:11.659493+01,gold_establishments_2025,,,,21950369500013,2025,Collectivité Territoriale,Commune,"[""Val-d'Oise""]",['Île-de-France'],COM,{95},{11}
8dc2f5fc-70b5-44d0-a59b-13feeda9c65a,211912803,Commune de Margerides (19),false,{19128},Commune,2026-03-24 14:41:54.903238+01,gold_establishments_2025,,,,21191280300015,2025,Collectivité Territoriale,Commune,['Corrèze'],['Nouvelle-Aquitaine'],COM,{19},{75}
a966e14a-e1d1-4d31-a9d7-ba754425cf8c,214201378,Commune de Margerie-Chantagret (42),false,{42137},Commune,2026-03-24 14:42:00.273698+01,gold_establishments_2025,,,,21420137800012,2025,Collectivité Territoriale,Commune,['Loire'],['Auvergne-Rhône-Alpes'],COM,{42},{84}
8a8e58c8-f8e1-4a09-93ea-8d27b1efcc74,215103250,Commune de Margerie-Hancourt (51),false,{51349},Commune,2026-03-24 14:42:01.954481+01,gold_establishments_2025,,,,21510325000068,2025,Collectivité Territoriale,Commune,['Marne'],['Grand Est'],COM,{51},{44}
0ecba3b3-f946-4b14-8635-47d427544d68,210204418,Commune de Margival (02),false,{02464},Commune,2026-03-24 14:41:52.020251+01,gold_establishments_2025,,,,21020441800011,2025,Collectivité Territoriale,Commune,['Aisne'],['Hauts-de-France'],COM,{02},{32}
c06cd999-c7ea-40d6-9f96-b5ff991c351d,210802476,Commune de Margny (08),false,{08275},Commune,2026-03-24 14:41:53.095366+01,gold_establishments_2025,,,,21080247600015,2025,Collectivité Territoriale,Commune,['Ardennes'],['Grand Est'],COM,{08},{44}
49232b58-6c4c-49da-b9e5-f2b9ac6af129,215103268,Commune de Margny (51),false,{51350},Commune,2026-03-24 14:42:01.954481+01,gold_establishments_2025,,,,21510326800011,2025,Collectivité Territoriale,Commune,['Marne'],['Grand Est'],COM,{51},{44}
2143b5c9-4f91-451c-a4d2-92b84b3740a3,216003780,Commune de Margny-aux-Cerises (60),false,{60381},Commune,2026-03-24 14:42:04.814328+01,gold_establishments_2025,,,,21600378000014,2025,Collectivité Territoriale,Commune,['Oise'],['Hauts-de-France'],COM,{60},{32}
c66c045b-681a-4d22-b182-7d0115f58597,216003798,Commune de Margny-lès-Compiègne (60),false,{60382},Commune,2026-03-24 14:42:04.814328+01,gold_establishments_2025,,,,21600379800016,2025,Collectivité Territoriale,Commune,['Oise'],['Hauts-de-France'],COM,{60},{32}
5c2e7f1e-9b8d-4b0b-9dbb-a8bf3b55e5fd,216003806,Commune de Margny-sur-Matz (60),false,{60383},Commune,2026-03-24 14:42:04.814328+01,gold_establishments_2025,,,,21600380600017,2025,Collectivité Territoriale,Commune,['Oise'],['Hauts-de-France'],COM,{60},{32}
e4f33f1e-5e68-444e-a35a-bc3479bc6e16,213401490,Commune de Margon (34),false,{34149},Commune,2026-03-24 14:41:58.620411+01,gold_establishments_2025,,,,21340149000015,2025,Collectivité Territoriale,Commune,['Hérault'],['Occitanie'],COM,{34},{76}
cac11a8b-9d7f-47d7-9b01-280a407df6e5,213202351,Commune de Margouët-Meymes (32),false,{32235},Commune,2026-03-24 14:41:58.09424+01,gold_establishments_2025,,,,21320235100010,2025,Collectivité Territoriale,Commune,['Gers'],['Occitanie'],COM,{32},{76}
1d649639-90c4-40bf-aba9-fe91d1965526,215002916,Commune de Margueray (50),false,{50291},Commune,2026-03-24 14:42:01.412377+01,gold_establishments_2025,,,,21500291600017,2025,Collectivité Territoriale,Commune,['Manche'],['Normandie'],COM,{50},{28}
7ef9b756-d6a4-435b-ac5c-f3d0ffd177e7,213001563,Commune de Marguerittes (30),false,{30156},Commune,2026-03-24 14:41:57.56054+01,gold_establishments_2025,,,,21300156300013,2025,Collectivité Territoriale,Commune,['Gard'],['Occitanie'],COM,{30},{76}
051cb8ee-2e57-45da-8347-d9510d68edc6,213302698,Commune de Margueron (33),false,{33269},Commune,2026-03-24 14:41:58.620411+01,gold_establishments_2025,,,,21330269800013,2025,Collectivité Territoriale,Commune,['Gironde'],['Nouvelle-Aquitaine'],COM,{33},{75}
76315146-16a6-4222-a4a1-c0ea0e2fcf9c,213202369,Commune de Marguestau (32),false,{32236},Commune,2026-03-24 14:41:58.09424+01,gold_establishments_2025,,,,21320236900012,2025,Collectivité Territoriale,Commune,['Gers'],['Occitanie'],COM,{32},{76}
8f656397-18b8-4d04-bad5-740acf891962,210802484,Commune de Margut (08),false,{08276},Commune,2026-03-24 14:41:53.095366+01,gold_establishments_2025,,,,21080248400019,2025,Collectivité Territoriale,Commune,['Ardennes'],['Grand Est'],COM,{08},{44}
2ea5d552-8b73-4b6e-a407-869757fa18e2,212601744,Commune de Margès (26),false,{26174},Commune,2026-03-24 14:41:56.495197+01,gold_establishments_2025,,,,21260174400015,2025,Collectivité Territoriale,Commune,['Drôme'],['Auvergne-Rhône-Alpes'],COM,{26},{84}
cd94a0a1-1a00-4fe4-8d64-7c6a2268a9a5,210701504,Commune de Mariac (07),false,{07150},Commune,2026-03-24 14:41:52.562531+01,gold_establishments_2025,,,,21070150400016,2025,Collectivité Territoriale,Commune,['Ardèche'],['Auvergne-Rhône-Alpes'],COM,{07},{84}
5cefef9e-f5fd-49cf-b3f9-0d8f3d92b2e6,218004869,Commune de Maricourt (80),false,{80513},Commune,2026-03-24 14:42:09.967209+01,gold_establishments_2025,,,,21800486900010,2025,Collectivité Territoriale,Commune,['Somme'],['Hauts-de-France'],COM,{80},{32}
6d6e5e34-427f-41e7-8c37-2b8e61741f3b,210600805,Commune de Marie (06),false,{06080},Commune,2026-03-24 14:41:52.562531+01,gold_establishments_2025,,,,21060080500019,2025,Collectivité Territoriale,Commune,['Alpes-Maritimes'],"[""Provence-Alpes-Côte d'Azur""]",COM,{06},{93}
79a20926-fed7-4f63-998f-a9ac6642659e,215704453,Commune de Marieulles (57),false,{57445},Commune,2026-03-24 14:42:03.701372+01,gold_establishments_2025,,,,21570445300012,2025,Collectivité Territoriale,Commune,['Moselle'],['Grand Est'],COM,{57},{44}
f02ca152-ddec-48f1-856b-4da4171c378e,218004877,Commune de Marieux (80),false,{80514},Commune,2026-03-24 14:42:09.967209+01,gold_establishments_2025,,,,21800487700013,2025,Collectivité Territoriale,Commune,['Somme'],['Hauts-de-France'],COM,{80},{32}
0b43fde2-47e4-4371-89c6-8d5efa1e94ed,213903123,Commune de Marigna-sur-Valouse (39),false,{39312},Commune,2026-03-24 14:41:59.705606+01,gold_establishments_2025,,,,21390312300015,2025,Collectivité Territoriale,Commune,['Jura'],['Bourgogne-Franche-Comté'],COM,{39},{27}
0d1f7b1c-bc34-4d48-8607-d5feac693ccf,211702204,Commune de Marignac (17),false,{17220},Commune,2026-03-24 14:41:54.903238+01,gold_establishments_2025,,,,21170220400010,2025,Collectivité Territoriale,Commune,['Charente-Maritime'],['Nouvelle-Aquitaine'],COM,{17},{75}
fc1d9497-c7ba-4853-b630-28fd9cba5f03,213103161,Commune de Marignac (31),false,{31316},Commune,2026-03-24 14:41:58.09424+01,gold_establishments_2025,,,,21310316100013,2025,Collectivité Territoriale,Commune,['Haute-Garonne'],['Occitanie'],COM,{31},{76}
4329d323-c9a3-41e9-8d49-875f831147af,218201036,Commune de Marignac (82),false,{82103},Commune,2026-03-24 14:42:10.508772+01,gold_establishments_2025,,,,21820103600017,2025,Collectivité Territoriale,Commune,['Tarn-et-Garonne'],['Occitanie'],COM,{82},{76}
c516d764-8655-4156-916e-213d259d151a,213103179,Commune de Marignac-Lasclares (31),false,{31317},Commune,2026-03-24 14:41:58.09424+01,gold_establishments_2025,,,,21310317900015,2025,Collectivité Territoriale,Commune,['Haute-Garonne'],['Occitanie'],COM,{31},{76}
cad0fe89-aaf6-49a7-8973-e0592ade2fd1,213103187,Commune de Marignac-Laspeyres (31),false,{31318},Commune,2026-03-24 14:41:58.09424+01,gold_establishments_2025,,,,21310318700018,2025,Collectivité Territoriale,Commune,['Haute-Garonne'],['Occitanie'],COM,{31},{76}
97425b5b-62dd-4632-8365-4a48790f80da,212601751,Commune de Marignac-en-Diois (26),false,{26175},Commune,2026-03-24 14:41:56.495197+01,gold_establishments_2025,,,,21260175100010,2025,Collectivité Territoriale,Commune,['Drôme'],['Auvergne-Rhône-Alpes'],COM,{26},{84}
e784e620-a9ff-4cf7-bd06-1ac42e8a050b,212001549,Commune de Marignana (2A),false,{2A154},Commune,2026-03-24 14:41:57.56054+01,gold_establishments_2025,,,,21200154900014,2025,Collectivité Territoriale,Commune,['Corse-du-Sud'],['Corse'],COM,{2A},{94}
175cdc3e-6cb4-47b4-8bb7-e16e35b0bcf6,211300546,Commune de Marignane (13),false,{13054},Commune,2026-03-24 14:41:53.63825+01,gold_establishments_2025,,,,21130054600010,2025,Collectivité Territoriale,Commune,['Bouches-du-Rhône'],"[""Provence-Alpes-Côte d'Azur""]",COM,{13},{93}
3219be76-b215-4275-a7bc-0d4bba51f443,217401645,Commune de Marignier (74),false,{74164},Commune,2026-03-24 14:42:08.818969+01,gold_establishments_2025,,,,21740164500015,2025,Collectivité Territoriale,Commune,['Haute-Savoie'],['Auvergne-Rhône-Alpes'],COM,{74},{84}
cb773f63-a3ab-4b1f-b849-f886cbb29b29,210102349,Commune de Marignieu (01),false,{01234},Commune,2026-03-24 14:41:51.447482+01,gold_establishments_2025,,,,21010234900011,2025,Collectivité Territoriale,Commune,['Ain'],['Auvergne-Rhône-Alpes'],COM,{01},{84}
f8717dd9-4843-448d-ab6c-a760ccb1203e,210301628,Commune de Marigny (03),false,{03162},Commune,2026-03-24 14:41:52.020251+01,gold_establishments_2025,,,,21030162800017,2025,Collectivité Territoriale,Commune,['Allier'],['Auvergne-Rhône-Alpes'],COM,{03},{84}
5544d9e6-9958-4f8a-9d08-962ce6d79469,213903131,Commune de Marigny (39),false,{39313},Commune,2026-03-24 14:41:59.705606+01,gold_establishments_2025,,,,21390313100018,2025,Collectivité Territoriale,Commune,['Jura'],['Bourgogne-Franche-Comté'],COM,{39},{27}
c96b6c84-330d-433e-ba04-8c2daf720e11,215103276,Commune de Marigny (51),false,{51351},Commune,2026-03-24 14:42:01.954481+01,gold_establishments_2025,,,,21510327600014,2025,Collectivité Territoriale,Commune,['Marne'],['Grand Est'],COM,{51},{44}
9fde94d5-b31f-4091-85fc-425777b0b89d,217102789,Commune de Marigny (71),false,{71278},Commune,2026-03-24 14:42:07.735343+01,gold_establishments_2025,,,,21710278900013,2025,Collectivité Territoriale,Commune,['Saône-et-Loire'],['Bourgogne-Franche-Comté'],COM,{71},{27}
a352da93-5c37-4278-ad24-5c7c5bebc5b5,217901669,Commune de Marigny (79),false,{79166},Commune,2026-03-24 14:42:09.43682+01,gold_establishments_2025,,,,21790166900101,2025,Collectivité Territoriale,Commune,['Deux-Sèvres'],['Nouvelle-Aquitaine'],COM,{79},{75}
02464ec6-4da2-4e6b-af64-597f1ef38047,218601474,Commune de Marigny-Chemereau (86),false,{86147},Commune,2026-03-24 14:42:10.508772+01,gold_establishments_2025,,,,21860147400016,2025,Collectivité Territoriale,Commune,['Vienne'],['Nouvelle-Aquitaine'],COM,{86},{75}
3e7abebd-29c5-42a3-8fb5-379fe29264d2,200058220,Commune de Marigny-Le-Lozon (50),false,{50292},Commune,2026-03-24 14:42:01.412377+01,gold_establishments_2025,,,,20005822000092,2025,Collectivité Territoriale,Commune,['Manche'],['Normandie'],COM,{50},{28}
21ecd9ab-362c-428a-9a2e-08439dfa4fbd,213701485,Commune de Marigny-Marmande (37),false,{37148},Commune,2026-03-24 14:41:59.160244+01,gold_establishments_2025,,,,21370148500012,2025,Collectivité Territoriale,Commune,['Indre-et-Loire'],['Centre-Val de Loire'],COM,{37},{24}
8e3dab3a-a9a7-4685-936b-695b5fb591ca,217401652,Commune de Marigny-Saint-Marcel (74),false,{74165},Commune,2026-03-24 14:42:08.818969+01,gold_establishments_2025,,,,21740165200011,2025,Collectivité Territoriale,Commune,['Haute-Savoie'],['Auvergne-Rhône-Alpes'],COM,{74},{84}
76c8748d-2b60-4144-b642-3614c679637d,210204426,Commune de Marigny-en-Orxois (02),false,{02465},Commune,2026-03-24 14:41:52.020251+01,gold_establishments_2025,,,,21020442600014,2025,Collectivité Territoriale,Commune,['Aisne'],['Hauts-de-France'],COM,{02},{32}
31b5dd86-8a7e-4058-8b12-66ed30cf7036,215801572,Commune de Marigny-l'Église (58),false,{58157},Commune,2026-03-24 14:42:04.280096+01,gold_establishments_2025,,,,21580157200011,2025,Collectivité Territoriale,Commune,['Nièvre'],['Bourgogne-Franche-Comté'],COM,{58},{27}
34d98cd6-a521-43ba-8e86-22b739878dc1,212103865,Commune de Marigny-le-Cahouët (21),false,{21386},Commune,2026-03-24 14:41:55.433389+01,gold_establishments_2025,,,,21210386500011,2025,Collectivité Territoriale,Commune,"[""Côte-d'Or""]",['Bourgogne-Franche-Comté'],COM,{21},{27}
c8bd42a9-873f-4355-8b92-140521796c20,211002175,Commune de Marigny-le-Châtel (10),false,{10224},Commune,2026-03-24 14:41:53.095366+01,gold_establishments_2025,,,,21100217500019,2025,Collectivité Territoriale,Commune,['Aube'],['Grand Est'],COM,{10},{44}
b02d5f88-e96c-47c8-bf83-736c9019e637,214501975,Commune de Marigny-les-Usages (45),false,{45197},Commune,2026-03-24 14:42:00.862623+01,gold_establishments_2025,,,,21450197500012,2025,Collectivité Territoriale,Commune,['Loiret'],['Centre-Val de Loire'],COM,{45},{24}
70aad1c2-8053-4826-a147-5372792acf00,212103873,Commune de Marigny-lès-Reullée (21),false,{21387},Commune,2026-03-24 14:41:55.433389+01,gold_establishments_2025,,,,21210387300015,2025,Collectivité Territoriale,Commune,"[""Côte-d'Or""]",['Bourgogne-Franche-Comté'],COM,{21},{27}
4798799e-ac9c-4602-a1ce-4bc97a770fe3,215801598,Commune de Marigny-sur-Yonne (58),false,{58159},Commune,2026-03-24 14:42:04.280096+01,gold_establishments_2025,,,,21580159800016,2025,Collectivité Territoriale,Commune,['Nièvre'],['Bourgogne-Franche-Comté'],COM,{58},{27}
c9c1e34b-a9b6-48af-a919-a0456b3bfcef,217201870,Commune de Marigné-Laillé (72),false,{72187},Commune,2026-03-24 14:42:08.279287+01,gold_establishments_2025,,,,21720187000011,2025,Collectivité Territoriale,Commune,['Sarthe'],['Pays de la Loire'],COM,{72},{52}
e8b05bea-24fa-4eff-8986-81d8bc4bbcf7,215301458,Commune de Marigné-Peuton (53),false,{53145},Commune,2026-03-24 14:42:02.957225+01,gold_establishments_2025,,,,21530145800018,2025,Collectivité Territoriale,Commune,['Mayenne'],['Pays de la Loire'],COM,{53},{52}
82980887-6976-4782-94fa-62433af76798,211602099,Commune de Marillac-le-Franc (16),false,{16209},Commune,2026-03-24 14:41:54.362296+01,gold_establishments_2025,,,,21160209900015,2025,Collectivité Territoriale,Commune,['Charente'],['Nouvelle-Aquitaine'],COM,{16},{75}
af662c96-0010-4eb3-b680-14646cfd1081,218501369,Commune de Marillet (85),false,{85136},Commune,2026-03-24 14:42:10.508772+01,gold_establishments_2025,,,,21850136900019,2025,Collectivité Territoriale,Commune,['Vendée'],['Pays de la Loire'],COM,{85},{52}
24f2200d-fcf0-4b45-a35e-d91a1b6997cb,213302706,Commune de Marimbault (33),false,{33270},Commune,2026-03-24 14:41:58.620411+01,gold_establishments_2025,,,,21330270600014,2025,Collectivité Territoriale,Commune,['Gironde'],['Nouvelle-Aquitaine'],COM,{33},{75}
ce7a4d76-e4e9-41d4-916b-7eb74eeecce6,215704461,Commune de Marimont-lès-Bénestroff (57),false,{57446},Commune,2026-03-24 14:42:03.701372+01,gold_establishments_2025,,,,21570446100015,2025,Collectivité Territoriale,Commune,['Moselle'],['Grand Est'],COM,{57},{44}
f400d53c-1516-424b-b053-3772f742c3fc,217401660,Commune de Marin (74),false,{74166},Commune,2026-03-24 14:42:08.818969+01,gold_establishments_2025,,,,21740166000063,2025,Collectivité Territoriale,Commune,['Haute-Savoie'],['Auvergne-Rhône-Alpes'],COM,{74},{84}
f1251fa1-977e-457b-8665-06ea6c5522b0,219503703,Commune de Marines (95),false,{95370},Commune,2026-03-24 14:42:11.659493+01,gold_establishments_2025,,,,21950370300015,2025,Collectivité Territoriale,Commune,"[""Val-d'Oise""]",['Île-de-France'],COM,{95},{11}
1e29ca5c-d8e8-4ce1-802e-de22e1767ad7,214201386,Commune de Maringes (42),false,{42138},Commune,2026-03-24 14:42:00.273698+01,gold_establishments_2025,,,,21420138600015,2025,Collectivité Territoriale,Commune,['Loire'],['Auvergne-Rhône-Alpes'],COM,{42},{84}
7bf0acee-8e1d-4e4c-99f7-598368a4d2fd,216302109,Commune de Maringues (63),false,{63210},Commune,2026-03-24 14:42:06.130387+01,gold_establishments_2025,,,,21630210900014,2025,Collectivité Territoriale,Commune,['Puy-de-Dôme'],['Auvergne-Rhône-Alpes'],COM,{63},{84}
ad12af03-2eff-42fa-aefe-9137759208d8,210301636,Commune de Mariol (03),false,{03163},Commune,2026-03-24 14:41:52.020251+01,gold_establishments_2025,,,,21030163600010,2025,Collectivité Territoriale,Commune,['Allier'],['Auvergne-Rhône-Alpes'],COM,{03},{84}
9ccfd805-d640-4132-b3b7-1c190a057eab,213302714,Commune de Marions (33),false,{33271},Commune,2026-03-24 14:41:58.620411+01,gold_establishments_2025,,,,21330271400018,2025,Collectivité Territoriale,Commune,['Gironde'],['Nouvelle-Aquitaine'],COM,{33},{75}
bda25340-196d-4445-afa2-2ed08b1b8bec,219733532,Commune de Maripasoula (973),false,{97353},Commune,2026-03-24 14:42:11.659493+01,gold_establishments_2025,,,,21973353200010,2025,Collectivité Territoriale,Commune,['Guyane'],['Guyane'],COM,{973},{03}
49e8964e-5a61-4196-8906-cc152ebbf02e,210204442,Commune de Marizy-Saint-Mard (02),false,{02467},Commune,2026-03-24 14:41:52.020251+01,gold_establishments_2025,,,,21020444200011,2025,Collectivité Territoriale,Commune,['Aisne'],['Hauts-de-France'],COM,{02},{32}
e4c092bf-e5e8-4354-9b78-0a806b71bbc1,210204434,Commune de Marizy-Sainte-Geneviève (02),false,{02466},Commune,2026-03-24 14:41:52.020251+01,gold_establishments_2025,,,,21020443400018,2025,Collectivité Territoriale,Commune,['Aisne'],['Hauts-de-France'],COM,{02},{32}
fb3cba73-4c86-4304-96f5-3cd42aa0f15a,210204459,Commune de Marle (02),false,{02468},Commune,2026-03-24 14:41:52.020251+01,gold_establishments_2025,,,,21020445900015,2025,Collectivité Territoriale,Commune,['Aisne'],['Hauts-de-France'],COM,{02},{32}
cad50074-b62c-47ae-9e1e-d5fdd41ba84a,210802492,Commune de Marlemont (08),false,{08277},Commune,2026-03-24 14:41:53.095366+01,gold_establishments_2025,,,,21080249200012,2025,Collectivité Territoriale,Commune,['Ardennes'],['Grand Est'],COM,{08},{44}
321a6986-8ba1-4785-8c36-6dbdd950bacf,216702829,Commune de Marlenheim (67),false,{67282},Commune,2026-03-24 14:42:07.195692+01,gold_establishments_2025,,,,21670282900013,2025,Collectivité Territoriale,Commune,['Bas-Rhin'],['Grand Est'],COM,{67},{44}
62c3e144-36ec-4829-b156-8c96b933efe2,218004885,Commune de Marlers (80),false,{80515},Commune,2026-03-24 14:42:09.967209+01,gold_establishments_2025,,,,21800488500016,2025,Collectivité Territoriale,Commune,['Somme'],['Hauts-de-France'],COM,{80},{32}
c6b2fe85-d676-43ee-9dfb-cda08a73f42e,217702778,Commune de Marles-en-Brie (77),false,{77277},Commune,2026-03-24 14:42:09.43682+01,gold_establishments_2025,,,,21770277800010,2025,Collectivité Territoriale,Commune,['Seine-et-Marne'],['Île-de-France'],COM,{77},{11}
f2ab85fe-f712-4161-85e3-711d79bf035c,216205559,Commune de Marles-les-Mines (62),false,{62555},Commune,2026-03-24 14:42:05.597325+01,gold_establishments_2025,,,,21620555900018,2025,Collectivité Territoriale,Commune,['Pas-de-Calais'],['Hauts-de-France'],COM,{62},{32}
25b292db-98c5-4dab-a9af-ad7288b5388a,216205567,Commune de Marles-sur-Canche (62),false,{62556},Commune,2026-03-24 14:42:05.597325+01,gold_establishments_2025,,,,21620556700011,2025,Collectivité Territoriale,Commune,['Pas-de-Calais'],['Hauts-de-France'],COM,{62},{32}
ef9e923c-7aaf-4bad-8d33-b87b36910761,214201394,Commune de Marlhes (42),false,{42139},Commune,2026-03-24 14:42:00.273698+01,gold_establishments_2025,,,,21420139400019,2025,Collectivité Territoriale,Commune,['Loire'],['Auvergne-Rhône-Alpes'],COM,{42},{84}
74dfc1c8-8b87-4089-a69e-90bb6d918c40,213103195,Commune de Marliac (31),false,{31319},Commune,2026-03-24 14:41:58.09424+01,gold_establishments_2025,,,,21310319500011,2025,Collectivité Territoriale,Commune,['Haute-Garonne'],['Occitanie'],COM,{31},{76}
94e07b7a-2da6-46bd-be87-e6ae9f12a775,212103881,Commune de Marliens (21),false,{21388},Commune,2026-03-24 14:41:55.433389+01,gold_establishments_2025,,,,21210388100018,2025,Collectivité Territoriale,Commune,"[""Côte-d'Or""]",['Bourgogne-Franche-Comté'],COM,{21},{27}
bcf0ed6a-7a2b-4559-b287-c72b61ba02ab,210102356,Commune de Marlieux (01),false,{01235},Commune,2026-03-24 14:41:51.447482+01,gold_establishments_2025,,,,21010235600016,2025,Collectivité Territoriale,Commune,['Ain'],['Auvergne-Rhône-Alpes'],COM,{01},{84}
0b839f28-afb3-4cca-be3a-9e339ee461bd,217401686,Commune de Marlioz (74),false,{74168},Commune,2026-03-24 14:42:08.818969+01,gold_establishments_2025,,,,21740168600019,2025,Collectivité Territoriale,Commune,['Haute-Savoie'],['Auvergne-Rhône-Alpes'],COM,{74},{84}
bcd95224-8274-4098-8d21-43e886fc65c0,215704479,Commune de Marly (57),false,{57447},Commune,2026-03-24 14:42:03.701372+01,gold_establishments_2025,,,,21570447900017,2025,Collectivité Territoriale,Commune,['Moselle'],['Grand Est'],COM,{57},{44}
6bbadaa2-e704-4703-a8e7-e4562c794092,215903832,Commune de Marly (59),false,{59383},Commune,2026-03-24 14:42:04.280096+01,gold_establishments_2025,,,,21590383200016,2025,Collectivité Territoriale,Commune,['Nord'],['Hauts-de-France'],COM,{59},{32}
ef2a8390-3e89-4b45-9f02-71f9661d9cf2,210204467,Commune de Marly-Gomont (02),false,{02469},Commune,2026-03-24 14:41:52.020251+01,gold_establishments_2025,,,,21020446700018,2025,Collectivité Territoriale,Commune,['Aisne'],['Hauts-de-France'],COM,{02},{32}
f40e1339-9ead-41c7-889f-fd51d5b85e3e,219503711,Commune de Marly-la-Ville (95),false,{95371},Commune,2026-03-24 14:42:11.659493+01,gold_establishments_2025,,,,21950371100018,2025,Collectivité Territoriale,Commune,"[""Val-d'Oise""]",['Île-de-France'],COM,{95},{11}
321625ff-6366-4edc-b75f-5afe4416fd46,217803725,Commune de Marly-le-Roi (78),false,{78372},Commune,2026-03-24 14:42:09.43682+01,gold_establishments_2025,,,,21780372500019,2025,Collectivité Territoriale,Commune,['Yvelines'],['Île-de-France'],COM,{78},{11}
1b5c3ebf-61ce-4ba5-8829-8c8f82562510,217102805,Commune de Marly-sous-Issy (71),false,{71280},Commune,2026-03-24 14:42:07.735343+01,gold_establishments_2025,,,,21710280500017,2025,Collectivité Territoriale,Commune,['Saône-et-Loire'],['Bourgogne-Franche-Comté'],COM,{71},{27}
46a3575f-63c5-4d1f-bb84-11cea783e6b6,217102813,Commune de Marly-sur-Arroux (71),false,{71281},Commune,2026-03-24 14:42:07.735343+01,gold_establishments_2025,,,,21710281300011,2025,Collectivité Territoriale,Commune,['Saône-et-Loire'],['Bourgogne-Franche-Comté'],COM,{71},{27}
f28c4347-e5c5-4314-bc01-18e6b3ef2bf8,211801386,Commune de Marmagne (18),false,{18138},Commune,2026-03-24 14:41:54.903238+01,gold_establishments_2025,,,,21180138600015,2025,Collectivité Territoriale,Commune,['Cher'],['Centre-Val de Loire'],COM,{18},{24}
bb314cb1-83e3-4062-8f17-33009a8a862d,212103899,Commune de Marmagne (21),false,{21389},Commune,2026-03-24 14:41:55.433389+01,gold_establishments_2025,,,,21210389900010,2025,Collectivité Territoriale,Commune,"[""Côte-d'Or""]",['Bourgogne-Franche-Comté'],COM,{21},{27}
2e19830a-8433-49d2-8040-988998a1a635,217102821,Commune de Marmagne (71),false,{71282},Commune,2026-03-24 14:42:07.735343+01,gold_establishments_2025,,,,21710282100014,2025,Collectivité Territoriale,Commune,['Saône-et-Loire'],['Bourgogne-Franche-Comté'],COM,{71},{27}
7c289d33-1130-4a65-8c12-ffbedc1310b4,214701575,Commune de Marmande (47),false,{47157},Commune,2026-03-24 14:42:00.862623+01,gold_establishments_2025,,,,21470157500018,2025,Collectivité Territoriale,Commune,['Lot-et-Garonne'],['Nouvelle-Aquitaine'],COM,{47},{75}
92fdf66d-6ec8-466d-afef-a59ae4307731,211501184,Commune de Marmanhac (15),false,{15118},Commune,2026-03-24 14:41:54.362296+01,gold_establishments_2025,,,,21150118400017,2025,Collectivité Territoriale,Commune,['Cantal'],['Auvergne-Rhône-Alpes'],COM,{15},{84}
1d151941-672b-4b02-a807-a86586cb1cba,218902443,Commune de Marmeaux (89),false,{89244},Commune,2026-03-24 14:42:11.118516+01,gold_establishments_2025,,,,21890244300017,2025,Collectivité Territoriale,Commune,['Yonne'],['Bourgogne-Franche-Comté'],COM,{89},{27}
1c44cc48-ded3-4849-9f6e-3c0eaf7fbc2b,214601841,Commune de Marminiac (46),false,{46184},Commune,2026-03-24 14:42:00.862623+01,gold_establishments_2025,,,,21460184100015,2025,Collectivité Territoriale,Commune,['Lot'],['Occitanie'],COM,{46},{76}
2d7a04dd-b997-44ae-8fbd-761166ef9fd2,214701583,Commune de Marmont-Pachas (47),false,{47158},Commune,2026-03-24 14:42:00.862623+01,gold_establishments_2025,,,,21470158300012,2025,Collectivité Territoriale,Commune,['Lot-et-Garonne'],['Nouvelle-Aquitaine'],COM,{47},{75}
fd72adc5-feae-48a4-b27c-171507a1b1d3,216702837,Commune de Marmoutier (67),false,{67283},Commune,2026-03-24 14:42:07.195692+01,gold_establishments_2025,,,,21670283700057,2025,Collectivité Territoriale,Commune,['Bas-Rhin'],['Grand Est'],COM,{67},{44}
da7d6fbc-6ae7-444a-a122-76a816d8562b,212402549,Commune de Marnac (24),false,{24254},Commune,2026-03-24 14:41:55.958138+01,gold_establishments_2025,,,,21240254900019,2025,Collectivité Territoriale,Commune,['Dordogne'],['Nouvelle-Aquitaine'],COM,{24},{75}
bdef1e6d-531d-44dc-9d83-63dee761d36e,213802218,Commune de Marnans (38),false,{38221},Commune,2026-03-24 14:41:59.160244+01,gold_establishments_2025,,,,21380221800015,2025,Collectivité Territoriale,Commune,['Isère'],['Auvergne-Rhône-Alpes'],COM,{38},{84}
f05de11d-0bc8-43bb-8dad-a9942e36c511,218101541,Commune de Marnaves (81),false,{81154},Commune,2026-03-24 14:42:09.967209+01,gold_establishments_2025,,,,21810154100017,2025,Collectivité Territoriale,Commune,['Tarn'],['Occitanie'],COM,{81},{76}
e3e04e7c-ff29-4db7-a9b5-529fcc8d598e,217003342,Commune de Marnay (70),false,{70334},Commune,2026-03-24 14:42:07.735343+01,gold_establishments_2025,,,,21700334200011,2025,Collectivité Territoriale,Commune,['Haute-Saône'],['Bourgogne-Franche-Comté'],COM,{70},{27}
390b0cd5-3865-4342-b352-9cc5a9eabeb4,217102839,Commune de Marnay (71),false,{71283},Commune,2026-03-24 14:42:07.735343+01,gold_establishments_2025,,,,21710283900016,2025,Collectivité Territoriale,Commune,['Saône-et-Loire'],['Bourgogne-Franche-Comté'],COM,{71},{27}
7c22fe14-7c06-4f94-b017-e726a64ee7b2,218601482,Commune de Marnay (86),false,{86148},Commune,2026-03-24 14:42:10.508772+01,gold_establishments_2025,,,,21860148200019,2025,Collectivité Territoriale,Commune,['Vienne'],['Nouvelle-Aquitaine'],COM,{86},{75}
ce8029c4-8088-41c4-bc02-510024e28945,215202276,Commune de Marnay-sur-Marne (52),false,{52315},Commune,2026-03-24 14:42:01.954481+01,gold_establishments_2025,,,,21520227600014,2025,Collectivité Territoriale,Commune,['Haute-Marne'],['Grand Est'],COM,{52},{44}
3c3cd6b6-108e-4d0e-ad34-f45d2e6add68,211002183,Commune de Marnay-sur-Seine (10),false,{10225},Commune,2026-03-24 14:41:53.095366+01,gold_establishments_2025,,,,21100218300013,2025,Collectivité Territoriale,Commune,['Aube'],['Grand Est'],COM,{10},{44}
bf1f5312-56f8-48c9-a3ef-8aa831661775,217401694,Commune de Marnaz (74),false,{74169},Commune,2026-03-24 14:42:08.818969+01,gold_establishments_2025,,,,21740169400013,2025,Collectivité Territoriale,Commune,['Haute-Savoie'],['Auvergne-Rhône-Alpes'],COM,{74},{84}
66b336fd-a819-4cb5-a37a-26fdf3adf3f1,217901677,Commune de Marnes (79),false,{79167},Commune,2026-03-24 14:42:09.43682+01,gold_establishments_2025,,,,21790167700013,2025,Collectivité Territoriale,Commune,['Deux-Sèvres'],['Nouvelle-Aquitaine'],COM,{79},{75}
f054a29e-b961-43fe-addb-9a527e8495ee,219200474,Commune de Marnes-la-Coquette (92),false,{92047},Commune,2026-03-24 14:42:11.659493+01,gold_establishments_2025,,,,21920047400019,2025,Collectivité Territoriale,Commune,['Hauts-de-Seine'],['Île-de-France'],COM,{92},{11}
616503e4-b5b6-46be-aa3f-1737b95c7b84,211201397,Commune de Marnhagues-et-Latour (12),false,{12139},Commune,2026-03-24 14:41:53.63825+01,gold_establishments_2025,,,,21120139700018,2025,Collectivité Territoriale,Commune,['Aveyron'],['Occitanie'],COM,{12},{76}
4a558487-ff00-4638-a9d3-8398466c9132,213903156,Commune de Marnoz (39),false,{39315},Commune,2026-03-24 14:41:59.705606+01,gold_establishments_2025,,,,21390315600015,2025,Collectivité Territoriale,Commune,['Jura'],['Bourgogne-Franche-Comté'],COM,{39},{27}
183066da-31fd-4d43-9592-beb20b22cb42,213903149,Commune de Marnézia (39),false,{39314},Commune,2026-03-24 14:41:59.705606+01,gold_establishments_2025,,,,21390314900010,2025,Collectivité Territoriale,Commune,['Jura'],['Bourgogne-Franche-Comté'],COM,{39},{27}
3faf6b41-88e8-4bc0-b61f-4f522929cfdc,215903840,Commune de Maroilles (59),false,{59384},Commune,2026-03-24 14:42:04.280096+01,gold_establishments_2025,,,,21590384000019,2025,Collectivité Territoriale,Commune,['Nord'],['Hauts-de-France'],COM,{59},{32}
064677c9-bfc0-4b10-88fd-70e3d9848c62,211404033,Commune de Marolles (14),false,{14403},Commune,2026-03-24 14:41:54.362296+01,gold_establishments_2025,,,,21140403300014,2025,Collectivité Territoriale,Commune,['Calvados'],['Normandie'],COM,{14},{28}
b9c9a433-8882-44c2-be81-055523607436,214101289,Commune de Marolles (41),false,{41128},Commune,2026-03-24 14:42:00.273698+01,gold_establishments_2025,,,,21410128900012,2025,Collectivité Territoriale,Commune,['Loir-et-Cher'],['Centre-Val de Loire'],COM,{41},{24}
0966346e-99b4-44b7-8a52-67e0120b3e14,215103284,Commune de Marolles (51),false,{51352},Commune,2026-03-24 14:42:01.954481+01,gold_establishments_2025,,,,21510328400018,2025,Collectivité Territoriale,Commune,['Marne'],['Grand Est'],COM,{51},{44}
1da71255-7c62-47a6-bcd0-d2ae532bc5a5,216003814,Commune de Marolles (60),false,{60385},Commune,2026-03-24 14:42:04.814328+01,gold_establishments_2025,,,,21600381400011,2025,Collectivité Territoriale,Commune,['Oise'],['Hauts-de-France'],COM,{60},{32}
8bef2c36-5c86-4721-8def-53e21bf6509f,219103744,Commune de Marolles-en-Beauce (91),false,{91374},Commune,2026-03-24 14:42:11.659493+01,gold_establishments_2025,,,,21910374400013,2025,Collectivité Territoriale,Commune,['Essonne'],['Île-de-France'],COM,{91},{11}
caedf40b-f6f7-48f2-a9dc-abd13256c06e,217702786,Commune de Marolles-en-Brie (77),false,{77278},Commune,2026-03-24 14:42:09.43682+01,gold_establishments_2025,,,,21770278600013,2025,Collectivité Territoriale,Commune,['Seine-et-Marne'],['Île-de-France'],COM,{77},{11}
39a324a8-7264-4df3-ba1d-e8866418a681,219400488,Commune de Marolles-en-Brie (94),false,{94048},Commune,2026-03-24 14:42:11.659493+01,gold_establishments_2025,,,,21940048800017,2025,Collectivité Territoriale,Commune,['Val-de-Marne'],['Île-de-France'],COM,{94},{11}
7c3a0f66-ebf6-411c-9e7e-56982445e960,219103769,Commune de Marolles-en-Hurepoix (91),false,{91376},Commune,2026-03-24 14:42:11.659493+01,gold_establishments_2025,,,,21910376900010,2025,Collectivité Territoriale,Commune,['Essonne'],['Île-de-France'],COM,{91},{11}
68570b48-bab3-4566-85a2-edf121c4fca8,200082543,Commune de Marolles-les-Braults (72),false,{72189},Commune,2026-03-24 14:42:08.279287+01,gold_establishments_2025,,,,20008254300014,2025,Collectivité Territoriale,Commune,['Sarthe'],['Pays de la Loire'],COM,{72},{52}
de369349-6dbd-4e1a-870f-c787d6114643,212802375,Commune de Marolles-les-Buis (28),false,{28237},Commune,2026-03-24 14:41:57.028721+01,gold_establishments_2025,,,,21280237500015,2025,Collectivité Territoriale,Commune,['Eure-et-Loir'],['Centre-Val de Loire'],COM,{28},{24}
62a87bc8-4e0d-4c58-a627-90f635943dae,211002191,Commune de Marolles-lès-Bailly (10),false,{10226},Commune,2026-03-24 14:41:53.095366+01,gold_establishments_2025,,,,21100219100016,2025,Collectivité Territoriale,Commune,['Aube'],['Grand Est'],COM,{10},{44}
d2a0a512-dc8f-4a54-86a2-245064787c68,217201904,Commune de Marolles-lès-Saint-Calais (72),false,{72190},Commune,2026-03-24 14:42:08.279287+01,gold_establishments_2025,,,,21720190400018,2025,Collectivité Territoriale,Commune,['Sarthe'],['Pays de la Loire'],COM,{72},{52}
30919993-c99f-4247-b838-9667b7e4ac6c,211002209,Commune de Marolles-sous-Lignières (10),false,{10227},Commune,2026-03-24 14:41:53.095366+01,gold_establishments_2025,,,,21100220900016,2025,Collectivité Territoriale,Commune,['Aube'],['Grand Est'],COM,{10},{44}
53d4c5b2-6b98-4bbb-b4e6-6349369cc00a,217702794,Commune de Marolles-sur-Seine (77),false,{77279},Commune,2026-03-24 14:42:09.43682+01,gold_establishments_2025,,,,21770279400017,2025,Collectivité Territoriale,Commune,['Seine-et-Marne'],['Île-de-France'],COM,{77},{11}
659475f2-a7f4-4096-8802-4197d7d6cde3,217201888,Commune de Marollette (72),false,{72188},Commune,2026-03-24 14:42:08.279287+01,gold_establishments_2025,,,,21720188800013,2025,Collectivité Territoriale,Commune,['Sarthe'],['Pays de la Loire'],COM,{72},{52}
b4b1a8dc-d658-47e0-a71a-de6b8cfa4729,214201402,Commune de Marols (42),false,{42140},Commune,2026-03-24 14:42:00.273698+01,gold_establishments_2025,,,,21420140200010,2025,Collectivité Territoriale,Commune,['Loire'],['Auvergne-Rhône-Alpes'],COM,{42},{84}
fc16421b-9845-4bc3-8986-611429e594f5,217604107,Commune de Maromme (76),false,{76410},Commune,2026-03-24 14:42:08.818969+01,gold_establishments_2025,,,,21760410700011,2025,Collectivité Territoriale,Commune,['Seine-Maritime'],['Normandie'],COM,{76},{28}
bc7f0037-6e3a-4ce3-b9dd-bb5ff3184748,215403528,Commune de Maron (54),false,{54352},Commune,2026-03-24 14:42:02.957225+01,gold_establishments_2025,,,,21540352800064,2025,Collectivité Territoriale,Commune,['Meurthe-et-Moselle'],['Grand Est'],COM,{54},{44}
13498953-d848-41d9-a620-3f3d166bf889,218802882,Commune de Maroncourt (88),false,{88288},Commune,2026-03-24 14:42:11.118516+01,gold_establishments_2025,,,,21880288200017,2025,Collectivité Territoriale,Commune,['Vosges'],['Grand Est'],COM,{88},{44}
5d3fd4d6-fbff-4322-9ed2-ecc4271037b7,214001737,Commune de Marpaps (40),false,{40173},Commune,2026-03-24 14:41:59.705606+01,gold_establishments_2025,,,,21400173700011,2025,Collectivité Territoriale,Commune,['Landes'],['Nouvelle-Aquitaine'],COM,{40},{75}
b1902799-6a09-4f30-b88d-2f5ceca85e13,215903857,Commune de Marpent (59),false,{59385},Commune,2026-03-24 14:42:04.280096+01,gold_establishments_2025,,,,21590385700013,2025,Collectivité Territoriale,Commune,['Nord'],['Hauts-de-France'],COM,{59},{32}
4fcbd475-0176-45e4-a049-97da42f12e51,213501661,Commune de Marpiré (35),false,{35166},Commune,2026-03-24 14:41:58.620411+01,gold_establishments_2025,,,,21350166100010,2025,Collectivité Territoriale,Commune,['Ille-et-Vilaine'],['Bretagne'],COM,{35},{53}
512a48a7-e1c8-485f-b3de-6f76f776d867,218004893,Commune de Marquaix (80),false,{80516},Commune,2026-03-24 14:42:09.967209+01,gold_establishments_2025,,,,21800489300010,2025,Collectivité Territoriale,Commune,['Somme'],['Hauts-de-France'],COM,{80},{32}
5aebbc0b-445a-4a26-b793-0aa09ebd4bf2,212402556,Commune de Marquay (24),false,{24255},Commune,2026-03-24 14:41:55.958138+01,gold_establishments_2025,,,,21240255600014,2025,Collectivité Territoriale,Commune,['Dordogne'],['Nouvelle-Aquitaine'],COM,{24},{75}
dfec4344-83f2-4a44-96c3-031ab7085571,216205583,Commune de Marquay (62),false,{62558},Commune,2026-03-24 14:42:05.597325+01,gold_establishments_2025,,,,21620558300018,2025,Collectivité Territoriale,Commune,['Pas-de-Calais'],['Hauts-de-France'],COM,{62},{32}
b9b0acff-c258-449e-89af-fb20cce6f599,213103203,Commune de Marquefave (31),false,{31320},Commune,2026-03-24 14:41:58.09424+01,gold_establishments_2025,,,,21310320300013,2025,Collectivité Territoriale,Commune,['Haute-Garonne'],['Occitanie'],COM,{31},{76}
bb579fba-3eb1-4e45-b80e-ffa3a403a70c,211102181,Commune de Marquein (11),false,{11218},Commune,2026-03-24 14:41:53.63825+01,gold_establishments_2025,,,,21110218100016,2025,Collectivité Territoriale,Commune,['Aude'],['Occitanie'],COM,{11},{76}
d9858c7d-3b96-435b-8ede-90a4ac350ec2,216502989,Commune de Marquerie (65),false,{65298},Commune,2026-03-24 14:42:06.665412+01,gold_establishments_2025,,,,21650298900017,2025,Collectivité Territoriale,Commune,['Hautes-Pyrénées'],['Occitanie'],COM,{65},{76}
3261f3d7-07ca-4f4e-badf-d163a6d4ea64,217604115,Commune de Marques (76),false,{76411},Commune,2026-03-24 14:42:08.818969+01,gold_establishments_2025,,,,21760411500014,2025,Collectivité Territoriale,Commune,['Seine-Maritime'],['Normandie'],COM,{76},{28}
b2b9872e-115a-4078-b798-96ee4d24749b,215903873,Commune de Marquette-en-Ostrevant (59),false,{59387},Commune,2026-03-24 14:42:04.280096+01,gold_establishments_2025,,,,21590387300010,2025,Collectivité Territoriale,Commune,['Nord'],['Hauts-de-France'],COM,{59},{32}
dc1e87a6-0583-40b8-9e41-386248d2e862,215903865,Commune de Marquette-lez-Lille (59),false,{59386},Commune,2026-03-24 14:42:04.280096+01,gold_establishments_2025,,,,21590386500016,2025,Collectivité Territoriale,Commune,['Nord'],['Hauts-de-France'],COM,{59},{32}
55417224-49cc-420a-83a5-e43ca322721b,210802500,Commune de Marquigny (08),false,{08278},Commune,2026-03-24 14:41:53.095366+01,gold_establishments_2025,,,,21080250000012,2025,Collectivité Territoriale,Commune,['Ardennes'],['Grand Est'],COM,{08},{44}
38686e89-4ac9-43a5-8a1e-65ba1d1e69a0,215903881,Commune de Marquillies (59),false,{59388},Commune,2026-03-24 14:42:04.280096+01,gold_establishments_2025,,,,21590388100013,2025,Collectivité Territoriale,Commune,['Nord'],['Hauts-de-France'],COM,{59},{32}
f08a6e82-d44e-43b4-912f-54456a8eb56a,216205591,Commune de Marquion (62),false,{62559},Commune,2026-03-24 14:42:05.597325+01,gold_establishments_2025,,,,21620559100011,2025,Collectivité Territoriale,Commune,['Pas-de-Calais'],['Hauts-de-France'],COM,{62},{32}
9edb2a7e-bf5d-432c-a36c-030257aad002,216205609,Commune de Marquise (62),false,{62560},Commune,2026-03-24 14:42:05.597325+01,gold_establishments_2025,,,,21620560900011,2025,Collectivité Territoriale,Commune,['Pas-de-Calais'],['Hauts-de-France'],COM,{62},{32}
e594247a-fedc-4ac6-97fb-58cbad34d3f9,218004901,Commune de Marquivillers (80),false,{80517},Commune,2026-03-24 14:42:09.967209+01,gold_establishments_2025,,,,21800490100011,2025,Collectivité Territoriale,Commune,['Somme'],['Hauts-de-France'],COM,{80},{32}
911e0a31-fda4-4ec8-a164-0c632a89370d,216601039,Commune de Marquixanes (66),false,{66103},Commune,2026-03-24 14:42:06.665412+01,gold_establishments_2025,,,,21660103900011,2025,Collectivité Territoriale,Commune,['Pyrénées-Orientales'],['Occitanie'],COM,{66},{76}
a969ca1d-eebc-4aa5-bdd1-1d74a0ec8f09,216003822,Commune de Marquéglise (60),false,{60386},Commune,2026-03-24 14:42:04.814328+01,gold_establishments_2025,,,,21600382200014,2025,Collectivité Territoriale,Commune,['Oise'],['Hauts-de-France'],COM,{60},{32}
5545de1a-4311-4ad1-bb37-bdfa09bd207d,213701493,Commune de Marray (37),false,{37149},Commune,2026-03-24 14:41:59.160244+01,gold_establishments_2025,,,,21370149300016,2025,Collectivité Territoriale,Commune,['Indre-et-Loire'],['Centre-Val de Loire'],COM,{37},{24}
12a54e8b-8eb9-4db5-a48a-653588ca5d0c,215503210,Commune de Marre (55),false,{55321},Commune,2026-03-24 14:42:03.701372+01,gold_establishments_2025,,,,21550321000019,2025,Collectivité Territoriale,Commune,['Meuse'],['Grand Est'],COM,{55},{44}
36a49b8d-cac7-41f6-8782-144cf5284048,210701512,Commune de Mars (07),false,{07151},Commune,2026-03-24 14:41:52.562531+01,gold_establishments_2025,,,,21070151200019,2025,Collectivité Territoriale,Commune,['Ardèche'],['Auvergne-Rhône-Alpes'],COM,{07},{84}
90dd7057-c4a9-43b9-82c8-61d06710c88e,214201410,Commune de Mars (42),false,{42141},Commune,2026-03-24 14:42:00.273698+01,gold_establishments_2025,,,,21420141000013,2025,Collectivité Territoriale,Commune,['Loire'],['Auvergne-Rhône-Alpes'],COM,{42},{84}
85a37419-0cf5-4038-b66e-4c929a88d959,215403536,Commune de Mars-la-Tour (54),false,{54353},Commune,2026-03-24 14:42:02.957225+01,gold_establishments_2025,,,,21540353600018,2025,Collectivité Territoriale,Commune,['Meurthe-et-Moselle'],['Grand Est'],COM,{54},{44}
f8a31bfd-d0e2-4a86-bc74-0eb93594b0bb,210802518,Commune de Mars-sous-Bourcq (08),false,{08279},Commune,2026-03-24 14:41:53.095366+01,gold_establishments_2025,,,,21080251800014,2025,Collectivité Territoriale,Commune,['Ardennes'],['Grand Est'],COM,{08},{44}
e15d8723-991c-4583-880f-9b4ae60e9e14,215801580,Commune de Mars-sur-Allier (58),false,{58158},Commune,2026-03-24 14:42:04.280096+01,gold_establishments_2025,,,,21580158000014,2025,Collectivité Territoriale,Commune,['Nièvre'],['Bourgogne-Franche-Comté'],COM,{58},{27}
3daf88a7-24ce-408b-a803-48b56c77fe8b,211102199,Commune de Marsa (11),false,{11219},Commune,2026-03-24 14:41:53.63825+01,gold_establishments_2025,,,,21110219900018,2025,Collectivité Territoriale,Commune,['Aude'],['Occitanie'],COM,{11},{76}
a944a9d1-cef3-4f17-8fbb-37509f454d55,211602107,Commune de Marsac (16),false,{16210},Commune,2026-03-24 14:41:54.362296+01,gold_establishments_2025,,,,21160210700016,2025,Collectivité Territoriale,Commune,['Charente'],['Nouvelle-Aquitaine'],COM,{16},{75}
2363d417-c2b4-40c7-820d-2025431ffceb,212312409,Commune de Marsac (23),false,{23124},Commune,2026-03-24 14:41:55.958138+01,gold_establishments_2025,,,,21231240900015,2025,Collectivité Territoriale,Commune,['Creuse'],['Nouvelle-Aquitaine'],COM,{23},{75}
77eb2a5e-7424-41cf-9f98-88daa1227604,216502997,Commune de Marsac (65),false,{65299},Commune,2026-03-24 14:42:06.665412+01,gold_establishments_2025,,,,21650299700010,2025,Collectivité Territoriale,Commune,['Hautes-Pyrénées'],['Occitanie'],COM,{65},{76}
15e513f1-b261-4093-a504-0478dbce4117,218201044,Commune de Marsac (82),false,{82104},Commune,2026-03-24 14:42:10.508772+01,gold_establishments_2025,,,,21820104400011,2025,Collectivité Territoriale,Commune,['Tarn-et-Garonne'],['Occitanie'],COM,{82},{76}
32dfaeda-be16-40af-b62f-fecf76082219,216302117,Commune de Marsac-en-Livradois (63),false,{63211},Commune,2026-03-24 14:42:06.130387+01,gold_establishments_2025,,,,21630211700017,2025,Collectivité Territoriale,Commune,['Puy-de-Dôme'],['Auvergne-Rhône-Alpes'],COM,{63},{84}
0b2a1c10-2111-4aed-a643-b0e4cca27965,214400913,Commune de Marsac-sur-Don (44),false,{44091},Commune,2026-03-24 14:42:00.273698+01,gold_establishments_2025,,,,21440091300015,2025,Collectivité Territoriale,Commune,['Loire-Atlantique'],['Pays de la Loire'],COM,{44},{52}
3f52af34-433f-42b2-82e6-699c76617354,212402564,Commune de Marsac-sur-l'Isle (24),false,{24256},Commune,2026-03-24 14:41:55.958138+01,gold_establishments_2025,,,,21240256400018,2025,Collectivité Territoriale,Commune,['Dordogne'],['Nouvelle-Aquitaine'],COM,{24},{75}
7befdb8b-0aba-4f02-b39e-1066d6fb5ebe,214501983,Commune de Marsainvilliers (45),false,{45198},Commune,2026-03-24 14:42:00.862623+01,gold_establishments_2025,,,,21450198300016,2025,Collectivité Territoriale,Commune,['Loiret'],['Centre-Val de Loire'],COM,{45},{24}
b103189d-36be-488f-8d8a-a7e94733ff99,211702212,Commune de Marsais (17),false,{17221},Commune,2026-03-24 14:41:54.903238+01,gold_establishments_2025,,,,21170221200013,2025,Collectivité Territoriale,Commune,['Charente-Maritime'],['Nouvelle-Aquitaine'],COM,{17},{75}
bd92876d-0f60-4e10-a59e-91afbcbeb7e1,218501377,Commune de Marsais-Sainte-Radégonde (85),false,{85137},Commune,2026-03-24 14:42:10.508772+01,gold_establishments_2025,,,,21850137700012,2025,Collectivité Territoriale,Commune,['Vendée'],['Pays de la Loire'],COM,{85},{52}
47769e48-16cf-4d59-9f97-3f9f66760e81,215704487,Commune de Marsal (57),false,{57448},Commune,2026-03-24 14:42:03.701372+01,gold_establishments_2025,,,,21570448700010,2025,Collectivité Territoriale,Commune,['Moselle'],['Grand Est'],COM,{57},{44}
6f7e99d6-926c-4ba2-baf6-1cc143dd8b7a,212402572,Commune de Marsalès (24),false,{24257},Commune,2026-03-24 14:41:55.958138+01,gold_establishments_2025,,,,21240257200011,2025,Collectivité Territoriale,Commune,['Dordogne'],['Nouvelle-Aquitaine'],COM,{24},{75}
8e96ad5e-6a41-43d5-8ee4-7abd366625c0,213202377,Commune de Marsan (32),false,{32237},Commune,2026-03-24 14:41:58.09424+01,gold_establishments_2025,,,,21320237700015,2025,Collectivité Territoriale,Commune,['Gers'],['Occitanie'],COM,{32},{76}
802ac58a-fdfb-4356-b523-0a1104a00f2c,215103292,Commune de Marsangis (51),false,{51353},Commune,2026-03-24 14:42:01.954481+01,gold_establishments_2025,,,,21510329200011,2025,Collectivité Territoriale,Commune,['Marne'],['Grand Est'],COM,{51},{44}
dabf12a3-8326-4dc8-aec6-0bcf9c0e4570,218902450,Commune de Marsangy (89),false,{89245},Commune,2026-03-24 14:42:11.118516+01,gold_establishments_2025,,,,21890245000012,2025,Collectivité Territoriale,Commune,['Yonne'],['Bourgogne-Franche-Comté'],COM,{89},{27}
3318732f-2cef-4216-85eb-0961289d8eab,212103907,Commune de Marsannay-la-Côte (21),false,{21390},Commune,2026-03-24 14:41:55.433389+01,gold_establishments_2025,,,,21210390700011,2025,Collectivité Territoriale,Commune,"[""Côte-d'Or""]",['Bourgogne-Franche-Comté'],COM,{21},{27}
595c486c-f9ab-4906-9d6f-f75eee20be52,212103915,Commune de Marsannay-le-Bois (21),false,{21391},Commune,2026-03-24 14:41:55.433389+01,gold_establishments_2025,,,,21210391500048,2025,Collectivité Territoriale,Commune,"[""Côte-d'Or""]",['Bourgogne-Franche-Comté'],COM,{21},{27}
85f4ce19-25eb-49e3-8a46-0a2c053417aa,212601769,Commune de Marsanne (26),false,{26176},Commune,2026-03-24 14:41:56.495197+01,gold_establishments_2025,,,,21260176900012,2025,Collectivité Territoriale,Commune,['Drôme'],['Auvergne-Rhône-Alpes'],COM,{26},{84}
429dac9b-d344-4b26-8434-f9d9e589f137,213302722,Commune de Marsas (33),false,{33272},Commune,2026-03-24 14:41:58.620411+01,gold_establishments_2025,,,,21330272200011,2025,Collectivité Territoriale,Commune,['Gironde'],['Nouvelle-Aquitaine'],COM,{33},{75}
c7f70956-96aa-4e53-b76c-2e63312db812,216503003,Commune de Marsas (65),false,{65300},Commune,2026-03-24 14:42:06.665412+01,gold_establishments_2025,,,,21650300300016,2025,Collectivité Territoriale,Commune,['Hautes-Pyrénées'],['Occitanie'],COM,{65},{76}
27204f44-6d64-4650-bac6-5596710d93cb,216302125,Commune de Marsat (63),false,{63212},Commune,2026-03-24 14:42:06.130387+01,gold_establishments_2025,,,,21630212500010,2025,Collectivité Territoriale,Commune,['Puy-de-Dôme'],['Auvergne-Rhône-Alpes'],COM,{63},{84}
59b6fc0a-eab8-4d0f-806e-84576499e19d,212601777,Commune de Marsaz (26),false,{26177},Commune,2026-03-24 14:41:56.495197+01,gold_establishments_2025,,,,21260177700015,2025,Collectivité Territoriale,Commune,['Drôme'],['Auvergne-Rhône-Alpes'],COM,{26},{84}
e5c35ba0-3c49-455b-8d8c-fa7e119fb7d2,213202385,Commune de Marseillan (32),false,{32238},Commune,2026-03-24 14:41:58.09424+01,gold_establishments_2025,,,,21320238500018,2025,Collectivité Territoriale,Commune,['Gers'],['Occitanie'],COM,{32},{76}
e4170b74-e5e2-4990-b1f9-7a77b6d5093a,213401508,Commune de Marseillan (34),false,{34150},Commune,2026-03-24 14:41:58.620411+01,gold_establishments_2025,,,,21340150800014,2025,Collectivité Territoriale,Commune,['Hérault'],['Occitanie'],COM,{34},{76}
926a7fa5-0426-42e7-ab5c-a950313d327e,216503011,Commune de Marseillan (65),false,{65301},Commune,2026-03-24 14:42:06.665412+01,gold_establishments_2025,,,,21650301100019,2025,Collectivité Territoriale,Commune,['Hautes-Pyrénées'],['Occitanie'],COM,{65},{76}
3607dce3-051f-4692-8d95-99c66686c407,211300553,Commune de Marseille (13),false,"{13055,13201,13202,13203,13204,13205,13206,13207,13208,13209,13210,13211,13212,13213,13214,13215,13216}",Commune,2026-03-24 14:41:53.63825+01,gold_establishments_2025,,,,21130055300016,2025,Collectivité Territoriale,Commune,['Bouches-du-Rhône'],"[""Provence-Alpes-Côte d'Azur""]",COM,{13},{93}
5dcd7992-ba7b-47ed-ad67-4541ad1f428d,216003830,Commune de Marseille-en-Beauvaisis (60),false,{60387},Commune,2026-03-24 14:42:04.814328+01,gold_establishments_2025,,,,21600383000017,2025,Collectivité Territoriale,Commune,['Oise'],['Hauts-de-France'],COM,{60},{32}
191de962-0b82-459e-89b3-399821a4f97b,211801394,Commune de Marseilles-lès-Aubigny (18),false,{18139},Commune,2026-03-24 14:41:54.903238+01,gold_establishments_2025,,,,21180139400019,2025,Collectivité Territoriale,Commune,['Cher'],['Centre-Val de Loire'],COM,{18},{24}
dd059411-c403-4015-b4f1-8eca519c4e15,211102207,Commune de Marseillette (11),false,{11220},Commune,2026-03-24 14:41:53.63825+01,gold_establishments_2025,,,,21110220700019,2025,Collectivité Territoriale,Commune,['Aude'],['Occitanie'],COM,{11},{76}
66d1e321-a37d-4458-9ac3-504fd4fa2a62,213401516,Commune de Marsillargues (34),false,{34151},Commune,2026-03-24 14:41:58.620411+01,gold_establishments_2025,,,,21340151600017,2025,Collectivité Territoriale,Commune,['Hérault'],['Occitanie'],COM,{34},{76}
cc519844-d829-4cc5-9c79-7b216a638128,211702220,Commune de Marsilly (17),false,{17222},Commune,2026-03-24 14:41:54.903238+01,gold_establishments_2025,,,,21170222000016,2025,Collectivité Territoriale,Commune,['Charente-Maritime'],['Nouvelle-Aquitaine'],COM,{17},{75}
0eca54e6-f0da-4793-885f-9ba6d170f5e9,215704495,Commune de Marsilly (57),false,{57449},Commune,2026-03-24 14:42:03.701372+01,gold_establishments_2025,,,,21570449500013,2025,Collectivité Territoriale,Commune,['Moselle'],['Grand Est'],COM,{57},{44}
64e56366-9830-45da-970b-912fe79b056e,213202393,Commune de Marsolan (32),false,{32239},Commune,2026-03-24 14:41:58.09424+01,gold_establishments_2025,,,,21320239300012,2025,Collectivité Territoriale,Commune,['Gers'],['Occitanie'],COM,{32},{76}
a27ecab6-3975-49eb-bc1c-0ce9eb2e3ef7,215103300,Commune de Marson (51),false,{51354},Commune,2026-03-24 14:42:01.954481+01,gold_establishments_2025,,,,21510330000012,2025,Collectivité Territoriale,Commune,['Marne'],['Grand Est'],COM,{51},{44}
948d5e0d-0ab3-4d18-b784-1dfc0627f616,215503228,Commune de Marson-sur-Barboure (55),false,{55322},Commune,2026-03-24 14:42:03.701372+01,gold_establishments_2025,,,,21550322800011,2025,Collectivité Territoriale,Commune,['Meuse'],['Grand Est'],COM,{55},{44}
9a22faf2-c7dd-42ac-8ff6-d52a89222476,210102364,Commune de Marsonnas (01),false,{01236},Commune,2026-03-24 14:41:51.447482+01,gold_establishments_2025,,,,21010236400010,2025,Collectivité Territoriale,Commune,['Ain'],['Auvergne-Rhône-Alpes'],COM,{01},{84}
54cd9275-a01d-472c-99df-530237f8eb28,213103211,Commune de Marsoulas (31),false,{31321},Commune,2026-03-24 14:41:58.09424+01,gold_establishments_2025,,,,21310321100016,2025,Collectivité Territoriale,Commune,['Haute-Garonne'],['Occitanie'],COM,{31},{76}
0bff6af8-acf7-4acb-9ac2-0f4f701ecf0d,218101566,Commune de Marssac-sur-Tarn (81),false,{81156},Commune,2026-03-24 14:42:09.967209+01,gold_establishments_2025,,,,21810156600014,2025,Collectivité Territoriale,Commune,['Tarn'],['Occitanie'],COM,{81},{76}
e3eee465-e0e4-4b3d-ad8b-258c5500afa0,212703920,Commune de Martagny (27),false,{27392},Commune,2026-03-24 14:41:57.028721+01,gold_establishments_2025,,,,21270392000018,2025,Collectivité Territoriale,Commune,['Eure'],['Normandie'],COM,{27},{28}
e13c59fc-9474-4bc9-bf65-1425b77b228f,217102847,Commune de Martailly-lès-Brancion (71),false,{71284},Commune,2026-03-24 14:42:07.735343+01,gold_establishments_2025,,,,21710284700019,2025,Collectivité Territoriale,Commune,['Saône-et-Loire'],['Bourgogne-Franche-Comté'],COM,{71},{27}
c81a0f8c-cfbb-4f16-89d9-fc25ba7db5db,218004919,Commune de Martainneville (80),false,{80518},Commune,2026-03-24 14:42:09.967209+01,gold_establishments_2025,,,,21800491900013,2025,Collectivité Territoriale,Commune,['Somme'],['Hauts-de-France'],COM,{80},{32}
d8bedd56-d725-4375-99ab-93c30e00070e,211404041,Commune de Martainville (14),false,{14404},Commune,2026-03-24 14:41:54.362296+01,gold_establishments_2025,,,,21140404100017,2025,Collectivité Territoriale,Commune,['Calvados'],['Normandie'],COM,{14},{28}
0f593952-2ce8-4f45-b46b-56151273338e,212703938,Commune de Martainville (27),false,{27393},Commune,2026-03-24 14:41:57.028721+01,gold_establishments_2025,,,,21270393800010,2025,Collectivité Territoriale,Commune,['Eure'],['Normandie'],COM,{27},{28}
a4775454-5fff-41ac-9d40-613ce0264073,217604123,Commune de Martainville-Épreville (76),false,{76412},Commune,2026-03-24 14:42:08.818969+01,gold_establishments_2025,,,,21760412300018,2025,Collectivité Territoriale,Commune,['Seine-Maritime'],['Normandie'],COM,{76},{28}
bbef7a1f-f96c-4e52-94fc-f7f096bff175,218601490,Commune de Martaizé (86),false,{86149},Commune,2026-03-24 14:42:10.508772+01,gold_establishments_2025,,,,21860149000012,2025,Collectivité Territoriale,Commune,['Vienne'],['Nouvelle-Aquitaine'],COM,{86},{75}
a6c67180-1234-46f7-806d-9976edb29ece,214601858,Commune de Martel (46),false,{46185},Commune,2026-03-24 14:42:00.862623+01,gold_establishments_2025,,,,21460185800019,2025,Collectivité Territoriale,Commune,['Lot'],['Occitanie'],COM,{46},{76}
d1945760-0534-4268-b66e-a5426f3b1bc7,215403544,Commune de Marthemont (54),false,{54354},Commune,2026-03-24 14:42:02.957225+01,gold_establishments_2025,,,,21540354400012,2025,Collectivité Territoriale,Commune,['Meurthe-et-Moselle'],['Grand Est'],COM,{54},{44}
0b80d8cb-d2c6-465b-b31d-3671d1a486b8,215704511,Commune de Marthille (57),false,{57451},Commune,2026-03-24 14:42:03.701372+01,gold_establishments_2025,,,,21570451100017,2025,Collectivité Territoriale,Commune,['Moselle'],['Grand Est'],COM,{57},{44}
d52e9105-ecc3-41cd-afd0-35f3363a9522,217301530,Commune de Marthod (73),false,{73153},Commune,2026-03-24 14:42:08.279287+01,gold_establishments_2025,,,,21730153000010,2025,Collectivité Territoriale,Commune,['Savoie'],['Auvergne-Rhône-Alpes'],COM,{73},{84}
183ca1b7-56fa-44f6-81a9-832b7f8b3766,211602115,Commune de Marthon (16),false,{16211},Commune,2026-03-24 14:41:54.362296+01,gold_establishments_2025,,,,21160211500019,2025,Collectivité Territoriale,Commune,['Charente'],['Nouvelle-Aquitaine'],COM,{16},{75}
385f0cf3-c0fa-493a-b872-c8246a70dd3b,211201405,Commune de Martiel (12),false,{12140},Commune,2026-03-24 14:41:53.63825+01,gold_establishments_2025,,,,21120140500019,2025,Collectivité Territoriale,Commune,['Aveyron'],['Occitanie'],COM,{12},{76}
31168a7a-ecf3-4697-8c7f-0107da151046,213903180,Commune de Martigna (39),false,{39318},Commune,2026-03-24 14:41:59.705606+01,gold_establishments_2025,,,,21390318000015,2025,Collectivité Territoriale,Commune,['Jura'],['Bourgogne-Franche-Comté'],COM,{39},{27}
f771bc25-4d10-4021-9459-7c9c49397c0e,213001589,Commune de Martignargues (30),false,{30158},Commune,2026-03-24 14:41:57.56054+01,gold_establishments_2025,,,,21300158900018,2025,Collectivité Territoriale,Commune,['Gard'],['Occitanie'],COM,{30},{76}
6a1bdcd2-8ca5-43ea-8ecb-76f5e9faa42a,213302730,Commune de Martignas-sur-Jalle (33),false,{33273},Commune,2026-03-24 14:41:58.620411+01,gold_establishments_2025,,,,21330273000014,2025,Collectivité Territoriale,Commune,['Gironde'],['Nouvelle-Aquitaine'],COM,{33},{75}
e2856dd1-2475-4064-85ab-ecb35f068f61,210102372,Commune de Martignat (01),false,{01237},Commune,2026-03-24 14:41:51.447482+01,gold_establishments_2025,,,,21010237200013,2025,Collectivité Territoriale,Commune,['Ain'],['Auvergne-Rhône-Alpes'],COM,{01},{84}
737ec189-b5e3-4c80-ad77-5c7f80d0d36b,210204475,Commune de Martigny (02),false,{02470},Commune,2026-03-24 14:41:52.020251+01,gold_establishments_2025,,,,21020447500011,2025,Collectivité Territoriale,Commune,['Aisne'],['Hauts-de-France'],COM,{02},{32}
00a2a598-fc23-4b17-b4bc-9db67014f93a,217604131,Commune de Martigny (76),false,{76413},Commune,2026-03-24 14:42:08.818969+01,gold_establishments_2025,,,,21760413100011,2025,Collectivité Territoriale,Commune,['Seine-Maritime'],['Normandie'],COM,{76},{28}
9472edc1-8014-4e22-8751-9b32ea0baf02,210204483,Commune de Martigny-Courpierre (02),false,{02471},Commune,2026-03-24 14:41:52.020251+01,gold_establishments_2025,,,,21020448300015,2025,Collectivité Territoriale,Commune,['Aisne'],['Hauts-de-France'],COM,{02},{32}
22a636fe-c27d-44aa-8462-7869142e0379,217102854,Commune de Martigny-le-Comte (71),false,{71285},Commune,2026-03-24 14:42:07.735343+01,gold_establishments_2025,,,,21710285400015,2025,Collectivité Territoriale,Commune,['Saône-et-Loire'],['Bourgogne-Franche-Comté'],COM,{71},{27}
76aefbf9-2699-4242-b830-0496f139df5b,218802890,Commune de Martigny-les-Bains (88),false,{88289},Commune,2026-03-24 14:42:11.118516+01,gold_establishments_2025,,,,21880289000010,2025,Collectivité Territoriale,Commune,['Vosges'],['Grand Est'],COM,{88},{44}
0518c7a3-60b7-45e0-a47a-06f40314821c,218802908,Commune de Martigny-les-Gerbonvaux (88),false,{88290},Commune,2026-03-24 14:42:11.118516+01,gold_establishments_2025,,,,21880290800010,2025,Collectivité Territoriale,Commune,['Vosges'],['Grand Est'],COM,{88},{44}
ce17fb2e-41d6-4dcd-b9e6-9db3f3d6aefa,211404058,Commune de Martigny-sur-l'Ante (14),false,{14405},Commune,2026-03-24 14:41:54.362296+01,gold_establishments_2025,,,,21140405800011,2025,Collectivité Territoriale,Commune,['Calvados'],['Normandie'],COM,{14},{28}
b64ddc00-76ac-4f91-9348-746715c44f41,213501679,Commune de Martigné-Ferchaud (35),false,{35167},Commune,2026-03-24 14:41:58.620411+01,gold_establishments_2025,,,,21350167900012,2025,Collectivité Territoriale,Commune,['Ille-et-Vilaine'],['Bretagne'],COM,{35},{53}
a0f90de4-dcf0-4cb1-b3d8-20a20c93fcc2,215301466,Commune de Martigné-sur-Mayenne (53),false,{53146},Commune,2026-03-24 14:42:02.957225+01,gold_establishments_2025,,,,21530146600011,2025,Collectivité Territoriale,Commune,['Mayenne'],['Pays de la Loire'],COM,{53},{52}
0a2bc4fb-f6e9-47f6-9954-4e90b6ab1d7d,211300561,Commune de Martigues (13),false,{13056},Commune,2026-03-24 14:41:53.63825+01,gold_establishments_2025,,,,21130056100019,2025,Collectivité Territoriale,Commune,['Bouches-du-Rhône'],"[""Provence-Alpes-Côte d'Azur""]",COM,{13},{93}
c356f209-a4dc-4313-a64d-a6bfc1160119,213302748,Commune de Martillac (33),false,{33274},Commune,2026-03-24 14:41:58.620411+01,gold_establishments_2025,,,,21330274800016,2025,Collectivité Territoriale,Commune,['Gironde'],['Nouvelle-Aquitaine'],COM,{33},{75}
191ff7eb-8c1e-484b-b348-359678925865,217604149,Commune de Martin-Église (76),false,{76414},Commune,2026-03-24 14:42:08.818969+01,gold_establishments_2025,,,,21760414900013,2025,Collectivité Territoriale,Commune,['Seine-Maritime'],['Normandie'],COM,{76},{28}
2b2f7879-d82e-4d8a-badf-87d5049fd7d2,215403551,Commune de Martincourt (54),false,{54355},Commune,2026-03-24 14:42:02.957225+01,gold_establishments_2025,,,,21540355100017,2025,Collectivité Territoriale,Commune,['Meurthe-et-Moselle'],['Grand Est'],COM,{54},{44}
6fb0833f-d825-4701-a05f-e935539af958,216003848,Commune de Martincourt (60),false,{60388},Commune,2026-03-24 14:42:04.814328+01,gold_establishments_2025,,,,21600384800019,2025,Collectivité Territoriale,Commune,['Oise'],['Hauts-de-France'],COM,{60},{32}
8fdf3fce-cd69-4150-bd5f-82d23c77a814,215503236,Commune de Martincourt-sur-Meuse (55),false,{55323},Commune,2026-03-24 14:42:03.701372+01,gold_establishments_2025,,,,21550323600014,2025,Collectivité Territoriale,Commune,['Meuse'],['Grand Est'],COM,{55},{44}
c6beb32e-9c82-4447-879b-f7412a0bb38b,218501385,Commune de Martinet (85),false,{85138},Commune,2026-03-24 14:42:10.508772+01,gold_establishments_2025,,,,21850138500015,2025,Collectivité Territoriale,Commune,['Vendée'],['Pays de la Loire'],COM,{85},{52}
34990df6-92f5-42f9-bb74-1d20e794c952,216205617,Commune de Martinpuich (62),false,{62561},Commune,2026-03-24 14:42:05.597325+01,gold_establishments_2025,,,,21620561700014,2025,Collectivité Territoriale,Commune,['Pas-de-Calais'],['Hauts-de-France'],COM,{62},{32}
40ef3161-9010-4581-a1ef-9726a7865206,215002940,Commune de Martinvast (50),false,{50294},Commune,2026-03-24 14:42:01.412377+01,gold_establishments_2025,,,,21500294000033,2025,Collectivité Territoriale,Commune,['Manche'],['Normandie'],COM,{50},{28}
6e25ec18-7d37-4516-87b4-f3f07bd06458,218802916,Commune de Martinvelle (88),false,{88291},Commune,2026-03-24 14:42:11.118516+01,gold_establishments_2025,,,,21880291600054,2025,Collectivité Territoriale,Commune,['Vosges'],['Grand Est'],COM,{88},{44}
2d2df818-71a6-4acc-a183-41d4ed549a02,213103229,Commune de Martisserre (31),false,{31322},Commune,2026-03-24 14:41:58.09424+01,gold_establishments_2025,,,,21310322900018,2025,Collectivité Territoriale,Commune,['Haute-Garonne'],['Occitanie'],COM,{31},{76}
e71d0752-5d26-4424-bdac-1294ce822b1e,213601131,Commune de Martizay (36),false,{36113},Commune,2026-03-24 14:41:59.160244+01,gold_establishments_2025,,,,21360113100013,2025,Collectivité Territoriale,Commune,['Indre'],['Centre-Val de Loire'],COM,{36},{24}
5caa8980-5201-4602-a642-814e19fdfd57,212703946,Commune de Martot (27),false,{27394},Commune,2026-03-24 14:41:57.028721+01,gold_establishments_2025,,,,21270394600013,2025,Collectivité Territoriale,Commune,['Eure'],['Normandie'],COM,{27},{28}
b63e22ff-653a-4e32-a245-847f02e569de,213302755,Commune de Martres (33),false,{33275},Commune,2026-03-24 14:41:58.620411+01,gold_establishments_2025,,,,21330275500011,2025,Collectivité Territoriale,Commune,['Gironde'],['Nouvelle-Aquitaine'],COM,{33},{75}
7c32fd50-984a-4cf0-b8c2-8616e81b7476,213103245,Commune de Martres-Tolosane (31),false,{31324},Commune,2026-03-24 14:41:58.09424+01,gold_establishments_2025,,,,21310324500014,2025,Collectivité Territoriale,Commune,['Haute-Garonne'],['Occitanie'],COM,{31},{76}
8b6206cb-837e-4546-a0dc-a8596f7635df,213103237,Commune de Martres-de-Rivière (31),false,{31323},Commune,2026-03-24 14:41:58.09424+01,gold_establishments_2025,,,,21310323700011,2025,Collectivité Territoriale,Commune,['Haute-Garonne'],['Occitanie'],COM,{31},{76}
0ffad9ea-ccc5-45c0-886d-85a75e5601fd,216302158,Commune de Martres-sur-Morge (63),false,{63215},Commune,2026-03-24 14:42:06.130387+01,gold_establishments_2025,,,,21630215800011,2025,Collectivité Territoriale,Commune,['Puy-de-Dôme'],['Auvergne-Rhône-Alpes'],COM,{63},{84}
3affd95d-2c74-425e-ad83-7b1fa6fc5e90,211201413,Commune de Martrin (12),false,{12141},Commune,2026-03-24 14:41:53.63825+01,gold_establishments_2025,,,,21120141300013,2025,Collectivité Territoriale,Commune,['Aveyron'],['Occitanie'],COM,{12},{76}
e05d6150-8999-48ed-9e14-6ea6182e4246,212103923,Commune de Martrois (21),false,{21392},Commune,2026-03-24 14:41:55.433389+01,gold_establishments_2025,,,,21210392300018,2025,Collectivité Territoriale,Commune,"[""Côte-d'Or""]",['Bourgogne-Franche-Comté'],COM,{21},{27}
3154a8e2-0ddd-4edd-8e57-f462847704da,213001605,Commune de Maruéjols-lès-Gardon (30),false,{30160},Commune,2026-03-24 14:41:57.56054+01,gold_establishments_2025,,,,21300160500046,2025,Collectivité Territoriale,Commune,['Gard'],['Occitanie'],COM,{30},{76}
4740eac0-949b-4ac3-a4dd-da31dff2e7ac,218709202,Commune de Marval (87),false,{87092},Commune,2026-03-24 14:42:11.118516+01,gold_establishments_2025,,,,21870920200012,2025,Collectivité Territoriale,Commune,['Haute-Vienne'],['Nouvelle-Aquitaine'],COM,{87},{75}
172827c5-b877-4f93-9915-3e50b0c4b211,210802526,Commune de Marvaux-Vieux (08),false,{08280},Commune,2026-03-24 14:41:53.095366+01,gold_establishments_2025,,,,21080252600017,2025,Collectivité Territoriale,Commune,['Ardennes'],['Grand Est'],COM,{08},{44}
af7d4f89-1b93-4a17-b148-78e5a74d4f7b,214800922,Commune de Marvejols (48),false,{48092},Commune,2026-03-24 14:42:01.412377+01,gold_establishments_2025,,,,21480092200012,2025,Collectivité Territoriale,Commune,['Lozère'],['Occitanie'],COM,{48},{76}
f795815c-de50-43fc-9875-60c692b7aa76,212503692,Commune de Marvelise (25),false,{25369},Commune,2026-03-24 14:41:56.495197+01,gold_establishments_2025,,,,21250369200015,2025,Collectivité Territoriale,Commune,['Doubs'],['Bourgogne-Franche-Comté'],COM,{25},{27}
5b7cf743-db9e-407c-b9b0-af8bcd64fbe3,215503244,Commune de Marville (55),false,{55324},Commune,2026-03-24 14:42:03.701372+01,gold_establishments_2025,,,,21550324400018,2025,Collectivité Territoriale,Commune,['Meuse'],['Grand Est'],COM,{55},{44}
ddd4e2f6-702f-423d-9c14-b7d650fd94e4,212802391,Commune de Marville-Moutiers-Brûlé (28),false,{28239},Commune,2026-03-24 14:41:57.028721+01,gold_establishments_2025,,,,21280239100012,2025,Collectivité Territoriale,Commune,['Eure-et-Loir'],['Centre-Val de Loire'],COM,{28},{24}
882fcb1f-3856-4289-b2ae-005aa6d0b2e3,217102862,Commune de Mary (71),false,{71286},Commune,2026-03-24 14:42:07.735343+01,gold_establishments_2025,,,,21710286200018,2025,Collectivité Territoriale,Commune,['Saône-et-Loire'],['Bourgogne-Franche-Comté'],COM,{71},{27}
36bc9aa7-f719-4a0b-9a54-09a07d42a87c,217702802,Commune de Mary-sur-Marne (77),false,{77280},Commune,2026-03-24 14:42:09.43682+01,gold_establishments_2025,,,,21770280200018,2025,Collectivité Territoriale,Commune,['Seine-et-Marne'],['Île-de-France'],COM,{77},{11}
b1632f43-43ac-40c2-8803-dd39614f5ea5,215601261,Commune de Marzan (56),false,{56126},Commune,2026-03-24 14:42:03.701372+01,gold_establishments_2025,,,,21560126100013,2025,Collectivité Territoriale,Commune,['Morbihan'],['Bretagne'],COM,{56},{53}
a81ac092-4cfd-42e0-8002-172762ba3c08,218101574,Commune de Marzens (81),false,{81157},Commune,2026-03-24 14:42:09.967209+01,gold_establishments_2025,,,,21810157400018,2025,Collectivité Territoriale,Commune,['Tarn'],['Occitanie'],COM,{81},{76}
1d9f9cba-9b4d-4e67-9acb-a17e3f5d8637,215801606,Commune de Marzy (58),false,{58160},Commune,2026-03-24 14:42:04.280096+01,gold_establishments_2025,,,,21580160600017,2025,Collectivité Territoriale,Commune,['Nièvre'],['Bourgogne-Franche-Comté'],COM,{58},{27}
d0640dc4-bb33-4c9b-9308-1d0aa39faac4,211801360,Commune de Marçais (18),false,{18136},Commune,2026-03-24 14:41:54.903238+01,gold_establishments_2025,,,,21180136000010,2025,Collectivité Territoriale,Commune,['Cher'],['Centre-Val de Loire'],COM,{18},{24}
98e61447-2d56-441f-8249-53d26e623863,213701444,Commune de Marçay (37),false,{37144},Commune,2026-03-24 14:41:59.160244+01,gold_establishments_2025,,,,21370144400019,2025,Collectivité Territoriale,Commune,['Indre-et-Loire'],['Centre-Val de Loire'],COM,{37},{24}
2bf04ac1-60ac-4de7-be84-fda23ba1831e,218601458,Commune de Marçay (86),false,{86145},Commune,2026-03-24 14:42:10.508772+01,gold_establishments_2025,,,,21860145800019,2025,Collectivité Territoriale,Commune,['Vienne'],['Nouvelle-Aquitaine'],COM,{86},{75}
46df19fc-d33e-490f-b651-828ceb91294e,217201839,Commune de Marçon (72),false,{72183},Commune,2026-03-24 14:42:08.279287+01,gold_establishments_2025,,,,21720183900016,2025,Collectivité Territoriale,Commune,['Sarthe'],['Pays de la Loire'],COM,{72},{52}
272bb99e-8a6c-44dd-a542-c0942f75ee87,216205575,Commune de Marœuil (62),false,{62557},Commune,2026-03-24 14:42:05.597325+01,gold_establishments_2025,,,,21620557500014,2025,Collectivité Territoriale,Commune,['Pas-de-Calais'],['Hauts-de-France'],COM,{62},{32}
c0fb14ef-ad70-4c4d-85f4-bdf32469a9dc,211300579,Commune de Mas-Blanc-des-Alpilles (13),false,{13057},Commune,2026-03-24 14:41:53.63825+01,gold_establishments_2025,,,,21130057900011,2025,Collectivité Territoriale,Commune,['Bouches-du-Rhône'],"[""Provence-Alpes-Côte d'Azur""]",COM,{13},{93}
48418c12-ec51-4a05-8f76-1181d4a617ea,211102223,Commune de Mas-Cabardès (11),false,{11222},Commune,2026-03-24 14:41:53.63825+01,gold_establishments_2025,,,,21110222300016,2025,Collectivité Territoriale,Commune,['Aude'],['Occitanie'],COM,{11},{76}
806a65eb-5a98-4e0c-acf3-2512a5b3accb,218201051,Commune de Mas-Grenier (82),false,{82105},Commune,2026-03-24 14:42:10.508772+01,gold_establishments_2025,,,,21820105100016,2025,Collectivité Territoriale,Commune,['Tarn-et-Garonne'],['Occitanie'],COM,{82},{76}
77df20da-516d-4aac-ab25-1ba0431bf730,214801417,Commune de Mas-Saint-Chély (48),false,{48141},Commune,2026-03-24 14:42:01.412377+01,gold_establishments_2025,,,,21480141700012,2025,Collectivité Territoriale,Commune,['Lozère'],['Occitanie'],COM,{48},{76}
71dc15b2-27aa-4daf-b831-b51aca073cea,211102256,Commune de Mas-Saintes-Puelles (11),false,{11225},Commune,2026-03-24 14:41:53.63825+01,gold_establishments_2025,,,,21110225600016,2025,Collectivité Territoriale,Commune,['Aude'],['Occitanie'],COM,{11},{76}
36c02921-6217-485d-ad41-8bcd28924995,213202419,Commune de Mas-d'Auvignon (32),false,{32241},Commune,2026-03-24 14:41:58.09424+01,gold_establishments_2025,,,,21320241900015,2025,Collectivité Territoriale,Commune,['Gers'],['Occitanie'],COM,{32},{76}
116c2269-405d-45c7-a227-4ecefbf6a147,213401524,Commune de Mas-de-Londres (34),false,{34152},Commune,2026-03-24 14:41:58.620411+01,gold_establishments_2025,,,,21340152400011,2025,Collectivité Territoriale,Commune,['Hérault'],['Occitanie'],COM,{34},{76}
fdda91c1-c6e0-43d1-9ed2-8ec3d0dab8f3,211102231,Commune de Mas-des-Cours (11),false,{11223},Commune,2026-03-24 14:41:53.63825+01,gold_establishments_2025,,,,21110223100019,2025,Collectivité Territoriale,Commune,['Aude'],['Occitanie'],COM,{11},{76}
b63a0e78-5e68-4512-a7bb-145093bdc10e,213202401,Commune de Mascaras (32),false,{32240},Commune,2026-03-24 14:41:58.09424+01,gold_establishments_2025,,,,21320240100013,2025,Collectivité Territoriale,Commune,['Gers'],['Occitanie'],COM,{32},{76}
cde33ff9-c2da-4b8d-a057-b329f399876d,216503037,Commune de Mascaras (65),false,{65303},Commune,2026-03-24 14:42:06.665412+01,gold_establishments_2025,,,,21650303700014,2025,Collectivité Territoriale,Commune,['Hautes-Pyrénées'],['Occitanie'],COM,{65},{76}
067b183e-9f76-4a69-a09a-a3994d010a65,216403667,Commune de Mascaraàs-Haron (64),false,{64366},Commune,2026-03-24 14:42:06.665412+01,gold_establishments_2025,,,,21640366700019,2025,Collectivité Territoriale,Commune,['Pyrénées-Atlantiques'],['Nouvelle-Aquitaine'],COM,{64},{75}
e7f0cd6c-d18b-4c53-9969-6df5067abb19,213103252,Commune de Mascarville (31),false,{31325},Commune,2026-03-24 14:41:58.09424+01,gold_establishments_2025,,,,21310325200010,2025,Collectivité Territoriale,Commune,['Haute-Garonne'],['Occitanie'],COM,{31},{76}
47628fa2-a9d6-4d8c-9d49-5d6eeb483cde,214601866,Commune de Masclat (46),false,{46186},Commune,2026-03-24 14:42:00.862623+01,gold_establishments_2025,,,,21460186600012,2025,Collectivité Territoriale,Commune,['Lot'],['Occitanie'],COM,{46},{76}
57bff6c5-643d-4077-991f-bccf66aab92b,200059434,Commune de Masevaux-Niederbruck (68),false,{68201},Commune,2026-03-24 14:42:07.195692+01,gold_establishments_2025,,,,20005943400015,2025,Collectivité Territoriale,Commune,['Haut-Rhin'],['Grand Est'],COM,{68},{44}
fe07fcd6-25b3-4e8f-ab77-10d4f144d819,216403675,Commune de Maslacq (64),false,{64367},Commune,2026-03-24 14:42:06.665412+01,gold_establishments_2025,,,,21640367500012,2025,Collectivité Territoriale,Commune,['Pyrénées-Atlantiques'],['Nouvelle-Aquitaine'],COM,{64},{75}
9d0ee64b-185e-4fd9-a0d8-31cda42be495,214101297,Commune de Maslives (41),false,{41129},Commune,2026-03-24 14:42:00.273698+01,gold_establishments_2025,,,,21410129700015,2025,Collectivité Territoriale,Commune,['Loir-et-Cher'],['Centre-Val de Loire'],COM,{41},{24}
5463da61-ca98-4b7a-a978-911e8a6adc03,218709301,Commune de Masléon (87),false,{87093},Commune,2026-03-24 14:42:11.118516+01,gold_establishments_2025,,,,21870930100012,2025,Collectivité Territoriale,Commune,['Haute-Vienne'],['Nouvelle-Aquitaine'],COM,{87},{75}
7227d418-4e99-4762-9be4-c5e2feeef4a7,215903899,Commune de Masnières (59),false,{59389},Commune,2026-03-24 14:42:04.280096+01,gold_establishments_2025,,,,21590389900015,2025,Collectivité Territoriale,Commune,['Nord'],['Hauts-de-France'],COM,{59},{32}
b5b7a1f7-ba65-431d-9cc2-d444fc3fc7ea,215903907,Commune de Masny (59),false,{59390},Commune,2026-03-24 14:42:04.280096+01,gold_establishments_2025,,,,21590390700016,2025,Collectivité Territoriale,Commune,['Nord'],['Hauts-de-France'],COM,{59},{32}
925b9ffc-79bf-4494-a446-27052286577e,216403683,Commune de Masparraute (64),false,{64368},Commune,2026-03-24 14:42:06.665412+01,gold_establishments_2025,,,,21640368300016,2025,Collectivité Territoriale,Commune,['Pyrénées-Atlantiques'],['Nouvelle-Aquitaine'],COM,{64},{75}
f259c4b4-88af-41a0-9262-f8b67685905b,216403691,Commune de Maspie-Lalonquère-Juillacq (64),false,{64369},Commune,2026-03-24 14:42:06.665412+01,gold_establishments_2025,,,,21640369100019,2025,Collectivité Territoriale,Commune,['Pyrénées-Atlantiques'],['Nouvelle-Aquitaine'],COM,{64},{75}
5ded9782-a789-41ee-8af6-55a2f6d3d3a2,214701609,Commune de Masquières (47),false,{47160},Commune,2026-03-24 14:42:00.862623+01,gold_establishments_2025,,,,21470160900015,2025,Collectivité Territoriale,Commune,['Lot-et-Garonne'],['Nouvelle-Aquitaine'],COM,{47},{75}
e29cd2d8-3990-4aa0-ad0a-da585fdcbd5f,213103260,Commune de Massabrac (31),false,{31326},Commune,2026-03-24 14:41:58.09424+01,gold_establishments_2025,,,,21310326000013,2025,Collectivité Territoriale,Commune,['Haute-Garonne'],['Occitanie'],COM,{31},{76}
79d6132b-de74-48b7-9bbc-a6d0a7e4736b,211102249,Commune de Massac (11),false,{11224},Commune,2026-03-24 14:41:53.63825+01,gold_establishments_2025,,,,21110224900011,2025,Collectivité Territoriale,Commune,['Aude'],['Occitanie'],COM,{11},{76}
93e82cdc-ef46-47ee-81f6-66e6aaec262b,211702238,Commune de Massac (17),false,{17223},Commune,2026-03-24 14:41:54.903238+01,gold_establishments_2025,,,,21170223800018,2025,Collectivité Territoriale,Commune,['Charente-Maritime'],['Nouvelle-Aquitaine'],COM,{17},{75}
dfebd708-a566-48a9-ace4-739eec304406,218101590,Commune de Massac-Séran (81),false,{81159},Commune,2026-03-24 14:42:09.967209+01,gold_establishments_2025,,,,21810159000014,2025,Collectivité Territoriale,Commune,['Tarn'],['Occitanie'],COM,{81},{76}
9747a064-e222-4ef5-8ae9-08cd27389f2a,218101608,Commune de Massaguel (81),false,{81160},Commune,2026-03-24 14:42:09.967209+01,gold_establishments_2025,,,,21810160800014,2025,Collectivité Territoriale,Commune,['Tarn'],['Occitanie'],COM,{81},{76}
cdc37c24-5dd0-4b9b-a35e-ce14dacca8e3,218101616,Commune de Massals (81),false,{81161},Commune,2026-03-24 14:42:09.967209+01,gold_establishments_2025,,,,21810161600017,2025,Collectivité Territoriale,Commune,['Tarn'],['Occitanie'],COM,{81},{76}
1fcc186a-f66e-49e5-947e-0bb964564616,213001613,Commune de Massanes (30),false,{30161},Commune,2026-03-24 14:41:57.56054+01,gold_establishments_2025,,,,21300161300016,2025,Collectivité Territoriale,Commune,['Gard'],['Occitanie'],COM,{30},{76}
aa436ef3-da98-46ad-affb-b4dea77d692b,218902468,Commune de Massangis (89),false,{89246},Commune,2026-03-24 14:42:11.118516+01,gold_establishments_2025,,,,21890246800014,2025,Collectivité Territoriale,Commune,['Yonne'],['Bourgogne-Franche-Comté'],COM,{89},{27}
662b06f9-0485-4f94-9dcc-0f78dd910911,210901823,Commune de Massat (09),false,{09182},Commune,2026-03-24 14:41:53.095366+01,gold_establishments_2025,,,,21090182300018,2025,Collectivité Territoriale,Commune,['Ariège'],['Occitanie'],COM,{09},{76}
160ff0e1-24aa-4357-88e7-22b47bb43e06,211801402,Commune de Massay (18),false,{18140},Commune,2026-03-24 14:41:54.903238+01,gold_establishments_2025,,,,21180140200077,2025,Collectivité Territoriale,Commune,['Cher'],['Centre-Val de Loire'],COM,{18},{24}
d34f9452-f021-47da-98cb-80b0d7000a04,200072619,Commune de Massegros Causses Gorges (48),false,{48094},Commune,2026-03-24 14:42:01.412377+01,gold_establishments_2025,,,,20007261900014,2025,Collectivité Territoriale,Commune,['Lozère'],['Occitanie'],COM,{48},{76}
8f0a808d-8ef8-465a-8dd9-19f3b8b7a1c5,213302763,Commune de Masseilles (33),false,{33276},Commune,2026-03-24 14:41:58.620411+01,gold_establishments_2025,,,,21330276300015,2025,Collectivité Territoriale,Commune,['Gironde'],['Nouvelle-Aquitaine'],COM,{33},{75}
f9d099e3-aefe-4825-b585-5d9b65721332,214701617,Commune de Massels (47),false,{47161},Commune,2026-03-24 14:42:00.862623+01,gold_establishments_2025,,,,21470161700018,2025,Collectivité Territoriale,Commune,['Lot-et-Garonne'],['Nouvelle-Aquitaine'],COM,{47},{75}
f24e090c-316c-4ce2-84a4-4cccd57f027f,211912902,Commune de Masseret (19),false,{19129},Commune,2026-03-24 14:41:54.903238+01,gold_establishments_2025,,,,21191290200015,2025,Collectivité Territoriale,Commune,['Corrèze'],['Nouvelle-Aquitaine'],COM,{19},{75}
e5d47538-e301-4c1c-be49-966bda089157,213202427,Commune de Masseube (32),false,{32242},Commune,2026-03-24 14:41:58.09424+01,gold_establishments_2025,,,,21320242700018,2025,Collectivité Territoriale,Commune,['Gers'],['Occitanie'],COM,{32},{76}
69621f5a-f8d7-445a-a223-3b7e06a42f02,211501192,Commune de Massiac (15),false,{15119},Commune,2026-03-24 14:41:54.362296+01,gold_establishments_2025,,,,21150119200010,2025,Collectivité Territoriale,Commune,['Cantal'],['Auvergne-Rhône-Alpes'],COM,{15},{84}
1cb12c60-3d7f-4e01-ae13-7745bd5b1986,213802226,Commune de Massieu (38),false,{38222},Commune,2026-03-24 14:41:59.160244+01,gold_establishments_2025,,,,21380222600018,2025,Collectivité Territoriale,Commune,['Isère'],['Auvergne-Rhône-Alpes'],COM,{38},{84}
b8c22350-b60b-4f9a-bec8-082ab7a2f7dc,210102380,Commune de Massieux (01),false,{01238},Commune,2026-03-24 14:41:51.447482+01,gold_establishments_2025,,,,21010238000016,2025,Collectivité Territoriale,Commune,['Ain'],['Auvergne-Rhône-Alpes'],COM,{01},{84}
a3f54a9f-93ac-4712-8d02-9868a42701af,215103318,Commune de Massiges (51),false,{51355},Commune,2026-03-24 14:42:01.954481+01,gold_establishments_2025,,,,21510331800014,2025,Collectivité Territoriale,Commune,['Marne'],['Grand Est'],COM,{51},{44}
633af9bd-5000-4ca2-bf81-4045f4a34aa4,211602123,Commune de Massignac (16),false,{16212},Commune,2026-03-24 14:41:54.362296+01,gold_establishments_2025,,,,21160212300013,2025,Collectivité Territoriale,Commune,['Charente'],['Nouvelle-Aquitaine'],COM,{16},{75}
198c6ca1-e0f1-4a36-a9c4-8a94ad54e16c,210102398,Commune de Massignieu-de-Rives (01),false,{01239},Commune,2026-03-24 14:41:51.447482+01,gold_establishments_2025,,,,21010239800018,2025,Collectivité Territoriale,Commune,['Ain'],['Auvergne-Rhône-Alpes'],COM,{01},{84}
af13b7c3-1f07-4132-a2e7-4afd2a4fabf8,213001621,Commune de Massillargues-Attuech (30),false,{30162},Commune,2026-03-24 14:41:57.56054+01,gold_establishments_2025,,,,21300162100019,2025,Collectivité Territoriale,Commune,['Gard'],['Occitanie'],COM,{30},{76}
f9e4fce2-c21c-4760-ac15-80e09d87e843,217102870,Commune de Massilly (71),false,{71287},Commune,2026-03-24 14:42:07.735343+01,gold_establishments_2025,,,,21710287000011,2025,Collectivité Territoriale,Commune,['Saône-et-Loire'],['Bourgogne-Franche-Comté'],COM,{71},{27}
95f6ea6f-30f2-4ce4-8a66-642e2de17566,212103931,Commune de Massingy (21),false,{21393},Commune,2026-03-24 14:41:55.433389+01,gold_establishments_2025,,,,21210393100011,2025,Collectivité Territoriale,Commune,"[""Côte-d'Or""]",['Bourgogne-Franche-Comté'],COM,{21},{27}
5dfdace7-1479-4b29-a869-7c0dbcdf9df9,217401702,Commune de Massingy (74),false,{74170},Commune,2026-03-24 14:42:08.818969+01,gold_establishments_2025,,,,21740170200014,2025,Collectivité Territoriale,Commune,['Haute-Savoie'],['Auvergne-Rhône-Alpes'],COM,{74},{84}
3f75133a-4e57-44ac-8669-7ad0a825db8c,212103949,Commune de Massingy-lès-Semur (21),false,{21394},Commune,2026-03-24 14:41:55.433389+01,gold_establishments_2025,,,,21210394900013,2025,Collectivité Territoriale,Commune,"[""Côte-d'Or""]",['Bourgogne-Franche-Comté'],COM,{21},{27}
4b2de9d3-a7aa-4aa7-82bd-1820cce53651,212103956,Commune de Massingy-lès-Vitteaux (21),false,{21395},Commune,2026-03-24 14:41:55.433389+01,gold_establishments_2025,,,,21210395600018,2025,Collectivité Territoriale,Commune,"[""Côte-d'Or""]",['Bourgogne-Franche-Comté'],COM,{21},{27}
8d0bf179-3db2-40e6-906b-b7f2cce83854,218601508,Commune de Massognes (86),false,{86150},Commune,2026-03-24 14:42:10.508772+01,gold_establishments_2025,,,,21860150800011,2025,Collectivité Territoriale,Commune,['Vienne'],['Nouvelle-Aquitaine'],COM,{86},{75}
e2b88b52-0ad9-43c5-8c50-646bbb2cc7b4,210600821,Commune de Massoins (06),false,{06082},Commune,2026-03-24 14:41:52.562531+01,gold_establishments_2025,,,,21060082100016,2025,Collectivité Territoriale,Commune,['Alpes-Maritimes'],"[""Provence-Alpes-Côte d'Azur""]",COM,{06},{93}
97fbc40f-64da-46c7-b565-4828cfcd36b8,217401710,Commune de Massongy (74),false,{74171},Commune,2026-03-24 14:42:08.818969+01,gold_establishments_2025,,,,21740171000017,2025,Collectivité Territoriale,Commune,['Haute-Savoie'],['Auvergne-Rhône-Alpes'],COM,{74},{84}
b5fb683d-6184-4ac2-a849-18453a401464,214701625,Commune de Massoulès (47),false,{47162},Commune,2026-03-24 14:42:00.862623+01,gold_establishments_2025,,,,21470162500011,2025,Collectivité Territoriale,Commune,['Lot-et-Garonne'],['Nouvelle-Aquitaine'],COM,{47},{75}
e1f66991-f453-4764-bbad-627327496660,213302771,Commune de Massugas (33),false,{33277},Commune,2026-03-24 14:41:58.620411+01,gold_establishments_2025,,,,21330277100018,2025,Collectivité Territoriale,Commune,['Gironde'],['Nouvelle-Aquitaine'],COM,{33},{75}
863af566-d265-45a2-ba9f-07a53641306a,217604156,Commune de Massy (76),false,{76415},Commune,2026-03-24 14:42:08.818969+01,gold_establishments_2025,,,,21760415600018,2025,Collectivité Territoriale,Commune,['Seine-Maritime'],['Normandie'],COM,{76},{28}
7ab57c07-7bca-4f5f-8ab9-32a42fab613d,219103777,Commune de Massy (91),false,{91377},Commune,2026-03-24 14:42:11.659493+01,gold_establishments_2025,,,,21910377700013,2025,Collectivité Territoriale,Commune,['Essonne'],['Île-de-France'],COM,{91},{11}
ded42ba5-cb79-4ecb-8e39-8e949bd37679,214400921,Commune de Massérac (44),false,{44092},Commune,2026-03-24 14:42:00.273698+01,gold_establishments_2025,,,,21440092100083,2025,Collectivité Territoriale,Commune,['Loire-Atlantique'],['Pays de la Loire'],COM,{44},{52}
083e8878-b107-4012-8538-c67c880e1bef,215903915,Commune de Mastaing (59),false,{59391},Commune,2026-03-24 14:42:04.280096+01,gold_establishments_2025,,,,21590391500019,2025,Collectivité Territoriale,Commune,['Nord'],['Hauts-de-France'],COM,{59},{32}
314287b7-f71b-4235-a758-53576bc2a312,210102406,Commune de Matafelon-Granges (01),false,{01240},Commune,2026-03-24 14:41:51.447482+01,gold_establishments_2025,,,,21010240600019,2025,Collectivité Territoriale,Commune,['Ain'],['Auvergne-Rhône-Alpes'],COM,{01},{84}
d8d618cc-d0cb-4856-bedb-a9ef53ec4e31,216601054,Commune de Matemale (66),false,{66105},Commune,2026-03-24 14:42:06.665412+01,gold_establishments_2025,,,,21660105400010,2025,Collectivité Territoriale,Commune,['Pyrénées-Orientales'],['Occitanie'],COM,{66},{76}
3cb9569e-235e-4604-947e-93f2891e1b11,211702246,Commune de Matha (17),false,{17224},Commune,2026-03-24 14:41:54.903238+01,gold_establishments_2025,,,,21170224600011,2025,Collectivité Territoriale,Commune,['Charente-Maritime'],['Nouvelle-Aquitaine'],COM,{17},{75}
e19778ff-9ac6-4226-8e2b-cc8b6f2938d2,211002217,Commune de Mathaux (10),false,{10228},Commune,2026-03-24 14:41:53.095366+01,gold_establishments_2025,,,,21100221700019,2025,Collectivité Territoriale,Commune,['Aube'],['Grand Est'],COM,{10},{44}
e1e03235-e403-4543-bfb3-12e2d5aa1f4f,212503700,Commune de Mathay (25),false,{25370},Commune,2026-03-24 14:41:56.495197+01,gold_establishments_2025,,,,21250370000016,2025,Collectivité Territoriale,Commune,['Doubs'],['Bourgogne-Franche-Comté'],COM,{25},{27}
401fffd6-c91b-441a-b92e-33dabd831ee4,213903198,Commune de Mathenay (39),false,{39319},Commune,2026-03-24 14:41:59.705606+01,gold_establishments_2025,,,,21390319800017,2025,Collectivité Territoriale,Commune,['Jura'],['Bourgogne-Franche-Comté'],COM,{39},{27}
472d0595-27b3-4ef3-bfe0-756e36f776bb,211404074,Commune de Mathieu (14),false,{14407},Commune,2026-03-24 14:41:54.362296+01,gold_establishments_2025,,,,21140407400018,2025,Collectivité Territoriale,Commune,['Calvados'],['Normandie'],COM,{14},{28}
a1fead02-648e-4039-b560-56ccca76e681,215202284,Commune de Mathons (52),false,{52316},Commune,2026-03-24 14:42:01.954481+01,gold_establishments_2025,,,,21520228400018,2025,Collectivité Territoriale,Commune,['Haute-Marne'],['Grand Est'],COM,{52},{44}
cff5da5f-4599-4d6a-a95c-90a66d412305,217604164,Commune de Mathonville (76),false,{76416},Commune,2026-03-24 14:42:08.818969+01,gold_establishments_2025,,,,21760416400012,2025,Collectivité Territoriale,Commune,['Seine-Maritime'],['Normandie'],COM,{76},{28}
1e2e67fe-3ff5-46d9-90a8-14c1f7676124,215103326,Commune de Matignicourt-Goncourt (51),false,{51356},Commune,2026-03-24 14:42:01.954481+01,gold_establishments_2025,,,,21510332600017,2025,Collectivité Territoriale,Commune,['Marne'],['Grand Est'],COM,{51},{44}
66780511-1bb5-4773-b13b-1b20f81a8b1e,212201438,Commune de Matignon (22),false,{22143},Commune,2026-03-24 14:41:55.433389+01,gold_establishments_2025,,,,21220143800018,2025,Collectivité Territoriale,Commune,"[""Côtes-d'Armor""]",['Bretagne'],COM,{22},{53}
6d92f641-3d2c-4400-a7c9-2e99ae5a0146,218004927,Commune de Matigny (80),false,{80519},Commune,2026-03-24 14:42:09.967209+01,gold_establishments_2025,,,,21800492700016,2025,Collectivité Territoriale,Commune,['Somme'],['Hauts-de-France'],COM,{80},{32}
ba01d5d3-e11e-456a-9c7c-0322e57c3eb1,215103334,Commune de Matougues (51),false,{51357},Commune,2026-03-24 14:42:01.954481+01,gold_establishments_2025,,,,21510333400011,2025,Collectivité Territoriale,Commune,['Marne'],['Grand Est'],COM,{51},{44}
ef4a4e9b-d13e-4786-9752-473c040562ad,217102896,Commune de Matour (71),false,{71289},Commune,2026-03-24 14:42:07.735343+01,gold_establishments_2025,,,,21710289600016,2025,Collectivité Territoriale,Commune,['Saône-et-Loire'],['Bourgogne-Franche-Comté'],COM,{71},{27}
02bc439f-ae0c-4c0f-80d0-cd2468175885,219733078,Commune de Matoury (973),false,{97307},Commune,2026-03-24 14:42:11.659493+01,gold_establishments_2025,,,,21973307800014,2025,Collectivité Territoriale,Commune,['Guyane'],['Guyane'],COM,{973},{03}
989f2cdf-74cb-4d12-a37e-cbfcdf506fb6,212001556,Commune de Matra (2B),false,{2B155},Commune,2026-03-24 14:41:57.56054+01,gold_establishments_2025,,,,21200155600019,2025,Collectivité Territoriale,Commune,['Haute-Corse'],['Corse'],COM,{2B},{94}
ed6f39ca-f901-4c39-9af5-d2f2b3074715,216205625,Commune de Matringhem (62),false,{62562},Commune,2026-03-24 14:42:05.597325+01,gold_establishments_2025,,,,21620562500017,2025,Collectivité Territoriale,Commune,['Pas-de-Calais'],['Hauts-de-France'],COM,{62},{32}
1866c5a3-40a4-4b54-8f36-dc0e7b732540,218802924,Commune de Mattaincourt (88),false,{88292},Commune,2026-03-24 14:42:11.118516+01,gold_establishments_2025,,,,21880292400017,2025,Collectivité Territoriale,Commune,['Vosges'],['Grand Est'],COM,{88},{44}
fbe927f8-69cd-408f-9c25-30e157018e8b,215403569,Commune de Mattexey (54),false,{54356},Commune,2026-03-24 14:42:02.957225+01,gold_establishments_2025,,,,21540356900019,2025,Collectivité Territoriale,Commune,['Meurthe-et-Moselle'],['Grand Est'],COM,{54},{44}
9d2bca1a-5ca5-4927-893f-28d49233e9b7,210802534,Commune de Matton-et-Clémency (08),false,{08281},Commune,2026-03-24 14:41:53.095366+01,gold_establishments_2025,,,,21080253400011,2025,Collectivité Territoriale,Commune,['Ardennes'],['Grand Est'],COM,{08},{44}
39d8b21f-d2d1-47d0-a676-855c87d58c7b,216702852,Commune de Matzenheim (67),false,{67285},Commune,2026-03-24 14:42:07.195692+01,gold_establishments_2025,,,,21670285200015,2025,Collectivité Territoriale,Commune,['Bas-Rhin'],['Grand Est'],COM,{67},{44}
ff5c8fcf-4eaa-4e56-91b9-e0d88b1a1849,213802234,Commune de Maubec (38),false,{38223},Commune,2026-03-24 14:41:59.160244+01,gold_establishments_2025,,,,21380223400012,2025,Collectivité Territoriale,Commune,['Isère'],['Auvergne-Rhône-Alpes'],COM,{38},{84}
ae2ec885-4671-4b2b-bb90-2b9ea97b8a29,218201069,Commune de Maubec (82),false,{82106},Commune,2026-03-24 14:42:10.508772+01,gold_establishments_2025,,,,21820106900018,2025,Collectivité Territoriale,Commune,['Tarn-et-Garonne'],['Occitanie'],COM,{82},{76}
13090943-a86d-4895-ba78-720882aae71c,218400711,Commune de Maubec (84),false,{84071},Commune,2026-03-24 14:42:10.508772+01,gold_establishments_2025,,,,21840071100014,2025,Collectivité Territoriale,Commune,['Vaucluse'],"[""Provence-Alpes-Côte d'Azur""]",COM,{84},{93}
aaf81e47-2762-4ac6-b4e9-3fff3b029f67,210802542,Commune de Maubert-Fontaine (08),false,{08282},Commune,2026-03-24 14:41:53.095366+01,gold_establishments_2025,,,,21080254200014,2025,Collectivité Territoriale,Commune,['Ardennes'],['Grand Est'],COM,{08},{44}
2adb0dc8-072e-4779-a1b4-1619b4720d32,215903923,Commune de Maubeuge (59),false,{59392},Commune,2026-03-24 14:42:04.280096+01,gold_establishments_2025,,,,21590392300013,2025,Collectivité Territoriale,Commune,['Nord'],['Hauts-de-France'],COM,{59},{32}
7cdd5659-d34b-4ca5-ae28-cfffd5902db3,216503045,Commune de Maubourguet (65),false,{65304},Commune,2026-03-24 14:42:06.665412+01,gold_establishments_2025,,,,21650304500017,2025,Collectivité Territoriale,Commune,['Hautes-Pyrénées'],['Occitanie'],COM,{65},{76}
a7a936c6-6f91-4883-ba3a-4a0f363b691b,219103785,Commune de Mauchamps (91),false,{91378},Commune,2026-03-24 14:42:11.659493+01,gold_establishments_2025,,,,21910378500016,2025,Collectivité Territoriale,Commune,['Essonne'],['Île-de-France'],COM,{91},{11}
06c98d49-feec-4609-854d-7fd39522f500,217604172,Commune de Maucomble (76),false,{76417},Commune,2026-03-24 14:42:08.818969+01,gold_establishments_2025,,,,21760417200015,2025,Collectivité Territoriale,Commune,['Seine-Maritime'],['Normandie'],COM,{76},{28}
1145db8c-cbf4-4b88-9337-14e5f357458d,216403709,Commune de Maucor (64),false,{64370},Commune,2026-03-24 14:42:06.665412+01,gold_establishments_2025,,,,21640370900019,2025,Collectivité Territoriale,Commune,['Pyrénées-Atlantiques'],['Nouvelle-Aquitaine'],COM,{64},{75}
b812ec9c-65de-4de3-902e-08a997a8fe51,216003855,Commune de Maucourt (60),false,{60389},Commune,2026-03-24 14:42:04.814328+01,gold_establishments_2025,,,,21600385500014,2025,Collectivité Territoriale,Commune,['Oise'],['Hauts-de-France'],COM,{60},{32}
3ea72434-6d73-45d9-bacd-a4f98703d9bd,218004935,Commune de Maucourt (80),false,{80520},Commune,2026-03-24 14:42:09.967209+01,gold_establishments_2025,,,,21800493500019,2025,Collectivité Territoriale,Commune,['Somme'],['Hauts-de-France'],COM,{80},{32}
40b35022-0ff7-4884-926d-fa612ad07d4a,215503251,Commune de Maucourt-sur-Orne (55),false,{55325},Commune,2026-03-24 14:42:03.701372+01,gold_establishments_2025,,,,21550325100013,2025,Collectivité Territoriale,Commune,['Meuse'],['Grand Est'],COM,{55},{44}
91d92842-a142-4f7c-8274-6eef8e52e05a,219503794,Commune de Maudétour-en-Vexin (95),false,{95379},Commune,2026-03-24 14:42:11.659493+01,gold_establishments_2025,,,,21950379400014,2025,Collectivité Territoriale,Commune,"[""Val-d'Oise""]",['Île-de-France'],COM,{95},{11}
45b1e937-e501-4235-bd7f-8bd62f0a18c0,200054336,Commune de Mauges-sur-Loire (49),false,{49244},Commune,2026-03-24 14:42:01.412377+01,gold_establishments_2025,,,,20005433600017,2025,Collectivité Territoriale,Commune,['Maine-et-Loire'],['Pays de la Loire'],COM,{49},{52}
bf49c0f1-b4d7-4b58-928c-2aa88e247afc,213401540,Commune de Mauguio (34),false,{34154},Commune,2026-03-24 14:41:58.620411+01,gold_establishments_2025,,,,21340154000017,2025,Collectivité Territoriale,Commune,['Hérault'],['Occitanie'],COM,{34},{76}
0f961cf1-321b-4a70-9de9-e33c2ce6b886,215503269,Commune de Maulan (55),false,{55326},Commune,2026-03-24 14:42:03.701372+01,gold_establishments_2025,,,,21550326900015,2025,Collectivité Territoriale,Commune,['Meuse'],['Grand Est'],COM,{55},{44}
ceef0a66-470e-494b-b12b-1428df5c54ae,218601516,Commune de Maulay (86),false,{86151},Commune,2026-03-24 14:42:10.508772+01,gold_establishments_2025,,,,21860151600014,2025,Collectivité Territoriale,Commune,['Vienne'],['Nouvelle-Aquitaine'],COM,{86},{75}
ca9be30c-9cb7-42a6-9d14-c0388127c885,215903931,Commune de Maulde (59),false,{59393},Commune,2026-03-24 14:42:04.280096+01,gold_establishments_2025,,,,21590393100016,2025,Collectivité Territoriale,Commune,['Nord'],['Hauts-de-France'],COM,{59},{32}
b97e7ebe-575b-4aff-8370-873c3114ed94,217803808,Commune de Maule (78),false,{78380},Commune,2026-03-24 14:42:09.43682+01,gold_establishments_2025,,,,21780380800013,2025,Collectivité Territoriale,Commune,['Yvelines'],['Île-de-France'],COM,{78},{11}
e1af8328-54a3-4467-85d7-592388b7479d,216003863,Commune de Maulers (60),false,{60390},Commune,2026-03-24 14:42:04.814328+01,gold_establishments_2025,,,,21600386300018,2025,Collectivité Territoriale,Commune,['Oise'],['Hauts-de-France'],COM,{60},{32}
32007514-43ed-4206-bce5-bbf6a3710dc9,217803816,Commune de Maulette (78),false,{78381},Commune,2026-03-24 14:42:09.43682+01,gold_establishments_2025,,,,21780381600032,2025,Collectivité Territoriale,Commune,['Yvelines'],['Île-de-France'],COM,{78},{11}
1ade6e1a-30e9-4734-9702-88c0d704443f,213202443,Commune de Maulichères (32),false,{32244},Commune,2026-03-24 14:41:58.09424+01,gold_establishments_2025,,,,21320244300015,2025,Collectivité Territoriale,Commune,['Gers'],['Occitanie'],COM,{32},{76}
46b10a65-3a9d-42f2-84b2-66c00b2e4a02,217900794,Commune de Mauléon (79),false,{79079},Commune,2026-03-24 14:42:09.43682+01,gold_establishments_2025,,,,21790079400017,2025,Collectivité Territoriale,Commune,['Deux-Sèvres'],['Nouvelle-Aquitaine'],COM,{79},{75}
70e693b8-d880-4906-b12b-8be22f1bc63d,216503052,Commune de Mauléon-Barousse (65),false,{65305},Commune,2026-03-24 14:42:06.665412+01,gold_establishments_2025,,,,21650305200013,2025,Collectivité Territoriale,Commune,['Hautes-Pyrénées'],['Occitanie'],COM,{65},{76}
3c1b5036-baa2-4c35-9f3c-700b45d77d17,216403717,Commune de Mauléon-Licharre (64),false,{64371},Commune,2026-03-24 14:42:06.665412+01,gold_establishments_2025,,,,21640371700012,2025,Collectivité Territoriale,Commune,['Pyrénées-Atlantiques'],['Nouvelle-Aquitaine'],COM,{64},{75}
dfb28271-c549-428d-a6a4-87c44954037a,213202435,Commune de Mauléon-d'Armagnac (32),false,{32243},Commune,2026-03-24 14:41:58.09424+01,gold_establishments_2025,,,,21320243500011,2025,Collectivité Territoriale,Commune,['Gers'],['Occitanie'],COM,{32},{76}
a9b2d7ab-f1ab-402b-846c-ea986b903be8,214901928,Commune de Maulévrier (49),false,{49192},Commune,2026-03-24 14:42:01.412377+01,gold_establishments_2025,,,,21490192800017,2025,Collectivité Territoriale,Commune,['Maine-et-Loire'],['Pays de la Loire'],COM,{49},{52}
343e4208-314b-4463-993c-1affa67d8cda,217604180,Commune de Maulévrier-Sainte-Gertrude (76),false,{76418},Commune,2026-03-24 14:42:08.818969+01,gold_establishments_2025,,,,21760418000018,2025,Collectivité Territoriale,Commune,['Seine-Maritime'],['Normandie'],COM,{76},{28}
b73aff66-bd06-4ccc-b2bb-5efeef96f427,218201077,Commune de Maumusson (82),false,{82107},Commune,2026-03-24 14:42:10.508772+01,gold_establishments_2025,,,,21820107700011,2025,Collectivité Territoriale,Commune,['Tarn-et-Garonne'],['Occitanie'],COM,{82},{76}
ab6ca2c6-38be-4357-b020-3847d2a4921b,213202450,Commune de Maumusson-Laguian (32),false,{32245},Commune,2026-03-24 14:41:58.09424+01,gold_establishments_2025,,,,21320245000010,2025,Collectivité Territoriale,Commune,['Gers'],['Occitanie'],COM,{32},{76}
f7d2c7e2-1234-4dd0-b504-de4394dd4d68,217604198,Commune de Mauny (76),false,{76419},Commune,2026-03-24 14:42:08.818969+01,gold_establishments_2025,,,,21760419800010,2025,Collectivité Territoriale,Commune,['Seine-Maritime'],['Normandie'],COM,{76},{28}
c44d3e95-22dd-473e-b37d-9571613271ec,211002225,Commune de Maupas (10),false,{10229},Commune,2026-03-24 14:41:53.095366+01,gold_establishments_2025,,,,21100222500012,2025,Collectivité Territoriale,Commune,['Aube'],['Grand Est'],COM,{10},{44}
9664c521-c135-4a62-9c45-e4d0a3b46564,213202468,Commune de Maupas (32),false,{32246},Commune,2026-03-24 14:41:58.09424+01,gold_establishments_2025,,,,21320246800012,2025,Collectivité Territoriale,Commune,['Gers'],['Occitanie'],COM,{32},{76}
5ae90fb3-d2e0-4ff1-9270-4c32db1b6267,217702810,Commune de Mauperthuis (77),false,{77281},Commune,2026-03-24 14:42:09.43682+01,gold_establishments_2025,,,,21770281000011,2025,Collectivité Territoriale,Commune,['Seine-et-Marne'],['Île-de-France'],COM,{77},{11}
d451c08f-1700-4b62-80fc-a4adedf5ff17,215002957,Commune de Maupertuis (50),false,{50295},Commune,2026-03-24 14:42:01.412377+01,gold_establishments_2025,,,,21500295700011,2025,Collectivité Territoriale,Commune,['Manche'],['Normandie'],COM,{50},{28}
d367c024-e46e-4db4-a537-6c8216415f79,215002965,Commune de Maupertus-sur-Mer (50),false,{50296},Commune,2026-03-24 14:42:01.412377+01,gold_establishments_2025,,,,21500296500014,2025,Collectivité Territoriale,Commune,['Manche'],['Normandie'],COM,{50},{28}
0926b108-3ed6-4462-925d-0c2ce1b1fc70,218601524,Commune de Mauprévoir (86),false,{86152},Commune,2026-03-24 14:42:10.508772+01,gold_establishments_2025,,,,21860152400018,2025,Collectivité Territoriale,Commune,['Vienne'],['Nouvelle-Aquitaine'],COM,{86},{75}
3fbab38f-f662-48ba-8ae0-55e0a8d29045,217604206,Commune de Mauquenchy (76),false,{76420},Commune,2026-03-24 14:42:08.818969+01,gold_establishments_2025,,,,21760420600011,2025,Collectivité Territoriale,Commune,['Seine-Maritime'],['Normandie'],COM,{76},{28}
a1aacd6d-2d8d-4932-a4d6-b29fdee8b854,213103278,Commune de Mauran (31),false,{31327},Commune,2026-03-24 14:41:58.09424+01,gold_establishments_2025,,,,21310327800015,2025,Collectivité Territoriale,Commune,['Haute-Garonne'],['Occitanie'],COM,{31},{76}
e1303b82-38c8-4f5f-9ee4-eaefde9bad01,216403725,Commune de Maure (64),false,{64372},Commune,2026-03-24 14:42:06.665412+01,gold_establishments_2025,,,,21640372500015,2025,Collectivité Territoriale,Commune,['Pyrénées-Atlantiques'],['Nouvelle-Aquitaine'],COM,{64},{75}
7898951e-aeb6-46eb-aac2-3d768ea48799,217803824,Commune de Maurecourt (78),false,{78382},Commune,2026-03-24 14:42:09.43682+01,gold_establishments_2025,,,,21780382400010,2025,Collectivité Territoriale,Commune,['Yvelines'],['Île-de-France'],COM,{78},{11}
4593b8d1-7a6b-4ad4-b9d4-7d5938eefadb,217702828,Commune de Mauregard (77),false,{77282},Commune,2026-03-24 14:42:09.43682+01,gold_establishments_2025,,,,21770282800013,2025,Collectivité Territoriale,Commune,['Seine-et-Marne'],['Île-de-France'],COM,{77},{11}
7328db3f-b453-4e4c-aa27-b0bee40dcc45,210204491,Commune de Mauregny-en-Haye (02),false,{02472},Commune,2026-03-24 14:41:52.020251+01,gold_establishments_2025,,,,21020449100018,2025,Collectivité Territoriale,Commune,['Aisne'],['Hauts-de-France'],COM,{02},{32}
cb95f909-b2df-420d-995d-96ad34cf2b1f,213401557,Commune de Maureilhan (34),false,{34155},Commune,2026-03-24 14:41:58.620411+01,gold_establishments_2025,,,,21340155700011,2025,Collectivité Territoriale,Commune,['Hérault'],['Occitanie'],COM,{34},{76}
db1b7cdb-760f-4ad0-a35e-eada07f2bbfa,216601062,Commune de Maureillas-las-Illas (66),false,{66106},Commune,2026-03-24 14:42:06.665412+01,gold_establishments_2025,,,,21660106200013,2025,Collectivité Territoriale,Commune,['Pyrénées-Orientales'],['Occitanie'],COM,{66},{76}
406adea7-441e-4235-845c-804a7f5680cc,213103286,Commune de Mauremont (31),false,{31328},Commune,2026-03-24 14:41:58.09424+01,gold_establishments_2025,,,,21310328600018,2025,Collectivité Territoriale,Commune,['Haute-Garonne'],['Occitanie'],COM,{31},{76}
93f80ed0-2c06-4ed3-bae5-cd4254d370fd,213103294,Commune de Maurens (31),false,{31329},Commune,2026-03-24 14:41:58.09424+01,gold_establishments_2025,,,,21310329400012,2025,Collectivité Territoriale,Commune,['Haute-Garonne'],['Occitanie'],COM,{31},{76}
5f7f41b8-ddf6-4730-b2b2-cdecd6c860a2,213202476,Commune de Maurens (32),false,{32247},Commune,2026-03-24 14:41:58.09424+01,gold_establishments_2025,,,,21320247600015,2025,Collectivité Territoriale,Commune,['Gers'],['Occitanie'],COM,{32},{76}
2cb83ca9-64c7-4d1d-a90f-748481e74572,218101624,Commune de Maurens-Scopont (81),false,{81162},Commune,2026-03-24 14:42:09.967209+01,gold_establishments_2025,,,,21810162400011,2025,Collectivité Territoriale,Commune,['Tarn'],['Occitanie'],COM,{81},{76}
d77b0fcf-4a99-4aa4-9959-fccea5e4f4ba,217803832,Commune de Maurepas (78),false,{78383},Commune,2026-03-24 14:42:09.43682+01,gold_establishments_2025,,,,21780383200013,2025,Collectivité Territoriale,Commune,['Yvelines'],['Île-de-France'],COM,{78},{11}
cdc311ad-d458-4bb8-bd8a-234193519637,218004943,Commune de Maurepas (80),false,{80521},Commune,2026-03-24 14:42:09.967209+01,gold_establishments_2025,,,,21800494300013,2025,Collectivité Territoriale,Commune,['Somme'],['Hauts-de-France'],COM,{80},{32}
50402770-5e64-45a1-9913-06aff704eb40,213103302,Commune de Mauressac (31),false,{31330},Commune,2026-03-24 14:41:58.09424+01,gold_establishments_2025,,,,21310330200013,2025,Collectivité Territoriale,Commune,['Haute-Garonne'],['Occitanie'],COM,{31},{76}
d5a80cd0-2f2a-4fe2-82c7-de0c07d8f31e,213001639,Commune de Mauressargues (30),false,{30163},Commune,2026-03-24 14:41:57.56054+01,gold_establishments_2025,,,,21300163900011,2025,Collectivité Territoriale,Commune,['Gard'],['Occitanie'],COM,{30},{76}
1136efa7-c0ea-41f2-a899-b61f6975b3c5,213103310,Commune de Maureville (31),false,{31331},Commune,2026-03-24 14:41:58.09424+01,gold_establishments_2025,,,,21310331000016,2025,Collectivité Territoriale,Commune,['Haute-Garonne'],['Occitanie'],COM,{31},{76}
2387880b-62c8-42ad-848f-e63d8bc546d4,211501200,Commune de Mauriac (15),false,{15120},Commune,2026-03-24 14:41:54.362296+01,gold_establishments_2025,,,,21150120000011,2025,Collectivité Territoriale,Commune,['Cantal'],['Auvergne-Rhône-Alpes'],COM,{15},{84}
fc223a45-56d5-4573-9aa4-ae5420182b03,213302789,Commune de Mauriac (33),false,{33278},Commune,2026-03-24 14:41:58.620411+01,gold_establishments_2025,,,,21330278900010,2025,Collectivité Territoriale,Commune,['Gironde'],['Nouvelle-Aquitaine'],COM,{33},{75}
cd77a31c-32ee-4b42-ad26-7a408bdce013,214001745,Commune de Mauries (40),false,{40174},Commune,2026-03-24 14:41:59.705606+01,gold_establishments_2025,,,,21400174500014,2025,Collectivité Territoriale,Commune,['Landes'],['Nouvelle-Aquitaine'],COM,{40},{75}
4dc97e4a-6fba-46f7-afd9-2d691fb5c812,211501218,Commune de Maurines (15),false,{15121},Commune,2026-03-24 14:41:54.362296+01,gold_establishments_2025,,,,21150121800013,2025,Collectivité Territoriale,Commune,['Cantal'],['Auvergne-Rhône-Alpes'],COM,{15},{84}
d5ebb77f-a5e6-49d8-b956-96cf793bcfd3,215903949,Commune de Maurois (59),false,{59394},Commune,2026-03-24 14:42:04.280096+01,gold_establishments_2025,,,,21590394900018,2025,Collectivité Territoriale,Commune,['Nord'],['Hauts-de-France'],COM,{59},{32}
14951861-80f2-4605-b060-8663e3a96535,215601279,Commune de Mauron (56),false,{56127},Commune,2026-03-24 14:42:03.701372+01,gold_establishments_2025,,,,21560127900015,2025,Collectivité Territoriale,Commune,['Morbihan'],['Bretagne'],COM,{56},{53}
84f393d7-914f-4c85-a1ed-4d3ecf451dec,213202484,Commune de Mauroux (32),false,{32248},Commune,2026-03-24 14:41:58.09424+01,gold_establishments_2025,,,,21320248400019,2025,Collectivité Territoriale,Commune,['Gers'],['Occitanie'],COM,{32},{76}
a8fae54c-c477-4ef0-962e-13b4913e1240,214601874,Commune de Mauroux (46),false,{46187},Commune,2026-03-24 14:42:00.862623+01,gold_establishments_2025,,,,21460187400016,2025,Collectivité Territoriale,Commune,['Lot'],['Occitanie'],COM,{46},{76}
ee144353-5418-4bac-b2a7-e16a7bb1a1ab,214001752,Commune de Maurrin (40),false,{40175},Commune,2026-03-24 14:41:59.705606+01,gold_establishments_2025,,,,21400175200010,2025,Collectivité Territoriale,Commune,['Landes'],['Nouvelle-Aquitaine'],COM,{40},{75}
3f6faaab-5d07-41f0-b514-832246873888,211501226,Commune de Maurs (15),false,{15122},Commune,2026-03-24 14:41:54.362296+01,gold_establishments_2025,,,,21150122600016,2025,Collectivité Territoriale,Commune,['Cantal'],['Auvergne-Rhône-Alpes'],COM,{15},{84}
a039e5d2-81a2-40ad-82bb-ff4a08b034b0,215103342,Commune de Maurupt-le-Montois (51),false,{51358},Commune,2026-03-24 14:42:01.954481+01,gold_establishments_2025,,,,21510334200014,2025,Collectivité Territoriale,Commune,['Marne'],['Grand Est'],COM,{51},{44}
c97b49ce-61f9-448c-8306-96573bf6fc3e,216601070,Commune de Maury (66),false,{66107},Commune,2026-03-24 14:42:06.665412+01,gold_establishments_2025,,,,21660107000016,2025,Collectivité Territoriale,Commune,['Pyrénées-Orientales'],['Occitanie'],COM,{66},{76}
0b7f094a-17c9-48e8-99de-8ffd32a43f61,212001564,Commune de Mausoléo (2B),false,{2B156},Commune,2026-03-24 14:41:57.56054+01,gold_establishments_2025,,,,21200156400013,2025,Collectivité Territoriale,Commune,['Haute-Corse'],['Corse'],COM,{2B},{94}
d23e594b-88a0-4439-a4b3-8768c7ee14cd,211913009,Commune de Maussac (19),false,{19130},Commune,2026-03-24 14:41:54.903238+01,gold_establishments_2025,,,,21191300900018,2025,Collectivité Territoriale,Commune,['Corrèze'],['Nouvelle-Aquitaine'],COM,{19},{75}
b0415ab2-a2bd-48e1-9e23-ca5432e8da4d,211300587,Commune de Maussane-les-Alpilles (13),false,{13058},Commune,2026-03-24 14:41:53.63825+01,gold_establishments_2025,,,,21130058700014,2025,Collectivité Territoriale,Commune,['Bouches-du-Rhône'],"[""Provence-Alpes-Côte d'Azur""]",COM,{13},{93}
f19cd947-a68a-408b-8ceb-46affaf00d15,217003359,Commune de Maussans (70),false,{70335},Commune,2026-03-24 14:42:07.735343+01,gold_establishments_2025,,,,21700335900015,2025,Collectivité Territoriale,Commune,['Haute-Saône'],['Bourgogne-Franche-Comté'],COM,{70},{27}
395de83a-ba0e-43b7-8af1-23984e29ee6e,212312706,Commune de Mautes (23),false,{23127},Commune,2026-03-24 14:41:55.958138+01,gold_establishments_2025,,,,21231270600014,2025,Collectivité Territoriale,Commune,['Creuse'],['Nouvelle-Aquitaine'],COM,{23},{75}
e6c4cfe7-de18-438d-87c0-482f24e085f9,215503277,Commune de Mauvages (55),false,{55327},Commune,2026-03-24 14:42:03.701372+01,gold_establishments_2025,,,,21550327700018,2025,Collectivité Territoriale,Commune,['Meuse'],['Grand Est'],COM,{55},{44}
d9ec697e-e3c6-4fa5-aa82-62b686dfaf52,213103328,Commune de Mauvaisin (31),false,{31332},Commune,2026-03-24 14:41:58.09424+01,gold_establishments_2025,,,,21310332800018,2025,Collectivité Territoriale,Commune,['Haute-Garonne'],['Occitanie'],COM,{31},{76}
c4d62e4b-273b-4457-81ce-95fa569bade3,210701520,Commune de Mauves (07),false,{07152},Commune,2026-03-24 14:41:52.562531+01,gold_establishments_2025,,,,21070152000012,2025,Collectivité Territoriale,Commune,['Ardèche'],['Auvergne-Rhône-Alpes'],COM,{07},{84}
34727282-5dec-4026-bebe-0681ae312f70,216102558,Commune de Mauves-sur-Huisne (61),false,{61255},Commune,2026-03-24 14:42:05.597325+01,gold_establishments_2025,,,,21610255800014,2025,Collectivité Territoriale,Commune,['Orne'],['Normandie'],COM,{61},{28}
7990534b-24ff-4198-b18c-63b42dea2026,214400947,Commune de Mauves-sur-Loire (44),false,{44094},Commune,2026-03-24 14:42:00.273698+01,gold_establishments_2025,,,,21440094700013,2025,Collectivité Territoriale,Commune,['Loire-Atlantique'],['Pays de la Loire'],COM,{44},{52}
f99162ad-7d32-4f4b-8bf3-e09485c42c9b,213103336,Commune de Mauvezin (31),false,{31333},Commune,2026-03-24 14:41:58.09424+01,gold_establishments_2025,,,,21310333600011,2025,Collectivité Territoriale,Commune,['Haute-Garonne'],['Occitanie'],COM,{31},{76}
e7c2a1a8-943b-4345-ace7-8339fe83639c,213202492,Commune de Mauvezin (32),false,{32249},Commune,2026-03-24 14:41:58.09424+01,gold_establishments_2025,,,,21320249200012,2025,Collectivité Territoriale,Commune,['Gers'],['Occitanie'],COM,{32},{76}
0b007f7e-f1d6-43d6-8494-27a7bd66e6ba,216503060,Commune de Mauvezin (65),false,{65306},Commune,2026-03-24 14:42:06.665412+01,gold_establishments_2025,,,,21650306000016,2025,Collectivité Territoriale,Commune,['Hautes-Pyrénées'],['Occitanie'],COM,{65},{76}
bf23a720-9105-4c6b-9962-a8b27aea87cf,214001760,Commune de Mauvezin-d'Armagnac (40),false,{40176},Commune,2026-03-24 14:41:59.705606+01,gold_establishments_2025,,,,21400176000013,2025,Collectivité Territoriale,Commune,['Landes'],['Nouvelle-Aquitaine'],COM,{40},{75}
0fe37dec-6701-4f3b-8cb5-9a56f4bcdcf0,210901831,Commune de Mauvezin-de-Prat (09),false,{09183},Commune,2026-03-24 14:41:53.095366+01,gold_establishments_2025,,,,21090183100011,2025,Collectivité Territoriale,Commune,['Ariège'],['Occitanie'],COM,{09},{76}
640c3f9f-c902-40c5-9992-c16b67ff91ae,210901849,Commune de Mauvezin-de-Sainte-Croix (09),false,{09184},Commune,2026-03-24 14:41:53.095366+01,gold_establishments_2025,,,,21090184900013,2025,Collectivité Territoriale,Commune,['Ariège'],['Occitanie'],COM,{09},{76}
bac48dd8-0eba-4f9e-a021-effe6e76608f,214703357,Commune de Mauvezin-sur-Gupie (47),false,{47163},Commune,2026-03-24 14:42:00.862623+01,gold_establishments_2025,,,,21470335700019,2025,Collectivité Territoriale,Commune,['Lot-et-Garonne'],['Nouvelle-Aquitaine'],COM,{47},{75}
d8b9ea94-f485-4a3f-967b-4e2c3c62638b,212103964,Commune de Mauvilly (21),false,{21396},Commune,2026-03-24 14:41:55.433389+01,gold_establishments_2025,,,,21210396400012,2025,Collectivité Territoriale,Commune,"[""Côte-d'Or""]",['Bourgogne-Franche-Comté'],COM,{21},{27}
8cc8d9a9-494b-44f4-ad76-6e953efe805f,213601149,Commune de Mauvières (36),false,{36114},Commune,2026-03-24 14:41:59.160244+01,gold_establishments_2025,,,,21360114900015,2025,Collectivité Territoriale,Commune,['Indre'],['Centre-Val de Loire'],COM,{36},{24}
f2c81d7f-383e-499c-98a5-9899f1f0809e,215801614,Commune de Maux (58),false,{58161},Commune,2026-03-24 14:42:04.280096+01,gold_establishments_2025,,,,21580161400011,2025,Collectivité Territoriale,Commune,['Nièvre'],['Bourgogne-Franche-Comté'],COM,{58},{27}
cf40caf2-2773-44fb-8190-27c0169d5a53,213103344,Commune de Mauzac (31),false,{31334},Commune,2026-03-24 14:41:58.09424+01,gold_establishments_2025,,,,21310334400049,2025,Collectivité Territoriale,Commune,['Haute-Garonne'],['Occitanie'],COM,{31},{76}
59354025-6e02-431e-a756-154aabee6f85,212402606,Commune de Mauzac-et-Grand-Castang (24),false,{24260},Commune,2026-03-24 14:41:55.958138+01,gold_establishments_2025,,,,21240260600017,2025,Collectivité Territoriale,Commune,['Dordogne'],['Nouvelle-Aquitaine'],COM,{24},{75}
5e8ca66b-1795-418f-a3c7-ac3eea67635a,212402614,Commune de Mauzens-et-Miremont (24),false,{24261},Commune,2026-03-24 14:41:55.958138+01,gold_establishments_2025,,,,21240261400011,2025,Collectivité Territoriale,Commune,['Dordogne'],['Nouvelle-Aquitaine'],COM,{24},{75}
16dbfca8-be58-49c5-aa83-dab98ef17b69,216302166,Commune de Mauzun (63),false,{63216},Commune,2026-03-24 14:42:06.130387+01,gold_establishments_2025,,,,21630216600014,2025,Collectivité Territoriale,Commune,['Puy-de-Dôme'],['Auvergne-Rhône-Alpes'],COM,{63},{84}
7c32d265-7721-4852-b131-fc6d0d999796,217901701,Commune de Mauzé-sur-le-Mignon (79),false,{79170},Commune,2026-03-24 14:42:09.43682+01,gold_establishments_2025,,,,21790170100011,2025,Collectivité Territoriale,Commune,['Deux-Sèvres'],['Nouvelle-Aquitaine'],COM,{79},{75}
abdeaf5a-8cd6-4817-98e1-e6694c675afe,214101305,Commune de Maves (41),false,{41130},Commune,2026-03-24 14:42:00.273698+01,gold_establishments_2025,,,,21410130500016,2025,Collectivité Territoriale,Commune,['Loir-et-Cher'],['Centre-Val de Loire'],COM,{41},{24}
f9a425f4-f2e3-45b0-81ef-4e4e1a1631b9,212103972,Commune de Mavilly-Mandelot (21),false,{21397},Commune,2026-03-24 14:41:55.433389+01,gold_establishments_2025,,,,21210397200015,2025,Collectivité Territoriale,Commune,"[""Côte-d'Or""]",['Bourgogne-Franche-Comté'],COM,{21},{27}
2cd8cd1e-d2c9-49d9-9a23-034bf32dc1a1,213501695,Commune de Maxent (35),false,{35169},Commune,2026-03-24 14:41:58.620411+01,gold_establishments_2025,,,,21350169500018,2025,Collectivité Territoriale,Commune,['Ille-et-Vilaine'],['Bretagne'],COM,{35},{53}
63c77e27-c1d4-4e9c-a37e-139f5f2de0b9,218802932,Commune de Maxey-sur-Meuse (88),false,{88293},Commune,2026-03-24 14:42:11.118516+01,gold_establishments_2025,,,,21880293200010,2025,Collectivité Territoriale,Commune,['Vosges'],['Grand Est'],COM,{88},{44}
6c3bef84-6cf2-42a4-8e76-8aa0f02cd0f1,215503285,Commune de Maxey-sur-Vaise (55),false,{55328},Commune,2026-03-24 14:42:03.701372+01,gold_establishments_2025,,,,21550328500011,2025,Collectivité Territoriale,Commune,['Meuse'],['Grand Est'],COM,{55},{44}
552119d5-93ad-478b-be7c-96bcdc756bca,217401728,Commune de Maxilly-sur-Léman (74),false,{74172},Commune,2026-03-24 14:42:08.818969+01,gold_establishments_2025,,,,21740172800019,2025,Collectivité Territoriale,Commune,['Haute-Savoie'],['Auvergne-Rhône-Alpes'],COM,{74},{84}
66e90054-6beb-4323-92dc-4750bd7e6c99,212103980,Commune de Maxilly-sur-Saône (21),false,{21398},Commune,2026-03-24 14:41:55.433389+01,gold_establishments_2025,,,,21210398000018,2025,Collectivité Territoriale,Commune,"[""Côte-d'Or""]",['Bourgogne-Franche-Comté'],COM,{21},{27}
076771cf-ac59-4dd7-98a2-82090860d1b2,214601882,Commune de Maxou (46),false,{46188},Commune,2026-03-24 14:42:00.862623+01,gold_establishments_2025,,,,21460188200019,2025,Collectivité Territoriale,Commune,['Lot'],['Occitanie'],COM,{46},{76}
6a2c4ce4-0abc-4f6f-aeb9-1795f831fec6,215704537,Commune de Maxstadt (57),false,{57453},Commune,2026-03-24 14:42:03.701372+01,gold_establishments_2025,,,,21570453700012,2025,Collectivité Territoriale,Commune,['Moselle'],['Grand Est'],COM,{57},{44}
12d825ff-5822-4465-9d95-9ea0057aa86f,215403577,Commune de Maxéville (54),false,{54357},Commune,2026-03-24 14:42:02.957225+01,gold_establishments_2025,,,,21540357700012,2025,Collectivité Territoriale,Commune,['Meurthe-et-Moselle'],['Grand Est'],COM,{54},{44}
c33a17ca-5bf2-421e-a16f-e5acd05b04fb,217702836,Commune de May-en-Multien (77),false,{77283},Commune,2026-03-24 14:42:09.43682+01,gold_establishments_2025,,,,21770283600016,2025,Collectivité Territoriale,Commune,['Seine-et-Marne'],['Île-de-France'],COM,{77},{11}
7469aad0-da00-4b22-aa1d-b0835137ff2c,212402622,Commune de Mayac (24),false,{24262},Commune,2026-03-24 14:41:55.958138+01,gold_establishments_2025,,,,21240262200014,2025,Collectivité Territoriale,Commune,['Dordogne'],['Nouvelle-Aquitaine'],COM,{24},{75}
1b4d68f3-c093-46df-87cc-3d4a6342abaf,215301474,Commune de Mayenne (53),false,{53147},Commune,2026-03-24 14:42:02.957225+01,gold_establishments_2025,,,,21530147400015,2025,Collectivité Territoriale,Commune,['Mayenne'],['Pays de la Loire'],COM,{53},{52}
7ad1752c-1e8f-4af6-8669-633b4665c25a,217201912,Commune de Mayet (72),false,{72191},Commune,2026-03-24 14:42:08.279287+01,gold_establishments_2025,,,,21720191200011,2025,Collectivité Territoriale,Commune,['Sarthe'],['Pays de la Loire'],COM,{72},{52}
c636c8a7-9636-473c-9076-f061fa48293f,214001778,Commune de Maylis (40),false,{40177},Commune,2026-03-24 14:41:59.705606+01,gold_establishments_2025,,,,21400177800015,2025,Collectivité Territoriale,Commune,['Landes'],['Nouvelle-Aquitaine'],COM,{40},{75}
7f719c81-b2ea-4e72-906c-c46391e77aa2,213903206,Commune de Maynal (39),false,{39320},Commune,2026-03-24 14:41:59.705606+01,gold_establishments_2025,,,,21390320600018,2025,Collectivité Territoriale,Commune,['Jura'],['Bourgogne-Franche-Comté'],COM,{39},{27}
d777d8e3-34d2-4e6d-91ae-28bed4b02ab5,210204509,Commune de Mayot (02),false,{02473},Commune,2026-03-24 14:41:52.020251+01,gold_establishments_2025,,,,21020450900017,2025,Collectivité Territoriale,Commune,['Aisne'],['Hauts-de-France'],COM,{02},{32}
3ef12ef3-1c20-4717-bd9c-3d9b62b256ce,214603375,Commune de Mayrac (46),false,{46337},Commune,2026-03-24 14:42:00.862623+01,gold_establishments_2025,,,,21460337500012,2025,Collectivité Territoriale,Commune,['Lot'],['Occitanie'],COM,{46},{76}
110d212e-7ef5-40b8-8d1d-052617e08d19,211201421,Commune de Mayran (12),false,{12142},Commune,2026-03-24 14:41:53.63825+01,gold_establishments_2025,,,,21120142100016,2025,Collectivité Territoriale,Commune,['Aveyron'],['Occitanie'],COM,{12},{76}
e35b8a0d-f59e-4aeb-a854-a626cc0f7075,210701538,Commune de Mayres (07),false,{07153},Commune,2026-03-24 14:41:52.562531+01,gold_establishments_2025,,,,21070153800014,2025,Collectivité Territoriale,Commune,['Ardèche'],['Auvergne-Rhône-Alpes'],COM,{07},{84}
9817cc65-02a0-44c9-9e7f-5862886698bd,216302182,Commune de Mayres (63),false,{63218},Commune,2026-03-24 14:42:06.130387+01,gold_establishments_2025,,,,21630218200011,2025,Collectivité Territoriale,Commune,['Puy-de-Dôme'],['Auvergne-Rhône-Alpes'],COM,{63},{84}
68ab377e-8cd8-44f9-98e9-a2f9d7607ce6,213802242,Commune de Mayres-Savel (38),false,{38224},Commune,2026-03-24 14:41:59.160244+01,gold_establishments_2025,,,,21380224200056,2025,Collectivité Territoriale,Commune,['Isère'],['Auvergne-Rhône-Alpes'],COM,{38},{84}
3b1fad57-5f01-4ee9-8a46-1994629086ab,211102264,Commune de Mayreville (11),false,{11226},Commune,2026-03-24 14:41:53.63825+01,gold_establishments_2025,,,,21110226400010,2025,Collectivité Territoriale,Commune,['Aude'],['Occitanie'],COM,{11},{76}
f3414b55-a53c-4524-acf3-203660076d26,214601890,Commune de Mayrinhac-Lentour (46),false,{46189},Commune,2026-03-24 14:42:00.862623+01,gold_establishments_2025,,,,21460189000012,2025,Collectivité Territoriale,Commune,['Lot'],['Occitanie'],COM,{46},{76}
950441df-9d5b-4b10-9dc5-3b51cfaadc88,211102272,Commune de Mayronnes (11),false,{11227},Commune,2026-03-24 14:41:53.63825+01,gold_establishments_2025,,,,21110227200013,2025,Collectivité Territoriale,Commune,['Aude'],['Occitanie'],COM,{11},{76}
a7a51372-27e0-4fc6-aca3-112128c5285b,213103351,Commune de Mayrègne (31),false,{31335},Commune,2026-03-24 14:41:58.09424+01,gold_establishments_2025,,,,21310335100010,2025,Collectivité Territoriale,Commune,['Haute-Garonne'],['Occitanie'],COM,{31},{76}
e37360d0-53b7-4a7f-af8b-920ca3122f0b,216003871,Commune de Maysel (60),false,{60391},Commune,2026-03-24 14:42:04.814328+01,gold_establishments_2025,,,,21600387100011,2025,Collectivité Territoriale,Commune,['Oise'],['Hauts-de-France'],COM,{60},{32}
ae7f557f-5cf3-4409-8dcd-4663a4db38be,218101632,Commune de Mazamet (81),false,{81163},Commune,2026-03-24 14:42:09.967209+01,gold_establishments_2025,,,,21810163200014,2025,Collectivité Territoriale,Commune,['Tarn'],['Occitanie'],COM,{81},{76}
0879efeb-ba62-475f-96d1-a5ca92d56c26,218400729,Commune de Mazan (84),false,{84072},Commune,2026-03-24 14:42:10.508772+01,gold_establishments_2025,,,,21840072900016,2025,Collectivité Territoriale,Commune,['Vaucluse'],"[""Provence-Alpes-Côte d'Azur""]",COM,{84},{93}
95e6ab02-7e34-4158-bfd2-c7a6d420338a,210701546,Commune de Mazan-l'Abbaye (07),false,{07154},Commune,2026-03-24 14:41:52.562531+01,gold_establishments_2025,,,,21070154600017,2025,Collectivité Territoriale,Commune,['Ardèche'],['Auvergne-Rhône-Alpes'],COM,{07},{84}
2d2e5ff6-a0f8-4e57-b94e-9b4cdb39beec,214101313,Commune de Mazangé (41),false,{41131},Commune,2026-03-24 14:42:00.273698+01,gold_establishments_2025,,,,21410131300010,2025,Collectivité Territoriale,Commune,['Loir-et-Cher'],['Centre-Val de Loire'],COM,{41},{24}
5018d818-b731-4f06-8e15-79d924493bd3,218300762,Commune de Mazaugues (83),false,{83076},Commune,2026-03-24 14:42:10.508772+01,gold_establishments_2025,,,,21830076200018,2025,Collectivité Territoriale,Commune,['Var'],"[""Provence-Alpes-Côte d'Azur""]",COM,{83},{93}
5d70937a-5076-4cac-86e7-b7b30c11823f,216302190,Commune de Mazaye (63),false,{63219},Commune,2026-03-24 14:42:06.130387+01,gold_establishments_2025,,,,21630219000014,2025,Collectivité Territoriale,Commune,['Puy-de-Dôme'],['Auvergne-Rhône-Alpes'],COM,{63},{84}
f82f06b5-d137-44c7-a41a-9015ec47a947,212312805,Commune de Mazeirat (23),false,{23128},Commune,2026-03-24 14:41:55.958138+01,gold_establishments_2025,,,,21231280500014,2025,Collectivité Territoriale,Commune,['Creuse'],['Nouvelle-Aquitaine'],COM,{23},{75}
7fc5be95-2e58-499b-9993-bc19d0e3dfbb,218802940,Commune de Mazeley (88),false,{88294},Commune,2026-03-24 14:42:11.118516+01,gold_establishments_2025,,,,21880294000013,2025,Collectivité Territoriale,Commune,['Vosges'],['Grand Est'],COM,{88},{44}
eacc0d4a-354d-440b-ba68-a737e2b353c1,214301319,Commune de Mazerat-Aurouze (43),false,{43131},Commune,2026-03-24 14:42:00.273698+01,gold_establishments_2025,,,,21430131900015,2025,Collectivité Territoriale,Commune,['Haute-Loire'],['Auvergne-Rhône-Alpes'],COM,{43},{84}
567b0897-88dc-491a-b467-10b6abd7de25,211702261,Commune de Mazeray (17),false,{17226},Commune,2026-03-24 14:41:54.903238+01,gold_establishments_2025,,,,21170226100010,2025,Collectivité Territoriale,Commune,['Charente-Maritime'],['Nouvelle-Aquitaine'],COM,{17},{75}
6e099699-887f-4309-a35f-03522bffe522,210301669,Commune de Mazerier (03),false,{03166},Commune,2026-03-24 14:41:52.020251+01,gold_establishments_2025,,,,21030166900011,2025,Collectivité Territoriale,Commune,['Allier'],['Auvergne-Rhône-Alpes'],COM,{03},{84}
044e3166-9ac2-42f5-ad0f-32fa49802b51,210802559,Commune de Mazerny (08),false,{08283},Commune,2026-03-24 14:41:53.095366+01,gold_establishments_2025,,,,21080255900018,2025,Collectivité Territoriale,Commune,['Ardennes'],['Grand Est'],COM,{08},{44}
3d7593f7-1105-4593-83c4-57962137f113,211602131,Commune de Mazerolles (16),false,{16213},Commune,2026-03-24 14:41:54.362296+01,gold_establishments_2025,,,,21160213100016,2025,Collectivité Territoriale,Commune,['Charente'],['Nouvelle-Aquitaine'],COM,{16},{75}
e2830392-b044-4c14-bd7c-fcc9d6c4672a,211702279,Commune de Mazerolles (17),false,{17227},Commune,2026-03-24 14:41:54.903238+01,gold_establishments_2025,,,,21170227900012,2025,Collectivité Territoriale,Commune,['Charente-Maritime'],['Nouvelle-Aquitaine'],COM,{17},{75}
0f8f3151-f944-4e46-9c1d-4fa707993ea6,214001786,Commune de Mazerolles (40),false,{40178},Commune,2026-03-24 14:41:59.705606+01,gold_establishments_2025,,,,21400178600018,2025,Collectivité Territoriale,Commune,['Landes'],['Nouvelle-Aquitaine'],COM,{40},{75}
129f5527-c96a-43fd-bf8b-97ed4bbf491f,216403741,Commune de Mazerolles (64),false,{64374},Commune,2026-03-24 14:42:06.665412+01,gold_establishments_2025,,,,21640374100012,2025,Collectivité Territoriale,Commune,['Pyrénées-Atlantiques'],['Nouvelle-Aquitaine'],COM,{64},{75}
68883d8a-06d9-436a-a885-899248fb82a0,216503086,Commune de Mazerolles (65),false,{65308},Commune,2026-03-24 14:42:06.665412+01,gold_establishments_2025,,,,21650308600011,2025,Collectivité Territoriale,Commune,['Hautes-Pyrénées'],['Occitanie'],COM,{65},{76}
3d9ac500-782b-4e08-8ec8-6638165f20d1,218601532,Commune de Mazerolles (86),false,{86153},Commune,2026-03-24 14:42:10.508772+01,gold_establishments_2025,,,,21860153200011,2025,Collectivité Territoriale,Commune,['Vienne'],['Nouvelle-Aquitaine'],COM,{86},{75}
a9a7185b-6156-4665-949c-4551371b0eec,211102280,Commune de Mazerolles-du-Razès (11),false,{11228},Commune,2026-03-24 14:41:53.63825+01,gold_establishments_2025,,,,21110228000016,2025,Collectivité Territoriale,Commune,['Aude'],['Occitanie'],COM,{11},{76}
9146f7cd-c3d0-49e3-ac7e-8b6aef8265cd,212503718,Commune de Mazerolles-le-Salin (25),false,{25371},Commune,2026-03-24 14:41:56.495197+01,gold_establishments_2025,,,,21250371800018,2025,Collectivité Territoriale,Commune,['Doubs'],['Bourgogne-Franche-Comté'],COM,{25},{27}
9122a55c-e380-4769-8e71-08bdfc0a1c35,215403585,Commune de Mazerulles (54),false,{54358},Commune,2026-03-24 14:42:02.957225+01,gold_establishments_2025,,,,21540358500015,2025,Collectivité Territoriale,Commune,['Meurthe-et-Moselle'],['Grand Est'],COM,{54},{44}
c4b5b6a2-67f3-4329-84af-237d9bced268,214301301,Commune de Mazet-Saint-Voy (43),false,{43130},Commune,2026-03-24 14:42:00.273698+01,gold_establishments_2025,,,,21430130100013,2025,Collectivité Territoriale,Commune,['Haute-Loire'],['Auvergne-Rhône-Alpes'],COM,{43},{84}
eb4ae817-069e-44a3-966c-83452cc308f1,218601540,Commune de Mazeuil (86),false,{86154},Commune,2026-03-24 14:42:10.508772+01,gold_establishments_2025,,,,21860154000014,2025,Collectivité Territoriale,Commune,['Vienne'],['Nouvelle-Aquitaine'],COM,{86},{75}
d4ba5d1a-ada7-4137-919b-6a179ca628bf,214301327,Commune de Mazeyrat-d'Allier (43),false,{43132},Commune,2026-03-24 14:42:00.273698+01,gold_establishments_2025,,,,21430132700018,2025,Collectivité Territoriale,Commune,['Haute-Loire'],['Auvergne-Rhône-Alpes'],COM,{43},{84}
ad471c1b-ef6b-4d3b-be95-2b0914138e41,212402630,Commune de Mazeyrolles (24),false,{24263},Commune,2026-03-24 14:41:55.958138+01,gold_establishments_2025,,,,21240263000017,2025,Collectivité Territoriale,Commune,['Dordogne'],['Nouvelle-Aquitaine'],COM,{24},{75}
d2969677-bdfe-440d-a1ec-e73c4133bbb0,217102904,Commune de Mazille (71),false,{71290},Commune,2026-03-24 14:42:07.735343+01,gold_establishments_2025,,,,21710290400018,2025,Collectivité Territoriale,Commune,['Saône-et-Loire'],['Bourgogne-Franche-Comté'],COM,{71},{27}
46e28a68-c44d-43c8-9cc4-e90e33c9743f,216205633,Commune de Mazingarbe (62),false,{62563},Commune,2026-03-24 14:42:05.597325+01,gold_establishments_2025,,,,21620563300011,2025,Collectivité Territoriale,Commune,['Pas-de-Calais'],['Hauts-de-France'],COM,{62},{32}
666d4488-9a63-4f3d-af98-9b1619f7dc92,216205641,Commune de Mazinghem (62),false,{62564},Commune,2026-03-24 14:42:05.597325+01,gold_establishments_2025,,,,21620564100014,2025,Collectivité Territoriale,Commune,['Pas-de-Calais'],['Hauts-de-France'],COM,{62},{32}
3c48899c-f2bd-4e61-bda4-352f7559f3ce,215903956,Commune de Mazinghien (59),false,{59395},Commune,2026-03-24 14:42:04.280096+01,gold_establishments_2025,,,,21590395600013,2025,Collectivité Territoriale,Commune,['Nord'],['Hauts-de-France'],COM,{59},{32}
857217bb-35cc-47e4-983a-51fdda9e29e1,213302805,Commune de Mazion (33),false,{33280},Commune,2026-03-24 14:41:58.620411+01,gold_establishments_2025,,,,21330280500014,2025,Collectivité Territoriale,Commune,['Gironde'],['Nouvelle-Aquitaine'],COM,{33},{75}
f791d705-cf99-42c6-8e11-6c09bdd5654b,210301677,Commune de Mazirat (03),false,{03167},Commune,2026-03-24 14:41:52.020251+01,gold_establishments_2025,,,,21030167700014,2025,Collectivité Territoriale,Commune,['Allier'],['Auvergne-Rhône-Alpes'],COM,{03},{84}
06463e22-e672-452a-8f58-15bca0751de8,218802957,Commune de Mazirot (88),false,{88295},Commune,2026-03-24 14:42:11.118516+01,gold_establishments_2025,,,,21880295700017,2025,Collectivité Territoriale,Commune,['Vosges'],['Grand Est'],COM,{88},{44}
f185310c-8255-4656-bb20-2b9b98b008e3,214701641,Commune de Mazières-Naresse (47),false,{47164},Commune,2026-03-24 14:42:00.862623+01,gold_establishments_2025,,,,21470164100018,2025,Collectivité Territoriale,Commune,['Lot-et-Garonne'],['Nouvelle-Aquitaine'],COM,{47},{75}
aba8078e-f830-417b-9468-593af9c2463e,213701501,Commune de Mazières-de-Touraine (37),false,{37150},Commune,2026-03-24 14:41:59.160244+01,gold_establishments_2025,,,,21370150100016,2025,Collectivité Territoriale,Commune,['Indre-et-Loire'],['Centre-Val de Loire'],COM,{37},{24}
676268d3-3cae-4588-bf39-2746968924d7,217901727,Commune de Mazières-en-Gâtine (79),false,{79172},Commune,2026-03-24 14:42:09.43682+01,gold_establishments_2025,,,,21790172700016,2025,Collectivité Territoriale,Commune,['Deux-Sèvres'],['Nouvelle-Aquitaine'],COM,{79},{75}
424b7b9e-6391-4209-9e83-fe20cdf6b080,214901951,Commune de Mazières-en-Mauges (49),false,{49195},Commune,2026-03-24 14:42:01.412377+01,gold_establishments_2025,,,,21490195100019,2025,Collectivité Territoriale,Commune,['Maine-et-Loire'],['Pays de la Loire'],COM,{49},{52}
5ef8c6d0-c22f-4245-93b9-8b684c169dc5,216302208,Commune de Mazoires (63),false,{63220},Commune,2026-03-24 14:42:06.130387+01,gold_establishments_2025,,,,21630220800014,2025,Collectivité Territoriale,Commune,['Puy-de-Dôme'],['Auvergne-Rhône-Alpes'],COM,{63},{84}
20871be6-21ac-4595-8822-0f01fbb485bc,216503094,Commune de Mazouau (65),false,{65309},Commune,2026-03-24 14:42:06.665412+01,gold_establishments_2025,,,,21650309400015,2025,Collectivité Territoriale,Commune,['Hautes-Pyrénées'],['Occitanie'],COM,{65},{76}
956fe2d4-f216-4d4c-b70e-0d55a5285ea5,211102298,Commune de Mazuby (11),false,{11229},Commune,2026-03-24 14:41:53.63825+01,gold_establishments_2025,,,,21110229800018,2025,Collectivité Territoriale,Commune,['Aude'],['Occitanie'],COM,{11},{76}
55a6dd25-e373-47ac-8fa2-cb43f2bb9696,212001572,Commune de Mazzola (2B),false,{2B157},Commune,2026-03-24 14:41:57.56054+01,gold_establishments_2025,,,,21200157200016,2025,Collectivité Territoriale,Commune,['Haute-Corse'],['Corse'],COM,{2B},{94}
3510ed48-49b5-4206-8048-d461d7db6479,210901856,Commune de Mazères (09),false,{09185},Commune,2026-03-24 14:41:53.095366+01,gold_establishments_2025,,,,21090185600018,2025,Collectivité Territoriale,Commune,['Ariège'],['Occitanie'],COM,{09},{76}
443abf29-9840-4897-886f-293be8acc77a,213302797,Commune de Mazères (33),false,{33279},Commune,2026-03-24 14:41:58.620411+01,gold_establishments_2025,,,,21330279700013,2025,Collectivité Territoriale,Commune,['Gironde'],['Nouvelle-Aquitaine'],COM,{33},{75}
7640d0fa-0ec6-4e7a-8edf-f9a64b089ada,216403733,Commune de Mazères-Lezons (64),false,{64373},Commune,2026-03-24 14:42:06.665412+01,gold_establishments_2025,,,,21640373300019,2025,Collectivité Territoriale,Commune,['Pyrénées-Atlantiques'],['Nouvelle-Aquitaine'],COM,{64},{75}
eb9c7bab-732a-4674-99c2-e846b66940e6,216503078,Commune de Mazères-de-Neste (65),false,{65307},Commune,2026-03-24 14:42:06.665412+01,gold_establishments_2025,,,,21650307800018,2025,Collectivité Territoriale,Commune,['Hautes-Pyrénées'],['Occitanie'],COM,{65},{76}
b46ecb09-3ac0-459a-8242-5fc3d7e25523,213103369,Commune de Mazères-sur-Salat (31),false,{31336},Commune,2026-03-24 14:41:58.09424+01,gold_establishments_2025,,,,21310336900012,2025,Collectivité Territoriale,Commune,['Haute-Garonne'],['Occitanie'],COM,{31},{76}
be6f9a2f-3fcb-49da-b1fe-44692350531d,200058873,Commune de Mazé-Milon (49),false,{49194},Commune,2026-03-24 14:42:01.412377+01,gold_establishments_2025,,,,20005887300015,2025,Collectivité Territoriale,Commune,['Maine-et-Loire'],['Pays de la Loire'],COM,{49},{52}
2af4db12-10ea-4bb2-a11b-2d46afdde376,215202136,Commune de Maâtz (52),false,{52298},Commune,2026-03-24 14:42:01.954481+01,gold_establishments_2025,,,,21520213600010,2025,Collectivité Territoriale,Commune,['Haute-Marne'],['Grand Est'],COM,{52},{44}
b78feb3e-375d-40d5-a8a0-aa1330a3994d,212201370,Commune de Maël-Carhaix (22),false,{22137},Commune,2026-03-24 14:41:55.433389+01,gold_establishments_2025,,,,21220137000013,2025,Collectivité Territoriale,Commune,"[""Côtes-d'Armor""]",['Bretagne'],COM,{22},{53}
566cf24d-3392-48cb-9ecc-3c604853caa2,212201388,Commune de Maël-Pestivien (22),false,{22138},Commune,2026-03-24 14:41:55.433389+01,gold_establishments_2025,,,,21220138800015,2025,Collectivité Territoriale,Commune,"[""Côtes-d'Armor""]",['Bretagne'],COM,{22},{53}
31daa112-7b7a-4c84-b01d-1f35ddd93476,212503569,Commune de Maîche (25),false,{25356},Commune,2026-03-24 14:41:56.495197+01,gold_establishments_2025,,,,21250356900015,2025,Collectivité Territoriale,Commune,['Doubs'],['Bourgogne-Franche-Comté'],COM,{25},{27}
086aa1da-acb2-454d-9e90-798f0edfedac,212802409,Commune de Meaucé (28),false,{28240},Commune,2026-03-24 14:41:57.028721+01,gold_establishments_2025,,,,21280240900012,2025,Collectivité Territoriale,Commune,['Eure-et-Loir'],['Centre-Val de Loire'],COM,{28},{24}
57011a29-63e9-4c25-a57e-25967c5a20ef,200063501,Commune de Meaulne-Vitray (03),false,{03168},Commune,2026-03-24 14:41:52.020251+01,gold_establishments_2025,,,,20006350100015,2025,Collectivité Territoriale,Commune,['Allier'],['Auvergne-Rhône-Alpes'],COM,{03},{84}
3b327245-9453-40bd-88cc-550dce9b44f9,217702844,Commune de Meaux (77),false,{77284},Commune,2026-03-24 14:42:09.43682+01,gold_establishments_2025,,,,21770284400010,2025,Collectivité Territoriale,Commune,['Seine-et-Marne'],['Île-de-France'],COM,{77},{11}
54dee830-2777-43ca-80c9-4079f87b12c8,216901306,Commune de Meaux-la-Montagne (69),false,{69130},Commune,2026-03-24 14:42:07.195692+01,gold_establishments_2025,,,,21690130600011,2025,Collectivité Territoriale,Commune,['Rhône'],['Auvergne-Rhône-Alpes'],COM,{69},{84}
33a77b32-ade3-4bf2-ad6a-0fbe1d7baf18,218201085,Commune de Meauzac (82),false,{82108},Commune,2026-03-24 14:42:10.508772+01,gold_establishments_2025,,,,21820108500014,2025,Collectivité Territoriale,Commune,['Tarn-et-Garonne'],['Occitanie'],COM,{82},{76}
5966e9b8-1532-4d47-98c2-9f0778f434c0,214601908,Commune de Mechmont (46),false,{46190},Commune,2026-03-24 14:42:00.862623+01,gold_establishments_2025,,,,21460190800012,2025,Collectivité Territoriale,Commune,['Lot'],['Occitanie'],COM,{46},{76}
6b7123a2-aaf9-4946-9bc0-886ccffad9c2,215903964,Commune de Mecquignies (59),false,{59396},Commune,2026-03-24 14:42:04.280096+01,gold_establishments_2025,,,,21590396400017,2025,Collectivité Territoriale,Commune,['Nord'],['Hauts-de-France'],COM,{59},{32}
0219b420-ed99-4a2e-9cb0-11e3a7564e7e,213501703,Commune de Mecé (35),false,{35170},Commune,2026-03-24 14:41:58.620411+01,gold_establishments_2025,,,,21350170300010,2025,Collectivité Territoriale,Commune,['Ille-et-Vilaine'],['Bretagne'],COM,{35},{53}
fad562ad-7e69-4b0e-b5da-5360800a949d,216302216,Commune de Medeyrolles (63),false,{63221},Commune,2026-03-24 14:42:06.130387+01,gold_establishments_2025,,,,21630221600017,2025,Collectivité Territoriale,Commune,['Puy-de-Dôme'],['Auvergne-Rhône-Alpes'],COM,{63},{84}
d4271330-7bb0-4b71-b005-10c76222cb35,217401736,Commune de Megève (74),false,{74173},Commune,2026-03-24 14:42:08.818969+01,gold_establishments_2025,,,,21740173600012,2025,Collectivité Territoriale,Commune,['Haute-Savoie'],['Auvergne-Rhône-Alpes'],COM,{74},{84}
a89978ac-f1ef-4a28-8c5a-d642bdbe61c2,211801410,Commune de Mehun-sur-Yèvre (18),false,{18141},Commune,2026-03-24 14:41:54.903238+01,gold_establishments_2025,,,,21180141000013,2025,Collectivité Territoriale,Commune,['Cher'],['Centre-Val de Loire'],COM,{18},{24}
6e7ebe4f-829c-4a61-857d-e72dac28b125,217702869,Commune de Meigneux (77),false,{77286},Commune,2026-03-24 14:42:09.43682+01,gold_establishments_2025,,,,21770286900017,2025,Collectivité Territoriale,Commune,['Seine-et-Marne'],['Île-de-France'],COM,{77},{11}
b23747af-5a66-4d8c-8c76-edc8400b6df4,218004984,Commune de Meigneux (80),false,{80525},Commune,2026-03-24 14:42:09.967209+01,gold_establishments_2025,,,,21800498400017,2025,Collectivité Territoriale,Commune,['Somme'],['Hauts-de-France'],COM,{80},{32}
af2b9f72-148d-4867-ab00-82836d2fbd9f,218709400,Commune de Meilhac (87),false,{87094},Commune,2026-03-24 14:42:11.118516+01,gold_establishments_2025,,,,21870940000012,2025,Collectivité Territoriale,Commune,['Haute-Vienne'],['Nouvelle-Aquitaine'],COM,{87},{75}
974f5205-44c0-44ae-ba44-f73f587fba3d,213202500,Commune de Meilhan (32),false,{32250},Commune,2026-03-24 14:41:58.09424+01,gold_establishments_2025,,,,21320250000012,2025,Collectivité Territoriale,Commune,['Gers'],['Occitanie'],COM,{32},{76}
0a722ee0-1e17-453a-a38a-b86fdf8e9e84,214001802,Commune de Meilhan (40),false,{40180},Commune,2026-03-24 14:41:59.705606+01,gold_establishments_2025,,,,21400180200013,2025,Collectivité Territoriale,Commune,['Landes'],['Nouvelle-Aquitaine'],COM,{40},{75}
7058cf60-9f59-4098-a6e8-75470c86dab8,214701658,Commune de Meilhan-sur-Garonne (47),false,{47165},Commune,2026-03-24 14:42:00.862623+01,gold_establishments_2025,,,,21470165800012,2025,Collectivité Territoriale,Commune,['Lot-et-Garonne'],['Nouvelle-Aquitaine'],COM,{47},{75}
ccbae8ab-d5c8-4447-9f15-319c4d34e795,211913108,Commune de Meilhards (19),false,{19131},Commune,2026-03-24 14:41:54.903238+01,gold_establishments_2025,,,,21191310800018,2025,Collectivité Territoriale,Commune,['Corrèze'],['Nouvelle-Aquitaine'],COM,{19},{75}
fd8032df-3f1f-45a5-a37e-0fdb50570c35,216302224,Commune de Meilhaud (63),false,{63222},Commune,2026-03-24 14:42:06.130387+01,gold_establishments_2025,,,,21630222400011,2025,Collectivité Territoriale,Commune,['Puy-de-Dôme'],['Auvergne-Rhône-Alpes'],COM,{63},{84}
bf498d79-45b0-4247-b3f3-150b76baec00,213501729,Commune de Meillac (35),false,{35172},Commune,2026-03-24 14:41:58.620411+01,gold_establishments_2025,,,,21350172900015,2025,Collectivité Territoriale,Commune,['Ille-et-Vilaine'],['Bretagne'],COM,{35},{53}
73951258-2c10-444d-b53d-1c4505e42138,211801428,Commune de Meillant (18),false,{18142},Commune,2026-03-24 14:41:54.903238+01,gold_establishments_2025,,,,21180142800072,2025,Collectivité Territoriale,Commune,['Cher'],['Centre-Val de Loire'],COM,{18},{24}
d130a5c5-5c81-4c3c-b62f-d47bd95242e9,210301693,Commune de Meillard (03),false,{03169},Commune,2026-03-24 14:41:52.020251+01,gold_establishments_2025,,,,21030169300011,2025,Collectivité Territoriale,Commune,['Allier'],['Auvergne-Rhône-Alpes'],COM,{03},{84}
c5adf3c9-b76c-46d5-bac2-4d364cd2a2d3,217702877,Commune de Meilleray (77),false,{77287},Commune,2026-03-24 14:42:09.43682+01,gold_establishments_2025,,,,21770287700010,2025,Collectivité Territoriale,Commune,['Seine-et-Marne'],['Île-de-France'],COM,{77},{11}
4daa833b-b71f-4008-b404-489e3a9dd977,217401751,Commune de Meillerie (74),false,{74175},Commune,2026-03-24 14:42:08.818969+01,gold_establishments_2025,,,,21740175100011,2025,Collectivité Territoriale,Commune,['Haute-Savoie'],['Auvergne-Rhône-Alpes'],COM,{74},{84}
163ad5c0-aa53-4a18-9aba-2ad70c963ef0,210301701,Commune de Meillers (03),false,{03170},Commune,2026-03-24 14:41:52.020251+01,gold_establishments_2025,,,,21030170100012,2025,Collectivité Territoriale,Commune,['Allier'],['Auvergne-Rhône-Alpes'],COM,{03},{84}
d5116a4c-9ecb-45a9-8f75-5773b724a05c,216403766,Commune de Meillon (64),false,{64376},Commune,2026-03-24 14:42:06.665412+01,gold_establishments_2025,,,,21640376600019,2025,Collectivité Territoriale,Commune,['Pyrénées-Atlantiques'],['Nouvelle-Aquitaine'],COM,{64},{75}
2abfaf79-08ec-4874-beec-85a1303cad49,210102414,Commune de Meillonnas (01),false,{01241},Commune,2026-03-24 14:41:51.447482+01,gold_establishments_2025,,,,21010241400013,2025,Collectivité Territoriale,Commune,['Ain'],['Auvergne-Rhône-Alpes'],COM,{01},{84}
e661b79a-5d62-45d9-b634-8bb942a9947f,212103998,Commune de Meilly-sur-Rouvres (21),false,{21399},Commune,2026-03-24 14:41:55.433389+01,gold_establishments_2025,,,,21210399800010,2025,Collectivité Territoriale,Commune,"[""Côte-d'Or""]",['Bourgogne-Franche-Comté'],COM,{21},{27}
a0ca5bf2-454f-4e2b-9da5-8e4d40195242,215704560,Commune de Meisenthal (57),false,{57456},Commune,2026-03-24 14:42:03.701372+01,gold_establishments_2025,,,,21570456000014,2025,Collectivité Territoriale,Commune,['Moselle'],['Grand Est'],COM,{57},{44}
5bfb01bc-15d4-4dbe-b6d5-49c574f7a926,216702860,Commune de Meistratzheim (67),false,{67286},Commune,2026-03-24 14:42:07.195692+01,gold_establishments_2025,,,,21670286000018,2025,Collectivité Territoriale,Commune,['Bas-Rhin'],['Grand Est'],COM,{67},{44}
3d76b1d3-6d32-4445-bfeb-470b8e02c808,212001580,Commune de Mela (2A),false,{2A158},Commune,2026-03-24 14:41:57.56054+01,gold_establishments_2025,,,,21200158000019,2025,Collectivité Territoriale,Commune,['Corse-du-Sud'],['Corse'],COM,{2A},{94}
3eef3496-03d3-4582-a484-607535b20256,215202292,Commune de Melay (52),false,{52318},Commune,2026-03-24 14:42:01.954481+01,gold_establishments_2025,,,,21520229200011,2025,Collectivité Territoriale,Commune,['Haute-Marne'],['Grand Est'],COM,{52},{44}
3ff22e92-4ba7-49e6-a236-5116bbfd16cd,217102912,Commune de Melay (71),false,{71291},Commune,2026-03-24 14:42:07.735343+01,gold_establishments_2025,,,,21710291200011,2025,Collectivité Territoriale,Commune,['Saône-et-Loire'],['Bourgogne-Franche-Comté'],COM,{71},{27}
3b4c7312-43b6-4d07-a2d1-4f887dcfa38f,213501737,Commune de Melesse (35),false,{35173},Commune,2026-03-24 14:41:58.620411+01,gold_establishments_2025,,,,21350173700018,2025,Collectivité Territoriale,Commune,['Ille-et-Vilaine'],['Bretagne'],COM,{35},{53}
55ba9788-cdbf-4dbe-8a01-20728d2de3b8,212901466,Commune de Melgven (29),false,{29146},Commune,2026-03-24 14:41:57.028721+01,gold_establishments_2025,,,,21290146600012,2025,Collectivité Territoriale,Commune,['Finistère'],['Bretagne'],COM,{29},{53}
8694f916-decb-4cee-ba96-b4772f0f6eca,217003375,Commune de Melin (70),false,{70337},Commune,2026-03-24 14:42:07.735343+01,gold_establishments_2025,,,,21700337500011,2025,Collectivité Territoriale,Commune,['Haute-Saône'],['Bourgogne-Franche-Comté'],COM,{70},{27}
a2c6f66c-ad95-476e-a4c5-ca4898fa307c,217003383,Commune de Melincourt (70),false,{70338},Commune,2026-03-24 14:42:07.735343+01,gold_establishments_2025,,,,21700338300015,2025,Collectivité Territoriale,Commune,['Haute-Saône'],['Bourgogne-Franche-Comté'],COM,{70},{27}
9bb50bd5-3857-4da4-ba24-1230586c3d44,211201447,Commune de Meljac (12),false,{12144},Commune,2026-03-24 14:41:53.63825+01,gold_establishments_2025,,,,21120144700011,2025,Collectivité Territoriale,Commune,['Aveyron'],['Occitanie'],COM,{12},{76}
896cb370-243d-43c3-87aa-a46b0cbd346f,212901474,Commune de Mellac (29),false,{29147},Commune,2026-03-24 14:41:57.028721+01,gold_establishments_2025,,,,21290147400016,2025,Collectivité Territoriale,Commune,['Finistère'],['Bretagne'],COM,{29},{53}
3cef0fec-154d-4831-812d-b6fba3e83178,200081511,Commune de Melle (79),false,{79174},Commune,2026-03-24 14:42:09.43682+01,gold_establishments_2025,,,,20008151100012,2025,Collectivité Territoriale,Commune,['Deux-Sèvres'],['Nouvelle-Aquitaine'],COM,{79},{75}
75c3bd27-0f35-4b6d-9e6e-c03cda3b880d,217102920,Commune de Mellecey (71),false,{71292},Commune,2026-03-24 14:42:07.735343+01,gold_establishments_2025,,,,21710292000014,2025,Collectivité Territoriale,Commune,['Saône-et-Loire'],['Bourgogne-Franche-Comté'],COM,{71},{27}
1f436b84-e3f6-42fb-9724-f0444bb19e08,217901750,Commune de Melleran (79),false,{79175},Commune,2026-03-24 14:42:09.43682+01,gold_establishments_2025,,,,21790175000018,2025,Collectivité Territoriale,Commune,['Deux-Sèvres'],['Nouvelle-Aquitaine'],COM,{79},{75}
6464543b-837c-4d1f-bb22-f09d12b01514,217201938,Commune de Melleray (72),false,{72193},Commune,2026-03-24 14:42:08.279287+01,gold_establishments_2025,,,,21720193800016,2025,Collectivité Territoriale,Commune,['Sarthe'],['Pays de la Loire'],COM,{72},{52}
ad17a6ee-db22-404d-847a-d3ba436ea5f0,214501991,Commune de Melleroy (45),false,{45199},Commune,2026-03-24 14:42:00.862623+01,gold_establishments_2025,,,,21450199100019,2025,Collectivité Territoriale,Commune,['Loiret'],['Centre-Val de Loire'],COM,{45},{24}
4281693d-fb55-43bc-a1d1-789d5a0c2b02,213103377,Commune de Melles (31),false,{31337},Commune,2026-03-24 14:41:58.09424+01,gold_establishments_2025,,,,21310337700015,2025,Collectivité Territoriale,Commune,['Haute-Garonne'],['Occitanie'],COM,{31},{76}
c3b5c6a4-8a5e-461f-a610-20ff57e072b1,217604222,Commune de Melleville (76),false,{76422},Commune,2026-03-24 14:42:08.818969+01,gold_establishments_2025,,,,21760422200026,2025,Collectivité Territoriale,Commune,['Seine-Maritime'],['Normandie'],COM,{76},{28}
7d43e927-d3a3-4d88-aa90-79833885db83,212201461,Commune de Mellionnec (22),false,{22146},Commune,2026-03-24 14:41:55.433389+01,gold_establishments_2025,,,,21220146100010,2025,Collectivité Territoriale,Commune,"[""Côtes-d'Armor""]",['Bretagne'],COM,{22},{53}
2dadeea3-4a80-4665-86d3-64d0647f5f69,216003897,Commune de Mello (60),false,{60393},Commune,2026-03-24 14:42:04.814328+01,gold_establishments_2025,,,,21600389700016,2025,Collectivité Territoriale,Commune,['Oise'],['Hauts-de-France'],COM,{60},{32}
af675ef2-5716-4c1a-81d3-acbac55db5a3,213501745,Commune de Mellé (35),false,{35174},Commune,2026-03-24 14:41:58.620411+01,gold_establishments_2025,,,,21350174500011,2025,Collectivité Territoriale,Commune,['Ille-et-Vilaine'],['Bretagne'],COM,{35},{53}
ae3e3d86-f663-42e2-9f4f-d03ea09362fd,212104012,Commune de Meloisey (21),false,{21401},Commune,2026-03-24 14:41:55.433389+01,gold_establishments_2025,,,,21210401200019,2025,Collectivité Territoriale,Commune,"[""Côte-d'Or""]",['Bourgogne-Franche-Comté'],COM,{21},{27}
53c77d2e-9f72-41b7-8c01-aaf022c5e828,215601287,Commune de Melrand (56),false,{56128},Commune,2026-03-24 14:42:03.701372+01,gold_establishments_2025,,,,21560128700018,2025,Collectivité Territoriale,Commune,['Morbihan'],['Bretagne'],COM,{56},{53}
24925fa4-b747-4140-a7f1-e66c39615262,216702878,Commune de Melsheim (67),false,{67287},Commune,2026-03-24 14:42:07.195692+01,gold_establishments_2025,,,,21670287800010,2025,Collectivité Territoriale,Commune,['Bas-Rhin'],['Grand Est'],COM,{67},{44}
5b250962-bcfc-4540-9f8a-8ca1054d74fe,217702885,Commune de Melun (77),false,{77288},Commune,2026-03-24 14:42:09.43682+01,gold_establishments_2025,,,,21770288500013,2025,Collectivité Territoriale,Commune,['Seine-et-Marne'],['Île-de-France'],COM,{77},{11}
dc8bfc2f-fe75-4aac-803d-6b62efb98b2d,210401188,Commune de Melve (04),false,{04118},Commune,2026-03-24 14:41:52.562531+01,gold_establishments_2025,,,,21040118800011,2025,Collectivité Territoriale,Commune,['Alpes-de-Haute-Provence'],"[""Provence-Alpes-Côte d'Azur""]",COM,{04},{93}
550b250e-f3de-4161-8b72-7534ce895406,217702893,Commune de Melz-sur-Seine (77),false,{77289},Commune,2026-03-24 14:42:09.43682+01,gold_establishments_2025,,,,21770289300017,2025,Collectivité Territoriale,Commune,['Seine-et-Marne'],['Île-de-France'],COM,{77},{11}
e06ad3d8-0925-4296-84a8-6b2b1429d180,217003409,Commune de Membrey (70),false,{70340},Commune,2026-03-24 14:42:07.735343+01,gold_establishments_2025,,,,21700340900018,2025,Collectivité Territoriale,Commune,['Haute-Saône'],['Bourgogne-Franche-Comté'],COM,{70},{27}
a6c0322a-b979-45a8-bb88-3a912dec991b,216702886,Commune de Memmelshoffen (67),false,{67288},Commune,2026-03-24 14:42:07.195692+01,gold_establishments_2025,,,,21670288600013,2025,Collectivité Territoriale,Commune,['Bas-Rhin'],['Grand Est'],COM,{67},{44}
1e35a2f7-9646-444d-9f79-fcd7ebb56b7b,218902484,Commune de Menades (89),false,{89248},Commune,2026-03-24 14:42:11.118516+01,gold_establishments_2025,,,,21890248400011,2025,Collectivité Territoriale,Commune,['Yonne'],['Bourgogne-Franche-Comté'],COM,{89},{27}
8a5dd0cc-678e-4943-aae6-eaa18614c473,214101347,Commune de Menars (41),false,{41134},Commune,2026-03-24 14:42:00.273698+01,gold_establishments_2025,,,,21410134700018,2025,Collectivité Territoriale,Commune,['Loir-et-Cher'],['Centre-Val de Loire'],COM,{41},{24}
df0a5134-85ae-48b8-8de8-6c6f4e5a2757,216302232,Commune de Menat (63),false,{63223},Commune,2026-03-24 14:42:06.130387+01,gold_establishments_2025,,,,21630223200014,2025,Collectivité Territoriale,Commune,['Puy-de-Dôme'],['Auvergne-Rhône-Alpes'],COM,{63},{84}
e1032c1d-47bb-4eac-9916-2cb34b811272,215503327,Commune de Menaucourt (55),false,{55332},Commune,2026-03-24 14:42:03.701372+01,gold_establishments_2025,,,,21550332700011,2025,Collectivité Territoriale,Commune,['Meuse'],['Grand Est'],COM,{55},{44}
82199e22-e943-4450-abc0-0b5f4d4a6633,216205658,Commune de Mencas (62),false,{62565},Commune,2026-03-24 14:42:05.597325+01,gold_establishments_2025,,,,21620565800018,2025,Collectivité Territoriale,Commune,['Pas-de-Calais'],['Hauts-de-France'],COM,{62},{32}
1d1402b7-47b3-446c-89d9-26d249e01938,216702894,Commune de Menchhoffen (67),false,{67289},Commune,2026-03-24 14:42:07.195692+01,gold_establishments_2025,,,,21670289400017,2025,Collectivité Territoriale,Commune,['Bas-Rhin'],['Grand Est'],COM,{67},{44}
800bd1c3-dbc8-43f5-939d-4a03cfef6894,214800955,Commune de Mende (48),false,{48095},Commune,2026-03-24 14:42:01.412377+01,gold_establishments_2025,,,,21480095500012,2025,Collectivité Territoriale,Commune,['Lozère'],['Occitanie'],COM,{48},{76}
db97dcab-50cd-40c2-a14a-cf71c2a3f1bc,216403774,Commune de Mendionde (64),false,{64377},Commune,2026-03-24 14:42:06.665412+01,gold_establishments_2025,,,,21640377400013,2025,Collectivité Territoriale,Commune,['Pyrénées-Atlantiques'],['Nouvelle-Aquitaine'],COM,{64},{75}
f851cd6d-685e-4255-872b-1ab6636f03e7,216403782,Commune de Menditte (64),false,{64378},Commune,2026-03-24 14:42:06.665412+01,gold_establishments_2025,,,,21640378200016,2025,Collectivité Territoriale,Commune,['Pyrénées-Atlantiques'],['Nouvelle-Aquitaine'],COM,{64},{75}
b7b5c3cc-bcb0-499c-8044-3650dca870be,216403790,Commune de Mendive (64),false,{64379},Commune,2026-03-24 14:42:06.665412+01,gold_establishments_2025,,,,21640379000019,2025,Collectivité Territoriale,Commune,['Pyrénées-Atlantiques'],['Nouvelle-Aquitaine'],COM,{64},{75}
b73d1106-5a6a-4946-9067-ddafdeed314f,212104020,Commune de Menesble (21),false,{21402},Commune,2026-03-24 14:41:55.433389+01,gold_establishments_2025,,,,21210402000012,2025,Collectivité Territoriale,Commune,"[""Côte-d'Or""]",['Bourgogne-Franche-Comté'],COM,{21},{27}
e72960db-20f1-409b-93c6-b06a120bd19f,215801622,Commune de Menestreau (58),false,{58162},Commune,2026-03-24 14:42:04.280096+01,gold_establishments_2025,,,,21580162200014,2025,Collectivité Territoriale,Commune,['Nièvre'],['Bourgogne-Franche-Comté'],COM,{58},{27}
01544c46-af94-4688-80f9-aed7dd45d56b,211501242,Commune de Menet (15),false,{15124},Commune,2026-03-24 14:41:54.362296+01,gold_establishments_2025,,,,21150124200013,2025,Collectivité Territoriale,Commune,['Cantal'],['Auvergne-Rhône-Alpes'],COM,{15},{84}
b33a633d-ae00-4d05-840a-21c7ee66337d,211801436,Commune de Menetou-Couture (18),false,{18143},Commune,2026-03-24 14:41:54.903238+01,gold_establishments_2025,,,,21180143600018,2025,Collectivité Territoriale,Commune,['Cher'],['Centre-Val de Loire'],COM,{18},{24}
df926f5a-6829-48d5-bc8c-7547008c5a0b,211801444,Commune de Menetou-Râtel (18),false,{18144},Commune,2026-03-24 14:41:54.903238+01,gold_establishments_2025,,,,21180144400012,2025,Collectivité Territoriale,Commune,['Cher'],['Centre-Val de Loire'],COM,{18},{24}
2daf63eb-31bf-4543-8b5b-2a4e16cd4489,211801451,Commune de Menetou-Salon (18),false,{18145},Commune,2026-03-24 14:41:54.903238+01,gold_establishments_2025,,,,21180145100017,2025,Collectivité Territoriale,Commune,['Cher'],['Centre-Val de Loire'],COM,{18},{24}
77c70d4f-8d48-4736-b773-c384e2b5c0d3,213601156,Commune de Menetou-sur-Nahon (36),false,{36115},Commune,2026-03-24 14:41:59.160244+01,gold_establishments_2025,,,,21360115600010,2025,Collectivité Territoriale,Commune,['Indre'],['Centre-Val de Loire'],COM,{36},{24}
a299b39c-b451-48d8-bd5b-fa089d73415f,212601785,Commune de Menglon (26),false,{26178},Commune,2026-03-24 14:41:56.495197+01,gold_establishments_2025,,,,21260178500018,2025,Collectivité Territoriale,Commune,['Drôme'],['Auvergne-Rhône-Alpes'],COM,{26},{84}
c663c38b-d43f-4d3a-aa5d-6b971261217e,219103868,Commune de Mennecy (91),false,{91386},Commune,2026-03-24 14:42:11.659493+01,gold_establishments_2025,,,,21910386800010,2025,Collectivité Territoriale,Commune,['Essonne'],['Île-de-France'],COM,{91},{11}
2af8c8ed-7c51-4d6b-bb0a-62fd58227e78,210204517,Commune de Mennessis (02),false,{02474},Commune,2026-03-24 14:41:52.020251+01,gold_establishments_2025,,,,21020451700010,2025,Collectivité Territoriale,Commune,['Aisne'],['Hauts-de-France'],COM,{02},{32}
be3a4169-bd0d-4a00-943c-0fb76956420a,214101354,Commune de Mennetou-sur-Cher (41),false,{41135},Commune,2026-03-24 14:42:00.273698+01,gold_establishments_2025,,,,21410135400014,2025,Collectivité Territoriale,Commune,['Loir-et-Cher'],['Centre-Val de Loire'],COM,{41},{24}
71cd6854-8781-4e4f-93f9-ec236bdcfe1c,212703987,Commune de Menneval (27),false,{27398},Commune,2026-03-24 14:41:57.028721+01,gold_establishments_2025,,,,21270398700017,2025,Collectivité Territoriale,Commune,['Eure'],['Normandie'],COM,{27},{28}
c335db42-d212-46c2-9433-5b7d9e82a7c9,216205666,Commune de Menneville (62),false,{62566},Commune,2026-03-24 14:42:05.597325+01,gold_establishments_2025,,,,21620566600011,2025,Collectivité Territoriale,Commune,['Pas-de-Calais'],['Hauts-de-France'],COM,{62},{32}
f3adc0e5-c575-40f6-ba4d-681cb993f771,210204533,Commune de Mennevret (02),false,{02476},Commune,2026-03-24 14:41:52.020251+01,gold_establishments_2025,,,,21020453300017,2025,Collectivité Territoriale,Commune,['Aisne'],['Hauts-de-France'],COM,{02},{32}
4b05568a-57a2-45b2-ba6c-bcecb4d98217,215202300,Commune de Mennouveaux (52),false,{52319},Commune,2026-03-24 14:42:01.954481+01,gold_establishments_2025,,,,21520230000012,2025,Collectivité Territoriale,Commune,['Haute-Marne'],['Grand Est'],COM,{52},{44}
9c39909e-c402-4bf3-aff8-636fc09577f7,218501419,Commune de Menomblet (85),false,{85141},Commune,2026-03-24 14:42:10.508772+01,gold_establishments_2025,,,,21850141900012,2025,Collectivité Territoriale,Commune,['Vendée'],['Pays de la Loire'],COM,{85},{52}
88e57678-2082-465f-bc2d-2e1eb5dd9bf2,219000676,Commune de Menoncourt (90),false,{90067},Commune,2026-03-24 14:42:11.659493+01,gold_establishments_2025,,,,21900067600011,2025,Collectivité Territoriale,Commune,['Territoire de Belfort'],['Bourgogne-Franche-Comté'],COM,{90},{27}
6e8edaba-f00b-4dcb-b279-34b5c1563b7d,213903230,Commune de Menotey (39),false,{39323},Commune,2026-03-24 14:41:59.705606+01,gold_establishments_2025,,,,21390323000018,2025,Collectivité Territoriale,Commune,['Jura'],['Bourgogne-Franche-Comté'],COM,{39},{27}
bab8af71-42bf-4c26-bb2c-df90bd781905,215801630,Commune de Menou (58),false,{58163},Commune,2026-03-24 14:42:04.280096+01,gold_establishments_2025,,,,21580163000017,2025,Collectivité Territoriale,Commune,['Nièvre'],['Bourgogne-Franche-Comté'],COM,{58},{27}
181d1900-153e-488c-9f1e-574b6c9d6bdd,219503877,Commune de Menouville (95),false,{95387},Commune,2026-03-24 14:42:11.659493+01,gold_establishments_2025,,,,21950387700017,2025,Collectivité Territoriale,Commune,"[""Val-d'Oise""]",['Île-de-France'],COM,{95},{11}
cba6d1cb-adde-4cc7-b012-05f8d5ba12c2,217003417,Commune de Menoux (70),false,{70341},Commune,2026-03-24 14:42:07.735343+01,gold_establishments_2025,,,,21700341700011,2025,Collectivité Territoriale,Commune,['Haute-Saône'],['Bourgogne-Franche-Comté'],COM,{70},{27}
3d14e3ba-719e-4ba9-a086-840c4e484964,213802267,Commune de Mens (38),false,{38226},Commune,2026-03-24 14:41:59.160244+01,gold_establishments_2025,,,,21380226700012,2025,Collectivité Territoriale,Commune,['Isère'],['Auvergne-Rhône-Alpes'],COM,{38},{84}
f88754dc-9f1c-4fde-a05e-88d46a921ec1,212402663,Commune de Mensignac (24),false,{24266},Commune,2026-03-24 14:41:55.958138+01,gold_establishments_2025,,,,21240266300018,2025,Collectivité Territoriale,Commune,['Dordogne'],['Nouvelle-Aquitaine'],COM,{24},{75}
4c08cb18-ca2e-4af2-948c-782e656e9b2a,215704578,Commune de Menskirch (57),false,{57457},Commune,2026-03-24 14:42:03.701372+01,gold_establishments_2025,,,,21570457800016,2025,Collectivité Territoriale,Commune,['Moselle'],['Grand Est'],COM,{57},{44}
200aaa54-d04d-4307-a45a-e293aa3302d0,217604255,Commune de Mentheville (76),false,{76425},Commune,2026-03-24 14:42:08.818969+01,gold_establishments_2025,,,,21760425500018,2025,Collectivité Territoriale,Commune,['Seine-Maritime'],['Normandie'],COM,{76},{28}
b7ed3d1c-3249-4808-a458-77b6b4c8c775,217401769,Commune de Menthon-Saint-Bernard (74),false,{74176},Commune,2026-03-24 14:42:08.818969+01,gold_establishments_2025,,,,21740176900013,2025,Collectivité Territoriale,Commune,['Haute-Savoie'],['Auvergne-Rhône-Alpes'],COM,{74},{84}
4bcb80e9-e259-4e0a-888a-9ca603f641dd,217401777,Commune de Menthonnex-en-Bornes (74),false,{74177},Commune,2026-03-24 14:42:08.818969+01,gold_establishments_2025,,,,21740177700016,2025,Collectivité Territoriale,Commune,['Haute-Savoie'],['Auvergne-Rhône-Alpes'],COM,{74},{84}
7db64b34-93e4-4863-92a2-ef475a1ad2b4,217401785,Commune de Menthonnex-sous-Clermont (74),false,{74178},Commune,2026-03-24 14:42:08.818969+01,gold_establishments_2025,,,,21740178500019,2025,Collectivité Territoriale,Commune,['Haute-Savoie'],['Auvergne-Rhône-Alpes'],COM,{74},{84}
0938bbb9-4af4-4877-97ca-37d30bd99307,211501259,Commune de Mentières (15),false,{15125},Commune,2026-03-24 14:41:54.362296+01,gold_establishments_2025,,,,21150125900017,2025,Collectivité Territoriale,Commune,['Cantal'],['Auvergne-Rhône-Alpes'],COM,{15},{84}
4fcca9c8-f794-42a9-acfa-074e57083f99,210600839,Commune de Menton (06),false,{06083},Commune,2026-03-24 14:41:52.562531+01,gold_establishments_2025,,,,21060083900018,2025,Collectivité Territoriale,Commune,['Alpes-Maritimes'],"[""Provence-Alpes-Côte d'Azur""]",COM,{06},{93}
aa6c6046-cf8a-4816-b189-5c7ff2e920b5,216205674,Commune de Mentque-Nortbécourt (62),false,{62567},Commune,2026-03-24 14:42:05.597325+01,gold_establishments_2025,,,,21620567400015,2025,Collectivité Territoriale,Commune,['Pas-de-Calais'],['Hauts-de-France'],COM,{62},{32}
0857efe4-cc2b-4649-b873-d3706a456e94,219503885,Commune de Menucourt (95),false,{95388},Commune,2026-03-24 14:42:11.659493+01,gold_establishments_2025,,,,21950388500010,2025,Collectivité Territoriale,Commune,"[""Val-d'Oise""]",['Île-de-France'],COM,{95},{11}
dc11e5d5-9314-4420-bf1e-c33e96f2c4f3,213103385,Commune de Menville (31),false,{31338},Commune,2026-03-24 14:41:58.09424+01,gold_establishments_2025,,,,21310338500018,2025,Collectivité Territoriale,Commune,['Haute-Garonne'],['Occitanie'],COM,{31},{76}
a8c36f35-297b-4de1-847d-f4e2240cbc40,213903214,Commune de Menétru-le-Vignoble (39),false,{39321},Commune,2026-03-24 14:41:59.705606+01,gold_establishments_2025,,,,21390321400012,2025,Collectivité Territoriale,Commune,['Jura'],['Bourgogne-Franche-Comté'],COM,{39},{27}
34d4e7db-da42-401b-959a-ee45bf363a67,213903222,Commune de Menétrux-en-Joux (39),false,{39322},Commune,2026-03-24 14:41:59.705606+01,gold_establishments_2025,,,,21390322200015,2025,Collectivité Territoriale,Commune,['Jura'],['Bourgogne-Franche-Comté'],COM,{39},{27}
51ade815-cfa7-4c18-b0b7-8df8f27982d2,214101362,Commune de Mer (41),false,{41136},Commune,2026-03-24 14:42:00.273698+01,gold_establishments_2025,,,,21410136200017,2025,Collectivité Territoriale,Commune,['Loir-et-Cher'],['Centre-Val de Loire'],COM,{41},{24}
75ec5083-107f-434e-bf41-cd6f65ab87e7,216205682,Commune de Mercatel (62),false,{62568},Commune,2026-03-24 14:42:05.597325+01,gold_establishments_2025,,,,21620568200018,2025,Collectivité Territoriale,Commune,['Pas-de-Calais'],['Hauts-de-France'],COM,{62},{32}
bd840cd0-a871-44e6-b602-ee8609a3d55b,210901872,Commune de Mercenac (09),false,{09187},Commune,2026-03-24 14:41:53.095366+01,gold_establishments_2025,,,,21090187200015,2025,Collectivité Territoriale,Commune,['Ariège'],['Occitanie'],COM,{09},{76}
c21fa380-0465-4317-85f6-cd6dfc469540,212104053,Commune de Merceuil (21),false,{21405},Commune,2026-03-24 14:41:55.433389+01,gold_establishments_2025,,,,21210405300013,2025,Collectivité Territoriale,Commune,"[""Côte-d'Or""]",['Bourgogne-Franche-Comté'],COM,{21},{27}
86a59649-8df9-40bc-b209-2af9f847677e,212703995,Commune de Mercey (27),false,{27399},Commune,2026-03-24 14:41:57.028721+01,gold_establishments_2025,,,,21270399500010,2025,Collectivité Territoriale,Commune,['Eure'],['Normandie'],COM,{27},{28}
620df82b-9177-4d4b-a7bc-4c4b36188a64,212503742,Commune de Mercey-le-Grand (25),false,{25374},Commune,2026-03-24 14:41:56.495197+01,gold_establishments_2025,,,,21250374200018,2025,Collectivité Territoriale,Commune,['Doubs'],['Bourgogne-Franche-Comté'],COM,{25},{27}
968273b1-55fb-408f-a5b7-e2a06369745f,217003425,Commune de Mercey-sur-Saône (70),false,{70342},Commune,2026-03-24 14:42:07.735343+01,gold_establishments_2025,,,,21700342500014,2025,Collectivité Territoriale,Commune,['Haute-Saône'],['Bourgogne-Franche-Comté'],COM,{70},{27}
e75400b0-554d-4393-8ec6-3c209a096b7b,210204541,Commune de Mercin-et-Vaux (02),false,{02477},Commune,2026-03-24 14:41:52.020251+01,gold_establishments_2025,,,,21020454100010,2025,Collectivité Territoriale,Commune,['Aisne'],['Hauts-de-France'],COM,{02},{32}
87372f66-7002-4ff9-8cad-b2a2752c7241,216205690,Commune de Merck-Saint-Liévin (62),false,{62569},Commune,2026-03-24 14:42:05.597325+01,gold_establishments_2025,,,,21620569000011,2025,Collectivité Territoriale,Commune,['Pas-de-Calais'],['Hauts-de-France'],COM,{62},{32}
ad99edfa-631a-4d87-94b9-d910f78f5155,215903972,Commune de Merckeghem (59),false,{59397},Commune,2026-03-24 14:42:04.280096+01,gold_establishments_2025,,,,21590397200010,2025,Collectivité Territoriale,Commune,['Nord'],['Hauts-de-France'],COM,{59},{32}
f3499c0c-f702-4b2f-9b13-88fc876cce52,210701553,Commune de Mercuer (07),false,{07155},Commune,2026-03-24 14:41:52.562531+01,gold_establishments_2025,,,,21070155300013,2025,Collectivité Territoriale,Commune,['Ardèche'],['Auvergne-Rhône-Alpes'],COM,{07},{84}
05dbc049-1916-4654-a2a7-e13ce620733e,217102946,Commune de Mercurey (71),false,{71294},Commune,2026-03-24 14:42:07.735343+01,gold_establishments_2025,,,,21710294600019,2025,Collectivité Territoriale,Commune,['Saône-et-Loire'],['Bourgogne-Franche-Comté'],COM,{71},{27}
ffdb58b7-cc4d-4610-b5d1-e19fec2dd502,200056547,Commune de Mercurol-Veaunes (26),false,{26179},Commune,2026-03-24 14:41:56.495197+01,gold_establishments_2025,,,,20005654700017,2025,Collectivité Territoriale,Commune,['Drôme'],['Auvergne-Rhône-Alpes'],COM,{26},{84}
39d08a82-9066-4899-9fd7-63c1d9383143,217301548,Commune de Mercury (73),false,{73154},Commune,2026-03-24 14:42:08.279287+01,gold_establishments_2025,,,,21730154800012,2025,Collectivité Territoriale,Commune,['Savoie'],['Auvergne-Rhône-Alpes'],COM,{73},{84}
aaddc797-8608-4589-bd5c-1c1a389a1bb9,210901880,Commune de Mercus-Garrabet (09),false,{09188},Commune,2026-03-24 14:41:53.095366+01,gold_establishments_2025,,,,21090188000018,2025,Collectivité Territoriale,Commune,['Ariège'],['Occitanie'],COM,{09},{76}
54522cd8-e1bc-472f-b072-5c96e95d9128,214601916,Commune de Mercuès (46),false,{46191},Commune,2026-03-24 14:42:00.862623+01,gold_establishments_2025,,,,21460191600015,2025,Collectivité Territoriale,Commune,['Lot'],['Occitanie'],COM,{46},{76}
663b971d-e066-46f9-a2c2-2dad330bb1c1,210301719,Commune de Mercy (03),false,{03171},Commune,2026-03-24 14:41:52.020251+01,gold_establishments_2025,,,,21030171900014,2025,Collectivité Territoriale,Commune,['Allier'],['Auvergne-Rhône-Alpes'],COM,{03},{84}
14ab610b-d8a4-42b0-9644-92dce94473a3,218902492,Commune de Mercy (89),false,{89249},Commune,2026-03-24 14:42:11.118516+01,gold_establishments_2025,,,,21890249200014,2025,Collectivité Territoriale,Commune,['Yonne'],['Bourgogne-Franche-Comté'],COM,{89},{27}
222d232b-7e06-4e86-891a-b0d236515eaa,215403627,Commune de Mercy-le-Bas (54),false,{54362},Commune,2026-03-24 14:42:02.957225+01,gold_establishments_2025,,,,21540362700015,2025,Collectivité Territoriale,Commune,['Meurthe-et-Moselle'],['Grand Est'],COM,{54},{44}
684499c0-e7a5-4d39-a7a4-12a25a4de474,215403635,Commune de Mercy-le-Haut (54),false,{54363},Commune,2026-03-24 14:42:02.957225+01,gold_establishments_2025,,,,21540363500018,2025,Collectivité Territoriale,Commune,['Meurthe-et-Moselle'],['Grand Est'],COM,{54},{44}
64b128cf-3690-425b-9ec8-3303686d52cc,211913306,Commune de Mercœur (19),false,{19133},Commune,2026-03-24 14:41:54.903238+01,gold_establishments_2025,,,,21191330600018,2025,Collectivité Territoriale,Commune,['Corrèze'],['Nouvelle-Aquitaine'],COM,{19},{75}
b4de0c8e-9d64-42c1-994b-deaf304977d7,214301335,Commune de Mercœur (43),false,{43133},Commune,2026-03-24 14:42:00.273698+01,gold_establishments_2025,,,,21430133500011,2025,Collectivité Territoriale,Commune,['Haute-Loire'],['Auvergne-Rhône-Alpes'],COM,{43},{84}
20eec720-5d7a-430d-9278-68ada98386ca,212201479,Commune de Merdrignac (22),false,{22147},Commune,2026-03-24 14:41:55.433389+01,gold_establishments_2025,,,,21220147900012,2025,Collectivité Territoriale,Commune,"[""Côtes-d'Armor""]",['Bretagne'],COM,{22},{53}
2505805b-166b-491d-83fb-34db327d2447,212704001,Commune de Merey (27),false,{27400},Commune,2026-03-24 14:41:57.028721+01,gold_establishments_2025,,,,21270400100016,2025,Collectivité Territoriale,Commune,['Eure'],['Normandie'],COM,{27},{28}
33a23faa-8f1d-47dc-aa77-f73f2f0f6286,215103383,Commune de Merfy (51),false,{51362},Commune,2026-03-24 14:42:01.954481+01,gold_establishments_2025,,,,21510338300018,2025,Collectivité Territoriale,Commune,['Marne'],['Grand Est'],COM,{51},{44}
f9a4a3af-216d-4543-a6b8-4c563a7a2d66,211002233,Commune de Mergey (10),false,{10230},Commune,2026-03-24 14:41:53.095366+01,gold_establishments_2025,,,,21100223300016,2025,Collectivité Territoriale,Commune,['Aube'],['Grand Est'],COM,{10},{44}
44049244-3e26-4454-9a3e-89ba0529875f,212001598,Commune de Meria (2B),false,{2B159},Commune,2026-03-24 14:41:57.56054+01,gold_establishments_2025,,,,21200159800011,2025,Collectivité Territoriale,Commune,['Haute-Corse'],['Corse'],COM,{2B},{94}
77564251-181b-4449-8ae1-f2ca5a434269,216702902,Commune de Merkwiller-Pechelbronn (67),false,{67290},Commune,2026-03-24 14:42:07.195692+01,gold_establishments_2025,,,,21670290200018,2025,Collectivité Territoriale,Commune,['Bas-Rhin'],['Grand Est'],COM,{67},{44}
45a8b3a6-3ea0-436b-82b7-1f09e0b5b0b6,213802283,Commune de Merlas (38),false,{38228},Commune,2026-03-24 14:41:59.160244+01,gold_establishments_2025,,,,21380228300019,2025,Collectivité Territoriale,Commune,['Isère'],['Auvergne-Rhône-Alpes'],COM,{38},{84}
9d5646f0-32b8-47e0-9027-44591ae9d906,215103391,Commune de Merlaut (51),false,{51363},Commune,2026-03-24 14:42:01.954481+01,gold_establishments_2025,,,,21510339100011,2025,Collectivité Territoriale,Commune,['Marne'],['Grand Est'],COM,{51},{44}
11e0edaf-12ea-4788-a77b-09a1624ef1d9,214201428,Commune de Merle-Leignec (42),false,{42142},Commune,2026-03-24 14:42:00.273698+01,gold_establishments_2025,,,,21420142800015,2025,Collectivité Territoriale,Commune,['Loire'],['Auvergne-Rhône-Alpes'],COM,{42},{84}
5458ca5b-fdb2-425a-a8fd-e5ac56f30885,216102756,Commune de Merlerault-le-Pin (61),false,{61275},Commune,2026-03-24 14:42:05.597325+01,gold_establishments_2025,,,,21610275600014,2025,Collectivité Territoriale,Commune,['Orne'],['Normandie'],COM,{61},{28}
202278e9-46f5-4336-a483-79ff56a1b7fd,218201093,Commune de Merles (82),false,{82109},Commune,2026-03-24 14:42:10.508772+01,gold_establishments_2025,,,,21820109300018,2025,Collectivité Territoriale,Commune,['Tarn-et-Garonne'],['Occitanie'],COM,{82},{76}
bda4eb6b-d806-438d-a355-5fdc2e2be688,215503368,Commune de Merles-sur-Loison (55),false,{55336},Commune,2026-03-24 14:42:03.701372+01,gold_establishments_2025,,,,21550336800015,2025,Collectivité Territoriale,Commune,['Meuse'],['Grand Est'],COM,{55},{44}
9d2b36b7-0a58-4fff-b7b1-b1015f5bb4cf,215601303,Commune de Merlevenez (56),false,{56130},Commune,2026-03-24 14:42:03.701372+01,gold_establishments_2025,,,,21560130300013,2025,Collectivité Territoriale,Commune,['Morbihan'],['Bretagne'],COM,{56},{53}
46a668e8-8005-4096-b556-403ba2e15bc8,210204558,Commune de Merlieux-et-Fouquerolles (02),false,{02478},Commune,2026-03-24 14:41:52.020251+01,gold_establishments_2025,,,,21020455800014,2025,Collectivité Territoriale,Commune,['Aisne'],['Hauts-de-France'],COM,{02},{32}
395f330e-728f-4cb9-93fd-ecd36d96b2e9,216205716,Commune de Merlimont (62),false,{62571},Commune,2026-03-24 14:42:05.597325+01,gold_establishments_2025,,,,21620571600014,2025,Collectivité Territoriale,Commune,['Pas-de-Calais'],['Hauts-de-France'],COM,{62},{32}
c204aff1-1dca-40c1-9941-67d8642959bd,211913405,Commune de Merlines (19),false,{19134},Commune,2026-03-24 14:41:54.903238+01,gold_establishments_2025,,,,21191340500018,2025,Collectivité Territoriale,Commune,['Corrèze'],['Nouvelle-Aquitaine'],COM,{19},{75}
5fa78364-33e7-4d5a-ba9f-6aed67731088,212201495,Commune de Merléac (22),false,{22149},Commune,2026-03-24 14:41:55.433389+01,gold_establishments_2025,,,,21220149500018,2025,Collectivité Territoriale,Commune,"[""Côtes-d'Armor""]",['Bretagne'],COM,{22},{53}
5fb17008-ff72-45cb-895b-dfc9a0036e75,213501752,Commune de Mernel (35),false,{35175},Commune,2026-03-24 14:41:58.620411+01,gold_establishments_2025,,,,21350175200017,2025,Collectivité Territoriale,Commune,['Ille-et-Vilaine'],['Bretagne'],COM,{35},{53}
5700c1ae-18e6-4caf-8350-55a5adaa73e9,200087195,Commune de Meroux-Moval (90),false,{90068},Commune,2026-03-24 14:42:11.659493+01,gold_establishments_2025,,,,20008719500018,2025,Collectivité Territoriale,Commune,['Territoire de Belfort'],['Bourgogne-Franche-Comté'],COM,{90},{27}
aa59fe19-3bff-4513-981b-345b9d3fc87d,211602172,Commune de Merpins (16),false,{16217},Commune,2026-03-24 14:41:54.362296+01,gold_establishments_2025,,,,21160217200010,2025,Collectivité Territoriale,Commune,['Charente'],['Nouvelle-Aquitaine'],COM,{16},{75}
4dbc8bb6-a2e8-4b35-9da1-2efad27ca13b,215202318,Commune de Merrey (52),false,{52320},Commune,2026-03-24 14:42:01.954481+01,gold_establishments_2025,,,,21520231800014,2025,Collectivité Territoriale,Commune,['Haute-Marne'],['Grand Est'],COM,{52},{44}
a3859937-1cc7-4cdc-8c69-815750f04b7c,211002258,Commune de Merrey-sur-Arce (10),false,{10232},Commune,2026-03-24 14:41:53.095366+01,gold_establishments_2025,,,,21100225800013,2025,Collectivité Territoriale,Commune,['Aube'],['Grand Est'],COM,{10},{44}
4b90bf25-fc45-4ead-a399-675c362fa2f0,216102764,Commune de Merri (61),false,{61276},Commune,2026-03-24 14:42:05.597325+01,gold_establishments_2025,,,,21610276400018,2025,Collectivité Territoriale,Commune,['Orne'],['Normandie'],COM,{61},{28}
c6802c38-7446-4851-a9a7-c7bfc4b903fe,215903998,Commune de Merris (59),false,{59399},Commune,2026-03-24 14:42:04.280096+01,gold_establishments_2025,,,,21590399800015,2025,Collectivité Territoriale,Commune,['Nord'],['Hauts-de-France'],COM,{59},{32}
363cd7f1-36f0-4a50-8e11-250d0ab78b13,218902526,Commune de Merry-Sec (89),false,{89252},Commune,2026-03-24 14:42:11.118516+01,gold_establishments_2025,,,,21890252600019,2025,Collectivité Territoriale,Commune,['Yonne'],['Bourgogne-Franche-Comté'],COM,{89},{27}
980126bf-9aab-4002-be44-24b2eedf7c3e,218902518,Commune de Merry-la-Vallée (89),false,{89251},Commune,2026-03-24 14:42:11.118516+01,gold_establishments_2025,,,,21890251800016,2025,Collectivité Territoriale,Commune,['Yonne'],['Bourgogne-Franche-Comté'],COM,{89},{27}
94d6ef32-bae0-4697-9d67-a1e2b7867288,218902534,Commune de Merry-sur-Yonne (89),false,{89253},Commune,2026-03-24 14:42:11.118516+01,gold_establishments_2025,,,,21890253400013,2025,Collectivité Territoriale,Commune,['Yonne'],['Bourgogne-Franche-Comté'],COM,{89},{27}
7896bc5e-30f0-451d-8d47-de3443be756e,218005064,Commune de Mers-les-Bains (80),false,{80533},Commune,2026-03-24 14:42:09.967209+01,gold_establishments_2025,,,,21800506400017,2025,Collectivité Territoriale,Commune,['Somme'],['Hauts-de-France'],COM,{80},{32}
59dd9d29-aed9-4026-adfb-77fe2ffca0c0,213601206,Commune de Mers-sur-Indre (36),false,{36120},Commune,2026-03-24 14:41:59.160244+01,gold_establishments_2025,,,,21360120600013,2025,Collectivité Territoriale,Commune,['Indre'],['Centre-Val de Loire'],COM,{36},{24}
5b31748f-e1a8-44dd-b962-2e7f7df40788,215704594,Commune de Merschweiller (57),false,{57459},Commune,2026-03-24 14:42:03.701372+01,gold_establishments_2025,,,,21570459400013,2025,Collectivité Territoriale,Commune,['Moselle'],['Grand Est'],COM,{57},{44}
2493a411-18b8-4b1a-9410-5eb1f26b0c82,217003433,Commune de Mersuay (70),false,{70343},Commune,2026-03-24 14:42:07.735343+01,gold_establishments_2025,,,,21700343300018,2025,Collectivité Territoriale,Commune,['Haute-Saône'],['Bourgogne-Franche-Comté'],COM,{70},{27}
76c5cd29-d266-4b38-b9b5-2451721eab59,215704602,Commune de Merten (57),false,{57460},Commune,2026-03-24 14:42:03.701372+01,gold_establishments_2025,,,,21570460200014,2025,Collectivité Territoriale,Commune,['Moselle'],['Grand Est'],COM,{57},{44}
530c4d07-4652-4724-a80d-bd33a50a1197,215202326,Commune de Mertrud (52),false,{52321},Commune,2026-03-24 14:42:01.954481+01,gold_establishments_2025,,,,21520232600017,2025,Collectivité Territoriale,Commune,['Haute-Marne'],['Grand Est'],COM,{52},{44}
c36bf7fd-6ee9-4dff-be24-a601d8e18739,216802025,Commune de Mertzen (68),false,{68202},Commune,2026-03-24 14:42:07.195692+01,gold_establishments_2025,,,,21680202500017,2025,Collectivité Territoriale,Commune,['Haut-Rhin'],['Grand Est'],COM,{68},{44}
e6af43c1-4737-4bdd-b656-299fa31cc053,216702910,Commune de Mertzwiller (67),false,{67291},Commune,2026-03-24 14:42:07.195692+01,gold_establishments_2025,,,,21670291000011,2025,Collectivité Territoriale,Commune,['Bas-Rhin'],['Grand Est'],COM,{67},{44}
8f0eadfc-80e8-464a-8615-98dba62d3892,217102953,Commune de Mervans (71),false,{71295},Commune,2026-03-24 14:42:07.735343+01,gold_establishments_2025,,,,21710295300015,2025,Collectivité Territoriale,Commune,['Saône-et-Loire'],['Bourgogne-Franche-Comté'],COM,{71},{27}
e2c4edf1-fd30-4022-b889-e56f2bade213,218501435,Commune de Mervent (85),false,{85143},Commune,2026-03-24 14:42:10.508772+01,gold_establishments_2025,,,,21850143500018,2025,Collectivité Territoriale,Commune,['Vendée'],['Pays de la Loire'],COM,{85},{52}
a0733242-2673-4090-9eee-8da58eefd0d2,213103401,Commune de Mervilla (31),false,{31340},Commune,2026-03-24 14:41:58.09424+01,gold_establishments_2025,,,,21310340100013,2025,Collectivité Territoriale,Commune,['Haute-Garonne'],['Occitanie'],COM,{31},{76}
e5985ff7-07e2-4068-9132-db2d34b046f8,213103419,Commune de Merville (31),false,{31341},Commune,2026-03-24 14:41:58.09424+01,gold_establishments_2025,,,,21310341900015,2025,Collectivité Territoriale,Commune,['Haute-Garonne'],['Occitanie'],COM,{31},{76}
8df553f8-86c4-43da-9039-8eef524c97b0,215904004,Commune de Merville (59),false,{59400},Commune,2026-03-24 14:42:04.280096+01,gold_establishments_2025,,,,21590400400011,2025,Collectivité Territoriale,Commune,['Nord'],['Hauts-de-France'],COM,{59},{32}
3aa9dde9-b9d5-4936-ae7d-4e91b515aee3,211404090,Commune de Merville-Franceville-Plage (14),false,{14409},Commune,2026-03-24 14:41:54.362296+01,gold_establishments_2025,,,,21140409000014,2025,Collectivité Territoriale,Commune,['Calvados'],['Normandie'],COM,{14},{28}
af4319d3-9b23-415b-8a81-bf1ef1804d19,215403650,Commune de Merviller (54),false,{54365},Commune,2026-03-24 14:42:02.957225+01,gold_establishments_2025,,,,21540365000066,2025,Collectivité Territoriale,Commune,['Meurthe-et-Moselle'],['Grand Est'],COM,{54},{44}
24a87563-fe0a-414c-8ac0-67d8f66ff279,216802033,Commune de Merxheim (68),false,{68203},Commune,2026-03-24 14:42:07.195692+01,gold_establishments_2025,,,,21680203300011,2025,Collectivité Territoriale,Commune,['Haut-Rhin'],['Grand Est'],COM,{68},{44}
13f13478-86e6-410a-b121-030c2c787c1d,210204574,Commune de Mesbrecourt-Richecourt (02),false,{02480},Commune,2026-03-24 14:41:52.020251+01,gold_establishments_2025,,,,21020457400011,2025,Collectivité Territoriale,Commune,['Aisne'],['Hauts-de-France'],COM,{02},{32}
d4763f9f-98e4-43c3-9925-dec9ab227688,211702303,Commune de Meschers-sur-Gironde (17),false,{17230},Commune,2026-03-24 14:41:54.903238+01,gold_establishments_2025,,,,21170230300010,2025,Collectivité Territoriale,Commune,['Charente-Maritime'],['Nouvelle-Aquitaine'],COM,{17},{75}
2bcee5e9-3676-4460-833b-125c5d4048d5,212402671,Commune de Mescoules (24),false,{24267},Commune,2026-03-24 14:41:55.958138+01,gold_establishments_2025,,,,21240267100011,2025,Collectivité Territoriale,Commune,['Dordogne'],['Nouvelle-Aquitaine'],COM,{24},{75}
6190254d-7fe1-439f-b8f2-b9a37f5aaf2f,211002274,Commune de Mesgrigny (10),false,{10234},Commune,2026-03-24 14:41:53.095366+01,gold_establishments_2025,,,,21100227400010,2025,Collectivité Territoriale,Commune,['Aube'],['Grand Est'],COM,{10},{44}
abdfa357-55a1-45a1-81ef-d769244ed878,215601311,Commune de Meslan (56),false,{56131},Commune,2026-03-24 14:42:03.701372+01,gold_establishments_2025,,,,21560131100016,2025,Collectivité Territoriale,Commune,['Morbihan'],['Bretagne'],COM,{56},{53}
86b26ad7-4f95-4f68-ba07-cde82f9b7ab0,214101370,Commune de Mesland (41),false,{41137},Commune,2026-03-24 14:42:00.273698+01,gold_establishments_2025,,,,21410137000010,2025,Collectivité Territoriale,Commune,['Loir-et-Cher'],['Centre-Val de Loire'],COM,{41},{24}
94e90b09-4842-47da-9efa-668e1d46dd4d,211404116,Commune de Meslay (14),false,{14411},Commune,2026-03-24 14:41:54.362296+01,gold_establishments_2025,,,,21140411600017,2025,Collectivité Territoriale,Commune,['Calvados'],['Normandie'],COM,{14},{28}
c19efa34-5793-4213-a483-f554b75e9818,214101388,Commune de Meslay (41),false,{41138},Commune,2026-03-24 14:42:00.273698+01,gold_establishments_2025,,,,21410138800012,2025,Collectivité Territoriale,Commune,['Loir-et-Cher'],['Centre-Val de Loire'],COM,{41},{24}
93b58dac-edf4-42c4-ae4b-fb49fe4427fc,215301524,Commune de Meslay-du-Maine (53),false,{53152},Commune,2026-03-24 14:42:02.957225+01,gold_establishments_2025,,,,21530152400017,2025,Collectivité Territoriale,Commune,['Mayenne'],['Pays de la Loire'],COM,{53},{52}
cac2b8aa-369e-4cda-b8d5-fe670d9649f0,212802458,Commune de Meslay-le-Grenet (28),false,{28245},Commune,2026-03-24 14:41:57.028721+01,gold_establishments_2025,,,,21280245800019,2025,Collectivité Territoriale,Commune,['Eure-et-Loir'],['Centre-Val de Loire'],COM,{28},{24}
9e5c83af-c629-4d86-aa4a-567b9b063681,212802466,Commune de Meslay-le-Vidame (28),false,{28246},Commune,2026-03-24 14:41:57.028721+01,gold_establishments_2025,,,,21280246600012,2025,Collectivité Territoriale,Commune,['Eure-et-Loir'],['Centre-Val de Loire'],COM,{28},{24}
644d8c58-9ac4-496a-8c02-3faaf0d2b8dc,212503783,Commune de Meslières (25),false,{25378},Commune,2026-03-24 14:41:56.495197+01,gold_establishments_2025,,,,21250378300012,2025,Collectivité Territoriale,Commune,['Doubs'],['Bourgogne-Franche-Comté'],COM,{25},{27}
0cdb04e4-8c73-434d-a466-cb76372bcea9,212503791,Commune de Mesmay (25),false,{25379},Commune,2026-03-24 14:41:56.495197+01,gold_establishments_2025,,,,21250379100015,2025,Collectivité Territoriale,Commune,['Doubs'],['Bourgogne-Franche-Comté'],COM,{25},{27}
2b696b74-2509-4369-96fa-e08d76d07d35,210802591,Commune de Mesmont (08),false,{08288},Commune,2026-03-24 14:41:53.095366+01,gold_establishments_2025,,,,21080259100011,2025,Collectivité Territoriale,Commune,['Ardennes'],['Grand Est'],COM,{08},{44}
a821827e-8158-4ae7-9d06-c8519794d52c,212104061,Commune de Mesmont (21),false,{21406},Commune,2026-03-24 14:41:55.433389+01,gold_establishments_2025,,,,21210406100016,2025,Collectivité Territoriale,Commune,"[""Côte-d'Or""]",['Bourgogne-Franche-Comté'],COM,{21},{27}
b6bf4ecc-f9fc-4199-9c93-26460f086e3f,211602180,Commune de Mesnac (16),false,{16218},Commune,2026-03-24 14:41:54.362296+01,gold_establishments_2025,,,,21160218000013,2025,Collectivité Territoriale,Commune,['Charente'],['Nouvelle-Aquitaine'],COM,{16},{75}
d81f55d1-5082-4f52-9183-c6252ee1de9b,218501443,Commune de Mesnard-la-Barotière (85),false,{85144},Commune,2026-03-24 14:42:10.508772+01,gold_establishments_2025,,,,21850144300012,2025,Collectivité Territoriale,Commune,['Vendée'],['Pays de la Loire'],COM,{85},{52}
84a06f07-fc20-46b1-a25c-fec95de3cc41,213903255,Commune de Mesnay (39),false,{39325},Commune,2026-03-24 14:41:59.705606+01,gold_establishments_2025,,,,21390325500015,2025,Collectivité Territoriale,Commune,['Jura'],['Bourgogne-Franche-Comté'],COM,{39},{27}
d8467c3f-0182-4d6d-ba38-0fa3b210b292,218005080,Commune de Mesnil-Bruntel (80),false,{80536},Commune,2026-03-24 14:42:09.967209+01,gold_establishments_2025,,,,21800508000013,2025,Collectivité Territoriale,Commune,['Somme'],['Hauts-de-France'],COM,{80},{32}
906bbad4-2b90-46c1-9323-62ddaa10f293,218005098,Commune de Mesnil-Domqueur (80),false,{80537},Commune,2026-03-24 14:42:09.967209+01,gold_establishments_2025,,,,21800509800015,2025,Collectivité Territoriale,Commune,['Somme'],['Hauts-de-France'],COM,{80},{32}
2b000ff7-b3b5-468a-a3d6-3ae817a92a09,217604305,Commune de Mesnil-Follemprise (76),false,{76430},Commune,2026-03-24 14:42:08.818969+01,gold_establishments_2025,,,,21760430500011,2025,Collectivité Territoriale,Commune,['Seine-Maritime'],['Normandie'],COM,{76},{28}
99c67398-3cb1-4e27-afd7-b883495e9f57,211002290,Commune de Mesnil-Lettre (10),false,{10236},Commune,2026-03-24 14:41:53.095366+01,gold_establishments_2025,,,,21100229000016,2025,Collectivité Territoriale,Commune,['Aube'],['Grand Est'],COM,{10},{44}
858085e2-fded-4a3b-ad17-b00974f9330a,218005114,Commune de Mesnil-Martinsart (80),false,{80540},Commune,2026-03-24 14:42:09.967209+01,gold_establishments_2025,,,,21800511400010,2025,Collectivité Territoriale,Commune,['Somme'],['Hauts-de-France'],COM,{80},{32}
56b3b067-346b-44a2-ad83-394b820f862d,217604321,Commune de Mesnil-Mauger (76),false,{76432},Commune,2026-03-24 14:42:08.818969+01,gold_establishments_2025,,,,21760432100018,2025,Collectivité Territoriale,Commune,['Seine-Maritime'],['Normandie'],COM,{76},{28}
d22ee782-911c-46c9-ba37-e936cbb2f4ab,217604339,Commune de Mesnil-Panneville (76),false,{76433},Commune,2026-03-24 14:42:08.818969+01,gold_establishments_2025,,,,21760433900010,2025,Collectivité Territoriale,Commune,['Seine-Maritime'],['Normandie'],COM,{76},{28}
82304e2e-e87d-4c34-a8ac-b95ead0f8e71,217604347,Commune de Mesnil-Raoul (76),false,{76434},Commune,2026-03-24 14:42:08.818969+01,gold_establishments_2025,,,,21760434700013,2025,Collectivité Territoriale,Commune,['Seine-Maritime'],['Normandie'],COM,{76},{28}
9251e4be-228d-429f-834c-ced8ab7bff07,200085868,Commune de Mesnil-Roc'h (35),false,{35308},Commune,2026-03-24 14:41:59.160244+01,gold_establishments_2025,,,,20008586800012,2025,Collectivité Territoriale,Commune,['Ille-et-Vilaine'],['Bretagne'],COM,{35},{53}
52fcb51b-022b-41c0-8395-2d299dbecf54,212704043,Commune de Mesnil-Rousset (27),false,{27404},Commune,2026-03-24 14:41:57.028721+01,gold_establishments_2025,,,,21270404300018,2025,Collectivité Territoriale,Commune,['Eure'],['Normandie'],COM,{27},{28}
951a7633-59e9-4114-81af-5423310aac82,218005122,Commune de Mesnil-Saint-Georges (80),false,{80541},Commune,2026-03-24 14:42:09.967209+01,gold_establishments_2025,,,,21800512200013,2025,Collectivité Territoriale,Commune,['Somme'],['Hauts-de-France'],COM,{80},{32}
7ac5d0e5-4092-4a1b-8d93-79f45698b0f4,210204582,Commune de Mesnil-Saint-Laurent (02),false,{02481},Commune,2026-03-24 14:41:52.020251+01,gold_establishments_2025,,,,21020458200014,2025,Collectivité Territoriale,Commune,['Aisne'],['Hauts-de-France'],COM,{02},{32}
6878536f-0f16-4246-a09a-c9651fafdcca,211002308,Commune de Mesnil-Saint-Loup (10),false,{10237},Commune,2026-03-24 14:41:53.095366+01,gold_establishments_2025,,,,21100230800016,2025,Collectivité Territoriale,Commune,['Aube'],['Grand Est'],COM,{10},{44}
3b45487f-39cc-44d6-a5ae-146cca7f7080,218005130,Commune de Mesnil-Saint-Nicaise (80),false,{80542},Commune,2026-03-24 14:42:09.967209+01,gold_establishments_2025,,,,21800513000016,2025,Collectivité Territoriale,Commune,['Somme'],['Hauts-de-France'],COM,{80},{32}
b4b7d91e-8f97-440e-b08b-1dbe15649244,211002316,Commune de Mesnil-Saint-Père (10),false,{10238},Commune,2026-03-24 14:41:53.095366+01,gold_establishments_2025,,,,21100231600019,2025,Collectivité Territoriale,Commune,['Aube'],['Grand Est'],COM,{10},{44}
cf32058b-ffa9-4dbd-bf93-e318cd5a9cd0,211002324,Commune de Mesnil-Sellières (10),false,{10239},Commune,2026-03-24 14:41:53.095366+01,gold_establishments_2025,,,,21100232400013,2025,Collectivité Territoriale,Commune,['Aube'],['Grand Est'],COM,{10},{44}
3419e223-8834-4dd7-857f-f6fa9cc644ab,212704076,Commune de Mesnil-Verclives (27),false,{27407},Commune,2026-03-24 14:41:57.028721+01,gold_establishments_2025,,,,21270407600018,2025,Collectivité Territoriale,Commune,['Eure'],['Normandie'],COM,{27},{28}
937d1886-eb45-45be-b564-e33f3e47a151,218005106,Commune de Mesnil-en-Arrouaise (80),false,{80538},Commune,2026-03-24 14:42:09.967209+01,gold_establishments_2025,,,,21800510600016,2025,Collectivité Territoriale,Commune,['Somme'],['Hauts-de-France'],COM,{80},{32}
94aaf935-d661-4045-a031-17e58d935eeb,200058162,Commune de Mesnil-en-Ouche (27),false,{27049},Commune,2026-03-24 14:41:56.495197+01,gold_establishments_2025,,,,20005816200013,2025,Collectivité Territoriale,Commune,['Eure'],['Normandie'],COM,{27},{28}
7d383be4-724c-4fbf-8a88-a185bf33a56c,211002282,Commune de Mesnil-la-Comtesse (10),false,{10235},Commune,2026-03-24 14:41:53.095366+01,gold_establishments_2025,,,,21100228200013,2025,Collectivité Territoriale,Commune,['Aube'],['Grand Est'],COM,{10},{44}
fea2fbeb-9131-4c0c-a247-ce9c364f3bcd,212704050,Commune de Mesnil-sous-Vienne (27),false,{27405},Commune,2026-03-24 14:41:57.028721+01,gold_establishments_2025,,,,21270405000013,2025,Collectivité Territoriale,Commune,['Eure'],['Normandie'],COM,{27},{28}
becc00a3-2ea8-40cb-b130-27da4c41dae2,212704068,Commune de Mesnil-sur-l'Estrée (27),false,{27406},Commune,2026-03-24 14:41:57.028721+01,gold_establishments_2025,,,,21270406800015,2025,Collectivité Territoriale,Commune,['Eure'],['Normandie'],COM,{27},{28}
54caee93-ef58-4980-b5bc-0dd7e64142a3,200084812,Commune de Mesnils-sur-Iton (27),false,{27198},Commune,2026-03-24 14:41:57.028721+01,gold_establishments_2025,,,,20008481200011,2025,Collectivité Territoriale,Commune,['Eure'],['Normandie'],COM,{27},{28}
4e4c2759-1a27-4e46-af44-af84027df703,217604271,Commune de Mesnières-en-Bray (76),false,{76427},Commune,2026-03-24 14:42:08.818969+01,gold_establishments_2025,,,,21760427100015,2025,Collectivité Territoriale,Commune,['Seine-Maritime'],['Normandie'],COM,{76},{28}
7b565cf7-5d28-493b-93a8-e33e09e301cf,213903263,Commune de Mesnois (39),false,{39326},Commune,2026-03-24 14:41:59.705606+01,gold_establishments_2025,,,,21390326300019,2025,Collectivité Territoriale,Commune,['Jura'],['Bourgogne-Franche-Comté'],COM,{39},{27}
6bd9770f-4ffa-4c04-b2b4-33a4c5356e36,212901482,Commune de Mespaul (29),false,{29148},Commune,2026-03-24 14:41:57.028721+01,gold_establishments_2025,,,,21290148200019,2025,Collectivité Territoriale,Commune,['Finistère'],['Bretagne'],COM,{29},{53}
b5fbd60e-5388-45e8-b868-a16f6b073c9b,210301727,Commune de Mesples (03),false,{03172},Commune,2026-03-24 14:41:52.020251+01,gold_establishments_2025,,,,21030172700017,2025,Collectivité Territoriale,Commune,['Allier'],['Auvergne-Rhône-Alpes'],COM,{03},{84}
8430e65f-69d3-4617-af9d-335a4bc4da1e,216403824,Commune de Mesplède (64),false,{64382},Commune,2026-03-24 14:42:06.665412+01,gold_establishments_2025,,,,21640382400016,2025,Collectivité Territoriale,Commune,['Pyrénées-Atlantiques'],['Nouvelle-Aquitaine'],COM,{64},{75}
8f625d7d-ff68-41d6-9d0a-d0b37c7a4b2f,219103991,Commune de Mespuits (91),false,{91399},Commune,2026-03-24 14:42:11.659493+01,gold_establishments_2025,,,,21910399100010,2025,Collectivité Territoriale,Commune,['Essonne'],['Île-de-France'],COM,{91},{11}
93fa3b7f-b988-445d-9575-4dd129975083,214400970,Commune de Mesquer (44),false,{44097},Commune,2026-03-24 14:42:00.273698+01,gold_establishments_2025,,,,21440097000015,2025,Collectivité Territoriale,Commune,['Loire-Atlantique'],['Pays de la Loire'],COM,{44},{52}
81cd3e63-0311-4582-8d90-91c4991803d9,211702311,Commune de Messac (17),false,{17231},Commune,2026-03-24 14:41:54.903238+01,gold_establishments_2025,,,,21170231100013,2025,Collectivité Territoriale,Commune,['Charente-Maritime'],['Nouvelle-Aquitaine'],COM,{17},{75}
10e167f2-138e-485f-94b3-3acae9d3dbda,212104079,Commune de Messanges (21),false,{21407},Commune,2026-03-24 14:41:55.433389+01,gold_establishments_2025,,,,21210407900018,2025,Collectivité Territoriale,Commune,"[""Côte-d'Or""]",['Bourgogne-Franche-Comté'],COM,{21},{27}
2ef56c68-5a8b-47ef-97b0-cd6b042d0cfe,214001810,Commune de Messanges (40),false,{40181},Commune,2026-03-24 14:41:59.705606+01,gold_establishments_2025,,,,21400181000016,2025,Collectivité Territoriale,Commune,['Landes'],['Nouvelle-Aquitaine'],COM,{40},{75}
3432bced-0e90-4e84-8dd0-c4338aaa269d,214502023,Commune de Messas (45),false,{45202},Commune,2026-03-24 14:42:00.862623+01,gold_establishments_2025,,,,21450202300010,2025,Collectivité Territoriale,Commune,['Loiret'],['Centre-Val de Loire'],COM,{45},{24}
e7558091-8901-47b3-90b2-4f52c916e8d2,216102780,Commune de Messei (61),false,{61278},Commune,2026-03-24 14:42:05.597325+01,gold_establishments_2025,,,,21610278000014,2025,Collectivité Territoriale,Commune,['Orne'],['Normandie'],COM,{61},{28}
921dac2b-6fd8-4855-bd64-101279875a53,215403668,Commune de Messein (54),false,{54366},Commune,2026-03-24 14:42:02.957225+01,gold_establishments_2025,,,,21540366800019,2025,Collectivité Territoriale,Commune,['Meurthe-et-Moselle'],['Grand Est'],COM,{54},{44}
7a19bc5c-3734-4df1-9370-fe7ce4c2910f,216302257,Commune de Messeix (63),false,{63225},Commune,2026-03-24 14:42:06.130387+01,gold_establishments_2025,,,,21630225700011,2025,Collectivité Territoriale,Commune,['Puy-de-Dôme'],['Auvergne-Rhône-Alpes'],COM,{63},{84}
e6a554d2-94d4-4b11-ab3f-3cee4b982959,218601565,Commune de Messemé (86),false,{86156},Commune,2026-03-24 14:42:10.508772+01,gold_establishments_2025,,,,21860156500011,2025,Collectivité Territoriale,Commune,['Vienne'],['Nouvelle-Aquitaine'],COM,{86},{75}
4d1ad7d2-90ad-45ee-8cc9-44cc748406e4,217401801,Commune de Messery (74),false,{74180},Commune,2026-03-24 14:42:08.818969+01,gold_establishments_2025,,,,21740180100014,2025,Collectivité Territoriale,Commune,['Haute-Savoie'],['Auvergne-Rhône-Alpes'],COM,{74},{84}
0db42cbd-1fad-4336-ba18-56171771e84d,217102961,Commune de Messey-sur-Grosne (71),false,{71296},Commune,2026-03-24 14:42:07.735343+01,gold_establishments_2025,,,,21710296100018,2025,Collectivité Territoriale,Commune,['Saône-et-Loire'],['Bourgogne-Franche-Comté'],COM,{71},{27}
770db874-08a5-41d2-ab2e-2f908b24192b,213903271,Commune de Messia-sur-Sorne (39),false,{39327},Commune,2026-03-24 14:41:59.705606+01,gold_establishments_2025,,,,21390327100012,2025,Collectivité Territoriale,Commune,['Jura'],['Bourgogne-Franche-Comté'],COM,{39},{27}
dbb175aa-3fe5-4eac-8bb4-5c9f6113f063,212104087,Commune de Messigny-et-Vantoux (21),false,{21408},Commune,2026-03-24 14:41:55.433389+01,gold_establishments_2025,,,,21210408700011,2025,Collectivité Territoriale,Commune,"[""Côte-d'Or""]",['Bourgogne-Franche-Comté'],COM,{21},{27}
c69d1c7d-5f17-4956-b593-dd7a6d2e035a,216901314,Commune de Messimy (69),false,{69131},Commune,2026-03-24 14:42:07.195692+01,gold_establishments_2025,,,,21690131400015,2025,Collectivité Territoriale,Commune,['Rhône'],['Auvergne-Rhône-Alpes'],COM,{69},{84}
aec365f5-39ab-4e94-b32a-a3f23767dc8b,210102430,Commune de Messimy-sur-Saône (01),false,{01243},Commune,2026-03-24 14:41:51.447482+01,gold_establishments_2025,,,,21010243000019,2025,Collectivité Territoriale,Commune,['Ain'],['Auvergne-Rhône-Alpes'],COM,{01},{84}
cd2d036d-8912-4cc3-9418-37ecfeae0e77,210802609,Commune de Messincourt (08),false,{08289},Commune,2026-03-24 14:41:53.095366+01,gold_establishments_2025,,,,21080260900011,2025,Collectivité Territoriale,Commune,['Ardennes'],['Grand Est'],COM,{08},{44}
1d8eabf1-6cad-40bc-bffd-90c48464f107,211002332,Commune de Messon (10),false,{10240},Commune,2026-03-24 14:41:53.095366+01,gold_establishments_2025,,,,21100233200016,2025,Collectivité Territoriale,Commune,['Aube'],['Grand Est'],COM,{10},{44}
1016b9ed-cea5-4441-bff4-4eb90b2d6eb4,217702927,Commune de Messy (77),false,{77292},Commune,2026-03-24 14:42:09.43682+01,gold_establishments_2025,,,,21770292700013,2025,Collectivité Territoriale,Commune,['Seine-et-Marne'],['Île-de-France'],COM,{77},{11}
cb5adc22-af76-43ba-851e-e98373f312b7,217901776,Commune de Messé (79),false,{79177},Commune,2026-03-24 14:42:09.43682+01,gold_establishments_2025,,,,21790177600013,2025,Collectivité Territoriale,Commune,['Deux-Sèvres'],['Nouvelle-Aquitaine'],COM,{79},{75}
54f0cab5-fbff-4530-bd96-54c6c0cad124,213302839,Commune de Mesterrieux (33),false,{33283},Commune,2026-03-24 14:41:58.620411+01,gold_establishments_2025,,,,21330283900013,2025,Collectivité Territoriale,Commune,['Gironde'],['Nouvelle-Aquitaine'],COM,{33},{75}
f9b8d7cf-5424-49c3-9cfc-f773e7f975a8,211913504,Commune de Mestes (19),false,{19135},Commune,2026-03-24 14:41:54.903238+01,gold_establishments_2025,,,,21191350400018,2025,Collectivité Territoriale,Commune,['Corrèze'],['Nouvelle-Aquitaine'],COM,{19},{75}
c1c75c6d-c9ef-4dce-8599-11fce35bd4c7,215801648,Commune de Mesves-sur-Loire (58),false,{58164},Commune,2026-03-24 14:42:04.280096+01,gold_establishments_2025,,,,21580164800019,2025,Collectivité Territoriale,Commune,['Nièvre'],['Bourgogne-Franche-Comté'],COM,{58},{27}
a6658b12-0f1b-48ef-8265-8135fe8cec46,217102979,Commune de Mesvres (71),false,{71297},Commune,2026-03-24 14:42:07.735343+01,gold_establishments_2025,,,,21710297900010,2025,Collectivité Territoriale,Commune,['Saône-et-Loire'],['Bourgogne-Franche-Comté'],COM,{71},{27}
b6748803-1380-4ec1-8a11-1cf5bc9a0197,215704628,Commune de Metting (57),false,{57462},Commune,2026-03-24 14:42:03.701372+01,gold_establishments_2025,,,,21570462800019,2025,Collectivité Territoriale,Commune,['Moselle'],['Grand Est'],COM,{57},{44}
7bdec31c-3493-40b2-9e6f-4a04d9cc1158,213701527,Commune de Mettray (37),false,{37152},Commune,2026-03-24 14:41:59.160244+01,gold_establishments_2025,,,,21370152700011,2025,Collectivité Territoriale,Commune,['Indre-et-Loire'],['Centre-Val de Loire'],COM,{37},{24}
36ddcac7-3d6c-4b21-b957-db1382bcc9af,215704636,Commune de Metz (57),false,{57463},Commune,2026-03-24 14:42:03.701372+01,gold_establishments_2025,,,,21570463600012,2025,Collectivité Territoriale,Commune,['Moselle'],['Grand Est'],COM,{57},{44}
367ec632-3265-4504-9fca-ef5c10db7b27,211002340,Commune de Metz-Robert (10),false,{10241},Commune,2026-03-24 14:41:53.095366+01,gold_establishments_2025,,,,21100234000019,2025,Collectivité Territoriale,Commune,['Aube'],['Grand Est'],COM,{10},{44}
d86155d0-884d-41ed-9889-e16d16a82769,216205724,Commune de Metz-en-Couture (62),false,{62572},Commune,2026-03-24 14:42:05.597325+01,gold_establishments_2025,,,,21620572400018,2025,Collectivité Territoriale,Commune,['Pas-de-Calais'],['Hauts-de-France'],COM,{62},{32}
63745478-0f6d-45b6-b445-a499d54dcf25,215801655,Commune de Metz-le-Comte (58),false,{58165},Commune,2026-03-24 14:42:04.280096+01,gold_establishments_2025,,,,21580165500014,2025,Collectivité Territoriale,Commune,['Nièvre'],['Bourgogne-Franche-Comté'],COM,{58},{27}
4859163d-8837-46ee-8b4c-a7c3dee2b551,216802041,Commune de Metzeral (68),false,{68204},Commune,2026-03-24 14:42:07.195692+01,gold_establishments_2025,,,,21680204100014,2025,Collectivité Territoriale,Commune,['Haut-Rhin'],['Grand Est'],COM,{68},{44}
0bdfcae8-79d4-440b-8b33-b792cc12a471,215704644,Commune de Metzeresche (57),false,{57464},Commune,2026-03-24 14:42:03.701372+01,gold_establishments_2025,,,,21570464400016,2025,Collectivité Territoriale,Commune,['Moselle'],['Grand Est'],COM,{57},{44}
115bcae4-d55a-4c2d-8397-fb8b03a1fa0f,215704651,Commune de Metzervisse (57),false,{57465},Commune,2026-03-24 14:42:03.701372+01,gold_establishments_2025,,,,21570465100011,2025,Collectivité Territoriale,Commune,['Moselle'],['Grand Est'],COM,{57},{44}
e35e8a02-9333-4ee9-bb35-551699d8c5aa,215704669,Commune de Metzing (57),false,{57466},Commune,2026-03-24 14:42:03.701372+01,gold_establishments_2025,,,,21570466900013,2025,Collectivité Territoriale,Commune,['Moselle'],['Grand Est'],COM,{57},{44}
b554ee86-2d96-4532-8891-0bfeb9e496ea,215601329,Commune de Meucon (56),false,{56132},Commune,2026-03-24 14:42:03.701372+01,gold_establishments_2025,,,,21560132900018,2025,Collectivité Territoriale,Commune,['Morbihan'],['Bretagne'],COM,{56},{53}
c0f53cb2-b2a3-48a5-bdf7-bf3619390c46,219200482,Commune de Meudon (92),false,{92048},Commune,2026-03-24 14:42:11.659493+01,gold_establishments_2025,,,,21920048200012,2025,Collectivité Territoriale,Commune,['Hauts-de-Seine'],['Île-de-France'],COM,{92},{11}
b6d1188a-f5a9-445a-b334-e87ad3a5a206,212104095,Commune de Meuilley (21),false,{21409},Commune,2026-03-24 14:41:55.433389+01,gold_establishments_2025,,,,21210409500014,2025,Collectivité Territoriale,Commune,"[""Côte-d'Or""]",['Bourgogne-Franche-Comté'],COM,{21},{27}
f178865b-b577-4fc2-96fa-3dfa212a5b13,217804012,Commune de Meulan-en-Yvelines (78),false,{78401},Commune,2026-03-24 14:42:09.43682+01,gold_establishments_2025,,,,21780401200011,2025,Collectivité Territoriale,Commune,['Yvelines'],['Île-de-France'],COM,{78},{11}
cc724f8c-c575-4293-8389-bf6468093f4b,217604370,Commune de Meulers (76),false,{76437},Commune,2026-03-24 14:42:08.818969+01,gold_establishments_2025,,,,21760437000015,2025,Collectivité Territoriale,Commune,['Seine-Maritime'],['Normandie'],COM,{76},{28}
49c72fc0-3517-4c08-8a34-5b5be8604340,212104103,Commune de Meulson (21),false,{21410},Commune,2026-03-24 14:41:55.433389+01,gold_establishments_2025,,,,21210410300016,2025,Collectivité Territoriale,Commune,"[""Côte-d'Or""]",['Bourgogne-Franche-Comté'],COM,{21},{27}
7de83481-04ed-4f3a-aa96-b0a589245d7d,213601214,Commune de Meunet-Planches (36),false,{36121},Commune,2026-03-24 14:41:59.160244+01,gold_establishments_2025,,,,21360121400017,2025,Collectivité Territoriale,Commune,['Indre'],['Centre-Val de Loire'],COM,{36},{24}
976cb7e4-ec17-4c93-8f2c-8c75c3e116b6,213601222,Commune de Meunet-sur-Vatan (36),false,{36122},Commune,2026-03-24 14:41:59.160244+01,gold_establishments_2025,,,,21360122200010,2025,Collectivité Territoriale,Commune,['Indre'],['Centre-Val de Loire'],COM,{36},{24}
de627747-378e-4634-bdb4-20b89fd7a1e3,214502031,Commune de Meung-sur-Loire (45),false,{45203},Commune,2026-03-24 14:42:00.862623+01,gold_establishments_2025,,,,21450203100013,2025,Collectivité Territoriale,Commune,['Loiret'],['Centre-Val de Loire'],COM,{45},{24}
937a4e2d-a70b-486b-add0-c4d5f84c999e,216205732,Commune de Meurchin (62),false,{62573},Commune,2026-03-24 14:42:05.597325+01,gold_establishments_2025,,,,21620573200011,2025,Collectivité Territoriale,Commune,['Pas-de-Calais'],['Hauts-de-France'],COM,{62},{32}
708cf5f8-9769-456e-91e1-8f1805b1b67e,217003441,Commune de Meurcourt (70),false,{70344},Commune,2026-03-24 14:42:07.735343+01,gold_establishments_2025,,,,21700344100011,2025,Collectivité Territoriale,Commune,['Haute-Saône'],['Bourgogne-Franche-Comté'],COM,{70},{27}
10a821ba-955a-493b-a418-f9967c38c2bc,217201946,Commune de Meurcé (72),false,{72194},Commune,2026-03-24 14:42:08.279287+01,gold_establishments_2025,,,,21720194600019,2025,Collectivité Territoriale,Commune,['Sarthe'],['Pays de la Loire'],COM,{72},{52}
a4be8e86-026b-4a9b-a60c-71284c0c2dbf,215202334,Commune de Meures (52),false,{52322},Commune,2026-03-24 14:42:01.954481+01,gold_establishments_2025,,,,21520233400011,2025,Collectivité Territoriale,Commune,['Haute-Marne'],['Grand Est'],COM,{52},{44}
23aad268-f61c-4ab5-98b3-e1cfddaee382,210204590,Commune de Meurival (02),false,{02482},Commune,2026-03-24 14:41:52.020251+01,gold_establishments_2025,,,,21020459000017,2025,Collectivité Territoriale,Commune,['Aisne'],['Hauts-de-France'],COM,{02},{32}
ea687420-e56d-4d48-87c8-76fefa695f40,211702329,Commune de Meursac (17),false,{17232},Commune,2026-03-24 14:41:54.903238+01,gold_establishments_2025,,,,21170232900015,2025,Collectivité Territoriale,Commune,['Charente-Maritime'],['Nouvelle-Aquitaine'],COM,{17},{75}
84aa3c45-bc6a-4bab-b01a-74921bc18820,212104111,Commune de Meursanges (21),false,{21411},Commune,2026-03-24 14:41:55.433389+01,gold_establishments_2025,,,,21210411100019,2025,Collectivité Territoriale,Commune,"[""Côte-d'Or""]",['Bourgogne-Franche-Comté'],COM,{21},{27}
5be78522-e87a-4bcb-9e00-85cc78716175,212104129,Commune de Meursault (21),false,{21412},Commune,2026-03-24 14:41:55.433389+01,gold_establishments_2025,,,,21210412900011,2025,Collectivité Territoriale,Commune,"[""Côte-d'Or""]",['Bourgogne-Franche-Comté'],COM,{21},{27}
4afb8dbc-aecf-4f19-b6a1-3e1943f906a8,211002357,Commune de Meurville (10),false,{10242},Commune,2026-03-24 14:41:53.095366+01,gold_establishments_2025,,,,21100235700013,2025,Collectivité Territoriale,Commune,['Aube'],['Grand Est'],COM,{10},{44}
6fabc0ad-bc5c-420c-9d03-715000b73a39,214101396,Commune de Meusnes (41),false,{41139},Commune,2026-03-24 14:42:00.273698+01,gold_establishments_2025,,,,21410139600015,2025,Collectivité Territoriale,Commune,['Loir-et-Cher'],['Centre-Val de Loire'],COM,{41},{24}
aa11d892-cbfb-41a9-847e-032ff0ba7ce1,213903289,Commune de Meussia (39),false,{39328},Commune,2026-03-24 14:41:59.705606+01,gold_establishments_2025,,,,21390328900014,2025,Collectivité Territoriale,Commune,['Jura'],['Bourgogne-Franche-Comté'],COM,{39},{27}
efd88cba-af7d-49bf-aabc-b5c90d1fc231,211404306,Commune de Meuvaines (14),false,{14430},Commune,2026-03-24 14:41:54.362296+01,gold_establishments_2025,,,,21140430600014,2025,Collectivité Territoriale,Commune,['Calvados'],['Normandie'],COM,{14},{28}
f4786f4c-5f12-4218-bb96-3288fcf27f2e,211702337,Commune de Meux (17),false,{17233},Commune,2026-03-24 14:41:54.903238+01,gold_establishments_2025,,,,21170233700018,2025,Collectivité Territoriale,Commune,['Charente-Maritime'],['Nouvelle-Aquitaine'],COM,{17},{75}
ad5c438d-79a5-4cf1-8e8e-04c0ee55e7e0,218709509,Commune de Meuzac (87),false,{87095},Commune,2026-03-24 14:42:11.118516+01,gold_establishments_2025,,,,21870950900010,2025,Collectivité Territoriale,Commune,['Haute-Vienne'],['Nouvelle-Aquitaine'],COM,{87},{75}
77a56c0f-e62c-415f-8615-f625d640c184,210102448,Commune de Meximieux (01),false,{01244},Commune,2026-03-24 14:41:51.447482+01,gold_establishments_2025,,,,21010244800011,2025,Collectivité Territoriale,Commune,['Ain'],['Auvergne-Rhône-Alpes'],COM,{01},{84}
55c56390-1dc6-4806-ae62-7a61ddac459b,215403676,Commune de Mexy (54),false,{54367},Commune,2026-03-24 14:42:02.957225+01,gold_establishments_2025,,,,21540367600012,2025,Collectivité Territoriale,Commune,['Meurthe-et-Moselle'],['Grand Est'],COM,{54},{44}
2aa307fe-e4f1-40a2-91c4-24b7f00e49eb,215704677,Commune de Mey (57),false,{57467},Commune,2026-03-24 14:42:03.701372+01,gold_establishments_2025,,,,21570467700016,2025,Collectivité Territoriale,Commune,['Moselle'],['Grand Est'],COM,{57},{44}
fc2b1400-d0b9-4736-a608-f384c43dcfa6,216802058,Commune de Meyenheim (68),false,{68205},Commune,2026-03-24 14:42:07.195692+01,gold_establishments_2025,,,,21680205800018,2025,Collectivité Territoriale,Commune,['Haut-Rhin'],['Grand Est'],COM,{68},{44}
b8f4196b-13a9-43ab-bde4-b1f49d9beef3,213802291,Commune de Meylan (38),false,{38229},Commune,2026-03-24 14:41:59.160244+01,gold_establishments_2025,,,,21380229100012,2025,Collectivité Territoriale,Commune,['Isère'],['Auvergne-Rhône-Alpes'],COM,{38},{84}
60746367-176b-4fea-905e-90adab977136,211913603,Commune de Meymac (19),false,{19136},Commune,2026-03-24 14:41:54.903238+01,gold_establishments_2025,,,,21191360300018,2025,Collectivité Territoriale,Commune,['Corrèze'],['Nouvelle-Aquitaine'],COM,{19},{75}
b1021d10-3811-4c66-9c85-c530d20ec370,213001662,Commune de Meynes (30),false,{30166},Commune,2026-03-24 14:41:57.56054+01,gold_establishments_2025,,,,21300166200013,2025,Collectivité Territoriale,Commune,['Gard'],['Occitanie'],COM,{30},{76}
cdf12544-8918-4c57-ad35-588cdcbca42f,212402689,Commune de Meyrals (24),false,{24268},Commune,2026-03-24 14:41:55.958138+01,gold_establishments_2025,,,,21240268900013,2025,Collectivité Territoriale,Commune,['Dordogne'],['Nouvelle-Aquitaine'],COM,{24},{75}
a444925e-ea56-48d0-93c7-e0de43e873e9,213001670,Commune de Meyrannes (30),false,{30167},Commune,2026-03-24 14:41:57.56054+01,gold_establishments_2025,,,,21300167000016,2025,Collectivité Territoriale,Commune,['Gard'],['Occitanie'],COM,{30},{76}
0008abb4-6b2b-4ad4-8e57-24cff57dd571,211300595,Commune de Meyrargues (13),false,{13059},Commune,2026-03-24 14:41:53.63825+01,gold_establishments_2025,,,,21130059500017,2025,Collectivité Territoriale,Commune,['Bouches-du-Rhône'],"[""Provence-Alpes-Côte d'Azur""]",COM,{13},{93}
6941d865-3e8d-492f-97e8-9e0798097366,210701561,Commune de Meyras (07),false,{07156},Commune,2026-03-24 14:41:52.562531+01,gold_establishments_2025,,,,21070156100016,2025,Collectivité Territoriale,Commune,['Ardèche'],['Auvergne-Rhône-Alpes'],COM,{07},{84}
8a168c99-c73c-47f1-9084-8abc8364a7ea,211300603,Commune de Meyreuil (13),false,{13060},Commune,2026-03-24 14:41:53.63825+01,gold_establishments_2025,,,,21130060300019,2025,Collectivité Territoriale,Commune,['Bouches-du-Rhône'],"[""Provence-Alpes-Côte d'Azur""]",COM,{13},{93}
b8142d58-d1fe-4ce0-bd92-a8e0af47b46f,213802317,Commune de Meyrieu-les-Étangs (38),false,{38231},Commune,2026-03-24 14:41:59.160244+01,gold_establishments_2025,,,,21380231700015,2025,Collectivité Territoriale,Commune,['Isère'],['Auvergne-Rhône-Alpes'],COM,{38},{84}
da45f5d7-6770-47ca-90d7-e458cf72cfe3,217301563,Commune de Meyrieux-Trouet (73),false,{73156},Commune,2026-03-24 14:42:08.279287+01,gold_establishments_2025,,,,21730156300011,2025,Collectivité Territoriale,Commune,['Savoie'],['Auvergne-Rhône-Alpes'],COM,{73},{84}
4c761ddf-67df-4933-aa4a-e58592ddb699,211913702,Commune de Meyrignac-l'Église (19),false,{19137},Commune,2026-03-24 14:41:54.903238+01,gold_establishments_2025,,,,21191370200018,2025,Collectivité Territoriale,Commune,['Corrèze'],['Nouvelle-Aquitaine'],COM,{19},{75}
e8638e7e-5541-4388-8fe9-4776a35cdcb8,213802309,Commune de Meyrié (38),false,{38230},Commune,2026-03-24 14:41:59.160244+01,gold_establishments_2025,,,,21380230900012,2025,Collectivité Territoriale,Commune,['Isère'],['Auvergne-Rhône-Alpes'],COM,{38},{84}
e5ea795a-4946-4156-8c09-7047b13e0823,214601924,Commune de Meyronne (46),false,{46192},Commune,2026-03-24 14:42:00.862623+01,gold_establishments_2025,,,,21460192400019,2025,Collectivité Territoriale,Commune,['Lot'],['Occitanie'],COM,{46},{76}
46901ea9-16eb-4541-9232-5ab924cd8f6e,214800963,Commune de Meyrueis (48),false,{48096},Commune,2026-03-24 14:42:01.412377+01,gold_establishments_2025,,,,21480096300016,2025,Collectivité Territoriale,Commune,['Lozère'],['Occitanie'],COM,{48},{76}
2e8c9c90-9d80-4339-b7f6-c491060a4ac4,216901322,Commune de Meys (69),false,{69132},Commune,2026-03-24 14:42:07.195692+01,gold_establishments_2025,,,,21690132200018,2025,Collectivité Territoriale,Commune,['Rhône'],['Auvergne-Rhône-Alpes'],COM,{69},{84}
c572fda5-4bd4-43e2-9aa8-a3d4ce9abc25,211913801,Commune de Meyssac (19),false,{19138},Commune,2026-03-24 14:41:54.903238+01,gold_establishments_2025,,,,21191380100018,2025,Collectivité Territoriale,Commune,['Corrèze'],['Nouvelle-Aquitaine'],COM,{19},{75}
20b6ca14-73be-4cb0-a85b-f631ecffee88,210701579,Commune de Meysse (07),false,{07157},Commune,2026-03-24 14:41:52.562531+01,gold_establishments_2025,,,,21070157900018,2025,Collectivité Territoriale,Commune,['Ardèche'],['Auvergne-Rhône-Alpes'],COM,{07},{84}
3baf0659-d3dc-430a-94f7-8cac0204d02e,213802325,Commune de Meyssiez (38),false,{38232},Commune,2026-03-24 14:41:59.160244+01,gold_establishments_2025,,,,21380232500018,2025,Collectivité Territoriale,Commune,['Isère'],['Auvergne-Rhône-Alpes'],COM,{38},{84}
afef5081-a30b-43ff-9307-0df47b6c6383,216902825,Commune de Meyzieu (69),false,{69282},Commune,2026-03-24 14:42:07.735343+01,gold_establishments_2025,,,,21690282500019,2025,Collectivité Territoriale,Commune,['Rhône'],['Auvergne-Rhône-Alpes'],COM,{69},{84}
275106e0-9b96-47c8-9079-efffd220a06c,215801663,Commune de Mhère (58),false,{58166},Commune,2026-03-24 14:42:04.280096+01,gold_establishments_2025,,,,21580166300018,2025,Collectivité Territoriale,Commune,['Nièvre'],['Bourgogne-Franche-Comté'],COM,{58},{27}
113b3e21-feb8-4feb-908d-56a1db958d3d,212402697,Commune de Mialet (24),false,{24269},Commune,2026-03-24 14:41:55.958138+01,gold_establishments_2025,,,,21240269700016,2025,Collectivité Territoriale,Commune,['Dordogne'],['Nouvelle-Aquitaine'],COM,{24},{75}
41f8223c-6ad5-45f1-89ec-667e79a1524f,213001688,Commune de Mialet (30),false,{30168},Commune,2026-03-24 14:41:57.56054+01,gold_establishments_2025,,,,21300168800018,2025,Collectivité Territoriale,Commune,['Gard'],['Occitanie'],COM,{30},{76}
c7425059-0a74-4b3b-85a6-090d948f7ce2,216403832,Commune de Mialos (64),false,{64383},Commune,2026-03-24 14:42:06.665412+01,gold_establishments_2025,,,,21640383200019,2025,Collectivité Territoriale,Commune,['Pyrénées-Atlantiques'],['Nouvelle-Aquitaine'],COM,{64},{75}
a1a21d1e-1865-4ce6-8282-81ca76006796,218005171,Commune de Miannay (80),false,{80546},Commune,2026-03-24 14:42:09.967209+01,gold_establishments_2025,,,,21800517100010,2025,Collectivité Territoriale,Commune,['Somme'],['Hauts-de-France'],COM,{80},{32}
b601dd5a-6d80-4c27-b9c7-78230fcdeeb4,216802074,Commune de Michelbach-le-Bas (68),false,{68207},Commune,2026-03-24 14:42:07.195692+01,gold_establishments_2025,,,,21680207400015,2025,Collectivité Territoriale,Commune,['Haut-Rhin'],['Grand Est'],COM,{68},{44}
630554ac-ff2f-44ec-a361-a192cbff5c32,216802082,Commune de Michelbach-le-Haut (68),false,{68208},Commune,2026-03-24 14:42:07.195692+01,gold_establishments_2025,,,,21680208200018,2025,Collectivité Territoriale,Commune,['Haut-Rhin'],['Grand Est'],COM,{68},{44}
9e4cb365-4c84-48df-8d44-aee8d76ce94b,218902559,Commune de Michery (89),false,{89255},Commune,2026-03-24 14:42:11.118516+01,gold_establishments_2025,,,,21890255900010,2025,Collectivité Territoriale,Commune,['Yonne'],['Bourgogne-Franche-Comté'],COM,{89},{27}
3896865b-8a4a-4560-95ef-63118c45a8b4,218803039,Commune de Midrevaux (88),false,{88303},Commune,2026-03-24 14:42:11.118516+01,gold_establishments_2025,,,,21880303900013,2025,Collectivité Territoriale,Commune,['Vosges'],['Grand Est'],COM,{88},{44}
c03b5838-b5f0-418d-b505-1aee2c7a57e3,212802524,Commune de Miermaigne (28),false,{28252},Commune,2026-03-24 14:41:57.028721+01,gold_establishments_2025,,,,21280252400018,2025,Collectivité Territoriale,Commune,['Eure-et-Loir'],['Centre-Val de Loire'],COM,{28},{24}
df3196cb-8777-4db4-a1fb-2d1f8bcc8848,214601932,Commune de Miers (46),false,{46193},Commune,2026-03-24 14:42:00.862623+01,gold_establishments_2025,,,,21460193200012,2025,Collectivité Territoriale,Commune,['Lot'],['Occitanie'],COM,{46},{76}
ac4d3c9f-7888-4071-9245-76fa729fc992,216702928,Commune de Mietesheim (67),false,{67292},Commune,2026-03-24 14:42:07.195692+01,gold_establishments_2025,,,,21670292800013,2025,Collectivité Territoriale,Commune,['Bas-Rhin'],['Grand Est'],COM,{67},{44}
571d72a4-b831-4309-b2b4-a6976a16d9f1,217401835,Commune de Mieussy (74),false,{74183},Commune,2026-03-24 14:42:08.818969+01,gold_establishments_2025,,,,21740183500012,2025,Collectivité Territoriale,Commune,['Haute-Savoie'],['Auvergne-Rhône-Alpes'],COM,{74},{84}
f04e6151-3275-4708-ae19-afd9cc4430f0,216102798,Commune de Mieuxcé (61),false,{61279},Commune,2026-03-24 14:42:05.597325+01,gold_establishments_2025,,,,21610279800016,2025,Collectivité Territoriale,Commune,['Orne'],['Normandie'],COM,{61},{28}
cdcb5e4f-517f-42d3-ae02-f7e7158c0009,218902575,Commune de Migennes (89),false,{89257},Commune,2026-03-24 14:42:11.118516+01,gold_establishments_2025,,,,21890257500016,2025,Collectivité Territoriale,Commune,['Yonne'],['Bourgogne-Franche-Comté'],COM,{89},{27}
5b81ee33-a538-49d3-834a-19725c1bbc04,210901922,Commune de Miglos (09),false,{09192},Commune,2026-03-24 14:41:53.095366+01,gold_establishments_2025,,,,21090192200018,2025,Collectivité Territoriale,Commune,['Ariège'],['Occitanie'],COM,{09},{76}
bf17ff45-08f9-489a-8ea7-df499bdd3098,218601573,Commune de Mignaloux-Beauvoir (86),false,{86157},Commune,2026-03-24 14:42:10.508772+01,gold_establishments_2025,,,,21860157300015,2025,Collectivité Territoriale,Commune,['Vienne'],['Nouvelle-Aquitaine'],COM,{86},{75}
6a867f3f-9c7d-46b0-997f-427261b68060,217003474,Commune de Mignavillers (70),false,{70347},Commune,2026-03-24 14:42:07.735343+01,gold_establishments_2025,,,,21700347400012,2025,Collectivité Territoriale,Commune,['Haute-Saône'],['Bourgogne-Franche-Comté'],COM,{70},{27}
d79793a0-adb7-4361-8345-d0b356c0be88,214502072,Commune de Mignerette (45),false,{45207},Commune,2026-03-24 14:42:00.862623+01,gold_establishments_2025,,,,21450207200017,2025,Collectivité Territoriale,Commune,['Loiret'],['Centre-Val de Loire'],COM,{45},{24}
3b2b5274-8ed0-4882-a825-53911048ba69,212802532,Commune de Mignières (28),false,{28253},Commune,2026-03-24 14:41:57.028721+01,gold_establishments_2025,,,,21280253200052,2025,Collectivité Territoriale,Commune,['Eure-et-Loir'],['Centre-Val de Loire'],COM,{28},{24}
82a9ff10-12cc-4e6b-aa01-534f615cfe31,200057115,Commune de Mignovillard (39),false,{39331},Commune,2026-03-24 14:41:59.705606+01,gold_establishments_2025,,,,20005711500012,2025,Collectivité Territoriale,Commune,['Jura'],['Bourgogne-Franche-Comté'],COM,{39},{27}
dd7925ac-a1ba-4556-8e94-6d97af41fb29,213601255,Commune de Migny (36),false,{36125},Commune,2026-03-24 14:41:59.160244+01,gold_establishments_2025,,,,21360125500010,2025,Collectivité Territoriale,Commune,['Indre'],['Centre-Val de Loire'],COM,{36},{24}
8bb260a9-8ad1-4edf-be06-c893b60110c4,214502064,Commune de Mignères (45),false,{45206},Commune,2026-03-24 14:42:00.862623+01,gold_establishments_2025,,,,21450206400014,2025,Collectivité Territoriale,Commune,['Loiret'],['Centre-Val de Loire'],COM,{45},{24}
2f5a9e32-3760-47b7-94dd-3f46facdd663,213601248,Commune de Migné (36),false,{36124},Commune,2026-03-24 14:41:59.160244+01,gold_establishments_2025,,,,21360124800015,2025,Collectivité Territoriale,Commune,['Indre'],['Centre-Val de Loire'],COM,{36},{24}
be22dc92-08cf-45f4-9280-f8829470b9f2,218601581,Commune de Migné-Auxances (86),false,{86158},Commune,2026-03-24 14:42:10.508772+01,gold_establishments_2025,,,,21860158100018,2025,Collectivité Territoriale,Commune,['Vienne'],['Nouvelle-Aquitaine'],COM,{86},{75}
6c723462-1cf6-4366-aba4-48e729171e2f,215403684,Commune de Mignéville (54),false,{54368},Commune,2026-03-24 14:42:02.957225+01,gold_establishments_2025,,,,21540368400016,2025,Collectivité Territoriale,Commune,['Meurthe-et-Moselle'],['Grand Est'],COM,{54},{44}
0217e94f-4b88-4d35-a135-1aba42bdf12e,211702352,Commune de Migron (17),false,{17235},Commune,2026-03-24 14:41:54.903238+01,gold_establishments_2025,,,,21170235200017,2025,Collectivité Territoriale,Commune,['Charente-Maritime'],['Nouvelle-Aquitaine'],COM,{17},{75}
8cea09d1-ed8d-4d0c-818d-289b0b54b08b,211702345,Commune de Migré (17),false,{17234},Commune,2026-03-24 14:41:54.903238+01,gold_establishments_2025,,,,21170234500011,2025,Collectivité Territoriale,Commune,['Charente-Maritime'],['Nouvelle-Aquitaine'],COM,{17},{75}
84bd79dc-d405-4695-b8fc-7fbfb33e12fb,218902567,Commune de Migé (89),false,{89256},Commune,2026-03-24 14:42:11.118516+01,gold_establishments_2025,,,,21890256700013,2025,Collectivité Territoriale,Commune,['Yonne'],['Bourgogne-Franche-Comté'],COM,{89},{27}
5360c6b3-ae87-4c71-a1e3-7ca5886f8048,210901930,Commune de Mijanès (09),false,{09193},Commune,2026-03-24 14:41:53.095366+01,gold_establishments_2025,,,,21090193000011,2025,Collectivité Territoriale,Commune,['Ariège'],['Occitanie'],COM,{09},{76}
772f2f2c-ec5f-44ee-a225-8273cafebc2e,210102471,Commune de Mijoux (01),false,{01247},Commune,2026-03-24 14:41:51.447482+01,gold_establishments_2025,,,,21010247100013,2025,Collectivité Territoriale,Commune,['Ain'],['Auvergne-Rhône-Alpes'],COM,{01},{84}
753c6c53-a2c7-42c0-8a0b-721dfe0953c2,214601940,Commune de Milhac (46),false,{46194},Commune,2026-03-24 14:42:00.862623+01,gold_establishments_2025,,,,21460194000015,2025,Collectivité Territoriale,Commune,['Lot'],['Occitanie'],COM,{46},{76}
6b09fbdc-5810-4c53-a888-2bc035ae7686,212402713,Commune de Milhac-de-Nontron (24),false,{24271},Commune,2026-03-24 14:41:55.958138+01,gold_establishments_2025,,,,21240271300011,2025,Collectivité Territoriale,Commune,['Dordogne'],['Nouvelle-Aquitaine'],COM,{24},{75}
867f421d-903f-4310-bfd1-fa6e313f7567,218101657,Commune de Milhars (81),false,{81165},Commune,2026-03-24 14:42:09.967209+01,gold_establishments_2025,,,,21810165700011,2025,Collectivité Territoriale,Commune,['Tarn'],['Occitanie'],COM,{81},{76}
70917539-c9fc-4921-8dec-ad39bf0a41ec,213103427,Commune de Milhas (31),false,{31342},Commune,2026-03-24 14:41:58.09424+01,gold_establishments_2025,,,,21310342700018,2025,Collectivité Territoriale,Commune,['Haute-Garonne'],['Occitanie'],COM,{31},{76}
28e9a2ff-24b0-45a6-9496-6107334335f9,213001696,Commune de Milhaud (30),false,{30169},Commune,2026-03-24 14:41:57.56054+01,gold_establishments_2025,,,,21300169600011,2025,Collectivité Territoriale,Commune,['Gard'],['Occitanie'],COM,{30},{76}
a6735d41-cfdc-4ac5-a796-66297d650c40,218101665,Commune de Milhavet (81),false,{81166},Commune,2026-03-24 14:42:09.967209+01,gold_establishments_2025,,,,21810166500014,2025,Collectivité Territoriale,Commune,['Tarn'],['Occitanie'],COM,{81},{76}
036638d7-23fd-4ac8-833d-eff01ea3b040,200062974,Commune de Milizac-Guipronvel (29),false,{29076},Commune,2026-03-24 14:41:57.028721+01,gold_establishments_2025,,,,20006297400015,2025,Collectivité Territoriale,Commune,['Finistère'],['Bretagne'],COM,{29},{53}
293cfb35-a39e-406c-930a-ba8f8721c4b2,218601599,Commune de Millac (86),false,{86159},Commune,2026-03-24 14:42:10.508772+01,gold_establishments_2025,,,,21860159900010,2025,Collectivité Territoriale,Commune,['Vienne'],['Nouvelle-Aquitaine'],COM,{86},{75}
6b992041-8d73-4f81-8e2d-37bc0d80ef7f,215904020,Commune de Millam (59),false,{59402},Commune,2026-03-24 14:42:04.280096+01,gold_establishments_2025,,,,21590402000017,2025,Collectivité Territoriale,Commune,['Nord'],['Hauts-de-France'],COM,{59},{32}
1945f9bd-843f-4220-a67b-c63d000cf588,214101404,Commune de Millançay (41),false,{41140},Commune,2026-03-24 14:42:00.273698+01,gold_establishments_2025,,,,21410140400017,2025,Collectivité Territoriale,Commune,['Loir-et-Cher'],['Centre-Val de Loire'],COM,{41},{24}
60944469-d220-49cc-afaa-a94ae97006ba,216601088,Commune de Millas (66),false,{66108},Commune,2026-03-24 14:42:06.665412+01,gold_establishments_2025,,,,21660108800018,2025,Collectivité Territoriale,Commune,['Pyrénées-Orientales'],['Occitanie'],COM,{66},{76}
88ff8414-4ea3-419d-9d12-76751d456b9a,211201454,Commune de Millau (12),false,{12145},Commune,2026-03-24 14:41:53.63825+01,gold_establishments_2025,,,,21120145400017,2025,Collectivité Territoriale,Commune,['Aveyron'],['Occitanie'],COM,{12},{76}
7d9c797f-bc09-407c-aa3e-ca53df935214,215801689,Commune de Millay (58),false,{58168},Commune,2026-03-24 14:42:04.280096+01,gold_establishments_2025,,,,21580168900013,2025,Collectivité Territoriale,Commune,['Nièvre'],['Bourgogne-Franche-Comté'],COM,{58},{27}
b428f0e5-f32c-4428-b43c-84290b929c99,217604388,Commune de Millebosc (76),false,{76438},Commune,2026-03-24 14:42:08.818969+01,gold_establishments_2025,,,,21760438800017,2025,Collectivité Territoriale,Commune,['Seine-Maritime'],['Normandie'],COM,{76},{28}
911ec5bf-a24a-42a7-9446-2aa37a6fdf1a,217804046,Commune de Millemont (78),false,{78404},Commune,2026-03-24 14:42:09.43682+01,gold_establishments_2025,,,,21780404600019,2025,Collectivité Territoriale,Commune,['Yvelines'],['Île-de-France'],COM,{78},{11}
22aec919-8399-4aee-a8a4-6b4208d045a4,218005189,Commune de Millencourt (80),false,{80547},Commune,2026-03-24 14:42:09.967209+01,gold_establishments_2025,,,,21800518900012,2025,Collectivité Territoriale,Commune,['Somme'],['Hauts-de-France'],COM,{80},{32}
341c2057-d1c1-4e7a-add6-caf885fce1ae,218005197,Commune de Millencourt-en-Ponthieu (80),false,{80548},Commune,2026-03-24 14:42:09.967209+01,gold_establishments_2025,,,,21800519700015,2025,Collectivité Territoriale,Commune,['Somme'],['Hauts-de-France'],COM,{80},{32}
c457d92a-b54f-4b2d-b5b3-ca016cbc80d2,212104137,Commune de Millery (21),false,{21413},Commune,2026-03-24 14:41:55.433389+01,gold_establishments_2025,,,,21210413700014,2025,Collectivité Territoriale,Commune,"[""Côte-d'Or""]",['Bourgogne-Franche-Comté'],COM,{21},{27}
98803334-5568-4238-9b32-671d9cc53663,215403692,Commune de Millery (54),false,{54369},Commune,2026-03-24 14:42:02.957225+01,gold_establishments_2025,,,,21540369200019,2025,Collectivité Territoriale,Commune,['Meurthe-et-Moselle'],['Grand Est'],COM,{54},{44}
4b98e6c8-04e3-46e3-9612-213084a171f2,216901330,Commune de Millery (69),false,{69133},Commune,2026-03-24 14:42:07.195692+01,gold_establishments_2025,,,,21690133000011,2025,Collectivité Territoriale,Commune,['Rhône'],['Auvergne-Rhône-Alpes'],COM,{69},{84}
561911f5-f1c0-4716-aa42-f48ae47fb2ee,211913900,Commune de Millevaches (19),false,{19139},Commune,2026-03-24 14:41:54.903238+01,gold_establishments_2025,,,,21191390000018,2025,Collectivité Territoriale,Commune,['Corrèze'],['Nouvelle-Aquitaine'],COM,{19},{75}
118300d0-c0fd-4d47-a913-be8be9b72b9b,215003286,Commune de Millières (50),false,{50328},Commune,2026-03-24 14:42:01.412377+01,gold_establishments_2025,,,,21500328600014,2025,Collectivité Territoriale,Commune,['Manche'],['Normandie'],COM,{50},{28}
26fb6687-0a6c-4638-8064-94e21bf5b42a,215202342,Commune de Millières (52),false,{52325},Commune,2026-03-24 14:42:01.954481+01,gold_establishments_2025,,,,21520234200014,2025,Collectivité Territoriale,Commune,['Haute-Marne'],['Grand Est'],COM,{52},{44}
677717ed-d8fb-4378-a844-13edc9a6f3d0,215904038,Commune de Millonfosse (59),false,{59403},Commune,2026-03-24 14:42:04.280096+01,gold_establishments_2025,,,,21590403800019,2025,Collectivité Territoriale,Commune,['Nord'],['Hauts-de-France'],COM,{59},{32}
47876379-39fe-49c6-9e18-eb92bbe1ea4b,217102995,Commune de Milly-Lamartine (71),false,{71299},Commune,2026-03-24 14:42:07.735343+01,gold_establishments_2025,,,,21710299500016,2025,Collectivité Territoriale,Commune,['Saône-et-Loire'],['Bourgogne-Franche-Comté'],COM,{71},{27}
4771f61c-e869-40f0-b4b3-99dcfe41ff29,219104056,Commune de Milly-la-Forêt (91),false,{91405},Commune,2026-03-24 14:42:11.659493+01,gold_establishments_2025,,,,21910405600011,2025,Collectivité Territoriale,Commune,['Essonne'],['Île-de-France'],COM,{91},{11}
3e2c2b20-a2f6-461a-8901-122cb3405cac,215503384,Commune de Milly-sur-Bradon (55),false,{55338},Commune,2026-03-24 14:42:03.701372+01,gold_establishments_2025,,,,21550338400012,2025,Collectivité Territoriale,Commune,['Meuse'],['Grand Est'],COM,{55},{44}
78054031-f8e3-46e9-9630-fc66c019269a,216003996,Commune de Milly-sur-Thérain (60),false,{60403},Commune,2026-03-24 14:42:04.814328+01,gold_establishments_2025,,,,21600399600016,2025,Collectivité Territoriale,Commune,['Oise'],['Hauts-de-France'],COM,{60},{32}
cd7020cb-df58-4f4b-8c4c-c9b02ad8027d,217804061,Commune de Milon-la-Chapelle (78),false,{78406},Commune,2026-03-24 14:42:09.43682+01,gold_establishments_2025,,,,21780406100018,2025,Collectivité Territoriale,Commune,['Yvelines'],['Île-de-France'],COM,{78},{11}
729db039-d395-41b1-a040-7136683a8f20,214001836,Commune de Mimbaste (40),false,{40183},Commune,2026-03-24 14:41:59.705606+01,gold_establishments_2025,,,,21400183600011,2025,Collectivité Territoriale,Commune,['Landes'],['Nouvelle-Aquitaine'],COM,{40},{75}
f9d26204-1dbf-4e28-bfa7-b98810c8cf3b,211300629,Commune de Mimet (13),false,{13062},Commune,2026-03-24 14:41:53.63825+01,gold_establishments_2025,,,,21130062900014,2025,Collectivité Territoriale,Commune,['Bouches-du-Rhône'],"[""Provence-Alpes-Côte d'Azur""]",COM,{13},{93}
17b3b68a-885a-4dd9-86cf-4b14964bf775,212104145,Commune de Mimeure (21),false,{21414},Commune,2026-03-24 14:41:55.433389+01,gold_establishments_2025,,,,21210414500017,2025,Collectivité Territoriale,Commune,"[""Côte-d'Or""]",['Bourgogne-Franche-Comté'],COM,{21},{27}
9bdb4b4c-74b9-42c3-8418-30e187a9e145,214001844,Commune de Mimizan (40),false,{40184},Commune,2026-03-24 14:41:59.705606+01,gold_establishments_2025,,,,21400184400015,2025,Collectivité Territoriale,Commune,['Landes'],['Nouvelle-Aquitaine'],COM,{40},{75}
f50e39db-a8de-4a77-b94b-b86c1e3fc814,215103433,Commune de Minaucourt-le-Mesnil-lès-Hurlus (51),false,{51368},Commune,2026-03-24 14:42:01.954481+01,gold_establishments_2025,,,,21510343300011,2025,Collectivité Territoriale,Commune,['Marne'],['Grand Est'],COM,{51},{44}
8975584e-8a26-44c7-8ff6-fec148182c93,213401581,Commune de Minerve (34),false,{34158},Commune,2026-03-24 14:41:58.620411+01,gold_establishments_2025,,,,21340158100011,2025,Collectivité Territoriale,Commune,['Hérault'],['Occitanie'],COM,{34},{76}
06775bf6-7ee7-4ea4-afff-cd8ebc777706,216503110,Commune de Mingot (65),false,{65311},Commune,2026-03-24 14:42:06.665412+01,gold_establishments_2025,,,,21650311000019,2025,Collectivité Territoriale,Commune,['Hautes-Pyrénées'],['Occitanie'],COM,{65},{76}
92045719-aeae-4178-b6ad-e0978f0ef48c,216205740,Commune de Mingoval (62),false,{62574},Commune,2026-03-24 14:42:05.597325+01,gold_establishments_2025,,,,21620574000014,2025,Collectivité Territoriale,Commune,['Pas-de-Calais'],['Hauts-de-France'],COM,{62},{32}
c77e25c7-10f4-41fd-b111-2a8f57cb093c,213501794,Commune de Miniac-Morvan (35),false,{35179},Commune,2026-03-24 14:41:58.620411+01,gold_establishments_2025,,,,21350179400019,2025,Collectivité Territoriale,Commune,['Ille-et-Vilaine'],['Bretagne'],COM,{35},{53}
cf6735b2-486a-4d93-a6eb-3ac0b8c8d92e,213501802,Commune de Miniac-sous-Bécherel (35),false,{35180},Commune,2026-03-24 14:41:58.620411+01,gold_establishments_2025,,,,21350180200010,2025,Collectivité Territoriale,Commune,['Ille-et-Vilaine'],['Bretagne'],COM,{35},{53}
60c20e93-8750-4480-9ea8-bdf5044d51be,212201529,Commune de Minihy-Tréguier (22),false,{22152},Commune,2026-03-24 14:41:55.433389+01,gold_establishments_2025,,,,21220152900014,2025,Collectivité Territoriale,Commune,"[""Côtes-d'Armor""]",['Bretagne'],COM,{22},{53}
e9013c14-be4c-4e46-8053-d99c138ab013,215403700,Commune de Minorville (54),false,{54370},Commune,2026-03-24 14:42:02.957225+01,gold_establishments_2025,,,,21540370000010,2025,Collectivité Territoriale,Commune,['Meurthe-et-Moselle'],['Grand Est'],COM,{54},{44}
5f2e5fae-5616-4604-90a0-6b11d77b7f9b,212104152,Commune de Minot (21),false,{21415},Commune,2026-03-24 14:41:55.433389+01,gold_establishments_2025,,,,21210415200013,2025,Collectivité Territoriale,Commune,"[""Côte-d'Or""]",['Bourgogne-Franche-Comté'],COM,{21},{27}
f3d88300-91e0-4944-b7d7-59b6cfb81564,216702936,Commune de Minversheim (67),false,{67293},Commune,2026-03-24 14:42:07.195692+01,gold_establishments_2025,,,,21670293600016,2025,Collectivité Territoriale,Commune,['Bas-Rhin'],['Grand Est'],COM,{67},{44}
8c12ed9a-2f71-462e-b6f4-6a4c0f82ad4c,212402721,Commune de Minzac (24),false,{24272},Commune,2026-03-24 14:41:55.958138+01,gold_establishments_2025,,,,21240272100014,2025,Collectivité Territoriale,Commune,['Dordogne'],['Nouvelle-Aquitaine'],COM,{24},{75}
564631ae-981f-4692-9391-b2676f15b008,217401843,Commune de Minzier (74),false,{74184},Commune,2026-03-24 14:42:08.818969+01,gold_establishments_2025,,,,21740184300016,2025,Collectivité Territoriale,Commune,['Haute-Savoie'],['Auvergne-Rhône-Alpes'],COM,{74},{84}
0a276e43-ffc9-4758-b475-1fffb5aaf7bb,218101673,Commune de Miolles (81),false,{81167},Commune,2026-03-24 14:42:09.967209+01,gold_establishments_2025,,,,21810167300018,2025,Collectivité Territoriale,Commune,['Tarn'],['Occitanie'],COM,{81},{76}
633170c0-f3bf-4471-8b92-d99aedeec5cc,210102489,Commune de Mionnay (01),false,{01248},Commune,2026-03-24 14:41:51.447482+01,gold_establishments_2025,,,,21010248900015,2025,Collectivité Territoriale,Commune,['Ain'],['Auvergne-Rhône-Alpes'],COM,{01},{84}
27c607b9-b640-4653-bef7-3f2fcc4270bf,216902833,Commune de Mions (69),false,{69283},Commune,2026-03-24 14:42:07.735343+01,gold_establishments_2025,,,,21690283300013,2025,Collectivité Territoriale,Commune,['Rhône'],['Auvergne-Rhône-Alpes'],COM,{69},{84}
ebee9964-e044-4f7f-8eaf-3450bdaa68a0,213302847,Commune de Mios (33),false,{33284},Commune,2026-03-24 14:41:58.620411+01,gold_establishments_2025,,,,21330284700016,2025,Collectivité Territoriale,Commune,['Gironde'],['Nouvelle-Aquitaine'],COM,{33},{75}
85cc1ea1-5428-4266-ab53-aa7f3a66e865,216403857,Commune de Miossens-Lanusse (64),false,{64385},Commune,2026-03-24 14:42:06.665412+01,gold_establishments_2025,,,,21640385700016,2025,Collectivité Territoriale,Commune,['Pyrénées-Atlantiques'],['Nouvelle-Aquitaine'],COM,{64},{75}
b84a4ad3-a4a7-4e2b-8253-6d607de74124,210401220,Commune de Mirabeau (04),false,{04122},Commune,2026-03-24 14:41:52.562531+01,gold_establishments_2025,,,,21040122000012,2025,Collectivité Territoriale,Commune,['Alpes-de-Haute-Provence'],"[""Provence-Alpes-Côte d'Azur""]",COM,{04},{93}
7b28f56a-ba01-4ab3-80d7-fbf7715d259f,218400760,Commune de Mirabeau (84),false,{84076},Commune,2026-03-24 14:42:10.508772+01,gold_establishments_2025,,,,21840076000011,2025,Collectivité Territoriale,Commune,['Vaucluse'],"[""Provence-Alpes-Côte d'Azur""]",COM,{84},{93}
5dbb564d-2314-447c-825d-fd99a35c8d2a,210701595,Commune de Mirabel (07),false,{07159},Commune,2026-03-24 14:41:52.562531+01,gold_establishments_2025,,,,21070159500014,2025,Collectivité Territoriale,Commune,['Ardèche'],['Auvergne-Rhône-Alpes'],COM,{07},{84}
b7d5c377-18a2-4c28-806e-7c798d4f1c2f,218201101,Commune de Mirabel (82),false,{82110},Commune,2026-03-24 14:42:10.508772+01,gold_establishments_2025,,,,21820110100019,2025,Collectivité Territoriale,Commune,['Tarn-et-Garonne'],['Occitanie'],COM,{82},{76}
0827c8bb-183c-45f2-8b8e-cd1811d03d07,212601827,Commune de Mirabel-aux-Baronnies (26),false,{26182},Commune,2026-03-24 14:41:56.495197+01,gold_establishments_2025,,,,21260182700018,2025,Collectivité Territoriale,Commune,['Drôme'],['Auvergne-Rhône-Alpes'],COM,{26},{84}
2489d210-50cd-41e6-9936-16e1388e3b08,212601835,Commune de Mirabel-et-Blacons (26),false,{26183},Commune,2026-03-24 14:41:56.495197+01,gold_establishments_2025,,,,21260183500011,2025,Collectivité Territoriale,Commune,['Drôme'],['Auvergne-Rhône-Alpes'],COM,{26},{84}
fe3b8eb3-3f1d-4f63-8d6e-9850fe16126b,213202534,Commune de Miradoux (32),false,{32253},Commune,2026-03-24 14:41:58.09424+01,gold_establishments_2025,,,,21320253400011,2025,Collectivité Territoriale,Commune,['Gers'],['Occitanie'],COM,{32},{76}
1bb97917-c086-49eb-b232-9cd60e6ee373,211300637,Commune de Miramas (13),false,{13063},Commune,2026-03-24 14:41:53.63825+01,gold_establishments_2025,,,,21130063700017,2025,Collectivité Territoriale,Commune,['Bouches-du-Rhône'],"[""Provence-Alpes-Côte d'Azur""]",COM,{13},{93}
36cb6748-63d8-4634-a8a5-31027f7e5571,211702360,Commune de Mirambeau (17),false,{17236},Commune,2026-03-24 14:41:54.903238+01,gold_establishments_2025,,,,21170236000010,2025,Collectivité Territoriale,Commune,['Charente-Maritime'],['Nouvelle-Aquitaine'],COM,{17},{75}
17253f0a-80b6-403f-b083-276371f82bab,213103435,Commune de Mirambeau (31),false,{31343},Commune,2026-03-24 14:41:58.09424+01,gold_establishments_2025,,,,21310343500011,2025,Collectivité Territoriale,Commune,['Haute-Garonne'],['Occitanie'],COM,{31},{76}
17de32c0-d54e-4b1a-8395-8cd1e013b987,213202559,Commune de Miramont-Latour (32),false,{32255},Commune,2026-03-24 14:41:58.09424+01,gold_establishments_2025,,,,21320255900018,2025,Collectivité Territoriale,Commune,['Gers'],['Occitanie'],COM,{32},{76}
09e397ac-7d5d-4801-b3f9-f4a43e7fc406,214001851,Commune de Miramont-Sensacq (40),false,{40185},Commune,2026-03-24 14:41:59.705606+01,gold_establishments_2025,,,,21400185100010,2025,Collectivité Territoriale,Commune,['Landes'],['Nouvelle-Aquitaine'],COM,{40},{75}
6d25d0a6-2faa-4dda-8a94-94399d463b6c,213202542,Commune de Miramont-d'Astarac (32),false,{32254},Commune,2026-03-24 14:41:58.09424+01,gold_establishments_2025,,,,21320254200014,2025,Collectivité Territoriale,Commune,['Gers'],['Occitanie'],COM,{32},{76}
9650d183-d01b-4658-9f93-10f0b4cd7432,213103443,Commune de Miramont-de-Comminges (31),false,{31344},Commune,2026-03-24 14:41:58.09424+01,gold_establishments_2025,,,,21310344300015,2025,Collectivité Territoriale,Commune,['Haute-Garonne'],['Occitanie'],COM,{31},{76}
68db6075-2a56-4724-be74-332bd804c53d,214701682,Commune de Miramont-de-Guyenne (47),false,{47168},Commune,2026-03-24 14:42:00.862623+01,gold_establishments_2025,,,,21470168200012,2025,Collectivité Territoriale,Commune,['Lot-et-Garonne'],['Nouvelle-Aquitaine'],COM,{47},{75}
fa865f81-0f96-4afc-b889-a5dafe7bfd53,218201119,Commune de Miramont-de-Quercy (82),false,{82111},Commune,2026-03-24 14:42:10.508772+01,gold_establishments_2025,,,,21820111900011,2025,Collectivité Territoriale,Commune,['Tarn-et-Garonne'],['Occitanie'],COM,{82},{76}
21f318c6-8af9-448a-878a-98547c54790d,213202567,Commune de Mirande (32),false,{32256},Commune,2026-03-24 14:41:58.09424+01,gold_establishments_2025,,,,21320256700011,2025,Collectivité Territoriale,Commune,['Gers'],['Occitanie'],COM,{32},{76}
3f8dd90a-d583-430a-aca6-ad293abd6ca8,218101681,Commune de Mirandol-Bourgnounac (81),false,{81168},Commune,2026-03-24 14:42:09.967209+01,gold_establishments_2025,,,,21810168100011,2025,Collectivité Territoriale,Commune,['Tarn'],['Occitanie'],COM,{81},{76}
0a6894c5-039f-4b9a-9591-d3fc7564fd83,213202575,Commune de Mirannes (32),false,{32257},Commune,2026-03-24 14:41:58.09424+01,gold_establishments_2025,,,,21320257500014,2025,Collectivité Territoriale,Commune,['Gers'],['Occitanie'],COM,{32},{76}
7ad793b6-1ec2-4897-ba9d-460b551745ef,218005205,Commune de Miraumont (80),false,{80549},Commune,2026-03-24 14:42:09.967209+01,gold_establishments_2025,,,,21800520500016,2025,Collectivité Territoriale,Commune,['Somme'],['Hauts-de-France'],COM,{80},{32}
f5f0f7ce-66eb-4a92-8310-cdc19220814f,211102322,Commune de Miraval-Cabardès (11),false,{11232},Commune,2026-03-24 14:41:53.63825+01,gold_establishments_2025,,,,21110232200016,2025,Collectivité Territoriale,Commune,['Aude'],['Occitanie'],COM,{11},{76}
bf5f18e3-303f-4a01-a65b-46c619c666de,215202359,Commune de Mirbel (52),false,{52326},Commune,2026-03-24 14:42:01.954481+01,gold_establishments_2025,,,,21520235900018,2025,Collectivité Territoriale,Commune,['Haute-Marne'],['Grand Est'],COM,{52},{44}
bbaf9426-38c6-4c3e-9ee1-598fb38e6d28,218601607,Commune de Mirebeau (86),false,{86160},Commune,2026-03-24 14:42:10.508772+01,gold_establishments_2025,,,,21860160700011,2025,Collectivité Territoriale,Commune,['Vienne'],['Nouvelle-Aquitaine'],COM,{86},{75}
2739d6f6-3c0a-4d06-9b7d-9213385b089d,212104160,Commune de Mirebeau-sur-Bèze (21),false,{21416},Commune,2026-03-24 14:41:55.433389+01,gold_establishments_2025,,,,21210416000016,2025,Collectivité Territoriale,Commune,"[""Côte-d'Or""]",['Bourgogne-Franche-Comté'],COM,{21},{27}
f411fe09-4163-4861-8109-3eea1bbad2a5,218803047,Commune de Mirecourt (88),false,{88304},Commune,2026-03-24 14:42:11.118516+01,gold_establishments_2025,,,,21880304700016,2025,Collectivité Territoriale,Commune,['Vosges'],['Grand Est'],COM,{88},{44}
a8bbae34-12c2-429f-ad92-fba38879f1be,216302273,Commune de Mirefleurs (63),false,{63227},Commune,2026-03-24 14:42:06.130387+01,gold_establishments_2025,,,,21630227300059,2025,Collectivité Territoriale,Commune,['Puy-de-Dôme'],['Auvergne-Rhône-Alpes'],COM,{63},{84}
49c88a2e-280c-41c9-8306-74e2c7bef733,213103450,Commune de Miremont (31),false,{31345},Commune,2026-03-24 14:41:58.09424+01,gold_establishments_2025,,,,21310345000010,2025,Collectivité Territoriale,Commune,['Haute-Garonne'],['Occitanie'],COM,{31},{76}
af0a41b2-ac86-4f80-a3ed-bc6cafefd3d7,216302281,Commune de Miremont (63),false,{63228},Commune,2026-03-24 14:42:06.130387+01,gold_establishments_2025,,,,21630228100011,2025,Collectivité Territoriale,Commune,['Puy-de-Dôme'],['Auvergne-Rhône-Alpes'],COM,{63},{84}
83629cb4-2167-46dd-a562-7fd43afe114f,211102330,Commune de Mirepeisset (11),false,{11233},Commune,2026-03-24 14:41:53.63825+01,gold_establishments_2025,,,,21110233000019,2025,Collectivité Territoriale,Commune,['Aude'],['Occitanie'],COM,{11},{76}
fddcdf20-f009-4338-9d68-6a3b2fe935a9,216403865,Commune de Mirepeix (64),false,{64386},Commune,2026-03-24 14:42:06.665412+01,gold_establishments_2025,,,,21640386500019,2025,Collectivité Territoriale,Commune,['Pyrénées-Atlantiques'],['Nouvelle-Aquitaine'],COM,{64},{75}
afc3ce12-2830-416e-b640-999a55cb6d31,210901948,Commune de Mirepoix (09),false,{09194},Commune,2026-03-24 14:41:53.095366+01,gold_establishments_2025,,,,21090194800013,2025,Collectivité Territoriale,Commune,['Ariège'],['Occitanie'],COM,{09},{76}
875b7e10-2e4b-4d40-af7e-decb84ee2926,213202583,Commune de Mirepoix (32),false,{32258},Commune,2026-03-24 14:41:58.09424+01,gold_establishments_2025,,,,21320258300018,2025,Collectivité Territoriale,Commune,['Gers'],['Occitanie'],COM,{32},{76}
5f2f3cdb-216c-41b3-a7b2-c0573e60c7cc,213103468,Commune de Mirepoix-sur-Tarn (31),false,{31346},Commune,2026-03-24 14:41:58.09424+01,gold_establishments_2025,,,,21310346800012,2025,Collectivité Territoriale,Commune,['Haute-Garonne'],['Occitanie'],COM,{31},{76}
f917af8e-50d4-46b5-b74e-ada7099cce6b,213401599,Commune de Mireval (34),false,{34159},Commune,2026-03-24 14:41:58.620411+01,gold_establishments_2025,,,,21340159900013,2025,Collectivité Territoriale,Commune,['Hérault'],['Occitanie'],COM,{34},{76}
a32bd2fd-a45d-4f2d-847d-d70b8911f030,211102348,Commune de Mireval-Lauragais (11),false,{11234},Commune,2026-03-24 14:41:53.63825+01,gold_establishments_2025,,,,21110234800011,2025,Collectivité Territoriale,Commune,['Aude'],['Occitanie'],COM,{11},{76}
133e64fe-6284-443a-802f-154514d7b58b,210102497,Commune de Miribel (01),false,{01249},Commune,2026-03-24 14:41:51.447482+01,gold_establishments_2025,,,,21010249700018,2025,Collectivité Territoriale,Commune,['Ain'],['Auvergne-Rhône-Alpes'],COM,{01},{84}
0132e95f-eb47-4e6b-adba-84a1854aa590,213802358,Commune de Miribel-Lanchâtre (38),false,{38235},Commune,2026-03-24 14:41:59.160244+01,gold_establishments_2025,,,,21380235800019,2025,Collectivité Territoriale,Commune,['Isère'],['Auvergne-Rhône-Alpes'],COM,{38},{84}
8e2ca5a3-1ad5-413f-82a6-ab5ea081c757,213802366,Commune de Miribel-les-Échelles (38),false,{38236},Commune,2026-03-24 14:41:59.160244+01,gold_establishments_2025,,,,21380236600012,2025,Collectivité Territoriale,Commune,['Isère'],['Auvergne-Rhône-Alpes'],COM,{38},{84}
ec6a0441-5ad6-4407-a0a4-037656f2af4d,212601850,Commune de Mirmande (26),false,{26185},Commune,2026-03-24 14:41:56.495197+01,gold_establishments_2025,,,,21260185000010,2025,Collectivité Territoriale,Commune,['Drôme'],['Auvergne-Rhône-Alpes'],COM,{26},{84}
3c534154-93e4-4781-b409-ad9154eeb27b,218005213,Commune de Mirvaux (80),false,{80550},Commune,2026-03-24 14:42:09.967209+01,gold_establishments_2025,,,,21800521300010,2025,Collectivité Territoriale,Commune,['Somme'],['Hauts-de-France'],COM,{80},{32}
bd96514c-1c98-46ed-a68f-6ef8e2367f5c,217604396,Commune de Mirville (76),false,{76439},Commune,2026-03-24 14:42:08.818969+01,gold_establishments_2025,,,,21760439600010,2025,Collectivité Territoriale,Commune,['Seine-Maritime'],['Normandie'],COM,{76},{28}
843df1dd-ba3b-43e9-b991-170c7e11b0ba,214902058,Commune de Miré (49),false,{49205},Commune,2026-03-24 14:42:01.412377+01,gold_establishments_2025,,,,21490205800012,2025,Collectivité Territoriale,Commune,['Maine-et-Loire'],['Pays de la Loire'],COM,{49},{52}
f46295fc-eea6-4971-85f4-356cca788d71,212601868,Commune de Miscon (26),false,{26186},Commune,2026-03-24 14:41:56.495197+01,gold_establishments_2025,,,,21260186800012,2025,Collectivité Territoriale,Commune,['Drôme'],['Auvergne-Rhône-Alpes'],COM,{26},{84}
8bc54809-b7fa-4e16-8a90-f716986d2c58,212704100,Commune de Miserey (27),false,{27410},Commune,2026-03-24 14:41:57.028721+01,gold_establishments_2025,,,,21270410000016,2025,Collectivité Territoriale,Commune,['Eure'],['Normandie'],COM,{27},{28}
2d0dd46d-9e43-4d49-9960-e8b9e456d13a,212503817,Commune de Miserey-Salines (25),false,{25381},Commune,2026-03-24 14:41:56.495197+01,gold_establishments_2025,,,,21250381700059,2025,Collectivité Territoriale,Commune,['Doubs'],['Bourgogne-Franche-Comté'],COM,{25},{27}
647fb3d2-a0ad-433f-9b1d-1666540f094a,210401238,Commune de Mison (04),false,{04123},Commune,2026-03-24 14:41:52.562531+01,gold_establishments_2025,,,,21040123800014,2025,Collectivité Territoriale,Commune,['Alpes-de-Haute-Provence'],"[""Provence-Alpes-Côte d'Azur""]",COM,{04},{93}
4128a637-a61d-4648-b086-6ec3836a2b12,212104178,Commune de Missery (21),false,{21417},Commune,2026-03-24 14:41:55.433389+01,gold_establishments_2025,,,,21210417800018,2025,Collectivité Territoriale,Commune,"[""Côte-d'Or""]",['Bourgogne-Franche-Comté'],COM,{21},{27}
5ff74669-152d-461d-9563-ce02a74f5525,214400988,Commune de Missillac (44),false,{44098},Commune,2026-03-24 14:42:00.273698+01,gold_establishments_2025,,,,21440098800090,2025,Collectivité Territoriale,Commune,['Loire-Atlantique'],['Pays de la Loire'],COM,{44},{52}
2130e1db-4f5b-426e-b1d8-3e8b8dbef87c,215601337,Commune de Missiriac (56),false,{56133},Commune,2026-03-24 14:42:03.701372+01,gold_establishments_2025,,,,21560133700011,2025,Collectivité Territoriale,Commune,['Morbihan'],['Bretagne'],COM,{56},{53}
dd80a0e3-b166-481c-b1ef-f3b3edb08773,214001869,Commune de Misson (40),false,{40186},Commune,2026-03-24 14:41:59.705606+01,gold_establishments_2025,,,,21400186900012,2025,Collectivité Territoriale,Commune,['Landes'],['Nouvelle-Aquitaine'],COM,{40},{75}
5640199a-42c7-413c-9a73-141509528566,210204624,Commune de Missy-aux-Bois (02),false,{02485},Commune,2026-03-24 14:41:52.020251+01,gold_establishments_2025,,,,21020462400014,2025,Collectivité Territoriale,Commune,['Aisne'],['Hauts-de-France'],COM,{02},{32}
7f0f405e-3cc1-44b2-b1f3-8a350275b8be,210204632,Commune de Missy-lès-Pierrepont (02),false,{02486},Commune,2026-03-24 14:41:52.020251+01,gold_establishments_2025,,,,21020463200017,2025,Collectivité Territoriale,Commune,['Aisne'],['Hauts-de-France'],COM,{02},{32}
0ff2c059-5bf0-4cac-821d-4db7d6ea7281,210204640,Commune de Missy-sur-Aisne (02),false,{02487},Commune,2026-03-24 14:41:52.020251+01,gold_establishments_2025,,,,21020464000010,2025,Collectivité Territoriale,Commune,['Aisne'],['Hauts-de-France'],COM,{02},{32}
227336e9-45c0-45d9-8d29-1d6396f1b07c,218101699,Commune de Missècle (81),false,{81169},Commune,2026-03-24 14:42:09.967209+01,gold_establishments_2025,,,,21810169900013,2025,Collectivité Territoriale,Commune,['Tarn'],['Occitanie'],COM,{81},{76}
a3a80000-5af7-446a-8c11-6c1880795799,211102355,Commune de Missègre (11),false,{11235},Commune,2026-03-24 14:41:53.63825+01,gold_establishments_2025,,,,21110235500016,2025,Collectivité Territoriale,Commune,['Aude'],['Occitanie'],COM,{11},{76}
57955b53-28a4-46c9-8e67-3dcce89fe143,217702935,Commune de Misy-sur-Yonne (77),false,{77293},Commune,2026-03-24 14:42:09.43682+01,gold_establishments_2025,,,,21770293500016,2025,Collectivité Territoriale,Commune,['Seine-et-Marne'],['Île-de-France'],COM,{77},{11}
c5cc7bd7-60b9-43be-9837-47c98db3c296,210102505,Commune de Misérieux (01),false,{01250},Commune,2026-03-24 14:41:51.447482+01,gold_establishments_2025,,,,21010250500018,2025,Collectivité Territoriale,Commune,['Ain'],['Auvergne-Rhône-Alpes'],COM,{01},{84}
a716bbc0-ef6f-455c-8cb9-6d2458e74185,217702943,Commune de Mitry-Mory (77),false,{77294},Commune,2026-03-24 14:42:09.43682+01,gold_establishments_2025,,,,21770294300010,2025,Collectivité Territoriale,Commune,['Seine-et-Marne'],['Île-de-France'],COM,{77},{11}
c250d8e0-eab0-47f1-a65d-9ec6cc9261e7,217804079,Commune de Mittainville (78),false,{78407},Commune,2026-03-24 14:42:09.43682+01,gold_establishments_2025,,,,21780407900010,2025,Collectivité Territoriale,Commune,['Yvelines'],['Île-de-France'],COM,{78},{11}
4f8e150a-32c3-47b5-9747-5ba48fdcdd5c,200054542,Commune de Mittainvilliers-Vérigny (28),false,{28254},Commune,2026-03-24 14:41:57.028721+01,gold_establishments_2025,,,,20005454200010,2025,Collectivité Territoriale,Commune,['Eure-et-Loir'],['Centre-Val de Loire'],COM,{28},{24}
e67a572b-faef-41e5-87dc-a9e2a8186478,216702951,Commune de Mittelbergheim (67),false,{67295},Commune,2026-03-24 14:42:07.195692+01,gold_establishments_2025,,,,21670295100015,2025,Collectivité Territoriale,Commune,['Bas-Rhin'],['Grand Est'],COM,{67},{44}
d76c0949-2255-4a33-8167-634682dc16ae,215704685,Commune de Mittelbronn (57),false,{57468},Commune,2026-03-24 14:42:03.701372+01,gold_establishments_2025,,,,21570468500019,2025,Collectivité Territoriale,Commune,['Moselle'],['Grand Est'],COM,{57},{44}
a04676c3-8c8b-4d06-bafa-419fe39c419b,216702969,Commune de Mittelhausbergen (67),false,{67296},Commune,2026-03-24 14:42:07.195692+01,gold_establishments_2025,,,,21670296900017,2025,Collectivité Territoriale,Commune,['Bas-Rhin'],['Grand Est'],COM,{67},{44}
0c5ac8be-5790-44cd-b19c-2945d67c0929,216702985,Commune de Mittelschaeffolsheim (67),false,{67298},Commune,2026-03-24 14:42:07.195692+01,gold_establishments_2025,,,,21670298500013,2025,Collectivité Territoriale,Commune,['Bas-Rhin'],['Grand Est'],COM,{67},{44}
de4ea2ad-e851-4b25-8ed8-1047336cf97c,216802090,Commune de Mittelwihr (68),false,{68209},Commune,2026-03-24 14:42:07.195692+01,gold_establishments_2025,,,,21680209000011,2025,Collectivité Territoriale,Commune,['Haut-Rhin'],['Grand Est'],COM,{68},{44}
70abeb48-ac5b-4f9a-bcaf-000649e8e768,215704693,Commune de Mittersheim (57),false,{57469},Commune,2026-03-24 14:42:03.701372+01,gold_establishments_2025,,,,21570469300104,2025,Collectivité Territoriale,Commune,['Moselle'],['Grand Est'],COM,{57},{44}
9e1125cf-0153-4811-9eed-d64c9bd87a15,216802108,Commune de Mittlach (68),false,{68210},Commune,2026-03-24 14:42:07.195692+01,gold_establishments_2025,,,,21680210800011,2025,Collectivité Territoriale,Commune,['Haut-Rhin'],['Grand Est'],COM,{68},{44}
82a615e8-8a3c-48d6-b5f4-a3363fbb3592,216802116,Commune de Mitzach (68),false,{68211},Commune,2026-03-24 14:42:07.195692+01,gold_establishments_2025,,,,21680211600014,2025,Collectivité Territoriale,Commune,['Haut-Rhin'],['Grand Est'],COM,{68},{44}
6f07e2cb-50bc-4bda-b710-4283ea2eddba,213802374,Commune de Mizoën (38),false,{38237},Commune,2026-03-24 14:41:59.160244+01,gold_establishments_2025,,,,21380237400016,2025,Collectivité Territoriale,Commune,['Isère'],['Auvergne-Rhône-Alpes'],COM,{38},{84}
6f78aaf5-4f73-4e70-8948-d1f29b4deefa,214201436,Commune de Mizérieux (42),false,{42143},Commune,2026-03-24 14:42:00.273698+01,gold_establishments_2025,,,,21420143600018,2025,Collectivité Territoriale,Commune,['Loire'],['Auvergne-Rhône-Alpes'],COM,{42},{84}
c0ba4638-2176-403b-a272-8d83247843a7,200054062,Commune de Mièges (39),false,{39329},Commune,2026-03-24 14:41:59.705606+01,gold_establishments_2025,,,,20005406200019,2025,Collectivité Territoriale,Commune,['Jura'],['Bourgogne-Franche-Comté'],COM,{39},{27}
aa3b1b1d-a80e-48e8-bf4a-65aedb977c5b,213202526,Commune de Miélan (32),false,{32252},Commune,2026-03-24 14:41:58.09424+01,gold_establishments_2025,,,,21320252600017,2025,Collectivité Territoriale,Commune,['Gers'],['Occitanie'],COM,{32},{76}
42c30f11-4273-463c-9abd-0feb6ae3339d,213903305,Commune de Miéry (39),false,{39330},Commune,2026-03-24 14:41:59.705606+01,gold_establishments_2025,,,,21390330500018,2025,Collectivité Territoriale,Commune,['Jura'],['Bourgogne-Franche-Comté'],COM,{39},{27}
2e69c4be-6e34-4308-8486-c36f454ef5ba,212001606,Commune de Moca-Croce (2A),false,{2A160},Commune,2026-03-24 14:41:57.56054+01,gold_establishments_2025,,,,21200160600012,2025,Collectivité Territoriale,Commune,['Corse-du-Sud'],['Corse'],COM,{2A},{94}
3a9ef411-7caf-4ec6-9579-b5ee3328858b,217301571,Commune de Modane (73),false,{73157},Commune,2026-03-24 14:42:08.279287+01,gold_establishments_2025,,,,21730157100014,2025,Collectivité Territoriale,Commune,['Savoie'],['Auvergne-Rhône-Alpes'],COM,{73},{84}
7dae50d0-23e3-48c9-a541-93ce477a0d17,218400778,Commune de Modène (84),false,{84077},Commune,2026-03-24 14:42:10.508772+01,gold_establishments_2025,,,,21840077800013,2025,Collectivité Territoriale,Commune,['Vaucluse'],"[""Provence-Alpes-Côte d'Azur""]",COM,{84},{93}
3e819f11-97bc-4a95-9008-ca43f7bce480,217003482,Commune de Moffans-et-Vacheresse (70),false,{70348},Commune,2026-03-24 14:42:07.735343+01,gold_establishments_2025,,,,21700348200015,2025,Collectivité Territoriale,Commune,['Haute-Saône'],['Bourgogne-Franche-Comté'],COM,{70},{27}
9be6f3af-8fd1-4734-8b7b-3ef9fdadb01c,215503392,Commune de Mogeville (55),false,{55339},Commune,2026-03-24 14:42:03.701372+01,gold_establishments_2025,,,,21550339200015,2025,Collectivité Territoriale,Commune,['Meuse'],['Grand Est'],COM,{55},{44}
7fd56a45-c0fc-4013-995f-8ab00f2b1ea9,210102521,Commune de Mogneneins (01),false,{01252},Commune,2026-03-24 14:41:51.447482+01,gold_establishments_2025,,,,21010252100015,2025,Collectivité Territoriale,Commune,['Ain'],['Auvergne-Rhône-Alpes'],COM,{01},{84}
c704862c-9dba-4f50-beaa-47c0160bdd50,216004002,Commune de Mogneville (60),false,{60404},Commune,2026-03-24 14:42:04.814328+01,gold_establishments_2025,,,,21600400200012,2025,Collectivité Territoriale,Commune,['Oise'],['Hauts-de-France'],COM,{60},{32}
85c8d3a9-4568-4588-80f0-a3ed610eed8b,215503400,Commune de Mognéville (55),false,{55340},Commune,2026-03-24 14:42:03.701372+01,gold_establishments_2025,,,,21550340000016,2025,Collectivité Territoriale,Commune,['Meuse'],['Grand Est'],COM,{55},{44}
7b9fed79-ff81-40bf-a008-a1614c61ddf1,210802617,Commune de Mogues (08),false,{08291},Commune,2026-03-24 14:41:53.095366+01,gold_establishments_2025,,,,21080261700014,2025,Collectivité Territoriale,Commune,['Ardennes'],['Grand Est'],COM,{08},{44}
10dff9f4-636c-4fb9-8411-83a0d0686bb4,215601345,Commune de Mohon (56),false,{56134},Commune,2026-03-24 14:42:03.701372+01,gold_establishments_2025,,,,21560134500014,2025,Collectivité Territoriale,Commune,['Morbihan'],['Bretagne'],COM,{56},{53}
029036aa-d734-4e95-8fe8-3176b47465f2,213802382,Commune de Moidieu-Détourbe (38),false,{38238},Commune,2026-03-24 14:41:59.160244+01,gold_establishments_2025,,,,21380238200019,2025,Collectivité Territoriale,Commune,['Isère'],['Auvergne-Rhône-Alpes'],COM,{38},{84}
6a280119-ef08-41a3-9e3e-3fb887d1897d,219104080,Commune de Moigny-sur-École (91),false,{91408},Commune,2026-03-24 14:42:11.659493+01,gold_establishments_2025,,,,21910408000011,2025,Collectivité Territoriale,Commune,['Essonne'],['Île-de-France'],COM,{91},{11}
a66c807d-5244-4a0a-a3c0-9ca61a45bf9e,217003490,Commune de Moimay (70),false,{70349},Commune,2026-03-24 14:42:07.735343+01,gold_establishments_2025,,,,21700349000018,2025,Collectivité Territoriale,Commune,['Haute-Saône'],['Bourgogne-Franche-Comté'],COM,{70},{27}
a16212a4-2c90-43c1-a405-acb9e085cf69,215403718,Commune de Moineville (54),false,{54371},Commune,2026-03-24 14:42:02.957225+01,gold_establishments_2025,,,,21540371800012,2025,Collectivité Territoriale,Commune,['Meurthe-et-Moselle'],['Grand Est'],COM,{54},{44}
73a68a2c-decf-4f30-b04e-aeb4d5423a89,212802557,Commune de Moinville-la-Jeulin (28),false,{28255},Commune,2026-03-24 14:41:57.028721+01,gold_establishments_2025,,,,21280255700018,2025,Collectivité Territoriale,Commune,['Eure-et-Loir'],['Centre-Val de Loire'],COM,{28},{24}
868f9f30-de8a-4b52-801b-3bbaf35f9492,213802390,Commune de Moirans (38),false,{38239},Commune,2026-03-24 14:41:59.160244+01,gold_establishments_2025,,,,21380239000012,2025,Collectivité Territoriale,Commune,['Isère'],['Auvergne-Rhône-Alpes'],COM,{38},{84}
77d00456-cd86-4658-be9b-09ec18eb27db,213903339,Commune de Moirans-en-Montagne (39),false,{39333},Commune,2026-03-24 14:41:59.705606+01,gold_establishments_2025,,,,21390333900017,2025,Collectivité Territoriale,Commune,['Jura'],['Bourgogne-Franche-Comté'],COM,{39},{27}
1caccc99-7bf5-4ba2-add2-6f16d6f279e1,214701690,Commune de Moirax (47),false,{47169},Commune,2026-03-24 14:42:00.862623+01,gold_establishments_2025,,,,21470169000015,2025,Collectivité Territoriale,Commune,['Lot-et-Garonne'],['Nouvelle-Aquitaine'],COM,{47},{75}
659edf6d-82f9-48ac-a6be-0e152fa210d0,215103458,Commune de Moiremont (51),false,{51370},Commune,2026-03-24 14:42:01.954481+01,gold_establishments_2025,,,,21510345800018,2025,Collectivité Territoriale,Commune,['Marne'],['Grand Est'],COM,{51},{44}
378d6747-cfce-4a0f-889d-92d26a2d2995,215503418,Commune de Moirey-Flabas-Crépion (55),false,{55341},Commune,2026-03-24 14:42:03.701372+01,gold_establishments_2025,,,,21550341800018,2025,Collectivité Territoriale,Commune,['Meuse'],['Grand Est'],COM,{55},{44}
21628db5-6404-4762-abb0-93297dd12cc4,213903347,Commune de Moiron (39),false,{39334},Commune,2026-03-24 14:41:59.705606+01,gold_establishments_2025,,,,21390334700010,2025,Collectivité Territoriale,Commune,['Jura'],['Bourgogne-Franche-Comté'],COM,{39},{27}
17561b74-d6d5-4ac2-90fa-cc0d30fed98f,210802625,Commune de Moiry (08),false,{08293},Commune,2026-03-24 14:41:53.095366+01,gold_establishments_2025,,,,21080262500017,2025,Collectivité Territoriale,Commune,['Ardennes'],['Grand Est'],COM,{08},{44}
0846e11e-bb24-435c-bac5-3a8457405833,216901348,Commune de Moiré (69),false,{69134},Commune,2026-03-24 14:42:07.195692+01,gold_establishments_2025,,,,21690134800013,2025,Collectivité Territoriale,Commune,['Rhône'],['Auvergne-Rhône-Alpes'],COM,{69},{84}
fdabfae0-48cb-424c-b0cc-e88cba2b2893,214400996,Commune de Moisdon-la-Rivière (44),false,{44099},Commune,2026-03-24 14:42:00.273698+01,gold_establishments_2025,,,,21440099600010,2025,Collectivité Territoriale,Commune,['Loire-Atlantique'],['Pays de la Loire'],COM,{44},{52}
267f00c0-5abc-4f63-ad91-0478f39d6e6e,217702950,Commune de Moisenay (77),false,{77295},Commune,2026-03-24 14:42:09.43682+01,gold_establishments_2025,,,,21770295000015,2025,Collectivité Territoriale,Commune,['Seine-et-Marne'],['Île-de-France'],COM,{77},{11}
18fbbb3c-47f1-4d33-9427-96d6f597ef37,218005239,Commune de Moislains (80),false,{80552},Commune,2026-03-24 14:42:09.967209+01,gold_establishments_2025,,,,21800523900015,2025,Collectivité Territoriale,Commune,['Somme'],['Hauts-de-France'],COM,{80},{32}
c5cb2cdd-b454-4065-a089-a506f2c5d68e,218201127,Commune de Moissac (82),false,{82112},Commune,2026-03-24 14:42:10.508772+01,gold_establishments_2025,,,,21820112700014,2025,Collectivité Territoriale,Commune,['Tarn-et-Garonne'],['Occitanie'],COM,{82},{76}
42444eb9-cb4c-4750-b6d2-f64476cb33e5,218300788,Commune de Moissac-Bellevue (83),false,{83078},Commune,2026-03-24 14:42:10.508772+01,gold_establishments_2025,,,,21830078800013,2025,Collectivité Territoriale,Commune,['Var'],"[""Provence-Alpes-Côte d'Azur""]",COM,{83},{93}
9286e9a2-377d-4451-a95c-73d78a3d659b,214800971,Commune de Moissac-Vallée-Française (48),false,{48097},Commune,2026-03-24 14:42:01.412377+01,gold_establishments_2025,,,,21480097100019,2025,Collectivité Territoriale,Commune,['Lozère'],['Occitanie'],COM,{48},{76}
234e2f7e-3430-42c2-bb18-3aaede2ba71f,218709905,Commune de Moissannes (87),false,{87099},Commune,2026-03-24 14:42:11.118516+01,gold_establishments_2025,,,,21870990500010,2025,Collectivité Territoriale,Commune,['Haute-Vienne'],['Nouvelle-Aquitaine'],COM,{87},{75}
e2b18ad1-8dbe-4ccd-938a-f9eee380b761,216302299,Commune de Moissat (63),false,{63229},Commune,2026-03-24 14:42:06.130387+01,gold_establishments_2025,,,,21630229900013,2025,Collectivité Territoriale,Commune,['Puy-de-Dôme'],['Auvergne-Rhône-Alpes'],COM,{63},{84}
be140a53-c1ab-48a8-9df9-3a3d75b7edf6,219504099,Commune de Moisselles (95),false,{95409},Commune,2026-03-24 14:42:11.659493+01,gold_establishments_2025,,,,21950409900017,2025,Collectivité Territoriale,Commune,"[""Val-d'Oise""]",['Île-de-France'],COM,{95},{11}
55d4b35a-c903-498b-a81e-d48a2a0a2604,213903354,Commune de Moissey (39),false,{39335},Commune,2026-03-24 14:41:59.705606+01,gold_establishments_2025,,,,21390335400016,2025,Collectivité Territoriale,Commune,['Jura'],['Bourgogne-Franche-Comté'],COM,{39},{27}
910c18f6-71cc-4e89-a987-478de573e273,213802408,Commune de Moissieu-sur-Dolon (38),false,{38240},Commune,2026-03-24 14:41:59.160244+01,gold_establishments_2025,,,,21380240800012,2025,Collectivité Territoriale,Commune,['Isère'],['Auvergne-Rhône-Alpes'],COM,{38},{84}
1afde5af-7718-4dd5-98a8-0084059b034b,217804103,Commune de Moisson (78),false,{78410},Commune,2026-03-24 14:42:09.43682+01,gold_establishments_2025,,,,21780410300018,2025,Collectivité Territoriale,Commune,['Yvelines'],['Île-de-France'],COM,{78},{11}
96101c54-a622-4dac-8536-594507eee51f,217702968,Commune de Moissy-Cramayel (77),false,{77296},Commune,2026-03-24 14:42:09.43682+01,gold_establishments_2025,,,,21770296800017,2025,Collectivité Territoriale,Commune,['Seine-et-Marne'],['Île-de-France'],COM,{77},{11}
4332e11f-2bbd-4b89-9416-bbd3c87f1218,215801697,Commune de Moissy-Moulinot (58),false,{58169},Commune,2026-03-24 14:42:04.280096+01,gold_establishments_2025,,,,21580169700016,2025,Collectivité Territoriale,Commune,['Nièvre'],['Bourgogne-Franche-Comté'],COM,{58},{27}
09a427fc-77e2-416d-87b5-652330b507f8,212704118,Commune de Moisville (27),false,{27411},Commune,2026-03-24 14:41:57.028721+01,gold_establishments_2025,,,,21270411800018,2025,Collectivité Territoriale,Commune,['Eure'],['Normandie'],COM,{27},{28}
dd804818-ddd4-4d82-9a0d-3ac28c26f3e7,214101412,Commune de Moisy (41),false,{41141},Commune,2026-03-24 14:42:00.273698+01,gold_establishments_2025,,,,21410141200010,2025,Collectivité Territoriale,Commune,['Loir-et-Cher'],['Centre-Val de Loire'],COM,{41},{24}
8d8e4d15-babf-40b0-b5f6-f6edfd1f5823,212104186,Commune de Moitron (21),false,{21418},Commune,2026-03-24 14:41:55.433389+01,gold_establishments_2025,,,,21210418600011,2025,Collectivité Territoriale,Commune,"[""Côte-d'Or""]",['Bourgogne-Franche-Comté'],COM,{21},{27}
10f2affe-44c5-407c-a225-50c1f526a0a7,217201995,Commune de Moitron-sur-Sarthe (72),false,{72199},Commune,2026-03-24 14:42:08.279287+01,gold_establishments_2025,,,,21720199500016,2025,Collectivité Territoriale,Commune,['Sarthe'],['Pays de la Loire'],COM,{72},{52}
a57ec6c0-a2a1-433c-9c86-043e5646cb8c,215103466,Commune de Moivre (51),false,{51371},Commune,2026-03-24 14:42:01.954481+01,gold_establishments_2025,,,,21510346600011,2025,Collectivité Territoriale,Commune,['Marne'],['Grand Est'],COM,{51},{44}
cf1377f0-17dd-4566-b293-83ef484f35d9,215403726,Commune de Moivrons (54),false,{54372},Commune,2026-03-24 14:42:02.957225+01,gold_establishments_2025,,,,21540372600015,2025,Collectivité Territoriale,Commune,['Meurthe-et-Moselle'],['Grand Est'],COM,{54},{44}
0f46efd3-0c24-4c37-8579-ecef11de1de3,215601352,Commune de Molac (56),false,{56135},Commune,2026-03-24 14:42:03.701372+01,gold_establishments_2025,,,,21560135200010,2025,Collectivité Territoriale,Commune,['Morbihan'],['Bretagne'],COM,{56},{53}
7c7ba66e-faca-4044-a1c1-65d79ac91b7f,217604404,Commune de Molagnies (76),false,{76440},Commune,2026-03-24 14:42:08.818969+01,gold_establishments_2025,,,,21760440400012,2025,Collectivité Territoriale,Commune,['Seine-Maritime'],['Normandie'],COM,{76},{28}
56389e04-d8b6-4dab-8d2a-a22c364a42c2,210204657,Commune de Molain (02),false,{02488},Commune,2026-03-24 14:41:52.020251+01,gold_establishments_2025,,,,21020465700014,2025,Collectivité Territoriale,Commune,['Aisne'],['Hauts-de-France'],COM,{02},{32}
32003ee0-f590-4601-843a-3358bfaac3ae,213903362,Commune de Molain (39),false,{39336},Commune,2026-03-24 14:41:59.705606+01,gold_establishments_2025,,,,21390336200019,2025,Collectivité Territoriale,Commune,['Jura'],['Bourgogne-Franche-Comté'],COM,{39},{27}
abd406a3-a06a-4791-9622-6227f2c8e131,213903370,Commune de Molamboz (39),false,{39337},Commune,2026-03-24 14:41:59.705606+01,gold_establishments_2025,,,,21390337000012,2025,Collectivité Territoriale,Commune,['Jura'],['Bourgogne-Franche-Comté'],COM,{39},{27}
323dd444-a545-4df1-8633-d8992183e37e,211102363,Commune de Molandier (11),false,{11236},Commune,2026-03-24 14:41:53.63825+01,gold_establishments_2025,,,,21110236300010,2025,Collectivité Territoriale,Commune,['Aude'],['Occitanie'],COM,{11},{76}
214ed367-ee2d-4de3-b728-16576ea3e514,213103476,Commune de Molas (31),false,{31347},Commune,2026-03-24 14:41:58.09424+01,gold_establishments_2025,,,,21310347600015,2025,Collectivité Territoriale,Commune,['Haute-Garonne'],['Occitanie'],COM,{31},{76}
19a6dcaf-bc3b-4c13-9aad-0d0597fc2a3b,213903388,Commune de Molay (39),false,{39338},Commune,2026-03-24 14:41:59.705606+01,gold_establishments_2025,,,,21390338800014,2025,Collectivité Territoriale,Commune,['Jura'],['Bourgogne-Franche-Comté'],COM,{39},{27}
cc40a4c7-ed42-4e50-8c01-c4b3ef7c446d,217003508,Commune de Molay (70),false,{70350},Commune,2026-03-24 14:42:07.735343+01,gold_establishments_2025,,,,21700350800017,2025,Collectivité Territoriale,Commune,['Haute-Saône'],['Bourgogne-Franche-Comté'],COM,{70},{27}
a59ff19d-7529-4b42-b2e6-00c11c266f4d,212104194,Commune de Molesme (21),false,{21419},Commune,2026-03-24 14:41:55.433389+01,gold_establishments_2025,,,,21210419400015,2025,Collectivité Territoriale,Commune,"[""Côte-d'Or""]",['Bourgogne-Franche-Comté'],COM,{21},{27}
9f76ab64-9219-489c-adf5-0b45b9214d96,214800989,Commune de Molezon (48),false,{48098},Commune,2026-03-24 14:42:01.412377+01,gold_establishments_2025,,,,21480098900011,2025,Collectivité Territoriale,Commune,['Lozère'],['Occitanie'],COM,{48},{76}
822e4151-7efd-44d8-89e1-3f610590059e,216004010,Commune de Moliens (60),false,{60405},Commune,2026-03-24 14:42:04.814328+01,gold_establishments_2025,,,,21600401000015,2025,Collectivité Territoriale,Commune,['Oise'],['Hauts-de-France'],COM,{60},{32}
4117d7d6-7a09-4447-9d9c-3c1b9c04ff8f,214001877,Commune de Moliets-et-Maa (40),false,{40187},Commune,2026-03-24 14:41:59.705606+01,gold_establishments_2025,,,,21400187700015,2025,Collectivité Territoriale,Commune,['Landes'],['Nouvelle-Aquitaine'],COM,{40},{75}
67aac5a0-6e67-4caf-83d7-eb52de2d94f7,210204665,Commune de Molinchart (02),false,{02489},Commune,2026-03-24 14:41:52.020251+01,gold_establishments_2025,,,,21020466500017,2025,Collectivité Territoriale,Commune,['Aisne'],['Hauts-de-France'],COM,{02},{32}
7cf720e7-77fa-4450-97e0-871b126f1277,210500773,Commune de Molines-en-Queyras (05),false,{05077},Commune,2026-03-24 14:41:52.562531+01,gold_establishments_2025,,,,21050077300010,2025,Collectivité Territoriale,Commune,['Hautes-Alpes'],"[""Provence-Alpes-Côte d'Azur""]",COM,{05},{93}
fda06e5b-9bad-411d-9335-09ef32f16c6a,210301735,Commune de Molinet (03),false,{03173},Commune,2026-03-24 14:41:52.020251+01,gold_establishments_2025,,,,21030173500010,2025,Collectivité Territoriale,Commune,['Allier'],['Auvergne-Rhône-Alpes'],COM,{03},{84}
36653237-8f18-4eea-93e2-f2949283524d,218902617,Commune de Molinons (89),false,{89261},Commune,2026-03-24 14:42:11.118516+01,gold_establishments_2025,,,,21890261700016,2025,Collectivité Territoriale,Commune,['Yonne'],['Bourgogne-Franche-Comté'],COM,{89},{27}
0e38d315-621a-4e15-82f7-65b44e1ddc5d,212104202,Commune de Molinot (21),false,{21420},Commune,2026-03-24 14:41:55.433389+01,gold_establishments_2025,,,,21210420200016,2025,Collectivité Territoriale,Commune,"[""Côte-d'Or""]",['Bourgogne-Franche-Comté'],COM,{21},{27}
822d7c6a-d17e-47a4-bc25-ca81e8de4070,211002365,Commune de Molins-sur-Aube (10),false,{10243},Commune,2026-03-24 14:41:53.095366+01,gold_establishments_2025,,,,21100236500016,2025,Collectivité Territoriale,Commune,['Aube'],['Grand Est'],COM,{10},{44}
e981fa0c-192e-4213-93c9-6f02ac5a2ea1,216601096,Commune de Molitg-les-Bains (66),false,{66109},Commune,2026-03-24 14:42:06.665412+01,gold_establishments_2025,,,,21660109600011,2025,Collectivité Territoriale,Commune,['Pyrénées-Orientales'],['Occitanie'],COM,{66},{76}
8a77aa4a-f932-4420-9bbe-5290e3da3eba,212402739,Commune de Molières (24),false,{24273},Commune,2026-03-24 14:41:55.958138+01,gold_establishments_2025,,,,21240273900016,2025,Collectivité Territoriale,Commune,['Dordogne'],['Nouvelle-Aquitaine'],COM,{24},{75}
97017ad7-baf2-4690-b816-5fd96d00f665,214601957,Commune de Molières (46),false,{46195},Commune,2026-03-24 14:42:00.862623+01,gold_establishments_2025,,,,21460195700019,2025,Collectivité Territoriale,Commune,['Lot'],['Occitanie'],COM,{46},{76}
a4184d4e-7095-4817-9bb3-a03151aed37a,218201135,Commune de Molières (82),false,{82113},Commune,2026-03-24 14:42:10.508772+01,gold_establishments_2025,,,,21820113500017,2025,Collectivité Territoriale,Commune,['Tarn-et-Garonne'],['Occitanie'],COM,{82},{76}
62f613ac-6554-45c8-b382-c39a3bff9bc2,213001704,Commune de Molières-Cavaillac (30),false,{30170},Commune,2026-03-24 14:41:57.56054+01,gold_establishments_2025,,,,21300170400013,2025,Collectivité Territoriale,Commune,['Gard'],['Occitanie'],COM,{30},{76}
49f57d50-1e0d-4b63-a70f-ebc341dfe345,213001712,Commune de Molières-sur-Cèze (30),false,{30171},Commune,2026-03-24 14:41:57.56054+01,gold_establishments_2025,,,,21300171200016,2025,Collectivité Territoriale,Commune,['Gard'],['Occitanie'],COM,{30},{76}
7b6c634a-4429-4d2b-bf41-a3f1ae4aea60,217003516,Commune de Mollans (70),false,{70351},Commune,2026-03-24 14:42:07.735343+01,gold_establishments_2025,,,,21700351600010,2025,Collectivité Territoriale,Commune,['Haute-Saône'],['Bourgogne-Franche-Comté'],COM,{70},{27}
9c2d7b18-3d61-40c7-b91d-bdc96a774d36,212601884,Commune de Mollans-sur-Ouvèze (26),false,{26188},Commune,2026-03-24 14:41:56.495197+01,gold_establishments_2025,,,,21260188400019,2025,Collectivité Territoriale,Commune,['Drôme'],['Auvergne-Rhône-Alpes'],COM,{26},{84}
8942af24-d86b-4cbd-a2bf-ba6fabed211c,216802132,Commune de Mollau (68),false,{68213},Commune,2026-03-24 14:42:07.195692+01,gold_establishments_2025,,,,21680213200011,2025,Collectivité Territoriale,Commune,['Haut-Rhin'],['Grand Est'],COM,{68},{44}
a6f85799-7bae-4aad-accf-41e332bc171d,210301743,Commune de Molles (03),false,{03174},Commune,2026-03-24 14:41:52.020251+01,gold_establishments_2025,,,,21030174300014,2025,Collectivité Territoriale,Commune,['Allier'],['Auvergne-Rhône-Alpes'],COM,{03},{84}
2e6ebeab-ea21-45d8-b92e-6789f7d74763,211102389,Commune de Molleville (11),false,{11238},Commune,2026-03-24 14:41:53.63825+01,gold_establishments_2025,,,,21110238900015,2025,Collectivité Territoriale,Commune,['Aude'],['Occitanie'],COM,{11},{76}
837a7879-4325-46e4-b22a-53d69a3a680a,218005254,Commune de Molliens-Dreuil (80),false,{80554},Commune,2026-03-24 14:42:09.967209+01,gold_establishments_2025,,,,21800525400014,2025,Collectivité Territoriale,Commune,['Somme'],['Hauts-de-France'],COM,{80},{32}
8f9c698d-52be-487b-b57c-1cd147b3f8db,218005247,Commune de Molliens-au-Bois (80),false,{80553},Commune,2026-03-24 14:42:09.967209+01,gold_establishments_2025,,,,21800524700018,2025,Collectivité Territoriale,Commune,['Somme'],['Hauts-de-France'],COM,{80},{32}
6eece6c2-e5c4-4b6e-b998-c3da5a51cd7f,216702993,Commune de Mollkirch (67),false,{67299},Commune,2026-03-24 14:42:07.195692+01,gold_establishments_2025,,,,21670299300066,2025,Collectivité Territoriale,Commune,['Bas-Rhin'],['Grand Est'],COM,{67},{44}
ca777c08-3944-4f11-8a28-5f9c7ddda9fc,211300645,Commune de Mollégès (13),false,{13064},Commune,2026-03-24 14:41:53.63825+01,gold_establishments_2025,,,,21130064500010,2025,Collectivité Territoriale,Commune,['Bouches-du-Rhône'],"[""Provence-Alpes-Côte d'Azur""]",COM,{13},{93}
670f73da-9605-462d-b14f-73493fb5923b,211501275,Commune de Molompize (15),false,{15127},Commune,2026-03-24 14:41:54.362296+01,gold_establishments_2025,,,,21150127500013,2025,Collectivité Territoriale,Commune,['Cantal'],['Auvergne-Rhône-Alpes'],COM,{15},{84}
16e0aa84-ff98-4ccb-908f-662579b8d877,218902625,Commune de Molosmes (89),false,{89262},Commune,2026-03-24 14:42:11.118516+01,gold_establishments_2025,,,,21890262500019,2025,Collectivité Territoriale,Commune,['Yonne'],['Bourgogne-Franche-Comté'],COM,{89},{27}
719ab043-332a-47c5-ba28-dd0ae0c8ef71,212104210,Commune de Moloy (21),false,{21421},Commune,2026-03-24 14:41:55.433389+01,gold_establishments_2025,,,,21210421000019,2025,Collectivité Territoriale,Commune,"[""Côte-d'Or""]",['Bourgogne-Franche-Comté'],COM,{21},{27}
7ca2d5ca-55b4-4464-90ad-9c0d73fe4c7f,212104228,Commune de Molphey (21),false,{21422},Commune,2026-03-24 14:41:55.433389+01,gold_establishments_2025,,,,21210422800011,2025,Collectivité Territoriale,Commune,"[""Côte-d'Or""]",['Bourgogne-Franche-Comté'],COM,{21},{27}
b485485b-5dd3-4ed5-955e-c60624ea908d,215704701,Commune de Molring (57),false,{57470},Commune,2026-03-24 14:42:03.701372+01,gold_establishments_2025,,,,21570470100014,2025,Collectivité Territoriale,Commune,['Moselle'],['Grand Est'],COM,{57},{44}
75186dda-9e06-4c46-93fe-8311dcc92fa5,216703009,Commune de Molsheim (67),false,{67300},Commune,2026-03-24 14:42:07.195692+01,gold_establishments_2025,,,,21670300900011,2025,Collectivité Territoriale,Commune,['Bas-Rhin'],['Grand Est'],COM,{67},{44}
20dde17e-847d-4a77-8f9e-911067bc7e45,212001622,Commune de Moltifao (2B),false,{2B162},Commune,2026-03-24 14:41:57.56054+01,gold_establishments_2025,,,,21200162200019,2025,Collectivité Territoriale,Commune,['Haute-Corse'],['Corse'],COM,{2B},{94}
3fb42982-d772-48bc-b2ba-7a88f5efce42,211501267,Commune de Molèdes (15),false,{15126},Commune,2026-03-24 14:41:54.362296+01,gold_establishments_2025,,,,21150126700010,2025,Collectivité Territoriale,Commune,['Cantal'],['Auvergne-Rhône-Alpes'],COM,{15},{84}
03238a63-e010-45af-9735-61f41fb27c9c,212802565,Commune de Moléans (28),false,{28256},Commune,2026-03-24 14:41:57.028721+01,gold_establishments_2025,,,,21280256500011,2025,Collectivité Territoriale,Commune,['Eure-et-Loir'],['Centre-Val de Loire'],COM,{28},{24}
a28b52f2-aac3-4904-b60c-5f7deb548b31,216403873,Commune de Momas (64),false,{64387},Commune,2026-03-24 14:42:06.665412+01,gold_establishments_2025,,,,21640387300013,2025,Collectivité Territoriale,Commune,['Pyrénées-Atlantiques'],['Nouvelle-Aquitaine'],COM,{64},{75}
921d20f2-1446-4c58-828c-ae00ef9be3c3,213302854,Commune de Mombrier (33),false,{33285},Commune,2026-03-24 14:41:58.620411+01,gold_establishments_2025,,,,21330285400012,2025,Collectivité Territoriale,Commune,['Gironde'],['Nouvelle-Aquitaine'],COM,{33},{75}
eb273704-6074-402c-8c4f-c69c9b318872,215704719,Commune de Momerstroff (57),false,{57471},Commune,2026-03-24 14:42:03.701372+01,gold_establishments_2025,,,,21570471900016,2025,Collectivité Territoriale,Commune,['Moselle'],['Grand Est'],COM,{57},{44}
965bbf3b-48b1-4452-b059-7bf5c1153be8,216703017,Commune de Mommenheim (67),false,{67301},Commune,2026-03-24 14:42:07.195692+01,gold_establishments_2025,,,,21670301700014,2025,Collectivité Territoriale,Commune,['Bas-Rhin'],['Grand Est'],COM,{67},{44}
22084ec1-a735-49fd-a52f-b9cde98e560d,214001885,Commune de Momuy (40),false,{40188},Commune,2026-03-24 14:41:59.705606+01,gold_establishments_2025,,,,21400188500018,2025,Collectivité Territoriale,Commune,['Landes'],['Nouvelle-Aquitaine'],COM,{40},{75}
64ea822a-0aed-4485-9d6f-ceaf006110cc,216403881,Commune de Momy (64),false,{64388},Commune,2026-03-24 14:42:06.665412+01,gold_establishments_2025,,,,21640388100016,2025,Collectivité Territoriale,Commune,['Pyrénées-Atlantiques'],['Nouvelle-Aquitaine'],COM,{64},{75}
78817357-09cf-4019-8e1b-eca3a53b189f,216503136,Commune de Momères (65),false,{65313},Commune,2026-03-24 14:42:06.665412+01,gold_establishments_2025,,,,21650313600014,2025,Collectivité Territoriale,Commune,['Hautes-Pyrénées'],['Occitanie'],COM,{65},{76}
2d7afb4b-a3f7-4326-88c3-ab246d8f627e,212001630,Commune de Monacia-d'Aullène (2A),false,{2A163},Commune,2026-03-24 14:41:57.56054+01,gold_establishments_2025,,,,21200163000012,2025,Collectivité Territoriale,Commune,['Corse-du-Sud'],['Corse'],COM,{2A},{94}
228b1ace-9a52-4718-80f5-99a41c19e9d6,212001648,Commune de Monacia-d'Orezza (2B),false,{2B164},Commune,2026-03-24 14:41:57.56054+01,gold_establishments_2025,,,,21200164800014,2025,Collectivité Territoriale,Commune,['Haute-Corse'],['Corse'],COM,{2B},{94}
a9162c56-4577-407d-864b-fc63c4bcae0b,210204673,Commune de Monampteuil (02),false,{02490},Commune,2026-03-24 14:41:52.020251+01,gold_establishments_2025,,,,21020467300011,2025,Collectivité Territoriale,Commune,['Aisne'],['Hauts-de-France'],COM,{02},{32}
3ee12f38-473f-4f4d-9ec0-1547f74eb7aa,216403899,Commune de Monassut-Audiracq (64),false,{64389},Commune,2026-03-24 14:42:06.665412+01,gold_establishments_2025,,,,21640389900018,2025,Collectivité Territoriale,Commune,['Pyrénées-Atlantiques'],['Nouvelle-Aquitaine'],COM,{64},{75}
4adb524a-190d-4db2-895f-cfe6fe4ede2e,213903420,Commune de Monay (39),false,{39342},Commune,2026-03-24 14:41:59.705606+01,gold_establishments_2025,,,,21390342000015,2025,Collectivité Territoriale,Commune,['Jura'],['Bourgogne-Franche-Comté'],COM,{39},{27}
a0043fd5-eaec-49fd-a907-2a49aa45e423,214701708,Commune de Monbahus (47),false,{47170},Commune,2026-03-24 14:42:00.862623+01,gold_establishments_2025,,,,21470170800015,2025,Collectivité Territoriale,Commune,['Lot-et-Garonne'],['Nouvelle-Aquitaine'],COM,{47},{75}
b8a513a2-a411-41d0-97a3-527916f6fdd0,214701716,Commune de Monbalen (47),false,{47171},Commune,2026-03-24 14:42:00.862623+01,gold_establishments_2025,,,,21470171600018,2025,Collectivité Territoriale,Commune,['Lot-et-Garonne'],['Nouvelle-Aquitaine'],COM,{47},{75}
ef37bb54-b821-4d5d-aa29-924c3dd0c7d4,213202609,Commune de Monbardon (nan),false,{32260},Commune,2026-03-24 14:41:58.09424+01,gold_establishments_2025,,,,21320260900011,2025,Collectivité Territoriale,Commune,[''],[''],COM,,
7609f59f-512f-4968-acd1-9ac2efd78c42,212402747,Commune de Monbazillac (24),false,{24274},Commune,2026-03-24 14:41:55.958138+01,gold_establishments_2025,,,,21240274700019,2025,Collectivité Territoriale,Commune,['Dordogne'],['Nouvelle-Aquitaine'],COM,{24},{75}
c515d239-56ab-4472-a8c8-229363843b6b,213202617,Commune de Monblanc (32),false,{32261},Commune,2026-03-24 14:41:58.09424+01,gold_establishments_2025,,,,21320261700014,2025,Collectivité Territoriale,Commune,['Gers'],['Occitanie'],COM,{32},{76}
de6cc88b-ac0c-482e-bee1-9e9ec111cff9,213202625,Commune de Monbrun (32),false,{32262},Commune,2026-03-24 14:41:58.09424+01,gold_establishments_2025,,,,21320262500017,2025,Collectivité Territoriale,Commune,['Gers'],['Occitanie'],COM,{32},{76}
d0244c42-b328-47ea-9c3d-6ccab005a980,218201143,Commune de Monbéqui (82),false,{82114},Commune,2026-03-24 14:42:10.508772+01,gold_establishments_2025,,,,21820114300011,2025,Collectivité Territoriale,Commune,['Tarn-et-Garonne'],['Occitanie'],COM,{82},{76}
3c64a601-a78e-465b-8eec-caa25223f145,212001655,Commune de Moncale (2B),false,{2B165},Commune,2026-03-24 14:41:57.56054+01,gold_establishments_2025,,,,21200165500019,2025,Collectivité Territoriale,Commune,['Haute-Corse'],['Corse'],COM,{2B},{94}
4a8c5f78-7fdf-4114-ae65-36d782033b25,213202633,Commune de Moncassin (32),false,{32263},Commune,2026-03-24 14:41:58.09424+01,gold_establishments_2025,,,,21320263300011,2025,Collectivité Territoriale,Commune,['Gers'],['Occitanie'],COM,{32},{76}
415d1c14-1d24-4ab9-b9b6-ce2d8388c5ad,213103484,Commune de Moncaup (31),false,{31348},Commune,2026-03-24 14:41:58.09424+01,gold_establishments_2025,,,,21310348400019,2025,Collectivité Territoriale,Commune,['Haute-Garonne'],['Occitanie'],COM,{31},{76}
8ff79236-d0c6-4458-9938-3be3624ec95b,216403907,Commune de Moncaup (64),false,{64390},Commune,2026-03-24 14:42:06.665412+01,gold_establishments_2025,,,,21640390700019,2025,Collectivité Territoriale,Commune,['Pyrénées-Atlantiques'],['Nouvelle-Aquitaine'],COM,{64},{75}
ee2d3c35-72aa-486d-bad1-738504bfcf47,214701724,Commune de Moncaut (47),false,{47172},Commune,2026-03-24 14:42:00.862623+01,gold_establishments_2025,,,,21470172400012,2025,Collectivité Territoriale,Commune,['Lot-et-Garonne'],['Nouvelle-Aquitaine'],COM,{47},{75}
c3f723cf-59c7-4da8-bbaf-8a8143115c53,216403915,Commune de Moncayolle-Larrory-Mendibieu (64),false,{64391},Commune,2026-03-24 14:42:06.665412+01,gold_establishments_2025,,,,21640391500012,2025,Collectivité Territoriale,Commune,['Pyrénées-Atlantiques'],['Nouvelle-Aquitaine'],COM,{64},{75}
cdc05b26-7ee8-4aa6-b68b-966410b3d49c,215904061,Commune de Monceau-Saint-Waast (59),false,{59406},Commune,2026-03-24 14:42:04.280096+01,gold_establishments_2025,,,,21590406100011,2025,Collectivité Territoriale,Commune,['Nord'],['Hauts-de-France'],COM,{59},{32}
25a1bbf0-9add-4874-842d-99b88a9d4f78,210204681,Commune de Monceau-le-Neuf-et-Faucouzy (02),false,{02491},Commune,2026-03-24 14:41:52.020251+01,gold_establishments_2025,,,,21020468100014,2025,Collectivité Territoriale,Commune,['Aisne'],['Hauts-de-France'],COM,{02},{32}
be6b1ca6-d6a9-40ec-8f34-b60539c7dfce,210204707,Commune de Monceau-le-Waast (02),false,{02493},Commune,2026-03-24 14:41:52.020251+01,gold_establishments_2025,,,,21020470700017,2025,Collectivité Territoriale,Commune,['Aisne'],['Hauts-de-France'],COM,{02},{32}
8e10a1ed-341a-41b4-b8e4-51590c81570b,210204699,Commune de Monceau-lès-Leups (02),false,{02492},Commune,2026-03-24 14:41:52.020251+01,gold_establishments_2025,,,,21020469900016,2025,Collectivité Territoriale,Commune,['Aisne'],['Hauts-de-France'],COM,{02},{32}
bf71f358-9db0-4c01-b943-2eb826bc3040,210204715,Commune de Monceau-sur-Oise (02),false,{02494},Commune,2026-03-24 14:41:52.020251+01,gold_establishments_2025,,,,21020471500010,2025,Collectivité Territoriale,Commune,['Aisne'],['Hauts-de-France'],COM,{02},{32}
a886e786-a93c-4602-91ad-312c380a2d07,216004028,Commune de Monceaux (60),false,{60406},Commune,2026-03-24 14:42:04.814328+01,gold_establishments_2025,,,,21600402800017,2025,Collectivité Territoriale,Commune,['Oise'],['Hauts-de-France'],COM,{60},{32}
8388f176-291e-4fb8-85b2-957180d6f5e3,211404363,Commune de Monceaux-en-Bessin (14),false,{14436},Commune,2026-03-24 14:41:54.362296+01,gold_establishments_2025,,,,21140436300015,2025,Collectivité Territoriale,Commune,['Calvados'],['Normandie'],COM,{14},{28}
75ea352d-e476-4d2c-a604-aeaf476d6c8a,216004036,Commune de Monceaux-l'Abbaye (60),false,{60407},Commune,2026-03-24 14:42:04.814328+01,gold_establishments_2025,,,,21600403600010,2025,Collectivité Territoriale,Commune,['Oise'],['Hauts-de-France'],COM,{60},{32}
09ebd350-efcd-447f-8e3e-48adac73752b,215801705,Commune de Monceaux-le-Comte (58),false,{58170},Commune,2026-03-24 14:42:04.280096+01,gold_establishments_2025,,,,21580170500017,2025,Collectivité Territoriale,Commune,['Nièvre'],['Bourgogne-Franche-Comté'],COM,{58},{27}
175b45a7-ed51-4613-8000-ab8618587770,211914007,Commune de Monceaux-sur-Dordogne (19),false,{19140},Commune,2026-03-24 14:41:54.903238+01,gold_establishments_2025,,,,21191400700011,2025,Collectivité Territoriale,Commune,['Corrèze'],['Nouvelle-Aquitaine'],COM,{19},{75}
ee8e24b4-c3bd-4a94-a916-fcedc5bc199d,215403734,Commune de Moncel-lès-Lunéville (54),false,{54373},Commune,2026-03-24 14:42:02.957225+01,gold_establishments_2025,,,,21540373400068,2025,Collectivité Territoriale,Commune,['Meurthe-et-Moselle'],['Grand Est'],COM,{54},{44}
b63f9273-7932-4161-bbca-bcf90c9221e9,215403742,Commune de Moncel-sur-Seille (54),false,{54374},Commune,2026-03-24 14:42:02.957225+01,gold_establishments_2025,,,,21540374200012,2025,Collectivité Territoriale,Commune,['Meurthe-et-Moselle'],['Grand Est'],COM,{54},{44}
b3941fb9-2317-4b17-847d-7dc2d055c03d,218803054,Commune de Moncel-sur-Vair (88),false,{88305},Commune,2026-03-24 14:42:11.118516+01,gold_establishments_2025,,,,21880305400012,2025,Collectivité Territoriale,Commune,['Vosges'],['Grand Est'],COM,{88},{44}
0c900f02-c184-4f2b-b642-a07a8617ed79,215103474,Commune de Moncetz-Longevas (51),false,{51372},Commune,2026-03-24 14:42:01.954481+01,gold_establishments_2025,,,,21510347400015,2025,Collectivité Territoriale,Commune,['Marne'],['Grand Est'],COM,{51},{44}
8f85572c-5e10-453a-8d5a-6ec0d3bc4916,215103482,Commune de Moncetz-l'Abbaye (51),false,{51373},Commune,2026-03-24 14:42:01.954481+01,gold_establishments_2025,,,,21510348200018,2025,Collectivité Territoriale,Commune,['Marne'],['Grand Est'],COM,{51},{44}
dd80210a-90b7-4452-a7f2-f78dd84d6608,212503825,Commune de Moncey (25),false,{25382},Commune,2026-03-24 14:41:56.495197+01,gold_establishments_2025,,,,21250382500011,2025,Collectivité Territoriale,Commune,['Doubs'],['Bourgogne-Franche-Comté'],COM,{25},{27}
75643add-8d6e-4934-95be-451a31faecb7,217604412,Commune de Monchaux-Soreng (76),false,{76441},Commune,2026-03-24 14:42:08.818969+01,gold_establishments_2025,,,,21760441200015,2025,Collectivité Territoriale,Commune,['Seine-Maritime'],['Normandie'],COM,{76},{28}
83545e40-9136-4384-a931-5441cf79a06a,215904079,Commune de Monchaux-sur-Écaillon (59),false,{59407},Commune,2026-03-24 14:42:04.280096+01,gold_establishments_2025,,,,21590407900013,2025,Collectivité Territoriale,Commune,['Nord'],['Hauts-de-France'],COM,{59},{32}
01ff428a-e08c-4342-8faf-b04471b86d4b,215904087,Commune de Moncheaux (59),false,{59408},Commune,2026-03-24 14:42:04.280096+01,gold_establishments_2025,,,,21590408700016,2025,Collectivité Territoriale,Commune,['Nord'],['Hauts-de-France'],COM,{59},{32}
0ab96eef-7172-4496-8d2f-2959a09b5388,216205765,Commune de Moncheaux-lès-Frévent (62),false,{62576},Commune,2026-03-24 14:42:05.597325+01,gold_establishments_2025,,,,21620576500011,2025,Collectivité Territoriale,Commune,['Pas-de-Calais'],['Hauts-de-France'],COM,{62},{32}
8385add6-f142-40ce-9b52-cabdf7b6f1e2,215904095,Commune de Monchecourt (59),false,{59409},Commune,2026-03-24 14:42:04.280096+01,gold_establishments_2025,,,,21590409500019,2025,Collectivité Territoriale,Commune,['Nord'],['Hauts-de-France'],COM,{59},{32}
bf20505f-e3b2-4b6c-ae65-b784d371739c,216205773,Commune de Monchel-sur-Canche (62),false,{62577},Commune,2026-03-24 14:42:05.597325+01,gold_establishments_2025,,,,21620577300015,2025,Collectivité Territoriale,Commune,['Pas-de-Calais'],['Hauts-de-France'],COM,{62},{32}
7e628880-1171-4a0d-800d-b14c5ffd2a28,215704727,Commune de Moncheux (57),false,{57472},Commune,2026-03-24 14:42:03.701372+01,gold_establishments_2025,,,,21570472700019,2025,Collectivité Territoriale,Commune,['Moselle'],['Grand Est'],COM,{57},{44}
28d74a97-ebf9-40fc-b6eb-0623b080881e,216205781,Commune de Monchiet (62),false,{62578},Commune,2026-03-24 14:42:05.597325+01,gold_establishments_2025,,,,21620578100018,2025,Collectivité Territoriale,Commune,['Pas-de-Calais'],['Hauts-de-France'],COM,{62},{32}
c38e3171-a570-4cdf-a46d-00dd0936faca,216205807,Commune de Monchy-Breton (62),false,{62580},Commune,2026-03-24 14:42:05.597325+01,gold_establishments_2025,,,,21620580700011,2025,Collectivité Territoriale,Commune,['Pas-de-Calais'],['Hauts-de-France'],COM,{62},{32}
c3bb562e-ee7d-4b5c-b3d8-e4e4132b084a,216205815,Commune de Monchy-Cayeux (62),false,{62581},Commune,2026-03-24 14:42:05.597325+01,gold_establishments_2025,,,,21620581500030,2025,Collectivité Territoriale,Commune,['Pas-de-Calais'],['Hauts-de-France'],COM,{62},{32}
276519ab-ec4a-4fee-82c0-79ae2fbe4bf0,216004044,Commune de Monchy-Humières (60),false,{60408},Commune,2026-03-24 14:42:04.814328+01,gold_establishments_2025,,,,21600404400014,2025,Collectivité Territoriale,Commune,['Oise'],['Hauts-de-France'],COM,{60},{32}
265f0bee-a1a9-495c-9c86-cbc53fccbd1f,218005262,Commune de Monchy-Lagache (80),false,{80555},Commune,2026-03-24 14:42:09.967209+01,gold_establishments_2025,,,,21800526200017,2025,Collectivité Territoriale,Commune,['Somme'],['Hauts-de-France'],COM,{80},{32}
870c6cf4-902f-4edb-8e4e-5478d4f98996,216004051,Commune de Monchy-Saint-Éloi (60),false,{60409},Commune,2026-03-24 14:42:04.814328+01,gold_establishments_2025,,,,21600405100019,2025,Collectivité Territoriale,Commune,['Oise'],['Hauts-de-France'],COM,{60},{32}
ed0ae0a9-c15b-42e0-af0a-2f7072680bd3,216205799,Commune de Monchy-au-Bois (62),false,{62579},Commune,2026-03-24 14:42:05.597325+01,gold_establishments_2025,,,,21620579900010,2025,Collectivité Territoriale,Commune,['Pas-de-Calais'],['Hauts-de-France'],COM,{62},{32}
e30ab457-4752-46df-8405-18201c9d771e,216205823,Commune de Monchy-le-Preux (62),false,{62582},Commune,2026-03-24 14:42:05.597325+01,gold_establishments_2025,,,,21620582300018,2025,Collectivité Territoriale,Commune,['Pas-de-Calais'],['Hauts-de-France'],COM,{62},{32}
2a880678-2626-46ae-a7cd-8add687a1330,217604420,Commune de Monchy-sur-Eu (76),false,{76442},Commune,2026-03-24 14:42:08.818969+01,gold_establishments_2025,,,,21760442000018,2025,Collectivité Territoriale,Commune,['Seine-Maritime'],['Normandie'],COM,{76},{28}
def06005-439e-4253-a764-564f63e54dec,216403923,Commune de Moncla (64),false,{64392},Commune,2026-03-24 14:42:06.665412+01,gold_establishments_2025,,,,21640392300016,2025,Collectivité Territoriale,Commune,['Pyrénées-Atlantiques'],['Nouvelle-Aquitaine'],COM,{64},{75}
63cc594b-7c75-41f9-bb40-c792e11e6533,213202641,Commune de Monclar (32),false,{32264},Commune,2026-03-24 14:41:58.09424+01,gold_establishments_2025,,,,21320264100014,2025,Collectivité Territoriale,Commune,['Gers'],['Occitanie'],COM,{32},{76}
a46a544a-77ad-4a2b-b3d5-e01abd9e98be,214701732,Commune de Monclar (47),false,{47173},Commune,2026-03-24 14:42:00.862623+01,gold_establishments_2025,,,,21470173200015,2025,Collectivité Territoriale,Commune,['Lot-et-Garonne'],['Nouvelle-Aquitaine'],COM,{47},{75}
2822e392-c002-4839-8c2f-8fbcc2fa46be,218201150,Commune de Monclar-de-Quercy (82),false,{82115},Commune,2026-03-24 14:42:10.508772+01,gold_establishments_2025,,,,21820115000016,2025,Collectivité Territoriale,Commune,['Tarn-et-Garonne'],['Occitanie'],COM,{82},{76}
439b4bd6-8a57-47d0-861d-fd506a27c63a,213202658,Commune de Monclar-sur-Losse (32),false,{32265},Commune,2026-03-24 14:41:58.09424+01,gold_establishments_2025,,,,21320265800018,2025,Collectivité Territoriale,Commune,['Gers'],['Occitanie'],COM,{32},{76}
10179895-d531-476f-a931-c92a1b5cda99,212503833,Commune de Moncley (25),false,{25383},Commune,2026-03-24 14:41:56.495197+01,gold_establishments_2025,,,,21250383300015,2025,Collectivité Territoriale,Commune,['Doubs'],['Bourgogne-Franche-Comté'],COM,{25},{27}
440542b4-3aae-4226-b195-361bf974497d,212201537,Commune de Moncontour (22),false,{22153},Commune,2026-03-24 14:41:55.433389+01,gold_establishments_2025,,,,21220153700017,2025,Collectivité Territoriale,Commune,"[""Côtes-d'Armor""]",['Bretagne'],COM,{22},{53}
bd5de020-0496-419f-9861-aa7ba6ac1db6,218601615,Commune de Moncontour (86),false,{86161},Commune,2026-03-24 14:42:10.508772+01,gold_establishments_2025,,,,21860161500014,2025,Collectivité Territoriale,Commune,['Vienne'],['Nouvelle-Aquitaine'],COM,{86},{75}
702d9837-320f-4027-ae99-b2c358b15c04,213202666,Commune de Moncorneil-Grazan (32),false,{32266},Commune,2026-03-24 14:41:58.09424+01,gold_establishments_2025,,,,21320266600011,2025,Collectivité Territoriale,Commune,['Gers'],['Occitanie'],COM,{32},{76}
8383b336-fb11-4e01-8e82-049fcc19156c,215704735,Commune de Moncourt (57),false,{57473},Commune,2026-03-24 14:42:03.701372+01,gold_establishments_2025,,,,21570473500012,2025,Collectivité Territoriale,Commune,['Moselle'],['Grand Est'],COM,{57},{44}
52217acf-553e-4337-a687-7500b1a5220b,217703024,Commune de Moncourt-Fromonville (77),false,{77302},Commune,2026-03-24 14:42:09.43682+01,gold_establishments_2025,,,,21770302400018,2025,Collectivité Territoriale,Commune,['Seine-et-Marne'],['Île-de-France'],COM,{77},{11}
9837c7f4-8dce-4057-a0c1-a6f2f8699b1a,200085264,Commune de Moncoutant-sur-Sèvre (79),false,{79179},Commune,2026-03-24 14:42:09.43682+01,gold_establishments_2025,,,,20008526400014,2025,Collectivité Territoriale,Commune,['Deux-Sèvres'],['Nouvelle-Aquitaine'],COM,{79},{75}
34689709-21e8-4e81-9d14-82a021b43fd7,214701740,Commune de Moncrabeau (47),false,{47174},Commune,2026-03-24 14:42:00.862623+01,gold_establishments_2025,,,,21470174000018,2025,Collectivité Territoriale,Commune,['Lot-et-Garonne'],['Nouvelle-Aquitaine'],COM,{47},{75}
4e4a8fe1-6ade-4526-b20b-bcf70bc7ad62,216102814,Commune de Moncy (61),false,{61281},Commune,2026-03-24 14:42:05.597325+01,gold_establishments_2025,,,,21610281400011,2025,Collectivité Territoriale,Commune,['Orne'],['Normandie'],COM,{61},{28}
c22509c7-a155-497b-8df1-b65f23aef04d,217202001,Commune de Moncé-en-Belin (72),false,{72200},Commune,2026-03-24 14:42:08.279287+01,gold_establishments_2025,,,,21720200100012,2025,Collectivité Territoriale,Commune,['Sarthe'],['Pays de la Loire'],COM,{72},{52}
a02a98e3-595e-4ac7-b43e-3647aacaedcc,217202019,Commune de Moncé-en-Saosnois (72),false,{72201},Commune,2026-03-24 14:42:08.279287+01,gold_establishments_2025,,,,21720201900014,2025,Collectivité Territoriale,Commune,['Sarthe'],['Pays de la Loire'],COM,{72},{52}
79ce373b-91ee-4452-9e9c-61512c52e26e,213103492,Commune de Mondavezan (31),false,{31349},Commune,2026-03-24 14:41:58.09424+01,gold_establishments_2025,,,,21310349200012,2025,Collectivité Territoriale,Commune,['Haute-Garonne'],['Occitanie'],COM,{31},{76}
c2b3920e-d6cb-4eaf-b887-b2135d9a507d,215704743,Commune de Mondelange (57),false,{57474},Commune,2026-03-24 14:42:03.701372+01,gold_establishments_2025,,,,21570474300016,2025,Collectivité Territoriale,Commune,['Moselle'],['Grand Est'],COM,{57},{44}
8079b963-9daa-4134-a9c6-d46b168b8b36,215103490,Commune de Mondement-Montgivroux (51),false,{51374},Commune,2026-03-24 14:42:01.954481+01,gold_establishments_2025,,,,21510349000011,2025,Collectivité Territoriale,Commune,['Marne'],['Grand Est'],COM,{51},{44}
2ae32bc8-7608-40a0-9887-719ce209be30,216004069,Commune de Mondescourt (60),false,{60410},Commune,2026-03-24 14:42:04.814328+01,gold_establishments_2025,,,,21600406900011,2025,Collectivité Territoriale,Commune,['Oise'],['Hauts-de-France'],COM,{60},{32}
335e9f88-86e5-43f7-810f-797120009acf,213501836,Commune de Mondevert (35),false,{35183},Commune,2026-03-24 14:41:58.620411+01,gold_establishments_2025,,,,21350183600018,2025,Collectivité Territoriale,Commune,['Ille-et-Vilaine'],['Bretagne'],COM,{35},{53}
cd6d47ac-336e-4b6d-a34f-481a9bd03105,211404371,Commune de Mondeville (14),false,{14437},Commune,2026-03-24 14:41:54.362296+01,gold_establishments_2025,,,,21140437100018,2025,Collectivité Territoriale,Commune,['Calvados'],['Normandie'],COM,{14},{28}
e06e1394-a1a7-4dfa-9b5c-3f2a5d5256c4,219104122,Commune de Mondeville (91),false,{91412},Commune,2026-03-24 14:42:11.659493+01,gold_establishments_2025,,,,21910412200011,2025,Collectivité Territoriale,Commune,['Essonne'],['Île-de-France'],COM,{91},{11}
76dffa1e-dc8a-42c1-a81e-f3d852d480f8,216205831,Commune de Mondicourt (62),false,{62583},Commune,2026-03-24 14:42:05.597325+01,gold_establishments_2025,,,,21620583100011,2025,Collectivité Territoriale,Commune,['Pas-de-Calais'],['Hauts-de-France'],COM,{62},{32}
dfeb98da-2d68-4185-934b-7d732e9a956f,210802641,Commune de Mondigny (08),false,{08295},Commune,2026-03-24 14:41:53.095366+01,gold_establishments_2025,,,,21080264100014,2025,Collectivité Territoriale,Commune,['Ardennes'],['Grand Est'],COM,{08},{44}
f3f9db24-cb7f-45ca-91dc-285b3857d52c,213103500,Commune de Mondilhan (31),false,{31350},Commune,2026-03-24 14:41:58.09424+01,gold_establishments_2025,,,,21310350000012,2025,Collectivité Territoriale,Commune,['Haute-Garonne'],['Occitanie'],COM,{31},{76}
5a73c2b3-2836-444c-a837-0550f25a74fd,218601623,Commune de Mondion (86),false,{86162},Commune,2026-03-24 14:42:10.508772+01,gold_establishments_2025,,,,21860162300018,2025,Collectivité Territoriale,Commune,['Vienne'],['Nouvelle-Aquitaine'],COM,{86},{75}
eddc0def-bd5c-4004-a8aa-013a57e36047,212503841,Commune de Mondon (25),false,{25384},Commune,2026-03-24 14:41:56.495197+01,gold_establishments_2025,,,,21250384100018,2025,Collectivité Territoriale,Commune,['Doubs'],['Bourgogne-Franche-Comté'],COM,{25},{27}
59933b88-424d-41e5-94ec-e41950c81445,213103518,Commune de Mondonville (31),false,{31351},Commune,2026-03-24 14:41:58.09424+01,gold_establishments_2025,,,,21310351800063,2025,Collectivité Territoriale,Commune,['Haute-Garonne'],['Occitanie'],COM,{31},{76}
da68f94b-cabf-4000-b516-3450387dfdf3,212802573,Commune de Mondonville-Saint-Jean (28),false,{28257},Commune,2026-03-24 14:41:57.028721+01,gold_establishments_2025,,,,21280257300015,2025,Collectivité Territoriale,Commune,['Eure-et-Loir'],['Centre-Val de Loire'],COM,{28},{24}
8cd1c08b-2d1d-4a93-8d4f-987c77df5007,215704750,Commune de Mondorff (57),false,{57475},Commune,2026-03-24 14:42:03.701372+01,gold_establishments_2025,,,,21570475000011,2025,Collectivité Territoriale,Commune,['Moselle'],['Grand Est'],COM,{57},{44}
541c1a09-90ee-454c-8da9-3f1d5bc40adc,214101438,Commune de Mondoubleau (41),false,{41143},Commune,2026-03-24 14:42:00.273698+01,gold_establishments_2025,,,,21410143800015,2025,Collectivité Territoriale,Commune,['Loir-et-Cher'],['Centre-Val de Loire'],COM,{41},{24}
2f77b0c7-3f24-4bd2-8bed-d68f9b50743e,213103526,Commune de Mondouzil (31),false,{31352},Commune,2026-03-24 14:41:58.09424+01,gold_establishments_2025,,,,21310352600017,2025,Collectivité Territoriale,Commune,['Haute-Garonne'],['Occitanie'],COM,{31},{76}
1b436a61-67f0-433b-903e-b5e54c22a29f,218400786,Commune de Mondragon (84),false,{84078},Commune,2026-03-24 14:42:10.508772+01,gold_establishments_2025,,,,21840078600016,2025,Collectivité Territoriale,Commune,['Vaucluse'],"[""Provence-Alpes-Côte d'Azur""]",COM,{84},{93}
ef918570-bef6-4400-9749-53a77209a8b0,211404389,Commune de Mondrainville (14),false,{14438},Commune,2026-03-24 14:41:54.362296+01,gold_establishments_2025,,,,21140438900010,2025,Collectivité Territoriale,Commune,['Calvados'],['Normandie'],COM,{14},{28}
5b339b79-7f0c-4b6b-8de0-f58a6d67bacd,210204723,Commune de Mondrepuis (02),false,{02495},Commune,2026-03-24 14:41:52.020251+01,gold_establishments_2025,,,,21020472300014,2025,Collectivité Territoriale,Commune,['Aisne'],['Hauts-de-France'],COM,{02},{32}
eeeaa755-afbf-4272-b94a-587fc78bab70,217702976,Commune de Mondreville (77),false,{77297},Commune,2026-03-24 14:42:09.43682+01,gold_establishments_2025,,,,21770297600010,2025,Collectivité Territoriale,Commune,['Seine-et-Marne'],['Île-de-France'],COM,{77},{11}
a4d75a82-cb13-4652-956c-e6bcdfc370a0,217804137,Commune de Mondreville (78),false,{78413},Commune,2026-03-24 14:42:09.43682+01,gold_establishments_2025,,,,21780413700016,2025,Collectivité Territoriale,Commune,['Yvelines'],['Île-de-France'],COM,{78},{11}
887bc8df-be52-4a21-9316-262881c1b987,216403931,Commune de Monein (64),false,{64393},Commune,2026-03-24 14:42:06.665412+01,gold_establishments_2025,,,,21640393100019,2025,Collectivité Territoriale,Commune,['Pyrénées-Atlantiques'],['Nouvelle-Aquitaine'],COM,{64},{75}
36e7c339-0aa6-4a9e-8398-88e6b6ce0ec4,210901955,Commune de Monesple (09),false,{09195},Commune,2026-03-24 14:41:53.095366+01,gold_establishments_2025,,,,21090195500018,2025,Collectivité Territoriale,Commune,['Ariège'],['Occitanie'],COM,{09},{76}
401923ba-4f71-46b7-bb2f-1858426491dd,210301750,Commune de Monestier (03),false,{03175},Commune,2026-03-24 14:41:52.020251+01,gold_establishments_2025,,,,21030175000019,2025,Collectivité Territoriale,Commune,['Allier'],['Auvergne-Rhône-Alpes'],COM,{03},{84}
82857070-5378-496b-84b6-aa23bc57b525,210701603,Commune de Monestier (07),false,{07160},Commune,2026-03-24 14:41:52.562531+01,gold_establishments_2025,,,,21070160300016,2025,Collectivité Territoriale,Commune,['Ardèche'],['Auvergne-Rhône-Alpes'],COM,{07},{84}
85904edd-7b58-4d21-a046-7ba3fbed6804,212402762,Commune de Monestier (24),false,{24276},Commune,2026-03-24 14:41:55.958138+01,gold_establishments_2025,,,,21240276200018,2025,Collectivité Territoriale,Commune,['Dordogne'],['Nouvelle-Aquitaine'],COM,{24},{75}
3b6f8a0b-0c2e-476c-b240-a1d3a3a40632,211914106,Commune de Monestier-Merlines (19),false,{19141},Commune,2026-03-24 14:41:54.903238+01,gold_establishments_2025,,,,21191410600011,2025,Collectivité Territoriale,Commune,['Corrèze'],['Nouvelle-Aquitaine'],COM,{19},{75}
2200c6a7-26b2-4450-bdd5-7a1e62f1a6c1,211914205,Commune de Monestier-Port-Dieu (19),false,{19142},Commune,2026-03-24 14:41:54.903238+01,gold_establishments_2025,,,,21191420500011,2025,Collectivité Territoriale,Commune,['Corrèze'],['Nouvelle-Aquitaine'],COM,{19},{75}
f60fc3b6-da2d-4d42-8dfe-7c1dc2464cf0,213802416,Commune de Monestier-d'Ambel (38),false,{38241},Commune,2026-03-24 14:41:59.160244+01,gold_establishments_2025,,,,21380241600015,2025,Collectivité Territoriale,Commune,['Isère'],['Auvergne-Rhône-Alpes'],COM,{38},{84}
cbf91b81-9a69-4800-a4fd-cd15e4817aa1,213802424,Commune de Monestier-de-Clermont (38),false,{38242},Commune,2026-03-24 14:41:59.160244+01,gold_establishments_2025,,,,21380242400019,2025,Collectivité Territoriale,Commune,['Isère'],['Auvergne-Rhône-Alpes'],COM,{38},{84}
930d5230-459a-4fe8-9531-58b2e8310017,213802432,Commune de Monestier-du-Percy (38),false,{38243},Commune,2026-03-24 14:41:59.160244+01,gold_establishments_2025,,,,21380243200012,2025,Collectivité Territoriale,Commune,['Isère'],['Auvergne-Rhône-Alpes'],COM,{38},{84}
0c5a52bd-d07e-4185-9213-d3831786268e,218101707,Commune de Monestiés (81),false,{81170},Commune,2026-03-24 14:42:09.967209+01,gold_establishments_2025,,,,21810170700014,2025,Collectivité Territoriale,Commune,['Tarn'],['Occitanie'],COM,{81},{76}
eba88870-1a89-4814-91bc-91948cfca1f5,213103542,Commune de Monestrol (31),false,{31354},Commune,2026-03-24 14:41:58.09424+01,gold_establishments_2025,,,,21310354200014,2025,Collectivité Territoriale,Commune,['Haute-Garonne'],['Occitanie'],COM,{31},{76}
bde99247-d7c9-47a4-b0c7-252f38fe1db1,212402770,Commune de Monfaucon (24),false,{24277},Commune,2026-03-24 14:41:55.958138+01,gold_establishments_2025,,,,21240277000011,2025,Collectivité Territoriale,Commune,['Dordogne'],['Nouvelle-Aquitaine'],COM,{24},{75}
7754c427-8d1e-4e57-9d69-3b4637eda732,216503144,Commune de Monfaucon (65),false,{65314},Commune,2026-03-24 14:42:06.665412+01,gold_establishments_2025,,,,21650314400018,2025,Collectivité Territoriale,Commune,['Hautes-Pyrénées'],['Occitanie'],COM,{65},{76}
83a07f38-c7bd-4243-b04b-075d42f36c8b,213202674,Commune de Monferran-Plavès (32),false,{32267},Commune,2026-03-24 14:41:58.09424+01,gold_establishments_2025,,,,21320267400015,2025,Collectivité Territoriale,Commune,['Gers'],['Occitanie'],COM,{32},{76}
c4546c56-6e7e-4105-8211-b3b38b17cf08,213202682,Commune de Monferran-Savès (32),false,{32268},Commune,2026-03-24 14:41:58.09424+01,gold_establishments_2025,,,,21320268200018,2025,Collectivité Territoriale,Commune,['Gers'],['Occitanie'],COM,{32},{76}
11ceffb6-4653-4494-84d4-5b1a098fbc95,214701757,Commune de Monflanquin (47),false,{47175},Commune,2026-03-24 14:42:00.862623+01,gold_establishments_2025,,,,21470175700012,2025,Collectivité Territoriale,Commune,['Lot-et-Garonne'],['Nouvelle-Aquitaine'],COM,{47},{75}
e3ac476e-a097-4bc1-afb5-a84269d1ab59,213202690,Commune de Monfort (32),false,{32269},Commune,2026-03-24 14:41:58.09424+01,gold_establishments_2025,,,,21320269000011,2025,Collectivité Territoriale,Commune,['Gers'],['Occitanie'],COM,{32},{76}
6482fa2b-6f85-44f2-90dc-ad560f9570e5,211404397,Commune de Monfréville (14),false,{14439},Commune,2026-03-24 14:41:54.362296+01,gold_establishments_2025,,,,21140439700013,2025,Collectivité Territoriale,Commune,['Calvados'],['Normandie'],COM,{14},{28}
b86b34bb-316f-4d96-89a5-dca5bcf613e8,213202708,Commune de Mongausy (32),false,{32270},Commune,2026-03-24 14:41:58.09424+01,gold_establishments_2025,,,,21320270800011,2025,Collectivité Territoriale,Commune,['Gers'],['Occitanie'],COM,{32},{76}
f370d618-cb71-4cec-aeb6-e7a410a1b066,213302870,Commune de Mongauzy (33),false,{33287},Commune,2026-03-24 14:41:58.620411+01,gold_establishments_2025,,,,21330287000018,2025,Collectivité Territoriale,Commune,['Gironde'],['Nouvelle-Aquitaine'],COM,{33},{75}
49d8a2b2-43c7-4a5b-b001-520fdd9512cd,214001893,Commune de Monget (40),false,{40189},Commune,2026-03-24 14:41:59.705606+01,gold_establishments_2025,,,,21400189300012,2025,Collectivité Territoriale,Commune,['Landes'],['Nouvelle-Aquitaine'],COM,{40},{75}
f865b814-f252-4f9d-b92f-f7849efc8a86,213202716,Commune de Monguilhem (32),false,{32271},Commune,2026-03-24 14:41:58.09424+01,gold_establishments_2025,,,,21320271600014,2025,Collectivité Territoriale,Commune,['Gers'],['Occitanie'],COM,{32},{76}
5af83b78-4fd9-459c-8e01-68df86bc6d56,214701773,Commune de Monheurt (47),false,{47177},Commune,2026-03-24 14:42:00.862623+01,gold_establishments_2025,,,,21470177300019,2025,Collectivité Territoriale,Commune,['Lot-et-Garonne'],['Nouvelle-Aquitaine'],COM,{47},{75}
3264e9b1-abbb-4472-96e5-c107a4f5ec35,217202027,Commune de Monhoudou (72),false,{72202},Commune,2026-03-24 14:42:08.279287+01,gold_establishments_2025,,,,21720202700017,2025,Collectivité Territoriale,Commune,['Sarthe'],['Pays de la Loire'],COM,{72},{52}
b2c1e293-0800-4c6e-bb63-f608d4f216f2,218400794,Commune de Monieux (84),false,{84079},Commune,2026-03-24 14:42:10.508772+01,gold_establishments_2025,,,,21840079400010,2025,Collectivité Territoriale,Commune,['Vaucluse'],"[""Provence-Alpes-Côte d'Azur""]",COM,{84},{93}
59489aa5-433b-457b-941f-3af92df1d80f,214301368,Commune de Monistrol-d'Allier (43),false,{43136},Commune,2026-03-24 14:42:00.273698+01,gold_establishments_2025,,,,21430136800012,2025,Collectivité Territoriale,Commune,['Haute-Loire'],['Auvergne-Rhône-Alpes'],COM,{43},{84}
a89a363a-0c26-4a41-88ed-a8b53a36bac1,214301376,Commune de Monistrol-sur-Loire (43),false,{43137},Commune,2026-03-24 14:42:00.273698+01,gold_establishments_2025,,,,21430137600015,2025,Collectivité Territoriale,Commune,['Haute-Loire'],['Auvergne-Rhône-Alpes'],COM,{43},{84}
636bd538-c40f-4574-8ff4-477652c73faa,213202724,Commune de Monlaur-Bernet (32),false,{32272},Commune,2026-03-24 14:41:58.09424+01,gold_establishments_2025,,,,21320272400018,2025,Collectivité Territoriale,Commune,['Gers'],['Occitanie'],COM,{32},{76}
6fee5ec0-4da3-4fa9-bdfc-9bf156b03896,214301384,Commune de Monlet (43),false,{43138},Commune,2026-03-24 14:42:00.273698+01,gold_establishments_2025,,,,21430138400019,2025,Collectivité Territoriale,Commune,['Haute-Loire'],['Auvergne-Rhône-Alpes'],COM,{43},{84}
07c9ff5a-a2e6-45af-9697-19c158144ead,213202732,Commune de Monlezun (32),false,{32273},Commune,2026-03-24 14:41:58.09424+01,gold_establishments_2025,,,,21320273200011,2025,Collectivité Territoriale,Commune,['Gers'],['Occitanie'],COM,{32},{76}
264254d1-1d26-4b49-9c4d-38e0d8edf5e4,213202740,Commune de Monlezun-d'Armagnac (32),false,{32274},Commune,2026-03-24 14:41:58.09424+01,gold_establishments_2025,,,,21320274000014,2025,Collectivité Territoriale,Commune,['Gers'],['Occitanie'],COM,{32},{76}
6a2c7d3d-1ebf-42a5-a872-e060e0295042,216503169,Commune de Monlong (65),false,{65316},Commune,2026-03-24 14:42:06.665412+01,gold_establishments_2025,,,,21650316900015,2025,Collectivité Territoriale,Commune,['Hautes-Pyrénées'],['Occitanie'],COM,{65},{76}
03768e2e-0e40-408c-8479-52c5d38f6bb5,216503151,Commune de Monléon-Magnoac (65),false,{65315},Commune,2026-03-24 14:42:06.665412+01,gold_establishments_2025,,,,21650315100013,2025,Collectivité Territoriale,Commune,['Hautes-Pyrénées'],['Occitanie'],COM,{65},{76}
2a5711c2-191e-4a6a-96cd-8170249b3759,212402788,Commune de Monmadalès (24),false,{24278},Commune,2026-03-24 14:41:55.958138+01,gold_establishments_2025,,,,21240278800013,2025,Collectivité Territoriale,Commune,['Dordogne'],['Nouvelle-Aquitaine'],COM,{24},{75}
2a4b55bf-90b9-4bd7-88fa-ddd8a4c17eb4,212402796,Commune de Monmarvès (24),false,{24279},Commune,2026-03-24 14:41:55.958138+01,gold_establishments_2025,,,,21240279600016,2025,Collectivité Territoriale,Commune,['Dordogne'],['Nouvelle-Aquitaine'],COM,{24},{75}
eceb27b6-7f77-4fe8-83ff-224662b3a17b,213701535,Commune de Monnaie (37),false,{37153},Commune,2026-03-24 14:41:59.160244+01,gold_establishments_2025,,,,21370153500014,2025,Collectivité Territoriale,Commune,['Indre-et-Loire'],['Centre-Val de Loire'],COM,{37},{24}
faab446b-70f0-4e66-b5a1-c11e37f1a85e,215704768,Commune de Monneren (57),false,{57476},Commune,2026-03-24 14:42:03.701372+01,gold_establishments_2025,,,,21570476800013,2025,Collectivité Territoriale,Commune,['Moselle'],['Grand Est'],COM,{57},{44}
fa8aa3e1-1bb4-4a29-a313-4d5ea6891007,219104148,Commune de Monnerville (91),false,{91414},Commune,2026-03-24 14:42:11.659493+01,gold_establishments_2025,,,,21910414800016,2025,Collectivité Territoriale,Commune,['Essonne'],['Île-de-France'],COM,{91},{11}
6c5e939a-8ec2-4e3d-85ee-6cd8951e0802,210204731,Commune de Monnes (02),false,{02496},Commune,2026-03-24 14:41:52.020251+01,gold_establishments_2025,,,,21020473100017,2025,Collectivité Territoriale,Commune,['Aisne'],['Hauts-de-France'],COM,{02},{32}
7ed402ca-7f67-43f3-b64e-a8508402544d,213903446,Commune de Monnet-la-Ville (39),false,{39344},Commune,2026-03-24 14:41:59.705606+01,gold_establishments_2025,,,,21390344600010,2025,Collectivité Territoriale,Commune,['Jura'],['Bourgogne-Franche-Comté'],COM,{39},{27}
46a072b1-2743-4e73-a7c0-1f218490708e,213903438,Commune de Monnetay (39),false,{39343},Commune,2026-03-24 14:41:59.705606+01,gold_establishments_2025,,,,21390343800017,2025,Collectivité Territoriale,Commune,['Jura'],['Bourgogne-Franche-Comté'],COM,{39},{27}
1419d833-20c6-4977-9eb3-7e01ce6fa8ea,217401850,Commune de Monnetier-Mornex (74),false,{74185},Commune,2026-03-24 14:42:08.818969+01,gold_establishments_2025,,,,21740185000011,2025,Collectivité Territoriale,Commune,['Haute-Savoie'],['Auvergne-Rhône-Alpes'],COM,{74},{84}
17c996fa-3c1e-4c63-a15c-d4ae48576b5b,216004077,Commune de Monneville (60),false,{60411},Commune,2026-03-24 14:42:04.814328+01,gold_establishments_2025,,,,21600407700014,2025,Collectivité Territoriale,Commune,['Oise'],['Hauts-de-France'],COM,{60},{32}
f93ddee2-8d9a-4818-8670-cdfacc0fafd4,213903453,Commune de Monnières (39),false,{39345},Commune,2026-03-24 14:41:59.705606+01,gold_establishments_2025,,,,21390345300016,2025,Collectivité Territoriale,Commune,['Jura'],['Bourgogne-Franche-Comté'],COM,{39},{27}
68205da7-3c46-4e11-b154-6ee79357af5f,214401002,Commune de Monnières (44),false,{44100},Commune,2026-03-24 14:42:00.273698+01,gold_establishments_2025,,,,21440100200040,2025,Collectivité Territoriale,Commune,['Loire-Atlantique'],['Pays de la Loire'],COM,{44},{52}
06f3dcf3-36c9-43ff-8b64-233a0fc4a64d,213001720,Commune de Monoblet (30),false,{30172},Commune,2026-03-24 14:41:57.56054+01,gold_establishments_2025,,,,21300172000076,2025,Collectivité Territoriale,Commune,['Gard'],['Occitanie'],COM,{30},{76}
39e553c4-ca62-4e24-a212-7774c660717c,213202757,Commune de Monpardiac (32),false,{32275},Commune,2026-03-24 14:41:58.09424+01,gold_establishments_2025,,,,21320275700018,2025,Collectivité Territoriale,Commune,['Gers'],['Occitanie'],COM,{32},{76}
9982b8fc-06c2-4136-a04b-63fb06229934,212402804,Commune de Monpazier (24),false,{24280},Commune,2026-03-24 14:41:55.958138+01,gold_establishments_2025,,,,21240280400018,2025,Collectivité Territoriale,Commune,['Dordogne'],['Nouvelle-Aquitaine'],COM,{24},{75}
89de4a83-61fa-45bb-8480-76b004952829,216403949,Commune de Monpezat (64),false,{64394},Commune,2026-03-24 14:42:06.665412+01,gold_establishments_2025,,,,21640394900011,2025,Collectivité Territoriale,Commune,['Pyrénées-Atlantiques'],['Nouvelle-Aquitaine'],COM,{64},{75}
d5e1e291-effe-4d54-8cb9-5f9b31f3f90a,212402937,Commune de Monplaisant (24),false,{24293},Commune,2026-03-24 14:41:55.958138+01,gold_establishments_2025,,,,21240293700016,2025,Collectivité Territoriale,Commune,['Dordogne'],['Nouvelle-Aquitaine'],COM,{24},{75}
2062d161-06a1-41f1-814b-76c4e988fa68,213302888,Commune de Monprimblanc (33),false,{33288},Commune,2026-03-24 14:41:58.620411+01,gold_establishments_2025,,,,21330288800010,2025,Collectivité Territoriale,Commune,['Gironde'],['Nouvelle-Aquitaine'],COM,{33},{75}
b6b7bf8b-6f23-46d1-b08b-954cdfdf658b,211602214,Commune de Mons (16),false,{16221},Commune,2026-03-24 14:41:54.362296+01,gold_establishments_2025,,,,21160221400010,2025,Collectivité Territoriale,Commune,['Charente'],['Nouvelle-Aquitaine'],COM,{16},{75}
82cdd6f4-917f-4514-91f9-a47aaf4f884a,211702394,Commune de Mons (17),false,{17239},Commune,2026-03-24 14:41:54.903238+01,gold_establishments_2025,,,,21170239400019,2025,Collectivité Territoriale,Commune,['Charente-Maritime'],['Nouvelle-Aquitaine'],COM,{17},{75}
05724022-f2ae-4cc3-bfaa-f2be7c5696a2,213001738,Commune de Mons (30),false,{30173},Commune,2026-03-24 14:41:57.56054+01,gold_establishments_2025,,,,21300173800011,2025,Collectivité Territoriale,Commune,['Gard'],['Occitanie'],COM,{30},{76}
e7018039-fa4b-4b36-ba1c-77037dd6a582,213103559,Commune de Mons (31),false,{31355},Commune,2026-03-24 14:41:58.09424+01,gold_establishments_2025,,,,21310355900018,2025,Collectivité Territoriale,Commune,['Haute-Garonne'],['Occitanie'],COM,{31},{76}
319d5776-b6ef-4e94-8fa0-a7c2a8ed77fe,213401607,Commune de Mons (34),false,{34160},Commune,2026-03-24 14:41:58.620411+01,gold_establishments_2025,,,,21340160700014,2025,Collectivité Territoriale,Commune,['Hérault'],['Occitanie'],COM,{34},{76}
87f4b60d-a9f3-4ad6-99de-2c9ca76c6d09,216302323,Commune de Mons (63),false,{63232},Commune,2026-03-24 14:42:06.130387+01,gold_establishments_2025,,,,21630232300011,2025,Collectivité Territoriale,Commune,['Puy-de-Dôme'],['Auvergne-Rhône-Alpes'],COM,{63},{84}
065b075e-9258-4230-acb5-8053cc4fb3f2,218300804,Commune de Mons (83),false,{83080},Commune,2026-03-24 14:42:10.508772+01,gold_establishments_2025,,,,21830080400018,2025,Collectivité Territoriale,Commune,['Var'],"[""Provence-Alpes-Côte d'Azur""]",COM,{83},{93}
aaa6ed16-f2ea-42fc-a47b-68bbdd06002b,218007847,Commune de Mons-Boubert (80),false,{80556},Commune,2026-03-24 14:42:09.967209+01,gold_establishments_2025,,,,21800784700013,2025,Collectivité Territoriale,Commune,['Somme'],['Hauts-de-France'],COM,{80},{32}
fa718d3a-48c9-4516-bb6a-582bfba2ceec,215904103,Commune de Mons-en-Barœul (59),false,{59410},Commune,2026-03-24 14:42:04.280096+01,gold_establishments_2025,,,,21590410300011,2025,Collectivité Territoriale,Commune,['Nord'],['Hauts-de-France'],COM,{59},{32}
e8d0dd1b-7162-4043-8388-8f66a4b62533,210204749,Commune de Mons-en-Laonnois (02),false,{02497},Commune,2026-03-24 14:41:52.020251+01,gold_establishments_2025,,,,21020474900019,2025,Collectivité Territoriale,Commune,['Aisne'],['Hauts-de-France'],COM,{02},{32}
5a174ca7-d9aa-4da0-881b-17565cdf2917,217702984,Commune de Mons-en-Montois (77),false,{77298},Commune,2026-03-24 14:42:09.43682+01,gold_establishments_2025,,,,21770298400014,2025,Collectivité Territoriale,Commune,['Seine-et-Marne'],['Île-de-France'],COM,{77},{11}
480e42c9-6839-4f8d-803b-221a00037149,215904111,Commune de Mons-en-Pévèle (59),false,{59411},Commune,2026-03-24 14:42:04.280096+01,gold_establishments_2025,,,,21590411100014,2025,Collectivité Territoriale,Commune,['Nord'],['Hauts-de-France'],COM,{59},{32}
c3f7ea62-43fc-4825-8dad-41046af602ae,212402812,Commune de Monsac (24),false,{24281},Commune,2026-03-24 14:41:55.958138+01,gold_establishments_2025,,,,21240281200011,2025,Collectivité Territoriale,Commune,['Dordogne'],['Nouvelle-Aquitaine'],COM,{24},{75}
9beb7f79-f067-4d2a-a5c3-73770bba0690,212402820,Commune de Monsaguel (24),false,{24282},Commune,2026-03-24 14:41:55.958138+01,gold_establishments_2025,,,,21240282000014,2025,Collectivité Territoriale,Commune,['Dordogne'],['Nouvelle-Aquitaine'],COM,{24},{75}
bbedadca-b9f5-45a2-a0a5-2bd59de61882,214701799,Commune de Monsempron-Libos (47),false,{47179},Commune,2026-03-24 14:42:00.862623+01,gold_establishments_2025,,,,21470179900014,2025,Collectivité Territoriale,Commune,['Lot-et-Garonne'],['Nouvelle-Aquitaine'],COM,{47},{75}
10066151-8745-4d38-bc2b-463ffae7faa3,218501450,Commune de Monsireigne (85),false,{85145},Commune,2026-03-24 14:42:10.508772+01,gold_establishments_2025,,,,21850145000017,2025,Collectivité Territoriale,Commune,['Vendée'],['Pays de la Loire'],COM,{85},{52}
986dba96-2f4b-4386-a98e-b7a6fc9705ab,213802440,Commune de Monsteroux-Milieu (38),false,{38244},Commune,2026-03-24 14:41:59.160244+01,gold_establishments_2025,,,,21380244000015,2025,Collectivité Territoriale,Commune,['Isère'],['Auvergne-Rhône-Alpes'],COM,{38},{84}
2a92aa07-2d04-41c9-af73-b10072f860d7,218005288,Commune de Monsures (80),false,{80558},Commune,2026-03-24 14:42:09.967209+01,gold_establishments_2025,,,,21800528800012,2025,Collectivité Territoriale,Commune,['Somme'],['Hauts-de-France'],COM,{80},{32}
e8568205-e128-4ddc-bc4a-bd635ce46c53,216703025,Commune de Monswiller (67),false,{67302},Commune,2026-03-24 14:42:07.195692+01,gold_establishments_2025,,,,21670302500017,2025,Collectivité Territoriale,Commune,['Bas-Rhin'],['Grand Est'],COM,{67},{44}
10259af3-b780-4768-9be8-5346675688e9,213302896,Commune de Monségur (33),false,{33289},Commune,2026-03-24 14:41:58.620411+01,gold_establishments_2025,,,,21330289600013,2025,Collectivité Territoriale,Commune,['Gironde'],['Nouvelle-Aquitaine'],COM,{33},{75}
367365d6-86ca-42c3-a7a9-e0f3920f560f,214001901,Commune de Monségur (40),false,{40190},Commune,2026-03-24 14:41:59.705606+01,gold_establishments_2025,,,,21400190100013,2025,Collectivité Territoriale,Commune,['Landes'],['Nouvelle-Aquitaine'],COM,{40},{75}
a7adf2cb-f76c-4cc6-a56d-02f92f44f7e6,214701781,Commune de Monségur (47),false,{47178},Commune,2026-03-24 14:42:00.862623+01,gold_establishments_2025,,,,21470178100012,2025,Collectivité Territoriale,Commune,['Lot-et-Garonne'],['Nouvelle-Aquitaine'],COM,{47},{75}
facc7c79-5b1f-4443-b7b7-4cf786f03c7b,216403956,Commune de Monségur (64),false,{64395},Commune,2026-03-24 14:42:06.665412+01,gold_establishments_2025,,,,21640395600016,2025,Collectivité Territoriale,Commune,['Pyrénées-Atlantiques'],['Nouvelle-Aquitaine'],COM,{64},{75}
cc1e5556-e85e-43ac-a54a-5767ba694eb6,216403964,Commune de Mont (64),false,{64396},Commune,2026-03-24 14:42:06.665412+01,gold_establishments_2025,,,,21640396400010,2025,Collectivité Territoriale,Commune,['Pyrénées-Atlantiques'],['Nouvelle-Aquitaine'],COM,{64},{75}
e6f4eaa9-687e-4bc9-a96e-8f7d01cc6817,216503177,Commune de Mont (65),false,{65317},Commune,2026-03-24 14:42:06.665412+01,gold_establishments_2025,,,,21650317700018,2025,Collectivité Territoriale,Commune,['Hautes-Pyrénées'],['Occitanie'],COM,{65},{76}
cf167d7f-ff02-4706-a949-788e40ba83f2,217103019,Commune de Mont (71),false,{71301},Commune,2026-03-24 14:42:07.735343+01,gold_establishments_2025,,,,21710301900014,2025,Collectivité Territoriale,Commune,['Saône-et-Loire'],['Bourgogne-Franche-Comté'],COM,{71},{27}
5926da25-aa9d-41de-ab32-9e55c90933a8,200062545,Commune de Mont Lozère et Goulet (48),false,{48027},Commune,2026-03-24 14:42:01.412377+01,gold_establishments_2025,,,,20006254500161,2025,Collectivité Territoriale,Commune,['Lozère'],['Occitanie'],COM,{48},{76}
b19836fe-a811-4a30-8f86-5435aaba91e7,216205849,Commune de Mont-Bernanchon (62),false,{62584},Commune,2026-03-24 14:42:05.597325+01,gold_establishments_2025,,,,21620584900013,2025,Collectivité Territoriale,Commune,['Pas-de-Calais'],['Hauts-de-France'],COM,{62},{32}
c31e4629-f34d-4a12-a81f-078f638315c6,215400847,Commune de Mont-Bonvillers (54),false,{54084},Commune,2026-03-24 14:42:02.957225+01,gold_establishments_2025,,,,21540084700012,2025,Collectivité Territoriale,Commune,['Meurthe-et-Moselle'],['Grand Est'],COM,{54},{44}
bc1f899c-0217-43d4-96fd-af728118cd1c,217604438,Commune de Mont-Cauvaire (76),false,{76443},Commune,2026-03-24 14:42:08.818969+01,gold_establishments_2025,,,,21760443800010,2025,Collectivité Territoriale,Commune,['Seine-Maritime'],['Normandie'],COM,{76},{28}
39f32af7-85ec-4a0c-ba4a-b20d02aa8729,210500823,Commune de Mont-Dauphin (05),false,{05082},Commune,2026-03-24 14:41:52.562531+01,gold_establishments_2025,,,,21050082300013,2025,Collectivité Territoriale,Commune,['Hautes-Alpes'],"[""Provence-Alpes-Côte d'Azur""]",COM,{05},{93}
dbb389da-02b9-49a8-9183-d49a1227dddc,216404012,Commune de Mont-Disse (64),false,{64401},Commune,2026-03-24 14:42:06.665412+01,gold_establishments_2025,,,,21640401200017,2025,Collectivité Territoriale,Commune,['Pyrénées-Atlantiques'],['Nouvelle-Aquitaine'],COM,{64},{75}
2ba98dde-7513-42a8-8ab6-f29422feafe2,213501869,Commune de Mont-Dol (35),false,{35186},Commune,2026-03-24 14:41:58.620411+01,gold_establishments_2025,,,,21350186900019,2025,Collectivité Territoriale,Commune,['Ille-et-Vilaine'],['Bretagne'],COM,{35},{53}
63b9f4f4-1346-495d-a98f-d5ec4fbd8522,216302364,Commune de Mont-Dore (63),false,{63236},Commune,2026-03-24 14:42:06.130387+01,gold_establishments_2025,,,,21630236400015,2025,Collectivité Territoriale,Commune,['Puy-de-Dôme'],['Auvergne-Rhône-Alpes'],COM,{63},{84}
8ee20179-e08d-485d-a4be-d29698409d94,210802732,Commune de Mont-Laurent (08),false,{08306},Commune,2026-03-24 14:41:53.095366+01,gold_establishments_2025,,,,21080273200011,2025,Collectivité Territoriale,Commune,['Ardennes'],['Grand Est'],COM,{08},{44}
f274c65b-e825-4e8d-b7cb-aa555f2eefe2,216601179,Commune de Mont-Louis (66),false,{66117},Commune,2026-03-24 14:42:06.665412+01,gold_establishments_2025,,,,21660117900015,2025,Collectivité Territoriale,Commune,['Pyrénées-Orientales'],['Occitanie'],COM,{66},{76}
d456cb64-775c-4fc8-8d30-0a134d92584c,210204970,Commune de Mont-Notre-Dame (02),false,{02520},Commune,2026-03-24 14:41:52.020251+01,gold_establishments_2025,,,,21020497000011,2025,Collectivité Territoriale,Commune,['Aisne'],['Hauts-de-France'],COM,{02},{32}
6d7e3b60-8436-4ed8-904b-f4e3d1c3df7f,216102897,Commune de Mont-Ormel (61),false,{61289},Commune,2026-03-24 14:42:05.597325+01,gold_establishments_2025,,,,21610289700016,2025,Collectivité Territoriale,Commune,['Orne'],['Normandie'],COM,{61},{28}
31d89e3e-cd8b-4f0c-ab44-c7fe0e585fb9,218101830,Commune de Mont-Roc (81),false,{81183},Commune,2026-03-24 14:42:09.967209+01,gold_establishments_2025,,,,21810183000014,2025,Collectivité Territoriale,Commune,['Tarn'],['Occitanie'],COM,{81},{76}
db4d19d2-cd81-4215-8706-34a72da39f89,217604511,Commune de Mont-Saint-Aignan (76),false,{76451},Commune,2026-03-24 14:42:08.818969+01,gold_establishments_2025,,,,21760451100014,2025,Collectivité Territoriale,Commune,['Seine-Maritime'],['Normandie'],COM,{76},{28}
fba25436-b013-4423-bfa0-a943dd34f7a0,210204996,Commune de Mont-Saint-Jean (02),false,{02522},Commune,2026-03-24 14:41:52.020251+01,gold_establishments_2025,,,,21020499600016,2025,Collectivité Territoriale,Commune,['Aisne'],['Hauts-de-France'],COM,{02},{32}
e63b0c99-3345-405b-bce8-50051b8a868b,212104418,Commune de Mont-Saint-Jean (21),false,{21441},Commune,2026-03-24 14:41:55.433389+01,gold_establishments_2025,,,,21210441800018,2025,Collectivité Territoriale,Commune,"[""Côte-d'Or""]",['Bourgogne-Franche-Comté'],COM,{21},{27}
ae4a726e-12ff-4191-8f4f-545797f0a682,217202118,Commune de Mont-Saint-Jean (72),false,{72211},Commune,2026-03-24 14:42:08.279287+01,gold_establishments_2025,,,,21720211800014,2025,Collectivité Territoriale,Commune,['Sarthe'],['Pays de la Loire'],COM,{72},{52}
635e40e9-5201-420a-8dff-df6aae1e0e8c,217003698,Commune de Mont-Saint-Léger (70),false,{70369},Commune,2026-03-24 14:42:07.735343+01,gold_establishments_2025,,,,21700369800016,2025,Collectivité Territoriale,Commune,['Haute-Saône'],['Bourgogne-Franche-Comté'],COM,{70},{27}
b7291b31-d6d4-4663-935a-0be157f6ba42,210205001,Commune de Mont-Saint-Martin (02),false,{02523},Commune,2026-03-24 14:41:52.020251+01,gold_establishments_2025,,,,21020500100014,2025,Collectivité Territoriale,Commune,['Aisne'],['Hauts-de-France'],COM,{02},{32}
a94353b0-e5b3-4f3a-823c-d9f99c542a1f,210802757,Commune de Mont-Saint-Martin (08),false,{08308},Commune,2026-03-24 14:41:53.095366+01,gold_establishments_2025,,,,21080275700018,2025,Collectivité Territoriale,Commune,['Ardennes'],['Grand Est'],COM,{08},{44}
80de0486-5102-4d7b-ae0a-d630d31c6652,213802580,Commune de Mont-Saint-Martin (38),false,{38258},Commune,2026-03-24 14:41:59.160244+01,gold_establishments_2025,,,,21380258000018,2025,Collectivité Territoriale,Commune,['Isère'],['Auvergne-Rhône-Alpes'],COM,{38},{84}
5c04539a-57a3-4ee2-be46-7eddf0331b9d,215403825,Commune de Mont-Saint-Martin (54),false,{54382},Commune,2026-03-24 14:42:02.957225+01,gold_establishments_2025,,,,21540382500015,2025,Collectivité Territoriale,Commune,['Meurthe-et-Moselle'],['Grand Est'],COM,{54},{44}
4ee65322-7111-4b66-834d-7eeb2d989b24,210205019,Commune de Mont-Saint-Père (02),false,{02524},Commune,2026-03-24 14:41:52.020251+01,gold_establishments_2025,,,,21020501900016,2025,Collectivité Territoriale,Commune,['Aisne'],['Hauts-de-France'],COM,{02},{32}
d60ab166-9490-44ed-bd25-14e30c4f0f85,210802765,Commune de Mont-Saint-Remy (08),false,{08309},Commune,2026-03-24 14:41:53.095366+01,gold_establishments_2025,,,,21080276500011,2025,Collectivité Territoriale,Commune,['Ardennes'],['Grand Est'],COM,{08},{44}
1de74270-1fed-426f-9435-febbf42081a0,218902682,Commune de Mont-Saint-Sulpice (89),false,{89268},Commune,2026-03-24 14:42:11.659493+01,gold_establishments_2025,,,,21890268200010,2025,Collectivité Territoriale,Commune,['Yonne'],['Bourgogne-Franche-Comté'],COM,{89},{27}
f897a5d1-d68f-4e4e-9d24-011f2222b69d,217103209,Commune de Mont-Saint-Vincent (71),false,{71320},Commune,2026-03-24 14:42:07.735343+01,gold_establishments_2025,,,,21710320900011,2025,Collectivité Territoriale,Commune,['Saône-et-Loire'],['Bourgogne-Franche-Comté'],COM,{71},{27}
a146dce1-905c-4824-ba31-e45f3c5c33b1,216205898,Commune de Mont-Saint-Éloi (62),false,{62589},Commune,2026-03-24 14:42:05.597325+01,gold_establishments_2025,,,,21620589800010,2025,Collectivité Territoriale,Commune,['Pas-de-Calais'],['Hauts-de-France'],COM,{62},{32}
ff85c52a-cf05-40ff-9004-2be5f20281d3,217401892,Commune de Mont-Saxonnex (74),false,{74189},Commune,2026-03-24 14:42:08.818969+01,gold_establishments_2025,,,,21740189200013,2025,Collectivité Territoriale,Commune,['Haute-Savoie'],['Auvergne-Rhône-Alpes'],COM,{74},{84}
788f40cc-d0b1-41b0-9a30-590f01d4deb3,213202807,Commune de Mont-d'Astarac (32),false,{32280},Commune,2026-03-24 14:41:58.09424+01,gold_establishments_2025,,,,21320280700011,2025,Collectivité Territoriale,Commune,['Gers'],['Occitanie'],COM,{32},{76}
8ea5436f-73d3-4842-9a21-40720eb565e5,210204806,Commune de Mont-d'Origny (02),false,{02503},Commune,2026-03-24 14:41:52.020251+01,gold_establishments_2025,,,,21020480600017,2025,Collectivité Territoriale,Commune,['Aisne'],['Hauts-de-France'],COM,{02},{32}
fbc93be3-79db-4af3-ad8c-9f42d2adbbbc,213103690,Commune de Mont-de-Galié (31),false,{31369},Commune,2026-03-24 14:41:58.09424+01,gold_establishments_2025,,,,21310369000011,2025,Collectivité Territoriale,Commune,['Haute-Garonne'],['Occitanie'],COM,{31},{76}
1b3c6002-9f32-4edd-a3da-c1b56c5b3f94,212503916,Commune de Mont-de-Laval (25),false,{25391},Commune,2026-03-24 14:41:56.495197+01,gold_establishments_2025,,,,21250391600018,2025,Collectivité Territoriale,Commune,['Doubs'],['Bourgogne-Franche-Comté'],COM,{25},{27}
2dfb3041-363b-40ac-bc92-29013a1850f1,213202815,Commune de Mont-de-Marrast (32),false,{32281},Commune,2026-03-24 14:41:58.09424+01,gold_establishments_2025,,,,21320281500014,2025,Collectivité Territoriale,Commune,['Gers'],['Occitanie'],COM,{32},{76}
44669654-24a6-43d1-81a5-49d8f842911f,214001927,Commune de Mont-de-Marsan (40),false,{40192},Commune,2026-03-24 14:41:59.705606+01,gold_establishments_2025,,,,21400192700018,2025,Collectivité Territoriale,Commune,['Landes'],['Nouvelle-Aquitaine'],COM,{40},{75}
6b00267c-2eb9-4d11-8b5b-49e8eaec63c6,212503924,Commune de Mont-de-Vougney (25),false,{25392},Commune,2026-03-24 14:41:56.495197+01,gold_establishments_2025,,,,21250392400012,2025,Collectivité Territoriale,Commune,['Doubs'],['Bourgogne-Franche-Comté'],COM,{25},{27}
fd0e3c75-b781-493b-b55c-9be2f5414739,215503459,Commune de Mont-devant-Sassey (55),false,{55345},Commune,2026-03-24 14:42:03.701372+01,gold_establishments_2025,,,,21550345900012,2025,Collectivité Territoriale,Commune,['Meuse'],['Grand Est'],COM,{55},{44}
b48be83a-46a5-4796-b37d-209d6b711bd9,215801754,Commune de Mont-et-Marré (58),false,{58175},Commune,2026-03-24 14:42:04.280096+01,gold_establishments_2025,,,,21580175400015,2025,Collectivité Territoriale,Commune,['Nièvre'],['Bourgogne-Franche-Comté'],COM,{58},{27}
4db7c7ce-7802-4c7b-9ac9-2051815344dd,215403791,Commune de Mont-l'Étroit (54),false,{54379},Commune,2026-03-24 14:42:02.957225+01,gold_establishments_2025,,,,21540379100019,2025,Collectivité Territoriale,Commune,['Meurthe-et-Moselle'],['Grand Est'],COM,{54},{44}
22068ede-02d3-467c-9cc9-d1457b8eea94,216004168,Commune de Mont-l'Évêque (60),false,{60421},Commune,2026-03-24 14:42:04.814328+01,gold_establishments_2025,,,,21600416800011,2025,Collectivité Territoriale,Commune,['Oise'],['Hauts-de-France'],COM,{60},{32}
c2931629-20c0-4837-99db-bd0c301b3c73,217003672,Commune de Mont-le-Vernois (70),false,{70367},Commune,2026-03-24 14:42:07.735343+01,gold_establishments_2025,,,,21700367200011,2025,Collectivité Territoriale,Commune,['Haute-Saône'],['Bourgogne-Franche-Comté'],COM,{70},{27}
64fb6d43-b3f3-4e20-abb9-aeaa8acab4c1,215403809,Commune de Mont-le-Vignoble (54),false,{54380},Commune,2026-03-24 14:42:02.957225+01,gold_establishments_2025,,,,21540380900019,2025,Collectivité Territoriale,Commune,['Meurthe-et-Moselle'],['Grand Est'],COM,{54},{44}
26a8d429-67f4-4b7e-9804-e51b16c081eb,218803070,Commune de Mont-lès-Lamarche (88),false,{88307},Commune,2026-03-24 14:42:11.118516+01,gold_establishments_2025,,,,21880307000018,2025,Collectivité Territoriale,Commune,['Vosges'],['Grand Est'],COM,{88},{44}
fffe3dc0-f836-4e5f-bc98-8b33ca6cb5a8,218803088,Commune de Mont-lès-Neufchâteau (88),false,{88308},Commune,2026-03-24 14:42:11.118516+01,gold_establishments_2025,,,,21880308800010,2025,Collectivité Territoriale,Commune,['Vosges'],['Grand Est'],COM,{88},{44}
28309a63-7eaf-4478-a8c6-7d94f9fe8009,217103159,Commune de Mont-lès-Seurre (71),false,{71315},Commune,2026-03-24 14:42:07.735343+01,gold_establishments_2025,,,,21710315900018,2025,Collectivité Territoriale,Commune,['Saône-et-Loire'],['Bourgogne-Franche-Comté'],COM,{71},{27}
273e3adf-7453-4dc4-b373-e8f068f02bb4,214101503,Commune de Mont-près-Chambord (41),false,{41150},Commune,2026-03-24 14:42:00.273698+01,gold_establishments_2025,,,,21410150300016,2025,Collectivité Territoriale,Commune,['Loir-et-Cher'],['Centre-Val de Loire'],COM,{41},{24}
4474846d-e9be-44a4-9075-f634b66cf822,213903651,Commune de Mont-sous-Vaudrey (39),false,{39365},Commune,2026-03-24 14:41:59.705606+01,gold_establishments_2025,,,,21390365100015,2025,Collectivité Territoriale,Commune,['Jura'],['Bourgogne-Franche-Comté'],COM,{39},{27}
cb2113ee-2a43-4536-92ad-fadd2bb8ca02,215103573,Commune de Mont-sur-Courville (51),false,{51382},Commune,2026-03-24 14:42:01.954481+01,gold_establishments_2025,,,,21510357300014,2025,Collectivité Territoriale,Commune,['Marne'],['Grand Est'],COM,{51},{44}
ec3d35a0-8bd3-4760-a3b7-fbb0ff4cba4e,215403833,Commune de Mont-sur-Meurthe (54),false,{54383},Commune,2026-03-24 14:42:02.957225+01,gold_establishments_2025,,,,21540383300068,2025,Collectivité Territoriale,Commune,['Meurthe-et-Moselle'],['Grand Est'],COM,{54},{44}
513b7f25-803b-40c3-8675-9b5e929242c0,213903669,Commune de Mont-sur-Monnet (39),false,{39366},Commune,2026-03-24 14:41:59.705606+01,gold_establishments_2025,,,,21390366900017,2025,Collectivité Territoriale,Commune,['Jura'],['Bourgogne-Franche-Comté'],COM,{39},{27}
6de4554a-da4a-4e11-b965-346561587144,216102830,Commune de Montabard (61),false,{61283},Commune,2026-03-24 14:42:05.597325+01,gold_establishments_2025,,,,21610283000017,2025,Collectivité Territoriale,Commune,['Orne'],['Normandie'],COM,{61},{28}
be08963b-27fd-48a9-a2fa-d808cdda8a41,215003344,Commune de Montabot (50),false,{50334},Commune,2026-03-24 14:42:01.412377+01,gold_establishments_2025,,,,21500334400011,2025,Collectivité Territoriale,Commune,['Manche'],['Normandie'],COM,{50},{28}
acc9d0ab-487a-4e2b-98bf-080598bec610,218902641,Commune de Montacher-Villegardin (89),false,{89264},Commune,2026-03-24 14:42:11.118516+01,gold_establishments_2025,,,,21890264100016,2025,Collectivité Territoriale,Commune,['Yonne'],['Bourgogne-Franche-Comté'],COM,{89},{27}
ccf088f0-b636-48be-b933-6cc2e0bd71e5,213202765,Commune de Montadet (32),false,{32276},Commune,2026-03-24 14:41:58.09424+01,gold_establishments_2025,,,,21320276500011,2025,Collectivité Territoriale,Commune,['Gers'],['Occitanie'],COM,{32},{76}
11fee378-bf35-4151-8f34-cd5992a9eda5,213401615,Commune de Montady (34),false,{34161},Commune,2026-03-24 14:41:58.620411+01,gold_establishments_2025,,,,21340161500017,2025,Collectivité Territoriale,Commune,['Hérault'],['Occitanie'],COM,{34},{76}
a40e3bb9-b1d7-4726-91b8-8135e6adb8ad,210901963,Commune de Montagagne (09),false,{09196},Commune,2026-03-24 14:41:53.095366+01,gold_establishments_2025,,,,21090196300012,2025,Collectivité Territoriale,Commune,['Ariège'],['Occitanie'],COM,{09},{76}
c2bfe387-ea4b-44eb-938a-26f48493a449,213903461,Commune de Montagna-le-Reconduit (39),false,{39346},Commune,2026-03-24 14:41:59.705606+01,gold_establishments_2025,,,,21390346100019,2025,Collectivité Territoriale,Commune,['Jura'],['Bourgogne-Franche-Comté'],COM,{39},{27}
a8298d49-0509-4a66-b502-009e4ae9ff53,213003544,Commune de Montagnac (30),false,{30354},Commune,2026-03-24 14:41:57.56054+01,gold_establishments_2025,,,,21300354400011,2025,Collectivité Territoriale,Commune,['Gard'],['Occitanie'],COM,{30},{76}
32103ea1-1fb4-4622-9b21-3d1acf778307,213401623,Commune de Montagnac (34),false,{34162},Commune,2026-03-24 14:41:58.620411+01,gold_establishments_2025,,,,21340162300011,2025,Collectivité Territoriale,Commune,['Hérault'],['Occitanie'],COM,{34},{76}
5fcd686c-97a0-48a1-ac92-0782aba517f9,210401246,Commune de Montagnac-Montpezat (04),false,{04124},Commune,2026-03-24 14:41:52.562531+01,gold_establishments_2025,,,,21040124600017,2025,Collectivité Territoriale,Commune,['Alpes-de-Haute-Provence'],"[""Provence-Alpes-Côte d'Azur""]",COM,{04},{93}
145bafe1-95c8-4e30-9657-15f571270e73,212402846,Commune de Montagnac-d'Auberoche (24),false,{24284},Commune,2026-03-24 14:41:55.958138+01,gold_establishments_2025,,,,21240284600019,2025,Collectivité Territoriale,Commune,['Dordogne'],['Nouvelle-Aquitaine'],COM,{24},{75}
61efe9a9-f5ef-45c0-a8b3-ab73a13c3445,212402853,Commune de Montagnac-la-Crempse (24),false,{24285},Commune,2026-03-24 14:41:55.958138+01,gold_establishments_2025,,,,21240285300015,2025,Collectivité Territoriale,Commune,['Dordogne'],['Nouvelle-Aquitaine'],COM,{24},{75}
1ecde726-7364-4648-880a-c5bec8d644a9,214701807,Commune de Montagnac-sur-Auvignon (47),false,{47180},Commune,2026-03-24 14:42:00.862623+01,gold_establishments_2025,,,,21470180700015,2025,Collectivité Territoriale,Commune,['Lot-et-Garonne'],['Nouvelle-Aquitaine'],COM,{47},{75}
6a2c53be-526d-46a1-a75e-fe38a727d348,214701815,Commune de Montagnac-sur-Lède (47),false,{47181},Commune,2026-03-24 14:42:00.862623+01,gold_establishments_2025,,,,21470181500018,2025,Collectivité Territoriale,Commune,['Lot-et-Garonne'],['Nouvelle-Aquitaine'],COM,{47},{75}
1abc45a6-c5fb-4590-a9fe-55073bc21b29,210102547,Commune de Montagnat (01),false,{01254},Commune,2026-03-24 14:41:51.447482+01,gold_establishments_2025,,,,21010254700010,2025,Collectivité Territoriale,Commune,['Ain'],['Auvergne-Rhône-Alpes'],COM,{01},{84}
ea22a4ff-ee21-40ed-92aa-31ed02a9327c,213302904,Commune de Montagne (33),false,{33290},Commune,2026-03-24 14:41:58.620411+01,gold_establishments_2025,,,,21330290400015,2025,Collectivité Territoriale,Commune,['Gironde'],['Nouvelle-Aquitaine'],COM,{33},{75}
3d2bb42f-a4f2-4b5d-a793-37461f514fdf,213802457,Commune de Montagne (38),false,{38245},Commune,2026-03-24 14:41:59.160244+01,gold_establishments_2025,,,,21380245700019,2025,Collectivité Territoriale,Commune,['Isère'],['Auvergne-Rhône-Alpes'],COM,{38},{84}
5445df86-d6eb-4676-8931-c7c950969854,218005296,Commune de Montagne-Fayel (80),false,{80559},Commune,2026-03-24 14:42:09.967209+01,gold_establishments_2025,,,,21800529600015,2025,Collectivité Territoriale,Commune,['Somme'],['Hauts-de-France'],COM,{80},{32}
b5899432-2a5d-4215-8c37-4065f7b3cac4,217003532,Commune de Montagney (70),false,{70353},Commune,2026-03-24 14:42:07.735343+01,gold_establishments_2025,,,,21700353200017,2025,Collectivité Territoriale,Commune,['Haute-Saône'],['Bourgogne-Franche-Comté'],COM,{70},{27}
01f43d49-3dbb-4f22-8e10-bdbaf075143f,212503858,Commune de Montagney-Servigney (25),false,{25385},Commune,2026-03-24 14:41:56.495197+01,gold_establishments_2025,,,,21250385800012,2025,Collectivité Territoriale,Commune,['Doubs'],['Bourgogne-Franche-Comté'],COM,{25},{27}
4737e4df-a9a8-44c7-98b7-64060d0f80a5,210102554,Commune de Montagnieu (01),false,{01255},Commune,2026-03-24 14:41:51.447482+01,gold_establishments_2025,,,,21010255400016,2025,Collectivité Territoriale,Commune,['Ain'],['Auvergne-Rhône-Alpes'],COM,{01},{84}
413cf665-2dd2-4aac-838e-d4eac29c700a,213802465,Commune de Montagnieu (38),false,{38246},Commune,2026-03-24 14:41:59.160244+01,gold_establishments_2025,,,,21380246500012,2025,Collectivité Territoriale,Commune,['Isère'],['Auvergne-Rhône-Alpes'],COM,{38},{84}
e5a30dc1-1335-44be-a569-58cf1e28d345,211201470,Commune de Montagnol (12),false,{12147},Commune,2026-03-24 14:41:53.63825+01,gold_establishments_2025,,,,21120147000013,2025,Collectivité Territoriale,Commune,['Aveyron'],['Occitanie'],COM,{12},{76}
77ccbc7f-d876-4186-897a-738fe93de226,217301605,Commune de Montagnole (73),false,{73160},Commune,2026-03-24 14:42:08.279287+01,gold_establishments_2025,,,,21730160500010,2025,Collectivité Territoriale,Commune,['Savoie'],['Auvergne-Rhône-Alpes'],COM,{73},{84}
eb597d41-68bc-4efe-bfa5-8df9653ff142,214201451,Commune de Montagny (42),false,{42145},Commune,2026-03-24 14:42:00.273698+01,gold_establishments_2025,,,,21420145100017,2025,Collectivité Territoriale,Commune,['Loire'],['Auvergne-Rhône-Alpes'],COM,{42},{84}
3531e44b-a829-4f8a-8ecb-c18c65d82e22,216901363,Commune de Montagny (69),false,{69136},Commune,2026-03-24 14:42:07.195692+01,gold_establishments_2025,,,,21690136300012,2025,Collectivité Territoriale,Commune,['Rhône'],['Auvergne-Rhône-Alpes'],COM,{69},{84}
f5fec626-59ab-47bc-a5c0-9a554b510484,217301613,Commune de Montagny (73),false,{73161},Commune,2026-03-24 14:42:08.279287+01,gold_establishments_2025,,,,21730161300014,2025,Collectivité Territoriale,Commune,['Savoie'],['Auvergne-Rhône-Alpes'],COM,{73},{84}
142fff1f-7042-477d-bd01-39345308cb61,216004093,Commune de Montagny-Sainte-Félicité (60),false,{60413},Commune,2026-03-24 14:42:04.814328+01,gold_establishments_2025,,,,21600409300011,2025,Collectivité Territoriale,Commune,['Oise'],['Hauts-de-France'],COM,{60},{32}
040dd7b9-843a-41bf-84cc-c5846a0d2ccb,216004085,Commune de Montagny-en-Vexin (60),false,{60412},Commune,2026-03-24 14:42:04.814328+01,gold_establishments_2025,,,,21600408500017,2025,Collectivité Territoriale,Commune,['Oise'],['Hauts-de-France'],COM,{60},{32}
a6fc4ad9-a1d3-4b1d-8f0e-16aa525377ce,217401868,Commune de Montagny-les-Lanches (74),false,{74186},Commune,2026-03-24 14:42:08.818969+01,gold_establishments_2025,,,,21740186800013,2025,Collectivité Territoriale,Commune,['Haute-Savoie'],['Auvergne-Rhône-Alpes'],COM,{74},{84}
996e3b70-d15d-4860-853d-0365e31079a1,212104236,Commune de Montagny-lès-Beaune (21),false,{21423},Commune,2026-03-24 14:41:55.433389+01,gold_establishments_2025,,,,21210423600014,2025,Collectivité Territoriale,Commune,"[""Côte-d'Or""]",['Bourgogne-Franche-Comté'],COM,{21},{27}
7166df48-aaf8-480f-bede-30e691fdb7f7,217103027,Commune de Montagny-lès-Buxy (71),false,{71302},Commune,2026-03-24 14:42:07.735343+01,gold_establishments_2025,,,,21710302700017,2025,Collectivité Territoriale,Commune,['Saône-et-Loire'],['Bourgogne-Franche-Comté'],COM,{71},{27}
6346497e-5ea6-4659-9b7f-c9d97d99bb52,212104244,Commune de Montagny-lès-Seurre (21),false,{21424},Commune,2026-03-24 14:41:55.433389+01,gold_establishments_2025,,,,21210424400018,2025,Collectivité Territoriale,Commune,"[""Côte-d'Or""]",['Bourgogne-Franche-Comté'],COM,{21},{27}
a433c697-eab3-426d-9c14-7cdd05469acc,217103035,Commune de Montagny-près-Louhans (71),false,{71303},Commune,2026-03-24 14:42:07.735343+01,gold_establishments_2025,,,,21710303500010,2025,Collectivité Territoriale,Commune,['Saône-et-Loire'],['Bourgogne-Franche-Comté'],COM,{71},{27}
0ee48b5f-ac24-4bac-8265-eef71936bbda,213302912,Commune de Montagoudin (33),false,{33291},Commune,2026-03-24 14:41:58.620411+01,gold_establishments_2025,,,,21330291200018,2025,Collectivité Territoriale,Commune,['Gironde'],['Nouvelle-Aquitaine'],COM,{33},{75}
d27dd898-9f25-439f-8757-431a236fdb76,212402861,Commune de Montagrier (24),false,{24286},Commune,2026-03-24 14:41:55.958138+01,gold_establishments_2025,,,,21240286100018,2025,Collectivité Territoriale,Commune,['Dordogne'],['Nouvelle-Aquitaine'],COM,{24},{75}
7745edf7-c6a9-406a-8f19-dcabfa9bb078,218201168,Commune de Montagudet (82),false,{82116},Commune,2026-03-24 14:42:10.508772+01,gold_establishments_2025,,,,21820116800018,2025,Collectivité Territoriale,Commune,['Tarn-et-Garonne'],['Occitanie'],COM,{82},{76}
67893534-4d04-4b62-817e-e56b10f59487,216403972,Commune de Montagut (64),false,{64397},Commune,2026-03-24 14:42:06.665412+01,gold_establishments_2025,,,,21640397200013,2025,Collectivité Territoriale,Commune,['Pyrénées-Atlantiques'],['Nouvelle-Aquitaine'],COM,{64},{75}
35611168-d518-4af2-887a-c3253375c5f8,200096402,Commune de Montaignac-sur-Doustre (19),false,{19143},Commune,2026-03-24 14:41:54.903238+01,gold_establishments_2025,,,,20009640200017,2025,Collectivité Territoriale,Commune,['Corrèze'],['Nouvelle-Aquitaine'],COM,{19},{75}
4811525e-b976-47a5-a240-b290bf659a35,210204756,Commune de Montaigu (02),false,{02498},Commune,2026-03-24 14:41:52.020251+01,gold_establishments_2025,,,,21020475600014,2025,Collectivité Territoriale,Commune,['Aisne'],['Hauts-de-France'],COM,{02},{32}
45510697-2c5f-4472-95ec-fec741ea37c8,213903487,Commune de Montaigu (39),false,{39348},Commune,2026-03-24 14:41:59.705606+01,gold_establishments_2025,,,,21390348700014,2025,Collectivité Territoriale,Commune,['Jura'],['Bourgogne-Franche-Comté'],COM,{39},{27}
bd1db78c-42fb-4ace-9d0f-feaf8d262995,200081115,Commune de Montaigu-Vendée (85),false,{85146},Commune,2026-03-24 14:42:10.508772+01,gold_establishments_2025,,,,20008111500012,2025,Collectivité Territoriale,Commune,['Vendée'],['Pays de la Loire'],COM,{85},{52}
436cafa9-0bb1-4549-866e-97a5dba05d11,218201176,Commune de Montaigu-de-Quercy (82),false,{82117},Commune,2026-03-24 14:42:10.508772+01,gold_establishments_2025,,,,21820117600011,2025,Collectivité Territoriale,Commune,['Tarn-et-Garonne'],['Occitanie'],COM,{82},{76}
f7d3ea60-666e-439d-b979-23f472a453b9,215003351,Commune de Montaigu-la-Brisette (50),false,{50335},Commune,2026-03-24 14:42:01.412377+01,gold_establishments_2025,,,,21500335100016,2025,Collectivité Territoriale,Commune,['Manche'],['Normandie'],COM,{50},{28}
017fd570-1037-4b8f-aeb4-626b6e73b906,210301792,Commune de Montaigu-le-Blin (03),false,{03179},Commune,2026-03-24 14:41:52.020251+01,gold_establishments_2025,,,,21030179200011,2025,Collectivité Territoriale,Commune,['Allier'],['Auvergne-Rhône-Alpes'],COM,{03},{84}
f0dee237-ae6b-4c1a-990d-bbf265b01b76,215003369,Commune de Montaigu-les-Bois (50),false,{50336},Commune,2026-03-24 14:42:01.412377+01,gold_establishments_2025,,,,21500336900018,2025,Collectivité Territoriale,Commune,['Manche'],['Normandie'],COM,{50},{28}
4a08da8c-751a-4055-b1c1-46c2a41b871c,216302331,Commune de Montaigut-en-Combraille (63),false,{63233},Commune,2026-03-24 14:42:06.130387+01,gold_establishments_2025,,,,21630233100014,2025,Collectivité Territoriale,Commune,['Puy-de-Dôme'],['Auvergne-Rhône-Alpes'],COM,{63},{84}
4e500b17-b963-458c-8274-4ad21edc33e8,212313209,Commune de Montaigut-le-Blanc (23),false,{23132},Commune,2026-03-24 14:41:55.958138+01,gold_establishments_2025,,,,21231320900018,2025,Collectivité Territoriale,Commune,['Creuse'],['Nouvelle-Aquitaine'],COM,{23},{75}
b77f864b-9515-45d2-871d-21bc964e3f8b,216302349,Commune de Montaigut-le-Blanc (63),false,{63234},Commune,2026-03-24 14:42:06.130387+01,gold_establishments_2025,,,,21630234900016,2025,Collectivité Territoriale,Commune,['Puy-de-Dôme'],['Auvergne-Rhône-Alpes'],COM,{63},{84}
11dfd945-2143-41a7-ba51-857ee096be99,213103567,Commune de Montaigut-sur-Save (31),false,{31356},Commune,2026-03-24 14:41:58.09424+01,gold_establishments_2025,,,,21310356700011,2025,Collectivité Territoriale,Commune,['Haute-Garonne'],['Occitanie'],COM,{31},{76}
20ad93a8-d2dd-4591-82a9-2704c8485e00,210301784,Commune de Montaiguët-en-Forez (03),false,{03178},Commune,2026-03-24 14:41:52.020251+01,gold_establishments_2025,,,,21030178400018,2025,Collectivité Territoriale,Commune,['Allier'],['Auvergne-Rhône-Alpes'],COM,{03},{84}
fa3319c3-9c65-4ab4-a1fb-b9ec1e6f80a0,217301621,Commune de Montailleur (73),false,{73162},Commune,2026-03-24 14:42:08.279287+01,gold_establishments_2025,,,,21730162100017,2025,Collectivité Territoriale,Commune,['Savoie'],['Auvergne-Rhône-Alpes'],COM,{73},{84}
855c6cb9-2335-4135-81a6-43dba307c2a0,210901971,Commune de Montaillou (09),false,{09197},Commune,2026-03-24 14:41:53.095366+01,gold_establishments_2025,,,,21090197100015,2025,Collectivité Territoriale,Commune,['Ariège'],['Occitanie'],COM,{09},{76}
f652127c-d94d-4e0d-af2f-38bfe42c059b,217202043,Commune de Montaillé (72),false,{72204},Commune,2026-03-24 14:42:08.279287+01,gold_establishments_2025,,,,21720204300014,2025,Collectivité Territoriale,Commune,['Sarthe'],['Pays de la Loire'],COM,{72},{52}
9be704b9-49c3-4bcc-b441-f642b55ed7aa,213903495,Commune de Montain (39),false,{39349},Commune,2026-03-24 14:41:59.705606+01,gold_establishments_2025,,,,21390349500017,2025,Collectivité Territoriale,Commune,['Jura'],['Bourgogne-Franche-Comté'],COM,{39},{27}
ce77afcd-8b21-4cb6-b488-a136802937be,217804152,Commune de Montainville (78),false,{78415},Commune,2026-03-24 14:42:09.43682+01,gold_establishments_2025,,,,21780415200015,2025,Collectivité Territoriale,Commune,['Yvelines'],['Île-de-France'],COM,{78},{11}
49045455-835e-4a47-872b-235740dd3d99,216601112,Commune de Montalba-le-Château (66),false,{66111},Commune,2026-03-24 14:42:06.665412+01,gold_establishments_2025,,,,21660111200016,2025,Collectivité Territoriale,Commune,['Pyrénées-Orientales'],['Occitanie'],COM,{66},{76}
5e79303c-0f20-4559-9601-be3d2d058e3a,217901800,Commune de Montalembert (nan),false,{79180},Commune,2026-03-24 14:42:09.43682+01,gold_establishments_2025,,,,21790180000011,2025,Collectivité Territoriale,Commune,[''],[''],COM,,
e8daf1b0-fbf7-412f-9cde-93405f6a4e49,217804160,Commune de Montalet-le-Bois (78),false,{78416},Commune,2026-03-24 14:42:09.43682+01,gold_establishments_2025,,,,21780416000018,2025,Collectivité Territoriale,Commune,['Yvelines'],['Île-de-France'],COM,{78},{11}
3585bbc2-8b29-4fa7-947d-2579d2f647c6,213802473,Commune de Montalieu-Vercieu (38),false,{38247},Commune,2026-03-24 14:41:59.160244+01,gold_establishments_2025,,,,21380247300016,2025,Collectivité Territoriale,Commune,['Isère'],['Auvergne-Rhône-Alpes'],COM,{38},{84}
89a00e4e-9db7-4a2f-8dfc-a0a36da62232,218201192,Commune de Montalzat (82),false,{82119},Commune,2026-03-24 14:42:10.508772+01,gold_establishments_2025,,,,21820119200018,2025,Collectivité Territoriale,Commune,['Tarn-et-Garonne'],['Occitanie'],COM,{82},{76}
c9e235ed-dbd6-417e-96ff-4883199e5787,213202773,Commune de Montamat (32),false,{32277},Commune,2026-03-24 14:41:58.09424+01,gold_establishments_2025,,,,21320277300015,2025,Collectivité Territoriale,Commune,['Gers'],['Occitanie'],COM,{32},{76}
50b221c8-d286-4358-a1aa-d3b84c5e7137,215801721,Commune de Montambert (58),false,{58172},Commune,2026-03-24 14:42:04.280096+01,gold_establishments_2025,,,,21580172100014,2025,Collectivité Territoriale,Commune,['Nièvre'],['Bourgogne-Franche-Comté'],COM,{58},{27}
550fd9d4-2922-4d72-8e70-212ea3551328,214601965,Commune de Montamel (46),false,{46196},Commune,2026-03-24 14:42:00.862623+01,gold_establishments_2025,,,,21460196500012,2025,Collectivité Territoriale,Commune,['Lot'],['Occitanie'],COM,{46},{76}
67d2b33f-9e23-4078-84f5-29631d8e88fe,218601631,Commune de Montamisé (86),false,{86163},Commune,2026-03-24 14:42:10.508772+01,gold_establishments_2025,,,,21860163100011,2025,Collectivité Territoriale,Commune,['Vienne'],['Nouvelle-Aquitaine'],COM,{86},{75}
283186a5-2272-454e-9075-d1c61f050ecc,216902841,Commune de Montanay (69),false,{69284},Commune,2026-03-24 14:42:07.735343+01,gold_establishments_2025,,,,21690284100016,2025,Collectivité Territoriale,Commune,['Rhône'],['Auvergne-Rhône-Alpes'],COM,{69},{84}
30bbb104-3e3c-429d-8762-d040a8189e10,212503866,Commune de Montancy (25),false,{25386},Commune,2026-03-24 14:41:56.495197+01,gold_establishments_2025,,,,21250386600015,2025,Collectivité Territoriale,Commune,['Doubs'],['Bourgogne-Franche-Comté'],COM,{25},{27}
51b6f10f-edf6-4147-b96e-275d584d5233,212503874,Commune de Montandon (25),false,{25387},Commune,2026-03-24 14:41:56.495197+01,gold_establishments_2025,,,,21250387400019,2025,Collectivité Territoriale,Commune,['Doubs'],['Bourgogne-Franche-Comté'],COM,{25},{27}
b9f014b6-c8b3-429c-bfd9-4ed5c2cc923f,216403980,Commune de Montaner (64),false,{64398},Commune,2026-03-24 14:42:06.665412+01,gold_establishments_2025,,,,21640398000016,2025,Collectivité Territoriale,Commune,['Pyrénées-Atlantiques'],['Nouvelle-Aquitaine'],COM,{64},{75}
37ad8c89-c129-4fa7-9d1b-7d7ce5298a24,210102570,Commune de Montanges (01),false,{01257},Commune,2026-03-24 14:41:51.447482+01,gold_establishments_2025,,,,21010257000012,2025,Collectivité Territoriale,Commune,['Ain'],['Auvergne-Rhône-Alpes'],COM,{01},{84}
94411e8f-0e68-4aca-83af-f267ee55a28f,218101715,Commune de Montans (81),false,{81171},Commune,2026-03-24 14:42:09.967209+01,gold_establishments_2025,,,,21810171500017,2025,Collectivité Territoriale,Commune,['Tarn'],['Occitanie'],COM,{81},{76}
9c15bf05-2216-4ad1-b55f-8c5769bd8836,215801713,Commune de Montapas (58),false,{58171},Commune,2026-03-24 14:42:04.280096+01,gold_establishments_2025,,,,21580171300011,2025,Collectivité Territoriale,Commune,['Nièvre'],['Bourgogne-Franche-Comté'],COM,{58},{27}
0d36d1f6-d3c7-4e34-82bf-dc14567fc507,214201469,Commune de Montarcher (42),false,{42146},Commune,2026-03-24 14:42:00.273698+01,gold_establishments_2025,,,,21420146900019,2025,Collectivité Territoriale,Commune,['Loire'],['Auvergne-Rhône-Alpes'],COM,{42},{84}
65eb5b6d-033b-402f-9b0b-4e0a62c94760,210901989,Commune de Montardit (09),false,{09198},Commune,2026-03-24 14:41:53.095366+01,gold_establishments_2025,,,,21090198900017,2025,Collectivité Territoriale,Commune,['Ariège'],['Occitanie'],COM,{09},{76}
f086403d-e8cc-4695-968d-f50996d2c561,216403998,Commune de Montardon (64),false,{64399},Commune,2026-03-24 14:42:06.665412+01,gold_establishments_2025,,,,21640399800018,2025,Collectivité Territoriale,Commune,['Pyrénées-Atlantiques'],['Nouvelle-Aquitaine'],COM,{64},{75}
4286d025-4a3d-4736-9929-b75d370140b4,213001746,Commune de Montaren-et-Saint-Médiers (30),false,{30174},Commune,2026-03-24 14:41:57.56054+01,gold_establishments_2025,,,,21300174600014,2025,Collectivité Territoriale,Commune,['Gard'],['Occitanie'],COM,{30},{76}
b1a083c1-66cd-4da1-a1ca-5f66ec5fd3e9,214502080,Commune de Montargis (45),false,{45208},Commune,2026-03-24 14:42:00.862623+01,gold_establishments_2025,,,,21450208000226,2025,Collectivité Territoriale,Commune,['Loiret'],['Centre-Val de Loire'],COM,{45},{24}
9afcc18c-bb82-4def-8533-86a5077fe85e,217003557,Commune de Montarlot-lès-Rioz (70),false,{70355},Commune,2026-03-24 14:42:07.735343+01,gold_establishments_2025,,,,21700355700014,2025,Collectivité Territoriale,Commune,['Haute-Saône'],['Bourgogne-Franche-Comté'],COM,{70},{27}
9b92b8b9-a1e2-457f-aed5-7bf28a142c45,213401631,Commune de Montarnaud (34),false,{34163},Commune,2026-03-24 14:41:58.620411+01,gold_establishments_2025,,,,21340163100014,2025,Collectivité Territoriale,Commune,['Hérault'],['Occitanie'],COM,{34},{76}
05f2543b-5199-4c72-a159-c18c59bba16e,215801739,Commune de Montaron (58),false,{58173},Commune,2026-03-24 14:42:04.280096+01,gold_establishments_2025,,,,21580173900016,2025,Collectivité Territoriale,Commune,['Nièvre'],['Bourgogne-Franche-Comté'],COM,{58},{27}
39685f23-b0b0-4891-839e-06d68f0e8db1,214701823,Commune de Montastruc (47),false,{47182},Commune,2026-03-24 14:42:00.862623+01,gold_establishments_2025,,,,21470182300012,2025,Collectivité Territoriale,Commune,['Lot-et-Garonne'],['Nouvelle-Aquitaine'],COM,{47},{75}
4788505a-8205-4494-afa3-81f4040fae27,216503185,Commune de Montastruc (65),false,{65318},Commune,2026-03-24 14:42:06.665412+01,gold_establishments_2025,,,,21650318500011,2025,Collectivité Territoriale,Commune,['Hautes-Pyrénées'],['Occitanie'],COM,{65},{76}
29f9317b-7eb5-4056-bb9a-b58106a8e249,218201200,Commune de Montastruc (82),false,{82120},Commune,2026-03-24 14:42:10.508772+01,gold_establishments_2025,,,,21820120000019,2025,Collectivité Territoriale,Commune,['Tarn-et-Garonne'],['Occitanie'],COM,{82},{76}
9a9a05c6-b962-4372-aca7-b1515983d204,213103591,Commune de Montastruc-Savès (31),false,{31359},Commune,2026-03-24 14:41:58.09424+01,gold_establishments_2025,,,,21310359100011,2025,Collectivité Territoriale,Commune,['Haute-Garonne'],['Occitanie'],COM,{31},{76}
d9773910-1a69-4f54-90f7-963ef7c05102,213103575,Commune de Montastruc-de-Salies (31),false,{31357},Commune,2026-03-24 14:41:58.09424+01,gold_establishments_2025,,,,21310357500014,2025,Collectivité Territoriale,Commune,['Haute-Garonne'],['Occitanie'],COM,{31},{76}
c7a92d0f-8efd-4010-9ec6-0920fda97703,213103583,Commune de Montastruc-la-Conseillère (31),false,{31358},Commune,2026-03-24 14:41:58.09424+01,gold_establishments_2025,,,,21310358300018,2025,Collectivité Territoriale,Commune,['Haute-Garonne'],['Occitanie'],COM,{31},{76}
c3242733-a010-4835-ae2e-d795ad247b34,216004101,Commune de Montataire (60),false,{60414},Commune,2026-03-24 14:42:04.814328+01,gold_establishments_2025,,,,21600410100012,2025,Collectivité Territoriale,Commune,['Oise'],['Hauts-de-France'],COM,{60},{32}
2620ebc3-4914-4c8c-80d9-4547156ef3ca,218201218,Commune de Montauban (82),false,{82121},Commune,2026-03-24 14:42:10.508772+01,gold_establishments_2025,,,,21820121800011,2025,Collectivité Territoriale,Commune,['Tarn-et-Garonne'],['Occitanie'],COM,{82},{76}
02da8323-f101-465a-9412-94d30a246f10,200085876,Commune de Montauban-de-Bretagne (35),false,{35184},Commune,2026-03-24 14:41:58.620411+01,gold_establishments_2025,,,,20008587600015,2025,Collectivité Territoriale,Commune,['Ille-et-Vilaine'],['Bretagne'],COM,{35},{53}
eecd4276-fedf-4832-bdc5-b82d24f14e55,213103609,Commune de Montauban-de-Luchon (31),false,{31360},Commune,2026-03-24 14:41:58.09424+01,gold_establishments_2025,,,,21310360900011,2025,Collectivité Territoriale,Commune,['Haute-Garonne'],['Occitanie'],COM,{31},{76}
8926b2b4-6a83-41ed-94eb-bea78b0642f0,218005304,Commune de Montauban-de-Picardie (80),false,{80560},Commune,2026-03-24 14:42:09.967209+01,gold_establishments_2025,,,,21800530400017,2025,Collectivité Territoriale,Commune,['Somme'],['Hauts-de-France'],COM,{80},{32}
059edc35-cb77-4946-9b51-44b8fa0809b0,212601892,Commune de Montauban-sur-l'Ouvèze (26),false,{26189},Commune,2026-03-24 14:41:56.495197+01,gold_establishments_2025,,,,21260189200012,2025,Collectivité Territoriale,Commune,['Drôme'],['Auvergne-Rhône-Alpes'],COM,{26},{84}
2ceb2364-100f-4ff7-8755-c587230b871a,213401649,Commune de Montaud (34),false,{34164},Commune,2026-03-24 14:41:58.620411+01,gold_establishments_2025,,,,21340164900016,2025,Collectivité Territoriale,Commune,['Hérault'],['Occitanie'],COM,{34},{76}
d6d94b75-e4d7-49f9-b834-0f958167f93f,213802481,Commune de Montaud (38),false,{38248},Commune,2026-03-24 14:41:59.160244+01,gold_establishments_2025,,,,21380248100019,2025,Collectivité Territoriale,Commune,['Isère'],['Auvergne-Rhône-Alpes'],COM,{38},{84}
9d9b81bb-e217-41d7-8c63-556366a2e7a4,215301540,Commune de Montaudin (53),false,{53154},Commune,2026-03-24 14:42:02.957225+01,gold_establishments_2025,,,,21530154000013,2025,Collectivité Territoriale,Commune,['Mayenne'],['Pays de la Loire'],COM,{53},{52}
d17192ec-42c4-4c4d-ad67-9a251c53cc33,212601900,Commune de Montaulieu (26),false,{26190},Commune,2026-03-24 14:41:56.495197+01,gold_establishments_2025,,,,21260190000013,2025,Collectivité Territoriale,Commune,['Drôme'],['Auvergne-Rhône-Alpes'],COM,{26},{84}
5edb500c-d933-409c-ba39-c6f4495f0e88,211002373,Commune de Montaulin (10),false,{10245},Commune,2026-03-24 14:41:53.095366+01,gold_establishments_2025,,,,21100237300010,2025,Collectivité Territoriale,Commune,['Aube'],['Grand Est'],COM,{10},{44}
b28f606a-0328-4739-98d2-4603006d860d,211102397,Commune de Montauriol (11),false,{11239},Commune,2026-03-24 14:41:53.63825+01,gold_establishments_2025,,,,21110239700018,2025,Collectivité Territoriale,Commune,['Aude'],['Occitanie'],COM,{11},{76}
6e683884-7920-4e09-bae9-078ede31b5fd,214701831,Commune de Montauriol (47),false,{47183},Commune,2026-03-24 14:42:00.862623+01,gold_establishments_2025,,,,21470183100015,2025,Collectivité Territoriale,Commune,['Lot-et-Garonne'],['Nouvelle-Aquitaine'],COM,{47},{75}
b670701a-5e6f-43f5-8fc0-71d2a8e6f28e,216601120,Commune de Montauriol (66),false,{66112},Commune,2026-03-24 14:42:06.665412+01,gold_establishments_2025,,,,21660112000019,2025,Collectivité Territoriale,Commune,['Pyrénées-Orientales'],['Occitanie'],COM,{66},{76}
20c1d33b-60b0-4e62-9eb2-cafab87acc07,218101723,Commune de Montauriol (81),false,{81172},Commune,2026-03-24 14:42:09.967209+01,gold_establishments_2025,,,,21810172300011,2025,Collectivité Territoriale,Commune,['Tarn'],['Occitanie'],COM,{81},{76}
f1d48929-94ac-4099-9e53-9fd9f23903a9,218300812,Commune de Montauroux (83),false,{83081},Commune,2026-03-24 14:42:10.508772+01,gold_establishments_2025,,,,21830081200011,2025,Collectivité Territoriale,Commune,['Var'],"[""Provence-Alpes-Côte d'Azur""]",COM,{83},{93}
2df08e7a-75a7-42f7-9d06-6795a39513c9,210901997,Commune de Montaut (09),false,{09199},Commune,2026-03-24 14:41:53.095366+01,gold_establishments_2025,,,,21090199700010,2025,Collectivité Territoriale,Commune,['Ariège'],['Occitanie'],COM,{09},{76}
b3fc1799-968a-4256-a97d-eed732ff9f29,212402879,Commune de Montaut (24),false,{24287},Commune,2026-03-24 14:41:55.958138+01,gold_establishments_2025,,,,21240287900010,2025,Collectivité Territoriale,Commune,['Dordogne'],['Nouvelle-Aquitaine'],COM,{24},{75}
d503236a-9f52-4c27-8ea6-6c64bf7c7709,213103617,Commune de Montaut (31),false,{31361},Commune,2026-03-24 14:41:58.09424+01,gold_establishments_2025,,,,21310361700014,2025,Collectivité Territoriale,Commune,['Haute-Garonne'],['Occitanie'],COM,{31},{76}
a5731301-f797-4465-882a-62d3b67b5aa6,213202781,Commune de Montaut (32),false,{32278},Commune,2026-03-24 14:41:58.09424+01,gold_establishments_2025,,,,21320278100018,2025,Collectivité Territoriale,Commune,['Gers'],['Occitanie'],COM,{32},{76}
4babc2b8-1257-4849-8c55-e5228ade586f,214001919,Commune de Montaut (40),false,{40191},Commune,2026-03-24 14:41:59.705606+01,gold_establishments_2025,,,,21400191900015,2025,Collectivité Territoriale,Commune,['Landes'],['Nouvelle-Aquitaine'],COM,{40},{75}
9edd5121-15ed-41a4-8b18-346a763f6bf5,214701849,Commune de Montaut (47),false,{47184},Commune,2026-03-24 14:42:00.862623+01,gold_establishments_2025,,,,21470184900017,2025,Collectivité Territoriale,Commune,['Lot-et-Garonne'],['Nouvelle-Aquitaine'],COM,{47},{75}
bce4fb8a-5d09-41bc-af1b-77190978dfc4,216404004,Commune de Montaut (64),false,{64400},Commune,2026-03-24 14:42:06.665412+01,gold_establishments_2025,,,,21640400400014,2025,Collectivité Territoriale,Commune,['Pyrénées-Atlantiques'],['Nouvelle-Aquitaine'],COM,{64},{75}
fe2f3c0a-f0fd-4e54-9e62-a966e74821d7,213202799,Commune de Montaut-les-Créneaux (32),false,{32279},Commune,2026-03-24 14:41:58.09424+01,gold_establishments_2025,,,,21320279900010,2025,Collectivité Territoriale,Commune,['Gers'],['Occitanie'],COM,{32},{76}
7a9606d7-9484-467d-bc85-a4d1caf62003,213501851,Commune de Montautour (35),false,{35185},Commune,2026-03-24 14:41:58.620411+01,gold_establishments_2025,,,,21350185100017,2025,Collectivité Territoriale,Commune,['Ille-et-Vilaine'],['Bretagne'],COM,{35},{53}
ca033665-48fd-4e0b-93b8-f1d153d9723f,215403759,Commune de Montauville (54),false,{54375},Commune,2026-03-24 14:42:02.957225+01,gold_establishments_2025,,,,21540375900016,2025,Collectivité Territoriale,Commune,['Meurthe-et-Moselle'],['Grand Est'],COM,{54},{44}
55452f01-1d2f-4449-ba46-ae9d200cf39e,215904129,Commune de Montay (59),false,{59412},Commune,2026-03-24 14:42:04.280096+01,gold_establishments_2025,,,,21590412900016,2025,Collectivité Territoriale,Commune,['Nord'],['Hauts-de-France'],COM,{59},{32}
7906cfa6-9c36-4a0a-9c75-a283c2bee829,214701856,Commune de Montayral (47),false,{47185},Commune,2026-03-24 14:42:00.862623+01,gold_establishments_2025,,,,21470185600012,2025,Collectivité Territoriale,Commune,['Lot-et-Garonne'],['Nouvelle-Aquitaine'],COM,{47},{75}
022cfe43-479e-44a2-b0e7-20c834f66305,212402887,Commune de Montazeau (24),false,{24288},Commune,2026-03-24 14:41:55.958138+01,gold_establishments_2025,,,,21240288700013,2025,Collectivité Territoriale,Commune,['Dordogne'],['Nouvelle-Aquitaine'],COM,{24},{75}
5d5f9890-893e-4062-b436-695ed4af0138,211102405,Commune de Montazels (11),false,{11240},Commune,2026-03-24 14:41:53.63825+01,gold_establishments_2025,,,,21110240500019,2025,Collectivité Territoriale,Commune,['Aude'],['Occitanie'],COM,{11},{76}
c8db8fd7-2e06-4c6d-891f-1fe551e32963,218201184,Commune de Montaïn (82),false,{82118},Commune,2026-03-24 14:42:10.508772+01,gold_establishments_2025,,,,21820118400015,2025,Collectivité Territoriale,Commune,['Tarn-et-Garonne'],['Occitanie'],COM,{82},{76}
dd508b1f-1c82-4770-af8d-2f48518a4123,212104251,Commune de Montbard (21),false,{21425},Commune,2026-03-24 14:41:55.433389+01,gold_establishments_2025,,,,21210425100013,2025,Collectivité Territoriale,Commune,"[""Côte-d'Or""]",['Bourgogne-Franche-Comté'],COM,{21},{27}
d781c28f-fa10-4d0c-8e36-8dbab6ecc78d,218201226,Commune de Montbarla (82),false,{82122},Commune,2026-03-24 14:42:10.508772+01,gold_establishments_2025,,,,21820122600014,2025,Collectivité Territoriale,Commune,['Tarn-et-Garonne'],['Occitanie'],COM,{82},{76}
e08b84e4-823b-4884-937d-837dc0eb8ea8,213903503,Commune de Montbarrey (39),false,{39350},Commune,2026-03-24 14:41:59.705606+01,gold_establishments_2025,,,,21390350300042,2025,Collectivité Territoriale,Commune,['Jura'],['Bourgogne-Franche-Comté'],COM,{39},{27}
1c72973f-d1af-4ea0-9016-aae0b6130b95,214502098,Commune de Montbarrois (45),false,{45209},Commune,2026-03-24 14:42:00.862623+01,gold_establishments_2025,,,,21450209800012,2025,Collectivité Territoriale,Commune,['Loiret'],['Centre-Val de Loire'],COM,{45},{24}
5cd544cd-54ef-405c-8155-26a43a079753,218201234,Commune de Montbartier (82),false,{82123},Commune,2026-03-24 14:42:10.508772+01,gold_establishments_2025,,,,21820123400018,2025,Collectivité Territoriale,Commune,['Tarn-et-Garonne'],['Occitanie'],COM,{82},{76}
351a282d-09d9-481c-b62f-043d7930a4ff,210204764,Commune de Montbavin (02),false,{02499},Commune,2026-03-24 14:41:52.020251+01,gold_establishments_2025,,,,21020476400018,2025,Collectivité Territoriale,Commune,['Aisne'],['Hauts-de-France'],COM,{02},{32}
4beb207b-113b-44f4-a518-5af3e59ead6c,211201488,Commune de Montbazens (12),false,{12148},Commune,2026-03-24 14:41:53.63825+01,gold_establishments_2025,,,,21120148800015,2025,Collectivité Territoriale,Commune,['Aveyron'],['Occitanie'],COM,{12},{76}
21627496-e216-4cab-a09c-6e5f6498fa75,213401656,Commune de Montbazin (34),false,{34165},Commune,2026-03-24 14:41:58.620411+01,gold_establishments_2025,,,,21340165600011,2025,Collectivité Territoriale,Commune,['Hérault'],['Occitanie'],COM,{34},{76}
cc60661b-c28f-4c29-954c-738c61e2a571,213701543,Commune de Montbazon (37),false,{37154},Commune,2026-03-24 14:41:59.160244+01,gold_establishments_2025,,,,21370154300018,2025,Collectivité Territoriale,Commune,['Indre-et-Loire'],['Centre-Val de Loire'],COM,{37},{24}
4c3d3b5f-dbab-4057-b4c7-0d4ada3a06a1,210902003,Commune de Montbel (09),false,{09200},Commune,2026-03-24 14:41:53.095366+01,gold_establishments_2025,,,,21090200300016,2025,Collectivité Territoriale,Commune,['Ariège'],['Occitanie'],COM,{09},{76}
85de723e-56b9-4423-909d-295d14e70b06,214801003,Commune de Montbel (48),false,{48100},Commune,2026-03-24 14:42:01.412377+01,gold_establishments_2025,,,,21480100300010,2025,Collectivité Territoriale,Commune,['Lozère'],['Occitanie'],COM,{48},{76}
b79dc71c-cf05-4c18-9a7a-3edcec618eab,217103050,Commune de Montbellet (71),false,{71305},Commune,2026-03-24 14:42:07.735343+01,gold_establishments_2025,,,,21710305000019,2025,Collectivité Territoriale,Commune,['Saône-et-Loire'],['Bourgogne-Franche-Comté'],COM,{71},{27}
ebc1cdf5-c568-496a-a93e-b96dcba61ca0,213103625,Commune de Montberaud (31),false,{31362},Commune,2026-03-24 14:41:58.09424+01,gold_establishments_2025,,,,21310362500017,2025,Collectivité Territoriale,Commune,['Haute-Garonne'],['Occitanie'],COM,{31},{76}
8359e398-5e17-44c5-bd24-4c275bf1e4fa,213103633,Commune de Montbernard (31),false,{31363},Commune,2026-03-24 14:41:58.09424+01,gold_establishments_2025,,,,21310363300011,2025,Collectivité Territoriale,Commune,['Haute-Garonne'],['Occitanie'],COM,{31},{76}
9b9fa571-53ca-46cc-a9d2-44b02c5df523,213103641,Commune de Montberon (31),false,{31364},Commune,2026-03-24 14:41:58.09424+01,gold_establishments_2025,,,,21310364100014,2025,Collectivité Territoriale,Commune,['Haute-Garonne'],['Occitanie'],COM,{31},{76}
8b9d2e3a-2170-4887-b0c0-004474104631,214401028,Commune de Montbert (44),false,{44102},Commune,2026-03-24 14:42:00.273698+01,gold_establishments_2025,,,,21440102800011,2025,Collectivité Territoriale,Commune,['Loire-Atlantique'],['Pays de la Loire'],COM,{44},{52}
beb3662f-a0f4-4da6-b088-28b9820b37c8,212104269,Commune de Montberthault (21),false,{21426},Commune,2026-03-24 14:41:55.433389+01,gold_establishments_2025,,,,21210426900015,2025,Collectivité Territoriale,Commune,"[""Côte-d'Or""]",['Bourgogne-Franche-Comté'],COM,{21},{27}
cc454769-ec19-4e7e-9bfa-d1778727a8c9,218201242,Commune de Montbeton (82),false,{82124},Commune,2026-03-24 14:42:10.508772+01,gold_establishments_2025,,,,21820124200011,2025,Collectivité Territoriale,Commune,['Tarn-et-Garonne'],['Occitanie'],COM,{82},{76}
0a35f41e-f86a-4702-b89e-5d0ccdd47e69,210301800,Commune de Montbeugny (03),false,{03180},Commune,2026-03-24 14:41:52.020251+01,gold_establishments_2025,,,,21030180000012,2025,Collectivité Territoriale,Commune,['Allier'],['Auvergne-Rhône-Alpes'],COM,{03},{84}
32d6485c-26e8-4b5b-8ef9-7b0fc89978e9,217202050,Commune de Montbizot (72),false,{72205},Commune,2026-03-24 14:42:08.279287+01,gold_establishments_2025,,,,21720205000019,2025,Collectivité Territoriale,Commune,['Sarthe'],['Pays de la Loire'],COM,{72},{52}
0def9ab9-f646-470c-874b-d5c0ba941c4d,215503434,Commune de Montblainville (55),false,{55343},Commune,2026-03-24 14:42:03.701372+01,gold_establishments_2025,,,,21550343400015,2025,Collectivité Territoriale,Commune,['Meuse'],['Grand Est'],COM,{55},{44}
df6531ce-4f59-4d97-90c3-06ac4f0e2722,213401664,Commune de Montblanc (34),false,{34166},Commune,2026-03-24 14:41:58.620411+01,gold_establishments_2025,,,,21340166400015,2025,Collectivité Territoriale,Commune,['Hérault'],['Occitanie'],COM,{34},{76}
98316147-17ff-4195-9d67-a18218509641,217003565,Commune de Montboillon (70),false,{70356},Commune,2026-03-24 14:42:07.735343+01,gold_establishments_2025,,,,21700356500017,2025,Collectivité Territoriale,Commune,['Haute-Saône'],['Bourgogne-Franche-Comté'],COM,{70},{27}
2c1e9fab-dfa8-47c5-a1f4-c5f32e1c54c2,212802599,Commune de Montboissier (28),false,{28259},Commune,2026-03-24 14:41:57.028721+01,gold_establishments_2025,,,,21280259900010,2025,Collectivité Territoriale,Commune,['Eure-et-Loir'],['Centre-Val de Loire'],COM,{28},{24}
1e571bf9-0f96-44dd-938f-4e972b9d3ee8,216601138,Commune de Montbolo (66),false,{66113},Commune,2026-03-24 14:42:06.665412+01,gold_establishments_2025,,,,21660113800011,2025,Collectivité Territoriale,Commune,['Pyrénées-Orientales'],['Occitanie'],COM,{66},{76}
67dc5aea-aa66-4427-96dc-a8fbcb04f94e,213802499,Commune de Montbonnot-Saint-Martin (38),false,{38249},Commune,2026-03-24 14:41:59.160244+01,gold_establishments_2025,,,,21380249900011,2025,Collectivité Territoriale,Commune,['Isère'],['Auvergne-Rhône-Alpes'],COM,{38},{84}
defb29fd-d200-4966-8f7a-3b66075e8e36,212313308,Commune de Montboucher (23),false,{23133},Commune,2026-03-24 14:41:55.958138+01,gold_establishments_2025,,,,21231330800018,2025,Collectivité Territoriale,Commune,['Creuse'],['Nouvelle-Aquitaine'],COM,{23},{75}
553b5234-98ce-4426-b51e-cf98003c6bbe,212601918,Commune de Montboucher-sur-Jabron (26),false,{26191},Commune,2026-03-24 14:41:56.495197+01,gold_establishments_2025,,,,21260191800015,2025,Collectivité Territoriale,Commune,['Drôme'],['Auvergne-Rhône-Alpes'],COM,{26},{84}
0ddc8de4-bea8-49a9-8cbb-9370ef9a86a9,211501291,Commune de Montboudif (15),false,{15129},Commune,2026-03-24 14:41:54.362296+01,gold_establishments_2025,,,,21150129100010,2025,Collectivité Territoriale,Commune,['Cantal'],['Auvergne-Rhône-Alpes'],COM,{15},{84}
c9e16cd3-c20b-414c-9f8e-4a10e0db93a8,219000700,Commune de Montbouton (90),false,{90070},Commune,2026-03-24 14:42:11.659493+01,gold_establishments_2025,,,,21900070000019,2025,Collectivité Territoriale,Commune,['Territoire de Belfort'],['Bourgogne-Franche-Comté'],COM,{90},{27}
a258af3b-fcd4-47f2-9207-291918c8fce3,214502106,Commune de Montbouy (45),false,{45210},Commune,2026-03-24 14:42:00.862623+01,gold_establishments_2025,,,,21450210600013,2025,Collectivité Territoriale,Commune,['Loiret'],['Centre-Val de Loire'],COM,{45},{24}
a96686a8-e756-4221-a17b-ecf97e7be1e1,211602222,Commune de Montboyer (16),false,{16222},Commune,2026-03-24 14:41:54.362296+01,gold_establishments_2025,,,,21160222200013,2025,Collectivité Territoriale,Commune,['Charente'],['Nouvelle-Aquitaine'],COM,{16},{75}
a7b43425-02bf-452a-8402-55c837036446,217003573,Commune de Montbozon (70),false,{70357},Commune,2026-03-24 14:42:07.735343+01,gold_establishments_2025,,,,21700357300011,2025,Collectivité Territoriale,Commune,['Haute-Saône'],['Bourgogne-Franche-Comté'],COM,{70},{27}
d3fa7110-b591-403c-80d7-9b2b03fe0da9,210500807,Commune de Montbrand (05),false,{05080},Commune,2026-03-24 14:41:52.562531+01,gold_establishments_2025,,,,21050080700016,2025,Collectivité Territoriale,Commune,['Hautes-Alpes'],"[""Provence-Alpes-Côte d'Azur""]",COM,{05},{93}
fc5fcd7e-a271-4e09-962b-af4a45071fc1,215503442,Commune de Montbras (55),false,{55344},Commune,2026-03-24 14:42:03.701372+01,gold_establishments_2025,,,,21550344200018,2025,Collectivité Territoriale,Commune,['Meuse'],['Grand Est'],COM,{55},{44}
fca5d917-bf22-4b92-89cc-2a132da5af29,215003385,Commune de Montbray (50),false,{50338},Commune,2026-03-24 14:42:01.412377+01,gold_establishments_2025,,,,21500338500014,2025,Collectivité Territoriale,Commune,['Manche'],['Normandie'],COM,{50},{28}
00f98269-7416-465b-975a-2838597ea402,210204772,Commune de Montbrehain (02),false,{02500},Commune,2026-03-24 14:41:52.020251+01,gold_establishments_2025,,,,21020477200011,2025,Collectivité Territoriale,Commune,['Aisne'],['Hauts-de-France'],COM,{02},{32}
79cc1ba4-205a-46d8-9813-f61883154ad6,214201477,Commune de Montbrison (42),false,{42147},Commune,2026-03-24 14:42:00.273698+01,gold_establishments_2025,,,,21420147700012,2025,Collectivité Territoriale,Commune,['Loire'],['Auvergne-Rhône-Alpes'],COM,{42},{84}
9fafbd26-2e7a-441c-9a02-9be5e72fb0fc,212601926,Commune de Montbrison-sur-Lez (26),false,{26192},Commune,2026-03-24 14:41:56.495197+01,gold_establishments_2025,,,,21260192600018,2025,Collectivité Territoriale,Commune,['Drôme'],['Auvergne-Rhône-Alpes'],COM,{26},{84}
dae218b3-a3d5-405c-a707-48197e1a8d2e,211602230,Commune de Montbron (16),false,{16223},Commune,2026-03-24 14:41:54.362296+01,gold_establishments_2025,,,,21160223000016,2025,Collectivité Territoriale,Commune,['Charente'],['Nouvelle-Aquitaine'],COM,{16},{75}
6d155c2e-3ac5-4548-b5f8-9d356d786841,215704776,Commune de Montbronn (57),false,{57477},Commune,2026-03-24 14:42:03.701372+01,gold_establishments_2025,,,,21570477600016,2025,Collectivité Territoriale,Commune,['Moselle'],['Grand Est'],COM,{57},{44}
a7b121d0-3ab1-42c6-8a7f-a7aafec463ee,214601981,Commune de Montbrun (46),false,{46198},Commune,2026-03-24 14:42:00.862623+01,gold_establishments_2025,,,,21460198100019,2025,Collectivité Territoriale,Commune,['Lot'],['Occitanie'],COM,{46},{76}
0c588069-dcd1-4672-a837-39c16409820e,213103658,Commune de Montbrun-Bocage (31),false,{31365},Commune,2026-03-24 14:41:58.09424+01,gold_establishments_2025,,,,21310365800018,2025,Collectivité Territoriale,Commune,['Haute-Garonne'],['Occitanie'],COM,{31},{76}
59368523-9011-456d-b14f-13e1a7c8a10f,213103666,Commune de Montbrun-Lauragais (31),false,{31366},Commune,2026-03-24 14:41:58.09424+01,gold_establishments_2025,,,,21310366600011,2025,Collectivité Territoriale,Commune,['Haute-Garonne'],['Occitanie'],COM,{31},{76}
3f100a0f-d500-4c22-afbd-a56291c97a38,211102413,Commune de Montbrun-des-Corbières (11),false,{11241},Commune,2026-03-24 14:41:53.63825+01,gold_establishments_2025,,,,21110241300013,2025,Collectivité Territoriale,Commune,['Aude'],['Occitanie'],COM,{11},{76}
24c38268-bc87-422a-9392-45d8d4cc2b80,212601934,Commune de Montbrun-les-Bains (26),false,{26193},Commune,2026-03-24 14:41:56.495197+01,gold_establishments_2025,,,,21260193400012,2025,Collectivité Territoriale,Commune,['Drôme'],['Auvergne-Rhône-Alpes'],COM,{26},{84}
5d464eb6-70f3-4e78-aae5-2870e5d89d3c,215103508,Commune de Montbré (51),false,{51375},Commune,2026-03-24 14:42:01.954481+01,gold_establishments_2025,,,,21510350800010,2025,Collectivité Territoriale,Commune,['Marne'],['Grand Est'],COM,{51},{44}
a56fc240-1041-4f89-962b-0b1839f5e3a0,212503882,Commune de Montbéliard (25),false,{25388},Commune,2026-03-24 14:41:56.495197+01,gold_establishments_2025,,,,21250388200012,2025,Collectivité Territoriale,Commune,['Doubs'],['Bourgogne-Franche-Comté'],COM,{25},{27}
3c1b026e-d4dd-4076-86dd-6016d68b66d4,212503890,Commune de Montbéliardot (25),false,{25389},Commune,2026-03-24 14:41:56.495197+01,gold_establishments_2025,,,,21250389000015,2025,Collectivité Territoriale,Commune,['Doubs'],['Bourgogne-Franche-Comté'],COM,{25},{27}
6f81bc31-ce82-4032-aa27-99c6d8f17664,214601999,Commune de Montcabrier (46),false,{46199},Commune,2026-03-24 14:42:00.862623+01,gold_establishments_2025,,,,21460199900011,2025,Collectivité Territoriale,Commune,['Lot'],['Occitanie'],COM,{46},{76}
0830716d-66a9-4a44-b59e-46e6105ef8be,218101731,Commune de Montcabrier (81),false,{81173},Commune,2026-03-24 14:42:09.967209+01,gold_establishments_2025,,,,21810173100014,2025,Collectivité Territoriale,Commune,['Tarn'],['Occitanie'],COM,{81},{76}
36ea4a5c-b229-44e4-a2df-c6076d1ff4b8,212402895,Commune de Montcaret (24),false,{24289},Commune,2026-03-24 14:41:55.958138+01,gold_establishments_2025,,,,21240289500016,2025,Collectivité Territoriale,Commune,['Dordogne'],['Nouvelle-Aquitaine'],COM,{24},{75}
4b1885ff-c745-4f48-8862-891c4538d57c,213802507,Commune de Montcarra (38),false,{38250},Commune,2026-03-24 14:41:59.160244+01,gold_establishments_2025,,,,21380250700037,2025,Collectivité Territoriale,Commune,['Isère'],['Auvergne-Rhône-Alpes'],COM,{38},{84}
a41d2573-7693-4cad-954a-d2a62e21eb06,216205856,Commune de Montcavrel (62),false,{62585},Commune,2026-03-24 14:42:05.597325+01,gold_establishments_2025,,,,21620585600018,2025,Collectivité Territoriale,Commune,['Pas-de-Calais'],['Hauts-de-France'],COM,{62},{32}
abd6e2ff-9311-4ae6-8128-1c522065b1d0,212104277,Commune de Montceau-et-Écharnant (21),false,{21427},Commune,2026-03-24 14:41:55.433389+01,gold_establishments_2025,,,,21210427700018,2025,Collectivité Territoriale,Commune,"[""Côte-d'Or""]",['Bourgogne-Franche-Comté'],COM,{21},{27}
8b060a32-70fb-439c-8b4b-974e6953b6b7,217103068,Commune de Montceau-les-Mines (71),false,{71306},Commune,2026-03-24 14:42:07.735343+01,gold_establishments_2025,,,,21710306800011,2025,Collectivité Territoriale,Commune,['Saône-et-Loire'],['Bourgogne-Franche-Comté'],COM,{71},{27}
43a5b7a4-2c4f-488a-b87a-9d0e80b2055e,210102588,Commune de Montceaux (01),false,{01258},Commune,2026-03-24 14:41:51.447482+01,gold_establishments_2025,,,,21010258800014,2025,Collectivité Territoriale,Commune,['Ain'],['Auvergne-Rhône-Alpes'],COM,{01},{84}
feecfd0a-210c-48e0-94ba-81ef755247e7,217103084,Commune de Montceaux-Ragny (71),false,{71308},Commune,2026-03-24 14:42:07.735343+01,gold_establishments_2025,,,,21710308400018,2025,Collectivité Territoriale,Commune,['Saône-et-Loire'],['Bourgogne-Franche-Comté'],COM,{71},{27}
18d5ce1e-ee00-43ad-b4d2-9dacdf067c52,217103076,Commune de Montceaux-l'Étoile (71),false,{71307},Commune,2026-03-24 14:42:07.735343+01,gold_establishments_2025,,,,21710307600014,2025,Collectivité Territoriale,Commune,['Saône-et-Loire'],['Bourgogne-Franche-Comté'],COM,{71},{27}
065e4b83-cd00-45df-88c5-904a6782e7bf,217703008,Commune de Montceaux-lès-Meaux (77),false,{77300},Commune,2026-03-24 14:42:09.43682+01,gold_establishments_2025,,,,21770300800011,2025,Collectivité Territoriale,Commune,['Seine-et-Marne'],['Île-de-France'],COM,{77},{11}
ce19393d-a328-496c-8035-398e8bf75e8e,217703016,Commune de Montceaux-lès-Provins (77),false,{77301},Commune,2026-03-24 14:42:09.43682+01,gold_establishments_2025,,,,21770301600014,2025,Collectivité Territoriale,Commune,['Seine-et-Marne'],['Île-de-France'],COM,{77},{11}
4062cb1d-2232-44c0-a249-14d8f473b626,211002381,Commune de Montceaux-lès-Vaudes (10),false,{10246},Commune,2026-03-24 14:41:53.095366+01,gold_establishments_2025,,,,21100238100013,2025,Collectivité Territoriale,Commune,['Aube'],['Grand Est'],COM,{10},{44}
3e7762b8-3b08-4e95-9c8a-067d3bd75657,216302356,Commune de Montcel (63),false,{63235},Commune,2026-03-24 14:42:06.130387+01,gold_establishments_2025,,,,21630235600011,2025,Collectivité Territoriale,Commune,['Puy-de-Dôme'],['Auvergne-Rhône-Alpes'],COM,{63},{84}
0ec7af7c-6c11-4902-a951-9fd49b3d1efa,217301647,Commune de Montcel (73),false,{73164},Commune,2026-03-24 14:42:08.279287+01,gold_establishments_2025,,,,21730164700012,2025,Collectivité Territoriale,Commune,['Savoie'],['Auvergne-Rhône-Alpes'],COM,{73},{84}
82e494a2-d078-4e26-a7f5-77175c96d126,217103092,Commune de Montcenis (71),false,{71309},Commune,2026-03-24 14:42:07.735343+01,gold_establishments_2025,,,,21710309200011,2025,Collectivité Territoriale,Commune,['Saône-et-Loire'],['Bourgogne-Franche-Comté'],COM,{71},{27}
a525297e-9f8d-4527-88a6-e803e45c6afa,210102596,Commune de Montcet (01),false,{01259},Commune,2026-03-24 14:41:51.447482+01,gold_establishments_2025,,,,21010259600017,2025,Collectivité Territoriale,Commune,['Ain'],['Auvergne-Rhône-Alpes'],COM,{01},{84}
fdd9b98d-72b0-4ac2-a35f-1d0dd85b3298,217003581,Commune de Montcey (70),false,{70358},Commune,2026-03-24 14:42:07.735343+01,gold_establishments_2025,,,,21700358100014,2025,Collectivité Territoriale,Commune,['Haute-Saône'],['Bourgogne-Franche-Comté'],COM,{70},{27}
95269290-f9aa-4f85-b40e-28fc17b4c163,213802523,Commune de Montchaboud (38),false,{38252},Commune,2026-03-24 14:41:59.160244+01,gold_establishments_2025,,,,21380252300018,2025,Collectivité Territoriale,Commune,['Isère'],['Auvergne-Rhône-Alpes'],COM,{38},{84}
74836da7-5e45-4cfe-be77-230969c3a5a4,214201485,Commune de Montchal (42),false,{42148},Commune,2026-03-24 14:42:00.273698+01,gold_establishments_2025,,,,21420148500015,2025,Collectivité Territoriale,Commune,['Loire'],['Auvergne-Rhône-Alpes'],COM,{42},{84}
d0045f59-ed11-45ce-8fa0-bfa9c2a8a38a,211501309,Commune de Montchamp (15),false,{15130},Commune,2026-03-24 14:41:54.362296+01,gold_establishments_2025,,,,21150130900010,2025,Collectivité Territoriale,Commune,['Cantal'],['Auvergne-Rhône-Alpes'],COM,{15},{84}
f5b1a84a-92f3-4d2b-b70a-748f5417c440,217103100,Commune de Montchanin (71),false,{71310},Commune,2026-03-24 14:42:07.735343+01,gold_establishments_2025,,,,21710310000012,2025,Collectivité Territoriale,Commune,['Saône-et-Loire'],['Bourgogne-Franche-Comté'],COM,{71},{27}
ce298e23-51d8-4cca-a130-4ff1cf387b70,215202375,Commune de Montcharvot (52),false,{52328},Commune,2026-03-24 14:42:01.954481+01,gold_establishments_2025,,,,21520237500014,2025,Collectivité Territoriale,Commune,['Haute-Marne'],['Grand Est'],COM,{52},{44}
8a8eb3c8-579a-4211-bb17-058113541144,217804178,Commune de Montchauvet (78),false,{78417},Commune,2026-03-24 14:42:09.43682+01,gold_establishments_2025,,,,21780417800010,2025,Collectivité Territoriale,Commune,['Yvelines'],['Île-de-France'],COM,{78},{11}
eccae856-5e16-4842-ab26-c4c6275a8439,212601942,Commune de Montchenu (26),false,{26194},Commune,2026-03-24 14:41:56.495197+01,gold_establishments_2025,,,,21260194200015,2025,Collectivité Territoriale,Commune,['Drôme'],['Auvergne-Rhône-Alpes'],COM,{26},{84}
a9f255a1-22d4-4d17-91de-3c5a353b58e5,210802658,Commune de Montcheutin (08),false,{08296},Commune,2026-03-24 14:41:53.095366+01,gold_establishments_2025,,,,21080265800018,2025,Collectivité Territoriale,Commune,['Ardennes'],['Grand Est'],COM,{08},{44}
0310e3bc-5225-41dd-bff8-f82058e0c281,216102848,Commune de Montchevrel (61),false,{61284},Commune,2026-03-24 14:42:05.597325+01,gold_establishments_2025,,,,21610284800019,2025,Collectivité Territoriale,Commune,['Orne'],['Normandie'],COM,{61},{28}
02a4647b-0b50-446a-821d-d7675d946939,200087344,Commune de Montchevreuil (60),false,{60256},Commune,2026-03-24 14:42:04.814328+01,gold_establishments_2025,,,,20008734400012,2025,Collectivité Territoriale,Commune,['Oise'],['Hauts-de-France'],COM,{60},{32}
6aeea7a1-6624-4798-95da-2dfaa181a7dc,213601263,Commune de Montchevrier (36),false,{36126},Commune,2026-03-24 14:41:59.160244+01,gold_establishments_2025,,,,21360126300014,2025,Collectivité Territoriale,Commune,['Indre'],['Centre-Val de Loire'],COM,{36},{24}
51f3aeea-eb98-48a4-a573-5aa4f4216ddd,210204780,Commune de Montchâlons (02),false,{02501},Commune,2026-03-24 14:41:52.020251+01,gold_establishments_2025,,,,21020478000014,2025,Collectivité Territoriale,Commune,['Aisne'],['Hauts-de-France'],COM,{02},{32}
10007ee0-73d3-44e4-a73e-f803c98594ee,210401261,Commune de Montclar (04),false,{04126},Commune,2026-03-24 14:41:52.562531+01,gold_establishments_2025,,,,21040126100016,2025,Collectivité Territoriale,Commune,['Alpes-de-Haute-Provence'],"[""Provence-Alpes-Côte d'Azur""]",COM,{04},{93}
4dc73085-7ac9-4957-ae61-0e348326de9e,211102421,Commune de Montclar (11),false,{11242},Commune,2026-03-24 14:41:53.63825+01,gold_establishments_2025,,,,21110242100016,2025,Collectivité Territoriale,Commune,['Aude'],['Occitanie'],COM,{11},{76}
57e88379-95b9-480f-9502-ae596aef7a22,211201496,Commune de Montclar (12),false,{12149},Commune,2026-03-24 14:41:53.63825+01,gold_establishments_2025,,,,21120149600018,2025,Collectivité Territoriale,Commune,['Aveyron'],['Occitanie'],COM,{12},{76}
3f34061f-f143-4f39-88dc-680d03c21e18,213103682,Commune de Montclar-Lauragais (31),false,{31368},Commune,2026-03-24 14:41:58.09424+01,gold_establishments_2025,,,,21310368200018,2025,Collectivité Territoriale,Commune,['Haute-Garonne'],['Occitanie'],COM,{31},{76}
486b3e27-6ce5-474d-9368-85af12f75f7c,213103674,Commune de Montclar-de-Comminges (31),false,{31367},Commune,2026-03-24 14:41:58.09424+01,gold_establishments_2025,,,,21310367400015,2025,Collectivité Territoriale,Commune,['Haute-Garonne'],['Occitanie'],COM,{31},{76}
2545b33a-8788-4c37-86ce-a870a2cb44cd,212601959,Commune de Montclar-sur-Gervanne (26),false,{26195},Commune,2026-03-24 14:41:56.495197+01,gold_establishments_2025,,,,21260195900019,2025,Collectivité Territoriale,Commune,['Drôme'],['Auvergne-Rhône-Alpes'],COM,{26},{84}
525b0b7e-875c-4c62-b4c6-13f742b6f07f,214301392,Commune de Montclard (43),false,{43139},Commune,2026-03-24 14:42:00.273698+01,gold_establishments_2025,,,,21430139200012,2025,Collectivité Territoriale,Commune,['Haute-Loire'],['Auvergne-Rhône-Alpes'],COM,{43},{84}
359081ff-e4d5-468c-885d-1c50d02bb42e,210500815,Commune de Montclus (05),false,{05081},Commune,2026-03-24 14:41:52.562531+01,gold_establishments_2025,,,,21050081500019,2025,Collectivité Territoriale,Commune,['Hautes-Alpes'],"[""Provence-Alpes-Côte d'Azur""]",COM,{05},{93}
24cdd5f8-1099-45e7-9931-2972f81e2e2c,213001753,Commune de Montclus (30),false,{30175},Commune,2026-03-24 14:41:57.56054+01,gold_establishments_2025,,,,21300175300010,2025,Collectivité Territoriale,Commune,['Gard'],['Occitanie'],COM,{30},{76}
10050820-f599-4fa7-8037-84872700bb27,214602005,Commune de Montcléra (46),false,{46200},Commune,2026-03-24 14:42:00.862623+01,gold_establishments_2025,,,,21460200500016,2025,Collectivité Territoriale,Commune,['Lot'],['Occitanie'],COM,{46},{76}
8a35046e-6919-4b02-9ac3-d912af3950f2,210301818,Commune de Montcombroux-les-Mines (03),false,{03181},Commune,2026-03-24 14:41:52.020251+01,gold_establishments_2025,,,,21030181800014,2025,Collectivité Territoriale,Commune,['Allier'],['Auvergne-Rhône-Alpes'],COM,{03},{84}
a77f4ab3-2b1b-40f1-ac4a-b8bad4dd71c3,217103118,Commune de Montcony (71),false,{71311},Commune,2026-03-24 14:42:07.735343+01,gold_establishments_2025,,,,21710311800014,2025,Collectivité Territoriale,Commune,['Saône-et-Loire'],['Bourgogne-Franche-Comté'],COM,{71},{27}
93151e95-89de-40ad-8b78-0fd00080ff3a,210204798,Commune de Montcornet (02),false,{02502},Commune,2026-03-24 14:41:52.020251+01,gold_establishments_2025,,,,21020479800016,2025,Collectivité Territoriale,Commune,['Aisne'],['Hauts-de-France'],COM,{02},{32}
5fbfe0ea-c652-476c-abd4-050cc87503d8,210804639,Commune de Montcornet (08),false,{08297},Commune,2026-03-24 14:41:53.095366+01,gold_establishments_2025,,,,21080463900016,2025,Collectivité Territoriale,Commune,['Ardennes'],['Grand Est'],COM,{08},{44}
39896550-6cae-4e70-b74f-6744b3124e2c,217003599,Commune de Montcourt (70),false,{70359},Commune,2026-03-24 14:42:07.735343+01,gold_establishments_2025,,,,21700359900016,2025,Collectivité Territoriale,Commune,['Haute-Saône'],['Bourgogne-Franche-Comté'],COM,{70},{27}
467e9f12-438a-435d-9662-00f740f68647,217103126,Commune de Montcoy (71),false,{71312},Commune,2026-03-24 14:42:07.735343+01,gold_establishments_2025,,,,21710312600017,2025,Collectivité Territoriale,Commune,['Saône-et-Loire'],['Bourgogne-Franche-Comté'],COM,{71},{27}
bfa75cb1-055d-4d6b-99be-bee61de05135,214502122,Commune de Montcresson (45),false,{45212},Commune,2026-03-24 14:42:00.862623+01,gold_establishments_2025,,,,21450212200010,2025,Collectivité Territoriale,Commune,['Loiret'],['Centre-Val de Loire'],COM,{45},{24}
43f758be-dfd1-4c5c-a2ba-921e4ce6e297,215003401,Commune de Montcuit (50),false,{50340},Commune,2026-03-24 14:42:01.412377+01,gold_establishments_2025,,,,21500340100019,2025,Collectivité Territoriale,Commune,['Manche'],['Normandie'],COM,{50},{28}
47939703-cc44-4d69-b731-43a3e329b7fd,200054948,Commune de Montcuq-en-Quercy-Blanc (46),false,{46201},Commune,2026-03-24 14:42:00.862623+01,gold_establishments_2025,,,,20005494800019,2025,Collectivité Territoriale,Commune,['Lot'],['Occitanie'],COM,{46},{76}
6c197abb-17a1-4585-9b5e-919f76ca4787,213903511,Commune de Montcusel (39),false,{39351},Commune,2026-03-24 14:41:59.705606+01,gold_establishments_2025,,,,21390351100011,2025,Collectivité Territoriale,Commune,['Jura'],['Bourgogne-Franche-Comté'],COM,{39},{27}
163c18d2-e3dd-4425-8c8b-36e49704ae7d,210802666,Commune de Montcy-Notre-Dame (08),false,{08298},Commune,2026-03-24 14:41:53.095366+01,gold_establishments_2025,,,,21080266600078,2025,Collectivité Territoriale,Commune,['Ardennes'],['Grand Est'],COM,{08},{44}
cb8cda21-265c-4dd3-a364-4fa85e24c218,213001761,Commune de Montdardier (30),false,{30176},Commune,2026-03-24 14:41:57.56054+01,gold_establishments_2025,,,,21300176100013,2025,Collectivité Territoriale,Commune,['Gard'],['Occitanie'],COM,{30},{76}
902db935-6da6-4453-8706-021cac9a4f46,217703032,Commune de Montdauphin (77),false,{77303},Commune,2026-03-24 14:42:09.43682+01,gold_establishments_2025,,,,21770303200011,2025,Collectivité Territoriale,Commune,['Seine-et-Marne'],['Île-de-France'],COM,{77},{11}
8f20caa6-6289-49a2-9fbe-c02cdd82bffb,215704784,Commune de Montdidier (57),false,{57478},Commune,2026-03-24 14:42:03.701372+01,gold_establishments_2025,,,,21570478400010,2025,Collectivité Territoriale,Commune,['Moselle'],['Grand Est'],COM,{57},{44}
38066233-d809-4f9f-9bc1-41c393f95090,218005312,Commune de Montdidier (80),false,{80561},Commune,2026-03-24 14:42:09.967209+01,gold_establishments_2025,,,,21800531200010,2025,Collectivité Territoriale,Commune,['Somme'],['Hauts-de-France'],COM,{80},{32}
0778555c-eec9-47d8-bc82-1aa1089db90c,217003607,Commune de Montdoré (70),false,{70360},Commune,2026-03-24 14:42:07.735343+01,gold_establishments_2025,,,,21700360700017,2025,Collectivité Territoriale,Commune,['Haute-Saône'],['Bourgogne-Franche-Comté'],COM,{70},{27}
7ca9ea66-0ab2-428d-954e-c84764a68c18,214602021,Commune de Montdoumerc (46),false,{46202},Commune,2026-03-24 14:42:00.862623+01,gold_establishments_2025,,,,21460202100013,2025,Collectivité Territoriale,Commune,['Lot'],['Occitanie'],COM,{46},{76}
08fa70d9-101e-4e0b-a9cb-97591a13be7e,218101749,Commune de Montdragon (81),false,{81174},Commune,2026-03-24 14:42:09.967209+01,gold_establishments_2025,,,,21810174900016,2025,Collectivité Territoriale,Commune,['Tarn'],['Occitanie'],COM,{81},{76}
f88185d8-acf0-448f-abae-ffbc416a54e6,218101756,Commune de Montdurausse (81),false,{81175},Commune,2026-03-24 14:42:09.967209+01,gold_establishments_2025,,,,21810175600011,2025,Collectivité Territoriale,Commune,['Tarn'],['Occitanie'],COM,{81},{76}
0108dd8c-e86b-4db6-8ef6-4316020b1023,212001663,Commune de Monte (2B),false,{2B166},Commune,2026-03-24 14:41:57.56054+01,gold_establishments_2025,,,,21200166300013,2025,Collectivité Territoriale,Commune,['Haute-Corse'],['Corse'],COM,{2B},{94}
719f0c00-76d1-458a-8d43-524716c2426c,214101446,Commune de Monteaux (41),false,{41144},Commune,2026-03-24 14:42:00.273698+01,gold_establishments_2025,,,,21410144600018,2025,Collectivité Territoriale,Commune,['Loir-et-Cher'],['Centre-Val de Loire'],COM,{41},{24}
79a758eb-250c-4728-aca3-a55de98448a9,215003419,Commune de Montebourg (50),false,{50341},Commune,2026-03-24 14:42:01.412377+01,gold_establishments_2025,,,,21500341900011,2025,Collectivité Territoriale,Commune,['Manche'],['Normandie'],COM,{50},{28}
ba758a7d-c976-4e7e-8079-b605d73a9797,218201259,Commune de Montech (82),false,{82125},Commune,2026-03-24 14:42:10.508772+01,gold_establishments_2025,,,,21820125900015,2025,Collectivité Territoriale,Commune,['Tarn-et-Garonne'],['Occitanie'],COM,{82},{76}
8e0bd07b-0fb0-459d-b4ee-b4ec299d7052,212001671,Commune de Montegrosso (2B),false,{2B167},Commune,2026-03-24 14:41:57.56054+01,gold_establishments_2025,,,,21200167100016,2025,Collectivité Territoriale,Commune,['Haute-Corse'],['Corse'],COM,{2B},{94}
0cf00e5f-cfdd-49e1-8ea1-875cf7391a6b,210301826,Commune de Monteignet-sur-l'Andelot (03),false,{03182},Commune,2026-03-24 14:41:52.020251+01,gold_establishments_2025,,,,21030182600017,2025,Collectivité Territoriale,Commune,['Allier'],['Auvergne-Rhône-Alpes'],COM,{03},{84}
600fa51a-2a39-4be9-a5ad-5232796ca578,211201504,Commune de Monteils (12),false,{12150},Commune,2026-03-24 14:41:53.63825+01,gold_establishments_2025,,,,21120150400019,2025,Collectivité Territoriale,Commune,['Aveyron'],['Occitanie'],COM,{12},{76}
77e0e38a-4a37-4f59-97cb-60760ac56ec7,213001779,Commune de Monteils (30),false,{30177},Commune,2026-03-24 14:41:57.56054+01,gold_establishments_2025,,,,21300177900015,2025,Collectivité Territoriale,Commune,['Gard'],['Occitanie'],COM,{30},{76}
58436287-d020-46bb-90d3-13fbb67ed4e6,218201267,Commune de Monteils (82),false,{82126},Commune,2026-03-24 14:42:10.508772+01,gold_establishments_2025,,,,21820126700018,2025,Collectivité Territoriale,Commune,['Tarn-et-Garonne'],['Occitanie'],COM,{82},{76}
338cf8fb-c22e-4a89-bda5-2ca93c99d2ce,216302372,Commune de Montel-de-Gelat (63),false,{63237},Commune,2026-03-24 14:42:06.130387+01,gold_establishments_2025,,,,21630237200018,2025,Collectivité Territoriale,Commune,['Puy-de-Dôme'],['Auvergne-Rhône-Alpes'],COM,{63},{84}
8aab6ad8-6aa3-460a-9069-4219918a2d6f,210902037,Commune de Montels (09),false,{09203},Commune,2026-03-24 14:41:53.095366+01,gold_establishments_2025,,,,21090203700014,2025,Collectivité Territoriale,Commune,['Ariège'],['Occitanie'],COM,{09},{76}
856d11f1-b3f0-4607-9c46-a3749ac7c38b,213401672,Commune de Montels (34),false,{34167},Commune,2026-03-24 14:41:58.620411+01,gold_establishments_2025,,,,21340167200018,2025,Collectivité Territoriale,Commune,['Hérault'],['Occitanie'],COM,{34},{76}
a3aed670-3c59-4d36-bfe8-ecc1a731983f,218101764,Commune de Montels (81),false,{81176},Commune,2026-03-24 14:42:09.967209+01,gold_establishments_2025,,,,21810176400015,2025,Collectivité Territoriale,Commune,['Tarn'],['Occitanie'],COM,{81},{76}
b4993ea4-cc31-49f3-bef6-e33093179b0f,211602255,Commune de Montembœuf (16),false,{16225},Commune,2026-03-24 14:41:54.362296+01,gold_establishments_2025,,,,21160225500013,2025,Collectivité Territoriale,Commune,['Charente'],['Nouvelle-Aquitaine'],COM,{16},{75}
e7e47407-4f38-4d6d-b7c0-c74be53fd57a,215704792,Commune de Montenach (57),false,{57479},Commune,2026-03-24 14:42:03.701372+01,gold_establishments_2025,,,,21570479200013,2025,Collectivité Territoriale,Commune,['Moselle'],['Grand Est'],COM,{57},{44}
a8e3ecc8-1dfc-48aa-b6cb-7f89f6f64a51,215301557,Commune de Montenay (53),false,{53155},Commune,2026-03-24 14:42:02.957225+01,gold_establishments_2025,,,,21530155700017,2025,Collectivité Territoriale,Commune,['Mayenne'],['Pays de la Loire'],COM,{53},{52}
0dd0b91b-24b7-4ea3-9a85-209e1e561df2,211702402,Commune de Montendre (17),false,{17240},Commune,2026-03-24 14:41:54.903238+01,gold_establishments_2025,,,,21170240200010,2025,Collectivité Territoriale,Commune,['Charente-Maritime'],['Nouvelle-Aquitaine'],COM,{17},{75}
568910e6-1b50-43a3-bcc3-520606d33582,217301662,Commune de Montendry (73),false,{73166},Commune,2026-03-24 14:42:08.279287+01,gold_establishments_2025,,,,21730166200011,2025,Collectivité Territoriale,Commune,['Savoie'],['Auvergne-Rhône-Alpes'],COM,{73},{84}
b620390b-7bd7-49ee-ae37-d6f7ee80d5db,216205864,Commune de Montenescourt (62),false,{62586},Commune,2026-03-24 14:42:05.597325+01,gold_establishments_2025,,,,21620586400012,2025,Collectivité Territoriale,Commune,['Pas-de-Calais'],['Hauts-de-France'],COM,{62},{32}
965c1929-18ed-4182-b9ac-32b893bf3e4d,215601360,Commune de Monteneuf (56),false,{56136},Commune,2026-03-24 14:42:03.701372+01,gold_establishments_2025,,,,21560136000013,2025,Collectivité Territoriale,Commune,['Morbihan'],['Bretagne'],COM,{56},{53}
97a7e876-843e-44ff-937c-5fba3805de42,217703040,Commune de Montenils (77),false,{77304},Commune,2026-03-24 14:42:09.43682+01,gold_establishments_2025,,,,21770304000014,2025,Collectivité Territoriale,Commune,['Seine-et-Marne'],['Île-de-France'],COM,{77},{11}
9d40103c-16fb-443d-8317-dde022242650,212503940,Commune de Montenois (25),false,{25394},Commune,2026-03-24 14:41:56.495197+01,gold_establishments_2025,,,,21250394000018,2025,Collectivité Territoriale,Commune,['Doubs'],['Bourgogne-Franche-Comté'],COM,{25},{27}
997f2276-49eb-48bf-ba2e-61510fbe4add,215801747,Commune de Montenoison (58),false,{58174},Commune,2026-03-24 14:42:04.280096+01,gold_establishments_2025,,,,21580174700019,2025,Collectivité Territoriale,Commune,['Nièvre'],['Bourgogne-Franche-Comté'],COM,{58},{27}
09d5fb64-086e-49d2-860a-5221baecba49,215403767,Commune de Montenoy (54),false,{54376},Commune,2026-03-24 14:42:02.957225+01,gold_establishments_2025,,,,21540376700019,2025,Collectivité Territoriale,Commune,['Meurthe-et-Moselle'],['Grand Est'],COM,{54},{44}
475d6252-5b2b-42ab-a450-ebb39c6eb76e,213903529,Commune de Monteplain (39),false,{39352},Commune,2026-03-24 14:41:59.705606+01,gold_establishments_2025,,,,21390352900013,2025,Collectivité Territoriale,Commune,['Jura'],['Bourgogne-Franche-Comté'],COM,{39},{27}
b40db946-3b8f-44db-a10a-3dc7f77cac18,215601378,Commune de Monterblanc (56),false,{56137},Commune,2026-03-24 14:42:03.701372+01,gold_establishments_2025,,,,21560137800015,2025,Collectivité Territoriale,Commune,['Morbihan'],['Bretagne'],COM,{56},{53}
c85d94f9-574c-42a9-8697-529d4b57f4d0,214502130,Commune de Montereau (45),false,{45213},Commune,2026-03-24 14:42:00.862623+01,gold_establishments_2025,,,,21450213000013,2025,Collectivité Territoriale,Commune,['Loiret'],['Centre-Val de Loire'],COM,{45},{24}
3be4ea21-341e-42bf-b659-237c49f37a8a,217703057,Commune de Montereau-Fault-Yonne (77),false,{77305},Commune,2026-03-24 14:42:09.43682+01,gold_establishments_2025,,,,21770305700018,2025,Collectivité Territoriale,Commune,['Seine-et-Marne'],['Île-de-France'],COM,{77},{11}
9abfbe00-f35b-431f-a11a-47ddfae6f4ba,217703065,Commune de Montereau-sur-le-Jard (77),false,{77306},Commune,2026-03-24 14:42:09.43682+01,gold_establishments_2025,,,,21770306500011,2025,Collectivité Territoriale,Commune,['Seine-et-Marne'],['Île-de-France'],COM,{77},{11}
6b0265ef-3089-4a94-ad38-18ae3b95d31a,213501877,Commune de Monterfil (35),false,{35187},Commune,2026-03-24 14:41:58.620411+01,gold_establishments_2025,,,,21350187700012,2025,Collectivité Territoriale,Commune,['Ille-et-Vilaine'],['Bretagne'],COM,{35},{53}
0586f735-0dfe-43af-bc29-fcdf4d552e5a,215601394,Commune de Montertelot (56),false,{56139},Commune,2026-03-24 14:42:03.701372+01,gold_establishments_2025,,,,21560139400012,2025,Collectivité Territoriale,Commune,['Morbihan'],['Bretagne'],COM,{56},{53}
8139d8a7-5f7d-43ee-87a8-0aa427f56323,216601146,Commune de Montescot (66),false,{66114},Commune,2026-03-24 14:42:06.665412+01,gold_establishments_2025,,,,21660114600014,2025,Collectivité Territoriale,Commune,['Pyrénées-Orientales'],['Occitanie'],COM,{66},{76}
22f2e703-3cba-485d-b965-c78ac4a72fe8,210204814,Commune de Montescourt-Lizerolles (02),false,{02504},Commune,2026-03-24 14:41:52.020251+01,gold_establishments_2025,,,,21020481400011,2025,Collectivité Territoriale,Commune,['Aisne'],['Hauts-de-France'],COM,{02},{32}
aae68238-ce4e-4c93-b0fd-eeb497aa7514,213103724,Commune de Montespan (31),false,{31372},Commune,2026-03-24 14:41:58.09424+01,gold_establishments_2025,,,,21310372400018,2025,Collectivité Territoriale,Commune,['Haute-Garonne'],['Occitanie'],COM,{31},{76}
ed326d3b-dd5c-46d0-bb73-c3317b420b6c,213401680,Commune de Montesquieu (34),false,{34168},Commune,2026-03-24 14:41:58.620411+01,gold_establishments_2025,,,,21340168000011,2025,Collectivité Territoriale,Commune,['Hérault'],['Occitanie'],COM,{34},{76}
e226d2c0-09ac-4e12-8e07-cb66fea03971,214701864,Commune de Montesquieu (47),false,{47186},Commune,2026-03-24 14:42:00.862623+01,gold_establishments_2025,,,,21470186400016,2025,Collectivité Territoriale,Commune,['Lot-et-Garonne'],['Nouvelle-Aquitaine'],COM,{47},{75}
a996baaa-73f2-423c-951d-945ad630c5c4,218201275,Commune de Montesquieu (82),false,{82127},Commune,2026-03-24 14:42:10.508772+01,gold_establishments_2025,,,,21820127500011,2025,Collectivité Territoriale,Commune,['Tarn-et-Garonne'],['Occitanie'],COM,{82},{76}
b8c2254f-6a00-4a25-9c22-23f79cf29c22,210902045,Commune de Montesquieu-Avantès (09),false,{09204},Commune,2026-03-24 14:41:53.095366+01,gold_establishments_2025,,,,21090204500017,2025,Collectivité Territoriale,Commune,['Ariège'],['Occitanie'],COM,{09},{76}
50982ad8-0850-4128-9d56-b4bc0b120e0e,213103732,Commune de Montesquieu-Guittaut (31),false,{31373},Commune,2026-03-24 14:41:58.09424+01,gold_establishments_2025,,,,21310373200011,2025,Collectivité Territoriale,Commune,['Haute-Garonne'],['Occitanie'],COM,{31},{76}
4c185dc2-a69b-4ea9-a849-56d9102b36d1,213103740,Commune de Montesquieu-Lauragais (31),false,{31374},Commune,2026-03-24 14:41:58.09424+01,gold_establishments_2025,,,,21310374000014,2025,Collectivité Territoriale,Commune,['Haute-Garonne'],['Occitanie'],COM,{31},{76}
fd08b185-a603-42af-8350-b3068b5a055c,213103757,Commune de Montesquieu-Volvestre (31),false,{31375},Commune,2026-03-24 14:41:58.09424+01,gold_establishments_2025,,,,21310375700018,2025,Collectivité Territoriale,Commune,['Haute-Garonne'],['Occitanie'],COM,{31},{76}
4bb67ccf-4473-4f13-b31b-e5fb79a57377,216601153,Commune de Montesquieu-des-Albères (66),false,{66115},Commune,2026-03-24 14:42:06.665412+01,gold_establishments_2025,,,,21660115300010,2025,Collectivité Territoriale,Commune,['Pyrénées-Orientales'],['Occitanie'],COM,{66},{76}
65f7da60-5b05-4dac-a8bb-afb2fbeba921,213202856,Commune de Montesquiou (32),false,{32285},Commune,2026-03-24 14:41:58.09424+01,gold_establishments_2025,,,,21320285600018,2025,Collectivité Territoriale,Commune,['Gers'],['Occitanie'],COM,{32},{76}
c8bc780a-6136-4860-ad97-8e8fd01827e9,217003615,Commune de Montessaux (70),false,{70361},Commune,2026-03-24 14:42:07.735343+01,gold_establishments_2025,,,,21700361500010,2025,Collectivité Territoriale,Commune,['Haute-Saône'],['Bourgogne-Franche-Comté'],COM,{70},{27}
2a88caae-4bf8-4790-ab83-7817b35ac1e6,217804186,Commune de Montesson (78),false,{78418},Commune,2026-03-24 14:42:09.43682+01,gold_establishments_2025,,,,21780418600013,2025,Collectivité Territoriale,Commune,['Yvelines'],['Île-de-France'],COM,{78},{11}
04da9a81-9d09-47bd-9ae4-c4279c99a088,213202864,Commune de Montestruc-sur-Gers (32),false,{32286},Commune,2026-03-24 14:41:58.09424+01,gold_establishments_2025,,,,21320286400012,2025,Collectivité Territoriale,Commune,['Gers'],['Occitanie'],COM,{32},{76}
0c7f89e2-1e7a-413b-854c-1b00ed012f79,214602039,Commune de Montet-et-Bouxal (46),false,{46203},Commune,2026-03-24 14:42:00.862623+01,gold_establishments_2025,,,,21460203900015,2025,Collectivité Territoriale,Commune,['Lot'],['Occitanie'],COM,{46},{76}
975916d3-56cf-4aae-8614-99f686b25e59,214701872,Commune de Monteton (47),false,{47187},Commune,2026-03-24 14:42:00.862623+01,gold_establishments_2025,,,,21470187200019,2025,Collectivité Territoriale,Commune,['Lot-et-Garonne'],['Nouvelle-Aquitaine'],COM,{47},{75}
19acc080-d57f-4efb-aa3e-2ac88712bb02,218400802,Commune de Monteux (84),false,{84080},Commune,2026-03-24 14:42:10.508772+01,gold_establishments_2025,,,,21840080200011,2025,Collectivité Territoriale,Commune,['Vaucluse'],"[""Provence-Alpes-Côte d'Azur""]",COM,{84},{93}
a6e47eba-7a6d-4331-949f-ed104b2e8494,213802549,Commune de Monteynard (38),false,{38254},Commune,2026-03-24 14:41:59.160244+01,gold_establishments_2025,,,,21380254900013,2025,Collectivité Territoriale,Commune,['Isère'],['Auvergne-Rhône-Alpes'],COM,{38},{84}
0d103f9c-0fdc-41e8-8514-ab3afc2fc4f5,210902052,Commune de Montfa (09),false,{09205},Commune,2026-03-24 14:41:53.095366+01,gold_establishments_2025,,,,21090205200013,2025,Collectivité Territoriale,Commune,['Ariège'],['Occitanie'],COM,{09},{76}
86ba2014-3eb5-449a-b08f-98ba37fc0306,218101772,Commune de Montfa (81),false,{81177},Commune,2026-03-24 14:42:09.967209+01,gold_establishments_2025,,,,21810177200018,2025,Collectivité Territoriale,Commune,['Tarn'],['Occitanie'],COM,{81},{76}
3f053e83-dc1c-47bd-8d74-c18b3c778cd3,213802556,Commune de Montfalcon (38),false,{38255},Commune,2026-03-24 14:41:59.160244+01,gold_establishments_2025,,,,21380255600018,2025,Collectivité Territoriale,Commune,['Isère'],['Auvergne-Rhône-Alpes'],COM,{38},{84}
e68efce0-8af9-44fd-bffc-1238290e071e,215003427,Commune de Montfarville (50),false,{50342},Commune,2026-03-24 14:42:01.412377+01,gold_establishments_2025,,,,21500342700014,2025,Collectivité Territoriale,Commune,['Manche'],['Normandie'],COM,{50},{28}
f1ff15d4-f34e-49f4-b6d0-f116f107a61c,210204822,Commune de Montfaucon (02),false,{02505},Commune,2026-03-24 14:41:52.020251+01,gold_establishments_2025,,,,21020482200014,2025,Collectivité Territoriale,Commune,['Aisne'],['Hauts-de-France'],COM,{02},{32}
0ee27f21-6ba3-4d96-9719-bbc43d7ef94b,212503957,Commune de Montfaucon (25),false,{25395},Commune,2026-03-24 14:41:56.495197+01,gold_establishments_2025,,,,21250395700012,2025,Collectivité Territoriale,Commune,['Doubs'],['Bourgogne-Franche-Comté'],COM,{25},{27}
ce9cda10-164e-474a-899b-edbda9263622,213001787,Commune de Montfaucon (30),false,{30178},Commune,2026-03-24 14:41:57.56054+01,gold_establishments_2025,,,,21300178700018,2025,Collectivité Territoriale,Commune,['Gard'],['Occitanie'],COM,{30},{76}
5b6d9699-4401-4531-b9f7-e901427fa26d,214602047,Commune de Montfaucon (46),false,{46204},Commune,2026-03-24 14:42:00.862623+01,gold_establishments_2025,,,,21460204700018,2025,Collectivité Territoriale,Commune,['Lot'],['Occitanie'],COM,{46},{76}
fb68a054-3b11-43cb-a331-94d2847c73fb,215503467,Commune de Montfaucon-d'Argonne (55),false,{55346},Commune,2026-03-24 14:42:03.701372+01,gold_establishments_2025,,,,21550346700015,2025,Collectivité Territoriale,Commune,['Meuse'],['Grand Est'],COM,{55},{44}
684b1279-2cf9-48f0-a567-2668dc8cd0e1,214301418,Commune de Montfaucon-en-Velay (43),false,{43141},Commune,2026-03-24 14:42:00.273698+01,gold_establishments_2025,,,,21430141800015,2025,Collectivité Territoriale,Commune,['Haute-Loire'],['Auvergne-Rhône-Alpes'],COM,{43},{84}
275205f5-16fb-4872-a40f-2be9f1afe61c,219300472,Commune de Montfermeil (93),false,{93047},Commune,2026-03-24 14:42:11.659493+01,gold_establishments_2025,,,,21930047200194,2025,Collectivité Territoriale,Commune,['Seine-Saint-Denis'],['Île-de-France'],COM,{93},{11}
4b594ae5-6682-4448-98ab-1c8609c32a72,218201283,Commune de Montfermier (82),false,{82128},Commune,2026-03-24 14:42:10.508772+01,gold_establishments_2025,,,,21820128300015,2025,Collectivité Territoriale,Commune,['Tarn-et-Garonne'],['Occitanie'],COM,{82},{76}
8ad70d6a-6888-49cb-81dc-4cd5fb62b02c,216302380,Commune de Montfermy (63),false,{63238},Commune,2026-03-24 14:42:06.130387+01,gold_establishments_2025,,,,21630238000011,2025,Collectivité Territoriale,Commune,['Puy-de-Dôme'],['Auvergne-Rhône-Alpes'],COM,{63},{84}
d6249841-7092-48b1-9374-5fac54a4da7c,211102439,Commune de Montferrand (11),false,{11243},Commune,2026-03-24 14:41:53.63825+01,gold_establishments_2025,,,,21110243900018,2025,Collectivité Territoriale,Commune,['Aude'],['Occitanie'],COM,{11},{76}
0195a9da-e73f-4796-9ec9-95ee0fdc0e8a,212402903,Commune de Montferrand-du-Périgord (24),false,{24290},Commune,2026-03-24 14:41:55.958138+01,gold_establishments_2025,,,,21240290300018,2025,Collectivité Territoriale,Commune,['Dordogne'],['Nouvelle-Aquitaine'],COM,{24},{75}
9b5b4302-1aca-46e1-8610-3dd528194b6d,212601991,Commune de Montferrand-la-Fare (26),false,{26199},Commune,2026-03-24 14:41:56.495197+01,gold_establishments_2025,,,,21260199100012,2025,Collectivité Territoriale,Commune,['Drôme'],['Auvergne-Rhône-Alpes'],COM,{26},{84}
08a9d6fb-2747-4044-9e22-bf6ad0e9a100,212503973,Commune de Montferrand-le-Château (25),false,{25397},Commune,2026-03-24 14:41:56.495197+01,gold_establishments_2025,,,,21250397300019,2025,Collectivité Territoriale,Commune,['Doubs'],['Bourgogne-Franche-Comté'],COM,{25},{27}
0ab8cbdb-843f-4cff-8926-67fedc2b3c6a,213802564,Commune de Montferrat (38),false,{38256},Commune,2026-03-24 14:41:59.160244+01,gold_establishments_2025,,,,21380256400012,2025,Collectivité Territoriale,Commune,['Isère'],['Auvergne-Rhône-Alpes'],COM,{38},{84}
89bbf328-822c-4c91-8e3a-237b3cc74593,218300820,Commune de Montferrat (83),false,{83082},Commune,2026-03-24 14:42:10.508772+01,gold_establishments_2025,,,,21830082000014,2025,Collectivité Territoriale,Commune,['Var'],"[""Provence-Alpes-Côte d'Azur""]",COM,{83},{93}
74074398-66be-4fce-956d-113c34c32da9,216601161,Commune de Montferrer (66),false,{66116},Commune,2026-03-24 14:42:06.665412+01,gold_establishments_2025,,,,21660116100013,2025,Collectivité Territoriale,Commune,['Pyrénées-Orientales'],['Occitanie'],COM,{66},{76}
c9736122-4d70-4e8e-86a6-3839595c8894,210902060,Commune de Montferrier (09),false,{09206},Commune,2026-03-24 14:41:53.095366+01,gold_establishments_2025,,,,21090206000016,2025,Collectivité Territoriale,Commune,['Ariège'],['Occitanie'],COM,{09},{76}
8b883f27-c2b2-44b3-acf6-37e64c283432,213401698,Commune de Montferrier-sur-Lez (34),false,{34169},Commune,2026-03-24 14:41:58.620411+01,gold_establishments_2025,,,,21340169800013,2025,Collectivité Territoriale,Commune,['Hérault'],['Occitanie'],COM,{34},{76}
e052a7ff-b9e3-4c8a-b53c-81e939b5049b,211002399,Commune de Montfey (10),false,{10247},Commune,2026-03-24 14:41:53.095366+01,gold_establishments_2025,,,,21100239900015,2025,Collectivité Territoriale,Commune,['Aube'],['Grand Est'],COM,{10},{44}
a455f34f-558c-415c-b0a6-f9f9fd7e1e58,211404454,Commune de Montfiquet (14),false,{14445},Commune,2026-03-24 14:41:54.362296+01,gold_establishments_2025,,,,21140445400012,2025,Collectivité Territoriale,Commune,['Calvados'],['Normandie'],COM,{14},{28}
c026d8b4-8730-497a-a6a3-f7d6bf68a1dc,213903537,Commune de Montfleur (39),false,{39353},Commune,2026-03-24 14:41:59.705606+01,gold_establishments_2025,,,,21390353700016,2025,Collectivité Territoriale,Commune,['Jura'],['Bourgogne-Franche-Comté'],COM,{39},{27}
e55a59f5-87ba-40df-978a-a300e4655fcb,215301565,Commune de Montflours (53),false,{53156},Commune,2026-03-24 14:42:02.957225+01,gold_establishments_2025,,,,21530156500010,2025,Collectivité Territoriale,Commune,['Mayenne'],['Pays de la Loire'],COM,{53},{52}
761ebf59-4ca1-43c9-9592-89e7810e9344,212503981,Commune de Montflovin (nan),false,{25398},Commune,2026-03-24 14:41:56.495197+01,gold_establishments_2025,,,,21250398100012,2025,Collectivité Territoriale,Commune,[''],[''],COM,,
328306e5-dbc0-4ab9-bd00-f252164f7988,210401279,Commune de Montfort (04),false,{04127},Commune,2026-03-24 14:41:52.562531+01,gold_establishments_2025,,,,21040127900018,2025,Collectivité Territoriale,Commune,['Alpes-de-Haute-Provence'],"[""Provence-Alpes-Côte d'Azur""]",COM,{04},{93}
f24ad0d0-d01f-4423-b22a-975585fc61db,216404038,Commune de Montfort (64),false,{64403},Commune,2026-03-24 14:42:06.665412+01,gold_establishments_2025,,,,21640403800012,2025,Collectivité Territoriale,Commune,['Pyrénées-Atlantiques'],['Nouvelle-Aquitaine'],COM,{64},{75}
6c719355-8200-4793-a609-f9d9409cf9d5,214001943,Commune de Montfort-en-Chalosse (40),false,{40194},Commune,2026-03-24 14:41:59.705606+01,gold_establishments_2025,,,,21400194300015,2025,Collectivité Territoriale,Commune,['Landes'],['Nouvelle-Aquitaine'],COM,{40},{75}
f82667ed-fa38-42d8-89e0-b25afe7c8358,217804202,Commune de Montfort-l'Amaury (78),false,{78420},Commune,2026-03-24 14:42:09.43682+01,gold_establishments_2025,,,,21780420200018,2025,Collectivité Territoriale,Commune,['Yvelines'],['Île-de-France'],COM,{78},{11}
b81cbf74-7c86-4502-abbb-73a919b36e80,217202415,Commune de Montfort-le-Gesnois (72),false,{72241},Commune,2026-03-24 14:42:08.279287+01,gold_establishments_2025,,,,21720241500014,2025,Collectivité Territoriale,Commune,['Sarthe'],['Pays de la Loire'],COM,{72},{52}
319a5f74-76f6-4294-9524-8e52a3dcca78,218300838,Commune de Montfort-sur-Argens (83),false,{83083},Commune,2026-03-24 14:42:10.508772+01,gold_establishments_2025,,,,21830083800016,2025,Collectivité Territoriale,Commune,['Var'],"[""Provence-Alpes-Côte d'Azur""]",COM,{83},{93}
48fcd8c9-f131-4d19-b06f-ea08f98c5eb9,211102447,Commune de Montfort-sur-Boulzane (11),false,{11244},Commune,2026-03-24 14:41:53.63825+01,gold_establishments_2025,,,,21110244700011,2025,Collectivité Territoriale,Commune,['Aude'],['Occitanie'],COM,{11},{76}
7319e768-94ee-498c-a89f-c3a8844fa802,213501885,Commune de Montfort-sur-Meu (35),false,{35188},Commune,2026-03-24 14:41:58.620411+01,gold_establishments_2025,,,,21350188500015,2025,Collectivité Territoriale,Commune,['Ille-et-Vilaine'],['Bretagne'],COM,{35},{53}
77914c7b-ea7e-4ee8-b8e1-f196ea470ad4,212704134,Commune de Montfort-sur-Risle (27),false,{27413},Commune,2026-03-24 14:41:57.028721+01,gold_establishments_2025,,,,21270413400015,2025,Collectivité Territoriale,Commune,['Eure'],['Normandie'],COM,{27},{28}
d5136369-1900-44c3-b7a5-605a82203ea1,211201520,Commune de Montfranc (12),false,{12152},Commune,2026-03-24 14:41:53.63825+01,gold_establishments_2025,,,,21120152000015,2025,Collectivité Territoriale,Commune,['Aveyron'],['Occitanie'],COM,{12},{76}
1b397410-a72a-4e66-8151-aded86bfea06,213001795,Commune de Montfrin (30),false,{30179},Commune,2026-03-24 14:41:57.56054+01,gold_establishments_2025,,,,21300179500011,2025,Collectivité Territoriale,Commune,['Gard'],['Occitanie'],COM,{30},{76}
b82c212c-58f3-4e61-b5cf-6a42933ecf4d,212602007,Commune de Montfroc (26),false,{26200},Commune,2026-03-24 14:41:56.495197+01,gold_establishments_2025,,,,21260200700016,2025,Collectivité Territoriale,Commune,['Drôme'],['Auvergne-Rhône-Alpes'],COM,{26},{84}
1263d078-ff7e-430d-aa71-15b5c10400d1,210401287,Commune de Montfuron (04),false,{04128},Commune,2026-03-24 14:41:52.562531+01,gold_establishments_2025,,,,21040128700011,2025,Collectivité Territoriale,Commune,['Alpes-de-Haute-Provence'],"[""Provence-Alpes-Côte d'Azur""]",COM,{04},{93}
02c3e419-719a-40c9-907c-3815420598ea,210902078,Commune de Montgailhard (09),false,{09207},Commune,2026-03-24 14:41:53.095366+01,gold_establishments_2025,,,,21090207800018,2025,Collectivité Territoriale,Commune,['Ariège'],['Occitanie'],COM,{09},{76}
338dc90d-9192-4c9f-b22a-b4d7b48b0b8b,211102454,Commune de Montgaillard (11),false,{11245},Commune,2026-03-24 14:41:53.63825+01,gold_establishments_2025,,,,21110245400017,2025,Collectivité Territoriale,Commune,['Aude'],['Occitanie'],COM,{11},{76}
83c3e794-c84a-4c4b-93c2-741fda76a5da,214001950,Commune de Montgaillard (40),false,{40195},Commune,2026-03-24 14:41:59.705606+01,gold_establishments_2025,,,,21400195000010,2025,Collectivité Territoriale,Commune,['Landes'],['Nouvelle-Aquitaine'],COM,{40},{75}
cefce0d2-e217-41a8-962f-f716265fef8c,216503201,Commune de Montgaillard (65),false,{65320},Commune,2026-03-24 14:42:06.665412+01,gold_establishments_2025,,,,21650320100016,2025,Collectivité Territoriale,Commune,['Hautes-Pyrénées'],['Occitanie'],COM,{65},{76}
6aff6d87-8cb6-48d6-a96b-509c8ce3902c,218101780,Commune de Montgaillard (81),false,{81178},Commune,2026-03-24 14:42:09.967209+01,gold_establishments_2025,,,,21810178000011,2025,Collectivité Territoriale,Commune,['Tarn'],['Occitanie'],COM,{81},{76}
baf9a055-e57c-42c9-bb01-0c8dfc81b284,218201291,Commune de Montgaillard (82),false,{82129},Commune,2026-03-24 14:42:10.508772+01,gold_establishments_2025,,,,21820129100018,2025,Collectivité Territoriale,Commune,['Tarn-et-Garonne'],['Occitanie'],COM,{82},{76}
dab0a4cb-45c1-4197-ad6e-e5e0c03aa8c2,213103773,Commune de Montgaillard-Lauragais (31),false,{31377},Commune,2026-03-24 14:41:58.09424+01,gold_establishments_2025,,,,21310377300015,2025,Collectivité Territoriale,Commune,['Haute-Garonne'],['Occitanie'],COM,{31},{76}
0fe7f7b2-17dc-4379-8624-e75d36b3a1b7,213103765,Commune de Montgaillard-de-Salies (31),false,{31376},Commune,2026-03-24 14:41:58.09424+01,gold_establishments_2025,,,,21310376500011,2025,Collectivité Territoriale,Commune,['Haute-Garonne'],['Occitanie'],COM,{31},{76}
73e5dbd2-6e5c-4a96-a491-8a4ec3c10360,214701765,Commune de Montgaillard-en-Albret (47),false,{47176},Commune,2026-03-24 14:42:00.862623+01,gold_establishments_2025,,,,21470176500015,2025,Collectivité Territoriale,Commune,['Lot-et-Garonne'],['Nouvelle-Aquitaine'],COM,{47},{75}
17a23a0a-fb15-41a5-8337-ba4816fc499f,213103781,Commune de Montgaillard-sur-Save (31),false,{31378},Commune,2026-03-24 14:41:58.09424+01,gold_establishments_2025,,,,21310378100018,2025,Collectivité Territoriale,Commune,['Haute-Garonne'],['Occitanie'],COM,{31},{76}
b9a9a4ec-4703-49d5-822c-a337aed6bd18,210500849,Commune de Montgardin (05),false,{05084},Commune,2026-03-24 14:41:52.562531+01,gold_establishments_2025,,,,21050084900018,2025,Collectivité Territoriale,Commune,['Hautes-Alpes'],"[""Provence-Alpes-Côte d'Azur""]",COM,{05},{93}
26efd686-5d80-43fe-bcf0-74a9c1a2ff4b,210902086,Commune de Montgauch (09),false,{09208},Commune,2026-03-24 14:41:53.095366+01,gold_establishments_2025,,,,21090208600011,2025,Collectivité Territoriale,Commune,['Ariège'],['Occitanie'],COM,{09},{76}
1227e2dc-b711-4b86-bfa4-e8dbfbd50563,216102863,Commune de Montgaudry (61),false,{61286},Commune,2026-03-24 14:42:05.597325+01,gold_establishments_2025,,,,21610286300018,2025,Collectivité Territoriale,Commune,['Orne'],['Normandie'],COM,{61},{28}
564d4040-3a18-40e5-9e2d-f7d402b4cd0d,213103799,Commune de Montgazin (31),false,{31379},Commune,2026-03-24 14:41:58.09424+01,gold_establishments_2025,,,,21310379900010,2025,Collectivité Territoriale,Commune,['Haute-Garonne'],['Occitanie'],COM,{31},{76}
239bfed8-e4b5-4315-bf57-f7a56a13fa17,213103807,Commune de Montgeard (31),false,{31380},Commune,2026-03-24 14:41:58.09424+01,gold_establishments_2025,,,,21310380700011,2025,Collectivité Territoriale,Commune,['Haute-Garonne'],['Occitanie'],COM,{31},{76}
b193958c-d2ca-4f08-97cd-4e4317b26585,215103516,Commune de Montgenost (51),false,{51376},Commune,2026-03-24 14:42:01.954481+01,gold_establishments_2025,,,,21510351600013,2025,Collectivité Territoriale,Commune,['Marne'],['Grand Est'],COM,{51},{44}
b6752fc5-250a-4c55-9ca8-adfdfe346bdc,210500856,Commune de Montgenèvre (05),false,{05085},Commune,2026-03-24 14:41:52.562531+01,gold_establishments_2025,,,,21050085600179,2025,Collectivité Territoriale,Commune,['Hautes-Alpes'],"[""Provence-Alpes-Côte d'Azur""]",COM,{05},{93}
3c71deca-e4d5-4df6-a4b2-003d488a27c9,213501893,Commune de Montgermont (35),false,{35189},Commune,2026-03-24 14:41:58.620411+01,gold_establishments_2025,,,,21350189300019,2025,Collectivité Territoriale,Commune,['Ille-et-Vilaine'],['Bretagne'],COM,{35},{53}
ba266bfa-a78b-4c8a-8c19-e1c48259bc6a,219104213,Commune de Montgeron (91),false,{91421},Commune,2026-03-24 14:42:11.659493+01,gold_establishments_2025,,,,21910421300018,2025,Collectivité Territoriale,Commune,['Essonne'],['Île-de-France'],COM,{91},{11}
da1fb12c-a36b-4a6b-a65a-1bd69b328166,219504222,Commune de Montgeroult (95),false,{95422},Commune,2026-03-24 14:42:11.659493+01,gold_establishments_2025,,,,21950422200015,2025,Collectivité Territoriale,Commune,"[""Val-d'Oise""]",['Île-de-France'],COM,{95},{11}
ec3f6bcf-4d84-464d-971f-fa49670decce,212504005,Commune de Montgesoye (25),false,{25400},Commune,2026-03-24 14:41:56.495197+01,gold_establishments_2025,,,,21250400500019,2025,Collectivité Territoriale,Commune,['Doubs'],['Bourgogne-Franche-Comté'],COM,{25},{27}
4edd0f05-be68-44f2-9e73-f67712e448bd,214602054,Commune de Montgesty (46),false,{46205},Commune,2026-03-24 14:42:00.862623+01,gold_establishments_2025,,,,21460205400014,2025,Collectivité Territoriale,Commune,['Lot'],['Occitanie'],COM,{46},{76}
5d7917fa-13da-459d-a637-769b3f375b61,218101798,Commune de Montgey (81),false,{81179},Commune,2026-03-24 14:42:09.967209+01,gold_establishments_2025,,,,21810179800013,2025,Collectivité Territoriale,Commune,['Tarn'],['Occitanie'],COM,{81},{76}
2887646e-0dfc-4f59-ab36-b86608d533b9,211914403,Commune de Montgibaud (19),false,{19144},Commune,2026-03-24 14:41:54.903238+01,gold_establishments_2025,,,,21191440300012,2025,Collectivité Territoriale,Commune,['Corrèze'],['Nouvelle-Aquitaine'],COM,{19},{75}
3bc63d49-0e17-4b80-b051-76d77ae6092c,217301688,Commune de Montgilbert (73),false,{73168},Commune,2026-03-24 14:42:08.279287+01,gold_establishments_2025,,,,21730168800016,2025,Collectivité Territoriale,Commune,['Savoie'],['Auvergne-Rhône-Alpes'],COM,{73},{84}
7382d7fc-9054-48d0-8141-e0c4fc412d2d,213103815,Commune de Montgiscard (31),false,{31381},Commune,2026-03-24 14:41:58.09424+01,gold_establishments_2025,,,,21310381500014,2025,Collectivité Territoriale,Commune,['Haute-Garonne'],['Occitanie'],COM,{31},{76}
cdbce8fa-27df-4df6-b48b-b0a04f7e978c,213601271,Commune de Montgivray (36),false,{36127},Commune,2026-03-24 14:41:59.160244+01,gold_establishments_2025,,,,21360127100017,2025,Collectivité Territoriale,Commune,['Indre'],['Centre-Val de Loire'],COM,{36},{24}
da6a9752-2ce0-4dd6-b1e9-87f1ae6922bb,210204830,Commune de Montgobert (02),false,{02506},Commune,2026-03-24 14:41:52.020251+01,gold_establishments_2025,,,,21020483000017,2025,Collectivité Territoriale,Commune,['Aisne'],['Hauts-de-France'],COM,{02},{32}
ded6c0ef-3131-45b8-9dbc-18e0479452df,210802682,Commune de Montgon (08),false,{08301},Commune,2026-03-24 14:41:53.095366+01,gold_establishments_2025,,,,21080268200018,2025,Collectivité Territoriale,Commune,['Ardennes'],['Grand Est'],COM,{08},{44}
1109fdb8-18fe-4c15-a90b-e4b420871fe6,211102462,Commune de Montgradail (11),false,{11246},Commune,2026-03-24 14:41:53.63825+01,gold_establishments_2025,,,,21110246200010,2025,Collectivité Territoriale,Commune,['Aude'],['Occitanie'],COM,{11},{76}
d36cf080-4bbb-4cf0-adab-a02219f6587e,213103823,Commune de Montgras (31),false,{31382},Commune,2026-03-24 14:41:58.09424+01,gold_establishments_2025,,,,21310382300018,2025,Collectivité Territoriale,Commune,['Haute-Garonne'],['Occitanie'],COM,{31},{76}
aa0be6ab-0341-40bd-bcf9-4ef02acf9c7a,211501325,Commune de Montgreleix (15),false,{15132},Commune,2026-03-24 14:41:54.362296+01,gold_establishments_2025,,,,21150132500016,2025,Collectivité Territoriale,Commune,['Cantal'],['Auvergne-Rhône-Alpes'],COM,{15},{84}
1272b944-e22a-40ef-8890-9b8cfc5df5f3,210204848,Commune de Montgru-Saint-Hilaire (02),false,{02507},Commune,2026-03-24 14:41:52.020251+01,gold_establishments_2025,,,,21020484800019,2025,Collectivité Territoriale,Commune,['Aisne'],['Hauts-de-France'],COM,{02},{32}
86fc6313-42b9-49ed-8ce9-9af1198bc129,212602015,Commune de Montguers (26),false,{26201},Commune,2026-03-24 14:41:56.495197+01,gold_establishments_2025,,,,21260201500019,2025,Collectivité Territoriale,Commune,['Drôme'],['Auvergne-Rhône-Alpes'],COM,{26},{84}
dfe3ad64-61ab-425a-a9ac-18e7379af940,211002407,Commune de Montgueux (10),false,{10248},Commune,2026-03-24 14:41:53.095366+01,gold_establishments_2025,,,,21100240700016,2025,Collectivité Territoriale,Commune,['Aube'],['Grand Est'],COM,{10},{44}
fe0465ef-71aa-4e94-8d43-da0825060703,211702410,Commune de Montguyon (17),false,{17241},Commune,2026-03-24 14:41:54.903238+01,gold_establishments_2025,,,,21170241000013,2025,Collectivité Territoriale,Commune,['Charente-Maritime'],['Nouvelle-Aquitaine'],COM,{17},{75}
fdf0084b-62e1-4684-afb8-52ef440e204f,217703081,Commune de Montgé-en-Goële (77),false,{77308},Commune,2026-03-24 14:42:09.43682+01,gold_establishments_2025,,,,21770308100018,2025,Collectivité Territoriale,Commune,['Seine-et-Marne'],['Île-de-France'],COM,{77},{11}
fb25a987-1e44-4379-baeb-57d2774e43db,216004127,Commune de Montgérain (60),false,{60416},Commune,2026-03-24 14:42:04.814328+01,gold_establishments_2025,,,,21600412700017,2025,Collectivité Territoriale,Commune,['Oise'],['Hauts-de-France'],COM,{60},{32}
d7161662-b4a4-4ae3-8e47-7b0e267d7333,212802607,Commune de Montharville (28),false,{28260},Commune,2026-03-24 14:41:57.028721+01,gold_establishments_2025,,,,21280260700011,2025,Collectivité Territoriale,Commune,['Eure-et-Loir'],['Centre-Val de Loire'],COM,{28},{24}
05e0af3b-82cd-47a6-80fd-7260bde936ef,213501901,Commune de Monthault (35),false,{35190},Commune,2026-03-24 14:41:58.620411+01,gold_establishments_2025,,,,21350190100010,2025,Collectivité Territoriale,Commune,['Ille-et-Vilaine'],['Bretagne'],COM,{35},{53}
753386c5-dab7-432c-a244-2459280ad9a9,211102470,Commune de Monthaut (11),false,{11247},Commune,2026-03-24 14:41:53.63825+01,gold_establishments_2025,,,,21110247000013,2025,Collectivité Territoriale,Commune,['Aude'],['Occitanie'],COM,{11},{76}
ad169b13-4b18-473b-b69a-145f4c5d0a85,212104285,Commune de Monthelie (21),false,{21428},Commune,2026-03-24 14:41:55.433389+01,gold_establishments_2025,,,,21210428500011,2025,Collectivité Territoriale,Commune,"[""Côte-d'Or""]",['Bourgogne-Franche-Comté'],COM,{21},{27}
76887336-24d8-4587-ad21-1ee522efd31a,215103532,Commune de Monthelon (51),false,{51378},Commune,2026-03-24 14:42:01.954481+01,gold_establishments_2025,,,,21510353200010,2025,Collectivité Territoriale,Commune,['Marne'],['Grand Est'],COM,{51},{44}
71d5678d-9b3a-42c9-b69b-3bd3e15bbe42,217103134,Commune de Monthelon (71),false,{71313},Commune,2026-03-24 14:42:07.735343+01,gold_establishments_2025,,,,21710313400011,2025,Collectivité Territoriale,Commune,['Saône-et-Loire'],['Bourgogne-Franche-Comté'],COM,{71},{27}
c38cfbd7-8740-4bc7-873c-093e9bf4c985,210204855,Commune de Monthenault (02),false,{02508},Commune,2026-03-24 14:41:52.020251+01,gold_establishments_2025,,,,21020485500014,2025,Collectivité Territoriale,Commune,['Aisne'],['Hauts-de-France'],COM,{02},{32}
9c459950-0eaa-480f-a579-528dfdfa91b0,215202383,Commune de Montheries (52),false,{52330},Commune,2026-03-24 14:42:01.954481+01,gold_establishments_2025,,,,21520238300018,2025,Collectivité Territoriale,Commune,['Haute-Marne'],['Grand Est'],COM,{52},{44}
b25654b9-6a99-4212-b521-85c092649129,210802690,Commune de Monthermé (08),false,{08302},Commune,2026-03-24 14:41:53.095366+01,gold_establishments_2025,,,,21080269000011,2025,Collectivité Territoriale,Commune,['Ardennes'],['Grand Est'],COM,{08},{44}
89447ff2-1723-48de-91d3-930a9aed70f4,210204863,Commune de Monthiers (02),false,{02509},Commune,2026-03-24 14:41:52.020251+01,gold_establishments_2025,,,,21020486300018,2025,Collectivité Territoriale,Commune,['Aisne'],['Hauts-de-France'],COM,{02},{32}
50295cd3-0c83-4bc9-83d0-90f4952024a4,210102612,Commune de Monthieux (01),false,{01261},Commune,2026-03-24 14:41:51.447482+01,gold_establishments_2025,,,,21010261200012,2025,Collectivité Territoriale,Commune,['Ain'],['Auvergne-Rhône-Alpes'],COM,{01},{84}
5c33a957-9919-4475-932b-242427cfaf37,217301704,Commune de Monthion (73),false,{73170},Commune,2026-03-24 14:42:08.279287+01,gold_establishments_2025,,,,21730170400011,2025,Collectivité Territoriale,Commune,['Savoie'],['Auvergne-Rhône-Alpes'],COM,{73},{84}
6d4fc5d8-410f-4ffe-a9b2-99ffca2157dd,213701550,Commune de Monthodon (37),false,{37155},Commune,2026-03-24 14:41:59.160244+01,gold_establishments_2025,,,,21370155000013,2025,Collectivité Territoriale,Commune,['Indre-et-Loire'],['Centre-Val de Loire'],COM,{37},{24}
72453ac6-10f1-4dcc-9d3b-1bb541b2d767,218601649,Commune de Monthoiron (86),false,{86164},Commune,2026-03-24 14:42:10.508772+01,gold_establishments_2025,,,,21860164900013,2025,Collectivité Territoriale,Commune,['Vienne'],['Nouvelle-Aquitaine'],COM,{86},{75}
91bff61f-4604-475d-bf1d-944fba72d026,210802708,Commune de Monthois (08),false,{08303},Commune,2026-03-24 14:41:53.095366+01,gold_establishments_2025,,,,21080270800011,2025,Collectivité Territoriale,Commune,['Ardennes'],['Grand Est'],COM,{08},{44}
d6a524ff-a0d1-47ab-8c3d-b049781ff137,213903545,Commune de Montholier (39),false,{39354},Commune,2026-03-24 14:41:59.705606+01,gold_establishments_2025,,,,21390354500019,2025,Collectivité Territoriale,Commune,['Jura'],['Bourgogne-Franche-Comté'],COM,{39},{27}
40f659d6-e93a-4145-ad7c-04dbef0d9dfc,200061968,Commune de Montholon (89),false,{89003},Commune,2026-03-24 14:42:11.118516+01,gold_establishments_2025,,,,20006196800018,2025,Collectivité Territoriale,Commune,['Yonne'],['Bourgogne-Franche-Comté'],COM,{89},{27}
3ae9036a-0063-464f-ab33-7748754b17b6,214101453,Commune de Monthou-sur-Bièvre (41),false,{41145},Commune,2026-03-24 14:42:00.273698+01,gold_establishments_2025,,,,21410145300030,2025,Collectivité Territoriale,Commune,['Loir-et-Cher'],['Centre-Val de Loire'],COM,{41},{24}
0c0276c3-0227-4dbc-a646-6cdabac0fff9,214101461,Commune de Monthou-sur-Cher (41),false,{41146},Commune,2026-03-24 14:42:00.273698+01,gold_establishments_2025,,,,21410146100017,2025,Collectivité Territoriale,Commune,['Loir-et-Cher'],['Centre-Val de Loire'],COM,{41},{24}
e7f4557e-55df-4628-b508-83cc769189c3,215003450,Commune de Monthuchon (50),false,{50345},Commune,2026-03-24 14:42:01.412377+01,gold_establishments_2025,,,,21500345000016,2025,Collectivité Territoriale,Commune,['Manche'],['Normandie'],COM,{50},{28}
7fbdea0d-e6b3-4a24-8abf-ba0011d3ec9d,210204871,Commune de Monthurel (02),false,{02510},Commune,2026-03-24 14:41:52.020251+01,gold_establishments_2025,,,,21020487100011,2025,Collectivité Territoriale,Commune,['Aisne'],['Hauts-de-France'],COM,{02},{32}
e3e9bd45-313c-42c6-8aba-a75ef0105ea7,218803096,Commune de Monthureux-le-Sec (88),false,{88309},Commune,2026-03-24 14:42:11.118516+01,gold_establishments_2025,,,,21880309600013,2025,Collectivité Territoriale,Commune,['Vosges'],['Grand Est'],COM,{88},{44}
c55ee62f-db45-4c49-9974-2c5f25c8edb1,218803104,Commune de Monthureux-sur-Saône (88),false,{88310},Commune,2026-03-24 14:42:11.118516+01,gold_establishments_2025,,,,21880310400015,2025,Collectivité Territoriale,Commune,['Vosges'],['Grand Est'],COM,{88},{44}
bf09b69e-0de1-40e6-8a50-92e99d127e79,217703099,Commune de Monthyon (77),false,{77309},Commune,2026-03-24 14:42:09.43682+01,gold_establishments_2025,,,,21770309900010,2025,Collectivité Territoriale,Commune,['Seine-et-Marne'],['Île-de-France'],COM,{77},{11}
42df389e-c339-4432-b0a0-510827ea5c2b,212001689,Commune de Monticello (2B),false,{2B168},Commune,2026-03-24 14:41:57.56054+01,gold_establishments_2025,,,,21200168900018,2025,Collectivité Territoriale,Commune,['Haute-Corse'],['Corse'],COM,{2B},{94}
0d4f054d-dc0f-45b9-bd70-c75cebb5e34b,211002423,Commune de Montier-en-l'Isle (10),false,{10250},Commune,2026-03-24 14:41:53.095366+01,gold_establishments_2025,,,,21100242300013,2025,Collectivité Territoriale,Commune,['Aube'],['Grand Est'],COM,{10},{44}
cd946920-0b17-4aab-9c19-c8ed2e9e5d80,213601289,Commune de Montierchaume (36),false,{36128},Commune,2026-03-24 14:41:59.160244+01,gold_establishments_2025,,,,21360128900019,2025,Collectivité Territoriale,Commune,['Indre'],['Centre-Val de Loire'],COM,{36},{24}
17546fa0-3d4c-4172-a26e-de43b6433b88,216004143,Commune de Montiers (60),false,{60418},Commune,2026-03-24 14:42:04.814328+01,gold_establishments_2025,,,,21600414300014,2025,Collectivité Territoriale,Commune,['Oise'],['Hauts-de-France'],COM,{60},{32}
94eee73e-86a0-414f-9221-0932ac621739,215503483,Commune de Montiers-sur-Saulx (55),false,{55348},Commune,2026-03-24 14:42:03.701372+01,gold_establishments_2025,,,,21550348300012,2025,Collectivité Territoriale,Commune,['Meuse'],['Grand Est'],COM,{55},{44}
ab12834a-4473-4341-a3a1-2dbcb75f3762,213202872,Commune de Monties (32),false,{32287},Commune,2026-03-24 14:41:58.09424+01,gold_establishments_2025,,,,21320287200015,2025,Collectivité Territoriale,Commune,['Gers'],['Occitanie'],COM,{32},{76}
b1414565-b9d1-4585-96d0-58e50096f085,213302920,Commune de Montignac (33),false,{33292},Commune,2026-03-24 14:41:58.620411+01,gold_establishments_2025,,,,21330292000011,2025,Collectivité Territoriale,Commune,['Gironde'],['Nouvelle-Aquitaine'],COM,{33},{75}
de393b64-4b7d-4860-a4e7-a23f1783f911,216503219,Commune de Montignac (65),false,{65321},Commune,2026-03-24 14:42:06.665412+01,gold_establishments_2025,,,,21650321900018,2025,Collectivité Territoriale,Commune,['Hautes-Pyrénées'],['Occitanie'],COM,{65},{76}
ba91ab4c-1f90-45f2-91a6-b00953e2b0b4,211602263,Commune de Montignac-Charente (nan),false,{16226},Commune,2026-03-24 14:41:54.362296+01,gold_establishments_2025,,,,21160226300017,2025,Collectivité Territoriale,Commune,[''],[''],COM,,
62988a11-fb9b-4059-adb6-1c4424a64c8a,212402911,Commune de Montignac-Lascaux (24),false,{24291},Commune,2026-03-24 14:41:55.958138+01,gold_establishments_2025,,,,21240291100011,2025,Collectivité Territoriale,Commune,['Dordogne'],['Nouvelle-Aquitaine'],COM,{24},{75}
b5f0a36d-894b-45a5-ae39-0cfe45648b4d,214701898,Commune de Montignac-Toupinerie (47),false,{47189},Commune,2026-03-24 14:42:00.862623+01,gold_establishments_2025,,,,21470189800014,2025,Collectivité Territoriale,Commune,['Lot-et-Garonne'],['Nouvelle-Aquitaine'],COM,{47},{75}
5ab9586c-46dc-4997-ac11-26dcaf9a0472,214701880,Commune de Montignac-de-Lauzun (47),false,{47188},Commune,2026-03-24 14:42:00.862623+01,gold_establishments_2025,,,,21470188000012,2025,Collectivité Territoriale,Commune,['Lot-et-Garonne'],['Nouvelle-Aquitaine'],COM,{47},{75}
55044eb1-61d3-484c-bff6-bd21bf0038f2,211602271,Commune de Montignac-le-Coq (16),false,{16227},Commune,2026-03-24 14:41:54.362296+01,gold_establishments_2025,,,,21160227100010,2025,Collectivité Territoriale,Commune,['Charente'],['Nouvelle-Aquitaine'],COM,{16},{75}
dcfba8af-46b3-450c-9b2b-56191858864d,213001803,Commune de Montignargues (30),false,{30180},Commune,2026-03-24 14:41:57.56054+01,gold_establishments_2025,,,,21300180300013,2025,Collectivité Territoriale,Commune,['Gard'],['Occitanie'],COM,{30},{76}
5f6c2399-36c9-4aca-b89c-5448e332bb28,211404462,Commune de Montigny (14),false,{14446},Commune,2026-03-24 14:41:54.362296+01,gold_establishments_2025,,,,21140446200015,2025,Collectivité Territoriale,Commune,['Calvados'],['Normandie'],COM,{14},{28}
a42b7870-f87e-41f0-a004-80f036c9a00f,211801519,Commune de Montigny (18),false,{18151},Commune,2026-03-24 14:41:54.903238+01,gold_establishments_2025,,,,21180151900011,2025,Collectivité Territoriale,Commune,['Cher'],['Centre-Val de Loire'],COM,{18},{24}
fb264639-d1d3-44b4-b76d-b342a9361c2d,214502148,Commune de Montigny (45),false,{45214},Commune,2026-03-24 14:42:00.862623+01,gold_establishments_2025,,,,21450214800015,2025,Collectivité Territoriale,Commune,['Loiret'],['Centre-Val de Loire'],COM,{45},{24}
1d9be0e4-437d-4ac6-9e7e-3d5c24b357c0,215403775,Commune de Montigny (54),false,{54377},Commune,2026-03-24 14:42:02.957225+01,gold_establishments_2025,,,,21540377500012,2025,Collectivité Territoriale,Commune,['Meurthe-et-Moselle'],['Grand Est'],COM,{54},{44}
b9249b1c-7aa1-4b55-a5c7-9609188723ce,217604461,Commune de Montigny (76),false,{76446},Commune,2026-03-24 14:42:08.818969+01,gold_establishments_2025,,,,21760446100012,2025,Collectivité Territoriale,Commune,['Seine-Maritime'],['Normandie'],COM,{76},{28}
a231f568-b457-4cdf-b0a0-60f502d730d7,217703115,Commune de Montigny-Lencoup (77),false,{77311},Commune,2026-03-24 14:42:09.43682+01,gold_establishments_2025,,,,21770311500014,2025,Collectivité Territoriale,Commune,['Seine-et-Marne'],['Île-de-France'],COM,{77},{11}
54223877-99c4-4d29-9658-182a5574a8cb,210204913,Commune de Montigny-Lengrain (02),false,{02514},Commune,2026-03-24 14:41:52.020251+01,gold_establishments_2025,,,,21020491300037,2025,Collectivité Territoriale,Commune,['Aisne'],['Hauts-de-France'],COM,{02},{32}
237e1f1d-3e4a-4c64-b229-9c237e58a385,212104293,Commune de Montigny-Montfort (21),false,{21429},Commune,2026-03-24 14:41:55.433389+01,gold_establishments_2025,,,,21210429300015,2025,Collectivité Territoriale,Commune,"[""Côte-d'Or""]",['Bourgogne-Franche-Comté'],COM,{21},{27}
85b72ecc-d00a-446a-93d8-63e877789307,212104335,Commune de Montigny-Mornay-Villeneuve-sur-Vingeanne (21),false,{21433},Commune,2026-03-24 14:41:55.433389+01,gold_establishments_2025,,,,21210433500014,2025,Collectivité Territoriale,Commune,"[""Côte-d'Or""]",['Bourgogne-Franche-Comté'],COM,{21},{27}
5be2a41b-51d4-4e7a-9386-56aefc35b331,212104301,Commune de Montigny-Saint-Barthélemy (21),false,{21430},Commune,2026-03-24 14:41:55.433389+01,gold_establishments_2025,,,,21210430100016,2025,Collectivité Territoriale,Commune,"[""Côte-d'Or""]",['Bourgogne-Franche-Comté'],COM,{21},{27}
c8364431-9ec0-4c50-ba73-b73d072b5df0,215801762,Commune de Montigny-aux-Amognes (58),false,{58176},Commune,2026-03-24 14:42:04.280096+01,gold_establishments_2025,,,,21580176200018,2025,Collectivité Territoriale,Commune,['Nièvre'],['Bourgogne-Franche-Comté'],COM,{58},{27}
c4f09e68-d1e5-4c61-ba86-82ccca40ebf4,215503491,Commune de Montigny-devant-Sassey (55),false,{55349},Commune,2026-03-24 14:42:03.701372+01,gold_establishments_2025,,,,21550349100015,2025,Collectivité Territoriale,Commune,['Meuse'],['Grand Est'],COM,{55},{44}
f803b619-4f6f-4c3d-957c-1d11df980335,210204889,Commune de Montigny-en-Arrouaise (02),false,{02511},Commune,2026-03-24 14:41:52.020251+01,gold_establishments_2025,,,,21020488900013,2025,Collectivité Territoriale,Commune,['Aisne'],['Hauts-de-France'],COM,{02},{32}
02c1043a-1bb6-431b-9096-e7b2059b54ec,215904137,Commune de Montigny-en-Cambrésis (59),false,{59413},Commune,2026-03-24 14:42:04.280096+01,gold_establishments_2025,,,,21590413700019,2025,Collectivité Territoriale,Commune,['Nord'],['Hauts-de-France'],COM,{59},{32}
c6b94c1a-005e-47fd-aba7-22d013daf8e9,216205872,Commune de Montigny-en-Gohelle (62),false,{62587},Commune,2026-03-24 14:42:05.597325+01,gold_establishments_2025,,,,21620587200015,2025,Collectivité Territoriale,Commune,['Pas-de-Calais'],['Hauts-de-France'],COM,{62},{32}
f194f4d9-f77d-421d-ba85-4d5e8e6f40ee,215801770,Commune de Montigny-en-Morvan (58),false,{58177},Commune,2026-03-24 14:42:04.280096+01,gold_establishments_2025,,,,21580177000011,2025,Collectivité Territoriale,Commune,['Nièvre'],['Bourgogne-Franche-Comté'],COM,{58},{27}
679d1aa1-3c7b-43a0-9adf-fa7c68b5d2f0,215904145,Commune de Montigny-en-Ostrevent (59),false,{59414},Commune,2026-03-24 14:42:04.280096+01,gold_establishments_2025,,,,21590414500012,2025,Collectivité Territoriale,Commune,['Nord'],['Hauts-de-France'],COM,{59},{32}
c8664e07-89e8-4e78-9705-c2f4524b6464,210204897,Commune de Montigny-l'Allier (02),false,{02512},Commune,2026-03-24 14:41:52.020251+01,gold_establishments_2025,,,,21020489700016,2025,Collectivité Territoriale,Commune,['Aisne'],['Hauts-de-France'],COM,{02},{32}
efccc97e-7d8b-48da-a493-a18d69510a32,218902658,Commune de Montigny-la-Resle (89),false,{89265},Commune,2026-03-24 14:42:11.118516+01,gold_establishments_2025,,,,21890265800010,2025,Collectivité Territoriale,Commune,['Yonne'],['Bourgogne-Franche-Comté'],COM,{89},{27}
e70b421e-13dd-4c7e-97bd-7b1216e4895d,217804236,Commune de Montigny-le-Bretonneux (78),false,{78423},Commune,2026-03-24 14:42:09.43682+01,gold_establishments_2025,,,,21780423600016,2025,Collectivité Territoriale,Commune,['Yvelines'],['Île-de-France'],COM,{78},{11}
108b63f3-e9b6-496e-8795-5d5b284d8c3a,212802615,Commune de Montigny-le-Chartif (28),false,{28261},Commune,2026-03-24 14:41:57.028721+01,gold_establishments_2025,,,,21280261500014,2025,Collectivité Territoriale,Commune,['Eure-et-Loir'],['Centre-Val de Loire'],COM,{28},{24}
9fdd277e-fdd2-4acc-8ef3-13d082973cd2,210204905,Commune de Montigny-le-Franc (02),false,{02513},Commune,2026-03-24 14:41:52.020251+01,gold_establishments_2025,,,,21020490500017,2025,Collectivité Territoriale,Commune,['Aisne'],['Hauts-de-France'],COM,{02},{32}
badbfd53-90af-4bf9-9d1b-561c57ab2c4f,217703107,Commune de Montigny-le-Guesdier (77),false,{77310},Commune,2026-03-24 14:42:09.43682+01,gold_establishments_2025,,,,21770310700011,2025,Collectivité Territoriale,Commune,['Seine-et-Marne'],['Île-de-France'],COM,{77},{11}
c55f1f82-d937-4026-bba6-103d678a33e2,218005338,Commune de Montigny-les-Jongleurs (80),false,{80563},Commune,2026-03-24 14:42:09.967209+01,gold_establishments_2025,,,,21800533800015,2025,Collectivité Territoriale,Commune,['Somme'],['Hauts-de-France'],COM,{80},{32}
997f1152-dfe7-4bdf-b92a-707a3593e170,211002431,Commune de Montigny-les-Monts (10),false,{10251},Commune,2026-03-24 14:41:53.095366+01,gold_establishments_2025,,,,21100243100016,2025,Collectivité Territoriale,Commune,['Aube'],['Grand Est'],COM,{10},{44}
5fc8f4bf-9123-44ac-b5bd-0195e28fcbf3,213903552,Commune de Montigny-lès-Arsures (39),false,{39355},Commune,2026-03-24 14:41:59.705606+01,gold_establishments_2025,,,,21390355200015,2025,Collectivité Territoriale,Commune,['Jura'],['Bourgogne-Franche-Comté'],COM,{39},{27}
6f14babe-d2e8-4d1e-b36b-a266613701ad,217003623,Commune de Montigny-lès-Cherlieu (70),false,{70362},Commune,2026-03-24 14:42:07.735343+01,gold_establishments_2025,,,,21700362300014,2025,Collectivité Territoriale,Commune,['Haute-Saône'],['Bourgogne-Franche-Comté'],COM,{70},{27}
d4cd30a0-5f73-46e3-97f3-cf11194539db,210204921,Commune de Montigny-lès-Condé (02),false,{02515},Commune,2026-03-24 14:41:52.020251+01,gold_establishments_2025,,,,21020492100014,2025,Collectivité Territoriale,Commune,['Aisne'],['Hauts-de-France'],COM,{02},{32}
5aaa5e3c-ecdb-42ce-b030-558efe5b7104,219504248,Commune de Montigny-lès-Cormeilles (95),false,{95424},Commune,2026-03-24 14:42:11.659493+01,gold_establishments_2025,,,,21950424800010,2025,Collectivité Territoriale,Commune,"[""Val-d'Oise""]",['Île-de-France'],COM,{95},{11}
aae3e8ff-5689-4d38-aeb5-76c1742548f6,215704800,Commune de Montigny-lès-Metz (57),false,{57480},Commune,2026-03-24 14:42:03.701372+01,gold_establishments_2025,,,,21570480000014,2025,Collectivité Territoriale,Commune,['Moselle'],['Grand Est'],COM,{57},{44}
0bfcd496-2244-4efc-8a5d-ef21d30e1527,215503509,Commune de Montigny-lès-Vaucouleurs (55),false,{55350},Commune,2026-03-24 14:42:03.701372+01,gold_establishments_2025,,,,21550350900014,2025,Collectivité Territoriale,Commune,['Meuse'],['Grand Est'],COM,{55},{44}
04782af5-d979-4bd0-afea-f9b2a569ddb1,217003631,Commune de Montigny-lès-Vesoul (70),false,{70363},Commune,2026-03-24 14:42:07.735343+01,gold_establishments_2025,,,,21700363100017,2025,Collectivité Territoriale,Commune,['Haute-Saône'],['Bourgogne-Franche-Comté'],COM,{70},{27}
3dc81eb0-877f-43cc-9061-0c9d022e10c1,210204939,Commune de Montigny-sous-Marle (02),false,{02516},Commune,2026-03-24 14:41:52.020251+01,gold_establishments_2025,,,,21020493900016,2025,Collectivité Territoriale,Commune,['Aisne'],['Hauts-de-France'],COM,{02},{32}
26417a57-f553-4bf9-bb7e-1d4e9d89a61d,212104319,Commune de Montigny-sur-Armançon (21),false,{21431},Commune,2026-03-24 14:41:55.433389+01,gold_establishments_2025,,,,21210431900018,2025,Collectivité Territoriale,Commune,"[""Côte-d'Or""]",['Bourgogne-Franche-Comté'],COM,{21},{27}
d71c8407-8d01-420b-bbf8-4fb1e8349bff,212104327,Commune de Montigny-sur-Aube (21),false,{21432},Commune,2026-03-24 14:41:55.433389+01,gold_establishments_2025,,,,21210432700011,2025,Collectivité Territoriale,Commune,"[""Côte-d'Or""]",['Bourgogne-Franche-Comté'],COM,{21},{27}
6abb7aac-972f-4ba4-a60a-f2568dac226d,212802631,Commune de Montigny-sur-Avre (28),false,{28263},Commune,2026-03-24 14:41:57.028721+01,gold_establishments_2025,,,,21280263100011,2025,Collectivité Territoriale,Commune,['Eure-et-Loir'],['Centre-Val de Loire'],COM,{28},{24}
39a8f860-ac3f-4520-b823-3b09fc4927b9,215801788,Commune de Montigny-sur-Canne (58),false,{58178},Commune,2026-03-24 14:42:04.280096+01,gold_establishments_2025,,,,21580178800013,2025,Collectivité Territoriale,Commune,['Nièvre'],['Bourgogne-Franche-Comté'],COM,{58},{27}
79dd569a-dfe6-4248-a22d-09e251eb1f08,215403783,Commune de Montigny-sur-Chiers (54),false,{54378},Commune,2026-03-24 14:42:02.957225+01,gold_establishments_2025,,,,21540378300016,2025,Collectivité Territoriale,Commune,['Meurthe-et-Moselle'],['Grand Est'],COM,{54},{44}
75a8e2d2-7379-4fb4-8e6a-1a6b9f8ec76e,210204947,Commune de Montigny-sur-Crécy (02),false,{02517},Commune,2026-03-24 14:41:52.020251+01,gold_establishments_2025,,,,21020494700019,2025,Collectivité Territoriale,Commune,['Aisne'],['Hauts-de-France'],COM,{02},{32}
f07df6c7-d724-48d3-a28b-9b9a96be6138,217703123,Commune de Montigny-sur-Loing (77),false,{77312},Commune,2026-03-24 14:42:09.43682+01,gold_establishments_2025,,,,21770312300018,2025,Collectivité Territoriale,Commune,['Seine-et-Marne'],['Île-de-France'],COM,{77},{11}
d784d23c-30f0-45bb-81a9-8b4cb193f37a,210802716,Commune de Montigny-sur-Meuse (08),false,{08304},Commune,2026-03-24 14:41:53.095366+01,gold_establishments_2025,,,,21080271600014,2025,Collectivité Territoriale,Commune,['Ardennes'],['Grand Est'],COM,{08},{44}
48b31167-21f4-48a7-94a5-c0ede2b125fe,210802724,Commune de Montigny-sur-Vence (08),false,{08305},Commune,2026-03-24 14:41:53.095366+01,gold_establishments_2025,,,,21080272400018,2025,Collectivité Territoriale,Commune,['Ardennes'],['Grand Est'],COM,{08},{44}
3ada4173-74cc-4fcd-a676-63f00ac0fbb4,215103540,Commune de Montigny-sur-Vesle (51),false,{51379},Commune,2026-03-24 14:42:01.954481+01,gold_establishments_2025,,,,21510354000013,2025,Collectivité Territoriale,Commune,['Marne'],['Grand Est'],COM,{51},{44}
e46fc5e6-d90c-4d0c-8500-3f2287fb69eb,213903560,Commune de Montigny-sur-l'Ain (39),false,{39356},Commune,2026-03-24 14:41:59.705606+01,gold_establishments_2025,,,,21390356000018,2025,Collectivité Territoriale,Commune,['Jura'],['Bourgogne-Franche-Comté'],COM,{39},{27}
cc00e84c-eb76-481e-8740-eb9fb6292641,218005320,Commune de Montigny-sur-l'Hallue (80),false,{80562},Commune,2026-03-24 14:42:09.967209+01,gold_establishments_2025,,,,21800532000013,2025,Collectivité Territoriale,Commune,['Somme'],['Hauts-de-France'],COM,{80},{32}
1a09d0a2-72c2-49e3-bde8-984b92762272,215301573,Commune de Montigné-le-Brillant (53),false,{53157},Commune,2026-03-24 14:42:02.957225+01,gold_establishments_2025,,,,21530157300014,2025,Collectivité Territoriale,Commune,['Mayenne'],['Pays de la Loire'],COM,{53},{52}
73ba1c4c-08d5-4e5c-9ac4-97ebe46e3179,214902090,Commune de Montigné-lès-Rairies (49),false,{49209},Commune,2026-03-24 14:42:01.412377+01,gold_establishments_2025,,,,21490209000015,2025,Collectivité Territoriale,Commune,['Maine-et-Loire'],['Pays de la Loire'],COM,{49},{52}
79f426fa-d025-4e98-bfb8-896709d2cad8,214902116,Commune de Montilliers (49),false,{49211},Commune,2026-03-24 14:42:01.412377+01,gold_establishments_2025,,,,21490211600018,2025,Collectivité Territoriale,Commune,['Maine-et-Loire'],['Pays de la Loire'],COM,{49},{52}
c9b5b2ce-e0dd-4bec-9463-b866076c2ec3,200083137,Commune de Montillières-sur-Orne (14),false,{14713},Commune,2026-03-24 14:41:54.362296+01,gold_establishments_2025,,,,20008313700014,2025,Collectivité Territoriale,Commune,['Calvados'],['Normandie'],COM,{14},{28}
1a73f3a8-898b-44fb-acca-e935e772edd2,218902666,Commune de Montillot (89),false,{89266},Commune,2026-03-24 14:42:11.659493+01,gold_establishments_2025,,,,21890266600013,2025,Collectivité Territoriale,Commune,['Yonne'],['Bourgogne-Franche-Comté'],COM,{89},{27}
7f571bec-7a12-4b37-81e9-494cec1f4fd8,210301842,Commune de Montilly (03),false,{03184},Commune,2026-03-24 14:41:52.020251+01,gold_establishments_2025,,,,21030184200014,2025,Collectivité Territoriale,Commune,['Allier'],['Auvergne-Rhône-Alpes'],COM,{03},{84}
6ed88406-4d37-4533-a88d-47bdbae754b2,216102871,Commune de Montilly-sur-Noireau (61),false,{61287},Commune,2026-03-24 14:42:05.597325+01,gold_establishments_2025,,,,21610287100011,2025,Collectivité Territoriale,Commune,['Orne'],['Normandie'],COM,{61},{28}
3decd8e6-626a-4e19-9405-ade5a044efa8,211702428,Commune de Montils (17),false,{17242},Commune,2026-03-24 14:41:54.903238+01,gold_establishments_2025,,,,21170242800015,2025,Collectivité Territoriale,Commune,['Charente-Maritime'],['Nouvelle-Aquitaine'],COM,{17},{75}
95a0f592-0eb4-41fe-aa91-87578f0d4db2,213601297,Commune de Montipouret (36),false,{36129},Commune,2026-03-24 14:41:59.160244+01,gold_establishments_2025,,,,21360129700012,2025,Collectivité Territoriale,Commune,['Indre'],['Centre-Val de Loire'],COM,{36},{24}
828a6bb3-d6d0-4f16-bc0b-2b90a96de595,211102488,Commune de Montirat (11),false,{11248},Commune,2026-03-24 14:41:53.63825+01,gold_establishments_2025,,,,21110248800015,2025,Collectivité Territoriale,Commune,['Aude'],['Occitanie'],COM,{11},{76}
a8577ee0-ff9d-4269-90d4-ae8c305f3269,218101806,Commune de Montirat (81),false,{81180},Commune,2026-03-24 14:42:09.967209+01,gold_establishments_2025,,,,21810180600014,2025,Collectivité Territoriale,Commune,['Tarn'],['Occitanie'],COM,{81},{76}
a3ed239c-afca-4bc2-a21b-bfa465e36fce,212802649,Commune de Montireau (28),false,{28264},Commune,2026-03-24 14:41:57.028721+01,gold_establishments_2025,,,,21280264900013,2025,Collectivité Territoriale,Commune,['Eure-et-Loir'],['Centre-Val de Loire'],COM,{28},{24}
102501a4-f29e-40c6-ab25-8c44dc31d0fa,213202880,Commune de Montiron (32),false,{32288},Commune,2026-03-24 14:41:58.09424+01,gold_establishments_2025,,,,21320288000018,2025,Collectivité Territoriale,Commune,['Gers'],['Occitanie'],COM,{32},{76}
c7d68c3f-8d2a-4657-b205-719e61c74a88,212504013,Commune de Montivernage (25),false,{25401},Commune,2026-03-24 14:41:56.495197+01,gold_establishments_2025,,,,21250401300013,2025,Collectivité Territoriale,Commune,['Doubs'],['Bourgogne-Franche-Comté'],COM,{25},{27}
14916169-be71-4036-87e7-e4285a15b0fa,217604479,Commune de Montivilliers (76),false,{76447},Commune,2026-03-24 14:42:08.818969+01,gold_establishments_2025,,,,21760447900014,2025,Collectivité Territoriale,Commune,['Seine-Maritime'],['Normandie'],COM,{76},{28}
09b107fe-fce9-48b0-b011-fd4b39180e78,211004312,Commune de Montiéramey (10),false,{10249},Commune,2026-03-24 14:41:53.095366+01,gold_establishments_2025,,,,21100431200016,2025,Collectivité Territoriale,Commune,['Aube'],['Grand Est'],COM,{10},{44}
6b6ddbc3-0a21-431f-839f-9b2134240bd9,211102496,Commune de Montjardin (11),false,{11249},Commune,2026-03-24 14:41:53.63825+01,gold_establishments_2025,,,,21110249600018,2025,Collectivité Territoriale,Commune,['Aude'],['Occitanie'],COM,{11},{76}
c9483fdd-5916-4650-a4b1-d4a770edbbe0,211201538,Commune de Montjaux (12),false,{12153},Commune,2026-03-24 14:41:53.63825+01,gold_establishments_2025,,,,21120153800017,2025,Collectivité Territoriale,Commune,['Aveyron'],['Occitanie'],COM,{12},{76}
e3360177-9748-4926-9677-291a9e6e11ea,216004150,Commune de Montjavoult (60),false,{60420},Commune,2026-03-24 14:42:04.814328+01,gold_establishments_2025,,,,21600415000019,2025,Collectivité Territoriale,Commune,['Oise'],['Hauts-de-France'],COM,{60},{32}
0bdd2550-1b48-4973-87a5-5256511311f9,210500864,Commune de Montjay (05),false,{05086},Commune,2026-03-24 14:41:52.562531+01,gold_establishments_2025,,,,21050086400017,2025,Collectivité Territoriale,Commune,['Hautes-Alpes'],"[""Provence-Alpes-Côte d'Azur""]",COM,{05},{93}
758532d2-dd64-4717-8125-b57bde2e0982,217103142,Commune de Montjay (71),false,{71314},Commune,2026-03-24 14:42:07.735343+01,gold_establishments_2025,,,,21710314200014,2025,Collectivité Territoriale,Commune,['Saône-et-Loire'],['Bourgogne-Franche-Comté'],COM,{71},{27}
eb139b64-4a5e-4cc9-88af-4f17321934e9,211602297,Commune de Montjean (16),false,{16229},Commune,2026-03-24 14:41:54.362296+01,gold_establishments_2025,,,,21160229700015,2025,Collectivité Territoriale,Commune,['Charente'],['Nouvelle-Aquitaine'],COM,{16},{75}
f047e8fb-eb74-4f5b-a802-cfbf440eefec,215301581,Commune de Montjean (53),false,{53158},Commune,2026-03-24 14:42:02.957225+01,gold_establishments_2025,,,,21530158100017,2025,Collectivité Territoriale,Commune,['Mayenne'],['Pays de la Loire'],COM,{53},{52}
27a2ab7c-c71a-409f-8da0-ceb029aaf97f,211102504,Commune de Montjoi (11),false,{11250},Commune,2026-03-24 14:41:53.63825+01,gold_establishments_2025,,,,21110250400019,2025,Collectivité Territoriale,Commune,['Aude'],['Occitanie'],COM,{11},{76}
542fd534-6f65-477e-b922-1b3a0bf25a41,218201309,Commune de Montjoi (82),false,{82130},Commune,2026-03-24 14:42:10.508772+01,gold_establishments_2025,,,,21820130900018,2025,Collectivité Territoriale,Commune,['Tarn-et-Garonne'],['Occitanie'],COM,{82},{76}
241cc273-e1aa-40c2-ae04-f83d5a4730f8,215003476,Commune de Montjoie-Saint-Martin (50),false,{50347},Commune,2026-03-24 14:42:01.412377+01,gold_establishments_2025,,,,21500347600011,2025,Collectivité Territoriale,Commune,['Manche'],['Normandie'],COM,{50},{28}
4b116be3-537e-42c5-95a2-daacca26f661,210902094,Commune de Montjoie-en-Couserans (09),false,{09209},Commune,2026-03-24 14:41:53.095366+01,gold_establishments_2025,,,,21090209400015,2025,Collectivité Territoriale,Commune,['Ariège'],['Occitanie'],COM,{09},{76}
66b27ad7-42ba-42e9-87a3-e5f6c68ad372,212504021,Commune de Montjoie-le-Château (25),false,{25402},Commune,2026-03-24 14:41:56.495197+01,gold_establishments_2025,,,,21250402100016,2025,Collectivité Territoriale,Commune,['Doubs'],['Bourgogne-Franche-Comté'],COM,{25},{27}
46a7df05-4d90-4a71-bd99-cf7aa83c5777,213103831,Commune de Montjoire (31),false,{31383},Commune,2026-03-24 14:41:58.09424+01,gold_establishments_2025,,,,21310383100011,2025,Collectivité Territoriale,Commune,['Haute-Garonne'],['Occitanie'],COM,{31},{76}
321e1471-7ecf-4747-bac8-4cac055d78e1,212602023,Commune de Montjoux (26),false,{26202},Commune,2026-03-24 14:41:56.495197+01,gold_establishments_2025,,,,21260202300013,2025,Collectivité Territoriale,Commune,['Drôme'],['Auvergne-Rhône-Alpes'],COM,{26},{84}
b4d66288-064c-46f0-beb1-79f98e4a6b8f,212602031,Commune de Montjoyer (26),false,{26203},Commune,2026-03-24 14:41:56.495197+01,gold_establishments_2025,,,,21260203100016,2025,Collectivité Territoriale,Commune,['Drôme'],['Auvergne-Rhône-Alpes'],COM,{26},{84}
04d06764-a7a6-4379-b72b-9006a46e0df9,210401295,Commune de Montjustin (04),false,{04129},Commune,2026-03-24 14:41:52.562531+01,gold_establishments_2025,,,,21040129500014,2025,Collectivité Territoriale,Commune,['Alpes-de-Haute-Provence'],"[""Provence-Alpes-Côte d'Azur""]",COM,{04},{93}
e8604b9c-2e69-449d-ae92-d5ebb8a7d78b,217003649,Commune de Montjustin-et-Velotte (70),false,{70364},Commune,2026-03-24 14:42:07.735343+01,gold_establishments_2025,,,,21700364900019,2025,Collectivité Territoriale,Commune,['Haute-Saône'],['Bourgogne-Franche-Comté'],COM,{70},{27}
980b4f3b-ae40-4eb3-99b1-9a0a7d6e1a7c,200062578,Commune de Montlainsia (39),false,{39273},Commune,2026-03-24 14:41:59.705606+01,gold_establishments_2025,,,,20006257800014,2025,Collectivité Territoriale,Commune,['Jura'],['Bourgogne-Franche-Comté'],COM,{39},{27}
987c2b87-6020-4cf0-88c4-e19c590aa9fe,212802656,Commune de Montlandon (28),false,{28265},Commune,2026-03-24 14:41:57.028721+01,gold_establishments_2025,,,,21280265600018,2025,Collectivité Territoriale,Commune,['Eure-et-Loir'],['Centre-Val de Loire'],COM,{28},{24}
9b3bc5e6-b6b0-4a91-b1bc-f2cec3f53832,211201546,Commune de Montlaur (12),false,{12154},Commune,2026-03-24 14:41:53.63825+01,gold_establishments_2025,,,,21120154600010,2025,Collectivité Territoriale,Commune,['Aveyron'],['Occitanie'],COM,{12},{76}
6ead314e-165b-4062-a2a5-99bb31089b78,213103849,Commune de Montlaur (31),false,{31384},Commune,2026-03-24 14:41:58.09424+01,gold_establishments_2025,,,,21310384900013,2025,Collectivité Territoriale,Commune,['Haute-Garonne'],['Occitanie'],COM,{31},{76}
a1f48688-0af8-4c47-ba5c-6786a41ac4ed,212602049,Commune de Montlaur-en-Diois (26),false,{26204},Commune,2026-03-24 14:41:56.495197+01,gold_establishments_2025,,,,21260204900018,2025,Collectivité Territoriale,Commune,['Drôme'],['Auvergne-Rhône-Alpes'],COM,{26},{84}
74ddd343-6179-42d2-949f-d0d73b4a8171,210401303,Commune de Montlaux (04),false,{04130},Commune,2026-03-24 14:41:52.562531+01,gold_establishments_2025,,,,21040130300016,2025,Collectivité Territoriale,Commune,['Alpes-de-Haute-Provence'],"[""Provence-Alpes-Côte d'Azur""]",COM,{04},{93}
0d3df959-6f85-42a4-bc8d-45d64ee21cd7,214602062,Commune de Montlauzun (46),false,{46206},Commune,2026-03-24 14:42:00.862623+01,gold_establishments_2025,,,,21460206200017,2025,Collectivité Territoriale,Commune,['Lot'],['Occitanie'],COM,{46},{76}
39f631dc-9856-4994-8a59-9b49761d96dd,212104343,Commune de Montlay-en-Auxois (21),false,{21434},Commune,2026-03-24 14:41:55.433389+01,gold_establishments_2025,,,,21210434300018,2025,Collectivité Territoriale,Commune,"[""Côte-d'Or""]",['Bourgogne-Franche-Comté'],COM,{21},{27}
aa3be266-218e-44f7-9a35-c43f4532e570,212504039,Commune de Montlebon (25),false,{25403},Commune,2026-03-24 14:41:56.495197+01,gold_establishments_2025,,,,21250403900018,2025,Collectivité Territoriale,Commune,['Doubs'],['Bourgogne-Franche-Comté'],COM,{25},{27}
64482e82-a0ac-4a66-9f3a-02563cfec0a7,213601305,Commune de Montlevicq (36),false,{36130},Commune,2026-03-24 14:41:59.160244+01,gold_establishments_2025,,,,21360130500013,2025,Collectivité Territoriale,Commune,['Indre'],['Centre-Val de Loire'],COM,{36},{24}
9ec5a00a-b091-4922-aa9b-72138d476e8f,210204954,Commune de Montlevon (02),false,{02518},Commune,2026-03-24 14:41:52.020251+01,gold_establishments_2025,,,,21020495400015,2025,Collectivité Territoriale,Commune,['Aisne'],['Hauts-de-France'],COM,{02},{32}
88b6562c-9345-4d24-b20f-675d7feb25ec,219104254,Commune de Montlhéry (91),false,{91425},Commune,2026-03-24 14:42:11.659493+01,gold_establishments_2025,,,,21910425400061,2025,Collectivité Territoriale,Commune,['Essonne'],['Île-de-France'],COM,{91},{11}
2de2d96a-9465-422a-84e3-edae098d7608,214502155,Commune de Montliard (45),false,{45215},Commune,2026-03-24 14:42:00.862623+01,gold_establishments_2025,,,,21450215500010,2025,Collectivité Territoriale,Commune,['Loiret'],['Centre-Val de Loire'],COM,{45},{24}
c6fe3277-6b0a-41f3-8914-bbd1d4cf5551,211702436,Commune de Montlieu-la-Garde (17),false,{17243},Commune,2026-03-24 14:41:54.903238+01,gold_establishments_2025,,,,21170243600018,2025,Collectivité Territoriale,Commune,['Charente-Maritime'],['Nouvelle-Aquitaine'],COM,{17},{75}
23e5c5f5-c8d0-4cb9-9b5d-bd56b9e914ba,219504263,Commune de Montlignon (95),false,{95426},Commune,2026-03-24 14:42:11.659493+01,gold_establishments_2025,,,,21950426300019,2025,Collectivité Territoriale,Commune,"[""Val-d'Oise""]",['Île-de-France'],COM,{95},{11}
8500fb06-2198-4a5c-8036-8761511f43f7,212104350,Commune de Montliot-et-Courcelles (21),false,{21435},Commune,2026-03-24 14:41:55.433389+01,gold_establishments_2025,,,,21210435000013,2025,Collectivité Territoriale,Commune,"[""Côte-d'Or""]",['Bourgogne-Franche-Comté'],COM,{21},{27}
785fb0c9-1ae0-4621-b365-016b040868a3,214101487,Commune de Montlivault (41),false,{41148},Commune,2026-03-24 14:42:00.273698+01,gold_establishments_2025,,,,21410148700012,2025,Collectivité Territoriale,Commune,['Loir-et-Cher'],['Centre-Val de Loire'],COM,{41},{24}
8b9d0df7-6f84-408d-9b24-10db00e16308,216004176,Commune de Montlognon (60),false,{60422},Commune,2026-03-24 14:42:04.814328+01,gold_establishments_2025,,,,21600417600014,2025,Collectivité Territoriale,Commune,['Oise'],['Hauts-de-France'],COM,{60},{32}
a3773d9d-b8bf-40c3-9c19-15c03aea1c22,211801527,Commune de Montlouis (18),false,{18152},Commune,2026-03-24 14:41:54.903238+01,gold_establishments_2025,,,,21180152700014,2025,Collectivité Territoriale,Commune,['Cher'],['Centre-Val de Loire'],COM,{18},{24}
6611eccd-ab81-4ca8-8e80-854d55269984,213701568,Commune de Montlouis-sur-Loire (37),false,{37156},Commune,2026-03-24 14:41:59.160244+01,gold_establishments_2025,,,,21370156800015,2025,Collectivité Territoriale,Commune,['Indre-et-Loire'],['Centre-Val de Loire'],COM,{37},{24}
a5981101-a15b-4103-ba2c-4d1e6d73a16d,210204962,Commune de Montloué (02),false,{02519},Commune,2026-03-24 14:41:52.020251+01,gold_establishments_2025,,,,21020496200018,2025,Collectivité Territoriale,Commune,['Aisne'],['Hauts-de-France'],COM,{02},{32}
0db22bed-75d3-4a52-8894-0e04aa485930,210102620,Commune de Montluel (01),false,{01262},Commune,2026-03-24 14:41:51.447482+01,gold_establishments_2025,,,,21010262000106,2025,Collectivité Territoriale,Commune,['Ain'],['Auvergne-Rhône-Alpes'],COM,{01},{84}
f7c33da1-c393-459f-8e02-e9067604c1fe,210301859,Commune de Montluçon (03),false,{03185},Commune,2026-03-24 14:41:52.020251+01,gold_establishments_2025,,,,21030185900018,2025,Collectivité Territoriale,Commune,['Allier'],['Auvergne-Rhône-Alpes'],COM,{03},{84}
9f766f67-2f0c-4938-8d70-4832c8cde604,217703131,Commune de Montmachoux (77),false,{77313},Commune,2026-03-24 14:42:09.43682+01,gold_establishments_2025,,,,21770313100011,2025,Collectivité Territoriale,Commune,['Seine-et-Marne'],['Île-de-France'],COM,{77},{11}
4e3d268a-0017-482f-b8ad-46e5ae40c0ff,216004184,Commune de Montmacq (60),false,{60423},Commune,2026-03-24 14:42:04.814328+01,gold_establishments_2025,,,,21600418400018,2025,Collectivité Territoriale,Commune,['Oise'],['Hauts-de-France'],COM,{60},{32}
7e236074-b2a9-4774-871d-2513a9864158,219504271,Commune de Montmagny (95),false,{95427},Commune,2026-03-24 14:42:11.659493+01,gold_establishments_2025,,,,21950427100012,2025,Collectivité Territoriale,Commune,"[""Val-d'Oise""]",['Île-de-France'],COM,{95},{11}
954774ad-4997-4878-8e96-740d03c7be44,212504047,Commune de Montmahoux (25),false,{25404},Commune,2026-03-24 14:41:56.495197+01,gold_establishments_2025,,,,21250404700011,2025,Collectivité Territoriale,Commune,['Doubs'],['Bourgogne-Franche-Comté'],COM,{25},{27}
1f8546be-4743-4c44-9a84-c3d1b6be3682,212104368,Commune de Montmain (21),false,{21436},Commune,2026-03-24 14:41:55.433389+01,gold_establishments_2025,,,,21210436800015,2025,Collectivité Territoriale,Commune,"[""Côte-d'Or""]",['Bourgogne-Franche-Comté'],COM,{21},{27}
24352982-2083-45a2-a88e-4699007e6d1f,217604487,Commune de Montmain (76),false,{76448},Commune,2026-03-24 14:42:08.818969+01,gold_establishments_2025,,,,21760448700017,2025,Collectivité Territoriale,Commune,['Seine-Maritime'],['Normandie'],COM,{76},{28}
75ff1903-2948-4a8f-9c0f-bc67f41b8a2d,212104376,Commune de Montmançon (21),false,{21437},Commune,2026-03-24 14:41:55.433389+01,gold_establishments_2025,,,,21210437600018,2025,Collectivité Territoriale,Commune,"[""Côte-d'Or""]",['Bourgogne-Franche-Comté'],COM,{21},{27}
2452bbd9-c685-4479-86fd-3ecc19d1ed51,210301867,Commune de Montmarault (03),false,{03186},Commune,2026-03-24 14:41:52.020251+01,gold_establishments_2025,,,,21030186700011,2025,Collectivité Territoriale,Commune,['Allier'],['Auvergne-Rhône-Alpes'],COM,{03},{84}
f3eba3de-d4f6-458d-b924-e61d2c29dee2,213903594,Commune de Montmarlon (39),false,{39359},Commune,2026-03-24 14:41:59.705606+01,gold_establishments_2025,,,,21390359400017,2025,Collectivité Territoriale,Commune,['Jura'],['Bourgogne-Franche-Comté'],COM,{39},{27}
69351f3e-0e97-4642-a179-f315da1f1762,216004192,Commune de Montmartin (60),false,{60424},Commune,2026-03-24 14:42:04.814328+01,gold_establishments_2025,,,,21600419200011,2025,Collectivité Territoriale,Commune,['Oise'],['Hauts-de-France'],COM,{60},{32}
51b48cc4-3e62-4637-a945-ba455a769958,211002449,Commune de Montmartin-le-Haut (10),false,{10252},Commune,2026-03-24 14:41:53.095366+01,gold_establishments_2025,,,,21100244900018,2025,Collectivité Territoriale,Commune,['Aube'],['Grand Est'],COM,{10},{44}
9adafb7b-1032-449f-8374-7d69fa9443d2,215003492,Commune de Montmartin-sur-Mer (50),false,{50349},Commune,2026-03-24 14:42:01.412377+01,gold_establishments_2025,,,,21500349200018,2025,Collectivité Territoriale,Commune,['Manche'],['Normandie'],COM,{50},{28}
f614f8aa-a97f-45f2-91d9-b638f605ee1b,210500872,Commune de Montmaur (05),false,{05087},Commune,2026-03-24 14:41:52.562531+01,gold_establishments_2025,,,,21050087200010,2025,Collectivité Territoriale,Commune,['Hautes-Alpes'],"[""Provence-Alpes-Côte d'Azur""]",COM,{05},{93}
060f7d90-e80f-4a7a-8a86-a1d27b53e133,211102520,Commune de Montmaur (11),false,{11252},Commune,2026-03-24 14:41:53.63825+01,gold_establishments_2025,,,,21110252000015,2025,Collectivité Territoriale,Commune,['Aude'],['Occitanie'],COM,{11},{76}
73098a19-7930-413f-88e8-0ff3bf80ffee,212602056,Commune de Montmaur-en-Diois (26),false,{26205},Commune,2026-03-24 14:41:56.495197+01,gold_establishments_2025,,,,21260205600013,2025,Collectivité Territoriale,Commune,['Drôme'],['Auvergne-Rhône-Alpes'],COM,{26},{84}
3a7ce85a-bd31-414c-b037-ccea8e5fa995,213103856,Commune de Montmaurin (31),false,{31385},Commune,2026-03-24 14:41:58.09424+01,gold_establishments_2025,,,,21310385600018,2025,Collectivité Territoriale,Commune,['Haute-Garonne'],['Occitanie'],COM,{31},{76}
e88ddca6-214f-4961-af8b-0674703ae3a4,210802740,Commune de Montmeillant (08),false,{08307},Commune,2026-03-24 14:41:53.095366+01,gold_establishments_2025,,,,21080274000014,2025,Collectivité Territoriale,Commune,['Ardennes'],['Grand Est'],COM,{08},{44}
63281962-e9fe-48bb-bdb7-4cb0fcc2b600,217103167,Commune de Montmelard (71),false,{71316},Commune,2026-03-24 14:42:07.735343+01,gold_establishments_2025,,,,21710316700011,2025,Collectivité Territoriale,Commune,['Saône-et-Loire'],['Bourgogne-Franche-Comté'],COM,{71},{27}
14ec0bb6-ab5e-44a0-9177-11ee793d356a,216901371,Commune de Montmelas-Saint-Sorlin (69),false,{69137},Commune,2026-03-24 14:42:07.195692+01,gold_establishments_2025,,,,21690137100015,2025,Collectivité Territoriale,Commune,['Rhône'],['Auvergne-Rhône-Alpes'],COM,{69},{84}
1abe50c4-501c-4902-895a-b845562de142,210102638,Commune de Montmerle-sur-Saône (01),false,{01263},Commune,2026-03-24 14:41:51.447482+01,gold_establishments_2025,,,,21010263800017,2025,Collectivité Territoriale,Commune,['Ain'],['Auvergne-Rhône-Alpes'],COM,{01},{84}
360e6ab3-af66-4674-89a3-8a98f23deafe,216102889,Commune de Montmerrei (61),false,{61288},Commune,2026-03-24 14:42:05.597325+01,gold_establishments_2025,,,,21610288900013,2025,Collectivité Territoriale,Commune,['Orne'],['Normandie'],COM,{61},{28}
88062cca-997e-4215-a61f-3f8103343e86,218300846,Commune de Montmeyan (83),false,{83084},Commune,2026-03-24 14:42:10.508772+01,gold_establishments_2025,,,,21830084600019,2025,Collectivité Territoriale,Commune,['Var'],"[""Provence-Alpes-Côte d'Azur""]",COM,{83},{93}
9d76319d-5151-413c-b094-5362dd0f0323,212602064,Commune de Montmeyran (26),false,{26206},Commune,2026-03-24 14:41:56.495197+01,gold_establishments_2025,,,,21260206400017,2025,Collectivité Territoriale,Commune,['Drôme'],['Auvergne-Rhône-Alpes'],COM,{26},{84}
7cb02b3d-42e4-4c41-93ac-d5f1d17fe0f7,215103557,Commune de Montmirail (51),false,{51380},Commune,2026-03-24 14:42:01.954481+01,gold_establishments_2025,,,,21510355700017,2025,Collectivité Territoriale,Commune,['Marne'],['Grand Est'],COM,{51},{44}
011c962b-fb0b-4a8e-b5eb-06c8f5be7e48,217202084,Commune de Montmirail (72),false,{72208},Commune,2026-03-24 14:42:08.279287+01,gold_establishments_2025,,,,21720208400018,2025,Collectivité Territoriale,Commune,['Sarthe'],['Pays de la Loire'],COM,{72},{52}
1cecefc9-7cc2-4896-a3b5-ad6f65de8f14,212602072,Commune de Montmiral (26),false,{26207},Commune,2026-03-24 14:41:56.495197+01,gold_establishments_2025,,,,21260207200010,2025,Collectivité Territoriale,Commune,['Drôme'],['Auvergne-Rhône-Alpes'],COM,{26},{84}
03b84308-9c5f-4a0c-8443-0245eaab2db4,213001811,Commune de Montmirat (30),false,{30181},Commune,2026-03-24 14:41:57.56054+01,gold_establishments_2025,,,,21300181100016,2025,Collectivité Territoriale,Commune,['Gard'],['Occitanie'],COM,{30},{76}
e5dd3a47-31a0-4b46-afc9-065e8b337766,213903602,Commune de Montmirey-la-Ville (39),false,{39360},Commune,2026-03-24 14:41:59.705606+01,gold_establishments_2025,,,,21390360200018,2025,Collectivité Territoriale,Commune,['Jura'],['Bourgogne-Franche-Comté'],COM,{39},{27}
fd2b1a96-7f46-4b59-9f65-fdf3ca772561,213903610,Commune de Montmirey-le-Château (39),false,{39361},Commune,2026-03-24 14:41:59.705606+01,gold_establishments_2025,,,,21390361000011,2025,Collectivité Territoriale,Commune,['Jura'],['Bourgogne-Franche-Comté'],COM,{39},{27}
c9d37dd2-cd95-4cd8-b77a-d894ede4a77e,200063105,Commune de Montmoreau (16),false,{16230},Commune,2026-03-24 14:41:54.362296+01,gold_establishments_2025,,,,20006310500015,2025,Collectivité Territoriale,Commune,['Charente'],['Nouvelle-Aquitaine'],COM,{16},{75}
c47d9cc5-377d-441b-b703-1b7059e4d04e,219504289,Commune de Montmorency (95),false,{95428},Commune,2026-03-24 14:42:11.659493+01,gold_establishments_2025,,,,21950428900014,2025,Collectivité Territoriale,Commune,"[""Val-d'Oise""]",['Île-de-France'],COM,{95},{11}
6731a814-be15-4c2a-bae0-e87f5a3d4a9d,211002456,Commune de Montmorency-Beaufort (10),false,{10253},Commune,2026-03-24 14:41:53.095366+01,gold_establishments_2025,,,,21100245600013,2025,Collectivité Territoriale,Commune,['Aube'],['Grand Est'],COM,{10},{44}
23352073-aac6-4396-b232-8e78c00cd11a,218601656,Commune de Montmorillon (86),false,{86165},Commune,2026-03-24 14:42:10.508772+01,gold_establishments_2025,,,,21860165600018,2025,Collectivité Territoriale,Commune,['Vienne'],['Nouvelle-Aquitaine'],COM,{86},{75}
30b3151c-1ffe-4708-81ef-b00b0f846f4e,216302398,Commune de Montmorin (63),false,{63239},Commune,2026-03-24 14:42:06.130387+01,gold_establishments_2025,,,,21630239800013,2025,Collectivité Territoriale,Commune,['Puy-de-Dôme'],['Auvergne-Rhône-Alpes'],COM,{63},{84}
4bf2c9c8-0e3e-40c1-ac53-4093f182dfed,213903628,Commune de Montmorot (39),false,{39362},Commune,2026-03-24 14:41:59.705606+01,gold_establishments_2025,,,,21390362800013,2025,Collectivité Territoriale,Commune,['Jura'],['Bourgogne-Franche-Comté'],COM,{39},{27}
dcc92a8f-630e-416f-9b70-47db1e31c4d7,217103175,Commune de Montmort (71),false,{71317},Commune,2026-03-24 14:42:07.735343+01,gold_establishments_2025,,,,21710317500014,2025,Collectivité Territoriale,Commune,['Saône-et-Loire'],['Bourgogne-Franche-Comté'],COM,{71},{27}
28c43668-5f70-42b1-b1f7-145bd3ede9aa,215103565,Commune de Montmort-Lucy (51),false,{51381},Commune,2026-03-24 14:42:01.954481+01,gold_establishments_2025,,,,21510356500010,2025,Collectivité Territoriale,Commune,['Marne'],['Grand Est'],COM,{51},{44}
e11c1e10-4db9-4f34-a36c-e19903823652,218803112,Commune de Montmotier (88),false,{88311},Commune,2026-03-24 14:42:11.118516+01,gold_establishments_2025,,,,21880311200018,2025,Collectivité Territoriale,Commune,['Vosges'],['Grand Est'],COM,{88},{44}
4ffde610-3a42-463d-a9a3-e2fae671169c,212104384,Commune de Montmoyen (21),false,{21438},Commune,2026-03-24 14:41:55.433389+01,gold_establishments_2025,,,,21210438400012,2025,Collectivité Territoriale,Commune,"[""Côte-d'Or""]",['Bourgogne-Franche-Comté'],COM,{21},{27}
3b923416-1c73-4fdb-9fa8-91177aa255b7,211501333,Commune de Montmurat (15),false,{15133},Commune,2026-03-24 14:41:54.362296+01,gold_establishments_2025,,,,21150133300010,2025,Collectivité Territoriale,Commune,['Cantal'],['Auvergne-Rhône-Alpes'],COM,{15},{84}
0cd5fe43-d69b-4e26-8d8a-69d0ec63d899,215503517,Commune de Montmédy (55),false,{55351},Commune,2026-03-24 14:42:03.701372+01,gold_establishments_2025,,,,21550351700017,2025,Collectivité Territoriale,Commune,['Meuse'],['Grand Est'],COM,{55},{44}
4d29f2ef-8ac3-4c6b-ad19-fcdcea21c077,217301712,Commune de Montmélian (73),false,{73171},Commune,2026-03-24 14:42:08.279287+01,gold_establishments_2025,,,,21730171200113,2025,Collectivité Territoriale,Commune,['Savoie'],['Auvergne-Rhône-Alpes'],COM,{73},{84}
a24d9d05-65ac-4189-bd78-ffc1f1909673,200058212,Commune de Montmérac (16),false,{16224},Commune,2026-03-24 14:41:54.362296+01,gold_establishments_2025,,,,20005821200016,2025,Collectivité Territoriale,Commune,['Charente'],['Nouvelle-Aquitaine'],COM,{16},{75}
996dc4a6-0f88-4527-90ea-1c8f7aa38aee,216601187,Commune de Montner (66),false,{66118},Commune,2026-03-24 14:42:06.665412+01,gold_establishments_2025,,,,21660118700018,2025,Collectivité Territoriale,Commune,['Pyrénées-Orientales'],['Occitanie'],COM,{66},{76}
8ea3cfd9-a08f-4567-b6c0-40e00d1672ff,212104392,Commune de Montoillot (21),false,{21439},Commune,2026-03-24 14:41:55.433389+01,gold_establishments_2025,,,,21210439200015,2025,Collectivité Territoriale,Commune,"[""Côte-d'Or""]",['Bourgogne-Franche-Comté'],COM,{21},{27}
a91bd838-d1f6-4c69-8540-29475520b7f4,214401036,Commune de Montoir-de-Bretagne (44),false,{44103},Commune,2026-03-24 14:42:00.273698+01,gold_establishments_2025,,,,21440103600121,2025,Collectivité Territoriale,Commune,['Loire-Atlantique'],['Pays de la Loire'],COM,{44},{52}
763b126c-ff9c-4ea6-a288-def975c5d181,214101495,Commune de Montoire-sur-le-Loir (41),false,{41149},Commune,2026-03-24 14:42:00.273698+01,gold_establishments_2025,,,,21410149500015,2025,Collectivité Territoriale,Commune,['Loir-et-Cher'],['Centre-Val de Loire'],COM,{41},{24}
2a1fab4c-f152-4449-ab4d-f24e4a020c56,215704818,Commune de Montois-la-Montagne (57),false,{57481},Commune,2026-03-24 14:42:03.701372+01,gold_establishments_2025,,,,21570481800016,2025,Collectivité Territoriale,Commune,['Moselle'],['Grand Est'],COM,{57},{44}
3610f440-1329-4814-b1b9-252021a2185d,212602080,Commune de Montoison (26),false,{26208},Commune,2026-03-24 14:41:56.495197+01,gold_establishments_2025,,,,21260208000013,2025,Collectivité Territoriale,Commune,['Drôme'],['Auvergne-Rhône-Alpes'],COM,{26},{84}
65c5fd47-4aa5-46d2-8abc-6bd615d95788,210301875,Commune de Montoldre (03),false,{03187},Commune,2026-03-24 14:41:52.020251+01,gold_establishments_2025,,,,21030187500014,2025,Collectivité Territoriale,Commune,['Allier'],['Auvergne-Rhône-Alpes'],COM,{03},{84}
20b74773-ce81-4516-b5be-e8ecc3fae970,211102538,Commune de Montolieu (11),false,{11253},Commune,2026-03-24 14:41:53.63825+01,gold_establishments_2025,,,,21110253800017,2025,Collectivité Territoriale,Commune,['Aude'],['Occitanie'],COM,{11},{76}
c0b4da4d-3bfc-4239-a37b-1ec032b19bcc,217703149,Commune de Montolivet (77),false,{77314},Commune,2026-03-24 14:42:09.43682+01,gold_establishments_2025,,,,21770314900013,2025,Collectivité Territoriale,Commune,['Seine-et-Marne'],['Île-de-France'],COM,{77},{11}
0e983efa-994c-451a-b632-0ea31326272a,218005346,Commune de Montonvillers (80),false,{80565},Commune,2026-03-24 14:42:09.967209+01,gold_establishments_2025,,,,21800534600018,2025,Collectivité Territoriale,Commune,['Somme'],['Hauts-de-France'],COM,{80},{32}
bad25f46-bcdf-4c09-9281-1131e3204f41,210301883,Commune de Montord (03),false,{03188},Commune,2026-03-24 14:41:52.020251+01,gold_establishments_2025,,,,21030188300018,2025,Collectivité Territoriale,Commune,['Allier'],['Auvergne-Rhône-Alpes'],COM,{03},{84}
67dcfb27-2318-41ae-98e2-4c89905b1efd,216404046,Commune de Montory (64),false,{64404},Commune,2026-03-24 14:42:06.665412+01,gold_establishments_2025,,,,21640404600015,2025,Collectivité Territoriale,Commune,['Pyrénées-Atlantiques'],['Nouvelle-Aquitaine'],COM,{64},{75}
9801b958-6da2-40a9-a757-38e45b061a2b,212104400,Commune de Montot (21),false,{21440},Commune,2026-03-24 14:41:55.433389+01,gold_establishments_2025,,,,21210440000016,2025,Collectivité Territoriale,Commune,"[""Côte-d'Or""]",['Bourgogne-Franche-Comté'],COM,{21},{27}
3f29376c-cb38-49aa-8d3e-08bf613d5487,217003680,Commune de Montot (70),false,{70368},Commune,2026-03-24 14:42:07.735343+01,gold_establishments_2025,,,,21700368000014,2025,Collectivité Territoriale,Commune,['Haute-Saône'],['Bourgogne-Franche-Comté'],COM,{70},{27}
3dc4d23a-f239-44c2-9ebf-525986b478b9,215203977,Commune de Montot-sur-Rognon (52),false,{52335},Commune,2026-03-24 14:42:01.954481+01,gold_establishments_2025,,,,21520397700016,2025,Collectivité Territoriale,Commune,['Haute-Marne'],['Grand Est'],COM,{52},{44}
c13530ba-ac7b-401b-b0fa-cdecd8e94565,213401706,Commune de Montouliers (34),false,{34170},Commune,2026-03-24 14:41:58.620411+01,gold_establishments_2025,,,,21340170600014,2025,Collectivité Territoriale,Commune,['Hérault'],['Occitanie'],COM,{34},{76}
db0d8fa8-d243-47dc-910d-7fa9d44be1dd,210902102,Commune de Montoulieu (09),false,{09210},Commune,2026-03-24 14:41:53.095366+01,gold_establishments_2025,,,,21090210200016,2025,Collectivité Territoriale,Commune,['Ariège'],['Occitanie'],COM,{09},{76}
3467ded4-d93e-4e7a-ba81-8a4c99c34143,213401714,Commune de Montoulieu (34),false,{34171},Commune,2026-03-24 14:41:58.620411+01,gold_establishments_2025,,,,21340171400018,2025,Collectivité Territoriale,Commune,['Hérault'],['Occitanie'],COM,{34},{76}
0e553fc7-7764-481f-b8b9-ecbe24a9f04d,213103864,Commune de Montoulieu-Saint-Bernard (31),false,{31386},Commune,2026-03-24 14:41:58.09424+01,gold_establishments_2025,,,,21310386400012,2025,Collectivité Territoriale,Commune,['Haute-Garonne'],['Occitanie'],COM,{31},{76}
0bf657e5-b716-4f06-b004-5e37fde57350,218501476,Commune de Montournais (85),false,{85147},Commune,2026-03-24 14:42:10.508772+01,gold_establishments_2025,,,,21850147600061,2025,Collectivité Territoriale,Commune,['Vendée'],['Pays de la Loire'],COM,{85},{52}
846c700d-cb60-496d-906d-faba3c3dd20e,213103872,Commune de Montoussin (31),false,{31387},Commune,2026-03-24 14:41:58.09424+01,gold_establishments_2025,,,,21310387200015,2025,Collectivité Territoriale,Commune,['Haute-Garonne'],['Occitanie'],COM,{31},{76}
0df8249a-3c0e-4b82-9c16-aa8e85c60370,216503227,Commune de Montoussé (65),false,{65322},Commune,2026-03-24 14:42:06.665412+01,gold_establishments_2025,,,,21650322700011,2025,Collectivité Territoriale,Commune,['Hautes-Pyrénées'],['Occitanie'],COM,{65},{76}
f7ba0468-a209-4f11-a2c8-03799ec50484,213401722,Commune de Montpellier (34),false,{34172},Commune,2026-03-24 14:41:58.620411+01,gold_establishments_2025,,,,21340172201787,2025,Collectivité Territoriale,Commune,['Hérault'],['Occitanie'],COM,{34},{76}
15ada33b-4d8f-475c-a6ee-59e78eb4e66a,211702444,Commune de Montpellier-de-Médillan (17),false,{17244},Commune,2026-03-24 14:41:54.903238+01,gold_establishments_2025,,,,21170244400012,2025,Collectivité Territoriale,Commune,['Charente-Maritime'],['Nouvelle-Aquitaine'],COM,{17},{75}
bfa2f8c0-83da-4b2e-9427-0b47d82ef932,216302406,Commune de Montpensier (63),false,{63240},Commune,2026-03-24 14:42:06.130387+01,gold_establishments_2025,,,,21630240600014,2025,Collectivité Territoriale,Commune,['Puy-de-Dôme'],['Auvergne-Rhône-Alpes'],COM,{63},{84}
8c1bab0b-8c1e-41ec-972f-124a252ebb08,212504054,Commune de Montperreux (25),false,{25405},Commune,2026-03-24 14:41:56.495197+01,gold_establishments_2025,,,,21250405400017,2025,Collectivité Territoriale,Commune,['Doubs'],['Bourgogne-Franche-Comté'],COM,{25},{27}
709b8859-828c-45d3-86ea-abd6a3ca818a,211201561,Commune de Montpeyroux (12),false,{12156},Commune,2026-03-24 14:41:53.63825+01,gold_establishments_2025,,,,21120156100019,2025,Collectivité Territoriale,Commune,['Aveyron'],['Occitanie'],COM,{12},{76}
7f83c435-f16f-4556-b83c-ae7ddd978632,212402929,Commune de Montpeyroux (24),false,{24292},Commune,2026-03-24 14:41:55.958138+01,gold_establishments_2025,,,,21240292900013,2025,Collectivité Territoriale,Commune,['Dordogne'],['Nouvelle-Aquitaine'],COM,{24},{75}
b606dc76-5c48-48fb-84fa-894e1113dc7c,213401730,Commune de Montpeyroux (34),false,{34173},Commune,2026-03-24 14:41:58.620411+01,gold_establishments_2025,,,,21340173000014,2025,Collectivité Territoriale,Commune,['Hérault'],['Occitanie'],COM,{34},{76}
58b4d303-de0e-433f-8688-9f34db80e039,216302414,Commune de Montpeyroux (63),false,{63241},Commune,2026-03-24 14:42:06.130387+01,gold_establishments_2025,,,,21630241400018,2025,Collectivité Territoriale,Commune,['Puy-de-Dôme'],['Auvergne-Rhône-Alpes'],COM,{63},{84}
22f5b81d-3926-4df0-92b2-9649c83058f7,213001829,Commune de Montpezat (30),false,{30182},Commune,2026-03-24 14:41:57.56054+01,gold_establishments_2025,,,,21300182900018,2025,Collectivité Territoriale,Commune,['Gard'],['Occitanie'],COM,{30},{76}
00665616-c912-47f1-8945-107ecc249cf5,213202898,Commune de Montpezat (32),false,{32289},Commune,2026-03-24 14:41:58.09424+01,gold_establishments_2025,,,,21320289800010,2025,Collectivité Territoriale,Commune,['Gers'],['Occitanie'],COM,{32},{76}
43f542da-6c71-4bf0-a254-7e2061371a2e,214701906,Commune de Montpezat (47),false,{47190},Commune,2026-03-24 14:42:00.862623+01,gold_establishments_2025,,,,21470190600015,2025,Collectivité Territoriale,Commune,['Lot-et-Garonne'],['Nouvelle-Aquitaine'],COM,{47},{75}
6d2d96ef-c0a3-4269-9ae7-65d83dcce09e,218201317,Commune de Montpezat-de-Quercy (82),false,{82131},Commune,2026-03-24 14:42:10.508772+01,gold_establishments_2025,,,,21820131700011,2025,Collectivité Territoriale,Commune,['Tarn-et-Garonne'],['Occitanie'],COM,{82},{76}
22debbaf-a91e-4ab2-bf11-b23755c90ab1,210701611,Commune de Montpezat-sous-Bauzon (07),false,{07161},Commune,2026-03-24 14:41:52.562531+01,gold_establishments_2025,,,,21070161100019,2025,Collectivité Territoriale,Commune,['Ardèche'],['Auvergne-Rhône-Alpes'],COM,{07},{84}
aedc12eb-e741-45d9-9798-39fcaac2f8fe,215003500,Commune de Montpinchon (50),false,{50350},Commune,2026-03-24 14:42:01.412377+01,gold_establishments_2025,,,,21500350000018,2025,Collectivité Territoriale,Commune,['Manche'],['Normandie'],COM,{50},{28}
a1604083-6595-4130-8220-8b4e457281f1,218101814,Commune de Montpinier (81),false,{81181},Commune,2026-03-24 14:42:09.967209+01,gold_establishments_2025,,,,21810181400018,2025,Collectivité Territoriale,Commune,['Tarn'],['Occitanie'],COM,{81},{76}
69e6896b-5cd1-41b1-a0e4-736ba96582ac,213103880,Commune de Montpitol (31),false,{31388},Commune,2026-03-24 14:41:58.09424+01,gold_establishments_2025,,,,21310388000018,2025,Collectivité Territoriale,Commune,['Haute-Garonne'],['Occitanie'],COM,{31},{76}
58275ff2-ff09-499f-91e0-0996a9e07db1,215503525,Commune de Montplonne (55),false,{55352},Commune,2026-03-24 14:42:03.701372+01,gold_establishments_2025,,,,21550352500010,2025,Collectivité Territoriale,Commune,['Meuse'],['Grand Est'],COM,{55},{44}
80f6d343-2f7b-4e93-bbe0-d62d4175e3ce,212402945,Commune de Montpon-Ménestérol (24),false,{24294},Commune,2026-03-24 14:41:55.958138+01,gold_establishments_2025,,,,21240294500019,2025,Collectivité Territoriale,Commune,['Dordogne'],['Nouvelle-Aquitaine'],COM,{24},{75}
16fbe253-9d33-478b-a0fe-aac33f11fad6,217103183,Commune de Montpont-en-Bresse (71),false,{71318},Commune,2026-03-24 14:42:07.735343+01,gold_establishments_2025,,,,21710318300018,2025,Collectivité Territoriale,Commune,['Saône-et-Loire'],['Bourgogne-Franche-Comté'],COM,{71},{27}
228aeabd-eae6-48d8-9601-26b0d1b10b74,211002464,Commune de Montpothier (10),false,{10254},Commune,2026-03-24 14:41:53.095366+01,gold_establishments_2025,,,,21100246400017,2025,Collectivité Territoriale,Commune,['Aube'],['Grand Est'],COM,{10},{44}
ff919a07-2326-4a96-9fe3-8e08e2b29d6d,214701914,Commune de Montpouillan (47),false,{47191},Commune,2026-03-24 14:42:00.862623+01,gold_establishments_2025,,,,21470191400019,2025,Collectivité Territoriale,Commune,['Lot-et-Garonne'],['Nouvelle-Aquitaine'],COM,{47},{75}
855ed1e3-0a58-400e-8b7c-51f38ba69d50,215003518,Commune de Montrabot (50),false,{50351},Commune,2026-03-24 14:42:01.412377+01,gold_establishments_2025,,,,21500351800010,2025,Collectivité Territoriale,Commune,['Manche'],['Normandie'],COM,{50},{28}
1c273b14-a634-43ad-ba75-5d5e93b1a96b,213103898,Commune de Montrabé (31),false,{31389},Commune,2026-03-24 14:41:58.09424+01,gold_establishments_2025,,,,21310389800010,2025,Collectivité Territoriale,Commune,['Haute-Garonne'],['Occitanie'],COM,{31},{76}
f0dc8a04-edf8-4e73-96bc-362903d39278,210102646,Commune de Montracol (01),false,{01264},Commune,2026-03-24 14:41:51.447482+01,gold_establishments_2025,,,,21010264600010,2025,Collectivité Territoriale,Commune,['Ain'],['Auvergne-Rhône-Alpes'],COM,{01},{84}
3912f17f-ce44-41c0-8420-93f7a7ede6f5,217901834,Commune de Montravers (79),false,{79183},Commune,2026-03-24 14:42:09.43682+01,gold_establishments_2025,,,,21790183400010,2025,Collectivité Territoriale,Commune,['Deux-Sèvres'],['Nouvelle-Aquitaine'],COM,{79},{75}
bf47fc52-ef56-4822-8174-92b1a691c6d3,214602070,Commune de Montredon (46),false,{46207},Commune,2026-03-24 14:42:00.862623+01,gold_establishments_2025,,,,21460207000010,2025,Collectivité Territoriale,Commune,['Lot'],['Occitanie'],COM,{46},{76}
0b5db416-a3ec-401b-a90a-4c50d6ee1bdb,218101822,Commune de Montredon-Labessonnié (81),false,{81182},Commune,2026-03-24 14:42:09.967209+01,gold_establishments_2025,,,,21810182200011,2025,Collectivité Territoriale,Commune,['Tarn'],['Occitanie'],COM,{81},{76}
6bee5a5d-75c3-4cb4-b547-ca8c6750d518,211102553,Commune de Montredon-des-Corbières (11),false,{11255},Commune,2026-03-24 14:41:53.63825+01,gold_establishments_2025,,,,21110255300016,2025,Collectivité Territoriale,Commune,['Aude'],['Occitanie'],COM,{11},{76}
efb45201-2b4f-4105-8ab3-b8e5dadaa59e,214301426,Commune de Montregard (43),false,{43142},Commune,2026-03-24 14:42:00.273698+01,gold_establishments_2025,,,,21430142600018,2025,Collectivité Territoriale,Commune,['Haute-Loire'],['Auvergne-Rhône-Alpes'],COM,{43},{84}
50a50185-1d93-4074-8786-4a27f0c7c491,214401044,Commune de Montrelais (44),false,{44104},Commune,2026-03-24 14:42:00.273698+01,gold_establishments_2025,,,,21440104400018,2025,Collectivité Territoriale,Commune,['Loire-Atlantique'],['Pays de la Loire'],COM,{44},{52}
65e85cc8-80d5-4c3a-9326-8a8ed806ff23,212402952,Commune de Montrem (24),false,{24295},Commune,2026-03-24 14:41:55.958138+01,gold_establishments_2025,,,,21240295200015,2025,Collectivité Territoriale,Commune,['Dordogne'],['Nouvelle-Aquitaine'],COM,{24},{75}
0c0ce228-cbdb-4e68-aae6-d44b9b482715,217103191,Commune de Montret (71),false,{71319},Commune,2026-03-24 14:42:07.735343+01,gold_establishments_2025,,,,21710319100011,2025,Collectivité Territoriale,Commune,['Saône-et-Loire'],['Bourgogne-Franche-Comté'],COM,{71},{27}
21093d8c-8403-48db-9ab0-e107e989407a,212802672,Commune de Montreuil (28),false,{28267},Commune,2026-03-24 14:41:57.028721+01,gold_establishments_2025,,,,21280267200015,2025,Collectivité Territoriale,Commune,['Eure-et-Loir'],['Centre-Val de Loire'],COM,{28},{24}
4e11c941-2703-4638-a8c3-84d799018dd8,218501484,Commune de Montreuil (85),false,{85148},Commune,2026-03-24 14:42:10.508772+01,gold_establishments_2025,,,,21850148400016,2025,Collectivité Territoriale,Commune,['Vendée'],['Pays de la Loire'],COM,{85},{52}
13b931df-0fef-4613-aa35-ebb7e37a1909,219300480,Commune de Montreuil (93),false,{93048},Commune,2026-03-24 14:42:11.659493+01,gold_establishments_2025,,,,21930048000015,2025,Collectivité Territoriale,Commune,['Seine-Saint-Denis'],['Île-de-France'],COM,{93},{11}
b17f8362-f1f6-45f1-827b-06123274b281,214902157,Commune de Montreuil-Bellay (49),false,{49215},Commune,2026-03-24 14:42:01.412377+01,gold_establishments_2025,,,,21490215700012,2025,Collectivité Territoriale,Commune,['Maine-et-Loire'],['Pays de la Loire'],COM,{49},{52}
7b0b678a-b907-45af-88a3-1b1544411d9e,214902140,Commune de Montreuil-Juigné (49),false,{49214},Commune,2026-03-24 14:42:01.412377+01,gold_establishments_2025,,,,21490214000018,2025,Collectivité Territoriale,Commune,['Maine-et-Loire'],['Pays de la Loire'],COM,{49},{52}
9a7b8f93-f71c-4b69-8b4d-ff4f79b5e996,215301607,Commune de Montreuil-Poulay (53),false,{53160},Commune,2026-03-24 14:42:02.957225+01,gold_establishments_2025,,,,21530160700010,2025,Collectivité Territoriale,Commune,['Mayenne'],['Pays de la Loire'],COM,{53},{52}
049a5e73-c5b9-406f-8cf1-5a802ab6eeff,216102905,Commune de Montreuil-au-Houlme (61),false,{61290},Commune,2026-03-24 14:42:05.597325+01,gold_establishments_2025,,,,21610290500017,2025,Collectivité Territoriale,Commune,['Orne'],['Normandie'],COM,{61},{28}
1c4dd441-bfe5-4275-8511-a4de541d310a,210204988,Commune de Montreuil-aux-Lions (02),false,{02521},Commune,2026-03-24 14:41:52.020251+01,gold_establishments_2025,,,,21020498800013,2025,Collectivité Territoriale,Commune,['Aisne'],['Hauts-de-France'],COM,{02},{32}
747c7f26-b713-4b3e-9dc6-df86d1bd4fe6,213501927,Commune de Montreuil-des-Landes (35),false,{35192},Commune,2026-03-24 14:41:58.620411+01,gold_establishments_2025,,,,21350192700015,2025,Collectivité Territoriale,Commune,['Ille-et-Vilaine'],['Bretagne'],COM,{35},{53}
2a974b44-8070-4962-9ffe-109d7e6ffb04,211404488,Commune de Montreuil-en-Auge (14),false,{14448},Commune,2026-03-24 14:41:54.362296+01,gold_establishments_2025,,,,21140448800010,2025,Collectivité Territoriale,Commune,['Calvados'],['Normandie'],COM,{14},{28}
d61cc70d-6ce6-4c47-bd9d-b9457ef3b77c,217604495,Commune de Montreuil-en-Caux (76),false,{76449},Commune,2026-03-24 14:42:08.818969+01,gold_establishments_2025,,,,21760449500010,2025,Collectivité Territoriale,Commune,['Seine-Maritime'],['Normandie'],COM,{76},{28}
f952074b-cf22-4be1-9a06-23f847e76f0a,213701584,Commune de Montreuil-en-Touraine (37),false,{37158},Commune,2026-03-24 14:41:59.160244+01,gold_establishments_2025,,,,21370158400012,2025,Collectivité Territoriale,Commune,['Indre-et-Loire'],['Centre-Val de Loire'],COM,{37},{24}
ce5080f9-d260-4497-bde6-4918877a9505,212704142,Commune de Montreuil-l'Argillé (27),false,{27414},Commune,2026-03-24 14:41:57.028721+01,gold_establishments_2025,,,,21270414200018,2025,Collectivité Territoriale,Commune,['Eure'],['Normandie'],COM,{27},{28}
de814b70-6e0a-497b-b324-252d25909f7c,216102913,Commune de Montreuil-la-Cambe (61),false,{61291},Commune,2026-03-24 14:42:05.597325+01,gold_establishments_2025,,,,21610291300011,2025,Collectivité Territoriale,Commune,['Orne'],['Normandie'],COM,{61},{28}
9ec3e32b-68d1-4616-8f59-934fc7adb1cc,217202092,Commune de Montreuil-le-Chétif (72),false,{72209},Commune,2026-03-24 14:42:08.279287+01,gold_establishments_2025,,,,21720209200011,2025,Collectivité Territoriale,Commune,['Sarthe'],['Pays de la Loire'],COM,{72},{52}
d0f2031f-f25c-40ec-a2b1-c37e0fb5fad5,213501935,Commune de Montreuil-le-Gast (35),false,{35193},Commune,2026-03-24 14:41:58.620411+01,gold_establishments_2025,,,,21350193500018,2025,Collectivité Territoriale,Commune,['Ille-et-Vilaine'],['Bretagne'],COM,{35},{53}
e8df112c-fa50-4a93-935a-1666b5752a3f,217202100,Commune de Montreuil-le-Henri (72),false,{72210},Commune,2026-03-24 14:42:08.279287+01,gold_establishments_2025,,,,21720210000012,2025,Collectivité Territoriale,Commune,['Sarthe'],['Pays de la Loire'],COM,{72},{52}
8eebdf89-0c66-462a-8c4c-57e66df005ca,213501943,Commune de Montreuil-sous-Pérouse (35),false,{35194},Commune,2026-03-24 14:41:58.620411+01,gold_establishments_2025,,,,21350194300129,2025,Collectivité Territoriale,Commune,['Ille-et-Vilaine'],['Bretagne'],COM,{35},{53}
36b4d378-0b74-40df-abaa-f99f9350c0ad,211002472,Commune de Montreuil-sur-Barse (10),false,{10255},Commune,2026-03-24 14:41:53.095366+01,gold_establishments_2025,,,,21100247200010,2025,Collectivité Territoriale,Commune,['Aube'],['Grand Est'],COM,{10},{44}
c4fa7a04-2c13-40be-a70f-f3c865b31d6e,215202417,Commune de Montreuil-sur-Blaise (52),false,{52336},Commune,2026-03-24 14:42:01.954481+01,gold_establishments_2025,,,,21520241700014,2025,Collectivité Territoriale,Commune,['Haute-Marne'],['Grand Est'],COM,{52},{44}
aa542f2e-3b94-42e6-8363-63f8791a28c7,216004200,Commune de Montreuil-sur-Brêche (60),false,{60425},Commune,2026-03-24 14:42:04.814328+01,gold_establishments_2025,,,,21600420000012,2025,Collectivité Territoriale,Commune,['Oise'],['Hauts-de-France'],COM,{60},{32}
df0ccb16-de04-4755-9497-ad0864502d5a,219504297,Commune de Montreuil-sur-Epte (95),false,{95429},Commune,2026-03-24 14:42:11.659493+01,gold_establishments_2025,,,,21950429700017,2025,Collectivité Territoriale,Commune,"[""Val-d'Oise""]",['Île-de-France'],COM,{95},{11}
b4735049-2d68-4a52-bc22-9eab41d98eb5,213501950,Commune de Montreuil-sur-Ille (35),false,{35195},Commune,2026-03-24 14:41:58.620411+01,gold_establishments_2025,,,,21350195000017,2025,Collectivité Territoriale,Commune,['Ille-et-Vilaine'],['Bretagne'],COM,{35},{53}
d1e33b95-8de2-473e-9203-8892b1a2c9c7,214902165,Commune de Montreuil-sur-Loir (49),false,{49216},Commune,2026-03-24 14:42:01.412377+01,gold_establishments_2025,,,,21490216500015,2025,Collectivité Territoriale,Commune,['Maine-et-Loire'],['Pays de la Loire'],COM,{49},{52}
6f14eb19-a915-4359-8821-845f7a3f028c,215003526,Commune de Montreuil-sur-Lozon (50),false,{50352},Commune,2026-03-24 14:42:01.412377+01,gold_establishments_2025,,,,21500352600013,2025,Collectivité Territoriale,Commune,['Manche'],['Normandie'],COM,{50},{28}
c11f02e0-9dac-435e-b72e-709264787fd9,214902173,Commune de Montreuil-sur-Maine (49),false,{49217},Commune,2026-03-24 14:42:01.412377+01,gold_establishments_2025,,,,21490217300019,2025,Collectivité Territoriale,Commune,['Maine-et-Loire'],['Pays de la Loire'],COM,{49},{52}
e7e5359c-29a6-4e1e-8a6d-fa0203602311,216205880,Commune de Montreuil-sur-Mer (62),false,{62588},Commune,2026-03-24 14:42:05.597325+01,gold_establishments_2025,,,,21620588000018,2025,Collectivité Territoriale,Commune,['Pas-de-Calais'],['Hauts-de-France'],COM,{62},{32}
f79b6e1a-36fd-4d6d-b628-b00b831e1fc0,215202425,Commune de Montreuil-sur-Thonnance (52),false,{52337},Commune,2026-03-24 14:42:01.954481+01,gold_establishments_2025,,,,21520242500017,2025,Collectivité Territoriale,Commune,['Haute-Marne'],['Grand Est'],COM,{52},{44}
175e4aee-a64a-4c6f-b154-af0e4a7b9632,216004218,Commune de Montreuil-sur-Thérain (60),false,{60426},Commune,2026-03-24 14:42:04.814328+01,gold_establishments_2025,,,,21600421800014,2025,Collectivité Territoriale,Commune,['Oise'],['Hauts-de-France'],COM,{60},{32}
17b5911f-71eb-4f90-9663-7127c00c3078,215801796,Commune de Montreuillon (58),false,{58179},Commune,2026-03-24 14:42:04.280096+01,gold_establishments_2025,,,,21580179600016,2025,Collectivité Territoriale,Commune,['Nièvre'],['Bourgogne-Franche-Comté'],COM,{58},{27}
fe1b841e-7ab6-44b3-9144-70248659e0e5,215403817,Commune de Montreux (54),false,{54381},Commune,2026-03-24 14:42:02.957225+01,gold_establishments_2025,,,,21540381700012,2025,Collectivité Territoriale,Commune,['Meurthe-et-Moselle'],['Grand Est'],COM,{54},{44}
efacdf98-c94e-4cf8-b234-b69b5eae5604,219000718,Commune de Montreux-Château (90),false,{90071},Commune,2026-03-24 14:42:11.659493+01,gold_establishments_2025,,,,21900071800011,2025,Collectivité Territoriale,Commune,['Territoire de Belfort'],['Bourgogne-Franche-Comté'],COM,{90},{27}
4cc4401c-2e75-4112-bbee-9ae9017f6cfe,216802140,Commune de Montreux-Jeune (68),false,{68214},Commune,2026-03-24 14:42:07.195692+01,gold_establishments_2025,,,,21680214000014,2025,Collectivité Territoriale,Commune,['Haut-Rhin'],['Grand Est'],COM,{68},{44}
24c63ace-04a7-4cea-8b00-e21ec9ff2da1,216802157,Commune de Montreux-Vieux (68),false,{68215},Commune,2026-03-24 14:42:07.195692+01,gold_establishments_2025,,,,21680215700018,2025,Collectivité Territoriale,Commune,['Haut-Rhin'],['Grand Est'],COM,{68},{44}
652f3261-d8ef-4840-9779-81e50f2df579,200054302,Commune de Montrevault-sur-Èvre (49),false,{49218},Commune,2026-03-24 14:42:01.412377+01,gold_establishments_2025,,,,20005430200019,2025,Collectivité Territoriale,Commune,['Maine-et-Loire'],['Pays de la Loire'],COM,{49},{52}
5d99f2df-e105-4c4a-a37a-99eb35913430,213802572,Commune de Montrevel (38),false,{38257},Commune,2026-03-24 14:41:59.160244+01,gold_establishments_2025,,,,21380257200015,2025,Collectivité Territoriale,Commune,['Isère'],['Auvergne-Rhône-Alpes'],COM,{38},{84}
e78398f8-9f6f-428a-94f1-758c9c21f818,213903636,Commune de Montrevel (39),false,{39363},Commune,2026-03-24 14:41:59.705606+01,gold_establishments_2025,,,,21390363600016,2025,Collectivité Territoriale,Commune,['Jura'],['Bourgogne-Franche-Comté'],COM,{39},{27}
40794f73-1b14-4681-8bb9-53556509b557,210102661,Commune de Montrevel-en-Bresse (01),false,{01266},Commune,2026-03-24 14:41:51.447482+01,gold_establishments_2025,,,,21010266100019,2025,Collectivité Territoriale,Commune,['Ain'],['Auvergne-Rhône-Alpes'],COM,{01},{84}
381a8555-530e-4363-9af6-50b26de645a6,200056984,Commune de Montrichard Val de Cher (41),false,{41151},Commune,2026-03-24 14:42:00.273698+01,gold_establishments_2025,,,,20005698400012,2025,Collectivité Territoriale,Commune,['Loir-et-Cher'],['Centre-Val de Loire'],COM,{41},{24}
d720c998-1e70-4236-a440-d96a1c99ee2a,217301738,Commune de Montricher-Albanne (73),false,{73173},Commune,2026-03-24 14:42:08.279287+01,gold_establishments_2025,,,,21730173800019,2025,Collectivité Territoriale,Commune,['Savoie'],['Auvergne-Rhône-Alpes'],COM,{73},{84}
c532568c-2cb8-4bec-ad1c-41ca35baed7c,218201325,Commune de Montricoux (82),false,{82132},Commune,2026-03-24 14:42:10.508772+01,gold_establishments_2025,,,,21820132500014,2025,Collectivité Territoriale,Commune,['Tarn-et-Garonne'],['Occitanie'],COM,{82},{76}
9c39ee05-1df1-48bf-8858-3b7d2d1c3a65,214101529,Commune de Montrieux-en-Sologne (41),false,{41152},Commune,2026-03-24 14:42:00.273698+01,gold_establishments_2025,,,,21410152900011,2025,Collectivité Territoriale,Commune,['Loir-et-Cher'],['Centre-Val de Loire'],COM,{41},{24}
81b0ef5c-f137-4a63-a104-e51ce9b74ea1,217401884,Commune de Montriond (74),false,{74188},Commune,2026-03-24 14:42:08.818969+01,gold_establishments_2025,,,,21740188400010,2025,Collectivité Territoriale,Commune,['Haute-Savoie'],['Auvergne-Rhône-Alpes'],COM,{74},{84}
b3bdca85-34a6-49d4-9fdc-acdbb31a741d,214801037,Commune de Montrodat (48),false,{48103},Commune,2026-03-24 14:42:01.412377+01,gold_establishments_2025,,,,21480103700018,2025,Collectivité Territoriale,Commune,['Lozère'],['Occitanie'],COM,{48},{76}
d43b20b4-8352-4d82-aa00-64e523d99394,218710002,Commune de Montrol-Sénard (87),false,{87100},Commune,2026-03-24 14:42:11.118516+01,gold_establishments_2025,,,,21871000200013,2025,Collectivité Territoriale,Commune,['Haute-Vienne'],['Nouvelle-Aquitaine'],COM,{87},{75}
fb72aec3-b19c-4445-8078-957703089898,211602313,Commune de Montrollet (16),false,{16231},Commune,2026-03-24 14:41:54.362296+01,gold_establishments_2025,,,,21160231300010,2025,Collectivité Territoriale,Commune,['Charente'],['Nouvelle-Aquitaine'],COM,{16},{75}
4d80b1fc-401d-4218-ac15-b760c7380fd5,216901389,Commune de Montromant (69),false,{69138},Commune,2026-03-24 14:42:07.195692+01,gold_establishments_2025,,,,21690138900017,2025,Collectivité Territoriale,Commune,['Rhône'],['Auvergne-Rhône-Alpes'],COM,{69},{84}
b09e7e06-dd3e-4cea-9ad8-9a680c1326d7,210500898,Commune de Montrond (05),false,{05089},Commune,2026-03-24 14:41:52.562531+01,gold_establishments_2025,,,,21050089800015,2025,Collectivité Territoriale,Commune,['Hautes-Alpes'],"[""Provence-Alpes-Côte d'Azur""]",COM,{05},{93}
5d3d8e5d-572d-4a87-a69b-3e6d269e458a,213903644,Commune de Montrond (39),false,{39364},Commune,2026-03-24 14:41:59.705606+01,gold_establishments_2025,,,,21390364400010,2025,Collectivité Territoriale,Commune,['Jura'],['Bourgogne-Franche-Comté'],COM,{39},{27}
e32eab86-37a2-4edc-80c2-9d0a77bc7a34,212504062,Commune de Montrond-le-Château (25),false,{25406},Commune,2026-03-24 14:41:56.495197+01,gold_establishments_2025,,,,21250406200010,2025,Collectivité Territoriale,Commune,['Doubs'],['Bourgogne-Franche-Comté'],COM,{25},{27}
8f16c81a-f1c1-4990-92b5-e29fb44c1f59,214201493,Commune de Montrond-les-Bains (42),false,{42149},Commune,2026-03-24 14:42:00.273698+01,gold_establishments_2025,,,,21420149300019,2025,Collectivité Territoriale,Commune,['Loire'],['Auvergne-Rhône-Alpes'],COM,{42},{84}
40c757ee-3063-451f-ac5c-3ac70d3120c4,218101848,Commune de Montrosier (81),false,{81184},Commune,2026-03-24 14:42:09.967209+01,gold_establishments_2025,,,,21810184800016,2025,Collectivité Territoriale,Commune,['Tarn'],['Occitanie'],COM,{81},{76}
1bf439e7-627d-4da8-9053-53dff5bb3d24,216901397,Commune de Montrottier (69),false,{69139},Commune,2026-03-24 14:42:07.195692+01,gold_establishments_2025,,,,21690139700010,2025,Collectivité Territoriale,Commune,['Rhône'],['Auvergne-Rhône-Alpes'],COM,{69},{84}
00be5b0d-96a7-4ce0-bde8-de8618627b50,217604503,Commune de Montroty (76),false,{76450},Commune,2026-03-24 14:42:08.818969+01,gold_establishments_2025,,,,21760450300011,2025,Collectivité Territoriale,Commune,['Seine-Maritime'],['Normandie'],COM,{76},{28}
5e58a7d1-2533-4437-a644-cec03efbc87e,219200490,Commune de Montrouge (92),false,{92049},Commune,2026-03-24 14:42:11.659493+01,gold_establishments_2025,,,,21920049000015,2025,Collectivité Territoriale,Commune,['Hauts-de-Seine'],['Île-de-France'],COM,{92},{11}
a6a27973-dcef-40aa-a8bf-a03f814960ae,214101537,Commune de Montrouveau (41),false,{41153},Commune,2026-03-24 14:42:00.273698+01,gold_establishments_2025,,,,21410153700014,2025,Collectivité Territoriale,Commune,['Loir-et-Cher'],['Centre-Val de Loire'],COM,{41},{24}
0faa7849-41b8-4b61-80bd-564d6af8f33e,211702451,Commune de Montroy (17),false,{17245},Commune,2026-03-24 14:41:54.903238+01,gold_establishments_2025,,,,21170245100017,2025,Collectivité Territoriale,Commune,['Charente-Maritime'],['Nouvelle-Aquitaine'],COM,{17},{75}
2cd24512-b7a5-437f-936e-341571d29f0e,211201579,Commune de Montrozier (12),false,{12157},Commune,2026-03-24 14:41:53.63825+01,gold_establishments_2025,,,,21120157900011,2025,Collectivité Territoriale,Commune,['Aveyron'],['Occitanie'],COM,{12},{76}
1bdf9fe9-9215-4246-b72d-344041fb57c1,217703156,Commune de Montry (77),false,{77315},Commune,2026-03-24 14:42:09.43682+01,gold_establishments_2025,,,,21770315600018,2025,Collectivité Territoriale,Commune,['Seine-et-Marne'],['Île-de-France'],COM,{77},{11}
57523753-1db4-4433-80cc-4f76722a82cf,210701629,Commune de Montréal (07),false,{07162},Commune,2026-03-24 14:41:52.562531+01,gold_establishments_2025,,,,21070162900011,2025,Collectivité Territoriale,Commune,['Ardèche'],['Auvergne-Rhône-Alpes'],COM,{07},{84}
bbcea985-681f-49b6-8b61-14a7621f52a0,211102546,Commune de Montréal (11),false,{11254},Commune,2026-03-24 14:41:53.63825+01,gold_establishments_2025,,,,21110254600010,2025,Collectivité Territoriale,Commune,['Aude'],['Occitanie'],COM,{11},{76}
4e7dcf3a-a272-4b06-b80a-d32a1f21b92a,213202906,Commune de Montréal (32),false,{32290},Commune,2026-03-24 14:41:58.09424+01,gold_establishments_2025,,,,21320290600011,2025,Collectivité Territoriale,Commune,['Gers'],['Occitanie'],COM,{32},{76}
e44add58-d1af-4370-8ea1-162053896fb5,218902674,Commune de Montréal (89),false,{89267},Commune,2026-03-24 14:42:11.659493+01,gold_establishments_2025,,,,21890267400017,2025,Collectivité Territoriale,Commune,['Yonne'],['Bourgogne-Franche-Comté'],COM,{89},{27}
50bab162-a4b6-49e4-828a-043a4ba11f99,210102653,Commune de Montréal-la-Cluse (01),false,{01265},Commune,2026-03-24 14:41:51.447482+01,gold_establishments_2025,,,,21010265300016,2025,Collectivité Territoriale,Commune,['Ain'],['Auvergne-Rhône-Alpes'],COM,{01},{84}
5fb28ca7-9a23-4cfc-bdef-ea785408d6f7,212602098,Commune de Montréal-les-Sources (26),false,{26209},Commune,2026-03-24 14:41:56.495197+01,gold_establishments_2025,,,,21260209800015,2025,Collectivité Territoriale,Commune,['Drôme'],['Auvergne-Rhône-Alpes'],COM,{26},{84}
24f2cb94-e92e-4109-a565-323b1913a2b6,215904152,Commune de Montrécourt (59),false,{59415},Commune,2026-03-24 14:42:04.280096+01,gold_establishments_2025,,,,21590415200018,2025,Collectivité Territoriale,Commune,['Nord'],['Hauts-de-France'],COM,{59},{32}
6fffdb71-c335-40af-9fde-a2988e5d1ae4,213103906,Commune de Montréjeau (31),false,{31390},Commune,2026-03-24 14:41:58.09424+01,gold_establishments_2025,,,,21310390600011,2025,Collectivité Territoriale,Commune,['Haute-Garonne'],['Occitanie'],COM,{31},{76}
97901d3f-d7c3-4658-887d-811d3bd23eb0,213701576,Commune de Montrésor (37),false,{37157},Commune,2026-03-24 14:41:59.160244+01,gold_establishments_2025,,,,21370157600018,2025,Collectivité Territoriale,Commune,['Indre-et-Loire'],['Centre-Val de Loire'],COM,{37},{24}
c0dbc55f-ea91-4464-b75d-45fda256f104,200058386,Commune de Montréverd (85),false,{85197},Commune,2026-03-24 14:42:10.508772+01,gold_establishments_2025,,,,20005838600018,2025,Collectivité Territoriale,Commune,['Vendée'],['Pays de la Loire'],COM,{85},{52}
a101c022-9599-4b3b-b655-aed83e147974,213701592,Commune de Monts (37),false,{37159},Commune,2026-03-24 14:41:59.160244+01,gold_establishments_2025,,,,21370159200072,2025,Collectivité Territoriale,Commune,['Indre-et-Loire'],['Centre-Val de Loire'],COM,{37},{24}
134bff70-6b4b-4ca3-975f-6e470f5b3f4a,216004226,Commune de Monts (60),false,{60427},Commune,2026-03-24 14:42:04.814328+01,gold_establishments_2025,,,,21600422600017,2025,Collectivité Territoriale,Commune,['Oise'],['Hauts-de-France'],COM,{60},{32}
bd82923b-fc07-48b7-b41d-faf86a6d3931,200085223,Commune de Monts-de-Randon (48),false,{48127},Commune,2026-03-24 14:42:01.412377+01,gold_establishments_2025,,,,20008522300010,2025,Collectivité Territoriale,Commune,['Lozère'],['Occitanie'],COM,{48},{76}
c513948b-da09-48de-9df0-cb7b95a5377b,211404496,Commune de Monts-en-Bessin (14),false,{14449},Commune,2026-03-24 14:41:54.362296+01,gold_establishments_2025,,,,21140449600013,2025,Collectivité Territoriale,Commune,['Calvados'],['Normandie'],COM,{14},{28}
18ce8e2b-2237-4176-8e5b-babdb7fdd733,216205906,Commune de Monts-en-Ternois (62),false,{62590},Commune,2026-03-24 14:42:05.597325+01,gold_establishments_2025,,,,21620590600011,2025,Collectivité Territoriale,Commune,['Pas-de-Calais'],['Hauts-de-France'],COM,{62},{32}
e0cdedcd-eeaf-4bef-b01b-7884540745e2,218601672,Commune de Monts-sur-Guesnes (86),false,{86167},Commune,2026-03-24 14:42:10.508772+01,gold_establishments_2025,,,,21860167200015,2025,Collectivité Territoriale,Commune,['Vienne'],['Nouvelle-Aquitaine'],COM,{86},{75}
39154ed8-0b50-4774-a5e6-36195158c010,200077485,Commune de Monts-sur-Orne (61),false,{61194},Commune,2026-03-24 14:42:05.597325+01,gold_establishments_2025,,,,20007748500015,2025,Collectivité Territoriale,Commune,['Orne'],['Normandie'],COM,{61},{28}
ec55549d-1461-482c-b8aa-81684b7bf3f1,210401329,Commune de Montsalier (04),false,{04132},Commune,2026-03-24 14:41:52.562531+01,gold_establishments_2025,,,,21040132900011,2025,Collectivité Territoriale,Commune,['Alpes-de-Haute-Provence'],"[""Provence-Alpes-Côte d'Azur""]",COM,{04},{93}
f559d290-bf2a-4bf8-a5f3-e48f557ea426,211501341,Commune de Montsalvy (15),false,{15134},Commune,2026-03-24 14:41:54.362296+01,gold_establishments_2025,,,,21150134100013,2025,Collectivité Territoriale,Commune,['Cantal'],['Auvergne-Rhône-Alpes'],COM,{15},{84}
0c243efe-c086-4f74-91ff-15521acce528,211201587,Commune de Montsalès (12),false,{12158},Commune,2026-03-24 14:41:53.63825+01,gold_establishments_2025,,,,21120158700014,2025,Collectivité Territoriale,Commune,['Aveyron'],['Occitanie'],COM,{12},{76}
63f507c9-a128-4627-bcf9-f126bb3b3ed9,217301753,Commune de Montsapey (73),false,{73175},Commune,2026-03-24 14:42:08.279287+01,gold_establishments_2025,,,,21730175300018,2025,Collectivité Territoriale,Commune,['Savoie'],['Auvergne-Rhône-Alpes'],COM,{73},{84}
fc3a9d68-d163-4e5c-82d0-6bc2c1e7a445,215801804,Commune de Montsauche-les-Settons (58),false,{58180},Commune,2026-03-24 14:42:04.280096+01,gold_establishments_2025,,,,21580180400018,2025,Collectivité Territoriale,Commune,['Nièvre'],['Bourgogne-Franche-Comté'],COM,{58},{27}
2c2a30ff-0b11-4fd9-8b31-3a6c5500fa1e,213103914,Commune de Montsaunès (31),false,{31391},Commune,2026-03-24 14:41:58.09424+01,gold_establishments_2025,,,,21310391400015,2025,Collectivité Territoriale,Commune,['Haute-Garonne'],['Occitanie'],COM,{31},{76}
aa31d960-b3c6-4895-a071-f0a00baf2dc2,215503533,Commune de Montsec (55),false,{55353},Commune,2026-03-24 14:42:03.701372+01,gold_establishments_2025,,,,21550353300014,2025,Collectivité Territoriale,Commune,['Meuse'],['Grand Est'],COM,{55},{44}
2fccf196-72e4-455f-8045-41fac65f0ca8,200049781,Commune de Montsecret-Clairefougère (61),false,{61292},Commune,2026-03-24 14:42:05.597325+01,gold_establishments_2025,,,,20004978100012,2025,Collectivité Territoriale,Commune,['Orne'],['Normandie'],COM,{61},{28}
787e0487-964a-4097-9d82-e63c02027b53,210701637,Commune de Montselgues (07),false,{07163},Commune,2026-03-24 14:41:52.562531+01,gold_establishments_2025,,,,21070163700014,2025,Collectivité Territoriale,Commune,['Ardèche'],['Auvergne-Rhône-Alpes'],COM,{07},{84}
321a48b8-1d0d-4c4c-9e79-7f04df9b0c40,200055911,Commune de Montsenelle (50),false,{50273},Commune,2026-03-24 14:42:01.412377+01,gold_establishments_2025,,,,20005591100016,2025,Collectivité Territoriale,Commune,['Manche'],['Normandie'],COM,{50},{28}
9a3cce93-6faf-49ce-80e2-35e551d38610,210902128,Commune de Montseron (09),false,{09212},Commune,2026-03-24 14:41:53.095366+01,gold_establishments_2025,,,,21090212800011,2025,Collectivité Territoriale,Commune,['Ariège'],['Occitanie'],COM,{09},{76}
19d738fa-10a0-4801-b410-3d43161d9e98,213802598,Commune de Montseveroux (38),false,{38259},Commune,2026-03-24 14:41:59.160244+01,gold_establishments_2025,,,,21380259800010,2025,Collectivité Territoriale,Commune,['Isère'],['Auvergne-Rhône-Alpes'],COM,{38},{84}
532437d9-1537-4e90-8d95-d77a626fdd78,219733136,Commune de Montsinéry-Tonnegrande (973),false,{97313},Commune,2026-03-24 14:42:11.659493+01,gold_establishments_2025,,,,21973313600010,2025,Collectivité Territoriale,Commune,['Guyane'],['Guyane'],COM,{973},{03}
ff22924f-3efa-4f95-bd08-67bf7ed5af9c,214902199,Commune de Montsoreau (49),false,{49219},Commune,2026-03-24 14:42:01.412377+01,gold_establishments_2025,,,,21490219900014,2025,Collectivité Territoriale,Commune,['Maine-et-Loire'],['Pays de la Loire'],COM,{49},{52}
fa4a26cc-fe18-4747-b24f-c37187ede188,219504305,Commune de Montsoult (95),false,{95430},Commune,2026-03-24 14:42:11.659493+01,gold_establishments_2025,,,,21950430500018,2025,Collectivité Territoriale,Commune,"[""Val-d'Oise""]",['Île-de-France'],COM,{95},{11}
cdd7d81d-a575-488c-9023-7792730b19ac,214001968,Commune de Montsoué (40),false,{40196},Commune,2026-03-24 14:41:59.705606+01,gold_establishments_2025,,,,21400196800012,2025,Collectivité Territoriale,Commune,['Landes'],['Nouvelle-Aquitaine'],COM,{40},{75}
88b8c760-a755-4434-ba17-8376832fd11f,211002480,Commune de Montsuzain (10),false,{10256},Commune,2026-03-24 14:41:53.095366+01,gold_establishments_2025,,,,21100248000013,2025,Collectivité Territoriale,Commune,['Aube'],['Grand Est'],COM,{10},{44}
d8d023d2-fcb9-46ea-8ef0-990e6b737826,210902110,Commune de Montségur (09),false,{09211},Commune,2026-03-24 14:41:53.095366+01,gold_establishments_2025,,,,21090211000019,2025,Collectivité Territoriale,Commune,['Ariège'],['Occitanie'],COM,{09},{76}
5729e71b-5aae-434e-939f-38b9db515863,212602114,Commune de Montségur-sur-Lauzon (26),false,{26211},Commune,2026-03-24 14:41:56.495197+01,gold_establishments_2025,,,,21260211400010,2025,Collectivité Territoriale,Commune,['Drôme'],['Auvergne-Rhône-Alpes'],COM,{26},{84}
03a46bc1-3ba7-4080-9e0d-ced8b4f5b1cd,211102561,Commune de Montséret (11),false,{11256},Commune,2026-03-24 14:41:53.63825+01,gold_establishments_2025,,,,21110256100019,2025,Collectivité Territoriale,Commune,['Aude'],['Occitanie'],COM,{11},{76}
f911d14f-ca71-4d35-9823-5ee5c4f89dfb,216503235,Commune de Montsérié (65),false,{65323},Commune,2026-03-24 14:42:06.665412+01,gold_establishments_2025,,,,21650323500014,2025,Collectivité Territoriale,Commune,['Hautes-Pyrénées'],['Occitanie'],COM,{65},{76}
e0f838da-d964-49fd-8ed3-1aebc7917172,200086106,Commune de Montsûrs (53),false,{53161},Commune,2026-03-24 14:42:02.957225+01,gold_establishments_2025,,,,20008610600016,2025,Collectivité Territoriale,Commune,['Mayenne'],['Pays de la Loire'],COM,{53},{52}
4087f4ad-7b16-460a-a9cc-4f392eb0dac4,217003714,Commune de Montureux-et-Prantigny (70),false,{70371},Commune,2026-03-24 14:42:07.735343+01,gold_establishments_2025,,,,21700371400011,2025,Collectivité Territoriale,Commune,['Haute-Saône'],['Bourgogne-Franche-Comté'],COM,{70},{27}
ff0c4301-922d-4388-b26d-f24901eff0c8,217003722,Commune de Montureux-lès-Baulay (70),false,{70372},Commune,2026-03-24 14:42:07.735343+01,gold_establishments_2025,,,,21700372200014,2025,Collectivité Territoriale,Commune,['Haute-Saône'],['Bourgogne-Franche-Comté'],COM,{70},{27}
578cfcaf-dd34-4da1-9fe0-9d74645ab14c,214301434,Commune de Montusclat (43),false,{43143},Commune,2026-03-24 14:42:00.273698+01,gold_establishments_2025,,,,21430143400012,2025,Collectivité Territoriale,Commune,['Haute-Loire'],['Auvergne-Rhône-Alpes'],COM,{43},{84}
1c5b530f-7c61-4328-a7cc-5b320e19b197,212504088,Commune de Montussaint (25),false,{25408},Commune,2026-03-24 14:41:56.495197+01,gold_establishments_2025,,,,21250408800015,2025,Collectivité Territoriale,Commune,['Doubs'],['Bourgogne-Franche-Comté'],COM,{25},{27}
a3261b95-0886-4dde-8155-9dc6848d08f1,213302938,Commune de Montussan (33),false,{33293},Commune,2026-03-24 14:41:58.620411+01,gold_establishments_2025,,,,21330293800013,2025,Collectivité Territoriale,Commune,['Gironde'],['Nouvelle-Aquitaine'],COM,{33},{75}
c3e2ff08-a793-4532-8e13-4abb0804f1f3,200063196,Commune de Montval-sur-Loir (72),false,{72071},Commune,2026-03-24 14:42:08.279287+01,gold_establishments_2025,,,,20006319600014,2025,Collectivité Territoriale,Commune,['Sarthe'],['Pays de la Loire'],COM,{72},{52}
5961653d-963a-434c-9ac6-34d8c8eba1b2,218101855,Commune de Montvalen (81),false,{81185},Commune,2026-03-24 14:42:09.967209+01,gold_establishments_2025,,,,21810185500011,2025,Collectivité Territoriale,Commune,['Tarn'],['Occitanie'],COM,{81},{76}
4ac72dd5-2914-41e5-8799-da81fdaeca34,214602088,Commune de Montvalent (46),false,{46208},Commune,2026-03-24 14:42:00.862623+01,gold_establishments_2025,,,,21460208800012,2025,Collectivité Territoriale,Commune,['Lot'],['Occitanie'],COM,{46},{76}
fcdfcecc-5f56-4219-8304-32c779ea4dbd,217301761,Commune de Montvalezan (73),false,{73176},Commune,2026-03-24 14:42:08.279287+01,gold_establishments_2025,,,,21730176100011,2025,Collectivité Territoriale,Commune,['Savoie'],['Auvergne-Rhône-Alpes'],COM,{73},{84}
c0eedfe0-8dff-4b5f-aa84-9fba5cc42503,212602122,Commune de Montvendre (26),false,{26212},Commune,2026-03-24 14:41:56.495197+01,gold_establishments_2025,,,,21260212200013,2025,Collectivité Territoriale,Commune,['Drôme'],['Auvergne-Rhône-Alpes'],COM,{26},{84}
f1d8b69a-3e55-489b-b7aa-2f2fdbcfb0a6,214201501,Commune de Montverdun (42),false,{42150},Commune,2026-03-24 14:42:00.273698+01,gold_establishments_2025,,,,21420150100019,2025,Collectivité Territoriale,Commune,['Loire'],['Auvergne-Rhône-Alpes'],COM,{42},{84}
fd7ea1fa-06c0-474a-bb80-73f576319437,217301779,Commune de Montvernier (73),false,{73177},Commune,2026-03-24 14:42:08.279287+01,gold_establishments_2025,,,,21730177900013,2025,Collectivité Territoriale,Commune,['Savoie'],['Auvergne-Rhône-Alpes'],COM,{73},{84}
93408436-a65e-40a2-b8b3-ff0014c00377,211501358,Commune de Montvert (15),false,{15135},Commune,2026-03-24 14:41:54.362296+01,gold_establishments_2025,,,,21150135800017,2025,Collectivité Territoriale,Commune,['Cantal'],['Auvergne-Rhône-Alpes'],COM,{15},{84}
b6592985-02e3-43e9-86eb-414bf6b79c7a,210301891,Commune de Montvicq (03),false,{03189},Commune,2026-03-24 14:41:52.020251+01,gold_establishments_2025,,,,21030189100011,2025,Collectivité Territoriale,Commune,['Allier'],['Auvergne-Rhône-Alpes'],COM,{03},{84}
c05514bd-a7c0-4aaa-9921-a9ac0be17931,217604529,Commune de Montville (76),false,{76452},Commune,2026-03-24 14:42:08.818969+01,gold_establishments_2025,,,,21760452900016,2025,Collectivité Territoriale,Commune,['Seine-Maritime'],['Normandie'],COM,{76},{28}
eb582f0c-5e6a-4c64-94c2-c4cc1bdf6456,215503558,Commune de Montzéville (55),false,{55355},Commune,2026-03-24 14:42:03.701372+01,gold_establishments_2025,,,,21550355800011,2025,Collectivité Territoriale,Commune,['Meuse'],['Grand Est'],COM,{55},{44}
5f55aba0-eed9-416e-9186-977778bc8456,212503932,Commune de Montécheroux (25),false,{25393},Commune,2026-03-24 14:41:56.495197+01,gold_establishments_2025,,,,21250393200015,2025,Collectivité Territoriale,Commune,['Doubs'],['Bourgogne-Franche-Comté'],COM,{25},{27}
df649062-a944-42fb-986c-8b9b4bf3a8be,213202823,Commune de Montégut (32),false,{32282},Commune,2026-03-24 14:41:58.09424+01,gold_establishments_2025,,,,21320282300018,2025,Collectivité Territoriale,Commune,['Gers'],['Occitanie'],COM,{32},{76}
16a77397-0438-418e-a909-c492fb5f401d,214001935,Commune de Montégut (40),false,{40193},Commune,2026-03-24 14:41:59.705606+01,gold_establishments_2025,,,,21400193500011,2025,Collectivité Territoriale,Commune,['Landes'],['Nouvelle-Aquitaine'],COM,{40},{75}
3df1f9cc-444a-487b-a213-71c5a25a2b61,216503193,Commune de Montégut (65),false,{65319},Commune,2026-03-24 14:42:06.665412+01,gold_establishments_2025,,,,21650319300015,2025,Collectivité Territoriale,Commune,['Hautes-Pyrénées'],['Occitanie'],COM,{65},{76}
d5190058-bfc0-40b4-9c79-0be4a5bbb654,213202831,Commune de Montégut-Arros (32),false,{32283},Commune,2026-03-24 14:41:58.09424+01,gold_establishments_2025,,,,21320283100011,2025,Collectivité Territoriale,Commune,['Gers'],['Occitanie'],COM,{32},{76}
9e70871a-771c-4dda-8c49-566df281f162,213103708,Commune de Montégut-Bourjac (31),false,{31370},Commune,2026-03-24 14:41:58.09424+01,gold_establishments_2025,,,,21310370800011,2025,Collectivité Territoriale,Commune,['Haute-Garonne'],['Occitanie'],COM,{31},{76}
37de1d0d-d4e1-47b4-8b8c-368b68ca919c,213103716,Commune de Montégut-Lauragais (31),false,{31371},Commune,2026-03-24 14:41:58.09424+01,gold_establishments_2025,,,,21310371600014,2025,Collectivité Territoriale,Commune,['Haute-Garonne'],['Occitanie'],COM,{31},{76}
664b206b-950d-4c02-8946-237132fba76e,210902029,Commune de Montégut-Plantaurel (09),false,{09202},Commune,2026-03-24 14:41:53.095366+01,gold_establishments_2025,,,,21090202900011,2025,Collectivité Territoriale,Commune,['Ariège'],['Occitanie'],COM,{09},{76}
f73a7c1b-66fa-4883-b6e8-f2ae5663eaa4,213202849,Commune de Montégut-Savès (32),false,{32284},Commune,2026-03-24 14:41:58.09424+01,gold_establishments_2025,,,,21320284900013,2025,Collectivité Territoriale,Commune,['Gers'],['Occitanie'],COM,{32},{76}
bac398be-ddf7-40d0-ad9d-dfb2a676aacf,210902011,Commune de Montégut-en-Couserans (09),false,{09201},Commune,2026-03-24 14:41:53.095366+01,gold_establishments_2025,,,,21090201100019,2025,Collectivité Territoriale,Commune,['Ariège'],['Occitanie'],COM,{09},{76}
48393a5d-d06d-4583-a283-41d7b6cfae4c,212601975,Commune de Montélier (26),false,{26197},Commune,2026-03-24 14:41:56.495197+01,gold_establishments_2025,,,,21260197500015,2025,Collectivité Territoriale,Commune,['Drôme'],['Auvergne-Rhône-Alpes'],COM,{26},{84}
923c9369-3461-4059-861d-0a3da322e7b1,212601983,Commune de Montélimar (26),false,{26198},Commune,2026-03-24 14:41:56.495197+01,gold_establishments_2025,,,,21260198300019,2025,Collectivité Territoriale,Commune,['Drôme'],['Auvergne-Rhône-Alpes'],COM,{26},{84}
8102751a-aec7-4cdd-bbf4-735640fc1f45,212601967,Commune de Montéléger (26),false,{26196},Commune,2026-03-24 14:41:56.495197+01,gold_establishments_2025,,,,21260196700012,2025,Collectivité Territoriale,Commune,['Drôme'],['Auvergne-Rhône-Alpes'],COM,{26},{84}
fc4589f6-2731-4e4f-b96a-d7a8b2a7003d,216004119,Commune de Montépilloy (60),false,{60415},Commune,2026-03-24 14:42:04.814328+01,gold_establishments_2025,,,,21600411900014,2025,Collectivité Territoriale,Commune,['Oise'],['Hauts-de-France'],COM,{60},{32}
4f629796-709a-45c3-b82f-730589dc6cfa,215103524,Commune de Montépreux (51),false,{51377},Commune,2026-03-24 14:42:01.954481+01,gold_establishments_2025,,,,21510352400017,2025,Collectivité Territoriale,Commune,['Marne'],['Grand Est'],COM,{51},{44}
510661e2-57f7-4efe-8546-71d549a8d3ba,217604453,Commune de Montérolier (76),false,{76445},Commune,2026-03-24 14:42:08.818969+01,gold_establishments_2025,,,,21760445300019,2025,Collectivité Territoriale,Commune,['Seine-Maritime'],['Normandie'],COM,{76},{28}
46df0e9a-78cc-4521-856e-9dd0e1099734,217703073,Commune de Montévrain (77),false,{77307},Commune,2026-03-24 14:42:09.43682+01,gold_establishments_2025,,,,21770307300015,2025,Collectivité Territoriale,Commune,['Seine-et-Marne'],['Île-de-France'],COM,{77},{11}
69d0f6b8-f95c-40c0-b457-274134cfbe3f,211201512,Commune de Montézic (12),false,{12151},Commune,2026-03-24 14:41:53.63825+01,gold_establishments_2025,,,,21120151200012,2025,Collectivité Territoriale,Commune,['Aveyron'],['Occitanie'],COM,{12},{76}
def36b56-3c51-4e48-a52e-37395f13451c,214701922,Commune de Monviel (47),false,{47192},Commune,2026-03-24 14:42:00.862623+01,gold_establishments_2025,,,,21470192200012,2025,Collectivité Territoriale,Commune,['Lot-et-Garonne'],['Nouvelle-Aquitaine'],COM,{47},{75}
7fa6d1d5-9ba0-438f-afbd-e4d4e0b5c3ad,211102579,Commune de Monze (11),false,{11257},Commune,2026-03-24 14:41:53.63825+01,gold_establishments_2025,,,,21110257900011,2025,Collectivité Territoriale,Commune,['Aude'],['Occitanie'],COM,{11},{76}
a4a7b994-6e9e-49a5-b1a2-13b8856a2dc3,213103534,Commune de Monès (31),false,{31353},Commune,2026-03-24 14:41:58.09424+01,gold_establishments_2025,,,,21310353400011,2025,Collectivité Territoriale,Commune,['Haute-Garonne'],['Occitanie'],COM,{31},{76}
0d686470-c47d-4667-b70a-81d0f142182a,210301768,Commune de Monétay-sur-Allier (03),false,{03176},Commune,2026-03-24 14:41:52.020251+01,gold_establishments_2025,,,,21030176800011,2025,Collectivité Territoriale,Commune,['Allier'],['Auvergne-Rhône-Alpes'],COM,{03},{84}
f687e32b-af75-492e-a71d-53a23f3717a2,210301776,Commune de Monétay-sur-Loire (03),false,{03177},Commune,2026-03-24 14:41:52.020251+01,gold_establishments_2025,,,,21030177600014,2025,Collectivité Territoriale,Commune,['Allier'],['Auvergne-Rhône-Alpes'],COM,{03},{84}
e0933271-6751-4d35-92db-84bc0229f3d5,218902633,Commune de Monéteau (89),false,{89263},Commune,2026-03-24 14:42:11.118516+01,gold_establishments_2025,,,,21890263300013,2025,Collectivité Territoriale,Commune,['Yonne'],['Bourgogne-Franche-Comté'],COM,{89},{27}
a63a5036-6a4d-4ce2-88ee-abba7a2f540d,210500781,Commune de Monêtier-Allemont (05),false,{05078},Commune,2026-03-24 14:41:52.562531+01,gold_establishments_2025,,,,21050078100013,2025,Collectivité Territoriale,Commune,['Hautes-Alpes'],"[""Provence-Alpes-Côte d'Azur""]",COM,{05},{93}
e0ed18e4-d819-4cbe-a96a-df7458502474,215003567,Commune de Moon-sur-Elle (50),false,{50356},Commune,2026-03-24 14:42:01.412377+01,gold_establishments_2025,,,,21500356700058,2025,Collectivité Territoriale,Commune,['Manche'],['Normandie'],COM,{50},{28}
ca3f8404-0b35-43c9-a9b2-f09fff13f011,216802173,Commune de Moosch (68),false,{68217},Commune,2026-03-24 14:42:07.195692+01,gold_establishments_2025,,,,21680217300056,2025,Collectivité Territoriale,Commune,['Haut-Rhin'],['Grand Est'],COM,{68},{44}
05343c7d-733f-48f4-a2dc-7a1e92fb24bc,216802165,Commune de Mooslargue (68),false,{68216},Commune,2026-03-24 14:42:07.195692+01,gold_establishments_2025,,,,21680216500011,2025,Collectivité Territoriale,Commune,['Haut-Rhin'],['Grand Est'],COM,{68},{44}
3e374404-a352-46d3-90f5-8c6343eaa259,215801812,Commune de Moraches (58),false,{58181},Commune,2026-03-24 14:42:04.280096+01,gold_establishments_2025,,,,21580181200011,2025,Collectivité Territoriale,Commune,['Nièvre'],['Bourgogne-Franche-Comté'],COM,{58},{27}
9060acb9-1aa2-476f-b3ac-f12d21fc7325,211702469,Commune de Moragne (17),false,{17246},Commune,2026-03-24 14:41:54.903238+01,gold_establishments_2025,,,,21170246900019,2025,Collectivité Territoriale,Commune,['Charente-Maritime'],['Nouvelle-Aquitaine'],COM,{17},{75}
cfa4df15-3d0d-4c1c-a172-78a4cb4c95cf,212802680,Commune de Morainville (28),false,{28268},Commune,2026-03-24 14:41:57.028721+01,gold_establishments_2025,,,,21280268000018,2025,Collectivité Territoriale,Commune,['Eure-et-Loir'],['Centre-Val de Loire'],COM,{28},{24}
71296338-4389-4182-91ae-b11567150972,212704159,Commune de Morainville-Jouveaux (27),false,{27415},Commune,2026-03-24 14:41:57.028721+01,gold_establishments_2025,,,,21270415900012,2025,Collectivité Territoriale,Commune,['Eure'],['Normandie'],COM,{27},{28}
a9228317-334d-468f-85d9-29f5c3753e25,217804319,Commune de Morainvilliers (78),false,{78431},Commune,2026-03-24 14:42:09.43682+01,gold_establishments_2025,,,,21780431900085,2025,Collectivité Territoriale,Commune,['Yvelines'],['Île-de-France'],COM,{78},{11}
c55b26f2-6724-4647-afdd-e422a53b6ab7,212802698,Commune de Morancez (28),false,{28269},Commune,2026-03-24 14:41:57.028721+01,gold_establishments_2025,,,,21280269800069,2025,Collectivité Territoriale,Commune,['Eure-et-Loir'],['Centre-Val de Loire'],COM,{28},{24}
fac80434-92b9-4414-ae85-bf9e8f005b47,215202441,Commune de Morancourt (52),false,{52341},Commune,2026-03-24 14:42:01.954481+01,gold_establishments_2025,,,,21520244100014,2025,Collectivité Territoriale,Commune,['Haute-Marne'],['Grand Est'],COM,{52},{44}
90fe6744-ba6c-4583-86b6-1fc782cb7629,216901405,Commune de Morancé (69),false,{69140},Commune,2026-03-24 14:42:07.195692+01,gold_establishments_2025,,,,21690140500011,2025,Collectivité Territoriale,Commune,['Rhône'],['Auvergne-Rhône-Alpes'],COM,{69},{84}
af51326e-a832-4b3f-853c-ab9b8ace39f2,213701600,Commune de Morand (37),false,{37160},Commune,2026-03-24 14:41:59.160244+01,gold_establishments_2025,,,,21370160000016,2025,Collectivité Territoriale,Commune,['Indre-et-Loire'],['Centre-Val de Loire'],COM,{37},{24}
972b2c07-e8d9-42b3-8c5a-0fa6551ec480,215103581,Commune de Morangis (51),false,{51384},Commune,2026-03-24 14:42:01.954481+01,gold_establishments_2025,,,,21510358100017,2025,Collectivité Territoriale,Commune,['Marne'],['Grand Est'],COM,{51},{44}
c4ac68d7-a5ff-4645-9720-8fa59d76bac6,219104320,Commune de Morangis (91),false,{91432},Commune,2026-03-24 14:42:11.659493+01,gold_establishments_2025,,,,21910432000011,2025,Collectivité Territoriale,Commune,['Essonne'],['Île-de-France'],COM,{91},{11}
ed702ced-cd1b-4840-afcc-13a1f57dbbdb,216004242,Commune de Morangles (60),false,{60429},Commune,2026-03-24 14:42:04.814328+01,gold_establishments_2025,,,,21600424200014,2025,Collectivité Territoriale,Commune,['Oise'],['Hauts-de-France'],COM,{60},{32}
b1cd1d13-4f5e-4a73-9340-77b816513e70,200064566,Commune de Morannes sur Sarthe-Daumeray (49),false,{49220},Commune,2026-03-24 14:42:01.412377+01,gold_establishments_2025,,,,20006456600017,2025,Collectivité Territoriale,Commune,['Maine-et-Loire'],['Pays de la Loire'],COM,{49},{52}
122f723e-059a-4f58-978f-2275cdb6c65c,215503566,Commune de Moranville (55),false,{55356},Commune,2026-03-24 14:42:03.701372+01,gold_establishments_2025,,,,21550356600014,2025,Collectivité Territoriale,Commune,['Meuse'],['Grand Est'],COM,{55},{44}
6c92429d-934f-49dd-bea9-ba3f8f21e9a5,213802606,Commune de Moras (38),false,{38260},Commune,2026-03-24 14:41:59.160244+01,gold_establishments_2025,,,,21380260600011,2025,Collectivité Territoriale,Commune,['Isère'],['Auvergne-Rhône-Alpes'],COM,{38},{84}
38930892-238a-4d9f-87b7-b76e5312fddf,212602130,Commune de Moras-en-Valloire (26),false,{26213},Commune,2026-03-24 14:41:56.495197+01,gold_establishments_2025,,,,21260213000016,2025,Collectivité Territoriale,Commune,['Drôme'],['Auvergne-Rhône-Alpes'],COM,{26},{84}
f791c0aa-8786-44cc-929f-e4f485f37283,215904160,Commune de Morbecque (59),false,{59416},Commune,2026-03-24 14:42:04.280096+01,gold_establishments_2025,,,,21590416000011,2025,Collectivité Territoriale,Commune,['Nord'],['Hauts-de-France'],COM,{59},{32}
1681ff73-edc4-4952-b192-3150e0d1e9a3,200007078,Commune de Morbier (39),false,{39367},Commune,2026-03-24 14:41:59.705606+01,gold_establishments_2025,,,,20000707800013,2025,Collectivité Territoriale,Commune,['Jura'],['Bourgogne-Franche-Comté'],COM,{39},{27}
61e169ab-356b-4f3a-a990-f3361612b7d5,200084713,Commune de Morcenx-la-Nouvelle (40),false,{40197},Commune,2026-03-24 14:41:59.705606+01,gold_establishments_2025,,,,20008471300011,2025,Collectivité Territoriale,Commune,['Landes'],['Nouvelle-Aquitaine'],COM,{40},{75}
f407362a-f78b-4623-b171-568d507ec0d5,218005353,Commune de Morchain (80),false,{80568},Commune,2026-03-24 14:42:09.967209+01,gold_establishments_2025,,,,21800535300014,2025,Collectivité Territoriale,Commune,['Somme'],['Hauts-de-France'],COM,{80},{32}
60a97e4b-30db-4251-bca3-8e720c2f7b2f,216205914,Commune de Morchies (62),false,{62591},Commune,2026-03-24 14:42:05.597325+01,gold_establishments_2025,,,,21620591400015,2025,Collectivité Territoriale,Commune,['Pas-de-Calais'],['Hauts-de-France'],COM,{62},{32}
e191efe3-e383-46c9-a8f6-e41a52772832,210205027,Commune de Morcourt (02),false,{02525},Commune,2026-03-24 14:41:52.020251+01,gold_establishments_2025,,,,21020502700019,2025,Collectivité Territoriale,Commune,['Aisne'],['Hauts-de-France'],COM,{02},{32}
54a99815-b266-4018-b505-ba2b88f55745,218005361,Commune de Morcourt (80),false,{80569},Commune,2026-03-24 14:42:09.967209+01,gold_establishments_2025,,,,21800536100017,2025,Collectivité Territoriale,Commune,['Somme'],['Hauts-de-France'],COM,{80},{32}
61fec805-e097-4f45-b5c6-f2daf16fd295,213501968,Commune de Mordelles (35),false,{35196},Commune,2026-03-24 14:41:58.620411+01,gold_establishments_2025,,,,21350196800019,2025,Collectivité Territoriale,Commune,['Ille-et-Vilaine'],['Bretagne'],COM,{35},{53}
b27a7f75-75cb-4a9a-9478-8e401c6ec245,218501492,Commune de Moreilles (85),false,{85149},Commune,2026-03-24 14:42:10.508772+01,gold_establishments_2025,,,,21850149200019,2025,Collectivité Territoriale,Commune,['Vendée'],['Pays de la Loire'],COM,{85},{52}
787ae81a-e72f-4ae6-81a2-8ec75efa22ed,218803120,Commune de Morelmaison (88),false,{88312},Commune,2026-03-24 14:42:11.118516+01,gold_establishments_2025,,,,21880312000011,2025,Collectivité Territoriale,Commune,['Vosges'],['Grand Est'],COM,{88},{44}
bdd979f2-a19c-4ff7-ac5e-7eead41901fe,211002498,Commune de Morembert (10),false,{10257},Commune,2026-03-24 14:41:53.095366+01,gold_establishments_2025,,,,21100249800015,2025,Collectivité Territoriale,Commune,['Aube'],['Grand Est'],COM,{10},{44}
28bb61ee-a127-464c-8314-5e1a07a3fca2,213802614,Commune de Morestel (38),false,{38261},Commune,2026-03-24 14:41:59.160244+01,gold_establishments_2025,,,,21380261400015,2025,Collectivité Territoriale,Commune,['Isère'],['Auvergne-Rhône-Alpes'],COM,{38},{84}
c0c827fa-4a89-4142-a5c9-8d169d710993,200073039,Commune de Moret-Loing-et-Orvanne (77),false,{77316},Commune,2026-03-24 14:42:09.43682+01,gold_establishments_2025,,,,20007303900014,2025,Collectivité Territoriale,Commune,['Seine-et-Marne'],['Île-de-France'],COM,{77},{11}
9744b290-87bb-42f5-ada3-b16518ba13bf,213802630,Commune de Morette (38),false,{38263},Commune,2026-03-24 14:41:59.160244+01,gold_establishments_2025,,,,21380263000011,2025,Collectivité Territoriale,Commune,['Isère'],['Auvergne-Rhône-Alpes'],COM,{38},{84}
239e3050-2d3c-46dd-9617-f016c361b9f8,218005379,Commune de Moreuil (80),false,{80570},Commune,2026-03-24 14:42:09.967209+01,gold_establishments_2025,,,,21800537900019,2025,Collectivité Territoriale,Commune,['Somme'],['Hauts-de-France'],COM,{80},{32}
ac8c8884-313d-43cf-bc8b-34c3299c7897,217103217,Commune de Morey (71),false,{71321},Commune,2026-03-24 14:42:07.735343+01,gold_establishments_2025,,,,21710321700014,2025,Collectivité Territoriale,Commune,['Saône-et-Loire'],['Bourgogne-Franche-Comté'],COM,{71},{27}
f3b63867-8720-453b-8dd4-5f3781279283,212104426,Commune de Morey-Saint-Denis (21),false,{21442},Commune,2026-03-24 14:41:55.433389+01,gold_establishments_2025,,,,21210442600011,2025,Collectivité Territoriale,Commune,"[""Côte-d'Or""]",['Bourgogne-Franche-Comté'],COM,{21},{27}
f1e37efe-86ec-49b4-8c67-b513e5c88f1d,215403858,Commune de Morfontaine (54),false,{54385},Commune,2026-03-24 14:42:02.957225+01,gold_establishments_2025,,,,21540385800016,2025,Collectivité Territoriale,Commune,['Meurthe-et-Moselle'],['Grand Est'],COM,{54},{44}
b68086a4-0de7-4c60-a82e-43c5d66f0006,214001984,Commune de Morganx (40),false,{40198},Commune,2026-03-24 14:41:59.705606+01,gold_establishments_2025,,,,21400198400019,2025,Collectivité Territoriale,Commune,['Landes'],['Nouvelle-Aquitaine'],COM,{40},{75}
d4cbe4ac-82eb-461e-8fb4-6a797f5b84a0,215503574,Commune de Morgemoulin (55),false,{55357},Commune,2026-03-24 14:42:03.701372+01,gold_establishments_2025,,,,21550357400018,2025,Collectivité Territoriale,Commune,['Meuse'],['Grand Est'],COM,{55},{44}
1bfb2b84-fc46-4cc8-ac74-8ad6be911baa,212704175,Commune de Morgny (27),false,{27417},Commune,2026-03-24 14:41:57.028721+01,gold_establishments_2025,,,,21270417500018,2025,Collectivité Territoriale,Commune,['Eure'],['Normandie'],COM,{27},{28}
85fbcd1b-d023-4b49-98ac-1ba4fb516329,210205035,Commune de Morgny-en-Thiérache (02),false,{02526},Commune,2026-03-24 14:41:52.020251+01,gold_establishments_2025,,,,21020503500012,2025,Collectivité Territoriale,Commune,['Aisne'],['Hauts-de-France'],COM,{02},{32}
56353c16-9a88-4ccf-865f-2e43f3d1d0fc,217604537,Commune de Morgny-la-Pommeraye (76),false,{76453},Commune,2026-03-24 14:42:08.818969+01,gold_establishments_2025,,,,21760453700019,2025,Collectivité Territoriale,Commune,['Seine-Maritime'],['Normandie'],COM,{76},{28}
f2a71725-e4f6-4493-b839-0ead88108ffb,215704834,Commune de Morhange (57),false,{57483},Commune,2026-03-24 14:42:03.701372+01,gold_establishments_2025,,,,21570483400013,2025,Collectivité Territoriale,Commune,['Moselle'],['Grand Est'],COM,{57},{44}
5f2d96d0-244e-4dc6-a519-479c8434896b,216302422,Commune de Moriat (63),false,{63242},Commune,2026-03-24 14:42:06.130387+01,gold_establishments_2025,,,,21630242200011,2025,Collectivité Territoriale,Commune,['Puy-de-Dôme'],['Auvergne-Rhône-Alpes'],COM,{63},{84}
0212607f-22be-487b-be72-5d91d5086b47,217606060,Commune de Morienne (76),false,{76606},Commune,2026-03-24 14:42:08.818969+01,gold_establishments_2025,,,,21760606000010,2025,Collectivité Territoriale,Commune,['Seine-Maritime'],['Normandie'],COM,{76},{28}
e1b4072d-d713-4855-a860-cf1e3596ea84,216004259,Commune de Morienval (60),false,{60430},Commune,2026-03-24 14:42:04.814328+01,gold_establishments_2025,,,,21600425900018,2025,Collectivité Territoriale,Commune,['Oise'],['Hauts-de-France'],COM,{60},{32}
7ac11a6b-d05c-49ff-86fe-3667f704e980,212802706,Commune de Moriers (28),false,{28270},Commune,2026-03-24 14:41:57.028721+01,gold_establishments_2025,,,,21280270600011,2025,Collectivité Territoriale,Commune,['Eure-et-Loir'],['Centre-Val de Loire'],COM,{28},{24}
7c04c343-de25-4fa4-bc4f-e5337d9a247d,210401337,Commune de Moriez (04),false,{04133},Commune,2026-03-24 14:41:52.562531+01,gold_establishments_2025,,,,21040133700014,2025,Collectivité Territoriale,Commune,['Alpes-de-Haute-Provence'],"[""Provence-Alpes-Côte d'Azur""]",COM,{04},{93}
7068a1ac-23fb-444e-ae83-c2fa30534580,215003575,Commune de Morigny (50),false,{50357},Commune,2026-03-24 14:42:01.412377+01,gold_establishments_2025,,,,21500357500010,2025,Collectivité Territoriale,Commune,['Manche'],['Normandie'],COM,{50},{28}
26f173b4-4b25-45f9-ac83-2622eb879f9d,219104338,Commune de Morigny-Champigny (91),false,{91433},Commune,2026-03-24 14:42:11.659493+01,gold_establishments_2025,,,,21910433800013,2025,Collectivité Territoriale,Commune,['Essonne'],['Île-de-France'],COM,{91},{11}
a5707957-d1b9-4148-93bc-e308d9b143bd,217401900,Commune de Morillon (74),false,{74190},Commune,2026-03-24 14:42:08.818969+01,gold_establishments_2025,,,,21740190000014,2025,Collectivité Territoriale,Commune,['Haute-Savoie'],['Auvergne-Rhône-Alpes'],COM,{74},{84}
50256e4b-1fc3-4e60-8705-4420dc790fa9,216205922,Commune de Moringhem (62),false,{62592},Commune,2026-03-24 14:42:05.597325+01,gold_establishments_2025,,,,21620592200018,2025,Collectivité Territoriale,Commune,['Pas-de-Calais'],['Hauts-de-France'],COM,{62},{32}
5e2c7431-923b-45d2-924d-944680839820,215202458,Commune de Morionvilliers (52),false,{52342},Commune,2026-03-24 14:42:01.954481+01,gold_establishments_2025,,,,21520245800018,2025,Collectivité Territoriale,Commune,['Haute-Marne'],['Grand Est'],COM,{52},{44}
92c6edda-4d5c-4d9b-a958-68ff49631d01,218005387,Commune de Morisel (80),false,{80571},Commune,2026-03-24 14:42:09.967209+01,gold_establishments_2025,,,,21800538700012,2025,Collectivité Territoriale,Commune,['Somme'],['Hauts-de-France'],COM,{80},{32}
8317cb3d-e1d6-424b-9a1f-34e8079d8688,218803138,Commune de Moriville (88),false,{88313},Commune,2026-03-24 14:42:11.118516+01,gold_establishments_2025,,,,21880313800013,2025,Collectivité Territoriale,Commune,['Vosges'],['Grand Est'],COM,{88},{44}
cb71f445-55e2-4a8a-96e9-b279117b29e4,215403866,Commune de Moriviller (54),false,{54386},Commune,2026-03-24 14:42:02.957225+01,gold_establishments_2025,,,,21540386600019,2025,Collectivité Territoriale,Commune,['Meurthe-et-Moselle'],['Grand Est'],COM,{54},{44}
e8bcae66-dd0f-46fb-9e46-dcd7e84ef710,213302946,Commune de Morizès (33),false,{33294},Commune,2026-03-24 14:41:58.620411+01,gold_establishments_2025,,,,21330294600016,2025,Collectivité Territoriale,Commune,['Gironde'],['Nouvelle-Aquitaine'],COM,{33},{75}
0bc269e9-47c7-425f-9403-708650b9f7ea,218803146,Commune de Morizécourt (88),false,{88314},Commune,2026-03-24 14:42:11.118516+01,gold_establishments_2025,,,,21880314600016,2025,Collectivité Territoriale,Commune,['Vosges'],['Grand Est'],COM,{88},{44}
5c0d9077-c055-4948-a68f-41ad05dcfad8,218400810,Commune de Morières-lès-Avignon (84),false,{84081},Commune,2026-03-24 14:42:10.508772+01,gold_establishments_2025,,,,21840081000014,2025,Collectivité Territoriale,Commune,['Vaucluse'],"[""Provence-Alpes-Côte d'Azur""]",COM,{84},{93}
4dc0a772-4221-4284-b48a-ada6adb48019,211801535,Commune de Morlac (18),false,{18153},Commune,2026-03-24 14:41:54.903238+01,gold_establishments_2025,,,,21180153500017,2025,Collectivité Territoriale,Commune,['Cher'],['Centre-Val de Loire'],COM,{18},{24}
c488a107-a0b6-4f2b-b9c9-d0993d096b1d,212901516,Commune de Morlaix (29),false,{29151},Commune,2026-03-24 14:41:57.028721+01,gold_establishments_2025,,,,21290151600014,2025,Collectivité Territoriale,Commune,['Finistère'],['Bretagne'],COM,{29},{53}
8d238270-74f8-410c-86f8-3943fd19eb4f,218005395,Commune de Morlancourt (80),false,{80572},Commune,2026-03-24 14:42:09.967209+01,gold_establishments_2025,,,,21800539500015,2025,Collectivité Territoriale,Commune,['Somme'],['Hauts-de-France'],COM,{80},{32}
4c74be6e-6530-49ae-bd61-7abcab7d6c8e,216404061,Commune de Morlanne (64),false,{64406},Commune,2026-03-24 14:42:06.665412+01,gold_establishments_2025,,,,21640406100014,2025,Collectivité Territoriale,Commune,['Pyrénées-Atlantiques'],['Nouvelle-Aquitaine'],COM,{64},{75}
528cf532-f1ca-42e5-ab55-428769272ba7,216404053,Commune de Morlaàs (64),false,{64405},Commune,2026-03-24 14:42:06.665412+01,gold_establishments_2025,,,,21640405300011,2025,Collectivité Territoriale,Commune,['Pyrénées-Atlantiques'],['Nouvelle-Aquitaine'],COM,{64},{75}
9a52591a-cccd-4d16-b38c-c60984014ffb,217103225,Commune de Morlet (71),false,{71322},Commune,2026-03-24 14:42:07.735343+01,gold_establishments_2025,,,,21710322500017,2025,Collectivité Territoriale,Commune,['Saône-et-Loire'],['Bourgogne-Franche-Comté'],COM,{71},{27}
7ec03d25-9525-487d-b7c3-8587104f2a31,215503590,Commune de Morley (55),false,{55359},Commune,2026-03-24 14:42:03.701372+01,gold_establishments_2025,,,,21550359000014,2025,Collectivité Territoriale,Commune,['Meuse'],['Grand Est'],COM,{55},{44}
69b6f6ab-346b-4a27-aaa3-ce6b2d8f5d1a,211201595,Commune de Morlhon-le-Haut (12),false,{12159},Commune,2026-03-24 14:41:53.63825+01,gold_establishments_2025,,,,21120159500017,2025,Collectivité Territoriale,Commune,['Aveyron'],['Occitanie'],COM,{12},{76}
5717fec1-79ba-46a2-bbdf-13f8d0bd414f,216004267,Commune de Morlincourt (60),false,{60431},Commune,2026-03-24 14:42:04.814328+01,gold_establishments_2025,,,,21600426700011,2025,Collectivité Territoriale,Commune,['Oise'],['Hauts-de-France'],COM,{60},{32}
d99d7dad-5388-4af5-a691-a73fa3a8811d,217703172,Commune de Mormant (77),false,{77317},Commune,2026-03-24 14:42:09.43682+01,gold_establishments_2025,,,,21770317200015,2025,Collectivité Territoriale,Commune,['Seine-et-Marne'],['Île-de-France'],COM,{77},{11}
82e4d230-c746-4076-bd13-c22433d08054,214502163,Commune de Mormant-sur-Vernisson (45),false,{45216},Commune,2026-03-24 14:42:00.862623+01,gold_establishments_2025,,,,21450216300014,2025,Collectivité Territoriale,Commune,['Loiret'],['Centre-Val de Loire'],COM,{45},{24}
382df4a8-ec2e-4d60-b850-76f879e7ad07,218400828,Commune de Mormoiron (84),false,{84082},Commune,2026-03-24 14:42:10.508772+01,gold_establishments_2025,,,,21840082800016,2025,Collectivité Territoriale,Commune,['Vaucluse'],"[""Provence-Alpes-Côte d'Azur""]",COM,{84},{93}
e4dd1cf9-1016-46ef-b0e2-f3e421516363,213202914,Commune de Mormès (32),false,{32291},Commune,2026-03-24 14:41:58.09424+01,gold_establishments_2025,,,,21320291400015,2025,Collectivité Territoriale,Commune,['Gers'],['Occitanie'],COM,{32},{76}
ccbcc53d-f96c-4cff-b2d1-58b8dbb11d9d,211602321,Commune de Mornac (16),false,{16232},Commune,2026-03-24 14:41:54.362296+01,gold_establishments_2025,,,,21160232100013,2025,Collectivité Territoriale,Commune,['Charente'],['Nouvelle-Aquitaine'],COM,{16},{75}
ee56cfb0-369f-4566-bd4c-5204164cb945,211702477,Commune de Mornac-sur-Seudre (17),false,{17247},Commune,2026-03-24 14:41:54.903238+01,gold_establishments_2025,,,,21170247700012,2025,Collectivité Territoriale,Commune,['Charente-Maritime'],['Nouvelle-Aquitaine'],COM,{17},{75}
a2dd07a0-00b9-44c5-819a-618f07f4e90a,214201519,Commune de Mornand-en-Forez (42),false,{42151},Commune,2026-03-24 14:42:00.273698+01,gold_establishments_2025,,,,21420151900011,2025,Collectivité Territoriale,Commune,['Loire'],['Auvergne-Rhône-Alpes'],COM,{42},{84}
3e74369e-cddf-4a6c-a835-d28a1acc3186,212602148,Commune de Mornans (26),false,{26214},Commune,2026-03-24 14:41:56.495197+01,gold_establishments_2025,,,,21260214800018,2025,Collectivité Territoriale,Commune,['Drôme'],['Auvergne-Rhône-Alpes'],COM,{26},{84}
6a45fc25-b6a0-4436-bf2a-7673a08432cd,216901413,Commune de Mornant (69),false,{69141},Commune,2026-03-24 14:42:07.195692+01,gold_establishments_2025,,,,21690141300015,2025,Collectivité Territoriale,Commune,['Rhône'],['Auvergne-Rhône-Alpes'],COM,{69},{84}
10455745-2cee-4654-9732-c293f021ba52,218400836,Commune de Mornas (84),false,{84083},Commune,2026-03-24 14:42:10.508772+01,gold_establishments_2025,,,,21840083600019,2025,Collectivité Territoriale,Commune,['Vaucluse'],"[""Provence-Alpes-Côte d'Azur""]",COM,{84},{93}
9e6d3b0b-552d-481e-adaa-6b6be7ec797b,217103233,Commune de Mornay (71),false,{71323},Commune,2026-03-24 14:42:07.735343+01,gold_establishments_2025,,,,21710323300011,2025,Collectivité Territoriale,Commune,['Saône-et-Loire'],['Bourgogne-Franche-Comté'],COM,{71},{27}
956edd2a-aeeb-49a8-907f-1c3e97677157,211801543,Commune de Mornay-Berry (18),false,{18154},Commune,2026-03-24 14:41:54.903238+01,gold_establishments_2025,,,,21180154300011,2025,Collectivité Territoriale,Commune,['Cher'],['Centre-Val de Loire'],COM,{18},{24}
f5426353-5649-46d8-ace0-2ccb306c0842,211801550,Commune de Mornay-sur-Allier (18),false,{18155},Commune,2026-03-24 14:41:54.903238+01,gold_establishments_2025,,,,21180155000016,2025,Collectivité Territoriale,Commune,['Cher'],['Centre-Val de Loire'],COM,{18},{24}
2458d379-c978-4897-a855-d9223fe24abc,219711165,Commune de Morne-à-l'Eau (971),false,{97116},Commune,2026-03-24 14:42:11.659493+01,gold_establishments_2025,,,,21971116500015,2025,Collectivité Territoriale,Commune,['Guadeloupe'],['Guadeloupe'],COM,{971},{01}
1ed520c9-5725-42e4-b973-66a97413bdd3,217103241,Commune de Moroges (71),false,{71324},Commune,2026-03-24 14:42:07.735343+01,gold_establishments_2025,,,,21710324100014,2025,Collectivité Territoriale,Commune,['Saône-et-Loire'],['Bourgogne-Franche-Comté'],COM,{71},{27}
683aa194-3fb4-4edd-b85f-e368b49eeae0,211801568,Commune de Morogues (18),false,{18156},Commune,2026-03-24 14:41:54.903238+01,gold_establishments_2025,,,,21180156800018,2025,Collectivité Territoriale,Commune,['Cher'],['Centre-Val de Loire'],COM,{18},{24}
0e53ab88-6044-43a9-b5f1-cbff029d2472,212001697,Commune de Morosaglia (2B),false,{2B169},Commune,2026-03-24 14:41:57.56054+01,gold_establishments_2025,,,,21200169700011,2025,Collectivité Territoriale,Commune,['Haute-Corse'],['Corse'],COM,{2B},{94}
00883f59-432a-446a-af91-83e000d780d3,212504104,Commune de Morre (25),false,{25410},Commune,2026-03-24 14:41:56.495197+01,gold_establishments_2025,,,,21250410400069,2025,Collectivité Territoriale,Commune,['Doubs'],['Bourgogne-Franche-Comté'],COM,{25},{27}
deb97161-8636-4bb1-b693-3fdd51a75b24,210205043,Commune de Morsain (02),false,{02527},Commune,2026-03-24 14:41:52.020251+01,gold_establishments_2025,,,,21020504300016,2025,Collectivité Territoriale,Commune,['Aisne'],['Hauts-de-France'],COM,{02},{32}
8e6f0d38-1e30-4e41-901e-420ee895e659,215103599,Commune de Morsains (51),false,{51386},Commune,2026-03-24 14:42:01.954481+01,gold_establishments_2025,,,,21510359900019,2025,Collectivité Territoriale,Commune,['Marne'],['Grand Est'],COM,{51},{44}
5098a9ee-7efb-4b9b-81fb-c843ac18482f,212704183,Commune de Morsan (27),false,{27418},Commune,2026-03-24 14:41:57.028721+01,gold_establishments_2025,,,,21270418300012,2025,Collectivité Territoriale,Commune,['Eure'],['Normandie'],COM,{27},{28}
88370094-13f1-4309-b13e-562b35be7d75,219104346,Commune de Morsang-sur-Orge (91),false,{91434},Commune,2026-03-24 14:42:11.659493+01,gold_establishments_2025,,,,21910434600016,2025,Collectivité Territoriale,Commune,['Essonne'],['Île-de-France'],COM,{91},{11}
7d697138-786d-4805-9495-1ffd230bb14a,219104353,Commune de Morsang-sur-Seine (91),false,{91435},Commune,2026-03-24 14:42:11.659493+01,gold_establishments_2025,,,,21910435300012,2025,Collectivité Territoriale,Commune,['Essonne'],['Île-de-France'],COM,{91},{11}
93b80464-f24f-4f2c-b9e8-d7cb503d0139,215704842,Commune de Morsbach (57),false,{57484},Commune,2026-03-24 14:42:03.701372+01,gold_establishments_2025,,,,21570484200016,2025,Collectivité Territoriale,Commune,['Moselle'],['Grand Est'],COM,{57},{44}
6eb137ae-d03d-413b-a05e-6b574275ac86,216703033,Commune de Morsbronn-les-Bains (67),false,{67303},Commune,2026-03-24 14:42:07.195692+01,gold_establishments_2025,,,,21670303300011,2025,Collectivité Territoriale,Commune,['Bas-Rhin'],['Grand Est'],COM,{67},{44}
9214d2d8-ab25-454e-8791-112f9f75ca2b,216703041,Commune de Morschwiller (67),false,{67304},Commune,2026-03-24 14:42:07.195692+01,gold_establishments_2025,,,,21670304100014,2025,Collectivité Territoriale,Commune,['Bas-Rhin'],['Grand Est'],COM,{67},{44}
963a91a8-3f01-4ccc-a434-8f95098774a6,216802181,Commune de Morschwiller-le-Bas (68),false,{68218},Commune,2026-03-24 14:42:07.195692+01,gold_establishments_2025,,,,21680218100018,2025,Collectivité Territoriale,Commune,['Haut-Rhin'],['Grand Est'],COM,{68},{44}
da118672-5716-4ad5-8fa7-2e10f1e69ef8,212001705,Commune de Morsiglia (2B),false,{2B170},Commune,2026-03-24 14:41:57.56054+01,gold_establishments_2025,,,,21200170500012,2025,Collectivité Territoriale,Commune,['Haute-Corse'],['Corse'],COM,{2B},{94}
0d331db5-8c62-482f-9cab-80f6c12d62fa,218803153,Commune de Mortagne (88),false,{88315},Commune,2026-03-24 14:42:11.118516+01,gold_establishments_2025,,,,21880315300012,2025,Collectivité Territoriale,Commune,['Vosges'],['Grand Est'],COM,{88},{44}
f7803064-9a68-4598-b09f-b8ab29c11e2b,216102939,Commune de Mortagne-au-Perche (61),false,{61293},Commune,2026-03-24 14:42:05.597325+01,gold_establishments_2025,,,,21610293900016,2025,Collectivité Territoriale,Commune,['Orne'],['Normandie'],COM,{61},{28}
e07c75b5-9b71-4d78-bf44-c55f023ad7b8,215904186,Commune de Mortagne-du-Nord (59),false,{59418},Commune,2026-03-24 14:42:04.280096+01,gold_establishments_2025,,,,21590418600016,2025,Collectivité Territoriale,Commune,['Nord'],['Hauts-de-France'],COM,{59},{32}
4d0d89d2-50fb-45a1-9d4b-333db9735ef4,211702485,Commune de Mortagne-sur-Gironde (17),false,{17248},Commune,2026-03-24 14:41:54.903238+01,gold_establishments_2025,,,,21170248500015,2025,Collectivité Territoriale,Commune,['Charente-Maritime'],['Nouvelle-Aquitaine'],COM,{17},{75}
6d6f3728-941c-4fe9-aec8-44fa67617571,218501518,Commune de Mortagne-sur-Sèvre (85),false,{85151},Commune,2026-03-24 14:42:10.508772+01,gold_establishments_2025,,,,21850151800011,2025,Collectivité Territoriale,Commune,['Vendée'],['Pays de la Loire'],COM,{85},{52}
43231691-090c-4668-948d-b0ffd42e70ac,200058279,Commune de Mortain-Bocage (50),false,{50359},Commune,2026-03-24 14:42:01.412377+01,gold_establishments_2025,,,,20005827900015,2025,Collectivité Territoriale,Commune,['Manche'],['Normandie'],COM,{50},{28}
cd8210c8-8a25-420b-b253-726eca13951f,217703180,Commune de Mortcerf (77),false,{77318},Commune,2026-03-24 14:42:09.43682+01,gold_establishments_2025,,,,21770318000018,2025,Collectivité Territoriale,Commune,['Seine-et-Marne'],['Île-de-France'],COM,{77},{11}
990e13a0-5ba5-43a4-8cf4-d9e8d007d843,212504112,Commune de Morteau (25),false,{25411},Commune,2026-03-24 14:41:56.495197+01,gold_establishments_2025,,,,21250411200013,2025,Collectivité Territoriale,Commune,['Doubs'],['Bourgogne-Franche-Comté'],COM,{25},{27}
24fd1cf4-24ad-4c61-84f4-cf7154961e9a,211404520,Commune de Morteaux-Coulibœuf (14),false,{14452},Commune,2026-03-24 14:41:54.362296+01,gold_establishments_2025,,,,21140452000010,2025,Collectivité Territoriale,Commune,['Calvados'],['Normandie'],COM,{14},{28}
f8adb89a-2626-4818-a88f-154aab01235b,210205050,Commune de Mortefontaine (02),false,{02528},Commune,2026-03-24 14:41:52.020251+01,gold_establishments_2025,,,,21020505000011,2025,Collectivité Territoriale,Commune,['Aisne'],['Hauts-de-France'],COM,{02},{32}
904b75a7-b389-4432-ac80-08252421d798,216004275,Commune de Mortefontaine (60),false,{60432},Commune,2026-03-24 14:42:04.814328+01,gold_establishments_2025,,,,21600427500014,2025,Collectivité Territoriale,Commune,['Oise'],['Hauts-de-France'],COM,{60},{32}
e9b02b94-7d0c-4cd6-9c86-18fd8e36e379,216004283,Commune de Mortefontaine-en-Thelle (60),false,{60433},Commune,2026-03-24 14:42:04.814328+01,gold_establishments_2025,,,,21600428300018,2025,Collectivité Territoriale,Commune,['Oise'],['Hauts-de-France'],COM,{60},{32}
da2dbe3b-ea79-4f5b-9c6d-bdde9a33b1f3,218710101,Commune de Mortemart (87),false,{87101},Commune,2026-03-24 14:42:11.118516+01,gold_establishments_2025,,,,21871010100013,2025,Collectivité Territoriale,Commune,['Haute-Vienne'],['Nouvelle-Aquitaine'],COM,{87},{75}
a3f41588-974d-4529-a4e0-9929a3efa59e,216004291,Commune de Mortemer (60),false,{60434},Commune,2026-03-24 14:42:04.814328+01,gold_establishments_2025,,,,21600429100011,2025,Collectivité Territoriale,Commune,['Oise'],['Hauts-de-France'],COM,{60},{32}
e6fab715-a932-47be-9204-a5ef6e6f307b,217604545,Commune de Mortemer (76),false,{76454},Commune,2026-03-24 14:42:08.818969+01,gold_establishments_2025,,,,21760454500012,2025,Collectivité Territoriale,Commune,['Seine-Maritime'],['Normandie'],COM,{76},{28}
c2541841-3ec9-4f12-9d33-e8c97c78a679,217703198,Commune de Mortery (77),false,{77319},Commune,2026-03-24 14:42:09.43682+01,gold_establishments_2025,,,,21770319800010,2025,Collectivité Territoriale,Commune,['Seine-et-Marne'],['Île-de-France'],COM,{77},{11}
bf091b1d-9cfd-4392-a52a-46bd3c194a4c,211801576,Commune de Morthomiers (18),false,{18157},Commune,2026-03-24 14:41:54.903238+01,gold_establishments_2025,,,,21180157600011,2025,Collectivité Territoriale,Commune,['Cher'],['Centre-Val de Loire'],COM,{18},{24}
21369e3d-be55-48f8-acfb-e88184d69d44,210205068,Commune de Mortiers (02),false,{02529},Commune,2026-03-24 14:41:52.020251+01,gold_establishments_2025,,,,21020506800013,2025,Collectivité Territoriale,Commune,['Aisne'],['Hauts-de-France'],COM,{02},{32}
0e748375-a251-4ac7-909a-1551d6e6ede1,211702493,Commune de Mortiers (17),false,{17249},Commune,2026-03-24 14:41:54.903238+01,gold_establishments_2025,,,,21170249300019,2025,Collectivité Territoriale,Commune,['Charente-Maritime'],['Nouvelle-Aquitaine'],COM,{17},{75}
24d3ad42-88e2-47c3-80bc-3c13517d9c8e,218601698,Commune de Morton (86),false,{86169},Commune,2026-03-24 14:42:10.508772+01,gold_establishments_2025,,,,21860169800010,2025,Collectivité Territoriale,Commune,['Vienne'],['Nouvelle-Aquitaine'],COM,{86},{75}
29e45bb3-7eb0-43f0-b961-4d3e89d79e2b,212313605,Commune de Mortroux (23),false,{23136},Commune,2026-03-24 14:41:55.958138+01,gold_establishments_2025,,,,21231360500017,2025,Collectivité Territoriale,Commune,['Creuse'],['Nouvelle-Aquitaine'],COM,{23},{75}
6d92b5dd-6610-4f16-9a64-fb6c27eb1242,200082923,Commune de Mortrée (61),false,{61294},Commune,2026-03-24 14:42:05.597325+01,gold_establishments_2025,,,,20008292300018,2025,Collectivité Territoriale,Commune,['Orne'],['Normandie'],COM,{61},{28}
35a8a84a-7729-4fcc-aceb-b9f72455317c,216205930,Commune de Morval (62),false,{62593},Commune,2026-03-24 14:42:05.597325+01,gold_establishments_2025,,,,21620593000011,2025,Collectivité Territoriale,Commune,['Pas-de-Calais'],['Hauts-de-France'],COM,{62},{32}
a2f13c99-f9f0-4460-a2fd-161dc2edbc4a,219000726,Commune de Morvillars (90),false,{90072},Commune,2026-03-24 14:42:11.659493+01,gold_establishments_2025,,,,21900072600014,2025,Collectivité Territoriale,Commune,['Territoire de Belfort'],['Bourgogne-Franche-Comté'],COM,{90},{27}
76658ca2-789b-473f-9fa6-a214cf76f75c,215003609,Commune de Morville (50),false,{50360},Commune,2026-03-24 14:42:01.412377+01,gold_establishments_2025,,,,21500360900017,2025,Collectivité Territoriale,Commune,['Manche'],['Normandie'],COM,{50},{28}
8feeda5d-5c78-4864-b792-f1ffc41da714,218803161,Commune de Morville (88),false,{88316},Commune,2026-03-24 14:42:11.118516+01,gold_establishments_2025,,,,21880316100015,2025,Collectivité Territoriale,Commune,['Vosges'],['Grand Est'],COM,{88},{44}
30fdcdbb-5a49-4c75-b282-aef333382fff,214502171,Commune de Morville-en-Beauce (45),false,{45217},Commune,2026-03-24 14:42:00.862623+01,gold_establishments_2025,,,,21450217100017,2025,Collectivité Territoriale,Commune,['Loiret'],['Centre-Val de Loire'],COM,{45},{24}
fade8dfe-4236-4673-878f-2c043f63d0e9,217604552,Commune de Morville-le-Héron (76),false,{76455},Commune,2026-03-24 14:42:08.818969+01,gold_establishments_2025,,,,21760455200018,2025,Collectivité Territoriale,Commune,['Seine-Maritime'],['Normandie'],COM,{76},{28}
fefc0582-b851-4ffe-8328-f80316aef3b6,215704859,Commune de Morville-lès-Vic (57),false,{57485},Commune,2026-03-24 14:42:03.701372+01,gold_establishments_2025,,,,21570485900010,2025,Collectivité Territoriale,Commune,['Moselle'],['Grand Est'],COM,{57},{44}
02ab872b-0f27-4761-a733-b5861f37946e,215704867,Commune de Morville-sur-Nied (57),false,{57486},Commune,2026-03-24 14:42:03.701372+01,gold_establishments_2025,,,,21570486700013,2025,Collectivité Territoriale,Commune,['Moselle'],['Grand Est'],COM,{57},{44}
4ea55949-0dd7-4a16-9575-64cc79be7b35,215403874,Commune de Morville-sur-Seille (54),false,{54387},Commune,2026-03-24 14:42:02.957225+01,gold_establishments_2025,,,,21540387400013,2025,Collectivité Territoriale,Commune,['Meurthe-et-Moselle'],['Grand Est'],COM,{54},{44}
164375ce-478d-483b-a73b-5c0ee2ee4534,216004309,Commune de Morvillers (60),false,{60435},Commune,2026-03-24 14:42:04.814328+01,gold_establishments_2025,,,,21600430900011,2025,Collectivité Territoriale,Commune,['Oise'],['Hauts-de-France'],COM,{60},{32}
b7d8989f-f111-4daf-9fd8-6368e2f61670,218005403,Commune de Morvillers-Saint-Saturnin (80),false,{80573},Commune,2026-03-24 14:42:09.967209+01,gold_establishments_2025,,,,21800540300017,2025,Collectivité Territoriale,Commune,['Somme'],['Hauts-de-France'],COM,{80},{32}
47ad12ab-3eae-4293-95d3-926cc82b5569,211002506,Commune de Morvilliers (10),false,{10258},Commune,2026-03-24 14:41:53.095366+01,gold_establishments_2025,,,,21100250600015,2025,Collectivité Territoriale,Commune,['Aube'],['Grand Est'],COM,{10},{44}
e036f99a-bf6b-4b66-abb6-48b23581143d,212802714,Commune de Morvilliers (28),false,{28271},Commune,2026-03-24 14:41:57.028721+01,gold_establishments_2025,,,,21280271400015,2025,Collectivité Territoriale,Commune,['Eure-et-Loir'],['Centre-Val de Loire'],COM,{28},{24}
52d629ea-83f5-4ce7-a04e-5a94122f2e58,216205948,Commune de Mory (62),false,{62594},Commune,2026-03-24 14:42:05.597325+01,gold_establishments_2025,,,,21620594800013,2025,Collectivité Territoriale,Commune,['Pas-de-Calais'],['Hauts-de-France'],COM,{62},{32}
3b42367c-9283-4fee-9847-4d843cde7526,216004317,Commune de Mory-Montcrux (60),false,{60436},Commune,2026-03-24 14:42:04.814328+01,gold_establishments_2025,,,,21600431700014,2025,Collectivité Territoriale,Commune,['Oise'],['Hauts-de-France'],COM,{60},{32}
fbe6650c-846c-404a-b0be-18f9328b3f81,217401918,Commune de Morzine (74),false,{74191},Commune,2026-03-24 14:42:08.818969+01,gold_establishments_2025,,,,21740191800016,2025,Collectivité Territoriale,Commune,['Haute-Savoie'],['Auvergne-Rhône-Alpes'],COM,{74},{84}
fed4ed45-e35a-4d2f-9b37-e0ffe7aa4987,215601402,Commune de Moréac (56),false,{56140},Commune,2026-03-24 14:42:03.701372+01,gold_establishments_2025,,,,21560140200013,2025,Collectivité Territoriale,Commune,['Morbihan'],['Bretagne'],COM,{56},{53}
08d017a2-6ad5-45a8-bbe7-4abd7f0fc7e7,214101545,Commune de Morée (41),false,{41154},Commune,2026-03-24 14:42:00.273698+01,gold_establishments_2025,,,,21410154500017,2025,Collectivité Territoriale,Commune,['Loir-et-Cher'],['Centre-Val de Loire'],COM,{41},{24}
30e74dc3-e3de-479c-ba9a-e27c58b88385,211404538,Commune de Mosles (14),false,{14453},Commune,2026-03-24 14:41:54.362296+01,gold_establishments_2025,,,,21140453800012,2025,Collectivité Territoriale,Commune,['Calvados'],['Normandie'],COM,{14},{28}
11f058b0-4307-4bcf-8ff7-8345e995bd2c,215103607,Commune de Moslins (51),false,{51387},Commune,2026-03-24 14:42:01.954481+01,gold_establishments_2025,,,,21510360700044,2025,Collectivité Territoriale,Commune,['Marne'],['Grand Est'],COM,{51},{44}
3a493fb9-b51a-4c14-a96d-ae6ae9b871c3,211702501,Commune de Mosnac (17),false,{17250},Commune,2026-03-24 14:41:54.903238+01,gold_establishments_2025,,,,21170250100019,2025,Collectivité Territoriale,Commune,['Charente-Maritime'],['Nouvelle-Aquitaine'],COM,{17},{75}
81633626-55e6-4262-9093-abd84b8e0125,200094738,Commune de Mosnac-Saint-Simeux (16),false,{16233},Commune,2026-03-24 14:41:54.362296+01,gold_establishments_2025,,,,20009473800016,2025,Collectivité Territoriale,Commune,['Charente'],['Nouvelle-Aquitaine'],COM,{16},{75}
776b1b0d-c692-405b-b8c7-c30ae3c7d975,213601313,Commune de Mosnay (36),false,{36131},Commune,2026-03-24 14:41:59.160244+01,gold_establishments_2025,,,,21360131300017,2025,Collectivité Territoriale,Commune,['Indre'],['Centre-Val de Loire'],COM,{36},{24}
1f5fc9e3-fe2a-4667-aa67-a3d7afbbe060,213701618,Commune de Mosnes (37),false,{37161},Commune,2026-03-24 14:41:59.160244+01,gold_establishments_2025,,,,21370161800018,2025,Collectivité Territoriale,Commune,['Indre-et-Loire'],['Centre-Val de Loire'],COM,{37},{24}
035c4e1b-d637-46a7-ad82-2cc6815dd026,216601195,Commune de Mosset (66),false,{66119},Commune,2026-03-24 14:42:06.665412+01,gold_establishments_2025,,,,21660119500011,2025,Collectivité Territoriale,Commune,['Pyrénées-Orientales'],['Occitanie'],COM,{66},{76}
deac6db9-e1e4-4975-8536-f82158a4b3b0,212104442,Commune de Mosson (21),false,{21444},Commune,2026-03-24 14:41:55.433389+01,gold_establishments_2025,,,,21210444200018,2025,Collectivité Territoriale,Commune,"[""Côte-d'Or""]",['Bourgogne-Franche-Comté'],COM,{21},{27}
9c3809b4-fec8-4bff-9014-a66d53fae471,211201603,Commune de Mostuéjouls (12),false,{12160},Commune,2026-03-24 14:41:53.63825+01,gold_establishments_2025,,,,21120160300019,2025,Collectivité Territoriale,Commune,['Aveyron'],['Occitanie'],COM,{12},{76}
df182534-5cff-4761-b7da-b98b7f817bf7,217003748,Commune de Motey-Besuche (70),false,{70374},Commune,2026-03-24 14:42:07.735343+01,gold_establishments_2025,,,,21700374800019,2025,Collectivité Territoriale,Commune,['Haute-Saône'],['Bourgogne-Franche-Comté'],COM,{70},{27}
7c00bac0-6739-4c9f-93bf-2e13e2e4502a,216703058,Commune de Mothern (67),false,{67305},Commune,2026-03-24 14:42:07.195692+01,gold_establishments_2025,,,,21670305800018,2025,Collectivité Territoriale,Commune,['Bas-Rhin'],['Grand Est'],COM,{67},{44}
d7fa4bcb-409f-4a95-a22a-bd2348e3f475,212901524,Commune de Motreff (29),false,{29152},Commune,2026-03-24 14:41:57.028721+01,gold_establishments_2025,,,,21290152400018,2025,Collectivité Territoriale,Commune,['Finistère'],['Bretagne'],COM,{29},{53}
ab1fa67b-d8ed-499a-86a2-dd72054aa8cd,212802722,Commune de Mottereau (28),false,{28272},Commune,2026-03-24 14:41:57.028721+01,gold_establishments_2025,,,,21280272200018,2025,Collectivité Territoriale,Commune,['Eure-et-Loir'],['Centre-Val de Loire'],COM,{28},{24}
711f870f-7f9b-429b-98ce-033055881ab7,217604560,Commune de Motteville (76),false,{76456},Commune,2026-03-24 14:42:08.818969+01,gold_establishments_2025,,,,21760456000011,2025,Collectivité Territoriale,Commune,['Seine-Maritime'],['Normandie'],COM,{76},{28}
f79e6ab3-02f0-4554-bcb6-e3c1cb0b0a41,213802671,Commune de Mottier (38),false,{38267},Commune,2026-03-24 14:41:59.160244+01,gold_establishments_2025,,,,21380267100015,2025,Collectivité Territoriale,Commune,['Isère'],['Auvergne-Rhône-Alpes'],COM,{38},{84}
5cc9525c-eef0-44ab-95a4-fab824858198,217301803,Commune de Motz (73),false,{73180},Commune,2026-03-24 14:42:08.279287+01,gold_establishments_2025,,,,21730180300011,2025,Collectivité Territoriale,Commune,['Savoie'],['Auvergne-Rhône-Alpes'],COM,{73},{84}
a59b1418-b82a-477d-9500-549841ca891e,215408006,Commune de Mouacourt (54),false,{54388},Commune,2026-03-24 14:42:02.957225+01,gold_establishments_2025,,,,21540800600017,2025,Collectivité Territoriale,Commune,['Meurthe-et-Moselle'],['Grand Est'],COM,{54},{44}
f04fc71a-0644-4e2e-b06c-8141f30482a1,214401051,Commune de Mouais (44),false,{44105},Commune,2026-03-24 14:42:00.273698+01,gold_establishments_2025,,,,21440105100013,2025,Collectivité Territoriale,Commune,['Loire-Atlantique'],['Pays de la Loire'],COM,{44},{52}
2ebba564-2d9a-433d-8fd9-1f2c957f8059,210600847,Commune de Mouans-Sartoux (06),false,{06084},Commune,2026-03-24 14:41:52.562531+01,gold_establishments_2025,,,,21060084700011,2025,Collectivité Territoriale,Commune,['Alpes-Maritimes'],"[""Provence-Alpes-Côte d'Azur""]",COM,{06},{93}
b87d82d7-5f7e-4a88-88a3-ffc3bdf28dba,215403890,Commune de Mouaville (54),false,{54389},Commune,2026-03-24 14:42:02.957225+01,gold_establishments_2025,,,,21540389000019,2025,Collectivité Territoriale,Commune,['Meurthe-et-Moselle'],['Grand Est'],COM,{54},{44}
df7c3571-3555-443b-8dc7-8c0f3aeb7977,213501976,Commune de Mouazé (35),false,{35197},Commune,2026-03-24 14:41:58.620411+01,gold_establishments_2025,,,,21350197600012,2025,Collectivité Territoriale,Commune,['Ille-et-Vilaine'],['Bretagne'],COM,{35},{53}
66e37032-e047-4df1-b149-f5865b1d055c,218501534,Commune de Mouchamps (85),false,{85153},Commune,2026-03-24 14:42:10.508772+01,gold_establishments_2025,,,,21850153400018,2025,Collectivité Territoriale,Commune,['Vendée'],['Pays de la Loire'],COM,{85},{52}
cc434fa7-72be-425a-a2a0-d710b888d2b3,213202922,Commune de Mouchan (32),false,{32292},Commune,2026-03-24 14:41:58.09424+01,gold_establishments_2025,,,,21320292200018,2025,Collectivité Territoriale,Commune,['Gers'],['Occitanie'],COM,{32},{76}
0783077a-eba5-4920-9f68-9a14fc71c831,213903701,Commune de Mouchard (39),false,{39370},Commune,2026-03-24 14:41:59.705606+01,gold_establishments_2025,,,,21390370100018,2025,Collectivité Territoriale,Commune,['Jura'],['Bourgogne-Franche-Comté'],COM,{39},{27}
7519f46b-2f1b-4201-ae51-e7529c595a1d,215904194,Commune de Mouchin (59),false,{59419},Commune,2026-03-24 14:42:04.280096+01,gold_establishments_2025,,,,21590419400010,2025,Collectivité Territoriale,Commune,['Nord'],['Hauts-de-France'],COM,{59},{32}
52ef03c8-4cc2-4ef3-a690-8c280cf129de,216004325,Commune de Mouchy-le-Châtel (60),false,{60437},Commune,2026-03-24 14:42:04.814328+01,gold_establishments_2025,,,,21600432500017,2025,Collectivité Territoriale,Commune,['Oise'],['Hauts-de-France'],COM,{60},{32}
7de02295-03b1-4e37-bacf-1e58be5d566c,213202930,Commune de Mouchès (32),false,{32293},Commune,2026-03-24 14:41:58.09424+01,gold_establishments_2025,,,,21320293000011,2025,Collectivité Territoriale,Commune,['Gers'],['Occitanie'],COM,{32},{76}
2be8ca51-17c5-462a-8131-50cfd7d8f260,214301442,Commune de Moudeyres (43),false,{43144},Commune,2026-03-24 14:42:00.273698+01,gold_establishments_2025,,,,21430144200015,2025,Collectivité Territoriale,Commune,['Haute-Loire'],['Auvergne-Rhône-Alpes'],COM,{43},{84}
044ff57f-83f6-44a0-a843-786b1d31d723,211404546,Commune de Mouen (14),false,{14454},Commune,2026-03-24 14:41:54.362296+01,gold_establishments_2025,,,,21140454600015,2025,Collectivité Territoriale,Commune,['Calvados'],['Normandie'],COM,{14},{28}
96d7d1f3-9aee-4cdc-95ff-e7fb7251ec64,212704191,Commune de Mouettes (27),false,{27419},Commune,2026-03-24 14:41:57.028721+01,gold_establishments_2025,,,,21270419100015,2025,Collectivité Territoriale,Commune,['Eure'],['Normandie'],COM,{27},{28}
40e5dd43-af1f-41e8-ac99-c9373c5cbf0e,218902708,Commune de Mouffy (89),false,{89270},Commune,2026-03-24 14:42:11.659493+01,gold_establishments_2025,,,,21890270800013,2025,Collectivité Territoriale,Commune,['Yonne'],['Bourgogne-Franche-Comté'],COM,{89},{27}
65a37c08-e61b-4b45-819f-9f0dde42cbfe,212704209,Commune de Mouflaines (27),false,{27420},Commune,2026-03-24 14:41:57.028721+01,gold_establishments_2025,,,,21270420900015,2025,Collectivité Territoriale,Commune,['Eure'],['Normandie'],COM,{27},{28}
8ec08994-6866-40b1-9084-3f05e34bfaf2,218005411,Commune de Mouflers (80),false,{80574},Commune,2026-03-24 14:42:09.967209+01,gold_establishments_2025,,,,21800541100010,2025,Collectivité Territoriale,Commune,['Somme'],['Hauts-de-France'],COM,{80},{32}
266b54e3-bd71-40be-afad-a44b6ed67f99,218005429,Commune de Mouflières (80),false,{80575},Commune,2026-03-24 14:42:09.967209+01,gold_establishments_2025,,,,21800542900012,2025,Collectivité Territoriale,Commune,['Somme'],['Hauts-de-France'],COM,{80},{32}
a9a6e068-aa20-4495-96d4-eedbb07e7bc0,210600854,Commune de Mougins (06),false,{06085},Commune,2026-03-24 14:41:52.562531+01,gold_establishments_2025,,,,21060085400017,2025,Collectivité Territoriale,Commune,['Alpes-Maritimes'],"[""Provence-Alpes-Côte d'Azur""]",COM,{06},{93}
57ab5bf6-aa9d-4d5a-86d6-09dd0846df3c,216404079,Commune de Mouguerre (64),false,{64407},Commune,2026-03-24 14:42:06.665412+01,gold_establishments_2025,,,,21640407900016,2025,Collectivité Territoriale,Commune,['Pyrénées-Atlantiques'],['Nouvelle-Aquitaine'],COM,{64},{75}
dd27f834-7305-4b5d-b213-f7ddfeff8c73,213601339,Commune de Mouhers (36),false,{36133},Commune,2026-03-24 14:41:59.160244+01,gold_establishments_2025,,,,21360133900012,2025,Collectivité Territoriale,Commune,['Indre'],['Centre-Val de Loire'],COM,{36},{24}
53bc22b3-37cd-4285-8e9c-0ada58ad822c,213601347,Commune de Mouhet (36),false,{36134},Commune,2026-03-24 14:41:59.160244+01,gold_establishments_2025,,,,21360134700015,2025,Collectivité Territoriale,Commune,['Indre'],['Centre-Val de Loire'],COM,{36},{24}
16c1fe17-4c97-427c-9130-d903248cddd1,216404087,Commune de Mouhous (64),false,{64408},Commune,2026-03-24 14:42:06.665412+01,gold_establishments_2025,,,,21640408700019,2025,Collectivité Territoriale,Commune,['Pyrénées-Atlantiques'],['Nouvelle-Aquitaine'],COM,{64},{75}
cf5caf41-bb91-4054-b146-8fbcf2a782f0,213302953,Commune de Mouillac (33),false,{33295},Commune,2026-03-24 14:41:58.620411+01,gold_establishments_2025,,,,21330295300012,2025,Collectivité Territoriale,Commune,['Gironde'],['Nouvelle-Aquitaine'],COM,{33},{75}
193e9bec-c162-44e3-9d3e-6a3d9aaf4b2b,218201333,Commune de Mouillac (82),false,{82133},Commune,2026-03-24 14:42:10.508772+01,gold_establishments_2025,,,,21820133300018,2025,Collectivité Territoriale,Commune,['Tarn-et-Garonne'],['Occitanie'],COM,{82},{76}
518f11f6-52b3-4483-8f86-0c55fdf9e572,215202466,Commune de Mouilleron (52),false,{52344},Commune,2026-03-24 14:42:01.954481+01,gold_establishments_2025,,,,21520246600011,2025,Collectivité Territoriale,Commune,['Haute-Marne'],['Grand Est'],COM,{52},{44}
aba5623c-e33a-464c-b39d-35549a25a719,200057628,Commune de Mouilleron-Saint-Germain (85),false,{85154},Commune,2026-03-24 14:42:10.508772+01,gold_establishments_2025,,,,20005762800014,2025,Collectivité Territoriale,Commune,['Vendée'],['Pays de la Loire'],COM,{85},{52}
efd3bcd0-15ef-4468-8a0f-84c282e18117,218501559,Commune de Mouilleron-le-Captif (85),false,{85155},Commune,2026-03-24 14:42:10.508772+01,gold_establishments_2025,,,,21850155900015,2025,Collectivité Territoriale,Commune,['Vendée'],['Pays de la Loire'],COM,{85},{52}
8c420bd2-2be4-4b23-ae6e-9e8890c667cf,215503608,Commune de Mouilly (55),false,{55360},Commune,2026-03-24 14:42:03.701372+01,gold_establishments_2025,,,,21550360800014,2025,Collectivité Territoriale,Commune,['Meuse'],['Grand Est'],COM,{55},{44}
6e901d46-97f5-4a49-abd3-f54cacb065d3,215503616,Commune de Moulainville (55),false,{55361},Commune,2026-03-24 14:42:03.701372+01,gold_establishments_2025,,,,21550361600017,2025,Collectivité Territoriale,Commune,['Meuse'],['Grand Est'],COM,{55},{44}
f12b35c9-5330-41d8-94fe-3cd9d63ac741,218101863,Commune de Moularès (81),false,{81186},Commune,2026-03-24 14:42:09.967209+01,gold_establishments_2025,,,,21810186300015,2025,Collectivité Territoriale,Commune,['Tarn'],['Occitanie'],COM,{81},{76}
ec934c03-c923-4853-89cd-65c70d61119e,215301623,Commune de Moulay (53),false,{53162},Commune,2026-03-24 14:42:02.957225+01,gold_establishments_2025,,,,21530162300017,2025,Collectivité Territoriale,Commune,['Mayenne'],['Pays de la Loire'],COM,{53},{52}
c8409bd8-d28f-416b-9401-2b165ef7925b,218101871,Commune de Moulayrès (81),false,{81187},Commune,2026-03-24 14:42:09.967209+01,gold_establishments_2025,,,,21810187100018,2025,Collectivité Territoriale,Commune,['Tarn'],['Occitanie'],COM,{81},{76}
a5ddd97c-7a71-4567-a299-f8c8e113cee0,212402960,Commune de Mouleydier (24),false,{24296},Commune,2026-03-24 14:41:55.958138+01,gold_establishments_2025,,,,21240296000018,2025,Collectivité Territoriale,Commune,['Dordogne'],['Nouvelle-Aquitaine'],COM,{24},{75}
1bc17650-30e9-4349-81f3-e8e3397f7dfe,212802730,Commune de Moulhard (28),false,{28273},Commune,2026-03-24 14:41:57.028721+01,gold_establishments_2025,,,,21280273000011,2025,Collectivité Territoriale,Commune,['Eure-et-Loir'],['Centre-Val de Loire'],COM,{28},{24}
844ff75c-c4e2-413f-94a6-50770c2c3870,211602347,Commune de Moulidars (16),false,{16234},Commune,2026-03-24 14:41:54.362296+01,gold_establishments_2025,,,,21160234700018,2025,Collectivité Territoriale,Commune,['Charente'],['Nouvelle-Aquitaine'],COM,{16},{75}
c411dec8-47b8-4881-8ff2-7c5b8a0efb65,213302961,Commune de Mouliets-et-Villemartin (33),false,{33296},Commune,2026-03-24 14:41:58.620411+01,gold_establishments_2025,,,,21330296100015,2025,Collectivité Territoriale,Commune,['Gironde'],['Nouvelle-Aquitaine'],COM,{33},{75}
16838bf3-cc2a-4826-ba59-7d8a2a4a7e7d,214902215,Commune de Mouliherne (49),false,{49221},Commune,2026-03-24 14:42:01.412377+01,gold_establishments_2025,,,,21490221500018,2025,Collectivité Territoriale,Commune,['Maine-et-Loire'],['Pays de la Loire'],COM,{49},{52}
b77e0868-82df-4304-907c-887ff1be55d5,218101889,Commune de Moulin-Mage (81),false,{81188},Commune,2026-03-24 14:42:09.967209+01,gold_establishments_2025,,,,21810188900010,2025,Collectivité Territoriale,Commune,['Tarn'],['Occitanie'],COM,{81},{76}
e6bd4528-a1ca-47f1-aff5-a8b950c80032,210902136,Commune de Moulin-Neuf (09),false,{09213},Commune,2026-03-24 14:41:53.095366+01,gold_establishments_2025,,,,21090213600014,2025,Collectivité Territoriale,Commune,['Ariège'],['Occitanie'],COM,{09},{76}
c9c04c50-7be6-4bc5-9a70-340024c70620,212402978,Commune de Moulin-Neuf (24),false,{24297},Commune,2026-03-24 14:41:55.958138+01,gold_establishments_2025,,,,21240297800010,2025,Collectivité Territoriale,Commune,['Dordogne'],['Nouvelle-Aquitaine'],COM,{24},{75}
e5a92cb7-6c67-477c-8218-4006559018bc,216004333,Commune de Moulin-sous-Touvent (60),false,{60438},Commune,2026-03-24 14:42:04.814328+01,gold_establishments_2025,,,,21600433300011,2025,Collectivité Territoriale,Commune,['Oise'],['Hauts-de-France'],COM,{60},{32}
a8818616-f55d-4b21-b09d-88f73420c577,217604578,Commune de Moulineaux (76),false,{76457},Commune,2026-03-24 14:42:08.818969+01,gold_establishments_2025,,,,21760457800013,2025,Collectivité Territoriale,Commune,['Seine-Maritime'],['Normandie'],COM,{76},{28}
d73480be-0c2a-496e-9250-635423600fd1,211404553,Commune de Moulines (14),false,{14455},Commune,2026-03-24 14:41:54.362296+01,gold_establishments_2025,,,,21140455300011,2025,Collectivité Territoriale,Commune,['Calvados'],['Normandie'],COM,{14},{28}
7d6c5352-a01c-4964-a980-c1c2885e2631,215003625,Commune de Moulines (50),false,{50362},Commune,2026-03-24 14:42:01.412377+01,gold_establishments_2025,,,,21500362500013,2025,Collectivité Territoriale,Commune,['Manche'],['Normandie'],COM,{50},{28}
35acea00-48d1-43ef-b2ba-06e7b79d634b,210600862,Commune de Moulinet (06),false,{06086},Commune,2026-03-24 14:41:52.562531+01,gold_establishments_2025,,,,21060086200010,2025,Collectivité Territoriale,Commune,['Alpes-Maritimes'],"[""Provence-Alpes-Côte d'Azur""]",COM,{06},{93}
0d9cc686-b854-4a04-8dd3-d2382c356c8c,214701930,Commune de Moulinet (47),false,{47193},Commune,2026-03-24 14:42:00.862623+01,gold_establishments_2025,,,,21470193000015,2025,Collectivité Territoriale,Commune,['Lot-et-Garonne'],['Nouvelle-Aquitaine'],COM,{47},{75}
354c21e5-0199-4d0d-a571-44ea7bc830ab,210205076,Commune de Moulins (02),false,{02530},Commune,2026-03-24 14:41:52.020251+01,gold_establishments_2025,,,,21020507600016,2025,Collectivité Territoriale,Commune,['Aisne'],['Hauts-de-France'],COM,{02},{32}
4049d236-5d3d-4424-8ba7-8f3aa0c44069,210301909,Commune de Moulins (03),false,{03190},Commune,2026-03-24 14:41:52.020251+01,gold_establishments_2025,,,,21030190900011,2025,Collectivité Territoriale,Commune,['Allier'],['Auvergne-Rhône-Alpes'],COM,{03},{84}
d6c5bea0-552d-4e44-b0d9-7ac862d73d8e,213501984,Commune de Moulins (35),false,{35198},Commune,2026-03-24 14:41:58.620411+01,gold_establishments_2025,,,,21350198400016,2025,Collectivité Territoriale,Commune,['Ille-et-Vilaine'],['Bretagne'],COM,{35},{53}
b4f10bda-6c9e-401d-976e-4cb587732a18,215801820,Commune de Moulins-Engilbert (58),false,{58182},Commune,2026-03-24 14:42:04.280096+01,gold_establishments_2025,,,,21580182000014,2025,Collectivité Territoriale,Commune,['Nièvre'],['Bourgogne-Franche-Comté'],COM,{58},{27}
eefd7372-924d-4da9-9f3e-28dd3782d6d2,215503624,Commune de Moulins-Saint-Hubert (55),false,{55362},Commune,2026-03-24 14:42:03.701372+01,gold_establishments_2025,,,,21550362400011,2025,Collectivité Territoriale,Commune,['Meuse'],['Grand Est'],COM,{55},{44}
23038d9f-c22f-492b-a750-cfc2007f8493,200065001,Commune de Moulins-en-Bessin (14),false,{14406},Commune,2026-03-24 14:41:54.362296+01,gold_establishments_2025,,,,20006500100014,2025,Collectivité Territoriale,Commune,['Calvados'],['Normandie'],COM,{14},{28}
706cf1c2-8eca-4132-a0ef-e3cb69ad78e3,218902716,Commune de Moulins-en-Tonnerrois (89),false,{89271},Commune,2026-03-24 14:42:11.659493+01,gold_establishments_2025,,,,21890271600016,2025,Collectivité Territoriale,Commune,['Yonne'],['Bourgogne-Franche-Comté'],COM,{89},{27}
0c21211d-6d4c-4292-b8eb-60123b3477ef,216102970,Commune de Moulins-la-Marche (61),false,{61297},Commune,2026-03-24 14:42:05.597325+01,gold_establishments_2025,,,,21610297000011,2025,Collectivité Territoriale,Commune,['Orne'],['Normandie'],COM,{61},{28}
e2307091-f7e1-4db3-9388-be4f6d5f0831,217202126,Commune de Moulins-le-Carbonnel (72),false,{72212},Commune,2026-03-24 14:42:08.279287+01,gold_establishments_2025,,,,21720212600017,2025,Collectivité Territoriale,Commune,['Sarthe'],['Pays de la Loire'],COM,{72},{52}
935fd1bc-a3e2-4391-b51f-a60d30048dc6,215704875,Commune de Moulins-lès-Metz (57),false,{57487},Commune,2026-03-24 14:42:03.701372+01,gold_establishments_2025,,,,21570487500016,2025,Collectivité Territoriale,Commune,['Moselle'],['Grand Est'],COM,{57},{44}
ddcfd48a-0215-44f6-a42c-e9f8b46eeaa6,213601354,Commune de Moulins-sur-Céphons (36),false,{36135},Commune,2026-03-24 14:41:59.160244+01,gold_establishments_2025,,,,21360135400011,2025,Collectivité Territoriale,Commune,['Indre'],['Centre-Val de Loire'],COM,{36},{24}
b3b539f3-d756-4428-a436-cdf3f1e23df1,216102988,Commune de Moulins-sur-Orne (61),false,{61298},Commune,2026-03-24 14:42:05.597325+01,gold_establishments_2025,,,,21610298800013,2025,Collectivité Territoriale,Commune,['Orne'],['Normandie'],COM,{61},{28}
a19f20ea-b4e9-4b54-b3fa-c0e8c6b8ed68,218902724,Commune de Moulins-sur-Ouanne (89),false,{89272},Commune,2026-03-24 14:42:11.659493+01,gold_establishments_2025,,,,21890272400010,2025,Collectivité Territoriale,Commune,['Yonne'],['Bourgogne-Franche-Comté'],COM,{89},{27}
62b5faed-7b57-466c-badf-39296c9eb518,200085629,Commune de Moulins-sur-Tardoire (16),false,{16406},Commune,2026-03-24 14:41:54.903238+01,gold_establishments_2025,,,,20008562900018,2025,Collectivité Territoriale,Commune,['Charente'],['Nouvelle-Aquitaine'],COM,{16},{75}
73fcf695-1b27-41c7-b772-e9a49f0f0c0a,211801584,Commune de Moulins-sur-Yèvre (18),false,{18158},Commune,2026-03-24 14:41:54.903238+01,gold_establishments_2025,,,,21180158400015,2025,Collectivité Territoriale,Commune,['Cher'],['Centre-Val de Loire'],COM,{18},{24}
6198339c-ce62-4856-a4d8-605498c1722c,210902144,Commune de Moulis (09),false,{09214},Commune,2026-03-24 14:41:53.095366+01,gold_establishments_2025,,,,21090214400018,2025,Collectivité Territoriale,Commune,['Ariège'],['Occitanie'],COM,{09},{76}
7a8c3f21-481b-4f97-b5f6-697913fff90f,213302979,Commune de Moulis-en-Médoc (33),false,{33297},Commune,2026-03-24 14:41:58.620411+01,gold_establishments_2025,,,,21330297900017,2025,Collectivité Territoriale,Commune,['Gironde'],['Nouvelle-Aquitaine'],COM,{33},{75}
b1457b76-2ebf-4215-94f2-67d39aec1f1a,218601706,Commune de Moulismes (86),false,{86170},Commune,2026-03-24 14:42:10.508772+01,gold_establishments_2025,,,,21860170600011,2025,Collectivité Territoriale,Commune,['Vienne'],['Nouvelle-Aquitaine'],COM,{86},{75}
a4891591-a805-4dd0-a7d7-d38c0b3fb47f,216205955,Commune de Moulle (62),false,{62595},Commune,2026-03-24 14:42:05.597325+01,gold_establishments_2025,,,,21620595500018,2025,Collectivité Territoriale,Commune,['Pas-de-Calais'],['Hauts-de-France'],COM,{62},{32}
06d2d90e-d549-4eea-a9b2-225141b8c2fd,213302987,Commune de Moulon (33),false,{33298},Commune,2026-03-24 14:41:58.620411+01,gold_establishments_2025,,,,21330298700010,2025,Collectivité Territoriale,Commune,['Gironde'],['Nouvelle-Aquitaine'],COM,{33},{75}
d98bd7ac-c195-4381-9118-f28c9d763f03,214502197,Commune de Moulon (45),false,{45219},Commune,2026-03-24 14:42:00.862623+01,gold_establishments_2025,,,,21450219700012,2025,Collectivité Territoriale,Commune,['Loiret'],['Centre-Val de Loire'],COM,{45},{24}
c097e3af-680f-4e66-b7b2-8a1874d842c0,215503632,Commune de Moulotte (55),false,{55363},Commune,2026-03-24 14:42:03.701372+01,gold_establishments_2025,,,,21550363200014,2025,Collectivité Territoriale,Commune,['Meuse'],['Grand Est'],COM,{55},{44}
4cc038e2-4647-4370-a5b0-3fd05ae9d65f,200065019,Commune de Moult-Chicheboville (14),false,{14456},Commune,2026-03-24 14:41:54.362296+01,gold_establishments_2025,,,,20006501900016,2025,Collectivité Territoriale,Commune,['Calvados'],['Normandie'],COM,{14},{28}
74399a89-ec54-4d0b-8522-abb4b6959271,213401748,Commune de Moulès-et-Baucels (34),false,{34174},Commune,2026-03-24 14:41:58.620411+01,gold_establishments_2025,,,,21340174800016,2025,Collectivité Territoriale,Commune,['Hérault'],['Occitanie'],COM,{34},{76}
ae59b82f-9191-4f3f-9dfc-779df9fab355,216503243,Commune de Moulédous (65),false,{65324},Commune,2026-03-24 14:42:06.665412+01,gold_establishments_2025,,,,21650324300018,2025,Collectivité Territoriale,Commune,['Hautes-Pyrénées'],['Occitanie'],COM,{65},{76}
f62a6b3c-3805-4777-8a32-39544cbdd9ab,213001837,Commune de Moulézan (30),false,{30183},Commune,2026-03-24 14:41:57.56054+01,gold_establishments_2025,,,,21300183700011,2025,Collectivité Territoriale,Commune,['Gard'],['Occitanie'],COM,{30},{76}
9dbb4cf4-1cca-4a67-aa31-8d6f114416e4,216503250,Commune de Moumoulous (65),false,{65325},Commune,2026-03-24 14:42:06.665412+01,gold_establishments_2025,,,,21650325000013,2025,Collectivité Territoriale,Commune,['Hautes-Pyrénées'],['Occitanie'],COM,{65},{76}
cc33c42c-c945-45d5-8b47-a98234fd53da,216404095,Commune de Moumour (64),false,{64409},Commune,2026-03-24 14:42:06.665412+01,gold_establishments_2025,,,,21640409500012,2025,Collectivité Territoriale,Commune,['Pyrénées-Atlantiques'],['Nouvelle-Aquitaine'],COM,{64},{75}
774bcc87-6c08-40a2-9ea5-1004e6ea61bc,211201926,Commune de Mounes-Prohencoux (12),false,{12192},Commune,2026-03-24 14:41:53.63825+01,gold_establishments_2025,,,,21120192600014,2025,Collectivité Territoriale,Commune,['Aveyron'],['Occitanie'],COM,{12},{76}
72461081-7a83-4129-b6d1-37e7d4e434a1,213302995,Commune de Mourens (33),false,{33299},Commune,2026-03-24 14:41:58.620411+01,gold_establishments_2025,,,,21330299500013,2025,Collectivité Territoriale,Commune,['Gironde'],['Nouvelle-Aquitaine'],COM,{33},{75}
1e1c18a2-bed4-4cb5-a45c-3d01905213ca,216404103,Commune de Mourenx (64),false,{64410},Commune,2026-03-24 14:42:06.665412+01,gold_establishments_2025,,,,21640410300014,2025,Collectivité Territoriale,Commune,['Pyrénées-Atlantiques'],['Nouvelle-Aquitaine'],COM,{64},{75}
d31ba33b-6d2a-4b58-a44b-2b1c1c14da03,211201611,Commune de Mouret (12),false,{12161},Commune,2026-03-24 14:41:53.63825+01,gold_establishments_2025,,,,21120161100012,2025,Collectivité Territoriale,Commune,['Aveyron'],['Occitanie'],COM,{12},{76}
2c68b6bf-74aa-41fd-aa8e-43c80f611d6b,216302430,Commune de Moureuille (63),false,{63243},Commune,2026-03-24 14:42:06.130387+01,gold_establishments_2025,,,,21630243000014,2025,Collectivité Territoriale,Commune,['Puy-de-Dôme'],['Auvergne-Rhône-Alpes'],COM,{63},{84}
19ce252c-c55e-4feb-9d8c-fabba87b4f66,216205963,Commune de Mouriez (62),false,{62596},Commune,2026-03-24 14:42:05.597325+01,gold_establishments_2025,,,,21620596300012,2025,Collectivité Territoriale,Commune,['Pas-de-Calais'],['Hauts-de-France'],COM,{62},{32}
c879c77d-aea6-4801-a2ba-efab25188f55,212313704,Commune de Mourioux-Vieilleville (23),false,{23137},Commune,2026-03-24 14:41:55.958138+01,gold_establishments_2025,,,,21231370400018,2025,Collectivité Territoriale,Commune,['Creuse'],['Nouvelle-Aquitaine'],COM,{23},{75}
e44d5ce4-0e5e-49b7-a42e-6dcb34de03f2,211300652,Commune de Mouriès (13),false,{13065},Commune,2026-03-24 14:41:53.63825+01,gold_establishments_2025,,,,21130065200016,2025,Collectivité Territoriale,Commune,['Bouches-du-Rhône'],"[""Provence-Alpes-Côte d'Azur""]",COM,{13},{93}
62d0a230-3e07-47ef-a066-4c637e4a74f9,215103615,Commune de Mourmelon-le-Grand (51),false,{51388},Commune,2026-03-24 14:42:01.954481+01,gold_establishments_2025,,,,21510361500138,2025,Collectivité Territoriale,Commune,['Marne'],['Grand Est'],COM,{51},{44}
50e1c496-6d16-48c5-9cd3-4fc9305cf64a,215103623,Commune de Mourmelon-le-Petit (51),false,{51389},Commune,2026-03-24 14:42:01.954481+01,gold_establishments_2025,,,,21510362300017,2025,Collectivité Territoriale,Commune,['Marne'],['Grand Est'],COM,{51},{44}
ee4cd65f-7861-4a21-a2c9-37855adae5c1,213903727,Commune de Mournans-Charbonny (39),false,{39372},Commune,2026-03-24 14:41:59.705606+01,gold_establishments_2025,,,,21390372700013,2025,Collectivité Territoriale,Commune,['Jura'],['Bourgogne-Franche-Comté'],COM,{39},{27}
6956a925-0d59-428d-abb2-f1d6e7c0e0db,210802773,Commune de Mouron (08),false,{08310},Commune,2026-03-24 14:41:53.095366+01,gold_establishments_2025,,,,21080277300015,2025,Collectivité Territoriale,Commune,['Ardennes'],['Grand Est'],COM,{08},{44}
59e88897-5a51-43d1-95ec-87c6d5c74f2f,215801838,Commune de Mouron-sur-Yonne (58),false,{58183},Commune,2026-03-24 14:42:04.280096+01,gold_establishments_2025,,,,21580183800016,2025,Collectivité Territoriale,Commune,['Nièvre'],['Bourgogne-Franche-Comté'],COM,{58},{27}
69a2bd62-248b-4f1c-b0f8-f69e30505b43,217703206,Commune de Mouroux (77),false,{77320},Commune,2026-03-24 14:42:09.43682+01,gold_establishments_2025,,,,21770320600011,2025,Collectivité Territoriale,Commune,['Seine-et-Marne'],['Île-de-France'],COM,{77},{11}
c9a54501-3f27-40cd-ae18-122ab7bbfc5e,219504362,Commune de Mours (95),false,{95436},Commune,2026-03-24 14:42:11.659493+01,gold_establishments_2025,,,,21950436200050,2025,Collectivité Territoriale,Commune,"[""Val-d'Oise""]",['Île-de-France'],COM,{95},{11}
36115d8e-112c-4177-9048-796eb1dfd10f,212602189,Commune de Mours-Saint-Eusèbe (26),false,{26218},Commune,2026-03-24 14:41:56.495197+01,gold_establishments_2025,,,,21260218900012,2025,Collectivité Territoriale,Commune,['Drôme'],['Auvergne-Rhône-Alpes'],COM,{26},{84}
99a2e678-00ec-46a1-8360-5bf6f356a78d,213103922,Commune de Mourvilles-Basses (31),false,{31392},Commune,2026-03-24 14:41:58.09424+01,gold_establishments_2025,,,,21310392200018,2025,Collectivité Territoriale,Commune,['Haute-Garonne'],['Occitanie'],COM,{31},{76}
067597b4-d759-4135-896a-4ad47c483f6b,213103930,Commune de Mourvilles-Hautes (31),false,{31393},Commune,2026-03-24 14:41:58.09424+01,gold_establishments_2025,,,,21310393000011,2025,Collectivité Territoriale,Commune,['Haute-Garonne'],['Occitanie'],COM,{31},{76}
31b42f49-1652-43ed-b892-5e10651b405c,213202948,Commune de Mourède (32),false,{32294},Commune,2026-03-24 14:41:58.09424+01,gold_establishments_2025,,,,21320294800013,2025,Collectivité Territoriale,Commune,['Gers'],['Occitanie'],COM,{32},{76}
43c3a60a-b2f3-4ecb-b9e3-d95f5d03ba3f,213401755,Commune de Mourèze (34),false,{34175},Commune,2026-03-24 14:41:58.620411+01,gold_establishments_2025,,,,21340175500011,2025,Collectivité Territoriale,Commune,['Hérault'],['Occitanie'],COM,{34},{76}
fac21ace-8699-476d-a57c-fa97a3c50db3,214001992,Commune de Mouscardès (40),false,{40199},Commune,2026-03-24 14:41:59.705606+01,gold_establishments_2025,,,,21400199200012,2025,Collectivité Territoriale,Commune,['Landes'],['Nouvelle-Aquitaine'],COM,{40},{75}
e20b7999-0b24-441b-b518-59816acc3af3,213001845,Commune de Moussac (30),false,{30184},Commune,2026-03-24 14:41:57.56054+01,gold_establishments_2025,,,,21300184500014,2025,Collectivité Territoriale,Commune,['Gard'],['Occitanie'],COM,{30},{76}
318782fd-31e0-4fed-bb4f-71bb13361142,218601714,Commune de Moussac (86),false,{86171},Commune,2026-03-24 14:42:10.508772+01,gold_establishments_2025,,,,21860171400015,2025,Collectivité Territoriale,Commune,['Vienne'],['Nouvelle-Aquitaine'],COM,{86},{75}
371c6474-aa33-45ba-a126-41832b868ee3,211501374,Commune de Moussages (15),false,{15137},Commune,2026-03-24 14:41:54.362296+01,gold_establishments_2025,,,,21150137400014,2025,Collectivité Territoriale,Commune,['Cantal'],['Auvergne-Rhône-Alpes'],COM,{15},{84}
0a80d7dc-1cec-4a51-b346-88443a663c82,211102587,Commune de Moussan (11),false,{11258},Commune,2026-03-24 14:41:53.63825+01,gold_establishments_2025,,,,21110258700014,2025,Collectivité Territoriale,Commune,['Aude'],['Occitanie'],COM,{11},{76}
27645ff5-2c53-4881-a801-f49f8ce0ba8e,212704217,Commune de Mousseaux-Neuville (27),false,{27421},Commune,2026-03-24 14:41:57.028721+01,gold_establishments_2025,,,,21270421700018,2025,Collectivité Territoriale,Commune,['Eure'],['Normandie'],COM,{27},{28}
5e8d2872-713b-422b-99a8-565a72c61c2c,217703214,Commune de Mousseaux-lès-Bray (77),false,{77321},Commune,2026-03-24 14:42:09.43682+01,gold_establishments_2025,,,,21770321400015,2025,Collectivité Territoriale,Commune,['Seine-et-Marne'],['Île-de-France'],COM,{77},{11}
e9aa4d7e-9752-4076-b722-f991a7a6a394,217804376,Commune de Mousseaux-sur-Seine (78),false,{78437},Commune,2026-03-24 14:42:09.43682+01,gold_establishments_2025,,,,21780437600010,2025,Collectivité Territoriale,Commune,['Yvelines'],['Île-de-France'],COM,{78},{11}
7a3377a5-91ea-46b6-926b-0bf3b383611b,211002522,Commune de Moussey (10),false,{10260},Commune,2026-03-24 14:41:53.095366+01,gold_establishments_2025,,,,21100252200012,2025,Collectivité Territoriale,Commune,['Aube'],['Grand Est'],COM,{10},{44}
084cd648-138b-4dff-9c41-2f03e7c13ee6,215704883,Commune de Moussey (57),false,{57488},Commune,2026-03-24 14:42:03.701372+01,gold_establishments_2025,,,,21570488300010,2025,Collectivité Territoriale,Commune,['Moselle'],['Grand Est'],COM,{57},{44}
79e2f880-6800-4631-a202-bce376aea33c,218803179,Commune de Moussey (88),false,{88317},Commune,2026-03-24 14:42:11.118516+01,gold_establishments_2025,,,,21880317900017,2025,Collectivité Territoriale,Commune,['Vosges'],['Grand Est'],COM,{88},{44}
bfebd380-8740-4321-94d2-4f3e7d56d9db,215403908,Commune de Mousson (54),false,{54390},Commune,2026-03-24 14:42:02.957225+01,gold_establishments_2025,,,,21540390800019,2025,Collectivité Territoriale,Commune,['Meurthe-et-Moselle'],['Grand Est'],COM,{54},{44}
a57fece4-c9c5-49a7-aeae-d4d1827e7658,211102595,Commune de Moussoulens (11),false,{11259},Commune,2026-03-24 14:41:53.63825+01,gold_establishments_2025,,,,21110259500017,2025,Collectivité Territoriale,Commune,['Aude'],['Occitanie'],COM,{11},{76}
125caf83-45e2-4e1d-b2c5-a291d7407dfd,215103631,Commune de Moussy (51),false,{51390},Commune,2026-03-24 14:42:01.954481+01,gold_establishments_2025,,,,21510363100010,2025,Collectivité Territoriale,Commune,['Marne'],['Grand Est'],COM,{51},{44}
5fa14afc-3534-4291-a913-272d2368585c,215801846,Commune de Moussy (58),false,{58184},Commune,2026-03-24 14:42:04.280096+01,gold_establishments_2025,,,,21580184600019,2025,Collectivité Territoriale,Commune,['Nièvre'],['Bourgogne-Franche-Comté'],COM,{58},{27}
285b8f50-a63d-48d5-95cb-a682d31a530e,219504388,Commune de Moussy (95),false,{95438},Commune,2026-03-24 14:42:11.659493+01,gold_establishments_2025,,,,21950438800014,2025,Collectivité Territoriale,Commune,"[""Val-d'Oise""]",['Île-de-France'],COM,{95},{11}
19b9bef1-d205-4326-9ff4-79f2d8edb6ad,210205084,Commune de Moussy-Verneuil (02),false,{02531},Commune,2026-03-24 14:41:52.020251+01,gold_establishments_2025,,,,21020508400010,2025,Collectivité Territoriale,Commune,['Aisne'],['Hauts-de-France'],COM,{02},{32}
e4cc0ab1-70fd-4e52-805c-2db97f58de5d,217703222,Commune de Moussy-le-Neuf (77),false,{77322},Commune,2026-03-24 14:42:09.43682+01,gold_establishments_2025,,,,21770322200018,2025,Collectivité Territoriale,Commune,['Seine-et-Marne'],['Île-de-France'],COM,{77},{11}
2300cc05-e587-4aaf-a255-28545a083cb1,217703230,Commune de Moussy-le-Vieux (77),false,{77323},Commune,2026-03-24 14:42:09.43682+01,gold_establishments_2025,,,,21770323000011,2025,Collectivité Territoriale,Commune,['Seine-et-Marne'],['Île-de-France'],COM,{77},{11}
0c75e976-a003-4a07-9243-83c189a87651,213501992,Commune de Moussé (35),false,{35199},Commune,2026-03-24 14:41:58.620411+01,gold_establishments_2025,,,,21350199200019,2025,Collectivité Territoriale,Commune,['Ille-et-Vilaine'],['Bretagne'],COM,{35},{53}
c6acdc84-5803-43f3-880b-00c5b7118109,213103948,Commune de Moustajon (31),false,{31394},Commune,2026-03-24 14:41:58.09424+01,gold_establishments_2025,,,,21310394800013,2025,Collectivité Territoriale,Commune,['Haute-Garonne'],['Occitanie'],COM,{31},{76}
885347e8-4044-4832-bcfe-510350e00fc9,214002008,Commune de Moustey (40),false,{40200},Commune,2026-03-24 14:41:59.705606+01,gold_establishments_2025,,,,21400200800016,2025,Collectivité Territoriale,Commune,['Landes'],['Nouvelle-Aquitaine'],COM,{40},{75}
4c5012cf-2779-4536-ba0b-cddb2ed20cc9,214701948,Commune de Moustier (47),false,{47194},Commune,2026-03-24 14:42:00.862623+01,gold_establishments_2025,,,,21470194800017,2025,Collectivité Territoriale,Commune,['Lot-et-Garonne'],['Nouvelle-Aquitaine'],COM,{47},{75}
59ba5079-43e5-45ba-b2f6-1fb29648eb9e,211914502,Commune de Moustier-Ventadour (19),false,{19145},Commune,2026-03-24 14:41:54.903238+01,gold_establishments_2025,,,,21191450200011,2025,Collectivité Territoriale,Commune,['Corrèze'],['Nouvelle-Aquitaine'],COM,{19},{75}
e9337b43-95a9-4141-9901-c44f893d5074,215904202,Commune de Moustier-en-Fagne (59),false,{59420},Commune,2026-03-24 14:42:04.280096+01,gold_establishments_2025,,,,21590420200011,2025,Collectivité Territoriale,Commune,['Nord'],['Hauts-de-France'],COM,{59},{32}
2e7e9b6c-6ae5-4aeb-b505-570cb3dd2df3,210401352,Commune de Moustiers-Sainte-Marie (04),false,{04135},Commune,2026-03-24 14:41:52.562531+01,gold_establishments_2025,,,,21040135200013,2025,Collectivité Territoriale,Commune,['Alpes-de-Haute-Provence'],"[""Provence-Alpes-Côte d'Azur""]",COM,{04},{93}
a70ee4cd-9aa3-47ab-aaaa-d9d056178616,215601410,Commune de Moustoir-Ac (56),false,{56141},Commune,2026-03-24 14:42:03.701372+01,gold_establishments_2025,,,,21560141000016,2025,Collectivité Territoriale,Commune,['Morbihan'],['Bretagne'],COM,{56},{53}
858ba09f-7b0f-436a-b226-2bc4bc77882e,212201560,Commune de Moustéru (22),false,{22156},Commune,2026-03-24 14:41:55.433389+01,gold_establishments_2025,,,,21220156000019,2025,Collectivité Territoriale,Commune,"[""Côtes-d'Armor""]",['Bretagne'],COM,{22},{53}
eaed8db3-f150-44c0-82db-2ba8d65a16c4,215704891,Commune de Mouterhouse (57),false,{57489},Commune,2026-03-24 14:42:03.701372+01,gold_establishments_2025,,,,21570489100013,2025,Collectivité Territoriale,Commune,['Moselle'],['Grand Est'],COM,{57},{44}
96cfc079-ed3f-4c71-897b-974b7c78d5bf,218601730,Commune de Mouterre-Silly (86),false,{86173},Commune,2026-03-24 14:42:10.508772+01,gold_establishments_2025,,,,21860173000011,2025,Collectivité Territoriale,Commune,['Vienne'],['Nouvelle-Aquitaine'],COM,{86},{75}
aed7b708-f9a7-4597-8dcc-45bd6181b1f4,218601722,Commune de Mouterre-sur-Blourde (86),false,{86172},Commune,2026-03-24 14:42:10.508772+01,gold_establishments_2025,,,,21860172200018,2025,Collectivité Territoriale,Commune,['Vienne'],['Nouvelle-Aquitaine'],COM,{86},{75}
08bab73e-cb77-4d5f-8e30-8073a10b858f,212504138,Commune de Mouthe (25),false,{25413},Commune,2026-03-24 14:41:56.495197+01,gold_establishments_2025,,,,21250413800018,2025,Collectivité Territoriale,Commune,['Doubs'],['Bourgogne-Franche-Comté'],COM,{25},{27}
e9cba04c-de91-4361-9326-77d9db68f6fb,212504153,Commune de Mouthier-Haute-Pierre (25),false,{25415},Commune,2026-03-24 14:41:56.495197+01,gold_establishments_2025,,,,21250415300017,2025,Collectivité Territoriale,Commune,['Doubs'],['Bourgogne-Franche-Comté'],COM,{25},{27}
480e776c-f129-4d03-8ae0-2a2d017755be,217103266,Commune de Mouthier-en-Bresse (71),false,{71326},Commune,2026-03-24 14:42:07.735343+01,gold_establishments_2025,,,,21710326600011,2025,Collectivité Territoriale,Commune,['Saône-et-Loire'],['Bourgogne-Franche-Comté'],COM,{71},{27}
8b3f12d7-28e3-42ea-8094-8d273c161421,211602362,Commune de Mouthiers-sur-Boëme (16),false,{16236},Commune,2026-03-24 14:41:54.362296+01,gold_establishments_2025,,,,21160236200017,2025,Collectivité Territoriale,Commune,['Charente'],['Nouvelle-Aquitaine'],COM,{16},{75}
7e892e79-1e2c-4a68-adc2-85140c450c55,211102603,Commune de Mouthoumet (11),false,{11260},Commune,2026-03-24 14:41:53.63825+01,gold_establishments_2025,,,,21110260300019,2025,Collectivité Territoriale,Commune,['Aude'],['Occitanie'],COM,{11},{76}
0db00005-865e-4b2c-8f10-5fec1cc296fb,212313902,Commune de Moutier-Malcard (23),false,{23139},Commune,2026-03-24 14:41:55.958138+01,gold_establishments_2025,,,,21231390200018,2025,Collectivité Territoriale,Commune,['Creuse'],['Nouvelle-Aquitaine'],COM,{23},{75}
e2143d01-eb56-4b83-99e6-04f81eb1d647,212314009,Commune de Moutier-Rozeille (23),false,{23140},Commune,2026-03-24 14:41:55.958138+01,gold_establishments_2025,,,,21231400900011,2025,Collectivité Territoriale,Commune,['Creuse'],['Nouvelle-Aquitaine'],COM,{23},{75}
d82372bc-4a2d-4a3b-8493-c8d5020603d8,212313803,Commune de Moutier-d'Ahun (23),false,{23138},Commune,2026-03-24 14:41:55.958138+01,gold_establishments_2025,,,,21231380300018,2025,Collectivité Territoriale,Commune,['Creuse'],['Nouvelle-Aquitaine'],COM,{23},{75}
28afbd6e-ef1a-4da9-b3ed-b7583d9d3257,212802748,Commune de Moutiers (28),false,{28274},Commune,2026-03-24 14:41:57.028721+01,gold_establishments_2025,,,,21280274800013,2025,Collectivité Territoriale,Commune,['Eure-et-Loir'],['Centre-Val de Loire'],COM,{28},{24}
3699cfc3-384a-4b6e-b157-6d360d4eb42d,213502008,Commune de Moutiers (35),false,{35200},Commune,2026-03-24 14:41:58.620411+01,gold_establishments_2025,,,,21350200800013,2025,Collectivité Territoriale,Commune,['Ille-et-Vilaine'],['Bretagne'],COM,{35},{53}
2b4c5d7c-3db7-4226-962b-fd532dec6b21,215403916,Commune de Moutiers (54),false,{54391},Commune,2026-03-24 14:42:02.957225+01,gold_establishments_2025,,,,21540391600012,2025,Collectivité Territoriale,Commune,['Meurthe-et-Moselle'],['Grand Est'],COM,{54},{44}
609c35e3-958a-49f8-a755-3d91ad11c332,212104467,Commune de Moutiers-Saint-Jean (21),false,{21446},Commune,2026-03-24 14:41:55.433389+01,gold_establishments_2025,,,,21210446700015,2025,Collectivité Territoriale,Commune,"[""Côte-d'Or""]",['Bourgogne-Franche-Comté'],COM,{21},{27}
b4ba3607-ed5e-4e18-8d6e-68b00f46f629,216103002,Commune de Moutiers-au-Perche (61),false,{61300},Commune,2026-03-24 14:42:05.597325+01,gold_establishments_2025,,,,21610300200012,2025,Collectivité Territoriale,Commune,['Orne'],['Normandie'],COM,{61},{28}
aec6c2c2-6198-45bb-ac67-f8941fe5a7ae,218902732,Commune de Moutiers-en-Puisaye (89),false,{89273},Commune,2026-03-24 14:42:11.659493+01,gold_establishments_2025,,,,21890273200013,2025,Collectivité Territoriale,Commune,['Yonne'],['Bourgogne-Franche-Comté'],COM,{89},{27}
a6da5887-8842-44f4-8e2b-aa621faf20f1,218501567,Commune de Moutiers-les-Mauxfaits (85),false,{85156},Commune,2026-03-24 14:42:10.508772+01,gold_establishments_2025,,,,21850156700018,2025,Collectivité Territoriale,Commune,['Vendée'],['Pays de la Loire'],COM,{85},{52}
c2e71bb5-d6db-40c9-af87-a4088dda3f38,218501575,Commune de Moutiers-sur-le-Lay (85),false,{85157},Commune,2026-03-24 14:42:10.508772+01,gold_establishments_2025,,,,21850157500011,2025,Collectivité Territoriale,Commune,['Vendée'],['Pays de la Loire'],COM,{85},{52}
082bf1a2-5eb4-4640-b546-26017f63f49e,211602370,Commune de Mouton (16),false,{16237},Commune,2026-03-24 14:41:54.362296+01,gold_establishments_2025,,,,21160237000010,2025,Collectivité Territoriale,Commune,['Charente'],['Nouvelle-Aquitaine'],COM,{16},{75}
2440c523-661f-4fe9-b873-16ac46e51462,213903750,Commune de Moutonne (39),false,{39375},Commune,2026-03-24 14:41:59.705606+01,gold_establishments_2025,,,,21390375000015,2025,Collectivité Territoriale,Commune,['Jura'],['Bourgogne-Franche-Comté'],COM,{39},{27}
40bf1fc1-521a-41e1-ab7f-792b214afc0e,213903768,Commune de Moutoux (39),false,{39376},Commune,2026-03-24 14:41:59.705606+01,gold_establishments_2025,,,,21390376800017,2025,Collectivité Territoriale,Commune,['Jura'],['Bourgogne-Franche-Comté'],COM,{39},{27}
1c78976c-09f3-498f-a65c-f67501cca9b6,215403924,Commune de Moutrot (54),false,{54392},Commune,2026-03-24 14:42:02.957225+01,gold_establishments_2025,,,,21540392400016,2025,Collectivité Territoriale,Commune,['Meurthe-et-Moselle'],['Grand Est'],COM,{54},{44}
8831d800-453d-4bbf-b431-9e75ef1b5c39,215904210,Commune de Mouvaux (59),false,{59421},Commune,2026-03-24 14:42:04.280096+01,gold_establishments_2025,,,,21590421000014,2025,Collectivité Territoriale,Commune,['Nord'],['Hauts-de-France'],COM,{59},{32}
a1c5fc92-73cd-4ba2-8925-d3ceaac4859d,211102611,Commune de Moux (11),false,{11261},Commune,2026-03-24 14:41:53.63825+01,gold_establishments_2025,,,,21110261100012,2025,Collectivité Territoriale,Commune,['Aude'],['Occitanie'],COM,{11},{76}
0fd3f9cd-1a33-426c-b68a-cf3ea720983a,215801853,Commune de Moux-en-Morvan (58),false,{58185},Commune,2026-03-24 14:42:04.280096+01,gold_establishments_2025,,,,21580185300015,2025,Collectivité Territoriale,Commune,['Nièvre'],['Bourgogne-Franche-Comté'],COM,{58},{27}
0b6b46d5-bf09-4134-9a4f-c2d0444acb4b,217301829,Commune de Mouxy (73),false,{73182},Commune,2026-03-24 14:42:08.279287+01,gold_establishments_2025,,,,21730182900016,2025,Collectivité Territoriale,Commune,['Savoie'],['Auvergne-Rhône-Alpes'],COM,{73},{84}
faafe667-f8f7-41bf-b63f-01baaad28220,216004341,Commune de Mouy (60),false,{60439},Commune,2026-03-24 14:42:04.814328+01,gold_establishments_2025,,,,21600434100014,2025,Collectivité Territoriale,Commune,['Oise'],['Hauts-de-France'],COM,{60},{32}
bb57938f-d16d-4398-b7f1-8fd2b655c943,217703255,Commune de Mouy-sur-Seine (77),false,{77325},Commune,2026-03-24 14:42:09.43682+01,gold_establishments_2025,,,,21770325500018,2025,Collectivité Territoriale,Commune,['Seine-et-Marne'],['Île-de-France'],COM,{77},{11}
025517e8-68fe-4805-b46c-8275bc92bb64,213701626,Commune de Mouzay (37),false,{37162},Commune,2026-03-24 14:41:59.160244+01,gold_establishments_2025,,,,21370162600011,2025,Collectivité Territoriale,Commune,['Indre-et-Loire'],['Centre-Val de Loire'],COM,{37},{24}
7fb9c83e-d4cf-42ca-90a3-cde66f448842,215503640,Commune de Mouzay (55),false,{55364},Commune,2026-03-24 14:42:03.701372+01,gold_establishments_2025,,,,21550364000017,2025,Collectivité Territoriale,Commune,['Meuse'],['Grand Est'],COM,{55},{44}
1d17eb9c-b016-40f7-b7c7-b01ff15517de,214401077,Commune de Mouzeil (44),false,{44107},Commune,2026-03-24 14:42:00.273698+01,gold_establishments_2025,,,,21440107700018,2025,Collectivité Territoriale,Commune,['Loire-Atlantique'],['Pays de la Loire'],COM,{44},{52}
ebe58c81-dad2-4c9f-8f1d-458008ac6d51,218101897,Commune de Mouzens (81),false,{81189},Commune,2026-03-24 14:42:09.967209+01,gold_establishments_2025,,,,21810189700013,2025,Collectivité Territoriale,Commune,['Tarn'],['Occitanie'],COM,{81},{76}
08d24b49-3a68-45be-bb6a-986d6efd8dd0,218501583,Commune de Mouzeuil-Saint-Martin (85),false,{85158},Commune,2026-03-24 14:42:10.508772+01,gold_establishments_2025,,,,21850158300015,2025,Collectivité Territoriale,Commune,['Vendée'],['Pays de la Loire'],COM,{85},{52}
3906fb0f-f738-4d57-a5b6-fde595b6fc61,218101913,Commune de Mouzieys-Panens (81),false,{81191},Commune,2026-03-24 14:42:09.967209+01,gold_establishments_2025,,,,21810191300018,2025,Collectivité Territoriale,Commune,['Tarn'],['Occitanie'],COM,{81},{76}
48f6de08-f2bd-4976-a07c-5e3fb7636952,218101905,Commune de Mouzieys-Teulet (81),false,{81190},Commune,2026-03-24 14:42:09.967209+01,gold_establishments_2025,,,,21810190500014,2025,Collectivité Territoriale,Commune,['Tarn'],['Occitanie'],COM,{81},{76}
a102ac1e-5c4c-4c9b-941a-94f006fb79da,214401085,Commune de Mouzillon (44),false,{44108},Commune,2026-03-24 14:42:00.273698+01,gold_establishments_2025,,,,21440108500011,2025,Collectivité Territoriale,Commune,['Loire-Atlantique'],['Pays de la Loire'],COM,{44},{52}
f18e366b-4e52-46f3-a7ed-edca5e2f6b6a,200058543,Commune de Mouzon (08),false,{08311},Commune,2026-03-24 14:41:53.095366+01,gold_establishments_2025,,,,20005854300014,2025,Collectivité Territoriale,Commune,['Ardennes'],['Grand Est'],COM,{08},{44}
02c67952-d4fe-4c0b-aea8-624af3d7ffab,211602396,Commune de Mouzon (16),false,{16239},Commune,2026-03-24 14:41:54.362296+01,gold_establishments_2025,,,,21160239600015,2025,Collectivité Territoriale,Commune,['Charente'],['Nouvelle-Aquitaine'],COM,{16},{75}
97c1f5cd-ee9c-48a8-9ab8-a9b6b8601fc1,211404603,Commune de Moyaux (14),false,{14460},Commune,2026-03-24 14:41:54.362296+01,gold_establishments_2025,,,,21140460300014,2025,Collectivité Territoriale,Commune,['Calvados'],['Normandie'],COM,{14},{28}
a751d2ec-6a4a-4ca8-9116-3ecd82fb52f9,210500914,Commune de Moydans (05),false,{05091},Commune,2026-03-24 14:41:52.562531+01,gold_establishments_2025,,,,21050091400010,2025,Collectivité Territoriale,Commune,['Hautes-Alpes'],"[""Provence-Alpes-Côte d'Azur""]",COM,{05},{93}
23613655-8920-4a2c-9273-b491d2330148,217401926,Commune de Moye (74),false,{74192},Commune,2026-03-24 14:42:08.818969+01,gold_establishments_2025,,,,21740192600019,2025,Collectivité Territoriale,Commune,['Haute-Savoie'],['Auvergne-Rhône-Alpes'],COM,{74},{84}
7a1b313a-7bc0-442b-a6a1-c80b7ec6d542,218803187,Commune de Moyemont (88),false,{88318},Commune,2026-03-24 14:42:11.118516+01,gold_establishments_2025,,,,21880318700010,2025,Collectivité Territoriale,Commune,['Vosges'],['Grand Est'],COM,{88},{44}
a13847d1-06a2-42d9-bf12-e5bfdeea9af4,215403932,Commune de Moyen (54),false,{54393},Commune,2026-03-24 14:42:02.957225+01,gold_establishments_2025,,,,21540393200019,2025,Collectivité Territoriale,Commune,['Meurthe-et-Moselle'],['Grand Est'],COM,{54},{44}
2064becc-c4e8-498d-893d-a5dd57c2638b,218005437,Commune de Moyencourt (80),false,{80576},Commune,2026-03-24 14:42:09.967209+01,gold_establishments_2025,,,,21800543700015,2025,Collectivité Territoriale,Commune,['Somme'],['Hauts-de-France'],COM,{80},{32}
c771fcc2-8c1a-4291-b660-ff87747f1ce3,218005445,Commune de Moyencourt-lès-Poix (80),false,{80577},Commune,2026-03-24 14:42:09.967209+01,gold_establishments_2025,,,,21800544500018,2025,Collectivité Territoriale,Commune,['Somme'],['Hauts-de-France'],COM,{80},{32}
590471dd-b512-4b90-ac50-d80b2dca01d8,218803195,Commune de Moyenmoutier (88),false,{88319},Commune,2026-03-24 14:42:11.118516+01,gold_establishments_2025,,,,21880319500013,2025,Collectivité Territoriale,Commune,['Vosges'],['Grand Est'],COM,{88},{44}
a85638d0-84f5-4149-ae46-581e8d8764e0,216004358,Commune de Moyenneville (60),false,{60440},Commune,2026-03-24 14:42:04.814328+01,gold_establishments_2025,,,,21600435800018,2025,Collectivité Territoriale,Commune,['Oise'],['Hauts-de-France'],COM,{60},{32}
769698d5-ceaa-406b-bbab-1c039670097c,216205971,Commune de Moyenneville (62),false,{62597},Commune,2026-03-24 14:42:05.597325+01,gold_establishments_2025,,,,21620597100015,2025,Collectivité Territoriale,Commune,['Pas-de-Calais'],['Hauts-de-France'],COM,{62},{32}
d0895d9b-4ecc-49a0-9e1b-f4a9ee370b9e,218005452,Commune de Moyenneville (80),false,{80578},Commune,2026-03-24 14:42:09.967209+01,gold_establishments_2025,,,,21800545200014,2025,Collectivité Territoriale,Commune,['Somme'],['Hauts-de-France'],COM,{80},{32}
f233792b-62e1-4a6e-bb30-a5d5b6606faa,215704909,Commune de Moyenvic (57),false,{57490},Commune,2026-03-24 14:42:03.701372+01,gold_establishments_2025,,,,21570490900013,2025,Collectivité Territoriale,Commune,['Moselle'],['Grand Est'],COM,{57},{44}
167cdb22-8d18-45f4-a28f-10e6d4d0950e,215704917,Commune de Moyeuvre-Grande (57),false,{57491},Commune,2026-03-24 14:42:03.701372+01,gold_establishments_2025,,,,21570491700016,2025,Collectivité Territoriale,Commune,['Moselle'],['Grand Est'],COM,{57},{44}
538ea5ce-ff43-485d-8e76-bc0c2dd5a6fa,215704925,Commune de Moyeuvre-Petite (57),false,{57492},Commune,2026-03-24 14:42:03.701372+01,gold_establishments_2025,,,,21570492500019,2025,Collectivité Territoriale,Commune,['Moselle'],['Grand Est'],COM,{57},{44}
a98dccc0-0bd6-4208-b099-4d38360596a4,200053908,Commune de Moyon Villages (50),false,{50363},Commune,2026-03-24 14:42:01.412377+01,gold_establishments_2025,,,,20005390800014,2025,Collectivité Territoriale,Commune,['Manche'],['Normandie'],COM,{50},{28}
1fb87e11-9e12-4458-85fd-2a88d56d0fba,211201629,Commune de Moyrazès (12),false,{12162},Commune,2026-03-24 14:41:53.63825+01,gold_establishments_2025,,,,21120162900014,2025,Collectivité Territoriale,Commune,['Aveyron'],['Occitanie'],COM,{12},{76}
1dc4a2d8-d97c-4c75-b7ca-063465055d99,216004366,Commune de Moyvillers (60),false,{60441},Commune,2026-03-24 14:42:04.814328+01,gold_establishments_2025,,,,21600436600011,2025,Collectivité Territoriale,Commune,['Oise'],['Hauts-de-France'],COM,{60},{32}
a97a98a6-92a9-4fc4-b2b3-e96208612372,216302455,Commune de Mozac (63),false,{63245},Commune,2026-03-24 14:42:06.130387+01,gold_establishments_2025,,,,21630245500011,2025,Collectivité Territoriale,Commune,['Puy-de-Dôme'],['Auvergne-Rhône-Alpes'],COM,{63},{84}
84b60300-34e1-42f4-a14f-d6ae55888218,214902223,Commune de Mozé-sur-Louet (49),false,{49222},Commune,2026-03-24 14:42:01.412377+01,gold_establishments_2025,,,,21490222300012,2025,Collectivité Territoriale,Commune,['Maine-et-Loire'],['Pays de la Loire'],COM,{49},{52}
45383807-039b-4e00-b292-c1f3e995ffc3,212901508,Commune de Moëlan-sur-Mer (29),false,{29150},Commune,2026-03-24 14:41:57.028721+01,gold_establishments_2025,,,,21290150800011,2025,Collectivité Territoriale,Commune,['Finistère'],['Bretagne'],COM,{29},{53}
f2f3d299-8f18-4e17-8b6e-70e08341e22b,215202367,Commune de Moëslains (52),false,{52327},Commune,2026-03-24 14:42:01.954481+01,gold_establishments_2025,,,,21520236700011,2025,Collectivité Territoriale,Commune,['Haute-Marne'],['Grand Est'],COM,{52},{44}
8072fb91-7d3a-4978-a871-9d1a33a89cbf,211702378,Commune de Moëze (17),false,{17237},Commune,2026-03-24 14:41:54.903238+01,gold_establishments_2025,,,,21170237800012,2025,Collectivité Territoriale,Commune,['Charente-Maritime'],['Nouvelle-Aquitaine'],COM,{17},{75}
cfc90e1f-4654-42a3-bbdf-f1d7465409d8,212001614,Commune de Moïta (2B),false,{2B161},Commune,2026-03-24 14:41:57.56054+01,gold_establishments_2025,,,,21200161400016,2025,Collectivité Territoriale,Commune,['Haute-Corse'],['Corse'],COM,{2B},{94}
b1688fc8-f60f-4133-8ca2-e366c1196dc3,217301811,Commune de Moûtiers (73),false,{73181},Commune,2026-03-24 14:42:08.279287+01,gold_establishments_2025,,,,21730181100014,2025,Collectivité Territoriale,Commune,['Savoie'],['Auvergne-Rhône-Alpes'],COM,{73},{84}
4763ac1c-6ac3-466f-8131-bd4471ed61c5,210205092,Commune de Moÿ-de-l'Aisne (02),false,{02532},Commune,2026-03-24 14:41:52.020251+01,gold_establishments_2025,,,,21020509200013,2025,Collectivité Territoriale,Commune,['Aisne'],['Hauts-de-France'],COM,{02},{32}
effa8b6d-524a-44ba-a184-9ac021d358f5,200008845,Commune de Mtsamboro (976),false,{97612},Commune,2026-03-24 14:42:11.659493+01,gold_establishments_2025,,,,20000884500014,2025,Collectivité Territoriale,Commune,['Mayotte'],['Mayotte'],COM,{976},{06}
e19f9faf-d700-4a51-9369-1b1fe0664c7a,217604586,Commune de Muchedent (76),false,{76458},Commune,2026-03-24 14:42:08.818969+01,gold_establishments_2025,,,,21760458600016,2025,Collectivité Territoriale,Commune,['Seine-Maritime'],['Normandie'],COM,{76},{28}
918ccf8a-b0a3-4340-9693-7d4a6a5bae7a,213401763,Commune de Mudaison (34),false,{34176},Commune,2026-03-24 14:41:58.620411+01,gold_establishments_2025,,,,21340176300015,2025,Collectivité Territoriale,Commune,['Hérault'],['Occitanie'],COM,{34},{76}
e9869eed-8dc6-45cb-9efc-a5368ff23004,213502016,Commune de Muel (35),false,{35201},Commune,2026-03-24 14:41:58.620411+01,gold_establishments_2025,,,,21350201600016,2025,Collectivité Territoriale,Commune,['Ille-et-Vilaine'],['Bretagne'],COM,{35},{53}
5c370820-e309-4f12-a074-2cb69d272027,216802215,Commune de Muespach (68),false,{68221},Commune,2026-03-24 14:42:07.195692+01,gold_establishments_2025,,,,21680221500014,2025,Collectivité Territoriale,Commune,['Haut-Rhin'],['Grand Est'],COM,{68},{44}
7e881c10-5e3f-4784-8798-cdc47e3a5b90,216802223,Commune de Muespach-le-Haut (68),false,{68222},Commune,2026-03-24 14:42:07.195692+01,gold_establishments_2025,,,,21680222300018,2025,Collectivité Territoriale,Commune,['Haut-Rhin'],['Grand Est'],COM,{68},{44}
e20eba24-e379-435a-93d7-9b612e491a23,214002016,Commune de Mugron (40),false,{40201},Commune,2026-03-24 14:41:59.705606+01,gold_establishments_2025,,,,21400201600019,2025,Collectivité Territoriale,Commune,['Landes'],['Nouvelle-Aquitaine'],COM,{40},{75}
9d045cf5-1abb-4cff-8d1e-0bb2c05abb56,216703066,Commune de Muhlbach-sur-Bruche (67),false,{67306},Commune,2026-03-24 14:42:07.195692+01,gold_establishments_2025,,,,21670306600052,2025,Collectivité Territoriale,Commune,['Bas-Rhin'],['Grand Est'],COM,{67},{44}
32f8bf88-edc9-47af-9f94-444b21460551,216802231,Commune de Muhlbach-sur-Munster (68),false,{68223},Commune,2026-03-24 14:42:07.195692+01,gold_establishments_2025,,,,21680223100011,2025,Collectivité Territoriale,Commune,['Haut-Rhin'],['Grand Est'],COM,{68},{44}
ebde8ae9-dd76-49c4-b76c-5c50af77486f,214101552,Commune de Muides-sur-Loire (41),false,{41155},Commune,2026-03-24 14:42:00.273698+01,gold_establishments_2025,,,,21410155200013,2025,Collectivité Territoriale,Commune,['Loir-et-Cher'],['Centre-Val de Loire'],COM,{41},{24}
e515c670-5365-49cd-aa48-c1d1fcaca1d6,216004374,Commune de Muidorge (60),false,{60442},Commune,2026-03-24 14:42:04.814328+01,gold_establishments_2025,,,,21600437400015,2025,Collectivité Territoriale,Commune,['Oise'],['Hauts-de-France'],COM,{60},{32}
cdcbbc1b-f086-4b49-8232-4acbfa7dd2ca,212704225,Commune de Muids (27),false,{27422},Commune,2026-03-24 14:41:57.028721+01,gold_establishments_2025,,,,21270422500011,2025,Collectivité Territoriale,Commune,['Eure'],['Normandie'],COM,{27},{28}
0bb9ef5a-040f-4e3d-acb6-e02a92ae86e3,218005460,Commune de Muille-Villette (80),false,{80579},Commune,2026-03-24 14:42:09.967209+01,gold_establishments_2025,,,,21800546000017,2025,Collectivité Territoriale,Commune,['Somme'],['Hauts-de-France'],COM,{80},{32}
67c21f83-1c7c-4638-b4f5-c3a7703fede2,216004382,Commune de Muirancourt (60),false,{60443},Commune,2026-03-24 14:42:04.814328+01,gold_establishments_2025,,,,21600438200018,2025,Collectivité Territoriale,Commune,['Oise'],['Hauts-de-France'],COM,{60},{32}
6084bb9c-7226-48ec-bba9-8fa49f3653bf,215103649,Commune de Muizon (51),false,{51391},Commune,2026-03-24 14:42:01.954481+01,gold_establishments_2025,,,,21510364900012,2025,Collectivité Territoriale,Commune,['Marne'],['Grand Est'],COM,{51},{44}
2d9734d2-3ded-4edc-b200-acaf56ae8a1d,217804392,Commune de Mulcent (78),false,{78439},Commune,2026-03-24 14:42:09.43682+01,gold_establishments_2025,,,,21780439200017,2025,Collectivité Territoriale,Commune,['Yvelines'],['Île-de-France'],COM,{78},{11}
f5242d4a-ab92-4915-b184-5ca5385af32b,215704933,Commune de Mulcey (57),false,{57493},Commune,2026-03-24 14:42:03.701372+01,gold_establishments_2025,,,,21570493300013,2025,Collectivité Territoriale,Commune,['Moselle'],['Grand Est'],COM,{57},{44}
3a323c28-e82c-44b6-8a22-62d0f59fab47,216703074,Commune de Mulhausen (67),false,{67307},Commune,2026-03-24 14:42:07.195692+01,gold_establishments_2025,,,,21670307400015,2025,Collectivité Territoriale,Commune,['Bas-Rhin'],['Grand Est'],COM,{67},{44}
eb00a8df-ca0d-4307-9f23-a8d2d445011a,216802249,Commune de Mulhouse (68),false,{68224},Commune,2026-03-24 14:42:07.195692+01,gold_establishments_2025,,,,21680224900013,2025,Collectivité Territoriale,Commune,['Haut-Rhin'],['Grand Est'],COM,{68},{44}
bbbb38f1-9779-4b76-b46e-e6ef152bbff1,217202134,Commune de Mulsanne (72),false,{72213},Commune,2026-03-24 14:42:08.279287+01,gold_establishments_2025,,,,21720213400011,2025,Collectivité Territoriale,Commune,['Sarthe'],['Pays de la Loire'],COM,{72},{52}
c75c342b-00bd-42e9-90c7-fc89abf7b830,214101560,Commune de Mulsans (41),false,{41156},Commune,2026-03-24 14:42:00.273698+01,gold_establishments_2025,,,,21410156000016,2025,Collectivité Territoriale,Commune,['Loir-et-Cher'],['Centre-Val de Loire'],COM,{41},{24}
fa9aed9c-7eaf-471a-87c9-8abd04397a62,216503268,Commune de Mun (65),false,{65326},Commune,2026-03-24 14:42:06.665412+01,gold_establishments_2025,,,,21650326800015,2025,Collectivité Territoriale,Commune,['Hautes-Pyrénées'],['Occitanie'],COM,{65},{76}
929fc784-e9c7-4f84-9764-dc67e26735c3,216703082,Commune de Munchhausen (67),false,{67308},Commune,2026-03-24 14:42:07.195692+01,gold_establishments_2025,,,,21670308200018,2025,Collectivité Territoriale,Commune,['Bas-Rhin'],['Grand Est'],COM,{67},{44}
6281dc5b-f6b7-4077-9e78-3bb79738c346,216802256,Commune de Munchhouse (68),false,{68225},Commune,2026-03-24 14:42:07.195692+01,gold_establishments_2025,,,,21680225600018,2025,Collectivité Territoriale,Commune,['Haut-Rhin'],['Grand Est'],COM,{68},{44}
f813a27d-b730-4a2c-a1a3-e9ebe66b329c,216205989,Commune de Muncq-Nieurlet (62),false,{62598},Commune,2026-03-24 14:42:05.597325+01,gold_establishments_2025,,,,21620598900017,2025,Collectivité Territoriale,Commune,['Pas-de-Calais'],['Hauts-de-France'],COM,{62},{32}
f6841733-24d0-4b80-b20d-0ff9e0faccff,216703090,Commune de Mundolsheim (67),false,{67309},Commune,2026-03-24 14:42:07.195692+01,gold_establishments_2025,,,,21670309000011,2025,Collectivité Territoriale,Commune,['Bas-Rhin'],['Grand Est'],COM,{67},{44}
446dd708-98da-438c-acdf-24d7b835d944,215003641,Commune de Muneville-le-Bingard (50),false,{50364},Commune,2026-03-24 14:42:01.412377+01,gold_establishments_2025,,,,21500364100010,2025,Collectivité Territoriale,Commune,['Manche'],['Normandie'],COM,{50},{28}
1ffd5c3e-1862-4432-a0b4-f60fc7c28e1f,215003658,Commune de Muneville-sur-Mer (50),false,{50365},Commune,2026-03-24 14:42:01.412377+01,gold_establishments_2025,,,,21500365800014,2025,Collectivité Territoriale,Commune,['Manche'],['Normandie'],COM,{50},{28}
8e3879cf-924c-4623-9df9-58a5e8901785,215704941,Commune de Munster (57),false,{57494},Commune,2026-03-24 14:42:03.701372+01,gold_establishments_2025,,,,21570494100016,2025,Collectivité Territoriale,Commune,['Moselle'],['Grand Est'],COM,{57},{44}
3cd5bc95-8230-4db2-bf2e-1fbfd5388522,216802264,Commune de Munster (68),false,{68226},Commune,2026-03-24 14:42:07.195692+01,gold_establishments_2025,,,,21680226400012,2025,Collectivité Territoriale,Commune,['Haut-Rhin'],['Grand Est'],COM,{68},{44}
37ceb35d-d8f4-470f-9386-bd62fbe44202,216802272,Commune de Muntzenheim (68),false,{68227},Commune,2026-03-24 14:42:07.195692+01,gold_establishments_2025,,,,21680227200015,2025,Collectivité Territoriale,Commune,['Haut-Rhin'],['Grand Est'],COM,{68},{44}
98f2febe-fe4d-407e-8178-59a62624e8d1,216802280,Commune de Munwiller (68),false,{68228},Commune,2026-03-24 14:42:07.195692+01,gold_establishments_2025,,,,21680228000018,2025,Collectivité Territoriale,Commune,['Haut-Rhin'],['Grand Est'],COM,{68},{44}
eaf39769-938c-4909-a37a-ee4542283f34,211201645,Commune de Mur-de-Barrez (12),false,{12164},Commune,2026-03-24 14:41:53.63825+01,gold_establishments_2025,,,,21120164500085,2025,Collectivité Territoriale,Commune,['Aveyron'],['Occitanie'],COM,{12},{76}
31c0cb39-8a22-451e-b376-ee2cd4952f6f,214101578,Commune de Mur-de-Sologne (41),false,{41157},Commune,2026-03-24 14:42:00.273698+01,gold_establishments_2025,,,,21410157800018,2025,Collectivité Territoriale,Commune,['Loir-et-Cher'],['Centre-Val de Loire'],COM,{41},{24}
aecff075-c966-45c7-8889-b84ebb4ee29f,200083921,Commune de Mur-sur-Allier (63),false,{63226},Commune,2026-03-24 14:42:06.130387+01,gold_establishments_2025,,,,20008392100011,2025,Collectivité Territoriale,Commune,['Puy-de-Dôme'],['Auvergne-Rhône-Alpes'],COM,{63},{84}
d5d3615b-94d1-4c32-b9cb-1fde14869918,212001713,Commune de Muracciole (2B),false,{2B171},Commune,2026-03-24 14:41:57.56054+01,gold_establishments_2025,,,,21200171300016,2025,Collectivité Territoriale,Commune,['Haute-Corse'],['Corse'],COM,{2B},{94}
2155554b-8049-4119-9324-bb3f2629544f,211201637,Commune de Murasson (12),false,{12163},Commune,2026-03-24 14:41:53.63825+01,gold_establishments_2025,,,,21120163700017,2025,Collectivité Territoriale,Commune,['Aveyron'],['Occitanie'],COM,{12},{76}
9b678c99-0093-4baf-948b-6f5346e3db65,210301917,Commune de Murat (03),false,{03191},Commune,2026-03-24 14:41:52.020251+01,gold_establishments_2025,,,,21030191700014,2025,Collectivité Territoriale,Commune,['Allier'],['Auvergne-Rhône-Alpes'],COM,{03},{84}
87124e8d-20e4-41f5-9804-ec6f0224ae72,200071702,Commune de Murat (15),false,{15138},Commune,2026-03-24 14:41:54.362296+01,gold_establishments_2025,,,,20007170200019,2025,Collectivité Territoriale,Commune,['Cantal'],['Auvergne-Rhône-Alpes'],COM,{15},{84}
279fccc2-f79c-4f26-b235-8b02cbeab5b7,216302463,Commune de Murat-le-Quaire (63),false,{63246},Commune,2026-03-24 14:42:06.130387+01,gold_establishments_2025,,,,21630246300015,2025,Collectivité Territoriale,Commune,['Puy-de-Dôme'],['Auvergne-Rhône-Alpes'],COM,{63},{84}
27fa2dbe-d608-4447-a246-0bb761278061,218101921,Commune de Murat-sur-Vèbre (81),false,{81192},Commune,2026-03-24 14:42:09.967209+01,gold_establishments_2025,,,,21810192100011,2025,Collectivité Territoriale,Commune,['Tarn'],['Occitanie'],COM,{81},{76}
cd0bec88-de9c-4ae3-b858-7cbdd9e65f7a,212001721,Commune de Murato (2B),false,{2B172},Commune,2026-03-24 14:41:57.56054+01,gold_establishments_2025,,,,21200172100019,2025,Collectivité Territoriale,Commune,['Haute-Corse'],['Corse'],COM,{2B},{94}
a9a8c348-b307-42c1-b426-d31f865933b2,216802298,Commune de Murbach (68),false,{68229},Commune,2026-03-24 14:42:07.195692+01,gold_establishments_2025,,,,21680229800010,2025,Collectivité Territoriale,Commune,['Haut-Rhin'],['Grand Est'],COM,{68},{44}
1d26f761-9209-44a6-8672-be3bdd00576e,216004390,Commune de Mureaumont (60),false,{60444},Commune,2026-03-24 14:42:04.814328+01,gold_establishments_2025,,,,21600439000011,2025,Collectivité Territoriale,Commune,['Oise'],['Hauts-de-France'],COM,{60},{32}
0e30d457-fb1d-4719-a5e4-b8cbef66a5b9,213103955,Commune de Muret (31),false,{31395},Commune,2026-03-24 14:41:58.09424+01,gold_establishments_2025,,,,21310395500018,2025,Collectivité Territoriale,Commune,['Haute-Garonne'],['Occitanie'],COM,{31},{76}
01a320e8-9757-49e4-a409-597d53020478,210205100,Commune de Muret-et-Crouttes (02),false,{02533},Commune,2026-03-24 14:41:52.020251+01,gold_establishments_2025,,,,21020510000014,2025,Collectivité Territoriale,Commune,['Aisne'],['Hauts-de-France'],COM,{02},{32}
70e2822c-2602-4fb6-9157-9281ca82679c,211201652,Commune de Muret-le-Château (12),false,{12165},Commune,2026-03-24 14:41:53.63825+01,gold_establishments_2025,,,,21120165200016,2025,Collectivité Territoriale,Commune,['Aveyron'],['Occitanie'],COM,{12},{76}
ccc7c8f4-ffe9-4086-bc87-c98895482895,213802713,Commune de Murianette (38),false,{38271},Commune,2026-03-24 14:41:59.160244+01,gold_establishments_2025,,,,21380271300015,2025,Collectivité Territoriale,Commune,['Isère'],['Auvergne-Rhône-Alpes'],COM,{38},{84}
ab8e4bff-c370-4f85-ac2a-da2dc554b690,213802721,Commune de Murinais (38),false,{38272},Commune,2026-03-24 14:41:59.160244+01,gold_establishments_2025,,,,21380272100018,2025,Collectivité Territoriale,Commune,['Isère'],['Auvergne-Rhône-Alpes'],COM,{38},{84}
c26c9268-a786-483c-bb55-1fb0e7aae8fc,213401771,Commune de Murles (34),false,{34177},Commune,2026-03-24 14:41:58.620411+01,gold_establishments_2025,,,,21340177100018,2025,Collectivité Territoriale,Commune,['Hérault'],['Occitanie'],COM,{34},{76}
a770e482-36a4-4c29-b297-b66c42f1e064,215801861,Commune de Murlin (58),false,{58186},Commune,2026-03-24 14:42:04.280096+01,gold_establishments_2025,,,,21580186100018,2025,Collectivité Territoriale,Commune,['Nièvre'],['Bourgogne-Franche-Comté'],COM,{58},{27}
dbc4766e-0609-4105-b711-440b469dbaf8,212001739,Commune de Muro (2B),false,{2B173},Commune,2026-03-24 14:41:57.56054+01,gold_establishments_2025,,,,21200173900011,2025,Collectivité Territoriale,Commune,['Haute-Corse'],['Corse'],COM,{2B},{94}
9b1a55b5-2b8d-4b74-91e4-f4c2cd4dc49c,216302471,Commune de Murol (63),false,{63247},Commune,2026-03-24 14:42:06.130387+01,gold_establishments_2025,,,,21630247100018,2025,Collectivité Territoriale,Commune,['Puy-de-Dôme'],['Auvergne-Rhône-Alpes'],COM,{63},{84}
c7dd54ed-0efb-49a4-ad60-be72d095d655,211201660,Commune de Murols (12),false,{12166},Commune,2026-03-24 14:41:53.63825+01,gold_establishments_2025,,,,21120166000019,2025,Collectivité Territoriale,Commune,['Aveyron'],['Occitanie'],COM,{12},{76}
e5b861dd-49af-4a89-b80b-9838abd6a405,211702535,Commune de Muron (17),false,{17253},Commune,2026-03-24 14:41:54.903238+01,gold_establishments_2025,,,,21170253500017,2025,Collectivité Territoriale,Commune,['Charente-Maritime'],['Nouvelle-Aquitaine'],COM,{17},{75}
e44a6fa9-5996-4f08-9cf1-4f214baa940e,213601362,Commune de Murs (36),false,{36136},Commune,2026-03-24 14:41:59.160244+01,gold_establishments_2025,,,,21360136200014,2025,Collectivité Territoriale,Commune,['Indre'],['Centre-Val de Loire'],COM,{36},{24}
022b984a-92bc-4fb3-9769-65a3ef4acbd0,218400851,Commune de Murs (84),false,{84085},Commune,2026-03-24 14:42:10.508772+01,gold_establishments_2025,,,,21840085100018,2025,Collectivité Territoriale,Commune,['Vaucluse'],"[""Provence-Alpes-Côte d'Azur""]",COM,{84},{93}
6d456066-5b54-4ef0-8e02-93eee56c4a64,210102687,Commune de Murs-et-Gélignieux (01),false,{01268},Commune,2026-03-24 14:41:51.447482+01,gold_establishments_2025,,,,21010268700014,2025,Collectivité Territoriale,Commune,['Ain'],['Auvergne-Rhône-Alpes'],COM,{01},{84}
5940759e-8360-4529-8b70-fe7aee44a974,210802799,Commune de Murtin-et-Bogny (08),false,{08312},Commune,2026-03-24 14:41:53.095366+01,gold_establishments_2025,,,,21080279900010,2025,Collectivité Territoriale,Commune,['Ardennes'],['Grand Est'],COM,{08},{44}
115e3d12-d3ba-406b-aae8-73ebeff9310d,215503657,Commune de Murvaux (55),false,{55365},Commune,2026-03-24 14:42:03.701372+01,gold_establishments_2025,,,,21550365700011,2025,Collectivité Territoriale,Commune,['Meuse'],['Grand Est'],COM,{55},{44}
cdab2006-7e2a-41e3-a44f-9bd0ce242f6d,213401789,Commune de Murviel-lès-Béziers (34),false,{34178},Commune,2026-03-24 14:41:58.620411+01,gold_establishments_2025,,,,21340178900010,2025,Collectivité Territoriale,Commune,['Hérault'],['Occitanie'],COM,{34},{76}
26f606d9-a693-4149-9a1d-d6f178273e6c,213401797,Commune de Murviel-lès-Montpellier (34),false,{34179},Commune,2026-03-24 14:41:58.620411+01,gold_establishments_2025,,,,21340179700013,2025,Collectivité Territoriale,Commune,['Hérault'],['Occitanie'],COM,{34},{76}
0690e1a8-84fd-4e10-b61b-a5de81d29323,215403940,Commune de Murville (54),false,{54394},Commune,2026-03-24 14:42:02.957225+01,gold_establishments_2025,,,,21540394000012,2025,Collectivité Territoriale,Commune,['Meurthe-et-Moselle'],['Grand Est'],COM,{54},{44}
84f1c1d6-309e-48e6-825b-d2c27712e1b1,212001747,Commune de Murzo (2A),false,{2A174},Commune,2026-03-24 14:41:57.56054+01,gold_establishments_2025,,,,21200174700014,2025,Collectivité Territoriale,Commune,['Corse-du-Sud'],['Corse'],COM,{2A},{94}
7d09572d-fa98-492f-ace2-8e509aeb314d,213001852,Commune de Mus (30),false,{30185},Commune,2026-03-24 14:41:57.56054+01,gold_establishments_2025,,,,21300185200010,2025,Collectivité Territoriale,Commune,['Gard'],['Occitanie'],COM,{30},{76}
f89e1194-7d0f-4a61-b1df-f4cc62808716,210205118,Commune de Muscourt (02),false,{02534},Commune,2026-03-24 14:41:52.020251+01,gold_establishments_2025,,,,21020511800016,2025,Collectivité Territoriale,Commune,['Aisne'],['Hauts-de-France'],COM,{02},{32}
a3c8f4f4-8cd7-4abc-b369-2e442551f104,216404111,Commune de Musculdy (64),false,{64411},Commune,2026-03-24 14:42:06.665412+01,gold_establishments_2025,,,,21640411100017,2025,Collectivité Territoriale,Commune,['Pyrénées-Atlantiques'],['Nouvelle-Aquitaine'],COM,{64},{75}
cfa7b850-8f39-403a-ac71-16d501da7797,212104475,Commune de Musigny (21),false,{21447},Commune,2026-03-24 14:41:55.433389+01,gold_establishments_2025,,,,21210447500018,2025,Collectivité Territoriale,Commune,"[""Côte-d'Or""]",['Bourgogne-Franche-Comté'],COM,{21},{27}
f8b4ff97-a2c9-4828-a5ce-980598cf5c98,217401959,Commune de Musièges (74),false,{74195},Commune,2026-03-24 14:42:08.818969+01,gold_establishments_2025,,,,21740195900010,2025,Collectivité Territoriale,Commune,['Haute-Savoie'],['Auvergne-Rhône-Alpes'],COM,{74},{84}
8575451b-823b-410b-b22d-d800afc3718e,215202474,Commune de Mussey-sur-Marne (52),false,{52346},Commune,2026-03-24 14:42:01.954481+01,gold_establishments_2025,,,,21520247400015,2025,Collectivité Territoriale,Commune,['Haute-Marne'],['Grand Est'],COM,{52},{44}
430f63d3-27d5-4e24-b98f-4f269da42ddd,212402994,Commune de Mussidan (24),false,{24299},Commune,2026-03-24 14:41:55.958138+01,gold_establishments_2025,,,,21240299400017,2025,Collectivité Territoriale,Commune,['Dordogne'],['Nouvelle-Aquitaine'],COM,{24},{75}
24b85800-d328-4c22-a48b-7c43527784fb,216703108,Commune de Mussig (67),false,{67310},Commune,2026-03-24 14:42:07.195692+01,gold_establishments_2025,,,,21670310800011,2025,Collectivité Territoriale,Commune,['Bas-Rhin'],['Grand Est'],COM,{67},{44}
1b3f2d4a-d2e8-435b-b76d-f0b64ec3ca93,212104483,Commune de Mussy-la-Fosse (21),false,{21448},Commune,2026-03-24 14:41:55.433389+01,gold_establishments_2025,,,,21210448300012,2025,Collectivité Territoriale,Commune,"[""Côte-d'Or""]",['Bourgogne-Franche-Comté'],COM,{21},{27}
96cd4f31-dcd0-498e-b3fa-d9dfee720f9d,217103274,Commune de Mussy-sous-Dun (71),false,{71327},Commune,2026-03-24 14:42:07.735343+01,gold_establishments_2025,,,,21710327400015,2025,Collectivité Territoriale,Commune,['Saône-et-Loire'],['Bourgogne-Franche-Comté'],COM,{71},{27}
2e2fc4c0-25f5-4612-bb97-49086c9a6ce3,211002530,Commune de Mussy-sur-Seine (10),false,{10261},Commune,2026-03-24 14:41:53.095366+01,gold_establishments_2025,,,,21100253000015,2025,Collectivité Territoriale,Commune,['Aube'],['Grand Est'],COM,{10},{44}
6258b4f4-f35c-47b5-96f3-cc0f79bbf4ab,213903776,Commune de Mutigney (39),false,{39377},Commune,2026-03-24 14:41:59.705606+01,gold_establishments_2025,,,,21390377600010,2025,Collectivité Territoriale,Commune,['Jura'],['Bourgogne-Franche-Comté'],COM,{39},{27}
5f53b4d2-7a38-4660-96bd-ea18b58430ca,215103656,Commune de Mutigny (51),false,{51392},Commune,2026-03-24 14:42:01.954481+01,gold_establishments_2025,,,,21510365600017,2025,Collectivité Territoriale,Commune,['Marne'],['Grand Est'],COM,{51},{44}
ae4f6e28-4cab-4913-a5b5-35995aed546d,211404611,Commune de Mutrécy (14),false,{14461},Commune,2026-03-24 14:41:54.362296+01,gold_establishments_2025,,,,21140461100017,2025,Collectivité Territoriale,Commune,['Calvados'],['Normandie'],COM,{14},{28}
24c1ae48-028a-461c-b9cf-9515f0956d1a,216703116,Commune de Muttersholtz (67),false,{67311},Commune,2026-03-24 14:42:07.195692+01,gold_establishments_2025,,,,21670311600014,2025,Collectivité Territoriale,Commune,['Bas-Rhin'],['Grand Est'],COM,{67},{44}
4396888f-548a-4fc1-a514-0d4270fd6b17,216703124,Commune de Mutzenhouse (67),false,{67312},Commune,2026-03-24 14:42:07.195692+01,gold_establishments_2025,,,,21670312400018,2025,Collectivité Territoriale,Commune,['Bas-Rhin'],['Grand Est'],COM,{67},{44}
c262b809-f87d-48e7-af92-1bb17fb66419,216703132,Commune de Mutzig (67),false,{67313},Commune,2026-03-24 14:42:07.195692+01,gold_establishments_2025,,,,21670313200011,2025,Collectivité Territoriale,Commune,['Bas-Rhin'],['Grand Est'],COM,{67},{44}
dd1b5901-7812-4450-9c5d-5d5669e11906,215503673,Commune de Muzeray (55),false,{55367},Commune,2026-03-24 14:42:03.701372+01,gold_establishments_2025,,,,21550367300018,2025,Collectivité Territoriale,Commune,['Meuse'],['Grand Est'],COM,{55},{44}
3598b484-c783-40c0-8c4a-b01d640d9fee,215601436,Commune de Muzillac (56),false,{56143},Commune,2026-03-24 14:42:03.701372+01,gold_establishments_2025,,,,21560143600094,2025,Collectivité Territoriale,Commune,['Morbihan'],['Bretagne'],COM,{56},{53}
707adafc-50c3-400e-8a27-717e469f26db,212704233,Commune de Muzy (27),false,{27423},Commune,2026-03-24 14:41:57.028721+01,gold_establishments_2025,,,,21270423300015,2025,Collectivité Territoriale,Commune,['Eure'],['Normandie'],COM,{27},{28}
18a73322-0547-4bad-9f15-7fff978cdd24,217301837,Commune de Myans (73),false,{73183},Commune,2026-03-24 14:42:08.279287+01,gold_establishments_2025,,,,21730183700019,2025,Collectivité Territoriale,Commune,['Savoie'],['Auvergne-Rhône-Alpes'],COM,{73},{84}
620b7417-4a3a-4a5e-bd7f-f20e6e4531ab,215801879,Commune de Myennes (58),false,{58187},Commune,2026-03-24 14:42:04.280096+01,gold_establishments_2025,,,,21580187900010,2025,Collectivité Territoriale,Commune,['Nièvre'],['Bourgogne-Franche-Comté'],COM,{58},{27}
1b9794d7-9b24-4fae-8511-5f41581787bc,212504161,Commune de Myon (25),false,{25416},Commune,2026-03-24 14:41:56.495197+01,gold_establishments_2025,,,,21250416100010,2025,Collectivité Territoriale,Commune,['Doubs'],['Bourgogne-Franche-Comté'],COM,{25},{27}
a37c0773-247d-4dd3-b7d8-dd0a85c69e48,210204251,Commune de Mâchecourt (02),false,{02448},Commune,2026-03-24 14:41:52.020251+01,gold_establishments_2025,,,,21020425100016,2025,Collectivité Territoriale,Commune,['Aisne'],['Hauts-de-France'],COM,{02},{32}
ffa3bf22-df25-493c-82df-c9812e3b659a,217102706,Commune de Mâcon (71),false,{71270},Commune,2026-03-24 14:42:07.735343+01,gold_establishments_2025,,,,21710270600017,2025,Collectivité Territoriale,Commune,['Saône-et-Loire'],['Bourgogne-Franche-Comté'],COM,{71},{27}
4e2ae0d8-d34e-4011-bd60-8cfbb7a67881,212103733,Commune de Mâlain (21),false,{21373},Commune,2026-03-24 14:41:55.433389+01,gold_establishments_2025,,,,21210373300011,2025,Collectivité Territoriale,Commune,"[""Côte-d'Or""]",['Bourgogne-Franche-Comté'],COM,{21},{27}
462275c0-4ef0-43a5-ae3d-d743167e8ed7,213601123,Commune de Mâron (36),false,{36112},Commune,2026-03-24 14:41:59.160244+01,gold_establishments_2025,,,,21360112300010,2025,Collectivité Territoriale,Commune,['Indre'],['Centre-Val de Loire'],COM,{36},{24}
b67a457e-1969-4625-8714-c9c5fa95d165,213401573,Commune de Mèze (34),false,{34157},Commune,2026-03-24 14:41:58.620411+01,gold_establishments_2025,,,,21340157300018,2025,Collectivité Territoriale,Commune,['Hérault'],['Occitanie'],COM,{34},{76}
c2654198-b9e1-418c-b918-335c8abad821,210401154,Commune de Méailles (04),false,{04115},Commune,2026-03-24 14:41:52.562531+01,gold_establishments_2025,,,,21040115400013,2025,Collectivité Territoriale,Commune,['Alpes-de-Haute-Provence'],"[""Provence-Alpes-Côte d'Azur""]",COM,{04},{93}
c356c80f-9090-4ef0-8bf8-a9b33fdb473a,211501234,Commune de Méallet (15),false,{15123},Commune,2026-03-24 14:41:54.362296+01,gold_establishments_2025,,,,21150123400010,2025,Collectivité Territoriale,Commune,['Cantal'],['Auvergne-Rhône-Alpes'],COM,{15},{84}
7db774a3-efde-4cb4-8cbe-e81da9888981,212313001,Commune de Méasnes (23),false,{23130},Commune,2026-03-24 14:41:55.958138+01,gold_establishments_2025,,,,21231300100019,2025,Collectivité Territoriale,Commune,['Creuse'],['Nouvelle-Aquitaine'],COM,{23},{75}
88f4df41-2656-4a3e-a6f8-5ca2600d99da,218004968,Commune de Méaulte (80),false,{80523},Commune,2026-03-24 14:42:09.967209+01,gold_establishments_2025,,,,21800496800010,2025,Collectivité Territoriale,Commune,['Somme'],['Hauts-de-France'],COM,{80},{32}
2720364a-fae7-4a92-8b98-50c7cbd7b97a,215002981,Commune de Méautis (50),false,{50298},Commune,2026-03-24 14:42:01.412377+01,gold_establishments_2025,,,,21500298100011,2025,Collectivité Territoriale,Commune,['Manche'],['Normandie'],COM,{50},{28}
2a49a226-a1d8-48c9-9984-307934990ae6,215704545,Commune de Mécleuves (57),false,{57454},Commune,2026-03-24 14:42:03.701372+01,gold_establishments_2025,,,,21570454500015,2025,Collectivité Territoriale,Commune,['Moselle'],['Grand Est'],COM,{57},{44}
940ca18d-a60d-4d47-b370-26ca428dd247,215503293,Commune de Mécrin (55),false,{55329},Commune,2026-03-24 14:42:03.701372+01,gold_establishments_2025,,,,21550329300015,2025,Collectivité Territoriale,Commune,['Meuse'],['Grand Est'],COM,{55},{44}
05dab7ac-bfcb-4395-99bb-36e177fa5204,215103359,Commune de Mécringes (51),false,{51359},Commune,2026-03-24 14:42:01.954481+01,gold_establishments_2025,,,,21510335900018,2025,Collectivité Territoriale,Commune,['Marne'],['Grand Est'],COM,{51},{44}
8f9f549a-e743-4e71-8e79-9b4193895c22,217803840,Commune de Médan (78),false,{78384},Commune,2026-03-24 14:42:09.43682+01,gold_establishments_2025,,,,21780384000016,2025,Collectivité Territoriale,Commune,['Yvelines'],['Île-de-France'],COM,{78},{11}
6c60c45e-04fa-4b31-95fb-986bf31476f4,216102566,Commune de Médavy (61),false,{61256},Commune,2026-03-24 14:42:05.597325+01,gold_establishments_2025,,,,21610256600017,2025,Collectivité Territoriale,Commune,['Orne'],['Normandie'],COM,{61},{28}
b009d4b3-9693-4dfd-be5c-07840560ea2d,211602156,Commune de Médillac (16),false,{16215},Commune,2026-03-24 14:41:54.362296+01,gold_establishments_2025,,,,21160215600013,2025,Collectivité Territoriale,Commune,['Charente'],['Nouvelle-Aquitaine'],COM,{16},{75}
bb10db2a-bf68-4309-9900-04f84b10362d,211702287,Commune de Médis (17),false,{17228},Commune,2026-03-24 14:41:54.903238+01,gold_establishments_2025,,,,21170228700015,2025,Collectivité Territoriale,Commune,['Charente-Maritime'],['Nouvelle-Aquitaine'],COM,{17},{75}
c0d9b0b9-4f00-4f30-b994-049240d0d2ef,212503726,Commune de Médière (25),false,{25372},Commune,2026-03-24 14:41:56.495197+01,gold_establishments_2025,,,,21250372600011,2025,Collectivité Territoriale,Commune,['Doubs'],['Bourgogne-Franche-Comté'],COM,{25},{27}
69bceef6-9690-47ca-b7c4-9df3dd5c8108,218802965,Commune de Médonville (88),false,{88296},Commune,2026-03-24 14:42:11.118516+01,gold_establishments_2025,,,,21880296500010,2025,Collectivité Territoriale,Commune,['Vosges'],['Grand Est'],COM,{88},{44}
77cda978-8e81-44c7-803e-1478790c564c,213501711,Commune de Médréac (35),false,{35171},Commune,2026-03-24 14:41:58.620411+01,gold_establishments_2025,,,,21350171100013,2025,Collectivité Territoriale,Commune,['Ille-et-Vilaine'],['Bretagne'],COM,{35},{53}
24f58c49-ee1a-4ba9-ac5a-203bf721bfa3,215301482,Commune de Mée (53),false,{53148},Commune,2026-03-24 14:42:02.957225+01,gold_establishments_2025,,,,21530148200018,2025,Collectivité Territoriale,Commune,['Mayenne'],['Pays de la Loire'],COM,{53},{52}
b54385a2-a6ad-489a-ab59-e80db44b3a15,214001794,Commune de Mées (40),false,{40179},Commune,2026-03-24 14:41:59.705606+01,gold_establishments_2025,,,,21400179400012,2025,Collectivité Territoriale,Commune,['Landes'],['Nouvelle-Aquitaine'],COM,{40},{75}
f5122feb-3dec-4746-9f00-4bc6485bd044,215704552,Commune de Mégange (57),false,{57455},Commune,2026-03-24 14:42:03.701372+01,gold_establishments_2025,,,,21570455200011,2025,Collectivité Territoriale,Commune,['Moselle'],['Grand Est'],COM,{57},{44}
a716ef5f-ce63-45fa-ac61-97af77e99a73,217401744,Commune de Mégevette (74),false,{74174},Commune,2026-03-24 14:42:08.818969+01,gold_establishments_2025,,,,21740174400016,2025,Collectivité Territoriale,Commune,['Haute-Savoie'],['Auvergne-Rhône-Alpes'],COM,{74},{84}
106b52cc-1d16-4c9c-91e2-ac6a53b2f32e,212201453,Commune de Mégrit (22),false,{22145},Commune,2026-03-24 14:41:55.433389+01,gold_establishments_2025,,,,21220145300017,2025,Collectivité Territoriale,Commune,"[""Côtes-d'Armor""]",['Bretagne'],COM,{22},{53}
87d20fb2-8ed8-435c-a0c2-012b85f67af0,218004976,Commune de Méharicourt (80),false,{80524},Commune,2026-03-24 14:42:09.967209+01,gold_establishments_2025,,,,21800497600013,2025,Collectivité Territoriale,Commune,['Somme'],['Hauts-de-France'],COM,{80},{32}
c189a24e-0853-4b54-a205-9b97359e8fff,216403758,Commune de Méharin (64),false,{64375},Commune,2026-03-24 14:42:06.665412+01,gold_establishments_2025,,,,21640375800016,2025,Collectivité Territoriale,Commune,['Pyrénées-Atlantiques'],['Nouvelle-Aquitaine'],COM,{64},{75}
b62e8690-7dc9-4409-9cf5-7f2cda934bd9,214101321,Commune de Méhers (41),false,{41132},Commune,2026-03-24 14:42:00.273698+01,gold_establishments_2025,,,,21410132100013,2025,Collectivité Territoriale,Commune,['Loir-et-Cher'],['Centre-Val de Loire'],COM,{41},{24}
9c604d8e-55d8-49ca-b362-97b625bef38c,215403593,Commune de Méhoncourt (54),false,{54359},Commune,2026-03-24 14:42:02.957225+01,gold_establishments_2025,,,,21540359300019,2025,Collectivité Territoriale,Commune,['Meurthe-et-Moselle'],['Grand Est'],COM,{54},{44}
4aa154e3-30df-4fcd-8a42-c2f5e23e6781,216102574,Commune de Méhoudin (61),false,{61257},Commune,2026-03-24 14:42:05.597325+01,gold_establishments_2025,,,,21610257400011,2025,Collectivité Territoriale,Commune,['Orne'],['Normandie'],COM,{61},{28}
d7354e83-ace2-41ca-a349-21c64b9bdd4a,213001647,Commune de Méjannes-le-Clap (30),false,{30164},Commune,2026-03-24 14:41:57.56054+01,gold_establishments_2025,,,,21300164700014,2025,Collectivité Territoriale,Commune,['Gard'],['Occitanie'],COM,{30},{76}
07c03c09-81b4-4a3a-8e25-3db12e8b273d,213001654,Commune de Méjannes-lès-Alès (30),false,{30165},Commune,2026-03-24 14:41:57.56054+01,gold_establishments_2025,,,,21300165400010,2025,Collectivité Territoriale,Commune,['Gard'],['Occitanie'],COM,{30},{76}
ad1ff4d3-05f8-474f-a260-e3d640948fac,211201439,Commune de Mélagues (12),false,{12143},Commune,2026-03-24 14:41:53.63825+01,gold_establishments_2025,,,,21120143900018,2025,Collectivité Territoriale,Commune,['Aveyron'],['Occitanie'],COM,{12},{76}
25f0c6bb-dbac-4320-a255-d2510ab6d7d0,217604214,Commune de Mélamare (76),false,{76421},Commune,2026-03-24 14:42:08.818969+01,gold_establishments_2025,,,,21760421400015,2025,Collectivité Territoriale,Commune,['Seine-Maritime'],['Normandie'],COM,{76},{28}
7f9e8080-0361-426f-8216-28d00e25bcd2,217003367,Commune de Mélecey (70),false,{70336},Commune,2026-03-24 14:42:07.735343+01,gold_establishments_2025,,,,21700336700018,2025,Collectivité Territoriale,Commune,['Haute-Saône'],['Bourgogne-Franche-Comté'],COM,{70},{27}
bfc6fb58-7d9e-44f0-8b7f-a158292b463a,216003889,Commune de Mélicocq (60),false,{60392},Commune,2026-03-24 14:42:04.814328+01,gold_establishments_2025,,,,21600388900013,2025,Collectivité Territoriale,Commune,['Oise'],['Hauts-de-France'],COM,{60},{32}
21667f93-a628-4671-92d2-4aad39fa5296,212703953,Commune de Mélicourt (27),false,{27395},Commune,2026-03-24 14:41:57.028721+01,gold_establishments_2025,,,,21270395300019,2025,Collectivité Territoriale,Commune,['Eure'],['Normandie'],COM,{27},{28}
2886ae9c-0768-47ca-8860-74c41b031ac0,215503301,Commune de Méligny-le-Grand (55),false,{55330},Commune,2026-03-24 14:42:03.701372+01,gold_establishments_2025,,,,21550330100016,2025,Collectivité Territoriale,Commune,['Meuse'],['Grand Est'],COM,{55},{44}
d5876604-6108-4bcb-b5e8-aeecc357aff5,215503319,Commune de Méligny-le-Petit (55),false,{55331},Commune,2026-03-24 14:42:03.701372+01,gold_establishments_2025,,,,21550331900018,2025,Collectivité Territoriale,Commune,['Meuse'],['Grand Est'],COM,{55},{44}
55bf614c-4e50-467f-a4be-56654a4ff447,217003391,Commune de Mélisey (70),false,{70339},Commune,2026-03-24 14:42:07.735343+01,gold_establishments_2025,,,,21700339100018,2025,Collectivité Territoriale,Commune,['Haute-Saône'],['Bourgogne-Franche-Comté'],COM,{70},{27}
de96a550-91e3-4c2b-b8e8-ff58655ca884,218902476,Commune de Mélisey (89),false,{89247},Commune,2026-03-24 14:42:11.118516+01,gold_establishments_2025,,,,21890247600017,2025,Collectivité Territoriale,Commune,['Yonne'],['Bourgogne-Franche-Comté'],COM,{89},{27}
6e748086-559b-4f0e-9796-0a945d0e0470,218802973,Commune de Méménil (88),false,{88297},Commune,2026-03-24 14:42:11.118516+01,gold_establishments_2025,,,,21880297300014,2025,Collectivité Territoriale,Commune,['Vosges'],['Grand Est'],COM,{88},{44}
05f34851-36a4-4149-8b3c-3c81b7e826a6,218802981,Commune de Ménarmont (88),false,{88298},Commune,2026-03-24 14:42:11.118516+01,gold_establishments_2025,,,,21880298100017,2025,Collectivité Territoriale,Commune,['Vosges'],['Grand Est'],COM,{88},{44}
e85bc49c-ee10-4fa6-87df-50fec67cb5b5,218400737,Commune de Ménerbes (84),false,{84073},Commune,2026-03-24 14:42:10.508772+01,gold_establishments_2025,,,,21840073700019,2025,Collectivité Territoriale,Commune,['Vaucluse'],"[""Provence-Alpes-Côte d'Azur""]",COM,{84},{93}
5739213d-dea2-4c59-a374-42457b60f325,217604230,Commune de Ménerval (76),false,{76423},Commune,2026-03-24 14:42:08.818969+01,gold_establishments_2025,,,,21760423000011,2025,Collectivité Territoriale,Commune,['Seine-Maritime'],['Normandie'],COM,{76},{28}
88333868-b664-4b7a-9f18-cd176031ab64,217803857,Commune de Ménerville (78),false,{78385},Commune,2026-03-24 14:42:09.43682+01,gold_establishments_2025,,,,21780385700010,2025,Collectivité Territoriale,Commune,['Yvelines'],['Île-de-France'],COM,{78},{11}
70826f23-71eb-488d-a88f-e9e7180e6f33,218005007,Commune de Méneslies (80),false,{80527},Commune,2026-03-24 14:42:09.967209+01,gold_establishments_2025,,,,21800500700016,2025,Collectivité Territoriale,Commune,['Somme'],['Hauts-de-France'],COM,{80},{32}
3bd45c57-090a-4d92-bcd2-36bf74fce071,212402648,Commune de Ménesplet (24),false,{24264},Commune,2026-03-24 14:41:55.958138+01,gold_establishments_2025,,,,21240264800019,2025,Collectivité Territoriale,Commune,['Dordogne'],['Nouvelle-Aquitaine'],COM,{24},{75}
2c3e838a-97d0-48cf-a033-819f2975ba8f,212703961,Commune de Ménesqueville (27),false,{27396},Commune,2026-03-24 14:41:57.028721+01,gold_establishments_2025,,,,21270396100038,2025,Collectivité Territoriale,Commune,['Eure'],['Normandie'],COM,{27},{28}
67487841-7df7-4260-be9a-0d842bb4e867,212104038,Commune de Ménessaire (21),false,{21403},Commune,2026-03-24 14:41:55.433389+01,gold_establishments_2025,,,,21210403800014,2025,Collectivité Territoriale,Commune,"[""Côte-d'Or""]",['Bourgogne-Franche-Comté'],COM,{21},{27}
8c57e647-7783-4ca9-a86c-a99b30dd1773,214502007,Commune de Ménestreau-en-Villette (45),false,{45200},Commune,2026-03-24 14:42:00.862623+01,gold_establishments_2025,,,,21450200700013,2025,Collectivité Territoriale,Commune,['Loiret'],['Centre-Val de Loire'],COM,{45},{24}
2c155f9e-2980-4b98-875b-a9028b855040,217102938,Commune de Ménetreuil (71),false,{71293},Commune,2026-03-24 14:42:07.735343+01,gold_establishments_2025,,,,21710293800016,2025,Collectivité Territoriale,Commune,['Saône-et-Loire'],['Bourgogne-Franche-Comté'],COM,{71},{27}
729e7fce-e10e-4fe3-9424-be8c87cc5b70,217901768,Commune de Ménigoute (79),false,{79176},Commune,2026-03-24 14:42:09.43682+01,gold_establishments_2025,,,,21790176800010,2025,Collectivité Territoriale,Commune,['Deux-Sèvres'],['Nouvelle-Aquitaine'],COM,{79},{75}
70711780-2236-4ab5-9bda-c32280820aa4,215301508,Commune de Ménil (53),false,{53150},Commune,2026-03-24 14:42:02.957225+01,gold_establishments_2025,,,,21530150800010,2025,Collectivité Territoriale,Commune,['Mayenne'],['Pays de la Loire'],COM,{53},{52}
a9341461-8518-4ddf-b82b-046989c8bfd9,210802575,Commune de Ménil-Annelles (08),false,{08286},Commune,2026-03-24 14:41:53.095366+01,gold_establishments_2025,,,,21080257500014,2025,Collectivité Territoriale,Commune,['Ardennes'],['Grand Est'],COM,{08},{44}
f6a44890-18f4-4b93-8328-7e97fb4085de,216102632,Commune de Ménil-Erreux (61),false,{61263},Commune,2026-03-24 14:42:05.597325+01,gold_establishments_2025,,,,21610263200017,2025,Collectivité Territoriale,Commune,['Orne'],['Normandie'],COM,{61},{28}
30177608-6f4b-483d-ac90-a7c7f4285c8e,216102640,Commune de Ménil-Froger (61),false,{61264},Commune,2026-03-24 14:42:05.597325+01,gold_establishments_2025,,,,21610264000010,2025,Collectivité Territoriale,Commune,['Orne'],['Normandie'],COM,{61},{28}
2a709142-1b36-4984-b171-526ed23c1b57,216102657,Commune de Ménil-Gondouin (61),false,{61265},Commune,2026-03-24 14:42:05.597325+01,gold_establishments_2025,,,,21610265700014,2025,Collectivité Territoriale,Commune,['Orne'],['Normandie'],COM,{61},{28}
a3ccaf70-3588-4946-9eb9-063a7f9171c7,216102673,Commune de Ménil-Hermei (61),false,{61267},Commune,2026-03-24 14:42:05.597325+01,gold_establishments_2025,,,,21610267300011,2025,Collectivité Territoriale,Commune,['Orne'],['Normandie'],COM,{61},{28}
5d763c29-c4d2-475b-b43e-9932a4756469,216102681,Commune de Ménil-Hubert-en-Exmes (61),false,{61268},Commune,2026-03-24 14:42:05.597325+01,gold_establishments_2025,,,,21610268100014,2025,Collectivité Territoriale,Commune,['Orne'],['Normandie'],COM,{61},{28}
1014a9a2-05f5-47bd-b6b7-9c97159f17d6,216102699,Commune de Ménil-Hubert-sur-Orne (61),false,{61269},Commune,2026-03-24 14:42:05.597325+01,gold_establishments_2025,,,,21610269900016,2025,Collectivité Territoriale,Commune,['Orne'],['Normandie'],COM,{61},{28}
988d7fbc-be6d-48b2-b9a6-a4a9bda7695e,210802583,Commune de Ménil-Lépinois (08),false,{08287},Commune,2026-03-24 14:41:53.095366+01,gold_establishments_2025,,,,21080258300018,2025,Collectivité Territoriale,Commune,['Ardennes'],['Grand Est'],COM,{08},{44}
bf31cf89-1464-4ed9-9146-49fce1a37c72,216102731,Commune de Ménil-Vin (61),false,{61273},Commune,2026-03-24 14:42:05.597325+01,gold_establishments_2025,,,,21610273100017,2025,Collectivité Territoriale,Commune,['Orne'],['Normandie'],COM,{61},{28}
a5ef6eae-ef08-492f-bcc3-7dc1d1be2c7f,215503335,Commune de Ménil-aux-Bois (55),false,{55333},Commune,2026-03-24 14:42:03.701372+01,gold_establishments_2025,,,,21550333500014,2025,Collectivité Territoriale,Commune,['Meuse'],['Grand Est'],COM,{55},{44}
7534c26b-b938-49af-8cdb-3140ba646361,218803005,Commune de Ménil-de-Senones (88),false,{88300},Commune,2026-03-24 14:42:11.118516+01,gold_establishments_2025,,,,21880300500014,2025,Collectivité Territoriale,Commune,['Vosges'],['Grand Est'],COM,{88},{44}
b1ca75dd-6f59-446a-996c-0efb30d37234,218802999,Commune de Ménil-en-Xaintois (88),false,{88299},Commune,2026-03-24 14:42:11.118516+01,gold_establishments_2025,,,,21880299900019,2025,Collectivité Territoriale,Commune,['Vosges'],['Grand Est'],COM,{88},{44}
e7d194ed-05a2-4c3a-b6b2-ee79f2deefcb,215503343,Commune de Ménil-la-Horgne (55),false,{55334},Commune,2026-03-24 14:42:03.701372+01,gold_establishments_2025,,,,21550334300018,2025,Collectivité Territoriale,Commune,['Meuse'],['Grand Est'],COM,{55},{44}
079c62b7-f760-4a32-bfdf-86d228d58e8b,215403601,Commune de Ménil-la-Tour (54),false,{54360},Commune,2026-03-24 14:42:02.957225+01,gold_establishments_2025,,,,21540360100069,2025,Collectivité Territoriale,Commune,['Meurthe-et-Moselle'],['Grand Est'],COM,{54},{44}
46a0e30a-38ca-4782-97e8-8e831e29a1a5,218803013,Commune de Ménil-sur-Belvitte (88),false,{88301},Commune,2026-03-24 14:42:11.118516+01,gold_establishments_2025,,,,21880301300018,2025,Collectivité Territoriale,Commune,['Vosges'],['Grand Est'],COM,{88},{44}
dfbd9f67-4a8f-4cf2-b930-58019ab3a8bc,215503350,Commune de Ménil-sur-Saulx (55),false,{55335},Commune,2026-03-24 14:42:03.701372+01,gold_establishments_2025,,,,21550335000013,2025,Collectivité Territoriale,Commune,['Meuse'],['Grand Est'],COM,{55},{44}
2a07f7d5-a89d-44a5-a74b-d27b59d9f09d,212703979,Commune de Ménilles (27),false,{27397},Commune,2026-03-24 14:41:57.028721+01,gold_establishments_2025,,,,21270397900014,2025,Collectivité Territoriale,Commune,['Eure'],['Normandie'],COM,{27},{28}
0b719a4f-3318-48d3-b8fb-1b5ecbabde02,211913207,Commune de Ménoire (19),false,{19132},Commune,2026-03-24 14:41:54.903238+01,gold_establishments_2025,,,,21191320700018,2025,Collectivité Territoriale,Commune,['Corrèze'],['Nouvelle-Aquitaine'],COM,{19},{75}
65d16f95-6bb0-4d75-a7cb-2e78dc84e037,217604248,Commune de Ménonval (76),false,{76424},Commune,2026-03-24 14:42:08.818969+01,gold_establishments_2025,,,,21760424800013,2025,Collectivité Territoriale,Commune,['Seine-Maritime'],['Normandie'],COM,{76},{28}
82e35dc6-2a97-4362-a240-a9763af8d775,215601295,Commune de Ménéac (56),false,{56129},Commune,2026-03-24 14:42:03.701372+01,gold_establishments_2025,,,,21560129500011,2025,Collectivité Territoriale,Commune,['Morbihan'],['Bretagne'],COM,{56},{53}
52d75ffa-b5b3-4754-9270-4f629738a5d4,212104046,Commune de Ménétreux-le-Pitois (21),false,{21404},Commune,2026-03-24 14:41:55.433389+01,gold_establishments_2025,,,,21210404600017,2025,Collectivité Territoriale,Commune,"[""Côte-d'Or""]",['Bourgogne-Franche-Comté'],COM,{21},{27}
2719258d-7260-44b1-8877-dd8f8005ba41,216302240,Commune de Ménétrol (63),false,{63224},Commune,2026-03-24 14:42:06.130387+01,gold_establishments_2025,,,,21630224000017,2025,Collectivité Territoriale,Commune,['Puy-de-Dôme'],['Auvergne-Rhône-Alpes'],COM,{63},{84}
4734d010-250d-426f-994b-0d6a93b3ca3e,211801469,Commune de Ménétréol-sous-Sancerre (18),false,{18146},Commune,2026-03-24 14:41:54.903238+01,gold_establishments_2025,,,,21180146900019,2025,Collectivité Territoriale,Commune,['Cher'],['Centre-Val de Loire'],COM,{18},{24}
1ab6716f-3069-4e2c-94e9-137e430a0ffb,211801477,Commune de Ménétréol-sur-Sauldre (18),false,{18147},Commune,2026-03-24 14:41:54.903238+01,gold_establishments_2025,,,,21180147700012,2025,Collectivité Territoriale,Commune,['Cher'],['Centre-Val de Loire'],COM,{18},{24}
30f2cc60-7520-4796-bb3a-e847c4f316f7,213601164,Commune de Ménétréols-sous-Vatan (36),false,{36116},Commune,2026-03-24 14:41:59.160244+01,gold_establishments_2025,,,,21360116400014,2025,Collectivité Territoriale,Commune,['Indre'],['Centre-Val de Loire'],COM,{36},{24}
e365366a-8550-4162-8ef2-e02777c923dc,216003905,Commune de Ménévillers (60),false,{60394},Commune,2026-03-24 14:42:04.814328+01,gold_establishments_2025,,,,21600390500017,2025,Collectivité Territoriale,Commune,['Oise'],['Hauts-de-France'],COM,{60},{32}
a40e9df9-4bc9-40fe-b6c6-633791356d93,213601180,Commune de Méobecq (36),false,{36118},Commune,2026-03-24 14:41:59.160244+01,gold_establishments_2025,,,,21360118000010,2025,Collectivité Territoriale,Commune,['Indre'],['Centre-Val de Loire'],COM,{36},{24}
c7bd9a36-999b-4327-ad47-d951cfc105e8,210401618,Commune de Méolans-Revel (04),false,{04161},Commune,2026-03-24 14:41:52.562531+01,gold_establishments_2025,,,,21040161800017,2025,Collectivité Territoriale,Commune,['Alpes-de-Haute-Provence'],"[""Provence-Alpes-Côte d'Azur""]",COM,{04},{93}
2659d8d7-eda8-4eb8-90e2-53df212270a4,218300770,Commune de Méounes-lès-Montrieux (83),false,{83077},Commune,2026-03-24 14:42:10.508772+01,gold_establishments_2025,,,,21830077000011,2025,Collectivité Territoriale,Commune,['Var'],"[""Provence-Alpes-Côte d'Azur""]",COM,{83},{93}
33706644-4d07-48c1-8b30-1522605d2c78,216403808,Commune de Méracq (64),false,{64380},Commune,2026-03-24 14:42:06.665412+01,gold_establishments_2025,,,,21640380800019,2025,Collectivité Territoriale,Commune,['Pyrénées-Atlantiques'],['Nouvelle-Aquitaine'],COM,{64},{75}
fb01d84d-62c4-4862-9798-6d22334ada18,215301516,Commune de Méral (53),false,{53151},Commune,2026-03-24 14:42:02.957225+01,gold_establishments_2025,,,,21530151600013,2025,Collectivité Territoriale,Commune,['Mayenne'],['Pays de la Loire'],COM,{53},{52}
1b1fe0ed-c465-491f-8cfa-e621cc1c5a48,210901864,Commune de Méras (09),false,{09186},Commune,2026-03-24 14:41:53.095366+01,gold_establishments_2025,,,,21090186400012,2025,Collectivité Territoriale,Commune,['Ariège'],['Occitanie'],COM,{09},{76}
07de0b75-ace8-49fe-94ce-881c8bdbbce2,211801485,Commune de Méreau (18),false,{18148},Commune,2026-03-24 14:41:54.903238+01,gold_establishments_2025,,,,21180148500015,2025,Collectivité Territoriale,Commune,['Cher'],['Centre-Val de Loire'],COM,{18},{24}
7a9b3b1f-ed1d-4569-b832-8d42c333e023,213202518,Commune de Mérens (32),false,{32251},Commune,2026-03-24 14:41:58.09424+01,gold_establishments_2025,,,,21320251800014,2025,Collectivité Territoriale,Commune,['Gers'],['Occitanie'],COM,{32},{76}
8feb83e7-1761-469c-b5cf-1e6d1ed4fd91,210901898,Commune de Mérens-les-Vals (09),false,{09189},Commune,2026-03-24 14:41:53.095366+01,gold_establishments_2025,,,,21090189800010,2025,Collectivité Territoriale,Commune,['Ariège'],['Occitanie'],COM,{09},{76}
c33ae1b2-f7f4-49b4-a320-4bcbc66ac4a7,213103393,Commune de Mérenvielle (31),false,{31339},Commune,2026-03-24 14:41:58.09424+01,gold_establishments_2025,,,,21310339300012,2025,Collectivité Territoriale,Commune,['Haute-Garonne'],['Occitanie'],COM,{31},{76}
833b7f86-280b-4842-a426-5431ca1598f7,210500765,Commune de Méreuil (05),false,{05076},Commune,2026-03-24 14:41:52.562531+01,gold_establishments_2025,,,,21050076500016,2025,Collectivité Territoriale,Commune,['Hautes-Alpes'],"[""Provence-Alpes-Côte d'Azur""]",COM,{05},{93}
9ecf4989-416d-4d9e-935f-3e5670f72c51,212503767,Commune de Mérey-Vieilley (25),false,{25376},Commune,2026-03-24 14:41:56.495197+01,gold_establishments_2025,,,,21250376700015,2025,Collectivité Territoriale,Commune,['Doubs'],['Bourgogne-Franche-Comté'],COM,{25},{27}
9ca77526-387e-4d09-bc90-8d5c8c44ac5f,211102306,Commune de Mérial (11),false,{11230},Commune,2026-03-24 14:41:53.63825+01,gold_establishments_2025,,,,21110230600019,2025,Collectivité Territoriale,Commune,['Aude'],['Occitanie'],COM,{11},{76}
3b04433f-0be6-4040-a951-0acaf02f3b0c,216205708,Commune de Méricourt (62),false,{62570},Commune,2026-03-24 14:42:05.597325+01,gold_establishments_2025,,,,21620570800011,2025,Collectivité Territoriale,Commune,['Pas-de-Calais'],['Hauts-de-France'],COM,{62},{32}
9ce76be5-cb64-4640-b01b-121440ee305b,217803915,Commune de Méricourt (78),false,{78391},Commune,2026-03-24 14:42:09.43682+01,gold_establishments_2025,,,,21780391500016,2025,Collectivité Territoriale,Commune,['Yvelines'],['Île-de-France'],COM,{78},{11}
c1b2c979-bdaf-42c2-a13f-094aa4042bea,218005049,Commune de Méricourt-en-Vimeu (80),false,{80531},Commune,2026-03-24 14:42:09.967209+01,gold_establishments_2025,,,,21800504900018,2025,Collectivité Territoriale,Commune,['Somme'],['Hauts-de-France'],COM,{80},{32}
0af1c41e-c32b-40f2-8f38-17b0f8310bb9,218005031,Commune de Méricourt-l'Abbé (80),false,{80530},Commune,2026-03-24 14:42:09.967209+01,gold_establishments_2025,,,,21800503100065,2025,Collectivité Territoriale,Commune,['Somme'],['Hauts-de-France'],COM,{80},{32}
99abeb6e-374e-4339-8931-2cc7f9adc316,219503927,Commune de Mériel (95),false,{95392},Commune,2026-03-24 14:42:11.659493+01,gold_establishments_2025,,,,21950392700010,2025,Collectivité Territoriale,Commune,"[""Val-d'Oise""]",['Île-de-France'],COM,{95},{11}
0162ad3c-b3d8-4bca-9f34-f42045467073,213401565,Commune de Mérifons (34),false,{34156},Commune,2026-03-24 14:41:58.620411+01,gold_establishments_2025,,,,21340156500014,2025,Collectivité Territoriale,Commune,['Hérault'],['Occitanie'],COM,{34},{76}
6db825c3-4de6-4f13-b336-02613bcc7c32,211602164,Commune de Mérignac (16),false,{16216},Commune,2026-03-24 14:41:54.362296+01,gold_establishments_2025,,,,21160216400017,2025,Collectivité Territoriale,Commune,['Charente'],['Nouvelle-Aquitaine'],COM,{16},{75}
294c0ab9-5b07-4fe4-bf90-0d826b404e7d,211702295,Commune de Mérignac (17),false,{17229},Commune,2026-03-24 14:41:54.903238+01,gold_establishments_2025,,,,21170229500018,2025,Collectivité Territoriale,Commune,['Charente-Maritime'],['Nouvelle-Aquitaine'],COM,{17},{75}
8b68d863-2285-474d-b805-be5c12517947,213302813,Commune de Mérignac (33),false,{33281},Commune,2026-03-24 14:41:58.620411+01,gold_establishments_2025,,,,21330281300372,2025,Collectivité Territoriale,Commune,['Gironde'],['Nouvelle-Aquitaine'],COM,{33},{75}
d642baef-0170-4916-b14d-c0142d145c36,213302821,Commune de Mérignas (33),false,{33282},Commune,2026-03-24 14:41:58.620411+01,gold_establishments_2025,,,,21330282100011,2025,Collectivité Territoriale,Commune,['Gironde'],['Nouvelle-Aquitaine'],COM,{33},{75}
278db5c5-ffdc-4129-bc28-66169111c0cf,210102422,Commune de Mérignat (01),false,{01242},Commune,2026-03-24 14:41:51.447482+01,gold_establishments_2025,,,,21010242200016,2025,Collectivité Territoriale,Commune,['Ain'],['Auvergne-Rhône-Alpes'],COM,{01},{84}
84728fb0-ca01-4c5d-a307-3542e4029d55,215903980,Commune de Mérignies (59),false,{59398},Commune,2026-03-24 14:42:04.280096+01,gold_establishments_2025,,,,21590398000013,2025,Collectivité Territoriale,Commune,['Nord'],['Hauts-de-France'],COM,{59},{32}
c676187e-1e37-4f9a-930f-1a0650ce715e,213601198,Commune de Mérigny (36),false,{36119},Commune,2026-03-24 14:41:59.160244+01,gold_establishments_2025,,,,21360119800012,2025,Collectivité Territoriale,Commune,['Indre'],['Centre-Val de Loire'],COM,{36},{24}
adf8aae9-3bbe-4a10-a580-6528519bc159,210901906,Commune de Mérigon (09),false,{09190},Commune,2026-03-24 14:41:53.095366+01,gold_establishments_2025,,,,21090190600011,2025,Collectivité Territoriale,Commune,['Ariège'],['Occitanie'],COM,{09},{76}
85d037ea-8d6b-4e1a-a170-91a8112c2d3c,216503102,Commune de Mérilheu (65),false,{65310},Commune,2026-03-24 14:42:06.665412+01,gold_establishments_2025,,,,21650310200016,2025,Collectivité Territoriale,Commune,['Hautes-Pyrénées'],['Occitanie'],COM,{65},{76}
faa3a318-86fe-4bca-af73-1f9f6789365e,212201487,Commune de Mérillac (22),false,{22148},Commune,2026-03-24 14:41:55.433389+01,gold_establishments_2025,,,,21220148700015,2025,Collectivité Territoriale,Commune,"[""Côtes-d'Armor""]",['Bretagne'],COM,{22},{53}
c3f42fb7-69c7-4303-abae-a7a40e1cc30e,212313100,Commune de Mérinchal (23),false,{23131},Commune,2026-03-24 14:41:55.958138+01,gold_establishments_2025,,,,21231310000019,2025,Collectivité Territoriale,Commune,['Creuse'],['Nouvelle-Aquitaine'],COM,{23},{75}
020188be-15a6-460d-991e-b56d6688fe08,218400745,Commune de Mérindol (84),false,{84074},Commune,2026-03-24 14:42:10.508772+01,gold_establishments_2025,,,,21840074500012,2025,Collectivité Territoriale,Commune,['Vaucluse'],"[""Provence-Alpes-Côte d'Azur""]",COM,{84},{93}
beb06d35-bca1-4b68-8cbd-61fd65c1e141,212601801,Commune de Mérindol-les-Oliviers (26),false,{26180},Commune,2026-03-24 14:41:56.495197+01,gold_establishments_2025,,,,21260180100013,2025,Collectivité Territoriale,Commune,['Drôme'],['Auvergne-Rhône-Alpes'],COM,{26},{84}
9df5ddc4-67b4-4ab4-9933-4a8359a9158e,214502015,Commune de Mérinville (45),false,{45201},Commune,2026-03-24 14:42:00.862623+01,gold_establishments_2025,,,,21450201500016,2025,Collectivité Territoriale,Commune,['Loiret'],['Centre-Val de Loire'],COM,{45},{24}
7cd59729-663b-4896-b3a9-86676452cfdc,216403816,Commune de Méritein (64),false,{64381},Commune,2026-03-24 14:42:06.665412+01,gold_establishments_2025,,,,21640381600012,2025,Collectivité Territoriale,Commune,['Pyrénées-Atlantiques'],['Nouvelle-Aquitaine'],COM,{64},{75}
79571b0c-86d7-4573-9b0d-27589301b031,219103934,Commune de Mérobert (91),false,{91393},Commune,2026-03-24 14:42:11.659493+01,gold_establishments_2025,,,,21910393400010,2025,Collectivité Territoriale,Commune,['Essonne'],['Île-de-France'],COM,{91},{11}
3bdc14e1-651c-4a83-b771-aaf53681a12d,213903248,Commune de Mérona (39),false,{39324},Commune,2026-03-24 14:41:59.705606+01,gold_establishments_2025,,,,21390324800010,2025,Collectivité Territoriale,Commune,['Jura'],['Bourgogne-Franche-Comté'],COM,{39},{27}
af43cfe3-4770-49b3-aca6-369b99780c77,212802433,Commune de Mérouville (28),false,{28243},Commune,2026-03-24 14:41:57.028721+01,gold_establishments_2025,,,,21280243300012,2025,Collectivité Territoriale,Commune,['Eure-et-Loir'],['Centre-Val de Loire'],COM,{28},{24}
1076a728-7dca-4fb8-acf0-72d1539485dd,216003913,Commune de Méru (60),false,{60395},Commune,2026-03-24 14:42:04.814328+01,gold_establishments_2025,,,,21600391300011,2025,Collectivité Territoriale,Commune,['Oise'],['Hauts-de-France'],COM,{60},{32}
b645f411-22c9-4c99-9605-ebf3d91b7820,217301555,Commune de Méry (73),false,{73155},Commune,2026-03-24 14:42:08.279287+01,gold_establishments_2025,,,,21730155500017,2025,Collectivité Territoriale,Commune,['Savoie'],['Auvergne-Rhône-Alpes'],COM,{73},{84}
e5944ecf-3b82-4b3d-ad6d-ef97f62427b9,200064889,Commune de Méry-Bissières-en-Auge (14),false,{14410},Commune,2026-03-24 14:41:54.362296+01,gold_establishments_2025,,,,20006488900013,2025,Collectivité Territoriale,Commune,['Calvados'],['Normandie'],COM,{14},{28}
c0135a70-b1e9-406c-a903-a75256df2876,215103409,Commune de Méry-Prémecy (51),false,{51364},Commune,2026-03-24 14:42:01.954481+01,gold_establishments_2025,,,,21510340900011,2025,Collectivité Territoriale,Commune,['Marne'],['Grand Est'],COM,{51},{44}
af3be4e7-dbeb-459d-8bdb-72df63290c87,216003921,Commune de Méry-la-Bataille (60),false,{60396},Commune,2026-03-24 14:42:04.814328+01,gold_establishments_2025,,,,21600392100014,2025,Collectivité Territoriale,Commune,['Oise'],['Hauts-de-France'],COM,{60},{32}
92f1ffac-5ccf-4417-8ec3-1a73f12347e9,211801501,Commune de Méry-sur-Cher (18),false,{18150},Commune,2026-03-24 14:41:54.903238+01,gold_establishments_2025,,,,21180150100019,2025,Collectivité Territoriale,Commune,['Cher'],['Centre-Val de Loire'],COM,{18},{24}
beb52892-b310-4985-992b-8c6cb604d580,217702901,Commune de Méry-sur-Marne (77),false,{77290},Commune,2026-03-24 14:42:09.43682+01,gold_establishments_2025,,,,21770290100034,2025,Collectivité Territoriale,Commune,['Seine-et-Marne'],['Île-de-France'],COM,{77},{11}
3c520cae-39a8-4a9b-890c-ed4662c72681,219503943,Commune de Méry-sur-Oise (95),false,{95394},Commune,2026-03-24 14:42:11.659493+01,gold_establishments_2025,,,,21950394300017,2025,Collectivité Territoriale,Commune,"[""Val-d'Oise""]",['Île-de-France'],COM,{95},{11}
c248ba00-cb53-421a-9c79-deab1bb99faf,211002266,Commune de Méry-sur-Seine (10),false,{10233},Commune,2026-03-24 14:41:53.095366+01,gold_establishments_2025,,,,21100226600016,2025,Collectivité Territoriale,Commune,['Aube'],['Grand Est'],COM,{10},{44}
ae3c3542-7443-4fdb-a064-fc457960d490,211801493,Commune de Méry-ès-Bois (18),false,{18149},Commune,2026-03-24 14:41:54.903238+01,gold_establishments_2025,,,,21180149300019,2025,Collectivité Territoriale,Commune,['Cher'],['Centre-Val de Loire'],COM,{18},{24}
c292c060-291c-4898-9383-634365f9b8ee,217803899,Commune de Méré (78),false,{78389},Commune,2026-03-24 14:42:09.43682+01,gold_establishments_2025,,,,21780389900012,2025,Collectivité Territoriale,Commune,['Yvelines'],['Île-de-France'],COM,{78},{11}
ddeff472-d3b2-48a5-9f88-9dba887ab107,218902500,Commune de Méré (89),false,{89250},Commune,2026-03-24 14:42:11.118516+01,gold_establishments_2025,,,,21890250000014,2025,Collectivité Territoriale,Commune,['Yonne'],['Bourgogne-Franche-Comté'],COM,{89},{27}
41518b8e-7884-45d0-b10d-71e7056607cb,218005015,Commune de Méréaucourt (80),false,{80528},Commune,2026-03-24 14:42:09.967209+01,gold_establishments_2025,,,,21800501500019,2025,Collectivité Territoriale,Commune,['Somme'],['Hauts-de-France'],COM,{80},{32}
7f16cf1d-ba99-402d-b767-cf91c662d97d,212802425,Commune de Méréglise (28),false,{28242},Commune,2026-03-24 14:41:57.028721+01,gold_establishments_2025,,,,21280242500018,2025,Collectivité Territoriale,Commune,['Eure-et-Loir'],['Centre-Val de Loire'],COM,{28},{24}
6cee6590-9092-406a-b140-9f0d6dd447a8,218005023,Commune de Mérélessart (80),false,{80529},Commune,2026-03-24 14:42:09.967209+01,gold_establishments_2025,,,,21800502300013,2025,Collectivité Territoriale,Commune,['Somme'],['Hauts-de-France'],COM,{80},{32}
ef1210d4-519e-4fc6-b92d-a707dd8e051a,215403643,Commune de Méréville (54),false,{54364},Commune,2026-03-24 14:42:02.957225+01,gold_establishments_2025,,,,21540364300012,2025,Collectivité Territoriale,Commune,['Meurthe-et-Moselle'],['Grand Est'],COM,{54},{44}
d49a1db2-dc95-41e0-8888-b462feacb155,212503775,Commune de Mésandans (25),false,{25377},Commune,2026-03-24 14:41:56.495197+01,gold_establishments_2025,,,,21250377500018,2025,Collectivité Territoriale,Commune,['Doubs'],['Bourgogne-Franche-Comté'],COM,{25},{27}
08efa353-7418-47cf-bd67-aadc8b5c2c4e,214400962,Commune de Mésanger (44),false,{44096},Commune,2026-03-24 14:42:00.273698+01,gold_establishments_2025,,,,21440096200012,2025,Collectivité Territoriale,Commune,['Loire-Atlantique'],['Pays de la Loire'],COM,{44},{52}
e11db08a-1332-42a5-a2cb-b0853532c497,217604263,Commune de Mésangueville (76),false,{76426},Commune,2026-03-24 14:42:08.818969+01,gold_establishments_2025,,,,21760426300012,2025,Collectivité Territoriale,Commune,['Seine-Maritime'],['Normandie'],COM,{76},{28}
f80717dc-7b98-4fad-8935-e3eddfe8eabe,217401793,Commune de Mésigny (74),false,{74179},Commune,2026-03-24 14:42:08.818969+01,gold_establishments_2025,,,,21740179300013,2025,Collectivité Territoriale,Commune,['Haute-Savoie'],['Auvergne-Rhône-Alpes'],COM,{74},{84}
1c7d91ff-6c96-4397-82a7-eb4d7fd78ba4,212503809,Commune de Métabief (25),false,{25380},Commune,2026-03-24 14:41:56.495197+01,gold_establishments_2025,,,,21250380900015,2025,Collectivité Territoriale,Commune,['Doubs'],['Bourgogne-Franche-Comté'],COM,{25},{27}
6ceebfaf-a844-4f45-b244-9a8a4fc2ab0b,215704610,Commune de Métairies-Saint-Quirin (57),false,{57461},Commune,2026-03-24 14:42:03.701372+01,gold_establishments_2025,,,,21570461000017,2025,Collectivité Territoriale,Commune,['Moselle'],['Grand Est'],COM,{57},{44}
289df727-7df4-4870-b485-e71f63ff9053,215904012,Commune de Méteren (59),false,{59401},Commune,2026-03-24 14:42:04.280096+01,gold_establishments_2025,,,,21590401200014,2025,Collectivité Territoriale,Commune,['Nord'],['Hauts-de-France'],COM,{59},{32}
5983b1c5-2fd8-4041-8b60-4c1c9314efb2,218400752,Commune de Méthamis (84),false,{84075},Commune,2026-03-24 14:42:10.508772+01,gold_establishments_2025,,,,21840075200018,2025,Collectivité Territoriale,Commune,['Vaucluse'],"[""Provence-Alpes-Côte d'Azur""]",COM,{84},{93}
b22db4ba-339c-4525-9f96-45a0e6c6655e,218005148,Commune de Métigny (80),false,{80543},Commune,2026-03-24 14:42:09.967209+01,gold_establishments_2025,,,,21800514800018,2025,Collectivité Territoriale,Commune,['Somme'],['Hauts-de-France'],COM,{80},{32}
f16d42ed-8caf-4c44-aa81-ff08854c7000,212802490,Commune de Mévoisins (28),false,{28249},Commune,2026-03-24 14:41:57.028721+01,gold_establishments_2025,,,,21280249000012,2025,Collectivité Territoriale,Commune,['Eure-et-Loir'],['Centre-Val de Loire'],COM,{28},{24}
df86762c-e042-4651-a74a-2dd28a285f26,212601819,Commune de Mévouillon (26),false,{26181},Commune,2026-03-24 14:41:56.495197+01,gold_establishments_2025,,,,21260181900015,2025,Collectivité Territoriale,Commune,['Drôme'],['Auvergne-Rhône-Alpes'],COM,{26},{84}
c2f6bcec-306c-42d5-8820-0f7f00734a0d,215301532,Commune de Mézangers (53),false,{53153},Commune,2026-03-24 14:42:02.957225+01,gold_establishments_2025,,,,21530153200010,2025,Collectivité Territoriale,Commune,['Mayenne'],['Pays de la Loire'],COM,{53},{52}
fc0d07ab-0210-4e93-b146-9b95ec8fd4c5,210401212,Commune de Mézel (04),false,{04121},Commune,2026-03-24 14:41:52.562531+01,gold_establishments_2025,,,,21040121200019,2025,Collectivité Territoriale,Commune,['Alpes-de-Haute-Provence'],"[""Provence-Alpes-Côte d'Azur""]",COM,{04},{93}
0a4a1698-16b1-4f6b-a813-6acebe771657,218101640,Commune de Mézens (81),false,{81164},Commune,2026-03-24 14:42:09.967209+01,gold_establishments_2025,,,,21810164000017,2025,Collectivité Territoriale,Commune,['Tarn'],['Occitanie'],COM,{81},{76}
b586a357-4fe4-4df7-bbe4-045c60ed487e,217201953,Commune de Mézeray (72),false,{72195},Commune,2026-03-24 14:42:08.279287+01,gold_establishments_2025,,,,21720195300015,2025,Collectivité Territoriale,Commune,['Sarthe'],['Pays de la Loire'],COM,{72},{52}
f6d5c8dc-62f6-4f38-a04f-83902416a83c,218005155,Commune de Mézerolles (80),false,{80544},Commune,2026-03-24 14:42:09.967209+01,gold_establishments_2025,,,,21800515500013,2025,Collectivité Territoriale,Commune,['Somme'],['Hauts-de-France'],COM,{80},{32}
a7fa2022-b91c-447f-ba6d-d003bfb8631e,211102314,Commune de Mézerville (11),false,{11231},Commune,2026-03-24 14:41:53.63825+01,gold_establishments_2025,,,,21110231400013,2025,Collectivité Territoriale,Commune,['Aude'],['Occitanie'],COM,{11},{76}
748cbfa4-317c-45b6-87f1-157416f55919,200064996,Commune de Mézidon Vallée d'Auge (14),false,{14431},Commune,2026-03-24 14:41:54.362296+01,gold_establishments_2025,,,,20006499600016,2025,Collectivité Territoriale,Commune,['Calvados'],['Normandie'],COM,{14},{28}
568113d6-d29a-461f-88e2-8ee3f6641690,210701587,Commune de Mézilhac (07),false,{07158},Commune,2026-03-24 14:41:52.562531+01,gold_establishments_2025,,,,21070158700011,2025,Collectivité Territoriale,Commune,['Ardèche'],['Auvergne-Rhône-Alpes'],COM,{07},{84}
db06332e-023c-4a84-9d89-da5b8b610b1d,218902542,Commune de Mézilles (89),false,{89254},Commune,2026-03-24 14:42:11.118516+01,gold_establishments_2025,,,,21890254200016,2025,Collectivité Territoriale,Commune,['Yonne'],['Bourgogne-Franche-Comté'],COM,{89},{27}
46610fe1-dde9-43bc-ade1-8e483326ffb0,214701674,Commune de Mézin (47),false,{47167},Commune,2026-03-24 14:42:00.862623+01,gold_establishments_2025,,,,21470167400019,2025,Collectivité Territoriale,Commune,['Lot-et-Garonne'],['Nouvelle-Aquitaine'],COM,{47},{75}
f843a8dd-00a9-479f-9856-250b4597d250,219000692,Commune de Méziré (90),false,{90069},Commune,2026-03-24 14:42:11.659493+01,gold_establishments_2025,,,,21900069200018,2025,Collectivité Territoriale,Commune,['Territoire de Belfort'],['Bourgogne-Franche-Comté'],COM,{90},{27}
4b0e2550-303b-4429-86d3-48f4c62a01fe,213601230,Commune de Mézières-en-Brenne (36),false,{36123},Commune,2026-03-24 14:41:59.160244+01,gold_establishments_2025,,,,21360123000013,2025,Collectivité Territoriale,Commune,['Indre'],['Centre-Val de Loire'],COM,{36},{24}
e36cee50-e950-4425-8029-e4abece11c66,212802516,Commune de Mézières-en-Drouais (28),false,{28251},Commune,2026-03-24 14:41:57.028721+01,gold_establishments_2025,,,,21280251600014,2025,Collectivité Territoriale,Commune,['Eure-et-Loir'],['Centre-Val de Loire'],COM,{28},{24}
3eb5781d-4662-4f06-a2f8-a19f2ace6930,214502056,Commune de Mézières-en-Gâtinais (45),false,{45205},Commune,2026-03-24 14:42:00.862623+01,gold_establishments_2025,,,,21450205600010,2025,Collectivité Territoriale,Commune,['Loiret'],['Centre-Val de Loire'],COM,{45},{24}
52d2194b-f0af-4d83-baf5-790a2f24c995,218005163,Commune de Mézières-en-Santerre (80),false,{80545},Commune,2026-03-24 14:42:09.967209+01,gold_establishments_2025,,,,21800516300017,2025,Collectivité Territoriale,Commune,['Somme'],['Hauts-de-France'],COM,{80},{32}
b31d70b7-59a0-4433-8626-9c1322f6818b,212704084,Commune de Mézières-en-Vexin (27),false,{27408},Commune,2026-03-24 14:41:57.028721+01,gold_establishments_2025,,,,21270408400012,2025,Collectivité Territoriale,Commune,['Eure'],['Normandie'],COM,{27},{28}
37356572-dffb-4b5b-a5e4-f4c1bb6db2ed,214502049,Commune de Mézières-lez-Cléry (45),false,{45204},Commune,2026-03-24 14:42:00.862623+01,gold_establishments_2025,,,,21450204900015,2025,Collectivité Territoriale,Commune,['Loiret'],['Centre-Val de Loire'],COM,{45},{24}
790b452d-1128-46b6-806c-23b8be2342a6,217201979,Commune de Mézières-sous-Lavardin (72),false,{72197},Commune,2026-03-24 14:42:08.279287+01,gold_establishments_2025,,,,21720197900010,2025,Collectivité Territoriale,Commune,['Sarthe'],['Pays de la Loire'],COM,{72},{52}
d530a431-5151-4a6e-8046-84a6cd6ede1a,213501786,Commune de Mézières-sur-Couesnon (35),false,{35178},Commune,2026-03-24 14:41:58.620411+01,gold_establishments_2025,,,,21350178600015,2025,Collectivité Territoriale,Commune,['Ille-et-Vilaine'],['Bretagne'],COM,{35},{53}
6d4a8016-92fb-4bea-8745-dd339b906369,210204608,Commune de Mézières-sur-Oise (02),false,{02483},Commune,2026-03-24 14:41:52.020251+01,gold_establishments_2025,,,,21020460800017,2025,Collectivité Territoriale,Commune,['Aisne'],['Hauts-de-France'],COM,{02},{32}
0c728cfa-0e63-4af3-ad3e-e3f500077445,217201961,Commune de Mézières-sur-Ponthouin (72),false,{72196},Commune,2026-03-24 14:42:08.279287+01,gold_establishments_2025,,,,21720196100018,2025,Collectivité Territoriale,Commune,['Sarthe'],['Pays de la Loire'],COM,{72},{52}
071abe86-9ca3-4d37-8a14-532c2e4af179,217804020,Commune de Mézières-sur-Seine (78),false,{78402},Commune,2026-03-24 14:42:09.43682+01,gold_establishments_2025,,,,21780402000014,2025,Collectivité Territoriale,Commune,['Yvelines'],['Île-de-France'],COM,{78},{11}
c4843583-d487-47b1-b15b-fd8f812aa419,214001828,Commune de Mézos (40),false,{40182},Commune,2026-03-24 14:41:59.705606+01,gold_establishments_2025,,,,21400182800018,2025,Collectivité Territoriale,Commune,['Landes'],['Nouvelle-Aquitaine'],COM,{40},{75}
65194bef-f369-4e7c-b7a2-81ba891ace9f,210204616,Commune de Mézy-Moulins (02),false,{02484},Commune,2026-03-24 14:41:52.020251+01,gold_establishments_2025,,,,21020461600010,2025,Collectivité Territoriale,Commune,['Aisne'],['Hauts-de-France'],COM,{02},{32}
ac10ba64-af4d-4dec-beb9-8300634ad074,217804038,Commune de Mézy-sur-Seine (78),false,{78403},Commune,2026-03-24 14:42:09.43682+01,gold_establishments_2025,,,,21780403800016,2025,Collectivité Territoriale,Commune,['Yvelines'],['Île-de-France'],COM,{78},{11}
7e30207c-5bd1-4fd1-afeb-a79b6b361abe,214301343,Commune de Mézères (43),false,{43134},Commune,2026-03-24 14:42:00.273698+01,gold_establishments_2025,,,,21430134300015,2025,Collectivité Territoriale,Commune,['Haute-Loire'],['Auvergne-Rhône-Alpes'],COM,{43},{84}
8b68ea86-2ce4-4796-a0f6-53c7a2398b2d,210102463,Commune de Mézériat (01),false,{01246},Commune,2026-03-24 14:41:51.447482+01,gold_establishments_2025,,,,21010246300010,2025,Collectivité Territoriale,Commune,['Ain'],['Auvergne-Rhône-Alpes'],COM,{01},{84}
f2d069c6-7e61-47cc-a24e-d89a90fc9d32,218902591,Commune de Môlay (89),false,{89259},Commune,2026-03-24 14:42:11.118516+01,gold_establishments_2025,,,,21890259100013,2025,Collectivité Territoriale,Commune,['Yonne'],['Bourgogne-Franche-Comté'],COM,{89},{27}
d44205dd-e0da-4231-ae35-bca2d9962186,217401942,Commune de Mûres (74),false,{74194},Commune,2026-03-24 14:42:08.818969+01,gold_establishments_2025,,,,21740194200016,2025,Collectivité Territoriale,Commune,['Haute-Savoie'],['Auvergne-Rhône-Alpes'],COM,{74},{84}
3e29ee0a-1fff-47c2-9406-cb050915ce1e,214902231,Commune de Mûrs-Erigné (49),false,{49223},Commune,2026-03-24 14:42:01.412377+01,gold_establishments_2025,,,,21490223100148,2025,Collectivité Territoriale,Commune,['Maine-et-Loire'],['Pays de la Loire'],COM,{49},{52}
bd96866b-d0ff-4d0f-bdce-bf8c3c9d33ac,216802124,Commune de Mœrnach (68),false,{68212},Commune,2026-03-24 14:42:07.195692+01,gold_establishments_2025,,,,21680212400018,2025,Collectivité Territoriale,Commune,['Haut-Rhin'],['Grand Est'],COM,{68},{44}
3a24787c-8125-4816-a6ec-fe013a9563ba,215103441,Commune de Mœurs-Verdey (51),false,{51369},Commune,2026-03-24 14:42:01.954481+01,gold_establishments_2025,,,,21510344100014,2025,Collectivité Territoriale,Commune,['Marne'],['Grand Est'],COM,{51},{44}
ef087081-af23-4916-ab12-6744695115e5,215904053,Commune de Mœuvres (59),false,{59405},Commune,2026-03-24 14:42:04.280096+01,gold_establishments_2025,,,,21590405300018,2025,Collectivité Territoriale,Commune,['Nord'],['Hauts-de-France'],COM,{59},{32}
3870c650-1c9d-45ef-ac42-c8ae2e38e242,216404129,Commune de Nabas (64),false,{64412},Commune,2026-03-24 14:42:06.665412+01,gold_establishments_2025,,,,21640412900019,2025,Collectivité Territoriale,Commune,['Pyrénées-Atlantiques'],['Nouvelle-Aquitaine'],COM,{64},{75}
f2f73989-0511-43ad-bebb-53f546dd4e1c,211602404,Commune de Nabinaud (16),false,{16240},Commune,2026-03-24 14:41:54.362296+01,gold_establishments_2025,,,,21160240400017,2025,Collectivité Territoriale,Commune,['Charente'],['Nouvelle-Aquitaine'],COM,{16},{75}
ef70f06a-b4c3-43ca-9472-2120cfa7af24,212403000,Commune de Nabirat (24),false,{24300},Commune,2026-03-24 14:41:55.958138+01,gold_establishments_2025,,,,21240300000012,2025,Collectivité Territoriale,Commune,['Dordogne'],['Nouvelle-Aquitaine'],COM,{24},{75}
4791c7e0-caf2-4d30-ab50-5e84ee5e2e49,216205997,Commune de Nabringhen (62),false,{62599},Commune,2026-03-24 14:42:05.597325+01,gold_establishments_2025,,,,21620599700010,2025,Collectivité Territoriale,Commune,['Pas-de-Calais'],['Hauts-de-France'],COM,{62},{32}
ecd878aa-578a-4724-86cf-4a5b43842249,211702543,Commune de Nachamps (17),false,{17254},Commune,2026-03-24 14:41:54.903238+01,gold_establishments_2025,,,,21170254300011,2025,Collectivité Territoriale,Commune,['Charente-Maritime'],['Nouvelle-Aquitaine'],COM,{17},{75}
8303de2b-7775-40cb-b3bf-78cbed01dd30,212403018,Commune de Nadaillac (24),false,{24301},Commune,2026-03-24 14:41:55.958138+01,gold_establishments_2025,,,,21240301800014,2025,Collectivité Territoriale,Commune,['Dordogne'],['Nouvelle-Aquitaine'],COM,{24},{75}
959f63b4-956d-412e-8748-d912008fcfc5,214602096,Commune de Nadaillac-de-Rouge (46),false,{46209},Commune,2026-03-24 14:42:00.862623+01,gold_establishments_2025,,,,21460209600015,2025,Collectivité Territoriale,Commune,['Lot'],['Occitanie'],COM,{46},{76}
832b8ce3-d044-4e64-b55f-e30867001b59,210301925,Commune de Nades (03),false,{03192},Commune,2026-03-24 14:41:52.020251+01,gold_establishments_2025,,,,21030192500017,2025,Collectivité Territoriale,Commune,['Allier'],['Auvergne-Rhône-Alpes'],COM,{03},{84}
ec5bcd3d-2841-499c-ac07-743bab9ab867,214602104,Commune de Nadillac (46),false,{46210},Commune,2026-03-24 14:42:00.862623+01,gold_establishments_2025,,,,21460210400017,2025,Collectivité Territoriale,Commune,['Lot'],['Occitanie'],COM,{46},{76}
87c008b0-6779-4708-b9a0-9949f857e20b,212704241,Commune de Nagel-Séez-Mesnil (27),false,{27424},Commune,2026-03-24 14:41:57.028721+01,gold_establishments_2025,,,,21270424100018,2025,Collectivité Territoriale,Commune,['Eure'],['Normandie'],COM,{27},{28}
596d0a11-fcba-4881-8925-ea5fb53290d2,218101939,Commune de Nages (81),false,{81193},Commune,2026-03-24 14:42:09.967209+01,gold_establishments_2025,,,,21810193900013,2025,Collectivité Territoriale,Commune,['Tarn'],['Occitanie'],COM,{81},{76}
14f7d905-093b-4a1e-821e-bda75b73fcd5,213001860,Commune de Nages-et-Solorgues (30),false,{30186},Commune,2026-03-24 14:41:57.56054+01,gold_establishments_2025,,,,21300186000013,2025,Collectivité Territoriale,Commune,['Gard'],['Occitanie'],COM,{30},{76}
5c9d7cb6-9381-4003-b2de-5eb79b4f97ee,216601203,Commune de Nahuja (66),false,{66120},Commune,2026-03-24 14:42:06.665412+01,gold_establishments_2025,,,,21660120300013,2025,Collectivité Territoriale,Commune,['Pyrénées-Orientales'],['Occitanie'],COM,{66},{76}
5adebf59-762c-4bca-899b-2a4205891fd8,212403026,Commune de Nailhac (24),false,{24302},Commune,2026-03-24 14:41:55.958138+01,gold_establishments_2025,,,,21240302600017,2025,Collectivité Territoriale,Commune,['Dordogne'],['Nouvelle-Aquitaine'],COM,{24},{75}
765969eb-1531-4658-bf15-8dfc8705b9c0,212314108,Commune de Naillat (23),false,{23141},Commune,2026-03-24 14:41:55.958138+01,gold_establishments_2025,,,,21231410800011,2025,Collectivité Territoriale,Commune,['Creuse'],['Nouvelle-Aquitaine'],COM,{23},{75}
4fa839dd-713e-49ee-a5ae-b6c541caa5e4,213103963,Commune de Nailloux (31),false,{31396},Commune,2026-03-24 14:41:58.09424+01,gold_establishments_2025,,,,21310396300012,2025,Collectivité Territoriale,Commune,['Haute-Garonne'],['Occitanie'],COM,{31},{76}
0ffbe523-5958-4eca-bebc-30980ce3e6b1,218902740,Commune de Nailly (89),false,{89274},Commune,2026-03-24 14:42:11.659493+01,gold_establishments_2025,,,,21890274000016,2025,Collectivité Territoriale,Commune,['Yonne'],['Bourgogne-Franche-Comté'],COM,{89},{27}
b324753b-f624-4260-921e-7e7b2372d164,218601748,Commune de Naintré (86),false,{86174},Commune,2026-03-24 14:42:10.508772+01,gold_establishments_2025,,,,21860174800013,2025,Collectivité Territoriale,Commune,['Vienne'],['Nouvelle-Aquitaine'],COM,{86},{75}
22b82015-feb5-4c67-bdae-dcb29658abbf,219104411,Commune de Nainville-les-Roches (91),false,{91441},Commune,2026-03-24 14:42:11.659493+01,gold_establishments_2025,,,,21910441100018,2025,Collectivité Territoriale,Commune,['Essonne'],['Île-de-France'],COM,{91},{11}
fa4b64c8-3ad3-4e46-8568-ee4d93019f97,212504179,Commune de Naisey-les-Granges (25),false,{25417},Commune,2026-03-24 14:41:56.495197+01,gold_establishments_2025,,,,21250417900087,2025,Collectivité Territoriale,Commune,['Doubs'],['Bourgogne-Franche-Comté'],COM,{25},{27}
feac224e-ad75-4ccb-b444-1e0707ec02b3,215503699,Commune de Naives-Rosières (55),false,{55369},Commune,2026-03-24 14:42:03.701372+01,gold_establishments_2025,,,,21550369900013,2025,Collectivité Territoriale,Commune,['Meuse'],['Grand Est'],COM,{55},{44}
616ddec1-c756-4c05-a050-8ac520d1bfa9,215503681,Commune de Naives-en-Blois (55),false,{55368},Commune,2026-03-24 14:42:03.701372+01,gold_establishments_2025,,,,21550368100011,2025,Collectivité Territoriale,Commune,['Meuse'],['Grand Est'],COM,{55},{44}
e81fdf2d-2f9a-4b34-829d-6b699cb73d59,215503707,Commune de Naix-aux-Forges (55),false,{55370},Commune,2026-03-24 14:42:03.701372+01,gold_establishments_2025,,,,21550370700014,2025,Collectivité Territoriale,Commune,['Meuse'],['Grand Est'],COM,{55},{44}
8049929d-e1cf-4a7f-8f7a-437e5ed9abac,211201678,Commune de Najac (12),false,{12167},Commune,2026-03-24 14:41:53.63825+01,gold_establishments_2025,,,,21120167800011,2025,Collectivité Territoriale,Commune,['Aveyron'],['Occitanie'],COM,{12},{76}
969874ac-2075-46f6-a27a-0a163123228a,218501591,Commune de Nalliers (85),false,{85159},Commune,2026-03-24 14:42:10.508772+01,gold_establishments_2025,,,,21850159100018,2025,Collectivité Territoriale,Commune,['Vendée'],['Pays de la Loire'],COM,{85},{52}
a454df16-8265-442a-8457-945bf373eb4d,218601755,Commune de Nalliers (86),false,{86175},Commune,2026-03-24 14:42:10.508772+01,gold_establishments_2025,,,,21860175500018,2025,Collectivité Territoriale,Commune,['Vienne'],['Nouvelle-Aquitaine'],COM,{86},{75}
bb7e9631-9f5c-40c6-9d80-1275f070cab4,210902151,Commune de Nalzen (09),false,{09215},Commune,2026-03-24 14:41:53.095366+01,gold_establishments_2025,,,,21090215100013,2025,Collectivité Territoriale,Commune,['Ariège'],['Occitanie'],COM,{09},{76}
f67726a5-73e5-43fd-ba67-ec797591edf8,216802306,Commune de Nambsheim (68),false,{68230},Commune,2026-03-24 14:42:07.195692+01,gold_establishments_2025,,,,21680230600052,2025,Collectivité Territoriale,Commune,['Haut-Rhin'],['Grand Est'],COM,{68},{44}
242817f1-cb7a-45ca-a27e-35cce5c98e4f,216004408,Commune de Nampcel (60),false,{60445},Commune,2026-03-24 14:42:04.814328+01,gold_establishments_2025,,,,21600440800011,2025,Collectivité Territoriale,Commune,['Oise'],['Hauts-de-France'],COM,{60},{32}
b5f8ba4a-634e-405c-935b-8c7cb66c6fe3,210205126,Commune de Nampcelles-la-Cour (02),false,{02535},Commune,2026-03-24 14:41:52.020251+01,gold_establishments_2025,,,,21020512600019,2025,Collectivité Territoriale,Commune,['Aisne'],['Hauts-de-France'],COM,{02},{32}
80ec25bb-db6c-4317-be93-0977ea66ba7d,218005478,Commune de Nampont (80),false,{80580},Commune,2026-03-24 14:42:09.967209+01,gold_establishments_2025,,,,21800547800019,2025,Collectivité Territoriale,Commune,['Somme'],['Hauts-de-France'],COM,{80},{32}
2f1f232a-2d4f-4298-bfcc-1fd358f3860c,218005486,Commune de Namps-Maisnil (80),false,{80582},Commune,2026-03-24 14:42:09.967209+01,gold_establishments_2025,,,,21800548600103,2025,Collectivité Territoriale,Commune,['Somme'],['Hauts-de-France'],COM,{80},{32}
3dec42e0-85d0-42c9-ae16-154e02527044,210205134,Commune de Nampteuil-sous-Muret (02),false,{02536},Commune,2026-03-24 14:41:52.020251+01,gold_establishments_2025,,,,21020513400013,2025,Collectivité Territoriale,Commune,['Aisne'],['Hauts-de-France'],COM,{02},{32}
e4ccf340-68ba-4301-9b64-5dfc32f13303,218005494,Commune de Nampty (80),false,{80583},Commune,2026-03-24 14:42:09.967209+01,gold_establishments_2025,,,,21800549400016,2025,Collectivité Territoriale,Commune,['Somme'],['Hauts-de-France'],COM,{80},{32}
d5b7edd9-b95a-47ad-a33c-767b42f14982,212104491,Commune de Nan-sous-Thil (21),false,{21449},Commune,2026-03-24 14:41:55.433389+01,gold_establishments_2025,,,,21210449100015,2025,Collectivité Territoriale,Commune,"[""Côte-d'Or""]",['Bourgogne-Franche-Comté'],COM,{21},{27}
da81d188-1401-4685-bd3c-e9129b8a8519,213903792,Commune de Nance (39),false,{39379},Commune,2026-03-24 14:41:59.705606+01,gold_establishments_2025,,,,21390379200017,2025,Collectivité Territoriale,Commune,['Jura'],['Bourgogne-Franche-Comté'],COM,{39},{27}
80d50393-111a-4e34-9396-07e8c4205e25,217301845,Commune de Nances (73),false,{73184},Commune,2026-03-24 14:42:08.279287+01,gold_establishments_2025,,,,21730184500012,2025,Collectivité Territoriale,Commune,['Savoie'],['Auvergne-Rhône-Alpes'],COM,{73},{84}
dfe2cc2e-2bd9-4dbc-a86f-1180c1edffa5,200087468,Commune de Nanchez (39),false,{39130},Commune,2026-03-24 14:41:59.705606+01,gold_establishments_2025,,,,20008746800019,2025,Collectivité Territoriale,Commune,['Jura'],['Bourgogne-Franche-Comté'],COM,{39},{27}
c52226d3-55d8-4de7-b782-1e0de52131c9,211602412,Commune de Nanclars (16),false,{16241},Commune,2026-03-24 14:41:54.362296+01,gold_establishments_2025,,,,21160241200010,2025,Collectivité Territoriale,Commune,['Charente'],['Nouvelle-Aquitaine'],COM,{16},{75}
f266530a-85f3-4ca4-8aff-c7af9ca32f55,211702550,Commune de Nancras (17),false,{17255},Commune,2026-03-24 14:41:54.903238+01,gold_establishments_2025,,,,21170255000016,2025,Collectivité Territoriale,Commune,['Charente-Maritime'],['Nouvelle-Aquitaine'],COM,{17},{75}
20081dbf-4d59-4ead-8b71-12045a67991d,212504187,Commune de Nancray (25),false,{25418},Commune,2026-03-24 14:41:56.495197+01,gold_establishments_2025,,,,21250418700015,2025,Collectivité Territoriale,Commune,['Doubs'],['Bourgogne-Franche-Comté'],COM,{25},{27}
bc33017e-8a1f-463f-8600-f349df0d3e64,214502205,Commune de Nancray-sur-Rimarde (45),false,{45220},Commune,2026-03-24 14:42:00.862623+01,gold_establishments_2025,,,,21450220500013,2025,Collectivité Territoriale,Commune,['Loiret'],['Centre-Val de Loire'],COM,{45},{24}
b46bb701-b855-43f5-974e-f32219bb795c,213903800,Commune de Nancuise (39),false,{39380},Commune,2026-03-24 14:41:59.705606+01,gold_establishments_2025,,,,21390380000018,2025,Collectivité Territoriale,Commune,['Jura'],['Bourgogne-Franche-Comté'],COM,{39},{27}
98750fa2-0825-49ba-be1f-9d440b0de8f7,215403957,Commune de Nancy (54),false,{54395},Commune,2026-03-24 14:42:02.957225+01,gold_establishments_2025,,,,21540395700016,2025,Collectivité Territoriale,Commune,['Meurthe-et-Moselle'],['Grand Est'],COM,{54},{44}
53e8b762-9345-4498-8549-78949154a8f8,217401967,Commune de Nancy-sur-Cluses (74),false,{74196},Commune,2026-03-24 14:42:08.818969+01,gold_establishments_2025,,,,21740196700013,2025,Collectivité Territoriale,Commune,['Haute-Savoie'],['Auvergne-Rhône-Alpes'],COM,{74},{84}
7ccb2813-e852-43b4-8fca-e1554bb38680,214201527,Commune de Nandax (42),false,{42152},Commune,2026-03-24 14:42:00.273698+01,gold_establishments_2025,,,,21420152700014,2025,Collectivité Territoriale,Commune,['Loire'],['Auvergne-Rhône-Alpes'],COM,{42},{84}
4f40d8ad-bd09-4535-b542-5ab7f7691fd1,217703263,Commune de Nandy (77),false,{77326},Commune,2026-03-24 14:42:09.43682+01,gold_establishments_2025,,,,21770326300012,2025,Collectivité Territoriale,Commune,['Seine-et-Marne'],['Île-de-France'],COM,{77},{11}
6ff8d633-545a-4c2a-86eb-e7730ad1e4a8,217703271,Commune de Nangis (77),false,{77327},Commune,2026-03-24 14:42:09.43682+01,gold_establishments_2025,,,,21770327100015,2025,Collectivité Territoriale,Commune,['Seine-et-Marne'],['Île-de-France'],COM,{77},{11}
56c63f6c-9eaa-43fb-baf7-00aa50c95cd5,217401975,Commune de Nangy (74),false,{74197},Commune,2026-03-24 14:42:08.818969+01,gold_establishments_2025,,,,21740197500016,2025,Collectivité Territoriale,Commune,['Haute-Savoie'],['Auvergne-Rhône-Alpes'],COM,{74},{84}
42e55fb9-21c1-4e4c-b436-eea545c9548e,215801887,Commune de Nannay (58),false,{58188},Commune,2026-03-24 14:42:04.280096+01,gold_establishments_2025,,,,21580188700013,2025,Collectivité Territoriale,Commune,['Nièvre'],['Bourgogne-Franche-Comté'],COM,{58},{27}
bdd9cb9f-0e71-4f98-b42c-e7b0d6248e1e,212504195,Commune de Nans (25),false,{25419},Commune,2026-03-24 14:41:56.495197+01,gold_establishments_2025,,,,21250419500018,2025,Collectivité Territoriale,Commune,['Doubs'],['Bourgogne-Franche-Comté'],COM,{25},{27}
2a82fe77-d122-476c-be36-5a0d05fbea8a,218300879,Commune de Nans-les-Pins (83),false,{83087},Commune,2026-03-24 14:42:10.508772+01,gold_establishments_2025,,,,21830087900010,2025,Collectivité Territoriale,Commune,['Var'],"[""Provence-Alpes-Côte d'Azur""]",COM,{83},{93}
de194eed-7462-43de-9169-c7ce4c14227b,212504203,Commune de Nans-sous-Sainte-Anne (25),false,{25420},Commune,2026-03-24 14:41:56.495197+01,gold_establishments_2025,,,,21250420300010,2025,Collectivité Territoriale,Commune,['Doubs'],['Bourgogne-Franche-Comté'],COM,{25},{27}
6037fbc1-749e-47c7-9560-90a14638a9ca,211201686,Commune de Nant (12),false,{12168},Commune,2026-03-24 14:41:53.63825+01,gold_establishments_2025,,,,21120168600014,2025,Collectivité Territoriale,Commune,['Aveyron'],['Occitanie'],COM,{12},{76}
d9f916a1-3180-4ab5-a57f-4ce8a6d99975,215505876,Commune de Nant-le-Grand (55),false,{55373},Commune,2026-03-24 14:42:03.701372+01,gold_establishments_2025,,,,21550587600015,2025,Collectivité Territoriale,Commune,['Meuse'],['Grand Est'],COM,{55},{44}
55587b89-b034-42a4-8f31-4c093b5f0a7e,215503749,Commune de Nant-le-Petit (55),false,{55374},Commune,2026-03-24 14:42:03.701372+01,gold_establishments_2025,,,,21550374900016,2025,Collectivité Territoriale,Commune,['Meuse'],['Grand Est'],COM,{55},{44}
aefc2ee1-50dd-4963-b993-93772aa41755,217703289,Commune de Nanteau-sur-Essonne (77),false,{77328},Commune,2026-03-24 14:42:09.43682+01,gold_establishments_2025,,,,21770328900017,2025,Collectivité Territoriale,Commune,['Seine-et-Marne'],['Île-de-France'],COM,{77},{11}
2a1acf90-11b4-4e69-9fd1-631b5291cbb1,217703297,Commune de Nanteau-sur-Lunain (77),false,{77329},Commune,2026-03-24 14:42:09.43682+01,gold_establishments_2025,,,,21770329700010,2025,Collectivité Territoriale,Commune,['Seine-et-Marne'],['Île-de-France'],COM,{77},{11}
d64d2751-3fc2-4482-aeaf-35bb0fac9b8c,219200508,Commune de Nanterre (92),false,{92050},Commune,2026-03-24 14:42:11.659493+01,gold_establishments_2025,,,,21920050800014,2025,Collectivité Territoriale,Commune,['Hauts-de-Seine'],['Île-de-France'],COM,{92},{11}
822a8053-d4e5-4049-8e9a-6f7c709dea80,214401093,Commune de Nantes (44),false,{44109},Commune,2026-03-24 14:42:00.273698+01,gold_establishments_2025,,,,21440109300015,2025,Collectivité Territoriale,Commune,['Loire-Atlantique'],['Pays de la Loire'],COM,{44},{52}
51aa49cb-a1bd-472c-b11e-af4d6fe99620,213802739,Commune de Nantes-en-Ratier (38),false,{38273},Commune,2026-03-24 14:41:59.160244+01,gold_establishments_2025,,,,21380273900010,2025,Collectivité Territoriale,Commune,['Isère'],['Auvergne-Rhône-Alpes'],COM,{38},{84}
12b423fd-9fa0-4e58-9b77-d2b2b4c7a776,217901891,Commune de Nanteuil (79),false,{79189},Commune,2026-03-24 14:42:09.43682+01,gold_establishments_2025,,,,21790189100119,2025,Collectivité Territoriale,Commune,['Deux-Sèvres'],['Nouvelle-Aquitaine'],COM,{79},{75}
4944bac6-06d9-4658-968f-fddbb408a498,212403034,Commune de Nanteuil-Auriac-de-Bourzac (24),false,{24303},Commune,2026-03-24 14:41:55.958138+01,gold_establishments_2025,,,,21240303400011,2025,Collectivité Territoriale,Commune,['Dordogne'],['Nouvelle-Aquitaine'],COM,{24},{75}
4fac109a-638a-4e09-9c0a-2a87c583ba65,210205159,Commune de Nanteuil-Notre-Dame (02),false,{02538},Commune,2026-03-24 14:41:52.020251+01,gold_establishments_2025,,,,21020515900010,2025,Collectivité Territoriale,Commune,['Aisne'],['Hauts-de-France'],COM,{02},{32}
196863ec-a9ea-44d2-9836-1d9a4ef955ab,211602420,Commune de Nanteuil-en-Vallée (16),false,{16242},Commune,2026-03-24 14:41:54.362296+01,gold_establishments_2025,,,,21160242000013,2025,Collectivité Territoriale,Commune,['Charente'],['Nouvelle-Aquitaine'],COM,{16},{75}
deebdd20-786b-49f7-b85b-126939b99df2,215103664,Commune de Nanteuil-la-Forêt (51),false,{51393},Commune,2026-03-24 14:42:01.954481+01,gold_establishments_2025,,,,21510366400011,2025,Collectivité Territoriale,Commune,['Marne'],['Grand Est'],COM,{51},{44}
61f0451c-2b87-438c-bcb5-0233d2710ca8,210205142,Commune de Nanteuil-la-Fosse (02),false,{02537},Commune,2026-03-24 14:41:52.020251+01,gold_establishments_2025,,,,21020514200016,2025,Collectivité Territoriale,Commune,['Aisne'],['Hauts-de-France'],COM,{02},{32}
832a97e2-6b50-463e-b015-da03d74ef90b,216004416,Commune de Nanteuil-le-Haudouin (60),false,{60446},Commune,2026-03-24 14:42:04.814328+01,gold_establishments_2025,,,,21600441600014,2025,Collectivité Territoriale,Commune,['Oise'],['Hauts-de-France'],COM,{60},{32}
73458d3f-a6d1-4d21-a053-91c2cebc3d7c,217703305,Commune de Nanteuil-lès-Meaux (77),false,{77330},Commune,2026-03-24 14:42:09.43682+01,gold_establishments_2025,,,,21770330500011,2025,Collectivité Territoriale,Commune,['Seine-et-Marne'],['Île-de-France'],COM,{77},{11}
25903a4f-f4c6-4c80-981d-38421e9d6abe,210802807,Commune de Nanteuil-sur-Aisne (08),false,{08313},Commune,2026-03-24 14:41:53.095366+01,gold_establishments_2025,,,,21080280700011,2025,Collectivité Territoriale,Commune,['Ardennes'],['Grand Est'],COM,{08},{44}
ba2cbfdc-b42d-43ea-a6a9-aa1c899980fa,217703313,Commune de Nanteuil-sur-Marne (77),false,{77331},Commune,2026-03-24 14:42:09.43682+01,gold_establishments_2025,,,,21770331300015,2025,Collectivité Territoriale,Commune,['Seine-et-Marne'],['Île-de-France'],COM,{77},{11}
272f0f0e-18a6-4d4e-9707-2f717cc9636e,212403042,Commune de Nantheuil (24),false,{24304},Commune,2026-03-24 14:41:55.958138+01,gold_establishments_2025,,,,21240304200014,2025,Collectivité Territoriale,Commune,['Dordogne'],['Nouvelle-Aquitaine'],COM,{24},{75}
a24607ea-aba2-46fe-81e5-bd8f55e30788,212403059,Commune de Nanthiat (24),false,{24305},Commune,2026-03-24 14:41:55.958138+01,gold_establishments_2025,,,,21240305900018,2025,Collectivité Territoriale,Commune,['Dordogne'],['Nouvelle-Aquitaine'],COM,{24},{75}
bac55530-7d4f-4bfe-927e-e04fcd994b64,218710309,Commune de Nantiat (87),false,{87103},Commune,2026-03-24 14:42:11.118516+01,gold_establishments_2025,,,,21871030900012,2025,Collectivité Territoriale,Commune,['Haute-Vienne'],['Nouvelle-Aquitaine'],COM,{87},{75}
258b02d6-c515-40b1-bed4-db2e54e0c853,215503756,Commune de Nantillois (55),false,{55375},Commune,2026-03-24 14:42:03.701372+01,gold_establishments_2025,,,,21550375600011,2025,Collectivité Territoriale,Commune,['Meuse'],['Grand Est'],COM,{55},{44}
978cf9d8-58f8-44ca-8d47-dfb47896135d,217003763,Commune de Nantilly (70),false,{70376},Commune,2026-03-24 14:42:07.735343+01,gold_establishments_2025,,,,21700376300018,2025,Collectivité Territoriale,Commune,['Haute-Saône'],['Bourgogne-Franche-Comté'],COM,{70},{27}
2f1d70cf-917c-40b4-996e-ccf76ed64dc7,211702568,Commune de Nantillé (17),false,{17256},Commune,2026-03-24 14:41:54.903238+01,gold_establishments_2025,,,,21170256800018,2025,Collectivité Territoriale,Commune,['Charente-Maritime'],['Nouvelle-Aquitaine'],COM,{17},{75}
e63637eb-aa8a-416e-92be-292266842fc6,215503764,Commune de Nantois (55),false,{55376},Commune,2026-03-24 14:42:03.701372+01,gold_establishments_2025,,,,21550376400015,2025,Collectivité Territoriale,Commune,['Meuse'],['Grand Est'],COM,{55},{44}
c1c3bd67-3f9b-4320-8415-afaf5d852785,217103282,Commune de Nanton (71),false,{71328},Commune,2026-03-24 14:42:07.735343+01,gold_establishments_2025,,,,21710328200018,2025,Collectivité Territoriale,Commune,['Saône-et-Loire'],['Bourgogne-Franche-Comté'],COM,{71},{27}
6ef5af84-f6e2-4ed4-93a3-673c4a198e4c,217703321,Commune de Nantouillet (77),false,{77332},Commune,2026-03-24 14:42:09.43682+01,gold_establishments_2025,,,,21770332100018,2025,Collectivité Territoriale,Commune,['Seine-et-Marne'],['Île-de-France'],COM,{77},{11}
9dad18b4-1f73-4b48-a3b0-0563ceb2898c,212104509,Commune de Nantoux (21),false,{21450},Commune,2026-03-24 14:41:55.433389+01,gold_establishments_2025,,,,21210450900014,2025,Collectivité Territoriale,Commune,"[""Côte-d'Or""]",['Bourgogne-Franche-Comté'],COM,{21},{27}
6b921880-526e-451d-a43e-889f475d2b97,210102695,Commune de Nantua (01),false,{01269},Commune,2026-03-24 14:41:51.447482+01,gold_establishments_2025,,,,21010269500017,2025,Collectivité Territoriale,Commune,['Ain'],['Auvergne-Rhône-Alpes'],COM,{01},{84}
887c1bcd-0e1d-4931-af63-2b4a2795d87b,211801592,Commune de Nançay (18),false,{18159},Commune,2026-03-24 14:41:54.903238+01,gold_establishments_2025,,,,21180159200018,2025,Collectivité Territoriale,Commune,['Cher'],['Centre-Val de Loire'],COM,{18},{24}
3b01dc74-03f2-4c57-a070-cbd34488ab4a,215503731,Commune de Nançois-le-Grand (55),false,{55371},Commune,2026-03-24 14:42:03.701372+01,gold_establishments_2025,,,,21550373100014,2025,Collectivité Territoriale,Commune,['Meuse'],['Grand Est'],COM,{55},{44}
7e7d6111-84ba-4e75-97c1-b0287caf12c8,215503723,Commune de Nançois-sur-Ornain (55),false,{55372},Commune,2026-03-24 14:42:03.701372+01,gold_establishments_2025,,,,21550372300011,2025,Collectivité Territoriale,Commune,['Meuse'],['Grand Est'],COM,{55},{44}
197da030-75ea-4714-886e-6075b05d20a3,218005502,Commune de Naours (80),false,{80584},Commune,2026-03-24 14:42:09.967209+01,gold_establishments_2025,,,,21800550200016,2025,Collectivité Territoriale,Commune,['Somme'],['Hauts-de-France'],COM,{80},{32}
41c961d3-45fe-4562-9ef1-a58a2981050f,212504211,Commune de Narbief (25),false,{25421},Commune,2026-03-24 14:41:56.495197+01,gold_establishments_2025,,,,21250421100013,2025,Collectivité Territoriale,Commune,['Doubs'],['Bourgogne-Franche-Comté'],COM,{25},{27}
cfbdfebd-3710-4134-a5cf-25a1b06cbacd,211102629,Commune de Narbonne (11),false,{11262},Commune,2026-03-24 14:41:53.63825+01,gold_establishments_2025,,,,21110262900014,2025,Collectivité Territoriale,Commune,['Aude'],['Occitanie'],COM,{11},{76}
ef857b02-34c2-461c-ac07-0c0c70518059,215704958,Commune de Narbéfontaine (57),false,{57495},Commune,2026-03-24 14:42:04.280096+01,gold_establishments_2025,,,,21570495800010,2025,Collectivité Territoriale,Commune,['Moselle'],['Grand Est'],COM,{57},{44}
02a85560-2375-4650-80ab-ef5a6a66b0e5,216404137,Commune de Narcastet (64),false,{64413},Commune,2026-03-24 14:42:06.665412+01,gold_establishments_2025,,,,21640413700012,2025,Collectivité Territoriale,Commune,['Pyrénées-Atlantiques'],['Nouvelle-Aquitaine'],COM,{64},{75}
e90916e2-aac1-4488-a0bb-42f3c224f634,215202482,Commune de Narcy (52),false,{52347},Commune,2026-03-24 14:42:01.954481+01,gold_establishments_2025,,,,21520248200018,2025,Collectivité Territoriale,Commune,['Haute-Marne'],['Grand Est'],COM,{52},{44}
c15e7195-d97e-4ed5-956e-730db3555b77,215801895,Commune de Narcy (58),false,{58189},Commune,2026-03-24 14:42:04.280096+01,gold_establishments_2025,,,,21580189500016,2025,Collectivité Territoriale,Commune,['Nièvre'],['Bourgogne-Franche-Comté'],COM,{58},{27}
f534c44d-c0f1-46ac-bedb-74b54cc1ee10,214502221,Commune de Nargis (45),false,{45222},Commune,2026-03-24 14:42:00.862623+01,gold_establishments_2025,,,,21450222100010,2025,Collectivité Territoriale,Commune,['Loiret'],['Centre-Val de Loire'],COM,{45},{24}
3345ea72-8333-42ed-9533-329da760da7e,211501390,Commune de Narnhac (15),false,{15139},Commune,2026-03-24 14:41:54.362296+01,gold_establishments_2025,,,,21150139000010,2025,Collectivité Territoriale,Commune,['Cantal'],['Auvergne-Rhône-Alpes'],COM,{15},{84}
ebd853c0-910c-4093-a20a-e8bcdf5e30cd,216404145,Commune de Narp (64),false,{64414},Commune,2026-03-24 14:42:06.665412+01,gold_establishments_2025,,,,21640414500015,2025,Collectivité Territoriale,Commune,['Pyrénées-Atlantiques'],['Nouvelle-Aquitaine'],COM,{64},{75}
f639f5c2-9601-4c1e-96fe-8960d1928227,214002024,Commune de Narrosse (40),false,{40202},Commune,2026-03-24 14:41:59.705606+01,gold_establishments_2025,,,,21400202400013,2025,Collectivité Territoriale,Commune,['Landes'],['Nouvelle-Aquitaine'],COM,{40},{75}
0c41de65-752e-42e7-b859-c071d916d65e,214801045,Commune de Nasbinals (48),false,{48104},Commune,2026-03-24 14:42:01.412377+01,gold_establishments_2025,,,,21480104500011,2025,Collectivité Territoriale,Commune,['Lozère'],['Occitanie'],COM,{48},{76}
0da48ce3-4a83-4b10-b8ef-511cc87c3922,200063907,Commune de Nassandres sur Risle (27),false,{27425},Commune,2026-03-24 14:41:57.028721+01,gold_establishments_2025,,,,20006390700014,2025,Collectivité Territoriale,Commune,['Eure'],['Normandie'],COM,{27},{28}
7dbaa4fd-a0bf-4af3-ae59-ba40f2910559,214002032,Commune de Nassiet (40),false,{40203},Commune,2026-03-24 14:41:59.705606+01,gold_establishments_2025,,,,21400203200016,2025,Collectivité Territoriale,Commune,['Landes'],['Nouvelle-Aquitaine'],COM,{40},{75}
8132168e-5a79-4066-a8b7-f094b1e20f53,210301933,Commune de Nassigny (03),false,{03193},Commune,2026-03-24 14:41:52.020251+01,gold_establishments_2025,,,,21030193300011,2025,Collectivité Territoriale,Commune,['Allier'],['Auvergne-Rhône-Alpes'],COM,{03},{84}
5fd298e3-85c2-4d28-b44d-b23203353db8,212403067,Commune de Nastringues (24),false,{24306},Commune,2026-03-24 14:41:55.958138+01,gold_establishments_2025,,,,21240306700011,2025,Collectivité Territoriale,Commune,['Dordogne'],['Nouvelle-Aquitaine'],COM,{24},{75}
5d9b44bb-4295-44c2-8657-32d1d4ffaebc,216703140,Commune de Natzwiller (67),false,{67314},Commune,2026-03-24 14:42:07.195692+01,gold_establishments_2025,,,,21670314000014,2025,Collectivité Territoriale,Commune,['Bas-Rhin'],['Grand Est'],COM,{67},{44}
14fd0bd2-8197-4755-a011-a9743cd88845,211201694,Commune de Naucelle (12),false,{12169},Commune,2026-03-24 14:41:53.63825+01,gold_establishments_2025,,,,21120169400018,2025,Collectivité Territoriale,Commune,['Aveyron'],['Occitanie'],COM,{12},{76}
93d5edf9-3e4a-49d5-a423-1d36c3a82902,211501408,Commune de Naucelles (15),false,{15140},Commune,2026-03-24 14:41:54.362296+01,gold_establishments_2025,,,,21150140800010,2025,Collectivité Territoriale,Commune,['Cantal'],['Auvergne-Rhône-Alpes'],COM,{15},{84}
c92dd9fd-ef79-4e2c-8b53-129ad15bf5dd,213303001,Commune de Naujac-sur-Mer (33),false,{33300},Commune,2026-03-24 14:41:58.620411+01,gold_establishments_2025,,,,21330300100019,2025,Collectivité Territoriale,Commune,['Gironde'],['Nouvelle-Aquitaine'],COM,{33},{75}
a8033219-ce88-4c68-b3b7-c5822fc3d974,213303019,Commune de Naujan-et-Postiac (33),false,{33301},Commune,2026-03-24 14:41:58.620411+01,gold_establishments_2025,,,,21330301900011,2025,Collectivité Territoriale,Commune,['Gironde'],['Nouvelle-Aquitaine'],COM,{33},{75}
dbceae38-0bda-4fd1-a72d-8de58ebded9e,210205167,Commune de Nauroy (02),false,{02539},Commune,2026-03-24 14:41:52.020251+01,gold_establishments_2025,,,,21020516700013,2025,Collectivité Territoriale,Commune,['Aisne'],['Hauts-de-France'],COM,{02},{32}
0b600873-66ff-4744-b381-cd7774e2e74f,211201702,Commune de Naussac (12),false,{12170},Commune,2026-03-24 14:41:53.63825+01,gold_establishments_2025,,,,21120170200019,2025,Collectivité Territoriale,Commune,['Aveyron'],['Occitanie'],COM,{12},{76}
ff3b5d81-858e-4cf1-862e-c1ba385d6736,200054534,Commune de Naussac-Fontanes (48),false,{48105},Commune,2026-03-24 14:42:01.412377+01,gold_establishments_2025,,,,20005453400017,2025,Collectivité Territoriale,Commune,['Lozère'],['Occitanie'],COM,{48},{76}
97e887b4-fddd-47bc-a813-e59fbc9b2172,212403075,Commune de Naussannes (24),false,{24307},Commune,2026-03-24 14:41:55.958138+01,gold_establishments_2025,,,,21240307500014,2025,Collectivité Territoriale,Commune,['Dordogne'],['Nouvelle-Aquitaine'],COM,{24},{75}
dd6bef3c-bdbc-4f74-b262-4a06ddea4af7,217202142,Commune de Nauvay (72),false,{72214},Commune,2026-03-24 14:42:08.279287+01,gold_establishments_2025,,,,21720214200014,2025,Collectivité Territoriale,Commune,['Sarthe'],['Pays de la Loire'],COM,{72},{52}
97ec726d-be0d-4590-ba63-187641cc7902,211201710,Commune de Nauviale (12),false,{12171},Commune,2026-03-24 14:41:53.63825+01,gold_establishments_2025,,,,21120171000012,2025,Collectivité Territoriale,Commune,['Aveyron'],['Occitanie'],COM,{12},{76}
d796f353-69b9-4703-8146-bbd6ec66e7bb,213001878,Commune de Navacelles (30),false,{30187},Commune,2026-03-24 14:41:57.56054+01,gold_establishments_2025,,,,21300187800015,2025,Collectivité Territoriale,Commune,['Gard'],['Occitanie'],COM,{30},{76}
34741497-dba2-493b-b6ad-7ef37bf914f6,216404152,Commune de Navailles-Angos (64),false,{64415},Commune,2026-03-24 14:42:06.665412+01,gold_establishments_2025,,,,21640415200011,2025,Collectivité Territoriale,Commune,['Pyrénées-Atlantiques'],['Nouvelle-Aquitaine'],COM,{64},{75}
4c080c8d-f180-4e06-aa2b-af8d64f3c171,216404160,Commune de Navarrenx (64),false,{64416},Commune,2026-03-24 14:42:06.665412+01,gold_establishments_2025,,,,21640416000014,2025,Collectivité Territoriale,Commune,['Pyrénées-Atlantiques'],['Nouvelle-Aquitaine'],COM,{64},{75}
bee298ec-b88d-407e-8fe8-2f60caa710fc,214101586,Commune de Naveil (41),false,{41158},Commune,2026-03-24 14:42:00.273698+01,gold_establishments_2025,,,,21410158600011,2025,Collectivité Territoriale,Commune,['Loir-et-Cher'],['Centre-Val de Loire'],COM,{41},{24}
cc87ee9b-f901-466c-a9c2-3275423f468a,217003789,Commune de Navenne (70),false,{70378},Commune,2026-03-24 14:42:07.735343+01,gold_establishments_2025,,,,21700378900013,2025,Collectivité Territoriale,Commune,['Haute-Saône'],['Bourgogne-Franche-Comté'],COM,{70},{27}
9f83a86c-9051-4286-a729-eb275b82440c,210301941,Commune de Naves (03),false,{03194},Commune,2026-03-24 14:41:52.020251+01,gold_establishments_2025,,,,21030194100014,2025,Collectivité Territoriale,Commune,['Allier'],['Auvergne-Rhône-Alpes'],COM,{03},{84}
d7c12245-527e-4814-870c-8cb3ee36dbe8,211914601,Commune de Naves (19),false,{19146},Commune,2026-03-24 14:41:54.903238+01,gold_establishments_2025,,,,21191460100011,2025,Collectivité Territoriale,Commune,['Corrèze'],['Nouvelle-Aquitaine'],COM,{19},{75}
b7660645-c792-4264-b82d-5f96d6a52157,215904228,Commune de Naves (59),false,{59422},Commune,2026-03-24 14:42:04.280096+01,gold_establishments_2025,,,,21590422800016,2025,Collectivité Territoriale,Commune,['Nord'],['Hauts-de-France'],COM,{59},{32}
ef9c3472-c234-4bdf-834d-610f5efd01f3,217103290,Commune de Navilly (71),false,{71329},Commune,2026-03-24 14:42:07.735343+01,gold_establishments_2025,,,,21710329000011,2025,Collectivité Territoriale,Commune,['Saône-et-Loire'],['Bourgogne-Franche-Comté'],COM,{71},{27}
2213aff7-6b8d-4244-b4bb-7a2d4c8ccf78,200084564,Commune de Navour-sur-Grosne (71),false,{71134},Commune,2026-03-24 14:42:07.735343+01,gold_establishments_2025,,,,20008456400018,2025,Collectivité Territoriale,Commune,['Saône-et-Loire'],['Bourgogne-Franche-Comté'],COM,{71},{27}
ecebf9e2-41ee-4e2f-8b06-92c38b63099e,218101954,Commune de Navès (81),false,{81195},Commune,2026-03-24 14:42:09.967209+01,gold_establishments_2025,,,,21810195400012,2025,Collectivité Territoriale,Commune,['Tarn'],['Occitanie'],COM,{81},{76}
1bd1e79f-9931-418b-b7b4-264bacf93494,215003682,Commune de Nay (50),false,{50368},Commune,2026-03-24 14:42:01.412377+01,gold_establishments_2025,,,,21500368200014,2025,Collectivité Territoriale,Commune,['Manche'],['Normandie'],COM,{50},{28}
41a2fa70-fbad-4d19-97bc-3d4ded10cf8f,216404178,Commune de Nay (64),false,{64417},Commune,2026-03-24 14:42:06.665412+01,gold_establishments_2025,,,,21640417800016,2025,Collectivité Territoriale,Commune,['Pyrénées-Atlantiques'],['Nouvelle-Aquitaine'],COM,{64},{75}
ebc62dc5-b81b-48c1-8056-23853e45fb03,218803203,Commune de Nayemont-les-Fosses (88),false,{88320},Commune,2026-03-24 14:42:11.118516+01,gold_establishments_2025,,,,21880320300015,2025,Collectivité Territoriale,Commune,['Vosges'],['Grand Est'],COM,{88},{44}
4bb039d7-246f-4e89-90e3-9435c791c43f,213701634,Commune de Nazelles-Négron (37),false,{37163},Commune,2026-03-24 14:41:59.160244+01,gold_establishments_2025,,,,21370163400015,2025,Collectivité Territoriale,Commune,['Indre-et-Loire'],['Centre-Val de Loire'],COM,{37},{24}
6881f120-e84d-4ed0-b0f5-ce2ca9aa821c,215301631,Commune de Neau (53),false,{53163},Commune,2026-03-24 14:42:02.957225+01,gold_establishments_2025,,,,21530163100010,2025,Collectivité Territoriale,Commune,['Mayenne'],['Pays de la Loire'],COM,{53},{52}
bd5703a5-0f09-4309-aadf-04dee2dd4734,212704274,Commune de Neaufles-Auvergny (27),false,{27427},Commune,2026-03-24 14:41:57.028721+01,gold_establishments_2025,,,,21270427400019,2025,Collectivité Territoriale,Commune,['Eure'],['Normandie'],COM,{27},{28}
a0a4211f-092c-42b0-a2eb-755bfdbfab9a,212704266,Commune de Neaufles-Saint-Martin (27),false,{27426},Commune,2026-03-24 14:41:57.028721+01,gold_establishments_2025,,,,21270426600015,2025,Collectivité Territoriale,Commune,['Eure'],['Normandie'],COM,{27},{28}
5f628503-7c12-439c-a82e-c0096b451475,216103010,Commune de Neauphe-sous-Essai (61),false,{61301},Commune,2026-03-24 14:42:05.597325+01,gold_establishments_2025,,,,21610301000015,2025,Collectivité Territoriale,Commune,['Orne'],['Normandie'],COM,{61},{28}
3d02dad1-78e6-4998-829e-8989cd19fc02,216103028,Commune de Neauphe-sur-Dive (61),false,{61302},Commune,2026-03-24 14:42:05.597325+01,gold_establishments_2025,,,,21610302800017,2025,Collectivité Territoriale,Commune,['Orne'],['Normandie'],COM,{61},{28}
c23656c3-a684-4aa6-861f-1194fe27ea50,217804426,Commune de Neauphle-le-Château (78),false,{78442},Commune,2026-03-24 14:42:09.43682+01,gold_establishments_2025,,,,21780442600013,2025,Collectivité Territoriale,Commune,['Yvelines'],['Île-de-France'],COM,{78},{11}
aaadf007-e9fc-462b-96e4-27ad1ed1e78e,217804434,Commune de Neauphle-le-Vieux (78),false,{78443},Commune,2026-03-24 14:42:09.43682+01,gold_establishments_2025,,,,21780443400017,2025,Collectivité Territoriale,Commune,['Yvelines'],['Île-de-France'],COM,{78},{11}
98515495-d151-4c95-beea-22b4ce92066c,217804442,Commune de Neauphlette (78),false,{78444},Commune,2026-03-24 14:42:09.43682+01,gold_establishments_2025,,,,21780444200010,2025,Collectivité Territoriale,Commune,['Yvelines'],['Île-de-France'],COM,{78},{11}
755935bd-bb1c-4ac7-91dd-5eff0a207a81,214201535,Commune de Neaux (42),false,{42153},Commune,2026-03-24 14:42:00.273698+01,gold_establishments_2025,,,,21420153500017,2025,Collectivité Territoriale,Commune,['Loire'],['Auvergne-Rhône-Alpes'],COM,{42},{84}
22a3a8fc-c7a6-4a1b-8a4b-2b6a209be1eb,218710408,Commune de Nedde (87),false,{87104},Commune,2026-03-24 14:42:11.118516+01,gold_establishments_2025,,,,21871040800012,2025,Collectivité Territoriale,Commune,['Haute-Vienne'],['Nouvelle-Aquitaine'],COM,{87},{75}
e3cbcb8f-6d79-4820-8a47-5678ddda5c91,216703157,Commune de Neewiller-près-Lauterbourg (67),false,{67315},Commune,2026-03-24 14:42:07.195692+01,gold_establishments_2025,,,,21670315700018,2025,Collectivité Territoriale,Commune,['Bas-Rhin'],['Grand Est'],COM,{67},{44}
91893889-b030-4958-b797-2360885d59cc,210500922,Commune de Neffes (05),false,{05092},Commune,2026-03-24 14:41:52.562531+01,gold_establishments_2025,,,,21050092200013,2025,Collectivité Territoriale,Commune,['Hautes-Alpes'],"[""Provence-Alpes-Côte d'Azur""]",COM,{05},{93}
e0d49733-0dfe-4f4d-810a-4ad129e5f02d,213401813,Commune de Neffiès (34),false,{34181},Commune,2026-03-24 14:41:58.620411+01,gold_establishments_2025,,,,21340181300018,2025,Collectivité Territoriale,Commune,['Hérault'],['Occitanie'],COM,{34},{76}
89eb76f1-d2f7-4abd-a8ba-08acca807d0d,215704974,Commune de Nelling (57),false,{57497},Commune,2026-03-24 14:42:04.280096+01,gold_establishments_2025,,,,21570497400017,2025,Collectivité Territoriale,Commune,['Moselle'],['Grand Est'],COM,{57},{44}
9c9f05ce-cd32-4180-b0bd-f449d3ee5a7c,217703339,Commune de Nemours (77),false,{77333},Commune,2026-03-24 14:42:09.43682+01,gold_establishments_2025,,,,21770333900135,2025,Collectivité Territoriale,Commune,['Seine-et-Marne'],['Île-de-France'],COM,{77},{11}
02fc2ced-2594-4e14-bdcb-d74b0d278975,216206029,Commune de Nempont-Saint-Firmin (62),false,{62602},Commune,2026-03-24 14:42:05.597325+01,gold_establishments_2025,,,,21620602900011,2025,Collectivité Territoriale,Commune,['Pas-de-Calais'],['Hauts-de-France'],COM,{62},{32}
b40502af-1154-4974-a44b-5eb661d1bc28,215503772,Commune de Nepvant (55),false,{55377},Commune,2026-03-24 14:42:03.701372+01,gold_establishments_2025,,,,21550377200018,2025,Collectivité Territoriale,Commune,['Meuse'],['Grand Est'],COM,{55},{44}
cbfc6e9a-f011-4779-a871-454bbddf01a9,214002040,Commune de Nerbis (40),false,{40204},Commune,2026-03-24 14:41:59.705606+01,gold_establishments_2025,,,,21400204000019,2025,Collectivité Territoriale,Commune,['Landes'],['Nouvelle-Aquitaine'],COM,{40},{75}
4d41e0a0-0571-4780-b6f1-f0fe3033d0c9,211602438,Commune de Nercillac (16),false,{16243},Commune,2026-03-24 14:41:54.362296+01,gold_establishments_2025,,,,21160243800015,2025,Collectivité Territoriale,Commune,['Charente'],['Nouvelle-Aquitaine'],COM,{16},{75}
98e913ba-601b-45b0-8fa7-ea08ae1e0fe2,217401991,Commune de Nernier (74),false,{74199},Commune,2026-03-24 14:42:08.818969+01,gold_establishments_2025,,,,21740199100013,2025,Collectivité Territoriale,Commune,['Haute-Savoie'],['Auvergne-Rhône-Alpes'],COM,{74},{84}
008eb956-7c15-4649-872a-335024702a84,213001886,Commune de Ners (30),false,{30188},Commune,2026-03-24 14:41:57.56054+01,gold_establishments_2025,,,,21300188600018,2025,Collectivité Territoriale,Commune,['Gard'],['Occitanie'],COM,{30},{76}
22f94a09-7c1a-47a0-81d6-b2ccdca07bc4,211602446,Commune de Nersac (16),false,{16244},Commune,2026-03-24 14:41:54.362296+01,gold_establishments_2025,,,,21160244600018,2025,Collectivité Territoriale,Commune,['Charente'],['Nouvelle-Aquitaine'],COM,{16},{75}
2cdb6d6a-0284-48f5-a76f-15c74a3ba361,214201550,Commune de Nervieux (42),false,{42155},Commune,2026-03-24 14:42:00.273698+01,gold_establishments_2025,,,,21420155000016,2025,Collectivité Territoriale,Commune,['Loire'],['Auvergne-Rhône-Alpes'],COM,{42},{84}
4ff969d7-baaf-4bc6-8764-5f452cfb44f8,219504453,Commune de Nerville-la-Forêt (95),false,{95445},Commune,2026-03-24 14:42:11.659493+01,gold_establishments_2025,,,,21950445300016,2025,Collectivité Territoriale,Commune,"[""Val-d'Oise""]",['Île-de-France'],COM,{95},{11}
c70768e9-d3f6-4109-919d-de8511a8987b,216302505,Commune de Neschers (63),false,{63250},Commune,2026-03-24 14:42:06.130387+01,gold_establishments_2025,,,,21630250500013,2025,Collectivité Territoriale,Commune,['Puy-de-Dôme'],['Auvergne-Rhône-Alpes'],COM,{63},{84}
24bc765a-8cb8-4ab3-8875-e1bd5eb36aba,210902169,Commune de Nescus (09),false,{09216},Commune,2026-03-24 14:41:53.095366+01,gold_establishments_2025,,,,21090216900015,2025,Collectivité Territoriale,Commune,['Ariège'],['Occitanie'],COM,{09},{76}
242d6b25-39e1-4fb2-b368-5bc08fb5b364,218005510,Commune de Nesle (80),false,{80585},Commune,2026-03-24 14:42:09.967209+01,gold_establishments_2025,,,,21800551000019,2025,Collectivité Territoriale,Commune,['Somme'],['Hauts-de-France'],COM,{80},{32}
75fa32e3-7de2-49b0-9b66-e74f5eb5dff4,217604594,Commune de Nesle-Hodeng (76),false,{76459},Commune,2026-03-24 14:42:08.818969+01,gold_establishments_2025,,,,21760459400010,2025,Collectivité Territoriale,Commune,['Seine-Maritime'],['Normandie'],COM,{76},{28}
fd50eddc-1867-4f7d-b7ac-5b07ddb052e9,217604602,Commune de Nesle-Normandeuse (76),false,{76460},Commune,2026-03-24 14:42:08.818969+01,gold_establishments_2025,,,,21760460200011,2025,Collectivité Territoriale,Commune,['Seine-Maritime'],['Normandie'],COM,{76},{28}
43a9c2e5-15e9-4adb-81b4-36a504355898,212104517,Commune de Nesle-et-Massoult (21),false,{21451},Commune,2026-03-24 14:41:55.433389+01,gold_establishments_2025,,,,21210451700017,2025,Collectivité Territoriale,Commune,"[""Côte-d'Or""]",['Bourgogne-Franche-Comté'],COM,{21},{27}
a5906dc4-585b-4d42-b2b9-0a91e7b8a272,218005536,Commune de Nesle-l'Hôpital (80),false,{80586},Commune,2026-03-24 14:42:09.967209+01,gold_establishments_2025,,,,21800553600014,2025,Collectivité Territoriale,Commune,['Somme'],['Hauts-de-France'],COM,{80},{32}
23abfc11-39d2-485b-8534-c28ba9f24cb1,215103672,Commune de Nesle-la-Reposte (51),false,{51395},Commune,2026-03-24 14:42:01.954481+01,gold_establishments_2025,,,,21510367200014,2025,Collectivité Territoriale,Commune,['Marne'],['Grand Est'],COM,{51},{44}
06132d5b-265c-4bd8-acb6-3bbfe4ca7f1d,215103680,Commune de Nesle-le-Repons (51),false,{51396},Commune,2026-03-24 14:42:01.954481+01,gold_establishments_2025,,,,21510368000017,2025,Collectivité Territoriale,Commune,['Marne'],['Grand Est'],COM,{51},{44}
3a680c6f-e2f5-4c9e-bc2e-41a4fa03db9f,216206037,Commune de Nesles (62),false,{62603},Commune,2026-03-24 14:42:05.597325+01,gold_establishments_2025,,,,21620603700014,2025,Collectivité Territoriale,Commune,['Pas-de-Calais'],['Hauts-de-France'],COM,{62},{32}
b5870a02-ed60-4b27-9fa2-d78f8a71ba26,210205175,Commune de Nesles-la-Montagne (02),false,{02540},Commune,2026-03-24 14:41:52.020251+01,gold_establishments_2025,,,,21020517500032,2025,Collectivité Territoriale,Commune,['Aisne'],['Hauts-de-France'],COM,{02},{32}
c038ab87-47b4-4885-9221-8c4752798173,219504461,Commune de Nesles-la-Vallée (95),false,{95446},Commune,2026-03-24 14:42:11.659493+01,gold_establishments_2025,,,,21950446100019,2025,Collectivité Territoriale,Commune,"[""Val-d'Oise""]",['Île-de-France'],COM,{95},{11}
41e3eeef-f9eb-41b5-a380-8898f5b82d14,218005544,Commune de Neslette (80),false,{80587},Commune,2026-03-24 14:42:09.967209+01,gold_establishments_2025,,,,21800554400018,2025,Collectivité Territoriale,Commune,['Somme'],['Hauts-de-France'],COM,{80},{32}
b2b607a6-5969-4863-b0d2-c31eea3df1be,218501609,Commune de Nesmy (85),false,{85160},Commune,2026-03-24 14:42:10.508772+01,gold_establishments_2025,,,,21850160900018,2025,Collectivité Territoriale,Commune,['Vendée'],['Pays de la Loire'],COM,{85},{52}
e8c0b420-1591-43a7-bcc2-347922d4bff4,214502239,Commune de Nesploy (45),false,{45223},Commune,2026-03-24 14:42:00.862623+01,gold_establishments_2025,,,,21450223900012,2025,Collectivité Territoriale,Commune,['Loiret'],['Centre-Val de Loire'],COM,{45},{24}
20a99ecc-dfdd-4078-bed0-786b483ed1c2,211914700,Commune de Nespouls (19),false,{19147},Commune,2026-03-24 14:41:54.903238+01,gold_establishments_2025,,,,21191470000011,2025,Collectivité Territoriale,Commune,['Corrèze'],['Nouvelle-Aquitaine'],COM,{19},{75}
5409dc07-288b-437c-bad1-b3045ade8a3a,212001754,Commune de Nessa (2B),false,{2B175},Commune,2026-03-24 14:41:57.56054+01,gold_establishments_2025,,,,21200175400010,2025,Collectivité Territoriale,Commune,['Haute-Corse'],['Corse'],COM,{2B},{94}
e8589177-4c95-4b30-9719-7d0e9a37978d,216503276,Commune de Nestier (65),false,{65327},Commune,2026-03-24 14:42:06.665412+01,gold_establishments_2025,,,,21650327600018,2025,Collectivité Territoriale,Commune,['Hautes-Pyrénées'],['Occitanie'],COM,{65},{76}
f1ab215b-212f-4495-92a8-fd526d5946dc,215503780,Commune de Nettancourt (55),false,{55378},Commune,2026-03-24 14:42:03.701372+01,gold_establishments_2025,,,,21550378000011,2025,Collectivité Territoriale,Commune,['Meuse'],['Grand Est'],COM,{55},{44}
a4ec9d2a-0fc4-41b2-896a-56ad0e87dac9,213903859,Commune de Neublans-Abergement (39),false,{39385},Commune,2026-03-24 14:41:59.705606+01,gold_establishments_2025,,,,21390385900014,2025,Collectivité Territoriale,Commune,['Jura'],['Bourgogne-Franche-Comté'],COM,{39},{27}
a6a9a994-e1ac-4291-a190-6927980f6f66,216703173,Commune de Neubois (67),false,{67317},Commune,2026-03-24 14:42:07.195692+01,gold_establishments_2025,,,,21670317300015,2025,Collectivité Territoriale,Commune,['Bas-Rhin'],['Grand Est'],COM,{67},{44}
59abbb1f-26c9-4422-80e1-664f66990a34,212504229,Commune de Neuchâtel-Urtière (25),false,{25422},Commune,2026-03-24 14:41:56.495197+01,gold_establishments_2025,,,,21250422900015,2025,Collectivité Territoriale,Commune,['Doubs'],['Bourgogne-Franche-Comté'],COM,{25},{27}
daba32c3-7004-447d-beb2-52a9a9a625fd,215904236,Commune de Neuf-Berquin (59),false,{59423},Commune,2026-03-24 14:42:04.280096+01,gold_establishments_2025,,,,21590423600050,2025,Collectivité Territoriale,Commune,['Nord'],['Hauts-de-France'],COM,{59},{32}
0781d578-9d2e-47f7-b219-152957dfde46,216802314,Commune de Neuf-Brisach (68),false,{68231},Commune,2026-03-24 14:42:07.195692+01,gold_establishments_2025,,,,21680231400015,2025,Collectivité Territoriale,Commune,['Haut-Rhin'],['Grand Est'],COM,{68},{44}
05aab3d9-c363-477a-a77d-ec0d9b02e52a,217604636,Commune de Neuf-Marché (76),false,{76463},Commune,2026-03-24 14:42:08.818969+01,gold_establishments_2025,,,,21760463600019,2025,Collectivité Territoriale,Commune,['Seine-Maritime'],['Normandie'],COM,{76},{28}
1231a700-dc63-405b-a551-8dd44ba8e607,215904244,Commune de Neuf-Mesnil (59),false,{59424},Commune,2026-03-24 14:42:04.280096+01,gold_establishments_2025,,,,21590424400013,2025,Collectivité Territoriale,Commune,['Nord'],['Hauts-de-France'],COM,{59},{32}
40cd8cf4-fc78-4b19-86d2-d115c3b4d928,216302513,Commune de Neuf-Église (63),false,{63251},Commune,2026-03-24 14:42:06.130387+01,gold_establishments_2025,,,,21630251300017,2025,Collectivité Territoriale,Commune,['Puy-de-Dôme'],['Auvergne-Rhône-Alpes'],COM,{63},{84}
5ea0cdd8-f603-4c3d-bafa-fea430f0e863,217604610,Commune de Neufbosc (76),false,{76461},Commune,2026-03-24 14:42:08.818969+01,gold_establishments_2025,,,,21760461000014,2025,Collectivité Territoriale,Commune,['Seine-Maritime'],['Normandie'],COM,{76},{28}
d5527b48-4a0c-41fb-8505-d1e1fc796027,215704982,Commune de Neufchef (57),false,{57498},Commune,2026-03-24 14:42:04.280096+01,gold_establishments_2025,,,,21570498200010,2025,Collectivité Territoriale,Commune,['Moselle'],['Grand Est'],COM,{57},{44}
90df5230-06fb-41d9-93db-fae7e35137f2,216004432,Commune de Neufchelles (60),false,{60448},Commune,2026-03-24 14:42:04.814328+01,gold_establishments_2025,,,,21600443200011,2025,Collectivité Territoriale,Commune,['Oise'],['Hauts-de-France'],COM,{60},{32}
2eb487c1-0d57-45ea-af30-289ed1a3c76d,218803211,Commune de Neufchâteau (88),false,{88321},Commune,2026-03-24 14:42:11.118516+01,gold_establishments_2025,,,,21880321100018,2025,Collectivité Territoriale,Commune,['Vosges'],['Grand Est'],COM,{88},{44}
8643f9ca-fd94-4c0c-909a-ddb1a7ef7032,216206045,Commune de Neufchâtel-Hardelot (62),false,{62604},Commune,2026-03-24 14:42:05.597325+01,gold_establishments_2025,,,,21620604500017,2025,Collectivité Territoriale,Commune,['Pas-de-Calais'],['Hauts-de-France'],COM,{62},{32}
588faba2-a772-4bc2-aa9b-fddbe1f2b215,217604628,Commune de Neufchâtel-en-Bray (76),false,{76462},Commune,2026-03-24 14:42:08.818969+01,gold_establishments_2025,,,,21760462800016,2025,Collectivité Territoriale,Commune,['Seine-Maritime'],['Normandie'],COM,{76},{28}
40a53c3e-bb1d-4616-9c1e-bcf50f4ab33d,217202159,Commune de Neufchâtel-en-Saosnois (72),false,{72215},Commune,2026-03-24 14:42:08.279287+01,gold_establishments_2025,,,,21720215900059,2025,Collectivité Territoriale,Commune,['Sarthe'],['Pays de la Loire'],COM,{72},{52}
d61ce278-ea96-4e23-a4de-3435228586ec,210205183,Commune de Neufchâtel-sur-Aisne (02),false,{02541},Commune,2026-03-24 14:41:52.020251+01,gold_establishments_2025,,,,21020518300010,2025,Collectivité Territoriale,Commune,['Aisne'],['Hauts-de-France'],COM,{02},{32}
867cae2a-b534-4d94-92f1-03f7166f16ba,213303043,Commune de Neuffons (33),false,{33304},Commune,2026-03-24 14:41:58.620411+01,gold_establishments_2025,,,,21330304300011,2025,Collectivité Territoriale,Commune,['Gironde'],['Nouvelle-Aquitaine'],COM,{33},{75}
0ad0d28d-c187-4ec9-8316-99af1e007e81,215801903,Commune de Neuffontaines (58),false,{58190},Commune,2026-03-24 14:42:04.280096+01,gold_establishments_2025,,,,21580190300018,2025,Collectivité Territoriale,Commune,['Nièvre'],['Bourgogne-Franche-Comté'],COM,{58},{27}
256186b8-3035-4897-ba5c-3fcda49a2f86,215704990,Commune de Neufgrange (57),false,{57499},Commune,2026-03-24 14:42:04.280096+01,gold_establishments_2025,,,,21570499000013,2025,Collectivité Territoriale,Commune,['Moselle'],['Grand Est'],COM,{57},{44}
a1451687-9dc2-4a0a-bd25-353bf048f8ef,210205191,Commune de Neuflieux (02),false,{02542},Commune,2026-03-24 14:41:52.020251+01,gold_establishments_2025,,,,21020519100013,2025,Collectivité Territoriale,Commune,['Aisne'],['Hauts-de-France'],COM,{02},{32}
a2b14427-f71e-4002-8be6-1a0467e94cfd,210802815,Commune de Neuflize (08),false,{08314},Commune,2026-03-24 14:41:53.095366+01,gold_establishments_2025,,,,21080281500014,2025,Collectivité Territoriale,Commune,['Ardennes'],['Grand Est'],COM,{08},{44}
f63614c5-643d-4bc1-921b-aacdc432a232,210802823,Commune de Neufmaison (08),false,{08315},Commune,2026-03-24 14:41:53.095366+01,gold_establishments_2025,,,,21080282300018,2025,Collectivité Territoriale,Commune,['Ardennes'],['Grand Est'],COM,{08},{44}
8b16e4ce-440e-4212-814f-befa6eb5e1a5,215403965,Commune de Neufmaisons (54),false,{54396},Commune,2026-03-24 14:42:02.957225+01,gold_establishments_2025,,,,21540396500019,2025,Collectivité Territoriale,Commune,['Meurthe-et-Moselle'],['Grand Est'],COM,{54},{44}
57f98960-39d0-4f74-a5c2-918b537c6ecc,210802831,Commune de Neufmanil (08),false,{08316},Commune,2026-03-24 14:41:53.095366+01,gold_establishments_2025,,,,21080283100011,2025,Collectivité Territoriale,Commune,['Ardennes'],['Grand Est'],COM,{08},{44}
44b9b5f4-e3d2-4dc9-93a9-3c60e7f96be7,215003724,Commune de Neufmesnil (50),false,{50372},Commune,2026-03-24 14:42:01.412377+01,gold_establishments_2025,,,,21500372400014,2025,Collectivité Territoriale,Commune,['Manche'],['Normandie'],COM,{50},{28}
c6de99ee-e678-4239-b8e0-b8e208c9b0ac,218005551,Commune de Neufmoulin (80),false,{80588},Commune,2026-03-24 14:42:09.967209+01,gold_establishments_2025,,,,21800555100013,2025,Collectivité Territoriale,Commune,['Somme'],['Hauts-de-France'],COM,{80},{32}
f462da54-3acf-49a6-9e23-f1b92ed79c95,215705005,Commune de Neufmoulins (57),false,{57500},Commune,2026-03-24 14:42:04.280096+01,gold_establishments_2025,,,,21570500500027,2025,Collectivité Territoriale,Commune,['Moselle'],['Grand Est'],COM,{57},{44}
60995647-38cf-4aed-8667-5dd59ac7cc8d,217703362,Commune de Neufmoutiers-en-Brie (77),false,{77336},Commune,2026-03-24 14:42:09.43682+01,gold_establishments_2025,,,,21770336200012,2025,Collectivité Territoriale,Commune,['Seine-et-Marne'],['Île-de-France'],COM,{77},{11}
2b7998e6-40b1-4887-94fa-c01b377f857e,215705013,Commune de Neufvillage (57),false,{57501},Commune,2026-03-24 14:42:04.280096+01,gold_establishments_2025,,,,21570501300013,2025,Collectivité Territoriale,Commune,['Moselle'],['Grand Est'],COM,{57},{44}
09e40f1f-d604-4023-93db-815f6285102f,216004440,Commune de Neufvy-sur-Aronde (60),false,{60449},Commune,2026-03-24 14:42:04.814328+01,gold_establishments_2025,,,,21600444000014,2025,Collectivité Territoriale,Commune,['Oise'],['Hauts-de-France'],COM,{60},{32}
b61a66e2-79ab-4dc5-9fbb-e9509c4fdc7a,216702282,Commune de Neugartheim-Ittlenheim (67),false,{67228},Commune,2026-03-24 14:42:07.195692+01,gold_establishments_2025,,,,21670228200015,2025,Collectivité Territoriale,Commune,['Bas-Rhin'],['Grand Est'],COM,{67},{44}
480fcb11-cc63-4174-8898-eaa2a7016f90,216703199,Commune de Neuhaeusel (67),false,{67319},Commune,2026-03-24 14:42:07.195692+01,gold_establishments_2025,,,,21670319900010,2025,Collectivité Territoriale,Commune,['Bas-Rhin'],['Grand Est'],COM,{67},{44}
e371a3af-e0bb-4332-ae52-1c5b98b3379f,213701659,Commune de Neuil (37),false,{37165},Commune,2026-03-24 14:41:59.160244+01,gold_establishments_2025,,,,21370165900012,2025,Collectivité Territoriale,Commune,['Indre-et-Loire'],['Centre-Val de Loire'],COM,{37},{24}
8326733a-8098-4e08-8f3e-bd0963efd8c5,216503284,Commune de Neuilh (65),false,{65328},Commune,2026-03-24 14:42:06.665412+01,gold_establishments_2025,,,,21650328400012,2025,Collectivité Territoriale,Commune,['Hautes-Pyrénées'],['Occitanie'],COM,{65},{76}
f622a444-218e-4f26-962f-33accaafbb1d,211702584,Commune de Neuillac (17),false,{17258},Commune,2026-03-24 14:41:54.903238+01,gold_establishments_2025,,,,21170258400015,2025,Collectivité Territoriale,Commune,['Charente-Maritime'],['Nouvelle-Aquitaine'],COM,{17},{75}
74665598-1c9e-438f-a537-6723909c31e4,213601396,Commune de Neuillay-les-Bois (36),false,{36139},Commune,2026-03-24 14:41:59.160244+01,gold_establishments_2025,,,,21360139600012,2025,Collectivité Territoriale,Commune,['Indre'],['Centre-Val de Loire'],COM,{36},{24}
e136714a-6ed3-41b9-9dae-e7bf689fd5da,212704290,Commune de Neuilly (27),false,{27429},Commune,2026-03-24 14:41:57.028721+01,gold_establishments_2025,,,,21270429000015,2025,Collectivité Territoriale,Commune,['Eure'],['Normandie'],COM,{27},{28}
d7a58734-8b39-4176-92a1-6243ab3942e8,215801911,Commune de Neuilly (58),false,{58191},Commune,2026-03-24 14:42:04.280096+01,gold_establishments_2025,,,,21580191100011,2025,Collectivité Territoriale,Commune,['Nièvre'],['Bourgogne-Franche-Comté'],COM,{58},{27}
63a91445-058a-4f40-9edb-82658eece059,200088029,Commune de Neuilly-Crimolois (21),false,{21452},Commune,2026-03-24 14:41:55.433389+01,gold_establishments_2025,,,,20008802900018,2025,Collectivité Territoriale,Commune,"[""Côte-d'Or""]",['Bourgogne-Franche-Comté'],COM,{21},{27}
7ed17855-0726-4b3b-b410-692beb84eaab,219300498,Commune de Neuilly-Plaisance (93),false,{93049},Commune,2026-03-24 14:42:11.659493+01,gold_establishments_2025,,,,21930049800017,2025,Collectivité Territoriale,Commune,['Seine-Saint-Denis'],['Île-de-France'],COM,{93},{11}
5b7a3c56-34a4-402e-b094-62ab82429176,210205209,Commune de Neuilly-Saint-Front (02),false,{02543},Commune,2026-03-24 14:41:52.020251+01,gold_establishments_2025,,,,21020520900013,2025,Collectivité Territoriale,Commune,['Aisne'],['Hauts-de-France'],COM,{02},{32}
b5b38712-deca-4a15-ae33-237a371f5af9,210301966,Commune de Neuilly-en-Donjon (03),false,{03196},Commune,2026-03-24 14:41:52.020251+01,gold_establishments_2025,,,,21030196600011,2025,Collectivité Territoriale,Commune,['Allier'],['Auvergne-Rhône-Alpes'],COM,{03},{84}
7e560eec-5d82-40a0-a430-294b4a068043,211801618,Commune de Neuilly-en-Dun (18),false,{18161},Commune,2026-03-24 14:41:54.903238+01,gold_establishments_2025,,,,21180161800011,2025,Collectivité Territoriale,Commune,['Cher'],['Centre-Val de Loire'],COM,{18},{24}
5e1643ba-d09d-41b6-a924-78190dd5acd4,211801626,Commune de Neuilly-en-Sancerre (18),false,{18162},Commune,2026-03-24 14:41:54.903238+01,gold_establishments_2025,,,,21180162600014,2025,Collectivité Territoriale,Commune,['Cher'],['Centre-Val de Loire'],COM,{18},{24}
90026b28-765b-43bb-8b92-104777ad58e5,216004457,Commune de Neuilly-en-Thelle (60),false,{60450},Commune,2026-03-24 14:42:04.814328+01,gold_establishments_2025,,,,21600445700018,2025,Collectivité Territoriale,Commune,['Oise'],['Hauts-de-France'],COM,{60},{32}
65195004-aa64-4bc5-afa5-30787c64b69a,219504479,Commune de Neuilly-en-Vexin (95),false,{95447},Commune,2026-03-24 14:42:11.659493+01,gold_establishments_2025,,,,21950447900011,2025,Collectivité Territoriale,Commune,"[""Val-d'Oise""]",['Île-de-France'],COM,{95},{11}
5d522bc0-3580-44ff-b3a6-a3204198e4a7,218005577,Commune de Neuilly-l'Hôpital (80),false,{80590},Commune,2026-03-24 14:42:09.967209+01,gold_establishments_2025,,,,21800557700018,2025,Collectivité Territoriale,Commune,['Somme'],['Hauts-de-France'],COM,{80},{32}
e2d8f4c3-f03e-4fe7-888f-03faf79fb334,215202490,Commune de Neuilly-l'Évêque (52),false,{52348},Commune,2026-03-24 14:42:01.954481+01,gold_establishments_2025,,,,21520249000011,2025,Collectivité Territoriale,Commune,['Haute-Marne'],['Grand Est'],COM,{52},{44}
b58a973c-5e2f-40e2-ada6-6e4763c8b341,216103044,Commune de Neuilly-le-Bisson (61),false,{61304},Commune,2026-03-24 14:42:05.597325+01,gold_establishments_2025,,,,21610304400014,2025,Collectivité Territoriale,Commune,['Orne'],['Normandie'],COM,{61},{28}
c804ab69-103b-4eca-a1b7-32f815305f9f,213701683,Commune de Neuilly-le-Brignon (37),false,{37168},Commune,2026-03-24 14:41:59.160244+01,gold_establishments_2025,,,,21370168300012,2025,Collectivité Territoriale,Commune,['Indre-et-Loire'],['Centre-Val de Loire'],COM,{37},{24}
c849eea9-c41a-4343-9253-e646b2e01b52,218005569,Commune de Neuilly-le-Dien (80),false,{80589},Commune,2026-03-24 14:42:09.967209+01,gold_establishments_2025,,,,21800556900015,2025,Collectivité Territoriale,Commune,['Somme'],['Hauts-de-France'],COM,{80},{32}
d5ab6236-6d3c-40bb-9bc7-92aeb683bf1d,210301974,Commune de Neuilly-le-Réal (03),false,{03197},Commune,2026-03-24 14:41:52.020251+01,gold_establishments_2025,,,,21030197400015,2025,Collectivité Territoriale,Commune,['Allier'],['Auvergne-Rhône-Alpes'],COM,{03},{84}
401310bc-2c2c-4b07-84e8-440efa9f9eac,215301649,Commune de Neuilly-le-Vendin (53),false,{53164},Commune,2026-03-24 14:42:02.957225+01,gold_establishments_2025,,,,21530164900012,2025,Collectivité Territoriale,Commune,['Mayenne'],['Pays de la Loire'],COM,{53},{52}
8d445605-dd72-4056-9556-cc1d17d33ae8,216004465,Commune de Neuilly-sous-Clermont (60),false,{60451},Commune,2026-03-24 14:42:04.814328+01,gold_establishments_2025,,,,21600446500011,2025,Collectivité Territoriale,Commune,['Oise'],['Hauts-de-France'],COM,{60},{32}
36ec0190-4a78-42a6-aa76-d4a43ca7e693,219300506,Commune de Neuilly-sur-Marne (93),false,{93050},Commune,2026-03-24 14:42:11.659493+01,gold_establishments_2025,,,,21930050600017,2025,Collectivité Territoriale,Commune,['Seine-Saint-Denis'],['Île-de-France'],COM,{93},{11}
2388d458-2e91-4455-bedc-315ce6330840,219200516,Commune de Neuilly-sur-Seine (92),false,{92051},Commune,2026-03-24 14:42:11.659493+01,gold_establishments_2025,,,,21920051600017,2025,Collectivité Territoriale,Commune,['Hauts-de-Seine'],['Île-de-France'],COM,{92},{11}
623a1092-4714-4117-ad9b-a789e60f6ce8,215202508,Commune de Neuilly-sur-Suize (52),false,{52349},Commune,2026-03-24 14:42:01.954481+01,gold_establishments_2025,,,,21520250800010,2025,Collectivité Territoriale,Commune,['Haute-Marne'],['Grand Est'],COM,{52},{44}
4038b233-3437-442c-8204-03aefafe5471,214902249,Commune de Neuillé (49),false,{49224},Commune,2026-03-24 14:42:01.412377+01,gold_establishments_2025,,,,21490224900017,2025,Collectivité Territoriale,Commune,['Maine-et-Loire'],['Pays de la Loire'],COM,{49},{52}
e70b37ee-9315-4565-965f-7e0e69064d26,213701675,Commune de Neuillé-Pont-Pierre (37),false,{37167},Commune,2026-03-24 14:41:59.160244+01,gold_establishments_2025,,,,21370167500018,2025,Collectivité Territoriale,Commune,['Indre-et-Loire'],['Centre-Val de Loire'],COM,{37},{24}
3e6c1c4d-db7e-47e9-a5b2-b2d2d1205910,213701667,Commune de Neuillé-le-Lierre (37),false,{37166},Commune,2026-03-24 14:41:59.160244+01,gold_establishments_2025,,,,21370166700015,2025,Collectivité Territoriale,Commune,['Indre-et-Loire'],['Centre-Val de Loire'],COM,{37},{24}
7bc20381-6702-4601-b782-2a10eb467489,216206052,Commune de Neulette (62),false,{62605},Commune,2026-03-24 14:42:05.597325+01,gold_establishments_2025,,,,21620605200013,2025,Collectivité Territoriale,Commune,['Pas-de-Calais'],['Hauts-de-France'],COM,{62},{32}
84d6b8f7-d97d-424b-ac39-22d8cb5ea37d,214201568,Commune de Neulise (42),false,{42156},Commune,2026-03-24 14:42:00.273698+01,gold_establishments_2025,,,,21420156800018,2025,Collectivité Territoriale,Commune,['Loire'],['Auvergne-Rhône-Alpes'],COM,{42},{84}
ae22b5be-67fa-4df4-a2e8-5ad8164dcacc,211702592,Commune de Neulles (17),false,{17259},Commune,2026-03-24 14:41:54.903238+01,gold_establishments_2025,,,,21170259200018,2025,Collectivité Territoriale,Commune,['Charente-Maritime'],['Nouvelle-Aquitaine'],COM,{17},{75}
062164cb-3da9-4dba-ad4a-716fca8ccc4c,215601469,Commune de Neulliac (56),false,{56146},Commune,2026-03-24 14:42:03.701372+01,gold_establishments_2025,,,,21560146900012,2025,Collectivité Territoriale,Commune,['Morbihan'],['Bretagne'],COM,{56},{53}
2dd0c138-afc1-4728-b7bb-56d6ab0bd2f1,214101594,Commune de Neung-sur-Beuvron (41),false,{41159},Commune,2026-03-24 14:42:00.273698+01,gold_establishments_2025,,,,21410159400015,2025,Collectivité Territoriale,Commune,['Loir-et-Cher'],['Centre-Val de Loire'],COM,{41},{24}
89fecdf2-3511-4acd-a6d9-ab36767eae6c,215705021,Commune de Neunkirchen-lès-Bouzonville (57),false,{57502},Commune,2026-03-24 14:42:04.280096+01,gold_establishments_2025,,,,21570502100016,2025,Collectivité Territoriale,Commune,['Moselle'],['Grand Est'],COM,{57},{44}
da0e2e9f-548b-4515-a738-2545da9c85ba,210301982,Commune de Neure (03),false,{03198},Commune,2026-03-24 14:41:52.020251+01,gold_establishments_2025,,,,21030198200018,2025,Collectivité Territoriale,Commune,['Allier'],['Auvergne-Rhône-Alpes'],COM,{03},{84}
468b7910-19e6-4679-9a9d-5cfdafeffdac,217003805,Commune de Neurey-en-Vaux (70),false,{70380},Commune,2026-03-24 14:42:07.735343+01,gold_establishments_2025,,,,21700380500017,2025,Collectivité Territoriale,Commune,['Haute-Saône'],['Bourgogne-Franche-Comté'],COM,{70},{27}
d3d5bfe7-b7db-43ca-8966-37ee2e93ee5f,217003813,Commune de Neurey-lès-la-Demie (70),false,{70381},Commune,2026-03-24 14:42:07.735343+01,gold_establishments_2025,,,,21700381300011,2025,Collectivité Territoriale,Commune,['Haute-Saône'],['Bourgogne-Franche-Comté'],COM,{70},{27}
b7dd29c7-a36c-45f5-a99c-1e87a3829c5f,200065175,Commune de Neussargues-Moissac (15),false,{15141},Commune,2026-03-24 14:41:54.362296+01,gold_establishments_2025,,,,20006517500016,2025,Collectivité Territoriale,Commune,['Cantal'],['Auvergne-Rhône-Alpes'],COM,{15},{84}
decb772a-5b39-448b-9c6b-d952c8c9b9b5,216206060,Commune de Neuve-Chapelle (62),false,{62606},Commune,2026-03-24 14:42:05.597325+01,gold_establishments_2025,,,,21620606000016,2025,Collectivité Territoriale,Commune,['Pas-de-Calais'],['Hauts-de-France'],COM,{62},{32}
1d3c89b7-64c7-4290-a96d-2076ccd86809,210205217,Commune de Neuve-Maison (02),false,{02544},Commune,2026-03-24 14:41:52.020251+01,gold_establishments_2025,,,,21020521700016,2025,Collectivité Territoriale,Commune,['Aisne'],['Hauts-de-France'],COM,{02},{32}
3b9f3966-63c0-4a52-a8a2-e0550592612d,216703207,Commune de Neuve-Église (67),false,{67320},Commune,2026-03-24 14:42:07.195692+01,gold_establishments_2025,,,,21670320700011,2025,Collectivité Territoriale,Commune,['Bas-Rhin'],['Grand Est'],COM,{67},{44}
4298ef07-0da0-4431-8130-d223c2e3508c,217402007,Commune de Neuvecelle (74),false,{74200},Commune,2026-03-24 14:42:08.818969+01,gold_establishments_2025,,,,21740200700017,2025,Collectivité Territoriale,Commune,['Haute-Savoie'],['Auvergne-Rhône-Alpes'],COM,{74},{84}
e6e0482c-9faf-4e71-8736-d9b5ae5bab6b,217003839,Commune de Neuvelle-lès-Cromary (70),false,{70383},Commune,2026-03-24 14:42:07.735343+01,gold_establishments_2025,,,,21700383900016,2025,Collectivité Territoriale,Commune,['Haute-Saône'],['Bourgogne-Franche-Comté'],COM,{70},{27}
de05ddc7-446c-43a6-b6ec-549a25f80762,215202516,Commune de Neuvelle-lès-Voisey (52),false,{52350},Commune,2026-03-24 14:42:01.954481+01,gold_establishments_2025,,,,21520251600013,2025,Collectivité Territoriale,Commune,['Haute-Marne'],['Grand Est'],COM,{52},{44}
6d0dae24-dc3d-4470-bd3e-e70f529c2417,217003847,Commune de Neuvelle-lès-la-Charité (70),false,{70384},Commune,2026-03-24 14:42:07.735343+01,gold_establishments_2025,,,,21700384700019,2025,Collectivité Territoriale,Commune,['Haute-Saône'],['Bourgogne-Franche-Comté'],COM,{70},{27}
c0655095-521a-4d81-bcf2-0ead73fab591,215403973,Commune de Neuves-Maisons (54),false,{54397},Commune,2026-03-24 14:42:02.957225+01,gold_establishments_2025,,,,21540397300013,2025,Collectivité Territoriale,Commune,['Meurthe-et-Moselle'],['Grand Est'],COM,{54},{44}
d7cd8835-140e-457b-8083-ed01e5f4d304,211914809,Commune de Neuvic (19),false,{19148},Commune,2026-03-24 14:41:54.903238+01,gold_establishments_2025,,,,21191480900010,2025,Collectivité Territoriale,Commune,['Corrèze'],['Nouvelle-Aquitaine'],COM,{19},{75}
479cfb5f-d528-4e13-92a0-a88f67cbb7ae,212403091,Commune de Neuvic (24),false,{24309},Commune,2026-03-24 14:41:55.958138+01,gold_establishments_2025,,,,21240309100011,2025,Collectivité Territoriale,Commune,['Dordogne'],['Nouvelle-Aquitaine'],COM,{24},{75}
db378c84-f6fb-46bf-b9aa-c9605b820ecd,218710507,Commune de Neuvic-Entier (87),false,{87105},Commune,2026-03-24 14:42:11.118516+01,gold_establishments_2025,,,,21871050700011,2025,Collectivité Territoriale,Commune,['Haute-Vienne'],['Nouvelle-Aquitaine'],COM,{87},{75}
98f2620e-efdd-4f37-aa7e-dd9679825b97,211702600,Commune de Neuvicq (17),false,{17260},Commune,2026-03-24 14:41:54.903238+01,gold_establishments_2025,,,,21170260000019,2025,Collectivité Territoriale,Commune,['Charente-Maritime'],['Nouvelle-Aquitaine'],COM,{17},{75}
6e72cfad-7d7a-46c6-9c0d-815f9c348c47,211702618,Commune de Neuvicq-le-Château (17),false,{17261},Commune,2026-03-24 14:41:54.903238+01,gold_establishments_2025,,,,21170261800011,2025,Collectivité Territoriale,Commune,['Charente-Maritime'],['Nouvelle-Aquitaine'],COM,{17},{75}
dd5aece1-2b1b-4ead-b1f5-faf4738779c7,217202167,Commune de Neuvillalais (72),false,{72216},Commune,2026-03-24 14:42:08.279287+01,gold_establishments_2025,,,,21720216700052,2025,Collectivité Territoriale,Commune,['Sarthe'],['Pays de la Loire'],COM,{72},{52}
94890180-4dc8-4370-b701-6af537b2c0f1,211914908,Commune de Neuville (19),false,{19149},Commune,2026-03-24 14:41:54.903238+01,gold_establishments_2025,,,,21191490800010,2025,Collectivité Territoriale,Commune,['Corrèze'],['Nouvelle-Aquitaine'],COM,{19},{75}
78de0f36-c7a4-4532-803b-a4d1e6c0046b,216302521,Commune de Neuville (63),false,{63252},Commune,2026-03-24 14:42:06.130387+01,gold_establishments_2025,,,,21630252100010,2025,Collectivité Territoriale,Commune,['Puy-de-Dôme'],['Auvergne-Rhône-Alpes'],COM,{63},{84}
c3f2e990-786c-40d2-a3cb-92c0f30cbd33,212803191,Commune de Neuville Saint Denis (28),false,{28319},Commune,2026-03-24 14:41:57.028721+01,gold_establishments_2025,,,,21280319100015,2025,Collectivité Territoriale,Commune,['Eure-et-Loir'],['Centre-Val de Loire'],COM,{28},{24}
f5f74c0c-2efe-43f0-afef-da6c97527660,216004473,Commune de Neuville-Bosc (60),false,{60452},Commune,2026-03-24 14:42:04.814328+01,gold_establishments_2025,,,,21600447300015,2025,Collectivité Territoriale,Commune,['Oise'],['Hauts-de-France'],COM,{60},{32}
e69174e1-7932-4af7-aa0d-3ce03a6da639,216206086,Commune de Neuville-Bourjonval (62),false,{62608},Commune,2026-03-24 14:42:05.597325+01,gold_establishments_2025,,,,21620608600011,2025,Collectivité Territoriale,Commune,['Pas-de-Calais'],['Hauts-de-France'],COM,{62},{32}
7a92a8cd-c698-4bbe-aedc-9b8baf65eb0e,218005593,Commune de Neuville-Coppegueule (80),false,{80592},Commune,2026-03-24 14:42:09.967209+01,gold_establishments_2025,,,,21800559300015,2025,Collectivité Territoriale,Commune,['Somme'],['Hauts-de-France'],COM,{80},{32}
f790451e-dfb0-4ec9-b99b-01bab064eeec,210802880,Commune de Neuville-Day (08),false,{08321},Commune,2026-03-24 14:41:53.095366+01,gold_establishments_2025,,,,21080288000018,2025,Collectivité Territoriale,Commune,['Ardennes'],['Grand Est'],COM,{08},{44}
ac433a30-6282-4cd6-a4b7-9a3355930803,217604651,Commune de Neuville-Ferrières (76),false,{76465},Commune,2026-03-24 14:42:08.818969+01,gold_establishments_2025,,,,21760465100018,2025,Collectivité Territoriale,Commune,['Seine-Maritime'],['Normandie'],COM,{76},{28}
cb811e43-e214-4e85-8c5b-2627e0f19927,210205266,Commune de Neuville-Saint-Amand (02),false,{02549},Commune,2026-03-24 14:41:52.020251+01,gold_establishments_2025,,,,21020526600013,2025,Collectivité Territoriale,Commune,['Aisne'],['Hauts-de-France'],COM,{02},{32}
b86615b9-499f-4454-8692-cf1d9e2e29b8,215904285,Commune de Neuville-Saint-Rémy (59),false,{59428},Commune,2026-03-24 14:42:04.280096+01,gold_establishments_2025,,,,21590428500065,2025,Collectivité Territoriale,Commune,['Nord'],['Hauts-de-France'],COM,{59},{32}
e0c09367-55c0-4d5d-aced-77fa5ee76a99,216206094,Commune de Neuville-Saint-Vaast (62),false,{62609},Commune,2026-03-24 14:42:05.597325+01,gold_establishments_2025,,,,21620609400015,2025,Collectivité Territoriale,Commune,['Pas-de-Calais'],['Hauts-de-France'],COM,{62},{32}
86372cf3-95d0-4ed4-9be1-0a9c77a965a6,216206110,Commune de Neuville-Vitasse (62),false,{62611},Commune,2026-03-24 14:42:05.597325+01,gold_establishments_2025,,,,21620611000019,2025,Collectivité Territoriale,Commune,['Pas-de-Calais'],['Hauts-de-France'],COM,{62},{32}
d8a58ba2-f169-4e99-845a-eed9b1ddbd81,218005585,Commune de Neuville-au-Bois (80),false,{80591},Commune,2026-03-24 14:42:09.967209+01,gold_establishments_2025,,,,21800558500011,2025,Collectivité Territoriale,Commune,['Somme'],['Hauts-de-France'],COM,{80},{32}
832a055c-1329-4c15-918e-5429bf0fe3b2,216206078,Commune de Neuville-au-Cornet (62),false,{62607},Commune,2026-03-24 14:42:05.597325+01,gold_establishments_2025,,,,21620607800018,2025,Collectivité Territoriale,Commune,['Pas-de-Calais'],['Hauts-de-France'],COM,{62},{32}
84263ff8-14b6-43b9-8ff1-50caca02b872,215003732,Commune de Neuville-au-Plain (50),false,{50373},Commune,2026-03-24 14:42:01.412377+01,gold_establishments_2025,,,,21500373200017,2025,Collectivité Territoriale,Commune,['Manche'],['Normandie'],COM,{50},{28}
717be1a7-2063-4623-8bde-d160470f9f99,214502247,Commune de Neuville-aux-Bois (45),false,{45224},Commune,2026-03-24 14:42:00.862623+01,gold_establishments_2025,,,,21450224700015,2025,Collectivité Territoriale,Commune,['Loiret'],['Centre-Val de Loire'],COM,{45},{24}
2f195c2d-5667-4c23-822b-79fc84494205,218601771,Commune de Neuville-de-Poitou (86),false,{86177},Commune,2026-03-24 14:42:10.508772+01,gold_establishments_2025,,,,21860177100015,2025,Collectivité Territoriale,Commune,['Vienne'],['Nouvelle-Aquitaine'],COM,{86},{75}
128824bd-7144-4865-a820-d51b7aabb0a2,215904251,Commune de Neuville-en-Avesnois (59),false,{59425},Commune,2026-03-24 14:42:04.280096+01,gold_establishments_2025,,,,21590425100018,2025,Collectivité Territoriale,Commune,['Nord'],['Hauts-de-France'],COM,{59},{32}
1668cb03-bd4e-41d6-9537-31cd38dd3d4e,215003740,Commune de Neuville-en-Beaumont (50),false,{50374},Commune,2026-03-24 14:42:01.412377+01,gold_establishments_2025,,,,21500374000010,2025,Collectivité Territoriale,Commune,['Manche'],['Normandie'],COM,{50},{28}
b9f2f44c-61c1-4638-9ce6-f1e10d53feb3,215904269,Commune de Neuville-en-Ferrain (59),false,{59426},Commune,2026-03-24 14:42:04.280096+01,gold_establishments_2025,,,,21590426900010,2025,Collectivité Territoriale,Commune,['Nord'],['Hauts-de-France'],COM,{59},{32}
a1a9388e-2bf4-4529-b63d-628cbfaea7ca,215503806,Commune de Neuville-en-Verdunois (55),false,{55380},Commune,2026-03-24 14:42:03.701372+01,gold_establishments_2025,,,,21550380600014,2025,Collectivité Territoriale,Commune,['Meuse'],['Grand Est'],COM,{55},{44}
d5f05116-75d8-4347-ab75-b5f2fb515b5e,210102729,Commune de Neuville-les-Dames (01),false,{01272},Commune,2026-03-24 14:41:51.447482+01,gold_establishments_2025,,,,21010272900014,2025,Collectivité Territoriale,Commune,['Ain'],['Auvergne-Rhône-Alpes'],COM,{01},{84}
ece880a2-adb1-4c0b-b8d3-23a5d15fcebe,210802864,Commune de Neuville-lez-Beaulieu (08),false,{08319},Commune,2026-03-24 14:41:53.095366+01,gold_establishments_2025,,,,21080286400012,2025,Collectivité Territoriale,Commune,['Ardennes'],['Grand Est'],COM,{08},{44}
c8d6de51-f31e-41cf-a529-2f6ff305c6ff,215801929,Commune de Neuville-lès-Decize (58),false,{58192},Commune,2026-03-24 14:42:04.280096+01,gold_establishments_2025,,,,21580192900013,2025,Collectivité Territoriale,Commune,['Nièvre'],['Bourgogne-Franche-Comté'],COM,{58},{27}
0efde8b5-437a-41b7-aa22-b44f6a578630,210802898,Commune de Neuville-lès-This (08),false,{08322},Commune,2026-03-24 14:41:53.095366+01,gold_establishments_2025,,,,21080289800010,2025,Collectivité Territoriale,Commune,['Ardennes'],['Grand Est'],COM,{08},{44}
0331e64f-89d8-4855-a87c-496af20634bc,215503814,Commune de Neuville-lès-Vaucouleurs (55),false,{55381},Commune,2026-03-24 14:42:03.701372+01,gold_establishments_2025,,,,21550381400018,2025,Collectivité Territoriale,Commune,['Meuse'],['Grand Est'],COM,{55},{44}
c7f64872-6dfd-410c-9440-b39223a41a86,216206102,Commune de Neuville-sous-Montreuil (62),false,{62610},Commune,2026-03-24 14:42:05.597325+01,gold_establishments_2025,,,,21620610200016,2025,Collectivité Territoriale,Commune,['Pas-de-Calais'],['Hauts-de-France'],COM,{62},{32}
eefec74a-90bd-4f50-be8d-71fd9f7b5b11,210205274,Commune de Neuville-sur-Ailette (02),false,{02550},Commune,2026-03-24 14:41:52.020251+01,gold_establishments_2025,,,,21020527400017,2025,Collectivité Territoriale,Commune,['Aisne'],['Hauts-de-France'],COM,{02},{32}
23499a1e-43c3-4a14-ad9e-aeb8cc04307e,210102737,Commune de Neuville-sur-Ain (01),false,{01273},Commune,2026-03-24 14:41:51.447482+01,gold_establishments_2025,,,,21010273700017,2025,Collectivité Territoriale,Commune,['Ain'],['Auvergne-Rhône-Alpes'],COM,{01},{84}
d2174880-9798-4d61-a2bf-7ef89e9287de,212704332,Commune de Neuville-sur-Authou (27),false,{27433},Commune,2026-03-24 14:41:57.028721+01,gold_establishments_2025,,,,21270433200015,2025,Collectivité Territoriale,Commune,['Eure'],['Normandie'],COM,{27},{28}
befdbc89-9c62-4bbe-9ee9-57ea973a1f3a,213701691,Commune de Neuville-sur-Brenne (37),false,{37169},Commune,2026-03-24 14:41:59.160244+01,gold_establishments_2025,,,,21370169100015,2025,Collectivité Territoriale,Commune,['Indre-et-Loire'],['Centre-Val de Loire'],COM,{37},{24}
97801d9c-d560-400a-bab5-1fc5c09d55ae,215904293,Commune de Neuville-sur-Escaut (59),false,{59429},Commune,2026-03-24 14:42:04.280096+01,gold_establishments_2025,,,,21590429300010,2025,Collectivité Territoriale,Commune,['Nord'],['Hauts-de-France'],COM,{59},{32}
32010863-6012-487e-b3a3-cd50c60c9bde,210205282,Commune de Neuville-sur-Margival (02),false,{02551},Commune,2026-03-24 14:41:52.020251+01,gold_establishments_2025,,,,21020528200010,2025,Collectivité Territoriale,Commune,['Aisne'],['Hauts-de-France'],COM,{02},{32}
0f4ae82d-4100-4944-a1ff-da5e89168ac9,219504503,Commune de Neuville-sur-Oise (95),false,{95450},Commune,2026-03-24 14:42:11.659493+01,gold_establishments_2025,,,,21950450300018,2025,Collectivité Territoriale,Commune,"[""Val-d'Oise""]",['Île-de-France'],COM,{95},{11}
57d53dc2-e760-4961-ae78-4e622d540cc2,215503822,Commune de Neuville-sur-Ornain (55),false,{55382},Commune,2026-03-24 14:42:03.701372+01,gold_establishments_2025,,,,21550382200011,2025,Collectivité Territoriale,Commune,['Meuse'],['Grand Est'],COM,{55},{44}
446b1cea-e398-43e5-9ae0-c5fc735a26ee,217202175,Commune de Neuville-sur-Sarthe (72),false,{72217},Commune,2026-03-24 14:42:08.279287+01,gold_establishments_2025,,,,21720217500014,2025,Collectivité Territoriale,Commune,['Sarthe'],['Pays de la Loire'],COM,{72},{52}
66ea1bf3-1f7c-42e2-b044-d434ff242f35,216901439,Commune de Neuville-sur-Saône (69),false,{69143},Commune,2026-03-24 14:42:07.195692+01,gold_establishments_2025,,,,21690143900010,2025,Collectivité Territoriale,Commune,['Rhône'],['Auvergne-Rhône-Alpes'],COM,{69},{84}
a5a77762-e1e7-470a-8ca1-9399ae377c33,211002548,Commune de Neuville-sur-Seine (10),false,{10262},Commune,2026-03-24 14:41:53.095366+01,gold_establishments_2025,,,,21100254800017,2025,Collectivité Territoriale,Commune,['Aube'],['Grand Est'],COM,{10},{44}
d350c532-d728-445c-8d9c-75c34cd859a4,216103077,Commune de Neuville-sur-Touques (61),false,{61307},Commune,2026-03-24 14:42:05.597325+01,gold_establishments_2025,,,,21610307700014,2025,Collectivité Territoriale,Commune,['Orne'],['Normandie'],COM,{61},{28}
ed441e37-416d-4279-a1d4-aa0579d193bd,211002555,Commune de Neuville-sur-Vanne (10),false,{10263},Commune,2026-03-24 14:41:53.095366+01,gold_establishments_2025,,,,21100255500012,2025,Collectivité Territoriale,Commune,['Aube'],['Grand Est'],COM,{10},{44}
0dc765d2-52f4-4a75-bf1e-dd28a1b1ed94,216703215,Commune de Neuviller-la-Roche (67),false,{67321},Commune,2026-03-24 14:42:07.195692+01,gold_establishments_2025,,,,21670321500014,2025,Collectivité Territoriale,Commune,['Bas-Rhin'],['Grand Est'],COM,{67},{44}
0b5bf196-6d1c-466f-a109-304ec04514b4,215403981,Commune de Neuviller-lès-Badonviller (54),false,{54398},Commune,2026-03-24 14:42:02.957225+01,gold_establishments_2025,,,,21540398100016,2025,Collectivité Territoriale,Commune,['Meurthe-et-Moselle'],['Grand Est'],COM,{54},{44}
a53afebe-9774-430e-9f98-488c84363bed,215403999,Commune de Neuviller-sur-Moselle (54),false,{54399},Commune,2026-03-24 14:42:02.957225+01,gold_establishments_2025,,,,21540399900018,2025,Collectivité Territoriale,Commune,['Meurthe-et-Moselle'],['Grand Est'],COM,{54},{44}
8aa38a7c-70a7-4113-b0bb-2ec655c72f2f,218803260,Commune de Neuvillers-sur-Fave (88),false,{88326},Commune,2026-03-24 14:42:11.118516+01,gold_establishments_2025,,,,21880326000015,2025,Collectivité Territoriale,Commune,['Vosges'],['Grand Est'],COM,{88},{44}
b7913fb1-d130-4c97-a8b5-8b0119b4707e,210205290,Commune de Neuvillette (02),false,{02552},Commune,2026-03-24 14:41:52.020251+01,gold_establishments_2025,,,,21020529000013,2025,Collectivité Territoriale,Commune,['Aisne'],['Hauts-de-France'],COM,{02},{32}
f75b1576-4f37-4a4a-a208-de4abc2d4a2e,218005635,Commune de Neuvillette (80),false,{80596},Commune,2026-03-24 14:42:09.967209+01,gold_establishments_2025,,,,21800563500014,2025,Collectivité Territoriale,Commune,['Somme'],['Hauts-de-France'],COM,{80},{32}
83403da5-354f-43b9-bca5-26709fc6c684,217202183,Commune de Neuvillette-en-Charnie (72),false,{72218},Commune,2026-03-24 14:42:08.279287+01,gold_establishments_2025,,,,21720218300018,2025,Collectivité Territoriale,Commune,['Sarthe'],['Pays de la Loire'],COM,{72},{52}
33c1b9bb-e306-4af3-8f06-d8537a3b05ca,213903867,Commune de Neuvilley (39),false,{39386},Commune,2026-03-24 14:41:59.705606+01,gold_establishments_2025,,,,21390386700017,2025,Collectivité Territoriale,Commune,['Jura'],['Bourgogne-Franche-Comté'],COM,{39},{27}
4c9fd9a5-b8e3-4042-83cc-49a8172cdce1,215904301,Commune de Neuvilly (59),false,{59430},Commune,2026-03-24 14:42:04.280096+01,gold_establishments_2025,,,,21590430100011,2025,Collectivité Territoriale,Commune,['Nord'],['Hauts-de-France'],COM,{59},{32}
a09d76d2-fc77-4350-8c18-d2eacf799637,215503830,Commune de Neuvilly-en-Argonne (55),false,{55383},Commune,2026-03-24 14:42:03.701372+01,gold_establishments_2025,,,,21550383000014,2025,Collectivité Territoriale,Commune,['Meuse'],['Grand Est'],COM,{55},{44}
4a67f5f1-77f8-4ed2-9340-3649061361c3,216206128,Commune de Neuvireuil (62),false,{62612},Commune,2026-03-24 14:42:05.597325+01,gold_establishments_2025,,,,21620612800045,2025,Collectivité Territoriale,Commune,['Pas-de-Calais'],['Hauts-de-France'],COM,{62},{32}
d6726cb6-b1be-433b-be25-b9b7839cc9d3,210802914,Commune de Neuvizy (08),false,{08324},Commune,2026-03-24 14:41:53.095366+01,gold_establishments_2025,,,,21080291400015,2025,Collectivité Territoriale,Commune,['Ardennes'],['Grand Est'],COM,{08},{44}
f86068d5-b545-4572-af69-f16f3d4010d3,210302006,Commune de Neuvy (03),false,{03200},Commune,2026-03-24 14:41:52.020251+01,gold_establishments_2025,,,,21030200600015,2025,Collectivité Territoriale,Commune,['Allier'],['Auvergne-Rhône-Alpes'],COM,{03},{84}
ee7d4d7f-77a9-41ef-ac00-2ca7fd77f2ef,214101602,Commune de Neuvy (41),false,{41160},Commune,2026-03-24 14:42:00.273698+01,gold_establishments_2025,,,,21410160200016,2025,Collectivité Territoriale,Commune,['Loir-et-Cher'],['Centre-Val de Loire'],COM,{41},{24}
9451dc29-1963-43c9-9e66-c283398e7859,215103722,Commune de Neuvy (51),false,{51402},Commune,2026-03-24 14:42:01.954481+01,gold_establishments_2025,,,,21510372200017,2025,Collectivité Territoriale,Commune,['Marne'],['Grand Est'],COM,{51},{44}
70fe81e4-b338-4de9-b80b-0f70ba32a6fa,217901909,Commune de Neuvy-Bouin (79),false,{79190},Commune,2026-03-24 14:42:09.43682+01,gold_establishments_2025,,,,21790190900010,2025,Collectivité Territoriale,Commune,['Deux-Sèvres'],['Nouvelle-Aquitaine'],COM,{79},{75}
6d429cd0-a28e-4c08-ba77-c47f34c9adc9,211801634,Commune de Neuvy-Deux-Clochers (18),false,{18163},Commune,2026-03-24 14:41:54.903238+01,gold_establishments_2025,,,,21180163400018,2025,Collectivité Territoriale,Commune,['Cher'],['Centre-Val de Loire'],COM,{18},{24}
1594caad-095b-445b-8d16-fc946afd7a05,217103308,Commune de Neuvy-Grandchamp (71),false,{71330},Commune,2026-03-24 14:42:07.735343+01,gold_establishments_2025,,,,21710330800011,2025,Collectivité Territoriale,Commune,['Saône-et-Loire'],['Bourgogne-Franche-Comté'],COM,{71},{27}
24328923-0c9d-42bd-8661-3a59185407d3,213601404,Commune de Neuvy-Pailloux (36),false,{36140},Commune,2026-03-24 14:41:59.160244+01,gold_establishments_2025,,,,21360140400014,2025,Collectivité Territoriale,Commune,['Indre'],['Centre-Val de Loire'],COM,{36},{24}
557cb226-e706-4cd4-bfd0-15d98228668b,213601412,Commune de Neuvy-Saint-Sépulchre (36),false,{36141},Commune,2026-03-24 14:41:59.160244+01,gold_establishments_2025,,,,21360141200017,2025,Collectivité Territoriale,Commune,['Indre'],['Centre-Val de Loire'],COM,{36},{24}
9a642c80-0d53-48c2-88ca-89855a1d7e6c,218902765,Commune de Neuvy-Sautour (89),false,{89276},Commune,2026-03-24 14:42:11.659493+01,gold_establishments_2025,,,,21890276500013,2025,Collectivité Territoriale,Commune,['Yonne'],['Bourgogne-Franche-Comté'],COM,{89},{27}
26b23404-35b3-48bd-90cf-2766d5f4d036,216103085,Commune de Neuvy-au-Houlme (61),false,{61308},Commune,2026-03-24 14:42:05.597325+01,gold_establishments_2025,,,,21610308500017,2025,Collectivité Territoriale,Commune,['Orne'],['Normandie'],COM,{61},{28}
ebfa6d5b-b7db-4926-a853-0b4c431b6ea6,212802763,Commune de Neuvy-en-Beauce (nan),false,{28276},Commune,2026-03-24 14:41:57.028721+01,gold_establishments_2025,,,,21280276300012,2025,Collectivité Territoriale,Commune,[''],[''],COM,,
46ca5626-0072-4edc-8fe0-d814b1510656,212802771,Commune de Neuvy-en-Dunois (28),false,{28277},Commune,2026-03-24 14:41:57.028721+01,gold_establishments_2025,,,,21280277100015,2025,Collectivité Territoriale,Commune,['Eure-et-Loir'],['Centre-Val de Loire'],COM,{28},{24}
e0dce3ff-930c-44ab-bd6a-dcdb8250685f,214502262,Commune de Neuvy-en-Sullias (45),false,{45226},Commune,2026-03-24 14:42:00.862623+01,gold_establishments_2025,,,,21450226200071,2025,Collectivité Territoriale,Commune,['Loiret'],['Centre-Val de Loire'],COM,{45},{24}
5be16245-f55f-4ebd-bd83-0023ca6bec6d,211801642,Commune de Neuvy-le-Barrois (18),false,{18164},Commune,2026-03-24 14:41:54.903238+01,gold_establishments_2025,,,,21180164200011,2025,Collectivité Territoriale,Commune,['Cher'],['Centre-Val de Loire'],COM,{18},{24}
66f704dd-e7c0-4778-9924-3cc1c0b9a076,213701709,Commune de Neuvy-le-Roi (37),false,{37170},Commune,2026-03-24 14:41:59.160244+01,gold_establishments_2025,,,,21370170900015,2025,Collectivité Territoriale,Commune,['Indre-et-Loire'],['Centre-Val de Loire'],COM,{37},{24}
c6189c03-8f97-4871-8da7-59e4906d7d5c,211801659,Commune de Neuvy-sur-Barangeon (18),false,{18165},Commune,2026-03-24 14:41:54.903238+01,gold_establishments_2025,,,,21180165900015,2025,Collectivité Territoriale,Commune,['Cher'],['Centre-Val de Loire'],COM,{18},{24}
f93b2f24-4a80-45da-889b-8a7ca1ed1aa4,215801937,Commune de Neuvy-sur-Loire (58),false,{58193},Commune,2026-03-24 14:42:04.280096+01,gold_establishments_2025,,,,21580193700016,2025,Collectivité Territoriale,Commune,['Nièvre'],['Bourgogne-Franche-Comté'],COM,{58},{27}
c0a3b60a-62a9-427d-81ee-64076c782808,200065191,Commune de Neuvéglise-sur-Truyère (15),false,{15142},Commune,2026-03-24 14:41:54.362296+01,gold_establishments_2025,,,,20006519100013,2025,Collectivité Territoriale,Commune,['Cantal'],['Auvergne-Rhône-Alpes'],COM,{15},{84}
8d432fe5-6f7a-44bf-955f-f5f3595ed210,216802322,Commune de Neuwiller (68),false,{68232},Commune,2026-03-24 14:42:07.195692+01,gold_establishments_2025,,,,21680232200018,2025,Collectivité Territoriale,Commune,['Haut-Rhin'],['Grand Est'],COM,{68},{44}
4db90512-823f-4a3f-9b33-fbc37dcff15b,216703223,Commune de Neuwiller-lès-Saverne (67),false,{67322},Commune,2026-03-24 14:42:07.195692+01,gold_establishments_2025,,,,21670322300018,2025,Collectivité Territoriale,Commune,['Bas-Rhin'],['Grand Est'],COM,{67},{44}
a692c021-3fe0-49ab-9298-3c2cf3e3d4a7,215801945,Commune de Nevers (58),false,{58194},Commune,2026-03-24 14:42:04.280096+01,gold_establishments_2025,,,,21580194500019,2025,Collectivité Territoriale,Commune,['Nièvre'],['Bourgogne-Franche-Comté'],COM,{58},{27}
94a3c65d-9225-4c55-b522-fba86ab17966,214502270,Commune de Nevoy (45),false,{45227},Commune,2026-03-24 14:42:00.862623+01,gold_establishments_2025,,,,21450227000017,2025,Collectivité Territoriale,Commune,['Loiret'],['Centre-Val de Loire'],COM,{45},{24}
b8bb8d71-7917-4218-b758-3335a6832134,213903875,Commune de Nevy-lès-Dole (39),false,{39387},Commune,2026-03-24 14:41:59.705606+01,gold_establishments_2025,,,,21390387500010,2025,Collectivité Territoriale,Commune,['Jura'],['Bourgogne-Franche-Comté'],COM,{39},{27}
58d5e103-9054-48b6-b38d-2e8e38f65019,213903883,Commune de Nevy-sur-Seille (39),false,{39388},Commune,2026-03-24 14:41:59.705606+01,gold_establishments_2025,,,,21390388300014,2025,Collectivité Territoriale,Commune,['Jura'],['Bourgogne-Franche-Comté'],COM,{39},{27}
11707eef-7656-4ba2-bc88-c36fb5c5a43c,218710606,Commune de Nexon (87),false,{87106},Commune,2026-03-24 14:42:11.118516+01,gold_establishments_2025,,,,21871060600011,2025,Collectivité Territoriale,Commune,['Haute-Vienne'],['Nouvelle-Aquitaine'],COM,{87},{75}
223c34ce-8e1a-4103-a79c-0edb3f17c0d8,213903891,Commune de Ney (39),false,{39389},Commune,2026-03-24 14:41:59.705606+01,gold_establishments_2025,,,,21390389100017,2025,Collectivité Territoriale,Commune,['Jura'],['Bourgogne-Franche-Comté'],COM,{39},{27}
c3184bbf-912d-4533-8ef8-dae33f7776ce,217402015,Commune de Neydens (74),false,{74201},Commune,2026-03-24 14:42:08.818969+01,gold_establishments_2025,,,,21740201500010,2025,Collectivité Territoriale,Commune,['Haute-Savoie'],['Auvergne-Rhône-Alpes'],COM,{74},{84}
d918558b-037e-46f8-8ab1-ed34d802ade2,210102752,Commune de Neyron (01),false,{01275},Commune,2026-03-24 14:41:51.447482+01,gold_establishments_2025,,,,21010275200016,2025,Collectivité Territoriale,Commune,['Ain'],['Auvergne-Rhône-Alpes'],COM,{01},{84}
576f0e70-7829-46d4-8ee6-03089bcadd2c,215301656,Commune de Niafles (53),false,{53165},Commune,2026-03-24 14:42:02.957225+01,gold_establishments_2025,,,,21530165600017,2025,Collectivité Territoriale,Commune,['Mayenne'],['Pays de la Loire'],COM,{53},{52}
2ab9b3d7-b38d-40f5-8d31-6ac16cf30cc6,210902177,Commune de Niaux (09),false,{09217},Commune,2026-03-24 14:41:53.095366+01,gold_establishments_2025,,,,21090217700018,2025,Collectivité Territoriale,Commune,['Ariège'],['Occitanie'],COM,{09},{76}
9ba857f2-88ca-482f-84e7-82eabd0c6291,218005643,Commune de Nibas (80),false,{80597},Commune,2026-03-24 14:42:09.967209+01,gold_establishments_2025,,,,21800564300018,2025,Collectivité Territoriale,Commune,['Somme'],['Hauts-de-France'],COM,{80},{32}
533dd1d9-7109-438a-809e-a060b7f19606,214502288,Commune de Nibelle (45),false,{45228},Commune,2026-03-24 14:42:00.862623+01,gold_establishments_2025,,,,21450228800019,2025,Collectivité Territoriale,Commune,['Loiret'],['Centre-Val de Loire'],COM,{45},{24}
9b16bd20-5a9b-4031-8f19-522b7ee5091a,210401378,Commune de Nibles (04),false,{04137},Commune,2026-03-24 14:41:52.562531+01,gold_establishments_2025,,,,21040137800018,2025,Collectivité Territoriale,Commune,['Alpes-de-Haute-Provence'],"[""Provence-Alpes-Côte d'Azur""]",COM,{04},{93}
ab897b7b-8265-48ab-9e81-d0e583687d35,210600888,Commune de Nice (06),false,{06088},Commune,2026-03-24 14:41:52.562531+01,gold_establishments_2025,,,,21060088800015,2025,Collectivité Territoriale,Commune,['Alpes-Maritimes'],"[""Provence-Alpes-Côte d'Azur""]",COM,{06},{93}
dbb6d5e9-4eaa-4e5e-813e-e14f6f40a327,212104541,Commune de Nicey (21),false,{21454},Commune,2026-03-24 14:41:55.433389+01,gold_establishments_2025,,,,21210454100017,2025,Collectivité Territoriale,Commune,"[""Côte-d'Or""]",['Bourgogne-Franche-Comté'],COM,{21},{27}
4227325b-3643-4eba-b052-26e9cb1493a4,215503848,Commune de Nicey-sur-Aire (55),false,{55384},Commune,2026-03-24 14:42:03.701372+01,gold_establishments_2025,,,,21550384800016,2025,Collectivité Territoriale,Commune,['Meuse'],['Grand Est'],COM,{55},{44}
819e91d3-2438-4a6f-a11b-4847dffa041a,214701963,Commune de Nicole (47),false,{47196},Commune,2026-03-24 14:42:00.862623+01,gold_establishments_2025,,,,21470196300016,2025,Collectivité Territoriale,Commune,['Lot-et-Garonne'],['Nouvelle-Aquitaine'],COM,{47},{75}
43ecbd4f-e045-42ff-bb6d-2d7b545f6988,215003765,Commune de Nicorps (50),false,{50376},Commune,2026-03-24 14:42:01.412377+01,gold_establishments_2025,,,,21500376500017,2025,Collectivité Territoriale,Commune,['Manche'],['Normandie'],COM,{50},{28}
cb998121-a517-4c67-be62-cd66ef20a7a6,215705047,Commune de Niderhoff (57),false,{57504},Commune,2026-03-24 14:42:04.280096+01,gold_establishments_2025,,,,21570504700011,2025,Collectivité Territoriale,Commune,['Moselle'],['Grand Est'],COM,{57},{44}
6eff7d57-8628-4dc9-a1fe-3770798fca0f,215705054,Commune de Niderviller (57),false,{57505},Commune,2026-03-24 14:42:04.280096+01,gold_establishments_2025,,,,21570505400017,2025,Collectivité Territoriale,Commune,['Moselle'],['Grand Est'],COM,{57},{44}
01df91f8-c5ca-4752-a108-d6db811071ef,216703249,Commune de Niederbronn-les-Bains (67),false,{67324},Commune,2026-03-24 14:42:07.195692+01,gold_establishments_2025,,,,21670324900013,2025,Collectivité Territoriale,Commune,['Bas-Rhin'],['Grand Est'],COM,{67},{44}
dfb40008-249c-4ee3-89c7-08c8e4eb9fff,216802348,Commune de Niederentzen (68),false,{68234},Commune,2026-03-24 14:42:07.195692+01,gold_establishments_2025,,,,21680234800013,2025,Collectivité Territoriale,Commune,['Haut-Rhin'],['Grand Est'],COM,{68},{44}
d84ba162-df7c-467a-8662-da500c8a70ea,216703256,Commune de Niederhaslach (67),false,{67325},Commune,2026-03-24 14:42:07.195692+01,gold_establishments_2025,,,,21670325600018,2025,Collectivité Territoriale,Commune,['Bas-Rhin'],['Grand Est'],COM,{67},{44}
f0f4965c-acb9-46ab-ac4f-a89312824016,216703264,Commune de Niederhausbergen (67),false,{67326},Commune,2026-03-24 14:42:07.195692+01,gold_establishments_2025,,,,21670326400012,2025,Collectivité Territoriale,Commune,['Bas-Rhin'],['Grand Est'],COM,{67},{44}
8e3ba86f-a08b-4e93-a7bf-db9f9ea60c8c,216802355,Commune de Niederhergheim (68),false,{68235},Commune,2026-03-24 14:42:07.195692+01,gold_establishments_2025,,,,21680235500018,2025,Collectivité Territoriale,Commune,['Haut-Rhin'],['Grand Est'],COM,{68},{44}
0d3354ec-d733-4d69-a220-552fcb593745,216703272,Commune de Niederlauterbach (67),false,{67327},Commune,2026-03-24 14:42:07.195692+01,gold_establishments_2025,,,,21670327200015,2025,Collectivité Territoriale,Commune,['Bas-Rhin'],['Grand Est'],COM,{67},{44}
3303cd67-5efc-4180-abd7-f578f49faeb7,216703280,Commune de Niedermodern (67),false,{67328},Commune,2026-03-24 14:42:07.195692+01,gold_establishments_2025,,,,21670328000018,2025,Collectivité Territoriale,Commune,['Bas-Rhin'],['Grand Est'],COM,{67},{44}
698f886b-48b4-4e57-8c1d-75f9278a4218,216802371,Commune de Niedermorschwihr (68),false,{68237},Commune,2026-03-24 14:42:07.195692+01,gold_establishments_2025,,,,21680237100015,2025,Collectivité Territoriale,Commune,['Haut-Rhin'],['Grand Est'],COM,{68},{44}
d5376215-a938-4c6a-89bc-c2dfe2a4277d,216703298,Commune de Niedernai (67),false,{67329},Commune,2026-03-24 14:42:07.195692+01,gold_establishments_2025,,,,21670329800010,2025,Collectivité Territoriale,Commune,['Bas-Rhin'],['Grand Est'],COM,{67},{44}
a79bd858-3cec-4d86-aba8-b0abf476f93a,216703306,Commune de Niederrœdern (67),false,{67330},Commune,2026-03-24 14:42:07.195692+01,gold_establishments_2025,,,,21670330600011,2025,Collectivité Territoriale,Commune,['Bas-Rhin'],['Grand Est'],COM,{67},{44}
3b574faf-633d-49d2-9902-2ef1c1155f14,216703314,Commune de Niederschaeffolsheim (67),false,{67331},Commune,2026-03-24 14:42:07.195692+01,gold_establishments_2025,,,,21670331400015,2025,Collectivité Territoriale,Commune,['Bas-Rhin'],['Grand Est'],COM,{67},{44}
9ebba171-8bda-4fa7-9ad8-93902a947660,216703330,Commune de Niedersoultzbach (67),false,{67333},Commune,2026-03-24 14:42:07.195692+01,gold_establishments_2025,,,,21670333000045,2025,Collectivité Territoriale,Commune,['Bas-Rhin'],['Grand Est'],COM,{67},{44}
ace2ff92-34ba-475c-b0d9-843a412eca25,216703348,Commune de Niedersteinbach (67),false,{67334},Commune,2026-03-24 14:42:07.195692+01,gold_establishments_2025,,,,21670334800013,2025,Collectivité Territoriale,Commune,['Bas-Rhin'],['Grand Est'],COM,{67},{44}
741222d0-f4f1-4c06-bc0c-f56e7a55d189,215705062,Commune de Niederstinzel (57),false,{57506},Commune,2026-03-24 14:42:04.280096+01,gold_establishments_2025,,,,21570506200010,2025,Collectivité Territoriale,Commune,['Moselle'],['Grand Est'],COM,{57},{44}
aee72518-59a1-4d2f-8c59-c05ed49efed7,215705070,Commune de Niedervisse (57),false,{57507},Commune,2026-03-24 14:42:04.280096+01,gold_establishments_2025,,,,21570507000013,2025,Collectivité Territoriale,Commune,['Moselle'],['Grand Est'],COM,{57},{44}
723f1c6c-5cf6-4c14-897e-45761717e63b,216206144,Commune de Nielles-lès-Ardres (62),false,{62614},Commune,2026-03-24 14:42:05.597325+01,gold_establishments_2025,,,,21620614400018,2025,Collectivité Territoriale,Commune,['Pas-de-Calais'],['Hauts-de-France'],COM,{62},{32}
c7f0642d-f257-43df-80e1-922e90d7edff,216206136,Commune de Nielles-lès-Bléquin (62),false,{62613},Commune,2026-03-24 14:42:05.597325+01,gold_establishments_2025,,,,21620613600014,2025,Collectivité Territoriale,Commune,['Pas-de-Calais'],['Hauts-de-France'],COM,{62},{32}
93492c07-465d-4cc2-96b5-7e667b42d9e3,216206151,Commune de Nielles-lès-Calais (62),false,{62615},Commune,2026-03-24 14:42:05.597325+01,gold_establishments_2025,,,,21620615100013,2025,Collectivité Territoriale,Commune,['Pas-de-Calais'],['Hauts-de-France'],COM,{62},{32}
b90711a4-4f4d-41ee-ae29-9405029792ef,215904319,Commune de Nieppe (59),false,{59431},Commune,2026-03-24 14:42:04.280096+01,gold_establishments_2025,,,,21590431900013,2025,Collectivité Territoriale,Commune,['Nord'],['Hauts-de-France'],COM,{59},{32}
ac3b0817-54c6-49e2-98d0-925242303180,215904327,Commune de Niergnies (59),false,{59432},Commune,2026-03-24 14:42:04.280096+01,gold_establishments_2025,,,,21590432700016,2025,Collectivité Territoriale,Commune,['Nord'],['Hauts-de-France'],COM,{59},{32}
3821aadd-3340-421f-8898-1b27d20766f1,211501432,Commune de Nieudan (15),false,{15143},Commune,2026-03-24 14:41:54.362296+01,gold_establishments_2025,,,,21150143200010,2025,Collectivité Territoriale,Commune,['Cantal'],['Auvergne-Rhône-Alpes'],COM,{15},{84}
e240c57e-6659-42c2-938a-c2347add67da,211602453,Commune de Nieuil (16),false,{16245},Commune,2026-03-24 14:41:54.362296+01,gold_establishments_2025,,,,21160245300014,2025,Collectivité Territoriale,Commune,['Charente'],['Nouvelle-Aquitaine'],COM,{16},{75}
6a80a4ad-87dc-412a-a95b-516ac2c2d383,218601789,Commune de Nieuil-l'Espoir (86),false,{86178},Commune,2026-03-24 14:42:10.508772+01,gold_establishments_2025,,,,21860178900017,2025,Collectivité Territoriale,Commune,['Vienne'],['Nouvelle-Aquitaine'],COM,{86},{75}
201a0315-78cd-4eac-b340-6b16d61e015c,218710705,Commune de Nieul (87),false,{87107},Commune,2026-03-24 14:42:11.118516+01,gold_establishments_2025,,,,21871070500011,2025,Collectivité Territoriale,Commune,['Haute-Vienne'],['Nouvelle-Aquitaine'],COM,{87},{75}
95be0f99-c0bd-4328-aaa6-5a009065a660,218501617,Commune de Nieul-le-Dolent (85),false,{85161},Commune,2026-03-24 14:42:10.508772+01,gold_establishments_2025,,,,21850161700011,2025,Collectivité Territoriale,Commune,['Vendée'],['Pays de la Loire'],COM,{85},{52}
5b26b273-e86b-465e-be74-7b67f5685c96,211702634,Commune de Nieul-le-Virouil (17),false,{17263},Commune,2026-03-24 14:41:54.903238+01,gold_establishments_2025,,,,21170263400018,2025,Collectivité Territoriale,Commune,['Charente-Maritime'],['Nouvelle-Aquitaine'],COM,{17},{75}
4386e274-13cc-4a6e-8c30-667ca740dd24,211702626,Commune de Nieul-lès-Saintes (17),false,{17262},Commune,2026-03-24 14:41:54.903238+01,gold_establishments_2025,,,,21170262600014,2025,Collectivité Territoriale,Commune,['Charente-Maritime'],['Nouvelle-Aquitaine'],COM,{17},{75}
d9887bdd-6570-4fd8-80c4-6c91139e6491,211702642,Commune de Nieul-sur-Mer (17),false,{17264},Commune,2026-03-24 14:41:54.903238+01,gold_establishments_2025,,,,21170264200011,2025,Collectivité Territoriale,Commune,['Charente-Maritime'],['Nouvelle-Aquitaine'],COM,{17},{75}
7ceb7699-36c0-4365-bed8-49bbee14ca81,211702659,Commune de Nieulle-sur-Seudre (17),false,{17265},Commune,2026-03-24 14:41:54.903238+01,gold_establishments_2025,,,,21170265900015,2025,Collectivité Territoriale,Commune,['Charente-Maritime'],['Nouvelle-Aquitaine'],COM,{17},{75}
80776df3-bc54-4e5b-84c1-6382db0590f1,215904335,Commune de Nieurlet (59),false,{59433},Commune,2026-03-24 14:42:04.280096+01,gold_establishments_2025,,,,21590433500019,2025,Collectivité Territoriale,Commune,['Nord'],['Hauts-de-France'],COM,{59},{32}
816bd1d8-6e92-47df-a730-b83f158c5fae,216802389,Commune de Niffer (68),false,{68238},Commune,2026-03-24 14:42:07.195692+01,gold_establishments_2025,,,,21680238900017,2025,Collectivité Territoriale,Commune,['Haut-Rhin'],['Grand Est'],COM,{68},{44}
087fb0e7-b85e-42cb-b53f-3bde203508ca,213601420,Commune de Niherne (36),false,{36142},Commune,2026-03-24 14:41:59.160244+01,gold_establishments_2025,,,,21360142000010,2025,Collectivité Territoriale,Commune,['Indre'],['Centre-Val de Loire'],COM,{36},{24}
07159cab-a7ba-4cac-ab39-ab92dcec69a5,215705088,Commune de Nilvange (57),false,{57508},Commune,2026-03-24 14:42:04.280096+01,gold_establishments_2025,,,,21570508800015,2025,Collectivité Territoriale,Commune,['Moselle'],['Grand Est'],COM,{57},{44}
aa00b9ec-74df-46ed-a722-f2d6ae29b739,215203951,Commune de Ninville (52),false,{52352},Commune,2026-03-24 14:42:01.954481+01,gold_establishments_2025,,,,21520395100011,2025,Collectivité Territoriale,Commune,['Haute-Marne'],['Grand Est'],COM,{52},{44}
1c6bd902-9a95-4106-83f7-afce0ccb0a5d,217901917,Commune de Niort (79),false,{79191},Commune,2026-03-24 14:42:09.43682+01,gold_establishments_2025,,,,21790191700013,2025,Collectivité Territoriale,Commune,['Deux-Sèvres'],['Nouvelle-Aquitaine'],COM,{79},{75}
2c8701c8-0b8c-4ae3-8fbc-9e2cb74c8b88,211102652,Commune de Niort-de-Sault (11),false,{11265},Commune,2026-03-24 14:41:53.63825+01,gold_establishments_2025,,,,21110265200016,2025,Collectivité Territoriale,Commune,['Aude'],['Occitanie'],COM,{11},{76}
3705bf24-0e24-4e6f-a4c0-e58bf103af88,210401386,Commune de Niozelles (04),false,{04138},Commune,2026-03-24 14:41:52.562531+01,gold_establishments_2025,,,,21040138600011,2025,Collectivité Territoriale,Commune,['Alpes-de-Haute-Provence'],"[""Provence-Alpes-Côte d'Azur""]",COM,{04},{93}
eb31472b-fe11-436e-bb6e-cc8dc4a51a73,213401839,Commune de Nissan-lez-Enserune (34),false,{34183},Commune,2026-03-24 14:41:58.620411+01,gold_establishments_2025,,,,21340183900013,2025,Collectivité Territoriale,Commune,['Hérault'],['Occitanie'],COM,{34},{76}
66f15485-018d-4655-a95c-8437dd039d39,216503292,Commune de Nistos (65),false,{65329},Commune,2026-03-24 14:42:06.665412+01,gold_establishments_2025,,,,21650329200015,2025,Collectivité Territoriale,Commune,['Hautes-Pyrénées'],['Occitanie'],COM,{65},{76}
06e7e2dd-5eba-4dde-8a9a-bbc27c044140,218902773,Commune de Nitry (89),false,{89277},Commune,2026-03-24 14:42:11.659493+01,gold_establishments_2025,,,,21890277300017,2025,Collectivité Territoriale,Commune,['Yonne'],['Bourgogne-Franche-Comté'],COM,{89},{27}
d376aeb3-d286-4d40-9b7d-930ec08a0473,215705096,Commune de Nitting (57),false,{57509},Commune,2026-03-24 14:42:04.280096+01,gold_establishments_2025,,,,21570509600083,2025,Collectivité Territoriale,Commune,['Moselle'],['Grand Est'],COM,{57},{44}
d02a5f7d-cf39-4f82-a5ef-a9c23a27a643,215904343,Commune de Nivelle (59),false,{59434},Commune,2026-03-24 14:42:04.280096+01,gold_establishments_2025,,,,21590434300054,2025,Collectivité Territoriale,Commune,['Nord'],['Hauts-de-France'],COM,{59},{32}
6d3890e8-75ef-47a1-8d0b-f80cc34494a6,200062537,Commune de Nivigne et Suran (01),false,{01095},Commune,2026-03-24 14:41:51.447482+01,gold_establishments_2025,,,,20006253700010,2025,Collectivité Territoriale,Commune,['Ain'],['Auvergne-Rhône-Alpes'],COM,{01},{84}
30c4ee73-ee66-4ece-93f8-eef5bb1e2eef,215601477,Commune de Nivillac (56),false,{56147},Commune,2026-03-24 14:42:03.701372+01,gold_establishments_2025,,,,21560147700189,2025,Collectivité Territoriale,Commune,['Morbihan'],['Bretagne'],COM,{56},{53}
16e252a4-929f-47e0-b109-26183b525c02,216004564,Commune de Nivillers (60),false,{60461},Commune,2026-03-24 14:42:04.814328+01,gold_establishments_2025,,,,21600456400011,2025,Collectivité Territoriale,Commune,['Oise'],['Hauts-de-France'],COM,{60},{32}
ceb02863-3fb9-4446-a71e-dea42b86ebeb,213802762,Commune de Nivolas-Vermelle (38),false,{38276},Commune,2026-03-24 14:41:59.160244+01,gold_establishments_2025,,,,21380276200012,2025,Collectivité Territoriale,Commune,['Isère'],['Auvergne-Rhône-Alpes'],COM,{38},{84}
54c261a0-0756-4a67-9aae-359e82c038de,210102778,Commune de Nivollet-Montgriffon (01),false,{01277},Commune,2026-03-24 14:41:51.447482+01,gold_establishments_2025,,,,21010277800011,2025,Collectivité Territoriale,Commune,['Ain'],['Auvergne-Rhône-Alpes'],COM,{01},{84}
123dbc6c-7798-41a3-b92f-4bff2496a7d3,215503855,Commune de Nixéville-Blercourt (55),false,{55385},Commune,2026-03-24 14:42:03.701372+01,gold_establishments_2025,,,,21550385500011,2025,Collectivité Territoriale,Commune,['Meuse'],['Grand Est'],COM,{55},{44}
57e9944b-cee2-4590-9938-09510b707115,213103989,Commune de Nizan-Gesse (31),false,{31398},Commune,2026-03-24 14:41:58.09424+01,gold_establishments_2025,,,,21310398900017,2025,Collectivité Territoriale,Commune,['Haute-Garonne'],['Occitanie'],COM,{31},{76}
e6eaa0fc-2fda-45d2-a20e-f9fa58b7e7d4,213202955,Commune de Nizas (32),false,{32295},Commune,2026-03-24 14:41:58.09424+01,gold_establishments_2025,,,,21320295500018,2025,Collectivité Territoriale,Commune,['Gers'],['Occitanie'],COM,{32},{76}
5b4d1bcc-ab3d-4813-aa53-72d421aff5af,213401847,Commune de Nizas (34),false,{34184},Commune,2026-03-24 14:41:58.620411+01,gold_establishments_2025,,,,21340184700016,2025,Collectivité Territoriale,Commune,['Hérault'],['Occitanie'],COM,{34},{76}
ca7f1529-3eba-4d61-bdab-8b4ee31b0925,210302014,Commune de Nizerolles (03),false,{03201},Commune,2026-03-24 14:41:52.020251+01,gold_establishments_2025,,,,21030201400019,2025,Collectivité Territoriale,Commune,['Allier'],['Auvergne-Rhône-Alpes'],COM,{03},{84}
f4a20009-0f2a-4382-be7f-155a608c7b05,210205308,Commune de Nizy-le-Comte (02),false,{02553},Commune,2026-03-24 14:41:52.020251+01,gold_establishments_2025,,,,21020530800013,2025,Collectivité Territoriale,Commune,['Aisne'],['Hauts-de-France'],COM,{02},{32}
dc46965e-3a5c-4f69-9e1e-de5eb5f0dd3d,210102760,Commune de Niévroz (01),false,{01276},Commune,2026-03-24 14:41:51.447482+01,gold_establishments_2025,,,,21010276000019,2025,Collectivité Territoriale,Commune,['Ain'],['Auvergne-Rhône-Alpes'],COM,{01},{84}
bcc1279b-30a9-4381-a2f4-4398ab1b20d2,211915004,Commune de Noailhac (19),false,{19150},Commune,2026-03-24 14:41:54.903238+01,gold_establishments_2025,,,,21191500400017,2025,Collectivité Territoriale,Commune,['Corrèze'],['Nouvelle-Aquitaine'],COM,{19},{75}
e6581579-4a5d-4062-ac9a-14707d2894d2,218101962,Commune de Noailhac (81),false,{81196},Commune,2026-03-24 14:42:09.967209+01,gold_establishments_2025,,,,21810196200015,2025,Collectivité Territoriale,Commune,['Tarn'],['Occitanie'],COM,{81},{76}
c59497e8-d027-4953-b9e4-1fe2ba156902,213303068,Commune de Noaillac (33),false,{33306},Commune,2026-03-24 14:41:58.620411+01,gold_establishments_2025,,,,21330306800018,2025,Collectivité Territoriale,Commune,['Gironde'],['Nouvelle-Aquitaine'],COM,{33},{75}
4fcbf963-f93c-4257-896f-8f11c22d5dca,213303076,Commune de Noaillan (33),false,{33307},Commune,2026-03-24 14:41:58.620411+01,gold_establishments_2025,,,,21330307600011,2025,Collectivité Territoriale,Commune,['Gironde'],['Nouvelle-Aquitaine'],COM,{33},{75}
621ba18f-81b2-47a4-97d3-95a491f8d9ad,211915103,Commune de Noailles (19),false,{19151},Commune,2026-03-24 14:41:54.903238+01,gold_establishments_2025,,,,21191510300017,2025,Collectivité Territoriale,Commune,['Corrèze'],['Nouvelle-Aquitaine'],COM,{19},{75}
4d5a24ef-bccb-447b-8e66-d097a6026bab,216004572,Commune de Noailles (60),false,{60462},Commune,2026-03-24 14:42:04.814328+01,gold_establishments_2025,,,,21600457200014,2025,Collectivité Territoriale,Commune,['Oise'],['Hauts-de-France'],COM,{60},{32}
1c4ca574-c617-4818-acc0-6b34f3277deb,218101970,Commune de Noailles (81),false,{81197},Commune,2026-03-24 14:42:09.967209+01,gold_establishments_2025,,,,21810197000018,2025,Collectivité Territoriale,Commune,['Tarn'],['Occitanie'],COM,{81},{76}
a285bc33-c8e3-4d83-95bb-a1c14a1e2c99,214201576,Commune de Noailly (42),false,{42157},Commune,2026-03-24 14:42:00.273698+01,gold_establishments_2025,,,,21420157600011,2025,Collectivité Territoriale,Commune,['Loire'],['Auvergne-Rhône-Alpes'],COM,{42},{84}
6e109b0e-ccaa-4d55-bc02-153a2c47fbfa,214801060,Commune de Noalhac (48),false,{48106},Commune,2026-03-24 14:42:01.412377+01,gold_establishments_2025,,,,21480106000010,2025,Collectivité Territoriale,Commune,['Lozère'],['Occitanie'],COM,{48},{76}
2533c1fc-f5ba-4bc3-8c56-719fa44ad35c,216302539,Commune de Noalhat (63),false,{63253},Commune,2026-03-24 14:42:06.130387+01,gold_establishments_2025,,,,21630253900012,2025,Collectivité Territoriale,Commune,['Puy-de-Dôme'],['Auvergne-Rhône-Alpes'],COM,{63},{84}
d7e63e3e-3fb0-4c9f-8357-8c37d8c1b5e0,212704340,Commune de Noards (27),false,{27434},Commune,2026-03-24 14:41:57.028721+01,gold_establishments_2025,,,,21270434000018,2025,Collectivité Territoriale,Commune,['Eure'],['Normandie'],COM,{27},{28}
2dc35101-64b2-48b4-909a-057f36043202,212001762,Commune de Nocario (2B),false,{2B176},Commune,2026-03-24 14:41:57.56054+01,gold_establishments_2025,,,,21200176200013,2025,Collectivité Territoriale,Commune,['Haute-Corse'],['Corse'],COM,{2B},{94}
8bfb83a4-b29b-4487-a92b-ffc6d1e46dff,212001770,Commune de Noceta (2B),false,{2B177},Commune,2026-03-24 14:41:57.56054+01,gold_establishments_2025,,,,21200177000016,2025,Collectivité Territoriale,Commune,['Haute-Corse'],['Corse'],COM,{2B},{94}
45dc3421-c343-4f26-a6e9-ff0a3cd41566,217103316,Commune de Nochize (71),false,{71331},Commune,2026-03-24 14:42:07.735343+01,gold_establishments_2025,,,,21710331600014,2025,Collectivité Territoriale,Commune,['Saône-et-Loire'],['Bourgogne-Franche-Comté'],COM,{71},{27}
c4f1abcd-3ed0-4690-a1ce-725d3dd9f95d,212104558,Commune de Nod-sur-Seine (21),false,{21455},Commune,2026-03-24 14:41:55.433389+01,gold_establishments_2025,,,,21210455800011,2025,Collectivité Territoriale,Commune,"[""Côte-d'Or""]",['Bourgogne-Franche-Comté'],COM,{21},{27}
b6976d7c-c8b4-403b-960e-c4215ae56ca2,213104003,Commune de Nogaret (31),false,{31400},Commune,2026-03-24 14:41:58.09424+01,gold_establishments_2025,,,,21310400300016,2025,Collectivité Territoriale,Commune,['Haute-Garonne'],['Occitanie'],COM,{31},{76}
6523bf31-4be4-4b07-96b1-bc7ff8f96c02,213202963,Commune de Nogaro (32),false,{32296},Commune,2026-03-24 14:41:58.09424+01,gold_establishments_2025,,,,21320296300012,2025,Collectivité Territoriale,Commune,['Gers'],['Occitanie'],COM,{32},{76}
750aae9d-9864-4871-b5ec-cb5edc7883f2,215202532,Commune de Nogent (52),false,{52353},Commune,2026-03-24 14:42:01.954481+01,gold_establishments_2025,,,,21520253200010,2025,Collectivité Territoriale,Commune,['Haute-Marne'],['Grand Est'],COM,{52},{44}
2faf080b-4dc9-481f-be9b-ebf48158b25c,211002589,Commune de Nogent-en-Othe (10),false,{10266},Commune,2026-03-24 14:41:53.095366+01,gold_establishments_2025,,,,21100258900011,2025,Collectivité Territoriale,Commune,['Aube'],['Grand Est'],COM,{10},{44}
220dd80d-ca40-43c8-93e4-0c75040d5659,215103730,Commune de Nogent-l'Abbesse (51),false,{51403},Commune,2026-03-24 14:42:01.954481+01,gold_establishments_2025,,,,21510373000010,2025,Collectivité Territoriale,Commune,['Marne'],['Grand Est'],COM,{51},{44}
c298f765-20d3-4327-bbb9-56204787680e,210205324,Commune de Nogent-l'Artaud (02),false,{02555},Commune,2026-03-24 14:41:52.020251+01,gold_establishments_2025,,,,21020532400010,2025,Collectivité Territoriale,Commune,['Aisne'],['Hauts-de-France'],COM,{02},{32}
bdc2aa05-19a0-4e3c-9581-0ec9f75d61e2,217202209,Commune de Nogent-le-Bernard (72),false,{72220},Commune,2026-03-24 14:42:08.279287+01,gold_establishments_2025,,,,21720220900011,2025,Collectivité Territoriale,Commune,['Sarthe'],['Pays de la Loire'],COM,{72},{52}
9242b153-5ac4-4bfe-8a8c-0ac37c8f7982,212802789,Commune de Nogent-le-Phaye (28),false,{28278},Commune,2026-03-24 14:41:57.028721+01,gold_establishments_2025,,,,21280278900017,2025,Collectivité Territoriale,Commune,['Eure-et-Loir'],['Centre-Val de Loire'],COM,{28},{24}
2ad75108-0169-4600-90bd-70c6a42d063c,212802797,Commune de Nogent-le-Roi (28),false,{28279},Commune,2026-03-24 14:41:57.028721+01,gold_establishments_2025,,,,21280279700010,2025,Collectivité Territoriale,Commune,['Eure-et-Loir'],['Centre-Val de Loire'],COM,{28},{24}
1d58bfa8-df0d-4091-bd2a-01c73ceedaa7,212802805,Commune de Nogent-le-Rotrou (28),false,{28280},Commune,2026-03-24 14:41:57.028721+01,gold_establishments_2025,,,,21280280500011,2025,Collectivité Territoriale,Commune,['Eure-et-Loir'],['Centre-Val de Loire'],COM,{28},{24}
5549e736-d2cc-478c-a3c7-a68decbc81dd,212704365,Commune de Nogent-le-Sec (27),false,{27436},Commune,2026-03-24 14:41:57.028721+01,gold_establishments_2025,,,,21270436500015,2025,Collectivité Territoriale,Commune,['Eure'],['Normandie'],COM,{27},{28}
59b67519-26aa-4ce7-95ef-03f883776e04,212104566,Commune de Nogent-lès-Montbard (21),false,{21456},Commune,2026-03-24 14:41:55.433389+01,gold_establishments_2025,,,,21210456600014,2025,Collectivité Territoriale,Commune,"[""Côte-d'Or""]",['Bourgogne-Franche-Comté'],COM,{21},{27}
9903fd9f-5254-419b-96a6-38fde62be8f6,211002597,Commune de Nogent-sur-Aube (10),false,{10267},Commune,2026-03-24 14:41:53.095366+01,gold_establishments_2025,,,,21100259700014,2025,Collectivité Territoriale,Commune,['Aube'],['Grand Est'],COM,{10},{44}
522dc540-0cac-4a0b-85b4-8d2a19093d19,212802813,Commune de Nogent-sur-Eure (28),false,{28281},Commune,2026-03-24 14:41:57.028721+01,gold_establishments_2025,,,,21280281300015,2025,Collectivité Territoriale,Commune,['Eure-et-Loir'],['Centre-Val de Loire'],COM,{28},{24}
688d0404-4d5b-493b-a177-dd6f0bb9ac1d,217202217,Commune de Nogent-sur-Loir (72),false,{72221},Commune,2026-03-24 14:42:08.279287+01,gold_establishments_2025,,,,21720221700014,2025,Collectivité Territoriale,Commune,['Sarthe'],['Pays de la Loire'],COM,{72},{52}
c8da0969-903f-4261-ac64-c03b96249f6a,219400520,Commune de Nogent-sur-Marne (94),false,{94052},Commune,2026-03-24 14:42:11.659493+01,gold_establishments_2025,,,,21940052000017,2025,Collectivité Territoriale,Commune,['Val-de-Marne'],['Île-de-France'],COM,{94},{11}
2fbd00fa-b43d-4f2f-9aa7-be7e0df83a8c,216004580,Commune de Nogent-sur-Oise (60),false,{60463},Commune,2026-03-24 14:42:04.814328+01,gold_establishments_2025,,,,21600458000017,2025,Collectivité Territoriale,Commune,['Oise'],['Hauts-de-France'],COM,{60},{32}
5e51649b-d164-4837-b7dd-3d28ca8f35d8,211002605,Commune de Nogent-sur-Seine (10),false,{10268},Commune,2026-03-24 14:41:53.095366+01,gold_establishments_2025,,,,21100260500015,2025,Collectivité Territoriale,Commune,['Aube'],['Grand Est'],COM,{10},{44}
7cc9f28d-5618-455e-a45f-8d49f2acf019,214502296,Commune de Nogent-sur-Vernisson (45),false,{45229},Commune,2026-03-24 14:42:00.862623+01,gold_establishments_2025,,,,21450229600012,2025,Collectivité Territoriale,Commune,['Loiret'],['Centre-Val de Loire'],COM,{45},{24}
ca1218ca-81df-4480-8c8d-98dba43f2462,210205316,Commune de Nogentel (02),false,{02554},Commune,2026-03-24 14:41:52.020251+01,gold_establishments_2025,,,,21020531600016,2025,Collectivité Territoriale,Commune,['Aisne'],['Hauts-de-France'],COM,{02},{32}
ed0c81a5-b61c-459a-b9a8-12a4d6ab90d1,213903909,Commune de Nogna (39),false,{39390},Commune,2026-03-24 14:41:59.705606+01,gold_establishments_2025,,,,21390390900017,2025,Collectivité Territoriale,Commune,['Jura'],['Bourgogne-Franche-Comté'],COM,{39},{27}
f9c32717-d7ed-445c-bec7-0079fcbebd6c,216404186,Commune de Noguères (64),false,{64418},Commune,2026-03-24 14:42:06.665412+01,gold_establishments_2025,,,,21640418600019,2025,Collectivité Territoriale,Commune,['Pyrénées-Atlantiques'],['Nouvelle-Aquitaine'],COM,{64},{75}
cf97e2a7-bca9-4e13-a2db-f83af8584f0a,216302547,Commune de Nohanent (63),false,{63254},Commune,2026-03-24 14:42:06.130387+01,gold_establishments_2025,,,,21630254700015,2025,Collectivité Territoriale,Commune,['Puy-de-Dôme'],['Auvergne-Rhône-Alpes'],COM,{63},{84}
646c9eaf-69b1-4e34-a304-5eda7c182c5c,213601438,Commune de Nohant-Vic (36),false,{36143},Commune,2026-03-24 14:41:59.160244+01,gold_establishments_2025,,,,21360143800012,2025,Collectivité Territoriale,Commune,['Indre'],['Centre-Val de Loire'],COM,{36},{24}
88499ae8-04b9-4f9e-8d6d-f59f2559ebb3,211801667,Commune de Nohant-en-Goût (18),false,{18166},Commune,2026-03-24 14:41:54.903238+01,gold_establishments_2025,,,,21180166700018,2025,Collectivité Territoriale,Commune,['Cher'],['Centre-Val de Loire'],COM,{18},{24}
7cb4ddfd-d57b-47fb-a89b-881dbfc4229a,211801675,Commune de Nohant-en-Graçay (18),false,{18167},Commune,2026-03-24 14:41:54.903238+01,gold_establishments_2025,,,,21180167500011,2025,Collectivité Territoriale,Commune,['Cher'],['Centre-Val de Loire'],COM,{18},{24}
f794ae84-0359-4676-8b37-c89abba23710,218201358,Commune de Nohic (82),false,{82135},Commune,2026-03-24 14:42:10.508772+01,gold_establishments_2025,,,,21820135800015,2025,Collectivité Territoriale,Commune,['Tarn-et-Garonne'],['Occitanie'],COM,{82},{76}
b3905f94-999c-4bb7-bcf8-8e01858b413e,216601229,Commune de Nohèdes (66),false,{66122},Commune,2026-03-24 14:42:06.665412+01,gold_establishments_2025,,,,21660122900018,2025,Collectivité Territoriale,Commune,['Pyrénées-Orientales'],['Occitanie'],COM,{66},{76}
af2cae02-ac4e-46d5-a000-aee425cbe92a,212104574,Commune de Noidan (21),false,{21457},Commune,2026-03-24 14:41:55.433389+01,gold_establishments_2025,,,,21210457400018,2025,Collectivité Territoriale,Commune,"[""Côte-d'Or""]",['Bourgogne-Franche-Comté'],COM,{21},{27}
1753291b-e623-4734-b833-92413db0b504,217003870,Commune de Noidans-le-Ferroux (70),false,{70387},Commune,2026-03-24 14:42:07.735343+01,gold_establishments_2025,,,,21700387000011,2025,Collectivité Territoriale,Commune,['Haute-Saône'],['Bourgogne-Franche-Comté'],COM,{70},{27}
805a929d-9863-4c30-9c4b-777626327853,217003888,Commune de Noidans-lès-Vesoul (70),false,{70388},Commune,2026-03-24 14:42:07.735343+01,gold_establishments_2025,,,,21700388800013,2025,Collectivité Territoriale,Commune,['Haute-Saône'],['Bourgogne-Franche-Comté'],COM,{70},{27}
5c4d3519-4eaf-44c6-a9b1-f154ae1cfacd,215204322,Commune de Noidant-Chatenoy (52),false,{52354},Commune,2026-03-24 14:42:01.954481+01,gold_establishments_2025,,,,21520432200014,2025,Collectivité Territoriale,Commune,['Haute-Marne'],['Grand Est'],COM,{52},{44}
ebe0e227-0527-42ed-9de1-48cf0867bba1,215202540,Commune de Noidant-le-Rocheux (52),false,{52355},Commune,2026-03-24 14:42:01.954481+01,gold_establishments_2025,,,,21520254000013,2025,Collectivité Territoriale,Commune,['Haute-Marne'],['Grand Est'],COM,{52},{44}
90c60a04-a51c-49ee-b68d-061dd1138d22,213202971,Commune de Noilhan (32),false,{32297},Commune,2026-03-24 14:41:58.09424+01,gold_establishments_2025,,,,21320297100015,2025,Collectivité Territoriale,Commune,['Gers'],['Occitanie'],COM,{32},{76}
a4dcf6c6-409c-4069-8a1e-fb58a4730706,216004598,Commune de Nointel (60),false,{60464},Commune,2026-03-24 14:42:04.814328+01,gold_establishments_2025,,,,21600459800019,2025,Collectivité Territoriale,Commune,['Oise'],['Hauts-de-France'],COM,{60},{32}
9b3393c0-b1ad-4af3-90d4-770f70849def,219504529,Commune de Nointel (95),false,{95452},Commune,2026-03-24 14:42:11.659493+01,gold_establishments_2025,,,,21950452900013,2025,Collectivité Territoriale,Commune,"[""Val-d'Oise""]",['Île-de-France'],COM,{95},{11}
3f3219b1-32e6-4287-b0f8-57c3484143ba,217604685,Commune de Nointot (76),false,{76468},Commune,2026-03-24 14:42:08.818969+01,gold_establishments_2025,,,,21760468500016,2025,Collectivité Territoriale,Commune,['Seine-Maritime'],['Normandie'],COM,{76},{28}
c3927a33-7b9e-4c01-abc4-7a80cae4c923,210205332,Commune de Noircourt (02),false,{02556},Commune,2026-03-24 14:41:52.020251+01,gold_establishments_2025,,,,21020533200013,2025,Collectivité Territoriale,Commune,['Aisne'],['Hauts-de-France'],COM,{02},{32}
3bdb7068-6880-48a4-81fe-9447522226e3,212504260,Commune de Noirefontaine (25),false,{25426},Commune,2026-03-24 14:41:56.495197+01,gold_establishments_2025,,,,21250426000010,2025,Collectivité Territoriale,Commune,['Doubs'],['Bourgogne-Franche-Comté'],COM,{25},{27}
bbbd0be4-f7ad-42e3-b736-65fa0d0f247c,215103748,Commune de Noirlieu (51),false,{51404},Commune,2026-03-24 14:42:01.954481+01,gold_establishments_2025,,,,21510374800012,2025,Collectivité Territoriale,Commune,['Marne'],['Grand Est'],COM,{51},{44}
364cde6d-eef6-4ebc-906b-a047a7b6ed00,218501633,Commune de Noirmoutier-en-l'Île (85),false,{85163},Commune,2026-03-24 14:42:10.508772+01,gold_establishments_2025,,,,21850163300018,2025,Collectivité Territoriale,Commune,['Vendée'],['Pays de la Loire'],COM,{85},{52}
edb84c95-dbec-4810-bbb5-408b398bcbd6,217003896,Commune de Noiron (70),false,{70389},Commune,2026-03-24 14:42:07.735343+01,gold_establishments_2025,,,,21700389600016,2025,Collectivité Territoriale,Commune,['Haute-Saône'],['Bourgogne-Franche-Comté'],COM,{70},{27}
67653779-3e8c-43e1-8b4b-edb780794716,212104582,Commune de Noiron-sous-Gevrey (21),false,{21458},Commune,2026-03-24 14:41:55.433389+01,gold_establishments_2025,,,,21210458200011,2025,Collectivité Territoriale,Commune,"[""Côte-d'Or""]",['Bourgogne-Franche-Comté'],COM,{21},{27}
a148802e-4fc7-4e32-a38e-bef8d9fc3e60,212104590,Commune de Noiron-sur-Bèze (21),false,{21459},Commune,2026-03-24 14:41:55.433389+01,gold_establishments_2025,,,,21210459000014,2025,Collectivité Territoriale,Commune,"[""Côte-d'Or""]",['Bourgogne-Franche-Comté'],COM,{21},{27}
de348e16-d99f-45c8-9f31-69d0d7fe2b0c,212104608,Commune de Noiron-sur-Seine (21),false,{21460},Commune,2026-03-24 14:41:55.433389+01,gold_establishments_2025,,,,21210460800014,2025,Collectivité Territoriale,Commune,"[""Côte-d'Or""]",['Bourgogne-Franche-Comté'],COM,{21},{27}
1eb911f0-a1b1-4af9-8675-1383c4ba641b,212504278,Commune de Noironte (25),false,{25427},Commune,2026-03-24 14:41:56.495197+01,gold_establishments_2025,,,,21250427800012,2025,Collectivité Territoriale,Commune,['Doubs'],['Bourgogne-Franche-Comté'],COM,{25},{27}
b0053327-92b4-440e-998a-f6523525ea91,210802922,Commune de Noirval (08),false,{08325},Commune,2026-03-24 14:41:53.095366+01,gold_establishments_2025,,,,21080292200018,2025,Collectivité Territoriale,Commune,['Ardennes'],['Grand Est'],COM,{08},{44}
c572dc1f-7004-4343-a184-2947b6785972,216004606,Commune de Noirémont (60),false,{60465},Commune,2026-03-24 14:42:04.814328+01,gold_establishments_2025,,,,21600460600010,2025,Collectivité Territoriale,Commune,['Oise'],['Hauts-de-France'],COM,{60},{32}
99e50f40-d08f-4360-bf7b-9bba62b77017,214201592,Commune de Noirétable (42),false,{42159},Commune,2026-03-24 14:42:00.273698+01,gold_establishments_2025,,,,21420159200018,2025,Collectivité Territoriale,Commune,['Loire'],['Auvergne-Rhône-Alpes'],COM,{42},{84}
2deac363-bab6-4e9a-800c-d22f98869608,219400538,Commune de Noiseau (94),false,{94053},Commune,2026-03-24 14:42:11.659493+01,gold_establishments_2025,,,,21940053800076,2025,Collectivité Territoriale,Commune,['Val-de-Marne'],['Île-de-France'],COM,{94},{11}
b97f91e4-903f-4412-a31f-79fd7f1e2d66,217703370,Commune de Noisiel (77),false,{77337},Commune,2026-03-24 14:42:09.43682+01,gold_establishments_2025,,,,21770337000015,2025,Collectivité Territoriale,Commune,['Seine-et-Marne'],['Île-de-France'],COM,{77},{11}
3681487c-7d5f-43a1-aa55-0c854a0ea486,215705104,Commune de Noisseville (57),false,{57510},Commune,2026-03-24 14:42:04.280096+01,gold_establishments_2025,,,,21570510400010,2025,Collectivité Territoriale,Commune,['Moselle'],['Grand Est'],COM,{57},{44}
438009b5-5804-421d-9f4c-43ee4758c0f4,217703388,Commune de Noisy-Rudignon (77),false,{77338},Commune,2026-03-24 14:42:09.43682+01,gold_establishments_2025,,,,21770338800017,2025,Collectivité Territoriale,Commune,['Seine-et-Marne'],['Île-de-France'],COM,{77},{11}
b858437b-c5fc-4eb9-b8fe-6848f7e26a41,219300514,Commune de Noisy-le-Grand (93),false,{93051},Commune,2026-03-24 14:42:11.659493+01,gold_establishments_2025,,,,21930051400011,2025,Collectivité Territoriale,Commune,['Seine-Saint-Denis'],['Île-de-France'],COM,{93},{11}
724bdea3-2fe1-4eeb-bfd5-304f7e4eac9e,217804558,Commune de Noisy-le-Roi (78),false,{78455},Commune,2026-03-24 14:42:09.43682+01,gold_establishments_2025,,,,21780455800013,2025,Collectivité Territoriale,Commune,['Yvelines'],['Île-de-France'],COM,{78},{11}
8b6ead01-5b8a-4d1d-b4f9-1e6ae093208f,219300530,Commune de Noisy-le-Sec (93),false,{93053},Commune,2026-03-24 14:42:11.659493+01,gold_establishments_2025,,,,21930053000017,2025,Collectivité Territoriale,Commune,['Seine-Saint-Denis'],['Île-de-France'],COM,{93},{11}
ac13859a-8e83-498d-9195-82bed45344dc,219504560,Commune de Noisy-sur-Oise (95),false,{95456},Commune,2026-03-24 14:42:11.659493+01,gold_establishments_2025,,,,21950456000018,2025,Collectivité Territoriale,Commune,"[""Val-d'Oise""]",['Île-de-France'],COM,{95},{11}
c20835d8-ef9c-4b61-a944-fe39ef4d48a9,217703396,Commune de Noisy-sur-École (77),false,{77339},Commune,2026-03-24 14:42:09.43682+01,gold_establishments_2025,,,,21770339600010,2025,Collectivité Territoriale,Commune,['Seine-et-Marne'],['Île-de-France'],COM,{77},{11}
16db8e32-6298-4d98-8c67-8aa1b7e7e3b4,213701717,Commune de Noizay (37),false,{37171},Commune,2026-03-24 14:41:59.160244+01,gold_establishments_2025,,,,21370171700018,2025,Collectivité Territoriale,Commune,['Indre-et-Loire'],['Centre-Val de Loire'],COM,{37},{24}
f8c93569-30d2-4aee-9079-fd120d09a31e,212704373,Commune de Nojeon-en-Vexin (27),false,{27437},Commune,2026-03-24 14:41:57.028721+01,gold_establishments_2025,,,,21270437300019,2025,Collectivité Territoriale,Commune,['Eure'],['Normandie'],COM,{27},{28}
3efb906e-152f-4801-9987-8fddb2cc205d,212104616,Commune de Nolay (21),false,{21461},Commune,2026-03-24 14:41:55.433389+01,gold_establishments_2025,,,,21210461600017,2025,Collectivité Territoriale,Commune,"[""Côte-d'Or""]",['Bourgogne-Franche-Comté'],COM,{21},{27}
6f30e66c-ff61-46f7-8652-cce5aebed222,215801960,Commune de Nolay (58),false,{58196},Commune,2026-03-24 14:42:04.280096+01,gold_establishments_2025,,,,21580196000018,2025,Collectivité Territoriale,Commune,['Nièvre'],['Bourgogne-Franche-Comté'],COM,{58},{27}
5b2f12a3-78d4-46b2-8c05-70ef3c4df0f4,214201600,Commune de Nollieux (42),false,{42160},Commune,2026-03-24 14:42:00.273698+01,gold_establishments_2025,,,,21420160000019,2025,Collectivité Territoriale,Commune,['Loire'],['Auvergne-Rhône-Alpes'],COM,{42},{84}
2d5a6a2e-008d-46e3-9bea-a514ab19a2f4,217604693,Commune de Nolléval (76),false,{76469},Commune,2026-03-24 14:42:08.818969+01,gold_establishments_2025,,,,21760469300010,2025,Collectivité Territoriale,Commune,['Seine-Maritime'],['Normandie'],COM,{76},{28}
c9270853-05db-4c81-b3b1-321792be781a,215904350,Commune de Nomain (59),false,{59435},Commune,2026-03-24 14:42:04.280096+01,gold_establishments_2025,,,,21590435000034,2025,Collectivité Territoriale,Commune,['Nord'],['Hauts-de-France'],COM,{59},{32}
5bc2aaa2-ce8e-4824-8f61-02b465f7f0d5,214701971,Commune de Nomdieu (47),false,{47197},Commune,2026-03-24 14:42:00.862623+01,gold_establishments_2025,,,,21470197100019,2025,Collectivité Territoriale,Commune,['Lot-et-Garonne'],['Nouvelle-Aquitaine'],COM,{47},{75}
2f2891d6-c40c-4c2a-bf2f-5f7acc211008,215404005,Commune de Nomeny (54),false,{54400},Commune,2026-03-24 14:42:02.957225+01,gold_establishments_2025,,,,21540400500013,2025,Collectivité Territoriale,Commune,['Meurthe-et-Moselle'],['Grand Est'],COM,{54},{44}
dc2e1351-0e65-47af-a5e4-e59511d9be08,218803278,Commune de Nomexy (88),false,{88327},Commune,2026-03-24 14:42:11.118516+01,gold_establishments_2025,,,,21880327800017,2025,Collectivité Territoriale,Commune,['Vosges'],['Grand Est'],COM,{88},{44}
88d8659e-30d6-4346-b57a-f91175d78d23,212504286,Commune de Nommay (25),false,{25428},Commune,2026-03-24 14:41:56.495197+01,gold_establishments_2025,,,,21250428600015,2025,Collectivité Territoriale,Commune,['Doubs'],['Bourgogne-Franche-Comté'],COM,{25},{27}
568e8383-f5ce-4487-be66-12368063bdba,218803286,Commune de Nompatelize (88),false,{88328},Commune,2026-03-24 14:42:11.118516+01,gold_establishments_2025,,,,21880328600010,2025,Collectivité Territoriale,Commune,['Vosges'],['Grand Est'],COM,{88},{44}
e278cbf7-e31f-4a74-b7eb-cb4d9853eea4,215202557,Commune de Nomécourt (52),false,{52356},Commune,2026-03-24 14:42:01.954481+01,gold_establishments_2025,,,,21520255700017,2025,Collectivité Territoriale,Commune,['Haute-Marne'],['Grand Est'],COM,{52},{44}
8d48328b-0e8e-416f-9e59-5d9423f00113,211602461,Commune de Nonac (16),false,{16246},Commune,2026-03-24 14:41:54.362296+01,gold_establishments_2025,,,,21160246100017,2025,Collectivité Territoriale,Commune,['Charente'],['Nouvelle-Aquitaine'],COM,{16},{75}
20023df5-1e47-42c7-908c-96a12c19aee0,212704381,Commune de Nonancourt (27),false,{27438},Commune,2026-03-24 14:41:57.028721+01,gold_establishments_2025,,,,21270438100012,2025,Collectivité Territoriale,Commune,['Eure'],['Normandie'],COM,{27},{28}
ffc85e9c-fa57-4dfb-9dd9-09e42082cc80,211404652,Commune de Nonant (14),false,{14465},Commune,2026-03-24 14:41:54.362296+01,gold_establishments_2025,,,,21140465200011,2025,Collectivité Territoriale,Commune,['Calvados'],['Normandie'],COM,{14},{28}
afda6e39-5820-487c-8aa0-4a6a0a13b258,216103101,Commune de Nonant-le-Pin (nan),false,{61310},Commune,2026-03-24 14:42:05.597325+01,gold_establishments_2025,,,,21610310100012,2025,Collectivité Territoriale,Commune,[''],[''],COM,,
61df45df-c782-486b-8a16-d59d839bd81e,211915202,Commune de Nonards (19),false,{19152},Commune,2026-03-24 14:41:54.903238+01,gold_establishments_2025,,,,21191520200017,2025,Collectivité Territoriale,Commune,['Corrèze'],['Nouvelle-Aquitaine'],COM,{19},{75}
009cc3aa-e29c-472b-b29d-ac1a19f26aa9,215202565,Commune de Noncourt-sur-le-Rongeant (52),false,{52357},Commune,2026-03-24 14:42:01.954481+01,gold_establishments_2025,,,,21520256500010,2025,Collectivité Territoriale,Commune,['Haute-Marne'],['Grand Est'],COM,{52},{44}
e2121607-ac3f-48c4-b212-ab8af5d6bbb8,200053155,Commune de Nonette-Orsonnette (63),false,{63255},Commune,2026-03-24 14:42:06.130387+01,gold_establishments_2025,,,,20005315500012,2025,Collectivité Territoriale,Commune,['Puy-de-Dôme'],['Auvergne-Rhône-Alpes'],COM,{63},{84}
bd081fe7-1874-467b-a82e-8d568b7c0b64,217402023,Commune de Nonglard (74),false,{74202},Commune,2026-03-24 14:42:08.818969+01,gold_establishments_2025,,,,21740202300014,2025,Collectivité Territoriale,Commune,['Haute-Savoie'],['Auvergne-Rhône-Alpes'],COM,{74},{84}
7cf62105-f112-4620-a866-3d4376b96bce,215404013,Commune de Nonhigny (54),false,{54401},Commune,2026-03-24 14:42:02.957225+01,gold_establishments_2025,,,,21540401300017,2025,Collectivité Territoriale,Commune,['Meurthe-et-Moselle'],['Grand Est'],COM,{54},{44}
8619006b-00da-45bc-bb38-d941039b75c7,215508458,Commune de Nonsard-Lamarche (55),false,{55386},Commune,2026-03-24 14:42:03.701372+01,gold_establishments_2025,,,,21550845800019,2025,Collectivité Territoriale,Commune,['Meuse'],['Grand Est'],COM,{55},{44}
aa4690bd-e4e8-4deb-ae49-ee9db1ca784c,212403117,Commune de Nontron (24),false,{24311},Commune,2026-03-24 14:41:55.958138+01,gold_establishments_2025,,,,21240311700014,2025,Collectivité Territoriale,Commune,['Dordogne'],['Nouvelle-Aquitaine'],COM,{24},{75}
4b4323c4-c948-47e4-a044-11ddac665440,217703404,Commune de Nonville (77),false,{77340},Commune,2026-03-24 14:42:09.43682+01,gold_establishments_2025,,,,21770340400012,2025,Collectivité Territoriale,Commune,['Seine-et-Marne'],['Île-de-France'],COM,{77},{11}
36c66ebd-5d59-4a16-ade3-87a700a29076,218803302,Commune de Nonville (88),false,{88330},Commune,2026-03-24 14:42:11.118516+01,gold_establishments_2025,,,,21880330200015,2025,Collectivité Territoriale,Commune,['Vosges'],['Grand Est'],COM,{88},{44}
35dd09ca-db6a-444d-a37b-661286b63b81,212802821,Commune de Nonvilliers-Grandhoux (28),false,{28282},Commune,2026-03-24 14:41:57.028721+01,gold_establishments_2025,,,,21280282100018,2025,Collectivité Territoriale,Commune,['Eure-et-Loir'],['Centre-Val de Loire'],COM,{28},{24}
67b4f4a0-9da3-47a9-8868-cee290cbbfcf,212001788,Commune de Nonza (2B),false,{2B178},Commune,2026-03-24 14:41:57.56054+01,gold_establishments_2025,,,,21200178800018,2025,Collectivité Territoriale,Commune,['Haute-Corse'],['Corse'],COM,{2B},{94}
7c9bc9cf-aab7-4932-8beb-744eb416dabc,218803310,Commune de Nonzeville (88),false,{88331},Commune,2026-03-24 14:42:11.118516+01,gold_establishments_2025,,,,21880331000018,2025,Collectivité Territoriale,Commune,['Vosges'],['Grand Est'],COM,{88},{44}
120ec518-f633-4a8b-91b0-413e89ab3045,215904368,Commune de Noordpeene (59),false,{59436},Commune,2026-03-24 14:42:04.280096+01,gold_establishments_2025,,,,21590436800010,2025,Collectivité Territoriale,Commune,['Nord'],['Hauts-de-France'],COM,{59},{32}
ac2e1bfe-6730-4a92-ae76-a00a1b011068,216206185,Commune de Nordausques (62),false,{62618},Commune,2026-03-24 14:42:05.597325+01,gold_establishments_2025,,,,21620618500011,2025,Collectivité Territoriale,Commune,['Pas-de-Calais'],['Hauts-de-France'],COM,{62},{32}
59da89e4-73b0-49d8-8465-d19b22f4a72d,216703355,Commune de Nordheim (67),false,{67335},Commune,2026-03-24 14:42:07.195692+01,gold_establishments_2025,,,,21670335500018,2025,Collectivité Territoriale,Commune,['Bas-Rhin'],['Grand Est'],COM,{67},{44}
90513299-c1a4-4e91-aac7-15d149cdc970,216703363,Commune de Nordhouse (67),false,{67336},Commune,2026-03-24 14:42:07.195692+01,gold_establishments_2025,,,,21670336300012,2025,Collectivité Territoriale,Commune,['Bas-Rhin'],['Grand Est'],COM,{67},{44}
a81227c6-3b22-4c69-9f9a-281eafa1636a,216206193,Commune de Noreuil (62),false,{62619},Commune,2026-03-24 14:42:05.597325+01,gold_establishments_2025,,,,21620619300015,2025,Collectivité Territoriale,Commune,['Pas-de-Calais'],['Hauts-de-France'],COM,{62},{32}
de1495f5-93f6-4733-93ef-4d40777b83c5,212104624,Commune de Norges-la-Ville (21),false,{21462},Commune,2026-03-24 14:41:55.433389+01,gold_establishments_2025,,,,21210462400011,2025,Collectivité Territoriale,Commune,"[""Côte-d'Or""]",['Bourgogne-Franche-Comté'],COM,{21},{27}
d68f174c-dde2-47fd-8e87-6dc2238d5c8b,212704399,Commune de Normanville (27),false,{27439},Commune,2026-03-24 14:41:57.028721+01,gold_establishments_2025,,,,21270439900014,2025,Collectivité Territoriale,Commune,['Eure'],['Normandie'],COM,{27},{28}
f6bb886a-fab4-46b4-b103-4c363ed55d69,217604701,Commune de Normanville (76),false,{76470},Commune,2026-03-24 14:42:08.818969+01,gold_establishments_2025,,,,21760470100011,2025,Collectivité Territoriale,Commune,['Seine-Maritime'],['Normandie'],COM,{76},{28}
bd3aef91-9335-496f-a832-9718e7d577ae,212104632,Commune de Normier (21),false,{21463},Commune,2026-03-24 14:41:55.433389+01,gold_establishments_2025,,,,21210463200014,2025,Collectivité Territoriale,Commune,"[""Côte-d'Or""]",['Bourgogne-Franche-Comté'],COM,{21},{27}
6ea09949-e83a-44fb-94f2-f70defcb474e,211404660,Commune de Norolles (14),false,{14466},Commune,2026-03-24 14:41:54.362296+01,gold_establishments_2025,,,,21140466000014,2025,Collectivité Territoriale,Commune,['Calvados'],['Normandie'],COM,{14},{28}
9cced5fd-8fe1-4577-91e0-aae94bc82a5a,211404678,Commune de Noron-l'Abbaye (14),false,{14467},Commune,2026-03-24 14:41:54.362296+01,gold_establishments_2025,,,,21140467800016,2025,Collectivité Territoriale,Commune,['Calvados'],['Normandie'],COM,{14},{28}
2ed136c5-fb1e-4a21-8e92-dad9595e68a9,211404686,Commune de Noron-la-Poterie (14),false,{14468},Commune,2026-03-24 14:41:54.362296+01,gold_establishments_2025,,,,21140468600019,2025,Collectivité Territoriale,Commune,['Calvados'],['Normandie'],COM,{14},{28}
61a33443-8c62-4745-98d8-38ac4b53c914,216004614,Commune de Noroy (60),false,{60466},Commune,2026-03-24 14:42:04.814328+01,gold_establishments_2025,,,,21600461400014,2025,Collectivité Territoriale,Commune,['Oise'],['Hauts-de-France'],COM,{60},{32}
9f4a38f9-c22b-407a-bcf0-dcb30b702d58,217003904,Commune de Noroy-le-Bourg (70),false,{70390},Commune,2026-03-24 14:42:07.735343+01,gold_establishments_2025,,,,21700390400018,2025,Collectivité Territoriale,Commune,['Haute-Saône'],['Bourgogne-Franche-Comté'],COM,{70},{27}
08904b72-bef1-41ef-a3b5-a23b302a3a9d,210205340,Commune de Noroy-sur-Ourcq (02),false,{02557},Commune,2026-03-24 14:41:52.020251+01,gold_establishments_2025,,,,21020534000016,2025,Collectivité Territoriale,Commune,['Aisne'],['Hauts-de-France'],COM,{02},{32}
db28b9df-c275-405e-85cc-638a36e36067,216206201,Commune de Norrent-Fontes (62),false,{62620},Commune,2026-03-24 14:42:05.597325+01,gold_establishments_2025,,,,21620620100057,2025,Collectivité Territoriale,Commune,['Pas-de-Calais'],['Hauts-de-France'],COM,{62},{32}
1d9cb90d-b545-407c-9c79-5618a6121876,211404694,Commune de Norrey-en-Auge (14),false,{14469},Commune,2026-03-24 14:41:54.362296+01,gold_establishments_2025,,,,21140469400013,2025,Collectivité Territoriale,Commune,['Calvados'],['Normandie'],COM,{14},{28}
97a1bce4-efe5-41b7-95fd-3df77d8fd9b4,215103755,Commune de Norrois (51),false,{51406},Commune,2026-03-24 14:42:01.954481+01,gold_establishments_2025,,,,21510375500017,2025,Collectivité Territoriale,Commune,['Marne'],['Grand Est'],COM,{51},{44}
4e588109-d2ff-4e95-a970-199d058423a1,218803328,Commune de Norroy (88),false,{88332},Commune,2026-03-24 14:42:11.118516+01,gold_establishments_2025,,,,21880332800010,2025,Collectivité Territoriale,Commune,['Vosges'],['Grand Est'],COM,{88},{44}
9dfc3a11-fb42-46aa-988c-a075d7a54afe,215404021,Commune de Norroy-le-Sec (54),false,{54402},Commune,2026-03-24 14:42:02.957225+01,gold_establishments_2025,,,,21540402100010,2025,Collectivité Territoriale,Commune,['Meurthe-et-Moselle'],['Grand Est'],COM,{54},{44}
e477afe0-b109-4aed-ba40-4c370dd06591,215705112,Commune de Norroy-le-Veneur (57),false,{57511},Commune,2026-03-24 14:42:04.280096+01,gold_establishments_2025,,,,21570511200013,2025,Collectivité Territoriale,Commune,['Moselle'],['Grand Est'],COM,{57},{44}
8b9b5dfa-7bd4-4b0f-9a29-64fa98342ee6,215404039,Commune de Norroy-lès-Pont-à-Mousson (54),false,{54403},Commune,2026-03-24 14:42:02.957225+01,gold_establishments_2025,,,,21540403900012,2025,Collectivité Territoriale,Commune,['Meurthe-et-Moselle'],['Grand Est'],COM,{54},{44}
05c5411b-190f-4290-8e03-838fcd40e83c,216206227,Commune de Nort-Leulinghem (62),false,{62622},Commune,2026-03-24 14:42:05.597325+01,gold_establishments_2025,,,,21620622700011,2025,Collectivité Territoriale,Commune,['Pas-de-Calais'],['Hauts-de-France'],COM,{62},{32}
1f0b7c5f-c1bd-490e-ae46-06bf558e6335,214401101,Commune de Nort-sur-Erdre (44),false,{44110},Commune,2026-03-24 14:42:00.273698+01,gold_establishments_2025,,,,21440110100016,2025,Collectivité Territoriale,Commune,['Loire-Atlantique'],['Pays de la Loire'],COM,{44},{52}
25ab3e87-ee04-4b95-9514-fdbbdc6865b7,216206219,Commune de Nortkerque (62),false,{62621},Commune,2026-03-24 14:42:05.597325+01,gold_establishments_2025,,,,21620621900018,2025,Collectivité Territoriale,Commune,['Pas-de-Calais'],['Hauts-de-France'],COM,{62},{32}
7c07cda4-63fe-44f0-ad76-98c4f0871552,217604719,Commune de Norville (76),false,{76471},Commune,2026-03-24 14:42:08.818969+01,gold_establishments_2025,,,,21760471900013,2025,Collectivité Territoriale,Commune,['Seine-Maritime'],['Normandie'],COM,{76},{28}
f4ab9199-5f23-49d0-a8b3-303e02fa0981,210500948,Commune de Nossage-et-Bénévent (05),false,{05094},Commune,2026-03-24 14:41:52.562531+01,gold_establishments_2025,,,,21050094800018,2025,Collectivité Territoriale,Commune,['Hautes-Alpes'],"[""Provence-Alpes-Côte d'Azur""]",COM,{05},{93}
4268995b-a93d-4ee5-acc4-e7fdcebeb8a7,218803336,Commune de Nossoncourt (88),false,{88333},Commune,2026-03-24 14:42:11.118516+01,gold_establishments_2025,,,,21880333600013,2025,Collectivité Territoriale,Commune,['Vosges'],['Grand Est'],COM,{88},{44}
abb96d15-309d-4c9d-a889-21e88d01b2fb,215601485,Commune de Nostang (56),false,{56148},Commune,2026-03-24 14:42:03.701372+01,gold_establishments_2025,,,,21560148500018,2025,Collectivité Territoriale,Commune,['Morbihan'],['Bretagne'],COM,{56},{53}
f92f82f1-fd93-4389-8be6-c2cb7bc7bba0,212314306,Commune de Noth (23),false,{23143},Commune,2026-03-24 14:41:55.958138+01,gold_establishments_2025,,,,21231430600011,2025,Collectivité Territoriale,Commune,['Creuse'],['Nouvelle-Aquitaine'],COM,{23},{75}
7029f63c-9ab3-43ec-a2b0-bd961d7e864f,216703371,Commune de Nothalten (67),false,{67337},Commune,2026-03-24 14:42:07.195692+01,gold_establishments_2025,,,,21670337100015,2025,Collectivité Territoriale,Commune,['Bas-Rhin'],['Grand Est'],COM,{67},{44}
92b5c8d2-c16a-4a33-a479-d7b77b068db5,217604727,Commune de Notre-Dame-d'Aliermont (76),false,{76472},Commune,2026-03-24 14:42:08.818969+01,gold_establishments_2025,,,,21760472700016,2025,Collectivité Territoriale,Commune,['Seine-Maritime'],['Normandie'],COM,{76},{28}
b04fac93-99cd-4556-b15d-82da019b5f5e,200049336,Commune de Notre-Dame-d'Estrées-Corbon (14),false,{14474},Commune,2026-03-24 14:41:54.362296+01,gold_establishments_2025,,,,20004933600015,2025,Collectivité Territoriale,Commune,['Calvados'],['Normandie'],COM,{14},{28}
480436dc-c87a-40f7-90d5-14fcc5102784,213701725,Commune de Notre-Dame-d'Oé (37),false,{37172},Commune,2026-03-24 14:41:59.160244+01,gold_establishments_2025,,,,21370172500078,2025,Collectivité Territoriale,Commune,['Indre-et-Loire'],['Centre-Val de Loire'],COM,{37},{24}
1428d17c-bfca-4479-b6ef-639e7b54e58b,212704415,Commune de Notre-Dame-d'Épine (27),false,{27441},Commune,2026-03-24 14:41:57.028721+01,gold_establishments_2025,,,,21270441500018,2025,Collectivité Territoriale,Commune,['Eure'],['Normandie'],COM,{27},{28}
1a8f7f16-8a33-43ec-873a-9f06d534e284,217301860,Commune de Notre-Dame-de-Bellecombe (73),false,{73186},Commune,2026-03-24 14:42:08.279287+01,gold_establishments_2025,,,,21730186000011,2025,Collectivité Territoriale,Commune,['Savoie'],['Auvergne-Rhône-Alpes'],COM,{73},{84}
a0b43f24-7c59-4aa0-be37-4ea98cab4adc,217604735,Commune de Notre-Dame-de-Bliquetuit (76),false,{76473},Commune,2026-03-24 14:42:08.818969+01,gold_establishments_2025,,,,21760473500019,2025,Collectivité Territoriale,Commune,['Seine-Maritime'],['Normandie'],COM,{76},{28}
dd33db52-43c5-4420-b3ad-0669df98e2ff,214201618,Commune de Notre-Dame-de-Boisset (42),false,{42161},Commune,2026-03-24 14:42:00.273698+01,gold_establishments_2025,,,,21420161800011,2025,Collectivité Territoriale,Commune,['Loire'],['Auvergne-Rhône-Alpes'],COM,{42},{84}
41e86afb-3619-42c8-9b82-fa96f1335acd,217604743,Commune de Notre-Dame-de-Bondeville (76),false,{76474},Commune,2026-03-24 14:42:08.818969+01,gold_establishments_2025,,,,21760474300013,2025,Collectivité Territoriale,Commune,['Seine-Maritime'],['Normandie'],COM,{76},{28}
64f02e90-40db-4c1f-b65f-5bcb55d95622,215003781,Commune de Notre-Dame-de-Cenilly (50),false,{50378},Commune,2026-03-24 14:42:01.412377+01,gold_establishments_2025,,,,21500378100014,2025,Collectivité Territoriale,Commune,['Manche'],['Normandie'],COM,{50},{28}
92d498b3-8477-4083-b089-4821dc7d2a64,213802770,Commune de Notre-Dame-de-Commiers (38),false,{38277},Commune,2026-03-24 14:41:59.160244+01,gold_establishments_2025,,,,21380277000015,2025,Collectivité Territoriale,Commune,['Isère'],['Auvergne-Rhône-Alpes'],COM,{38},{84}
a6a615b0-d73a-467d-894f-c84bf3cabbb5,211404736,Commune de Notre-Dame-de-Livaye (14),false,{14473},Commune,2026-03-24 14:41:54.362296+01,gold_establishments_2025,,,,21140473600012,2025,Collectivité Territoriale,Commune,['Calvados'],['Normandie'],COM,{14},{28}
7f80690f-2259-49ee-b69b-7bf430e3e015,215003799,Commune de Notre-Dame-de-Livoye (50),false,{50379},Commune,2026-03-24 14:42:01.412377+01,gold_establishments_2025,,,,21500379900016,2025,Collectivité Territoriale,Commune,['Manche'],['Normandie'],COM,{50},{28}
deebede4-84ac-45b1-b079-6a6215d4e931,213401854,Commune de Notre-Dame-de-Londres (34),false,{34185},Commune,2026-03-24 14:41:58.620411+01,gold_establishments_2025,,,,21340185400012,2025,Collectivité Territoriale,Commune,['Hérault'],['Occitanie'],COM,{34},{76}
973ec087-dccc-4a17-9834-50dbf87f12df,218501641,Commune de Notre-Dame-de-Monts (85),false,{85164},Commune,2026-03-24 14:42:10.508772+01,gold_establishments_2025,,,,21850164100011,2025,Collectivité Territoriale,Commune,['Vendée'],['Pays de la Loire'],COM,{85},{52}
9034afea-7b6d-4b2d-a27c-59f56528a309,213802796,Commune de Notre-Dame-de-Mésage (38),false,{38279},Commune,2026-03-24 14:41:59.160244+01,gold_establishments_2025,,,,21380279600010,2025,Collectivité Territoriale,Commune,['Isère'],['Auvergne-Rhône-Alpes'],COM,{38},{84}
0585530d-fcea-4905-b87e-3ad35c8d2540,218501898,Commune de Notre-Dame-de-Riez (85),false,{85189},Commune,2026-03-24 14:42:10.508772+01,gold_establishments_2025,,,,21850189800082,2025,Collectivité Territoriale,Commune,['Vendée'],['Pays de la Loire'],COM,{85},{52}
f601d68b-3d9d-4471-9ce7-67accc6fc239,213802804,Commune de Notre-Dame-de-Vaulx (38),false,{38280},Commune,2026-03-24 14:41:59.160244+01,gold_establishments_2025,,,,21380280400012,2025,Collectivité Territoriale,Commune,['Isère'],['Auvergne-Rhône-Alpes'],COM,{38},{84}
1ef408ac-1d46-4db5-a5ab-cffdc41cda94,212704407,Commune de Notre-Dame-de-l'Isle (27),false,{27440},Commune,2026-03-24 14:41:57.028721+01,gold_establishments_2025,,,,21270440700015,2025,Collectivité Territoriale,Commune,['Eure'],['Normandie'],COM,{27},{28}
a64a5cf0-484a-44d8-8735-cca0f0dd744e,213802788,Commune de Notre-Dame-de-l'Osier (38),false,{38278},Commune,2026-03-24 14:41:59.160244+01,gold_establishments_2025,,,,21380278800017,2025,Collectivité Territoriale,Commune,['Isère'],['Auvergne-Rhône-Alpes'],COM,{38},{84}
89c3e3cf-a483-4c4f-b939-a11787530808,200084325,Commune de Notre-Dame-de-la-Mer (78),false,{78320},Commune,2026-03-24 14:42:09.43682+01,gold_establishments_2025,,,,20008432500014,2025,Collectivité Territoriale,Commune,['Yvelines'],['Île-de-France'],COM,{78},{11}
617dfb90-dbba-4a91-a569-4ad9ccb38075,214401119,Commune de Notre-Dame-des-Landes (44),false,{44111},Commune,2026-03-24 14:42:00.273698+01,gold_establishments_2025,,,,21440111900018,2025,Collectivité Territoriale,Commune,['Loire-Atlantique'],['Pays de la Loire'],COM,{44},{52}
5e6a6268-a474-46ac-98e1-c020d95291a2,217301886,Commune de Notre-Dame-des-Millières (73),false,{73188},Commune,2026-03-24 14:42:08.279287+01,gold_establishments_2025,,,,21730188600016,2025,Collectivité Territoriale,Commune,['Savoie'],['Auvergne-Rhône-Alpes'],COM,{73},{84}
0a405cbe-a4bc-4b54-a10c-c3b1dc15a69e,217604776,Commune de Notre-Dame-du-Bec (76),false,{76477},Commune,2026-03-24 14:42:08.818969+01,gold_establishments_2025,,,,21760477600013,2025,Collectivité Territoriale,Commune,['Seine-Maritime'],['Normandie'],COM,{76},{28}
63c8943f-fffe-406c-a59f-24ed9d96e33c,217301894,Commune de Notre-Dame-du-Cruet (73),false,{73189},Commune,2026-03-24 14:42:08.279287+01,gold_establishments_2025,,,,21730189400010,2025,Collectivité Territoriale,Commune,['Savoie'],['Auvergne-Rhône-Alpes'],COM,{73},{84}
38293485-2d6a-459d-9710-27c7a354cb39,212704423,Commune de Notre-Dame-du-Hamel (27),false,{27442},Commune,2026-03-24 14:41:57.028721+01,gold_establishments_2025,,,,21270442300012,2025,Collectivité Territoriale,Commune,['Eure'],['Normandie'],COM,{27},{28}
168ec629-d5e5-448a-9669-774e0551a357,217604784,Commune de Notre-Dame-du-Parc (76),false,{76478},Commune,2026-03-24 14:42:08.818969+01,gold_establishments_2025,,,,21760478400017,2025,Collectivité Territoriale,Commune,['Seine-Maritime'],['Normandie'],COM,{76},{28}
cfbbdbe4-24c2-460f-88ca-22ca50cd40fc,217301902,Commune de Notre-Dame-du-Pré (73),false,{73190},Commune,2026-03-24 14:42:08.279287+01,gold_establishments_2025,,,,21730190200011,2025,Collectivité Territoriale,Commune,['Savoie'],['Auvergne-Rhône-Alpes'],COM,{73},{84}
501a2fc5-f7f3-4285-b49a-f0f352ccec3e,217202324,Commune de Notre-Dame-du-Pé (72),false,{72232},Commune,2026-03-24 14:42:08.279287+01,gold_establishments_2025,,,,21720232400018,2025,Collectivité Territoriale,Commune,['Sarthe'],['Pays de la Loire'],COM,{72},{52}
f95a9d0d-8c29-4cff-924a-e4ca372340db,212802839,Commune de Nottonville (28),false,{28283},Commune,2026-03-24 14:41:57.028721+01,gold_establishments_2025,,,,21280283900010,2025,Collectivité Territoriale,Commune,['Eure-et-Loir'],['Centre-Val de Loire'],COM,{28},{24}
33701c5e-f77c-4e5a-ba20-2ac306eca9fe,218601805,Commune de Nouaillé-Maupertuis (86),false,{86180},Commune,2026-03-24 14:42:10.508772+01,gold_establishments_2025,,,,21860180500011,2025,Collectivité Territoriale,Commune,['Vienne'],['Nouvelle-Aquitaine'],COM,{86},{75}
deec440c-b860-4fa0-98e4-e5018e2f0148,215003823,Commune de Nouainville (50),false,{50382},Commune,2026-03-24 14:42:01.412377+01,gold_establishments_2025,,,,21500382300014,2025,Collectivité Territoriale,Commune,['Manche'],['Normandie'],COM,{50},{28}
4496e580-b6ac-4be9-8a02-af8f89fd96d3,214101610,Commune de Nouan-le-Fuzelier (41),false,{41161},Commune,2026-03-24 14:42:00.273698+01,gold_establishments_2025,,,,21410161000019,2025,Collectivité Territoriale,Commune,['Loir-et-Cher'],['Centre-Val de Loire'],COM,{41},{24}
aa386e2c-56c6-4209-ad0e-41ddf17a8178,217202225,Commune de Nouans (72),false,{72222},Commune,2026-03-24 14:42:08.279287+01,gold_establishments_2025,,,,21720222500017,2025,Collectivité Territoriale,Commune,['Sarthe'],['Pays de la Loire'],COM,{72},{52}
6014436b-1ec3-4126-a7bd-a2d4ef2406a0,213701733,Commune de Nouans-les-Fontaines (37),false,{37173},Commune,2026-03-24 14:41:59.160244+01,gold_establishments_2025,,,,21370173300015,2025,Collectivité Territoriale,Commune,['Indre-et-Loire'],['Centre-Val de Loire'],COM,{37},{24}
ceb42c94-bc1a-45d0-a2d9-ab6fe9529c44,210802930,Commune de Nouart (08),false,{08326},Commune,2026-03-24 14:41:53.095366+01,gold_establishments_2025,,,,21080293000011,2025,Collectivité Territoriale,Commune,['Ardennes'],['Grand Est'],COM,{08},{44}
4ec752ac-72a9-45c0-9772-25fb50c6d221,213104011,Commune de Noueilles (31),false,{31401},Commune,2026-03-24 14:41:58.09424+01,gold_establishments_2025,,,,21310401100019,2025,Collectivité Territoriale,Commune,['Haute-Garonne'],['Occitanie'],COM,{31},{76}
ca1fe7ca-d9a8-44f7-b642-ac249414bf00,200069896,Commune de Noues de Sienne (14),false,{14658},Commune,2026-03-24 14:41:54.362296+01,gold_establishments_2025,,,,20006989600013,2025,Collectivité Territoriale,Commune,['Calvados'],['Normandie'],COM,{14},{28}
5ac080c5-301a-4d30-9f6d-059f3ffaea14,213202989,Commune de Nougaroulet (32),false,{32298},Commune,2026-03-24 14:41:58.09424+01,gold_establishments_2025,,,,21320298900017,2025,Collectivité Territoriale,Commune,['Gers'],['Occitanie'],COM,{32},{76}
ac9ebfb6-72d6-42d9-86db-2f7eb70c10d2,212314504,Commune de Nouhant (23),false,{23145},Commune,2026-03-24 14:41:55.958138+01,gold_establishments_2025,,,,21231450400011,2025,Collectivité Territoriale,Commune,['Creuse'],['Nouvelle-Aquitaine'],COM,{23},{75}
0517cfef-4730-4715-a0af-757bfd70dcb9,218710804,Commune de Nouic (87),false,{87108},Commune,2026-03-24 14:42:11.118516+01,gold_establishments_2025,,,,21871080400012,2025,Collectivité Territoriale,Commune,['Haute-Vienne'],['Nouvelle-Aquitaine'],COM,{87},{75}
7d47c885-4269-4283-82f6-19a2021525a4,216503300,Commune de Nouilhan (65),false,{65330},Commune,2026-03-24 14:42:06.665412+01,gold_establishments_2025,,,,21650330000016,2025,Collectivité Territoriale,Commune,['Hautes-Pyrénées'],['Occitanie'],COM,{65},{76}
d89ab15a-f3b3-42b7-8559-ff3a9b401be2,215503871,Commune de Nouillonpont (55),false,{55387},Commune,2026-03-24 14:42:03.701372+01,gold_establishments_2025,,,,21550387100018,2025,Collectivité Territoriale,Commune,['Meuse'],['Grand Est'],COM,{55},{44}
e3a39180-8653-426f-b7f4-bea30130eb79,215705120,Commune de Nouilly (57),false,{57512},Commune,2026-03-24 14:42:04.280096+01,gold_establishments_2025,,,,21570512000040,2025,Collectivité Territoriale,Commune,['Moselle'],['Grand Est'],COM,{57},{44}
309dd117-7a98-42c1-9d27-f0de799175f4,213202997,Commune de Noulens (32),false,{32299},Commune,2026-03-24 14:41:58.09424+01,gold_establishments_2025,,,,21320299700010,2025,Collectivité Territoriale,Commune,['Gers'],['Occitanie'],COM,{32},{76}
f0982d2e-54fb-406f-9014-edcd88152c19,216004622,Commune de Nourard-le-Franc (60),false,{60468},Commune,2026-03-24 14:42:04.814328+01,gold_establishments_2025,,,,21600462200017,2025,Collectivité Territoriale,Commune,['Oise'],['Hauts-de-France'],COM,{60},{32}
b2e8b214-2f90-4115-952a-4abbb95236e6,214101636,Commune de Nourray (41),false,{41163},Commune,2026-03-24 14:42:00.273698+01,gold_establishments_2025,,,,21410163600014,2025,Collectivité Territoriale,Commune,['Loir-et-Cher'],['Centre-Val de Loire'],COM,{41},{24}
15449621-4b78-4412-99c5-c490f80b6534,214002057,Commune de Nousse (40),false,{40205},Commune,2026-03-24 14:41:59.705606+01,gold_establishments_2025,,,,21400205700013,2025,Collectivité Territoriale,Commune,['Landes'],['Nouvelle-Aquitaine'],COM,{40},{75}
f409f582-3af9-4b1d-9113-eb29c691be79,215705146,Commune de Nousseviller-Saint-Nabor (57),false,{57514},Commune,2026-03-24 14:42:04.280096+01,gold_establishments_2025,,,,21570514600011,2025,Collectivité Territoriale,Commune,['Moselle'],['Grand Est'],COM,{57},{44}
b8dcdc66-afe1-42b9-b28d-8eb621f25036,215705138,Commune de Nousseviller-lès-Bitche (57),false,{57513},Commune,2026-03-24 14:42:04.280096+01,gold_establishments_2025,,,,21570513800018,2025,Collectivité Territoriale,Commune,['Moselle'],['Grand Est'],COM,{57},{44}
5f3a09e7-38de-46e0-83b7-a9d61307c27f,216404194,Commune de Nousty (64),false,{64419},Commune,2026-03-24 14:42:06.665412+01,gold_establishments_2025,,,,21640419400013,2025,Collectivité Territoriale,Commune,['Pyrénées-Atlantiques'],['Nouvelle-Aquitaine'],COM,{64},{75}
8864a92b-c3a1-4e6e-b60c-2275fb7fd22e,216206235,Commune de Nouvelle-Église (62),false,{62623},Commune,2026-03-24 14:42:05.597325+01,gold_establishments_2025,,,,21620623500014,2025,Collectivité Territoriale,Commune,['Pas-de-Calais'],['Hauts-de-France'],COM,{62},{32}
7b1275db-ebc6-4d00-9a0c-abdd7f7f8913,218005650,Commune de Nouvion (80),false,{80598},Commune,2026-03-24 14:42:09.967209+01,gold_establishments_2025,,,,21800565000013,2025,Collectivité Territoriale,Commune,['Somme'],['Hauts-de-France'],COM,{80},{32}
0be38d9d-36d7-4455-b9fd-cade417a0c16,210205365,Commune de Nouvion-et-Catillon (02),false,{02559},Commune,2026-03-24 14:41:52.020251+01,gold_establishments_2025,,,,21020536500013,2025,Collectivité Territoriale,Commune,['Aisne'],['Hauts-de-France'],COM,{02},{32}
be47802a-7d2a-4b8d-9e61-aba38ac0fd5b,210205373,Commune de Nouvion-le-Comte (02),false,{02560},Commune,2026-03-24 14:41:52.020251+01,gold_establishments_2025,,,,21020537300017,2025,Collectivité Territoriale,Commune,['Aisne'],['Hauts-de-France'],COM,{02},{32}
7a4ec87d-da2b-487d-9ea0-5ccfcf61deb6,210205381,Commune de Nouvion-le-Vineux (02),false,{02561},Commune,2026-03-24 14:41:52.020251+01,gold_establishments_2025,,,,21020538100010,2025,Collectivité Territoriale,Commune,['Aisne'],['Hauts-de-France'],COM,{02},{32}
3ba82fd4-8a9a-4a27-8e93-d2eafa7eec32,210802948,Commune de Nouvion-sur-Meuse (08),false,{08327},Commune,2026-03-24 14:41:53.095366+01,gold_establishments_2025,,,,21080294800013,2025,Collectivité Territoriale,Commune,['Ardennes'],['Grand Est'],COM,{08},{44}
0468dc98-5657-4a4d-852e-6094982c4267,213502040,Commune de Nouvoitou (35),false,{35204},Commune,2026-03-24 14:41:58.620411+01,gold_establishments_2025,,,,21350204000016,2025,Collectivité Territoriale,Commune,['Ille-et-Vilaine'],['Bretagne'],COM,{35},{53}
00d436ca-2784-4068-83fc-dd421a245035,210205399,Commune de Nouvron-Vingré (02),false,{02562},Commune,2026-03-24 14:41:52.020251+01,gold_establishments_2025,,,,21020539900012,2025,Collectivité Territoriale,Commune,['Aisne'],['Hauts-de-France'],COM,{02},{32}
9c40b30e-a3b1-4811-b4ec-984faa9865c8,212314603,Commune de Nouzerines (23),false,{23146},Commune,2026-03-24 14:41:55.958138+01,gold_establishments_2025,,,,21231460300011,2025,Collectivité Territoriale,Commune,['Creuse'],['Nouvelle-Aquitaine'],COM,{23},{75}
ed282e92-d853-44a1-b5d0-8f661c67bf11,212314702,Commune de Nouzerolles (23),false,{23147},Commune,2026-03-24 14:41:55.958138+01,gold_establishments_2025,,,,21231470200011,2025,Collectivité Territoriale,Commune,['Creuse'],['Nouvelle-Aquitaine'],COM,{23},{75}
a5dc279f-3c7e-4205-8419-d6722a091989,212314801,Commune de Nouziers (23),false,{23148},Commune,2026-03-24 14:41:55.958138+01,gold_establishments_2025,,,,21231480100011,2025,Collectivité Territoriale,Commune,['Creuse'],['Nouvelle-Aquitaine'],COM,{23},{75}
84108d92-8cf1-4c23-bbca-28e52f010f9c,213701758,Commune de Nouzilly (37),false,{37175},Commune,2026-03-24 14:41:59.160244+01,gold_establishments_2025,,,,21370175800012,2025,Collectivité Territoriale,Commune,['Indre-et-Loire'],['Centre-Val de Loire'],COM,{37},{24}
7d3b03f8-e85d-405e-99e1-90f02ca3245a,210802955,Commune de Nouzonville (08),false,{08328},Commune,2026-03-24 14:41:53.095366+01,gold_establishments_2025,,,,21080295500018,2025,Collectivité Territoriale,Commune,['Ardennes'],['Grand Est'],COM,{08},{44}
82ede847-0993-459a-bd27-c335104f8296,213701741,Commune de Nouâtre (37),false,{37174},Commune,2026-03-24 14:41:59.160244+01,gold_establishments_2025,,,,21370174100018,2025,Collectivité Territoriale,Commune,['Indre-et-Loire'],['Centre-Val de Loire'],COM,{37},{24}
57606423-bba3-4388-9812-e3e3b941adc5,216302562,Commune de Novacelles (63),false,{63256},Commune,2026-03-24 14:42:06.130387+01,gold_establishments_2025,,,,21630256200014,2025,Collectivité Territoriale,Commune,['Puy-de-Dôme'],['Auvergne-Rhône-Alpes'],COM,{63},{84}
addf01b9-c9fa-4b1f-a7a7-3ab6c262d962,217301910,Commune de Novalaise (73),false,{73191},Commune,2026-03-24 14:42:08.279287+01,gold_establishments_2025,,,,21730191000014,2025,Collectivité Territoriale,Commune,['Savoie'],['Auvergne-Rhône-Alpes'],COM,{73},{84}
d8f37cc4-5033-471b-8b0c-0854425becea,212001796,Commune de Novale (2B),false,{2B179},Commune,2026-03-24 14:41:57.56054+01,gold_establishments_2025,,,,21200179600011,2025,Collectivité Territoriale,Commune,['Haute-Corse'],['Corse'],COM,{2B},{94}
a6743cc2-6db5-4f5a-8568-d3f073cd2d33,217402031,Commune de Novel (74),false,{74203},Commune,2026-03-24 14:42:08.818969+01,gold_establishments_2025,,,,21740203100017,2025,Collectivité Territoriale,Commune,['Haute-Savoie'],['Auvergne-Rhône-Alpes'],COM,{74},{84}
77c9a5ee-5879-4fd4-8971-cc096845708f,212001804,Commune de Novella (2B),false,{2B180},Commune,2026-03-24 14:41:57.56054+01,gold_establishments_2025,,,,21200180400013,2025,Collectivité Territoriale,Commune,['Haute-Corse'],['Corse'],COM,{2B},{94}
0930906a-ee13-489c-8ca8-e9b0f5effa54,211300660,Commune de Noves (13),false,{13066},Commune,2026-03-24 14:41:53.63825+01,gold_establishments_2025,,,,21130066000019,2025,Collectivité Territoriale,Commune,['Bouches-du-Rhône'],"[""Provence-Alpes-Côte d'Azur""]",COM,{13},{93}
9ba112ff-f4eb-4433-a9a6-5cf36501ad7f,215404047,Commune de Noviant-aux-Prés (54),false,{54404},Commune,2026-03-24 14:42:02.957225+01,gold_establishments_2025,,,,21540404700015,2025,Collectivité Territoriale,Commune,['Meurthe-et-Moselle'],['Grand Est'],COM,{54},{44}
7ce361a0-78b1-44d3-874a-0a35f84d953b,219000742,Commune de Novillard (90),false,{90074},Commune,2026-03-24 14:42:11.659493+01,gold_establishments_2025,,,,21900074200011,2025,Collectivité Territoriale,Commune,['Territoire de Belfort'],['Bourgogne-Franche-Comté'],COM,{90},{27}
759d1c36-a656-4867-98cd-69ea6321e20f,212504294,Commune de Novillars (25),false,{25429},Commune,2026-03-24 14:41:56.495197+01,gold_establishments_2025,,,,21250429400084,2025,Collectivité Territoriale,Commune,['Doubs'],['Bourgogne-Franche-Comté'],COM,{25},{27}
808ebdff-f59f-46d9-bf9b-2cb05a336e12,216004630,Commune de Novillers (60),false,{60469},Commune,2026-03-24 14:42:04.814328+01,gold_establishments_2025,,,,21600463000010,2025,Collectivité Territoriale,Commune,['Oise'],['Hauts-de-France'],COM,{60},{32}
1d5083f2-49d5-480e-b141-0b3df3a267c7,210802963,Commune de Novion-Porcien (08),false,{08329},Commune,2026-03-24 14:41:53.095366+01,gold_establishments_2025,,,,21080296300012,2025,Collectivité Territoriale,Commune,['Ardennes'],['Grand Est'],COM,{08},{44}
767da131-2957-4b16-8fdf-c251f18a2613,210802971,Commune de Novy-Chevrières (08),false,{08330},Commune,2026-03-24 14:41:53.095366+01,gold_establishments_2025,,,,21080297100015,2025,Collectivité Territoriale,Commune,['Ardennes'],['Grand Est'],COM,{08},{44}
8b08bf04-45ff-4a5f-b0c3-c78e00c52d65,215705153,Commune de Novéant-sur-Moselle (57),false,{57515},Commune,2026-03-24 14:42:04.280096+01,gold_establishments_2025,,,,21570515300017,2025,Collectivité Territoriale,Commune,['Moselle'],['Grand Est'],COM,{57},{44}
10bf2ae2-a3f8-4383-954f-0a5a24336a0f,212201602,Commune de Noyal (22),false,{22160},Commune,2026-03-24 14:41:55.433389+01,gold_establishments_2025,,,,21220160200019,2025,Collectivité Territoriale,Commune,"[""Côtes-d'Armor""]",['Bretagne'],COM,{22},{53}
58e6cbe3-e99b-4708-a762-aab1599f8945,213503642,Commune de Noyal-Châtillon-sur-Seiche (35),false,{35206},Commune,2026-03-24 14:41:58.620411+01,gold_establishments_2025,,,,21350364200018,2025,Collectivité Territoriale,Commune,['Ille-et-Vilaine'],['Bretagne'],COM,{35},{53}
9a7e85db-85d1-41f4-a044-3fbaf929da73,215601493,Commune de Noyal-Muzillac (56),false,{56149},Commune,2026-03-24 14:42:03.701372+01,gold_establishments_2025,,,,21560149300012,2025,Collectivité Territoriale,Commune,['Morbihan'],['Bretagne'],COM,{56},{53}
c4d107af-488f-4656-88d4-6dc61b62a42c,215601519,Commune de Noyal-Pontivy (56),false,{56151},Commune,2026-03-24 14:42:03.701372+01,gold_establishments_2025,,,,21560151900014,2025,Collectivité Territoriale,Commune,['Morbihan'],['Bretagne'],COM,{56},{53}
684bc0b2-91eb-4da9-8aa2-59e17b2d1e28,213502057,Commune de Noyal-sous-Bazouges (35),false,{35205},Commune,2026-03-24 14:41:58.620411+01,gold_establishments_2025,,,,21350205700010,2025,Collectivité Territoriale,Commune,['Ille-et-Vilaine'],['Bretagne'],COM,{35},{53}
c851dab7-832f-4c30-9a77-901d01a0f107,214401127,Commune de Noyal-sur-Brutz (44),false,{44112},Commune,2026-03-24 14:42:00.273698+01,gold_establishments_2025,,,,21440112700011,2025,Collectivité Territoriale,Commune,['Loire-Atlantique'],['Pays de la Loire'],COM,{44},{52}
1245fbea-5742-4664-be29-4183694bbdfa,213502073,Commune de Noyal-sur-Vilaine (35),false,{35207},Commune,2026-03-24 14:41:58.620411+01,gold_establishments_2025,,,,21350207300017,2025,Collectivité Territoriale,Commune,['Ille-et-Vilaine'],['Bretagne'],COM,{35},{53}
b8e1b639-2fbc-40a6-9c2a-a0e1a969c1ba,210205407,Commune de Noyales (02),false,{02563},Commune,2026-03-24 14:41:52.020251+01,gold_establishments_2025,,,,21020540700013,2025,Collectivité Territoriale,Commune,['Aisne'],['Hauts-de-France'],COM,{02},{32}
880fda3c-678f-4ebc-b579-58378b66ea3d,200070050,Commune de Noyant-Villages (49),false,{49228},Commune,2026-03-24 14:42:01.412377+01,gold_establishments_2025,,,,20007005000014,2025,Collectivité Territoriale,Commune,['Maine-et-Loire'],['Pays de la Loire'],COM,{49},{52}
7540603b-a1b4-4f5d-8f8d-04b428da9da0,210302022,Commune de Noyant-d'Allier (03),false,{03202},Commune,2026-03-24 14:41:52.020251+01,gold_establishments_2025,,,,21030202200012,2025,Collectivité Territoriale,Commune,['Allier'],['Auvergne-Rhône-Alpes'],COM,{03},{84}
d13c5969-81de-45d7-9f29-10c83b0f3dd5,213701766,Commune de Noyant-de-Touraine (37),false,{37176},Commune,2026-03-24 14:41:59.160244+01,gold_establishments_2025,,,,21370176600015,2025,Collectivité Territoriale,Commune,['Indre-et-Loire'],['Centre-Val de Loire'],COM,{37},{24}
0d092c94-37e4-4e62-a7e4-fe15513e23f5,213802812,Commune de Noyarey (38),false,{38281},Commune,2026-03-24 14:41:59.160244+01,gold_establishments_2025,,,,21380281200015,2025,Collectivité Territoriale,Commune,['Isère'],['Auvergne-Rhône-Alpes'],COM,{38},{84}
d60bb784-02e9-4b9c-906a-8ca27ebd08f7,216206300,Commune de Noyelle-Vion (62),false,{62630},Commune,2026-03-24 14:42:05.597325+01,gold_establishments_2025,,,,21620630000016,2025,Collectivité Territoriale,Commune,['Pas-de-Calais'],['Hauts-de-France'],COM,{62},{32}
dffaae5e-bf2d-4116-bee3-220ec9271394,216206243,Commune de Noyelles-Godault (62),false,{62624},Commune,2026-03-24 14:42:05.597325+01,gold_establishments_2025,,,,21620624300018,2025,Collectivité Territoriale,Commune,['Pas-de-Calais'],['Hauts-de-France'],COM,{62},{32}
734142db-0540-41ee-bb28-2486f98c5690,218005668,Commune de Noyelles-en-Chaussée (80),false,{80599},Commune,2026-03-24 14:42:09.967209+01,gold_establishments_2025,,,,21800566800015,2025,Collectivité Territoriale,Commune,['Somme'],['Hauts-de-France'],COM,{80},{32}
a2192f11-15bc-49be-9494-0ddb5a57342c,216206250,Commune de Noyelles-lès-Humières (62),false,{62625},Commune,2026-03-24 14:42:05.597325+01,gold_establishments_2025,,,,21620625000013,2025,Collectivité Territoriale,Commune,['Pas-de-Calais'],['Hauts-de-France'],COM,{62},{32}
9cd37bd0-ae21-4e83-9ade-76769403c654,215904376,Commune de Noyelles-lès-Seclin (59),false,{59437},Commune,2026-03-24 14:42:04.280096+01,gold_establishments_2025,,,,21590437600054,2025,Collectivité Territoriale,Commune,['Nord'],['Hauts-de-France'],COM,{59},{32}
f8bf32ca-6fcd-4398-8e54-e8156517adab,216206268,Commune de Noyelles-lès-Vermelles (62),false,{62626},Commune,2026-03-24 14:42:05.597325+01,gold_establishments_2025,,,,21620626800015,2025,Collectivité Territoriale,Commune,['Pas-de-Calais'],['Hauts-de-France'],COM,{62},{32}
ceaf7888-763f-49d5-80f7-48e4ebe5c5b5,216206276,Commune de Noyelles-sous-Bellonne (62),false,{62627},Commune,2026-03-24 14:42:05.597325+01,gold_establishments_2025,,,,21620627600018,2025,Collectivité Territoriale,Commune,['Pas-de-Calais'],['Hauts-de-France'],COM,{62},{32}
3fc3a1c5-a469-4a9b-80a3-02f3396c2dad,216206284,Commune de Noyelles-sous-Lens (62),false,{62628},Commune,2026-03-24 14:42:05.597325+01,gold_establishments_2025,,,,21620628400012,2025,Collectivité Territoriale,Commune,['Pas-de-Calais'],['Hauts-de-France'],COM,{62},{32}
b114bd71-47f7-45ac-b2c9-eedaa937b729,215904384,Commune de Noyelles-sur-Escaut (59),false,{59438},Commune,2026-03-24 14:42:04.280096+01,gold_establishments_2025,,,,21590438400017,2025,Collectivité Territoriale,Commune,['Nord'],['Hauts-de-France'],COM,{59},{32}
eb8c2357-b4a1-4974-8152-d8d09c7854d5,218005676,Commune de Noyelles-sur-Mer (80),false,{80600},Commune,2026-03-24 14:42:09.967209+01,gold_establishments_2025,,,,21800567600018,2025,Collectivité Territoriale,Commune,['Somme'],['Hauts-de-France'],COM,{80},{32}
fd86cb2a-7d38-472f-9a8c-2a3174397edd,215904392,Commune de Noyelles-sur-Sambre (59),false,{59439},Commune,2026-03-24 14:42:04.280096+01,gold_establishments_2025,,,,21590439200010,2025,Collectivité Territoriale,Commune,['Nord'],['Hauts-de-France'],COM,{59},{32}
b05f72b3-ff8b-4736-ad9a-a871edeb03e2,215904400,Commune de Noyelles-sur-Selle (59),false,{59440},Commune,2026-03-24 14:42:04.280096+01,gold_establishments_2025,,,,21590440000011,2025,Collectivité Territoriale,Commune,['Nord'],['Hauts-de-France'],COM,{59},{32}
3e6bad19-410d-48c2-970c-1aa866546886,216206292,Commune de Noyellette (62),false,{62629},Commune,2026-03-24 14:42:05.597325+01,gold_establishments_2025,,,,21620629200015,2025,Collectivité Territoriale,Commune,['Pas-de-Calais'],['Hauts-de-France'],COM,{62},{32}
194d47e1-64cf-49de-8e85-32baf65fc18c,217202233,Commune de Noyen-sur-Sarthe (72),false,{72223},Commune,2026-03-24 14:42:08.279287+01,gold_establishments_2025,,,,21720223300011,2025,Collectivité Territoriale,Commune,['Sarthe'],['Pays de la Loire'],COM,{72},{52}
8ebb3565-00e7-40df-a4bd-3ca52affd7c9,217703412,Commune de Noyen-sur-Seine (77),false,{77341},Commune,2026-03-24 14:42:09.43682+01,gold_establishments_2025,,,,21770341200015,2025,Collectivité Territoriale,Commune,['Seine-et-Marne'],['Île-de-France'],COM,{77},{11}
866811e2-d6ff-4014-8d23-f59bd27c69d4,212704456,Commune de Noyers (27),false,{27445},Commune,2026-03-24 14:41:57.028721+01,gold_establishments_2025,,,,21270445600012,2025,Collectivité Territoriale,Commune,['Eure'],['Normandie'],COM,{27},{28}
418abc17-9b8b-4739-9084-698fd6e5eb24,214502304,Commune de Noyers (45),false,{45230},Commune,2026-03-24 14:42:00.862623+01,gold_establishments_2025,,,,21450230400014,2025,Collectivité Territoriale,Commune,['Loiret'],['Centre-Val de Loire'],COM,{45},{24}
6bd036ca-42f7-4fcf-8119-a57b44c74907,215202573,Commune de Noyers (52),false,{52358},Commune,2026-03-24 14:42:01.954481+01,gold_establishments_2025,,,,21520257300014,2025,Collectivité Territoriale,Commune,['Haute-Marne'],['Grand Est'],COM,{52},{44}
9ea87fe8-3d65-4667-b542-bfe122a6f513,218902799,Commune de Noyers (89),false,{89279},Commune,2026-03-24 14:42:11.659493+01,gold_establishments_2025,,,,21890279900012,2025,Collectivité Territoriale,Commune,['Yonne'],['Bourgogne-Franche-Comté'],COM,{89},{27}
972f7953-6322-45be-958a-6df7db6a00e8,215503889,Commune de Noyers-Auzécourt (55),false,{55388},Commune,2026-03-24 14:42:03.701372+01,gold_establishments_2025,,,,21550388900010,2025,Collectivité Territoriale,Commune,['Meuse'],['Grand Est'],COM,{55},{44}
54857ea5-4f8a-4a0d-b639-a4b4a3a06760,210802989,Commune de Noyers-Pont-Maugis (08),false,{08331},Commune,2026-03-24 14:41:53.095366+01,gold_establishments_2025,,,,21080298900017,2025,Collectivité Territoriale,Commune,['Ardennes'],['Grand Est'],COM,{08},{44}
ebb540f2-0876-45c5-9395-4c8e63022ce2,216004648,Commune de Noyers-Saint-Martin (60),false,{60470},Commune,2026-03-24 14:42:04.814328+01,gold_establishments_2025,,,,21600464800012,2025,Collectivité Territoriale,Commune,['Oise'],['Hauts-de-France'],COM,{60},{32}
795e68d7-31d0-47d5-9930-6c8cdb0feb56,214101644,Commune de Noyers-sur-Cher (41),false,{41164},Commune,2026-03-24 14:42:00.273698+01,gold_establishments_2025,,,,21410164400018,2025,Collectivité Territoriale,Commune,['Loir-et-Cher'],['Centre-Val de Loire'],COM,{41},{24}
c97c4230-4483-4015-972f-f678da5c569d,210401394,Commune de Noyers-sur-Jabron (04),false,{04139},Commune,2026-03-24 14:41:52.562531+01,gold_establishments_2025,,,,21040139400015,2025,Collectivité Territoriale,Commune,['Alpes-de-Haute-Provence'],"[""Provence-Alpes-Côte d'Azur""]",COM,{04},{93}
0d6a41d6-884e-4cb2-a9af-425f1b577753,216004655,Commune de Noyon (60),false,{60471},Commune,2026-03-24 14:42:04.814328+01,gold_establishments_2025,,,,21600465500017,2025,Collectivité Territoriale,Commune,['Oise'],['Hauts-de-France'],COM,{60},{32}
05e29e90-da3d-4390-8d9a-68113aab69e5,211002613,Commune de Nozay (10),false,{10269},Commune,2026-03-24 14:41:53.095366+01,gold_establishments_2025,,,,21100261300019,2025,Collectivité Territoriale,Commune,['Aube'],['Grand Est'],COM,{10},{44}
3aec459a-1e0f-4c26-a651-9de95c5d3f4f,214401135,Commune de Nozay (44),false,{44113},Commune,2026-03-24 14:42:00.273698+01,gold_establishments_2025,,,,21440113500014,2025,Collectivité Territoriale,Commune,['Loire-Atlantique'],['Pays de la Loire'],COM,{44},{52}
62a13796-6e9a-4ddc-9d39-18262d83f6f4,219104585,Commune de Nozay (91),false,{91458},Commune,2026-03-24 14:42:11.659493+01,gold_establishments_2025,,,,21910458500019,2025,Collectivité Territoriale,Commune,['Essonne'],['Île-de-France'],COM,{91},{11}
0abd4f52-3e83-415d-8c7f-881543631458,213903917,Commune de Nozeroy (39),false,{39391},Commune,2026-03-24 14:41:59.705606+01,gold_establishments_2025,,,,21390391700077,2025,Collectivité Territoriale,Commune,['Jura'],['Bourgogne-Franche-Comté'],COM,{39},{27}
0c8f97f4-2e2d-47a8-97b3-b0868774a59b,210701660,Commune de Nozières (07),false,{07166},Commune,2026-03-24 14:41:52.562531+01,gold_establishments_2025,,,,21070166000016,2025,Collectivité Territoriale,Commune,['Ardèche'],['Auvergne-Rhône-Alpes'],COM,{07},{84}
35715ab4-90b4-461b-bd47-eed7a19e9442,211801691,Commune de Nozières (18),false,{18169},Commune,2026-03-24 14:41:54.903238+01,gold_establishments_2025,,,,21180169100018,2025,Collectivité Territoriale,Commune,['Cher'],['Centre-Val de Loire'],COM,{18},{24}
91b5f8d6-6927-4868-88d1-a1b215c1a028,213103997,Commune de Noé (31),false,{31399},Commune,2026-03-24 14:41:58.09424+01,gold_establishments_2025,,,,21310399700010,2025,Collectivité Territoriale,Commune,['Haute-Garonne'],['Occitanie'],COM,{31},{76}
b0b98c73-ae18-4310-899f-374b56f78a1f,218902781,Commune de Noé (89),false,{89278},Commune,2026-03-24 14:42:11.659493+01,gold_establishments_2025,,,,21890278100010,2025,Collectivité Territoriale,Commune,['Yonne'],['Bourgogne-Franche-Comté'],COM,{89},{27}
53a7da5c-9ef3-4624-8c42-faa7981e9eb0,211002563,Commune de Noé-les-Mallets (10),false,{10264},Commune,2026-03-24 14:41:53.095366+01,gold_establishments_2025,,,,21100256300016,2025,Collectivité Territoriale,Commune,['Aube'],['Grand Est'],COM,{10},{44}
8a3d3b85-1eae-41c5-91e2-9ee3c85f9fe6,212504252,Commune de Noël-Cerneux (25),false,{25425},Commune,2026-03-24 14:41:56.495197+01,gold_establishments_2025,,,,21250425200017,2025,Collectivité Territoriale,Commune,['Doubs'],['Bourgogne-Franche-Comté'],COM,{25},{27}
8592fed8-3349-411a-9303-f34474847ec3,214902314,Commune de Nuaillé (49),false,{49231},Commune,2026-03-24 14:42:01.412377+01,gold_establishments_2025,,,,21490231400019,2025,Collectivité Territoriale,Commune,['Maine-et-Loire'],['Pays de la Loire'],COM,{49},{52}
9ba9f8f4-1b8f-4f06-a9f0-7607bbdc8e20,211702675,Commune de Nuaillé-d'Aunis (17),false,{17267},Commune,2026-03-24 14:41:54.903238+01,gold_establishments_2025,,,,21170267500011,2025,Collectivité Territoriale,Commune,['Charente-Maritime'],['Nouvelle-Aquitaine'],COM,{17},{75}
84f4dcbd-f6b8-45d9-a1c8-7469713033a0,215801978,Commune de Nuars (58),false,{58197},Commune,2026-03-24 14:42:04.280096+01,gold_establishments_2025,,,,21580197800010,2025,Collectivité Territoriale,Commune,['Nièvre'],['Bourgogne-Franche-Comté'],COM,{58},{27}
727104a9-ad86-435d-92f4-b499bd9c6541,215503897,Commune de Nubécourt (55),false,{55389},Commune,2026-03-24 14:42:03.701372+01,gold_establishments_2025,,,,21550389700013,2025,Collectivité Territoriale,Commune,['Meuse'],['Grand Est'],COM,{55},{44}
86f8896e-0cd9-4c66-8c55-a26e7839312c,219504594,Commune de Nucourt (95),false,{95459},Commune,2026-03-24 14:42:11.659493+01,gold_establishments_2025,,,,21950459400017,2025,Collectivité Territoriale,Commune,"[""Val-d'Oise""]",['Île-de-France'],COM,{95},{11}
b4e8e026-3dd9-4732-9b72-f0e2e52741d1,217920081,Commune de Nueil-les-Aubiers (79),false,{79195},Commune,2026-03-24 14:42:09.43682+01,gold_establishments_2025,,,,21792008100254,2025,Collectivité Territoriale,Commune,['Deux-Sèvres'],['Nouvelle-Aquitaine'],COM,{79},{75}
f029cec3-0b64-43af-8422-9fcc82edba96,218601813,Commune de Nueil-sous-Faye (86),false,{86181},Commune,2026-03-24 14:42:10.508772+01,gold_establishments_2025,,,,21860181300015,2025,Collectivité Territoriale,Commune,['Vienne'],['Nouvelle-Aquitaine'],COM,{86},{75}
91bfaaf4-65b6-4793-9d4e-61e0bcad68c4,217202241,Commune de Nuillé-le-Jalais (72),false,{72224},Commune,2026-03-24 14:42:08.279287+01,gold_establishments_2025,,,,21720224100014,2025,Collectivité Territoriale,Commune,['Sarthe'],['Pays de la Loire'],COM,{72},{52}
ec682a8d-5569-4df9-8139-06cff3ef5e81,215301680,Commune de Nuillé-sur-Vicoin (53),false,{53168},Commune,2026-03-24 14:42:02.957225+01,gold_establishments_2025,,,,21530168000017,2025,Collectivité Territoriale,Commune,['Mayenne'],['Pays de la Loire'],COM,{53},{52}
2f08512c-5e6b-4649-b71c-8b0941f66ae4,215103771,Commune de Nuisement-sur-Coole (51),false,{51409},Commune,2026-03-24 14:42:01.954481+01,gold_establishments_2025,,,,21510377100014,2025,Collectivité Territoriale,Commune,['Marne'],['Grand Est'],COM,{51},{44}
64c6dd1e-e814-4d09-8303-fb31a85aa2e3,218902807,Commune de Nuits (89),false,{89280},Commune,2026-03-24 14:42:11.659493+01,gold_establishments_2025,,,,21890280700013,2025,Collectivité Territoriale,Commune,['Yonne'],['Bourgogne-Franche-Comté'],COM,{89},{27}
7bfa3288-0818-45d5-92a8-5d4fe8de7300,212104640,Commune de Nuits-Saint-Georges (21),false,{21464},Commune,2026-03-24 14:41:55.433389+01,gold_establishments_2025,,,,21210464000017,2025,Collectivité Territoriale,Commune,"[""Côte-d'Or""]",['Bourgogne-Franche-Comté'],COM,{21},{27}
a057039f-5c7d-4d09-bafc-262627ccbe41,217604792,Commune de Nullemont (76),false,{76479},Commune,2026-03-24 14:42:08.818969+01,gold_establishments_2025,,,,21760479200010,2025,Collectivité Territoriale,Commune,['Seine-Maritime'],['Normandie'],COM,{76},{28}
bb78b995-625e-4d28-8069-3a06640fff60,215204389,Commune de Nully (52),false,{52359},Commune,2026-03-24 14:42:01.954481+01,gold_establishments_2025,,,,21520438900013,2025,Collectivité Territoriale,Commune,['Haute-Marne'],['Grand Est'],COM,{52},{44}
164d76a7-f352-413e-b0ad-87f4a83dd3a8,216206318,Commune de Nuncq-Hautecôte (62),false,{62631},Commune,2026-03-24 14:42:05.597325+01,gold_establishments_2025,,,,21620631800018,2025,Collectivité Territoriale,Commune,['Pas-de-Calais'],['Hauts-de-France'],COM,{62},{32}
7f62112d-af6c-410f-a034-b197ca4f2ad1,213601446,Commune de Nuret-le-Ferron (36),false,{36144},Commune,2026-03-24 14:41:59.160244+01,gold_establishments_2025,,,,21360144600015,2025,Collectivité Territoriale,Commune,['Indre'],['Centre-Val de Loire'],COM,{36},{24}
162951be-a2db-4f14-98e2-ee85c7778788,210102679,Commune de Nurieux-Volognat (01),false,{01267},Commune,2026-03-24 14:41:51.447482+01,gold_establishments_2025,,,,21010267900011,2025,Collectivité Territoriale,Commune,['Ain'],['Auvergne-Rhône-Alpes'],COM,{01},{84}
4dbc3bc4-6160-45e8-b49c-46060af26c94,218005684,Commune de Nurlu (80),false,{80601},Commune,2026-03-24 14:42:09.967209+01,gold_establishments_2025,,,,21800568400012,2025,Collectivité Territoriale,Commune,['Somme'],['Hauts-de-France'],COM,{80},{32}
e2d1b353-cf9e-4249-8566-22901f8a87f1,214602112,Commune de Nuzéjouls (46),false,{46211},Commune,2026-03-24 14:42:00.862623+01,gold_establishments_2025,,,,21460211200010,2025,Collectivité Territoriale,Commune,['Lot'],['Occitanie'],COM,{46},{76}
1f2d0923-8b36-4fad-972a-fbf07c8ba9db,216601237,Commune de Nyer (66),false,{66123},Commune,2026-03-24 14:42:06.665412+01,gold_establishments_2025,,,,21660123700011,2025,Collectivité Territoriale,Commune,['Pyrénées-Orientales'],['Occitanie'],COM,{66},{76}
f0c9aad1-b1cf-4096-a19e-c6e02fad9167,212602205,Commune de Nyons (26),false,{26220},Commune,2026-03-24 14:41:56.495197+01,gold_establishments_2025,,,,21260220500016,2025,Collectivité Territoriale,Commune,['Drôme'],['Auvergne-Rhône-Alpes'],COM,{26},{84}
bfcfa88d-1d70-4e84-ae55-2e2551c897be,217401983,Commune de Nâves-Parmelan (74),false,{74198},Commune,2026-03-24 14:42:08.818969+01,gold_establishments_2025,,,,21740198300010,2025,Collectivité Territoriale,Commune,['Haute-Savoie'],['Auvergne-Rhône-Alpes'],COM,{74},{84}
07d1b26b-16f2-4d07-8ac8-58245a5a690e,218201341,Commune de Nègrepelisse (82),false,{82134},Commune,2026-03-24 14:42:10.508772+01,gold_establishments_2025,,,,21820134100011,2025,Collectivité Territoriale,Commune,['Tarn-et-Garonne'],['Occitanie'],COM,{82},{76}
5e884f43-078d-4643-a09d-2e1e78d79e1c,213303027,Commune de Néac (33),false,{33302},Commune,2026-03-24 14:41:58.620411+01,gold_establishments_2025,,,,21330302700014,2025,Collectivité Territoriale,Commune,['Gironde'],['Nouvelle-Aquitaine'],COM,{33},{75}
3d57fb89-8b91-4209-8d78-0600e226cf41,215601451,Commune de Néant-sur-Yvel (56),false,{56145},Commune,2026-03-24 14:42:03.701372+01,gold_establishments_2025,,,,21560145100010,2025,Collectivité Territoriale,Commune,['Morbihan'],['Bretagne'],COM,{56},{53}
d04003ad-f9c1-4393-92f0-945567cd8fe9,213401805,Commune de Nébian (34),false,{34180},Commune,2026-03-24 14:41:58.620411+01,gold_establishments_2025,,,,21340180500014,2025,Collectivité Territoriale,Commune,['Hérault'],['Occitanie'],COM,{34},{76}
a927682e-012f-4966-9ffb-c5f9c5c70faf,211102637,Commune de Nébias (11),false,{11263},Commune,2026-03-24 14:41:53.63825+01,gold_establishments_2025,,,,21110263700017,2025,Collectivité Territoriale,Commune,['Aude'],['Occitanie'],COM,{11},{76}
42f2e019-a630-4527-b149-a12547d24159,215704966,Commune de Nébing (57),false,{57496},Commune,2026-03-24 14:42:04.280096+01,gold_establishments_2025,,,,21570496600013,2025,Collectivité Territoriale,Commune,['Moselle'],['Grand Est'],COM,{57},{44}
e13bf908-2702-4858-a969-789469a7e087,216302489,Commune de Nébouzat (63),false,{63248},Commune,2026-03-24 14:42:06.130387+01,gold_establishments_2025,,,,21630248900010,2025,Collectivité Territoriale,Commune,['Puy-de-Dôme'],['Auvergne-Rhône-Alpes'],COM,{63},{84}
c03a95f4-8eb2-45cd-a46b-f50ec22e3ad0,216103036,Commune de Nécy (61),false,{61303},Commune,2026-03-24 14:42:05.597325+01,gold_establishments_2025,,,,21610303600010,2025,Collectivité Territoriale,Commune,['Orne'],['Normandie'],COM,{61},{28}
8f56ad18-0c1a-450f-8aa6-32de463447d9,216206003,Commune de Nédon (62),false,{62600},Commune,2026-03-24 14:42:05.597325+01,gold_establishments_2025,,,,21620600300016,2025,Collectivité Territoriale,Commune,['Pas-de-Calais'],['Hauts-de-France'],COM,{62},{32}
5f6f1c98-509a-4ae8-82ff-9aa9efe63297,216206011,Commune de Nédonchel (62),false,{62601},Commune,2026-03-24 14:42:05.597325+01,gold_establishments_2025,,,,21620601100019,2025,Collectivité Territoriale,Commune,['Pas-de-Calais'],['Hauts-de-France'],COM,{62},{32}
3222a6a1-c0c5-48c9-83d4-c4d703d4da88,216601211,Commune de Néfiach (66),false,{66121},Commune,2026-03-24 14:42:06.665412+01,gold_establishments_2025,,,,21660121100016,2025,Collectivité Territoriale,Commune,['Pyrénées-Orientales'],['Occitanie'],COM,{66},{76}
07897c4a-a2fb-484d-b617-1fd02374a2b9,215003690,Commune de Négreville (50),false,{50369},Commune,2026-03-24 14:42:01.412377+01,gold_establishments_2025,,,,21500369000017,2025,Collectivité Territoriale,Commune,['Manche'],['Normandie'],COM,{50},{28}
c52e2101-0860-4fe7-b4ab-eadcdb235569,212403083,Commune de Négrondes (24),false,{24308},Commune,2026-03-24 14:41:55.958138+01,gold_establishments_2025,,,,21240308300018,2025,Collectivité Territoriale,Commune,['Dordogne'],['Nouvelle-Aquitaine'],COM,{24},{75}
84602fcc-4370-44f7-a8f7-79b7e9e906ed,215003708,Commune de Néhou (50),false,{50370},Commune,2026-03-24 14:42:01.412377+01,gold_establishments_2025,,,,21500370800017,2025,Collectivité Territoriale,Commune,['Manche'],['Normandie'],COM,{50},{28}
69a9d02b-f477-4839-84ae-0f91fb94d852,213103971,Commune de Nénigan (31),false,{31397},Commune,2026-03-24 14:41:58.09424+01,gold_establishments_2025,,,,21310397100015,2025,Collectivité Territoriale,Commune,['Haute-Garonne'],['Occitanie'],COM,{31},{76}
906d8629-9e8d-4150-870b-65feda6e2298,213601370,Commune de Néons-sur-Creuse (36),false,{36137},Commune,2026-03-24 14:41:59.160244+01,gold_establishments_2025,,,,21360137000017,2025,Collectivité Territoriale,Commune,['Indre'],['Centre-Val de Loire'],COM,{36},{24}
55fd67fa-5fc8-4843-87be-35f73df77c85,218300887,Commune de Néoules (83),false,{83088},Commune,2026-03-24 14:42:10.508772+01,gold_establishments_2025,,,,21830088700054,2025,Collectivité Territoriale,Commune,['Var'],"[""Provence-Alpes-Côte d'Azur""]",COM,{83},{93}
ccc6b580-0165-460a-8ebd-ec115e42c088,212314207,Commune de Néoux (23),false,{23142},Commune,2026-03-24 14:41:55.958138+01,gold_establishments_2025,,,,21231420700011,2025,Collectivité Territoriale,Commune,['Creuse'],['Nouvelle-Aquitaine'],COM,{23},{75}
d0fde7de-e27e-4044-8c62-6bc1bd3747a9,214701955,Commune de Nérac (47),false,{47195},Commune,2026-03-24 14:42:00.862623+01,gold_establishments_2025,,,,21470195500012,2025,Collectivité Territoriale,Commune,['Lot-et-Garonne'],['Nouvelle-Aquitaine'],COM,{47},{75}
d1a00084-9563-45f0-bbde-771d738cc21d,213601388,Commune de Néret (36),false,{36138},Commune,2026-03-24 14:41:59.160244+01,gold_establishments_2025,,,,21360138800019,2025,Collectivité Territoriale,Commune,['Indre'],['Centre-Val de Loire'],COM,{36},{24}
0dbd95cb-63bd-4802-ab62-464c49513258,213303035,Commune de Nérigean (33),false,{33303},Commune,2026-03-24 14:41:58.620411+01,gold_establishments_2025,,,,21330303500017,2025,Collectivité Territoriale,Commune,['Gironde'],['Nouvelle-Aquitaine'],COM,{33},{75}
17cd16e2-ee35-43bc-86c3-8f42a7511759,218601763,Commune de Nérignac (86),false,{86176},Commune,2026-03-24 14:42:10.508772+01,gold_establishments_2025,,,,21860176300012,2025,Collectivité Territoriale,Commune,['Vienne'],['Nouvelle-Aquitaine'],COM,{86},{75}
3a2cb264-52da-49f1-a084-3843f4130044,210301958,Commune de Néris-les-Bains (03),false,{03195},Commune,2026-03-24 14:41:52.020251+01,gold_establishments_2025,,,,21030195800018,2025,Collectivité Territoriale,Commune,['Allier'],['Auvergne-Rhône-Alpes'],COM,{03},{84}
c2b031ca-d0a5-4500-b2e7-fd4784e5b960,212802755,Commune de Néron (28),false,{28275},Commune,2026-03-24 14:41:57.028721+01,gold_establishments_2025,,,,21280275500018,2025,Collectivité Territoriale,Commune,['Eure-et-Loir'],['Centre-Val de Loire'],COM,{28},{24}
cce1f89f-5806-457f-b456-6305c0712bb6,214201543,Commune de Néronde (42),false,{42154},Commune,2026-03-24 14:42:00.273698+01,gold_establishments_2025,,,,21420154300011,2025,Collectivité Territoriale,Commune,['Loire'],['Auvergne-Rhône-Alpes'],COM,{42},{84}
65f862eb-048c-44c7-987d-8e6d7c403b2f,216302497,Commune de Néronde-sur-Dore (63),false,{63249},Commune,2026-03-24 14:42:06.130387+01,gold_establishments_2025,,,,21630249700013,2025,Collectivité Territoriale,Commune,['Puy-de-Dôme'],['Auvergne-Rhône-Alpes'],COM,{63},{84}
9ef14c9a-b663-4564-ac8a-f6992faf1741,211801600,Commune de Nérondes (18),false,{18160},Commune,2026-03-24 14:41:54.903238+01,gold_establishments_2025,,,,21180160000019,2025,Collectivité Territoriale,Commune,['Cher'],['Centre-Val de Loire'],COM,{18},{24}
8c488e8e-b25f-4d90-8a5e-9eb7f5dd3afd,216004424,Commune de Néry (60),false,{60447},Commune,2026-03-24 14:42:04.814328+01,gold_establishments_2025,,,,21600442400018,2025,Collectivité Territoriale,Commune,['Oise'],['Hauts-de-France'],COM,{60},{32}
8f8de438-bf5c-4cdc-924d-170918242690,211702576,Commune de Néré (17),false,{17257},Commune,2026-03-24 14:41:54.903238+01,gold_establishments_2025,,,,21170257600011,2025,Collectivité Territoriale,Commune,['Charente-Maritime'],['Nouvelle-Aquitaine'],COM,{17},{75}
ab3b7192-a044-46f4-9b92-3879f3b1ff0d,210500930,Commune de Névache (05),false,{05093},Commune,2026-03-24 14:41:52.562531+01,gold_establishments_2025,,,,21050093000016,2025,Collectivité Territoriale,Commune,['Hautes-Alpes'],"[""Provence-Alpes-Côte d'Azur""]",COM,{05},{93}
68c545d7-d56a-48e3-9d12-c72db86ea1a1,212901532,Commune de Névez (29),false,{29153},Commune,2026-03-24 14:41:57.028721+01,gold_establishments_2025,,,,21290153200011,2025,Collectivité Territoriale,Commune,['Finistère'],['Bretagne'],COM,{29},{53}
6cf2e88d-f490-47aa-8b1c-dc839e5c0137,211102645,Commune de Névian (11),false,{11264},Commune,2026-03-24 14:41:53.63825+01,gold_establishments_2025,,,,21110264500010,2025,Collectivité Territoriale,Commune,['Aude'],['Occitanie'],COM,{11},{76}
7f9104c4-dc23-4e94-b2ad-d0a266a01500,217604677,Commune de Néville (76),false,{76467},Commune,2026-03-24 14:42:08.818969+01,gold_establishments_2025,,,,21760467700013,2025,Collectivité Territoriale,Commune,['Seine-Maritime'],['Normandie'],COM,{76},{28}
5fa3ba9e-c411-40a9-bfc7-6eb9817680d2,217804517,Commune de Nézel (78),false,{78451},Commune,2026-03-24 14:42:09.43682+01,gold_establishments_2025,,,,21780451700019,2025,Collectivité Territoriale,Commune,['Yvelines'],['Île-de-France'],COM,{78},{11}
ca371b96-0129-4373-b4b5-c36ca9afa422,213401821,Commune de Nézignan-l'Évêque (34),false,{34182},Commune,2026-03-24 14:41:58.620411+01,gold_establishments_2025,,,,21340182100011,2025,Collectivité Territoriale,Commune,['Hérault'],['Occitanie'],COM,{34},{76}
99a3b47e-1947-4822-8aca-cc7273c27f12,213001894,Commune de Nîmes (30),false,{30189},Commune,2026-03-24 14:41:57.56054+01,gold_establishments_2025,,,,21300189400012,2025,Collectivité Territoriale,Commune,['Gard'],['Occitanie'],COM,{30},{76}
ece4a75a-eb0c-4065-abd9-f92102d2fa1d,216206177,Commune de Nœux-les-Mines (62),false,{62617},Commune,2026-03-24 14:42:05.597325+01,gold_establishments_2025,,,,21620617700018,2025,Collectivité Territoriale,Commune,['Pas-de-Calais'],['Hauts-de-France'],COM,{62},{32}
6c01293f-ba74-4e5c-b422-1355e2eb7958,216206169,Commune de Nœux-lès-Auxi (62),false,{62616},Commune,2026-03-24 14:42:05.597325+01,gold_establishments_2025,,,,21620616900015,2025,Collectivité Territoriale,Commune,['Pas-de-Calais'],['Hauts-de-France'],COM,{62},{32}
fac5096c-0b55-471f-9826-0dd4dd710058,216703389,Commune de Obenheim (67),false,{67338},Commune,2026-03-24 14:42:07.195692+01,gold_establishments_2025,,,,21670338900017,2025,Collectivité Territoriale,Commune,['Bas-Rhin'],['Grand Est'],COM,{67},{44}
c56fa143-3702-4597-b1ad-ff96d6a584c3,216703405,Commune de Oberbronn (67),false,{67340},Commune,2026-03-24 14:42:07.195692+01,gold_establishments_2025,,,,21670340500011,2025,Collectivité Territoriale,Commune,['Bas-Rhin'],['Grand Est'],COM,{67},{44}
a28c4c46-cb92-4389-8567-9d135b348326,216802397,Commune de Oberbruck (68),false,{68239},Commune,2026-03-24 14:42:07.195692+01,gold_establishments_2025,,,,21680239700010,2025,Collectivité Territoriale,Commune,['Haut-Rhin'],['Grand Est'],COM,{68},{44}
c684cb39-fe0c-4780-9350-43a5fa0cf37a,216703413,Commune de Oberdorf-Spachbach (67),false,{67341},Commune,2026-03-24 14:42:07.195692+01,gold_establishments_2025,,,,21670341300015,2025,Collectivité Territoriale,Commune,['Bas-Rhin'],['Grand Est'],COM,{67},{44}
51961bfa-312d-40e4-bd81-b7379bcdd29f,215705161,Commune de Oberdorff (57),false,{57516},Commune,2026-03-24 14:42:04.280096+01,gold_establishments_2025,,,,21570516100010,2025,Collectivité Territoriale,Commune,['Moselle'],['Grand Est'],COM,{57},{44}
c450bac7-cb44-4314-8c27-1322b12fc9d3,216802413,Commune de Oberentzen (68),false,{68241},Commune,2026-03-24 14:42:07.195692+01,gold_establishments_2025,,,,21680241300015,2025,Collectivité Territoriale,Commune,['Haut-Rhin'],['Grand Est'],COM,{68},{44}
9c50b761-61fb-412c-b025-32837c523f23,215705179,Commune de Obergailbach (57),false,{57517},Commune,2026-03-24 14:42:04.280096+01,gold_establishments_2025,,,,21570517900012,2025,Collectivité Territoriale,Commune,['Moselle'],['Grand Est'],COM,{57},{44}
748fdab3-6462-41cc-9d74-1a37ee1ca4a1,216703421,Commune de Oberhaslach (67),false,{67342},Commune,2026-03-24 14:42:07.195692+01,gold_establishments_2025,,,,21670342100018,2025,Collectivité Territoriale,Commune,['Bas-Rhin'],['Grand Est'],COM,{67},{44}
b6f19578-92f5-4973-8290-0c95697e0859,216703439,Commune de Oberhausbergen (67),false,{67343},Commune,2026-03-24 14:42:07.195692+01,gold_establishments_2025,,,,21670343900010,2025,Collectivité Territoriale,Commune,['Bas-Rhin'],['Grand Est'],COM,{67},{44}
06ff92c6-da4f-47e5-8e93-a65a6325e788,216802421,Commune de Oberhergheim (68),false,{68242},Commune,2026-03-24 14:42:07.195692+01,gold_establishments_2025,,,,21680242100018,2025,Collectivité Territoriale,Commune,['Haut-Rhin'],['Grand Est'],COM,{68},{44}
a42c9dc5-3184-4b82-854a-c79f23cc7f16,216703447,Commune de Oberhoffen-lès-Wissembourg (67),false,{67344},Commune,2026-03-24 14:42:07.195692+01,gold_establishments_2025,,,,21670344700013,2025,Collectivité Territoriale,Commune,['Bas-Rhin'],['Grand Est'],COM,{67},{44}
cde75a89-8c37-4fcd-99aa-6733a4ba1987,216703454,Commune de Oberhoffen-sur-Moder (67),false,{67345},Commune,2026-03-24 14:42:07.195692+01,gold_establishments_2025,,,,21670345400019,2025,Collectivité Territoriale,Commune,['Bas-Rhin'],['Grand Est'],COM,{67},{44}
0f5a1a44-c262-49cd-aaf5-349f862aaac6,216802439,Commune de Oberlarg (68),false,{68243},Commune,2026-03-24 14:42:07.195692+01,gold_establishments_2025,,,,21680243900051,2025,Collectivité Territoriale,Commune,['Haut-Rhin'],['Grand Est'],COM,{68},{44}
1c0310ec-674f-4abe-920d-2aa766f7e3fe,216703462,Commune de Oberlauterbach (67),false,{67346},Commune,2026-03-24 14:42:07.195692+01,gold_establishments_2025,,,,21670346200012,2025,Collectivité Territoriale,Commune,['Bas-Rhin'],['Grand Est'],COM,{67},{44}
f68afff4-0db6-4eaa-9f35-015ce0673741,216703470,Commune de Obermodern-Zutzendorf (67),false,{67347},Commune,2026-03-24 14:42:07.195692+01,gold_establishments_2025,,,,21670347000015,2025,Collectivité Territoriale,Commune,['Bas-Rhin'],['Grand Est'],COM,{67},{44}
69f70c0f-2fa0-4c1b-a892-cc92f9b29823,216802447,Commune de Obermorschwihr (68),false,{68244},Commune,2026-03-24 14:42:07.195692+01,gold_establishments_2025,,,,21680244700013,2025,Collectivité Territoriale,Commune,['Haut-Rhin'],['Grand Est'],COM,{68},{44}
1ae73cc2-16d4-4a01-b5e5-f619f8001c4a,216802454,Commune de Obermorschwiller (68),false,{68245},Commune,2026-03-24 14:42:07.195692+01,gold_establishments_2025,,,,21680245400019,2025,Collectivité Territoriale,Commune,['Haut-Rhin'],['Grand Est'],COM,{68},{44}
02cbfac4-709e-4db2-b4dd-52fb111112fb,216703488,Commune de Obernai (67),false,{67348},Commune,2026-03-24 14:42:07.195692+01,gold_establishments_2025,,,,21670348800017,2025,Collectivité Territoriale,Commune,['Bas-Rhin'],['Grand Est'],COM,{67},{44}
aee351ce-ec44-4936-a562-e69fed4ad6fa,216703496,Commune de Oberrœdern (67),false,{67349},Commune,2026-03-24 14:42:07.195692+01,gold_establishments_2025,,,,21670349600077,2025,Collectivité Territoriale,Commune,['Bas-Rhin'],['Grand Est'],COM,{67},{44}
7f0b3b31-fc85-499c-9b81-980c2b191a5c,216802462,Commune de Obersaasheim (68),false,{68246},Commune,2026-03-24 14:42:07.195692+01,gold_establishments_2025,,,,21680246200012,2025,Collectivité Territoriale,Commune,['Haut-Rhin'],['Grand Est'],COM,{68},{44}
11b2230a-b8ac-46f4-ac30-9f69061fc62f,216703504,Commune de Oberschaeffolsheim (67),false,{67350},Commune,2026-03-24 14:42:07.195692+01,gold_establishments_2025,,,,21670350400011,2025,Collectivité Territoriale,Commune,['Bas-Rhin'],['Grand Est'],COM,{67},{44}
d3bb4dac-75c2-4899-b9b8-6e7fbe740db9,216703520,Commune de Obersoultzbach (67),false,{67352},Commune,2026-03-24 14:42:07.195692+01,gold_establishments_2025,,,,21670352000017,2025,Collectivité Territoriale,Commune,['Bas-Rhin'],['Grand Est'],COM,{67},{44}
1bbbda8c-13e4-4a27-a08c-5b29f697357b,216703538,Commune de Obersteinbach (67),false,{67353},Commune,2026-03-24 14:42:07.195692+01,gold_establishments_2025,,,,21670353800019,2025,Collectivité Territoriale,Commune,['Bas-Rhin'],['Grand Est'],COM,{67},{44}
86d60c83-237b-4bff-a01f-e17266b41d2f,215705187,Commune de Oberstinzel (57),false,{57518},Commune,2026-03-24 14:42:04.280096+01,gold_establishments_2025,,,,21570518700015,2025,Collectivité Territoriale,Commune,['Moselle'],['Grand Est'],COM,{57},{44}
0f7dc8dc-be5b-4061-afc6-1ca1e99d4ee3,215705195,Commune de Obervisse (57),false,{57519},Commune,2026-03-24 14:42:04.280096+01,gold_establishments_2025,,,,21570519500018,2025,Collectivité Territoriale,Commune,['Moselle'],['Grand Est'],COM,{57},{44}
44a00bf5-16a8-4a79-8f6d-cd5b743eeb87,215904418,Commune de Obies (59),false,{59441},Commune,2026-03-24 14:42:04.280096+01,gold_establishments_2025,,,,21590441800039,2025,Collectivité Territoriale,Commune,['Nord'],['Hauts-de-France'],COM,{59},{32}
8ddc80c9-37b3-41de-ace3-141bd10199a1,211915301,Commune de Objat (19),false,{19153},Commune,2026-03-24 14:41:54.903238+01,gold_establishments_2025,,,,21191530100017,2025,Collectivité Territoriale,Commune,['Corrèze'],['Nouvelle-Aquitaine'],COM,{19},{75}
e14a68c9-0141-4cf8-8168-f49861a9800d,216206326,Commune de Oblinghem (62),false,{62632},Commune,2026-03-24 14:42:05.597325+01,gold_establishments_2025,,,,21620632600011,2025,Collectivité Territoriale,Commune,['Pas-de-Calais'],['Hauts-de-France'],COM,{62},{32}
5d4c09bd-5f73-42d9-8f31-80b253bb72de,215904426,Commune de Obrechies (59),false,{59442},Commune,2026-03-24 14:42:04.280096+01,gold_establishments_2025,,,,21590442600032,2025,Collectivité Territoriale,Commune,['Nord'],['Hauts-de-France'],COM,{59},{32}
360d7328-4f50-418c-87b4-86932fc94ff8,215705203,Commune de Obreck (57),false,{57520},Commune,2026-03-24 14:42:04.280096+01,gold_establishments_2025,,,,21570520300010,2025,Collectivité Territoriale,Commune,['Moselle'],['Grand Est'],COM,{57},{44}
23e02df4-57a7-489e-baa8-d8e22b397096,217703420,Commune de Obsonville (77),false,{77342},Commune,2026-03-24 14:42:09.43682+01,gold_establishments_2025,,,,21770342000018,2025,Collectivité Territoriale,Commune,['Seine-et-Marne'],['Île-de-France'],COM,{77},{11}
e7f59aa8-2b33-4680-b13b-c815bcf07660,213601453,Commune de Obterre (36),false,{36145},Commune,2026-03-24 14:41:59.160244+01,gold_establishments_2025,,,,21360145300011,2025,Collectivité Territoriale,Commune,['Indre'],['Centre-Val de Loire'],COM,{36},{24}
6cd637cc-736b-4f19-ad16-b11ca604943f,212104657,Commune de Obtrée (21),false,{21465},Commune,2026-03-24 14:41:55.433389+01,gold_establishments_2025,,,,21210465700011,2025,Collectivité Territoriale,Commune,"[""Côte-d'Or""]",['Bourgogne-Franche-Comté'],COM,{21},{27}
aa7138ed-3e95-4948-9d36-0734cc2d27d8,212001812,Commune de Ocana (2A),false,{2A181},Commune,2026-03-24 14:41:57.56054+01,gold_establishments_2025,,,,21200181200016,2025,Collectivité Territoriale,Commune,['Corse-du-Sud'],['Corse'],COM,{2A},{94}
cc0e22cf-b72e-4e83-833b-c80566b21606,216103143,Commune de Occagnes (61),false,{61314},Commune,2026-03-24 14:42:05.597325+01,gold_establishments_2025,,,,21610314300014,2025,Collectivité Territoriale,Commune,['Orne'],['Normandie'],COM,{61},{28}
8e7cc47c-d79f-4b2e-9bee-433ba0c6e46e,215202599,Commune de Occey (52),false,{52360},Commune,2026-03-24 14:42:01.954481+01,gold_establishments_2025,,,,21520259900019,2025,Collectivité Territoriale,Commune,['Haute-Marne'],['Grand Est'],COM,{52},{44}
b80e4313-ec08-4c1a-b462-49f54533b562,212001820,Commune de Occhiatana (2B),false,{2B182},Commune,2026-03-24 14:41:57.56054+01,gold_establishments_2025,,,,21200182000019,2025,Collectivité Territoriale,Commune,['Haute-Corse'],['Corse'],COM,{2B},{94}
9dc13a93-6ff6-4a29-8cfb-d6be70fc3ed8,218005692,Commune de Occoches (80),false,{80602},Commune,2026-03-24 14:42:09.967209+01,gold_establishments_2025,,,,21800569200015,2025,Collectivité Territoriale,Commune,['Somme'],['Hauts-de-France'],COM,{80},{32}
c111e433-dd90-4641-947b-f5903fa19f4f,218005700,Commune de Ochancourt (80),false,{80603},Commune,2026-03-24 14:42:09.967209+01,gold_establishments_2025,,,,21800570000016,2025,Collectivité Territoriale,Commune,['Somme'],['Hauts-de-France'],COM,{80},{32}
776bb9c4-0918-4c47-a6b9-db49c624b3e9,210802997,Commune de Oches (08),false,{08332},Commune,2026-03-24 14:41:53.095366+01,gold_establishments_2025,,,,21080299700010,2025,Collectivité Territoriale,Commune,['Ardennes'],['Grand Est'],COM,{08},{44}
b56253ae-7b13-4ace-9f53-f5b3470e8b20,215404054,Commune de Ochey (54),false,{54405},Commune,2026-03-24 14:42:02.957225+01,gold_establishments_2025,,,,21540405400011,2025,Collectivité Territoriale,Commune,['Meurthe-et-Moselle'],['Grand Est'],COM,{54},{44}
a2d07df0-0357-4a2c-96bc-99c1adf2ac8f,215904434,Commune de Ochtezeele (59),false,{59443},Commune,2026-03-24 14:42:04.280096+01,gold_establishments_2025,,,,21590443400010,2025,Collectivité Territoriale,Commune,['Nord'],['Hauts-de-France'],COM,{59},{32}
5362e56b-25de-41d3-b2c4-85ff5858124f,217703438,Commune de Ocquerre (77),false,{77343},Commune,2026-03-24 14:42:09.43682+01,gold_establishments_2025,,,,21770343800010,2025,Collectivité Territoriale,Commune,['Seine-et-Marne'],['Île-de-France'],COM,{77},{11}
2c423a05-2ac7-4121-8c5d-19c33f907c00,217604800,Commune de Ocqueville (76),false,{76480},Commune,2026-03-24 14:42:08.818969+01,gold_establishments_2025,,,,21760480000011,2025,Collectivité Territoriale,Commune,['Seine-Maritime'],['Normandie'],COM,{76},{28}
0eec42dc-41c6-44cf-b434-af1ae4972c47,215003849,Commune de Octeville-l'Avenel (50),false,{50384},Commune,2026-03-24 14:42:01.412377+01,gold_establishments_2025,,,,21500384900019,2025,Collectivité Territoriale,Commune,['Manche'],['Normandie'],COM,{50},{28}
94be6a8e-eb28-490f-bf9e-acd5c0c35022,217604818,Commune de Octeville-sur-Mer (76),false,{76481},Commune,2026-03-24 14:42:08.818969+01,gold_establishments_2025,,,,21760481800013,2025,Collectivité Territoriale,Commune,['Seine-Maritime'],['Normandie'],COM,{76},{28}
78e4ee5a-f17d-4851-8082-00aa0d50398c,213401862,Commune de Octon (34),false,{34186},Commune,2026-03-24 14:41:58.620411+01,gold_establishments_2025,,,,21340186200015,2025,Collectivité Territoriale,Commune,['Hérault'],['Occitanie'],COM,{34},{76}
6b9cac2f-b78a-44fd-8ca1-c440060a9de7,213104029,Commune de Odars (31),false,{31402},Commune,2026-03-24 14:41:58.09424+01,gold_establishments_2025,,,,21310402900011,2025,Collectivité Territoriale,Commune,['Haute-Garonne'],['Occitanie'],COM,{31},{76}
597179c4-d36a-47f8-908c-de338a72184b,216901454,Commune de Odenas (69),false,{69145},Commune,2026-03-24 14:42:07.195692+01,gold_establishments_2025,,,,21690145400019,2025,Collectivité Territoriale,Commune,['Rhône'],['Auvergne-Rhône-Alpes'],COM,{69},{84}
8043ee91-0944-4c29-bf6d-68f8d238a414,216802470,Commune de Oderen (68),false,{68247},Commune,2026-03-24 14:42:07.195692+01,gold_establishments_2025,,,,21680247000015,2025,Collectivité Territoriale,Commune,['Haut-Rhin'],['Grand Est'],COM,{68},{44}
7883818b-9f85-412a-b25c-9e0fc7e15ec9,215904442,Commune de Odomez (59),false,{59444},Commune,2026-03-24 14:42:04.280096+01,gold_establishments_2025,,,,21590444200013,2025,Collectivité Territoriale,Commune,['Nord'],['Hauts-de-France'],COM,{59},{32}
ff0f1786-f7f9-48fe-a46b-e23dcd661e95,216503318,Commune de Odos (65),false,{65331},Commune,2026-03-24 14:42:06.665412+01,gold_establishments_2025,,,,21650331800018,2025,Collectivité Territoriale,Commune,['Hautes-Pyrénées'],['Occitanie'],COM,{65},{76}
821d9f0f-bacd-46a1-a397-fecb8365dce0,216703546,Commune de Odratzheim (67),false,{67354},Commune,2026-03-24 14:42:07.195692+01,gold_establishments_2025,,,,21670354600012,2025,Collectivité Territoriale,Commune,['Bas-Rhin'],['Grand Est'],COM,{67},{44}
a3029a93-d4ee-4bd5-bd9c-14828504bd0b,216703553,Commune de Oermingen (67),false,{67355},Commune,2026-03-24 14:42:07.195692+01,gold_establishments_2025,,,,21670355300018,2025,Collectivité Territoriale,Commune,['Bas-Rhin'],['Grand Est'],COM,{67},{44}
4cfc5699-aa16-4cdc-9fbb-48d721ec2609,214002065,Commune de Oeyregave (40),false,{40206},Commune,2026-03-24 14:41:59.705606+01,gold_establishments_2025,,,,21400206500016,2025,Collectivité Territoriale,Commune,['Landes'],['Nouvelle-Aquitaine'],COM,{40},{75}
1f9ab37a-4243-4f0b-b827-608aafb562d1,214002073,Commune de Oeyreluy (40),false,{40207},Commune,2026-03-24 14:41:59.705606+01,gold_establishments_2025,,,,21400207300010,2025,Collectivité Territoriale,Commune,['Landes'],['Nouvelle-Aquitaine'],COM,{40},{75}
89befab7-24ab-4312-8acb-14a14e6e86fa,216206342,Commune de Offekerque (62),false,{62634},Commune,2026-03-24 14:42:05.597325+01,gold_establishments_2025,,,,21620634200018,2025,Collectivité Territoriale,Commune,['Pas-de-Calais'],['Hauts-de-France'],COM,{62},{32}
23397de4-28d8-4d08-89b1-f099013e97dd,219000759,Commune de Offemont (90),false,{90075},Commune,2026-03-24 14:42:11.659493+01,gold_establishments_2025,,,,21900075900015,2025,Collectivité Territoriale,Commune,['Territoire de Belfort'],['Bourgogne-Franche-Comté'],COM,{90},{27}
a0048e60-39d3-484f-a639-e7bd77e06e98,216703561,Commune de Offendorf (67),false,{67356},Commune,2026-03-24 14:42:07.195692+01,gold_establishments_2025,,,,21670356100011,2025,Collectivité Territoriale,Commune,['Bas-Rhin'],['Grand Est'],COM,{67},{44}
b58f748b-6889-4d9a-92a6-98f7ea87c2d2,218005718,Commune de Offignies (80),false,{80604},Commune,2026-03-24 14:42:09.967209+01,gold_establishments_2025,,,,21800571800018,2025,Collectivité Territoriale,Commune,['Somme'],['Hauts-de-France'],COM,{80},{32}
5934ff73-b82f-44b9-9c3b-6b0b9e8289ba,216206359,Commune de Offin (62),false,{62635},Commune,2026-03-24 14:42:05.597325+01,gold_establishments_2025,,,,21620635900012,2025,Collectivité Territoriale,Commune,['Pas-de-Calais'],['Hauts-de-France'],COM,{62},{32}
cab752dd-03d5-4acd-b38b-241435bf6660,213903925,Commune de Offlanges (39),false,{39392},Commune,2026-03-24 14:41:59.705606+01,gold_establishments_2025,,,,21390392500013,2025,Collectivité Territoriale,Commune,['Jura'],['Bourgogne-Franche-Comté'],COM,{39},{27}
c179f943-a8a9-4b42-9d29-9470f8f72bad,216004663,Commune de Offoy (60),false,{60472},Commune,2026-03-24 14:42:04.814328+01,gold_establishments_2025,,,,21600466300011,2025,Collectivité Territoriale,Commune,['Oise'],['Hauts-de-France'],COM,{60},{32}
c6760f07-4ad3-4f3f-afe1-073e2ceaf993,218005726,Commune de Offoy (80),false,{80605},Commune,2026-03-24 14:42:09.967209+01,gold_establishments_2025,,,,21800572600011,2025,Collectivité Territoriale,Commune,['Somme'],['Hauts-de-France'],COM,{80},{32}
759d2477-c3d2-4ed8-a419-e47e769d89a9,217604826,Commune de Offranville (76),false,{76482},Commune,2026-03-24 14:42:08.818969+01,gold_establishments_2025,,,,21760482600016,2025,Collectivité Territoriale,Commune,['Seine-Maritime'],['Normandie'],COM,{76},{28}
065db037-c002-4999-9152-51f4c473d4f1,216206367,Commune de Offrethun (62),false,{62636},Commune,2026-03-24 14:42:05.597325+01,gold_establishments_2025,,,,21620636700015,2025,Collectivité Territoriale,Commune,['Pas-de-Calais'],['Hauts-de-France'],COM,{62},{32}
7213270b-91fd-45c8-9caf-d7a1973068f7,218803351,Commune de Offroicourt (88),false,{88335},Commune,2026-03-24 14:42:11.118516+01,gold_establishments_2025,,,,21880335100012,2025,Collectivité Territoriale,Commune,['Vosges'],['Grand Est'],COM,{88},{44}
1dec5224-e99f-4369-87fb-e9024160ab78,216703587,Commune de Offwiller (67),false,{67358},Commune,2026-03-24 14:42:07.195692+01,gold_establishments_2025,,,,21670358700016,2025,Collectivité Territoriale,Commune,['Bas-Rhin'],['Grand Est'],COM,{67},{44}
db497011-def8-4222-82a1-a03e1a4c41cc,216404202,Commune de Ogenne-Camptort (64),false,{64420},Commune,2026-03-24 14:42:06.665412+01,gold_establishments_2025,,,,21640420200014,2025,Collectivité Territoriale,Commune,['Pyrénées-Atlantiques'],['Nouvelle-Aquitaine'],COM,{64},{75}
b3b52678-47d2-47bb-81a7-c56000ac7611,216404210,Commune de Ogeu-les-Bains (64),false,{64421},Commune,2026-03-24 14:42:06.665412+01,gold_establishments_2025,,,,21640421000017,2025,Collectivité Territoriale,Commune,['Pyrénées-Atlantiques'],['Nouvelle-Aquitaine'],COM,{64},{75}
eb23d431-9cb4-49e9-87fe-62f075f9bf18,212001838,Commune de Ogliastro (2B),false,{2B183},Commune,2026-03-24 14:41:57.56054+01,gold_establishments_2025,,,,21200183800011,2025,Collectivité Territoriale,Commune,['Haute-Corse'],['Corse'],COM,{2B},{94}
86ccc480-d918-4bb1-a237-0976cb5788c2,210205431,Commune de Ognes (02),false,{02566},Commune,2026-03-24 14:41:52.020251+01,gold_establishments_2025,,,,21020543100013,2025,Collectivité Territoriale,Commune,['Aisne'],['Hauts-de-France'],COM,{02},{32}
24d58b5d-ead1-4dea-a6f4-ff9066a2dd5c,215103805,Commune de Ognes (51),false,{51412},Commune,2026-03-24 14:42:01.954481+01,gold_establishments_2025,,,,21510380500010,2025,Collectivité Territoriale,Commune,['Marne'],['Grand Est'],COM,{51},{44}
22da9cd7-ca29-4a52-8567-e5dd853be202,216004671,Commune de Ognes (60),false,{60473},Commune,2026-03-24 14:42:04.814328+01,gold_establishments_2025,,,,21600467100014,2025,Collectivité Territoriale,Commune,['Oise'],['Hauts-de-France'],COM,{60},{32}
40716f8b-7594-4d6e-bdae-37f3c714abbc,216004689,Commune de Ognolles (60),false,{60474},Commune,2026-03-24 14:42:04.814328+01,gold_establishments_2025,,,,21600468900016,2025,Collectivité Territoriale,Commune,['Oise'],['Hauts-de-France'],COM,{60},{32}
59bc227c-c9a5-41fb-9b9e-a1e087c0fe9c,215404070,Commune de Ognéville (54),false,{54407},Commune,2026-03-24 14:42:02.957225+01,gold_establishments_2025,,,,21540407000017,2025,Collectivité Territoriale,Commune,['Meurthe-et-Moselle'],['Grand Est'],COM,{54},{44}
c2c46c1f-c981-4c32-86f7-1c4a4a252744,200073609,Commune de Ogy-Montoy-Flanville (57),false,{57482},Commune,2026-03-24 14:42:03.701372+01,gold_establishments_2025,,,,20007360900014,2025,Collectivité Territoriale,Commune,['Moselle'],['Grand Est'],COM,{57},{44}
b53d03fd-d726-431a-a70d-efaa53b060d9,215404062,Commune de Ogéviller (54),false,{54406},Commune,2026-03-24 14:42:02.957225+01,gold_establishments_2025,,,,21540406200014,2025,Collectivité Territoriale,Commune,['Meurthe-et-Moselle'],['Grand Est'],COM,{54},{44}
f454afc6-d944-4ddf-8bbc-fd26f77f9f88,215904459,Commune de Ohain (59),false,{59445},Commune,2026-03-24 14:42:04.280096+01,gold_establishments_2025,,,,21590445900017,2025,Collectivité Territoriale,Commune,['Nord'],['Hauts-de-France'],COM,{59},{32}
180faee6-745a-45e2-b9bc-b181c7c0765c,217604834,Commune de Oherville (76),false,{76483},Commune,2026-03-24 14:42:08.818969+01,gold_establishments_2025,,,,21760483400010,2025,Collectivité Territoriale,Commune,['Seine-Maritime'],['Normandie'],COM,{76},{28}
5c614ed6-d452-4b35-aa12-6d504014bb22,210205449,Commune de Ohis (02),false,{02567},Commune,2026-03-24 14:41:52.020251+01,gold_establishments_2025,,,,21020544900015,2025,Collectivité Territoriale,Commune,['Aisne'],['Hauts-de-France'],COM,{02},{32}
44df7903-69d7-407c-9511-87e233d27e67,216703595,Commune de Ohlungen (67),false,{67359},Commune,2026-03-24 14:42:07.195692+01,gold_establishments_2025,,,,21670359500019,2025,Collectivité Territoriale,Commune,['Bas-Rhin'],['Grand Est'],COM,{67},{44}
eb12f91b-8e3c-42cd-b149-f51afb86b72c,216703603,Commune de Ohnenheim (67),false,{67360},Commune,2026-03-24 14:42:07.195692+01,gold_establishments_2025,,,,21670360300011,2025,Collectivité Territoriale,Commune,['Bas-Rhin'],['Grand Est'],COM,{67},{44}
fb33787f-7304-4842-88b2-29f516b89c31,217003920,Commune de Oigney (70),false,{70392},Commune,2026-03-24 14:42:07.735343+01,gold_establishments_2025,,,,21700392000014,2025,Collectivité Territoriale,Commune,['Haute-Saône'],['Bourgogne-Franche-Comté'],COM,{70},{27}
ebec50bc-c7f5-4763-8fa3-ec6d1bf7f062,216206375,Commune de Oignies (62),false,{62637},Commune,2026-03-24 14:42:05.597325+01,gold_establishments_2025,,,,21620637500018,2025,Collectivité Territoriale,Commune,['Pas-de-Calais'],['Hauts-de-France'],COM,{62},{32}
ffd7c3e3-e36b-4a3e-a5e8-813438e6c08c,212104665,Commune de Oigny (21),false,{21466},Commune,2026-03-24 14:41:55.433389+01,gold_establishments_2025,,,,21210466500014,2025,Collectivité Territoriale,Commune,"[""Côte-d'Or""]",['Bourgogne-Franche-Comté'],COM,{21},{27}
c2e4ff65-f5a4-4934-95b2-0ac7041ef97d,210205456,Commune de Oigny-en-Valois (02),false,{02568},Commune,2026-03-24 14:41:52.020251+01,gold_establishments_2025,,,,21020545600010,2025,Collectivité Territoriale,Commune,['Aisne'],['Hauts-de-France'],COM,{02},{32}
5ff108eb-e129-4798-a475-5d61c9389f62,212802847,Commune de Oinville-Saint-Liphard (28),false,{28284},Commune,2026-03-24 14:41:57.028721+01,gold_establishments_2025,,,,21280284700013,2025,Collectivité Territoriale,Commune,['Eure-et-Loir'],['Centre-Val de Loire'],COM,{28},{24}
3c9d2e03-000a-42dc-98f0-570f8c20ec9c,212802854,Commune de Oinville-sous-Auneau (28),false,{28285},Commune,2026-03-24 14:41:57.028721+01,gold_establishments_2025,,,,21280285400019,2025,Collectivité Territoriale,Commune,['Eure-et-Loir'],['Centre-Val de Loire'],COM,{28},{24}
6d918bc6-4919-44a3-8f8b-39c4eea48cf5,217804608,Commune de Oinville-sur-Montcient (78),false,{78460},Commune,2026-03-24 14:42:09.43682+01,gold_establishments_2025,,,,21780460800016,2025,Collectivité Territoriale,Commune,['Yvelines'],['Île-de-France'],COM,{78},{11}
5a7f3f7f-af2f-491f-bf57-8b4482966c5b,215103813,Commune de Oiry (51),false,{51413},Commune,2026-03-24 14:42:01.954481+01,gold_establishments_2025,,,,21510381300014,2025,Collectivité Territoriale,Commune,['Marne'],['Grand Est'],COM,{51},{44}
124d6cd4-07d5-491a-a2cc-f730ab3f7214,217003938,Commune de Oiselay-et-Grachaux (70),false,{70393},Commune,2026-03-24 14:42:07.735343+01,gold_establishments_2025,,,,21700393800016,2025,Collectivité Territoriale,Commune,['Haute-Saône'],['Bourgogne-Franche-Comté'],COM,{70},{27}
61417ec7-f9af-4e06-a52c-17a79c799345,218005734,Commune de Oisemont (80),false,{80606},Commune,2026-03-24 14:42:09.967209+01,gold_establishments_2025,,,,21800573400015,2025,Collectivité Territoriale,Commune,['Somme'],['Hauts-de-France'],COM,{80},{32}
7415dbb8-78e3-4dde-bd97-532d80d1804a,212104673,Commune de Oisilly (21),false,{21467},Commune,2026-03-24 14:41:55.433389+01,gold_establishments_2025,,,,21210467300018,2025,Collectivité Territoriale,Commune,"[""Côte-d'Or""]",['Bourgogne-Franche-Comté'],COM,{21},{27}
b8555cbd-8f21-42f9-95c2-4857e4836585,214101669,Commune de Oisly (41),false,{41166},Commune,2026-03-24 14:42:00.273698+01,gold_establishments_2025,,,,21410166900015,2025,Collectivité Territoriale,Commune,['Loir-et-Cher'],['Centre-Val de Loire'],COM,{41},{24}
60168fb1-b057-4786-8521-46b413266728,214502312,Commune de Oison (45),false,{45231},Commune,2026-03-24 14:42:00.862623+01,gold_establishments_2025,,,,21450231200017,2025,Collectivité Territoriale,Commune,['Loiret'],['Centre-Val de Loire'],COM,{45},{24}
8d8295a5-81c4-4556-9bdc-c0ec501b3746,215301706,Commune de Oisseau (53),false,{53170},Commune,2026-03-24 14:42:02.957225+01,gold_establishments_2025,,,,21530170600010,2025,Collectivité Territoriale,Commune,['Mayenne'],['Pays de la Loire'],COM,{53},{52}
a3bd7386-147e-4b5d-88b8-a890a95efd0f,217202258,Commune de Oisseau-le-Petit (72),false,{72225},Commune,2026-03-24 14:42:08.279287+01,gold_establishments_2025,,,,21720225800018,2025,Collectivité Territoriale,Commune,['Sarthe'],['Pays de la Loire'],COM,{72},{52}
090136c1-84e4-4af2-a1b6-ac5ebc755cfe,217604842,Commune de Oissel (76),false,{76484},Commune,2026-03-24 14:42:08.818969+01,gold_establishments_2025,,,,21760484200013,2025,Collectivité Territoriale,Commune,['Seine-Maritime'],['Normandie'],COM,{76},{28}
24b14588-f037-4b07-99ec-31c86d0b0765,217703446,Commune de Oissery (77),false,{77344},Commune,2026-03-24 14:42:09.43682+01,gold_establishments_2025,,,,21770344600013,2025,Collectivité Territoriale,Commune,['Seine-et-Marne'],['Île-de-France'],COM,{77},{11}
0638f24b-016c-4078-b8a7-d3ed36dc0d3c,218005742,Commune de Oissy (80),false,{80607},Commune,2026-03-24 14:42:09.967209+01,gold_establishments_2025,,,,21800574200018,2025,Collectivité Territoriale,Commune,['Somme'],['Hauts-de-France'],COM,{80},{32}
c3d038d0-3833-4ae5-bdc6-e5b8392a16bc,210205464,Commune de Oisy (02),false,{02569},Commune,2026-03-24 14:41:52.020251+01,gold_establishments_2025,,,,21020546400014,2025,Collectivité Territoriale,Commune,['Aisne'],['Hauts-de-France'],COM,{02},{32}
06cad84b-9a17-4a55-ae18-ac6c24b3a3fd,215801986,Commune de Oisy (58),false,{58198},Commune,2026-03-24 14:42:04.280096+01,gold_establishments_2025,,,,21580198600013,2025,Collectivité Territoriale,Commune,['Nièvre'],['Bourgogne-Franche-Comté'],COM,{58},{27}
a1bd4407-af21-4f10-ab6b-d1085446ced8,215904467,Commune de Oisy (59),false,{59446},Commune,2026-03-24 14:42:04.814328+01,gold_establishments_2025,,,,21590446700010,2025,Collectivité Territoriale,Commune,['Nord'],['Hauts-de-France'],COM,{59},{32}
8a6c435e-50eb-41de-bc20-12bdb828fd7f,216206383,Commune de Oisy-le-Verger (62),false,{62638},Commune,2026-03-24 14:42:05.597325+01,gold_establishments_2025,,,,21620638300012,2025,Collectivité Territoriale,Commune,['Pas-de-Calais'],['Hauts-de-France'],COM,{62},{32}
495e2fa3-ae5b-4a02-9130-c43e4ad4ea3c,211801709,Commune de Oizon (18),false,{18170},Commune,2026-03-24 14:41:54.903238+01,gold_establishments_2025,,,,21180170900018,2025,Collectivité Territoriale,Commune,['Cher'],['Centre-Val de Loire'],COM,{18},{24}
bdcade80-f31a-4e52-b352-3abff7d09eea,217202266,Commune de Oizé (72),false,{72226},Commune,2026-03-24 14:42:08.279287+01,gold_establishments_2025,,,,21720226600011,2025,Collectivité Territoriale,Commune,['Sarthe'],['Pays de la Loire'],COM,{72},{52}
18bc9788-7cd7-4c2b-85b1-fb84f0400ee7,213401870,Commune de Olargues (34),false,{34187},Commune,2026-03-24 14:41:58.620411+01,gold_establishments_2025,,,,21340187000018,2025,Collectivité Territoriale,Commune,['Hérault'],['Occitanie'],COM,{34},{76}
fd4b5f5b-c6e2-479c-affa-6f496b205a45,216302570,Commune de Olby (63),false,{63257},Commune,2026-03-24 14:42:06.130387+01,gold_establishments_2025,,,,21630257000017,2025,Collectivité Territoriale,Commune,['Puy-de-Dôme'],['Auvergne-Rhône-Alpes'],COM,{63},{84}
4d74496e-054c-43c9-a374-9732d49b0775,212001846,Commune de Olcani (2B),false,{2B184},Commune,2026-03-24 14:41:57.56054+01,gold_establishments_2025,,,,21200184600014,2025,Collectivité Territoriale,Commune,['Haute-Corse'],['Corse'],COM,{2B},{94}
b488ac12-91cd-44c0-a779-3c0ff12856df,211201744,Commune de Olemps (12),false,{12174},Commune,2026-03-24 14:41:53.63825+01,gold_establishments_2025,,,,21120174400011,2025,Collectivité Territoriale,Commune,['Aveyron'],['Occitanie'],COM,{12},{76}
96eae277-1001-4bd1-818c-0ee106594104,211404769,Commune de Olendon (14),false,{14476},Commune,2026-03-24 14:41:54.362296+01,gold_establishments_2025,,,,21140476900013,2025,Collectivité Territoriale,Commune,['Calvados'],['Normandie'],COM,{14},{28}
f600398c-788c-48e8-a9bb-7e419d2b1035,212001853,Commune de Oletta (2B),false,{2B185},Commune,2026-03-24 14:41:57.56054+01,gold_establishments_2025,,,,21200185300010,2025,Collectivité Territoriale,Commune,['Haute-Corse'],['Corse'],COM,{2B},{94}
6ec78f66-a4b0-4538-b560-dda19f3cf50c,216601252,Commune de Olette (66),false,{66125},Commune,2026-03-24 14:42:06.665412+01,gold_establishments_2025,,,,21660125200010,2025,Collectivité Territoriale,Commune,['Pyrénées-Orientales'],['Occitanie'],COM,{66},{76}
d0d3fd42-412f-4cce-b1b9-280c69775c44,212001861,Commune de Olivese (2A),false,{2A186},Commune,2026-03-24 14:41:57.56054+01,gold_establishments_2025,,,,21200186100013,2025,Collectivité Territoriale,Commune,['Corse-du-Sud'],['Corse'],COM,{2A},{94}
2989d964-cbb8-428b-9cb0-a143ece421a9,214502320,Commune de Olivet (45),false,{45232},Commune,2026-03-24 14:42:00.862623+01,gold_establishments_2025,,,,21450232000010,2025,Collectivité Territoriale,Commune,['Loiret'],['Centre-Val de Loire'],COM,{45},{24}
11cadf1e-f137-4e79-8bce-66b5d085fe7f,215301698,Commune de Olivet (53),false,{53169},Commune,2026-03-24 14:42:02.957225+01,gold_establishments_2025,,,,21530169800019,2025,Collectivité Territoriale,Commune,['Mayenne'],['Pays de la Loire'],COM,{53},{52}
3802bcae-78cf-4925-9bf8-f21323f180e4,215103821,Commune de Olizy (51),false,{51414},Commune,2026-03-24 14:42:01.954481+01,gold_establishments_2025,,,,21510382100017,2025,Collectivité Territoriale,Commune,['Marne'],['Grand Est'],COM,{51},{44}
0c354fb1-911f-42a1-920a-8616bf76419d,210803003,Commune de Olizy-Primat (08),false,{08333},Commune,2026-03-24 14:41:53.095366+01,gold_establishments_2025,,,,21080300300016,2025,Collectivité Territoriale,Commune,['Ardennes'],['Grand Est'],COM,{08},{44}
1e6654dd-7d82-495a-aaf7-527da104fec9,215503913,Commune de Olizy-sur-Chiers (55),false,{55391},Commune,2026-03-24 14:42:03.701372+01,gold_establishments_2025,,,,21550391300018,2025,Collectivité Territoriale,Commune,['Meuse'],['Grand Est'],COM,{55},{44}
76879191-1989-4ddf-83f5-827be55530cd,218803369,Commune de Ollainville (88),false,{88336},Commune,2026-03-24 14:42:11.118516+01,gold_establishments_2025,,,,21880336900014,2025,Collectivité Territoriale,Commune,['Vosges'],['Grand Est'],COM,{88},{44}
a71767c3-6aec-416d-b7f9-180d907c7b20,219104619,Commune de Ollainville (91),false,{91461},Commune,2026-03-24 14:42:11.659493+01,gold_establishments_2025,,,,21910461900073,2025,Collectivité Territoriale,Commune,['Essonne'],['Île-de-France'],COM,{91},{11}
e1d247d6-1c61-4599-960c-5258a620b32a,212504302,Commune de Ollans (25),false,{25430},Commune,2026-03-24 14:41:56.495197+01,gold_establishments_2025,,,,21250430200010,2025,Collectivité Territoriale,Commune,['Doubs'],['Bourgogne-Franche-Comté'],COM,{25},{27}
456542f1-aa9c-4da4-a374-0c4c1bd2a309,215404088,Commune de Olley (54),false,{54408},Commune,2026-03-24 14:42:02.957225+01,gold_establishments_2025,,,,21540408800019,2025,Collectivité Territoriale,Commune,['Meurthe-et-Moselle'],['Grand Est'],COM,{54},{44}
f5710521-1ec5-4b26-9986-30e50c5cc0f2,210205472,Commune de Ollezy (02),false,{02570},Commune,2026-03-24 14:41:52.020251+01,gold_establishments_2025,,,,21020547200017,2025,Collectivité Territoriale,Commune,['Aisne'],['Hauts-de-France'],COM,{02},{32}
cbe3da7e-97ed-4974-bb05-6a9dd6d5e2db,216302588,Commune de Olliergues (63),false,{63258},Commune,2026-03-24 14:42:06.130387+01,gold_establishments_2025,,,,21630258800019,2025,Collectivité Territoriale,Commune,['Puy-de-Dôme'],['Auvergne-Rhône-Alpes'],COM,{63},{84}
add46c34-21c6-43c6-8e4b-a6677ec78c60,218300903,Commune de Ollioules (83),false,{83090},Commune,2026-03-24 14:42:10.508772+01,gold_establishments_2025,,,,21830090300018,2025,Collectivité Territoriale,Commune,['Var'],"[""Provence-Alpes-Côte d'Azur""]",COM,{83},{93}
75083faf-cb48-432f-94fb-e769aa4dd237,218300895,Commune de Ollières (83),false,{83089},Commune,2026-03-24 14:42:10.508772+01,gold_establishments_2025,,,,21830089500016,2025,Collectivité Territoriale,Commune,['Var'],"[""Provence-Alpes-Côte d'Azur""]",COM,{83},{93}
e510ea98-fc8b-4005-8bc0-31a22ca5216c,216302596,Commune de Olloix (63),false,{63259},Commune,2026-03-24 14:42:06.130387+01,gold_establishments_2025,,,,21630259600012,2025,Collectivité Territoriale,Commune,['Puy-de-Dôme'],['Auvergne-Rhône-Alpes'],COM,{63},{84}
8cfc05b3-136d-4047-9416-2452087c3f10,212802862,Commune de Ollé (28),false,{28286},Commune,2026-03-24 14:41:57.028721+01,gold_establishments_2025,,,,21280286200012,2025,Collectivité Territoriale,Commune,['Eure-et-Loir'],['Centre-Val de Loire'],COM,{28},{24}
ffa72e96-3cb7-4e2e-9465-125ffb9b4dff,216302604,Commune de Olmet (63),false,{63260},Commune,2026-03-24 14:42:06.130387+01,gold_establishments_2025,,,,21630260400014,2025,Collectivité Territoriale,Commune,['Puy-de-Dôme'],['Auvergne-Rhône-Alpes'],COM,{63},{84}
d16b817c-5d01-4659-b720-f611ab8e494c,213401888,Commune de Olmet-et-Villecun (34),false,{34188},Commune,2026-03-24 14:41:58.620411+01,gold_establishments_2025,,,,21340188800010,2025,Collectivité Territoriale,Commune,['Hérault'],['Occitanie'],COM,{34},{76}
f390345e-6bdc-4702-8510-65a688e6e3f6,212001879,Commune de Olmeta-di-Capocorso (2B),false,{2B187},Commune,2026-03-24 14:41:57.56054+01,gold_establishments_2025,,,,21200187900015,2025,Collectivité Territoriale,Commune,['Haute-Corse'],['Corse'],COM,{2B},{94}
a0a7f1d7-e8de-4ec0-a1de-18288f68707e,212001887,Commune de Olmeta-di-Tuda (2B),false,{2B188},Commune,2026-03-24 14:41:57.56054+01,gold_establishments_2025,,,,21200188700018,2025,Collectivité Territoriale,Commune,['Haute-Corse'],['Corse'],COM,{2B},{94}
417355b6-973d-4feb-acd3-c8e69488fd65,212001895,Commune de Olmeto (2A),false,{2A189},Commune,2026-03-24 14:41:57.56054+01,gold_establishments_2025,,,,21200189500011,2025,Collectivité Territoriale,Commune,['Corse-du-Sud'],['Corse'],COM,{2A},{94}
7139cf46-cceb-43e6-9605-9bc6842a7bba,212001903,Commune de Olmi-Cappella (2B),false,{2B190},Commune,2026-03-24 14:41:57.56054+01,gold_establishments_2025,,,,21200190300013,2025,Collectivité Territoriale,Commune,['Haute-Corse'],['Corse'],COM,{2B},{94}
2eb4b5a4-8808-4ec7-8140-a45967af78d7,212001911,Commune de Olmiccia (2A),false,{2A191},Commune,2026-03-24 14:41:57.56054+01,gold_establishments_2025,,,,21200191100016,2025,Collectivité Territoriale,Commune,['Corse-du-Sud'],['Corse'],COM,{2A},{94}
1a66156e-d901-4f3e-ac9a-1018156edbb9,212001929,Commune de Olmo (2B),false,{2B192},Commune,2026-03-24 14:41:57.56054+01,gold_establishments_2025,,,,21200192900018,2025,Collectivité Territoriale,Commune,['Haute-Corse'],['Corse'],COM,{2B},{94}
fb683e6a-d029-4df7-8dea-0757fe638b12,213401896,Commune de Olonzac (34),false,{34189},Commune,2026-03-24 14:41:58.620411+01,gold_establishments_2025,,,,21340189600013,2025,Collectivité Territoriale,Commune,['Hérault'],['Occitanie'],COM,{34},{76}
d7d37f49-0bef-4f43-9124-428e964229d0,216404228,Commune de Oloron-Sainte-Marie (64),false,{64422},Commune,2026-03-24 14:42:06.665412+01,gold_establishments_2025,,,,21640422800019,2025,Collectivité Territoriale,Commune,['Pyrénées-Atlantiques'],['Nouvelle-Aquitaine'],COM,{64},{75}
45403d35-2599-45a1-89e4-e48ad457948f,211201751,Commune de Ols-et-Rinhodes (12),false,{12175},Commune,2026-03-24 14:41:53.63825+01,gold_establishments_2025,,,,21120175100016,2025,Collectivité Territoriale,Commune,['Aveyron'],['Occitanie'],COM,{12},{76}
7b684824-3be7-41ca-9572-73062c9a7821,216802488,Commune de Oltingue (68),false,{68248},Commune,2026-03-24 14:42:07.195692+01,gold_establishments_2025,,,,21680248800017,2025,Collectivité Territoriale,Commune,['Haut-Rhin'],['Grand Est'],COM,{68},{44}
beca4dea-c5b7-4317-9fad-7d37742068a3,216703611,Commune de Olwisheim (67),false,{67361},Commune,2026-03-24 14:42:07.195692+01,gold_establishments_2025,,,,21670361100014,2025,Collectivité Territoriale,Commune,['Bas-Rhin'],['Grand Est'],COM,{67},{44}
57817d69-77cb-4459-9f30-5bbb10d5bab6,216503326,Commune de Oléac-Debat (65),false,{65332},Commune,2026-03-24 14:42:06.665412+01,gold_establishments_2025,,,,21650332600011,2025,Collectivité Territoriale,Commune,['Hautes-Pyrénées'],['Occitanie'],COM,{65},{76}
edbf5a8c-7aa5-4949-aeaf-2a98c383e127,216503334,Commune de Oléac-Dessus (65),false,{65333},Commune,2026-03-24 14:42:06.665412+01,gold_establishments_2025,,,,21650333400015,2025,Collectivité Territoriale,Commune,['Hautes-Pyrénées'],['Occitanie'],COM,{65},{76}
ce476348-b709-40f4-bacd-5528cdeb5a6f,212602213,Commune de Omblèze (26),false,{26221},Commune,2026-03-24 14:41:56.495197+01,gold_establishments_2025,,,,21260221300010,2025,Collectivité Territoriale,Commune,['Drôme'],['Auvergne-Rhône-Alpes'],COM,{26},{84}
b1c1a23e-90a9-4e2b-80c6-b7eb2dea724c,200069474,Commune de Ombrée d'Anjou (49),false,{49248},Commune,2026-03-24 14:42:01.412377+01,gold_establishments_2025,,,,20006947400019,2025,Collectivité Territoriale,Commune,['Maine-et-Loire'],['Pays de la Loire'],COM,{49},{52}
a773edbc-fc8a-4b70-b9e9-3491bd9e6dec,215404096,Commune de Omelmont (54),false,{54409},Commune,2026-03-24 14:42:02.957225+01,gold_establishments_2025,,,,21540409600012,2025,Collectivité Territoriale,Commune,['Meurthe-et-Moselle'],['Grand Est'],COM,{54},{44}
36ccd9ea-3922-4afb-ba2e-578b1b34a914,219504628,Commune de Omerville (95),false,{95462},Commune,2026-03-24 14:42:11.659493+01,gold_establishments_2025,,,,21950462800013,2025,Collectivité Territoriale,Commune,"[""Val-d'Oise""]",['Île-de-France'],COM,{95},{11}
71353b33-ab57-402e-9f66-cca5c3ef69de,212001937,Commune de Omessa (2B),false,{2B193},Commune,2026-03-24 14:41:57.56054+01,gold_establishments_2025,,,,21200193700011,2025,Collectivité Territoriale,Commune,['Haute-Corse'],['Corse'],COM,{2B},{94}
fccd1d96-0e04-4422-81bf-416637a650bd,213303084,Commune de Omet (33),false,{33308},Commune,2026-03-24 14:41:58.620411+01,gold_establishments_2025,,,,21330308400015,2025,Collectivité Territoriale,Commune,['Gironde'],['Nouvelle-Aquitaine'],COM,{33},{75}
496f0dfd-ee28-4508-92ec-e4f72945505c,216503342,Commune de Omex (65),false,{65334},Commune,2026-03-24 14:42:06.665412+01,gold_establishments_2025,,,,21650334200018,2025,Collectivité Territoriale,Commune,['Hautes-Pyrénées'],['Occitanie'],COM,{65},{76}
84366440-474a-4d7c-8496-3f4fddfcbfc8,215103839,Commune de Omey (51),false,{51415},Commune,2026-03-24 14:42:01.954481+01,gold_establishments_2025,,,,21510383900019,2025,Collectivité Territoriale,Commune,['Marne'],['Grand Est'],COM,{51},{44}
25b5f8a8-2e34-4b8b-82d7-971950cb3af0,210803011,Commune de Omicourt (08),false,{08334},Commune,2026-03-24 14:41:53.095366+01,gold_establishments_2025,,,,21080301100019,2025,Collectivité Territoriale,Commune,['Ardennes'],['Grand Est'],COM,{08},{44}
febe9860-a9c4-464e-802d-80b78387a895,210205480,Commune de Omissy (02),false,{02571},Commune,2026-03-24 14:41:52.020251+01,gold_establishments_2025,,,,21020548000010,2025,Collectivité Territoriale,Commune,['Aisne'],['Hauts-de-France'],COM,{02},{32}
0837445b-d7c8-496d-921a-79d3c910d9f2,215705245,Commune de Ommeray (57),false,{57524},Commune,2026-03-24 14:42:04.280096+01,gold_establishments_2025,,,,21570524500011,2025,Collectivité Territoriale,Commune,['Moselle'],['Grand Est'],COM,{57},{44}
8586e0d3-6807-4aec-94e0-bb28aec4d360,216103168,Commune de Ommoy (61),false,{61316},Commune,2026-03-24 14:42:05.597325+01,gold_establishments_2025,,,,21610316800011,2025,Collectivité Territoriale,Commune,['Orne'],['Normandie'],COM,{61},{28}
cb20a817-c530-4c7c-85fb-db061c47e624,210803029,Commune de Omont (08),false,{08335},Commune,2026-03-24 14:41:53.095366+01,gold_establishments_2025,,,,21080302900011,2025,Collectivité Territoriale,Commune,['Ardennes'],['Grand Est'],COM,{08},{44}
28a5fe12-f4ed-404e-9423-c2c8094f61a9,217604859,Commune de Omonville (76),false,{76485},Commune,2026-03-24 14:42:08.818969+01,gold_establishments_2025,,,,21760485900017,2025,Collectivité Territoriale,Commune,['Seine-Maritime'],['Normandie'],COM,{76},{28}
cd9ee6f4-4157-4624-bf5d-c34adaf88c77,211501440,Commune de Omps (15),false,{15144},Commune,2026-03-24 14:41:54.362296+01,gold_establishments_2025,,,,21150144000013,2025,Collectivité Territoriale,Commune,['Cantal'],['Auvergne-Rhône-Alpes'],COM,{15},{84}
aaadcde5-b41e-4489-9a04-579bc45e4f77,216601260,Commune de Oms (66),false,{66126},Commune,2026-03-24 14:42:06.665412+01,gold_establishments_2025,,,,21660126000013,2025,Collectivité Territoriale,Commune,['Pyrénées-Orientales'],['Occitanie'],COM,{66},{76}
68e1deac-c6f5-44c5-a900-02f654b50d87,216004705,Commune de Omécourt (60),false,{60476},Commune,2026-03-24 14:42:04.814328+01,gold_establishments_2025,,,,21600470500010,2025,Collectivité Territoriale,Commune,['Oise'],['Hauts-de-France'],COM,{60},{32}
41584ca9-0bfe-43da-8da6-ef399db860fd,212504310,Commune de Onans (25),false,{25431},Commune,2026-03-24 14:41:56.495197+01,gold_establishments_2025,,,,21250431000013,2025,Collectivité Territoriale,Commune,['Doubs'],['Bourgogne-Franche-Comté'],COM,{25},{27}
10b04c86-1826-4d1b-a1e8-061877f8d288,214002081,Commune de Onard (40),false,{40208},Commune,2026-03-24 14:41:59.705606+01,gold_establishments_2025,,,,21400208100013,2025,Collectivité Territoriale,Commune,['Landes'],['Nouvelle-Aquitaine'],COM,{40},{75}
9ef87871-6bbb-43a1-8dc8-5a4c32e11352,217003946,Commune de Onay (70),false,{70394},Commune,2026-03-24 14:42:07.735343+01,gold_establishments_2025,,,,21700394600019,2025,Collectivité Territoriale,Commune,['Haute-Saône'],['Bourgogne-Franche-Comté'],COM,{70},{27}
515721bb-f3a6-4b8d-96ce-b13c7ccfaa50,210102794,Commune de Oncieu (01),false,{01279},Commune,2026-03-24 14:41:51.447482+01,gold_establishments_2025,,,,21010279400018,2025,Collectivité Territoriale,Commune,['Ain'],['Auvergne-Rhône-Alpes'],COM,{01},{84}
d05d088d-0532-4040-9594-326f9749fc54,219104635,Commune de Oncy-sur-École (91),false,{91463},Commune,2026-03-24 14:42:11.659493+01,gold_establishments_2025,,,,21910463500012,2025,Collectivité Territoriale,Commune,['Essonne'],['Île-de-France'],COM,{91},{11}
74865ff3-ec41-4955-8853-a00a2931d09e,213104037,Commune de Ondes (31),false,{31403},Commune,2026-03-24 14:41:58.09424+01,gold_establishments_2025,,,,21310403700014,2025,Collectivité Territoriale,Commune,['Haute-Garonne'],['Occitanie'],COM,{31},{76}
8dd64d5a-016f-4cc7-9b88-e33f7aeede02,214002099,Commune de Ondres (40),false,{40209},Commune,2026-03-24 14:41:59.705606+01,gold_establishments_2025,,,,21400209900015,2025,Collectivité Territoriale,Commune,['Landes'],['Nouvelle-Aquitaine'],COM,{40},{75}
ee4add75-b2b4-4bd7-8274-9ed4f61dd031,214502338,Commune de Ondreville-sur-Essonne (45),false,{45233},Commune,2026-03-24 14:42:00.862623+01,gold_establishments_2025,,,,21450233800012,2025,Collectivité Territoriale,Commune,['Loiret'],['Centre-Val de Loire'],COM,{45},{24}
a3a2cafa-be69-45ee-aaaa-8b807654a745,214002107,Commune de Onesse-Laharie (40),false,{40210},Commune,2026-03-24 14:41:59.705606+01,gold_establishments_2025,,,,21400210700016,2025,Collectivité Territoriale,Commune,['Landes'],['Nouvelle-Aquitaine'],COM,{40},{75}
a952a2f9-eddf-4721-9b04-4dc2bf794fff,211201769,Commune de Onet-le-Château (12),false,{12176},Commune,2026-03-24 14:41:53.63825+01,gold_establishments_2025,,,,21120176900018,2025,Collectivité Territoriale,Commune,['Aveyron'],['Occitanie'],COM,{12},{76}
50f8eb3a-a2e3-4706-87df-d6f4d9e16617,218005767,Commune de Oneux (80),false,{80609},Commune,2026-03-24 14:42:09.967209+01,gold_establishments_2025,,,,21800576700015,2025,Collectivité Territoriale,Commune,['Somme'],['Hauts-de-France'],COM,{80},{32}
e6a7f430-5459-4451-b034-7097f3e672d0,210401410,Commune de Ongles (04),false,{04141},Commune,2026-03-24 14:41:52.562531+01,gold_establishments_2025,,,,21040141000019,2025,Collectivité Territoriale,Commune,['Alpes-de-Haute-Provence'],"[""Provence-Alpes-Côte d'Azur""]",COM,{04},{93}
5328e02e-53b4-4fa3-8c3e-6442fc3c4036,213903933,Commune de Onglières (39),false,{39393},Commune,2026-03-24 14:41:59.705606+01,gold_establishments_2025,,,,21390393300017,2025,Collectivité Territoriale,Commune,['Jura'],['Bourgogne-Franche-Comté'],COM,{39},{27}
4e903627-6330-4b2e-8d84-a50ecf0a9408,211002621,Commune de Onjon (10),false,{10270},Commune,2026-03-24 14:41:53.095366+01,gold_establishments_2025,,,,21100262100012,2025,Collectivité Territoriale,Commune,['Aube'],['Grand Est'],COM,{10},{44}
487502a9-353b-4018-9ee5-829d6b9fe9b3,215801994,Commune de Onlay (58),false,{58199},Commune,2026-03-24 14:42:04.280096+01,gold_establishments_2025,,,,21580199400017,2025,Collectivité Territoriale,Commune,['Nièvre'],['Bourgogne-Franche-Comté'],COM,{58},{27}
2956f6b7-6cb6-4aa2-902a-f3859980fc0d,215904475,Commune de Onnaing (59),false,{59447},Commune,2026-03-24 14:42:04.814328+01,gold_establishments_2025,,,,21590447500013,2025,Collectivité Territoriale,Commune,['Nord'],['Hauts-de-France'],COM,{59},{32}
5e619828-cb84-4044-b297-12ac47c0434a,217402056,Commune de Onnion (74),false,{74205},Commune,2026-03-24 14:42:08.818969+01,gold_establishments_2025,,,,21740205600014,2025,Collectivité Territoriale,Commune,['Haute-Savoie'],['Auvergne-Rhône-Alpes'],COM,{74},{84}
94049814-4c6e-4068-84a0-76aae6d5c62e,213903941,Commune de Onoz (39),false,{39394},Commune,2026-03-24 14:41:59.705606+01,gold_establishments_2025,,,,21390394100010,2025,Collectivité Territoriale,Commune,['Jura'],['Bourgogne-Franche-Comté'],COM,{39},{27}
634051d1-090a-46cd-815d-9d83264f716a,216004713,Commune de Ons-en-Bray (60),false,{60477},Commune,2026-03-24 14:42:04.814328+01,gold_establishments_2025,,,,21600471300014,2025,Collectivité Territoriale,Commune,['Oise'],['Hauts-de-France'],COM,{60},{32}
2d0fca11-eb37-4ee3-acab-37e0548ea126,217301936,Commune de Ontex (73),false,{73193},Commune,2026-03-24 14:42:08.279287+01,gold_establishments_2025,,,,21730193600019,2025,Collectivité Territoriale,Commune,['Savoie'],['Auvergne-Rhône-Alpes'],COM,{73},{84}
9fab063d-5d5f-465b-985d-9673ad609fde,215404104,Commune de Onville (54),false,{54410},Commune,2026-03-24 14:42:02.957225+01,gold_establishments_2025,,,,21540410400014,2025,Collectivité Territoriale,Commune,['Meurthe-et-Moselle'],['Grand Est'],COM,{54},{44}
30df755e-188c-496d-8e24-8d5caf6a983e,215904483,Commune de Oost-Cappel (59),false,{59448},Commune,2026-03-24 14:42:04.814328+01,gold_establishments_2025,,,,21590448300017,2025,Collectivité Territoriale,Commune,['Nord'],['Hauts-de-France'],COM,{59},{32}
424cad1b-7219-4751-a8af-71a2d1017460,210600896,Commune de Opio (06),false,{06089},Commune,2026-03-24 14:41:52.562531+01,gold_establishments_2025,,,,21060089600018,2025,Collectivité Territoriale,Commune,['Alpes-Maritimes'],"[""Provence-Alpes-Côte d'Azur""]",COM,{06},{93}
38095475-d5af-4761-bae9-832d481d1883,216601278,Commune de Opoul-Périllos (66),false,{66127},Commune,2026-03-24 14:42:06.665412+01,gold_establishments_2025,,,,21660127800015,2025,Collectivité Territoriale,Commune,['Pyrénées-Orientales'],['Occitanie'],COM,{66},{76}
f537a9a9-c71e-457e-b524-b9d39acf4333,210401428,Commune de Oppedette (04),false,{04142},Commune,2026-03-24 14:41:52.562531+01,gold_establishments_2025,,,,21040142800011,2025,Collectivité Territoriale,Commune,['Alpes-de-Haute-Provence'],"[""Provence-Alpes-Côte d'Azur""]",COM,{04},{93}
f7abcf4e-faf8-458d-a2a1-a699c530b710,217003953,Commune de Oppenans (70),false,{70395},Commune,2026-03-24 14:42:07.735343+01,gold_establishments_2025,,,,21700395300015,2025,Collectivité Territoriale,Commune,['Haute-Saône'],['Bourgogne-Franche-Comté'],COM,{70},{27}
a8fb1aca-8450-44c2-bde4-6767baf77e0e,216206391,Commune de Oppy (62),false,{62639},Commune,2026-03-24 14:42:05.597325+01,gold_establishments_2025,,,,21620639100015,2025,Collectivité Territoriale,Commune,['Pas-de-Calais'],['Hauts-de-France'],COM,{62},{32}
36f5e1d3-6134-4179-ae21-ee7dea7ede4e,218400869,Commune de Oppède (84),false,{84086},Commune,2026-03-24 14:42:10.508772+01,gold_establishments_2025,,,,21840086900010,2025,Collectivité Territoriale,Commune,['Vaucluse'],"[""Provence-Alpes-Côte d'Azur""]",COM,{84},{93}
3c2bee8c-4b63-4b65-826f-6601f3bdd508,213802820,Commune de Optevoz (38),false,{38282},Commune,2026-03-24 14:41:59.160244+01,gold_establishments_2025,,,,21380282000018,2025,Collectivité Territoriale,Commune,['Isère'],['Auvergne-Rhône-Alpes'],COM,{38},{84}
3746ccd0-9326-4cd3-9394-da35331d9ce1,211602487,Commune de Oradour (16),false,{16248},Commune,2026-03-24 14:41:54.362296+01,gold_establishments_2025,,,,21160248700012,2025,Collectivité Territoriale,Commune,['Charente'],['Nouvelle-Aquitaine'],COM,{16},{75}
6426c0d5-3b14-47ae-8029-26c9d8d189af,211602495,Commune de Oradour-Fanais (16),false,{16249},Commune,2026-03-24 14:41:54.362296+01,gold_establishments_2025,,,,21160249500015,2025,Collectivité Territoriale,Commune,['Charente'],['Nouvelle-Aquitaine'],COM,{16},{75}
e753a4c6-fcee-4871-a01c-92c472a2edf9,218710903,Commune de Oradour-Saint-Genest (87),false,{87109},Commune,2026-03-24 14:42:11.118516+01,gold_establishments_2025,,,,21871090300012,2025,Collectivité Territoriale,Commune,['Haute-Vienne'],['Nouvelle-Aquitaine'],COM,{87},{75}
8a4378e4-ba14-47e3-91b9-499db2ec8dcc,218711000,Commune de Oradour-sur-Glane (87),false,{87110},Commune,2026-03-24 14:42:11.118516+01,gold_establishments_2025,,,,21871100000016,2025,Collectivité Territoriale,Commune,['Haute-Vienne'],['Nouvelle-Aquitaine'],COM,{87},{75}
d096d692-a736-475c-a39d-07557a31b072,218711109,Commune de Oradour-sur-Vayres (87),false,{87111},Commune,2026-03-24 14:42:11.118516+01,gold_establishments_2025,,,,21871110900015,2025,Collectivité Territoriale,Commune,['Haute-Vienne'],['Nouvelle-Aquitaine'],COM,{87},{75}
b391ba20-83cd-43f1-b6ff-43880a3dd73f,212104681,Commune de Orain (21),false,{21468},Commune,2026-03-24 14:41:55.433389+01,gold_establishments_2025,,,,21210468100011,2025,Collectivité Territoriale,Commune,"[""Côte-d'Or""]",['Bourgogne-Franche-Comté'],COM,{21},{27}
b9d99534-5134-4684-b337-7a1a7ff98874,210205498,Commune de Orainville (02),false,{02572},Commune,2026-03-24 14:41:52.020251+01,gold_establishments_2025,,,,21020549800012,2025,Collectivité Territoriale,Commune,['Aisne'],['Hauts-de-France'],COM,{02},{32}
5ad9e9ce-c6bc-471c-b1b2-ae5cb972eb05,210401436,Commune de Oraison (04),false,{04143},Commune,2026-03-24 14:41:52.562531+01,gold_establishments_2025,,,,21040143600014,2025,Collectivité Territoriale,Commune,['Alpes-de-Haute-Provence'],"[""Provence-Alpes-Côte d'Azur""]",COM,{04},{93}
cf45fbb7-a2b7-4b1e-9a85-d4e65f388f5b,218400877,Commune de Orange (84),false,{84087},Commune,2026-03-24 14:42:10.508772+01,gold_establishments_2025,,,,21840087700013,2025,Collectivité Territoriale,Commune,['Vaucluse'],"[""Provence-Alpes-Côte d'Azur""]",COM,{84},{93}
9f6e55f2-00f5-48ef-8a60-a4edf8a520d0,216404236,Commune de Oraàs (64),false,{64423},Commune,2026-03-24 14:42:06.665412+01,gold_establishments_2025,,,,21640423600012,2025,Collectivité Territoriale,Commune,['Pyrénées-Atlantiques'],['Nouvelle-Aquitaine'],COM,{64},{75}
e6b677a2-e7b7-43af-a55b-5943a7990be7,215103847,Commune de Orbais-l'Abbaye (51),false,{51416},Commune,2026-03-24 14:42:01.954481+01,gold_establishments_2025,,,,21510384700012,2025,Collectivité Territoriale,Commune,['Marne'],['Grand Est'],COM,{51},{44}
c22fed4a-d514-4a95-89c8-c32cbaf305c9,218101988,Commune de Orban (81),false,{81198},Commune,2026-03-24 14:42:09.967209+01,gold_establishments_2025,,,,21810198800010,2025,Collectivité Territoriale,Commune,['Tarn'],['Occitanie'],COM,{81},{76}
7154b427-22d7-48d6-8029-321ac085d554,211404785,Commune de Orbec (14),false,{14478},Commune,2026-03-24 14:41:54.362296+01,gold_establishments_2025,,,,21140478500019,2025,Collectivité Territoriale,Commune,['Calvados'],['Normandie'],COM,{14},{28}
c7ab6902-980b-4777-b3ba-1baab3038672,216302612,Commune de Orbeil (63),false,{63261},Commune,2026-03-24 14:42:06.130387+01,gold_establishments_2025,,,,21630261200017,2025,Collectivité Territoriale,Commune,['Puy-de-Dôme'],['Auvergne-Rhône-Alpes'],COM,{63},{84}
d2381de3-9abc-44de-818f-0c05188be595,213203003,Commune de Orbessan (32),false,{32300},Commune,2026-03-24 14:41:58.09424+01,gold_establishments_2025,,,,21320300300016,2025,Collectivité Territoriale,Commune,['Gers'],['Occitanie'],COM,{32},{76}
17c4bd2e-42b0-41fc-b665-8b9f5b253a9c,216802496,Commune de Orbey (68),false,{68249},Commune,2026-03-24 14:42:07.195692+01,gold_establishments_2025,,,,21680249600010,2025,Collectivité Territoriale,Commune,['Haut-Rhin'],['Grand Est'],COM,{68},{44}
fb82645a-304a-40b6-9cf7-b049375cd367,213701774,Commune de Orbigny (37),false,{37177},Commune,2026-03-24 14:41:59.160244+01,gold_establishments_2025,,,,21370177400019,2025,Collectivité Territoriale,Commune,['Indre-et-Loire'],['Centre-Val de Loire'],COM,{37},{24}
0bdee10f-fb4d-4d6d-b5f9-66cd9294b147,215202607,Commune de Orbigny-au-Mont (52),false,{52362},Commune,2026-03-24 14:42:01.954481+01,gold_establishments_2025,,,,21520260700010,2025,Collectivité Territoriale,Commune,['Haute-Marne'],['Grand Est'],COM,{52},{44}
f6f8d0a2-7c6a-433b-889b-e64f090e7da9,215204132,Commune de Orbigny-au-Val (52),false,{52363},Commune,2026-03-24 14:42:01.954481+01,gold_establishments_2025,,,,21520413200017,2025,Collectivité Territoriale,Commune,['Haute-Marne'],['Grand Est'],COM,{52},{44}
2e4ae3a0-73e8-4b5d-ad68-ccac34a51235,217804640,Commune de Orcemont (78),false,{78464},Commune,2026-03-24 14:42:09.43682+01,gold_establishments_2025,,,,21780464000019,2025,Collectivité Territoriale,Commune,['Yvelines'],['Île-de-France'],COM,{78},{11}
78a5c904-d2ae-40a9-b703-f995880aa774,211801717,Commune de Orcenais (18),false,{18171},Commune,2026-03-24 14:41:54.903238+01,gold_establishments_2025,,,,21180171700011,2025,Collectivité Territoriale,Commune,['Cher'],['Centre-Val de Loire'],COM,{18},{24}
cc96faac-0f15-4507-a610-0975eb1bab20,216302620,Commune de Orcet (63),false,{63262},Commune,2026-03-24 14:42:06.130387+01,gold_establishments_2025,,,,21630262000010,2025,Collectivité Territoriale,Commune,['Puy-de-Dôme'],['Auvergne-Rhône-Alpes'],COM,{63},{84}
7c19a8fa-2a1f-4bce-bebe-d708ffdc74d8,215202615,Commune de Orcevaux (52),false,{52364},Commune,2026-03-24 14:42:01.954481+01,gold_establishments_2025,,,,21520261500013,2025,Collectivité Territoriale,Commune,['Haute-Marne'],['Grand Est'],COM,{52},{44}
d30f3acc-d0f2-4401-a9c9-1b18651272a2,213903966,Commune de Orchamps (39),false,{39396},Commune,2026-03-24 14:41:59.705606+01,gold_establishments_2025,,,,21390396600017,2025,Collectivité Territoriale,Commune,['Jura'],['Bourgogne-Franche-Comté'],COM,{39},{27}
bb8c0048-0540-4db7-84bf-297694ba1964,212504328,Commune de Orchamps-Vennes (25),false,{25432},Commune,2026-03-24 14:41:56.495197+01,gold_establishments_2025,,,,21250432800015,2025,Collectivité Territoriale,Commune,['Doubs'],['Bourgogne-Franche-Comté'],COM,{25},{27}
bb099962-249b-4d08-917b-26a773483626,218601821,Commune de Orches (86),false,{86182},Commune,2026-03-24 14:42:10.508772+01,gold_establishments_2025,,,,21860182100018,2025,Collectivité Territoriale,Commune,['Vienne'],['Nouvelle-Aquitaine'],COM,{86},{75}
39f1c03d-c3a1-4588-80c2-6b2899fe54d7,215904491,Commune de Orchies (59),false,{59449},Commune,2026-03-24 14:42:04.814328+01,gold_establishments_2025,,,,21590449100010,2025,Collectivité Territoriale,Commune,['Nord'],['Hauts-de-France'],COM,{59},{32}
62bc588f-73fa-43c6-851c-b957d72aa6d0,217402064,Commune de Orcier (74),false,{74206},Commune,2026-03-24 14:42:08.818969+01,gold_establishments_2025,,,,21740206400018,2025,Collectivité Territoriale,Commune,['Haute-Savoie'],['Auvergne-Rhône-Alpes'],COM,{74},{84}
3b553984-94f4-4575-a895-49fe6f1706c4,212602221,Commune de Orcinas (26),false,{26222},Commune,2026-03-24 14:41:56.495197+01,gold_establishments_2025,,,,21260222100013,2025,Collectivité Territoriale,Commune,['Drôme'],['Auvergne-Rhône-Alpes'],COM,{26},{84}
32014e43-2e80-419b-8e2f-2180a17d5d1e,216302638,Commune de Orcines (63),false,{63263},Commune,2026-03-24 14:42:06.130387+01,gold_establishments_2025,,,,21630263800012,2025,Collectivité Territoriale,Commune,['Puy-de-Dôme'],['Auvergne-Rhône-Alpes'],COM,{63},{84}
8d00cf43-fbdd-43b2-909a-cddf34e7ebf0,216302646,Commune de Orcival (63),false,{63264},Commune,2026-03-24 14:42:06.130387+01,gold_establishments_2025,,,,21630264600015,2025,Collectivité Territoriale,Commune,['Puy-de-Dôme'],['Auvergne-Rhône-Alpes'],COM,{63},{84}
275d3363-757c-42c9-bb38-6d55ff30d94a,210500963,Commune de Orcières (05),false,{05096},Commune,2026-03-24 14:41:52.562531+01,gold_establishments_2025,,,,21050096300017,2025,Collectivité Territoriale,Commune,['Hautes-Alpes'],"[""Provence-Alpes-Côte d'Azur""]",COM,{05},{93}
b9b26596-244e-483e-aefe-2e7aa9521437,215103854,Commune de Orconte (51),false,{51417},Commune,2026-03-24 14:42:01.954481+01,gold_establishments_2025,,,,21510385400018,2025,Collectivité Territoriale,Commune,['Marne'],['Grand Est'],COM,{51},{44}
83eb060f-0eb9-437f-adf2-5770a7af060b,213203011,Commune de Ordan-Larroque (32),false,{32301},Commune,2026-03-24 14:41:58.09424+01,gold_establishments_2025,,,,21320301100019,2025,Collectivité Territoriale,Commune,['Gers'],['Occitanie'],COM,{32},{76}
62b2f504-1bd9-4971-9b5b-073d7d06a089,216404244,Commune de Ordiarp (64),false,{64424},Commune,2026-03-24 14:42:06.665412+01,gold_establishments_2025,,,,21640424400016,2025,Collectivité Territoriale,Commune,['Pyrénées-Atlantiques'],['Nouvelle-Aquitaine'],COM,{64},{75}
cb5e4ce7-d956-4a13-8c8f-22ef75d38f4a,216503359,Commune de Ordizan (65),false,{65335},Commune,2026-03-24 14:42:06.665412+01,gold_establishments_2025,,,,21650335900012,2025,Collectivité Territoriale,Commune,['Hautes-Pyrénées'],['Occitanie'],COM,{65},{76}
a4703e4c-1abd-46c2-8075-182361f9ec7f,213303092,Commune de Ordonnac (33),false,{33309},Commune,2026-03-24 14:41:58.620411+01,gold_establishments_2025,,,,21330309200018,2025,Collectivité Territoriale,Commune,['Gironde'],['Nouvelle-Aquitaine'],COM,{33},{75}
03258a41-ee3b-40fc-a8b5-370a157b68cb,210102802,Commune de Ordonnaz (01),false,{01280},Commune,2026-03-24 14:41:51.447482+01,gold_establishments_2025,,,,21010280200019,2025,Collectivité Territoriale,Commune,['Ain'],['Auvergne-Rhône-Alpes'],COM,{01},{84}
df7f6e9a-811f-4aa7-8dd8-781f5b748181,213104052,Commune de Ore (31),false,{31405},Commune,2026-03-24 14:41:58.09424+01,gold_establishments_2025,,,,21310405200013,2025,Collectivité Territoriale,Commune,['Haute-Garonne'],['Occitanie'],COM,{31},{76}
326a8ace-870e-4d06-a7b9-9376e9ea9c68,216601286,Commune de Oreilla (66),false,{66128},Commune,2026-03-24 14:42:06.665412+01,gold_establishments_2025,,,,21660128600018,2025,Collectivité Territoriale,Commune,['Pyrénées-Orientales'],['Occitanie'],COM,{66},{76}
e6c69624-3467-440e-859f-5f4ba76a6568,217301944,Commune de Orelle (73),false,{73194},Commune,2026-03-24 14:42:08.279287+01,gold_establishments_2025,,,,21730194400013,2025,Collectivité Territoriale,Commune,['Savoie'],['Auvergne-Rhône-Alpes'],COM,{73},{84}
4ad5d415-1ec5-4291-8d81-81a496bc83fd,218005775,Commune de Oresmaux (80),false,{80611},Commune,2026-03-24 14:42:09.967209+01,gold_establishments_2025,,,,21800577500018,2025,Collectivité Territoriale,Commune,['Somme'],['Hauts-de-France'],COM,{80},{32}
313bf003-a6c7-40ec-adaa-f05cea1bec6a,216503367,Commune de Organ (65),false,{65336},Commune,2026-03-24 14:42:06.665412+01,gold_establishments_2025,,,,21650336700015,2025,Collectivité Territoriale,Commune,['Hautes-Pyrénées'],['Occitanie'],COM,{65},{76}
5d285ebb-f23f-4fc5-9592-0e90a3c47d16,212504336,Commune de Orgeans-Blanchefontaine (25),false,{25433},Commune,2026-03-24 14:41:56.495197+01,gold_establishments_2025,,,,21250433600018,2025,Collectivité Territoriale,Commune,['Doubs'],['Bourgogne-Franche-Comté'],COM,{25},{27}
4e6ad25f-5040-4be4-b154-955138805a05,211602503,Commune de Orgedeuil (16),false,{16250},Commune,2026-03-24 14:41:54.362296+01,gold_establishments_2025,,,,21160250300016,2025,Collectivité Territoriale,Commune,['Charente'],['Nouvelle-Aquitaine'],COM,{16},{75}
767370b5-b4f8-45fe-a812-75834f73fda6,210902185,Commune de Orgeix (09),false,{09218},Commune,2026-03-24 14:41:53.095366+01,gold_establishments_2025,,,,21090218500011,2025,Collectivité Territoriale,Commune,['Ariège'],['Occitanie'],COM,{09},{76}
1a71e7c1-b400-42fb-82c8-0ea0a76425a3,213903974,Commune de Orgelet (39),false,{39397},Commune,2026-03-24 14:41:59.705606+01,gold_establishments_2025,,,,21390397400011,2025,Collectivité Territoriale,Commune,['Jura'],['Bourgogne-Franche-Comté'],COM,{39},{27}
9f433bec-5f22-422b-9180-b2d022bf3c29,217804657,Commune de Orgerus (78),false,{78465},Commune,2026-03-24 14:42:09.43682+01,gold_establishments_2025,,,,21780465700013,2025,Collectivité Territoriale,Commune,['Yvelines'],['Île-de-France'],COM,{78},{11}
3a0764ad-d1c5-4b89-86e0-ad1b40761466,215202623,Commune de Orges (52),false,{52365},Commune,2026-03-24 14:42:01.954481+01,gold_establishments_2025,,,,21520262300017,2025,Collectivité Territoriale,Commune,['Haute-Marne'],['Grand Est'],COM,{52},{44}
1f59359a-1e34-4e12-89dd-b8b3942514be,212104699,Commune de Orgeux (21),false,{21469},Commune,2026-03-24 14:41:55.433389+01,gold_establishments_2025,,,,21210469900013,2025,Collectivité Territoriale,Commune,"[""Côte-d'Or""]",['Bourgogne-Franche-Comté'],COM,{21},{27}
dcc7566b-676b-4eed-82bb-d7d2465d05db,210205506,Commune de Orgeval (02),false,{02573},Commune,2026-03-24 14:41:52.020251+01,gold_establishments_2025,,,,21020550600012,2025,Collectivité Territoriale,Commune,['Aisne'],['Hauts-de-France'],COM,{02},{32}
d0e80d5f-a82c-4de8-a65e-71065edcd1ba,217804665,Commune de Orgeval (78),false,{78466},Commune,2026-03-24 14:42:09.43682+01,gold_establishments_2025,,,,21780466500016,2025,Collectivité Territoriale,Commune,['Yvelines'],['Île-de-France'],COM,{78},{11}
6664b8eb-440e-472f-849f-388321391816,210902193,Commune de Orgibet (09),false,{09219},Commune,2026-03-24 14:41:53.095366+01,gold_establishments_2025,,,,21090219300015,2025,Collectivité Territoriale,Commune,['Ariège'],['Occitanie'],COM,{09},{76}
2db9bc33-4853-4278-a1a4-52948816d756,215003872,Commune de Orglandes (50),false,{50387},Commune,2026-03-24 14:42:01.412377+01,gold_establishments_2025,,,,21500387200011,2025,Collectivité Territoriale,Commune,['Manche'],['Normandie'],COM,{50},{28}
396151f3-80a5-4e76-89bd-9358d2f19a06,210701686,Commune de Orgnac-l'Aven (07),false,{07168},Commune,2026-03-24 14:41:52.562531+01,gold_establishments_2025,,,,21070168600011,2025,Collectivité Territoriale,Commune,['Ardèche'],['Auvergne-Rhône-Alpes'],COM,{07},{84}
caef4682-9e87-43d4-b543-d1d923fcbc14,211915400,Commune de Orgnac-sur-Vézère (19),false,{19154},Commune,2026-03-24 14:41:54.903238+01,gold_establishments_2025,,,,21191540000017,2025,Collectivité Territoriale,Commune,['Corrèze'],['Nouvelle-Aquitaine'],COM,{19},{75}
6330098b-4fb2-4195-89e0-a5a238b54795,211300678,Commune de Orgon (13),false,{13067},Commune,2026-03-24 14:41:53.63825+01,gold_establishments_2025,,,,21130067800011,2025,Collectivité Territoriale,Commune,['Bouches-du-Rhône'],"[""Provence-Alpes-Côte d'Azur""]",COM,{13},{93}
b79bf5e1-7364-4fd4-b3b5-624bfafb7027,218201366,Commune de Orgueil (82),false,{82136},Commune,2026-03-24 14:42:10.508772+01,gold_establishments_2025,,,,21820136600018,2025,Collectivité Territoriale,Commune,['Tarn-et-Garonne'],['Occitanie'],COM,{82},{76}
284ba389-8d86-4c4d-99a0-3f59d7637ed8,213502081,Commune de Orgères (35),false,{35208},Commune,2026-03-24 14:41:58.620411+01,gold_establishments_2025,,,,21350208100010,2025,Collectivité Territoriale,Commune,['Ille-et-Vilaine'],['Bretagne'],COM,{35},{53}
7501b2e8-bae7-4fd4-8c66-1a2861113c99,216103176,Commune de Orgères (61),false,{61317},Commune,2026-03-24 14:42:05.597325+01,gold_establishments_2025,,,,21610317600014,2025,Collectivité Territoriale,Commune,['Orne'],['Normandie'],COM,{61},{28}
686f488b-4d7b-481f-9550-1590e92c5d45,212802870,Commune de Orgères-en-Beauce (28),false,{28287},Commune,2026-03-24 14:41:57.028721+01,gold_establishments_2025,,,,21280287000015,2025,Collectivité Territoriale,Commune,['Eure-et-Loir'],['Centre-Val de Loire'],COM,{28},{24}
bac01708-38ab-4938-8e2a-95788edd116d,217003961,Commune de Oricourt (70),false,{70396},Commune,2026-03-24 14:42:07.735343+01,gold_establishments_2025,,,,21700396100018,2025,Collectivité Territoriale,Commune,['Haute-Saône'],['Bourgogne-Franche-Comté'],COM,{70},{27}
449bed0f-59e0-45e2-b5f8-8c1fc2916d88,216503375,Commune de Orieux (65),false,{65337},Commune,2026-03-24 14:42:06.665412+01,gold_establishments_2025,,,,21650337500018,2025,Collectivité Territoriale,Commune,['Hautes-Pyrénées'],['Occitanie'],COM,{65},{76}
77ac2fa0-36e4-4d89-a6e1-f1f0e748c742,216503383,Commune de Orignac (65),false,{65338},Commune,2026-03-24 14:42:06.665412+01,gold_establishments_2025,,,,21650338300012,2025,Collectivité Territoriale,Commune,['Hautes-Pyrénées'],['Occitanie'],COM,{65},{76}
e674459a-183f-4c86-a830-c25f8033ec4e,213303100,Commune de Origne (33),false,{33310},Commune,2026-03-24 14:41:58.620411+01,gold_establishments_2025,,,,21330310000019,2025,Collectivité Territoriale,Commune,['Gironde'],['Nouvelle-Aquitaine'],COM,{33},{75}
40f0cd06-4878-4770-9d4b-66607b3a5617,211702691,Commune de Orignolles (17),false,{17269},Commune,2026-03-24 14:41:54.903238+01,gold_establishments_2025,,,,21170269100018,2025,Collectivité Territoriale,Commune,['Charente-Maritime'],['Nouvelle-Aquitaine'],COM,{17},{75}
0503e097-c949-49bc-9af4-dab4f0bf3336,212104707,Commune de Origny (21),false,{21470},Commune,2026-03-24 14:41:55.433389+01,gold_establishments_2025,,,,21210470700014,2025,Collectivité Territoriale,Commune,"[""Côte-d'Or""]",['Bourgogne-Franche-Comté'],COM,{21},{27}
c7206d42-b3fe-4c45-a966-81ba284ed25d,210205522,Commune de Origny-Sainte-Benoite (02),false,{02575},Commune,2026-03-24 14:41:52.020251+01,gold_establishments_2025,,,,21020552200019,2025,Collectivité Territoriale,Commune,['Aisne'],['Hauts-de-France'],COM,{02},{32}
da478596-7d1f-46b7-a39f-1a8f54ee1952,210205514,Commune de Origny-en-Thiérache (02),false,{02574},Commune,2026-03-24 14:41:52.020251+01,gold_establishments_2025,,,,21020551400016,2025,Collectivité Territoriale,Commune,['Aisne'],['Hauts-de-France'],COM,{02},{32}
9ae4c73a-57af-4c89-86d4-a86fda299d30,216103192,Commune de Origny-le-Roux (61),false,{61319},Commune,2026-03-24 14:42:05.597325+01,gold_establishments_2025,,,,21610319200011,2025,Collectivité Territoriale,Commune,['Orne'],['Normandie'],COM,{61},{28}
cd35ae6d-327e-4280-b5ba-fcd4cbcff02f,211002639,Commune de Origny-le-Sec (10),false,{10271},Commune,2026-03-24 14:41:53.095366+01,gold_establishments_2025,,,,21100263900014,2025,Collectivité Territoriale,Commune,['Aube'],['Grand Est'],COM,{10},{44}
47164e0f-6b37-4048-83e6-805dc05372b6,215301722,Commune de Origné (53),false,{53172},Commune,2026-03-24 14:42:02.957225+01,gold_establishments_2025,,,,21530172200017,2025,Collectivité Territoriale,Commune,['Mayenne'],['Pays de la Loire'],COM,{53},{52}
4b238135-4225-43d3-8cd9-4e57df5290c2,216404269,Commune de Orin (64),false,{64426},Commune,2026-03-24 14:42:06.665412+01,gold_establishments_2025,,,,21640426900013,2025,Collectivité Territoriale,Commune,['Pyrénées-Atlantiques'],['Nouvelle-Aquitaine'],COM,{64},{75}
72b410a5-79dd-4b14-b468-64801bff53a9,216503391,Commune de Orincles (65),false,{65339},Commune,2026-03-24 14:42:06.665412+01,gold_establishments_2025,,,,21650339100015,2025,Collectivité Territoriale,Commune,['Hautes-Pyrénées'],['Occitanie'],COM,{65},{76}
e1f796ee-c7e1-4931-b4c5-6f5f7e67e7c5,215705252,Commune de Oriocourt (57),false,{57525},Commune,2026-03-24 14:42:04.280096+01,gold_establishments_2025,,,,21570525200017,2025,Collectivité Territoriale,Commune,['Moselle'],['Grand Est'],COM,{57},{44}
845bbd39-b2a1-460e-87be-5175df65a195,212602239,Commune de Oriol-en-Royans (26),false,{26223},Commune,2026-03-24 14:41:56.495197+01,gold_establishments_2025,,,,21260223900015,2025,Collectivité Territoriale,Commune,['Drôme'],['Auvergne-Rhône-Alpes'],COM,{26},{84}
2c0a4655-7509-4129-b5ce-d464e9a0f252,211602511,Commune de Oriolles (16),false,{16251},Commune,2026-03-24 14:41:54.362296+01,gold_establishments_2025,,,,21160251100019,2025,Collectivité Territoriale,Commune,['Charente'],['Nouvelle-Aquitaine'],COM,{16},{75}
c5d53f34-6e99-45fe-a133-213c14797f54,216404277,Commune de Orion (64),false,{64427},Commune,2026-03-24 14:42:06.665412+01,gold_establishments_2025,,,,21640427700016,2025,Collectivité Territoriale,Commune,['Pyrénées-Atlantiques'],['Nouvelle-Aquitaine'],COM,{64},{75}
88c56e46-cd6f-45ed-9f7c-5a1e8aeb5b5d,213802838,Commune de Oris-en-Rattier (38),false,{38283},Commune,2026-03-24 14:41:59.160244+01,gold_establishments_2025,,,,21380283800010,2025,Collectivité Territoriale,Commune,['Isère'],['Auvergne-Rhône-Alpes'],COM,{38},{84}
a66b59a8-0c5e-4360-85b4-b13b3ebaac77,214002115,Commune de Orist (40),false,{40211},Commune,2026-03-24 14:41:59.705606+01,gold_establishments_2025,,,,21400211500019,2025,Collectivité Territoriale,Commune,['Landes'],['Nouvelle-Aquitaine'],COM,{40},{75}
b59a5283-c697-4e58-9513-bf6d02e80dd1,211602529,Commune de Orival (16),false,{16252},Commune,2026-03-24 14:41:54.362296+01,gold_establishments_2025,,,,21160252900011,2025,Collectivité Territoriale,Commune,['Charente'],['Nouvelle-Aquitaine'],COM,{16},{75}
df758a6e-a1ac-4455-a7d7-2a829205ca05,217604867,Commune de Orival (76),false,{76486},Commune,2026-03-24 14:42:08.818969+01,gold_establishments_2025,,,,21760486700010,2025,Collectivité Territoriale,Commune,['Seine-Maritime'],['Normandie'],COM,{76},{28}
7521b3df-999a-4d88-87ab-305fe70cf7de,216503409,Commune de Orleix (65),false,{65340},Commune,2026-03-24 14:42:06.665412+01,gold_establishments_2025,,,,21650340900015,2025,Collectivité Territoriale,Commune,['Hautes-Pyrénées'],['Occitanie'],COM,{65},{76}
82248fc0-15e9-4a23-b922-d6bf545a0a36,212403133,Commune de Orliac (24),false,{24313},Commune,2026-03-24 14:41:55.958138+01,gold_establishments_2025,,,,21240313300011,2025,Collectivité Territoriale,Commune,['Dordogne'],['Nouvelle-Aquitaine'],COM,{24},{75}
1eda6c8b-8ada-4140-8210-8e518a0f33a5,211915509,Commune de Orliac-de-Bar (19),false,{19155},Commune,2026-03-24 14:41:54.903238+01,gold_establishments_2025,,,,21191550900015,2025,Collectivité Territoriale,Commune,['Corrèze'],['Nouvelle-Aquitaine'],COM,{19},{75}
b563cbdf-12d9-4773-974e-2c432420de21,216901488,Commune de Orliénas (69),false,{69148},Commune,2026-03-24 14:42:07.195692+01,gold_establishments_2025,,,,21690148800017,2025,Collectivité Territoriale,Commune,['Rhône'],['Auvergne-Rhône-Alpes'],COM,{69},{84}
c92df97f-1a4c-4a80-9824-0b2864f836d6,210902201,Commune de Orlu (09),false,{09220},Commune,2026-03-24 14:41:53.095366+01,gold_establishments_2025,,,,21090220100016,2025,Collectivité Territoriale,Commune,['Ariège'],['Occitanie'],COM,{09},{76}
5b4b89e2-8c8e-4015-9b3e-11001801026c,219400546,Commune de Orly (94),false,{94054},Commune,2026-03-24 14:42:11.659493+01,gold_establishments_2025,,,,21940054600269,2025,Collectivité Territoriale,Commune,['Val-de-Marne'],['Île-de-France'],COM,{94},{11}
7bf05109-174e-4d3a-8f4c-9e245a4849a2,217703453,Commune de Orly-sur-Morin (77),false,{77345},Commune,2026-03-24 14:42:09.43682+01,gold_establishments_2025,,,,21770345300019,2025,Collectivité Territoriale,Commune,['Seine-et-Marne'],['Île-de-France'],COM,{77},{11}
6e851a40-a2e2-4a8a-ad6e-e64d01b569f9,214502346,Commune de Orléans (45),false,{45234},Commune,2026-03-24 14:42:00.862623+01,gold_establishments_2025,,,,21450234600015,2025,Collectivité Territoriale,Commune,['Loiret'],['Centre-Val de Loire'],COM,{45},{24}
d5f4953c-7aea-442f-b52d-fcee20c50328,216302653,Commune de Orléat (63),false,{63265},Commune,2026-03-24 14:42:06.130387+01,gold_establishments_2025,,,,21630265300011,2025,Collectivité Territoriale,Commune,['Puy-de-Dôme'],['Auvergne-Rhône-Alpes'],COM,{63},{84}
e10f522a-ff44-42e2-ae6c-55d6ca35caad,215202631,Commune de Ormancey (52),false,{52366},Commune,2026-03-24 14:42:01.954481+01,gold_establishments_2025,,,,21520263100010,2025,Collectivité Territoriale,Commune,['Haute-Marne'],['Grand Est'],COM,{52},{44}
978a3b2d-d18c-4db5-aa38-b0ea98c79976,217003979,Commune de Ormenans (70),false,{70397},Commune,2026-03-24 14:42:07.735343+01,gold_establishments_2025,,,,21700397900010,2025,Collectivité Territoriale,Commune,['Haute-Saône'],['Bourgogne-Franche-Comté'],COM,{70},{27}
2d3db69a-708a-4f4f-aa2a-39506910dbc1,215705260,Commune de Ormersviller (57),false,{57526},Commune,2026-03-24 14:42:04.280096+01,gold_establishments_2025,,,,21570526000010,2025,Collectivité Territoriale,Commune,['Moselle'],['Grand Est'],COM,{57},{44}
9b817a6b-ae17-4368-99f8-f11408c4dfbf,211002647,Commune de Ormes (10),false,{10272},Commune,2026-03-24 14:41:53.095366+01,gold_establishments_2025,,,,21100264700017,2025,Collectivité Territoriale,Commune,['Aube'],['Grand Est'],COM,{10},{44}
2affe4cc-9cd2-4f8a-ab1d-e4739b4a95a8,212704464,Commune de Ormes (27),false,{27446},Commune,2026-03-24 14:41:57.028721+01,gold_establishments_2025,,,,21270446400016,2025,Collectivité Territoriale,Commune,['Eure'],['Normandie'],COM,{27},{28}
55b88c66-c73d-4e2f-a60d-d1bfb321f00f,214502353,Commune de Ormes (45),false,{45235},Commune,2026-03-24 14:42:00.862623+01,gold_establishments_2025,,,,21450235300011,2025,Collectivité Territoriale,Commune,['Loiret'],['Centre-Val de Loire'],COM,{45},{24}
2f9fa780-465f-4a5d-8228-f21e0ebe4437,215103862,Commune de Ormes (51),false,{51418},Commune,2026-03-24 14:42:01.954481+01,gold_establishments_2025,,,,21510386200011,2025,Collectivité Territoriale,Commune,['Marne'],['Grand Est'],COM,{51},{44}
55ca795f-ae72-40c6-a5f6-f4ab9baccad5,217103324,Commune de Ormes (71),false,{71332},Commune,2026-03-24 14:42:07.735343+01,gold_establishments_2025,,,,21710332400018,2025,Collectivité Territoriale,Commune,['Saône-et-Loire'],['Bourgogne-Franche-Comté'],COM,{71},{27}
ea68145e-56bc-4565-8a03-eaa8c2bfdf7f,215408022,Commune de Ormes-et-Ville (54),false,{54411},Commune,2026-03-24 14:42:02.957225+01,gold_establishments_2025,,,,21540802200014,2025,Collectivité Territoriale,Commune,['Meurthe-et-Moselle'],['Grand Est'],COM,{54},{44}
b38eae7e-0e27-4fff-8c0f-c0eb746218de,217703487,Commune de Ormesson (77),false,{77348},Commune,2026-03-24 14:42:09.43682+01,gold_establishments_2025,,,,21770348700017,2025,Collectivité Territoriale,Commune,['Seine-et-Marne'],['Île-de-France'],COM,{77},{11}
2e4720af-4bba-4cd2-b08b-f15a2d547040,219400553,Commune de Ormesson-sur-Marne (94),false,{94055},Commune,2026-03-24 14:42:11.659493+01,gold_establishments_2025,,,,21940055300018,2025,Collectivité Territoriale,Commune,['Val-de-Marne'],['Île-de-France'],COM,{94},{11}
67272d8a-4f36-4aa2-a6fe-e5550af24c44,217003987,Commune de Ormoiche (70),false,{70398},Commune,2026-03-24 14:42:07.735343+01,gold_establishments_2025,,,,21700398700013,2025,Collectivité Territoriale,Commune,['Haute-Saône'],['Bourgogne-Franche-Comté'],COM,{70},{27}
6e67044d-df2e-4860-9c95-0dfaba6eea1c,212802896,Commune de Ormoy (28),false,{28289},Commune,2026-03-24 14:41:57.028721+01,gold_establishments_2025,,,,21280289600010,2025,Collectivité Territoriale,Commune,['Eure-et-Loir'],['Centre-Val de Loire'],COM,{28},{24}
32604837-dab9-46bc-a552-dd72bc878d1c,217003995,Commune de Ormoy (70),false,{70399},Commune,2026-03-24 14:42:07.735343+01,gold_establishments_2025,,,,21700399500016,2025,Collectivité Territoriale,Commune,['Haute-Saône'],['Bourgogne-Franche-Comté'],COM,{70},{27}
d20833ca-cabe-4213-a1da-e969113fe179,218902823,Commune de Ormoy (89),false,{89282},Commune,2026-03-24 14:42:11.659493+01,gold_establishments_2025,,,,21890282300010,2025,Collectivité Territoriale,Commune,['Yonne'],['Bourgogne-Franche-Comté'],COM,{89},{27}
722fb79f-0628-4820-afd5-c7a717e63f3d,219104684,Commune de Ormoy (91),false,{91468},Commune,2026-03-24 14:42:11.659493+01,gold_establishments_2025,,,,21910468400010,2025,Collectivité Territoriale,Commune,['Essonne'],['Île-de-France'],COM,{91},{11}
fd92ac5a-cc1b-438b-9407-a707580958cd,216004739,Commune de Ormoy-Villers (60),false,{60479},Commune,2026-03-24 14:42:04.814328+01,gold_establishments_2025,,,,21600473900019,2025,Collectivité Territoriale,Commune,['Oise'],['Hauts-de-France'],COM,{60},{32}
ae98d6c0-b663-4faf-af0a-937855609cd4,219104692,Commune de Ormoy-la-Rivière (91),false,{91469},Commune,2026-03-24 14:42:11.659493+01,gold_establishments_2025,,,,21910469200013,2025,Collectivité Territoriale,Commune,['Essonne'],['Île-de-France'],COM,{91},{11}
b41655a9-b681-40b2-939d-eb78990ada85,216004721,Commune de Ormoy-le-Davien (60),false,{60478},Commune,2026-03-24 14:42:04.814328+01,gold_establishments_2025,,,,21600472100017,2025,Collectivité Territoriale,Commune,['Oise'],['Hauts-de-France'],COM,{60},{32}
7537733d-525d-4da6-ba20-ca3a513ae40e,215202649,Commune de Ormoy-lès-Sexfontaines (52),false,{52367},Commune,2026-03-24 14:42:01.954481+01,gold_establishments_2025,,,,21520264900012,2025,Collectivité Territoriale,Commune,['Haute-Marne'],['Grand Est'],COM,{52},{44}
dba80014-59c4-4317-928a-511759a6a446,200083038,Commune de Ornacieux-Balbins (38),false,{38284},Commune,2026-03-24 14:41:59.160244+01,gold_establishments_2025,,,,20008303800014,2025,Collectivité Territoriale,Commune,['Isère'],['Auvergne-Rhône-Alpes'],COM,{38},{84}
e1cb23e7-717d-445e-9e85-fc6051be1cf5,211102678,Commune de Ornaisons (11),false,{11267},Commune,2026-03-24 14:41:53.63825+01,gold_establishments_2025,,,,21110267800011,2025,Collectivité Territoriale,Commune,['Aude'],['Occitanie'],COM,{11},{76}
8a2621d2-d28f-4252-ad8f-8b2ed36c7cfd,200055903,Commune de Ornans (25),false,{25434},Commune,2026-03-24 14:41:56.495197+01,gold_establishments_2025,,,,20005590300013,2025,Collectivité Territoriale,Commune,['Doubs'],['Bourgogne-Franche-Comté'],COM,{25},{27}
a3b85e6b-7f94-400c-8294-2b5bcc306552,215503947,Commune de Ornes (55),false,{55394},Commune,2026-03-24 14:42:03.701372+01,gold_establishments_2025,,,,21550394700016,2025,Collectivité Territoriale,Commune,['Meuse'],['Grand Est'],COM,{55},{44}
d129c04e-a34a-48a4-b7d1-9b44961ff2c1,210102810,Commune de Ornex (01),false,{01281},Commune,2026-03-24 14:41:51.447482+01,gold_establishments_2025,,,,21010281000012,2025,Collectivité Territoriale,Commune,['Ain'],['Auvergne-Rhône-Alpes'],COM,{01},{84}
c49f892a-87aa-4ddf-ae22-c929c976747e,214602120,Commune de Orniac (46),false,{46212},Commune,2026-03-24 14:42:00.862623+01,gold_establishments_2025,,,,21460212000013,2025,Collectivité Territoriale,Commune,['Lot'],['Occitanie'],COM,{46},{76}
a6990c3a-debe-4f05-86e5-5a6af724cd03,210902219,Commune de Ornolac-Ussat-les-Bains (09),false,{09221},Commune,2026-03-24 14:41:53.095366+01,gold_establishments_2025,,,,21090221900018,2025,Collectivité Territoriale,Commune,['Ariège'],['Occitanie'],COM,{09},{76}
7cec8c60-36ea-41d8-994d-ad47cf26f700,213802853,Commune de Ornon (38),false,{38285},Commune,2026-03-24 14:41:59.160244+01,gold_establishments_2025,,,,21380285300019,2025,Collectivité Territoriale,Commune,['Isère'],['Auvergne-Rhône-Alpes'],COM,{38},{84}
ea12d4b9-1a70-431d-a6d0-a38e04bcc1dd,215705278,Commune de Orny (57),false,{57527},Commune,2026-03-24 14:42:04.280096+01,gold_establishments_2025,,,,21570527800012,2025,Collectivité Territoriale,Commune,['Moselle'],['Grand Est'],COM,{57},{44}
ae81c10f-684d-4e57-afc2-1cacfd786876,213203029,Commune de Ornézan (32),false,{32302},Commune,2026-03-24 14:41:58.09424+01,gold_establishments_2025,,,,21320302900011,2025,Collectivité Territoriale,Commune,['Gers'],['Occitanie'],COM,{32},{76}
14368711-4341-4c30-991b-d5ab0b0a7029,216503417,Commune de Oroix (65),false,{65341},Commune,2026-03-24 14:42:06.665412+01,gold_establishments_2025,,,,21650341700018,2025,Collectivité Territoriale,Commune,['Hautes-Pyrénées'],['Occitanie'],COM,{65},{76}
ff9da258-eebc-413c-a017-6c3c9d3a849f,215705286,Commune de Oron (57),false,{57528},Commune,2026-03-24 14:42:04.280096+01,gold_establishments_2025,,,,21570528600015,2025,Collectivité Territoriale,Commune,['Moselle'],['Grand Est'],COM,{57},{44}
1184b9a0-5f00-45b7-8070-5ff9e82cfe65,217901974,Commune de Oroux (79),false,{79197},Commune,2026-03-24 14:42:09.43682+01,gold_establishments_2025,,,,21790197400014,2025,Collectivité Territoriale,Commune,['Deux-Sèvres'],['Nouvelle-Aquitaine'],COM,{79},{75}
f1e27a38-0e98-43c4-b398-bf623713c22b,216004747,Commune de Oroër (60),false,{60480},Commune,2026-03-24 14:42:04.814328+01,gold_establishments_2025,,,,21600474700012,2025,Collectivité Territoriale,Commune,['Oise'],['Hauts-de-France'],COM,{60},{32}
da65b511-2218-4ce1-9e8d-184006a73673,217804707,Commune de Orphin (78),false,{78470},Commune,2026-03-24 14:42:09.43682+01,gold_establishments_2025,,,,21780470700016,2025,Collectivité Territoriale,Commune,['Yvelines'],['Île-de-France'],COM,{78},{11}
ac3d8c4f-2af7-42c5-9252-118ace59514e,210500971,Commune de Orpierre (05),false,{05097},Commune,2026-03-24 14:41:52.562531+01,gold_establishments_2025,,,,21050097100010,2025,Collectivité Territoriale,Commune,['Hautes-Alpes'],"[""Provence-Alpes-Côte d'Azur""]",COM,{05},{93}
afc71e46-1329-4200-9f6d-cbe1e9697c29,215202656,Commune de Orquevaux (52),false,{52369},Commune,2026-03-24 14:42:01.954481+01,gold_establishments_2025,,,,21520265600017,2025,Collectivité Territoriale,Commune,['Haute-Marne'],['Grand Est'],COM,{52},{44}
67c5ed57-6ddf-4a0b-8292-f1e19750e158,212104715,Commune de Orret (21),false,{21471},Commune,2026-03-24 14:41:55.433389+01,gold_establishments_2025,,,,21210471500017,2025,Collectivité Territoriale,Commune,"[""Côte-d'Or""]",['Bourgogne-Franche-Comté'],COM,{21},{27}
8ab60c68-b2bb-4285-a4f2-d65f0468f407,216404285,Commune de Orriule (64),false,{64428},Commune,2026-03-24 14:42:06.665412+01,gold_establishments_2025,,,,21640428500019,2025,Collectivité Territoriale,Commune,['Pyrénées-Atlantiques'],['Nouvelle-Aquitaine'],COM,{64},{75}
0c045539-82cd-4832-b348-e29f1e0df1c2,212802904,Commune de Orrouer (28),false,{28290},Commune,2026-03-24 14:41:57.028721+01,gold_establishments_2025,,,,21280290400012,2025,Collectivité Territoriale,Commune,['Eure-et-Loir'],['Centre-Val de Loire'],COM,{28},{24}
3e02c9d0-3555-425c-b649-cd958fc4a241,216004754,Commune de Orrouy (60),false,{60481},Commune,2026-03-24 14:42:04.814328+01,gold_establishments_2025,,,,21600475400018,2025,Collectivité Territoriale,Commune,['Oise'],['Hauts-de-France'],COM,{60},{32}
05472b69-5c82-45ea-af11-6e2678473463,216004762,Commune de Orry-la-Ville (60),false,{60482},Commune,2026-03-24 14:42:04.814328+01,gold_establishments_2025,,,,21600476200011,2025,Collectivité Territoriale,Commune,['Oise'],['Hauts-de-France'],COM,{60},{32}
4d55e187-c7ea-4f07-a311-46ed6fadd9b9,215904509,Commune de Ors (59),false,{59450},Commune,2026-03-24 14:42:04.814328+01,gold_establishments_2025,,,,21590450900019,2025,Collectivité Territoriale,Commune,['Nord'],['Hauts-de-France'],COM,{59},{32}
5f3ff1bd-9bec-4a3b-b211-15e7a7524adc,213001910,Commune de Orsan (30),false,{30191},Commune,2026-03-24 14:41:57.56054+01,gold_establishments_2025,,,,21300191000016,2025,Collectivité Territoriale,Commune,['Gard'],['Occitanie'],COM,{30},{76}
f7eeb6fd-ead4-4992-9165-f372829bc447,216404293,Commune de Orsanco (64),false,{64429},Commune,2026-03-24 14:42:06.665412+01,gold_establishments_2025,,,,21640429300013,2025,Collectivité Territoriale,Commune,['Pyrénées-Atlantiques'],['Nouvelle-Aquitaine'],COM,{64},{75}
7b062207-661a-4918-a9fe-418b3d0d019e,211102686,Commune de Orsans (11),false,{11268},Commune,2026-03-24 14:41:53.63825+01,gold_establishments_2025,,,,21110268600014,2025,Collectivité Territoriale,Commune,['Aude'],['Occitanie'],COM,{11},{76}
d6b0a379-5356-48e5-9585-6a1d1a322097,212504351,Commune de Orsans (25),false,{25435},Commune,2026-03-24 14:41:56.495197+01,gold_establishments_2025,,,,21250435100017,2025,Collectivité Territoriale,Commune,['Doubs'],['Bourgogne-Franche-Comté'],COM,{25},{27}
5eabdeb7-e78f-4de6-8778-cb8f93c2d6c5,219104718,Commune de Orsay (91),false,{91471},Commune,2026-03-24 14:42:11.659493+01,gold_establishments_2025,,,,21910471800016,2025,Collectivité Territoriale,Commune,['Essonne'],['Île-de-France'],COM,{91},{11}
0c0aaef5-fe06-47b8-8e2b-62cc11514e02,216802504,Commune de Orschwihr (68),false,{68250},Commune,2026-03-24 14:42:07.195692+01,gold_establishments_2025,,,,21680250400011,2025,Collectivité Territoriale,Commune,['Haut-Rhin'],['Grand Est'],COM,{68},{44}
a713d8c9-c6ff-4366-9b97-2cbc491decc9,216703629,Commune de Orschwiller (67),false,{67362},Commune,2026-03-24 14:42:07.195692+01,gold_establishments_2025,,,,21670362900016,2025,Collectivité Territoriale,Commune,['Bas-Rhin'],['Grand Est'],COM,{67},{44}
da7acd43-6b75-4a10-98f5-c7177e3ddcd0,213601461,Commune de Orsennes (36),false,{36146},Commune,2026-03-24 14:41:59.160244+01,gold_establishments_2025,,,,21360146100014,2025,Collectivité Territoriale,Commune,['Indre'],['Centre-Val de Loire'],COM,{36},{24}
4f8c4e88-da65-4972-b64f-9c2ed13890b4,215904517,Commune de Orsinval (59),false,{59451},Commune,2026-03-24 14:42:04.814328+01,gold_establishments_2025,,,,21590451700012,2025,Collectivité Territoriale,Commune,['Nord'],['Hauts-de-France'],COM,{59},{32}
9adfb48b-ae02-48b0-809b-5a07d741ae3a,217804723,Commune de Orsonville (78),false,{78472},Commune,2026-03-24 14:42:09.43682+01,gold_establishments_2025,,,,21780472300013,2025,Collectivité Territoriale,Commune,['Yvelines'],['Île-de-France'],COM,{78},{11}
5094ab1d-f261-4fa3-9e6c-df6720a9243b,216601294,Commune de Ortaffa (66),false,{66129},Commune,2026-03-24 14:42:06.665412+01,gold_establishments_2025,,,,21660129400012,2025,Collectivité Territoriale,Commune,['Pyrénées-Orientales'],['Occitanie'],COM,{66},{76}
84441c06-c9d6-4083-9cd8-5f8c4523f097,212001945,Commune de Ortale (2B),false,{2B194},Commune,2026-03-24 14:41:57.56054+01,gold_establishments_2025,,,,21200194500014,2025,Collectivité Territoriale,Commune,['Haute-Corse'],['Corse'],COM,{2B},{94}
9dddfbd7-d4db-43e5-acc7-03f2d50e0e93,214002123,Commune de Orthevielle (40),false,{40212},Commune,2026-03-24 14:41:59.705606+01,gold_establishments_2025,,,,21400212300013,2025,Collectivité Territoriale,Commune,['Landes'],['Nouvelle-Aquitaine'],COM,{40},{75}
b28e01dd-0e52-419c-8821-cde0d142e928,216404301,Commune de Orthez (64),false,{64430},Commune,2026-03-24 14:42:06.665412+01,gold_establishments_2025,,,,21640430100014,2025,Collectivité Territoriale,Commune,['Pyrénées-Atlantiques'],['Nouvelle-Aquitaine'],COM,{64},{75}
4bba759f-523e-491a-9145-268a1dde9488,213001928,Commune de Orthoux-Sérignac-Quilhan (30),false,{30192},Commune,2026-03-24 14:41:57.56054+01,gold_establishments_2025,,,,21300192800018,2025,Collectivité Territoriale,Commune,['Gard'],['Occitanie'],COM,{30},{76}
e1d02688-a575-4106-aba5-7d9eb6a84c12,211002654,Commune de Ortillon (10),false,{10273},Commune,2026-03-24 14:41:53.095366+01,gold_establishments_2025,,,,21100265400013,2025,Collectivité Territoriale,Commune,['Aube'],['Grand Est'],COM,{10},{44}
415c40d7-aa6e-4167-b5cd-59687008f7c7,212001952,Commune de Ortiporio (2B),false,{2B195},Commune,2026-03-24 14:41:57.56054+01,gold_establishments_2025,,,,21200195200010,2025,Collectivité Territoriale,Commune,['Haute-Corse'],['Corse'],COM,{2B},{94}
a89466d6-08b1-45e9-a5f4-726c30b8a6a4,212001960,Commune de Orto (2A),false,{2A196},Commune,2026-03-24 14:41:57.56054+01,gold_establishments_2025,,,,21200196000013,2025,Collectivité Territoriale,Commune,['Corse-du-Sud'],['Corse'],COM,{2A},{94}
23b0182f-f447-4671-853f-04ea96caab25,218803385,Commune de Ortoncourt (88),false,{88338},Commune,2026-03-24 14:42:11.118516+01,gold_establishments_2025,,,,21880338500010,2025,Collectivité Territoriale,Commune,['Vosges'],['Grand Est'],COM,{88},{44}
99c71c37-05cc-4ed6-a7fa-4892a4a8c381,210902227,Commune de Orus (09),false,{09222},Commune,2026-03-24 14:41:53.095366+01,gold_establishments_2025,,,,21090222700011,2025,Collectivité Territoriale,Commune,['Ariège'],['Occitanie'],COM,{09},{76}
437675a3-417b-4899-8418-79409cded011,211801725,Commune de Orval (18),false,{18172},Commune,2026-03-24 14:41:54.903238+01,gold_establishments_2025,,,,21180172500014,2025,Collectivité Territoriale,Commune,['Cher'],['Centre-Val de Loire'],COM,{18},{24}
34970048-f125-44aa-bd04-0e4b68b59e7a,200056430,Commune de Orval sur Sienne (50),false,{50388},Commune,2026-03-24 14:42:01.412377+01,gold_establishments_2025,,,,20005643000016,2025,Collectivité Territoriale,Commune,['Manche'],['Normandie'],COM,{50},{28}
3c97d7e2-350c-4e34-8dd8-d7294a1a4560,214401143,Commune de Orvault (44),false,{44114},Commune,2026-03-24 14:42:00.273698+01,gold_establishments_2025,,,,21440114300018,2025,Collectivité Territoriale,Commune,['Loire-Atlantique'],['Pays de la Loire'],COM,{44},{52}
d03314be-a554-4798-98cc-aa10b29b391b,212504369,Commune de Orve (25),false,{25436},Commune,2026-03-24 14:41:56.495197+01,gold_establishments_2025,,,,21250436900019,2025,Collectivité Territoriale,Commune,['Doubs'],['Bourgogne-Franche-Comté'],COM,{25},{27}
3ee3446a-7135-4afb-8472-27d79a570ad1,219104734,Commune de Orveau (91),false,{91473},Commune,2026-03-24 14:42:11.659493+01,gold_establishments_2025,,,,21910473400013,2025,Collectivité Territoriale,Commune,['Essonne'],['Île-de-France'],COM,{91},{11}
0f1ea3fb-653f-47cc-8d7b-fea3e3797729,212104723,Commune de Orville (21),false,{21472},Commune,2026-03-24 14:41:55.433389+01,gold_establishments_2025,,,,21210472300011,2025,Collectivité Territoriale,Commune,"[""Côte-d'Or""]",['Bourgogne-Franche-Comté'],COM,{21},{27}
9fee74ee-a025-41c1-833d-0c5d49d30dcd,213601479,Commune de Orville (36),false,{36147},Commune,2026-03-24 14:41:59.160244+01,gold_establishments_2025,,,,21360147900016,2025,Collectivité Territoriale,Commune,['Indre'],['Centre-Val de Loire'],COM,{36},{24}
5eb57f6d-6ca6-497d-99fc-650fb214a2ea,214502379,Commune de Orville (45),false,{45237},Commune,2026-03-24 14:42:00.862623+01,gold_establishments_2025,,,,21450237900016,2025,Collectivité Territoriale,Commune,['Loiret'],['Centre-Val de Loire'],COM,{45},{24}
df4360df-3d12-4a36-bcff-22922825a776,216206409,Commune de Orville (62),false,{62640},Commune,2026-03-24 14:42:05.597325+01,gold_establishments_2025,,,,21620640900015,2025,Collectivité Territoriale,Commune,['Pas-de-Calais'],['Hauts-de-France'],COM,{62},{32}
11930f82-1803-4f8d-ba74-348cabcfe16d,216004770,Commune de Orvillers-Sorel (60),false,{60483},Commune,2026-03-24 14:42:04.814328+01,gold_establishments_2025,,,,21600477000048,2025,Collectivité Territoriale,Commune,['Oise'],['Hauts-de-France'],COM,{60},{32}
4a2c9cc4-0df8-4c3b-baae-9eb144db60f6,217804749,Commune de Orvilliers (78),false,{78474},Commune,2026-03-24 14:42:09.43682+01,gold_establishments_2025,,,,21780474900018,2025,Collectivité Territoriale,Commune,['Yvelines'],['Île-de-France'],COM,{78},{11}
29841488-c3ce-4862-938a-75727a368e84,211002662,Commune de Orvilliers-Saint-Julien (10),false,{10274},Commune,2026-03-24 14:41:53.095366+01,gold_establishments_2025,,,,21100266200016,2025,Collectivité Territoriale,Commune,['Aube'],['Grand Est'],COM,{10},{44}
16c55bb1-fb30-489b-ab19-e6dca2830502,214002131,Commune de Orx (40),false,{40213},Commune,2026-03-24 14:41:59.705606+01,gold_establishments_2025,,,,21400213100081,2025,Collectivité Territoriale,Commune,['Landes'],['Nouvelle-Aquitaine'],COM,{40},{75}
a0997f6e-2588-4038-b37d-4c2b14aca08c,214101685,Commune de Orçay (41),false,{41168},Commune,2026-03-24 14:42:00.273698+01,gold_establishments_2025,,,,21410168500011,2025,Collectivité Territoriale,Commune,['Loir-et-Cher'],['Centre-Val de Loire'],COM,{41},{24}
a599b9da-516f-4649-b629-92b345830ecb,216404251,Commune de Orègue (64),false,{64425},Commune,2026-03-24 14:42:06.665412+01,gold_establishments_2025,,,,21640425100011,2025,Collectivité Territoriale,Commune,['Pyrénées-Atlantiques'],['Nouvelle-Aquitaine'],COM,{64},{75}
3493a39d-0ff1-46e5-8b44-eeef9dbd7b89,216404319,Commune de Os-Marsillon (64),false,{64431},Commune,2026-03-24 14:42:06.665412+01,gold_establishments_2025,,,,21640431900016,2025,Collectivité Territoriale,Commune,['Pyrénées-Atlantiques'],['Nouvelle-Aquitaine'],COM,{64},{75}
f27aa237-6a1d-4c37-ba0a-4872e7bd0e5d,212001978,Commune de Osani (2A),false,{2A197},Commune,2026-03-24 14:41:57.56054+01,gold_establishments_2025,,,,21200197800015,2025,Collectivité Territoriale,Commune,['Corse-du-Sud'],['Corse'],COM,{2A},{94}
09a61257-037f-46a2-befa-12c8afe669d2,215503954,Commune de Osches (55),false,{55395},Commune,2026-03-24 14:42:03.701372+01,gold_establishments_2025,,,,21550395400012,2025,Collectivité Territoriale,Commune,['Meuse'],['Grand Est'],COM,{55},{44}
37b5759c-f5b0-40f0-a048-c188a4ea2616,216802512,Commune de Osenbach (68),false,{68251},Commune,2026-03-24 14:42:07.195692+01,gold_establishments_2025,,,,21680251200063,2025,Collectivité Territoriale,Commune,['Haut-Rhin'],['Grand Est'],COM,{68},{44}
71d7fa66-7c1f-449a-a8d9-70cf4d29a587,217103332,Commune de Oslon (71),false,{71333},Commune,2026-03-24 14:42:07.735343+01,gold_establishments_2025,,,,21710333200011,2025,Collectivité Territoriale,Commune,['Saône-et-Loire'],['Bourgogne-Franche-Comté'],COM,{71},{27}
b5d247ab-8eba-4d52-82fa-5fcadb98e289,210205530,Commune de Osly-Courtil (02),false,{02576},Commune,2026-03-24 14:41:52.020251+01,gold_establishments_2025,,,,21020553000012,2025,Collectivité Territoriale,Commune,['Aisne'],['Hauts-de-France'],COM,{02},{32}
57aaf496-46fc-4487-8fa0-77387796ac87,211404801,Commune de Osmanville (14),false,{14480},Commune,2026-03-24 14:41:54.362296+01,gold_establishments_2025,,,,21140480100014,2025,Collectivité Territoriale,Commune,['Calvados'],['Normandie'],COM,{14},{28}
53e70896-f8e3-4bff-8b83-05a42163d17e,200102242,Commune de Osmery (18),false,{18173},Commune,2026-03-24 14:41:54.903238+01,gold_establishments_2025,,,,20010224200019,2025,Collectivité Territoriale,Commune,['Cher'],['Centre-Val de Loire'],COM,{18},{24}
7f1ed43e-e406-4782-a9e4-246b28d6d5a3,216503425,Commune de Osmets (65),false,{65342},Commune,2026-03-24 14:42:06.665412+01,gold_establishments_2025,,,,21650342500011,2025,Collectivité Territoriale,Commune,['Hautes-Pyrénées'],['Occitanie'],COM,{65},{76}
63670972-d72c-41c8-a11b-29b7113d218e,211801741,Commune de Osmoy (18),false,{18174},Commune,2026-03-24 14:41:54.903238+01,gold_establishments_2025,,,,21180174100011,2025,Collectivité Territoriale,Commune,['Cher'],['Centre-Val de Loire'],COM,{18},{24}
307eeb41-1c6e-4b0e-9ca3-fc562995f7f5,217804756,Commune de Osmoy (78),false,{78475},Commune,2026-03-24 14:42:09.43682+01,gold_establishments_2025,,,,21780475600013,2025,Collectivité Territoriale,Commune,['Yvelines'],['Île-de-France'],COM,{78},{11}
98a1d614-3131-4320-aa21-f4479797016f,217604875,Commune de Osmoy-Saint-Valery (76),false,{76487},Commune,2026-03-24 14:42:08.818969+01,gold_establishments_2025,,,,21760487500013,2025,Collectivité Territoriale,Commune,['Seine-Maritime'],['Normandie'],COM,{76},{28}
995af4bd-308c-4eb2-a968-39eb477ac14d,215202664,Commune de Osne-le-Val (52),false,{52370},Commune,2026-03-24 14:42:01.954481+01,gold_establishments_2025,,,,21520266400011,2025,Collectivité Territoriale,Commune,['Haute-Marne'],['Grand Est'],COM,{52},{44}
e8e77066-c755-4307-b5a3-859f8b60eff6,210803037,Commune de Osnes (08),false,{08336},Commune,2026-03-24 14:41:53.095366+01,gold_establishments_2025,,,,21080303700014,2025,Collectivité Territoriale,Commune,['Ardennes'],['Grand Est'],COM,{08},{44}
f40528ae-a66d-485b-a73b-fe689f80961d,219504768,Commune de Osny (95),false,{95476},Commune,2026-03-24 14:42:11.659493+01,gold_establishments_2025,,,,21950476800124,2025,Collectivité Territoriale,Commune,"[""Val-d'Oise""]",['Île-de-France'],COM,{95},{11}
4dbdd7fe-2a51-439a-b191-3fcf1267b9d1,214002149,Commune de Ossages (40),false,{40214},Commune,2026-03-24 14:41:59.705606+01,gold_establishments_2025,,,,21400214900018,2025,Collectivité Territoriale,Commune,['Landes'],['Nouvelle-Aquitaine'],COM,{40},{75}
f6a3a7bd-7520-4622-ae8d-fd31d34f4937,216404327,Commune de Ossas-Suhare (64),false,{64432},Commune,2026-03-24 14:42:06.665412+01,gold_establishments_2025,,,,21640432700019,2025,Collectivité Territoriale,Commune,['Pyrénées-Atlantiques'],['Nouvelle-Aquitaine'],COM,{64},{75}
19c7c4e5-d53e-4ace-bd6e-63ffff7a0ee8,212504377,Commune de Osse (25),false,{25437},Commune,2026-03-24 14:41:56.495197+01,gold_establishments_2025,,,,21250437700012,2025,Collectivité Territoriale,Commune,['Doubs'],['Bourgogne-Franche-Comté'],COM,{25},{27}
0c578bf1-56ca-4c39-9072-44b27f0ca1ef,216404335,Commune de Osse-en-Aspe (64),false,{64433},Commune,2026-03-24 14:42:06.665412+01,gold_establishments_2025,,,,21640433500012,2025,Collectivité Territoriale,Commune,['Pyrénées-Atlantiques'],['Nouvelle-Aquitaine'],COM,{64},{75}
b26c97b6-d8df-4cc2-a11e-9d437fa4234a,200060556,Commune de Osselle-Routelle (25),false,{25438},Commune,2026-03-24 14:41:56.495197+01,gold_establishments_2025,,,,20006055600012,2025,Collectivité Territoriale,Commune,['Doubs'],['Bourgogne-Franche-Comté'],COM,{25},{27}
056af860-c314-471e-87e6-cab57cf5311d,216503433,Commune de Ossen (65),false,{65343},Commune,2026-03-24 14:42:06.665412+01,gold_establishments_2025,,,,21650343300015,2025,Collectivité Territoriale,Commune,['Hautes-Pyrénées'],['Occitanie'],COM,{65},{76}
a7d3e60b-a3b8-418c-b42a-80ae400cfd67,216404343,Commune de Ossenx (64),false,{64434},Commune,2026-03-24 14:42:06.665412+01,gold_establishments_2025,,,,21640434300016,2025,Collectivité Territoriale,Commune,['Pyrénées-Atlantiques'],['Nouvelle-Aquitaine'],COM,{64},{75}
3155ad94-940e-4a0e-8b96-71696671619e,216404350,Commune de Osserain-Rivareyte (64),false,{64435},Commune,2026-03-24 14:42:06.665412+01,gold_establishments_2025,,,,21640435000011,2025,Collectivité Territoriale,Commune,['Pyrénées-Atlantiques'],['Nouvelle-Aquitaine'],COM,{64},{75}
c2c728d4-9abf-4081-898e-523a8cf20751,211002670,Commune de Ossey-les-Trois-Maisons (10),false,{10275},Commune,2026-03-24 14:41:53.095366+01,gold_establishments_2025,,,,21100267000019,2025,Collectivité Territoriale,Commune,['Aube'],['Grand Est'],COM,{10},{44}
f9136004-f796-4fce-ac04-0b45ac2c6748,216503441,Commune de Ossun (65),false,{65344},Commune,2026-03-24 14:42:06.665412+01,gold_establishments_2025,,,,21650344100018,2025,Collectivité Territoriale,Commune,['Hautes-Pyrénées'],['Occitanie'],COM,{65},{76}
1a49d044-0868-43c6-b93f-789b198821f9,216503458,Commune de Ossun-ez-Angles (65),false,{65345},Commune,2026-03-24 14:42:06.665412+01,gold_establishments_2025,,,,21650345800012,2025,Collectivité Territoriale,Commune,['Hautes-Pyrénées'],['Occitanie'],COM,{65},{76}
61eadd27-a78a-46f0-86e2-5337247737cf,216404368,Commune de Ossès (64),false,{64436},Commune,2026-03-24 14:42:06.665412+01,gold_establishments_2025,,,,21640436800013,2025,Collectivité Territoriale,Commune,['Pyrénées-Atlantiques'],['Nouvelle-Aquitaine'],COM,{64},{75}
edafd518-8406-4f77-81a2-da5f0ddcdb0e,216601302,Commune de Osséja (66),false,{66130},Commune,2026-03-24 14:42:06.665412+01,gold_establishments_2025,,,,21660130200013,2025,Collectivité Territoriale,Commune,['Pyrénées-Orientales'],['Occitanie'],COM,{66},{76}
32a66460-fbdf-479a-bb70-923c88450d52,216404376,Commune de Ostabat-Asme (64),false,{64437},Commune,2026-03-24 14:42:06.665412+01,gold_establishments_2025,,,,21640437600016,2025,Collectivité Territoriale,Commune,['Pyrénées-Atlantiques'],['Nouvelle-Aquitaine'],COM,{64},{75}
cd76511a-0ead-4a8b-9c33-ad285dc66511,210205548,Commune de Ostel (02),false,{02577},Commune,2026-03-24 14:41:52.020251+01,gold_establishments_2025,,,,21020554800014,2025,Collectivité Territoriale,Commune,['Aisne'],['Hauts-de-France'],COM,{02},{32}
f7403e8a-ed14-43a4-b1af-ffd67fd480a4,216802520,Commune de Ostheim (68),false,{68252},Commune,2026-03-24 14:42:07.195692+01,gold_establishments_2025,,,,21680252000017,2025,Collectivité Territoriale,Commune,['Haut-Rhin'],['Grand Est'],COM,{68},{44}
42e98b6d-215f-4cab-8de7-82b76ae6ab1a,216703637,Commune de Osthoffen (67),false,{67363},Commune,2026-03-24 14:42:07.195692+01,gold_establishments_2025,,,,21670363700019,2025,Collectivité Territoriale,Commune,['Bas-Rhin'],['Grand Est'],COM,{67},{44}
65ae0bf4-c81f-432d-94b3-4bc1b659084f,216703645,Commune de Osthouse (67),false,{67364},Commune,2026-03-24 14:42:07.195692+01,gold_establishments_2025,,,,21670364500012,2025,Collectivité Territoriale,Commune,['Bas-Rhin'],['Grand Est'],COM,{67},{44}
c50c74b3-b208-4971-852e-52cdb8d57699,216206417,Commune de Ostreville (62),false,{62641},Commune,2026-03-24 14:42:05.597325+01,gold_establishments_2025,,,,21620641700018,2025,Collectivité Territoriale,Commune,['Pas-de-Calais'],['Hauts-de-France'],COM,{62},{32}
9a07e522-b41b-4639-b205-567814fc7caf,215904525,Commune de Ostricourt (59),false,{59452},Commune,2026-03-24 14:42:04.814328+01,gold_establishments_2025,,,,21590452500015,2025,Collectivité Territoriale,Commune,['Nord'],['Hauts-de-France'],COM,{59},{32}
cc9f3f64-6c9c-4451-ae2e-89f7a71ac198,216703652,Commune de Ostwald (67),false,{67365},Commune,2026-03-24 14:42:07.195692+01,gold_establishments_2025,,,,21670365200125,2025,Collectivité Territoriale,Commune,['Bas-Rhin'],['Grand Est'],COM,{67},{44}
f8e6502a-84e1-4a75-95b4-b2ea6b3f9bb9,212001986,Commune de Ota (2A),false,{2A198},Commune,2026-03-24 14:41:57.56054+01,gold_establishments_2025,,,,21200198600018,2025,Collectivité Territoriale,Commune,['Corse-du-Sud'],['Corse'],COM,{2A},{94}
94313b55-af26-484b-ab22-4bc460a98d3b,215404120,Commune de Othe (54),false,{54412},Commune,2026-03-24 14:42:02.957225+01,gold_establishments_2025,,,,21540412000010,2025,Collectivité Territoriale,Commune,['Meurthe-et-Moselle'],['Grand Est'],COM,{54},{44}
07453594-4ffd-4fd7-ac0b-10b8cbc6c8ea,217703495,Commune de Othis (77),false,{77349},Commune,2026-03-24 14:42:09.43682+01,gold_establishments_2025,,,,21770349500010,2025,Collectivité Territoriale,Commune,['Seine-et-Marne'],['Île-de-France'],COM,{77},{11}
b0488008-d6b7-480a-a2ad-4a791785fdfc,215705294,Commune de Ottange (57),false,{57529},Commune,2026-03-24 14:42:04.280096+01,gold_establishments_2025,,,,21570529400019,2025,Collectivité Territoriale,Commune,['Moselle'],['Grand Est'],COM,{57},{44}
083d7739-afdc-4aae-8f41-0e2efe1ae562,216703660,Commune de Ottersthal (67),false,{67366},Commune,2026-03-24 14:42:07.195692+01,gold_establishments_2025,,,,21670366000011,2025,Collectivité Territoriale,Commune,['Bas-Rhin'],['Grand Est'],COM,{67},{44}
2b0478a2-aa29-43aa-b11e-408cddb8272e,216703678,Commune de Otterswiller (67),false,{67367},Commune,2026-03-24 14:42:07.195692+01,gold_establishments_2025,,,,21670367800013,2025,Collectivité Territoriale,Commune,['Bas-Rhin'],['Grand Est'],COM,{67},{44}
3acf9b47-6b01-443a-b7da-8f853aae386b,216802538,Commune de Ottmarsheim (68),false,{68253},Commune,2026-03-24 14:42:07.195692+01,gold_establishments_2025,,,,21680253800019,2025,Collectivité Territoriale,Commune,['Haut-Rhin'],['Grand Est'],COM,{68},{44}
7e5583c4-ff63-4837-9d36-58e5ceb75337,215705302,Commune de Ottonville (57),false,{57530},Commune,2026-03-24 14:42:04.280096+01,gold_establishments_2025,,,,21570530200010,2025,Collectivité Territoriale,Commune,['Moselle'],['Grand Est'],COM,{57},{44}
04e46c73-29d3-460d-a547-01fa763fee1c,216703686,Commune de Ottrott (67),false,{67368},Commune,2026-03-24 14:42:07.195692+01,gold_establishments_2025,,,,21670368600016,2025,Collectivité Territoriale,Commune,['Bas-Rhin'],['Grand Est'],COM,{67},{44}
c548dc32-73ad-491d-9e2e-00363bf6066d,216703694,Commune de Ottwiller (67),false,{67369},Commune,2026-03-24 14:42:07.195692+01,gold_establishments_2025,,,,21670369400010,2025,Collectivité Territoriale,Commune,['Bas-Rhin'],['Grand Est'],COM,{67},{44}
ab86900f-c01f-4751-b304-73838c0f4b57,215802000,Commune de Ouagne (58),false,{58200},Commune,2026-03-24 14:42:04.280096+01,gold_establishments_2025,,,,21580200000012,2025,Collectivité Territoriale,Commune,['Nièvre'],['Bourgogne-Franche-Comté'],COM,{58},{27}
3dc06968-cca7-4e20-a545-52561288d246,217604883,Commune de Ouainville (76),false,{76488},Commune,2026-03-24 14:42:08.818969+01,gold_establishments_2025,,,,21760488300017,2025,Collectivité Territoriale,Commune,['Seine-Maritime'],['Normandie'],COM,{76},{28}
dd916643-103a-4835-b718-485e89f32766,219733144,Commune de Ouanary (973),false,{97314},Commune,2026-03-24 14:42:11.659493+01,gold_establishments_2025,,,,21973314400014,2025,Collectivité Territoriale,Commune,['Guyane'],['Guyane'],COM,{973},{03}
c73ede38-2018-4323-b00b-5f9a1a3e6f03,200008852,Commune de Ouangani (976),false,{97614},Commune,2026-03-24 14:42:11.659493+01,gold_establishments_2025,,,,20000885200010,2025,Collectivité Territoriale,Commune,['Mayotte'],['Mayotte'],COM,{976},{06}
83485a04-c72c-46f0-bf06-d39859d08a1e,218902831,Commune de Ouanne (89),false,{89283},Commune,2026-03-24 14:42:11.659493+01,gold_establishments_2025,,,,21890283100013,2025,Collectivité Territoriale,Commune,['Yonne'],['Bourgogne-Franche-Comté'],COM,{89},{27}
d3793f50-9f35-4646-a7fa-6b2e5759e5a2,212802912,Commune de Ouarville (28),false,{28291},Commune,2026-03-24 14:41:57.028721+01,gold_establishments_2025,,,,21280291200015,2025,Collectivité Territoriale,Commune,['Eure-et-Loir'],['Centre-Val de Loire'],COM,{28},{24}
48f486f9-4ed8-40c3-a78a-e60c46d9ea98,214201626,Commune de Ouches (42),false,{42162},Commune,2026-03-24 14:42:00.273698+01,gold_establishments_2025,,,,21420162600014,2025,Collectivité Territoriale,Commune,['Loire'],['Auvergne-Rhône-Alpes'],COM,{42},{84}
e2794f5a-1ee7-4454-a385-6ceba912c084,200065670,Commune de Oucques La Nouvelle (41),false,{41171},Commune,2026-03-24 14:42:00.273698+01,gold_establishments_2025,,,,20006567000016,2025,Collectivité Territoriale,Commune,['Loir-et-Cher'],['Centre-Val de Loire'],COM,{41},{24}
e7915021-dc73-474c-b00e-587670c5b511,217604891,Commune de Oudalle (76),false,{76489},Commune,2026-03-24 14:42:08.818969+01,gold_establishments_2025,,,,21760489100010,2025,Collectivité Territoriale,Commune,['Seine-Maritime'],['Normandie'],COM,{76},{28}
dc0b0b86-87b1-4af1-ba8f-8567b2e2465f,215802018,Commune de Oudan (58),false,{58201},Commune,2026-03-24 14:42:04.280096+01,gold_establishments_2025,,,,21580201800014,2025,Collectivité Territoriale,Commune,['Nièvre'],['Bourgogne-Franche-Comté'],COM,{58},{27}
91f03fc8-5eee-4491-bf13-417b759c2cd1,216004788,Commune de Oudeuil (60),false,{60484},Commune,2026-03-24 14:42:04.814328+01,gold_establishments_2025,,,,21600478800016,2025,Collectivité Territoriale,Commune,['Oise'],['Hauts-de-France'],COM,{60},{32}
8a0e17de-eb3e-4fba-9619-d50735db5cc2,215904533,Commune de Oudezeele (59),false,{59453},Commune,2026-03-24 14:42:04.814328+01,gold_establishments_2025,,,,21590453300035,2025,Collectivité Territoriale,Commune,['Nord'],['Hauts-de-France'],COM,{59},{32}
b0fd051b-10d7-4f1d-a7bf-bb334e68c22a,215202672,Commune de Oudincourt (52),false,{52371},Commune,2026-03-24 14:42:01.954481+01,gold_establishments_2025,,,,21520267200014,2025,Collectivité Territoriale,Commune,['Haute-Marne'],['Grand Est'],COM,{52},{44}
58c2ec35-3553-420e-817c-dc3a4cd1bd21,214401150,Commune de Oudon (44),false,{44115},Commune,2026-03-24 14:42:00.273698+01,gold_establishments_2025,,,,21440115000013,2025,Collectivité Territoriale,Commune,['Loire-Atlantique'],['Pays de la Loire'],COM,{44},{52}
05982378-551d-4785-871f-4edc1f62aaf7,215705310,Commune de Oudrenne (57),false,{57531},Commune,2026-03-24 14:42:04.280096+01,gold_establishments_2025,,,,21570531000013,2025,Collectivité Territoriale,Commune,['Moselle'],['Grand Est'],COM,{57},{44}
4dadbbd7-6066-4c27-a71c-fcbd67e73c33,217103340,Commune de Oudry (71),false,{71334},Commune,2026-03-24 14:42:07.735343+01,gold_establishments_2025,,,,21710334000014,2025,Collectivité Territoriale,Commune,['Saône-et-Loire'],['Bourgogne-Franche-Comté'],COM,{71},{27}
e3f679a6-78ec-48be-b63f-b075252df84c,216503466,Commune de Oueilloux (65),false,{65346},Commune,2026-03-24 14:42:06.665412+01,gold_establishments_2025,,,,21650346600015,2025,Collectivité Territoriale,Commune,['Hautes-Pyrénées'],['Occitanie'],COM,{65},{76}
d30106f2-1ea6-4cd9-86ee-117c365eb9f3,212802920,Commune de Ouerre (28),false,{28292},Commune,2026-03-24 14:41:57.028721+01,gold_establishments_2025,,,,21280292000018,2025,Collectivité Territoriale,Commune,['Eure-et-Loir'],['Centre-Val de Loire'],COM,{28},{24}
d21e238c-ec7c-4245-a33e-64e78b45f1ad,212901557,Commune de Ouessant (29),false,{29155},Commune,2026-03-24 14:41:57.028721+01,gold_establishments_2025,,,,21290155700018,2025,Collectivité Territoriale,Commune,['Finistère'],['Bretagne'],COM,{29},{53}
ca624b1c-28d7-4269-867e-b334e5e6d7d5,211404835,Commune de Ouffières (14),false,{14483},Commune,2026-03-24 14:41:54.362296+01,gold_establishments_2025,,,,21140483500012,2025,Collectivité Territoriale,Commune,['Calvados'],['Normandie'],COM,{14},{28}
e43b2fad-7180-4d5a-ad81-96bd26f8c451,217004001,Commune de Ouge (70),false,{70400},Commune,2026-03-24 14:42:07.735343+01,gold_establishments_2025,,,,21700400100012,2025,Collectivité Territoriale,Commune,['Haute-Saône'],['Bourgogne-Franche-Comté'],COM,{70},{27}
db9a37f4-ac91-49ff-baa2-b1abf7657b39,212104731,Commune de Ouges (21),false,{21473},Commune,2026-03-24 14:41:55.433389+01,gold_establishments_2025,,,,21210473100014,2025,Collectivité Territoriale,Commune,"[""Côte-d'Or""]",['Bourgogne-Franche-Comté'],COM,{21},{27}
de919c9f-736b-4f08-b301-6adec52ddb92,213903982,Commune de Ougney (39),false,{39398},Commune,2026-03-24 14:41:59.705606+01,gold_establishments_2025,,,,21390398200014,2025,Collectivité Territoriale,Commune,['Jura'],['Bourgogne-Franche-Comté'],COM,{39},{27}
d0634b7a-366b-488b-a086-378ac781528f,212504393,Commune de Ougney-Douvot (25),false,{25439},Commune,2026-03-24 14:41:56.495197+01,gold_establishments_2025,,,,21250439300019,2025,Collectivité Territoriale,Commune,['Doubs'],['Bourgogne-Franche-Comté'],COM,{25},{27}
455c79f0-e523-43a6-8581-660ec3d1998c,215802026,Commune de Ougny (58),false,{58202},Commune,2026-03-24 14:42:04.280096+01,gold_establishments_2025,,,,21580202600017,2025,Collectivité Territoriale,Commune,['Nièvre'],['Bourgogne-Franche-Comté'],COM,{58},{27}
5838993b-ab14-4149-85ec-18f9de2564a0,212504401,Commune de Ouhans (25),false,{25440},Commune,2026-03-24 14:41:56.495197+01,gold_establishments_2025,,,,21250440100010,2025,Collectivité Territoriale,Commune,['Doubs'],['Bourgogne-Franche-Comté'],COM,{25},{27}
4597b824-30da-4e44-b54b-130ef582b587,214301459,Commune de Ouides (43),false,{43145},Commune,2026-03-24 14:42:00.273698+01,gold_establishments_2025,,,,21430145900019,2025,Collectivité Territoriale,Commune,['Haute-Loire'],['Auvergne-Rhône-Alpes'],COM,{43},{84}
f8855cc3-f558-479d-b914-8551b1aa4657,216404384,Commune de Ouillon (64),false,{64438},Commune,2026-03-24 14:42:06.665412+01,gold_establishments_2025,,,,21640438400010,2025,Collectivité Territoriale,Commune,['Pyrénées-Atlantiques'],['Nouvelle-Aquitaine'],COM,{64},{75}
35088ca7-a2cd-4a46-8a19-f4298ebf36ff,211404843,Commune de Ouilly-du-Houley (14),false,{14484},Commune,2026-03-24 14:41:54.362296+01,gold_establishments_2025,,,,21140484300016,2025,Collectivité Territoriale,Commune,['Calvados'],['Normandie'],COM,{14},{28}
25b027e7-abfc-4653-9138-93b4f894fb4a,211404868,Commune de Ouilly-le-Tesson (14),false,{14486},Commune,2026-03-24 14:41:54.362296+01,gold_establishments_2025,,,,21140486800013,2025,Collectivité Territoriale,Commune,['Calvados'],['Normandie'],COM,{14},{28}
c2343df0-bbbb-4582-a6cf-6a3ca0147cbf,211404876,Commune de Ouilly-le-Vicomte (14),false,{14487},Commune,2026-03-24 14:41:54.362296+01,gold_establishments_2025,,,,21140487600016,2025,Collectivité Territoriale,Commune,['Calvados'],['Normandie'],COM,{14},{28}
056a9b5a-a2d5-4f75-ad05-ed99682b2bce,211404884,Commune de Ouistreham (14),false,{14488},Commune,2026-03-24 14:41:54.362296+01,gold_establishments_2025,,,,21140488400010,2025,Collectivité Territoriale,Commune,['Calvados'],['Normandie'],COM,{14},{28}
4b385012-829f-4bdc-a7fc-238843f279b0,213601487,Commune de Oulches (36),false,{36148},Commune,2026-03-24 14:41:59.160244+01,gold_establishments_2025,,,,21360148700019,2025,Collectivité Territoriale,Commune,['Indre'],['Centre-Val de Loire'],COM,{36},{24}
78758894-f5f4-4d0c-9643-3221251e3d7e,210205555,Commune de Oulches-la-Vallée-Foulon (02),false,{02578},Commune,2026-03-24 14:41:52.020251+01,gold_establishments_2025,,,,21020555500019,2025,Collectivité Territoriale,Commune,['Aisne'],['Hauts-de-France'],COM,{02},{32}
1b3829e9-543a-42c5-8904-c3d93bafe078,210205563,Commune de Oulchy-la-Ville (02),false,{02579},Commune,2026-03-24 14:41:52.020251+01,gold_establishments_2025,,,,21020556300013,2025,Collectivité Territoriale,Commune,['Aisne'],['Hauts-de-France'],COM,{02},{32}
3be74d81-cfe5-4b0e-92db-6a8d43e1f9da,210205571,Commune de Oulchy-le-Château (02),false,{02580},Commune,2026-03-24 14:41:52.020251+01,gold_establishments_2025,,,,21020557100016,2025,Collectivité Territoriale,Commune,['Aisne'],['Hauts-de-France'],COM,{02},{32}
9cbb78d1-d2e6-4c42-b038-a5905d3b216c,212802938,Commune de Oulins (28),false,{28293},Commune,2026-03-24 14:41:57.028721+01,gold_establishments_2025,,,,21280293800010,2025,Collectivité Territoriale,Commune,['Eure-et-Loir'],['Centre-Val de Loire'],COM,{28},{24}
56fbd6e4-3532-4cef-93a4-a630ca7af74c,213802861,Commune de Oulles (38),false,{38286},Commune,2026-03-24 14:41:59.160244+01,gold_establishments_2025,,,,21380286100012,2025,Collectivité Territoriale,Commune,['Isère'],['Auvergne-Rhône-Alpes'],COM,{38},{84}
2c24020b-4247-4300-83f8-601a73026083,200102747,Commune de Oullins-Pierre-Bénite (69),false,{69149},Commune,2026-03-24 14:42:07.195692+01,gold_establishments_2025,,,,20010274700017,2025,Collectivité Territoriale,Commune,['Rhône'],['Auvergne-Rhône-Alpes'],COM,{69},{84}
0e26e70e-61e8-4e12-a9b5-3d4e2b3d7ed1,215802034,Commune de Oulon (58),false,{58203},Commune,2026-03-24 14:42:04.280096+01,gold_establishments_2025,,,,21580203400011,2025,Collectivité Territoriale,Commune,['Nièvre'],['Bourgogne-Franche-Comté'],COM,{58},{27}
bd16052e-2804-4b7f-822c-9d72a8e158c5,213903990,Commune de Ounans (39),false,{39399},Commune,2026-03-24 14:41:59.705606+01,gold_establishments_2025,,,,21390399000017,2025,Collectivité Territoriale,Commune,['Jura'],['Bourgogne-Franche-Comté'],COM,{39},{27}
296a67cc-9983-4a0f-a34e-34db6a19791c,213401904,Commune de Oupia (34),false,{34190},Commune,2026-03-24 14:41:58.620411+01,gold_establishments_2025,,,,21340190400015,2025,Collectivité Territoriale,Commune,['Hérault'],['Occitanie'],COM,{34},{76}
175b178b-6200-47ab-9698-edc48b608d0a,213904006,Commune de Our (39),false,{39400},Commune,2026-03-24 14:41:59.705606+01,gold_establishments_2025,,,,21390400600011,2025,Collectivité Territoriale,Commune,['Jura'],['Bourgogne-Franche-Comté'],COM,{39},{27}
89b67c99-b360-4701-ad41-2fd59168ce6e,212602247,Commune de Ourches (26),false,{26224},Commune,2026-03-24 14:41:56.495197+01,gold_establishments_2025,,,,21260224700018,2025,Collectivité Territoriale,Commune,['Drôme'],['Auvergne-Rhône-Alpes'],COM,{26},{84}
9d82db56-17ed-4160-a92a-db111c1e1703,215503962,Commune de Ourches-sur-Meuse (55),false,{55396},Commune,2026-03-24 14:42:03.701372+01,gold_establishments_2025,,,,21550396200015,2025,Collectivité Territoriale,Commune,['Meuse'],['Grand Est'],COM,{55},{44}
c0acc0be-3e80-4ae5-8930-a69e400d1765,216503474,Commune de Ourde (65),false,{65347},Commune,2026-03-24 14:42:06.665412+01,gold_establishments_2025,,,,21650347400019,2025,Collectivité Territoriale,Commune,['Hautes-Pyrénées'],['Occitanie'],COM,{65},{76}
7061bad2-b301-4274-885a-526c405467e8,216503482,Commune de Ourdis-Cotdoussan (65),false,{65348},Commune,2026-03-24 14:42:06.665412+01,gold_establishments_2025,,,,21650348200012,2025,Collectivité Territoriale,Commune,['Hautes-Pyrénées'],['Occitanie'],COM,{65},{76}
24458e70-0f42-401c-af7d-10f92e343680,216503490,Commune de Ourdon (65),false,{65349},Commune,2026-03-24 14:42:06.665412+01,gold_establishments_2025,,,,21650349000015,2025,Collectivité Territoriale,Commune,['Hautes-Pyrénées'],['Occitanie'],COM,{65},{76}
503b1fb8-08fc-4f43-a080-723bda4ad39c,211801758,Commune de Ourouer-les-Bourdelins (18),false,{18175},Commune,2026-03-24 14:41:54.903238+01,gold_establishments_2025,,,,21180175800015,2025,Collectivité Territoriale,Commune,['Cher'],['Centre-Val de Loire'],COM,{18},{24}
a45f382e-78b3-4aaa-9f4b-3f7c4e8f9fa6,215802059,Commune de Ouroux-en-Morvan (58),false,{58205},Commune,2026-03-24 14:42:04.280096+01,gold_establishments_2025,,,,21580205900018,2025,Collectivité Territoriale,Commune,['Nièvre'],['Bourgogne-Franche-Comté'],COM,{58},{27}
c49c6360-ef86-4b56-a1ca-7b85f9664252,217103357,Commune de Ouroux-sous-le-Bois-Sainte-Marie (71),false,{71335},Commune,2026-03-24 14:42:07.735343+01,gold_establishments_2025,,,,21710335700018,2025,Collectivité Territoriale,Commune,['Saône-et-Loire'],['Bourgogne-Franche-Comté'],COM,{71},{27}
55f81137-b479-41be-87aa-cabc26347ea3,217103365,Commune de Ouroux-sur-Saône (71),false,{71336},Commune,2026-03-24 14:42:07.735343+01,gold_establishments_2025,,,,21710336500011,2025,Collectivité Territoriale,Commune,['Saône-et-Loire'],['Bourgogne-Franche-Comté'],COM,{71},{27}
6aae6c02-c796-4b9a-b132-56699978d5c2,216503508,Commune de Oursbelille (65),false,{65350},Commune,2026-03-24 14:42:06.665412+01,gold_establishments_2025,,,,21650350800014,2025,Collectivité Territoriale,Commune,['Hautes-Pyrénées'],['Occitanie'],COM,{65},{76}
2793e3c7-6dfb-4386-9b37-66be78cc891b,216004796,Commune de Oursel-Maison (60),false,{60485},Commune,2026-03-24 14:42:04.814328+01,gold_establishments_2025,,,,21600479600019,2025,Collectivité Territoriale,Commune,['Oise'],['Hauts-de-France'],COM,{60},{32}
00ff0c90-4e3e-40ef-99af-ede10f236153,216206425,Commune de Ourton (62),false,{62642},Commune,2026-03-24 14:42:05.597325+01,gold_establishments_2025,,,,21620642500011,2025,Collectivité Territoriale,Commune,['Pas-de-Calais'],['Hauts-de-France'],COM,{62},{32}
016164f2-7719-4a34-8b92-07b05546dabe,217604909,Commune de Ourville-en-Caux (76),false,{76490},Commune,2026-03-24 14:42:08.818969+01,gold_establishments_2025,,,,21760490900010,2025,Collectivité Territoriale,Commune,['Seine-Maritime'],['Normandie'],COM,{76},{28}
6f1cbf24-48b9-421f-9beb-453f93eb80ba,216414052,Commune de Ousse (64),false,{64439},Commune,2026-03-24 14:42:06.665412+01,gold_establishments_2025,,,,21641405200011,2025,Collectivité Territoriale,Commune,['Pyrénées-Atlantiques'],['Nouvelle-Aquitaine'],COM,{64},{75}
79f608db-31c9-4aa6-a182-dbdd673ca995,214002156,Commune de Ousse-Suzan (40),false,{40215},Commune,2026-03-24 14:41:59.705606+01,gold_establishments_2025,,,,21400215600013,2025,Collectivité Territoriale,Commune,['Landes'],['Nouvelle-Aquitaine'],COM,{40},{75}
9e702f79-fb54-4482-a0f4-ca6e7451bedb,213904014,Commune de Oussières (39),false,{39401},Commune,2026-03-24 14:41:59.705606+01,gold_establishments_2025,,,,21390401400015,2025,Collectivité Territoriale,Commune,['Jura'],['Bourgogne-Franche-Comté'],COM,{39},{27}
7daad5ce-470f-4194-8a55-cfa14c92f816,214502387,Commune de Ousson-sur-Loire (45),false,{45238},Commune,2026-03-24 14:42:00.862623+01,gold_establishments_2025,,,,21450238700019,2025,Collectivité Territoriale,Commune,['Loiret'],['Centre-Val de Loire'],COM,{45},{24}
7b52a797-bdfb-4114-94c2-ca1073aedb62,214502395,Commune de Oussoy-en-Gâtinais (45),false,{45239},Commune,2026-03-24 14:42:00.862623+01,gold_establishments_2025,,,,21450239500012,2025,Collectivité Territoriale,Commune,['Loiret'],['Centre-Val de Loire'],COM,{45},{24}
df5105ce-c701-4b59-99f2-f115ecc71723,210902235,Commune de Oust (09),false,{09223},Commune,2026-03-24 14:41:53.095366+01,gold_establishments_2025,,,,21090223500014,2025,Collectivité Territoriale,Commune,['Ariège'],['Occitanie'],COM,{09},{76}
d7e5976f-9421-4519-8057-2fe3e2c930e7,218005783,Commune de Oust-Marest (80),false,{80613},Commune,2026-03-24 14:42:09.967209+01,gold_establishments_2025,,,,21800578300012,2025,Collectivité Territoriale,Commune,['Somme'],['Hauts-de-France'],COM,{80},{32}
c1f43efe-cbf5-42ed-a0cd-bcbcd9b4df3c,216503516,Commune de Ousté (65),false,{65351},Commune,2026-03-24 14:42:06.665412+01,gold_establishments_2025,,,,21650351600017,2025,Collectivité Territoriale,Commune,['Hautes-Pyrénées'],['Occitanie'],COM,{65},{76}
d5e4f283-4c2e-4bfe-b568-8e90fec26e2f,214502403,Commune de Outarville (45),false,{45240},Commune,2026-03-24 14:42:00.862623+01,gold_establishments_2025,,,,21450240300014,2025,Collectivité Territoriale,Commune,['Loiret'],['Centre-Val de Loire'],COM,{45},{24}
a8da6941-5762-4e69-ac00-a1a56f12c58d,215103870,Commune de Outines (51),false,{51419},Commune,2026-03-24 14:42:01.954481+01,gold_establishments_2025,,,,21510387000014,2025,Collectivité Territoriale,Commune,['Marne'],['Grand Est'],COM,{51},{44}
fa04d0a2-1805-4d7c-aa3d-4bed1cff0cd4,216206433,Commune de Outreau (62),false,{62643},Commune,2026-03-24 14:42:05.597325+01,gold_establishments_2025,,,,21620643300015,2025,Collectivité Territoriale,Commune,['Pas-de-Calais'],['Hauts-de-France'],COM,{62},{32}
51ede162-2966-49df-be40-ee1494125562,218005791,Commune de Outrebois (80),false,{80614},Commune,2026-03-24 14:42:09.967209+01,gold_establishments_2025,,,,21800579100015,2025,Collectivité Territoriale,Commune,['Somme'],['Hauts-de-France'],COM,{80},{32}
4b48b5fa-5557-4cf0-ae1c-8cfc91686a0d,215202680,Commune de Outremécourt (52),false,{52372},Commune,2026-03-24 14:42:01.954481+01,gold_establishments_2025,,,,21520268000017,2025,Collectivité Territoriale,Commune,['Haute-Marne'],['Grand Est'],COM,{52},{44}
0f706421-7b32-49c0-99f3-a24ffe5f0636,215103888,Commune de Outrepont (51),false,{51420},Commune,2026-03-24 14:42:01.954481+01,gold_establishments_2025,,,,21510388800016,2025,Collectivité Territoriale,Commune,['Marne'],['Grand Est'],COM,{51},{44}
cf3b2313-4e80-45a3-98be-8c1361df76eb,210102828,Commune de Outriaz (01),false,{01282},Commune,2026-03-24 14:41:51.447482+01,gold_establishments_2025,,,,21010282800014,2025,Collectivité Territoriale,Commune,['Ain'],['Auvergne-Rhône-Alpes'],COM,{01},{84}
bfb804f1-5c48-4f22-a79b-1fb436afa0b6,212504419,Commune de Ouvans (25),false,{25441},Commune,2026-03-24 14:41:56.495197+01,gold_establishments_2025,,,,21250441900012,2025,Collectivité Territoriale,Commune,['Doubs'],['Bourgogne-Franche-Comté'],COM,{25},{27}
7bb9aef1-35db-49b6-82c9-d109488abf65,216206441,Commune de Ouve-Wirquin (62),false,{62644},Commune,2026-03-24 14:42:05.597325+01,gold_establishments_2025,,,,21620644100018,2025,Collectivité Territoriale,Commune,['Pas-de-Calais'],['Hauts-de-France'],COM,{62},{32}
ea26cb7d-63bb-478f-bb73-d510e92003fd,211102694,Commune de Ouveillan (11),false,{11269},Commune,2026-03-24 14:41:53.63825+01,gold_establishments_2025,,,,21110269400018,2025,Collectivité Territoriale,Commune,['Aude'],['Occitanie'],COM,{11},{76}
b5992365-adc3-4c28-a401-f896714ece99,215003898,Commune de Ouville (50),false,{50389},Commune,2026-03-24 14:42:01.412377+01,gold_establishments_2025,,,,21500389800057,2025,Collectivité Territoriale,Commune,['Manche'],['Normandie'],COM,{50},{28}
c6cec401-a819-4583-aa1c-9039527640ec,217604917,Commune de Ouville-l'Abbaye (76),false,{76491},Commune,2026-03-24 14:42:08.818969+01,gold_establishments_2025,,,,21760491700013,2025,Collectivité Territoriale,Commune,['Seine-Maritime'],['Normandie'],COM,{76},{28}
6e27bb54-3e21-414b-ba38-28e3815d3b93,217604925,Commune de Ouville-la-Rivière (76),false,{76492},Commune,2026-03-24 14:42:08.818969+01,gold_establishments_2025,,,,21760492500016,2025,Collectivité Territoriale,Commune,['Seine-Maritime'],['Normandie'],COM,{76},{28}
02b93dc2-6c6c-4d42-b603-30446a4b6e96,214502411,Commune de Ouvrouer-les-Champs (45),false,{45241},Commune,2026-03-24 14:42:00.862623+01,gold_establishments_2025,,,,21450241100017,2025,Collectivité Territoriale,Commune,['Loiret'],['Centre-Val de Loire'],COM,{45},{24}
dcd49f65-ec99-4e2f-948e-1e3bd853bf34,218601847,Commune de Ouzilly (86),false,{86184},Commune,2026-03-24 14:42:10.508772+01,gold_establishments_2025,,,,21860184700013,2025,Collectivité Territoriale,Commune,['Vienne'],['Nouvelle-Aquitaine'],COM,{86},{75}
646e1d7d-269e-4aec-86b9-7b326aff8bdc,214502429,Commune de Ouzouer-des-Champs (45),false,{45242},Commune,2026-03-24 14:42:00.862623+01,gold_establishments_2025,,,,21450242900019,2025,Collectivité Territoriale,Commune,['Loiret'],['Centre-Val de Loire'],COM,{45},{24}
8e5f1938-112f-4302-b1cf-dd8af99f1ae1,214101727,Commune de Ouzouer-le-Doyen (41),false,{41172},Commune,2026-03-24 14:42:00.273698+01,gold_establishments_2025,,,,21410172700011,2025,Collectivité Territoriale,Commune,['Loir-et-Cher'],['Centre-Val de Loire'],COM,{41},{24}
b96d0f13-8704-44a9-aeb8-aee837077db3,214502437,Commune de Ouzouer-sous-Bellegarde (45),false,{45243},Commune,2026-03-24 14:42:00.862623+01,gold_establishments_2025,,,,21450243700012,2025,Collectivité Territoriale,Commune,['Loiret'],['Centre-Val de Loire'],COM,{45},{24}
a5ea2348-a855-402f-b53c-2c3e8f96dcfe,214502445,Commune de Ouzouer-sur-Loire (45),false,{45244},Commune,2026-03-24 14:42:00.862623+01,gold_establishments_2025,,,,21450244500015,2025,Collectivité Territoriale,Commune,['Loiret'],['Centre-Val de Loire'],COM,{45},{24}
e38be80d-e2c4-4e40-a2df-b469239c2178,214502452,Commune de Ouzouer-sur-Trézée (45),false,{45245},Commune,2026-03-24 14:42:00.862623+01,gold_establishments_2025,,,,21450245200011,2025,Collectivité Territoriale,Commune,['Loiret'],['Centre-Val de Loire'],COM,{45},{24}
e38f9c92-cc87-4491-b5a5-375afd6b7fd0,216503524,Commune de Ouzous (65),false,{65352},Commune,2026-03-24 14:42:06.665412+01,gold_establishments_2025,,,,21650352400011,2025,Collectivité Territoriale,Commune,['Hautes-Pyrénées'],['Occitanie'],COM,{65},{76}
9fa1b2ef-5171-401a-a773-b35cfce821d4,211404827,Commune de Ouézy (14),false,{14482},Commune,2026-03-24 14:41:54.362296+01,gold_establishments_2025,,,,21140482700019,2025,Collectivité Territoriale,Commune,['Calvados'],['Normandie'],COM,{14},{28}
a8e7323a-11fb-4d11-8031-b1776a43e7d8,217004019,Commune de Ovanches (70),false,{70401},Commune,2026-03-24 14:42:07.735343+01,gold_establishments_2025,,,,21700401900014,2025,Collectivité Territoriale,Commune,['Haute-Saône'],['Bourgogne-Franche-Comté'],COM,{70},{27}
9ae92de7-69d7-425d-aca9-4c1f31b653ad,218005809,Commune de Ovillers-la-Boisselle (80),false,{80615},Commune,2026-03-24 14:42:09.967209+01,gold_establishments_2025,,,,21800580900015,2025,Collectivité Territoriale,Commune,['Somme'],['Hauts-de-France'],COM,{80},{32}
1c0a3bbf-3dc1-4a9a-beb8-348a97a8ccd6,215904541,Commune de Oxelaëre (59),false,{59454},Commune,2026-03-24 14:42:04.814328+01,gold_establishments_2025,,,,21590454100012,2025,Collectivité Territoriale,Commune,['Nord'],['Hauts-de-France'],COM,{59},{32}
181ce853-f9e8-4a56-bf97-e904b41da1bf,216206458,Commune de Oye-Plage (62),false,{62645},Commune,2026-03-24 14:42:05.597325+01,gold_establishments_2025,,,,21620645800012,2025,Collectivité Territoriale,Commune,['Pas-de-Calais'],['Hauts-de-France'],COM,{62},{32}
32ddd441-8dca-4879-8002-d58c77a01aac,212504427,Commune de Oye-et-Pallet (25),false,{25442},Commune,2026-03-24 14:41:56.495197+01,gold_establishments_2025,,,,21250442700015,2025,Collectivité Territoriale,Commune,['Doubs'],['Bourgogne-Franche-Comté'],COM,{25},{27}
89287b66-a8bc-41c4-9869-60f53795b77a,215103896,Commune de Oyes (51),false,{51421},Commune,2026-03-24 14:42:01.954481+01,gold_establishments_2025,,,,21510389600019,2025,Collectivité Territoriale,Commune,['Marne'],['Grand Est'],COM,{51},{44}
6e7d46f4-6d22-48a8-87bb-c4a01ef7a717,213802879,Commune de Oyeu (38),false,{38287},Commune,2026-03-24 14:41:59.160244+01,gold_establishments_2025,,,,21380287900014,2025,Collectivité Territoriale,Commune,['Isère'],['Auvergne-Rhône-Alpes'],COM,{38},{84}
c7e0348e-ef3e-4c1d-a1bd-86e76dd03d81,210102836,Commune de Oyonnax (01),false,{01283},Commune,2026-03-24 14:41:51.447482+01,gold_establishments_2025,,,,21010283600017,2025,Collectivité Territoriale,Commune,['Ain'],['Auvergne-Rhône-Alpes'],COM,{01},{84}
62f85a83-8f07-4cf9-807c-da78ddbe02d7,217004027,Commune de Oyrières (70),false,{70402},Commune,2026-03-24 14:42:07.735343+01,gold_establishments_2025,,,,21700402700017,2025,Collectivité Territoriale,Commune,['Haute-Saône'],['Bourgogne-Franche-Comté'],COM,{70},{27}
6517fec9-dd9c-46fb-8f7d-7f84cae1de0c,218601862,Commune de Oyré (86),false,{86186},Commune,2026-03-24 14:42:10.508772+01,gold_establishments_2025,,,,21860186200012,2025,Collectivité Territoriale,Commune,['Vienne'],['Nouvelle-Aquitaine'],COM,{86},{75}
b2e2c5ab-58ba-4012-a3ee-b724539e6875,212802946,Commune de Oysonville (28),false,{28294},Commune,2026-03-24 14:41:57.028721+01,gold_establishments_2025,,,,21280294600013,2025,Collectivité Territoriale,Commune,['Eure-et-Loir'],['Centre-Val de Loire'],COM,{28},{24}
e5005a51-2f03-4e97-8d3e-abde7e31e461,213802887,Commune de Oytier-Saint-Oblas (38),false,{38288},Commune,2026-03-24 14:41:59.160244+01,gold_establishments_2025,,,,21380288700017,2025,Collectivité Territoriale,Commune,['Isère'],['Auvergne-Rhône-Alpes'],COM,{38},{84}
6041e051-3ce1-4a71-8edf-655d1478cd61,217103373,Commune de Oyé (71),false,{71337},Commune,2026-03-24 14:42:07.735343+01,gold_establishments_2025,,,,21710337300015,2025,Collectivité Territoriale,Commune,['Saône-et-Loire'],['Bourgogne-Franche-Comté'],COM,{71},{27}
693e94a3-20e2-445f-bbe1-a3773a08d774,213802895,Commune de Oz (38),false,{38289},Commune,2026-03-24 14:41:59.160244+01,gold_establishments_2025,,,,21380289500010,2025,Collectivité Territoriale,Commune,['Isère'],['Auvergne-Rhône-Alpes'],COM,{38},{84}
764fb604-7237-4c3f-9fab-1c8d13f3692d,210102844,Commune de Ozan (01),false,{01284},Commune,2026-03-24 14:41:51.447482+01,gold_establishments_2025,,,,21010284400011,2025,Collectivité Territoriale,Commune,['Ain'],['Auvergne-Rhône-Alpes'],COM,{01},{84}
9f9c310d-6a53-43df-a233-8a7ef3f2fb58,210500997,Commune de Oze (05),false,{05099},Commune,2026-03-24 14:41:52.562531+01,gold_establishments_2025,,,,21050099700015,2025,Collectivité Territoriale,Commune,['Hautes-Alpes'],"[""Provence-Alpes-Côte d'Azur""]",COM,{05},{93}
b9902924-1615-4871-9cb6-0f9b172a5b26,217103381,Commune de Ozenay (71),false,{71338},Commune,2026-03-24 14:42:07.735343+01,gold_establishments_2025,,,,21710338100018,2025,Collectivité Territoriale,Commune,['Saône-et-Loire'],['Bourgogne-Franche-Comté'],COM,{71},{27}
9f1c1200-6cff-46f1-97f5-9e0358cd449d,216404400,Commune de Ozenx-Montestrucq (64),false,{64440},Commune,2026-03-24 14:42:06.665412+01,gold_establishments_2025,,,,21640440000014,2025,Collectivité Territoriale,Commune,['Pyrénées-Atlantiques'],['Nouvelle-Aquitaine'],COM,{64},{75}
9095d6a8-3e6d-4154-bf9d-f715052cee8c,215404138,Commune de Ozerailles (54),false,{54413},Commune,2026-03-24 14:42:02.957225+01,gold_establishments_2025,,,,21540413800012,2025,Collectivité Territoriale,Commune,['Meurthe-et-Moselle'],['Grand Est'],COM,{54},{44}
f2e8dbbc-5032-4ebd-9106-3d76e3e51ca0,215003906,Commune de Ozeville (50),false,{50390},Commune,2026-03-24 14:42:01.412377+01,gold_establishments_2025,,,,21500390600017,2025,Collectivité Territoriale,Commune,['Manche'],['Normandie'],COM,{50},{28}
0a2efd98-ebf3-400a-9710-0699fd8ed906,211702709,Commune de Ozillac (17),false,{17270},Commune,2026-03-24 14:41:54.903238+01,gold_establishments_2025,,,,21170270900018,2025,Collectivité Territoriale,Commune,['Charente-Maritime'],['Nouvelle-Aquitaine'],COM,{17},{75}
6a6be00c-df5c-42d1-a734-a1c697192345,215202698,Commune de Ozières (52),false,{52373},Commune,2026-03-24 14:42:01.954481+01,gold_establishments_2025,,,,21520269800019,2025,Collectivité Territoriale,Commune,['Haute-Marne'],['Grand Est'],COM,{52},{44}
3b6c3bf7-6d7b-4742-887b-1192904b70c3,217703503,Commune de Ozoir-la-Ferrière (77),false,{77350},Commune,2026-03-24 14:42:09.43682+01,gold_establishments_2025,,,,21770350300193,2025,Collectivité Territoriale,Commune,['Seine-et-Marne'],['Île-de-France'],COM,{77},{11}
6fae6722-b440-4e9b-8354-97a65ebd6b49,217103399,Commune de Ozolles (71),false,{71339},Commune,2026-03-24 14:42:07.735343+01,gold_establishments_2025,,,,21710339900010,2025,Collectivité Territoriale,Commune,['Saône-et-Loire'],['Bourgogne-Franche-Comté'],COM,{71},{27}
cb7bdb76-b864-4377-bd5a-3ffa14c62a00,210701694,Commune de Ozon (07),false,{07169},Commune,2026-03-24 14:41:52.562531+01,gold_establishments_2025,,,,21070169400015,2025,Collectivité Territoriale,Commune,['Ardèche'],['Auvergne-Rhône-Alpes'],COM,{07},{84}
8ce082d6-65f9-480e-8077-e15638778840,216503532,Commune de Ozon (65),false,{65353},Commune,2026-03-24 14:42:06.665412+01,gold_establishments_2025,,,,21650353200055,2025,Collectivité Territoriale,Commune,['Hautes-Pyrénées'],['Occitanie'],COM,{65},{76}
8b9793cd-4747-45b2-bdaf-b548d4a34e42,217703529,Commune de Ozouer-le-Voulgis (77),false,{77352},Commune,2026-03-24 14:42:09.43682+01,gold_establishments_2025,,,,21770352900016,2025,Collectivité Territoriale,Commune,['Seine-et-Marne'],['Île-de-France'],COM,{77},{11}
bc107c92-7f9c-4812-94ec-3ec731c6b58d,214002164,Commune de Ozourt (40),false,{40216},Commune,2026-03-24 14:41:59.705606+01,gold_establishments_2025,,,,21400216400017,2025,Collectivité Territoriale,Commune,['Landes'],['Nouvelle-Aquitaine'],COM,{40},{75}
cf0b7aab-92d2-46ca-be0f-7a72c194f84b,218803344,Commune de Oëlleville (88),false,{88334},Commune,2026-03-24 14:42:11.118516+01,gold_establishments_2025,,,,21880334400017,2025,Collectivité Territoriale,Commune,['Vosges'],['Grand Est'],COM,{88},{44}
a194af43-334a-472a-a886-9264f857c495,213104045,Commune de Oô (31),false,{31404},Commune,2026-03-24 14:41:58.09424+01,gold_establishments_2025,,,,21310404500017,2025,Collectivité Territoriale,Commune,['Haute-Garonne'],['Occitanie'],COM,{31},{76}
ccebc8d7-3724-43af-a64b-b2ca328396fc,210205589,Commune de Paars (02),false,{02581},Commune,2026-03-24 14:41:52.020251+01,gold_establishments_2025,,,,21020558900018,2025,Collectivité Territoriale,Commune,['Aisne'],['Hauts-de-France'],COM,{02},{32}
807456fe-d7a1-42b8-b768-920bd02a8b5f,212201610,Commune de Pabu (22),false,{22161},Commune,2026-03-24 14:41:55.433389+01,gold_establishments_2025,,,,21220161000012,2025,Collectivité Territoriale,Commune,"[""Côtes-d'Armor""]",['Bretagne'],COM,{22},{53}
9c37da36-dea3-4afb-8bad-15fab3e6c4d6,213802903,Commune de Pact (38),false,{38290},Commune,2026-03-24 14:41:59.160244+01,gold_establishments_2025,,,,21380290300012,2025,Collectivité Territoriale,Commune,['Isère'],['Auvergne-Rhône-Alpes'],COM,{38},{84}
f569524f-a5d9-4bd5-a6df-c80f236b32f4,218902849,Commune de Pacy-sur-Armançon (89),false,{89284},Commune,2026-03-24 14:42:11.659493+01,gold_establishments_2025,,,,21890284900015,2025,Collectivité Territoriale,Commune,['Yonne'],['Bourgogne-Franche-Comté'],COM,{89},{27}
6803b87b-88cb-4b41-973a-c562ef3b46d5,200063774,Commune de Pacy-sur-Eure (27),false,{27448},Commune,2026-03-24 14:41:57.028721+01,gold_establishments_2025,,,,20006377400018,2025,Collectivité Territoriale,Commune,['Eure'],['Normandie'],COM,{27},{28}
2b98172e-f515-45b0-a28d-96f51751d717,213502107,Commune de Pacé (35),false,{35210},Commune,2026-03-24 14:41:58.620411+01,gold_establishments_2025,,,,21350210700013,2025,Collectivité Territoriale,Commune,['Ille-et-Vilaine'],['Bretagne'],COM,{35},{53}
c2eaaf07-7bb1-4f17-9942-cf3653ceb535,216103218,Commune de Pacé (61),false,{61321},Commune,2026-03-24 14:42:05.597325+01,gold_establishments_2025,,,,21610321800014,2025,Collectivité Territoriale,Commune,['Orne'],['Normandie'],COM,{61},{28}
85a8910c-9296-4fbc-a2b4-d35cc181fb7e,211102702,Commune de Padern (11),false,{11270},Commune,2026-03-24 14:41:53.63825+01,gold_establishments_2025,,,,21110270200019,2025,Collectivité Territoriale,Commune,['Aude'],['Occitanie'],COM,{11},{76}
146b0147-4aca-4b7e-b44d-c5df7e0c070b,214602138,Commune de Padirac (46),false,{46213},Commune,2026-03-24 14:42:00.862623+01,gold_establishments_2025,,,,21460213800015,2025,Collectivité Territoriale,Commune,['Lot'],['Occitanie'],COM,{46},{76}
f56a08b8-c62a-4f6e-a27e-948691ad2b81,218101996,Commune de Padiès (81),false,{81199},Commune,2026-03-24 14:42:09.967209+01,gold_establishments_2025,,,,21810199600013,2025,Collectivité Territoriale,Commune,['Tarn'],['Occitanie'],COM,{81},{76}
b9d91079-5ac2-41e0-bada-494c6faf5149,218803401,Commune de Padoux (88),false,{88340},Commune,2026-03-24 14:42:11.118516+01,gold_establishments_2025,,,,21880340100015,2025,Collectivité Territoriale,Commune,['Vosges'],['Grand Est'],COM,{88},{44}
0a3676b6-7818-4482-b0ac-b2006de99214,218711208,Commune de Pageas (87),false,{87112},Commune,2026-03-24 14:42:11.118516+01,gold_establishments_2025,,,,21871120800015,2025,Collectivité Territoriale,Commune,['Haute-Vienne'],['Nouvelle-Aquitaine'],COM,{87},{75}
8e68807b-edf2-489c-b978-cc4aaa5fc351,213904022,Commune de Pagney (39),false,{39402},Commune,2026-03-24 14:41:59.705606+01,gold_establishments_2025,,,,21390402200018,2025,Collectivité Territoriale,Commune,['Jura'],['Bourgogne-Franche-Comté'],COM,{39},{27}
0067c9a5-5f9c-4c5b-84fb-f914668fe540,215404146,Commune de Pagney-derrière-Barine (54),false,{54414},Commune,2026-03-24 14:42:02.957225+01,gold_establishments_2025,,,,21540414600015,2025,Collectivité Territoriale,Commune,['Meurthe-et-Moselle'],['Grand Est'],COM,{54},{44}
190faf54-33e4-4d49-a5a6-c965b65146d6,213904030,Commune de Pagnoz (39),false,{39403},Commune,2026-03-24 14:41:59.705606+01,gold_establishments_2025,,,,21390403000011,2025,Collectivité Territoriale,Commune,['Jura'],['Bourgogne-Franche-Comté'],COM,{39},{27}
997e54ec-5105-4255-bfbc-b80b1ea53879,215503970,Commune de Pagny-la-Blanche-Côte (55),false,{55397},Commune,2026-03-24 14:42:03.701372+01,gold_establishments_2025,,,,21550397000018,2025,Collectivité Territoriale,Commune,['Meuse'],['Grand Est'],COM,{55},{44}
1c112777-d5fe-440a-9c3f-b51558aad17b,212104749,Commune de Pagny-la-Ville (21),false,{21474},Commune,2026-03-24 14:41:55.433389+01,gold_establishments_2025,,,,21210474900016,2025,Collectivité Territoriale,Commune,"[""Côte-d'Or""]",['Bourgogne-Franche-Comté'],COM,{21},{27}
e2c12839-d17c-4a8d-9ed0-a9c2db360a15,212104756,Commune de Pagny-le-Château (21),false,{21475},Commune,2026-03-24 14:41:55.433389+01,gold_establishments_2025,,,,21210475600011,2025,Collectivité Territoriale,Commune,"[""Côte-d'Or""]",['Bourgogne-Franche-Comté'],COM,{21},{27}
439ba0fd-d678-42a5-bd07-e29212da422a,215705328,Commune de Pagny-lès-Goin (57),false,{57532},Commune,2026-03-24 14:42:04.280096+01,gold_establishments_2025,,,,21570532800015,2025,Collectivité Territoriale,Commune,['Moselle'],['Grand Est'],COM,{57},{44}
954a7ba1-a6c5-4cbd-9464-add663921aa3,215503988,Commune de Pagny-sur-Meuse (55),false,{55398},Commune,2026-03-24 14:42:03.701372+01,gold_establishments_2025,,,,21550398800010,2025,Collectivité Territoriale,Commune,['Meuse'],['Grand Est'],COM,{55},{44}
5652b9b0-8945-41a3-9086-883100a73993,215404153,Commune de Pagny-sur-Moselle (54),false,{54415},Commune,2026-03-24 14:42:02.957225+01,gold_establishments_2025,,,,21540415300011,2025,Collectivité Territoriale,Commune,['Meurthe-et-Moselle'],['Grand Est'],COM,{54},{44}
d880a2a7-437c-425f-ad33-38413fbc5161,216404418,Commune de Pagolle (64),false,{64441},Commune,2026-03-24 14:42:06.665412+01,gold_establishments_2025,,,,21640441800016,2025,Collectivité Territoriale,Commune,['Pyrénées-Atlantiques'],['Nouvelle-Aquitaine'],COM,{64},{75}
4d1bbddb-5df2-4d50-b4dc-058a39b1e122,216503540,Commune de Pailhac (65),false,{65354},Commune,2026-03-24 14:42:06.665412+01,gold_establishments_2025,,,,21650354000017,2025,Collectivité Territoriale,Commune,['Hautes-Pyrénées'],['Occitanie'],COM,{65},{76}
1c28734f-58d4-4633-9456-b45bb9a492d1,210701702,Commune de Pailharès (07),false,{07170},Commune,2026-03-24 14:41:52.562531+01,gold_establishments_2025,,,,21070170200016,2025,Collectivité Territoriale,Commune,['Ardèche'],['Auvergne-Rhône-Alpes'],COM,{07},{84}
19bee9c9-1e55-4672-b5e2-71f475c19b06,211501465,Commune de Pailherols (15),false,{15146},Commune,2026-03-24 14:41:54.362296+01,gold_establishments_2025,,,,21150146500010,2025,Collectivité Territoriale,Commune,['Cantal'],['Auvergne-Rhône-Alpes'],COM,{15},{84}
01157fca-25e2-49b2-8735-463c8d1e050f,210902243,Commune de Pailhès (09),false,{09224},Commune,2026-03-24 14:41:53.095366+01,gold_establishments_2025,,,,21090224300018,2025,Collectivité Territoriale,Commune,['Ariège'],['Occitanie'],COM,{09},{76}
77033fc0-3be0-4bf7-940d-2d8e4e4704f1,213401912,Commune de Pailhès (34),false,{34191},Commune,2026-03-24 14:41:58.620411+01,gold_establishments_2025,,,,21340191200018,2025,Collectivité Territoriale,Commune,['Hérault'],['Occitanie'],COM,{34},{76}
eb6b24ad-bb9f-49f0-a0a4-ba5fbbba3691,216004804,Commune de Paillart (60),false,{60486},Commune,2026-03-24 14:42:04.814328+01,gold_establishments_2025,,,,21600480400011,2025,Collectivité Territoriale,Commune,['Oise'],['Hauts-de-France'],COM,{60},{32}
981e279c-b895-44d9-988c-d4e54b313e0e,215904558,Commune de Paillencourt (59),false,{59455},Commune,2026-03-24 14:42:04.814328+01,gold_establishments_2025,,,,21590455800016,2025,Collectivité Territoriale,Commune,['Nord'],['Hauts-de-France'],COM,{59},{32}
c8c3eba7-c437-4660-97d6-60279eaf440f,213303118,Commune de Paillet (33),false,{33311},Commune,2026-03-24 14:41:58.620411+01,gold_establishments_2025,,,,21330311800011,2025,Collectivité Territoriale,Commune,['Gironde'],['Nouvelle-Aquitaine'],COM,{33},{75}
7bfab52d-279b-4e84-8f97-af56195a99f7,214701989,Commune de Pailloles (47),false,{47198},Commune,2026-03-24 14:42:00.862623+01,gold_establishments_2025,,,,21470198900011,2025,Collectivité Territoriale,Commune,['Lot-et-Garonne'],['Nouvelle-Aquitaine'],COM,{47},{75}
24d93c1a-38b7-45d4-8013-0d8196739390,218902856,Commune de Pailly (89),false,{89285},Commune,2026-03-24 14:42:11.659493+01,gold_establishments_2025,,,,21890285600010,2025,Collectivité Territoriale,Commune,['Yonne'],['Bourgogne-Franche-Comté'],COM,{89},{27}
405eb274-a046-4dfb-b414-2d3508a43dd5,211702717,Commune de Paillé (17),false,{17271},Commune,2026-03-24 14:41:54.903238+01,gold_establishments_2025,,,,21170271700011,2025,Collectivité Territoriale,Commune,['Charente-Maritime'],['Nouvelle-Aquitaine'],COM,{17},{75}
8166889a-def5-4fa1-bb5e-6a4a0a5f29ed,214401168,Commune de Paimbœuf (44),false,{44116},Commune,2026-03-24 14:42:00.273698+01,gold_establishments_2025,,,,21440116800015,2025,Collectivité Territoriale,Commune,['Loire-Atlantique'],['Pays de la Loire'],COM,{44},{52}
87491eb3-7895-4483-b03c-a98c0ab9cc41,212201628,Commune de Paimpol (22),false,{22162},Commune,2026-03-24 14:41:55.433389+01,gold_establishments_2025,,,,21220162800014,2025,Collectivité Territoriale,Commune,"[""Côtes-d'Armor""]",['Bretagne'],COM,{22},{53}
34a0633b-a868-487b-85b1-bd01e4821cd7,213502115,Commune de Paimpont (35),false,{35211},Commune,2026-03-24 14:41:58.620411+01,gold_establishments_2025,,,,21350211500016,2025,Collectivité Territoriale,Commune,['Ille-et-Vilaine'],['Bretagne'],COM,{35},{53}
323bb78f-6d32-4a79-890b-f999b35448c1,212104764,Commune de Painblanc (21),false,{21476},Commune,2026-03-24 14:41:55.433389+01,gold_establishments_2025,,,,21210476400015,2025,Collectivité Territoriale,Commune,"[""Côte-d'Or""]",['Bourgogne-Franche-Comté'],COM,{21},{27}
806b1f1d-e6d4-497c-b208-61556db0e345,218803419,Commune de Pair-et-Grandrupt (88),false,{88341},Commune,2026-03-24 14:42:11.118516+01,gold_establishments_2025,,,,21880341900017,2025,Collectivité Territoriale,Commune,['Vosges'],['Grand Est'],COM,{88},{44}
3043acda-3ce6-425d-9b8d-f9a4ad68a3ee,210205597,Commune de Paissy (02),false,{02582},Commune,2026-03-24 14:41:52.020251+01,gold_establishments_2025,,,,21020559700011,2025,Collectivité Territoriale,Commune,['Aisne'],['Hauts-de-France'],COM,{02},{32}
9980b83c-bd7b-4b30-8943-51f99b57f201,211002688,Commune de Paisy-Cosdon (10),false,{10276},Commune,2026-03-24 14:41:53.095366+01,gold_establishments_2025,,,,21100268800011,2025,Collectivité Territoriale,Commune,['Aube'],['Grand Est'],COM,{10},{44}
e12ee2e7-cde4-4d23-b55e-4c2d32bd1352,211602537,Commune de Paizay-Naudouin-Embourie (16),false,{16253},Commune,2026-03-24 14:41:54.362296+01,gold_establishments_2025,,,,21160253700014,2025,Collectivité Territoriale,Commune,['Charente'],['Nouvelle-Aquitaine'],COM,{16},{75}
c0169b00-c110-48d0-9f2b-ed33a24ddaa5,217901982,Commune de Paizay-le-Chapt (79),false,{79198},Commune,2026-03-24 14:42:09.43682+01,gold_establishments_2025,,,,21790198200017,2025,Collectivité Territoriale,Commune,['Deux-Sèvres'],['Nouvelle-Aquitaine'],COM,{79},{75}
18bc85e5-aae8-43d6-8066-dd38c15f5c8c,218601870,Commune de Paizay-le-Sec (86),false,{86187},Commune,2026-03-24 14:42:10.508772+01,gold_establishments_2025,,,,21860187000015,2025,Collectivité Territoriale,Commune,['Vienne'],['Nouvelle-Aquitaine'],COM,{86},{75}
415b682b-18c5-41fe-a830-294c9a9dfeac,213802911,Commune de Pajay (38),false,{38291},Commune,2026-03-24 14:41:59.160244+01,gold_establishments_2025,,,,21380291100015,2025,Collectivité Territoriale,Commune,['Isère'],['Auvergne-Rhône-Alpes'],COM,{38},{84}
66d4a62d-a852-40e7-8a7d-c50561ccecfc,211102710,Commune de Palairac (11),false,{11271},Commune,2026-03-24 14:41:53.63825+01,gold_establishments_2025,,,,21110271000012,2025,Collectivité Territoriale,Commune,['Aude'],['Occitanie'],COM,{11},{76}
212bd2b4-2886-4177-98c1-f7c07ab95022,219104775,Commune de Palaiseau (91),false,{91477},Commune,2026-03-24 14:42:11.659493+01,gold_establishments_2025,,,,21910477500016,2025,Collectivité Territoriale,Commune,['Essonne'],['Île-de-France'],COM,{91},{11}
b0960bc1-c2ac-4a99-ac65-32baae45d356,215204330,Commune de Palaiseul (52),false,{52375},Commune,2026-03-24 14:42:01.954481+01,gold_establishments_2025,,,,21520433000017,2025,Collectivité Territoriale,Commune,['Haute-Marne'],['Grand Est'],COM,{52},{44}
f715a9ab-67d0-4276-91b6-b579100f0878,211102728,Commune de Palaja (11),false,{11272},Commune,2026-03-24 14:41:53.63825+01,gold_establishments_2025,,,,21110272800014,2025,Collectivité Territoriale,Commune,['Aude'],['Occitanie'],COM,{11},{76}
197d0294-5e39-4946-87e0-6c134ef522c8,213104060,Commune de Palaminy (31),false,{31406},Commune,2026-03-24 14:41:58.09424+01,gold_establishments_2025,,,,21310406000016,2025,Collectivité Territoriale,Commune,['Haute-Garonne'],['Occitanie'],COM,{31},{76}
5ab09c59-5fcd-453b-a00c-a46aa46960ad,217004035,Commune de Palante (70),false,{70403},Commune,2026-03-24 14:42:07.735343+01,gold_establishments_2025,,,,21700403500010,2025,Collectivité Territoriale,Commune,['Haute-Saône'],['Bourgogne-Franche-Comté'],COM,{70},{27}
5e93d36b-82a6-4725-a1c4-0962144fdae1,212504435,Commune de Palantine (25),false,{25443},Commune,2026-03-24 14:41:56.495197+01,gold_establishments_2025,,,,21250443500018,2025,Collectivité Territoriale,Commune,['Doubs'],['Bourgogne-Franche-Comté'],COM,{25},{27}
cd2445bc-e5be-48e3-9fdd-5c40e5a38132,212001994,Commune de Palasca (2B),false,{2B199},Commune,2026-03-24 14:41:57.56054+01,gold_establishments_2025,,,,21200199400012,2025,Collectivité Territoriale,Commune,['Haute-Corse'],['Corse'],COM,{2B},{94}
989cf23b-329f-4684-9d9c-1d62d9b6d8fb,216601328,Commune de Palau-de-Cerdagne (66),false,{66132},Commune,2026-03-24 14:42:06.665412+01,gold_establishments_2025,,,,21660132800018,2025,Collectivité Territoriale,Commune,['Pyrénées-Orientales'],['Occitanie'],COM,{66},{76}
4c5baabf-a2ae-4eae-98d3-a0b4fdcd0cfa,216601336,Commune de Palau-del-Vidre (66),false,{66133},Commune,2026-03-24 14:42:06.665412+01,gold_establishments_2025,,,,21660133600011,2025,Collectivité Territoriale,Commune,['Pyrénées-Orientales'],['Occitanie'],COM,{66},{76}
692e0160-0d30-4ba0-a47c-ef436392aa78,213401920,Commune de Palavas-les-Flots (34),false,{34192},Commune,2026-03-24 14:41:58.620411+01,gold_establishments_2025,,,,21340192000011,2025,Collectivité Territoriale,Commune,['Hérault'],['Occitanie'],COM,{34},{76}
6fdc02ff-fa35-4d83-bf9a-e1d5a29f25bb,211915608,Commune de Palazinges (19),false,{19156},Commune,2026-03-24 14:41:54.903238+01,gold_establishments_2025,,,,21191560800015,2025,Collectivité Territoriale,Commune,['Corrèze'],['Nouvelle-Aquitaine'],COM,{19},{75}
45a441f6-98ec-411e-9c90-9a94163bb6e5,217703537,Commune de Paley (77),false,{77353},Commune,2026-03-24 14:42:09.43682+01,gold_establishments_2025,,,,21770353700019,2025,Collectivité Territoriale,Commune,['Seine-et-Marne'],['Île-de-France'],COM,{77},{11}
f9c25f7b-a3d1-4a6d-a48e-89faf4634131,214801078,Commune de Palhers (48),false,{48107},Commune,2026-03-24 14:42:01.412377+01,gold_establishments_2025,,,,21480107800012,2025,Collectivité Territoriale,Commune,['Lozère'],['Occitanie'],COM,{48},{76}
934cf84a-faa0-453e-86ec-f64ce419c205,217103407,Commune de Palinges (71),false,{71340},Commune,2026-03-24 14:42:07.735343+01,gold_establishments_2025,,,,21710340700011,2025,Collectivité Territoriale,Commune,['Saône-et-Loire'],['Bourgogne-Franche-Comté'],COM,{71},{27}
31d09127-8f0f-412c-928b-c3cff1604864,212504443,Commune de Palise (25),false,{25444},Commune,2026-03-24 14:41:56.495197+01,gold_establishments_2025,,,,21250444300012,2025,Collectivité Territoriale,Commune,['Doubs'],['Bourgogne-Franche-Comté'],COM,{25},{27}
fb9e091d-0a02-4513-a793-67b82643cc8e,211915707,Commune de Palisse (19),false,{19157},Commune,2026-03-24 14:41:54.903238+01,gold_establishments_2025,,,,21191570700015,2025,Collectivité Territoriale,Commune,['Corrèze'],['Nouvelle-Aquitaine'],COM,{19},{75}
4365c16d-ba87-4d7b-8a0d-9b6fad47727a,216302679,Commune de Palladuc (63),false,{63267},Commune,2026-03-24 14:42:06.130387+01,gold_establishments_2025,,,,21630267900016,2025,Collectivité Territoriale,Commune,['Puy-de-Dôme'],['Auvergne-Rhône-Alpes'],COM,{63},{84}
de388ace-7759-4cc9-a45d-aab5ba01eb81,213203037,Commune de Pallanne (32),false,{32303},Commune,2026-03-24 14:41:58.09424+01,gold_establishments_2025,,,,21320303700014,2025,Collectivité Territoriale,Commune,['Gers'],['Occitanie'],COM,{32},{76}
bed8c599-0844-4ace-a290-e912c581d23c,217103415,Commune de Palleau (71),false,{71341},Commune,2026-03-24 14:42:07.735343+01,gold_establishments_2025,,,,21710341500014,2025,Collectivité Territoriale,Commune,['Saône-et-Loire'],['Bourgogne-Franche-Comté'],COM,{71},{27}
0ea74823-b68e-48fc-9a49-6e79a39377c1,218803427,Commune de Pallegney (88),false,{88342},Commune,2026-03-24 14:42:11.118516+01,gold_establishments_2025,,,,21880342700010,2025,Collectivité Territoriale,Commune,['Vosges'],['Grand Est'],COM,{88},{44}
60e61813-a23b-4bcd-854e-26fddf996cb4,218102002,Commune de Palleville (81),false,{81200},Commune,2026-03-24 14:42:09.967209+01,gold_establishments_2025,,,,21810200200019,2025,Collectivité Territoriale,Commune,['Tarn'],['Occitanie'],COM,{81},{76}
1ec0eef9-5bda-4a93-a1c1-c54eeb4d11b3,218501690,Commune de Palluau (85),false,{85169},Commune,2026-03-24 14:42:10.508772+01,gold_establishments_2025,,,,21850169000018,2025,Collectivité Territoriale,Commune,['Vendée'],['Pays de la Loire'],COM,{85},{52}
21f59341-3b4a-470a-8dc0-0b089fbba4e5,213601495,Commune de Palluau-sur-Indre (36),false,{36149},Commune,2026-03-24 14:41:59.160244+01,gold_establishments_2025,,,,21360149500012,2025,Collectivité Territoriale,Commune,['Indre'],['Centre-Val de Loire'],COM,{36},{24}
77175866-bbb4-46d9-97f6-f4fac9ad7dad,211602545,Commune de Palluaud (16),false,{16254},Commune,2026-03-24 14:41:54.362296+01,gold_establishments_2025,,,,21160254500017,2025,Collectivité Territoriale,Commune,['Charente'],['Nouvelle-Aquitaine'],COM,{16},{75}
09e228f2-a437-400d-9fed-90631ca66de1,217301969,Commune de Pallud (73),false,{73196},Commune,2026-03-24 14:42:08.279287+01,gold_establishments_2025,,,,21730196900010,2025,Collectivité Territoriale,Commune,['Savoie'],['Auvergne-Rhône-Alpes'],COM,{73},{84}
15c5618a-5ecd-474a-a051-d0c89d596c22,216206466,Commune de Palluel (62),false,{62646},Commune,2026-03-24 14:42:05.597325+01,gold_establishments_2025,,,,21620646600015,2025,Collectivité Territoriale,Commune,['Pas-de-Calais'],['Hauts-de-France'],COM,{62},{32}
98abd0c1-a26c-4187-a11b-96067ba66ec7,200056620,Commune de Palmas d'Aveyron (12),false,{12177},Commune,2026-03-24 14:41:53.63825+01,gold_establishments_2025,,,,20005662000012,2025,Collectivité Territoriale,Commune,['Aveyron'],['Occitanie'],COM,{12},{76}
67967571-2a60-449a-97e9-05c3c4e8d82a,212002000,Commune de Palneca (2A),false,{2A200},Commune,2026-03-24 14:41:57.56054+01,gold_establishments_2025,,,,21200200000017,2025,Collectivité Territoriale,Commune,['Corse-du-Sud'],['Corse'],COM,{2A},{94}
a5ec596c-bc0e-4577-b600-86850aed27e5,214201642,Commune de Palogneux (42),false,{42164},Commune,2026-03-24 14:42:00.273698+01,gold_establishments_2025,,,,21420164200011,2025,Collectivité Territoriale,Commune,['Loire'],['Auvergne-Rhône-Alpes'],COM,{42},{84}
d5820634-095a-4e29-8300-23a82e876549,217604933,Commune de Paluel (76),false,{76493},Commune,2026-03-24 14:42:08.818969+01,gold_establishments_2025,,,,21760493300010,2025,Collectivité Territoriale,Commune,['Seine-Maritime'],['Normandie'],COM,{76},{28}
53dcf664-541f-4729-95ff-d8eafce44dd0,200008860,Commune de Pamandzi (976),false,{97615},Commune,2026-03-24 14:42:11.659493+01,gold_establishments_2025,,,,20000886000013,2025,Collectivité Territoriale,Commune,['Mayotte'],['Mayotte'],COM,{976},{06}
8ee22f21-d994-4ebb-8941-53811eae2d8e,217703545,Commune de Pamfou (77),false,{77354},Commune,2026-03-24 14:42:09.43682+01,gold_establishments_2025,,,,21770354500012,2025,Collectivité Territoriale,Commune,['Seine-et-Marne'],['Île-de-France'],COM,{77},{11}
5cab0895-6556-4278-b15b-74a342e876c0,210902250,Commune de Pamiers (09),false,{09225},Commune,2026-03-24 14:41:53.095366+01,gold_establishments_2025,,,,21090225000013,2025,Collectivité Territoriale,Commune,['Ariège'],['Occitanie'],COM,{09},{76}
45d50048-bf36-4a2a-9116-a45e38cd6ee0,218102010,Commune de Pampelonne (81),false,{81201},Commune,2026-03-24 14:42:09.967209+01,gold_establishments_2025,,,,21810201000012,2025,Collectivité Territoriale,Commune,['Tarn'],['Occitanie'],COM,{81},{76}
c7e260c8-d64a-4845-952a-fe591012beba,217902006,Commune de Pamplie (79),false,{79200},Commune,2026-03-24 14:42:09.43682+01,gold_establishments_2025,,,,21790200600014,2025,Collectivité Territoriale,Commune,['Deux-Sèvres'],['Nouvelle-Aquitaine'],COM,{79},{75}
3cd7eb93-8c04-46f2-baf6-475f4137feef,217902014,Commune de Pamproux (79),false,{79201},Commune,2026-03-24 14:42:09.43682+01,gold_establishments_2025,,,,21790201400018,2025,Collectivité Territoriale,Commune,['Deux-Sèvres'],['Nouvelle-Aquitaine'],COM,{79},{75}
9d50830f-c183-4ec4-80a6-1cc280cdac91,213203045,Commune de Panassac (32),false,{32304},Commune,2026-03-24 14:41:58.09424+01,gold_establishments_2025,,,,21320304500017,2025,Collectivité Territoriale,Commune,['Gers'],['Occitanie'],COM,{32},{76}
7149ecff-470e-48ff-a38a-dc0821c1dbd9,218711406,Commune de Panazol (87),false,{87114},Commune,2026-03-24 14:42:11.118516+01,gold_establishments_2025,,,,21871140600015,2025,Collectivité Territoriale,Commune,['Haute-Vienne'],['Nouvelle-Aquitaine'],COM,{87},{75}
0aaa660f-5c94-4ba1-8be3-9c79b39e3f99,212002018,Commune de Pancheraccia (2B),false,{2B201},Commune,2026-03-24 14:41:57.56054+01,gold_establishments_2025,,,,21200201800019,2025,Collectivité Territoriale,Commune,['Haute-Corse'],['Corse'],COM,{2B},{94}
610768c1-c5aa-48ab-8cc7-1d461f4546ec,210205605,Commune de Pancy-Courtecon (02),false,{02583},Commune,2026-03-24 14:41:52.020251+01,gold_establishments_2025,,,,21020560500012,2025,Collectivité Territoriale,Commune,['Aisne'],['Hauts-de-France'],COM,{02},{32}
706f0cba-4488-4712-9e9c-9fe5dd8fd28b,213502123,Commune de Pancé (35),false,{35212},Commune,2026-03-24 14:41:58.620411+01,gold_establishments_2025,,,,21350212300010,2025,Collectivité Territoriale,Commune,['Ille-et-Vilaine'],['Bretagne'],COM,{35},{53}
1d291695-716a-4a79-9d9c-37343a9dc7ac,211915806,Commune de Pandrignes (19),false,{19158},Commune,2026-03-24 14:41:54.903238+01,gold_establishments_2025,,,,21191580600015,2025,Collectivité Territoriale,Commune,['Corrèze'],['Nouvelle-Aquitaine'],COM,{19},{75}
af4a8946-29fa-42a8-917b-896a13363be6,215705336,Commune de Pange (57),false,{57533},Commune,2026-03-24 14:42:04.280096+01,gold_establishments_2025,,,,21570533600018,2025,Collectivité Territoriale,Commune,['Moselle'],['Grand Est'],COM,{57},{44}
8a062cdc-2033-41b9-8b5e-9c8c9e531a88,212104772,Commune de Panges (21),false,{21477},Commune,2026-03-24 14:41:55.433389+01,gold_establishments_2025,,,,21210477200018,2025,Collectivité Territoriale,Commune,"[""Côte-d'Or""]",['Bourgogne-Franche-Comté'],COM,{21},{27}
5d988ee3-6d53-4a99-8ac5-56506e4af561,214201659,Commune de Panissières (42),false,{42165},Commune,2026-03-24 14:42:00.273698+01,gold_establishments_2025,,,,21420165900015,2025,Collectivité Territoriale,Commune,['Loire'],['Auvergne-Rhône-Alpes'],COM,{42},{84}
6bc9fecb-f6ba-4dde-b40b-4b25dcd8cc8d,213203052,Commune de Panjas (32),false,{32305},Commune,2026-03-24 14:41:58.09424+01,gold_establishments_2025,,,,21320305200013,2025,Collectivité Territoriale,Commune,['Gers'],['Occitanie'],COM,{32},{76}
638be076-24ea-4a19-b53a-81ad4f052900,214502460,Commune de Pannecières (45),false,{45246},Commune,2026-03-24 14:42:00.862623+01,gold_establishments_2025,,,,21450246000014,2025,Collectivité Territoriale,Commune,['Loiret'],['Centre-Val de Loire'],COM,{45},{24}
d378a4a4-a29c-4cb6-8887-4bbb181e2413,214401184,Commune de Pannecé (44),false,{44118},Commune,2026-03-24 14:42:00.273698+01,gold_establishments_2025,,,,21440118400012,2025,Collectivité Territoriale,Commune,['Loire-Atlantique'],['Pays de la Loire'],COM,{44},{52}
a3804f0e-cafb-44d0-b310-34c3e4d12c18,214502478,Commune de Pannes (45),false,{45247},Commune,2026-03-24 14:42:00.862623+01,gold_establishments_2025,,,,21450247800073,2025,Collectivité Territoriale,Commune,['Loiret'],['Centre-Val de Loire'],COM,{45},{24}
ee712d91-5b9b-42c0-80ef-ee167fb3e6cd,215404161,Commune de Pannes (54),false,{54416},Commune,2026-03-24 14:42:02.957225+01,gold_establishments_2025,,,,21540416100014,2025,Collectivité Territoriale,Commune,['Meurthe-et-Moselle'],['Grand Est'],COM,{54},{44}
e71ec2f7-9e9d-4cc8-af2e-2b45478d6a73,213904048,Commune de Pannessières (39),false,{39404},Commune,2026-03-24 14:41:59.705606+01,gold_establishments_2025,,,,21390404800013,2025,Collectivité Territoriale,Commune,['Jura'],['Bourgogne-Franche-Comté'],COM,{39},{27}
de6af589-1076-4fea-a94a-3c77706f2217,217202274,Commune de Panon (72),false,{72227},Commune,2026-03-24 14:42:08.279287+01,gold_establishments_2025,,,,21720227400015,2025,Collectivité Territoriale,Commune,['Sarthe'],['Pays de la Loire'],COM,{72},{52}
ca1ebe09-0fbe-446d-8b3e-f84a1cb72795,213802945,Commune de Panossas (38),false,{38294},Commune,2026-03-24 14:41:59.160244+01,gold_establishments_2025,,,,21380294500013,2025,Collectivité Territoriale,Commune,['Isère'],['Auvergne-Rhône-Alpes'],COM,{38},{84}
6f646707-731a-45c2-b2a9-75470a8bceb5,215202714,Commune de Pansey (52),false,{52376},Commune,2026-03-24 14:42:01.954481+01,gold_establishments_2025,,,,21520271400014,2025,Collectivité Territoriale,Commune,['Haute-Marne'],['Grand Est'],COM,{52},{44}
3cf0d732-8f97-4a3f-ab0e-db9bbed5d841,219300555,Commune de Pantin (93),false,{93055},Commune,2026-03-24 14:42:11.659493+01,gold_establishments_2025,,,,21930055500014,2025,Collectivité Territoriale,Commune,['Seine-Saint-Denis'],['Île-de-France'],COM,{93},{11}
c5e09030-06d7-469a-bfb4-fe7557b49381,213701782,Commune de Panzoult (37),false,{37178},Commune,2026-03-24 14:41:59.160244+01,gold_establishments_2025,,,,21370178200012,2025,Collectivité Territoriale,Commune,['Indre-et-Loire'],['Centre-Val de Loire'],COM,{37},{24}
a5e93cb5-5608-45e5-b7eb-db350dd17cde,219733623,Commune de Papaichton (973),false,{97362},Commune,2026-03-24 14:42:11.659493+01,gold_establishments_2025,,,,21973362300017,2025,Collectivité Territoriale,Commune,['Guyane'],['Guyane'],COM,{973},{03}
d024d800-9ced-435b-87c0-2fbeec211ee9,210205613,Commune de Papleux (02),false,{02584},Commune,2026-03-24 14:41:52.020251+01,gold_establishments_2025,,,,21020561300016,2025,Collectivité Territoriale,Commune,['Aisne'],['Hauts-de-France'],COM,{02},{32}
e9328a49-c997-4f54-b0ae-5d283bf3aea7,211300686,Commune de Paradou (13),false,{13068},Commune,2026-03-24 14:41:53.63825+01,gold_establishments_2025,,,,21130068600014,2025,Collectivité Territoriale,Commune,['Bouches-du-Rhône'],"[""Provence-Alpes-Côte d'Azur""]",COM,{13},{93}
fd339d22-fe75-4d4e-ad55-f84984fdc9f2,211801766,Commune de Parassy (18),false,{18176},Commune,2026-03-24 14:41:54.903238+01,gold_establishments_2025,,,,21180176600018,2025,Collectivité Territoriale,Commune,['Cher'],['Centre-Val de Loire'],COM,{18},{24}
62757aff-1a2f-454b-aebf-6f63d1516c28,212002026,Commune de Parata (2B),false,{2B202},Commune,2026-03-24 14:41:57.56054+01,gold_establishments_2025,,,,21200202600012,2025,Collectivité Territoriale,Commune,['Haute-Corse'],['Corse'],COM,{2B},{94}
e4f64d9a-9648-41fe-8f6a-c0e97e6b944a,217804780,Commune de Paray-Douaville (78),false,{78478},Commune,2026-03-24 14:42:09.43682+01,gold_establishments_2025,,,,21780478000013,2025,Collectivité Territoriale,Commune,['Yvelines'],['Île-de-France'],COM,{78},{11}
9c5ec5b6-9dda-4d26-b53d-cf6838212155,219104791,Commune de Paray-Vieille-Poste (91),false,{91479},Commune,2026-03-24 14:42:11.659493+01,gold_establishments_2025,,,,21910479100013,2025,Collectivité Territoriale,Commune,['Essonne'],['Île-de-France'],COM,{91},{11}
52502ef5-6d82-4a58-8f65-140c6ff3848a,210302030,Commune de Paray-le-Frésil (03),false,{03203},Commune,2026-03-24 14:41:52.020251+01,gold_establishments_2025,,,,21030203000015,2025,Collectivité Territoriale,Commune,['Allier'],['Auvergne-Rhône-Alpes'],COM,{03},{84}
fe7a18a3-dbb6-44f5-95f9-b6255cbb998a,217103423,Commune de Paray-le-Monial (71),false,{71342},Commune,2026-03-24 14:42:07.735343+01,gold_establishments_2025,,,,21710342300018,2025,Collectivité Territoriale,Commune,['Saône-et-Loire'],['Bourgogne-Franche-Comté'],COM,{71},{27}
b9488719-89eb-4322-8116-b8173b50185b,210302048,Commune de Paray-sous-Briailles (03),false,{03204},Commune,2026-03-24 14:41:52.020251+01,gold_establishments_2025,,,,21030204800017,2025,Collectivité Territoriale,Commune,['Allier'],['Auvergne-Rhône-Alpes'],COM,{03},{84}
51c17d7e-3e63-422b-986b-f5464acb1d9b,211102736,Commune de Paraza (11),false,{11273},Commune,2026-03-24 14:41:53.63825+01,gold_establishments_2025,,,,21110273600017,2025,Collectivité Territoriale,Commune,['Aude'],['Occitanie'],COM,{11},{76}
77dc35a7-87c4-4b28-bbc8-f1df570a2c9e,216404426,Commune de Parbayse (64),false,{64442},Commune,2026-03-24 14:42:06.665412+01,gold_establishments_2025,,,,21640442600019,2025,Collectivité Territoriale,Commune,['Pyrénées-Atlantiques'],['Nouvelle-Aquitaine'],COM,{64},{75}
1fa88d1d-a162-4776-bde4-2adf01bc572a,217604941,Commune de Parc-d'Anxtot (76),false,{76494},Commune,2026-03-24 14:42:08.818969+01,gold_establishments_2025,,,,21760494100013,2025,Collectivité Territoriale,Commune,['Seine-Maritime'],['Normandie'],COM,{76},{28}
ce2a9e32-81bd-435f-b087-6094716bbc58,213904055,Commune de Parcey (39),false,{39405},Commune,2026-03-24 14:41:59.705606+01,gold_establishments_2025,,,,21390405500018,2025,Collectivité Territoriale,Commune,['Jura'],['Bourgogne-Franche-Comté'],COM,{39},{27}
fca14b65-0413-48f8-84aa-25a9b58b70cb,210102851,Commune de Parcieux (01),false,{01285},Commune,2026-03-24 14:41:51.447482+01,gold_establishments_2025,,,,21010285100016,2025,Collectivité Territoriale,Commune,['Ain'],['Auvergne-Rhône-Alpes'],COM,{01},{84}
7e1688d4-7aef-4d6f-a17d-0a759479852e,200059046,Commune de Parcoul-Chenaud (24),false,{24316},Commune,2026-03-24 14:41:55.958138+01,gold_establishments_2025,,,,20005904600017,2025,Collectivité Territoriale,Commune,['Dordogne'],['Nouvelle-Aquitaine'],COM,{24},{75}
7d746013-8094-4491-a0b1-259e5035fbcc,210205621,Commune de Parcy-et-Tigny (02),false,{02585},Commune,2026-03-24 14:41:52.020251+01,gold_establishments_2025,,,,21020562100019,2025,Collectivité Territoriale,Commune,['Aisne'],['Hauts-de-France'],COM,{02},{32}
0d1938ee-8649-4495-adf2-aa813b133577,213502149,Commune de Parcé (35),false,{35214},Commune,2026-03-24 14:41:58.620411+01,gold_establishments_2025,,,,21350214900015,2025,Collectivité Territoriale,Commune,['Ille-et-Vilaine'],['Bretagne'],COM,{35},{53}
85eb256a-e75f-44ab-bc6a-72afe6bc37b8,217202282,Commune de Parcé-sur-Sarthe (72),false,{72228},Commune,2026-03-24 14:42:08.279287+01,gold_establishments_2025,,,,21720228200018,2025,Collectivité Territoriale,Commune,['Sarthe'],['Pays de la Loire'],COM,{72},{52}
26de7aa5-ed7c-4cef-bde6-df9c0416cf0d,213401938,Commune de Pardailhan (34),false,{34193},Commune,2026-03-24 14:41:58.620411+01,gold_establishments_2025,,,,21340193800013,2025,Collectivité Territoriale,Commune,['Hérault'],['Occitanie'],COM,{34},{76}
ce5f08cd-18f7-425b-a8c9-8f2d5e120ccf,214701997,Commune de Pardaillan (47),false,{47199},Commune,2026-03-24 14:42:00.862623+01,gold_establishments_2025,,,,21470199700014,2025,Collectivité Territoriale,Commune,['Lot-et-Garonne'],['Nouvelle-Aquitaine'],COM,{47},{75}
5dd0ff3e-9ea6-45fc-8624-4b3056a9f030,216404434,Commune de Pardies (64),false,{64443},Commune,2026-03-24 14:42:06.665412+01,gold_establishments_2025,,,,21640443400013,2025,Collectivité Territoriale,Commune,['Pyrénées-Atlantiques'],['Nouvelle-Aquitaine'],COM,{64},{75}
e6a24702-631b-4c0a-bae9-bbd43fdf64a5,216404442,Commune de Pardies-Piétat (64),false,{64444},Commune,2026-03-24 14:42:06.665412+01,gold_establishments_2025,,,,21640444200016,2025,Collectivité Territoriale,Commune,['Pyrénées-Atlantiques'],['Nouvelle-Aquitaine'],COM,{64},{75}
4dab7450-fc29-4d1d-957b-2e6714cb3ac7,216302687,Commune de Pardines (63),false,{63268},Commune,2026-03-24 14:42:06.130387+01,gold_establishments_2025,,,,21630268700019,2025,Collectivité Territoriale,Commune,['Puy-de-Dôme'],['Auvergne-Rhône-Alpes'],COM,{63},{84}
b0c9ce06-189d-4fd6-9584-6ea1793635f0,215503996,Commune de Pareid (55),false,{55399},Commune,2026-03-24 14:42:03.701372+01,gold_establishments_2025,,,,21550399600013,2025,Collectivité Territoriale,Commune,['Meuse'],['Grand Est'],COM,{55},{44}
3fe443c6-edb1-4c31-9525-64d490069f4f,213303126,Commune de Parempuyre (33),false,{33312},Commune,2026-03-24 14:41:58.620411+01,gold_establishments_2025,,,,21330312600014,2025,Collectivité Territoriale,Commune,['Gironde'],['Nouvelle-Aquitaine'],COM,{33},{75}
c5c06003-d41d-4d4c-97b7-f5dcf0e4a8a0,217202290,Commune de Parennes (72),false,{72229},Commune,2026-03-24 14:42:08.279287+01,gold_establishments_2025,,,,21720229000011,2025,Collectivité Territoriale,Commune,['Sarthe'],['Pays de la Loire'],COM,{72},{52}
0564d272-f445-4e5d-b13e-4f6e0d342e82,216302695,Commune de Parent (63),false,{63269},Commune,2026-03-24 14:42:06.130387+01,gold_establishments_2025,,,,21630269500012,2025,Collectivité Territoriale,Commune,['Puy-de-Dôme'],['Auvergne-Rhône-Alpes'],COM,{63},{84}
8a2ef16c-7587-4ec3-b3e5-85812d5826f7,216302703,Commune de Parentignat (63),false,{63270},Commune,2026-03-24 14:42:06.130387+01,gold_establishments_2025,,,,21630270300014,2025,Collectivité Territoriale,Commune,['Puy-de-Dôme'],['Auvergne-Rhône-Alpes'],COM,{63},{84}
b5902893-e5c1-495c-be3f-1398df9acddc,214002172,Commune de Parentis-en-Born (40),false,{40217},Commune,2026-03-24 14:41:59.705606+01,gold_establishments_2025,,,,21400217200010,2025,Collectivité Territoriale,Commune,['Landes'],['Nouvelle-Aquitaine'],COM,{40},{75}
e3d0cd48-3234-4c16-9621-bbb85214db96,216206482,Commune de Parenty (62),false,{62648},Commune,2026-03-24 14:42:05.597325+01,gold_establishments_2025,,,,21620648200012,2025,Collectivité Territoriale,Commune,['Pas-de-Calais'],['Hauts-de-France'],COM,{62},{32}
1759a8f0-907c-4caf-936c-9a719c996d07,215404179,Commune de Parey-Saint-Césaire (54),false,{54417},Commune,2026-03-24 14:42:02.957225+01,gold_establishments_2025,,,,21540417900016,2025,Collectivité Territoriale,Commune,['Meurthe-et-Moselle'],['Grand Est'],COM,{54},{44}
1eb0d459-7a5a-4c86-a50f-17683819dc1a,218803435,Commune de Parey-sous-Montfort (88),false,{88343},Commune,2026-03-24 14:42:11.118516+01,gold_establishments_2025,,,,21880343500013,2025,Collectivité Territoriale,Commune,['Vosges'],['Grand Est'],COM,{88},{44}
4d945d25-02a4-45b3-a252-a757879f6f39,210205639,Commune de Parfondeval (02),false,{02586},Commune,2026-03-24 14:41:52.020251+01,gold_establishments_2025,,,,21020563900011,2025,Collectivité Territoriale,Commune,['Aisne'],['Hauts-de-France'],COM,{02},{32}
2ed3a287-a336-4117-a4bb-0eb98f4ae125,216103226,Commune de Parfondeval (61),false,{61322},Commune,2026-03-24 14:42:05.597325+01,gold_establishments_2025,,,,21610322600017,2025,Collectivité Territoriale,Commune,['Orne'],['Normandie'],COM,{61},{28}
9dd333e1-0b1c-4cbe-b2aa-0116df2adbad,210205647,Commune de Parfondru (02),false,{02587},Commune,2026-03-24 14:41:52.020251+01,gold_establishments_2025,,,,21020564700014,2025,Collectivité Territoriale,Commune,['Aisne'],['Hauts-de-France'],COM,{02},{32}
f88d39e0-605a-4ffb-b9d5-df8f7515bb65,215504002,Commune de Parfondrupt (55),false,{55400},Commune,2026-03-24 14:42:03.701372+01,gold_establishments_2025,,,,21550400200019,2025,Collectivité Territoriale,Commune,['Meuse'],['Grand Est'],COM,{55},{44}
8eb15f5f-f8d8-46e0-9abe-3b143de31a41,211404918,Commune de Parfouru-sur-Odon (14),false,{14491},Commune,2026-03-24 14:41:54.362296+01,gold_establishments_2025,,,,21140491800016,2025,Collectivité Territoriale,Commune,['Calvados'],['Normandie'],COM,{14},{28}
0865c648-7d07-475a-a685-85f414fd3d54,210205654,Commune de Pargnan (02),false,{02588},Commune,2026-03-24 14:41:52.020251+01,gold_establishments_2025,,,,21020565400010,2025,Collectivité Territoriale,Commune,['Aisne'],['Hauts-de-France'],COM,{02},{32}
48b71e45-518c-4d87-b262-0dcebc82837b,218005817,Commune de Pargny (80),false,{80616},Commune,2026-03-24 14:42:09.967209+01,gold_establishments_2025,,,,21800581700018,2025,Collectivité Territoriale,Commune,['Somme'],['Hauts-de-France'],COM,{80},{32}
3e2c5cb5-416d-4470-9587-7275f1a9a869,210205662,Commune de Pargny-et-Filain (02),false,{02589},Commune,2026-03-24 14:41:52.020251+01,gold_establishments_2025,,,,21020566200013,2025,Collectivité Territoriale,Commune,['Aisne'],['Hauts-de-France'],COM,{02},{32}
409b1d9a-047d-46f1-a36c-0dc2f2596783,210205670,Commune de Pargny-la-Dhuys (02),false,{02590},Commune,2026-03-24 14:41:52.020251+01,gold_establishments_2025,,,,21020567000016,2025,Collectivité Territoriale,Commune,['Aisne'],['Hauts-de-France'],COM,{02},{32}
4c7bb712-76aa-490d-bd2d-b86ac0936056,210205688,Commune de Pargny-les-Bois (02),false,{02591},Commune,2026-03-24 14:41:52.020251+01,gold_establishments_2025,,,,21020568800018,2025,Collectivité Territoriale,Commune,['Aisne'],['Hauts-de-France'],COM,{02},{32}
c41a5fa6-2db1-4e83-b639-abf30b389ff7,215103904,Commune de Pargny-lès-Reims (51),false,{51422},Commune,2026-03-24 14:42:01.954481+01,gold_establishments_2025,,,,21510390400011,2025,Collectivité Territoriale,Commune,['Marne'],['Grand Est'],COM,{51},{44}
db185836-8078-4925-b9d5-5447aef74bc1,218803443,Commune de Pargny-sous-Mureau (88),false,{88344},Commune,2026-03-24 14:42:11.118516+01,gold_establishments_2025,,,,21880344300017,2025,Collectivité Territoriale,Commune,['Vosges'],['Grand Est'],COM,{88},{44}
e17dfbd2-4084-4455-9f21-1ddf0bb1f580,215103912,Commune de Pargny-sur-Saulx (51),false,{51423},Commune,2026-03-24 14:42:01.954481+01,gold_establishments_2025,,,,21510391200014,2025,Collectivité Territoriale,Commune,['Marne'],['Grand Est'],COM,{51},{44}
437a68c8-ad3e-49f4-92ca-1e025b0f8cb1,211002704,Commune de Pargues (10),false,{10278},Commune,2026-03-24 14:41:53.095366+01,gold_establishments_2025,,,,21100270400016,2025,Collectivité Territoriale,Commune,['Aube'],['Grand Est'],COM,{10},{44}
91c9cad6-c9be-432e-bfcc-fb1caa0521fa,213001936,Commune de Parignargues (30),false,{30193},Commune,2026-03-24 14:41:57.56054+01,gold_establishments_2025,,,,21300193600011,2025,Collectivité Territoriale,Commune,['Gard'],['Occitanie'],COM,{30},{76}
0e2658a7-fe71-408e-a0dd-584e9b51b876,214201667,Commune de Parigny (42),false,{42166},Commune,2026-03-24 14:42:00.273698+01,gold_establishments_2025,,,,21420166700018,2025,Collectivité Territoriale,Commune,['Loire'],['Auvergne-Rhône-Alpes'],COM,{42},{84}
ea504749-cb3c-4f20-9fe4-7e91026289b1,215802067,Commune de Parigny-la-Rose (58),false,{58206},Commune,2026-03-24 14:42:04.280096+01,gold_establishments_2025,,,,21580206700011,2025,Collectivité Territoriale,Commune,['Nièvre'],['Bourgogne-Franche-Comté'],COM,{58},{27}
c2a65416-6514-4a21-8df1-9d99f73fd5fa,215802075,Commune de Parigny-les-Vaux (58),false,{58207},Commune,2026-03-24 14:42:04.280096+01,gold_establishments_2025,,,,21580207500014,2025,Collectivité Territoriale,Commune,['Nièvre'],['Bourgogne-Franche-Comté'],COM,{58},{27}
70e184da-7a5c-4be0-b3e1-19f58567f38c,213502156,Commune de Parigné (35),false,{35215},Commune,2026-03-24 14:41:58.620411+01,gold_establishments_2025,,,,21350215600010,2025,Collectivité Territoriale,Commune,['Ille-et-Vilaine'],['Bretagne'],COM,{35},{53}
b393d60d-53fd-4bcb-b351-132428620b54,217202316,Commune de Parigné-l'Évêque (72),false,{72231},Commune,2026-03-24 14:42:08.279287+01,gold_establishments_2025,,,,21720231600014,2025,Collectivité Territoriale,Commune,['Sarthe'],['Pays de la Loire'],COM,{72},{52}
ca8e9fa1-842c-49d7-9f33-74609a437a53,217202308,Commune de Parigné-le-Pôlin (72),false,{72230},Commune,2026-03-24 14:42:08.279287+01,gold_establishments_2025,,,,21720230800011,2025,Collectivité Territoriale,Commune,['Sarthe'],['Pays de la Loire'],COM,{72},{52}
983ab5d4-6bed-47b5-8c97-eaf47f38a96f,215301748,Commune de Parigné-sur-Braye (53),false,{53174},Commune,2026-03-24 14:42:02.957225+01,gold_establishments_2025,,,,21530174800012,2025,Collectivité Territoriale,Commune,['Mayenne'],['Pays de la Loire'],COM,{53},{52}
6e1862e2-f609-4657-b509-ca35a478d239,217103431,Commune de Paris-l'Hôpital (71),false,{71343},Commune,2026-03-24 14:42:07.735343+01,gold_establishments_2025,,,,21710343100011,2025,Collectivité Territoriale,Commune,['Saône-et-Loire'],['Bourgogne-Franche-Comté'],COM,{71},{27}
b1656141-17ae-4590-9425-29147bd6832a,218102028,Commune de Parisot (81),false,{81202},Commune,2026-03-24 14:42:09.967209+01,gold_establishments_2025,,,,21810202800014,2025,Collectivité Territoriale,Commune,['Tarn'],['Occitanie'],COM,{81},{76}
3c2a61a0-ec79-4de5-bb40-72ce46ac5808,218201374,Commune de Parisot (82),false,{82137},Commune,2026-03-24 14:42:10.508772+01,gold_establishments_2025,,,,21820137400012,2025,Collectivité Territoriale,Commune,['Tarn-et-Garonne'],['Occitanie'],COM,{82},{76}
f6d4d5c9-b749-4b8b-a28b-a5d58f558836,211501473,Commune de Parlan (15),false,{15147},Commune,2026-03-24 14:41:54.362296+01,gold_establishments_2025,,,,21150147300014,2025,Collectivité Territoriale,Commune,['Cantal'],['Auvergne-Rhône-Alpes'],COM,{15},{84}
e01f6c5e-b104-406a-833b-799047838c8b,214002180,Commune de Parleboscq (40),false,{40218},Commune,2026-03-24 14:41:59.705606+01,gold_establishments_2025,,,,21400218000013,2025,Collectivité Territoriale,Commune,['Landes'],['Nouvelle-Aquitaine'],COM,{40},{75}
00f78b9d-56d7-4a76-839d-dab4b2210d19,218902864,Commune de Parly (89),false,{89286},Commune,2026-03-24 14:42:11.659493+01,gold_establishments_2025,,,,21890286400014,2025,Collectivité Territoriale,Commune,['Yonne'],['Bourgogne-Franche-Comté'],COM,{89},{27}
20de2394-83f4-432c-ab73-b8c24a076227,219504800,Commune de Parmain (95),false,{95480},Commune,2026-03-24 14:42:11.659493+01,gold_establishments_2025,,,,21950480000018,2025,Collectivité Territoriale,Commune,"[""Val-d'Oise""]",['Île-de-France'],COM,{95},{11}
113fc88f-4d0c-4233-86b0-aa6dd693f9ab,213802952,Commune de Parmilieu (38),false,{38295},Commune,2026-03-24 14:41:59.160244+01,gold_establishments_2025,,,,21380295200019,2025,Collectivité Territoriale,Commune,['Isère'],['Auvergne-Rhône-Alpes'],COM,{38},{84}
68b9419d-d184-4872-893b-848695db18f7,213601503,Commune de Parnac (36),false,{36150},Commune,2026-03-24 14:41:59.160244+01,gold_establishments_2025,,,,21360150300013,2025,Collectivité Territoriale,Commune,['Indre'],['Centre-Val de Loire'],COM,{36},{24}
76cfdffa-9626-40a9-bdd1-c97b1662d843,214602146,Commune de Parnac (46),false,{46214},Commune,2026-03-24 14:42:00.862623+01,gold_establishments_2025,,,,21460214600018,2025,Collectivité Territoriale,Commune,['Lot'],['Occitanie'],COM,{46},{76}
0ee0fbaa-195d-4bd3-8703-5e5635f2441c,212602254,Commune de Parnans (26),false,{26225},Commune,2026-03-24 14:41:56.495197+01,gold_establishments_2025,,,,21260225400014,2025,Collectivité Territoriale,Commune,['Drôme'],['Auvergne-Rhône-Alpes'],COM,{26},{84}
074e0353-fee9-4651-9ca9-177c6979fc51,211801774,Commune de Parnay (18),false,{18177},Commune,2026-03-24 14:41:54.903238+01,gold_establishments_2025,,,,21180177400012,2025,Collectivité Territoriale,Commune,['Cher'],['Centre-Val de Loire'],COM,{18},{24}
2b98a58e-193f-4429-b421-d0f9fdc5d925,214902355,Commune de Parnay (49),false,{49235},Commune,2026-03-24 14:42:01.412377+01,gold_establishments_2025,,,,21490235500012,2025,Collectivité Territoriale,Commune,['Maine-et-Loire'],['Pays de la Loire'],COM,{49},{52}
2688d0f7-0e44-481e-8962-029fb783495f,216004812,Commune de Parnes (60),false,{60487},Commune,2026-03-24 14:42:04.814328+01,gold_establishments_2025,,,,21600481200014,2025,Collectivité Territoriale,Commune,['Oise'],['Hauts-de-France'],COM,{60},{32}
c02388a4-709d-4fe3-880d-77d6ea02b53b,215202722,Commune de Parnoy-en-Bassigny (52),false,{52377},Commune,2026-03-24 14:42:01.954481+01,gold_establishments_2025,,,,21520272200017,2025,Collectivité Territoriale,Commune,['Haute-Marne'],['Grand Est'],COM,{52},{44}
0261f982-130c-48d6-b787-7279e5d70e54,215301755,Commune de Parné-sur-Roc (53),false,{53175},Commune,2026-03-24 14:42:02.957225+01,gold_establishments_2025,,,,21530175500017,2025,Collectivité Territoriale,Commune,['Mayenne'],['Pays de la Loire'],COM,{53},{52}
b162d704-ea85-49ad-9c52-e67b968c8680,218902872,Commune de Paron (89),false,{89287},Commune,2026-03-24 14:42:11.659493+01,gold_establishments_2025,,,,21890287200017,2025,Collectivité Territoriale,Commune,['Yonne'],['Bourgogne-Franche-Comté'],COM,{89},{27}
befd2a88-bbec-4bb3-bdc3-19723ea41c89,212504450,Commune de Paroy (25),false,{25445},Commune,2026-03-24 14:41:56.495197+01,gold_establishments_2025,,,,21250445000017,2025,Collectivité Territoriale,Commune,['Doubs'],['Bourgogne-Franche-Comté'],COM,{25},{27}
07f1f851-cbea-4aa7-b303-1913460a014a,217703552,Commune de Paroy (77),false,{77355},Commune,2026-03-24 14:42:09.43682+01,gold_establishments_2025,,,,21770355200018,2025,Collectivité Territoriale,Commune,['Seine-et-Marne'],['Île-de-France'],COM,{77},{11}
f414f1f1-c53b-4223-94c3-3f83295ccc08,218904878,Commune de Paroy-en-Othe (89),false,{89288},Commune,2026-03-24 14:42:11.659493+01,gold_establishments_2025,,,,21890487800012,2025,Collectivité Territoriale,Commune,['Yonne'],['Bourgogne-Franche-Comté'],COM,{89},{27}
adc1eef1-babd-4a2b-8935-b499318a5cfe,215202730,Commune de Paroy-sur-Saulx (52),false,{52378},Commune,2026-03-24 14:42:01.954481+01,gold_establishments_2025,,,,21520273000010,2025,Collectivité Territoriale,Commune,['Haute-Marne'],['Grand Est'],COM,{52},{44}
646c2964-71e2-4310-a47e-c083b055cba8,218902898,Commune de Paroy-sur-Tholon (89),false,{89289},Commune,2026-03-24 14:42:11.659493+01,gold_establishments_2025,,,,21890289800012,2025,Collectivité Territoriale,Commune,['Yonne'],['Bourgogne-Franche-Comté'],COM,{89},{27}
3a2f33a2-ff84-464a-ab16-2e2feef89e76,210205696,Commune de Parpeville (02),false,{02592},Commune,2026-03-24 14:41:52.020251+01,gold_establishments_2025,,,,21020569600011,2025,Collectivité Territoriale,Commune,['Aisne'],['Hauts-de-France'],COM,{02},{32}
b7fed3a2-ae8c-464c-9c8a-27da6036a1dd,214702003,Commune de Parranquet (47),false,{47200},Commune,2026-03-24 14:42:00.862623+01,gold_establishments_2025,,,,21470200300010,2025,Collectivité Territoriale,Commune,['Lot-et-Garonne'],['Nouvelle-Aquitaine'],COM,{47},{75}
e2367854-281c-4170-a8d9-5e7ff865d491,215404187,Commune de Parroy (54),false,{54418},Commune,2026-03-24 14:42:02.957225+01,gold_establishments_2025,,,,21540418700019,2025,Collectivité Territoriale,Commune,['Meurthe-et-Moselle'],['Grand Est'],COM,{54},{44}
2e34ec8d-d343-4c14-80a6-5af5ee3aa1a6,211002712,Commune de Pars-lès-Chavanges (10),false,{10279},Commune,2026-03-24 14:41:53.095366+01,gold_establishments_2025,,,,21100271200019,2025,Collectivité Territoriale,Commune,['Aube'],['Grand Est'],COM,{10},{44}
10cb8c3b-f2b1-4641-95a1-759d73ab33c4,211002720,Commune de Pars-lès-Romilly (10),false,{10280},Commune,2026-03-24 14:41:53.095366+01,gold_establishments_2025,,,,21100272000012,2025,Collectivité Territoriale,Commune,['Aube'],['Grand Est'],COM,{10},{44}
42ad08f9-5124-4dce-b472-ca9506b8974f,200053502,Commune de Parsac (23),false,{23149},Commune,2026-03-24 14:41:55.958138+01,gold_establishments_2025,,,,20005350200015,2025,Collectivité Territoriale,Commune,['Creuse'],['Nouvelle-Aquitaine'],COM,{23},{75}
49629f95-e82f-4979-888f-9b7f5c3d0363,217902022,Commune de Parthenay (79),false,{79202},Commune,2026-03-24 14:42:09.43682+01,gold_establishments_2025,,,,21790202200011,2025,Collectivité Territoriale,Commune,['Deux-Sèvres'],['Nouvelle-Aquitaine'],COM,{79},{75}
a0b85747-e48b-4471-a1f0-5a165d1993e5,213502164,Commune de Parthenay-de-Bretagne (35),false,{35216},Commune,2026-03-24 14:41:58.620411+01,gold_establishments_2025,,,,21350216400014,2025,Collectivité Territoriale,Commune,['Ille-et-Vilaine'],['Bretagne'],COM,{35},{53}
54352207-ff6d-44c0-a4b2-38a8c3ff08b4,212002034,Commune de Partinello (2A),false,{2A203},Commune,2026-03-24 14:41:57.56054+01,gold_establishments_2025,,,,21200203400016,2025,Collectivité Territoriale,Commune,['Corse-du-Sud'],['Corse'],COM,{2A},{94}
970fca73-d11f-4f1e-a205-4ec681e6e9c8,215404195,Commune de Parux (54),false,{54419},Commune,2026-03-24 14:42:02.957225+01,gold_establishments_2025,,,,21540419500012,2025,Collectivité Territoriale,Commune,['Meurthe-et-Moselle'],['Grand Est'],COM,{54},{44}
2322b9b7-f6ca-4da4-b717-5ea101abba27,200059913,Commune de Parves et Nattages (01),false,{01286},Commune,2026-03-24 14:41:51.447482+01,gold_establishments_2025,,,,20005991300018,2025,Collectivité Territoriale,Commune,['Ain'],['Auvergne-Rhône-Alpes'],COM,{01},{84}
260ac28d-9eb6-42b9-92d6-0a589157a9db,212704514,Commune de Parville (27),false,{27451},Commune,2026-03-24 14:41:57.028721+01,gold_establishments_2025,,,,21270451400018,2025,Collectivité Territoriale,Commune,['Eure'],['Normandie'],COM,{27},{28}
d847ea7a-416f-4923-a306-35128590974d,218005825,Commune de Parvillers-le-Quesnoy (80),false,{80617},Commune,2026-03-24 14:42:09.967209+01,gold_establishments_2025,,,,21800582500011,2025,Collectivité Territoriale,Commune,['Somme'],['Hauts-de-France'],COM,{80},{32}
d313cb1b-8080-4594-ba0b-287b342cc834,211602552,Commune de Parzac (16),false,{16255},Commune,2026-03-24 14:41:54.362296+01,gold_establishments_2025,,,,21160255200013,2025,Collectivité Territoriale,Commune,['Charente'],['Nouvelle-Aquitaine'],COM,{16},{75}
f6da034d-fe7a-495c-b402-7ee40c87e25b,213701790,Commune de Parçay-Meslay (37),false,{37179},Commune,2026-03-24 14:41:59.160244+01,gold_establishments_2025,,,,21370179000015,2025,Collectivité Territoriale,Commune,['Indre-et-Loire'],['Centre-Val de Loire'],COM,{37},{24}
0fb0099f-b713-47c5-9513-949984cc131b,213701808,Commune de Parçay-sur-Vienne (37),false,{37180},Commune,2026-03-24 14:41:59.160244+01,gold_establishments_2025,,,,21370180800015,2025,Collectivité Territoriale,Commune,['Indre-et-Loire'],['Centre-Val de Loire'],COM,{37},{24}
c8b5f283-6126-4552-a755-cf6a1a1481a0,216503557,Commune de Paréac (65),false,{65355},Commune,2026-03-24 14:42:06.665412+01,gold_establishments_2025,,,,21650355700011,2025,Collectivité Territoriale,Commune,['Hautes-Pyrénées'],['Occitanie'],COM,{65},{76}
9bbffb8f-d656-4220-b748-5f99d8d42a33,217902030,Commune de Pas-de-Jeu (79),false,{79203},Commune,2026-03-24 14:42:09.43682+01,gold_establishments_2025,,,,21790203000014,2025,Collectivité Territoriale,Commune,['Deux-Sèvres'],['Nouvelle-Aquitaine'],COM,{79},{75}
eb195e6c-5bc4-4adb-8e3e-2300c1b4b156,216206490,Commune de Pas-en-Artois (62),false,{62649},Commune,2026-03-24 14:42:05.597325+01,gold_establishments_2025,,,,21620649000015,2025,Collectivité Territoriale,Commune,['Pas-de-Calais'],['Hauts-de-France'],COM,{62},{32}
edc04f7f-908e-405f-8ba2-caa17b0c340c,218902906,Commune de Pasilly (89),false,{89290},Commune,2026-03-24 14:42:11.659493+01,gold_establishments_2025,,,,21890290600013,2025,Collectivité Territoriale,Commune,['Yonne'],['Bourgogne-Franche-Comté'],COM,{89},{27}
cdc3c447-ca39-4190-86db-63add4c2b5f2,216302711,Commune de Paslières (63),false,{63271},Commune,2026-03-24 14:42:06.130387+01,gold_establishments_2025,,,,21630271100017,2025,Collectivité Territoriale,Commune,['Puy-de-Dôme'],['Auvergne-Rhône-Alpes'],COM,{63},{84}
439eb618-6d61-4a9c-95b2-c8c4022bfbc1,210205704,Commune de Pasly (02),false,{02593},Commune,2026-03-24 14:41:52.020251+01,gold_establishments_2025,,,,21020570400013,2025,Collectivité Territoriale,Commune,['Aisne'],['Hauts-de-France'],COM,{02},{32}
0ac500be-4fa2-43aa-8e4e-d622fc404dcb,212104780,Commune de Pasques (21),false,{21478},Commune,2026-03-24 14:41:55.433389+01,gold_establishments_2025,,,,21210478000011,2025,Collectivité Territoriale,Commune,"[""Côte-d'Or""]",['Bourgogne-Franche-Comté'],COM,{21},{27}
1df17665-1ad5-4617-a413-5f0e8a1b7bf9,216601344,Commune de Passa (66),false,{66134},Commune,2026-03-24 14:42:06.665412+01,gold_establishments_2025,,,,21660134400015,2025,Collectivité Territoriale,Commune,['Pyrénées-Orientales'],['Occitanie'],COM,{66},{76}
715f1498-2c38-4f77-8448-b583e00f3bed,200060028,Commune de Passais Villages (61),false,{61324},Commune,2026-03-24 14:42:05.597325+01,gold_establishments_2025,,,,20006002800012,2025,Collectivité Territoriale,Commune,['Orne'],['Normandie'],COM,{61},{28}
032456cf-74af-4f06-b3b9-3a725caccc7b,212504468,Commune de Passavant (25),false,{25446},Commune,2026-03-24 14:41:56.495197+01,gold_establishments_2025,,,,21250446800019,2025,Collectivité Territoriale,Commune,['Doubs'],['Bourgogne-Franche-Comté'],COM,{25},{27}
30c8c974-bf0d-4062-bd59-639d17d7a148,215103920,Commune de Passavant-en-Argonne (51),false,{51424},Commune,2026-03-24 14:42:01.954481+01,gold_establishments_2025,,,,21510392000017,2025,Collectivité Territoriale,Commune,['Marne'],['Grand Est'],COM,{51},{44}
0e010501-de18-432d-bfb4-41f41bcd0821,217004043,Commune de Passavant-la-Rochère (70),false,{70404},Commune,2026-03-24 14:42:07.735343+01,gold_establishments_2025,,,,21700404300014,2025,Collectivité Territoriale,Commune,['Haute-Saône'],['Bourgogne-Franche-Comté'],COM,{70},{27}
f1f621c0-bc5d-4cdd-8368-ec1a3ec52599,214902363,Commune de Passavant-sur-Layon (49),false,{49236},Commune,2026-03-24 14:42:01.412377+01,gold_establishments_2025,,,,21490236300016,2025,Collectivité Territoriale,Commune,['Maine-et-Loire'],['Pays de la Loire'],COM,{49},{52}
cfd684a9-cf96-496b-9980-f5755c07e72f,216004820,Commune de Passel (60),false,{60488},Commune,2026-03-24 14:42:04.814328+01,gold_establishments_2025,,,,21600482000017,2025,Collectivité Territoriale,Commune,['Oise'],['Hauts-de-France'],COM,{60},{32}
632b9728-379d-451d-b6b7-f2b7c6c99206,213904071,Commune de Passenans (39),false,{39407},Commune,2026-03-24 14:41:59.705606+01,gold_establishments_2025,,,,21390407100015,2025,Collectivité Territoriale,Commune,['Jura'],['Bourgogne-Franche-Comté'],COM,{39},{27}
6b60bfba-f1c2-404c-ae14-1d6c28bce2fa,211602560,Commune de Passirac (16),false,{16256},Commune,2026-03-24 14:41:54.362296+01,gold_establishments_2025,,,,21160256000016,2025,Collectivité Territoriale,Commune,['Charente'],['Nouvelle-Aquitaine'],COM,{16},{75}
cc693f02-2ba1-4a9f-99c2-53e40bde95f1,212504476,Commune de Passonfontaine (25),false,{25447},Commune,2026-03-24 14:41:56.495197+01,gold_establishments_2025,,,,21250447600012,2025,Collectivité Territoriale,Commune,['Doubs'],['Bourgogne-Franche-Comté'],COM,{25},{27}
eb3a8b94-3f18-4da6-abae-855c1a1e9d8e,217103449,Commune de Passy (71),false,{71344},Commune,2026-03-24 14:42:07.735343+01,gold_establishments_2025,,,,21710344900013,2025,Collectivité Territoriale,Commune,['Saône-et-Loire'],['Bourgogne-Franche-Comté'],COM,{71},{27}
d6f906ff-b95d-4ab8-bf43-cf10a73ab994,217402080,Commune de Passy (74),false,{74208},Commune,2026-03-24 14:42:08.818969+01,gold_establishments_2025,,,,21740208000014,2025,Collectivité Territoriale,Commune,['Haute-Savoie'],['Auvergne-Rhône-Alpes'],COM,{74},{84}
7d091ca6-9fd3-4c86-8aff-a546f3fd75f1,218902914,Commune de Passy (89),false,{89291},Commune,2026-03-24 14:42:11.659493+01,gold_establishments_2025,,,,21890291400017,2025,Collectivité Territoriale,Commune,['Yonne'],['Bourgogne-Franche-Comté'],COM,{89},{27}
271bd5f4-d900-489d-8ce6-e8669c67f3be,215103938,Commune de Passy-Grigny (51),false,{51425},Commune,2026-03-24 14:42:01.954481+01,gold_establishments_2025,,,,21510393800019,2025,Collectivité Territoriale,Commune,['Marne'],['Grand Est'],COM,{51},{44}
810555ba-41a0-4fae-8fc5-aa3d47979952,210205712,Commune de Passy-en-Valois (02),false,{02594},Commune,2026-03-24 14:41:52.020251+01,gold_establishments_2025,,,,21020571200016,2025,Collectivité Territoriale,Commune,['Aisne'],['Hauts-de-France'],COM,{02},{32}
55fdde1f-8a1f-4dac-9e65-5f12eba56a47,210205720,Commune de Passy-sur-Marne (02),false,{02595},Commune,2026-03-24 14:41:52.020251+01,gold_establishments_2025,,,,21020572000019,2025,Collectivité Territoriale,Commune,['Aisne'],['Hauts-de-France'],COM,{02},{32}
8223e7c2-bf33-4db0-b1b9-b98e1d3861cc,217703560,Commune de Passy-sur-Seine (77),false,{77356},Commune,2026-03-24 14:42:09.43682+01,gold_establishments_2025,,,,21770356000011,2025,Collectivité Territoriale,Commune,['Seine-et-Marne'],['Île-de-France'],COM,{77},{11}
2da7f33c-6c0e-45d1-a104-adcac7653fac,212002042,Commune de Pastricciola (2A),false,{2A204},Commune,2026-03-24 14:41:57.56054+01,gold_establishments_2025,,,,21200204200019,2025,Collectivité Territoriale,Commune,['Corse-du-Sud'],['Corse'],COM,{2A},{94}
5dcab9a2-42aa-4d4f-b6fa-f66ac39caff1,214502486,Commune de Patay (45),false,{45248},Commune,2026-03-24 14:42:00.862623+01,gold_establishments_2025,,,,21450248600019,2025,Collectivité Territoriale,Commune,['Loiret'],['Centre-Val de Loire'],COM,{45},{24}
2315c93a-38af-47bf-b3cc-b074a16d3aa8,213904089,Commune de Patornay (39),false,{39408},Commune,2026-03-24 14:41:59.705606+01,gold_establishments_2025,,,,21390408900017,2025,Collectivité Territoriale,Commune,['Jura'],['Bourgogne-Franche-Comté'],COM,{39},{27}
d8e5ecca-7064-4bcf-bcb6-28b7fd31ed00,212002059,Commune de Patrimonio (2B),false,{2B205},Commune,2026-03-24 14:41:57.56054+01,gold_establishments_2025,,,,21200205900013,2025,Collectivité Territoriale,Commune,['Haute-Corse'],['Corse'],COM,{2B},{94}
e3a1a266-d2bb-4510-9e9d-f6089d72a056,216404459,Commune de Pau (64),false,{64445},Commune,2026-03-24 14:42:06.665412+01,gold_establishments_2025,,,,21640445900010,2025,Collectivité Territoriale,Commune,['Pyrénées-Atlantiques'],['Nouvelle-Aquitaine'],COM,{64},{75}
1ff0e46e-d2ad-4a5e-bcff-e1779825c2d3,214502494,Commune de Paucourt (45),false,{45249},Commune,2026-03-24 14:42:00.862623+01,gold_establishments_2025,,,,21450249400013,2025,Collectivité Territoriale,Commune,['Loiret'],['Centre-Val de Loire'],COM,{45},{24}
c99c0e32-9667-4384-bd57-52a56b0c863a,213601529,Commune de Paudy (36),false,{36152},Commune,2026-03-24 14:41:59.160244+01,gold_establishments_2025,,,,21360152900018,2025,Collectivité Territoriale,Commune,['Indre'],['Centre-Val de Loire'],COM,{36},{24}
9786f683-b935-47a5-8ad0-08b1f12f2488,213203060,Commune de Pauilhac (32),false,{32306},Commune,2026-03-24 14:41:58.09424+01,gold_establishments_2025,,,,21320306000016,2025,Collectivité Territoriale,Commune,['Gers'],['Occitanie'],COM,{32},{76}
c0722892-e741-4135-8748-638003fab130,213303142,Commune de Pauillac (33),false,{33314},Commune,2026-03-24 14:41:58.620411+01,gold_establishments_2025,,,,21330314200011,2025,Collectivité Territoriale,Commune,['Gironde'],['Nouvelle-Aquitaine'],COM,{33},{75}
a4498e44-32fe-4cd3-974a-88a719fe5250,212201636,Commune de Paule (22),false,{22163},Commune,2026-03-24 14:41:55.433389+01,gold_establishments_2025,,,,21220163600017,2025,Collectivité Territoriale,Commune,"[""Côtes-d'Armor""]",['Bretagne'],COM,{22},{53}
482609d4-bfde-4e6c-b105-60421b16bccc,211501481,Commune de Paulhac (15),false,{15148},Commune,2026-03-24 14:41:54.362296+01,gold_establishments_2025,,,,21150148100017,2025,Collectivité Territoriale,Commune,['Cantal'],['Auvergne-Rhône-Alpes'],COM,{15},{84}
207812d8-661a-4b7e-a4c6-8efeae004cb2,213104078,Commune de Paulhac (31),false,{31407},Commune,2026-03-24 14:41:58.09424+01,gold_establishments_2025,,,,21310407800018,2025,Collectivité Territoriale,Commune,['Haute-Garonne'],['Occitanie'],COM,{31},{76}
2108898d-22fa-43a7-9a4d-cae7a37d79a1,214301475,Commune de Paulhac (43),false,{43147},Commune,2026-03-24 14:42:00.273698+01,gold_establishments_2025,,,,21430147500015,2025,Collectivité Territoriale,Commune,['Haute-Loire'],['Auvergne-Rhône-Alpes'],COM,{43},{84}
ffabb7cf-053e-4a41-a0e0-89c5839c3628,214801102,Commune de Paulhac-en-Margeride (48),false,{48110},Commune,2026-03-24 14:42:01.412377+01,gold_establishments_2025,,,,21480110200010,2025,Collectivité Territoriale,Commune,['Lozère'],['Occitanie'],COM,{48},{76}
e2cefed2-a0ac-47ca-9eb9-e0d26202230b,214301483,Commune de Paulhaguet (43),false,{43148},Commune,2026-03-24 14:42:00.273698+01,gold_establishments_2025,,,,21430148300019,2025,Collectivité Territoriale,Commune,['Haute-Loire'],['Auvergne-Rhône-Alpes'],COM,{43},{84}
a0b7d9c6-aab1-40f5-8954-37ab97ff6461,213401946,Commune de Paulhan (34),false,{34194},Commune,2026-03-24 14:41:58.620411+01,gold_establishments_2025,,,,21340194600016,2025,Collectivité Territoriale,Commune,['Hérault'],['Occitanie'],COM,{34},{76}
339af589-74a6-40db-bf79-9c21c28f66c9,211201785,Commune de Paulhe (12),false,{12178},Commune,2026-03-24 14:41:53.63825+01,gold_establishments_2025,,,,21120178500014,2025,Collectivité Territoriale,Commune,['Aveyron'],['Occitanie'],COM,{12},{76}
b4aead28-9742-4ebf-80be-93a2ac37cd76,211501499,Commune de Paulhenc (15),false,{15149},Commune,2026-03-24 14:41:54.362296+01,gold_establishments_2025,,,,21150149900019,2025,Collectivité Territoriale,Commune,['Cantal'],['Auvergne-Rhône-Alpes'],COM,{15},{84}
1ddb516d-072a-471e-b54c-3ae12a383a57,214702029,Commune de Paulhiac (47),false,{47202},Commune,2026-03-24 14:42:00.862623+01,gold_establishments_2025,,,,21470202900015,2025,Collectivité Territoriale,Commune,['Lot-et-Garonne'],['Nouvelle-Aquitaine'],COM,{47},{75}
ddbfbc9a-391f-4b2b-9db8-94d3216c8c17,211102744,Commune de Pauligne (11),false,{11274},Commune,2026-03-24 14:41:53.63825+01,gold_establishments_2025,,,,21110274400011,2025,Collectivité Territoriale,Commune,['Aude'],['Occitanie'],COM,{11},{76}
66f1cc2b-b3c7-45d9-a182-94138a4c560b,212403174,Commune de Paulin (24),false,{24317},Commune,2026-03-24 14:41:55.958138+01,gold_establishments_2025,,,,21240317400015,2025,Collectivité Territoriale,Commune,['Dordogne'],['Nouvelle-Aquitaine'],COM,{24},{75}
701ef698-10aa-4859-a273-3b4463e39d2d,218102036,Commune de Paulinet (81),false,{81203},Commune,2026-03-24 14:42:09.967209+01,gold_establishments_2025,,,,21810203600017,2025,Collectivité Territoriale,Commune,['Tarn'],['Occitanie'],COM,{81},{76}
9bc1bbc9-c6ee-4791-88a4-9f4003413e1d,213701816,Commune de Paulmy (37),false,{37181},Commune,2026-03-24 14:41:59.160244+01,gold_establishments_2025,,,,21370181600018,2025,Collectivité Territoriale,Commune,['Indre-et-Loire'],['Centre-Val de Loire'],COM,{37},{24}
a025f98d-e8c9-4009-9c4a-d90cc1d91e9c,213601537,Commune de Paulnay (36),false,{36153},Commune,2026-03-24 14:41:59.160244+01,gold_establishments_2025,,,,21360153700011,2025,Collectivité Territoriale,Commune,['Indre'],['Centre-Val de Loire'],COM,{36},{24}
daf28721-50f6-4e15-9a35-91436c9832ef,214401192,Commune de Paulx (44),false,{44119},Commune,2026-03-24 14:42:00.273698+01,gold_establishments_2025,,,,21440119200015,2025,Collectivité Territoriale,Commune,['Loire-Atlantique'],['Pays de la Loire'],COM,{44},{52}
1cabb308-822c-401e-b1b7-fb5e223756bd,212403182,Commune de Paunat (24),false,{24318},Commune,2026-03-24 14:41:55.958138+01,gold_establishments_2025,,,,21240318200018,2025,Collectivité Territoriale,Commune,['Dordogne'],['Nouvelle-Aquitaine'],COM,{24},{75}
b3766b7e-53e2-4ef7-854d-9a126864107f,212403190,Commune de Paussac-et-Saint-Vivien (24),false,{24319},Commune,2026-03-24 14:41:55.958138+01,gold_establishments_2025,,,,21240319000011,2025,Collectivité Territoriale,Commune,['Dordogne'],['Nouvelle-Aquitaine'],COM,{24},{75}
d5048bc4-753f-4f07-b2a4-542295ec833b,210803045,Commune de Pauvres (08),false,{08338},Commune,2026-03-24 14:41:53.095366+01,gold_establishments_2025,,,,21080304500017,2025,Collectivité Territoriale,Commune,['Ardennes'],['Grand Est'],COM,{08},{44}
5c56f80f-0438-4282-b742-fa653a44df7c,210205738,Commune de Pavant (02),false,{02596},Commune,2026-03-24 14:41:52.020251+01,gold_establishments_2025,,,,21020573800011,2025,Collectivité Territoriale,Commune,['Aisne'],['Hauts-de-France'],COM,{02},{32}
aef25be9-dccc-4f0b-b4bc-b18b99586d59,214201675,Commune de Pavezin (42),false,{42167},Commune,2026-03-24 14:42:00.273698+01,gold_establishments_2025,,,,21420167500011,2025,Collectivité Territoriale,Commune,['Loire'],['Auvergne-Rhône-Alpes'],COM,{42},{84}
2a2085c1-06d6-4398-adc5-30586ec69a83,213203078,Commune de Pavie (32),false,{32307},Commune,2026-03-24 14:41:58.09424+01,gold_establishments_2025,,,,21320307800018,2025,Collectivité Territoriale,Commune,['Gers'],['Occitanie'],COM,{32},{76}
b21bc75c-a3d4-4629-b123-ed6b30cc28cd,217604958,Commune de Pavilly (76),false,{76495},Commune,2026-03-24 14:42:08.818969+01,gold_establishments_2025,,,,21760495800017,2025,Collectivité Territoriale,Commune,['Seine-Maritime'],['Normandie'],COM,{76},{28}
197feca2-9cc5-4d1f-945f-cb2c4fe22661,211002746,Commune de Payns (10),false,{10282},Commune,2026-03-24 14:41:53.095366+01,gold_establishments_2025,,,,21100274600017,2025,Collectivité Territoriale,Commune,['Aube'],['Grand Est'],COM,{10},{44}
a35c1909-bef9-4da1-b0c1-c5ca7954ecb6,211102751,Commune de Payra-sur-l'Hers (11),false,{11275},Commune,2026-03-24 14:41:53.63825+01,gold_establishments_2025,,,,21110275100016,2025,Collectivité Territoriale,Commune,['Aude'],['Occitanie'],COM,{11},{76}
ba035326-d94c-45a1-ba1a-e70e3fb22093,214602153,Commune de Payrac (46),false,{46215},Commune,2026-03-24 14:42:00.862623+01,gold_establishments_2025,,,,21460215300014,2025,Collectivité Territoriale,Commune,['Lot'],['Occitanie'],COM,{46},{76}
b21d47dc-1f9c-4f6a-a646-3a2a932e1a9c,214602161,Commune de Payrignac (46),false,{46216},Commune,2026-03-24 14:42:00.862623+01,gold_establishments_2025,,,,21460216100017,2025,Collectivité Territoriale,Commune,['Lot'],['Occitanie'],COM,{46},{76}
a2a4f675-4934-411e-b6b7-593e84ea00ed,218102044,Commune de Payrin-Augmontel (81),false,{81204},Commune,2026-03-24 14:42:09.967209+01,gold_establishments_2025,,,,21810204400011,2025,Collectivité Territoriale,Commune,['Tarn'],['Occitanie'],COM,{81},{76}
97790f43-6c4f-4590-b02c-0790120d5204,214002198,Commune de Payros-Cazautets (40),false,{40219},Commune,2026-03-24 14:41:59.705606+01,gold_establishments_2025,,,,21400219800015,2025,Collectivité Territoriale,Commune,['Landes'],['Nouvelle-Aquitaine'],COM,{40},{75}
a50790c7-0547-45ac-bcb1-60e102a2854b,218601896,Commune de Payroux (86),false,{86189},Commune,2026-03-24 14:42:10.508772+01,gold_establishments_2025,,,,21860189600010,2025,Collectivité Territoriale,Commune,['Vienne'],['Nouvelle-Aquitaine'],COM,{86},{75}
89ca7b60-ce6f-4872-a827-88eedb015395,200059731,Commune de Pays de Belvès (24),false,{24035},Commune,2026-03-24 14:41:55.958138+01,gold_establishments_2025,,,,20005973100014,2025,Collectivité Territoriale,Commune,['Dordogne'],['Nouvelle-Aquitaine'],COM,{24},{75}
2eac3b95-6cdb-4fd9-b66d-f5175f2b36a4,200086288,Commune de Pays-de-Clerval (25),false,{25156},Commune,2026-03-24 14:41:56.495197+01,gold_establishments_2025,,,,20008628800012,2025,Collectivité Territoriale,Commune,['Doubs'],['Bourgogne-Franche-Comté'],COM,{25},{27}
7f0e684b-38d7-411d-837b-81bdb7ddf007,212503908,Commune de Pays-de-Montbenoît (25),false,{25390},Commune,2026-03-24 14:41:56.495197+01,gold_establishments_2025,,,,21250390800015,2025,Collectivité Territoriale,Commune,['Doubs'],['Bourgogne-Franche-Comté'],COM,{25},{27}
0fc13ba5-645f-4c63-8e9f-c3c761b5ad06,213104086,Commune de Payssous (31),false,{31408},Commune,2026-03-24 14:41:58.09424+01,gold_establishments_2025,,,,21310408600011,2025,Collectivité Territoriale,Commune,['Haute-Garonne'],['Occitanie'],COM,{31},{76}
d04c6847-3f58-46d1-8eb8-f1ced423bcb6,210701710,Commune de Payzac (07),false,{07171},Commune,2026-03-24 14:41:52.562531+01,gold_establishments_2025,,,,21070171000019,2025,Collectivité Territoriale,Commune,['Ardèche'],['Auvergne-Rhône-Alpes'],COM,{07},{84}
e0ec1124-9872-4c57-b571-bd063b89492e,212403208,Commune de Payzac (24),false,{24320},Commune,2026-03-24 14:41:55.958138+01,gold_establishments_2025,,,,21240320800011,2025,Collectivité Territoriale,Commune,['Dordogne'],['Nouvelle-Aquitaine'],COM,{24},{75}
8b241457-2496-4514-99bc-2e231601ac98,212403216,Commune de Pazayac (24),false,{24321},Commune,2026-03-24 14:41:55.958138+01,gold_establishments_2025,,,,21240321600014,2025,Collectivité Territoriale,Commune,['Dordogne'],['Nouvelle-Aquitaine'],COM,{24},{75}
4209a323-cb1a-43fe-882a-14f216a94b84,211102769,Commune de Paziols (11),false,{11276},Commune,2026-03-24 14:41:53.63825+01,gold_establishments_2025,,,,21110276900018,2025,Collectivité Territoriale,Commune,['Aude'],['Occitanie'],COM,{11},{76}
37bf3b8c-518b-4735-9889-8c5921cd8ada,215802083,Commune de Pazy (58),false,{58208},Commune,2026-03-24 14:42:04.280096+01,gold_establishments_2025,,,,21580208300018,2025,Collectivité Territoriale,Commune,['Nièvre'],['Bourgogne-Franche-Comté'],COM,{58},{27}
adb4fdc8-e09c-4135-96c1-5de658fabb96,210701728,Commune de Peaugres (07),false,{07172},Commune,2026-03-24 14:41:52.562531+01,gold_establishments_2025,,,,21070172800011,2025,Collectivité Territoriale,Commune,['Ardèche'],['Auvergne-Rhône-Alpes'],COM,{07},{84}
c0865cab-0531-47fc-a4b8-ba9c33d40c65,210902268,Commune de Pech (09),false,{09226},Commune,2026-03-24 14:41:53.095366+01,gold_establishments_2025,,,,21090226800015,2025,Collectivité Territoriale,Commune,['Ariège'],['Occitanie'],COM,{09},{76}
23c18a11-5d29-4e86-93a5-0f5bb9bd527e,211102785,Commune de Pech-Luna (11),false,{11278},Commune,2026-03-24 14:41:53.63825+01,gold_establishments_2025,,,,21110278500014,2025,Collectivité Territoriale,Commune,['Aude'],['Occitanie'],COM,{11},{76}
a86a848b-b707-454c-8e04-9534388c0e26,213104102,Commune de Pechbonnieu (31),false,{31410},Commune,2026-03-24 14:41:58.09424+01,gold_establishments_2025,,,,21310410200016,2025,Collectivité Territoriale,Commune,['Haute-Garonne'],['Occitanie'],COM,{31},{76}
424d531c-be8e-4824-bebb-0c94b0f5e347,213104110,Commune de Pechbusque (31),false,{31411},Commune,2026-03-24 14:41:58.09424+01,gold_establishments_2025,,,,21310411000019,2025,Collectivité Territoriale,Commune,['Haute-Garonne'],['Occitanie'],COM,{31},{76}
da43ea97-36a8-448d-825f-ea1e734329e9,200096378,Commune de Pechs-de-l'Espérance (24),false,{24325},Commune,2026-03-24 14:41:55.958138+01,gold_establishments_2025,,,,20009637800019,2025,Collectivité Territoriale,Commune,['Dordogne'],['Nouvelle-Aquitaine'],COM,{24},{75}
0fcbfeee-27ee-4577-b069-ad6fe55fd76f,215904566,Commune de Pecquencourt (59),false,{59456},Commune,2026-03-24 14:42:04.814328+01,gold_establishments_2025,,,,21590456600019,2025,Collectivité Territoriale,Commune,['Nord'],['Hauts-de-France'],COM,{59},{32}
fdcceba5-b9d0-4b58-8de5-dadc0fe7f942,219104825,Commune de Pecqueuse (91),false,{91482},Commune,2026-03-24 14:42:11.659493+01,gold_establishments_2025,,,,21910482500019,2025,Collectivité Territoriale,Commune,['Essonne'],['Île-de-France'],COM,{91},{11}
0f5df4fd-0095-489a-b647-9db14db96ad4,215202755,Commune de Peigney (52),false,{52380},Commune,2026-03-24 14:42:01.954481+01,gold_establishments_2025,,,,21520275500017,2025,Collectivité Territoriale,Commune,['Haute-Marne'],['Grand Est'],COM,{52},{44}
2165a44d-bb42-4f96-9146-dee73e53d3aa,215601543,Commune de Peillac (56),false,{56154},Commune,2026-03-24 14:42:03.701372+01,gold_establishments_2025,,,,21560154300014,2025,Collectivité Territoriale,Commune,['Morbihan'],['Bretagne'],COM,{56},{53}
789e7353-02aa-4f8a-b5b3-5e6cf0b2e44f,210600912,Commune de Peille (06),false,{06091},Commune,2026-03-24 14:41:52.562531+01,gold_establishments_2025,,,,21060091200013,2025,Collectivité Territoriale,Commune,['Alpes-Maritimes'],"[""Provence-Alpes-Côte d'Azur""]",COM,{06},{93}
ff2f5387-f4c6-4f83-b645-056f0b6eba96,210600920,Commune de Peillon (06),false,{06092},Commune,2026-03-24 14:41:52.562531+01,gold_establishments_2025,,,,21060092000016,2025,Collectivité Territoriale,Commune,['Alpes-Maritimes'],"[""Provence-Alpes-Côte d'Azur""]",COM,{06},{93}
213489bd-c3d4-4de5-970d-a240dc805f56,217402098,Commune de Peillonnex (74),false,{74209},Commune,2026-03-24 14:42:08.818969+01,gold_establishments_2025,,,,21740209800016,2025,Collectivité Territoriale,Commune,['Haute-Savoie'],['Auvergne-Rhône-Alpes'],COM,{74},{84}
303bfd00-03bd-4baf-88f8-a23ca2606d80,213904097,Commune de Peintre (39),false,{39409},Commune,2026-03-24 14:41:59.705606+01,gold_establishments_2025,,,,21390409700010,2025,Collectivité Territoriale,Commune,['Jura'],['Bourgogne-Franche-Comté'],COM,{39},{27}
f73eb136-1f52-4f9c-92fc-6ff280da384f,210401451,Commune de Peipin (04),false,{04145},Commune,2026-03-24 14:41:52.562531+01,gold_establishments_2025,,,,21040145100013,2025,Collectivité Territoriale,Commune,['Alpes-de-Haute-Provence'],"[""Provence-Alpes-Côte d'Azur""]",COM,{04},{93}
056f61b3-904a-402d-8e83-ff33af628a83,217301977,Commune de Peisey-Nancroix (73),false,{73197},Commune,2026-03-24 14:42:08.279287+01,gold_establishments_2025,,,,21730197700013,2025,Collectivité Territoriale,Commune,['Savoie'],['Auvergne-Rhône-Alpes'],COM,{73},{84}
2d49e1d6-d45f-401e-a1d6-1945c20484c7,211002753,Commune de Pel-et-Der (10),false,{10283},Commune,2026-03-24 14:41:53.095366+01,gold_establishments_2025,,,,21100275300013,2025,Collectivité Territoriale,Commune,['Aube'],['Grand Est'],COM,{10},{44}
afc0fa56-a2a9-44a2-93f9-e8e16886bf62,213802994,Commune de Pellafol (38),false,{38299},Commune,2026-03-24 14:41:59.160244+01,gold_establishments_2025,,,,21380299400011,2025,Collectivité Territoriale,Commune,['Isère'],['Auvergne-Rhône-Alpes'],COM,{38},{84}
b6461b55-ae3a-4684-ba19-19fd5dfcf1c9,210501003,Commune de Pelleautier (05),false,{05100},Commune,2026-03-24 14:41:52.562531+01,gold_establishments_2025,,,,21050100300011,2025,Collectivité Territoriale,Commune,['Hautes-Alpes'],"[""Provence-Alpes-Côte d'Azur""]",COM,{05},{93}
6d28ec58-1e96-46a8-bbd4-34698bb1607c,213203094,Commune de Pellefigue (32),false,{32309},Commune,2026-03-24 14:41:58.09424+01,gold_establishments_2025,,,,21320309400015,2025,Collectivité Territoriale,Commune,['Gers'],['Occitanie'],COM,{32},{76}
27a9060e-894f-4146-acdd-379507a7d8ce,213303167,Commune de Pellegrue (33),false,{33316},Commune,2026-03-24 14:41:58.620411+01,gold_establishments_2025,,,,21330316700018,2025,Collectivité Territoriale,Commune,['Gironde'],['Nouvelle-Aquitaine'],COM,{33},{75}
23e4d1b6-8da8-4b19-b3b7-e9230d73f07d,213104136,Commune de Pelleport (31),false,{31413},Commune,2026-03-24 14:41:58.09424+01,gold_establishments_2025,,,,21310413600014,2025,Collectivité Territoriale,Commune,['Haute-Garonne'],['Occitanie'],COM,{31},{76}
a873832f-99f0-405f-92ac-5f6b037f1872,212104798,Commune de Pellerey (21),false,{21479},Commune,2026-03-24 14:41:55.433389+01,gold_establishments_2025,,,,21210479800013,2025,Collectivité Territoriale,Commune,"[""Côte-d'Or""]",['Bourgogne-Franche-Comté'],COM,{21},{27}
eef8adec-6804-4f1f-b664-20a5b86eb177,213601552,Commune de Pellevoisin (36),false,{36155},Commune,2026-03-24 14:41:59.160244+01,gold_establishments_2025,,,,21360155200010,2025,Collectivité Territoriale,Commune,['Indre'],['Centre-Val de Loire'],COM,{36},{24}
4a3a3bc6-2a35-49ac-8cec-a8458eff964b,212602270,Commune de Pelonne (26),false,{26227},Commune,2026-03-24 14:41:56.495197+01,gold_establishments_2025,,,,21260227000010,2025,Collectivité Territoriale,Commune,['Drôme'],['Auvergne-Rhône-Alpes'],COM,{26},{84}
de5046b7-5eab-4ce6-a941-68bd6dd51caa,214801110,Commune de Pelouse (48),false,{48111},Commune,2026-03-24 14:42:01.412377+01,gold_establishments_2025,,,,21480111000013,2025,Collectivité Territoriale,Commune,['Lozère'],['Occitanie'],COM,{48},{76}
9c375c21-bff8-4f50-adc3-597b12edcd5b,212504484,Commune de Pelousey (25),false,{25448},Commune,2026-03-24 14:41:56.495197+01,gold_establishments_2025,,,,21250448400016,2025,Collectivité Territoriale,Commune,['Doubs'],['Bourgogne-Franche-Comté'],COM,{25},{27}
603af727-3e7c-4db9-8802-75fe17d49c58,215705344,Commune de Peltre (57),false,{57534},Commune,2026-03-24 14:42:04.280096+01,gold_establishments_2025,,,,21570534400012,2025,Collectivité Territoriale,Commune,['Moselle'],['Grand Est'],COM,{57},{44}
edadebec-8f5d-414e-b230-35ae332cb7b2,216206508,Commune de Pelves (62),false,{62650},Commune,2026-03-24 14:42:05.597325+01,gold_establishments_2025,,,,21620650800014,2025,Collectivité Territoriale,Commune,['Pas-de-Calais'],['Hauts-de-France'],COM,{62},{32}
5ab9ea94-7630-4280-9c2e-3e74f7db3e81,217703586,Commune de Penchard (77),false,{77358},Commune,2026-03-24 14:42:09.43682+01,gold_establishments_2025,,,,21770358600016,2025,Collectivité Territoriale,Commune,['Seine-et-Marne'],['Île-de-France'],COM,{77},{11}
45bdd8fd-204d-4b00-8334-1aa627a1f727,212901565,Commune de Pencran (29),false,{29156},Commune,2026-03-24 14:41:57.028721+01,gold_establishments_2025,,,,21290156500011,2025,Collectivité Territoriale,Commune,['Finistère'],['Bretagne'],COM,{29},{53}
13c34e9d-ebb6-481a-82ea-c3fd8c8c83b3,218005833,Commune de Pendé (80),false,{80618},Commune,2026-03-24 14:42:09.967209+01,gold_establishments_2025,,,,21800583300015,2025,Collectivité Territoriale,Commune,['Somme'],['Hauts-de-France'],COM,{80},{32}
217344e8-2f0b-4790-9030-3f8ac07f352a,212201651,Commune de Penguily (22),false,{22165},Commune,2026-03-24 14:41:55.433389+01,gold_establishments_2025,,,,21220165100016,2025,Collectivité Territoriale,Commune,"[""Côtes-d'Armor""]",['Bretagne'],COM,{22},{53}
88ba2387-7a01-45b6-b310-2a9edbb94890,216206516,Commune de Penin (62),false,{62651},Commune,2026-03-24 14:42:05.597325+01,gold_establishments_2025,,,,21620651600017,2025,Collectivité Territoriale,Commune,['Pas-de-Calais'],['Hauts-de-France'],COM,{62},{32}
dc99d72b-0b74-48f0-8702-877477e56c9c,212901581,Commune de Penmarch (29),false,{29158},Commune,2026-03-24 14:41:57.028721+01,gold_establishments_2025,,,,21290158100018,2025,Collectivité Territoriale,Commune,['Finistère'],['Bretagne'],COM,{29},{53}
e06e641c-4167-4f3b-a7b8-c73848df68dc,211102793,Commune de Pennautier (11),false,{11279},Commune,2026-03-24 14:41:53.63825+01,gold_establishments_2025,,,,21110279300018,2025,Collectivité Territoriale,Commune,['Aude'],['Occitanie'],COM,{11},{76}
322615cc-8977-4cc0-8176-e88dff2678a8,218102069,Commune de Penne (81),false,{81206},Commune,2026-03-24 14:42:09.967209+01,gold_establishments_2025,,,,21810206900018,2025,Collectivité Territoriale,Commune,['Tarn'],['Occitanie'],COM,{81},{76}
b38b29f7-ef85-4ef5-99a4-e8db9c4dd094,214702037,Commune de Penne-d'Agenais (47),false,{47203},Commune,2026-03-24 14:42:00.862623+01,gold_establishments_2025,,,,21470203700125,2025,Collectivité Territoriale,Commune,['Lot-et-Garonne'],['Nouvelle-Aquitaine'],COM,{47},{75}
9411bae7-7088-4ac4-b2d4-36c6cd15ac8b,211404926,Commune de Pennedepie (14),false,{14492},Commune,2026-03-24 14:41:54.362296+01,gold_establishments_2025,,,,21140492600019,2025,Collectivité Territoriale,Commune,['Calvados'],['Normandie'],COM,{14},{28}
9f13cfa0-9363-4e18-bc5f-97382c0c8f22,212602288,Commune de Pennes-le-Sec (26),false,{26228},Commune,2026-03-24 14:41:56.495197+01,gold_establishments_2025,,,,21260228800012,2025,Collectivité Territoriale,Commune,['Drôme'],['Auvergne-Rhône-Alpes'],COM,{26},{84}
001d67a9-b8ac-4363-a10c-14db53f9acd9,217004050,Commune de Pennesières (70),false,{70405},Commune,2026-03-24 14:42:07.735343+01,gold_establishments_2025,,,,21700405000019,2025,Collectivité Territoriale,Commune,['Haute-Saône'],['Bourgogne-Franche-Comté'],COM,{70},{27}
e1c45248-cce8-4ea7-9a52-a3839ddbdd46,213803000,Commune de Penol (38),false,{38300},Commune,2026-03-24 14:41:59.160244+01,gold_establishments_2025,,,,21380300000016,2025,Collectivité Territoriale,Commune,['Isère'],['Auvergne-Rhône-Alpes'],COM,{38},{84}
41568632-e246-4cf9-b0e5-11f6ea311101,218711505,Commune de Pensol (87),false,{87115},Commune,2026-03-24 14:42:11.118516+01,gold_establishments_2025,,,,21871150500014,2025,Collectivité Territoriale,Commune,['Haute-Vienne'],['Nouvelle-Aquitaine'],COM,{87},{75}
967e7c61-f451-497f-bbdf-f424e5b00fa4,212002067,Commune de Penta-Acquatella (2B),false,{2B206},Commune,2026-03-24 14:41:57.56054+01,gold_establishments_2025,,,,21200206700016,2025,Collectivité Territoriale,Commune,['Haute-Corse'],['Corse'],COM,{2B},{94}
d0f9fdd8-ed3e-484e-a74d-0001f8459576,212002075,Commune de Penta-di-Casinca (2B),false,{2B207},Commune,2026-03-24 14:41:57.56054+01,gold_establishments_2025,,,,21200207500019,2025,Collectivité Territoriale,Commune,['Haute-Corse'],['Corse'],COM,{2B},{94}
31505e4e-81aa-4020-904c-51b2c671b71c,212201669,Commune de Penvénan (22),false,{22166},Commune,2026-03-24 14:41:55.433389+01,gold_establishments_2025,,,,21220166900018,2025,Collectivité Territoriale,Commune,"[""Côtes-d'Armor""]",['Bretagne'],COM,{22},{53}
47953ec8-bd24-4067-b81d-0464e530c4b9,217202332,Commune de Peray (72),false,{72233},Commune,2026-03-24 14:42:08.279287+01,gold_establishments_2025,,,,21720233200011,2025,Collectivité Territoriale,Commune,['Sarthe'],['Pays de la Loire'],COM,{72},{52}
ca97b417-0212-4b9b-aa0e-8e624dda5d89,218904696,Commune de Perceneige (89),false,{89469},Commune,2026-03-24 14:42:11.659493+01,gold_establishments_2025,,,,21890469600018,2025,Collectivité Territoriale,Commune,['Yonne'],['Bourgogne-Franche-Comté'],COM,{89},{27}
5ca73f38-bf53-4381-a4a6-72bdca49d7aa,218902922,Commune de Percey (89),false,{89292},Commune,2026-03-24 14:42:11.659493+01,gold_establishments_2025,,,,21890292200010,2025,Collectivité Territoriale,Commune,['Yonne'],['Bourgogne-Franche-Comté'],COM,{89},{27}
8e4956d2-896b-43bf-a383-4706ac14f6ec,217004068,Commune de Percey-le-Grand (70),false,{70406},Commune,2026-03-24 14:42:07.735343+01,gold_establishments_2025,,,,21700406800011,2025,Collectivité Territoriale,Commune,['Haute-Saône'],['Bourgogne-Franche-Comté'],COM,{70},{27}
8d3ecde3-7a0c-48c4-a241-3700eda1861a,200053866,Commune de Perche en Nocé (61),false,{61309},Commune,2026-03-24 14:42:05.597325+01,gold_establishments_2025,,,,20005386600014,2025,Collectivité Territoriale,Commune,['Orne'],['Normandie'],COM,{61},{28}
f116c6aa-473e-477d-8420-8f6e2a063540,213203102,Commune de Perchède (32),false,{32310},Commune,2026-03-24 14:41:58.09424+01,gold_establishments_2025,,,,21320310200016,2025,Collectivité Territoriale,Commune,['Gers'],['Occitanie'],COM,{32},{76}
a2607a71-f9da-4a7e-85a4-ba0e7eac0ecb,200057214,Commune de Percy-en-Normandie (50),false,{50393},Commune,2026-03-24 14:42:01.412377+01,gold_establishments_2025,,,,20005721400013,2025,Collectivité Territoriale,Commune,['Manche'],['Normandie'],COM,{50},{28}
09c0ee5e-a7fc-4364-b154-68e9f633f5c5,217804848,Commune de Perdreauville (78),false,{78484},Commune,2026-03-24 14:42:09.43682+01,gold_establishments_2025,,,,21780484800018,2025,Collectivité Territoriale,Commune,['Yvelines'],['Île-de-France'],COM,{78},{11}
b6dac296-e366-4c3f-bd6e-073b6b7798db,212002083,Commune de Perelli (2B),false,{2B208},Commune,2026-03-24 14:41:57.56054+01,gold_establishments_2025,,,,21200208300013,2025,Collectivité Territoriale,Commune,['Haute-Corse'],['Corse'],COM,{2B},{94}
d302280e-4938-429a-802f-19998da134f6,213203110,Commune de Pergain-Taillac (32),false,{32311},Commune,2026-03-24 14:41:58.09424+01,gold_establishments_2025,,,,21320311000019,2025,Collectivité Territoriale,Commune,['Gers'],['Occitanie'],COM,{32},{76}
7640313c-6a82-4ad0-a524-2608bfd88d6f,212002091,Commune de Peri (2A),false,{2A209},Commune,2026-03-24 14:41:57.56054+01,gold_establishments_2025,,,,21200209100016,2025,Collectivité Territoriale,Commune,['Corse-du-Sud'],['Corse'],COM,{2A},{94}
24b02a43-d7bd-4fc0-ad66-815f99331702,210902284,Commune de Perles-et-Castelet (09),false,{09228},Commune,2026-03-24 14:41:53.095366+01,gold_establishments_2025,,,,21090228400012,2025,Collectivité Territoriale,Commune,['Ariège'],['Occitanie'],COM,{09},{76}
116a42ce-24ab-409a-9034-6445d8dc6add,214602179,Commune de Pern (nan),false,{46217},Commune,2026-03-24 14:42:00.862623+01,gold_establishments_2025,,,,21460217900019,2025,Collectivité Territoriale,Commune,[''],[''],COM,,
f5e6d205-0710-452d-87ec-d3b11122986f,214601726,Commune de Pern-Lhospitalet (46),false,{46172},Commune,2026-03-24 14:42:00.862623+01,gold_establishments_2025,,,,21460172600018,2025,Collectivité Territoriale,Commune,['Lot'],['Occitanie'],COM,{46},{76}
6609cad9-be33-4974-ad37-ed7581b1596b,212104806,Commune de Pernand-Vergelesses (21),false,{21480},Commune,2026-03-24 14:41:55.433389+01,gold_establishments_2025,,,,21210480600014,2025,Collectivité Territoriale,Commune,"[""Côte-d'Or""]",['Bourgogne-Franche-Comté'],COM,{21},{27}
781b2a5d-57a3-444f-8351-1f7ebdee8cfc,210205753,Commune de Pernant (02),false,{02598},Commune,2026-03-24 14:41:52.020251+01,gold_establishments_2025,,,,21020575300010,2025,Collectivité Territoriale,Commune,['Aisne'],['Hauts-de-France'],COM,{02},{32}
a0de0b1f-f86b-40e1-ab58-abe7625e974e,213701824,Commune de Pernay (37),false,{37182},Commune,2026-03-24 14:41:59.160244+01,gold_establishments_2025,,,,21370182400012,2025,Collectivité Territoriale,Commune,['Indre-et-Loire'],['Centre-Val de Loire'],COM,{37},{24}
d13d28d1-6f2a-40f5-9bf3-6a14f3503210,216206524,Commune de Pernes (62),false,{62652},Commune,2026-03-24 14:42:05.597325+01,gold_establishments_2025,,,,21620652400011,2025,Collectivité Territoriale,Commune,['Pas-de-Calais'],['Hauts-de-France'],COM,{62},{32}
0f0f3b0d-7713-4554-b700-76e3a915113b,218400885,Commune de Pernes-les-Fontaines (84),false,{84088},Commune,2026-03-24 14:42:10.508772+01,gold_establishments_2025,,,,21840088500016,2025,Collectivité Territoriale,Commune,['Vaucluse'],"[""Provence-Alpes-Côte d'Azur""]",COM,{84},{93}
82f88355-4d33-4c2a-a99d-8742ef0ed260,216206532,Commune de Pernes-lès-Boulogne (62),false,{62653},Commune,2026-03-24 14:42:05.597325+01,gold_establishments_2025,,,,21620653200014,2025,Collectivité Territoriale,Commune,['Pas-de-Calais'],['Hauts-de-France'],COM,{62},{32}
0c9da7bf-d12a-4e98-99bc-57d3294fda52,218005841,Commune de Pernois (80),false,{80619},Commune,2026-03-24 14:42:09.967209+01,gold_establishments_2025,,,,21800584100018,2025,Collectivité Territoriale,Commune,['Somme'],['Hauts-de-France'],COM,{80},{32}
8594b00f-7d03-4352-b5ee-aadb77a1fc6a,212002109,Commune de Pero-Casevecchie (2B),false,{2B210},Commune,2026-03-24 14:41:57.56054+01,gold_establishments_2025,,,,21200210900016,2025,Collectivité Territoriale,Commune,['Haute-Corse'],['Corse'],COM,{2B},{94}
493614b6-4840-45bc-9ce6-5d702d5e343a,211916101,Commune de Perpezac-le-Blanc (19),false,{19161},Commune,2026-03-24 14:41:54.903238+01,gold_establishments_2025,,,,21191610100010,2025,Collectivité Territoriale,Commune,['Corrèze'],['Nouvelle-Aquitaine'],COM,{19},{75}
925ea574-4581-483d-ba9c-df4f273159ee,211916200,Commune de Perpezac-le-Noir (19),false,{19162},Commune,2026-03-24 14:41:54.903238+01,gold_establishments_2025,,,,21191620000010,2025,Collectivité Territoriale,Commune,['Corrèze'],['Nouvelle-Aquitaine'],COM,{19},{75}
3f3251c5-ac6d-441e-9904-6e2b5bf0bef7,216302745,Commune de Perpezat (63),false,{63274},Commune,2026-03-24 14:42:06.130387+01,gold_establishments_2025,,,,21630274500015,2025,Collectivité Territoriale,Commune,['Puy-de-Dôme'],['Auvergne-Rhône-Alpes'],COM,{63},{84}
9ac52b11-43b7-4c87-8a9c-65750c48307f,216601369,Commune de Perpignan (66),false,{66136},Commune,2026-03-24 14:42:06.665412+01,gold_establishments_2025,,,,21660136900012,2025,Collectivité Territoriale,Commune,['Pyrénées-Orientales'],['Occitanie'],COM,{66},{76}
ecb5b7aa-2ca5-4e41-a396-a175dbd75369,214002214,Commune de Perquie (40),false,{40221},Commune,2026-03-24 14:41:59.705606+01,gold_establishments_2025,,,,21400221400010,2025,Collectivité Territoriale,Commune,['Landes'],['Nouvelle-Aquitaine'],COM,{40},{75}
d890b391-ebc4-4a28-8105-f746d929e8c4,215202763,Commune de Perrancey-les-Vieux-Moulins (52),false,{52383},Commune,2026-03-24 14:42:01.954481+01,gold_establishments_2025,,,,21520276300011,2025,Collectivité Territoriale,Commune,['Haute-Marne'],['Grand Est'],COM,{52},{44}
4a42fe01-918a-45a3-9f22-4bdebd34d8db,217103464,Commune de Perrecy-les-Forges (71),false,{71346},Commune,2026-03-24 14:42:07.735343+01,gold_establishments_2025,,,,21710346400012,2025,Collectivité Territoriale,Commune,['Saône-et-Loire'],['Bourgogne-Franche-Comté'],COM,{71},{27}
c163ab4f-173e-4811-be0a-3bb931b162ea,217103472,Commune de Perreuil (71),false,{71347},Commune,2026-03-24 14:42:07.735343+01,gold_establishments_2025,,,,21710347200015,2025,Collectivité Territoriale,Commune,['Saône-et-Loire'],['Bourgogne-Franche-Comté'],COM,{71},{27}
8827ac60-eb02-42d8-aad3-aa7695ee8d3a,214201709,Commune de Perreux (42),false,{42170},Commune,2026-03-24 14:42:00.273698+01,gold_establishments_2025,,,,21420170900018,2025,Collectivité Territoriale,Commune,['Loire'],['Auvergne-Rhône-Alpes'],COM,{42},{84}
2cab5771-9404-43d6-a8d1-2ba4ae21645f,210102919,Commune de Perrex (01),false,{01291},Commune,2026-03-24 14:41:51.447482+01,gold_establishments_2025,,,,21010291900011,2025,Collectivité Territoriale,Commune,['Ain'],['Auvergne-Rhône-Alpes'],COM,{01},{84}
6323e7fe-90e0-4275-b568-7cda58bc8130,216302752,Commune de Perrier (63),false,{63275},Commune,2026-03-24 14:42:06.130387+01,gold_establishments_2025,,,,21630275200011,2025,Collectivité Territoriale,Commune,['Puy-de-Dôme'],['Auvergne-Rhône-Alpes'],COM,{63},{84}
1c69433e-93fa-497b-aa8f-b34a47747d24,215003971,Commune de Perriers-en-Beauficel (50),false,{50397},Commune,2026-03-24 14:42:01.412377+01,gold_establishments_2025,,,,21500397100011,2025,Collectivité Territoriale,Commune,['Manche'],['Normandie'],COM,{50},{28}
0152f24b-c4ad-4a41-9083-34da8adaae55,212704530,Commune de Perriers-sur-Andelle (27),false,{27453},Commune,2026-03-24 14:41:57.028721+01,gold_establishments_2025,,,,21270453000014,2025,Collectivité Territoriale,Commune,['Eure'],['Normandie'],COM,{27},{28}
58a60908-69da-4b5a-bbcb-409a74825da7,217402106,Commune de Perrignier (74),false,{74210},Commune,2026-03-24 14:42:08.818969+01,gold_establishments_2025,,,,21740210600017,2025,Collectivité Territoriale,Commune,['Haute-Savoie'],['Auvergne-Rhône-Alpes'],COM,{74},{84}
75d2317c-cff7-46f9-ba8b-5d9176d7bb59,213904113,Commune de Perrigny (39),false,{39411},Commune,2026-03-24 14:41:59.705606+01,gold_establishments_2025,,,,21390411300080,2025,Collectivité Territoriale,Commune,['Jura'],['Bourgogne-Franche-Comté'],COM,{39},{27}
1ad9b244-927f-4ed3-8d97-921fe6971318,218902955,Commune de Perrigny (89),false,{89295},Commune,2026-03-24 14:42:11.659493+01,gold_establishments_2025,,,,21890295500010,2025,Collectivité Territoriale,Commune,['Yonne'],['Bourgogne-Franche-Comté'],COM,{89},{27}
24ac21cb-fd03-42ff-8629-bdaf1ec184a1,212104814,Commune de Perrigny-lès-Dijon (21),false,{21481},Commune,2026-03-24 14:41:55.433389+01,gold_establishments_2025,,,,21210481400018,2025,Collectivité Territoriale,Commune,"[""Côte-d'Or""]",['Bourgogne-Franche-Comté'],COM,{21},{27}
df0fd7f0-9bde-423c-bcbc-9de79da9db7c,218902963,Commune de Perrigny-sur-Armançon (89),false,{89296},Commune,2026-03-24 14:42:11.659493+01,gold_establishments_2025,,,,21890296300014,2025,Collectivité Territoriale,Commune,['Yonne'],['Bourgogne-Franche-Comté'],COM,{89},{27}
2113f463-2507-43ba-b53b-94a9f91b3dff,217103480,Commune de Perrigny-sur-Loire (71),false,{71348},Commune,2026-03-24 14:42:07.735343+01,gold_establishments_2025,,,,21710348000018,2025,Collectivité Territoriale,Commune,['Saône-et-Loire'],['Bourgogne-Franche-Comté'],COM,{71},{27}
23705601-9e15-44c9-ba54-ec0225c99430,212104822,Commune de Perrigny-sur-l'Ognon (21),false,{21482},Commune,2026-03-24 14:41:55.433389+01,gold_establishments_2025,,,,21210482200011,2025,Collectivité Territoriale,Commune,"[""Côte-d'Or""]",['Bourgogne-Franche-Comté'],COM,{21},{27}
9e5724fe-1116-45f7-8f38-2627218abf23,211404975,Commune de Perrières (14),false,{14497},Commune,2026-03-24 14:41:54.362296+01,gold_establishments_2025,,,,21140497500016,2025,Collectivité Territoriale,Commune,['Calvados'],['Normandie'],COM,{14},{28}
b9fd68f3-d037-43bf-8e23-916f5ab78bcf,215202771,Commune de Perrogney-les-Fontaines (52),false,{52384},Commune,2026-03-24 14:42:01.954481+01,gold_establishments_2025,,,,21520277100014,2025,Collectivité Territoriale,Commune,['Haute-Marne'],['Grand Est'],COM,{52},{44}
cd5719c6-9c98-4235-b7f7-0313af307432,212201685,Commune de Perros-Guirec (22),false,{22168},Commune,2026-03-24 14:41:55.433389+01,gold_establishments_2025,,,,21220168500014,2025,Collectivité Territoriale,Commune,"[""Côtes-d'Armor""]",['Bretagne'],COM,{22},{53}
d3a37288-49c1-4460-8ac4-e654d06f0276,216103267,Commune de Perrou (61),false,{61326},Commune,2026-03-24 14:42:05.597325+01,gold_establishments_2025,,,,21610326700011,2025,Collectivité Territoriale,Commune,['Orne'],['Normandie'],COM,{61},{28}
a6534676-a741-4e4c-9ac5-290286222427,217004076,Commune de Perrouse (70),false,{70407},Commune,2026-03-24 14:42:07.735343+01,gold_establishments_2025,,,,21700407600014,2025,Collectivité Territoriale,Commune,['Haute-Saône'],['Bourgogne-Franche-Comté'],COM,{70},{27}
f7f79de7-07ba-401f-932b-dfe0b0f83174,215802091,Commune de Perroy (58),false,{58209},Commune,2026-03-24 14:42:04.280096+01,gold_establishments_2025,,,,21580209100011,2025,Collectivité Territoriale,Commune,['Nièvre'],['Bourgogne-Franche-Comté'],COM,{58},{27}
b4f87abc-1307-405c-9f0a-4feb451d86cb,212704548,Commune de Perruel (27),false,{27454},Commune,2026-03-24 14:41:57.028721+01,gold_establishments_2025,,,,21270454800016,2025,Collectivité Territoriale,Commune,['Eure'],['Normandie'],COM,{27},{28}
59d5e177-fa5b-4614-8c1f-0eb70f1443aa,215202789,Commune de Perrusse (52),false,{52385},Commune,2026-03-24 14:42:01.954481+01,gold_establishments_2025,,,,21520278900016,2025,Collectivité Territoriale,Commune,['Haute-Marne'],['Grand Est'],COM,{52},{44}
a6de6aa9-cf9a-4074-b5e9-6d65c4a5d6a5,213701832,Commune de Perrusson (37),false,{37183},Commune,2026-03-24 14:41:59.160244+01,gold_establishments_2025,,,,21370183200015,2025,Collectivité Territoriale,Commune,['Indre-et-Loire'],['Centre-Val de Loire'],COM,{37},{24}
33690b89-24f2-4bd3-81e8-e4a21ec557c9,217902055,Commune de Pers (nan),false,{79205},Commune,2026-03-24 14:42:09.43682+01,gold_establishments_2025,,,,21790205500011,2025,Collectivité Territoriale,Commune,[''],[''],COM,,
dc6f1256-331f-4a5e-bee2-715be060fd34,217402114,Commune de Pers-Jussy (74),false,{74211},Commune,2026-03-24 14:42:08.818969+01,gold_establishments_2025,,,,21740211400011,2025,Collectivité Territoriale,Commune,['Haute-Savoie'],['Auvergne-Rhône-Alpes'],COM,{74},{84}
a7a5a4b7-3714-48b5-997f-e9c3624a5e86,214502502,Commune de Pers-en-Gâtinais (45),false,{45250},Commune,2026-03-24 14:42:00.862623+01,gold_establishments_2025,,,,21450250200013,2025,Collectivité Territoriale,Commune,['Loiret'],['Centre-Val de Loire'],COM,{45},{24}
2837f0c3-386d-4a5d-9d04-7f6bb56393fd,218601904,Commune de Persac (86),false,{86190},Commune,2026-03-24 14:42:10.508772+01,gold_establishments_2025,,,,21860190400012,2025,Collectivité Territoriale,Commune,['Vienne'],['Nouvelle-Aquitaine'],COM,{86},{75}
c117c4de-d6a9-46b0-b193-9f9001fbbe16,219504875,Commune de Persan (95),false,{95487},Commune,2026-03-24 14:42:11.659493+01,gold_establishments_2025,,,,21950487500010,2025,Collectivité Territoriale,Commune,"[""Val-d'Oise""]",['Île-de-France'],COM,{95},{11}
14960c08-4817-4e9c-afc7-d989d0cc5981,215601568,Commune de Persquen (56),false,{56156},Commune,2026-03-24 14:42:03.701372+01,gold_establishments_2025,,,,21560156800011,2025,Collectivité Territoriale,Commune,['Morbihan'],['Bretagne'],COM,{56},{53}
030d291b-31af-4435-899a-5c3b4c6c8895,210803052,Commune de Perthes (08),false,{08339},Commune,2026-03-24 14:41:53.095366+01,gold_establishments_2025,,,,21080305200013,2025,Collectivité Territoriale,Commune,['Ardennes'],['Grand Est'],COM,{08},{44}
29eb83d1-6742-4522-bd0f-a31bd91de40e,215202797,Commune de Perthes (52),false,{52386},Commune,2026-03-24 14:42:01.954481+01,gold_establishments_2025,,,,21520279700019,2025,Collectivité Territoriale,Commune,['Haute-Marne'],['Grand Est'],COM,{52},{44}
6ae6cd62-06d6-4381-b6b8-3e39b81a4587,217703594,Commune de Perthes (77),false,{77359},Commune,2026-03-24 14:42:09.43682+01,gold_establishments_2025,,,,21770359400010,2025,Collectivité Territoriale,Commune,['Seine-et-Marne'],['Île-de-France'],COM,{77},{11}
66c0a3ab-f854-49c5-ba04-95f402da990d,211002779,Commune de Perthes-lès-Brienne (10),false,{10285},Commune,2026-03-24 14:41:53.095366+01,gold_establishments_2025,,,,21100277900018,2025,Collectivité Territoriale,Commune,['Aube'],['Grand Est'],COM,{10},{44}
59d3893c-b074-4b34-a50c-9bac7861c433,211404983,Commune de Pertheville-Ners (14),false,{14498},Commune,2026-03-24 14:41:54.362296+01,gold_establishments_2025,,,,21140498300010,2025,Collectivité Territoriale,Commune,['Calvados'],['Normandie'],COM,{14},{28}
44d5bdc2-7738-437f-b6c7-fdea95a8216b,218400893,Commune de Pertuis (84),false,{84089},Commune,2026-03-24 14:42:10.508772+01,gold_establishments_2025,,,,21840089300010,2025,Collectivité Territoriale,Commune,['Vaucluse'],"[""Provence-Alpes-Côte d'Azur""]",COM,{84},{93}
c8a19690-b1d4-4c29-be15-ce403b0f77b7,216103275,Commune de Pervenchères (61),false,{61327},Commune,2026-03-24 14:42:05.597325+01,gold_establishments_2025,,,,21610327500014,2025,Collectivité Territoriale,Commune,['Orne'],['Normandie'],COM,{61},{28}
8250a345-2e5e-41ee-b8c7-cf92c1904575,218201382,Commune de Perville (82),false,{82138},Commune,2026-03-24 14:42:10.508772+01,gold_establishments_2025,,,,21820138200015,2025,Collectivité Territoriale,Commune,['Tarn-et-Garonne'],['Occitanie'],COM,{82},{76}
2b395094-1fc9-44da-b1ea-59072ddb3009,214602187,Commune de Pescadoires (46),false,{46218},Commune,2026-03-24 14:42:00.862623+01,gold_establishments_2025,,,,21460218700012,2025,Collectivité Territoriale,Commune,['Lot'],['Occitanie'],COM,{46},{76}
acefc1b6-fa47-4fdb-8f34-3fe5e94d591c,216302760,Commune de Peschadoires (63),false,{63276},Commune,2026-03-24 14:42:06.130387+01,gold_establishments_2025,,,,21630276000014,2025,Collectivité Territoriale,Commune,['Puy-de-Dôme'],['Auvergne-Rhône-Alpes'],COM,{63},{84}
b917c092-d876-451c-a03a-17f9ac12527e,213904121,Commune de Peseux (39),false,{39412},Commune,2026-03-24 14:41:59.705606+01,gold_establishments_2025,,,,21390412100018,2025,Collectivité Territoriale,Commune,['Jura'],['Bourgogne-Franche-Comté'],COM,{39},{27}
71ec1c98-806a-4778-a607-dce4ba4d8ca4,216302778,Commune de Peslières (63),false,{63277},Commune,2026-03-24 14:42:06.130387+01,gold_establishments_2025,,,,21630277800016,2025,Collectivité Territoriale,Commune,['Puy-de-Dôme'],['Auvergne-Rhône-Alpes'],COM,{63},{84}
c9df380c-7c13-469c-8d2d-56c903d44723,217004084,Commune de Pesmes (70),false,{70408},Commune,2026-03-24 14:42:07.735343+01,gold_establishments_2025,,,,21700408400018,2025,Collectivité Territoriale,Commune,['Haute-Saône'],['Bourgogne-Franche-Comté'],COM,{70},{27}
1634278c-8fcd-404f-8271-0584b820057b,213303183,Commune de Pessac (33),false,{33318},Commune,2026-03-24 14:41:58.620411+01,gold_establishments_2025,,,,21330318300015,2025,Collectivité Territoriale,Commune,['Gironde'],['Nouvelle-Aquitaine'],COM,{33},{75}
56efcbc3-1738-4d60-8a5c-cc014bc3d6fa,213303191,Commune de Pessac-sur-Dordogne (33),false,{33319},Commune,2026-03-24 14:41:58.620411+01,gold_establishments_2025,,,,21330319100018,2025,Collectivité Territoriale,Commune,['Gironde'],['Nouvelle-Aquitaine'],COM,{33},{75}
e35b119d-1643-4525-a1d5-901721d3e1aa,213203128,Commune de Pessan (32),false,{32312},Commune,2026-03-24 14:41:58.09424+01,gold_establishments_2025,,,,21320312800011,2025,Collectivité Territoriale,Commune,['Gers'],['Occitanie'],COM,{32},{76}
a0f92826-c5af-4681-9611-c8b7284f3d9a,212504500,Commune de Pessans (25),false,{25450},Commune,2026-03-24 14:41:56.495197+01,gold_establishments_2025,,,,21250450000019,2025,Collectivité Territoriale,Commune,['Doubs'],['Bourgogne-Franche-Comté'],COM,{25},{27}
56b90ed6-1c21-48aa-bb03-b59d05f94ba2,216302786,Commune de Pessat-Villeneuve (63),false,{63278},Commune,2026-03-24 14:42:06.130387+01,gold_establishments_2025,,,,21630278600019,2025,Collectivité Territoriale,Commune,['Puy-de-Dôme'],['Auvergne-Rhône-Alpes'],COM,{63},{84}
b6dd00d7-403d-4941-885c-e5ffec6baaee,211702758,Commune de Pessines (17),false,{17275},Commune,2026-03-24 14:41:54.903238+01,gold_establishments_2025,,,,21170275800015,2025,Collectivité Territoriale,Commune,['Charente-Maritime'],['Nouvelle-Aquitaine'],COM,{17},{75}
16908543-7a43-46a3-a019-6277e7e7b18c,213203136,Commune de Pessoulens (32),false,{32313},Commune,2026-03-24 14:41:58.09424+01,gold_establishments_2025,,,,21320313600014,2025,Collectivité Territoriale,Commune,['Gers'],['Occitanie'],COM,{32},{76}
468c20b9-8699-4e72-b1fd-15f83c3d7f41,216703702,Commune de Petersbach (67),false,{67370},Commune,2026-03-24 14:42:07.195692+01,gold_establishments_2025,,,,21670370200011,2025,Collectivité Territoriale,Commune,['Bas-Rhin'],['Grand Est'],COM,{67},{44}
269cf913-2f65-4997-8f01-5c27cd56244d,214401218,Commune de Petit-Auverné (44),false,{44121},Commune,2026-03-24 14:42:00.273698+01,gold_establishments_2025,,,,21440121800018,2025,Collectivité Territoriale,Commune,['Loire-Atlantique'],['Pays de la Loire'],COM,{44},{52}
14716828-1dc5-419a-a4e3-ea37b74ba88a,212403232,Commune de Petit-Bersac (24),false,{24323},Commune,2026-03-24 14:41:55.958138+01,gold_establishments_2025,,,,21240323200011,2025,Collectivité Territoriale,Commune,['Dordogne'],['Nouvelle-Aquitaine'],COM,{24},{75}
3a5016bd-785f-4ead-8457-bf916914c744,219711181,Commune de Petit-Bourg (971),false,{97118},Commune,2026-03-24 14:42:11.659493+01,gold_establishments_2025,,,,21971118100012,2025,Collectivité Territoriale,Commune,['Guadeloupe'],['Guadeloupe'],COM,{971},{01}
87ff4b10-d9eb-42e9-98d8-757bf36fbbe4,219711199,Commune de Petit-Canal (971),false,{97119},Commune,2026-03-24 14:42:11.659493+01,gold_establishments_2025,,,,21971119900014,2025,Collectivité Territoriale,Commune,['Guadeloupe'],['Guadeloupe'],COM,{971},{01}
8ec60e2c-a745-4dce-8afb-88a29c1e5cdb,200056943,Commune de Petit-Caux (76),false,{76618},Commune,2026-03-24 14:42:08.818969+01,gold_establishments_2025,,,,20005694300018,2025,Collectivité Territoriale,Commune,['Seine-Maritime'],['Normandie'],COM,{76},{28}
d1f13a47-9812-435f-97ed-257050232fd1,217604974,Commune de Petit-Couronne (76),false,{76497},Commune,2026-03-24 14:42:08.818969+01,gold_establishments_2025,,,,21760497400014,2025,Collectivité Territoriale,Commune,['Seine-Maritime'],['Normandie'],COM,{76},{28}
5906d7c8-1ec2-4a91-b2cb-499640422035,219000775,Commune de Petit-Croix (90),false,{90077},Commune,2026-03-24 14:42:11.659493+01,gold_establishments_2025,,,,21900077500011,2025,Collectivité Territoriale,Commune,['Territoire de Belfort'],['Bourgogne-Franche-Comté'],COM,{90},{27}
9f239a01-c138-40f0-8a56-87f899acdb45,215404203,Commune de Petit-Failly (54),false,{54420},Commune,2026-03-24 14:42:02.957225+01,gold_establishments_2025,,,,21540420300048,2025,Collectivité Territoriale,Commune,['Meurthe-et-Moselle'],['Grand Est'],COM,{54},{44}
315f3077-be0e-4519-805c-4669eafbc01a,215904616,Commune de Petit-Fayt (59),false,{59461},Commune,2026-03-24 14:42:04.814328+01,gold_establishments_2025,,,,21590461600012,2025,Collectivité Territoriale,Commune,['Nord'],['Hauts-de-France'],COM,{59},{32}
1bb3f3a8-4485-4525-85e3-ff7bdeabe392,216802546,Commune de Petit-Landau (68),false,{68254},Commune,2026-03-24 14:42:07.195692+01,gold_establishments_2025,,,,21680254600012,2025,Collectivité Territoriale,Commune,['Haut-Rhin'],['Grand Est'],COM,{68},{44}
3a58d9e0-1951-413c-8aac-6f4f854266ed,214401226,Commune de Petit-Mars (44),false,{44122},Commune,2026-03-24 14:42:00.273698+01,gold_establishments_2025,,,,21440122600011,2025,Collectivité Territoriale,Commune,['Loire-Atlantique'],['Pays de la Loire'],COM,{44},{52}
0bffd175-b2c7-47db-af87-119d0501d9b9,211002787,Commune de Petit-Mesnil (10),false,{10286},Commune,2026-03-24 14:41:53.095366+01,gold_establishments_2025,,,,21100278700011,2025,Collectivité Territoriale,Commune,['Aube'],['Grand Est'],COM,{10},{44}
4dd9dac2-b9d7-418f-b5f0-7beb8a60056a,213904154,Commune de Petit-Noir (39),false,{39415},Commune,2026-03-24 14:41:59.705606+01,gold_establishments_2025,,,,21390415400076,2025,Collectivité Territoriale,Commune,['Jura'],['Bourgogne-Franche-Comté'],COM,{39},{27}
8a7a5273-38c9-4da8-a2a1-3abd7694450b,213303209,Commune de Petit-Palais-et-Cornemps (33),false,{33320},Commune,2026-03-24 14:41:58.620411+01,gold_establishments_2025,,,,21330320900018,2025,Collectivité Territoriale,Commune,['Gironde'],['Nouvelle-Aquitaine'],COM,{33},{75}
21084f2f-7bc8-4ad8-8df0-06fa9c22488a,215705351,Commune de Petit-Réderching (57),false,{57535},Commune,2026-03-24 14:42:04.280096+01,gold_establishments_2025,,,,21570535100017,2025,Collectivité Territoriale,Commune,['Moselle'],['Grand Est'],COM,{57},{44}
75ef61a0-09cb-46a2-ad65-c9bd7cf269ec,215705369,Commune de Petit-Tenquin (57),false,{57536},Commune,2026-03-24 14:42:04.280096+01,gold_establishments_2025,,,,21570536900019,2025,Collectivité Territoriale,Commune,['Moselle'],['Grand Est'],COM,{57},{44}
70943316-c304-481a-93db-8b7f7e568a68,210207577,Commune de Petit-Verly (02),false,{02784},Commune,2026-03-24 14:41:52.020251+01,gold_establishments_2025,,,,21020757700011,2025,Collectivité Territoriale,Commune,['Aisne'],['Hauts-de-France'],COM,{02},{32}
d8c44879-bd8f-470a-b15e-acd4e7d7b7ad,212504518,Commune de Petite-Chaux (25),false,{25451},Commune,2026-03-24 14:41:56.495197+01,gold_establishments_2025,,,,21250451800011,2025,Collectivité Territoriale,Commune,['Doubs'],['Bourgogne-Franche-Comté'],COM,{25},{27}
1a235e6e-c561-4fcb-9f2f-4d93b6614f36,215904590,Commune de Petite-Forêt (59),false,{59459},Commune,2026-03-24 14:42:04.814328+01,gold_establishments_2025,,,,21590459000019,2025,Collectivité Territoriale,Commune,['Nord'],['Hauts-de-France'],COM,{59},{32}
dc15e485-6e5d-4866-88e2-e6cc80e268eb,215705377,Commune de Petite-Rosselle (57),false,{57537},Commune,2026-03-24 14:42:04.280096+01,gold_establishments_2025,,,,21570537700012,2025,Collectivité Territoriale,Commune,['Moselle'],['Grand Est'],COM,{57},{44}
530b2dd2-6f3d-4765-b653-46ab9953a202,219740057,Commune de Petite-Île (974),false,{97405},Commune,2026-03-24 14:42:11.659493+01,gold_establishments_2025,,,,21974005700019,2025,Collectivité Territoriale,Commune,['La Réunion'],['La Réunion'],COM,{974},{04}
8ff34218-0ad9-454a-ab21-c6ac727e798f,219000783,Commune de Petitefontaine (90),false,{90078},Commune,2026-03-24 14:42:11.659493+01,gold_establishments_2025,,,,21900078300015,2025,Collectivité Territoriale,Commune,['Territoire de Belfort'],['Bourgogne-Franche-Comté'],COM,{90},{27}
aef9e5a8-103b-4b1f-a5f6-ae72b06cd1da,219000791,Commune de Petitmagny (90),false,{90079},Commune,2026-03-24 14:42:11.659493+01,gold_establishments_2025,,,,21900079100018,2025,Collectivité Territoriale,Commune,['Territoire de Belfort'],['Bourgogne-Franche-Comté'],COM,{90},{27}
1baa3407-ef92-4126-9d02-963f2713b2bb,215404211,Commune de Petitmont (54),false,{54421},Commune,2026-03-24 14:42:02.957225+01,gold_establishments_2025,,,,21540421100017,2025,Collectivité Territoriale,Commune,['Meurthe-et-Moselle'],['Grand Est'],COM,{54},{44}
be9f8ae4-d818-41f2-b7a0-265c96650aeb,211404991,Commune de Petiville (14),false,{14499},Commune,2026-03-24 14:41:54.362296+01,gold_establishments_2025,,,,21140499100013,2025,Collectivité Territoriale,Commune,['Calvados'],['Normandie'],COM,{14},{28}
b842b927-9019-417f-bc2c-de8829a55101,217604990,Commune de Petiville (76),false,{76499},Commune,2026-03-24 14:42:08.818969+01,gold_establishments_2025,,,,21760499000010,2025,Collectivité Territoriale,Commune,['Seine-Maritime'],['Normandie'],COM,{76},{28}
f8312ef5-12b3-4c98-b819-5a2015b2e4c0,218501740,Commune de Petosse (85),false,{85174},Commune,2026-03-24 14:42:10.508772+01,gold_establishments_2025,,,,21850174000011,2025,Collectivité Territoriale,Commune,['Vendée'],['Pays de la Loire'],COM,{85},{52}
3af3cd7c-21d9-48ff-8d66-5d48b2a9a03c,212002117,Commune de Petreto-Bicchisano (2A),false,{2A211},Commune,2026-03-24 14:41:57.56054+01,gold_establishments_2025,,,,21200211700019,2025,Collectivité Territoriale,Commune,['Corse-du-Sud'],['Corse'],COM,{2A},{94}
e78249d8-b21f-4046-a360-d7abe3b7981c,215705385,Commune de Pettoncourt (57),false,{57538},Commune,2026-03-24 14:42:04.280096+01,gold_establishments_2025,,,,21570538500015,2025,Collectivité Territoriale,Commune,['Moselle'],['Grand Est'],COM,{57},{44}
468689cb-be13-4667-8748-286908cd1758,215404229,Commune de Pettonville (54),false,{54422},Commune,2026-03-24 14:42:02.957225+01,gold_establishments_2025,,,,21540422900019,2025,Collectivité Territoriale,Commune,['Meurthe-et-Moselle'],['Grand Est'],COM,{54},{44}
db7fe109-38c4-4db9-9257-080aaadee0f4,213303217,Commune de Peujard (33),false,{33321},Commune,2026-03-24 14:41:58.620411+01,gold_establishments_2025,,,,21330321700011,2025,Collectivité Territoriale,Commune,['Gironde'],['Nouvelle-Aquitaine'],COM,{33},{75}
a27714a4-7010-4a6e-a8d4-1b7d4125c0aa,212901599,Commune de Peumerit (29),false,{29159},Commune,2026-03-24 14:41:57.028721+01,gold_establishments_2025,,,,21290159900010,2025,Collectivité Territoriale,Commune,['Finistère'],['Bretagne'],COM,{29},{53}
9948eaa2-cf52-4102-bce7-14589a1a7412,212201693,Commune de Peumerit-Quintin (22),false,{22169},Commune,2026-03-24 14:41:55.433389+01,gold_establishments_2025,,,,21220169300018,2025,Collectivité Territoriale,Commune,"[""Côtes-d'Armor""]",['Bretagne'],COM,{22},{53}
7906d906-41ee-4adb-92a2-be69d7af316b,216206540,Commune de Peuplingues (62),false,{62654},Commune,2026-03-24 14:42:05.597325+01,gold_establishments_2025,,,,21620654000017,2025,Collectivité Territoriale,Commune,['Pas-de-Calais'],['Hauts-de-France'],COM,{62},{32}
634c27f1-597c-458f-a073-fe8f2f3bd515,215301789,Commune de Peuton (53),false,{53178},Commune,2026-03-24 14:42:02.957225+01,gold_establishments_2025,,,,21530178900016,2025,Collectivité Territoriale,Commune,['Mayenne'],['Pays de la Loire'],COM,{53},{52}
a6c8971b-1405-4350-b5a8-5e666f42179c,215504036,Commune de Peuvillers (55),false,{55403},Commune,2026-03-24 14:42:03.701372+01,gold_establishments_2025,,,,21550403600017,2025,Collectivité Territoriale,Commune,['Meuse'],['Grand Est'],COM,{55},{44}
67ab2658-de96-48d9-a1f4-3e4ddff23e99,211201793,Commune de Peux-et-Couffouleux (12),false,{12179},Commune,2026-03-24 14:41:53.63825+01,gold_establishments_2025,,,,21120179300018,2025,Collectivité Territoriale,Commune,['Aveyron'],['Occitanie'],COM,{12},{76}
7ebd48a1-aff6-4c2b-a5f2-2532640fc086,211102819,Commune de Pexiora (11),false,{11281},Commune,2026-03-24 14:41:53.63825+01,gold_establishments_2025,,,,21110281900011,2025,Collectivité Territoriale,Commune,['Aude'],['Occitanie'],COM,{11},{76}
dd045a50-dec3-489d-98fc-9f60d476abb3,215404237,Commune de Pexonne (54),false,{54423},Commune,2026-03-24 14:42:02.957225+01,gold_establishments_2025,,,,21540423700012,2025,Collectivité Territoriale,Commune,['Meurthe-et-Moselle'],['Grand Est'],COM,{54},{44}
9686d1b5-75a0-47b9-9943-2a30c19f775e,214002222,Commune de Pey (40),false,{40222},Commune,2026-03-24 14:41:59.705606+01,gold_establishments_2025,,,,21400222200013,2025,Collectivité Territoriale,Commune,['Landes'],['Nouvelle-Aquitaine'],COM,{40},{75}
2d47684b-cc2a-4059-ac01-95615641f095,210600953,Commune de Peymeinade (06),false,{06095},Commune,2026-03-24 14:41:52.562531+01,gold_establishments_2025,,,,21060095300017,2025,Collectivité Territoriale,Commune,['Alpes-Maritimes'],"[""Provence-Alpes-Côte d'Azur""]",COM,{06},{93}
136aeebd-5f02-4e3c-bb98-7d189352afd0,211300728,Commune de Peynier (13),false,{13072},Commune,2026-03-24 14:41:53.63825+01,gold_establishments_2025,,,,21130072800071,2025,Collectivité Territoriale,Commune,['Bouches-du-Rhône'],"[""Provence-Alpes-Côte d'Azur""]",COM,{13},{93}
45ec3400-b625-472e-90e8-535f093bd3d4,211300736,Commune de Peypin (13),false,{13073},Commune,2026-03-24 14:41:53.63825+01,gold_establishments_2025,,,,21130073600017,2025,Collectivité Territoriale,Commune,['Bouches-du-Rhône'],"[""Provence-Alpes-Côte d'Azur""]",COM,{13},{93}
a7f1ea1b-fd62-4f1e-bd2e-2098d8b23c17,218400901,Commune de Peypin-d'Aigues (84),false,{84090},Commune,2026-03-24 14:42:10.508772+01,gold_establishments_2025,,,,21840090100011,2025,Collectivité Territoriale,Commune,['Vaucluse'],"[""Provence-Alpes-Côte d'Azur""]",COM,{84},{93}
13ee6af8-3599-4089-a7fe-7b3497ea0d83,212315006,Commune de Peyrabout (23),false,{23150},Commune,2026-03-24 14:41:55.958138+01,gold_establishments_2025,,,,21231500600016,2025,Collectivité Territoriale,Commune,['Creuse'],['Nouvelle-Aquitaine'],COM,{23},{75}
a62f0d81-df64-456c-b5e7-482d81c1614a,218711604,Commune de Peyrat-de-Bellac (87),false,{87116},Commune,2026-03-24 14:42:11.118516+01,gold_establishments_2025,,,,21871160400015,2025,Collectivité Territoriale,Commune,['Haute-Vienne'],['Nouvelle-Aquitaine'],COM,{87},{75}
ffbbc81f-66b9-41d6-b2a6-280d24d943b5,212315105,Commune de Peyrat-la-Nonière (23),false,{23151},Commune,2026-03-24 14:41:55.958138+01,gold_establishments_2025,,,,21231510500016,2025,Collectivité Territoriale,Commune,['Creuse'],['Nouvelle-Aquitaine'],COM,{23},{75}
7c1f85d9-6e62-4c96-ba66-59a557fcd451,218711703,Commune de Peyrat-le-Château (87),false,{87117},Commune,2026-03-24 14:42:11.118516+01,gold_establishments_2025,,,,21871170300015,2025,Collectivité Territoriale,Commune,['Haute-Vienne'],['Nouvelle-Aquitaine'],COM,{87},{75}
04d53848-518e-4446-8501-6c62788fdad5,216503573,Commune de Peyraube (65),false,{65357},Commune,2026-03-24 14:42:06.665412+01,gold_establishments_2025,,,,21650357300018,2025,Collectivité Territoriale,Commune,['Hautes-Pyrénées'],['Occitanie'],COM,{65},{76}
3954e296-6d58-4fd4-9a01-c62728b6dec4,210701744,Commune de Peyraud (07),false,{07174},Commune,2026-03-24 14:41:52.562531+01,gold_establishments_2025,,,,21070174400018,2025,Collectivité Territoriale,Commune,['Ardèche'],['Auvergne-Rhône-Alpes'],COM,{07},{84}
b0ac13d1-3844-4520-9f6c-79ac1bbd876f,214002230,Commune de Peyre (40),false,{40223},Commune,2026-03-24 14:41:59.705606+01,gold_establishments_2025,,,,21400223000016,2025,Collectivité Territoriale,Commune,['Landes'],['Nouvelle-Aquitaine'],COM,{40},{75}
ca14defb-e174-4ca3-8121-41e67abfbce1,200064731,Commune de Peyre en Aubrac (48),false,{48009},Commune,2026-03-24 14:42:01.412377+01,gold_establishments_2025,,,,20006473100017,2025,Collectivité Territoriale,Commune,['Lozère'],['Occitanie'],COM,{48},{76}
8cff46d9-0d35-46a4-a7cb-ddfb0453ca07,213203144,Commune de Peyrecave (32),false,{32314},Commune,2026-03-24 14:41:58.09424+01,gold_establishments_2025,,,,21320314400018,2025,Collectivité Territoriale,Commune,['Gers'],['Occitanie'],COM,{32},{76}
e73643ea-5f4f-4047-b535-e018f435320d,211102827,Commune de Peyrefitte-du-Razès (11),false,{11282},Commune,2026-03-24 14:41:53.63825+01,gold_establishments_2025,,,,21110282700014,2025,Collectivité Territoriale,Commune,['Aude'],['Occitanie'],COM,{11},{76}
e964551d-4b2f-439d-9a08-648d5a281cb7,211102835,Commune de Peyrefitte-sur-l'Hers (11),false,{11283},Commune,2026-03-24 14:41:53.63825+01,gold_establishments_2025,,,,21110283500017,2025,Collectivité Territoriale,Commune,['Aude'],['Occitanie'],COM,{11},{76}
dfe48ebb-6ae6-4204-9947-7f019e6f9e3f,218102077,Commune de Peyregoux (81),false,{81207},Commune,2026-03-24 14:42:09.967209+01,gold_establishments_2025,,,,21810207700011,2025,Collectivité Territoriale,Commune,['Tarn'],['Occitanie'],COM,{81},{76}
c8c75991-e29d-4453-864d-71f67f026056,214002248,Commune de Peyrehorade (40),false,{40224},Commune,2026-03-24 14:41:59.705606+01,gold_establishments_2025,,,,21400224800018,2025,Collectivité Territoriale,Commune,['Landes'],['Nouvelle-Aquitaine'],COM,{40},{75}
087ee012-d64c-4631-b5fc-36182cb90189,211201801,Commune de Peyreleau (12),false,{12180},Commune,2026-03-24 14:41:53.63825+01,gold_establishments_2025,,,,21120180100019,2025,Collectivité Territoriale,Commune,['Aveyron'],['Occitanie'],COM,{12},{76}
e0b34d27-d7fa-4e15-be6e-be7e385fe29e,211916408,Commune de Peyrelevade (19),false,{19164},Commune,2026-03-24 14:41:54.903238+01,gold_establishments_2025,,,,21191640800019,2025,Collectivité Territoriale,Commune,['Corrèze'],['Nouvelle-Aquitaine'],COM,{19},{75}
8167d67d-7f06-430d-9226-52a2c991aefc,216404467,Commune de Peyrelongue-Abos (64),false,{64446},Commune,2026-03-24 14:42:06.665412+01,gold_establishments_2025,,,,21640446700013,2025,Collectivité Territoriale,Commune,['Pyrénées-Atlantiques'],['Nouvelle-Aquitaine'],COM,{64},{75}
7071fdd3-9109-432c-aaa8-4fb4db65ac3e,213001944,Commune de Peyremale (30),false,{30194},Commune,2026-03-24 14:41:57.56054+01,gold_establishments_2025,,,,21300194400015,2025,Collectivité Territoriale,Commune,['Gard'],['Occitanie'],COM,{30},{76}
d47b4d48-bad3-4d29-a6be-ae0cbd19db57,211102843,Commune de Peyrens (11),false,{11284},Commune,2026-03-24 14:41:53.63825+01,gold_establishments_2025,,,,21110284300011,2025,Collectivité Territoriale,Commune,['Aude'],['Occitanie'],COM,{11},{76}
bbefcebf-e354-4e44-99eb-d9e3570255aa,216601385,Commune de Peyrestortes (66),false,{66138},Commune,2026-03-24 14:42:06.665412+01,gold_establishments_2025,,,,21660138500018,2025,Collectivité Territoriale,Commune,['Pyrénées-Orientales'],['Occitanie'],COM,{66},{76}
7353bf11-e55f-485b-8836-3a86a2af89ed,216503581,Commune de Peyret-Saint-André (65),false,{65358},Commune,2026-03-24 14:42:06.665412+01,gold_establishments_2025,,,,21650358100011,2025,Collectivité Territoriale,Commune,['Hautes-Pyrénées'],['Occitanie'],COM,{65},{76}
3032ae54-8d64-48f6-bf87-02c7480da6ef,211102868,Commune de Peyriac-Minervois (11),false,{11286},Commune,2026-03-24 14:41:53.63825+01,gold_establishments_2025,,,,21110286800018,2025,Collectivité Territoriale,Commune,['Aude'],['Occitanie'],COM,{11},{76}
bed06aaf-0408-4d22-af07-d0c963a06bae,211102850,Commune de Peyriac-de-Mer (11),false,{11285},Commune,2026-03-24 14:41:53.63825+01,gold_establishments_2025,,,,21110285000016,2025,Collectivité Territoriale,Commune,['Aude'],['Occitanie'],COM,{11},{76}
51f2f01f-ebdc-4705-9c30-78c8985251d0,210102935,Commune de Peyriat (01),false,{01293},Commune,2026-03-24 14:41:51.447482+01,gold_establishments_2025,,,,21010293500017,2025,Collectivité Territoriale,Commune,['Ain'],['Auvergne-Rhône-Alpes'],COM,{01},{84}
43748cad-de9d-45b1-8d55-34a3ee29bf29,210102943,Commune de Peyrieu (01),false,{01294},Commune,2026-03-24 14:41:51.447482+01,gold_establishments_2025,,,,21010294300011,2025,Collectivité Territoriale,Commune,['Ain'],['Auvergne-Rhône-Alpes'],COM,{01},{84}
5b2f7e84-d27a-4515-bd90-f8a19a6f3350,212403240,Commune de Peyrignac (24),false,{24324},Commune,2026-03-24 14:41:55.958138+01,gold_establishments_2025,,,,21240324000014,2025,Collectivité Territoriale,Commune,['Dordogne'],['Nouvelle-Aquitaine'],COM,{24},{75}
365693a1-4c1e-4f11-9164-aa0744e24fb2,216503599,Commune de Peyriguère (65),false,{65359},Commune,2026-03-24 14:42:06.665412+01,gold_establishments_2025,,,,21650359900013,2025,Collectivité Territoriale,Commune,['Hautes-Pyrénées'],['Occitanie'],COM,{65},{76}
a5b239e8-525b-44fc-b3a1-d33376837341,218711802,Commune de Peyrilhac (87),false,{87118},Commune,2026-03-24 14:42:11.118516+01,gold_establishments_2025,,,,21871180200015,2025,Collectivité Territoriale,Commune,['Haute-Vienne'],['Nouvelle-Aquitaine'],COM,{87},{75}
3fbcf062-83c2-4b6c-aa69-049a1d264213,214602195,Commune de Peyrilles (46),false,{46219},Commune,2026-03-24 14:42:00.862623+01,gold_establishments_2025,,,,21460219500015,2025,Collectivité Territoriale,Commune,['Lot'],['Occitanie'],COM,{46},{76}
c346f19f-8c94-4c99-b518-3a670e5d8d58,212602312,Commune de Peyrins (26),false,{26231},Commune,2026-03-24 14:41:56.495197+01,gold_establishments_2025,,,,21260231200010,2025,Collectivité Territoriale,Commune,['Drôme'],['Auvergne-Rhône-Alpes'],COM,{26},{84}
1cb2b827-706a-45c6-85eb-350960b12327,211916507,Commune de Peyrissac (19),false,{19165},Commune,2026-03-24 14:41:54.903238+01,gold_establishments_2025,,,,21191650700018,2025,Collectivité Territoriale,Commune,['Corrèze'],['Nouvelle-Aquitaine'],COM,{19},{75}
b965ac6f-46d6-423e-83a1-e1e0990b818a,213104144,Commune de Peyrissas (31),false,{31414},Commune,2026-03-24 14:41:58.09424+01,gold_establishments_2025,,,,21310414400018,2025,Collectivité Territoriale,Commune,['Haute-Garonne'],['Occitanie'],COM,{31},{76}
e0ff611c-5755-49f5-97e2-885705830ad3,214702045,Commune de Peyrière (47),false,{47204},Commune,2026-03-24 14:42:00.862623+01,gold_establishments_2025,,,,21470204500011,2025,Collectivité Territoriale,Commune,['Lot-et-Garonne'],['Nouvelle-Aquitaine'],COM,{47},{75}
855a7639-66a4-48a6-b8f2-5ccbfe9c5269,218102085,Commune de Peyrole (81),false,{81208},Commune,2026-03-24 14:42:09.967209+01,gold_establishments_2025,,,,21810208500014,2025,Collectivité Territoriale,Commune,['Tarn'],['Occitanie'],COM,{81},{76}
b647defb-41c3-4a78-8799-5e4e31777479,211102876,Commune de Peyrolles (11),false,{11287},Commune,2026-03-24 14:41:53.63825+01,gold_establishments_2025,,,,21110287600011,2025,Collectivité Territoriale,Commune,['Aude'],['Occitanie'],COM,{11},{76}
c8791102-9735-4e34-ab88-c1801df03825,213001951,Commune de Peyrolles (30),false,{30195},Commune,2026-03-24 14:41:57.56054+01,gold_establishments_2025,,,,21300195100010,2025,Collectivité Territoriale,Commune,['Gard'],['Occitanie'],COM,{30},{76}
daba74da-b58c-424f-a9d6-4278d4aafe74,211300744,Commune de Peyrolles-en-Provence (13),false,{13074},Commune,2026-03-24 14:41:53.63825+01,gold_establishments_2025,,,,21130074400011,2025,Collectivité Territoriale,Commune,['Bouches-du-Rhône'],"[""Provence-Alpes-Côte d'Azur""]",COM,{13},{93}
9e7556ff-1cbd-4b65-ae5a-a5c4c13956e2,210401485,Commune de Peyroules (04),false,{04148},Commune,2026-03-24 14:41:52.562531+01,gold_establishments_2025,,,,21040148500011,2025,Collectivité Territoriale,Commune,['Alpes-de-Haute-Provence'],"[""Provence-Alpes-Côte d'Azur""]",COM,{04},{93}
3f0fc824-a2bf-47f7-9c76-47f489e826e0,216503607,Commune de Peyrouse (65),false,{65360},Commune,2026-03-24 14:42:06.665412+01,gold_establishments_2025,,,,21650360700014,2025,Collectivité Territoriale,Commune,['Hautes-Pyrénées'],['Occitanie'],COM,{65},{76}
50b21d69-be10-476d-90c1-0161c290ee9b,213104151,Commune de Peyrouzet (31),false,{31415},Commune,2026-03-24 14:41:58.09424+01,gold_establishments_2025,,,,21310415100013,2025,Collectivité Territoriale,Commune,['Haute-Garonne'],['Occitanie'],COM,{31},{76}
b812762e-613f-420b-8d22-a12692c8f9bb,210401493,Commune de Peyruis (04),false,{04149},Commune,2026-03-24 14:41:52.562531+01,gold_establishments_2025,,,,21040149300015,2025,Collectivité Territoriale,Commune,['Alpes-de-Haute-Provence'],"[""Provence-Alpes-Côte d'Azur""]",COM,{04},{93}
cce23acd-70e9-4bbd-8c5a-16180d01e945,216503615,Commune de Peyrun (65),false,{65361},Commune,2026-03-24 14:42:06.665412+01,gold_establishments_2025,,,,21650361500017,2025,Collectivité Territoriale,Commune,['Hautes-Pyrénées'],['Occitanie'],COM,{65},{76}
2bac2bf3-f9e3-4e38-8e7a-a3415816aed1,212602320,Commune de Peyrus (26),false,{26232},Commune,2026-03-24 14:41:56.495197+01,gold_establishments_2025,,,,21260232000013,2025,Collectivité Territoriale,Commune,['Drôme'],['Auvergne-Rhône-Alpes'],COM,{26},{84}
959a6db0-0b91-4ef9-8882-99f5675ff437,211501515,Commune de Peyrusse (15),false,{15151},Commune,2026-03-24 14:41:54.362296+01,gold_establishments_2025,,,,21150151500012,2025,Collectivité Territoriale,Commune,['Cantal'],['Auvergne-Rhône-Alpes'],COM,{15},{84}
28b7bf67-9739-40f6-b41f-2bc510f9d4b5,213203151,Commune de Peyrusse-Grande (32),false,{32315},Commune,2026-03-24 14:41:58.09424+01,gold_establishments_2025,,,,21320315100013,2025,Collectivité Territoriale,Commune,['Gers'],['Occitanie'],COM,{32},{76}
454c98ac-ecb2-407f-89ca-a69d3527676e,213203169,Commune de Peyrusse-Massas (32),false,{32316},Commune,2026-03-24 14:41:58.09424+01,gold_establishments_2025,,,,21320316900015,2025,Collectivité Territoriale,Commune,['Gers'],['Occitanie'],COM,{32},{76}
e67a1b7c-ddeb-43dc-9713-7cec85029ea5,213203177,Commune de Peyrusse-Vieille (32),false,{32317},Commune,2026-03-24 14:41:58.09424+01,gold_establishments_2025,,,,21320317700018,2025,Collectivité Territoriale,Commune,['Gers'],['Occitanie'],COM,{32},{76}
73cbd65c-c5b5-48c7-81fe-9328b857d341,211201819,Commune de Peyrusse-le-Roc (12),false,{12181},Commune,2026-03-24 14:41:53.63825+01,gold_establishments_2025,,,,21120181900011,2025,Collectivité Territoriale,Commune,['Aveyron'],['Occitanie'],COM,{12},{76}
eb7d6418-2400-454f-9655-6c61bccd903e,213104169,Commune de Peyssies (31),false,{31416},Commune,2026-03-24 14:41:58.09424+01,gold_establishments_2025,,,,21310416900015,2025,Collectivité Territoriale,Commune,['Haute-Garonne'],['Occitanie'],COM,{31},{76}
f973c414-4b2b-440a-8e80-77dbad7ac853,212403265,Commune de Peyzac-le-Moustier (24),false,{24326},Commune,2026-03-24 14:41:55.958138+01,gold_establishments_2025,,,,21240326500011,2025,Collectivité Territoriale,Commune,['Dordogne'],['Nouvelle-Aquitaine'],COM,{24},{75}
1ed5179e-7dcf-4f56-aa74-42855d792b5e,210102950,Commune de Peyzieux-sur-Saône (01),false,{01295},Commune,2026-03-24 14:41:51.447482+01,gold_establishments_2025,,,,21010295000016,2025,Collectivité Territoriale,Commune,['Ain'],['Auvergne-Rhône-Alpes'],COM,{01},{84}
027dd66f-df0e-4525-bdbe-16f12e32ebd8,211102884,Commune de Pezens (11),false,{11288},Commune,2026-03-24 14:41:53.63825+01,gold_establishments_2025,,,,21110288400015,2025,Collectivité Territoriale,Commune,['Aude'],['Occitanie'],COM,{11},{76}
83f90b20-2b5e-417e-b085-b0fb1e090e4f,214101750,Commune de Pezou (41),false,{41175},Commune,2026-03-24 14:42:00.273698+01,gold_establishments_2025,,,,21410175000013,2025,Collectivité Territoriale,Commune,['Loir-et-Cher'],['Centre-Val de Loire'],COM,{41},{24}
9a401c82-4f15-4f6d-915a-e464bbdd6543,212403273,Commune de Pezuls (24),false,{24327},Commune,2026-03-24 14:41:55.958138+01,gold_establishments_2025,,,,21240327300015,2025,Collectivité Territoriale,Commune,['Dordogne'],['Nouvelle-Aquitaine'],COM,{24},{75}
ec638832-e80b-4636-a256-4db82b87bf03,217202340,Commune de Pezé-le-Robert (72),false,{72234},Commune,2026-03-24 14:42:08.279287+01,gold_establishments_2025,,,,21720234000014,2025,Collectivité Territoriale,Commune,['Sarthe'],['Pays de la Loire'],COM,{72},{52}
cc5063b2-2ff3-4694-935a-525322c5b314,216802553,Commune de Pfaffenheim (68),false,{68255},Commune,2026-03-24 14:42:07.195692+01,gold_establishments_2025,,,,21680255300018,2025,Collectivité Territoriale,Commune,['Haut-Rhin'],['Grand Est'],COM,{68},{44}
abf2dd00-1744-4537-8e64-41afeb858bf8,216703736,Commune de Pfalzweyer (67),false,{67373},Commune,2026-03-24 14:42:07.195692+01,gold_establishments_2025,,,,21670373600019,2025,Collectivité Territoriale,Commune,['Bas-Rhin'],['Grand Est'],COM,{67},{44}
a124c940-e720-454a-8ecf-025e3e1058ab,216802561,Commune de Pfastatt (68),false,{68256},Commune,2026-03-24 14:42:07.195692+01,gold_establishments_2025,,,,21680256100011,2025,Collectivité Territoriale,Commune,['Haut-Rhin'],['Grand Est'],COM,{68},{44}
dc1013d2-0a57-49ec-a82e-cfbb897509c9,216802579,Commune de Pfetterhouse (68),false,{68257},Commune,2026-03-24 14:42:07.195692+01,gold_establishments_2025,,,,21680257900013,2025,Collectivité Territoriale,Commune,['Haut-Rhin'],['Grand Est'],COM,{68},{44}
2cb71951-b15f-4441-bb37-105c70dc21e4,216703751,Commune de Pfulgriesheim (67),false,{67375},Commune,2026-03-24 14:42:07.195692+01,gold_establishments_2025,,,,21670375100018,2025,Collectivité Territoriale,Commune,['Bas-Rhin'],['Grand Est'],COM,{67},{44}
55e674d9-36e1-432e-af48-8d51f630aa79,219000809,Commune de Phaffans (90),false,{90080},Commune,2026-03-24 14:42:11.659493+01,gold_establishments_2025,,,,21900080900018,2025,Collectivité Territoriale,Commune,['Territoire de Belfort'],['Bourgogne-Franche-Comté'],COM,{90},{27}
8499a043-eaf3-41d7-ad8a-fbbb9a9128aa,215904624,Commune de Phalempin (59),false,{59462},Commune,2026-03-24 14:42:04.814328+01,gold_establishments_2025,,,,21590462400016,2025,Collectivité Territoriale,Commune,['Nord'],['Hauts-de-France'],COM,{59},{32}
146b62df-341f-4cca-b54e-73906707a7bf,215705401,Commune de Phalsbourg (57),false,{57540},Commune,2026-03-24 14:42:04.280096+01,gold_establishments_2025,,,,21570540100010,2025,Collectivité Territoriale,Commune,['Moselle'],['Grand Est'],COM,{57},{44}
b9492cc4-e867-4d1d-a588-94cea7954a1a,215705419,Commune de Philippsbourg (57),false,{57541},Commune,2026-03-24 14:42:04.280096+01,gold_establishments_2025,,,,21570541900012,2025,Collectivité Territoriale,Commune,['Moselle'],['Grand Est'],COM,{57},{44}
07ab4ef0-601c-48b4-ac81-a3772d5aa81a,214002255,Commune de Philondenx (40),false,{40225},Commune,2026-03-24 14:41:59.705606+01,gold_establishments_2025,,,,21400225500013,2025,Collectivité Territoriale,Commune,['Landes'],['Nouvelle-Aquitaine'],COM,{40},{75}
42f76d0c-04b6-4111-9c5a-c6bfc55b97aa,215404245,Commune de Phlin (54),false,{54424},Commune,2026-03-24 14:42:02.957225+01,gold_establishments_2025,,,,21540424500015,2025,Collectivité Territoriale,Commune,['Meurthe-et-Moselle'],['Grand Est'],COM,{54},{44}
a3f003bb-d5d8-41c7-9548-8211c4585493,216601419,Commune de Pia (66),false,{66141},Commune,2026-03-24 14:42:06.665412+01,gold_establishments_2025,,,,21660141900015,2025,Collectivité Territoriale,Commune,['Pyrénées-Orientales'],['Occitanie'],COM,{66},{76}
60e7b14d-8bf7-4820-93e8-ff63556d2749,217202357,Commune de Piacé (72),false,{72235},Commune,2026-03-24 14:42:08.279287+01,gold_establishments_2025,,,,21720235700018,2025,Collectivité Territoriale,Commune,['Sarthe'],['Pays de la Loire'],COM,{72},{52}
9c9fdbf4-2743-4bbf-9dbb-2240604a3e43,212002125,Commune de Piana (2A),false,{2A212},Commune,2026-03-24 14:41:57.56054+01,gold_establishments_2025,,,,21200212500012,2025,Collectivité Territoriale,Commune,['Corse-du-Sud'],['Corse'],COM,{2A},{94}
e3a87c25-43b8-4e12-818a-6ced04354920,212002133,Commune de Pianello (2B),false,{2B213},Commune,2026-03-24 14:41:57.56054+01,gold_establishments_2025,,,,21200213300016,2025,Collectivité Territoriale,Commune,['Haute-Corse'],['Corse'],COM,{2B},{94}
ca534b73-4d99-4166-8c75-9563325d1869,212002141,Commune de Piano (2B),false,{2B214},Commune,2026-03-24 14:41:57.56054+01,gold_establishments_2025,,,,21200214100019,2025,Collectivité Territoriale,Commune,['Haute-Corse'],['Corse'],COM,{2B},{94}
0c6b7584-1766-45d1-b33c-e55f9aa83e17,212002158,Commune de Pianottoli-Caldarello (2A),false,{2A215},Commune,2026-03-24 14:41:57.56054+01,gold_establishments_2025,,,,21200215800013,2025,Collectivité Territoriale,Commune,['Corse-du-Sud'],['Corse'],COM,{2A},{94}
f1751517-f5f3-44cb-8183-c241495e46e3,212002166,Commune de Piazzali (2B),false,{2B216},Commune,2026-03-24 14:41:57.56054+01,gold_establishments_2025,,,,21200216600016,2025,Collectivité Territoriale,Commune,['Haute-Corse'],['Corse'],COM,{2B},{94}
7590769a-f52b-4b2a-8699-5d64bcc7a1b4,212002174,Commune de Piazzole (2B),false,{2B217},Commune,2026-03-24 14:41:57.56054+01,gold_establishments_2025,,,,21200217400010,2025,Collectivité Territoriale,Commune,['Haute-Corse'],['Corse'],COM,{2B},{94}
e3565faf-8b8a-484e-ae2e-9a9cc243520e,215705427,Commune de Piblange (57),false,{57542},Commune,2026-03-24 14:42:04.280096+01,gold_establishments_2025,,,,21570542700015,2025,Collectivité Territoriale,Commune,['Moselle'],['Grand Est'],COM,{57},{44}
f69b6e38-0ca2-440a-9a98-4b1c59d0cac7,213104177,Commune de Pibrac (31),false,{31417},Commune,2026-03-24 14:41:58.09424+01,gold_establishments_2025,,,,21310417700018,2025,Collectivité Territoriale,Commune,['Haute-Garonne'],['Occitanie'],COM,{31},{76}
7d5ea622-64b1-4d58-99e9-23bcd6de2e08,213904188,Commune de Picarreau (39),false,{39418},Commune,2026-03-24 14:41:59.705606+01,gold_establishments_2025,,,,21390418800017,2025,Collectivité Territoriale,Commune,['Jura'],['Bourgogne-Franche-Comté'],COM,{39},{27}
bda41f6f-7a51-463d-8fac-780dd675edb5,200063139,Commune de Picauville (50),false,{50400},Commune,2026-03-24 14:42:01.412377+01,gold_establishments_2025,,,,20006313900014,2025,Collectivité Territoriale,Commune,['Manche'],['Normandie'],COM,{50},{28}
529ac45f-0c98-40e3-89bc-3a22ef6d01be,212104830,Commune de Pichanges (21),false,{21483},Commune,2026-03-24 14:41:55.433389+01,gold_establishments_2025,,,,21210483000014,2025,Collectivité Territoriale,Commune,"[""Côte-d'Or""]",['Bourgogne-Franche-Comté'],COM,{21},{27}
fb8e0793-9b7c-4d06-b498-45f29804bc53,216302794,Commune de Picherande (63),false,{63279},Commune,2026-03-24 14:42:06.130387+01,gold_establishments_2025,,,,21630279400013,2025,Collectivité Territoriale,Commune,['Puy-de-Dôme'],['Auvergne-Rhône-Alpes'],COM,{63},{84}
9070c1de-a6ec-4e72-9a78-de8b1884d9cc,218005874,Commune de Picquigny (80),false,{80622},Commune,2026-03-24 14:42:09.967209+01,gold_establishments_2025,,,,21800587400019,2025,Collectivité Territoriale,Commune,['Somme'],['Hauts-de-France'],COM,{80},{32}
c00a8543-a01a-4cfd-ada4-582da04b5a45,212002224,Commune de Pie-d'Orezza (2B),false,{2B222},Commune,2026-03-24 14:41:57.56054+01,gold_establishments_2025,,,,21200222400013,2025,Collectivité Territoriale,Commune,['Haute-Corse'],['Corse'],COM,{2B},{94}
0ad59ad3-6720-45d4-b41e-06040ed08fa6,214800153,Commune de Pied-de-Borne (48),false,{48015},Commune,2026-03-24 14:42:01.412377+01,gold_establishments_2025,,,,21480015300014,2025,Collectivité Territoriale,Commune,['Lozère'],['Occitanie'],COM,{48},{76}
127cc651-4fa9-4ec3-a63f-849847faa589,212002182,Commune de Piedicorte-di-Gaggio (2B),false,{2B218},Commune,2026-03-24 14:41:57.56054+01,gold_establishments_2025,,,,21200218200013,2025,Collectivité Territoriale,Commune,['Haute-Corse'],['Corse'],COM,{2B},{94}
e0b91f17-a5ff-4adf-a16b-b01e4270635a,212002190,Commune de Piedicroce (2B),false,{2B219},Commune,2026-03-24 14:41:57.56054+01,gold_establishments_2025,,,,21200219000016,2025,Collectivité Territoriale,Commune,['Haute-Corse'],['Corse'],COM,{2B},{94}
3ab9941b-bd0b-423f-8a52-69cee37706be,212002208,Commune de Piedigriggio (2B),false,{2B220},Commune,2026-03-24 14:41:57.56054+01,gold_establishments_2025,,,,21200220800016,2025,Collectivité Territoriale,Commune,['Haute-Corse'],['Corse'],COM,{2B},{94}
27045499-efee-4b88-bf92-3533972f01e5,212002216,Commune de Piedipartino (2B),false,{2B221},Commune,2026-03-24 14:41:57.56054+01,gold_establishments_2025,,,,21200221600019,2025,Collectivité Territoriale,Commune,['Haute-Corse'],['Corse'],COM,{2B},{94}
a81c61fc-2271-43a1-b620-d61fcecbeffc,212704555,Commune de Piencourt (27),false,{27455},Commune,2026-03-24 14:41:57.028721+01,gold_establishments_2025,,,,21270455500011,2025,Collectivité Territoriale,Commune,['Eure'],['Normandie'],COM,{27},{28}
9633fd95-3f66-458f-9b35-ce4fcf4e2641,215404252,Commune de Piennes (54),false,{54425},Commune,2026-03-24 14:42:02.957225+01,gold_establishments_2025,,,,21540425200011,2025,Collectivité Territoriale,Commune,['Meurthe-et-Moselle'],['Grand Est'],COM,{54},{44}
0cdf634d-924a-4a59-9942-90403be3ccca,218005882,Commune de Piennes-Onvillers (80),false,{80623},Commune,2026-03-24 14:42:09.967209+01,gold_establishments_2025,,,,21800588200012,2025,Collectivité Territoriale,Commune,['Somme'],['Hauts-de-France'],COM,{80},{32}
59b20c99-1133-427c-bede-2fdd6fec6e9a,210600961,Commune de Pierlas (06),false,{06096},Commune,2026-03-24 14:41:52.562531+01,gold_establishments_2025,,,,21060096100010,2025,Collectivité Territoriale,Commune,['Alpes-Maritimes'],"[""Provence-Alpes-Côte d'Azur""]",COM,{06},{93}
4b2c0a9c-2f4a-4fed-b846-00e805bfe889,218711901,Commune de Pierre-Buffière (87),false,{87119},Commune,2026-03-24 14:42:11.118516+01,gold_establishments_2025,,,,21871190100015,2025,Collectivité Territoriale,Commune,['Haute-Vienne'],['Nouvelle-Aquitaine'],COM,{87},{75}
dada790c-db4b-457a-a9c6-671df2abfb8c,213803042,Commune de Pierre-Châtel (38),false,{38304},Commune,2026-03-24 14:41:59.160244+01,gold_establishments_2025,,,,21380304200018,2025,Collectivité Territoriale,Commune,['Isère'],['Auvergne-Rhône-Alpes'],COM,{38},{84}
f79b9c08-d470-4e42-a2a3-81500852af80,217703610,Commune de Pierre-Levée (77),false,{77361},Commune,2026-03-24 14:42:09.43682+01,gold_establishments_2025,,,,21770361000014,2025,Collectivité Territoriale,Commune,['Seine-et-Marne'],['Île-de-France'],COM,{77},{11}
d046ddfe-278b-4abc-89cd-46f5664623ac,215103979,Commune de Pierre-Morains (51),false,{51430},Commune,2026-03-24 14:42:01.954481+01,gold_establishments_2025,,,,21510397900013,2025,Collectivité Territoriale,Commune,['Marne'],['Grand Est'],COM,{51},{44}
4cdeb143-ee97-4294-a55c-89af4a9bf7ce,215404278,Commune de Pierre-Percée (54),false,{54427},Commune,2026-03-24 14:42:02.957225+01,gold_establishments_2025,,,,21540427800016,2025,Collectivité Territoriale,Commune,['Meurthe-et-Moselle'],['Grand Est'],COM,{54},{44}
7ba0489b-d36a-40e4-af02-c279a7a2d55e,218902971,Commune de Pierre-Perthuis (89),false,{89297},Commune,2026-03-24 14:42:11.659493+01,gold_establishments_2025,,,,21890297100017,2025,Collectivité Territoriale,Commune,['Yonne'],['Bourgogne-Franche-Comté'],COM,{89},{27}
9b4e8ce4-3496-42e8-8b55-a43c691ab156,217103514,Commune de Pierre-de-Bresse (71),false,{71351},Commune,2026-03-24 14:42:07.735343+01,gold_establishments_2025,,,,21710351400014,2025,Collectivité Territoriale,Commune,['Saône-et-Loire'],['Bourgogne-Franche-Comté'],COM,{71},{27}
34b2b298-4c99-45df-a9de-ae4dc894a96e,215404260,Commune de Pierre-la-Treiche (54),false,{54426},Commune,2026-03-24 14:42:02.957225+01,gold_establishments_2025,,,,21540426000014,2025,Collectivité Territoriale,Commune,['Meurthe-et-Moselle'],['Grand Est'],COM,{54},{44}
90243ad0-56c9-4f5e-8d16-793b66b845e0,217103506,Commune de Pierreclos (71),false,{71350},Commune,2026-03-24 14:42:07.735343+01,gold_establishments_2025,,,,21710350600010,2025,Collectivité Territoriale,Commune,['Saône-et-Loire'],['Bourgogne-Franche-Comté'],COM,{71},{27}
50727c6c-a9bc-4ba8-aefc-5467cc4113ad,217004092,Commune de Pierrecourt (70),false,{70409},Commune,2026-03-24 14:42:07.735343+01,gold_establishments_2025,,,,21700409200011,2025,Collectivité Territoriale,Commune,['Haute-Saône'],['Bourgogne-Franche-Comté'],COM,{70},{27}
f644067b-14d0-49df-834e-2ef3fd7cc7b0,217605005,Commune de Pierrecourt (76),false,{76500},Commune,2026-03-24 14:42:08.818969+01,gold_establishments_2025,,,,21760500500016,2025,Collectivité Territoriale,Commune,['Seine-Maritime'],['Normandie'],COM,{76},{28}
90fe8961-4ba2-42b2-892f-5b46604a095f,210600979,Commune de Pierrefeu (06),false,{06097},Commune,2026-03-24 14:41:52.562531+01,gold_establishments_2025,,,,21060097900012,2025,Collectivité Territoriale,Commune,['Alpes-Maritimes'],"[""Provence-Alpes-Côte d'Azur""]",COM,{06},{93}
44953708-9200-45a5-b4ee-2ee0ae446532,218300911,Commune de Pierrefeu-du-Var (83),false,{83091},Commune,2026-03-24 14:42:10.508772+01,gold_establishments_2025,,,,21830091100011,2025,Collectivité Territoriale,Commune,['Var'],"[""Provence-Alpes-Côte d'Azur""]",COM,{83},{93}
1e7240d1-f4c6-416e-a844-d8f2cc4a45d6,211201827,Commune de Pierrefiche (12),false,{12182},Commune,2026-03-24 14:41:53.63825+01,gold_establishments_2025,,,,21120182700014,2025,Collectivité Territoriale,Commune,['Aveyron'],['Occitanie'],COM,{12},{76}
827e0afd-c572-48f3-a6f1-70ff1a7f7d59,214801128,Commune de Pierrefiche (48),false,{48112},Commune,2026-03-24 14:42:01.412377+01,gold_establishments_2025,,,,21480112800015,2025,Collectivité Territoriale,Commune,['Lozère'],['Occitanie'],COM,{48},{76}
f7a53956-6715-4259-ac5d-c4f37730b611,217605013,Commune de Pierrefiques (76),false,{76501},Commune,2026-03-24 14:42:08.818969+01,gold_establishments_2025,,,,21760501300010,2025,Collectivité Territoriale,Commune,['Seine-Maritime'],['Normandie'],COM,{76},{28}
e9b72c79-0c23-41a2-be08-8a5e61ac63f3,211916606,Commune de Pierrefitte (19),false,{19166},Commune,2026-03-24 14:41:54.903238+01,gold_establishments_2025,,,,21191660600018,2025,Collectivité Territoriale,Commune,['Corrèze'],['Nouvelle-Aquitaine'],COM,{19},{75}
41cda837-6df4-46c1-9717-f922a3c2cc92,212315204,Commune de Pierrefitte (23),false,{23152},Commune,2026-03-24 14:41:55.958138+01,gold_establishments_2025,,,,21231520400017,2025,Collectivité Territoriale,Commune,['Creuse'],['Nouvelle-Aquitaine'],COM,{23},{75}
3f1342d6-30bd-4ef4-9556-e79c49574d09,217902097,Commune de Pierrefitte (79),false,{79209},Commune,2026-03-24 14:42:09.43682+01,gold_establishments_2025,,,,21790209700013,2025,Collectivité Territoriale,Commune,['Deux-Sèvres'],['Nouvelle-Aquitaine'],COM,{79},{75}
96dfbdc1-205a-4baa-9937-4ab0cc3d5072,218803476,Commune de Pierrefitte (88),false,{88347},Commune,2026-03-24 14:42:11.118516+01,gold_establishments_2025,,,,21880347600017,2025,Collectivité Territoriale,Commune,['Vosges'],['Grand Est'],COM,{88},{44}
86c6ca60-7415-43dd-8ffa-e613327cf28d,216503623,Commune de Pierrefitte-Nestalas (65),false,{65362},Commune,2026-03-24 14:42:06.665412+01,gold_establishments_2025,,,,21650362300011,2025,Collectivité Territoriale,Commune,['Hautes-Pyrénées'],['Occitanie'],COM,{65},{76}
b8d8a6b7-b8f0-4f10-a8ce-cbddf1c8c9fa,211405006,Commune de Pierrefitte-en-Auge (14),false,{14500},Commune,2026-03-24 14:41:54.362296+01,gold_establishments_2025,,,,21140500600019,2025,Collectivité Territoriale,Commune,['Calvados'],['Normandie'],COM,{14},{28}
523605f3-cbf0-4699-bcb5-bbabcdf25061,216004846,Commune de Pierrefitte-en-Beauvaisis (60),false,{60490},Commune,2026-03-24 14:42:04.814328+01,gold_establishments_2025,,,,21600484600012,2025,Collectivité Territoriale,Commune,['Oise'],['Hauts-de-France'],COM,{60},{32}
dc93a7ce-78b1-4134-ad4e-328c1db8b4ac,211405014,Commune de Pierrefitte-en-Cinglais (14),false,{14501},Commune,2026-03-24 14:41:54.362296+01,gold_establishments_2025,,,,21140501400013,2025,Collectivité Territoriale,Commune,['Calvados'],['Normandie'],COM,{14},{28}
d79fb3db-f674-4b42-9aa0-a76c0e48823d,215504044,Commune de Pierrefitte-sur-Aire (55),false,{55404},Commune,2026-03-24 14:42:03.701372+01,gold_establishments_2025,,,,21550404400011,2025,Collectivité Territoriale,Commune,['Meuse'],['Grand Est'],COM,{55},{44}
23b7b113-f83f-4852-9bfe-bfe8cbc4bc16,210302071,Commune de Pierrefitte-sur-Loire (03),false,{03207},Commune,2026-03-24 14:41:52.020251+01,gold_establishments_2025,,,,21030207100019,2025,Collectivité Territoriale,Commune,['Allier'],['Auvergne-Rhône-Alpes'],COM,{03},{84}
70d364a6-c123-47a0-854e-74b838fc8c9c,214101768,Commune de Pierrefitte-sur-Sauldre (41),false,{41176},Commune,2026-03-24 14:42:00.273698+01,gold_establishments_2025,,,,21410176800015,2025,Collectivité Territoriale,Commune,['Loir-et-Cher'],['Centre-Val de Loire'],COM,{41},{24}
ea38b8a0-536d-440a-9bfa-7499445edcd3,219300597,Commune de Pierrefitte-sur-Seine (nan),false,{93059},Commune,2026-03-24 14:42:11.659493+01,gold_establishments_2025,,,,21930059700016,2025,Collectivité Territoriale,Commune,[''],[''],COM,,
f54dce90-6f0e-4d87-9a0f-10784b001cc9,214502510,Commune de Pierrefitte-ès-Bois (45),false,{45251},Commune,2026-03-24 14:42:00.862623+01,gold_establishments_2025,,,,21450251000016,2025,Collectivité Territoriale,Commune,['Loiret'],['Centre-Val de Loire'],COM,{45},{24}
7dfcebd1-c261-4d30-acb5-779923e77c33,216004853,Commune de Pierrefonds (60),false,{60491},Commune,2026-03-24 14:42:04.814328+01,gold_establishments_2025,,,,21600485300018,2025,Collectivité Territoriale,Commune,['Oise'],['Hauts-de-France'],COM,{60},{32}
93cfb0d5-9fec-4798-9d91-a3659a741967,212504534,Commune de Pierrefontaine-les-Varans (25),false,{25453},Commune,2026-03-24 14:41:56.495197+01,gold_establishments_2025,,,,21250453400018,2025,Collectivité Territoriale,Commune,['Doubs'],['Bourgogne-Franche-Comté'],COM,{25},{27}
d253c7c3-19b6-4ef8-b500-ff72a0587ed1,212504526,Commune de Pierrefontaine-lès-Blamont (25),false,{25452},Commune,2026-03-24 14:41:56.495197+01,gold_establishments_2025,,,,21250452600014,2025,Collectivité Territoriale,Commune,['Doubs'],['Bourgogne-Franche-Comté'],COM,{25},{27}
2060363d-e047-4507-b397-189079594647,211501523,Commune de Pierrefort (15),false,{15152},Commune,2026-03-24 14:41:54.362296+01,gold_establishments_2025,,,,21150152300016,2025,Collectivité Territoriale,Commune,['Cantal'],['Auvergne-Rhône-Alpes'],COM,{15},{84}
c4fc0fb5-8036-47c2-b1c0-bcf2a479319b,218005890,Commune de Pierregot (80),false,{80624},Commune,2026-03-24 14:42:09.967209+01,gold_establishments_2025,,,,21800589000015,2025,Collectivité Territoriale,Commune,['Somme'],['Hauts-de-France'],COM,{80},{32}
6e71de9e-c064-43c9-ab11-c25bb02228e4,212602353,Commune de Pierrelatte (26),false,{26235},Commune,2026-03-24 14:41:56.495197+01,gold_establishments_2025,,,,21260235300014,2025,Collectivité Territoriale,Commune,['Drôme'],['Auvergne-Rhône-Alpes'],COM,{26},{84}
e28db7c0-8ce0-48db-89c2-e0bcddb09e44,219504883,Commune de Pierrelaye (95),false,{95488},Commune,2026-03-24 14:42:11.659493+01,gold_establishments_2025,,,,21950488300014,2025,Collectivité Territoriale,Commune,"[""Val-d'Oise""]",['Île-de-France'],COM,{95},{11}
0ab517b4-d4da-4116-8696-2597c4c1af50,212602361,Commune de Pierrelongue (26),false,{26236},Commune,2026-03-24 14:41:56.495197+01,gold_establishments_2025,,,,21260236100017,2025,Collectivité Territoriale,Commune,['Drôme'],['Auvergne-Rhône-Alpes'],COM,{26},{84}
ec2f114a-991e-4598-bcff-305c4602e317,210205761,Commune de Pierremande (02),false,{02599},Commune,2026-03-24 14:41:52.020251+01,gold_establishments_2025,,,,21020576100013,2025,Collectivité Territoriale,Commune,['Aisne'],['Hauts-de-France'],COM,{02},{32}
fbb15902-5dd3-45b0-b902-e5ca01a322e3,216206557,Commune de Pierremont (62),false,{62655},Commune,2026-03-24 14:42:05.597325+01,gold_establishments_2025,,,,21620655700011,2025,Collectivité Territoriale,Commune,['Pas-de-Calais'],['Hauts-de-France'],COM,{62},{32}
30dfa6ac-cdf5-44db-9e80-f3dac2c9e46e,215202805,Commune de Pierremont-sur-Amance (52),false,{52388},Commune,2026-03-24 14:42:01.954481+01,gold_establishments_2025,,,,21520280500010,2025,Collectivité Territoriale,Commune,['Haute-Marne'],['Grand Est'],COM,{52},{44}
24ab0e9d-17b2-417a-990c-f8d8b267cdad,210205779,Commune de Pierrepont (02),false,{02600},Commune,2026-03-24 14:41:52.020251+01,gold_establishments_2025,,,,21020577900015,2025,Collectivité Territoriale,Commune,['Aisne'],['Hauts-de-France'],COM,{02},{32}
74b4951f-9f75-4943-b1fd-f39dbf4ae2de,211405022,Commune de Pierrepont (14),false,{14502},Commune,2026-03-24 14:41:54.362296+01,gold_establishments_2025,,,,21140502200016,2025,Collectivité Territoriale,Commune,['Calvados'],['Normandie'],COM,{14},{28}
42dae659-a3fa-42ad-8c0e-80b938df6a02,215404286,Commune de Pierrepont (54),false,{54428},Commune,2026-03-24 14:42:02.957225+01,gold_establishments_2025,,,,21540428600019,2025,Collectivité Territoriale,Commune,['Meurthe-et-Moselle'],['Grand Est'],COM,{54},{44}
88d9ad9d-098b-4e1d-9d88-1dd9384c0330,218803484,Commune de Pierrepont-sur-l'Arentèle (88),false,{88348},Commune,2026-03-24 14:42:11.118516+01,gold_establishments_2025,,,,21880348400011,2025,Collectivité Territoriale,Commune,['Vosges'],['Grand Est'],COM,{88},{44}
2bfa8330-5d6d-44c5-b0b0-20d228e8e101,210401519,Commune de Pierrerue (04),false,{04151},Commune,2026-03-24 14:41:52.562531+01,gold_establishments_2025,,,,21040151900017,2025,Collectivité Territoriale,Commune,['Alpes-de-Haute-Provence'],"[""Provence-Alpes-Côte d'Azur""]",COM,{04},{93}
be0f8526-aee7-4051-9bf8-5ae4b4a5c901,213402019,Commune de Pierrerue (34),false,{34201},Commune,2026-03-24 14:41:58.620411+01,gold_establishments_2025,,,,21340201900011,2025,Collectivité Territoriale,Commune,['Hérault'],['Occitanie'],COM,{34},{76}
a1438bb3-4f10-4806-93ad-a27b05c30f0f,212802987,Commune de Pierres (28),false,{28298},Commune,2026-03-24 14:41:57.028721+01,gold_establishments_2025,,,,21280298700017,2025,Collectivité Territoriale,Commune,['Eure-et-Loir'],['Centre-Val de Loire'],COM,{28},{24}
a2d0ffd8-0a8e-46d1-8343-aec12e1bb432,217605021,Commune de Pierreval (76),false,{76502},Commune,2026-03-24 14:42:08.818969+01,gold_establishments_2025,,,,21760502100013,2025,Collectivité Territoriale,Commune,['Seine-Maritime'],['Normandie'],COM,{76},{28}
2b7c9d0a-b9ac-4623-bb66-ec86e2bf64e1,210401527,Commune de Pierrevert (04),false,{04152},Commune,2026-03-24 14:41:52.562531+01,gold_establishments_2025,,,,21040152700010,2025,Collectivité Territoriale,Commune,['Alpes-de-Haute-Provence'],"[""Provence-Alpes-Côte d'Azur""]",COM,{04},{93}
09beb264-7c29-44d2-b080-4f507d462bb5,215004011,Commune de Pierreville (50),false,{50401},Commune,2026-03-24 14:42:01.412377+01,gold_establishments_2025,,,,21500401100015,2025,Collectivité Territoriale,Commune,['Manche'],['Normandie'],COM,{50},{28}
7569ab7c-a206-4bd0-b972-6c54b805727d,215404294,Commune de Pierreville (54),false,{54429},Commune,2026-03-24 14:42:02.957225+01,gold_establishments_2025,,,,21540429400013,2025,Collectivité Territoriale,Commune,['Meurthe-et-Moselle'],['Grand Est'],COM,{54},{44}
a02fae8d-7305-4209-9bba-37bebc939ae3,215705435,Commune de Pierrevillers (57),false,{57543},Commune,2026-03-24 14:42:04.280096+01,gold_establishments_2025,,,,21570543500018,2025,Collectivité Territoriale,Commune,['Moselle'],['Grand Est'],COM,{57},{44}
5cc26c1f-7c86-4f3c-8bac-f6923caea6e8,214401234,Commune de Pierric (44),false,{44123},Commune,2026-03-24 14:42:00.273698+01,gold_establishments_2025,,,,21440123400015,2025,Collectivité Territoriale,Commune,['Loire-Atlantique'],['Pays de la Loire'],COM,{44},{52}
7d910145-a4d1-49f7-906d-7a8a6482a1a5,215103987,Commune de Pierry (51),false,{51431},Commune,2026-03-24 14:42:01.954481+01,gold_establishments_2025,,,,21510398700016,2025,Collectivité Territoriale,Commune,['Marne'],['Grand Est'],COM,{51},{44}
4f39ef7e-96c0-4187-833c-68443ebf659a,212002257,Commune de Pietra-di-Verde (2B),false,{2B225},Commune,2026-03-24 14:41:57.56054+01,gold_establishments_2025,,,,21200225700013,2025,Collectivité Territoriale,Commune,['Haute-Corse'],['Corse'],COM,{2B},{94}
7de6d820-59a4-47e3-8566-6e213d14bc66,212002240,Commune de Pietracorbara (2B),false,{2B224},Commune,2026-03-24 14:41:57.56054+01,gold_establishments_2025,,,,21200224000019,2025,Collectivité Territoriale,Commune,['Haute-Corse'],['Corse'],COM,{2B},{94}
f393e40d-7ce0-4382-b579-64dd41774256,212002232,Commune de Pietralba (2B),false,{2B223},Commune,2026-03-24 14:41:57.56054+01,gold_establishments_2025,,,,21200223200016,2025,Collectivité Territoriale,Commune,['Haute-Corse'],['Corse'],COM,{2B},{94}
1ac430ee-ceed-4666-8a21-0d9fb63a5fc7,212002265,Commune de Pietraserena (2B),false,{2B226},Commune,2026-03-24 14:41:57.56054+01,gold_establishments_2025,,,,21200226500016,2025,Collectivité Territoriale,Commune,['Haute-Corse'],['Corse'],COM,{2B},{94}
6df492f7-1e5a-486f-83d3-644f25eadfca,212002273,Commune de Pietricaggio (2B),false,{2B227},Commune,2026-03-24 14:41:57.56054+01,gold_establishments_2025,,,,21200227300010,2025,Collectivité Territoriale,Commune,['Haute-Corse'],['Corse'],COM,{2B},{94}
9ab43693-7a44-4c05-9de5-49f83896a5ef,212002281,Commune de Pietrosella (2A),false,{2A228},Commune,2026-03-24 14:41:57.56054+01,gold_establishments_2025,,,,21200228100013,2025,Collectivité Territoriale,Commune,['Corse-du-Sud'],['Corse'],COM,{2A},{94}
81bc6e73-e96c-4a95-a4b1-d99400a6ad86,212002299,Commune de Pietroso (2B),false,{2B229},Commune,2026-03-24 14:41:57.56054+01,gold_establishments_2025,,,,21200229900015,2025,Collectivité Territoriale,Commune,['Haute-Corse'],['Corse'],COM,{2B},{94}
4cf37bc0-2363-4529-a680-bdd027db284d,216404475,Commune de Piets-Plasence-Moustrou (64),false,{64447},Commune,2026-03-24 14:42:06.665412+01,gold_establishments_2025,,,,21640447500016,2025,Collectivité Territoriale,Commune,['Pyrénées-Atlantiques'],['Nouvelle-Aquitaine'],COM,{64},{75}
907c3535-57ae-4966-a0df-55fc0ff54cb9,211102892,Commune de Pieusse (11),false,{11289},Commune,2026-03-24 14:41:53.63825+01,gold_establishments_2025,,,,21110289200018,2025,Collectivité Territoriale,Commune,['Aude'],['Occitanie'],COM,{11},{76}
749b1119-9c7b-4628-aa30-be921263348d,218902989,Commune de Piffonds (89),false,{89298},Commune,2026-03-24 14:42:11.659493+01,gold_establishments_2025,,,,21890298900019,2025,Collectivité Territoriale,Commune,['Yonne'],['Bourgogne-Franche-Comté'],COM,{89},{27}
41dca947-46ba-4c0f-8877-98943b81f0c7,212002315,Commune de Pigna (2B),false,{2B231},Commune,2026-03-24 14:41:57.56054+01,gold_establishments_2025,,,,21200231500019,2025,Collectivité Territoriale,Commune,['Haute-Corse'],['Corse'],COM,{2B},{94}
be0c0755-71b7-4ed6-aa98-5672758b45db,213402027,Commune de Pignan (34),false,{34202},Commune,2026-03-24 14:41:58.620411+01,gold_establishments_2025,,,,21340202700014,2025,Collectivité Territoriale,Commune,['Hérault'],['Occitanie'],COM,{34},{76}
ef5d7e95-3c2c-45f6-a089-b39885b5f3c0,218300929,Commune de Pignans (83),false,{83092},Commune,2026-03-24 14:42:10.508772+01,gold_establishments_2025,,,,21830092900013,2025,Collectivité Territoriale,Commune,['Var'],"[""Provence-Alpes-Côte d'Azur""]",COM,{83},{93}
5f547cf5-89fe-4da7-aa70-b110bd729e36,210205787,Commune de Pignicourt (02),false,{02601},Commune,2026-03-24 14:41:52.020251+01,gold_establishments_2025,,,,21020578700018,2025,Collectivité Territoriale,Commune,['Aisne'],['Hauts-de-France'],COM,{02},{32}
3e7a0118-7427-4e1e-800e-a625904c86ae,216302802,Commune de Pignols (63),false,{63280},Commune,2026-03-24 14:42:06.130387+01,gold_establishments_2025,,,,21630280200014,2025,Collectivité Territoriale,Commune,['Puy-de-Dôme'],['Auvergne-Rhône-Alpes'],COM,{63},{84}
2ca90b40-313a-4c1e-afda-30c8f18a2d86,211801790,Commune de Pigny (18),false,{18179},Commune,2026-03-24 14:41:54.903238+01,gold_establishments_2025,,,,21180179000018,2025,Collectivité Territoriale,Commune,['Cher'],['Centre-Val de Loire'],COM,{18},{24}
82718de8-9443-4615-95da-8efd395748ba,216206565,Commune de Pihem (62),false,{62656},Commune,2026-03-24 14:42:05.597325+01,gold_establishments_2025,,,,21620656500014,2025,Collectivité Territoriale,Commune,['Pas-de-Calais'],['Hauts-de-France'],COM,{62},{32}
527b309d-1960-4058-bbf4-250700da099f,216206573,Commune de Pihen-lès-Guînes (62),false,{62657},Commune,2026-03-24 14:42:05.597325+01,gold_establishments_2025,,,,21620657300018,2025,Collectivité Territoriale,Commune,['Pas-de-Calais'],['Hauts-de-France'],COM,{62},{32}
b66db56a-9e00-46a6-976d-ba01169654f9,212002323,Commune de Pila-Canale (2A),false,{2A232},Commune,2026-03-24 14:41:57.56054+01,gold_establishments_2025,,,,21200232300013,2025,Collectivité Territoriale,Commune,['Corse-du-Sud'],['Corse'],COM,{2A},{94}
d0aed3c3-dee9-4c01-9e76-0a11c1486f82,211602602,Commune de Pillac (16),false,{16260},Commune,2026-03-24 14:41:54.362296+01,gold_establishments_2025,,,,21160260200016,2025,Collectivité Territoriale,Commune,['Charente'],['Nouvelle-Aquitaine'],COM,{16},{75}
947bccae-70cb-4d7b-a965-a6ef8b987eac,213904196,Commune de Pillemoine (39),false,{39419},Commune,2026-03-24 14:41:59.705606+01,gold_establishments_2025,,,,21390419600010,2025,Collectivité Territoriale,Commune,['Jura'],['Bourgogne-Franche-Comté'],COM,{39},{27}
265911a5-1956-4447-a86e-5e45e9b9b34f,215504051,Commune de Pillon (55),false,{55405},Commune,2026-03-24 14:42:03.701372+01,gold_establishments_2025,,,,21550405100016,2025,Collectivité Territoriale,Commune,['Meuse'],['Grand Est'],COM,{55},{44}
4f0d56ec-35bd-4aaa-ad14-1670e8503552,214002263,Commune de Pimbo (40),false,{40226},Commune,2026-03-24 14:41:59.705606+01,gold_establishments_2025,,,,21400226300017,2025,Collectivité Territoriale,Commune,['Landes'],['Nouvelle-Aquitaine'],COM,{40},{75}
ff25ab11-67c3-4cf5-bacc-c63b4d0032a3,218902997,Commune de Pimelles (89),false,{89299},Commune,2026-03-24 14:42:11.659493+01,gold_establishments_2025,,,,21890299700012,2025,Collectivité Territoriale,Commune,['Yonne'],['Bourgogne-Franche-Comté'],COM,{89},{27}
5a688a5a-ea32-4ad7-87a5-392377913731,213904204,Commune de Pimorin (39),false,{39420},Commune,2026-03-24 14:41:59.705606+01,gold_establishments_2025,,,,21390420400012,2025,Collectivité Territoriale,Commune,['Jura'],['Bourgogne-Franche-Comté'],COM,{39},{27}
65581d26-94db-4e65-87ae-b0a6d803c36f,216004861,Commune de Pimprez (60),false,{60492},Commune,2026-03-24 14:42:04.814328+01,gold_establishments_2025,,,,21600486100011,2025,Collectivité Territoriale,Commune,['Oise'],['Hauts-de-France'],COM,{60},{32}
b236af4d-31df-417a-bcc3-b74e9b5d57f3,217004100,Commune de Pin (70),false,{70410},Commune,2026-03-24 14:42:07.735343+01,gold_establishments_2025,,,,21700410000012,2025,Collectivité Territoriale,Commune,['Haute-Saône'],['Bourgogne-Franche-Comté'],COM,{70},{27}
fb67bff2-882b-492f-878b-6970bbf9b4af,213104185,Commune de Pin-Balma (31),false,{31418},Commune,2026-03-24 14:41:58.09424+01,gold_establishments_2025,,,,21310418500011,2025,Collectivité Territoriale,Commune,['Haute-Garonne'],['Occitanie'],COM,{31},{76}
4b446ea2-372b-4601-be67-b248c67c6b86,216503631,Commune de Pinas (65),false,{65363},Commune,2026-03-24 14:42:06.665412+01,gold_establishments_2025,,,,21650363100014,2025,Collectivité Territoriale,Commune,['Hautes-Pyrénées'],['Occitanie'],COM,{65},{76}
a9036918-c934-4dfd-8861-49e9ec5e44e3,214201717,Commune de Pinay (42),false,{42171},Commune,2026-03-24 14:42:00.273698+01,gold_establishments_2025,,,,21420171700011,2025,Collectivité Territoriale,Commune,['Loire'],['Auvergne-Rhône-Alpes'],COM,{42},{84}
9213fed1-5737-4d84-b11e-0fb8ae984cde,217202365,Commune de Pincé (72),false,{72236},Commune,2026-03-24 14:42:08.279287+01,gold_establishments_2025,,,,21720236500011,2025,Collectivité Territoriale,Commune,['Sarthe'],['Pays de la Loire'],COM,{72},{52}
b05f54d2-4dd8-431a-8ce1-734aa80a222f,218601912,Commune de Pindray (86),false,{86191},Commune,2026-03-24 14:42:10.508772+01,gold_establishments_2025,,,,21860191200015,2025,Collectivité Territoriale,Commune,['Vienne'],['Nouvelle-Aquitaine'],COM,{86},{75}
0059aa02-e21a-43ba-b3f7-818de28d2621,214702052,Commune de Pindères (47),false,{47205},Commune,2026-03-24 14:42:00.862623+01,gold_establishments_2025,,,,21470205200017,2025,Collectivité Territoriale,Commune,['Lot-et-Garonne'],['Nouvelle-Aquitaine'],COM,{47},{75}
d98c22f9-02c8-45a7-b280-5c70dd040090,214702060,Commune de Pinel-Hauterive (47),false,{47206},Commune,2026-03-24 14:42:00.862623+01,gold_establishments_2025,,,,21470206000010,2025,Collectivité Territoriale,Commune,['Lot-et-Garonne'],['Nouvelle-Aquitaine'],COM,{47},{75}
217b6a85-fd43-425f-aeeb-142933769882,213402035,Commune de Pinet (34),false,{34203},Commune,2026-03-24 14:41:58.620411+01,gold_establishments_2025,,,,21340203500017,2025,Collectivité Territoriale,Commune,['Hérault'],['Occitanie'],COM,{34},{76}
15b25915-6800-4aac-aaef-e2b2c6c1838d,213303241,Commune de Pineuilh (33),false,{33324},Commune,2026-03-24 14:41:58.620411+01,gold_establishments_2025,,,,21330324100011,2025,Collectivité Territoriale,Commune,['Gironde'],['Nouvelle-Aquitaine'],COM,{33},{75}
35f53b58-d3c8-40f1-86ca-7a234e76f765,211002795,Commune de Piney (10),false,{10287},Commune,2026-03-24 14:41:53.095366+01,gold_establishments_2025,,,,21100279500014,2025,Collectivité Territoriale,Commune,['Aube'],['Grand Est'],COM,{10},{44}
c3cddc0c-2501-4282-b388-c924feebc48a,212002331,Commune de Pino (2B),false,{2B233},Commune,2026-03-24 14:41:57.56054+01,gold_establishments_2025,,,,21200233100016,2025,Collectivité Territoriale,Commune,['Haute-Corse'],['Corse'],COM,{2B},{94}
a29d4081-4336-4ac6-8b1a-255a66a4e8f0,214301517,Commune de Pinols (43),false,{43151},Commune,2026-03-24 14:42:00.273698+01,gold_establishments_2025,,,,21430151700014,2025,Collectivité Territoriale,Commune,['Haute-Loire'],['Auvergne-Rhône-Alpes'],COM,{43},{84}
e79c3953-db36-4388-a832-2d0f31ba3527,210205795,Commune de Pinon (02),false,{02602},Commune,2026-03-24 14:41:52.020251+01,gold_establishments_2025,,,,21020579500011,2025,Collectivité Territoriale,Commune,['Aisne'],['Hauts-de-France'],COM,{02},{32}
bbf59df1-7851-4ec2-9eaf-768ffcd97421,213104219,Commune de Pins-Justaret (31),false,{31421},Commune,2026-03-24 14:41:58.09424+01,gold_establishments_2025,,,,21310421900018,2025,Collectivité Territoriale,Commune,['Haute-Garonne'],['Occitanie'],COM,{31},{76}
df010a49-a352-4e33-b4cb-4ea6eb596ab5,214602203,Commune de Pinsac (46),false,{46220},Commune,2026-03-24 14:42:00.862623+01,gold_establishments_2025,,,,21460220300017,2025,Collectivité Territoriale,Commune,['Lot'],['Occitanie'],COM,{46},{76}
36c4ea3a-f2fa-4c34-8df8-e5681b32b901,213104201,Commune de Pinsaguel (31),false,{31420},Commune,2026-03-24 14:41:58.09424+01,gold_establishments_2025,,,,21310420100016,2025,Collectivité Territoriale,Commune,['Haute-Garonne'],['Occitanie'],COM,{31},{76}
a3d2366e-88a7-444b-83bf-5ff6d42cf466,216503649,Commune de Pintac (65),false,{65364},Commune,2026-03-24 14:42:06.665412+01,gold_establishments_2025,,,,21650364900016,2025,Collectivité Territoriale,Commune,['Hautes-Pyrénées'],['Occitanie'],COM,{65},{76}
060d4130-3ca2-406c-8526-44d0350446e4,212704563,Commune de Pinterville (27),false,{27456},Commune,2026-03-24 14:41:57.028721+01,gold_establishments_2025,,,,21270456300015,2025,Collectivité Territoriale,Commune,['Eure'],['Normandie'],COM,{27},{28}
8c7c2d6e-0c61-4162-a192-c8a96c5df57b,215504069,Commune de Pintheville (55),false,{55406},Commune,2026-03-24 14:42:03.701372+01,gold_establishments_2025,,,,21550406900018,2025,Collectivité Territoriale,Commune,['Meuse'],['Grand Est'],COM,{55},{44}
10cb743b-7f13-4c07-a60a-43282b9905bb,212002349,Commune de Piobetta (2B),false,{2B234},Commune,2026-03-24 14:41:57.56054+01,gold_establishments_2025,,,,21200234900018,2025,Collectivité Territoriale,Commune,['Haute-Corse'],['Corse'],COM,{2B},{94}
4f24d420-357c-4c29-a238-86cf8225a692,212002356,Commune de Pioggiola (2B),false,{2B235},Commune,2026-03-24 14:41:57.56054+01,gold_establishments_2025,,,,21200235600013,2025,Collectivité Territoriale,Commune,['Haute-Corse'],['Corse'],COM,{2B},{94}
ccfaf157-17bf-4481-a43a-0772185d1078,218400919,Commune de Piolenc (84),false,{84091},Commune,2026-03-24 14:42:10.508772+01,gold_establishments_2025,,,,21840091900013,2025,Collectivité Territoriale,Commune,['Vaucluse'],"[""Provence-Alpes-Côte d'Azur""]",COM,{84},{93}
af5561a4-10a6-47be-a789-78d01353b366,212315402,Commune de Pionnat (23),false,{23154},Commune,2026-03-24 14:41:55.958138+01,gold_establishments_2025,,,,21231540200017,2025,Collectivité Territoriale,Commune,['Creuse'],['Nouvelle-Aquitaine'],COM,{23},{75}
b8c28423-9037-4616-8f57-3e967a09f0dd,216302810,Commune de Pionsat (63),false,{63281},Commune,2026-03-24 14:42:06.130387+01,gold_establishments_2025,,,,21630281000017,2025,Collectivité Territoriale,Commune,['Puy-de-Dôme'],['Auvergne-Rhône-Alpes'],COM,{63},{84}
40551a02-0d47-4d41-b380-416d54d46566,213502198,Commune de Pipriac (35),false,{35219},Commune,2026-03-24 14:41:58.620411+01,gold_establishments_2025,,,,21350219800012,2025,Collectivité Territoriale,Commune,['Ille-et-Vilaine'],['Bretagne'],COM,{35},{53}
593ab886-5022-4171-8eee-6d3159c4a3ef,218201408,Commune de Piquecos (82),false,{82140},Commune,2026-03-24 14:42:10.508772+01,gold_establishments_2025,,,,21820140800018,2025,Collectivité Territoriale,Commune,['Tarn-et-Garonne'],['Occitanie'],COM,{82},{76}
c42d61cc-0948-45e8-af5e-e9e825b0fe5e,210102968,Commune de Pirajoux (01),false,{01296},Commune,2026-03-24 14:41:51.447482+01,gold_establishments_2025,,,,21010296800018,2025,Collectivité Territoriale,Commune,['Ain'],['Auvergne-Rhône-Alpes'],COM,{01},{84}
60df54e7-ab96-4218-83ab-9c4235b199b2,212504542,Commune de Pirey (25),false,{25454},Commune,2026-03-24 14:41:56.495197+01,gold_establishments_2025,,,,21250454200011,2025,Collectivité Territoriale,Commune,['Doubs'],['Bourgogne-Franche-Comté'],COM,{25},{27}
ffe892f3-5ead-4d92-8c24-48c31c0df429,214401259,Commune de Piriac-sur-Mer (44),false,{44125},Commune,2026-03-24 14:42:00.273698+01,gold_establishments_2025,,,,21440125900038,2025,Collectivité Territoriale,Commune,['Loire-Atlantique'],['Pays de la Loire'],COM,{44},{52}
e73f49f9-56fc-49e1-80b9-e30571154213,217202373,Commune de Pirmil (72),false,{72237},Commune,2026-03-24 14:42:08.279287+01,gold_establishments_2025,,,,21720237300015,2025,Collectivité Territoriale,Commune,['Sarthe'],['Pays de la Loire'],COM,{72},{52}
f28180a9-97bd-48b4-8b7c-e4dfc2d9e4fc,215004037,Commune de Pirou (50),false,{50403},Commune,2026-03-24 14:42:01.412377+01,gold_establishments_2025,,,,21500403700010,2025,Collectivité Territoriale,Commune,['Manche'],['Normandie'],COM,{50},{28}
b511089b-5f67-4890-9c13-210f90c76839,200085884,Commune de Piré-Chancé (35),false,{35220},Commune,2026-03-24 14:41:58.620411+01,gold_establishments_2025,,,,20008588400019,2025,Collectivité Territoriale,Commune,['Ille-et-Vilaine'],['Bretagne'],COM,{35},{53}
01739237-63c4-4032-958d-e54809b86472,213203185,Commune de Pis (32),false,{32318},Commune,2026-03-24 14:41:58.09424+01,gold_establishments_2025,,,,21320318500011,2025,Collectivité Territoriale,Commune,['Gers'],['Occitanie'],COM,{32},{76}
62d3b200-16a3-456b-bde4-ab3249352f5e,211702782,Commune de Pisany (17),false,{17278},Commune,2026-03-24 14:41:54.903238+01,gold_establishments_2025,,,,21170278200072,2025,Collectivité Territoriale,Commune,['Charente-Maritime'],['Nouvelle-Aquitaine'],COM,{17},{75}
d2c736bb-0914-47bf-9520-43c6a2a4bcb9,219504891,Commune de Piscop (95),false,{95489},Commune,2026-03-24 14:42:11.659493+01,gold_establishments_2025,,,,21950489100017,2025,Collectivité Territoriale,Commune,"[""Val-d'Oise""]",['Île-de-France'],COM,{95},{11}
bbd0ef53-1cb4-4e63-9d91-9e1739e8715f,212704571,Commune de Piseux (27),false,{27457},Commune,2026-03-24 14:41:57.028721+01,gold_establishments_2025,,,,21270457100018,2025,Collectivité Territoriale,Commune,['Eure'],['Normandie'],COM,{27},{28}
8d6c1374-3962-4956-88cf-8da69999066c,213803075,Commune de Pisieu (38),false,{38307},Commune,2026-03-24 14:41:59.160244+01,gold_establishments_2025,,,,21380307500018,2025,Collectivité Territoriale,Commune,['Isère'],['Auvergne-Rhône-Alpes'],COM,{38},{84}
9c270c88-1238-48bc-bb88-23a663b618f3,216004879,Commune de Pisseleu (60),false,{60493},Commune,2026-03-24 14:42:04.814328+01,gold_establishments_2025,,,,21600487900013,2025,Collectivité Territoriale,Commune,['Oise'],['Hauts-de-France'],COM,{60},{32}
950acd16-1a97-4605-9ce3-28ac2ac5ead5,215204249,Commune de Pisseloup (52),false,{52390},Commune,2026-03-24 14:42:01.954481+01,gold_establishments_2025,,,,21520424900019,2025,Collectivité Territoriale,Commune,['Haute-Marne'],['Grand Est'],COM,{52},{44}
2679f163-1852-4408-bf20-40ba0f1bcb59,214002271,Commune de Pissos (40),false,{40227},Commune,2026-03-24 14:41:59.705606+01,gold_establishments_2025,,,,21400227100010,2025,Collectivité Territoriale,Commune,['Landes'],['Nouvelle-Aquitaine'],COM,{40},{75}
87a3e97f-8327-4a33-800f-600a021fceb2,218501765,Commune de Pissotte (85),false,{85176},Commune,2026-03-24 14:42:10.508772+01,gold_establishments_2025,,,,21850176500018,2025,Collectivité Territoriale,Commune,['Vendée'],['Pays de la Loire'],COM,{85},{52}
40305479-6e17-4cb6-9f9e-2ce56f577722,218005916,Commune de Pissy (80),false,{80626},Commune,2026-03-24 14:42:09.967209+01,gold_establishments_2025,,,,21800591600018,2025,Collectivité Territoriale,Commune,['Somme'],['Hauts-de-France'],COM,{80},{32}
6bb1e033-b85c-4154-8fbe-114adf435211,217605039,Commune de Pissy-Pôville (76),false,{76503},Commune,2026-03-24 14:42:08.818969+01,gold_establishments_2025,,,,21760503900015,2025,Collectivité Territoriale,Commune,['Seine-Maritime'],['Normandie'],COM,{76},{28}
f69370a3-e2cf-499a-898d-01ecd27a93f4,218903003,Commune de Pisy (89),false,{89300},Commune,2026-03-24 14:42:11.659493+01,gold_establishments_2025,,,,21890300300018,2025,Collectivité Territoriale,Commune,['Yonne'],['Bourgogne-Franche-Comté'],COM,{89},{27}
839f526d-1741-4bb1-8520-3ce48a4f9d28,215904632,Commune de Pitgam (59),false,{59463},Commune,2026-03-24 14:42:04.814328+01,gold_establishments_2025,,,,21590463200019,2025,Collectivité Territoriale,Commune,['Nord'],['Hauts-de-France'],COM,{59},{32}
4e0649aa-9ae5-4ce6-b9ed-333abf7f2ee1,214502528,Commune de Pithiviers (45),false,{45252},Commune,2026-03-24 14:42:00.862623+01,gold_establishments_2025,,,,21450252800018,2025,Collectivité Territoriale,Commune,['Loiret'],['Centre-Val de Loire'],COM,{45},{24}
98e0453b-eab8-4bbb-95e5-f7fb60db1ace,214502536,Commune de Pithiviers-le-Vieil (45),false,{45253},Commune,2026-03-24 14:42:00.862623+01,gold_establishments_2025,,,,21450253600011,2025,Collectivité Territoriale,Commune,['Loiret'],['Centre-Val de Loire'],COM,{45},{24}
50fc5ee7-1630-467a-9d50-d67f8295b0ae,210205803,Commune de Pithon (02),false,{02604},Commune,2026-03-24 14:41:52.020251+01,gold_establishments_2025,,,,21020580300013,2025,Collectivité Territoriale,Commune,['Aisne'],['Hauts-de-France'],COM,{02},{32}
b7333a76-9fec-4357-b87c-16917d8c85b3,216206581,Commune de Pittefaux (62),false,{62658},Commune,2026-03-24 14:42:05.597325+01,gold_establishments_2025,,,,21620658100011,2025,Collectivité Territoriale,Commune,['Pas-de-Calais'],['Hauts-de-France'],COM,{62},{32}
1e08163e-7583-4a7f-92e2-f9227095dea5,210102976,Commune de Pizay (01),false,{01297},Commune,2026-03-24 14:41:51.447482+01,gold_establishments_2025,,,,21010297600011,2025,Collectivité Territoriale,Commune,['Ain'],['Auvergne-Rhône-Alpes'],COM,{01},{84}
19f02bfc-0a02-4f91-b408-f5c09e69fab5,217202381,Commune de Pizieux (72),false,{72238},Commune,2026-03-24 14:42:08.279287+01,gold_establishments_2025,,,,21720238100018,2025,Collectivité Territoriale,Commune,['Sarthe'],['Pays de la Loire'],COM,{72},{52}
2a085dca-0b68-44d2-9ac2-d0ff41c36e6f,212002307,Commune de Piève (2B),false,{2B230},Commune,2026-03-24 14:41:57.56054+01,gold_establishments_2025,,,,21200230700016,2025,Collectivité Territoriale,Commune,['Haute-Corse'],['Corse'],COM,{2B},{94}
d53b61fd-cfc1-4dcc-9984-10af96aff3c0,212602338,Commune de Piégon (26),false,{26233},Commune,2026-03-24 14:41:56.495197+01,gold_establishments_2025,,,,21260233800015,2025,Collectivité Territoriale,Commune,['Drôme'],['Auvergne-Rhône-Alpes'],COM,{26},{84}
08001ab0-5337-4545-bb42-7a40072b6142,212602346,Commune de Piégros-la-Clastre (26),false,{26234},Commune,2026-03-24 14:41:56.495197+01,gold_establishments_2025,,,,21260234600018,2025,Collectivité Territoriale,Commune,['Drôme'],['Auvergne-Rhône-Alpes'],COM,{26},{84}
44c186f7-addf-4435-9618-81ac3c6e5333,210401501,Commune de Piégut (04),false,{04150},Commune,2026-03-24 14:41:52.562531+01,gold_establishments_2025,,,,21040150100015,2025,Collectivité Territoriale,Commune,['Alpes-de-Haute-Provence'],"[""Provence-Alpes-Côte d'Azur""]",COM,{04},{93}
fe016061-3372-472a-9620-89afa6f868e3,212403281,Commune de Piégut-Pluviers (24),false,{24328},Commune,2026-03-24 14:41:55.958138+01,gold_establishments_2025,,,,21240328100018,2025,Collectivité Territoriale,Commune,['Dordogne'],['Nouvelle-Aquitaine'],COM,{24},{75}
d5649889-ae69-46b1-ad8e-ed6a04ea34a5,212901607,Commune de Plabennec (29),false,{29160},Commune,2026-03-24 14:41:57.028721+01,gold_establishments_2025,,,,21290160700011,2025,Collectivité Territoriale,Commune,['Finistère'],['Bretagne'],COM,{29},{53}
0e3dee72-2e3a-4737-aece-dd153627e3be,212504559,Commune de Placey (25),false,{25455},Commune,2026-03-24 14:41:56.495197+01,gold_establishments_2025,,,,21250455900015,2025,Collectivité Territoriale,Commune,['Doubs'],['Bourgogne-Franche-Comté'],COM,{25},{27}
38ff7531-cd11-47a3-a5d4-2f9d372c425c,218005924,Commune de Plachy-Buyon (80),false,{80627},Commune,2026-03-24 14:42:09.967209+01,gold_establishments_2025,,,,21800592400012,2025,Collectivité Territoriale,Commune,['Somme'],['Hauts-de-France'],COM,{80},{32}
68f5eac3-7ba1-4172-a175-7329f3e2a126,215301797,Commune de Placé (53),false,{53179},Commune,2026-03-24 14:42:02.957225+01,gold_establishments_2025,,,,21530179700019,2025,Collectivité Territoriale,Commune,['Mayenne'],['Pays de la Loire'],COM,{53},{52}
474e4fd1-1314-416d-ad54-f4536aab91f7,210102984,Commune de Plagne (01),false,{01298},Commune,2026-03-24 14:41:51.447482+01,gold_establishments_2025,,,,21010298400015,2025,Collectivité Territoriale,Commune,['Ain'],['Auvergne-Rhône-Alpes'],COM,{01},{84}
7e773a6f-fd12-49c2-a71e-0ac01598ce0a,213104227,Commune de Plagne (31),false,{31422},Commune,2026-03-24 14:41:58.09424+01,gold_establishments_2025,,,,21310422700011,2025,Collectivité Territoriale,Commune,['Haute-Garonne'],['Occitanie'],COM,{31},{76}
ca9fdaf9-b3f4-42e6-810c-b56fc6e72a32,213104235,Commune de Plagnole (31),false,{31423},Commune,2026-03-24 14:41:58.09424+01,gold_establishments_2025,,,,21310423500014,2025,Collectivité Territoriale,Commune,['Haute-Garonne'],['Occitanie'],COM,{31},{76}
0cdd8c30-2414-4f45-bd61-1e8aef4d5cec,211102900,Commune de Plaigne (11),false,{11290},Commune,2026-03-24 14:41:53.63825+01,gold_establishments_2025,,,,21110290000019,2025,Collectivité Territoriale,Commune,['Aude'],['Occitanie'],COM,{11},{76}
543e80c6-ff29-484c-9b5a-5099346584a1,216004887,Commune de Plailly (60),false,{60494},Commune,2026-03-24 14:42:04.814328+01,gold_establishments_2025,,,,21600488700040,2025,Collectivité Territoriale,Commune,['Oise'],['Hauts-de-France'],COM,{60},{32}
9680407b-d2df-495e-b4f7-8dae9ed02103,212504575,Commune de Plaimbois-Vennes (25),false,{25457},Commune,2026-03-24 14:41:56.495197+01,gold_establishments_2025,,,,21250457500011,2025,Collectivité Territoriale,Commune,['Doubs'],['Bourgogne-Franche-Comté'],COM,{25},{27}
d93a40a4-877a-4752-865d-eb8e957950aa,212504567,Commune de Plaimbois-du-Miroir (25),false,{25456},Commune,2026-03-24 14:41:56.495197+01,gold_establishments_2025,,,,21250456700018,2025,Collectivité Territoriale,Commune,['Doubs'],['Bourgogne-Franche-Comté'],COM,{25},{27}
3df393bb-c07f-482b-9942-051eaef353e3,211801808,Commune de Plaimpied-Givaudins (18),false,{18180},Commune,2026-03-24 14:41:54.903238+01,gold_establishments_2025,,,,21180180800018,2025,Collectivité Territoriale,Commune,['Cher'],['Centre-Val de Loire'],COM,{18},{24}
dfa95c65-f47e-470d-8e99-443f9e76bd2b,216703777,Commune de Plaine (67),false,{67377},Commune,2026-03-24 14:42:07.195692+01,gold_establishments_2025,,,,21670377700013,2025,Collectivité Territoriale,Commune,['Bas-Rhin'],['Grand Est'],COM,{67},{44}
1470bce6-2bd1-4e59-8bd9-56a1c08cbc27,212201701,Commune de Plaine-Haute (22),false,{22170},Commune,2026-03-24 14:41:55.433389+01,gold_establishments_2025,,,,21220170100019,2025,Collectivité Territoriale,Commune,"[""Côtes-d'Armor""]",['Bretagne'],COM,{22},{53}
9e7ce7a0-b03e-4a38-b564-d704854e8fb1,200076198,Commune de Plaine-d'Argenson (79),false,{79078},Commune,2026-03-24 14:42:09.43682+01,gold_establishments_2025,,,,20007619800015,2025,Collectivité Territoriale,Commune,['Deux-Sèvres'],['Nouvelle-Aquitaine'],COM,{79},{75}
5e599057-74ee-45cc-ac8c-8b1df2947bb1,215705443,Commune de Plaine-de-Walsch (57),false,{57544},Commune,2026-03-24 14:42:04.280096+01,gold_establishments_2025,,,,21570544300012,2025,Collectivité Territoriale,Commune,['Moselle'],['Grand Est'],COM,{57},{44}
b3101f9e-5a32-4a78-baf7-fb4c71a175d9,200084408,Commune de Plaine-et-Vallées (79),false,{79196},Commune,2026-03-24 14:42:09.43682+01,gold_establishments_2025,,,,20008440800018,2025,Collectivité Territoriale,Commune,['Deux-Sèvres'],['Nouvelle-Aquitaine'],COM,{79},{75}
19c2c8f5-e498-4c04-aab2-ab2e8d353a23,217004126,Commune de Plainemont (70),false,{70412},Commune,2026-03-24 14:42:07.735343+01,gold_establishments_2025,,,,21700412600017,2025,Collectivité Territoriale,Commune,['Haute-Saône'],['Bourgogne-Franche-Comté'],COM,{70},{27}
1ea4e02f-950e-42e4-a1f1-2da64f87abee,211002803,Commune de Plaines-Saint-Lange (10),false,{10288},Commune,2026-03-24 14:41:53.095366+01,gold_establishments_2025,,,,21100280300016,2025,Collectivité Territoriale,Commune,['Aube'],['Grand Est'],COM,{10},{44}
5cf1f82e-c3d1-4211-ab26-cc06987e41e9,218803492,Commune de Plainfaing (88),false,{88349},Commune,2026-03-24 14:42:11.118516+01,gold_establishments_2025,,,,21880349200014,2025,Collectivité Territoriale,Commune,['Vosges'],['Grand Est'],COM,{88},{44}
65b87576-7c4b-46e0-a9ce-a8020c6aee51,213904220,Commune de Plainoiseau (39),false,{39422},Commune,2026-03-24 14:41:59.705606+01,gold_establishments_2025,,,,21390422000018,2025,Collectivité Territoriale,Commune,['Jura'],['Bourgogne-Franche-Comté'],COM,{39},{27}
da7d7abc-1ec3-4d2d-b7fa-ee942c471f67,212201719,Commune de Plaintel (22),false,{22171},Commune,2026-03-24 14:41:55.433389+01,gold_establishments_2025,,,,21220171900011,2025,Collectivité Territoriale,Commune,"[""Côtes-d'Armor""]",['Bretagne'],COM,{22},{53}
7bbb50b6-54d5-4e41-acd5-d7eacf29f7fa,216004895,Commune de Plainval (60),false,{60495},Commune,2026-03-24 14:42:04.814328+01,gold_establishments_2025,,,,21600489500019,2025,Collectivité Territoriale,Commune,['Oise'],['Hauts-de-France'],COM,{60},{32}
109c0529-4542-49f4-9e57-da186609edbf,212704605,Commune de Plainville (27),false,{27460},Commune,2026-03-24 14:41:57.028721+01,gold_establishments_2025,,,,21270460500014,2025,Collectivité Territoriale,Commune,['Eure'],['Normandie'],COM,{27},{28}
64e2ca6d-c889-411c-a14e-7cd950ea5b48,216004903,Commune de Plainville (60),false,{60496},Commune,2026-03-24 14:42:04.814328+01,gold_establishments_2025,,,,21600490300037,2025,Collectivité Territoriale,Commune,['Oise'],['Hauts-de-France'],COM,{60},{32}
e2fdeb17-6e07-4921-a9ff-a480464b36e6,211201835,Commune de Plaisance (12),false,{12183},Commune,2026-03-24 14:41:53.63825+01,gold_establishments_2025,,,,21120183500017,2025,Collectivité Territoriale,Commune,['Aveyron'],['Occitanie'],COM,{12},{76}
c2ddb0c2-85b9-4719-8a51-8358c032b7b8,212401681,Commune de Plaisance (24),false,{24168},Commune,2026-03-24 14:41:55.958138+01,gold_establishments_2025,,,,21240168100011,2025,Collectivité Territoriale,Commune,['Dordogne'],['Nouvelle-Aquitaine'],COM,{24},{75}
ae7e94f2-a19b-4b9b-a476-08a15884a48e,213203193,Commune de Plaisance (32),false,{32319},Commune,2026-03-24 14:41:58.09424+01,gold_establishments_2025,,,,21320319300015,2025,Collectivité Territoriale,Commune,['Gers'],['Occitanie'],COM,{32},{76}
a5f67c07-3e14-4ebc-bc68-b5578c9657e7,218601920,Commune de Plaisance (86),false,{86192},Commune,2026-03-24 14:42:10.508772+01,gold_establishments_2025,,,,21860192000018,2025,Collectivité Territoriale,Commune,['Vienne'],['Nouvelle-Aquitaine'],COM,{86},{75}
358292d9-5a42-4c5b-8e76-02ab1f8371bf,213104243,Commune de Plaisance-du-Touch (31),false,{31424},Commune,2026-03-24 14:41:58.09424+01,gold_establishments_2025,,,,21310424300018,2025,Collectivité Territoriale,Commune,['Haute-Garonne'],['Occitanie'],COM,{31},{76}
6f2b0cf6-3818-4cea-af18-e0f07f132e7b,213904238,Commune de Plaisia (39),false,{39423},Commune,2026-03-24 14:41:59.705606+01,gold_establishments_2025,,,,21390423800010,2025,Collectivité Territoriale,Commune,['Jura'],['Bourgogne-Franche-Comté'],COM,{39},{27}
5a810f2b-18a9-49a9-addd-365c3dd449df,212602395,Commune de Plaisians (26),false,{26239},Commune,2026-03-24 14:41:56.495197+01,gold_establishments_2025,,,,21260239500015,2025,Collectivité Territoriale,Commune,['Drôme'],['Auvergne-Rhône-Alpes'],COM,{26},{84}
9f0e6a25-5fcd-4bef-bf98-836c889c33a6,217804905,Commune de Plaisir (78),false,{78490},Commune,2026-03-24 14:42:09.43682+01,gold_establishments_2025,,,,21780490500016,2025,Collectivité Territoriale,Commune,['Yvelines'],['Île-de-France'],COM,{78},{11}
6b9efa4b-42c6-48f2-998f-aba2258a869e,213402043,Commune de Plaissan (34),false,{34204},Commune,2026-03-24 14:41:58.620411+01,gold_establishments_2025,,,,21340204300011,2025,Collectivité Territoriale,Commune,['Hérault'],['Occitanie'],COM,{34},{76}
5a6d4af5-3a46-410e-8756-6231923c350c,213803083,Commune de Plan (38),false,{38308},Commune,2026-03-24 14:41:59.160244+01,gold_establishments_2025,,,,21380308300012,2025,Collectivité Territoriale,Commune,['Isère'],['Auvergne-Rhône-Alpes'],COM,{38},{84}
5557131f-5218-44a5-ac2c-8c9eba835f66,218300937,Commune de Plan-d'Aups-Sainte-Baume (83),false,{83093},Commune,2026-03-24 14:42:10.508772+01,gold_establishments_2025,,,,21830093700016,2025,Collectivité Territoriale,Commune,['Var'],"[""Provence-Alpes-Côte d'Azur""]",COM,{83},{93}
957a75a2-6898-49c3-bb93-91a6ee39ef5e,211300769,Commune de Plan-d'Orgon (13),false,{13076},Commune,2026-03-24 14:41:53.63825+01,gold_establishments_2025,,,,21130076900018,2025,Collectivité Territoriale,Commune,['Bouches-du-Rhône'],"[""Provence-Alpes-Côte d'Azur""]",COM,{13},{93}
dd6accf4-4cd8-4413-a77c-a0807c9476e5,212602403,Commune de Plan-de-Baix (26),false,{26240},Commune,2026-03-24 14:41:56.495197+01,gold_establishments_2025,,,,21260240300017,2025,Collectivité Territoriale,Commune,['Drôme'],['Auvergne-Rhône-Alpes'],COM,{26},{84}
6b870201-51db-4043-9fb3-dd6c99014000,211300751,Commune de Plan-de-Cuques (13),false,{13075},Commune,2026-03-24 14:41:53.63825+01,gold_establishments_2025,,,,21130075100016,2025,Collectivité Territoriale,Commune,['Bouches-du-Rhône'],"[""Provence-Alpes-Côte d'Azur""]",COM,{13},{93}
f04062f0-5914-4ea2-87a2-069ed0415307,217302009,Commune de Planaise (73),false,{73200},Commune,2026-03-24 14:42:08.279287+01,gold_establishments_2025,,,,21730200900014,2025,Collectivité Territoriale,Commune,['Savoie'],['Auvergne-Rhône-Alpes'],COM,{73},{84}
4be15e46-a926-46d9-9ce2-02e0313cd7ed,212104848,Commune de Planay (21),false,{21484},Commune,2026-03-24 14:41:55.433389+01,gold_establishments_2025,,,,21210484800016,2025,Collectivité Territoriale,Commune,"[""Côte-d'Or""]",['Bourgogne-Franche-Comté'],COM,{21},{27}
2319bbe4-3c18-47a3-9dd1-0de3e7f51dab,217302017,Commune de Planay (73),false,{73201},Commune,2026-03-24 14:42:08.279287+01,gold_establishments_2025,,,,21730201700017,2025,Collectivité Territoriale,Commune,['Savoie'],['Auvergne-Rhône-Alpes'],COM,{73},{84}
f990555a-b816-4d52-9d81-0847df33904b,217004134,Commune de Plancher-Bas (70),false,{70413},Commune,2026-03-24 14:42:07.735343+01,gold_establishments_2025,,,,21700413400011,2025,Collectivité Territoriale,Commune,['Haute-Saône'],['Bourgogne-Franche-Comté'],COM,{70},{27}
10adbad4-cd9e-4e5d-84d9-545d2ad4bf5b,217004142,Commune de Plancher-les-Mines (70),false,{70414},Commune,2026-03-24 14:42:07.735343+01,gold_establishments_2025,,,,21700414200014,2025,Collectivité Territoriale,Commune,['Haute-Saône'],['Bourgogne-Franche-Comté'],COM,{70},{27}
0d68b202-04f5-4a2e-a22a-1468e179e903,217302025,Commune de Plancherine (73),false,{73202},Commune,2026-03-24 14:42:08.279287+01,gold_establishments_2025,,,,21730202500010,2025,Collectivité Territoriale,Commune,['Savoie'],['Auvergne-Rhône-Alpes'],COM,{73},{84}
22459fcc-c0ba-4262-a0ac-78da0bc9d4d0,216103309,Commune de Planches (61),false,{61330},Commune,2026-03-24 14:42:05.597325+01,gold_establishments_2025,,,,21610330900011,2025,Collectivité Territoriale,Commune,['Orne'],['Normandie'],COM,{61},{28}
247e8948-75e5-45e8-ae3b-29c66cb92d3d,215802109,Commune de Planchez (58),false,{58210},Commune,2026-03-24 14:42:04.280096+01,gold_establishments_2025,,,,21580210900011,2025,Collectivité Territoriale,Commune,['Nièvre'],['Bourgogne-Franche-Comté'],COM,{58},{27}
e2e1bd4c-f235-4e78-acef-91fc87472bc2,212201727,Commune de Plancoët (22),false,{22172},Commune,2026-03-24 14:41:55.433389+01,gold_establishments_2025,,,,21220172700014,2025,Collectivité Territoriale,Commune,"[""Côtes-d'Armor""]",['Bretagne'],COM,{22},{53}
7c05db40-b202-4a51-9a4f-e4680b074c81,211002811,Commune de Plancy-l'Abbaye (10),false,{10289},Commune,2026-03-24 14:41:53.095366+01,gold_establishments_2025,,,,21100281100019,2025,Collectivité Territoriale,Commune,['Aube'],['Grand Est'],COM,{10},{44}
f3eafdde-f615-4062-9fe1-6a7545ff152f,214201725,Commune de Planfoy (42),false,{42172},Commune,2026-03-24 14:42:00.273698+01,gold_establishments_2025,,,,21420172500089,2025,Collectivité Territoriale,Commune,['Loire'],['Auvergne-Rhône-Alpes'],COM,{42},{84}
4fe144b5-7dd7-4bf0-a7a6-25919573d795,214602211,Commune de Planioles (46),false,{46221},Commune,2026-03-24 14:42:00.862623+01,gold_establishments_2025,,,,21460221100010,2025,Collectivité Territoriale,Commune,['Lot'],['Occitanie'],COM,{46},{76}
6987c4f1-6bdc-4c84-8025-8d4caeb19ab0,211405063,Commune de Planquery (14),false,{14506},Commune,2026-03-24 14:41:54.362296+01,gold_establishments_2025,,,,21140506300010,2025,Collectivité Territoriale,Commune,['Calvados'],['Normandie'],COM,{14},{28}
2cd94fd0-4889-4a16-bd1f-ccdea2e02531,216206599,Commune de Planques (62),false,{62659},Commune,2026-03-24 14:42:05.597325+01,gold_establishments_2025,,,,21620659900013,2025,Collectivité Territoriale,Commune,['Pas-de-Calais'],['Hauts-de-France'],COM,{62},{32}
d915cbf8-f540-44ca-9c95-774656573766,215202813,Commune de Planrupt (52),false,{52391},Commune,2026-03-24 14:42:01.954481+01,gold_establishments_2025,,,,21520281300071,2025,Collectivité Territoriale,Commune,['Haute-Marne'],['Grand Est'],COM,{52},{44}
d1285175-0f94-4c03-b012-2242f8072bb0,211002829,Commune de Planty (10),false,{10290},Commune,2026-03-24 14:41:53.095366+01,gold_establishments_2025,,,,21100282900011,2025,Collectivité Territoriale,Commune,['Aube'],['Grand Est'],COM,{10},{44}
e2abf489-e7f3-49db-a353-fbcc9adc633d,210701769,Commune de Planzolles (07),false,{07176},Commune,2026-03-24 14:41:52.562531+01,gold_establishments_2025,,,,21070176900015,2025,Collectivité Territoriale,Commune,['Ardèche'],['Auvergne-Rhône-Alpes'],COM,{07},{84}
27e107df-4d54-43c9-a117-a1b34364d5ab,216601427,Commune de Planès (66),false,{66142},Commune,2026-03-24 14:42:06.665412+01,gold_establishments_2025,,,,21660142700018,2025,Collectivité Territoriale,Commune,['Pyrénées-Orientales'],['Occitanie'],COM,{66},{76}
fb274e1c-d1e5-446f-b2ae-ff3868953e55,216601435,Commune de Planèzes (66),false,{66143},Commune,2026-03-24 14:42:06.665412+01,gold_establishments_2025,,,,21660143500011,2025,Collectivité Territoriale,Commune,['Pyrénées-Orientales'],['Occitanie'],COM,{66},{76}
24ca89e6-a31c-4129-acf3-6f2f2a51fb40,215705450,Commune de Plappeville (57),false,{57545},Commune,2026-03-24 14:42:04.280096+01,gold_establishments_2025,,,,21570545000066,2025,Collectivité Territoriale,Commune,['Moselle'],['Grand Est'],COM,{57},{44}
230ba36d-b400-42b5-8d60-5954b81aa4c1,213904261,Commune de Plasne (39),false,{39426},Commune,2026-03-24 14:41:59.705606+01,gold_establishments_2025,,,,21390426100012,2025,Collectivité Territoriale,Commune,['Jura'],['Bourgogne-Franche-Comté'],COM,{39},{27}
c1580c66-0019-4216-bad2-5ba70b25f319,212704639,Commune de Plasnes (27),false,{27463},Commune,2026-03-24 14:41:57.028721+01,gold_establishments_2025,,,,21270463900013,2025,Collectivité Territoriale,Commune,['Eure'],['Normandie'],COM,{27},{28}
22e356b7-2fd4-4488-8107-d67816e47ea6,211702790,Commune de Plassac (17),false,{17279},Commune,2026-03-24 14:41:54.903238+01,gold_establishments_2025,,,,21170279000018,2025,Collectivité Territoriale,Commune,['Charente-Maritime'],['Nouvelle-Aquitaine'],COM,{17},{75}
011a047e-e243-4ed7-9970-ce16575558ca,213303258,Commune de Plassac (33),false,{33325},Commune,2026-03-24 14:41:58.620411+01,gold_establishments_2025,,,,21330325800015,2025,Collectivité Territoriale,Commune,['Gironde'],['Nouvelle-Aquitaine'],COM,{33},{75}
c10b195b-a0eb-49ed-b4a0-476d624541a5,211602636,Commune de Plassac-Rouffiac (16),false,{16263},Commune,2026-03-24 14:41:54.362296+01,gold_establishments_2025,,,,21160263600014,2025,Collectivité Territoriale,Commune,['Charente'],['Nouvelle-Aquitaine'],COM,{16},{75}
5182c1eb-9808-4795-bc7a-a8ed72ef0b9d,211702808,Commune de Plassay (17),false,{17280},Commune,2026-03-24 14:41:54.903238+01,gold_establishments_2025,,,,21170280800059,2025,Collectivité Territoriale,Commune,['Charente-Maritime'],['Nouvelle-Aquitaine'],COM,{17},{75}
7bc77c2e-7fcc-4b3c-9332-fb06579270eb,200086122,Commune de Plateau d'Hauteville (01),false,{01185},Commune,2026-03-24 14:41:51.447482+01,gold_establishments_2025,,,,20008612200013,2025,Collectivité Territoriale,Commune,['Ain'],['Auvergne-Rhône-Alpes'],COM,{01},{84}
cca88aed-1f1d-4d24-9919-3c28a2d84e44,200086767,Commune de Plateau-des-Petites-Roches (38),false,{38395},Commune,2026-03-24 14:41:59.160244+01,gold_establishments_2025,,,,20008676700015,2025,Collectivité Territoriale,Commune,['Isère'],['Auvergne-Rhône-Alpes'],COM,{38},{84}
1e4db54e-26e2-4fe0-a203-785391f6b70b,210701777,Commune de Plats (07),false,{07177},Commune,2026-03-24 14:41:52.562531+01,gold_establishments_2025,,,,21070177700018,2025,Collectivité Territoriale,Commune,['Ardèche'],['Auvergne-Rhône-Alpes'],COM,{07},{84}
49b7f706-0a46-451a-8362-d35c1dd1f44e,215601576,Commune de Plaudren (56),false,{56157},Commune,2026-03-24 14:42:03.701372+01,gold_establishments_2025,,,,21560157600014,2025,Collectivité Territoriale,Commune,['Morbihan'],['Bretagne'],COM,{56},{53}
b61ca932-9ab7-41ed-8cdf-855d7a288043,216302828,Commune de Plauzat (63),false,{63282},Commune,2026-03-24 14:42:06.130387+01,gold_establishments_2025,,,,21630282800019,2025,Collectivité Territoriale,Commune,['Puy-de-Dôme'],['Auvergne-Rhône-Alpes'],COM,{63},{84}
5b89a27b-ded0-41a1-9b1b-41136180a3ee,211102918,Commune de Plavilla (11),false,{11291},Commune,2026-03-24 14:41:53.63825+01,gold_establishments_2025,,,,21110291800011,2025,Collectivité Territoriale,Commune,['Aude'],['Occitanie'],COM,{11},{76}
a38c2b4b-a173-4857-b45c-affa39ea285b,212403307,Commune de Plazac (24),false,{24330},Commune,2026-03-24 14:41:55.958138+01,gold_establishments_2025,,,,21240330700011,2025,Collectivité Territoriale,Commune,['Dordogne'],['Nouvelle-Aquitaine'],COM,{24},{75}
10dc4c8c-6caf-4db3-b51d-b09cafccbc46,211501531,Commune de Pleaux (15),false,{15153},Commune,2026-03-24 14:41:54.362296+01,gold_establishments_2025,,,,21150153100019,2025,Collectivité Territoriale,Commune,['Cantal'],['Auvergne-Rhône-Alpes'],COM,{15},{84}
e051fbfc-76fb-49c0-bafe-23dfcf4a3066,213502222,Commune de Pleine-Fougères (35),false,{35222},Commune,2026-03-24 14:41:58.620411+01,gold_establishments_2025,,,,21350222200010,2025,Collectivité Territoriale,Commune,['Ille-et-Vilaine'],['Bretagne'],COM,{35},{53}
9c1ad998-1276-4310-af62-aaa28452e812,210205811,Commune de Pleine-Selve (02),false,{02605},Commune,2026-03-24 14:41:52.020251+01,gold_establishments_2025,,,,21020581100016,2025,Collectivité Territoriale,Commune,['Aisne'],['Hauts-de-France'],COM,{02},{32}
1bb1dedd-5515-4551-a1e7-16e98475e2cf,213303266,Commune de Pleine-Selve (33),false,{33326},Commune,2026-03-24 14:41:58.620411+01,gold_establishments_2025,,,,21330326600018,2025,Collectivité Territoriale,Commune,['Gironde'],['Nouvelle-Aquitaine'],COM,{33},{75}
1bc2bc78-9daf-49d6-ba0e-4411cd28d4d3,217605047,Commune de Pleine-Sève (76),false,{76504},Commune,2026-03-24 14:42:08.818969+01,gold_establishments_2025,,,,21760504700018,2025,Collectivité Territoriale,Commune,['Seine-Maritime'],['Normandie'],COM,{76},{28}
32147ca0-e120-4341-8fce-060f264095e3,213502248,Commune de Plerguer (35),false,{35224},Commune,2026-03-24 14:41:58.620411+01,gold_establishments_2025,,,,21350224800015,2025,Collectivité Territoriale,Commune,['Ille-et-Vilaine'],['Bretagne'],COM,{35},{53}
f622953d-4e64-4eb9-b6b6-3f359cd3f184,212201883,Commune de Plerneuf (22),false,{22188},Commune,2026-03-24 14:41:55.433389+01,gold_establishments_2025,,,,21220188300015,2025,Collectivité Territoriale,Commune,"[""Côtes-d'Armor""]",['Bretagne'],COM,{22},{53}
381744f5-7a3e-409d-83d6-34148ced159e,215601584,Commune de Plescop (56),false,{56158},Commune,2026-03-24 14:42:03.701372+01,gold_establishments_2025,,,,21560158400075,2025,Collectivité Territoriale,Commune,['Morbihan'],['Bretagne'],COM,{56},{53}
1b696e96-b6d8-49be-9322-9ba258b1633a,213502255,Commune de Plesder (35),false,{35225},Commune,2026-03-24 14:41:58.620411+01,gold_establishments_2025,,,,21350225500010,2025,Collectivité Territoriale,Commune,['Ille-et-Vilaine'],['Bretagne'],COM,{35},{53}
15be2bf3-00cb-41db-aabc-c219ff45dca7,212201909,Commune de Pleslin-Trigavou (22),false,{22190},Commune,2026-03-24 14:41:55.433389+01,gold_establishments_2025,,,,21220190900018,2025,Collectivité Territoriale,Commune,"[""Côtes-d'Armor""]",['Bretagne'],COM,{22},{53}
78688a79-527e-4946-9269-a172d3c5cac6,215705468,Commune de Plesnois (57),false,{57546},Commune,2026-03-24 14:42:04.280096+01,gold_establishments_2025,,,,21570546800019,2025,Collectivité Territoriale,Commune,['Moselle'],['Grand Est'],COM,{57},{44}
6654b15c-6f7c-4319-aacb-a4e1e4a9f6a9,215204264,Commune de Plesnoy (52),false,{52392},Commune,2026-03-24 14:42:01.954481+01,gold_establishments_2025,,,,21520426400018,2025,Collectivité Territoriale,Commune,['Haute-Marne'],['Grand Est'],COM,{52},{44}
3ea5bde2-67d9-4df6-8167-798bd8e7a4ca,211002837,Commune de Plessis-Barbuise (10),false,{10291},Commune,2026-03-24 14:41:53.095366+01,gold_establishments_2025,,,,21100283700014,2025,Collectivité Territoriale,Commune,['Aube'],['Grand Est'],COM,{10},{44}
76eb79f4-7c7b-4afb-abc6-6a33fed76cdf,219104957,Commune de Plessis-Saint-Benoist (91),false,{91495},Commune,2026-03-24 14:42:11.659493+01,gold_establishments_2025,,,,21910495700010,2025,Collectivité Territoriale,Commune,['Essonne'],['Île-de-France'],COM,{91},{11}
bb1070ab-68ac-420b-8122-4368aa674de1,218903029,Commune de Plessis-Saint-Jean (89),false,{89302},Commune,2026-03-24 14:42:11.659493+01,gold_establishments_2025,,,,21890302900013,2025,Collectivité Territoriale,Commune,['Yonne'],['Bourgogne-Franche-Comté'],COM,{89},{27}
ded97a50-e30d-46f6-bd08-286ffe52ad36,216004937,Commune de Plessis-de-Roye (60),false,{60499},Commune,2026-03-24 14:42:04.814328+01,gold_establishments_2025,,,,21600493700019,2025,Collectivité Territoriale,Commune,['Oise'],['Hauts-de-France'],COM,{60},{32}
880ab5da-e9ce-4f7f-89eb-af0ac9357b9a,214401283,Commune de Plessé (44),false,{44128},Commune,2026-03-24 14:42:00.273698+01,gold_establishments_2025,,,,21440128300012,2025,Collectivité Territoriale,Commune,['Loire-Atlantique'],['Pays de la Loire'],COM,{44},{52}
185b9736-04ea-42e3-9b59-c94818aafb0e,212201933,Commune de Plestan (22),false,{22193},Commune,2026-03-24 14:41:55.433389+01,gold_establishments_2025,,,,21220193300018,2025,Collectivité Territoriale,Commune,"[""Côtes-d'Armor""]",['Bretagne'],COM,{22},{53}
eef26541-884e-4592-93a2-9a26b0fdc99c,212201941,Commune de Plestin-les-Grèves (22),false,{22194},Commune,2026-03-24 14:41:55.433389+01,gold_establishments_2025,,,,21220194100011,2025,Collectivité Territoriale,Commune,"[""Côtes-d'Armor""]",['Bretagne'],COM,{22},{53}
c025adf2-790f-4ac5-ba69-1bdfcf23fe12,212201958,Commune de Pleubian (22),false,{22195},Commune,2026-03-24 14:41:55.433389+01,gold_establishments_2025,,,,21220195800015,2025,Collectivité Territoriale,Commune,"[""Côtes-d'Armor""]",['Bretagne'],COM,{22},{53}
16e9d00a-1ec2-419d-8b2a-7f9bf0658b6f,215601592,Commune de Pleucadeuc (56),false,{56159},Commune,2026-03-24 14:42:03.701372+01,gold_establishments_2025,,,,21560159200011,2025,Collectivité Territoriale,Commune,['Morbihan'],['Bretagne'],COM,{56},{53}
1b0ca8f0-3dad-4e2a-826e-5c2de757482e,212201966,Commune de Pleudaniel (22),false,{22196},Commune,2026-03-24 14:41:55.433389+01,gold_establishments_2025,,,,21220196600018,2025,Collectivité Territoriale,Commune,"[""Côtes-d'Armor""]",['Bretagne'],COM,{22},{53}
992d432f-81cd-4499-83d4-8e1d3d8ef11d,212201974,Commune de Pleudihen-sur-Rance (22),false,{22197},Commune,2026-03-24 14:41:55.433389+01,gold_establishments_2025,,,,21220197400012,2025,Collectivité Territoriale,Commune,"[""Côtes-d'Armor""]",['Bretagne'],COM,{22},{53}
d2a4ee0e-9cfd-4dcb-b8b9-73fa6befcca5,215601600,Commune de Pleugriffet (56),false,{56160},Commune,2026-03-24 14:42:03.701372+01,gold_establishments_2025,,,,21560160000012,2025,Collectivité Territoriale,Commune,['Morbihan'],['Bretagne'],COM,{56},{53}
b7618e75-12d1-4f0b-82a3-cc97939cbb48,213502263,Commune de Pleugueneuc (35),false,{35226},Commune,2026-03-24 14:41:58.620411+01,gold_establishments_2025,,,,21350226300014,2025,Collectivité Territoriale,Commune,['Ille-et-Vilaine'],['Bretagne'],COM,{35},{53}
3f60e174-9b4f-42e4-8889-31fbea1b6a96,218601938,Commune de Pleumartin (86),false,{86193},Commune,2026-03-24 14:42:10.508772+01,gold_establishments_2025,,,,21860193800010,2025,Collectivité Territoriale,Commune,['Vienne'],['Nouvelle-Aquitaine'],COM,{86},{75}
da84ec63-424d-4787-a8c8-93dd4fa16e47,213502271,Commune de Pleumeleuc (35),false,{35227},Commune,2026-03-24 14:41:58.620411+01,gold_establishments_2025,,,,21350227100017,2025,Collectivité Territoriale,Commune,['Ille-et-Vilaine'],['Bretagne'],COM,{35},{53}
ef25b3b1-df75-450c-81e4-ffcc6a96b8ec,212201982,Commune de Pleumeur-Bodou (22),false,{22198},Commune,2026-03-24 14:41:55.433389+01,gold_establishments_2025,,,,21220198200015,2025,Collectivité Territoriale,Commune,"[""Côtes-d'Armor""]",['Bretagne'],COM,{22},{53}
1c6d1f7e-ecab-4350-b94a-d9afdbcfa116,212201990,Commune de Pleumeur-Gautier (22),false,{22199},Commune,2026-03-24 14:41:55.433389+01,gold_establishments_2025,,,,21220199000018,2025,Collectivité Territoriale,Commune,"[""Côtes-d'Armor""]",['Bretagne'],COM,{22},{53}
f0eb0ab7-00d2-43eb-9464-d2d2cb6dea8d,213904295,Commune de Pleure (39),false,{39429},Commune,2026-03-24 14:41:59.705606+01,gold_establishments_2025,,,,21390429500010,2025,Collectivité Territoriale,Commune,['Jura'],['Bourgogne-Franche-Comté'],COM,{39},{27}
1c380866-8c3e-4da5-9113-1ac9b6c82a8c,215103995,Commune de Pleurs (51),false,{51432},Commune,2026-03-24 14:42:01.954481+01,gold_establishments_2025,,,,21510399500019,2025,Collectivité Territoriale,Commune,['Marne'],['Grand Est'],COM,{51},{44}
fe1c88a7-d0ba-4f74-9bd2-57095459a283,213502289,Commune de Pleurtuit (35),false,{35228},Commune,2026-03-24 14:41:58.620411+01,gold_establishments_2025,,,,21350228900126,2025,Collectivité Territoriale,Commune,['Ille-et-Vilaine'],['Bretagne'],COM,{35},{53}
70fa673b-93b5-4651-8d65-176188795dd1,212901615,Commune de Pleuven (29),false,{29161},Commune,2026-03-24 14:41:57.028721+01,gold_establishments_2025,,,,21290161500014,2025,Collectivité Territoriale,Commune,['Finistère'],['Bretagne'],COM,{29},{53}
4b011420-c350-414f-a668-fa8b8cbcdb16,218803500,Commune de Pleuvezain (88),false,{88350},Commune,2026-03-24 14:42:11.118516+01,gold_establishments_2025,,,,21880350000014,2025,Collectivité Territoriale,Commune,['Vosges'],['Grand Est'],COM,{88},{44}
0c3c9092-8ce9-4e32-92ee-81f3cb760213,211602644,Commune de Pleuville (16),false,{16264},Commune,2026-03-24 14:41:54.362296+01,gold_establishments_2025,,,,21160264400018,2025,Collectivité Territoriale,Commune,['Charente'],['Nouvelle-Aquitaine'],COM,{16},{75}
9cd115c0-cbb0-47fe-9569-d330129e7289,212901623,Commune de Pleyben (29),false,{29162},Commune,2026-03-24 14:41:57.028721+01,gold_establishments_2025,,,,21290162300018,2025,Collectivité Territoriale,Commune,['Finistère'],['Bretagne'],COM,{29},{53}
be238d9d-75f3-4b4e-ae3c-f2bbc9ede815,212901631,Commune de Pleyber-Christ (29),false,{29163},Commune,2026-03-24 14:41:57.028721+01,gold_establishments_2025,,,,21290163100011,2025,Collectivité Territoriale,Commune,['Finistère'],['Bretagne'],COM,{29},{53}
1109b7fd-fd45-4c44-aaa8-30eb9db35e04,217902121,Commune de Pliboux (nan),false,{79212},Commune,2026-03-24 14:42:09.43682+01,gold_establishments_2025,,,,21790212100011,2025,Collectivité Territoriale,Commune,[''],[''],COM,,
63f77283-aa08-478b-98ea-835ce4d4c6b5,215104001,Commune de Plichancourt (51),false,{51433},Commune,2026-03-24 14:42:01.954481+01,gold_establishments_2025,,,,21510400100015,2025,Collectivité Territoriale,Commune,['Marne'],['Grand Est'],COM,{51},{44}
5202f37f-37cb-4e2f-9382-19b736cd2caf,213203201,Commune de Plieux (32),false,{32320},Commune,2026-03-24 14:41:58.09424+01,gold_establishments_2025,,,,21320320100016,2025,Collectivité Territoriale,Commune,['Gers'],['Occitanie'],COM,{32},{76}
34cbcb17-ef9f-45ff-849a-108468ae63ab,215104019,Commune de Plivot (51),false,{51434},Commune,2026-03-24 14:42:01.954481+01,gold_establishments_2025,,,,21510401900017,2025,Collectivité Territoriale,Commune,['Marne'],['Grand Est'],COM,{51},{44}
d2250e5e-5a67-45ad-a1e3-3be11d650eed,212901656,Commune de Plobannalec-Lesconil (29),false,{29165},Commune,2026-03-24 14:41:57.028721+01,gold_establishments_2025,,,,21290165600018,2025,Collectivité Territoriale,Commune,['Finistère'],['Bretagne'],COM,{29},{53}
4be4d5a0-7704-4e18-a1dc-79b74ac19f43,216703785,Commune de Plobsheim (67),false,{67378},Commune,2026-03-24 14:42:07.195692+01,gold_establishments_2025,,,,21670378500016,2025,Collectivité Territoriale,Commune,['Bas-Rhin'],['Grand Est'],COM,{67},{44}
d14d0dbc-326a-403a-b2bb-bd0038e8a1fd,215601618,Commune de Ploemel (56),false,{56161},Commune,2026-03-24 14:42:03.701372+01,gold_establishments_2025,,,,21560161800014,2025,Collectivité Territoriale,Commune,['Morbihan'],['Bretagne'],COM,{56},{53}
5c59c6b9-eaed-447c-b8be-dfc0806d1c82,215601626,Commune de Ploemeur (56),false,{56162},Commune,2026-03-24 14:42:03.701372+01,gold_establishments_2025,,,,21560162600017,2025,Collectivité Territoriale,Commune,['Morbihan'],['Bretagne'],COM,{56},{53}
25a04afe-256f-4164-a00b-e890e5c3be0d,215601642,Commune de Ploeren (56),false,{56164},Commune,2026-03-24 14:42:03.701372+01,gold_establishments_2025,,,,21560164200014,2025,Collectivité Territoriale,Commune,['Morbihan'],['Bretagne'],COM,{56},{53}
fb29bed8-c64e-4674-83b6-0c6ae5b21997,212901672,Commune de Plogastel-Saint-Germain (29),false,{29167},Commune,2026-03-24 14:41:57.028721+01,gold_establishments_2025,,,,21290167200015,2025,Collectivité Territoriale,Commune,['Finistère'],['Bretagne'],COM,{29},{53}
d376606c-2db3-4906-a167-7a70b9ea4644,212901680,Commune de Plogoff (29),false,{29168},Commune,2026-03-24 14:41:57.028721+01,gold_establishments_2025,,,,21290168000018,2025,Collectivité Territoriale,Commune,['Finistère'],['Bretagne'],COM,{29},{53}
47ca47eb-5fdf-490e-9779-a028ea8b2280,212901698,Commune de Plogonnec (29),false,{29169},Commune,2026-03-24 14:41:57.028721+01,gold_establishments_2025,,,,21290169800010,2025,Collectivité Territoriale,Commune,['Finistère'],['Bretagne'],COM,{29},{53}
0160e262-9bb5-4783-9a3a-ed9cd8cfc466,210205837,Commune de Ploisy (02),false,{02607},Commune,2026-03-24 14:41:52.020251+01,gold_establishments_2025,,,,21020583700011,2025,Collectivité Territoriale,Commune,['Aisne'],['Hauts-de-France'],COM,{02},{32}
d46e5f4b-0800-4109-9993-053a8faf56bc,218803518,Commune de Plombières-les-Bains (88),false,{88351},Commune,2026-03-24 14:42:11.118516+01,gold_establishments_2025,,,,21880351800016,2025,Collectivité Territoriale,Commune,['Vosges'],['Grand Est'],COM,{88},{44}
6b636ce2-7af0-453b-8a1e-fd1c872f7c37,212104855,Commune de Plombières-lès-Dijon (21),false,{21485},Commune,2026-03-24 14:41:55.433389+01,gold_establishments_2025,,,,21210485500011,2025,Collectivité Territoriale,Commune,"[""Côte-d'Or""]",['Bourgogne-Franche-Comté'],COM,{21},{27}
f37816ab-f7fb-4436-9b6a-4ffa4f7b4ecc,212901706,Commune de Plomelin (29),false,{29170},Commune,2026-03-24 14:41:57.028721+01,gold_establishments_2025,,,,21290170600011,2025,Collectivité Territoriale,Commune,['Finistère'],['Bretagne'],COM,{29},{53}
ee458fbc-ce47-49f4-9f08-8a08fd1e1b16,212901714,Commune de Plomeur (29),false,{29171},Commune,2026-03-24 14:41:57.028721+01,gold_establishments_2025,,,,21290171400015,2025,Collectivité Territoriale,Commune,['Finistère'],['Bretagne'],COM,{29},{53}
ca76e739-5339-477f-b29b-2f4c58852395,210205845,Commune de Plomion (02),false,{02608},Commune,2026-03-24 14:41:52.020251+01,gold_establishments_2025,,,,21020584500014,2025,Collectivité Territoriale,Commune,['Aisne'],['Hauts-de-France'],COM,{02},{32}
a4559818-568c-4959-94e2-9501cf859cf2,212901722,Commune de Plomodiern (29),false,{29172},Commune,2026-03-24 14:41:57.028721+01,gold_establishments_2025,,,,21290172200083,2025,Collectivité Territoriale,Commune,['Finistère'],['Bretagne'],COM,{29},{53}
d5cf86c6-7611-42a4-a2f1-94b82f508575,212901730,Commune de Plonéis (29),false,{29173},Commune,2026-03-24 14:41:57.028721+01,gold_establishments_2025,,,,21290173000011,2025,Collectivité Territoriale,Commune,['Finistère'],['Bretagne'],COM,{29},{53}
9d28b438-6052-4034-9267-bd8eb5844544,212901748,Commune de Plonéour-Lanvern (29),false,{29174},Commune,2026-03-24 14:41:57.028721+01,gold_establishments_2025,,,,21290174800013,2025,Collectivité Territoriale,Commune,['Finistère'],['Bretagne'],COM,{29},{53}
16ae0836-1ae6-479c-a849-fd670ce87ef9,212901763,Commune de Plonévez-Porzay (29),false,{29176},Commune,2026-03-24 14:41:57.028721+01,gold_establishments_2025,,,,21290176300012,2025,Collectivité Territoriale,Commune,['Finistère'],['Bretagne'],COM,{29},{53}
0a23093e-ba32-4ed3-906d-2cdaca747424,212901755,Commune de Plonévez-du-Faou (29),false,{29175},Commune,2026-03-24 14:41:57.028721+01,gold_establishments_2025,,,,21290175500018,2025,Collectivité Territoriale,Commune,['Finistère'],['Bretagne'],COM,{29},{53}
4ec5b3db-637c-4694-aaad-0ef371f8a267,212202055,Commune de Plorec-sur-Arguenon (22),false,{22205},Commune,2026-03-24 14:41:55.433389+01,gold_establishments_2025,,,,21220205500019,2025,Collectivité Territoriale,Commune,"[""Côtes-d'Armor""]",['Bretagne'],COM,{22},{53}
03eac51d-c027-4b32-8559-24d5b1b7ada4,217103530,Commune de Plottes (71),false,{71353},Commune,2026-03-24 14:42:07.735343+01,gold_establishments_2025,,,,21710353000010,2025,Collectivité Territoriale,Commune,['Saône-et-Loire'],['Bourgogne-Franche-Comté'],COM,{71},{27}
a267fb10-e89a-4f11-b0db-b07aeb4cc340,211801816,Commune de Plou (18),false,{18181},Commune,2026-03-24 14:41:54.903238+01,gold_establishments_2025,,,,21180181600011,2025,Collectivité Territoriale,Commune,['Cher'],['Centre-Val de Loire'],COM,{18},{24}
db380dcb-4d3e-447d-9d62-676426622277,212202071,Commune de Plouaret (22),false,{22207},Commune,2026-03-24 14:41:55.433389+01,gold_establishments_2025,,,,21220207100016,2025,Collectivité Territoriale,Commune,"[""Côtes-d'Armor""]",['Bretagne'],COM,{22},{53}
a85c495e-5138-4636-a3c8-1a998f7579d4,212901771,Commune de Plouarzel (29),false,{29177},Commune,2026-03-24 14:41:57.56054+01,gold_establishments_2025,,,,21290177100015,2025,Collectivité Territoriale,Commune,['Finistère'],['Bretagne'],COM,{29},{53}
84880208-9a28-46e5-82c8-da66306c1c05,212202089,Commune de Plouasne (22),false,{22208},Commune,2026-03-24 14:41:55.433389+01,gold_establishments_2025,,,,21220208900018,2025,Collectivité Territoriale,Commune,"[""Côtes-d'Armor""]",['Bretagne'],COM,{22},{53}
b683613c-4270-4228-aa3a-00bbec682362,215601667,Commune de Plouay (56),false,{56166},Commune,2026-03-24 14:42:03.701372+01,gold_establishments_2025,,,,21560166700011,2025,Collectivité Territoriale,Commune,['Morbihan'],['Bretagne'],COM,{56},{53}
b796217e-697f-4c3a-b71e-e61aa879b33c,212202105,Commune de Ploubazlanec (22),false,{22210},Commune,2026-03-24 14:41:55.433389+01,gold_establishments_2025,,,,21220210500012,2025,Collectivité Territoriale,Commune,"[""Côtes-d'Armor""]",['Bretagne'],COM,{22},{53}
8e6323ff-db03-4cac-a8ac-d160b495db69,212202113,Commune de Ploubezre (22),false,{22211},Commune,2026-03-24 14:41:55.433389+01,gold_establishments_2025,,,,21220211300016,2025,Collectivité Territoriale,Commune,"[""Côtes-d'Armor""]",['Bretagne'],COM,{22},{53}
76698b30-6f0e-4303-afa5-d385aa427655,212901789,Commune de Ploudalmézeau (29),false,{29178},Commune,2026-03-24 14:41:57.56054+01,gold_establishments_2025,,,,21290178900017,2025,Collectivité Territoriale,Commune,['Finistère'],['Bretagne'],COM,{29},{53}
8c32b53e-b39f-4c50-81e4-4d21334ee27c,212901797,Commune de Ploudaniel (29),false,{29179},Commune,2026-03-24 14:41:57.56054+01,gold_establishments_2025,,,,21290179700101,2025,Collectivité Territoriale,Commune,['Finistère'],['Bretagne'],COM,{29},{53}
cdb49dc2-4ab9-41b8-976b-43d3ef9f9812,212901805,Commune de Ploudiry (29),false,{29180},Commune,2026-03-24 14:41:57.56054+01,gold_establishments_2025,,,,21290180500011,2025,Collectivité Territoriale,Commune,['Finistère'],['Bretagne'],COM,{29},{53}
e2d2d473-fc9f-4b3f-8581-2c4d475d0c1c,212901854,Commune de Plouescat (29),false,{29185},Commune,2026-03-24 14:41:57.56054+01,gold_establishments_2025,,,,21290185400019,2025,Collectivité Territoriale,Commune,['Finistère'],['Bretagne'],COM,{29},{53}
425cc257-f738-4617-8060-db08c59d8122,212901862,Commune de Plouezoc'h (29),false,{29186},Commune,2026-03-24 14:41:57.56054+01,gold_establishments_2025,,,,21290186200012,2025,Collectivité Territoriale,Commune,['Finistère'],['Bretagne'],COM,{29},{53}
badb8d0d-289a-4043-83b5-cb3dae59d746,212202154,Commune de Ploufragan (22),false,{22215},Commune,2026-03-24 14:41:55.433389+01,gold_establishments_2025,,,,21220215400010,2025,Collectivité Territoriale,Commune,"[""Côtes-d'Armor""]",['Bretagne'],COM,{22},{53}
69f411cc-7e88-4ac2-a957-61672060cedd,212901870,Commune de Plougar (29),false,{29187},Commune,2026-03-24 14:41:57.56054+01,gold_establishments_2025,,,,21290187000015,2025,Collectivité Territoriale,Commune,['Finistère'],['Bretagne'],COM,{29},{53}
311f4cff-2d1d-4281-b89f-7f5becf5d490,212901888,Commune de Plougasnou (29),false,{29188},Commune,2026-03-24 14:41:57.56054+01,gold_establishments_2025,,,,21290188800017,2025,Collectivité Territoriale,Commune,['Finistère'],['Bretagne'],COM,{29},{53}
7a8b5a6a-c979-4a99-8f8b-22354371eb09,212901896,Commune de Plougastel-Daoulas (29),false,{29189},Commune,2026-03-24 14:41:57.56054+01,gold_establishments_2025,,,,21290189600010,2025,Collectivité Territoriale,Commune,['Finistère'],['Bretagne'],COM,{29},{53}
34e6e996-b45e-4b4f-aed1-410a1230403d,212901904,Commune de Plougonvelin (29),false,{29190},Commune,2026-03-24 14:41:57.56054+01,gold_establishments_2025,,,,21290190400012,2025,Collectivité Territoriale,Commune,['Finistère'],['Bretagne'],COM,{29},{53}
11245b03-8d20-44c6-af0e-697b22438e4d,212901912,Commune de Plougonven (29),false,{29191},Commune,2026-03-24 14:41:57.56054+01,gold_establishments_2025,,,,21290191200015,2025,Collectivité Territoriale,Commune,['Finistère'],['Bretagne'],COM,{29},{53}
d8aa1e35-8ddd-4729-b822-48c27b63d527,212202162,Commune de Plougonver (22),false,{22216},Commune,2026-03-24 14:41:55.433389+01,gold_establishments_2025,,,,21220216200013,2025,Collectivité Territoriale,Commune,"[""Côtes-d'Armor""]",['Bretagne'],COM,{22},{53}
1f736c1b-bf34-49cf-86cd-ef643a9c92f2,212901920,Commune de Plougoulm (29),false,{29192},Commune,2026-03-24 14:41:57.56054+01,gold_establishments_2025,,,,21290192000018,2025,Collectivité Territoriale,Commune,['Finistère'],['Bretagne'],COM,{29},{53}
bf0cf9b2-ff1b-421e-a09a-0bb0b7ef07b5,215601675,Commune de Plougoumelen (56),false,{56167},Commune,2026-03-24 14:42:03.701372+01,gold_establishments_2025,,,,21560167500014,2025,Collectivité Territoriale,Commune,['Morbihan'],['Bretagne'],COM,{56},{53}
d0203990-2dbf-4dab-99dd-d4ad9cac8508,212901938,Commune de Plougourvest (29),false,{29193},Commune,2026-03-24 14:41:57.56054+01,gold_establishments_2025,,,,21290193800010,2025,Collectivité Territoriale,Commune,['Finistère'],['Bretagne'],COM,{29},{53}
672cd1f3-0478-4ee5-a833-bb87b3671f1a,212202170,Commune de Plougras (22),false,{22217},Commune,2026-03-24 14:41:55.433389+01,gold_establishments_2025,,,,21220217000016,2025,Collectivité Territoriale,Commune,"[""Côtes-d'Armor""]",['Bretagne'],COM,{22},{53}
00bdefaa-aac2-4276-9a0b-cd00ba4c5ad1,212202188,Commune de Plougrescant (22),false,{22218},Commune,2026-03-24 14:41:55.433389+01,gold_establishments_2025,,,,21220218800018,2025,Collectivité Territoriale,Commune,"[""Côtes-d'Armor""]",['Bretagne'],COM,{22},{53}
93c42916-3aa8-4659-8f24-2621b879d485,200083707,Commune de Plouguenast-Langast (22),false,{22219},Commune,2026-03-24 14:41:55.433389+01,gold_establishments_2025,,,,20008370700014,2025,Collectivité Territoriale,Commune,"[""Côtes-d'Armor""]",['Bretagne'],COM,{22},{53}
cde79f35-9feb-4b05-9204-1e5ee065102c,212901953,Commune de Plouguerneau (29),false,{29195},Commune,2026-03-24 14:41:57.56054+01,gold_establishments_2025,,,,21290195300019,2025,Collectivité Territoriale,Commune,['Finistère'],['Bretagne'],COM,{29},{53}
ec30cf32-b76e-4150-aa8b-285d19c8aa1f,212202204,Commune de Plouguernével (22),false,{22220},Commune,2026-03-24 14:41:55.433389+01,gold_establishments_2025,,,,21220220400013,2025,Collectivité Territoriale,Commune,"[""Côtes-d'Armor""]",['Bretagne'],COM,{22},{53}
158d39a6-4833-4844-a0da-5075415d65fb,212202212,Commune de Plouguiel (22),false,{22221},Commune,2026-03-24 14:41:55.433389+01,gold_establishments_2025,,,,21220221200016,2025,Collectivité Territoriale,Commune,"[""Côtes-d'Armor""]",['Bretagne'],COM,{22},{53}
ed55bd7f-43ca-4c97-b4ca-d441c0212f16,212901961,Commune de Plouguin (29),false,{29196},Commune,2026-03-24 14:41:57.56054+01,gold_establishments_2025,,,,21290196100012,2025,Collectivité Territoriale,Commune,['Finistère'],['Bretagne'],COM,{29},{53}
81f4165c-a49b-49fc-8dbe-5d3c23348fe6,212202220,Commune de Plouha (22),false,{22222},Commune,2026-03-24 14:41:55.433389+01,gold_establishments_2025,,,,21220222000019,2025,Collectivité Territoriale,Commune,"[""Côtes-d'Armor""]",['Bretagne'],COM,{22},{53}
7e601f28-2b2f-46c9-8c70-a83308dcecf6,215601683,Commune de Plouharnel (56),false,{56168},Commune,2026-03-24 14:42:03.701372+01,gold_establishments_2025,,,,21560168300018,2025,Collectivité Territoriale,Commune,['Morbihan'],['Bretagne'],COM,{56},{53}
d7bdcccd-8588-49cd-af72-2e7854991d0f,212901979,Commune de Plouhinec (29),false,{29197},Commune,2026-03-24 14:41:57.56054+01,gold_establishments_2025,,,,21290197900121,2025,Collectivité Territoriale,Commune,['Finistère'],['Bretagne'],COM,{29},{53}
ac0dc870-9fab-42f3-82cb-2b4ee6b3abc1,215601691,Commune de Plouhinec (56),false,{56169},Commune,2026-03-24 14:42:03.701372+01,gold_establishments_2025,,,,21560169100011,2025,Collectivité Territoriale,Commune,['Morbihan'],['Bretagne'],COM,{56},{53}
46def382-8b26-4ea8-aabe-69881b2a6a78,212901987,Commune de Plouider (29),false,{29198},Commune,2026-03-24 14:41:57.56054+01,gold_establishments_2025,,,,21290198700017,2025,Collectivité Territoriale,Commune,['Finistère'],['Bretagne'],COM,{29},{53}
f99238ba-79fc-4a95-8eaa-6189f23e5e98,200083178,Commune de Plouigneau (29),false,{29199},Commune,2026-03-24 14:41:57.56054+01,gold_establishments_2025,,,,20008317800018,2025,Collectivité Territoriale,Commune,['Finistère'],['Bretagne'],COM,{29},{53}
9454fc03-efdb-4c1a-8e94-c24c2b05a83c,212202238,Commune de Plouisy (22),false,{22223},Commune,2026-03-24 14:41:55.433389+01,gold_establishments_2025,,,,21220223800011,2025,Collectivité Territoriale,Commune,"[""Côtes-d'Armor""]",['Bretagne'],COM,{22},{53}
58194887-737d-4387-906a-c2324aa8c8b7,212202246,Commune de Ploulec'h (22),false,{22224},Commune,2026-03-24 14:41:55.433389+01,gold_establishments_2025,,,,21220224600014,2025,Collectivité Territoriale,Commune,"[""Côtes-d'Armor""]",['Bretagne'],COM,{22},{53}
37b55bb1-0835-4536-be7c-573aa53bc0c7,212202253,Commune de Ploumagoar (22),false,{22225},Commune,2026-03-24 14:41:55.433389+01,gold_establishments_2025,,,,21220225300010,2025,Collectivité Territoriale,Commune,"[""Côtes-d'Armor""]",['Bretagne'],COM,{22},{53}
8fe67c8f-b7dd-4145-af8b-a8af8245fcab,212202261,Commune de Ploumilliau (22),false,{22226},Commune,2026-03-24 14:41:55.433389+01,gold_establishments_2025,,,,21220226100013,2025,Collectivité Territoriale,Commune,"[""Côtes-d'Armor""]",['Bretagne'],COM,{22},{53}
0525e1a8-ff64-4d2f-912b-244bfdb0ca0d,212902019,Commune de Ploumoguer (29),false,{29201},Commune,2026-03-24 14:41:57.56054+01,gold_establishments_2025,,,,21290201900018,2025,Collectivité Territoriale,Commune,['Finistère'],['Bretagne'],COM,{29},{53}
79be66e9-b34f-4028-a68c-5e1e88b5657c,200063055,Commune de Plounéour-Brignogan-plages (29),false,{29021},Commune,2026-03-24 14:41:57.028721+01,gold_establishments_2025,,,,20006305500012,2025,Collectivité Territoriale,Commune,['Finistère'],['Bretagne'],COM,{29},{53}
d0c12b50-ea62-44eb-8d7d-2361acba7080,212902027,Commune de Plounéour-Ménez (29),false,{29202},Commune,2026-03-24 14:41:57.56054+01,gold_establishments_2025,,,,21290202700011,2025,Collectivité Territoriale,Commune,['Finistère'],['Bretagne'],COM,{29},{53}
1e71142e-7266-429c-b26a-df7a96dd9e54,212202279,Commune de Plounérin (22),false,{22227},Commune,2026-03-24 14:41:55.433389+01,gold_establishments_2025,,,,21220227900015,2025,Collectivité Territoriale,Commune,"[""Côtes-d'Armor""]",['Bretagne'],COM,{22},{53}
adff876d-577d-4288-aa6c-c7d0846c172c,212902043,Commune de Plounéventer (29),false,{29204},Commune,2026-03-24 14:41:57.56054+01,gold_establishments_2025,,,,21290204300018,2025,Collectivité Territoriale,Commune,['Finistère'],['Bretagne'],COM,{29},{53}
cf71a4be-fc16-41ba-a8d9-37b57e71e79e,212902068,Commune de Plounévez-Lochrist (29),false,{29206},Commune,2026-03-24 14:41:57.56054+01,gold_establishments_2025,,,,21290206800015,2025,Collectivité Territoriale,Commune,['Finistère'],['Bretagne'],COM,{29},{53}
5afd429b-5c10-425c-83d3-9920508ccd50,212202287,Commune de Plounévez-Moëdec (22),false,{22228},Commune,2026-03-24 14:41:55.433389+01,gold_establishments_2025,,,,21220228700018,2025,Collectivité Territoriale,Commune,"[""Côtes-d'Armor""]",['Bretagne'],COM,{22},{53}
9c88b641-7ab3-44b2-bf32-244ec84d24b5,212202295,Commune de Plounévez-Quintin (22),false,{22229},Commune,2026-03-24 14:41:55.433389+01,gold_establishments_2025,,,,21220229500011,2025,Collectivité Territoriale,Commune,"[""Côtes-d'Armor""]",['Bretagne'],COM,{22},{53}
b7bc0f60-e7f2-42e0-a558-09bc01589298,212902050,Commune de Plounévézel (29),false,{29205},Commune,2026-03-24 14:41:57.56054+01,gold_establishments_2025,,,,21290205000013,2025,Collectivité Territoriale,Commune,['Finistère'],['Bretagne'],COM,{29},{53}
48ab7f11-5a5d-4fb5-9f9f-27835bc63feb,212202311,Commune de Plourac'h (22),false,{22231},Commune,2026-03-24 14:41:55.433389+01,gold_establishments_2025,,,,21220231100016,2025,Collectivité Territoriale,Commune,"[""Côtes-d'Armor""]",['Bretagne'],COM,{22},{53}
2352846a-80cd-44d1-a832-a3340ca848a8,215601709,Commune de Plouray (56),false,{56170},Commune,2026-03-24 14:42:03.701372+01,gold_establishments_2025,,,,21560170900011,2025,Collectivité Territoriale,Commune,['Morbihan'],['Bretagne'],COM,{56},{53}
9c928106-05bd-40b9-a71b-1b915e0ee1ef,212202329,Commune de Plourhan (22),false,{22232},Commune,2026-03-24 14:41:55.433389+01,gold_establishments_2025,,,,21220232900018,2025,Collectivité Territoriale,Commune,"[""Côtes-d'Armor""]",['Bretagne'],COM,{22},{53}
f4ed8913-b4af-4ef3-82ac-9683cd3c0a1c,212902084,Commune de Plourin (29),false,{29208},Commune,2026-03-24 14:41:57.56054+01,gold_establishments_2025,,,,21290208400012,2025,Collectivité Territoriale,Commune,['Finistère'],['Bretagne'],COM,{29},{53}
b17846c1-7dbc-41ad-90b3-68f9c4d824b8,212902076,Commune de Plourin-lès-Morlaix (29),false,{29207},Commune,2026-03-24 14:41:57.56054+01,gold_establishments_2025,,,,21290207600018,2025,Collectivité Territoriale,Commune,['Finistère'],['Bretagne'],COM,{29},{53}
62ce7567-4a22-4052-a66e-d6ec317531b2,212202337,Commune de Plourivo (22),false,{22233},Commune,2026-03-24 14:41:55.433389+01,gold_establishments_2025,,,,21220233700086,2025,Collectivité Territoriale,Commune,"[""Côtes-d'Armor""]",['Bretagne'],COM,{22},{53}
ad6e4987-5d2a-4b89-89bf-831844805169,216206607,Commune de Plouvain (62),false,{62660},Commune,2026-03-24 14:42:05.597325+01,gold_establishments_2025,,,,21620660700014,2025,Collectivité Territoriale,Commune,['Pas-de-Calais'],['Hauts-de-France'],COM,{62},{32}
95694a1f-269a-48cc-a0c7-c9a7fb940dae,212202345,Commune de Plouvara (22),false,{22234},Commune,2026-03-24 14:41:55.433389+01,gold_establishments_2025,,,,21220234500014,2025,Collectivité Territoriale,Commune,"[""Côtes-d'Armor""]",['Bretagne'],COM,{22},{53}
dcb4db2d-3f49-4bc3-828b-f7704b6a12df,212902092,Commune de Plouvien (29),false,{29209},Commune,2026-03-24 14:41:57.56054+01,gold_establishments_2025,,,,21290209200015,2025,Collectivité Territoriale,Commune,['Finistère'],['Bretagne'],COM,{29},{53}
7727d0c5-a630-45a5-bb83-d1258d9dc0a7,212902100,Commune de Plouvorn (29),false,{29210},Commune,2026-03-24 14:41:57.56054+01,gold_establishments_2025,,,,21290210000016,2025,Collectivité Territoriale,Commune,['Finistère'],['Bretagne'],COM,{29},{53}
a9fddfb6-9bed-44af-966f-54df71a1074e,212902118,Commune de Plouyé (29),false,{29211},Commune,2026-03-24 14:41:57.56054+01,gold_establishments_2025,,,,21290211800018,2025,Collectivité Territoriale,Commune,['Finistère'],['Bretagne'],COM,{29},{53}
759e0e70-6985-4e24-9022-3c052536167d,212902126,Commune de Plouzané (29),false,{29212},Commune,2026-03-24 14:41:57.56054+01,gold_establishments_2025,,,,21290212600011,2025,Collectivité Territoriale,Commune,['Finistère'],['Bretagne'],COM,{29},{53}
3bf422f8-9bd3-4be6-aa21-b477dab98211,212202352,Commune de Plouzélambre (22),false,{22235},Commune,2026-03-24 14:41:55.433389+01,gold_establishments_2025,,,,21220235200010,2025,Collectivité Territoriale,Commune,"[""Côtes-d'Armor""]",['Bretagne'],COM,{22},{53}
139f7ca3-7ad3-4b71-acfb-73a18ce784a2,212902134,Commune de Plouzévédé (29),false,{29213},Commune,2026-03-24 14:41:57.56054+01,gold_establishments_2025,,,,21290213400015,2025,Collectivité Territoriale,Commune,['Finistère'],['Bretagne'],COM,{29},{53}
af986365-1263-45a4-b995-a6722b1ec1ad,212901813,Commune de Plouédern (29),false,{29181},Commune,2026-03-24 14:41:57.56054+01,gold_establishments_2025,,,,21290181300015,2025,Collectivité Territoriale,Commune,['Finistère'],['Bretagne'],COM,{29},{53}
24ff5ef7-a412-4d62-afa4-60ca551f75c6,212901821,Commune de Plouégat-Guérand (29),false,{29182},Commune,2026-03-24 14:41:57.56054+01,gold_establishments_2025,,,,21290182100018,2025,Collectivité Territoriale,Commune,['Finistère'],['Bretagne'],COM,{29},{53}
5e4fa2a3-2958-4d58-8970-238bff09b591,212901839,Commune de Plouégat-Moysan (29),false,{29183},Commune,2026-03-24 14:41:57.56054+01,gold_establishments_2025,,,,21290183900010,2025,Collectivité Territoriale,Commune,['Finistère'],['Bretagne'],COM,{29},{53}
34e9996a-7280-428d-902f-476f501b4aaf,212901847,Commune de Plouénan (29),false,{29184},Commune,2026-03-24 14:41:57.56054+01,gold_establishments_2025,,,,21290184700013,2025,Collectivité Territoriale,Commune,['Finistère'],['Bretagne'],COM,{29},{53}
6e2554d6-cb67-4dc2-818c-17900f30844f,212202147,Commune de Plouézec (22),false,{22214},Commune,2026-03-24 14:41:55.433389+01,gold_establishments_2025,,,,21220214700014,2025,Collectivité Territoriale,Commune,"[""Côtes-d'Armor""]",['Bretagne'],COM,{22},{53}
84d38fec-7acf-451d-b420-f9c2000edde6,212202121,Commune de Plouëc-du-Trieux (22),false,{22212},Commune,2026-03-24 14:41:55.433389+01,gold_establishments_2025,,,,21220212100019,2025,Collectivité Territoriale,Commune,"[""Côtes-d'Armor""]",['Bretagne'],COM,{22},{53}
cf73473e-2480-40aa-a444-463d8ab2ffd1,212202139,Commune de Plouër-sur-Rance (22),false,{22213},Commune,2026-03-24 14:41:55.433389+01,gold_establishments_2025,,,,21220213900011,2025,Collectivité Territoriale,Commune,"[""Côtes-d'Armor""]",['Bretagne'],COM,{22},{53}
e868f35c-960d-4e6f-a11b-02938816b4fa,212902142,Commune de Plovan (29),false,{29214},Commune,2026-03-24 14:41:57.56054+01,gold_establishments_2025,,,,21290214200018,2025,Collectivité Territoriale,Commune,['Finistère'],['Bretagne'],COM,{29},{53}
dd8f82f3-dd04-42c2-ac28-9d43a115c98c,210205852,Commune de Ployart-et-Vaurseine (02),false,{02609},Commune,2026-03-24 14:41:52.020251+01,gold_establishments_2025,,,,21020585200010,2025,Collectivité Territoriale,Commune,['Aisne'],['Hauts-de-France'],COM,{02},{32}
d347322d-2b02-4a1f-98ba-146cddb9ee87,212902159,Commune de Plozévet (29),false,{29215},Commune,2026-03-24 14:41:57.56054+01,gold_establishments_2025,,,,21290215900012,2025,Collectivité Territoriale,Commune,['Finistère'],['Bretagne'],COM,{29},{53}
1fe3b311-1ae5-41f8-81cf-691c7a31b8dc,212901664,Commune de Ploéven (29),false,{29166},Commune,2026-03-24 14:41:57.028721+01,gold_establishments_2025,,,,21290166400012,2025,Collectivité Territoriale,Commune,['Finistère'],['Bretagne'],COM,{29},{53}
67dda71c-0ed5-44a6-8b51-3e1eabffef84,215601634,Commune de Ploërdut (56),false,{56163},Commune,2026-03-24 14:42:03.701372+01,gold_establishments_2025,,,,21560163400011,2025,Collectivité Territoriale,Commune,['Morbihan'],['Bretagne'],COM,{56},{53}
d109c0e3-3d60-46f6-9985-5027b7a48212,200086791,Commune de Ploërmel (56),false,{56165},Commune,2026-03-24 14:42:03.701372+01,gold_establishments_2025,,,,20008679100015,2025,Collectivité Territoriale,Commune,['Morbihan'],['Bretagne'],COM,{56},{53}
f29dedfb-2386-4740-bf6a-a9d69d918f06,212202048,Commune de Ploëzal (22),false,{22204},Commune,2026-03-24 14:41:55.433389+01,gold_establishments_2025,,,,21220204800014,2025,Collectivité Territoriale,Commune,"[""Côtes-d'Armor""]",['Bretagne'],COM,{22},{53}
e5042def-518d-487c-a5a3-0c20cc8d26ef,212202360,Commune de Pludual (22),false,{22236},Commune,2026-03-24 14:41:55.433389+01,gold_establishments_2025,,,,21220236000013,2025,Collectivité Territoriale,Commune,"[""Côtes-d'Armor""]",['Bretagne'],COM,{22},{53}
a9102364-0675-4c7d-adf2-0152b4da92e0,212202378,Commune de Pluduno (nan),false,{22237},Commune,2026-03-24 14:41:55.958138+01,gold_establishments_2025,,,,21220237800106,2025,Collectivité Territoriale,Commune,[''],[''],COM,,
7312b64e-8ef3-47bb-b4e5-eaf25c62f797,212202386,Commune de Plufur (22),false,{22238},Commune,2026-03-24 14:41:55.958138+01,gold_establishments_2025,,,,21220238600018,2025,Collectivité Territoriale,Commune,"[""Côtes-d'Armor""]",['Bretagne'],COM,{22},{53}
6496ef6c-9503-4353-9e16-ddf833dff0b8,212902167,Commune de Pluguffan (29),false,{29216},Commune,2026-03-24 14:41:57.56054+01,gold_establishments_2025,,,,21290216700015,2025,Collectivité Territoriale,Commune,['Finistère'],['Bretagne'],COM,{29},{53}
d53fe285-eeea-438a-8174-c3511e052a9d,215601717,Commune de Pluherlin (56),false,{56171},Commune,2026-03-24 14:42:03.701372+01,gold_establishments_2025,,,,21560171700014,2025,Collectivité Territoriale,Commune,['Morbihan'],['Bretagne'],COM,{56},{53}
2d344e6d-4878-48b1-adc4-96e243175ac1,212202394,Commune de Plumaudan (22),false,{22239},Commune,2026-03-24 14:41:55.958138+01,gold_establishments_2025,,,,21220239400012,2025,Collectivité Territoriale,Commune,"[""Côtes-d'Armor""]",['Bretagne'],COM,{22},{53}
3d67781c-8678-49ae-83bc-5860f27caa42,212202402,Commune de Plumaugat (22),false,{22240},Commune,2026-03-24 14:41:55.958138+01,gold_establishments_2025,,,,21220240200013,2025,Collectivité Territoriale,Commune,"[""Côtes-d'Armor""]",['Bretagne'],COM,{22},{53}
bdbcf681-7406-4e5e-8bf0-259af6cd63ae,215601725,Commune de Plumelec (56),false,{56172},Commune,2026-03-24 14:42:03.701372+01,gold_establishments_2025,,,,21560172500017,2025,Collectivité Territoriale,Commune,['Morbihan'],['Bretagne'],COM,{56},{53}
8d38ab39-d4a7-4ed7-b347-14b335700b55,215601741,Commune de Plumelin (56),false,{56174},Commune,2026-03-24 14:42:03.701372+01,gold_establishments_2025,,,,21560174100014,2025,Collectivité Territoriale,Commune,['Morbihan'],['Bretagne'],COM,{56},{53}
18fc4331-f320-4555-b8e8-8455eb7604b2,215601758,Commune de Plumergat (56),false,{56175},Commune,2026-03-24 14:42:03.701372+01,gold_establishments_2025,,,,21560175800018,2025,Collectivité Territoriale,Commune,['Morbihan'],['Bretagne'],COM,{56},{53}
58a0f0e5-ca9a-4d2b-804e-ec2298b36cba,211405097,Commune de Plumetot (14),false,{14509},Commune,2026-03-24 14:41:54.362296+01,gold_establishments_2025,,,,21140509700018,2025,Collectivité Territoriale,Commune,['Calvados'],['Normandie'],COM,{14},{28}
10cb06ff-9c9a-4466-a850-4b9188ade20d,212202410,Commune de Plumieux (22),false,{22241},Commune,2026-03-24 14:41:55.958138+01,gold_establishments_2025,,,,21220241000016,2025,Collectivité Territoriale,Commune,"[""Côtes-d'Armor""]",['Bretagne'],COM,{22},{53}
084790e0-1dbc-478d-a555-a553d073c264,213904303,Commune de Plumont (39),false,{39430},Commune,2026-03-24 14:41:59.705606+01,gold_establishments_2025,,,,21390430300012,2025,Collectivité Territoriale,Commune,['Jura'],['Bourgogne-Franche-Comté'],COM,{39},{27}
a805ac3b-1430-44c7-9fd5-94dcb92e07eb,200085041,Commune de Pluméliau-Bieuzy (56),false,{56173},Commune,2026-03-24 14:42:03.701372+01,gold_establishments_2025,,,,20008504100016,2025,Collectivité Territoriale,Commune,['Morbihan'],['Bretagne'],COM,{56},{53}
8f8adc80-c046-4c06-844f-c02fc01c5b08,215601766,Commune de Pluneret (56),false,{56176},Commune,2026-03-24 14:42:03.701372+01,gold_establishments_2025,,,,21560176600011,2025,Collectivité Territoriale,Commune,['Morbihan'],['Bretagne'],COM,{56},{53}
5b1b3061-4ddb-47f4-98af-9818ccf3c001,212202428,Commune de Plurien (22),false,{22242},Commune,2026-03-24 14:41:55.958138+01,gold_establishments_2025,,,,21220242800018,2025,Collectivité Territoriale,Commune,"[""Côtes-d'Armor""]",['Bretagne'],COM,{22},{53}
edd4a24a-ac8b-4fd8-a707-d40d31d6aa18,212202436,Commune de Plusquellec (22),false,{22243},Commune,2026-03-24 14:41:55.958138+01,gold_establishments_2025,,,,21220243600011,2025,Collectivité Territoriale,Commune,"[""Côtes-d'Armor""]",['Bretagne'],COM,{22},{53}
f8fb559d-70f4-4c32-8ab7-94f617ebda1a,212202444,Commune de Plussulien (22),false,{22244},Commune,2026-03-24 14:41:55.958138+01,gold_establishments_2025,,,,21220244400015,2025,Collectivité Territoriale,Commune,"[""Côtes-d'Armor""]",['Bretagne'],COM,{22},{53}
b1e663a4-83d0-4c99-bd23-393cf5c71a81,212104871,Commune de Pluvet (21),false,{21487},Commune,2026-03-24 14:41:55.433389+01,gold_establishments_2025,,,,21210487100018,2025,Collectivité Territoriale,Commune,"[""Côte-d'Or""]",['Bourgogne-Franche-Comté'],COM,{21},{27}
77915e25-6e0b-490f-a6eb-24bb15edb48c,215601774,Commune de Pluvigner (56),false,{56177},Commune,2026-03-24 14:42:03.701372+01,gold_establishments_2025,,,,21560177400015,2025,Collectivité Territoriale,Commune,['Morbihan'],['Bretagne'],COM,{56},{53}
4f0fef3f-b3d6-4bf8-b222-104079262a8c,212202451,Commune de Pluzunet (22),false,{22245},Commune,2026-03-24 14:41:55.958138+01,gold_establishments_2025,,,,21220245100010,2025,Collectivité Territoriale,Commune,"[""Côtes-d'Armor""]",['Bretagne'],COM,{22},{53}
071a22e7-f6d8-4ec1-921e-efd7f35d765d,212201743,Commune de Pléboulle (22),false,{22174},Commune,2026-03-24 14:41:55.433389+01,gold_establishments_2025,,,,21220174300011,2025,Collectivité Territoriale,Commune,"[""Côtes-d'Armor""]",['Bretagne'],COM,{22},{53}
b11ae8bf-343d-42e9-96aa-880afe762690,213502214,Commune de Pléchâtel (35),false,{35221},Commune,2026-03-24 14:41:58.620411+01,gold_establishments_2025,,,,21350221400017,2025,Collectivité Territoriale,Commune,['Ille-et-Vilaine'],['Bretagne'],COM,{35},{53}
614dcec7-69c7-4c20-81cc-5e70b4e515d6,212201768,Commune de Plédran (22),false,{22176},Commune,2026-03-24 14:41:55.433389+01,gold_establishments_2025,,,,21220176800018,2025,Collectivité Territoriale,Commune,"[""Côtes-d'Armor""]",['Bretagne'],COM,{22},{53}
4577e703-1a8d-4156-8031-263395b039d0,212201750,Commune de Plédéliac (22),false,{22175},Commune,2026-03-24 14:41:55.433389+01,gold_establishments_2025,,,,21220175000016,2025,Collectivité Territoriale,Commune,"[""Côtes-d'Armor""]",['Bretagne'],COM,{22},{53}
963a16e5-9743-4807-8bd4-8b237f84c49a,212201776,Commune de Pléguien (22),false,{22177},Commune,2026-03-24 14:41:55.433389+01,gold_establishments_2025,,,,21220177600011,2025,Collectivité Territoriale,Commune,"[""Côtes-d'Armor""]",['Bretagne'],COM,{22},{53}
6be3de80-d505-4b2f-be15-bab71d715a1d,212201784,Commune de Pléhédel (22),false,{22178},Commune,2026-03-24 14:41:55.433389+01,gold_establishments_2025,,,,21220178400015,2025,Collectivité Territoriale,Commune,"[""Côtes-d'Armor""]",['Bretagne'],COM,{22},{53}
69dc0aca-8b21-466f-8292-9841494b4a41,213502230,Commune de Plélan-le-Grand (35),false,{35223},Commune,2026-03-24 14:41:58.620411+01,gold_establishments_2025,,,,21350223000013,2025,Collectivité Territoriale,Commune,['Ille-et-Vilaine'],['Bretagne'],COM,{35},{53}
652da961-e8bb-4ee5-839e-4b7f7eb6baff,212201800,Commune de Plélan-le-Petit (22),false,{22180},Commune,2026-03-24 14:41:55.433389+01,gold_establishments_2025,,,,21220180000019,2025,Collectivité Territoriale,Commune,"[""Côtes-d'Armor""]",['Bretagne'],COM,{22},{53}
60c97e18-7235-48c7-91ef-b77d8cedfde3,212201818,Commune de Plélauff (22),false,{22181},Commune,2026-03-24 14:41:55.433389+01,gold_establishments_2025,,,,21220181800011,2025,Collectivité Territoriale,Commune,"[""Côtes-d'Armor""]",['Bretagne'],COM,{22},{53}
17942f18-e2c6-455f-be88-aeb923ffde5f,212201826,Commune de Plélo (22),false,{22182},Commune,2026-03-24 14:41:55.433389+01,gold_establishments_2025,,,,21220182600089,2025,Collectivité Territoriale,Commune,"[""Côtes-d'Armor""]",['Bretagne'],COM,{22},{53}
e2850d9e-c69c-4476-8d95-33002bb07d4c,200057826,Commune de Plémet (22),false,{22183},Commune,2026-03-24 14:41:55.433389+01,gold_establishments_2025,,,,20005782600014,2025,Collectivité Territoriale,Commune,"[""Côtes-d'Armor""]",['Bretagne'],COM,{22},{53}
e43cac80-1af4-48e8-8ef6-ba62f444add1,212201842,Commune de Plémy (22),false,{22184},Commune,2026-03-24 14:41:55.433389+01,gold_establishments_2025,,,,21220184200011,2025,Collectivité Territoriale,Commune,"[""Côtes-d'Armor""]",['Bretagne'],COM,{22},{53}
e90d144c-a0ed-4195-9624-3cef346a336c,212201867,Commune de Pléneuf-Val-André (22),false,{22186},Commune,2026-03-24 14:41:55.433389+01,gold_establishments_2025,,,,21220186700018,2025,Collectivité Territoriale,Commune,"[""Côtes-d'Armor""]",['Bretagne'],COM,{22},{53}
d046eac9-9c1a-4a99-8f11-b81be9db6fa7,213904279,Commune de Plénise (39),false,{39427},Commune,2026-03-24 14:41:59.705606+01,gold_establishments_2025,,,,21390427900014,2025,Collectivité Territoriale,Commune,['Jura'],['Bourgogne-Franche-Comté'],COM,{39},{27}
59c1f603-d277-4373-a227-eeee7a54aacb,213904287,Commune de Plénisette (39),false,{39428},Commune,2026-03-24 14:41:59.705606+01,gold_establishments_2025,,,,21390428700017,2025,Collectivité Territoriale,Commune,['Jura'],['Bourgogne-Franche-Comté'],COM,{39},{27}
1ab58a2c-c1cc-44dc-b87c-dd742b5f189a,212201859,Commune de Plénée-Jugon (22),false,{22185},Commune,2026-03-24 14:41:55.433389+01,gold_establishments_2025,,,,21220185900015,2025,Collectivité Territoriale,Commune,"[""Côtes-d'Armor""]",['Bretagne'],COM,{22},{53}
685d2122-db46-48d2-aa7f-da3334d2d9b2,212201875,Commune de Plérin (22),false,{22187},Commune,2026-03-24 14:41:55.433389+01,gold_establishments_2025,,,,21220187500011,2025,Collectivité Territoriale,Commune,"[""Côtes-d'Armor""]",['Bretagne'],COM,{22},{53}
d2ad9744-e267-4d7d-ba2f-06916f729ae5,212201891,Commune de Plésidy (22),false,{22189},Commune,2026-03-24 14:41:55.433389+01,gold_establishments_2025,,,,21220189100018,2025,Collectivité Territoriale,Commune,"[""Côtes-d'Armor""]",['Bretagne'],COM,{22},{53}
fccc43c0-91a6-40bb-be54-dbc5f6e66303,212202006,Commune de Pléven (nan),false,{22200},Commune,2026-03-24 14:41:55.433389+01,gold_establishments_2025,,,,21220200600012,2025,Collectivité Territoriale,Commune,[''],[''],COM,,
c26c5c8c-84d9-443f-a3d3-df6548681388,212203921,Commune de Plévenon (22),false,{22201},Commune,2026-03-24 14:41:55.433389+01,gold_establishments_2025,,,,21220392100011,2025,Collectivité Territoriale,Commune,"[""Côtes-d'Armor""]",['Bretagne'],COM,{22},{53}
ce78e152-af0b-4479-be3c-dafbabc336b7,212202022,Commune de Plévin (22),false,{22202},Commune,2026-03-24 14:41:55.433389+01,gold_establishments_2025,,,,21220202200019,2025,Collectivité Territoriale,Commune,"[""Côtes-d'Armor""]",['Bretagne'],COM,{22},{53}
eb7e3f5e-368a-4e3e-b0ec-eb6fcb8daa0c,200054252,Commune de Plœuc-L'Hermitage (22),false,{22203},Commune,2026-03-24 14:41:55.433389+01,gold_establishments_2025,,,,20005425200016,2025,Collectivité Territoriale,Commune,"[""Côtes-d'Armor""]",['Bretagne'],COM,{22},{53}
d29cff4c-b1fe-4323-a0e7-c2b848d72c27,215104027,Commune de Pocancy (51),false,{51435},Commune,2026-03-24 14:42:01.954481+01,gold_establishments_2025,,,,21510402700010,2025,Collectivité Territoriale,Commune,['Marne'],['Grand Est'],COM,{51},{44}
5df26ac9-3167-4c7e-8ca6-372cfc23004f,213502297,Commune de Pocé-les-Bois (35),false,{35229},Commune,2026-03-24 14:41:58.620411+01,gold_establishments_2025,,,,21350229700012,2025,Collectivité Territoriale,Commune,['Ille-et-Vilaine'],['Bretagne'],COM,{35},{53}
c08e175b-9a5a-4206-955c-c4833bdcbb1c,213701857,Commune de Pocé-sur-Cisse (37),false,{37185},Commune,2026-03-24 14:41:59.160244+01,gold_establishments_2025,,,,21370185700012,2025,Collectivité Territoriale,Commune,['Indre-et-Loire'],['Centre-Val de Loire'],COM,{37},{24}
e742a321-3ba2-4321-97e8-ecc527883044,213303274,Commune de Podensac (33),false,{33327},Commune,2026-03-24 14:41:58.620411+01,gold_establishments_2025,,,,21330327400012,2025,Collectivité Territoriale,Commune,['Gironde'],['Nouvelle-Aquitaine'],COM,{33},{75}
dbcff76f-08dc-4a51-bd1c-cf27b01d2b32,216404491,Commune de Poey-d'Oloron (64),false,{64449},Commune,2026-03-24 14:42:06.665412+01,gold_establishments_2025,,,,21640449100013,2025,Collectivité Territoriale,Commune,['Pyrénées-Atlantiques'],['Nouvelle-Aquitaine'],COM,{64},{75}
6e45c209-f7dc-4078-b3f8-fa32be88becc,216404483,Commune de Poey-de-Lescar (64),false,{64448},Commune,2026-03-24 14:42:06.665412+01,gold_establishments_2025,,,,21640448300010,2025,Collectivité Territoriale,Commune,['Pyrénées-Atlantiques'],['Nouvelle-Aquitaine'],COM,{64},{75}
65d10b0f-24fb-43e7-98d4-1894b94f9429,212002414,Commune de Poggio-Marinaccio (2B),false,{2B241},Commune,2026-03-24 14:41:57.56054+01,gold_establishments_2025,,,,21200241400010,2025,Collectivité Territoriale,Commune,['Haute-Corse'],['Corse'],COM,{2B},{94}
53de75bd-647a-4b14-81ff-8ceaf6549ecb,212002422,Commune de Poggio-Mezzana (2B),false,{2B242},Commune,2026-03-24 14:41:57.56054+01,gold_establishments_2025,,,,21200242200013,2025,Collectivité Territoriale,Commune,['Haute-Corse'],['Corse'],COM,{2B},{94}
228b7aae-484f-4cec-8688-c26a6977eb7f,212002398,Commune de Poggio-d'Oletta (2B),false,{2B239},Commune,2026-03-24 14:41:57.56054+01,gold_establishments_2025,,,,21200239800015,2025,Collectivité Territoriale,Commune,['Haute-Corse'],['Corse'],COM,{2B},{94}
5c9a565d-1d15-4b59-9c24-47ae1844e4aa,212002364,Commune de Poggio-di-Nazza (2B),false,{2B236},Commune,2026-03-24 14:41:57.56054+01,gold_establishments_2025,,,,21200236400017,2025,Collectivité Territoriale,Commune,['Haute-Corse'],['Corse'],COM,{2B},{94}
926f1bfd-cd5f-4f45-885a-c4c9f84326db,212002380,Commune de Poggio-di-Venaco (2B),false,{2B238},Commune,2026-03-24 14:41:57.56054+01,gold_establishments_2025,,,,21200238000013,2025,Collectivité Territoriale,Commune,['Haute-Corse'],['Corse'],COM,{2B},{94}
e327c56a-acbc-48c2-ab9f-856e67c7e232,212002406,Commune de Poggiolo (2A),false,{2A240},Commune,2026-03-24 14:41:57.56054+01,gold_establishments_2025,,,,21200240600016,2025,Collectivité Territoriale,Commune,['Corse-du-Sud'],['Corse'],COM,{2A},{94}
9a87a18a-4b6f-46fc-8f6f-5512ecae971c,215104035,Commune de Pogny (51),false,{51436},Commune,2026-03-24 14:42:01.954481+01,gold_establishments_2025,,,,21510403500013,2025,Collectivité Territoriale,Commune,['Marne'],['Grand Est'],COM,{51},{44}
35a55130-6a6d-44aa-ad9b-48269e823297,213904311,Commune de Poids-de-Fiole (39),false,{39431},Commune,2026-03-24 14:41:59.705606+01,gold_establishments_2025,,,,21390431100015,2025,Collectivité Territoriale,Commune,['Jura'],['Bourgogne-Franche-Comté'],COM,{39},{27}
3a44e820-b3c9-43a3-b101-1d556df468ab,217703685,Commune de Poigny (77),false,{77368},Commune,2026-03-24 14:42:09.43682+01,gold_establishments_2025,,,,21770368500016,2025,Collectivité Territoriale,Commune,['Seine-et-Marne'],['Île-de-France'],COM,{77},{11}
fd4618f6-6bf4-4bd0-8837-90063d65f0af,217804970,Commune de Poigny-la-Forêt (78),false,{78497},Commune,2026-03-24 14:42:09.43682+01,gold_establishments_2025,,,,21780497000010,2025,Collectivité Territoriale,Commune,['Yvelines'],['Île-de-France'],COM,{78},{11}
24121bc9-c00f-4639-9ecd-ad2d5be1ce79,215802117,Commune de Poil (58),false,{58211},Commune,2026-03-24 14:42:04.280096+01,gold_establishments_2025,,,,21580211700014,2025,Collectivité Territoriale,Commune,['Nièvre'],['Bourgogne-Franche-Comté'],COM,{58},{27}
7c957aaf-f938-4490-9e0b-6c344d13f215,210803060,Commune de Poilcourt-Sydney (08),false,{08340},Commune,2026-03-24 14:41:53.095366+01,gold_establishments_2025,,,,21080306000016,2025,Collectivité Territoriale,Commune,['Ardennes'],['Grand Est'],COM,{08},{44}
9e7a9848-5474-4fb8-972f-33f36908f439,213402068,Commune de Poilhes (34),false,{34206},Commune,2026-03-24 14:41:58.620411+01,gold_establishments_2025,,,,21340206800018,2025,Collectivité Territoriale,Commune,['Hérault'],['Occitanie'],COM,{34},{76}
83841167-360f-41a9-9a02-79b2ec08922f,213502305,Commune de Poilley (35),false,{35230},Commune,2026-03-24 14:41:58.620411+01,gold_establishments_2025,,,,21350230500013,2025,Collectivité Territoriale,Commune,['Ille-et-Vilaine'],['Bretagne'],COM,{35},{53}
4f26737d-db72-430c-a2eb-9127c9abba65,215004078,Commune de Poilley (50),false,{50407},Commune,2026-03-24 14:42:01.412377+01,gold_establishments_2025,,,,21500407800014,2025,Collectivité Territoriale,Commune,['Manche'],['Normandie'],COM,{50},{28}
b2b1f6ad-ec40-4974-b152-d25ea69684ce,215104043,Commune de Poilly (51),false,{51437},Commune,2026-03-24 14:42:01.954481+01,gold_establishments_2025,,,,21510404300017,2025,Collectivité Territoriale,Commune,['Marne'],['Grand Est'],COM,{51},{44}
45b87d30-6753-4283-aed7-70dda602e221,214502544,Commune de Poilly-lez-Gien (45),false,{45254},Commune,2026-03-24 14:42:00.862623+01,gold_establishments_2025,,,,21450254400015,2025,Collectivité Territoriale,Commune,['Loiret'],['Centre-Val de Loire'],COM,{45},{24}
8dad5dff-ea67-4408-bf7d-e445ef03f295,218903037,Commune de Poilly-sur-Serein (89),false,{89303},Commune,2026-03-24 14:42:11.659493+01,gold_establishments_2025,,,,21890303700016,2025,Collectivité Territoriale,Commune,['Yonne'],['Bourgogne-Franche-Comté'],COM,{89},{27}
9a73f01a-1d43-473d-9ed4-00c0d6cbe6bc,218903045,Commune de Poilly-sur-Tholon (89),false,{89304},Commune,2026-03-24 14:42:11.659493+01,gold_establishments_2025,,,,21890304500019,2025,Collectivité Territoriale,Commune,['Yonne'],['Bourgogne-Franche-Comté'],COM,{89},{27}
7cc835b0-0b5c-4913-bb1e-8cebe54411b7,217202399,Commune de Poillé-sur-Vègre (72),false,{72239},Commune,2026-03-24 14:42:08.279287+01,gold_establishments_2025,,,,21720239900010,2025,Collectivité Territoriale,Commune,['Sarthe'],['Pays de la Loire'],COM,{72},{52}
de864da8-de46-4cfc-86c1-84d5e33be98b,217703693,Commune de Poincy (77),false,{77369},Commune,2026-03-24 14:42:09.43682+01,gold_establishments_2025,,,,21770369300010,2025,Collectivité Territoriale,Commune,['Seine-et-Marne'],['Île-de-France'],COM,{77},{11}
e9d1b72d-a91d-4127-9723-13f0e845189b,215202821,Commune de Poinsenot (52),false,{52393},Commune,2026-03-24 14:42:01.954481+01,gold_establishments_2025,,,,21520282100017,2025,Collectivité Territoriale,Commune,['Haute-Marne'],['Grand Est'],COM,{52},{44}
0f9ea760-080f-40bc-8bfb-0c71dd43979f,215204199,Commune de Poinson-lès-Fayl (52),false,{52394},Commune,2026-03-24 14:42:01.954481+01,gold_establishments_2025,,,,21520419900016,2025,Collectivité Territoriale,Commune,['Haute-Marne'],['Grand Est'],COM,{52},{44}
10e613ad-f035-42eb-8259-c5a7fe4f1c63,215202839,Commune de Poinson-lès-Grancey (52),false,{52395},Commune,2026-03-24 14:42:01.954481+01,gold_establishments_2025,,,,21520283900019,2025,Collectivité Territoriale,Commune,['Haute-Marne'],['Grand Est'],COM,{52},{44}
34c68400-05ba-4698-b735-85077d589f9a,215202847,Commune de Poinson-lès-Nogent (52),false,{52396},Commune,2026-03-24 14:42:01.954481+01,gold_establishments_2025,,,,21520284700012,2025,Collectivité Territoriale,Commune,['Haute-Marne'],['Grand Est'],COM,{52},{44}
7df3b5a2-9efb-4466-8583-8db86c757e8b,219711215,Commune de Pointe-Noire (971),false,{97121},Commune,2026-03-24 14:42:11.659493+01,gold_establishments_2025,,,,21971121500018,2025,Collectivité Territoriale,Commune,['Guadeloupe'],['Guadeloupe'],COM,{971},{01}
a5839ecd-5658-4fe2-b5c8-6146044423f8,219711207,Commune de Pointe-à-Pitre (971),false,{97120},Commune,2026-03-24 14:42:11.659493+01,gold_establishments_2025,,,,21971120700015,2025,Collectivité Territoriale,Commune,['Guadeloupe'],['Guadeloupe'],COM,{971},{01}
04572829-42b2-47e7-a3cf-0a1340c3487d,216103325,Commune de Pointel (61),false,{61332},Commune,2026-03-24 14:42:05.597325+01,gold_establishments_2025,,,,21610332500017,2025,Collectivité Territoriale,Commune,['Orne'],['Normandie'],COM,{61},{28}
89c9c67b-d41b-4e67-aba3-757d21c69d1d,213104276,Commune de Pointis-Inard (31),false,{31427},Commune,2026-03-24 14:41:58.09424+01,gold_establishments_2025,,,,21310427600018,2025,Collectivité Territoriale,Commune,['Haute-Garonne'],['Occitanie'],COM,{31},{76}
972b290c-5a16-4882-8de4-9e60c2f53fb1,213104268,Commune de Pointis-de-Rivière (31),false,{31426},Commune,2026-03-24 14:41:58.09424+01,gold_establishments_2025,,,,21310426800015,2025,Collectivité Territoriale,Commune,['Haute-Garonne'],['Occitanie'],COM,{31},{76}
82df7ac5-4c56-43ff-bb74-dbd08b674598,213904329,Commune de Pointre (39),false,{39432},Commune,2026-03-24 14:41:59.705606+01,gold_establishments_2025,,,,21390432900017,2025,Collectivité Territoriale,Commune,['Jura'],['Bourgogne-Franche-Comté'],COM,{39},{27}
a12de942-7776-4d73-9c4d-e998cc287691,212803001,Commune de Poinville (28),false,{28300},Commune,2026-03-24 14:41:57.028721+01,gold_establishments_2025,,,,21280300100016,2025,Collectivité Territoriale,Commune,['Eure-et-Loir'],['Centre-Val de Loire'],COM,{28},{24}
af33e34b-d6e4-4f88-94e1-4f7e74fc3376,212104889,Commune de Poinçon-lès-Larrey (21),false,{21488},Commune,2026-03-24 14:41:55.433389+01,gold_establishments_2025,,,,21210488900010,2025,Collectivité Territoriale,Commune,"[""Côte-d'Or""]",['Bourgogne-Franche-Comté'],COM,{21},{27}
9d6cd6a7-00cd-4831-81be-8de83a363234,218501799,Commune de Poiroux (85),false,{85179},Commune,2026-03-24 14:42:10.508772+01,gold_establishments_2025,,,,21850179900017,2025,Collectivité Territoriale,Commune,['Vendée'],['Pays de la Loire'],COM,{85},{52}
b1b89844-f33b-455b-8879-1407cf76e2ef,213803091,Commune de Poisat (38),false,{38309},Commune,2026-03-24 14:41:59.160244+01,gold_establishments_2025,,,,21380309100015,2025,Collectivité Territoriale,Commune,['Isère'],['Auvergne-Rhône-Alpes'],COM,{38},{84}
1a3e8066-2773-44ed-8938-2eb5a0e1e639,215204017,Commune de Poiseul (52),false,{52397},Commune,2026-03-24 14:42:01.954481+01,gold_establishments_2025,,,,21520401700010,2025,Collectivité Territoriale,Commune,['Haute-Marne'],['Grand Est'],COM,{52},{44}
1d66bd10-ad45-4446-b4a4-4a53ff2c002a,212104897,Commune de Poiseul-la-Grange (21),false,{21489},Commune,2026-03-24 14:41:55.433389+01,gold_establishments_2025,,,,21210489700013,2025,Collectivité Territoriale,Commune,"[""Côte-d'Or""]",['Bourgogne-Franche-Comté'],COM,{21},{27}
c4985c24-4927-4239-b97f-82fd18ea968e,212104905,Commune de Poiseul-la-Ville-et-Laperrière (21),false,{21490},Commune,2026-03-24 14:41:55.433389+01,gold_establishments_2025,,,,21210490500014,2025,Collectivité Territoriale,Commune,"[""Côte-d'Or""]",['Bourgogne-Franche-Comté'],COM,{21},{27}
06a3f9d9-718b-431c-95cc-e64ba0a006fb,212104913,Commune de Poiseul-lès-Saulx (21),false,{21491},Commune,2026-03-24 14:41:55.433389+01,gold_establishments_2025,,,,21210491300018,2025,Collectivité Territoriale,Commune,"[""Côte-d'Or""]",['Bourgogne-Franche-Comté'],COM,{21},{27}
732476e2-bf95-4405-8233-26f4f78d6481,215802125,Commune de Poiseux (58),false,{58212},Commune,2026-03-24 14:42:04.280096+01,gold_establishments_2025,,,,21580212500017,2025,Collectivité Territoriale,Commune,['Nièvre'],['Bourgogne-Franche-Comté'],COM,{58},{27}
dee4f18d-7a9a-42e3-a882-47a527b911b0,211801824,Commune de Poisieux (18),false,{18182},Commune,2026-03-24 14:41:54.903238+01,gold_establishments_2025,,,,21180182400015,2025,Collectivité Territoriale,Commune,['Cher'],['Centre-Val de Loire'],COM,{18},{24}
e6d02f4a-af54-47eb-99e0-9604a950ffc1,217103548,Commune de Poisson (71),false,{71354},Commune,2026-03-24 14:42:07.735343+01,gold_establishments_2025,,,,21710354800012,2025,Collectivité Territoriale,Commune,['Saône-et-Loire'],['Bourgogne-Franche-Comté'],COM,{71},{27}
642acb21-7bfa-45d0-8707-e6bee122ce7a,215202854,Commune de Poissons (52),false,{52398},Commune,2026-03-24 14:42:01.954481+01,gold_establishments_2025,,,,21520285400018,2025,Collectivité Territoriale,Commune,['Haute-Marne'],['Grand Est'],COM,{52},{44}
4e60e9c6-1edb-4dd4-8d35-d3e554bbdf94,217804988,Commune de Poissy (78),false,{78498},Commune,2026-03-24 14:42:09.43682+01,gold_establishments_2025,,,,21780498800012,2025,Collectivité Territoriale,Commune,['Yvelines'],['Île-de-France'],COM,{78},{11}
485a1c4b-6919-4fb8-a4bb-064032cb37b7,212803019,Commune de Poisvilliers (28),false,{28301},Commune,2026-03-24 14:41:57.028721+01,gold_establishments_2025,,,,21280301900018,2025,Collectivité Territoriale,Commune,['Eure-et-Loir'],['Centre-Val de Loire'],COM,{28},{24}
0cc4d60d-dfe3-4d9b-8a50-1212bc1483f7,217402130,Commune de Poisy (74),false,{74213},Commune,2026-03-24 14:42:08.818969+01,gold_establishments_2025,,,,21740213000017,2025,Collectivité Territoriale,Commune,['Haute-Savoie'],['Auvergne-Rhône-Alpes'],COM,{74},{84}
92239b52-bc07-4d30-b617-2b4ea79f568b,218601946,Commune de Poitiers (86),false,{86194},Commune,2026-03-24 14:42:10.508772+01,gold_establishments_2025,,,,21860194600013,2025,Collectivité Territoriale,Commune,['Vienne'],['Nouvelle-Aquitaine'],COM,{86},{75}
b1eb5ff8-a082-4e60-b4b7-4f7277bb760d,211002845,Commune de Poivres (10),false,{10293},Commune,2026-03-24 14:41:53.095366+01,gold_establishments_2025,,,,21100284500017,2025,Collectivité Territoriale,Commune,['Aube'],['Grand Est'],COM,{10},{44}
be63c3b7-793f-42dd-a36a-1de2d0bf7baa,215104050,Commune de Poix (51),false,{51438},Commune,2026-03-24 14:42:01.954481+01,gold_establishments_2025,,,,21510405000012,2025,Collectivité Territoriale,Commune,['Marne'],['Grand Est'],COM,{51},{44}
623c063e-93b8-472b-8822-6e8d7b42bfd5,210803078,Commune de Poix-Terron (08),false,{08341},Commune,2026-03-24 14:41:53.095366+01,gold_establishments_2025,,,,21080307800018,2025,Collectivité Territoriale,Commune,['Ardennes'],['Grand Est'],COM,{08},{44}
996ede83-1a14-46b9-841e-180c9d3efb05,218005957,Commune de Poix-de-Picardie (80),false,{80630},Commune,2026-03-24 14:42:09.967209+01,gold_establishments_2025,,,,21800595700012,2025,Collectivité Territoriale,Commune,['Somme'],['Hauts-de-France'],COM,{80},{32}
ee742df2-6f17-4428-8ef6-cc96fcfa2182,215904640,Commune de Poix-du-Nord (59),false,{59464},Commune,2026-03-24 14:42:04.814328+01,gold_establishments_2025,,,,21590464000012,2025,Collectivité Territoriale,Commune,['Nord'],['Hauts-de-France'],COM,{59},{32}
2905e04a-f609-46f3-a7b0-902bbbd9f8fe,217004159,Commune de Polaincourt-et-Clairefontaine (70),false,{70415},Commune,2026-03-24 14:42:07.735343+01,gold_establishments_2025,,,,21700415900018,2025,Collectivité Territoriale,Commune,['Haute-Saône'],['Bourgogne-Franche-Comté'],COM,{70},{27}
e1a16ae1-224a-4a97-9411-137db45e8512,213104284,Commune de Polastron (31),false,{31428},Commune,2026-03-24 14:41:58.09424+01,gold_establishments_2025,,,,21310428400012,2025,Collectivité Territoriale,Commune,['Haute-Garonne'],['Occitanie'],COM,{31},{76}
44a32919-dbea-4f2d-8d7d-ed082990b7b9,213203219,Commune de Polastron (32),false,{32321},Commune,2026-03-24 14:41:58.09424+01,gold_establishments_2025,,,,21320321900018,2025,Collectivité Territoriale,Commune,['Gers'],['Occitanie'],COM,{32},{76}
404c8403-37ab-4ebf-b18d-ac4ae461c780,216901538,Commune de Poleymieux-au-Mont-d'Or (69),false,{69153},Commune,2026-03-24 14:42:07.195692+01,gold_establishments_2025,,,,21690153800019,2025,Collectivité Territoriale,Commune,['Rhône'],['Auvergne-Rhône-Alpes'],COM,{69},{84}
4248b799-4b87-4ef4-9f42-c7d22c53ff45,211702816,Commune de Polignac (17),false,{17281},Commune,2026-03-24 14:41:54.903238+01,gold_establishments_2025,,,,21170281600011,2025,Collectivité Territoriale,Commune,['Charente-Maritime'],['Nouvelle-Aquitaine'],COM,{17},{75}
64249bfe-72b3-4e5e-8aab-92e6e53adaa7,214301525,Commune de Polignac (43),false,{43152},Commune,2026-03-24 14:42:00.273698+01,gold_establishments_2025,,,,21430152500017,2025,Collectivité Territoriale,Commune,['Haute-Loire'],['Auvergne-Rhône-Alpes'],COM,{43},{84}
c81dbb13-07ee-4ad9-aa53-103ad281f8d8,210501045,Commune de Poligny (05),false,{05104},Commune,2026-03-24 14:41:52.562531+01,gold_establishments_2025,,,,21050104500012,2025,Collectivité Territoriale,Commune,['Hautes-Alpes'],"[""Provence-Alpes-Côte d'Azur""]",COM,{05},{93}
24065034-89b7-4c8b-8888-ed9780a0ce8d,211002852,Commune de Poligny (10),false,{10294},Commune,2026-03-24 14:41:53.095366+01,gold_establishments_2025,,,,21100285200013,2025,Collectivité Territoriale,Commune,['Aube'],['Grand Est'],COM,{10},{44}
9e50ebd9-87d4-4f54-872a-6fd405272c9c,213904345,Commune de Poligny (39),false,{39434},Commune,2026-03-24 14:41:59.705606+01,gold_establishments_2025,,,,21390434500161,2025,Collectivité Territoriale,Commune,['Jura'],['Bourgogne-Franche-Comté'],COM,{39},{27}
02de9b1a-b396-45c0-9360-7baad08206f4,217703701,Commune de Poligny (77),false,{77370},Commune,2026-03-24 14:42:09.43682+01,gold_establishments_2025,,,,21770370100011,2025,Collectivité Territoriale,Commune,['Seine-et-Marne'],['Île-de-France'],COM,{77},{11}
135f79f6-3559-48b2-89f4-62a9249e7664,213502313,Commune de Poligné (35),false,{35231},Commune,2026-03-24 14:41:58.620411+01,gold_establishments_2025,,,,21350231300074,2025,Collectivité Territoriale,Commune,['Ille-et-Vilaine'],['Bretagne'],COM,{35},{53}
75299755-53e9-4f16-8699-62fc3ca7cf30,216206623,Commune de Polincove (62),false,{62662},Commune,2026-03-24 14:42:05.597325+01,gold_establishments_2025,,,,21620662300011,2025,Collectivité Territoriale,Commune,['Pas-de-Calais'],['Hauts-de-France'],COM,{62},{32}
b8f8f4a8-4b70-4fe6-a4ae-7b56f0a4568a,211002860,Commune de Polisot (10),false,{10295},Commune,2026-03-24 14:41:53.095366+01,gold_establishments_2025,,,,21100286000016,2025,Collectivité Territoriale,Commune,['Aube'],['Grand Est'],COM,{10},{44}
20255d68-4479-47b0-88a7-1e6aaae5a8cb,211002878,Commune de Polisy (10),false,{10296},Commune,2026-03-24 14:41:53.095366+01,gold_establishments_2025,,,,21100287800018,2025,Collectivité Territoriale,Commune,['Aube'],['Grand Est'],COM,{10},{44}
c6e0ed28-cd3e-47bc-973a-3c022f49bfe7,213803109,Commune de Poliénas (38),false,{38310},Commune,2026-03-24 14:41:59.160244+01,gold_establishments_2025,,,,21380310900015,2025,Collectivité Territoriale,Commune,['Isère'],['Auvergne-Rhône-Alpes'],COM,{38},{84}
1b3dc31e-864a-4b10-bdbe-2d536b02fdb1,216601443,Commune de Pollestres (66),false,{66144},Commune,2026-03-24 14:42:06.665412+01,gold_establishments_2025,,,,21660144300015,2025,Collectivité Territoriale,Commune,['Pyrénées-Orientales'],['Occitanie'],COM,{66},{76}
5a756f1c-bc24-48fb-924a-ec3c631505d5,210103016,Commune de Polliat (01),false,{01301},Commune,2026-03-24 14:41:51.447482+01,gold_establishments_2025,,,,21010301600015,2025,Collectivité Territoriale,Commune,['Ain'],['Auvergne-Rhône-Alpes'],COM,{01},{84}
742500e5-0aa0-429e-aa79-cf8300313a4e,210103024,Commune de Pollieu (01),false,{01302},Commune,2026-03-24 14:41:51.447482+01,gold_establishments_2025,,,,21010302400019,2025,Collectivité Territoriale,Commune,['Ain'],['Auvergne-Rhône-Alpes'],COM,{01},{84}
c3785a8b-53ea-4f08-8891-9c0898b39fbe,216901546,Commune de Pollionnay (69),false,{69154},Commune,2026-03-24 14:42:07.195692+01,gold_establishments_2025,,,,21690154600053,2025,Collectivité Territoriale,Commune,['Rhône'],['Auvergne-Rhône-Alpes'],COM,{69},{84}
a2bf4cfa-8bf5-419b-99e8-ee4262c47f6d,211501549,Commune de Polminhac (15),false,{15154},Commune,2026-03-24 14:41:54.362296+01,gold_establishments_2025,,,,21150154900011,2025,Collectivité Territoriale,Commune,['Cantal'],['Auvergne-Rhône-Alpes'],COM,{15},{84}
7e76b15a-9548-4ed7-835d-6d01838afbcd,212002430,Commune de Polveroso (2B),false,{2B243},Commune,2026-03-24 14:41:57.56054+01,gold_establishments_2025,,,,21200243000016,2025,Collectivité Territoriale,Commune,['Haute-Corse'],['Corse'],COM,{2B},{94}
9b06fff6-db19-4472-866e-a48aee408991,215104068,Commune de Pomacle (51),false,{51439},Commune,2026-03-24 14:42:01.954481+01,gold_establishments_2025,,,,21510406800014,2025,Collectivité Territoriale,Commune,['Marne'],['Grand Est'],COM,{51},{44}
30a5bfeb-e537-4e9e-83cb-0aaa184b13f9,214002289,Commune de Pomarez (40),false,{40228},Commune,2026-03-24 14:41:59.705606+01,gold_establishments_2025,,,,21400228900012,2025,Collectivité Territoriale,Commune,['Landes'],['Nouvelle-Aquitaine'],COM,{40},{75}
febb1ceb-5e58-4240-a6f5-31b3839dc227,214602229,Commune de Pomarède (46),false,{46222},Commune,2026-03-24 14:42:00.862623+01,gold_establishments_2025,,,,21460222900012,2025,Collectivité Territoriale,Commune,['Lot'],['Occitanie'],COM,{46},{76}
ec7e1740-3d41-413c-b783-3c42a464dfb3,211102934,Commune de Pomas (11),false,{11293},Commune,2026-03-24 14:41:53.63825+01,gold_establishments_2025,,,,21110293400018,2025,Collectivité Territoriale,Commune,['Aude'],['Occitanie'],COM,{11},{76}
1621d1db-2d93-4a85-bbef-b4b8ff8d636f,211201843,Commune de Pomayrols (12),false,{12184},Commune,2026-03-24 14:41:53.63825+01,gold_establishments_2025,,,,21120184300011,2025,Collectivité Territoriale,Commune,['Aveyron'],['Occitanie'],COM,{12},{76}
159ada0f-7ec3-4712-9eab-e1cb49ac9298,213303282,Commune de Pomerol (33),false,{33328},Commune,2026-03-24 14:41:58.620411+01,gold_establishments_2025,,,,21330328200015,2025,Collectivité Territoriale,Commune,['Gironde'],['Nouvelle-Aquitaine'],COM,{33},{75}
5218ed9b-bc8c-481a-b4fe-0eda971cafe8,216901553,Commune de Pomeys (69),false,{69155},Commune,2026-03-24 14:42:07.195692+01,gold_establishments_2025,,,,21690155300018,2025,Collectivité Territoriale,Commune,['Rhône'],['Auvergne-Rhône-Alpes'],COM,{69},{84}
4d0cb837-a4e3-45bf-b59a-1615343a4355,212104921,Commune de Pommard (21),false,{21492},Commune,2026-03-24 14:41:55.433389+01,gold_establishments_2025,,,,21210492100011,2025,Collectivité Territoriale,Commune,"[""Côte-d'Or""]",['Bourgogne-Franche-Comté'],COM,{21},{27}
3ccd4ca8-953f-44e7-b689-0557442c37af,216206631,Commune de Pommera (62),false,{62663},Commune,2026-03-24 14:42:05.597325+01,gold_establishments_2025,,,,21620663100014,2025,Collectivité Territoriale,Commune,['Pas-de-Calais'],['Hauts-de-France'],COM,{62},{32}
67322cdd-07f5-4e65-9f71-f4680a481dd2,212202469,Commune de Pommeret (22),false,{22246},Commune,2026-03-24 14:41:55.958138+01,gold_establishments_2025,,,,21220246900012,2025,Collectivité Territoriale,Commune,"[""Côtes-d'Armor""]",['Bretagne'],COM,{22},{53}
6cff0ab4-7e20-47d8-ab17-426d42ebcd19,215904657,Commune de Pommereuil (59),false,{59465},Commune,2026-03-24 14:42:04.814328+01,gold_establishments_2025,,,,21590465700016,2025,Collectivité Territoriale,Commune,['Nord'],['Hauts-de-France'],COM,{59},{32}
9fdfd776-956e-422f-bcde-6f0c280ff203,217605054,Commune de Pommereux (76),false,{76505},Commune,2026-03-24 14:42:08.818969+01,gold_establishments_2025,,,,21760505400014,2025,Collectivité Territoriale,Commune,['Seine-Maritime'],['Normandie'],COM,{76},{28}
9f41b4d4-479b-496b-b2e6-8f93efae6cc9,215301805,Commune de Pommerieux (53),false,{53180},Commune,2026-03-24 14:42:02.957225+01,gold_establishments_2025,,,,21530180500010,2025,Collectivité Territoriale,Commune,['Mayenne'],['Pays de la Loire'],COM,{53},{52}
4322251e-b8bb-49ec-b672-627b2a8b3ac7,212202485,Commune de Pommerit-le-Vicomte (22),false,{22248},Commune,2026-03-24 14:41:55.958138+01,gold_establishments_2025,,,,21220248500133,2025,Collectivité Territoriale,Commune,"[""Côtes-d'Armor""]",['Bretagne'],COM,{22},{53}
56294f19-c925-4071-9d7d-eaf0c1aed401,212602452,Commune de Pommerol (26),false,{26245},Commune,2026-03-24 14:41:56.495197+01,gold_establishments_2025,,,,21260245200014,2025,Collectivité Territoriale,Commune,['Drôme'],['Auvergne-Rhône-Alpes'],COM,{26},{84}
0873cf7c-532a-418d-91f7-9e5912884584,217605062,Commune de Pommeréval (76),false,{76506},Commune,2026-03-24 14:42:08.818969+01,gold_establishments_2025,,,,21760506200017,2025,Collectivité Territoriale,Commune,['Seine-Maritime'],['Normandie'],COM,{76},{28}
d356e908-73f7-4b70-9877-11c8bc5da20d,217703719,Commune de Pommeuse (77),false,{77371},Commune,2026-03-24 14:42:09.43682+01,gold_establishments_2025,,,,21770371900013,2025,Collectivité Territoriale,Commune,['Seine-et-Marne'],['Île-de-France'],COM,{77},{11}
a976827e-2cec-41df-8438-3095b9ee3630,218201416,Commune de Pommevic (82),false,{82141},Commune,2026-03-24 14:42:10.508772+01,gold_establishments_2025,,,,21820141600011,2025,Collectivité Territoriale,Commune,['Tarn-et-Garonne'],['Occitanie'],COM,{82},{76}
132ff50f-03e3-4f8c-8941-9414eb33b5be,216206649,Commune de Pommier (62),false,{62664},Commune,2026-03-24 14:42:05.597325+01,gold_establishments_2025,,,,21620664900016,2025,Collectivité Territoriale,Commune,['Pas-de-Calais'],['Hauts-de-France'],COM,{62},{32}
497c6e00-3120-4202-98ca-f293693df9e1,213803117,Commune de Pommier-de-Beaurepaire (38),false,{38311},Commune,2026-03-24 14:41:59.160244+01,gold_establishments_2025,,,,21380311700018,2025,Collectivité Territoriale,Commune,['Isère'],['Auvergne-Rhône-Alpes'],COM,{38},{84}
9d9bb722-6466-45d4-9647-c78f3329a152,210205860,Commune de Pommiers (02),false,{02610},Commune,2026-03-24 14:41:52.020251+01,gold_establishments_2025,,,,21020586000013,2025,Collectivité Territoriale,Commune,['Aisne'],['Hauts-de-France'],COM,{02},{32}
c0c1b4fd-1b5f-4483-b58c-d0a3148c23b3,213001993,Commune de Pommiers (30),false,{30199},Commune,2026-03-24 14:41:57.56054+01,gold_establishments_2025,,,,21300199300012,2025,Collectivité Territoriale,Commune,['Gard'],['Occitanie'],COM,{30},{76}
f85b420f-f2cf-4806-b553-3324cc942d17,213601602,Commune de Pommiers (36),false,{36160},Commune,2026-03-24 14:41:59.160244+01,gold_establishments_2025,,,,21360160200013,2025,Collectivité Territoriale,Commune,['Indre'],['Centre-Val de Loire'],COM,{36},{24}
df534dd2-ce49-4726-90a9-0c89aa436821,216901561,Commune de Pommiers (69),false,{69156},Commune,2026-03-24 14:42:07.195692+01,gold_establishments_2025,,,,21690156100011,2025,Collectivité Territoriale,Commune,['Rhône'],['Auvergne-Rhône-Alpes'],COM,{69},{84}
2f8f8d8b-a5a9-4d4c-aff6-c314b3ff87dc,211702824,Commune de Pommiers-Moulons (17),false,{17282},Commune,2026-03-24 14:41:54.903238+01,gold_establishments_2025,,,,21170282400015,2025,Collectivité Territoriale,Commune,['Charente-Maritime'],['Nouvelle-Aquitaine'],COM,{17},{75}
38767a6e-ef79-47a0-8f9b-da72f0e154ec,214201733,Commune de Pommiers-en-Forez (42),false,{42173},Commune,2026-03-24 14:42:00.273698+01,gold_establishments_2025,,,,21420173300018,2025,Collectivité Territoriale,Commune,['Loire'],['Auvergne-Rhône-Alpes'],COM,{42},{84}
543974f2-b2cd-4e6e-805d-db9c506acbda,215705476,Commune de Pommérieux (57),false,{57547},Commune,2026-03-24 14:42:04.280096+01,gold_establishments_2025,,,,21570547600012,2025,Collectivité Territoriale,Commune,['Moselle'],['Grand Est'],COM,{57},{44}
63713d19-6fc7-40a2-a6c5-193c8616fd4e,217004167,Commune de Pomoy (70),false,{70416},Commune,2026-03-24 14:42:07.735343+01,gold_establishments_2025,,,,21700416700011,2025,Collectivité Territoriale,Commune,['Haute-Saône'],['Bourgogne-Franche-Comté'],COM,{70},{27}
59d5402d-e08b-4cdb-8d7a-e8452aa7abb1,217902139,Commune de Pompaire (79),false,{79213},Commune,2026-03-24 14:42:09.43682+01,gold_establishments_2025,,,,21790213900013,2025,Collectivité Territoriale,Commune,['Deux-Sèvres'],['Nouvelle-Aquitaine'],COM,{79},{75}
93953fc4-dc66-4ab1-aafa-0112e3e8f26c,213104292,Commune de Pompertuzat (31),false,{31429},Commune,2026-03-24 14:41:58.09424+01,gold_establishments_2025,,,,21310429200015,2025,Collectivité Territoriale,Commune,['Haute-Garonne'],['Occitanie'],COM,{31},{76}
0bdbcbc9-ce47-4053-946c-1f5f252dd8f2,215404302,Commune de Pompey (54),false,{54430},Commune,2026-03-24 14:42:02.957225+01,gold_establishments_2025,,,,21540430200014,2025,Collectivité Territoriale,Commune,['Meurthe-et-Moselle'],['Grand Est'],COM,{54},{44}
e3c69d3e-4f17-4d7b-b5f6-a1b93f32ff34,213203227,Commune de Pompiac (32),false,{32322},Commune,2026-03-24 14:41:58.09424+01,gold_establishments_2025,,,,21320322700011,2025,Collectivité Territoriale,Commune,['Gers'],['Occitanie'],COM,{32},{76}
d9a7e910-6a33-4a85-935e-3d91d3574f2c,218803526,Commune de Pompierre (88),false,{88352},Commune,2026-03-24 14:42:11.118516+01,gold_establishments_2025,,,,21880352600019,2025,Collectivité Territoriale,Commune,['Vosges'],['Grand Est'],COM,{88},{44}
51336ede-45ba-43b2-a090-2e204c591e7e,212504617,Commune de Pompierre-sur-Doubs (25),false,{25461},Commune,2026-03-24 14:41:56.495197+01,gold_establishments_2025,,,,21250461700011,2025,Collectivité Territoriale,Commune,['Doubs'],['Bourgogne-Franche-Comté'],COM,{25},{27}
f32261e7-bf2b-4cba-a881-de99ed307fb6,214702078,Commune de Pompiey (47),false,{47207},Commune,2026-03-24 14:42:00.862623+01,gold_establishments_2025,,,,21470207800012,2025,Collectivité Territoriale,Commune,['Lot-et-Garonne'],['Nouvelle-Aquitaine'],COM,{47},{75}
5a257ea0-e785-4920-859d-e95ed2770ce2,213303308,Commune de Pompignac (33),false,{33330},Commune,2026-03-24 14:41:58.620411+01,gold_establishments_2025,,,,21330330800018,2025,Collectivité Territoriale,Commune,['Gironde'],['Nouvelle-Aquitaine'],COM,{33},{75}
b6acb586-323d-48c0-a8da-c4897d0d86b4,213002009,Commune de Pompignan (30),false,{30200},Commune,2026-03-24 14:41:57.56054+01,gold_establishments_2025,,,,21300200900016,2025,Collectivité Territoriale,Commune,['Gard'],['Occitanie'],COM,{30},{76}
6f5cbd0f-f8a9-43c1-9117-95ed9ce396a8,218201424,Commune de Pompignan (82),false,{82142},Commune,2026-03-24 14:42:10.508772+01,gold_establishments_2025,,,,21820142400015,2025,Collectivité Territoriale,Commune,['Tarn-et-Garonne'],['Occitanie'],COM,{82},{76}
e0791edc-e947-4601-bc36-26068e7d70a0,214702086,Commune de Pompogne (47),false,{47208},Commune,2026-03-24 14:42:00.862623+01,gold_establishments_2025,,,,21470208600015,2025,Collectivité Territoriale,Commune,['Lot-et-Garonne'],['Nouvelle-Aquitaine'],COM,{47},{75}
795e9653-0825-4657-9497-ef2285044fbd,217703727,Commune de Pomponne (77),false,{77372},Commune,2026-03-24 14:42:09.43682+01,gold_establishments_2025,,,,21770372700016,2025,Collectivité Territoriale,Commune,['Seine-et-Marne'],['Île-de-France'],COM,{77},{11}
15af0183-d426-4a09-8ae3-e15ec19dd332,212403315,Commune de Pomport (24),false,{24331},Commune,2026-03-24 14:41:55.958138+01,gold_establishments_2025,,,,21240331500014,2025,Collectivité Territoriale,Commune,['Dordogne'],['Nouvelle-Aquitaine'],COM,{24},{75}
fecf5ef5-f04a-48e2-9163-a0be61de31ce,216404509,Commune de Pomps (64),false,{64450},Commune,2026-03-24 14:42:06.665412+01,gold_establishments_2025,,,,21640450900012,2025,Collectivité Territoriale,Commune,['Pyrénées-Atlantiques'],['Nouvelle-Aquitaine'],COM,{64},{75}
b1f04dc9-949c-4f5e-b41d-f9c49cd05fc4,213303290,Commune de Pompéjac (33),false,{33329},Commune,2026-03-24 14:41:58.620411+01,gold_establishments_2025,,,,21330329000018,2025,Collectivité Territoriale,Commune,['Gironde'],['Nouvelle-Aquitaine'],COM,{33},{75}
6356f415-f04b-4673-bddd-b213646f6f1b,211102942,Commune de Pomy (11),false,{11294},Commune,2026-03-24 14:41:53.63825+01,gold_establishments_2025,,,,21110294200011,2025,Collectivité Territoriale,Commune,['Aude'],['Occitanie'],COM,{11},{76}
25b4ff4e-1929-4d96-95b3-4d8eaba14eee,213402076,Commune de Pomérols (34),false,{34207},Commune,2026-03-24 14:41:58.620411+01,gold_establishments_2025,,,,21340207600011,2025,Collectivité Territoriale,Commune,['Hérault'],['Occitanie'],COM,{34},{76}
7aba963d-2aff-413b-acfc-c9314ccc05f9,212104939,Commune de Poncey-lès-Athée (21),false,{21493},Commune,2026-03-24 14:41:55.433389+01,gold_establishments_2025,,,,21210493900013,2025,Collectivité Territoriale,Commune,"[""Côte-d'Or""]",['Bourgogne-Franche-Comté'],COM,{21},{27}
d8aae750-8d99-425a-b77c-e9f09f145666,212104947,Commune de Poncey-sur-l'Ignon (21),false,{21494},Commune,2026-03-24 14:41:55.433389+01,gold_establishments_2025,,,,21210494700016,2025,Collectivité Territoriale,Commune,"[""Côte-d'Or""]",['Bourgogne-Franche-Comté'],COM,{21},{27}
863c0720-5c93-4d83-b690-c91ff6def70c,218005965,Commune de Ponches-Estruval (80),false,{80631},Commune,2026-03-24 14:42:09.967209+01,gold_establishments_2025,,,,21800596500015,2025,Collectivité Territoriale,Commune,['Somme'],['Hauts-de-France'],COM,{80},{32}
45686251-4b2f-486d-82ec-b8741bc9300a,216004986,Commune de Ponchon (60),false,{60504},Commune,2026-03-24 14:42:04.814328+01,gold_establishments_2025,,,,21600498600016,2025,Collectivité Territoriale,Commune,['Oise'],['Hauts-de-France'],COM,{60},{32}
80076336-181b-4ee2-a5fc-0551731e590e,210103032,Commune de Poncin (01),false,{01303},Commune,2026-03-24 14:41:51.447482+01,gold_establishments_2025,,,,21010303200012,2025,Collectivité Territoriale,Commune,['Ain'],['Auvergne-Rhône-Alpes'],COM,{01},{84}
66a835a0-7c13-4e6e-a8df-f52443a85d1d,214201741,Commune de Poncins (42),false,{42174},Commune,2026-03-24 14:42:00.273698+01,gold_establishments_2025,,,,21420174100011,2025,Collectivité Territoriale,Commune,['Loire'],['Auvergne-Rhône-Alpes'],COM,{42},{84}
afcc6cd8-470a-4354-b821-79e638e76f33,213303316,Commune de Pondaurat (33),false,{33331},Commune,2026-03-24 14:41:58.620411+01,gold_establishments_2025,,,,21330331600011,2025,Collectivité Territoriale,Commune,['Gironde'],['Nouvelle-Aquitaine'],COM,{33},{75}
522080bf-4c54-4368-89e5-61d538c1adb4,212602460,Commune de Ponet-et-Saint-Auban (26),false,{26246},Commune,2026-03-24 14:41:56.495197+01,gold_establishments_2025,,,,21260246000017,2025,Collectivité Territoriale,Commune,['Drôme'],['Auvergne-Rhône-Alpes'],COM,{26},{84}
e540e6b8-b6b7-4375-afc8-df03a2d7b1bf,213104300,Commune de Ponlat-Taillebourg (31),false,{31430},Commune,2026-03-24 14:41:58.09424+01,gold_establishments_2025,,,,21310430000016,2025,Collectivité Territoriale,Commune,['Haute-Garonne'],['Occitanie'],COM,{31},{76}
1ed6e7a4-dfaa-40dd-a4ea-6f27c88de9cb,211702832,Commune de Pons (17),false,{17283},Commune,2026-03-24 14:41:54.903238+01,gold_establishments_2025,,,,21170283200018,2025,Collectivité Territoriale,Commune,['Charente-Maritime'],['Nouvelle-Aquitaine'],COM,{17},{75}
80617a93-6a94-4d85-ab9d-bd64d97b4b96,213203235,Commune de Ponsampère (32),false,{32323},Commune,2026-03-24 14:41:58.09424+01,gold_establishments_2025,,,,21320323500014,2025,Collectivité Territoriale,Commune,['Gers'],['Occitanie'],COM,{32},{76}
34ae1b00-bddc-4247-901d-a48be2d20c46,213203243,Commune de Ponsan-Soubiran (32),false,{32324},Commune,2026-03-24 14:41:58.09424+01,gold_establishments_2025,,,,21320324300018,2025,Collectivité Territoriale,Commune,['Gers'],['Occitanie'],COM,{32},{76}
72efd555-8a3d-41f7-b901-5c929477c9a2,212602478,Commune de Ponsas (26),false,{26247},Commune,2026-03-24 14:41:56.495197+01,gold_establishments_2025,,,,21260247800050,2025,Collectivité Territoriale,Commune,['Drôme'],['Auvergne-Rhône-Alpes'],COM,{26},{84}
0c25dd9e-636d-4203-b339-004e4502e76e,216404517,Commune de Ponson-Debat-Pouts (64),false,{64451},Commune,2026-03-24 14:42:06.665412+01,gold_establishments_2025,,,,21640451700015,2025,Collectivité Territoriale,Commune,['Pyrénées-Atlantiques'],['Nouvelle-Aquitaine'],COM,{64},{75}
dccfac0d-f412-4480-958b-950f9c946bf4,216404525,Commune de Ponson-Dessus (64),false,{64452},Commune,2026-03-24 14:42:06.665412+01,gold_establishments_2025,,,,21640452500018,2025,Collectivité Territoriale,Commune,['Pyrénées-Atlantiques'],['Nouvelle-Aquitaine'],COM,{64},{75}
62e66d2a-2836-4259-895f-79a749ab5131,213803133,Commune de Ponsonnas (38),false,{38313},Commune,2026-03-24 14:41:59.160244+01,gold_establishments_2025,,,,21380313300015,2025,Collectivité Territoriale,Commune,['Isère'],['Auvergne-Rhône-Alpes'],COM,{38},{84}
bc0cc403-1441-4259-aa1a-033cb80f3b2d,212104954,Commune de Pont (21),false,{21495},Commune,2026-03-24 14:41:55.433389+01,gold_establishments_2025,,,,21210495400012,2025,Collectivité Territoriale,Commune,"[""Côte-d'Or""]",['Bourgogne-Franche-Comté'],COM,{21},{27}
6830fea6-42ef-442c-8666-ec6542d9a6a6,200057594,Commune de Pont de Montvert - Sud Mont Lozère (48),false,{48116},Commune,2026-03-24 14:42:01.412377+01,gold_establishments_2025,,,,20005759400018,2025,Collectivité Territoriale,Commune,['Lozère'],['Occitanie'],COM,{48},{76}
2426c594-b9fe-4f2e-aa31-2f99560461b9,210205878,Commune de Pont-Arcy (02),false,{02612},Commune,2026-03-24 14:41:52.020251+01,gold_establishments_2025,,,,21020587800015,2025,Collectivité Territoriale,Commune,['Aisne'],['Hauts-de-France'],COM,{02},{32}
cedc38b9-e3a7-463f-bd18-c13884656ccb,200077329,Commune de Pont-Audemer (27),false,{27467},Commune,2026-03-24 14:41:57.028721+01,gold_establishments_2025,,,,20007732900015,2025,Collectivité Territoriale,Commune,['Eure'],['Normandie'],COM,{27},{28}
7d0178d5-692b-4e4e-b318-3610f4216b9e,212704688,Commune de Pont-Authou (27),false,{27468},Commune,2026-03-24 14:41:57.028721+01,gold_establishments_2025,,,,21270468800010,2025,Collectivité Territoriale,Commune,['Eure'],['Normandie'],COM,{27},{28}
5f8da7bb-4278-4cd6-a1f8-4a9a6f4d1eb1,212902175,Commune de Pont-Aven (29),false,{29217},Commune,2026-03-24 14:41:57.56054+01,gold_establishments_2025,,,,21290217500158,2025,Collectivité Territoriale,Commune,['Finistère'],['Bretagne'],COM,{29},{53}
04a59439-e32d-465f-b3d9-b189e54a1f71,211405113,Commune de Pont-Bellanger (14),false,{14511},Commune,2026-03-24 14:41:54.362296+01,gold_establishments_2025,,,,21140511300013,2025,Collectivité Territoriale,Commune,['Calvados'],['Normandie'],COM,{14},{28}
fedde2b7-c527-4486-a4ef-210ceef06b90,212902183,Commune de Pont-Croix (29),false,{29218},Commune,2026-03-24 14:41:57.56054+01,gold_establishments_2025,,,,21290218300012,2025,Collectivité Territoriale,Commune,['Finistère'],['Bretagne'],COM,{29},{53}
1ed3f467-98b9-4b34-ac73-cbf71142d024,200077360,Commune de Pont-Hébert (50),false,{50409},Commune,2026-03-24 14:42:01.412377+01,gold_establishments_2025,,,,20007736000010,2025,Collectivité Territoriale,Commune,['Manche'],['Normandie'],COM,{50},{28}
48f6a5ee-579f-4807-9eb8-3599093c2449,212202493,Commune de Pont-Melvez (22),false,{22249},Commune,2026-03-24 14:41:55.958138+01,gold_establishments_2025,,,,21220249300012,2025,Collectivité Territoriale,Commune,"[""Côtes-d'Armor""]",['Bretagne'],COM,{22},{53}
fb974d7e-e98a-4702-8170-4c28d37c9998,218005999,Commune de Pont-Noyelles (80),false,{80634},Commune,2026-03-24 14:42:09.967209+01,gold_establishments_2025,,,,21800599900014,2025,Collectivité Territoriale,Commune,['Somme'],['Hauts-de-France'],COM,{80},{32}
68fbf12d-179b-4910-a107-c0be687db02c,213503634,Commune de Pont-Péan (35),false,{35363},Commune,2026-03-24 14:41:59.160244+01,gold_establishments_2025,,,,21350363400015,2025,Collectivité Territoriale,Commune,['Ille-et-Vilaine'],['Bretagne'],COM,{35},{53}
9a3dddb0-add5-4242-821b-968c19e20c2b,218006005,Commune de Pont-Remy (80),false,{80635},Commune,2026-03-24 14:42:09.967209+01,gold_establishments_2025,,,,21800600500019,2025,Collectivité Territoriale,Commune,['Somme'],['Hauts-de-France'],COM,{80},{32}
815745f1-4460-42e9-a748-d4850cf21013,213002025,Commune de Pont-Saint-Esprit (30),false,{30202},Commune,2026-03-24 14:41:57.56054+01,gold_establishments_2025,,,,21300202500012,2025,Collectivité Territoriale,Commune,['Gard'],['Occitanie'],COM,{30},{76}
c9542980-da40-4497-aab1-1aa98fc7c0d0,210205910,Commune de Pont-Saint-Mard (02),false,{02616},Commune,2026-03-24 14:41:52.020251+01,gold_establishments_2025,,,,21020591000016,2025,Collectivité Territoriale,Commune,['Aisne'],['Hauts-de-France'],COM,{02},{32}
6e704b95-9100-4c0c-9e90-521d55ed4605,214401309,Commune de Pont-Saint-Martin (44),false,{44130},Commune,2026-03-24 14:42:00.273698+01,gold_establishments_2025,,,,21440130900015,2025,Collectivité Territoriale,Commune,['Loire-Atlantique'],['Pays de la Loire'],COM,{44},{52}
70adc1ae-22ee-4e75-9819-9099d47f68e3,212704704,Commune de Pont-Saint-Pierre (27),false,{27470},Commune,2026-03-24 14:41:57.028721+01,gold_establishments_2025,,,,21270470400015,2025,Collectivité Territoriale,Commune,['Eure'],['Normandie'],COM,{27},{28}
5dd206d3-49e0-4015-ba94-87960d8d6a3d,215404328,Commune de Pont-Saint-Vincent (54),false,{54432},Commune,2026-03-24 14:42:02.957225+01,gold_establishments_2025,,,,21540432800019,2025,Collectivité Territoriale,Commune,['Meurthe-et-Moselle'],['Grand Est'],COM,{54},{44}
c66c2eee-e8b4-4cac-a8bc-2fff0a8e17d0,211002886,Commune de Pont-Sainte-Marie (10),false,{10297},Commune,2026-03-24 14:41:53.095366+01,gold_establishments_2025,,,,21100288600011,2025,Collectivité Territoriale,Commune,['Aube'],['Grand Est'],COM,{10},{44}
a7fa80b6-c509-4e6a-9464-bb016527030f,216005033,Commune de Pont-Sainte-Maxence (60),false,{60509},Commune,2026-03-24 14:42:04.814328+01,gold_establishments_2025,,,,21600503300016,2025,Collectivité Territoriale,Commune,['Oise'],['Hauts-de-France'],COM,{60},{32}
4b989eeb-9b23-46d1-9acb-2e875694315b,214301533,Commune de Pont-Salomon (43),false,{43153},Commune,2026-03-24 14:42:00.273698+01,gold_establishments_2025,,,,21430153300011,2025,Collectivité Territoriale,Commune,['Haute-Loire'],['Auvergne-Rhône-Alpes'],COM,{43},{84}
45d60a52-4967-4038-8f01-3d5e8a1b97d1,215601790,Commune de Pont-Scorff (56),false,{56179},Commune,2026-03-24 14:42:03.701372+01,gold_establishments_2025,,,,21560179000011,2025,Collectivité Territoriale,Commune,['Morbihan'],['Bretagne'],COM,{56},{53}
9315e3b9-9d27-430c-b1fd-fddfc5e8f913,210103040,Commune de Pont-d'Ain (01),false,{01304},Commune,2026-03-24 14:41:51.447482+01,gold_establishments_2025,,,,21010304000015,2025,Collectivité Territoriale,Commune,['Ain'],['Auvergne-Rhône-Alpes'],COM,{01},{84}
2daebf10-a81c-41c8-a87f-2a1de5389faa,213904360,Commune de Pont-d'Héry (39),false,{39436},Commune,2026-03-24 14:41:59.705606+01,gold_establishments_2025,,,,21390436000012,2025,Collectivité Territoriale,Commune,['Jura'],['Bourgogne-Franche-Comté'],COM,{39},{27}
fe674fb1-51b9-4239-8ec7-e3357a9a29b3,211407648,Commune de Pont-d'Ouilly (14),false,{14764},Commune,2026-03-24 14:41:54.362296+01,gold_establishments_2025,,,,21140764800016,2025,Collectivité Territoriale,Commune,['Calvados'],['Normandie'],COM,{14},{28}
ad48ec2a-097b-49fb-bc0e-09859580a39b,212602494,Commune de Pont-de-Barret (26),false,{26249},Commune,2026-03-24 14:41:56.495197+01,gold_establishments_2025,,,,21260249400016,2025,Collectivité Territoriale,Commune,['Drôme'],['Auvergne-Rhône-Alpes'],COM,{26},{84}
836af16c-1f6b-401d-b99a-318d21bc6511,212903025,Commune de Pont-de-Buis-lès-Quimerch (29),false,{29302},Commune,2026-03-24 14:41:57.56054+01,gold_establishments_2025,,,,21290302500014,2025,Collectivité Territoriale,Commune,['Finistère'],['Bretagne'],COM,{29},{53}
0a824d6f-04b2-4712-ac18-b81922455762,213803166,Commune de Pont-de-Chéruy (38),false,{38316},Commune,2026-03-24 14:41:59.160244+01,gold_establishments_2025,,,,21380316600015,2025,Collectivité Territoriale,Commune,['Isère'],['Auvergne-Rhône-Alpes'],COM,{38},{84}
a6e81ab4-1890-4e7e-93dc-a3c4a945d9c8,210701785,Commune de Pont-de-Labeaume (07),false,{07178},Commune,2026-03-24 14:41:52.562531+01,gold_establishments_2025,,,,21070178500011,2025,Collectivité Territoriale,Commune,['Ardèche'],['Auvergne-Rhône-Alpes'],COM,{07},{84}
aeff4364-71a0-4ec7-a8d0-5eca533ed3d3,218102093,Commune de Pont-de-Larn (81),false,{81209},Commune,2026-03-24 14:42:09.967209+01,gold_establishments_2025,,,,21810209300018,2025,Collectivité Territoriale,Commune,['Tarn'],['Occitanie'],COM,{81},{76}
cfd020a1-a608-4878-bb2b-3149864617f0,218005973,Commune de Pont-de-Metz (80),false,{80632},Commune,2026-03-24 14:42:09.967209+01,gold_establishments_2025,,,,21800597300019,2025,Collectivité Territoriale,Commune,['Somme'],['Hauts-de-France'],COM,{80},{32}
db245054-bba5-444c-8ce3-8d7bda043298,213904352,Commune de Pont-de-Poitte (39),false,{39435},Commune,2026-03-24 14:41:59.705606+01,gold_establishments_2025,,,,21390435200019,2025,Collectivité Territoriale,Commune,['Jura'],['Bourgogne-Franche-Comté'],COM,{39},{27}
db62ae99-0616-4e3d-8339-4bb3edd817ba,200037182,Commune de Pont-de-Roide-Vermondans (25),false,{25463},Commune,2026-03-24 14:41:56.495197+01,gold_establishments_2025,,,,20003718200017,2025,Collectivité Territoriale,Commune,['Doubs'],['Bourgogne-Franche-Comté'],COM,{25},{27}
a1104daf-ced0-4db9-9742-b3a829f07981,213701865,Commune de Pont-de-Ruan (37),false,{37186},Commune,2026-03-24 14:41:59.160244+01,gold_establishments_2025,,,,21370186500015,2025,Collectivité Territoriale,Commune,['Indre-et-Loire'],['Centre-Val de Loire'],COM,{37},{24}
f94a85d0-5c13-4585-b162-73aa215f495a,211201850,Commune de Pont-de-Salars (12),false,{12185},Commune,2026-03-24 14:41:53.63825+01,gold_establishments_2025,,,,21120185000016,2025,Collectivité Territoriale,Commune,['Aveyron'],['Occitanie'],COM,{12},{76}
7b02f4be-ceb4-436c-83cb-8ca0e688cef3,210103057,Commune de Pont-de-Vaux (01),false,{01305},Commune,2026-03-24 14:41:51.447482+01,gold_establishments_2025,,,,21010305700019,2025,Collectivité Territoriale,Commune,['Ain'],['Auvergne-Rhône-Alpes'],COM,{01},{84}
772aaa4c-1ab0-40b2-a9f9-9636b871a6c8,210103065,Commune de Pont-de-Veyle (01),false,{01306},Commune,2026-03-24 14:41:51.447482+01,gold_establishments_2025,,,,21010306500087,2025,Collectivité Territoriale,Commune,['Ain'],['Auvergne-Rhône-Alpes'],COM,{01},{84}
4a8c3f2b-c55f-4058-8794-f845c380a32c,212704696,Commune de Pont-de-l'Arche (27),false,{27469},Commune,2026-03-24 14:41:57.028721+01,gold_establishments_2025,,,,21270469600013,2025,Collectivité Territoriale,Commune,['Eure'],['Normandie'],COM,{27},{28}
e0792f02-2519-41b3-9f18-2babb6e8280c,212602502,Commune de Pont-de-l'Isère (26),false,{26250},Commune,2026-03-24 14:41:56.495197+01,gold_establishments_2025,,,,21260250200016,2025,Collectivité Territoriale,Commune,['Drôme'],['Auvergne-Rhône-Alpes'],COM,{26},{84}
c4a2713e-8f5d-4e72-97b7-521c1e062313,217004191,Commune de Pont-du-Bois (70),false,{70419},Commune,2026-03-24 14:42:07.735343+01,gold_establishments_2025,,,,21700419100011,2025,Collectivité Territoriale,Commune,['Haute-Saône'],['Bourgogne-Franche-Comté'],COM,{70},{27}
086d0a6a-bdd9-4e8f-ab6b-2a2af228d11c,214702094,Commune de Pont-du-Casse (47),false,{47209},Commune,2026-03-24 14:42:00.862623+01,gold_establishments_2025,,,,21470209400019,2025,Collectivité Territoriale,Commune,['Lot-et-Garonne'],['Nouvelle-Aquitaine'],COM,{47},{75}
f483fad5-34a6-4208-927d-93a1e4b02e9a,216302844,Commune de Pont-du-Château (63),false,{63284},Commune,2026-03-24 14:42:06.130387+01,gold_establishments_2025,,,,21630284400016,2025,Collectivité Territoriale,Commune,['Puy-de-Dôme'],['Auvergne-Rhône-Alpes'],COM,{63},{84}
8a1f91f1-9bc7-47ee-b476-6190d4df6b9b,213904378,Commune de Pont-du-Navoy (39),false,{39437},Commune,2026-03-24 14:41:59.705606+01,gold_establishments_2025,,,,21390437800014,2025,Collectivité Territoriale,Commune,['Jura'],['Bourgogne-Franche-Comté'],COM,{39},{27}
1749b861-5d4c-48cc-aca6-0a9e18360ef5,213803190,Commune de Pont-en-Royans (38),false,{38319},Commune,2026-03-24 14:41:59.160244+01,gold_establishments_2025,,,,21380319000015,2025,Collectivité Territoriale,Commune,['Isère'],['Auvergne-Rhône-Alpes'],COM,{38},{84}
e5563798-2e1d-468b-a3d7-e8e8da6343bf,212104970,Commune de Pont-et-Massène (21),false,{21497},Commune,2026-03-24 14:41:55.433389+01,gold_establishments_2025,,,,21210497000018,2025,Collectivité Territoriale,Commune,"[""Côte-d'Or""]",['Bourgogne-Franche-Comté'],COM,{21},{27}
14aceb2b-d7b6-4a33-b694-e84216ffa6e9,212902209,Commune de Pont-l'Abbé (29),false,{29220},Commune,2026-03-24 14:41:57.56054+01,gold_establishments_2025,,,,21290220900015,2025,Collectivité Territoriale,Commune,['Finistère'],['Bretagne'],COM,{29},{53}
7803560a-a21d-4f13-9131-e6e0c363e1e0,211702840,Commune de Pont-l'Abbé-d'Arnoult (17),false,{17284},Commune,2026-03-24 14:41:54.903238+01,gold_establishments_2025,,,,21170284000011,2025,Collectivité Territoriale,Commune,['Charente-Maritime'],['Nouvelle-Aquitaine'],COM,{17},{75}
693e7889-2c28-40c7-8f61-c94d3d3ba7ae,200086379,Commune de Pont-l'Évêque (14),false,{14514},Commune,2026-03-24 14:41:54.362296+01,gold_establishments_2025,,,,20008637900019,2025,Collectivité Territoriale,Commune,['Calvados'],['Normandie'],COM,{14},{28}
5544f3f0-b40c-451f-b679-42903bcce78b,216005009,Commune de Pont-l'Évêque (60),false,{60506},Commune,2026-03-24 14:42:04.814328+01,gold_establishments_2025,,,,21600500900016,2025,Collectivité Territoriale,Commune,['Oise'],['Hauts-de-France'],COM,{60},{32}
7cbcbd47-7b58-48ed-ba5c-7471ef1b69b2,215202862,Commune de Pont-la-Ville (52),false,{52399},Commune,2026-03-24 14:42:01.954481+01,gold_establishments_2025,,,,21520286200011,2025,Collectivité Territoriale,Commune,['Haute-Marne'],['Grand Est'],COM,{52},{44}
7dac4ed1-35c4-4c3c-9a06-d4bc9d434327,212504658,Commune de Pont-les-Moulins (25),false,{25465},Commune,2026-03-24 14:41:56.495197+01,gold_establishments_2025,,,,21250465800031,2025,Collectivité Territoriale,Commune,['Doubs'],['Bourgogne-Franche-Comté'],COM,{25},{27}
5a9a7e0e-de35-4650-97d7-03348e345f3c,218803534,Commune de Pont-lès-Bonfays (88),false,{88353},Commune,2026-03-24 14:42:11.118516+01,gold_establishments_2025,,,,21880353400013,2025,Collectivité Territoriale,Commune,['Vosges'],['Grand Est'],COM,{88},{44}
595a98ec-dfdb-4f37-a27a-3952b8bd7fbb,218803542,Commune de Pont-sur-Madon (88),false,{88354},Commune,2026-03-24 14:42:11.118516+01,gold_establishments_2025,,,,21880354200016,2025,Collectivité Territoriale,Commune,['Vosges'],['Grand Est'],COM,{88},{44}
f870f3b5-2af3-4754-91c1-ce4770caf6ea,215504077,Commune de Pont-sur-Meuse (55),false,{55407},Commune,2026-03-24 14:42:03.701372+01,gold_establishments_2025,,,,21550407700011,2025,Collectivité Territoriale,Commune,['Meuse'],['Grand Est'],COM,{55},{44}
0ba5b337-f571-42df-ba77-5eef53cb366b,215904673,Commune de Pont-sur-Sambre (59),false,{59467},Commune,2026-03-24 14:42:04.814328+01,gold_establishments_2025,,,,21590467300013,2025,Collectivité Territoriale,Commune,['Nord'],['Hauts-de-France'],COM,{59},{32}
a9345003-4479-426e-9611-47fa73969bb4,211002894,Commune de Pont-sur-Seine (10),false,{10298},Commune,2026-03-24 14:41:53.095366+01,gold_establishments_2025,,,,21100289400015,2025,Collectivité Territoriale,Commune,['Aube'],['Grand Est'],COM,{10},{44}
5ad3f757-cbfc-4394-8649-c93e2c012f81,218903086,Commune de Pont-sur-Vanne (89),false,{89308},Commune,2026-03-24 14:42:11.659493+01,gold_establishments_2025,,,,21890308600013,2025,Collectivité Territoriale,Commune,['Yonne'],['Bourgogne-Franche-Comté'],COM,{89},{27}
a687d93f-ef52-4cd4-a928-3b8af7861a83,218903094,Commune de Pont-sur-Yonne (89),false,{89309},Commune,2026-03-24 14:42:11.659493+01,gold_establishments_2025,,,,21890309400017,2025,Collectivité Territoriale,Commune,['Yonne'],['Bourgogne-Franche-Comté'],COM,{89},{27}
0610324f-ee36-454b-94d9-2eab37810c4e,217004209,Commune de Pont-sur-l'Ognon (70),false,{70420},Commune,2026-03-24 14:42:07.735343+01,gold_establishments_2025,,,,21700420900011,2025,Collectivité Territoriale,Commune,['Haute-Saône'],['Bourgogne-Franche-Comté'],COM,{70},{27}
c7ef5af5-6b1b-4e02-8af0-2da7ad50108c,213803182,Commune de Pont-Évêque (38),false,{38318},Commune,2026-03-24 14:41:59.160244+01,gold_establishments_2025,,,,21380318200012,2025,Collectivité Territoriale,Commune,['Isère'],['Auvergne-Rhône-Alpes'],COM,{38},{84}
9f0d658b-5dc4-480a-9506-e9fceb752bfa,215904665,Commune de Pont-à-Marcq (59),false,{59466},Commune,2026-03-24 14:42:04.814328+01,gold_establishments_2025,,,,21590466500019,2025,Collectivité Territoriale,Commune,['Nord'],['Hauts-de-France'],COM,{59},{32}
25c3623c-2ea6-4a51-a4c8-2f4314e2576f,215404310,Commune de Pont-à-Mousson (54),false,{54431},Commune,2026-03-24 14:42:02.957225+01,gold_establishments_2025,,,,21540431000017,2025,Collectivité Territoriale,Commune,['Meurthe-et-Moselle'],['Grand Est'],COM,{54},{44}
fa844487-f677-449f-a3d0-4c9b4539aee5,216206664,Commune de Pont-à-Vendin (62),false,{62666},Commune,2026-03-24 14:42:05.597325+01,gold_establishments_2025,,,,21620666400015,2025,Collectivité Territoriale,Commune,['Pas-de-Calais'],['Hauts-de-France'],COM,{62},{32}
b2fcb529-11ce-4681-9255-6c4a0e2eb9f8,216404533,Commune de Pontacq (64),false,{64453},Commune,2026-03-24 14:42:06.665412+01,gold_establishments_2025,,,,21640453300012,2025,Collectivité Territoriale,Commune,['Pyrénées-Atlantiques'],['Nouvelle-Aquitaine'],COM,{64},{75}
4baebe07-23aa-496b-9ed3-11e600f193d3,212104962,Commune de Pontailler-sur-Saône (21),false,{21496},Commune,2026-03-24 14:41:55.433389+01,gold_establishments_2025,,,,21210496200015,2025,Collectivité Territoriale,Commune,"[""Côte-d'Or""]",['Bourgogne-Franche-Comté'],COM,{21},{27}
bb89f747-7795-46e7-bc79-7339bfc9754d,212602486,Commune de Pontaix (26),false,{26248},Commune,2026-03-24 14:41:56.495197+01,gold_establishments_2025,,,,21260248600012,2025,Collectivité Territoriale,Commune,['Drôme'],['Auvergne-Rhône-Alpes'],COM,{26},{84}
79e7baa0-321b-4a1f-8c1b-cd6c7838d7ac,212315501,Commune de Pontarion (23),false,{23155},Commune,2026-03-24 14:41:55.958138+01,gold_establishments_2025,,,,21231550100016,2025,Collectivité Territoriale,Commune,['Creuse'],['Nouvelle-Aquitaine'],COM,{23},{75}
528d0bb5-1996-4e1f-a827-5354ebaf8014,212504625,Commune de Pontarlier (25),false,{25462},Commune,2026-03-24 14:41:56.495197+01,gold_establishments_2025,,,,21250462500014,2025,Collectivité Territoriale,Commune,['Doubs'],['Bourgogne-Franche-Comté'],COM,{25},{27}
fc34e585-5e06-4fca-a093-227870375c7f,216004994,Commune de Pontarmé (60),false,{60505},Commune,2026-03-24 14:42:04.814328+01,gold_establishments_2025,,,,21600499400010,2025,Collectivité Territoriale,Commune,['Oise'],['Hauts-de-France'],COM,{60},{32}
75205a09-9a59-4adb-bc89-1e74807dd599,215004086,Commune de Pontaubault (50),false,{50408},Commune,2026-03-24 14:42:01.412377+01,gold_establishments_2025,,,,21500408600017,2025,Collectivité Territoriale,Commune,['Manche'],['Normandie'],COM,{50},{28}
a6369114-fe02-4563-8e18-e632f98e9458,218903060,Commune de Pontaubert (89),false,{89306},Commune,2026-03-24 14:42:11.659493+01,gold_establishments_2025,,,,21890306000018,2025,Collectivité Territoriale,Commune,['Yonne'],['Bourgogne-Franche-Comté'],COM,{89},{27}
8c560b84-3de6-4a8f-97cd-c74d35b406f1,217703735,Commune de Pontault-Combault (77),false,{77373},Commune,2026-03-24 14:42:09.43682+01,gold_establishments_2025,,,,21770373500019,2025,Collectivité Territoriale,Commune,['Seine-et-Marne'],['Île-de-France'],COM,{77},{11}
44c3a8e5-1575-4433-9f8d-de61c6273c57,216302836,Commune de Pontaumur (63),false,{63283},Commune,2026-03-24 14:42:06.130387+01,gold_establishments_2025,,,,21630283600012,2025,Collectivité Territoriale,Commune,['Puy-de-Dôme'],['Auvergne-Rhône-Alpes'],COM,{63},{84}
7aca0efd-f23f-4125-91aa-e858d90a206c,210205886,Commune de Pontavert (02),false,{02613},Commune,2026-03-24 14:41:52.020251+01,gold_establishments_2025,,,,21020588600018,2025,Collectivité Territoriale,Commune,['Aisne'],['Hauts-de-France'],COM,{02},{32}
35e0a961-6a2d-4cca-9f4e-5377274a4e0a,217703743,Commune de Pontcarré (77),false,{77374},Commune,2026-03-24 14:42:09.43682+01,gold_establishments_2025,,,,21770374300013,2025,Collectivité Territoriale,Commune,['Seine-et-Marne'],['Île-de-France'],COM,{77},{11}
4015ea01-9826-4a3f-b85d-6cc9e65aa53e,217004175,Commune de Pontcey (70),false,{70417},Commune,2026-03-24 14:42:07.735343+01,gold_establishments_2025,,,,21700417500014,2025,Collectivité Territoriale,Commune,['Haute-Saône'],['Bourgogne-Franche-Comté'],COM,{70},{27}
ab2640cd-48b6-4cd2-937a-8030faa1c123,216103333,Commune de Pontchardon (61),false,{61333},Commune,2026-03-24 14:42:05.597325+01,gold_establishments_2025,,,,21610333300011,2025,Collectivité Territoriale,Commune,['Orne'],['Normandie'],COM,{61},{28}
7beeac41-ac58-4db7-a190-8ba62375bce8,213803141,Commune de Pontcharra (38),false,{38314},Commune,2026-03-24 14:41:59.160244+01,gold_establishments_2025,,,,21380314100018,2025,Collectivité Territoriale,Commune,['Isère'],['Auvergne-Rhône-Alpes'],COM,{38},{84}
a8cc274f-81d3-4354-afb1-e632db4397f5,212315600,Commune de Pontcharraud (23),false,{23156},Commune,2026-03-24 14:41:55.958138+01,gold_establishments_2025,,,,21231560000016,2025,Collectivité Territoriale,Commune,['Creuse'],['Nouvelle-Aquitaine'],COM,{23},{75}
9221b675-3183-4028-85df-ff66db06cc84,214401291,Commune de Pontchâteau (44),false,{44129},Commune,2026-03-24 14:42:00.273698+01,gold_establishments_2025,,,,21440129100015,2025,Collectivité Territoriale,Commune,['Loire-Atlantique'],['Pays de la Loire'],COM,{44},{52}
917ce60d-39d2-432a-a093-523a411d9eaf,214602237,Commune de Pontcirq (46),false,{46223},Commune,2026-03-24 14:42:00.862623+01,gold_establishments_2025,,,,21460223700015,2025,Collectivité Territoriale,Commune,['Lot'],['Occitanie'],COM,{46},{76}
b13ad7e3-4d9d-48c9-a21e-36979bf1ff2a,216601450,Commune de Ponteilla (66),false,{66145},Commune,2026-03-24 14:42:06.665412+01,gold_establishments_2025,,,,21660145000010,2025,Collectivité Territoriale,Commune,['Pyrénées-Orientales'],['Occitanie'],COM,{66},{76}
c46f9d4e-6990-4531-84f0-10e0c254c6bd,213002017,Commune de Ponteils-et-Brésis (30),false,{30201},Commune,2026-03-24 14:41:57.56054+01,gold_establishments_2025,,,,21300201700019,2025,Collectivité Territoriale,Commune,['Gard'],['Occitanie'],COM,{30},{76}
8345dd2c-1bfa-41d5-a5dc-39079c52c5d6,214002297,Commune de Pontenx-les-Forges (40),false,{40229},Commune,2026-03-24 14:41:59.705606+01,gold_establishments_2025,,,,21400229700015,2025,Collectivité Territoriale,Commune,['Landes'],['Nouvelle-Aquitaine'],COM,{40},{75}
395d6c95-8182-4010-ad07-65e140390b8d,218300952,Commune de Pontevès (83),false,{83095},Commune,2026-03-24 14:42:10.508772+01,gold_establishments_2025,,,,21830095200015,2025,Collectivité Territoriale,Commune,['Var'],"[""Provence-Alpes-Côte d'Azur""]",COM,{83},{93}
52708dd2-566c-473a-a709-bf008b73721e,215104076,Commune de Pontfaverger-Moronvilliers (51),false,{51440},Commune,2026-03-24 14:42:01.954481+01,gold_establishments_2025,,,,21510407600017,2025,Collectivité Territoriale,Commune,['Marne'],['Grand Est'],COM,{51},{44}
0a89c9a5-c944-4104-ac10-d9b21a14fcdf,216302851,Commune de Pontgibaud (63),false,{63285},Commune,2026-03-24 14:42:06.130387+01,gold_establishments_2025,,,,21630285100011,2025,Collectivité Territoriale,Commune,['Puy-de-Dôme'],['Auvergne-Rhône-Alpes'],COM,{63},{84}
2d6a0289-4c37-4091-a921-305a95b3e194,212803027,Commune de Pontgouin (28),false,{28302},Commune,2026-03-24 14:41:57.028721+01,gold_establishments_2025,,,,21280302700011,2025,Collectivité Territoriale,Commune,['Eure-et-Loir'],['Centre-Val de Loire'],COM,{28},{24}
621aa1b9-50d2-43f3-8468-fcf7a0b2c14c,215104084,Commune de Ponthion (51),false,{51441},Commune,2026-03-24 14:42:01.954481+01,gold_establishments_2025,,,,21510408400011,2025,Collectivité Territoriale,Commune,['Marne'],['Grand Est'],COM,{51},{44}
9889e23b-e5d0-4fb7-9232-283f027a4b8b,218005981,Commune de Ponthoile (80),false,{80633},Commune,2026-03-24 14:42:09.967209+01,gold_establishments_2025,,,,21800598100012,2025,Collectivité Territoriale,Commune,['Somme'],['Hauts-de-France'],COM,{80},{32}
29aa0beb-8fce-48ae-9989-158171573a76,217804996,Commune de Ponthévrard (78),false,{78499},Commune,2026-03-24 14:42:09.43682+01,gold_establishments_2025,,,,21780499600015,2025,Collectivité Territoriale,Commune,['Yvelines'],['Île-de-France'],COM,{78},{11}
784a5e49-48ba-421b-8d02-0a6b7e70ac5b,216404541,Commune de Pontiacq-Viellepinte (64),false,{64454},Commune,2026-03-24 14:42:06.665412+01,gold_establishments_2025,,,,21640454100015,2025,Collectivité Territoriale,Commune,['Pyrénées-Atlantiques'],['Nouvelle-Aquitaine'],COM,{64},{75}
6ce6580a-fea6-4d3c-a353-5a1db68451cd,218903078,Commune de Pontigny (89),false,{89307},Commune,2026-03-24 14:42:11.659493+01,gold_establishments_2025,,,,21890307800010,2025,Collectivité Territoriale,Commune,['Yonne'],['Bourgogne-Franche-Comté'],COM,{89},{27}
50ea6d58-949e-4184-9f5b-74ab8a2cb7b8,210401543,Commune de Pontis (04),false,{04154},Commune,2026-03-24 14:41:52.562531+01,gold_establishments_2025,,,,21040154300017,2025,Collectivité Territoriale,Commune,['Alpes-de-Haute-Provence'],"[""Provence-Alpes-Côte d'Azur""]",COM,{04},{93}
0c9d0248-a175-429a-be3d-b123260e82f0,215601782,Commune de Pontivy (56),false,{56178},Commune,2026-03-24 14:42:03.701372+01,gold_establishments_2025,,,,21560178200018,2025,Collectivité Territoriale,Commune,['Morbihan'],['Bretagne'],COM,{56},{53}
adcc7363-223c-4c12-a5d6-e1805241607a,214101800,Commune de Pontlevoy (41),false,{41180},Commune,2026-03-24 14:42:00.273698+01,gold_establishments_2025,,,,21410180000016,2025,Collectivité Territoriale,Commune,['Loir-et-Cher'],['Centre-Val de Loire'],COM,{41},{24}
c4f67121-ab41-495e-bc21-7c95deaab957,215301813,Commune de Pontmain (53),false,{53181},Commune,2026-03-24 14:42:02.957225+01,gold_establishments_2025,,,,21530181300014,2025,Collectivité Territoriale,Commune,['Mayenne'],['Pays de la Loire'],COM,{53},{52}
c2f9634d-e585-4fc2-a28f-f69d8b7d0480,219505005,Commune de Pontoise (95),false,{95500},Commune,2026-03-24 14:42:11.659493+01,gold_establishments_2025,,,,21950500500013,2025,Collectivité Territoriale,Commune,"[""Val-d'Oise""]",['Île-de-France'],COM,{95},{11}
ecdab32e-e28d-47ad-8f5e-406f9b243575,216005017,Commune de Pontoise-lès-Noyon (60),false,{60507},Commune,2026-03-24 14:42:04.814328+01,gold_establishments_2025,,,,21600501700019,2025,Collectivité Territoriale,Commune,['Oise'],['Hauts-de-France'],COM,{60},{32}
fdb64347-944f-47dd-8f82-9814830b051b,214002305,Commune de Pontonx-sur-l'Adour (40),false,{40230},Commune,2026-03-24 14:41:59.705606+01,gold_establishments_2025,,,,21400230500016,2025,Collectivité Territoriale,Commune,['Landes'],['Nouvelle-Aquitaine'],COM,{40},{75}
3c42b3bf-e40d-4762-8999-a19ad3b9dd1f,200054856,Commune de Pontorson (50),false,{50410},Commune,2026-03-24 14:42:01.412377+01,gold_establishments_2025,,,,20005485600014,2025,Collectivité Territoriale,Commune,['Manche'],['Normandie'],COM,{50},{28}
ea279fe7-1b3d-4ebf-a830-f8223ac03594,212403349,Commune de Pontours (24),false,{24334},Commune,2026-03-24 14:41:55.958138+01,gold_establishments_2025,,,,21240334900013,2025,Collectivité Territoriale,Commune,['Dordogne'],['Nouvelle-Aquitaine'],COM,{24},{75}
20f0fe9a-7f0e-4bfd-89ab-d6567fcb3b2b,217103555,Commune de Pontoux (71),false,{71355},Commune,2026-03-24 14:42:07.735343+01,gold_establishments_2025,,,,21710355500017,2025,Collectivité Territoriale,Commune,['Saône-et-Loire'],['Bourgogne-Franche-Comté'],COM,{71},{27}
b3a4f36e-c8dd-4e91-84f3-c4567bf2f64b,215705484,Commune de Pontoy (57),false,{57548},Commune,2026-03-24 14:42:04.280096+01,gold_establishments_2025,,,,21570548400016,2025,Collectivité Territoriale,Commune,['Moselle'],['Grand Est'],COM,{57},{44}
47016909-f1a1-4c3f-a958-a2076f2d0203,215705492,Commune de Pontpierre (57),false,{57549},Commune,2026-03-24 14:42:04.280096+01,gold_establishments_2025,,,,21570549200050,2025,Collectivité Territoriale,Commune,['Moselle'],['Grand Est'],COM,{57},{44}
a2871b2a-c870-46f3-b4ca-e24f744b2cc6,216005025,Commune de Pontpoint (60),false,{60508},Commune,2026-03-24 14:42:04.814328+01,gold_establishments_2025,,,,21600502500012,2025,Collectivité Territoriale,Commune,['Oise'],['Hauts-de-France'],COM,{60},{32}
a71c550a-68e0-4df0-a648-7706aacd7a9b,212202501,Commune de Pontrieux (22),false,{22250},Commune,2026-03-24 14:41:55.958138+01,gold_establishments_2025,,,,21220250100012,2025,Collectivité Territoriale,Commune,"[""Côtes-d'Armor""]",['Bretagne'],COM,{22},{53}
86407df1-ae08-4197-905c-54448f8c3998,210205894,Commune de Pontru (02),false,{02614},Commune,2026-03-24 14:41:52.020251+01,gold_establishments_2025,,,,21020589400012,2025,Collectivité Territoriale,Commune,['Aisne'],['Hauts-de-France'],COM,{02},{32}
0421b3ea-dd02-4126-9019-561f7954f3be,210205902,Commune de Pontruet (02),false,{02615},Commune,2026-03-24 14:41:52.020251+01,gold_establishments_2025,,,,21020590200013,2025,Collectivité Territoriale,Commune,['Aisne'],['Hauts-de-France'],COM,{02},{32}
a56a902b-bc8e-455e-b632-57e1dbc86f59,215004110,Commune de Ponts (50),false,{50411},Commune,2026-03-24 14:42:01.412377+01,gold_establishments_2025,,,,21500411000015,2025,Collectivité Territoriale,Commune,['Manche'],['Normandie'],COM,{50},{28}
e07aabcf-3a76-4a1f-92ed-a574e782a26e,200065068,Commune de Ponts sur Seulles (14),false,{14355},Commune,2026-03-24 14:41:54.362296+01,gold_establishments_2025,,,,20006506800013,2025,Collectivité Territoriale,Commune,['Calvados'],['Normandie'],COM,{14},{28}
d81f068d-380a-43dd-b5b4-0f81a69417d4,217605070,Commune de Ponts-et-Marais (76),false,{76507},Commune,2026-03-24 14:42:08.818969+01,gold_establishments_2025,,,,21760507000010,2025,Collectivité Territoriale,Commune,['Seine-Maritime'],['Normandie'],COM,{76},{28}
70fa2519-ad65-4705-83aa-9c07b982d36c,217202431,Commune de Pontvallain (72),false,{72243},Commune,2026-03-24 14:42:08.279287+01,gold_establishments_2025,,,,21720243100011,2025,Collectivité Territoriale,Commune,['Sarthe'],['Pays de la Loire'],COM,{72},{52}
8c21afef-e2c4-45a0-8e4f-0999421cb23a,211405121,Commune de Pontécoulant (14),false,{14512},Commune,2026-03-24 14:41:54.362296+01,gold_establishments_2025,,,,21140512100016,2025,Collectivité Territoriale,Commune,['Calvados'],['Normandie'],COM,{14},{28}
30c6c0a2-7da2-4ad6-ab37-dd55ab01565d,213402084,Commune de Popian (34),false,{34208},Commune,2026-03-24 14:41:58.620411+01,gold_establishments_2025,,,,21340208400015,2025,Collectivité Territoriale,Commune,['Hérault'],['Occitanie'],COM,{34},{76}
6e800a4f-8d14-4aef-91d9-0242c76b4e1b,212002448,Commune de Popolasca (2B),false,{2B244},Commune,2026-03-24 14:41:57.56054+01,gold_establishments_2025,,,,21200244800018,2025,Collectivité Territoriale,Commune,['Haute-Corse'],['Corse'],COM,{2B},{94}
220fd4ed-ff6c-4c6c-adf6-64f4ca5c84ff,215601808,Commune de Porcaro (56),false,{56180},Commune,2026-03-24 14:42:03.701372+01,gold_establishments_2025,,,,21560180800011,2025,Collectivité Territoriale,Commune,['Morbihan'],['Bretagne'],COM,{56},{53}
dac08d89-fd9e-42b5-b3c7-5ffd9764a259,215705500,Commune de Porcelette (57),false,{57550},Commune,2026-03-24 14:42:04.280096+01,gold_establishments_2025,,,,21570550000019,2025,Collectivité Territoriale,Commune,['Moselle'],['Grand Est'],COM,{57},{44}
2b33cc4d-1a7f-45ab-9c2a-c1241180c5d3,216005041,Commune de Porcheux (60),false,{60510},Commune,2026-03-24 14:42:04.814328+01,gold_establishments_2025,,,,21600504100019,2025,Collectivité Territoriale,Commune,['Oise'],['Hauts-de-France'],COM,{60},{32}
ea177808-6cd8-4e7e-89b8-8ec203aeb8b0,217805019,Commune de Porcheville (78),false,{78501},Commune,2026-03-24 14:42:09.43682+01,gold_establishments_2025,,,,21780501900015,2025,Collectivité Territoriale,Commune,['Yvelines'],['Île-de-France'],COM,{78},{11}
e48cc793-4d74-44d7-bafe-d2b0dcfb012b,213303324,Commune de Porchères (33),false,{33332},Commune,2026-03-24 14:41:58.620411+01,gold_establishments_2025,,,,21330332400015,2025,Collectivité Territoriale,Commune,['Gironde'],['Nouvelle-Aquitaine'],COM,{33},{75}
bae5a27d-1f61-4216-b8b7-cf78f5c12620,213803208,Commune de Porcieu-Amblagnieu (38),false,{38320},Commune,2026-03-24 14:41:59.160244+01,gold_establishments_2025,,,,21380320800015,2025,Collectivité Territoriale,Commune,['Isère'],['Auvergne-Rhône-Alpes'],COM,{38},{84}
9ab00cd5-dbcd-471f-9623-b7a9d697bdd7,200056703,Commune de Pordic (22),false,{22251},Commune,2026-03-24 14:41:55.958138+01,gold_establishments_2025,,,,20005670300016,2025,Collectivité Territoriale,Commune,"[""Côtes-d'Armor""]",['Bretagne'],COM,{22},{53}
ed997b60-b3d4-4543-bdb6-add81fbbf2b0,214401317,Commune de Pornic (44),false,{44131},Commune,2026-03-24 14:42:00.273698+01,gold_establishments_2025,,,,21440131700018,2025,Collectivité Territoriale,Commune,['Loire-Atlantique'],['Pays de la Loire'],COM,{44},{52}
0c37fcd2-d013-4687-a947-dea36714fed5,214401325,Commune de Pornichet (44),false,{44132},Commune,2026-03-24 14:42:00.273698+01,gold_establishments_2025,,,,21440132500011,2025,Collectivité Territoriale,Commune,['Loire-Atlantique'],['Pays de la Loire'],COM,{44},{52}
32a9c53d-b68a-4ac6-a15d-55021709e451,216005058,Commune de Porquéricourt (60),false,{60511},Commune,2026-03-24 14:42:04.814328+01,gold_establishments_2025,,,,21600505800013,2025,Collectivité Territoriale,Commune,['Oise'],['Hauts-de-France'],COM,{60},{32}
a90373a4-400a-4b2a-b912-f44812be5600,212002455,Commune de Porri (2B),false,{2B245},Commune,2026-03-24 14:41:57.56054+01,gold_establishments_2025,,,,21200245500013,2025,Collectivité Territoriale,Commune,['Haute-Corse'],['Corse'],COM,{2B},{94}
ff38cfc0-2195-434d-839d-eb568bfdfaee,212902217,Commune de Porspoder (29),false,{29221},Commune,2026-03-24 14:41:57.56054+01,gold_establishments_2025,,,,21290221700018,2025,Collectivité Territoriale,Commune,['Finistère'],['Bretagne'],COM,{29},{53}
860f6661-e95a-4e06-8615-40d8fe8ba5f3,210103073,Commune de Port (01),false,{01307},Commune,2026-03-24 14:41:51.447482+01,gold_establishments_2025,,,,21010307300016,2025,Collectivité Territoriale,Commune,['Ain'],['Auvergne-Rhône-Alpes'],COM,{01},{84}
91346b4a-ab4d-41ec-85d4-813ea9a033a5,200086593,Commune de Port-Bail-sur-Mer (50),false,{50412},Commune,2026-03-24 14:42:01.412377+01,gold_establishments_2025,,,,20008659300015,2025,Collectivité Territoriale,Commune,['Manche'],['Normandie'],COM,{50},{28}
dcb190f9-95f4-4058-a4f5-9c5e57c9dda6,215301821,Commune de Port-Brillet (53),false,{53182},Commune,2026-03-24 14:42:02.957225+01,gold_establishments_2025,,,,21530182100017,2025,Collectivité Territoriale,Commune,['Mayenne'],['Pays de la Loire'],COM,{53},{52}
9059e475-adee-4562-be9d-867472943122,200057065,Commune de Port-Jérôme-sur-Seine (76),false,{76476},Commune,2026-03-24 14:42:08.818969+01,gold_establishments_2025,,,,20005706500019,2025,Collectivité Territoriale,Commune,['Seine-Maritime'],['Normandie'],COM,{76},{28}
51f52594-4ac1-4d1e-99f5-0f8f011042b2,212902225,Commune de Port-Launay (29),false,{29222},Commune,2026-03-24 14:41:57.56054+01,gold_establishments_2025,,,,21290222500011,2025,Collectivité Territoriale,Commune,['Finistère'],['Bretagne'],COM,{29},{53}
df7169c3-9a56-49c7-b208-b87e8a03ac0b,213904394,Commune de Port-Lesney (39),false,{39439},Commune,2026-03-24 14:41:59.705606+01,gold_establishments_2025,,,,21390439400011,2025,Collectivité Territoriale,Commune,['Jura'],['Bourgogne-Franche-Comté'],COM,{39},{27}
6a5a5be4-c616-439a-841f-2d3304e9f327,215601816,Commune de Port-Louis (56),false,{56181},Commune,2026-03-24 14:42:03.701372+01,gold_establishments_2025,,,,21560181600014,2025,Collectivité Territoriale,Commune,['Morbihan'],['Bretagne'],COM,{56},{53}
48a1a05c-de42-4f1a-90dc-d216b28ece06,219711223,Commune de Port-Louis (971),false,{97122},Commune,2026-03-24 14:42:11.659493+01,gold_establishments_2025,,,,21971122300012,2025,Collectivité Territoriale,Commune,['Guadeloupe'],['Guadeloupe'],COM,{971},{01}
d43f6010-bf86-425c-94cb-c124bdd96816,212704738,Commune de Port-Mort (27),false,{27473},Commune,2026-03-24 14:41:57.028721+01,gold_establishments_2025,,,,21270473800047,2025,Collectivité Territoriale,Commune,['Eure'],['Normandie'],COM,{27},{28}
aec86126-397b-4484-aa25-8e63bb47d075,211300785,Commune de Port-Saint-Louis-du-Rhône (13),false,{13078},Commune,2026-03-24 14:41:53.63825+01,gold_establishments_2025,,,,21130078500014,2025,Collectivité Territoriale,Commune,['Bouches-du-Rhône'],"[""Provence-Alpes-Côte d'Azur""]",COM,{13},{93}
7da6da70-37ae-431b-9165-f877b48a4ae3,214401333,Commune de Port-Saint-Père (44),false,{44133},Commune,2026-03-24 14:42:00.273698+01,gold_establishments_2025,,,,21440133300015,2025,Collectivité Territoriale,Commune,['Loire-Atlantique'],['Pays de la Loire'],COM,{44},{52}
f4d90723-ba83-47e3-b357-93090cb949f3,212403356,Commune de Port-Sainte-Foy-et-Ponchapt (24),false,{24335},Commune,2026-03-24 14:41:55.958138+01,gold_establishments_2025,,,,21240335600018,2025,Collectivité Territoriale,Commune,['Dordogne'],['Nouvelle-Aquitaine'],COM,{24},{75}
aaeeaf66-e8b5-4250-868b-773918298c46,214702102,Commune de Port-Sainte-Marie (47),false,{47210},Commune,2026-03-24 14:42:00.862623+01,gold_establishments_2025,,,,21470210200010,2025,Collectivité Territoriale,Commune,['Lot-et-Garonne'],['Nouvelle-Aquitaine'],COM,{47},{75}
ded671aa-aa37-416f-adf2-628c9f2ac54b,216601484,Commune de Port-Vendres (66),false,{66148},Commune,2026-03-24 14:42:06.665412+01,gold_establishments_2025,,,,21660148400019,2025,Collectivité Territoriale,Commune,['Pyrénées-Orientales'],['Occitanie'],COM,{66},{76}
3a9cea56-de95-4a14-a090-ac45fecadce9,211702857,Commune de Port-d'Envaux (17),false,{17285},Commune,2026-03-24 14:41:54.903238+01,gold_establishments_2025,,,,21170285700015,2025,Collectivité Territoriale,Commune,['Charente-Maritime'],['Nouvelle-Aquitaine'],COM,{17},{75}
4ff8b484-307f-4fb7-acff-99528f0a13e1,211300777,Commune de Port-de-Bouc (13),false,{13077},Commune,2026-03-24 14:41:53.63825+01,gold_establishments_2025,,,,21130077700011,2025,Collectivité Territoriale,Commune,['Bouches-du-Rhône'],"[""Provence-Alpes-Côte d'Azur""]",COM,{13},{93}
62df5ee7-b7ec-468b-a320-6cbd5acf97ef,214002313,Commune de Port-de-Lanne (40),false,{40231},Commune,2026-03-24 14:41:59.705606+01,gold_establishments_2025,,,,21400231300010,2025,Collectivité Territoriale,Commune,['Landes'],['Nouvelle-Aquitaine'],COM,{40},{75}
ee69d312-8261-4a63-a49e-ae96ccf2ced6,218601953,Commune de Port-de-Piles (86),false,{86195},Commune,2026-03-24 14:42:10.508772+01,gold_establishments_2025,,,,21860195300019,2025,Collectivité Territoriale,Commune,['Vienne'],['Nouvelle-Aquitaine'],COM,{86},{75}
9e0fbe23-9b07-4aa8-96c4-c194f372f5e6,211704846,Commune de Port-des-Barques (17),false,{17484},Commune,2026-03-24 14:41:54.903238+01,gold_establishments_2025,,,,21170484600016,2025,Collectivité Territoriale,Commune,['Charente-Maritime'],['Nouvelle-Aquitaine'],COM,{17},{75}
15108e11-5249-44e7-af15-73b3b8788121,211405154,Commune de Port-en-Bessin-Huppain (14),false,{14515},Commune,2026-03-24 14:41:54.362296+01,gold_establishments_2025,,,,21140515400017,2025,Collectivité Territoriale,Commune,['Calvados'],['Normandie'],COM,{14},{28}
37d2aed8-0866-4211-8c82-708cee87a46c,211102660,Commune de Port-la-Nouvelle (11),false,{11266},Commune,2026-03-24 14:41:53.63825+01,gold_establishments_2025,,,,21110266000019,2025,Collectivité Territoriale,Commune,['Aude'],['Occitanie'],COM,{11},{76}
707a165d-2d90-40fc-a7cd-b0973b2df1c9,218006013,Commune de Port-le-Grand (80),false,{80637},Commune,2026-03-24 14:42:09.967209+01,gold_establishments_2025,,,,21800601300013,2025,Collectivité Territoriale,Commune,['Somme'],['Hauts-de-France'],COM,{80},{32}
057ad748-0ad2-4b46-a4f9-ea0fbe36f175,217004217,Commune de Port-sur-Saône (70),false,{70421},Commune,2026-03-24 14:42:07.735343+01,gold_establishments_2025,,,,21700421700014,2025,Collectivité Territoriale,Commune,['Haute-Saône'],['Bourgogne-Franche-Comté'],COM,{70},{27}
ae7bedfb-eb46-4a41-b7e6-1d3847224d9c,215404336,Commune de Port-sur-Seille (54),false,{54433},Commune,2026-03-24 14:42:02.957225+01,gold_establishments_2025,,,,21540433600012,2025,Collectivité Territoriale,Commune,['Meurthe-et-Moselle'],['Grand Est'],COM,{54},{44}
ecdca0f3-cf80-4de5-bb74-466c7575eed3,216601468,Commune de Porta (66),false,{66146},Commune,2026-03-24 14:42:06.665412+01,gold_establishments_2025,,,,21660146800012,2025,Collectivité Territoriale,Commune,['Pyrénées-Orientales'],['Occitanie'],COM,{66},{76}
5ec984a1-ed21-4bb4-8b4e-e922013620a3,200058683,Commune de Porte du Ried (68),false,{68143},Commune,2026-03-24 14:42:07.195692+01,gold_establishments_2025,,,,20005868300018,2025,Collectivité Territoriale,Commune,['Haut-Rhin'],['Grand Est'],COM,{68},{44}
4a92d0b3-5a3d-46ed-ad46-69d83004c152,200083772,Commune de Porte-de-Benauge (33),false,{33008},Commune,2026-03-24 14:41:58.09424+01,gold_establishments_2025,,,,20008377200018,2025,Collectivité Territoriale,Commune,['Gironde'],['Nouvelle-Aquitaine'],COM,{33},{75}
d2355962-e97b-4e63-a4b1-8488e18e4b1e,200083681,Commune de Porte-de-Savoie (73),false,{73151},Commune,2026-03-24 14:42:08.279287+01,gold_establishments_2025,,,,20008368100011,2025,Collectivité Territoriale,Commune,['Savoie'],['Auvergne-Rhône-Alpes'],COM,{73},{84}
a047a95c-6f75-439d-bbde-13406c7d625d,200077311,Commune de Porte-de-Seine (27),false,{27471},Commune,2026-03-24 14:41:57.028721+01,gold_establishments_2025,,,,20007731100013,2025,Collectivité Territoriale,Commune,['Eure'],['Normandie'],COM,{27},{28}
bf3dfe80-c2d4-4f97-8b65-c35ae64626b3,200084879,Commune de Porte-des-Bonnevaux (38),false,{38479},Commune,2026-03-24 14:41:59.705606+01,gold_establishments_2025,,,,20008487900010,2025,Collectivité Territoriale,Commune,['Isère'],['Auvergne-Rhône-Alpes'],COM,{38},{84}
5ad5dee2-13f4-483d-aee3-db1abb414310,200082907,Commune de Porte-du-Quercy (46),false,{46033},Commune,2026-03-24 14:42:00.862623+01,gold_establishments_2025,,,,20008290700011,2025,Collectivité Territoriale,Commune,['Lot'],['Occitanie'],COM,{46},{76}
91ceff04-65d3-4994-a029-a284669ba5f1,211102959,Commune de Portel-des-Corbières (11),false,{11295},Commune,2026-03-24 14:41:53.63825+01,gold_establishments_2025,,,,21110295900015,2025,Collectivité Territoriale,Commune,['Aude'],['Occitanie'],COM,{11},{76}
27efd271-3788-4a05-8207-b696ce58013b,212704720,Commune de Portes (27),false,{27472},Commune,2026-03-24 14:41:57.028721+01,gold_establishments_2025,,,,21270472000011,2025,Collectivité Territoriale,Commune,['Eure'],['Normandie'],COM,{27},{28}
d0c92df5-7b7d-4557-8ad1-3b882153cd78,213002033,Commune de Portes (30),false,{30203},Commune,2026-03-24 14:41:57.56054+01,gold_establishments_2025,,,,21300203300016,2025,Collectivité Territoriale,Commune,['Gard'],['Occitanie'],COM,{30},{76}
5eec80ac-214a-4075-90df-ddc4b8a9b073,212602510,Commune de Portes-en-Valdaine (26),false,{26251},Commune,2026-03-24 14:41:56.495197+01,gold_establishments_2025,,,,21260251000019,2025,Collectivité Territoriale,Commune,['Drôme'],['Auvergne-Rhône-Alpes'],COM,{26},{84}
8f49b3cb-f7d5-4814-89b4-c44a8d6a0c25,212602528,Commune de Portes-lès-Valence (26),false,{26252},Commune,2026-03-24 14:41:56.495197+01,gold_establishments_2025,,,,21260252800011,2025,Collectivité Territoriale,Commune,['Drôme'],['Auvergne-Rhône-Alpes'],COM,{26},{84}
2a76e5ac-3cfb-43cc-b4a4-5cee4f2f3434,216404558,Commune de Portet (64),false,{64455},Commune,2026-03-24 14:42:06.665412+01,gold_establishments_2025,,,,21640455800019,2025,Collectivité Territoriale,Commune,['Pyrénées-Atlantiques'],['Nouvelle-Aquitaine'],COM,{64},{75}
d5842912-5e81-426b-b049-16cf16350bb2,213104318,Commune de Portet-d'Aspet (31),false,{31431},Commune,2026-03-24 14:41:58.09424+01,gold_establishments_2025,,,,21310431800018,2025,Collectivité Territoriale,Commune,['Haute-Garonne'],['Occitanie'],COM,{31},{76}
e6982041-c1ad-455e-ab38-13060ece0802,213104326,Commune de Portet-de-Luchon (31),false,{31432},Commune,2026-03-24 14:41:58.09424+01,gold_establishments_2025,,,,21310432600011,2025,Collectivité Territoriale,Commune,['Haute-Garonne'],['Occitanie'],COM,{31},{76}
9073aa43-7d87-4ad0-9012-82d5ee2a1d08,213104334,Commune de Portet-sur-Garonne (31),false,{31433},Commune,2026-03-24 14:41:58.09424+01,gold_establishments_2025,,,,21310433400015,2025,Collectivité Territoriale,Commune,['Haute-Garonne'],['Occitanie'],COM,{31},{76}
740f33fd-47dc-4846-ac0c-bad5ba61868b,213303340,Commune de Portets (33),false,{33334},Commune,2026-03-24 14:41:58.620411+01,gold_establishments_2025,,,,21330334000011,2025,Collectivité Territoriale,Commune,['Gironde'],['Nouvelle-Aquitaine'],COM,{33},{75}
6c7114d7-dada-4577-b133-9c76c49b8428,218803559,Commune de Portieux (88),false,{88355},Commune,2026-03-24 14:42:11.118516+01,gold_establishments_2025,,,,21880355900010,2025,Collectivité Territoriale,Commune,['Vosges'],['Grand Est'],COM,{88},{44}
6527ed5c-5a2a-449d-948b-60a69dca06d4,213402092,Commune de Portiragnes (34),false,{34209},Commune,2026-03-24 14:41:58.620411+01,gold_establishments_2025,,,,21340209200091,2025,Collectivité Territoriale,Commune,['Hérault'],['Occitanie'],COM,{34},{76}
6e7e1454-8a42-4265-b4c6-679419eb0917,212002471,Commune de Porto-Vecchio (2A),false,{2A247},Commune,2026-03-24 14:41:57.56054+01,gold_establishments_2025,,,,21200247100010,2025,Collectivité Territoriale,Commune,['Corse-du-Sud'],['Corse'],COM,{2A},{94}
ffdba24b-7c2d-4d50-98c9-fde384db311c,213701873,Commune de Ports-sur-Vienne (37),false,{37187},Commune,2026-03-24 14:41:59.160244+01,gold_establishments_2025,,,,21370187300019,2025,Collectivité Territoriale,Commune,['Indre-et-Loire'],['Centre-Val de Loire'],COM,{37},{24}
93477a53-4170-49ac-b477-5e4cba2eaffb,216601476,Commune de Porté-Puymorens (66),false,{66147},Commune,2026-03-24 14:42:06.665412+01,gold_establishments_2025,,,,21660147600015,2025,Collectivité Territoriale,Commune,['Pyrénées-Orientales'],['Occitanie'],COM,{66},{76}
7d407b73-a424-4c83-bdb6-495e9b2bf229,212104988,Commune de Posanges (21),false,{21498},Commune,2026-03-24 14:41:55.433389+01,gold_establishments_2025,,,,21210498800010,2025,Collectivité Territoriale,Commune,"[""Côte-d'Or""]",['Bourgogne-Franche-Comté'],COM,{21},{27}
c4d4c935-cb20-46cf-a2ac-d74b3f15d6cf,212704746,Commune de Poses (27),false,{27474},Commune,2026-03-24 14:41:57.028721+01,gold_establishments_2025,,,,21270474600016,2025,Collectivité Territoriale,Commune,['Eure'],['Normandie'],COM,{27},{28}
1f9eb723-5e3e-40c5-922e-cfd4f3df8ba6,215104092,Commune de Possesse (51),false,{51442},Commune,2026-03-24 14:42:01.954481+01,gold_establishments_2025,,,,21510409200014,2025,Collectivité Territoriale,Commune,['Marne'],['Grand Est'],COM,{51},{44}
383fdf1b-d6f8-4b62-9588-2ead8fafd1b5,215705518,Commune de Postroff (57),false,{57551},Commune,2026-03-24 14:42:04.280096+01,gold_establishments_2025,,,,21570551800011,2025,Collectivité Territoriale,Commune,['Moselle'],['Grand Est'],COM,{57},{44}
86965993-a795-413c-9311-f34b4f1e2a11,215104100,Commune de Potangis (51),false,{51443},Commune,2026-03-24 14:42:01.954481+01,gold_establishments_2025,,,,21510410000015,2025,Collectivité Territoriale,Commune,['Marne'],['Grand Est'],COM,{51},{44}
0800e362-27ad-45d2-819d-7a5346f06fc5,213002041,Commune de Potelières (30),false,{30204},Commune,2026-03-24 14:41:57.56054+01,gold_establishments_2025,,,,21300204100019,2025,Collectivité Territoriale,Commune,['Gard'],['Occitanie'],COM,{30},{76}
aa1d5348-318f-414b-b874-90999b0c503d,215904681,Commune de Potelle (59),false,{59468},Commune,2026-03-24 14:42:04.814328+01,gold_establishments_2025,,,,21590468100016,2025,Collectivité Territoriale,Commune,['Nord'],['Hauts-de-France'],COM,{59},{32}
f39e0e0a-b237-4510-b493-7f59fd373669,212104996,Commune de Pothières (21),false,{21499},Commune,2026-03-24 14:41:55.433389+01,gold_establishments_2025,,,,21210499600013,2025,Collectivité Territoriale,Commune,"[""Côte-d'Or""]",['Bourgogne-Franche-Comté'],COM,{21},{27}
05a902db-2083-475e-bc2f-e83388e837d5,211405162,Commune de Potigny (14),false,{14516},Commune,2026-03-24 14:41:54.362296+01,gold_establishments_2025,,,,21140516200127,2025,Collectivité Territoriale,Commune,['Calvados'],['Normandie'],COM,{14},{28}
90fe38c1-9e3d-48e5-af99-0751ba3a227a,218006021,Commune de Potte (80),false,{80638},Commune,2026-03-24 14:42:09.967209+01,gold_establishments_2025,,,,21800602100016,2025,Collectivité Territoriale,Commune,['Somme'],['Hauts-de-France'],COM,{80},{32}
fb0975fb-83d5-4559-ab25-1e8bcadb3132,211002902,Commune de Pouan-les-Vallées (10),false,{10299},Commune,2026-03-24 14:41:53.095366+01,gold_establishments_2025,,,,21100290200016,2025,Collectivité Territoriale,Commune,['Aube'],['Grand Est'],COM,{10},{44}
c4c5ca5d-0948-4e8e-b0a7-7ab64612a86d,218601979,Commune de Pouant (86),false,{86197},Commune,2026-03-24 14:42:10.508772+01,gold_establishments_2025,,,,21860197900014,2025,Collectivité Territoriale,Commune,['Vienne'],['Nouvelle-Aquitaine'],COM,{86},{75}
5157abee-3727-4eba-ba62-4d0dc0803360,218601961,Commune de Pouançay (86),false,{86196},Commune,2026-03-24 14:42:10.508772+01,gold_establishments_2025,,,,21860196100012,2025,Collectivité Territoriale,Commune,['Vienne'],['Nouvelle-Aquitaine'],COM,{86},{75}
430f806e-cf73-45c7-8db1-281c23a944aa,213104342,Commune de Poubeau (31),false,{31434},Commune,2026-03-24 14:41:58.09424+01,gold_establishments_2025,,,,21310434200018,2025,Collectivité Territoriale,Commune,['Haute-Garonne'],['Occitanie'],COM,{31},{76}
86f08983-7f90-4717-ae6a-a88ffd66a849,213104359,Commune de Poucharramet (31),false,{31435},Commune,2026-03-24 14:41:58.09424+01,gold_establishments_2025,,,,21310435900012,2025,Collectivité Territoriale,Commune,['Haute-Garonne'],['Occitanie'],COM,{31},{76}
8593d74e-e720-4a2a-b533-4982d287b4a2,214702110,Commune de Poudenas (47),false,{47211},Commune,2026-03-24 14:42:00.862623+01,gold_establishments_2025,,,,21470211000013,2025,Collectivité Territoriale,Commune,['Lot-et-Garonne'],['Nouvelle-Aquitaine'],COM,{47},{75}
c89abaa0-7bed-4b91-9b42-1b00447b5337,214002321,Commune de Poudenx (40),false,{40232},Commune,2026-03-24 14:41:59.705606+01,gold_establishments_2025,,,,21400232100013,2025,Collectivité Territoriale,Commune,['Landes'],['Nouvelle-Aquitaine'],COM,{40},{75}
2e945414-948c-446c-9710-eaa12c8a4227,218102101,Commune de Poudis (81),false,{81210},Commune,2026-03-24 14:42:09.967209+01,gold_establishments_2025,,,,21810210100019,2025,Collectivité Territoriale,Commune,['Tarn'],['Occitanie'],COM,{81},{76}
edae0bd5-3a17-49d2-acd3-e64038b68540,216503664,Commune de Poueyferré (65),false,{65366},Commune,2026-03-24 14:42:06.665412+01,gold_establishments_2025,,,,21650366400015,2025,Collectivité Territoriale,Commune,['Hautes-Pyrénées'],['Occitanie'],COM,{65},{76}
3e29fb64-beee-481e-be89-be365dc43f1c,213002058,Commune de Pougnadoresse (30),false,{30205},Commune,2026-03-24 14:41:57.56054+01,gold_establishments_2025,,,,21300205800013,2025,Collectivité Territoriale,Commune,['Gard'],['Occitanie'],COM,{30},{76}
f69517e2-6e40-43f0-8f6e-13ca3aaf3a1b,217902154,Commune de Pougne-Hérisson (79),false,{79215},Commune,2026-03-24 14:42:09.43682+01,gold_establishments_2025,,,,21790215400012,2025,Collectivité Territoriale,Commune,['Deux-Sèvres'],['Nouvelle-Aquitaine'],COM,{79},{75}
c0416c51-bc28-44fa-be9b-5360276f66ba,210103081,Commune de Pougny (01),false,{01308},Commune,2026-03-24 14:41:51.447482+01,gold_establishments_2025,,,,21010308100019,2025,Collectivité Territoriale,Commune,['Ain'],['Auvergne-Rhône-Alpes'],COM,{01},{84}
75f9a4cf-a9bb-4d43-a791-189aca73b527,215802133,Commune de Pougny (58),false,{58213},Commune,2026-03-24 14:42:04.280096+01,gold_establishments_2025,,,,21580213300011,2025,Collectivité Territoriale,Commune,['Nièvre'],['Bourgogne-Franche-Comté'],COM,{58},{27}
fb28c5d7-20a6-44ef-9d93-75227d257774,215802141,Commune de Pougues-les-Eaux (58),false,{58214},Commune,2026-03-24 14:42:04.280096+01,gold_establishments_2025,,,,21580214100014,2025,Collectivité Territoriale,Commune,['Nièvre'],['Bourgogne-Franche-Comté'],COM,{58},{27}
7c158cd2-89fa-4c14-9677-e2cfbff18d64,211002910,Commune de Pougy (10),false,{10300},Commune,2026-03-24 14:41:53.095366+01,gold_establishments_2025,,,,21100291000019,2025,Collectivité Territoriale,Commune,['Aube'],['Grand Est'],COM,{10},{44}
156b6193-18d4-481e-9f30-12763518de81,211702873,Commune de Pouillac (17),false,{17287},Commune,2026-03-24 14:41:54.903238+01,gold_establishments_2025,,,,21170287300012,2025,Collectivité Territoriale,Commune,['Charente-Maritime'],['Nouvelle-Aquitaine'],COM,{17},{75}
ff5deffc-7852-4091-84a3-dd545d2bae17,210103099,Commune de Pouillat (01),false,{01309},Commune,2026-03-24 14:41:51.447482+01,gold_establishments_2025,,,,21010309900011,2025,Collectivité Territoriale,Commune,['Ain'],['Auvergne-Rhône-Alpes'],COM,{01},{84}
55b46b08-18c6-40f9-be92-88d4b3b34eb9,212105001,Commune de Pouillenay (21),false,{21500},Commune,2026-03-24 14:41:55.433389+01,gold_establishments_2025,,,,21210500100011,2025,Collectivité Territoriale,Commune,"[""Côte-d'Or""]",['Bourgogne-Franche-Comté'],COM,{21},{27}
2a1ee2f4-5445-4203-8441-fedae8b97f6b,212504666,Commune de Pouilley-Français (25),false,{25466},Commune,2026-03-24 14:41:56.495197+01,gold_establishments_2025,,,,21250466600018,2025,Collectivité Territoriale,Commune,['Doubs'],['Bourgogne-Franche-Comté'],COM,{25},{27}
d7b9a69e-baf9-4efb-aca7-b94ee6aa046c,212504674,Commune de Pouilley-les-Vignes (25),false,{25467},Commune,2026-03-24 14:41:56.495197+01,gold_establishments_2025,,,,21250467400012,2025,Collectivité Territoriale,Commune,['Doubs'],['Bourgogne-Franche-Comté'],COM,{25},{27}
80294c1b-e0a5-437e-b222-1c081d6da0e9,214002339,Commune de Pouillon (40),false,{40233},Commune,2026-03-24 14:41:59.705606+01,gold_establishments_2025,,,,21400233900015,2025,Collectivité Territoriale,Commune,['Landes'],['Nouvelle-Aquitaine'],COM,{40},{75}
30995c6a-1b47-4aea-ad2d-72b32b900746,215104118,Commune de Pouillon (51),false,{51444},Commune,2026-03-24 14:42:01.954481+01,gold_establishments_2025,,,,21510411800017,2025,Collectivité Territoriale,Commune,['Marne'],['Grand Est'],COM,{51},{44}
65fe07d7-d74e-44f8-a55c-929b469b4b57,217103563,Commune de Pouilloux (71),false,{71356},Commune,2026-03-24 14:42:07.735343+01,gold_establishments_2025,,,,21710356300011,2025,Collectivité Territoriale,Commune,['Saône-et-Loire'],['Bourgogne-Franche-Comté'],COM,{71},{27}
f728d01c-4b7e-4613-a9f7-a41d617ab4fe,215705526,Commune de Pouilly (57),false,{57552},Commune,2026-03-24 14:42:04.280096+01,gold_establishments_2025,,,,21570552600014,2025,Collectivité Territoriale,Commune,['Moselle'],['Grand Est'],COM,{57},{44}
c8a0bf60-f8ae-4edc-9e7b-7c5f82564427,216005066,Commune de Pouilly (60),false,{60512},Commune,2026-03-24 14:42:04.814328+01,gold_establishments_2025,,,,21600506600016,2025,Collectivité Territoriale,Commune,['Oise'],['Hauts-de-France'],COM,{60},{32}
d9e9ff4f-ce03-4a9a-b670-b7c6fa971d15,212105019,Commune de Pouilly-en-Auxois (21),false,{21501},Commune,2026-03-24 14:41:55.433389+01,gold_establishments_2025,,,,21210501900013,2025,Collectivité Territoriale,Commune,"[""Côte-d'Or""]",['Bourgogne-Franche-Comté'],COM,{21},{27}
ddd7e9ae-6463-4a8d-9b7a-883dd1541d08,200083616,Commune de Pouilly-le-Monial (nan),false,{69159},Commune,2026-03-24 14:42:07.195692+01,gold_establishments_2025,,,,20008361600108,2025,Collectivité Territoriale,Commune,[''],[''],COM,,
d0c6bf1b-d69c-4ea9-8b59-fa5e048f6b8c,214201766,Commune de Pouilly-les-Nonains (42),false,{42176},Commune,2026-03-24 14:42:00.273698+01,gold_establishments_2025,,,,21420176600018,2025,Collectivité Territoriale,Commune,['Loire'],['Auvergne-Rhône-Alpes'],COM,{42},{84}
d848790d-9606-4832-b14c-cca333342a77,214201758,Commune de Pouilly-lès-Feurs (42),false,{42175},Commune,2026-03-24 14:42:00.273698+01,gold_establishments_2025,,,,21420175800015,2025,Collectivité Territoriale,Commune,['Loire'],['Auvergne-Rhône-Alpes'],COM,{42},{84}
ec851fc5-071d-429c-a4dd-a87f10fef14f,214201774,Commune de Pouilly-sous-Charlieu (42),false,{42177},Commune,2026-03-24 14:42:00.273698+01,gold_establishments_2025,,,,21420177400012,2025,Collectivité Territoriale,Commune,['Loire'],['Auvergne-Rhône-Alpes'],COM,{42},{84}
3e8c813c-51ca-4bdd-add4-2d8df00610bd,215802158,Commune de Pouilly-sur-Loire (58),false,{58215},Commune,2026-03-24 14:42:04.280096+01,gold_establishments_2025,,,,21580215800018,2025,Collectivité Territoriale,Commune,['Nièvre'],['Bourgogne-Franche-Comté'],COM,{58},{27}
eec4e5fb-f41d-4814-bff7-9d3987071b17,215504085,Commune de Pouilly-sur-Meuse (55),false,{55408},Commune,2026-03-24 14:42:03.701372+01,gold_establishments_2025,,,,21550408500014,2025,Collectivité Territoriale,Commune,['Meuse'],['Grand Est'],COM,{55},{44}
fe9314b0-b92c-4a97-8600-f90aca71cddf,212105027,Commune de Pouilly-sur-Saône (21),false,{21502},Commune,2026-03-24 14:41:55.433389+01,gold_establishments_2025,,,,21210502700016,2025,Collectivité Territoriale,Commune,"[""Côte-d'Or""]",['Bourgogne-Franche-Comté'],COM,{21},{27}
110e1724-8812-428a-8e07-73c3fc8a2a5f,210205928,Commune de Pouilly-sur-Serre (02),false,{02617},Commune,2026-03-24 14:41:52.020251+01,gold_establishments_2025,,,,21020592800018,2025,Collectivité Territoriale,Commune,['Aisne'],['Hauts-de-France'],COM,{02},{32}
be80f698-0627-45d1-acbf-e8b085fb2a2e,212105035,Commune de Pouilly-sur-Vingeanne (21),false,{21503},Commune,2026-03-24 14:41:55.433389+01,gold_establishments_2025,,,,21210503500019,2025,Collectivité Territoriale,Commune,"[""Côte-d'Or""]",['Bourgogne-Franche-Comté'],COM,{21},{27}
60010b07-ca03-4b4b-bbde-11caaffa058b,214101818,Commune de Pouillé (41),false,{41181},Commune,2026-03-24 14:42:00.273698+01,gold_establishments_2025,,,,21410181800042,2025,Collectivité Territoriale,Commune,['Loir-et-Cher'],['Centre-Val de Loire'],COM,{41},{24}
5d47e6ba-e5fa-41e3-b1f5-44a5bed07fe6,218501815,Commune de Pouillé (85),false,{85181},Commune,2026-03-24 14:42:10.508772+01,gold_establishments_2025,,,,21850181500094,2025,Collectivité Territoriale,Commune,['Vendée'],['Pays de la Loire'],COM,{85},{52}
9dcf1b04-aa92-4cab-9e12-4aee20623c2a,218601987,Commune de Pouillé (86),false,{86198},Commune,2026-03-24 14:42:10.508772+01,gold_establishments_2025,,,,21860198700017,2025,Collectivité Territoriale,Commune,['Vienne'],['Nouvelle-Aquitaine'],COM,{86},{75}
e3501a19-cc30-4d27-b049-00c803ae7361,214401341,Commune de Pouillé-les-Côteaux (44),false,{44134},Commune,2026-03-24 14:42:00.273698+01,gold_establishments_2025,,,,21440134100018,2025,Collectivité Territoriale,Commune,['Loire-Atlantique'],['Pays de la Loire'],COM,{44},{52}
a1f8b13f-3fb8-43f2-879d-15204165ab16,213402126,Commune de Poujols (34),false,{34212},Commune,2026-03-24 14:41:58.620411+01,gold_establishments_2025,,,,21340212600014,2025,Collectivité Territoriale,Commune,['Hérault'],['Occitanie'],COM,{34},{76}
f9afd6d7-d72c-4cf2-b3a5-deae71004967,213601628,Commune de Poulaines (36),false,{36162},Commune,2026-03-24 14:41:59.160244+01,gold_establishments_2025,,,,21360162800018,2025,Collectivité Territoriale,Commune,['Indre'],['Centre-Val de Loire'],COM,{36},{24}
4a8b3c69-e779-406e-8391-8f91fb3f7665,218006039,Commune de Poulainville (80),false,{80639},Commune,2026-03-24 14:42:09.967209+01,gold_establishments_2025,,,,21800603900018,2025,Collectivité Territoriale,Commune,['Somme'],['Hauts-de-France'],COM,{80},{32}
ea75c5ce-08db-4903-81f5-8184d774dcf8,218102119,Commune de Poulan-Pouzols (81),false,{81211},Commune,2026-03-24 14:42:09.967209+01,gold_establishments_2025,,,,21810211900011,2025,Collectivité Territoriale,Commune,['Tarn'],['Occitanie'],COM,{81},{76}
b44b5c72-48f0-463c-b307-eb3fa4a69059,215202888,Commune de Poulangy (52),false,{52401},Commune,2026-03-24 14:42:01.954481+01,gold_establishments_2025,,,,21520288800016,2025,Collectivité Territoriale,Commune,['Haute-Marne'],['Grand Est'],COM,{52},{44}
6d36c94a-59bc-4071-82c3-da22e8b52721,212902241,Commune de Pouldergat (29),false,{29224},Commune,2026-03-24 14:41:57.56054+01,gold_establishments_2025,,,,21290224100018,2025,Collectivité Territoriale,Commune,['Finistère'],['Bretagne'],COM,{29},{53}
6ac4f2b1-0f16-4cbc-a8b8-75b2bf32c018,212902258,Commune de Pouldreuzic (29),false,{29225},Commune,2026-03-24 14:41:57.56054+01,gold_establishments_2025,,,,21290225800012,2025,Collectivité Territoriale,Commune,['Finistère'],['Bretagne'],COM,{29},{53}
b8adb23c-aca2-4f82-adb7-d048cf95c45d,216901603,Commune de Poule-les-Écharmeaux (69),false,{69160},Commune,2026-03-24 14:42:07.195692+01,gold_establishments_2025,,,,21690160300011,2025,Collectivité Territoriale,Commune,['Rhône'],['Auvergne-Rhône-Alpes'],COM,{69},{84}
f7037f0e-f734-476d-96d1-65fc0f808871,216404566,Commune de Pouliacq (64),false,{64456},Commune,2026-03-24 14:42:06.665412+01,gold_establishments_2025,,,,21640456600012,2025,Collectivité Territoriale,Commune,['Pyrénées-Atlantiques'],['Nouvelle-Aquitaine'],COM,{64},{75}
ec84f326-a529-4bc1-bced-98bc697cad80,212504682,Commune de Pouligney-Lusans (25),false,{25468},Commune,2026-03-24 14:41:56.495197+01,gold_establishments_2025,,,,21250468200015,2025,Collectivité Territoriale,Commune,['Doubs'],['Bourgogne-Franche-Comté'],COM,{25},{27}
ac4515fb-0734-43c3-b018-14e1358efc8e,213601636,Commune de Pouligny-Notre-Dame (36),false,{36163},Commune,2026-03-24 14:41:59.160244+01,gold_establishments_2025,,,,21360163600011,2025,Collectivité Territoriale,Commune,['Indre'],['Centre-Val de Loire'],COM,{36},{24}
5a778102-3494-4bef-b76a-ee126bb1eed4,213601644,Commune de Pouligny-Saint-Martin (36),false,{36164},Commune,2026-03-24 14:41:59.160244+01,gold_establishments_2025,,,,21360164400015,2025,Collectivité Territoriale,Commune,['Indre'],['Centre-Val de Loire'],COM,{36},{24}
1fc96faa-6c1f-4c3f-a040-ea8a2799d29c,213601651,Commune de Pouligny-Saint-Pierre (36),false,{36165},Commune,2026-03-24 14:41:59.160244+01,gold_establishments_2025,,,,21360165100010,2025,Collectivité Territoriale,Commune,['Indre'],['Centre-Val de Loire'],COM,{36},{24}
c3fcede9-f016-4a18-b149-0ca04d0d9707,212902266,Commune de Poullan-sur-Mer (29),false,{29226},Commune,2026-03-24 14:41:57.56054+01,gold_establishments_2025,,,,21290226600015,2025,Collectivité Territoriale,Commune,['Finistère'],['Bretagne'],COM,{29},{53}
f8240a0a-3523-4b2d-814d-6bf5b401ed50,200085439,Commune de Poullaouen (29),false,{29227},Commune,2026-03-24 14:41:57.56054+01,gold_establishments_2025,,,,20008543900012,2025,Collectivité Territoriale,Commune,['Finistère'],['Bretagne'],COM,{29},{53}
5e04f862-fd2a-412d-9723-8d870eea2b10,211602677,Commune de Poullignac (16),false,{16267},Commune,2026-03-24 14:41:54.362296+01,gold_establishments_2025,,,,21160267700018,2025,Collectivité Territoriale,Commune,['Charente'],['Nouvelle-Aquitaine'],COM,{16},{75}
e465b999-8f36-422c-8b0d-a1d2e30a050d,213002066,Commune de Poulx (30),false,{30206},Commune,2026-03-24 14:41:57.56054+01,gold_establishments_2025,,,,21300206600016,2025,Collectivité Territoriale,Commune,['Gard'],['Occitanie'],COM,{30},{76}
54661769-5091-4709-8fa8-ee26291815d5,216503672,Commune de Poumarous (65),false,{65367},Commune,2026-03-24 14:42:06.665412+01,gold_establishments_2025,,,,21650367200018,2025,Collectivité Territoriale,Commune,['Hautes-Pyrénées'],['Occitanie'],COM,{65},{76}
91167c5b-c578-4bee-a3f6-9401dd9c891c,218201432,Commune de Poupas (82),false,{82143},Commune,2026-03-24 14:42:10.508772+01,gold_establishments_2025,,,,21820143200018,2025,Collectivité Territoriale,Commune,['Tarn-et-Garonne'],['Occitanie'],COM,{82},{76}
50827b49-4cdb-4ccf-a46c-1d11c17be23a,212803035,Commune de Poupry (28),false,{28303},Commune,2026-03-24 14:41:57.028721+01,gold_establishments_2025,,,,21280303500014,2025,Collectivité Territoriale,Commune,['Eure-et-Loir'],['Centre-Val de Loire'],COM,{28},{24}
b22e9db0-5869-4f5e-bf99-29181ae99381,215802166,Commune de Pouques-Lormes (58),false,{58216},Commune,2026-03-24 14:42:04.280096+01,gold_establishments_2025,,,,21580216600011,2025,Collectivité Territoriale,Commune,['Nièvre'],['Bourgogne-Franche-Comté'],COM,{58},{27}
894ee225-4e75-4950-8216-c3b078dec80e,214801177,Commune de Pourcharesses (48),false,{48117},Commune,2026-03-24 14:42:01.412377+01,gold_establishments_2025,,,,21480117700012,2025,Collectivité Territoriale,Commune,['Lozère'],['Occitanie'],COM,{48},{76}
523a9e0a-ba8f-4ecf-bea3-f821ee9a0ce0,210701793,Commune de Pourchères (07),false,{07179},Commune,2026-03-24 14:41:52.562531+01,gold_establishments_2025,,,,21070179300015,2025,Collectivité Territoriale,Commune,['Ardèche'],['Auvergne-Rhône-Alpes'],COM,{07},{84}
ff5fa12c-3f3d-4319-808b-f2b926debe07,218300960,Commune de Pourcieux (83),false,{83096},Commune,2026-03-24 14:42:10.508772+01,gold_establishments_2025,,,,21830096000018,2025,Collectivité Territoriale,Commune,['Var'],"[""Provence-Alpes-Côte d'Azur""]",COM,{83},{93}
42861553-8097-4f69-b0ac-ecb8676c389f,215104126,Commune de Pourcy (51),false,{51445},Commune,2026-03-24 14:42:01.954481+01,gold_establishments_2025,,,,21510412600010,2025,Collectivité Territoriale,Commune,['Marne'],['Grand Est'],COM,{51},{44}
8a9289b4-cdd3-4671-b5ea-f202b5583599,217103571,Commune de Pourlans (71),false,{71357},Commune,2026-03-24 14:42:07.735343+01,gold_establishments_2025,,,,21710357100014,2025,Collectivité Territoriale,Commune,['Saône-et-Loire'],['Bourgogne-Franche-Comté'],COM,{71},{27}
2e03ccda-58ac-4166-92eb-0933429cd053,215705534,Commune de Pournoy-la-Chétive (57),false,{57553},Commune,2026-03-24 14:42:04.280096+01,gold_establishments_2025,,,,21570553400018,2025,Collectivité Territoriale,Commune,['Moselle'],['Grand Est'],COM,{57},{44}
a493a17b-daad-4410-bf37-865b25df283b,215705542,Commune de Pournoy-la-Grasse (57),false,{57554},Commune,2026-03-24 14:42:04.280096+01,gold_establishments_2025,,,,21570554200011,2025,Collectivité Territoriale,Commune,['Moselle'],['Grand Est'],COM,{57},{44}
4a03dbdd-10db-4737-8ff5-fcaa0e90b21e,218903110,Commune de Pourrain (89),false,{89311},Commune,2026-03-24 14:42:11.659493+01,gold_establishments_2025,,,,21890311000011,2025,Collectivité Territoriale,Commune,['Yonne'],['Bourgogne-Franche-Comté'],COM,{89},{27}
72dfc1eb-2973-4e5f-9c92-be64ab0080ac,218300978,Commune de Pourrières (83),false,{83097},Commune,2026-03-24 14:42:10.508772+01,gold_establishments_2025,,,,21830097800010,2025,Collectivité Territoriale,Commune,['Var'],"[""Provence-Alpes-Côte d'Azur""]",COM,{83},{93}
e630ff88-e14e-4d56-ad35-1f95cd2f72c5,211602685,Commune de Poursac (16),false,{16268},Commune,2026-03-24 14:41:54.362296+01,gold_establishments_2025,,,,21160268500011,2025,Collectivité Territoriale,Commune,['Charente'],['Nouvelle-Aquitaine'],COM,{16},{75}
209a3da4-956e-48d9-9088-1b3d34d9bd39,211702881,Commune de Poursay-Garnaud (17),false,{17288},Commune,2026-03-24 14:41:54.903238+01,gold_establishments_2025,,,,21170288100015,2025,Collectivité Territoriale,Commune,['Charente-Maritime'],['Nouvelle-Aquitaine'],COM,{17},{75}
14f75eeb-baa2-48e1-a516-df439050b3b4,216404574,Commune de Poursiugues-Boucoue (64),false,{64457},Commune,2026-03-24 14:42:06.665412+01,gold_establishments_2025,,,,21640457400016,2025,Collectivité Territoriale,Commune,['Pyrénées-Atlantiques'],['Nouvelle-Aquitaine'],COM,{64},{75}
1dff9693-81ff-4324-a46d-30224d4fffa7,210803094,Commune de Pouru-Saint-Remy (08),false,{08343},Commune,2026-03-24 14:41:53.095366+01,gold_establishments_2025,,,,21080309400015,2025,Collectivité Territoriale,Commune,['Ardennes'],['Grand Est'],COM,{08},{44}
48f7caef-412c-4cec-adb6-ce0f7a49ec10,210803086,Commune de Pouru-aux-Bois (08),false,{08342},Commune,2026-03-24 14:41:53.095366+01,gold_establishments_2025,,,,21080308600011,2025,Collectivité Territoriale,Commune,['Ardennes'],['Grand Est'],COM,{08},{44}
07cda0bf-7a7c-40d3-846f-ad86105be270,213402134,Commune de Poussan (34),false,{34213},Commune,2026-03-24 14:41:58.620411+01,gold_establishments_2025,,,,21340213400018,2025,Collectivité Territoriale,Commune,['Hérault'],['Occitanie'],COM,{34},{76}
9adef08a-2937-437e-8d02-72fd7a1b0b35,212315808,Commune de Poussanges (23),false,{23158},Commune,2026-03-24 14:41:55.958138+01,gold_establishments_2025,,,,21231580800015,2025,Collectivité Territoriale,Commune,['Creuse'],['Nouvelle-Aquitaine'],COM,{23},{75}
ebd58d22-091d-4c1e-9b70-65737de241e8,218803575,Commune de Poussay (88),false,{88357},Commune,2026-03-24 14:42:11.118516+01,gold_establishments_2025,,,,21880357500016,2025,Collectivité Territoriale,Commune,['Vosges'],['Grand Est'],COM,{88},{44}
08c5b37a-692e-46a0-ac8c-7c0ec24ee18f,215802174,Commune de Pousseaux (58),false,{58217},Commune,2026-03-24 14:42:04.280096+01,gold_establishments_2025,,,,21580217400015,2025,Collectivité Territoriale,Commune,['Nièvre'],['Bourgogne-Franche-Comté'],COM,{58},{27}
5a5cdd89-2470-463e-be09-acb5d592b923,214702128,Commune de Poussignac (47),false,{47212},Commune,2026-03-24 14:42:00.862623+01,gold_establishments_2025,,,,21470212800015,2025,Collectivité Territoriale,Commune,['Lot-et-Garonne'],['Nouvelle-Aquitaine'],COM,{47},{75}
9be24d6e-0d3d-408c-99ac-2b30bc902254,211201868,Commune de Pousthomy (12),false,{12186},Commune,2026-03-24 14:41:53.63825+01,gold_establishments_2025,,,,21120186800018,2025,Collectivité Territoriale,Commune,['Aveyron'],['Occitanie'],COM,{12},{76}
222af0f2-5333-4d17-a307-46715373a77e,216103366,Commune de Pouvrai (61),false,{61336},Commune,2026-03-24 14:42:05.597325+01,gold_establishments_2025,,,,21610336600011,2025,Collectivité Territoriale,Commune,['Orne'],['Normandie'],COM,{61},{28}
dacbed9d-1ef7-4a6a-b467-e2065a43d7c5,218803583,Commune de Pouxeux (88),false,{88358},Commune,2026-03-24 14:42:11.118516+01,gold_establishments_2025,,,,21880358300010,2025,Collectivité Territoriale,Commune,['Vosges'],['Grand Est'],COM,{88},{44}
4a4d6fdd-eb43-4ee7-bddd-df1ea8ac14ad,216503680,Commune de Pouy (65),false,{65368},Commune,2026-03-24 14:42:06.665412+01,gold_establishments_2025,,,,21650368000011,2025,Collectivité Territoriale,Commune,['Hautes-Pyrénées'],['Occitanie'],COM,{65},{76}
bd0a9f99-52c0-4410-a9fa-589adcd6f3b3,213203276,Commune de Pouy-Loubrin (32),false,{32327},Commune,2026-03-24 14:41:58.09424+01,gold_establishments_2025,,,,21320327600018,2025,Collectivité Territoriale,Commune,['Gers'],['Occitanie'],COM,{32},{76}
40b53528-15a8-4b56-9537-801fc69a9b47,213203284,Commune de Pouy-Roquelaure (32),false,{32328},Commune,2026-03-24 14:41:58.09424+01,gold_establishments_2025,,,,21320328400012,2025,Collectivité Territoriale,Commune,['Gers'],['Occitanie'],COM,{32},{76}
c4e99e9f-8c62-4930-bee6-36d158e0673e,213104367,Commune de Pouy-de-Touges (31),false,{31436},Commune,2026-03-24 14:41:58.09424+01,gold_establishments_2025,,,,21310436700015,2025,Collectivité Territoriale,Commune,['Haute-Garonne'],['Occitanie'],COM,{31},{76}
74e34e16-b7ca-4dda-ac44-ad4de822cbbb,211002928,Commune de Pouy-sur-Vannes (10),false,{10301},Commune,2026-03-24 14:41:53.095366+01,gold_establishments_2025,,,,21100292800011,2025,Collectivité Territoriale,Commune,['Aube'],['Grand Est'],COM,{10},{44}
a7dd15d8-d90f-4077-aba6-b3287d0260ab,216503698,Commune de Pouyastruc (65),false,{65369},Commune,2026-03-24 14:42:06.665412+01,gold_establishments_2025,,,,21650369800013,2025,Collectivité Territoriale,Commune,['Hautes-Pyrénées'],['Occitanie'],COM,{65},{76}
97052114-c218-41e1-93b2-d7d91a731d51,214002347,Commune de Pouydesseaux (40),false,{40234},Commune,2026-03-24 14:41:59.705606+01,gold_establishments_2025,,,,21400234700018,2025,Collectivité Territoriale,Commune,['Landes'],['Nouvelle-Aquitaine'],COM,{40},{75}
8035ce5e-5de4-41d1-9204-c7027435cedb,213203250,Commune de Pouydraguin (32),false,{32325},Commune,2026-03-24 14:41:58.09424+01,gold_establishments_2025,,,,21320325000013,2025,Collectivité Territoriale,Commune,['Gers'],['Occitanie'],COM,{32},{76}
f1d190a4-5dc5-4b94-9576-526234fd6447,213203268,Commune de Pouylebon (32),false,{32326},Commune,2026-03-24 14:41:58.09424+01,gold_establishments_2025,,,,21320326800015,2025,Collectivité Territoriale,Commune,['Gers'],['Occitanie'],COM,{32},{76}
6f8a2aa0-c4fa-4c87-abd2-eeff911e2a39,216503706,Commune de Pouzac (65),false,{65370},Commune,2026-03-24 14:42:06.665412+01,gold_establishments_2025,,,,21650370600014,2025,Collectivité Territoriale,Commune,['Hautes-Pyrénées'],['Occitanie'],COM,{65},{76}
e1a672ea-af9d-4dee-a53c-7cf9b134328d,218501823,Commune de Pouzauges (85),false,{85182},Commune,2026-03-24 14:42:10.508772+01,gold_establishments_2025,,,,21850182300015,2025,Collectivité Territoriale,Commune,['Vendée'],['Pays de la Loire'],COM,{85},{52}
406c0a7c-e317-4089-966d-2f85fc2ed832,213701881,Commune de Pouzay (37),false,{37188},Commune,2026-03-24 14:41:59.160244+01,gold_establishments_2025,,,,21370188100053,2025,Collectivité Territoriale,Commune,['Indre-et-Loire'],['Centre-Val de Loire'],COM,{37},{24}
ac51e55a-eaf0-47d4-9f3c-5655ab2f4c62,213104375,Commune de Pouze (31),false,{31437},Commune,2026-03-24 14:41:58.09424+01,gold_establishments_2025,,,,21310437500018,2025,Collectivité Territoriale,Commune,['Haute-Garonne'],['Occitanie'],COM,{31},{76}
85e0d899-15a0-4aed-924a-60d4db51738a,213002074,Commune de Pouzilhac (30),false,{30207},Commune,2026-03-24 14:41:57.56054+01,gold_establishments_2025,,,,21300207400010,2025,Collectivité Territoriale,Commune,['Gard'],['Occitanie'],COM,{30},{76}
79201cd6-f9f0-4e93-a2c5-4c91120243e9,216302869,Commune de Pouzol (63),false,{63286},Commune,2026-03-24 14:42:06.130387+01,gold_establishments_2025,,,,21630286900013,2025,Collectivité Territoriale,Commune,['Puy-de-Dôme'],['Auvergne-Rhône-Alpes'],COM,{63},{84}
b6314e8a-d10c-4480-9ac3-6c1a15eb9e3c,213402142,Commune de Pouzolles (34),false,{34214},Commune,2026-03-24 14:41:58.620411+01,gold_establishments_2025,,,,21340214200011,2025,Collectivité Territoriale,Commune,['Hérault'],['Occitanie'],COM,{34},{76}
39e17148-9f3b-49a3-96fe-8ce928f33324,213402159,Commune de Pouzols (34),false,{34215},Commune,2026-03-24 14:41:58.620411+01,gold_establishments_2025,,,,21340215900015,2025,Collectivité Territoriale,Commune,['Hérault'],['Occitanie'],COM,{34},{76}
aa10c647-8b2c-4e66-9abd-4b156bf09cba,211102967,Commune de Pouzols-Minervois (11),false,{11296},Commune,2026-03-24 14:41:53.63825+01,gold_establishments_2025,,,,21110296700018,2025,Collectivité Territoriale,Commune,['Aude'],['Occitanie'],COM,{11},{76}
627e0c7d-46b5-403c-a7ad-38f87f460765,210302105,Commune de Pouzy-Mésangy (03),false,{03210},Commune,2026-03-24 14:41:52.020251+01,gold_establishments_2025,,,,21030210500015,2025,Collectivité Territoriale,Commune,['Allier'],['Auvergne-Rhône-Alpes'],COM,{03},{84}
7f45a128-6f2d-4aed-b16f-756fab1d2ffd,214002354,Commune de Poyanne (40),false,{40235},Commune,2026-03-24 14:41:59.705606+01,gold_establishments_2025,,,,21400235400014,2025,Collectivité Territoriale,Commune,['Landes'],['Nouvelle-Aquitaine'],COM,{40},{75}
fb460239-f34a-4a47-9d0f-61fa82188c90,217004225,Commune de Poyans (70),false,{70422},Commune,2026-03-24 14:42:07.735343+01,gold_establishments_2025,,,,21700422500017,2025,Collectivité Territoriale,Commune,['Haute-Saône'],['Bourgogne-Franche-Comté'],COM,{70},{27}
a84f426b-ee8a-44cb-98b1-bd826dbc8eb6,214002362,Commune de Poyartin (40),false,{40236},Commune,2026-03-24 14:41:59.705606+01,gold_establishments_2025,,,,21400236200017,2025,Collectivité Territoriale,Commune,['Landes'],['Nouvelle-Aquitaine'],COM,{40},{75}
bb27ff5f-bd30-4d40-9dae-93f8a2311555,212602536,Commune de Poyols (26),false,{26253},Commune,2026-03-24 14:41:56.495197+01,gold_establishments_2025,,,,21260253600014,2025,Collectivité Territoriale,Commune,['Drôme'],['Auvergne-Rhône-Alpes'],COM,{26},{84}
cd431461-8f79-4b31-b5a3-fdcd24629687,218007854,Commune de Pozières (80),false,{80640},Commune,2026-03-24 14:42:09.967209+01,gold_establishments_2025,,,,21800785400019,2025,Collectivité Territoriale,Commune,['Somme'],['Hauts-de-France'],COM,{80},{32}
027746ea-4e68-447e-9cd8-6deae9807df9,210302097,Commune de Poëzat (03),false,{03209},Commune,2026-03-24 14:41:52.020251+01,gold_establishments_2025,,,,21030209700014,2025,Collectivité Territoriale,Commune,['Allier'],['Auvergne-Rhône-Alpes'],COM,{03},{84}
e113e38d-040b-43e8-a68e-67ce50e5ac5e,212602544,Commune de Pradelle (26),false,{26254},Commune,2026-03-24 14:41:56.495197+01,gold_establishments_2025,,,,21260254400018,2025,Collectivité Territoriale,Commune,['Drôme'],['Auvergne-Rhône-Alpes'],COM,{26},{84}
0a12984f-c7a9-4689-bdc9-1ee6ac538aab,214301541,Commune de Pradelles (43),false,{43154},Commune,2026-03-24 14:42:00.273698+01,gold_establishments_2025,,,,21430154100014,2025,Collectivité Territoriale,Commune,['Haute-Loire'],['Auvergne-Rhône-Alpes'],COM,{43},{84}
bd78ad3e-119e-48d2-a199-a9823fe53f83,215904699,Commune de Pradelles (59),false,{59469},Commune,2026-03-24 14:42:04.814328+01,gold_establishments_2025,,,,21590469900018,2025,Collectivité Territoriale,Commune,['Nord'],['Hauts-de-France'],COM,{59},{32}
ffe2f600-5fb3-4158-990f-9d9f36122d76,211102975,Commune de Pradelles-Cabardès (11),false,{11297},Commune,2026-03-24 14:41:53.63825+01,gold_establishments_2025,,,,21110297500011,2025,Collectivité Territoriale,Commune,['Aude'],['Occitanie'],COM,{11},{76}
c0929c17-e948-4943-bf63-9e5bdab04cf2,210701827,Commune de Prades (07),false,{07182},Commune,2026-03-24 14:41:52.562531+01,gold_establishments_2025,,,,21070182700011,2025,Collectivité Territoriale,Commune,['Ardèche'],['Auvergne-Rhône-Alpes'],COM,{07},{84}
8d1e6984-07e2-4a65-beed-96e3e537f758,210902326,Commune de Prades (09),false,{09232},Commune,2026-03-24 14:41:53.095366+01,gold_establishments_2025,,,,21090232600011,2025,Collectivité Territoriale,Commune,['Ariège'],['Occitanie'],COM,{09},{76}
0b6e71b9-1f70-445a-8759-623c2751b86f,214301558,Commune de Prades (43),false,{43155},Commune,2026-03-24 14:42:00.273698+01,gold_establishments_2025,,,,21430155800018,2025,Collectivité Territoriale,Commune,['Haute-Loire'],['Auvergne-Rhône-Alpes'],COM,{43},{84}
40fb163a-d994-4722-b121-f0a9cf82c56a,216601492,Commune de Prades (66),false,{66149},Commune,2026-03-24 14:42:06.665412+01,gold_establishments_2025,,,,21660149200095,2025,Collectivité Territoriale,Commune,['Pyrénées-Orientales'],['Occitanie'],COM,{66},{76}
7f4fc0ef-783f-4dd2-b565-ebaf0d2c182e,218102127,Commune de Prades (81),false,{81212},Commune,2026-03-24 14:42:09.967209+01,gold_establishments_2025,,,,21810212700014,2025,Collectivité Territoriale,Commune,['Tarn'],['Occitanie'],COM,{81},{76}
57d7030f-39c7-4f47-9db0-9bd26a53ac72,211201884,Commune de Prades-Salars (12),false,{12188},Commune,2026-03-24 14:41:53.63825+01,gold_establishments_2025,,,,21120188400015,2025,Collectivité Territoriale,Commune,['Aveyron'],['Occitanie'],COM,{12},{76}
0cd506bd-ea53-4c24-a2bb-58f51d3599b9,211201876,Commune de Prades-d'Aubrac (12),false,{12187},Commune,2026-03-24 14:41:53.63825+01,gold_establishments_2025,,,,21120187600011,2025,Collectivité Territoriale,Commune,['Aveyron'],['Occitanie'],COM,{12},{76}
250a1570-7308-4a92-bbfb-18c7cbef1663,213402175,Commune de Prades-le-Lez (34),false,{34217},Commune,2026-03-24 14:41:58.620411+01,gold_establishments_2025,,,,21340217500011,2025,Collectivité Territoriale,Commune,['Hérault'],['Occitanie'],COM,{34},{76}
a2580ff3-9acf-4051-b680-faf6dcd84f56,213402183,Commune de Prades-sur-Vernazobre (34),false,{34218},Commune,2026-03-24 14:41:58.620411+01,gold_establishments_2025,,,,21340218300015,2025,Collectivité Territoriale,Commune,['Hérault'],['Occitanie'],COM,{34},{76}
c398edbf-d3bf-4d15-81a7-924f9e29e1e7,210902334,Commune de Pradettes (09),false,{09233},Commune,2026-03-24 14:41:53.095366+01,gold_establishments_2025,,,,21090233400015,2025,Collectivité Territoriale,Commune,['Ariège'],['Occitanie'],COM,{09},{76}
7a9cbcf7-b98f-4435-8869-61c6e574b8e6,211501556,Commune de Pradiers (15),false,{15155},Commune,2026-03-24 14:41:54.362296+01,gold_establishments_2025,,,,21150155600016,2025,Collectivité Territoriale,Commune,['Cantal'],['Auvergne-Rhône-Alpes'],COM,{15},{84}
2e3c334c-cfb9-4030-914e-d63aec052417,211201892,Commune de Pradinas (12),false,{12189},Commune,2026-03-24 14:41:53.63825+01,gold_establishments_2025,,,,21120189200018,2025,Collectivité Territoriale,Commune,['Aveyron'],['Occitanie'],COM,{12},{76}
58a6c1e2-1ba0-48aa-9099-0a5090c358a1,211916804,Commune de Pradines (19),false,{19168},Commune,2026-03-24 14:41:54.903238+01,gold_establishments_2025,,,,21191680400019,2025,Collectivité Territoriale,Commune,['Corrèze'],['Nouvelle-Aquitaine'],COM,{19},{75}
03923f70-2d6b-4394-8ee4-617f2504e239,214201782,Commune de Pradines (42),false,{42178},Commune,2026-03-24 14:42:00.273698+01,gold_establishments_2025,,,,21420178200015,2025,Collectivité Territoriale,Commune,['Loire'],['Auvergne-Rhône-Alpes'],COM,{42},{84}
e07de3a4-2c60-4222-b688-fe5bc83ec4b8,214602245,Commune de Pradines (46),false,{46224},Commune,2026-03-24 14:42:00.862623+01,gold_establishments_2025,,,,21460224500018,2025,Collectivité Territoriale,Commune,['Lot'],['Occitanie'],COM,{46},{76}
53009d53-763f-487a-96d8-1885dde6fb61,210902342,Commune de Pradières (09),false,{09234},Commune,2026-03-24 14:41:53.095366+01,gold_establishments_2025,,,,21090234200018,2025,Collectivité Territoriale,Commune,['Ariège'],['Occitanie'],COM,{09},{76}
61d22ff6-fae8-4554-8cdf-cdc25f3b9c55,210701835,Commune de Pradons (07),false,{07183},Commune,2026-03-24 14:41:52.562531+01,gold_establishments_2025,,,,21070183500014,2025,Collectivité Territoriale,Commune,['Ardèche'],['Auvergne-Rhône-Alpes'],COM,{07},{84}
68143228-e85c-4a8c-9776-f4cb8810a1e7,210401550,Commune de Prads-Haute-Bléone (04),false,{04155},Commune,2026-03-24 14:41:52.562531+01,gold_establishments_2025,,,,21040155000012,2025,Collectivité Territoriale,Commune,['Alpes-de-Haute-Provence'],"[""Provence-Alpes-Côte d'Azur""]",COM,{04},{93}
e77b19e4-f6eb-49c1-a930-f9adc5aea176,217902162,Commune de Prahecq (79),false,{79216},Commune,2026-03-24 14:42:09.43682+01,gold_establishments_2025,,,,21790216200015,2025,Collectivité Territoriale,Commune,['Deux-Sèvres'],['Nouvelle-Aquitaine'],COM,{79},{75}
041f7841-f0f6-481b-9e0e-6ac3b2e295ff,200082527,Commune de Prailles-La Couarde (79),false,{79217},Commune,2026-03-24 14:42:09.43682+01,gold_establishments_2025,,,,20008252700017,2025,Collectivité Territoriale,Commune,['Deux-Sèvres'],['Nouvelle-Aquitaine'],COM,{79},{75}
11f50443-4e16-4723-b431-c1d7505ecdb6,217302066,Commune de Pralognan-la-Vanoise (73),false,{73206},Commune,2026-03-24 14:42:08.279287+01,gold_establishments_2025,,,,21730206600014,2025,Collectivité Territoriale,Commune,['Savoie'],['Auvergne-Rhône-Alpes'],COM,{73},{84}
8c1d047b-3837-40f7-bf55-9d693c27ab54,214201790,Commune de Pralong (42),false,{42179},Commune,2026-03-24 14:42:00.273698+01,gold_establishments_2025,,,,21420179000018,2025,Collectivité Territoriale,Commune,['Loire'],['Auvergne-Rhône-Alpes'],COM,{42},{84}
400f3b19-f9d6-4b99-8153-d6007bca6ea9,210701843,Commune de Pranles (07),false,{07184},Commune,2026-03-24 14:41:52.562531+01,gold_establishments_2025,,,,21070184300018,2025,Collectivité Territoriale,Commune,['Ardèche'],['Auvergne-Rhône-Alpes'],COM,{07},{84}
0e6cf5ee-c701-4d4d-9bdd-ce72023a6c2c,211602693,Commune de Pranzac (16),false,{16269},Commune,2026-03-24 14:41:54.362296+01,gold_establishments_2025,,,,21160269300015,2025,Collectivité Territoriale,Commune,['Charente'],['Nouvelle-Aquitaine'],COM,{16},{75}
f5e925b2-052c-4358-a072-b30f4c4e3d47,215202896,Commune de Praslay (52),false,{52403},Commune,2026-03-24 14:42:01.954481+01,gold_establishments_2025,,,,21520289600019,2025,Collectivité Territoriale,Commune,['Haute-Marne'],['Grand Est'],COM,{52},{44}
782fa5c7-5fb5-45c8-aa65-3310e14fa64e,211002936,Commune de Praslin (10),false,{10302},Commune,2026-03-24 14:41:53.095366+01,gold_establishments_2025,,,,21100293600014,2025,Collectivité Territoriale,Commune,['Aube'],['Grand Est'],COM,{10},{44}
67e1a924-3d84-40d7-8e3b-dfdbf4ec30ae,212803043,Commune de Prasville (28),false,{28304},Commune,2026-03-24 14:41:57.028721+01,gold_establishments_2025,,,,21280304300018,2025,Collectivité Territoriale,Commune,['Eure-et-Loir'],['Centre-Val de Loire'],COM,{28},{24}
96ec9d56-e774-49de-8ccb-82417c551bff,212202543,Commune de Prat (22),false,{22254},Commune,2026-03-24 14:41:55.958138+01,gold_establishments_2025,,,,21220254300014,2025,Collectivité Territoriale,Commune,"[""Côtes-d'Armor""]",['Bretagne'],COM,{22},{53}
f059f102-a4d0-4940-88e6-0ea2d976712f,210902359,Commune de Prat-Bonrepaux (09),false,{09235},Commune,2026-03-24 14:41:53.095366+01,gold_establishments_2025,,,,21090235900012,2025,Collectivité Territoriale,Commune,['Ariège'],['Occitanie'],COM,{09},{76}
792d6e2f-cca5-449c-a69b-dbfa70a66bfc,212002489,Commune de Prato-di-Giovellina (2B),false,{2B248},Commune,2026-03-24 14:41:57.56054+01,gold_establishments_2025,,,,21200248900012,2025,Collectivité Territoriale,Commune,['Haute-Corse'],['Corse'],COM,{2B},{94}
674b4cad-711f-47b6-8417-9a7a8ee0ea3b,212403364,Commune de Prats-de-Carlux (24),false,{24336},Commune,2026-03-24 14:41:55.958138+01,gold_establishments_2025,,,,21240336400012,2025,Collectivité Territoriale,Commune,['Dordogne'],['Nouvelle-Aquitaine'],COM,{24},{75}
a08ce3f4-f1cf-441b-b56e-720f2689d1cd,216601500,Commune de Prats-de-Mollo-la-Preste (66),false,{66150},Commune,2026-03-24 14:42:06.665412+01,gold_establishments_2025,,,,21660150000012,2025,Collectivité Territoriale,Commune,['Pyrénées-Orientales'],['Occitanie'],COM,{66},{76}
fa21b224-3ad9-4ef5-bf0d-d500af6d93fb,216601518,Commune de Prats-de-Sournia (66),false,{66151},Commune,2026-03-24 14:42:06.665412+01,gold_establishments_2025,,,,21660151800014,2025,Collectivité Territoriale,Commune,['Pyrénées-Orientales'],['Occitanie'],COM,{66},{76}
8b217819-bc62-4bdf-8757-e92a2369eb21,212403372,Commune de Prats-du-Périgord (24),false,{24337},Commune,2026-03-24 14:41:55.958138+01,gold_establishments_2025,,,,21240337200015,2025,Collectivité Territoriale,Commune,['Dordogne'],['Nouvelle-Aquitaine'],COM,{24},{75}
6ff9e459-1363-43a4-a8a0-53825cfd1091,218102135,Commune de Pratviel (81),false,{81213},Commune,2026-03-24 14:42:09.967209+01,gold_establishments_2025,,,,21810213500017,2025,Collectivité Territoriale,Commune,['Tarn'],['Occitanie'],COM,{81},{76}
e8c908e1-5ff5-4a9c-b0f4-877be89b811c,214101826,Commune de Pray (41),false,{41182},Commune,2026-03-24 14:42:00.273698+01,gold_establishments_2025,,,,21410182600011,2025,Collectivité Territoriale,Commune,['Loir-et-Cher'],['Centre-Val de Loire'],COM,{41},{24}
fe6f78ee-f83d-47fd-85e2-3ba7984b6962,215404344,Commune de Praye (54),false,{54434},Commune,2026-03-24 14:42:02.957225+01,gold_establishments_2025,,,,21540434400016,2025,Collectivité Territoriale,Commune,['Meurthe-et-Moselle'],['Grand Est'],COM,{54},{44}
a41353de-8568-4e22-a456-1ae2d5170902,210902367,Commune de Prayols (09),false,{09236},Commune,2026-03-24 14:41:53.095366+01,gold_establishments_2025,,,,21090236700015,2025,Collectivité Territoriale,Commune,['Ariège'],['Occitanie'],COM,{09},{76}
45aa9e7c-9e6d-4017-9745-e166b3b906e7,214602252,Commune de Prayssac (46),false,{46225},Commune,2026-03-24 14:42:00.862623+01,gold_establishments_2025,,,,21460225200014,2025,Collectivité Territoriale,Commune,['Lot'],['Occitanie'],COM,{46},{76}
0ede02f8-a054-4d57-8d1a-77799a120b3b,214702136,Commune de Prayssas (47),false,{47213},Commune,2026-03-24 14:42:00.862623+01,gold_establishments_2025,,,,21470213600018,2025,Collectivité Territoriale,Commune,['Lot-et-Garonne'],['Nouvelle-Aquitaine'],COM,{47},{75}
606f1e28-5214-4882-b33d-383550da77ec,217402155,Commune de Praz-sur-Arly (74),false,{74215},Commune,2026-03-24 14:42:08.818969+01,gold_establishments_2025,,,,21740215500014,2025,Collectivité Territoriale,Commune,['Haute-Savoie'],['Auvergne-Rhône-Alpes'],COM,{74},{84}
e663df4a-ef70-45c4-94d2-89016bb43053,213303373,Commune de Preignac (33),false,{33337},Commune,2026-03-24 14:41:58.620411+01,gold_establishments_2025,,,,21330337300012,2025,Collectivité Territoriale,Commune,['Gironde'],['Nouvelle-Aquitaine'],COM,{33},{75}
4660f8e0-f0dd-492e-9121-666c732b0a7c,213203318,Commune de Preignan (32),false,{32331},Commune,2026-03-24 14:41:58.09424+01,gold_establishments_2025,,,,21320331800018,2025,Collectivité Territoriale,Commune,['Gers'],['Occitanie'],COM,{32},{76}
dfd2276e-c407-455a-ac45-2349cad7d5e0,217004233,Commune de Preigney (70),false,{70423},Commune,2026-03-24 14:42:07.735343+01,gold_establishments_2025,,,,21700423300011,2025,Collectivité Territoriale,Commune,['Haute-Saône'],['Bourgogne-Franche-Comté'],COM,{70},{27}
edd297cc-8766-4a6f-b00b-0de6187b5710,211102991,Commune de Preixan (11),false,{11299},Commune,2026-03-24 14:41:53.63825+01,gold_establishments_2025,,,,21110299100018,2025,Collectivité Territoriale,Commune,['Aude'],['Occitanie'],COM,{11},{76}
33053eef-0367-46aa-9f3c-e216d504d502,212105068,Commune de Premeaux-Prissey (21),false,{21506},Commune,2026-03-24 14:41:55.433389+01,gold_establishments_2025,,,,21210506800010,2025,Collectivité Territoriale,Commune,"[""Côte-d'Or""]",['Bourgogne-Franche-Comté'],COM,{21},{27}
40058f4d-a081-4b72-917e-49a4ce8c6312,214602260,Commune de Prendeignes (46),false,{46226},Commune,2026-03-24 14:42:00.862623+01,gold_establishments_2025,,,,21460226000017,2025,Collectivité Territoriale,Commune,['Lot'],['Occitanie'],COM,{46},{76}
019d55db-f24b-4dba-831a-e27fdb25284b,212105084,Commune de Prenois (21),false,{21508},Commune,2026-03-24 14:41:55.433389+01,gold_establishments_2025,,,,21210508400017,2025,Collectivité Territoriale,Commune,"[""Côte-d'Or""]",['Bourgogne-Franche-Comté'],COM,{21},{27}
d850245a-c21c-4f87-a51e-6df5966aa88d,217302074,Commune de Presle (73),false,{73207},Commune,2026-03-24 14:42:08.279287+01,gold_establishments_2025,,,,21730207400018,2025,Collectivité Territoriale,Commune,['Savoie'],['Auvergne-Rhône-Alpes'],COM,{73},{84}
3f4a489d-c7ff-47f4-8005-50889bdf5ffb,213803224,Commune de Presles (38),false,{38322},Commune,2026-03-24 14:41:59.160244+01,gold_establishments_2025,,,,21380322400012,2025,Collectivité Territoriale,Commune,['Isère'],['Auvergne-Rhône-Alpes'],COM,{38},{84}
46ba0b4f-f5f3-4b10-8a29-11d4de1e4174,219505047,Commune de Presles (95),false,{95504},Commune,2026-03-24 14:42:11.659493+01,gold_establishments_2025,,,,21950504700015,2025,Collectivité Territoriale,Commune,"[""Val-d'Oise""]",['Île-de-France'],COM,{95},{11}
62010a5a-9eda-4159-a1b7-1cdaf0ddd758,217703776,Commune de Presles-en-Brie (77),false,{77377},Commune,2026-03-24 14:42:09.43682+01,gold_establishments_2025,,,,21770377600013,2025,Collectivité Territoriale,Commune,['Seine-et-Marne'],['Île-de-France'],COM,{77},{11}
24f363dc-7c30-499c-815d-2ca57c22abcc,210205951,Commune de Presles-et-Boves (02),false,{02620},Commune,2026-03-24 14:41:52.020251+01,gold_establishments_2025,,,,21020595100010,2025,Collectivité Territoriale,Commune,['Aisne'],['Hauts-de-France'],COM,{02},{32}
34605c8e-ecc0-4512-a2b5-1dfc558a169d,210205969,Commune de Presles-et-Thierny (02),false,{02621},Commune,2026-03-24 14:41:52.020251+01,gold_establishments_2025,,,,21020596900012,2025,Collectivité Territoriale,Commune,['Aisne'],['Hauts-de-France'],COM,{02},{32}
bf1eb731-d12c-41fa-9641-6bdf7a5aa4c0,211801857,Commune de Presly (18),false,{18185},Commune,2026-03-24 14:41:54.903238+01,gold_establishments_2025,,,,21180185700015,2025,Collectivité Territoriale,Commune,['Cher'],['Centre-Val de Loire'],COM,{18},{24}
2a3eecfd-6b05-4d4b-8d81-d4c8e262d69b,214502569,Commune de Presnoy (45),false,{45256},Commune,2026-03-24 14:42:00.862623+01,gold_establishments_2025,,,,21450256900012,2025,Collectivité Territoriale,Commune,['Loiret'],['Centre-Val de Loire'],COM,{45},{24}
b9d2c256-ec0f-4345-8948-47ac7ebc983f,218602001,Commune de Pressac (86),false,{86200},Commune,2026-03-24 14:42:10.508772+01,gold_establishments_2025,,,,21860200100016,2025,Collectivité Territoriale,Commune,['Vienne'],['Nouvelle-Aquitaine'],COM,{86},{75}
7af30ad2-809a-4dd9-852a-cb9674708c5b,212704779,Commune de Pressagny-l'Orgueilleux (27),false,{27477},Commune,2026-03-24 14:41:57.028721+01,gold_establishments_2025,,,,21270477900017,2025,Collectivité Territoriale,Commune,['Eure'],['Normandie'],COM,{27},{28}
48cb180f-f202-4af8-badd-021f815a378f,211602701,Commune de Pressignac (16),false,{16270},Commune,2026-03-24 14:41:54.362296+01,gold_establishments_2025,,,,21160270100016,2025,Collectivité Territoriale,Commune,['Charente'],['Nouvelle-Aquitaine'],COM,{16},{75}
3218512d-928a-42b5-9a08-41a62323d4a9,212403380,Commune de Pressignac-Vicq (24),false,{24338},Commune,2026-03-24 14:41:55.958138+01,gold_establishments_2025,,,,21240338000018,2025,Collectivité Territoriale,Commune,['Dordogne'],['Nouvelle-Aquitaine'],COM,{24},{75}
fe107b79-d65f-40e2-80f1-2eae0a4436b7,215202912,Commune de Pressigny (52),false,{52406},Commune,2026-03-24 14:42:01.954481+01,gold_establishments_2025,,,,21520291200014,2025,Collectivité Territoriale,Commune,['Haute-Marne'],['Grand Est'],COM,{52},{44}
ee167f60-4629-4b75-b04a-25445c8f9d0c,217902188,Commune de Pressigny (79),false,{79218},Commune,2026-03-24 14:42:09.43682+01,gold_establishments_2025,,,,21790218800010,2025,Collectivité Territoriale,Commune,['Deux-Sèvres'],['Nouvelle-Aquitaine'],COM,{79},{75}
04993f10-cd3b-4096-ac68-aadc5ce6cca4,214502577,Commune de Pressigny-les-Pins (45),false,{45257},Commune,2026-03-24 14:42:00.862623+01,gold_establishments_2025,,,,21450257700015,2025,Collectivité Territoriale,Commune,['Loiret'],['Centre-Val de Loire'],COM,{45},{24}
7be39ebe-0f2a-4dfd-941d-987969d645d2,213803232,Commune de Pressins (38),false,{38323},Commune,2026-03-24 14:41:59.160244+01,gold_establishments_2025,,,,21380323200015,2025,Collectivité Territoriale,Commune,['Isère'],['Auvergne-Rhône-Alpes'],COM,{38},{84}
5011cc08-c600-40c3-88a5-bdccdddcdb98,216206698,Commune de Pressy (62),false,{62669},Commune,2026-03-24 14:42:05.597325+01,gold_establishments_2025,,,,21620669800013,2025,Collectivité Territoriale,Commune,['Pas-de-Calais'],['Hauts-de-France'],COM,{62},{32}
6d19b482-e3c1-473e-a19b-9556ef9f6c15,217103589,Commune de Pressy-sous-Dondin (71),false,{71358},Commune,2026-03-24 14:42:07.735343+01,gold_establishments_2025,,,,21710358900016,2025,Collectivité Territoriale,Commune,['Saône-et-Loire'],['Bourgogne-Franche-Comté'],COM,{71},{27}
c4916fd4-bdf4-4cb6-97fb-00d323077cbd,213904444,Commune de Pretin (39),false,{39444},Commune,2026-03-24 14:41:59.705606+01,gold_establishments_2025,,,,21390444400014,2025,Collectivité Territoriale,Commune,['Jura'],['Bourgogne-Franche-Comté'],COM,{39},{27}
48f86862-8bb7-4d12-b078-5b8090b20a84,215504093,Commune de Pretz-en-Argonne (55),false,{55409},Commune,2026-03-24 14:42:03.701372+01,gold_establishments_2025,,,,21550409300018,2025,Collectivité Territoriale,Commune,['Meuse'],['Grand Est'],COM,{55},{44}
0cadb51a-f013-4215-b480-e5059e446f26,211801865,Commune de Preuilly (18),false,{18186},Commune,2026-03-24 14:41:54.903238+01,gold_establishments_2025,,,,21180186500018,2025,Collectivité Territoriale,Commune,['Cher'],['Centre-Val de Loire'],COM,{18},{24}
027d510b-5bfc-4ecb-8e64-2e27778e4346,213601677,Commune de Preuilly-la-Ville (36),false,{36167},Commune,2026-03-24 14:41:59.160244+01,gold_establishments_2025,,,,21360167700015,2025,Collectivité Territoriale,Commune,['Indre'],['Centre-Val de Loire'],COM,{36},{24}
0a7a299e-01fb-4c32-9981-13c3d68becc1,213701899,Commune de Preuilly-sur-Claise (37),false,{37189},Commune,2026-03-24 14:41:59.160244+01,gold_establishments_2025,,,,21370189900014,2025,Collectivité Territoriale,Commune,['Indre-et-Loire'],['Centre-Val de Loire'],COM,{37},{24}
96f00cf4-01e4-4e25-8ad9-f71721db45e5,216206706,Commune de Preures (62),false,{62670},Commune,2026-03-24 14:42:05.597325+01,gold_establishments_2025,,,,21620670600014,2025,Collectivité Territoriale,Commune,['Pas-de-Calais'],['Hauts-de-France'],COM,{62},{32}
56bf0598-d2ce-498f-9fc7-3921cb093c57,216703793,Commune de Preuschdorf (67),false,{67379},Commune,2026-03-24 14:42:07.195692+01,gold_establishments_2025,,,,21670379300010,2025,Collectivité Territoriale,Commune,['Bas-Rhin'],['Grand Est'],COM,{67},{44}
ae561182-7361-4984-a7d4-1381fac34ee7,217605112,Commune de Preuseville (76),false,{76511},Commune,2026-03-24 14:42:08.818969+01,gold_establishments_2025,,,,21760511200010,2025,Collectivité Territoriale,Commune,['Seine-Maritime'],['Normandie'],COM,{76},{28}
bc42392f-03e6-4e7a-a730-ea3719ad181c,215404369,Commune de Preutin-Higny (54),false,{54436},Commune,2026-03-24 14:42:02.957225+01,gold_establishments_2025,,,,21540436900013,2025,Collectivité Territoriale,Commune,['Meurthe-et-Moselle'],['Grand Est'],COM,{54},{44}
e3ac492f-6a29-40fe-bf7f-b7be905891ea,215904723,Commune de Preux-au-Bois (59),false,{59472},Commune,2026-03-24 14:42:04.814328+01,gold_establishments_2025,,,,21590472300016,2025,Collectivité Territoriale,Commune,['Nord'],['Hauts-de-France'],COM,{59},{32}
36b59f9a-295c-4c5f-ad81-ece37ae72eff,215904731,Commune de Preux-au-Sart (59),false,{59473},Commune,2026-03-24 14:42:04.814328+01,gold_establishments_2025,,,,21590473100019,2025,Collectivité Territoriale,Commune,['Nord'],['Hauts-de-France'],COM,{59},{32}
5a520411-8b80-43d1-941f-8fa50dc99845,212704787,Commune de Prey (27),false,{27478},Commune,2026-03-24 14:41:57.028721+01,gold_establishments_2025,,,,21270478700010,2025,Collectivité Territoriale,Commune,['Eure'],['Normandie'],COM,{27},{28}
9713aa81-96d6-41f0-add2-f29317a93e4a,218803591,Commune de Prey (88),false,{88359},Commune,2026-03-24 14:42:11.118516+01,gold_establishments_2025,,,,21880359100013,2025,Collectivité Territoriale,Commune,['Vosges'],['Grand Est'],COM,{88},{44}
78ddbef0-b4b2-4600-b22d-8d33a0a7b360,212403398,Commune de Preyssac-d'Excideuil (24),false,{24339},Commune,2026-03-24 14:41:55.958138+01,gold_establishments_2025,,,,21240339800010,2025,Collectivité Territoriale,Commune,['Dordogne'],['Nouvelle-Aquitaine'],COM,{24},{75}
a05d9028-f03f-448b-841a-ee104607b065,210803102,Commune de Prez (08),false,{08344},Commune,2026-03-24 14:41:53.095366+01,gold_establishments_2025,,,,21080310200016,2025,Collectivité Territoriale,Commune,['Ardennes'],['Grand Est'],COM,{08},{44}
0b622e64-50d5-4da8-9dc7-7b8729f74b10,215202920,Commune de Prez-sous-Lafauche (52),false,{52407},Commune,2026-03-24 14:42:01.954481+01,gold_establishments_2025,,,,21520292000017,2025,Collectivité Territoriale,Commune,['Haute-Marne'],['Grand Est'],COM,{52},{44}
4de228bc-2576-4074-ad81-5a826b42830f,210103149,Commune de Priay (01),false,{01314},Commune,2026-03-24 14:41:51.447482+01,gold_establishments_2025,,,,21010314900014,2025,Collectivité Territoriale,Commune,['Ain'],['Auvergne-Rhône-Alpes'],COM,{01},{84}
a2947dbc-3184-42fa-b98c-3265b751bf39,210205977,Commune de Priez (02),false,{02622},Commune,2026-03-24 14:41:52.020251+01,gold_establishments_2025,,,,21020597700015,2025,Collectivité Territoriale,Commune,['Aisne'],['Hauts-de-France'],COM,{02},{32}
56a2ea3a-6170-4a42-a975-15751e8f2a40,211702907,Commune de Prignac (17),false,{17290},Commune,2026-03-24 14:41:54.903238+01,gold_establishments_2025,,,,21170290700018,2025,Collectivité Territoriale,Commune,['Charente-Maritime'],['Nouvelle-Aquitaine'],COM,{17},{75}
1d80a1de-a934-44a3-92c7-5348186c54e7,213303399,Commune de Prignac-et-Marcamps (33),false,{33339},Commune,2026-03-24 14:41:58.620411+01,gold_establishments_2025,,,,21330339900017,2025,Collectivité Territoriale,Commune,['Gironde'],['Nouvelle-Aquitaine'],COM,{33},{75}
4a2271f3-c467-4174-9bf6-8c4b06544fb0,212403406,Commune de Prigonrieux (24),false,{24340},Commune,2026-03-24 14:41:55.958138+01,gold_establishments_2025,,,,21240340600011,2025,Collectivité Territoriale,Commune,['Dordogne'],['Nouvelle-Aquitaine'],COM,{24},{75}
7a6d7137-748c-48b6-a95d-f9de7a30dc58,213803240,Commune de Primarette (38),false,{38324},Commune,2026-03-24 14:41:59.160244+01,gold_establishments_2025,,,,21380324000018,2025,Collectivité Territoriale,Commune,['Isère'],['Auvergne-Rhône-Alpes'],COM,{38},{84}
dbf4311e-f3d9-4fac-9d1d-c337149a634b,212902282,Commune de Primelin (29),false,{29228},Commune,2026-03-24 14:41:57.56054+01,gold_establishments_2025,,,,21290228200012,2025,Collectivité Territoriale,Commune,['Finistère'],['Bretagne'],COM,{29},{53}
6363d580-bdc2-4788-a7da-915a17eafffb,211801881,Commune de Primelles (18),false,{18188},Commune,2026-03-24 14:41:54.903238+01,gold_establishments_2025,,,,21180188100015,2025,Collectivité Territoriale,Commune,['Cher'],['Centre-Val de Loire'],COM,{18},{24}
bbb1da56-61e3-4cf9-b443-4115068052a5,217902204,Commune de Prin-Deyrançon (79),false,{79220},Commune,2026-03-24 14:42:09.43682+01,gold_establishments_2025,,,,21790220400015,2025,Collectivité Territoriale,Commune,['Deux-Sèvres'],['Nouvelle-Aquitaine'],COM,{79},{75}
5f6e8e2a-62bc-43e6-bdb4-de5eb707dd6b,213502321,Commune de Princé (35),false,{35232},Commune,2026-03-24 14:41:58.620411+01,gold_establishments_2025,,,,21350232100010,2025,Collectivité Territoriale,Commune,['Ille-et-Vilaine'],['Bretagne'],COM,{35},{53}
42701299-4d49-4cc1-ae37-6ae9049a6927,215104134,Commune de Pringy (51),false,{51446},Commune,2026-03-24 14:42:01.954481+01,gold_establishments_2025,,,,21510413400014,2025,Collectivité Territoriale,Commune,['Marne'],['Grand Est'],COM,{51},{44}
ce78fbb2-b9b8-48d3-a917-1d261f5c1553,217703784,Commune de Pringy (77),false,{77378},Commune,2026-03-24 14:42:09.43682+01,gold_establishments_2025,,,,21770378400017,2025,Collectivité Territoriale,Commune,['Seine-et-Marne'],['Île-de-France'],COM,{77},{11}
1ea0c9b3-360c-48ce-b5b1-df3048a35197,214401374,Commune de Prinquiau (44),false,{44137},Commune,2026-03-24 14:42:00.273698+01,gold_establishments_2025,,,,21440137400019,2025,Collectivité Territoriale,Commune,['Loire-Atlantique'],['Pays de la Loire'],COM,{44},{52}
d58334f5-e55c-4879-a3a0-4c644cdf31a3,200064186,Commune de Prinsuéjols-Malbouzon (48),false,{48087},Commune,2026-03-24 14:42:01.412377+01,gold_establishments_2025,,,,20006418600014,2025,Collectivité Territoriale,Commune,['Lozère'],['Occitanie'],COM,{48},{76}
ba84584a-2c56-4736-a681-f35fe56d16bd,216703801,Commune de Printzheim (67),false,{67380},Commune,2026-03-24 14:42:07.195692+01,gold_establishments_2025,,,,21670380100011,2025,Collectivité Territoriale,Commune,['Bas-Rhin'],['Grand Est'],COM,{67},{44}
5865e1fb-7500-4819-ad24-0df1361b1483,218602019,Commune de Prinçay (86),false,{86201},Commune,2026-03-24 14:42:10.508772+01,gold_establishments_2025,,,,21860201900018,2025,Collectivité Territoriale,Commune,['Vienne'],['Nouvelle-Aquitaine'],COM,{86},{75}
11f158e3-0c60-4b82-82cc-a3b4dc500661,210205985,Commune de Prisces (02),false,{02623},Commune,2026-03-24 14:41:52.020251+01,gold_establishments_2025,,,,21020598500018,2025,Collectivité Territoriale,Commune,['Aisne'],['Hauts-de-France'],COM,{02},{32}
5914bd57-1469-4d7c-8c7b-7b95d64241e9,215904749,Commune de Prisches (59),false,{59474},Commune,2026-03-24 14:42:04.814328+01,gold_establishments_2025,,,,21590474900011,2025,Collectivité Territoriale,Commune,['Nord'],['Hauts-de-France'],COM,{59},{32}
6623aa51-f6b9-46df-81c7-c3f3168f95ee,213601685,Commune de Prissac (36),false,{36168},Commune,2026-03-24 14:41:59.160244+01,gold_establishments_2025,,,,21360168500018,2025,Collectivité Territoriale,Commune,['Indre'],['Centre-Val de Loire'],COM,{36},{24}
edbea198-0be5-415b-b179-b1ab92002bde,217103605,Commune de Prissé (71),false,{71360},Commune,2026-03-24 14:42:07.735343+01,gold_establishments_2025,,,,21710360500010,2025,Collectivité Territoriale,Commune,['Saône-et-Loire'],['Bourgogne-Franche-Comté'],COM,{71},{27}
32d3ad06-53c8-419e-9ad2-5acf08c50f28,210701868,Commune de Privas (07),false,{07186},Commune,2026-03-24 14:41:52.562531+01,gold_establishments_2025,,,,21070186800015,2025,Collectivité Territoriale,Commune,['Ardèche'],['Auvergne-Rhône-Alpes'],COM,{07},{84}
7433ec01-7f43-43d1-99af-3a98858dc6c6,211201918,Commune de Privezac (12),false,{12191},Commune,2026-03-24 14:41:53.63825+01,gold_establishments_2025,,,,21120191800011,2025,Collectivité Territoriale,Commune,['Aveyron'],['Occitanie'],COM,{12},{76}
159de674-4d6f-4611-8e74-de0d49502ec4,210803110,Commune de Prix-lès-Mézières (08),false,{08346},Commune,2026-03-24 14:41:53.095366+01,gold_establishments_2025,,,,21080311000019,2025,Collectivité Territoriale,Commune,['Ardennes'],['Grand Est'],COM,{08},{44}
a6d436b7-30d5-4cdb-b875-eeb856f971fe,215601824,Commune de Priziac (56),false,{56182},Commune,2026-03-24 14:42:03.701372+01,gold_establishments_2025,,,,21560182400018,2025,Collectivité Territoriale,Commune,['Morbihan'],['Bretagne'],COM,{56},{53}
0f1e5c5c-caba-4abc-a4f5-ef269c7caf71,217103613,Commune de Prizy (71),false,{71361},Commune,2026-03-24 14:42:07.735343+01,gold_establishments_2025,,,,21710361300014,2025,Collectivité Territoriale,Commune,['Saône-et-Loire'],['Bourgogne-Franche-Comté'],COM,{71},{27}
4c866f50-c54a-4867-ace8-a622d4170be5,212403414,Commune de Proissans (24),false,{24341},Commune,2026-03-24 14:41:55.958138+01,gold_establishments_2025,,,,21240341400015,2025,Collectivité Territoriale,Commune,['Dordogne'],['Nouvelle-Aquitaine'],COM,{24},{75}
6a7c2fb1-79ec-4c76-82ef-44f4e882869a,210205993,Commune de Proisy (02),false,{02624},Commune,2026-03-24 14:41:52.020251+01,gold_establishments_2025,,,,21020599300012,2025,Collectivité Territoriale,Commune,['Aisne'],['Hauts-de-France'],COM,{02},{32}
04c304e5-88b8-42bf-8d4e-886dc06c0916,210206009,Commune de Proix (02),false,{02625},Commune,2026-03-24 14:41:52.020251+01,gold_establishments_2025,,,,21020600900016,2025,Collectivité Territoriale,Commune,['Aisne'],['Hauts-de-France'],COM,{02},{32}
b5dd8b20-b3d4-4d74-bf79-650a9bc6d6b6,213203334,Commune de Projan (32),false,{32333},Commune,2026-03-24 14:41:58.09424+01,gold_establishments_2025,,,,21320333400015,2025,Collectivité Territoriale,Commune,['Gers'],['Occitanie'],COM,{32},{76}
8e6a6cf8-b2cf-4657-bb7f-6a9e4b225918,214602278,Commune de Promilhanes (46),false,{46227},Commune,2026-03-24 14:42:00.862623+01,gold_establishments_2025,,,,21460227800019,2025,Collectivité Territoriale,Commune,['Lot'],['Occitanie'],COM,{46},{76}
1f6c7f88-af09-4bea-8503-b4cbfa65c19e,216302885,Commune de Prompsat (63),false,{63288},Commune,2026-03-24 14:42:06.130387+01,gold_establishments_2025,,,,21630288500019,2025,Collectivité Territoriale,Commune,['Puy-de-Dôme'],['Auvergne-Rhône-Alpes'],COM,{63},{84}
644958e9-7ba1-44b0-ae2f-390ac2f98a28,216302893,Commune de Prondines (63),false,{63289},Commune,2026-03-24 14:42:06.130387+01,gold_establishments_2025,,,,21630289300013,2025,Collectivité Territoriale,Commune,['Puy-de-Dôme'],['Auvergne-Rhône-Alpes'],COM,{63},{84}
8b78fa80-5f6c-47a1-a69f-25d89236398e,216005090,Commune de Pronleroy (60),false,{60515},Commune,2026-03-24 14:42:04.814328+01,gold_establishments_2025,,,,21600509000016,2025,Collectivité Territoriale,Commune,['Oise'],['Hauts-de-France'],COM,{60},{32}
dac2289d-20be-4624-a4e2-c2b9b4ba3222,216206714,Commune de Pronville-en-Artois (62),false,{62671},Commune,2026-03-24 14:42:05.597325+01,gold_establishments_2025,,,,21620671400018,2025,Collectivité Territoriale,Commune,['Pas-de-Calais'],['Hauts-de-France'],COM,{62},{32}
6f697486-9aed-4674-83da-41aa942ad748,212602569,Commune de Propiac (26),false,{26256},Commune,2026-03-24 14:41:56.495197+01,gold_establishments_2025,,,,21260256900015,2025,Collectivité Territoriale,Commune,['Drôme'],['Auvergne-Rhône-Alpes'],COM,{26},{84}
813e10b4-b7f1-46f4-99fc-b1cb696ff764,216901611,Commune de Propières (69),false,{69161},Commune,2026-03-24 14:42:07.195692+01,gold_establishments_2025,,,,21690161100014,2025,Collectivité Territoriale,Commune,['Rhône'],['Auvergne-Rhône-Alpes'],COM,{69},{84}
d3892082-3e36-45a8-a2f9-77f6e8f6a136,212002497,Commune de Propriano (2A),false,{2A249},Commune,2026-03-24 14:41:57.56054+01,gold_establishments_2025,,,,21200249700015,2025,Collectivité Territoriale,Commune,['Corse-du-Sud'],['Corse'],COM,{2A},{94}
bb8c5425-3625-4e84-a55e-d1bc2c6bd0e0,215104142,Commune de Prosnes (51),false,{51447},Commune,2026-03-24 14:42:01.954481+01,gold_establishments_2025,,,,21510414200017,2025,Collectivité Territoriale,Commune,['Marne'],['Grand Est'],COM,{51},{44}
de775caa-0ebb-4a31-8700-d081306d9b6e,215104159,Commune de Prouilly (51),false,{51448},Commune,2026-03-24 14:42:01.954481+01,gold_establishments_2025,,,,21510415900011,2025,Collectivité Territoriale,Commune,['Marne'],['Grand Est'],COM,{51},{44}
3f02876c-8ee5-4635-8387-986ae49ebf56,213104409,Commune de Proupiary (31),false,{31440},Commune,2026-03-24 14:41:58.09424+01,gold_establishments_2025,,,,21310440900015,2025,Collectivité Territoriale,Commune,['Haute-Garonne'],['Occitanie'],COM,{31},{76}
5bf3fd5b-ce0e-4f4b-affc-2ffe5aa3e253,210206017,Commune de Prouvais (02),false,{02626},Commune,2026-03-24 14:41:52.020251+01,gold_establishments_2025,,,,21020601700019,2025,Collectivité Territoriale,Commune,['Aisne'],['Hauts-de-France'],COM,{02},{32}
62c503ff-ebc1-4d7d-af53-b8c1b86712d1,218006047,Commune de Prouville (80),false,{80642},Commune,2026-03-24 14:42:09.967209+01,gold_establishments_2025,,,,21800604700011,2025,Collectivité Territoriale,Commune,['Somme'],['Hauts-de-France'],COM,{80},{32}
baf8dee4-e412-43f2-a728-c2c8ff870cac,215904756,Commune de Prouvy (59),false,{59475},Commune,2026-03-24 14:42:04.814328+01,gold_establishments_2025,,,,21590475600016,2025,Collectivité Territoriale,Commune,['Nord'],['Hauts-de-France'],COM,{59},{32}
e545e197-6db8-41ac-9a78-f1b8c704ef88,218006054,Commune de Prouzel (80),false,{80643},Commune,2026-03-24 14:42:09.967209+01,gold_establishments_2025,,,,21800605400017,2025,Collectivité Territoriale,Commune,['Somme'],['Hauts-de-France'],COM,{80},{32}
9f68bdc4-d022-4f11-9d6a-c32969e84c88,212504716,Commune de Provenchère (25),false,{25471},Commune,2026-03-24 14:41:56.495197+01,gold_establishments_2025,,,,21250471600011,2025,Collectivité Territoriale,Commune,['Doubs'],['Bourgogne-Franche-Comté'],COM,{25},{27}
0a9dcbc6-5147-40a1-ac21-976bef607fa7,217004266,Commune de Provenchère (70),false,{70426},Commune,2026-03-24 14:42:07.735343+01,gold_establishments_2025,,,,21700426600011,2025,Collectivité Territoriale,Commune,['Haute-Saône'],['Bourgogne-Franche-Comté'],COM,{70},{27}
d730260c-a98b-4dcb-92ba-5623360268df,200059921,Commune de Provenchères-et-Colroy (88),false,{88361},Commune,2026-03-24 14:42:11.118516+01,gold_establishments_2025,,,,20005992100011,2025,Collectivité Territoriale,Commune,['Vosges'],['Grand Est'],COM,{88},{44}
7c02fcec-8d91-4f59-9429-7ec349bfdd0c,218803609,Commune de Provenchères-lès-Darney (88),false,{88360},Commune,2026-03-24 14:42:11.118516+01,gold_establishments_2025,,,,21880360900013,2025,Collectivité Territoriale,Commune,['Vosges'],['Grand Est'],COM,{88},{44}
e8996d0a-a20c-427f-ab19-15736967710d,218903169,Commune de Provency (89),false,{89316},Commune,2026-03-24 14:42:11.659493+01,gold_establishments_2025,,,,21890316900017,2025,Collectivité Territoriale,Commune,['Yonne'],['Bourgogne-Franche-Comté'],COM,{89},{27}
9626aaaa-fa0b-44e0-94fc-e85b69d68f0a,211002977,Commune de Proverville (10),false,{10306},Commune,2026-03-24 14:41:53.095366+01,gold_establishments_2025,,,,21100297700018,2025,Collectivité Territoriale,Commune,['Aube'],['Grand Est'],COM,{10},{44}
7d320713-dce1-4d1c-9b60-d43bb7c31281,213803257,Commune de Proveysieux (38),false,{38325},Commune,2026-03-24 14:41:59.160244+01,gold_establishments_2025,,,,21380325700012,2025,Collectivité Territoriale,Commune,['Isère'],['Auvergne-Rhône-Alpes'],COM,{38},{84}
66d8b334-040b-4b64-98fa-57fd7246c21c,215904764,Commune de Proville (59),false,{59476},Commune,2026-03-24 14:42:04.814328+01,gold_establishments_2025,,,,21590476400010,2025,Collectivité Territoriale,Commune,['Nord'],['Hauts-de-France'],COM,{59},{32}
79b3f58e-c04a-4413-9396-8c77c84df90a,215904772,Commune de Provin (59),false,{59477},Commune,2026-03-24 14:42:04.814328+01,gold_establishments_2025,,,,21590477200013,2025,Collectivité Territoriale,Commune,['Nord'],['Hauts-de-France'],COM,{59},{32}
d0ce8076-513f-4fa6-8aa5-4b8ab971eba4,217703792,Commune de Provins (77),false,{77379},Commune,2026-03-24 14:42:09.43682+01,gold_establishments_2025,,,,21770379200010,2025,Collectivité Territoriale,Commune,['Seine-et-Marne'],['Île-de-France'],COM,{77},{11}
ceb12043-2645-40a9-bf2f-5416e2175b3b,210206025,Commune de Proviseux-et-Plesnoy (02),false,{02627},Commune,2026-03-24 14:41:52.020251+01,gold_establishments_2025,,,,21020602500012,2025,Collectivité Territoriale,Commune,['Aisne'],['Hauts-de-France'],COM,{02},{32}
2ba67fa4-fbfe-4396-a53f-9dc8f73de401,218006062,Commune de Proyart (80),false,{80644},Commune,2026-03-24 14:42:09.967209+01,gold_establishments_2025,,,,21800606200010,2025,Collectivité Territoriale,Commune,['Somme'],['Hauts-de-France'],COM,{80},{32}
ff2a8f48-6346-4fc1-a462-dca215fcab39,212803084,Commune de Prudemanche (28),false,{28308},Commune,2026-03-24 14:41:57.028721+01,gold_establishments_2025,,,,21280308400012,2025,Collectivité Territoriale,Commune,['Eure-et-Loir'],['Centre-Val de Loire'],COM,{28},{24}
5599a321-610b-47e7-8e4f-a921138a1eb2,214602286,Commune de Prudhomat (46),false,{46228},Commune,2026-03-24 14:42:00.862623+01,gold_establishments_2025,,,,21460228600012,2025,Collectivité Territoriale,Commune,['Lot'],['Occitanie'],COM,{46},{76}
e60f153b-a338-49b1-aa7d-78d23963ef00,216601526,Commune de Prugnanes (66),false,{66152},Commune,2026-03-24 14:42:06.665412+01,gold_establishments_2025,,,,21660152600017,2025,Collectivité Territoriale,Commune,['Pyrénées-Orientales'],['Occitanie'],COM,{66},{76}
bbd8a6bb-314e-46df-a67c-6c3c145b888d,211002985,Commune de Prugny (10),false,{10307},Commune,2026-03-24 14:41:53.095366+01,gold_establishments_2025,,,,21100298500011,2025,Collectivité Territoriale,Commune,['Aube'],['Grand Est'],COM,{10},{44}
86d72560-7fa6-46f4-9541-40aeac6e97c2,217202480,Commune de Pruillé-l'Éguillé (72),false,{72248},Commune,2026-03-24 14:42:08.279287+01,gold_establishments_2025,,,,21720248000018,2025,Collectivité Territoriale,Commune,['Sarthe'],['Pays de la Loire'],COM,{72},{52}
35df6c64-5681-4db1-a81d-259f6d76f204,217202472,Commune de Pruillé-le-Chétif (72),false,{72247},Commune,2026-03-24 14:42:08.279287+01,gold_establishments_2025,,,,21720247200015,2025,Collectivité Territoriale,Commune,['Sarthe'],['Pays de la Loire'],COM,{72},{52}
4b80606c-6dad-408f-bfd6-2f8a319402fd,211201934,Commune de Pruines (12),false,{12193},Commune,2026-03-24 14:41:53.63825+01,gold_establishments_2025,,,,21120193400018,2025,Collectivité Territoriale,Commune,['Aveyron'],['Occitanie'],COM,{12},{76}
e538fc5a-efdc-42de-ac76-cd490dd13a94,215104167,Commune de Prunay (51),false,{51449},Commune,2026-03-24 14:42:01.954481+01,gold_establishments_2025,,,,21510416700014,2025,Collectivité Territoriale,Commune,['Marne'],['Grand Est'],COM,{51},{44}
728d3df2-c3be-4aa7-ba11-cd6aea7ef6c8,211002993,Commune de Prunay-Belleville (10),false,{10308},Commune,2026-03-24 14:41:53.095366+01,gold_establishments_2025,,,,21100299300015,2025,Collectivité Territoriale,Commune,['Aube'],['Grand Est'],COM,{10},{44}
3d6390b7-3783-4719-a8b4-e612786bc970,214101842,Commune de Prunay-Cassereau (41),false,{41184},Commune,2026-03-24 14:42:00.273698+01,gold_establishments_2025,,,,21410184200018,2025,Collectivité Territoriale,Commune,['Loir-et-Cher'],['Centre-Val de Loire'],COM,{41},{24}
06b8b264-5db2-4bec-8c60-3cbafb780671,217805068,Commune de Prunay-en-Yvelines (78),false,{78506},Commune,2026-03-24 14:42:09.43682+01,gold_establishments_2025,,,,21780506800012,2025,Collectivité Territoriale,Commune,['Yvelines'],['Île-de-France'],COM,{78},{11}
cebdc803-8755-45ac-a5a6-bcfdaf2f9768,212803092,Commune de Prunay-le-Gillon (28),false,{28309},Commune,2026-03-24 14:41:57.028721+01,gold_establishments_2025,,,,21280309200015,2025,Collectivité Territoriale,Commune,['Eure-et-Loir'],['Centre-Val de Loire'],COM,{28},{24}
85132e07-8497-4cb1-8b73-64753b481907,217805050,Commune de Prunay-le-Temple (78),false,{78505},Commune,2026-03-24 14:42:09.43682+01,gold_establishments_2025,,,,21780505000010,2025,Collectivité Territoriale,Commune,['Yvelines'],['Île-de-France'],COM,{78},{11}
ace64cf1-0711-454e-9dcf-f0d100f0c24a,219105079,Commune de Prunay-sur-Essonne (91),false,{91507},Commune,2026-03-24 14:42:11.659493+01,gold_establishments_2025,,,,21910507900012,2025,Collectivité Territoriale,Commune,['Essonne'],['Île-de-France'],COM,{91},{11}
b1788386-9245-4c0b-bfdd-8c8a3c734ef8,212002505,Commune de Prunelli-di-Casacconi (2B),false,{2B250},Commune,2026-03-24 14:41:57.56054+01,gold_establishments_2025,,,,21200250500015,2025,Collectivité Territoriale,Commune,['Haute-Corse'],['Corse'],COM,{2B},{94}
45256583-bafe-4972-b008-e1b4ab54516c,212002513,Commune de Prunelli-di-Fiumorbo (2B),false,{2B251},Commune,2026-03-24 14:41:57.56054+01,gold_establishments_2025,,,,21200251300019,2025,Collectivité Territoriale,Commune,['Haute-Corse'],['Corse'],COM,{2B},{94}
2a030036-a942-4ae1-acb4-0046405e9521,210701876,Commune de Prunet (07),false,{07187},Commune,2026-03-24 14:41:52.562531+01,gold_establishments_2025,,,,21070187600018,2025,Collectivité Territoriale,Commune,['Ardèche'],['Auvergne-Rhône-Alpes'],COM,{07},{84}
23fd1383-b8dd-440a-901a-d66bd5117256,211501564,Commune de Prunet (15),false,{15156},Commune,2026-03-24 14:41:54.362296+01,gold_establishments_2025,,,,21150156400010,2025,Collectivité Territoriale,Commune,['Cantal'],['Auvergne-Rhône-Alpes'],COM,{15},{84}
5597c8e2-dcb8-4f65-9e79-2af9398a4054,213104417,Commune de Prunet (31),false,{31441},Commune,2026-03-24 14:41:58.09424+01,gold_establishments_2025,,,,21310441700018,2025,Collectivité Territoriale,Commune,['Haute-Garonne'],['Occitanie'],COM,{31},{76}
e0f6250d-10e0-42d7-a227-9a1faf6d1af3,216601534,Commune de Prunet-et-Belpuig (66),false,{66153},Commune,2026-03-24 14:42:06.665412+01,gold_establishments_2025,,,,21660153400011,2025,Collectivité Territoriale,Commune,['Pyrénées-Orientales'],['Occitanie'],COM,{66},{76}
960cb636-5eba-49d1-bda8-152ca27f08d0,213601693,Commune de Pruniers (36),false,{36169},Commune,2026-03-24 14:41:59.160244+01,gold_establishments_2025,,,,21360169300012,2025,Collectivité Territoriale,Commune,['Indre'],['Centre-Val de Loire'],COM,{36},{24}
ee962822-cfbe-41b1-a926-f6c5299bdf13,214101859,Commune de Pruniers-en-Sologne (41),false,{41185},Commune,2026-03-24 14:42:00.273698+01,gold_establishments_2025,,,,21410185900012,2025,Collectivité Territoriale,Commune,['Loir-et-Cher'],['Centre-Val de Loire'],COM,{41},{24}
2ded5eba-58c5-476a-9ad8-2968881c3f5c,210501060,Commune de Prunières (05),false,{05106},Commune,2026-03-24 14:41:52.562531+01,gold_establishments_2025,,,,21050106000011,2025,Collectivité Territoriale,Commune,['Hautes-Alpes'],"[""Provence-Alpes-Côte d'Azur""]",COM,{05},{93}
773d880d-432f-4893-85fa-c162a0920789,213803265,Commune de Prunières (38),false,{38326},Commune,2026-03-24 14:41:59.160244+01,gold_establishments_2025,,,,21380326500015,2025,Collectivité Territoriale,Commune,['Isère'],['Auvergne-Rhône-Alpes'],COM,{38},{84}
3a2573cd-5da9-4827-8c0f-79b185b6b395,214801219,Commune de Prunières (48),false,{48121},Commune,2026-03-24 14:42:01.412377+01,gold_establishments_2025,,,,21480121900012,2025,Collectivité Territoriale,Commune,['Lozère'],['Occitanie'],COM,{48},{76}
4d03fb8e-9b46-4929-b2e7-cfe41fe2bc91,212002521,Commune de Pruno (2B),false,{2B252},Commune,2026-03-24 14:41:57.56054+01,gold_establishments_2025,,,,21200252100012,2025,Collectivité Territoriale,Commune,['Haute-Corse'],['Corse'],COM,{2B},{94}
369e2088-f08c-4f22-ae25-e63ce57f2da1,212105100,Commune de Prusly-sur-Ource (21),false,{21510},Commune,2026-03-24 14:41:55.433389+01,gold_establishments_2025,,,,21210510000011,2025,Collectivité Territoriale,Commune,"[""Côte-d'Or""]",['Bourgogne-Franche-Comté'],COM,{21},{27}
a9f149f9-92b9-481b-9fbf-523befd9323b,211003009,Commune de Prusy (10),false,{10309},Commune,2026-03-24 14:41:53.095366+01,gold_establishments_2025,,,,21100300900019,2025,Collectivité Territoriale,Commune,['Aube'],['Grand Est'],COM,{10},{44}
df672341-194e-4a10-b7b9-f4bd5b36c598,217103621,Commune de Pruzilly (71),false,{71362},Commune,2026-03-24 14:42:07.735343+01,gold_establishments_2025,,,,21710362100017,2025,Collectivité Territoriale,Commune,['Saône-et-Loire'],['Bourgogne-Franche-Comté'],COM,{71},{27}
4cd5d8ed-cb45-4902-820e-fd280a73a828,212105043,Commune de Prâlon (21),false,{21504},Commune,2026-03-24 14:41:55.433389+01,gold_establishments_2025,,,,21210504300013,2025,Collectivité Territoriale,Commune,"[""Côte-d'Or""]",['Bourgogne-Franche-Comté'],COM,{21},{27}
aa6d7a04-7af4-426b-b8c6-be1fd61dc02a,212803068,Commune de Pré-Saint-Martin (28),false,{28306},Commune,2026-03-24 14:41:57.028721+01,gold_establishments_2025,,,,21280306800015,2025,Collectivité Territoriale,Commune,['Eure-et-Loir'],['Centre-Val de Loire'],COM,{28},{24}
1ede212b-8430-408f-bb90-58306cd7898b,212803050,Commune de Pré-Saint-Évroult (28),false,{28305},Commune,2026-03-24 14:41:57.028721+01,gold_establishments_2025,,,,21280305000013,2025,Collectivité Territoriale,Commune,['Eure-et-Loir'],['Centre-Val de Loire'],COM,{28},{24}
505bfecb-e8a9-43e7-a388-ae87933bb433,200057032,Commune de Pré-en-Pail-Saint-Samson (53),false,{53185},Commune,2026-03-24 14:42:02.957225+01,gold_establishments_2025,,,,20005703200019,2025,Collectivité Territoriale,Commune,['Mayenne'],['Pays de la Loire'],COM,{53},{52}
ff2649d1-8b14-4eb8-8a7f-7185d575fa41,210701850,Commune de Préaux (07),false,{07185},Commune,2026-03-24 14:41:52.562531+01,gold_establishments_2025,,,,21070185000013,2025,Collectivité Territoriale,Commune,['Ardèche'],['Auvergne-Rhône-Alpes'],COM,{07},{84}
16758e8d-9d4f-486a-90c2-5c9d4d9b8e6b,213601669,Commune de Préaux (36),false,{36166},Commune,2026-03-24 14:41:59.160244+01,gold_establishments_2025,,,,21360166900012,2025,Collectivité Territoriale,Commune,['Indre'],['Centre-Val de Loire'],COM,{36},{24}
fd0e2eb9-efc3-4d72-9d2b-895745e971f5,215301847,Commune de Préaux (53),false,{53184},Commune,2026-03-24 14:42:02.957225+01,gold_establishments_2025,,,,21530184700012,2025,Collectivité Territoriale,Commune,['Mayenne'],['Pays de la Loire'],COM,{53},{52}
52406eaa-125e-4482-900e-863f96ab13ee,217605096,Commune de Préaux (76),false,{76509},Commune,2026-03-24 14:42:08.818969+01,gold_establishments_2025,,,,21760509600015,2025,Collectivité Territoriale,Commune,['Seine-Maritime'],['Normandie'],COM,{76},{28}
76d5c4e8-d02d-4ee6-8da8-715468583942,211405196,Commune de Préaux-Bocage (14),false,{14519},Commune,2026-03-24 14:41:54.362296+01,gold_establishments_2025,,,,21140519600018,2025,Collectivité Territoriale,Commune,['Calvados'],['Normandie'],COM,{14},{28}
d02b4d40-c56d-4117-a98c-8bda1881f98b,213803216,Commune de Prébois (38),false,{38321},Commune,2026-03-24 14:41:59.160244+01,gold_establishments_2025,,,,21380321600018,2025,Collectivité Territoriale,Commune,['Isère'],['Auvergne-Rhône-Alpes'],COM,{38},{84}
da4bb3db-2c4d-443e-afbb-3bf280253573,215004136,Commune de Précey (50),false,{50413},Commune,2026-03-24 14:42:01.412377+01,gold_establishments_2025,,,,21500413600010,2025,Collectivité Territoriale,Commune,['Manche'],['Normandie'],COM,{50},{28}
d1ebd4fe-336f-4b61-bb66-22d909b63d16,213203292,Commune de Préchac (32),false,{32329},Commune,2026-03-24 14:41:58.09424+01,gold_establishments_2025,,,,21320329200015,2025,Collectivité Territoriale,Commune,['Gers'],['Occitanie'],COM,{32},{76}
80341711-8fd9-4ee8-b9e8-b2bc90d8e3f5,213303365,Commune de Préchac (33),false,{33336},Commune,2026-03-24 14:41:58.620411+01,gold_establishments_2025,,,,21330336500109,2025,Collectivité Territoriale,Commune,['Gironde'],['Nouvelle-Aquitaine'],COM,{33},{75}
9258f4ef-46ee-451b-8b06-8f6bd39c8a29,216503714,Commune de Préchac (65),false,{65371},Commune,2026-03-24 14:42:06.665412+01,gold_establishments_2025,,,,21650371400018,2025,Collectivité Territoriale,Commune,['Hautes-Pyrénées'],['Occitanie'],COM,{65},{76}
0bf66b9d-82a3-4107-a34e-3011e0f8ca8a,213203300,Commune de Préchac-sur-Adour (32),false,{32330},Commune,2026-03-24 14:41:58.09424+01,gold_establishments_2025,,,,21320330000016,2025,Collectivité Territoriale,Commune,['Gers'],['Occitanie'],COM,{32},{76}
05ec2be0-382f-4dce-ba23-904aade3931d,216404582,Commune de Préchacq-Josbaig (64),false,{64458},Commune,2026-03-24 14:42:06.665412+01,gold_establishments_2025,,,,21640458200019,2025,Collectivité Territoriale,Commune,['Pyrénées-Atlantiques'],['Nouvelle-Aquitaine'],COM,{64},{75}
2bd0fb7e-d6ca-466c-8870-464cde2d389a,216404590,Commune de Préchacq-Navarrenx (64),false,{64459},Commune,2026-03-24 14:42:06.665412+01,gold_establishments_2025,,,,21640459000012,2025,Collectivité Territoriale,Commune,['Pyrénées-Atlantiques'],['Nouvelle-Aquitaine'],COM,{64},{75}
5bbe846f-f840-4082-b6e0-6dfeef099941,214002370,Commune de Préchacq-les-Bains (40),false,{40237},Commune,2026-03-24 14:41:59.705606+01,gold_establishments_2025,,,,21400237000077,2025,Collectivité Territoriale,Commune,['Landes'],['Nouvelle-Aquitaine'],COM,{40},{75}
9711f9f7-8029-4c7f-a489-718a8c892a14,214201808,Commune de Précieux (42),false,{42180},Commune,2026-03-24 14:42:00.273698+01,gold_establishments_2025,,,,21420180800018,2025,Collectivité Territoriale,Commune,['Loire'],['Auvergne-Rhône-Alpes'],COM,{42},{84}
e58759a8-75a4-4942-9a05-5fdf8b0f8ce7,217202449,Commune de Précigné (72),false,{72244},Commune,2026-03-24 14:42:08.279287+01,gold_establishments_2025,,,,21720244900013,2025,Collectivité Territoriale,Commune,['Sarthe'],['Pays de la Loire'],COM,{72},{52}
10037e85-ef51-4859-aebb-1ed7c33d6137,216404608,Commune de Précilhon (64),false,{64460},Commune,2026-03-24 14:42:06.665412+01,gold_establishments_2025,,,,21640460800012,2025,Collectivité Territoriale,Commune,['Pyrénées-Atlantiques'],['Nouvelle-Aquitaine'],COM,{64},{75}
daa92589-f160-4f62-8eb1-43f7fe6874ca,211801840,Commune de Précy (18),false,{18184},Commune,2026-03-24 14:41:54.903238+01,gold_establishments_2025,,,,21180184000011,2025,Collectivité Territoriale,Commune,['Cher'],['Centre-Val de Loire'],COM,{18},{24}
244feae2-dc66-4d1b-8ef2-554df57f3ad6,211002944,Commune de Précy-Notre-Dame (10),false,{10303},Commune,2026-03-24 14:41:53.095366+01,gold_establishments_2025,,,,21100294400018,2025,Collectivité Territoriale,Commune,['Aube'],['Grand Est'],COM,{10},{44}
b22a9957-aeac-40b6-be3b-98f741310a7a,211002951,Commune de Précy-Saint-Martin (10),false,{10304},Commune,2026-03-24 14:41:53.095366+01,gold_establishments_2025,,,,21100295100013,2025,Collectivité Territoriale,Commune,['Aube'],['Grand Est'],COM,{10},{44}
b24dbc02-a6f4-484b-ad80-572036868b4d,218903128,Commune de Précy-le-Sec (89),false,{89312},Commune,2026-03-24 14:42:11.659493+01,gold_establishments_2025,,,,21890312800013,2025,Collectivité Territoriale,Commune,['Yonne'],['Bourgogne-Franche-Comté'],COM,{89},{27}
702fd437-983d-4904-88ed-ba1cff2f7fab,212105050,Commune de Précy-sous-Thil (21),false,{21505},Commune,2026-03-24 14:41:55.433389+01,gold_establishments_2025,,,,21210505000018,2025,Collectivité Territoriale,Commune,"[""Côte-d'Or""]",['Bourgogne-Franche-Comté'],COM,{21},{27}
078528a5-3a44-4603-9c88-dd6a2c01da5f,217703768,Commune de Précy-sur-Marne (77),false,{77376},Commune,2026-03-24 14:42:09.43682+01,gold_establishments_2025,,,,21770376800010,2025,Collectivité Territoriale,Commune,['Seine-et-Marne'],['Île-de-France'],COM,{77},{11}
d74a62cb-7829-4c1f-9dc9-7ed1827c66d9,216005074,Commune de Précy-sur-Oise (60),false,{60513},Commune,2026-03-24 14:42:04.814328+01,gold_establishments_2025,,,,21600507400010,2025,Collectivité Territoriale,Commune,['Oise'],['Hauts-de-France'],COM,{60},{32}
43de3971-98b2-4397-b4fa-c7bbfcf37c75,218903136,Commune de Précy-sur-Vrin (89),false,{89313},Commune,2026-03-24 14:42:11.659493+01,gold_establishments_2025,,,,21890313600016,2025,Collectivité Territoriale,Commune,['Yonne'],['Bourgogne-Franche-Comté'],COM,{89},{27}
77f0dbdc-6721-4de0-bbe1-aca0f43a397c,216206680,Commune de Prédefin (62),false,{62668},Commune,2026-03-24 14:42:05.597325+01,gold_establishments_2025,,,,21620668000011,2025,Collectivité Territoriale,Commune,['Pas-de-Calais'],['Hauts-de-France'],COM,{62},{32}
8bf6b762-fbbe-4d51-97a3-68a8d973d236,200076123,Commune de Prée-d'Anjou (53),false,{53124},Commune,2026-03-24 14:42:02.957225+01,gold_establishments_2025,,,,20007612300013,2025,Collectivité Territoriale,Commune,['Mayenne'],['Pays de la Loire'],COM,{53},{52}
3ed1d304-be9f-4f15-ab6e-94f2447c97f2,214401366,Commune de Préfailles (44),false,{44136},Commune,2026-03-24 14:42:00.273698+01,gold_establishments_2025,,,,21440136600056,2025,Collectivité Territoriale,Commune,['Loire-Atlantique'],['Pays de la Loire'],COM,{44},{52}
8221c7b4-f253-47da-8f5f-71ce1cb211ad,214502551,Commune de Préfontaines (45),false,{45255},Commune,2026-03-24 14:42:00.862623+01,gold_establishments_2025,,,,21450255100010,2025,Collectivité Territoriale,Commune,['Loiret'],['Centre-Val de Loire'],COM,{45},{24}
12aa16e2-5ff1-46b5-86da-470a56a222ea,218903144,Commune de Prégilbert (89),false,{89314},Commune,2026-03-24 14:42:11.659493+01,gold_establishments_2025,,,,21890314400010,2025,Collectivité Territoriale,Commune,['Yonne'],['Bourgogne-Franche-Comté'],COM,{89},{27}
7e153943-d39f-45ee-9e5d-22455d9f041e,211702899,Commune de Préguillac (17),false,{17289},Commune,2026-03-24 14:41:54.903238+01,gold_establishments_2025,,,,21170289900017,2025,Collectivité Territoriale,Commune,['Charente-Maritime'],['Nouvelle-Aquitaine'],COM,{17},{75}
807e2c9b-c1c0-4683-a5e4-980040bf4139,218903151,Commune de Préhy (89),false,{89315},Commune,2026-03-24 14:42:11.659493+01,gold_establishments_2025,,,,21890315100015,2025,Collectivité Territoriale,Commune,['Yonne'],['Bourgogne-Franche-Comté'],COM,{89},{27}
07013271-ca7a-4eb0-ac7d-81a9b2dd30f0,213904410,Commune de Prémanon (39),false,{39441},Commune,2026-03-24 14:41:59.705606+01,gold_establishments_2025,,,,21390441000015,2025,Collectivité Territoriale,Commune,['Jura'],['Bourgogne-Franche-Comté'],COM,{39},{27}
71dc90af-f4fe-4142-9fbf-7f094f2e3e47,215802182,Commune de Prémery (58),false,{58218},Commune,2026-03-24 14:42:04.280096+01,gold_establishments_2025,,,,21580218200018,2025,Collectivité Territoriale,Commune,['Nièvre'],['Bourgogne-Franche-Comté'],COM,{58},{27}
4d25e7e7-0055-4fed-85de-fc77553d9ec0,215904707,Commune de Prémesques (59),false,{59470},Commune,2026-03-24 14:42:04.814328+01,gold_establishments_2025,,,,21590470700019,2025,Collectivité Territoriale,Commune,['Nord'],['Hauts-de-France'],COM,{59},{32}
8f5f569a-723e-4ec4-bee3-3d2a811a6a01,210103107,Commune de Prémeyzel (01),false,{01310},Commune,2026-03-24 14:41:51.447482+01,gold_establishments_2025,,,,21010310700012,2025,Collectivité Territoriale,Commune,['Ain'],['Auvergne-Rhône-Alpes'],COM,{01},{84}
4f8a9ef1-4d4c-4a75-a223-3e47720bee47,213402191,Commune de Prémian (34),false,{34219},Commune,2026-03-24 14:41:58.620411+01,gold_establishments_2025,,,,21340219100018,2025,Collectivité Territoriale,Commune,['Hérault'],['Occitanie'],COM,{34},{76}
3148b4c3-57a0-4e07-bc2b-452c46ba82b9,211002969,Commune de Prémierfait (10),false,{10305},Commune,2026-03-24 14:41:53.095366+01,gold_establishments_2025,,,,21100296900015,2025,Collectivité Territoriale,Commune,['Aube'],['Grand Est'],COM,{10},{44}
5ffa9397-5fc3-4513-9cad-2cdb01bdf6b4,210302113,Commune de Prémilhat (03),false,{03211},Commune,2026-03-24 14:41:52.020251+01,gold_establishments_2025,,,,21030211300050,2025,Collectivité Territoriale,Commune,['Allier'],['Auvergne-Rhône-Alpes'],COM,{03},{84}
f9ff1db6-d6b0-4833-9194-abce856a9665,210103115,Commune de Prémillieu (01),false,{01311},Commune,2026-03-24 14:41:51.447482+01,gold_establishments_2025,,,,21010311500015,2025,Collectivité Territoriale,Commune,['Ain'],['Auvergne-Rhône-Alpes'],COM,{01},{84}
f2d63fc4-5b0f-4ec3-b033-38d2b4bf854b,210205936,Commune de Prémont (02),false,{02618},Commune,2026-03-24 14:41:52.020251+01,gold_establishments_2025,,,,21020593600011,2025,Collectivité Territoriale,Commune,['Aisne'],['Hauts-de-France'],COM,{02},{32}
88da60af-bc9c-4620-908f-4d723fe35198,210205944,Commune de Prémontré (02),false,{02619},Commune,2026-03-24 14:41:52.020251+01,gold_establishments_2025,,,,21020594400015,2025,Collectivité Territoriale,Commune,['Aisne'],['Hauts-de-France'],COM,{02},{32}
bb8c6ccc-d708-4a7f-a634-34e7c0b2c3dc,213203326,Commune de Préneron (32),false,{32332},Commune,2026-03-24 14:41:58.09424+01,gold_establishments_2025,,,,21320332600029,2025,Collectivité Territoriale,Commune,['Gers'],['Occitanie'],COM,{32},{76}
def82ecb-eb45-4d30-abbd-e83d6af57eba,215404351,Commune de Prény (54),false,{54435},Commune,2026-03-24 14:42:02.957225+01,gold_establishments_2025,,,,21540435100011,2025,Collectivité Territoriale,Commune,['Meurthe-et-Moselle'],['Grand Est'],COM,{54},{44}
57d8d5be-f5a8-4dad-aef8-40e208cc6c2e,215802190,Commune de Préporché (58),false,{58219},Commune,2026-03-24 14:42:04.280096+01,gold_establishments_2025,,,,21580219000011,2025,Collectivité Territoriale,Commune,['Nièvre'],['Bourgogne-Franche-Comté'],COM,{58},{27}
997c1e32-6c73-4be6-a7aa-4583cd06554f,214301566,Commune de Présailles (43),false,{43156},Commune,2026-03-24 14:42:00.273698+01,gold_establishments_2025,,,,21430156600011,2025,Collectivité Territoriale,Commune,['Haute-Loire'],['Auvergne-Rhône-Alpes'],COM,{43},{84}
f97b20d7-69d8-4c44-9cd1-170077201052,215904715,Commune de Préseau (59),false,{59471},Commune,2026-03-24 14:42:04.814328+01,gold_establishments_2025,,,,21590471500012,2025,Collectivité Territoriale,Commune,['Nord'],['Hauts-de-France'],COM,{59},{32}
8bc7f192-90f2-4e01-88a8-efa01633d59b,212504690,Commune de Présentevillers (25),false,{25469},Commune,2026-03-24 14:41:56.495197+01,gold_establishments_2025,,,,21250469000018,2025,Collectivité Territoriale,Commune,['Doubs'],['Bourgogne-Franche-Comté'],COM,{25},{27}
f48acfab-fe75-447b-a365-f99ec7ea3002,213104391,Commune de Préserville (31),false,{31439},Commune,2026-03-24 14:41:58.09424+01,gold_establishments_2025,,,,21310439100015,2025,Collectivité Territoriale,Commune,['Haute-Garonne'],['Occitanie'],COM,{31},{76}
e2228dc7-dee6-4ccf-a9e2-4474b6628a13,213904436,Commune de Présilly (39),false,{39443},Commune,2026-03-24 14:41:59.705606+01,gold_establishments_2025,,,,21390443600010,2025,Collectivité Territoriale,Commune,['Jura'],['Bourgogne-Franche-Comté'],COM,{39},{27}
a4df0458-75a8-4c5d-8605-e17e63034193,217402163,Commune de Présilly (74),false,{74216},Commune,2026-03-24 14:42:08.818969+01,gold_establishments_2025,,,,21740216300018,2025,Collectivité Territoriale,Commune,['Haute-Savoie'],['Auvergne-Rhône-Alpes'],COM,{74},{84}
13a8972d-bec5-48ff-aa74-4ee5fe61e636,217605104,Commune de Prétot-Vicquemare (76),false,{76510},Commune,2026-03-24 14:42:08.818969+01,gold_establishments_2025,,,,21760510400017,2025,Collectivité Territoriale,Commune,['Seine-Maritime'],['Normandie'],COM,{76},{28}
7aa95512-e976-488d-9ed5-6a691aeb194c,217103597,Commune de Préty (71),false,{71359},Commune,2026-03-24 14:42:07.735343+01,gold_establishments_2025,,,,21710359700019,2025,Collectivité Territoriale,Commune,['Saône-et-Loire'],['Bourgogne-Franche-Comté'],COM,{71},{27}
82b59b16-f11e-4c1c-b62a-664fe70de425,217202456,Commune de Préval (72),false,{72245},Commune,2026-03-24 14:42:08.279287+01,gold_establishments_2025,,,,21720245600018,2025,Collectivité Territoriale,Commune,['Sarthe'],['Pays de la Loire'],COM,{72},{52}
80d1304f-313b-44c4-8329-f11131012ae7,217202464,Commune de Prévelles (72),false,{72246},Commune,2026-03-24 14:42:08.279287+01,gold_establishments_2025,,,,21720246400012,2025,Collectivité Territoriale,Commune,['Sarthe'],['Pays de la Loire'],COM,{72},{52}
a56d7762-7151-427a-97a2-95ca52b836fc,214801193,Commune de Prévenchères (48),false,{48119},Commune,2026-03-24 14:42:01.412377+01,gold_establishments_2025,,,,21480119300019,2025,Collectivité Territoriale,Commune,['Lozère'],['Occitanie'],COM,{48},{76}
f18be2c9-8e0f-4b7f-b0df-85bf7567ed93,211801873,Commune de Préveranges (18),false,{18187},Commune,2026-03-24 14:41:54.903238+01,gold_establishments_2025,,,,21180187300012,2025,Collectivité Territoriale,Commune,['Cher'],['Centre-Val de Loire'],COM,{18},{24}
a0ec2266-7827-44ba-947f-fc6c8793056f,210103131,Commune de Prévessin-Moëns (01),false,{01313},Commune,2026-03-24 14:41:51.447482+01,gold_establishments_2025,,,,21010313100012,2025,Collectivité Territoriale,Commune,['Ain'],['Auvergne-Rhône-Alpes'],COM,{01},{84}
818ba789-7a9c-4525-b5c9-614774986331,216005082,Commune de Prévillers (60),false,{60514},Commune,2026-03-24 14:42:04.814328+01,gold_establishments_2025,,,,21600508200013,2025,Collectivité Territoriale,Commune,['Oise'],['Hauts-de-France'],COM,{60},{32}
8d242cb3-f921-43d0-892a-a10a59f9c249,211201900,Commune de Prévinquières (12),false,{12190},Commune,2026-03-24 14:41:53.63825+01,gold_establishments_2025,,,,21120190000019,2025,Collectivité Territoriale,Commune,['Aveyron'],['Occitanie'],COM,{12},{76}
c19ba084-dde9-473d-bcaf-9e95a1cc6c7a,215705559,Commune de Prévocourt (57),false,{57555},Commune,2026-03-24 14:42:04.280096+01,gold_establishments_2025,,,,21570555900015,2025,Collectivité Territoriale,Commune,['Moselle'],['Grand Est'],COM,{57},{44}
9e87fe63-5b46-47d6-85c2-3e4cda999710,211405220,Commune de Prêtreville (14),false,{14522},Commune,2026-03-24 14:41:54.362296+01,gold_establishments_2025,,,,21140522000016,2025,Collectivité Territoriale,Commune,['Calvados'],['Normandie'],COM,{14},{28}
1f55d9c3-63dd-4bdd-93bd-5f0a190fa48c,216703819,Commune de Puberg (67),false,{67381},Commune,2026-03-24 14:42:07.195692+01,gold_establishments_2025,,,,21670381900013,2025,Collectivité Territoriale,Commune,['Bas-Rhin'],['Grand Est'],COM,{67},{44}
6c10cef9-cf65-48ea-afbb-b518945b09a8,217402189,Commune de Publier (74),false,{74218},Commune,2026-03-24 14:42:08.818969+01,gold_establishments_2025,,,,21740218900013,2025,Collectivité Territoriale,Commune,['Haute-Savoie'],['Auvergne-Rhône-Alpes'],COM,{74},{84}
e56f9e04-5e91-4731-b4f7-2fb0e0f0761e,213904451,Commune de Publy (39),false,{39445},Commune,2026-03-24 14:41:59.705606+01,gold_establishments_2025,,,,21390445100019,2025,Collectivité Territoriale,Commune,['Jura'],['Bourgogne-Franche-Comté'],COM,{39},{27}
70409992-a82d-47e3-bf43-521439834edb,214401382,Commune de Puceul (44),false,{44138},Commune,2026-03-24 14:42:00.273698+01,gold_establishments_2025,,,,21440138200012,2025,Collectivité Territoriale,Commune,['Loire-Atlantique'],['Pays de la Loire'],COM,{44},{52}
76a2d586-6aca-402f-94f3-94b554b5c033,214702144,Commune de Puch-d'Agenais (47),false,{47214},Commune,2026-03-24 14:42:00.862623+01,gold_establishments_2025,,,,21470214400012,2025,Collectivité Territoriale,Commune,['Lot-et-Garonne'],['Nouvelle-Aquitaine'],COM,{47},{75}
664d8ed7-317c-48f7-9adf-142bd7fef823,212704803,Commune de Puchay (27),false,{27480},Commune,2026-03-24 14:41:57.028721+01,gold_establishments_2025,,,,21270480300015,2025,Collectivité Territoriale,Commune,['Eure'],['Normandie'],COM,{27},{28}
78492d90-e4b5-4a01-8f8f-d2c1bec3fee3,218006070,Commune de Puchevillers (80),false,{80645},Commune,2026-03-24 14:42:09.967209+01,gold_establishments_2025,,,,21800607000013,2025,Collectivité Territoriale,Commune,['Somme'],['Hauts-de-France'],COM,{80},{32}
614d2497-e949-4b86-b1dd-fba2e949cc62,213002082,Commune de Puechredon (30),false,{30208},Commune,2026-03-24 14:41:57.56054+01,gold_establishments_2025,,,,21300208200013,2025,Collectivité Territoriale,Commune,['Gard'],['Occitanie'],COM,{30},{76}
dd40bc83-c7b9-4af7-9793-49ddd2dfbb07,212504724,Commune de Puessans (25),false,{25472},Commune,2026-03-24 14:41:56.495197+01,gold_establishments_2025,,,,21250472400015,2025,Collectivité Territoriale,Commune,['Doubs'],['Bourgogne-Franche-Comté'],COM,{25},{27}
9c16a03f-71c7-46d6-a4cc-20da2b1da47d,218400935,Commune de Puget (84),false,{84093},Commune,2026-03-24 14:42:10.508772+01,gold_establishments_2025,,,,21840093500019,2025,Collectivité Territoriale,Commune,['Vaucluse'],"[""Provence-Alpes-Côte d'Azur""]",COM,{84},{93}
e7976dcc-ab27-4650-b96e-7936e5ac63f1,210600987,Commune de Puget-Rostang (06),false,{06098},Commune,2026-03-24 14:41:52.562531+01,gold_establishments_2025,,,,21060098700015,2025,Collectivité Territoriale,Commune,['Alpes-Maritimes'],"[""Provence-Alpes-Côte d'Azur""]",COM,{06},{93}
329fc76f-8719-4785-8e19-3d9b8a474beb,210600995,Commune de Puget-Théniers (06),false,{06099},Commune,2026-03-24 14:41:52.562531+01,gold_establishments_2025,,,,21060099500018,2025,Collectivité Territoriale,Commune,['Alpes-Maritimes'],"[""Provence-Alpes-Côte d'Azur""]",COM,{06},{93}
681b5027-6b8c-49c0-a323-bd79dc929e71,218301000,Commune de Puget-Ville (83),false,{83100},Commune,2026-03-24 14:42:10.508772+01,gold_establishments_2025,,,,21830100000012,2025,Collectivité Territoriale,Commune,['Var'],"[""Provence-Alpes-Côte d'Azur""]",COM,{83},{93}
8ac240fb-1b2a-4e83-8584-e4bada6182fe,218300994,Commune de Puget-sur-Argens (83),false,{83099},Commune,2026-03-24 14:42:10.508772+01,gold_establishments_2025,,,,21830099400017,2025,Collectivité Territoriale,Commune,['Var'],"[""Provence-Alpes-Côte d'Azur""]",COM,{83},{93}
2b4423a2-5f43-4e2c-915a-9c8647737d1d,212504732,Commune de Pugey (25),false,{25473},Commune,2026-03-24 14:41:56.495197+01,gold_establishments_2025,,,,21250473200018,2025,Collectivité Territoriale,Commune,['Doubs'],['Bourgogne-Franche-Comté'],COM,{25},{27}
815b528d-1e4d-4aaa-9afd-f895ec020f1f,211103007,Commune de Puginier (11),false,{11300},Commune,2026-03-24 14:41:53.63825+01,gold_establishments_2025,,,,21110300700012,2025,Collectivité Territoriale,Commune,['Aude'],['Occitanie'],COM,{11},{76}
f786ad85-90b1-45c5-aed9-4125905e95d2,213303415,Commune de Pugnac (33),false,{33341},Commune,2026-03-24 14:41:58.620411+01,gold_establishments_2025,,,,21330341500011,2025,Collectivité Territoriale,Commune,['Gironde'],['Nouvelle-Aquitaine'],COM,{33},{75}
624c4af5-8a4e-413c-b915-171bb3d6c784,217302082,Commune de Pugny-Chatenod (73),false,{73208},Commune,2026-03-24 14:42:08.279287+01,gold_establishments_2025,,,,21730208200011,2025,Collectivité Territoriale,Commune,['Savoie'],['Auvergne-Rhône-Alpes'],COM,{73},{84}
9e776396-26c6-4e49-a587-9e462a8d0791,211103015,Commune de Puichéric (11),false,{11301},Commune,2026-03-24 14:41:53.63825+01,gold_establishments_2025,,,,21110301500015,2025,Collectivité Territoriale,Commune,['Aude'],['Occitanie'],COM,{11},{76}
7e2a3fb0-e378-4c00-be20-43bf31ddadf4,217902238,Commune de Puihardy (79),false,{79223},Commune,2026-03-24 14:42:09.43682+01,gold_establishments_2025,,,,21790223800013,2025,Collectivité Territoriale,Commune,['Deux-Sèvres'],['Nouvelle-Aquitaine'],COM,{79},{75}
cb9fd07e-224b-4304-a7cb-08ae3448cfda,213402225,Commune de Puilacher (34),false,{34222},Commune,2026-03-24 14:41:58.620411+01,gold_establishments_2025,,,,21340222500014,2025,Collectivité Territoriale,Commune,['Hérault'],['Occitanie'],COM,{34},{76}
030e3c91-48a3-42d4-9c0c-9be7f9a9587c,211103023,Commune de Puilaurens (11),false,{11302},Commune,2026-03-24 14:41:53.63825+01,gold_establishments_2025,,,,21110302300019,2025,Collectivité Territoriale,Commune,['Aude'],['Occitanie'],COM,{11},{76}
5306113f-8d09-4edd-91ec-a71aef87ed03,211702915,Commune de Puilboreau (17),false,{17291},Commune,2026-03-24 14:41:54.903238+01,gold_establishments_2025,,,,21170291500011,2025,Collectivité Territoriale,Commune,['Charente-Maritime'],['Nouvelle-Aquitaine'],COM,{17},{75}
2e735d64-5bd2-4db3-a20f-24fce9259d0a,210803128,Commune de Puilly-et-Charbeaux (08),false,{08347},Commune,2026-03-24 14:41:53.095366+01,gold_establishments_2025,,,,21080312800011,2025,Collectivité Territoriale,Commune,['Ardennes'],['Grand Est'],COM,{08},{44}
736d5b87-b751-4986-a86c-87d5f0897c9d,210401568,Commune de Puimichel (04),false,{04156},Commune,2026-03-24 14:41:52.562531+01,gold_establishments_2025,,,,21040156800014,2025,Collectivité Territoriale,Commune,['Alpes-de-Haute-Provence'],"[""Provence-Alpes-Côte d'Azur""]",COM,{04},{93}
43fd3dd4-2003-417a-aa60-efe99f263efa,213402233,Commune de Puimisson (34),false,{34223},Commune,2026-03-24 14:41:58.620411+01,gold_establishments_2025,,,,21340223300018,2025,Collectivité Territoriale,Commune,['Hérault'],['Occitanie'],COM,{34},{76}
770bc101-55f3-4886-9ddc-d8a7e750f4b0,210401576,Commune de Puimoisson (04),false,{04157},Commune,2026-03-24 14:41:52.562531+01,gold_establishments_2025,,,,21040157600017,2025,Collectivité Territoriale,Commune,['Alpes-de-Haute-Provence'],"[""Provence-Alpes-Côte d'Azur""]",COM,{04},{93}
c22107b7-a50c-4dd7-b07f-7fb7e7b1362e,214502585,Commune de Puiseaux (45),false,{45258},Commune,2026-03-24 14:42:00.862623+01,gold_establishments_2025,,,,21450258500018,2025,Collectivité Territoriale,Commune,['Loiret'],['Centre-Val de Loire'],COM,{45},{24}
28834959-7203-4741-8788-39d35d34aae9,219105087,Commune de Puiselet-le-Marais (91),false,{91508},Commune,2026-03-24 14:42:11.659493+01,gold_establishments_2025,,,,21910508700015,2025,Collectivité Territoriale,Commune,['Essonne'],['Île-de-France'],COM,{91},{11}
0b3673b9-202e-404a-9c25-ca606b409e60,217605120,Commune de Puisenval (76),false,{76512},Commune,2026-03-24 14:42:08.818969+01,gold_establishments_2025,,,,21760512000013,2025,Collectivité Territoriale,Commune,['Seine-Maritime'],['Normandie'],COM,{76},{28}
556ad086-cd3d-42ea-ab13-3474c5fe207a,210803136,Commune de Puiseux (08),false,{08348},Commune,2026-03-24 14:41:53.095366+01,gold_establishments_2025,,,,21080313600014,2025,Collectivité Territoriale,Commune,['Ardennes'],['Grand Est'],COM,{08},{44}
7d6161a9-8d18-404d-a6f1-aea0db63873e,212803126,Commune de Puiseux (28),false,{28312},Commune,2026-03-24 14:41:57.028721+01,gold_establishments_2025,,,,21280312600011,2025,Collectivité Territoriale,Commune,['Eure-et-Loir'],['Centre-Val de Loire'],COM,{28},{24}
c1c86ddf-e488-4836-9422-caff6ab3a6d1,219505104,Commune de Puiseux-Pontoise (95),false,{95510},Commune,2026-03-24 14:42:11.659493+01,gold_establishments_2025,,,,21950510400121,2025,Collectivité Territoriale,Commune,"[""Val-d'Oise""]",['Île-de-France'],COM,{95},{11}
e2c0db78-c5f8-4767-b06e-320ccad31510,216005108,Commune de Puiseux-en-Bray (60),false,{60516},Commune,2026-03-24 14:42:04.814328+01,gold_establishments_2025,,,,21600510800016,2025,Collectivité Territoriale,Commune,['Oise'],['Hauts-de-France'],COM,{60},{32}
923f1c88-5854-474f-bb43-c716a73b3aed,219505096,Commune de Puiseux-en-France (95),false,{95509},Commune,2026-03-24 14:42:11.659493+01,gold_establishments_2025,,,,21950509600012,2025,Collectivité Territoriale,Commune,"[""Val-d'Oise""]",['Île-de-France'],COM,{95},{11}
64d316ae-cab6-40fb-b5ea-47ac898ce2c8,210206033,Commune de Puiseux-en-Retz (02),false,{02628},Commune,2026-03-24 14:41:52.020251+01,gold_establishments_2025,,,,21020603300016,2025,Collectivité Territoriale,Commune,['Aisne'],['Hauts-de-France'],COM,{02},{32}
1d588ef2-ddaf-4b8d-b6cf-fbbf69054f68,216005116,Commune de Puiseux-le-Hauberger (60),false,{60517},Commune,2026-03-24 14:42:04.814328+01,gold_establishments_2025,,,,21600511600019,2025,Collectivité Territoriale,Commune,['Oise'],['Hauts-de-France'],COM,{60},{32}
cb687d09-75be-4441-9d65-8217fd8481c1,215104175,Commune de Puisieulx (51),false,{51450},Commune,2026-03-24 14:42:01.954481+01,gold_establishments_2025,,,,21510417500017,2025,Collectivité Territoriale,Commune,['Marne'],['Grand Est'],COM,{51},{44}
1cb1d1fc-df4f-4869-bf0a-9e3b0ece3a88,216206722,Commune de Puisieux (62),false,{62672},Commune,2026-03-24 14:42:05.597325+01,gold_establishments_2025,,,,21620672200011,2025,Collectivité Territoriale,Commune,['Pas-de-Calais'],['Hauts-de-France'],COM,{62},{32}
523706e4-2b40-4031-b943-02090f253eb5,217703800,Commune de Puisieux (77),false,{77380},Commune,2026-03-24 14:42:09.43682+01,gold_establishments_2025,,,,21770380000011,2025,Collectivité Territoriale,Commune,['Seine-et-Marne'],['Île-de-France'],COM,{77},{11}
49413d3b-de7c-43c9-811d-67b1f8edcc7c,210206041,Commune de Puisieux-et-Clanlieu (02),false,{02629},Commune,2026-03-24 14:41:52.020251+01,gold_establishments_2025,,,,21020604100019,2025,Collectivité Territoriale,Commune,['Aisne'],['Hauts-de-France'],COM,{02},{32}
7560dda2-0a7b-4b9c-8bd1-8576f763b1f3,213402241,Commune de Puissalicon (34),false,{34224},Commune,2026-03-24 14:41:58.620411+01,gold_establishments_2025,,,,21340224100011,2025,Collectivité Territoriale,Commune,['Hérault'],['Occitanie'],COM,{34},{76}
0af08de4-c6c4-4963-a79e-91c86439075b,213303423,Commune de Puisseguin (33),false,{33342},Commune,2026-03-24 14:41:58.620411+01,gold_establishments_2025,,,,21330342300015,2025,Collectivité Territoriale,Commune,['Gironde'],['Nouvelle-Aquitaine'],COM,{33},{75}
66a8a7ab-6b99-45c3-ac47-97115fc5b88c,213402258,Commune de Puisserguier (34),false,{34225},Commune,2026-03-24 14:41:58.620411+01,gold_establishments_2025,,,,21340225800015,2025,Collectivité Territoriale,Commune,['Hérault'],['Occitanie'],COM,{34},{76}
f8f6af40-8369-438d-85e9-74ff0262cbc7,212105118,Commune de Puits (21),false,{21511},Commune,2026-03-24 14:41:55.433389+01,gold_establishments_2025,,,,21210511800013,2025,Collectivité Territoriale,Commune,"[""Côte-d'Or""]",['Bourgogne-Franche-Comté'],COM,{21},{27}
7425e9d9-ab36-4d73-bfe0-ea1fda186244,211003017,Commune de Puits-et-Nuisement (10),false,{10310},Commune,2026-03-24 14:41:53.095366+01,gold_establishments_2025,,,,21100301700012,2025,Collectivité Territoriale,Commune,['Aube'],['Grand Est'],COM,{10},{44}
121b8634-d9e7-4ed2-bc53-de61fcae8a90,216005124,Commune de Puits-la-Vallée (60),false,{60518},Commune,2026-03-24 14:42:04.814328+01,gold_establishments_2025,,,,21600512400013,2025,Collectivité Territoriale,Commune,['Oise'],['Hauts-de-France'],COM,{60},{32}
f1aed33c-732b-4303-9871-d3236c01e0a9,211103031,Commune de Puivert (11),false,{11303},Commune,2026-03-24 14:41:53.63825+01,gold_establishments_2025,,,,21110303100012,2025,Collectivité Territoriale,Commune,['Aude'],['Occitanie'],COM,{11},{76}
19a2ef63-2461-4bae-aa02-918f6a451f8f,213203342,Commune de Pujaudran (32),false,{32334},Commune,2026-03-24 14:41:58.09424+01,gold_establishments_2025,,,,21320334200067,2025,Collectivité Territoriale,Commune,['Gers'],['Occitanie'],COM,{32},{76}
2bc56866-458a-4420-8910-2251f20b9913,213002090,Commune de Pujaut (30),false,{30209},Commune,2026-03-24 14:41:57.56054+01,gold_establishments_2025,,,,21300209000016,2025,Collectivité Territoriale,Commune,['Gard'],['Occitanie'],COM,{30},{76}
040b6ff4-85d7-4930-be18-3451869e2e60,216503722,Commune de Pujo (65),false,{65372},Commune,2026-03-24 14:42:06.665412+01,gold_establishments_2025,,,,21650372200011,2025,Collectivité Territoriale,Commune,['Hautes-Pyrénées'],['Occitanie'],COM,{65},{76}
f562d3d1-bd6d-4ecd-9e4f-052531b7e564,214002388,Commune de Pujo-le-Plan (40),false,{40238},Commune,2026-03-24 14:41:59.705606+01,gold_establishments_2025,,,,21400238800012,2025,Collectivité Territoriale,Commune,['Landes'],['Nouvelle-Aquitaine'],COM,{40},{75}
712a3241-1fb0-4217-88da-06cdfd62c178,213303449,Commune de Pujols (33),false,{33344},Commune,2026-03-24 14:41:58.620411+01,gold_establishments_2025,,,,21330344900010,2025,Collectivité Territoriale,Commune,['Gironde'],['Nouvelle-Aquitaine'],COM,{33},{75}
1234ccb0-1d85-489d-afa6-c8dbe844792e,214702151,Commune de Pujols (47),false,{47215},Commune,2026-03-24 14:42:00.862623+01,gold_establishments_2025,,,,21470215100017,2025,Collectivité Territoriale,Commune,['Lot-et-Garonne'],['Nouvelle-Aquitaine'],COM,{47},{75}
968a162e-fbc8-478f-9af3-bf8a1a353e76,213303431,Commune de Pujols-sur-Ciron (33),false,{33343},Commune,2026-03-24 14:41:58.620411+01,gold_establishments_2025,,,,21330343100018,2025,Collectivité Territoriale,Commune,['Gironde'],['Nouvelle-Aquitaine'],COM,{33},{75}
dd73ed2b-256f-4349-9d2e-fdcd33b2d698,212105126,Commune de Puligny-Montrachet (21),false,{21512},Commune,2026-03-24 14:41:55.433389+01,gold_establishments_2025,,,,21210512600016,2025,Collectivité Territoriale,Commune,"[""Côte-d'Or""]",['Bourgogne-Franche-Comté'],COM,{21},{27}
1ae6ddb7-3ee8-48f6-aaaa-28b8d01a1bd2,212704811,Commune de Pullay (27),false,{27481},Commune,2026-03-24 14:41:57.028721+01,gold_establishments_2025,,,,21270481100018,2025,Collectivité Territoriale,Commune,['Eure'],['Normandie'],COM,{27},{28}
32523311-5645-46bf-8837-573d8c760b27,215404377,Commune de Pulligny (54),false,{54437},Commune,2026-03-24 14:42:02.957225+01,gold_establishments_2025,,,,21540437700016,2025,Collectivité Territoriale,Commune,['Meurthe-et-Moselle'],['Grand Est'],COM,{54},{44}
0a39089c-6eb3-4f06-aa28-23de27bdb308,215404385,Commune de Pulney (54),false,{54438},Commune,2026-03-24 14:42:02.957225+01,gold_establishments_2025,,,,21540438500019,2025,Collectivité Territoriale,Commune,['Meurthe-et-Moselle'],['Grand Est'],COM,{54},{44}
27aab29b-c9c7-4156-94a3-6ea4e54dd350,215404393,Commune de Pulnoy (54),false,{54439},Commune,2026-03-24 14:42:02.957225+01,gold_establishments_2025,,,,21540439300062,2025,Collectivité Territoriale,Commune,['Meurthe-et-Moselle'],['Grand Est'],COM,{54},{44}
6b578bfc-3ad1-4690-8cde-5f24368e4c59,216802587,Commune de Pulversheim (68),false,{68258},Commune,2026-03-24 14:42:07.195692+01,gold_establishments_2025,,,,21680258700016,2025,Collectivité Territoriale,Commune,['Haut-Rhin'],['Grand Est'],COM,{68},{44}
7e71ab9a-2d2b-47ab-b845-07564a25b4f8,216302901,Commune de Pulvérières (63),false,{63290},Commune,2026-03-24 14:42:06.130387+01,gold_establishments_2025,,,,21630290100014,2025,Collectivité Territoriale,Commune,['Puy-de-Dôme'],['Auvergne-Rhône-Alpes'],COM,{63},{84}
34f716ef-6af3-4356-8089-ec448b401503,218006088,Commune de Punchy (80),false,{80646},Commune,2026-03-24 14:42:09.967209+01,gold_establishments_2025,,,,21800608800015,2025,Collectivité Territoriale,Commune,['Somme'],['Hauts-de-France'],COM,{80},{32}
c0320ce0-d43a-4ddb-a6c1-f55563bf1d1a,218803633,Commune de Punerot (88),false,{88363},Commune,2026-03-24 14:42:11.118516+01,gold_establishments_2025,,,,21880363300013,2025,Collectivité Territoriale,Commune,['Vosges'],['Grand Est'],COM,{88},{44}
c08e3062-160d-4ef0-96d8-5ba92b58aa05,216503730,Commune de Puntous (65),false,{65373},Commune,2026-03-24 14:42:06.665412+01,gold_establishments_2025,,,,21650373000014,2025,Collectivité Territoriale,Commune,['Hautes-Pyrénées'],['Occitanie'],COM,{65},{76}
f9e325f7-8f83-46b8-a367-f57e0514d4e8,213904469,Commune de Pupillin (39),false,{39446},Commune,2026-03-24 14:41:59.705606+01,gold_establishments_2025,,,,21390446900011,2025,Collectivité Territoriale,Commune,['Jura'],['Bourgogne-Franche-Comté'],COM,{39},{27}
5e89de88-e64b-4076-b725-7d6dbecf5206,210803144,Commune de Pure (08),false,{08349},Commune,2026-03-24 14:41:53.095366+01,gold_establishments_2025,,,,21080314400018,2025,Collectivité Territoriale,Commune,['Ardennes'],['Grand Est'],COM,{08},{44}
ed9973e4-fa7d-4ce2-be6b-07a3193e7936,217004274,Commune de Purgerot (70),false,{70427},Commune,2026-03-24 14:42:07.735343+01,gold_establishments_2025,,,,21700427400015,2025,Collectivité Territoriale,Commune,['Haute-Saône'],['Bourgogne-Franche-Comté'],COM,{70},{27}
85335e28-5d46-454b-8c66-8d2877b33b8a,217004282,Commune de Pusey (70),false,{70428},Commune,2026-03-24 14:42:07.735343+01,gold_establishments_2025,,,,21700428200018,2025,Collectivité Territoriale,Commune,['Haute-Saône'],['Bourgogne-Franche-Comté'],COM,{70},{27}
d99433d9-1b7a-43e1-b73d-d9eaa8314f4b,216902858,Commune de Pusignan (69),false,{69285},Commune,2026-03-24 14:42:07.735343+01,gold_establishments_2025,,,,21690285800010,2025,Collectivité Territoriale,Commune,['Rhône'],['Auvergne-Rhône-Alpes'],COM,{69},{84}
b1530667-2336-4385-b289-5a8c0b06556f,219105111,Commune de Pussay (91),false,{91511},Commune,2026-03-24 14:42:11.659493+01,gold_establishments_2025,,,,21910511100013,2025,Collectivité Territoriale,Commune,['Essonne'],['Île-de-France'],COM,{91},{11}
56b27987-6ed7-472f-a21c-6da3fdd820e7,213701907,Commune de Pussigny (37),false,{37190},Commune,2026-03-24 14:41:59.160244+01,gold_establishments_2025,,,,21370190700015,2025,Collectivité Territoriale,Commune,['Indre-et-Loire'],['Centre-Val de Loire'],COM,{37},{24}
a7470752-bf1a-40ea-9a80-e28b56c83815,217004290,Commune de Pusy-et-Épenoux (70),false,{70429},Commune,2026-03-24 14:42:07.735343+01,gold_establishments_2025,,,,21700429000011,2025,Collectivité Territoriale,Commune,['Haute-Saône'],['Bourgogne-Franche-Comté'],COM,{70},{27}
a72bf5d1-5c36-43b1-8dfd-1d0d474c8761,200056752,Commune de Putanges-le-Lac (61),false,{61339},Commune,2026-03-24 14:42:05.597325+01,gold_establishments_2025,,,,20005675200013,2025,Collectivité Territoriale,Commune,['Orne'],['Normandie'],COM,{61},{28}
43386205-8108-4a00-8237-b3fd9bbfb09a,219200623,Commune de Puteaux (92),false,{92062},Commune,2026-03-24 14:42:11.659493+01,gold_establishments_2025,,,,21920062300011,2025,Collectivité Territoriale,Commune,['Hauts-de-Seine'],['Île-de-France'],COM,{92},{11}
11928cb5-342b-40a1-b666-dd17d50acf78,211405246,Commune de Putot-en-Auge (14),false,{14524},Commune,2026-03-24 14:41:54.362296+01,gold_establishments_2025,,,,21140524600011,2025,Collectivité Territoriale,Commune,['Calvados'],['Normandie'],COM,{14},{28}
7b1011c9-c93b-407e-b917-ffeb4f8c5702,215705567,Commune de Puttelange-aux-Lacs (57),false,{57556},Commune,2026-03-24 14:42:04.280096+01,gold_establishments_2025,,,,21570556700018,2025,Collectivité Territoriale,Commune,['Moselle'],['Grand Est'],COM,{57},{44}
d4edfb10-c158-4a9b-864a-1316c28114d9,215705575,Commune de Puttelange-lès-Thionville (57),false,{57557},Commune,2026-03-24 14:42:04.280096+01,gold_establishments_2025,,,,21570557500060,2025,Collectivité Territoriale,Commune,['Moselle'],['Grand Est'],COM,{57},{44}
db6eaa26-b121-4d13-8fcf-b04c32e7b1f4,215705583,Commune de Puttigny (57),false,{57558},Commune,2026-03-24 14:42:04.280096+01,gold_establishments_2025,,,,21570558300015,2025,Collectivité Territoriale,Commune,['Moselle'],['Grand Est'],COM,{57},{44}
d40d122d-589f-4a18-b799-7971ead835ee,215404401,Commune de Puxe (54),false,{54440},Commune,2026-03-24 14:42:02.957225+01,gold_establishments_2025,,,,21540440100014,2025,Collectivité Territoriale,Commune,['Meurthe-et-Moselle'],['Grand Est'],COM,{54},{44}
c9aeb1e5-3d75-4ca3-97ec-4d0a35740f82,215404419,Commune de Puxieux (54),false,{54441},Commune,2026-03-24 14:42:02.957225+01,gold_establishments_2025,,,,21540441900016,2025,Collectivité Territoriale,Commune,['Meurthe-et-Moselle'],['Grand Est'],COM,{54},{44}
693b2d60-ae5f-4e6e-885d-fa75737c737a,216302919,Commune de Puy-Guillaume (63),false,{63291},Commune,2026-03-24 14:42:06.130387+01,gold_establishments_2025,,,,21630291900016,2025,Collectivité Territoriale,Commune,['Puy-de-Dôme'],['Auvergne-Rhône-Alpes'],COM,{63},{84}
11767bdc-00fe-4cac-bc81-02a8560cedee,212315907,Commune de Puy-Malsignat (23),false,{23159},Commune,2026-03-24 14:41:55.958138+01,gold_establishments_2025,,,,21231590700015,2025,Collectivité Territoriale,Commune,['Creuse'],['Nouvelle-Aquitaine'],COM,{23},{75}
d4b0314b-0161-43db-81c7-18296fadaf44,210501078,Commune de Puy-Saint-André (05),false,{05107},Commune,2026-03-24 14:41:52.562531+01,gold_establishments_2025,,,,21050107800013,2025,Collectivité Territoriale,Commune,['Hautes-Alpes'],"[""Provence-Alpes-Côte d'Azur""]",COM,{05},{93}
facc3f63-bd5a-4aab-9870-44d7aef38721,210501086,Commune de Puy-Saint-Eusèbe (05),false,{05108},Commune,2026-03-24 14:41:52.562531+01,gold_establishments_2025,,,,21050108600016,2025,Collectivité Territoriale,Commune,['Hautes-Alpes'],"[""Provence-Alpes-Côte d'Azur""]",COM,{05},{93}
2789aaf0-5210-4b11-939e-7041b8180676,216302927,Commune de Puy-Saint-Gulmier (63),false,{63292},Commune,2026-03-24 14:42:06.130387+01,gold_establishments_2025,,,,21630292700019,2025,Collectivité Territoriale,Commune,['Puy-de-Dôme'],['Auvergne-Rhône-Alpes'],COM,{63},{84}
966c8f0b-ce7f-4e83-bd1c-5978d5214301,212602585,Commune de Puy-Saint-Martin (26),false,{26258},Commune,2026-03-24 14:41:56.495197+01,gold_establishments_2025,,,,21260258500011,2025,Collectivité Territoriale,Commune,['Drôme'],['Auvergne-Rhône-Alpes'],COM,{26},{84}
263cd1b2-bf46-4da4-83d8-7b9fc24f3cec,210501094,Commune de Puy-Saint-Pierre (05),false,{05109},Commune,2026-03-24 14:41:52.562531+01,gold_establishments_2025,,,,21050109400010,2025,Collectivité Territoriale,Commune,['Hautes-Alpes'],"[""Provence-Alpes-Côte d'Azur""]",COM,{05},{93}
ed9dd586-6541-4ca7-a962-cf9f596a4a27,210501102,Commune de Puy-Saint-Vincent (05),false,{05110},Commune,2026-03-24 14:41:52.562531+01,gold_establishments_2025,,,,21050110200011,2025,Collectivité Territoriale,Commune,['Hautes-Alpes'],"[""Provence-Alpes-Côte d'Azur""]",COM,{05},{93}
e62bc900-7a2d-452e-b3a4-555baa3fd4db,210501110,Commune de Puy-Sanières (05),false,{05111},Commune,2026-03-24 14:41:52.562531+01,gold_establishments_2025,,,,21050111000014,2025,Collectivité Territoriale,Commune,['Hautes-Alpes'],"[""Provence-Alpes-Côte d'Azur""]",COM,{05},{93}
b40fa065-30b6-4c61-b784-c916688c706e,211916903,Commune de Puy-d'Arnac (19),false,{19169},Commune,2026-03-24 14:41:54.903238+01,gold_establishments_2025,,,,21191690300019,2025,Collectivité Territoriale,Commune,['Corrèze'],['Nouvelle-Aquitaine'],COM,{19},{75}
c8fc5726-f22d-4865-b647-75f15870ad99,218501849,Commune de Puy-de-Serre (85),false,{85184},Commune,2026-03-24 14:42:10.508772+01,gold_establishments_2025,,,,21850184900101,2025,Collectivité Territoriale,Commune,['Vendée'],['Pays de la Loire'],COM,{85},{52}
c058fe5d-00ca-460e-b94b-96adc35eff52,211702923,Commune de Puy-du-Lac (17),false,{17292},Commune,2026-03-24 14:41:54.903238+01,gold_establishments_2025,,,,21170292300015,2025,Collectivité Territoriale,Commune,['Charente-Maritime'],['Nouvelle-Aquitaine'],COM,{17},{75}
ead0e469-18a1-411c-8a19-a187de73c945,214602310,Commune de Puy-l'Évêque (46),false,{46231},Commune,2026-03-24 14:42:00.862623+01,gold_establishments_2025,,,,21460231000010,2025,Collectivité Territoriale,Commune,['Lot'],['Occitanie'],COM,{46},{76}
4cf63ca9-a327-4bb1-a728-4135b0535473,213303464,Commune de Puybarban (33),false,{33346},Commune,2026-03-24 14:41:58.620411+01,gold_establishments_2025,,,,21330346400019,2025,Collectivité Territoriale,Commune,['Gironde'],['Nouvelle-Aquitaine'],COM,{33},{75}
d10b1032-9fbc-43ae-9413-0039d7d30d01,218102150,Commune de Puybegon (81),false,{81215},Commune,2026-03-24 14:42:09.967209+01,gold_establishments_2025,,,,21810215000016,2025,Collectivité Territoriale,Commune,['Tarn'],['Occitanie'],COM,{81},{76}
5076e45e-4c3e-4bee-803e-970ad66b6d78,214602294,Commune de Puybrun (46),false,{46229},Commune,2026-03-24 14:42:00.862623+01,gold_establishments_2025,,,,21460229400016,2025,Collectivité Territoriale,Commune,['Lot'],['Occitanie'],COM,{46},{76}
a96881ac-1ff2-4282-99e4-64ca56f9c006,218102168,Commune de Puycalvel (81),false,{81216},Commune,2026-03-24 14:42:09.967209+01,gold_establishments_2025,,,,21810216800018,2025,Collectivité Territoriale,Commune,['Tarn'],['Occitanie'],COM,{81},{76}
960d1aef-5d5d-495e-bc31-2b587fbd13c0,200086494,Commune de Puycapel (15),false,{15027},Commune,2026-03-24 14:41:54.362296+01,gold_establishments_2025,,,,20008649400016,2025,Collectivité Territoriale,Commune,['Cantal'],['Auvergne-Rhône-Alpes'],COM,{15},{84}
1024fec3-8989-4ba6-a8f8-fdb4b290ea71,213203359,Commune de Puycasquier (32),false,{32335},Commune,2026-03-24 14:41:58.09424+01,gold_establishments_2025,,,,21320335900012,2025,Collectivité Territoriale,Commune,['Gers'],['Occitanie'],COM,{32},{76}
70dc5ee9-3c7f-498b-aa72-6ed1e24cb235,218102176,Commune de Puycelsi (81),false,{81217},Commune,2026-03-24 14:42:09.967209+01,gold_establishments_2025,,,,21810217600011,2025,Collectivité Territoriale,Commune,['Tarn'],['Occitanie'],COM,{81},{76}
6cfaeed0-89d8-4960-badd-05ad0adeb836,218201440,Commune de Puycornet (82),false,{82144},Commune,2026-03-24 14:42:10.508772+01,gold_establishments_2025,,,,21820144000011,2025,Collectivité Territoriale,Commune,['Tarn-et-Garonne'],['Occitanie'],COM,{82},{76}
267b3c0d-ebbc-45a3-9e9c-cf233decdbb7,213104425,Commune de Puydaniel (31),false,{31442},Commune,2026-03-24 14:41:58.09424+01,gold_establishments_2025,,,,21310442500011,2025,Collectivité Territoriale,Commune,['Haute-Garonne'],['Occitanie'],COM,{31},{76}
0fd21299-94d8-4bc0-b8bc-e9f631f836a0,216503748,Commune de Puydarrieux (65),false,{65374},Commune,2026-03-24 14:42:06.665412+01,gold_establishments_2025,,,,21650374800016,2025,Collectivité Territoriale,Commune,['Hautes-Pyrénées'],['Occitanie'],COM,{65},{76}
f00be04d-0e68-4228-9c42-0171e1dda7e7,218201465,Commune de Puygaillard-de-Lomagne (82),false,{82146},Commune,2026-03-24 14:42:10.508772+01,gold_establishments_2025,,,,21820146500018,2025,Collectivité Territoriale,Commune,['Tarn-et-Garonne'],['Occitanie'],COM,{82},{76}
15daec97-68c0-4d11-8b0b-800c9893493f,218201457,Commune de Puygaillard-de-Quercy (82),false,{82145},Commune,2026-03-24 14:42:10.508772+01,gold_establishments_2025,,,,21820145700015,2025,Collectivité Territoriale,Commune,['Tarn-et-Garonne'],['Occitanie'],COM,{82},{76}
ea302b33-5a53-4e5b-b069-a5f5e361f949,212602577,Commune de Puygiron (26),false,{26257},Commune,2026-03-24 14:41:56.495197+01,gold_establishments_2025,,,,21260257700018,2025,Collectivité Territoriale,Commune,['Drôme'],['Auvergne-Rhône-Alpes'],COM,{26},{84}
c7e8228d-e579-46fa-8600-63bee173a65e,200063360,Commune de Puygouzon (81),false,{81218},Commune,2026-03-24 14:42:09.967209+01,gold_establishments_2025,,,,20006336000016,2025,Collectivité Territoriale,Commune,['Tarn'],['Occitanie'],COM,{81},{76}
b6f4d792-a74d-4977-b0b5-c0489d1c1efe,217302108,Commune de Puygros (73),false,{73210},Commune,2026-03-24 14:42:08.279287+01,gold_establishments_2025,,,,21730210800014,2025,Collectivité Territoriale,Commune,['Savoie'],['Auvergne-Rhône-Alpes'],COM,{73},{84}
700306cc-5563-424f-ad0d-a9b1a6eb089d,214602302,Commune de Puyjourdes (46),false,{46230},Commune,2026-03-24 14:42:00.862623+01,gold_establishments_2025,,,,21460230200017,2025,Collectivité Territoriale,Commune,['Lot'],['Occitanie'],COM,{46},{76}
efd4fb05-3b99-414b-be63-9de7e33ef052,218201473,Commune de Puylagarde (82),false,{82147},Commune,2026-03-24 14:42:10.508772+01,gold_establishments_2025,,,,21820147300012,2025,Collectivité Territoriale,Commune,['Tarn-et-Garonne'],['Occitanie'],COM,{82},{76}
c10449b0-916e-46be-a296-c0c79e24cf22,218201481,Commune de Puylaroque (82),false,{82148},Commune,2026-03-24 14:42:10.508772+01,gold_establishments_2025,,,,21820148100015,2025,Collectivité Territoriale,Commune,['Tarn-et-Garonne'],['Occitanie'],COM,{82},{76}
7cacb193-239f-4db3-b60e-2b1b89fda499,218102192,Commune de Puylaurens (81),false,{81219},Commune,2026-03-24 14:42:09.967209+01,gold_establishments_2025,,,,21810219200018,2025,Collectivité Territoriale,Commune,['Tarn'],['Occitanie'],COM,{81},{76}
4734f20b-0b0e-42cd-ae90-1ffd7c39be17,213203367,Commune de Puylausic (32),false,{32336},Commune,2026-03-24 14:41:58.09424+01,gold_establishments_2025,,,,21320336700015,2025,Collectivité Territoriale,Commune,['Gers'],['Occitanie'],COM,{32},{76}
d0a83e7e-1068-4c26-9364-4fe1abd525d0,211300793,Commune de Puyloubier (13),false,{13079},Commune,2026-03-24 14:41:53.63825+01,gold_establishments_2025,,,,21130079300018,2025,Collectivité Territoriale,Commune,['Bouches-du-Rhône'],"[""Provence-Alpes-Côte d'Azur""]",COM,{13},{93}
f112f449-e82f-45bf-9dcd-5680ad4c054c,213104433,Commune de Puymaurin (31),false,{31443},Commune,2026-03-24 14:41:58.09424+01,gold_establishments_2025,,,,21310443300015,2025,Collectivité Territoriale,Commune,['Haute-Garonne'],['Occitanie'],COM,{31},{76}
f515bb1c-2841-49cb-818e-e42f1639bded,214702169,Commune de Puymiclan (47),false,{47216},Commune,2026-03-24 14:42:00.862623+01,gold_establishments_2025,,,,21470216900019,2025,Collectivité Territoriale,Commune,['Lot-et-Garonne'],['Nouvelle-Aquitaine'],COM,{47},{75}
c520e2fb-4e15-4b04-ba3e-2616c4389c99,214702177,Commune de Puymirol (47),false,{47217},Commune,2026-03-24 14:42:00.862623+01,gold_establishments_2025,,,,21470217700061,2025,Collectivité Territoriale,Commune,['Lot-et-Garonne'],['Nouvelle-Aquitaine'],COM,{47},{75}
ff3409ba-f2dd-4296-96b9-3f5a57d47e88,211602719,Commune de Puymoyen (16),false,{16271},Commune,2026-03-24 14:41:54.362296+01,gold_establishments_2025,,,,21160271900018,2025,Collectivité Territoriale,Commune,['Charente'],['Nouvelle-Aquitaine'],COM,{16},{75}
3a83b73d-ab34-43e6-a5e8-bff9fc2e440c,218400943,Commune de Puyméras (84),false,{84094},Commune,2026-03-24 14:42:10.508772+01,gold_establishments_2025,,,,21840094300047,2025,Collectivité Territoriale,Commune,['Vaucluse'],"[""Provence-Alpes-Côte d'Azur""]",COM,{84},{93}
6f2b6ef1-8234-41c8-a507-de92b6b132b1,213303472,Commune de Puynormand (33),false,{33347},Commune,2026-03-24 14:41:58.620411+01,gold_establishments_2025,,,,21330347200012,2025,Collectivité Territoriale,Commune,['Gironde'],['Nouvelle-Aquitaine'],COM,{33},{75}
5d6d8f33-fef6-45a1-bde8-11463441014b,214002396,Commune de Puyol-Cazalet (40),false,{40239},Commune,2026-03-24 14:41:59.705606+01,gold_establishments_2025,,,,21400239600015,2025,Collectivité Territoriale,Commune,['Landes'],['Nouvelle-Aquitaine'],COM,{40},{75}
efe6bf87-5390-43f2-a8d4-7edff71d2d97,216405894,Commune de Puyoô (64),false,{64461},Commune,2026-03-24 14:42:06.665412+01,gold_establishments_2025,,,,21640589400017,2025,Collectivité Territoriale,Commune,['Pyrénées-Atlantiques'],['Nouvelle-Aquitaine'],COM,{64},{75}
ff0e4268-a815-4d46-9d31-eb3e95a8dbb4,211702931,Commune de Puyravault (17),false,{17293},Commune,2026-03-24 14:41:54.903238+01,gold_establishments_2025,,,,21170293100018,2025,Collectivité Territoriale,Commune,['Charente-Maritime'],['Nouvelle-Aquitaine'],COM,{17},{75}
7f2e6564-af93-45f1-9c11-f70289546db3,218501856,Commune de Puyravault (85),false,{85185},Commune,2026-03-24 14:42:10.508772+01,gold_establishments_2025,,,,21850185600015,2025,Collectivité Territoriale,Commune,['Vendée'],['Pays de la Loire'],COM,{85},{52}
3933c51a-f7fa-44f9-bbcf-f6343589540b,211702949,Commune de Puyrolland (17),false,{17294},Commune,2026-03-24 14:41:54.903238+01,gold_establishments_2025,,,,21170294900010,2025,Collectivité Territoriale,Commune,['Charente-Maritime'],['Nouvelle-Aquitaine'],COM,{17},{75}
2ef104ee-d11b-4aad-b182-02763a622d96,211602727,Commune de Puyréaux (16),false,{16272},Commune,2026-03-24 14:41:54.362296+01,gold_establishments_2025,,,,21160272700011,2025,Collectivité Territoriale,Commune,['Charente'],['Nouvelle-Aquitaine'],COM,{16},{75}
468dbb14-27c1-4f86-8a97-c01197ea7ee3,214702185,Commune de Puysserampion (47),false,{47218},Commune,2026-03-24 14:42:00.862623+01,gold_establishments_2025,,,,21470218500015,2025,Collectivité Territoriale,Commune,['Lot-et-Garonne'],['Nouvelle-Aquitaine'],COM,{47},{75}
f6ecc6e3-883b-4761-9fa7-35e76b79bff0,213104441,Commune de Puysségur (31),false,{31444},Commune,2026-03-24 14:41:58.09424+01,gold_establishments_2025,,,,21310444100018,2025,Collectivité Territoriale,Commune,['Haute-Garonne'],['Occitanie'],COM,{31},{76}
26ee2711-a8d1-4278-8564-a312e5338ac2,213203375,Commune de Puységur (32),false,{32337},Commune,2026-03-24 14:41:58.09424+01,gold_establishments_2025,,,,21320337500018,2025,Collectivité Territoriale,Commune,['Gers'],['Occitanie'],COM,{32},{76}
f4041c4c-5c94-49b9-8fb2-e8d5b18de4fb,216601542,Commune de Puyvalador (66),false,{66154},Commune,2026-03-24 14:42:06.665412+01,gold_establishments_2025,,,,21660154200014,2025,Collectivité Territoriale,Commune,['Pyrénées-Orientales'],['Occitanie'],COM,{66},{76}
8fc7e485-7d97-4df7-8b1d-be25bb1de760,218400950,Commune de Puyvert (84),false,{84095},Commune,2026-03-24 14:42:10.508772+01,gold_establishments_2025,,,,21840095000018,2025,Collectivité Territoriale,Commune,['Vaucluse'],"[""Provence-Alpes-Côte d'Azur""]",COM,{84},{93}
e19b85cc-5cd1-455d-90ce-034bdf3dce20,218006096,Commune de Puzeaux (80),false,{80647},Commune,2026-03-24 14:42:09.967209+01,gold_establishments_2025,,,,21800609600018,2025,Collectivité Territoriale,Commune,['Somme'],['Hauts-de-France'],COM,{80},{32}
ec8b0a9f-c8bf-4c7c-bbc4-9db53651e66c,215705591,Commune de Puzieux (57),false,{57559},Commune,2026-03-24 14:42:04.280096+01,gold_establishments_2025,,,,21570559100018,2025,Collectivité Territoriale,Commune,['Moselle'],['Grand Est'],COM,{57},{44}
4bce8d4a-c479-46ca-82d8-968ecc276731,218803641,Commune de Puzieux (88),false,{88364},Commune,2026-03-24 14:42:11.118516+01,gold_establishments_2025,,,,21880364100016,2025,Collectivité Territoriale,Commune,['Vosges'],['Grand Est'],COM,{88},{44}
9adefb64-1990-4582-954d-bd431dcef524,213402217,Commune de Puéchabon (34),false,{34221},Commune,2026-03-24 14:41:58.620411+01,gold_establishments_2025,,,,21340221700011,2025,Collectivité Territoriale,Commune,['Hérault'],['Occitanie'],COM,{34},{76}
3484464b-8d0b-47f2-a467-f89da7b9ff1c,218102143,Commune de Puéchoursi (81),false,{81214},Commune,2026-03-24 14:42:09.967209+01,gold_establishments_2025,,,,21810214300011,2025,Collectivité Territoriale,Commune,['Tarn'],['Occitanie'],COM,{81},{76}
3bbf471d-82a3-4a34-aee0-34245d35eb60,216601559,Commune de Py (66),false,{66155},Commune,2026-03-24 14:42:06.665412+01,gold_establishments_2025,,,,21660155900018,2025,Collectivité Territoriale,Commune,['Pyrénées-Orientales'],['Occitanie'],COM,{66},{76}
89443c9e-5f68-47a6-970e-47c4a66ed00e,218006104,Commune de Pys (80),false,{80648},Commune,2026-03-24 14:42:09.967209+01,gold_establishments_2025,,,,21800610400010,2025,Collectivité Territoriale,Commune,['Somme'],['Hauts-de-France'],COM,{80},{32}
41f2645c-44d1-49d3-aee4-7cf6460fd3d6,215103946,Commune de Péas (51),false,{51426},Commune,2026-03-24 14:42:01.954481+01,gold_establishments_2025,,,,21510394600012,2025,Collectivité Territoriale,Commune,['Marne'],['Grand Est'],COM,{51},{44}
7545572b-d7f2-41d6-a226-91ce6c2021fe,215601535,Commune de Péaule (56),false,{56153},Commune,2026-03-24 14:42:03.701372+01,gold_establishments_2025,,,,21560153500010,2025,Collectivité Territoriale,Commune,['Morbihan'],['Bretagne'],COM,{56},{53}
dc09ed35-20bd-4d52-96a2-8466a267fa53,218501716,Commune de Péault (85),false,{85171},Commune,2026-03-24 14:42:10.508772+01,gold_establishments_2025,,,,21850171600045,2025,Collectivité Territoriale,Commune,['Vendée'],['Pays de la Loire'],COM,{85},{52}
39e4b445-c236-466f-b2be-2039bf4024be,214301491,Commune de Pébrac (43),false,{43149},Commune,2026-03-24 14:42:00.273698+01,gold_establishments_2025,,,,21430149100012,2025,Collectivité Territoriale,Commune,['Haute-Loire'],['Auvergne-Rhône-Alpes'],COM,{43},{84}
2eeabc8a-b902-4ec8-84be-cbd7a41a6232,213203086,Commune de Pébées (32),false,{32308},Commune,2026-03-24 14:41:58.09424+01,gold_establishments_2025,,,,21320308600011,2025,Collectivité Territoriale,Commune,['Gers'],['Occitanie'],COM,{32},{76}
96e4da25-97cc-43bc-89fa-b03da367e869,213104094,Commune de Péchabou (31),false,{31409},Commune,2026-03-24 14:41:58.09424+01,gold_establishments_2025,,,,21310409400056,2025,Collectivité Territoriale,Commune,['Haute-Garonne'],['Occitanie'],COM,{31},{76}
273d4aab-487d-4330-9042-9b9daead34ea,211102777,Commune de Pécharic-et-le-Py (11),false,{11277},Commune,2026-03-24 14:41:53.63825+01,gold_establishments_2025,,,,21110277700011,2025,Collectivité Territoriale,Commune,['Aude'],['Occitanie'],COM,{11},{76}
e9aa8986-e2f8-4434-a0f6-4821020bfba2,218102051,Commune de Péchaudier (81),false,{81205},Commune,2026-03-24 14:42:09.967209+01,gold_establishments_2025,,,,21810205100016,2025,Collectivité Territoriale,Commune,['Tarn'],['Occitanie'],COM,{81},{76}
e92d466f-6511-4f32-9bbb-a7d054f1b331,214002206,Commune de Pécorade (40),false,{40220},Commune,2026-03-24 14:41:59.705606+01,gold_establishments_2025,,,,21400220600016,2025,Collectivité Territoriale,Commune,['Landes'],['Nouvelle-Aquitaine'],COM,{40},{75}
1d5a033f-0b18-4bc9-b6cc-f0bee06b8921,217703578,Commune de Pécy (77),false,{77357},Commune,2026-03-24 14:42:09.43682+01,gold_establishments_2025,,,,21770357800013,2025,Collectivité Territoriale,Commune,['Seine-et-Marne'],['Île-de-France'],COM,{77},{11}
17f25ea8-b38e-459b-9288-e97eb46b4320,212201644,Commune de Pédernec (22),false,{22164},Commune,2026-03-24 14:41:55.433389+01,gold_establishments_2025,,,,21220164400011,2025,Collectivité Territoriale,Commune,"[""Côtes-d'Armor""]",['Bretagne'],COM,{22},{53}
78021ef0-6d8d-4661-aad0-6e912cb0db08,213401953,Commune de Pégairolles-de-Buèges (34),false,{34195},Commune,2026-03-24 14:41:58.620411+01,gold_establishments_2025,,,,21340195300012,2025,Collectivité Territoriale,Commune,['Hérault'],['Occitanie'],COM,{34},{76}
fb9e1dfd-db6e-42e2-acff-74b9a0fb5d5b,213401961,Commune de Pégairolles-de-l'Escalette (34),false,{34196},Commune,2026-03-24 14:41:58.620411+01,gold_establishments_2025,,,,21340196100015,2025,Collectivité Territoriale,Commune,['Hérault'],['Occitanie'],COM,{34},{76}
bde5d394-c314-4a21-9d21-8d8410171283,210600904,Commune de Pégomas (06),false,{06090},Commune,2026-03-24 14:41:52.562531+01,gold_establishments_2025,,,,21060090400010,2025,Collectivité Territoriale,Commune,['Alpes-Maritimes'],"[""Provence-Alpes-Côte d'Azur""]",COM,{06},{93}
7a038f90-43d5-40af-9b80-b54343ea8637,200064210,Commune de Péguilhan (31),false,{31412},Commune,2026-03-24 14:41:58.09424+01,gold_establishments_2025,,,,20006421000012,2025,Collectivité Territoriale,Commune,['Haute-Garonne'],['Occitanie'],COM,{31},{76}
d5b5b2ba-f94c-497f-a542-1424609d2c26,211300694,Commune de Pélissanne (13),false,{13069},Commune,2026-03-24 14:41:53.63825+01,gold_establishments_2025,,,,21130069400018,2025,Collectivité Territoriale,Commune,['Bouches-du-Rhône'],"[""Provence-Alpes-Côte d'Azur""]",COM,{13},{93}
cd01e449-7fee-4aa4-91ca-809843ce6056,214201683,Commune de Pélussin (42),false,{42168},Commune,2026-03-24 14:42:00.273698+01,gold_establishments_2025,,,,21420168300015,2025,Collectivité Territoriale,Commune,['Loire'],['Auvergne-Rhône-Alpes'],COM,{42},{84}
eca8c2d5-1797-4154-837e-3d9b4de17229,215601550,Commune de Pénestin (56),false,{56155},Commune,2026-03-24 14:42:03.701372+01,gold_establishments_2025,,,,21560155000019,2025,Collectivité Territoriale,Commune,['Morbihan'],['Bretagne'],COM,{56},{53}
d6732e46-043c-464b-aa0c-aebb23e1c989,210600946,Commune de Péone (06),false,{06094},Commune,2026-03-24 14:41:52.562531+01,gold_establishments_2025,,,,21060094600011,2025,Collectivité Territoriale,Commune,['Alpes-Maritimes'],"[""Provence-Alpes-Côte d'Azur""]",COM,{06},{93}
7824bd60-16d8-416b-ab9f-7b8ff8345eb1,211102801,Commune de Pépieux (11),false,{11280},Commune,2026-03-24 14:41:53.63825+01,gold_establishments_2025,,,,21110280100019,2025,Collectivité Territoriale,Commune,['Aude'],['Occitanie'],COM,{11},{76}
e69a7d99-b57c-46b0-b953-95b249cb880b,213601560,Commune de Pérassay (36),false,{36156},Commune,2026-03-24 14:41:59.160244+01,gold_establishments_2025,,,,21360156000013,2025,Collectivité Territoriale,Commune,['Indre'],['Centre-Val de Loire'],COM,{36},{24}
b3673f4e-280c-400f-9acb-2056a7983594,210902276,Commune de Péreille (09),false,{09227},Commune,2026-03-24 14:41:53.095366+01,gold_establishments_2025,,,,21090227600018,2025,Collectivité Territoriale,Commune,['Ariège'],['Occitanie'],COM,{09},{76}
ee4d5567-fff4-4788-a9d7-c63e60712c18,215904574,Commune de Pérenchies (59),false,{59457},Commune,2026-03-24 14:42:04.814328+01,gold_establishments_2025,,,,21590457400013,2025,Collectivité Territoriale,Commune,['Nord'],['Hauts-de-France'],COM,{59},{32}
cfceba3d-5e74-4e37-999f-c4a5d37282a8,213401979,Commune de Péret (34),false,{34197},Commune,2026-03-24 14:41:58.620411+01,gold_establishments_2025,,,,21340197900017,2025,Collectivité Territoriale,Commune,['Hérault'],['Occitanie'],COM,{34},{76}
4baae708-0ede-4fc5-9475-b21b1222e54a,211915905,Commune de Péret-Bel-Air (19),false,{19159},Commune,2026-03-24 14:41:54.903238+01,gold_establishments_2025,,,,21191590500015,2025,Collectivité Territoriale,Commune,['Corrèze'],['Nouvelle-Aquitaine'],COM,{19},{75}
94160d17-2612-4c8d-8776-c81bdfe68f5e,210701736,Commune de Péreyres (07),false,{07173},Commune,2026-03-24 14:41:52.562531+01,gold_establishments_2025,,,,21070173600014,2025,Collectivité Territoriale,Commune,['Ardèche'],['Auvergne-Rhône-Alpes'],COM,{07},{84}
05d704d2-3e25-4cfb-9634-feb054e41722,215003948,Commune de Périers (50),false,{50394},Commune,2026-03-24 14:42:01.412377+01,gold_establishments_2025,,,,21500394800019,2025,Collectivité Territoriale,Commune,['Manche'],['Normandie'],COM,{50},{28}
b257fc92-c9fc-4508-af17-da991e86a008,211404942,Commune de Périers-en-Auge (14),false,{14494},Commune,2026-03-24 14:41:54.362296+01,gold_establishments_2025,,,,21140494200016,2025,Collectivité Territoriale,Commune,['Calvados'],['Normandie'],COM,{14},{28}
4d7267f7-f782-4f52-83f2-e6ae9dd360fd,211404959,Commune de Périers-sur-le-Dan (14),false,{14495},Commune,2026-03-24 14:41:54.362296+01,gold_establishments_2025,,,,21140495900010,2025,Collectivité Territoriale,Commune,['Calvados'],['Normandie'],COM,{14},{28}
dcfe29aa-94b6-4b00-9f82-6e3ed673975f,211602586,Commune de Pérignac (16),false,{16258},Commune,2026-03-24 14:41:54.362296+01,gold_establishments_2025,,,,21160258600011,2025,Collectivité Territoriale,Commune,['Charente'],['Nouvelle-Aquitaine'],COM,{16},{75}
a029a6ee-8773-4ada-b63e-ab3d1376e9c2,211702733,Commune de Pérignac (17),false,{17273},Commune,2026-03-24 14:41:54.903238+01,gold_establishments_2025,,,,21170273300018,2025,Collectivité Territoriale,Commune,['Charente-Maritime'],['Nouvelle-Aquitaine'],COM,{17},{75}
1927ba0a-34cf-49a0-8142-cf70dab5c471,216302729,Commune de Pérignat-lès-Sarliève (63),false,{63272},Commune,2026-03-24 14:42:06.130387+01,gold_establishments_2025,,,,21630272900019,2025,Collectivité Territoriale,Commune,['Puy-de-Dôme'],['Auvergne-Rhône-Alpes'],COM,{63},{84}
1c19b23e-c285-4cd6-a5a2-68391cf392b2,216302737,Commune de Pérignat-sur-Allier (63),false,{63273},Commune,2026-03-24 14:42:06.130387+01,gold_establishments_2025,,,,21630273700012,2025,Collectivité Territoriale,Commune,['Puy-de-Dôme'],['Auvergne-Rhône-Alpes'],COM,{63},{84}
464b3e79-5b67-4af8-8e96-c52503ee7345,214201691,Commune de Périgneux (42),false,{42169},Commune,2026-03-24 14:42:00.273698+01,gold_establishments_2025,,,,21420169100018,2025,Collectivité Territoriale,Commune,['Loire'],['Auvergne-Rhône-Alpes'],COM,{42},{84}
026d45fe-53f1-4514-b606-52b8bc7ccee0,210302055,Commune de Périgny (03),false,{03205},Commune,2026-03-24 14:41:52.020251+01,gold_establishments_2025,,,,21030205500012,2025,Collectivité Territoriale,Commune,['Allier'],['Auvergne-Rhône-Alpes'],COM,{03},{84}
ff0d3cc9-039c-41f3-8002-0bd99767730c,211404967,Commune de Périgny (14),false,{14496},Commune,2026-03-24 14:41:54.362296+01,gold_establishments_2025,,,,21140496700013,2025,Collectivité Territoriale,Commune,['Calvados'],['Normandie'],COM,{14},{28}
44584757-91c7-4f09-a0c5-c80b64dd538c,211702741,Commune de Périgny (17),false,{17274},Commune,2026-03-24 14:41:54.903238+01,gold_establishments_2025,,,,21170274100011,2025,Collectivité Territoriale,Commune,['Charente-Maritime'],['Nouvelle-Aquitaine'],COM,{17},{75}
bab1d64e-0e20-4875-9b9e-d24546ee60fa,214101743,Commune de Périgny (41),false,{41174},Commune,2026-03-24 14:42:00.273698+01,gold_establishments_2025,,,,21410174300018,2025,Collectivité Territoriale,Commune,['Loir-et-Cher'],['Centre-Val de Loire'],COM,{41},{24}
09013c13-af22-468f-ab18-11556b30cbd4,219400561,Commune de Périgny (94),false,{94056},Commune,2026-03-24 14:42:11.659493+01,gold_establishments_2025,,,,21940056100011,2025,Collectivité Territoriale,Commune,['Val-de-Marne'],['Île-de-France'],COM,{94},{11}
dc8d2e59-7bc9-4401-821d-d9d3a38ff705,211002761,Commune de Périgny-la-Rose (10),false,{10284},Commune,2026-03-24 14:41:53.095366+01,gold_establishments_2025,,,,21100276100016,2025,Collectivité Territoriale,Commune,['Aube'],['Grand Est'],COM,{10},{44}
2caf967a-fe35-4874-aaa5-63f673bdb198,217902048,Commune de Périgné (79),false,{79204},Commune,2026-03-24 14:42:09.43682+01,gold_establishments_2025,,,,21790204800016,2025,Collectivité Territoriale,Commune,['Deux-Sèvres'],['Nouvelle-Aquitaine'],COM,{79},{75}
9bcfe6f0-a497-4f26-a89c-36c05d460d12,212403224,Commune de Périgueux (24),false,{24322},Commune,2026-03-24 14:41:55.958138+01,gold_establishments_2025,,,,21240322400430,2025,Collectivité Territoriale,Commune,['Dordogne'],['Nouvelle-Aquitaine'],COM,{24},{75}
bc1f19bf-0473-418b-9c00-a5bdcff352ea,213303175,Commune de Périssac (33),false,{33317},Commune,2026-03-24 14:41:58.620411+01,gold_establishments_2025,,,,21330317500011,2025,Collectivité Territoriale,Commune,['Gironde'],['Nouvelle-Aquitaine'],COM,{33},{75}
5cd0e24c-c048-44a9-b89f-e6a747c663df,213401987,Commune de Pérols (34),false,{34198},Commune,2026-03-24 14:41:58.620411+01,gold_establishments_2025,,,,21340198700010,2025,Collectivité Territoriale,Commune,['Hérault'],['Occitanie'],COM,{34},{76}
78961d0b-6804-40eb-b5c7-c04b9a888ac1,211916002,Commune de Pérols-sur-Vézère (19),false,{19160},Commune,2026-03-24 14:41:54.903238+01,gold_establishments_2025,,,,21191600200010,2025,Collectivité Territoriale,Commune,['Corrèze'],['Nouvelle-Aquitaine'],COM,{19},{75}
b25f2dcd-c504-4ddc-9d8c-11096289ee59,210102885,Commune de Péron (01),false,{01288},Commune,2026-03-24 14:41:51.447482+01,gold_establishments_2025,,,,21010288500014,2025,Collectivité Territoriale,Commune,['Ain'],['Auvergne-Rhône-Alpes'],COM,{01},{84}
e722c0d0-62c9-4f5b-adec-b8348ce32c36,210102893,Commune de Péronnas (01),false,{01289},Commune,2026-03-24 14:41:51.447482+01,gold_establishments_2025,,,,21010289300018,2025,Collectivité Territoriale,Commune,['Ain'],['Auvergne-Rhône-Alpes'],COM,{01},{84}
3f36a5dd-6c02-46c0-b4f7-fedf74f860d4,217103456,Commune de Péronne (71),false,{71345},Commune,2026-03-24 14:42:07.735343+01,gold_establishments_2025,,,,21710345600018,2025,Collectivité Territoriale,Commune,['Saône-et-Loire'],['Bourgogne-Franche-Comté'],COM,{71},{27}
4d2e04a4-0746-4f5c-a35e-0e9b26e10087,218005858,Commune de Péronne (80),false,{80620},Commune,2026-03-24 14:42:09.967209+01,gold_establishments_2025,,,,21800585800012,2025,Collectivité Territoriale,Commune,['Somme'],['Hauts-de-France'],COM,{80},{32}
5b736748-6de4-48e6-9cb6-850c399395a2,215904582,Commune de Péronne-en-Mélantois (59),false,{59458},Commune,2026-03-24 14:42:04.814328+01,gold_establishments_2025,,,,21590458200016,2025,Collectivité Territoriale,Commune,['Nord'],['Hauts-de-France'],COM,{59},{32}
edfeeeb8-1838-4a3e-9193-6a28c5dcf68b,212802961,Commune de Péronville (28),false,{28296},Commune,2026-03-24 14:41:57.028721+01,gold_establishments_2025,,,,21280296100012,2025,Collectivité Territoriale,Commune,['Eure-et-Loir'],['Centre-Val de Loire'],COM,{28},{24}
d9c61cac-ea9c-4b90-b174-d288c8f246f0,210102901,Commune de Pérouges (01),false,{01290},Commune,2026-03-24 14:41:51.447482+01,gold_establishments_2025,,,,21010290100019,2025,Collectivité Territoriale,Commune,['Ain'],['Auvergne-Rhône-Alpes'],COM,{01},{84}
a1cfd066-e9e4-48bf-9195-4aabb696f6c2,219000767,Commune de Pérouse (90),false,{90076},Commune,2026-03-24 14:42:11.659493+01,gold_establishments_2025,,,,21900076700018,2025,Collectivité Territoriale,Commune,['Territoire de Belfort'],['Bourgogne-Franche-Comté'],COM,{90},{27}
eaf05cc4-93de-4659-a279-909f1cd1da16,216004838,Commune de Péroy-les-Gombries (60),false,{60489},Commune,2026-03-24 14:42:04.814328+01,gold_establishments_2025,,,,21600483800019,2025,Collectivité Territoriale,Commune,['Oise'],['Hauts-de-France'],COM,{60},{32}
21d6c426-c757-45b9-af39-3dcdcee82ec4,216503565,Commune de Péré (65),false,{65356},Commune,2026-03-24 14:42:06.665412+01,gold_establishments_2025,,,,21650356500014,2025,Collectivité Territoriale,Commune,['Hautes-Pyrénées'],['Occitanie'],COM,{65},{76}
8683c3c8-b10b-484a-b5a4-1cde46da6ef2,212504492,Commune de Péseux (25),false,{25449},Commune,2026-03-24 14:41:56.495197+01,gold_establishments_2025,,,,21250449200019,2025,Collectivité Territoriale,Commune,['Doubs'],['Bourgogne-Franche-Comté'],COM,{25},{27}
bc781584-3f32-4f94-b650-7ec8938aad6d,215705393,Commune de Pévange (57),false,{57539},Commune,2026-03-24 14:42:04.280096+01,gold_establishments_2025,,,,21570539300019,2025,Collectivité Territoriale,Commune,['Moselle'],['Grand Est'],COM,{57},{44}
5d2f24cf-700c-41a6-9277-40e368f82ebe,215103961,Commune de Pévy (51),false,{51429},Commune,2026-03-24 14:42:01.954481+01,gold_establishments_2025,,,,21510396100011,2025,Collectivité Territoriale,Commune,['Marne'],['Grand Est'],COM,{51},{44}
aa6ab641-4c6f-47c9-9c29-759ccca26f75,217703602,Commune de Pézarches (77),false,{77360},Commune,2026-03-24 14:42:09.43682+01,gold_establishments_2025,,,,21770360200011,2025,Collectivité Territoriale,Commune,['Seine-et-Marne'],['Île-de-France'],COM,{77},{11}
0132d9ef-ca2e-4df1-b0cf-e7e65b17b09e,213401995,Commune de Pézenas (34),false,{34199},Commune,2026-03-24 14:41:58.620411+01,gold_establishments_2025,,,,21340199500013,2025,Collectivité Territoriale,Commune,['Hérault'],['Occitanie'],COM,{34},{76}
7eac8c36-4ed5-414d-9125-01ecee0738b6,216601393,Commune de Pézilla-de-Conflent (66),false,{66139},Commune,2026-03-24 14:42:06.665412+01,gold_establishments_2025,,,,21660139300012,2025,Collectivité Territoriale,Commune,['Pyrénées-Orientales'],['Occitanie'],COM,{66},{76}
2a55b702-c5dc-43aa-85d3-6b7a15c35f20,216601401,Commune de Pézilla-la-Rivière (66),false,{66140},Commune,2026-03-24 14:42:06.665412+01,gold_establishments_2025,,,,21660140100120,2025,Collectivité Territoriale,Commune,['Pyrénées-Orientales'],['Occitanie'],COM,{66},{76}
89588a22-fa21-4b0b-8111-d70d59fbbcc1,213402001,Commune de Pézènes-les-Mines (34),false,{34200},Commune,2026-03-24 14:41:58.620411+01,gold_establishments_2025,,,,21340200100019,2025,Collectivité Territoriale,Commune,['Hérault'],['Occitanie'],COM,{34},{76}
464a3b5a-ecad-4e55-996e-28fe16f1c183,212704589,Commune de Pîtres (27),false,{27458},Commune,2026-03-24 14:41:57.028721+01,gold_establishments_2025,,,,21270458900010,2025,Collectivité Territoriale,Commune,['Eure'],['Normandie'],COM,{27},{28}
8311d4ad-a9fe-49a0-bfe1-a5f9595dd509,218005940,Commune de Pœuilly (80),false,{80629},Commune,2026-03-24 14:42:09.967209+01,gold_establishments_2025,,,,21800594000018,2025,Collectivité Territoriale,Commune,['Somme'],['Hauts-de-France'],COM,{80},{32}
f53502ca-009b-44cc-8db7-654665c90103,213803281,Commune de Quaix-en-Chartreuse (38),false,{38328},Commune,2026-03-24 14:41:59.160244+01,gold_establishments_2025,,,,21380328100012,2025,Collectivité Territoriale,Commune,['Isère'],['Auvergne-Rhône-Alpes'],COM,{38},{84}
92833b27-e230-4af1-8019-d3581bc1336a,211801899,Commune de Quantilly (18),false,{18189},Commune,2026-03-24 14:41:54.903238+01,gold_establishments_2025,,,,21180189900017,2025,Collectivité Territoriale,Commune,['Cher'],['Centre-Val de Loire'],COM,{18},{24}
ec21059f-5fcd-43d1-bf12-d07de1fe1a02,213402266,Commune de Quarante (34),false,{34226},Commune,2026-03-24 14:41:58.620411+01,gold_establishments_2025,,,,21340226600018,2025,Collectivité Territoriale,Commune,['Hérault'],['Occitanie'],COM,{34},{76}
f6bdc7c5-52a1-4278-a499-51982115b126,215904798,Commune de Quarouble (59),false,{59479},Commune,2026-03-24 14:42:04.814328+01,gold_establishments_2025,,,,21590479800018,2025,Collectivité Territoriale,Commune,['Nord'],['Hauts-de-France'],COM,{59},{32}
eea87465-67c3-4553-b829-e203a4e06999,218903185,Commune de Quarré-les-Tombes (89),false,{89318},Commune,2026-03-24 14:42:11.659493+01,gold_establishments_2025,,,,21890318500013,2025,Collectivité Territoriale,Commune,['Yonne'],['Bourgogne-Franche-Comté'],COM,{89},{27}
ae51eaec-d78e-4a3a-962c-cb258f1369aa,212002539,Commune de Quasquara (2A),false,{2A253},Commune,2026-03-24 14:41:57.56054+01,gold_establishments_2025,,,,21200253900014,2025,Collectivité Territoriale,Commune,['Corse-du-Sud'],['Corse'],COM,{2A},{94}
e6970133-7604-4e8b-8e89-2b7823756329,210803151,Commune de Quatre-Champs (08),false,{08350},Commune,2026-03-24 14:41:53.095366+01,gold_establishments_2025,,,,21080315100013,2025,Collectivité Territoriale,Commune,['Ardennes'],['Grand Est'],COM,{08},{44}
e81976d7-6728-4534-86ad-46ebbd330fa0,212704837,Commune de Quatremare (27),false,{27483},Commune,2026-03-24 14:41:57.028721+01,gold_establishments_2025,,,,21270483700013,2025,Collectivité Territoriale,Commune,['Eure'],['Normandie'],COM,{27},{28}
433cbff5-70c6-4a89-91c2-de53f65f3668,216703827,Commune de Quatzenheim (67),false,{67382},Commune,2026-03-24 14:42:07.195692+01,gold_establishments_2025,,,,21670382700016,2025,Collectivité Territoriale,Commune,['Bas-Rhin'],['Grand Est'],COM,{67},{44}
9b361361-3627-4932-893d-cea10efa58d2,215904780,Commune de Quaëdypre (59),false,{59478},Commune,2026-03-24 14:42:04.814328+01,gold_establishments_2025,,,,21590478000016,2025,Collectivité Territoriale,Commune,['Nord'],['Hauts-de-France'],COM,{59},{32}
07d3e56f-a73c-46ca-8c32-8c233ffb287d,218602035,Commune de Queaux (86),false,{86203},Commune,2026-03-24 14:42:10.508772+01,gold_establishments_2025,,,,21860203500014,2025,Collectivité Territoriale,Commune,['Vienne'],['Nouvelle-Aquitaine'],COM,{86},{75}
386a471e-6c64-4e57-87bc-163a142f42de,217302116,Commune de Queige (73),false,{73211},Commune,2026-03-24 14:42:08.279287+01,gold_establishments_2025,,,,21730211600017,2025,Collectivité Territoriale,Commune,['Savoie'],['Auvergne-Rhône-Alpes'],COM,{73},{84}
bc40d408-fa9d-4d25-ae00-9b24d0117b3f,215301862,Commune de Quelaines-Saint-Gault (53),false,{53186},Commune,2026-03-24 14:42:02.957225+01,gold_establishments_2025,,,,21530186200011,2025,Collectivité Territoriale,Commune,['Mayenne'],['Pays de la Loire'],COM,{53},{52}
234d76d8-953a-4e82-ab15-2642cb8e1689,216206748,Commune de Quelmes (62),false,{62674},Commune,2026-03-24 14:42:05.597325+01,gold_establishments_2025,,,,21620674800016,2025,Collectivité Territoriale,Commune,['Pas-de-Calais'],['Hauts-de-France'],COM,{62},{32}
89aab3c7-9f02-43bb-9684-a14d7aea7d17,212105142,Commune de Quemigny-sur-Seine (21),false,{21514},Commune,2026-03-24 14:41:55.433389+01,gold_establishments_2025,,,,21210514200013,2025,Collectivité Territoriale,Commune,"[""Côte-d'Or""]",['Bourgogne-Franche-Comté'],COM,{21},{27}
fc736b52-80f9-4414-8ee8-95c36feec84e,212202568,Commune de Quemper-Guézennec (22),false,{22256},Commune,2026-03-24 14:41:55.958138+01,gold_establishments_2025,,,,21220256800011,2025,Collectivité Territoriale,Commune,"[""Côtes-d'Armor""]",['Bretagne'],COM,{22},{53}
41027d5f-06b7-4db9-83db-b72e9e1a66bb,212202576,Commune de Quemperven (22),false,{22257},Commune,2026-03-24 14:41:55.958138+01,gold_establishments_2025,,,,21220257600014,2025,Collectivité Territoriale,Commune,"[""Côtes-d'Armor""]",['Bretagne'],COM,{22},{53}
bedf8d24-3edc-49c7-a758-0171497afe41,218006112,Commune de Quend (80),false,{80649},Commune,2026-03-24 14:42:09.967209+01,gold_establishments_2025,,,,21800611200013,2025,Collectivité Territoriale,Commune,['Somme'],['Hauts-de-France'],COM,{80},{32}
3edc1dd8-ae2c-4b55-910d-b043f065239c,218903193,Commune de Quenne (89),false,{89319},Commune,2026-03-24 14:42:11.659493+01,gold_establishments_2025,,,,21890319300017,2025,Collectivité Territoriale,Commune,['Yonne'],['Bourgogne-Franche-Comté'],COM,{89},{27}
112a4132-480e-4661-af20-b479a2edd13f,217004316,Commune de Quenoche (70),false,{70431},Commune,2026-03-24 14:42:07.735343+01,gold_establishments_2025,,,,21700431600014,2025,Collectivité Territoriale,Commune,['Haute-Saône'],['Bourgogne-Franche-Comté'],COM,{70},{27}
c50c8d8a-6c2c-4d05-85f6-bddd881c9229,212002547,Commune de Quenza (2A),false,{2A254},Commune,2026-03-24 14:41:57.56054+01,gold_establishments_2025,,,,21200254700017,2025,Collectivité Territoriale,Commune,['Corse-du-Sud'],['Corse'],COM,{2A},{94}
d82b6aed-5f4c-403c-bd15-e73b85ffc1fd,216206755,Commune de Quercamps (62),false,{62675},Commune,2026-03-24 14:42:05.597325+01,gold_establishments_2025,,,,21620675500011,2025,Collectivité Territoriale,Commune,['Pas-de-Calais'],['Hauts-de-France'],COM,{62},{32}
440d1773-48f6-49c9-8344-576ccd5c6777,212002554,Commune de Quercitello (2B),false,{2B255},Commune,2026-03-24 14:41:57.56054+01,gold_establishments_2025,,,,21200255400013,2025,Collectivité Territoriale,Commune,['Haute-Corse'],['Corse'],COM,{2B},{94}
6a3dfc59-03b8-4e89-84b7-5af231dbe5f2,216206763,Commune de Quernes (62),false,{62676},Commune,2026-03-24 14:42:05.597325+01,gold_establishments_2025,,,,21620676300015,2025,Collectivité Territoriale,Commune,['Pas-de-Calais'],['Hauts-de-France'],COM,{62},{32}
cc376033-ce67-4e5c-8863-3d6aa8446a81,212902308,Commune de Querrien (29),false,{29230},Commune,2026-03-24 14:41:57.56054+01,gold_establishments_2025,,,,21290230800015,2025,Collectivité Territoriale,Commune,['Finistère'],['Bretagne'],COM,{29},{53}
0e535760-eedb-47d8-8c67-d5f7c33b5a1f,218006120,Commune de Querrieu (80),false,{80650},Commune,2026-03-24 14:42:09.967209+01,gold_establishments_2025,,,,21800612000016,2025,Collectivité Territoriale,Commune,['Somme'],['Hauts-de-France'],COM,{80},{32}
2eb6656c-a9ff-4612-8fbd-f75c2746db69,217004324,Commune de Quers (70),false,{70432},Commune,2026-03-24 14:42:07.735343+01,gold_establishments_2025,,,,21700432400018,2025,Collectivité Territoriale,Commune,['Haute-Saône'],['Bourgogne-Franche-Comté'],COM,{70},{27}
320de08b-9519-4c53-89c7-421c40bd8fef,216005132,Commune de Quesmy (60),false,{60519},Commune,2026-03-24 14:42:04.814328+01,gold_establishments_2025,,,,21600513200016,2025,Collectivité Territoriale,Commune,['Oise'],['Hauts-de-France'],COM,{60},{32}
902eee14-26c2-4342-a5f5-57906bd00cab,218006153,Commune de Quesnoy-le-Montant (80),false,{80654},Commune,2026-03-24 14:42:09.967209+01,gold_establishments_2025,,,,21800615300017,2025,Collectivité Territoriale,Commune,['Somme'],['Hauts-de-France'],COM,{80},{32}
122f30f3-d984-4ea4-8f0b-894f802b5e05,218006161,Commune de Quesnoy-sur-Airaines (80),false,{80655},Commune,2026-03-24 14:42:09.967209+01,gold_establishments_2025,,,,21800616100010,2025,Collectivité Territoriale,Commune,['Somme'],['Hauts-de-France'],COM,{80},{32}
fb9276f2-2b39-4226-a719-b7d6698c76b2,215904822,Commune de Quesnoy-sur-Deûle (59),false,{59482},Commune,2026-03-24 14:42:04.814328+01,gold_establishments_2025,,,,21590482200016,2025,Collectivité Territoriale,Commune,['Nord'],['Hauts-de-France'],COM,{59},{32}
23dd6d6d-d246-4340-9c55-db920c5f1815,216206789,Commune de Quesques (62),false,{62678},Commune,2026-03-24 14:42:05.597325+01,gold_establishments_2025,,,,21620678900010,2025,Collectivité Territoriale,Commune,['Pas-de-Calais'],['Hauts-de-France'],COM,{62},{32}
d7e8fd62-1601-4c1d-a677-35d5f605c33a,212202584,Commune de Quessoy (22),false,{22258},Commune,2026-03-24 14:41:55.958138+01,gold_establishments_2025,,,,21220258400018,2025,Collectivité Territoriale,Commune,"[""Côtes-d'Armor""]",['Bretagne'],COM,{22},{53}
5fe6437d-0bba-43b2-b5e6-8dcc5206504a,215601840,Commune de Questembert (56),false,{56184},Commune,2026-03-24 14:42:03.701372+01,gold_establishments_2025,,,,21560184000014,2025,Collectivité Territoriale,Commune,['Morbihan'],['Bretagne'],COM,{56},{53}
ae168d63-d38d-4e2b-bd2b-971b51485a93,216206797,Commune de Questrecques (62),false,{62679},Commune,2026-03-24 14:42:05.597325+01,gold_establishments_2025,,,,21620679700013,2025,Collectivité Territoriale,Commune,['Pas-de-Calais'],['Hauts-de-France'],COM,{62},{32}
3b832118-7e35-4daa-a148-9f63929e7c6b,213803299,Commune de Quet-en-Beaumont (38),false,{38329},Commune,2026-03-24 14:41:59.160244+01,gold_establishments_2025,,,,21380329900014,2025,Collectivité Territoriale,Commune,['Isère'],['Auvergne-Rhône-Alpes'],COM,{38},{84}
02729a72-b621-4835-a5ac-2bb1cb37e2cd,212105159,Commune de Quetigny (21),false,{21515},Commune,2026-03-24 14:41:55.433389+01,gold_establishments_2025,,,,21210515900017,2025,Collectivité Territoriale,Commune,"[""Côte-d'Or""]",['Bourgogne-Franche-Comté'],COM,{21},{27}
afd5a7fa-135f-4deb-ae5c-e3b9145fb0df,200086551,Commune de Quettehou (50),false,{50417},Commune,2026-03-24 14:42:01.412377+01,gold_establishments_2025,,,,20008655100013,2025,Collectivité Territoriale,Commune,['Manche'],['Normandie'],COM,{50},{28}
ff84a5ea-5f0b-4e75-80bb-e768dbe04425,211405287,Commune de Quetteville (14),false,{14528},Commune,2026-03-24 14:41:54.362296+01,gold_establishments_2025,,,,21140528700015,2025,Collectivité Territoriale,Commune,['Calvados'],['Normandie'],COM,{14},{28}
73025d67-1f30-45a4-80f4-2dd82b348056,200082378,Commune de Quettreville-sur-Sienne (50),false,{50419},Commune,2026-03-24 14:42:01.412377+01,gold_establishments_2025,,,,20008237800015,2025,Collectivité Territoriale,Commune,['Manche'],['Normandie'],COM,{50},{28}
9cd312f5-df40-40ba-a15b-736cd5d66764,215104183,Commune de Queudes (51),false,{51451},Commune,2026-03-24 14:42:01.954481+01,gold_establishments_2025,,,,21510418300011,2025,Collectivité Territoriale,Commune,['Marne'],['Grand Est'],COM,{51},{44}
e525af01-4180-4012-9a03-efa19cdb3591,216302943,Commune de Queuille (63),false,{63294},Commune,2026-03-24 14:42:06.130387+01,gold_establishments_2025,,,,21630294300016,2025,Collectivité Territoriale,Commune,['Puy-de-Dôme'],['Auvergne-Rhône-Alpes'],COM,{63},{84}
fd463647-764e-4d5d-a110-ee3150d96425,218006179,Commune de Quevauvillers (80),false,{80656},Commune,2026-03-24 14:42:09.967209+01,gold_establishments_2025,,,,21800617900012,2025,Collectivité Territoriale,Commune,['Somme'],['Hauts-de-France'],COM,{80},{32}
a1174b66-afa8-49bf-9693-04907c37bb15,217605138,Commune de Quevillon (76),false,{76513},Commune,2026-03-24 14:42:08.818969+01,gold_establishments_2025,,,,21760513800015,2025,Collectivité Territoriale,Commune,['Seine-Maritime'],['Normandie'],COM,{76},{28}
c2a3b54f-ca2e-4f8c-8e22-988c5bc44552,215404427,Commune de Quevilloncourt (54),false,{54442},Commune,2026-03-24 14:42:02.957225+01,gold_establishments_2025,,,,21540442700019,2025,Collectivité Territoriale,Commune,['Meurthe-et-Moselle'],['Grand Est'],COM,{54},{44}
617cf98c-b91e-446c-9d1d-649d5b3b34b0,213303480,Commune de Queyrac (33),false,{33348},Commune,2026-03-24 14:41:58.620411+01,gold_establishments_2025,,,,21330348000015,2025,Collectivité Territoriale,Commune,['Gironde'],['Nouvelle-Aquitaine'],COM,{33},{75}
c55164ed-f6ad-4b0d-9b59-06df2eadf4a1,214301582,Commune de Queyrières (43),false,{43158},Commune,2026-03-24 14:42:00.273698+01,gold_establishments_2025,,,,21430158200018,2025,Collectivité Territoriale,Commune,['Haute-Loire'],['Auvergne-Rhône-Alpes'],COM,{43},{84}
e2b1b6e9-da59-4329-893e-8aae1255d5eb,212403455,Commune de Queyssac (24),false,{24345},Commune,2026-03-24 14:41:55.958138+01,gold_establishments_2025,,,,21240345500018,2025,Collectivité Territoriale,Commune,['Dordogne'],['Nouvelle-Aquitaine'],COM,{24},{75}
be0c3390-43f5-4074-96a3-78fae3abdfad,211917000,Commune de Queyssac-les-Vignes (19),false,{19170},Commune,2026-03-24 14:41:54.903238+01,gold_establishments_2025,,,,21191700000013,2025,Collectivité Territoriale,Commune,['Corrèze'],['Nouvelle-Aquitaine'],COM,{19},{75}
8585ce65-246d-41ad-869d-65bf677166b5,215601865,Commune de Quiberon (56),false,{56186},Commune,2026-03-24 14:42:03.701372+01,gold_establishments_2025,,,,21560186500011,2025,Collectivité Territoriale,Commune,['Morbihan'],['Bretagne'],COM,{56},{53}
2b120c22-b748-4c14-b567-66f87eef3544,217605153,Commune de Quiberville-sur-Mer (76),false,{76515},Commune,2026-03-24 14:42:08.818969+01,gold_establishments_2025,,,,21760515300014,2025,Collectivité Territoriale,Commune,['Seine-Maritime'],['Normandie'],COM,{76},{28}
b2602f3d-eb28-405b-abff-4d56316ab01a,215004201,Commune de Quibou (50),false,{50420},Commune,2026-03-24 14:42:01.412377+01,gold_establishments_2025,,,,21500420100012,2025,Collectivité Territoriale,Commune,['Manche'],['Normandie'],COM,{50},{28}
b33c1947-230c-4da2-9141-ea40107e9d04,217703818,Commune de Quiers (77),false,{77381},Commune,2026-03-24 14:42:09.43682+01,gold_establishments_2025,,,,21770381800013,2025,Collectivité Territoriale,Commune,['Seine-et-Marne'],['Île-de-France'],COM,{77},{11}
3df9d966-47a6-4b88-8993-7013c55b4a40,214502593,Commune de Quiers-sur-Bezonde (45),false,{45259},Commune,2026-03-24 14:42:00.862623+01,gold_establishments_2025,,,,21450259300012,2025,Collectivité Territoriale,Commune,['Loiret'],['Centre-Val de Loire'],COM,{45},{24}
e36861be-b1c6-4223-8d30-59ffa1a01d6a,210206066,Commune de Quierzy (02),false,{02631},Commune,2026-03-24 14:41:52.020251+01,gold_establishments_2025,,,,21020606600016,2025,Collectivité Territoriale,Commune,['Aisne'],['Hauts-de-France'],COM,{02},{32}
c75ce935-0307-4528-b4e3-bc4cd71258d3,216206813,Commune de Quiestède (62),false,{62681},Commune,2026-03-24 14:42:05.597325+01,gold_establishments_2025,,,,21620681300018,2025,Collectivité Territoriale,Commune,['Pas-de-Calais'],['Hauts-de-France'],COM,{62},{32}
312a64c5-c55b-4f9b-b43f-3c746c76c055,216206821,Commune de Quilen (62),false,{62682},Commune,2026-03-24 14:42:05.597325+01,gold_establishments_2025,,,,21620682100011,2025,Collectivité Territoriale,Commune,['Pas-de-Calais'],['Hauts-de-France'],COM,{62},{32}
583bcc4d-dda0-4813-99fa-78f4a93b1ab5,200059418,Commune de Quillan (11),false,{11304},Commune,2026-03-24 14:41:53.63825+01,gold_establishments_2025,,,,20005941800166,2025,Collectivité Territoriale,Commune,['Aude'],['Occitanie'],COM,{11},{76}
101aa071-770b-4998-9cd3-023b8ae9a7fd,212704852,Commune de Quillebeuf-sur-Seine (27),false,{27485},Commune,2026-03-24 14:41:57.028721+01,gold_establishments_2025,,,,21270485200012,2025,Collectivité Territoriale,Commune,['Eure'],['Normandie'],COM,{27},{28}
dee7abea-ef09-4aaa-87fb-e8a1ab76fe13,210803169,Commune de Quilly (08),false,{08351},Commune,2026-03-24 14:41:53.095366+01,gold_establishments_2025,,,,21080316900015,2025,Collectivité Territoriale,Commune,['Ardennes'],['Grand Est'],COM,{08},{44}
0bc45a6f-3014-4704-b8d1-01b587bef194,214401390,Commune de Quilly (44),false,{44139},Commune,2026-03-24 14:42:00.273698+01,gold_establishments_2025,,,,21440139000015,2025,Collectivité Territoriale,Commune,['Loire-Atlantique'],['Pays de la Loire'],COM,{44},{52}
f8254ebd-a465-4081-8b96-a3c4f730e166,212902324,Commune de Quimper (29),false,{29232},Commune,2026-03-24 14:41:57.56054+01,gold_establishments_2025,,,,21290232400012,2025,Collectivité Territoriale,Commune,['Finistère'],['Bretagne'],COM,{29},{53}
2d02b496-d1be-4d4d-9a22-45adcf50f70f,212902332,Commune de Quimperlé (29),false,{29233},Commune,2026-03-24 14:41:57.56054+01,gold_establishments_2025,,,,21290233200015,2025,Collectivité Territoriale,Commune,['Finistère'],['Bretagne'],COM,{29},{53}
984e391f-46d0-4424-9d65-0407902a1c9c,217605179,Commune de Quincampoix (76),false,{76517},Commune,2026-03-24 14:42:08.818969+01,gold_establishments_2025,,,,21760517900019,2025,Collectivité Territoriale,Commune,['Seine-Maritime'],['Normandie'],COM,{76},{28}
94c89cea-cbe4-44b2-a6c0-47d4517e5f2f,216005157,Commune de Quincampoix-Fleuzy (60),false,{60521},Commune,2026-03-24 14:42:04.814328+01,gold_establishments_2025,,,,21600515700013,2025,Collectivité Territoriale,Commune,['Oise'],['Hauts-de-France'],COM,{60},{32}
6ae4287b-be62-4b71-955f-b2e6af865ce0,212105167,Commune de Quincerot (21),false,{21516},Commune,2026-03-24 14:41:55.433389+01,gold_establishments_2025,,,,21210516700010,2025,Collectivité Territoriale,Commune,"[""Côte-d'Or""]",['Bourgogne-Franche-Comté'],COM,{21},{27}
f617d29f-a6d9-4e3d-93ba-e7ffa8d07ced,218903201,Commune de Quincerot (89),false,{89320},Commune,2026-03-24 14:42:11.659493+01,gold_establishments_2025,,,,21890320100018,2025,Collectivité Territoriale,Commune,['Yonne'],['Bourgogne-Franche-Comté'],COM,{89},{27}
3a769c2f-c184-4595-ac01-f46cfcb8aeed,212105175,Commune de Quincey (21),false,{21517},Commune,2026-03-24 14:41:55.433389+01,gold_establishments_2025,,,,21210517500013,2025,Collectivité Territoriale,Commune,"[""Côte-d'Or""]",['Bourgogne-Franche-Comté'],COM,{21},{27}
13db3831-9bf2-44ae-bdf0-0ebfe8075dbe,217004332,Commune de Quincey (70),false,{70433},Commune,2026-03-24 14:42:07.735343+01,gold_establishments_2025,,,,21700433200011,2025,Collectivité Territoriale,Commune,['Haute-Saône'],['Bourgogne-Franche-Comté'],COM,{70},{27}
e0eabf83-4515-4eff-b7ad-5b8c9f3089ea,213803307,Commune de Quincieu (38),false,{38330},Commune,2026-03-24 14:41:59.160244+01,gold_establishments_2025,,,,21380330700015,2025,Collectivité Territoriale,Commune,['Isère'],['Auvergne-Rhône-Alpes'],COM,{38},{84}
cfa832b4-af21-42e4-a774-81cd9dfd2909,216901637,Commune de Quincieux (69),false,{69163},Commune,2026-03-24 14:42:07.195692+01,gold_establishments_2025,,,,21690163700019,2025,Collectivité Territoriale,Commune,['Rhône'],['Auvergne-Rhône-Alpes'],COM,{69},{84}
c2eaea4d-8af1-4c4e-90b7-37c00285002a,216901629,Commune de Quincié-en-Beaujolais (69),false,{69162},Commune,2026-03-24 14:42:07.195692+01,gold_establishments_2025,,,,21690162900016,2025,Collectivité Territoriale,Commune,['Rhône'],['Auvergne-Rhône-Alpes'],COM,{69},{84}
f3f57fd3-82b8-42d3-9008-b73ab40dabbb,211801907,Commune de Quincy (18),false,{18190},Commune,2026-03-24 14:41:54.903238+01,gold_establishments_2025,,,,21180190700018,2025,Collectivité Territoriale,Commune,['Cher'],['Centre-Val de Loire'],COM,{18},{24}
d0657034-bf13-4876-b548-e188da002aa3,210206074,Commune de Quincy-Basse (02),false,{02632},Commune,2026-03-24 14:41:52.020251+01,gold_establishments_2025,,,,21020607400010,2025,Collectivité Territoriale,Commune,['Aisne'],['Hauts-de-France'],COM,{02},{32}
31bde26a-ec06-41f6-afb5-4c3519b0860c,215504101,Commune de Quincy-Landzécourt (55),false,{55410},Commune,2026-03-24 14:42:03.701372+01,gold_establishments_2025,,,,21550410100019,2025,Collectivité Territoriale,Commune,['Meuse'],['Grand Est'],COM,{55},{44}
bc8bf511-a9ac-4470-9c38-5511797413ba,217703826,Commune de Quincy-Voisins (77),false,{77382},Commune,2026-03-24 14:42:09.43682+01,gold_establishments_2025,,,,21770382600016,2025,Collectivité Territoriale,Commune,['Seine-et-Marne'],['Île-de-France'],COM,{77},{11}
d0744b06-6098-4807-8b04-9266349b6d78,212105183,Commune de Quincy-le-Vicomte (21),false,{21518},Commune,2026-03-24 14:41:55.433389+01,gold_establishments_2025,,,,21210518300017,2025,Collectivité Territoriale,Commune,"[""Côte-d'Or""]",['Bourgogne-Franche-Comté'],COM,{21},{27}
5ec49731-d7fc-49c9-9f78-53f3c86bb6ce,219105145,Commune de Quincy-sous-Sénart (91),false,{91514},Commune,2026-03-24 14:42:11.659493+01,gold_establishments_2025,,,,21910514500011,2025,Collectivité Territoriale,Commune,['Essonne'],['Île-de-France'],COM,{91},{11}
22cbff4a-97d3-49a7-9991-05c3eab120b0,210206082,Commune de Quincy-sous-le-Mont (02),false,{02633},Commune,2026-03-24 14:41:52.020251+01,gold_establishments_2025,,,,21020608200013,2025,Collectivité Territoriale,Commune,['Aisne'],['Hauts-de-France'],COM,{02},{32}
59f7ae50-1332-43bf-8b4f-42cf91f3107d,212504757,Commune de Quingey (25),false,{25475},Commune,2026-03-24 14:41:56.495197+01,gold_establishments_2025,,,,21250475700015,2025,Collectivité Territoriale,Commune,['Doubs'],['Bourgogne-Franche-Comté'],COM,{25},{27}
8271acb0-30b1-4612-a46f-8d268c6fb248,216005165,Commune de Quinquempoix (60),false,{60522},Commune,2026-03-24 14:42:04.814328+01,gold_establishments_2025,,,,21600516500016,2025,Collectivité Territoriale,Commune,['Oise'],['Hauts-de-France'],COM,{60},{32}
c410144c-11c5-4341-9ad0-0f8a26b697b5,211201942,Commune de Quins (12),false,{12194},Commune,2026-03-24 14:41:53.63825+01,gold_establishments_2025,,,,21120194200011,2025,Collectivité Territoriale,Commune,['Aveyron'],['Occitanie'],COM,{12},{76}
f0243dc5-175d-4bf4-acf0-ee07d45bf8bb,212403463,Commune de Quinsac (24),false,{24346},Commune,2026-03-24 14:41:55.958138+01,gold_establishments_2025,,,,21240346300012,2025,Collectivité Territoriale,Commune,['Dordogne'],['Nouvelle-Aquitaine'],COM,{24},{75}
d7444075-a1c1-4dea-bc78-087b303d4a81,213303498,Commune de Quinsac (33),false,{33349},Commune,2026-03-24 14:41:58.620411+01,gold_establishments_2025,,,,21330349800017,2025,Collectivité Territoriale,Commune,['Gironde'],['Nouvelle-Aquitaine'],COM,{33},{75}
cf7154c9-4864-4430-b760-6d9d9582ceec,210401584,Commune de Quinson (04),false,{04158},Commune,2026-03-24 14:41:52.562531+01,gold_establishments_2025,,,,21040158400011,2025,Collectivité Territoriale,Commune,['Alpes-de-Haute-Provence'],"[""Provence-Alpes-Côte d'Azur""]",COM,{04},{93}
7c2336d7-25ab-4a70-badd-3f6f1b246e75,210302121,Commune de Quinssaines (03),false,{03212},Commune,2026-03-24 14:41:52.020251+01,gold_establishments_2025,,,,21030212100012,2025,Collectivité Territoriale,Commune,['Allier'],['Auvergne-Rhône-Alpes'],COM,{03},{84}
03f08b8f-f1ab-4e99-bde2-dfe5da7786c2,213104458,Commune de Quint-Fonsegrives (31),false,{31445},Commune,2026-03-24 14:41:58.09424+01,gold_establishments_2025,,,,21310445800012,2025,Collectivité Territoriale,Commune,['Haute-Garonne'],['Occitanie'],COM,{31},{76}
fc3ec8e2-6136-4218-956f-1c9cae4eabe0,217402197,Commune de Quintal (74),false,{74219},Commune,2026-03-24 14:42:08.818969+01,gold_establishments_2025,,,,21740219700016,2025,Collectivité Territoriale,Commune,['Haute-Savoie'],['Auvergne-Rhône-Alpes'],COM,{74},{84}
d2cb2409-bc43-4cc4-83d8-480203f49fa6,210701884,Commune de Quintenas (07),false,{07188},Commune,2026-03-24 14:41:52.562531+01,gold_establishments_2025,,,,21070188400012,2025,Collectivité Territoriale,Commune,['Ardèche'],['Auvergne-Rhône-Alpes'],COM,{07},{84}
6807624b-e4a0-4f0d-8dc7-cb231fb3439f,212202618,Commune de Quintenic (22),false,{22261},Commune,2026-03-24 14:41:55.958138+01,gold_establishments_2025,,,,21220261800014,2025,Collectivité Territoriale,Commune,"[""Côtes-d'Armor""]",['Bretagne'],COM,{22},{53}
0a68ba9b-023f-4709-b341-d2d9b46fd20b,213904477,Commune de Quintigny (39),false,{39447},Commune,2026-03-24 14:41:59.705606+01,gold_establishments_2025,,,,21390447700014,2025,Collectivité Territoriale,Commune,['Jura'],['Bourgogne-Franche-Comté'],COM,{39},{27}
394cb6e6-3236-442d-bcb8-4ba1495ae2f9,211103056,Commune de Quintillan (11),false,{11305},Commune,2026-03-24 14:41:53.63825+01,gold_establishments_2025,,,,21110305600019,2025,Collectivité Territoriale,Commune,['Aude'],['Occitanie'],COM,{11},{76}
07ca600a-5a14-4672-92cc-3a8ba1bf3be2,212202626,Commune de Quintin (22),false,{22262},Commune,2026-03-24 14:41:55.958138+01,gold_establishments_2025,,,,21220262600017,2025,Collectivité Territoriale,Commune,"[""Côtes-d'Armor""]",['Bretagne'],COM,{22},{53}
a7a18049-822c-420b-bf5d-4719add3a64d,218602043,Commune de Quinçay (86),false,{86204},Commune,2026-03-24 14:42:10.508772+01,gold_establishments_2025,,,,21860204300018,2025,Collectivité Territoriale,Commune,['Vienne'],['Nouvelle-Aquitaine'],COM,{86},{75}
1d826989-2fac-4980-b9bb-4f59d1e0ebb1,215004219,Commune de Quinéville (50),false,{50421},Commune,2026-03-24 14:42:01.412377+01,gold_establishments_2025,,,,21500421900014,2025,Collectivité Territoriale,Commune,['Manche'],['Normandie'],COM,{50},{28}
ddd378b5-42d9-4603-861d-5bdc57de27da,211103064,Commune de Quirbajou (11),false,{11306},Commune,2026-03-24 14:41:53.63825+01,gold_establishments_2025,,,,21110306400013,2025,Collectivité Territoriale,Commune,['Aude'],['Occitanie'],COM,{11},{76}
657ed1bb-d78e-4e06-a509-c8cf9e59884f,218006187,Commune de Quiry-le-Sec (80),false,{80657},Commune,2026-03-24 14:42:09.967209+01,gold_establishments_2025,,,,21800618700015,2025,Collectivité Territoriale,Commune,['Somme'],['Hauts-de-France'],COM,{80},{32}
fd1eb1b1-6bff-4a39-af14-7ba3b02a57eb,213002108,Commune de Quissac (30),false,{30210},Commune,2026-03-24 14:41:57.56054+01,gold_establishments_2025,,,,21300210800016,2025,Collectivité Territoriale,Commune,['Gard'],['Occitanie'],COM,{30},{76}
f3e55355-16e4-4173-a176-27958ca34385,214602336,Commune de Quissac-en-Quercy (46),false,{46233},Commune,2026-03-24 14:42:00.862623+01,gold_establishments_2025,,,,21460233600015,2025,Collectivité Territoriale,Commune,['Lot'],['Occitanie'],COM,{46},{76}
1293136c-7859-4aea-bfc5-9e5504ad4b9c,215601881,Commune de Quistinic (56),false,{56188},Commune,2026-03-24 14:42:03.701372+01,gold_establishments_2025,,,,21560188100018,2025,Collectivité Territoriale,Commune,['Morbihan'],['Bretagne'],COM,{56},{53}
581ecaa4-eb11-4eb8-ac1a-3f4b151023ea,212704860,Commune de Quittebeuf (27),false,{27486},Commune,2026-03-24 14:41:57.028721+01,gold_establishments_2025,,,,21270486000015,2025,Collectivité Territoriale,Commune,['Eure'],['Normandie'],COM,{27},{28}
65346528-c3a4-4f18-9e0c-86b97f04cefb,218006195,Commune de Quivières (80),false,{80658},Commune,2026-03-24 14:42:09.967209+01,gold_establishments_2025,,,,21800619500018,2025,Collectivité Territoriale,Commune,['Somme'],['Hauts-de-France'],COM,{80},{32}
3db6f8e4-65ce-4487-9e48-5eea8520f47a,217605161,Commune de Quièvrecourt (76),false,{76516},Commune,2026-03-24 14:42:08.818969+01,gold_establishments_2025,,,,21760516100017,2025,Collectivité Territoriale,Commune,['Seine-Maritime'],['Normandie'],COM,{76},{28}
2d936153-d5ed-467e-b825-85ffc749c1f5,210902409,Commune de Quié (09),false,{09240},Commune,2026-03-24 14:41:53.095366+01,gold_establishments_2025,,,,21090240900015,2025,Collectivité Territoriale,Commune,['Ariège'],['Occitanie'],COM,{09},{76}
11d02857-9a0a-4a72-b982-e33036fcb482,216206805,Commune de Quiéry-la-Motte (62),false,{62680},Commune,2026-03-24 14:42:05.597325+01,gold_establishments_2025,,,,21620680500014,2025,Collectivité Territoriale,Commune,['Pas-de-Calais'],['Hauts-de-France'],COM,{62},{32}
61062044-7f66-4fc5-84a5-80abcb954b63,215904830,Commune de Quiévelon (59),false,{59483},Commune,2026-03-24 14:42:04.814328+01,gold_establishments_2025,,,,21590483000019,2025,Collectivité Territoriale,Commune,['Nord'],['Hauts-de-France'],COM,{59},{32}
e26293ad-52a0-455d-b33a-06101ff1da06,215904848,Commune de Quiévrechain (59),false,{59484},Commune,2026-03-24 14:42:04.814328+01,gold_establishments_2025,,,,21590484800011,2025,Collectivité Territoriale,Commune,['Nord'],['Hauts-de-France'],COM,{59},{32}
3ec65782-8548-4a1c-ba46-7a157fa593f5,215904855,Commune de Quiévy (59),false,{59485},Commune,2026-03-24 14:42:04.814328+01,gold_establishments_2025,,,,21590485500016,2025,Collectivité Territoriale,Commune,['Nord'],['Hauts-de-France'],COM,{59},{32}
acb52a3e-5392-44cc-821c-94c7c725f71c,216206730,Commune de Quéant (62),false,{62673},Commune,2026-03-24 14:42:05.597325+01,gold_establishments_2025,,,,21620673000014,2025,Collectivité Territoriale,Commune,['Pas-de-Calais'],['Hauts-de-France'],COM,{62},{32}
5fdbdd05-4859-43c1-962a-dc6269cf0b6f,213502339,Commune de Québriac (35),false,{35233},Commune,2026-03-24 14:41:58.620411+01,gold_establishments_2025,,,,21350233900012,2025,Collectivité Territoriale,Commune,['Ille-et-Vilaine'],['Bretagne'],COM,{35},{53}
e068ebb9-7339-4af4-ba19-b00bfe8dd0bd,213502347,Commune de Quédillac (35),false,{35234},Commune,2026-03-24 14:41:58.620411+01,gold_establishments_2025,,,,21350234700015,2025,Collectivité Territoriale,Commune,['Ille-et-Vilaine'],['Bretagne'],COM,{35},{53}
1ef38c70-0eb5-47ac-b1ec-2c3492bce6ac,212902290,Commune de Quéménéven (29),false,{29229},Commune,2026-03-24 14:41:57.56054+01,gold_establishments_2025,,,,21290229000015,2025,Collectivité Territoriale,Commune,['Finistère'],['Bretagne'],COM,{29},{53}
3573f618-a0cc-4f46-9a19-773299b7ceb2,210902391,Commune de Quérigut (09),false,{09239},Commune,2026-03-24 14:41:53.095366+01,gold_establishments_2025,,,,21090239100015,2025,Collectivité Territoriale,Commune,['Ariège'],['Occitanie'],COM,{09},{76}
bfba4b64-4b93-415d-8603-b9a6bef7c262,215904806,Commune de Quérénaing (59),false,{59480},Commune,2026-03-24 14:42:04.814328+01,gold_establishments_2025,,,,21590480600019,2025,Collectivité Territoriale,Commune,['Nord'],['Hauts-de-France'],COM,{59},{32}
1e57ac65-a1d1-44c0-9ef4-bf4b1d68f2b1,215601857,Commune de Quéven (56),false,{56185},Commune,2026-03-24 14:42:03.701372+01,gold_establishments_2025,,,,21560185700018,2025,Collectivité Territoriale,Commune,['Morbihan'],['Bretagne'],COM,{56},{53}
1298db63-182a-414e-8b9d-d591cf11d41c,212202592,Commune de Quévert (22),false,{22259},Commune,2026-03-24 14:41:55.958138+01,gold_establishments_2025,,,,21220259200011,2025,Collectivité Territoriale,Commune,"[""Côtes-d'Armor""]",['Bretagne'],COM,{22},{53}
44bf554c-92a6-4028-a682-4250b884e9d9,217605146,Commune de Quévreville-la-Poterie (76),false,{76514},Commune,2026-03-24 14:42:08.818969+01,gold_establishments_2025,,,,21760514600018,2025,Collectivité Territoriale,Commune,['Seine-Maritime'],['Normandie'],COM,{76},{28}
b585a62c-014f-4ddd-89fc-fdc725ab8be9,211501572,Commune de Quézac (15),false,{15157},Commune,2026-03-24 14:41:54.362296+01,gold_establishments_2025,,,,21150157200013,2025,Collectivité Territoriale,Commune,['Cantal'],['Auvergne-Rhône-Alpes'],COM,{15},{84}
d2ef64e9-37be-49c6-bfbf-92fa4fad5c57,216206839,Commune de Quœux-Haut-Maînil (62),false,{62683},Commune,2026-03-24 14:42:05.597325+01,gold_establishments_2025,,,,21620683900013,2025,Collectivité Territoriale,Commune,['Pas-de-Calais'],['Hauts-de-France'],COM,{62},{32}
303e1165-2159-47b6-a0d4-d08f9f716039,218102200,Commune de Rabastens (81),false,{81220},Commune,2026-03-24 14:42:09.967209+01,gold_establishments_2025,,,,21810220000019,2025,Collectivité Territoriale,Commune,['Tarn'],['Occitanie'],COM,{81},{76}
6e29fcc0-cd30-4aa0-a63d-2f67bf3cca99,216503755,Commune de Rabastens-de-Bigorre (65),false,{65375},Commune,2026-03-24 14:42:06.665412+01,gold_establishments_2025,,,,21650375500011,2025,Collectivité Territoriale,Commune,['Hautes-Pyrénées'],['Occitanie'],COM,{65},{76}
daa0d28d-178c-43d4-9552-95310e470c1e,210902417,Commune de Rabat-les-Trois-Seigneurs (09),false,{09241},Commune,2026-03-24 14:41:53.095366+01,gold_establishments_2025,,,,21090241700018,2025,Collectivité Territoriale,Commune,['Ariège'],['Occitanie'],COM,{09},{76}
40073f0b-c720-4372-a0b7-8396fce2fdc5,210501128,Commune de Rabou (05),false,{05112},Commune,2026-03-24 14:41:52.562531+01,gold_establishments_2025,,,,21050112800016,2025,Collectivité Territoriale,Commune,['Hautes-Alpes'],"[""Provence-Alpes-Côte d'Azur""]",COM,{05},{93}
4c95cbaa-b316-4c31-bc39-c6d9418d4b15,216601567,Commune de Rabouillet (66),false,{66156},Commune,2026-03-24 14:42:06.665412+01,gold_establishments_2025,,,,21660156700011,2025,Collectivité Territoriale,Commune,['Pyrénées-Orientales'],['Occitanie'],COM,{66},{76}
19318fed-bb3f-4905-b516-e45d62893967,215202946,Commune de Rachecourt-Suzémont (52),false,{52413},Commune,2026-03-24 14:42:01.954481+01,gold_establishments_2025,,,,21520294600012,2025,Collectivité Territoriale,Commune,['Haute-Marne'],['Grand Est'],COM,{52},{44}
1da5cad1-c82f-4394-b854-8c46b1096d46,215202953,Commune de Rachecourt-sur-Marne (52),false,{52414},Commune,2026-03-24 14:42:01.954481+01,gold_establishments_2025,,,,21520295300018,2025,Collectivité Territoriale,Commune,['Haute-Marne'],['Grand Est'],COM,{52},{44}
5ab1373e-6055-468e-932c-41c0d81becde,211003025,Commune de Racines (10),false,{10312},Commune,2026-03-24 14:41:53.095366+01,gold_establishments_2025,,,,21100302500015,2025,Collectivité Territoriale,Commune,['Aube'],['Grand Est'],COM,{10},{44}
07d664e4-d546-4a1b-8d4c-7f8d24b8c46d,216206847,Commune de Racquinghem (62),false,{62684},Commune,2026-03-24 14:42:05.597325+01,gold_establishments_2025,,,,21620684700016,2025,Collectivité Territoriale,Commune,['Pas-de-Calais'],['Hauts-de-France'],COM,{62},{32}
a277ca21-06fd-405f-9b44-7e6eecfb37a0,215705609,Commune de Racrange (57),false,{57560},Commune,2026-03-24 14:42:04.280096+01,gold_establishments_2025,,,,21570560900018,2025,Collectivité Territoriale,Commune,['Moselle'],['Grand Est'],COM,{57},{44}
8d9164cb-ea19-4897-9540-3deecb581cb8,218803658,Commune de Racécourt (88),false,{88365},Commune,2026-03-24 14:42:11.118516+01,gold_establishments_2025,,,,21880365800010,2025,Collectivité Territoriale,Commune,['Vosges'],['Grand Est'],COM,{88},{44}
d8fc6762-d1c4-47f8-a1ac-755ade3d6c4b,217004357,Commune de Raddon-et-Chapendu (70),false,{70435},Commune,2026-03-24 14:42:07.735343+01,gold_establishments_2025,,,,21700435700018,2025,Collectivité Territoriale,Commune,['Haute-Saône'],['Bourgogne-Franche-Comté'],COM,{70},{27}
a26ae203-2f52-4cff-a4aa-374e4620fd1f,215601899,Commune de Radenac (56),false,{56189},Commune,2026-03-24 14:42:03.701372+01,gold_establishments_2025,,,,21560189900010,2025,Collectivité Territoriale,Commune,['Morbihan'],['Bretagne'],COM,{56},{53}
b3491735-3ea5-4db5-b49b-f3a8741e3f41,212704878,Commune de Radepont (27),false,{27487},Commune,2026-03-24 14:41:57.028721+01,gold_establishments_2025,,,,21270487800017,2025,Collectivité Territoriale,Commune,['Eure'],['Normandie'],COM,{27},{28}
ac31d21d-a932-4e1d-9f4b-43ec15b85dc8,216206854,Commune de Radinghem (62),false,{62685},Commune,2026-03-24 14:42:05.597325+01,gold_establishments_2025,,,,21620685400012,2025,Collectivité Territoriale,Commune,['Pas-de-Calais'],['Hauts-de-France'],COM,{62},{32}
60c66a90-456d-4edf-90c5-fb25a85e54e2,215904871,Commune de Radinghem-en-Weppes (59),false,{59487},Commune,2026-03-24 14:42:04.814328+01,gold_establishments_2025,,,,21590487100013,2025,Collectivité Territoriale,Commune,['Nord'],['Hauts-de-France'],COM,{59},{32}
bdb1dfde-5890-495b-9899-f297920851a2,211003033,Commune de Radonvilliers (10),false,{10313},Commune,2026-03-24 14:41:53.095366+01,gold_establishments_2025,,,,21100303300019,2025,Collectivité Territoriale,Commune,['Aube'],['Grand Est'],COM,{10},{44}
a3139e67-83b1-4d69-8046-a813e0c448b7,216802595,Commune de Raedersdorf (68),false,{68259},Commune,2026-03-24 14:42:07.195692+01,gold_establishments_2025,,,,21680259500019,2025,Collectivité Territoriale,Commune,['Haut-Rhin'],['Grand Est'],COM,{68},{44}
0b86ae62-e4f6-4d55-b9bf-dc5f285a7b73,216802603,Commune de Raedersheim (68),false,{68260},Commune,2026-03-24 14:42:07.195692+01,gold_establishments_2025,,,,21680260300011,2025,Collectivité Territoriale,Commune,['Haut-Rhin'],['Grand Est'],COM,{68},{44}
c28c68ab-a2cf-4a62-b4e8-d161f1c35960,217605187,Commune de Raffetot (76),false,{76518},Commune,2026-03-24 14:42:08.818969+01,gold_establishments_2025,,,,21760518700012,2025,Collectivité Territoriale,Commune,['Seine-Maritime'],['Normandie'],COM,{76},{28}
934528d5-bd1a-4d0f-956d-9436c3886ed5,211501580,Commune de Rageade (15),false,{15158},Commune,2026-03-24 14:41:54.362296+01,gold_establishments_2025,,,,21150158000016,2025,Collectivité Territoriale,Commune,['Cantal'],['Auvergne-Rhône-Alpes'],COM,{15},{84}
a26c233c-6499-432d-967c-6bf59a958167,214101867,Commune de Rahart (41),false,{41186},Commune,2026-03-24 14:42:00.273698+01,gold_establishments_2025,,,,21410186700015,2025,Collectivité Territoriale,Commune,['Loir-et-Cher'],['Centre-Val de Loire'],COM,{41},{24}
5b197383-4f62-4666-8300-4f5e740c919f,217202506,Commune de Rahay (72),false,{72250},Commune,2026-03-24 14:42:08.279287+01,gold_establishments_2025,,,,21720250600010,2025,Collectivité Territoriale,Commune,['Sarthe'],['Pays de la Loire'],COM,{72},{52}
00ce0593-3694-4a61-ae86-429a4eea3f3c,215705617,Commune de Rahling (57),false,{57561},Commune,2026-03-24 14:42:04.280096+01,gold_establishments_2025,,,,21570561700011,2025,Collectivité Territoriale,Commune,['Moselle'],['Grand Est'],COM,{57},{44}
a9c96ac6-1ef4-4967-b319-d70c58286556,212504765,Commune de Rahon (25),false,{25476},Commune,2026-03-24 14:41:56.495197+01,gold_establishments_2025,,,,21250476500018,2025,Collectivité Territoriale,Commune,['Doubs'],['Bourgogne-Franche-Comté'],COM,{25},{27}
b59e03d8-682e-44e2-ad71-78a64ec30dcb,213904485,Commune de Rahon (39),false,{39448},Commune,2026-03-24 14:41:59.705606+01,gold_establishments_2025,,,,21390448500017,2025,Collectivité Territoriale,Commune,['Jura'],['Bourgogne-Franche-Comté'],COM,{39},{27}
c1b65f95-be8d-4b84-abe8-e207c986db0b,216103424,Commune de Rai (61),false,{61342},Commune,2026-03-24 14:42:05.597325+01,gold_establishments_2025,,,,21610342400018,2025,Collectivité Territoriale,Commune,['Orne'],['Normandie'],COM,{61},{28}
0e19b8ac-7bff-4270-9995-71b55a6ac9b4,215004227,Commune de Raids (50),false,{50422},Commune,2026-03-24 14:42:01.412377+01,gold_establishments_2025,,,,21500422700017,2025,Collectivité Territoriale,Commune,['Manche'],['Normandie'],COM,{50},{28}
c4ed9749-6755-45d6-b184-b40076a91e86,215904889,Commune de Raillencourt-Sainte-Olle (59),false,{59488},Commune,2026-03-24 14:42:04.814328+01,gold_establishments_2025,,,,21590488900056,2025,Collectivité Territoriale,Commune,['Nord'],['Hauts-de-France'],COM,{59},{32}
99f072cc-a08b-4a6c-b00b-7da119b41b9d,216601575,Commune de Railleu (66),false,{66157},Commune,2026-03-24 14:42:06.665412+01,gold_establishments_2025,,,,21660157500014,2025,Collectivité Territoriale,Commune,['Pyrénées-Orientales'],['Occitanie'],COM,{66},{76}
9509305f-cd27-4d7e-9bc7-4b51f124c293,210803177,Commune de Raillicourt (08),false,{08352},Commune,2026-03-24 14:41:53.095366+01,gold_establishments_2025,,,,21080317700018,2025,Collectivité Territoriale,Commune,['Ardennes'],['Grand Est'],COM,{08},{44}
5480958a-579f-49e4-916e-d914691382c9,210206090,Commune de Raillimont (02),false,{02634},Commune,2026-03-24 14:41:52.020251+01,gold_establishments_2025,,,,21020609000016,2025,Collectivité Territoriale,Commune,['Aisne'],['Hauts-de-France'],COM,{02},{32}
9219d0c4-8e70-4a24-9183-204df9e4e7e1,215904897,Commune de Raimbeaucourt (59),false,{59489},Commune,2026-03-24 14:42:04.814328+01,gold_establishments_2025,,,,21590489700018,2025,Collectivité Territoriale,Commune,['Nord'],['Hauts-de-France'],COM,{59},{32}
bae51513-cee1-4c2e-8cab-94b15bfc2ce7,213904493,Commune de Rainans (39),false,{39449},Commune,2026-03-24 14:41:59.705606+01,gold_establishments_2025,,,,21390449300011,2025,Collectivité Territoriale,Commune,['Jura'],['Bourgogne-Franche-Comté'],COM,{39},{27}
0736829e-c095-4eaf-823a-0bb8a5723230,218006203,Commune de Raincheval (80),false,{80659},Commune,2026-03-24 14:42:09.967209+01,gold_establishments_2025,,,,21800620300010,2025,Collectivité Territoriale,Commune,['Somme'],['Hauts-de-France'],COM,{80},{32}
acdefd88-b08f-485b-b439-b89084f494d7,217004365,Commune de Raincourt (70),false,{70436},Commune,2026-03-24 14:42:07.735343+01,gold_establishments_2025,,,,21700436500011,2025,Collectivité Territoriale,Commune,['Haute-Saône'],['Bourgogne-Franche-Comté'],COM,{70},{27}
a16aa986-5848-4a2d-9cf1-189f38d1be4b,217605195,Commune de Rainfreville (76),false,{76519},Commune,2026-03-24 14:42:08.818969+01,gold_establishments_2025,,,,21760519500015,2025,Collectivité Territoriale,Commune,['Seine-Maritime'],['Normandie'],COM,{76},{28}
a5333227-fc88-4c31-81a9-ae33104f311d,218006211,Commune de Rainneville (80),false,{80661},Commune,2026-03-24 14:42:09.967209+01,gold_establishments_2025,,,,21800621100013,2025,Collectivité Territoriale,Commune,['Somme'],['Hauts-de-France'],COM,{80},{32}
aee9c33b-5187-4089-bf62-d23021807fb9,215904905,Commune de Rainsars (59),false,{59490},Commune,2026-03-24 14:42:04.814328+01,gold_establishments_2025,,,,21590490500019,2025,Collectivité Territoriale,Commune,['Nord'],['Hauts-de-France'],COM,{59},{32}
f9e75fa4-c694-4465-a0f9-f413a50ef7f6,218803666,Commune de Rainville (88),false,{88366},Commune,2026-03-24 14:42:11.118516+01,gold_establishments_2025,,,,21880366600013,2025,Collectivité Territoriale,Commune,['Vosges'],['Grand Est'],COM,{88},{44}
a2297293-3de4-4767-82ba-b9efa7500fc8,216005173,Commune de Rainvillers (60),false,{60523},Commune,2026-03-24 14:42:04.814328+01,gold_establishments_2025,,,,21600517300010,2025,Collectivité Territoriale,Commune,['Oise'],['Hauts-de-France'],COM,{60},{32}
7c881cd8-25e7-42bf-a0dc-a930a6643eec,215904913,Commune de Raismes (59),false,{59491},Commune,2026-03-24 14:42:04.814328+01,gold_establishments_2025,,,,21590491300013,2025,Collectivité Territoriale,Commune,['Nord'],['Hauts-de-France'],COM,{59},{32}
befe4695-7b0f-40d4-9d67-c3bee228f483,210902425,Commune de Raissac (09),false,{09242},Commune,2026-03-24 14:41:53.095366+01,gold_establishments_2025,,,,21090242500011,2025,Collectivité Territoriale,Commune,['Ariège'],['Occitanie'],COM,{09},{76}
1f36dfe7-bad2-48c4-a2b6-09a42db7060b,211103072,Commune de Raissac-d'Aude (11),false,{11307},Commune,2026-03-24 14:41:53.63825+01,gold_establishments_2025,,,,21110307200016,2025,Collectivité Territoriale,Commune,['Aude'],['Occitanie'],COM,{11},{76}
565169e9-a4dd-4080-8336-4ffc6cbce0c4,211103080,Commune de Raissac-sur-Lampy (11),false,{11308},Commune,2026-03-24 14:41:53.63825+01,gold_establishments_2025,,,,21110308000019,2025,Collectivité Territoriale,Commune,['Aude'],['Occitanie'],COM,{11},{76}
c64e423e-2d10-4ff4-a5ea-6cde019163bc,215504424,Commune de Raival (55),false,{55442},Commune,2026-03-24 14:42:03.701372+01,gold_establishments_2025,,,,21550442400015,2025,Collectivité Territoriale,Commune,['Meuse'],['Grand Est'],COM,{55},{44}
2a57f237-fb5b-49d4-8f30-18663eb15b95,211602735,Commune de Raix (16),false,{16273},Commune,2026-03-24 14:41:54.362296+01,gold_establishments_2025,,,,21160273500014,2025,Collectivité Territoriale,Commune,['Charente'],['Nouvelle-Aquitaine'],COM,{16},{75}
d7bfb691-b2ed-405c-b403-b040e20c4ec8,217805167,Commune de Raizeux (78),false,{78516},Commune,2026-03-24 14:42:09.43682+01,gold_establishments_2025,,,,21780516700012,2025,Collectivité Territoriale,Commune,['Yvelines'],['Île-de-France'],COM,{78},{11}
d1f30373-373b-4c74-966c-d76698d1b2e2,210103172,Commune de Ramasse (01),false,{01317},Commune,2026-03-24 14:41:51.447482+01,gold_establishments_2025,,,,21010317200016,2025,Collectivité Territoriale,Commune,['Ain'],['Auvergne-Rhône-Alpes'],COM,{01},{84}
23a292e5-313d-4e80-9801-db02538b7f89,218301018,Commune de Ramatuelle (83),false,{83101},Commune,2026-03-24 14:42:10.508772+01,gold_establishments_2025,,,,21830101800014,2025,Collectivité Territoriale,Commune,['Var'],"[""Provence-Alpes-Côte d'Azur""]",COM,{83},{93}
92288a8f-a0a9-461e-bda8-971927852002,210501136,Commune de Rambaud (05),false,{05113},Commune,2026-03-24 14:41:52.562531+01,gold_establishments_2025,,,,21050113600019,2025,Collectivité Territoriale,Commune,['Hautes-Alpes'],"[""Provence-Alpes-Côte d'Azur""]",COM,{05},{93}
d05a8d73-4b54-402a-b2cc-26b3e8b0af5b,218803674,Commune de Rambervillers (88),false,{88367},Commune,2026-03-24 14:42:11.118516+01,gold_establishments_2025,,,,21880367400017,2025,Collectivité Territoriale,Commune,['Vosges'],['Grand Est'],COM,{88},{44}
a07c6fd0-49b5-458e-b98c-9c13f1a90139,215504119,Commune de Rambluzin-et-Benoite-Vaux (55),false,{55411},Commune,2026-03-24 14:42:03.701372+01,gold_establishments_2025,,,,21550411900011,2025,Collectivité Territoriale,Commune,['Meuse'],['Grand Est'],COM,{55},{44}
4910d988-c34f-46e0-b72d-48f18cfe516a,217805175,Commune de Rambouillet (78),false,{78517},Commune,2026-03-24 14:42:09.43682+01,gold_establishments_2025,,,,21780517500015,2025,Collectivité Territoriale,Commune,['Yvelines'],['Île-de-France'],COM,{78},{11}
17acfe56-e55e-4d0c-a1cc-51891b257374,215504127,Commune de Rambucourt (55),false,{55412},Commune,2026-03-24 14:42:03.701372+01,gold_establishments_2025,,,,21550412700014,2025,Collectivité Territoriale,Commune,['Meuse'],['Grand Est'],COM,{55},{44}
6ecba04f-5fbd-4fe9-9c38-fbbbb252eeea,218006229,Commune de Ramburelles (80),false,{80662},Commune,2026-03-24 14:42:09.967209+01,gold_establishments_2025,,,,21800622900015,2025,Collectivité Territoriale,Commune,['Somme'],['Hauts-de-France'],COM,{80},{32}
720eaf30-3441-44b6-9a4a-eee78a6f27cb,218006237,Commune de Rambures (80),false,{80663},Commune,2026-03-24 14:42:09.967209+01,gold_establishments_2025,,,,21800623700018,2025,Collectivité Territoriale,Commune,['Somme'],['Hauts-de-France'],COM,{80},{32}
ed282f2b-c319-4292-9a3a-e11d5aa299c4,216206862,Commune de Ramecourt (62),false,{62686},Commune,2026-03-24 14:42:05.597325+01,gold_establishments_2025,,,,21620686200015,2025,Collectivité Territoriale,Commune,['Pas-de-Calais'],['Hauts-de-France'],COM,{62},{32}
18fa77a4-1286-4df1-bd67-b3052d708875,218803682,Commune de Ramecourt (88),false,{88368},Commune,2026-03-24 14:42:11.118516+01,gold_establishments_2025,,,,21880368200010,2025,Collectivité Territoriale,Commune,['Vosges'],['Grand Est'],COM,{88},{44}
04a1880e-3c06-472e-9e53-cc48fb4bed10,211003041,Commune de Ramerupt (10),false,{10314},Commune,2026-03-24 14:41:53.095366+01,gold_establishments_2025,,,,21100304100012,2025,Collectivité Territoriale,Commune,['Aube'],['Grand Est'],COM,{10},{44}
cf4dc113-45cf-4ccb-9df5-a61181147a42,210206108,Commune de Ramicourt (02),false,{02635},Commune,2026-03-24 14:41:52.020251+01,gold_establishments_2025,,,,21020610800016,2025,Collectivité Territoriale,Commune,['Aisne'],['Hauts-de-France'],COM,{02},{32}
fbf32723-4fac-4225-83c9-15c87e80c442,215904921,Commune de Ramillies (59),false,{59492},Commune,2026-03-24 14:42:04.814328+01,gold_establishments_2025,,,,21590492100016,2025,Collectivité Territoriale,Commune,['Nord'],['Hauts-de-France'],COM,{59},{32}
b186596e-9ec9-4195-8cd3-aeff8622aec4,216802611,Commune de Rammersmatt (68),false,{68261},Commune,2026-03-24 14:42:07.195692+01,gold_establishments_2025,,,,21680261100014,2025,Collectivité Territoriale,Commune,['Haut-Rhin'],['Grand Est'],COM,{68},{44}
08c2f1ed-fa01-4780-ae80-d2537263e353,218803690,Commune de Ramonchamp (88),false,{88369},Commune,2026-03-24 14:42:11.118516+01,gold_establishments_2025,,,,21880369000013,2025,Collectivité Territoriale,Commune,['Vosges'],['Grand Est'],COM,{88},{44}
b2045b2b-a830-4c1a-b049-ea6ab6da3081,213104466,Commune de Ramonville-Saint-Agne (31),false,{31446},Commune,2026-03-24 14:41:58.09424+01,gold_establishments_2025,,,,21310446600015,2025,Collectivité Territoriale,Commune,['Haute-Garonne'],['Occitanie'],COM,{31},{76}
820145b2-a6b5-4bda-ae9c-54c4bd680e73,214502601,Commune de Ramoulu (45),false,{45260},Commune,2026-03-24 14:42:00.862623+01,gold_establishments_2025,,,,21450260100013,2025,Collectivité Territoriale,Commune,['Loiret'],['Centre-Val de Loire'],COM,{45},{24}
14ddd21e-a796-4b67-be99-b42dbd95d409,216405852,Commune de Ramous (64),false,{64462},Commune,2026-03-24 14:42:06.665412+01,gold_establishments_2025,,,,21640585200015,2025,Collectivité Territoriale,Commune,['Pyrénées-Atlantiques'],['Nouvelle-Aquitaine'],COM,{64},{75}
b8271472-0fb8-4c89-b2e8-41962ce0b853,215904939,Commune de Ramousies (59),false,{59493},Commune,2026-03-24 14:42:04.814328+01,gold_establishments_2025,,,,21590493900018,2025,Collectivité Territoriale,Commune,['Nord'],['Hauts-de-France'],COM,{59},{32}
c0fc0928-14b3-4578-9eb7-73dd9fb8566a,213203383,Commune de Ramouzens (32),false,{32338},Commune,2026-03-24 14:41:58.09424+01,gold_establishments_2025,,,,21320338300012,2025,Collectivité Territoriale,Commune,['Gers'],['Occitanie'],COM,{32},{76}
1bc55f19-70c1-4967-b1d0-3722020683d1,215004235,Commune de Rampan (50),false,{50423},Commune,2026-03-24 14:42:01.412377+01,gold_establishments_2025,,,,21500423500010,2025,Collectivité Territoriale,Commune,['Manche'],['Normandie'],COM,{50},{28}
cc82fa20-45d6-435f-ba94-c957bca335e1,212403471,Commune de Rampieux (24),false,{24347},Commune,2026-03-24 14:41:55.958138+01,gold_establishments_2025,,,,21240347100015,2025,Collectivité Territoriale,Commune,['Dordogne'],['Nouvelle-Aquitaine'],COM,{24},{75}
78401b95-4c8e-4733-8b35-78d6b098b552,217703834,Commune de Rampillon (77),false,{77383},Commune,2026-03-24 14:42:09.43682+01,gold_establishments_2025,,,,21770383400010,2025,Collectivité Territoriale,Commune,['Seine-et-Marne'],['Île-de-France'],COM,{77},{11}
dedd102a-adec-4573-8ca6-74241538465a,214602344,Commune de Rampoux (46),false,{46234},Commune,2026-03-24 14:42:00.862623+01,gold_establishments_2025,,,,21460234400019,2025,Collectivité Territoriale,Commune,['Lot'],['Occitanie'],COM,{46},{76}
23ff653b-7bdd-4d10-8f6a-146f6b3b5f87,212504773,Commune de Rancenay (25),false,{25477},Commune,2026-03-24 14:41:56.495197+01,gold_establishments_2025,,,,21250477300012,2025,Collectivité Territoriale,Commune,['Doubs'],['Bourgogne-Franche-Comté'],COM,{25},{27}
0dbdb426-1ca3-4a6e-bf17-cba7c63d70c7,210803185,Commune de Rancennes (08),false,{08353},Commune,2026-03-24 14:41:53.095366+01,gold_establishments_2025,,,,21080318500045,2025,Collectivité Territoriale,Commune,['Ardennes'],['Grand Est'],COM,{08},{44}
54285b36-b00c-4152-8d5d-d2f2a1ed47f8,211003058,Commune de Rances (10),false,{10315},Commune,2026-03-24 14:41:53.095366+01,gold_establishments_2025,,,,21100305800016,2025,Collectivité Territoriale,Commune,['Aube'],['Grand Est'],COM,{10},{44}
eeccd1de-8499-43eb-b17e-a2e183126acb,216901645,Commune de Ranchal (69),false,{69164},Commune,2026-03-24 14:42:07.195692+01,gold_establishments_2025,,,,21690164500012,2025,Collectivité Territoriale,Commune,['Rhône'],['Auvergne-Rhône-Alpes'],COM,{69},{84}
fb1139a8-30e4-4c2a-abb7-c8036ddd2298,213904519,Commune de Ranchot (39),false,{39451},Commune,2026-03-24 14:41:59.705606+01,gold_establishments_2025,,,,21390451900013,2025,Collectivité Territoriale,Commune,['Jura'],['Bourgogne-Franche-Comté'],COM,{39},{27}
e2eb529a-032a-4dff-95da-561ebab84485,211405295,Commune de Ranchy (14),false,{14529},Commune,2026-03-24 14:41:54.362296+01,gold_establishments_2025,,,,21140529500018,2025,Collectivité Territoriale,Commune,['Calvados'],['Normandie'],COM,{14},{28}
4b6e2b77-fa4e-4dae-8f8a-c19f5b0c5e10,218712107,Commune de Rancon (87),false,{87121},Commune,2026-03-24 14:42:11.118516+01,gold_establishments_2025,,,,21871210700018,2025,Collectivité Territoriale,Commune,['Haute-Vienne'],['Nouvelle-Aquitaine'],COM,{87},{75}
29142140-fafb-47f2-a12a-796e761a62e0,218006245,Commune de Rancourt (80),false,{80664},Commune,2026-03-24 14:42:09.967209+01,gold_establishments_2025,,,,21800624500011,2025,Collectivité Territoriale,Commune,['Somme'],['Hauts-de-France'],COM,{80},{32}
8658c498-09b9-4384-9095-d4553e5dfc8c,218803708,Commune de Rancourt (88),false,{88370},Commune,2026-03-24 14:42:11.118516+01,gold_establishments_2025,,,,21880370800013,2025,Collectivité Territoriale,Commune,['Vosges'],['Grand Est'],COM,{88},{44}
4d171b54-f369-480a-a0fe-278a3baeb872,215504143,Commune de Rancourt-sur-Ornain (55),false,{55414},Commune,2026-03-24 14:42:03.701372+01,gold_establishments_2025,,,,21550414300011,2025,Collectivité Territoriale,Commune,['Meuse'],['Grand Est'],COM,{55},{44}
b79d0d65-c155-49a6-8766-cafdc84e3b22,217103654,Commune de Rancy (71),false,{71365},Commune,2026-03-24 14:42:07.735343+01,gold_establishments_2025,,,,21710365400018,2025,Collectivité Territoriale,Commune,['Saône-et-Loire'],['Bourgogne-Franche-Comté'],COM,{71},{27}
c7b419bb-cdf7-4fed-83d6-01b11d47fc16,210103180,Commune de Rancé (01),false,{01318},Commune,2026-03-24 14:41:51.447482+01,gold_establishments_2025,,,,21010318000019,2025,Collectivité Territoriale,Commune,['Ain'],['Auvergne-Rhône-Alpes'],COM,{01},{84}
a16531d5-b2c3-4a1b-be5d-02b4e51ae6e3,216302950,Commune de Randan (63),false,{63295},Commune,2026-03-24 14:42:06.130387+01,gold_establishments_2025,,,,21630295000011,2025,Collectivité Territoriale,Commune,['Puy-de-Dôme'],['Auvergne-Rhône-Alpes'],COM,{63},{84}
88f5685c-baf7-4f18-afa8-218e24801632,212504781,Commune de Randevillers (25),false,{25478},Commune,2026-03-24 14:41:56.495197+01,gold_establishments_2025,,,,21250478100015,2025,Collectivité Territoriale,Commune,['Doubs'],['Bourgogne-Franche-Comté'],COM,{25},{27}
9e297e9f-ba4e-4ea9-a370-3da297081b3f,212504799,Commune de Rang (25),false,{25479},Commune,2026-03-24 14:41:56.495197+01,gold_establishments_2025,,,,21250479900017,2025,Collectivité Territoriale,Commune,['Doubs'],['Bourgogne-Franche-Comté'],COM,{25},{27}
e849b430-ba73-4338-9c18-6049b189d423,216206888,Commune de Rang-du-Fliers (62),false,{62688},Commune,2026-03-24 14:42:05.597325+01,gold_establishments_2025,,,,21620688800077,2025,Collectivité Territoriale,Commune,['Pas-de-Calais'],['Hauts-de-France'],COM,{62},{32}
58af3676-95dc-41df-93d5-ab3a934224b9,215202979,Commune de Rangecourt (52),false,{52416},Commune,2026-03-24 14:42:01.954481+01,gold_establishments_2025,,,,21520297900013,2025,Collectivité Territoriale,Commune,['Haute-Marne'],['Grand Est'],COM,{52},{44}
d3a8cc98-f2be-4834-a708-6c89941d35b0,216703835,Commune de Rangen (67),false,{67383},Commune,2026-03-24 14:42:07.195692+01,gold_establishments_2025,,,,21670383500019,2025,Collectivité Territoriale,Commune,['Bas-Rhin'],['Grand Est'],COM,{67},{44}
d1c8776c-8b08-4054-a523-2961eeecaf28,215708629,Commune de Ranguevaux (57),false,{57562},Commune,2026-03-24 14:42:04.280096+01,gold_establishments_2025,,,,21570862900013,2025,Collectivité Territoriale,Commune,['Moselle'],['Grand Est'],COM,{57},{44}
fec6e595-ae8d-4928-aec0-bd10619790a8,213502354,Commune de Rannée (35),false,{35235},Commune,2026-03-24 14:41:58.620411+01,gold_establishments_2025,,,,21350235400011,2025,Collectivité Territoriale,Commune,['Ille-et-Vilaine'],['Bretagne'],COM,{35},{53}
efe84166-6940-47a4-8a71-d05c73a51862,216703843,Commune de Ranrupt (67),false,{67384},Commune,2026-03-24 14:42:07.195692+01,gold_establishments_2025,,,,21670384300013,2025,Collectivité Territoriale,Commune,['Bas-Rhin'],['Grand Est'],COM,{67},{44}
941f1250-74a5-4f81-91eb-c28c18e9c300,213904527,Commune de Rans (39),false,{39452},Commune,2026-03-24 14:41:59.705606+01,gold_establishments_2025,,,,21390452700016,2025,Collectivité Territoriale,Commune,['Jura'],['Bourgogne-Franche-Comté'],COM,{39},{27}
4faa436b-dc50-4cd5-98cd-690ba378474d,216206896,Commune de Ransart (62),false,{62689},Commune,2026-03-24 14:42:05.597325+01,gold_establishments_2025,,,,21620689600013,2025,Collectivité Territoriale,Commune,['Pas-de-Calais'],['Hauts-de-France'],COM,{62},{32}
aafe655e-739e-462e-961d-d1573317e9af,216802629,Commune de Ranspach (68),false,{68262},Commune,2026-03-24 14:42:07.195692+01,gold_establishments_2025,,,,21680262900016,2025,Collectivité Territoriale,Commune,['Haut-Rhin'],['Grand Est'],COM,{68},{44}
444f04f4-9e2d-490e-bac0-db0ad3793def,216802637,Commune de Ranspach-le-Bas (68),false,{68263},Commune,2026-03-24 14:42:07.195692+01,gold_establishments_2025,,,,21680263700019,2025,Collectivité Territoriale,Commune,['Haut-Rhin'],['Grand Est'],COM,{68},{44}
3526d816-22a0-4bc1-ac7d-109e0444b947,216802645,Commune de Ranspach-le-Haut (68),false,{68264},Commune,2026-03-24 14:42:07.195692+01,gold_establishments_2025,,,,21680264500012,2025,Collectivité Territoriale,Commune,['Haut-Rhin'],['Grand Est'],COM,{68},{44}
c8855523-ede7-4100-8e36-163dbe91f1e1,216005181,Commune de Rantigny (60),false,{60524},Commune,2026-03-24 14:42:04.814328+01,gold_establishments_2025,,,,21600518100013,2025,Collectivité Territoriale,Commune,['Oise'],['Hauts-de-France'],COM,{60},{32}
c3692606-09cb-46b3-abef-d14a7a5534f7,218602050,Commune de Ranton (86),false,{86205},Commune,2026-03-24 14:42:10.508772+01,gold_establishments_2025,,,,21860205000013,2025,Collectivité Territoriale,Commune,['Vienne'],['Nouvelle-Aquitaine'],COM,{86},{75}
fe36ce11-bf7a-4f25-ae1b-824aa100536e,216802652,Commune de Rantzwiller (68),false,{68265},Commune,2026-03-24 14:42:07.195692+01,gold_establishments_2025,,,,21680265200018,2025,Collectivité Territoriale,Commune,['Haut-Rhin'],['Grand Est'],COM,{68},{44}
7299c6ef-fc20-4125-a683-1f5481111b73,211405303,Commune de Ranville (14),false,{14530},Commune,2026-03-24 14:41:54.362296+01,gold_establishments_2025,,,,21140530300010,2025,Collectivité Territoriale,Commune,['Calvados'],['Normandie'],COM,{14},{28}
d19ccf22-847b-4d7e-ba6e-e7e3d2c9bfde,211602750,Commune de Ranville-Breuillaud (16),false,{16275},Commune,2026-03-24 14:41:54.362296+01,gold_establishments_2025,,,,21160275000013,2025,Collectivité Territoriale,Commune,['Charente'],['Nouvelle-Aquitaine'],COM,{16},{75}
500abe34-ee46-4dc3-b52a-40518a7075a5,217004373,Commune de Ranzevelle (70),false,{70437},Commune,2026-03-24 14:42:07.735343+01,gold_establishments_2025,,,,21700437300015,2025,Collectivité Territoriale,Commune,['Haute-Saône'],['Bourgogne-Franche-Comté'],COM,{70},{27}
a625711f-3373-4c4a-a8db-8bc80cbf2bf8,215504150,Commune de Ranzières (55),false,{55415},Commune,2026-03-24 14:42:03.701372+01,gold_establishments_2025,,,,21550415000016,2025,Collectivité Territoriale,Commune,['Meuse'],['Grand Est'],COM,{55},{44}
196fcdb2-1d0d-4ec6-93bb-edd26542bf52,215202961,Commune de Rançonnières (52),false,{52415},Commune,2026-03-24 14:42:01.954481+01,gold_establishments_2025,,,,21520296100011,2025,Collectivité Territoriale,Commune,['Haute-Marne'],['Grand Est'],COM,{52},{44}
3700479e-0703-4d9c-b35b-66d28c8d8b06,218803716,Commune de Raon-aux-Bois (88),false,{88371},Commune,2026-03-24 14:42:11.118516+01,gold_establishments_2025,,,,21880371600016,2025,Collectivité Territoriale,Commune,['Vosges'],['Grand Est'],COM,{88},{44}
f601cf90-f6f6-41c7-9825-dcce61dcc238,218803724,Commune de Raon-l'Étape (88),false,{88372},Commune,2026-03-24 14:42:11.118516+01,gold_establishments_2025,,,,21880372400010,2025,Collectivité Territoriale,Commune,['Vosges'],['Grand Est'],COM,{88},{44}
1aaeb92f-3401-4ed5-bb30-56153645165c,215404435,Commune de Raon-lès-Leau (54),false,{54443},Commune,2026-03-24 14:42:02.957225+01,gold_establishments_2025,,,,21540443500012,2025,Collectivité Territoriale,Commune,['Meurthe-et-Moselle'],['Grand Est'],COM,{54},{44}
55f54307-13a3-4634-956b-c6be43cff2d3,218803732,Commune de Raon-sur-Plaine (88),false,{88373},Commune,2026-03-24 14:42:11.118516+01,gold_establishments_2025,,,,21880373200013,2025,Collectivité Territoriale,Commune,['Vosges'],['Grand Est'],COM,{88},{44}
6bd194ca-28fd-489a-b8e1-3820325edf36,212002562,Commune de Rapaggio (2B),false,{2B256},Commune,2026-03-24 14:41:57.56054+01,gold_establishments_2025,,,,21200256200016,2025,Collectivité Territoriale,Commune,['Haute-Corse'],['Corse'],COM,{2B},{94}
6efc71ae-e326-42ff-af89-84504a65127d,212002570,Commune de Rapale (2B),false,{2B257},Commune,2026-03-24 14:41:57.56054+01,gold_establishments_2025,,,,21200257000019,2025,Collectivité Territoriale,Commune,['Haute-Corse'],['Corse'],COM,{2B},{94}
dd57aac0-3416-4abf-9541-a4922ef5b160,218803740,Commune de Rapey (88),false,{88374},Commune,2026-03-24 14:42:11.118516+01,gold_establishments_2025,,,,21880374000016,2025,Collectivité Territoriale,Commune,['Vosges'],['Grand Est'],COM,{88},{44}
a7127764-f7f7-4c83-8cec-1ad8a3336c7f,211405311,Commune de Rapilly (14),false,{14531},Commune,2026-03-24 14:41:54.362296+01,gold_establishments_2025,,,,21140531100013,2025,Collectivité Territoriale,Commune,['Calvados'],['Normandie'],COM,{14},{28}
70de25ea-5c8f-4d22-ab61-d08f14b9c856,215104191,Commune de Rapsécourt (51),false,{51452},Commune,2026-03-24 14:42:01.954481+01,gold_establishments_2025,,,,21510419100014,2025,Collectivité Territoriale,Commune,['Marne'],['Grand Est'],COM,{51},{44}
bf6e2da0-a748-4488-88b7-6f36421119a4,216005199,Commune de Raray (60),false,{60525},Commune,2026-03-24 14:42:04.814328+01,gold_establishments_2025,,,,21600519900015,2025,Collectivité Territoriale,Commune,['Oise'],['Hauts-de-France'],COM,{60},{32}
390cdf92-fd28-4212-bea3-240a5788813f,215504168,Commune de Rarécourt (55),false,{55416},Commune,2026-03-24 14:42:03.701372+01,gold_establishments_2025,,,,21550416800018,2025,Collectivité Territoriale,Commune,['Meuse'],['Grand Est'],COM,{55},{44}
3f0b01e0-1986-49aa-89e8-9d4bf2a6be44,216601583,Commune de Rasiguères (66),false,{66158},Commune,2026-03-24 14:42:06.665412+01,gold_establishments_2025,,,,21660158300018,2025,Collectivité Territoriale,Commune,['Pyrénées-Orientales'],['Occitanie'],COM,{66},{76}
d1db82ad-57bf-4851-9b7b-0f258384b89c,218602068,Commune de Raslay (86),false,{86206},Commune,2026-03-24 14:42:10.508772+01,gold_establishments_2025,,,,21860206800015,2025,Collectivité Territoriale,Commune,['Vienne'],['Nouvelle-Aquitaine'],COM,{86},{75}
ecf8b2b4-6cd2-4879-9c60-6ffe57b3798a,218400968,Commune de Rasteau (84),false,{84096},Commune,2026-03-24 14:42:10.508772+01,gold_establishments_2025,,,,21840096800010,2025,Collectivité Territoriale,Commune,['Vaucluse'],"[""Provence-Alpes-Côte d'Azur""]",COM,{84},{93}
6b77ec91-b7f5-4718-b443-ea19c82d5868,217103662,Commune de Ratenelle (71),false,{71366},Commune,2026-03-24 14:42:07.735343+01,gold_establishments_2025,,,,21710366200011,2025,Collectivité Territoriale,Commune,['Saône-et-Loire'],['Bourgogne-Franche-Comté'],COM,{71},{27}
2a1c3e6c-3621-41c5-b85d-903e6541162e,212602593,Commune de Ratières (26),false,{26259},Commune,2026-03-24 14:41:56.495197+01,gold_establishments_2025,,,,21260259300015,2025,Collectivité Territoriale,Commune,['Drôme'],['Auvergne-Rhône-Alpes'],COM,{26},{84}
69ac928a-0f0a-4d1a-a7e1-cdee1acc8c68,217103670,Commune de Ratte (71),false,{71367},Commune,2026-03-24 14:42:07.735343+01,gold_establishments_2025,,,,21710367000014,2025,Collectivité Territoriale,Commune,['Saône-et-Loire'],['Bourgogne-Franche-Comté'],COM,{71},{27}
2d40143f-407a-4ae1-91f9-bf4e0ba511df,216703850,Commune de Ratzwiller (67),false,{67385},Commune,2026-03-24 14:42:07.195692+01,gold_establishments_2025,,,,21670385000018,2025,Collectivité Territoriale,Commune,['Bas-Rhin'],['Grand Est'],COM,{67},{44}
78838014-e469-4404-81fb-03fc99f405f2,214301590,Commune de Raucoules (43),false,{43159},Commune,2026-03-24 14:42:00.273698+01,gold_establishments_2025,,,,21430159000011,2025,Collectivité Territoriale,Commune,['Haute-Loire'],['Auvergne-Rhône-Alpes'],COM,{43},{84}
9d876444-b06b-4a9d-b58e-8b720fc0a10f,215404443,Commune de Raucourt (54),false,{54444},Commune,2026-03-24 14:42:02.957225+01,gold_establishments_2025,,,,21540444300016,2025,Collectivité Territoriale,Commune,['Meurthe-et-Moselle'],['Grand Est'],COM,{54},{44}
3d34f9bb-1805-4cf2-810f-9734b3bbc175,215904947,Commune de Raucourt-au-Bois (59),false,{59494},Commune,2026-03-24 14:42:04.814328+01,gold_establishments_2025,,,,21590494700011,2025,Collectivité Territoriale,Commune,['Nord'],['Hauts-de-France'],COM,{59},{32}
ea938581-4ca7-4f60-b590-530c38f72bf7,210803193,Commune de Raucourt-et-Flaba (08),false,{08354},Commune,2026-03-24 14:41:53.095366+01,gold_establishments_2025,,,,21080319300015,2025,Collectivité Territoriale,Commune,['Ardennes'],['Grand Est'],COM,{08},{44}
8615561e-66dd-4622-9ab5-bea07d2986da,211501598,Commune de Raulhac (15),false,{15159},Commune,2026-03-24 14:41:54.362296+01,gold_establishments_2025,,,,21150159800018,2025,Collectivité Territoriale,Commune,['Cantal'],['Auvergne-Rhône-Alpes'],COM,{15},{84}
6b907623-e5f5-4d3d-a8c9-d16145529b56,214301608,Commune de Rauret (43),false,{43160},Commune,2026-03-24 14:42:00.273698+01,gold_establishments_2025,,,,21430160800011,2025,Collectivité Territoriale,Commune,['Haute-Loire'],['Auvergne-Rhône-Alpes'],COM,{43},{84}
afda2f4d-761e-49cd-8fe8-e4e22e38a1e5,215004250,Commune de Rauville-la-Bigot (50),false,{50425},Commune,2026-03-24 14:42:01.412377+01,gold_establishments_2025,,,,21500425000019,2025,Collectivité Territoriale,Commune,['Manche'],['Normandie'],COM,{50},{28}
04fc2a37-f0af-48b1-9f1c-8a978dd02fef,215004268,Commune de Rauville-la-Place (50),false,{50426},Commune,2026-03-24 14:42:01.412377+01,gold_establishments_2025,,,,21500426800011,2025,Collectivité Territoriale,Commune,['Manche'],['Normandie'],COM,{50},{28}
23888fbb-e167-4b06-aaa4-62dd5b8cf3c7,216703868,Commune de Rauwiller (67),false,{67386},Commune,2026-03-24 14:42:07.195692+01,gold_establishments_2025,,,,21670386800010,2025,Collectivité Territoriale,Commune,['Bas-Rhin'],['Grand Est'],COM,{67},{44}
f55d31b4-0fc5-46b1-a884-cd914b5e989a,213303506,Commune de Rauzan (33),false,{33350},Commune,2026-03-24 14:41:58.620411+01,gold_establishments_2025,,,,21330350600017,2025,Collectivité Territoriale,Commune,['Gironde'],['Nouvelle-Aquitaine'],COM,{33},{75}
ce239c5f-e59b-4d2b-a0e1-8b7c7e0418bc,215802208,Commune de Raveau (58),false,{58220},Commune,2026-03-24 14:42:04.280096+01,gold_establishments_2025,,,,21580220800011,2025,Collectivité Territoriale,Commune,['Nièvre'],['Bourgogne-Franche-Comté'],COM,{58},{27}
d8804147-bc5d-4e4e-bbfa-124bd0c54c0c,216302968,Commune de Ravel (63),false,{63296},Commune,2026-03-24 14:42:06.130387+01,gold_establishments_2025,,,,21630296800013,2025,Collectivité Territoriale,Commune,['Puy-de-Dôme'],['Auvergne-Rhône-Alpes'],COM,{63},{84}
b804b0c7-2426-47c2-bbd4-451bf5be6de4,216005207,Commune de Ravenel (60),false,{60526},Commune,2026-03-24 14:42:04.814328+01,gold_establishments_2025,,,,21600520700016,2025,Collectivité Territoriale,Commune,['Oise'],['Hauts-de-France'],COM,{60},{32}
80317521-5f86-4411-9106-90466c5643f4,218803757,Commune de Raves (88),false,{88375},Commune,2026-03-24 14:42:11.118516+01,gold_establishments_2025,,,,21880375700010,2025,Collectivité Territoriale,Commune,['Vosges'],['Grand Est'],COM,{88},{44}
d7a48025-fa68-4d3f-9fa5-0e918cc287aa,215301870,Commune de Ravigny (53),false,{53187},Commune,2026-03-24 14:42:02.957225+01,gold_establishments_2025,,,,21530187000014,2025,Collectivité Territoriale,Commune,['Mayenne'],['Pays de la Loire'],COM,{53},{52}
51c22564-0594-494b-9761-b976942c4a9c,215705633,Commune de Raville (57),false,{57563},Commune,2026-03-24 14:42:04.280096+01,gold_establishments_2025,,,,21570563300018,2025,Collectivité Territoriale,Commune,['Moselle'],['Grand Est'],COM,{57},{44}
13a151c3-f8ba-4b1a-a641-4e64f0105608,215404450,Commune de Raville-sur-Sânon (54),false,{54445},Commune,2026-03-24 14:42:02.957225+01,gold_establishments_2025,,,,21540445000011,2025,Collectivité Territoriale,Commune,['Meurthe-et-Moselle'],['Grand Est'],COM,{54},{44}
d41995bb-4e44-491f-b0ca-2f13e249f4e4,213904535,Commune de Ravilloles (39),false,{39453},Commune,2026-03-24 14:41:59.705606+01,gold_establishments_2025,,,,21390453500019,2025,Collectivité Territoriale,Commune,['Jura'],['Bourgogne-Franche-Comté'],COM,{39},{27}
d1094991-d7ca-48a1-9fd4-6f67c0ed9343,218903219,Commune de Ravières (89),false,{89321},Commune,2026-03-24 14:42:11.659493+01,gold_establishments_2025,,,,21890321900010,2025,Collectivité Territoriale,Commune,['Yonne'],['Bourgogne-Franche-Comté'],COM,{89},{27}
44a62f34-e817-46ff-b162-2614c83d6453,217004381,Commune de Ray-sur-Saône (70),false,{70438},Commune,2026-03-24 14:42:07.735343+01,gold_establishments_2025,,,,21700438100018,2025,Collectivité Territoriale,Commune,['Haute-Saône'],['Bourgogne-Franche-Comté'],COM,{70},{27}
85b47a3b-a685-4b78-8537-318138924b86,216206904,Commune de Raye-sur-Authie (62),false,{62690},Commune,2026-03-24 14:42:05.597325+01,gold_establishments_2025,,,,21620690400015,2025,Collectivité Territoriale,Commune,['Pas-de-Calais'],['Hauts-de-France'],COM,{62},{32}
a496e0ea-8f6d-47d6-bc62-19027f514f6d,214702193,Commune de Rayet (47),false,{47219},Commune,2026-03-24 14:42:00.862623+01,gold_establishments_2025,,,,21470219300019,2025,Collectivité Territoriale,Commune,['Lot-et-Garonne'],['Nouvelle-Aquitaine'],COM,{47},{75}
a1254b20-934a-4346-8fc7-505c79ef1014,211801915,Commune de Raymond (18),false,{18191},Commune,2026-03-24 14:41:54.903238+01,gold_establishments_2025,,,,21180191500011,2025,Collectivité Territoriale,Commune,['Cher'],['Centre-Val de Loire'],COM,{18},{24}
95fcbd47-9594-485c-8ae1-5d1d941ce5cb,212504815,Commune de Raynans (25),false,{25481},Commune,2026-03-24 14:41:56.495197+01,gold_establishments_2025,,,,21250481500011,2025,Collectivité Territoriale,Commune,['Doubs'],['Bourgogne-Franche-Comté'],COM,{25},{27}
eaa756d6-8931-42ad-91da-bfea4bc7f0a2,218301521,Commune de Rayol-Canadel-sur-Mer (83),false,{83152},Commune,2026-03-24 14:42:10.508772+01,gold_establishments_2025,,,,21830152100017,2025,Collectivité Territoriale,Commune,['Var'],"[""Provence-Alpes-Côte d'Azur""]",COM,{83},{93}
0476415b-a197-495f-831c-74505906cb56,218102218,Commune de Rayssac (81),false,{81221},Commune,2026-03-24 14:42:09.967209+01,gold_establishments_2025,,,,21810221800011,2025,Collectivité Territoriale,Commune,['Tarn'],['Occitanie'],COM,{81},{76}
f848923c-f5b0-4864-8d67-f393c206a1ef,212403489,Commune de Razac-d'Eymet (24),false,{24348},Commune,2026-03-24 14:41:55.958138+01,gold_establishments_2025,,,,21240348900017,2025,Collectivité Territoriale,Commune,['Dordogne'],['Nouvelle-Aquitaine'],COM,{24},{75}
ddf7a9ad-52c8-4741-89d5-c24256ae1555,212403497,Commune de Razac-de-Saussignac (24),false,{24349},Commune,2026-03-24 14:41:55.958138+01,gold_establishments_2025,,,,21240349700010,2025,Collectivité Territoriale,Commune,['Dordogne'],['Nouvelle-Aquitaine'],COM,{24},{75}
719cb614-8b43-46c7-aa4f-c2a5e5736374,212403505,Commune de Razac-sur-l'Isle (24),false,{24350},Commune,2026-03-24 14:41:55.958138+01,gold_establishments_2025,,,,21240350500010,2025,Collectivité Territoriale,Commune,['Dordogne'],['Nouvelle-Aquitaine'],COM,{24},{75}
32d7a1cb-d176-4d1e-a03b-8cefd8867a22,217004399,Commune de Raze (70),false,{70439},Commune,2026-03-24 14:42:07.735343+01,gold_establishments_2025,,,,21700439900010,2025,Collectivité Territoriale,Commune,['Haute-Saône'],['Bourgogne-Franche-Comté'],COM,{70},{27}
91764084-bf2d-4502-9428-1298baadbcb1,213104474,Commune de Razecueillé (31),false,{31447},Commune,2026-03-24 14:41:58.09424+01,gold_establishments_2025,,,,21310447400019,2025,Collectivité Territoriale,Commune,['Haute-Garonne'],['Occitanie'],COM,{31},{76}
a892163d-9089-4844-8d66-a22ac93cfa62,213203391,Commune de Razengues (32),false,{32339},Commune,2026-03-24 14:41:58.09424+01,gold_establishments_2025,,,,21320339100015,2025,Collectivité Territoriale,Commune,['Gers'],['Occitanie'],COM,{32},{76}
53f9ad50-67af-480e-94e9-60f04f91e871,214702201,Commune de Razimet (47),false,{47220},Commune,2026-03-24 14:42:00.862623+01,gold_establishments_2025,,,,21470220100010,2025,Collectivité Territoriale,Commune,['Lot-et-Garonne'],['Nouvelle-Aquitaine'],COM,{47},{75}
3f56055f-cc4b-44e9-8aa1-4a57036005cd,213701915,Commune de Razines (37),false,{37191},Commune,2026-03-24 14:41:59.160244+01,gold_establishments_2025,,,,21370191500018,2025,Collectivité Territoriale,Commune,['Indre-et-Loire'],['Centre-Val de Loire'],COM,{37},{24}
78d4d780-d9b6-4e18-9ebe-27eb45a0747c,218712206,Commune de Razès (87),false,{87122},Commune,2026-03-24 14:42:11.118516+01,gold_establishments_2025,,,,21871220600018,2025,Collectivité Territoriale,Commune,['Haute-Vienne'],['Nouvelle-Aquitaine'],COM,{87},{75}
ef5d15be-3302-47fc-b977-696835b34467,217703859,Commune de Rebais (77),false,{77385},Commune,2026-03-24 14:42:09.43682+01,gold_establishments_2025,,,,21770385900017,2025,Collectivité Territoriale,Commune,['Seine-et-Marne'],['Île-de-France'],COM,{77},{11}
d7d50478-e3c0-47e1-a84a-2e8d0b3f59e1,216206920,Commune de Rebergues (62),false,{62692},Commune,2026-03-24 14:42:05.597325+01,gold_establishments_2025,,,,21620692000011,2025,Collectivité Territoriale,Commune,['Pas-de-Calais'],['Hauts-de-France'],COM,{62},{32}
7d3bb41f-15b4-4181-b45e-91f50842a358,217605211,Commune de Rebets (76),false,{76521},Commune,2026-03-24 14:42:08.818969+01,gold_establishments_2025,,,,21760521100010,2025,Collectivité Territoriale,Commune,['Seine-Maritime'],['Normandie'],COM,{76},{28}
960c6d2f-688a-4bb4-82c7-388f56ac854f,218803765,Commune de Rebeuville (88),false,{88376},Commune,2026-03-24 14:42:11.118516+01,gold_establishments_2025,,,,21880376500013,2025,Collectivité Territoriale,Commune,['Vosges'],['Grand Est'],COM,{88},{44}
3c975400-c94e-42db-89db-551cf1e2f763,213104482,Commune de Rebigue (31),false,{31448},Commune,2026-03-24 14:41:58.09424+01,gold_establishments_2025,,,,21310448200012,2025,Collectivité Territoriale,Commune,['Haute-Garonne'],['Occitanie'],COM,{31},{76}
9dce623a-d58f-487c-aa89-ecc04e1736de,211201959,Commune de Rebourguil (12),false,{12195},Commune,2026-03-24 14:41:53.63825+01,gold_establishments_2025,,,,21120195900015,2025,Collectivité Territoriale,Commune,['Aveyron'],['Occitanie'],COM,{12},{76}
814614f4-5ed4-40ac-aa6b-8a257c0ea8fd,213601701,Commune de Reboursin (36),false,{36170},Commune,2026-03-24 14:41:59.160244+01,gold_establishments_2025,,,,21360170100013,2025,Collectivité Territoriale,Commune,['Indre'],['Centre-Val de Loire'],COM,{36},{24}
132f2425-352b-408f-a361-62f19e4e9d30,216206938,Commune de Rebreuve-Ranchicourt (62),false,{62693},Commune,2026-03-24 14:42:05.597325+01,gold_establishments_2025,,,,21620693800013,2025,Collectivité Territoriale,Commune,['Pas-de-Calais'],['Hauts-de-France'],COM,{62},{32}
b98cece3-97b5-4e66-af94-67adfb94fd8f,216206946,Commune de Rebreuve-sur-Canche (62),false,{62694},Commune,2026-03-24 14:42:05.597325+01,gold_establishments_2025,,,,21620694600016,2025,Collectivité Territoriale,Commune,['Pas-de-Calais'],['Hauts-de-France'],COM,{62},{32}
e201c59e-ebc5-4348-9992-340372728690,216206953,Commune de Rebreuviette (62),false,{62695},Commune,2026-03-24 14:42:05.597325+01,gold_establishments_2025,,,,21620695300012,2025,Collectivité Territoriale,Commune,['Pas-de-Calais'],['Hauts-de-France'],COM,{62},{32}
87db0ecf-b6d5-45e6-aa19-7809710d9966,214502619,Commune de Rebréchien (45),false,{45261},Commune,2026-03-24 14:42:00.862623+01,gold_establishments_2025,,,,21450261900015,2025,Collectivité Territoriale,Commune,['Loiret'],['Centre-Val de Loire'],COM,{45},{24}
9399e7a5-458a-4c5b-b5fb-69cc7f235c6d,213904543,Commune de Recanoz (39),false,{39454},Commune,2026-03-24 14:41:59.705606+01,gold_establishments_2025,,,,21390454300013,2025,Collectivité Territoriale,Commune,['Jura'],['Bourgogne-Franche-Comté'],COM,{39},{27}
789b8451-3d66-4004-8bd7-0b0e3bcd297c,212105191,Commune de Recey-sur-Ource (21),false,{21519},Commune,2026-03-24 14:41:55.433389+01,gold_establishments_2025,,,,21210519100010,2025,Collectivité Territoriale,Commune,"[""Côte-d'Or""]",['Bourgogne-Franche-Comté'],COM,{21},{27}
49dcf740-b147-4709-a989-421864ca556c,217103688,Commune de Reclesne (71),false,{71368},Commune,2026-03-24 14:42:07.735343+01,gold_establishments_2025,,,,21710368800016,2025,Collectivité Territoriale,Commune,['Saône-et-Loire'],['Bourgogne-Franche-Comté'],COM,{71},{27}
870c91a3-96c9-4e17-a547-27981ff20645,216206961,Commune de Reclinghem (62),false,{62696},Commune,2026-03-24 14:42:06.130387+01,gold_establishments_2025,,,,21620696100015,2025,Collectivité Territoriale,Commune,['Pas-de-Calais'],['Hauts-de-France'],COM,{62},{32}
b97309d5-4096-4555-915c-e073ab89a621,217703867,Commune de Recloses (77),false,{77386},Commune,2026-03-24 14:42:09.43682+01,gold_establishments_2025,,,,21770386700010,2025,Collectivité Territoriale,Commune,['Seine-et-Marne'],['Île-de-France'],COM,{77},{11}
6745e50c-2040-4c78-ab7e-a2c860d9a05a,212504823,Commune de Recologne (25),false,{25482},Commune,2026-03-24 14:41:56.495197+01,gold_establishments_2025,,,,21250482300015,2025,Collectivité Territoriale,Commune,['Doubs'],['Bourgogne-Franche-Comté'],COM,{25},{27}
41db72c3-1a60-4ed6-a0ce-823378b4ccc4,217004407,Commune de Recologne (70),false,{70440},Commune,2026-03-24 14:42:07.735343+01,gold_establishments_2025,,,,21700440700011,2025,Collectivité Territoriale,Commune,['Haute-Saône'],['Bourgogne-Franche-Comté'],COM,{70},{27}
03078769-87a2-4bb8-af73-adfa322e2320,217004415,Commune de Recologne-lès-Rioz (70),false,{70441},Commune,2026-03-24 14:42:07.735343+01,gold_establishments_2025,,,,21700441500014,2025,Collectivité Territoriale,Commune,['Haute-Saône'],['Bourgogne-Franche-Comté'],COM,{70},{27}
4846b602-ac0a-495e-b8ac-27f9cf24bbf6,212602627,Commune de Recoubeau-Jansac (26),false,{26262},Commune,2026-03-24 14:41:56.495197+01,gold_establishments_2025,,,,21260262700011,2025,Collectivité Territoriale,Commune,['Drôme'],['Auvergne-Rhône-Alpes'],COM,{26},{84}
eec4be11-7661-4720-b7dc-939d0065ed1a,214801235,Commune de Recoules-d'Aubrac (48),false,{48123},Commune,2026-03-24 14:42:01.412377+01,gold_establishments_2025,,,,21480123500018,2025,Collectivité Territoriale,Commune,['Lozère'],['Occitanie'],COM,{48},{76}
2ed38f17-d8aa-488a-a6b3-48f58860b340,214801243,Commune de Recoules-de-Fumas (48),false,{48124},Commune,2026-03-24 14:42:01.412377+01,gold_establishments_2025,,,,21480124300012,2025,Collectivité Territoriale,Commune,['Lozère'],['Occitanie'],COM,{48},{76}
109b6fe0-4c6e-4fde-9be7-66fb7f891f63,219000833,Commune de Recouvrance (90),false,{90083},Commune,2026-03-24 14:42:11.659493+01,gold_establishments_2025,,,,21900083300018,2025,Collectivité Territoriale,Commune,['Territoire de Belfort'],['Bourgogne-Franche-Comté'],COM,{90},{27}
08fa9a6c-042e-46d5-b8ed-1d94443bcdb2,216206987,Commune de Recques-sur-Course (62),false,{62698},Commune,2026-03-24 14:42:06.130387+01,gold_establishments_2025,,,,21620698700010,2025,Collectivité Territoriale,Commune,['Pas-de-Calais'],['Hauts-de-France'],COM,{62},{32}
ce807278-62bb-428a-a293-359ff38bb013,216206995,Commune de Recques-sur-Hem (62),false,{62699},Commune,2026-03-24 14:42:06.130387+01,gold_establishments_2025,,,,21620699500013,2025,Collectivité Territoriale,Commune,['Pas-de-Calais'],['Hauts-de-France'],COM,{62},{32}
7decc81d-1587-461b-8d85-b65196f0e0c4,215904954,Commune de Recquignies (59),false,{59495},Commune,2026-03-24 14:42:04.814328+01,gold_establishments_2025,,,,21590495400017,2025,Collectivité Territoriale,Commune,['Nord'],['Hauts-de-France'],COM,{59},{32}
70760fc1-fd0f-4dc8-9981-eb3bec5b98a6,212504831,Commune de Reculfoz (25),false,{25483},Commune,2026-03-24 14:41:56.495197+01,gold_establishments_2025,,,,21250483100018,2025,Collectivité Territoriale,Commune,['Doubs'],['Bourgogne-Franche-Comté'],COM,{25},{27}
53863a05-7e84-41af-8d15-32a5b45e4a28,216503763,Commune de Recurt (65),false,{65376},Commune,2026-03-24 14:42:06.665412+01,gold_establishments_2025,,,,21650376300015,2025,Collectivité Territoriale,Commune,['Hautes-Pyrénées'],['Occitanie'],COM,{65},{76}
1985f337-2e05-41b9-9cd4-55f084741bc6,215104209,Commune de Recy (51),false,{51453},Commune,2026-03-24 14:42:01.954481+01,gold_establishments_2025,,,,21510420900014,2025,Collectivité Territoriale,Commune,['Marne'],['Grand Est'],COM,{51},{44}
4c717d04-1274-4d82-8535-2972078451f7,213002116,Commune de Redessan (30),false,{30211},Commune,2026-03-24 14:41:57.56054+01,gold_establishments_2025,,,,21300211600019,2025,Collectivité Territoriale,Commune,['Gard'],['Occitanie'],COM,{30},{76}
ee5a5725-4c46-48d2-ae05-d200a2711017,213502362,Commune de Redon (35),false,{35236},Commune,2026-03-24 14:41:58.620411+01,gold_establishments_2025,,,,21350236200014,2025,Collectivité Territoriale,Commune,['Ille-et-Vilaine'],['Bretagne'],COM,{35},{53}
46da14ad-8a8b-4286-8ae5-5a1491c22bf1,210401592,Commune de Redortiers (04),false,{04159},Commune,2026-03-24 14:41:52.562531+01,gold_establishments_2025,,,,21040159200014,2025,Collectivité Territoriale,Commune,['Alpes-de-Haute-Provence'],"[""Provence-Alpes-Côte d'Azur""]",COM,{04},{93}
b4650291-7ffc-4073-a252-557f6a82e008,217902253,Commune de Reffannes (79),false,{79225},Commune,2026-03-24 14:42:09.43682+01,gold_establishments_2025,,,,21790225300012,2025,Collectivité Territoriale,Commune,['Deux-Sèvres'],['Nouvelle-Aquitaine'],COM,{79},{75}
3c687618-1505-4eba-89c5-1ffac1f91266,215504218,Commune de Reffroy (55),false,{55421},Commune,2026-03-24 14:42:03.701372+01,gold_establishments_2025,,,,21550421800011,2025,Collectivité Territoriale,Commune,['Meuse'],['Grand Est'],COM,{55},{44}
c672af57-6851-453c-b520-4ab6683d9455,215004284,Commune de Reffuveille (50),false,{50428},Commune,2026-03-24 14:42:01.412377+01,gold_establishments_2025,,,,21500428400018,2025,Collectivité Territoriale,Commune,['Manche'],['Normandie'],COM,{50},{28}
1ad3a623-b3c7-4af5-baf5-bd633b40373e,216207001,Commune de Regnauville (62),false,{62700},Commune,2026-03-24 14:42:06.130387+01,gold_establishments_2025,,,,21620700100019,2025,Collectivité Territoriale,Commune,['Pas-de-Calais'],['Hauts-de-France'],COM,{62},{32}
65075670-a65b-43c8-85ac-05f5f0809f9e,218803781,Commune de Regney (88),false,{88378},Commune,2026-03-24 14:42:11.118516+01,gold_establishments_2025,,,,21880378100010,2025,Collectivité Territoriale,Commune,['Vosges'],['Grand Est'],COM,{88},{44}
26f98353-489c-40a8-a497-8d92772f2550,210803201,Commune de Regniowez (08),false,{08355},Commune,2026-03-24 14:41:53.095366+01,gold_establishments_2025,,,,21080320100016,2025,Collectivité Territoriale,Commune,['Ardennes'],['Grand Est'],COM,{08},{44}
5e812e45-4466-4e0f-a148-19542e0302a5,218006252,Commune de Regnière-Écluse (80),false,{80665},Commune,2026-03-24 14:42:09.967209+01,gold_establishments_2025,,,,21800625200017,2025,Collectivité Territoriale,Commune,['Somme'],['Hauts-de-France'],COM,{80},{32}
a93b3ecf-1e18-4bd9-be10-5a80ead0ad17,210206116,Commune de Regny (02),false,{02636},Commune,2026-03-24 14:41:52.020251+01,gold_establishments_2025,,,,21020611600019,2025,Collectivité Territoriale,Commune,['Aisne'],['Hauts-de-France'],COM,{02},{32}
36da638a-4234-44c3-9fb3-583542db94ea,218803773,Commune de Regnévelle (88),false,{88377},Commune,2026-03-24 14:42:11.118516+01,gold_establishments_2025,,,,21880377300017,2025,Collectivité Territoriale,Commune,['Vosges'],['Grand Est'],COM,{88},{44}
62b3906e-7010-403a-b3b4-be9e176bed47,215004292,Commune de Regnéville-sur-Mer (50),false,{50429},Commune,2026-03-24 14:42:01.412377+01,gold_establishments_2025,,,,21500429200011,2025,Collectivité Territoriale,Commune,['Manche'],['Normandie'],COM,{50},{28}
adb0ffca-2616-4321-90f7-49904a7172aa,215504226,Commune de Regnéville-sur-Meuse (55),false,{55422},Commune,2026-03-24 14:42:03.701372+01,gold_establishments_2025,,,,21550422600014,2025,Collectivité Territoriale,Commune,['Meuse'],['Grand Est'],COM,{55},{44}
b18b49ed-fa1c-41f8-bcad-7466da4ccc08,218803799,Commune de Rehaincourt (88),false,{88379},Commune,2026-03-24 14:42:11.118516+01,gold_establishments_2025,,,,21880379900012,2025,Collectivité Territoriale,Commune,['Vosges'],['Grand Est'],COM,{88},{44}
573f9f73-289a-42e1-a0c8-a52d68a5583d,215404492,Commune de Rehainviller (54),false,{54449},Commune,2026-03-24 14:42:02.957225+01,gold_establishments_2025,,,,21540449200013,2025,Collectivité Territoriale,Commune,['Meurthe-et-Moselle'],['Grand Est'],COM,{54},{44}
b7bf7fbc-2c14-469a-8d4b-9fb01b2154e1,218803807,Commune de Rehaupal (88),false,{88380},Commune,2026-03-24 14:42:11.118516+01,gold_establishments_2025,,,,21880380700013,2025,Collectivité Territoriale,Commune,['Vosges'],['Grand Est'],COM,{88},{44}
c43a8a28-94b8-478c-9055-05577ad32c34,215404500,Commune de Reherrey (54),false,{54450},Commune,2026-03-24 14:42:02.957225+01,gold_establishments_2025,,,,21540450000013,2025,Collectivité Territoriale,Commune,['Meurthe-et-Moselle'],['Grand Est'],COM,{54},{44}
22799356-d950-417c-8316-0fc56a0b23e3,216703876,Commune de Reichsfeld (67),false,{67387},Commune,2026-03-24 14:42:07.195692+01,gold_establishments_2025,,,,21670387600013,2025,Collectivité Territoriale,Commune,['Bas-Rhin'],['Grand Est'],COM,{67},{44}
cff48ef8-f283-43a4-b4f5-ce4c9e43df5e,216703884,Commune de Reichshoffen (67),false,{67388},Commune,2026-03-24 14:42:07.195692+01,gold_establishments_2025,,,,21670388400017,2025,Collectivité Territoriale,Commune,['Bas-Rhin'],['Grand Est'],COM,{67},{44}
58ccf8c4-1808-4e38-905f-714738dddd07,216703892,Commune de Reichstett (67),false,{67389},Commune,2026-03-24 14:42:07.195692+01,gold_establishments_2025,,,,21670389200010,2025,Collectivité Territoriale,Commune,['Bas-Rhin'],['Grand Est'],COM,{67},{44}
3b932fe2-316b-4bf0-9a5d-aee1456aa2ad,211602768,Commune de Reignac (16),false,{16276},Commune,2026-03-24 14:41:54.362296+01,gold_establishments_2025,,,,21160276800015,2025,Collectivité Territoriale,Commune,['Charente'],['Nouvelle-Aquitaine'],COM,{16},{75}
b159c4b4-db4b-4730-8fb7-e84a6e5cb9ba,213303514,Commune de Reignac (33),false,{33351},Commune,2026-03-24 14:41:58.620411+01,gold_establishments_2025,,,,21330351400011,2025,Collectivité Territoriale,Commune,['Gironde'],['Nouvelle-Aquitaine'],COM,{33},{75}
0caea6cc-e0ef-4f38-80dd-34c85f4db064,213701923,Commune de Reignac-sur-Indre (37),false,{37192},Commune,2026-03-24 14:41:59.160244+01,gold_establishments_2025,,,,21370192300012,2025,Collectivité Territoriale,Commune,['Indre-et-Loire'],['Centre-Val de Loire'],COM,{37},{24}
e3149cc9-1dc1-44e9-aa35-f1f1ce2d6e9e,216302976,Commune de Reignat (63),false,{63297},Commune,2026-03-24 14:42:06.130387+01,gold_establishments_2025,,,,21630297600016,2025,Collectivité Territoriale,Commune,['Puy-de-Dôme'],['Auvergne-Rhône-Alpes'],COM,{63},{84}
3ddbc888-6946-4627-8d76-b8e4f9c016e2,215004300,Commune de Reigneville-Bocage (50),false,{50430},Commune,2026-03-24 14:42:01.412377+01,gold_establishments_2025,,,,21500430000012,2025,Collectivité Territoriale,Commune,['Manche'],['Normandie'],COM,{50},{28}
6cdb06c8-7cb8-4101-9fea-5c7ecc69b642,217402205,Commune de Reignier-Ésery (74),false,{74220},Commune,2026-03-24 14:42:08.818969+01,gold_establishments_2025,,,,21740220500017,2025,Collectivité Territoriale,Commune,['Haute-Savoie'],['Auvergne-Rhône-Alpes'],COM,{74},{84}
82a95820-e300-4b7a-aa4a-dabd41be899e,211801923,Commune de Reigny (18),false,{18192},Commune,2026-03-24 14:41:54.903238+01,gold_establishments_2025,,,,21180192300015,2025,Collectivité Territoriale,Commune,['Cher'],['Centre-Val de Loire'],COM,{18},{24}
2e6ce307-e1de-4cb0-9cb7-31a488a4c901,211502919,Commune de Reilhac (15),false,{15160},Commune,2026-03-24 14:41:54.362296+01,gold_establishments_2025,,,,21150291900015,2025,Collectivité Territoriale,Commune,['Cantal'],['Auvergne-Rhône-Alpes'],COM,{15},{84}
418df243-3ccd-4965-8486-feacf6c0491e,214602351,Commune de Reilhac (46),false,{46235},Commune,2026-03-24 14:42:00.862623+01,gold_establishments_2025,,,,21460235100014,2025,Collectivité Territoriale,Commune,['Lot'],['Occitanie'],COM,{46},{76}
c76afc52-84f2-476c-8917-c9609c22aa82,214602369,Commune de Reilhaguet (46),false,{46236},Commune,2026-03-24 14:42:00.862623+01,gold_establishments_2025,,,,21460236900016,2025,Collectivité Territoriale,Commune,['Lot'],['Occitanie'],COM,{46},{76}
17efefe2-1386-4cfa-8521-4e4de207e818,212602635,Commune de Reilhanette (26),false,{26263},Commune,2026-03-24 14:41:56.495197+01,gold_establishments_2025,,,,21260263500014,2025,Collectivité Territoriale,Commune,['Drôme'],['Auvergne-Rhône-Alpes'],COM,{26},{84}
1b2ad8c0-2852-471e-b5dd-6005139c3a9f,210401600,Commune de Reillanne (04),false,{04160},Commune,2026-03-24 14:41:52.562531+01,gold_establishments_2025,,,,21040160000015,2025,Collectivité Territoriale,Commune,['Alpes-de-Haute-Provence'],"[""Provence-Alpes-Côte d'Azur""]",COM,{04},{93}
15792c36-bf16-4651-92a2-d294edd35abc,215404526,Commune de Reillon (54),false,{54452},Commune,2026-03-24 14:42:02.957225+01,gold_establishments_2025,,,,21540452600018,2025,Collectivité Territoriale,Commune,['Meurthe-et-Moselle'],['Grand Est'],COM,{54},{44}
94180726-22a6-4a03-aaa8-59f6220e1285,216005231,Commune de Reilly (60),false,{60528},Commune,2026-03-24 14:42:04.814328+01,gold_establishments_2025,,,,21600523100016,2025,Collectivité Territoriale,Commune,['Oise'],['Hauts-de-France'],COM,{60},{32}
477f9074-bada-41bc-9513-6976b51aa56d,215104217,Commune de Reims (51),false,{51454},Commune,2026-03-24 14:42:01.954481+01,gold_establishments_2025,,,,21510421700017,2025,Collectivité Territoriale,Commune,['Marne'],['Grand Est'],COM,{51},{44}
f3c2a814-b3a1-4d8f-afc6-454e1ac4e440,215104225,Commune de Reims-la-Brûlée (51),false,{51455},Commune,2026-03-24 14:42:01.954481+01,gold_establishments_2025,,,,21510422500010,2025,Collectivité Territoriale,Commune,['Marne'],['Grand Est'],COM,{51},{44}
98205c90-d936-4595-bd57-a4b96d8026f2,216703918,Commune de Reinhardsmunster (67),false,{67391},Commune,2026-03-24 14:42:07.195692+01,gold_establishments_2025,,,,21670391800013,2025,Collectivité Territoriale,Commune,['Bas-Rhin'],['Grand Est'],COM,{67},{44}
fc9e9b8c-3caa-4b9b-a1d5-6621c702c723,216802678,Commune de Reiningue (68),false,{68267},Commune,2026-03-24 14:42:07.195692+01,gold_establishments_2025,,,,21680267800013,2025,Collectivité Territoriale,Commune,['Haut-Rhin'],['Grand Est'],COM,{68},{44}
2bddd2dc-4451-465d-91e1-b60f869c4eee,216703926,Commune de Reipertswiller (67),false,{67392},Commune,2026-03-24 14:42:07.195692+01,gold_establishments_2025,,,,21670392600016,2025,Collectivité Territoriale,Commune,['Bas-Rhin'],['Grand Est'],COM,{67},{44}
e22d9a77-2bca-4010-9f5b-2b4de0124235,213904550,Commune de Reithouse (39),false,{39455},Commune,2026-03-24 14:41:59.705606+01,gold_establishments_2025,,,,21390455000018,2025,Collectivité Territoriale,Commune,['Jura'],['Bourgogne-Franche-Comté'],COM,{39},{27}
85719b81-ec2c-4592-a163-da3df40681c0,215904962,Commune de Rejet-de-Beaulieu (59),false,{59496},Commune,2026-03-24 14:42:04.814328+01,gold_establishments_2025,,,,21590496200010,2025,Collectivité Territoriale,Commune,['Nord'],['Hauts-de-France'],COM,{59},{32}
a471ba14-9239-4086-a9ea-f012982e9a55,218803815,Commune de Relanges (88),false,{88381},Commune,2026-03-24 14:42:11.118516+01,gold_establishments_2025,,,,21880381500016,2025,Collectivité Territoriale,Commune,['Vosges'],['Grand Est'],COM,{88},{44}
04897f7f-2fb9-4799-b121-0813ebc302ad,213904568,Commune de Relans (39),false,{39456},Commune,2026-03-24 14:41:59.705606+01,gold_establishments_2025,,,,21390456800010,2025,Collectivité Territoriale,Commune,['Jura'],['Bourgogne-Franche-Comté'],COM,{39},{27}
1f678f7a-ed73-4cd1-af5e-8466ebbcc8eb,210103198,Commune de Relevant (01),false,{01319},Commune,2026-03-24 14:41:51.447482+01,gold_establishments_2025,,,,21010319800011,2025,Collectivité Territoriale,Commune,['Ain'],['Auvergne-Rhône-Alpes'],COM,{01},{84}
47d7fa61-9455-4c1e-9d61-d733c177af60,216207019,Commune de Rely (62),false,{62701},Commune,2026-03-24 14:42:06.130387+01,gold_establishments_2025,,,,21620701900011,2025,Collectivité Territoriale,Commune,['Pas-de-Calais'],['Hauts-de-France'],COM,{62},{32}
0156424d-9e85-4aa2-adea-8671f13dbf76,218006260,Commune de Remaisnil (80),false,{80666},Commune,2026-03-24 14:42:09.967209+01,gold_establishments_2025,,,,21800626000010,2025,Collectivité Territoriale,Commune,['Somme'],['Hauts-de-France'],COM,{80},{32}
44dc851e-4f1d-4432-9f0c-2fb1ade68192,210206124,Commune de Remaucourt (02),false,{02637},Commune,2026-03-24 14:41:52.020251+01,gold_establishments_2025,,,,21020612400013,2025,Collectivité Territoriale,Commune,['Aisne'],['Hauts-de-France'],COM,{02},{32}
c41dfa84-682b-491c-ae93-c861dd1eb84c,210803219,Commune de Remaucourt (08),false,{08356},Commune,2026-03-24 14:41:53.095366+01,gold_establishments_2025,,,,21080321900018,2025,Collectivité Territoriale,Commune,['Ardennes'],['Grand Est'],COM,{08},{44}
3bca5d07-59da-4ecd-86cd-69cf41a2c09e,218006278,Commune de Remaugies (80),false,{80667},Commune,2026-03-24 14:42:09.967209+01,gold_establishments_2025,,,,21800627800012,2025,Collectivité Territoriale,Commune,['Somme'],['Hauts-de-France'],COM,{80},{32}
e6c05958-0e47-4bcc-a69c-c1d43a9bc310,217703875,Commune de Remauville (77),false,{77387},Commune,2026-03-24 14:42:09.43682+01,gold_establishments_2025,,,,21770387500013,2025,Collectivité Territoriale,Commune,['Seine-et-Marne'],['Île-de-France'],COM,{77},{11}
10c20bf6-6728-42e3-b79c-67dab936a697,215504234,Commune de Rembercourt-Sommaisne (55),false,{55423},Commune,2026-03-24 14:42:03.701372+01,gold_establishments_2025,,,,21550423400018,2025,Collectivité Territoriale,Commune,['Meuse'],['Grand Est'],COM,{55},{44}
e23bec93-8476-41fd-9aca-a5526b1602b8,215404534,Commune de Rembercourt-sur-Mad (54),false,{54453},Commune,2026-03-24 14:42:02.957225+01,gold_establishments_2025,,,,21540453400012,2025,Collectivité Territoriale,Commune,['Meurthe-et-Moselle'],['Grand Est'],COM,{54},{44}
e12b6157-6c6f-4852-a626-20d9d3759665,215504242,Commune de Remennecourt (55),false,{55424},Commune,2026-03-24 14:42:03.701372+01,gold_establishments_2025,,,,21550424200011,2025,Collectivité Territoriale,Commune,['Meuse'],['Grand Est'],COM,{55},{44}
c9810931-c526-4573-a4fc-05baec4db81c,215404559,Commune de Remenoville (54),false,{54455},Commune,2026-03-24 14:42:02.957225+01,gold_establishments_2025,,,,21540455900019,2025,Collectivité Territoriale,Commune,['Meurthe-et-Moselle'],['Grand Est'],COM,{54},{44}
d245016e-23c9-4a9b-8a6c-9bbd66a646ca,215104233,Commune de Remicourt (51),false,{51456},Commune,2026-03-24 14:42:01.954481+01,gold_establishments_2025,,,,21510423300014,2025,Collectivité Territoriale,Commune,['Marne'],['Grand Est'],COM,{51},{44}
5e006a5d-99c7-45ea-909e-b0513c2ec5b3,218803823,Commune de Remicourt (88),false,{88382},Commune,2026-03-24 14:42:11.118516+01,gold_establishments_2025,,,,21880382300010,2025,Collectivité Territoriale,Commune,['Vosges'],['Grand Est'],COM,{88},{44}
a04f0e6f-3707-468a-8321-ce7038647fea,218006286,Commune de Remiencourt (80),false,{80668},Commune,2026-03-24 14:42:09.967209+01,gold_establishments_2025,,,,21800628600015,2025,Collectivité Territoriale,Commune,['Somme'],['Hauts-de-France'],COM,{80},{32}
8c3af81c-14d8-4c0d-afb7-961d50615551,210206132,Commune de Remies (02),false,{02638},Commune,2026-03-24 14:41:52.020251+01,gold_establishments_2025,,,,21020613200016,2025,Collectivité Territoriale,Commune,['Aisne'],['Hauts-de-France'],COM,{02},{32}
864e1b85-2171-4a28-8bba-de844adaeebe,210206140,Commune de Remigny (02),false,{02639},Commune,2026-03-24 14:41:52.020251+01,gold_establishments_2025,,,,21020614000019,2025,Collectivité Territoriale,Commune,['Aisne'],['Hauts-de-France'],COM,{02},{32}
633cc9b3-53e9-4566-9597-1086ca787783,217103696,Commune de Remigny (71),false,{71369},Commune,2026-03-24 14:42:07.735343+01,gold_establishments_2025,,,,21710369600019,2025,Collectivité Territoriale,Commune,['Saône-et-Loire'],['Bourgogne-Franche-Comté'],COM,{71},{27}
23db3a93-2884-44bc-b07e-a047dd47864a,200063998,Commune de Remilly Les Marais (50),false,{50431},Commune,2026-03-24 14:42:01.412377+01,gold_establishments_2025,,,,20006399800013,2025,Collectivité Territoriale,Commune,['Manche'],['Normandie'],COM,{50},{28}
86930ae9-ec0a-487d-9c5f-6feaf3a9758d,210803227,Commune de Remilly-Aillicourt (08),false,{08357},Commune,2026-03-24 14:41:53.095366+01,gold_establishments_2025,,,,21080322700011,2025,Collectivité Territoriale,Commune,['Ardennes'],['Grand Est'],COM,{08},{44}
a3579e3f-9509-4cbf-945a-a30739916340,216207027,Commune de Remilly-Wirquin (62),false,{62702},Commune,2026-03-24 14:42:06.130387+01,gold_establishments_2025,,,,21620702700014,2025,Collectivité Territoriale,Commune,['Pas-de-Calais'],['Hauts-de-France'],COM,{62},{32}
97b871c8-07af-4ea8-9710-d4a063a4d477,212105209,Commune de Remilly-en-Montagne (21),false,{21520},Commune,2026-03-24 14:41:55.433389+01,gold_establishments_2025,,,,21210520900010,2025,Collectivité Territoriale,Commune,"[""Côte-d'Or""]",['Bourgogne-Franche-Comté'],COM,{21},{27}
30eb5ea6-4b8a-4f94-9fcf-2c22450fdbe3,210803235,Commune de Remilly-les-Pothées (08),false,{08358},Commune,2026-03-24 14:41:53.095366+01,gold_establishments_2025,,,,21080323500014,2025,Collectivité Territoriale,Commune,['Ardennes'],['Grand Est'],COM,{08},{44}
d237f3df-3075-41f3-9fb0-043d0f7f07dd,212105217,Commune de Remilly-sur-Tille (21),false,{21521},Commune,2026-03-24 14:41:55.433389+01,gold_establishments_2025,,,,21210521700013,2025,Collectivité Territoriale,Commune,"[""Côte-d'Or""]",['Bourgogne-Franche-Comté'],COM,{21},{27}
6ede1dfc-2ec5-469c-9b98-fb711d69144f,219733094,Commune de Remire-Montjoly (973),false,{97309},Commune,2026-03-24 14:42:11.659493+01,gold_establishments_2025,,,,21973309400136,2025,Collectivité Territoriale,Commune,['Guyane'],['Guyane'],COM,{973},{03}
ce5593b4-ea78-4de4-aff2-53858d648241,218803831,Commune de Remiremont (88),false,{88383},Commune,2026-03-24 14:42:11.118516+01,gold_establishments_2025,,,,21880383100013,2025,Collectivité Territoriale,Commune,['Vosges'],['Grand Est'],COM,{88},{44}
4ea45d62-972c-4ca8-9ae5-5c14ac425559,215504259,Commune de Remoiville (55),false,{55425},Commune,2026-03-24 14:42:03.701372+01,gold_establishments_2025,,,,21550425900015,2025,Collectivité Territoriale,Commune,['Meuse'],['Grand Est'],COM,{55},{44}
64a1f82f-2218-4ca0-b2b4-47117c176254,210501151,Commune de Remollon (05),false,{05115},Commune,2026-03-24 14:41:52.562531+01,gold_establishments_2025,,,,21050115100018,2025,Collectivité Territoriale,Commune,['Hautes-Alpes'],"[""Provence-Alpes-Côte d'Azur""]",COM,{05},{93}
8f94efaf-1a2b-4ab9-b251-3cf0ae0e6e75,218803864,Commune de Remomeix (88),false,{88386},Commune,2026-03-24 14:42:11.118516+01,gold_establishments_2025,,,,21880386400030,2025,Collectivité Territoriale,Commune,['Vosges'],['Grand Est'],COM,{88},{44}
c4cc1c0c-712d-4929-a7b2-27f1c59f1075,215404575,Commune de Remoncourt (54),false,{54457},Commune,2026-03-24 14:42:02.957225+01,gold_establishments_2025,,,,21540457500015,2025,Collectivité Territoriale,Commune,['Meurthe-et-Moselle'],['Grand Est'],COM,{54},{44}
612eaa65-752c-4c3a-8eff-52bf5542131e,218803856,Commune de Remoncourt (88),false,{88385},Commune,2026-03-24 14:42:11.118516+01,gold_establishments_2025,,,,21880385600010,2025,Collectivité Territoriale,Commune,['Vosges'],['Grand Est'],COM,{88},{44}
500bfbd6-389c-49d4-bd67-6804807ca5a8,212504864,Commune de Remoray-Boujeons (25),false,{25486},Commune,2026-03-24 14:41:56.495197+01,gold_establishments_2025,,,,21250486400019,2025,Collectivité Territoriale,Commune,['Doubs'],['Bourgogne-Franche-Comté'],COM,{25},{27}
4a61a2bf-d9ef-4d6e-a13c-6dc9469d561a,214401424,Commune de Remouillé (44),false,{44142},Commune,2026-03-24 14:42:00.273698+01,gold_establishments_2025,,,,21440142400012,2025,Collectivité Territoriale,Commune,['Loire-Atlantique'],['Pays de la Loire'],COM,{44},{52}
63fd0b69-d14c-42d6-ab1a-f96187c1d241,213002124,Commune de Remoulins (30),false,{30212},Commune,2026-03-24 14:41:57.56054+01,gold_establishments_2025,,,,21300212400013,2025,Collectivité Territoriale,Commune,['Gard'],['Occitanie'],COM,{30},{76}
34fc9866-d270-47e1-a91e-c981f2ec3183,218803872,Commune de Removille (88),false,{88387},Commune,2026-03-24 14:42:11.118516+01,gold_establishments_2025,,,,21880387200017,2025,Collectivité Territoriale,Commune,['Vosges'],['Grand Est'],COM,{88},{44}
5ac7d40b-572f-4065-b571-5f977ab1465f,218712305,Commune de Rempnat (87),false,{87123},Commune,2026-03-24 14:42:11.118516+01,gold_establishments_2025,,,,21871230500018,2025,Collectivité Territoriale,Commune,['Haute-Vienne'],['Nouvelle-Aquitaine'],COM,{87},{75}
630f9ed3-39ac-447b-952a-b661b3d509e2,216005256,Commune de Remy (60),false,{60531},Commune,2026-03-24 14:42:04.814328+01,gold_establishments_2025,,,,21600525600013,2025,Collectivité Territoriale,Commune,['Oise'],['Hauts-de-France'],COM,{60},{32}
232f7d29-4506-418a-83c4-e8f65947bfe0,213502370,Commune de Renac (35),false,{35237},Commune,2026-03-24 14:41:58.620411+01,gold_establishments_2025,,,,21350237000017,2025,Collectivité Territoriale,Commune,['Ille-et-Vilaine'],['Bretagne'],COM,{35},{53}
c85f3256-34e9-48ce-938b-7545e7a98840,213803323,Commune de Renage (38),false,{38332},Commune,2026-03-24 14:41:59.160244+01,gold_establishments_2025,,,,21380332300012,2025,Collectivité Territoriale,Commune,['Isère'],['Auvergne-Rhône-Alpes'],COM,{38},{84}
d88b4410-f64b-4389-a9dc-90d07da5dd71,214201824,Commune de Renaison (42),false,{42182},Commune,2026-03-24 14:42:00.273698+01,gold_establishments_2025,,,,21420182400015,2025,Collectivité Territoriale,Commune,['Loire'],['Auvergne-Rhône-Alpes'],COM,{42},{84}
e1a36863-4bb9-4aba-958d-cf5a3991e846,210206157,Commune de Renansart (02),false,{02640},Commune,2026-03-24 14:41:52.020251+01,gold_establishments_2025,,,,21020615700013,2025,Collectivité Territoriale,Commune,['Aisne'],['Hauts-de-France'],COM,{02},{32}
19128223-5eed-4ba8-80e0-4dbfb64fb82a,217004423,Commune de Renaucourt (70),false,{70442},Commune,2026-03-24 14:42:07.735343+01,gold_establishments_2025,,,,21700442300018,2025,Collectivité Territoriale,Commune,['Haute-Saône'],['Bourgogne-Franche-Comté'],COM,{70},{27}
792156b3-af2a-4b0f-b4c9-9e44d1f559b4,218803880,Commune de Renauvoid (88),false,{88388},Commune,2026-03-24 14:42:11.118516+01,gold_establishments_2025,,,,21880388000010,2025,Collectivité Territoriale,Commune,['Vosges'],['Grand Est'],COM,{88},{44}
6a49a8a9-fd0e-4ea4-9196-0e45baa67475,214101875,Commune de Renay (41),false,{41187},Commune,2026-03-24 14:42:00.273698+01,gold_establishments_2025,,,,21410187500018,2025,Collectivité Territoriale,Commune,['Loir-et-Cher'],['Centre-Val de Loire'],COM,{41},{24}
26662aad-f677-42ff-9155-bb047985d005,215301888,Commune de Renazé (53),false,{53188},Commune,2026-03-24 14:42:02.957225+01,gold_establishments_2025,,,,21530188800016,2025,Collectivité Territoriale,Commune,['Mayenne'],['Pays de la Loire'],COM,{53},{52}
b8d8c726-1a48-4532-ac8c-b2a1d281e3b5,213803331,Commune de Rencurel (38),false,{38333},Commune,2026-03-24 14:41:59.160244+01,gold_establishments_2025,,,,21380333100015,2025,Collectivité Territoriale,Commune,['Isère'],['Auvergne-Rhône-Alpes'],COM,{38},{84}
b9102271-9e0a-4529-b05c-08de6b8442c6,215904970,Commune de Renescure (59),false,{59497},Commune,2026-03-24 14:42:04.814328+01,gold_establishments_2025,,,,21590497000013,2025,Collectivité Territoriale,Commune,['Nord'],['Hauts-de-France'],COM,{59},{32}
ed1bc92b-2e94-4198-bb3f-4449c150ae86,217805183,Commune de Rennemoulin (78),false,{78518},Commune,2026-03-24 14:42:09.43682+01,gold_establishments_2025,,,,21780518300019,2025,Collectivité Territoriale,Commune,['Yvelines'],['Île-de-France'],COM,{78},{11}
945785bd-2720-4312-bad5-fc7bc67caebc,215202987,Commune de Rennepont (52),false,{52419},Commune,2026-03-24 14:42:01.954481+01,gold_establishments_2025,,,,21520298700016,2025,Collectivité Territoriale,Commune,['Haute-Marne'],['Grand Est'],COM,{52},{44}
2c554917-9c6a-4fce-9dbf-142597746cbc,213502388,Commune de Rennes (35),false,{35238},Commune,2026-03-24 14:41:58.620411+01,gold_establishments_2025,,,,21350238800019,2025,Collectivité Territoriale,Commune,['Ille-et-Vilaine'],['Bretagne'],COM,{35},{53}
d38b88b0-aaf7-464d-a837-ac30b837542c,215301896,Commune de Rennes-en-Grenouilles (53),false,{53189},Commune,2026-03-24 14:42:02.957225+01,gold_establishments_2025,,,,21530189600019,2025,Collectivité Territoriale,Commune,['Mayenne'],['Pays de la Loire'],COM,{53},{52}
326194fe-4009-4897-a0e8-ca2a6946ae12,211103098,Commune de Rennes-le-Château (11),false,{11309},Commune,2026-03-24 14:41:53.63825+01,gold_establishments_2025,,,,21110309800011,2025,Collectivité Territoriale,Commune,['Aude'],['Occitanie'],COM,{11},{76}
7fcc66b1-edf7-4b89-ad18-4165fb77dee9,211103106,Commune de Rennes-les-Bains (11),false,{11310},Commune,2026-03-24 14:41:53.63825+01,gold_establishments_2025,,,,21110310600012,2025,Collectivité Territoriale,Commune,['Aude'],['Occitanie'],COM,{11},{76}
97abc8a4-c586-4bab-9c7a-24009b7a6f6a,212504880,Commune de Rennes-sur-Loue (25),false,{25488},Commune,2026-03-24 14:41:56.495197+01,gold_establishments_2025,,,,21250488000015,2025,Collectivité Territoriale,Commune,['Doubs'],['Bourgogne-Franche-Comté'],COM,{25},{27}
490e8a50-b6f9-4d47-8d91-58385f9156fd,210206165,Commune de Renneval (02),false,{02641},Commune,2026-03-24 14:41:52.020251+01,gold_establishments_2025,,,,21020616500016,2025,Collectivité Territoriale,Commune,['Aisne'],['Hauts-de-France'],COM,{02},{32}
d9546839-e63d-4c1a-966f-8642097fd18d,210803243,Commune de Renneville (08),false,{08360},Commune,2026-03-24 14:41:53.095366+01,gold_establishments_2025,,,,21080324300018,2025,Collectivité Territoriale,Commune,['Ardennes'],['Grand Est'],COM,{08},{44}
d648f535-d3b3-4bc8-8ee3-c103cc88e671,212704886,Commune de Renneville (27),false,{27488},Commune,2026-03-24 14:41:57.028721+01,gold_establishments_2025,,,,21270488600010,2025,Collectivité Territoriale,Commune,['Eure'],['Normandie'],COM,{27},{28}
2780f206-204d-4cc5-ace5-e3f5d7485578,213104508,Commune de Renneville (31),false,{31450},Commune,2026-03-24 14:41:58.09424+01,gold_establishments_2025,,,,21310450800014,2025,Collectivité Territoriale,Commune,['Haute-Garonne'],['Occitanie'],COM,{31},{76}
e9650f8b-1304-4f4e-b6b2-f3aca6564993,212002588,Commune de Renno (2A),false,{2A258},Commune,2026-03-24 14:41:57.56054+01,gold_establishments_2025,,,,21200258800011,2025,Collectivité Territoriale,Commune,['Corse-du-Sud'],['Corse'],COM,{2A},{94}
d3c11b96-8961-43af-b6d0-68235685402e,216302992,Commune de Rentières (63),false,{63299},Commune,2026-03-24 14:42:06.130387+01,gold_establishments_2025,,,,21630299200013,2025,Collectivité Territoriale,Commune,['Puy-de-Dôme'],['Auvergne-Rhône-Alpes'],COM,{63},{84}
ff82a92a-aa26-4233-b061-e8150424c053,216207043,Commune de Renty (62),false,{62704},Commune,2026-03-24 14:42:06.130387+01,gold_establishments_2025,,,,21620704300037,2025,Collectivité Territoriale,Commune,['Pas-de-Calais'],['Hauts-de-France'],COM,{62},{32}
a3df311e-9974-47f0-8279-484c390635e5,214002404,Commune de Renung (40),false,{40240},Commune,2026-03-24 14:41:59.705606+01,gold_establishments_2025,,,,21400240400017,2025,Collectivité Territoriale,Commune,['Landes'],['Nouvelle-Aquitaine'],COM,{40},{75}
019f5b3f-440c-440b-8369-b4f86d7c00e1,210803250,Commune de Renwez (08),false,{08361},Commune,2026-03-24 14:41:53.095366+01,gold_establishments_2025,,,,21080325000013,2025,Collectivité Territoriale,Commune,['Ardennes'],['Grand Est'],COM,{08},{44}
f92c23a7-64f8-4629-bb84-2382a2ba3831,212105225,Commune de Renève (21),false,{21522},Commune,2026-03-24 14:41:55.433389+01,gold_establishments_2025,,,,21210522500016,2025,Collectivité Territoriale,Commune,"[""Côte-d'Or""]",['Bourgogne-Franche-Comté'],COM,{21},{27}
d593cf0d-d4dc-442f-86c7-5fc83e37ec4e,217202514,Commune de René (72),false,{72251},Commune,2026-03-24 14:42:08.279287+01,gold_establishments_2025,,,,21720251400014,2025,Collectivité Territoriale,Commune,['Sarthe'],['Pays de la Loire'],COM,{72},{52}
8d37a0a5-dbbb-4b58-8ff3-ed7f54ef0cd8,212504872,Commune de Renédale (25),false,{25487},Commune,2026-03-24 14:41:56.495197+01,gold_establishments_2025,,,,21250487200012,2025,Collectivité Territoriale,Commune,['Doubs'],['Bourgogne-Franche-Comté'],COM,{25},{27}
02e43414-e4a4-46eb-a095-3eb44f29157d,215404583,Commune de Repaix (54),false,{54458},Commune,2026-03-24 14:42:02.957225+01,gold_establishments_2025,,,,21540458300035,2025,Collectivité Territoriale,Commune,['Meurthe-et-Moselle'],['Grand Est'],COM,{54},{44}
6bd31d73-25a2-4772-985e-3daf17ef88f5,218803898,Commune de Repel (88),false,{88389},Commune,2026-03-24 14:42:11.118516+01,gold_establishments_2025,,,,21880389800012,2025,Collectivité Territoriale,Commune,['Vosges'],['Grand Est'],COM,{88},{44}
90953827-467e-4ad0-b5f1-4ce4a7de2798,211405337,Commune de Repentigny (14),false,{14533},Commune,2026-03-24 14:41:54.362296+01,gold_establishments_2025,,,,21140533700018,2025,Collectivité Territoriale,Commune,['Calvados'],['Normandie'],COM,{14},{28}
e1d02fce-ecf5-4ad4-86e0-fe50b2efd009,210103206,Commune de Replonges (01),false,{01320},Commune,2026-03-24 14:41:51.447482+01,gold_establishments_2025,,,,21010320600012,2025,Collectivité Territoriale,Commune,['Ain'],['Auvergne-Rhône-Alpes'],COM,{01},{84}
2eabd7da-171c-426d-8420-0e7b7c1d3247,219000841,Commune de Reppe (90),false,{90084},Commune,2026-03-24 14:42:11.659493+01,gold_establishments_2025,,,,21900084100011,2025,Collectivité Territoriale,Commune,['Territoire de Belfort'],['Bourgogne-Franche-Comté'],COM,{90},{27}
f5d031d5-548f-4b71-85be-858dfc9c9d28,217202522,Commune de Requeil (72),false,{72252},Commune,2026-03-24 14:42:08.279287+01,gold_establishments_2025,,,,21720252200017,2025,Collectivité Territoriale,Commune,['Sarthe'],['Pays de la Loire'],COM,{72},{52}
b82db477-321d-4ffb-b622-50eb137834fc,215504267,Commune de Resson (55),false,{55426},Commune,2026-03-24 14:42:03.701372+01,gold_establishments_2025,,,,21550426700018,2025,Collectivité Territoriale,Commune,['Meuse'],['Grand Est'],COM,{55},{44}
36379426-57a7-4e5d-ace6-cd0485c18cbd,210206181,Commune de Ressons-le-Long (02),false,{02643},Commune,2026-03-24 14:41:52.020251+01,gold_establishments_2025,,,,21020618100013,2025,Collectivité Territoriale,Commune,['Aisne'],['Hauts-de-France'],COM,{02},{32}
e2ea94f4-41a7-41e1-b61c-2743aae5bfae,216005272,Commune de Ressons-sur-Matz (60),false,{60533},Commune,2026-03-24 14:42:04.814328+01,gold_establishments_2025,,,,21600527200010,2025,Collectivité Territoriale,Commune,['Oise'],['Hauts-de-France'],COM,{60},{32}
7676fa0d-ce24-4045-af87-feed8221793c,213701931,Commune de Restigné (37),false,{37193},Commune,2026-03-24 14:41:59.160244+01,gold_establishments_2025,,,,21370193100015,2025,Collectivité Territoriale,Commune,['Indre-et-Loire'],['Centre-Val de Loire'],COM,{37},{24}
48d1681c-dffa-4e0b-a58d-c2c98a93ff2c,213402274,Commune de Restinclières (34),false,{34227},Commune,2026-03-24 14:41:58.620411+01,gold_establishments_2025,,,,21340227400012,2025,Collectivité Territoriale,Commune,['Hérault'],['Occitanie'],COM,{34},{76}
175cb0a0-922e-41b9-b0c8-1298c3a65a14,212316004,Commune de Reterre (23),false,{23160},Commune,2026-03-24 14:41:55.958138+01,gold_establishments_2025,,,,21231600400010,2025,Collectivité Territoriale,Commune,['Creuse'],['Nouvelle-Aquitaine'],COM,{23},{75}
60d0b7ef-227f-4f45-805c-600e76f39db1,210803268,Commune de Rethel (08),false,{08362},Commune,2026-03-24 14:41:53.095366+01,gold_establishments_2025,,,,21080326800015,2025,Collectivité Territoriale,Commune,['Ardennes'],['Grand Est'],COM,{08},{44}
8b53731a-7000-40d1-9450-33965ec33f8c,210206199,Commune de Retheuil (02),false,{02644},Commune,2026-03-24 14:41:52.020251+01,gold_establishments_2025,,,,21020619900015,2025,Collectivité Territoriale,Commune,['Aisne'],['Hauts-de-France'],COM,{02},{32}
1a615ff2-edc1-4786-bd89-2132d8462f7f,216005280,Commune de Rethondes (60),false,{60534},Commune,2026-03-24 14:42:04.814328+01,gold_establishments_2025,,,,21600528000013,2025,Collectivité Territoriale,Commune,['Oise'],['Hauts-de-France'],COM,{60},{32}
bbdb387c-af81-4b63-876b-a1ffbc81886e,218006294,Commune de Rethonvillers (80),false,{80669},Commune,2026-03-24 14:42:09.967209+01,gold_establishments_2025,,,,21800629400019,2025,Collectivité Territoriale,Commune,['Somme'],['Hauts-de-France'],COM,{80},{32}
b43ef973-cfeb-452c-be0b-616b9c99db68,213502396,Commune de Retiers (35),false,{35239},Commune,2026-03-24 14:41:58.620411+01,gold_establishments_2025,,,,21350239600012,2025,Collectivité Territoriale,Commune,['Ille-et-Vilaine'],['Bretagne'],COM,{35},{53}
ae1f395e-e3b7-4d4d-abfb-f8a7ce7e9963,214001646,Commune de Retjons (40),false,{40164},Commune,2026-03-24 14:41:59.705606+01,gold_establishments_2025,,,,21400164600014,2025,Collectivité Territoriale,Commune,['Landes'],['Nouvelle-Aquitaine'],COM,{40},{75}
23074ebc-5d5b-4740-b362-d73c6ab0ec68,215705757,Commune de Retonfey (57),false,{57575},Commune,2026-03-24 14:42:04.280096+01,gold_establishments_2025,,,,21570575700015,2025,Collectivité Territoriale,Commune,['Moselle'],['Grand Est'],COM,{57},{44}
d8d3cedd-708a-4079-bd3c-95ceb975ebb0,214301624,Commune de Retournac (43),false,{43162},Commune,2026-03-24 14:42:00.273698+01,gold_establishments_2025,,,,21430162400018,2025,Collectivité Territoriale,Commune,['Haute-Loire'],['Auvergne-Rhône-Alpes'],COM,{43},{84}
e42f2b2c-e953-431a-9eaa-9a496fc0b908,216703942,Commune de Retschwiller (67),false,{67394},Commune,2026-03-24 14:42:07.195692+01,gold_establishments_2025,,,,21670394200013,2025,Collectivité Territoriale,Commune,['Bas-Rhin'],['Grand Est'],COM,{67},{44}
966cbadc-b824-4975-8f65-f9333c2cf668,215705765,Commune de Rettel (57),false,{57576},Commune,2026-03-24 14:42:04.280096+01,gold_establishments_2025,,,,21570576500083,2025,Collectivité Territoriale,Commune,['Moselle'],['Grand Est'],COM,{57},{44}
89cca173-8b7c-4dfb-ac81-b58f48b45c65,216207050,Commune de Rety (62),false,{62705},Commune,2026-03-24 14:42:06.130387+01,gold_establishments_2025,,,,21620705000016,2025,Collectivité Territoriale,Commune,['Pas-de-Calais'],['Hauts-de-France'],COM,{62},{32}
55acc79a-b84e-4d90-91d3-e95c6dcef0c3,216802686,Commune de Retzwiller (68),false,{68268},Commune,2026-03-24 14:42:07.195692+01,gold_establishments_2025,,,,21680268600016,2025,Collectivité Territoriale,Commune,['Haut-Rhin'],['Grand Est'],COM,{68},{44}
6ffdc62f-bc0a-4241-addf-4a3ac1b4f534,212504898,Commune de Reugney (25),false,{25489},Commune,2026-03-24 14:41:56.495197+01,gold_establishments_2025,,,,21250489800017,2025,Collectivité Territoriale,Commune,['Doubs'],['Bourgogne-Franche-Comté'],COM,{25},{27}
ef3994b0-fab8-4e40-b79e-346bb6c7af35,210302139,Commune de Reugny (03),false,{03213},Commune,2026-03-24 14:41:52.020251+01,gold_establishments_2025,,,,21030213900014,2025,Collectivité Territoriale,Commune,['Allier'],['Auvergne-Rhône-Alpes'],COM,{03},{84}
be8287d9-391d-4c57-a137-bf643e6aec93,213701949,Commune de Reugny (37),false,{37194},Commune,2026-03-24 14:41:59.160244+01,gold_establishments_2025,,,,21370194900017,2025,Collectivité Territoriale,Commune,['Indre-et-Loire'],['Centre-Val de Loire'],COM,{37},{24}
455cf2ca-05bc-44d6-a6d9-0e57e548eaae,217703883,Commune de Reuil-en-Brie (77),false,{77388},Commune,2026-03-24 14:42:09.43682+01,gold_establishments_2025,,,,21770388300017,2025,Collectivité Territoriale,Commune,['Seine-et-Marne'],['Île-de-France'],COM,{77},{11}
f88bc014-90da-403f-82d9-5f2ca9e90851,216005298,Commune de Reuil-sur-Brêche (60),false,{60535},Commune,2026-03-24 14:42:04.814328+01,gold_establishments_2025,,,,21600529800015,2025,Collectivité Territoriale,Commune,['Oise'],['Hauts-de-France'],COM,{60},{32}
6058b7ff-a228-4154-824a-f607113bc629,212704894,Commune de Reuilly (27),false,{27489},Commune,2026-03-24 14:41:57.028721+01,gold_establishments_2025,,,,21270489400014,2025,Collectivité Territoriale,Commune,['Eure'],['Normandie'],COM,{27},{28}
30ce2ead-cae9-4fc9-bf41-534625d8148e,213601719,Commune de Reuilly (36),false,{36171},Commune,2026-03-24 14:41:59.160244+01,gold_establishments_2025,,,,21360171900015,2025,Collectivité Territoriale,Commune,['Indre'],['Centre-Val de Loire'],COM,{36},{24}
991ec8a8-f1b8-4f6a-9bb4-00480b8e9dbc,210206207,Commune de Reuilly-Sauvigny (02),false,{02645},Commune,2026-03-24 14:41:52.020251+01,gold_establishments_2025,,,,21020620700016,2025,Collectivité Territoriale,Commune,['Aisne'],['Hauts-de-France'],COM,{02},{32}
1b114912-4448-4898-9215-89edcb74f049,212105233,Commune de Reulle-Vergy (21),false,{21523},Commune,2026-03-24 14:41:55.433389+01,gold_establishments_2025,,,,21210523300010,2025,Collectivité Territoriale,Commune,"[""Côte-d'Or""]",['Bourgogne-Franche-Comté'],COM,{21},{27}
7c22b272-b735-4115-ba64-79b3954b8185,215904988,Commune de Reumont (59),false,{59498},Commune,2026-03-24 14:42:04.814328+01,gold_establishments_2025,,,,21590498800015,2025,Collectivité Territoriale,Commune,['Nord'],['Hauts-de-France'],COM,{59},{32}
e69d5246-9f37-4914-9b2c-86035da09e42,216703959,Commune de Reutenbourg (67),false,{67395},Commune,2026-03-24 14:42:07.195692+01,gold_establishments_2025,,,,21670395900017,2025,Collectivité Territoriale,Commune,['Bas-Rhin'],['Grand Est'],COM,{67},{44}
50b24eeb-c2ca-417b-a6c5-6901fb95df38,215104258,Commune de Reuves (51),false,{51458},Commune,2026-03-24 14:42:01.954481+01,gold_establishments_2025,,,,21510425800011,2025,Collectivité Territoriale,Commune,['Marne'],['Grand Est'],COM,{51},{44}
4fb79dea-d9c7-45fb-abb6-d37324b094b1,217605245,Commune de Reuville (76),false,{76524},Commune,2026-03-24 14:42:08.818969+01,gold_establishments_2025,,,,21760524500018,2025,Collectivité Territoriale,Commune,['Seine-Maritime'],['Normandie'],COM,{76},{28}
61b2ec59-dd1c-4f7e-aba3-406e6e06ec5b,211405345,Commune de Reux (14),false,{14534},Commune,2026-03-24 14:41:54.362296+01,gold_establishments_2025,,,,21140534500011,2025,Collectivité Territoriale,Commune,['Calvados'],['Normandie'],COM,{14},{28}
ffcf9dfe-e4db-40f2-919c-5c5d487f7432,213104516,Commune de Revel (31),false,{31451},Commune,2026-03-24 14:41:58.09424+01,gold_establishments_2025,,,,21310451600017,2025,Collectivité Territoriale,Commune,['Haute-Garonne'],['Occitanie'],COM,{31},{76}
8b2d5846-ad00-47c0-82a2-c4591ecb7d66,213803349,Commune de Revel (38),false,{38334},Commune,2026-03-24 14:41:59.160244+01,gold_establishments_2025,,,,21380334900017,2025,Collectivité Territoriale,Commune,['Isère'],['Auvergne-Rhône-Alpes'],COM,{38},{84}
db4850ea-aa35-45ac-9e62-c0771f47c0a6,213803356,Commune de Revel-Tourdan (38),false,{38335},Commune,2026-03-24 14:41:59.160244+01,gold_establishments_2025,,,,21380335600012,2025,Collectivité Territoriale,Commune,['Isère'],['Auvergne-Rhône-Alpes'],COM,{38},{84}
8febbe37-5b07-40ce-8aa4-ad99f6a65e6b,218006302,Commune de Revelles (80),false,{80670},Commune,2026-03-24 14:42:09.967209+01,gold_establishments_2025,,,,21800630200010,2025,Collectivité Territoriale,Commune,['Somme'],['Hauts-de-France'],COM,{80},{32}
2f01e3be-c174-4b7e-b462-94d292e1e8e9,213002132,Commune de Revens (30),false,{30213},Commune,2026-03-24 14:41:57.56054+01,gold_establishments_2025,,,,21300213200016,2025,Collectivité Territoriale,Commune,['Gard'],['Occitanie'],COM,{30},{76}
8584dfba-ee63-4274-9553-89a0320af1df,213803364,Commune de Reventin-Vaugris (38),false,{38336},Commune,2026-03-24 14:41:59.160244+01,gold_establishments_2025,,,,21380336400016,2025,Collectivité Territoriale,Commune,['Isère'],['Auvergne-Rhône-Alpes'],COM,{38},{84}
902071ab-15c5-456d-bc48-feaa818538dd,212803159,Commune de Revercourt (28),false,{28315},Commune,2026-03-24 14:41:57.028721+01,gold_establishments_2025,,,,21280315900012,2025,Collectivité Territoriale,Commune,['Eure-et-Loir'],['Centre-Val de Loire'],COM,{28},{24}
2b0b042d-44df-45ac-bf64-a67066c11e2d,210401642,Commune de Revest-Saint-Martin (04),false,{04164},Commune,2026-03-24 14:41:52.562531+01,gold_establishments_2025,,,,21040164200017,2025,Collectivité Territoriale,Commune,['Alpes-de-Haute-Provence'],"[""Provence-Alpes-Côte d'Azur""]",COM,{04},{93}
39b79700-b053-4a40-9ba0-dadd6c89dd6e,210401626,Commune de Revest-des-Brousses (04),false,{04162},Commune,2026-03-24 14:41:52.562531+01,gold_establishments_2025,,,,21040162600010,2025,Collectivité Territoriale,Commune,['Alpes-de-Haute-Provence'],"[""Provence-Alpes-Côte d'Azur""]",COM,{04},{93}
a3abfe71-4c31-40b2-8fe3-f7f5df564c30,210401634,Commune de Revest-du-Bion (04),false,{04163},Commune,2026-03-24 14:41:52.562531+01,gold_establishments_2025,,,,21040163400014,2025,Collectivité Territoriale,Commune,['Alpes-de-Haute-Provence'],"[""Provence-Alpes-Côte d'Azur""]",COM,{04},{93}
2054135e-b36f-4fad-a029-5141c5ffbbf6,210601001,Commune de Revest-les-Roches (06),false,{06100},Commune,2026-03-24 14:41:52.562531+01,gold_establishments_2025,,,,21060100100014,2025,Collectivité Territoriale,Commune,['Alpes-Maritimes'],"[""Provence-Alpes-Côte d'Azur""]",COM,{06},{93}
0d8953cf-315e-484d-80a5-945ba2a49a38,211405352,Commune de Reviers (14),false,{14535},Commune,2026-03-24 14:41:54.362296+01,gold_establishments_2025,,,,21140535200017,2025,Collectivité Territoriale,Commune,['Calvados'],['Normandie'],COM,{14},{28}
49c25ad6-0d1b-4868-bc8e-3219d2a0ad51,213904584,Commune de Revigny (39),false,{39458},Commune,2026-03-24 14:41:59.705606+01,gold_establishments_2025,,,,21390458400017,2025,Collectivité Territoriale,Commune,['Jura'],['Bourgogne-Franche-Comté'],COM,{39},{27}
79916069-aab5-4762-93cd-83169d005265,215504275,Commune de Revigny-sur-Ornain (55),false,{55427},Commune,2026-03-24 14:42:03.701372+01,gold_establishments_2025,,,,21550427500011,2025,Collectivité Territoriale,Commune,['Meuse'],['Grand Est'],COM,{55},{44}
cccd29d8-c729-4ccd-a06a-1b124b9fb351,210803276,Commune de Revin (08),false,{08363},Commune,2026-03-24 14:41:53.095366+01,gold_establishments_2025,,,,21080327600018,2025,Collectivité Territoriale,Commune,['Ardennes'],['Grand Est'],COM,{08},{44}
45d1e938-e7c6-408a-85d0-54ec404ac31c,210103214,Commune de Revonnas (01),false,{01321},Commune,2026-03-24 14:41:51.447482+01,gold_establishments_2025,,,,21010321400016,2025,Collectivité Territoriale,Commune,['Ain'],['Auvergne-Rhône-Alpes'],COM,{01},{84}
4e7c4dfd-1a1b-43d4-8a50-6c2c97ed408c,216703967,Commune de Rexingen (67),false,{67396},Commune,2026-03-24 14:42:07.195692+01,gold_establishments_2025,,,,21670396700010,2025,Collectivité Territoriale,Commune,['Bas-Rhin'],['Grand Est'],COM,{67},{44}
137cf954-3fe5-48f8-8193-199c33a3cc3f,215904996,Commune de Rexpoëde (59),false,{59499},Commune,2026-03-24 14:42:04.814328+01,gold_establishments_2025,,,,21590499600018,2025,Collectivité Territoriale,Commune,['Nord'],['Hauts-de-France'],COM,{59},{32}
63690626-5823-48fa-8d53-88e7eb1c326b,215705773,Commune de Reyersviller (57),false,{57577},Commune,2026-03-24 14:42:04.280096+01,gold_establishments_2025,,,,21570577300012,2025,Collectivité Territoriale,Commune,['Moselle'],['Grand Est'],COM,{57},{44}
c8293b6c-7a24-4dbc-9cca-a269bb209d08,211917109,Commune de Reygade (19),false,{19171},Commune,2026-03-24 14:41:54.903238+01,gold_establishments_2025,,,,21191710900012,2025,Collectivité Territoriale,Commune,['Corrèze'],['Nouvelle-Aquitaine'],COM,{19},{75}
79ae0b9d-9f0f-4f43-9cc0-e2b89e7b61ed,215202995,Commune de Reynel (52),false,{52420},Commune,2026-03-24 14:42:01.954481+01,gold_establishments_2025,,,,21520299500019,2025,Collectivité Territoriale,Commune,['Haute-Marne'],['Grand Est'],COM,{52},{44}
0de86776-c0ba-42d8-b065-144057c88b3f,218201507,Commune de Reyniès (82),false,{82150},Commune,2026-03-24 14:42:10.508772+01,gold_establishments_2025,,,,21820150700017,2025,Collectivité Territoriale,Commune,['Tarn-et-Garonne'],['Occitanie'],COM,{82},{76}
5088a468-f5a5-4594-a645-b07cca353b94,216601609,Commune de Reynès (66),false,{66160},Commune,2026-03-24 14:42:06.665412+01,gold_establishments_2025,,,,21660160900011,2025,Collectivité Territoriale,Commune,['Pyrénées-Orientales'],['Occitanie'],COM,{66},{76}
1ea4f2b7-4cd2-489f-a4d2-e1d80ea7803a,214602377,Commune de Reyrevignes (46),false,{46237},Commune,2026-03-24 14:42:00.862623+01,gold_establishments_2025,,,,21460237700019,2025,Collectivité Territoriale,Commune,['Lot'],['Occitanie'],COM,{46},{76}
e95bf400-31a9-4f14-90a7-f12817e097e2,210103222,Commune de Reyrieux (01),false,{01322},Commune,2026-03-24 14:41:51.447482+01,gold_establishments_2025,,,,21010322200019,2025,Collectivité Territoriale,Commune,['Ain'],['Auvergne-Rhône-Alpes'],COM,{01},{84}
1e9b7487-8628-412f-a8d7-80bcfd986dcc,210103230,Commune de Reyssouze (01),false,{01323},Commune,2026-03-24 14:41:51.447482+01,gold_establishments_2025,,,,21010323000012,2025,Collectivité Territoriale,Commune,['Ain'],['Auvergne-Rhône-Alpes'],COM,{01},{84}
4a3e5dd0-42b0-4292-ac0e-5771399297ff,217402221,Commune de Reyvroz (74),false,{74222},Commune,2026-03-24 14:42:08.818969+01,gold_establishments_2025,,,,21740222100014,2025,Collectivité Territoriale,Commune,['Haute-Savoie'],['Auvergne-Rhône-Alpes'],COM,{74},{84}
78df53aa-b332-4d6f-9274-407dd3226168,211801931,Commune de Rezay (18),false,{18193},Commune,2026-03-24 14:41:54.903238+01,gold_establishments_2025,,,,21180193100018,2025,Collectivité Territoriale,Commune,['Cher'],['Centre-Val de Loire'],COM,{18},{24}
d8bf5bdb-c602-48a9-8473-9009e931e0c2,200085231,Commune de Rezonville-Vionville (57),false,{57578},Commune,2026-03-24 14:42:04.280096+01,gold_establishments_2025,,,,20008523100013,2025,Collectivité Territoriale,Commune,['Moselle'],['Grand Est'],COM,{57},{44}
84eb9dc4-fa30-4098-b9fe-ad3e980f77b4,212002596,Commune de Rezza (2A),false,{2A259},Commune,2026-03-24 14:41:57.56054+01,gold_establishments_2025,,,,21200259600014,2025,Collectivité Territoriale,Commune,['Corse-du-Sud'],['Corse'],COM,{2A},{94}
8a6b3f73-2641-4251-9376-19f8d8a981fa,214401432,Commune de Rezé (44),false,{44143},Commune,2026-03-24 14:42:00.273698+01,gold_establishments_2025,,,,21440143200015,2025,Collectivité Territoriale,Commune,['Loire-Atlantique'],['Pays de la Loire'],COM,{44},{52}
cb92f633-769e-454d-bcb4-acf9e13d86b0,216703975,Commune de Rhinau (67),false,{67397},Commune,2026-03-24 14:42:07.195692+01,gold_establishments_2025,,,,21670397500013,2025,Collectivité Territoriale,Commune,['Bas-Rhin'],['Grand Est'],COM,{67},{44}
947fa23f-fecf-48da-83f2-c4e17dc102d4,215705799,Commune de Rhodes (57),false,{57579},Commune,2026-03-24 14:42:04.280096+01,gold_establishments_2025,,,,21570579900017,2025,Collectivité Territoriale,Commune,['Moselle'],['Grand Est'],COM,{57},{44}
2bd920fb-5ce0-42ce-b00f-536054d5dcd2,214101883,Commune de Rhodon (41),false,{41188},Commune,2026-03-24 14:42:00.273698+01,gold_establishments_2025,,,,21410188300012,2025,Collectivité Territoriale,Commune,['Loir-et-Cher'],['Centre-Val de Loire'],COM,{41},{24}
d1c97c1b-87d8-41df-971d-2ed625b83fe8,216005306,Commune de Rhuis (60),false,{60536},Commune,2026-03-24 14:42:04.814328+01,gold_establishments_2025,,,,21600530600016,2025,Collectivité Territoriale,Commune,['Oise'],['Hauts-de-France'],COM,{60},{32}
1889376a-d1de-46d2-a118-a03e2490c142,211003066,Commune de Rhèges (10),false,{10316},Commune,2026-03-24 14:41:53.095366+01,gold_establishments_2025,,,,21100306600019,2025,Collectivité Territoriale,Commune,['Aube'],['Grand Est'],COM,{10},{44}
1fc3fdde-5e67-4394-887f-1727f14d616a,216103499,Commune de Ri (61),false,{61349},Commune,2026-03-24 14:42:05.597325+01,gold_establishments_2025,,,,21610349900010,2025,Collectivité Territoriale,Commune,['Orne'],['Normandie'],COM,{61},{28}
d92e0666-14bc-4430-991e-0f4f0d067e97,216601617,Commune de Ria-Sirach (66),false,{66161},Commune,2026-03-24 14:42:06.665412+01,gold_establishments_2025,,,,21660161700071,2025,Collectivité Territoriale,Commune,['Pyrénées-Orientales'],['Occitanie'],COM,{66},{76}
2bea0bbe-723a-4b51-8053-e245c7c3de88,214401440,Commune de Riaillé (44),false,{44144},Commune,2026-03-24 14:42:00.273698+01,gold_establishments_2025,,,,21440144000018,2025,Collectivité Territoriale,Commune,['Loire-Atlantique'],['Pays de la Loire'],COM,{44},{52}
a977b804-a89a-40cf-a75e-de4ab721f946,211801949,Commune de Rians (18),false,{18194},Commune,2026-03-24 14:41:54.903238+01,gold_establishments_2025,,,,21180194900010,2025,Collectivité Territoriale,Commune,['Cher'],['Centre-Val de Loire'],COM,{18},{24}
bf49c9cd-800a-4ec4-9a98-49fa7387dc8d,218301042,Commune de Rians (83),false,{83104},Commune,2026-03-24 14:42:10.508772+01,gold_establishments_2025,,,,21830104200014,2025,Collectivité Territoriale,Commune,['Var'],"[""Provence-Alpes-Côte d'Azur""]",COM,{83},{93}
1b4eb890-2646-4b66-92b9-b652f0233d9f,215601931,Commune de Riantec (56),false,{56193},Commune,2026-03-24 14:42:03.701372+01,gold_establishments_2025,,,,21560193100011,2025,Collectivité Territoriale,Commune,['Morbihan'],['Bretagne'],COM,{56},{53}
e77b027a-447c-4fdd-89a9-f91a66d80726,215203001,Commune de Riaucourt (52),false,{52421},Commune,2026-03-24 14:42:01.954481+01,gold_establishments_2025,,,,21520300100015,2025,Collectivité Territoriale,Commune,['Haute-Marne'],['Grand Est'],COM,{52},{44}
b6edfed7-233d-499b-b07f-def0620363ca,215504291,Commune de Riaville (55),false,{55429},Commune,2026-03-24 14:42:03.701372+01,gold_establishments_2025,,,,21550429100018,2025,Collectivité Territoriale,Commune,['Meuse'],['Grand Est'],COM,{55},{44}
62859f5e-c21b-4fe5-84bc-558ff61d99cd,212403513,Commune de Ribagnac (24),false,{24351},Commune,2026-03-24 14:41:55.958138+01,gold_establishments_2025,,,,21240351300014,2025,Collectivité Territoriale,Commune,['Dordogne'],['Nouvelle-Aquitaine'],COM,{24},{75}
1f1e64e6-76d0-4b00-9052-23f0ae6d8f10,216404640,Commune de Ribarrouy (64),false,{64464},Commune,2026-03-24 14:42:06.665412+01,gold_establishments_2025,,,,21640464000015,2025,Collectivité Territoriale,Commune,['Pyrénées-Atlantiques'],['Nouvelle-Aquitaine'],COM,{64},{75}
b980078a-d1ae-40b8-8946-c601ade958b3,211103114,Commune de Ribaute (11),false,{11311},Commune,2026-03-24 14:41:53.63825+01,gold_establishments_2025,,,,21110311400016,2025,Collectivité Territoriale,Commune,['Aude'],['Occitanie'],COM,{11},{76}
960ac318-141c-49dc-82a8-92f27797e048,213002140,Commune de Ribaute-les-Tavernes (30),false,{30214},Commune,2026-03-24 14:41:57.56054+01,gold_establishments_2025,,,,21300214000019,2025,Collectivité Territoriale,Commune,['Gard'],['Occitanie'],COM,{30},{76}
83c84a36-ff75-47df-85c3-8bc56fb0c97c,215504309,Commune de Ribeaucourt (55),false,{55430},Commune,2026-03-24 14:42:03.701372+01,gold_establishments_2025,,,,21550430900018,2025,Collectivité Territoriale,Commune,['Meuse'],['Grand Est'],COM,{55},{44}
3c56ac14-29ac-4d9b-90f8-2594224f14cf,218006310,Commune de Ribeaucourt (80),false,{80671},Commune,2026-03-24 14:42:09.967209+01,gold_establishments_2025,,,,21800631000013,2025,Collectivité Territoriale,Commune,['Somme'],['Hauts-de-France'],COM,{80},{32}
dcac268e-dc23-4d59-ad96-18c76ae5b693,210206223,Commune de Ribeauville (02),false,{02647},Commune,2026-03-24 14:41:52.020251+01,gold_establishments_2025,,,,21020622300013,2025,Collectivité Territoriale,Commune,['Aisne'],['Hauts-de-France'],COM,{02},{32}
a5ebbd60-573d-4e8b-b04e-61038b83b95c,216802694,Commune de Ribeauvillé (68),false,{68269},Commune,2026-03-24 14:42:07.195692+01,gold_establishments_2025,,,,21680269400010,2025,Collectivité Territoriale,Commune,['Haut-Rhin'],['Grand Est'],COM,{68},{44}
37a0090f-d718-42d2-93aa-930b07fd83aa,210206231,Commune de Ribemont (02),false,{02648},Commune,2026-03-24 14:41:52.020251+01,gold_establishments_2025,,,,21020623100016,2025,Collectivité Territoriale,Commune,['Aisne'],['Hauts-de-France'],COM,{02},{32}
518a98cb-ddc3-4fa4-8b06-ea73b89c934a,218006328,Commune de Ribemont-sur-Ancre (80),false,{80672},Commune,2026-03-24 14:42:09.967209+01,gold_establishments_2025,,,,21800632800015,2025,Collectivité Territoriale,Commune,['Somme'],['Hauts-de-France'],COM,{80},{32}
64511f5f-cf8c-4270-b559-a0273141d4e0,210701892,Commune de Ribes (07),false,{07189},Commune,2026-03-24 14:41:52.562531+01,gold_establishments_2025,,,,21070189200015,2025,Collectivité Territoriale,Commune,['Ardèche'],['Auvergne-Rhône-Alpes'],COM,{07},{84}
879d1a48-a90c-44ae-9e07-45107ea0f710,210501177,Commune de Ribeyret (05),false,{05117},Commune,2026-03-24 14:41:52.562531+01,gold_establishments_2025,,,,21050117700013,2025,Collectivité Territoriale,Commune,['Hautes-Alpes'],"[""Provence-Alpes-Côte d'Azur""]",COM,{05},{93}
05be575e-5263-4610-9158-79b1c360f55f,211103122,Commune de Ribouisse (11),false,{11312},Commune,2026-03-24 14:41:53.63825+01,gold_establishments_2025,,,,21110312200019,2025,Collectivité Territoriale,Commune,['Aude'],['Occitanie'],COM,{11},{76}
64e88f78-cc34-4091-89b8-9eb8ba52ea91,218301059,Commune de Riboux (83),false,{83105},Commune,2026-03-24 14:42:10.508772+01,gold_establishments_2025,,,,21830105900018,2025,Collectivité Territoriale,Commune,['Var'],"[""Provence-Alpes-Côte d'Azur""]",COM,{83},{93}
e032ed5a-bef0-465d-8898-8567f8cabf0f,216005314,Commune de Ribécourt-Dreslincourt (60),false,{60537},Commune,2026-03-24 14:42:04.814328+01,gold_establishments_2025,,,,21600531400010,2025,Collectivité Territoriale,Commune,['Oise'],['Hauts-de-France'],COM,{60},{32}
c97d1d96-a76a-4b63-b8f8-63aac2cac0b1,215905001,Commune de Ribécourt-la-Tour (59),false,{59500},Commune,2026-03-24 14:42:04.814328+01,gold_establishments_2025,,,,21590500100016,2025,Collectivité Territoriale,Commune,['Nord'],['Hauts-de-France'],COM,{59},{32}
2f1c08ed-1fdf-42ef-9d9a-f266014661cf,212403521,Commune de Ribérac (24),false,{24352},Commune,2026-03-24 14:41:55.958138+01,gold_establishments_2025,,,,21240352100017,2025,Collectivité Territoriale,Commune,['Dordogne'],['Nouvelle-Aquitaine'],COM,{24},{75}
6f38f5c2-7f01-43ed-b58b-1bbe89c6c1a2,217605260,Commune de Ricarville-du-Val (76),false,{76526},Commune,2026-03-24 14:42:08.818969+01,gold_establishments_2025,,,,21760526000017,2025,Collectivité Territoriale,Commune,['Seine-Maritime'],['Normandie'],COM,{76},{28}
8e8e23b4-64d3-4991-b6ea-efb88d683282,211103130,Commune de Ricaud (11),false,{11313},Commune,2026-03-24 14:41:53.63825+01,gold_establishments_2025,,,,21110313000012,2025,Collectivité Territoriale,Commune,['Aude'],['Occitanie'],COM,{11},{76}
407deb50-dc02-4221-be6e-13e2c0db0eec,216503789,Commune de Ricaud (65),false,{65378},Commune,2026-03-24 14:42:06.665412+01,gold_establishments_2025,,,,21650378900010,2025,Collectivité Territoriale,Commune,['Hautes-Pyrénées'],['Occitanie'],COM,{65},{76}
02c9f783-77bf-4189-910c-8a73c1fa0cf1,215404591,Commune de Richardménil (54),false,{54459},Commune,2026-03-24 14:42:02.957225+01,gold_establishments_2025,,,,21540459100012,2025,Collectivité Territoriale,Commune,['Meurthe-et-Moselle'],['Grand Est'],COM,{54},{44}
60d78a83-66c5-4ace-a0fd-8611eeae861d,219105194,Commune de Richarville (91),false,{91519},Commune,2026-03-24 14:42:11.659493+01,gold_establishments_2025,,,,21910519400019,2025,Collectivité Territoriale,Commune,['Essonne'],['Île-de-France'],COM,{91},{11}
ebf0a808-16ff-4a5d-bee6-ab3fe190e90e,215705807,Commune de Riche (57),false,{57580},Commune,2026-03-24 14:42:04.280096+01,gold_establishments_2025,,,,21570580700018,2025,Collectivité Territoriale,Commune,['Moselle'],['Grand Est'],COM,{57},{44}
0590c961-fab6-484d-ba0d-3de12c33cd2e,215203019,Commune de Richebourg (52),false,{52422},Commune,2026-03-24 14:42:01.954481+01,gold_establishments_2025,,,,21520301900017,2025,Collectivité Territoriale,Commune,['Haute-Marne'],['Grand Est'],COM,{52},{44}
f7993a0a-0334-4618-bc9d-1495e4e7f908,216207068,Commune de Richebourg (62),false,{62706},Commune,2026-03-24 14:42:06.130387+01,gold_establishments_2025,,,,21620706800018,2025,Collectivité Territoriale,Commune,['Pas-de-Calais'],['Hauts-de-France'],COM,{62},{32}
75b33b5b-d064-46da-bd21-cd088b180ae1,217805209,Commune de Richebourg (78),false,{78520},Commune,2026-03-24 14:42:09.43682+01,gold_establishments_2025,,,,21780520900012,2025,Collectivité Territoriale,Commune,['Yvelines'],['Île-de-France'],COM,{78},{11}
473e8e35-2323-4fa0-88d7-a0c5f071439b,215504317,Commune de Richecourt (55),false,{55431},Commune,2026-03-24 14:42:03.701372+01,gold_establishments_2025,,,,21550431700011,2025,Collectivité Territoriale,Commune,['Meuse'],['Grand Est'],COM,{55},{44}
618c55f8-a8ad-4eaa-92a5-8b748812a2ff,213701964,Commune de Richelieu (37),false,{37196},Commune,2026-03-24 14:41:59.160244+01,gold_establishments_2025,,,,21370196400016,2025,Collectivité Territoriale,Commune,['Indre-et-Loire'],['Centre-Val de Loire'],COM,{37},{24}
46fe3516-5c95-4f1e-861b-6873213590b9,215705815,Commune de Richeling (57),false,{57581},Commune,2026-03-24 14:42:04.280096+01,gold_establishments_2025,,,,21570581500011,2025,Collectivité Territoriale,Commune,['Moselle'],['Grand Est'],COM,{57},{44}
8cbeca4a-b51a-401d-b5bf-2fbf5b810373,215705823,Commune de Richemont (57),false,{57582},Commune,2026-03-24 14:42:04.280096+01,gold_establishments_2025,,,,21570582300015,2025,Collectivité Territoriale,Commune,['Moselle'],['Grand Est'],COM,{57},{44}
297196ac-d190-4360-b782-cff2a7d73fd4,217605278,Commune de Richemont (76),false,{76527},Commune,2026-03-24 14:42:08.818969+01,gold_establishments_2025,,,,21760527800019,2025,Collectivité Territoriale,Commune,['Seine-Maritime'],['Normandie'],COM,{76},{28}
46a4e9bd-1986-4bad-a0a3-3c85a6bee0a3,218400976,Commune de Richerenches (84),false,{84097},Commune,2026-03-24 14:42:10.508772+01,gold_establishments_2025,,,,21840097600013,2025,Collectivité Territoriale,Commune,['Vaucluse'],"[""Provence-Alpes-Côte d'Azur""]",COM,{84},{93}
4e2e2836-76fd-4f3e-b961-5b6ddc339d78,215705831,Commune de Richeval (57),false,{57583},Commune,2026-03-24 14:42:04.280096+01,gold_establishments_2025,,,,21570583100018,2025,Collectivité Territoriale,Commune,['Moselle'],['Grand Est'],COM,{57},{44}
0e9f1ea5-44c4-4e3a-bcf5-457065e0f7d6,212704902,Commune de Richeville (27),false,{27490},Commune,2026-03-24 14:41:57.028721+01,gold_establishments_2025,,,,21270490200015,2025,Collectivité Territoriale,Commune,['Eure'],['Normandie'],COM,{27},{28}
a641f6c6-1b46-4161-8e35-de2902af60e9,216703983,Commune de Richtolsheim (67),false,{67398},Commune,2026-03-24 14:42:07.195692+01,gold_establishments_2025,,,,21670398300017,2025,Collectivité Territoriale,Commune,['Bas-Rhin'],['Grand Est'],COM,{67},{44}
21b35e25-0dd4-4c31-9e9a-0bce6fd16354,216802702,Commune de Richwiller (68),false,{68270},Commune,2026-03-24 14:42:07.195692+01,gold_establishments_2025,,,,21680270200011,2025,Collectivité Territoriale,Commune,['Haut-Rhin'],['Grand Est'],COM,{68},{44}
0a6f9401-c5b7-4470-aef0-98b35fa23b4e,213203425,Commune de Ricourt (32),false,{32342},Commune,2026-03-24 14:41:58.09424+01,gold_establishments_2025,,,,21320342500011,2025,Collectivité Territoriale,Commune,['Gers'],['Occitanie'],COM,{32},{76}
dadd2734-31d4-487b-8725-12b43f4affa2,216005322,Commune de Ricquebourg (60),false,{60538},Commune,2026-03-24 14:42:04.814328+01,gold_establishments_2025,,,,21600532200013,2025,Collectivité Territoriale,Commune,['Oise'],['Hauts-de-France'],COM,{60},{32}
61d8de8b-7693-4f72-bb84-f7fadc64fbfe,212902365,Commune de Riec-sur-Bélon (29),false,{29236},Commune,2026-03-24 14:41:57.56054+01,gold_establishments_2025,,,,21290236500114,2025,Collectivité Territoriale,Commune,['Finistère'],['Bretagne'],COM,{29},{53}
c47fb95b-26b5-4597-8df8-6d696e9d5af9,216802710,Commune de Riedisheim (68),false,{68271},Commune,2026-03-24 14:42:07.195692+01,gold_establishments_2025,,,,21680271000014,2025,Collectivité Territoriale,Commune,['Haut-Rhin'],['Grand Est'],COM,{68},{44}
168887fb-d649-4280-a907-d1692244ff82,216704007,Commune de Riedseltz (67),false,{67400},Commune,2026-03-24 14:42:07.195692+01,gold_establishments_2025,,,,21670400700014,2025,Collectivité Territoriale,Commune,['Bas-Rhin'],['Grand Est'],COM,{67},{44}
0a561dce-c3ae-4f15-b6b6-8d3c9e890d22,212105241,Commune de Riel-les-Eaux (21),false,{21524},Commune,2026-03-24 14:41:55.433389+01,gold_establishments_2025,,,,21210524100013,2025,Collectivité Territoriale,Commune,"[""Côte-d'Or""]",['Bourgogne-Franche-Comté'],COM,{21},{27}
07cf9bbc-e639-4665-beae-395db3ef9b37,218006336,Commune de Riencourt (80),false,{80673},Commune,2026-03-24 14:42:09.967209+01,gold_establishments_2025,,,,21800633600018,2025,Collectivité Territoriale,Commune,['Somme'],['Hauts-de-France'],COM,{80},{32}
966107dc-5f84-4e75-b821-56492a0c6a53,216207084,Commune de Riencourt-lès-Bapaume (62),false,{62708},Commune,2026-03-24 14:42:06.130387+01,gold_establishments_2025,,,,21620708400015,2025,Collectivité Territoriale,Commune,['Pas-de-Calais'],['Hauts-de-France'],COM,{62},{32}
0bf8e364-9cbe-4c62-93d8-41d93728283e,216207092,Commune de Riencourt-lès-Cagnicourt (62),false,{62709},Commune,2026-03-24 14:42:06.130387+01,gold_establishments_2025,,,,21620709200018,2025,Collectivité Territoriale,Commune,['Pas-de-Calais'],['Hauts-de-France'],COM,{62},{32}
5d2b58f4-df07-4046-920c-88532fd27283,219000858,Commune de Riervescemont (90),false,{90085},Commune,2026-03-24 14:42:11.659493+01,gold_establishments_2025,,,,21900085800015,2025,Collectivité Territoriale,Commune,['Territoire de Belfort'],['Bourgogne-Franche-Comté'],COM,{90},{27}
49ebac33-255a-4743-8080-6a8d3d244db7,216802736,Commune de Riespach (68),false,{68273},Commune,2026-03-24 14:42:07.195692+01,gold_establishments_2025,,,,21680273600019,2025,Collectivité Territoriale,Commune,['Haut-Rhin'],['Grand Est'],COM,{68},{44}
7eccaf8b-5354-4478-88e1-3cb1b8401a47,213104524,Commune de Rieucazé (31),false,{31452},Commune,2026-03-24 14:41:58.09424+01,gold_establishments_2025,,,,21310452400011,2025,Collectivité Territoriale,Commune,['Haute-Garonne'],['Occitanie'],COM,{31},{76}
c66aaceb-41b9-4b83-90d6-94295ba571d4,210902441,Commune de Rieucros (09),false,{09244},Commune,2026-03-24 14:41:53.095366+01,gold_establishments_2025,,,,21090244100018,2025,Collectivité Territoriale,Commune,['Ariège'],['Occitanie'],COM,{09},{76}
f54b87d6-dc41-4d25-8eb7-7d60e4fc27aa,215905019,Commune de Rieulay (59),false,{59501},Commune,2026-03-24 14:42:04.814328+01,gold_establishments_2025,,,,21590501900034,2025,Collectivité Territoriale,Commune,['Nord'],['Hauts-de-France'],COM,{59},{32}
d1ad9d5c-21f1-47d2-b6bc-bd04553df853,213104532,Commune de Rieumajou (31),false,{31453},Commune,2026-03-24 14:41:58.09424+01,gold_establishments_2025,,,,21310453200014,2025,Collectivité Territoriale,Commune,['Haute-Garonne'],['Occitanie'],COM,{31},{76}
65b39fc6-2017-49b0-b522-0711fa146a04,213104540,Commune de Rieumes (31),false,{31454},Commune,2026-03-24 14:41:58.09424+01,gold_establishments_2025,,,,21310454000017,2025,Collectivité Territoriale,Commune,['Haute-Garonne'],['Occitanie'],COM,{31},{76}
bbaf75cf-e9d6-4180-a501-c096c06282a4,211201983,Commune de Rieupeyroux (12),false,{12198},Commune,2026-03-24 14:41:53.63825+01,gold_establishments_2025,,,,21120198300015,2025,Collectivité Territoriale,Commune,['Aveyron'],['Occitanie'],COM,{12},{76}
10d0bd6c-2e47-4824-bf53-97f80fae5118,213402282,Commune de Rieussec (34),false,{34228},Commune,2026-03-24 14:41:58.620411+01,gold_establishments_2025,,,,21340228200015,2025,Collectivité Territoriale,Commune,['Hérault'],['Occitanie'],COM,{34},{76}
3b9ede58-76c9-4419-b621-f681502c9314,215104274,Commune de Rieux (51),false,{51460},Commune,2026-03-24 14:42:01.954481+01,gold_establishments_2025,,,,21510427400018,2025,Collectivité Territoriale,Commune,['Marne'],['Grand Est'],COM,{51},{44}
fb17061f-0e73-4682-ae88-90788ae2d78c,215601949,Commune de Rieux (56),false,{56194},Commune,2026-03-24 14:42:03.701372+01,gold_establishments_2025,,,,21560194900013,2025,Collectivité Territoriale,Commune,['Morbihan'],['Bretagne'],COM,{56},{53}
f963d438-eb1b-4014-a8d7-c628bf23a0b8,216005330,Commune de Rieux (60),false,{60539},Commune,2026-03-24 14:42:04.814328+01,gold_establishments_2025,,,,21600533000016,2025,Collectivité Territoriale,Commune,['Oise'],['Hauts-de-France'],COM,{60},{32}
5b4afec7-d438-4ade-bdc4-25959cedda10,217605286,Commune de Rieux (76),false,{76528},Commune,2026-03-24 14:42:08.818969+01,gold_establishments_2025,,,,21760528600012,2025,Collectivité Territoriale,Commune,['Seine-Maritime'],['Normandie'],COM,{76},{28}
26b66e55-0d1e-412a-8e4b-08329355857b,211103155,Commune de Rieux-Minervois (11),false,{11315},Commune,2026-03-24 14:41:53.63825+01,gold_establishments_2025,,,,21110315500019,2025,Collectivité Territoriale,Commune,['Aude'],['Occitanie'],COM,{11},{76}
c8897b83-3d17-4d0b-87e8-ceef12ed5701,213104557,Commune de Rieux-Volvestre (31),false,{31455},Commune,2026-03-24 14:41:58.09424+01,gold_establishments_2025,,,,21310455700011,2025,Collectivité Territoriale,Commune,['Haute-Garonne'],['Occitanie'],COM,{31},{76}
9239e9da-11da-4538-b127-f860016c1178,210902458,Commune de Rieux-de-Pelleport (09),false,{09245},Commune,2026-03-24 14:41:53.095366+01,gold_establishments_2025,,,,21090245800087,2025,Collectivité Territoriale,Commune,['Ariège'],['Occitanie'],COM,{09},{76}
818d6a46-07bf-49d9-b128-2fce76cc1443,215905027,Commune de Rieux-en-Cambrésis (59),false,{59502},Commune,2026-03-24 14:42:04.814328+01,gold_establishments_2025,,,,21590502700011,2025,Collectivité Territoriale,Commune,['Nord'],['Hauts-de-France'],COM,{59},{32}
edc1c8c1-5743-4266-8d2c-d777c586c9dd,211103148,Commune de Rieux-en-Val (11),false,{11314},Commune,2026-03-24 14:41:53.63825+01,gold_establishments_2025,,,,21110314800014,2025,Collectivité Territoriale,Commune,['Aude'],['Occitanie'],COM,{11},{76}
e63c96a6-55dd-4e97-8886-791c7f0d0d6a,210401667,Commune de Riez (04),false,{04166},Commune,2026-03-24 14:41:52.562531+01,gold_establishments_2025,,,,21040166700014,2025,Collectivité Territoriale,Commune,['Alpes-de-Haute-Provence'],"[""Provence-Alpes-Côte d'Azur""]",COM,{04},{93}
f1262c39-f774-4e51-98b9-8910b951adc1,216601625,Commune de Rigarda (66),false,{66162},Commune,2026-03-24 14:42:06.665412+01,gold_establishments_2025,,,,21660162500017,2025,Collectivité Territoriale,Commune,['Pyrénées-Orientales'],['Occitanie'],COM,{66},{76}
f1e1a169-1951-4b95-ba88-585ff37f2174,210601019,Commune de Rigaud (06),false,{06101},Commune,2026-03-24 14:41:52.562531+01,gold_establishments_2025,,,,21060101900016,2025,Collectivité Territoriale,Commune,['Alpes-Maritimes'],"[""Provence-Alpes-Côte d'Azur""]",COM,{06},{93}
350094f2-9eff-4ec8-88b9-ffc137368e4d,211201991,Commune de Rignac (12),false,{12199},Commune,2026-03-24 14:41:53.63825+01,gold_establishments_2025,,,,21120199100018,2025,Collectivité Territoriale,Commune,['Aveyron'],['Occitanie'],COM,{12},{76}
ecb19930-33c2-43e9-aa8b-dad0450912c1,214602385,Commune de Rignac (46),false,{46238},Commune,2026-03-24 14:42:00.862623+01,gold_establishments_2025,,,,21460238500012,2025,Collectivité Territoriale,Commune,['Lot'],['Occitanie'],COM,{46},{76}
ea343ceb-04fa-4494-8f49-b280f24fef32,212504906,Commune de Rigney (25),false,{25490},Commune,2026-03-24 14:41:56.495197+01,gold_establishments_2025,,,,21250490600018,2025,Collectivité Territoriale,Commune,['Doubs'],['Bourgogne-Franche-Comté'],COM,{25},{27}
505d2db9-8fb8-41a0-8a07-db4750e293fb,210103255,Commune de Rignieux-le-Franc (01),false,{01325},Commune,2026-03-24 14:41:51.447482+01,gold_establishments_2025,,,,21010325500019,2025,Collectivité Territoriale,Commune,['Ain'],['Auvergne-Rhône-Alpes'],COM,{01},{84}
3b88c59f-1a34-4794-9901-1b26cf45a80a,212504914,Commune de Rignosot (25),false,{25491},Commune,2026-03-24 14:41:56.495197+01,gold_establishments_2025,,,,21250491400012,2025,Collectivité Territoriale,Commune,['Doubs'],['Bourgogne-Franche-Comté'],COM,{25},{27}
b74d5d9e-bd6d-497a-970c-ce2478a0f718,217004456,Commune de Rignovelle (70),false,{70445},Commune,2026-03-24 14:42:07.735343+01,gold_establishments_2025,,,,21700445600018,2025,Collectivité Territoriale,Commune,['Haute-Saône'],['Bourgogne-Franche-Comté'],COM,{70},{27}
be20838c-e005-45d0-9bec-7ddbc008b945,217004464,Commune de Rigny (70),false,{70446},Commune,2026-03-24 14:42:07.735343+01,gold_establishments_2025,,,,21700446400012,2025,Collectivité Territoriale,Commune,['Haute-Saône'],['Bourgogne-Franche-Comté'],COM,{70},{27}
5fe7b872-a730-4406-b1ef-e4455e6b1bce,215504341,Commune de Rigny-Saint-Martin (55),false,{55434},Commune,2026-03-24 14:42:03.701372+01,gold_establishments_2025,,,,21550434100011,2025,Collectivité Territoriale,Commune,['Meuse'],['Grand Est'],COM,{55},{44}
ed29b3b2-a80a-410d-821b-739957bddabf,213701972,Commune de Rigny-Ussé (37),false,{37197},Commune,2026-03-24 14:41:59.160244+01,gold_establishments_2025,,,,21370197200019,2025,Collectivité Territoriale,Commune,['Indre-et-Loire'],['Centre-Val de Loire'],COM,{37},{24}
a467c915-823b-4508-a70d-1ac1ae382d9f,211003082,Commune de Rigny-la-Nonneuse (10),false,{10318},Commune,2026-03-24 14:41:53.095366+01,gold_establishments_2025,,,,21100308200016,2025,Collectivité Territoriale,Commune,['Aube'],['Grand Est'],COM,{10},{44}
478bfa7f-fd3f-4f86-8169-ee6d0c331322,215504333,Commune de Rigny-la-Salle (55),false,{55433},Commune,2026-03-24 14:42:03.701372+01,gold_establishments_2025,,,,21550433300018,2025,Collectivité Territoriale,Commune,['Meuse'],['Grand Est'],COM,{55},{44}
ad1a0d3f-01ac-4183-a4ac-1dea69466599,211003090,Commune de Rigny-le-Ferron (10),false,{10319},Commune,2026-03-24 14:41:53.095366+01,gold_establishments_2025,,,,21100309000019,2025,Collectivité Territoriale,Commune,['Aube'],['Grand Est'],COM,{10},{44}
677b54ff-5ca9-461d-ab81-c412fb53a24e,217103704,Commune de Rigny-sur-Arroux (71),false,{71370},Commune,2026-03-24 14:42:07.735343+01,gold_establishments_2025,,,,21710370400011,2025,Collectivité Territoriale,Commune,['Saône-et-Loire'],['Bourgogne-Franche-Comté'],COM,{71},{27}
8b0c6667-1be3-40ec-92a3-7062194b6360,213203433,Commune de Riguepeu (32),false,{32343},Commune,2026-03-24 14:41:58.09424+01,gold_establishments_2025,,,,21320343300015,2025,Collectivité Territoriale,Commune,['Gers'],['Occitanie'],COM,{32},{76}
197444ff-64aa-44b9-a9b0-ddb462f78fc9,218712404,Commune de Rilhac-Lastours (87),false,{87124},Commune,2026-03-24 14:42:11.118516+01,gold_establishments_2025,,,,21871240400019,2025,Collectivité Territoriale,Commune,['Haute-Vienne'],['Nouvelle-Aquitaine'],COM,{87},{75}
ca5d99db-cdc3-4740-8cb8-0d4a978d80b8,218712503,Commune de Rilhac-Rancon (87),false,{87125},Commune,2026-03-24 14:42:11.118516+01,gold_establishments_2025,,,,21871250300018,2025,Collectivité Territoriale,Commune,['Haute-Vienne'],['Nouvelle-Aquitaine'],COM,{87},{75}
11dbff45-6a3f-4de6-9bb9-cd90852f5795,211917208,Commune de Rilhac-Treignac (19),false,{19172},Commune,2026-03-24 14:41:54.903238+01,gold_establishments_2025,,,,21191720800012,2025,Collectivité Territoriale,Commune,['Corrèze'],['Nouvelle-Aquitaine'],COM,{19},{75}
6a9d2db7-fda7-4125-b55f-520f6d951d1f,211917307,Commune de Rilhac-Xaintrie (19),false,{19173},Commune,2026-03-24 14:41:54.903238+01,gold_establishments_2025,,,,21191730700012,2025,Collectivité Territoriale,Commune,['Corrèze'],['Nouvelle-Aquitaine'],COM,{19},{75}
bd911ad2-5fdb-47bf-8f0a-5912615afd68,212504922,Commune de Rillans (25),false,{25492},Commune,2026-03-24 14:41:56.495197+01,gold_establishments_2025,,,,21250492200015,2025,Collectivité Territoriale,Commune,['Doubs'],['Bourgogne-Franche-Comté'],COM,{25},{27}
bd0e5f75-ed91-4743-9784-4d8e907dbb06,216902866,Commune de Rillieux-la-Pape (69),false,{69286},Commune,2026-03-24 14:42:07.735343+01,gold_establishments_2025,,,,21690286600013,2025,Collectivité Territoriale,Commune,['Rhône'],['Auvergne-Rhône-Alpes'],COM,{69},{84}
2bbe904c-c630-4c7a-9bde-91a69a60f167,211003108,Commune de Rilly-Sainte-Syre (10),false,{10320},Commune,2026-03-24 14:41:53.095366+01,gold_establishments_2025,,,,21100310800019,2025,Collectivité Territoriale,Commune,['Aube'],['Grand Est'],COM,{10},{44}
1cf18562-e0cc-457e-a2eb-770b94ba56cd,215104282,Commune de Rilly-la-Montagne (51),false,{51461},Commune,2026-03-24 14:42:01.954481+01,gold_establishments_2025,,,,21510428200011,2025,Collectivité Territoriale,Commune,['Marne'],['Grand Est'],COM,{51},{44}
45506718-57df-4c48-b83c-699192d17f7c,210803284,Commune de Rilly-sur-Aisne (08),false,{08364},Commune,2026-03-24 14:41:53.095366+01,gold_establishments_2025,,,,21080328400012,2025,Collectivité Territoriale,Commune,['Ardennes'],['Grand Est'],COM,{08},{44}
a6a43d9d-72f8-4b6f-8ea1-31e0940932bf,214101891,Commune de Rilly-sur-Loire (41),false,{41189},Commune,2026-03-24 14:42:00.273698+01,gold_establishments_2025,,,,21410189100015,2025,Collectivité Territoriale,Commune,['Loir-et-Cher'],['Centre-Val de Loire'],COM,{41},{24}
ff60b63d-5854-4195-8abd-4f5bd41d36c9,213701998,Commune de Rilly-sur-Vienne (37),false,{37199},Commune,2026-03-24 14:41:59.160244+01,gold_establishments_2025,,,,21370199800014,2025,Collectivité Territoriale,Commune,['Indre-et-Loire'],['Centre-Val de Loire'],COM,{37},{24}
575616c9-611d-4a7a-abbc-0308638ddfce,213701980,Commune de Rillé (37),false,{37198},Commune,2026-03-24 14:41:59.160244+01,gold_establishments_2025,,,,21370198000012,2025,Collectivité Territoriale,Commune,['Indre-et-Loire'],['Centre-Val de Loire'],COM,{37},{24}
bbbfb833-9399-426c-9e82-f69b8c77e677,215203027,Commune de Rimaucourt (52),false,{52423},Commune,2026-03-24 14:42:01.954481+01,gold_establishments_2025,,,,21520302700010,2025,Collectivité Territoriale,Commune,['Haute-Marne'],['Grand Est'],COM,{52},{44}
e8d1e6e2-fd50-4461-b91c-4dcdca035c89,216802744,Commune de Rimbach-près-Guebwiller (68),false,{68274},Commune,2026-03-24 14:42:07.195692+01,gold_establishments_2025,,,,21680274400013,2025,Collectivité Territoriale,Commune,['Haut-Rhin'],['Grand Est'],COM,{68},{44}
0e9f3b95-7a4b-4132-9ed9-01710f8ff31a,216802751,Commune de Rimbach-près-Masevaux (68),false,{68275},Commune,2026-03-24 14:42:07.195692+01,gold_establishments_2025,,,,21680275100018,2025,Collectivité Territoriale,Commune,['Haut-Rhin'],['Grand Est'],COM,{68},{44}
70ccd8ab-0130-461a-8ab3-8acb04973811,216802769,Commune de Rimbachzell (68),false,{68276},Commune,2026-03-24 14:42:07.195692+01,gold_establishments_2025,,,,21680276900010,2025,Collectivité Territoriale,Commune,['Haut-Rhin'],['Grand Est'],COM,{68},{44}
253398f2-38cd-4338-8eb8-ead02fe1a70e,214002420,Commune de Rimbez-et-Baudiets (40),false,{40242},Commune,2026-03-24 14:41:59.705606+01,gold_establishments_2025,,,,21400242000013,2025,Collectivité Territoriale,Commune,['Landes'],['Nouvelle-Aquitaine'],COM,{40},{75}
c936c2fb-8700-4ff8-8dc4-4d189ad17f06,216207100,Commune de Rimboval (62),false,{62710},Commune,2026-03-24 14:42:06.130387+01,gold_establishments_2025,,,,21620710000019,2025,Collectivité Territoriale,Commune,['Pas-de-Calais'],['Hauts-de-France'],COM,{62},{32}
a0d8b799-3c6f-47d3-8828-ed99086c02c1,214801284,Commune de Rimeize (48),false,{48128},Commune,2026-03-24 14:42:01.412377+01,gold_establishments_2025,,,,21480128400016,2025,Collectivité Territoriale,Commune,['Lozère'],['Occitanie'],COM,{48},{76}
61537b9c-9477-40ef-a6ff-89cc2728b9cb,215705849,Commune de Rimling (57),false,{57584},Commune,2026-03-24 14:42:04.280096+01,gold_establishments_2025,,,,21570584900010,2025,Collectivité Territoriale,Commune,['Moselle'],['Grand Est'],COM,{57},{44}
65a9303b-ddb0-49fc-b1b5-8eafd6b30977,210803292,Commune de Rimogne (08),false,{08365},Commune,2026-03-24 14:41:53.095366+01,gold_establishments_2025,,,,21080329200015,2025,Collectivité Territoriale,Commune,['Ardennes'],['Grand Est'],COM,{08},{44}
1f246c33-6878-4be6-af3f-6cd91479748b,212602668,Commune de Rimon-et-Savel (26),false,{26266},Commune,2026-03-24 14:41:56.495197+01,gold_establishments_2025,,,,21260266800015,2025,Collectivité Territoriale,Commune,['Drôme'],['Auvergne-Rhône-Alpes'],COM,{26},{84}
0029ee29-8fa5-43f7-ad7e-7efbf7b165fc,213303530,Commune de Rimons (33),false,{33353},Commune,2026-03-24 14:41:58.620411+01,gold_establishments_2025,,,,21330353000017,2025,Collectivité Territoriale,Commune,['Gironde'],['Nouvelle-Aquitaine'],COM,{33},{75}
96644339-b019-45e3-9d80-fe476b7fcc2a,210902466,Commune de Rimont (09),false,{09246},Commune,2026-03-24 14:41:53.095366+01,gold_establishments_2025,,,,21090246600015,2025,Collectivité Territoriale,Commune,['Ariège'],['Occitanie'],COM,{09},{76}
03cc525e-3954-4cf0-95cc-3b0b8367adbf,213502420,Commune de Rimou (35),false,{35242},Commune,2026-03-24 14:41:58.620411+01,gold_establishments_2025,,,,21350242000010,2025,Collectivité Territoriale,Commune,['Ille-et-Vilaine'],['Bretagne'],COM,{35},{53}
571ead77-5ea0-4ba5-8646-d9ac08a1bf94,210601027,Commune de Rimplas (06),false,{06102},Commune,2026-03-24 14:41:52.562531+01,gold_establishments_2025,,,,21060102700019,2025,Collectivité Territoriale,Commune,['Alpes-Maritimes'],"[""Provence-Alpes-Côte d'Azur""]",COM,{06},{93}
5735dd06-d5a0-4d12-a551-77f4b170ee9f,216704015,Commune de Rimsdorf (67),false,{67401},Commune,2026-03-24 14:42:07.195692+01,gold_establishments_2025,,,,21670401500017,2025,Collectivité Territoriale,Commune,['Bas-Rhin'],['Grand Est'],COM,{67},{44}
1d2455b0-1a87-45dd-8dc3-b5bf1de6f9d7,216704031,Commune de Ringendorf (67),false,{67403},Commune,2026-03-24 14:42:07.195692+01,gold_establishments_2025,,,,21670403100014,2025,Collectivité Territoriale,Commune,['Bas-Rhin'],['Grand Est'],COM,{67},{44}
ee28c0e6-862e-4595-ad9b-3ee637eaa4ff,216207118,Commune de Rinxent (62),false,{62711},Commune,2026-03-24 14:42:06.130387+01,gold_establishments_2025,,,,21620711800011,2025,Collectivité Territoriale,Commune,['Pas-de-Calais'],['Hauts-de-France'],COM,{62},{32}
af7c5f8b-1a24-465c-a76f-ab69906a12f7,213303548,Commune de Riocaud (33),false,{33354},Commune,2026-03-24 14:41:58.620411+01,gold_establishments_2025,,,,21330354800019,2025,Collectivité Territoriale,Commune,['Gironde'],['Nouvelle-Aquitaine'],COM,{33},{75}
a3fa83bf-b017-482a-a98f-85b92824638c,213104565,Commune de Riolas (31),false,{31456},Commune,2026-03-24 14:41:58.09424+01,gold_establishments_2025,,,,21310456500014,2025,Collectivité Territoriale,Commune,['Haute-Garonne'],['Occitanie'],COM,{31},{76}
4439b402-1f24-44d4-bd53-25aaa5426fea,213402290,Commune de Riols (34),false,{34229},Commune,2026-03-24 14:41:58.620411+01,gold_establishments_2025,,,,21340229000018,2025,Collectivité Territoriale,Commune,['Hérault'],['Occitanie'],COM,{34},{76}
cde758e1-437b-4dc4-a7e4-25e0d41d859a,216303008,Commune de Riom (63),false,{63300},Commune,2026-03-24 14:42:06.130387+01,gold_establishments_2025,,,,21630300800017,2025,Collectivité Territoriale,Commune,['Puy-de-Dôme'],['Auvergne-Rhône-Alpes'],COM,{63},{84}
4868c687-387d-437d-b2bb-afd424ecd5dc,211501622,Commune de Riom-ès-Montagnes (15),false,{15162},Commune,2026-03-24 14:41:54.362296+01,gold_establishments_2025,,,,21150162200016,2025,Collectivité Territoriale,Commune,['Cantal'],['Auvergne-Rhône-Alpes'],COM,{15},{84}
e208b9ac-bbc2-4f81-b199-e4ba898b6fe9,212602676,Commune de Rioms (26),false,{26267},Commune,2026-03-24 14:41:56.495197+01,gold_establishments_2025,,,,21260267600018,2025,Collectivité Territoriale,Commune,['Drôme'],['Auvergne-Rhône-Alpes'],COM,{26},{84}
ccd957eb-edce-47d1-9569-4c10a2b4610b,200068708,Commune de Rion-des-Landes (40),false,{40243},Commune,2026-03-24 14:41:59.705606+01,gold_establishments_2025,,,,20006870800011,2025,Collectivité Territoriale,Commune,['Landes'],['Nouvelle-Aquitaine'],COM,{40},{75}
34ab2a20-9ee1-4853-9a02-81fb9ee390d6,213303555,Commune de Rions (33),false,{33355},Commune,2026-03-24 14:41:58.620411+01,gold_establishments_2025,,,,21330355500014,2025,Collectivité Territoriale,Commune,['Gironde'],['Nouvelle-Aquitaine'],COM,{33},{75}
f7397612-25da-44cb-924b-4c625e6c8486,214201840,Commune de Riorges (42),false,{42184},Commune,2026-03-24 14:42:00.273698+01,gold_establishments_2025,,,,21420184000011,2025,Collectivité Territoriale,Commune,['Loire'],['Auvergne-Rhône-Alpes'],COM,{42},{84}
856d833e-445b-4352-a37e-753aa8d2d3ae,214301632,Commune de Riotord (43),false,{43163},Commune,2026-03-24 14:42:00.273698+01,gold_establishments_2025,,,,21430163200011,2025,Collectivité Territoriale,Commune,['Haute-Loire'],['Auvergne-Rhône-Alpes'],COM,{43},{84}
f6dde8ff-9542-4b0a-871b-d94b28fa5c95,211702980,Commune de Rioux (17),false,{17298},Commune,2026-03-24 14:41:54.903238+01,gold_establishments_2025,,,,21170298000015,2025,Collectivité Territoriale,Commune,['Charente-Maritime'],['Nouvelle-Aquitaine'],COM,{17},{75}
ce8ff7f3-28d4-47b9-96df-e595b459e923,211602792,Commune de Rioux-Martin (16),false,{16279},Commune,2026-03-24 14:41:54.362296+01,gold_establishments_2025,,,,21160279200015,2025,Collectivité Territoriale,Commune,['Charente'],['Nouvelle-Aquitaine'],COM,{16},{75}
f94e6a0b-20c0-4fee-9ac2-68a9fb4dd7e1,217004472,Commune de Rioz (70),false,{70447},Commune,2026-03-24 14:42:07.735343+01,gold_establishments_2025,,,,21700447200015,2025,Collectivité Territoriale,Commune,['Haute-Saône'],['Bourgogne-Franche-Comté'],COM,{70},{27}
17fccd8a-1e8d-458e-9300-3d0d3630e3f8,216802777,Commune de Riquewihr (68),false,{68277},Commune,2026-03-24 14:42:07.195692+01,gold_establishments_2025,,,,21680277700013,2025,Collectivité Territoriale,Commune,['Haut-Rhin'],['Grand Est'],COM,{68},{44}
9e6d9a46-1b18-406a-a1a5-c5d423185475,216303016,Commune de Ris (63),false,{63301},Commune,2026-03-24 14:42:06.130387+01,gold_establishments_2025,,,,21630301600010,2025,Collectivité Territoriale,Commune,['Puy-de-Dôme'],['Auvergne-Rhône-Alpes'],COM,{63},{84}
9d0628c9-ded4-4a58-9225-4742a5d9301f,216503797,Commune de Ris (65),false,{65379},Commune,2026-03-24 14:42:06.665412+01,gold_establishments_2025,,,,21650379700013,2025,Collectivité Territoriale,Commune,['Hautes-Pyrénées'],['Occitanie'],COM,{65},{76}
9ea7b231-0320-474e-9176-3b0f0a62d800,219105210,Commune de Ris-Orangis (91),false,{91521},Commune,2026-03-24 14:42:11.659493+01,gold_establishments_2025,,,,21910521000013,2025,Collectivité Territoriale,Commune,['Essonne'],['Île-de-France'],COM,{91},{11}
824a6dde-a53a-4cb2-9cfc-b5d2f8d492ae,200086908,Commune de Riscle (32),false,{32344},Commune,2026-03-24 14:41:58.09424+01,gold_establishments_2025,,,,20008690800015,2025,Collectivité Territoriale,Commune,['Gers'],['Occitanie'],COM,{32},{76}
ec5d6cc9-fcca-45a6-a9e3-8618b09b44d8,210501193,Commune de Risoul (05),false,{05119},Commune,2026-03-24 14:41:52.562531+01,gold_establishments_2025,,,,21050119300010,2025,Collectivité Territoriale,Commune,['Hautes-Alpes'],"[""Provence-Alpes-Côte d'Azur""]",COM,{05},{93}
a5eff1c4-8696-4998-a635-853e307929bd,216704049,Commune de Rittershoffen (67),false,{67404},Commune,2026-03-24 14:42:07.195692+01,gold_establishments_2025,,,,21670404900016,2025,Collectivité Territoriale,Commune,['Bas-Rhin'],['Grand Est'],COM,{67},{44}
92a4f85c-8002-4515-b14e-e851d7a52faf,216404657,Commune de Riupeyrous (64),false,{64465},Commune,2026-03-24 14:42:06.665412+01,gold_establishments_2025,,,,21640465700019,2025,Collectivité Territoriale,Commune,['Pyrénées-Atlantiques'],['Nouvelle-Aquitaine'],COM,{64},{75}
f784080f-d7cd-4cc7-9201-dae37b4661aa,213601727,Commune de Rivarennes (36),false,{36172},Commune,2026-03-24 14:41:59.160244+01,gold_establishments_2025,,,,21360172700018,2025,Collectivité Territoriale,Commune,['Indre'],['Centre-Val de Loire'],COM,{36},{24}
33856c0d-867b-41b0-9b88-9e353874a93a,213702004,Commune de Rivarennes (37),false,{37200},Commune,2026-03-24 14:41:59.160244+01,gold_establishments_2025,,,,21370200400010,2025,Collectivité Territoriale,Commune,['Indre-et-Loire'],['Centre-Val de Loire'],COM,{37},{24}
99af9146-8483-45ce-8146-d77cb66af748,214201857,Commune de Rivas (42),false,{42185},Commune,2026-03-24 14:42:00.273698+01,gold_establishments_2025,,,,21420185700015,2025,Collectivité Territoriale,Commune,['Loire'],['Auvergne-Rhône-Alpes'],COM,{42},{84}
ad07f83d-83d5-4dc6-b729-f20bdc83169c,214201865,Commune de Rive-de-Gier (42),false,{42186},Commune,2026-03-24 14:42:00.273698+01,gold_establishments_2025,,,,21420186500018,2025,Collectivité Territoriale,Commune,['Loire'],['Auvergne-Rhône-Alpes'],COM,{42},{84}
0ebea522-54d9-4747-bff3-9a11502f73ba,216005348,Commune de Rivecourt (60),false,{60540},Commune,2026-03-24 14:42:04.814328+01,gold_establishments_2025,,,,21600534800018,2025,Collectivité Territoriale,Commune,['Oise'],['Hauts-de-France'],COM,{60},{32}
81d40ee8-39c0-4b44-8801-5f68b8180109,211702972,Commune de Rivedoux-Plage (17),false,{17297},Commune,2026-03-24 14:41:54.903238+01,gold_establishments_2025,,,,21170297200012,2025,Collectivité Territoriale,Commune,['Charente-Maritime'],['Nouvelle-Aquitaine'],COM,{17},{75}
53055cb7-f070-4df2-851f-92a9efaa9f86,216404665,Commune de Rivehaute (64),false,{64466},Commune,2026-03-24 14:42:06.665412+01,gold_establishments_2025,,,,21640466500012,2025,Collectivité Territoriale,Commune,['Pyrénées-Atlantiques'],['Nouvelle-Aquitaine'],COM,{64},{75}
e41e6186-d92a-47a4-b7c9-d33371d524c9,211103163,Commune de Rivel (11),false,{11316},Commune,2026-03-24 14:41:53.63825+01,gold_establishments_2025,,,,21110316300013,2025,Collectivité Territoriale,Commune,['Aude'],['Occitanie'],COM,{11},{76}
15c6723c-5da5-49ce-b3c8-0ecfbd1ab896,212002604,Commune de Riventosa (2B),false,{2B260},Commune,2026-03-24 14:41:57.56054+01,gold_establishments_2025,,,,21200260400016,2025,Collectivité Territoriale,Commune,['Haute-Corse'],['Corse'],COM,{2B},{94}
20cd699a-a795-4d59-8f20-afc6310c1d2b,216901660,Commune de Riverie (69),false,{69166},Commune,2026-03-24 14:42:07.195692+01,gold_establishments_2025,,,,21690166000011,2025,Collectivité Territoriale,Commune,['Rhône'],['Auvergne-Rhône-Alpes'],COM,{69},{84}
88cdaa1d-3325-4ad0-835f-db79adc34dc3,218006344,Commune de Rivery (80),false,{80674},Commune,2026-03-24 14:42:09.967209+01,gold_establishments_2025,,,,21800634400012,2025,Collectivité Territoriale,Commune,['Somme'],['Hauts-de-France'],COM,{80},{32}
c950f373-4e59-43bd-838e-8a5ed1d7d086,213803372,Commune de Rives (38),false,{38337},Commune,2026-03-24 14:41:59.160244+01,gold_establishments_2025,,,,21380337200019,2025,Collectivité Territoriale,Commune,['Isère'],['Auvergne-Rhône-Alpes'],COM,{38},{84}
34866764-d7a5-49d8-b6ff-e71aaf085d98,214703373,Commune de Rives (47),false,{47223},Commune,2026-03-24 14:42:00.862623+01,gold_establishments_2025,,,,21470337300016,2025,Collectivité Territoriale,Commune,['Lot-et-Garonne'],['Nouvelle-Aquitaine'],COM,{47},{75}
22c02ae0-fede-491f-9aa8-ed8b376cef57,200059251,Commune de Rives Dervoises (52),false,{52411},Commune,2026-03-24 14:42:01.954481+01,gold_establishments_2025,,,,20005925100013,2025,Collectivité Territoriale,Commune,['Haute-Marne'],['Grand Est'],COM,{52},{44}
044560d5-9c6c-4f7b-86cb-5a712d2b9ad3,200058667,Commune de Rives d'Andaine (61),false,{61096},Commune,2026-03-24 14:42:04.814328+01,gold_establishments_2025,,,,20005866700011,2025,Collectivité Territoriale,Commune,['Orne'],['Normandie'],COM,{61},{28}
65828427-7c9d-4cfb-b18a-2b7115cad12c,200059962,Commune de Rives de l'Yon (85),false,{85213},Commune,2026-03-24 14:42:10.508772+01,gold_establishments_2025,,,,20005996200015,2025,Collectivité Territoriale,Commune,['Vendée'],['Pays de la Loire'],COM,{85},{52}
95b4aeca-c389-428e-91c9-1ca6138c77d0,200085546,Commune de Rives-d'Autise (85),false,{85162},Commune,2026-03-24 14:42:10.508772+01,gold_establishments_2025,,,,20008554600014,2025,Collectivité Territoriale,Commune,['Vendée'],['Pays de la Loire'],COM,{85},{52}
11946fa9-28d6-4d36-8fa9-516252c3d6cd,211702683,Commune de Rives-de-Boutonne (17),false,{17268},Commune,2026-03-24 14:41:54.903238+01,gold_establishments_2025,,,,21170268300015,2025,Collectivité Territoriale,Commune,['Charente-Maritime'],['Nouvelle-Aquitaine'],COM,{17},{75}
4ea83362-4b30-4f7b-aa08-76bc32e8ff9b,200084010,Commune de Rives-du-Couesnon (35),false,{35282},Commune,2026-03-24 14:41:59.160244+01,gold_establishments_2025,,,,20008401000012,2025,Collectivité Territoriale,Commune,['Ille-et-Vilaine'],['Bretagne'],COM,{35},{53}
d6fc3e21-3a16-48b9-93c5-54fbef4c5780,200102572,Commune de Rives-du-Fougerais (85),false,{85292},Commune,2026-03-24 14:42:10.508772+01,gold_establishments_2025,,,,20010257200019,2025,Collectivité Territoriale,Commune,['Vendée'],['Pays de la Loire'],COM,{85},{52}
b5881cea-9e04-451b-a82e-c44a0ce748ac,200084283,Commune de Rives-du-Loir-en-Anjou (49),false,{49377},Commune,2026-03-24 14:42:01.412377+01,gold_establishments_2025,,,,20008428300015,2025,Collectivité Territoriale,Commune,['Maine-et-Loire'],['Pays de la Loire'],COM,{49},{52}
3c08237c-cf48-432b-b448-bd5a1a7ca1fd,200059111,Commune de Rives-en-Seine (76),false,{76164},Commune,2026-03-24 14:42:08.818969+01,gold_establishments_2025,,,,20005911100019,2025,Collectivité Territoriale,Commune,['Seine-Maritime'],['Normandie'],COM,{76},{28}
f7d8c19e-444b-4756-8e79-fbed856a744a,216601641,Commune de Rivesaltes (66),false,{66164},Commune,2026-03-24 14:42:06.665412+01,gold_establishments_2025,,,,21660164100014,2025,Collectivité Territoriale,Commune,['Pyrénées-Orientales'],['Occitanie'],COM,{66},{76}
a62da570-cbfe-4567-a6ee-6270512eab6a,217605294,Commune de Riville (76),false,{76529},Commune,2026-03-24 14:42:08.818969+01,gold_establishments_2025,,,,21760529400016,2025,Collectivité Territoriale,Commune,['Seine-Maritime'],['Normandie'],COM,{76},{28}
9696372a-447d-46cf-89c5-066f8f88c70a,213702012,Commune de Rivière (37),false,{37201},Commune,2026-03-24 14:41:59.160244+01,gold_establishments_2025,,,,21370201200013,2025,Collectivité Territoriale,Commune,['Indre-et-Loire'],['Centre-Val de Loire'],COM,{37},{24}
ca6cf882-80a9-444d-a7d9-2622ba1c4bfd,216207126,Commune de Rivière (62),false,{62712},Commune,2026-03-24 14:42:06.130387+01,gold_establishments_2025,,,,21620712600014,2025,Collectivité Territoriale,Commune,['Pas-de-Calais'],['Hauts-de-France'],COM,{62},{32}
266beff9-f4ff-4266-a5a8-86a031cb2189,219722204,Commune de Rivière-Pilote (972),false,{97220},Commune,2026-03-24 14:42:11.659493+01,gold_establishments_2025,,,,21972220400019,2025,Collectivité Territoriale,Commune,['Martinique'],['Martinique'],COM,{972},{02}
042a1b9e-c557-4f17-81d3-11c43116bf89,214002446,Commune de Rivière-Saas-et-Gourby (40),false,{40244},Commune,2026-03-24 14:41:59.705606+01,gold_establishments_2025,,,,21400244600018,2025,Collectivité Territoriale,Commune,['Landes'],['Nouvelle-Aquitaine'],COM,{40},{75}
cbb2cc7a-bcce-4bd1-a7cb-ade0a0d73912,219722212,Commune de Rivière-Salée (972),false,{97221},Commune,2026-03-24 14:42:11.659493+01,gold_establishments_2025,,,,21972221200012,2025,Collectivité Territoriale,Commune,['Martinique'],['Martinique'],COM,{972},{02}
fa828afb-85e9-4d7a-b904-0d3418bc2a18,215203043,Commune de Rivière-les-Fosses (52),false,{52425},Commune,2026-03-24 14:42:01.954481+01,gold_establishments_2025,,,,21520304300017,2025,Collectivité Territoriale,Commune,['Haute-Marne'],['Grand Est'],COM,{52},{44}
788cb7b7-5282-4ebc-83d7-0b298314eb0e,211202007,Commune de Rivière-sur-Tarn (12),false,{12200},Commune,2026-03-24 14:41:53.63825+01,gold_establishments_2025,,,,21120200700012,2025,Collectivité Territoriale,Commune,['Aveyron'],['Occitanie'],COM,{12},{76}
59da7c42-1c67-4346-9124-de19f012b31e,211602800,Commune de Rivières (16),false,{16280},Commune,2026-03-24 14:41:54.362296+01,gold_establishments_2025,,,,21160280000016,2025,Collectivité Territoriale,Commune,['Charente'],['Nouvelle-Aquitaine'],COM,{16},{75}
d5272527-8566-42c4-9a34-4f0f4679f5ec,213002157,Commune de Rivières (30),false,{30215},Commune,2026-03-24 14:41:57.56054+01,gold_establishments_2025,,,,21300215700013,2025,Collectivité Territoriale,Commune,['Gard'],['Occitanie'],COM,{30},{76}
e2d6f830-3af8-4b2f-b4a1-81900482bab8,218102259,Commune de Rivières (81),false,{81225},Commune,2026-03-24 14:42:09.967209+01,gold_establishments_2025,,,,21810225900015,2025,Collectivité Territoriale,Commune,['Tarn'],['Occitanie'],COM,{81},{76}
13410ea5-0d07-4f9e-bcbb-1412703df765,215203035,Commune de Rivières-le-Bois (52),false,{52424},Commune,2026-03-24 14:42:01.954481+01,gold_establishments_2025,,,,21520303500013,2025,Collectivité Territoriale,Commune,['Haute-Marne'],['Grand Est'],COM,{52},{44}
5e0decaa-b848-423c-a4e6-96bd8f16e7fb,216901678,Commune de Rivolet (69),false,{69167},Commune,2026-03-24 14:42:07.195692+01,gold_establishments_2025,,,,21690167800013,2025,Collectivité Territoriale,Commune,['Rhône'],['Auvergne-Rhône-Alpes'],COM,{69},{84}
724c7049-1d11-42fb-921e-c123fb282e45,210902474,Commune de Rivèrenert (09),false,{09247},Commune,2026-03-24 14:41:53.095366+01,gold_establishments_2025,,,,21090247400019,2025,Collectivité Territoriale,Commune,['Ariège'],['Occitanie'],COM,{09},{76}
7df3578e-05e0-4c2d-9903-efe43f276698,213904618,Commune de Rix (39),false,{39461},Commune,2026-03-24 14:41:59.705606+01,gold_establishments_2025,,,,21390461800013,2025,Collectivité Territoriale,Commune,['Jura'],['Bourgogne-Franche-Comté'],COM,{39},{27}
430769d4-d45c-4630-927f-e4a80ad1d8e2,215802224,Commune de Rix (58),false,{58222},Commune,2026-03-24 14:42:04.280096+01,gold_establishments_2025,,,,21580222400018,2025,Collectivité Territoriale,Commune,['Nièvre'],['Bourgogne-Franche-Comté'],COM,{58},{27}
853756b6-4636-4381-a431-5938657a8c08,216802785,Commune de Rixheim (68),false,{68278},Commune,2026-03-24 14:42:07.195692+01,gold_establishments_2025,,,,21680278500016,2025,Collectivité Territoriale,Commune,['Haut-Rhin'],['Grand Est'],COM,{68},{44}
2f429e54-8791-4aa3-9df7-dd152c2e1815,215203050,Commune de Rizaucourt-Buchey (52),false,{52426},Commune,2026-03-24 14:42:01.954481+01,gold_establishments_2025,,,,21520305000012,2025,Collectivité Territoriale,Commune,['Haute-Marne'],['Grand Est'],COM,{52},{44}
64eaf1eb-ad00-47cb-83dd-46a3886546fe,213303571,Commune de Roaillan (33),false,{33357},Commune,2026-03-24 14:41:58.620411+01,gold_establishments_2025,,,,21330357100011,2025,Collectivité Territoriale,Commune,['Gironde'],['Nouvelle-Aquitaine'],COM,{33},{75}
68075deb-d747-4344-80e5-725b041f575a,218400984,Commune de Roaix (84),false,{84098},Commune,2026-03-24 14:42:10.508772+01,gold_establishments_2025,,,,21840098400017,2025,Collectivité Territoriale,Commune,['Vaucluse'],"[""Provence-Alpes-Côte d'Azur""]",COM,{84},{93}
9c3556e9-13ce-4510-a762-d38329c81a0f,214201873,Commune de Roanne (42),false,{42187},Commune,2026-03-24 14:42:00.273698+01,gold_establishments_2025,,,,21420187300012,2025,Collectivité Territoriale,Commune,['Loire'],['Auvergne-Rhône-Alpes'],COM,{42},{84}
2b305159-ecc3-43dc-b150-35a9268adea1,211501630,Commune de Roannes-Saint-Mary (15),false,{15163},Commune,2026-03-24 14:41:54.362296+01,gold_establishments_2025,,,,21150163000019,2025,Collectivité Territoriale,Commune,['Cantal'],['Auvergne-Rhône-Alpes'],COM,{15},{84}
50ec386d-86fd-4930-a63d-45a5198952c7,216207134,Commune de Robecq (62),false,{62713},Commune,2026-03-24 14:42:06.130387+01,gold_establishments_2025,,,,21620713400018,2025,Collectivité Territoriale,Commune,['Pas-de-Calais'],['Hauts-de-France'],COM,{62},{32}
ddae7895-92ca-4f24-af31-92a3dc467b0d,215905035,Commune de Robersart (59),false,{59503},Commune,2026-03-24 14:42:04.814328+01,gold_establishments_2025,,,,21590503500014,2025,Collectivité Territoriale,Commune,['Nord'],['Hauts-de-France'],COM,{59},{32}
2e646e9f-2ac0-49b3-bed5-13f7ecec6637,215504358,Commune de Robert-Espagne (55),false,{55435},Commune,2026-03-24 14:42:03.701372+01,gold_establishments_2025,,,,21550435800015,2025,Collectivité Territoriale,Commune,['Meuse'],['Grand Est'],COM,{55},{44}
f01ccdba-5408-41ba-8cf4-11e9a60b50ad,217605302,Commune de Robertot (76),false,{76530},Commune,2026-03-24 14:42:08.818969+01,gold_establishments_2025,,,,21760530200017,2025,Collectivité Territoriale,Commune,['Seine-Maritime'],['Normandie'],COM,{76},{28}
2e8eae01-d997-4485-b5bd-4d08615ffd83,216005355,Commune de Roberval (60),false,{60541},Commune,2026-03-24 14:42:04.814328+01,gold_establishments_2025,,,,21600535500013,2025,Collectivité Territoriale,Commune,['Oise'],['Hauts-de-France'],COM,{60},{32}
1cc5558e-8f27-4689-9458-982731bef314,213002165,Commune de Robiac-Rochessadoule (30),false,{30216},Commune,2026-03-24 14:41:57.56054+01,gold_establishments_2025,,,,21300216500016,2025,Collectivité Territoriale,Commune,['Gard'],['Occitanie'],COM,{30},{76}
bc9680aa-d08c-46c8-b510-db4a387927ad,218400992,Commune de Robion (84),false,{84099},Commune,2026-03-24 14:42:10.508772+01,gold_establishments_2025,,,,21840099200010,2025,Collectivité Territoriale,Commune,['Vaucluse'],"[""Provence-Alpes-Côte d'Azur""]",COM,{84},{93}
284fde9f-c819-42a1-bf1f-25f418f238a3,218803906,Commune de Robécourt (88),false,{88390},Commune,2026-03-24 14:42:11.118516+01,gold_establishments_2025,,,,21880390600013,2025,Collectivité Territoriale,Commune,['Vosges'],['Grand Est'],COM,{88},{44}
4c44daa9-a6ac-4770-aae6-efc4a465cbda,214602401,Commune de Rocamadour (46),false,{46240},Commune,2026-03-24 14:42:00.862623+01,gold_establishments_2025,,,,21460240100090,2025,Collectivité Territoriale,Commune,['Lot'],['Occitanie'],COM,{46},{76}
0bfe8dfe-fbdf-4db3-9162-e15ad9eb3ba0,218301067,Commune de Rocbaron (83),false,{83106},Commune,2026-03-24 14:42:10.508772+01,gold_establishments_2025,,,,21830106700011,2025,Collectivité Territoriale,Commune,['Var'],"[""Provence-Alpes-Côte d'Azur""]",COM,{83},{93}
4510bb97-e54e-403b-9024-b8851262244d,213803398,Commune de Roche (38),false,{38339},Commune,2026-03-24 14:41:59.160244+01,gold_establishments_2025,,,,21380339800014,2025,Collectivité Territoriale,Commune,['Isère'],['Auvergne-Rhône-Alpes'],COM,{38},{84}
a39f6671-1d44-44ca-ad67-9e6c2fe507a7,216303032,Commune de Roche-Charles-la-Mayrand (63),false,{63303},Commune,2026-03-24 14:42:06.130387+01,gold_establishments_2025,,,,21630303200017,2025,Collectivité Territoriale,Commune,['Puy-de-Dôme'],['Auvergne-Rhône-Alpes'],COM,{63},{84}
e9dc8d6f-6842-4384-aad9-6e734fc46a05,212602767,Commune de Roche-Saint-Secret-Béconne (26),false,{26276},Commune,2026-03-24 14:41:56.495197+01,gold_establishments_2025,,,,21260276700015,2025,Collectivité Territoriale,Commune,['Drôme'],['Auvergne-Rhône-Alpes'],COM,{26},{84}
84222216-ccaf-4e0b-910d-4eb3ed834ad0,216303040,Commune de Roche-d'Agoux (63),false,{63304},Commune,2026-03-24 14:42:06.130387+01,gold_establishments_2025,,,,21630304000010,2025,Collectivité Territoriale,Commune,['Puy-de-Dôme'],['Auvergne-Rhône-Alpes'],COM,{63},{84}
3c68323e-2464-4cac-bfab-a91b7433223e,214201881,Commune de Roche-en-Forez (42),false,{42188},Commune,2026-03-24 14:42:00.273698+01,gold_establishments_2025,,,,21420188100015,2025,Collectivité Territoriale,Commune,['Loire'],['Auvergne-Rhône-Alpes'],COM,{42},{84}
d90b4ffb-4fea-4560-aa36-42a13ba31c86,214301640,Commune de Roche-en-Régnier (43),false,{43164},Commune,2026-03-24 14:42:00.273698+01,gold_establishments_2025,,,,21430164000014,2025,Collectivité Territoriale,Commune,['Haute-Loire'],['Auvergne-Rhône-Alpes'],COM,{43},{84}
973748f3-e288-41b2-9055-6ff67f4e32de,217004480,Commune de Roche-et-Raucourt (70),false,{70448},Commune,2026-03-24 14:42:07.735343+01,gold_establishments_2025,,,,21700448000018,2025,Collectivité Territoriale,Commune,['Haute-Saône'],['Bourgogne-Franche-Comté'],COM,{70},{27}
97ddcfd4-c4d9-4137-bbde-77d0b709f49c,214201899,Commune de Roche-la-Molière (42),false,{42189},Commune,2026-03-24 14:42:00.273698+01,gold_establishments_2025,,,,21420189900017,2025,Collectivité Territoriale,Commune,['Loire'],['Auvergne-Rhône-Alpes'],COM,{42},{84}
c183d89f-49ee-4879-a636-19e9b909af76,211917505,Commune de Roche-le-Peyroux (19),false,{19175},Commune,2026-03-24 14:41:54.903238+01,gold_establishments_2025,,,,21191750500011,2025,Collectivité Territoriale,Commune,['Corrèze'],['Nouvelle-Aquitaine'],COM,{19},{75}
68016dd0-db5c-4580-a0a4-627050a51e2a,212504955,Commune de Roche-lez-Beaupré (25),false,{25495},Commune,2026-03-24 14:41:56.495197+01,gold_establishments_2025,,,,21250495500015,2025,Collectivité Territoriale,Commune,['Doubs'],['Bourgogne-Franche-Comté'],COM,{25},{27}
dd7c067c-23df-4307-8931-473f1b82b2b2,212504963,Commune de Roche-lès-Clerval (25),false,{25496},Commune,2026-03-24 14:41:56.495197+01,gold_establishments_2025,,,,21250496300019,2025,Collectivité Territoriale,Commune,['Doubs'],['Bourgogne-Franche-Comté'],COM,{25},{27}
af98e48f-008a-455b-b2b9-bf6acc514efb,217004498,Commune de Roche-sur-Linotte-et-Sorans-les-Cordiers (70),false,{70449},Commune,2026-03-24 14:42:07.735343+01,gold_establishments_2025,,,,21700449800010,2025,Collectivité Territoriale,Commune,['Haute-Saône'],['Bourgogne-Franche-Comté'],COM,{70},{27}
e3312a2b-e592-499b-bf53-ef99b00a1328,212602684,Commune de Rochebaudin (26),false,{26268},Commune,2026-03-24 14:41:56.495197+01,gold_establishments_2025,,,,21260268400012,2025,Collectivité Territoriale,Commune,['Drôme'],['Auvergne-Rhône-Alpes'],COM,{26},{84}
9dd226b4-42fd-4854-a89f-d8830fc47943,210501219,Commune de Rochebrune (05),false,{05121},Commune,2026-03-24 14:41:52.562531+01,gold_establishments_2025,,,,21050121900013,2025,Collectivité Territoriale,Commune,['Hautes-Alpes'],"[""Provence-Alpes-Côte d'Azur""]",COM,{05},{93}
d22766de-5231-4208-a7bc-929f897e8ff5,212602692,Commune de Rochebrune (26),false,{26269},Commune,2026-03-24 14:41:56.495197+01,gold_establishments_2025,,,,21260269200015,2025,Collectivité Territoriale,Commune,['Drôme'],['Auvergne-Rhône-Alpes'],COM,{26},{84}
b2539c21-0a10-4a18-a650-56cc5755a278,212602700,Commune de Rochechinard (26),false,{26270},Commune,2026-03-24 14:41:56.495197+01,gold_establishments_2025,,,,21260270000016,2025,Collectivité Territoriale,Commune,['Drôme'],['Auvergne-Rhône-Alpes'],COM,{26},{84}
e19e8c60-2773-4c55-8d0c-b514efbd4780,218712602,Commune de Rochechouart (87),false,{87126},Commune,2026-03-24 14:42:11.118516+01,gold_establishments_2025,,,,21871260200018,2025,Collectivité Territoriale,Commune,['Haute-Vienne'],['Nouvelle-Aquitaine'],COM,{87},{75}
a1ad88b1-87bf-43d9-a8f7-183db1a04908,210701900,Commune de Rochecolombe (07),false,{07190},Commune,2026-03-24 14:41:52.562531+01,gold_establishments_2025,,,,21070190000016,2025,Collectivité Territoriale,Commune,['Ardèche'],['Auvergne-Rhône-Alpes'],COM,{07},{84}
1597d514-2fdd-4ec4-b84f-bdd4159f7bf5,213702038,Commune de Rochecorbon (37),false,{37203},Commune,2026-03-24 14:41:59.160244+01,gold_establishments_2025,,,,21370203800018,2025,Collectivité Territoriale,Commune,['Indre-et-Loire'],['Centre-Val de Loire'],COM,{37},{24}
26f21718-4ada-4807-8ae0-c7fa00d14f8d,211702998,Commune de Rochefort (17),false,{17299},Commune,2026-03-24 14:41:54.903238+01,gold_establishments_2025,,,,21170299800017,2025,Collectivité Territoriale,Commune,['Charente-Maritime'],['Nouvelle-Aquitaine'],COM,{17},{75}
70a543b0-277a-4655-a8cf-fead8b1d9eec,217302140,Commune de Rochefort (73),false,{73214},Commune,2026-03-24 14:42:08.279287+01,gold_establishments_2025,,,,21730214000017,2025,Collectivité Territoriale,Commune,['Savoie'],['Auvergne-Rhône-Alpes'],COM,{73},{84}
809244e5-ba64-4764-9d3a-41872aefee8f,216303057,Commune de Rochefort-Montagne (63),false,{63305},Commune,2026-03-24 14:42:06.130387+01,gold_establishments_2025,,,,21630305700014,2025,Collectivité Territoriale,Commune,['Puy-de-Dôme'],['Auvergne-Rhône-Alpes'],COM,{63},{84}
8999d0aa-9a66-43a6-a1ea-82146cb375cc,212602734,Commune de Rochefort-Samson (26),false,{26273},Commune,2026-03-24 14:41:56.495197+01,gold_establishments_2025,,,,21260273400015,2025,Collectivité Territoriale,Commune,['Drôme'],['Auvergne-Rhône-Alpes'],COM,{26},{84}
deb2600f-0ddf-45f1-8ece-2315d3d0c328,213002173,Commune de Rochefort-du-Gard (30),false,{30217},Commune,2026-03-24 14:41:57.56054+01,gold_establishments_2025,,,,21300217300085,2025,Collectivité Territoriale,Commune,['Gard'],['Occitanie'],COM,{30},{76}
414a2e5b-8f22-40c0-90d3-fb0a5063ac71,215601964,Commune de Rochefort-en-Terre (56),false,{56196},Commune,2026-03-24 14:42:03.701372+01,gold_establishments_2025,,,,21560196400012,2025,Collectivité Territoriale,Commune,['Morbihan'],['Bretagne'],COM,{56},{53}
06457840-03ce-43bd-80f7-09ebc9af2bc5,212602726,Commune de Rochefort-en-Valdaine (26),false,{26272},Commune,2026-03-24 14:41:56.495197+01,gold_establishments_2025,,,,21260272600011,2025,Collectivité Territoriale,Commune,['Drôme'],['Auvergne-Rhône-Alpes'],COM,{26},{84}
5fca5d72-eeb4-4bd3-bdb0-0c4df56e98db,217805225,Commune de Rochefort-en-Yvelines (78),false,{78522},Commune,2026-03-24 14:42:09.43682+01,gold_establishments_2025,,,,21780522500018,2025,Collectivité Territoriale,Commune,['Yvelines'],['Île-de-France'],COM,{78},{11}
b7073d4b-dd8c-40eb-a179-1095d9ef0ff4,212105266,Commune de Rochefort-sur-Brévon (21),false,{21526},Commune,2026-03-24 14:41:55.433389+01,gold_establishments_2025,,,,21210526600010,2025,Collectivité Territoriale,Commune,"[""Côte-d'Or""]",['Bourgogne-Franche-Comté'],COM,{21},{27}
59f71bed-c2d8-4d32-ba6e-68a9d02fce05,214902595,Commune de Rochefort-sur-Loire (49),false,{49259},Commune,2026-03-24 14:42:01.412377+01,gold_establishments_2025,,,,21490259500013,2025,Collectivité Territoriale,Commune,['Maine-et-Loire'],['Pays de la Loire'],COM,{49},{52}
d350df5e-6c21-496b-a4c6-95d2c96aa132,213904626,Commune de Rochefort-sur-Nenon (39),false,{39462},Commune,2026-03-24 14:41:59.705606+01,gold_establishments_2025,,,,21390462600016,2025,Collectivité Territoriale,Commune,['Jura'],['Bourgogne-Franche-Comté'],COM,{39},{27}
0f976a57-bf37-4d35-8999-b9cb935e7461,215203076,Commune de Rochefort-sur-la-Côte (52),false,{52428},Commune,2026-03-24 14:42:01.954481+01,gold_establishments_2025,,,,21520307600017,2025,Collectivité Territoriale,Commune,['Haute-Marne'],['Grand Est'],COM,{52},{44}
e056aad7-f3a9-4128-85e7-cba84918b530,212602742,Commune de Rochefourchat (26),false,{26274},Commune,2026-03-24 14:41:56.495197+01,gold_establishments_2025,,,,21260274200018,2025,Collectivité Territoriale,Commune,['Drôme'],['Auvergne-Rhône-Alpes'],COM,{26},{84}
daf379f6-b1ee-46fd-91c3-d5f12d11c439,212602759,Commune de Rochegude (26),false,{26275},Commune,2026-03-24 14:41:56.495197+01,gold_establishments_2025,,,,21260275900012,2025,Collectivité Territoriale,Commune,['Drôme'],['Auvergne-Rhône-Alpes'],COM,{26},{84}
fb14ff5d-4214-45c5-aaaa-90a968a43db3,213002181,Commune de Rochegude (30),false,{30218},Commune,2026-03-24 14:41:57.56054+01,gold_establishments_2025,,,,21300218100013,2025,Collectivité Territoriale,Commune,['Gard'],['Occitanie'],COM,{30},{76}
a2c6c4ab-dece-4741-959b-cafec9fb6af9,212504948,Commune de Rochejean (25),false,{25494},Commune,2026-03-24 14:41:56.495197+01,gold_establishments_2025,,,,21250494800010,2025,Collectivité Territoriale,Commune,['Doubs'],['Bourgogne-Franche-Comté'],COM,{25},{27}
ac95161a-1a51-4512-b07c-8e7015984057,210701918,Commune de Rochemaure (07),false,{07191},Commune,2026-03-24 14:41:52.562531+01,gold_establishments_2025,,,,21070191800018,2025,Collectivité Territoriale,Commune,['Ardèche'],['Auvergne-Rhône-Alpes'],COM,{07},{84}
a19f6be6-9e82-4269-9a5d-ef7a63efdb20,210701926,Commune de Rochepaule (07),false,{07192},Commune,2026-03-24 14:41:52.562531+01,gold_establishments_2025,,,,21070192600011,2025,Collectivité Territoriale,Commune,['Ardèche'],['Auvergne-Rhône-Alpes'],COM,{07},{84}
e1ec1719-27b7-480e-91f3-ea9404f61835,210701934,Commune de Rocher (07),false,{07193},Commune,2026-03-24 14:41:52.562531+01,gold_establishments_2025,,,,21070193400015,2025,Collectivité Territoriale,Commune,['Ardèche'],['Auvergne-Rhône-Alpes'],COM,{07},{84}
16dca1ad-7d99-4fe0-8556-51fba4b3fcce,212316202,Commune de Roches (23),false,{23162},Commune,2026-03-24 14:41:55.958138+01,gold_establishments_2025,,,,21231620200051,2025,Collectivité Territoriale,Commune,['Creuse'],['Nouvelle-Aquitaine'],COM,{23},{75}
76503989-1615-447f-9b65-e24efbe8e3a9,214101917,Commune de Roches (41),false,{41191},Commune,2026-03-24 14:42:00.273698+01,gold_establishments_2025,,,,21410191700018,2025,Collectivité Territoriale,Commune,['Loir-et-Cher'],['Centre-Val de Loire'],COM,{41},{24}
bdc7b78a-b7dd-421a-9b64-b927690bc5c2,215200304,Commune de Roches-Bettaincourt (52),false,{52044},Commune,2026-03-24 14:42:01.954481+01,gold_establishments_2025,,,,21520030400016,2025,Collectivité Territoriale,Commune,['Haute-Marne'],['Grand Est'],COM,{52},{44}
9ff3f45c-b466-4ae4-9c2c-ae58edad3081,218602092,Commune de Roches-Prémarie-Andillé (86),false,{86209},Commune,2026-03-24 14:42:10.508772+01,gold_establishments_2025,,,,21860209200015,2025,Collectivité Territoriale,Commune,['Vienne'],['Nouvelle-Aquitaine'],COM,{86},{75}
bed77e8d-c128-4f44-8ee3-c16407291143,212504971,Commune de Roches-lès-Blamont (25),false,{25497},Commune,2026-03-24 14:41:56.495197+01,gold_establishments_2025,,,,21250497100012,2025,Collectivité Territoriale,Commune,['Doubs'],['Bourgogne-Franche-Comté'],COM,{25},{27}
376675c2-52f0-49b8-8b62-4a60e4d26769,215203084,Commune de Roches-sur-Marne (52),false,{52429},Commune,2026-03-24 14:42:01.954481+01,gold_establishments_2025,,,,21520308400011,2025,Collectivité Territoriale,Commune,['Haute-Marne'],['Grand Est'],COM,{52},{44}
f60f3ace-5a26-449a-b0f2-d519487d3ee7,218501906,Commune de Rocheservière (85),false,{85190},Commune,2026-03-24 14:42:10.508772+01,gold_establishments_2025,,,,21850190600018,2025,Collectivité Territoriale,Commune,['Vendée'],['Pays de la Loire'],COM,{85},{52}
56e65360-5625-491c-aa47-63c93a4e007b,210701942,Commune de Rochessauve (07),false,{07194},Commune,2026-03-24 14:41:52.562531+01,gold_establishments_2025,,,,21070194200018,2025,Collectivité Territoriale,Commune,['Ardèche'],['Auvergne-Rhône-Alpes'],COM,{07},{84}
61a53052-faf2-4beb-8d5e-4b100d2a9e4e,218803914,Commune de Rochesson (88),false,{88391},Commune,2026-03-24 14:42:11.118516+01,gold_establishments_2025,,,,21880391400017,2025,Collectivité Territoriale,Commune,['Vosges'],['Grand Est'],COM,{88},{44}
851e352d-9d9d-40d1-bc91-c43a18a3ca60,215203092,Commune de Rochetaillée (52),false,{52431},Commune,2026-03-24 14:42:01.954481+01,gold_establishments_2025,,,,21520309200014,2025,Collectivité Territoriale,Commune,['Haute-Marne'],['Grand Est'],COM,{52},{44}
ca682ccf-fcd1-4b9c-8a58-c2cf91a5f881,216901686,Commune de Rochetaillée-sur-Saône (69),false,{69168},Commune,2026-03-24 14:42:07.195692+01,gold_establishments_2025,,,,21690168600016,2025,Collectivité Territoriale,Commune,['Rhône'],['Auvergne-Rhône-Alpes'],COM,{69},{84}
e65ee94a-80a9-4a49-8f4c-12bf1a5a9883,213803414,Commune de Rochetoirin (38),false,{38341},Commune,2026-03-24 14:41:59.160244+01,gold_establishments_2025,,,,21380341400019,2025,Collectivité Territoriale,Commune,['Isère'],['Auvergne-Rhône-Alpes'],COM,{38},{84}
8eb36004-3648-4a42-8a22-d2cb694b29bb,218501922,Commune de Rochetrejoux (85),false,{85192},Commune,2026-03-24 14:42:10.508772+01,gold_establishments_2025,,,,21850192200015,2025,Collectivité Territoriale,Commune,['Vendée'],['Pays de la Loire'],COM,{85},{52}
08aa26e5-9a65-47cf-b4f2-0b8a9d938e73,215004359,Commune de Rocheville (50),false,{50435},Commune,2026-03-24 14:42:01.412377+01,gold_establishments_2025,,,,21500435900018,2025,Collectivité Territoriale,Commune,['Manche'],['Normandie'],COM,{50},{28}
fd4141d9-a20f-4351-82bf-630b74c5f70b,215705864,Commune de Rochonvillers (57),false,{57586},Commune,2026-03-24 14:42:04.280096+01,gold_establishments_2025,,,,21570586400019,2025,Collectivité Territoriale,Commune,['Moselle'],['Grand Est'],COM,{57},{44}
50089a23-97ac-4894-aaed-d0942d4fe97c,216005363,Commune de Rochy-Condé (60),false,{60542},Commune,2026-03-24 14:42:04.814328+01,gold_establishments_2025,,,,21600536300017,2025,Collectivité Territoriale,Commune,['Oise'],['Hauts-de-France'],COM,{60},{32}
fa6aa595-d206-4f66-ba28-6ecd7c5194f3,210302147,Commune de Rocles (03),false,{03214},Commune,2026-03-24 14:41:52.020251+01,gold_establishments_2025,,,,21030214700017,2025,Collectivité Territoriale,Commune,['Allier'],['Auvergne-Rhône-Alpes'],COM,{03},{84}
8292a487-1367-402a-a7e3-54e6db59c0f6,210701967,Commune de Rocles (07),false,{07196},Commune,2026-03-24 14:41:52.562531+01,gold_establishments_2025,,,,21070196700015,2025,Collectivité Territoriale,Commune,['Ardèche'],['Auvergne-Rhône-Alpes'],COM,{07},{84}
be558c5f-9f9e-4f69-a68c-e1937bc6233a,214801292,Commune de Rocles (48),false,{48129},Commune,2026-03-24 14:42:01.412377+01,gold_establishments_2025,,,,21480129200019,2025,Collectivité Territoriale,Commune,['Lozère'],['Occitanie'],COM,{48},{76}
8b36c1d2-f2f3-4abe-9364-c6b76c2bf71a,216207142,Commune de Roclincourt (62),false,{62714},Commune,2026-03-24 14:42:06.130387+01,gold_establishments_2025,,,,21620714200011,2025,Collectivité Territoriale,Commune,['Pas-de-Calais'],['Hauts-de-France'],COM,{62},{32}
a70feb55-c8bd-4f37-a70e-3fccd22d2548,210206249,Commune de Rocourt-Saint-Martin (02),false,{02649},Commune,2026-03-24 14:41:52.020251+01,gold_establishments_2025,,,,21020624900018,2025,Collectivité Territoriale,Commune,['Aisne'],['Hauts-de-France'],COM,{02},{32}
7c9e4d99-8ba8-4cce-80d4-eea45f6728c8,217605310,Commune de Rocquefort (76),false,{76531},Commune,2026-03-24 14:42:08.818969+01,gold_establishments_2025,,,,21760531000010,2025,Collectivité Territoriale,Commune,['Seine-Maritime'],['Normandie'],COM,{76},{28}
068bd299-4af5-4f56-b727-85062725eb77,216005371,Commune de Rocquemont (60),false,{60543},Commune,2026-03-24 14:42:04.814328+01,gold_establishments_2025,,,,21600537100010,2025,Collectivité Territoriale,Commune,['Oise'],['Hauts-de-France'],COM,{60},{32}
ecfe51a5-5e82-4de9-8d8d-cc25b041351e,217605328,Commune de Rocquemont (76),false,{76532},Commune,2026-03-24 14:42:08.818969+01,gold_establishments_2025,,,,21760532800012,2025,Collectivité Territoriale,Commune,['Seine-Maritime'],['Normandie'],COM,{76},{28}
c727598a-f9d2-437a-abb3-b6b0fae26005,216005389,Commune de Rocquencourt (60),false,{60544},Commune,2026-03-24 14:42:04.814328+01,gold_establishments_2025,,,,21600538900012,2025,Collectivité Territoriale,Commune,['Oise'],['Hauts-de-France'],COM,{60},{32}
95bd2581-b3fb-423f-98b4-da6ca45733ea,211405402,Commune de Rocques (14),false,{14540},Commune,2026-03-24 14:41:54.362296+01,gold_establishments_2025,,,,21140540200010,2025,Collectivité Territoriale,Commune,['Calvados'],['Normandie'],COM,{14},{28}
a89c6b7b-539b-4c7d-8782-ec782604b6b7,210206256,Commune de Rocquigny (02),false,{02650},Commune,2026-03-24 14:41:52.020251+01,gold_establishments_2025,,,,21020625600013,2025,Collectivité Territoriale,Commune,['Aisne'],['Hauts-de-France'],COM,{02},{32}
95b83c55-0ff8-4bed-8324-9d9402433e70,210803300,Commune de Rocquigny (08),false,{08366},Commune,2026-03-24 14:41:53.095366+01,gold_establishments_2025,,,,21080330000016,2025,Collectivité Territoriale,Commune,['Ardennes'],['Grand Est'],COM,{08},{44}
b54deb1f-d67f-4d49-b16f-3b5ee82083c0,216207159,Commune de Rocquigny (62),false,{62715},Commune,2026-03-24 14:42:06.130387+01,gold_establishments_2025,,,,21620715900015,2025,Collectivité Territoriale,Commune,['Pas-de-Calais'],['Hauts-de-France'],COM,{62},{32}
8f26fbbb-8833-45ad-a4c8-27e044e066a7,210803318,Commune de Rocroi (08),false,{08367},Commune,2026-03-24 14:41:53.095366+01,gold_establishments_2025,,,,21080331800018,2025,Collectivité Territoriale,Commune,['Ardennes'],['Grand Est'],COM,{08},{44}
0e3c0834-d4a8-45c6-ab79-2825b0908dd6,214101909,Commune de Rocé (41),false,{41190},Commune,2026-03-24 14:42:00.273698+01,gold_establishments_2025,,,,21410190900015,2025,Collectivité Territoriale,Commune,['Loir-et-Cher'],['Centre-Val de Loire'],COM,{41},{24}
25e95dd9-a8e4-47ae-aa3a-59b8eda75b88,215705872,Commune de Rodalbe (57),false,{57587},Commune,2026-03-24 14:42:04.280096+01,gold_establishments_2025,,,,21570587200012,2025,Collectivité Territoriale,Commune,['Moselle'],['Grand Est'],COM,{57},{44}
8bfedbf9-b052-42bc-94f0-5e84271583ea,216207167,Commune de Rodelinghem (62),false,{62716},Commune,2026-03-24 14:42:06.130387+01,gold_establishments_2025,,,,21620716700018,2025,Collectivité Territoriale,Commune,['Pas-de-Calais'],['Hauts-de-France'],COM,{62},{32}
29163229-8b5c-42fc-adb8-019874721f3e,211202015,Commune de Rodelle (12),false,{12201},Commune,2026-03-24 14:41:53.63825+01,gold_establishments_2025,,,,21120201500015,2025,Collectivité Territoriale,Commune,['Aveyron'],['Occitanie'],COM,{12},{76}
0df8af21-f4ee-4efd-8907-3ba5920eac27,215705880,Commune de Rodemack (57),false,{57588},Commune,2026-03-24 14:42:04.280096+01,gold_establishments_2025,,,,21570588000015,2025,Collectivité Territoriale,Commune,['Moselle'],['Grand Est'],COM,{57},{44}
0fc96d10-ad28-4e0b-8dc2-934ac3d11468,216802793,Commune de Roderen (68),false,{68279},Commune,2026-03-24 14:42:07.195692+01,gold_establishments_2025,,,,21680279300010,2025,Collectivité Territoriale,Commune,['Haut-Rhin'],['Grand Est'],COM,{68},{44}
c7d924ae-b7b6-4601-8263-478879cdc70e,216802801,Commune de Rodern (68),false,{68280},Commune,2026-03-24 14:42:07.195692+01,gold_establishments_2025,,,,21680280100011,2025,Collectivité Territoriale,Commune,['Haut-Rhin'],['Grand Est'],COM,{68},{44}
ec2babb5-78e9-4485-ac6d-f43b5ea85e89,211202023,Commune de Rodez (12),false,{12202},Commune,2026-03-24 14:41:53.63825+01,gold_establishments_2025,,,,21120202300019,2025,Collectivité Territoriale,Commune,['Aveyron'],['Occitanie'],COM,{12},{76}
8cb372eb-0843-4a73-b166-8abe2eb1d09c,213003569,Commune de Rodilhan (30),false,{30356},Commune,2026-03-24 14:41:57.56054+01,gold_establishments_2025,,,,21300356900018,2025,Collectivité Territoriale,Commune,['Gard'],['Occitanie'],COM,{30},{76}
48d54afe-8e56-4094-80b5-fd706a8a9ca1,211103171,Commune de Rodome (11),false,{11317},Commune,2026-03-24 14:41:53.63825+01,gold_establishments_2025,,,,21110317100016,2025,Collectivité Territoriale,Commune,['Aude'],['Occitanie'],COM,{11},{76}
ba7bb6f6-bdcd-4886-ad41-ad355c0457ad,216601658,Commune de Rodès (66),false,{66165},Commune,2026-03-24 14:42:06.665412+01,gold_establishments_2025,,,,21660165800018,2025,Collectivité Territoriale,Commune,['Pyrénées-Orientales'],['Occitanie'],COM,{66},{76}
cb617037-c8c8-4a5b-8039-5ff03b8cffaa,218903235,Commune de Roffey (89),false,{89323},Commune,2026-03-24 14:42:11.659493+01,gold_establishments_2025,,,,21890323500016,2025,Collectivité Territoriale,Commune,['Yonne'],['Bourgogne-Franche-Comté'],COM,{89},{27}
dc4bd9e4-8a50-4e6b-a5e9-bcab471c319e,211501648,Commune de Roffiac (15),false,{15164},Commune,2026-03-24 14:41:54.362296+01,gold_establishments_2025,,,,21150164800011,2025,Collectivité Territoriale,Commune,['Cantal'],['Auvergne-Rhône-Alpes'],COM,{15},{84}
132e9d25-3443-4ba1-83cc-a920ae20ca04,217605336,Commune de Rogerville (76),false,{76533},Commune,2026-03-24 14:42:08.818969+01,gold_establishments_2025,,,,21760533600015,2025,Collectivité Territoriale,Commune,['Seine-Maritime'],['Normandie'],COM,{76},{28}
81e48732-0b7c-4cca-8512-4bd238a70da1,216802819,Commune de Roggenhouse (68),false,{68281},Commune,2026-03-24 14:42:07.195692+01,gold_establishments_2025,,,,21680281900013,2025,Collectivité Territoriale,Commune,['Haut-Rhin'],['Grand Est'],COM,{68},{44}
3f792232-d774-404f-8398-55083394a979,212002612,Commune de Rogliano (2B),false,{2B261},Commune,2026-03-24 14:41:57.56054+01,gold_establishments_2025,,,,21200261200019,2025,Collectivité Territoriale,Commune,['Haute-Corse'],['Corse'],COM,{2B},{94}
2d24a50e-149c-43e4-a87e-a8cf5a2ab762,213904634,Commune de Rogna (39),false,{39463},Commune,2026-03-24 14:41:59.705606+01,gold_establishments_2025,,,,21390463400010,2025,Collectivité Territoriale,Commune,['Jura'],['Bourgogne-Franche-Comté'],COM,{39},{27}
4e5b34f8-df70-4ec4-b37a-1d882a844b3d,211300819,Commune de Rognac (13),false,{13081},Commune,2026-03-24 14:41:53.63825+01,gold_establishments_2025,,,,21130081900128,2025,Collectivité Territoriale,Commune,['Bouches-du-Rhône'],"[""Provence-Alpes-Côte d'Azur""]",COM,{13},{93}
9c4ecfe1-61b8-483b-aa35-d80a237a11a2,217302165,Commune de Rognaix (73),false,{73216},Commune,2026-03-24 14:42:08.279287+01,gold_establishments_2025,,,,21730216500014,2025,Collectivité Territoriale,Commune,['Savoie'],['Auvergne-Rhône-Alpes'],COM,{73},{84}
8aa461f0-00a5-4a75-b6aa-5e3c1823a9ba,211300827,Commune de Rognes (13),false,{13082},Commune,2026-03-24 14:41:53.63825+01,gold_establishments_2025,,,,21130082700014,2025,Collectivité Territoriale,Commune,['Bouches-du-Rhône'],"[""Provence-Alpes-Côte d'Azur""]",COM,{13},{93}
9ab43cb0-faee-4e95-a733-bbdd07059bd0,212504989,Commune de Rognon (25),false,{25498},Commune,2026-03-24 14:41:56.495197+01,gold_establishments_2025,,,,21250498900014,2025,Collectivité Territoriale,Commune,['Doubs'],['Bourgogne-Franche-Comté'],COM,{25},{27}
33fcebdc-449d-43ba-acd9-1a19c32a98ca,211300835,Commune de Rognonas (13),false,{13083},Commune,2026-03-24 14:41:53.63825+01,gold_establishments_2025,,,,21130083500017,2025,Collectivité Territoriale,Commune,['Bouches-du-Rhône'],"[""Provence-Alpes-Côte d'Azur""]",COM,{13},{93}
f4420b82-3662-4450-846f-c1214be97a3b,210206272,Commune de Rogny (02),false,{02652},Commune,2026-03-24 14:41:52.020251+01,gold_establishments_2025,,,,21020627200010,2025,Collectivité Territoriale,Commune,['Aisne'],['Hauts-de-France'],COM,{02},{32}
3174302e-8742-4170-840c-464b87cd5723,218903243,Commune de Rogny-les-Sept-Écluses (89),false,{89324},Commune,2026-03-24 14:42:11.659493+01,gold_establishments_2025,,,,21890324300010,2025,Collectivité Territoriale,Commune,['Yonne'],['Bourgogne-Franche-Comté'],COM,{89},{27}
7b501e6f-a001-4f45-ae08-6aa37d804c50,213002199,Commune de Rogues (30),false,{30219},Commune,2026-03-24 14:41:57.56054+01,gold_establishments_2025,,,,21300219900015,2025,Collectivité Territoriale,Commune,['Gard'],['Occitanie'],COM,{30},{76}
eb7cdfae-60aa-4c9e-bc0e-b76b8d7f422b,218006351,Commune de Rogy (80),false,{80675},Commune,2026-03-24 14:42:09.967209+01,gold_establishments_2025,,,,21800635100017,2025,Collectivité Territoriale,Commune,['Somme'],['Hauts-de-France'],COM,{80},{32}
ec24cf87-1e07-4275-8473-106d7889f719,210206264,Commune de Rogécourt (02),false,{02651},Commune,2026-03-24 14:41:52.020251+01,gold_establishments_2025,,,,21020626400017,2025,Collectivité Territoriale,Commune,['Aisne'],['Hauts-de-France'],COM,{02},{32}
9196158d-ffd3-470f-a594-29b4baac0d64,215404609,Commune de Rogéville (54),false,{54460},Commune,2026-03-24 14:42:02.957225+01,gold_establishments_2025,,,,21540460900012,2025,Collectivité Territoriale,Commune,['Meurthe-et-Moselle'],['Grand Est'],COM,{54},{44}
f52b516d-064a-450d-a558-4cc25cd0b0e2,212803167,Commune de Rohaire (28),false,{28316},Commune,2026-03-24 14:41:57.028721+01,gold_establishments_2025,,,,21280316700015,2025,Collectivité Territoriale,Commune,['Eure-et-Loir'],['Centre-Val de Loire'],COM,{28},{24}
74e6b260-754e-4dd1-afde-208e42dc69eb,215601980,Commune de Rohan (56),false,{56198},Commune,2026-03-24 14:42:03.701372+01,gold_establishments_2025,,,,21560198000018,2025,Collectivité Territoriale,Commune,['Morbihan'],['Bretagne'],COM,{56},{53}
a6218993-dbfb-4571-b9d4-1aa2dac97a83,216705681,Commune de Rohr (67),false,{67406},Commune,2026-03-24 14:42:07.195692+01,gold_establishments_2025,,,,21670568100015,2025,Collectivité Territoriale,Commune,['Bas-Rhin'],['Grand Est'],COM,{67},{44}
0caa014c-a39f-43d0-b5fb-f29cf84f9b42,215705898,Commune de Rohrbach-lès-Bitche (57),false,{57589},Commune,2026-03-24 14:42:04.280096+01,gold_establishments_2025,,,,21570589800017,2025,Collectivité Territoriale,Commune,['Moselle'],['Grand Est'],COM,{57},{44}
d6ef83cb-6c1e-416f-a3a7-176e51aa752d,216704072,Commune de Rohrwiller (67),false,{67407},Commune,2026-03-24 14:42:07.195692+01,gold_establishments_2025,,,,21670407200018,2025,Collectivité Territoriale,Commune,['Bas-Rhin'],['Grand Est'],COM,{67},{44}
5acba60d-e1a1-42da-8765-c9131fe73604,210701975,Commune de Roiffieux (07),false,{07197},Commune,2026-03-24 14:41:52.562531+01,gold_establishments_2025,,,,21070197500018,2025,Collectivité Territoriale,Commune,['Ardèche'],['Auvergne-Rhône-Alpes'],COM,{07},{84}
4917f5be-7457-4a27-8835-425c992073db,218602100,Commune de Roiffé (86),false,{86210},Commune,2026-03-24 14:42:10.508772+01,gold_establishments_2025,,,,21860210000016,2025,Collectivité Territoriale,Commune,['Vienne'],['Nouvelle-Aquitaine'],COM,{86},{75}
d8612571-1613-41dd-9c46-1c058a734524,218006369,Commune de Roiglise (80),false,{80676},Commune,2026-03-24 14:42:09.967209+01,gold_establishments_2025,,,,21800636900019,2025,Collectivité Territoriale,Commune,['Somme'],['Hauts-de-France'],COM,{80},{32}
ad588c7b-2722-46ed-95e3-275537eeb316,212105290,Commune de Roilly (21),false,{21529},Commune,2026-03-24 14:41:55.433389+01,gold_establishments_2025,,,,21210529000010,2025,Collectivité Territoriale,Commune,"[""Côte-d'Or""]",['Bourgogne-Franche-Comté'],COM,{21},{27}
63824116-3a25-48ad-a389-2361bf2f83b0,212803175,Commune de Roinville (28),false,{28317},Commune,2026-03-24 14:41:57.028721+01,gold_establishments_2025,,,,21280317500018,2025,Collectivité Territoriale,Commune,['Eure-et-Loir'],['Centre-Val de Loire'],COM,{28},{24}
52bd1c98-44dc-4c68-99ec-68a42220aa83,219105251,Commune de Roinville (91),false,{91525},Commune,2026-03-24 14:42:11.659493+01,gold_establishments_2025,,,,21910525100017,2025,Collectivité Territoriale,Commune,['Essonne'],['Île-de-France'],COM,{91},{11}
018ccf8a-5f01-40dd-81c7-5e414ff9daa7,219105269,Commune de Roinvilliers (91),false,{91526},Commune,2026-03-24 14:42:11.659493+01,gold_establishments_2025,,,,21910526900019,2025,Collectivité Territoriale,Commune,['Essonne'],['Île-de-France'],COM,{91},{11}
1ad3b862-cb25-4e93-b6c2-3607b6abda12,218006377,Commune de Roisel (80),false,{80677},Commune,2026-03-24 14:42:09.967209+01,gold_establishments_2025,,,,21800637700012,2025,Collectivité Territoriale,Commune,['Somme'],['Hauts-de-France'],COM,{80},{32}
99c12eca-1501-4e2a-b316-cf4f7145385c,214201915,Commune de Roisey (42),false,{42191},Commune,2026-03-24 14:42:00.273698+01,gold_establishments_2025,,,,21420191500011,2025,Collectivité Territoriale,Commune,['Loire'],['Auvergne-Rhône-Alpes'],COM,{42},{84}
1b3589a3-2bed-43f6-ad52-89db1b54a46e,213803422,Commune de Roissard (38),false,{38342},Commune,2026-03-24 14:41:59.160244+01,gold_establishments_2025,,,,21380342200012,2025,Collectivité Territoriale,Commune,['Isère'],['Auvergne-Rhône-Alpes'],COM,{38},{84}
7592969c-55b1-417c-bb4a-71bfc9a405b7,217703909,Commune de Roissy-en-Brie (77),false,{77390},Commune,2026-03-24 14:42:09.43682+01,gold_establishments_2025,,,,21770390900010,2025,Collectivité Territoriale,Commune,['Seine-et-Marne'],['Île-de-France'],COM,{77},{11}
ea38dc59-8d3f-4d14-9f86-3dd2ab6c9e73,219505278,Commune de Roissy-en-France (95),false,{95527},Commune,2026-03-24 14:42:11.659493+01,gold_establishments_2025,,,,21950527800057,2025,Collectivité Territoriale,Commune,"[""Val-d'Oise""]",['Île-de-France'],COM,{95},{11}
afb0c5e8-29b2-43e0-b2e3-65fd91e63f05,216103515,Commune de Roiville (61),false,{61351},Commune,2026-03-24 14:42:05.597325+01,gold_establishments_2025,,,,21610351500013,2025,Collectivité Territoriale,Commune,['Orne'],['Normandie'],COM,{61},{28}
6a8db231-7716-4a94-9d97-b4b0fb9af553,210803326,Commune de Roizy (08),false,{08368},Commune,2026-03-24 14:41:53.095366+01,gold_establishments_2025,,,,21080332600011,2025,Collectivité Territoriale,Commune,['Ardennes'],['Grand Est'],COM,{08},{44}
6f17cab7-998d-411a-9d89-72677a07b2e7,215203100,Commune de Rolampont (52),false,{52432},Commune,2026-03-24 14:42:01.954481+01,gold_establishments_2025,,,,21520310000015,2025,Collectivité Territoriale,Commune,['Haute-Marne'],['Grand Est'],COM,{52},{44}
c01a189d-12b6-4443-adb6-e1afa75ae343,215705906,Commune de Rolbing (57),false,{57590},Commune,2026-03-24 14:42:04.280096+01,gold_establishments_2025,,,,21570590600018,2025,Collectivité Territoriale,Commune,['Moselle'],['Grand Est'],COM,{57},{44}
a9dc458b-1220-48cf-a67a-9ea250630d7d,218803930,Commune de Rollainville (nan),false,{88393},Commune,2026-03-24 14:42:11.118516+01,gold_establishments_2025,,,,21880393000013,2025,Collectivité Territoriale,Commune,[''],[''],COM,,
b4ded6b8-0339-492a-90f1-b9dbd2786da3,216207191,Commune de Rollancourt (62),false,{62719},Commune,2026-03-24 14:42:06.130387+01,gold_establishments_2025,,,,21620719100018,2025,Collectivité Territoriale,Commune,['Pas-de-Calais'],['Hauts-de-France'],COM,{62},{32}
47c30911-e32a-443c-acff-7bb135246bbc,217805282,Commune de Rolleboise (78),false,{78528},Commune,2026-03-24 14:42:09.43682+01,gold_establishments_2025,,,,21780528200019,2025,Collectivité Territoriale,Commune,['Yvelines'],['Île-de-France'],COM,{78},{11}
5cd204b7-45e8-4023-a83d-fb95fe3a1bba,217605344,Commune de Rolleville (76),false,{76534},Commune,2026-03-24 14:42:08.818969+01,gold_establishments_2025,,,,21760534400019,2025,Collectivité Territoriale,Commune,['Seine-Maritime'],['Normandie'],COM,{76},{28}
912777cb-06b9-46b5-8dcc-7ea079dcf8b2,218006385,Commune de Rollot (80),false,{80678},Commune,2026-03-24 14:42:09.967209+01,gold_establishments_2025,,,,21800638500015,2025,Collectivité Territoriale,Commune,['Somme'],['Hauts-de-France'],COM,{80},{32}
8fc13a22-6bea-4102-9834-93ac029fd0bb,217902303,Commune de Rom (79),false,{79230},Commune,2026-03-24 14:42:09.43682+01,gold_establishments_2025,,,,21790230300015,2025,Collectivité Territoriale,Commune,['Deux-Sèvres'],['Nouvelle-Aquitaine'],COM,{79},{75}
ffd0a617-17da-4017-920a-6f9f3be86c38,216303073,Commune de Romagnat (63),false,{63307},Commune,2026-03-24 14:42:06.130387+01,gold_establishments_2025,,,,21630307300011,2025,Collectivité Territoriale,Commune,['Puy-de-Dôme'],['Auvergne-Rhône-Alpes'],COM,{63},{84}
559b4350-9f6b-444c-9a7c-59ef0104965e,213303589,Commune de Romagne (33),false,{33358},Commune,2026-03-24 14:41:58.620411+01,gold_establishments_2025,,,,21330358900013,2025,Collectivité Territoriale,Commune,['Gironde'],['Nouvelle-Aquitaine'],COM,{33},{75}
09aba870-6a8e-4aac-ab22-f843105f82e4,218602118,Commune de Romagne (86),false,{86211},Commune,2026-03-24 14:42:10.508772+01,gold_establishments_2025,,,,21860211800018,2025,Collectivité Territoriale,Commune,['Vienne'],['Nouvelle-Aquitaine'],COM,{86},{75}
cc5f4f84-931b-4c34-b3ac-a437737f84e4,215504382,Commune de Romagne-sous-Montfaucon (55),false,{55438},Commune,2026-03-24 14:42:03.701372+01,gold_establishments_2025,,,,21550438200015,2025,Collectivité Territoriale,Commune,['Meuse'],['Grand Est'],COM,{55},{44}
25037c3a-4c36-4880-b407-6a850400ecdf,215504374,Commune de Romagne-sous-les-Côtes (55),false,{55437},Commune,2026-03-24 14:42:03.701372+01,gold_establishments_2025,,,,21550437400012,2025,Collectivité Territoriale,Commune,['Meuse'],['Grand Est'],COM,{55},{44}
0810b7c1-21a2-4676-90ea-8e5f0db44713,213803430,Commune de Romagnieu (38),false,{38343},Commune,2026-03-24 14:41:59.160244+01,gold_establishments_2025,,,,21380343000015,2025,Collectivité Territoriale,Commune,['Isère'],['Auvergne-Rhône-Alpes'],COM,{38},{84}
f64fe093-9424-40f6-9b2e-d7c4ef08d8e0,216802827,Commune de Romagny (68),false,{68282},Commune,2026-03-24 14:42:07.195692+01,gold_establishments_2025,,,,21680282700016,2025,Collectivité Territoriale,Commune,['Haut-Rhin'],['Grand Est'],COM,{68},{44}
6d60286d-4a93-4e05-9fff-aba40c19dc31,200057172,Commune de Romagny Fontenay (50),false,{50436},Commune,2026-03-24 14:42:01.412377+01,gold_establishments_2025,,,,20005717200013,2025,Collectivité Territoriale,Commune,['Manche'],['Normandie'],COM,{50},{28}
040d2ab3-6a6a-48c9-aeed-d3f73c050958,219000866,Commune de Romagny-sous-Rougemont (90),false,{90086},Commune,2026-03-24 14:42:11.659493+01,gold_establishments_2025,,,,21900086600018,2025,Collectivité Territoriale,Commune,['Territoire de Belfort'],['Bourgogne-Franche-Comté'],COM,{90},{27}
45a7be60-3117-4dde-9be3-3d55d6604c4f,213502438,Commune de Romagné (35),false,{35243},Commune,2026-03-24 14:41:58.620411+01,gold_establishments_2025,,,,21350243800012,2025,Collectivité Territoriale,Commune,['Ille-et-Vilaine'],['Bretagne'],COM,{35},{53}
f8e3a27b-5280-4f03-a853-8918738f787c,212504997,Commune de Romain (25),false,{25499},Commune,2026-03-24 14:41:56.495197+01,gold_establishments_2025,,,,21250499700017,2025,Collectivité Territoriale,Commune,['Doubs'],['Bourgogne-Franche-Comté'],COM,{25},{27}
964a2a9b-f35b-4abd-b051-d0767478122c,213904642,Commune de Romain (39),false,{39464},Commune,2026-03-24 14:41:59.705606+01,gold_establishments_2025,,,,21390464200013,2025,Collectivité Territoriale,Commune,['Jura'],['Bourgogne-Franche-Comté'],COM,{39},{27}
72b22fd9-d34f-42b4-9370-07827fcff960,215104308,Commune de Romain (51),false,{51464},Commune,2026-03-24 14:42:01.954481+01,gold_establishments_2025,,,,21510430800014,2025,Collectivité Territoriale,Commune,['Marne'],['Grand Est'],COM,{51},{44}
22c79b62-3f77-4adc-a5d1-d7db76d02077,215404617,Commune de Romain (54),false,{54461},Commune,2026-03-24 14:42:02.957225+01,gold_establishments_2025,,,,21540461700015,2025,Collectivité Territoriale,Commune,['Meurthe-et-Moselle'],['Grand Est'],COM,{54},{44}
4ede5efa-fd0c-4bcd-9ea9-74cb7c1e60bf,218803948,Commune de Romain-aux-Bois (88),false,{88394},Commune,2026-03-24 14:42:11.118516+01,gold_establishments_2025,,,,21880394800015,2025,Collectivité Territoriale,Commune,['Vosges'],['Grand Est'],COM,{88},{44}
c9f098ae-07da-40d6-ba97-fc78f10e943c,215203118,Commune de Romain-sur-Meuse (52),false,{52433},Commune,2026-03-24 14:42:01.954481+01,gold_establishments_2025,,,,21520311800017,2025,Collectivité Territoriale,Commune,['Haute-Marne'],['Grand Est'],COM,{52},{44}
a774428a-f941-47da-9690-049a6e67457f,219300639,Commune de Romainville (93),false,{93063},Commune,2026-03-24 14:42:11.659493+01,gold_establishments_2025,,,,21930063900016,2025,Collectivité Territoriale,Commune,['Seine-Saint-Denis'],['Île-de-France'],COM,{93},{11}
d7e8d00c-4548-42e1-9e59-2bdff07c9378,213904659,Commune de Romange (39),false,{39465},Commune,2026-03-24 14:41:59.705606+01,gold_establishments_2025,,,,21390465900017,2025,Collectivité Territoriale,Commune,['Jura'],['Bourgogne-Franche-Comté'],COM,{39},{27}
6f45049b-0a7c-49ff-a655-34c6420abcce,210103289,Commune de Romans (01),false,{01328},Commune,2026-03-24 14:41:51.447482+01,gold_establishments_2025,,,,21010328900018,2025,Collectivité Territoriale,Commune,['Ain'],['Auvergne-Rhône-Alpes'],COM,{01},{84}
fb8aa636-ecdc-4f48-88e1-50c42103ea7a,217902311,Commune de Romans (79),false,{79231},Commune,2026-03-24 14:42:09.43682+01,gold_establishments_2025,,,,21790231100018,2025,Collectivité Territoriale,Commune,['Deux-Sèvres'],['Nouvelle-Aquitaine'],COM,{79},{75}
22850e44-b0a4-434d-8c51-9fc03814aef8,212602817,Commune de Romans-sur-Isère (26),false,{26281},Commune,2026-03-24 14:41:56.495197+01,gold_establishments_2025,,,,21260281700018,2025,Collectivité Territoriale,Commune,['Drôme'],['Auvergne-Rhône-Alpes'],COM,{26},{84}
e1834669-d1c6-413c-ae38-445d681619c4,216704080,Commune de Romanswiller (67),false,{67408},Commune,2026-03-24 14:42:07.195692+01,gold_establishments_2025,,,,21670408000094,2025,Collectivité Territoriale,Commune,['Bas-Rhin'],['Grand Est'],COM,{67},{44}
437d99fd-036c-4483-88e5-e1799c11b35e,217103720,Commune de Romanèche-Thorins (71),false,{71372},Commune,2026-03-24 14:42:07.735343+01,gold_establishments_2025,,,,21710372000017,2025,Collectivité Territoriale,Commune,['Saône-et-Loire'],['Bourgogne-Franche-Comté'],COM,{71},{27}
1c889200-42e9-4923-8eaa-85a27b8bbdb9,211703012,Commune de Romazières (17),false,{17301},Commune,2026-03-24 14:41:54.903238+01,gold_establishments_2025,,,,21170301200016,2025,Collectivité Territoriale,Commune,['Charente-Maritime'],['Nouvelle-Aquitaine'],COM,{17},{75}
8bee1ece-3ea4-4557-b72f-d772847bfa0b,213502446,Commune de Romazy (35),false,{35244},Commune,2026-03-24 14:41:58.620411+01,gold_establishments_2025,,,,21350244600015,2025,Collectivité Territoriale,Commune,['Ille-et-Vilaine'],['Bretagne'],COM,{35},{53}
57772462-bcd1-4331-85e0-15a7ae2315a1,216802835,Commune de Rombach-le-Franc (68),false,{68283},Commune,2026-03-24 14:42:07.195692+01,gold_establishments_2025,,,,21680283500019,2025,Collectivité Territoriale,Commune,['Haut-Rhin'],['Grand Est'],COM,{68},{44}
6f4427c7-7e8c-4e71-9393-be71b47fd830,215705914,Commune de Rombas (57),false,{57591},Commune,2026-03-24 14:42:04.280096+01,gold_establishments_2025,,,,21570591400012,2025,Collectivité Territoriale,Commune,['Moselle'],['Grand Est'],COM,{57},{44}
bc71406c-4b47-43b3-9463-4ae7e145972e,215905050,Commune de Rombies-et-Marchipont (59),false,{59505},Commune,2026-03-24 14:42:04.814328+01,gold_establishments_2025,,,,21590505000013,2025,Collectivité Territoriale,Commune,['Nord'],['Hauts-de-France'],COM,{59},{32}
f7ab2e2a-fa0b-4995-a7c5-62dd26d17f23,216207209,Commune de Rombly (62),false,{62720},Commune,2026-03-24 14:42:06.130387+01,gold_establishments_2025,,,,21620720900018,2025,Collectivité Territoriale,Commune,['Pas-de-Calais'],['Hauts-de-France'],COM,{62},{32}
18e0581e-124b-4683-801a-659f16900f4d,211703020,Commune de Romegoux (17),false,{17302},Commune,2026-03-24 14:41:54.903238+01,gold_establishments_2025,,,,21170302000019,2025,Collectivité Territoriale,Commune,['Charente-Maritime'],['Nouvelle-Aquitaine'],COM,{17},{75}
3f0b5004-4edf-48f6-b2b3-1dceb8843822,215705922,Commune de Romelfing (57),false,{57592},Commune,2026-03-24 14:42:04.280096+01,gold_establishments_2025,,,,21570592200015,2025,Collectivité Territoriale,Commune,['Moselle'],['Grand Est'],COM,{57},{44}
83f2671d-d4cc-42be-9e93-a2752ee024af,217103738,Commune de Romenay (71),false,{71373},Commune,2026-03-24 14:42:07.735343+01,gold_establishments_2025,,,,21710373800019,2025,Collectivité Territoriale,Commune,['Saône-et-Loire'],['Bourgogne-Franche-Comté'],COM,{71},{27}
c612c001-7573-47d0-a220-cabb8aecffd4,210206280,Commune de Romeny-sur-Marne (02),false,{02653},Commune,2026-03-24 14:41:52.020251+01,gold_establishments_2025,,,,21020628000013,2025,Collectivité Territoriale,Commune,['Aisne'],['Hauts-de-France'],COM,{02},{32}
4c4baf98-06f1-47ad-aa9b-8a4b4cee0026,215905068,Commune de Romeries (59),false,{59506},Commune,2026-03-24 14:42:04.814328+01,gold_establishments_2025,,,,21590506800015,2025,Collectivité Territoriale,Commune,['Nord'],['Hauts-de-France'],COM,{59},{32}
4a03806f-f6f4-474b-a10e-03aa3f69cc2a,210206298,Commune de Romery (02),false,{02654},Commune,2026-03-24 14:41:52.020251+01,gold_establishments_2025,,,,21020629800015,2025,Collectivité Territoriale,Commune,['Aisne'],['Hauts-de-France'],COM,{02},{32}
19b9aa9b-7af0-4f1a-99af-ee036bb3e42a,215104316,Commune de Romery (51),false,{51465},Commune,2026-03-24 14:42:01.954481+01,gold_establishments_2025,,,,21510431600017,2025,Collectivité Territoriale,Commune,['Marne'],['Grand Est'],COM,{51},{44}
49efde25-16ac-4957-bfa8-4829315bdca3,216005397,Commune de Romescamps (60),false,{60545},Commune,2026-03-24 14:42:04.814328+01,gold_establishments_2025,,,,21600539700015,2025,Collectivité Territoriale,Commune,['Oise'],['Hauts-de-France'],COM,{60},{32}
22da2abf-fbd3-4923-aae7-69d863cbdf50,214702243,Commune de Romestaing (47),false,{47224},Commune,2026-03-24 14:42:00.862623+01,gold_establishments_2025,,,,21470224300012,2025,Collectivité Territoriale,Commune,['Lot-et-Garonne'],['Nouvelle-Aquitaine'],COM,{47},{75}
33c80dd4-0e9e-4b16-a643-d7f648ee1df8,212602825,Commune de Romeyer (26),false,{26282},Commune,2026-03-24 14:41:56.495197+01,gold_establishments_2025,,,,21260282500011,2025,Collectivité Territoriale,Commune,['Drôme'],['Auvergne-Rhône-Alpes'],COM,{26},{84}
fc3b1ab0-d60d-45a9-8b64-a3469e13586b,215104324,Commune de Romigny (51),false,{51466},Commune,2026-03-24 14:42:01.954481+01,gold_establishments_2025,,,,21510432400011,2025,Collectivité Territoriale,Commune,['Marne'],['Grand Est'],COM,{51},{44}
770314a0-da34-4afe-b99f-f36f75d7717a,213402316,Commune de Romiguières (34),false,{34231},Commune,2026-03-24 14:41:58.620411+01,gold_establishments_2025,,,,21340231600011,2025,Collectivité Territoriale,Commune,['Hérault'],['Occitanie'],COM,{34},{76}
6e4b3f2a-7bf3-4160-9482-4a59ced87d6c,214101933,Commune de Romilly (41),false,{41193},Commune,2026-03-24 14:42:00.273698+01,gold_establishments_2025,,,,21410193300015,2025,Collectivité Territoriale,Commune,['Loir-et-Cher'],['Centre-Val de Loire'],COM,{41},{24}
b3bcb216-4810-4fd7-9452-1f1100167454,212704928,Commune de Romilly-la-Puthenaye (27),false,{27492},Commune,2026-03-24 14:41:57.028721+01,gold_establishments_2025,,,,21270492800010,2025,Collectivité Territoriale,Commune,['Eure'],['Normandie'],COM,{27},{28}
9fafcf94-d15c-45aa-9e57-1d8fa27f72ad,212704936,Commune de Romilly-sur-Andelle (27),false,{27493},Commune,2026-03-24 14:41:57.028721+01,gold_establishments_2025,,,,21270493600013,2025,Collectivité Territoriale,Commune,['Eure'],['Normandie'],COM,{27},{28}
8ac081ba-a945-4891-b818-5bb02dc1dbfb,211003124,Commune de Romilly-sur-Seine (10),false,{10323},Commune,2026-03-24 14:41:53.095366+01,gold_establishments_2025,,,,21100312400016,2025,Collectivité Territoriale,Commune,['Aube'],['Grand Est'],COM,{10},{44}
00ef3ce1-9e7e-4838-8c4d-828d0ea470e7,213502453,Commune de Romillé (35),false,{35245},Commune,2026-03-24 14:41:58.620411+01,gold_establishments_2025,,,,21350245300011,2025,Collectivité Territoriale,Commune,['Ille-et-Vilaine'],['Bretagne'],COM,{35},{53}
f67fcad2-d78c-4721-bc57-f676a07a8e97,218803955,Commune de Romont (88),false,{88395},Commune,2026-03-24 14:42:11.118516+01,gold_establishments_2025,,,,21880395500010,2025,Collectivité Territoriale,Commune,['Vosges'],['Grand Est'],COM,{88},{44}
f7a4ef23-b904-4b6c-b622-33023b9b972f,214101941,Commune de Romorantin-Lanthenay (41),false,{41194},Commune,2026-03-24 14:42:00.273698+01,gold_establishments_2025,,,,21410194100018,2025,Collectivité Territoriale,Commune,['Loir-et-Cher'],['Centre-Val de Loire'],COM,{41},{24}
4ec40d44-a10d-4aa3-bf81-a48419915bee,210701983,Commune de Rompon (07),false,{07198},Commune,2026-03-24 14:41:52.562531+01,gold_establishments_2025,,,,21070198300012,2025,Collectivité Territoriale,Commune,['Ardèche'],['Auvergne-Rhône-Alpes'],COM,{07},{84}
6aaa1008-4f30-40a0-8659-03d7a2235bf7,211003132,Commune de Roncenay (10),false,{10324},Commune,2026-03-24 14:41:53.095366+01,gold_establishments_2025,,,,21100313200019,2025,Collectivité Territoriale,Commune,['Aube'],['Grand Est'],COM,{10},{44}
d3b92a63-b208-4db9-8860-f5a19231d426,215004375,Commune de Roncey (50),false,{50437},Commune,2026-03-24 14:42:01.412377+01,gold_establishments_2025,,,,21500437500014,2025,Collectivité Territoriale,Commune,['Manche'],['Normandie'],COM,{50},{28}
cdef30a7-ae8d-4df0-9222-044c9f737fa7,217004514,Commune de Ronchamp (70),false,{70451},Commune,2026-03-24 14:42:07.735343+01,gold_establishments_2025,,,,21700451400014,2025,Collectivité Territoriale,Commune,['Haute-Saône'],['Bourgogne-Franche-Comté'],COM,{70},{27}
e597ada7-8145-4c6c-bda8-18e9d5e5f603,212505002,Commune de Ronchaux (25),false,{25500},Commune,2026-03-24 14:41:56.495197+01,gold_establishments_2025,,,,21250500200015,2025,Collectivité Territoriale,Commune,['Doubs'],['Bourgogne-Franche-Comté'],COM,{25},{27}
b1ba8692-aaaf-4b07-9666-68cb9fc92331,217605351,Commune de Roncherolles-en-Bray (76),false,{76535},Commune,2026-03-24 14:42:08.818969+01,gold_establishments_2025,,,,21760535100014,2025,Collectivité Territoriale,Commune,['Seine-Maritime'],['Normandie'],COM,{76},{28}
528188a5-e0c0-458a-8f1c-7b728e18dbaa,217605369,Commune de Roncherolles-sur-le-Vivier (76),false,{76536},Commune,2026-03-24 14:42:08.818969+01,gold_establishments_2025,,,,21760536900057,2025,Collectivité Territoriale,Commune,['Seine-Maritime'],['Normandie'],COM,{76},{28}
f192f797-ae7d-4674-aa80-134d0c248ec7,215905076,Commune de Ronchin (59),false,{59507},Commune,2026-03-24 14:42:04.814328+01,gold_establishments_2025,,,,21590507600018,2025,Collectivité Territoriale,Commune,['Nord'],['Hauts-de-France'],COM,{59},{32}
1ec0b794-3808-4897-89ba-5d590181164a,217605377,Commune de Ronchois (76),false,{76537},Commune,2026-03-24 14:42:08.818969+01,gold_establishments_2025,,,,21760537700019,2025,Collectivité Territoriale,Commune,['Seine-Maritime'],['Normandie'],COM,{76},{28}
b395bfcb-0845-46ef-ae1e-e684d3288cfc,210206306,Commune de Ronchères (02),false,{02655},Commune,2026-03-24 14:41:52.020251+01,gold_establishments_2025,,,,21020630600016,2025,Collectivité Territoriale,Commune,['Aisne'],['Hauts-de-France'],COM,{02},{32}
5d47da34-dfd1-4854-b9d5-ae0c0c5afff3,218903250,Commune de Ronchères (89),false,{89325},Commune,2026-03-24 14:42:11.659493+01,gold_establishments_2025,,,,21890325000015,2025,Collectivité Territoriale,Commune,['Yonne'],['Bourgogne-Franche-Comté'],COM,{89},{27}
237ab27c-a0e5-4a08-9067-a27090b449ed,215705930,Commune de Roncourt (57),false,{57593},Commune,2026-03-24 14:42:04.280096+01,gold_establishments_2025,,,,21570593000018,2025,Collectivité Territoriale,Commune,['Moselle'],['Grand Est'],COM,{57},{44}
6e12d81e-3ccd-45ef-b75e-1c1b992a0adf,215905084,Commune de Roncq (59),false,{59508},Commune,2026-03-24 14:42:04.814328+01,gold_establishments_2025,,,,21590508400012,2025,Collectivité Territoriale,Commune,['Nord'],['Hauts-de-France'],COM,{59},{32}
4c7dc9a1-de78-413b-a79b-ada4a06e3fb7,212505010,Commune de Rondefontaine (25),false,{25501},Commune,2026-03-24 14:41:56.495197+01,gold_establishments_2025,,,,21250501000018,2025,Collectivité Territoriale,Commune,['Doubs'],['Bourgogne-Franche-Comté'],COM,{25},{27}
d522389e-2f75-42fe-b6fd-12bba20e8170,210302154,Commune de Rongères (03),false,{03215},Commune,2026-03-24 14:41:52.020251+01,gold_establishments_2025,,,,21030215400013,2025,Collectivité Territoriale,Commune,['Allier'],['Auvergne-Rhône-Alpes'],COM,{03},{84}
59e1dcae-4ecb-4d72-a550-9d5408a60913,210302162,Commune de Ronnet (03),false,{03216},Commune,2026-03-24 14:41:52.020251+01,gold_establishments_2025,,,,21030216200016,2025,Collectivité Territoriale,Commune,['Allier'],['Auvergne-Rhône-Alpes'],COM,{03},{84}
06b4fe04-2000-4180-8860-beed43369c92,216901694,Commune de Ronno (69),false,{69169},Commune,2026-03-24 14:42:07.195692+01,gold_establishments_2025,,,,21690169400010,2025,Collectivité Territoriale,Commune,['Rhône'],['Auvergne-Rhône-Alpes'],COM,{69},{84}
b473b650-8c83-4335-a93e-cab6341e065c,219505294,Commune de Ronquerolles (95),false,{95529},Commune,2026-03-24 14:42:11.659493+01,gold_establishments_2025,,,,21950529400013,2025,Collectivité Territoriale,Commune,"[""Val-d'Oise""]",['Île-de-France'],COM,{95},{11}
e3aa44d6-3c98-42cb-b277-58de4f725597,211602834,Commune de Ronsenac (16),false,{16283},Commune,2026-03-24 14:41:54.362296+01,gold_establishments_2025,,,,21160283400015,2025,Collectivité Territoriale,Commune,['Charente'],['Nouvelle-Aquitaine'],COM,{16},{75}
686a2189-11d4-4278-86ac-6a1a2890c738,218006393,Commune de Ronssoy (80),false,{80679},Commune,2026-03-24 14:42:09.967209+01,gold_establishments_2025,,,,21800639300019,2025,Collectivité Territoriale,Commune,['Somme'],['Hauts-de-France'],COM,{80},{32}
76411d8c-269f-422e-9242-c63a85dec6e4,216901702,Commune de Rontalon (69),false,{69170},Commune,2026-03-24 14:42:07.195692+01,gold_establishments_2025,,,,21690170200011,2025,Collectivité Territoriale,Commune,['Rhône'],['Auvergne-Rhône-Alpes'],COM,{69},{84}
64a6d28f-3aa3-4128-934e-0273e87e311d,216404673,Commune de Rontignon (64),false,{64467},Commune,2026-03-24 14:42:06.665412+01,gold_establishments_2025,,,,21640467300016,2025,Collectivité Territoriale,Commune,['Pyrénées-Atlantiques'],['Nouvelle-Aquitaine'],COM,{64},{75}
8fefaaca-a6b7-4d4a-9ece-f2fb858b6aab,215504390,Commune de Ronvaux (55),false,{55439},Commune,2026-03-24 14:42:03.701372+01,gold_establishments_2025,,,,21550439000018,2025,Collectivité Territoriale,Commune,['Meuse'],['Grand Est'],COM,{55},{44}
7d2ef7a2-c90b-49e1-972c-ab66000749a4,215905092,Commune de Roost-Warendin (59),false,{59509},Commune,2026-03-24 14:42:04.814328+01,gold_establishments_2025,,,,21590509200015,2025,Collectivité Territoriale,Commune,['Nord'],['Hauts-de-France'],COM,{59},{32}
41294ad9-3dee-41a7-b504-a6d68c5fc2f8,219000874,Commune de Roppe (90),false,{90087},Commune,2026-03-24 14:42:11.659493+01,gold_establishments_2025,,,,21900087400012,2025,Collectivité Territoriale,Commune,['Territoire de Belfort'],['Bourgogne-Franche-Comté'],COM,{90},{27}
131e1c00-5f2c-4ec9-802a-42634582fef6,216704098,Commune de Roppenheim (67),false,{67409},Commune,2026-03-24 14:42:07.195692+01,gold_establishments_2025,,,,21670409800013,2025,Collectivité Territoriale,Commune,['Bas-Rhin'],['Grand Est'],COM,{67},{44}
67a702fc-698d-4a0b-aefd-076e454d6b96,216802843,Commune de Roppentzwiller (68),false,{68284},Commune,2026-03-24 14:42:07.195692+01,gold_establishments_2025,,,,21680284300013,2025,Collectivité Territoriale,Commune,['Haut-Rhin'],['Grand Est'],COM,{68},{44}
173b48be-545d-41f8-aa1c-484359e8f3df,215705948,Commune de Roppeviller (57),false,{57594},Commune,2026-03-24 14:42:04.280096+01,gold_establishments_2025,,,,21570594800010,2025,Collectivité Territoriale,Commune,['Moselle'],['Grand Est'],COM,{57},{44}
0604e058-eaeb-4e81-aac6-137f18fec408,210601035,Commune de Roquebillière (06),false,{06103},Commune,2026-03-24 14:41:52.562531+01,gold_establishments_2025,,,,21060103500012,2025,Collectivité Territoriale,Commune,['Alpes-Maritimes'],"[""Provence-Alpes-Côte d'Azur""]",COM,{06},{93}
bfb087eb-b7f2-4282-bdd2-37af371647fa,213402324,Commune de Roquebrun (34),false,{34232},Commune,2026-03-24 14:41:58.620411+01,gold_establishments_2025,,,,21340232400015,2025,Collectivité Territoriale,Commune,['Hérault'],['Occitanie'],COM,{34},{76}
4c6101f1-2f4d-4256-b7cc-22beb0cb5cad,213203466,Commune de Roquebrune (32),false,{32346},Commune,2026-03-24 14:41:58.09424+01,gold_establishments_2025,,,,21320346600015,2025,Collectivité Territoriale,Commune,['Gers'],['Occitanie'],COM,{32},{76}
3a6675aa-5e75-48b8-92a7-be5ff854d395,213303597,Commune de Roquebrune (33),false,{33359},Commune,2026-03-24 14:41:58.620411+01,gold_establishments_2025,,,,21330359700016,2025,Collectivité Territoriale,Commune,['Gironde'],['Nouvelle-Aquitaine'],COM,{33},{75}
901f3826-4232-4aa1-ae1b-90628acb588a,210601043,Commune de Roquebrune-Cap-Martin (06),false,{06104},Commune,2026-03-24 14:41:52.562531+01,gold_establishments_2025,,,,21060104300016,2025,Collectivité Territoriale,Commune,['Alpes-Maritimes'],"[""Provence-Alpes-Côte d'Azur""]",COM,{06},{93}
17bcea87-6117-484f-b010-b861431030b4,218301075,Commune de Roquebrune-sur-Argens (83),false,{83107},Commune,2026-03-24 14:42:10.508772+01,gold_establishments_2025,,,,21830107500014,2025,Collectivité Territoriale,Commune,['Var'],"[""Provence-Alpes-Côte d'Azur""]",COM,{83},{93}
8e9cba64-93fa-4798-a93f-3a10e313bae2,218201515,Commune de Roquecor (82),false,{82151},Commune,2026-03-24 14:42:10.508772+01,gold_establishments_2025,,,,21820151500010,2025,Collectivité Territoriale,Commune,['Tarn-et-Garonne'],['Occitanie'],COM,{82},{76}
ad5135be-bfe2-4157-8441-e2d877a17986,218102275,Commune de Roquecourbe (81),false,{81227},Commune,2026-03-24 14:42:09.967209+01,gold_establishments_2025,,,,21810227500011,2025,Collectivité Territoriale,Commune,['Tarn'],['Occitanie'],COM,{81},{76}
8d436855-a7aa-46b5-ac2f-49268b99c786,211103189,Commune de Roquecourbe-Minervois (11),false,{11318},Commune,2026-03-24 14:41:53.63825+01,gold_establishments_2025,,,,21110318900018,2025,Collectivité Territoriale,Commune,['Aude'],['Occitanie'],COM,{11},{76}
4f7194d4-64bb-40ff-b2ce-b869b5de2e17,213002207,Commune de Roquedur (30),false,{30220},Commune,2026-03-24 14:41:57.56054+01,gold_establishments_2025,,,,21300220700016,2025,Collectivité Territoriale,Commune,['Gard'],['Occitanie'],COM,{30},{76}
9c138096-da8b-427c-96c2-ee4a9fa8f736,211103205,Commune de Roquefeuil (11),false,{11320},Commune,2026-03-24 14:41:53.63825+01,gold_establishments_2025,,,,21110320500012,2025,Collectivité Territoriale,Commune,['Aude'],['Occitanie'],COM,{11},{76}
1c7a4acb-6a4a-421a-8f1b-be3c87f9c474,210902490,Commune de Roquefixade (09),false,{09249},Commune,2026-03-24 14:41:53.095366+01,gold_establishments_2025,,,,21090249000015,2025,Collectivité Territoriale,Commune,['Ariège'],['Occitanie'],COM,{09},{76}
823a0cd0-85a4-4dc0-a5c9-5f77568b7eea,213203474,Commune de Roquefort (32),false,{32347},Commune,2026-03-24 14:41:58.09424+01,gold_establishments_2025,,,,21320347400019,2025,Collectivité Territoriale,Commune,['Gers'],['Occitanie'],COM,{32},{76}
86409668-01d4-47f0-b885-c4ef9b820eff,214002453,Commune de Roquefort (40),false,{40245},Commune,2026-03-24 14:41:59.705606+01,gold_establishments_2025,,,,21400245300014,2025,Collectivité Territoriale,Commune,['Landes'],['Nouvelle-Aquitaine'],COM,{40},{75}
c2cdd40a-d8d6-4bc9-b060-c158d15e1a5b,214702250,Commune de Roquefort (47),false,{47225},Commune,2026-03-24 14:42:00.862623+01,gold_establishments_2025,,,,21470225000017,2025,Collectivité Territoriale,Commune,['Lot-et-Garonne'],['Nouvelle-Aquitaine'],COM,{47},{75}
de9d969b-cbb5-4da9-9683-3c59fc656726,211103213,Commune de Roquefort-de-Sault (11),false,{11321},Commune,2026-03-24 14:41:53.63825+01,gold_establishments_2025,,,,21110321300016,2025,Collectivité Territoriale,Commune,['Aude'],['Occitanie'],COM,{11},{76}
246d76dd-a424-484b-95da-29fbf22562ce,211103221,Commune de Roquefort-des-Corbières (11),false,{11322},Commune,2026-03-24 14:41:53.63825+01,gold_establishments_2025,,,,21110322100019,2025,Collectivité Territoriale,Commune,['Aude'],['Occitanie'],COM,{11},{76}
670dd0e2-78ca-42cc-bc3b-da539deb9ad8,211300850,Commune de Roquefort-la-Bédoule (13),false,{13085},Commune,2026-03-24 14:41:53.63825+01,gold_establishments_2025,,,,21130085000016,2025,Collectivité Territoriale,Commune,['Bouches-du-Rhône'],"[""Provence-Alpes-Côte d'Azur""]",COM,{13},{93}
c4abd8ba-6e4c-4d4a-abda-8218e88a94e6,210902508,Commune de Roquefort-les-Cascades (09),false,{09250},Commune,2026-03-24 14:41:53.095366+01,gold_establishments_2025,,,,21090250800014,2025,Collectivité Territoriale,Commune,['Ariège'],['Occitanie'],COM,{09},{76}
167c63fe-c10b-4f26-ba64-69038e2d7d3a,210601050,Commune de Roquefort-les-Pins (06),false,{06105},Commune,2026-03-24 14:41:52.562531+01,gold_establishments_2025,,,,21060105000011,2025,Collectivité Territoriale,Commune,['Alpes-Maritimes'],"[""Provence-Alpes-Côte d'Azur""]",COM,{06},{93}
ae624130-feb8-4976-bc18-28cf53f24a2a,213104573,Commune de Roquefort-sur-Garonne (31),false,{31457},Commune,2026-03-24 14:41:58.09424+01,gold_establishments_2025,,,,21310457300018,2025,Collectivité Territoriale,Commune,['Haute-Garonne'],['Occitanie'],COM,{31},{76}
45d7179d-f865-4d25-8976-cfe36b7abf36,211202031,Commune de Roquefort-sur-Soulzon (12),false,{12203},Commune,2026-03-24 14:41:53.63825+01,gold_establishments_2025,,,,21120203100012,2025,Collectivité Territoriale,Commune,['Aveyron'],['Occitanie'],COM,{12},{76}
48070995-528d-42a1-abd2-d75ed013a11a,211103197,Commune de Roquefère (11),false,{11319},Commune,2026-03-24 14:41:53.63825+01,gold_establishments_2025,,,,21110319700011,2025,Collectivité Territoriale,Commune,['Aude'],['Occitanie'],COM,{11},{76}
0adbce63-a403-4cdd-8fb4-52f71188b5de,213203482,Commune de Roquelaure (32),false,{32348},Commune,2026-03-24 14:41:58.09424+01,gold_establishments_2025,,,,21320348200012,2025,Collectivité Territoriale,Commune,['Gers'],['Occitanie'],COM,{32},{76}
2f06ffd6-1bb3-4aad-90b5-04b3257a1497,213203490,Commune de Roquelaure-Saint-Aubin (32),false,{32349},Commune,2026-03-24 14:41:58.09424+01,gold_establishments_2025,,,,21320349000015,2025,Collectivité Territoriale,Commune,['Gers'],['Occitanie'],COM,{32},{76}
606b1c29-8b23-48ca-ac7e-f79380ed3b2b,213002215,Commune de Roquemaure (30),false,{30221},Commune,2026-03-24 14:41:57.56054+01,gold_establishments_2025,,,,21300221500019,2025,Collectivité Territoriale,Commune,['Gard'],['Occitanie'],COM,{30},{76}
65e65c57-f21d-4b4b-a817-9ce7797647b4,218102283,Commune de Roquemaure (81),false,{81228},Commune,2026-03-24 14:42:09.967209+01,gold_establishments_2025,,,,21810228300015,2025,Collectivité Territoriale,Commune,['Tarn'],['Occitanie'],COM,{81},{76}
f18245dd-964b-4b9e-9980-77840aa8d0c8,213203508,Commune de Roquepine (32),false,{32350},Commune,2026-03-24 14:41:58.09424+01,gold_establishments_2025,,,,21320350800014,2025,Collectivité Territoriale,Commune,['Gers'],['Occitanie'],COM,{32},{76}
1f8f79a8-12aa-479d-9211-4882034bcfb6,213402332,Commune de Roqueredonde (34),false,{34233},Commune,2026-03-24 14:41:58.620411+01,gold_establishments_2025,,,,21340233200018,2025,Collectivité Territoriale,Commune,['Hérault'],['Occitanie'],COM,{34},{76}
e0c6089a-4504-4099-8653-664e6b8b361a,213104581,Commune de Roques (31),false,{31458},Commune,2026-03-24 14:41:58.09424+01,gold_establishments_2025,,,,21310458100011,2025,Collectivité Territoriale,Commune,['Haute-Garonne'],['Occitanie'],COM,{31},{76}
fb8d666b-4e2d-468d-8561-c85d89a5e1c9,213203516,Commune de Roques (32),false,{32351},Commune,2026-03-24 14:41:58.09424+01,gold_establishments_2025,,,,21320351600017,2025,Collectivité Territoriale,Commune,['Gers'],['Occitanie'],COM,{32},{76}
f35d8dfc-22df-45bb-b8d5-e4bf7b748226,213402340,Commune de Roquessels (34),false,{34234},Commune,2026-03-24 14:41:58.620411+01,gold_establishments_2025,,,,21340234000011,2025,Collectivité Territoriale,Commune,['Hérault'],['Occitanie'],COM,{34},{76}
4e9e02a6-4122-4c2c-b225-f58c35d0571a,210601068,Commune de Roquestéron (06),false,{06106},Commune,2026-03-24 14:41:52.562531+01,gold_establishments_2025,,,,21060106800013,2025,Collectivité Territoriale,Commune,['Alpes-Maritimes'],"[""Provence-Alpes-Côte d'Azur""]",COM,{06},{93}
f748aa89-56ed-451f-ade4-7020998765fb,213104599,Commune de Roquesérière (31),false,{31459},Commune,2026-03-24 14:41:58.09424+01,gold_establishments_2025,,,,21310459900013,2025,Collectivité Territoriale,Commune,['Haute-Garonne'],['Occitanie'],COM,{31},{76}
0fc00573-712d-44ec-a9fd-b1dc73138867,200085561,Commune de Roquetaillade-et-Conilhac (11),false,{11323},Commune,2026-03-24 14:41:53.63825+01,gold_establishments_2025,,,,20008556100013,2025,Collectivité Territoriale,Commune,['Aude'],['Occitanie'],COM,{11},{76}
c8f99e27-b470-4233-8986-71be3c10c29f,216207217,Commune de Roquetoire (62),false,{62721},Commune,2026-03-24 14:42:06.130387+01,gold_establishments_2025,,,,21620721700011,2025,Collectivité Territoriale,Commune,['Pas-de-Calais'],['Hauts-de-France'],COM,{62},{32}
ac09b892-71a3-4e25-a22d-b45f82911d8c,213104607,Commune de Roquettes (31),false,{31460},Commune,2026-03-24 14:41:58.09424+01,gold_establishments_2025,,,,21310460700014,2025,Collectivité Territoriale,Commune,['Haute-Garonne'],['Occitanie'],COM,{31},{76}
e2cbfbc7-e822-4ecc-93c1-f2d0100a2d19,211300868,Commune de Roquevaire (13),false,{13086},Commune,2026-03-24 14:41:53.63825+01,gold_establishments_2025,,,,21130086800018,2025,Collectivité Territoriale,Commune,['Bouches-du-Rhône'],"[""Provence-Alpes-Côte d'Azur""]",COM,{13},{93}
f092035d-a7d7-4831-8ee3-0c2153b81243,218102291,Commune de Roquevidal (81),false,{81229},Commune,2026-03-24 14:42:09.967209+01,gold_establishments_2025,,,,21810229100018,2025,Collectivité Territoriale,Commune,['Tarn'],['Occitanie'],COM,{81},{76}
d580f555-2ed3-47d3-9f59-846174da3803,216404681,Commune de Roquiague (64),false,{64468},Commune,2026-03-24 14:42:06.665412+01,gold_establishments_2025,,,,21640468100019,2025,Collectivité Territoriale,Commune,['Pyrénées-Atlantiques'],['Nouvelle-Aquitaine'],COM,{64},{75}
5d71a996-9f9e-43e6-b491-c573970eb100,215705955,Commune de Rorbach-lès-Dieuze (57),false,{57595},Commune,2026-03-24 14:42:04.280096+01,gold_establishments_2025,,,,21570595500015,2025,Collectivité Territoriale,Commune,['Moselle'],['Grand Est'],COM,{57},{44}
462e7976-8104-4417-8e03-e4cdd2945347,216802850,Commune de Rorschwihr (68),false,{68285},Commune,2026-03-24 14:42:07.195692+01,gold_establishments_2025,,,,21680285000018,2025,Collectivité Territoriale,Commune,['Haut-Rhin'],['Grand Est'],COM,{68},{44}
4b1c7260-0927-4c5c-b16c-93c936adb3ce,210501268,Commune de Rosans (05),false,{05126},Commune,2026-03-24 14:41:52.562531+01,gold_establishments_2025,,,,21050126800010,2025,Collectivité Territoriale,Commune,['Hautes-Alpes'],"[""Provence-Alpes-Côte d'Azur""]",COM,{05},{93}
2df8be56-1825-4e8a-8c27-529bde702be0,213904667,Commune de Rosay (39),false,{39466},Commune,2026-03-24 14:41:59.705606+01,gold_establishments_2025,,,,21390466700010,2025,Collectivité Territoriale,Commune,['Jura'],['Bourgogne-Franche-Comté'],COM,{39},{27}
a8fe336f-7a55-40d3-925c-db95641e25e2,217605385,Commune de Rosay (76),false,{76538},Commune,2026-03-24 14:42:08.818969+01,gold_establishments_2025,,,,21760538500012,2025,Collectivité Territoriale,Commune,['Seine-Maritime'],['Normandie'],COM,{76},{28}
bebdb4f9-3139-4e3d-82ff-27aeb01e9e96,217805308,Commune de Rosay (78),false,{78530},Commune,2026-03-24 14:42:09.43682+01,gold_establishments_2025,,,,21780530800012,2025,Collectivité Territoriale,Commune,['Yvelines'],['Île-de-France'],COM,{78},{11}
cc803faa-8124-4d6c-bbcc-94480838c6f0,212704969,Commune de Rosay-sur-Lieure (27),false,{27496},Commune,2026-03-24 14:41:57.028721+01,gold_establishments_2025,,,,21270496900014,2025,Collectivité Territoriale,Commune,['Eure'],['Normandie'],COM,{27},{28}
4925097f-6848-4a8f-b8dc-9f466b72679f,212002620,Commune de Rosazia (2A),false,{2A262},Commune,2026-03-24 14:41:57.56054+01,gold_establishments_2025,,,,21200262000012,2025,Collectivité Territoriale,Commune,['Corse-du-Sud'],['Corse'],COM,{2A},{94}
f75be115-1986-4fdf-8b49-68bb69f0dbce,215705963,Commune de Rosbruck (57),false,{57596},Commune,2026-03-24 14:42:04.280096+01,gold_establishments_2025,,,,21570596300019,2025,Collectivité Territoriale,Commune,['Moselle'],['Grand Est'],COM,{57},{44}
223e5b5a-5900-4bf4-924c-32796aecd3ab,212902381,Commune de Roscanvel (29),false,{29238},Commune,2026-03-24 14:41:57.56054+01,gold_establishments_2025,,,,21290238100012,2025,Collectivité Territoriale,Commune,['Finistère'],['Bretagne'],COM,{29},{53}
9c78594c-0d4c-4da4-8548-678f93334513,212902399,Commune de Roscoff (29),false,{29239},Commune,2026-03-24 14:41:57.56054+01,gold_establishments_2025,,,,21290239900014,2025,Collectivité Territoriale,Commune,['Finistère'],['Bretagne'],COM,{29},{53}
9970c811-afdf-4273-b7e8-a19d17aeb7e8,211405428,Commune de Rosel (14),false,{14542},Commune,2026-03-24 14:41:54.362296+01,gold_establishments_2025,,,,21140542800015,2025,Collectivité Territoriale,Commune,['Calvados'],['Normandie'],COM,{14},{28}
a70e4249-315d-4915-bbb0-1a2e35c089a7,216802868,Commune de Rosenau (68),false,{68286},Commune,2026-03-24 14:42:07.195692+01,gold_establishments_2025,,,,21680286800010,2025,Collectivité Territoriale,Commune,['Haut-Rhin'],['Grand Est'],COM,{68},{44}
1d68ed75-38d3-4f78-9110-f40a17bf88ac,216704106,Commune de Rosenwiller (67),false,{67410},Commune,2026-03-24 14:42:07.195692+01,gold_establishments_2025,,,,21670410600014,2025,Collectivité Territoriale,Commune,['Bas-Rhin'],['Grand Est'],COM,{67},{44}
e3d26360-9a10-4940-84ca-1e8df6950509,212505028,Commune de Roset-Fluans (25),false,{25502},Commune,2026-03-24 14:41:56.495197+01,gold_establishments_2025,,,,21250502800010,2025,Collectivité Territoriale,Commune,['Doubs'],['Bourgogne-Franche-Comté'],COM,{25},{27}
08001575-fa0e-4635-8c11-2cb9ac48b92f,217004522,Commune de Rosey (70),false,{70452},Commune,2026-03-24 14:42:07.735343+01,gold_establishments_2025,,,,21700452200017,2025,Collectivité Territoriale,Commune,['Haute-Saône'],['Bourgogne-Franche-Comté'],COM,{70},{27}
d1a1b4bf-5905-4b7c-a6db-119d4175cb06,217103746,Commune de Rosey (71),false,{71374},Commune,2026-03-24 14:42:07.735343+01,gold_establishments_2025,,,,21710374600012,2025,Collectivité Territoriale,Commune,['Saône-et-Loire'],['Bourgogne-Franche-Comté'],COM,{71},{27}
ad33cf92-2cbf-469b-9d1e-e52f59730461,216704114,Commune de Rosheim (67),false,{67411},Commune,2026-03-24 14:42:07.195692+01,gold_establishments_2025,,,,21670411400018,2025,Collectivité Territoriale,Commune,['Bas-Rhin'],['Grand Est'],COM,{67},{44}
3f72be5d-be9d-4ce6-97e8-bec150bae903,211917604,Commune de Rosiers-d'Égletons (19),false,{19176},Commune,2026-03-24 14:41:54.903238+01,gold_establishments_2025,,,,21191760400012,2025,Collectivité Territoriale,Commune,['Corrèze'],['Nouvelle-Aquitaine'],COM,{19},{75}
2a2e67ae-0e57-4940-b2b6-5c57ce1949b1,211917703,Commune de Rosiers-de-Juillac (19),false,{19177},Commune,2026-03-24 14:41:54.903238+01,gold_establishments_2025,,,,21191770300012,2025,Collectivité Territoriale,Commune,['Corrèze'],['Nouvelle-Aquitaine'],COM,{19},{75}
6191f099-04fe-4385-b100-437e0065e661,213402357,Commune de Rosis (34),false,{34235},Commune,2026-03-24 14:41:58.620411+01,gold_establishments_2025,,,,21340235700015,2025,Collectivité Territoriale,Commune,['Hérault'],['Occitanie'],COM,{34},{76}
0bc86664-ac1e-400b-bc6a-c4157dea4397,210701991,Commune de Rosières (07),false,{07199},Commune,2026-03-24 14:41:52.562531+01,gold_establishments_2025,,,,21070199100064,2025,Collectivité Territoriale,Commune,['Ardèche'],['Auvergne-Rhône-Alpes'],COM,{07},{84}
7e5273cf-1313-420c-a01d-20921e416f94,214301657,Commune de Rosières (43),false,{43165},Commune,2026-03-24 14:42:00.273698+01,gold_establishments_2025,,,,21430165700018,2025,Collectivité Territoriale,Commune,['Haute-Loire'],['Auvergne-Rhône-Alpes'],COM,{43},{84}
5bdd8adb-d20e-48c2-955a-2e3ab597aab6,216005405,Commune de Rosières (60),false,{60546},Commune,2026-03-24 14:42:04.814328+01,gold_establishments_2025,,,,21600540500016,2025,Collectivité Territoriale,Commune,['Oise'],['Hauts-de-France'],COM,{60},{32}
bbf57a1e-239c-471f-bb4e-1d736e3b7a50,218102309,Commune de Rosières (81),false,{81230},Commune,2026-03-24 14:42:09.967209+01,gold_establishments_2025,,,,21810230900018,2025,Collectivité Territoriale,Commune,['Tarn'],['Occitanie'],COM,{81},{76}
bbf2a376-8042-47f6-bf21-014eb98db45f,215404625,Commune de Rosières-aux-Salines (54),false,{54462},Commune,2026-03-24 14:42:02.957225+01,gold_establishments_2025,,,,21540462500018,2025,Collectivité Territoriale,Commune,['Meurthe-et-Moselle'],['Grand Est'],COM,{54},{44}
525ec91b-15d0-4fe3-9b3a-f159c72393eb,215404633,Commune de Rosières-en-Haye (54),false,{54463},Commune,2026-03-24 14:42:02.957225+01,gold_establishments_2025,,,,21540463300012,2025,Collectivité Territoriale,Commune,['Meurthe-et-Moselle'],['Grand Est'],COM,{54},{44}
255e35c2-4c24-4e6f-9ed4-5bee019b5c03,218006401,Commune de Rosières-en-Santerre (80),false,{80680},Commune,2026-03-24 14:42:09.967209+01,gold_establishments_2025,,,,21800640100010,2025,Collectivité Territoriale,Commune,['Somme'],['Hauts-de-France'],COM,{80},{32}
262e3117-318b-434d-a6a4-579664b1c480,211003140,Commune de Rosières-près-Troyes (10),false,{10325},Commune,2026-03-24 14:41:53.095366+01,gold_establishments_2025,,,,21100314000012,2025,Collectivité Territoriale,Commune,['Aube'],['Grand Est'],COM,{10},{44}
178c7333-c066-41c9-96af-87cc4d091cc0,212505036,Commune de Rosières-sur-Barbèche (25),false,{25503},Commune,2026-03-24 14:41:56.495197+01,gold_establishments_2025,,,,21250503600013,2025,Collectivité Territoriale,Commune,['Doubs'],['Bourgogne-Franche-Comté'],COM,{25},{27}
618fe3f1-6bfc-4f9e-a85b-26528a173a13,217004548,Commune de Rosières-sur-Mance (70),false,{70454},Commune,2026-03-24 14:42:07.735343+01,gold_establishments_2025,,,,21700454800012,2025,Collectivité Territoriale,Commune,['Haute-Saône'],['Bourgogne-Franche-Comté'],COM,{70},{27}
15bf11f1-c171-4b33-bbaf-c208b93411f3,213601735,Commune de Rosnay (36),false,{36173},Commune,2026-03-24 14:41:59.160244+01,gold_establishments_2025,,,,21360173500011,2025,Collectivité Territoriale,Commune,['Indre'],['Centre-Val de Loire'],COM,{36},{24}
60fb59b5-9671-4efe-9cd0-467564a0ca19,215104332,Commune de Rosnay (51),false,{51468},Commune,2026-03-24 14:42:01.954481+01,gold_establishments_2025,,,,21510433200014,2025,Collectivité Territoriale,Commune,['Marne'],['Grand Est'],COM,{51},{44}
54b15228-3e97-44c7-aa32-b8775b2c029d,218501930,Commune de Rosnay (85),false,{85193},Commune,2026-03-24 14:42:10.508772+01,gold_establishments_2025,,,,21850193000018,2025,Collectivité Territoriale,Commune,['Vendée'],['Pays de la Loire'],COM,{85},{52}
f56a77f3-d08a-422f-99bf-f6119ea3a89f,211003157,Commune de Rosnay-l'Hôpital (10),false,{10326},Commune,2026-03-24 14:41:53.095366+01,gold_establishments_2025,,,,21100315700016,2025,Collectivité Territoriale,Commune,['Aube'],['Grand Est'],COM,{10},{44}
45c96771-4c25-4e4a-b9af-8df4e4e92c08,212902407,Commune de Rosnoën (29),false,{29240},Commune,2026-03-24 14:41:57.56054+01,gold_establishments_2025,,,,21290240700015,2025,Collectivité Territoriale,Commune,['Finistère'],['Bretagne'],COM,{29},{53}
e8db42d5-f746-475d-a8a5-abe5d1aeb9d6,219300647,Commune de Rosny-sous-Bois (93),false,{93064},Commune,2026-03-24 14:42:11.659493+01,gold_establishments_2025,,,,21930064700019,2025,Collectivité Territoriale,Commune,['Seine-Saint-Denis'],['Île-de-France'],COM,{93},{11}
de4e9036-b3a2-4dac-a7c5-84325207f0da,217805316,Commune de Rosny-sur-Seine (78),false,{78531},Commune,2026-03-24 14:42:09.43682+01,gold_establishments_2025,,,,21780531600015,2025,Collectivité Territoriale,Commune,['Yvelines'],['Île-de-France'],COM,{78},{11}
4f688eaa-d352-48e3-97b0-70ddda852a04,216005413,Commune de Rosoy (60),false,{60547},Commune,2026-03-24 14:42:04.814328+01,gold_establishments_2025,,,,21600541300010,2025,Collectivité Territoriale,Commune,['Oise'],['Hauts-de-France'],COM,{60},{32}
10d67cb1-139e-4e2e-94d7-6144e384fe2c,218903268,Commune de Rosoy (89),false,{89326},Commune,2026-03-24 14:42:11.659493+01,gold_establishments_2025,,,,21890326800017,2025,Collectivité Territoriale,Commune,['Yonne'],['Bourgogne-Franche-Comté'],COM,{89},{27}
37b8befc-20c6-4f6d-9ff5-4553b7172ebe,216005421,Commune de Rosoy-en-Multien (60),false,{60548},Commune,2026-03-24 14:42:04.814328+01,gold_establishments_2025,,,,21600542100013,2025,Collectivité Territoriale,Commune,['Oise'],['Hauts-de-France'],COM,{60},{32}
8b08e328-0db9-40f9-8483-3d95f1fe8b0a,212202659,Commune de Rospez (22),false,{22265},Commune,2026-03-24 14:41:55.958138+01,gold_establishments_2025,,,,21220265900018,2025,Collectivité Territoriale,Commune,"[""Côtes-d'Armor""]",['Bretagne'],COM,{22},{53}
a375989f-a736-4bbd-ad6c-b696c18f929f,212002638,Commune de Rospigliani (2B),false,{2B263},Commune,2026-03-24 14:41:57.56054+01,gold_establishments_2025,,,,21200263800014,2025,Collectivité Territoriale,Commune,['Haute-Corse'],['Corse'],COM,{2B},{94}
85be2cea-38b6-4a31-83b8-40a13fc47ac0,212902415,Commune de Rosporden (29),false,{29241},Commune,2026-03-24 14:41:57.56054+01,gold_establishments_2025,,,,21290241500208,2025,Collectivité Territoriale,Commune,['Finistère'],['Bretagne'],COM,{29},{53}
fee6945a-377e-4206-a94b-d824349ea037,215705971,Commune de Rosselange (57),false,{57597},Commune,2026-03-24 14:42:04.280096+01,gold_establishments_2025,,,,21570597100012,2025,Collectivité Territoriale,Commune,['Moselle'],['Grand Est'],COM,{57},{44}
09bdecb9-0236-4b38-92bb-f3082eeb16e7,216704122,Commune de Rossfeld (67),false,{67412},Commune,2026-03-24 14:42:07.195692+01,gold_establishments_2025,,,,21670412200011,2025,Collectivité Territoriale,Commune,['Bas-Rhin'],['Grand Est'],COM,{67},{44}
442d50b0-9fdf-492d-beef-b5bcb8c389be,210103297,Commune de Rossillon (01),false,{01329},Commune,2026-03-24 14:41:51.447482+01,gold_establishments_2025,,,,21010329700011,2025,Collectivité Territoriale,Commune,['Ain'],['Auvergne-Rhône-Alpes'],COM,{01},{84}
48168891-c4a8-4ffe-9e78-b80d4463a519,216704130,Commune de Rosteig (67),false,{67413},Commune,2026-03-24 14:42:07.195692+01,gold_establishments_2025,,,,21670413000048,2025,Collectivité Territoriale,Commune,['Bas-Rhin'],['Grand Est'],COM,{67},{44}
c61c7dfd-3d3f-4470-afc3-46e3fbf4ee6f,212202667,Commune de Rostrenen (22),false,{22266},Commune,2026-03-24 14:41:55.958138+01,gold_establishments_2025,,,,21220266700110,2025,Collectivité Territoriale,Commune,"[""Côtes-d'Armor""]",['Bretagne'],COM,{22},{53}
ef18b5eb-bb3f-4f1f-a61e-fe4a9cedacec,215905118,Commune de Rosult (59),false,{59511},Commune,2026-03-24 14:42:04.814328+01,gold_establishments_2025,,,,21590511800018,2025,Collectivité Territoriale,Commune,['Nord'],['Hauts-de-France'],COM,{59},{32}
d110483a-9018-40bb-8ff5-1ff0990b6149,212505044,Commune de Rosureux (25),false,{25504},Commune,2026-03-24 14:41:56.495197+01,gold_establishments_2025,,,,21250504400017,2025,Collectivité Territoriale,Commune,['Doubs'],['Bourgogne-Franche-Comté'],COM,{25},{27}
5ec6527a-12ec-41e0-8b78-8d8716dbed07,213904675,Commune de Rotalier (39),false,{39467},Commune,2026-03-24 14:41:59.705606+01,gold_establishments_2025,,,,21390467500013,2025,Collectivité Territoriale,Commune,['Jura'],['Bourgogne-Franche-Comté'],COM,{39},{27}
874e721c-1a16-4b8c-99eb-5e80a76fe892,216005439,Commune de Rotangy (60),false,{60549},Commune,2026-03-24 14:42:04.814328+01,gold_establishments_2025,,,,21600543900015,2025,Collectivité Territoriale,Commune,['Oise'],['Hauts-de-France'],COM,{60},{32}
212f184e-63f8-4f4c-b727-9a5d215f4141,216704148,Commune de Rothau (67),false,{67414},Commune,2026-03-24 14:42:07.195692+01,gold_establishments_2025,,,,21670414800016,2025,Collectivité Territoriale,Commune,['Bas-Rhin'],['Grand Est'],COM,{67},{44}
9b8bf269-2f40-44d7-ab3c-61998d4bf56d,216704155,Commune de Rothbach (67),false,{67415},Commune,2026-03-24 14:42:07.195692+01,gold_establishments_2025,,,,21670415500011,2025,Collectivité Territoriale,Commune,['Bas-Rhin'],['Grand Est'],COM,{67},{44}
2d9728bb-421b-4d6d-ae13-186f8f0576be,217302173,Commune de Rotherens (73),false,{73217},Commune,2026-03-24 14:42:08.279287+01,gold_establishments_2025,,,,21730217300018,2025,Collectivité Territoriale,Commune,['Savoie'],['Auvergne-Rhône-Alpes'],COM,{73},{84}
089e74c2-7b77-4da1-8318-46a8142cf6d1,216005447,Commune de Rothois (60),false,{60550},Commune,2026-03-24 14:42:04.814328+01,gold_establishments_2025,,,,21600544700018,2025,Collectivité Territoriale,Commune,['Oise'],['Hauts-de-France'],COM,{60},{32}
7874672b-b3f6-47d5-a3d6-4a0770f158ef,213904683,Commune de Rothonay (39),false,{39468},Commune,2026-03-24 14:41:59.705606+01,gold_establishments_2025,,,,21390468300017,2025,Collectivité Territoriale,Commune,['Jura'],['Bourgogne-Franche-Comté'],COM,{39},{27}
a2ff826a-ac11-4ca3-ace8-5d312b9035b7,200060481,Commune de Rots (14),false,{14543},Commune,2026-03-24 14:41:54.362296+01,gold_establishments_2025,,,,20006048100013,2025,Collectivité Territoriale,Commune,['Calvados'],['Normandie'],COM,{14},{28}
0bae4fa0-b14b-43b9-adcc-aceb3d77ce6b,216704163,Commune de Rott (67),false,{67416},Commune,2026-03-24 14:42:07.195692+01,gold_establishments_2025,,,,21670416300015,2025,Collectivité Territoriale,Commune,['Bas-Rhin'],['Grand Est'],COM,{67},{44}
f5689cc5-a0ef-4df4-80bf-1c211cd9d8b1,216704171,Commune de Rottelsheim (67),false,{67417},Commune,2026-03-24 14:42:07.195692+01,gold_establishments_2025,,,,21670417100018,2025,Collectivité Territoriale,Commune,['Bas-Rhin'],['Grand Est'],COM,{67},{44}
6196489e-4ee4-45f8-a6c1-701a0c6432d0,212602833,Commune de Rottier (26),false,{26283},Commune,2026-03-24 14:41:56.495197+01,gold_establishments_2025,,,,21260283300015,2025,Collectivité Territoriale,Commune,['Drôme'],['Auvergne-Rhône-Alpes'],COM,{26},{84}
6f9aefda-6473-4fe0-8757-1c497ebdd483,214902629,Commune de Rou-Marson (49),false,{49262},Commune,2026-03-24 14:42:01.412377+01,gold_establishments_2025,,,,21490262900010,2025,Collectivité Territoriale,Commune,['Maine-et-Loire'],['Pays de la Loire'],COM,{49},{52}
30559bf4-1682-4ec3-a485-7709771d4e7d,218102317,Commune de Rouairoux (81),false,{81231},Commune,2026-03-24 14:42:09.967209+01,gold_establishments_2025,,,,21810231700011,2025,Collectivité Territoriale,Commune,['Tarn'],['Occitanie'],COM,{81},{76}
ddd39804-8fd8-4603-91a6-053bf4ccb299,214401457,Commune de Rouans (44),false,{44145},Commune,2026-03-24 14:42:00.273698+01,gold_establishments_2025,,,,21440145700012,2025,Collectivité Territoriale,Commune,['Loire-Atlantique'],['Pays de la Loire'],COM,{44},{52}
3ff87ff4-79ab-4c96-bb09-a5125186a57c,215905126,Commune de Roubaix (59),false,{59512},Commune,2026-03-24 14:42:04.814328+01,gold_establishments_2025,,,,21590512600011,2025,Collectivité Territoriale,Commune,['Nord'],['Hauts-de-France'],COM,{59},{32}
248f5161-0993-4de2-8dea-373aa5136ff6,211103247,Commune de Roubia (11),false,{11324},Commune,2026-03-24 14:41:53.63825+01,gold_establishments_2025,,,,21110324700014,2025,Collectivité Territoriale,Commune,['Aude'],['Occitanie'],COM,{11},{76}
d1416ab5-9b23-45aa-a090-5f6e0d9519db,210601100,Commune de Roubion (06),false,{06110},Commune,2026-03-24 14:41:52.562531+01,gold_establishments_2025,,,,21060110000014,2025,Collectivité Territoriale,Commune,['Alpes-Maritimes'],"[""Provence-Alpes-Côte d'Azur""]",COM,{06},{93}
606c69ee-fd63-405b-bf9c-b1c15b9b5613,215905134,Commune de Roucourt (59),false,{59513},Commune,2026-03-24 14:42:04.814328+01,gold_establishments_2025,,,,21590513400015,2025,Collectivité Territoriale,Commune,['Nord'],['Hauts-de-France'],COM,{59},{32}
245a4c35-5594-427d-bd3f-5963a900e5b0,210206314,Commune de Roucy (02),false,{02656},Commune,2026-03-24 14:41:52.020251+01,gold_establishments_2025,,,,21020631400010,2025,Collectivité Territoriale,Commune,['Aisne'],['Hauts-de-France'],COM,{02},{32}
6bc64fd8-7db4-4d5f-a771-2539eef451f8,215601998,Commune de Roudouallec (56),false,{56199},Commune,2026-03-24 14:42:03.701372+01,gold_establishments_2025,,,,21560199800010,2025,Collectivité Territoriale,Commune,['Morbihan'],['Bretagne'],COM,{56},{53}
b6d48c3e-7f69-4ead-a503-8ed327a40118,215203134,Commune de Rouelles (52),false,{52437},Commune,2026-03-24 14:42:01.954481+01,gold_establishments_2025,,,,21520313400014,2025,Collectivité Territoriale,Commune,['Haute-Marne'],['Grand Est'],COM,{52},{44}
de81e6d8-acaa-404a-b151-95c1fb941ac6,217605401,Commune de Rouen (76),false,{76540},Commune,2026-03-24 14:42:08.818969+01,gold_establishments_2025,,,,21760540100017,2025,Collectivité Territoriale,Commune,['Seine-Maritime'],['Normandie'],COM,{76},{28}
a5dbf1c2-13a4-4b5a-9ce2-6cc78accdf63,217202548,Commune de Rouessé-Fontaine (72),false,{72254},Commune,2026-03-24 14:42:08.279287+01,gold_establishments_2025,,,,21720254800012,2025,Collectivité Territoriale,Commune,['Sarthe'],['Pays de la Loire'],COM,{72},{52}
97a7e08e-e9d0-427c-9dde-d7d7180986b7,217202555,Commune de Rouessé-Vassé (72),false,{72255},Commune,2026-03-24 14:42:08.279287+01,gold_establishments_2025,,,,21720255500017,2025,Collectivité Territoriale,Commune,['Sarthe'],['Pays de la Loire'],COM,{72},{52}
d21900cf-bc41-4de5-beed-7011b2c6f861,213402365,Commune de Rouet (34),false,{34236},Commune,2026-03-24 14:41:58.620411+01,gold_establishments_2025,,,,21340236500018,2025,Collectivité Territoriale,Commune,['Hérault'],['Occitanie'],COM,{34},{76}
9ee0e1d0-1171-4e4d-814c-dba5c3843bd1,217202563,Commune de Rouez (72),false,{72256},Commune,2026-03-24 14:42:08.279287+01,gold_establishments_2025,,,,21720256300011,2025,Collectivité Territoriale,Commune,['Sarthe'],['Pays de la Loire'],COM,{72},{52}
3ca76f8c-eb9b-4b43-afee-7eb00ff67f65,216802876,Commune de Rouffach (68),false,{68287},Commune,2026-03-24 14:42:07.195692+01,gold_establishments_2025,,,,21680287600013,2025,Collectivité Territoriale,Commune,['Haut-Rhin'],['Grand Est'],COM,{68},{44}
1121aa48-fa27-4e50-b7c7-de5efa48753f,213904691,Commune de Rouffange (39),false,{39469},Commune,2026-03-24 14:41:59.705606+01,gold_establishments_2025,,,,21390469100010,2025,Collectivité Territoriale,Commune,['Jura'],['Bourgogne-Franche-Comté'],COM,{39},{27}
b32287f6-f81a-406b-a3ed-34c4bafdae9f,211501655,Commune de Rouffiac (15),false,{15165},Commune,2026-03-24 14:41:54.362296+01,gold_establishments_2025,,,,21150165500016,2025,Collectivité Territoriale,Commune,['Cantal'],['Auvergne-Rhône-Alpes'],COM,{15},{84}
003967a1-8ddb-4981-bc7d-df88f917e00e,211602842,Commune de Rouffiac (16),false,{16284},Commune,2026-03-24 14:41:54.362296+01,gold_establishments_2025,,,,21160284200018,2025,Collectivité Territoriale,Commune,['Charente'],['Nouvelle-Aquitaine'],COM,{16},{75}
a16166a1-470c-4a78-a939-dc8a1d27b970,211703046,Commune de Rouffiac (17),false,{17304},Commune,2026-03-24 14:41:54.903238+01,gold_establishments_2025,,,,21170304600014,2025,Collectivité Territoriale,Commune,['Charente-Maritime'],['Nouvelle-Aquitaine'],COM,{17},{75}
d1e733ed-fcb1-46f9-8894-6ca57e4a8c36,218102325,Commune de Rouffiac (81),false,{81232},Commune,2026-03-24 14:42:09.967209+01,gold_establishments_2025,,,,21810232500014,2025,Collectivité Territoriale,Commune,['Tarn'],['Occitanie'],COM,{81},{76}
ce5e5c41-70fe-41de-bd83-cb3640b57388,213104623,Commune de Rouffiac-Tolosan (31),false,{31462},Commune,2026-03-24 14:41:58.09424+01,gold_establishments_2025,,,,21310462300011,2025,Collectivité Territoriale,Commune,['Haute-Garonne'],['Occitanie'],COM,{31},{76}
992b3912-2182-4d52-922f-eae5646a048b,211103254,Commune de Rouffiac-d'Aude (11),false,{11325},Commune,2026-03-24 14:41:53.63825+01,gold_establishments_2025,,,,21110325400010,2025,Collectivité Territoriale,Commune,['Aude'],['Occitanie'],COM,{11},{76}
0fd9e960-5422-4751-aa09-a6035057ae31,211103262,Commune de Rouffiac-des-Corbières (11),false,{11326},Commune,2026-03-24 14:41:53.63825+01,gold_establishments_2025,,,,21110326200013,2025,Collectivité Territoriale,Commune,['Aude'],['Occitanie'],COM,{11},{76}
32ca1009-38d3-4b1e-8c7b-30dda3f894b5,211703053,Commune de Rouffignac (17),false,{17305},Commune,2026-03-24 14:41:54.903238+01,gold_establishments_2025,,,,21170305300010,2025,Collectivité Territoriale,Commune,['Charente-Maritime'],['Nouvelle-Aquitaine'],COM,{17},{75}
0c77c4a0-d680-48c0-b387-b4841f76332d,212403562,Commune de Rouffignac-Saint-Cernin-de-Reilhac (24),false,{24356},Commune,2026-03-24 14:41:55.958138+01,gold_establishments_2025,,,,21240356200011,2025,Collectivité Territoriale,Commune,['Dordogne'],['Nouvelle-Aquitaine'],COM,{24},{75}
d4769a0c-87c6-4ea2-8900-49edee7a7c6f,212403570,Commune de Rouffignac-de-Sigoulès (24),false,{24357},Commune,2026-03-24 14:41:55.958138+01,gold_establishments_2025,,,,21240357000014,2025,Collectivité Territoriale,Commune,['Dordogne'],['Nouvelle-Aquitaine'],COM,{24},{75}
8d28cde6-ef90-47ff-ba0b-a1b86e5e22a8,214602419,Commune de Rouffilhac (46),false,{46241},Commune,2026-03-24 14:42:00.862623+01,gold_establishments_2025,,,,21460241900019,2025,Collectivité Territoriale,Commune,['Lot'],['Occitanie'],COM,{46},{76}
d893a529-acf8-4345-84e0-58c172222f87,215104340,Commune de Rouffy (51),false,{51469},Commune,2026-03-24 14:42:01.954481+01,gold_establishments_2025,,,,21510434000017,2025,Collectivité Territoriale,Commune,['Marne'],['Grand Est'],COM,{51},{44}
ba78a88c-41f7-4055-83e8-28264250d7db,212704985,Commune de Rouge-Perriers (27),false,{27498},Commune,2026-03-24 14:41:57.028721+01,gold_establishments_2025,,,,21270498500010,2025,Collectivité Territoriale,Commune,['Eure'],['Normandie'],COM,{27},{28}
aa8c4648-077e-47af-bbd8-d8fa5c2905a7,216207225,Commune de Rougefay (62),false,{62722},Commune,2026-03-24 14:42:06.130387+01,gold_establishments_2025,,,,21620722500014,2025,Collectivité Territoriale,Commune,['Pas-de-Calais'],['Hauts-de-France'],COM,{62},{32}
b98cf71a-a45c-4314-a7b6-05b07a5b1176,219000882,Commune de Rougegoutte (90),false,{90088},Commune,2026-03-24 14:42:11.659493+01,gold_establishments_2025,,,,21900088200015,2025,Collectivité Territoriale,Commune,['Territoire de Belfort'],['Bourgogne-Franche-Comté'],COM,{90},{27}
3d459d85-a2f5-4b8c-aca4-4d24c443cd49,212105308,Commune de Rougemont (21),false,{21530},Commune,2026-03-24 14:41:55.433389+01,gold_establishments_2025,,,,21210530800010,2025,Collectivité Territoriale,Commune,"[""Côte-d'Or""]",['Bourgogne-Franche-Comté'],COM,{21},{27}
92d865be-18d7-43d2-9cb0-f7c2d6de73fd,212505051,Commune de Rougemont (25),false,{25505},Commune,2026-03-24 14:41:56.495197+01,gold_establishments_2025,,,,21250505100012,2025,Collectivité Territoriale,Commune,['Doubs'],['Bourgogne-Franche-Comté'],COM,{25},{27}
658fa8be-e9b8-41e4-bb80-6c04114855fe,219000890,Commune de Rougemont-le-Château (90),false,{90089},Commune,2026-03-24 14:42:11.659493+01,gold_establishments_2025,,,,21900089000018,2025,Collectivité Territoriale,Commune,['Territoire de Belfort'],['Bourgogne-Franche-Comté'],COM,{90},{27}
90662457-8c73-4da7-a731-0d6233966145,212704977,Commune de Rougemontiers (27),false,{27497},Commune,2026-03-24 14:41:57.028721+01,gold_establishments_2025,,,,21270497700017,2025,Collectivité Territoriale,Commune,['Eure'],['Normandie'],COM,{27},{28}
da1aac30-ae65-4cf1-abb3-a82608cf93e0,212505069,Commune de Rougemontot (25),false,{25506},Commune,2026-03-24 14:41:56.495197+01,gold_establishments_2025,,,,21250506900014,2025,Collectivité Territoriale,Commune,['Doubs'],['Bourgogne-Franche-Comté'],COM,{25},{27}
ba448d6a-22fa-409a-84e4-7609e1853f4d,214101958,Commune de Rougeou (41),false,{41195},Commune,2026-03-24 14:42:00.273698+01,gold_establishments_2025,,,,21410195800012,2025,Collectivité Territoriale,Commune,['Loir-et-Cher'],['Centre-Val de Loire'],COM,{41},{24}
efe78728-4523-487e-9510-abc4a0e49eb3,210206322,Commune de Rougeries (02),false,{02657},Commune,2026-03-24 14:41:52.020251+01,gold_establishments_2025,,,,21020632200013,2025,Collectivité Territoriale,Commune,['Aisne'],['Hauts-de-France'],COM,{02},{32}
905fc22c-f0fd-4a90-92b0-d0e60547d9a0,215203142,Commune de Rougeux (52),false,{52438},Commune,2026-03-24 14:42:01.954481+01,gold_establishments_2025,,,,21520314200017,2025,Collectivité Territoriale,Commune,['Haute-Marne'],['Grand Est'],COM,{52},{44}
ce40f577-593b-4155-bea6-88410a42ae9a,218301109,Commune de Rougiers (83),false,{83110},Commune,2026-03-24 14:42:10.508772+01,gold_establishments_2025,,,,21830110900011,2025,Collectivité Territoriale,Commune,['Var'],"[""Provence-Alpes-Côte d'Azur""]",COM,{83},{93}
4c7610ff-a362-471d-83df-ef9b5cd771d3,211602859,Commune de Rougnac (16),false,{16285},Commune,2026-03-24 14:41:54.362296+01,gold_establishments_2025,,,,21160285900012,2025,Collectivité Territoriale,Commune,['Charente'],['Nouvelle-Aquitaine'],COM,{16},{75}
6fbd8491-a9cb-4146-8865-5f8300fd427e,212316400,Commune de Rougnat (23),false,{23164},Commune,2026-03-24 14:41:55.958138+01,gold_establishments_2025,,,,21231640000010,2025,Collectivité Territoriale,Commune,['Creuse'],['Nouvelle-Aquitaine'],COM,{23},{75}
d71b49f4-6dff-4163-b9b7-f09969b5a85b,210401717,Commune de Rougon (04),false,{04171},Commune,2026-03-24 14:41:52.562531+01,gold_establishments_2025,,,,21040171700017,2025,Collectivité Territoriale,Commune,['Alpes-de-Haute-Provence'],"[""Provence-Alpes-Côte d'Azur""]",COM,{04},{93}
86a093a1-1939-47be-a17a-16d08878c8ae,214401465,Commune de Rougé (44),false,{44146},Commune,2026-03-24 14:42:00.273698+01,gold_establishments_2025,,,,21440146500015,2025,Collectivité Territoriale,Commune,['Loire-Atlantique'],['Pays de la Loire'],COM,{44},{52}
1dc5c6f0-89cc-48b0-806e-d6e1a5a06a50,212505077,Commune de Rouhe (25),false,{25507},Commune,2026-03-24 14:41:56.495197+01,gold_establishments_2025,,,,21250507700017,2025,Collectivité Territoriale,Commune,['Doubs'],['Bourgogne-Franche-Comté'],COM,{25},{27}
ae117408-dd19-4835-854a-a7394cd91170,215705989,Commune de Rouhling (57),false,{57598},Commune,2026-03-24 14:42:04.280096+01,gold_establishments_2025,,,,21570598900014,2025,Collectivité Territoriale,Commune,['Moselle'],['Grand Est'],COM,{57},{44}
9fadfadd-38f9-4843-82a4-3746ce0c0d4b,200085249,Commune de Rouillac (16),false,{16286},Commune,2026-03-24 14:41:54.362296+01,gold_establishments_2025,,,,20008524900015,2025,Collectivité Territoriale,Commune,['Charente'],['Nouvelle-Aquitaine'],COM,{16},{75}
f0300522-86a2-42e2-8467-7875cc53c7f3,212202675,Commune de Rouillac (22),false,{22267},Commune,2026-03-24 14:41:55.958138+01,gold_establishments_2025,,,,21220267500014,2025,Collectivité Territoriale,Commune,"[""Côtes-d'Armor""]",['Bretagne'],COM,{22},{53}
8d59280b-60ce-4877-812a-9cd5455912c2,217202571,Commune de Rouillon (72),false,{72257},Commune,2026-03-24 14:42:08.279287+01,gold_establishments_2025,,,,21720257100014,2025,Collectivité Territoriale,Commune,['Sarthe'],['Pays de la Loire'],COM,{72},{52}
cc7b2b8e-7d87-44df-805d-dce8d2e64159,217703917,Commune de Rouilly (77),false,{77391},Commune,2026-03-24 14:42:09.43682+01,gold_establishments_2025,,,,21770391700013,2025,Collectivité Territoriale,Commune,['Seine-et-Marne'],['Île-de-France'],COM,{77},{11}
7f9fb43e-ea89-4a4d-ba81-165dac5ecc61,211003173,Commune de Rouilly-Sacey (10),false,{10328},Commune,2026-03-24 14:41:53.095366+01,gold_establishments_2025,,,,21100317300013,2025,Collectivité Territoriale,Commune,['Aube'],['Grand Est'],COM,{10},{44}
5097cba1-c67b-41cd-a816-e8c6eb1b7bec,211003181,Commune de Rouilly-Saint-Loup (10),false,{10329},Commune,2026-03-24 14:41:53.095366+01,gold_establishments_2025,,,,21100318100065,2025,Collectivité Territoriale,Commune,['Aube'],['Grand Est'],COM,{10},{44}
0dab01e8-6e61-40a3-a328-8dde211d5d0c,218602134,Commune de Rouillé (86),false,{86213},Commune,2026-03-24 14:42:10.508772+01,gold_establishments_2025,,,,21860213400015,2025,Collectivité Territoriale,Commune,['Vienne'],['Nouvelle-Aquitaine'],COM,{86},{75}
82157289-3c57-422a-9cde-a56887c3ddd2,213402373,Commune de Roujan (34),false,{34237},Commune,2026-03-24 14:41:58.620411+01,gold_establishments_2025,,,,21340237300012,2025,Collectivité Territoriale,Commune,['Hérault'],['Occitanie'],COM,{34},{76}
c0321a48-13fc-4042-b612-7ba7d4897aa3,212505085,Commune de Roulans (25),false,{25508},Commune,2026-03-24 14:41:56.495197+01,gold_establishments_2025,,,,21250508500010,2025,Collectivité Territoriale,Commune,['Doubs'],['Bourgogne-Franche-Comté'],COM,{25},{27}
96482712-5db3-45dd-926d-fb470dd79370,211103270,Commune de Roullens (11),false,{11327},Commune,2026-03-24 14:41:53.63825+01,gold_establishments_2025,,,,21110327000016,2025,Collectivité Territoriale,Commune,['Aude'],['Occitanie'],COM,{11},{76}
588941f1-e1d6-4a46-885d-cf72cbf668bd,211602875,Commune de Roullet-Saint-Estèphe (16),false,{16287},Commune,2026-03-24 14:41:54.362296+01,gold_establishments_2025,,,,21160287500018,2025,Collectivité Territoriale,Commune,['Charente'],['Nouvelle-Aquitaine'],COM,{16},{75}
3bc702a9-1bf7-4502-8836-4d18169cd643,214702268,Commune de Roumagne (47),false,{47226},Commune,2026-03-24 14:42:00.862623+01,gold_establishments_2025,,,,21470226800019,2025,Collectivité Territoriale,Commune,['Lot-et-Garonne'],['Nouvelle-Aquitaine'],COM,{47},{75}
71959e5c-3e60-4cbf-b559-c266d90bdcf3,217605419,Commune de Roumare (76),false,{76541},Commune,2026-03-24 14:42:08.818969+01,gold_establishments_2025,,,,21760541900019,2025,Collectivité Territoriale,Commune,['Seine-Maritime'],['Normandie'],COM,{76},{28}
42d1359c-56f2-46bf-8d29-d26c9117d651,210902516,Commune de Roumengoux (09),false,{09251},Commune,2026-03-24 14:41:53.095366+01,gold_establishments_2025,,,,21090251600017,2025,Collectivité Territoriale,Commune,['Ariège'],['Occitanie'],COM,{09},{76}
aacac638-b937-4386-b6a4-2eff1f97c5d1,213104631,Commune de Roumens (31),false,{31463},Commune,2026-03-24 14:41:58.09424+01,gold_establishments_2025,,,,21310463100014,2025,Collectivité Territoriale,Commune,['Haute-Garonne'],['Occitanie'],COM,{31},{76}
3767a5bf-1ee8-46c5-b718-1b23d5620ad5,210401725,Commune de Roumoules (04),false,{04172},Commune,2026-03-24 14:41:52.562531+01,gold_establishments_2025,,,,21040172500010,2025,Collectivité Territoriale,Commune,['Alpes-de-Haute-Provence'],"[""Provence-Alpes-Côte d'Azur""]",COM,{04},{93}
fdfc15c5-7ebe-4afb-bafc-1c4a7e2aa35e,211501663,Commune de Roumégoux (15),false,{15166},Commune,2026-03-24 14:41:54.362296+01,gold_establishments_2025,,,,21150166300010,2025,Collectivité Territoriale,Commune,['Cantal'],['Auvergne-Rhône-Alpes'],COM,{15},{84}
cf2bf825-cf3c-4f3c-8c12-77e8919c6e08,200082303,Commune de Rountzenheim-Auenheim (67),false,{67418},Commune,2026-03-24 14:42:07.195692+01,gold_establishments_2025,,,,20008230300013,2025,Collectivité Territoriale,Commune,['Bas-Rhin'],['Grand Est'],COM,{67},{44}
f0a58ef4-9a40-4cf8-8939-c47fd40082d0,215705997,Commune de Roupeldange (57),false,{57599},Commune,2026-03-24 14:42:04.280096+01,gold_establishments_2025,,,,21570599700017,2025,Collectivité Territoriale,Commune,['Moselle'],['Grand Est'],COM,{57},{44}
1a475a4f-53ec-4705-a53d-0d47aa90344e,216103572,Commune de Rouperroux (61),false,{61357},Commune,2026-03-24 14:42:05.597325+01,gold_establishments_2025,,,,21610357200014,2025,Collectivité Territoriale,Commune,['Orne'],['Normandie'],COM,{61},{28}
ce914509-788a-4821-bcf9-5f0073fabe4f,217202597,Commune de Rouperroux-le-Coquet (72),false,{72259},Commune,2026-03-24 14:42:08.279287+01,gold_establishments_2025,,,,21720259700019,2025,Collectivité Territoriale,Commune,['Sarthe'],['Pays de la Loire'],COM,{72},{52}
37b31ffc-4cb4-42a2-9140-d3bcce9ffd6c,210206330,Commune de Roupy (02),false,{02658},Commune,2026-03-24 14:41:52.020251+01,gold_establishments_2025,,,,21020633000016,2025,Collectivité Territoriale,Commune,['Aisne'],['Hauts-de-France'],COM,{02},{32}
54a46fce-4b53-40fe-8012-0543fe0b3e08,219733102,Commune de Roura (973),false,{97310},Commune,2026-03-24 14:42:11.659493+01,gold_establishments_2025,,,,21973310200012,2025,Collectivité Territoriale,Commune,['Guyane'],['Guyane'],COM,{973},{03}
e054d3f9-e105-4e76-8baa-6b2cf02dfcc8,210601118,Commune de Roure (06),false,{06111},Commune,2026-03-24 14:41:52.562531+01,gold_establishments_2025,,,,21060111800016,2025,Collectivité Territoriale,Commune,['Alpes-Maritimes'],"[""Provence-Alpes-Côte d'Azur""]",COM,{06},{93}
87c24605-bf28-4a54-aadd-8c88a51ddd84,215905142,Commune de Rousies (59),false,{59514},Commune,2026-03-24 14:42:04.814328+01,gold_establishments_2025,,,,21590514200018,2025,Collectivité Territoriale,Commune,['Nord'],['Hauts-de-France'],COM,{59},{32}
75eb64bf-222b-4be2-aee6-b0ab73debf08,212602841,Commune de Roussas (26),false,{26284},Commune,2026-03-24 14:41:56.495197+01,gold_establishments_2025,,,,21260284100018,2025,Collectivité Territoriale,Commune,['Drôme'],['Auvergne-Rhône-Alpes'],COM,{26},{84}
fb99d438-f199-4fe9-ab48-ef8b25328dae,218102341,Commune de Roussayrolles (81),false,{81234},Commune,2026-03-24 14:42:09.967209+01,gold_establishments_2025,,,,21810234100011,2025,Collectivité Territoriale,Commune,['Tarn'],['Occitanie'],COM,{81},{76}
e4e849a3-964a-468e-b674-1f63dd62a7b3,216005454,Commune de Rousseloy (60),false,{60551},Commune,2026-03-24 14:42:04.814328+01,gold_establishments_2025,,,,21600545400014,2025,Collectivité Territoriale,Commune,['Oise'],['Hauts-de-France'],COM,{60},{32}
a3d30c1c-03ff-4681-8f24-c167a6a56354,211202064,Commune de Roussennac (12),false,{12206},Commune,2026-03-24 14:41:53.63825+01,gold_establishments_2025,,,,21120206400013,2025,Collectivité Territoriale,Commune,['Aveyron'],['Occitanie'],COM,{12},{76}
5fa42ba8-ac5a-4239-aa9d-f4189834cfd1,216207233,Commune de Roussent (62),false,{62723},Commune,2026-03-24 14:42:06.130387+01,gold_establishments_2025,,,,21620723300018,2025,Collectivité Territoriale,Commune,['Pas-de-Calais'],['Hauts-de-France'],COM,{62},{32}
e780c34e-d49c-4359-a793-c9ad0c852b5d,214801300,Commune de Rousses (48),false,{48130},Commune,2026-03-24 14:42:01.412377+01,gold_establishments_2025,,,,21480130000010,2025,Collectivité Territoriale,Commune,['Lozère'],['Occitanie'],COM,{48},{76}
eb01cafd-e0cb-4141-88e9-e85a5b2175f6,211300876,Commune de Rousset (13),false,{13087},Commune,2026-03-24 14:41:53.63825+01,gold_establishments_2025,,,,21130087600011,2025,Collectivité Territoriale,Commune,['Bouches-du-Rhône'],"[""Provence-Alpes-Côte d'Azur""]",COM,{13},{93}
3912e56e-8021-43a1-a2ae-044bd5560609,210501276,Commune de Rousset-Serre-Ponçon (05),false,{05127},Commune,2026-03-24 14:41:52.562531+01,gold_establishments_2025,,,,21050127600013,2025,Collectivité Territoriale,Commune,['Hautes-Alpes'],"[""Provence-Alpes-Côte d'Azur""]",COM,{05},{93}
0787c188-8450-4d1a-858b-2b3037e38503,212602858,Commune de Rousset-les-Vignes (26),false,{26285},Commune,2026-03-24 14:41:56.495197+01,gold_establishments_2025,,,,21260285800012,2025,Collectivité Territoriale,Commune,['Drôme'],['Auvergne-Rhône-Alpes'],COM,{26},{84}
30dfdb61-f34f-4fbe-b639-4123fb22bb98,212602866,Commune de Roussieux (26),false,{26286},Commune,2026-03-24 14:41:56.495197+01,gold_establishments_2025,,,,21260286600015,2025,Collectivité Territoriale,Commune,['Drôme'],['Auvergne-Rhône-Alpes'],COM,{26},{84}
75986f5e-86a5-4041-aedd-18df0fa85b34,213803448,Commune de Roussillon (38),false,{38344},Commune,2026-03-24 14:41:59.160244+01,gold_establishments_2025,,,,21380344800017,2025,Collectivité Territoriale,Commune,['Isère'],['Auvergne-Rhône-Alpes'],COM,{38},{84}
fe9fb4d9-31d1-4765-86b6-4a7d56a69fb5,218401024,Commune de Roussillon (84),false,{84102},Commune,2026-03-24 14:42:10.508772+01,gold_establishments_2025,,,,21840102400011,2025,Collectivité Territoriale,Commune,['Vaucluse'],"[""Provence-Alpes-Côte d'Azur""]",COM,{84},{93}
8a7e4a4e-d8f9-4282-aba1-1667cd394b87,217103761,Commune de Roussillon-en-Morvan (71),false,{71376},Commune,2026-03-24 14:42:07.735343+01,gold_establishments_2025,,,,21710376100011,2025,Collectivité Territoriale,Commune,['Saône-et-Loire'],['Bourgogne-Franche-Comté'],COM,{71},{27}
ba31bb03-d16a-4975-84ec-f15ae91b9eef,211602891,Commune de Roussines (16),false,{16289},Commune,2026-03-24 14:41:54.362296+01,gold_establishments_2025,,,,21160289100015,2025,Collectivité Territoriale,Commune,['Charente'],['Nouvelle-Aquitaine'],COM,{16},{75}
a0aded43-86f0-469d-8d9b-3d5d40943b5e,213601743,Commune de Roussines (36),false,{36174},Commune,2026-03-24 14:41:59.160244+01,gold_establishments_2025,,,,21360174300015,2025,Collectivité Territoriale,Commune,['Indre'],['Centre-Val de Loire'],COM,{36},{24}
9be79731-2b13-4b09-8576-ed55fc30dc3d,213002231,Commune de Rousson (30),false,{30223},Commune,2026-03-24 14:41:57.56054+01,gold_establishments_2025,,,,21300223100016,2025,Collectivité Territoriale,Commune,['Gard'],['Occitanie'],COM,{30},{76}
082c8e7e-206f-46d3-80d5-b8808c12c897,218903276,Commune de Rousson (89),false,{89327},Commune,2026-03-24 14:42:11.659493+01,gold_establishments_2025,,,,21890327600010,2025,Collectivité Territoriale,Commune,['Yonne'],['Bourgogne-Franche-Comté'],COM,{89},{27}
49995cbb-b64a-4abf-9338-71c9905d8394,215706003,Commune de Roussy-le-Village (57),false,{57600},Commune,2026-03-24 14:42:04.280096+01,gold_establishments_2025,,,,21570600300013,2025,Collectivité Territoriale,Commune,['Moselle'],['Grand Est'],COM,{57},{44}
9e115651-426a-4554-b3b3-74958f603d7e,217605427,Commune de Routes (76),false,{76542},Commune,2026-03-24 14:42:08.818969+01,gold_establishments_2025,,,,21760542700012,2025,Collectivité Territoriale,Commune,['Seine-Maritime'],['Normandie'],COM,{76},{28}
cc1a07a1-ad12-4d0c-8a5a-544fb47449ca,211103288,Commune de Routier (11),false,{11328},Commune,2026-03-24 14:41:53.63825+01,gold_establishments_2025,,,,21110328800018,2025,Collectivité Territoriale,Commune,['Aude'],['Occitanie'],COM,{11},{76}
93a54d7b-6de3-4b8f-89e7-6ad400a06732,212705008,Commune de Routot (27),false,{27500},Commune,2026-03-24 14:41:57.028721+01,gold_establishments_2025,,,,21270500800010,2025,Collectivité Territoriale,Commune,['Eure'],['Normandie'],COM,{27},{28}
9f5880b1-71f8-446a-a638-e7f2e5177f3c,215404641,Commune de Rouves (54),false,{54464},Commune,2026-03-24 14:42:02.957225+01,gold_establishments_2025,,,,21540464100015,2025,Collectivité Territoriale,Commune,['Meurthe-et-Moselle'],['Grand Est'],COM,{54},{44}
68e24c54-daa8-4eb4-92aa-e6cd48c7136e,215905159,Commune de Rouvignies (59),false,{59515},Commune,2026-03-24 14:42:04.814328+01,gold_establishments_2025,,,,21590515900012,2025,Collectivité Territoriale,Commune,['Nord'],['Hauts-de-France'],COM,{59},{32}
3a06a50c-9357-4874-a217-98aa0791c100,216005462,Commune de Rouville (60),false,{60552},Commune,2026-03-24 14:42:04.814328+01,gold_establishments_2025,,,,21600546200017,2025,Collectivité Territoriale,Commune,['Oise'],['Hauts-de-France'],COM,{60},{32}
83e34d37-8694-4469-bcb2-18e0e88c900d,217605435,Commune de Rouville (76),false,{76543},Commune,2026-03-24 14:42:08.818969+01,gold_establishments_2025,,,,21760543500015,2025,Collectivité Territoriale,Commune,['Seine-Maritime'],['Normandie'],COM,{76},{28}
7293f859-8bdb-4ba3-8225-065ca99cab6b,216005470,Commune de Rouvillers (60),false,{60553},Commune,2026-03-24 14:42:04.814328+01,gold_establishments_2025,,,,21600547000010,2025,Collectivité Territoriale,Commune,['Oise'],['Hauts-de-France'],COM,{60},{32}
024df304-2567-42bb-abc2-2b9726fbef0f,212105316,Commune de Rouvray (21),false,{21531},Commune,2026-03-24 14:41:55.433389+01,gold_establishments_2025,,,,21210531600013,2025,Collectivité Territoriale,Commune,"[""Côte-d'Or""]",['Bourgogne-Franche-Comté'],COM,{21},{27}
c36855e5-6ff5-44b4-b9ae-c4b7aeddb22e,212705016,Commune de Rouvray (27),false,{27501},Commune,2026-03-24 14:41:57.028721+01,gold_establishments_2025,,,,21270501600013,2025,Collectivité Territoriale,Commune,['Eure'],['Normandie'],COM,{27},{28}
f2f183fd-4200-459c-8884-3425c349c7bc,218903284,Commune de Rouvray (89),false,{89328},Commune,2026-03-24 14:42:11.659493+01,gold_establishments_2025,,,,21890328400014,2025,Collectivité Territoriale,Commune,['Yonne'],['Bourgogne-Franche-Comté'],COM,{89},{27}
579b81f9-4821-4122-9e7c-014f2fc3330b,217605443,Commune de Rouvray-Catillon (76),false,{76544},Commune,2026-03-24 14:42:08.818969+01,gold_establishments_2025,,,,21760544300019,2025,Collectivité Territoriale,Commune,['Seine-Maritime'],['Normandie'],COM,{76},{28}
d9665c76-bb0d-4ce2-b538-a8101d0d7326,214502627,Commune de Rouvray-Sainte-Croix (45),false,{45262},Commune,2026-03-24 14:42:00.862623+01,gold_establishments_2025,,,,21450262700018,2025,Collectivité Territoriale,Commune,['Loiret'],['Centre-Val de Loire'],COM,{45},{24}
a3c4fee8-e773-4cd2-8796-9f9bed5db4dc,218006419,Commune de Rouvrel (80),false,{80681},Commune,2026-03-24 14:42:09.967209+01,gold_establishments_2025,,,,21800641900012,2025,Collectivité Territoriale,Commune,['Somme'],['Hauts-de-France'],COM,{80},{32}
84a1640e-584c-4d2d-9a19-f09a1eb05fe1,211405469,Commune de Rouvres (14),false,{14546},Commune,2026-03-24 14:41:54.362296+01,gold_establishments_2025,,,,21140546900019,2025,Collectivité Territoriale,Commune,['Calvados'],['Normandie'],COM,{14},{28}
5de91a5d-b847-45fa-826b-f3e8439519fe,212803217,Commune de Rouvres (28),false,{28321},Commune,2026-03-24 14:41:57.028721+01,gold_establishments_2025,,,,21280321700018,2025,Collectivité Territoriale,Commune,['Eure-et-Loir'],['Centre-Val de Loire'],COM,{28},{24}
a57cd48e-a763-4fc9-8b85-b3f5e58aa9b9,217703925,Commune de Rouvres (77),false,{77392},Commune,2026-03-24 14:42:09.43682+01,gold_establishments_2025,,,,21770392500016,2025,Collectivité Territoriale,Commune,['Seine-et-Marne'],['Île-de-France'],COM,{77},{11}
4bce4942-6529-467e-ab67-5bf208eaeac5,214502635,Commune de Rouvres-Saint-Jean (45),false,{45263},Commune,2026-03-24 14:42:00.862623+01,gold_establishments_2025,,,,21450263500011,2025,Collectivité Territoriale,Commune,['Loiret'],['Centre-Val de Loire'],COM,{45},{24}
ddff7b4b-a48f-401a-9fa0-b69fb316d606,216005488,Commune de Rouvres-en-Multien (60),false,{60554},Commune,2026-03-24 14:42:04.814328+01,gold_establishments_2025,,,,21600548800012,2025,Collectivité Territoriale,Commune,['Oise'],['Hauts-de-France'],COM,{60},{32}
61dd8dc1-e901-4d22-81c3-4bd80c559825,212105324,Commune de Rouvres-en-Plaine (21),false,{21532},Commune,2026-03-24 14:41:55.433389+01,gold_establishments_2025,,,,21210532400017,2025,Collectivité Territoriale,Commune,"[""Côte-d'Or""]",['Bourgogne-Franche-Comté'],COM,{21},{27}
aa637137-e293-4732-9f48-0d05bfa1a83e,215504432,Commune de Rouvres-en-Woëvre (55),false,{55443},Commune,2026-03-24 14:42:03.701372+01,gold_establishments_2025,,,,21550443200018,2025,Collectivité Territoriale,Commune,['Meuse'],['Grand Est'],COM,{55},{44}
c5349735-4237-4482-aa4f-7a301d6552f1,218804003,Commune de Rouvres-en-Xaintois (88),false,{88400},Commune,2026-03-24 14:42:11.118516+01,gold_establishments_2025,,,,21880400300018,2025,Collectivité Territoriale,Commune,['Vosges'],['Grand Est'],COM,{88},{44}
2a8356eb-7a4f-4cfe-8d86-1b1d7a1d68c8,218804011,Commune de Rouvres-la-Chétive (88),false,{88401},Commune,2026-03-24 14:42:11.118516+01,gold_establishments_2025,,,,21880401100011,2025,Collectivité Territoriale,Commune,['Vosges'],['Grand Est'],COM,{88},{44}
21f76d46-1364-4ad3-9470-d94725ab5b24,213601750,Commune de Rouvres-les-Bois (36),false,{36175},Commune,2026-03-24 14:41:59.160244+01,gold_establishments_2025,,,,21360175000010,2025,Collectivité Territoriale,Commune,['Indre'],['Centre-Val de Loire'],COM,{36},{24}
dfc0eebd-137f-4754-9370-137922c20f9b,211003199,Commune de Rouvres-les-Vignes (10),false,{10330},Commune,2026-03-24 14:41:53.095366+01,gold_establishments_2025,,,,21100319900018,2025,Collectivité Territoriale,Commune,['Aube'],['Grand Est'],COM,{10},{44}
d944c9a9-5bce-4671-ab22-00931fd69d39,212105332,Commune de Rouvres-sous-Meilly (21),false,{21533},Commune,2026-03-24 14:41:55.433389+01,gold_establishments_2025,,,,21210533200010,2025,Collectivité Territoriale,Commune,"[""Côte-d'Or""]",['Bourgogne-Franche-Comté'],COM,{21},{27}
80fa0fa7-16a0-4ad6-8b0c-1e9e54c93570,215203159,Commune de Rouvres-sur-Aube (52),false,{52439},Commune,2026-03-24 14:42:01.954481+01,gold_establishments_2025,,,,21520315900011,2025,Collectivité Territoriale,Commune,['Haute-Marne'],['Grand Est'],COM,{52},{44}
693f839d-cda4-408d-8e31-2de4c901bad2,215504440,Commune de Rouvrois-sur-Meuse (55),false,{55444},Commune,2026-03-24 14:42:03.701372+01,gold_establishments_2025,,,,21550444000011,2025,Collectivité Territoriale,Commune,['Meuse'],['Grand Est'],COM,{55},{44}
3c2d07bd-7259-4ec4-8b8c-2c220627b7e0,215504457,Commune de Rouvrois-sur-Othain (55),false,{55445},Commune,2026-03-24 14:42:03.701372+01,gold_establishments_2025,,,,21550445700015,2025,Collectivité Territoriale,Commune,['Meuse'],['Grand Est'],COM,{55},{44}
6f809114-ea42-49c8-aec8-f0e291988d05,210206348,Commune de Rouvroy (02),false,{02659},Commune,2026-03-24 14:41:52.020251+01,gold_establishments_2025,,,,21020634800018,2025,Collectivité Territoriale,Commune,['Aisne'],['Hauts-de-France'],COM,{02},{32}
497b1df5-6e23-4f26-a95b-a2354851957d,216207241,Commune de Rouvroy (62),false,{62724},Commune,2026-03-24 14:42:06.130387+01,gold_establishments_2025,,,,21620724100011,2025,Collectivité Territoriale,Commune,['Pas-de-Calais'],['Hauts-de-France'],COM,{62},{32}
8d617460-4a95-438c-ad18-34870a95140d,215104357,Commune de Rouvroy-Ripont (51),false,{51470},Commune,2026-03-24 14:42:01.954481+01,gold_establishments_2025,,,,21510435700011,2025,Collectivité Territoriale,Commune,['Marne'],['Grand Est'],COM,{51},{44}
bd469feb-5f05-4363-b022-d37035977eb4,218006427,Commune de Rouvroy-en-Santerre (80),false,{80682},Commune,2026-03-24 14:42:09.967209+01,gold_establishments_2025,,,,21800642700015,2025,Collectivité Territoriale,Commune,['Somme'],['Hauts-de-France'],COM,{80},{32}
d56279b7-4e48-4c57-b07e-9bcc89d4f266,216005496,Commune de Rouvroy-les-Merles (60),false,{60555},Commune,2026-03-24 14:42:04.814328+01,gold_establishments_2025,,,,21600549600015,2025,Collectivité Territoriale,Commune,['Oise'],['Hauts-de-France'],COM,{60},{32}
31a558ad-b477-4f73-b2a3-e895ee8b58cb,210803342,Commune de Rouvroy-sur-Audry (08),false,{08370},Commune,2026-03-24 14:41:53.095366+01,gold_establishments_2025,,,,21080334200018,2025,Collectivité Territoriale,Commune,['Ardennes'],['Grand Est'],COM,{08},{44}
7d3b80ac-cfb1-4fd9-a7f6-a07c5f4460d5,215203167,Commune de Rouvroy-sur-Marne (52),false,{52440},Commune,2026-03-24 14:42:01.954481+01,gold_establishments_2025,,,,21520316700014,2025,Collectivité Territoriale,Commune,['Haute-Marne'],['Grand Est'],COM,{52},{44}
fbb76305-1757-4a05-8cce-3a69d8a3cf65,210206355,Commune de Rouvroy-sur-Serre (02),false,{02660},Commune,2026-03-24 14:41:52.020251+01,gold_establishments_2025,,,,21020635500013,2025,Collectivité Territoriale,Commune,['Aisne'],['Hauts-de-France'],COM,{02},{32}
a595528c-dc69-48a0-a57b-e2357cbf2356,217605450,Commune de Rouxmesnil-Bouteilles (76),false,{76545},Commune,2026-03-24 14:42:08.818969+01,gold_establishments_2025,,,,21760545000014,2025,Collectivité Territoriale,Commune,['Seine-Maritime'],['Normandie'],COM,{76},{28}
d0396a0d-013d-4204-b520-3540ec2766ba,215802232,Commune de Rouy (58),false,{58223},Commune,2026-03-24 14:42:04.280096+01,gold_establishments_2025,,,,21580223200011,2025,Collectivité Territoriale,Commune,['Nièvre'],['Bourgogne-Franche-Comté'],COM,{58},{27}
093e6a8a-32a0-421c-b5c2-1c3f81e5b53c,218006435,Commune de Rouy-le-Grand (80),false,{80683},Commune,2026-03-24 14:42:09.967209+01,gold_establishments_2025,,,,21800643500018,2025,Collectivité Territoriale,Commune,['Somme'],['Hauts-de-France'],COM,{80},{32}
6a6316bb-3039-4b94-95bd-9a5edf54d77e,218006443,Commune de Rouy-le-Petit (80),false,{80684},Commune,2026-03-24 14:42:09.967209+01,gold_establishments_2025,,,,21800644300012,2025,Collectivité Territoriale,Commune,['Somme'],['Hauts-de-France'],COM,{80},{32}
d375dd0b-68d6-451c-979f-29727886ff60,210902524,Commune de Rouze (09),false,{09252},Commune,2026-03-24 14:41:53.095366+01,gold_establishments_2025,,,,21090252400011,2025,Collectivité Territoriale,Commune,['Ariège'],['Occitanie'],COM,{09},{76}
57159818-b23a-46d9-bfb5-1739c207dbe2,211501671,Commune de Rouziers (15),false,{15167},Commune,2026-03-24 14:41:54.362296+01,gold_establishments_2025,,,,21150167100013,2025,Collectivité Territoriale,Commune,['Cantal'],['Auvergne-Rhône-Alpes'],COM,{15},{84}
4aa8a487-0c00-4ff4-a5fa-3c0a3e6e0c3e,213702046,Commune de Rouziers-de-Touraine (37),false,{37204},Commune,2026-03-24 14:41:59.160244+01,gold_establishments_2025,,,,21370204600011,2025,Collectivité Territoriale,Commune,['Indre-et-Loire'],['Centre-Val de Loire'],COM,{37},{24}
c16bdeec-6e97-401d-952c-bf7ad188366a,211602909,Commune de Rouzède (16),false,{16290},Commune,2026-03-24 14:41:54.362296+01,gold_establishments_2025,,,,21160290900015,2025,Collectivité Territoriale,Commune,['Charente'],['Nouvelle-Aquitaine'],COM,{16},{75}
7251dce2-8543-4328-b19d-cce25c76f922,213104615,Commune de Rouède (31),false,{31461},Commune,2026-03-24 14:41:58.09424+01,gold_establishments_2025,,,,21310461500017,2025,Collectivité Territoriale,Commune,['Haute-Garonne'],['Occitanie'],COM,{31},{76}
a4e119a2-6204-4382-b42a-dc4170f4335f,215203126,Commune de Rouécourt (52),false,{52436},Commune,2026-03-24 14:42:01.954481+01,gold_establishments_2025,,,,21520312600010,2025,Collectivité Territoriale,Commune,['Haute-Marne'],['Grand Est'],COM,{52},{44}
c0f984a5-79e3-4ab0-b3be-afb182abf61c,218804029,Commune de Roville-aux-Chênes (88),false,{88402},Commune,2026-03-24 14:42:11.118516+01,gold_establishments_2025,,,,21880402900013,2025,Collectivité Territoriale,Commune,['Vosges'],['Grand Est'],COM,{88},{44}
d80cb974-fc2d-432e-9d19-bce3f1f1e3f9,215404658,Commune de Roville-devant-Bayon (54),false,{54465},Commune,2026-03-24 14:42:02.957225+01,gold_establishments_2025,,,,21540465800019,2025,Collectivité Territoriale,Commune,['Meurthe-et-Moselle'],['Grand Est'],COM,{54},{44}
0c187ef3-2a82-47e1-8155-48e79a88f782,213803455,Commune de Rovon (38),false,{38345},Commune,2026-03-24 14:41:59.160244+01,gold_establishments_2025,,,,21380345500012,2025,Collectivité Territoriale,Commune,['Isère'],['Auvergne-Rhône-Alpes'],COM,{38},{84}
1e8e6b9b-0e63-4563-8ff7-2dcce0f96d52,216005512,Commune de Roy-Boissy (60),false,{60557},Commune,2026-03-24 14:42:04.814328+01,gold_establishments_2025,,,,21600551200019,2025,Collectivité Territoriale,Commune,['Oise'],['Hauts-de-France'],COM,{60},{32}
c724c97b-8a52-4c6d-a611-9264ae95fa8f,211703061,Commune de Royan (17),false,{17306},Commune,2026-03-24 14:41:54.903238+01,gold_establishments_2025,,,,21170306100013,2025,Collectivité Territoriale,Commune,['Charente-Maritime'],['Nouvelle-Aquitaine'],COM,{17},{75}
bc66be55-8a4b-405a-9afc-83863d5ec740,213803463,Commune de Royas (38),false,{38346},Commune,2026-03-24 14:41:59.160244+01,gold_establishments_2025,,,,21380346300016,2025,Collectivité Territoriale,Commune,['Isère'],['Auvergne-Rhône-Alpes'],COM,{38},{84}
376925ac-96a7-41d0-b116-dd838b25cfe9,216303081,Commune de Royat (63),false,{63308},Commune,2026-03-24 14:42:06.130387+01,gold_establishments_2025,,,,21630308100014,2025,Collectivité Territoriale,Commune,['Puy-de-Dôme'],['Auvergne-Rhône-Alpes'],COM,{63},{84}
0f663117-3950-450d-a902-8d42768b5092,216005504,Commune de Royaucourt (60),false,{60556},Commune,2026-03-24 14:42:04.814328+01,gold_establishments_2025,,,,21600550400016,2025,Collectivité Territoriale,Commune,['Oise'],['Hauts-de-France'],COM,{60},{32}
aa91497e-9c50-44d7-aa83-61fea2538a19,210206363,Commune de Royaucourt-et-Chailvet (02),false,{02661},Commune,2026-03-24 14:41:52.020251+01,gold_establishments_2025,,,,21020636300017,2025,Collectivité Territoriale,Commune,['Aisne'],['Hauts-de-France'],COM,{02},{32}
6b0b8567-9c77-4bbe-a051-d45dbf1224fb,215404666,Commune de Royaumeix (54),false,{54466},Commune,2026-03-24 14:42:02.957225+01,gold_establishments_2025,,,,21540466600012,2025,Collectivité Territoriale,Commune,['Meurthe-et-Moselle'],['Grand Est'],COM,{54},{44}
a1b5ceb3-85a0-40ff-b4e9-0e0a951392e9,213803471,Commune de Roybon (38),false,{38347},Commune,2026-03-24 14:41:59.160244+01,gold_establishments_2025,,,,21380347100019,2025,Collectivité Territoriale,Commune,['Isère'],['Auvergne-Rhône-Alpes'],COM,{38},{84}
9fa57e19-46c8-4fe2-9611-6968306e7823,217004555,Commune de Roye (70),false,{70455},Commune,2026-03-24 14:42:07.735343+01,gold_establishments_2025,,,,21700455500017,2025,Collectivité Territoriale,Commune,['Haute-Saône'],['Bourgogne-Franche-Comté'],COM,{70},{27}
c32b1b40-ecc3-4ad9-8ebc-2d414b8d608e,218006450,Commune de Roye (80),false,{80685},Commune,2026-03-24 14:42:09.967209+01,gold_establishments_2025,,,,21800645000017,2025,Collectivité Territoriale,Commune,['Somme'],['Hauts-de-France'],COM,{80},{32}
99bacf25-10ac-498b-bd92-24d1d7995d28,216005520,Commune de Roye-sur-Matz (60),false,{60558},Commune,2026-03-24 14:42:04.814328+01,gold_establishments_2025,,,,21600552000012,2025,Collectivité Territoriale,Commune,['Oise'],['Hauts-de-France'],COM,{60},{32}
be2da68a-fb21-4283-816e-5aa8ae6ebb41,217103779,Commune de Royer (71),false,{71377},Commune,2026-03-24 14:42:08.279287+01,gold_establishments_2025,,,,21710377900013,2025,Collectivité Territoriale,Commune,['Saône-et-Loire'],['Bourgogne-Franche-Comté'],COM,{71},{27}
b98c7fe6-4a6a-4efd-ab49-fbb44f58849d,212602874,Commune de Roynac (26),false,{26287},Commune,2026-03-24 14:41:56.495197+01,gold_establishments_2025,,,,21260287400019,2025,Collectivité Territoriale,Commune,['Drôme'],['Auvergne-Rhône-Alpes'],COM,{26},{84}
0084f5d9-3d57-421a-aa5a-02c637ee8a3d,216207258,Commune de Royon (62),false,{62725},Commune,2026-03-24 14:42:06.130387+01,gold_establishments_2025,,,,21620725800015,2025,Collectivité Territoriale,Commune,['Pas-de-Calais'],['Hauts-de-France'],COM,{62},{32}
2ebc2dd5-5c36-400c-b614-9da550f92b61,217605468,Commune de Royville (76),false,{76546},Commune,2026-03-24 14:42:08.818969+01,gold_establishments_2025,,,,21760546800016,2025,Collectivité Territoriale,Commune,['Seine-Maritime'],['Normandie'],COM,{76},{28}
06bf76f3-0377-4498-a105-0e65802e60f1,212316509,Commune de Royère-de-Vassivière (23),false,{23165},Commune,2026-03-24 14:41:55.958138+01,gold_establishments_2025,,,,21231650900018,2025,Collectivité Territoriale,Commune,['Creuse'],['Nouvelle-Aquitaine'],COM,{23},{75}
133eaa73-1664-4e72-a8b8-3405e703a159,218712909,Commune de Royères (87),false,{87129},Commune,2026-03-24 14:42:11.118516+01,gold_establishments_2025,,,,21871290900017,2025,Collectivité Territoriale,Commune,['Haute-Vienne'],['Nouvelle-Aquitaine'],COM,{87},{75}
f20817c4-74bf-4f14-a54f-f4bd310fac36,213502461,Commune de Roz-Landrieux (35),false,{35246},Commune,2026-03-24 14:41:58.620411+01,gold_establishments_2025,,,,21350246100014,2025,Collectivité Territoriale,Commune,['Ille-et-Vilaine'],['Bretagne'],COM,{35},{53}
42da36b5-cdbf-4abc-991f-4bc5721a55bf,213502479,Commune de Roz-sur-Couesnon (35),false,{35247},Commune,2026-03-24 14:41:58.620411+01,gold_establishments_2025,,,,21350247900016,2025,Collectivité Territoriale,Commune,['Ille-et-Vilaine'],['Bretagne'],COM,{35},{53}
cd3d94fe-3943-4b5c-9e66-ee98c4b33ef4,217703933,Commune de Rozay-en-Brie (77),false,{77393},Commune,2026-03-24 14:42:09.43682+01,gold_establishments_2025,,,,21770393300010,2025,Collectivité Territoriale,Commune,['Seine-et-Marne'],['Île-de-France'],COM,{77},{11}
d435132d-ed62-47a3-9d6a-82da390f1a1f,215404674,Commune de Rozelieures (54),false,{54467},Commune,2026-03-24 14:42:02.957225+01,gold_establishments_2025,,,,21540467400016,2025,Collectivité Territoriale,Commune,['Meurthe-et-Moselle'],['Grand Est'],COM,{54},{44}
a5e3337f-16d8-4f25-a295-6ef9ecc3061d,218804037,Commune de Rozerotte (88),false,{88403},Commune,2026-03-24 14:42:11.118516+01,gold_establishments_2025,,,,21880403700016,2025,Collectivité Territoriale,Commune,['Vosges'],['Grand Est'],COM,{88},{44}
303d1730-82b4-4dea-83f5-204a317adc97,210206371,Commune de Rozet-Saint-Albin (02),false,{02662},Commune,2026-03-24 14:41:52.020251+01,gold_establishments_2025,,,,21020637100010,2025,Collectivité Territoriale,Commune,['Aisne'],['Hauts-de-France'],COM,{02},{32}
0acdbe8a-c06d-457e-8efc-1b26e20fa774,214201923,Commune de Rozier-Côtes-d'Aurec (42),false,{42192},Commune,2026-03-24 14:42:00.273698+01,gold_establishments_2025,,,,21420192300015,2025,Collectivité Territoriale,Commune,['Loire'],['Auvergne-Rhône-Alpes'],COM,{42},{84}
958d85f1-e681-436d-a085-c78499ef68c3,214201931,Commune de Rozier-en-Donzy (42),false,{42193},Commune,2026-03-24 14:42:00.273698+01,gold_establishments_2025,,,,21420193100018,2025,Collectivité Territoriale,Commune,['Loire'],['Auvergne-Rhône-Alpes'],COM,{42},{84}
8b7425d4-e575-4742-96d6-7bdc77bf678b,218713006,Commune de Roziers-Saint-Georges (87),false,{87130},Commune,2026-03-24 14:42:11.118516+01,gold_establishments_2025,,,,21871300600011,2025,Collectivité Territoriale,Commune,['Haute-Vienne'],['Nouvelle-Aquitaine'],COM,{87},{75}
75cd8dd2-2985-4d3d-b05c-a28b10084670,214502643,Commune de Rozières-en-Beauce (45),false,{45264},Commune,2026-03-24 14:42:00.862623+01,gold_establishments_2025,,,,21450264300015,2025,Collectivité Territoriale,Commune,['Loiret'],['Centre-Val de Loire'],COM,{45},{24}
5b7347d3-0f78-4778-89a3-98e21f02f27b,210206389,Commune de Rozières-sur-Crise (02),false,{02663},Commune,2026-03-24 14:41:52.020251+01,gold_establishments_2025,,,,21020638900012,2025,Collectivité Territoriale,Commune,['Aisne'],['Hauts-de-France'],COM,{02},{32}
886d53aa-8292-4a99-a6c6-3623bfde8d75,218804045,Commune de Rozières-sur-Mouzon (88),false,{88404},Commune,2026-03-24 14:42:11.118516+01,gold_establishments_2025,,,,21880404500019,2025,Collectivité Territoriale,Commune,['Vosges'],['Grand Est'],COM,{88},{44}
b99bf37f-e481-4925-8af5-b878d8fcb47c,210206397,Commune de Rozoy-Bellevalle (02),false,{02664},Commune,2026-03-24 14:41:52.020251+01,gold_establishments_2025,,,,21020639700015,2025,Collectivité Territoriale,Commune,['Aisne'],['Hauts-de-France'],COM,{02},{32}
078cd3e1-b392-4b72-8b38-e39e95aaaf75,214502650,Commune de Rozoy-le-Vieil (45),false,{45265},Commune,2026-03-24 14:42:00.862623+01,gold_establishments_2025,,,,21450265000010,2025,Collectivité Territoriale,Commune,['Loiret'],['Centre-Val de Loire'],COM,{45},{24}
dcd58623-2cbe-4fa1-8212-5ff0b8b38cbc,210206413,Commune de Rozoy-sur-Serre (02),false,{02666},Commune,2026-03-24 14:41:52.020251+01,gold_establishments_2025,,,,21020641300010,2025,Collectivité Territoriale,Commune,['Aisne'],['Hauts-de-France'],COM,{02},{32}
e3e58196-f104-443b-b233-3b5fe50671e5,213203524,Commune de Rozès (32),false,{32352},Commune,2026-03-24 14:41:58.09424+01,gold_establishments_2025,,,,21320352400011,2025,Collectivité Territoriale,Commune,['Gers'],['Occitanie'],COM,{32},{76}
1a92c86f-f20b-4b31-b3c5-0ecbe993d0bb,215706011,Commune de Rozérieulles (57),false,{57601},Commune,2026-03-24 14:42:04.280096+01,gold_establishments_2025,,,,21570601100016,2025,Collectivité Territoriale,Commune,['Moselle'],['Grand Est'],COM,{57},{44}
f1e43340-a6fb-43e6-a861-bd9050a3bf21,216207175,Commune de Roëllecourt (62),false,{62717},Commune,2026-03-24 14:42:06.130387+01,gold_establishments_2025,,,,21620717500011,2025,Collectivité Territoriale,Commune,['Pas-de-Calais'],['Hauts-de-France'],COM,{62},{32}
b36c70b2-5205-4886-bf5b-8758047e17fc,217202530,Commune de Roëzé-sur-Sarthe (72),false,{72253},Commune,2026-03-24 14:42:08.279287+01,gold_establishments_2025,,,,21720253000010,2025,Collectivité Territoriale,Commune,['Sarthe'],['Pays de la Loire'],COM,{72},{52}
bdcbae0d-2b80-4a53-bb25-1e8908807461,215802240,Commune de Ruages (58),false,{58224},Commune,2026-03-24 14:42:04.280096+01,gold_establishments_2025,,,,21580224000014,2025,Collectivité Territoriale,Commune,['Nièvre'],['Bourgogne-Franche-Comté'],COM,{58},{27}
068a0b4d-94d1-48b7-b17a-84a5b345fb53,214502668,Commune de Ruan (45),false,{45266},Commune,2026-03-24 14:42:00.862623+01,gold_establishments_2025,,,,21450266800012,2025,Collectivité Territoriale,Commune,['Loiret'],['Centre-Val de Loire'],COM,{45},{24}
5ba694c6-5a14-4dea-b564-03c7f1d576a1,214101966,Commune de Ruan-sur-Egvonne (41),false,{41196},Commune,2026-03-24 14:42:00.273698+01,gold_establishments_2025,,,,21410196600015,2025,Collectivité Territoriale,Commune,['Loir-et-Cher'],['Centre-Val de Loire'],COM,{41},{24}
7699e27b-1864-4ad9-8369-40a330775db3,217202605,Commune de Ruaudin (72),false,{72260},Commune,2026-03-24 14:42:08.279287+01,gold_establishments_2025,,,,21720260500010,2025,Collectivité Territoriale,Commune,['Sarthe'],['Pays de la Loire'],COM,{72},{52}
d37e9b8b-f2a8-496e-b43d-17ab4cf602c0,217703941,Commune de Rubelles (77),false,{77394},Commune,2026-03-24 14:42:09.43682+01,gold_establishments_2025,,,,21770394100013,2025,Collectivité Territoriale,Commune,['Seine-et-Marne'],['Île-de-France'],COM,{77},{11}
1b197132-4845-4425-b65f-819550494b5b,218006468,Commune de Rubempré (80),false,{80686},Commune,2026-03-24 14:42:09.967209+01,gold_establishments_2025,,,,21800646800019,2025,Collectivité Territoriale,Commune,['Somme'],['Hauts-de-France'],COM,{80},{32}
dd5144ab-1209-41a6-8930-eb63a3c7bf68,211405477,Commune de Rubercy (14),false,{14547},Commune,2026-03-24 14:41:54.362296+01,gold_establishments_2025,,,,21140547700012,2025,Collectivité Territoriale,Commune,['Calvados'],['Normandie'],COM,{14},{28}
10e4859c-dc97-4a08-b529-de94fd2d3812,218006476,Commune de Rubescourt (80),false,{80687},Commune,2026-03-24 14:42:09.967209+01,gold_establishments_2025,,,,21800647600012,2025,Collectivité Territoriale,Commune,['Somme'],['Hauts-de-France'],COM,{80},{32}
5a93c011-dee3-4d55-9e70-a0166b9f88c1,210803367,Commune de Rubigny (08),false,{08372},Commune,2026-03-24 14:41:53.095366+01,gold_establishments_2025,,,,21080336700015,2025,Collectivité Territoriale,Commune,['Ardennes'],['Grand Est'],COM,{08},{44}
b5471924-55ec-49fb-b14b-384cc1fc3ce3,215905167,Commune de Rubrouck (59),false,{59516},Commune,2026-03-24 14:42:04.814328+01,gold_establishments_2025,,,,21590516700049,2025,Collectivité Territoriale,Commune,['Nord'],['Hauts-de-France'],COM,{59},{32}
f0c32dbb-bf5e-4e71-af74-a449f63e423a,212202683,Commune de Ruca (22),false,{22268},Commune,2026-03-24 14:41:55.958138+01,gold_establishments_2025,,,,21220268300018,2025,Collectivité Territoriale,Commune,"[""Côtes-d'Armor""]",['Bretagne'],COM,{22},{53}
59708930-d458-47aa-b433-5672f8c24af8,213303613,Commune de Ruch (33),false,{33361},Commune,2026-03-24 14:41:58.620411+01,gold_establishments_2025,,,,21330361300011,2025,Collectivité Territoriale,Commune,['Gironde'],['Nouvelle-Aquitaine'],COM,{33},{75}
9d87854a-ba54-4c01-8534-cb1a2bb54e4b,212402218,Commune de Rudeau-Ladosse (24),false,{24221},Commune,2026-03-24 14:41:55.958138+01,gold_establishments_2025,,,,21240221800011,2025,Collectivité Territoriale,Commune,['Dordogne'],['Nouvelle-Aquitaine'],COM,{24},{75}
9b9461a4-c302-4ae6-8e0d-da2a3a4bf973,214602427,Commune de Rudelle (46),false,{46242},Commune,2026-03-24 14:42:00.862623+01,gold_establishments_2025,,,,21460242700012,2025,Collectivité Territoriale,Commune,['Lot'],['Occitanie'],COM,{46},{76}
0c9eb879-0913-408e-a78f-ba520d7f467a,218006484,Commune de Rue (80),false,{80688},Commune,2026-03-24 14:42:09.967209+01,gold_establishments_2025,,,,21800648400016,2025,Collectivité Territoriale,Commune,['Somme'],['Hauts-de-France'],COM,{80},{32}
62cc3311-a3f7-4db7-ab79-fa2d1bbb7368,216802884,Commune de Ruederbach (68),false,{68288},Commune,2026-03-24 14:42:07.195692+01,gold_establishments_2025,,,,21680288400017,2025,Collectivité Territoriale,Commune,['Haut-Rhin'],['Grand Est'],COM,{68},{44}
c1d5df6c-9d39-4e85-b0cc-174c73aa4c27,219200631,Commune de Rueil-Malmaison (92),false,{92063},Commune,2026-03-24 14:42:11.659493+01,gold_establishments_2025,,,,21920063100014,2025,Collectivité Territoriale,Commune,['Hauts-de-Seine'],['Île-de-France'],COM,{92},{11}
65ec2b96-ec04-4ddc-a17b-377678dce562,212803225,Commune de Rueil-la-Gadelière (28),false,{28322},Commune,2026-03-24 14:41:57.028721+01,gold_establishments_2025,,,,21280322500011,2025,Collectivité Territoriale,Commune,['Eure-et-Loir'],['Centre-Val de Loire'],COM,{28},{24}
d76ec8d6-0c20-46ef-a43a-18a716762a4f,216802892,Commune de Ruelisheim (68),false,{68289},Commune,2026-03-24 14:42:07.195692+01,gold_establishments_2025,,,,21680289200010,2025,Collectivité Territoriale,Commune,['Haut-Rhin'],['Grand Est'],COM,{68},{44}
3080baa9-e16c-4890-a76d-952e059c6de1,211602917,Commune de Ruelle-sur-Touvre (16),false,{16291},Commune,2026-03-24 14:41:54.362296+01,gold_establishments_2025,,,,21160291700018,2025,Collectivité Territoriale,Commune,['Charente'],['Nouvelle-Aquitaine'],COM,{16},{75}
62d363e5-3353-4cd4-a5c8-4c8402301143,215905183,Commune de Ruesnes (59),false,{59518},Commune,2026-03-24 14:42:04.814328+01,gold_establishments_2025,,,,21590518300012,2025,Collectivité Territoriale,Commune,['Nord'],['Hauts-de-France'],COM,{59},{32}
d6669336-2798-4578-9f2a-bf5c21f192b6,214602435,Commune de Rueyres (46),false,{46243},Commune,2026-03-24 14:42:00.862623+01,gold_establishments_2025,,,,21460243500015,2025,Collectivité Territoriale,Commune,['Lot'],['Occitanie'],COM,{46},{76}
ca9f8ecd-2ab6-467c-8dba-8241ccd36713,211602925,Commune de Ruffec (16),false,{16292},Commune,2026-03-24 14:41:54.362296+01,gold_establishments_2025,,,,21160292500011,2025,Collectivité Territoriale,Commune,['Charente'],['Nouvelle-Aquitaine'],COM,{16},{75}
f1948cd1-515b-4662-a46a-f15872f4fa43,213601768,Commune de Ruffec (36),false,{36176},Commune,2026-03-24 14:41:59.160244+01,gold_establishments_2025,,,,21360176800012,2025,Collectivité Territoriale,Commune,['Indre'],['Centre-Val de Loire'],COM,{36},{24}
cbb15c2d-a01d-45d5-91db-a3279d6cfbdb,212505101,Commune de Ruffey-le-Château (25),false,{25510},Commune,2026-03-24 14:41:56.495197+01,gold_establishments_2025,,,,21250510100015,2025,Collectivité Territoriale,Commune,['Doubs'],['Bourgogne-Franche-Comté'],COM,{25},{27}
43ecad50-f4e2-4816-b8cb-250a2cbc7e64,212105340,Commune de Ruffey-lès-Beaune (21),false,{21534},Commune,2026-03-24 14:41:55.433389+01,gold_establishments_2025,,,,21210534000013,2025,Collectivité Territoriale,Commune,"[""Côte-d'Or""]",['Bourgogne-Franche-Comté'],COM,{21},{27}
62a468a9-e162-4de4-9a0c-9328b913df46,212105357,Commune de Ruffey-lès-Echirey (21),false,{21535},Commune,2026-03-24 14:41:55.433389+01,gold_establishments_2025,,,,21210535700017,2025,Collectivité Territoriale,Commune,"[""Côte-d'Or""]",['Bourgogne-Franche-Comté'],COM,{21},{27}
6ceaf6d0-5947-4c5e-a445-482e42586668,213904717,Commune de Ruffey-sur-Seille (39),false,{39471},Commune,2026-03-24 14:41:59.705606+01,gold_establishments_2025,,,,21390471700013,2025,Collectivité Territoriale,Commune,['Jura'],['Bourgogne-Franche-Comté'],COM,{39},{27}
38ed1580-376b-4e1e-93ae-7b5d770da072,214703381,Commune de Ruffiac (47),false,{47227},Commune,2026-03-24 14:42:00.862623+01,gold_establishments_2025,,,,21470338100019,2025,Collectivité Territoriale,Commune,['Lot-et-Garonne'],['Nouvelle-Aquitaine'],COM,{47},{75}
402cdce1-c6e8-4c73-8198-8340c9e827b1,215602004,Commune de Ruffiac (56),false,{56200},Commune,2026-03-24 14:42:03.701372+01,gold_establishments_2025,,,,21560200400016,2025,Collectivité Territoriale,Commune,['Morbihan'],['Bretagne'],COM,{56},{53}
f6f457df-96a4-4d58-a1e4-4804ea2e4681,210103305,Commune de Ruffieu (nan),false,{01330},Commune,2026-03-24 14:41:51.447482+01,gold_establishments_2025,,,,21010330500012,2025,Collectivité Territoriale,Commune,[''],[''],COM,,
7f4efb15-f98f-42e6-8b61-c8ef4255bb17,217302181,Commune de Ruffieux (73),false,{73218},Commune,2026-03-24 14:42:08.279287+01,gold_establishments_2025,,,,21730218100011,2025,Collectivité Territoriale,Commune,['Savoie'],['Auvergne-Rhône-Alpes'],COM,{73},{84}
412def4b-58ce-4bd4-9d04-8ccc0ca5506d,214401481,Commune de Ruffigné (44),false,{44148},Commune,2026-03-24 14:42:00.273698+01,gold_establishments_2025,,,,21440148100012,2025,Collectivité Territoriale,Commune,['Loire-Atlantique'],['Pays de la Loire'],COM,{44},{52}
672e915d-72ff-45dc-b206-efc861944a2d,212705024,Commune de Rugles (27),false,{27502},Commune,2026-03-24 14:41:57.028721+01,gold_establishments_2025,,,,21270502400017,2025,Collectivité Territoriale,Commune,['Eure'],['Normandie'],COM,{27},{28}
cd94a693-49ae-4ff4-b1cc-5ce0bed55e39,218804060,Commune de Rugney (88),false,{88406},Commune,2026-03-24 14:42:11.118516+01,gold_establishments_2025,,,,21880406000034,2025,Collectivité Territoriale,Commune,['Vosges'],['Grand Est'],COM,{88},{44}
fb151971-ee8c-46aa-909b-7bfc1678701d,218903292,Commune de Rugny (89),false,{89329},Commune,2026-03-24 14:42:11.659493+01,gold_establishments_2025,,,,21890329200017,2025,Collectivité Territoriale,Commune,['Yonne'],['Bourgogne-Franche-Comté'],COM,{89},{27}
ee6afcfa-4649-4198-91d0-385e68b653a1,217004563,Commune de Ruhans (70),false,{70456},Commune,2026-03-24 14:42:07.735343+01,gold_establishments_2025,,,,21700456300011,2025,Collectivité Territoriale,Commune,['Haute-Saône'],['Bourgogne-Franche-Comté'],COM,{70},{27}
564eb50c-39a9-4510-92b5-9b4c91746f2d,215301938,Commune de Ruillé-Froid-Fonds (53),false,{53193},Commune,2026-03-24 14:42:02.957225+01,gold_establishments_2025,,,,21530193800019,2025,Collectivité Territoriale,Commune,['Mayenne'],['Pays de la Loire'],COM,{53},{52}
de27ae07-2e43-40e5-bc74-0e5fe7b1116d,217202613,Commune de Ruillé-en-Champagne (72),false,{72261},Commune,2026-03-24 14:42:08.279287+01,gold_establishments_2025,,,,21720261300014,2025,Collectivité Territoriale,Commune,['Sarthe'],['Pays de la Loire'],COM,{72},{52}
adb1c4c2-4cf9-48d8-8912-0c16abb6fcd0,216207266,Commune de Ruisseauville (62),false,{62726},Commune,2026-03-24 14:42:06.130387+01,gold_establishments_2025,,,,21620726600018,2025,Collectivité Territoriale,Commune,['Pas-de-Calais'],['Hauts-de-France'],COM,{62},{32}
ce794947-1a80-4cac-bbeb-35ca5faecb3c,216207274,Commune de Ruitz (62),false,{62727},Commune,2026-03-24 14:42:06.130387+01,gold_establishments_2025,,,,21620727400012,2025,Collectivité Territoriale,Commune,['Pas-de-Calais'],['Hauts-de-France'],COM,{62},{32}
d51abec7-bbdd-4302-a20c-90b1eec00e15,211202072,Commune de Rullac-Saint-Cirq (12),false,{12207},Commune,2026-03-24 14:41:53.63825+01,gold_establishments_2025,,,,21120207200016,2025,Collectivité Territoriale,Commune,['Aveyron'],['Occitanie'],COM,{12},{76}
87b698f5-c1f2-49e2-bd38-d171babc181d,216005546,Commune de Rully (60),false,{60560},Commune,2026-03-24 14:42:04.814328+01,gold_establishments_2025,,,,21600554600017,2025,Collectivité Territoriale,Commune,['Oise'],['Hauts-de-France'],COM,{60},{32}
1e413c58-c05b-44c5-b7af-ee8b8f2732a6,217103787,Commune de Rully (71),false,{71378},Commune,2026-03-24 14:42:08.279287+01,gold_establishments_2025,,,,21710378700016,2025,Collectivité Territoriale,Commune,['Saône-et-Loire'],['Bourgogne-Franche-Comté'],COM,{71},{27}
27deec18-4e06-48b1-83ee-6cb610bcd570,216207282,Commune de Rumaucourt (62),false,{62728},Commune,2026-03-24 14:42:06.130387+01,gold_establishments_2025,,,,21620728200015,2025,Collectivité Territoriale,Commune,['Pas-de-Calais'],['Hauts-de-France'],COM,{62},{32}
934eb972-5e36-47fe-82ab-6582e898842b,215905191,Commune de Rumegies (59),false,{59519},Commune,2026-03-24 14:42:04.814328+01,gold_establishments_2025,,,,21590519100031,2025,Collectivité Territoriale,Commune,['Nord'],['Hauts-de-France'],COM,{59},{32}
2126c1ec-0396-40b2-af39-b0f29dda94b2,216802918,Commune de Rumersheim-le-Haut (68),false,{68291},Commune,2026-03-24 14:42:07.195692+01,gold_establishments_2025,,,,21680291800013,2025,Collectivité Territoriale,Commune,['Haut-Rhin'],['Grand Est'],COM,{68},{44}
3736a566-3e64-449c-b769-db30ca2b4928,211405501,Commune de Rumesnil (14),false,{14550},Commune,2026-03-24 14:41:54.362296+01,gold_establishments_2025,,,,21140550100019,2025,Collectivité Territoriale,Commune,['Calvados'],['Normandie'],COM,{14},{28}
ba756fc0-bdab-487f-a9ba-c9f20f01e6dd,210803375,Commune de Rumigny (08),false,{08373},Commune,2026-03-24 14:41:53.095366+01,gold_establishments_2025,,,,21080337500018,2025,Collectivité Territoriale,Commune,['Ardennes'],['Grand Est'],COM,{08},{44}
1171a8f0-ca93-48e3-829a-9750d70a4468,218006492,Commune de Rumigny (80),false,{80690},Commune,2026-03-24 14:42:09.967209+01,gold_establishments_2025,,,,21800649200019,2025,Collectivité Territoriale,Commune,['Somme'],['Hauts-de-France'],COM,{80},{32}
2c4843a5-235a-4da9-802c-6e807b84db0b,216207290,Commune de Rumilly (62),false,{62729},Commune,2026-03-24 14:42:06.130387+01,gold_establishments_2025,,,,21620729000018,2025,Collectivité Territoriale,Commune,['Pas-de-Calais'],['Hauts-de-France'],COM,{62},{32}
0f66c29e-1bac-4bbe-93f8-caaeffdb40aa,217402254,Commune de Rumilly (74),false,{74225},Commune,2026-03-24 14:42:08.818969+01,gold_establishments_2025,,,,21740225400015,2025,Collectivité Territoriale,Commune,['Haute-Savoie'],['Auvergne-Rhône-Alpes'],COM,{74},{84}
4a927b05-b7d1-4bb6-ab1d-016f0a29dd7d,215905209,Commune de Rumilly-en-Cambrésis (59),false,{59520},Commune,2026-03-24 14:42:04.814328+01,gold_establishments_2025,,,,21590520900015,2025,Collectivité Territoriale,Commune,['Nord'],['Hauts-de-France'],COM,{59},{32}
cabd59b4-74f8-43a2-8ee2-cc26364d004d,211003207,Commune de Rumilly-lès-Vaudes (10),false,{10331},Commune,2026-03-24 14:41:53.095366+01,gold_establishments_2025,,,,21100320700019,2025,Collectivité Territoriale,Commune,['Aube'],['Grand Est'],COM,{10},{44}
c20c5ca4-a4ce-4e0e-950d-e4ac88efb22e,216207308,Commune de Ruminghem (62),false,{62730},Commune,2026-03-24 14:42:06.130387+01,gold_establishments_2025,,,,21620730800067,2025,Collectivité Territoriale,Commune,['Pas-de-Calais'],['Hauts-de-France'],COM,{62},{32}
d84f5753-581b-4928-b076-b2f2ecfe83a2,215504465,Commune de Rumont (55),false,{55446},Commune,2026-03-24 14:42:03.701372+01,gold_establishments_2025,,,,21550446500018,2025,Collectivité Territoriale,Commune,['Meuse'],['Grand Est'],COM,{55},{44}
960e34c1-2c5f-43df-9f95-6dab03e26788,217703958,Commune de Rumont (77),false,{77395},Commune,2026-03-24 14:42:09.43682+01,gold_establishments_2025,,,,21770395800017,2025,Collectivité Territoriale,Commune,['Seine-et-Marne'],['Île-de-France'],COM,{77},{11}
c1b4935a-5974-4c20-a582-8bfb7a3b7f14,212202691,Commune de Runan (22),false,{22269},Commune,2026-03-24 14:41:55.958138+01,gold_establishments_2025,,,,21220269100011,2025,Collectivité Territoriale,Commune,"[""Côtes-d'Armor""]",['Bretagne'],COM,{22},{53}
40f81b6f-1ab9-4069-aece-9dda23e56324,219400652,Commune de Rungis (94),false,{94065},Commune,2026-03-24 14:42:11.659493+01,gold_establishments_2025,,,,21940065200067,2025,Collectivité Territoriale,Commune,['Val-de-Marne'],['Île-de-France'],COM,{94},{11}
1db1d093-e2a6-4dc1-828e-4cb1cae7c96f,210702015,Commune de Ruoms (07),false,{07201},Commune,2026-03-24 14:41:52.562531+01,gold_establishments_2025,,,,21070201500012,2025,Collectivité Territoriale,Commune,['Ardèche'],['Auvergne-Rhône-Alpes'],COM,{07},{84}
52cc540d-433c-4e46-bdd9-105d03b74fa8,218804078,Commune de Ruppes (88),false,{88407},Commune,2026-03-24 14:42:11.118516+01,gold_establishments_2025,,,,21880407800010,2025,Collectivité Territoriale,Commune,['Vosges'],['Grand Est'],COM,{88},{44}
9d0773b5-dc83-411d-8acf-229fe372d880,215203175,Commune de Rupt (52),false,{52442},Commune,2026-03-24 14:42:01.954481+01,gold_establishments_2025,,,,21520317500017,2025,Collectivité Territoriale,Commune,['Haute-Marne'],['Grand Est'],COM,{52},{44}
815a323d-774a-42ed-bf90-5500bc1e91b5,215504473,Commune de Rupt-aux-Nonains (55),false,{55447},Commune,2026-03-24 14:42:03.701372+01,gold_establishments_2025,,,,21550447300012,2025,Collectivité Territoriale,Commune,['Meuse'],['Grand Est'],COM,{55},{44}
4dbc4a00-5f00-43cc-933e-036817cb4a59,215504481,Commune de Rupt-devant-Saint-Mihiel (55),false,{55448},Commune,2026-03-24 14:42:03.701372+01,gold_establishments_2025,,,,21550448100015,2025,Collectivité Territoriale,Commune,['Meuse'],['Grand Est'],COM,{55},{44}
f7b445cf-8501-4ac8-8ffa-750df7a32323,215504499,Commune de Rupt-en-Woëvre (55),false,{55449},Commune,2026-03-24 14:42:03.701372+01,gold_establishments_2025,,,,21550449900017,2025,Collectivité Territoriale,Commune,['Meuse'],['Grand Est'],COM,{55},{44}
59194007-6cea-49d5-a2a6-c212cb8cb961,218804086,Commune de Rupt-sur-Moselle (88),false,{88408},Commune,2026-03-24 14:42:11.118516+01,gold_establishments_2025,,,,21880408600013,2025,Collectivité Territoriale,Commune,['Vosges'],['Grand Est'],COM,{88},{44}
f0c462f9-3049-46a6-9ab7-f31288095f8e,215504507,Commune de Rupt-sur-Othain (55),false,{55450},Commune,2026-03-24 14:42:03.701372+01,gold_establishments_2025,,,,21550450700017,2025,Collectivité Territoriale,Commune,['Meuse'],['Grand Est'],COM,{55},{44}
5ed42cee-c385-4ebb-980e-ddd9bbe2330b,217004571,Commune de Rupt-sur-Saône (70),false,{70457},Commune,2026-03-24 14:42:07.735343+01,gold_establishments_2025,,,,21700457100014,2025,Collectivité Territoriale,Commune,['Haute-Saône'],['Bourgogne-Franche-Comté'],COM,{70},{27}
eab8c44c-86b6-4b1d-9e51-b205cc30e8d5,217703966,Commune de Rupéreux (77),false,{77396},Commune,2026-03-24 14:42:09.43682+01,gold_establishments_2025,,,,21770396600010,2025,Collectivité Territoriale,Commune,['Seine-et-Marne'],['Île-de-France'],COM,{77},{11}
4035ab36-6d7a-43c0-ad1e-400f24eb71bb,215706029,Commune de Rurange-lès-Thionville (57),false,{57602},Commune,2026-03-24 14:42:04.280096+01,gold_establishments_2025,,,,21570602900018,2025,Collectivité Territoriale,Commune,['Moselle'],['Grand Est'],COM,{57},{44}
e550a472-405e-4d85-8ac7-03be92af42aa,212505119,Commune de Rurey (25),false,{25511},Commune,2026-03-24 14:41:56.495197+01,gold_establishments_2025,,,,21250511900017,2025,Collectivité Territoriale,Commune,['Doubs'],['Bourgogne-Franche-Comté'],COM,{25},{27}
2ea52f3f-4eea-405d-b44b-8061625d47c8,212002646,Commune de Rusio (2B),false,{2B264},Commune,2026-03-24 14:41:57.56054+01,gold_establishments_2025,,,,21200264600017,2025,Collectivité Territoriale,Commune,['Haute-Corse'],['Corse'],COM,{2B},{94}
136ab286-6c31-490f-8dc9-873b21290b50,216704205,Commune de Russ (67),false,{67420},Commune,2026-03-24 14:42:07.195692+01,gold_establishments_2025,,,,21670420500089,2025,Collectivité Territoriale,Commune,['Bas-Rhin'],['Grand Est'],COM,{67},{44}
ea628b7c-fbd9-4d43-a8c8-02307a43e80f,215706037,Commune de Russange (57),false,{57603},Commune,2026-03-24 14:42:04.280096+01,gold_establishments_2025,,,,21570603700011,2025,Collectivité Territoriale,Commune,['Moselle'],['Grand Est'],COM,{57},{44}
954029dd-bb4f-4002-8552-5cb6d5ef8ef4,216005553,Commune de Russy-Bémont (60),false,{60561},Commune,2026-03-24 14:42:04.814328+01,gold_establishments_2025,,,,21600555300013,2025,Collectivité Territoriale,Commune,['Oise'],['Hauts-de-France'],COM,{60},{32}
4c821451-b321-49f8-986b-bda690bbb5b7,216802900,Commune de Rustenhart (68),false,{68290},Commune,2026-03-24 14:42:07.195692+01,gold_establishments_2025,,,,21680290000011,2025,Collectivité Territoriale,Commune,['Haut-Rhin'],['Grand Est'],COM,{68},{44}
a7d3d3cc-98e8-45d2-9aa7-97e015e18310,211103304,Commune de Rustiques (11),false,{11330},Commune,2026-03-24 14:41:53.63825+01,gold_establishments_2025,,,,21110330400013,2025,Collectivité Territoriale,Commune,['Aude'],['Occitanie'],COM,{11},{76}
69c31fc6-263b-4fef-a1a0-1b67c916e516,218401032,Commune de Rustrel (84),false,{84103},Commune,2026-03-24 14:42:10.508772+01,gold_establishments_2025,,,,21840103200014,2025,Collectivité Territoriale,Commune,['Vaucluse'],"[""Provence-Alpes-Côte d'Azur""]",COM,{84},{93}
db57fa79-fbd9-4838-89a3-6aed22bc8f23,215706045,Commune de Rustroff (57),false,{57604},Commune,2026-03-24 14:42:04.280096+01,gold_establishments_2025,,,,21570604500014,2025,Collectivité Territoriale,Commune,['Moselle'],['Grand Est'],COM,{57},{44}
d755d579-a973-4b17-9010-e59e18d2fd61,212002653,Commune de Rutali (2B),false,{2B265},Commune,2026-03-24 14:41:57.56054+01,gold_establishments_2025,,,,21200265300013,2025,Collectivité Territoriale,Commune,['Haute-Corse'],['Corse'],COM,{2B},{94}
1c53b4c6-c850-4ebd-a463-339f0e28e134,211003215,Commune de Ruvigny (10),false,{10332},Commune,2026-03-24 14:41:53.095366+01,gold_establishments_2025,,,,21100321500012,2025,Collectivité Territoriale,Commune,['Aube'],['Grand Est'],COM,{10},{44}
50509286-1bac-4292-a910-6ec804c102ee,213803489,Commune de Ruy-Montceau (38),false,{38348},Commune,2026-03-24 14:41:59.160244+01,gold_establishments_2025,,,,21380348900011,2025,Collectivité Territoriale,Commune,['Isère'],['Auvergne-Rhône-Alpes'],COM,{38},{84}
1259a52a-0b94-4038-922d-cd25a401b064,216207316,Commune de Ruyaulcourt (62),false,{62731},Commune,2026-03-24 14:42:06.130387+01,gold_establishments_2025,,,,21620731600011,2025,Collectivité Territoriale,Commune,['Pas-de-Calais'],['Hauts-de-France'],COM,{62},{32}
063a000d-f99b-4eac-a556-5952a6510a3d,211501689,Commune de Ruynes-en-Margeride (15),false,{15168},Commune,2026-03-24 14:41:54.362296+01,gold_establishments_2025,,,,21150168900015,2025,Collectivité Territoriale,Commune,['Cantal'],['Auvergne-Rhône-Alpes'],COM,{15},{84}
b9938aef-5251-4f2d-9fa5-3a2d093e6f55,217605484,Commune de Ry (76),false,{76548},Commune,2026-03-24 14:42:08.818969+01,gold_establishments_2025,,,,21760548400013,2025,Collectivité Territoriale,Commune,['Seine-Maritime'],['Normandie'],COM,{76},{28}
da1c546e-2d6b-49e6-b410-2561870979e6,213904725,Commune de Rye (39),false,{39472},Commune,2026-03-24 14:41:59.705606+01,gold_establishments_2025,,,,21390472500016,2025,Collectivité Territoriale,Commune,['Jura'],['Bourgogne-Franche-Comté'],COM,{39},{27}
bacc26db-9828-4afc-b62e-93fac9020d8f,211405527,Commune de Ryes (14),false,{14552},Commune,2026-03-24 14:41:54.362296+01,gold_establishments_2025,,,,21140552700014,2025,Collectivité Territoriale,Commune,['Calvados'],['Normandie'],COM,{14},{28}
c5e6fdf9-b736-4429-8d6f-f615ff6514fc,215904863,Commune de Râches (59),false,{59486},Commune,2026-03-24 14:42:04.814328+01,gold_establishments_2025,,,,21590486300010,2025,Collectivité Territoriale,Commune,['Nord'],['Hauts-de-France'],COM,{59},{32}
b1e8c47e-2d2c-4de7-81a2-2ca4998f04a5,216103440,Commune de Rânes (61),false,{61344},Commune,2026-03-24 14:42:05.597325+01,gold_establishments_2025,,,,21610344000014,2025,Collectivité Territoriale,Commune,['Orne'],['Normandie'],COM,{61},{28}
b641647e-c72f-41a9-a02a-123285c21cfa,216601591,Commune de Réal (66),false,{66159},Commune,2026-03-24 14:42:06.665412+01,gold_establishments_2025,,,,21660159100011,2025,Collectivité Territoriale,Commune,['Pyrénées-Orientales'],['Occitanie'],COM,{66},{76}
c69f881d-db22-4db5-be1f-704c14a7706d,217605203,Commune de Réalcamp (76),false,{76520},Commune,2026-03-24 14:42:08.818969+01,gold_establishments_2025,,,,21760520300017,2025,Collectivité Territoriale,Commune,['Seine-Maritime'],['Normandie'],COM,{76},{28}
b8f0bf42-85c2-4ca7-a0da-92331c0e55c2,210501144,Commune de Réallon (05),false,{05114},Commune,2026-03-24 14:41:52.562531+01,gold_establishments_2025,,,,21050114400013,2025,Collectivité Territoriale,Commune,['Hautes-Alpes'],"[""Provence-Alpes-Côte d'Azur""]",COM,{05},{93}
b998f2da-9343-4f69-a919-f5c30b2ae094,218102226,Commune de Réalmont (81),false,{81222},Commune,2026-03-24 14:42:09.967209+01,gold_establishments_2025,,,,21810222600014,2025,Collectivité Territoriale,Commune,['Tarn'],['Occitanie'],COM,{81},{76}
92fda228-631c-4f19-9d92-4f00ef57f22c,218201499,Commune de Réalville (82),false,{82149},Commune,2026-03-24 14:42:10.508772+01,gold_establishments_2025,,,,21820149900017,2025,Collectivité Territoriale,Commune,['Tarn-et-Garonne'],['Occitanie'],COM,{82},{76}
2abc7659-34bf-4918-b621-fdf0004d30e7,213203409,Commune de Réans (32),false,{32340},Commune,2026-03-24 14:41:58.09424+01,gold_establishments_2025,,,,21320340900015,2025,Collectivité Territoriale,Commune,['Gers'],['Occitanie'],COM,{32},{76}
9c8a937a-4739-4ed1-8526-95475a881db1,217703842,Commune de Réau (77),false,{77384},Commune,2026-03-24 14:42:09.43682+01,gold_establishments_2025,,,,21770384200013,2025,Collectivité Territoriale,Commune,['Seine-et-Marne'],['Île-de-France'],COM,{77},{11}
2f12c222-1213-4b1b-a9ea-5c640ef39163,213803315,Commune de Réaumont (38),false,{38331},Commune,2026-03-24 14:41:59.160244+01,gold_establishments_2025,,,,21380331500018,2025,Collectivité Territoriale,Commune,['Isère'],['Auvergne-Rhône-Alpes'],COM,{38},{84}
61e8820c-8ee9-40c4-82a5-7e0816ff81f9,218501872,Commune de Réaumur (85),false,{85187},Commune,2026-03-24 14:42:10.508772+01,gold_establishments_2025,,,,21850187200012,2025,Collectivité Territoriale,Commune,['Vendée'],['Pays de la Loire'],COM,{85},{52}
8770b9fc-7ee6-4a58-b6f8-98dd87056868,214702219,Commune de Réaup-Lisse (47),false,{47221},Commune,2026-03-24 14:42:00.862623+01,gold_establishments_2025,,,,21470221900012,2025,Collectivité Territoriale,Commune,['Lot-et-Garonne'],['Nouvelle-Aquitaine'],COM,{47},{75}
b5a23ce7-11ca-408c-a0d1-a58b07c36f2a,212602619,Commune de Réauville (26),false,{26261},Commune,2026-03-24 14:41:56.495197+01,gold_establishments_2025,,,,21260261900018,2025,Collectivité Territoriale,Commune,['Drôme'],['Auvergne-Rhône-Alpes'],COM,{26},{84}
92b75a61-7eee-4c16-9b7d-cf1dc3acf92d,200053049,Commune de Réaux sur Trèfle (17),false,{17295},Commune,2026-03-24 14:41:54.903238+01,gold_establishments_2025,,,,20005304900017,2025,Collectivité Territoriale,Commune,['Charente-Maritime'],['Nouvelle-Aquitaine'],COM,{17},{75}
6965977c-1730-4722-9d8b-d21763c98e98,216404632,Commune de Rébénacq (64),false,{64463},Commune,2026-03-24 14:42:06.665412+01,gold_establishments_2025,,,,21640463200012,2025,Collectivité Territoriale,Commune,['Pyrénées-Atlantiques'],['Nouvelle-Aquitaine'],COM,{64},{75}
cff08697-1bf4-4eb6-8573-96141a994ced,215404468,Commune de Réchicourt-la-Petite (54),false,{54446},Commune,2026-03-24 14:42:02.957225+01,gold_establishments_2025,,,,21540446800013,2025,Collectivité Territoriale,Commune,['Meurthe-et-Moselle'],['Grand Est'],COM,{54},{44}
3c8eb8d6-49e4-4f1d-946e-c45bc892c1ba,215705641,Commune de Réchicourt-le-Château (57),false,{57564},Commune,2026-03-24 14:42:04.280096+01,gold_establishments_2025,,,,21570564100011,2025,Collectivité Territoriale,Commune,['Moselle'],['Grand Est'],COM,{57},{44}
f16e838d-f7be-417d-9e8b-bf0a245eca1e,219000817,Commune de Réchésy (90),false,{90081},Commune,2026-03-24 14:42:11.659493+01,gold_establishments_2025,,,,21900081700011,2025,Collectivité Territoriale,Commune,['Territoire de Belfort'],['Bourgogne-Franche-Comté'],COM,{90},{27}
e444d40e-830a-44e2-891e-04feccddac45,215504192,Commune de Récicourt (55),false,{55419},Commune,2026-03-24 14:42:03.701372+01,gold_establishments_2025,,,,21550419200018,2025,Collectivité Territoriale,Commune,['Meuse'],['Grand Est'],COM,{55},{44}
a2bae930-1784-47a2-aa0c-fb3f00ee8f62,212803134,Commune de Réclainville (28),false,{28313},Commune,2026-03-24 14:41:57.028721+01,gold_establishments_2025,,,,21280313400015,2025,Collectivité Territoriale,Commune,['Eure-et-Loir'],['Centre-Val de Loire'],COM,{28},{24}
4c6191ee-1055-407f-8f47-dd6139b90781,215404476,Commune de Réclonville (54),false,{54447},Commune,2026-03-24 14:42:02.957225+01,gold_establishments_2025,,,,21540447600016,2025,Collectivité Territoriale,Commune,['Meurthe-et-Moselle'],['Grand Est'],COM,{54},{44}
734d48b0-b0e7-4fef-aeb8-f5cf21fc0546,216206979,Commune de Récourt (62),false,{62697},Commune,2026-03-24 14:42:06.130387+01,gold_establishments_2025,,,,21620697900017,2025,Collectivité Territoriale,Commune,['Pas-de-Calais'],['Hauts-de-France'],COM,{62},{32}
102575cb-d286-48cf-826a-b9238c597430,215504200,Commune de Récourt-le-Creux (55),false,{55420},Commune,2026-03-24 14:42:03.701372+01,gold_establishments_2025,,,,21550420000019,2025,Collectivité Territoriale,Commune,['Meuse'],['Grand Est'],COM,{55},{44}
6863d570-3cbb-448b-a4f4-71ed8377c51c,215705658,Commune de Rédange (57),false,{57565},Commune,2026-03-24 14:42:04.280096+01,gold_establishments_2025,,,,21570565800072,2025,Collectivité Territoriale,Commune,['Moselle'],['Grand Est'],COM,{57},{44}
97e233ca-dbd0-4cef-83ad-329cabb3d83c,212902340,Commune de Rédené (29),false,{29234},Commune,2026-03-24 14:41:57.56054+01,gold_establishments_2025,,,,21290234000018,2025,Collectivité Territoriale,Commune,['Finistère'],['Bretagne'],COM,{29},{53}
8b738a03-c2ca-49cc-ba4f-cf070ec5b8d3,215705666,Commune de Réding (57),false,{57566},Commune,2026-03-24 14:42:04.280096+01,gold_establishments_2025,,,,21570566600018,2025,Collectivité Territoriale,Commune,['Moselle'],['Grand Est'],COM,{57},{44}
e62dff0c-1da0-46c3-8a24-4e40f79aa120,216005215,Commune de Réez-Fosse-Martin (60),false,{60527},Commune,2026-03-24 14:42:04.814328+01,gold_establishments_2025,,,,21600521500019,2025,Collectivité Territoriale,Commune,['Oise'],['Hauts-de-France'],COM,{60},{32}
e84344ed-d761-46c1-ab0b-7c7d29078efb,213104490,Commune de Régades (31),false,{31449},Commune,2026-03-24 14:41:58.09424+01,gold_establishments_2025,,,,21310449000015,2025,Collectivité Territoriale,Commune,['Haute-Garonne'],['Occitanie'],COM,{31},{76}
74d9e48d-76fb-425e-849a-d80cdfdebb76,210902433,Commune de Régat (09),false,{09243},Commune,2026-03-24 14:41:53.095366+01,gold_establishments_2025,,,,21090243300015,2025,Collectivité Territoriale,Commune,['Ariège'],['Occitanie'],COM,{09},{76}
7bd22484-63c5-4877-9996-d0c76f9c1308,219733011,Commune de Régina (973),false,{97301},Commune,2026-03-24 14:42:11.659493+01,gold_establishments_2025,,,,21973301100015,2025,Collectivité Territoriale,Commune,['Guyane'],['Guyane'],COM,{973},{03}
82115c88-2e7f-4139-8023-6c9566de8121,216901652,Commune de Régnié-Durette (69),false,{69165},Commune,2026-03-24 14:42:07.195692+01,gold_establishments_2025,,,,21690165200018,2025,Collectivité Territoriale,Commune,['Rhône'],['Auvergne-Rhône-Alpes'],COM,{69},{84}
30f9a4f4-51a6-46e5-be48-fa2f39b985af,214201816,Commune de Régny (42),false,{42181},Commune,2026-03-24 14:42:00.273698+01,gold_establishments_2025,,,,21420181600011,2025,Collectivité Territoriale,Commune,['Loire'],['Auvergne-Rhône-Alpes'],COM,{42},{84}
65073e7c-aebb-44b0-9140-f75d526585aa,215601907,Commune de Réguiny (56),false,{56190},Commune,2026-03-24 14:42:03.701372+01,gold_establishments_2025,,,,21560190700011,2025,Collectivité Territoriale,Commune,['Morbihan'],['Bretagne'],COM,{56},{53}
b0900e86-576c-4de1-a819-6abec3c56a02,216802660,Commune de Réguisheim (68),false,{68266},Commune,2026-03-24 14:42:07.195692+01,gold_establishments_2025,,,,21680266000011,2025,Collectivité Territoriale,Commune,['Haut-Rhin'],['Grand Est'],COM,{68},{44}
f21ec578-eb6f-4905-8afa-0f6264331013,218301026,Commune de Régusse (83),false,{83102},Commune,2026-03-24 14:42:10.508772+01,gold_establishments_2025,,,,21830102600017,2025,Collectivité Territoriale,Commune,['Var'],"[""Provence-Alpes-Côte d'Azur""]",COM,{83},{93}
e38146fe-08aa-4316-8cb3-f0aa9ba64fa5,215404518,Commune de Réhon (54),false,{54451},Commune,2026-03-24 14:42:02.957225+01,gold_establishments_2025,,,,21540451800015,2025,Collectivité Territoriale,Commune,['Meurthe-et-Moselle'],['Grand Est'],COM,{54},{44}
25b003ff-5530-402f-8ebd-3337df62df1e,213203417,Commune de Réjaumont (32),false,{32341},Commune,2026-03-24 14:41:58.09424+01,gold_establishments_2025,,,,21320341700018,2025,Collectivité Territoriale,Commune,['Gers'],['Occitanie'],COM,{32},{76}
9177c150-a3a0-49b8-bb1f-72e5a4ce05f6,216503771,Commune de Réjaumont (65),false,{65377},Commune,2026-03-24 14:42:06.665412+01,gold_establishments_2025,,,,21650377100018,2025,Collectivité Territoriale,Commune,['Hautes-Pyrénées'],['Occitanie'],COM,{65},{76}
61a91384-e0b2-43c8-b0a4-123a0065304d,200054070,Commune de Rémalard en Perche (61),false,{61345},Commune,2026-03-24 14:42:05.597325+01,gold_establishments_2025,,,,20005407000012,2025,Collectivité Territoriale,Commune,['Orne'],['Normandie'],COM,{61},{28}
c7949d11-6095-4486-8db7-4f62e1ad900d,215705674,Commune de Rémelfang (57),false,{57567},Commune,2026-03-24 14:42:04.280096+01,gold_establishments_2025,,,,21570567400012,2025,Collectivité Territoriale,Commune,['Moselle'],['Grand Est'],COM,{57},{44}
27e75a56-1f0e-4872-a8e9-f23fb4b960c5,215705682,Commune de Rémelfing (57),false,{57568},Commune,2026-03-24 14:42:04.280096+01,gold_establishments_2025,,,,21570568200072,2025,Collectivité Territoriale,Commune,['Moselle'],['Grand Est'],COM,{57},{44}
921ee8a1-41f5-4bdd-b775-b53c8287a286,215705690,Commune de Rémeling (57),false,{57569},Commune,2026-03-24 14:42:04.280096+01,gold_establishments_2025,,,,21570569000018,2025,Collectivité Territoriale,Commune,['Moselle'],['Grand Est'],COM,{57},{44}
47887064-5cb4-4627-87cf-4a570fc382ed,215705708,Commune de Rémering (57),false,{57570},Commune,2026-03-24 14:42:04.280096+01,gold_establishments_2025,,,,21570570800018,2025,Collectivité Territoriale,Commune,['Moselle'],['Grand Est'],COM,{57},{44}
8d82fbcd-395e-4c43-a4fc-80cbdd0b6a05,215705716,Commune de Rémering-lès-Puttelange (57),false,{57571},Commune,2026-03-24 14:42:04.280096+01,gold_establishments_2025,,,,21570571600086,2025,Collectivité Territoriale,Commune,['Moselle'],['Grand Est'],COM,{57},{44}
bdb63682-6dab-4db1-977d-9ef8f6e03a0d,215705724,Commune de Rémilly (57),false,{57572},Commune,2026-03-24 14:42:04.280096+01,gold_establishments_2025,,,,21570572400015,2025,Collectivité Territoriale,Commune,['Moselle'],['Grand Est'],COM,{57},{44}
2b44bbd4-25c0-4663-a10e-4a11a2530cb2,215802216,Commune de Rémilly (58),false,{58221},Commune,2026-03-24 14:42:04.280096+01,gold_establishments_2025,,,,21580221600014,2025,Collectivité Territoriale,Commune,['Nièvre'],['Bourgogne-Franche-Comté'],COM,{58},{27}
b6234926-7d85-4398-863c-a76ebb29efb4,215601915,Commune de Réminiac (56),false,{56191},Commune,2026-03-24 14:42:03.701372+01,gold_establishments_2025,,,,21560191500014,2025,Collectivité Territoriale,Commune,['Morbihan'],['Bretagne'],COM,{56},{53}
68c78e2c-eabc-4ebc-936a-b9596ade0962,212504856,Commune de Rémondans-Vaivre (25),false,{25485},Commune,2026-03-24 14:41:56.495197+01,gold_establishments_2025,,,,21250485600015,2025,Collectivité Territoriale,Commune,['Doubs'],['Bourgogne-Franche-Comté'],COM,{25},{27}
eb45e3ac-e94d-4a99-8f9d-debeecf27d7b,212602643,Commune de Rémuzat (26),false,{26264},Commune,2026-03-24 14:41:56.495197+01,gold_establishments_2025,,,,21260264300018,2025,Collectivité Territoriale,Commune,['Drôme'],['Auvergne-Rhône-Alpes'],COM,{26},{84}
2ed9e964-e12a-4b30-89f5-0eba653d08ab,216207035,Commune de Rémy (62),false,{62703},Commune,2026-03-24 14:42:06.130387+01,gold_establishments_2025,,,,21620703500017,2025,Collectivité Territoriale,Commune,['Pas-de-Calais'],['Hauts-de-France'],COM,{62},{32}
e29c1d00-d3fe-4535-aa75-4256c92e3048,216005223,Commune de Rémécourt (60),false,{60529},Commune,2026-03-24 14:42:04.814328+01,gold_establishments_2025,,,,21600522300013,2025,Collectivité Territoriale,Commune,['Oise'],['Hauts-de-France'],COM,{60},{32}
b8f77192-891d-4a47-8e2d-f74548111a85,216005249,Commune de Rémérangles (60),false,{60530},Commune,2026-03-24 14:42:04.814328+01,gold_establishments_2025,,,,21600524900018,2025,Collectivité Territoriale,Commune,['Oise'],['Hauts-de-France'],COM,{60},{32}
88755f7b-d36b-4b4b-8560-0a35e8ee0109,215404567,Commune de Réméréville (54),false,{54456},Commune,2026-03-24 14:42:02.957225+01,gold_establishments_2025,,,,21540456700012,2025,Collectivité Territoriale,Commune,['Meurthe-et-Moselle'],['Grand Est'],COM,{54},{44}
e98fcdcd-3f99-4106-8788-24e296c31997,215705732,Commune de Réning (57),false,{57573},Commune,2026-03-24 14:42:04.280096+01,gold_establishments_2025,,,,21570573200018,2025,Collectivité Territoriale,Commune,['Moselle'],['Grand Est'],COM,{57},{44}
f31ee85d-bd87-4597-bcb6-05eac546e622,210501169,Commune de Réotier (05),false,{05116},Commune,2026-03-24 14:41:52.562531+01,gold_establishments_2025,,,,21050116900010,2025,Collectivité Territoriale,Commune,['Hautes-Alpes'],"[""Provence-Alpes-Côte d'Azur""]",COM,{05},{93}
5553c562-4ee7-4bad-a8d6-df527c40886b,211602776,Commune de Réparsac (16),false,{16277},Commune,2026-03-24 14:41:54.362296+01,gold_establishments_2025,,,,21160277600018,2025,Collectivité Territoriale,Commune,['Charente'],['Nouvelle-Aquitaine'],COM,{16},{75}
9cdd9a52-bdc1-4cc2-a378-546407c1eb08,211201975,Commune de Réquista (12),false,{12197},Commune,2026-03-24 14:41:53.63825+01,gold_establishments_2025,,,,21120197500011,2025,Collectivité Territoriale,Commune,['Aveyron'],['Occitanie'],COM,{12},{76}
8c8c1c8d-d6f1-43cd-a3d0-e1847b39516d,216103473,Commune de Résenlieu (61),false,{61347},Commune,2026-03-24 14:42:05.597325+01,gold_establishments_2025,,,,21610347300015,2025,Collectivité Territoriale,Commune,['Orne'],['Normandie'],COM,{61},{28}
ed22d3b3-295b-4049-ae63-8bef5c9aa0b9,210206173,Commune de Résigny (02),false,{02642},Commune,2026-03-24 14:41:52.020251+01,gold_establishments_2025,,,,21020617300036,2025,Collectivité Territoriale,Commune,['Aisne'],['Hauts-de-France'],COM,{02},{32}
4d1d676e-8ab0-4a3c-b2d8-56e5abe476db,211702964,Commune de Rétaud (17),false,{17296},Commune,2026-03-24 14:41:54.903238+01,gold_establishments_2025,,,,21170296400019,2025,Collectivité Territoriale,Commune,['Charente-Maritime'],['Nouvelle-Aquitaine'],COM,{17},{75}
c1049e95-d7fa-424d-b86a-a28c2212b74c,217605237,Commune de Rétonval (76),false,{76523},Commune,2026-03-24 14:42:08.818969+01,gold_establishments_2025,,,,21760523700015,2025,Collectivité Territoriale,Commune,['Seine-Maritime'],['Normandie'],COM,{76},{28}
38cd5164-f0a6-4c19-bc4b-b338bf267f31,215104266,Commune de Réveillon (51),false,{51459},Commune,2026-03-24 14:42:01.954481+01,gold_establishments_2025,,,,21510426600014,2025,Collectivité Territoriale,Commune,['Marne'],['Grand Est'],COM,{51},{44}
84cea836-30c1-4c7c-b930-b47d1c13d468,216103481,Commune de Réveillon (61),false,{61348},Commune,2026-03-24 14:42:05.597325+01,gold_establishments_2025,,,,21610348100018,2025,Collectivité Territoriale,Commune,['Orne'],['Normandie'],COM,{61},{28}
38112508-3f0c-443d-ba76-afe9447a2529,215004334,Commune de Réville (50),false,{50433},Commune,2026-03-24 14:42:01.412377+01,gold_establishments_2025,,,,21500433400011,2025,Collectivité Territoriale,Commune,['Manche'],['Normandie'],COM,{50},{28}
c76ee621-db50-4016-b576-2eb63cba2725,215504283,Commune de Réville-aux-Bois (55),false,{55428},Commune,2026-03-24 14:42:03.701372+01,gold_establishments_2025,,,,21550428300015,2025,Collectivité Territoriale,Commune,['Meuse'],['Grand Est'],COM,{55},{44}
66d0cb6a-1136-4ec6-9a44-1039e41bfc27,211501614,Commune de Rézentières (15),false,{15161},Commune,2026-03-24 14:41:54.362296+01,gold_establishments_2025,,,,21150161400013,2025,Collectivité Territoriale,Commune,['Cantal'],['Auvergne-Rhône-Alpes'],COM,{15},{84}
1697c95b-0b23-41fe-a9b4-3e2e95724451,216103523,Commune de Rônai (61),false,{61352},Commune,2026-03-24 14:42:05.597325+01,gold_establishments_2025,,,,21610352300017,2025,Collectivité Territoriale,Commune,['Orne'],['Normandie'],COM,{61},{28}
c485d0a8-f6d5-402c-b3cb-87afd91f2200,216704056,Commune de Rœschwoog (67),false,{67405},Commune,2026-03-24 14:42:07.195692+01,gold_establishments_2025,,,,21670405600011,2025,Collectivité Territoriale,Commune,['Bas-Rhin'],['Grand Est'],COM,{67},{44}
157c7dd4-86c8-44d0-a00b-3e9ed5902eb6,215905043,Commune de Rœulx (59),false,{59504},Commune,2026-03-24 14:42:04.814328+01,gold_establishments_2025,,,,21590504300018,2025,Collectivité Territoriale,Commune,['Nord'],['Hauts-de-France'],COM,{59},{32}
75c14a5c-0eb7-4cd8-9ef3-b9cb99913b80,216207183,Commune de Rœux (62),false,{62718},Commune,2026-03-24 14:42:06.130387+01,gold_establishments_2025,,,,21620718300015,2025,Collectivité Territoriale,Commune,['Pas-de-Calais'],['Hauts-de-France'],COM,{62},{32}
720a96d1-e73c-40ca-831c-b3297992bf4b,216704213,Commune de Saales (67),false,{67421},Commune,2026-03-24 14:42:07.195692+01,gold_establishments_2025,,,,21670421300018,2025,Collectivité Territoriale,Commune,['Bas-Rhin'],['Grand Est'],COM,{67},{44}
6bfbc60a-b716-4141-b550-20e348299bb6,216704221,Commune de Saasenheim (67),false,{67422},Commune,2026-03-24 14:42:07.195692+01,gold_establishments_2025,,,,21670422100011,2025,Collectivité Territoriale,Commune,['Bas-Rhin'],['Grand Est'],COM,{67},{44}
a4d43ae4-7be1-47e4-b4b0-531976442190,214602443,Commune de Sabadel-Latronquière (46),false,{46244},Commune,2026-03-24 14:42:00.862623+01,gold_establishments_2025,,,,21460244300019,2025,Collectivité Territoriale,Commune,['Lot'],['Occitanie'],COM,{46},{76}
d70ea8e8-c295-47da-973a-b9b99786d909,214602450,Commune de Sabadel-Lauzès (46),false,{46245},Commune,2026-03-24 14:42:00.862623+01,gold_establishments_2025,,,,21460245000014,2025,Collectivité Territoriale,Commune,['Lot'],['Occitanie'],COM,{46},{76}
f1cb7225-433f-4aa0-8f18-49c2a0fb3509,213203532,Commune de Sabaillan (32),false,{32353},Commune,2026-03-24 14:41:58.09424+01,gold_establishments_2025,,,,21320353200014,2025,Collectivité Territoriale,Commune,['Gers'],['Occitanie'],COM,{32},{76}
6109b09f-305f-4069-a9c9-9305d89d4886,216503805,Commune de Sabalos (65),false,{65380},Commune,2026-03-24 14:42:06.665412+01,gold_establishments_2025,,,,21650380500014,2025,Collectivité Territoriale,Commune,['Hautes-Pyrénées'],['Occitanie'],COM,{65},{76}
c5e1c8ef-c40a-441d-a910-5efeac08bb04,210902532,Commune de Sabarat (09),false,{09253},Commune,2026-03-24 14:41:53.095366+01,gold_establishments_2025,,,,21090253200014,2025,Collectivité Territoriale,Commune,['Ariège'],['Occitanie'],COM,{09},{76}
5025f24e-aff0-4975-95b1-e3b0edeebf62,216503813,Commune de Sabarros (65),false,{65381},Commune,2026-03-24 14:42:06.665412+01,gold_establishments_2025,,,,21650381300018,2025,Collectivité Territoriale,Commune,['Hautes-Pyrénées'],['Occitanie'],COM,{65},{76}
1f57ddb4-9d63-4ebe-8e66-772874c180ee,213203540,Commune de Sabazan (32),false,{32354},Commune,2026-03-24 14:41:58.09424+01,gold_establishments_2025,,,,21320354000017,2025,Collectivité Territoriale,Commune,['Gers'],['Occitanie'],COM,{32},{76}
b6a3dae5-f16b-4e74-b97f-ac114f66c926,218401040,Commune de Sablet (84),false,{84104},Commune,2026-03-24 14:42:10.508772+01,gold_establishments_2025,,,,21840104000017,2025,Collectivité Territoriale,Commune,['Vaucluse'],"[""Provence-Alpes-Côte d'Azur""]",COM,{84},{93}
28d51570-a634-4b32-baf4-50f2dd7d4784,210702023,Commune de Sablières (07),false,{07202},Commune,2026-03-24 14:41:52.562531+01,gold_establishments_2025,,,,21070202300016,2025,Collectivité Territoriale,Commune,['Ardèche'],['Auvergne-Rhône-Alpes'],COM,{07},{84}
6fa2404f-63d7-4842-b294-1f8d9a7c18f0,211703079,Commune de Sablonceaux (17),false,{17307},Commune,2026-03-24 14:41:54.903238+01,gold_establishments_2025,,,,21170307900015,2025,Collectivité Territoriale,Commune,['Charente-Maritime'],['Nouvelle-Aquitaine'],COM,{17},{75}
e9914745-8c05-45d3-bea4-e5c163bcc68c,217703982,Commune de Sablonnières (77),false,{77398},Commune,2026-03-24 14:42:09.43682+01,gold_establishments_2025,,,,21770398200017,2025,Collectivité Territoriale,Commune,['Seine-et-Marne'],['Île-de-France'],COM,{77},{11}
e15a3dc7-8789-4778-84b5-67c4eb68c8a1,213303621,Commune de Sablons (33),false,{33362},Commune,2026-03-24 14:41:58.620411+01,gold_establishments_2025,,,,21330362100014,2025,Collectivité Territoriale,Commune,['Gironde'],['Nouvelle-Aquitaine'],COM,{33},{75}
db97b738-f73c-4872-9643-77d5cfeefe92,213803497,Commune de Sablons (38),false,{38349},Commune,2026-03-24 14:41:59.160244+01,gold_establishments_2025,,,,21380349700014,2025,Collectivité Territoriale,Commune,['Isère'],['Auvergne-Rhône-Alpes'],COM,{38},{84}
38aab50d-8205-442f-9dff-9d2260f8d937,217202647,Commune de Sablé-sur-Sarthe (72),false,{72264},Commune,2026-03-24 14:42:08.279287+01,gold_establishments_2025,,,,21720264700012,2025,Collectivité Territoriale,Commune,['Sarthe'],['Pays de la Loire'],COM,{72},{52}
da426b6c-10bf-4cab-a021-65bb5e97bc81,213104649,Commune de Sabonnères (31),false,{31464},Commune,2026-03-24 14:41:58.09424+01,gold_establishments_2025,,,,21310464900016,2025,Collectivité Territoriale,Commune,['Haute-Garonne'],['Occitanie'],COM,{31},{76}
a67a29fe-353a-4588-af81-d55affe9ffc0,213002256,Commune de Sabran (30),false,{30225},Commune,2026-03-24 14:41:57.56054+01,gold_establishments_2025,,,,21300225600013,2025,Collectivité Territoriale,Commune,['Gard'],['Occitanie'],COM,{30},{76}
bd7db54d-bf1b-44f5-b82a-d71101159f27,214002461,Commune de Sabres (40),false,{40246},Commune,2026-03-24 14:41:59.705606+01,gold_establishments_2025,,,,21400246100017,2025,Collectivité Territoriale,Commune,['Landes'],['Nouvelle-Aquitaine'],COM,{40},{75}
31ef7813-a941-45f4-9d81-cd6502602f95,213104656,Commune de Saccourvielle (31),false,{31465},Commune,2026-03-24 14:41:58.09424+01,gold_establishments_2025,,,,21310465600011,2025,Collectivité Territoriale,Commune,['Haute-Garonne'],['Occitanie'],COM,{31},{76}
016ea186-b1d7-4dc3-9a0e-b1457cb09f20,215004433,Commune de Sacey (50),false,{50443},Commune,2026-03-24 14:42:01.412377+01,gold_establishments_2025,,,,21500443300011,2025,Collectivité Territoriale,Commune,['Manche'],['Normandie'],COM,{50},{28}
64b36914-81c2-4370-a9ce-5475b865213a,216207324,Commune de Sachin (62),false,{62732},Commune,2026-03-24 14:42:06.130387+01,gold_establishments_2025,,,,21620732400015,2025,Collectivité Territoriale,Commune,['Pas-de-Calais'],['Hauts-de-France'],COM,{62},{32}
68a8c98f-50eb-493e-87a9-c6cf47b0c208,210803391,Commune de Sachy (08),false,{08375},Commune,2026-03-24 14:41:53.095366+01,gold_establishments_2025,,,,21080339100015,2025,Collectivité Territoriale,Commune,['Ardennes'],['Grand Est'],COM,{08},{44}
e03ae727-e525-4e40-aa92-d8c32dba9799,213702053,Commune de Saché (37),false,{37205},Commune,2026-03-24 14:41:59.160244+01,gold_establishments_2025,,,,21370205300017,2025,Collectivité Territoriale,Commune,['Indre-et-Loire'],['Centre-Val de Loire'],COM,{37},{24}
d45b7e98-b825-4750-9297-fbb9bac82739,213601776,Commune de Sacierges-Saint-Martin (36),false,{36177},Commune,2026-03-24 14:41:59.160244+01,gold_establishments_2025,,,,21360177600015,2025,Collectivité Territoriale,Commune,['Indre'],['Centre-Val de Loire'],COM,{36},{24}
54e7c509-0dfc-42fb-8b2d-ffaaa1c6979f,219105335,Commune de Saclas (91),false,{91533},Commune,2026-03-24 14:42:11.659493+01,gold_establishments_2025,,,,21910533500018,2025,Collectivité Territoriale,Commune,['Essonne'],['Île-de-France'],COM,{91},{11}
e2948a01-1f19-4e02-999a-8cfff38e8807,219105343,Commune de Saclay (91),false,{91534},Commune,2026-03-24 14:42:11.659493+01,gold_establishments_2025,,,,21910534300012,2025,Collectivité Territoriale,Commune,['Essonne'],['Île-de-France'],COM,{91},{11}
897b4da3-81eb-405e-b981-221c89e5e410,210206421,Commune de Saconin-et-Breuil (02),false,{02667},Commune,2026-03-24 14:41:52.020251+01,gold_establishments_2025,,,,21020642100013,2025,Collectivité Territoriale,Commune,['Aisne'],['Hauts-de-France'],COM,{02},{32}
0482e55a-55eb-490a-81db-7f3fdcebf09d,216503821,Commune de Sacoué (65),false,{65382},Commune,2026-03-24 14:42:06.665412+01,gold_establishments_2025,,,,21650382100011,2025,Collectivité Territoriale,Commune,['Hautes-Pyrénées'],['Occitanie'],COM,{65},{76}
57261291-ffc1-4498-abfc-8f3484ebcd53,212105365,Commune de Sacquenay (21),false,{21536},Commune,2026-03-24 14:41:55.433389+01,gold_establishments_2025,,,,21210536500010,2025,Collectivité Territoriale,Commune,"[""Côte-d'Or""]",['Bourgogne-Franche-Comté'],COM,{21},{27}
a4029b85-480b-4985-ba03-70725ffeb776,212705040,Commune de Sacquenville (27),false,{27504},Commune,2026-03-24 14:41:57.028721+01,gold_establishments_2025,,,,21270504000013,2025,Collectivité Territoriale,Commune,['Eure'],['Normandie'],COM,{27},{28}
7b8faef3-ab4a-492e-a8bc-b96a5b682e9e,215104365,Commune de Sacy (51),false,{51471},Commune,2026-03-24 14:42:01.954481+01,gold_establishments_2025,,,,21510436500014,2025,Collectivité Territoriale,Commune,['Marne'],['Grand Est'],COM,{51},{44}
5ac2d922-8b79-4e80-8a9f-11b7fc34b277,216005561,Commune de Sacy-le-Grand (60),false,{60562},Commune,2026-03-24 14:42:04.814328+01,gold_establishments_2025,,,,21600556100016,2025,Collectivité Territoriale,Commune,['Oise'],['Hauts-de-France'],COM,{60},{32}
ed39ddd7-32d0-46af-8bdb-12bece3c51b5,216005579,Commune de Sacy-le-Petit (60),false,{60563},Commune,2026-03-24 14:42:04.814328+01,gold_establishments_2025,,,,21600557900018,2025,Collectivité Territoriale,Commune,['Oise'],['Hauts-de-France'],COM,{60},{32}
14ea72ec-0188-45fa-8ebf-2cdf2ef1c207,215301953,Commune de Sacé (53),false,{53195},Commune,2026-03-24 14:42:02.957225+01,gold_establishments_2025,,,,21530195300018,2025,Collectivité Territoriale,Commune,['Mayenne'],['Pays de la Loire'],COM,{53},{52}
360e66fa-5b0a-4d93-9673-5a44acc82e12,200008878,Commune de Sada (976),false,{97616},Commune,2026-03-24 14:42:11.659493+01,gold_establishments_2025,,,,20000887800015,2025,Collectivité Territoriale,Commune,['Mayotte'],['Mayotte'],COM,{976},{06}
313bd731-4ab2-40df-a562-a6f57a010db1,213203557,Commune de Sadeillan (32),false,{32355},Commune,2026-03-24 14:41:58.09424+01,gold_establishments_2025,,,,21320355700011,2025,Collectivité Territoriale,Commune,['Gers'],['Occitanie'],COM,{32},{76}
f2fa20cd-a7cd-4229-a58a-8709341b866d,212403596,Commune de Sadillac (24),false,{24359},Commune,2026-03-24 14:41:55.958138+01,gold_establishments_2025,,,,21240359600019,2025,Collectivité Territoriale,Commune,['Dordogne'],['Nouvelle-Aquitaine'],COM,{24},{75}
22383c25-1389-466a-9b2f-b781c9cfc248,213303639,Commune de Sadirac (33),false,{33363},Commune,2026-03-24 14:41:58.620411+01,gold_establishments_2025,,,,21330363900016,2025,Collectivité Territoriale,Commune,['Gironde'],['Nouvelle-Aquitaine'],COM,{33},{75}
dddd5ef7-ca28-415f-bb5f-c249b4e292fa,216503839,Commune de Sadournin (65),false,{65383},Commune,2026-03-24 14:42:06.665412+01,gold_establishments_2025,,,,21650383900013,2025,Collectivité Territoriale,Commune,['Hautes-Pyrénées'],['Occitanie'],COM,{65},{76}
91769723-3f86-43a4-b522-cd99e8928cd4,211917802,Commune de Sadroc (19),false,{19178},Commune,2026-03-24 14:41:54.903238+01,gold_establishments_2025,,,,21191780200012,2025,Collectivité Territoriale,Commune,['Corrèze'],['Nouvelle-Aquitaine'],COM,{19},{75}
d1aa04ce-682c-45ec-88bd-abaa82755e94,216704239,Commune de Saessolsheim (67),false,{67423},Commune,2026-03-24 14:42:07.195692+01,gold_establishments_2025,,,,21670423900013,2025,Collectivité Territoriale,Commune,['Bas-Rhin'],['Grand Est'],COM,{67},{44}
9c689321-0fec-4c54-b4ca-7ac75f58c927,215404682,Commune de Saffais (54),false,{54468},Commune,2026-03-24 14:42:02.957225+01,gold_establishments_2025,,,,21540468200019,2025,Collectivité Territoriale,Commune,['Meurthe-et-Moselle'],['Grand Est'],COM,{54},{44}
d752c40d-8bd1-4b5b-a33e-c2d2398850c0,213904733,Commune de Saffloz (39),false,{39473},Commune,2026-03-24 14:41:59.705606+01,gold_establishments_2025,,,,21390473300010,2025,Collectivité Territoriale,Commune,['Jura'],['Bourgogne-Franche-Comté'],COM,{39},{27}
24190f82-228c-4cc9-a133-1c68e881c02c,212105373,Commune de Saffres (21),false,{21537},Commune,2026-03-24 14:41:55.433389+01,gold_establishments_2025,,,,21210537300014,2025,Collectivité Territoriale,Commune,"[""Côte-d'Or""]",['Bourgogne-Franche-Comté'],COM,{21},{27}
0618435f-d422-420e-a69e-f6fb71db39e0,214401499,Commune de Saffré (44),false,{44149},Commune,2026-03-24 14:42:00.273698+01,gold_establishments_2025,,,,21440149900089,2025,Collectivité Territoriale,Commune,['Loire-Atlantique'],['Pays de la Loire'],COM,{44},{52}
8503d978-474d-4f13-b0e6-51b6b06f484e,212403604,Commune de Sagelat (24),false,{24360},Commune,2026-03-24 14:41:55.958138+01,gold_establishments_2025,,,,21240360400011,2025,Collectivité Territoriale,Commune,['Dordogne'],['Nouvelle-Aquitaine'],COM,{24},{75}
877ff855-330f-4007-a16e-a1a86f23766a,212316608,Commune de Sagnat (23),false,{23166},Commune,2026-03-24 14:41:55.958138+01,gold_establishments_2025,,,,21231660800018,2025,Collectivité Territoriale,Commune,['Creuse'],['Nouvelle-Aquitaine'],COM,{23},{75}
21a2e695-6e29-4321-af32-faae7985d5fb,210702031,Commune de Sagnes-et-Goudoulet (07),false,{07203},Commune,2026-03-24 14:41:52.562531+01,gold_establishments_2025,,,,21070203100019,2025,Collectivité Territoriale,Commune,['Ardèche'],['Auvergne-Rhône-Alpes'],COM,{07},{84}
80e6efa9-9c9b-48f0-a6e0-af548e317adf,211801956,Commune de Sagonne (18),false,{18195},Commune,2026-03-24 14:41:54.903238+01,gold_establishments_2025,,,,21180195600015,2025,Collectivité Territoriale,Commune,['Cher'],['Centre-Val de Loire'],COM,{18},{24}
99e3f09b-bf18-45b3-9b51-1259b333c10a,217103795,Commune de Sagy (71),false,{71379},Commune,2026-03-24 14:42:08.279287+01,gold_establishments_2025,,,,21710379500019,2025,Collectivité Territoriale,Commune,['Saône-et-Loire'],['Bourgogne-Franche-Comté'],COM,{71},{27}
bab3e125-969c-4289-9961-2260fe2d86b0,219505351,Commune de Sagy (95),false,{95535},Commune,2026-03-24 14:42:11.659493+01,gold_establishments_2025,,,,21950535100011,2025,Collectivité Territoriale,Commune,"[""Val-d'Oise""]",['Île-de-France'],COM,{95},{11}
83744c9b-ecaf-4b37-a4b2-f0cd8d209d6e,216601666,Commune de Sahorre (66),false,{66166},Commune,2026-03-24 14:42:06.665412+01,gold_establishments_2025,,,,21660166600011,2025,Collectivité Territoriale,Commune,['Pyrénées-Orientales'],['Occitanie'],COM,{66},{76}
6b7e1adb-90fc-4f29-bd87-725fc2e99a5f,212602882,Commune de Sahune (26),false,{26288},Commune,2026-03-24 14:41:56.495197+01,gold_establishments_2025,,,,21260288200012,2025,Collectivité Territoriale,Commune,['Drôme'],['Auvergne-Rhône-Alpes'],COM,{26},{84}
92eed84d-718a-429d-8336-6f4a23473194,217605500,Commune de Sahurs (76),false,{76550},Commune,2026-03-24 14:42:08.818969+01,gold_establishments_2025,,,,21760550000016,2025,Collectivité Territoriale,Commune,['Seine-Maritime'],['Normandie'],COM,{76},{28}
f81f2cdd-265e-4f4f-af84-e0cf969b770a,216103580,Commune de Sai (61),false,{61358},Commune,2026-03-24 14:42:05.597325+01,gold_establishments_2025,,,,21610358000017,2025,Collectivité Territoriale,Commune,['Orne'],['Normandie'],COM,{61},{28}
f1b6cafe-2f53-4236-9704-5b351ebadf4b,211501697,Commune de Saignes (15),false,{15169},Commune,2026-03-24 14:41:54.362296+01,gold_establishments_2025,,,,21150169700018,2025,Collectivité Territoriale,Commune,['Cantal'],['Auvergne-Rhône-Alpes'],COM,{15},{84}
dbb793bd-1c13-4d72-88fc-03ed1d513d26,214602468,Commune de Saignes (46),false,{46246},Commune,2026-03-24 14:42:00.862623+01,gold_establishments_2025,,,,21460246800016,2025,Collectivité Territoriale,Commune,['Lot'],['Occitanie'],COM,{46},{76}
2d7aef63-84e7-4967-846a-1f394941aff2,218006500,Commune de Saigneville (80),false,{80691},Commune,2026-03-24 14:42:09.967209+01,gold_establishments_2025,,,,21800650000019,2025,Collectivité Territoriale,Commune,['Somme'],['Hauts-de-France'],COM,{80},{32}
d9c72328-d6c9-474f-aa99-b3d9b15c99b0,218401057,Commune de Saignon (84),false,{84105},Commune,2026-03-24 14:42:10.508772+01,gold_establishments_2025,,,,21840105700011,2025,Collectivité Territoriale,Commune,['Vaucluse'],"[""Provence-Alpes-Côte d'Azur""]",COM,{84},{93}
c8417bc4-ebe7-4e93-a20a-e767748312e6,213104664,Commune de Saiguède (31),false,{31466},Commune,2026-03-24 14:41:58.09424+01,gold_establishments_2025,,,,21310466400015,2025,Collectivité Territoriale,Commune,['Haute-Garonne'],['Occitanie'],COM,{31},{76}
1373596a-1ec8-43c0-8569-e96fc0a1cbb7,214201949,Commune de Sail-les-Bains (42),false,{42194},Commune,2026-03-24 14:42:00.273698+01,gold_establishments_2025,,,,21420194900010,2025,Collectivité Territoriale,Commune,['Loire'],['Auvergne-Rhône-Alpes'],COM,{42},{84}
7a068e8a-faf5-43e6-932c-3c3dcb363186,214201956,Commune de Sail-sous-Couzan (42),false,{42195},Commune,2026-03-24 14:42:00.273698+01,gold_establishments_2025,,,,21420195600015,2025,Collectivité Territoriale,Commune,['Loire'],['Auvergne-Rhône-Alpes'],COM,{42},{84}
8b9a7580-b839-41cc-9395-f5dfcf029678,216503847,Commune de Sailhan (65),false,{65384},Commune,2026-03-24 14:42:06.665412+01,gold_establishments_2025,,,,21650384700016,2025,Collectivité Territoriale,Commune,['Hautes-Pyrénées'],['Occitanie'],COM,{65},{76}
39f5b85c-77a3-439a-ac54-56c950c2cefd,211917901,Commune de Saillac (19),false,{19179},Commune,2026-03-24 14:41:54.903238+01,gold_establishments_2025,,,,21191790100012,2025,Collectivité Territoriale,Commune,['Corrèze'],['Nouvelle-Aquitaine'],COM,{19},{75}
6a9a08a6-2636-47c4-af6f-4bc7bd05a3f9,214602476,Commune de Saillac (46),false,{46247},Commune,2026-03-24 14:42:00.862623+01,gold_establishments_2025,,,,21460247600019,2025,Collectivité Territoriale,Commune,['Lot'],['Occitanie'],COM,{46},{76}
8a943a96-1068-4b3d-b1f7-501c7be020bd,216601674,Commune de Saillagouse (66),false,{66167},Commune,2026-03-24 14:42:06.665412+01,gold_establishments_2025,,,,21660167400015,2025,Collectivité Territoriale,Commune,['Pyrénées-Orientales'],['Occitanie'],COM,{66},{76}
344fe526-84b1-4dec-a95f-4359f452f800,212602890,Commune de Saillans (26),false,{26289},Commune,2026-03-24 14:41:56.495197+01,gold_establishments_2025,,,,21260289000015,2025,Collectivité Territoriale,Commune,['Drôme'],['Auvergne-Rhône-Alpes'],COM,{26},{84}
10a78d5b-86c4-4020-beac-8106dc2a3011,213303647,Commune de Saillans (33),false,{33364},Commune,2026-03-24 14:41:58.620411+01,gold_establishments_2025,,,,21330364700019,2025,Collectivité Territoriale,Commune,['Gironde'],['Nouvelle-Aquitaine'],COM,{33},{75}
93c83366-7169-4fc8-9d50-ebe27048188c,216303099,Commune de Saillant (63),false,{63309},Commune,2026-03-24 14:42:06.130387+01,gold_establishments_2025,,,,21630309900016,2025,Collectivité Territoriale,Commune,['Puy-de-Dôme'],['Auvergne-Rhône-Alpes'],COM,{63},{84}
b4125781-f995-4a70-806d-7ffbef69308f,218713105,Commune de Saillat-sur-Vienne (87),false,{87131},Commune,2026-03-24 14:42:11.118516+01,gold_establishments_2025,,,,21871310500011,2025,Collectivité Territoriale,Commune,['Haute-Vienne'],['Nouvelle-Aquitaine'],COM,{87},{75}
fddf389a-ed79-49a7-bcb4-051e95442c90,217103803,Commune de Saillenard (71),false,{71380},Commune,2026-03-24 14:42:08.279287+01,gold_establishments_2025,,,,21710380300011,2025,Collectivité Territoriale,Commune,['Saône-et-Loire'],['Bourgogne-Franche-Comté'],COM,{71},{27}
093fffb6-feb5-467c-8793-b567651b2e0f,210803409,Commune de Sailly (08),false,{08376},Commune,2026-03-24 14:41:53.095366+01,gold_establishments_2025,,,,21080340900015,2025,Collectivité Territoriale,Commune,['Ardennes'],['Grand Est'],COM,{08},{44}
c686d2bc-dd33-49d6-adf4-080a18d91cbe,215203183,Commune de Sailly (52),false,{52443},Commune,2026-03-24 14:42:01.954481+01,gold_establishments_2025,,,,21520318300011,2025,Collectivité Territoriale,Commune,['Haute-Marne'],['Grand Est'],COM,{52},{44}
503011d0-7ba7-43ea-b4cf-5577c7adfb61,217103811,Commune de Sailly (71),false,{71381},Commune,2026-03-24 14:42:08.279287+01,gold_establishments_2025,,,,21710381100014,2025,Collectivité Territoriale,Commune,['Saône-et-Loire'],['Bourgogne-Franche-Comté'],COM,{71},{27}
144b47fe-f307-4486-82b5-b2eb289a8f77,217805365,Commune de Sailly (78),false,{78536},Commune,2026-03-24 14:42:09.43682+01,gold_establishments_2025,,,,21780536500046,2025,Collectivité Territoriale,Commune,['Yvelines'],['Île-de-France'],COM,{78},{11}
dd86f864-f9ed-466a-9bc5-658c360f0f85,215706052,Commune de Sailly-Achâtel (57),false,{57605},Commune,2026-03-24 14:42:04.280096+01,gold_establishments_2025,,,,21570605200010,2025,Collectivité Territoriale,Commune,['Moselle'],['Grand Est'],COM,{57},{44}
3dab64d1-1ae8-47a1-b69d-91456186e645,218006518,Commune de Sailly-Flibeaucourt (80),false,{80692},Commune,2026-03-24 14:42:09.967209+01,gold_establishments_2025,,,,21800651800011,2025,Collectivité Territoriale,Commune,['Somme'],['Hauts-de-France'],COM,{80},{32}
f8f8340b-c360-44d4-bd68-6ef3a2810e52,216207357,Commune de Sailly-Labourse (62),false,{62735},Commune,2026-03-24 14:42:06.130387+01,gold_establishments_2025,,,,21620735700015,2025,Collectivité Territoriale,Commune,['Pas-de-Calais'],['Hauts-de-France'],COM,{62},{32}
53a649ae-ade6-4119-8ade-8fb92bb93489,218006526,Commune de Sailly-Laurette (80),false,{80693},Commune,2026-03-24 14:42:09.967209+01,gold_establishments_2025,,,,21800652600014,2025,Collectivité Territoriale,Commune,['Somme'],['Hauts-de-France'],COM,{80},{32}
537ab717-8349-4db7-9b47-073013694783,218006542,Commune de Sailly-Saillisel (80),false,{80695},Commune,2026-03-24 14:42:09.967209+01,gold_establishments_2025,,,,21800654200011,2025,Collectivité Territoriale,Commune,['Somme'],['Hauts-de-France'],COM,{80},{32}
6f434b0f-53ed-48be-89ee-024c92b20c5e,216207332,Commune de Sailly-au-Bois (62),false,{62733},Commune,2026-03-24 14:42:06.130387+01,gold_establishments_2025,,,,21620733200018,2025,Collectivité Territoriale,Commune,['Pas-de-Calais'],['Hauts-de-France'],COM,{62},{32}
70c2f2dc-fcf5-4626-ad0d-7465bfa4dfa0,216207340,Commune de Sailly-en-Ostrevent (62),false,{62734},Commune,2026-03-24 14:42:06.130387+01,gold_establishments_2025,,,,21620734000045,2025,Collectivité Territoriale,Commune,['Pas-de-Calais'],['Hauts-de-France'],COM,{62},{32}
518a6d8d-0510-4002-b498-70b7c793bdf8,218006534,Commune de Sailly-le-Sec (80),false,{80694},Commune,2026-03-24 14:42:09.967209+01,gold_establishments_2025,,,,21800653400018,2025,Collectivité Territoriale,Commune,['Somme'],['Hauts-de-France'],COM,{80},{32}
d1dea213-9f28-4f30-b736-9b5856e3defd,215905217,Commune de Sailly-lez-Cambrai (59),false,{59521},Commune,2026-03-24 14:42:04.814328+01,gold_establishments_2025,,,,21590521700018,2025,Collectivité Territoriale,Commune,['Nord'],['Hauts-de-France'],COM,{59},{32}
de6312a9-9f93-4269-98cc-ffef4d94c185,215905225,Commune de Sailly-lez-Lannoy (59),false,{59522},Commune,2026-03-24 14:42:04.814328+01,gold_establishments_2025,,,,21590522500011,2025,Collectivité Territoriale,Commune,['Nord'],['Hauts-de-France'],COM,{59},{32}
5c2a8ec4-efdc-419f-aa39-3d592b053fce,216207365,Commune de Sailly-sur-la-Lys (62),false,{62736},Commune,2026-03-24 14:42:06.130387+01,gold_establishments_2025,,,,21620736500018,2025,Collectivité Territoriale,Commune,['Pas-de-Calais'],['Hauts-de-France'],COM,{62},{32}
4bd43dec-d304-4776-aa6b-37f4cff2c84b,216901710,Commune de Sain-Bel (69),false,{69171},Commune,2026-03-24 14:42:07.195692+01,gold_establishments_2025,,,,21690171000014,2025,Collectivité Territoriale,Commune,['Rhône'],['Auvergne-Rhône-Alpes'],COM,{69},{84}
89bab360-bdc5-4125-9830-ce4e40373f24,215802257,Commune de Saincaize-Meauce (58),false,{58225},Commune,2026-03-24 14:42:04.280096+01,gold_establishments_2025,,,,21580225700018,2025,Collectivité Territoriale,Commune,['Nièvre'],['Bourgogne-Franche-Comté'],COM,{58},{27}
a5dc2b90-52ca-412f-b3c2-3b33ddb2baba,215905233,Commune de Sainghin-en-Mélantois (59),false,{59523},Commune,2026-03-24 14:42:04.814328+01,gold_establishments_2025,,,,21590523300015,2025,Collectivité Territoriale,Commune,['Nord'],['Hauts-de-France'],COM,{59},{32}
428086f3-11bf-4e7b-b08b-c77ea7e2a146,215905241,Commune de Sainghin-en-Weppes (59),false,{59524},Commune,2026-03-24 14:42:04.814328+01,gold_establishments_2025,,,,21590524100018,2025,Collectivité Territoriale,Commune,['Nord'],['Hauts-de-France'],COM,{59},{32}
3e8c08fb-4dba-4fee-ad5a-58db106a776b,217605518,Commune de Sainneville (76),false,{76551},Commune,2026-03-24 14:42:08.818969+01,gold_establishments_2025,,,,21760551800018,2025,Collectivité Territoriale,Commune,['Seine-Maritime'],['Normandie'],COM,{76},{28}
6b111d94-75f8-40d9-a415-eef518da681f,218903318,Commune de Sainpuits (89),false,{89331},Commune,2026-03-24 14:42:11.659493+01,gold_establishments_2025,,,,21890331800010,2025,Collectivité Territoriale,Commune,['Yonne'],['Bourgogne-Franche-Comté'],COM,{89},{27}
456581b0-11a9-40ef-92b7-8a34cf4945e2,213502487,Commune de Sains (35),false,{35248},Commune,2026-03-24 14:41:59.160244+01,gold_establishments_2025,,,,21350248700019,2025,Collectivité Territoriale,Commune,['Ille-et-Vilaine'],['Bretagne'],COM,{35},{53}
f7d7166a-d0ba-4bd9-b281-c5142129ef56,216005587,Commune de Sains-Morainvillers (60),false,{60564},Commune,2026-03-24 14:42:04.814328+01,gold_establishments_2025,,,,21600558700011,2025,Collectivité Territoriale,Commune,['Oise'],['Hauts-de-France'],COM,{60},{32}
a050ac8e-5b00-4fb0-8d81-f25b3933bba9,210206439,Commune de Sains-Richaumont (02),false,{02668},Commune,2026-03-24 14:41:52.020251+01,gold_establishments_2025,,,,21020643900015,2025,Collectivité Territoriale,Commune,['Aisne'],['Hauts-de-France'],COM,{02},{32}
cf00cf77-2a0c-4b18-b86b-fa88f8243a17,215905258,Commune de Sains-du-Nord (59),false,{59525},Commune,2026-03-24 14:42:04.814328+01,gold_establishments_2025,,,,21590525800012,2025,Collectivité Territoriale,Commune,['Nord'],['Hauts-de-France'],COM,{59},{32}
6b205941-0963-42ca-839a-da9982f2f542,218006559,Commune de Sains-en-Amiénois (80),false,{80696},Commune,2026-03-24 14:42:09.967209+01,gold_establishments_2025,,,,21800655900015,2025,Collectivité Territoriale,Commune,['Somme'],['Hauts-de-France'],COM,{80},{32}
26a7450b-4c55-417b-8811-949efe6d2683,216207373,Commune de Sains-en-Gohelle (62),false,{62737},Commune,2026-03-24 14:42:06.130387+01,gold_establishments_2025,,,,21620737300012,2025,Collectivité Territoriale,Commune,['Pas-de-Calais'],['Hauts-de-France'],COM,{62},{32}
98a51fc8-fa61-4a39-8ea3-12cbc48a0ee0,216207381,Commune de Sains-lès-Fressin (62),false,{62738},Commune,2026-03-24 14:42:06.130387+01,gold_establishments_2025,,,,21620738100015,2025,Collectivité Territoriale,Commune,['Pas-de-Calais'],['Hauts-de-France'],COM,{62},{32}
0fa66a76-442e-4704-973b-34992e73d60f,216207399,Commune de Sains-lès-Marquion (62),false,{62739},Commune,2026-03-24 14:42:06.130387+01,gold_establishments_2025,,,,21620739900017,2025,Collectivité Territoriale,Commune,['Pas-de-Calais'],['Hauts-de-France'],COM,{62},{32}
6ab7765d-7f17-4314-8f4f-0b4cec4a8c9a,216207407,Commune de Sains-lès-Pernes (62),false,{62740},Commune,2026-03-24 14:42:06.130387+01,gold_establishments_2025,,,,21620740700018,2025,Collectivité Territoriale,Commune,['Pas-de-Calais'],['Hauts-de-France'],COM,{62},{32}
09995795-1809-47d0-a834-3eff1e096863,200054526,Commune de Saint Antoine l'Abbaye (38),false,{38359},Commune,2026-03-24 14:41:59.160244+01,gold_establishments_2025,,,,20005452600013,2025,Collectivité Territoriale,Commune,['Isère'],['Auvergne-Rhône-Alpes'],COM,{38},{84}
c360fe7b-3723-43df-b5c8-ceb38d8dc41f,200059152,Commune de Saint Aulaye-Puymangou (24),false,{24376},Commune,2026-03-24 14:41:55.958138+01,gold_establishments_2025,,,,20005915200013,2025,Collectivité Territoriale,Commune,['Dordogne'],['Nouvelle-Aquitaine'],COM,{24},{75}
8272e301-59a7-4e4e-828a-68f87058ccdb,200064673,Commune de Saint Bonnet-Laval (48),false,{48139},Commune,2026-03-24 14:42:01.412377+01,gold_establishments_2025,,,,20006467300011,2025,Collectivité Territoriale,Commune,['Lozère'],['Occitanie'],COM,{48},{76}
cb3713c6-dc15-41ce-85d7-060b02de0ce5,200072270,Commune de Saint François Longchamp (73),false,{73235},Commune,2026-03-24 14:42:08.279287+01,gold_establishments_2025,,,,20007227000016,2025,Collectivité Territoriale,Commune,['Savoie'],['Auvergne-Rhône-Alpes'],COM,{73},{84}
9764f26a-8793-4b52-a905-96871c6feb9c,200055366,Commune de Saint Geniez d'Olt et d'Aubrac (12),false,{12224},Commune,2026-03-24 14:41:53.63825+01,gold_establishments_2025,,,,20005536600013,2025,Collectivité Territoriale,Commune,['Aveyron'],['Occitanie'],COM,{12},{76}
ae01280e-7282-41f6-b8ec-7b5c7874aa41,200068153,Commune de Saint Géry-Vers (46),false,{46268},Commune,2026-03-24 14:42:00.862623+01,gold_establishments_2025,,,,20006815300010,2025,Collectivité Territoriale,Commune,['Lot'],['Occitanie'],COM,{46},{76}
ab88e747-031f-4858-b74b-dc62bf39f0b3,200057339,Commune de Saint Martin de l'If (76),false,{76289},Commune,2026-03-24 14:42:08.818969+01,gold_establishments_2025,,,,20005733900018,2025,Collectivité Territoriale,Commune,['Seine-Maritime'],['Normandie'],COM,{76},{28}
ef7ecfd4-a1a5-4081-9867-67990a826c45,200054898,Commune de Saint Maurice Étusson (79),false,{79280},Commune,2026-03-24 14:42:09.43682+01,gold_establishments_2025,,,,20005489800016,2025,Collectivité Territoriale,Commune,['Deux-Sèvres'],['Nouvelle-Aquitaine'],COM,{79},{75}
07c6a050-3966-4ba4-af48-64950155eab3,200065399,Commune de Saint Privat en Périgord (24),false,{24490},Commune,2026-03-24 14:41:55.958138+01,gold_establishments_2025,,,,20006539900012,2025,Collectivité Territoriale,Commune,['Dordogne'],['Nouvelle-Aquitaine'],COM,{24},{75}
c4d3ce0e-9d6d-4727-a5d1-dc883e9471c1,216404699,Commune de Saint-Abit (64),false,{64469},Commune,2026-03-24 14:42:06.665412+01,gold_establishments_2025,,,,21640469900011,2025,Collectivité Territoriale,Commune,['Pyrénées-Atlantiques'],['Nouvelle-Aquitaine'],COM,{64},{75}
b8158c54-42b0-4de1-b359-6abe2a95aa3e,215602020,Commune de Saint-Abraham (56),false,{56202},Commune,2026-03-24 14:42:03.701372+01,gold_establishments_2025,,,,21560202000012,2025,Collectivité Territoriale,Commune,['Morbihan'],['Bretagne'],COM,{56},{53}
e3308f7c-c04f-40e2-bc58-afb046bc0a64,218006567,Commune de Saint-Acheul (80),false,{80697},Commune,2026-03-24 14:42:09.967209+01,gold_establishments_2025,,,,21800656700018,2025,Collectivité Territoriale,Commune,['Somme'],['Hauts-de-France'],COM,{80},{32}
9a8e9c3f-127a-477d-9c5a-a95aa384062d,211602933,Commune de Saint-Adjutory (16),false,{16293},Commune,2026-03-24 14:41:54.362296+01,gold_establishments_2025,,,,21160293300015,2025,Collectivité Territoriale,Commune,['Charente'],['Nouvelle-Aquitaine'],COM,{16},{75}
1f12da27-abef-4d1e-89c5-9f9348edf482,212202717,Commune de Saint-Adrien (22),false,{22271},Commune,2026-03-24 14:41:55.958138+01,gold_establishments_2025,,,,21220271700014,2025,Collectivité Territoriale,Commune,"[""Côtes-d'Armor""]",['Bretagne'],COM,{22},{53}
f2835554-17fe-4212-9294-5f21d1e26a8c,211202080,Commune de Saint-Affrique (12),false,{12208},Commune,2026-03-24 14:41:53.63825+01,gold_establishments_2025,,,,21120208000019,2025,Collectivité Territoriale,Commune,['Aveyron'],['Occitanie'],COM,{12},{76}
3acf6827-98b2-44b9-87d7-f509dc57e0ad,218102358,Commune de Saint-Affrique-les-Montagnes (81),false,{81235},Commune,2026-03-24 14:42:09.967209+01,gold_establishments_2025,,,,21810235800015,2025,Collectivité Territoriale,Commune,['Tarn'],['Occitanie'],COM,{81},{76}
e3ef67c4-2476-4e62-a856-8d0e94c3f107,212202725,Commune de Saint-Agathon (22),false,{22272},Commune,2026-03-24 14:41:55.958138+01,gold_establishments_2025,,,,21220272500017,2025,Collectivité Territoriale,Commune,"[""Côtes-d'Armor""]",['Bretagne'],COM,{22},{53}
42b6e64f-bed9-4405-ba16-588aaf7c44f9,215802265,Commune de Saint-Agnan (58),false,{58226},Commune,2026-03-24 14:42:04.280096+01,gold_establishments_2025,,,,21580226500011,2025,Collectivité Territoriale,Commune,['Nièvre'],['Bourgogne-Franche-Comté'],COM,{58},{27}
578291d5-2514-47a4-b47f-001e6a701515,217103829,Commune de Saint-Agnan (71),false,{71382},Commune,2026-03-24 14:42:08.279287+01,gold_establishments_2025,,,,21710382900016,2025,Collectivité Territoriale,Commune,['Saône-et-Loire'],['Bourgogne-Franche-Comté'],COM,{71},{27}
4debdf95-1db2-4508-be92-5f9c66e7ee80,218102366,Commune de Saint-Agnan (81),false,{81236},Commune,2026-03-24 14:42:09.967209+01,gold_establishments_2025,,,,21810236600018,2025,Collectivité Territoriale,Commune,['Tarn'],['Occitanie'],COM,{81},{76}
89c624b2-49cd-4abf-b8ca-591fdc1e7fbb,218903326,Commune de Saint-Agnan (89),false,{89332},Commune,2026-03-24 14:42:11.659493+01,gold_establishments_2025,,,,21890332600013,2025,Collectivité Territoriale,Commune,['Yonne'],['Bourgogne-Franche-Comté'],COM,{89},{27}
baf416d3-76a0-4bcb-ad26-2efbc5938b46,212705057,Commune de Saint-Agnan-de-Cernières (27),false,{27505},Commune,2026-03-24 14:41:57.028721+01,gold_establishments_2025,,,,21270505700017,2025,Collectivité Territoriale,Commune,['Eure'],['Normandie'],COM,{27},{28}
b0e51eb4-bfe3-4edc-897b-c7916cc796b4,212602908,Commune de Saint-Agnan-en-Vercors (26),false,{26290},Commune,2026-03-24 14:41:56.495197+01,gold_establishments_2025,,,,21260290800015,2025,Collectivité Territoriale,Commune,['Drôme'],['Auvergne-Rhône-Alpes'],COM,{26},{84}
2451bdd3-6dff-4b84-b1d1-8b59358a685a,216103606,Commune de Saint-Agnan-sur-Sarthe (61),false,{61360},Commune,2026-03-24 14:42:05.597325+01,gold_establishments_2025,,,,21610360600010,2025,Collectivité Territoriale,Commune,['Orne'],['Normandie'],COM,{61},{28}
72117152-53b3-4db1-b5e4-3c69a09d2265,211703087,Commune de Saint-Agnant (17),false,{17308},Commune,2026-03-24 14:41:54.903238+01,gold_establishments_2025,,,,21170308700018,2025,Collectivité Territoriale,Commune,['Charente-Maritime'],['Nouvelle-Aquitaine'],COM,{17},{75}
286ad232-9d28-4d12-b670-024d0a04fe8c,212317705,Commune de Saint-Agnant-de-Versillat (23),false,{23177},Commune,2026-03-24 14:41:55.958138+01,gold_establishments_2025,,,,21231770500078,2025,Collectivité Territoriale,Commune,['Creuse'],['Nouvelle-Aquitaine'],COM,{23},{75}
7e78291a-d915-4dd5-86ec-4e9a4b2d05bb,212317804,Commune de Saint-Agnant-près-Crocq (23),false,{23178},Commune,2026-03-24 14:41:55.958138+01,gold_establishments_2025,,,,21231780400012,2025,Collectivité Territoriale,Commune,['Creuse'],['Nouvelle-Aquitaine'],COM,{23},{75}
7184f62a-9ba6-4838-ad9a-e9914790b435,212403612,Commune de Saint-Agne (24),false,{24361},Commune,2026-03-24 14:41:55.958138+01,gold_establishments_2025,,,,21240361200014,2025,Collectivité Territoriale,Commune,['Dordogne'],['Nouvelle-Aquitaine'],COM,{24},{75}
70eeb3eb-467d-401c-bb45-eccb37944ae0,214002479,Commune de Saint-Agnet (40),false,{40247},Commune,2026-03-24 14:41:59.705606+01,gold_establishments_2025,,,,21400247900019,2025,Collectivité Territoriale,Commune,['Landes'],['Nouvelle-Aquitaine'],COM,{40},{75}
c9bff00f-04b0-4355-955a-39c369c7e942,213803513,Commune de Saint-Agnin-sur-Bion (38),false,{38351},Commune,2026-03-24 14:41:59.160244+01,gold_establishments_2025,,,,21380351300018,2025,Collectivité Territoriale,Commune,['Isère'],['Auvergne-Rhône-Alpes'],COM,{38},{84}
ef4dfb3e-78c7-433e-a953-a99883245193,216303115,Commune de Saint-Agoulin (63),false,{63311},Commune,2026-03-24 14:42:06.130387+01,gold_establishments_2025,,,,21630311500010,2025,Collectivité Territoriale,Commune,['Puy-de-Dôme'],['Auvergne-Rhône-Alpes'],COM,{63},{84}
108c3833-9fcb-42c1-b4a6-d7f35ae3f7e8,210702049,Commune de Saint-Agrève (07),false,{07204},Commune,2026-03-24 14:41:52.562531+01,gold_establishments_2025,,,,21070204900011,2025,Collectivité Territoriale,Commune,['Ardèche'],['Auvergne-Rhône-Alpes'],COM,{07},{84}
0e01ea1d-92a7-4a36-a4e0-e2982898c80b,210804621,Commune de Saint-Aignan (08),false,{08377},Commune,2026-03-24 14:41:53.095366+01,gold_establishments_2025,,,,21080462100014,2025,Collectivité Territoriale,Commune,['Ardennes'],['Grand Est'],COM,{08},{44}
bb3f5820-ccb1-4e47-87a3-3d5b04ad0e2b,213303654,Commune de Saint-Aignan (33),false,{33365},Commune,2026-03-24 14:41:58.620411+01,gold_establishments_2025,,,,21330365400015,2025,Collectivité Territoriale,Commune,['Gironde'],['Nouvelle-Aquitaine'],COM,{33},{75}
4663834d-160f-4e62-b457-e09627608725,214101982,Commune de Saint-Aignan (41),false,{41198},Commune,2026-03-24 14:42:00.273698+01,gold_establishments_2025,,,,21410198200012,2025,Collectivité Territoriale,Commune,['Loir-et-Cher'],['Centre-Val de Loire'],COM,{41},{24}
58f50555-b8ad-4de7-af42-d42a7ab3a47f,215602038,Commune de Saint-Aignan (56),false,{56203},Commune,2026-03-24 14:42:03.701372+01,gold_establishments_2025,,,,21560203800014,2025,Collectivité Territoriale,Commune,['Morbihan'],['Bretagne'],COM,{56},{53}
2dd8e18e-f934-4a9e-8ed6-463470f0c342,217202654,Commune de Saint-Aignan (72),false,{72265},Commune,2026-03-24 14:42:08.279287+01,gold_establishments_2025,,,,21720265400018,2025,Collectivité Territoriale,Commune,['Sarthe'],['Pays de la Loire'],COM,{72},{52}
c933674d-893c-488c-9d54-7a9e43dcef51,218201523,Commune de Saint-Aignan (82),false,{82152},Commune,2026-03-24 14:42:10.508772+01,gold_establishments_2025,,,,21820152300014,2025,Collectivité Territoriale,Commune,['Tarn-et-Garonne'],['Occitanie'],COM,{82},{76}
aaa4cd58-1fa7-4981-a2f2-07b9f8a8ad72,214401507,Commune de Saint-Aignan-Grandlieu (44),false,{44150},Commune,2026-03-24 14:42:00.273698+01,gold_establishments_2025,,,,21440150700063,2025,Collectivité Territoriale,Commune,['Loire-Atlantique'],['Pays de la Loire'],COM,{44},{52}
ffe699da-2112-4879-baa1-87b2d92e319f,215301961,Commune de Saint-Aignan-de-Couptrain (53),false,{53196},Commune,2026-03-24 14:42:02.957225+01,gold_establishments_2025,,,,21530196100011,2025,Collectivité Territoriale,Commune,['Mayenne'],['Pays de la Loire'],COM,{53},{52}
8a63686b-647c-43d0-8ac3-c612563ec5ea,211801964,Commune de Saint-Aignan-des-Noyers (18),false,{18196},Commune,2026-03-24 14:41:54.903238+01,gold_establishments_2025,,,,21180196400019,2025,Collectivité Territoriale,Commune,['Cher'],['Centre-Val de Loire'],COM,{18},{24}
1d10b133-a862-4e5f-857b-4abfd341f394,214502684,Commune de Saint-Aignan-le-Jaillard (45),false,{45268},Commune,2026-03-24 14:42:00.862623+01,gold_establishments_2025,,,,21450268400019,2025,Collectivité Territoriale,Commune,['Loiret'],['Centre-Val de Loire'],COM,{45},{24}
e1626ec4-bcaf-4ce2-bcbd-fbfc016300ba,215301979,Commune de Saint-Aignan-sur-Roë (53),false,{53197},Commune,2026-03-24 14:42:02.957225+01,gold_establishments_2025,,,,21530197900013,2025,Collectivité Territoriale,Commune,['Mayenne'],['Pays de la Loire'],COM,{53},{52}
2cfa29fe-21f0-4678-b169-87bcb5381d3d,217605542,Commune de Saint-Aignan-sur-Ry (76),false,{76554},Commune,2026-03-24 14:42:08.818969+01,gold_establishments_2025,,,,21760554200018,2025,Collectivité Territoriale,Commune,['Seine-Maritime'],['Normandie'],COM,{76},{28}
86502b7e-4d25-4d57-8bca-290111a81ed4,213601784,Commune de Saint-Aigny (36),false,{36178},Commune,2026-03-24 14:41:59.160244+01,gold_establishments_2025,,,,21360178400019,2025,Collectivité Territoriale,Commune,['Indre'],['Centre-Val de Loire'],COM,{36},{24}
3c2ccb53-59ba-4ec4-9bcc-a5d639015c30,211703095,Commune de Saint-Aigulin (17),false,{17309},Commune,2026-03-24 14:41:54.903238+01,gold_establishments_2025,,,,21170309500011,2025,Collectivité Territoriale,Commune,['Charente-Maritime'],['Nouvelle-Aquitaine'],COM,{17},{75}
27c05bea-8c84-4108-a3a7-cb9797f17b63,215404690,Commune de Saint-Ail (54),false,{54469},Commune,2026-03-24 14:42:02.957225+01,gold_establishments_2025,,,,21540469000012,2025,Collectivité Territoriale,Commune,['Meurthe-et-Moselle'],['Grand Est'],COM,{54},{44}
53adb833-74d6-44bc-89a5-58c1f8007499,217103837,Commune de Saint-Albain (71),false,{71383},Commune,2026-03-24 14:42:08.279287+01,gold_establishments_2025,,,,21710383700019,2025,Collectivité Territoriale,Commune,['Saône-et-Loire'],['Bourgogne-Franche-Comté'],COM,{71},{27}
a895bed1-d591-4ecd-a688-70fe43de8215,210103313,Commune de Saint-Alban (01),false,{01331},Commune,2026-03-24 14:41:51.447482+01,gold_establishments_2025,,,,21010331300016,2025,Collectivité Territoriale,Commune,['Ain'],['Auvergne-Rhône-Alpes'],COM,{01},{84}
b752a4cd-050c-440b-b5cf-51279c0bd127,212202733,Commune de Saint-Alban (22),false,{22273},Commune,2026-03-24 14:41:55.958138+01,gold_establishments_2025,,,,21220273300011,2025,Collectivité Territoriale,Commune,"[""Côtes-d'Armor""]",['Bretagne'],COM,{22},{53}
249c65b3-af05-4450-b46e-29763c2a53f5,213104672,Commune de Saint-Alban (31),false,{31467},Commune,2026-03-24 14:41:58.09424+01,gold_establishments_2025,,,,21310467200075,2025,Collectivité Territoriale,Commune,['Haute-Garonne'],['Occitanie'],COM,{31},{76}
56555cdc-51f8-40b9-a4f7-a1b3f5e2e589,210702072,Commune de Saint-Alban-Auriolles (07),false,{07207},Commune,2026-03-24 14:41:52.562531+01,gold_establishments_2025,,,,21070207200013,2025,Collectivité Territoriale,Commune,['Ardèche'],['Auvergne-Rhône-Alpes'],COM,{07},{84}
fbd14e5b-69ba-4d7f-a8dd-2f1daf833b94,217302223,Commune de Saint-Alban-Leysse (73),false,{73222},Commune,2026-03-24 14:42:08.279287+01,gold_establishments_2025,,,,21730222300011,2025,Collectivité Territoriale,Commune,['Savoie'],['Auvergne-Rhône-Alpes'],COM,{73},{84}
10344897-c5db-4192-b719-3910d0ef9929,210702056,Commune de Saint-Alban-d'Ay (07),false,{07205},Commune,2026-03-24 14:41:52.562531+01,gold_establishments_2025,,,,21070205600016,2025,Collectivité Territoriale,Commune,['Ardèche'],['Auvergne-Rhône-Alpes'],COM,{07},{84}
4ee8fea3-d977-42f6-8c84-66cfec101a8c,217302207,Commune de Saint-Alban-d'Hurtières (73),false,{73220},Commune,2026-03-24 14:42:08.279287+01,gold_establishments_2025,,,,21730220700014,2025,Collectivité Territoriale,Commune,['Savoie'],['Auvergne-Rhône-Alpes'],COM,{73},{84}
91609002-5c71-43f5-8cce-a3b646b82e82,217302199,Commune de Saint-Alban-de-Montbel (73),false,{73219},Commune,2026-03-24 14:42:08.279287+01,gold_establishments_2025,,,,21730219900013,2025,Collectivité Territoriale,Commune,['Savoie'],['Auvergne-Rhône-Alpes'],COM,{73},{84}
4341ead9-b074-4427-83a6-cd2033cbc543,213803521,Commune de Saint-Alban-de-Roche (38),false,{38352},Commune,2026-03-24 14:41:59.160244+01,gold_establishments_2025,,,,21380352100011,2025,Collectivité Territoriale,Commune,['Isère'],['Auvergne-Rhône-Alpes'],COM,{38},{84}
a72d0f62-a952-4448-8969-0db5697a3e9d,217302215,Commune de Saint-Alban-des-Villards (73),false,{73221},Commune,2026-03-24 14:42:08.279287+01,gold_establishments_2025,,,,21730221500017,2025,Collectivité Territoriale,Commune,['Savoie'],['Auvergne-Rhône-Alpes'],COM,{73},{84}
847c7a89-6e76-4060-8f01-f55efca886b9,213803539,Commune de Saint-Alban-du-Rhône (38),false,{38353},Commune,2026-03-24 14:41:59.160244+01,gold_establishments_2025,,,,21380353900013,2025,Collectivité Territoriale,Commune,['Isère'],['Auvergne-Rhône-Alpes'],COM,{38},{84}
27d39db2-eac4-475f-9601-75069e7c6bf3,210702064,Commune de Saint-Alban-en-Montagne (07),false,{07206},Commune,2026-03-24 14:41:52.562531+01,gold_establishments_2025,,,,21070206400010,2025,Collectivité Territoriale,Commune,['Ardèche'],['Auvergne-Rhône-Alpes'],COM,{07},{84}
7904fd9d-08f8-4282-9b53-5c7f24c98de8,214201980,Commune de Saint-Alban-les-Eaux (42),false,{42198},Commune,2026-03-24 14:42:00.273698+01,gold_establishments_2025,,,,21420198000015,2025,Collectivité Territoriale,Commune,['Loire'],['Auvergne-Rhône-Alpes'],COM,{42},{84}
6dc588b0-e21a-47bf-8eb5-a4754f80e048,214801326,Commune de Saint-Alban-sur-Limagnole (48),false,{48132},Commune,2026-03-24 14:42:01.412377+01,gold_establishments_2025,,,,21480132600015,2025,Collectivité Territoriale,Commune,['Lozère'],['Occitanie'],COM,{48},{76}
2ee17ae3-7150-4923-8fae-bbed772526c6,213803547,Commune de Saint-Albin-de-Vaulserre (38),false,{38354},Commune,2026-03-24 14:41:59.160244+01,gold_establishments_2025,,,,21380354700016,2025,Collectivité Territoriale,Commune,['Isère'],['Auvergne-Rhône-Alpes'],COM,{38},{84}
79c1465b-0969-4413-9015-17a63cd1cbc6,213002264,Commune de Saint-Alexandre (30),false,{30226},Commune,2026-03-24 14:41:57.56054+01,gold_establishments_2025,,,,21300226400017,2025,Collectivité Territoriale,Commune,['Gard'],['Occitanie'],COM,{30},{76}
73652d24-4fd7-491f-bd5e-fff502bf3b9e,210206454,Commune de Saint-Algis (02),false,{02670},Commune,2026-03-24 14:41:52.020251+01,gold_establishments_2025,,,,21020645400014,2025,Collectivité Territoriale,Commune,['Aisne'],['Hauts-de-France'],COM,{02},{32}
c1bb2259-8d9f-41f9-aebe-f7bdb7dec301,215602046,Commune de Saint-Allouestre (56),false,{56204},Commune,2026-03-24 14:42:03.701372+01,gold_establishments_2025,,,,21560204600017,2025,Collectivité Territoriale,Commune,['Morbihan'],['Bretagne'],COM,{56},{53}
5261f777-8ed7-41ba-84a0-01140fc657df,212317903,Commune de Saint-Alpinien (23),false,{23179},Commune,2026-03-24 14:41:55.958138+01,gold_establishments_2025,,,,21231790300012,2025,Collectivité Territoriale,Commune,['Creuse'],['Nouvelle-Aquitaine'],COM,{23},{75}
5d3db8f6-7f8d-4ecf-a24f-9d5abea5fe66,216303123,Commune de Saint-Alyre-d'Arlanc (63),false,{63312},Commune,2026-03-24 14:42:06.130387+01,gold_establishments_2025,,,,21630312300014,2025,Collectivité Territoriale,Commune,['Puy-de-Dôme'],['Auvergne-Rhône-Alpes'],COM,{63},{84}
2a6aff54-35be-45d1-a7ba-0384d3583024,216303131,Commune de Saint-Alyre-ès-Montagne (63),false,{63313},Commune,2026-03-24 14:42:06.130387+01,gold_establishments_2025,,,,21630313100017,2025,Collectivité Territoriale,Commune,['Puy-de-Dôme'],['Auvergne-Rhône-Alpes'],COM,{63},{84}
c6e14bd1-6f6f-4950-9b7b-83a07ca50dcf,210902540,Commune de Saint-Amadou (09),false,{09254},Commune,2026-03-24 14:41:53.095366+01,gold_establishments_2025,,,,21090254000017,2025,Collectivité Territoriale,Commune,['Ariège'],['Occitanie'],COM,{09},{76}
37c475cc-f848-40e4-a89c-066a8785ea87,218102374,Commune de Saint-Amancet (81),false,{81237},Commune,2026-03-24 14:42:09.967209+01,gold_establishments_2025,,,,21810237400012,2025,Collectivité Territoriale,Commune,['Tarn'],['Occitanie'],COM,{81},{76}
1505b420-52a0-4817-b67f-a42c1936cc5e,212318000,Commune de Saint-Amand (23),false,{23180},Commune,2026-03-24 14:41:55.958138+01,gold_establishments_2025,,,,21231800000016,2025,Collectivité Territoriale,Commune,['Creuse'],['Nouvelle-Aquitaine'],COM,{23},{75}
bff86a46-f703-4733-b831-914411a582f9,216207415,Commune de Saint-Amand (62),false,{62741},Commune,2026-03-24 14:42:06.130387+01,gold_establishments_2025,,,,21620741500011,2025,Collectivité Territoriale,Commune,['Pas-de-Calais'],['Hauts-de-France'],COM,{62},{32}
f6e1223b-fbc6-45e0-9a71-8bd52bd37920,212318109,Commune de Saint-Amand-Jartoudeix (23),false,{23181},Commune,2026-03-24 14:41:55.958138+01,gold_establishments_2025,,,,21231810900015,2025,Collectivité Territoriale,Commune,['Creuse'],['Nouvelle-Aquitaine'],COM,{23},{75}
f0950630-eb5e-4fec-9197-99aa13fb10d0,214101990,Commune de Saint-Amand-Longpré (41),false,{41199},Commune,2026-03-24 14:42:00.273698+01,gold_establishments_2025,,,,21410199000015,2025,Collectivité Territoriale,Commune,['Loir-et-Cher'],['Centre-Val de Loire'],COM,{41},{24}
8b0a9abb-25f6-4412-a5e2-b09c6ada95f6,218713303,Commune de Saint-Amand-Magnazeix (87),false,{87133},Commune,2026-03-24 14:42:11.118516+01,gold_establishments_2025,,,,21871330300012,2025,Collectivité Territoriale,Commune,['Haute-Vienne'],['Nouvelle-Aquitaine'],COM,{87},{75}
911bbdcc-952e-4fe7-9350-8ba0da1c9ba3,211801972,Commune de Saint-Amand-Montrond (18),false,{18197},Commune,2026-03-24 14:41:54.903238+01,gold_establishments_2025,,,,21180197200012,2025,Collectivité Territoriale,Commune,['Cher'],['Centre-Val de Loire'],COM,{18},{24}
4b5d0157-6a83-439c-a036-3338c922d044,200063576,Commune de Saint-Amand-Villages (50),false,{50444},Commune,2026-03-24 14:42:01.412377+01,gold_establishments_2025,,,,20006357600017,2025,Collectivité Territoriale,Commune,['Manche'],['Normandie'],COM,{50},{28}
0c178b9e-4807-429b-abc6-3daba5c4d65c,212403653,Commune de Saint-Amand-de-Vergt (24),false,{24365},Commune,2026-03-24 14:41:55.958138+01,gold_establishments_2025,,,,21240365300018,2025,Collectivité Territoriale,Commune,['Dordogne'],['Nouvelle-Aquitaine'],COM,{24},{75}
9dae6667-47e8-4e79-ba0b-bab70c28c8cb,215802273,Commune de Saint-Amand-en-Puisaye (58),false,{58227},Commune,2026-03-24 14:42:04.280096+01,gold_establishments_2025,,,,21580227300072,2025,Collectivité Territoriale,Commune,['Nièvre'],['Bourgogne-Franche-Comté'],COM,{58},{27}
3d86f7bc-c41d-486e-a279-fdce6ed42c30,218713204,Commune de Saint-Amand-le-Petit (87),false,{87132},Commune,2026-03-24 14:42:11.118516+01,gold_establishments_2025,,,,21871320400012,2025,Collectivité Territoriale,Commune,['Haute-Vienne'],['Nouvelle-Aquitaine'],COM,{87},{75}
9df0bea1-62ac-4b42-9970-973c20203910,215905266,Commune de Saint-Amand-les-Eaux (59),false,{59526},Commune,2026-03-24 14:42:04.814328+01,gold_establishments_2025,,,,21590526600015,2025,Collectivité Territoriale,Commune,['Nord'],['Hauts-de-France'],COM,{59},{32}
3faf57d1-8847-4723-956a-99849fcc6afb,215104373,Commune de Saint-Amand-sur-Fion (51),false,{51472},Commune,2026-03-24 14:42:01.954481+01,gold_establishments_2025,,,,21510437300018,2025,Collectivité Territoriale,Commune,['Marne'],['Grand Est'],COM,{51},{44}
36e7fc24-adb8-4e5d-94f9-ab86b8d29c23,215504523,Commune de Saint-Amand-sur-Ornain (55),false,{55452},Commune,2026-03-24 14:42:03.701372+01,gold_establishments_2025,,,,21550452300014,2025,Collectivité Territoriale,Commune,['Meuse'],['Grand Est'],COM,{55},{44}
4bc25748-9363-437d-9aff-5e92413f993c,217920073,Commune de Saint-Amand-sur-Sèvre (79),false,{79235},Commune,2026-03-24 14:42:09.43682+01,gold_establishments_2025,,,,21792007300012,2025,Collectivité Territoriale,Commune,['Deux-Sèvres'],['Nouvelle-Aquitaine'],COM,{79},{75}
565172ba-312c-4b9b-ace6-83525b3816a5,211501705,Commune de Saint-Amandin (15),false,{15170},Commune,2026-03-24 14:41:54.362296+01,gold_establishments_2025,,,,21150170500019,2025,Collectivité Territoriale,Commune,['Cantal'],['Auvergne-Rhône-Alpes'],COM,{15},{84}
d2277ece-cce9-41cd-8c3b-694910dca90d,211103312,Commune de Saint-Amans (11),false,{11331},Commune,2026-03-24 14:41:53.63825+01,gold_establishments_2025,,,,21110331200016,2025,Collectivité Territoriale,Commune,['Aude'],['Occitanie'],COM,{11},{76}
5d933548-7b5e-4cb3-951f-97f3dbe1d285,218102382,Commune de Saint-Amans-Soult (81),false,{81238},Commune,2026-03-24 14:42:09.967209+01,gold_establishments_2025,,,,21810238200015,2025,Collectivité Territoriale,Commune,['Tarn'],['Occitanie'],COM,{81},{76}
06621cbc-af98-4984-b732-c77895c2f779,218102390,Commune de Saint-Amans-Valtoret (81),false,{81239},Commune,2026-03-24 14:42:09.967209+01,gold_establishments_2025,,,,21810239000018,2025,Collectivité Territoriale,Commune,['Tarn'],['Occitanie'],COM,{81},{76}
e9c09d2b-ea7d-430c-97c8-4088e481ec39,218201549,Commune de Saint-Amans-de-Pellagal (82),false,{82154},Commune,2026-03-24 14:42:10.508772+01,gold_establishments_2025,,,,21820154900019,2025,Collectivité Territoriale,Commune,['Tarn-et-Garonne'],['Occitanie'],COM,{82},{76}
fa2d0871-b22c-4d61-92fc-349d9c8efdcc,211202098,Commune de Saint-Amans-des-Cots (12),false,{12209},Commune,2026-03-24 14:41:53.63825+01,gold_establishments_2025,,,,21120209800011,2025,Collectivité Territoriale,Commune,['Aveyron'],['Occitanie'],COM,{12},{76}
ca82bd38-772b-44c4-b510-5eabf541a3a4,218201531,Commune de Saint-Amans-du-Pech (82),false,{82153},Commune,2026-03-24 14:42:10.508772+01,gold_establishments_2025,,,,21820153100017,2025,Collectivité Territoriale,Commune,['Tarn-et-Garonne'],['Occitanie'],COM,{82},{76}
d333a073-38f0-4595-a9fa-bbac2a73b8d3,216303149,Commune de Saint-Amant-Roche-Savine (63),false,{63314},Commune,2026-03-24 14:42:06.130387+01,gold_establishments_2025,,,,21630314900019,2025,Collectivité Territoriale,Commune,['Puy-de-Dôme'],['Auvergne-Rhône-Alpes'],COM,{63},{84}
2b223462-177d-458d-a226-15211153c54d,216303156,Commune de Saint-Amant-Tallende (63),false,{63315},Commune,2026-03-24 14:42:06.130387+01,gold_establishments_2025,,,,21630315600014,2025,Collectivité Territoriale,Commune,['Puy-de-Dôme'],['Auvergne-Rhône-Alpes'],COM,{63},{84}
7fdb0533-6d49-4588-9175-d87c1917d86f,211602958,Commune de Saint-Amant-de-Boixe (16),false,{16295},Commune,2026-03-24 14:41:54.362296+01,gold_establishments_2025,,,,21160295800012,2025,Collectivité Territoriale,Commune,['Charente'],['Nouvelle-Aquitaine'],COM,{16},{75}
898f1720-8bc2-401a-95c2-e42c6f8fb6eb,211602982,Commune de Saint-Amant-de-Nouère (16),false,{16298},Commune,2026-03-24 14:41:54.362296+01,gold_establishments_2025,,,,21160298200012,2025,Collectivité Territoriale,Commune,['Charente'],['Nouvelle-Aquitaine'],COM,{16},{75}
f1b3cdce-bc11-4394-a493-1531cdeaeed5,216802926,Commune de Saint-Amarin (68),false,{68292},Commune,2026-03-24 14:42:07.195692+01,gold_establishments_2025,,,,21680292600016,2025,Collectivité Territoriale,Commune,['Haut-Rhin'],['Grand Est'],COM,{68},{44}
df04d9d2-288e-4161-a57a-a4fcd8cf3a0e,217103845,Commune de Saint-Ambreuil (71),false,{71384},Commune,2026-03-24 14:42:08.279287+01,gold_establishments_2025,,,,21710384500012,2025,Collectivité Territoriale,Commune,['Saône-et-Loire'],['Bourgogne-Franche-Comté'],COM,{71},{27}
c0f4be6f-57c2-46b4-a229-793073c961a2,211801980,Commune de Saint-Ambroix (18),false,{18198},Commune,2026-03-24 14:41:54.903238+01,gold_establishments_2025,,,,21180198000015,2025,Collectivité Territoriale,Commune,['Cher'],['Centre-Val de Loire'],COM,{18},{24}
d6f90792-b75c-4031-a863-4979f1fd5e55,213002272,Commune de Saint-Ambroix (30),false,{30227},Commune,2026-03-24 14:41:57.56054+01,gold_establishments_2025,,,,21300227200010,2025,Collectivité Territoriale,Commune,['Gard'],['Occitanie'],COM,{30},{76}
8e1a9009-9752-4c78-83cb-0ef7065e9a29,213904758,Commune de Saint-Amour (39),false,{39475},Commune,2026-03-24 14:41:59.705606+01,gold_establishments_2025,,,,21390475800017,2025,Collectivité Territoriale,Commune,['Jura'],['Bourgogne-Franche-Comté'],COM,{39},{27}
ac12ffcd-903d-4a44-91c3-c3916036f7fd,217103852,Commune de Saint-Amour-Bellevue (71),false,{71385},Commune,2026-03-24 14:42:08.279287+01,gold_establishments_2025,,,,21710385200018,2025,Collectivité Territoriale,Commune,['Saône-et-Loire'],['Bourgogne-Franche-Comté'],COM,{71},{27}
d792b06f-3d1d-42e5-bd2f-f7ceee985f87,218804094,Commune de Saint-Amé (88),false,{88409},Commune,2026-03-24 14:42:11.118516+01,gold_establishments_2025,,,,21880409400017,2025,Collectivité Territoriale,Commune,['Vosges'],['Grand Est'],COM,{88},{44}
c023dc6f-bc24-4cd9-831b-488982be4e1c,215802281,Commune de Saint-Andelain (58),false,{58228},Commune,2026-03-24 14:42:04.280096+01,gold_establishments_2025,,,,21580228100018,2025,Collectivité Territoriale,Commune,['Nièvre'],['Bourgogne-Franche-Comté'],COM,{58},{27}
b9a0ee95-ce53-444a-a24f-c961701cf6cf,212105381,Commune de Saint-Andeux (21),false,{21538},Commune,2026-03-24 14:41:55.433389+01,gold_establishments_2025,,,,21210538100017,2025,Collectivité Territoriale,Commune,"[""Côte-d'Or""]",['Bourgogne-Franche-Comté'],COM,{21},{27}
0df13005-4b86-4ce1-9bb9-cc492a0c7e8d,211300892,Commune de Saint-Andiol (13),false,{13089},Commune,2026-03-24 14:41:53.63825+01,gold_establishments_2025,,,,21130089200018,2025,Collectivité Territoriale,Commune,['Bouches-du-Rhône'],"[""Provence-Alpes-Côte d'Azur""]",COM,{13},{93}
e75baff6-f2de-430b-8d4a-438b5240ce7d,213303704,Commune de Saint-Androny (33),false,{33370},Commune,2026-03-24 14:41:58.620411+01,gold_establishments_2025,,,,21330370400018,2025,Collectivité Territoriale,Commune,['Gironde'],['Nouvelle-Aquitaine'],COM,{33},{75}
ea2a0d4c-5e04-4700-8b0f-0a57e3ee1143,213104680,Commune de Saint-André (31),false,{31468},Commune,2026-03-24 14:41:58.09424+01,gold_establishments_2025,,,,21310468000011,2025,Collectivité Territoriale,Commune,['Haute-Garonne'],['Occitanie'],COM,{31},{76}
4a25a45e-5703-40f0-915d-1190c68d615c,213203565,Commune de Saint-André (32),false,{32356},Commune,2026-03-24 14:41:58.09424+01,gold_establishments_2025,,,,21320356500014,2025,Collectivité Territoriale,Commune,['Gers'],['Occitanie'],COM,{32},{76}
e1cd1794-8283-4337-a248-01c1b5009255,216601682,Commune de Saint-André (66),false,{66168},Commune,2026-03-24 14:42:06.665412+01,gold_establishments_2025,,,,21660168200018,2025,Collectivité Territoriale,Commune,['Pyrénées-Orientales'],['Occitanie'],COM,{66},{76}
1b2adeb4-f860-47c4-adea-d128ee698292,217302231,Commune de Saint-André (73),false,{73223},Commune,2026-03-24 14:42:08.279287+01,gold_establishments_2025,,,,21730223100014,2025,Collectivité Territoriale,Commune,['Savoie'],['Auvergne-Rhône-Alpes'],COM,{73},{84}
bb2bc6bd-6ab8-445c-be25-4337c3e4bf4c,218102408,Commune de Saint-André (81),false,{81240},Commune,2026-03-24 14:42:09.967209+01,gold_establishments_2025,,,,21810240800018,2025,Collectivité Territoriale,Commune,['Tarn'],['Occitanie'],COM,{81},{76}
2f86cd54-3d4e-4fa4-bfc8-0791e4262fd0,219740099,Commune de Saint-André (974),false,{97409},Commune,2026-03-24 14:42:11.659493+01,gold_establishments_2025,,,,21974009900011,2025,Collectivité Territoriale,Commune,['La Réunion'],['La Réunion'],COM,{974},{04}
318f7684-2926-4150-99e1-034c0389ef04,214801359,Commune de Saint-André-Capcèze (48),false,{48135},Commune,2026-03-24 14:42:01.412377+01,gold_establishments_2025,,,,21480135900016,2025,Collectivité Territoriale,Commune,['Lozère'],['Occitanie'],COM,{48},{76}
2b455ce2-c8cb-458e-9971-27e3bd2cbdcd,216005595,Commune de Saint-André-Farivillers (60),false,{60565},Commune,2026-03-24 14:42:04.814328+01,gold_establishments_2025,,,,21600559500014,2025,Collectivité Territoriale,Commune,['Oise'],['Hauts-de-France'],COM,{60},{32}
6d969218-8c07-4e0e-b992-51968ced90ac,218501963,Commune de Saint-André-Goule-d'Oie (85),false,{85196},Commune,2026-03-24 14:42:10.508772+01,gold_establishments_2025,,,,21850196300019,2025,Collectivité Territoriale,Commune,['Vendée'],['Pays de la Loire'],COM,{85},{52}
2e2489ce-4eba-4d14-81ae-3650ba09da0d,210702130,Commune de Saint-André-Lachamp (07),false,{07213},Commune,2026-03-24 14:41:52.562531+01,gold_establishments_2025,,,,21070213000019,2025,Collectivité Territoriale,Commune,['Ardèche'],['Auvergne-Rhône-Alpes'],COM,{07},{84}
2a40440d-ccae-469e-818f-a0ae1c24e398,212403661,Commune de Saint-André-d'Allas (24),false,{24366},Commune,2026-03-24 14:41:55.958138+01,gold_establishments_2025,,,,21240366100011,2025,Collectivité Territoriale,Commune,['Dordogne'],['Nouvelle-Aquitaine'],COM,{24},{75}
957cc408-fb51-459e-b75a-388155a5ce33,214201998,Commune de Saint-André-d'Apchon (42),false,{42199},Commune,2026-03-24 14:42:00.273698+01,gold_establishments_2025,,,,21420199800017,2025,Collectivité Territoriale,Commune,['Loire'],['Auvergne-Rhône-Alpes'],COM,{42},{84}
30f96318-ceae-41a8-876b-253f16ba59a6,210501284,Commune de Saint-André-d'Embrun (05),false,{05128},Commune,2026-03-24 14:41:52.562531+01,gold_establishments_2025,,,,21050128400017,2025,Collectivité Territoriale,Commune,['Hautes-Alpes'],"[""Provence-Alpes-Côte d'Azur""]",COM,{05},{93}
99c54c32-40e3-45e8-94f8-87008c3a7cb3,210103347,Commune de Saint-André-d'Huiriat (01),false,{01334},Commune,2026-03-24 14:41:51.447482+01,gold_establishments_2025,,,,21010334700014,2025,Collectivité Territoriale,Commune,['Ain'],['Auvergne-Rhône-Alpes'],COM,{01},{84}
8ea49ece-60b1-4af5-92fa-36f945e521bf,211405550,Commune de Saint-André-d'Hébertot (14),false,{14555},Commune,2026-03-24 14:41:54.362296+01,gold_establishments_2025,,,,21140555000016,2025,Collectivité Territoriale,Commune,['Calvados'],['Normandie'],COM,{14},{28}
87036886-100f-43ee-8bfc-e44774b30b80,213002322,Commune de Saint-André-d'Olérargues (30),false,{30232},Commune,2026-03-24 14:41:57.56054+01,gold_establishments_2025,,,,21300232200013,2025,Collectivité Territoriale,Commune,['Gard'],['Occitanie'],COM,{30},{76}
e1fcc516-bbde-443d-a399-68c311b6b7bf,215004458,Commune de Saint-André-de-Bohon (50),false,{50445},Commune,2026-03-24 14:42:01.412377+01,gold_establishments_2025,,,,21500445800067,2025,Collectivité Territoriale,Commune,['Manche'],['Normandie'],COM,{50},{28}
6df491db-0f6c-46aa-b9b4-3189085505cc,217402262,Commune de Saint-André-de-Boëge (74),false,{74226},Commune,2026-03-24 14:42:08.818969+01,gold_establishments_2025,,,,21740226200018,2025,Collectivité Territoriale,Commune,['Haute-Savoie'],['Auvergne-Rhône-Alpes'],COM,{74},{84}
6e24879e-3393-4671-975b-ced9e717401f,216103614,Commune de Saint-André-de-Briouze (61),false,{61361},Commune,2026-03-24 14:42:05.597325+01,gold_establishments_2025,,,,21610361400014,2025,Collectivité Territoriale,Commune,['Orne'],['Normandie'],COM,{61},{28}
fa64d2e8-5c86-4795-ae3f-d91667b680ae,213402381,Commune de Saint-André-de-Buèges (34),false,{34238},Commune,2026-03-24 14:41:58.620411+01,gold_establishments_2025,,,,21340238100015,2025,Collectivité Territoriale,Commune,['Hérault'],['Occitanie'],COM,{34},{76}
46d4ce74-680e-489f-a2e7-9641faf2d057,210103321,Commune de Saint-André-de-Bâgé (01),false,{01332},Commune,2026-03-24 14:41:51.447482+01,gold_establishments_2025,,,,21010332100019,2025,Collectivité Territoriale,Commune,['Ain'],['Auvergne-Rhône-Alpes'],COM,{01},{84}
c8aab902-0ff7-46c4-a184-b609c0fb7c85,214301665,Commune de Saint-André-de-Chalencon (43),false,{43166},Commune,2026-03-24 14:42:00.273698+01,gold_establishments_2025,,,,21430166500011,2025,Collectivité Territoriale,Commune,['Haute-Loire'],['Auvergne-Rhône-Alpes'],COM,{43},{84}
b862b372-9b95-43b1-b8b0-99610fe85109,210103339,Commune de Saint-André-de-Corcy (01),false,{01333},Commune,2026-03-24 14:41:51.447482+01,gold_establishments_2025,,,,21010333900011,2025,Collectivité Territoriale,Commune,['Ain'],['Auvergne-Rhône-Alpes'],COM,{01},{84}
b332e4e4-708e-44c1-83d8-8611455e4a7e,210702114,Commune de Saint-André-de-Cruzières (07),false,{07211},Commune,2026-03-24 14:41:52.562531+01,gold_establishments_2025,,,,21070211400013,2025,Collectivité Territoriale,Commune,['Ardèche'],['Auvergne-Rhône-Alpes'],COM,{07},{84}
5f003a47-b82a-4592-b8fe-e554bb48fb7b,213303662,Commune de Saint-André-de-Cubzac (33),false,{33366},Commune,2026-03-24 14:41:58.620411+01,gold_establishments_2025,,,,21330366200018,2025,Collectivité Territoriale,Commune,['Gironde'],['Nouvelle-Aquitaine'],COM,{33},{75}
5b421b46-616a-4590-a412-3f9d42a6472a,212403679,Commune de Saint-André-de-Double (24),false,{24367},Commune,2026-03-24 14:41:55.958138+01,gold_establishments_2025,,,,21240367900013,2025,Collectivité Territoriale,Commune,['Dordogne'],['Nouvelle-Aquitaine'],COM,{24},{75}
2167ba0a-4581-4b50-a171-4e52754055a3,214801367,Commune de Saint-André-de-Lancize (48),false,{48136},Commune,2026-03-24 14:42:01.412377+01,gold_establishments_2025,,,,21480136700019,2025,Collectivité Territoriale,Commune,['Lozère'],['Occitanie'],COM,{48},{76}
ba7e8d62-a998-4adb-a96b-3005d1804df5,211703103,Commune de Saint-André-de-Lidon (17),false,{17310},Commune,2026-03-24 14:41:54.903238+01,gold_establishments_2025,,,,21170310300013,2025,Collectivité Territoriale,Commune,['Charente-Maritime'],['Nouvelle-Aquitaine'],COM,{17},{75}
93ba0c11-859f-4c44-a884-3d9b90420604,213002298,Commune de Saint-André-de-Majencoules (30),false,{30229},Commune,2026-03-24 14:41:57.56054+01,gold_establishments_2025,,,,21300229800015,2025,Collectivité Territoriale,Commune,['Gard'],['Occitanie'],COM,{30},{76}
c099393f-f749-4c37-8fb8-5691520d1cdd,216103622,Commune de Saint-André-de-Messei (61),false,{61362},Commune,2026-03-24 14:42:05.597325+01,gold_establishments_2025,,,,21610362200017,2025,Collectivité Territoriale,Commune,['Orne'],['Normandie'],COM,{61},{28}
26fdc5ce-ed9b-4c8a-844b-04ede215ff98,211202106,Commune de Saint-André-de-Najac (12),false,{12210},Commune,2026-03-24 14:41:53.63825+01,gold_establishments_2025,,,,21120210600012,2025,Collectivité Territoriale,Commune,['Aveyron'],['Occitanie'],COM,{12},{76}
3c033d89-a063-4efb-a569-b4aeebbc8941,211103320,Commune de Saint-André-de-Roquelongue (11),false,{11332},Commune,2026-03-24 14:41:53.63825+01,gold_establishments_2025,,,,21110332000019,2025,Collectivité Territoriale,Commune,['Aude'],['Occitanie'],COM,{11},{76}
cdd30f1f-8666-499e-93ee-0ac35a50cc62,213002306,Commune de Saint-André-de-Roquepertuis (30),false,{30230},Commune,2026-03-24 14:41:57.56054+01,gold_establishments_2025,,,,21300230600016,2025,Collectivité Territoriale,Commune,['Gard'],['Occitanie'],COM,{30},{76}
f3f813d9-432c-4869-8a50-9a99fe9eb2d9,210501292,Commune de Saint-André-de-Rosans (05),false,{05129},Commune,2026-03-24 14:41:52.562531+01,gold_establishments_2025,,,,21050129200010,2025,Collectivité Territoriale,Commune,['Hautes-Alpes'],"[""Provence-Alpes-Côte d'Azur""]",COM,{05},{93}
1c968491-4dcc-4f72-9d9f-ea51a15bea5c,213402399,Commune de Saint-André-de-Sangonis (34),false,{34239},Commune,2026-03-24 14:41:58.620411+01,gold_establishments_2025,,,,21340239900017,2025,Collectivité Territoriale,Commune,['Hérault'],['Occitanie'],COM,{34},{76}
21551308-bfa5-4b91-b832-89583ed46b00,214002487,Commune de Saint-André-de-Seignanx (40),false,{40248},Commune,2026-03-24 14:41:59.705606+01,gold_establishments_2025,,,,21400248700012,2025,Collectivité Territoriale,Commune,['Landes'],['Nouvelle-Aquitaine'],COM,{40},{75}
47b729b6-6b1c-4dc1-91be-b1adf903e76a,213002314,Commune de Saint-André-de-Valborgne (30),false,{30231},Commune,2026-03-24 14:41:57.56054+01,gold_establishments_2025,,,,21300231400010,2025,Collectivité Territoriale,Commune,['Gard'],['Occitanie'],COM,{30},{76}
1380d324-68bf-4343-b005-8493f59e9d95,211202114,Commune de Saint-André-de-Vézines (12),false,{12211},Commune,2026-03-24 14:41:53.63825+01,gold_establishments_2025,,,,21120211400016,2025,Collectivité Territoriale,Commune,['Aveyron'],['Occitanie'],COM,{12},{76}
c49dc3b8-0114-4a32-9919-bec1ec81e0b5,212705073,Commune de Saint-André-de-l'Eure (27),false,{27507},Commune,2026-03-24 14:41:57.028721+01,gold_establishments_2025,,,,21270507300014,2025,Collectivité Territoriale,Commune,['Eure'],['Normandie'],COM,{27},{28}
960cf429-f2e5-4506-9b77-aed8a8af9584,215004466,Commune de Saint-André-de-l'Épine (50),false,{50446},Commune,2026-03-24 14:42:01.412377+01,gold_establishments_2025,,,,21500446600011,2025,Collectivité Territoriale,Commune,['Manche'],['Normandie'],COM,{50},{28}
00d02b03-13e8-4250-a0b9-ee77b25de75c,210601142,Commune de Saint-André-de-la-Roche (06),false,{06114},Commune,2026-03-24 14:41:52.562531+01,gold_establishments_2025,,,,21060114200016,2025,Collectivité Territoriale,Commune,['Alpes-Maritimes'],"[""Provence-Alpes-Côte d'Azur""]",COM,{06},{93}
43d4de09-f22c-4ff6-90b6-dc593d9a0a27,212202741,Commune de Saint-André-des-Eaux (22),false,{22274},Commune,2026-03-24 14:41:55.958138+01,gold_establishments_2025,,,,21220274100014,2025,Collectivité Territoriale,Commune,"[""Côtes-d'Armor""]",['Bretagne'],COM,{22},{53}
c05c0b20-3403-40ed-a144-9ed77201728a,214401515,Commune de Saint-André-des-Eaux (44),false,{44151},Commune,2026-03-24 14:42:00.273698+01,gold_establishments_2025,,,,21440151500017,2025,Collectivité Territoriale,Commune,['Loire-Atlantique'],['Pays de la Loire'],COM,{44},{52}
ac298445-3e9b-45dc-b9f2-80a8d9bba5d5,213303670,Commune de Saint-André-du-Bois (33),false,{33367},Commune,2026-03-24 14:41:58.620411+01,gold_establishments_2025,,,,21330367000011,2025,Collectivité Territoriale,Commune,['Gironde'],['Nouvelle-Aquitaine'],COM,{33},{75}
d74391dd-4a0d-428a-ac03-ce01b843c3b7,215504531,Commune de Saint-André-en-Barrois (55),false,{55453},Commune,2026-03-24 14:42:03.701372+01,gold_establishments_2025,,,,21550453100017,2025,Collectivité Territoriale,Commune,['Meuse'],['Grand Est'],COM,{55},{44}
dec38b60-396d-4066-bb92-c33d2cbfdf05,217103860,Commune de Saint-André-en-Bresse (71),false,{71386},Commune,2026-03-24 14:42:08.279287+01,gold_establishments_2025,,,,21710386000011,2025,Collectivité Territoriale,Commune,['Saône-et-Loire'],['Bourgogne-Franche-Comté'],COM,{71},{27}
6ed05fde-f5e6-4fa0-a034-c81c8f0739e5,215802299,Commune de Saint-André-en-Morvan (58),false,{58229},Commune,2026-03-24 14:42:04.280096+01,gold_establishments_2025,,,,21580229900010,2025,Collectivité Territoriale,Commune,['Nièvre'],['Bourgogne-Franche-Comté'],COM,{58},{27}
f9e23dc9-a67b-4af9-9443-f58aeb426587,213803562,Commune de Saint-André-en-Royans (38),false,{38356},Commune,2026-03-24 14:41:59.160244+01,gold_establishments_2025,,,,21380356200015,2025,Collectivité Territoriale,Commune,['Isère'],['Auvergne-Rhône-Alpes'],COM,{38},{84}
7e89b312-bff9-4539-9317-c577b1140b48,218903334,Commune de Saint-André-en-Terre-Plaine (89),false,{89333},Commune,2026-03-24 14:42:11.659493+01,gold_establishments_2025,,,,21890333400017,2025,Collectivité Territoriale,Commune,['Yonne'],['Bourgogne-Franche-Comté'],COM,{89},{27}
654a9b5c-54e5-4331-8fec-12686bcbdf5d,210702122,Commune de Saint-André-en-Vivarais (07),false,{07212},Commune,2026-03-24 14:41:52.562531+01,gold_establishments_2025,,,,21070212200016,2025,Collectivité Territoriale,Commune,['Ardèche'],['Auvergne-Rhône-Alpes'],COM,{07},{84}
8ab69a1f-f540-487e-acaa-3977a5fc3009,213303696,Commune de Saint-André-et-Appelles (33),false,{33369},Commune,2026-03-24 14:41:58.620411+01,gold_establishments_2025,,,,21330369600016,2025,Collectivité Territoriale,Commune,['Gironde'],['Nouvelle-Aquitaine'],COM,{33},{75}
08d9fb2b-c1bc-40ae-9671-57575b65074e,216901801,Commune de Saint-André-la-Côte (69),false,{69180},Commune,2026-03-24 14:42:07.195692+01,gold_establishments_2025,,,,21690180100011,2025,Collectivité Territoriale,Commune,['Rhône'],['Auvergne-Rhône-Alpes'],COM,{69},{84}
85fabd60-60f7-4804-9fb4-b73e6e0e4c84,210103354,Commune de Saint-André-le-Bouchoux (01),false,{01335},Commune,2026-03-24 14:41:51.447482+01,gold_establishments_2025,,,,21010335400010,2025,Collectivité Territoriale,Commune,['Ain'],['Auvergne-Rhône-Alpes'],COM,{01},{84}
35a415e5-21e7-4d8d-80c5-7e4f9697033a,216303172,Commune de Saint-André-le-Coq (63),false,{63317},Commune,2026-03-24 14:42:06.130387+01,gold_establishments_2025,,,,21630317200011,2025,Collectivité Territoriale,Commune,['Puy-de-Dôme'],['Auvergne-Rhône-Alpes'],COM,{63},{84}
55ada5f3-fa08-4474-9c6e-d1ef15d9adc5,217103878,Commune de Saint-André-le-Désert (71),false,{71387},Commune,2026-03-24 14:42:08.279287+01,gold_establishments_2025,,,,21710387800013,2025,Collectivité Territoriale,Commune,['Saône-et-Loire'],['Bourgogne-Franche-Comté'],COM,{71},{27}
f4c78598-bb4f-4b34-b71c-78f9cdbd38e6,213803570,Commune de Saint-André-le-Gaz (38),false,{38357},Commune,2026-03-24 14:41:59.160244+01,gold_establishments_2025,,,,21380357000018,2025,Collectivité Territoriale,Commune,['Isère'],['Auvergne-Rhône-Alpes'],COM,{38},{84}
a1625e52-864c-496a-8271-0f18aba81ff7,214202004,Commune de Saint-André-le-Puy (42),false,{42200},Commune,2026-03-24 14:42:00.273698+01,gold_establishments_2025,,,,21420200400013,2025,Collectivité Territoriale,Commune,['Loire'],['Auvergne-Rhône-Alpes'],COM,{42},{84}
aadb90bb-e685-4b99-a58f-adbd3fd18ba5,210401733,Commune de Saint-André-les-Alpes (04),false,{04173},Commune,2026-03-24 14:41:52.562531+01,gold_establishments_2025,,,,21040173300014,2025,Collectivité Territoriale,Commune,['Alpes-de-Haute-Provence'],"[""Provence-Alpes-Côte d'Azur""]",COM,{04},{93}
568060b3-bb40-43c4-ac06-bb5770acaa75,211003223,Commune de Saint-André-les-Vergers (10),false,{10333},Commune,2026-03-24 14:41:53.095366+01,gold_establishments_2025,,,,21100322300016,2025,Collectivité Territoriale,Commune,['Aube'],['Grand Est'],COM,{10},{44}
9c85c09b-d035-4b1d-9215-1a0bbb863c08,215905274,Commune de Saint-André-lez-Lille (59),false,{59527},Commune,2026-03-24 14:42:04.814328+01,gold_establishments_2025,,,,21590527400019,2025,Collectivité Territoriale,Commune,['Nord'],['Hauts-de-France'],COM,{59},{32}
fb558aaa-949c-44e8-8424-aa1647da02a7,217605559,Commune de Saint-André-sur-Cailly (76),false,{76555},Commune,2026-03-24 14:42:08.818969+01,gold_establishments_2025,,,,21760555900012,2025,Collectivité Territoriale,Commune,['Seine-Maritime'],['Normandie'],COM,{76},{28}
00df93a5-45cd-4a70-88fb-4084db9cb368,211405568,Commune de Saint-André-sur-Orne (14),false,{14556},Commune,2026-03-24 14:41:54.362296+01,gold_establishments_2025,,,,21140556800018,2025,Collectivité Territoriale,Commune,['Calvados'],['Normandie'],COM,{14},{28}
46cdbd56-2538-4ec1-b019-bba070fa71b4,217902360,Commune de Saint-André-sur-Sèvre (79),false,{79236},Commune,2026-03-24 14:42:09.43682+01,gold_establishments_2025,,,,21790236000015,2025,Collectivité Territoriale,Commune,['Deux-Sèvres'],['Nouvelle-Aquitaine'],COM,{79},{75}
1cb5079e-ca46-4aef-abd3-dd22fdeb60ae,210103362,Commune de Saint-André-sur-Vieux-Jonc (01),false,{01336},Commune,2026-03-24 14:41:51.447482+01,gold_establishments_2025,,,,21010336200013,2025,Collectivité Territoriale,Commune,['Ain'],['Auvergne-Rhône-Alpes'],COM,{01},{84}
07d844d5-e680-430b-ab86-b11cb1e2489d,212602916,Commune de Saint-Andéol (26),false,{26291},Commune,2026-03-24 14:41:56.495197+01,gold_establishments_2025,,,,21260291600018,2025,Collectivité Territoriale,Commune,['Drôme'],['Auvergne-Rhône-Alpes'],COM,{26},{84}
c5505661-b7c1-40f3-ab88-251e6f3ea569,213803554,Commune de Saint-Andéol (38),false,{38355},Commune,2026-03-24 14:41:59.160244+01,gold_establishments_2025,,,,21380355400012,2025,Collectivité Territoriale,Commune,['Isère'],['Auvergne-Rhône-Alpes'],COM,{38},{84}
bc57bb6b-b29a-4b4a-b79e-d3610cbe1d9c,210702080,Commune de Saint-Andéol-de-Berg (07),false,{07208},Commune,2026-03-24 14:41:52.562531+01,gold_establishments_2025,,,,21070208000016,2025,Collectivité Territoriale,Commune,['Ardèche'],['Auvergne-Rhône-Alpes'],COM,{07},{84}
e63ab622-ac12-4382-ba20-9ab07607f1ca,210702098,Commune de Saint-Andéol-de-Fourchades (07),false,{07209},Commune,2026-03-24 14:41:52.562531+01,gold_establishments_2025,,,,21070209800018,2025,Collectivité Territoriale,Commune,['Ardèche'],['Auvergne-Rhône-Alpes'],COM,{07},{84}
9ae2fa63-677e-45c1-a089-ccf6cf4f8445,210702106,Commune de Saint-Andéol-de-Vals (07),false,{07210},Commune,2026-03-24 14:41:52.562531+01,gold_establishments_2025,,,,21070210600019,2025,Collectivité Territoriale,Commune,['Ardèche'],['Auvergne-Rhône-Alpes'],COM,{07},{84}
481a283f-3c54-44c7-b9ef-c8b123b21c8c,212803233,Commune de Saint-Ange-et-Torçay (28),false,{28323},Commune,2026-03-24 14:41:57.028721+01,gold_establishments_2025,,,,21280323300015,2025,Collectivité Territoriale,Commune,['Eure-et-Loir'],['Centre-Val de Loire'],COM,{28},{24}
92ed8c58-c1ca-49c9-b826-c15a88a2d153,210302170,Commune de Saint-Angel (03),false,{03217},Commune,2026-03-24 14:41:52.020251+01,gold_establishments_2025,,,,21030217000019,2025,Collectivité Territoriale,Commune,['Allier'],['Auvergne-Rhône-Alpes'],COM,{03},{84}
dd4057a1-dbf2-40de-b5fd-fff5039eaa78,211918008,Commune de Saint-Angel (19),false,{19180},Commune,2026-03-24 14:41:54.903238+01,gold_establishments_2025,,,,21191800800015,2025,Collectivité Territoriale,Commune,['Corrèze'],['Nouvelle-Aquitaine'],COM,{19},{75}
40835792-7669-4368-babf-2406d1a8ef44,216303180,Commune de Saint-Angel (63),false,{63318},Commune,2026-03-24 14:42:06.130387+01,gold_establishments_2025,,,,21630318000014,2025,Collectivité Territoriale,Commune,['Puy-de-Dôme'],['Auvergne-Rhône-Alpes'],COM,{63},{84}
06fcc065-7dcc-4575-ae91-c71c3ed79d7e,212105399,Commune de Saint-Anthot (21),false,{21539},Commune,2026-03-24 14:41:55.433389+01,gold_establishments_2025,,,,21210539900019,2025,Collectivité Territoriale,Commune,"[""Côte-d'Or""]",['Bourgogne-Franche-Comté'],COM,{21},{27}
28762f6d-a388-4c65-835a-5f91c5d1dd5f,216303198,Commune de Saint-Anthème (63),false,{63319},Commune,2026-03-24 14:42:06.130387+01,gold_establishments_2025,,,,21630319800016,2025,Collectivité Territoriale,Commune,['Puy-de-Dôme'],['Auvergne-Rhône-Alpes'],COM,{63},{84}
5b6ecd4f-1594-4e0a-b52a-6c96cfbcbcd9,211501721,Commune de Saint-Antoine (15),false,{15172},Commune,2026-03-24 14:41:54.362296+01,gold_establishments_2025,,,,21150172100016,2025,Collectivité Territoriale,Commune,['Cantal'],['Auvergne-Rhône-Alpes'],COM,{15},{84}
6a428899-2d44-4c5c-8755-fb5d14c29ed6,212505143,Commune de Saint-Antoine (25),false,{25514},Commune,2026-03-24 14:41:56.495197+01,gold_establishments_2025,,,,21250514300017,2025,Collectivité Territoriale,Commune,['Doubs'],['Bourgogne-Franche-Comté'],COM,{25},{27}
2e8aa76e-e89f-4341-bda3-8d0de68dc0ed,213203581,Commune de Saint-Antoine (32),false,{32358},Commune,2026-03-24 14:41:58.09424+01,gold_establishments_2025,,,,21320358100011,2025,Collectivité Territoriale,Commune,['Gers'],['Occitanie'],COM,{32},{76}
1dc8e729-7c12-4f8d-a782-ab80bc7598cf,212403703,Commune de Saint-Antoine-de-Breuilh (24),false,{24370},Commune,2026-03-24 14:41:55.958138+01,gold_establishments_2025,,,,21240370300011,2025,Collectivité Territoriale,Commune,['Dordogne'],['Nouvelle-Aquitaine'],COM,{24},{75}
8f1a4404-14bd-449f-a34d-20d33cdb0b2d,214702284,Commune de Saint-Antoine-de-Ficalba (47),false,{47228},Commune,2026-03-24 14:42:00.862623+01,gold_establishments_2025,,,,21470228400016,2025,Collectivité Territoriale,Commune,['Lot-et-Garonne'],['Nouvelle-Aquitaine'],COM,{47},{75}
177df4f0-64c0-41bb-a557-250ccf614bf4,213303720,Commune de Saint-Antoine-du-Queyret (33),false,{33372},Commune,2026-03-24 14:41:58.620411+01,gold_establishments_2025,,,,21330372000014,2025,Collectivité Territoriale,Commune,['Gironde'],['Nouvelle-Aquitaine'],COM,{33},{75}
e6a03563-0481-4af8-8d90-b012a01e847c,213702061,Commune de Saint-Antoine-du-Rocher (37),false,{37206},Commune,2026-03-24 14:41:59.160244+01,gold_establishments_2025,,,,21370206100010,2025,Collectivité Territoriale,Commune,['Indre-et-Loire'],['Centre-Val de Loire'],COM,{37},{24}
60258131-6b86-41f1-9d5d-d3009990191d,217605567,Commune de Saint-Antoine-la-Forêt (76),false,{76556},Commune,2026-03-24 14:42:08.818969+01,gold_establishments_2025,,,,21760556700015,2025,Collectivité Territoriale,Commune,['Seine-Maritime'],['Normandie'],COM,{76},{28}
667f2d37-cc70-4856-af62-7082efd16c4b,213303738,Commune de Saint-Antoine-sur-l'Isle (33),false,{33373},Commune,2026-03-24 14:41:58.620411+01,gold_establishments_2025,,,,21330373800016,2025,Collectivité Territoriale,Commune,['Gironde'],['Nouvelle-Aquitaine'],COM,{33},{75}
0f16c9e2-99ac-4c2f-952a-417af972e688,210601159,Commune de Saint-Antonin (06),false,{06115},Commune,2026-03-24 14:41:52.562531+01,gold_establishments_2025,,,,21060115900010,2025,Collectivité Territoriale,Commune,['Alpes-Maritimes'],"[""Provence-Alpes-Côte d'Azur""]",COM,{06},{93}
4c70ff88-72f1-4a31-8bf5-66f050c27cb7,213203599,Commune de Saint-Antonin (32),false,{32359},Commune,2026-03-24 14:41:58.09424+01,gold_establishments_2025,,,,21320359900013,2025,Collectivité Territoriale,Commune,['Gers'],['Occitanie'],COM,{32},{76}
3675114d-fd3a-4448-b200-bf309bfc611f,218201556,Commune de Saint-Antonin-Noble-Val (82),false,{82155},Commune,2026-03-24 14:42:10.508772+01,gold_establishments_2025,,,,21820155600014,2025,Collectivité Territoriale,Commune,['Tarn-et-Garonne'],['Occitanie'],COM,{82},{76}
ca657d58-b010-4595-bc7e-947a488cbf87,212705081,Commune de Saint-Antonin-de-Sommaire (27),false,{27508},Commune,2026-03-24 14:41:57.028721+01,gold_establishments_2025,,,,21270508100017,2025,Collectivité Territoriale,Commune,['Eure'],['Normandie'],COM,{27},{28}
93616a8e-0417-483b-81ef-de6c1f663489,218301547,Commune de Saint-Antonin-du-Var (83),false,{83154},Commune,2026-03-24 14:42:10.508772+01,gold_establishments_2025,,,,21830154700012,2025,Collectivité Territoriale,Commune,['Var'],"[""Provence-Alpes-Côte d'Azur""]",COM,{83},{93}
5ddb9442-84f8-4a35-9f24-731475fa07d4,211300900,Commune de Saint-Antonin-sur-Bayon (13),false,{13090},Commune,2026-03-24 14:41:53.63825+01,gold_establishments_2025,,,,21130090000019,2025,Collectivité Territoriale,Commune,['Bouches-du-Rhône'],"[""Provence-Alpes-Côte d'Azur""]",COM,{13},{93}
d7647615-793b-4b7f-a820-2f9e9d540cf5,213601792,Commune de Saint-Aoustrille (36),false,{36179},Commune,2026-03-24 14:41:59.160244+01,gold_establishments_2025,,,,21360179200012,2025,Collectivité Territoriale,Commune,['Indre'],['Centre-Val de Loire'],COM,{36},{24}
58cddeaf-4ac8-4ab8-ba9e-6c942eee358f,213601800,Commune de Saint-Août (36),false,{36180},Commune,2026-03-24 14:41:59.160244+01,gold_establishments_2025,,,,21360180000013,2025,Collectivité Territoriale,Commune,['Indre'],['Centre-Val de Loire'],COM,{36},{24}
bdef6196-4162-4525-acae-15b685b7ff7b,210501300,Commune de Saint-Apollinaire (05),false,{05130},Commune,2026-03-24 14:41:52.562531+01,gold_establishments_2025,,,,21050130000011,2025,Collectivité Territoriale,Commune,['Hautes-Alpes'],"[""Provence-Alpes-Côte d'Azur""]",COM,{05},{93}
1f92d343-1b65-4ad4-8e6d-dcea5d157d33,212105407,Commune de Saint-Apollinaire (21),false,{21540},Commune,2026-03-24 14:41:55.433389+01,gold_establishments_2025,,,,21210540700010,2025,Collectivité Territoriale,Commune,"[""Côte-d'Or""]",['Bourgogne-Franche-Comté'],COM,{21},{27}
f50b7a00-362b-453d-bbe4-b866ca180662,210702148,Commune de Saint-Apollinaire-de-Rias (07),false,{07214},Commune,2026-03-24 14:41:52.562531+01,gold_establishments_2025,,,,21070214800011,2025,Collectivité Territoriale,Commune,['Ardèche'],['Auvergne-Rhône-Alpes'],COM,{07},{84}
9357c087-a0f9-4721-9120-570d9c1a5a41,216901819,Commune de Saint-Appolinaire (69),false,{69181},Commune,2026-03-24 14:42:07.195692+01,gold_establishments_2025,,,,21690181900013,2025,Collectivité Territoriale,Commune,['Rhône'],['Auvergne-Rhône-Alpes'],COM,{69},{84}
e141db27-334f-4480-b660-b9c7ec0a968b,213803604,Commune de Saint-Appolinard (38),false,{38360},Commune,2026-03-24 14:41:59.160244+01,gold_establishments_2025,,,,21380360400015,2025,Collectivité Territoriale,Commune,['Isère'],['Auvergne-Rhône-Alpes'],COM,{38},{84}
2ff6241b-1553-4290-894e-4123252098b4,214202012,Commune de Saint-Appolinard (42),false,{42201},Commune,2026-03-24 14:42:00.273698+01,gold_establishments_2025,,,,21420201200016,2025,Collectivité Territoriale,Commune,['Loire'],['Auvergne-Rhône-Alpes'],COM,{42},{84}
2b6d992c-80d3-4df4-9ff0-ad801ecf2294,212403711,Commune de Saint-Aquilin (24),false,{24371},Commune,2026-03-24 14:41:55.958138+01,gold_establishments_2025,,,,21240371100014,2025,Collectivité Territoriale,Commune,['Dordogne'],['Nouvelle-Aquitaine'],COM,{24},{75}
857bf12c-1370-4e79-9fce-f3d2f323bc4f,216103630,Commune de Saint-Aquilin-de-Corbion (61),false,{61363},Commune,2026-03-24 14:42:05.597325+01,gold_establishments_2025,,,,21610363000010,2025,Collectivité Territoriale,Commune,['Orne'],['Normandie'],COM,{61},{28}
62d8ba7e-8045-476a-8454-2ff271c80096,213104698,Commune de Saint-Araille (31),false,{31469},Commune,2026-03-24 14:41:58.09424+01,gold_establishments_2025,,,,21310469800013,2025,Collectivité Territoriale,Commune,['Haute-Garonne'],['Occitanie'],COM,{31},{76}
f9b80199-3bff-418f-9e8d-10c4554ecd1d,213203607,Commune de Saint-Arailles (32),false,{32360},Commune,2026-03-24 14:41:58.09424+01,gold_establishments_2025,,,,21320360700014,2025,Collectivité Territoriale,Commune,['Gers'],['Occitanie'],COM,{32},{76}
18cd9ed4-a16c-4bed-a13f-d0cbeb3e9df3,214301673,Commune de Saint-Arcons-d'Allier (43),false,{43167},Commune,2026-03-24 14:42:00.273698+01,gold_establishments_2025,,,,21430167300015,2025,Collectivité Territoriale,Commune,['Haute-Loire'],['Auvergne-Rhône-Alpes'],COM,{43},{84}
77419edc-b3ce-4001-9f61-95a645b2303e,214301681,Commune de Saint-Arcons-de-Barges (43),false,{43168},Commune,2026-03-24 14:42:00.273698+01,gold_establishments_2025,,,,21430168100018,2025,Collectivité Territoriale,Commune,['Haute-Loire'],['Auvergne-Rhône-Alpes'],COM,{43},{84}
4dfb7d0d-f954-48a0-bd72-2286ff054f14,213803612,Commune de Saint-Arey (38),false,{38361},Commune,2026-03-24 14:41:59.160244+01,gold_establishments_2025,,,,21380361200018,2025,Collectivité Territoriale,Commune,['Isère'],['Auvergne-Rhône-Alpes'],COM,{38},{84}
9a3ca8ac-09d8-4750-ad15-a575c565f334,213502503,Commune de Saint-Armel (35),false,{35250},Commune,2026-03-24 14:41:59.160244+01,gold_establishments_2025,,,,21350250300013,2025,Collectivité Territoriale,Commune,['Ille-et-Vilaine'],['Bretagne'],COM,{35},{53}
539fdc7d-829a-48b7-8ea5-0f054826170b,215602053,Commune de Saint-Armel (56),false,{56205},Commune,2026-03-24 14:42:03.701372+01,gold_establishments_2025,,,,21560205300013,2025,Collectivité Territoriale,Commune,['Morbihan'],['Bretagne'],COM,{56},{53}
b4d35d16-90a6-44a4-9e55-a791b68427a7,216404707,Commune de Saint-Armou (64),false,{64470},Commune,2026-03-24 14:42:06.665412+01,gold_establishments_2025,,,,21640470700012,2025,Collectivité Territoriale,Commune,['Pyrénées-Atlantiques'],['Nouvelle-Aquitaine'],COM,{64},{75}
7dba2931-256f-421b-8c1d-e44ec574a8e4,216601690,Commune de Saint-Arnac (66),false,{66169},Commune,2026-03-24 14:42:06.665412+01,gold_establishments_2025,,,,21660169000011,2025,Collectivité Territoriale,Commune,['Pyrénées-Orientales'],['Occitanie'],COM,{66},{76}
61254e6f-7516-4968-a264-87bc50d38165,211405576,Commune de Saint-Arnoult (14),false,{14557},Commune,2026-03-24 14:41:54.362296+01,gold_establishments_2025,,,,21140557600011,2025,Collectivité Territoriale,Commune,['Calvados'],['Normandie'],COM,{14},{28}
10a42b1e-ef03-4700-8488-71c28089255d,214102014,Commune de Saint-Arnoult (41),false,{41201},Commune,2026-03-24 14:42:00.273698+01,gold_establishments_2025,,,,21410201400013,2025,Collectivité Territoriale,Commune,['Loir-et-Cher'],['Centre-Val de Loire'],COM,{41},{24}
17d940c7-2b83-4acf-a7ae-b2084a7f0465,216005603,Commune de Saint-Arnoult (60),false,{60566},Commune,2026-03-24 14:42:04.814328+01,gold_establishments_2025,,,,21600560300016,2025,Collectivité Territoriale,Commune,['Oise'],['Hauts-de-France'],COM,{60},{32}
ee8ddbe1-eac2-43c9-83a4-46241c48e1d6,217605575,Commune de Saint-Arnoult (76),false,{76557},Commune,2026-03-24 14:42:08.818969+01,gold_establishments_2025,,,,21760557500018,2025,Collectivité Territoriale,Commune,['Seine-Maritime'],['Normandie'],COM,{76},{28}
05ab2a6e-a38b-47df-b1c7-c3b8536255ef,212803241,Commune de Saint-Arnoult-des-Bois (28),false,{28324},Commune,2026-03-24 14:41:57.028721+01,gold_establishments_2025,,,,21280324100018,2025,Collectivité Territoriale,Commune,['Eure-et-Loir'],['Centre-Val de Loire'],COM,{28},{24}
32a92033-f835-42cf-b97c-59fdcae7eaab,217805373,Commune de Saint-Arnoult-en-Yvelines (78),false,{78537},Commune,2026-03-24 14:42:09.43682+01,gold_establishments_2025,,,,21780537300016,2025,Collectivité Territoriale,Commune,['Yvelines'],['Île-de-France'],COM,{78},{11}
d8123e1d-9a0d-4e83-8f36-8acf0e6432cf,213203615,Commune de Saint-Arroman (32),false,{32361},Commune,2026-03-24 14:41:58.09424+01,gold_establishments_2025,,,,21320361500017,2025,Collectivité Territoriale,Commune,['Gers'],['Occitanie'],COM,{32},{76}
aab8061e-baa6-42bf-93af-cb5a6b2f063f,216503854,Commune de Saint-Arroman (65),false,{65385},Commune,2026-03-24 14:42:06.665412+01,gold_establishments_2025,,,,21650385400012,2025,Collectivité Territoriale,Commune,['Hautes-Pyrénées'],['Occitanie'],COM,{65},{76}
6a98ebb2-6808-499a-8ac3-6eac449abc0a,218201564,Commune de Saint-Arroumex (82),false,{82156},Commune,2026-03-24 14:42:10.508772+01,gold_establishments_2025,,,,21820156400018,2025,Collectivité Territoriale,Commune,['Tarn-et-Garonne'],['Occitanie'],COM,{82},{76}
46b8a12e-eaf9-4100-8739-5bba06ff6558,212403729,Commune de Saint-Astier (24),false,{24372},Commune,2026-03-24 14:41:55.958138+01,gold_establishments_2025,,,,21240372900016,2025,Collectivité Territoriale,Commune,['Dordogne'],['Nouvelle-Aquitaine'],COM,{24},{75}
f0141a43-5eda-4ec4-9a83-7e1edd76ddfc,214702292,Commune de Saint-Astier (47),false,{47229},Commune,2026-03-24 14:42:00.862623+01,gold_establishments_2025,,,,21470229200019,2025,Collectivité Territoriale,Commune,['Lot-et-Garonne'],['Nouvelle-Aquitaine'],COM,{47},{75}
2b5f4318-c037-4f05-b72d-402a40b53163,210601167,Commune de Saint-Auban (06),false,{06116},Commune,2026-03-24 14:41:52.562531+01,gold_establishments_2025,,,,21060116700013,2025,Collectivité Territoriale,Commune,['Alpes-Maritimes'],"[""Provence-Alpes-Côte d'Azur""]",COM,{06},{93}
a67f32a9-b6ba-44b3-afd8-6d363bd62114,210501318,Commune de Saint-Auban-d'Oze (05),false,{05131},Commune,2026-03-24 14:41:52.562531+01,gold_establishments_2025,,,,21050131800013,2025,Collectivité Territoriale,Commune,['Hautes-Alpes'],"[""Provence-Alpes-Côte d'Azur""]",COM,{05},{93}
268bd538-76b4-4d18-bf68-b87ae7589b64,212602924,Commune de Saint-Auban-sur-l'Ouvèze (26),false,{26292},Commune,2026-03-24 14:41:56.495197+01,gold_establishments_2025,,,,21260292400012,2025,Collectivité Territoriale,Commune,['Drôme'],['Auvergne-Rhône-Alpes'],COM,{26},{84}
182408a4-95f2-4965-9f87-eee3f1c20439,215905282,Commune de Saint-Aubert (59),false,{59528},Commune,2026-03-24 14:42:04.814328+01,gold_establishments_2025,,,,21590528200012,2025,Collectivité Territoriale,Commune,['Nord'],['Hauts-de-France'],COM,{59},{32}
090ab657-846e-44c6-9e32-f5e3f4666962,210206462,Commune de Saint-Aubin (02),false,{02671},Commune,2026-03-24 14:41:52.020251+01,gold_establishments_2025,,,,21020646200017,2025,Collectivité Territoriale,Commune,['Aisne'],['Hauts-de-France'],COM,{02},{32}
6c79a914-7708-4dd5-b659-1e1dd35eb13d,211003231,Commune de Saint-Aubin (10),false,{10334},Commune,2026-03-24 14:41:53.095366+01,gold_establishments_2025,,,,21100323100019,2025,Collectivité Territoriale,Commune,['Aube'],['Grand Est'],COM,{10},{44}
759f7290-fe4c-4473-8000-215a6d690648,212105415,Commune de Saint-Aubin (21),false,{21541},Commune,2026-03-24 14:41:55.433389+01,gold_establishments_2025,,,,21210541500013,2025,Collectivité Territoriale,Commune,"[""Côte-d'Or""]",['Bourgogne-Franche-Comté'],COM,{21},{27}
575afaa9-2e14-41bf-8cee-5bd4c2db0bed,213601818,Commune de Saint-Aubin (36),false,{36181},Commune,2026-03-24 14:41:59.160244+01,gold_establishments_2025,,,,21360181800015,2025,Collectivité Territoriale,Commune,['Indre'],['Centre-Val de Loire'],COM,{36},{24}
d37f153b-0dee-4e4f-9519-1dac398b0529,213904766,Commune de Saint-Aubin (39),false,{39476},Commune,2026-03-24 14:41:59.705606+01,gold_establishments_2025,,,,21390476600010,2025,Collectivité Territoriale,Commune,['Jura'],['Bourgogne-Franche-Comté'],COM,{39},{27}
26323b8b-9eb5-432a-a19b-2d334df2b2af,214002495,Commune de Saint-Aubin (40),false,{40249},Commune,2026-03-24 14:41:59.705606+01,gold_establishments_2025,,,,21400249500015,2025,Collectivité Territoriale,Commune,['Landes'],['Nouvelle-Aquitaine'],COM,{40},{75}
2da5d5bf-4703-4b88-b0e4-44f43d2131c1,214702300,Commune de Saint-Aubin (47),false,{47230},Commune,2026-03-24 14:42:00.862623+01,gold_establishments_2025,,,,21470230000010,2025,Collectivité Territoriale,Commune,['Lot-et-Garonne'],['Nouvelle-Aquitaine'],COM,{47},{75}
3272f942-0c72-433a-80d7-976315f2ba21,215905290,Commune de Saint-Aubin (59),false,{59529},Commune,2026-03-24 14:42:04.814328+01,gold_establishments_2025,,,,21590529000015,2025,Collectivité Territoriale,Commune,['Nord'],['Hauts-de-France'],COM,{59},{32}
b070956a-3ba8-443d-ac6f-fc8c85fba412,216207423,Commune de Saint-Aubin (62),false,{62742},Commune,2026-03-24 14:42:06.130387+01,gold_establishments_2025,,,,21620742300015,2025,Collectivité Territoriale,Commune,['Pas-de-Calais'],['Hauts-de-France'],COM,{62},{32}
0af76c0e-97f4-4bb9-9ce6-40553e77e02c,219105384,Commune de Saint-Aubin (91),false,{91538},Commune,2026-03-24 14:42:11.659493+01,gold_establishments_2025,,,,21910538400016,2025,Collectivité Territoriale,Commune,['Essonne'],['Île-de-France'],COM,{91},{11}
62e4ce74-6e57-469b-b32e-e5d0db333570,217605583,Commune de Saint-Aubin-Celloville (76),false,{76558},Commune,2026-03-24 14:42:08.818969+01,gold_establishments_2025,,,,21760558300012,2025,Collectivité Territoriale,Commune,['Seine-Maritime'],['Normandie'],COM,{76},{28}
68bed1d5-a008-4af5-9674-8779f4e25f36,215301995,Commune de Saint-Aubin-Fosse-Louvain (53),false,{53199},Commune,2026-03-24 14:42:02.957225+01,gold_establishments_2025,,,,21530199500019,2025,Collectivité Territoriale,Commune,['Mayenne'],['Pays de la Loire'],COM,{53},{52}
a476e970-1b42-406f-90ea-21fa499ec45f,218006575,Commune de Saint-Aubin-Montenoy (80),false,{80698},Commune,2026-03-24 14:42:09.967209+01,gold_establishments_2025,,,,21800657500011,2025,Collectivité Territoriale,Commune,['Somme'],['Hauts-de-France'],COM,{80},{32}
eadc2afe-2b2d-4710-9080-3025589aeba6,218006583,Commune de Saint-Aubin-Rivière (80),false,{80699},Commune,2026-03-24 14:42:09.967209+01,gold_establishments_2025,,,,21800658300015,2025,Collectivité Territoriale,Commune,['Somme'],['Hauts-de-France'],COM,{80},{32}
decd9d43-3d1e-4f28-8909-3944b924824b,217605633,Commune de Saint-Aubin-Routot (76),false,{76563},Commune,2026-03-24 14:42:08.818969+01,gold_establishments_2025,,,,21760563300015,2025,Collectivité Territoriale,Commune,['Seine-Maritime'],['Normandie'],COM,{76},{28}
a04c725f-f8d7-4568-aca3-d20a5c1ed31c,216103655,Commune de Saint-Aubin-d'Appenai (61),false,{61365},Commune,2026-03-24 14:42:05.597325+01,gold_establishments_2025,,,,21610365500017,2025,Collectivité Territoriale,Commune,['Orne'],['Normandie'],COM,{61},{28}
c105ebe9-1992-4a11-a601-7e793d61888c,211405584,Commune de Saint-Aubin-d'Arquenay (14),false,{14558},Commune,2026-03-24 14:41:54.362296+01,gold_establishments_2025,,,,21140558400015,2025,Collectivité Territoriale,Commune,['Calvados'],['Normandie'],COM,{14},{28}
e05199eb-b488-41f8-a4a6-5987a167f268,213502511,Commune de Saint-Aubin-d'Aubigné (35),false,{35251},Commune,2026-03-24 14:41:59.160244+01,gold_establishments_2025,,,,21350251100016,2025,Collectivité Territoriale,Commune,['Ille-et-Vilaine'],['Bretagne'],COM,{35},{53}
20f9564b-7305-463d-9e7a-26e47ddf81e7,212705115,Commune de Saint-Aubin-d'Écrosville (27),false,{27511},Commune,2026-03-24 14:41:57.028721+01,gold_establishments_2025,,,,21270511500013,2025,Collectivité Territoriale,Commune,['Eure'],['Normandie'],COM,{27},{28}
f27fdc79-e9dc-4552-bb0d-597b1042d13d,213303746,Commune de Saint-Aubin-de-Blaye (33),false,{33374},Commune,2026-03-24 14:41:58.620411+01,gold_establishments_2025,,,,21330374600019,2025,Collectivité Territoriale,Commune,['Gironde'],['Nouvelle-Aquitaine'],COM,{33},{75}
5ce30bbb-500a-40c1-b3da-df62ae2bb832,216103663,Commune de Saint-Aubin-de-Bonneval (61),false,{61366},Commune,2026-03-24 14:42:05.597325+01,gold_establishments_2025,,,,21610366300011,2025,Collectivité Territoriale,Commune,['Orne'],['Normandie'],COM,{61},{28}
a349a349-9233-4108-aa9e-2967df6bb225,213303753,Commune de Saint-Aubin-de-Branne (33),false,{33375},Commune,2026-03-24 14:41:58.620411+01,gold_establishments_2025,,,,21330375300015,2025,Collectivité Territoriale,Commune,['Gironde'],['Nouvelle-Aquitaine'],COM,{33},{75}
d1dba30b-f4a5-4de1-9133-d0228d434bc7,212403737,Commune de Saint-Aubin-de-Cadelech (24),false,{24373},Commune,2026-03-24 14:41:55.958138+01,gold_establishments_2025,,,,21240373700019,2025,Collectivité Territoriale,Commune,['Dordogne'],['Nouvelle-Aquitaine'],COM,{24},{75}
7289471b-3161-45bb-9292-27fa586df3ff,216103671,Commune de Saint-Aubin-de-Courteraie (61),false,{61367},Commune,2026-03-24 14:42:05.597325+01,gold_establishments_2025,,,,21610367100014,2025,Collectivité Territoriale,Commune,['Orne'],['Normandie'],COM,{61},{28}
61763023-b145-4f41-b645-6c0fbdc1160d,217605591,Commune de Saint-Aubin-de-Crétot (76),false,{76559},Commune,2026-03-24 14:42:08.818969+01,gold_establishments_2025,,,,21760559100015,2025,Collectivité Territoriale,Commune,['Seine-Maritime'],['Normandie'],COM,{76},{28}
4a624bbe-d200-467c-9a48-8f3c3dfc7c04,212403745,Commune de Saint-Aubin-de-Lanquais (24),false,{24374},Commune,2026-03-24 14:41:55.958138+01,gold_establishments_2025,,,,21240374500012,2025,Collectivité Territoriale,Commune,['Dordogne'],['Nouvelle-Aquitaine'],COM,{24},{75}
7dea5cc6-0496-442e-8894-6df6e2b307f0,217202662,Commune de Saint-Aubin-de-Locquenay (72),false,{72266},Commune,2026-03-24 14:42:08.279287+01,gold_establishments_2025,,,,21720266200011,2025,Collectivité Territoriale,Commune,['Sarthe'],['Pays de la Loire'],COM,{72},{52}
39da1249-229e-455f-a833-d3a45edce04d,213303761,Commune de Saint-Aubin-de-Médoc (33),false,{33376},Commune,2026-03-24 14:41:58.620411+01,gold_establishments_2025,,,,21330376100018,2025,Collectivité Territoriale,Commune,['Gironde'],['Nouvelle-Aquitaine'],COM,{33},{75}
ade22a28-2fa9-45c4-a4de-2911ec36098e,212403752,Commune de Saint-Aubin-de-Nabirat (24),false,{24375},Commune,2026-03-24 14:41:55.958138+01,gold_establishments_2025,,,,21240375200018,2025,Collectivité Territoriale,Commune,['Dordogne'],['Nouvelle-Aquitaine'],COM,{24},{75}
526d272b-a813-40f6-a643-a3d009df6330,212705123,Commune de Saint-Aubin-de-Scellon (27),false,{27512},Commune,2026-03-24 14:41:57.028721+01,gold_establishments_2025,,,,21270512300017,2025,Collectivité Territoriale,Commune,['Eure'],['Normandie'],COM,{27},{28}
613964bb-a537-4fb5-ab12-6a188fd352fc,215004482,Commune de Saint-Aubin-de-Terregatte (50),false,{50448},Commune,2026-03-24 14:42:01.412377+01,gold_establishments_2025,,,,21500448200018,2025,Collectivité Territoriale,Commune,['Manche'],['Normandie'],COM,{50},{28}
10569322-b452-4451-a59d-732d927a0f4e,211405592,Commune de Saint-Aubin-des-Bois (14),false,{14559},Commune,2026-03-24 14:41:54.362296+01,gold_establishments_2025,,,,21140559200018,2025,Collectivité Territoriale,Commune,['Calvados'],['Normandie'],COM,{14},{28}
0726971a-bebd-4a2d-b962-834a5a65f06d,212803258,Commune de Saint-Aubin-des-Bois (28),false,{28325},Commune,2026-03-24 14:41:57.028721+01,gold_establishments_2025,,,,21280325800012,2025,Collectivité Territoriale,Commune,['Eure-et-Loir'],['Centre-Val de Loire'],COM,{28},{24}
a54ab7b3-8e24-45ca-a070-e5bfef53603f,215802307,Commune de Saint-Aubin-des-Chaumes (58),false,{58230},Commune,2026-03-24 14:42:04.280096+01,gold_establishments_2025,,,,21580230700011,2025,Collectivité Territoriale,Commune,['Nièvre'],['Bourgogne-Franche-Comté'],COM,{58},{27}
2d728215-5c89-4130-9ff1-287c29998fa1,214401531,Commune de Saint-Aubin-des-Châteaux (44),false,{44153},Commune,2026-03-24 14:42:00.273698+01,gold_establishments_2025,,,,21440153100014,2025,Collectivité Territoriale,Commune,['Loire-Atlantique'],['Pays de la Loire'],COM,{44},{52}
c0ca65e5-11c2-49f3-acf0-f3cf9694d027,217202670,Commune de Saint-Aubin-des-Coudrais (72),false,{72267},Commune,2026-03-24 14:42:08.279287+01,gold_establishments_2025,,,,21720267000014,2025,Collectivité Territoriale,Commune,['Sarthe'],['Pays de la Loire'],COM,{72},{52}
c55e1cb6-1da4-4e0d-8f39-1a446f932d40,213502529,Commune de Saint-Aubin-des-Landes (35),false,{35252},Commune,2026-03-24 14:41:59.160244+01,gold_establishments_2025,,,,21350252900018,2025,Collectivité Territoriale,Commune,['Ille-et-Vilaine'],['Bretagne'],COM,{35},{53}
f449c00b-39ec-44a1-b487-fac5e5ecd8d2,218501989,Commune de Saint-Aubin-des-Ormeaux (85),false,{85198},Commune,2026-03-24 14:42:10.508772+01,gold_establishments_2025,,,,21850198900014,2025,Collectivité Territoriale,Commune,['Vendée'],['Pays de la Loire'],COM,{85},{52}
36245fab-abf6-4ec1-843e-51b0e7f748c5,215004474,Commune de Saint-Aubin-des-Préaux (50),false,{50447},Commune,2026-03-24 14:42:01.412377+01,gold_establishments_2025,,,,21500447400015,2025,Collectivité Territoriale,Commune,['Manche'],['Normandie'],COM,{50},{28}
d9cbee7a-12ab-4a0d-bc98-93ea93319a44,213502537,Commune de Saint-Aubin-du-Cormier (35),false,{35253},Commune,2026-03-24 14:41:59.160244+01,gold_establishments_2025,,,,21350253700011,2025,Collectivité Territoriale,Commune,['Ille-et-Vilaine'],['Bretagne'],COM,{35},{53}
83b72fc5-5432-4c48-af36-576fd465b307,215301987,Commune de Saint-Aubin-du-Désert (53),false,{53198},Commune,2026-03-24 14:42:02.957225+01,gold_establishments_2025,,,,21530198700016,2025,Collectivité Territoriale,Commune,['Mayenne'],['Pays de la Loire'],COM,{53},{52}
736aa2d4-bb97-4484-b707-ea457cf0994c,217902386,Commune de Saint-Aubin-du-Plain (79),false,{79238},Commune,2026-03-24 14:42:09.43682+01,gold_establishments_2025,,,,21790238600010,2025,Collectivité Territoriale,Commune,['Deux-Sèvres'],['Nouvelle-Aquitaine'],COM,{79},{75}
d1e0dc58-4ff8-4503-aa1f-632b436f326f,212705149,Commune de Saint-Aubin-du-Thenney (27),false,{27514},Commune,2026-03-24 14:41:57.028721+01,gold_establishments_2025,,,,21270514900012,2025,Collectivité Territoriale,Commune,['Eure'],['Normandie'],COM,{27},{28}
a0fa613b-cb26-498f-aa84-ae0acc79fbf4,216005611,Commune de Saint-Aubin-en-Bray (60),false,{60567},Commune,2026-03-24 14:42:04.814328+01,gold_establishments_2025,,,,21600561100019,2025,Collectivité Territoriale,Commune,['Oise'],['Hauts-de-France'],COM,{60},{32}
f4ad7f91-ae77-4b0d-9fda-03ad5ac5ff24,217103886,Commune de Saint-Aubin-en-Charollais (71),false,{71388},Commune,2026-03-24 14:42:08.279287+01,gold_establishments_2025,,,,21710388600016,2025,Collectivité Territoriale,Commune,['Saône-et-Loire'],['Bourgogne-Franche-Comté'],COM,{71},{27}
42c5f0cc-b512-45fc-adde-5396454d42b2,218501997,Commune de Saint-Aubin-la-Plaine (85),false,{85199},Commune,2026-03-24 14:42:10.508772+01,gold_establishments_2025,,,,21850199700017,2025,Collectivité Territoriale,Commune,['Vendée'],['Pays de la Loire'],COM,{85},{52}
a5fb22a3-f912-4e3e-ae40-e8cd09cccb31,217605625,Commune de Saint-Aubin-le-Cauf (76),false,{76562},Commune,2026-03-24 14:42:08.818969+01,gold_establishments_2025,,,,21760562500045,2025,Collectivité Territoriale,Commune,['Seine-Maritime'],['Normandie'],COM,{76},{28}
3dfd877e-d00c-441c-b1f5-0a1e376c144f,217902394,Commune de Saint-Aubin-le-Cloud (79),false,{79239},Commune,2026-03-24 14:42:09.43682+01,gold_establishments_2025,,,,21790239400014,2025,Collectivité Territoriale,Commune,['Deux-Sèvres'],['Nouvelle-Aquitaine'],COM,{79},{75}
e7a3161a-524d-4b0c-a978-36ea53921b0c,213702079,Commune de Saint-Aubin-le-Dépeint (37),false,{37207},Commune,2026-03-24 14:41:59.160244+01,gold_establishments_2025,,,,21370207900012,2025,Collectivité Territoriale,Commune,['Indre-et-Loire'],['Centre-Val de Loire'],COM,{37},{24}
7c6b4639-ad29-4541-9115-e5181826180b,210302188,Commune de Saint-Aubin-le-Monial (03),false,{03218},Commune,2026-03-24 14:41:52.020251+01,gold_establishments_2025,,,,21030218800011,2025,Collectivité Territoriale,Commune,['Allier'],['Auvergne-Rhône-Alpes'],COM,{03},{84}
14c7ced6-e157-4f38-8e63-084f6af3fabd,215802315,Commune de Saint-Aubin-les-Forges (58),false,{58231},Commune,2026-03-24 14:42:04.280096+01,gold_establishments_2025,,,,21580231500014,2025,Collectivité Territoriale,Commune,['Nièvre'],['Bourgogne-Franche-Comté'],COM,{58},{27}
b5edefca-d240-4f28-aa24-e474f6f54bd2,217605617,Commune de Saint-Aubin-lès-Elbeuf (76),false,{76561},Commune,2026-03-24 14:42:08.818969+01,gold_establishments_2025,,,,21760561700018,2025,Collectivité Territoriale,Commune,['Seine-Maritime'],['Normandie'],COM,{76},{28}
56dfbec8-aae7-41c9-8b69-ffa3cd6a85b0,216005629,Commune de Saint-Aubin-sous-Erquery (60),false,{60568},Commune,2026-03-24 14:42:04.814328+01,gold_establishments_2025,,,,21600562900011,2025,Collectivité Territoriale,Commune,['Oise'],['Hauts-de-France'],COM,{60},{32}
e439007d-ea3f-4bba-bcb1-44164c332031,215504549,Commune de Saint-Aubin-sur-Aire (55),false,{55454},Commune,2026-03-24 14:42:03.701372+01,gold_establishments_2025,,,,21550454900019,2025,Collectivité Territoriale,Commune,['Meuse'],['Grand Est'],COM,{55},{44}
173884f9-6463-448c-be44-486a3b17c3b6,212705172,Commune de Saint-Aubin-sur-Gaillon (27),false,{27517},Commune,2026-03-24 14:41:57.028721+01,gold_establishments_2025,,,,21270517200014,2025,Collectivité Territoriale,Commune,['Eure'],['Normandie'],COM,{27},{28}
67e955c2-26ac-480b-a846-d26cf62f3b4a,217103894,Commune de Saint-Aubin-sur-Loire (71),false,{71389},Commune,2026-03-24 14:42:08.279287+01,gold_establishments_2025,,,,21710389400010,2025,Collectivité Territoriale,Commune,['Saône-et-Loire'],['Bourgogne-Franche-Comté'],COM,{71},{27}
b63a9cb1-b759-437b-9e32-cabfcbd5946f,211405626,Commune de Saint-Aubin-sur-Mer (14),false,{14562},Commune,2026-03-24 14:41:54.362296+01,gold_establishments_2025,,,,21140562600014,2025,Collectivité Territoriale,Commune,['Calvados'],['Normandie'],COM,{14},{28}
19fa4777-2592-4b75-959d-5efd99d492f9,217605641,Commune de Saint-Aubin-sur-Mer (76),false,{76564},Commune,2026-03-24 14:42:08.818969+01,gold_establishments_2025,,,,21760564100018,2025,Collectivité Territoriale,Commune,['Seine-Maritime'],['Normandie'],COM,{76},{28}
efd19704-7538-4b68-ac88-4b7b0fa00599,212705180,Commune de Saint-Aubin-sur-Quillebeuf (27),false,{27518},Commune,2026-03-24 14:41:57.028721+01,gold_establishments_2025,,,,21270518000017,2025,Collectivité Territoriale,Commune,['Eure'],['Normandie'],COM,{27},{28}
b101d61f-7e55-4cc1-9681-4350520cb483,217605658,Commune de Saint-Aubin-sur-Scie (76),false,{76565},Commune,2026-03-24 14:42:08.818969+01,gold_establishments_2025,,,,21760565800012,2025,Collectivité Territoriale,Commune,['Seine-Maritime'],['Normandie'],COM,{76},{28}
ddc1af42-acfc-4869-978a-6df89c037684,218903359,Commune de Saint-Aubin-sur-Yonne (89),false,{89335},Commune,2026-03-24 14:42:11.659493+01,gold_establishments_2025,,,,21890335900014,2025,Collectivité Territoriale,Commune,['Yonne'],['Bourgogne-Franche-Comté'],COM,{89},{27}
cf29c989-acfd-49f6-aeff-07665d132541,217605609,Commune de Saint-Aubin-Épinay (76),false,{76560},Commune,2026-03-24 14:42:08.818969+01,gold_establishments_2025,,,,21760560900015,2025,Collectivité Territoriale,Commune,['Seine-Maritime'],['Normandie'],COM,{76},{28}
d5e16ed8-4814-436d-8e8c-2535057cacd3,211703111,Commune de Saint-Augustin (17),false,{17311},Commune,2026-03-24 14:41:54.903238+01,gold_establishments_2025,,,,21170311100016,2025,Collectivité Territoriale,Commune,['Charente-Maritime'],['Nouvelle-Aquitaine'],COM,{17},{75}
335b3e12-eeb7-4a6d-b9d4-2f9531599c95,211918107,Commune de Saint-Augustin (19),false,{19181},Commune,2026-03-24 14:41:54.903238+01,gold_establishments_2025,,,,21191810700015,2025,Collectivité Territoriale,Commune,['Corrèze'],['Nouvelle-Aquitaine'],COM,{19},{75}
40b12218-e113-4dce-aa72-7068a97aec03,200057099,Commune de Saint-Augustin (62),false,{62691},Commune,2026-03-24 14:42:05.597325+01,gold_establishments_2025,,,,20005709900018,2025,Collectivité Territoriale,Commune,['Pas-de-Calais'],['Hauts-de-France'],COM,{62},{32}
b92b86c2-8e39-467a-abe4-cc41b57c26b6,217704006,Commune de Saint-Augustin (77),false,{77400},Commune,2026-03-24 14:42:09.43682+01,gold_establishments_2025,,,,21770400600014,2025,Collectivité Territoriale,Commune,['Seine-et-Marne'],['Île-de-France'],COM,{77},{11}
9c624ee1-31e9-463b-95a4-57cf23f0ec4c,214902660,Commune de Saint-Augustin-des-Bois (49),false,{49266},Commune,2026-03-24 14:42:01.412377+01,gold_establishments_2025,,,,21490266000015,2025,Collectivité Territoriale,Commune,['Maine-et-Loire'],['Pays de la Loire'],COM,{49},{52}
d524a2aa-326b-4a99-9f16-7b34833b7868,211918206,Commune de Saint-Aulaire (19),false,{19182},Commune,2026-03-24 14:41:54.903238+01,gold_establishments_2025,,,,21191820600015,2025,Collectivité Territoriale,Commune,['Corrèze'],['Nouvelle-Aquitaine'],COM,{19},{75}
439c3c57-3c19-45a6-a95d-6af516bd2d9b,211603014,Commune de Saint-Aulais-la-Chapelle (16),false,{16301},Commune,2026-03-24 14:41:54.362296+01,gold_establishments_2025,,,,21160301400013,2025,Collectivité Territoriale,Commune,['Charente'],['Nouvelle-Aquitaine'],COM,{16},{75}
89407ac2-4a3c-4d64-9d86-5df4853b4d37,213203623,Commune de Saint-Aunix-Lengros (32),false,{32362},Commune,2026-03-24 14:41:58.09424+01,gold_establishments_2025,,,,21320362300011,2025,Collectivité Territoriale,Commune,['Gers'],['Occitanie'],COM,{32},{76}
cc2741a2-e4a5-43a4-a0e0-34a06109ee3f,213402407,Commune de Saint-Aunès (34),false,{34240},Commune,2026-03-24 14:41:58.620411+01,gold_establishments_2025,,,,21340240700018,2025,Collectivité Territoriale,Commune,['Hérault'],['Occitanie'],COM,{34},{76}
079222c8-d527-4424-87e4-0b7f162934d3,213803620,Commune de Saint-Aupre (38),false,{38362},Commune,2026-03-24 14:41:59.160244+01,gold_establishments_2025,,,,21380362000011,2025,Collectivité Territoriale,Commune,['Isère'],['Auvergne-Rhône-Alpes'],COM,{38},{84}
f4b319a0-6a9d-4a20-a4dd-7c82f2cf4fd7,214301699,Commune de Saint-Austremoine (43),false,{43169},Commune,2026-03-24 14:42:00.273698+01,gold_establishments_2025,,,,21430169900010,2025,Collectivité Territoriale,Commune,['Haute-Loire'],['Auvergne-Rhône-Alpes'],COM,{43},{84}
1b726522-eae9-49b0-ab16-80bbf756de34,218713501,Commune de Saint-Auvent (87),false,{87135},Commune,2026-03-24 14:42:11.118516+01,gold_establishments_2025,,,,21871350100011,2025,Collectivité Territoriale,Commune,['Haute-Vienne'],['Nouvelle-Aquitaine'],COM,{87},{75}
325b0dc0-37ee-4c02-a8d7-25177c346ae2,218502003,Commune de Saint-Avaugourd-des-Landes (85),false,{85200},Commune,2026-03-24 14:42:10.508772+01,gold_establishments_2025,,,,21850200300088,2025,Collectivité Territoriale,Commune,['Vendée'],['Pays de la Loire'],COM,{85},{52}
a7f2f5d7-5e56-4cc0-95be-369e1f6ce272,213104706,Commune de Saint-Aventin (31),false,{31470},Commune,2026-03-24 14:41:58.09424+01,gold_establishments_2025,,,,21310470600014,2025,Collectivité Territoriale,Commune,['Haute-Garonne'],['Occitanie'],COM,{31},{76}
6eb3c0c9-2b42-425c-9875-76045de80a3f,213702087,Commune de Saint-Avertin (37),false,{37208},Commune,2026-03-24 14:41:59.160244+01,gold_establishments_2025,,,,21370208700015,2025,Collectivité Territoriale,Commune,['Indre-et-Loire'],['Centre-Val de Loire'],COM,{37},{24}
0343d7e9-2ad8-49e4-9cda-6ecc49d43109,211603022,Commune de Saint-Avit (16),false,{16302},Commune,2026-03-24 14:41:54.362296+01,gold_establishments_2025,,,,21160302200016,2025,Collectivité Territoriale,Commune,['Charente'],['Nouvelle-Aquitaine'],COM,{16},{75}
fc512087-5854-4f15-8299-b2795f112450,212602932,Commune de Saint-Avit (26),false,{26293},Commune,2026-03-24 14:41:56.495197+01,gold_establishments_2025,,,,21260293200015,2025,Collectivité Territoriale,Commune,['Drôme'],['Auvergne-Rhône-Alpes'],COM,{26},{84}
3a3a39e1-0249-4ae0-af1c-681d34c7705a,214002503,Commune de Saint-Avit (40),false,{40250},Commune,2026-03-24 14:41:59.705606+01,gold_establishments_2025,,,,21400250300016,2025,Collectivité Territoriale,Commune,['Landes'],['Nouvelle-Aquitaine'],COM,{40},{75}
971c1cfd-cc80-4814-b9ce-0ab4f2689aae,214702318,Commune de Saint-Avit (47),false,{47231},Commune,2026-03-24 14:42:00.862623+01,gold_establishments_2025,,,,21470231800012,2025,Collectivité Territoriale,Commune,['Lot-et-Garonne'],['Nouvelle-Aquitaine'],COM,{47},{75}
ec444104-c467-4014-98b5-a9b13d7b670b,216303206,Commune de Saint-Avit (63),false,{63320},Commune,2026-03-24 14:42:06.130387+01,gold_establishments_2025,,,,21630320600017,2025,Collectivité Territoriale,Commune,['Puy-de-Dôme'],['Auvergne-Rhône-Alpes'],COM,{63},{84}
3fd1607c-be06-4106-a111-a714a6d04cb0,218102424,Commune de Saint-Avit (81),false,{81242},Commune,2026-03-24 14:42:09.967209+01,gold_establishments_2025,,,,21810242400015,2025,Collectivité Territoriale,Commune,['Tarn'],['Occitanie'],COM,{81},{76}
6aca2f2c-3cb1-4c54-8bca-0260d86dd200,213203649,Commune de Saint-Avit-Frandat (32),false,{32364},Commune,2026-03-24 14:41:58.09424+01,gold_establishments_2025,,,,21320364900016,2025,Collectivité Territoriale,Commune,['Gers'],['Occitanie'],COM,{32},{76}
d4aa36e2-b8f0-4009-87f1-497c7a4752f9,212403786,Commune de Saint-Avit-Rivière (24),false,{24378},Commune,2026-03-24 14:41:55.958138+01,gold_establishments_2025,,,,21240378600016,2025,Collectivité Territoriale,Commune,['Dordogne'],['Nouvelle-Aquitaine'],COM,{24},{75}
336d16bb-20e6-4c38-8cbf-b7c9ab6db49c,213303787,Commune de Saint-Avit-Saint-Nazaire (33),false,{33378},Commune,2026-03-24 14:41:58.620411+01,gold_establishments_2025,,,,21330378700013,2025,Collectivité Territoriale,Commune,['Gironde'],['Nouvelle-Aquitaine'],COM,{33},{75}
deec0058-af51-4c93-bfa6-d3e5fa84d26e,212403794,Commune de Saint-Avit-Sénieur (24),false,{24379},Commune,2026-03-24 14:41:55.958138+01,gold_establishments_2025,,,,21240379400010,2025,Collectivité Territoriale,Commune,['Dordogne'],['Nouvelle-Aquitaine'],COM,{24},{75}
7fb9fd13-bd5b-478a-aa0d-70d986c38598,213303779,Commune de Saint-Avit-de-Soulège (33),false,{33377},Commune,2026-03-24 14:41:58.620411+01,gold_establishments_2025,,,,21330377900010,2025,Collectivité Territoriale,Commune,['Gironde'],['Nouvelle-Aquitaine'],COM,{33},{75}
c21ca862-4b8e-413d-b02a-8cfd11ab2c51,212318208,Commune de Saint-Avit-de-Tardes (23),false,{23182},Commune,2026-03-24 14:41:55.958138+01,gold_establishments_2025,,,,21231820800015,2025,Collectivité Territoriale,Commune,['Creuse'],['Nouvelle-Aquitaine'],COM,{23},{75}
cd952785-78c3-43d4-96af-328d2a41add6,212403778,Commune de Saint-Avit-de-Vialard (24),false,{24377},Commune,2026-03-24 14:41:55.958138+01,gold_establishments_2025,,,,21240377800013,2025,Collectivité Territoriale,Commune,['Dordogne'],['Nouvelle-Aquitaine'],COM,{24},{75}
dd45a8cd-30b5-479b-b83d-868af41577c2,212318307,Commune de Saint-Avit-le-Pauvre (23),false,{23183},Commune,2026-03-24 14:41:55.958138+01,gold_establishments_2025,,,,21231830700015,2025,Collectivité Territoriale,Commune,['Creuse'],['Nouvelle-Aquitaine'],COM,{23},{75}
d90d54fd-25de-49d8-be49-6d074c1ad821,212803266,Commune de Saint-Avit-les-Guespières (28),false,{28326},Commune,2026-03-24 14:41:57.028721+01,gold_establishments_2025,,,,21280326600015,2025,Collectivité Territoriale,Commune,['Eure-et-Loir'],['Centre-Val de Loire'],COM,{28},{24}
d40238c9-9163-4d58-a9db-15365a16355b,215706060,Commune de Saint-Avold (57),false,{57606},Commune,2026-03-24 14:42:04.280096+01,gold_establishments_2025,,,,21570606000013,2025,Collectivité Territoriale,Commune,['Moselle'],['Grand Est'],COM,{57},{44}
637f7e66-526b-40c4-b33d-f66d195c33a2,217302249,Commune de Saint-Avre (73),false,{73224},Commune,2026-03-24 14:42:08.279287+01,gold_establishments_2025,,,,21730224900016,2025,Collectivité Territoriale,Commune,['Savoie'],['Auvergne-Rhône-Alpes'],COM,{73},{84}
48da3f33-efa3-43a8-868f-1017dbd3cf0e,215602061,Commune de Saint-Avé (56),false,{56206},Commune,2026-03-24 14:42:03.701372+01,gold_establishments_2025,,,,21560206100016,2025,Collectivité Territoriale,Commune,['Morbihan'],['Bretagne'],COM,{56},{53}
cbb94801-8816-4d7b-afe4-fd356968da98,214502692,Commune de Saint-Ay (45),false,{45269},Commune,2026-03-24 14:42:00.862623+01,gold_establishments_2025,,,,21450269200012,2025,Collectivité Territoriale,Commune,['Loiret'],['Centre-Val de Loire'],COM,{45},{24}
a298fa9e-b4e2-446e-a566-86da7a95d13d,215905308,Commune de Saint-Aybert (59),false,{59530},Commune,2026-03-24 14:42:04.814328+01,gold_establishments_2025,,,,21590530800015,2025,Collectivité Territoriale,Commune,['Nord'],['Hauts-de-France'],COM,{59},{32}
886bcc88-6f07-4dc8-a93b-c99d229ca34d,216303214,Commune de Saint-Babel (63),false,{63321},Commune,2026-03-24 14:42:06.130387+01,gold_establishments_2025,,,,21630321400011,2025,Collectivité Territoriale,Commune,['Puy-de-Dôme'],['Auvergne-Rhône-Alpes'],COM,{63},{84}
6c4ba97e-24b8-4d7c-bcd7-83a7addfb187,217302256,Commune de Saint-Baldoph (73),false,{73225},Commune,2026-03-24 14:42:08.279287+01,gold_establishments_2025,,,,21730225600011,2025,Collectivité Territoriale,Commune,['Savoie'],['Auvergne-Rhône-Alpes'],COM,{73},{84}
7432e3ee-e132-4b68-aecd-d1ee9a9e679e,210206470,Commune de Saint-Bandry (02),false,{02672},Commune,2026-03-24 14:41:52.020251+01,gold_establishments_2025,,,,21020647000010,2025,Collectivité Territoriale,Commune,['Aisne'],['Hauts-de-France'],COM,{02},{32}
49301881-88c4-451e-8ece-b56e25627a53,213904774,Commune de Saint-Baraing (39),false,{39477},Commune,2026-03-24 14:41:59.705606+01,gold_establishments_2025,,,,21390477400014,2025,Collectivité Territoriale,Commune,['Jura'],['Bourgogne-Franche-Comté'],COM,{39},{27}
c5e21c16-fe3c-42e9-9a27-35c629bd5f3e,212318406,Commune de Saint-Bard (23),false,{23184},Commune,2026-03-24 14:41:55.958138+01,gold_establishments_2025,,,,21231840600015,2025,Collectivité Territoriale,Commune,['Creuse'],['Nouvelle-Aquitaine'],COM,{23},{75}
e9fee6b3-3a20-4a2c-bec9-cf5549141ae0,212602940,Commune de Saint-Bardoux (26),false,{26294},Commune,2026-03-24 14:41:56.495197+01,gold_establishments_2025,,,,21260294000018,2025,Collectivité Territoriale,Commune,['Drôme'],['Auvergne-Rhône-Alpes'],COM,{26},{84}
95fbb5b0-e9ef-414a-910e-2e947ed353b6,212202758,Commune de Saint-Barnabé (22),false,{22275},Commune,2026-03-24 14:41:55.958138+01,gold_establishments_2025,,,,21220275800018,2025,Collectivité Territoriale,Commune,"[""Côtes-d'Armor""]",['Bretagne'],COM,{22},{53}
211b1a30-fa78-43b4-9eee-beefbed172d6,213803638,Commune de Saint-Barthélemy (38),false,{38363},Commune,2026-03-24 14:41:59.160244+01,gold_establishments_2025,,,,21380363800013,2025,Collectivité Territoriale,Commune,['Isère'],['Auvergne-Rhône-Alpes'],COM,{38},{84}
f9882001-7b60-4211-80fa-7d604cfdd1bc,214002511,Commune de Saint-Barthélemy (40),false,{40251},Commune,2026-03-24 14:41:59.705606+01,gold_establishments_2025,,,,21400251100019,2025,Collectivité Territoriale,Commune,['Landes'],['Nouvelle-Aquitaine'],COM,{40},{75}
7d04e117-a589-499a-a7fb-fad3a29b29cb,215004508,Commune de Saint-Barthélemy (50),false,{50450},Commune,2026-03-24 14:42:01.412377+01,gold_establishments_2025,,,,21500450800036,2025,Collectivité Territoriale,Commune,['Manche'],['Normandie'],COM,{50},{28}
18180612-ebad-4e32-bf55-ac67a49eaeee,215602079,Commune de Saint-Barthélemy (56),false,{56207},Commune,2026-03-24 14:42:03.701372+01,gold_establishments_2025,,,,21560207900018,2025,Collectivité Territoriale,Commune,['Morbihan'],['Bretagne'],COM,{56},{53}
f9068f91-e78a-459e-a935-47090c5d2d87,217004597,Commune de Saint-Barthélemy (70),false,{70459},Commune,2026-03-24 14:42:07.735343+01,gold_establishments_2025,,,,21700459700019,2025,Collectivité Territoriale,Commune,['Haute-Saône'],['Bourgogne-Franche-Comté'],COM,{70},{27}
23b76334-d4f2-4a79-92bb-deb969e58d71,217704022,Commune de Saint-Barthélemy (77),false,{77402},Commune,2026-03-24 14:42:09.43682+01,gold_establishments_2025,,,,21770402200011,2025,Collectivité Territoriale,Commune,['Seine-et-Marne'],['Île-de-France'],COM,{77},{11}
435b2aaa-94e5-43a9-aa54-275404566a54,210702163,Commune de Saint-Barthélemy-Grozon (07),false,{07216},Commune,2026-03-24 14:41:52.562531+01,gold_establishments_2025,,,,21070216300010,2025,Collectivité Territoriale,Commune,['Ardèche'],['Auvergne-Rhône-Alpes'],COM,{07},{84}
c4e91755-e53a-4db6-bf95-148bc6dd0f23,214202020,Commune de Saint-Barthélemy-Lestra (42),false,{42202},Commune,2026-03-24 14:42:00.273698+01,gold_establishments_2025,,,,21420202000019,2025,Collectivité Territoriale,Commune,['Loire'],['Auvergne-Rhône-Alpes'],COM,{42},{84}
82679a59-c861-4986-a697-48c1ecf4515a,214702326,Commune de Saint-Barthélemy-d'Agenais (47),false,{47232},Commune,2026-03-24 14:42:00.862623+01,gold_establishments_2025,,,,21470232600015,2025,Collectivité Territoriale,Commune,['Lot-et-Garonne'],['Nouvelle-Aquitaine'],COM,{47},{75}
0dab220d-eccb-483f-8fee-b2b507e7b36e,214902678,Commune de Saint-Barthélemy-d'Anjou (49),false,{49267},Commune,2026-03-24 14:42:01.412377+01,gold_establishments_2025,,,,21490267800017,2025,Collectivité Territoriale,Commune,['Maine-et-Loire'],['Pays de la Loire'],COM,{49},{52}
6fb45b6f-418b-4749-8669-27ea301c1920,212403802,Commune de Saint-Barthélemy-de-Bellegarde (24),false,{24380},Commune,2026-03-24 14:41:55.958138+01,gold_establishments_2025,,,,21240380200011,2025,Collectivité Territoriale,Commune,['Dordogne'],['Nouvelle-Aquitaine'],COM,{24},{75}
eb66d944-77d1-4299-ad5b-775c20bfc8dc,212403810,Commune de Saint-Barthélemy-de-Bussière (24),false,{24381},Commune,2026-03-24 14:41:55.958138+01,gold_establishments_2025,,,,21240381000014,2025,Collectivité Territoriale,Commune,['Dordogne'],['Nouvelle-Aquitaine'],COM,{24},{75}
7690899e-f88e-4c2a-8301-f002d858a221,213803646,Commune de Saint-Barthélemy-de-Séchilienne (38),false,{38364},Commune,2026-03-24 14:41:59.160244+01,gold_establishments_2025,,,,21380364600016,2025,Collectivité Territoriale,Commune,['Isère'],['Auvergne-Rhône-Alpes'],COM,{38},{84}
33d48384-5016-4977-8cc0-c5dff7d31152,212602957,Commune de Saint-Barthélemy-de-Vals (26),false,{26295},Commune,2026-03-24 14:41:56.495197+01,gold_establishments_2025,,,,21260295700012,2025,Collectivité Territoriale,Commune,['Drôme'],['Auvergne-Rhône-Alpes'],COM,{26},{84}
71750abb-1071-48c0-a6fc-3a08d82942f9,210702155,Commune de Saint-Barthélemy-le-Meil (07),false,{07215},Commune,2026-03-24 14:41:52.562531+01,gold_establishments_2025,,,,21070215500016,2025,Collectivité Territoriale,Commune,['Ardèche'],['Auvergne-Rhône-Alpes'],COM,{07},{84}
369aca39-b779-4192-b203-2da20148a6ce,210702171,Commune de Saint-Barthélemy-le-Plain (07),false,{07217},Commune,2026-03-24 14:41:52.562531+01,gold_establishments_2025,,,,21070217100013,2025,Collectivité Territoriale,Commune,['Ardèche'],['Auvergne-Rhône-Alpes'],COM,{07},{84}
7f270db4-0fb2-4dae-80b0-d0a154418da5,210702189,Commune de Saint-Basile (07),false,{07218},Commune,2026-03-24 14:41:52.562531+01,gold_establishments_2025,,,,21070218900015,2025,Collectivité Territoriale,Commune,['Ardèche'],['Auvergne-Rhône-Alpes'],COM,{07},{84}
11de70f1-3c9a-4bb4-aec8-8e2125338ed1,218804110,Commune de Saint-Baslemont (88),false,{88411},Commune,2026-03-24 14:42:11.118516+01,gold_establishments_2025,,,,21880411000011,2025,Collectivité Territoriale,Commune,['Vosges'],['Grand Est'],COM,{88},{44}
221644eb-46d0-4728-b240-e163f04c57e7,211801998,Commune de Saint-Baudel (18),false,{18199},Commune,2026-03-24 14:41:54.903238+01,gold_establishments_2025,,,,21180199800017,2025,Collectivité Territoriale,Commune,['Cher'],['Centre-Val de Loire'],COM,{18},{24}
e5433ad8-4b34-4525-8ef4-a7a226438a85,215302001,Commune de Saint-Baudelle (53),false,{53200},Commune,2026-03-24 14:42:02.957225+01,gold_establishments_2025,,,,21530200100056,2025,Collectivité Territoriale,Commune,['Mayenne'],['Pays de la Loire'],COM,{53},{52}
347a4f41-5e20-438b-8998-b46c9832fe6c,213803653,Commune de Saint-Baudille-de-la-Tour (38),false,{38365},Commune,2026-03-24 14:41:59.160244+01,gold_establishments_2025,,,,21380365300012,2025,Collectivité Territoriale,Commune,['Isère'],['Auvergne-Rhône-Alpes'],COM,{38},{84}
67e32b38-9386-4e65-95f5-3f35c1ba6255,213803661,Commune de Saint-Baudille-et-Pipet (38),false,{38366},Commune,2026-03-24 14:41:59.160244+01,gold_establishments_2025,,,,21380366100015,2025,Collectivité Territoriale,Commune,['Isère'],['Auvergne-Rhône-Alpes'],COM,{38},{84}
feca2e35-29cf-4fd3-8653-bf01ad15d974,215404708,Commune de Saint-Baussant (54),false,{54470},Commune,2026-03-24 14:42:02.957225+01,gold_establishments_2025,,,,21540470800012,2025,Collectivité Territoriale,Commune,['Meurthe-et-Moselle'],['Grand Est'],COM,{54},{44}
f9a82011-e26f-49c5-a5a9-d653b8dd8df5,210902565,Commune de Saint-Bauzeil (09),false,{09256},Commune,2026-03-24 14:41:53.095366+01,gold_establishments_2025,,,,21090256500014,2025,Collectivité Territoriale,Commune,['Ariège'],['Occitanie'],COM,{09},{76}
def47bea-00ed-4751-91ce-84091bd95b7f,210702197,Commune de Saint-Bauzile (07),false,{07219},Commune,2026-03-24 14:41:52.562531+01,gold_establishments_2025,,,,21070219700018,2025,Collectivité Territoriale,Commune,['Ardèche'],['Auvergne-Rhône-Alpes'],COM,{07},{84}
b03cef54-84e0-43fa-a56f-8ce421034263,214801375,Commune de Saint-Bauzile (48),false,{48137},Commune,2026-03-24 14:42:01.412377+01,gold_establishments_2025,,,,21480137500012,2025,Collectivité Territoriale,Commune,['Lozère'],['Occitanie'],COM,{48},{76}
1060f177-8f78-416c-b4e6-2f1dec1e2b65,213402423,Commune de Saint-Bauzille-de-Montmel (34),false,{34242},Commune,2026-03-24 14:41:58.620411+01,gold_establishments_2025,,,,21340242300015,2025,Collectivité Territoriale,Commune,['Hérault'],['Occitanie'],COM,{34},{76}
06cbb899-5452-4fe1-9ee0-989e6c38facc,213402431,Commune de Saint-Bauzille-de-Putois (34),false,{34243},Commune,2026-03-24 14:41:58.620411+01,gold_establishments_2025,,,,21340243100018,2025,Collectivité Territoriale,Commune,['Hérault'],['Occitanie'],COM,{34},{76}
f67e00b1-41e6-4310-b01e-f6016ea42b67,213402415,Commune de Saint-Bauzille-de-la-Sylve (34),false,{34241},Commune,2026-03-24 14:41:58.620411+01,gold_establishments_2025,,,,21340241500011,2025,Collectivité Territoriale,Commune,['Hérault'],['Occitanie'],COM,{34},{76}
906c238c-8b08-4a51-801d-65d4e22fc057,213002330,Commune de Saint-Bauzély (30),false,{30233},Commune,2026-03-24 14:41:57.56054+01,gold_establishments_2025,,,,21300233000016,2025,Collectivité Territoriale,Commune,['Gard'],['Occitanie'],COM,{30},{76}
2843c1db-c0eb-4e10-a2e7-c423856a4d2e,218713709,Commune de Saint-Bazile (87),false,{87137},Commune,2026-03-24 14:42:11.118516+01,gold_establishments_2025,,,,21871370900010,2025,Collectivité Territoriale,Commune,['Haute-Vienne'],['Nouvelle-Aquitaine'],COM,{87},{75}
229171c3-93ad-4033-a6cf-085ddace7e73,211918404,Commune de Saint-Bazile-de-Meyssac (19),false,{19184},Commune,2026-03-24 14:41:54.903238+01,gold_establishments_2025,,,,21191840400016,2025,Collectivité Territoriale,Commune,['Corrèze'],['Nouvelle-Aquitaine'],COM,{19},{75}
083ebea3-9f9f-42ed-ac82-f644f5af55e2,211202122,Commune de Saint-Beaulize (12),false,{12212},Commune,2026-03-24 14:41:53.63825+01,gold_establishments_2025,,,,21120212200019,2025,Collectivité Territoriale,Commune,['Aveyron'],['Occitanie'],COM,{12},{76}
c882885a-9cf6-45c8-86e6-e144f2262cb9,218201572,Commune de Saint-Beauzeil (82),false,{82157},Commune,2026-03-24 14:42:10.508772+01,gold_establishments_2025,,,,21820157200011,2025,Collectivité Territoriale,Commune,['Tarn-et-Garonne'],['Occitanie'],COM,{82},{76}
50afe1dd-4305-4225-8f26-0a48af337b01,218102432,Commune de Saint-Beauzile (81),false,{81243},Commune,2026-03-24 14:42:09.967209+01,gold_establishments_2025,,,,21810243200018,2025,Collectivité Territoriale,Commune,['Tarn'],['Occitanie'],COM,{81},{76}
5ec30c33-221e-44d0-9771-f05ce3ed3b0b,214301707,Commune de Saint-Beauzire (43),false,{43170},Commune,2026-03-24 14:42:00.273698+01,gold_establishments_2025,,,,21430170700011,2025,Collectivité Territoriale,Commune,['Haute-Loire'],['Auvergne-Rhône-Alpes'],COM,{43},{84}
8612aae6-ad80-466c-997d-2eb96a005f94,216303222,Commune de Saint-Beauzire (63),false,{63322},Commune,2026-03-24 14:42:06.130387+01,gold_establishments_2025,,,,21630322200014,2025,Collectivité Territoriale,Commune,['Puy-de-Dôme'],['Auvergne-Rhône-Alpes'],COM,{63},{84}
5791cc2a-e568-4520-bfe3-665b1e9265a1,211202130,Commune de Saint-Beauzély (12),false,{12213},Commune,2026-03-24 14:41:53.63825+01,gold_establishments_2025,,,,21120213000012,2025,Collectivité Territoriale,Commune,['Aveyron'],['Occitanie'],COM,{12},{76}
0485447c-f1b9-4d76-9419-ea0d38957ed4,215905316,Commune de Saint-Benin (59),false,{59531},Commune,2026-03-24 14:42:04.814328+01,gold_establishments_2025,,,,21590531600018,2025,Collectivité Territoriale,Commune,['Nord'],['Hauts-de-France'],COM,{59},{32}
5c0c68ef-7c63-4a3f-97e8-b45bdaf9f3e7,215802323,Commune de Saint-Benin-d'Azy (58),false,{58232},Commune,2026-03-24 14:42:04.280096+01,gold_establishments_2025,,,,21580232300018,2025,Collectivité Territoriale,Commune,['Nièvre'],['Bourgogne-Franche-Comté'],COM,{58},{27}
738ef9ae-777b-4e32-80c6-226184afc2b9,215802331,Commune de Saint-Benin-des-Bois (58),false,{58233},Commune,2026-03-24 14:42:04.280096+01,gold_establishments_2025,,,,21580233100011,2025,Collectivité Territoriale,Commune,['Nièvre'],['Bourgogne-Franche-Comté'],COM,{58},{27}
8e817390-435b-4877-ba98-e9b57f3d4bda,218502011,Commune de Saint-Benoist-sur-Mer (85),false,{85201},Commune,2026-03-24 14:42:10.508772+01,gold_establishments_2025,,,,21850201100016,2025,Collectivité Territoriale,Commune,['Vendée'],['Pays de la Loire'],COM,{85},{52}
9b415483-a880-4caa-a2da-40a626104081,211003249,Commune de Saint-Benoist-sur-Vanne (10),false,{10335},Commune,2026-03-24 14:41:53.095366+01,gold_establishments_2025,,,,21100324900011,2025,Collectivité Territoriale,Commune,['Aube'],['Grand Est'],COM,{10},{44}
7ac7505e-7100-4b7c-8a98-68c56ff3b4a4,212602965,Commune de Saint-Benoit-en-Diois (26),false,{26296},Commune,2026-03-24 14:41:56.495197+01,gold_establishments_2025,,,,21260296500015,2025,Collectivité Territoriale,Commune,['Drôme'],['Auvergne-Rhône-Alpes'],COM,{26},{84}
d6f418f4-3108-4e5a-9314-4c17fb4e2ca6,210401741,Commune de Saint-Benoît (04),false,{04174},Commune,2026-03-24 14:41:52.562531+01,gold_establishments_2025,,,,21040174100017,2025,Collectivité Territoriale,Commune,['Alpes-de-Haute-Provence'],"[""Provence-Alpes-Côte d'Azur""]",COM,{04},{93}
1256c010-2a90-474f-b76b-3e023dd2b224,211103338,Commune de Saint-Benoît (11),false,{11333},Commune,2026-03-24 14:41:53.63825+01,gold_establishments_2025,,,,21110333800011,2025,Collectivité Territoriale,Commune,['Aude'],['Occitanie'],COM,{11},{76}
49dddfcb-3b81-48d4-bf12-bbfcc94d77f4,218602142,Commune de Saint-Benoît (86),false,{86214},Commune,2026-03-24 14:42:10.508772+01,gold_establishments_2025,,,,21860214200018,2025,Collectivité Territoriale,Commune,['Vienne'],['Nouvelle-Aquitaine'],COM,{86},{75}
e8f27997-4003-45e0-9804-919d7f82fd70,219740107,Commune de Saint-Benoît (974),false,{97410},Commune,2026-03-24 14:42:11.659493+01,gold_establishments_2025,,,,21974010700012,2025,Collectivité Territoriale,Commune,['La Réunion'],['La Réunion'],COM,{974},{04}
2b17b7c7-13b1-4c70-9242-c0ef5a136833,211405634,Commune de Saint-Benoît-d'Hébertot (14),false,{14563},Commune,2026-03-24 14:41:54.362296+01,gold_establishments_2025,,,,21140563400018,2025,Collectivité Territoriale,Commune,['Calvados'],['Normandie'],COM,{14},{28}
7c119efe-4543-473a-a108-2afb273a269d,218102440,Commune de Saint-Benoît-de-Carmaux (81),false,{81244},Commune,2026-03-24 14:42:09.967209+01,gold_establishments_2025,,,,21810244000011,2025,Collectivité Territoriale,Commune,['Tarn'],['Occitanie'],COM,{81},{76}
b63226a4-1f88-415a-9dff-4d9e67b64662,212705206,Commune de Saint-Benoît-des-Ombres (27),false,{27520},Commune,2026-03-24 14:41:57.028721+01,gold_establishments_2025,,,,21270520600010,2025,Collectivité Territoriale,Commune,['Eure'],['Normandie'],COM,{27},{28}
0e05f6db-67e3-4e9e-a106-8da050b7601f,213502552,Commune de Saint-Benoît-des-Ondes (35),false,{35255},Commune,2026-03-24 14:41:59.160244+01,gold_establishments_2025,,,,21350255200010,2025,Collectivité Territoriale,Commune,['Ille-et-Vilaine'],['Bretagne'],COM,{35},{53}
5e77610f-a376-4354-b68d-8dfa3d33fd2f,213601826,Commune de Saint-Benoît-du-Sault (36),false,{36182},Commune,2026-03-24 14:41:59.160244+01,gold_establishments_2025,,,,21360182600018,2025,Collectivité Territoriale,Commune,['Indre'],['Centre-Val de Loire'],COM,{36},{24}
ea8a0058-c0b2-41ee-80a3-ebbc2911a3b4,218804128,Commune de Saint-Benoît-la-Chipotte (88),false,{88412},Commune,2026-03-24 14:42:11.118516+01,gold_establishments_2025,,,,21880412800013,2025,Collectivité Territoriale,Commune,['Vosges'],['Grand Est'],COM,{88},{44}
4a9b6d1f-5683-4a2b-a247-dfd44a1665fb,213702103,Commune de Saint-Benoît-la-Forêt (37),false,{37210},Commune,2026-03-24 14:41:59.160244+01,gold_establishments_2025,,,,21370210300010,2025,Collectivité Territoriale,Commune,['Indre-et-Loire'],['Centre-Val de Loire'],COM,{37},{24}
6b2a8739-9bc2-4e59-8192-6615c5f508b4,214502700,Commune de Saint-Benoît-sur-Loire (45),false,{45270},Commune,2026-03-24 14:42:00.862623+01,gold_establishments_2025,,,,21450270000062,2025,Collectivité Territoriale,Commune,['Loiret'],['Centre-Val de Loire'],COM,{45},{24}
312d3064-b362-493d-b8ee-5ff64d8c9f18,211003256,Commune de Saint-Benoît-sur-Seine (10),false,{10336},Commune,2026-03-24 14:41:53.095366+01,gold_establishments_2025,,,,21100325600016,2025,Collectivité Territoriale,Commune,['Aube'],['Grand Est'],COM,{10},{44}
e8557160-1037-4726-b42a-2eaf24e7f83f,217103902,Commune de Saint-Berain-sous-Sanvignes (71),false,{71390},Commune,2026-03-24 14:42:08.279287+01,gold_establishments_2025,,,,21710390200011,2025,Collectivité Territoriale,Commune,['Saône-et-Loire'],['Bourgogne-Franche-Comté'],COM,{71},{27}
1a7fe883-0e41-44c0-974b-0680bb097ece,210103396,Commune de Saint-Bernard (01),false,{01339},Commune,2026-03-24 14:41:51.447482+01,gold_establishments_2025,,,,21010339600011,2025,Collectivité Territoriale,Commune,['Ain'],['Auvergne-Rhône-Alpes'],COM,{01},{84}
60f9a4db-1b4b-42d5-8440-da31a3e63fd7,212105423,Commune de Saint-Bernard (21),false,{21542},Commune,2026-03-24 14:41:55.433389+01,gold_establishments_2025,,,,21210542300017,2025,Collectivité Territoriale,Commune,"[""Côte-d'Or""]",['Bourgogne-Franche-Comté'],COM,{21},{27}
816fddff-99a5-46cc-8682-e13e74b2905d,216800813,Commune de Saint-Bernard (68),false,{68081},Commune,2026-03-24 14:42:07.195692+01,gold_establishments_2025,,,,21680081300018,2025,Collectivité Territoriale,Commune,['Haut-Rhin'],['Grand Est'],COM,{68},{44}
c029023e-6aa9-45d7-bff4-736dc65d057b,215302019,Commune de Saint-Berthevin (53),false,{53201},Commune,2026-03-24 14:42:02.957225+01,gold_establishments_2025,,,,21530201900017,2025,Collectivité Territoriale,Commune,['Mayenne'],['Pays de la Loire'],COM,{53},{52}
037de1be-88c4-4f6a-947f-b414c0c0a590,215302027,Commune de Saint-Berthevin-la-Tannière (53),false,{53202},Commune,2026-03-24 14:42:02.957225+01,gold_establishments_2025,,,,21530202700010,2025,Collectivité Territoriale,Commune,['Mayenne'],['Pays de la Loire'],COM,{53},{52}
18effc93-5ff7-4a63-acad-b39da35a83dd,213104722,Commune de Saint-Bertrand-de-Comminges (31),false,{31472},Commune,2026-03-24 14:41:58.09424+01,gold_establishments_2025,,,,21310472200011,2025,Collectivité Territoriale,Commune,['Haute-Garonne'],['Occitanie'],COM,{31},{76}
fb6720fc-88f3-47b8-a2a2-1eb54d9d7b6a,217202688,Commune de Saint-Biez-en-Belin (72),false,{72268},Commune,2026-03-24 14:42:08.279287+01,gold_establishments_2025,,,,21720268800016,2025,Collectivité Territoriale,Commune,['Sarthe'],['Pays de la Loire'],COM,{72},{52}
6f5eed58-945d-4c4f-b1c1-d510ea915d7a,212202766,Commune de Saint-Bihy (22),false,{22276},Commune,2026-03-24 14:41:55.958138+01,gold_establishments_2025,,,,21220276600011,2025,Collectivité Territoriale,Commune,"[""Côtes-d'Armor""]",['Bretagne'],COM,{22},{53}
d52b8906-efdc-442f-94b0-ccdcf46260fe,210601175,Commune de Saint-Blaise (06),false,{06117},Commune,2026-03-24 14:41:52.562531+01,gold_establishments_2025,,,,21060117500016,2025,Collectivité Territoriale,Commune,['Alpes-Maritimes'],"[""Provence-Alpes-Côte d'Azur""]",COM,{06},{93}
3441080d-0c09-4c33-9f06-8db504ed3247,217402288,Commune de Saint-Blaise (74),false,{74228},Commune,2026-03-24 14:42:08.818969+01,gold_establishments_2025,,,,21740228800013,2025,Collectivité Territoriale,Commune,['Haute-Savoie'],['Auvergne-Rhône-Alpes'],COM,{74},{84}
3dd377d8-7e2d-47b2-b10a-15b32c5277ab,213803687,Commune de Saint-Blaise-du-Buis (38),false,{38368},Commune,2026-03-24 14:41:59.160244+01,gold_establishments_2025,,,,21380368700010,2025,Collectivité Territoriale,Commune,['Isère'],['Auvergne-Rhône-Alpes'],COM,{38},{84}
9334a95f-a74f-4071-96a2-801b3c81b3b7,216704247,Commune de Saint-Blaise-la-Roche (67),false,{67424},Commune,2026-03-24 14:42:07.195692+01,gold_establishments_2025,,,,21670424700016,2025,Collectivité Territoriale,Commune,['Bas-Rhin'],['Grand Est'],COM,{67},{44}
997a7d16-3130-4616-8874-e32f8733f6ee,218006591,Commune de Saint-Blimont (80),false,{80700},Commune,2026-03-24 14:42:09.967209+01,gold_establishments_2025,,,,21800659100018,2025,Collectivité Territoriale,Commune,['Somme'],['Hauts-de-France'],COM,{80},{32}
e20d6579-126b-4048-bbf2-f10f52f6cf94,215203191,Commune de Saint-Blin (52),false,{52444},Commune,2026-03-24 14:42:01.954481+01,gold_establishments_2025,,,,21520319100014,2025,Collectivité Territoriale,Commune,['Haute-Marne'],['Grand Est'],COM,{52},{44}
a486a1e4-5497-4b8e-913a-2022982cb5e1,214102030,Commune de Saint-Bohaire (41),false,{41203},Commune,2026-03-24 14:42:00.273698+01,gold_establishments_2025,,,,21410203000019,2025,Collectivité Territoriale,Commune,['Loir-et-Cher'],['Centre-Val de Loire'],COM,{41},{24}
8e17b073-fa2a-484d-9818-66ae97a0e557,217103928,Commune de Saint-Boil (71),false,{71392},Commune,2026-03-24 14:42:08.279287+01,gold_establishments_2025,,,,21710392800016,2025,Collectivité Territoriale,Commune,['Saône-et-Loire'],['Bourgogne-Franche-Comté'],COM,{71},{27}
9b7e45d1-fa19-44ac-8109-9915286f6b8a,215404716,Commune de Saint-Boingt (54),false,{54471},Commune,2026-03-24 14:42:02.957225+01,gold_establishments_2025,,,,21540471600015,2025,Collectivité Territoriale,Commune,['Meurthe-et-Moselle'],['Grand Est'],COM,{54},{44}
634a5beb-5203-48c3-aad5-489e6a3fe58a,212803274,Commune de Saint-Bomer (28),false,{28327},Commune,2026-03-24 14:41:57.028721+01,gold_establishments_2025,,,,21280327400019,2025,Collectivité Territoriale,Commune,['Eure-et-Loir'],['Centre-Val de Loire'],COM,{28},{24}
fe39686c-68e3-4027-b35b-fd6e13e7ab34,215104381,Commune de Saint-Bon (51),false,{51473},Commune,2026-03-24 14:42:01.954481+01,gold_establishments_2025,,,,21510438100011,2025,Collectivité Territoriale,Commune,['Marne'],['Grand Est'],COM,{51},{44}
bded1809-657e-465f-926b-a116a5ca6a5e,211603030,Commune de Saint-Bonnet (16),false,{16303},Commune,2026-03-24 14:41:54.362296+01,gold_establishments_2025,,,,21160303000019,2025,Collectivité Territoriale,Commune,['Charente'],['Nouvelle-Aquitaine'],COM,{16},{75}
6818aec4-b929-47ae-be77-69a268edd39a,218713808,Commune de Saint-Bonnet-Briance (87),false,{87138},Commune,2026-03-24 14:42:11.118516+01,gold_establishments_2025,,,,21871380800010,2025,Collectivité Territoriale,Commune,['Haute-Vienne'],['Nouvelle-Aquitaine'],COM,{87},{75}
6f44e9e3-554d-49ff-96dd-3ec9e25c9de5,211918602,Commune de Saint-Bonnet-Elvert (19),false,{19186},Commune,2026-03-24 14:41:54.903238+01,gold_establishments_2025,,,,21191860200015,2025,Collectivité Territoriale,Commune,['Corrèze'],['Nouvelle-Aquitaine'],COM,{19},{75}
116a594c-af38-44d4-a26b-30db299befdc,210302212,Commune de Saint-Bonnet-Tronçais (03),false,{03221},Commune,2026-03-24 14:41:52.020251+01,gold_establishments_2025,,,,21030221200019,2025,Collectivité Territoriale,Commune,['Allier'],['Auvergne-Rhône-Alpes'],COM,{03},{84}
2523c3ec-7300-43ff-9b0b-080522ed050f,218713907,Commune de Saint-Bonnet-de-Bellac (87),false,{87139},Commune,2026-03-24 14:42:11.118516+01,gold_establishments_2025,,,,21871390700010,2025,Collectivité Territoriale,Commune,['Haute-Vienne'],['Nouvelle-Aquitaine'],COM,{87},{75}
38161b8a-ebbe-4c2c-b1bb-f5f4706a7259,213803703,Commune de Saint-Bonnet-de-Chavagne (38),false,{38370},Commune,2026-03-24 14:41:59.160244+01,gold_establishments_2025,,,,21380370300015,2025,Collectivité Territoriale,Commune,['Isère'],['Auvergne-Rhône-Alpes'],COM,{38},{84}
96eaa196-d301-4a96-9e0f-7e1c79e8afcf,214801383,Commune de Saint-Bonnet-de-Chirac (48),false,{48138},Commune,2026-03-24 14:42:01.412377+01,gold_establishments_2025,,,,21480138300016,2025,Collectivité Territoriale,Commune,['Lozère'],['Occitanie'],COM,{48},{76}
1ff97507-d8f3-4cae-8304-b827b5f1c672,211501739,Commune de Saint-Bonnet-de-Condat (15),false,{15173},Commune,2026-03-24 14:41:54.362296+01,gold_establishments_2025,,,,21150173900018,2025,Collectivité Territoriale,Commune,['Cantal'],['Auvergne-Rhône-Alpes'],COM,{15},{84}
4c4a6d75-047a-4c41-a00d-490c8e9c2bdf,217103936,Commune de Saint-Bonnet-de-Cray (71),false,{71393},Commune,2026-03-24 14:42:08.279287+01,gold_establishments_2025,,,,21710393600019,2025,Collectivité Territoriale,Commune,['Saône-et-Loire'],['Bourgogne-Franche-Comté'],COM,{71},{27}
e0e12b57-1067-42ad-beda-e5f5eb80b7fd,210302196,Commune de Saint-Bonnet-de-Four (03),false,{03219},Commune,2026-03-24 14:41:52.020251+01,gold_establishments_2025,,,,21030219600014,2025,Collectivité Territoriale,Commune,['Allier'],['Auvergne-Rhône-Alpes'],COM,{03},{84}
2d98a202-84cc-4658-8f75-2b7c34575565,217103944,Commune de Saint-Bonnet-de-Joux (71),false,{71394},Commune,2026-03-24 14:42:08.279287+01,gold_establishments_2025,,,,21710394400013,2025,Collectivité Territoriale,Commune,['Saône-et-Loire'],['Bourgogne-Franche-Comté'],COM,{71},{27}
eee59666-b5e7-4112-bb1d-7cb61a42f31f,216902874,Commune de Saint-Bonnet-de-Mure (69),false,{69287},Commune,2026-03-24 14:42:07.735343+01,gold_establishments_2025,,,,21690287400017,2025,Collectivité Territoriale,Commune,['Rhône'],['Auvergne-Rhône-Alpes'],COM,{69},{84}
b370c1cb-1361-4cdb-8975-b9b7d130aa10,210302204,Commune de Saint-Bonnet-de-Rochefort (03),false,{03220},Commune,2026-03-24 14:41:52.020251+01,gold_establishments_2025,,,,21030220400016,2025,Collectivité Territoriale,Commune,['Allier'],['Auvergne-Rhône-Alpes'],COM,{03},{84}
7b5c5af6-ca46-461d-8b38-59ca80e20886,213002363,Commune de Saint-Bonnet-de-Salendrinque (30),false,{30236},Commune,2026-03-24 14:41:57.56054+01,gold_establishments_2025,,,,21300236300017,2025,Collectivité Territoriale,Commune,['Gard'],['Occitanie'],COM,{30},{76}
ae642166-cbb4-4057-a347-c000fbd78476,211501747,Commune de Saint-Bonnet-de-Salers (15),false,{15174},Commune,2026-03-24 14:41:54.362296+01,gold_establishments_2025,,,,21150174700011,2025,Collectivité Territoriale,Commune,['Cantal'],['Auvergne-Rhône-Alpes'],COM,{15},{84}
05eb1429-97d5-4b1f-a5b5-e082d61f0f13,217103951,Commune de Saint-Bonnet-de-Vieille-Vigne (71),false,{71395},Commune,2026-03-24 14:42:08.279287+01,gold_establishments_2025,,,,21710395100018,2025,Collectivité Territoriale,Commune,['Saône-et-Loire'],['Bourgogne-Franche-Comté'],COM,{71},{27}
871d4270-affb-4a2c-9079-70c2aab25904,216901827,Commune de Saint-Bonnet-des-Bruyères (69),false,{69182},Commune,2026-03-24 14:42:07.195692+01,gold_establishments_2025,,,,21690182700016,2025,Collectivité Territoriale,Commune,['Rhône'],['Auvergne-Rhône-Alpes'],COM,{69},{84}
4a59a4cb-86f2-4067-b8e8-8b0dd33d2b46,214202038,Commune de Saint-Bonnet-des-Quarts (42),false,{42203},Commune,2026-03-24 14:42:00.273698+01,gold_establishments_2025,,,,21420203800011,2025,Collectivité Territoriale,Commune,['Loire'],['Auvergne-Rhône-Alpes'],COM,{42},{84}
7277b734-fb4f-4d52-afaa-18c0fdc9285c,213002355,Commune de Saint-Bonnet-du-Gard (30),false,{30235},Commune,2026-03-24 14:41:57.56054+01,gold_establishments_2025,,,,21300235500013,2025,Collectivité Territoriale,Commune,['Gard'],['Occitanie'],COM,{30},{76}
4f6d644e-c9ff-4be8-9583-7bc5c27b9275,217103969,Commune de Saint-Bonnet-en-Bresse (71),false,{71396},Commune,2026-03-24 14:42:08.279287+01,gold_establishments_2025,,,,21710396900010,2025,Collectivité Territoriale,Commune,['Saône-et-Loire'],['Bourgogne-Franche-Comté'],COM,{71},{27}
6231115e-691a-408f-91be-bd6dd82add30,200034502,Commune de Saint-Bonnet-en-Champsaur (05),false,{05132},Commune,2026-03-24 14:41:52.562531+01,gold_establishments_2025,,,,20003450200019,2025,Collectivité Territoriale,Commune,['Hautes-Alpes'],"[""Provence-Alpes-Côte d'Azur""]",COM,{05},{93}
9e0c8685-d2dd-43af-ac7f-299cc46b5f37,211918800,Commune de Saint-Bonnet-l'Enfantier (19),false,{19188},Commune,2026-03-24 14:41:54.903238+01,gold_establishments_2025,,,,21191880000015,2025,Collectivité Territoriale,Commune,['Corrèze'],['Nouvelle-Aquitaine'],COM,{19},{75}
4b37d986-409d-4073-985b-dc3875cc7a71,211918701,Commune de Saint-Bonnet-la-Rivière (19),false,{19187},Commune,2026-03-24 14:41:54.903238+01,gold_establishments_2025,,,,21191870100015,2025,Collectivité Territoriale,Commune,['Corrèze'],['Nouvelle-Aquitaine'],COM,{19},{75}
739ed9e4-4178-48eb-bb4e-949dde5a5ea2,216303230,Commune de Saint-Bonnet-le-Bourg (63),false,{63323},Commune,2026-03-24 14:42:06.130387+01,gold_establishments_2025,,,,21630323000017,2025,Collectivité Territoriale,Commune,['Puy-de-Dôme'],['Auvergne-Rhône-Alpes'],COM,{63},{84}
186b6f04-9375-43b8-9954-26ffb957facd,216303248,Commune de Saint-Bonnet-le-Chastel (63),false,{63324},Commune,2026-03-24 14:42:06.130387+01,gold_establishments_2025,,,,21630324800019,2025,Collectivité Territoriale,Commune,['Puy-de-Dôme'],['Auvergne-Rhône-Alpes'],COM,{63},{84}
2d07b5f9-ebd2-449b-bfc0-5eff28eb143f,214202046,Commune de Saint-Bonnet-le-Château (42),false,{42204},Commune,2026-03-24 14:42:00.273698+01,gold_establishments_2025,,,,21420204600014,2025,Collectivité Territoriale,Commune,['Loire'],['Auvergne-Rhône-Alpes'],COM,{42},{84}
e0ba188c-f028-4085-81e6-aecacfc6d2dc,214202053,Commune de Saint-Bonnet-le-Courreau (42),false,{42205},Commune,2026-03-24 14:42:00.273698+01,gold_establishments_2025,,,,21420205300010,2025,Collectivité Territoriale,Commune,['Loire'],['Auvergne-Rhône-Alpes'],COM,{42},{84}
f0b01f9e-3c84-4f66-aa46-b1aa0251ad0a,214301723,Commune de Saint-Bonnet-le-Froid (43),false,{43172},Commune,2026-03-24 14:42:00.273698+01,gold_establishments_2025,,,,21430172300018,2025,Collectivité Territoriale,Commune,['Haute-Loire'],['Auvergne-Rhône-Alpes'],COM,{43},{84}
f05c8ee6-cf9d-4e75-97fe-b4277875f9a0,216901835,Commune de Saint-Bonnet-le-Troncy (69),false,{69183},Commune,2026-03-24 14:42:07.195692+01,gold_establishments_2025,,,,21690183500019,2025,Collectivité Territoriale,Commune,['Rhône'],['Auvergne-Rhône-Alpes'],COM,{69},{84}
c39456f1-d5b1-428c-ae22-daccc8e314b7,214202061,Commune de Saint-Bonnet-les-Oules (42),false,{42206},Commune,2026-03-24 14:42:00.273698+01,gold_establishments_2025,,,,21420206100013,2025,Collectivité Territoriale,Commune,['Loire'],['Auvergne-Rhône-Alpes'],COM,{42},{84}
91906abd-92a3-45ba-9c84-c9c46463fc35,211918909,Commune de Saint-Bonnet-les-Tours-de-Merle (19),false,{19189},Commune,2026-03-24 14:41:54.903238+01,gold_establishments_2025,,,,21191890900014,2025,Collectivité Territoriale,Commune,['Corrèze'],['Nouvelle-Aquitaine'],COM,{19},{75}
24b053f4-46f9-4ab1-97ce-911b18253b43,216303255,Commune de Saint-Bonnet-lès-Allier (63),false,{63325},Commune,2026-03-24 14:42:06.130387+01,gold_establishments_2025,,,,21630325500014,2025,Collectivité Territoriale,Commune,['Puy-de-Dôme'],['Auvergne-Rhône-Alpes'],COM,{63},{84}
5a84d66d-afa2-4003-8c07-4d906fcf69f4,211919006,Commune de Saint-Bonnet-près-Bort (19),false,{19190},Commune,2026-03-24 14:41:54.903238+01,gold_establishments_2025,,,,21191900600018,2025,Collectivité Territoriale,Commune,['Corrèze'],['Nouvelle-Aquitaine'],COM,{19},{75}
0bc53643-a4ce-42b3-8a65-6b7ed352e614,216303263,Commune de Saint-Bonnet-près-Orcival (63),false,{63326},Commune,2026-03-24 14:42:06.130387+01,gold_establishments_2025,,,,21630326300018,2025,Collectivité Territoriale,Commune,['Puy-de-Dôme'],['Auvergne-Rhône-Alpes'],COM,{63},{84}
9f614f63-5e57-45e2-adc3-966285dbefac,216303271,Commune de Saint-Bonnet-près-Riom (63),false,{63327},Commune,2026-03-24 14:42:06.130387+01,gold_establishments_2025,,,,21630327100011,2025,Collectivité Territoriale,Commune,['Puy-de-Dôme'],['Auvergne-Rhône-Alpes'],COM,{63},{84}
e2d98cc4-010f-4fe5-8255-9644e00a08e0,211703129,Commune de Saint-Bonnet-sur-Gironde (17),false,{17312},Commune,2026-03-24 14:41:54.903238+01,gold_establishments_2025,,,,21170312900018,2025,Collectivité Territoriale,Commune,['Charente-Maritime'],['Nouvelle-Aquitaine'],COM,{17},{75}
48db9935-146c-4eb0-a0d5-e10425855952,215802349,Commune de Saint-Bonnot (58),false,{58234},Commune,2026-03-24 14:42:04.280096+01,gold_establishments_2025,,,,21580234900013,2025,Collectivité Territoriale,Commune,['Nièvre'],['Bourgogne-Franche-Comté'],COM,{58},{27}
1e192a00-6de6-4150-869e-cf9fa242e1a5,211802004,Commune de Saint-Bouize (18),false,{18200},Commune,2026-03-24 14:41:54.903238+01,gold_establishments_2025,,,,21180200400013,2025,Collectivité Territoriale,Commune,['Cher'],['Centre-Val de Loire'],COM,{18},{24}
33ebea5f-baf5-4c32-9662-b19a86c5f62d,216404715,Commune de Saint-Boès (64),false,{64471},Commune,2026-03-24 14:42:06.665412+01,gold_establishments_2025,,,,21640471500015,2025,Collectivité Territoriale,Commune,['Pyrénées-Atlantiques'],['Nouvelle-Aquitaine'],COM,{64},{75}
0b5489b1-58a3-4970-8f06-d7672da01db3,218903367,Commune de Saint-Brancher (89),false,{89336},Commune,2026-03-24 14:42:11.659493+01,gold_establishments_2025,,,,21890336700017,2025,Collectivité Territoriale,Commune,['Yonne'],['Bourgogne-Franche-Comté'],COM,{89},{27}
4fe2e990-7434-4436-9d1e-488376fd6c5f,213702111,Commune de Saint-Branchs (37),false,{37211},Commune,2026-03-24 14:41:59.160244+01,gold_establishments_2025,,,,21370211100013,2025,Collectivité Territoriale,Commune,['Indre-et-Loire'],['Centre-Val de Loire'],COM,{37},{24}
f6e9b011-9868-49ac-89c4-0af060702882,212202774,Commune de Saint-Brandan (22),false,{22277},Commune,2026-03-24 14:41:55.958138+01,gold_establishments_2025,,,,21220277400015,2025,Collectivité Territoriale,Commune,"[""Côtes-d'Armor""]",['Bretagne'],COM,{22},{53}
38e2c4a7-e3a9-4373-82bf-73fbe289f7d4,213002389,Commune de Saint-Bresson (30),false,{30238},Commune,2026-03-24 14:41:57.56054+01,gold_establishments_2025,,,,21300238900012,2025,Collectivité Territoriale,Commune,['Gard'],['Occitanie'],COM,{30},{76}
ee1db335-2a40-49fe-83a3-0c72a6ac508c,217004605,Commune de Saint-Bresson (70),false,{70460},Commune,2026-03-24 14:42:07.735343+01,gold_establishments_2025,,,,21700460500010,2025,Collectivité Territoriale,Commune,['Haute-Saône'],['Bourgogne-Franche-Comté'],COM,{70},{27}
18962b91-db7d-4c14-abec-00dd62186e97,214602492,Commune de Saint-Bressou (46),false,{46249},Commune,2026-03-24 14:42:00.862623+01,gold_establishments_2025,,,,21460249200016,2025,Collectivité Territoriale,Commune,['Lot'],['Occitanie'],COM,{46},{76}
bae63046-a900-49dd-9542-8cbb0f7e7ba6,214401549,Commune de Saint-Brevin-les-Pins (44),false,{44154},Commune,2026-03-24 14:42:00.273698+01,gold_establishments_2025,,,,21440154900016,2025,Collectivité Territoriale,Commune,['Loire-Atlantique'],['Pays de la Loire'],COM,{44},{52}
8e8a6a01-babf-4150-bced-457ab2870aa5,213502560,Commune de Saint-Briac-sur-Mer (35),false,{35256},Commune,2026-03-24 14:41:59.160244+01,gold_establishments_2025,,,,21350256000013,2025,Collectivité Territoriale,Commune,['Ille-et-Vilaine'],['Bretagne'],COM,{35},{53}
20181f0e-e9c0-4814-98e0-397a429f0ad6,211603048,Commune de Saint-Brice (16),false,{16304},Commune,2026-03-24 14:41:54.362296+01,gold_establishments_2025,,,,21160304800011,2025,Collectivité Territoriale,Commune,['Charente'],['Nouvelle-Aquitaine'],COM,{16},{75}
1878d7ea-8bb4-4cec-b55f-f74eb0d0b9e8,213303795,Commune de Saint-Brice (33),false,{33379},Commune,2026-03-24 14:41:58.620411+01,gold_establishments_2025,,,,21330379500016,2025,Collectivité Territoriale,Commune,['Gironde'],['Nouvelle-Aquitaine'],COM,{33},{75}
81472a90-b96e-4124-a170-e2c7b8ca5662,215004516,Commune de Saint-Brice (50),false,{50451},Commune,2026-03-24 14:42:01.412377+01,gold_establishments_2025,,,,21500451600013,2025,Collectivité Territoriale,Commune,['Manche'],['Normandie'],COM,{50},{28}
dfb4365f-754b-480e-bc72-84e39651b6e8,215302035,Commune de Saint-Brice (53),false,{53203},Commune,2026-03-24 14:42:02.957225+01,gold_establishments_2025,,,,21530203500013,2025,Collectivité Territoriale,Commune,['Mayenne'],['Pays de la Loire'],COM,{53},{52}
6fa5a7ee-821f-4da8-9c82-095c33bc9841,216103705,Commune de Saint-Brice (61),false,{61370},Commune,2026-03-24 14:42:05.597325+01,gold_establishments_2025,,,,21610370500010,2025,Collectivité Territoriale,Commune,['Orne'],['Normandie'],COM,{61},{28}
913045cd-52af-4b36-b080-7071ef28aea0,217704030,Commune de Saint-Brice (77),false,{77403},Commune,2026-03-24 14:42:09.43682+01,gold_establishments_2025,,,,21770403000014,2025,Collectivité Territoriale,Commune,['Seine-et-Marne'],['Île-de-France'],COM,{77},{11}
d1dcba87-a9de-4613-be5d-4cb0fb2d6704,215104399,Commune de Saint-Brice-Courcelles (51),false,{51474},Commune,2026-03-24 14:42:01.954481+01,gold_establishments_2025,,,,21510439900013,2025,Collectivité Territoriale,Commune,['Marne'],['Grand Est'],COM,{51},{44}
e7678aa6-279c-4e06-8423-11033d06b6ce,215004524,Commune de Saint-Brice-de-Landelles (50),false,{50452},Commune,2026-03-24 14:42:01.412377+01,gold_establishments_2025,,,,21500452400017,2025,Collectivité Territoriale,Commune,['Manche'],['Normandie'],COM,{50},{28}
8773dbf5-b3dd-4584-a542-7146298dbae2,219505393,Commune de Saint-Brice-sous-Forêt (95),false,{95539},Commune,2026-03-24 14:42:11.659493+01,gold_establishments_2025,,,,21950539300013,2025,Collectivité Territoriale,Commune,"[""Val-d'Oise""]",['Île-de-France'],COM,{95},{11}
01ddf317-4508-46c9-ae2f-cf70ea66c4f5,216103713,Commune de Saint-Brice-sous-Rânes (61),false,{61371},Commune,2026-03-24 14:42:05.597325+01,gold_establishments_2025,,,,21610371300014,2025,Collectivité Territoriale,Commune,['Orne'],['Normandie'],COM,{61},{28}
a8c12585-1926-447a-846a-120c7c146f84,218714004,Commune de Saint-Brice-sur-Vienne (87),false,{87140},Commune,2026-03-24 14:42:11.118516+01,gold_establishments_2025,,,,21871400400015,2025,Collectivité Territoriale,Commune,['Haute-Vienne'],['Nouvelle-Aquitaine'],COM,{87},{75}
16e250a4-d1dc-4b74-b51a-a8100781c239,212202782,Commune de Saint-Brieuc (22),false,{22278},Commune,2026-03-24 14:41:55.958138+01,gold_establishments_2025,,,,21220278200018,2025,Collectivité Territoriale,Commune,"[""Côtes-d'Armor""]",['Bretagne'],COM,{22},{53}
6e4cea39-4ddb-4ab7-a460-b5c559a8632b,215602087,Commune de Saint-Brieuc-de-Mauron (56),false,{56208},Commune,2026-03-24 14:42:03.701372+01,gold_establishments_2025,,,,21560208700011,2025,Collectivité Territoriale,Commune,['Morbihan'],['Bretagne'],COM,{56},{53}
3ed33528-f82b-44d5-8412-e2f09eba2c59,213502586,Commune de Saint-Brieuc-des-Iffs (35),false,{35258},Commune,2026-03-24 14:41:59.160244+01,gold_establishments_2025,,,,21350258600018,2025,Collectivité Territoriale,Commune,['Ille-et-Vilaine'],['Bretagne'],COM,{35},{53}
32331c32-766e-4abe-9e42-ce9b4d31e8bc,211703137,Commune de Saint-Bris-des-Bois (17),false,{17313},Commune,2026-03-24 14:41:54.903238+01,gold_establishments_2025,,,,21170313700011,2025,Collectivité Territoriale,Commune,['Charente-Maritime'],['Nouvelle-Aquitaine'],COM,{17},{75}
3a3bc8d8-a137-4ad2-95a9-ca0814568b6b,218903375,Commune de Saint-Bris-le-Vineux (89),false,{89337},Commune,2026-03-24 14:42:11.659493+01,gold_establishments_2025,,,,21890337500010,2025,Collectivité Territoriale,Commune,['Yonne'],['Bourgogne-Franche-Comté'],COM,{89},{27}
43ee46e9-b50a-4bbd-b7d9-3ef1dc168b21,215802356,Commune de Saint-Brisson (58),false,{58235},Commune,2026-03-24 14:42:04.280096+01,gold_establishments_2025,,,,21580235600018,2025,Collectivité Territoriale,Commune,['Nièvre'],['Bourgogne-Franche-Comté'],COM,{58},{27}
fe283479-6e20-43c0-a37a-5031f608197f,214502718,Commune de Saint-Brisson-sur-Loire (45),false,{45271},Commune,2026-03-24 14:42:00.862623+01,gold_establishments_2025,,,,21450271800015,2025,Collectivité Territoriale,Commune,['Loiret'],['Centre-Val de Loire'],COM,{45},{24}
898bcd06-56f4-46f5-89bc-77cde294e306,217004613,Commune de Saint-Broing (70),false,{70461},Commune,2026-03-24 14:42:07.735343+01,gold_establishments_2025,,,,21700461300014,2025,Collectivité Territoriale,Commune,['Haute-Saône'],['Bourgogne-Franche-Comté'],COM,{70},{27}
c5b18155-c767-42da-a8ee-ccd1282dcb6e,212105431,Commune de Saint-Broing-les-Moines (21),false,{21543},Commune,2026-03-24 14:41:55.433389+01,gold_establishments_2025,,,,21210543100010,2025,Collectivité Territoriale,Commune,"[""Côte-d'Or""]",['Bourgogne-Franche-Comté'],COM,{21},{27}
3a2bb887-1ff4-4425-8195-384534e4fc98,215203209,Commune de Saint-Broingt-le-Bois (52),false,{52445},Commune,2026-03-24 14:42:01.954481+01,gold_establishments_2025,,,,21520320900014,2025,Collectivité Territoriale,Commune,['Haute-Marne'],['Grand Est'],COM,{52},{44}
56b44ea6-8f55-490e-8372-c858ad5ce5e1,215203217,Commune de Saint-Broingt-les-Fosses (52),false,{52446},Commune,2026-03-24 14:42:01.954481+01,gold_establishments_2025,,,,21520321700017,2025,Collectivité Territoriale,Commune,['Haute-Marne'],['Grand Est'],COM,{52},{44}
4cb0598c-88db-428f-b763-fddc049cabec,213502594,Commune de Saint-Broladre (35),false,{35259},Commune,2026-03-24 14:41:59.160244+01,gold_establishments_2025,,,,21350259400012,2025,Collectivité Territoriale,Commune,['Ille-et-Vilaine'],['Bretagne'],COM,{35},{53}
ba715277-36a3-46d3-b89d-64c61143ed74,213002371,Commune de Saint-Brès (30),false,{30237},Commune,2026-03-24 14:41:57.56054+01,gold_establishments_2025,,,,21300237100010,2025,Collectivité Territoriale,Commune,['Gard'],['Occitanie'],COM,{30},{76}
13d75c9f-7337-4c50-b267-30e8c4b48ebb,213203664,Commune de Saint-Brès (32),false,{32366},Commune,2026-03-24 14:41:58.09424+01,gold_establishments_2025,,,,21320366400015,2025,Collectivité Territoriale,Commune,['Gers'],['Occitanie'],COM,{32},{76}
4d44009a-c761-4f16-ab8e-e40fc1460c95,213402449,Commune de Saint-Brès (34),false,{34244},Commune,2026-03-24 14:41:58.620411+01,gold_establishments_2025,,,,21340244900010,2025,Collectivité Territoriale,Commune,['Hérault'],['Occitanie'],COM,{34},{76}
25ec74de-b69d-48bd-9e25-7d07bc99454d,213803729,Commune de Saint-Bueil (38),false,{38372},Commune,2026-03-24 14:41:59.160244+01,gold_establishments_2025,,,,21380372900010,2025,Collectivité Territoriale,Commune,['Isère'],['Auvergne-Rhône-Alpes'],COM,{38},{84}
515cf876-fee1-4cba-b349-e4bbe9ab595e,200081198,Commune de Saint-Béat-Lez (31),false,{31471},Commune,2026-03-24 14:41:58.09424+01,gold_establishments_2025,,,,20008119800018,2025,Collectivité Territoriale,Commune,['Haute-Garonne'],['Occitanie'],COM,{31},{76}
a9fda062-6703-436d-8392-fe411308b5e8,210103370,Commune de Saint-Bénigne (01),false,{01337},Commune,2026-03-24 14:41:51.447482+01,gold_establishments_2025,,,,21010337000016,2025,Collectivité Territoriale,Commune,['Ain'],['Auvergne-Rhône-Alpes'],COM,{01},{84}
a9c2efed-3f53-4afc-b07a-c91b2c2f5c61,213002348,Commune de Saint-Bénézet (30),false,{30234},Commune,2026-03-24 14:41:57.56054+01,gold_establishments_2025,,,,21300234800018,2025,Collectivité Territoriale,Commune,['Gard'],['Occitanie'],COM,{30},{76}
592b6e46-ec14-4f72-a6c9-2174afda4d8a,214301715,Commune de Saint-Bérain (43),false,{43171},Commune,2026-03-24 14:42:00.273698+01,gold_establishments_2025,,,,21430171500014,2025,Collectivité Territoriale,Commune,['Haute-Loire'],['Auvergne-Rhône-Alpes'],COM,{43},{84}
624f2f75-20a2-44e0-86b4-f0c58c90f9f1,217103910,Commune de Saint-Bérain-sur-Dheune (71),false,{71391},Commune,2026-03-24 14:42:08.279287+01,gold_establishments_2025,,,,21710391000014,2025,Collectivité Territoriale,Commune,['Saône-et-Loire'],['Bourgogne-Franche-Comté'],COM,{71},{27}
e2573457-39f5-4c01-9cf3-e268938f32be,217302264,Commune de Saint-Béron (73),false,{73226},Commune,2026-03-24 14:42:08.279287+01,gold_establishments_2025,,,,21730226400015,2025,Collectivité Territoriale,Commune,['Savoie'],['Auvergne-Rhône-Alpes'],COM,{73},{84}
3995af1a-3ac8-4708-ad59-49e99218f911,216103697,Commune de Saint-Bômer-les-Forges (61),false,{61369},Commune,2026-03-24 14:42:05.597325+01,gold_establishments_2025,,,,21610369700019,2025,Collectivité Territoriale,Commune,['Orne'],['Normandie'],COM,{61},{28}
e8ab6b91-4c7d-4cc6-8c99-504bbb974531,217202696,Commune de Saint-Calais (72),false,{72269},Commune,2026-03-24 14:42:08.279287+01,gold_establishments_2025,,,,21720269600118,2025,Collectivité Territoriale,Commune,['Sarthe'],['Pays de la Loire'],COM,{72},{52}
63288064-c9d2-43bb-9251-d38d9296d2e6,215302043,Commune de Saint-Calais-du-Désert (53),false,{53204},Commune,2026-03-24 14:42:02.957225+01,gold_establishments_2025,,,,21530204300017,2025,Collectivité Territoriale,Commune,['Mayenne'],['Pays de la Loire'],COM,{53},{52}
91c7e943-5a72-4274-84d0-8ce2105cd38c,217202704,Commune de Saint-Calez-en-Saosnois (72),false,{72270},Commune,2026-03-24 14:42:08.279287+01,gold_establishments_2025,,,,21720270400011,2025,Collectivité Territoriale,Commune,['Sarthe'],['Pays de la Loire'],COM,{72},{52}
a2c7f1f2-7bcf-46d8-a330-7be12033291b,211300918,Commune de Saint-Cannat (13),false,{13091},Commune,2026-03-24 14:41:53.63825+01,gold_establishments_2025,,,,21130091800011,2025,Collectivité Territoriale,Commune,['Bouches-du-Rhône'],"[""Provence-Alpes-Côte d'Azur""]",COM,{13},{93}
ed2e63ed-7b03-410e-942b-b1391810c303,210302220,Commune de Saint-Caprais (03),false,{03222},Commune,2026-03-24 14:41:52.020251+01,gold_establishments_2025,,,,21030222000012,2025,Collectivité Territoriale,Commune,['Allier'],['Auvergne-Rhône-Alpes'],COM,{03},{84}
0455a509-90a4-46d6-9eea-0ac2857fc771,211802012,Commune de Saint-Caprais (18),false,{18201},Commune,2026-03-24 14:41:54.903238+01,gold_establishments_2025,,,,21180201200016,2025,Collectivité Territoriale,Commune,['Cher'],['Centre-Val de Loire'],COM,{18},{24}
026b579b-ceb9-4f2e-932d-64223fb4f652,213204670,Commune de Saint-Caprais (32),false,{32467},Commune,2026-03-24 14:41:58.09424+01,gold_establishments_2025,,,,21320467000011,2025,Collectivité Territoriale,Commune,['Gers'],['Occitanie'],COM,{32},{76}
b34e8b70-09e3-44f7-ae7f-ffdf812331e1,214602500,Commune de Saint-Caprais (46),false,{46250},Commune,2026-03-24 14:42:00.862623+01,gold_establishments_2025,,,,21460250000016,2025,Collectivité Territoriale,Commune,['Lot'],['Occitanie'],COM,{46},{76}
7dd403d2-31fd-4b31-91df-d7324ae08708,213303811,Commune de Saint-Caprais-de-Bordeaux (33),false,{33381},Commune,2026-03-24 14:41:58.620411+01,gold_establishments_2025,,,,21330381100011,2025,Collectivité Territoriale,Commune,['Gironde'],['Nouvelle-Aquitaine'],COM,{33},{75}
502daca9-3e7b-4b9a-8d42-3c8ffdb4490a,214702342,Commune de Saint-Caprais-de-Lerm (47),false,{47234},Commune,2026-03-24 14:42:00.862623+01,gold_establishments_2025,,,,21470234200012,2025,Collectivité Territoriale,Commune,['Lot-et-Garonne'],['Nouvelle-Aquitaine'],COM,{47},{75}
9a1ca11c-f9af-4384-bef0-640df6ebb70b,212403836,Commune de Saint-Capraise-d'Eymet (24),false,{24383},Commune,2026-03-24 14:41:55.958138+01,gold_establishments_2025,,,,21240383600019,2025,Collectivité Territoriale,Commune,['Dordogne'],['Nouvelle-Aquitaine'],COM,{24},{75}
e0507a7a-f4a0-49f3-93e6-ac55fb5971e9,212403828,Commune de Saint-Capraise-de-Lalinde (24),false,{24382},Commune,2026-03-24 14:41:55.958138+01,gold_establishments_2025,,,,21240382800016,2025,Collectivité Territoriale,Commune,['Dordogne'],['Nouvelle-Aquitaine'],COM,{24},{75}
54aa7bec-22ce-4970-a6cc-202728a46a17,212202790,Commune de Saint-Caradec (22),false,{22279},Commune,2026-03-24 14:41:55.958138+01,gold_establishments_2025,,,,21220279000011,2025,Collectivité Territoriale,Commune,"[""Côtes-d'Armor""]",['Bretagne'],COM,{22},{53}
73ade491-4843-4d8b-a357-65cb993d6723,215602103,Commune de Saint-Caradec-Trégomel (56),false,{56210},Commune,2026-03-24 14:42:03.701372+01,gold_establishments_2025,,,,21560210300016,2025,Collectivité Territoriale,Commune,['Morbihan'],['Bretagne'],COM,{56},{53}
f2b9c10e-5b23-41b9-82d7-18f0fbc58e75,212202808,Commune de Saint-Carné (22),false,{22280},Commune,2026-03-24 14:41:55.958138+01,gold_establishments_2025,,,,21220280800011,2025,Collectivité Territoriale,Commune,"[""Côtes-d'Armor""]",['Bretagne'],COM,{22},{53}
8a8bc84a-bd4e-4741-8cfb-deee9ba23dbb,212202816,Commune de Saint-Carreuc (22),false,{22281},Commune,2026-03-24 14:41:55.958138+01,gold_establishments_2025,,,,21220281600014,2025,Collectivité Territoriale,Commune,"[""Côtes-d'Armor""]",['Bretagne'],COM,{22},{53}
941da5fe-ef04-430e-b07b-0290875dc7b9,212403844,Commune de Saint-Cassien (24),false,{24384},Commune,2026-03-24 14:41:55.958138+01,gold_establishments_2025,,,,21240384400013,2025,Collectivité Territoriale,Commune,['Dordogne'],['Nouvelle-Aquitaine'],COM,{24},{75}
863393d6-a207-4eb2-a816-7e9b96fb8445,213803737,Commune de Saint-Cassien (38),false,{38373},Commune,2026-03-24 14:41:59.160244+01,gold_establishments_2025,,,,21380373700013,2025,Collectivité Territoriale,Commune,['Isère'],['Auvergne-Rhône-Alpes'],COM,{38},{84}
3314f0eb-68b4-41cb-aa63-24e429475dbd,217302280,Commune de Saint-Cassin (73),false,{73228},Commune,2026-03-24 14:42:08.279287+01,gold_establishments_2025,,,,21730228000011,2025,Collectivité Territoriale,Commune,['Savoie'],['Auvergne-Rhône-Alpes'],COM,{73},{84}
086ec60f-f046-443a-a999-0be54f74526b,212202824,Commune de Saint-Cast-le-Guildo (22),false,{22282},Commune,2026-03-24 14:41:55.958138+01,gold_establishments_2025,,,,21220282400018,2025,Collectivité Territoriale,Commune,"[""Côtes-d'Armor""]",['Bretagne'],COM,{22},{53}
78fb641a-838b-48f6-bf25-3310299ed895,216404723,Commune de Saint-Castin (64),false,{64472},Commune,2026-03-24 14:42:06.665412+01,gold_establishments_2025,,,,21640472300019,2025,Collectivité Territoriale,Commune,['Pyrénées-Atlantiques'],['Nouvelle-Aquitaine'],COM,{64},{75}
7f897dda-c6aa-4728-8c40-905b5206a020,217402296,Commune de Saint-Cergues (74),false,{74229},Commune,2026-03-24 14:42:08.818969+01,gold_establishments_2025,,,,21740229600016,2025,Collectivité Territoriale,Commune,['Haute-Savoie'],['Auvergne-Rhône-Alpes'],COM,{74},{84}
69278107-0042-42d5-80aa-cef54e878bc7,211501754,Commune de Saint-Cernin (15),false,{15175},Commune,2026-03-24 14:41:54.362296+01,gold_establishments_2025,,,,21150175400017,2025,Collectivité Territoriale,Commune,['Cantal'],['Auvergne-Rhône-Alpes'],COM,{15},{84}
027e9da8-e743-4eb8-b8f6-10c8d2045927,212403851,Commune de Saint-Cernin-de-Labarde (24),false,{24385},Commune,2026-03-24 14:41:55.958138+01,gold_establishments_2025,,,,21240385100018,2025,Collectivité Territoriale,Commune,['Dordogne'],['Nouvelle-Aquitaine'],COM,{24},{75}
80cc84fe-7625-4c7c-8332-444fa4bc0d64,211919105,Commune de Saint-Cernin-de-Larche (19),false,{19191},Commune,2026-03-24 14:41:54.903238+01,gold_establishments_2025,,,,21191910500018,2025,Collectivité Territoriale,Commune,['Corrèze'],['Nouvelle-Aquitaine'],COM,{19},{75}
38789967-b94f-4b71-a469-e86d4a610b6e,212403869,Commune de Saint-Cernin-de-l'Herm (24),false,{24386},Commune,2026-03-24 14:41:55.958138+01,gold_establishments_2025,,,,21240386900010,2025,Collectivité Territoriale,Commune,['Dordogne'],['Nouvelle-Aquitaine'],COM,{24},{75}
68317715-a203-4cfd-a114-05d63ce6dbee,212318505,Commune de Saint-Chabrais (23),false,{23185},Commune,2026-03-24 14:41:55.958138+01,gold_establishments_2025,,,,21231850500014,2025,Collectivité Territoriale,Commune,['Creuse'],['Nouvelle-Aquitaine'],COM,{23},{75}
a6977342-4fad-41bf-a79c-9ecddf596849,210501334,Commune de Saint-Chaffrey (05),false,{05133},Commune,2026-03-24 14:41:52.562531+01,gold_establishments_2025,,,,21050133400010,2025,Collectivité Territoriale,Commune,['Hautes-Alpes'],"[""Provence-Alpes-Côte d'Azur""]",COM,{05},{93}
e817b51a-aeed-416c-b370-f5a9a4005fc7,211501762,Commune de Saint-Chamant (15),false,{15176},Commune,2026-03-24 14:41:54.362296+01,gold_establishments_2025,,,,21150176200010,2025,Collectivité Territoriale,Commune,['Cantal'],['Auvergne-Rhône-Alpes'],COM,{15},{84}
01ecba2c-006c-45f3-ab18-c88a41e38dbd,211919204,Commune de Saint-Chamant (19),false,{19192},Commune,2026-03-24 14:41:54.903238+01,gold_establishments_2025,,,,21191920400019,2025,Collectivité Territoriale,Commune,['Corrèze'],['Nouvelle-Aquitaine'],COM,{19},{75}
d7a682bd-ab49-4fed-a290-f3c52a6ea3f5,214602534,Commune de Saint-Chamarand (46),false,{46253},Commune,2026-03-24 14:42:00.862623+01,gold_establishments_2025,,,,21460253400015,2025,Collectivité Territoriale,Commune,['Lot'],['Occitanie'],COM,{46},{76}
3ec7bc44-5dbe-44e2-b9a9-997b4bd004ea,211300926,Commune de Saint-Chamas (13),false,{13092},Commune,2026-03-24 14:41:53.63825+01,gold_establishments_2025,,,,21130092600014,2025,Collectivité Territoriale,Commune,['Bouches-du-Rhône'],"[""Provence-Alpes-Côte d'Azur""]",COM,{13},{93}
d18bb229-b360-4e89-9ce7-27bbe02742ea,212403885,Commune de Saint-Chamassy (24),false,{24388},Commune,2026-03-24 14:41:55.958138+01,gold_establishments_2025,,,,21240388500016,2025,Collectivité Territoriale,Commune,['Dordogne'],['Nouvelle-Aquitaine'],COM,{24},{75}
d76d1455-5f0a-4bb1-bc0f-5387bfd91bd8,214202079,Commune de Saint-Chamond (42),false,{42207},Commune,2026-03-24 14:42:00.273698+01,gold_establishments_2025,,,,21420207900015,2025,Collectivité Territoriale,Commune,['Loire'],['Auvergne-Rhône-Alpes'],COM,{42},{84}
c3412b06-508d-4dcd-8af8-3c516b3bb480,213002413,Commune de Saint-Chaptes (30),false,{30241},Commune,2026-03-24 14:41:57.56054+01,gold_establishments_2025,,,,21300241300010,2025,Collectivité Territoriale,Commune,['Gard'],['Occitanie'],COM,{30},{76}
610124a0-a16e-434d-98a0-fb74eeadb9cc,215302068,Commune de Saint-Charles-la-Forêt (53),false,{53206},Commune,2026-03-24 14:42:02.957225+01,gold_establishments_2025,,,,21530206800014,2025,Collectivité Territoriale,Commune,['Mayenne'],['Pays de la Loire'],COM,{53},{52}
58a61b17-e294-44a5-8720-ecfd90ae0997,213601842,Commune de Saint-Chartier (36),false,{36184},Commune,2026-03-24 14:41:59.160244+01,gold_establishments_2025,,,,21360184200015,2025,Collectivité Territoriale,Commune,['Indre'],['Centre-Val de Loire'],COM,{36},{24}
fa7c49aa-f4ca-4f70-b9dd-f6b3c2484ef3,213803745,Commune de Saint-Chef (38),false,{38374},Commune,2026-03-24 14:41:59.160244+01,gold_establishments_2025,,,,21380374500016,2025,Collectivité Territoriale,Commune,['Isère'],['Auvergne-Rhône-Alpes'],COM,{38},{84}
7fde745b-1ed6-4e9b-84fd-e55ff0ecfcab,214602542,Commune de Saint-Chels (46),false,{46254},Commune,2026-03-24 14:42:00.862623+01,gold_establishments_2025,,,,21460254200018,2025,Collectivité Territoriale,Commune,['Lot'],['Occitanie'],COM,{46},{76}
681689ca-19d2-4662-bafb-26d91273bfea,213402456,Commune de Saint-Chinian (34),false,{34245},Commune,2026-03-24 14:41:58.620411+01,gold_establishments_2025,,,,21340245600015,2025,Collectivité Territoriale,Commune,['Hérault'],['Occitanie'],COM,{34},{76}
8640175c-848c-4b64-884a-67ca634f2529,218006609,Commune de Saint-Christ-Briost (80),false,{80701},Commune,2026-03-24 14:42:09.967209+01,gold_establishments_2025,,,,21800660900018,2025,Collectivité Territoriale,Commune,['Somme'],['Hauts-de-France'],COM,{80},{32}
01342a0d-1178-4dee-8d2e-8e28b35b70ed,213104748,Commune de Saint-Christaud (31),false,{31474},Commune,2026-03-24 14:41:58.09424+01,gold_establishments_2025,,,,21310474800016,2025,Collectivité Territoriale,Commune,['Haute-Garonne'],['Occitanie'],COM,{31},{76}
1f9e946c-d8ab-4b26-88b3-1f3d4281c250,213203672,Commune de Saint-Christaud (32),false,{32367},Commune,2026-03-24 14:41:58.09424+01,gold_establishments_2025,,,,21320367200018,2025,Collectivité Territoriale,Commune,['Gers'],['Occitanie'],COM,{32},{76}
44df629d-6a2d-42da-8348-e96d9eb91088,214202087,Commune de Saint-Christo-en-Jarez (42),false,{42208},Commune,2026-03-24 14:42:00.273698+01,gold_establishments_2025,,,,21420208700018,2025,Collectivité Territoriale,Commune,['Loire'],['Auvergne-Rhône-Alpes'],COM,{42},{84}
ec6e64b9-e125-4208-b7e4-e495e382e7d7,210702205,Commune de Saint-Christol (07),false,{07220},Commune,2026-03-24 14:41:52.562531+01,gold_establishments_2025,,,,21070220500019,2025,Collectivité Territoriale,Commune,['Ardèche'],['Auvergne-Rhône-Alpes'],COM,{07},{84}
e9dc6a38-2df6-4fff-b813-f61b66893f91,218401073,Commune de Saint-Christol (84),false,{84107},Commune,2026-03-24 14:42:10.508772+01,gold_establishments_2025,,,,21840107300018,2025,Collectivité Territoriale,Commune,['Vaucluse'],"[""Provence-Alpes-Côte d'Azur""]",COM,{84},{93}
2725ee18-5ea6-40d0-8f2c-d54842b85206,213002421,Commune de Saint-Christol-de-Rodières (30),false,{30242},Commune,2026-03-24 14:41:57.56054+01,gold_establishments_2025,,,,21300242100039,2025,Collectivité Territoriale,Commune,['Gard'],['Occitanie'],COM,{30},{76}
d64b54f5-3369-4f5e-946f-1bb8b9e94cce,213002439,Commune de Saint-Christol-lez-Alès (30),false,{30243},Commune,2026-03-24 14:41:57.56054+01,gold_establishments_2025,,,,21300243900015,2025,Collectivité Territoriale,Commune,['Gard'],['Occitanie'],COM,{30},{76}
121a12db-0ca6-4931-b48e-ff554aabbbf1,213303837,Commune de Saint-Christoly-Médoc (33),false,{33383},Commune,2026-03-24 14:41:58.620411+01,gold_establishments_2025,,,,21330383700016,2025,Collectivité Territoriale,Commune,['Gironde'],['Nouvelle-Aquitaine'],COM,{33},{75}
09ef9d2c-9db3-411b-89bc-d7c21fd570d4,213303829,Commune de Saint-Christoly-de-Blaye (33),false,{33382},Commune,2026-03-24 14:41:58.620411+01,gold_establishments_2025,,,,21330382900013,2025,Collectivité Territoriale,Commune,['Gironde'],['Nouvelle-Aquitaine'],COM,{33},{75}
f850f6ac-f0c0-4ba0-9fee-811412ce1fac,211603063,Commune de Saint-Christophe (16),false,{16306},Commune,2026-03-24 14:41:54.362296+01,gold_establishments_2025,,,,21160306300010,2025,Collectivité Territoriale,Commune,['Charente'],['Nouvelle-Aquitaine'],COM,{16},{75}
d9821e00-4713-4fbd-a20c-cd195a6eb73d,211703152,Commune de Saint-Christophe (17),false,{17315},Commune,2026-03-24 14:41:54.903238+01,gold_establishments_2025,,,,21170315200010,2025,Collectivité Territoriale,Commune,['Charente-Maritime'],['Nouvelle-Aquitaine'],COM,{17},{75}
e735b3b7-8ccf-47a0-b65c-3a77997bb4a9,212318604,Commune de Saint-Christophe (23),false,{23186},Commune,2026-03-24 14:41:55.958138+01,gold_establishments_2025,,,,21231860400015,2025,Collectivité Territoriale,Commune,['Creuse'],['Nouvelle-Aquitaine'],COM,{23},{75}
07dca2ed-3494-40eb-995b-ab967a01bc6c,212803290,Commune de Saint-Christophe (28),false,{28329},Commune,2026-03-24 14:41:57.028721+01,gold_establishments_2025,,,,21280329000015,2025,Collectivité Territoriale,Commune,['Eure-et-Loir'],['Centre-Val de Loire'],COM,{28},{24}
73e0cb07-1efe-4d19-9a7f-c1a6d3834885,217302298,Commune de Saint-Christophe (73),false,{73229},Commune,2026-03-24 14:42:08.279287+01,gold_establishments_2025,,,,21730229800013,2025,Collectivité Territoriale,Commune,['Savoie'],['Auvergne-Rhône-Alpes'],COM,{73},{84}
1ef38bc3-0cd5-46b4-8ed3-5b0719bf141a,218102457,Commune de Saint-Christophe (81),false,{81245},Commune,2026-03-24 14:42:09.967209+01,gold_establishments_2025,,,,21810245700015,2025,Collectivité Territoriale,Commune,['Tarn'],['Occitanie'],COM,{81},{76}
52efd864-0d11-4cad-b903-eabbfd5eac71,218602175,Commune de Saint-Christophe (86),false,{86217},Commune,2026-03-24 14:42:10.508772+01,gold_establishments_2025,,,,21860217500018,2025,Collectivité Territoriale,Commune,['Vienne'],['Nouvelle-Aquitaine'],COM,{86},{75}
cae4365a-f816-45e1-b9a4-77ab95e289e0,211003264,Commune de Saint-Christophe-Dodinicourt (10),false,{10337},Commune,2026-03-24 14:41:53.095366+01,gold_establishments_2025,,,,21100326400010,2025,Collectivité Territoriale,Commune,['Aube'],['Grand Est'],COM,{10},{44}
3e6111ba-4a4c-481d-862b-2afa7f34d844,211202155,Commune de Saint-Christophe-Vallon (12),false,{12215},Commune,2026-03-24 14:41:53.63825+01,gold_establishments_2025,,,,21120215500019,2025,Collectivité Territoriale,Commune,['Aveyron'],['Occitanie'],COM,{12},{76}
c176d609-bf71-48c6-876e-27d6c53637d9,214301731,Commune de Saint-Christophe-d'Allier (43),false,{43173},Commune,2026-03-24 14:42:00.273698+01,gold_establishments_2025,,,,21430173100011,2025,Collectivité Territoriale,Commune,['Haute-Loire'],['Auvergne-Rhône-Alpes'],COM,{43},{84}
22d65175-f60f-423e-aef1-c7dc0d35c399,216103747,Commune de Saint-Christophe-de-Chaulieu (61),false,{61374},Commune,2026-03-24 14:42:05.597325+01,gold_establishments_2025,,,,21610374700012,2025,Collectivité Territoriale,Commune,['Orne'],['Normandie'],COM,{61},{28}
d3859d52-1127-47d8-8f4f-748cc94aeff8,213303852,Commune de Saint-Christophe-de-Double (33),false,{33385},Commune,2026-03-24 14:41:58.620411+01,gold_establishments_2025,,,,21330385200015,2025,Collectivité Territoriale,Commune,['Gironde'],['Nouvelle-Aquitaine'],COM,{33},{75}
dc58d640-7b91-4c2f-b7dd-92f622257ead,213502610,Commune de Saint-Christophe-de-Valains (35),false,{35261},Commune,2026-03-24 14:41:59.160244+01,gold_establishments_2025,,,,21350261000016,2025,Collectivité Territoriale,Commune,['Ille-et-Vilaine'],['Bretagne'],COM,{35},{53}
5df5d4bc-e421-4374-b001-82a062b7591e,213303845,Commune de Saint-Christophe-des-Bardes (33),false,{33384},Commune,2026-03-24 14:41:58.620411+01,gold_establishments_2025,,,,21330384500019,2025,Collectivité Territoriale,Commune,['Gironde'],['Nouvelle-Aquitaine'],COM,{33},{75}
b77ca047-7333-4bcd-8300-be4e95d0acc1,213502602,Commune de Saint-Christophe-des-Bois (35),false,{35260},Commune,2026-03-24 14:41:59.160244+01,gold_establishments_2025,,,,21350260200013,2025,Collectivité Territoriale,Commune,['Ille-et-Vilaine'],['Bretagne'],COM,{35},{53}
c70c1161-5349-486e-866c-d6d8928f6dde,214902694,Commune de Saint-Christophe-du-Bois (49),false,{49269},Commune,2026-03-24 14:42:01.412377+01,gold_establishments_2025,,,,21490269400014,2025,Collectivité Territoriale,Commune,['Maine-et-Loire'],['Pays de la Loire'],COM,{49},{52}
7804f7b5-d0b4-4416-9e29-38144a19185f,215004540,Commune de Saint-Christophe-du-Foc (50),false,{50454},Commune,2026-03-24 14:42:01.412377+01,gold_establishments_2025,,,,21500454000013,2025,Collectivité Territoriale,Commune,['Manche'],['Normandie'],COM,{50},{28}
3d5f46f7-5231-4e29-9032-784e388584b1,217202738,Commune de Saint-Christophe-du-Jambet (72),false,{72273},Commune,2026-03-24 14:42:08.279287+01,gold_establishments_2025,,,,21720273800019,2025,Collectivité Territoriale,Commune,['Sarthe'],['Pays de la Loire'],COM,{72},{52}
14cbbcaf-fe49-41d5-8e12-41946c1e6a89,218502045,Commune de Saint-Christophe-du-Ligneron (85),false,{85204},Commune,2026-03-24 14:42:10.508772+01,gold_establishments_2025,,,,21850204500014,2025,Collectivité Territoriale,Commune,['Vendée'],['Pays de la Loire'],COM,{85},{52}
321911a7-a29d-49a0-bede-fa7c627d3656,213601859,Commune de Saint-Christophe-en-Bazelle (36),false,{36185},Commune,2026-03-24 14:41:59.160244+01,gold_establishments_2025,,,,21360185900019,2025,Collectivité Territoriale,Commune,['Indre'],['Centre-Val de Loire'],COM,{36},{24}
b478147d-2247-40f5-a3a8-c5797fa965e7,213601867,Commune de Saint-Christophe-en-Boucherie (36),false,{36186},Commune,2026-03-24 14:41:59.160244+01,gold_establishments_2025,,,,21360186700012,2025,Collectivité Territoriale,Commune,['Indre'],['Centre-Val de Loire'],COM,{36},{24}
eb00aecc-3bf6-4110-8509-f66496fae7b0,210302238,Commune de Saint-Christophe-en-Bourbonnais (03),false,{03223},Commune,2026-03-24 14:41:52.020251+01,gold_establishments_2025,,,,21030223800014,2025,Collectivité Territoriale,Commune,['Allier'],['Auvergne-Rhône-Alpes'],COM,{03},{84}
855834c5-6b32-4250-a8a8-4f91ec7e3777,217103985,Commune de Saint-Christophe-en-Bresse (71),false,{71398},Commune,2026-03-24 14:42:08.279287+01,gold_establishments_2025,,,,21710398500016,2025,Collectivité Territoriale,Commune,['Saône-et-Loire'],['Bourgogne-Franche-Comté'],COM,{71},{27}
0117c09d-f60e-4e18-b2ae-60948fd06878,217103993,Commune de Saint-Christophe-en-Brionnais (71),false,{71399},Commune,2026-03-24 14:42:08.279287+01,gold_establishments_2025,,,,21710399300010,2025,Collectivité Territoriale,Commune,['Saône-et-Loire'],['Bourgogne-Franche-Comté'],COM,{71},{27}
6c95e635-2c89-4b47-ba69-62abf0547f5e,217202746,Commune de Saint-Christophe-en-Champagne (72),false,{72274},Commune,2026-03-24 14:42:08.279287+01,gold_establishments_2025,,,,21720274600012,2025,Collectivité Territoriale,Commune,['Sarthe'],['Pays de la Loire'],COM,{72},{52}
5535ff9b-f2cc-46d5-bd8a-b912a4dd90cd,213803752,Commune de Saint-Christophe-en-Oisans (38),false,{38375},Commune,2026-03-24 14:41:59.160244+01,gold_establishments_2025,,,,21380375200012,2025,Collectivité Territoriale,Commune,['Isère'],['Auvergne-Rhône-Alpes'],COM,{38},{84}
220d5f3e-b050-4a69-9ee5-5592b856c04d,212602981,Commune de Saint-Christophe-et-le-Laris (26),false,{26298},Commune,2026-03-24 14:41:56.495197+01,gold_establishments_2025,,,,21260298100012,2025,Collectivité Territoriale,Commune,['Drôme'],['Auvergne-Rhône-Alpes'],COM,{26},{84}
3ea391bc-8cf4-4f7d-8073-2e8751c5ea21,211802038,Commune de Saint-Christophe-le-Chaudry (18),false,{18203},Commune,2026-03-24 14:41:54.903238+01,gold_establishments_2025,,,,21180203800011,2025,Collectivité Territoriale,Commune,['Cher'],['Centre-Val de Loire'],COM,{18},{24}
dd6cb94e-9141-4c8b-8e29-266a4ec555c3,212705214,Commune de Saint-Christophe-sur-Avre (27),false,{27521},Commune,2026-03-24 14:41:57.028721+01,gold_establishments_2025,,,,21270521400014,2025,Collectivité Territoriale,Commune,['Eure'],['Normandie'],COM,{27},{28}
38f62839-c4d4-48f6-9495-0c3d7cec73b5,212705222,Commune de Saint-Christophe-sur-Condé (27),false,{27522},Commune,2026-03-24 14:41:57.028721+01,gold_establishments_2025,,,,21270522200017,2025,Collectivité Territoriale,Commune,['Eure'],['Normandie'],COM,{27},{28}
37cced94-f93d-4d66-801c-c10f9017905a,214301749,Commune de Saint-Christophe-sur-Dolaizon (43),false,{43174},Commune,2026-03-24 14:42:00.273698+01,gold_establishments_2025,,,,21430174900013,2025,Collectivité Territoriale,Commune,['Haute-Loire'],['Auvergne-Rhône-Alpes'],COM,{43},{84}
02c1099b-0976-493e-a00f-00118a29234e,213803760,Commune de Saint-Christophe-sur-Guiers (38),false,{38376},Commune,2026-03-24 14:41:59.160244+01,gold_establishments_2025,,,,21380376000015,2025,Collectivité Territoriale,Commune,['Isère'],['Auvergne-Rhône-Alpes'],COM,{38},{84}
b3479962-41a2-4e5f-b917-43d355cd8f4c,217902410,Commune de Saint-Christophe-sur-Roc (79),false,{79241},Commune,2026-03-24 14:42:09.43682+01,gold_establishments_2025,,,,21790241000018,2025,Collectivité Territoriale,Commune,['Deux-Sèvres'],['Nouvelle-Aquitaine'],COM,{79},{75}
4b27b3c1-6820-4af7-8c3c-e2216e8e4afb,213702137,Commune de Saint-Christophe-sur-le-Nais (37),false,{37213},Commune,2026-03-24 14:41:59.160244+01,gold_establishments_2025,,,,21370213700018,2025,Collectivité Territoriale,Commune,['Indre-et-Loire'],['Centre-Val de Loire'],COM,{37},{24}
62e6c612-0985-447d-938e-33c9c30b922c,210206488,Commune de Saint-Christophe-à-Berry (02),false,{02673},Commune,2026-03-24 14:41:52.020251+01,gold_establishments_2025,,,,21020648800012,2025,Collectivité Territoriale,Commune,['Aisne'],['Hauts-de-France'],COM,{02},{32}
286738fc-1206-4b46-ab0b-49b298c99881,214801409,Commune de Saint-Chély-d'Apcher (48),false,{48140},Commune,2026-03-24 14:42:01.412377+01,gold_establishments_2025,,,,21480140900019,2025,Collectivité Territoriale,Commune,['Lozère'],['Occitanie'],COM,{48},{76}
0eadd739-279c-44d1-970a-87222ba63339,211202148,Commune de Saint-Chély-d'Aubrac (12),false,{12214},Commune,2026-03-24 14:41:53.63825+01,gold_establishments_2025,,,,21120214800014,2025,Collectivité Territoriale,Commune,['Aveyron'],['Occitanie'],COM,{12},{76}
b1978b06-bb07-4646-a234-8b7b698e1276,215104407,Commune de Saint-Chéron (51),false,{51475},Commune,2026-03-24 14:42:01.954481+01,gold_establishments_2025,,,,21510440700014,2025,Collectivité Territoriale,Commune,['Marne'],['Grand Est'],COM,{51},{44}
4f68c548-de83-42a1-a4f1-a0e0ec9b0ca3,219105400,Commune de Saint-Chéron (91),false,{91540},Commune,2026-03-24 14:42:11.659493+01,gold_establishments_2025,,,,21910540000010,2025,Collectivité Territoriale,Commune,['Essonne'],['Île-de-France'],COM,{91},{11}
274f73dc-91cc-4d4e-8211-ff6b130c5b19,213303860,Commune de Saint-Cibard (33),false,{33386},Commune,2026-03-24 14:41:58.620411+01,gold_establishments_2025,,,,21330386000018,2025,Collectivité Territoriale,Commune,['Gironde'],['Nouvelle-Aquitaine'],COM,{33},{75}
c67d4302-fd03-4f43-84fb-f4ffd4404ce2,210702213,Commune de Saint-Cierge-la-Serre (07),false,{07221},Commune,2026-03-24 14:41:52.562531+01,gold_establishments_2025,,,,21070221300013,2025,Collectivité Territoriale,Commune,['Ardèche'],['Auvergne-Rhône-Alpes'],COM,{07},{84}
ff4a2e6c-0e26-4518-90ea-7661c8ecd548,210702221,Commune de Saint-Cierge-sous-le-Cheylard (07),false,{07222},Commune,2026-03-24 14:41:52.562531+01,gold_establishments_2025,,,,21070222100016,2025,Collectivité Territoriale,Commune,['Ardèche'],['Auvergne-Rhône-Alpes'],COM,{07},{84}
498b068f-2667-483a-a647-958602401f5d,215203225,Commune de Saint-Ciergues (52),false,{52447},Commune,2026-03-24 14:42:01.954481+01,gold_establishments_2025,,,,21520322500010,2025,Collectivité Territoriale,Commune,['Haute-Marne'],['Grand Est'],COM,{52},{44}
039869ba-9ce9-427f-97d2-2200343b8fcb,211703160,Commune de Saint-Ciers-Champagne (17),false,{17316},Commune,2026-03-24 14:41:54.903238+01,gold_establishments_2025,,,,21170316000013,2025,Collectivité Territoriale,Commune,['Charente-Maritime'],['Nouvelle-Aquitaine'],COM,{17},{75}
b8b45aea-9f8c-49df-8d70-06634864af29,213303878,Commune de Saint-Ciers-d'Abzac (33),false,{33387},Commune,2026-03-24 14:41:58.620411+01,gold_establishments_2025,,,,21330387800010,2025,Collectivité Territoriale,Commune,['Gironde'],['Nouvelle-Aquitaine'],COM,{33},{75}
6d522c90-e25a-4766-9749-71b35a4fed56,213303886,Commune de Saint-Ciers-de-Canesse (33),false,{33388},Commune,2026-03-24 14:41:58.620411+01,gold_establishments_2025,,,,21330388600013,2025,Collectivité Territoriale,Commune,['Gironde'],['Nouvelle-Aquitaine'],COM,{33},{75}
975e4b2f-b54c-4c00-a504-35d1c7873ee3,211703178,Commune de Saint-Ciers-du-Taillon (17),false,{17317},Commune,2026-03-24 14:41:54.903238+01,gold_establishments_2025,,,,21170317800015,2025,Collectivité Territoriale,Commune,['Charente-Maritime'],['Nouvelle-Aquitaine'],COM,{17},{75}
ffd69dff-97b4-4cb3-8ca1-30dc245760f5,211603071,Commune de Saint-Ciers-sur-Bonnieure (16),false,{16307},Commune,2026-03-24 14:41:54.362296+01,gold_establishments_2025,,,,21160307100013,2025,Collectivité Territoriale,Commune,['Charente'],['Nouvelle-Aquitaine'],COM,{16},{75}
ba94e0aa-1202-44fa-a64b-13e0daae93ae,213303894,Commune de Saint-Ciers-sur-Gironde (33),false,{33389},Commune,2026-03-24 14:41:58.620411+01,gold_establishments_2025,,,,21330389400017,2025,Collectivité Territoriale,Commune,['Gironde'],['Nouvelle-Aquitaine'],COM,{33},{75}
fae3608f-9e61-4e00-9f4c-730c3e16f3fb,218102473,Commune de Saint-Cirgue (81),false,{81247},Commune,2026-03-24 14:42:09.967209+01,gold_establishments_2025,,,,21810247300012,2025,Collectivité Territoriale,Commune,['Tarn'],['Occitanie'],COM,{81},{76}
587a4273-f997-43cd-9641-e7619c222ea3,214301756,Commune de Saint-Cirgues (43),false,{43175},Commune,2026-03-24 14:42:00.273698+01,gold_establishments_2025,,,,21430175600018,2025,Collectivité Territoriale,Commune,['Haute-Loire'],['Auvergne-Rhône-Alpes'],COM,{43},{84}
6cca4ece-bc43-4019-81f2-ec2728626063,214602559,Commune de Saint-Cirgues (46),false,{46255},Commune,2026-03-24 14:42:00.862623+01,gold_establishments_2025,,,,21460255900012,2025,Collectivité Territoriale,Commune,['Lot'],['Occitanie'],COM,{46},{76}
2fa44db2-a52c-443f-803f-5e3702cc0251,211501788,Commune de Saint-Cirgues-de-Jordanne (15),false,{15178},Commune,2026-03-24 14:41:54.362296+01,gold_establishments_2025,,,,21150178800015,2025,Collectivité Territoriale,Commune,['Cantal'],['Auvergne-Rhône-Alpes'],COM,{15},{84}
c0935e31-389d-48c4-8ca9-55d6c2387fff,211501796,Commune de Saint-Cirgues-de-Malbert (15),false,{15179},Commune,2026-03-24 14:41:54.362296+01,gold_establishments_2025,,,,21150179600018,2025,Collectivité Territoriale,Commune,['Cantal'],['Auvergne-Rhône-Alpes'],COM,{15},{84}
765421c9-2f36-4cab-9f4a-21144fc1d784,210702239,Commune de Saint-Cirgues-de-Prades (07),false,{07223},Commune,2026-03-24 14:41:52.562531+01,gold_establishments_2025,,,,21070223900018,2025,Collectivité Territoriale,Commune,['Ardèche'],['Auvergne-Rhône-Alpes'],COM,{07},{84}
4537751a-6883-4bc4-a7b7-479d2120ee5e,210702247,Commune de Saint-Cirgues-en-Montagne (07),false,{07224},Commune,2026-03-24 14:41:52.562531+01,gold_establishments_2025,,,,21070224700011,2025,Collectivité Territoriale,Commune,['Ardèche'],['Auvergne-Rhône-Alpes'],COM,{07},{84}
f0e083db-52cd-4aef-bb1b-243242aacb0a,211919303,Commune de Saint-Cirgues-la-Loutre (19),false,{19193},Commune,2026-03-24 14:41:54.903238+01,gold_establishments_2025,,,,21191930300019,2025,Collectivité Territoriale,Commune,['Corrèze'],['Nouvelle-Aquitaine'],COM,{19},{75}
45d16f54-1e3e-4485-8717-2ce6be113b0e,216303305,Commune de Saint-Cirgues-sur-Couze (nan),false,{63330},Commune,2026-03-24 14:42:06.130387+01,gold_establishments_2025,,,,21630330500017,2025,Collectivité Territoriale,Commune,[''],[''],COM,,
a201f557-1a7b-4660-ba8d-8301759fdb29,218201580,Commune de Saint-Cirice (82),false,{82158},Commune,2026-03-24 14:42:10.508772+01,gold_establishments_2025,,,,21820158000014,2025,Collectivité Territoriale,Commune,['Tarn-et-Garonne'],['Occitanie'],COM,{82},{76}
2cefa1da-f993-443a-b22a-0ab7e196f181,218201598,Commune de Saint-Cirq (82),false,{82159},Commune,2026-03-24 14:42:10.508772+01,gold_establishments_2025,,,,21820159800016,2025,Collectivité Territoriale,Commune,['Tarn-et-Garonne'],['Occitanie'],COM,{82},{76}
2e403534-aa8e-464b-9bcc-5aa318e2413f,214602567,Commune de Saint-Cirq-Lapopie (46),false,{46256},Commune,2026-03-24 14:42:00.862623+01,gold_establishments_2025,,,,21460256700015,2025,Collectivité Territoriale,Commune,['Lot'],['Occitanie'],COM,{46},{76}
f89dc5a6-c00a-4c43-9471-a91e61216072,214602575,Commune de Saint-Cirq-Madelon (46),false,{46257},Commune,2026-03-24 14:42:00.862623+01,gold_establishments_2025,,,,21460257500018,2025,Collectivité Territoriale,Commune,['Lot'],['Occitanie'],COM,{46},{76}
33f08976-fdb1-40a2-abd9-e6786ee8c925,214602583,Commune de Saint-Cirq-Souillaguet (46),false,{46258},Commune,2026-03-24 14:42:00.862623+01,gold_establishments_2025,,,,21460258300012,2025,Collectivité Territoriale,Commune,['Lot'],['Occitanie'],COM,{46},{76}
2f931c52-65af-4ea3-b07e-8f0e3c7e7311,213601875,Commune de Saint-Civran (36),false,{36187},Commune,2026-03-24 14:41:59.160244+01,gold_establishments_2025,,,,21360187500015,2025,Collectivité Territoriale,Commune,['Indre'],['Centre-Val de Loire'],COM,{36},{24}
b3d3abc0-360a-4e90-b2d6-47cc95d1b112,210702254,Commune de Saint-Clair (07),false,{07225},Commune,2026-03-24 14:41:52.562531+01,gold_establishments_2025,,,,21070225400017,2025,Collectivité Territoriale,Commune,['Ardèche'],['Auvergne-Rhône-Alpes'],COM,{07},{84}
46a1630b-99e9-4221-a881-37d9d10c38d4,214602591,Commune de Saint-Clair (46),false,{46259},Commune,2026-03-24 14:42:00.862623+01,gold_establishments_2025,,,,21460259100015,2025,Collectivité Territoriale,Commune,['Lot'],['Occitanie'],COM,{46},{76}
bd17392f-b588-474a-864f-1685b6f9b2ef,218201606,Commune de Saint-Clair (82),false,{82160},Commune,2026-03-24 14:42:10.508772+01,gold_establishments_2025,,,,21820160600017,2025,Collectivité Territoriale,Commune,['Tarn-et-Garonne'],['Occitanie'],COM,{82},{76}
a9b14e86-edd7-41d4-aa29-59684c91b72a,218602183,Commune de Saint-Clair (86),false,{86218},Commune,2026-03-24 14:42:10.508772+01,gold_establishments_2025,,,,21860218300012,2025,Collectivité Territoriale,Commune,['Vienne'],['Nouvelle-Aquitaine'],COM,{86},{75}
7bcbc759-2bba-499c-a7a4-22fbe14edd03,216103762,Commune de Saint-Clair-de-Halouze (61),false,{61376},Commune,2026-03-24 14:42:05.597325+01,gold_establishments_2025,,,,21610376200011,2025,Collectivité Territoriale,Commune,['Orne'],['Normandie'],COM,{61},{28}
c9489c81-0922-48b5-8310-fa133f19d8fa,213803778,Commune de Saint-Clair-de-la-Tour (38),false,{38377},Commune,2026-03-24 14:41:59.160244+01,gold_establishments_2025,,,,21380377800017,2025,Collectivité Territoriale,Commune,['Isère'],['Auvergne-Rhône-Alpes'],COM,{38},{84}
3c0bd85c-4ac5-45c2-8202-f2afc5a44afb,213803786,Commune de Saint-Clair-du-Rhône (38),false,{38378},Commune,2026-03-24 14:41:59.160244+01,gold_establishments_2025,,,,21380378600010,2025,Collectivité Territoriale,Commune,['Isère'],['Auvergne-Rhône-Alpes'],COM,{38},{84}
2c8674e2-d3a9-416d-a670-24227077f011,219505419,Commune de Saint-Clair-sur-Epte (95),false,{95541},Commune,2026-03-24 14:42:11.659493+01,gold_establishments_2025,,,,21950541900016,2025,Collectivité Territoriale,Commune,"[""Val-d'Oise""]",['Île-de-France'],COM,{95},{11}
82dfa664-fe39-414f-b0d3-1d7d5b4f5eae,213803794,Commune de Saint-Clair-sur-Galaure (38),false,{38379},Commune,2026-03-24 14:41:59.160244+01,gold_establishments_2025,,,,21380379400014,2025,Collectivité Territoriale,Commune,['Isère'],['Auvergne-Rhône-Alpes'],COM,{38},{84}
a2ca666d-2f2f-44d3-bfb6-4e72ac55ff49,215004557,Commune de Saint-Clair-sur-l'Elle (50),false,{50455},Commune,2026-03-24 14:42:01.412377+01,gold_establishments_2025,,,,21500455700017,2025,Collectivité Territoriale,Commune,['Manche'],['Normandie'],COM,{50},{28}
1adb7cb6-156a-4ca3-bcad-805a516f930e,217605682,Commune de Saint-Clair-sur-les-Monts (76),false,{76568},Commune,2026-03-24 14:42:08.818969+01,gold_establishments_2025,,,,21760568200012,2025,Collectivité Territoriale,Commune,['Seine-Maritime'],['Normandie'],COM,{76},{28}
1f7722f0-5deb-4900-a0f1-e8ebacda969f,213203706,Commune de Saint-Clar (32),false,{32370},Commune,2026-03-24 14:41:58.09424+01,gold_establishments_2025,,,,21320370600014,2025,Collectivité Territoriale,Commune,['Gers'],['Occitanie'],COM,{32},{76}
ee86f74b-0f4d-491a-b11f-81c9c600cc98,213104755,Commune de Saint-Clar-de-Rivière (31),false,{31475},Commune,2026-03-24 14:41:58.09424+01,gold_establishments_2025,,,,21310475500011,2025,Collectivité Territoriale,Commune,['Haute-Garonne'],['Occitanie'],COM,{31},{76}
f9ae772e-0346-43c2-bb94-370cdf57a09d,211603089,Commune de Saint-Claud (16),false,{16308},Commune,2026-03-24 14:41:54.362296+01,gold_establishments_2025,,,,21160308900015,2025,Collectivité Territoriale,Commune,['Charente'],['Nouvelle-Aquitaine'],COM,{16},{75}
0ec0ba26-5890-4889-91f6-afc62897249e,213904782,Commune de Saint-Claude (39),false,{39478},Commune,2026-03-24 14:41:59.705606+01,gold_establishments_2025,,,,21390478200017,2025,Collectivité Territoriale,Commune,['Jura'],['Bourgogne-Franche-Comté'],COM,{39},{27}
97e309ca-1e17-427a-b0c2-b7671743a7b1,219711249,Commune de Saint-Claude (971),false,{97124},Commune,2026-03-24 14:42:11.659493+01,gold_establishments_2025,,,,21971124900017,2025,Collectivité Territoriale,Commune,['Guadeloupe'],['Guadeloupe'],COM,{971},{01}
f7019d42-b781-4a84-80d9-268cc9aedd84,214102048,Commune de Saint-Claude-de-Diray (41),false,{41204},Commune,2026-03-24 14:42:00.273698+01,gold_establishments_2025,,,,21410204800011,2025,Collectivité Territoriale,Commune,['Loir-et-Cher'],['Centre-Val de Loire'],COM,{41},{24}
190c04c9-8968-4f73-8989-85d32ada952b,212202832,Commune de Saint-Clet (22),false,{22283},Commune,2026-03-24 14:41:55.958138+01,gold_establishments_2025,,,,21220283200011,2025,Collectivité Territoriale,Commune,"[""Côtes-d'Armor""]",['Bretagne'],COM,{22},{53}
baae23c2-a6f1-421e-9692-b79d306323d3,219200649,Commune de Saint-Cloud (92),false,{92064},Commune,2026-03-24 14:42:11.659493+01,gold_establishments_2025,,,,21920064900016,2025,Collectivité Territoriale,Commune,['Hauts-de-Seine'],['Île-de-France'],COM,{92},{11}
f538167a-ad40-4900-b7c2-509e42666751,210206496,Commune de Saint-Clément (02),false,{02674},Commune,2026-03-24 14:41:52.020251+01,gold_establishments_2025,,,,21020649600015,2025,Collectivité Territoriale,Commune,['Aisne'],['Hauts-de-France'],COM,{02},{32}
7e23f464-4501-4a94-b6b1-e0da88d5713c,210302246,Commune de Saint-Clément (03),false,{03224},Commune,2026-03-24 14:41:52.020251+01,gold_establishments_2025,,,,21030224600017,2025,Collectivité Territoriale,Commune,['Allier'],['Auvergne-Rhône-Alpes'],COM,{03},{84}
d8f9b8d1-8927-42e9-b80f-83c2e446387b,210702262,Commune de Saint-Clément (07),false,{07226},Commune,2026-03-24 14:41:52.562531+01,gold_establishments_2025,,,,21070226200010,2025,Collectivité Territoriale,Commune,['Ardèche'],['Auvergne-Rhône-Alpes'],COM,{07},{84}
1a5ce30a-c827-46a8-a5a0-3333f7e3a5b0,211501804,Commune de Saint-Clément (15),false,{15180},Commune,2026-03-24 14:41:54.362296+01,gold_establishments_2025,,,,21150180400010,2025,Collectivité Territoriale,Commune,['Cantal'],['Auvergne-Rhône-Alpes'],COM,{15},{84}
8c802093-9e06-4990-94b8-52b24e4b2040,211919402,Commune de Saint-Clément (19),false,{19194},Commune,2026-03-24 14:41:54.903238+01,gold_establishments_2025,,,,21191940200019,2025,Collectivité Territoriale,Commune,['Corrèze'],['Nouvelle-Aquitaine'],COM,{19},{75}
3a2e9635-6c08-4bd0-912e-69d48b0db81a,213002447,Commune de Saint-Clément (30),false,{30244},Commune,2026-03-24 14:41:57.56054+01,gold_establishments_2025,,,,21300244700018,2025,Collectivité Territoriale,Commune,['Gard'],['Occitanie'],COM,{30},{76}
383d1939-696f-41af-bb89-2795990b6995,215404724,Commune de Saint-Clément (54),false,{54472},Commune,2026-03-24 14:42:02.957225+01,gold_establishments_2025,,,,21540472400019,2025,Collectivité Territoriale,Commune,['Meurthe-et-Moselle'],['Grand Est'],COM,{54},{44}
2f8ce273-8558-44ce-8366-e38b91a18435,218903383,Commune de Saint-Clément (89),false,{89338},Commune,2026-03-24 14:42:11.659493+01,gold_establishments_2025,,,,21890338300014,2025,Collectivité Territoriale,Commune,['Yonne'],['Bourgogne-Franche-Comté'],COM,{89},{27}
8579444c-793a-4fea-8f75-6a0e8561304d,215004565,Commune de Saint-Clément-Rancoudray (50),false,{50456},Commune,2026-03-24 14:42:01.412377+01,gold_establishments_2025,,,,21500456500010,2025,Collectivité Territoriale,Commune,['Manche'],['Normandie'],COM,{50},{28}
6236223b-4d73-4029-bb02-36dfc6d03d96,213402472,Commune de Saint-Clément-de-Rivière (34),false,{34247},Commune,2026-03-24 14:41:58.620411+01,gold_establishments_2025,,,,21340247200012,2025,Collectivité Territoriale,Commune,['Hérault'],['Occitanie'],COM,{34},{76}
a4a66ac5-8bff-4a2e-8b74-844418b19e07,216303321,Commune de Saint-Clément-de-Régnat (63),false,{63332},Commune,2026-03-24 14:42:06.130387+01,gold_establishments_2025,,,,21630332100014,2025,Collectivité Territoriale,Commune,['Puy-de-Dôme'],['Auvergne-Rhône-Alpes'],COM,{63},{84}
caf46a77-1ae6-49b1-8d6d-c9ebdd0da9f4,216303313,Commune de Saint-Clément-de-Valorgue (63),false,{63331},Commune,2026-03-24 14:42:06.130387+01,gold_establishments_2025,,,,21630331300011,2025,Collectivité Territoriale,Commune,['Puy-de-Dôme'],['Auvergne-Rhône-Alpes'],COM,{63},{84}
adc8edb1-fabf-4fb4-ad49-4bb79eb97dab,216901868,Commune de Saint-Clément-de-Vers (69),false,{69186},Commune,2026-03-24 14:42:07.195692+01,gold_establishments_2025,,,,21690186800010,2025,Collectivité Territoriale,Commune,['Rhône'],['Auvergne-Rhône-Alpes'],COM,{69},{84}
ba76b78c-453a-4368-a7cd-fa485e8c27ae,214902710,Commune de Saint-Clément-de-la-Place (49),false,{49271},Commune,2026-03-24 14:42:01.412377+01,gold_establishments_2025,,,,21490271000018,2025,Collectivité Territoriale,Commune,['Maine-et-Loire'],['Pays de la Loire'],COM,{49},{52}
f26c385c-c8a4-4361-b7fa-99f1e3b8c0a2,211703186,Commune de Saint-Clément-des-Baleines (17),false,{17318},Commune,2026-03-24 14:41:54.903238+01,gold_establishments_2025,,,,21170318600018,2025,Collectivité Territoriale,Commune,['Charente-Maritime'],['Nouvelle-Aquitaine'],COM,{17},{75}
58fd717a-e30a-4d7b-8e24-48e98b11fea5,214902728,Commune de Saint-Clément-des-Levées (49),false,{49272},Commune,2026-03-24 14:42:01.412377+01,gold_establishments_2025,,,,21490272800010,2025,Collectivité Territoriale,Commune,['Maine-et-Loire'],['Pays de la Loire'],COM,{49},{52}
99ffd2fa-7fb7-43c1-b337-1a7630e64b14,216901876,Commune de Saint-Clément-les-Places (69),false,{69187},Commune,2026-03-24 14:42:07.195692+01,gold_establishments_2025,,,,21690187600013,2025,Collectivité Territoriale,Commune,['Rhône'],['Auvergne-Rhône-Alpes'],COM,{69},{84}
7cbf131f-ad6e-4511-b6a5-8cd16d88e8f3,210501342,Commune de Saint-Clément-sur-Durance (05),false,{05134},Commune,2026-03-24 14:41:52.562531+01,gold_establishments_2025,,,,21050134200013,2025,Collectivité Territoriale,Commune,['Hautes-Alpes'],"[""Provence-Alpes-Côte d'Azur""]",COM,{05},{93}
a4a82324-3949-43d4-9057-13e8c9aa0dcf,217104009,Commune de Saint-Clément-sur-Guye (71),false,{71400},Commune,2026-03-24 14:42:08.279287+01,gold_establishments_2025,,,,21710400900014,2025,Collectivité Territoriale,Commune,['Saône-et-Loire'],['Bourgogne-Franche-Comté'],COM,{71},{27}
fe3fbac3-7fb9-428a-87c1-3a7df79dfd5b,216901884,Commune de Saint-Clément-sur-Valsonne (69),false,{69188},Commune,2026-03-24 14:42:07.195692+01,gold_establishments_2025,,,,21690188400017,2025,Collectivité Territoriale,Commune,['Rhône'],['Auvergne-Rhône-Alpes'],COM,{69},{84}
f564a1cd-e18a-4a9b-8c96-54c2538d209a,210803417,Commune de Saint-Clément-à-Arnes (08),false,{08378},Commune,2026-03-24 14:41:53.095366+01,gold_establishments_2025,,,,21080341700018,2025,Collectivité Territoriale,Commune,['Ardennes'],['Grand Est'],COM,{08},{44}
f11e1955-9ee0-4263-a7a7-ee562fc04710,214702359,Commune de Saint-Colomb-de-Lauzun (47),false,{47235},Commune,2026-03-24 14:42:00.862623+01,gold_establishments_2025,,,,21470235900016,2025,Collectivité Territoriale,Commune,['Lot-et-Garonne'],['Nouvelle-Aquitaine'],COM,{47},{75}
a2da17b9-cc88-4795-b480-d4855af31f8a,214401556,Commune de Saint-Colomban (44),false,{44155},Commune,2026-03-24 14:42:00.273698+01,gold_establishments_2025,,,,21440155600011,2025,Collectivité Territoriale,Commune,['Loire-Atlantique'],['Pays de la Loire'],COM,{44},{52}
ff139d3e-d5dc-4450-9bc5-37bd90990a48,217302306,Commune de Saint-Colomban-des-Villards (73),false,{73230},Commune,2026-03-24 14:42:08.279287+01,gold_establishments_2025,,,,21730230600014,2025,Collectivité Territoriale,Commune,['Savoie'],['Auvergne-Rhône-Alpes'],COM,{73},{84}
d87bf5f8-e97f-47be-9a76-c20d3ef42bfc,215602111,Commune de Saint-Congard (56),false,{56211},Commune,2026-03-24 14:42:03.701372+01,gold_establishments_2025,,,,21560211100019,2025,Collectivité Territoriale,Commune,['Morbihan'],['Bretagne'],COM,{56},{53}
b0bbea71-5166-48b1-bf59-ce899c5ce9e3,212202840,Commune de Saint-Connan (22),false,{22284},Commune,2026-03-24 14:41:55.958138+01,gold_establishments_2025,,,,21220284000014,2025,Collectivité Territoriale,Commune,"[""Côtes-d'Armor""]",['Bretagne'],COM,{22},{53}
7cc37ea3-85ee-4426-85e5-011547fa809d,212202857,Commune de Saint-Connec (22),false,{22285},Commune,2026-03-24 14:41:55.958138+01,gold_establishments_2025,,,,21220285700018,2025,Collectivité Territoriale,Commune,"[""Côtes-d'Armor""]",['Bretagne'],COM,{22},{53}
6c40d85d-a73e-4555-98d2-3e786278f09b,200057503,Commune de Saint-Constant-Fournoulès (15),false,{15181},Commune,2026-03-24 14:41:54.362296+01,gold_establishments_2025,,,,20005750300019,2025,Collectivité Territoriale,Commune,['Cantal'],['Auvergne-Rhône-Alpes'],COM,{15},{84}
b5a05167-97b9-4b04-a0de-3bfd8ff5d31a,211405667,Commune de Saint-Contest (14),false,{14566},Commune,2026-03-24 14:41:54.362296+01,gold_establishments_2025,,,,21140566700018,2025,Collectivité Territoriale,Commune,['Calvados'],['Normandie'],COM,{14},{28}
68b328d2-fefa-4e9f-8e66-7486b6c3c00a,217202753,Commune de Saint-Corneille (72),false,{72275},Commune,2026-03-24 14:42:08.279287+01,gold_establishments_2025,,,,21720275300018,2025,Collectivité Territoriale,Commune,['Sarthe'],['Pays de la Loire'],COM,{72},{52}
07d6d054-25d1-4b3c-9db0-e56233f0bb37,216802934,Commune de Saint-Cosme (68),false,{68293},Commune,2026-03-24 14:42:07.195692+01,gold_establishments_2025,,,,21680293400010,2025,Collectivité Territoriale,Commune,['Haut-Rhin'],['Grand Est'],COM,{68},{44}
64ca5c18-9de1-49a9-809e-79a611fdb379,217202761,Commune de Saint-Cosme-en-Vairais (72),false,{72276},Commune,2026-03-24 14:42:08.279287+01,gold_establishments_2025,,,,21720276100011,2025,Collectivité Territoriale,Commune,['Sarthe'],['Pays de la Loire'],COM,{72},{52}
cc454ae6-689f-4812-af0b-1e5fa12adbab,211103379,Commune de Saint-Couat-d'Aude (11),false,{11337},Commune,2026-03-24 14:41:53.63825+01,gold_establishments_2025,,,,21110337900015,2025,Collectivité Territoriale,Commune,['Aude'],['Occitanie'],COM,{11},{76}
a72c6d50-0fe8-4686-960e-478fc6832578,211103387,Commune de Saint-Couat-du-Razès (11),false,{11338},Commune,2026-03-24 14:41:53.63825+01,gold_establishments_2025,,,,21110338700018,2025,Collectivité Territoriale,Commune,['Aude'],['Occitanie'],COM,{11},{76}
88db5fe6-5bad-4958-adf9-34a7dd19ac82,212902431,Commune de Saint-Coulitz (29),false,{29243},Commune,2026-03-24 14:41:57.56054+01,gold_establishments_2025,,,,21290243100015,2025,Collectivité Territoriale,Commune,['Finistère'],['Bretagne'],COM,{29},{53}
f252a31a-159f-4f85-bd45-4f5d1bba7155,213502636,Commune de Saint-Coulomb (35),false,{35263},Commune,2026-03-24 14:41:59.160244+01,gold_establishments_2025,,,,21350263600011,2025,Collectivité Territoriale,Commune,['Ille-et-Vilaine'],['Bretagne'],COM,{35},{53}
179fabf4-0213-40f7-bcb0-449ba27ed3c5,211603105,Commune de Saint-Coutant (16),false,{16310},Commune,2026-03-24 14:41:54.362296+01,gold_establishments_2025,,,,21160310500019,2025,Collectivité Territoriale,Commune,['Charente'],['Nouvelle-Aquitaine'],COM,{16},{75}
347dff32-7771-4690-ab30-06f205bd2cf6,217902436,Commune de Saint-Coutant (79),false,{79243},Commune,2026-03-24 14:42:09.43682+01,gold_establishments_2025,,,,21790243600013,2025,Collectivité Territoriale,Commune,['Deux-Sèvres'],['Nouvelle-Aquitaine'],COM,{79},{75}
a9f1b7ca-462c-4b59-9df1-81ffffc98529,211703202,Commune de Saint-Coutant-le-Grand (17),false,{17320},Commune,2026-03-24 14:41:54.903238+01,gold_establishments_2025,,,,21170320200013,2025,Collectivité Territoriale,Commune,['Charente-Maritime'],['Nouvelle-Aquitaine'],COM,{17},{75}
2d96ee73-308e-4e20-8717-a29e781596e5,217605708,Commune de Saint-Crespin (76),false,{76570},Commune,2026-03-24 14:42:08.818969+01,gold_establishments_2025,,,,21760570800015,2025,Collectivité Territoriale,Commune,['Seine-Maritime'],['Normandie'],COM,{76},{28}
1c91c513-9f79-476d-83cc-ee53fcc3b5b6,213203722,Commune de Saint-Cricq (32),false,{32372},Commune,2026-03-24 14:41:58.09424+01,gold_establishments_2025,,,,21320372200011,2025,Collectivité Territoriale,Commune,['Gers'],['Occitanie'],COM,{32},{76}
f3bfbab3-76d7-4bf6-8c53-907499777555,214002537,Commune de Saint-Cricq-Chalosse (40),false,{40253},Commune,2026-03-24 14:41:59.705606+01,gold_establishments_2025,,,,21400253700014,2025,Collectivité Territoriale,Commune,['Landes'],['Nouvelle-Aquitaine'],COM,{40},{75}
3c510f1e-864c-4320-96ee-edb7a66b350d,214002552,Commune de Saint-Cricq-Villeneuve (40),false,{40255},Commune,2026-03-24 14:41:59.705606+01,gold_establishments_2025,,,,21400255200013,2025,Collectivité Territoriale,Commune,['Landes'],['Nouvelle-Aquitaine'],COM,{40},{75}
2b2f7b60-d0a7-407c-8a8a-2a5a4e8ea8e3,214002545,Commune de Saint-Cricq-du-Gave (40),false,{40254},Commune,2026-03-24 14:41:59.705606+01,gold_establishments_2025,,,,21400254500017,2025,Collectivité Territoriale,Commune,['Landes'],['Nouvelle-Aquitaine'],COM,{40},{75}
839a6b04-3c29-423f-a36d-154c142c5d11,213203714,Commune de Saint-Créac (32),false,{32371},Commune,2026-03-24 14:41:58.09424+01,gold_establishments_2025,,,,21320371400018,2025,Collectivité Territoriale,Commune,['Gers'],['Occitanie'],COM,{32},{76}
f1c979ba-6961-43ff-b500-f4f0b770e37c,216503862,Commune de Saint-Créac (65),false,{65386},Commune,2026-03-24 14:42:06.665412+01,gold_establishments_2025,,,,21650386200015,2025,Collectivité Territoriale,Commune,['Hautes-Pyrénées'],['Occitanie'],COM,{65},{76}
58f904b4-cdb1-476c-9885-612d17bbd730,210501367,Commune de Saint-Crépin (05),false,{05136},Commune,2026-03-24 14:41:52.562531+01,gold_establishments_2025,,,,21050136700010,2025,Collectivité Territoriale,Commune,['Hautes-Alpes'],"[""Provence-Alpes-Côte d'Azur""]",COM,{05},{93}
2867d5a4-4998-42b0-9877-5aa0d75b28b6,211703210,Commune de Saint-Crépin (17),false,{17321},Commune,2026-03-24 14:41:54.903238+01,gold_establishments_2025,,,,21170321000016,2025,Collectivité Territoriale,Commune,['Charente-Maritime'],['Nouvelle-Aquitaine'],COM,{17},{75}
50e90fe0-cdea-4c68-b368-20051f8ea93c,200049377,Commune de Saint-Crépin-Ibouvillers (60),false,{60570},Commune,2026-03-24 14:42:04.814328+01,gold_establishments_2025,,,,20004937700019,2025,Collectivité Territoriale,Commune,['Oise'],['Hauts-de-France'],COM,{60},{32}
c2579b05-8b1f-4f42-82c1-8034c16c10a8,216005637,Commune de Saint-Crépin-aux-Bois (60),false,{60569},Commune,2026-03-24 14:42:04.814328+01,gold_establishments_2025,,,,21600563700014,2025,Collectivité Territoriale,Commune,['Oise'],['Hauts-de-France'],COM,{60},{32}
795b495d-d179-4ab5-8fc6-fdd172da8d26,212403901,Commune de Saint-Crépin-d'Auberoche (24),false,{24390},Commune,2026-03-24 14:41:55.958138+01,gold_establishments_2025,,,,21240390100011,2025,Collectivité Territoriale,Commune,['Dordogne'],['Nouvelle-Aquitaine'],COM,{24},{75}
7d0a88d2-447b-4a77-9cbd-7c18a7e02c00,212403927,Commune de Saint-Crépin-et-Carlucet (24),false,{24392},Commune,2026-03-24 14:41:55.958138+01,gold_establishments_2025,,,,21240392700016,2025,Collectivité Territoriale,Commune,['Dordogne'],['Nouvelle-Aquitaine'],COM,{24},{75}
9b62cdc6-a794-4c71-97c0-a1a974def250,211603121,Commune de Saint-Cybardeaux (16),false,{16312},Commune,2026-03-24 14:41:54.362296+01,gold_establishments_2025,,,,21160312100016,2025,Collectivité Territoriale,Commune,['Charente'],['Nouvelle-Aquitaine'],COM,{16},{75}
ce5d0c63-70d1-4b3b-bf21-135487c90fa8,212403950,Commune de Saint-Cybranet (24),false,{24395},Commune,2026-03-24 14:41:55.958138+01,gold_establishments_2025,,,,21240395000018,2025,Collectivité Territoriale,Commune,['Dordogne'],['Nouvelle-Aquitaine'],COM,{24},{75}
948f250c-fd4f-47c0-8e83-d53cdf03201e,211919501,Commune de Saint-Cyprien (19),false,{19195},Commune,2026-03-24 14:41:54.903238+01,gold_establishments_2025,,,,21191950100018,2025,Collectivité Territoriale,Commune,['Corrèze'],['Nouvelle-Aquitaine'],COM,{19},{75}
947f900d-434a-4cdc-bd5a-2679a1feb793,212403968,Commune de Saint-Cyprien (24),false,{24396},Commune,2026-03-24 14:41:55.958138+01,gold_establishments_2025,,,,21240396800010,2025,Collectivité Territoriale,Commune,['Dordogne'],['Nouvelle-Aquitaine'],COM,{24},{75}
bb313252-5b21-4744-ab41-df754b8ad1c0,214202111,Commune de Saint-Cyprien (42),false,{42211},Commune,2026-03-24 14:42:00.273698+01,gold_establishments_2025,,,,21420211100016,2025,Collectivité Territoriale,Commune,['Loire'],['Auvergne-Rhône-Alpes'],COM,{42},{84}
5eacc20a-d480-428e-a802-55b7fb2fd150,216601716,Commune de Saint-Cyprien (66),false,{66171},Commune,2026-03-24 14:42:06.665412+01,gold_establishments_2025,,,,21660171600014,2025,Collectivité Territoriale,Commune,['Pyrénées-Orientales'],['Occitanie'],COM,{66},{76}
a835e085-7012-45d6-9bbb-116b8494e21f,210702270,Commune de Saint-Cyr (07),false,{07227},Commune,2026-03-24 14:41:52.562531+01,gold_establishments_2025,,,,21070227000013,2025,Collectivité Territoriale,Commune,['Ardèche'],['Auvergne-Rhône-Alpes'],COM,{07},{84}
557d313a-d668-44d9-9f47-095b16762f80,215004615,Commune de Saint-Cyr (50),false,{50461},Commune,2026-03-24 14:42:01.412377+01,gold_establishments_2025,,,,21500461500013,2025,Collectivité Territoriale,Commune,['Manche'],['Normandie'],COM,{50},{28}
d006ab9c-0236-4c0f-83b1-898b24f3117e,217104025,Commune de Saint-Cyr (71),false,{71402},Commune,2026-03-24 14:42:08.279287+01,gold_establishments_2025,,,,21710402500010,2025,Collectivité Territoriale,Commune,['Saône-et-Loire'],['Bourgogne-Franche-Comté'],COM,{71},{27}
5aa37dfb-29b6-4658-8c6c-0bf053f03303,218714103,Commune de Saint-Cyr (87),false,{87141},Commune,2026-03-24 14:42:11.118516+01,gold_establishments_2025,,,,21871410300015,2025,Collectivité Territoriale,Commune,['Haute-Vienne'],['Nouvelle-Aquitaine'],COM,{87},{75}
07e8d93f-fb01-4c44-9f48-b0598c80dc94,213904790,Commune de Saint-Cyr-Montmalin (39),false,{39479},Commune,2026-03-24 14:41:59.705606+01,gold_establishments_2025,,,,21390479000010,2025,Collectivité Territoriale,Commune,['Jura'],['Bourgogne-Franche-Comté'],COM,{39},{27}
0fa0ebb4-5a44-44b6-8038-3441d848519f,216901918,Commune de Saint-Cyr-au-Mont-d'Or (69),false,{69191},Commune,2026-03-24 14:42:07.195692+01,gold_establishments_2025,,,,21690191800013,2025,Collectivité Territoriale,Commune,['Rhône'],['Auvergne-Rhône-Alpes'],COM,{69},{84}
a12659c5-faa3-4cea-b4c4-4523bb736b49,214202129,Commune de Saint-Cyr-de-Favières (42),false,{42212},Commune,2026-03-24 14:42:00.273698+01,gold_establishments_2025,,,,21420212900018,2025,Collectivité Territoriale,Commune,['Loire'],['Auvergne-Rhône-Alpes'],COM,{42},{84}
e0a66c17-1b3d-47c3-ab66-e0027c2d0347,212705271,Commune de Saint-Cyr-de-Salerne (27),false,{27527},Commune,2026-03-24 14:41:57.028721+01,gold_establishments_2025,,,,21270527100014,2025,Collectivité Territoriale,Commune,['Eure'],['Normandie'],COM,{27},{28}
8b595cf2-22ae-4bcc-af8e-ecef172e9341,214202137,Commune de Saint-Cyr-de-Valorges (42),false,{42213},Commune,2026-03-24 14:42:00.273698+01,gold_establishments_2025,,,,21420213700011,2025,Collectivité Territoriale,Commune,['Loire'],['Auvergne-Rhône-Alpes'],COM,{42},{84}
14e22094-8112-4a3e-a4e0-30cae1d74067,218502052,Commune de Saint-Cyr-des-Gâts (85),false,{85205},Commune,2026-03-24 14:42:10.508772+01,gold_establishments_2025,,,,21850205200010,2025,Collectivité Territoriale,Commune,['Vendée'],['Pays de la Loire'],COM,{85},{52}
5a3dbf8c-c981-4c10-a690-59d358b4c9e0,215004623,Commune de Saint-Cyr-du-Bailleul (50),false,{50462},Commune,2026-03-24 14:42:01.412377+01,gold_establishments_2025,,,,21500462300017,2025,Collectivité Territoriale,Commune,['Manche'],['Normandie'],COM,{50},{28}
3a153dac-884f-4d02-9cee-8fc1c2e67a85,211703228,Commune de Saint-Cyr-du-Doret (17),false,{17322},Commune,2026-03-24 14:41:54.903238+01,gold_establishments_2025,,,,21170322800018,2025,Collectivité Territoriale,Commune,['Charente-Maritime'],['Nouvelle-Aquitaine'],COM,{17},{75}
72515600-69c4-48f0-b910-3f5d46004c04,214102055,Commune de Saint-Cyr-du-Gault (41),false,{41205},Commune,2026-03-24 14:42:00.273698+01,gold_establishments_2025,,,,21410205500016,2025,Collectivité Territoriale,Commune,['Loir-et-Cher'],['Centre-Val de Loire'],COM,{41},{24}
ebfea622-0a53-4f63-bfa9-26565fbeda47,219505435,Commune de Saint-Cyr-en-Arthies (95),false,{95543},Commune,2026-03-24 14:42:11.659493+01,gold_establishments_2025,,,,21950543500012,2025,Collectivité Territoriale,Commune,"[""Val-d'Oise""]",['Île-de-France'],COM,{95},{11}
f3c1652d-8f32-4740-b82d-2bf3879fb1e7,215302084,Commune de Saint-Cyr-en-Pail (53),false,{53208},Commune,2026-03-24 14:42:02.957225+01,gold_establishments_2025,,,,21530208400011,2025,Collectivité Territoriale,Commune,['Mayenne'],['Pays de la Loire'],COM,{53},{52}
659a9111-b562-496c-b76c-a7c81d719ac5,218502060,Commune de Saint-Cyr-en-Talmondais (85),false,{85206},Commune,2026-03-24 14:42:10.508772+01,gold_establishments_2025,,,,21850206000013,2025,Collectivité Territoriale,Commune,['Vendée'],['Pays de la Loire'],COM,{85},{52}
16cddb5a-379e-4a9e-913e-0dbe41b073c2,214502726,Commune de Saint-Cyr-en-Val (45),false,{45272},Commune,2026-03-24 14:42:00.862623+01,gold_establishments_2025,,,,21450272600018,2025,Collectivité Territoriale,Commune,['Loiret'],['Centre-Val de Loire'],COM,{45},{24}
b5806b12-7ba3-4059-b61b-76d8be26bb36,217805456,Commune de Saint-Cyr-l'École (78),false,{78545},Commune,2026-03-24 14:42:09.43682+01,gold_establishments_2025,,,,21780545600019,2025,Collectivité Territoriale,Commune,['Yvelines'],['Île-de-France'],COM,{78},{11}
2a210ea9-ec24-4d5b-b563-a4d7d53be1c1,212705297,Commune de Saint-Cyr-la-Campagne (27),false,{27529},Commune,2026-03-24 14:41:57.028721+01,gold_establishments_2025,,,,21270529700019,2025,Collectivité Territoriale,Commune,['Eure'],['Normandie'],COM,{27},{28}
8b3fccf4-5e79-49c8-9380-6687e16b6164,217902444,Commune de Saint-Cyr-la-Lande (79),false,{79244},Commune,2026-03-24 14:42:09.43682+01,gold_establishments_2025,,,,21790244400017,2025,Collectivité Territoriale,Commune,['Deux-Sèvres'],['Nouvelle-Aquitaine'],COM,{79},{75}
97bf8a84-4716-4881-9b6a-32e441d60823,219105442,Commune de Saint-Cyr-la-Rivière (91),false,{91544},Commune,2026-03-24 14:42:11.659493+01,gold_establishments_2025,,,,21910544200012,2025,Collectivité Territoriale,Commune,['Essonne'],['Île-de-France'],COM,{91},{11}
aa482855-561b-4be8-967f-e0e6db1f38f6,211919600,Commune de Saint-Cyr-la-Roche (19),false,{19196},Commune,2026-03-24 14:41:54.903238+01,gold_establishments_2025,,,,21191960000018,2025,Collectivité Territoriale,Commune,['Corrèze'],['Nouvelle-Aquitaine'],COM,{19},{75}
aafd9cdc-7953-4562-b684-b598794a6402,216103796,Commune de Saint-Cyr-la-Rosière (61),false,{61379},Commune,2026-03-24 14:42:05.597325+01,gold_establishments_2025,,,,21610379600019,2025,Collectivité Territoriale,Commune,['Orne'],['Normandie'],COM,{61},{28}
23035f7c-2b9a-4953-ac2b-b0bbcd73ad25,216901926,Commune de Saint-Cyr-le-Chatoux (69),false,{69192},Commune,2026-03-24 14:42:07.195692+01,gold_establishments_2025,,,,21690192600016,2025,Collectivité Territoriale,Commune,['Rhône'],['Auvergne-Rhône-Alpes'],COM,{69},{84}
c56cd253-64f1-49a3-81ea-d2ee90377367,215302092,Commune de Saint-Cyr-le-Gravelais (53),false,{53209},Commune,2026-03-24 14:42:02.957225+01,gold_establishments_2025,,,,21530209200014,2025,Collectivité Territoriale,Commune,['Mayenne'],['Pays de la Loire'],COM,{53},{52}
646b14ba-8b07-46f0-93f7-c121699cab89,212403976,Commune de Saint-Cyr-les-Champagnes (24),false,{24397},Commune,2026-03-24 14:41:55.958138+01,gold_establishments_2025,,,,21240397600013,2025,Collectivité Territoriale,Commune,['Dordogne'],['Nouvelle-Aquitaine'],COM,{24},{75}
84bb209e-e17f-4d25-a4dc-8c97fd0a6e47,218903417,Commune de Saint-Cyr-les-Colons (89),false,{89341},Commune,2026-03-24 14:42:11.659493+01,gold_establishments_2025,,,,21890341700010,2025,Collectivité Territoriale,Commune,['Yonne'],['Bourgogne-Franche-Comté'],COM,{89},{27}
58a173ec-f4ef-4e26-af02-bed982b440b1,214202145,Commune de Saint-Cyr-les-Vignes (42),false,{42214},Commune,2026-03-24 14:42:00.273698+01,gold_establishments_2025,,,,21420214500014,2025,Collectivité Territoriale,Commune,['Loire'],['Auvergne-Rhône-Alpes'],COM,{42},{84}
ac831ff4-de02-402d-8544-966668a7005f,219105467,Commune de Saint-Cyr-sous-Dourdan (91),false,{91546},Commune,2026-03-24 14:42:11.659493+01,gold_establishments_2025,,,,21910546700019,2025,Collectivité Territoriale,Commune,['Essonne'],['Île-de-France'],COM,{91},{11}
a599a2e8-7d4e-4055-ad19-4ec7b7aec417,213702145,Commune de Saint-Cyr-sur-Loire (37),false,{37214},Commune,2026-03-24 14:41:59.160244+01,gold_establishments_2025,,,,21370214500011,2025,Collectivité Territoriale,Commune,['Indre-et-Loire'],['Centre-Val de Loire'],COM,{37},{24}
51dc30d7-51bd-4490-9a4f-b5c79bc2ddcc,210103438,Commune de Saint-Cyr-sur-Menthon (01),false,{01343},Commune,2026-03-24 14:41:51.447482+01,gold_establishments_2025,,,,21010343800011,2025,Collectivité Territoriale,Commune,['Ain'],['Auvergne-Rhône-Alpes'],COM,{01},{84}
98903d36-0688-47ea-8158-75f7993f25c1,218301125,Commune de Saint-Cyr-sur-Mer (83),false,{83112},Commune,2026-03-24 14:42:10.508772+01,gold_establishments_2025,,,,21830112500017,2025,Collectivité Territoriale,Commune,['Var'],"[""Provence-Alpes-Côte d'Azur""]",COM,{83},{93}
2c7c59be-818d-45d1-acd3-08dfcd342685,217704055,Commune de Saint-Cyr-sur-Morin (77),false,{77405},Commune,2026-03-24 14:42:09.43682+01,gold_establishments_2025,,,,21770405500011,2025,Collectivité Territoriale,Commune,['Seine-et-Marne'],['Île-de-France'],COM,{77},{11}
d127ad07-bb52-4824-b860-efe5703c18ba,216901934,Commune de Saint-Cyr-sur-le-Rhône (69),false,{69193},Commune,2026-03-24 14:42:07.195692+01,gold_establishments_2025,,,,21690193400010,2025,Collectivité Territoriale,Commune,['Rhône'],['Auvergne-Rhône-Alpes'],COM,{69},{84}
96f149e1-3ca9-4139-aecc-a46bd77cd1a0,213601883,Commune de Saint-Cyran-du-Jambot (36),false,{36188},Commune,2026-03-24 14:41:59.160244+01,gold_establishments_2025,,,,21360188300019,2025,Collectivité Territoriale,Commune,['Indre'],['Centre-Val de Loire'],COM,{36},{24}
72de0183-5dad-4c02-9223-49ffd2160d12,217202712,Commune de Saint-Célerin (72),false,{72271},Commune,2026-03-24 14:42:08.279287+01,gold_establishments_2025,,,,21720271200048,2025,Collectivité Territoriale,Commune,['Sarthe'],['Pays de la Loire'],COM,{72},{52}
a1d0aff7-0962-4a5e-9441-ff7e2b55eecb,216103721,Commune de Saint-Céneri-le-Gérei (61),false,{61372},Commune,2026-03-24 14:42:05.597325+01,gold_establishments_2025,,,,21610372100017,2025,Collectivité Territoriale,Commune,['Orne'],['Normandie'],COM,{61},{28}
688fc9c4-aba4-4800-8b2a-9821ec51b87e,211802020,Commune de Saint-Céols (18),false,{18202},Commune,2026-03-24 14:41:54.903238+01,gold_establishments_2025,,,,21180202000019,2025,Collectivité Territoriale,Commune,['Cher'],['Centre-Val de Loire'],COM,{18},{24}
ba8d2bce-f71f-4b1c-8689-58b6abdce21b,214602518,Commune de Saint-Céré (46),false,{46251},Commune,2026-03-24 14:42:00.862623+01,gold_establishments_2025,,,,21460251800018,2025,Collectivité Territoriale,Commune,['Lot'],['Occitanie'],COM,{46},{76}
e21309ce-e99a-4977-a090-4fa70ac00eb5,211703145,Commune de Saint-Césaire (17),false,{17314},Commune,2026-03-24 14:41:54.903238+01,gold_establishments_2025,,,,21170314500014,2025,Collectivité Territoriale,Commune,['Charente-Maritime'],['Nouvelle-Aquitaine'],COM,{17},{75}
23a94e6a-8bf0-4978-87f4-721d89a2d12e,213002405,Commune de Saint-Césaire-de-Gauzignan (30),false,{30240},Commune,2026-03-24 14:41:57.56054+01,gold_establishments_2025,,,,21300240500016,2025,Collectivité Territoriale,Commune,['Gard'],['Occitanie'],COM,{30},{76}
bb8d5ca9-7e9c-4cee-94f7-6531fd5797e2,210601183,Commune de Saint-Cézaire-sur-Siagne (06),false,{06118},Commune,2026-03-24 14:41:52.562531+01,gold_establishments_2025,,,,21060118300010,2025,Collectivité Territoriale,Commune,['Alpes-Maritimes'],"[""Provence-Alpes-Côte d'Azur""]",COM,{06},{93}
431c77a2-ba8e-41fb-b89c-d1cc5777cf0e,213104730,Commune de Saint-Cézert (31),false,{31473},Commune,2026-03-24 14:41:58.09424+01,gold_establishments_2025,,,,21310473000014,2025,Collectivité Territoriale,Commune,['Haute-Garonne'],['Occitanie'],COM,{31},{76}
58022046-b4a7-4a74-9a53-8be3cabd3e85,213303910,Commune de Saint-Côme (33),false,{33391},Commune,2026-03-24 14:41:58.620411+01,gold_establishments_2025,,,,21330391000011,2025,Collectivité Territoriale,Commune,['Gironde'],['Nouvelle-Aquitaine'],COM,{33},{75}
3e681ae5-0d88-47bd-9926-c6c47926997b,211202163,Commune de Saint-Côme-d'Olt (12),false,{12216},Commune,2026-03-24 14:41:53.63825+01,gold_establishments_2025,,,,21120216300013,2025,Collectivité Territoriale,Commune,['Aveyron'],['Occitanie'],COM,{12},{76}
ceb784cf-0e9a-46fe-915b-191e77233648,211405659,Commune de Saint-Côme-de-Fresné (14),false,{14565},Commune,2026-03-24 14:41:54.362296+01,gold_establishments_2025,,,,21140565900015,2025,Collectivité Territoriale,Commune,['Calvados'],['Normandie'],COM,{14},{28}
a309e12f-4048-4820-a181-12b82e9dc5e5,213002454,Commune de Saint-Côme-et-Maruéjols (30),false,{30245},Commune,2026-03-24 14:41:57.56054+01,gold_establishments_2025,,,,21300245400014,2025,Collectivité Territoriale,Commune,['Gard'],['Occitanie'],COM,{30},{76}
70768b98-c25a-4578-9b69-e90cdf8114d2,210601191,Commune de Saint-Dalmas-le-Selvage (06),false,{06119},Commune,2026-03-24 14:41:52.562531+01,gold_establishments_2025,,,,21060119100013,2025,Collectivité Territoriale,Commune,['Alpes-Maritimes'],"[""Provence-Alpes-Côte d'Azur""]",COM,{06},{93}
6ae58bbd-05fc-487e-aaa1-b631b3abd999,211103395,Commune de Saint-Denis (11),false,{11339},Commune,2026-03-24 14:41:53.63825+01,gold_establishments_2025,,,,21110339500011,2025,Collectivité Territoriale,Commune,['Aude'],['Occitanie'],COM,{11},{76}
e25b5570-5c37-4b86-b3b6-cf79552ed5da,213002470,Commune de Saint-Denis (30),false,{30247},Commune,2026-03-24 14:41:57.56054+01,gold_establishments_2025,,,,21300247000010,2025,Collectivité Territoriale,Commune,['Gard'],['Occitanie'],COM,{30},{76}
17f1ea9c-da73-404d-a8ad-feb824617fe5,219300662,Commune de Saint-Denis (93),false,{93066},Commune,2026-03-24 14:42:11.659493+01,gold_establishments_2025,,,,21930066200018,2025,Collectivité Territoriale,Commune,['Seine-Saint-Denis'],['Île-de-France'],COM,{93},{11}
be7273ff-e6d7-4748-94e6-8c6a03af2198,219740115,Commune de Saint-Denis (974),false,{97411},Commune,2026-03-24 14:42:11.659493+01,gold_establishments_2025,,,,21974011500015,2025,Collectivité Territoriale,Commune,['La Réunion'],['La Réunion'],COM,{974},{04}
a0b78da8-8b4b-4267-a4f5-73cd13bb6c2e,214602641,Commune de Saint-Denis-Catus (46),false,{46264},Commune,2026-03-24 14:42:00.862623+01,gold_establishments_2025,,,,21460264100018,2025,Collectivité Territoriale,Commune,['Lot'],['Occitanie'],COM,{46},{76}
ecc8a34c-7b51-4e89-a2b4-88f79fa8642d,216303339,Commune de Saint-Denis-Combarnazat (63),false,{63333},Commune,2026-03-24 14:42:06.130387+01,gold_establishments_2025,,,,21630333900016,2025,Collectivité Territoriale,Commune,['Puy-de-Dôme'],['Auvergne-Rhône-Alpes'],COM,{63},{84}
82523e78-5929-419b-bf59-e2a02ed63813,200081941,Commune de Saint-Denis-Lanneray (28),false,{28334},Commune,2026-03-24 14:41:57.028721+01,gold_establishments_2025,,,,20008194100011,2025,Collectivité Territoriale,Commune,['Eure-et-Loir'],['Centre-Val de Loire'],COM,{28},{24}
51ceef15-c2e0-402f-b52e-087f239df31e,217605724,Commune de Saint-Denis-d'Aclon (76),false,{76572},Commune,2026-03-24 14:42:08.818969+01,gold_establishments_2025,,,,21760572400012,2025,Collectivité Territoriale,Commune,['Seine-Maritime'],['Normandie'],COM,{76},{28}
18c97f94-ccc1-4880-a5a3-dc2e36aa59bf,215302100,Commune de Saint-Denis-d'Anjou (53),false,{53210},Commune,2026-03-24 14:42:02.957225+01,gold_establishments_2025,,,,21530210000064,2025,Collectivité Territoriale,Commune,['Mayenne'],['Pays de la Loire'],COM,{53},{52}
d3217b08-b5d0-4f5c-9941-38694cf3b9e1,212705305,Commune de Saint-Denis-d'Augerons (27),false,{27530},Commune,2026-03-24 14:41:57.028721+01,gold_establishments_2025,,,,21270530500010,2025,Collectivité Territoriale,Commune,['Eure'],['Normandie'],COM,{27},{28}
cd997803-4789-48ad-915f-605d34df7ffa,211703236,Commune de Saint-Denis-d'Oléron (17),false,{17323},Commune,2026-03-24 14:41:54.903238+01,gold_establishments_2025,,,,21170323600011,2025,Collectivité Territoriale,Commune,['Charente-Maritime'],['Nouvelle-Aquitaine'],COM,{17},{75}
58412c06-483e-4890-915a-aef1c49b5ee1,217202787,Commune de Saint-Denis-d'Orques (72),false,{72278},Commune,2026-03-24 14:42:08.279287+01,gold_establishments_2025,,,,21720278700016,2025,Collectivité Territoriale,Commune,['Sarthe'],['Pays de la Loire'],COM,{72},{52}
1482ec7c-6150-44fa-b264-8b2bc5a94581,214202152,Commune de Saint-Denis-de-Cabanne (42),false,{42215},Commune,2026-03-24 14:42:00.273698+01,gold_establishments_2025,,,,21420215200010,2025,Collectivité Territoriale,Commune,['Loire'],['Auvergne-Rhône-Alpes'],COM,{42},{84}
8b7311b5-ebd0-44be-a5b9-79a59f6c1553,215302118,Commune de Saint-Denis-de-Gastines (53),false,{53211},Commune,2026-03-24 14:42:02.957225+01,gold_establishments_2025,,,,21530211800017,2025,Collectivité Territoriale,Commune,['Mayenne'],['Pays de la Loire'],COM,{53},{52}
a2eef81c-5af4-4df2-a1ae-603b2e10b559,213601891,Commune de Saint-Denis-de-Jouhet (36),false,{36189},Commune,2026-03-24 14:41:59.160244+01,gold_establishments_2025,,,,21360189100012,2025,Collectivité Territoriale,Commune,['Indre'],['Centre-Val de Loire'],COM,{36},{24}
d51a0a84-bd43-4d4a-a5aa-a7146923d362,211405717,Commune de Saint-Denis-de-Mailloc (14),false,{14571},Commune,2026-03-24 14:41:54.362296+01,gold_establishments_2025,,,,21140571700011,2025,Collectivité Territoriale,Commune,['Calvados'],['Normandie'],COM,{14},{28}
69cb6132-0db6-4984-9a9e-69358c5d5ba5,211405725,Commune de Saint-Denis-de-Méré (14),false,{14572},Commune,2026-03-24 14:41:54.362296+01,gold_establishments_2025,,,,21140572500014,2025,Collectivité Territoriale,Commune,['Calvados'],['Normandie'],COM,{14},{28}
33dc829d-4f76-434b-9641-8f21c43c85f7,211802046,Commune de Saint-Denis-de-Palin (18),false,{18204},Commune,2026-03-24 14:41:54.903238+01,gold_establishments_2025,,,,21180204600014,2025,Collectivité Territoriale,Commune,['Cher'],['Centre-Val de Loire'],COM,{18},{24}
2aec64d6-c707-4a33-8446-631853257f1e,213303936,Commune de Saint-Denis-de-Pile (33),false,{33393},Commune,2026-03-24 14:41:58.620411+01,gold_establishments_2025,,,,21330393600016,2025,Collectivité Territoriale,Commune,['Gironde'],['Nouvelle-Aquitaine'],COM,{33},{75}
e94272aa-aa38-419b-9e25-3d05328b19da,217104033,Commune de Saint-Denis-de-Vaux (71),false,{71403},Commune,2026-03-24 14:42:08.279287+01,gold_establishments_2025,,,,21710403300014,2025,Collectivité Territoriale,Commune,['Saône-et-Loire'],['Bourgogne-Franche-Comté'],COM,{71},{27}
d86b921b-e1a6-4113-a658-e0c928f52489,214502734,Commune de Saint-Denis-de-l'Hôtel (45),false,{45273},Commune,2026-03-24 14:42:00.862623+01,gold_establishments_2025,,,,21450273400012,2025,Collectivité Territoriale,Commune,['Loiret'],['Centre-Val de Loire'],COM,{45},{24}
442a1096-141f-463b-937d-c3b7023370d6,217202779,Commune de Saint-Denis-des-Coudrais (72),false,{72277},Commune,2026-03-24 14:42:08.279287+01,gold_establishments_2025,,,,21720277900013,2025,Collectivité Territoriale,Commune,['Sarthe'],['Pays de la Loire'],COM,{72},{52}
f60dc71a-4bd3-476c-a835-8c061de0ea94,212705313,Commune de Saint-Denis-des-Monts (27),false,{27531},Commune,2026-03-24 14:41:57.028721+01,gold_establishments_2025,,,,21270531300014,2025,Collectivité Territoriale,Commune,['Eure'],['Normandie'],COM,{27},{28}
eb69f965-4d3a-4349-a9fa-553f78ac19da,218714202,Commune de Saint-Denis-des-Murs (87),false,{87142},Commune,2026-03-24 14:42:11.118516+01,gold_establishments_2025,,,,21871420200015,2025,Collectivité Territoriale,Commune,['Haute-Vienne'],['Nouvelle-Aquitaine'],COM,{87},{75}
33b52588-4f30-4951-8805-be4ec9690652,212803332,Commune de Saint-Denis-des-Puits (28),false,{28333},Commune,2026-03-24 14:41:57.028721+01,gold_establishments_2025,,,,21280333200015,2025,Collectivité Territoriale,Commune,['Eure-et-Loir'],['Centre-Val de Loire'],COM,{28},{24}
e3005045-e53d-44bd-b8e9-024317552cd1,215302126,Commune de Saint-Denis-du-Maine (53),false,{53212},Commune,2026-03-24 14:42:02.957225+01,gold_establishments_2025,,,,21530212600010,2025,Collectivité Territoriale,Commune,['Mayenne'],['Pays de la Loire'],COM,{53},{52}
77624a9c-4404-4da4-b4cb-574921df5acf,218502078,Commune de Saint-Denis-du-Payré (85),false,{85207},Commune,2026-03-24 14:42:10.508772+01,gold_establishments_2025,,,,21850207800015,2025,Collectivité Territoriale,Commune,['Vendée'],['Pays de la Loire'],COM,{85},{52}
793a566e-c8e8-487f-a037-a86cf2efab8d,210103453,Commune de Saint-Denis-en-Bugey (01),false,{01345},Commune,2026-03-24 14:41:51.447482+01,gold_establishments_2025,,,,21010345300010,2025,Collectivité Territoriale,Commune,['Ain'],['Auvergne-Rhône-Alpes'],COM,{01},{84}
c45084ea-fb6e-428c-81f9-0eecbd66d7c6,214801458,Commune de Saint-Denis-en-Margeride (48),false,{48145},Commune,2026-03-24 14:42:01.412377+01,gold_establishments_2025,,,,21480145800016,2025,Collectivité Territoriale,Commune,['Lozère'],['Occitanie'],COM,{48},{76}
d1c15886-9f0d-44e8-8bba-6eb86bd0937e,214502742,Commune de Saint-Denis-en-Val (45),false,{45274},Commune,2026-03-24 14:42:00.862623+01,gold_establishments_2025,,,,21450274200015,2025,Collectivité Territoriale,Commune,['Loiret'],['Centre-Val de Loire'],COM,{45},{24}
c3abd8de-1751-4013-b120-efeef8c7fb21,218502086,Commune de Saint-Denis-la-Chevasse (85),false,{85208},Commune,2026-03-24 14:42:10.508772+01,gold_establishments_2025,,,,21850208600059,2025,Collectivité Territoriale,Commune,['Vendée'],['Pays de la Loire'],COM,{85},{52}
f933fd1b-b4dc-421e-ab0f-d6aa5e1387c2,212705339,Commune de Saint-Denis-le-Ferment (27),false,{27533},Commune,2026-03-24 14:41:57.028721+01,gold_establishments_2025,,,,21270533900019,2025,Collectivité Territoriale,Commune,['Eure'],['Normandie'],COM,{27},{28}
928ede00-63e3-4ac0-a430-4413d816e50d,215004631,Commune de Saint-Denis-le-Gast (50),false,{50463},Commune,2026-03-24 14:42:01.412377+01,gold_establishments_2025,,,,21500463100010,2025,Collectivité Territoriale,Commune,['Manche'],['Normandie'],COM,{50},{28}
b080af52-618e-4e38-8851-ccdfb83ff530,217605732,Commune de Saint-Denis-le-Thiboult (76),false,{76573},Commune,2026-03-24 14:42:08.818969+01,gold_establishments_2025,,,,21760573200015,2025,Collectivité Territoriale,Commune,['Seine-Maritime'],['Normandie'],COM,{76},{28}
78acf2be-b525-46f8-ba58-23cc626e30b0,215004649,Commune de Saint-Denis-le-Vêtu (50),false,{50464},Commune,2026-03-24 14:42:01.412377+01,gold_establishments_2025,,,,21500464900012,2025,Collectivité Territoriale,Commune,['Manche'],['Normandie'],COM,{50},{28}
721d48dd-df6e-4932-b41a-e7dcf073c8b5,210103446,Commune de Saint-Denis-lès-Bourg (01),false,{01344},Commune,2026-03-24 14:41:51.447482+01,gold_establishments_2025,,,,21010344600014,2025,Collectivité Territoriale,Commune,['Ain'],['Auvergne-Rhône-Alpes'],COM,{01},{84}
e18f0e38-e960-482d-9f6e-c95937e9d645,214602658,Commune de Saint-Denis-lès-Martel (46),false,{46265},Commune,2026-03-24 14:42:00.862623+01,gold_establishments_2025,,,,21460265800012,2025,Collectivité Territoriale,Commune,['Lot'],['Occitanie'],COM,{46},{76}
ac849425-895b-4cdc-9504-a5bc3caf1258,217704063,Commune de Saint-Denis-lès-Rebais (77),false,{77406},Commune,2026-03-24 14:42:09.43682+01,gold_establishments_2025,,,,21770406300015,2025,Collectivité Territoriale,Commune,['Seine-et-Marne'],['Île-de-France'],COM,{77},{11}
ecef195c-30a6-4724-8052-7ceb8234809e,218903425,Commune de Saint-Denis-lès-Sens (89),false,{89342},Commune,2026-03-24 14:42:11.659493+01,gold_establishments_2025,,,,21890342500013,2025,Collectivité Territoriale,Commune,['Yonne'],['Bourgogne-Franche-Comté'],COM,{89},{27}
928b441f-86a3-43f8-bd1a-f420ac8e3b57,214202160,Commune de Saint-Denis-sur-Coise (42),false,{42216},Commune,2026-03-24 14:42:00.273698+01,gold_establishments_2025,,,,21420216000013,2025,Collectivité Territoriale,Commune,['Loire'],['Auvergne-Rhône-Alpes'],COM,{42},{84}
32a5caef-9881-4770-98c9-c97c11634c56,216103812,Commune de Saint-Denis-sur-Huisne (61),false,{61381},Commune,2026-03-24 14:42:05.597325+01,gold_establishments_2025,,,,21610381200014,2025,Collectivité Territoriale,Commune,['Orne'],['Normandie'],COM,{61},{28}
c26dfd07-0c40-4768-afc0-78997b788cff,214102063,Commune de Saint-Denis-sur-Loire (41),false,{41206},Commune,2026-03-24 14:42:00.273698+01,gold_establishments_2025,,,,21410206300010,2025,Collectivité Territoriale,Commune,['Loir-et-Cher'],['Centre-Val de Loire'],COM,{41},{24}
abf49a32-4639-4b6a-bd36-8892f3b2a83c,216103820,Commune de Saint-Denis-sur-Sarthon (61),false,{61382},Commune,2026-03-24 14:42:05.597325+01,gold_establishments_2025,,,,21610382000017,2025,Collectivité Territoriale,Commune,['Orne'],['Normandie'],COM,{61},{28}
18166c40-19ae-4d10-95f7-37e5a34bec12,217605740,Commune de Saint-Denis-sur-Scie (76),false,{76574},Commune,2026-03-24 14:42:08.818969+01,gold_establishments_2025,,,,21760574000018,2025,Collectivité Territoriale,Commune,['Seine-Maritime'],['Normandie'],COM,{76},{28}
642d8a25-9f79-4d4e-b61b-82adb9077305,216005652,Commune de Saint-Deniscourt (60),false,{60571},Commune,2026-03-24 14:42:04.814328+01,gold_establishments_2025,,,,21600565200013,2025,Collectivité Territoriale,Commune,['Oise'],['Hauts-de-France'],COM,{60},{32}
7eb99832-a3f7-4325-8cde-e315e2fc6d8a,212202865,Commune de Saint-Denoual (22),false,{22286},Commune,2026-03-24 14:41:55.958138+01,gold_establishments_2025,,,,21220286500011,2025,Collectivité Territoriale,Commune,"[""Côtes-d'Armor""]",['Bretagne'],COM,{22},{53}
c92b9cd6-3794-4346-9b50-f4ca194fcac1,216207456,Commune de Saint-Denœux (62),false,{62745},Commune,2026-03-24 14:42:06.130387+01,gold_establishments_2025,,,,21620745600015,2025,Collectivité Territoriale,Commune,['Pas-de-Calais'],['Hauts-de-France'],COM,{62},{32}
e11eaa11-a119-4d6d-ba12-8c1c2003223c,212902449,Commune de Saint-Derrien (29),false,{29244},Commune,2026-03-24 14:41:57.56054+01,gold_establishments_2025,,,,21290244900017,2025,Collectivité Territoriale,Commune,['Finistère'],['Bretagne'],COM,{29},{53}
2acf95c3-0e81-4e7f-b1be-ad7f0a3879e7,212105464,Commune de Saint-Didier (21),false,{21546},Commune,2026-03-24 14:41:55.433389+01,gold_establishments_2025,,,,21210546400011,2025,Collectivité Territoriale,Commune,"[""Côte-d'Or""]",['Bourgogne-Franche-Comté'],COM,{21},{27}
fda3e27b-3040-45de-931c-fd80f28c1b36,213502644,Commune de Saint-Didier (35),false,{35264},Commune,2026-03-24 14:41:59.160244+01,gold_establishments_2025,,,,21350264400015,2025,Collectivité Territoriale,Commune,['Ille-et-Vilaine'],['Bretagne'],COM,{35},{53}
3c757ee8-b928-45d2-bc61-bb55c2832d67,213904808,Commune de Saint-Didier (39),false,{39480},Commune,2026-03-24 14:41:59.705606+01,gold_establishments_2025,,,,21390480800010,2025,Collectivité Territoriale,Commune,['Jura'],['Bourgogne-Franche-Comté'],COM,{39},{27}
41d42eb1-5b9c-4629-b3de-8e8f71ba71df,215802372,Commune de Saint-Didier (58),false,{58237},Commune,2026-03-24 14:42:04.280096+01,gold_establishments_2025,,,,21580237200015,2025,Collectivité Territoriale,Commune,['Nièvre'],['Bourgogne-Franche-Comté'],COM,{58},{27}
7018ff0e-f973-46ea-9083-bc973f8f164b,218401081,Commune de Saint-Didier (84),false,{84108},Commune,2026-03-24 14:42:10.508772+01,gold_establishments_2025,,,,21840108100011,2025,Collectivité Territoriale,Commune,['Vaucluse'],"[""Provence-Alpes-Côte d'Azur""]",COM,{84},{93}
f802f0f2-3e56-4cfc-8e16-6e45504961a5,216901942,Commune de Saint-Didier-au-Mont-d'Or (69),false,{69194},Commune,2026-03-24 14:42:07.195692+01,gold_establishments_2025,,,,21690194200013,2025,Collectivité Territoriale,Commune,['Rhône'],['Auvergne-Rhône-Alpes'],COM,{69},{84}
36cd12aa-0de3-4444-a5f7-4ced660637f2,210103461,Commune de Saint-Didier-d'Aussiat (01),false,{01346},Commune,2026-03-24 14:41:51.447482+01,gold_establishments_2025,,,,21010346100013,2025,Collectivité Territoriale,Commune,['Ain'],['Auvergne-Rhône-Alpes'],COM,{01},{84}
7d18e0a1-5e6f-4fe2-831c-633349bb2145,213803802,Commune de Saint-Didier-de-Bizonnes (38),false,{38380},Commune,2026-03-24 14:41:59.160244+01,gold_establishments_2025,,,,21380380200015,2025,Collectivité Territoriale,Commune,['Isère'],['Auvergne-Rhône-Alpes'],COM,{38},{84}
38819450-cd93-4c01-8a65-21b4c1096839,210103479,Commune de Saint-Didier-de-Formans (01),false,{01347},Commune,2026-03-24 14:41:51.447482+01,gold_establishments_2025,,,,21010347900015,2025,Collectivité Territoriale,Commune,['Ain'],['Auvergne-Rhône-Alpes'],COM,{01},{84}
d3dd49b4-6a5d-4bd3-9ab0-d723164ebb33,213803810,Commune de Saint-Didier-de-la-Tour (38),false,{38381},Commune,2026-03-24 14:41:59.160244+01,gold_establishments_2025,,,,21380381000018,2025,Collectivité Territoriale,Commune,['Isère'],['Auvergne-Rhône-Alpes'],COM,{38},{84}
74d31ef6-a124-4715-99f7-789cd37e1484,212705347,Commune de Saint-Didier-des-Bois (27),false,{27534},Commune,2026-03-24 14:41:57.028721+01,gold_establishments_2025,,,,21270534700012,2025,Collectivité Territoriale,Commune,['Eure'],['Normandie'],COM,{27},{28}
bc754073-7265-4b58-a520-5d31e1b40c44,217104058,Commune de Saint-Didier-en-Bresse (71),false,{71405},Commune,2026-03-24 14:42:08.279287+01,gold_establishments_2025,,,,21710405800011,2025,Collectivité Territoriale,Commune,['Saône-et-Loire'],['Bourgogne-Franche-Comté'],COM,{71},{27}
0af01079-bf17-4ab2-8620-9e29ac929476,217104066,Commune de Saint-Didier-en-Brionnais (71),false,{71406},Commune,2026-03-24 14:42:08.279287+01,gold_establishments_2025,,,,21710406600014,2025,Collectivité Territoriale,Commune,['Saône-et-Loire'],['Bourgogne-Franche-Comté'],COM,{71},{27}
649ff66c-7134-4018-ad47-853505f8b4a5,210302261,Commune de Saint-Didier-en-Donjon (03),false,{03226},Commune,2026-03-24 14:41:52.020251+01,gold_establishments_2025,,,,21030226100016,2025,Collectivité Territoriale,Commune,['Allier'],['Auvergne-Rhône-Alpes'],COM,{03},{84}
37443007-5b33-4d06-9784-027b086e9e8e,214301772,Commune de Saint-Didier-en-Velay (43),false,{43177},Commune,2026-03-24 14:42:00.273698+01,gold_establishments_2025,,,,21430177200015,2025,Collectivité Territoriale,Commune,['Haute-Loire'],['Auvergne-Rhône-Alpes'],COM,{43},{84}
88cebed2-f098-4668-9a15-7e4ae6e377ad,210302279,Commune de Saint-Didier-la-Forêt (03),false,{03227},Commune,2026-03-24 14:41:52.020251+01,gold_establishments_2025,,,,21030227900018,2025,Collectivité Territoriale,Commune,['Allier'],['Auvergne-Rhône-Alpes'],COM,{03},{84}
c1a81670-0e5e-427d-b72a-f1d97fb8c3ab,210702296,Commune de Saint-Didier-sous-Aubenas (07),false,{07229},Commune,2026-03-24 14:41:52.562531+01,gold_establishments_2025,,,,21070229600018,2025,Collectivité Territoriale,Commune,['Ardèche'],['Auvergne-Rhône-Alpes'],COM,{07},{84}
c8e8601f-1cf4-4aea-bdd1-e0a928bc771b,217104074,Commune de Saint-Didier-sur-Arroux (71),false,{71407},Commune,2026-03-24 14:42:08.279287+01,gold_establishments_2025,,,,21710407400018,2025,Collectivité Territoriale,Commune,['Saône-et-Loire'],['Bourgogne-Franche-Comté'],COM,{71},{27}
0aefce52-5379-4a58-8ef1-2ca8266e5ae9,216901967,Commune de Saint-Didier-sur-Beaujeu (69),false,{69196},Commune,2026-03-24 14:42:07.735343+01,gold_establishments_2025,,,,21690196700010,2025,Collectivité Territoriale,Commune,['Rhône'],['Auvergne-Rhône-Alpes'],COM,{69},{84}
bf84375c-b257-4974-a6e5-6c937ce50563,210103487,Commune de Saint-Didier-sur-Chalaronne (01),false,{01348},Commune,2026-03-24 14:41:51.447482+01,gold_establishments_2025,,,,21010348700018,2025,Collectivité Territoriale,Commune,['Ain'],['Auvergne-Rhône-Alpes'],COM,{01},{84}
6ea504bd-8911-4cfc-aaed-4d7a1686ecde,214301780,Commune de Saint-Didier-sur-Doulon (43),false,{43178},Commune,2026-03-24 14:42:00.273698+01,gold_establishments_2025,,,,21430178000018,2025,Collectivité Territoriale,Commune,['Haute-Loire'],['Auvergne-Rhône-Alpes'],COM,{43},{84}
9344602c-549c-42f0-9c3e-a6c4ab82e0b8,216303347,Commune de Saint-Dier-d'Auvergne (63),false,{63334},Commune,2026-03-24 14:42:06.130387+01,gold_establishments_2025,,,,21630334700019,2025,Collectivité Territoriale,Commune,['Puy-de-Dôme'],['Auvergne-Rhône-Alpes'],COM,{63},{84}
cd1d752a-ee0a-4309-a4b7-e59f236ca36e,213002496,Commune de Saint-Dionisy (30),false,{30249},Commune,2026-03-24 14:41:57.56054+01,gold_establishments_2025,,,,21300249600015,2025,Collectivité Territoriale,Commune,['Gard'],['Occitanie'],COM,{30},{76}
5ffc9a54-1cab-4c4b-918e-8aaf4b022167,212902456,Commune de Saint-Divy (29),false,{29245},Commune,2026-03-24 14:41:57.56054+01,gold_establishments_2025,,,,21290245600012,2025,Collectivité Territoriale,Commune,['Finistère'],['Bretagne'],COM,{29},{53}
b630fc48-91b4-4a5b-a056-cb97103bc1b9,211703244,Commune de Saint-Dizant-du-Bois (17),false,{17324},Commune,2026-03-24 14:41:54.903238+01,gold_establishments_2025,,,,21170324400015,2025,Collectivité Territoriale,Commune,['Charente-Maritime'],['Nouvelle-Aquitaine'],COM,{17},{75}
fa261a03-c406-4ccb-ae75-b5875515eeff,211703251,Commune de Saint-Dizant-du-Gua (17),false,{17325},Commune,2026-03-24 14:41:54.903238+01,gold_establishments_2025,,,,21170325100010,2025,Collectivité Territoriale,Commune,['Charente-Maritime'],['Nouvelle-Aquitaine'],COM,{17},{75}
4d6df287-4a81-481b-8cc8-ee95aca80d30,215203233,Commune de Saint-Dizier (52),false,{52448},Commune,2026-03-24 14:42:01.954481+01,gold_establishments_2025,,,,21520323300014,2025,Collectivité Territoriale,Commune,['Haute-Marne'],['Grand Est'],COM,{52},{44}
2d7fad7d-704e-4424-a8a1-a981858a9972,200085314,Commune de Saint-Dizier-Masbaraud (23),false,{23189},Commune,2026-03-24 14:41:55.958138+01,gold_establishments_2025,,,,20008531400017,2025,Collectivité Territoriale,Commune,['Creuse'],['Nouvelle-Aquitaine'],COM,{23},{75}
55788927-00b5-41db-8f6d-06553186f8cc,212603005,Commune de Saint-Dizier-en-Diois (26),false,{26300},Commune,2026-03-24 14:41:56.495197+01,gold_establishments_2025,,,,21260300500019,2025,Collectivité Territoriale,Commune,['Drôme'],['Auvergne-Rhône-Alpes'],COM,{26},{84}
cf5d2f4d-2f07-43ce-8786-69a203b83681,219000908,Commune de Saint-Dizier-l'Évêque (90),false,{90090},Commune,2026-03-24 14:42:11.659493+01,gold_establishments_2025,,,,21900090800018,2025,Collectivité Territoriale,Commune,['Territoire de Belfort'],['Bourgogne-Franche-Comté'],COM,{90},{27}
9000064e-70b8-4161-a442-0e5939c145f9,212318703,Commune de Saint-Dizier-la-Tour (23),false,{23187},Commune,2026-03-24 14:41:55.958138+01,gold_establishments_2025,,,,21231870300015,2025,Collectivité Territoriale,Commune,['Creuse'],['Nouvelle-Aquitaine'],COM,{23},{75}
afc3c318-52a6-4ee0-b9a4-d30b478dac92,212318802,Commune de Saint-Dizier-les-Domaines (23),false,{23188},Commune,2026-03-24 14:41:55.958138+01,gold_establishments_2025,,,,21231880200015,2025,Collectivité Territoriale,Commune,['Creuse'],['Nouvelle-Aquitaine'],COM,{23},{75}
b75b6112-a3a4-4b81-ab4f-8972acdbaac0,218804136,Commune de Saint-Dié-des-Vosges (88),false,{88413},Commune,2026-03-24 14:42:11.118516+01,gold_establishments_2025,,,,21880413600016,2025,Collectivité Territoriale,Commune,['Vosges'],['Grand Est'],COM,{88},{44}
4cc48271-d6a5-4d10-a03e-11a91570f60e,200085686,Commune de Saint-Diéry (63),false,{63335},Commune,2026-03-24 14:42:06.130387+01,gold_establishments_2025,,,,20008568600018,2025,Collectivité Territoriale,Commune,['Puy-de-Dôme'],['Auvergne-Rhône-Alpes'],COM,{63},{84}
2a0cf0b6-efdf-4f83-9130-d1f82562da7c,215602129,Commune de Saint-Dolay (56),false,{56212},Commune,2026-03-24 14:42:03.701372+01,gold_establishments_2025,,,,21560212900011,2025,Collectivité Territoriale,Commune,['Morbihan'],['Bretagne'],COM,{56},{53}
7bd51c09-76ed-4e34-9985-1c96fa199f82,212319008,Commune de Saint-Domet (23),false,{23190},Commune,2026-03-24 14:41:55.958138+01,gold_establishments_2025,,,,21231900800018,2025,Collectivité Territoriale,Commune,['Creuse'],['Nouvelle-Aquitaine'],COM,{23},{75}
d1628768-636e-45bb-9bfe-75fe2fdccda1,213502651,Commune de Saint-Domineuc (35),false,{35265},Commune,2026-03-24 14:41:59.160244+01,gold_establishments_2025,,,,21350265100119,2025,Collectivité Territoriale,Commune,['Ille-et-Vilaine'],['Bretagne'],COM,{35},{53}
55af6a1d-1cf8-4b59-b3f8-d8fe0d776b33,212202873,Commune de Saint-Donan (22),false,{22287},Commune,2026-03-24 14:41:55.958138+01,gold_establishments_2025,,,,21220287300015,2025,Collectivité Territoriale,Commune,"[""Côtes-d'Armor""]",['Bretagne'],COM,{22},{53}
1791106f-ac3e-4d3f-977e-abefe5b352d9,216303362,Commune de Saint-Donat (63),false,{63336},Commune,2026-03-24 14:42:06.130387+01,gold_establishments_2025,,,,21630336200018,2025,Collectivité Territoriale,Commune,['Puy-de-Dôme'],['Auvergne-Rhône-Alpes'],COM,{63},{84}
9f1e49e3-ddd2-4d35-8790-c4a6ed101060,212603013,Commune de Saint-Donat-sur-l'Herbasse (26),false,{26301},Commune,2026-03-24 14:41:56.495197+01,gold_establishments_2025,,,,21260301300013,2025,Collectivité Territoriale,Commune,['Drôme'],['Auvergne-Rhône-Alpes'],COM,{26},{84}
9b11eae2-fa24-43f3-9c6c-f4e5b2967812,216404749,Commune de Saint-Dos (64),false,{64474},Commune,2026-03-24 14:42:06.665412+01,gold_establishments_2025,,,,21640474900014,2025,Collectivité Territoriale,Commune,['Pyrénées-Atlantiques'],['Nouvelle-Aquitaine'],COM,{64},{75}
420bc522-1e2b-4b04-a6d2-ac36c815b9d4,211802053,Commune de Saint-Doulchard (18),false,{18205},Commune,2026-03-24 14:41:54.903238+01,gold_establishments_2025,,,,21180205300010,2025,Collectivité Territoriale,Commune,['Cher'],['Centre-Val de Loire'],COM,{18},{24}
17353f89-1b19-4086-989c-369270f0d399,213402498,Commune de Saint-Drézéry (34),false,{34249},Commune,2026-03-24 14:41:58.620411+01,gold_establishments_2025,,,,21340249800017,2025,Collectivité Territoriale,Commune,['Hérault'],['Occitanie'],COM,{34},{76}
19368b28-ba99-4a92-9a58-775be9626196,214102071,Commune de Saint-Dyé-sur-Loire (41),false,{41207},Commune,2026-03-24 14:42:00.273698+01,gold_establishments_2025,,,,21410207100013,2025,Collectivité Territoriale,Commune,['Loir-et-Cher'],['Centre-Val de Loire'],COM,{41},{24}
dbc4a6d4-3cbf-4093-bfe9-840350194ece,217104041,Commune de Saint-Désert (71),false,{71404},Commune,2026-03-24 14:42:08.279287+01,gold_establishments_2025,,,,21710404100017,2025,Collectivité Territoriale,Commune,['Saône-et-Loire'],['Bourgogne-Franche-Comté'],COM,{71},{27}
f2de7e1a-3102-4d2c-a380-79f1b5157e11,211405741,Commune de Saint-Désir (14),false,{14574},Commune,2026-03-24 14:41:54.362296+01,gold_establishments_2025,,,,21140574100011,2025,Collectivité Territoriale,Commune,['Calvados'],['Normandie'],COM,{14},{28}
745afdfe-7363-47ca-aae7-13678839ffba,210702288,Commune de Saint-Désirat (07),false,{07228},Commune,2026-03-24 14:41:52.562531+01,gold_establishments_2025,,,,21070228800015,2025,Collectivité Territoriale,Commune,['Ardèche'],['Auvergne-Rhône-Alpes'],COM,{07},{84}
aa25dd79-25b3-4297-aee2-173c6a064768,210302253,Commune de Saint-Désiré (03),false,{03225},Commune,2026-03-24 14:41:52.020251+01,gold_establishments_2025,,,,21030225300013,2025,Collectivité Territoriale,Commune,['Allier'],['Auvergne-Rhône-Alpes'],COM,{03},{84}
d713a2cb-df7d-481a-a7d5-f847d3e96dc5,213002488,Commune de Saint-Dézéry (30),false,{30248},Commune,2026-03-24 14:41:57.56054+01,gold_establishments_2025,,,,21300248800012,2025,Collectivité Territoriale,Commune,['Gard'],['Occitanie'],COM,{30},{76}
ae77e3fd-2924-467d-9989-a7902c4bbed3,217104082,Commune de Saint-Edmond (71),false,{71408},Commune,2026-03-24 14:42:08.279287+01,gold_establishments_2025,,,,21710408200011,2025,Collectivité Territoriale,Commune,['Saône-et-Loire'],['Bourgogne-Franche-Comté'],COM,{71},{27}
964af638-4194-4ebf-bbbc-beb3a9881888,215302134,Commune de Saint-Ellier-du-Maine (53),false,{53213},Commune,2026-03-24 14:42:02.957225+01,gold_establishments_2025,,,,21530213400014,2025,Collectivité Territoriale,Commune,['Mayenne'],['Pays de la Loire'],COM,{53},{52}
5fa21011-27b4-412e-877a-84865f1da27c,216103846,Commune de Saint-Ellier-les-Bois (61),false,{61384},Commune,2026-03-24 14:42:05.597325+01,gold_establishments_2025,,,,21610384600012,2025,Collectivité Territoriale,Commune,['Orne'],['Normandie'],COM,{61},{28}
9a3f21e0-4834-4111-898d-22066d3ef0ce,212902464,Commune de Saint-Eloy (29),false,{29246},Commune,2026-03-24 14:41:57.56054+01,gold_establishments_2025,,,,21290246400016,2025,Collectivité Territoriale,Commune,['Finistère'],['Bretagne'],COM,{29},{53}
83c7e4d1-c634-44c1-9404-e5177dad67ec,210302295,Commune de Saint-Ennemond (03),false,{03229},Commune,2026-03-24 14:41:52.020251+01,gold_establishments_2025,,,,21030229500014,2025,Collectivité Territoriale,Commune,['Allier'],['Auvergne-Rhône-Alpes'],COM,{03},{84}
67324eed-335d-4373-b862-fba13b0042b4,215706094,Commune de Saint-Epvre (57),false,{57609},Commune,2026-03-24 14:42:04.280096+01,gold_establishments_2025,,,,21570609400012,2025,Collectivité Territoriale,Commune,['Moselle'],['Grand Est'],COM,{57},{44}
d082ba72-60f8-4ef7-b67b-884af0be2a96,213502669,Commune de Saint-Erblon (35),false,{35266},Commune,2026-03-24 14:41:59.160244+01,gold_establishments_2025,,,,21350266900012,2025,Collectivité Territoriale,Commune,['Ille-et-Vilaine'],['Bretagne'],COM,{35},{53}
3bd0905a-eb33-48d8-8b0b-b184d8baa88c,215302142,Commune de Saint-Erblon (53),false,{53214},Commune,2026-03-24 14:42:02.957225+01,gold_establishments_2025,,,,21530214200017,2025,Collectivité Territoriale,Commune,['Mayenne'],['Pays de la Loire'],COM,{53},{52}
6a1d9521-004d-49b6-81d0-df273a79d13a,210206512,Commune de Saint-Erme-Outre-et-Ramecourt (02),false,{02676},Commune,2026-03-24 14:41:52.020251+01,gold_establishments_2025,,,,21020651200019,2025,Collectivité Territoriale,Commune,['Aisne'],['Hauts-de-France'],COM,{02},{32}
8a8fb4c0-8ff6-4a1b-9308-903f853c2bf4,219105475,Commune de Saint-Escobille (91),false,{91547},Commune,2026-03-24 14:42:11.659493+01,gold_establishments_2025,,,,21910547500012,2025,Collectivité Territoriale,Commune,['Essonne'],['Île-de-France'],COM,{91},{11}
5b0dd070-5720-4a5b-aec6-873c57df7614,219722238,Commune de Saint-Esprit (972),false,{97223},Commune,2026-03-24 14:42:11.659493+01,gold_establishments_2025,,,,21972223800017,2025,Collectivité Territoriale,Commune,['Martinique'],['Martinique'],COM,{972},{02}
57261855-35fc-478c-8a2f-c320054e9673,216404764,Commune de Saint-Esteben (64),false,{64476},Commune,2026-03-24 14:42:06.665412+01,gold_establishments_2025,,,,21640476400013,2025,Collectivité Territoriale,Commune,['Pyrénées-Atlantiques'],['Nouvelle-Aquitaine'],COM,{64},{75}
472f3268-87fc-4fbb-b093-da13970c4e7d,212403984,Commune de Saint-Estèphe (24),false,{24398},Commune,2026-03-24 14:41:55.958138+01,gold_establishments_2025,,,,21240398400017,2025,Collectivité Territoriale,Commune,['Dordogne'],['Nouvelle-Aquitaine'],COM,{24},{75}
d170f647-f60f-4c27-914c-333bddc2f040,213303951,Commune de Saint-Estèphe (33),false,{33395},Commune,2026-03-24 14:41:58.620411+01,gold_establishments_2025,,,,21330395100015,2025,Collectivité Territoriale,Commune,['Gironde'],['Nouvelle-Aquitaine'],COM,{33},{75}
6d328d10-6391-4f99-930c-c2ee2ea6fb2d,216601724,Commune de Saint-Estève (66),false,{66172},Commune,2026-03-24 14:42:06.665412+01,gold_establishments_2025,,,,21660172400018,2025,Collectivité Territoriale,Commune,['Pyrénées-Orientales'],['Occitanie'],COM,{66},{76}
aa84779f-f965-4989-b236-ef69368c5c4d,211300934,Commune de Saint-Estève-Janson (13),false,{13093},Commune,2026-03-24 14:41:53.63825+01,gold_establishments_2025,,,,21130093400018,2025,Collectivité Territoriale,Commune,['Bouches-du-Rhône'],"[""Provence-Alpes-Côte d'Azur""]",COM,{13},{93}
960be536-76c9-4362-af60-6949d5e3a522,210206520,Commune de Saint-Eugène (02),false,{02677},Commune,2026-03-24 14:41:52.020251+01,gold_establishments_2025,,,,21020652000012,2025,Collectivité Territoriale,Commune,['Aisne'],['Hauts-de-France'],COM,{02},{32}
27cac8ef-d5ce-4e49-9a03-e2cf79fbee63,211703269,Commune de Saint-Eugène (17),false,{17326},Commune,2026-03-24 14:41:54.903238+01,gold_establishments_2025,,,,21170326900012,2025,Collectivité Territoriale,Commune,['Charente-Maritime'],['Nouvelle-Aquitaine'],COM,{17},{75}
0ac262b9-bf0d-4836-a43a-e54d2aa93649,217104116,Commune de Saint-Eugène (71),false,{71411},Commune,2026-03-24 14:42:08.279287+01,gold_establishments_2025,,,,21710411600017,2025,Collectivité Territoriale,Commune,['Saône-et-Loire'],['Bourgogne-Franche-Comté'],COM,{71},{27}
ba7b16de-d953-40e1-b47a-9619cbb0fa4a,215104431,Commune de Saint-Eulien (51),false,{51478},Commune,2026-03-24 14:42:01.954481+01,gold_establishments_2025,,,,21510443100014,2025,Collectivité Territoriale,Commune,['Marne'],['Grand Est'],COM,{51},{44}
19f84ea2-cd97-4d02-814d-3bae068b7f6b,215104449,Commune de Saint-Euphraise-et-Clairizet (51),false,{51479},Commune,2026-03-24 14:42:01.954481+01,gold_establishments_2025,,,,21510444900016,2025,Collectivité Territoriale,Commune,['Marne'],['Grand Est'],COM,{51},{44}
7d3888b6-a622-4fc0-8519-57894d041575,212105472,Commune de Saint-Euphrône (21),false,{21547},Commune,2026-03-24 14:41:55.433389+01,gold_establishments_2025,,,,21210547200014,2025,Collectivité Territoriale,Commune,"[""Côte-d'Or""]",['Bourgogne-Franche-Comté'],COM,{21},{27}
e68db5df-f504-4624-b068-50d7f2743729,217402320,Commune de Saint-Eustache (74),false,{74232},Commune,2026-03-24 14:42:08.818969+01,gold_establishments_2025,,,,21740232000014,2025,Collectivité Territoriale,Commune,['Haute-Savoie'],['Auvergne-Rhône-Alpes'],COM,{74},{84}
2acec978-96b7-40da-924d-185e46a89c2a,217605765,Commune de Saint-Eustache-la-Forêt (76),false,{76576},Commune,2026-03-24 14:42:08.818969+01,gold_establishments_2025,,,,21760576500015,2025,Collectivité Territoriale,Commune,['Seine-Maritime'],['Normandie'],COM,{76},{28}
ea10ad7f-c62b-4021-a780-be4bccb6f589,217104124,Commune de Saint-Eusèbe (71),false,{71412},Commune,2026-03-24 14:42:08.279287+01,gold_establishments_2025,,,,21710412400011,2025,Collectivité Territoriale,Commune,['Saône-et-Loire'],['Bourgogne-Franche-Comté'],COM,{71},{27}
22f7ba94-87a6-4f7a-b7d5-5929a9e57577,217402312,Commune de Saint-Eusèbe (74),false,{74231},Commune,2026-03-24 14:42:08.818969+01,gold_establishments_2025,,,,21740231200011,2025,Collectivité Territoriale,Commune,['Haute-Savoie'],['Auvergne-Rhône-Alpes'],COM,{74},{84}
c4d60e34-ec20-4c85-9e75-55f8ca69471f,214702417,Commune de Saint-Eutrope-de-Born (47),false,{47241},Commune,2026-03-24 14:42:00.862623+01,gold_establishments_2025,,,,21470241700012,2025,Collectivité Territoriale,Commune,['Lot-et-Garonne'],['Nouvelle-Aquitaine'],COM,{47},{75}
710bdab7-22cf-48f0-aef0-7347d5e680e5,216103861,Commune de Saint-Evroult-Notre-Dame-du-Bois (61),false,{61386},Commune,2026-03-24 14:42:05.597325+01,gold_establishments_2025,,,,21610386100060,2025,Collectivité Territoriale,Commune,['Orne'],['Normandie'],COM,{61},{28}
2deeff65-caeb-4031-a967-8527694d7c1f,216103853,Commune de Saint-Evroult-de-Montfort (61),false,{61385},Commune,2026-03-24 14:42:05.597325+01,gold_establishments_2025,,,,21610385300018,2025,Collectivité Territoriale,Commune,['Orne'],['Normandie'],COM,{61},{28}
d85ab46b-0568-43a3-8608-c9c1bd77dcdc,213303985,Commune de Saint-Exupéry (33),false,{33398},Commune,2026-03-24 14:41:58.620411+01,gold_establishments_2025,,,,21330398500013,2025,Collectivité Territoriale,Commune,['Gironde'],['Nouvelle-Aquitaine'],COM,{33},{75}
0789db13-19dd-4803-8fbb-5e2c8004319b,211920103,Commune de Saint-Exupéry-les-Roches (19),false,{19201},Commune,2026-03-24 14:41:54.903238+01,gold_establishments_2025,,,,21192010300010,2025,Collectivité Territoriale,Commune,['Corrèze'],['Nouvelle-Aquitaine'],COM,{19},{75}
2af5e4dd-7997-40d0-985b-885fdbc5e05d,218903441,Commune de Saint-Fargeau (89),false,{89344},Commune,2026-03-24 14:42:11.659493+01,gold_establishments_2025,,,,21890344100010,2025,Collectivité Territoriale,Commune,['Yonne'],['Bourgogne-Franche-Comté'],COM,{89},{27}
9a925f18-81fc-4358-b372-a37d1e3a47da,217704071,Commune de Saint-Fargeau-Ponthierry (77),false,{77407},Commune,2026-03-24 14:42:09.43682+01,gold_establishments_2025,,,,21770407100166,2025,Collectivité Territoriale,Commune,['Seine-et-Marne'],['Île-de-France'],COM,{77},{11}
2b285973-a69a-419d-9c53-fe784991c0e9,210302311,Commune de Saint-Fargeol (03),false,{03231},Commune,2026-03-24 14:41:52.020251+01,gold_establishments_2025,,,,21030231100019,2025,Collectivité Territoriale,Commune,['Allier'],['Auvergne-Rhône-Alpes'],COM,{03},{84}
7e5e6ed9-2926-44a4-853e-12aecb83a7ae,216404780,Commune de Saint-Faust (64),false,{64478},Commune,2026-03-24 14:42:06.665412+01,gold_establishments_2025,,,,21640478000019,2025,Collectivité Territoriale,Commune,['Pyrénées-Atlantiques'],['Nouvelle-Aquitaine'],COM,{64},{75}
c9c0522e-ab7c-466c-819c-a6bd6b703f85,210803433,Commune de Saint-Fergeux (08),false,{08380},Commune,2026-03-24 14:41:53.095366+01,gold_establishments_2025,,,,21080343300015,2025,Collectivité Territoriale,Commune,['Ardennes'],['Grand Est'],COM,{08},{44}
61fa4f2f-5d8f-410f-a054-e64135f82781,217004621,Commune de Saint-Ferjeux (70),false,{70462},Commune,2026-03-24 14:42:07.735343+01,gold_establishments_2025,,,,21700462100017,2025,Collectivité Territoriale,Commune,['Haute-Saône'],['Bourgogne-Franche-Comté'],COM,{70},{27}
8af9e07c-8235-4aa9-9940-ff52323ef62d,213304009,Commune de Saint-Ferme (33),false,{33400},Commune,2026-03-24 14:41:58.620411+01,gold_establishments_2025,,,,21330400900011,2025,Collectivité Territoriale,Commune,['Gironde'],['Nouvelle-Aquitaine'],COM,{33},{75}
bd5fcc2d-faff-4d94-8fcd-d33683944a1c,211103411,Commune de Saint-Ferriol (11),false,{11341},Commune,2026-03-24 14:41:53.63825+01,gold_establishments_2025,,,,21110341100016,2025,Collectivité Territoriale,Commune,['Aude'],['Occitanie'],COM,{11},{76}
507c5b47-d14c-4514-a569-3e8ca85ce32e,217402346,Commune de Saint-Ferréol (74),false,{74234},Commune,2026-03-24 14:42:08.818969+01,gold_establishments_2025,,,,21740234600019,2025,Collectivité Territoriale,Commune,['Haute-Savoie'],['Auvergne-Rhône-Alpes'],COM,{74},{84}
93fdec84-ccca-4949-ab10-6ee1288cd31b,212603047,Commune de Saint-Ferréol-Trente-Pas (26),false,{26304},Commune,2026-03-24 14:41:56.495197+01,gold_establishments_2025,,,,21260304700011,2025,Collectivité Territoriale,Commune,['Drôme'],['Auvergne-Rhône-Alpes'],COM,{26},{84}
1ebe1a31-da1e-4786-b215-eb7626ada8e4,214301848,Commune de Saint-Ferréol-d'Auroure (43),false,{43184},Commune,2026-03-24 14:42:00.273698+01,gold_establishments_2025,,,,21430184800013,2025,Collectivité Territoriale,Commune,['Haute-Loire'],['Auvergne-Rhône-Alpes'],COM,{43},{84}
097fb693-6a25-4554-9018-e559a2102e51,213104797,Commune de Saint-Ferréol-de-Comminges (31),false,{31479},Commune,2026-03-24 14:41:58.09424+01,gold_establishments_2025,,,,21310479700013,2025,Collectivité Territoriale,Commune,['Haute-Garonne'],['Occitanie'],COM,{31},{76}
da45b2e0-92ce-40ca-aaf1-5c7590c4b902,216303412,Commune de Saint-Ferréol-des-Côtes (63),false,{63341},Commune,2026-03-24 14:42:06.130387+01,gold_establishments_2025,,,,21630341200011,2025,Collectivité Territoriale,Commune,['Puy-de-Dôme'],['Auvergne-Rhône-Alpes'],COM,{63},{84}
4a9f18f1-2d95-4de2-a9ac-31192ee1e215,212202899,Commune de Saint-Fiacre (22),false,{22289},Commune,2026-03-24 14:41:55.958138+01,gold_establishments_2025,,,,21220289900010,2025,Collectivité Territoriale,Commune,"[""Côtes-d'Armor""]",['Bretagne'],COM,{22},{53}
6e8fb1a3-90cc-48b9-bc84-002a25f05819,217704089,Commune de Saint-Fiacre (77),false,{77408},Commune,2026-03-24 14:42:09.43682+01,gold_establishments_2025,,,,21770408900010,2025,Collectivité Territoriale,Commune,['Seine-et-Marne'],['Île-de-France'],COM,{77},{11}
a0cbd43d-bf51-4e00-94bc-ee3019c1cbe0,214401598,Commune de Saint-Fiacre-sur-Maine (44),false,{44159},Commune,2026-03-24 14:42:00.273698+01,gold_establishments_2025,,,,21440159800013,2025,Collectivité Territoriale,Commune,['Loire-Atlantique'],['Pays de la Loire'],COM,{44},{52}
ae490961-5e93-49ee-82ee-4c9f1ebef31c,212319503,Commune de Saint-Fiel (23),false,{23195},Commune,2026-03-24 14:41:55.958138+01,gold_establishments_2025,,,,21231950300018,2025,Collectivité Territoriale,Commune,['Creuse'],['Nouvelle-Aquitaine'],COM,{23},{75}
169d7044-4b26-49b5-9cbe-115dd7300e87,210501425,Commune de Saint-Firmin (05),false,{05142},Commune,2026-03-24 14:41:52.562531+01,gold_establishments_2025,,,,21050142500016,2025,Collectivité Territoriale,Commune,['Hautes-Alpes'],"[""Provence-Alpes-Côte d'Azur""]",COM,{05},{93}
15f0bf87-1f74-488c-b193-0a373c5b113a,215404732,Commune de Saint-Firmin (54),false,{54473},Commune,2026-03-24 14:42:02.957225+01,gold_establishments_2025,,,,21540473200012,2025,Collectivité Territoriale,Commune,['Meurthe-et-Moselle'],['Grand Est'],COM,{54},{44}
0c27ea6d-a7f5-4b68-a12b-b7b0e5d0fa79,215802398,Commune de Saint-Firmin (58),false,{58239},Commune,2026-03-24 14:42:04.280096+01,gold_establishments_2025,,,,21580239800010,2025,Collectivité Territoriale,Commune,['Nièvre'],['Bourgogne-Franche-Comté'],COM,{58},{27}
91faf919-347a-482e-8f54-3106a2ec0931,217104132,Commune de Saint-Firmin (71),false,{71413},Commune,2026-03-24 14:42:08.279287+01,gold_establishments_2025,,,,21710413200014,2025,Collectivité Territoriale,Commune,['Saône-et-Loire'],['Bourgogne-Franche-Comté'],COM,{71},{27}
b21f7ac6-23c0-4cc0-8ac1-627e7b3e7b7d,214502759,Commune de Saint-Firmin-des-Bois (45),false,{45275},Commune,2026-03-24 14:42:00.862623+01,gold_establishments_2025,,,,21450275900019,2025,Collectivité Territoriale,Commune,['Loiret'],['Centre-Val de Loire'],COM,{45},{24}
06e46db7-567f-479d-98be-69901ef596ae,214102097,Commune de Saint-Firmin-des-Prés (41),false,{41209},Commune,2026-03-24 14:42:00.273698+01,gold_establishments_2025,,,,21410209700018,2025,Collectivité Territoriale,Commune,['Loir-et-Cher'],['Centre-Val de Loire'],COM,{41},{24}
2b2fb405-70d2-48c7-a14e-c767e10fa8de,214502767,Commune de Saint-Firmin-sur-Loire (45),false,{45276},Commune,2026-03-24 14:42:00.862623+01,gold_establishments_2025,,,,21450276700012,2025,Collectivité Territoriale,Commune,['Loiret'],['Centre-Val de Loire'],COM,{45},{24}
0f5c915a-2631-43bb-9aa0-d9b1184856af,211003280,Commune de Saint-Flavy (10),false,{10339},Commune,2026-03-24 14:41:53.095366+01,gold_establishments_2025,,,,21100328000016,2025,Collectivité Territoriale,Commune,['Aube'],['Grand Est'],COM,{10},{44}
e839f16e-335b-4a1e-bf0f-305d7c2307d6,212002984,Commune de Saint-Florent (2B),false,{2B298},Commune,2026-03-24 14:41:57.56054+01,gold_establishments_2025,,,,21200298400012,2025,Collectivité Territoriale,Commune,['Haute-Corse'],['Corse'],COM,{2B},{94}
98f40f5e-18cf-43e0-bcd5-f19bbcf0b30b,214502775,Commune de Saint-Florent (45),false,{45277},Commune,2026-03-24 14:42:00.862623+01,gold_establishments_2025,,,,21450277500015,2025,Collectivité Territoriale,Commune,['Loiret'],['Centre-Val de Loire'],COM,{45},{24}
db575d17-48cf-4100-b139-362f92dfc6c6,213002538,Commune de Saint-Florent-sur-Auzonnet (30),false,{30253},Commune,2026-03-24 14:41:57.56054+01,gold_establishments_2025,,,,21300253800014,2025,Collectivité Territoriale,Commune,['Gard'],['Occitanie'],COM,{30},{76}
35a881f0-39e0-4854-9e11-80cc2f3798b2,211802079,Commune de Saint-Florent-sur-Cher (18),false,{18207},Commune,2026-03-24 14:41:54.903238+01,gold_establishments_2025,,,,21180207900015,2025,Collectivité Territoriale,Commune,['Cher'],['Centre-Val de Loire'],COM,{18},{24}
e799bbd1-e25c-4493-8d00-7095f623b7b4,213601917,Commune de Saint-Florentin (36),false,{36191},Commune,2026-03-24 14:41:59.160244+01,gold_establishments_2025,,,,21360191700015,2025,Collectivité Territoriale,Commune,['Indre'],['Centre-Val de Loire'],COM,{36},{24}
9ebe8107-c185-4978-87da-19c4be57054d,218903458,Commune de Saint-Florentin (89),false,{89345},Commune,2026-03-24 14:42:11.659493+01,gold_establishments_2025,,,,21890345800014,2025,Collectivité Territoriale,Commune,['Yonne'],['Bourgogne-Franche-Comté'],COM,{89},{27}
856be608-9569-4d51-9b98-c1711c5aa197,216303420,Commune de Saint-Floret (63),false,{63342},Commune,2026-03-24 14:42:06.130387+01,gold_establishments_2025,,,,21630342000014,2025,Collectivité Territoriale,Commune,['Puy-de-Dôme'],['Auvergne-Rhône-Alpes'],COM,{63},{84}
5fc94f78-bf78-499e-9d97-af5bf6a64941,216207472,Commune de Saint-Floris (62),false,{62747},Commune,2026-03-24 14:42:06.130387+01,gold_establishments_2025,,,,21620747200012,2025,Collectivité Territoriale,Commune,['Pas-de-Calais'],['Hauts-de-France'],COM,{62},{32}
b8b3d60e-b59c-4986-bfb0-cfdd0c941246,211501879,Commune de Saint-Flour (15),false,{15187},Commune,2026-03-24 14:41:54.362296+01,gold_establishments_2025,,,,21150187900012,2025,Collectivité Territoriale,Commune,['Cantal'],['Auvergne-Rhône-Alpes'],COM,{15},{84}
36c52638-e774-451b-b0d7-ba2f2428d73f,214801508,Commune de Saint-Flour-de-Mercoire (48),false,{48150},Commune,2026-03-24 14:42:01.412377+01,gold_establishments_2025,,,,21480150800018,2025,Collectivité Territoriale,Commune,['Lozère'],['Occitanie'],COM,{48},{76}
568b75b1-c48d-4335-8b3f-665e2308fd21,216303438,Commune de Saint-Flour-l'Étang (63),false,{63343},Commune,2026-03-24 14:42:06.130387+01,gold_establishments_2025,,,,21630343800016,2025,Collectivité Territoriale,Commune,['Puy-de-Dôme'],['Auvergne-Rhône-Alpes'],COM,{63},{84}
efc5b74e-ce93-4cc1-8b27-2212a4653f5e,213702186,Commune de Saint-Flovier (37),false,{37218},Commune,2026-03-24 14:41:59.160244+01,gold_establishments_2025,,,,21370218600015,2025,Collectivité Territoriale,Commune,['Indre-et-Loire'],['Centre-Val de Loire'],COM,{37},{24}
b138c4db-3f55-4186-99d2-2d65f7d13649,215004672,Commune de Saint-Floxel (50),false,{50467},Commune,2026-03-24 14:42:01.412377+01,gold_establishments_2025,,,,21500467200014,2025,Collectivité Territoriale,Commune,['Manche'],['Normandie'],COM,{50},{28}
a4582d7d-9df2-41b8-9b4f-ada037ca7b0d,216207480,Commune de Saint-Folquin (62),false,{62748},Commune,2026-03-24 14:42:06.130387+01,gold_establishments_2025,,,,21620748000015,2025,Collectivité Territoriale,Commune,['Pas-de-Calais'],['Hauts-de-France'],COM,{62},{32}
0c145c4c-87a5-4c7c-b877-55968377cd5b,216901991,Commune de Saint-Fons (69),false,{69199},Commune,2026-03-24 14:42:07.735343+01,gold_establishments_2025,,,,21690199100010,2025,Collectivité Territoriale,Commune,['Rhône'],['Auvergne-Rhône-Alpes'],COM,{69},{84}
e3c317d0-e023-4008-90b3-5f1cea258704,217104140,Commune de Saint-Forgeot (71),false,{71414},Commune,2026-03-24 14:42:08.279287+01,gold_establishments_2025,,,,21710414000017,2025,Collectivité Territoriale,Commune,['Saône-et-Loire'],['Bourgogne-Franche-Comté'],COM,{71},{27}
0730a0d5-3aff-4f95-a982-6be34b2b2724,217805480,Commune de Saint-Forget (78),false,{78548},Commune,2026-03-24 14:42:09.43682+01,gold_establishments_2025,,,,21780548000019,2025,Collectivité Territoriale,Commune,['Yvelines'],['Île-de-France'],COM,{78},{11}
e97e55ec-14a5-4337-b2f1-179914828b89,216902007,Commune de Saint-Forgeux (69),false,{69200},Commune,2026-03-24 14:42:07.735343+01,gold_establishments_2025,,,,21690200700014,2025,Collectivité Territoriale,Commune,['Rhône'],['Auvergne-Rhône-Alpes'],COM,{69},{84}
96cbe2a9-815e-43f5-b545-b2a27b9da77e,214202202,Commune de Saint-Forgeux-Lespinasse (42),false,{42220},Commune,2026-03-24 14:42:00.273698+01,gold_establishments_2025,,,,21420220200013,2025,Collectivité Territoriale,Commune,['Loire'],['Auvergne-Rhône-Alpes'],COM,{42},{84}
2d26b93c-a7c1-4ec1-b4dd-88281a7edcfd,211703285,Commune de Saint-Fort-sur-Gironde (17),false,{17328},Commune,2026-03-24 14:41:54.903238+01,gold_establishments_2025,,,,21170328500018,2025,Collectivité Territoriale,Commune,['Charente-Maritime'],['Nouvelle-Aquitaine'],COM,{17},{75}
61030b0a-16fb-486a-9fe5-2fceed987893,211603162,Commune de Saint-Fort-sur-le-Né (16),false,{16316},Commune,2026-03-24 14:41:54.362296+01,gold_establishments_2025,,,,21160316200010,2025,Collectivité Territoriale,Commune,['Charente'],['Nouvelle-Aquitaine'],COM,{16},{75}
ba22e06a-670d-4152-b37e-3cfbc838e97e,210702379,Commune de Saint-Fortunat-sur-Eyrieux (07),false,{07237},Commune,2026-03-24 14:41:52.562531+01,gold_establishments_2025,,,,21070237900012,2025,Collectivité Territoriale,Commune,['Ardèche'],['Auvergne-Rhône-Alpes'],COM,{07},{84}
7d4ee1ea-3912-48ec-87b3-d05bb0b5966a,211603170,Commune de Saint-Fraigne (16),false,{16317},Commune,2026-03-24 14:41:54.362296+01,gold_establishments_2025,,,,21160317000013,2025,Collectivité Territoriale,Commune,['Charente'],['Nouvelle-Aquitaine'],COM,{16},{75}
257d5ae7-d772-4a22-af3d-4797ecd86542,216103879,Commune de Saint-Fraimbault (61),false,{61387},Commune,2026-03-24 14:42:05.597325+01,gold_establishments_2025,,,,21610387900013,2025,Collectivité Territoriale,Commune,['Orne'],['Normandie'],COM,{61},{28}
165ecd14-cd71-47aa-969b-23c56293406f,215302167,Commune de Saint-Fraimbault-de-Prières (53),false,{53216},Commune,2026-03-24 14:42:02.957225+01,gold_establishments_2025,,,,21530216700014,2025,Collectivité Territoriale,Commune,['Mayenne'],['Pays de la Loire'],COM,{53},{52}
1eaf9455-f6b3-4fd9-96ee-82405f54ec71,213104821,Commune de Saint-Frajou (31),false,{31482},Commune,2026-03-24 14:41:58.09424+01,gold_establishments_2025,,,,21310482100011,2025,Collectivité Territoriale,Commune,['Haute-Garonne'],['Occitanie'],COM,{31},{76}
e2e4bc4d-92c5-4585-9314-d0b501a477db,217302330,Commune de Saint-Franc (73),false,{73233},Commune,2026-03-24 14:42:08.279287+01,gold_establishments_2025,,,,21730233000014,2025,Collectivité Territoriale,Commune,['Savoie'],['Auvergne-Rhône-Alpes'],COM,{73},{84}
1e91b01b-8241-49ba-968e-f7cad02d01e0,215802406,Commune de Saint-Franchy (58),false,{58240},Commune,2026-03-24 14:42:04.280096+01,gold_establishments_2025,,,,21580240600011,2025,Collectivité Territoriale,Commune,['Nièvre'],['Bourgogne-Franche-Comté'],COM,{58},{27}
a4c966bd-1469-4457-bacf-d1baf7298357,219711256,Commune de Saint-François (971),false,{97125},Commune,2026-03-24 14:42:11.659493+01,gold_establishments_2025,,,,21971125600012,2025,Collectivité Territoriale,Commune,['Guadeloupe'],['Guadeloupe'],COM,{971},{01}
de91589f-044f-4148-aeb5-b1b6500d513e,215706102,Commune de Saint-François-Lacroix (57),false,{57610},Commune,2026-03-24 14:42:04.280096+01,gold_establishments_2025,,,,21570610200013,2025,Collectivité Territoriale,Commune,['Moselle'],['Grand Est'],COM,{57},{44}
3dfe9231-0851-454d-83de-11e257ba52fe,217302348,Commune de Saint-François-de-Sales (73),false,{73234},Commune,2026-03-24 14:42:08.279287+01,gold_establishments_2025,,,,21730234800016,2025,Collectivité Territoriale,Commune,['Savoie'],['Auvergne-Rhône-Alpes'],COM,{73},{84}
bf744c21-0862-4aea-8498-7bd377c0dea8,211103429,Commune de Saint-Frichoux (11),false,{11342},Commune,2026-03-24 14:41:53.63825+01,gold_establishments_2025,,,,21110342900018,2025,Collectivité Territoriale,Commune,['Aude'],['Occitanie'],COM,{11},{76}
8c239cc6-d397-4e20-b1d1-5cddaa106bc6,212319602,Commune de Saint-Frion (23),false,{23196},Commune,2026-03-24 14:41:55.958138+01,gold_establishments_2025,,,,21231960200018,2025,Collectivité Territoriale,Commune,['Creuse'],['Nouvelle-Aquitaine'],COM,{23},{75}
9b403732-2142-46a0-be39-3673b33d0969,215004680,Commune de Saint-Fromond (50),false,{50468},Commune,2026-03-24 14:42:01.412377+01,gold_establishments_2025,,,,21500468000017,2025,Collectivité Territoriale,Commune,['Manche'],['Normandie'],COM,{50},{28}
f666be01-9f2f-4714-b419-dfb8f26d6719,211603188,Commune de Saint-Front (16),false,{16318},Commune,2026-03-24 14:41:54.362296+01,gold_establishments_2025,,,,21160318800015,2025,Collectivité Territoriale,Commune,['Charente'],['Nouvelle-Aquitaine'],COM,{16},{75}
89fe8bbe-f3d1-4bce-aec6-319405cfc3cc,214301863,Commune de Saint-Front (43),false,{43186},Commune,2026-03-24 14:42:00.273698+01,gold_establishments_2025,,,,21430186300012,2025,Collectivité Territoriale,Commune,['Haute-Loire'],['Auvergne-Rhône-Alpes'],COM,{43},{84}
75dc0bf7-5ec1-4f56-97b2-a3a98a15b85f,212404081,Commune de Saint-Front-d'Alemps (24),false,{24408},Commune,2026-03-24 14:41:55.958138+01,gold_establishments_2025,,,,21240408100011,2025,Collectivité Territoriale,Commune,['Dordogne'],['Nouvelle-Aquitaine'],COM,{24},{75}
7592e22a-631e-4467-8211-784cc38bcfcb,212404099,Commune de Saint-Front-de-Pradoux (24),false,{24409},Commune,2026-03-24 14:41:55.958138+01,gold_establishments_2025,,,,21240409900047,2025,Collectivité Territoriale,Commune,['Dordogne'],['Nouvelle-Aquitaine'],COM,{24},{75}
a5c13eee-51d1-43f7-8170-489763a27e88,212404107,Commune de Saint-Front-la-Rivière (24),false,{24410},Commune,2026-03-24 14:41:55.958138+01,gold_establishments_2025,,,,21240410700014,2025,Collectivité Territoriale,Commune,['Dordogne'],['Nouvelle-Aquitaine'],COM,{24},{75}
fe244146-cb0d-4384-8013-f71e3248fc37,214702425,Commune de Saint-Front-sur-Lémance (47),false,{47242},Commune,2026-03-24 14:42:00.862623+01,gold_establishments_2025,,,,21470242500015,2025,Collectivité Territoriale,Commune,['Lot-et-Garonne'],['Nouvelle-Aquitaine'],COM,{47},{75}
b8461cac-f3fe-4f64-b598-f6741fc8100b,212404115,Commune de Saint-Front-sur-Nizonne (24),false,{24411},Commune,2026-03-24 14:41:55.958138+01,gold_establishments_2025,,,,21240411500017,2025,Collectivité Territoriale,Commune,['Dordogne'],['Nouvelle-Aquitaine'],COM,{24},{75}
30bcd42d-534b-4bcd-84ab-ba8abd534f96,211703293,Commune de Saint-Froult (17),false,{17329},Commune,2026-03-24 14:41:54.903238+01,gold_establishments_2025,,,,21170329300012,2025,Collectivité Territoriale,Commune,['Charente-Maritime'],['Nouvelle-Aquitaine'],COM,{17},{75}
7b7aa084-bb83-4b8e-a6ae-8985d1d34640,212902480,Commune de Saint-Frégant (29),false,{29248},Commune,2026-03-24 14:41:57.56054+01,gold_establishments_2025,,,,21290248000012,2025,Collectivité Territoriale,Commune,['Finistère'],['Bretagne'],COM,{29},{53}
ed7b3cff-d78a-48b9-b70d-949047d49e98,211920400,Commune de Saint-Fréjoux (19),false,{19204},Commune,2026-03-24 14:41:54.903238+01,gold_establishments_2025,,,,21192040000010,2025,Collectivité Territoriale,Commune,['Corrèze'],['Nouvelle-Aquitaine'],COM,{19},{75}
8d4b7db6-1524-4e0b-a46b-c3dfd2830f03,214801516,Commune de Saint-Frézal-d'Albuges (48),false,{48151},Commune,2026-03-24 14:42:01.412377+01,gold_establishments_2025,,,,21480151600011,2025,Collectivité Territoriale,Commune,['Lozère'],['Occitanie'],COM,{48},{76}
9be58191-21cd-4e8a-8d19-44224568a287,218502151,Commune de Saint-Fulgent (85),false,{85215},Commune,2026-03-24 14:42:10.508772+01,gold_establishments_2025,,,,21850215100010,2025,Collectivité Territoriale,Commune,['Vendée'],['Pays de la Loire'],COM,{85},{52}
0b9c6216-aeb6-402d-8706-a2a097ce7950,216103887,Commune de Saint-Fulgent-des-Ormes (61),false,{61388},Commune,2026-03-24 14:42:05.597325+01,gold_establishments_2025,,,,21610388700016,2025,Collectivité Territoriale,Commune,['Orne'],['Normandie'],COM,{61},{28}
9171bb6a-9598-4b89-9de3-07df14a80a9c,218006617,Commune de Saint-Fuscien (80),false,{80702},Commune,2026-03-24 14:42:09.967209+01,gold_establishments_2025,,,,21800661700045,2025,Collectivité Territoriale,Commune,['Somme'],['Hauts-de-France'],COM,{80},{32}
555389bf-a995-4aeb-b8df-54bcfcd2d609,210702361,Commune de Saint-Félicien (07),false,{07236},Commune,2026-03-24 14:41:52.562531+01,gold_establishments_2025,,,,21070236100010,2025,Collectivité Territoriale,Commune,['Ardèche'],['Auvergne-Rhône-Alpes'],COM,{07},{84}
cedfa7a4-2e2d-43cc-9081-fc8a72c24596,216601732,Commune de Saint-Féliu-d'Amont (66),false,{66173},Commune,2026-03-24 14:42:06.665412+01,gold_establishments_2025,,,,21660173200011,2025,Collectivité Territoriale,Commune,['Pyrénées-Orientales'],['Occitanie'],COM,{66},{76}
64c747e8-4f2c-4165-b33d-59825f5c79aa,216601740,Commune de Saint-Féliu-d'Avall (66),false,{66174},Commune,2026-03-24 14:42:06.665412+01,gold_establishments_2025,,,,21660174000014,2025,Collectivité Territoriale,Commune,['Pyrénées-Orientales'],['Occitanie'],COM,{66},{76}
a49b9099-4125-4f83-8de7-6cc5d094045e,210302329,Commune de Saint-Félix (03),false,{03232},Commune,2026-03-24 14:41:52.020251+01,gold_establishments_2025,,,,21030232900011,2025,Collectivité Territoriale,Commune,['Allier'],['Auvergne-Rhône-Alpes'],COM,{03},{84}
43cf32a0-c06a-49b8-b5f0-4f23a649e7dd,211603154,Commune de Saint-Félix (16),false,{16315},Commune,2026-03-24 14:41:54.362296+01,gold_establishments_2025,,,,21160315400017,2025,Collectivité Territoriale,Commune,['Charente'],['Nouvelle-Aquitaine'],COM,{16},{75}
2aa757ed-177f-47c8-af4e-b680539c7620,211703277,Commune de Saint-Félix (17),false,{17327},Commune,2026-03-24 14:41:54.903238+01,gold_establishments_2025,,,,21170327700015,2025,Collectivité Territoriale,Commune,['Charente-Maritime'],['Nouvelle-Aquitaine'],COM,{17},{75}
79ec9bd9-353d-4c70-b866-68761d575b7f,214602666,Commune de Saint-Félix (46),false,{46266},Commune,2026-03-24 14:42:00.862623+01,gold_establishments_2025,,,,21460266600015,2025,Collectivité Territoriale,Commune,['Lot'],['Occitanie'],COM,{46},{76}
23bebefd-ebd6-4377-8b15-354760e401f5,216005686,Commune de Saint-Félix (60),false,{60574},Commune,2026-03-24 14:42:04.814328+01,gold_establishments_2025,,,,21600568600011,2025,Collectivité Territoriale,Commune,['Oise'],['Hauts-de-France'],COM,{60},{32}
0c27e113-cc6a-466a-afd9-8ab8cd422f04,217402338,Commune de Saint-Félix (74),false,{74233},Commune,2026-03-24 14:42:08.818969+01,gold_establishments_2025,,,,21740233800016,2025,Collectivité Territoriale,Commune,['Haute-Savoie'],['Auvergne-Rhône-Alpes'],COM,{74},{84}
98944f4d-9122-481d-b938-a9be802d62cb,213104789,Commune de Saint-Félix-Lauragais (31),false,{31478},Commune,2026-03-24 14:41:58.09424+01,gold_establishments_2025,,,,21310478900010,2025,Collectivité Territoriale,Commune,['Haute-Garonne'],['Occitanie'],COM,{31},{76}
5f5a2e8c-2d6d-4599-adb0-6ef1f74b39e4,212404032,Commune de Saint-Félix-de-Bourdeilles (24),false,{24403},Commune,2026-03-24 14:41:55.958138+01,gold_establishments_2025,,,,21240403200014,2025,Collectivité Territoriale,Commune,['Dordogne'],['Nouvelle-Aquitaine'],COM,{24},{75}
1bd3d09f-c192-46b9-97a0-9badd7029f2d,213303993,Commune de Saint-Félix-de-Foncaude (33),false,{33399},Commune,2026-03-24 14:41:58.620411+01,gold_establishments_2025,,,,21330399300017,2025,Collectivité Territoriale,Commune,['Gironde'],['Nouvelle-Aquitaine'],COM,{33},{75}
a4203e19-c7eb-4343-a8c7-ac76aac3e768,213402548,Commune de Saint-Félix-de-Lodez (34),false,{34254},Commune,2026-03-24 14:41:58.620411+01,gold_establishments_2025,,,,21340254800019,2025,Collectivité Territoriale,Commune,['Hérault'],['Occitanie'],COM,{34},{76}
3a5ad345-28bf-4084-9977-50e2f64d6f99,211202213,Commune de Saint-Félix-de-Lunel (12),false,{12221},Commune,2026-03-24 14:41:53.63825+01,gold_establishments_2025,,,,21120221300016,2025,Collectivité Territoriale,Commune,['Aveyron'],['Occitanie'],COM,{12},{76}
ff29bffc-7e6a-440f-9ba2-69d5f0e06ce3,213002520,Commune de Saint-Félix-de-Pallières (30),false,{30252},Commune,2026-03-24 14:41:57.56054+01,gold_establishments_2025,,,,21300252000012,2025,Collectivité Territoriale,Commune,['Gard'],['Occitanie'],COM,{30},{76}
2d7c6901-f137-47d3-9b37-6f75c84b6ef5,212404040,Commune de Saint-Félix-de-Reillac-et-Mortemart (24),false,{24404},Commune,2026-03-24 14:41:55.958138+01,gold_establishments_2025,,,,21240404000017,2025,Collectivité Territoriale,Commune,['Dordogne'],['Nouvelle-Aquitaine'],COM,{24},{75}
be62ec22-0ce7-47cc-9d58-1cf92c79d277,210902581,Commune de Saint-Félix-de-Rieutord (09),false,{09258},Commune,2026-03-24 14:41:53.095366+01,gold_establishments_2025,,,,21090258100011,2025,Collectivité Territoriale,Commune,['Ariège'],['Occitanie'],COM,{09},{76}
0db2211d-962f-4363-b8d0-7648a04cfb2d,211202221,Commune de Saint-Félix-de-Sorgues (12),false,{12222},Commune,2026-03-24 14:41:53.63825+01,gold_establishments_2025,,,,21120222100019,2025,Collectivité Territoriale,Commune,['Aveyron'],['Occitanie'],COM,{12},{76}
33f634e0-f650-425b-8b24-2497353794a3,210902599,Commune de Saint-Félix-de-Tournegat (09),false,{09259},Commune,2026-03-24 14:41:53.095366+01,gold_establishments_2025,,,,21090259900013,2025,Collectivité Territoriale,Commune,['Ariège'],['Occitanie'],COM,{09},{76}
2b54646a-c165-47fb-a28a-f43b96ac7986,212404057,Commune de Saint-Félix-de-Villadeix (24),false,{24405},Commune,2026-03-24 14:41:55.958138+01,gold_establishments_2025,,,,21240405700011,2025,Collectivité Territoriale,Commune,['Dordogne'],['Nouvelle-Aquitaine'],COM,{24},{75}
b6150f22-afae-4c2a-bbf2-a43e4d83b84f,213402530,Commune de Saint-Félix-de-l'Héras (34),false,{34253},Commune,2026-03-24 14:41:58.620411+01,gold_establishments_2025,,,,21340253000017,2025,Collectivité Territoriale,Commune,['Hérault'],['Occitanie'],COM,{34},{76}
e2d0ae46-9227-4704-8152-97926105310b,214801532,Commune de Saint-Gal (48),false,{48153},Commune,2026-03-24 14:42:01.412377+01,gold_establishments_2025,,,,21480153200018,2025,Collectivité Territoriale,Commune,['Lozère'],['Occitanie'],COM,{48},{76}
1c4154b0-abf9-483e-aeca-2392896d8494,216303446,Commune de Saint-Gal-sur-Sioule (63),false,{63344},Commune,2026-03-24 14:42:06.130387+01,gold_establishments_2025,,,,21630344600019,2025,Collectivité Territoriale,Commune,['Puy-de-Dôme'],['Auvergne-Rhône-Alpes'],COM,{63},{84}
d4ef497d-203a-4285-b202-68326e002dbd,214202228,Commune de Saint-Galmier (42),false,{42222},Commune,2026-03-24 14:42:00.273698+01,gold_establishments_2025,,,,21420222800018,2025,Collectivité Territoriale,Commune,['Loire'],['Auvergne-Rhône-Alpes'],COM,{42},{84}
1b405b0f-3e34-4f6d-a994-b3f7b2bb5ef5,217004639,Commune de Saint-Gand (70),false,{70463},Commune,2026-03-24 14:42:07.735343+01,gold_establishments_2025,,,,21700463900019,2025,Collectivité Territoriale,Commune,['Haute-Saône'],['Bourgogne-Franche-Comté'],COM,{70},{27}
8da33a45-446a-4147-80f8-aad5e2611abd,213502685,Commune de Saint-Ganton (35),false,{35268},Commune,2026-03-24 14:41:59.160244+01,gold_establishments_2025,,,,21350268500018,2025,Collectivité Territoriale,Commune,['Ille-et-Vilaine'],['Bretagne'],COM,{35},{53}
1301b995-c51d-4d52-b40f-f87dc67be9e6,211405782,Commune de Saint-Gatien-des-Bois (14),false,{14578},Commune,2026-03-24 14:41:54.362296+01,gold_establishments_2025,,,,21140578200015,2025,Collectivité Territoriale,Commune,['Calvados'],['Normandie'],COM,{14},{28}
413f58ec-2c89-4001-8c89-58ef2f7ec5a1,213104839,Commune de Saint-Gaudens (31),false,{31483},Commune,2026-03-24 14:41:58.09424+01,gold_establishments_2025,,,,21310483900013,2025,Collectivité Territoriale,Commune,['Haute-Garonne'],['Occitanie'],COM,{31},{76}
5ee06a4b-2f6a-48a9-bac2-c4dfdc80ca4c,218602209,Commune de Saint-Gaudent (86),false,{86220},Commune,2026-03-24 14:42:10.508772+01,gold_establishments_2025,,,,21860220900015,2025,Collectivité Territoriale,Commune,['Vienne'],['Nouvelle-Aquitaine'],COM,{86},{75}
bcd1683c-ae49-422d-9c37-c1a4dc4d1f4f,211103437,Commune de Saint-Gaudéric (11),false,{11343},Commune,2026-03-24 14:41:53.63825+01,gold_establishments_2025,,,,21110343700011,2025,Collectivité Territoriale,Commune,['Aude'],['Occitanie'],COM,{11},{76}
13d05553-92a7-4e6f-8a4d-03b6b5911d81,213601925,Commune de Saint-Gaultier (36),false,{36192},Commune,2026-03-24 14:41:59.160244+01,gold_establishments_2025,,,,21360192500018,2025,Collectivité Territoriale,Commune,['Indre'],['Centre-Val de Loire'],COM,{36},{24}
47a5ce1b-02b2-4841-a7e0-8fb4a94d0d24,218102481,Commune de Saint-Gauzens (81),false,{81248},Commune,2026-03-24 14:42:09.967209+01,gold_establishments_2025,,,,21810248100015,2025,Collectivité Territoriale,Commune,['Tarn'],['Occitanie'],COM,{81},{76}
752a5c2a-5c26-47ac-bceb-a07cf60f0c71,214002594,Commune de Saint-Gein (40),false,{40259},Commune,2026-03-24 14:41:59.705606+01,gold_establishments_2025,,,,21400259400015,2025,Collectivité Territoriale,Commune,['Landes'],['Nouvelle-Aquitaine'],COM,{40},{75}
a3bd338d-a55b-41eb-860a-60ad9196d992,217902493,Commune de Saint-Gelais (79),false,{79249},Commune,2026-03-24 14:42:09.43682+01,gold_establishments_2025,,,,21790249300014,2025,Collectivité Territoriale,Commune,['Deux-Sèvres'],['Nouvelle-Aquitaine'],COM,{79},{75}
bfa2d206-a53c-45e2-b079-d7367fbb4dc8,218714301,Commune de Saint-Gence (87),false,{87143},Commune,2026-03-24 14:42:11.118516+01,gold_establishments_2025,,,,21871430100015,2025,Collectivité Territoriale,Commune,['Haute-Vienne'],['Nouvelle-Aquitaine'],COM,{87},{75}
03c5d9be-9227-4aa7-aae3-57d831b439c6,210302337,Commune de Saint-Genest (03),false,{03233},Commune,2026-03-24 14:41:52.020251+01,gold_establishments_2025,,,,21030233700014,2025,Collectivité Territoriale,Commune,['Allier'],['Auvergne-Rhône-Alpes'],COM,{03},{84}
388396e0-85b7-43b5-a60d-c0dfb681a24b,218804169,Commune de Saint-Genest (88),false,{88416},Commune,2026-03-24 14:42:11.118516+01,gold_establishments_2025,,,,21880416900017,2025,Collectivité Territoriale,Commune,['Vosges'],['Grand Est'],COM,{88},{44}
4825db64-95ff-478f-afd2-b99ea546584b,210702395,Commune de Saint-Genest-Lachamp (07),false,{07239},Commune,2026-03-24 14:41:52.562531+01,gold_establishments_2025,,,,21070239500018,2025,Collectivité Territoriale,Commune,['Ardèche'],['Auvergne-Rhône-Alpes'],COM,{07},{84}
ee36b1d3-67b6-44bd-bcd5-c4cbdb4c48a4,214202236,Commune de Saint-Genest-Lerpt (42),false,{42223},Commune,2026-03-24 14:42:00.273698+01,gold_establishments_2025,,,,21420223600011,2025,Collectivité Territoriale,Commune,['Loire'],['Auvergne-Rhône-Alpes'],COM,{42},{84}
56a40640-ea43-4c5c-b99e-ed1de2c29aeb,214202244,Commune de Saint-Genest-Malifaux (42),false,{42224},Commune,2026-03-24 14:42:00.273698+01,gold_establishments_2025,,,,21420224400015,2025,Collectivité Territoriale,Commune,['Loire'],['Auvergne-Rhône-Alpes'],COM,{42},{84}
324f7278-eaaf-4922-8b1a-3a560814688c,218602217,Commune de Saint-Genest-d'Ambière (86),false,{86221},Commune,2026-03-24 14:42:10.508772+01,gold_establishments_2025,,,,21860221700018,2025,Collectivité Territoriale,Commune,['Vienne'],['Nouvelle-Aquitaine'],COM,{86},{75}
02ea78c5-ad70-453e-8b2b-7f05a54cea8f,210702387,Commune de Saint-Genest-de-Beauzon (07),false,{07238},Commune,2026-03-24 14:41:52.562531+01,gold_establishments_2025,,,,21070238700015,2025,Collectivité Territoriale,Commune,['Ardèche'],['Auvergne-Rhône-Alpes'],COM,{07},{84}
f6624b34-c965-4163-aead-f250eeedc6e8,218102507,Commune de Saint-Genest-de-Contest (81),false,{81250},Commune,2026-03-24 14:42:09.967209+01,gold_establishments_2025,,,,21810250700017,2025,Collectivité Territoriale,Commune,['Tarn'],['Occitanie'],COM,{81},{76}
6ef79b8b-fe7d-4745-969d-5a1bffc66366,218714400,Commune de Saint-Genest-sur-Roselle (87),false,{87144},Commune,2026-03-24 14:42:11.118516+01,gold_establishments_2025,,,,21871440000015,2025,Collectivité Territoriale,Commune,['Haute-Vienne'],['Nouvelle-Aquitaine'],COM,{87},{75}
4f4a7f80-3dfc-4001-ba60-9aaf25c4612d,214301871,Commune de Saint-Geneys-près-Saint-Paulien (43),false,{43187},Commune,2026-03-24 14:42:00.273698+01,gold_establishments_2025,,,,21430187100015,2025,Collectivité Territoriale,Commune,['Haute-Loire'],['Auvergne-Rhône-Alpes'],COM,{43},{84}
820f1b4b-ba9e-439e-b1c5-e8af83def713,210206546,Commune de Saint-Gengoulph (02),false,{02679},Commune,2026-03-24 14:41:52.020251+01,gold_establishments_2025,,,,21020654600017,2025,Collectivité Territoriale,Commune,['Aisne'],['Hauts-de-France'],COM,{02},{32}
0cda3589-b5c4-4685-b3f7-5df2d57e2081,217104165,Commune de Saint-Gengoux-de-Scissé (71),false,{71416},Commune,2026-03-24 14:42:08.279287+01,gold_establishments_2025,,,,21710416500014,2025,Collectivité Territoriale,Commune,['Saône-et-Loire'],['Bourgogne-Franche-Comté'],COM,{71},{27}
76fab3a3-5f01-4d73-b065-8949fe3aed85,217104173,Commune de Saint-Gengoux-le-National (71),false,{71417},Commune,2026-03-24 14:42:08.279287+01,gold_establishments_2025,,,,21710417300018,2025,Collectivité Territoriale,Commune,['Saône-et-Loire'],['Bourgogne-Franche-Comté'],COM,{71},{27}
49bd3f3d-8c2c-4ad5-a9a1-df87417b351f,210401790,Commune de Saint-Geniez (04),false,{04179},Commune,2026-03-24 14:41:52.562531+01,gold_establishments_2025,,,,21040179000014,2025,Collectivité Territoriale,Commune,['Alpes-de-Haute-Provence'],"[""Provence-Alpes-Côte d'Azur""]",COM,{04},{93}
9804c676-8b20-4bda-8192-293329f08e29,211920509,Commune de Saint-Geniez-ô-Merle (19),false,{19205},Commune,2026-03-24 14:41:54.903238+01,gold_establishments_2025,,,,21192050900018,2025,Collectivité Territoriale,Commune,['Corrèze'],['Nouvelle-Aquitaine'],COM,{19},{75}
6853577b-addf-47ab-bcbc-b8e3c42c9ea2,216902049,Commune de Saint-Genis-Laval (69),false,{69204},Commune,2026-03-24 14:42:07.735343+01,gold_establishments_2025,,,,21690204900016,2025,Collectivité Territoriale,Commune,['Rhône'],['Auvergne-Rhône-Alpes'],COM,{69},{84}
6b21ce03-c6dd-4e2f-aad7-686090ccc300,210103545,Commune de Saint-Genis-Pouilly (01),false,{01354},Commune,2026-03-24 14:41:51.447482+01,gold_establishments_2025,,,,21010354500013,2025,Collectivité Territoriale,Commune,['Ain'],['Auvergne-Rhône-Alpes'],COM,{01},{84}
b2ce60cc-7e65-438a-ae02-306fc324ddf7,211603204,Commune de Saint-Genis-d'Hiersac (16),false,{16320},Commune,2026-03-24 14:41:54.362296+01,gold_establishments_2025,,,,21160320400010,2025,Collectivité Territoriale,Commune,['Charente'],['Nouvelle-Aquitaine'],COM,{16},{75}
c4c3e512-d806-4f5c-b29f-7967e940b476,211703319,Commune de Saint-Genis-de-Saintonge (17),false,{17331},Commune,2026-03-24 14:41:54.903238+01,gold_establishments_2025,,,,21170331900015,2025,Collectivité Territoriale,Commune,['Charente-Maritime'],['Nouvelle-Aquitaine'],COM,{17},{75}
f23e92d0-ec92-4418-be28-d2fe0e8d767a,213304090,Commune de Saint-Genis-du-Bois (nan),false,{33409},Commune,2026-03-24 14:41:58.620411+01,gold_establishments_2025,,,,21330409000011,2025,Collectivité Territoriale,Commune,[''],[''],COM,,
540f055b-434a-477f-b332-167ed7942d55,216902031,Commune de Saint-Genis-l'Argentière (69),false,{69203},Commune,2026-03-24 14:42:07.735343+01,gold_establishments_2025,,,,21690203100014,2025,Collectivité Territoriale,Commune,['Rhône'],['Auvergne-Rhône-Alpes'],COM,{69},{84}
34d97cff-0f63-4e25-acd4-c8982374c5e7,216902056,Commune de Saint-Genis-les-Ollières (69),false,{69205},Commune,2026-03-24 14:42:07.735343+01,gold_establishments_2025,,,,21690205600011,2025,Collectivité Territoriale,Commune,['Rhône'],['Auvergne-Rhône-Alpes'],COM,{69},{84}
ba478049-3cf9-4fec-91d2-b51379e8b5d5,210103552,Commune de Saint-Genis-sur-Menthon (01),false,{01355},Commune,2026-03-24 14:41:51.447482+01,gold_establishments_2025,,,,21010355200019,2025,Collectivité Territoriale,Commune,['Ain'],['Auvergne-Rhône-Alpes'],COM,{01},{84}
ea090ade-011e-476e-9785-f42b15a0d393,200084242,Commune de Saint-Genix-les-Villages (73),false,{73236},Commune,2026-03-24 14:42:08.279287+01,gold_establishments_2025,,,,20008424200011,2025,Collectivité Territoriale,Commune,['Savoie'],['Auvergne-Rhône-Alpes'],COM,{73},{84}
c6df0d5d-739d-4990-8f3e-17c94505ad4f,212404123,Commune de Saint-Geniès (24),false,{24412},Commune,2026-03-24 14:41:55.958138+01,gold_establishments_2025,,,,21240412300011,2025,Collectivité Territoriale,Commune,['Dordogne'],['Nouvelle-Aquitaine'],COM,{24},{75}
d0f3b66e-ad49-4dab-b69f-90ff3ddb92e0,213104847,Commune de Saint-Geniès-Bellevue (31),false,{31484},Commune,2026-03-24 14:41:58.09424+01,gold_establishments_2025,,,,21310484700016,2025,Collectivité Territoriale,Commune,['Haute-Garonne'],['Occitanie'],COM,{31},{76}
10a94ba1-7dbe-458a-87a8-403f763d4bd7,213002546,Commune de Saint-Geniès-de-Comolas (30),false,{30254},Commune,2026-03-24 14:41:57.56054+01,gold_establishments_2025,,,,21300254600017,2025,Collectivité Territoriale,Commune,['Gard'],['Occitanie'],COM,{30},{76}
0337c519-8b78-4555-9062-c2abe0203554,213402589,Commune de Saint-Geniès-de-Fontedit (34),false,{34258},Commune,2026-03-24 14:41:58.620411+01,gold_establishments_2025,,,,21340258900013,2025,Collectivité Territoriale,Commune,['Hérault'],['Occitanie'],COM,{34},{76}
7b269544-8ee2-43d0-8056-f7d3b59e427a,213002553,Commune de Saint-Geniès-de-Malgoirès (30),false,{30255},Commune,2026-03-24 14:41:57.56054+01,gold_establishments_2025,,,,21300255300013,2025,Collectivité Territoriale,Commune,['Gard'],['Occitanie'],COM,{30},{76}
1066265e-d5af-4d40-be9f-8dbe955e083c,213402571,Commune de Saint-Geniès-de-Varensal (34),false,{34257},Commune,2026-03-24 14:41:58.620411+01,gold_establishments_2025,,,,21340257100011,2025,Collectivité Territoriale,Commune,['Hérault'],['Occitanie'],COM,{34},{76}
8956e462-3a27-4a38-9b3e-c2f73a8f0fdd,213402563,Commune de Saint-Geniès-des-Mourgues (34),false,{34256},Commune,2026-03-24 14:41:58.620411+01,gold_establishments_2025,,,,21340256300018,2025,Collectivité Territoriale,Commune,['Hérault'],['Occitanie'],COM,{34},{76}
76380383-62e1-42cb-95d1-b6007b6a0bec,213601941,Commune de Saint-Genou (36),false,{36194},Commune,2026-03-24 14:41:59.160244+01,gold_establishments_2025,,,,21360194100015,2025,Collectivité Territoriale,Commune,['Indre'],['Centre-Val de Loire'],COM,{36},{24}
e4287345-8652-4322-a20b-b6b2687dee6b,213702194,Commune de Saint-Genouph (37),false,{37219},Commune,2026-03-24 14:41:59.160244+01,gold_establishments_2025,,,,21370219400019,2025,Collectivité Territoriale,Commune,['Indre-et-Loire'],['Centre-Val de Loire'],COM,{37},{24}
22efade2-074f-4d97-86fb-48be48892a83,216303453,Commune de Saint-Genès-Champanelle (63),false,{63345},Commune,2026-03-24 14:42:06.130387+01,gold_establishments_2025,,,,21630345300015,2025,Collectivité Territoriale,Commune,['Puy-de-Dôme'],['Auvergne-Rhône-Alpes'],COM,{63},{84}
bfaf0728-7566-4966-9ef8-7792df607df6,216303461,Commune de Saint-Genès-Champespe (63),false,{63346},Commune,2026-03-24 14:42:06.130387+01,gold_establishments_2025,,,,21630346100018,2025,Collectivité Territoriale,Commune,['Puy-de-Dôme'],['Auvergne-Rhône-Alpes'],COM,{63},{84}
1b68f668-4d20-4990-b83c-66691ece0600,213304058,Commune de Saint-Genès-de-Blaye (33),false,{33405},Commune,2026-03-24 14:41:58.620411+01,gold_establishments_2025,,,,21330405800018,2025,Collectivité Territoriale,Commune,['Gironde'],['Nouvelle-Aquitaine'],COM,{33},{75}
e51d363d-4467-4c2d-9feb-0e7b7a0e2fab,213304066,Commune de Saint-Genès-de-Castillon (33),false,{33406},Commune,2026-03-24 14:41:58.620411+01,gold_establishments_2025,,,,21330406600011,2025,Collectivité Territoriale,Commune,['Gironde'],['Nouvelle-Aquitaine'],COM,{33},{75}
a7a7d8c8-8e63-4d29-8270-756c03e109a1,213304074,Commune de Saint-Genès-de-Fronsac (33),false,{33407},Commune,2026-03-24 14:41:58.620411+01,gold_establishments_2025,,,,21330407400015,2025,Collectivité Territoriale,Commune,['Gironde'],['Nouvelle-Aquitaine'],COM,{33},{75}
a757a879-d734-482e-9e00-ee89d3750859,213304082,Commune de Saint-Genès-de-Lombaud (33),false,{33408},Commune,2026-03-24 14:41:58.620411+01,gold_establishments_2025,,,,21330408200018,2025,Collectivité Territoriale,Commune,['Gironde'],['Nouvelle-Aquitaine'],COM,{33},{75}
a4c4738a-c6f7-41a2-8426-8864a4b3018f,216303479,Commune de Saint-Genès-du-Retz (63),false,{63347},Commune,2026-03-24 14:42:06.130387+01,gold_establishments_2025,,,,21630347900010,2025,Collectivité Territoriale,Commune,['Puy-de-Dôme'],['Auvergne-Rhône-Alpes'],COM,{63},{84}
5749643f-ff14-413d-a371-c33eb35db661,216303487,Commune de Saint-Genès-la-Tourette (63),false,{63348},Commune,2026-03-24 14:42:06.130387+01,gold_establishments_2025,,,,21630348700013,2025,Collectivité Territoriale,Commune,['Puy-de-Dôme'],['Auvergne-Rhône-Alpes'],COM,{63},{84}
e3d7de6c-6a2b-4c8d-8a5d-79bf3d90ea62,213803869,Commune de Saint-Geoire-en-Valdaine (38),false,{38386},Commune,2026-03-24 14:41:59.160244+01,gold_establishments_2025,,,,21380386900014,2025,Collectivité Territoriale,Commune,['Isère'],['Auvergne-Rhône-Alpes'],COM,{38},{84}
071c6524-94ff-4b7f-bd0d-c3a4caa5a45c,213803877,Commune de Saint-Geoirs (38),false,{38387},Commune,2026-03-24 14:41:59.160244+01,gold_establishments_2025,,,,21380387700017,2025,Collectivité Territoriale,Commune,['Isère'],['Auvergne-Rhône-Alpes'],COM,{38},{84}
6520d44a-b445-4f77-a3d2-384e0f62a96b,211501887,Commune de Saint-Georges (15),false,{15188},Commune,2026-03-24 14:41:54.362296+01,gold_establishments_2025,,,,21150188700015,2025,Collectivité Territoriale,Commune,['Cantal'],['Auvergne-Rhône-Alpes'],COM,{15},{84}
ddedcc61-3ad2-4413-84a9-69696f400668,211603212,Commune de Saint-Georges (16),false,{16321},Commune,2026-03-24 14:41:54.362296+01,gold_establishments_2025,,,,21160321200013,2025,Collectivité Territoriale,Commune,['Charente'],['Nouvelle-Aquitaine'],COM,{16},{75}
59cf7fc7-747b-4056-8974-d9c1178fbe42,213203771,Commune de Saint-Georges (32),false,{32377},Commune,2026-03-24 14:41:58.09424+01,gold_establishments_2025,,,,21320377100018,2025,Collectivité Territoriale,Commune,['Gers'],['Occitanie'],COM,{32},{76}
f0ecf04f-9db8-43cd-a43a-e83448deb5ee,214703282,Commune de Saint-Georges (47),false,{47328},Commune,2026-03-24 14:42:01.412377+01,gold_establishments_2025,,,,21470328200019,2025,Collectivité Territoriale,Commune,['Lot-et-Garonne'],['Nouvelle-Aquitaine'],COM,{47},{75}
fd3eaa11-5c88-468e-a503-159301605f79,215706110,Commune de Saint-Georges (57),false,{57611},Commune,2026-03-24 14:42:04.280096+01,gold_establishments_2025,,,,21570611000016,2025,Collectivité Territoriale,Commune,['Moselle'],['Grand Est'],COM,{57},{44}
b555e824-924e-418f-ac7f-3b4a49b0dd67,216207498,Commune de Saint-Georges (62),false,{62749},Commune,2026-03-24 14:42:06.130387+01,gold_establishments_2025,,,,21620749800017,2025,Collectivité Territoriale,Commune,['Pas-de-Calais'],['Hauts-de-France'],COM,{62},{32}
29c8e0cd-a615-4da3-b284-818810812a1e,218201622,Commune de Saint-Georges (82),false,{82162},Commune,2026-03-24 14:42:10.508772+01,gold_establishments_2025,,,,21820162200014,2025,Collectivité Territoriale,Commune,['Tarn-et-Garonne'],['Occitanie'],COM,{82},{76}
53dd145d-74c0-4a53-b005-df7ab7d5f2da,219733086,Commune de Saint-Georges (973),false,{97308},Commune,2026-03-24 14:42:11.659493+01,gold_establishments_2025,,,,21973308600017,2025,Collectivité Territoriale,Commune,['Guyane'],['Guyane'],COM,{973},{03}
a029fe3c-5a96-4257-a7ac-dd85c65ecce0,211703327,Commune de Saint-Georges-Antignac (17),false,{17332},Commune,2026-03-24 14:41:54.903238+01,gold_establishments_2025,,,,21170332700042,2025,Collectivité Territoriale,Commune,['Charente-Maritime'],['Nouvelle-Aquitaine'],COM,{17},{75}
2b05766b-074b-4ddb-9df4-ff9bd7b7a392,212505168,Commune de Saint-Georges-Armont (25),false,{25516},Commune,2026-03-24 14:41:56.495197+01,gold_establishments_2025,,,,21250516800014,2025,Collectivité Territoriale,Commune,['Doubs'],['Bourgogne-Franche-Comté'],COM,{25},{27}
0afca99b-0b71-4ef0-9a22-a7a0cbe56f6b,212404131,Commune de Saint-Georges-Blancaneix (24),false,{24413},Commune,2026-03-24 14:41:55.958138+01,gold_establishments_2025,,,,21240413100014,2025,Collectivité Territoriale,Commune,['Dordogne'],['Nouvelle-Aquitaine'],COM,{24},{75}
389469ec-8856-4016-a543-5b0a7f357375,215302191,Commune de Saint-Georges-Buttavent (53),false,{53219},Commune,2026-03-24 14:42:02.957225+01,gold_establishments_2025,,,,21530219100014,2025,Collectivité Territoriale,Commune,['Mayenne'],['Pays de la Loire'],COM,{53},{52}
16a0d242-b3fa-453d-b220-919e40863adb,214202285,Commune de Saint-Georges-Haute-Ville (42),false,{42228},Commune,2026-03-24 14:42:00.273698+01,gold_establishments_2025,,,,21420228500018,2025,Collectivité Territoriale,Commune,['Loire'],['Auvergne-Rhône-Alpes'],COM,{42},{84}
db479a9a-59ad-4a9d-a1e1-a1134733f2fc,214301897,Commune de Saint-Georges-Lagricol (43),false,{43189},Commune,2026-03-24 14:42:00.273698+01,gold_establishments_2025,,,,21430189700010,2025,Collectivité Territoriale,Commune,['Haute-Loire'],['Auvergne-Rhône-Alpes'],COM,{43},{84}
731fba8e-410d-41f7-baf3-69431dbb5e6b,215004755,Commune de Saint-Georges-Montcocq (50),false,{50475},Commune,2026-03-24 14:42:01.412377+01,gold_establishments_2025,,,,21500475500017,2025,Collectivité Territoriale,Commune,['Manche'],['Normandie'],COM,{50},{28}
2795e210-c21f-4723-a89d-a9bccaac7190,212705438,Commune de Saint-Georges-Motel (27),false,{27543},Commune,2026-03-24 14:41:57.028721+01,gold_establishments_2025,,,,21270543800019,2025,Collectivité Territoriale,Commune,['Eure'],['Normandie'],COM,{27},{28}
1f13f27a-f013-44b9-83d0-b652243e6b96,212319800,Commune de Saint-Georges-Nigremont (23),false,{23198},Commune,2026-03-24 14:41:55.958138+01,gold_establishments_2025,,,,21231980000018,2025,Collectivité Territoriale,Commune,['Creuse'],['Nouvelle-Aquitaine'],COM,{23},{75}
8851c667-c224-43e5-91b6-e584f2d03e76,216103903,Commune de Saint-Georges-d'Annebecq (61),false,{61390},Commune,2026-03-24 14:42:05.597325+01,gold_establishments_2025,,,,21610390300011,2025,Collectivité Territoriale,Commune,['Orne'],['Normandie'],COM,{61},{28}
4e782881-9f3a-4fad-abc8-6edc0ea50164,214301889,Commune de Saint-Georges-d'Aurac (43),false,{43188},Commune,2026-03-24 14:42:00.273698+01,gold_establishments_2025,,,,21430188900017,2025,Collectivité Territoriale,Commune,['Haute-Loire'],['Auvergne-Rhône-Alpes'],COM,{43},{84}
c5751fc9-6272-4b1d-bfe7-b7c294b4c34e,215004730,Commune de Saint-Georges-d'Elle (50),false,{50473},Commune,2026-03-24 14:42:01.412377+01,gold_establishments_2025,,,,21500473000010,2025,Collectivité Territoriale,Commune,['Manche'],['Normandie'],COM,{50},{28}
b937944b-5ac5-4a3c-931c-aa0d96da5f16,213803893,Commune de Saint-Georges-d'Espéranche (38),false,{38389},Commune,2026-03-24 14:41:59.160244+01,gold_establishments_2025,,,,21380389300014,2025,Collectivité Territoriale,Commune,['Isère'],['Auvergne-Rhône-Alpes'],COM,{38},{84}
0b6df79d-c582-4f96-91c6-424ee25a5b6c,217302371,Commune de Saint-Georges-d'Hurtières (73),false,{73237},Commune,2026-03-24 14:42:08.279287+01,gold_establishments_2025,,,,21730237100018,2025,Collectivité Territoriale,Commune,['Savoie'],['Auvergne-Rhône-Alpes'],COM,{73},{84}
73b46777-ec4a-4fc5-bdc9-7dcb56be74c0,211703376,Commune de Saint-Georges-d'Oléron (17),false,{17337},Commune,2026-03-24 14:41:54.903238+01,gold_establishments_2025,,,,21170337600015,2025,Collectivité Territoriale,Commune,['Charente-Maritime'],['Nouvelle-Aquitaine'],COM,{17},{75}
c1f5c82b-31e3-436f-b34a-65ba65aae1b0,213402597,Commune de Saint-Georges-d'Orques (34),false,{34259},Commune,2026-03-24 14:41:58.620411+01,gold_establishments_2025,,,,21340259700016,2025,Collectivité Territoriale,Commune,['Hérault'],['Occitanie'],COM,{34},{76}
af39e645-d80b-4f2f-b750-2ff01aa30dc7,214202269,Commune de Saint-Georges-de-Baroille (42),false,{42226},Commune,2026-03-24 14:42:00.273698+01,gold_establishments_2025,,,,21420226900012,2025,Collectivité Territoriale,Commune,['Loire'],['Auvergne-Rhône-Alpes'],COM,{42},{84}
9c6248b1-43be-4f29-8a21-0749c1820ce8,213803885,Commune de Saint-Georges-de-Commiers (38),false,{38388},Commune,2026-03-24 14:41:59.160244+01,gold_establishments_2025,,,,21380388500010,2025,Collectivité Territoriale,Commune,['Isère'],['Auvergne-Rhône-Alpes'],COM,{38},{84}
8e0dbfff-1b5c-4cd5-b0cd-09bb36c9075e,211703335,Commune de Saint-Georges-de-Didonne (17),false,{17333},Commune,2026-03-24 14:41:54.903238+01,gold_establishments_2025,,,,21170333500011,2025,Collectivité Territoriale,Commune,['Charente-Maritime'],['Nouvelle-Aquitaine'],COM,{17},{75}
1dadcd11-9bed-46e5-bf43-2469fa0fa398,213502701,Commune de Saint-Georges-de-Gréhaigne (35),false,{35270},Commune,2026-03-24 14:41:59.160244+01,gold_establishments_2025,,,,21350270100013,2025,Collectivité Territoriale,Commune,['Ille-et-Vilaine'],['Bretagne'],COM,{35},{53}
60b10da5-d319-412a-84f0-ba499c238497,215004722,Commune de Saint-Georges-de-Livoye (50),false,{50472},Commune,2026-03-24 14:42:01.412377+01,gold_establishments_2025,,,,21500472200017,2025,Collectivité Territoriale,Commune,['Manche'],['Normandie'],COM,{50},{28}
8feaecc7-11cc-40cf-820f-d3097fc6c39d,211703343,Commune de Saint-Georges-de-Longuepierre (nan),false,{17334},Commune,2026-03-24 14:41:54.903238+01,gold_establishments_2025,,,,21170334300015,2025,Collectivité Territoriale,Commune,[''],[''],COM,,
9bbdd1b5-412b-4f62-a474-cb4f1e8d51ce,211202254,Commune de Saint-Georges-de-Luzençon (12),false,{12225},Commune,2026-03-24 14:41:53.63825+01,gold_establishments_2025,,,,21120225400010,2025,Collectivité Territoriale,Commune,['Aveyron'],['Occitanie'],COM,{12},{76}
7cbbf6c2-254a-4bb1-b800-262c935a61f7,216303495,Commune de Saint-Georges-de-Mons (63),false,{63349},Commune,2026-03-24 14:42:06.130387+01,gold_establishments_2025,,,,21630349500016,2025,Collectivité Territoriale,Commune,['Puy-de-Dôme'],['Auvergne-Rhône-Alpes'],COM,{63},{84}
d9e1c95f-39a2-45a0-a621-787c4830a1d9,212404149,Commune de Saint-Georges-de-Montclard (24),false,{24414},Commune,2026-03-24 14:41:55.958138+01,gold_establishments_2025,,,,21240414900016,2025,Collectivité Territoriale,Commune,['Dordogne'],['Nouvelle-Aquitaine'],COM,{24},{75}
7f93dd24-dcd3-4d97-8c69-49bf0444da6e,217902535,Commune de Saint-Georges-de-Noisné (79),false,{79253},Commune,2026-03-24 14:42:09.43682+01,gold_establishments_2025,,,,21790253500012,2025,Collectivité Territoriale,Commune,['Deux-Sèvres'],['Nouvelle-Aquitaine'],COM,{79},{75}
e2acc0f0-5bab-425d-943e-7e1ce350f1e2,218502185,Commune de Saint-Georges-de-Pointindoux (85),false,{85218},Commune,2026-03-24 14:42:10.508772+01,gold_establishments_2025,,,,21850218500018,2025,Collectivité Territoriale,Commune,['Vendée'],['Pays de la Loire'],COM,{85},{52}
d400c59d-4f50-4ce4-8966-ce61ad297c2d,211802095,Commune de Saint-Georges-de-Poisieux (18),false,{18209},Commune,2026-03-24 14:41:54.903238+01,gold_establishments_2025,,,,21180209500052,2025,Collectivité Territoriale,Commune,['Cher'],['Centre-Val de Loire'],COM,{18},{24}
0d58aab9-b922-4c0c-a672-3ccd41c5ef82,213502719,Commune de Saint-Georges-de-Reintembault (35),false,{35271},Commune,2026-03-24 14:41:59.160244+01,gold_establishments_2025,,,,21350271900015,2025,Collectivité Territoriale,Commune,['Ille-et-Vilaine'],['Bretagne'],COM,{35},{53}
f984b941-5662-412c-8500-a7ad9e5d2b2f,216902064,Commune de Saint-Georges-de-Reneins (69),false,{69206},Commune,2026-03-24 14:42:07.735343+01,gold_establishments_2025,,,,21690206400015,2025,Collectivité Territoriale,Commune,['Rhône'],['Auvergne-Rhône-Alpes'],COM,{69},{84}
e61d32fe-f85a-45b7-8c0f-6bde3056d685,217902543,Commune de Saint-Georges-de-Rex (79),false,{79254},Commune,2026-03-24 14:42:09.43682+01,gold_establishments_2025,,,,21790254300016,2025,Collectivité Territoriale,Commune,['Deux-Sèvres'],['Nouvelle-Aquitaine'],COM,{79},{75}
a9fb1af3-e35c-4105-a4b5-aa4da2f2e263,215004748,Commune de Saint-Georges-de-Rouelley (50),false,{50474},Commune,2026-03-24 14:42:01.412377+01,gold_establishments_2025,,,,21500474800012,2025,Collectivité Territoriale,Commune,['Manche'],['Normandie'],COM,{50},{28}
ce8fc967-832d-45f7-bc5c-6d7d831a0415,217202795,Commune de Saint-Georges-de-la-Couée (72),false,{72279},Commune,2026-03-24 14:42:08.279287+01,gold_establishments_2025,,,,21720279500019,2025,Collectivité Territoriale,Commune,['Sarthe'],['Pays de la Loire'],COM,{72},{52}
ee7385b2-0b6e-409d-b1f6-db3f9584d34a,215004714,Commune de Saint-Georges-de-la-Rivière (50),false,{50471},Commune,2026-03-24 14:42:01.412377+01,gold_establishments_2025,,,,21500471400014,2025,Collectivité Territoriale,Commune,['Manche'],['Normandie'],COM,{50},{28}
1d1527fa-1e9b-4554-9f51-f907ba7185b5,211703350,Commune de Saint-Georges-des-Agoûts (17),false,{17335},Commune,2026-03-24 14:41:54.903238+01,gold_establishments_2025,,,,21170335000010,2025,Collectivité Territoriale,Commune,['Charente-Maritime'],['Nouvelle-Aquitaine'],COM,{17},{75}
4a8b53d3-5ece-4be5-9572-394b66bb193b,211703368,Commune de Saint-Georges-des-Coteaux (17),false,{17336},Commune,2026-03-24 14:41:54.903238+01,gold_establishments_2025,,,,21170336800012,2025,Collectivité Territoriale,Commune,['Charente-Maritime'],['Nouvelle-Aquitaine'],COM,{17},{75}
4b205415-ad31-4557-ad12-41ee1af25fd7,216103911,Commune de Saint-Georges-des-Groseillers (61),false,{61391},Commune,2026-03-24 14:42:05.597325+01,gold_establishments_2025,,,,21610391100014,2025,Collectivité Territoriale,Commune,['Orne'],['Normandie'],COM,{61},{28}
fd38b9f8-3c98-4594-be11-5d0b39c634a1,211703384,Commune de Saint-Georges-du-Bois (17),false,{17338},Commune,2026-03-24 14:41:54.903238+01,gold_establishments_2025,,,,21170338400019,2025,Collectivité Territoriale,Commune,['Charente-Maritime'],['Nouvelle-Aquitaine'],COM,{17},{75}
0a217b3d-34a4-4894-9263-3afda47036db,217202803,Commune de Saint-Georges-du-Bois (72),false,{72280},Commune,2026-03-24 14:42:08.279287+01,gold_establishments_2025,,,,21720280300011,2025,Collectivité Territoriale,Commune,['Sarthe'],['Pays de la Loire'],COM,{72},{52}
d9cdedad-4ae4-46bb-9cff-5a6ea29d3949,217202811,Commune de Saint-Georges-du-Rosay (72),false,{72281},Commune,2026-03-24 14:42:08.279287+01,gold_establishments_2025,,,,21720281100014,2025,Collectivité Territoriale,Commune,['Sarthe'],['Pays de la Loire'],COM,{72},{52}
e98f5242-4dce-4183-9ba6-54c33f9a742c,212705420,Commune de Saint-Georges-du-Vièvre (27),false,{27542},Commune,2026-03-24 14:41:57.028721+01,gold_establishments_2025,,,,21270542000017,2025,Collectivité Territoriale,Commune,['Eure'],['Normandie'],COM,{27},{28}
1220af33-d2dc-43f2-bfd8-150499132029,214202277,Commune de Saint-Georges-en-Couzan (42),false,{42227},Commune,2026-03-24 14:42:00.273698+01,gold_establishments_2025,,,,21420227700015,2025,Collectivité Territoriale,Commune,['Loire'],['Auvergne-Rhône-Alpes'],COM,{42},{84}
96534660-7abf-47a0-81d9-754c3e37de66,212319701,Commune de Saint-Georges-la-Pouge (23),false,{23197},Commune,2026-03-24 14:41:55.958138+01,gold_establishments_2025,,,,21231970100018,2025,Collectivité Territoriale,Commune,['Creuse'],['Nouvelle-Aquitaine'],COM,{23},{75}
d04a3750-27a0-4ee6-9a4a-875f4696d217,215302209,Commune de Saint-Georges-le-Fléchard (53),false,{53220},Commune,2026-03-24 14:42:02.957225+01,gold_establishments_2025,,,,21530220900014,2025,Collectivité Territoriale,Commune,['Mayenne'],['Pays de la Loire'],COM,{53},{52}
de6343bd-4058-4bc7-a4c5-4d982f91c0f8,217202829,Commune de Saint-Georges-le-Gaultier (72),false,{72282},Commune,2026-03-24 14:42:08.279287+01,gold_establishments_2025,,,,21720282900016,2025,Collectivité Territoriale,Commune,['Sarthe'],['Pays de la Loire'],COM,{72},{52}
43d623ac-6526-4ca3-8791-702416df0028,210702403,Commune de Saint-Georges-les-Bains (07),false,{07240},Commune,2026-03-24 14:41:52.562531+01,gold_establishments_2025,,,,21070240300010,2025,Collectivité Territoriale,Commune,['Ardèche'],['Auvergne-Rhône-Alpes'],COM,{07},{84}
fa51db0c-3fd2-44bc-a3aa-005d0d801654,218714509,Commune de Saint-Georges-les-Landes (87),false,{87145},Commune,2026-03-24 14:42:11.118516+01,gold_establishments_2025,,,,21871450900013,2025,Collectivité Territoriale,Commune,['Haute-Vienne'],['Nouvelle-Aquitaine'],COM,{87},{75}
b24dda7d-45ec-4d87-84f6-a8c7fb15a2cf,218602225,Commune de Saint-Georges-lès-Baillargeaux (86),false,{86222},Commune,2026-03-24 14:42:10.508772+01,gold_establishments_2025,,,,21860222500011,2025,Collectivité Territoriale,Commune,['Vienne'],['Nouvelle-Aquitaine'],COM,{86},{75}
cd45c43e-82c0-4d67-96f4-721e9ed831e6,216303503,Commune de Saint-Georges-sur-Allier (63),false,{63350},Commune,2026-03-24 14:42:06.130387+01,gold_establishments_2025,,,,21630350300017,2025,Collectivité Territoriale,Commune,['Puy-de-Dôme'],['Auvergne-Rhône-Alpes'],COM,{63},{84}
8344c42e-ee13-4cf6-90e3-403bdd5fd8cf,213601958,Commune de Saint-Georges-sur-Arnon (36),false,{36195},Commune,2026-03-24 14:41:59.160244+01,gold_establishments_2025,,,,21360195800019,2025,Collectivité Territoriale,Commune,['Indre'],['Centre-Val de Loire'],COM,{36},{24}
215a07fc-4d0a-4e33-b84e-6768cad2825b,218903466,Commune de Saint-Georges-sur-Baulche (89),false,{89346},Commune,2026-03-24 14:42:11.659493+01,gold_establishments_2025,,,,21890346600017,2025,Collectivité Territoriale,Commune,['Yonne'],['Bourgogne-Franche-Comté'],COM,{89},{27}
bae2bc92-5aaa-4d25-8421-4fba4bb4ea32,214102113,Commune de Saint-Georges-sur-Cher (41),false,{41211},Commune,2026-03-24 14:42:00.273698+01,gold_establishments_2025,,,,21410211300013,2025,Collectivité Territoriale,Commune,['Loir-et-Cher'],['Centre-Val de Loire'],COM,{41},{24}
ffb91113-653f-4433-9112-43fbf153d5e6,215302217,Commune de Saint-Georges-sur-Erve (53),false,{53221},Commune,2026-03-24 14:42:02.957225+01,gold_establishments_2025,,,,21530221700017,2025,Collectivité Territoriale,Commune,['Mayenne'],['Pays de la Loire'],COM,{53},{52}
c59484ac-96c7-473d-b59d-ae546c161198,212803373,Commune de Saint-Georges-sur-Eure (28),false,{28337},Commune,2026-03-24 14:41:57.028721+01,gold_establishments_2025,,,,21280337300019,2025,Collectivité Territoriale,Commune,['Eure-et-Loir'],['Centre-Val de Loire'],COM,{28},{24}
c9c1473e-ac86-490b-b5bb-d4d38380d9bf,217605807,Commune de Saint-Georges-sur-Fontaine (76),false,{76580},Commune,2026-03-24 14:42:08.818969+01,gold_establishments_2025,,,,21760580700015,2025,Collectivité Territoriale,Commune,['Seine-Maritime'],['Normandie'],COM,{76},{28}
4f4e28b0-3158-4f79-ad54-ce8e65d7b602,214902835,Commune de Saint-Georges-sur-Loire (49),false,{49283},Commune,2026-03-24 14:42:01.412377+01,gold_establishments_2025,,,,21490283500013,2025,Collectivité Territoriale,Commune,['Maine-et-Loire'],['Pays de la Loire'],COM,{49},{52}
eebcc4b1-5d6b-41c1-8410-ecfa2f5c4d86,211802111,Commune de Saint-Georges-sur-Moulon (18),false,{18211},Commune,2026-03-24 14:41:54.903238+01,gold_establishments_2025,,,,21180211100016,2025,Collectivité Territoriale,Commune,['Cher'],['Centre-Val de Loire'],COM,{18},{24}
10ddd6f5-2f7d-4c11-b0c9-c7eafc6e3a14,210103560,Commune de Saint-Georges-sur-Renon (01),false,{01356},Commune,2026-03-24 14:41:51.447482+01,gold_establishments_2025,,,,21010356000012,2025,Collectivité Territoriale,Commune,['Ain'],['Auvergne-Rhône-Alpes'],COM,{01},{84}
d1a9f626-a090-4408-95da-d249860b6f87,215905324,Commune de Saint-Georges-sur-l'Aa (59),false,{59532},Commune,2026-03-24 14:42:04.814328+01,gold_establishments_2025,,,,21590532400012,2025,Collectivité Territoriale,Commune,['Nord'],['Hauts-de-France'],COM,{59},{32}
69f7c05b-e1ea-46aa-9aa3-f53ff72b03fc,211802103,Commune de Saint-Georges-sur-la-Prée (18),false,{18210},Commune,2026-03-24 14:41:54.903238+01,gold_establishments_2025,,,,21180210300013,2025,Collectivité Territoriale,Commune,['Cher'],['Centre-Val de Loire'],COM,{18},{24}
a79a2bd4-1322-40d6-99fe-98cab9782c4f,214002602,Commune de Saint-Geours-d'Auribat (40),false,{40260},Commune,2026-03-24 14:41:59.705606+01,gold_establishments_2025,,,,21400260200016,2025,Collectivité Territoriale,Commune,['Landes'],['Nouvelle-Aquitaine'],COM,{40},{75}
1b2d65c4-ae91-44a0-b7a5-9c323bd09422,214002610,Commune de Saint-Geours-de-Maremne (40),false,{40261},Commune,2026-03-24 14:41:59.705606+01,gold_establishments_2025,,,,21400261000019,2025,Collectivité Territoriale,Commune,['Landes'],['Nouvelle-Aquitaine'],COM,{40},{75}
234ce95d-1a8a-4abc-95bf-74b470e0338c,210702411,Commune de Saint-Germain (07),false,{07241},Commune,2026-03-24 14:41:52.562531+01,gold_establishments_2025,,,,21070241100013,2025,Collectivité Territoriale,Commune,['Ardèche'],['Auvergne-Rhône-Alpes'],COM,{07},{84}
e04b53a1-caa7-46a9-b5e5-5c8833d9ce2c,211003298,Commune de Saint-Germain (10),false,{10340},Commune,2026-03-24 14:41:53.095366+01,gold_establishments_2025,,,,21100329800018,2025,Collectivité Territoriale,Commune,['Aube'],['Grand Est'],COM,{10},{44}
2a885f2f-96b2-4d3f-bfa5-acaf7a8c45b3,215404757,Commune de Saint-Germain (54),false,{54475},Commune,2026-03-24 14:42:02.957225+01,gold_establishments_2025,,,,21540475700019,2025,Collectivité Territoriale,Commune,['Meurthe-et-Moselle'],['Grand Est'],COM,{54},{44}
0c2212dc-82df-4ebd-b701-27622c071536,217004647,Commune de Saint-Germain (70),false,{70464},Commune,2026-03-24 14:42:07.735343+01,gold_establishments_2025,,,,21700464700053,2025,Collectivité Territoriale,Commune,['Haute-Saône'],['Bourgogne-Franche-Comté'],COM,{70},{27}
8f4e9e41-a507-4e9a-a1ff-9800bd8e1e40,218602233,Commune de Saint-Germain (86),false,{86223},Commune,2026-03-24 14:42:10.508772+01,gold_establishments_2025,,,,21860223300015,2025,Collectivité Territoriale,Commune,['Vienne'],['Nouvelle-Aquitaine'],COM,{86},{75}
e7df5feb-a9f6-4a52-859d-52cb050eaca4,212319909,Commune de Saint-Germain-Beaupré (23),false,{23199},Commune,2026-03-24 14:41:55.958138+01,gold_establishments_2025,,,,21231990900017,2025,Collectivité Territoriale,Commune,['Creuse'],['Nouvelle-Aquitaine'],COM,{23},{75}
9b75c225-e517-475e-8dac-56bf9ed69cfe,215802414,Commune de Saint-Germain-Chassenay (58),false,{58241},Commune,2026-03-24 14:42:04.280096+01,gold_establishments_2025,,,,21580241400015,2025,Collectivité Territoriale,Commune,['Nièvre'],['Bourgogne-Franche-Comté'],COM,{58},{27}
46ec83e1-d12c-4096-91ea-65be043c7440,211405881,Commune de Saint-Germain-Langot (14),false,{14588},Commune,2026-03-24 14:41:54.362296+01,gold_establishments_2025,,,,21140588100015,2025,Collectivité Territoriale,Commune,['Calvados'],['Normandie'],COM,{14},{28}
68262290-103a-462e-a6b1-684ff775ef48,214301905,Commune de Saint-Germain-Laprade (43),false,{43190},Commune,2026-03-24 14:42:00.273698+01,gold_establishments_2025,,,,21430190500011,2025,Collectivité Territoriale,Commune,['Haute-Loire'],['Auvergne-Rhône-Alpes'],COM,{43},{84}
6d945694-1714-408f-8b18-1278974b3fcc,214202301,Commune de Saint-Germain-Laval (42),false,{42230},Commune,2026-03-24 14:42:00.273698+01,gold_establishments_2025,,,,21420230100013,2025,Collectivité Territoriale,Commune,['Loire'],['Auvergne-Rhône-Alpes'],COM,{42},{84}
b0f7c6a3-4c01-46a5-a886-88e3068350a4,217704097,Commune de Saint-Germain-Laval (77),false,{77409},Commune,2026-03-24 14:42:09.43682+01,gold_establishments_2025,,,,21770409700013,2025,Collectivité Territoriale,Commune,['Seine-et-Marne'],['Île-de-France'],COM,{77},{11}
57fd2f17-6616-4300-bb23-b5bcb6ddcc65,211920608,Commune de Saint-Germain-Lavolps (19),false,{19206},Commune,2026-03-24 14:41:54.903238+01,gold_establishments_2025,,,,21192060800018,2025,Collectivité Territoriale,Commune,['Corrèze'],['Nouvelle-Aquitaine'],COM,{19},{75}
05c6b41c-87a5-494b-8988-0bcf59da1135,217704105,Commune de Saint-Germain-Laxis (77),false,{77410},Commune,2026-03-24 14:42:09.43682+01,gold_establishments_2025,,,,21770410500014,2025,Collectivité Territoriale,Commune,['Seine-et-Marne'],['Île-de-France'],COM,{77},{11}
9d61345f-ed79-45aa-8fa0-5282560a1ebf,216303529,Commune de Saint-Germain-Lembron (63),false,{63352},Commune,2026-03-24 14:42:06.130387+01,gold_establishments_2025,,,,21630352900012,2025,Collectivité Territoriale,Commune,['Puy-de-Dôme'],['Auvergne-Rhône-Alpes'],COM,{63},{84}
562bed48-dfdf-4cd1-830a-682fc45e0b3c,214202319,Commune de Saint-Germain-Lespinasse (42),false,{42231},Commune,2026-03-24 14:42:00.273698+01,gold_establishments_2025,,,,21420231900015,2025,Collectivité Territoriale,Commune,['Loire'],['Auvergne-Rhône-Alpes'],COM,{42},{84}
86c71a0d-9a49-4eee-8c4c-c41c835154c9,200034346,Commune de Saint-Germain-Nuelles (69),false,{69208},Commune,2026-03-24 14:42:07.735343+01,gold_establishments_2025,,,,20003434600011,2025,Collectivité Territoriale,Commune,['Rhône'],['Auvergne-Rhône-Alpes'],COM,{69},{84}
dff30dcb-23b3-4252-9519-3e5f4b16f039,216902072,Commune de Saint-Germain-au-Mont-d'Or (69),false,{69207},Commune,2026-03-24 14:42:07.735343+01,gold_establishments_2025,,,,21690207200018,2025,Collectivité Territoriale,Commune,['Rhône'],['Auvergne-Rhône-Alpes'],COM,{69},{84}
6061fb69-d991-4c28-a327-fceb0e37f0ca,215302225,Commune de Saint-Germain-d'Anxure (53),false,{53222},Commune,2026-03-24 14:42:02.957225+01,gold_establishments_2025,,,,21530222500010,2025,Collectivité Territoriale,Commune,['Mayenne'],['Pays de la Loire'],COM,{53},{52}
6e346029-d632-40b6-9200-f056c80bca09,217202837,Commune de Saint-Germain-d'Arcé (72),false,{72283},Commune,2026-03-24 14:42:08.279287+01,gold_establishments_2025,,,,21720283700019,2025,Collectivité Territoriale,Commune,['Sarthe'],['Pays de la Loire'],COM,{72},{52}
c71e3602-f385-4108-8122-7bcd9c27f6de,216103929,Commune de Saint-Germain-d'Aunay (61),false,{61392},Commune,2026-03-24 14:42:05.597325+01,gold_establishments_2025,,,,21610392900016,2025,Collectivité Territoriale,Commune,['Orne'],['Normandie'],COM,{61},{28}
3ce799c2-eeeb-4b5f-b5e7-9fbeed5eb311,215004763,Commune de Saint-Germain-d'Elle (50),false,{50476},Commune,2026-03-24 14:42:01.412377+01,gold_establishments_2025,,,,21500476300011,2025,Collectivité Territoriale,Commune,['Manche'],['Normandie'],COM,{50},{28}
4d47e809-fa24-493f-b880-b98e57d7ad5a,213304124,Commune de Saint-Germain-d'Esteuil (33),false,{33412},Commune,2026-03-24 14:41:58.620411+01,gold_establishments_2025,,,,21330412400018,2025,Collectivité Territoriale,Commune,['Gironde'],['Nouvelle-Aquitaine'],COM,{33},{75}
fe14c7f3-14ca-4400-b5f7-2deadcf631f5,217605823,Commune de Saint-Germain-d'Étables (76),false,{76582},Commune,2026-03-24 14:42:08.818969+01,gold_establishments_2025,,,,21760582300012,2025,Collectivité Territoriale,Commune,['Seine-Maritime'],['Normandie'],COM,{76},{28}
82bae49b-0c56-4e2e-8a5f-2821e7a461fa,212404164,Commune de Saint-Germain-de-Belvès (24),false,{24416},Commune,2026-03-24 14:41:55.958138+01,gold_establishments_2025,,,,21240416400015,2025,Collectivité Territoriale,Commune,['Dordogne'],['Nouvelle-Aquitaine'],COM,{24},{75}
74366233-0100-4ad2-ac09-c0ea750dbc94,214801557,Commune de Saint-Germain-de-Calberte (48),false,{48155},Commune,2026-03-24 14:42:01.412377+01,gold_establishments_2025,,,,21480155700015,2025,Collectivité Territoriale,Commune,['Lozère'],['Occitanie'],COM,{48},{76}
74e7ea82-380a-4e0c-86e7-a3df88c932d5,216103937,Commune de Saint-Germain-de-Clairefeuille (61),false,{61393},Commune,2026-03-24 14:42:05.597325+01,gold_establishments_2025,,,,21610393700019,2025,Collectivité Territoriale,Commune,['Orne'],['Normandie'],COM,{61},{28}
198da3b9-5195-4f72-857c-70624d70ca85,215302233,Commune de Saint-Germain-de-Coulamer (53),false,{53223},Commune,2026-03-24 14:42:02.957225+01,gold_establishments_2025,,,,21530223300014,2025,Collectivité Territoriale,Commune,['Mayenne'],['Pays de la Loire'],COM,{53},{52}
7fef6015-b1d0-4d10-a04c-561b923f5d46,212705446,Commune de Saint-Germain-de-Fresney (27),false,{27544},Commune,2026-03-24 14:41:57.028721+01,gold_establishments_2025,,,,21270544600012,2025,Collectivité Territoriale,Commune,['Eure'],['Normandie'],COM,{27},{28}
f2f669d5-34cf-4e4f-ba70-cf6e662f9c3e,213304116,Commune de Saint-Germain-de-Grave (33),false,{33411},Commune,2026-03-24 14:41:58.620411+01,gold_establishments_2025,,,,21330411600014,2025,Collectivité Territoriale,Commune,['Gironde'],['Nouvelle-Aquitaine'],COM,{33},{75}
225539d6-61d5-4841-8994-47a9e94dd1f4,210103578,Commune de Saint-Germain-de-Joux (01),false,{01357},Commune,2026-03-24 14:41:51.447482+01,gold_establishments_2025,,,,21010357800014,2025,Collectivité Territoriale,Commune,['Ain'],['Auvergne-Rhône-Alpes'],COM,{01},{84}
a8fbfbc3-33e6-450c-a24b-3e9bb8260e43,211405824,Commune de Saint-Germain-de-Livet (14),false,{14582},Commune,2026-03-24 14:41:54.362296+01,gold_establishments_2025,,,,21140582400015,2025,Collectivité Territoriale,Commune,['Calvados'],['Normandie'],COM,{14},{28}
a108cf68-abd3-4cb4-ae13-e96f02fd5eae,217902550,Commune de Saint-Germain-de-Longue-Chaume (79),false,{79255},Commune,2026-03-24 14:42:09.43682+01,gold_establishments_2025,,,,21790255000011,2025,Collectivité Territoriale,Commune,['Deux-Sèvres'],['Nouvelle-Aquitaine'],COM,{79},{75}
fc763538-1964-47c7-829f-27c23aa066c3,211703392,Commune de Saint-Germain-de-Lusignan (17),false,{17339},Commune,2026-03-24 14:41:54.903238+01,gold_establishments_2025,,,,21170339200012,2025,Collectivité Territoriale,Commune,['Charente-Maritime'],['Nouvelle-Aquitaine'],COM,{17},{75}
3a2030fe-cfa9-4e19-a38f-d8875d9ccb96,216103960,Commune de Saint-Germain-de-Martigny (61),false,{61396},Commune,2026-03-24 14:42:05.597325+01,gold_establishments_2025,,,,21610396000011,2025,Collectivité Territoriale,Commune,['Orne'],['Normandie'],COM,{61},{28}
a7c2bbb4-6910-4c6e-96c2-4ef1c2ee5ea8,212105480,Commune de Saint-Germain-de-Modéon (21),false,{21548},Commune,2026-03-24 14:41:55.433389+01,gold_establishments_2025,,,,21210548000017,2025,Collectivité Territoriale,Commune,"[""Côte-d'Or""]",['Bourgogne-Franche-Comté'],COM,{21},{27}
77600bad-997b-4216-bb95-a98d293e9412,211603238,Commune de Saint-Germain-de-Montbron (16),false,{16323},Commune,2026-03-24 14:41:54.362296+01,gold_establishments_2025,,,,21160323800018,2025,Collectivité Territoriale,Commune,['Charente'],['Nouvelle-Aquitaine'],COM,{16},{75}
d67994de-c6b4-48df-bc7b-2391eaf1a4e2,212705453,Commune de Saint-Germain-de-Pasquier (27),false,{27545},Commune,2026-03-24 14:41:57.028721+01,gold_establishments_2025,,,,21270545300018,2025,Collectivité Territoriale,Commune,['Eure'],['Normandie'],COM,{27},{28}
204cb05a-a67e-43a0-b37b-e9fef243e555,218502201,Commune de Saint-Germain-de-Prinçay (85),false,{85220},Commune,2026-03-24 14:42:10.508772+01,gold_establishments_2025,,,,21850220100013,2025,Collectivité Territoriale,Commune,['Vendée'],['Pays de la Loire'],COM,{85},{52}
2c61af63-07ae-44cd-af5b-6fb32fbb5ea6,210302378,Commune de Saint-Germain-de-Salles (03),false,{03237},Commune,2026-03-24 14:41:52.020251+01,gold_establishments_2025,,,,21030237800018,2025,Collectivité Territoriale,Commune,['Allier'],['Auvergne-Rhône-Alpes'],COM,{03},{84}
4c6aecf3-e7a2-4e32-8ad2-8ce41185603d,215004789,Commune de Saint-Germain-de-Tournebut (50),false,{50478},Commune,2026-03-24 14:42:01.412377+01,gold_establishments_2025,,,,21500478900016,2025,Collectivité Territoriale,Commune,['Manche'],['Normandie'],COM,{50},{28}
45c89835-1f1e-4bb8-95f4-b49b1bbc871c,215004797,Commune de Saint-Germain-de-Varreville (50),false,{50479},Commune,2026-03-24 14:42:01.412377+01,gold_establishments_2025,,,,21500479700019,2025,Collectivité Territoriale,Commune,['Manche'],['Normandie'],COM,{50},{28}
4c91ebe6-ac04-43a4-b287-8a51798b60fb,211703418,Commune de Saint-Germain-de-Vibrac (17),false,{17341},Commune,2026-03-24 14:41:54.903238+01,gold_establishments_2025,,,,21170341800015,2025,Collectivité Territoriale,Commune,['Charente-Maritime'],['Nouvelle-Aquitaine'],COM,{17},{75}
066019b5-2c5e-493d-b74c-1b1aac3d0eb7,216103945,Commune de Saint-Germain-de-la-Coudre (61),false,{61394},Commune,2026-03-24 14:42:05.597325+01,gold_establishments_2025,,,,21610394500012,2025,Collectivité Territoriale,Commune,['Orne'],['Normandie'],COM,{61},{28}
ea3f0085-48ce-46ac-bd94-cbb871d4a2ef,217805506,Commune de Saint-Germain-de-la-Grange (78),false,{78550},Commune,2026-03-24 14:42:09.43682+01,gold_establishments_2025,,,,21780550600011,2025,Collectivité Territoriale,Commune,['Yvelines'],['Île-de-France'],COM,{78},{11}
84bf9d81-7930-4d47-8f86-8ae71b1017f2,213304140,Commune de Saint-Germain-de-la-Rivière (33),false,{33414},Commune,2026-03-24 14:41:58.620411+01,gold_establishments_2025,,,,21330414000014,2025,Collectivité Territoriale,Commune,['Gironde'],['Nouvelle-Aquitaine'],COM,{33},{75}
05e5e192-59ff-4128-8628-e175ad2481b9,212705461,Commune de Saint-Germain-des-Angles (27),false,{27546},Commune,2026-03-24 14:41:57.028721+01,gold_establishments_2025,,,,21270546100011,2025,Collectivité Territoriale,Commune,['Eure'],['Normandie'],COM,{27},{28}
2e754c8e-deee-4427-aad5-9cd66721ee60,211802129,Commune de Saint-Germain-des-Bois (18),false,{18212},Commune,2026-03-24 14:41:54.903238+01,gold_establishments_2025,,,,21180212900018,2025,Collectivité Territoriale,Commune,['Cher'],['Centre-Val de Loire'],COM,{18},{24}
c30f8b7b-6a4b-43af-93f5-4bb14a9b5c8f,215802422,Commune de Saint-Germain-des-Bois (58),false,{58242},Commune,2026-03-24 14:42:04.280096+01,gold_establishments_2025,,,,21580242200018,2025,Collectivité Territoriale,Commune,['Nièvre'],['Bourgogne-Franche-Comté'],COM,{58},{27}
f30dd3e2-0689-40a9-906e-a5e2e4506532,218903474,Commune de Saint-Germain-des-Champs (89),false,{89347},Commune,2026-03-24 14:42:11.659493+01,gold_establishments_2025,,,,21890347400011,2025,Collectivité Territoriale,Commune,['Yonne'],['Bourgogne-Franche-Comté'],COM,{89},{27}
5148183f-8f26-41d1-8967-a2f61341b2fc,217605815,Commune de Saint-Germain-des-Essourts (76),false,{76581},Commune,2026-03-24 14:42:08.818969+01,gold_establishments_2025,,,,21760581500018,2025,Collectivité Territoriale,Commune,['Seine-Maritime'],['Normandie'],COM,{76},{28}
e3b44b70-a8f5-4a70-8ab6-6bd098011eac,210302360,Commune de Saint-Germain-des-Fossés (03),false,{03236},Commune,2026-03-24 14:41:52.020251+01,gold_establishments_2025,,,,21030236000016,2025,Collectivité Territoriale,Commune,['Allier'],['Auvergne-Rhône-Alpes'],COM,{03},{84}
a7af0f17-4ccf-411a-b857-61af753607b1,216103952,Commune de Saint-Germain-des-Grois (61),false,{61395},Commune,2026-03-24 14:42:05.597325+01,gold_establishments_2025,,,,21610395200018,2025,Collectivité Territoriale,Commune,['Orne'],['Normandie'],COM,{61},{28}
c7ebef51-8357-4eca-b893-d940e0509efe,212404172,Commune de Saint-Germain-des-Prés (24),false,{24417},Commune,2026-03-24 14:41:55.958138+01,gold_establishments_2025,,,,21240417200018,2025,Collectivité Territoriale,Commune,['Dordogne'],['Nouvelle-Aquitaine'],COM,{24},{75}
1cb6c20d-1960-4020-8fbf-93e7b584f8ba,214502791,Commune de Saint-Germain-des-Prés (45),false,{45279},Commune,2026-03-24 14:42:00.862623+01,gold_establishments_2025,,,,21450279100012,2025,Collectivité Territoriale,Commune,['Loiret'],['Centre-Val de Loire'],COM,{45},{24}
287e89c2-d3be-4441-bf2f-8cc0a9b42b9a,214902843,Commune de Saint-Germain-des-Prés (49),false,{49284},Commune,2026-03-24 14:42:01.412377+01,gold_establishments_2025,,,,21490284300017,2025,Collectivité Territoriale,Commune,['Maine-et-Loire'],['Pays de la Loire'],COM,{49},{52}
5a064b14-f2f0-4250-ac47-06ab2405dc86,218102515,Commune de Saint-Germain-des-Prés (81),false,{81251},Commune,2026-03-24 14:42:09.967209+01,gold_establishments_2025,,,,21810251500010,2025,Collectivité Territoriale,Commune,['Tarn'],['Occitanie'],COM,{81},{76}
22f1b03d-f7b7-4242-80ea-2a6862532129,214602674,Commune de Saint-Germain-du-Bel-Air (46),false,{46267},Commune,2026-03-24 14:42:00.862623+01,gold_establishments_2025,,,,21460267400019,2025,Collectivité Territoriale,Commune,['Lot'],['Occitanie'],COM,{46},{76}
605e75f7-7c77-40ba-8e34-edf064745412,217104199,Commune de Saint-Germain-du-Bois (71),false,{71419},Commune,2026-03-24 14:42:08.279287+01,gold_establishments_2025,,,,21710419900013,2025,Collectivité Territoriale,Commune,['Saône-et-Loire'],['Bourgogne-Franche-Comté'],COM,{71},{27}
9a88b090-7b2a-47c2-9ec2-9fb7e4a4e612,216103978,Commune de Saint-Germain-du-Corbéis (61),false,{61397},Commune,2026-03-24 14:42:05.597325+01,gold_establishments_2025,,,,21610397800013,2025,Collectivité Territoriale,Commune,['Orne'],['Normandie'],COM,{61},{28}
1ab1795a-d220-49b3-b062-f93f8bfa20af,211405865,Commune de Saint-Germain-du-Pert (14),false,{14586},Commune,2026-03-24 14:41:54.362296+01,gold_establishments_2025,,,,21140586500018,2025,Collectivité Territoriale,Commune,['Calvados'],['Normandie'],COM,{14},{28}
fa7456ee-71bb-435f-ac97-445fa246fe53,213502727,Commune de Saint-Germain-du-Pinel (35),false,{35272},Commune,2026-03-24 14:41:59.160244+01,gold_establishments_2025,,,,21350272700018,2025,Collectivité Territoriale,Commune,['Ille-et-Vilaine'],['Bretagne'],COM,{35},{53}
c5df9020-aebd-4cf0-82ca-b44ed0d04d42,217104207,Commune de Saint-Germain-du-Plain (71),false,{71420},Commune,2026-03-24 14:42:08.279287+01,gold_establishments_2025,,,,21710420700014,2025,Collectivité Territoriale,Commune,['Saône-et-Loire'],['Bourgogne-Franche-Comté'],COM,{71},{27}
bf1bb3aa-2a67-4801-8ec2-55d6a12ac6f1,213304132,Commune de Saint-Germain-du-Puch (33),false,{33413},Commune,2026-03-24 14:41:58.620411+01,gold_establishments_2025,,,,21330413200011,2025,Collectivité Territoriale,Commune,['Gironde'],['Nouvelle-Aquitaine'],COM,{33},{75}
bdfb55d5-026a-4412-b5a0-21795edc5fc8,211802137,Commune de Saint-Germain-du-Puy (18),false,{18213},Commune,2026-03-24 14:41:54.903238+01,gold_establishments_2025,,,,21180213700011,2025,Collectivité Territoriale,Commune,['Cher'],['Centre-Val de Loire'],COM,{18},{24}
3c7ce829-a01b-4856-a604-34340014f54f,212404180,Commune de Saint-Germain-du-Salembre (24),false,{24418},Commune,2026-03-24 14:41:55.958138+01,gold_establishments_2025,,,,21240418000011,2025,Collectivité Territoriale,Commune,['Dordogne'],['Nouvelle-Aquitaine'],COM,{24},{75}
437d41bd-5043-4286-bfc5-7a8bf005cb32,211703426,Commune de Saint-Germain-du-Seudre (17),false,{17342},Commune,2026-03-24 14:41:54.903238+01,gold_establishments_2025,,,,21170342600018,2025,Collectivité Territoriale,Commune,['Charente-Maritime'],['Nouvelle-Aquitaine'],COM,{17},{75}
4e3f1d62-c4a2-4956-8a43-d480e6f4176b,214801565,Commune de Saint-Germain-du-Teil (48),false,{48156},Commune,2026-03-24 14:42:01.412377+01,gold_establishments_2025,,,,21480156500018,2025,Collectivité Territoriale,Commune,['Lozère'],['Occitanie'],COM,{48},{76}
56f84b79-c490-430f-a9d2-cdacbc5e14e3,217104215,Commune de Saint-Germain-en-Brionnais (71),false,{71421},Commune,2026-03-24 14:42:08.279287+01,gold_establishments_2025,,,,21710421500017,2025,Collectivité Territoriale,Commune,['Saône-et-Loire'],['Bourgogne-Franche-Comté'],COM,{71},{27}
6ab30d5c-e05c-46c4-848e-12da9f3e8dba,213502735,Commune de Saint-Germain-en-Coglès (35),false,{35273},Commune,2026-03-24 14:41:59.160244+01,gold_establishments_2025,,,,21350273500011,2025,Collectivité Territoriale,Commune,['Ille-et-Vilaine'],['Bretagne'],COM,{35},{53}
324ac208-a9cd-4dcf-8807-2013158596a0,200086924,Commune de Saint-Germain-en-Laye (78),false,{78551},Commune,2026-03-24 14:42:09.43682+01,gold_establishments_2025,,,,20008692400012,2025,Collectivité Territoriale,Commune,['Yvelines'],['Île-de-France'],COM,{78},{11}
75c35356-0e82-42de-a389-07947f7db6e6,213904816,Commune de Saint-Germain-en-Montagne (39),false,{39481},Commune,2026-03-24 14:41:59.705606+01,gold_establishments_2025,,,,21390481600013,2025,Collectivité Territoriale,Commune,['Jura'],['Bourgogne-Franche-Comté'],COM,{39},{27}
fcee584b-ee9f-4165-ad1b-cb11af7af425,212404198,Commune de Saint-Germain-et-Mons (24),false,{24419},Commune,2026-03-24 14:41:55.958138+01,gold_establishments_2025,,,,21240419800013,2025,Collectivité Territoriale,Commune,['Dordogne'],['Nouvelle-Aquitaine'],COM,{24},{75}
5a34bbde-fdd7-4aff-891b-8c242c035a9a,216303537,Commune de Saint-Germain-l'Herm (63),false,{63353},Commune,2026-03-24 14:42:06.130387+01,gold_establishments_2025,,,,21630353700015,2025,Collectivité Territoriale,Commune,['Puy-de-Dôme'],['Auvergne-Rhône-Alpes'],COM,{63},{84}
c918fc83-fefc-401c-a846-2eb1f10b24be,211405873,Commune de Saint-Germain-la-Blanche-Herbe (14),false,{14587},Commune,2026-03-24 14:41:54.362296+01,gold_establishments_2025,,,,21140587300012,2025,Collectivité Territoriale,Commune,['Calvados'],['Normandie'],COM,{14},{28}
da580b98-a54a-490a-9c12-167e2ed75999,212705479,Commune de Saint-Germain-la-Campagne (27),false,{27547},Commune,2026-03-24 14:41:57.028721+01,gold_establishments_2025,,,,21270547900013,2025,Collectivité Territoriale,Commune,['Eure'],['Normandie'],COM,{27},{28}
93f11c12-ae7c-46ab-abf7-ec8e5e1f0d76,214202293,Commune de Saint-Germain-la-Montagne (42),false,{42229},Commune,2026-03-24 14:42:00.273698+01,gold_establishments_2025,,,,21420229300012,2025,Collectivité Territoriale,Commune,['Loire'],['Auvergne-Rhône-Alpes'],COM,{42},{84}
4bde7b5f-e38e-43f4-95bb-67b0bd4dbc92,216005702,Commune de Saint-Germain-la-Poterie (60),false,{60576},Commune,2026-03-24 14:42:04.814328+01,gold_establishments_2025,,,,21600570200016,2025,Collectivité Territoriale,Commune,['Oise'],['Hauts-de-France'],COM,{60},{32}
8bfb4ee0-9418-484a-902f-42d95c91d34c,215104464,Commune de Saint-Germain-la-Ville (51),false,{51482},Commune,2026-03-24 14:42:01.954481+01,gold_establishments_2025,,,,21510446400015,2025,Collectivité Territoriale,Commune,['Marne'],['Grand Est'],COM,{51},{44}
492a12b2-f05f-4c7e-b9de-1e78e50fb170,219000916,Commune de Saint-Germain-le-Châtelet (90),false,{90091},Commune,2026-03-24 14:42:11.659493+01,gold_establishments_2025,,,,21900091600011,2025,Collectivité Territoriale,Commune,['Territoire de Belfort'],['Bourgogne-Franche-Comté'],COM,{90},{27}
b5f10f6f-8c92-4cfe-9695-8012397aca4e,215302241,Commune de Saint-Germain-le-Fouilloux (53),false,{53224},Commune,2026-03-24 14:42:02.957225+01,gold_establishments_2025,,,,21530224100017,2025,Collectivité Territoriale,Commune,['Mayenne'],['Pays de la Loire'],COM,{53},{52}
ab1d0401-7478-4d3b-b690-d5424f1df43f,212803399,Commune de Saint-Germain-le-Gaillard (28),false,{28339},Commune,2026-03-24 14:41:57.028721+01,gold_establishments_2025,,,,21280339900014,2025,Collectivité Territoriale,Commune,['Eure-et-Loir'],['Centre-Val de Loire'],COM,{28},{24}
7bf1e577-6ffe-4baa-bb9c-732ecb12d43f,215004805,Commune de Saint-Germain-le-Gaillard (50),false,{50480},Commune,2026-03-24 14:42:01.412377+01,gold_establishments_2025,,,,21500480500010,2025,Collectivité Territoriale,Commune,['Manche'],['Normandie'],COM,{50},{28}
215359ff-dc15-4a71-9c77-342eae5f2bed,215302258,Commune de Saint-Germain-le-Guillaume (53),false,{53225},Commune,2026-03-24 14:42:02.957225+01,gold_establishments_2025,,,,21530225800011,2025,Collectivité Territoriale,Commune,['Mayenne'],['Pays de la Loire'],COM,{53},{52}
6c6314f3-48ab-41fc-a9ce-063bfc4e4dc8,212105498,Commune de Saint-Germain-le-Rocheux (21),false,{21549},Commune,2026-03-24 14:41:55.433389+01,gold_establishments_2025,,,,21210549800019,2025,Collectivité Territoriale,Commune,"[""Côte-d'Or""]",['Bourgogne-Franche-Comté'],COM,{21},{27}
2901d280-a838-427d-b11a-b7ce36fbe60a,211405899,Commune de Saint-Germain-le-Vasson (14),false,{14589},Commune,2026-03-24 14:41:54.362296+01,gold_establishments_2025,,,,21140589900017,2025,Collectivité Territoriale,Commune,['Calvados'],['Normandie'],COM,{14},{28}
f9f5f079-4fb4-4734-af73-02e782a695d8,216103986,Commune de Saint-Germain-le-Vieux (61),false,{61398},Commune,2026-03-24 14:42:05.597325+01,gold_establishments_2025,,,,21610398600016,2025,Collectivité Territoriale,Commune,['Orne'],['Normandie'],COM,{61},{28}
d1a636bc-55e5-4690-86a0-c238bee0d5cf,218714608,Commune de Saint-Germain-les-Belles (87),false,{87146},Commune,2026-03-24 14:42:11.118516+01,gold_establishments_2025,,,,21871460800013,2025,Collectivité Territoriale,Commune,['Haute-Vienne'],['Nouvelle-Aquitaine'],COM,{87},{75}
d73b2055-eba2-41d9-bfd0-e298e0805810,210103586,Commune de Saint-Germain-les-Paroisses (01),false,{01358},Commune,2026-03-24 14:41:51.447482+01,gold_establishments_2025,,,,21010358600017,2025,Collectivité Territoriale,Commune,['Ain'],['Auvergne-Rhône-Alpes'],COM,{01},{84}
279f1d1d-3a17-4373-8c97-7eedf7a1a0b0,211920707,Commune de Saint-Germain-les-Vergnes (19),false,{19207},Commune,2026-03-24 14:41:54.903238+01,gold_establishments_2025,,,,21192070700018,2025,Collectivité Territoriale,Commune,['Corrèze'],['Nouvelle-Aquitaine'],COM,{19},{75}
e6a08814-ebb3-4ece-95c2-5a5397a6deeb,219105525,Commune de Saint-Germain-lès-Arpajon (91),false,{91552},Commune,2026-03-24 14:42:11.659493+01,gold_establishments_2025,,,,21910552500097,2025,Collectivité Territoriale,Commune,['Essonne'],['Île-de-France'],COM,{91},{11}
c8190bc8-c5ae-4ee9-93aa-024df8f931e0,217104223,Commune de Saint-Germain-lès-Buxy (71),false,{71422},Commune,2026-03-24 14:42:08.279287+01,gold_establishments_2025,,,,21710422300011,2025,Collectivité Territoriale,Commune,['Saône-et-Loire'],['Bourgogne-Franche-Comté'],COM,{71},{27}
089d8794-d351-4a38-a579-37d119196ddd,219105533,Commune de Saint-Germain-lès-Corbeil (91),false,{91553},Commune,2026-03-24 14:42:11.659493+01,gold_establishments_2025,,,,21910553300018,2025,Collectivité Territoriale,Commune,['Essonne'],['Île-de-France'],COM,{91},{11}
94d103f2-3ef6-4095-b98f-0d7545f542c4,212105506,Commune de Saint-Germain-lès-Senailly (21),false,{21550},Commune,2026-03-24 14:41:55.433389+01,gold_establishments_2025,,,,21210550600019,2025,Collectivité Territoriale,Commune,"[""Côte-d'Or""]",['Bourgogne-Franche-Comté'],COM,{21},{27}
7d751e9e-f022-4e41-a167-63839cc5cb1f,216303511,Commune de Saint-Germain-près-Herment (63),false,{63351},Commune,2026-03-24 14:42:06.130387+01,gold_establishments_2025,,,,21630351100010,2025,Collectivité Territoriale,Commune,['Puy-de-Dôme'],['Auvergne-Rhône-Alpes'],COM,{63},{84}
9c63485f-9821-45c8-a8c1-e5238054609f,217605831,Commune de Saint-Germain-sous-Cailly (76),false,{76583},Commune,2026-03-24 14:42:08.818969+01,gold_establishments_2025,,,,21760583100015,2025,Collectivité Territoriale,Commune,['Seine-Maritime'],['Normandie'],COM,{76},{28}
419f984b-7e82-47db-bb5c-cab6ec636a99,217704113,Commune de Saint-Germain-sous-Doue (77),false,{77411},Commune,2026-03-24 14:42:09.43682+01,gold_establishments_2025,,,,21770411300018,2025,Collectivité Territoriale,Commune,['Seine-et-Marne'],['Île-de-France'],COM,{77},{11}
2ee6f4e5-6b1a-42ce-af47-473e77581700,212705487,Commune de Saint-Germain-sur-Avre (27),false,{27548},Commune,2026-03-24 14:41:57.028721+01,gold_establishments_2025,,,,21270548700016,2025,Collectivité Territoriale,Commune,['Eure'],['Normandie'],COM,{27},{28}
f57baa1f-0a47-46a4-b155-05644376ff53,215004813,Commune de Saint-Germain-sur-Ay (50),false,{50481},Commune,2026-03-24 14:42:01.412377+01,gold_establishments_2025,,,,21500481300014,2025,Collectivité Territoriale,Commune,['Manche'],['Normandie'],COM,{50},{28}
c211898e-6d57-4173-92b0-150448a30319,218006625,Commune de Saint-Germain-sur-Bresle (80),false,{80703},Commune,2026-03-24 14:42:09.967209+01,gold_establishments_2025,,,,21800662500014,2025,Collectivité Territoriale,Commune,['Somme'],['Hauts-de-France'],COM,{80},{32}
fb04a816-53a7-41a6-81ad-069df4b778ce,217605849,Commune de Saint-Germain-sur-Eaulne (76),false,{76584},Commune,2026-03-24 14:42:08.818969+01,gold_establishments_2025,,,,21760584900041,2025,Collectivité Territoriale,Commune,['Seine-Maritime'],['Normandie'],COM,{76},{28}
9e50dff1-f165-46e0-b175-d4e6e46231ec,213502743,Commune de Saint-Germain-sur-Ille (35),false,{35274},Commune,2026-03-24 14:41:59.160244+01,gold_establishments_2025,,,,21350274300015,2025,Collectivité Territoriale,Commune,['Ille-et-Vilaine'],['Bretagne'],COM,{35},{53}
a29f9707-9bb4-456a-8760-9be7c8b65aa3,215504564,Commune de Saint-Germain-sur-Meuse (55),false,{55456},Commune,2026-03-24 14:42:03.701372+01,gold_establishments_2025,,,,21550456400018,2025,Collectivité Territoriale,Commune,['Meuse'],['Grand Est'],COM,{55},{44}
a638d6ce-ed3b-4a4c-8a09-72a4418327c3,217704139,Commune de Saint-Germain-sur-Morin (77),false,{77413},Commune,2026-03-24 14:42:09.43682+01,gold_establishments_2025,,,,21770413900013,2025,Collectivité Territoriale,Commune,['Seine-et-Marne'],['Île-de-France'],COM,{77},{11}
14097949-4b39-40ae-b492-b7501154bc38,210103594,Commune de Saint-Germain-sur-Renon (01),false,{01359},Commune,2026-03-24 14:41:51.447482+01,gold_establishments_2025,,,,21010359400011,2025,Collectivité Territoriale,Commune,['Ain'],['Auvergne-Rhône-Alpes'],COM,{01},{84}
c2d36f7f-c5ad-431b-bbf2-b08e1997813d,217402353,Commune de Saint-Germain-sur-Rhône (74),false,{74235},Commune,2026-03-24 14:42:08.818969+01,gold_establishments_2025,,,,21740235300015,2025,Collectivité Territoriale,Commune,['Haute-Savoie'],['Auvergne-Rhône-Alpes'],COM,{74},{84}
4d54911f-e941-4621-b9ac-374bd05a50ad,215004821,Commune de Saint-Germain-sur-Sèves (50),false,{50482},Commune,2026-03-24 14:42:01.412377+01,gold_establishments_2025,,,,21500482100017,2025,Collectivité Territoriale,Commune,['Manche'],['Normandie'],COM,{50},{28}
23468ac2-be09-4b9f-b13d-85ed92312611,213702202,Commune de Saint-Germain-sur-Vienne (37),false,{37220},Commune,2026-03-24 14:41:59.160244+01,gold_establishments_2025,,,,21370220200010,2025,Collectivité Territoriale,Commune,['Indre-et-Loire'],['Centre-Val de Loire'],COM,{37},{24}
77083a01-8a5d-4b9c-8109-717b423ce0bc,217704121,Commune de Saint-Germain-sur-École (77),false,{77412},Commune,2026-03-24 14:42:09.43682+01,gold_establishments_2025,,,,21770412100011,2025,Collectivité Territoriale,Commune,['Seine-et-Marne'],['Île-de-France'],COM,{77},{11}
03536b23-0c4e-48d4-9499-0683d316a3ed,210803441,Commune de Saint-Germainmont (08),false,{08381},Commune,2026-03-24 14:41:53.095366+01,gold_establishments_2025,,,,21080344100018,2025,Collectivité Territoriale,Commune,['Ardennes'],['Grand Est'],COM,{08},{44}
4558cadf-a557-4587-9c33-54feb880b475,216005710,Commune de Saint-Germer-de-Fly (60),false,{60577},Commune,2026-03-24 14:42:04.814328+01,gold_establishments_2025,,,,21600571000019,2025,Collectivité Territoriale,Commune,['Oise'],['Hauts-de-France'],COM,{60},{32}
7f2dd457-e41a-4d48-920b-9b685dba64ae,213104854,Commune de Saint-Germier (31),false,{31485},Commune,2026-03-24 14:41:58.09424+01,gold_establishments_2025,,,,21310485400012,2025,Collectivité Territoriale,Commune,['Haute-Garonne'],['Occitanie'],COM,{31},{76}
eed0a55b-4779-4180-afca-f06d56fed01b,213203797,Commune de Saint-Germier (32),false,{32379},Commune,2026-03-24 14:41:58.09424+01,gold_establishments_2025,,,,21320379700013,2025,Collectivité Territoriale,Commune,['Gers'],['Occitanie'],COM,{32},{76}
d74ac208-8784-4dab-9716-f8747db43607,217902568,Commune de Saint-Germier (79),false,{79256},Commune,2026-03-24 14:42:09.43682+01,gold_establishments_2025,,,,21790256800013,2025,Collectivité Territoriale,Commune,['Deux-Sèvres'],['Nouvelle-Aquitaine'],COM,{79},{75}
dc9ceeca-c5e9-4c95-bbe7-a1a831195b30,218102523,Commune de Saint-Germier (81),false,{81252},Commune,2026-03-24 14:42:09.967209+01,gold_establishments_2025,,,,21810252300014,2025,Collectivité Territoriale,Commune,['Tarn'],['Occitanie'],COM,{81},{76}
aca80404-ffc1-4c21-9fed-e39ae9617b27,213203789,Commune de Saint-Germé (32),false,{32378},Commune,2026-03-24 14:41:58.09424+01,gold_establishments_2025,,,,21320378900010,2025,Collectivité Territoriale,Commune,['Gers'],['Occitanie'],COM,{32},{76}
97866214-e11a-4c8c-bf48-b963927cf6a8,213002561,Commune de Saint-Gervais (30),false,{30256},Commune,2026-03-24 14:41:57.56054+01,gold_establishments_2025,,,,21300256100016,2025,Collectivité Territoriale,Commune,['Gard'],['Occitanie'],COM,{30},{76}
39b5436f-da5f-4893-87b1-ae768844483a,213304157,Commune de Saint-Gervais (33),false,{33415},Commune,2026-03-24 14:41:58.620411+01,gold_establishments_2025,,,,21330415700018,2025,Collectivité Territoriale,Commune,['Gironde'],['Nouvelle-Aquitaine'],COM,{33},{75}
4db1f826-c05c-4138-932b-f8c8bfe5beca,213803901,Commune de Saint-Gervais (38),false,{38390},Commune,2026-03-24 14:41:59.160244+01,gold_establishments_2025,,,,21380390100015,2025,Collectivité Territoriale,Commune,['Isère'],['Auvergne-Rhône-Alpes'],COM,{38},{84}
66751cb6-c35b-496f-b759-8fc0afd6320f,218502219,Commune de Saint-Gervais (85),false,{85221},Commune,2026-03-24 14:42:10.508772+01,gold_establishments_2025,,,,21850221900015,2025,Collectivité Territoriale,Commune,['Vendée'],['Pays de la Loire'],COM,{85},{52}
79a5d253-c4b7-432b-b8af-015e3089f54e,219505542,Commune de Saint-Gervais (95),false,{95554},Commune,2026-03-24 14:42:11.659493+01,gold_establishments_2025,,,,21950554200015,2025,Collectivité Territoriale,Commune,"[""Val-d'Oise""]",['Île-de-France'],COM,{95},{11}
5892b415-525a-4f29-abda-8b10df750d40,216303545,Commune de Saint-Gervais-d'Auvergne (63),false,{63354},Commune,2026-03-24 14:42:06.130387+01,gold_establishments_2025,,,,21630354500018,2025,Collectivité Territoriale,Commune,['Puy-de-Dôme'],['Auvergne-Rhône-Alpes'],COM,{63},{84}
28fb9078-0330-44c4-8b6b-1e295bfc108b,217202860,Commune de Saint-Gervais-de-Vic (72),false,{72286},Commune,2026-03-24 14:42:08.279287+01,gold_establishments_2025,,,,21720286000011,2025,Collectivité Territoriale,Commune,['Sarthe'],['Pays de la Loire'],COM,{72},{52}
a2158b77-a1a1-4082-8d31-e531cf1790a1,216103994,Commune de Saint-Gervais-des-Sablons (61),false,{61399},Commune,2026-03-24 14:42:05.597325+01,gold_establishments_2025,,,,21610399400010,2025,Collectivité Territoriale,Commune,['Orne'],['Normandie'],COM,{61},{28}
12b6a851-0883-4376-88f9-99f87a4adbe3,216104000,Commune de Saint-Gervais-du-Perron (61),false,{61400},Commune,2026-03-24 14:42:05.597325+01,gold_establishments_2025,,,,21610400000015,2025,Collectivité Territoriale,Commune,['Orne'],['Normandie'],COM,{61},{28}
e058342e-6d44-4dd0-8fe0-bfd3b9580c8c,217104231,Commune de Saint-Gervais-en-Vallière (71),false,{71423},Commune,2026-03-24 14:42:08.279287+01,gold_establishments_2025,,,,21710423100014,2025,Collectivité Territoriale,Commune,['Saône-et-Loire'],['Bourgogne-Franche-Comté'],COM,{71},{27}
8563e594-2d76-4902-988c-f21dcabc7d70,214102121,Commune de Saint-Gervais-la-Forêt (41),false,{41212},Commune,2026-03-24 14:42:00.273698+01,gold_establishments_2025,,,,21410212100016,2025,Collectivité Territoriale,Commune,['Loir-et-Cher'],['Centre-Val de Loire'],COM,{41},{24}
5afbdea9-7c43-4d07-8d17-231ff2c9042e,217402361,Commune de Saint-Gervais-les-Bains (74),false,{74236},Commune,2026-03-24 14:42:08.818969+01,gold_establishments_2025,,,,21740236100018,2025,Collectivité Territoriale,Commune,['Haute-Savoie'],['Auvergne-Rhône-Alpes'],COM,{74},{84}
5280ae79-c3d6-4543-b654-1f69db3b4605,218602241,Commune de Saint-Gervais-les-Trois-Clochers (86),false,{86224},Commune,2026-03-24 14:42:10.508772+01,gold_establishments_2025,,,,21860224100018,2025,Collectivité Territoriale,Commune,['Vienne'],['Nouvelle-Aquitaine'],COM,{86},{75}
a9bb4c37-92fd-4682-883a-3485a04c41f1,216303552,Commune de Saint-Gervais-sous-Meymont (63),false,{63355},Commune,2026-03-24 14:42:06.130387+01,gold_establishments_2025,,,,21630355200014,2025,Collectivité Territoriale,Commune,['Puy-de-Dôme'],['Auvergne-Rhône-Alpes'],COM,{63},{84}
4845dee5-1970-45c8-a6d2-b981894c5030,217104249,Commune de Saint-Gervais-sur-Couches (71),false,{71424},Commune,2026-03-24 14:42:08.279287+01,gold_establishments_2025,,,,21710424900016,2025,Collectivité Territoriale,Commune,['Saône-et-Loire'],['Bourgogne-Franche-Comté'],COM,{71},{27}
84a95deb-5b73-4efa-8572-4fbf8a7fb84e,213402605,Commune de Saint-Gervais-sur-Mare (34),false,{34260},Commune,2026-03-24 14:41:58.620411+01,gold_establishments_2025,,,,21340260500017,2025,Collectivité Territoriale,Commune,['Hérault'],['Occitanie'],COM,{34},{76}
63982dbe-c1fa-41fb-8eb8-42911ddcb313,212603054,Commune de Saint-Gervais-sur-Roubion (26),false,{26305},Commune,2026-03-24 14:41:56.495197+01,gold_establishments_2025,,,,21260305400017,2025,Collectivité Territoriale,Commune,['Drôme'],['Auvergne-Rhône-Alpes'],COM,{26},{84}
58e7afd8-c5ea-4b6c-8573-346b28fa235c,213002579,Commune de Saint-Gervasy (30),false,{30257},Commune,2026-03-24 14:41:57.56054+01,gold_establishments_2025,,,,21300257900018,2025,Collectivité Territoriale,Commune,['Gard'],['Occitanie'],COM,{30},{76}
c9f87e15-b0f2-436d-be87-0add097b2308,216303560,Commune de Saint-Gervazy (63),false,{63356},Commune,2026-03-24 14:42:06.130387+01,gold_establishments_2025,,,,21630356000017,2025,Collectivité Territoriale,Commune,['Puy-de-Dôme'],['Auvergne-Rhône-Alpes'],COM,{63},{84}
186c3de7-616b-4bb6-808a-e5b75a708c6c,212404214,Commune de Saint-Geyrac (24),false,{24421},Commune,2026-03-24 14:41:55.958138+01,gold_establishments_2025,,,,21240421400018,2025,Collectivité Territoriale,Commune,['Dordogne'],['Nouvelle-Aquitaine'],COM,{24},{75}
12404201-ea8d-44c9-aef6-27bfd82b50bd,215104472,Commune de Saint-Gibrien (51),false,{51483},Commune,2026-03-24 14:42:01.954481+01,gold_establishments_2025,,,,21510447200018,2025,Collectivité Territoriale,Commune,['Marne'],['Grand Est'],COM,{51},{44}
0440b2b5-5abc-424b-8d6b-6261be0990aa,212202915,Commune de Saint-Gildas (22),false,{22291},Commune,2026-03-24 14:41:55.958138+01,gold_establishments_2025,,,,21220291500014,2025,Collectivité Territoriale,Commune,"[""Côtes-d'Armor""]",['Bretagne'],COM,{22},{53}
ca2b19f6-10b7-4c36-9921-71c6c176fc1b,215602145,Commune de Saint-Gildas-de-Rhuys (56),false,{56214},Commune,2026-03-24 14:42:03.701372+01,gold_establishments_2025,,,,21560214500017,2025,Collectivité Territoriale,Commune,['Morbihan'],['Bretagne'],COM,{56},{53}
eb1c399f-2359-49d7-8e71-7d670bfb39dc,214401614,Commune de Saint-Gildas-des-Bois (44),false,{44161},Commune,2026-03-24 14:42:00.273698+01,gold_establishments_2025,,,,21440161400018,2025,Collectivité Territoriale,Commune,['Loire-Atlantique'],['Pays de la Loire'],COM,{44},{52}
21b7ea9d-5183-4be6-8130-0308cb76724d,213002587,Commune de Saint-Gilles (30),false,{30258},Commune,2026-03-24 14:41:57.56054+01,gold_establishments_2025,,,,21300258700011,2025,Collectivité Territoriale,Commune,['Gard'],['Occitanie'],COM,{30},{76}
7f1acd7a-8ad9-424a-a29a-d6491f57e7b3,213502750,Commune de Saint-Gilles (35),false,{35275},Commune,2026-03-24 14:41:59.160244+01,gold_establishments_2025,,,,21350275000085,2025,Collectivité Territoriale,Commune,['Ille-et-Vilaine'],['Bretagne'],COM,{35},{53}
caa54e8d-65bb-4a76-b4b3-42cde62673ce,213601966,Commune de Saint-Gilles (36),false,{36196},Commune,2026-03-24 14:41:59.160244+01,gold_establishments_2025,,,,21360196600012,2025,Collectivité Territoriale,Commune,['Indre'],['Centre-Val de Loire'],COM,{36},{24}
2aeb46a6-cb37-4aac-a6b7-032248279141,215004839,Commune de Saint-Gilles (50),false,{50483},Commune,2026-03-24 14:42:01.412377+01,gold_establishments_2025,,,,21500483900019,2025,Collectivité Territoriale,Commune,['Manche'],['Normandie'],COM,{50},{28}
659cb635-48af-41c4-b215-e1f1a5d8d7db,215104480,Commune de Saint-Gilles (51),false,{51484},Commune,2026-03-24 14:42:01.954481+01,gold_establishments_2025,,,,21510448000011,2025,Collectivité Territoriale,Commune,['Marne'],['Grand Est'],COM,{51},{44}
5484dbea-4c83-42cc-9e45-9b5f91842bc5,217104256,Commune de Saint-Gilles (71),false,{71425},Commune,2026-03-24 14:42:08.279287+01,gold_establishments_2025,,,,21710425600011,2025,Collectivité Territoriale,Commune,['Saône-et-Loire'],['Bourgogne-Franche-Comté'],COM,{71},{27}
249c6b40-b4fa-49a9-b00a-411ed62b862d,218502227,Commune de Saint-Gilles-Croix-de-Vie (85),false,{85222},Commune,2026-03-24 14:42:10.508772+01,gold_establishments_2025,,,,21850222700018,2025,Collectivité Territoriale,Commune,['Vendée'],['Pays de la Loire'],COM,{85},{52}
65f5875f-226b-430b-9e21-33d4d2bedecb,212202949,Commune de Saint-Gilles-Pligeaux (22),false,{22294},Commune,2026-03-24 14:41:55.958138+01,gold_establishments_2025,,,,21220294900013,2025,Collectivité Territoriale,Commune,"[""Côtes-d'Armor""]",['Bretagne'],COM,{22},{53}
f9bcdc39-839a-45c5-9dcf-3f09d2368599,212202956,Commune de Saint-Gilles-Vieux-Marché (22),false,{22295},Commune,2026-03-24 14:41:55.958138+01,gold_establishments_2025,,,,21220295600018,2025,Collectivité Territoriale,Commune,"[""Côtes-d'Armor""]",['Bretagne'],COM,{22},{53}
7f2ccaab-802f-49dd-b318-8d1d869df32d,217605856,Commune de Saint-Gilles-de-Crétot (76),false,{76585},Commune,2026-03-24 14:42:08.818969+01,gold_establishments_2025,,,,21760585600012,2025,Collectivité Territoriale,Commune,['Seine-Maritime'],['Normandie'],COM,{76},{28}
3167bad8-d7bd-4e7e-9701-30d3f56532bb,217605864,Commune de Saint-Gilles-de-la-Neuville (76),false,{76586},Commune,2026-03-24 14:42:08.818969+01,gold_establishments_2025,,,,21760586400016,2025,Collectivité Territoriale,Commune,['Seine-Maritime'],['Normandie'],COM,{76},{28}
f6f18883-ac05-4775-8ec1-b1088737ace8,216104018,Commune de Saint-Gilles-des-Marais (61),false,{61401},Commune,2026-03-24 14:42:05.597325+01,gold_establishments_2025,,,,21610401800017,2025,Collectivité Territoriale,Commune,['Orne'],['Normandie'],COM,{61},{28}
3a1ea006-8139-4666-b472-74318b9a5737,212202931,Commune de Saint-Gilles-les-Bois (22),false,{22293},Commune,2026-03-24 14:41:55.958138+01,gold_establishments_2025,,,,21220293100011,2025,Collectivité Territoriale,Commune,"[""Côtes-d'Armor""]",['Bretagne'],COM,{22},{53}
399c8095-1a17-49d0-8030-d93ea706c953,218714707,Commune de Saint-Gilles-les-Forêts (87),false,{87147},Commune,2026-03-24 14:42:11.118516+01,gold_establishments_2025,,,,21871470700013,2025,Collectivité Territoriale,Commune,['Haute-Vienne'],['Nouvelle-Aquitaine'],COM,{87},{75}
7b285ad0-78c7-45a3-a0b4-48e8ae38bc3c,210702429,Commune de Saint-Gineys-en-Coiron (07),false,{07242},Commune,2026-03-24 14:41:52.562531+01,gold_establishments_2025,,,,21070242900015,2025,Collectivité Territoriale,Commune,['Ardèche'],['Auvergne-Rhône-Alpes'],COM,{07},{84}
694cfd2c-8986-40a3-9e22-49ce713cb354,217402379,Commune de Saint-Gingolph (74),false,{74237},Commune,2026-03-24 14:42:08.818969+01,gold_establishments_2025,,,,21740237900069,2025,Collectivité Territoriale,Commune,['Haute-Savoie'],['Auvergne-Rhône-Alpes'],COM,{74},{84}
7e312f2e-6e10-4198-a0fd-3f23cfb8c1fe,210902615,Commune de Saint-Girons (09),false,{09261},Commune,2026-03-24 14:41:53.095366+01,gold_establishments_2025,,,,21090261500017,2025,Collectivité Territoriale,Commune,['Ariège'],['Occitanie'],COM,{09},{76}
6ea9dde7-a654-4b69-bdb8-d570b52101eb,213304165,Commune de Saint-Girons-d'Aiguevives (33),false,{33416},Commune,2026-03-24 14:41:58.620411+01,gold_establishments_2025,,,,21330416500011,2025,Collectivité Territoriale,Commune,['Gironde'],['Nouvelle-Aquitaine'],COM,{33},{75}
61d82a5e-6e14-4bfc-b3ad-7603dcadb933,216404798,Commune de Saint-Girons-en-Béarn (64),false,{64479},Commune,2026-03-24 14:42:06.665412+01,gold_establishments_2025,,,,21640479800011,2025,Collectivité Territoriale,Commune,['Pyrénées-Atlantiques'],['Nouvelle-Aquitaine'],COM,{64},{75}
d4a52af3-80d5-42e0-bf0f-1fa26ba2f30c,216404806,Commune de Saint-Gladie-Arrive-Munein (64),false,{64480},Commune,2026-03-24 14:42:06.665412+01,gold_establishments_2025,,,,21640480600012,2025,Collectivité Territoriale,Commune,['Pyrénées-Atlantiques'],['Nouvelle-Aquitaine'],COM,{64},{75}
6c7d9ea0-15d9-4fa1-8279-ece0315b188d,212202964,Commune de Saint-Glen (22),false,{22296},Commune,2026-03-24 14:41:55.958138+01,gold_establishments_2025,,,,21220296400087,2025,Collectivité Territoriale,Commune,"[""Côtes-d'Armor""]",['Bretagne'],COM,{22},{53}
52e650a3-81e8-4002-a1a0-6908889a5e7f,212902498,Commune de Saint-Goazec (29),false,{29249},Commune,2026-03-24 14:41:57.56054+01,gold_establishments_2025,,,,21290249800014,2025,Collectivité Territoriale,Commune,['Finistère'],['Bretagne'],COM,{29},{53}
66127f63-e593-4116-b465-11367c6f13d5,210206553,Commune de Saint-Gobain (02),false,{02680},Commune,2026-03-24 14:41:52.020251+01,gold_establishments_2025,,,,21020655300013,2025,Collectivité Territoriale,Commune,['Aisne'],['Hauts-de-France'],COM,{02},{32}
f862fecb-7b1f-49bd-a730-56c2c70a3d4b,210206561,Commune de Saint-Gobert (02),false,{02681},Commune,2026-03-24 14:41:52.020251+01,gold_establishments_2025,,,,21020656100016,2025,Collectivité Territoriale,Commune,['Aisne'],['Hauts-de-France'],COM,{02},{32}
e8ce03c3-e98e-4a2b-888e-16dbdc89d51d,216404814,Commune de Saint-Goin (64),false,{64481},Commune,2026-03-24 14:42:06.665412+01,gold_establishments_2025,,,,21640481400016,2025,Collectivité Territoriale,Commune,['Pyrénées-Atlantiques'],['Nouvelle-Aquitaine'],COM,{64},{75}
64a7ddbc-49ff-4296-9e5c-e595c92f14f7,214502809,Commune de Saint-Gondon (45),false,{45280},Commune,2026-03-24 14:42:00.862623+01,gold_establishments_2025,,,,21450280900012,2025,Collectivité Territoriale,Commune,['Loiret'],['Centre-Val de Loire'],COM,{45},{24}
50aaa055-da12-4449-b741-0403e210a2bf,213502768,Commune de Saint-Gondran (35),false,{35276},Commune,2026-03-24 14:41:59.160244+01,gold_establishments_2025,,,,21350276800012,2025,Collectivité Territoriale,Commune,['Ille-et-Vilaine'],['Bretagne'],COM,{35},{53}
d6756679-6492-4e0c-9dcb-413a8cc620a2,213502776,Commune de Saint-Gonlay (35),false,{35277},Commune,2026-03-24 14:41:59.160244+01,gold_establishments_2025,,,,21350277600015,2025,Collectivité Territoriale,Commune,['Ille-et-Vilaine'],['Bretagne'],COM,{35},{53}
e2a1fc77-d658-415c-a5cd-ed3641483256,215602152,Commune de Saint-Gonnery (56),false,{56215},Commune,2026-03-24 14:42:03.701372+01,gold_establishments_2025,,,,21560215200013,2025,Collectivité Territoriale,Commune,['Morbihan'],['Bretagne'],COM,{56},{53}
c75c2822-13b9-41c7-8010-8ae2494d60d8,214002628,Commune de Saint-Gor (40),false,{40262},Commune,2026-03-24 14:41:59.705606+01,gold_establishments_2025,,,,21400262800011,2025,Collectivité Territoriale,Commune,['Landes'],['Nouvelle-Aquitaine'],COM,{40},{75}
036996ba-c6ec-4c73-832d-db3c91df3290,215602160,Commune de Saint-Gorgon (56),false,{56216},Commune,2026-03-24 14:42:03.701372+01,gold_establishments_2025,,,,21560216000016,2025,Collectivité Territoriale,Commune,['Morbihan'],['Bretagne'],COM,{56},{53}
ceaa1662-688b-4c85-a426-b9627828676a,218804177,Commune de Saint-Gorgon (88),false,{88417},Commune,2026-03-24 14:42:11.118516+01,gold_establishments_2025,,,,21880417700010,2025,Collectivité Territoriale,Commune,['Vosges'],['Grand Est'],COM,{88},{44}
643ed076-92c3-4842-8865-522ba47a785f,212505176,Commune de Saint-Gorgon-Main (25),false,{25517},Commune,2026-03-24 14:41:56.495197+01,gold_establishments_2025,,,,21250517600017,2025,Collectivité Territoriale,Commune,['Doubs'],['Bourgogne-Franche-Comté'],COM,{25},{27}
0f271ba1-cc21-430c-8737-f483803a7a61,214102139,Commune de Saint-Gourgon (41),false,{41213},Commune,2026-03-24 14:42:00.273698+01,gold_establishments_2025,,,,21410213900018,2025,Collectivité Territoriale,Commune,['Loir-et-Cher'],['Centre-Val de Loire'],COM,{41},{24}
26b0a837-a63e-49fc-b063-54403c8e0e2c,211603253,Commune de Saint-Gourson (16),false,{16325},Commune,2026-03-24 14:41:54.362296+01,gold_establishments_2025,,,,21160325300017,2025,Collectivité Territoriale,Commune,['Charente'],['Nouvelle-Aquitaine'],COM,{16},{75}
03e8eb25-d0a6-4740-a6bd-37f92939f997,212320006,Commune de Saint-Goussaud (23),false,{23200},Commune,2026-03-24 14:41:55.958138+01,gold_establishments_2025,,,,21232000600019,2025,Collectivité Territoriale,Commune,['Creuse'],['Nouvelle-Aquitaine'],COM,{23},{75}
02db5aa7-9e4c-43f6-a7fd-917d5eeef7cb,218006633,Commune de Saint-Gratien (80),false,{80704},Commune,2026-03-24 14:42:09.967209+01,gold_establishments_2025,,,,21800663300018,2025,Collectivité Territoriale,Commune,['Somme'],['Hauts-de-France'],COM,{80},{32}
28e45531-6398-46d2-832a-00554b67d8eb,219505559,Commune de Saint-Gratien (95),false,{95555},Commune,2026-03-24 14:42:11.659493+01,gold_establishments_2025,,,,21950555900019,2025,Collectivité Territoriale,Commune,"[""Val-d'Oise""]",['Île-de-France'],COM,{95},{11}
fd346423-c05e-48e7-9ad7-fdcb50b9321e,215802430,Commune de Saint-Gratien-Savigny (58),false,{58243},Commune,2026-03-24 14:42:04.280096+01,gold_establishments_2025,,,,21580243000011,2025,Collectivité Territoriale,Commune,['Nièvre'],['Bourgogne-Franche-Comté'],COM,{58},{27}
f01bb47c-7d74-4b03-a17d-5224e48c026e,215602186,Commune de Saint-Gravé (56),false,{56218},Commune,2026-03-24 14:42:03.701372+01,gold_establishments_2025,,,,21560218600011,2025,Collectivité Territoriale,Commune,['Morbihan'],['Bretagne'],COM,{56},{53}
be0041f8-ab06-411e-813d-5ed781a860e2,213203805,Commune de Saint-Griède (32),false,{32380},Commune,2026-03-24 14:41:58.09424+01,gold_establishments_2025,,,,21320380500014,2025,Collectivité Territoriale,Commune,['Gers'],['Occitanie'],COM,{32},{76}
bbbfd1e8-9347-4290-a587-d7a5f47807dd,211603261,Commune de Saint-Groux (16),false,{16326},Commune,2026-03-24 14:41:54.362296+01,gold_establishments_2025,,,,21160326100010,2025,Collectivité Territoriale,Commune,['Charente'],['Nouvelle-Aquitaine'],COM,{16},{75}
aa01cde3-4115-4d60-8d3e-319e98459648,213502784,Commune de Saint-Grégoire (35),false,{35278},Commune,2026-03-24 14:41:59.160244+01,gold_establishments_2025,,,,21350278400019,2025,Collectivité Territoriale,Commune,['Ille-et-Vilaine'],['Bretagne'],COM,{35},{53}
6b2cbd3c-369e-4827-9e3c-f47830201b16,218102531,Commune de Saint-Grégoire (81),false,{81253},Commune,2026-03-24 14:42:09.967209+01,gold_establishments_2025,,,,21810253100017,2025,Collectivité Territoriale,Commune,['Tarn'],['Occitanie'],COM,{81},{76}
71c71430-afa7-4165-bc88-3d0e4c8f66b8,211703434,Commune de Saint-Grégoire-d'Ardennes (17),false,{17343},Commune,2026-03-24 14:41:54.903238+01,gold_establishments_2025,,,,21170343400012,2025,Collectivité Territoriale,Commune,['Charente-Maritime'],['Nouvelle-Aquitaine'],COM,{17},{75}
2a1ba647-340b-447c-bb0d-4babf612b8f0,212705503,Commune de Saint-Grégoire-du-Vièvre (27),false,{27550},Commune,2026-03-24 14:41:57.028721+01,gold_establishments_2025,,,,21270550300010,2025,Collectivité Territoriale,Commune,['Eure'],['Normandie'],COM,{27},{28}
412626b2-8e2c-473f-a9e2-f1579fd5f428,213402613,Commune de Saint-Guilhem-le-Désert (34),false,{34261},Commune,2026-03-24 14:41:58.620411+01,gold_establishments_2025,,,,21340261300011,2025,Collectivité Territoriale,Commune,['Hérault'],['Occitanie'],COM,{34},{76}
8ab9772a-1056-49aa-93e6-6a5b4aec53c0,213803919,Commune de Saint-Guillaume (38),false,{38391},Commune,2026-03-24 14:41:59.160244+01,gold_establishments_2025,,,,21380391900017,2025,Collectivité Territoriale,Commune,['Isère'],['Auvergne-Rhône-Alpes'],COM,{38},{84}
f9a531a3-f7d9-43b4-a71b-5bdafb572772,213502792,Commune de Saint-Guinoux (35),false,{35279},Commune,2026-03-24 14:41:59.160244+01,gold_establishments_2025,,,,21350279200012,2025,Collectivité Territoriale,Commune,['Ille-et-Vilaine'],['Bretagne'],COM,{35},{53}
c4a2ba14-5b84-4168-9e91-eb760ec0a08c,213402621,Commune de Saint-Guiraud (34),false,{34262},Commune,2026-03-24 14:41:58.620411+01,gold_establishments_2025,,,,21340262100014,2025,Collectivité Territoriale,Commune,['Hérault'],['Occitanie'],COM,{34},{76}
e3ef2b29-5de2-4360-9659-e3b79e2eae91,215602194,Commune de Saint-Guyomard (56),false,{56219},Commune,2026-03-24 14:42:03.701372+01,gold_establishments_2025,,,,21560219400015,2025,Collectivité Territoriale,Commune,['Morbihan'],['Bretagne'],COM,{56},{53}
0a3f2de9-096b-4518-a87d-f6e3f6faab1f,213402555,Commune de Saint-Gély-du-Fesc (34),false,{34255},Commune,2026-03-24 14:41:58.620411+01,gold_establishments_2025,,,,21340255500014,2025,Collectivité Territoriale,Commune,['Hérault'],['Occitanie'],COM,{34},{76}
31b53fb3-3d89-43d0-81ce-5701cf14b5f9,216601757,Commune de Saint-Génis-des-Fontaines (66),false,{66175},Commune,2026-03-24 14:42:06.665412+01,gold_establishments_2025,,,,21660175700018,2025,Collectivité Territoriale,Commune,['Pyrénées-Orientales'],['Occitanie'],COM,{66},{76}
1db8a09c-5aa2-4b82-8d29-b2e88b703ff6,217902527,Commune de Saint-Généroux (79),false,{79252},Commune,2026-03-24 14:42:09.43682+01,gold_establishments_2025,,,,21790252700019,2025,Collectivité Territoriale,Commune,['Deux-Sèvres'],['Nouvelle-Aquitaine'],COM,{79},{75}
a75c5af2-fd18-4fb3-87fe-2ec88ea2f278,200096469,Commune de Saint-Gérand-Croixanvec (56),false,{56213},Commune,2026-03-24 14:42:03.701372+01,gold_establishments_2025,,,,20009646900016,2025,Collectivité Territoriale,Commune,['Morbihan'],['Bretagne'],COM,{56},{53}
71a23b67-db61-4835-8ef6-e73d7fa1e3b5,210302345,Commune de Saint-Gérand-de-Vaux (03),false,{03234},Commune,2026-03-24 14:41:52.020251+01,gold_establishments_2025,,,,21030234500017,2025,Collectivité Territoriale,Commune,['Allier'],['Auvergne-Rhône-Alpes'],COM,{03},{84}
4be2914c-1b27-4f2f-b32b-d7a60cdd69e4,210302352,Commune de Saint-Gérand-le-Puy (03),false,{03235},Commune,2026-03-24 14:41:52.020251+01,gold_establishments_2025,,,,21030235200013,2025,Collectivité Territoriale,Commune,['Allier'],['Auvergne-Rhône-Alpes'],COM,{03},{84}
c5a6e634-c82b-4cb3-a057-657c9d93488c,214702458,Commune de Saint-Géraud (47),false,{47245},Commune,2026-03-24 14:42:00.862623+01,gold_establishments_2025,,,,21470245800016,2025,Collectivité Territoriale,Commune,['Lot-et-Garonne'],['Nouvelle-Aquitaine'],COM,{47},{75}
e722a1e8-54b1-44eb-a77e-95eb210550f9,212404156,Commune de Saint-Géraud-de-Corps (24),false,{24415},Commune,2026-03-24 14:41:55.958138+01,gold_establishments_2025,,,,21240415600011,2025,Collectivité Territoriale,Commune,['Dordogne'],['Nouvelle-Aquitaine'],COM,{24},{75}
382499b3-d593-42aa-92c5-b44e4399ffc0,214301913,Commune de Saint-Géron (43),false,{43191},Commune,2026-03-24 14:42:00.273698+01,gold_establishments_2025,,,,21430191300015,2025,Collectivité Territoriale,Commune,['Haute-Loire'],['Auvergne-Rhône-Alpes'],COM,{43},{84}
1373ecac-2337-47cc-a892-01dd7792099e,211501895,Commune de Saint-Gérons (15),false,{15189},Commune,2026-03-24 14:41:54.362296+01,gold_establishments_2025,,,,21150189500018,2025,Collectivité Territoriale,Commune,['Cantal'],['Auvergne-Rhône-Alpes'],COM,{15},{84}
bb99e487-7972-4afd-8453-d56a8a31add6,212404206,Commune de Saint-Géry (24),false,{24420},Commune,2026-03-24 14:41:55.958138+01,gold_establishments_2025,,,,21240420600014,2025,Collectivité Territoriale,Commune,['Dordogne'],['Nouvelle-Aquitaine'],COM,{24},{75}
53a35cb3-bd14-4212-81c8-e351f2944692,214301921,Commune de Saint-Haon (43),false,{43192},Commune,2026-03-24 14:42:00.273698+01,gold_establishments_2025,,,,21430192100018,2025,Collectivité Territoriale,Commune,['Haute-Loire'],['Auvergne-Rhône-Alpes'],COM,{43},{84}
7c8501be-05d3-4dce-8e65-bc19236a38f7,214202327,Commune de Saint-Haon-le-Châtel (42),false,{42232},Commune,2026-03-24 14:42:00.273698+01,gold_establishments_2025,,,,21420232700018,2025,Collectivité Territoriale,Commune,['Loire'],['Auvergne-Rhône-Alpes'],COM,{42},{84}
1d7eba5c-65a7-4ed1-8dfa-768fa5371c3c,214202335,Commune de Saint-Haon-le-Vieux (42),false,{42233},Commune,2026-03-24 14:42:00.273698+01,gold_establishments_2025,,,,21420233500011,2025,Collectivité Territoriale,Commune,['Loire'],['Auvergne-Rhône-Alpes'],COM,{42},{84}
d13001f8-e8c5-4fef-9545-3924df874264,217605880,Commune de Saint-Hellier (76),false,{76588},Commune,2026-03-24 14:42:08.818969+01,gold_establishments_2025,,,,21760588000012,2025,Collectivité Territoriale,Commune,['Seine-Maritime'],['Normandie'],COM,{76},{28}
57f46651-fc8e-4475-8b9d-82cb3e3be2f8,214401622,Commune de Saint-Herblain (44),false,{44162},Commune,2026-03-24 14:42:00.273698+01,gold_establishments_2025,,,,21440162200011,2025,Collectivité Territoriale,Commune,['Loire-Atlantique'],['Pays de la Loire'],COM,{44},{52}
ab39db03-7c9b-4680-9783-02116b012704,212902506,Commune de Saint-Hernin (29),false,{29250},Commune,2026-03-24 14:41:57.56054+01,gold_establishments_2025,,,,21290250600014,2025,Collectivité Territoriale,Commune,['Finistère'],['Bretagne'],COM,{29},{53}
327126b0-22b5-40b7-a6e8-8c32fc31d09e,212203004,Commune de Saint-Hervé (22),false,{22300},Commune,2026-03-24 14:41:55.958138+01,gold_establishments_2025,,,,21220300400016,2025,Collectivité Territoriale,Commune,"[""Côtes-d'Armor""]",['Bretagne'],COM,{22},{53}
f98b9072-88e7-4710-92aa-28032ca92757,210302386,Commune de Saint-Hilaire (03),false,{03238},Commune,2026-03-24 14:41:52.020251+01,gold_establishments_2025,,,,21030238600011,2025,Collectivité Territoriale,Commune,['Allier'],['Auvergne-Rhône-Alpes'],COM,{03},{84}
b89581e1-e23f-46e6-9bb8-882c12df9c29,211103445,Commune de Saint-Hilaire (11),false,{11344},Commune,2026-03-24 14:41:53.63825+01,gold_establishments_2025,,,,21110344500014,2025,Collectivité Territoriale,Commune,['Aude'],['Occitanie'],COM,{11},{76}
62706d84-b0fb-4f27-9d29-cd125ec6b409,212505184,Commune de Saint-Hilaire (25),false,{25518},Commune,2026-03-24 14:41:56.495197+01,gold_establishments_2025,,,,21250518400011,2025,Collectivité Territoriale,Commune,['Doubs'],['Bourgogne-Franche-Comté'],COM,{25},{27}
0285d281-6ae7-4158-ae8f-fd3115b00318,213104862,Commune de Saint-Hilaire (31),false,{31486},Commune,2026-03-24 14:41:58.09424+01,gold_establishments_2025,,,,21310486200015,2025,Collectivité Territoriale,Commune,['Haute-Garonne'],['Occitanie'],COM,{31},{76}
be8a7b85-213b-4fc0-8e0f-e1214b35e916,214301939,Commune de Saint-Hilaire (43),false,{43193},Commune,2026-03-24 14:42:00.273698+01,gold_establishments_2025,,,,21430193900010,2025,Collectivité Territoriale,Commune,['Haute-Loire'],['Auvergne-Rhône-Alpes'],COM,{43},{84}
94f1f0cc-2562-4fc7-8d79-79b622f288a0,214602690,Commune de Saint-Hilaire (46),false,{46269},Commune,2026-03-24 14:42:00.862623+01,gold_establishments_2025,,,,21460269000015,2025,Collectivité Territoriale,Commune,['Lot'],['Occitanie'],COM,{46},{76}
389d8628-b51e-4685-9894-1ec1ed0e8295,216303602,Commune de Saint-Hilaire (63),false,{63360},Commune,2026-03-24 14:42:06.130387+01,gold_establishments_2025,,,,21630360200017,2025,Collectivité Territoriale,Commune,['Puy-de-Dôme'],['Auvergne-Rhône-Alpes'],COM,{63},{84}
4437777c-317c-4ef3-b313-0e74825f28ca,219105566,Commune de Saint-Hilaire (91),false,{91556},Commune,2026-03-24 14:42:11.659493+01,gold_establishments_2025,,,,21910556600018,2025,Collectivité Territoriale,Commune,['Essonne'],['Île-de-France'],COM,{91},{11}
a1f431d2-3b7b-4b0e-b0e1-d237a8f85ff1,218714806,Commune de Saint-Hilaire-Bonneval (87),false,{87148},Commune,2026-03-24 14:42:11.118516+01,gold_establishments_2025,,,,21871480600013,2025,Collectivité Territoriale,Commune,['Haute-Vienne'],['Nouvelle-Aquitaine'],COM,{87},{75}
078e36d5-353b-42e2-a7a8-61dcc680d8da,216207506,Commune de Saint-Hilaire-Cottes (62),false,{62750},Commune,2026-03-24 14:42:06.130387+01,gold_establishments_2025,,,,21620750600017,2025,Collectivité Territoriale,Commune,['Pas-de-Calais'],['Hauts-de-France'],COM,{62},{32}
25d8d326-f603-4fd5-8fb1-e095c0592609,214202350,Commune de Saint-Hilaire-Cusson-la-Valmitte (42),false,{42235},Commune,2026-03-24 14:42:00.273698+01,gold_establishments_2025,,,,21420235000010,2025,Collectivité Territoriale,Commune,['Loire'],['Auvergne-Rhône-Alpes'],COM,{42},{84}
dca4de14-e470-4d58-af2d-b230bcab5963,211920806,Commune de Saint-Hilaire-Foissac (19),false,{19208},Commune,2026-03-24 14:41:54.903238+01,gold_establishments_2025,,,,21192080600018,2025,Collectivité Territoriale,Commune,['Corrèze'],['Nouvelle-Aquitaine'],COM,{19},{75}
187b16d8-b0bf-468d-a51b-e5215bf6592c,215802455,Commune de Saint-Hilaire-Fontaine (58),false,{58245},Commune,2026-03-24 14:42:04.280096+01,gold_establishments_2025,,,,21580245500018,2025,Collectivité Territoriale,Commune,['Nièvre'],['Bourgogne-Franche-Comté'],COM,{58},{27}
c2ee5211-05b2-45ef-bac0-60a8ea958f90,211921002,Commune de Saint-Hilaire-Luc (19),false,{19210},Commune,2026-03-24 14:41:54.903238+01,gold_establishments_2025,,,,21192100200013,2025,Collectivité Territoriale,Commune,['Corrèze'],['Nouvelle-Aquitaine'],COM,{19},{75}
ad693942-aeb1-48c9-bf2f-61b1e86b0c37,211921101,Commune de Saint-Hilaire-Peyroux (19),false,{19211},Commune,2026-03-24 14:41:54.903238+01,gold_establishments_2025,,,,21192110100013,2025,Collectivité Territoriale,Commune,['Corrèze'],['Nouvelle-Aquitaine'],COM,{19},{75}
91c91843-8a7b-4360-ade6-07b640a459b3,214502825,Commune de Saint-Hilaire-Saint-Mesmin (45),false,{45282},Commune,2026-03-24 14:42:00.862623+01,gold_establishments_2025,,,,21450282500018,2025,Collectivité Territoriale,Commune,['Loiret'],['Centre-Val de Loire'],COM,{45},{24}
8edcb02a-f645-4966-9989-4e0b55cea5f2,211921200,Commune de Saint-Hilaire-Taurieux (19),false,{19212},Commune,2026-03-24 14:41:55.433389+01,gold_establishments_2025,,,,21192120000013,2025,Collectivité Territoriale,Commune,['Corrèze'],['Nouvelle-Aquitaine'],COM,{19},{75}
c4eb7fde-40c4-4658-928d-7a5cee9c1bea,212404222,Commune de Saint-Hilaire-d'Estissac (24),false,{24422},Commune,2026-03-24 14:41:55.958138+01,gold_establishments_2025,,,,21240422200011,2025,Collectivité Territoriale,Commune,['Dordogne'],['Nouvelle-Aquitaine'],COM,{24},{75}
a17795e9-db5a-4881-b84e-6bdc9809241d,213002603,Commune de Saint-Hilaire-d'Ozilhan (30),false,{30260},Commune,2026-03-24 14:41:57.56054+01,gold_establishments_2025,,,,21300260300016,2025,Collectivité Territoriale,Commune,['Gard'],['Occitanie'],COM,{30},{76}
039d88a4-2995-479c-9829-053fca854952,213402639,Commune de Saint-Hilaire-de-Beauvoir (34),false,{34263},Commune,2026-03-24 14:41:58.620411+01,gold_establishments_2025,,,,21340263900057,2025,Collectivité Territoriale,Commune,['Hérault'],['Occitanie'],COM,{34},{76}
f421246f-1c95-494d-a38c-5cc8f1b7b23c,213803927,Commune de Saint-Hilaire-de-Brens (38),false,{38392},Commune,2026-03-24 14:41:59.160244+01,gold_establishments_2025,,,,21380392700010,2025,Collectivité Territoriale,Commune,['Isère'],['Auvergne-Rhône-Alpes'],COM,{38},{84}
d6bb57fb-4e76-4391-b66f-2a75808ef9e8,213002595,Commune de Saint-Hilaire-de-Brethmas (30),false,{30259},Commune,2026-03-24 14:41:57.56054+01,gold_establishments_2025,,,,21300259500014,2025,Collectivité Territoriale,Commune,['Gard'],['Occitanie'],COM,{30},{76}
7d611840-2902-4cd6-baa1-c837b6bd6e1a,216104026,Commune de Saint-Hilaire-de-Briouze (61),false,{61402},Commune,2026-03-24 14:42:05.597325+01,gold_establishments_2025,,,,21610402600010,2025,Collectivité Territoriale,Commune,['Orne'],['Normandie'],COM,{61},{28}
919d2c1f-c3b2-4d9b-b7b1-f37252de2543,214401648,Commune de Saint-Hilaire-de-Chaléons (44),false,{44164},Commune,2026-03-24 14:42:00.273698+01,gold_establishments_2025,,,,21440164800016,2025,Collectivité Territoriale,Commune,['Loire-Atlantique'],['Pays de la Loire'],COM,{44},{52}
2c9f7039-8b2c-449a-b109-a58c574cf5ac,214401655,Commune de Saint-Hilaire-de-Clisson (44),false,{44165},Commune,2026-03-24 14:42:00.273698+01,gold_establishments_2025,,,,21440165500094,2025,Collectivité Territoriale,Commune,['Loire-Atlantique'],['Pays de la Loire'],COM,{44},{52}
aa1f02e1-aa7b-4138-a0ff-f2b7758db43c,211802145,Commune de Saint-Hilaire-de-Court (18),false,{18214},Commune,2026-03-24 14:41:54.903238+01,gold_establishments_2025,,,,21180214500014,2025,Collectivité Territoriale,Commune,['Cher'],['Centre-Val de Loire'],COM,{18},{24}
fff1bc97-2920-4d84-8d3d-50df5297f0d2,211802152,Commune de Saint-Hilaire-de-Gondilly (18),false,{18215},Commune,2026-03-24 14:41:54.903238+01,gold_establishments_2025,,,,21180215200010,2025,Collectivité Territoriale,Commune,['Cher'],['Centre-Val de Loire'],COM,{18},{24}
eac8bd7d-034b-492a-83d6-d7147b629d5a,214801581,Commune de Saint-Hilaire-de-Lavit (48),false,{48158},Commune,2026-03-24 14:42:01.412377+01,gold_establishments_2025,,,,21480158100015,2025,Collectivité Territoriale,Commune,['Lozère'],['Occitanie'],COM,{48},{76}
8d80d063-009d-4482-9e2a-444cb08387cd,214702466,Commune de Saint-Hilaire-de-Lusignan (47),false,{47246},Commune,2026-03-24 14:42:00.862623+01,gold_establishments_2025,,,,21470246600019,2025,Collectivité Territoriale,Commune,['Lot-et-Garonne'],['Nouvelle-Aquitaine'],COM,{47},{75}
5f728796-8a80-4ae6-87e4-68f7cf20d23a,218502268,Commune de Saint-Hilaire-de-Riez (85),false,{85226},Commune,2026-03-24 14:42:10.508772+01,gold_establishments_2025,,,,21850226800012,2025,Collectivité Territoriale,Commune,['Vendée'],['Pays de la Loire'],COM,{85},{52}
fac647e0-e1a2-4b0d-8d59-1edafaa1a83d,200085074,Commune de Saint-Hilaire-de-Villefranche (17),false,{17344},Commune,2026-03-24 14:41:54.903238+01,gold_establishments_2025,,,,20008507400017,2025,Collectivité Territoriale,Commune,['Charente-Maritime'],['Nouvelle-Aquitaine'],COM,{17},{75}
57955176-d624-4a6e-a627-a378b5bb6171,218502292,Commune de Saint-Hilaire-de-Voust (85),false,{85229},Commune,2026-03-24 14:42:10.508772+01,gold_establishments_2025,,,,21850229200012,2025,Collectivité Territoriale,Commune,['Vendée'],['Pays de la Loire'],COM,{85},{52}
58e08243-43ff-4b0b-a44d-08359cbb0e73,213803935,Commune de Saint-Hilaire-de-la-Côte (38),false,{38393},Commune,2026-03-24 14:41:59.160244+01,gold_establishments_2025,,,,21380393500013,2025,Collectivité Territoriale,Commune,['Isère'],['Auvergne-Rhône-Alpes'],COM,{38},{84}
4eeb0e39-64b7-40be-8754-c52385e28734,213304181,Commune de Saint-Hilaire-de-la-Noaille (33),false,{33418},Commune,2026-03-24 14:41:58.620411+01,gold_establishments_2025,,,,21330418100018,2025,Collectivité Territoriale,Commune,['Gironde'],['Nouvelle-Aquitaine'],COM,{33},{75}
b1f98223-e38b-411b-b5e6-e14313741350,213502800,Commune de Saint-Hilaire-des-Landes (35),false,{35280},Commune,2026-03-24 14:41:59.160244+01,gold_establishments_2025,,,,21350280000013,2025,Collectivité Territoriale,Commune,['Ille-et-Vilaine'],['Bretagne'],COM,{35},{53}
8411146e-4f58-4ea9-9a4a-835037be4726,218502276,Commune de Saint-Hilaire-des-Loges (85),false,{85227},Commune,2026-03-24 14:42:10.508772+01,gold_establishments_2025,,,,21850227600015,2025,Collectivité Territoriale,Commune,['Vendée'],['Pays de la Loire'],COM,{85},{52}
ccd0d8c4-e2ce-4787-92e0-0ad92d7b3321,211703459,Commune de Saint-Hilaire-du-Bois (17),false,{17345},Commune,2026-03-24 14:41:54.903238+01,gold_establishments_2025,,,,21170345900019,2025,Collectivité Territoriale,Commune,['Charente-Maritime'],['Nouvelle-Aquitaine'],COM,{17},{75}
d6126556-61d3-4fec-9184-2e97ce1be668,213304199,Commune de Saint-Hilaire-du-Bois (33),false,{33419},Commune,2026-03-24 14:41:58.620411+01,gold_establishments_2025,,,,21330419900010,2025,Collectivité Territoriale,Commune,['Gironde'],['Nouvelle-Aquitaine'],COM,{33},{75}
eff20212-5b26-4388-9f8e-0e6d50084b19,200058204,Commune de Saint-Hilaire-du-Harcouët (50),false,{50484},Commune,2026-03-24 14:42:01.412377+01,gold_establishments_2025,,,,20005820400013,2025,Collectivité Territoriale,Commune,['Manche'],['Normandie'],COM,{50},{28}
2d07c18f-0f0e-42af-928f-71ce189a575a,215302266,Commune de Saint-Hilaire-du-Maine (53),false,{53226},Commune,2026-03-24 14:42:02.957225+01,gold_establishments_2025,,,,21530226600014,2025,Collectivité Territoriale,Commune,['Mayenne'],['Pays de la Loire'],COM,{53},{52}
5e213245-6fb0-4f5b-ab2f-5313880a57a9,213803943,Commune de Saint-Hilaire-du-Rosier (38),false,{38394},Commune,2026-03-24 14:41:59.160244+01,gold_establishments_2025,,,,21380394300017,2025,Collectivité Territoriale,Commune,['Isère'],['Auvergne-Rhône-Alpes'],COM,{38},{84}
b81c0e6f-87f7-4fff-821a-7b7c85b64d45,211802160,Commune de Saint-Hilaire-en-Lignières (18),false,{18216},Commune,2026-03-24 14:41:54.903238+01,gold_establishments_2025,,,,21180216000013,2025,Collectivité Territoriale,Commune,['Cher'],['Centre-Val de Loire'],COM,{18},{24}
65017a60-1a6a-40d0-b0d5-45197210d014,215802448,Commune de Saint-Hilaire-en-Morvan (58),false,{58244},Commune,2026-03-24 14:42:04.280096+01,gold_establishments_2025,,,,21580244800013,2025,Collectivité Territoriale,Commune,['Nièvre'],['Bourgogne-Franche-Comté'],COM,{58},{27}
127bb896-aaf0-4449-a164-2c0eeaeef6ef,200040848,Commune de Saint-Hilaire-en-Woëvre (55),false,{55457},Commune,2026-03-24 14:42:03.701372+01,gold_establishments_2025,,,,20004084800018,2025,Collectivité Territoriale,Commune,['Meuse'],['Grand Est'],COM,{55},{44}
767ac42f-8db3-455f-8977-e03492dd06b0,216303586,Commune de Saint-Hilaire-la-Croix (63),false,{63358},Commune,2026-03-24 14:42:06.130387+01,gold_establishments_2025,,,,21630358600012,2025,Collectivité Territoriale,Commune,['Puy-de-Dôme'],['Auvergne-Rhône-Alpes'],COM,{63},{84}
af621a77-feb0-4bad-b863-96e82d2fb1b5,218502318,Commune de Saint-Hilaire-la-Forêt (85),false,{85231},Commune,2026-03-24 14:42:10.508772+01,gold_establishments_2025,,,,21850231800015,2025,Collectivité Territoriale,Commune,['Vendée'],['Pays de la Loire'],COM,{85},{52}
f76ef4eb-4ffe-472d-855d-161a624d640c,214102147,Commune de Saint-Hilaire-la-Gravelle (41),false,{41214},Commune,2026-03-24 14:42:00.273698+01,gold_establishments_2025,,,,21410214700011,2025,Collectivité Territoriale,Commune,['Loir-et-Cher'],['Centre-Val de Loire'],COM,{41},{24}
f5b8aee6-3bb1-4162-ba26-f31d7e2fe825,217902576,Commune de Saint-Hilaire-la-Palud (79),false,{79257},Commune,2026-03-24 14:42:09.43682+01,gold_establishments_2025,,,,21790257600016,2025,Collectivité Territoriale,Commune,['Deux-Sèvres'],['Nouvelle-Aquitaine'],COM,{79},{75}
6424c884-2b5d-48eb-bd12-a22bd0c074b7,212320105,Commune de Saint-Hilaire-la-Plaine (23),false,{23201},Commune,2026-03-24 14:41:55.958138+01,gold_establishments_2025,,,,21232010500019,2025,Collectivité Territoriale,Commune,['Creuse'],['Nouvelle-Aquitaine'],COM,{23},{75}
0995012e-71b4-471a-ac09-d49e3a340b4a,218714905,Commune de Saint-Hilaire-la-Treille (87),false,{87149},Commune,2026-03-24 14:42:11.118516+01,gold_establishments_2025,,,,21871490500013,2025,Collectivité Territoriale,Commune,['Haute-Vienne'],['Nouvelle-Aquitaine'],COM,{87},{75}
d0218ab3-faab-4680-a9b4-1f3a4ee628c6,212320204,Commune de Saint-Hilaire-le-Château (23),false,{23202},Commune,2026-03-24 14:41:55.958138+01,gold_establishments_2025,,,,21232020400010,2025,Collectivité Territoriale,Commune,['Creuse'],['Nouvelle-Aquitaine'],COM,{23},{75}
b841c473-2723-4a7d-8cb7-a8a6f9c8b314,216104042,Commune de Saint-Hilaire-le-Châtel (61),false,{61404},Commune,2026-03-24 14:42:05.597325+01,gold_establishments_2025,,,,21610404200017,2025,Collectivité Territoriale,Commune,['Orne'],['Normandie'],COM,{61},{28}
71826017-7a23-4358-978f-a3c94c3231ee,215104506,Commune de Saint-Hilaire-le-Grand (51),false,{51486},Commune,2026-03-24 14:42:01.954481+01,gold_establishments_2025,,,,21510450600013,2025,Collectivité Territoriale,Commune,['Marne'],['Grand Est'],COM,{51},{44}
5ce94030-cd59-46fa-8bb1-07373edc2c0d,215104514,Commune de Saint-Hilaire-le-Petit (51),false,{51487},Commune,2026-03-24 14:42:01.954481+01,gold_establishments_2025,,,,21510451400017,2025,Collectivité Territoriale,Commune,['Marne'],['Grand Est'],COM,{51},{44}
e32e2503-303e-45f5-b91a-e187f6bdd0a1,218502326,Commune de Saint-Hilaire-le-Vouhis (85),false,{85232},Commune,2026-03-24 14:42:10.508772+01,gold_establishments_2025,,,,21850232600018,2025,Collectivité Territoriale,Commune,['Vendée'],['Pays de la Loire'],COM,{85},{52}
4e883420-8de4-458b-afb7-dd39a2246152,214502817,Commune de Saint-Hilaire-les-Andrésis (45),false,{45281},Commune,2026-03-24 14:42:00.862623+01,gold_establishments_2025,,,,21450281700015,2025,Collectivité Territoriale,Commune,['Loiret'],['Centre-Val de Loire'],COM,{45},{24}
792d66b5-bd28-43fe-be09-50aeaa6f294b,211920905,Commune de Saint-Hilaire-les-Courbes (19),false,{19209},Commune,2026-03-24 14:41:54.903238+01,gold_establishments_2025,,,,21192090500018,2025,Collectivité Territoriale,Commune,['Corrèze'],['Nouvelle-Aquitaine'],COM,{19},{75}
0b5c395a-acf4-4647-bc20-44c5fab80422,216303594,Commune de Saint-Hilaire-les-Monges (63),false,{63359},Commune,2026-03-24 14:42:06.130387+01,gold_establishments_2025,,,,21630359400016,2025,Collectivité Territoriale,Commune,['Puy-de-Dôme'],['Auvergne-Rhône-Alpes'],COM,{63},{84}
a4fd600a-c2c0-4cc9-925b-555e62375a26,218715001,Commune de Saint-Hilaire-les-Places (87),false,{87150},Commune,2026-03-24 14:42:11.118516+01,gold_establishments_2025,,,,21871500100010,2025,Collectivité Territoriale,Commune,['Haute-Vienne'],['Nouvelle-Aquitaine'],COM,{87},{75}
a7709eb6-4dc9-4ac6-9a16-56ba9f33ae87,215905332,Commune de Saint-Hilaire-lez-Cambrai (59),false,{59533},Commune,2026-03-24 14:42:04.814328+01,gold_establishments_2025,,,,21590533200015,2025,Collectivité Territoriale,Commune,['Nord'],['Hauts-de-France'],COM,{59},{32}
44d716ff-cb29-4868-9db8-a116e5b2efa6,214202368,Commune de Saint-Hilaire-sous-Charlieu (42),false,{42236},Commune,2026-03-24 14:42:00.273698+01,gold_establishments_2025,,,,21420236800012,2025,Collectivité Territoriale,Commune,['Loire'],['Auvergne-Rhône-Alpes'],COM,{42},{84}
301f6c3e-3b2a-4e3c-82b3-401fb4cca14c,211003306,Commune de Saint-Hilaire-sous-Romilly (10),false,{10341},Commune,2026-03-24 14:41:53.095366+01,gold_establishments_2025,,,,21100330600019,2025,Collectivité Territoriale,Commune,['Aube'],['Grand Est'],COM,{10},{44}
4e6d65e3-f3b7-4662-8103-71c5d0606f5e,213601974,Commune de Saint-Hilaire-sur-Benaize (36),false,{36197},Commune,2026-03-24 14:41:59.160244+01,gold_establishments_2025,,,,21360197400016,2025,Collectivité Territoriale,Commune,['Indre'],['Centre-Val de Loire'],COM,{36},{24}
8af0f194-54bc-46b7-891d-304c65d0c69b,216104059,Commune de Saint-Hilaire-sur-Erre (61),false,{61405},Commune,2026-03-24 14:42:05.597325+01,gold_establishments_2025,,,,21610405900011,2025,Collectivité Territoriale,Commune,['Orne'],['Normandie'],COM,{61},{28}
09a7eafc-2857-459b-8583-eae2e7d4747a,215905340,Commune de Saint-Hilaire-sur-Helpe (59),false,{59534},Commune,2026-03-24 14:42:04.814328+01,gold_establishments_2025,,,,21590534000018,2025,Collectivité Territoriale,Commune,['Nord'],['Hauts-de-France'],COM,{59},{32}
90d74987-1ce0-4fd7-ad06-868e9fa31ae5,214502833,Commune de Saint-Hilaire-sur-Puiseaux (45),false,{45283},Commune,2026-03-24 14:42:00.862623+01,gold_establishments_2025,,,,21450283300012,2025,Collectivité Territoriale,Commune,['Loiret'],['Centre-Val de Loire'],COM,{45},{24}
67e57e29-15bb-4b41-9c7b-1af904322bb0,216104067,Commune de Saint-Hilaire-sur-Risle (61),false,{61406},Commune,2026-03-24 14:42:05.597325+01,gold_establishments_2025,,,,21610406700014,2025,Collectivité Territoriale,Commune,['Orne'],['Normandie'],COM,{61},{28}
b717f709-da2c-4bff-b866-1d32fa9c0c21,217805571,Commune de Saint-Hilarion (78),false,{78557},Commune,2026-03-24 14:42:09.43682+01,gold_establishments_2025,,,,21780557100015,2025,Collectivité Territoriale,Commune,['Yvelines'],['Île-de-France'],COM,{78},{11}
0bc783a4-b5c2-42fb-87b8-8327f24c4017,217704147,Commune de Saint-Hilliers (77),false,{77414},Commune,2026-03-24 14:42:09.43682+01,gold_establishments_2025,,,,21770414700016,2025,Collectivité Territoriale,Commune,['Seine-et-Marne'],['Île-de-France'],COM,{77},{11}
34498671-28e6-46b6-9ba8-f6adf1acee13,211202262,Commune de Saint-Hippolyte (12),false,{12226},Commune,2026-03-24 14:41:53.63825+01,gold_establishments_2025,,,,21120226200013,2025,Collectivité Territoriale,Commune,['Aveyron'],['Occitanie'],COM,{12},{76}
177f201d-e3c6-4fc8-ab4b-07f813f9397f,211501903,Commune de Saint-Hippolyte (15),false,{15190},Commune,2026-03-24 14:41:54.362296+01,gold_establishments_2025,,,,21150190300010,2025,Collectivité Territoriale,Commune,['Cantal'],['Auvergne-Rhône-Alpes'],COM,{15},{84}
fbdc1a1c-8f1f-412a-9b1f-9910aface083,211703467,Commune de Saint-Hippolyte (17),false,{17346},Commune,2026-03-24 14:41:54.903238+01,gold_establishments_2025,,,,21170346700012,2025,Collectivité Territoriale,Commune,['Charente-Maritime'],['Nouvelle-Aquitaine'],COM,{17},{75}
47d5d191-afc3-48dd-bddc-624f6c0c8150,212505192,Commune de Saint-Hippolyte (25),false,{25519},Commune,2026-03-24 14:41:56.495197+01,gold_establishments_2025,,,,21250519200014,2025,Collectivité Territoriale,Commune,['Doubs'],['Bourgogne-Franche-Comté'],COM,{25},{27}
e0785513-07c7-49af-bc9b-4725c6bf8abe,213304207,Commune de Saint-Hippolyte (33),false,{33420},Commune,2026-03-24 14:41:58.620411+01,gold_establishments_2025,,,,21330420700011,2025,Collectivité Territoriale,Commune,['Gironde'],['Nouvelle-Aquitaine'],COM,{33},{75}
831944ef-84ce-4241-9062-daa374cc8ddf,213702210,Commune de Saint-Hippolyte (37),false,{37221},Commune,2026-03-24 14:41:59.160244+01,gold_establishments_2025,,,,21370221000013,2025,Collectivité Territoriale,Commune,['Indre-et-Loire'],['Centre-Val de Loire'],COM,{37},{24}
2d15638e-906c-422e-8fc9-0f3b2e78fd94,216601765,Commune de Saint-Hippolyte (66),false,{66176},Commune,2026-03-24 14:42:06.665412+01,gold_establishments_2025,,,,21660176500011,2025,Collectivité Territoriale,Commune,['Pyrénées-Orientales'],['Occitanie'],COM,{66},{76}
b3e8a01a-5b7f-4ca1-a31b-d90233521642,216802967,Commune de Saint-Hippolyte (68),false,{68296},Commune,2026-03-24 14:42:07.195692+01,gold_establishments_2025,,,,21680296700010,2025,Collectivité Territoriale,Commune,['Haut-Rhin'],['Grand Est'],COM,{68},{44}
a47849c9-8c2e-411c-a54a-aeea4ba1d720,213002611,Commune de Saint-Hippolyte-de-Caton (30),false,{30261},Commune,2026-03-24 14:41:57.56054+01,gold_establishments_2025,,,,21300261100019,2025,Collectivité Territoriale,Commune,['Gard'],['Occitanie'],COM,{30},{76}
2a45663c-0dd8-401b-b016-34d0c7cef6f3,213002629,Commune de Saint-Hippolyte-de-Montaigu (30),false,{30262},Commune,2026-03-24 14:41:57.56054+01,gold_establishments_2025,,,,21300262900011,2025,Collectivité Territoriale,Commune,['Gard'],['Occitanie'],COM,{30},{76}
4cfd6c8a-8ef9-49f7-b39b-f0ab012fd7e3,213002637,Commune de Saint-Hippolyte-du-Fort (30),false,{30263},Commune,2026-03-24 14:41:57.56054+01,gold_establishments_2025,,,,21300263700014,2025,Collectivité Territoriale,Commune,['Gard'],['Occitanie'],COM,{30},{76}
835be94b-65e4-4ec3-b01d-39349ee5cb33,218401099,Commune de Saint-Hippolyte-le-Graveyron (84),false,{84109},Commune,2026-03-24 14:42:10.508772+01,gold_establishments_2025,,,,21840109900013,2025,Collectivité Territoriale,Commune,['Vaucluse'],"[""Provence-Alpes-Côte d'Azur""]",COM,{84},{93}
b196b877-075a-4ce8-8b24-507eaf34d38a,213803968,Commune de Saint-Honoré (38),false,{38396},Commune,2026-03-24 14:41:59.160244+01,gold_establishments_2025,,,,21380396800014,2025,Collectivité Territoriale,Commune,['Isère'],['Auvergne-Rhône-Alpes'],COM,{38},{84}
7a2bb2a9-e86b-4e0e-a56b-95e5f0e02fc2,217605898,Commune de Saint-Honoré (76),false,{76589},Commune,2026-03-24 14:42:08.818969+01,gold_establishments_2025,,,,21760589800014,2025,Collectivité Territoriale,Commune,['Seine-Maritime'],['Normandie'],COM,{76},{28}
02c64cce-9484-4c9f-904a-fc30cfce21e7,215802463,Commune de Saint-Honoré-les-Bains (58),false,{58246},Commune,2026-03-24 14:42:04.280096+01,gold_establishments_2025,,,,21580246300012,2025,Collectivité Territoriale,Commune,['Nièvre'],['Bourgogne-Franche-Comté'],COM,{58},{27}
b2bb79ee-d5ec-4074-a6af-8e823010e503,214301947,Commune de Saint-Hostien (43),false,{43194},Commune,2026-03-24 14:42:00.273698+01,gold_establishments_2025,,,,21430194700013,2025,Collectivité Territoriale,Commune,['Haute-Loire'],['Auvergne-Rhône-Alpes'],COM,{43},{84}
a6600552-d6c3-4ff1-8bad-0a9238b72fe1,215706128,Commune de Saint-Hubert (57),false,{57612},Commune,2026-03-24 14:42:04.280096+01,gold_establishments_2025,,,,21570612800018,2025,Collectivité Territoriale,Commune,['Moselle'],['Grand Est'],COM,{57},{44}
e94134be-9c5e-4afe-a8c9-95799276a716,217104272,Commune de Saint-Huruge (71),false,{71427},Commune,2026-03-24 14:42:08.279287+01,gold_establishments_2025,,,,21710427200018,2025,Collectivité Territoriale,Commune,['Saône-et-Loire'],['Bourgogne-Franche-Comté'],COM,{71},{27}
c6074aae-2fe1-4250-a364-b9ba7b47bfb1,211405931,Commune de Saint-Hymer (14),false,{14593},Commune,2026-03-24 14:41:54.362296+01,gold_establishments_2025,,,,21140593100018,2025,Collectivité Territoriale,Commune,['Calvados'],['Normandie'],COM,{14},{28}
dddb106f-d96b-4239-93c7-6fd9ccc61fa4,200086007,Commune de Saint-Hymetière-sur-Valouse (39),false,{39137},Commune,2026-03-24 14:41:59.705606+01,gold_establishments_2025,,,,20008600700016,2025,Collectivité Territoriale,Commune,['Jura'],['Bourgogne-Franche-Comté'],COM,{39},{27}
e0d52ccc-1088-405a-bf9e-1cfac1d5dd0a,214202343,Commune de Saint-Héand (42),false,{42234},Commune,2026-03-24 14:42:00.273698+01,gold_establishments_2025,,,,21420234300015,2025,Collectivité Territoriale,Commune,['Loire'],['Auvergne-Rhône-Alpes'],COM,{42},{84}
59561cc3-ebf2-4f61-8a7c-62ff1cfd5c8a,212202998,Commune de Saint-Hélen (22),false,{22299},Commune,2026-03-24 14:41:55.958138+01,gold_establishments_2025,,,,21220299800010,2025,Collectivité Territoriale,Commune,"[""Côtes-d'Armor""]",['Bretagne'],COM,{22},{53}
499d7310-8f87-4cf0-9a80-05b4d6b49a2b,212105522,Commune de Saint-Hélier (21),false,{21552},Commune,2026-03-24 14:41:55.433389+01,gold_establishments_2025,,,,21210552200016,2025,Collectivité Territoriale,Commune,"[""Côte-d'Or""]",['Bourgogne-Franche-Comté'],COM,{21},{27}
674088e6-291b-41fb-894a-d514987964ef,216303578,Commune de Saint-Hérent (63),false,{63357},Commune,2026-03-24 14:42:06.130387+01,gold_establishments_2025,,,,21630357800019,2025,Collectivité Territoriale,Commune,['Puy-de-Dôme'],['Auvergne-Rhône-Alpes'],COM,{63},{84}
9692f134-6448-4c91-a484-f17a927ad532,212203343,Commune de Saint-Igeaux (22),false,{22334},Commune,2026-03-24 14:41:55.958138+01,gold_establishments_2025,,,,21220334300018,2025,Collectivité Territoriale,Commune,"[""Côtes-d'Armor""]",['Bretagne'],COM,{22},{53}
9f632b45-d546-4817-a971-59263c001c14,211202270,Commune de Saint-Igest (12),false,{12227},Commune,2026-03-24 14:41:53.63825+01,gold_establishments_2025,,,,21120227000016,2025,Collectivité Territoriale,Commune,['Aveyron'],['Occitanie'],COM,{12},{76}
3a5f1a52-7f13-4494-91ab-09cf62c84963,213104870,Commune de Saint-Ignan (31),false,{31487},Commune,2026-03-24 14:41:58.09424+01,gold_establishments_2025,,,,21310487000018,2025,Collectivité Territoriale,Commune,['Haute-Garonne'],['Occitanie'],COM,{31},{76}
1f39cda9-764f-4ae9-bd39-b9559afc365d,216303628,Commune de Saint-Ignat (63),false,{63362},Commune,2026-03-24 14:42:06.130387+01,gold_establishments_2025,,,,21630362800012,2025,Collectivité Territoriale,Commune,['Puy-de-Dôme'],['Auvergne-Rhône-Alpes'],COM,{63},{84}
77d2d50b-3d97-4f37-be8f-d7248e63308c,217104280,Commune de Saint-Igny-de-Roche (71),false,{71428},Commune,2026-03-24 14:42:08.279287+01,gold_establishments_2025,,,,21710428000011,2025,Collectivité Territoriale,Commune,['Saône-et-Loire'],['Bourgogne-Franche-Comté'],COM,{71},{27}
137670aa-a688-4d5f-853e-463dd820981c,216902098,Commune de Saint-Igny-de-Vers (69),false,{69209},Commune,2026-03-24 14:42:07.735343+01,gold_establishments_2025,,,,21690209800013,2025,Collectivité Territoriale,Commune,['Rhône'],['Auvergne-Rhône-Alpes'],COM,{69},{84}
c659f055-e54b-43f0-89b0-3add03fbc7bb,211501911,Commune de Saint-Illide (15),false,{15191},Commune,2026-03-24 14:41:54.362296+01,gold_establishments_2025,,,,21150191100013,2025,Collectivité Territoriale,Commune,['Cantal'],['Auvergne-Rhône-Alpes'],COM,{15},{84}
462bab3a-158c-41e3-a04d-542e712edbaf,217805589,Commune de Saint-Illiers-la-Ville (78),false,{78558},Commune,2026-03-24 14:42:09.43682+01,gold_establishments_2025,,,,21780558900017,2025,Collectivité Territoriale,Commune,['Yvelines'],['Île-de-France'],COM,{78},{11}
41ead0ec-8cd6-4258-b293-629adda8123c,217805597,Commune de Saint-Illiers-le-Bois (78),false,{78559},Commune,2026-03-24 14:42:09.43682+01,gold_establishments_2025,,,,21780559700010,2025,Collectivité Territoriale,Commune,['Yvelines'],['Île-de-France'],COM,{78},{11}
41802ba6-9d6b-4cd4-b969-5063cfcf0ca4,214301954,Commune de Saint-Ilpize (43),false,{43195},Commune,2026-03-24 14:42:00.273698+01,gold_establishments_2025,,,,21430195400019,2025,Collectivité Territoriale,Commune,['Haute-Loire'],['Auvergne-Rhône-Alpes'],COM,{43},{84}
1ab20376-6dcc-4584-bb9a-3c69faee1e73,215104522,Commune de Saint-Imoges (51),false,{51488},Commune,2026-03-24 14:42:01.954481+01,gold_establishments_2025,,,,21510452200010,2025,Collectivité Territoriale,Commune,['Marne'],['Grand Est'],COM,{51},{44}
d71cfc4f-3d4c-4715-83d6-45a472878ad7,216207514,Commune de Saint-Inglevert (62),false,{62751},Commune,2026-03-24 14:42:06.130387+01,gold_establishments_2025,,,,21620751400011,2025,Collectivité Territoriale,Commune,['Pas-de-Calais'],['Hauts-de-France'],COM,{62},{32}
9e6491e9-7fab-41d8-833d-84f5183bb3d4,213803976,Commune de Saint-Ismier (38),false,{38397},Commune,2026-03-24 14:41:59.160244+01,gold_establishments_2025,,,,21380397600017,2025,Collectivité Territoriale,Commune,['Isère'],['Auvergne-Rhône-Alpes'],COM,{38},{84}
87545d68-7318-4837-b37d-d3a31b665fc1,211202288,Commune de Saint-Izaire (12),false,{12228},Commune,2026-03-24 14:41:53.63825+01,gold_establishments_2025,,,,21120228800018,2025,Collectivité Territoriale,Commune,['Aveyron'],['Occitanie'],COM,{12},{76}
fb3ac61b-18b4-4166-a469-ee0627c58988,210401808,Commune de Saint-Jacques (04),false,{04180},Commune,2026-03-24 14:41:52.562531+01,gold_establishments_2025,,,,21040180800014,2025,Collectivité Territoriale,Commune,['Alpes-de-Haute-Provence'],"[""Provence-Alpes-Côte d'Azur""]",COM,{04},{93}
26773e98-fb26-46aa-8203-dfcb25058e2c,217605906,Commune de Saint-Jacques-d'Aliermont (76),false,{76590},Commune,2026-03-24 14:42:08.818969+01,gold_establishments_2025,,,,21760590600015,2025,Collectivité Territoriale,Commune,['Seine-Maritime'],['Normandie'],COM,{76},{28}
b81e8786-f27f-4aef-97df-ed3b7fd21255,216303636,Commune de Saint-Jacques-d'Ambur (63),false,{63363},Commune,2026-03-24 14:42:06.130387+01,gold_establishments_2025,,,,21630363600015,2025,Collectivité Territoriale,Commune,['Puy-de-Dôme'],['Auvergne-Rhône-Alpes'],COM,{63},{84}
2f88fda7-e7d6-4622-b05d-a60f43d60114,210702437,Commune de Saint-Jacques-d'Atticieux (07),false,{07243},Commune,2026-03-24 14:41:52.562531+01,gold_establishments_2025,,,,21070243700018,2025,Collectivité Territoriale,Commune,['Ardèche'],['Auvergne-Rhône-Alpes'],COM,{07},{84}
d59d7ac7-0460-478c-b82f-0171e124f53f,215004862,Commune de Saint-Jacques-de-Néhou (50),false,{50486},Commune,2026-03-24 14:42:01.412377+01,gold_establishments_2025,,,,21500486200011,2025,Collectivité Territoriale,Commune,['Manche'],['Normandie'],COM,{50},{28}
55f6bb61-d7bb-4297-a7cc-3c78e84e85f2,217902584,Commune de Saint-Jacques-de-Thouars (79),false,{79258},Commune,2026-03-24 14:42:09.43682+01,gold_establishments_2025,,,,21790258400010,2025,Collectivité Territoriale,Commune,['Deux-Sèvres'],['Nouvelle-Aquitaine'],COM,{79},{75}
84ba113f-7d68-4716-8f03-3469ada4d213,213502818,Commune de Saint-Jacques-de-la-Lande (35),false,{35281},Commune,2026-03-24 14:41:59.160244+01,gold_establishments_2025,,,,21350281800247,2025,Collectivité Territoriale,Commune,['Ille-et-Vilaine'],['Bretagne'],COM,{35},{53}
ba86399e-4b81-4075-9c9b-8400982867e5,211501929,Commune de Saint-Jacques-des-Blats (15),false,{15192},Commune,2026-03-24 14:41:54.362296+01,gold_establishments_2025,,,,21150192900015,2025,Collectivité Territoriale,Commune,['Cantal'],['Auvergne-Rhône-Alpes'],COM,{15},{84}
e50a5aeb-a353-4828-bbf4-91fae6d5f7e7,214102154,Commune de Saint-Jacques-des-Guérets (41),false,{41215},Commune,2026-03-24 14:42:00.273698+01,gold_establishments_2025,,,,21410215400017,2025,Collectivité Territoriale,Commune,['Loir-et-Cher'],['Centre-Val de Loire'],COM,{41},{24}
5890468c-efa6-4cd1-8754-b8fcf89e93ba,210501441,Commune de Saint-Jacques-en-Valgodemard (05),false,{05144},Commune,2026-03-24 14:41:52.562531+01,gold_establishments_2025,,,,21050144100013,2025,Collectivité Territoriale,Commune,['Hautes-Alpes'],"[""Provence-Alpes-Côte d'Azur""]",COM,{05},{93}
ca57c7a3-dd27-4faa-9a81-95df592b58bd,217605914,Commune de Saint-Jacques-sur-Darnétal (76),false,{76591},Commune,2026-03-24 14:42:08.818969+01,gold_establishments_2025,,,,21760591400019,2025,Collectivité Territoriale,Commune,['Seine-Maritime'],['Normandie'],COM,{76},{28}
aeafe794-b0c3-4ddc-8be6-aa59eff1d9e0,212203020,Commune de Saint-Jacut-de-la-Mer (22),false,{22302},Commune,2026-03-24 14:41:55.958138+01,gold_establishments_2025,,,,21220302000012,2025,Collectivité Territoriale,Commune,"[""Côtes-d'Armor""]",['Bretagne'],COM,{22},{53}
7018d960-16ae-49d4-a4ba-85880c24a4f3,215602210,Commune de Saint-Jacut-les-Pins (56),false,{56221},Commune,2026-03-24 14:42:03.701372+01,gold_establishments_2025,,,,21560221000019,2025,Collectivité Territoriale,Commune,['Morbihan'],['Bretagne'],COM,{56},{53}
9e769bd4-b619-4979-a603-6d88b3e52e55,211921309,Commune de Saint-Jal (19),false,{19213},Commune,2026-03-24 14:41:55.433389+01,gold_establishments_2025,,,,21192130900012,2025,Collectivité Territoriale,Commune,['Corrèze'],['Nouvelle-Aquitaine'],COM,{19},{75}
f9cd2a4f-ac34-4705-b646-eca799d1b6cb,200063295,Commune de Saint-James (50),false,{50487},Commune,2026-03-24 14:42:01.412377+01,gold_establishments_2025,,,,20006329500014,2025,Collectivité Territoriale,Commune,['Manche'],['Normandie'],COM,{50},{28}
260e9186-9988-4fd5-8480-51721836b97d,216404822,Commune de Saint-Jammes (64),false,{64482},Commune,2026-03-24 14:42:06.665412+01,gold_establishments_2025,,,,21640482200019,2025,Collectivité Territoriale,Commune,['Pyrénées-Atlantiques'],['Nouvelle-Aquitaine'],COM,{64},{75}
e6c1fd50-1dad-4b63-95a0-c39fe22a9bb1,215905357,Commune de Saint-Jans-Cappel (59),false,{59535},Commune,2026-03-24 14:42:04.814328+01,gold_establishments_2025,,,,21590535700012,2025,Collectivité Territoriale,Commune,['Nord'],['Hauts-de-France'],COM,{59},{32}
4c66fa4b-f772-43b4-8d16-f9589e67a817,213104888,Commune de Saint-Jean (31),false,{31488},Commune,2026-03-24 14:41:58.09424+01,gold_establishments_2025,,,,21310488800010,2025,Collectivité Territoriale,Commune,['Haute-Garonne'],['Occitanie'],COM,{31},{76}
7e57d12b-27c8-42f3-aa89-35201834678d,214202376,Commune de Saint-Jean-Bonnefonds (42),false,{42237},Commune,2026-03-24 14:42:00.273698+01,gold_establishments_2025,,,,21420237600015,2025,Collectivité Territoriale,Commune,['Loire'],['Auvergne-Rhône-Alpes'],COM,{42},{84}
2586b491-372e-472b-8849-e56d349c14aa,215602228,Commune de Saint-Jean-Brévelay (56),false,{56222},Commune,2026-03-24 14:42:03.701372+01,gold_establishments_2025,,,,21560222800011,2025,Collectivité Territoriale,Commune,['Morbihan'],['Bretagne'],COM,{56},{53}
103e043e-066c-4b38-9c12-18c2d5877d1c,210601217,Commune de Saint-Jean-Cap-Ferrat (06),false,{06121},Commune,2026-03-24 14:41:52.562531+01,gold_establishments_2025,,,,21060121700016,2025,Collectivité Territoriale,Commune,['Alpes-Maritimes'],"[""Provence-Alpes-Côte d'Azur""]",COM,{06},{93}
32057e90-94cc-4bd6-a2a9-4250eef6b032,210702445,Commune de Saint-Jean-Chambre (07),false,{07244},Commune,2026-03-24 14:41:52.562531+01,gold_establishments_2025,,,,21070244500011,2025,Collectivité Territoriale,Commune,['Ardèche'],['Auvergne-Rhône-Alpes'],COM,{07},{84}
dfdcb71e-9533-44c9-811f-f76e13351331,211202304,Commune de Saint-Jean-Delnous (12),false,{12230},Commune,2026-03-24 14:41:53.63825+01,gold_establishments_2025,,,,21120230400013,2025,Collectivité Territoriale,Commune,['Aveyron'],['Occitanie'],COM,{12},{76}
8211a17f-e6ba-48ed-a2ef-5f5df97f3a31,214102162,Commune de Saint-Jean-Froidmentel (41),false,{41216},Commune,2026-03-24 14:42:00.273698+01,gold_establishments_2025,,,,21410216200010,2025,Collectivité Territoriale,Commune,['Loir-et-Cher'],['Centre-Val de Loire'],COM,{41},{24}
d3862ab9-aa58-4766-bb20-ec488c82b95a,212203046,Commune de Saint-Jean-Kerdaniel (22),false,{22304},Commune,2026-03-24 14:41:55.958138+01,gold_establishments_2025,,,,21220304600017,2025,Collectivité Territoriale,Commune,"[""Côtes-d'Armor""]",['Bretagne'],COM,{22},{53}
8ff02131-bcb4-4c08-872d-10be5a8b2d8e,215706144,Commune de Saint-Jean-Kourtzerode (57),false,{57614},Commune,2026-03-24 14:42:04.280096+01,gold_establishments_2025,,,,21570614400015,2025,Collectivité Territoriale,Commune,['Moselle'],['Grand Est'],COM,{57},{44}
aa6b4cd4-b94c-437e-9b0a-42445def3f29,214301988,Commune de Saint-Jean-Lachalm (43),false,{43198},Commune,2026-03-24 14:42:00.273698+01,gold_establishments_2025,,,,21430198800017,2025,Collectivité Territoriale,Commune,['Haute-Loire'],['Auvergne-Rhône-Alpes'],COM,{43},{84}
dfd06147-b60e-4958-8f47-152ffeaae39e,214603391,Commune de Saint-Jean-Lagineste (46),false,{46339},Commune,2026-03-24 14:42:00.862623+01,gold_establishments_2025,,,,21460339100019,2025,Collectivité Territoriale,Commune,['Lot'],['Occitanie'],COM,{46},{76}
318fa5b4-0508-4415-b810-b34b53784586,216601773,Commune de Saint-Jean-Lasseille (66),false,{66177},Commune,2026-03-24 14:42:06.665412+01,gold_establishments_2025,,,,21660177300015,2025,Collectivité Territoriale,Commune,['Pyrénées-Orientales'],['Occitanie'],COM,{66},{76}
e35d51b5-0d18-4d4e-871c-dec1463ff7bb,214602716,Commune de Saint-Jean-Lespinasse (46),false,{46271},Commune,2026-03-24 14:42:00.862623+01,gold_establishments_2025,,,,21460271600018,2025,Collectivité Territoriale,Commune,['Lot'],['Occitanie'],COM,{46},{76}
77c030c0-db4e-4aff-9460-99e9b2dfcf90,213104896,Commune de Saint-Jean-Lherm (31),false,{31489},Commune,2026-03-24 14:41:58.09424+01,gold_establishments_2025,,,,21310489600013,2025,Collectivité Territoriale,Commune,['Haute-Garonne'],['Occitanie'],COM,{31},{76}
7a1b1e0c-d412-4110-8722-9db20a2809f8,218715100,Commune de Saint-Jean-Ligoure (87),false,{87151},Commune,2026-03-24 14:42:11.118516+01,gold_establishments_2025,,,,21871510000010,2025,Collectivité Territoriale,Commune,['Haute-Vienne'],['Nouvelle-Aquitaine'],COM,{87},{75}
b0f586fc-1a19-49a7-a388-150eaef30713,214602724,Commune de Saint-Jean-Mirabel (46),false,{46272},Commune,2026-03-24 14:42:00.862623+01,gold_establishments_2025,,,,21460272400012,2025,Collectivité Territoriale,Commune,['Lot'],['Occitanie'],COM,{46},{76}
e17e6b0a-f16a-4000-be3c-6fad04a6c667,216404855,Commune de Saint-Jean-Pied-de-Port (64),false,{64485},Commune,2026-03-24 14:42:06.665412+01,gold_establishments_2025,,,,21640485500019,2025,Collectivité Territoriale,Commune,['Pyrénées-Atlantiques'],['Nouvelle-Aquitaine'],COM,{64},{75}
a4a020f8-9c75-421a-94d9-00ae9e9442f8,212803423,Commune de Saint-Jean-Pierre-Fixte (28),false,{28342},Commune,2026-03-24 14:41:57.028721+01,gold_establishments_2025,,,,21280342300012,2025,Collectivité Territoriale,Commune,['Eure-et-Loir'],['Centre-Val de Loire'],COM,{28},{24}
1a906f20-4fb4-40f3-9a03-27f24d6030cb,216601781,Commune de Saint-Jean-Pla-de-Corts (66),false,{66178},Commune,2026-03-24 14:42:06.665412+01,gold_establishments_2025,,,,21660178100018,2025,Collectivité Territoriale,Commune,['Pyrénées-Orientales'],['Occitanie'],COM,{66},{76}
dc518f00-bb73-472b-80d3-b25de192bd6e,216404863,Commune de Saint-Jean-Poudge (64),false,{64486},Commune,2026-03-24 14:42:06.665412+01,gold_establishments_2025,,,,21640486300013,2025,Collectivité Territoriale,Commune,['Pyrénées-Atlantiques'],['Nouvelle-Aquitaine'],COM,{64},{75}
7a272551-6117-4374-9c50-a257e831ead9,213203821,Commune de Saint-Jean-Poutge (32),false,{32382},Commune,2026-03-24 14:41:58.09424+01,gold_establishments_2025,,,,21320382100011,2025,Collectivité Territoriale,Commune,['Gers'],['Occitanie'],COM,{32},{76}
9444ab33-90fb-4c1d-be56-fa45350b54d8,215706151,Commune de Saint-Jean-Rohrbach (57),false,{57615},Commune,2026-03-24 14:42:04.280096+01,gold_establishments_2025,,,,21570615100010,2025,Collectivité Territoriale,Commune,['Moselle'],['Grand Est'],COM,{57},{44}
abef802e-586c-471f-888b-ce369a5e62c9,210702486,Commune de Saint-Jean-Roure (07),false,{07248},Commune,2026-03-24 14:41:52.562531+01,gold_establishments_2025,,,,21070248600015,2025,Collectivité Territoriale,Commune,['Ardèche'],['Auvergne-Rhône-Alpes'],COM,{07},{84}
a89589f6-48b4-4a9e-855b-ce88315643cf,213702228,Commune de Saint-Jean-Saint-Germain (37),false,{37222},Commune,2026-03-24 14:41:59.160244+01,gold_establishments_2025,,,,21370222800015,2025,Collectivité Territoriale,Commune,['Indre-et-Loire'],['Centre-Val de Loire'],COM,{37},{24}
5a4434f7-c0f6-475d-bad2-1ae1b577a47b,216303677,Commune de Saint-Jean-Saint-Gervais (63),false,{63367},Commune,2026-03-24 14:42:06.130387+01,gold_establishments_2025,,,,21630367700019,2025,Collectivité Territoriale,Commune,['Puy-de-Dôme'],['Auvergne-Rhône-Alpes'],COM,{63},{84}
979424ef-27af-46c6-950b-24cd1ef12e38,214202392,Commune de Saint-Jean-Saint-Maurice-sur-Loire (42),false,{42239},Commune,2026-03-24 14:42:00.273698+01,gold_establishments_2025,,,,21420239200012,2025,Collectivité Territoriale,Commune,['Loire'],['Auvergne-Rhône-Alpes'],COM,{42},{84}
8768e550-a142-49af-9745-1a94850e7858,210501458,Commune de Saint-Jean-Saint-Nicolas (05),false,{05145},Commune,2026-03-24 14:41:52.562531+01,gold_establishments_2025,,,,21050145800017,2025,Collectivité Territoriale,Commune,['Hautes-Alpes'],"[""Provence-Alpes-Côte d'Azur""]",COM,{05},{93}
6a6011ac-664c-4694-ab5d-a9c416de3886,216704254,Commune de Saint-Jean-Saverne (67),false,{67425},Commune,2026-03-24 14:42:07.195692+01,gold_establishments_2025,,,,21670425400053,2025,Collectivité Territoriale,Commune,['Bas-Rhin'],['Grand Est'],COM,{67},{44}
0af70b35-631c-4978-80a3-383ae835a277,214202400,Commune de Saint-Jean-Soleymieux (42),false,{42240},Commune,2026-03-24 14:42:00.273698+01,gold_establishments_2025,,,,21420240000013,2025,Collectivité Territoriale,Commune,['Loire'],['Auvergne-Rhône-Alpes'],COM,{42},{84}
cc825390-c952-41db-8da6-7dbbe1e080f0,212902522,Commune de Saint-Jean-Trolimon (29),false,{29252},Commune,2026-03-24 14:41:57.56054+01,gold_establishments_2025,,,,21290252200086,2025,Collectivité Territoriale,Commune,['Finistère'],['Bretagne'],COM,{29},{53}
c7a09670-381a-43bd-8bee-d84cd509ea6b,215802471,Commune de Saint-Jean-aux-Amognes (58),false,{58247},Commune,2026-03-24 14:42:04.280096+01,gold_establishments_2025,,,,21580247100015,2025,Collectivité Territoriale,Commune,['Nièvre'],['Bourgogne-Franche-Comté'],COM,{58},{27}
b9f23fb3-88cf-4063-8756-3db86648993f,210803458,Commune de Saint-Jean-aux-Bois (08),false,{08382},Commune,2026-03-24 14:41:53.095366+01,gold_establishments_2025,,,,21080345800012,2025,Collectivité Territoriale,Commune,['Ardennes'],['Grand Est'],COM,{08},{44}
1ae7bd04-1c64-4caf-990c-0db8c8596fd9,216005736,Commune de Saint-Jean-aux-Bois (60),false,{60579},Commune,2026-03-24 14:42:04.814328+01,gold_establishments_2025,,,,21600573600014,2025,Collectivité Territoriale,Commune,['Oise'],['Hauts-de-France'],COM,{60},{32}
96a0ed13-8bb1-49e3-a9b9-f0ae9a236961,210902623,Commune de Saint-Jean-d'Aigues-Vives (09),false,{09262},Commune,2026-03-24 14:41:53.095366+01,gold_establishments_2025,,,,21090262300011,2025,Collectivité Territoriale,Commune,['Ariège'],['Occitanie'],COM,{09},{76}
5d93f9e0-9ed6-4d68-b963-d43eace9bb74,211202296,Commune de Saint-Jean-d'Alcapiès (12),false,{12229},Commune,2026-03-24 14:41:53.63825+01,gold_establishments_2025,,,,21120229600011,2025,Collectivité Territoriale,Commune,['Aveyron'],['Occitanie'],COM,{12},{76}
8ac5a3bb-a225-4b50-bbe1-6c82eff531b1,211703483,Commune de Saint-Jean-d'Angle (17),false,{17348},Commune,2026-03-24 14:41:54.903238+01,gold_establishments_2025,,,,21170348300019,2025,Collectivité Territoriale,Commune,['Charente-Maritime'],['Nouvelle-Aquitaine'],COM,{17},{75}
3d614bac-b782-4039-aa36-eaece331f4e2,211703475,Commune de Saint-Jean-d'Angély (17),false,{17347},Commune,2026-03-24 14:41:54.903238+01,gold_establishments_2025,,,,21170347500015,2025,Collectivité Territoriale,Commune,['Charente-Maritime'],['Nouvelle-Aquitaine'],COM,{17},{75}
b6e9460d-b46e-4448-a685-2f021327a599,217302421,Commune de Saint-Jean-d'Arves (73),false,{73242},Commune,2026-03-24 14:42:08.279287+01,gold_establishments_2025,,,,21730242100011,2025,Collectivité Territoriale,Commune,['Savoie'],['Auvergne-Rhône-Alpes'],COM,{73},{84}
750d6dd6-18b0-4838-b2d4-8ffcf04abcfa,217302439,Commune de Saint-Jean-d'Arvey (73),false,{73243},Commune,2026-03-24 14:42:08.279287+01,gold_establishments_2025,,,,21730243900013,2025,Collectivité Territoriale,Commune,['Savoie'],['Auvergne-Rhône-Alpes'],COM,{73},{84}
146118f6-cea1-4b7d-ad2a-2d34feb70c15,217202902,Commune de Saint-Jean-d'Assé (72),false,{72290},Commune,2026-03-24 14:42:08.279287+01,gold_establishments_2025,,,,21720290200011,2025,Collectivité Territoriale,Commune,['Sarthe'],['Pays de la Loire'],COM,{72},{52}
b500b9a6-feda-4d12-8155-6432758ed641,212404248,Commune de Saint-Jean-d'Ataux (24),false,{24424},Commune,2026-03-24 14:41:55.958138+01,gold_establishments_2025,,,,21240424800016,2025,Collectivité Territoriale,Commune,['Dordogne'],['Nouvelle-Aquitaine'],COM,{24},{75}
61cc32b8-d976-439f-b1c6-95c056cad4ce,214301962,Commune de Saint-Jean-d'Aubrigoux (43),false,{43196},Commune,2026-03-24 14:42:00.273698+01,gold_establishments_2025,,,,21430196200012,2025,Collectivité Territoriale,Commune,['Haute-Loire'],['Auvergne-Rhône-Alpes'],COM,{43},{84}
78852ddf-7374-4b03-9638-c04a3c81fa05,217402387,Commune de Saint-Jean-d'Aulps (74),false,{74238},Commune,2026-03-24 14:42:08.818969+01,gold_establishments_2025,,,,21740238700013,2025,Collectivité Territoriale,Commune,['Haute-Savoie'],['Auvergne-Rhône-Alpes'],COM,{74},{84}
ada44c87-b1d4-47be-a50c-71bc8e1b7aa1,213803984,Commune de Saint-Jean-d'Avelanne (38),false,{38398},Commune,2026-03-24 14:41:59.160244+01,gold_establishments_2025,,,,21380398400011,2025,Collectivité Territoriale,Commune,['Isère'],['Auvergne-Rhône-Alpes'],COM,{38},{84}
4eeae01e-7e51-49ad-a641-9c14c434cd69,200056513,Commune de Saint-Jean-d'Elle (50),false,{50492},Commune,2026-03-24 14:42:01.412377+01,gold_establishments_2025,,,,20005651300019,2025,Collectivité Territoriale,Commune,['Manche'],['Normandie'],COM,{50},{28}
3a10a1d0-e77f-458f-a0fc-74991bf93dd6,212404263,Commune de Saint-Jean-d'Estissac (24),false,{24426},Commune,2026-03-24 14:41:55.958138+01,gold_establishments_2025,,,,21240426300015,2025,Collectivité Territoriale,Commune,['Dordogne'],['Nouvelle-Aquitaine'],COM,{24},{75}
f1eb8f52-8677-4908-9777-fe3a21c9d88c,218502235,Commune de Saint-Jean-d'Hermine (85),false,{85223},Commune,2026-03-24 14:42:10.508772+01,gold_establishments_2025,,,,21850223500193,2025,Collectivité Territoriale,Commune,['Vendée'],['Pays de la Loire'],COM,{85},{52}
db7f821e-df75-420f-b8dd-37702d6cc066,216303644,Commune de Saint-Jean-d'Heurs (63),false,{63364},Commune,2026-03-24 14:42:06.130387+01,gold_establishments_2025,,,,21630364400019,2025,Collectivité Territoriale,Commune,['Puy-de-Dôme'],['Auvergne-Rhône-Alpes'],COM,{63},{84}
e21a3341-0115-4e71-9bea-54f1dcd115b3,213804032,Commune de Saint-Jean-d'Hérans (38),false,{38403},Commune,2026-03-24 14:41:59.160244+01,gold_establishments_2025,,,,21380403200018,2025,Collectivité Territoriale,Commune,['Isère'],['Auvergne-Rhône-Alpes'],COM,{38},{84}
d7c0eec6-9f31-44a1-b1be-bb48607fc553,213304223,Commune de Saint-Jean-d'Illac (33),false,{33422},Commune,2026-03-24 14:41:58.620411+01,gold_establishments_2025,,,,21330422300018,2025,Collectivité Territoriale,Commune,['Gironde'],['Nouvelle-Aquitaine'],COM,{33},{75}
8e466408-634a-4375-b43b-72a1000aa521,218804193,Commune de Saint-Jean-d'Ormont (88),false,{88419},Commune,2026-03-24 14:42:11.118516+01,gold_establishments_2025,,,,21880419300017,2025,Collectivité Territoriale,Commune,['Vosges'],['Grand Est'],COM,{88},{44}
01add39d-1841-4404-a2c9-b8d2f46088ec,211103452,Commune de Saint-Jean-de-Barrou (11),false,{11345},Commune,2026-03-24 14:41:53.63825+01,gold_establishments_2025,,,,21110345200010,2025,Collectivité Territoriale,Commune,['Aude'],['Occitanie'],COM,{11},{76}
70f31dea-10d0-49d9-a28b-522d45179930,215706136,Commune de Saint-Jean-de-Bassel (57),false,{57613},Commune,2026-03-24 14:42:04.280096+01,gold_establishments_2025,,,,21570613600011,2025,Collectivité Territoriale,Commune,['Moselle'],['Grand Est'],COM,{57},{44}
36b2247d-0b0e-4776-93aa-59d7a9a80af6,219105608,Commune de Saint-Jean-de-Beauregard (91),false,{91560},Commune,2026-03-24 14:42:11.659493+01,gold_establishments_2025,,,,21910560800018,2025,Collectivité Territoriale,Commune,['Essonne'],['Île-de-France'],COM,{91},{11}
74d5c5d2-9366-4e5e-bdf1-70cb82943e41,218502334,Commune de Saint-Jean-de-Beugné (nan),false,{85233},Commune,2026-03-24 14:42:10.508772+01,gold_establishments_2025,,,,21850233400012,2025,Collectivité Territoriale,Commune,[''],[''],COM,,
1d6d8270-5b44-458e-9610-3b064ccc5c04,213304215,Commune de Saint-Jean-de-Blaignac (33),false,{33421},Commune,2026-03-24 14:41:58.620411+01,gold_establishments_2025,,,,21330421500014,2025,Collectivité Territoriale,Commune,['Gironde'],['Nouvelle-Aquitaine'],COM,{33},{75}
5aa90554-3e5b-4c3f-a2b9-d37c4e3b28f9,214401663,Commune de Saint-Jean-de-Boiseau (44),false,{44166},Commune,2026-03-24 14:42:00.273698+01,gold_establishments_2025,,,,21440166300015,2025,Collectivité Territoriale,Commune,['Loire-Atlantique'],['Pays de la Loire'],COM,{44},{52}
bfb00908-274e-4849-97c6-04791509ea8f,211003314,Commune de Saint-Jean-de-Bonneval (10),false,{10342},Commune,2026-03-24 14:41:53.095366+01,gold_establishments_2025,,,,21100331400013,2025,Collectivité Territoriale,Commune,['Aube'],['Grand Est'],COM,{10},{44}
26c0df89-fad1-46c5-b3a7-d4d1b0a9da80,213803992,Commune de Saint-Jean-de-Bournay (38),false,{38399},Commune,2026-03-24 14:41:59.160244+01,gold_establishments_2025,,,,21380399200014,2025,Collectivité Territoriale,Commune,['Isère'],['Auvergne-Rhône-Alpes'],COM,{38},{84}
82f0dd57-7812-4c87-89e1-fa9a5a99cf28,214502841,Commune de Saint-Jean-de-Braye (45),false,{45284},Commune,2026-03-24 14:42:00.862623+01,gold_establishments_2025,,,,21450284100015,2025,Collectivité Territoriale,Commune,['Loiret'],['Centre-Val de Loire'],COM,{45},{24}
0cd64e58-6abb-405a-8ffb-654c642102ce,213402647,Commune de Saint-Jean-de-Buèges (34),false,{34264},Commune,2026-03-24 14:41:58.620411+01,gold_establishments_2025,,,,21340264700019,2025,Collectivité Territoriale,Commune,['Hérault'],['Occitanie'],COM,{34},{76}
2e48b338-250b-40d8-8f72-4f9795bd14b4,212105530,Commune de Saint-Jean-de-Bœuf (21),false,{21553},Commune,2026-03-24 14:41:55.433389+01,gold_establishments_2025,,,,21210553000019,2025,Collectivité Territoriale,Commune,"[""Côte-d'Or""]",['Bourgogne-Franche-Comté'],COM,{21},{27}
37745562-6c76-48ae-bcca-91d87fb6beab,213002645,Commune de Saint-Jean-de-Ceyrargues (30),false,{30264},Commune,2026-03-24 14:41:57.56054+01,gold_establishments_2025,,,,21300264500017,2025,Collectivité Territoriale,Commune,['Gard'],['Occitanie'],COM,{30},{76}
82c4cad3-1554-4bba-90fe-a3dc3a54f9bf,217302454,Commune de Saint-Jean-de-Chevelu (73),false,{73245},Commune,2026-03-24 14:42:08.279287+01,gold_establishments_2025,,,,21730245400012,2025,Collectivité Territoriale,Commune,['Savoie'],['Auvergne-Rhône-Alpes'],COM,{73},{84}
b0985611-2271-4221-8c32-975ada098c9c,213402654,Commune de Saint-Jean-de-Cornies (34),false,{34265},Commune,2026-03-24 14:41:58.620411+01,gold_establishments_2025,,,,21340265400015,2025,Collectivité Territoriale,Commune,['Hérault'],['Occitanie'],COM,{34},{76}
902dc2ab-b019-463d-a032-5426a5446032,217302462,Commune de Saint-Jean-de-Couz (73),false,{73246},Commune,2026-03-24 14:42:08.279287+01,gold_establishments_2025,,,,21730246200015,2025,Collectivité Territoriale,Commune,['Savoie'],['Auvergne-Rhône-Alpes'],COM,{73},{84}
40acca00-d63e-4a19-97c8-2e705e8c3ead,213002652,Commune de Saint-Jean-de-Crieulon (30),false,{30265},Commune,2026-03-24 14:41:57.56054+01,gold_establishments_2025,,,,21300265200013,2025,Collectivité Territoriale,Commune,['Gard'],['Occitanie'],COM,{30},{76}
da889f04-f645-4eb5-bc4e-f8968e402b2b,213402662,Commune de Saint-Jean-de-Cuculles (34),false,{34266},Commune,2026-03-24 14:41:58.620411+01,gold_establishments_2025,,,,21340266200018,2025,Collectivité Territoriale,Commune,['Hérault'],['Occitanie'],COM,{34},{76}
36eb2712-8181-47e8-bdb3-db0b24971bc4,212404255,Commune de Saint-Jean-de-Côle (24),false,{24425},Commune,2026-03-24 14:41:55.958138+01,gold_establishments_2025,,,,21240425500011,2025,Collectivité Territoriale,Commune,['Dordogne'],['Nouvelle-Aquitaine'],COM,{24},{75}
dd996251-5938-45e7-a63a-fe2f97e58b73,215004888,Commune de Saint-Jean-de-Daye (50),false,{50488},Commune,2026-03-24 14:42:01.412377+01,gold_establishments_2025,,,,21500488800016,2025,Collectivité Territoriale,Commune,['Manche'],['Normandie'],COM,{50},{28}
3b177584-0711-43ae-991e-9432fe51d8d2,214702474,Commune de Saint-Jean-de-Duras (47),false,{47247},Commune,2026-03-24 14:42:00.862623+01,gold_establishments_2025,,,,21470247400013,2025,Collectivité Territoriale,Commune,['Lot-et-Garonne'],['Nouvelle-Aquitaine'],COM,{47},{75}
3ab66d9f-5e62-4ec7-b51e-f9d3d78bfcf9,217605922,Commune de Saint-Jean-de-Folleville (76),false,{76592},Commune,2026-03-24 14:42:08.818969+01,gold_establishments_2025,,,,21760592200012,2025,Collectivité Territoriale,Commune,['Seine-Maritime'],['Normandie'],COM,{76},{28}
74cf55be-38a1-4c74-b3b6-65dc7ffcd0c2,213402670,Commune de Saint-Jean-de-Fos (34),false,{34267},Commune,2026-03-24 14:41:58.620411+01,gold_establishments_2025,,,,21340267000011,2025,Collectivité Territoriale,Commune,['Hérault'],['Occitanie'],COM,{34},{76}
bcf6d67c-813d-4aea-b8ba-173ae5082a9f,200096543,Commune de Saint-Jean-de-Galaure (26),false,{26216},Commune,2026-03-24 14:41:56.495197+01,gold_establishments_2025,,,,20009654300018,2025,Collectivité Territoriale,Commune,['Drôme'],['Auvergne-Rhône-Alpes'],COM,{26},{84}
c3404e6b-10d3-408e-9e18-73913e618538,210103602,Commune de Saint-Jean-de-Gonville (01),false,{01360},Commune,2026-03-24 14:41:51.447482+01,gold_establishments_2025,,,,21010360200012,2025,Collectivité Territoriale,Commune,['Ain'],['Auvergne-Rhône-Alpes'],COM,{01},{84}
65cd5ad2-cb03-45bf-ac53-7539b2b85fe6,214602708,Commune de Saint-Jean-de-Laur (46),false,{46270},Commune,2026-03-24 14:42:00.862623+01,gold_establishments_2025,,,,21460270800015,2025,Collectivité Territoriale,Commune,['Lot'],['Occitanie'],COM,{46},{76}
44b64ef4-9c18-4f9c-921e-fe7d2e48dbbe,214002636,Commune de Saint-Jean-de-Lier (40),false,{40263},Commune,2026-03-24 14:41:59.705606+01,gold_establishments_2025,,,,21400263600014,2025,Collectivité Territoriale,Commune,['Landes'],['Nouvelle-Aquitaine'],COM,{40},{75}
57856e52-4113-4017-9ce1-ed2383622939,211703491,Commune de Saint-Jean-de-Liversay (17),false,{17349},Commune,2026-03-24 14:41:54.903238+01,gold_establishments_2025,,,,21170349100012,2025,Collectivité Territoriale,Commune,['Charente-Maritime'],['Nouvelle-Aquitaine'],COM,{17},{75}
87ce622b-b28f-4d5a-8a17-14ddab65ea65,211405956,Commune de Saint-Jean-de-Livet (14),false,{14595},Commune,2026-03-24 14:41:54.362296+01,gold_establishments_2025,,,,21140595600015,2025,Collectivité Territoriale,Commune,['Calvados'],['Normandie'],COM,{14},{28}
54033e8c-edf2-4acf-8f87-6bc8627b02e7,212105548,Commune de Saint-Jean-de-Losne (21),false,{21554},Commune,2026-03-24 14:41:55.433389+01,gold_establishments_2025,,,,21210554800011,2025,Collectivité Territoriale,Commune,"[""Côte-d'Or""]",['Bourgogne-Franche-Comté'],COM,{21},{27}
730976ca-d46c-4d8a-9acb-8957660b7785,216404830,Commune de Saint-Jean-de-Luz (64),false,{64483},Commune,2026-03-24 14:42:06.665412+01,gold_establishments_2025,,,,21640483000012,2025,Collectivité Territoriale,Commune,['Pyrénées-Atlantiques'],['Nouvelle-Aquitaine'],COM,{64},{75}
e087143a-fbfa-4346-8331-dc295994de7d,218102549,Commune de Saint-Jean-de-Marcel (81),false,{81254},Commune,2026-03-24 14:42:09.967209+01,gold_establishments_2025,,,,21810254900019,2025,Collectivité Territoriale,Commune,['Tarn'],['Occitanie'],COM,{81},{76}
9135896a-deda-406c-8245-71fc4bb0e023,214002644,Commune de Saint-Jean-de-Marsacq (40),false,{40264},Commune,2026-03-24 14:41:59.705606+01,gold_establishments_2025,,,,21400264400018,2025,Collectivité Territoriale,Commune,['Landes'],['Nouvelle-Aquitaine'],COM,{40},{75}
6ce1fe86-d628-40ec-b22b-9079e26fd9f7,213002660,Commune de Saint-Jean-de-Maruéjols-et-Avéjan (30),false,{30266},Commune,2026-03-24 14:41:57.56054+01,gold_establishments_2025,,,,21300266000040,2025,Collectivité Territoriale,Commune,['Gard'],['Occitanie'],COM,{30},{76}
0c5b127a-608d-44f4-b9f7-fe930b666d98,217302488,Commune de Saint-Jean-de-Maurienne (73),false,{73248},Commune,2026-03-24 14:42:08.279287+01,gold_establishments_2025,,,,21730248800010,2025,Collectivité Territoriale,Commune,['Savoie'],['Auvergne-Rhône-Alpes'],COM,{73},{84}
0997a8cd-3064-409f-9347-f956476ff849,213402696,Commune de Saint-Jean-de-Minervois (34),false,{34269},Commune,2026-03-24 14:41:58.620411+01,gold_establishments_2025,,,,21340269600016,2025,Collectivité Territoriale,Commune,['Hérault'],['Occitanie'],COM,{34},{76}
6855b768-83f5-4fbd-adfc-5f9b5c04265f,213804008,Commune de Saint-Jean-de-Moirans (38),false,{38400},Commune,2026-03-24 14:41:59.160244+01,gold_establishments_2025,,,,21380400800018,2025,Collectivité Territoriale,Commune,['Isère'],['Auvergne-Rhône-Alpes'],COM,{38},{84}
2f4db38e-4799-41bc-b18d-f43354094f1e,218502342,Commune de Saint-Jean-de-Monts (85),false,{85234},Commune,2026-03-24 14:42:10.508772+01,gold_establishments_2025,,,,21850234200015,2025,Collectivité Territoriale,Commune,['Vendée'],['Pays de la Loire'],COM,{85},{52}
800ec106-daf6-47c8-8beb-22ca98165cee,210702452,Commune de Saint-Jean-de-Muzols (07),false,{07245},Commune,2026-03-24 14:41:52.562531+01,gold_establishments_2025,,,,21070245200074,2025,Collectivité Territoriale,Commune,['Ardèche'],['Auvergne-Rhône-Alpes'],COM,{07},{84}
a0637182-67a0-41fb-841a-7ac720f8405b,214301970,Commune de Saint-Jean-de-Nay (43),false,{43197},Commune,2026-03-24 14:42:00.273698+01,gold_establishments_2025,,,,21430197000015,2025,Collectivité Territoriale,Commune,['Haute-Loire'],['Auvergne-Rhône-Alpes'],COM,{43},{84}
772432ed-f23b-4e7b-b164-0868110b45d5,210103610,Commune de Saint-Jean-de-Niost (01),false,{01361},Commune,2026-03-24 14:41:51.447482+01,gold_establishments_2025,,,,21010361000015,2025,Collectivité Territoriale,Commune,['Ain'],['Auvergne-Rhône-Alpes'],COM,{01},{84}
865f15e1-9aa9-4e8c-b1a2-621380ce5d62,211103460,Commune de Saint-Jean-de-Paracol (11),false,{11346},Commune,2026-03-24 14:41:53.63825+01,gold_establishments_2025,,,,21110346000013,2025,Collectivité Territoriale,Commune,['Aude'],['Occitanie'],COM,{11},{76}
b95e4509-af9c-4ab1-bd19-46e22e2c7db0,212803415,Commune de Saint-Jean-de-Rebervilliers (28),false,{28341},Commune,2026-03-24 14:41:57.028721+01,gold_establishments_2025,,,,21280341500018,2025,Collectivité Territoriale,Commune,['Eure-et-Loir'],['Centre-Val de Loire'],COM,{28},{24}
72183af1-e917-4c53-bb4f-a57e03cd42b1,218102556,Commune de Saint-Jean-de-Rives (81),false,{81255},Commune,2026-03-24 14:42:09.967209+01,gold_establishments_2025,,,,21810255600014,2025,Collectivité Territoriale,Commune,['Tarn'],['Occitanie'],COM,{81},{76}
14f7b167-ee34-43a2-9335-d070e7b581c5,218602258,Commune de Saint-Jean-de-Sauves (86),false,{86225},Commune,2026-03-24 14:42:10.508772+01,gold_establishments_2025,,,,21860225800012,2025,Collectivité Territoriale,Commune,['Vienne'],['Nouvelle-Aquitaine'],COM,{86},{75}
d95a37d3-0f06-4a6f-a25e-08c86a18fc26,215004912,Commune de Saint-Jean-de-Savigny (50),false,{50491},Commune,2026-03-24 14:42:01.412377+01,gold_establishments_2025,,,,21500491200014,2025,Collectivité Territoriale,Commune,['Manche'],['Normandie'],COM,{50},{28}
640ffb42-a6af-4a61-9052-b6af05faeaed,213002678,Commune de Saint-Jean-de-Serres (30),false,{30267},Commune,2026-03-24 14:41:57.56054+01,gold_establishments_2025,,,,21300267800018,2025,Collectivité Territoriale,Commune,['Gard'],['Occitanie'],COM,{30},{76}
00442645-3898-4bda-b538-a0120fc51351,217402395,Commune de Saint-Jean-de-Sixt (74),false,{74239},Commune,2026-03-24 14:42:08.818969+01,gold_establishments_2025,,,,21740239500016,2025,Collectivité Territoriale,Commune,['Haute-Savoie'],['Auvergne-Rhône-Alpes'],COM,{74},{84}
ed787a36-b098-4eb0-ba13-9ce7d35b17ff,213804016,Commune de Saint-Jean-de-Soudain (38),false,{38401},Commune,2026-03-24 14:41:59.160244+01,gold_establishments_2025,,,,21380401600011,2025,Collectivité Territoriale,Commune,['Isère'],['Auvergne-Rhône-Alpes'],COM,{38},{84}
49eb9ee7-533e-4510-a990-80ad5902aeb6,217402403,Commune de Saint-Jean-de-Tholome (74),false,{74240},Commune,2026-03-24 14:42:08.818969+01,gold_establishments_2025,,,,21740240300018,2025,Collectivité Territoriale,Commune,['Haute-Savoie'],['Auvergne-Rhône-Alpes'],COM,{74},{84}
78df1f24-2510-4199-8573-6a64c6473481,217902592,Commune de Saint-Jean-de-Thouars (79),false,{79259},Commune,2026-03-24 14:42:09.43682+01,gold_establishments_2025,,,,21790259200013,2025,Collectivité Territoriale,Commune,['Deux-Sèvres'],['Nouvelle-Aquitaine'],COM,{79},{75}
dbc6eb58-7936-4ad2-995c-9f4c057b08f8,214702482,Commune de Saint-Jean-de-Thurac (47),false,{47248},Commune,2026-03-24 14:42:00.862623+01,gold_establishments_2025,,,,21470248200016,2025,Collectivité Territoriale,Commune,['Lot-et-Garonne'],['Nouvelle-Aquitaine'],COM,{47},{75}
4763b94b-64b3-4dcc-b039-4fd9c909132e,210103628,Commune de Saint-Jean-de-Thurigneux (01),false,{01362},Commune,2026-03-24 14:41:51.447482+01,gold_establishments_2025,,,,21010362800017,2025,Collectivité Territoriale,Commune,['Ain'],['Auvergne-Rhône-Alpes'],COM,{01},{84}
01edc087-4292-482f-af62-5ba103f45c7d,217104314,Commune de Saint-Jean-de-Trézy (71),false,{71431},Commune,2026-03-24 14:42:08.279287+01,gold_establishments_2025,,,,21710431400018,2025,Collectivité Territoriale,Commune,['Saône-et-Loire'],['Bourgogne-Franche-Comté'],COM,{71},{27}
f0afc32d-f6d2-4323-92bf-0267450ca7ef,218102564,Commune de Saint-Jean-de-Vals (81),false,{81256},Commune,2026-03-24 14:42:09.967209+01,gold_establishments_2025,,,,21810256400018,2025,Collectivité Territoriale,Commune,['Tarn'],['Occitanie'],COM,{81},{76}
577e6967-1046-4d43-ae88-acab9060dc9e,213002686,Commune de Saint-Jean-de-Valériscle (30),false,{30268},Commune,2026-03-24 14:41:57.56054+01,gold_establishments_2025,,,,21300268600011,2025,Collectivité Territoriale,Commune,['Gard'],['Occitanie'],COM,{30},{76}
a8f7fb73-9548-4f62-b851-5e41c8a73ed0,213804024,Commune de Saint-Jean-de-Vaulx (38),false,{38402},Commune,2026-03-24 14:41:59.160244+01,gold_establishments_2025,,,,21380402400015,2025,Collectivité Territoriale,Commune,['Isère'],['Auvergne-Rhône-Alpes'],COM,{38},{84}
5627519a-d84f-41c6-847d-8a0c3fe68205,217104306,Commune de Saint-Jean-de-Vaux (71),false,{71430},Commune,2026-03-24 14:42:08.279287+01,gold_establishments_2025,,,,21710430600014,2025,Collectivité Territoriale,Commune,['Saône-et-Loire'],['Bourgogne-Franche-Comté'],COM,{71},{27}
9af09ec8-1edd-4362-8385-f0703ad49ae7,210902649,Commune de Saint-Jean-de-Verges (09),false,{09264},Commune,2026-03-24 14:41:53.095366+01,gold_establishments_2025,,,,21090264900016,2025,Collectivité Territoriale,Commune,['Ariège'],['Occitanie'],COM,{09},{76}
c0f4d430-11e5-456a-8d94-34e9f01d21bc,213402704,Commune de Saint-Jean-de-Védas (34),false,{34270},Commune,2026-03-24 14:41:58.620411+01,gold_establishments_2025,,,,21340270400018,2025,Collectivité Territoriale,Commune,['Hérault'],['Occitanie'],COM,{34},{76}
705877cd-162d-4920-837f-c6e711bd2996,213402688,Commune de Saint-Jean-de-la-Blaquière (34),false,{34268},Commune,2026-03-24 14:41:58.620411+01,gold_establishments_2025,,,,21340268800013,2025,Collectivité Territoriale,Commune,['Hérault'],['Occitanie'],COM,{34},{76}
13852077-fba7-4c2b-99ac-be0ce985a2a1,214902884,Commune de Saint-Jean-de-la-Croix (49),false,{49288},Commune,2026-03-24 14:42:01.412377+01,gold_establishments_2025,,,,21490288400011,2025,Collectivité Territoriale,Commune,['Maine-et-Loire'],['Pays de la Loire'],COM,{49},{52}
5598a98f-c131-4ff7-80f0-53548749a874,215004896,Commune de Saint-Jean-de-la-Haize (50),false,{50489},Commune,2026-03-24 14:42:01.412377+01,gold_establishments_2025,,,,21500489600068,2025,Collectivité Territoriale,Commune,['Manche'],['Normandie'],COM,{50},{28}
2667a525-e418-4a26-bfba-d17356548586,217202910,Commune de Saint-Jean-de-la-Motte (72),false,{72291},Commune,2026-03-24 14:42:08.279287+01,gold_establishments_2025,,,,21720291000014,2025,Collectivité Territoriale,Commune,['Sarthe'],['Pays de la Loire'],COM,{72},{52}
2800dd89-4e41-4ea4-93de-132533159348,217605930,Commune de Saint-Jean-de-la-Neuville (76),false,{76593},Commune,2026-03-24 14:42:08.818969+01,gold_establishments_2025,,,,21760593000015,2025,Collectivité Territoriale,Commune,['Seine-Maritime'],['Normandie'],COM,{76},{28}
d37363ee-290c-49aa-8150-8b17b21c048c,217302470,Commune de Saint-Jean-de-la-Porte (73),false,{73247},Commune,2026-03-24 14:42:08.279287+01,gold_establishments_2025,,,,21730247000018,2025,Collectivité Territoriale,Commune,['Savoie'],['Auvergne-Rhône-Alpes'],COM,{73},{84}
6f7789d2-efa0-44b2-ba4f-f2587c879f87,215004904,Commune de Saint-Jean-de-la-Rivière (50),false,{50490},Commune,2026-03-24 14:42:01.412377+01,gold_establishments_2025,,,,21500490400011,2025,Collectivité Territoriale,Commune,['Manche'],['Normandie'],COM,{50},{28}
749be97f-48cc-4d0d-b79c-89a98b071c73,214502858,Commune de Saint-Jean-de-la-Ruelle (45),false,{45285},Commune,2026-03-24 14:42:00.862623+01,gold_establishments_2025,,,,21450285800019,2025,Collectivité Territoriale,Commune,['Loiret'],['Centre-Val de Loire'],COM,{45},{24}
08ec3f36-f119-4072-b430-553b7ec3b325,215004938,Commune de Saint-Jean-des-Champs (50),false,{50493},Commune,2026-03-24 14:42:01.412377+01,gold_establishments_2025,,,,21500493800019,2025,Collectivité Territoriale,Commune,['Manche'],['Normandie'],COM,{50},{28}
9dc1c28b-8500-446e-86e8-fb0546cc4a91,216303651,Commune de Saint-Jean-des-Ollières (63),false,{63365},Commune,2026-03-24 14:42:06.130387+01,gold_establishments_2025,,,,21630365100014,2025,Collectivité Territoriale,Commune,['Puy-de-Dôme'],['Auvergne-Rhône-Alpes'],COM,{63},{84}
d4174b5c-9623-40ed-ab8b-3af77112a23f,216902122,Commune de Saint-Jean-des-Vignes (69),false,{69212},Commune,2026-03-24 14:42:07.735343+01,gold_establishments_2025,,,,21690212200011,2025,Collectivité Territoriale,Commune,['Rhône'],['Auvergne-Rhône-Alpes'],COM,{69},{84}
2cc4c17c-7d89-4f66-8da3-37d1b9d37bb0,217202928,Commune de Saint-Jean-des-Échelles (72),false,{72292},Commune,2026-03-24 14:42:08.279287+01,gold_establishments_2025,,,,21720292800016,2025,Collectivité Territoriale,Commune,['Sarthe'],['Pays de la Loire'],COM,{72},{52}
631b1924-c9d1-40fd-9c2c-66cf2e1fb1f4,215104530,Commune de Saint-Jean-devant-Possesse (51),false,{51489},Commune,2026-03-24 14:42:01.954481+01,gold_establishments_2025,,,,21510453000013,2025,Collectivité Territoriale,Commune,['Marne'],['Grand Est'],COM,{51},{44}
1f6723f5-4fbb-492d-b1cb-c737cff9b818,217202936,Commune de Saint-Jean-du-Bois (72),false,{72293},Commune,2026-03-24 14:42:08.279287+01,gold_establishments_2025,,,,21720293600019,2025,Collectivité Territoriale,Commune,['Sarthe'],['Pays de la Loire'],COM,{72},{52}
d80c1137-782e-4af5-b2b7-38208e95aef4,218201630,Commune de Saint-Jean-du-Bouzet (82),false,{82163},Commune,2026-03-24 14:42:10.508772+01,gold_establishments_2025,,,,21820163000017,2025,Collectivité Territoriale,Commune,['Tarn-et-Garonne'],['Occitanie'],COM,{82},{76}
776f7576-2f80-4263-942f-4e54596d19a4,211202312,Commune de Saint-Jean-du-Bruel (12),false,{12231},Commune,2026-03-24 14:41:53.63825+01,gold_establishments_2025,,,,21120231200016,2025,Collectivité Territoriale,Commune,['Aveyron'],['Occitanie'],COM,{12},{76}
7b35917d-85ac-4133-aa37-281aa9e78a64,217605948,Commune de Saint-Jean-du-Cardonnay (76),false,{76594},Commune,2026-03-24 14:42:08.818969+01,gold_establishments_2025,,,,21760594800017,2025,Collectivité Territoriale,Commune,['Seine-Maritime'],['Normandie'],COM,{76},{28}
54047ee9-3b5b-40b7-a727-7b8941c5d0ec,210902631,Commune de Saint-Jean-du-Castillonnais (09),false,{09263},Commune,2026-03-24 14:41:53.095366+01,gold_establishments_2025,,,,21090263100014,2025,Collectivité Territoriale,Commune,['Ariège'],['Occitanie'],COM,{09},{76}
b23cc8dd-0d33-4bec-8c9b-a845a8b35abe,215004953,Commune de Saint-Jean-du-Corail-des-Bois (50),false,{50495},Commune,2026-03-24 14:42:01.412377+01,gold_establishments_2025,,,,21500495300018,2025,Collectivité Territoriale,Commune,['Manche'],['Normandie'],COM,{50},{28}
f0fc4fd0-d53c-4282-9b46-9f77c22ff734,212902514,Commune de Saint-Jean-du-Doigt (29),false,{29251},Commune,2026-03-24 14:41:57.56054+01,gold_establishments_2025,,,,21290251400018,2025,Collectivité Territoriale,Commune,['Finistère'],['Bretagne'],COM,{29},{53}
0e3ad3f4-9dc0-4380-a0a3-d4d3a78e8162,210902656,Commune de Saint-Jean-du-Falga (09),false,{09265},Commune,2026-03-24 14:41:53.095366+01,gold_establishments_2025,,,,21090265600011,2025,Collectivité Territoriale,Commune,['Ariège'],['Occitanie'],COM,{09},{76}
89d38db3-a875-4ca7-96e4-3b44a0870209,213002694,Commune de Saint-Jean-du-Gard (30),false,{30269},Commune,2026-03-24 14:41:57.56054+01,gold_establishments_2025,,,,21300269400015,2025,Collectivité Territoriale,Commune,['Gard'],['Occitanie'],COM,{30},{76}
bc5006c7-0eb0-49cc-ab50-5551debe9d3c,213002702,Commune de Saint-Jean-du-Pin (30),false,{30270},Commune,2026-03-24 14:41:57.56054+01,gold_establishments_2025,,,,21300270200016,2025,Collectivité Territoriale,Commune,['Gard'],['Occitanie'],COM,{30},{76}
3678f074-e1b0-4baf-8b2d-3f7beaaf686d,212705529,Commune de Saint-Jean-du-Thenney (27),false,{27552},Commune,2026-03-24 14:41:57.028721+01,gold_establishments_2025,,,,21270552900015,2025,Collectivité Territoriale,Commune,['Eure'],['Normandie'],COM,{27},{28}
cd93facf-cee8-4815-98e4-8572dbb5fc2e,212603070,Commune de Saint-Jean-en-Royans (26),false,{26307},Commune,2026-03-24 14:41:56.495197+01,gold_establishments_2025,,,,21260307000013,2025,Collectivité Territoriale,Commune,['Drôme'],['Auvergne-Rhône-Alpes'],COM,{26},{84}
6cec3a94-60e3-4d5e-a279-d1b9a9b5c8cf,216303669,Commune de Saint-Jean-en-Val (63),false,{63366},Commune,2026-03-24 14:42:06.130387+01,gold_establishments_2025,,,,21630366900016,2025,Collectivité Territoriale,Commune,['Puy-de-Dôme'],['Auvergne-Rhône-Alpes'],COM,{63},{84}
c198efc4-9919-49e4-9eae-868e44419254,211202320,Commune de Saint-Jean-et-Saint-Paul (12),false,{12232},Commune,2026-03-24 14:41:53.63825+01,gold_establishments_2025,,,,21120232000019,2025,Collectivité Territoriale,Commune,['Aveyron'],['Occitanie'],COM,{12},{76}
664d61ec-39e7-4773-b040-b316e596d362,216902148,Commune de Saint-Jean-la-Bussière (69),false,{69214},Commune,2026-03-24 14:42:07.735343+01,gold_establishments_2025,,,,21690214800016,2025,Collectivité Territoriale,Commune,['Rhône'],['Auvergne-Rhône-Alpes'],COM,{69},{84}
9f1b5603-96a9-4cd9-ada1-331907ffa9c5,214801607,Commune de Saint-Jean-la-Fouillouse (48),false,{48160},Commune,2026-03-24 14:42:01.412377+01,gold_establishments_2025,,,,21480160700018,2025,Collectivité Territoriale,Commune,['Lozère'],['Occitanie'],COM,{48},{76}
7494c085-b435-431f-a87a-8d0809f4b076,215602236,Commune de Saint-Jean-la-Poterie (56),false,{56223},Commune,2026-03-24 14:42:03.701372+01,gold_establishments_2025,,,,21560223600014,2025,Collectivité Territoriale,Commune,['Morbihan'],['Bretagne'],COM,{56},{53}
c0d5289d-5abe-4713-94d8-39974d802309,214202384,Commune de Saint-Jean-la-Vêtre (42),false,{42238},Commune,2026-03-24 14:42:00.273698+01,gold_establishments_2025,,,,21420238400019,2025,Collectivité Territoriale,Commune,['Loire'],['Auvergne-Rhône-Alpes'],COM,{42},{84}
d086dc10-66e7-4323-a51c-421cd0d3493f,214502866,Commune de Saint-Jean-le-Blanc (45),false,{45286},Commune,2026-03-24 14:42:00.862623+01,gold_establishments_2025,,,,21450286600012,2025,Collectivité Territoriale,Commune,['Loiret'],['Centre-Val de Loire'],COM,{45},{24}
bf8a7f4b-806d-42c0-9b06-577724999c3c,210702478,Commune de Saint-Jean-le-Centenier (07),false,{07247},Commune,2026-03-24 14:41:52.562531+01,gold_establishments_2025,,,,21070247800012,2025,Collectivité Territoriale,Commune,['Ardèche'],['Auvergne-Rhône-Alpes'],COM,{07},{84}
b3cb247b-86ac-4419-a2c2-53d26edba67f,213203813,Commune de Saint-Jean-le-Comtal (32),false,{32381},Commune,2026-03-24 14:41:58.09424+01,gold_establishments_2025,,,,21320381300018,2025,Collectivité Territoriale,Commune,['Gers'],['Occitanie'],COM,{32},{76}
d70908f0-e671-42c8-8be5-3e337036af7c,215004961,Commune de Saint-Jean-le-Thomas (50),false,{50496},Commune,2026-03-24 14:42:01.412377+01,gold_establishments_2025,,,,21500496100011,2025,Collectivité Territoriale,Commune,['Manche'],['Normandie'],COM,{50},{28}
04bd3b04-ddfa-4aef-bb78-3497b9902752,210103636,Commune de Saint-Jean-le-Vieux (01),false,{01363},Commune,2026-03-24 14:41:51.447482+01,gold_establishments_2025,,,,21010363600010,2025,Collectivité Territoriale,Commune,['Ain'],['Auvergne-Rhône-Alpes'],COM,{01},{84}
e239fe2c-8cc3-45b8-b168-7a2718fa53a5,213804040,Commune de Saint-Jean-le-Vieux (38),false,{38404},Commune,2026-03-24 14:41:59.160244+01,gold_establishments_2025,,,,21380404000011,2025,Collectivité Territoriale,Commune,['Isère'],['Auvergne-Rhône-Alpes'],COM,{38},{84}
17df20b4-cde3-4fc3-bce5-cdfb513eb8f6,216404848,Commune de Saint-Jean-le-Vieux (64),false,{64484},Commune,2026-03-24 14:42:06.665412+01,gold_establishments_2025,,,,21640484800014,2025,Collectivité Territoriale,Commune,['Pyrénées-Atlantiques'],['Nouvelle-Aquitaine'],COM,{64},{75}
3c4e695d-5ce3-4923-84e9-6b029d3b96eb,217704154,Commune de Saint-Jean-les-Deux-Jumeaux (77),false,{77415},Commune,2026-03-24 14:42:09.43682+01,gold_establishments_2025,,,,21770415400012,2025,Collectivité Territoriale,Commune,['Seine-et-Marne'],['Île-de-France'],COM,{77},{11}
e4ebb260-30f4-4742-a8c2-4e309709fa28,215504580,Commune de Saint-Jean-lès-Buzy (55),false,{55458},Commune,2026-03-24 14:42:03.701372+01,gold_establishments_2025,,,,21550458000014,2025,Collectivité Territoriale,Commune,['Meuse'],['Grand Est'],COM,{55},{44}
0a4c8f08-6f57-44b5-8826-b0716b960b2c,215404765,Commune de Saint-Jean-lès-Longuyon (54),false,{54476},Commune,2026-03-24 14:42:02.957225+01,gold_establishments_2025,,,,21540476500012,2025,Collectivité Territoriale,Commune,['Meurthe-et-Moselle'],['Grand Est'],COM,{54},{44}
2cc10abc-ab44-4810-90ea-5c3f945be285,215302290,Commune de Saint-Jean-sur-Mayenne (53),false,{53229},Commune,2026-03-24 14:42:02.957225+01,gold_establishments_2025,,,,21530229000089,2025,Collectivité Territoriale,Commune,['Mayenne'],['Pays de la Loire'],COM,{53},{52}
e009c1c0-d76a-4790-8048-2c9f45ebcaf1,215104548,Commune de Saint-Jean-sur-Moivre (51),false,{51490},Commune,2026-03-24 14:42:01.954481+01,gold_establishments_2025,,,,21510454800015,2025,Collectivité Territoriale,Commune,['Marne'],['Grand Est'],COM,{51},{44}
a2f0a413-e8d6-4144-b340-cf68ba3654e6,210103644,Commune de Saint-Jean-sur-Reyssouze (01),false,{01364},Commune,2026-03-24 14:41:51.447482+01,gold_establishments_2025,,,,21010364400014,2025,Collectivité Territoriale,Commune,['Ain'],['Auvergne-Rhône-Alpes'],COM,{01},{84}
0c13f99e-9790-4662-8630-971f089cb91e,215104555,Commune de Saint-Jean-sur-Tourbe (51),false,{51491},Commune,2026-03-24 14:42:01.954481+01,gold_establishments_2025,,,,21510455500010,2025,Collectivité Territoriale,Commune,['Marne'],['Grand Est'],COM,{51},{44}
f5fea478-d964-480c-991a-25c0cd3d3ace,210103651,Commune de Saint-Jean-sur-Veyle (01),false,{01365},Commune,2026-03-24 14:41:51.447482+01,gold_establishments_2025,,,,21010365100019,2025,Collectivité Territoriale,Commune,['Ain'],['Auvergne-Rhône-Alpes'],COM,{01},{84}
7ee47846-9036-48c2-8940-fc13b520f944,213502834,Commune de Saint-Jean-sur-Vilaine (35),false,{35283},Commune,2026-03-24 14:41:59.160244+01,gold_establishments_2025,,,,21350283400012,2025,Collectivité Territoriale,Commune,['Ille-et-Vilaine'],['Bretagne'],COM,{35},{53}
6785e43e-4c27-4748-a2cb-d46eaead5106,210401816,Commune de Saint-Jeannet (04),false,{04181},Commune,2026-03-24 14:41:52.562531+01,gold_establishments_2025,,,,21040181600017,2025,Collectivité Territoriale,Commune,['Alpes-de-Haute-Provence'],"[""Provence-Alpes-Côte d'Azur""]",COM,{04},{93}
5939b546-206b-4413-8e5b-9c37687fef39,210601225,Commune de Saint-Jeannet (06),false,{06122},Commune,2026-03-24 14:41:52.562531+01,gold_establishments_2025,,,,21060122500019,2025,Collectivité Territoriale,Commune,['Alpes-Maritimes'],"[""Provence-Alpes-Côte d'Azur""]",COM,{06},{93}
ecd78ec8-827d-4666-b04c-4a30ae30d4d5,211802178,Commune de Saint-Jeanvrin (18),false,{18217},Commune,2026-03-24 14:41:54.903238+01,gold_establishments_2025,,,,21180217800015,2025,Collectivité Territoriale,Commune,['Cher'],['Centre-Val de Loire'],COM,{18},{24}
d48bc7b3-d1f4-4719-adc8-831eb88b856a,217402411,Commune de Saint-Jeoire (74),false,{74241},Commune,2026-03-24 14:42:08.818969+01,gold_establishments_2025,,,,21740241100011,2025,Collectivité Territoriale,Commune,['Haute-Savoie'],['Auvergne-Rhône-Alpes'],COM,{74},{84}
535382c0-26d0-42c8-97f3-c2cd296acb94,217302496,Commune de Saint-Jeoire-Prieuré (73),false,{73249},Commune,2026-03-24 14:42:08.279287+01,gold_establishments_2025,,,,21730249600054,2025,Collectivité Territoriale,Commune,['Savoie'],['Auvergne-Rhône-Alpes'],COM,{73},{84}
42493389-d8c5-4c63-a990-f042ee45c299,210702494,Commune de Saint-Jeure-d'Andaure (07),false,{07249},Commune,2026-03-24 14:41:52.562531+01,gold_establishments_2025,,,,21070249400019,2025,Collectivité Territoriale,Commune,['Ardèche'],['Auvergne-Rhône-Alpes'],COM,{07},{84}
b07d7340-dcf3-4b31-b27a-1be2627bf979,210702502,Commune de Saint-Jeure-d'Ay (07),false,{07250},Commune,2026-03-24 14:41:52.562531+01,gold_establishments_2025,,,,21070250200050,2025,Collectivité Territoriale,Commune,['Ardèche'],['Auvergne-Rhône-Alpes'],COM,{07},{84}
d72b1b0d-50e7-49d8-9ba2-27d45601a3d8,214301996,Commune de Saint-Jeures (43),false,{43199},Commune,2026-03-24 14:42:00.273698+01,gold_establishments_2025,,,,21430199600010,2025,Collectivité Territoriale,Commune,['Haute-Loire'],['Auvergne-Rhône-Alpes'],COM,{43},{84}
15088a34-e655-45d3-9fcd-fca0ec569386,214401689,Commune de Saint-Joachim (44),false,{44168},Commune,2026-03-24 14:42:00.273698+01,gold_establishments_2025,,,,21440168900010,2025,Collectivité Territoriale,Commune,['Loire-Atlantique'],['Pays de la Loire'],COM,{44},{52}
cd26ef53-8494-4e51-928c-cfd061bd9cd5,214202418,Commune de Saint-Jodard (42),false,{42241},Commune,2026-03-24 14:42:00.273698+01,gold_establishments_2025,,,,21420241800015,2025,Collectivité Territoriale,Commune,['Loire'],['Auvergne-Rhône-Alpes'],COM,{42},{84}
8efabaa2-c885-4555-9f92-1175ad937468,215504598,Commune de Saint-Joire (55),false,{55459},Commune,2026-03-24 14:42:03.701372+01,gold_establishments_2025,,,,21550459800016,2025,Collectivité Territoriale,Commune,['Meuse'],['Grand Est'],COM,{55},{44}
b3e57a06-80c3-4e0b-8715-e3a86af724be,217402429,Commune de Saint-Jorioz (74),false,{74242},Commune,2026-03-24 14:42:08.818969+01,gold_establishments_2025,,,,21740242900013,2025,Collectivité Territoriale,Commune,['Haute-Savoie'],['Auvergne-Rhône-Alpes'],COM,{74},{84}
d3b7dfa3-c769-4a58-9735-b1408b7b345f,213104904,Commune de Saint-Jory (31),false,{31490},Commune,2026-03-24 14:41:58.09424+01,gold_establishments_2025,,,,21310490400015,2025,Collectivité Territoriale,Commune,['Haute-Garonne'],['Occitanie'],COM,{31},{76}
9d6b277c-d589-40d8-804b-f8ee92fd97b5,212404289,Commune de Saint-Jory-de-Chalais (24),false,{24428},Commune,2026-03-24 14:41:55.958138+01,gold_establishments_2025,,,,21240428900010,2025,Collectivité Territoriale,Commune,['Dordogne'],['Nouvelle-Aquitaine'],COM,{24},{75}
d4032c3f-1e70-4594-b7af-2a9b96300878,212404297,Commune de Saint-Jory-las-Bloux (24),false,{24429},Commune,2026-03-24 14:41:55.958138+01,gold_establishments_2025,,,,21240429700013,2025,Collectivité Territoriale,Commune,['Dordogne'],['Nouvelle-Aquitaine'],COM,{24},{75}
d57f7c90-4e60-4b5c-af1d-494acda1651f,214202426,Commune de Saint-Joseph (42),false,{42242},Commune,2026-03-24 14:42:00.273698+01,gold_establishments_2025,,,,21420242600018,2025,Collectivité Territoriale,Commune,['Loire'],['Auvergne-Rhône-Alpes'],COM,{42},{84}
b7f76383-7492-4de7-aacc-f62e8116a906,215004987,Commune de Saint-Joseph (50),false,{50498},Commune,2026-03-24 14:42:01.412377+01,gold_establishments_2025,,,,21500498700016,2025,Collectivité Territoriale,Commune,['Manche'],['Normandie'],COM,{50},{28}
39863c95-2f32-4bdb-a650-43a6cf6060d7,219722246,Commune de Saint-Joseph (972),false,{97224},Commune,2026-03-24 14:42:11.659493+01,gold_establishments_2025,,,,21972224600010,2025,Collectivité Territoriale,Commune,['Martinique'],['Martinique'],COM,{972},{02}
543133cc-cdbe-4397-9d82-d29586f2b662,219740123,Commune de Saint-Joseph (974),false,{97412},Commune,2026-03-24 14:42:11.659493+01,gold_establishments_2025,,,,21974012300019,2025,Collectivité Territoriale,Commune,['La Réunion'],['La Réunion'],COM,{974},{04}
d29166ed-a019-4c32-973b-7d501a473255,213804057,Commune de Saint-Joseph-de-Rivière (38),false,{38405},Commune,2026-03-24 14:41:59.160244+01,gold_establishments_2025,,,,21380405700015,2025,Collectivité Territoriale,Commune,['Isère'],['Auvergne-Rhône-Alpes'],COM,{38},{84}
c806fdbd-c779-43b1-ab8b-b926293712ca,210702510,Commune de Saint-Joseph-des-Bancs (07),false,{07251},Commune,2026-03-24 14:41:52.562531+01,gold_establishments_2025,,,,21070251000012,2025,Collectivité Territoriale,Commune,['Ardèche'],['Auvergne-Rhône-Alpes'],COM,{07},{84}
eff1ccf3-1210-4ec1-96b2-6db6e334c58e,216207522,Commune de Saint-Josse (62),false,{62752},Commune,2026-03-24 14:42:06.130387+01,gold_establishments_2025,,,,21620752200014,2025,Collectivité Territoriale,Commune,['Pas-de-Calais'],['Hauts-de-France'],COM,{62},{32}
d10bcd3e-5a44-4e40-a169-1cd8ebac5ecd,212203053,Commune de Saint-Jouan-de-l'Isle (22),false,{22305},Commune,2026-03-24 14:41:55.958138+01,gold_establishments_2025,,,,21220305300013,2025,Collectivité Territoriale,Commune,"[""Côtes-d'Armor""]",['Bretagne'],COM,{22},{53}
81fcfce6-a63f-4ddb-a8db-64799ac49383,213502842,Commune de Saint-Jouan-des-Guérets (35),false,{35284},Commune,2026-03-24 14:41:59.160244+01,gold_establishments_2025,,,,21350284200114,2025,Collectivité Territoriale,Commune,['Ille-et-Vilaine'],['Bretagne'],COM,{35},{53}
0d7b015d-021a-48cb-8696-f9b0e9db331a,211405980,Commune de Saint-Jouin (14),false,{14598},Commune,2026-03-24 14:41:54.362296+01,gold_establishments_2025,,,,21140598000015,2025,Collectivité Territoriale,Commune,['Calvados'],['Normandie'],COM,{14},{28}
b83f0eb0-a767-494e-bf57-2f4c07da3e4b,217605955,Commune de Saint-Jouin-Bruneval (76),false,{76595},Commune,2026-03-24 14:42:08.818969+01,gold_establishments_2025,,,,21760595500012,2025,Collectivité Territoriale,Commune,['Seine-Maritime'],['Normandie'],COM,{76},{28}
b3f57ec1-ef1a-4968-ae41-a3a44186a547,216104117,Commune de Saint-Jouin-de-Blavou (61),false,{61411},Commune,2026-03-24 14:42:05.597325+01,gold_establishments_2025,,,,21610411700017,2025,Collectivité Territoriale,Commune,['Orne'],['Normandie'],COM,{61},{28}
f6fc14fd-21d5-40d4-9d0f-d0959219d3d8,218715209,Commune de Saint-Jouvent (87),false,{87152},Commune,2026-03-24 14:42:11.118516+01,gold_establishments_2025,,,,21871520900019,2025,Collectivité Territoriale,Commune,['Haute-Vienne'],['Nouvelle-Aquitaine'],COM,{87},{75}
16c06b6f-8eeb-4423-a319-48ad3f049bd5,212505200,Commune de Saint-Juan (25),false,{25520},Commune,2026-03-24 14:41:56.495197+01,gold_establishments_2025,,,,21250520000015,2025,Collectivité Territoriale,Commune,['Doubs'],['Bourgogne-Franche-Comté'],COM,{25},{27}
065b8bb2-861d-4708-adb5-58e709bb5584,212203061,Commune de Saint-Judoce (22),false,{22306},Commune,2026-03-24 14:41:55.958138+01,gold_establishments_2025,,,,21220306100016,2025,Collectivité Territoriale,Commune,"[""Côtes-d'Armor""]",['Bretagne'],COM,{22},{53}
1e8f9660-d351-46b4-a761-3fb4e583b9a9,218502359,Commune de Saint-Juire-Champgillon (85),false,{85235},Commune,2026-03-24 14:42:10.508772+01,gold_establishments_2025,,,,21850235900019,2025,Collectivité Territoriale,Commune,['Vendée'],['Pays de la Loire'],COM,{85},{52}
270a43b3-b5fb-4c35-a7d2-5bd5ef3d58cf,213104912,Commune de Saint-Julia (31),false,{31491},Commune,2026-03-24 14:41:58.09424+01,gold_establishments_2025,,,,21310491200018,2025,Collectivité Territoriale,Commune,['Haute-Garonne'],['Occitanie'],COM,{31},{76}
12e53385-c04f-49fa-8433-bf868967b698,211103478,Commune de Saint-Julia-de-Bec (11),false,{11347},Commune,2026-03-24 14:41:53.63825+01,gold_establishments_2025,,,,21110347800015,2025,Collectivité Territoriale,Commune,['Aude'],['Occitanie'],COM,{11},{76}
43809b94-19ef-471d-b317-367872c9e967,212105555,Commune de Saint-Julien (21),false,{21555},Commune,2026-03-24 14:41:55.433389+01,gold_establishments_2025,,,,21210555500016,2025,Collectivité Territoriale,Commune,"[""Côte-d'Or""]",['Bourgogne-Franche-Comté'],COM,{21},{27}
442163b8-9da0-4df8-baaa-bff4a62a00f1,212203079,Commune de Saint-Julien (22),false,{22307},Commune,2026-03-24 14:41:55.958138+01,gold_establishments_2025,,,,21220307900141,2025,Collectivité Territoriale,Commune,"[""Côtes-d'Armor""]",['Bretagne'],COM,{22},{53}
fb02f367-f52a-40cd-bdb5-6e7ba1173bed,213402712,Commune de Saint-Julien (34),false,{34271},Commune,2026-03-24 14:41:58.620411+01,gold_establishments_2025,,,,21340271200011,2025,Collectivité Territoriale,Commune,['Hérault'],['Occitanie'],COM,{34},{76}
f3ba8adc-5221-48ba-a365-069c34508ca0,216902155,Commune de Saint-Julien (69),false,{69215},Commune,2026-03-24 14:42:07.735343+01,gold_establishments_2025,,,,21690215500011,2025,Collectivité Territoriale,Commune,['Rhône'],['Auvergne-Rhône-Alpes'],COM,{69},{84}
91569fcf-0a70-4b1f-89af-5e0d3462a4ca,218301133,Commune de Saint-Julien (83),false,{83113},Commune,2026-03-24 14:42:10.508772+01,gold_establishments_2025,,,,21830113300011,2025,Collectivité Territoriale,Commune,['Var'],"[""Provence-Alpes-Côte d'Azur""]",COM,{83},{93}
b79a54b3-2681-4bff-8a2b-385c2400956f,218804219,Commune de Saint-Julien (88),false,{88421},Commune,2026-03-24 14:42:11.118516+01,gold_establishments_2025,,,,21880421900010,2025,Collectivité Territoriale,Commune,['Vosges'],['Grand Est'],COM,{88},{44}
4ed37b7c-cdde-4951-b435-4dc2e6a51b8d,213304231,Commune de Saint-Julien-Beychevelle (33),false,{33423},Commune,2026-03-24 14:41:58.620411+01,gold_establishments_2025,,,,21330423100011,2025,Collectivité Territoriale,Commune,['Gironde'],['Nouvelle-Aquitaine'],COM,{33},{75}
99b52741-8c20-47ad-8bc6-4cc3c2cc23d1,214302002,Commune de Saint-Julien-Chapteuil (43),false,{43200},Commune,2026-03-24 14:42:00.273698+01,gold_establishments_2025,,,,21430200200016,2025,Collectivité Territoriale,Commune,['Haute-Loire'],['Auvergne-Rhône-Alpes'],COM,{43},{84}
566da63a-36b3-47fe-b237-8168dbf54bfc,218102598,Commune de Saint-Julien-Gaulène (81),false,{81259},Commune,2026-03-24 14:42:09.967209+01,gold_establishments_2025,,,,21810259800016,2025,Collectivité Territoriale,Commune,['Tarn'],['Occitanie'],COM,{81},{76}
bb78e670-a57b-4aea-9124-2a761f9f53f7,200082709,Commune de Saint-Julien-Innocence-Eulalie (24),false,{24423},Commune,2026-03-24 14:41:55.958138+01,gold_establishments_2025,,,,20008270900011,2025,Collectivité Territoriale,Commune,['Dordogne'],['Nouvelle-Aquitaine'],COM,{24},{75}
bc03729b-ffbe-43d6-857c-e6729972342c,211921705,Commune de Saint-Julien-Maumont (19),false,{19217},Commune,2026-03-24 14:41:55.433389+01,gold_establishments_2025,,,,21192170500011,2025,Collectivité Territoriale,Commune,['Corrèze'],['Nouvelle-Aquitaine'],COM,{19},{75}
07f69653-5680-4565-b61f-53d46c64af4c,214302044,Commune de Saint-Julien-Molhesabate (43),false,{43204},Commune,2026-03-24 14:42:00.273698+01,gold_establishments_2025,,,,21430204400018,2025,Collectivité Territoriale,Commune,['Haute-Loire'],['Auvergne-Rhône-Alpes'],COM,{43},{84}
26a4536c-fc68-4e9a-969f-ae4011d873cf,214202467,Commune de Saint-Julien-Molin-Molette (42),false,{42246},Commune,2026-03-24 14:42:00.273698+01,gold_establishments_2025,,,,21420246700012,2025,Collectivité Territoriale,Commune,['Loire'],['Auvergne-Rhône-Alpes'],COM,{42},{84}
50b17972-fa89-49eb-8245-e77ce19f7cf0,217302504,Commune de Saint-Julien-Mont-Denis (73),false,{73250},Commune,2026-03-24 14:42:08.279287+01,gold_establishments_2025,,,,21730250400014,2025,Collectivité Territoriale,Commune,['Savoie'],['Auvergne-Rhône-Alpes'],COM,{73},{84}
63fd673f-6d66-4beb-881a-f32247fd39dd,216303701,Commune de Saint-Julien-Puy-Lavèze (63),false,{63370},Commune,2026-03-24 14:42:06.130387+01,gold_establishments_2025,,,,21630370100017,2025,Collectivité Territoriale,Commune,['Puy-de-Dôme'],['Auvergne-Rhône-Alpes'],COM,{63},{84}
fafafe66-cb42-43e4-b83a-b3d803881bf5,210702585,Commune de Saint-Julien-Vocance (07),false,{07258},Commune,2026-03-24 14:41:52.562531+01,gold_establishments_2025,,,,21070258500014,2025,Collectivité Territoriale,Commune,['Ardèche'],['Auvergne-Rhône-Alpes'],COM,{07},{84}
21c0e83a-ab18-4d53-8dfc-185c21ded287,211921408,Commune de Saint-Julien-aux-Bois (19),false,{19214},Commune,2026-03-24 14:41:55.433389+01,gold_establishments_2025,,,,21192140800012,2025,Collectivité Territoriale,Commune,['Corrèze'],['Nouvelle-Aquitaine'],COM,{19},{75}
a7a0c1d3-40df-4d36-85a3-caa79f3e9bec,214302010,Commune de Saint-Julien-d'Ance (43),false,{43201},Commune,2026-03-24 14:42:00.273698+01,gold_establishments_2025,,,,21430201000019,2025,Collectivité Territoriale,Commune,['Haute-Loire'],['Auvergne-Rhône-Alpes'],COM,{43},{84}
91f01900-64f4-4e20-b774-962e59de60a5,214002651,Commune de Saint-Julien-d'Armagnac (40),false,{40265},Commune,2026-03-24 14:41:59.705606+01,gold_establishments_2025,,,,21400265100013,2025,Collectivité Territoriale,Commune,['Landes'],['Nouvelle-Aquitaine'],COM,{40},{75}
0df4cd27-2a62-4767-980c-f1913b8b35d3,210401824,Commune de Saint-Julien-d'Asse (04),false,{04182},Commune,2026-03-24 14:41:52.562531+01,gold_establishments_2025,,,,21040182400011,2025,Collectivité Territoriale,Commune,['Alpes-de-Haute-Provence'],"[""Provence-Alpes-Côte d'Azur""]",COM,{04},{93}
427fd121-6306-4315-b5a3-b0363435e679,200085835,Commune de Saint-Julien-d'Intres (07),false,{07103},Commune,2026-03-24 14:41:52.562531+01,gold_establishments_2025,,,,20008583500011,2025,Collectivité Territoriale,Commune,['Ardèche'],['Auvergne-Rhône-Alpes'],COM,{07},{84}
c3969cd7-eef3-4d2b-8f2c-552278241c86,214202434,Commune de Saint-Julien-d'Oddes (42),false,{42243},Commune,2026-03-24 14:42:00.273698+01,gold_establishments_2025,,,,21420243400012,2025,Collectivité Territoriale,Commune,['Loire'],['Auvergne-Rhône-Alpes'],COM,{42},{84}
918cecad-fb59-4a7a-b5f4-9e477acdcfc6,211103486,Commune de Saint-Julien-de-Briola (11),false,{11348},Commune,2026-03-24 14:41:53.63825+01,gold_establishments_2025,,,,21110348600018,2025,Collectivité Territoriale,Commune,['Aude'],['Occitanie'],COM,{11},{76}
b5f87570-02f4-456a-9ef2-1db429154b27,213002710,Commune de Saint-Julien-de-Cassagnas (30),false,{30271},Commune,2026-03-24 14:41:57.56054+01,gold_establishments_2025,,,,21300271000019,2025,Collectivité Territoriale,Commune,['Gard'],['Occitanie'],COM,{30},{76}
58e122c9-6794-48a2-8fb7-b6ae38c68a87,214102170,Commune de Saint-Julien-de-Chédon (41),false,{41217},Commune,2026-03-24 14:42:00.273698+01,gold_establishments_2025,,,,21410217000013,2025,Collectivité Territoriale,Commune,['Loir-et-Cher'],['Centre-Val de Loire'],COM,{41},{24}
b3737c33-ecbf-44f7-8d17-6bcae77700f3,217104330,Commune de Saint-Julien-de-Civry (71),false,{71433},Commune,2026-03-24 14:42:08.279287+01,gold_establishments_2025,,,,21710433000014,2025,Collectivité Territoriale,Commune,['Saône-et-Loire'],['Bourgogne-Franche-Comté'],COM,{71},{27}
97bd006f-b858-481d-9ff4-792f92d3d839,214401697,Commune de Saint-Julien-de-Concelles (44),false,{44169},Commune,2026-03-24 14:42:00.273698+01,gold_establishments_2025,,,,21440169700013,2025,Collectivité Territoriale,Commune,['Loire-Atlantique'],['Pays de la Loire'],COM,{44},{52}
2bceaec7-ffe3-4fcf-9cc6-24cd76838e53,216303685,Commune de Saint-Julien-de-Coppel (63),false,{63368},Commune,2026-03-24 14:42:06.130387+01,gold_establishments_2025,,,,21630368500012,2025,Collectivité Territoriale,Commune,['Puy-de-Dôme'],['Auvergne-Rhône-Alpes'],COM,{63},{84}
2e26c8a8-7e31-4e84-aee6-3f1aeadcdbda,210902664,Commune de Saint-Julien-de-Gras-Capou (09),false,{09266},Commune,2026-03-24 14:41:53.095366+01,gold_establishments_2025,,,,21090266400015,2025,Collectivité Territoriale,Commune,['Ariège'],['Occitanie'],COM,{09},{76}
98cca131-4426-4c70-b5f2-3042f4cb97e8,217104348,Commune de Saint-Julien-de-Jonzy (71),false,{71434},Commune,2026-03-24 14:42:08.279287+01,gold_establishments_2025,,,,21710434800016,2025,Collectivité Territoriale,Commune,['Saône-et-Loire'],['Bourgogne-Franche-Comté'],COM,{71},{27}
9a6c480e-61e8-4e69-94d4-30381bebb04f,212404321,Commune de Saint-Julien-de-Lampon (24),false,{24432},Commune,2026-03-24 14:41:55.958138+01,gold_establishments_2025,,,,21240432100011,2025,Collectivité Territoriale,Commune,['Dordogne'],['Nouvelle-Aquitaine'],COM,{24},{75}
55431db6-bd5c-4177-aea8-375afc85789f,213002736,Commune de Saint-Julien-de-Peyrolas (30),false,{30273},Commune,2026-03-24 14:41:57.56054+01,gold_establishments_2025,,,,21300273600014,2025,Collectivité Territoriale,Commune,['Gard'],['Occitanie'],COM,{30},{76}
d2b2cabc-9919-41fa-afcc-a89d815ae9c4,211501945,Commune de Saint-Julien-de-Toursac (15),false,{15194},Commune,2026-03-24 14:41:54.362296+01,gold_establishments_2025,,,,21150194500011,2025,Collectivité Territoriale,Commune,['Cantal'],['Auvergne-Rhône-Alpes'],COM,{15},{84}
c3bf1d0f-5fcd-419c-aa98-50ca37ffec2c,214401705,Commune de Saint-Julien-de-Vouvantes (44),false,{44170},Commune,2026-03-24 14:42:00.273698+01,gold_establishments_2025,,,,21440170500014,2025,Collectivité Territoriale,Commune,['Loire-Atlantique'],['Pays de la Loire'],COM,{44},{52}
1ccda05d-9c8d-4480-afce-c49c24c48821,211703509,Commune de Saint-Julien-de-l'Escap (17),false,{17350},Commune,2026-03-24 14:41:54.903238+01,gold_establishments_2025,,,,21170350900011,2025,Collectivité Territoriale,Commune,['Charente-Maritime'],['Nouvelle-Aquitaine'],COM,{17},{75}
a4cf0a3d-3b6c-40e7-a0d3-5c23301c8079,213804065,Commune de Saint-Julien-de-l'Herms (38),false,{38406},Commune,2026-03-24 14:41:59.160244+01,gold_establishments_2025,,,,21380406500018,2025,Collectivité Territoriale,Commune,['Isère'],['Auvergne-Rhône-Alpes'],COM,{38},{84}
d21edda3-6e48-43b1-b0d4-71964c0b0e43,212705537,Commune de Saint-Julien-de-la-Liègue (27),false,{27553},Commune,2026-03-24 14:41:57.028721+01,gold_establishments_2025,,,,21270553700018,2025,Collectivité Territoriale,Commune,['Eure'],['Normandie'],COM,{27},{28}
157c657f-a180-4348-90cc-cd69f5bfc991,213002728,Commune de Saint-Julien-de-la-Nef (30),false,{30272},Commune,2026-03-24 14:41:57.56054+01,gold_establishments_2025,,,,21300272800011,2025,Collectivité Territoriale,Commune,['Gard'],['Occitanie'],COM,{30},{76}
23468c68-071b-4248-85b0-34f71e011cdc,214302028,Commune de Saint-Julien-des-Chazes (43),false,{43202},Commune,2026-03-24 14:42:00.273698+01,gold_establishments_2025,,,,21430202800011,2025,Collectivité Territoriale,Commune,['Haute-Loire'],['Auvergne-Rhône-Alpes'],COM,{43},{84}
b7cd1516-3c21-41e4-828d-7697880b4217,218502367,Commune de Saint-Julien-des-Landes (85),false,{85236},Commune,2026-03-24 14:42:10.508772+01,gold_establishments_2025,,,,21850236700103,2025,Collectivité Territoriale,Commune,['Vendée'],['Pays de la Loire'],COM,{85},{52}
37047ead-6b51-476f-b14d-933fd7243ee8,214801631,Commune de Saint-Julien-des-Points (48),false,{48163},Commune,2026-03-24 14:42:01.412377+01,gold_establishments_2025,,,,21480163100018,2025,Collectivité Territoriale,Commune,['Lozère'],['Occitanie'],COM,{48},{76}
3dd6a5e8-5d87-45bf-956f-687526cfa614,210702536,Commune de Saint-Julien-du-Gua (07),false,{07253},Commune,2026-03-24 14:41:52.562531+01,gold_establishments_2025,,,,21070253600017,2025,Collectivité Territoriale,Commune,['Ardèche'],['Auvergne-Rhône-Alpes'],COM,{07},{84}
a959de55-c278-4a27-9328-141fe025c877,214302036,Commune de Saint-Julien-du-Pinet (43),false,{43203},Commune,2026-03-24 14:42:00.273698+01,gold_establishments_2025,,,,21430203600014,2025,Collectivité Territoriale,Commune,['Haute-Loire'],['Auvergne-Rhône-Alpes'],COM,{43},{84}
c2d17724-3972-476f-acca-87db1447c9af,218102580,Commune de Saint-Julien-du-Puy (81),false,{81258},Commune,2026-03-24 14:42:09.967209+01,gold_establishments_2025,,,,21810258000014,2025,Collectivité Territoriale,Commune,['Tarn'],['Occitanie'],COM,{81},{76}
3035fbd1-bb4c-421a-93a9-b8a9497b1304,218903482,Commune de Saint-Julien-du-Sault (89),false,{89348},Commune,2026-03-24 14:42:11.659493+01,gold_establishments_2025,,,,21890348200014,2025,Collectivité Territoriale,Commune,['Yonne'],['Bourgogne-Franche-Comté'],COM,{89},{27}
93fd0911-ccf3-408f-af07-182d92e741ce,210702544,Commune de Saint-Julien-du-Serre (07),false,{07254},Commune,2026-03-24 14:41:52.562531+01,gold_establishments_2025,,,,21070254400011,2025,Collectivité Territoriale,Commune,['Ardèche'],['Auvergne-Rhône-Alpes'],COM,{07},{84}
24c8ced1-c360-4a99-acf6-bf7acb538c32,215302308,Commune de Saint-Julien-du-Terroux (53),false,{53230},Commune,2026-03-24 14:42:02.957225+01,gold_establishments_2025,,,,21530230800014,2025,Collectivité Territoriale,Commune,['Mayenne'],['Pays de la Loire'],COM,{53},{52}
9515f477-45f3-4b61-8d58-71b2ed0b9f12,210401832,Commune de Saint-Julien-du-Verdon (04),false,{04183},Commune,2026-03-24 14:41:52.562531+01,gold_establishments_2025,,,,21040183200014,2025,Collectivité Territoriale,Commune,['Alpes-de-Haute-Provence'],"[""Provence-Alpes-Côte d'Azur""]",COM,{04},{93}
34236536-d85f-4447-b03c-2a85e9ea81eb,210501466,Commune de Saint-Julien-en-Beauchêne (05),false,{05146},Commune,2026-03-24 14:41:52.562531+01,gold_establishments_2025,,,,21050146600010,2025,Collectivité Territoriale,Commune,['Hautes-Alpes'],"[""Provence-Alpes-Côte d'Azur""]",COM,{05},{93}
64c42217-6760-438e-8cad-f2f3108db647,214002669,Commune de Saint-Julien-en-Born (40),false,{40266},Commune,2026-03-24 14:41:59.705606+01,gold_establishments_2025,,,,21400266900015,2025,Collectivité Territoriale,Commune,['Landes'],['Nouvelle-Aquitaine'],COM,{40},{75}
81b77f00-4d22-4805-8a04-2f2a27570b0a,210501474,Commune de Saint-Julien-en-Champsaur (05),false,{05147},Commune,2026-03-24 14:41:52.562531+01,gold_establishments_2025,,,,21050147400014,2025,Collectivité Territoriale,Commune,['Hautes-Alpes'],"[""Provence-Alpes-Côte d'Azur""]",COM,{05},{93}
18f0617d-ab12-42f3-a269-eb21d4727e97,217402437,Commune de Saint-Julien-en-Genevois (74),false,{74243},Commune,2026-03-24 14:42:08.818969+01,gold_establishments_2025,,,,21740243700016,2025,Collectivité Territoriale,Commune,['Haute-Savoie'],['Auvergne-Rhône-Alpes'],COM,{74},{84}
f735ca45-e467-4294-8511-8180c44ad947,212603088,Commune de Saint-Julien-en-Quint (26),false,{26308},Commune,2026-03-24 14:41:56.495197+01,gold_establishments_2025,,,,21260308800015,2025,Collectivité Territoriale,Commune,['Drôme'],['Auvergne-Rhône-Alpes'],COM,{26},{84}
f6175d00-8782-4d29-871e-703f6b7aa624,210702551,Commune de Saint-Julien-en-Saint-Alban (07),false,{07255},Commune,2026-03-24 14:41:52.562531+01,gold_establishments_2025,,,,21070255100016,2025,Collectivité Territoriale,Commune,['Ardèche'],['Auvergne-Rhône-Alpes'],COM,{07},{84}
0c7137b9-1443-41a2-ae33-5e2c507c6705,212603096,Commune de Saint-Julien-en-Vercors (26),false,{26309},Commune,2026-03-24 14:41:56.495197+01,gold_establishments_2025,,,,21260309600018,2025,Collectivité Territoriale,Commune,['Drôme'],['Auvergne-Rhône-Alpes'],COM,{26},{84}
9122f18e-9aab-47b4-a1a4-d23e30fff02c,218602266,Commune de Saint-Julien-l'Ars (86),false,{86226},Commune,2026-03-24 14:42:10.508772+01,gold_establishments_2025,,,,21860226600015,2025,Collectivité Territoriale,Commune,['Vienne'],['Nouvelle-Aquitaine'],COM,{86},{75}
6a326c84-6b71-45b3-a3d5-7d0ee1ff53b3,216303693,Commune de Saint-Julien-la-Geneste (63),false,{63369},Commune,2026-03-24 14:42:06.130387+01,gold_establishments_2025,,,,21630369300016,2025,Collectivité Territoriale,Commune,['Puy-de-Dôme'],['Auvergne-Rhône-Alpes'],COM,{63},{84}
45fb9d5c-393b-4cee-afaf-81cf6157cd1b,212320303,Commune de Saint-Julien-la-Genête (23),false,{23203},Commune,2026-03-24 14:41:55.958138+01,gold_establishments_2025,,,,21232030300010,2025,Collectivité Territoriale,Commune,['Creuse'],['Nouvelle-Aquitaine'],COM,{23},{75}
d7a0f4d9-826e-4ca2-b571-e769df3db959,212320402,Commune de Saint-Julien-le-Châtel (23),false,{23204},Commune,2026-03-24 14:41:55.958138+01,gold_establishments_2025,,,,21232040200010,2025,Collectivité Territoriale,Commune,['Creuse'],['Nouvelle-Aquitaine'],COM,{23},{75}
37e6e5fc-2efb-4c78-89e5-0ec7a4d3f560,218715308,Commune de Saint-Julien-le-Petit (87),false,{87153},Commune,2026-03-24 14:42:11.118516+01,gold_establishments_2025,,,,21871530800019,2025,Collectivité Territoriale,Commune,['Haute-Vienne'],['Nouvelle-Aquitaine'],COM,{87},{75}
eb09cef8-ff1c-471d-a9c3-fef7da2b620f,211921507,Commune de Saint-Julien-le-Pèlerin (19),false,{19215},Commune,2026-03-24 14:41:55.433389+01,gold_establishments_2025,,,,21192150700011,2025,Collectivité Territoriale,Commune,['Corrèze'],['Nouvelle-Aquitaine'],COM,{19},{75}
6efac5ae-1ecc-4a65-8a03-50e0f3ac0003,210702577,Commune de Saint-Julien-le-Roux (07),false,{07257},Commune,2026-03-24 14:41:52.562531+01,gold_establishments_2025,,,,21070257700011,2025,Collectivité Territoriale,Commune,['Ardèche'],['Auvergne-Rhône-Alpes'],COM,{07},{84}
5fbe94e3-aead-4da2-859e-474d0d9a4b7e,211921606,Commune de Saint-Julien-le-Vendômois (19),false,{19216},Commune,2026-03-24 14:41:55.433389+01,gold_establishments_2025,,,,21192160600011,2025,Collectivité Territoriale,Commune,['Corrèze'],['Nouvelle-Aquitaine'],COM,{19},{75}
0a2dc4e7-37c6-4363-b9c1-4ce4aa2735e2,213002744,Commune de Saint-Julien-les-Rosiers (30),false,{30274},Commune,2026-03-24 14:41:57.56054+01,gold_establishments_2025,,,,21300274400018,2025,Collectivité Territoriale,Commune,['Gard'],['Occitanie'],COM,{30},{76}
c3925bc2-fb84-492a-8a6a-a477055c2145,211003322,Commune de Saint-Julien-les-Villas (10),false,{10343},Commune,2026-03-24 14:41:53.095366+01,gold_establishments_2025,,,,21100332200016,2025,Collectivité Territoriale,Commune,['Aube'],['Grand Est'],COM,{10},{44}
97450f33-3d58-457a-bce6-2a18f872ec11,215404773,Commune de Saint-Julien-lès-Gorze (54),false,{54477},Commune,2026-03-24 14:42:02.957225+01,gold_establishments_2025,,,,21540477300016,2025,Collectivité Territoriale,Commune,['Meurthe-et-Moselle'],['Grand Est'],COM,{54},{44}
e8fa7422-d139-4a99-ab76-f0245afeaaeb,215706169,Commune de Saint-Julien-lès-Metz (57),false,{57616},Commune,2026-03-24 14:42:04.280096+01,gold_establishments_2025,,,,21570616900012,2025,Collectivité Territoriale,Commune,['Moselle'],['Grand Est'],COM,{57},{44}
b2a20808-126b-4dc4-b47f-2983bed40e4f,212505218,Commune de Saint-Julien-lès-Montbéliard (25),false,{25521},Commune,2026-03-24 14:41:56.495197+01,gold_establishments_2025,,,,21250521800017,2025,Collectivité Territoriale,Commune,['Doubs'],['Bourgogne-Franche-Comté'],COM,{25},{27}
6ad0ad0c-7bc8-48c8-9e09-1e8b4c570f9d,212505226,Commune de Saint-Julien-lès-Russey (25),false,{25522},Commune,2026-03-24 14:41:56.495197+01,gold_establishments_2025,,,,21250522600010,2025,Collectivité Territoriale,Commune,['Doubs'],['Bourgogne-Franche-Comté'],COM,{25},{27}
221ae61e-c38f-495f-ac92-ff298beb03f1,215504606,Commune de Saint-Julien-sous-les-Côtes (55),false,{55460},Commune,2026-03-24 14:42:03.701372+01,gold_establishments_2025,,,,21550460600017,2025,Collectivité Territoriale,Commune,['Meuse'],['Grand Est'],COM,{55},{44}
347da91e-9cc2-463d-870e-849991ed2031,216902163,Commune de Saint-Julien-sur-Bibost (69),false,{69216},Commune,2026-03-24 14:42:07.735343+01,gold_establishments_2025,,,,21690216300015,2025,Collectivité Territoriale,Commune,['Rhône'],['Auvergne-Rhône-Alpes'],COM,{69},{84}
4a1e0798-f991-4db0-8c46-03a96a875e9f,211406012,Commune de Saint-Julien-sur-Calonne (14),false,{14601},Commune,2026-03-24 14:41:54.362296+01,gold_establishments_2025,,,,21140601200016,2025,Collectivité Territoriale,Commune,['Calvados'],['Normandie'],COM,{14},{28}
9580ed50-39e1-4ca2-be9c-22c2605fdaad,214102188,Commune de Saint-Julien-sur-Cher (41),false,{41218},Commune,2026-03-24 14:42:00.273698+01,gold_establishments_2025,,,,21410218800015,2025,Collectivité Territoriale,Commune,['Loir-et-Cher'],['Centre-Val de Loire'],COM,{41},{24}
78805aa3-6855-4f83-91f6-5093b89bf34d,217104355,Commune de Saint-Julien-sur-Dheune (71),false,{71435},Commune,2026-03-24 14:42:08.279287+01,gold_establishments_2025,,,,21710435500011,2025,Collectivité Territoriale,Commune,['Saône-et-Loire'],['Bourgogne-Franche-Comté'],COM,{71},{27}
bbbf86cb-b570-4ec6-b55b-e72410677235,213104920,Commune de Saint-Julien-sur-Garonne (31),false,{31492},Commune,2026-03-24 14:41:58.09424+01,gold_establishments_2025,,,,21310492000045,2025,Collectivité Territoriale,Commune,['Haute-Garonne'],['Occitanie'],COM,{31},{76}
d972de2b-259e-489f-890b-699768884a2e,210103677,Commune de Saint-Julien-sur-Reyssouze (01),false,{01367},Commune,2026-03-24 14:41:51.447482+01,gold_establishments_2025,,,,21010367700014,2025,Collectivité Territoriale,Commune,['Ain'],['Auvergne-Rhône-Alpes'],COM,{01},{84}
32d1e60f-d81a-472f-bb50-a84fb14c95f7,216104125,Commune de Saint-Julien-sur-Sarthe (61),false,{61412},Commune,2026-03-24 14:42:05.597325+01,gold_establishments_2025,,,,21610412500010,2025,Collectivité Territoriale,Commune,['Orne'],['Normandie'],COM,{61},{28}
d7162467-fb0b-42e9-aebb-e0a078a04074,210103685,Commune de Saint-Julien-sur-Veyle (01),false,{01368},Commune,2026-03-24 14:41:51.447482+01,gold_establishments_2025,,,,21010368500017,2025,Collectivité Territoriale,Commune,['Ain'],['Auvergne-Rhône-Alpes'],COM,{01},{84}
46085069-647b-4a26-89b2-4d9eb962d22a,218715407,Commune de Saint-Junien (87),false,{87154},Commune,2026-03-24 14:42:11.118516+01,gold_establishments_2025,,,,21871540700019,2025,Collectivité Territoriale,Commune,['Haute-Vienne'],['Nouvelle-Aquitaine'],COM,{87},{75}
41d48101-85e6-4a4f-ba20-3069e02752dd,212320501,Commune de Saint-Junien-la-Bregère (23),false,{23205},Commune,2026-03-24 14:41:55.958138+01,gold_establishments_2025,,,,21232050100019,2025,Collectivité Territoriale,Commune,['Creuse'],['Nouvelle-Aquitaine'],COM,{23},{75}
887cba17-618c-4a07-b32f-d4b18385f199,218715506,Commune de Saint-Junien-les-Combes (87),false,{87155},Commune,2026-03-24 14:42:11.118516+01,gold_establishments_2025,,,,21871550600018,2025,Collectivité Territoriale,Commune,['Haute-Vienne'],['Nouvelle-Aquitaine'],COM,{87},{75}
6d0102d3-f6bf-4b4b-8fa2-852156646b44,215706177,Commune de Saint-Jure (57),false,{57617},Commune,2026-03-24 14:42:04.280096+01,gold_establishments_2025,,,,21570617700015,2025,Collectivité Territoriale,Commune,['Moselle'],['Grand Est'],COM,{57},{44}
6740ba13-6a6e-4322-be69-e13aefdded30,210401840,Commune de Saint-Jurs (04),false,{04184},Commune,2026-03-24 14:41:52.562531+01,gold_establishments_2025,,,,21040184000017,2025,Collectivité Territoriale,Commune,['Alpes-de-Haute-Provence'],"[""Provence-Alpes-Côte d'Azur""]",COM,{04},{93}
7567cb59-d90c-49a4-ac85-977560e0513f,210103693,Commune de Saint-Just (01),false,{01369},Commune,2026-03-24 14:41:51.447482+01,gold_establishments_2025,,,,21010369300011,2025,Collectivité Territoriale,Commune,['Ain'],['Auvergne-Rhône-Alpes'],COM,{01},{84}
9d45ba0e-102b-4277-b0e5-ace5f94513d0,211802186,Commune de Saint-Just (18),false,{18218},Commune,2026-03-24 14:41:54.903238+01,gold_establishments_2025,,,,21180218600018,2025,Collectivité Territoriale,Commune,['Cher'],['Centre-Val de Loire'],COM,{18},{24}
8c174eaf-bbbb-4817-8463-1536b2fbeeff,212404347,Commune de Saint-Just (24),false,{24434},Commune,2026-03-24 14:41:55.958138+01,gold_establishments_2025,,,,21240434700016,2025,Collectivité Territoriale,Commune,['Dordogne'],['Nouvelle-Aquitaine'],COM,{24},{75}
e1cca5c2-11b8-4e4b-9f3e-fe7ea22eba20,213402720,Commune de Saint-Just (34),false,{34272},Commune,2026-03-24 14:41:58.620411+01,gold_establishments_2025,,,,21340272000014,2025,Collectivité Territoriale,Commune,['Hérault'],['Occitanie'],COM,{34},{76}
367530aa-dfd0-448a-9950-14903a38b94f,213502859,Commune de Saint-Just (35),false,{35285},Commune,2026-03-24 14:41:59.160244+01,gold_establishments_2025,,,,21350285900019,2025,Collectivité Territoriale,Commune,['Ille-et-Vilaine'],['Bretagne'],COM,{35},{53}
9a5d7484-c0cd-4753-b0f0-fab762dabff4,216303719,Commune de Saint-Just (63),false,{63371},Commune,2026-03-24 14:42:06.130387+01,gold_establishments_2025,,,,21630371900019,2025,Collectivité Territoriale,Commune,['Puy-de-Dôme'],['Auvergne-Rhône-Alpes'],COM,{63},{84}
013dbafc-c70b-46c9-9f87-6060ce9ad735,213804081,Commune de Saint-Just-Chaleyssin (38),false,{38408},Commune,2026-03-24 14:41:59.160244+01,gold_establishments_2025,,,,21380408100015,2025,Collectivité Territoriale,Commune,['Isère'],['Auvergne-Rhône-Alpes'],COM,{38},{84}
979baa12-5b5d-473a-b9d9-8e0b5624f23e,216404871,Commune de Saint-Just-Ibarre (64),false,{64487},Commune,2026-03-24 14:42:06.665412+01,gold_establishments_2025,,,,21640487100016,2025,Collectivité Territoriale,Commune,['Pyrénées-Atlantiques'],['Nouvelle-Aquitaine'],COM,{64},{75}
f0672767-19c5-47ae-81af-1fb09a1e7e2e,211703517,Commune de Saint-Just-Luzac (17),false,{17351},Commune,2026-03-24 14:41:54.903238+01,gold_establishments_2025,,,,21170351700014,2025,Collectivité Territoriale,Commune,['Charente-Maritime'],['Nouvelle-Aquitaine'],COM,{17},{75}
0c1661c8-e8e6-4579-ad5d-23bb69d41513,214302051,Commune de Saint-Just-Malmont (43),false,{43205},Commune,2026-03-24 14:42:00.273698+01,gold_establishments_2025,,,,21430205100013,2025,Collectivité Territoriale,Commune,['Haute-Loire'],['Auvergne-Rhône-Alpes'],COM,{43},{84}
bcbb8187-72e2-4733-b58f-fb30fdd0488a,214202798,Commune de Saint-Just-Saint-Rambert (42),false,{42279},Commune,2026-03-24 14:42:00.273698+01,gold_establishments_2025,,,,21420279800192,2025,Collectivité Territoriale,Commune,['Loire'],['Auvergne-Rhône-Alpes'],COM,{42},{84}
b99d6636-0036-4952-a6e8-032862addcf8,215104563,Commune de Saint-Just-Sauvage (51),false,{51492},Commune,2026-03-24 14:42:01.954481+01,gold_establishments_2025,,,,21510456300014,2025,Collectivité Territoriale,Commune,['Marne'],['Grand Est'],COM,{51},{44}
10ff12aa-1abb-42d8-a434-75f21961de51,210702593,Commune de Saint-Just-d'Ardèche (07),false,{07259},Commune,2026-03-24 14:41:52.562531+01,gold_establishments_2025,,,,21070259300018,2025,Collectivité Territoriale,Commune,['Ardèche'],['Auvergne-Rhône-Alpes'],COM,{07},{84}
785818bb-f60b-4176-b816-c46260ac6811,216902171,Commune de Saint-Just-d'Avray (69),false,{69217},Commune,2026-03-24 14:42:07.735343+01,gold_establishments_2025,,,,21690217100018,2025,Collectivité Territoriale,Commune,['Rhône'],['Auvergne-Rhône-Alpes'],COM,{69},{84}
31b73ca5-5e91-4e0f-9bfc-39b19bee4aa3,213804099,Commune de Saint-Just-de-Claix (38),false,{38409},Commune,2026-03-24 14:41:59.160244+01,gold_establishments_2025,,,,21380409900017,2025,Collectivité Territoriale,Commune,['Isère'],['Auvergne-Rhône-Alpes'],COM,{38},{84}
6a2b919e-3da3-43ae-a2f7-ed9750fd4521,214202475,Commune de Saint-Just-en-Bas (42),false,{42247},Commune,2026-03-24 14:42:00.273698+01,gold_establishments_2025,,,,21420247500015,2025,Collectivité Territoriale,Commune,['Loire'],['Auvergne-Rhône-Alpes'],COM,{42},{84}
03655d40-2b78-4d58-9015-e0dc4a84845c,217704162,Commune de Saint-Just-en-Brie (77),false,{77416},Commune,2026-03-24 14:42:09.43682+01,gold_establishments_2025,,,,21770416200015,2025,Collectivité Territoriale,Commune,['Seine-et-Marne'],['Île-de-France'],COM,{77},{11}
bca31a60-89dc-4a7b-9fc9-70e6fb0caaca,216005744,Commune de Saint-Just-en-Chaussée (60),false,{60581},Commune,2026-03-24 14:42:04.814328+01,gold_establishments_2025,,,,21600574400018,2025,Collectivité Territoriale,Commune,['Oise'],['Hauts-de-France'],COM,{60},{32}
988ca61b-6dcc-40fb-ac5a-58d2e36b69d5,214202483,Commune de Saint-Just-en-Chevalet (42),false,{42248},Commune,2026-03-24 14:42:00.273698+01,gold_establishments_2025,,,,21420248300019,2025,Collectivité Territoriale,Commune,['Loire'],['Auvergne-Rhône-Alpes'],COM,{42},{84}
00e5174d-3527-49d9-8e02-ec1bfdd30b62,213002751,Commune de Saint-Just-et-Vacquières (30),false,{30275},Commune,2026-03-24 14:41:57.56054+01,gold_establishments_2025,,,,21300275100013,2025,Collectivité Territoriale,Commune,['Gard'],['Occitanie'],COM,{30},{76}
ac0c89c0-32a5-4dc3-91cb-2647e41f5065,211103502,Commune de Saint-Just-et-le-Bézu (11),false,{11350},Commune,2026-03-24 14:41:53.63825+01,gold_establishments_2025,,,,21110350200012,2025,Collectivité Territoriale,Commune,['Aude'],['Occitanie'],COM,{11},{76}
cb4a60d7-0451-4291-b8d6-e29b92380664,214202491,Commune de Saint-Just-la-Pendue (42),false,{42249},Commune,2026-03-24 14:42:00.273698+01,gold_establishments_2025,,,,21420249100012,2025,Collectivité Territoriale,Commune,['Loire'],['Auvergne-Rhône-Alpes'],COM,{42},{84}
c7581d59-70fc-4513-9c3f-b207f1d32a4c,218715605,Commune de Saint-Just-le-Martel (87),false,{87156},Commune,2026-03-24 14:42:11.118516+01,gold_establishments_2025,,,,21871560500018,2025,Collectivité Territoriale,Commune,['Haute-Vienne'],['Nouvelle-Aquitaine'],COM,{87},{75}
8856562a-71f8-4302-840c-ee81d1824f23,214302069,Commune de Saint-Just-près-Brioude (43),false,{43206},Commune,2026-03-24 14:42:00.273698+01,gold_establishments_2025,,,,21430206900015,2025,Collectivité Territoriale,Commune,['Haute-Loire'],['Auvergne-Rhône-Alpes'],COM,{43},{84}
e4b6912f-b7d5-482d-8577-8f7a2a30ef2b,214902918,Commune de Saint-Just-sur-Dive (49),false,{49291},Commune,2026-03-24 14:42:01.412377+01,gold_establishments_2025,,,,21490291800017,2025,Collectivité Territoriale,Commune,['Maine-et-Loire'],['Pays de la Loire'],COM,{49},{52}
e5099984-2183-4ecb-bbd7-332b3390aeb9,211202353,Commune de Saint-Just-sur-Viaur (12),false,{12235},Commune,2026-03-24 14:41:53.63825+01,gold_establishments_2025,,,,21120235300010,2025,Collectivité Territoriale,Commune,['Aveyron'],['Occitanie'],COM,{12},{76}
9d14788b-f07e-4284-85f8-3c0747517a4c,213203839,Commune de Saint-Justin (32),false,{32383},Commune,2026-03-24 14:41:58.09424+01,gold_establishments_2025,,,,21320383900013,2025,Collectivité Territoriale,Commune,['Gers'],['Occitanie'],COM,{32},{76}
f10a43ef-a2c0-4dfc-b597-4d1527968a33,214002677,Commune de Saint-Justin (40),false,{40267},Commune,2026-03-24 14:41:59.705606+01,gold_establishments_2025,,,,21400267700018,2025,Collectivité Territoriale,Commune,['Landes'],['Nouvelle-Aquitaine'],COM,{40},{75}
e77948ea-1666-4f3f-bae4-eac47cd4372f,212203087,Commune de Saint-Juvat (22),false,{22308},Commune,2026-03-24 14:41:55.958138+01,gold_establishments_2025,,,,21220308700011,2025,Collectivité Territoriale,Commune,"[""Côtes-d'Armor""]",['Bretagne'],COM,{22},{53}
e2b370d4-5502-46f4-a481-f9df48c6749a,210803466,Commune de Saint-Juvin (08),false,{08383},Commune,2026-03-24 14:41:53.095366+01,gold_establishments_2025,,,,21080346600015,2025,Collectivité Territoriale,Commune,['Ardennes'],['Grand Est'],COM,{08},{44}
0456233d-8ba0-49c7-a93a-a8e3f73f4ab0,211202338,Commune de Saint-Juéry (12),false,{12233},Commune,2026-03-24 14:41:53.63825+01,gold_establishments_2025,,,,21120233800011,2025,Collectivité Territoriale,Commune,['Aveyron'],['Occitanie'],COM,{12},{76}
6f615071-aba0-4fe1-a111-0c2476d1d61e,214801615,Commune de Saint-Juéry (48),false,{48161},Commune,2026-03-24 14:42:01.412377+01,gold_establishments_2025,,,,21480161500011,2025,Collectivité Territoriale,Commune,['Lozère'],['Occitanie'],COM,{48},{76}
e956258c-c49c-4181-a920-99a067f0e84e,218102572,Commune de Saint-Juéry (81),false,{81257},Commune,2026-03-24 14:42:09.967209+01,gold_establishments_2025,,,,21810257200011,2025,Collectivité Territoriale,Commune,['Tarn'],['Occitanie'],COM,{81},{76}
2bb73c91-d1ae-4934-94d5-5303c24d7e98,213601982,Commune de Saint-Lactencin (36),false,{36198},Commune,2026-03-24 14:41:59.160244+01,gold_establishments_2025,,,,21360198200019,2025,Collectivité Territoriale,Commune,['Indre'],['Centre-Val de Loire'],COM,{36},{24}
3876b8a8-1201-422d-8345-ab8e056bb3a8,216902189,Commune de Saint-Lager (69),false,{69218},Commune,2026-03-24 14:42:07.735343+01,gold_establishments_2025,,,,21690218900010,2025,Collectivité Territoriale,Commune,['Rhône'],['Auvergne-Rhône-Alpes'],COM,{69},{84}
5a949d8f-c540-480a-a13f-a6a32853e92a,210702601,Commune de Saint-Lager-Bressac (07),false,{07260},Commune,2026-03-24 14:41:52.562531+01,gold_establishments_2025,,,,21070260100019,2025,Collectivité Territoriale,Commune,['Ardèche'],['Auvergne-Rhône-Alpes'],COM,{07},{84}
fe0a2ee5-456b-4605-ac27-22cff7acecf6,213904865,Commune de Saint-Lamain (39),false,{39486},Commune,2026-03-24 14:41:59.705606+01,gold_establishments_2025,,,,21390486500010,2025,Collectivité Territoriale,Commune,['Jura'],['Bourgogne-Franche-Comté'],COM,{39},{27}
113a8d01-f638-4fbf-b4fe-cf2e3055c80b,211406020,Commune de Saint-Lambert (14),false,{14602},Commune,2026-03-24 14:41:54.362296+01,gold_establishments_2025,,,,21140602000019,2025,Collectivité Territoriale,Commune,['Calvados'],['Normandie'],COM,{14},{28}
a1bfe372-dd0e-49d8-b18e-c35789bbafa4,217805613,Commune de Saint-Lambert (78),false,{78561},Commune,2026-03-24 14:42:09.43682+01,gold_establishments_2025,,,,21780561300015,2025,Collectivité Territoriale,Commune,['Yvelines'],['Île-de-France'],COM,{78},{11}
eaf086f2-fa16-4dfc-9000-45cf02b8173b,210803474,Commune de Saint-Lambert-et-Mont-de-Jeux (08),false,{08384},Commune,2026-03-24 14:41:53.095366+01,gold_establishments_2025,,,,21080347400019,2025,Collectivité Territoriale,Commune,['Ardennes'],['Grand Est'],COM,{08},{44}
55788e56-f7c4-4467-a12b-cfde5b7c9dc6,214902942,Commune de Saint-Lambert-la-Potherie (49),false,{49294},Commune,2026-03-24 14:42:01.412377+01,gold_establishments_2025,,,,21490294200017,2025,Collectivité Territoriale,Commune,['Maine-et-Loire'],['Pays de la Loire'],COM,{49},{52}
6b0189b5-2b47-42d2-9310-5f9de4f2b78f,216104133,Commune de Saint-Lambert-sur-Dive (61),false,{61413},Commune,2026-03-24 14:42:05.597325+01,gold_establishments_2025,,,,21610413300014,2025,Collectivité Territoriale,Commune,['Orne'],['Normandie'],COM,{61},{28}
dd7af7d3-7146-4e43-8b9e-63e5f713eb70,216104141,Commune de Saint-Langis-lès-Mortagne (61),false,{61414},Commune,2026-03-24 14:42:05.597325+01,gold_establishments_2025,,,,21610414100017,2025,Collectivité Territoriale,Commune,['Orne'],['Normandie'],COM,{61},{28}
e56a6fd7-e0b3-4085-8ab1-999127615fa5,216503870,Commune de Saint-Lanne (65),false,{65387},Commune,2026-03-24 14:42:06.665412+01,gold_establishments_2025,,,,21650387000018,2025,Collectivité Territoriale,Commune,['Hautes-Pyrénées'],['Occitanie'],COM,{65},{76}
6729884e-a8d8-4600-b89f-84755aca6913,218602274,Commune de Saint-Laon (86),false,{86227},Commune,2026-03-24 14:42:10.508772+01,gold_establishments_2025,,,,21860227400035,2025,Collectivité Territoriale,Commune,['Vienne'],['Nouvelle-Aquitaine'],COM,{86},{75}
879afbb7-83b8-474c-9a4c-fd572e4d3b05,210902672,Commune de Saint-Lary (09),false,{09267},Commune,2026-03-24 14:41:53.095366+01,gold_establishments_2025,,,,21090267200018,2025,Collectivité Territoriale,Commune,['Ariège'],['Occitanie'],COM,{09},{76}
68901fde-d058-4a8a-89c3-f6bb3201a78b,213203847,Commune de Saint-Lary (32),false,{32384},Commune,2026-03-24 14:41:58.09424+01,gold_establishments_2025,,,,21320384700016,2025,Collectivité Territoriale,Commune,['Gers'],['Occitanie'],COM,{32},{76}
d0f7ede7-1db6-4d96-bce0-0cf5f1e24f6b,213104938,Commune de Saint-Lary-Boujean (31),false,{31493},Commune,2026-03-24 14:41:58.09424+01,gold_establishments_2025,,,,21310493800013,2025,Collectivité Territoriale,Commune,['Haute-Garonne'],['Occitanie'],COM,{31},{76}
76bd359a-12d2-48e4-b798-fe526a9ae7b5,216503888,Commune de Saint-Lary-Soulan (65),false,{65388},Commune,2026-03-24 14:42:06.665412+01,gold_establishments_2025,,,,21650388800010,2025,Collectivité Territoriale,Commune,['Hautes-Pyrénées'],['Occitanie'],COM,{65},{76}
5b7236fb-ac51-4fd6-9dcd-83afa863bd83,213804107,Commune de Saint-Lattier (38),false,{38410},Commune,2026-03-24 14:41:59.160244+01,gold_establishments_2025,,,,21380410700018,2025,Collectivité Territoriale,Commune,['Isère'],['Auvergne-Rhône-Alpes'],COM,{38},{84}
2f3c93e6-d254-4e8e-8a80-31e18aa66bce,212203095,Commune de Saint-Launeuc (nan),false,{22309},Commune,2026-03-24 14:41:55.958138+01,gold_establishments_2025,,,,21220309500014,2025,Collectivité Territoriale,Commune,[''],[''],COM,,
a5e058b8-5cdb-4cc5-9416-04c8a6393a20,216303727,Commune de Saint-Laure (63),false,{63372},Commune,2026-03-24 14:42:06.130387+01,gold_establishments_2025,,,,21630372700012,2025,Collectivité Territoriale,Commune,['Puy-de-Dôme'],['Auvergne-Rhône-Alpes'],COM,{63},{84}
08af5954-b8d9-411c-bc43-4e72477231a9,210803482,Commune de Saint-Laurent (08),false,{08385},Commune,2026-03-24 14:41:53.095366+01,gold_establishments_2025,,,,21080348200012,2025,Collectivité Territoriale,Commune,['Ardennes'],['Grand Est'],COM,{08},{44}
64585a41-b473-4333-b6d0-5f91e2ac09d5,211802194,Commune de Saint-Laurent (18),false,{18219},Commune,2026-03-24 14:41:54.903238+01,gold_establishments_2025,,,,21180219400012,2025,Collectivité Territoriale,Commune,['Cher'],['Centre-Val de Loire'],COM,{18},{24}
29a014e6-e4a1-46ed-94e0-9db5c3a50941,212203103,Commune de Saint-Laurent (22),false,{22310},Commune,2026-03-24 14:41:55.958138+01,gold_establishments_2025,,,,21220310300016,2025,Collectivité Territoriale,Commune,"[""Côtes-d'Armor""]",['Bretagne'],COM,{22},{53}
17050335-aeab-4786-bc5c-2f51ed947c03,212320600,Commune de Saint-Laurent (23),false,{23206},Commune,2026-03-24 14:41:55.958138+01,gold_establishments_2025,,,,21232060000019,2025,Collectivité Territoriale,Commune,['Creuse'],['Nouvelle-Aquitaine'],COM,{23},{75}
b5b09002-f07c-4be6-bc39-b0e6fd1cb31a,213104946,Commune de Saint-Laurent (31),false,{31494},Commune,2026-03-24 14:41:58.09424+01,gold_establishments_2025,,,,21310494600016,2025,Collectivité Territoriale,Commune,['Haute-Garonne'],['Occitanie'],COM,{31},{76}
3a14505a-4810-4a56-aa0c-669877b6202a,214702490,Commune de Saint-Laurent (47),false,{47249},Commune,2026-03-24 14:42:00.862623+01,gold_establishments_2025,,,,21470249000019,2025,Collectivité Territoriale,Commune,['Lot-et-Garonne'],['Nouvelle-Aquitaine'],COM,{47},{75}
00e65278-d1c4-42f3-bdaf-0f6de6972c22,217402445,Commune de Saint-Laurent (74),false,{74244},Commune,2026-03-24 14:42:08.818969+01,gold_establishments_2025,,,,21740244500019,2025,Collectivité Territoriale,Commune,['Haute-Savoie'],['Auvergne-Rhône-Alpes'],COM,{74},{84}
44054eeb-1acb-4f40-9a52-910e57c2c8f4,216207530,Commune de Saint-Laurent-Blangy (62),false,{62753},Commune,2026-03-24 14:42:06.130387+01,gold_establishments_2025,,,,21620753000017,2025,Collectivité Territoriale,Commune,['Pas-de-Calais'],['Hauts-de-France'],COM,{62},{32}
db9c9c7b-f5b4-4413-9504-a8fe68274789,216404889,Commune de Saint-Laurent-Bretagne (64),false,{64488},Commune,2026-03-24 14:42:06.665412+01,gold_establishments_2025,,,,21640488900018,2025,Collectivité Territoriale,Commune,['Pyrénées-Atlantiques'],['Nouvelle-Aquitaine'],COM,{64},{75}
c8f12d86-5841-4921-93ea-d6ed19759fa8,214302077,Commune de Saint-Laurent-Chabreuges (43),false,{43207},Commune,2026-03-24 14:42:00.273698+01,gold_establishments_2025,,,,21430207700018,2025,Collectivité Territoriale,Commune,['Haute-Loire'],['Auvergne-Rhône-Alpes'],COM,{43},{84}
21c2b148-da78-43ca-9bff-cb4fb409bbe7,213304249,Commune de Saint-Laurent-Médoc (33),false,{33424},Commune,2026-03-24 14:41:58.620411+01,gold_establishments_2025,,,,21330424900013,2025,Collectivité Territoriale,Commune,['Gironde'],['Nouvelle-Aquitaine'],COM,{33},{75}
a1678651-8b68-4b77-8d32-035193cca9a8,214102204,Commune de Saint-Laurent-Nouan (41),false,{41220},Commune,2026-03-24 14:42:00.273698+01,gold_establishments_2025,,,,21410220400010,2025,Collectivité Territoriale,Commune,['Loir-et-Cher'],['Centre-Val de Loire'],COM,{41},{24}
0ac1c607-b792-4a30-82b1-ce358d42d932,214202525,Commune de Saint-Laurent-Rochefort (nan),false,{42252},Commune,2026-03-24 14:42:00.273698+01,gold_establishments_2025,,,,21420252500017,2025,Collectivité Territoriale,Commune,[''],[''],COM,,
57b1e354-42c3-4146-bfde-1ded3bb88d44,216902197,Commune de Saint-Laurent-d'Agny (69),false,{69219},Commune,2026-03-24 14:42:07.735343+01,gold_establishments_2025,,,,21690219700013,2025,Collectivité Territoriale,Commune,['Rhône'],['Auvergne-Rhône-Alpes'],COM,{69},{84}
da5d3325-1c21-4bdb-a244-3d29a36821a8,213002769,Commune de Saint-Laurent-d'Aigouze (30),false,{30276},Commune,2026-03-24 14:41:57.56054+01,gold_establishments_2025,,,,21300276900015,2025,Collectivité Territoriale,Commune,['Gard'],['Occitanie'],COM,{30},{76}
2441fcaf-3108-499d-afee-de2d81da6f22,217104363,Commune de Saint-Laurent-d'Andenay (71),false,{71436},Commune,2026-03-24 14:42:08.279287+01,gold_establishments_2025,,,,21710436300015,2025,Collectivité Territoriale,Commune,['Saône-et-Loire'],['Bourgogne-Franche-Comté'],COM,{71},{27}
ab12f31f-c23d-4ca0-8b0f-66730a36e9b5,213304256,Commune de Saint-Laurent-d'Arce (33),false,{33425},Commune,2026-03-24 14:41:58.620411+01,gold_establishments_2025,,,,21330425600018,2025,Collectivité Territoriale,Commune,['Gironde'],['Nouvelle-Aquitaine'],COM,{33},{75}
f760bff8-16f2-468d-bf5c-7da042dece5e,211202379,Commune de Saint-Laurent-d'Olt (12),false,{12237},Commune,2026-03-24 14:41:53.63825+01,gold_establishments_2025,,,,21120237900015,2025,Collectivité Territoriale,Commune,['Aveyron'],['Occitanie'],COM,{12},{76}
8480c52a-399c-42a7-97f0-97ca98a9cba9,212603104,Commune de Saint-Laurent-d'Onay (26),false,{26310},Commune,2026-03-24 14:41:56.495197+01,gold_establishments_2025,,,,21260310400010,2025,Collectivité Territoriale,Commune,['Drôme'],['Auvergne-Rhône-Alpes'],COM,{26},{84}
d028ceaf-281a-4f52-a92e-fdf4db24761b,217605963,Commune de Saint-Laurent-de-Brèvedent (76),false,{76596},Commune,2026-03-24 14:42:08.818969+01,gold_establishments_2025,,,,21760596300016,2025,Collectivité Territoriale,Commune,['Seine-Maritime'],['Normandie'],COM,{76},{28}
d7a954b3-dac8-40e8-899a-93f593ce543e,213002777,Commune de Saint-Laurent-de-Carnols (30),false,{30277},Commune,2026-03-24 14:41:57.56054+01,gold_establishments_2025,,,,21300277700018,2025,Collectivité Territoriale,Commune,['Gard'],['Occitanie'],COM,{30},{76}
337227c7-453f-42ce-8022-1b43bb7c34aa,216601799,Commune de Saint-Laurent-de-Cerdans (66),false,{66179},Commune,2026-03-24 14:42:06.665412+01,gold_establishments_2025,,,,21660179900010,2025,Collectivité Territoriale,Commune,['Pyrénées-Orientales'],['Occitanie'],COM,{66},{76}
3138d6cd-d677-4641-8b90-65c29bfb7fe0,216902205,Commune de Saint-Laurent-de-Chamousset (69),false,{69220},Commune,2026-03-24 14:42:07.735343+01,gold_establishments_2025,,,,21690220500014,2025,Collectivité Territoriale,Commune,['Rhône'],['Auvergne-Rhône-Alpes'],COM,{69},{84}
1f73bd9f-4f21-486f-aa44-15dac8bfe0d2,211603303,Commune de Saint-Laurent-de-Cognac (16),false,{16330},Commune,2026-03-24 14:41:54.362296+01,gold_establishments_2025,,,,21160330300010,2025,Collectivité Territoriale,Commune,['Charente'],['Nouvelle-Aquitaine'],COM,{16},{75}
d898305c-c36a-4fcd-b5c8-ed62b897f2c8,211406038,Commune de Saint-Laurent-de-Condel (14),false,{14603},Commune,2026-03-24 14:41:54.362296+01,gold_establishments_2025,,,,21140603800011,2025,Collectivité Territoriale,Commune,['Calvados'],['Normandie'],COM,{14},{28}
f41032de-8c91-4f87-b5f3-0df031d2506a,215004995,Commune de Saint-Laurent-de-Cuves (50),false,{50499},Commune,2026-03-24 14:42:01.412377+01,gold_establishments_2025,,,,21500499500019,2025,Collectivité Territoriale,Commune,['Manche'],['Normandie'],COM,{50},{28}
98d7aa0f-a0e3-44a1-b9fe-4d1dd4debec5,211603295,Commune de Saint-Laurent-de-Céris (16),false,{16329},Commune,2026-03-24 14:41:54.362296+01,gold_establishments_2025,,,,21160329500018,2025,Collectivité Territoriale,Commune,['Charente'],['Nouvelle-Aquitaine'],COM,{16},{75}
15f2fd57-0f11-4e2c-85f4-bee21e41fe6f,214002685,Commune de Saint-Laurent-de-Gosse (40),false,{40268},Commune,2026-03-24 14:41:59.705606+01,gold_establishments_2025,,,,21400268500011,2025,Collectivité Territoriale,Commune,['Landes'],['Nouvelle-Aquitaine'],COM,{40},{75}
46a03cea-f23e-4e17-ad5b-4ee79e632945,218602282,Commune de Saint-Laurent-de-Jourdes (86),false,{86228},Commune,2026-03-24 14:42:10.508772+01,gold_establishments_2025,,,,21860228200012,2025,Collectivité Territoriale,Commune,['Vienne'],['Nouvelle-Aquitaine'],COM,{86},{75}
9f927bc4-2b80-4956-bddc-13458fffcb35,213702236,Commune de Saint-Laurent-de-Lin (37),false,{37223},Commune,2026-03-24 14:41:59.160244+01,gold_establishments_2025,,,,21370223600018,2025,Collectivité Territoriale,Commune,['Indre-et-Loire'],['Centre-Val de Loire'],COM,{37},{24}
37371930-d81c-45a6-a6d9-c6343fcf4384,211202361,Commune de Saint-Laurent-de-Lévézou (12),false,{12236},Commune,2026-03-24 14:41:53.63825+01,gold_establishments_2025,,,,21120236100013,2025,Collectivité Territoriale,Commune,['Aveyron'],['Occitanie'],COM,{12},{76}
e710f540-8527-4dc8-830e-fa4b9a991eaf,216902882,Commune de Saint-Laurent-de-Mure (69),false,{69288},Commune,2026-03-24 14:42:07.735343+01,gold_establishments_2025,,,,21690288200010,2025,Collectivité Territoriale,Commune,['Rhône'],['Auvergne-Rhône-Alpes'],COM,{69},{84}
0e833cb4-363f-4019-b2b4-7360beb31c76,214801656,Commune de Saint-Laurent-de-Muret (48),false,{48165},Commune,2026-03-24 14:42:01.412377+01,gold_establishments_2025,,,,21480165600015,2025,Collectivité Territoriale,Commune,['Lozère'],['Occitanie'],COM,{48},{76}
368b1458-819f-4db5-b55c-95f85b8a4f5e,216503896,Commune de Saint-Laurent-de-Neste (65),false,{65389},Commune,2026-03-24 14:42:06.665412+01,gold_establishments_2025,,,,21650389600013,2025,Collectivité Territoriale,Commune,['Hautes-Pyrénées'],['Occitanie'],COM,{65},{76}
3849ed74-5ffe-48fd-8675-1b93b1303b18,215005000,Commune de Saint-Laurent-de-Terregatte (50),false,{50500},Commune,2026-03-24 14:42:01.412377+01,gold_establishments_2025,,,,21500500000017,2025,Collectivité Territoriale,Commune,['Manche'],['Normandie'],COM,{50},{28}
4f30fbbd-13f5-44c0-ba4d-708dff278638,214801672,Commune de Saint-Laurent-de-Veyrès (48),false,{48167},Commune,2026-03-24 14:42:01.412377+01,gold_establishments_2025,,,,21480167200012,2025,Collectivité Territoriale,Commune,['Lozère'],['Occitanie'],COM,{48},{76}
e7a09fb7-b656-48be-afaa-546230119cf3,211103510,Commune de Saint-Laurent-de-la-Cabrerisse (11),false,{11351},Commune,2026-03-24 14:41:53.63825+01,gold_establishments_2025,,,,21110351000015,2025,Collectivité Territoriale,Commune,['Aude'],['Occitanie'],COM,{11},{76}
decbf568-d110-4129-a87d-be8f00abcfb6,211703533,Commune de Saint-Laurent-de-la-Prée (17),false,{17353},Commune,2026-03-24 14:41:54.903238+01,gold_establishments_2025,,,,21170353300011,2025,Collectivité Territoriale,Commune,['Charente-Maritime'],['Nouvelle-Aquitaine'],COM,{17},{75}
823cdcc8-3393-4d9b-acdd-13664f84c5e3,216601807,Commune de Saint-Laurent-de-la-Salanque (66),false,{66180},Commune,2026-03-24 14:42:06.665412+01,gold_establishments_2025,,,,21660180700011,2025,Collectivité Territoriale,Commune,['Pyrénées-Orientales'],['Occitanie'],COM,{66},{76}
5546dfa2-a13e-4a70-8aa5-b3394e2684d1,218502375,Commune de Saint-Laurent-de-la-Salle (85),false,{85237},Commune,2026-03-24 14:42:10.508772+01,gold_establishments_2025,,,,21850237500015,2025,Collectivité Territoriale,Commune,['Vendée'],['Pays de la Loire'],COM,{85},{52}
4c907314-7fe4-4f22-a0ca-2836f8f06e8f,213002785,Commune de Saint-Laurent-des-Arbres (30),false,{30278},Commune,2026-03-24 14:41:57.56054+01,gold_establishments_2025,,,,21300278500011,2025,Collectivité Territoriale,Commune,['Gard'],['Occitanie'],COM,{30},{76}
8d6d19a4-b261-4428-a067-c70cdbea0fae,212705552,Commune de Saint-Laurent-des-Bois (27),false,{27555},Commune,2026-03-24 14:41:57.028721+01,gold_establishments_2025,,,,21270555200017,2025,Collectivité Territoriale,Commune,['Eure'],['Normandie'],COM,{27},{28}
b3276689-f808-4a2e-baa2-a068534d3167,214102196,Commune de Saint-Laurent-des-Bois (41),false,{41219},Commune,2026-03-24 14:42:00.273698+01,gold_establishments_2025,,,,21410219600018,2025,Collectivité Territoriale,Commune,['Loir-et-Cher'],['Centre-Val de Loire'],COM,{41},{24}
02dd2624-8c1a-4f9c-a6bf-1309dfdc9880,211603311,Commune de Saint-Laurent-des-Combes (16),false,{16331},Commune,2026-03-24 14:41:54.362296+01,gold_establishments_2025,,,,21160331100013,2025,Collectivité Territoriale,Commune,['Charente'],['Nouvelle-Aquitaine'],COM,{16},{75}
ccacfae3-c438-4070-81e9-fde57d79219a,213304264,Commune de Saint-Laurent-des-Combes (33),false,{33426},Commune,2026-03-24 14:41:58.620411+01,gold_establishments_2025,,,,21330426400012,2025,Collectivité Territoriale,Commune,['Gironde'],['Nouvelle-Aquitaine'],COM,{33},{75}
fc5baba5-aa1e-46f5-82c6-6a6c4e63c048,212404362,Commune de Saint-Laurent-des-Hommes (24),false,{24436},Commune,2026-03-24 14:41:55.958138+01,gold_establishments_2025,,,,21240436200015,2025,Collectivité Territoriale,Commune,['Dordogne'],['Nouvelle-Aquitaine'],COM,{24},{75}
a59fe915-1fde-4ad4-8a90-e5c6cf91c297,212404370,Commune de Saint-Laurent-des-Vignes (24),false,{24437},Commune,2026-03-24 14:41:55.958138+01,gold_establishments_2025,,,,21240437000018,2025,Collectivité Territoriale,Commune,['Dordogne'],['Nouvelle-Aquitaine'],COM,{24},{75}
d8f83ee6-a283-44d0-9ea1-c97a12823ac2,213304272,Commune de Saint-Laurent-du-Bois (33),false,{33427},Commune,2026-03-24 14:41:58.620411+01,gold_establishments_2025,,,,21330427200015,2025,Collectivité Territoriale,Commune,['Gironde'],['Nouvelle-Aquitaine'],COM,{33},{75}
6360a484-50b9-41ff-9c86-22568b3eefe5,210501482,Commune de Saint-Laurent-du-Cros (05),false,{05148},Commune,2026-03-24 14:41:52.562531+01,gold_establishments_2025,,,,21050148200017,2025,Collectivité Territoriale,Commune,['Hautes-Alpes'],"[""Provence-Alpes-Côte d'Azur""]",COM,{05},{93}
dcb3bc3a-bd6f-4840-a11b-d4b3516813f8,219733110,Commune de Saint-Laurent-du-Maroni (973),false,{97311},Commune,2026-03-24 14:42:11.659493+01,gold_establishments_2025,,,,21973311000015,2025,Collectivité Territoriale,Commune,['Guyane'],['Guyane'],COM,{973},{03}
0bd68dd7-f5d1-4205-b2c2-dc1a0b0ca1f3,210702619,Commune de Saint-Laurent-du-Pape (07),false,{07261},Commune,2026-03-24 14:41:52.562531+01,gold_establishments_2025,,,,21070261900011,2025,Collectivité Territoriale,Commune,['Ardèche'],['Auvergne-Rhône-Alpes'],COM,{07},{84}
9aa79e57-71d1-43f4-955f-fee25a32a84a,213304280,Commune de Saint-Laurent-du-Plan (33),false,{33428},Commune,2026-03-24 14:41:58.620411+01,gold_establishments_2025,,,,21330428000018,2025,Collectivité Territoriale,Commune,['Gironde'],['Nouvelle-Aquitaine'],COM,{33},{75}
236df8ea-b55c-4d32-9c31-b5d6b08b8921,213804123,Commune de Saint-Laurent-du-Pont (38),false,{38412},Commune,2026-03-24 14:41:59.705606+01,gold_establishments_2025,,,,21380412300015,2025,Collectivité Territoriale,Commune,['Isère'],['Auvergne-Rhône-Alpes'],COM,{38},{84}
4fff81f4-2632-48c0-a931-fbad2dc5dd9c,212705560,Commune de Saint-Laurent-du-Tencement (27),false,{27556},Commune,2026-03-24 14:41:57.028721+01,gold_establishments_2025,,,,21270556000010,2025,Collectivité Territoriale,Commune,['Eure'],['Normandie'],COM,{27},{28}
2511b54c-41e9-4c5a-9cc9-2be2a9d9869d,210601233,Commune de Saint-Laurent-du-Var (06),false,{06123},Commune,2026-03-24 14:41:52.562531+01,gold_establishments_2025,,,,21060123300302,2025,Collectivité Territoriale,Commune,['Alpes-Maritimes'],"[""Provence-Alpes-Côte d'Azur""]",COM,{06},{93}
229b64f0-bd75-480e-a4f2-4c84c43cb9cf,210401865,Commune de Saint-Laurent-du-Verdon (04),false,{04186},Commune,2026-03-24 14:41:52.562531+01,gold_establishments_2025,,,,21040186500014,2025,Collectivité Territoriale,Commune,['Alpes-de-Haute-Provence'],"[""Provence-Alpes-Côte d'Azur""]",COM,{04},{93}
d3befaa6-13d3-4ccc-b32a-830ef1c7b59f,213804131,Commune de Saint-Laurent-en-Beaumont (38),false,{38413},Commune,2026-03-24 14:41:59.705606+01,gold_establishments_2025,,,,21380413100018,2025,Collectivité Territoriale,Commune,['Isère'],['Auvergne-Rhône-Alpes'],COM,{38},{84}
04926134-c839-4816-8378-aa3c426be053,217104371,Commune de Saint-Laurent-en-Brionnais (71),false,{71437},Commune,2026-03-24 14:42:08.279287+01,gold_establishments_2025,,,,21710437100018,2025,Collectivité Territoriale,Commune,['Saône-et-Loire'],['Bourgogne-Franche-Comté'],COM,{71},{27}
e15dabab-ebb0-4ea8-a016-c90b6a557b97,217605971,Commune de Saint-Laurent-en-Caux (76),false,{76597},Commune,2026-03-24 14:42:08.818969+01,gold_establishments_2025,,,,21760597100019,2025,Collectivité Territoriale,Commune,['Seine-Maritime'],['Normandie'],COM,{76},{28}
b3ea7d1d-f4df-4392-a429-999e078e9188,213904873,Commune de Saint-Laurent-en-Grandvaux (39),false,{39487},Commune,2026-03-24 14:41:59.705606+01,gold_establishments_2025,,,,21390487300014,2025,Collectivité Territoriale,Commune,['Jura'],['Bourgogne-Franche-Comté'],COM,{39},{27}
917ec413-f43d-4a85-8da5-4d93d1ae4146,213702244,Commune de Saint-Laurent-en-Gâtines (37),false,{37224},Commune,2026-03-24 14:41:59.160244+01,gold_establishments_2025,,,,21370224400012,2025,Collectivité Territoriale,Commune,['Indre-et-Loire'],['Centre-Val de Loire'],COM,{37},{24}
4e38ea5c-f722-4c59-8b00-83f8fe0f1d1b,212603112,Commune de Saint-Laurent-en-Royans (26),false,{26311},Commune,2026-03-24 14:41:56.495197+01,gold_establishments_2025,,,,21260311200013,2025,Collectivité Territoriale,Commune,['Drôme'],['Auvergne-Rhône-Alpes'],COM,{26},{84}
bb9ab029-c697-4e5c-8b86-ac0b95a9c091,215802489,Commune de Saint-Laurent-l'Abbaye (58),false,{58248},Commune,2026-03-24 14:42:04.280096+01,gold_establishments_2025,,,,21580248900017,2025,Collectivité Territoriale,Commune,['Nièvre'],['Bourgogne-Franche-Comté'],COM,{58},{27}
a142fea1-d136-487e-9743-5c6de6a0bfe0,214202517,Commune de Saint-Laurent-la-Conche (42),false,{42251},Commune,2026-03-24 14:42:00.273698+01,gold_establishments_2025,,,,21420251700014,2025,Collectivité Territoriale,Commune,['Loire'],['Auvergne-Rhône-Alpes'],COM,{42},{84}
4a733301-e1c5-49b5-a8d9-77af19781e8a,212803431,Commune de Saint-Laurent-la-Gâtine (28),false,{28343},Commune,2026-03-24 14:41:57.028721+01,gold_establishments_2025,,,,21280343100015,2025,Collectivité Territoriale,Commune,['Eure-et-Loir'],['Centre-Val de Loire'],COM,{28},{24}
636af838-9923-488e-bd0f-98ef6e013ec9,212404388,Commune de Saint-Laurent-la-Vallée (24),false,{24438},Commune,2026-03-24 14:41:55.958138+01,gold_establishments_2025,,,,21240438800010,2025,Collectivité Territoriale,Commune,['Dordogne'],['Nouvelle-Aquitaine'],COM,{24},{75}
43f51f67-f65f-43dd-a86e-7e0c26c7f135,213002793,Commune de Saint-Laurent-la-Vernède (30),false,{30279},Commune,2026-03-24 14:41:57.56054+01,gold_establishments_2025,,,,21300279300015,2025,Collectivité Territoriale,Commune,['Gard'],['Occitanie'],COM,{30},{76}
7935a0aa-26ac-40e1-8588-1b610aa97fd2,213002801,Commune de Saint-Laurent-le-Minier (30),false,{30280},Commune,2026-03-24 14:41:57.56054+01,gold_establishments_2025,,,,21300280100016,2025,Collectivité Territoriale,Commune,['Gard'],['Occitanie'],COM,{30},{76}
59ddeb53-1790-4689-8cab-e88a5317d225,200085140,Commune de Saint-Laurent-les-Bains-Laval-d'Aurelle (07),false,{07262},Commune,2026-03-24 14:41:52.562531+01,gold_establishments_2025,,,,20008514000016,2025,Collectivité Territoriale,Commune,['Ardèche'],['Auvergne-Rhône-Alpes'],COM,{07},{84}
5943daec-030d-479b-9471-7394fc3b5486,214602732,Commune de Saint-Laurent-les-Tours (46),false,{46273},Commune,2026-03-24 14:42:00.862623+01,gold_establishments_2025,,,,21460273200015,2025,Collectivité Territoriale,Commune,['Lot'],['Occitanie'],COM,{46},{76}
17a9c7be-b34e-4acf-9d8f-db8d8b588892,218715704,Commune de Saint-Laurent-les-Églises (87),false,{87157},Commune,2026-03-24 14:42:11.118516+01,gold_establishments_2025,,,,21871570400019,2025,Collectivité Territoriale,Commune,['Haute-Vienne'],['Nouvelle-Aquitaine'],COM,{87},{75}
84610d33-bd7c-4f8d-8893-f4e5964cf59e,210702635,Commune de Saint-Laurent-sous-Coiron (07),false,{07263},Commune,2026-03-24 14:41:52.562531+01,gold_establishments_2025,,,,21070263500017,2025,Collectivité Territoriale,Commune,['Ardèche'],['Auvergne-Rhône-Alpes'],COM,{07},{84}
7ae35074-1277-4972-b96a-305773db3bfa,218715803,Commune de Saint-Laurent-sur-Gorre (87),false,{87158},Commune,2026-03-24 14:42:11.118516+01,gold_establishments_2025,,,,21871580300019,2025,Collectivité Territoriale,Commune,['Haute-Vienne'],['Nouvelle-Aquitaine'],COM,{87},{75}
e6a6701d-b49d-4f78-8d86-6bbe49ef2baa,211406053,Commune de Saint-Laurent-sur-Mer (14),false,{14605},Commune,2026-03-24 14:41:54.362296+01,gold_establishments_2025,,,,21140605300010,2025,Collectivité Territoriale,Commune,['Calvados'],['Normandie'],COM,{14},{28}
c34186aa-6197-42c6-84b9-bf7c5cd16b10,215504614,Commune de Saint-Laurent-sur-Othain (55),false,{55461},Commune,2026-03-24 14:42:03.701372+01,gold_establishments_2025,,,,21550461400011,2025,Collectivité Territoriale,Commune,['Meuse'],['Grand Est'],COM,{55},{44}
e0410278-165d-4f08-b9c8-985502bc0a2f,215602244,Commune de Saint-Laurent-sur-Oust (56),false,{56224},Commune,2026-03-24 14:42:03.701372+01,gold_establishments_2025,,,,21560224400018,2025,Collectivité Territoriale,Commune,['Morbihan'],['Bretagne'],COM,{56},{53}
308c9921-30bd-4019-b5f8-aa59eadacdbc,210103701,Commune de Saint-Laurent-sur-Saône (01),false,{01370},Commune,2026-03-24 14:41:51.447482+01,gold_establishments_2025,,,,21010370100012,2025,Collectivité Territoriale,Commune,['Ain'],['Auvergne-Rhône-Alpes'],COM,{01},{84}
e5535e5c-f800-4c27-a0a8-ad87cfc13681,218502383,Commune de Saint-Laurent-sur-Sèvre (85),false,{85238},Commune,2026-03-24 14:42:10.508772+01,gold_establishments_2025,,,,21850238300019,2025,Collectivité Territoriale,Commune,['Vendée'],['Pays de la Loire'],COM,{85},{52}
94c68459-23bb-4ebf-af79-58f9907ca17d,217902634,Commune de Saint-Laurs (79),false,{79263},Commune,2026-03-24 14:42:09.43682+01,gold_establishments_2025,,,,21790263400013,2025,Collectivité Territoriale,Commune,['Deux-Sèvres'],['Nouvelle-Aquitaine'],COM,{79},{75}
dbf9d840-609e-40b6-8151-0760ee204dea,219740131,Commune de Saint-Leu (974),false,{97413},Commune,2026-03-24 14:42:11.659493+01,gold_establishments_2025,,,,21974013100012,2025,Collectivité Territoriale,Commune,['La Réunion'],['La Réunion'],COM,{974},{04}
46cb173e-79d6-4222-ae58-d9d3365a6602,216005777,Commune de Saint-Leu-d'Esserent (60),false,{60584},Commune,2026-03-24 14:42:04.814328+01,gold_establishments_2025,,,,21600577700018,2025,Collectivité Territoriale,Commune,['Oise'],['Hauts-de-France'],COM,{60},{32}
6e221b76-d317-4299-b5de-f5307be3ca2e,219505633,Commune de Saint-Leu-la-Forêt (95),false,{95563},Commune,2026-03-24 14:42:11.659493+01,gold_establishments_2025,,,,21950563300012,2025,Collectivité Territoriale,Commune,"[""Val-d'Oise""]",['Île-de-France'],COM,{95},{11}
44fe8e7b-3e40-4ef8-9de5-fe051e4a04cf,218102614,Commune de Saint-Lieux-lès-Lavaur (81),false,{81261},Commune,2026-03-24 14:42:09.967209+01,gold_establishments_2025,,,,21810261400011,2025,Collectivité Territoriale,Commune,['Tarn'],['Occitanie'],COM,{81},{76}
b23a0c1e-5293-42c0-ab76-a2b4e4d9e2a1,217902675,Commune de Saint-Lin (79),false,{79267},Commune,2026-03-24 14:42:09.43682+01,gold_establishments_2025,,,,21790267500016,2025,Collectivité Territoriale,Commune,['Deux-Sèvres'],['Nouvelle-Aquitaine'],COM,{79},{75}
d586bbb9-803b-4587-97ae-9f17ce38a91d,210401873,Commune de Saint-Lions (04),false,{04187},Commune,2026-03-24 14:41:52.562531+01,gold_establishments_2025,,,,21040187300018,2025,Collectivité Territoriale,Commune,['Alpes-de-Haute-Provence'],"[""Provence-Alpes-Côte d'Azur""]",COM,{04},{93}
7682a10d-55c5-437e-a053-b448c86ff17e,210902680,Commune de Saint-Lizier (09),false,{09268},Commune,2026-03-24 14:41:53.095366+01,gold_establishments_2025,,,,21090268000011,2025,Collectivité Territoriale,Commune,['Ariège'],['Occitanie'],COM,{09},{76}
f70045df-04ec-4166-a620-191b390d8817,213203862,Commune de Saint-Lizier-du-Planté (32),false,{32386},Commune,2026-03-24 14:41:58.09424+01,gold_establishments_2025,,,,21320386200015,2025,Collectivité Territoriale,Commune,['Gers'],['Occitanie'],COM,{32},{76}
2d27d53b-71f2-468b-991a-2e4a6d28bb56,214002693,Commune de Saint-Lon-les-Mines (40),false,{40269},Commune,2026-03-24 14:41:59.705606+01,gold_establishments_2025,,,,21400269300015,2025,Collectivité Territoriale,Commune,['Landes'],['Nouvelle-Aquitaine'],COM,{40},{75}
b1ead553-6f21-4f14-90a7-b1386e2e855f,217202951,Commune de Saint-Longis (72),false,{72295},Commune,2026-03-24 14:42:08.279287+01,gold_establishments_2025,,,,21720295100018,2025,Collectivité Territoriale,Commune,['Sarthe'],['Pays de la Loire'],COM,{72},{52}
ef147699-3a3c-4752-8b8c-9bcf4ff3d3d5,212203111,Commune de Saint-Lormel (22),false,{22311},Commune,2026-03-24 14:41:55.958138+01,gold_establishments_2025,,,,21220311100019,2025,Collectivité Territoriale,Commune,"[""Côtes-d'Armor""]",['Bretagne'],COM,{22},{53}
5d1c6685-f945-4aef-b7a9-0dba86d8026a,213904899,Commune de Saint-Lothain (39),false,{39489},Commune,2026-03-24 14:41:59.705606+01,gold_establishments_2025,,,,21390489900019,2025,Collectivité Territoriale,Commune,['Jura'],['Bourgogne-Franche-Comté'],COM,{39},{27}
adafdb06-4837-42fc-a531-704e01bd1348,213203870,Commune de Saint-Loube (32),false,{32387},Commune,2026-03-24 14:41:58.09424+01,gold_establishments_2025,,,,21320387000018,2025,Collectivité Territoriale,Commune,['Gers'],['Occitanie'],COM,{32},{76}
15344b47-05a9-4c93-8f14-e568c72d501f,213304322,Commune de Saint-Loubert (33),false,{33432},Commune,2026-03-24 14:41:58.620411+01,gold_establishments_2025,,,,21330432200018,2025,Collectivité Territoriale,Commune,['Gironde'],['Nouvelle-Aquitaine'],COM,{33},{75}
3235c681-340c-4e89-b81b-66470458417f,214002701,Commune de Saint-Loubouer (40),false,{40270},Commune,2026-03-24 14:41:59.705606+01,gold_establishments_2025,,,,21400270100016,2025,Collectivité Territoriale,Commune,['Landes'],['Nouvelle-Aquitaine'],COM,{40},{75}
638879f0-be83-4c90-8b53-b6bc0a75863e,213304330,Commune de Saint-Loubès (33),false,{33433},Commune,2026-03-24 14:41:58.620411+01,gold_establishments_2025,,,,21330433000011,2025,Collectivité Territoriale,Commune,['Gironde'],['Nouvelle-Aquitaine'],COM,{33},{75}
6bb5964c-8d01-454f-92d2-02d63817905a,211406079,Commune de Saint-Louet-sur-Seulles (14),false,{14607},Commune,2026-03-24 14:41:54.362296+01,gold_establishments_2025,,,,21140607900015,2025,Collectivité Territoriale,Commune,['Calvados'],['Normandie'],COM,{14},{28}
07344274-de15-4d4e-89aa-3bc922cf569f,215005042,Commune de Saint-Louet-sur-Vire (50),false,{50504},Commune,2026-03-24 14:42:01.412377+01,gold_establishments_2025,,,,21500504200019,2025,Collectivité Territoriale,Commune,['Manche'],['Normandie'],COM,{50},{28}
70911889-e1e8-44c5-81ec-e734af407a7e,215706185,Commune de Saint-Louis (57),false,{57618},Commune,2026-03-24 14:42:04.280096+01,gold_establishments_2025,,,,21570618500059,2025,Collectivité Territoriale,Commune,['Moselle'],['Grand Est'],COM,{57},{44}
4e086465-db7d-4e9f-8af2-d2834965ceee,216802975,Commune de Saint-Louis (68),false,{68297},Commune,2026-03-24 14:42:07.195692+01,gold_establishments_2025,,,,21680297500013,2025,Collectivité Territoriale,Commune,['Haut-Rhin'],['Grand Est'],COM,{68},{44}
e268b633-5687-48cc-b607-f7a08d5978a0,219711264,Commune de Saint-Louis (971),false,{97126},Commune,2026-03-24 14:42:11.659493+01,gold_establishments_2025,,,,21971126400016,2025,Collectivité Territoriale,Commune,['Guadeloupe'],['Guadeloupe'],COM,{971},{01}
f592f120-4d9d-4f42-9c61-9c26184cb0d2,219740149,Commune de Saint-Louis (974),false,{97414},Commune,2026-03-24 14:42:11.659493+01,gold_establishments_2025,,,,21974014900014,2025,Collectivité Territoriale,Commune,['La Réunion'],['La Réunion'],COM,{974},{04}
dd0deb79-a860-405b-82a2-2fe0b74162ca,213304348,Commune de Saint-Louis-de-Montferrand (33),false,{33434},Commune,2026-03-24 14:41:58.620411+01,gold_establishments_2025,,,,21330434800013,2025,Collectivité Territoriale,Commune,['Gironde'],['Nouvelle-Aquitaine'],COM,{33},{75}
4a00c730-e8ca-4275-a10c-25f007eb79f8,212404446,Commune de Saint-Louis-en-l'Isle (24),false,{24444},Commune,2026-03-24 14:41:55.958138+01,gold_establishments_2025,,,,21240444600016,2025,Collectivité Territoriale,Commune,['Dordogne'],['Nouvelle-Aquitaine'],COM,{24},{75}
48d4f31b-79ea-4e24-b9e9-32ca362e5ce4,211103528,Commune de Saint-Louis-et-Parahou (11),false,{11352},Commune,2026-03-24 14:41:53.63825+01,gold_establishments_2025,,,,21110352800017,2025,Collectivité Territoriale,Commune,['Aude'],['Occitanie'],COM,{11},{76}
add04339-c2a2-4916-94b1-eed9a63ec00e,215706193,Commune de Saint-Louis-lès-Bitche (57),false,{57619},Commune,2026-03-24 14:42:04.280096+01,gold_establishments_2025,,,,21570619300012,2025,Collectivité Territoriale,Commune,['Moselle'],['Grand Est'],COM,{57},{44}
94a35b01-e866-44cb-914e-47ac87dfb423,210302428,Commune de Saint-Loup (03),false,{03242},Commune,2026-03-24 14:41:52.020251+01,gold_establishments_2025,,,,21030242800011,2025,Collectivité Territoriale,Commune,['Allier'],['Auvergne-Rhône-Alpes'],COM,{03},{84}
c590a067-ebde-409a-89c3-478eee3e39ca,211703566,Commune de Saint-Loup (17),false,{17356},Commune,2026-03-24 14:41:54.903238+01,gold_establishments_2025,,,,21170356600011,2025,Collectivité Territoriale,Commune,['Charente-Maritime'],['Nouvelle-Aquitaine'],COM,{17},{75}
8cbc535e-8da5-46f3-914f-acd0ad7212ea,212320907,Commune de Saint-Loup (23),false,{23209},Commune,2026-03-24 14:41:55.958138+01,gold_establishments_2025,,,,21232090700018,2025,Collectivité Territoriale,Commune,['Creuse'],['Nouvelle-Aquitaine'],COM,{23},{75}
9de21ea9-5a98-428a-af65-f73574cf8a8a,213904907,Commune de Saint-Loup (39),false,{39490},Commune,2026-03-24 14:41:59.705606+01,gold_establishments_2025,,,,21390490700010,2025,Collectivité Territoriale,Commune,['Jura'],['Bourgogne-Franche-Comté'],COM,{39},{27}
41cb4464-e94f-4482-ad5c-034ec1db5c4e,214102220,Commune de Saint-Loup (41),false,{41222},Commune,2026-03-24 14:42:00.273698+01,gold_establishments_2025,,,,21410222000016,2025,Collectivité Territoriale,Commune,['Loir-et-Cher'],['Centre-Val de Loire'],COM,{41},{24}
8eafef1c-b2c6-477d-98ff-ce9a8f2b1ba6,215005059,Commune de Saint-Loup (50),false,{50505},Commune,2026-03-24 14:42:01.412377+01,gold_establishments_2025,,,,21500505900013,2025,Collectivité Territoriale,Commune,['Manche'],['Normandie'],COM,{50},{28}
4ac82e4d-242b-4c10-835c-0d6de54f5149,215104589,Commune de Saint-Loup (51),false,{51495},Commune,2026-03-24 14:42:01.954481+01,gold_establishments_2025,,,,21510458900019,2025,Collectivité Territoriale,Commune,['Marne'],['Grand Est'],COM,{51},{44}
97e51248-3a78-4b1c-ad5b-69b4493eadcc,218201655,Commune de Saint-Loup (82),false,{82165},Commune,2026-03-24 14:42:10.508772+01,gold_establishments_2025,,,,21820165500014,2025,Collectivité Territoriale,Commune,['Tarn-et-Garonne'],['Occitanie'],COM,{82},{76}
4a851874-39c2-4e26-89b6-d6b5d3e0c4ca,213104979,Commune de Saint-Loup-Cammas (31),false,{31497},Commune,2026-03-24 14:41:58.09424+01,gold_establishments_2025,,,,21310497900017,2025,Collectivité Territoriale,Commune,['Haute-Garonne'],['Occitanie'],COM,{31},{76}
e84f163a-b334-4a27-823f-09a234c1b56c,217104439,Commune de Saint-Loup-Géanges (71),false,{71443},Commune,2026-03-24 14:42:08.279287+01,gold_establishments_2025,,,,21710443900013,2025,Collectivité Territoriale,Commune,['Saône-et-Loire'],['Bourgogne-Franche-Comté'],COM,{71},{27}
25ee0c42-899a-4016-b5ae-e95e3d78ba86,211406095,Commune de Saint-Loup-Hors (14),false,{14609},Commune,2026-03-24 14:41:54.362296+01,gold_establishments_2025,,,,21140609500011,2025,Collectivité Territoriale,Commune,['Calvados'],['Normandie'],COM,{14},{28}
2a414562-2a96-4ed9-933f-7ff6e6ff5f7d,217902683,Commune de Saint-Loup-Lamairé (79),false,{79268},Commune,2026-03-24 14:42:09.43682+01,gold_establishments_2025,,,,21790268300010,2025,Collectivité Territoriale,Commune,['Deux-Sèvres'],['Nouvelle-Aquitaine'],COM,{79},{75}
96e83fb6-3f2b-4f65-945b-4d965104d914,217004662,Commune de Saint-Loup-Nantouard (70),false,{70466},Commune,2026-03-24 14:42:07.735343+01,gold_establishments_2025,,,,21700466200011,2025,Collectivité Territoriale,Commune,['Haute-Saône'],['Bourgogne-Franche-Comté'],COM,{70},{27}
1fa2141d-5691-4cce-bb93-26d4870e57bf,210803508,Commune de Saint-Loup-Terrier (08),false,{08387},Commune,2026-03-24 14:41:53.095366+01,gold_establishments_2025,,,,21080350800014,2025,Collectivité Territoriale,Commune,['Ardennes'],['Grand Est'],COM,{08},{44}
ba6c0c6c-5c0f-41ec-a97c-1e6de1e823cf,218903508,Commune de Saint-Loup-d'Ordon (89),false,{89350},Commune,2026-03-24 14:42:11.659493+01,gold_establishments_2025,,,,21890350800016,2025,Collectivité Territoriale,Commune,['Yonne'],['Bourgogne-Franche-Comté'],COM,{89},{27}
a23e9a9e-4dce-4256-8738-098fab68aec3,211003363,Commune de Saint-Loup-de-Buffigny (10),false,{10347},Commune,2026-03-24 14:41:53.095366+01,gold_establishments_2025,,,,21100336300010,2025,Collectivité Territoriale,Commune,['Aube'],['Grand Est'],COM,{10},{44}
8adab159-bffb-43e7-8fc9-b5fc4cda2a8d,217704188,Commune de Saint-Loup-de-Naud (77),false,{77418},Commune,2026-03-24 14:42:09.43682+01,gold_establishments_2025,,,,21770418800010,2025,Collectivité Territoriale,Commune,['Seine-et-Marne'],['Île-de-France'],COM,{77},{11}
459214d4-d13c-4b51-86a8-308f798a053b,217104447,Commune de Saint-Loup-de-Varennes (71),false,{71444},Commune,2026-03-24 14:42:08.279287+01,gold_establishments_2025,,,,21710444700016,2025,Collectivité Territoriale,Commune,['Saône-et-Loire'],['Bourgogne-Franche-Comté'],COM,{71},{27}
337217e1-2049-4e02-81dc-15a7a9e1bafb,215802513,Commune de Saint-Loup-des-Bois (58),false,{58251},Commune,2026-03-24 14:42:04.280096+01,gold_establishments_2025,,,,21580251300014,2025,Collectivité Territoriale,Commune,['Nièvre'],['Bourgogne-Franche-Comté'],COM,{58},{27}
8e61b1e2-8183-4090-bf7a-61698e3d59e8,211802210,Commune de Saint-Loup-des-Chaumes (18),false,{18221},Commune,2026-03-24 14:41:54.903238+01,gold_establishments_2025,,,,21180221000016,2025,Collectivité Territoriale,Commune,['Cher'],['Centre-Val de Loire'],COM,{18},{24}
30e4d6e3-76bf-46e1-a257-19efd0118452,214502882,Commune de Saint-Loup-des-Vignes (45),false,{45288},Commune,2026-03-24 14:42:00.862623+01,gold_establishments_2025,,,,21450288200019,2025,Collectivité Territoriale,Commune,['Loiret'],['Centre-Val de Loire'],COM,{45},{24}
175008ad-f27d-4d67-ba33-c4008ae62032,215302332,Commune de Saint-Loup-du-Dorat (53),false,{53233},Commune,2026-03-24 14:42:02.957225+01,gold_establishments_2025,,,,21530233200014,2025,Collectivité Territoriale,Commune,['Mayenne'],['Pays de la Loire'],COM,{53},{52}
de698539-4b08-4808-90ff-3df5ad869c24,215302340,Commune de Saint-Loup-du-Gast (53),false,{53234},Commune,2026-03-24 14:42:02.957225+01,gold_establishments_2025,,,,21530234000017,2025,Collectivité Territoriale,Commune,['Mayenne'],['Pays de la Loire'],COM,{53},{52}
425404f6-f9aa-43b3-9dae-2017ff7f70f9,210803490,Commune de Saint-Loup-en-Champagne (08),false,{08386},Commune,2026-03-24 14:41:53.095366+01,gold_establishments_2025,,,,21080349000015,2025,Collectivité Territoriale,Commune,['Ardennes'],['Grand Est'],COM,{08},{44}
979a30f3-2bb3-450e-b5b5-f81f0956f9e4,213104987,Commune de Saint-Loup-en-Comminges (31),false,{31498},Commune,2026-03-24 14:41:58.09424+01,gold_establishments_2025,,,,21310498700010,2025,Collectivité Territoriale,Commune,['Haute-Garonne'],['Occitanie'],COM,{31},{76}
6a78ff07-5b48-42ef-bd32-be0cd8ad5879,215203258,Commune de Saint-Loup-sur-Aujon (52),false,{52450},Commune,2026-03-24 14:42:01.954481+01,gold_establishments_2025,,,,21520325800011,2025,Collectivité Territoriale,Commune,['Haute-Marne'],['Grand Est'],COM,{52},{44}
4cfd8faa-fa25-4f26-b27f-599521983ca8,217004670,Commune de Saint-Loup-sur-Semouse (70),false,{70467},Commune,2026-03-24 14:42:07.735343+01,gold_establishments_2025,,,,21700467000014,2025,Collectivité Territoriale,Commune,['Haute-Saône'],['Bourgogne-Franche-Comté'],COM,{70},{27}
3ad64044-d3f9-4313-a131-d311f2f79895,212803464,Commune de Saint-Lubin-de-Cravant (28),false,{28346},Commune,2026-03-24 14:41:57.028721+01,gold_establishments_2025,,,,21280346400016,2025,Collectivité Territoriale,Commune,['Eure-et-Loir'],['Centre-Val de Loire'],COM,{28},{24}
09945a50-37a5-4323-891c-83a05a5da7f7,212803472,Commune de Saint-Lubin-de-la-Haye (28),false,{28347},Commune,2026-03-24 14:41:57.028721+01,gold_establishments_2025,,,,21280347200019,2025,Collectivité Territoriale,Commune,['Eure-et-Loir'],['Centre-Val de Loire'],COM,{28},{24}
062f13c0-e006-4f3b-b418-a8f9e79e8fb2,212803480,Commune de Saint-Lubin-des-Joncherets (28),false,{28348},Commune,2026-03-24 14:41:57.028721+01,gold_establishments_2025,,,,21280348000012,2025,Collectivité Territoriale,Commune,['Eure-et-Loir'],['Centre-Val de Loire'],COM,{28},{24}
b8a96a63-44cf-443b-867e-e27fc86f9a5b,214102238,Commune de Saint-Lubin-en-Vergonnois (41),false,{41223},Commune,2026-03-24 14:42:00.273698+01,gold_establishments_2025,,,,21410223800018,2025,Collectivité Territoriale,Commune,['Loir-et-Cher'],['Centre-Val de Loire'],COM,{41},{24}
0d5fac2c-63b2-401b-819e-2c1b4298adfc,212705602,Commune de Saint-Luc (27),false,{27560},Commune,2026-03-24 14:41:57.028721+01,gold_establishments_2025,,,,21270560200010,2025,Collectivité Territoriale,Commune,['Eure'],['Normandie'],COM,{27},{28}
393c16a4-d702-4f40-ae00-aeddfc4d47aa,212803498,Commune de Saint-Lucien (28),false,{28349},Commune,2026-03-24 14:41:57.028721+01,gold_establishments_2025,,,,21280349800014,2025,Collectivité Territoriale,Commune,['Eure-et-Loir'],['Centre-Val de Loire'],COM,{28},{24}
18b155c0-8907-4f1f-bae6-406d15a20cd0,217606011,Commune de Saint-Lucien (76),false,{76601},Commune,2026-03-24 14:42:08.818969+01,gold_establishments_2025,,,,21760601100013,2025,Collectivité Territoriale,Commune,['Seine-Maritime'],['Normandie'],COM,{76},{28}
60a91215-1125-471c-8971-46afa2f52e9f,215104597,Commune de Saint-Lumier-en-Champagne (51),false,{51496},Commune,2026-03-24 14:42:01.954481+01,gold_establishments_2025,,,,21510459700012,2025,Collectivité Territoriale,Commune,['Marne'],['Grand Est'],COM,{51},{44}
d969a058-3205-4db9-a967-d9669fc60946,215104605,Commune de Saint-Lumier-la-Populeuse (51),false,{51497},Commune,2026-03-24 14:42:01.954481+01,gold_establishments_2025,,,,21510460500013,2025,Collectivité Territoriale,Commune,['Marne'],['Grand Est'],COM,{51},{44}
d7fa9a54-d6c0-4d01-b51d-8a98a3e51741,214401739,Commune de Saint-Lumine-de-Clisson (44),false,{44173},Commune,2026-03-24 14:42:00.273698+01,gold_establishments_2025,,,,21440173900013,2025,Collectivité Territoriale,Commune,['Loire-Atlantique'],['Pays de la Loire'],COM,{44},{52}
4e4c80c7-81df-4b57-aefa-df95e72fc44b,214401747,Commune de Saint-Lumine-de-Coutais (44),false,{44174},Commune,2026-03-24 14:42:00.862623+01,gold_establishments_2025,,,,21440174700016,2025,Collectivité Territoriale,Commune,['Loire-Atlantique'],['Pays de la Loire'],COM,{44},{52}
e37c984b-5f4d-4fc0-b09b-54268d576ae7,213502875,Commune de Saint-Lunaire (35),false,{35287},Commune,2026-03-24 14:41:59.160244+01,gold_establishments_2025,,,,21350287500015,2025,Collectivité Territoriale,Commune,['Ille-et-Vilaine'],['Bretagne'],COM,{35},{53}
80fa9234-dfc8-4da0-8783-aa4df99752cc,212803506,Commune de Saint-Luperce (28),false,{28350},Commune,2026-03-24 14:41:57.028721+01,gold_establishments_2025,,,,21280350600014,2025,Collectivité Territoriale,Commune,['Eure-et-Loir'],['Centre-Val de Loire'],COM,{28},{24}
065e1a79-fad6-45a0-9305-4b3a401ef5d8,211003371,Commune de Saint-Lupien (10),false,{10348},Commune,2026-03-24 14:41:53.095366+01,gold_establishments_2025,,,,21100337100054,2025,Collectivité Territoriale,Commune,['Aube'],['Grand Est'],COM,{10},{44}
37515879-02a5-4dfc-a8f3-7b93b1468967,214401754,Commune de Saint-Lyphard (44),false,{44175},Commune,2026-03-24 14:42:00.862623+01,gold_establishments_2025,,,,21440175400012,2025,Collectivité Territoriale,Commune,['Loire-Atlantique'],['Pays de la Loire'],COM,{44},{52}
aae7ddff-d8da-4866-a240-0bade3ce42cc,213104995,Commune de Saint-Lys (31),false,{31499},Commune,2026-03-24 14:41:58.09424+01,gold_establishments_2025,,,,21310499500013,2025,Collectivité Territoriale,Commune,['Haute-Garonne'],['Occitanie'],COM,{31},{76}
e149b3a8-ec76-4bc4-8d93-4f4957bfeca1,211003389,Commune de Saint-Lyé (10),false,{10349},Commune,2026-03-24 14:41:53.095366+01,gold_establishments_2025,,,,21100338900015,2025,Collectivité Territoriale,Commune,['Aube'],['Grand Est'],COM,{10},{44}
b1b46826-8b85-4cfc-bfc8-6617a70acc0a,214502890,Commune de Saint-Lyé-la-Forêt (45),false,{45289},Commune,2026-03-24 14:42:00.862623+01,gold_establishments_2025,,,,21450289000012,2025,Collectivité Territoriale,Commune,['Loiret'],['Centre-Val de Loire'],COM,{45},{24}
c32ac1c6-7564-46bc-9749-0161e2eb9946,210601241,Commune de Saint-Léger (06),false,{06124},Commune,2026-03-24 14:41:52.562531+01,gold_establishments_2025,,,,21060124100016,2025,Collectivité Territoriale,Commune,['Alpes-Maritimes'],"[""Provence-Alpes-Côte d'Azur""]",COM,{06},{93}
3363302b-10b5-4e11-b210-5459005593f4,211703541,Commune de Saint-Léger (17),false,{17354},Commune,2026-03-24 14:41:54.903238+01,gold_establishments_2025,,,,21170354100014,2025,Collectivité Territoriale,Commune,['Charente-Maritime'],['Nouvelle-Aquitaine'],COM,{17},{75}
3738936a-f786-4197-a58b-d6f90a276082,214702508,Commune de Saint-Léger (47),false,{47250},Commune,2026-03-24 14:42:00.862623+01,gold_establishments_2025,,,,21470250800018,2025,Collectivité Territoriale,Commune,['Lot-et-Garonne'],['Nouvelle-Aquitaine'],COM,{47},{75}
1611f411-ea99-4c53-b5f6-27a0a715f2c9,215302324,Commune de Saint-Léger (53),false,{53232},Commune,2026-03-24 14:42:02.957225+01,gold_establishments_2025,,,,21530232400011,2025,Collectivité Territoriale,Commune,['Mayenne'],['Pays de la Loire'],COM,{53},{52}
1edba3f6-79c2-4c4a-8286-07524eb28d23,216207548,Commune de Saint-Léger (62),false,{62754},Commune,2026-03-24 14:42:06.130387+01,gold_establishments_2025,,,,21620754800019,2025,Collectivité Territoriale,Commune,['Pas-de-Calais'],['Hauts-de-France'],COM,{62},{32}
479bd6ed-a35e-461f-8a64-b3d2d4c75a4f,217302520,Commune de Saint-Léger (73),false,{73252},Commune,2026-03-24 14:42:08.279287+01,gold_establishments_2025,,,,21730252000010,2025,Collectivité Territoriale,Commune,['Savoie'],['Auvergne-Rhône-Alpes'],COM,{73},{84}
1b5fb7de-a1b3-476a-9c4f-877acbc00d22,217704170,Commune de Saint-Léger (77),false,{77417},Commune,2026-03-24 14:42:09.43682+01,gold_establishments_2025,,,,21770417000018,2025,Collectivité Territoriale,Commune,['Seine-et-Marne'],['Île-de-France'],COM,{77},{11}
5fa1d8d4-2874-4584-b1d3-eb9531e7ec11,212320709,Commune de Saint-Léger-Bridereix (23),false,{23207},Commune,2026-03-24 14:41:55.958138+01,gold_establishments_2025,,,,21232070900018,2025,Collectivité Territoriale,Commune,['Creuse'],['Nouvelle-Aquitaine'],COM,{23},{75}
915031bf-4b74-44ca-ba99-d875e5d4ac36,211406061,Commune de Saint-Léger-Dubosq (14),false,{14606},Commune,2026-03-24 14:41:54.362296+01,gold_establishments_2025,,,,21140606100013,2025,Collectivité Territoriale,Commune,['Calvados'],['Normandie'],COM,{14},{28}
7a0a8ef7-b1c4-4d66-af81-ab5326246225,218716009,Commune de Saint-Léger-Magnazeix (87),false,{87160},Commune,2026-03-24 14:42:11.118516+01,gold_establishments_2025,,,,21871600900012,2025,Collectivité Territoriale,Commune,['Haute-Vienne'],['Nouvelle-Aquitaine'],COM,{87},{75}
8d9383c9-41c8-4e2a-8681-f6c8e8e57fcf,212105563,Commune de Saint-Léger-Triey (21),false,{21556},Commune,2026-03-24 14:41:55.433389+01,gold_establishments_2025,,,,21210556300010,2025,Collectivité Territoriale,Commune,"[""Côte-d'Or""]",['Bourgogne-Franche-Comté'],COM,{21},{27}
117e2bbd-007f-4807-afc3-23ec04342c04,218903490,Commune de Saint-Léger-Vauban (89),false,{89349},Commune,2026-03-24 14:42:11.659493+01,gold_establishments_2025,,,,21890349000017,2025,Collectivité Territoriale,Commune,['Yonne'],['Bourgogne-Franche-Comté'],COM,{89},{27}
6ca5ba7f-af6a-41c8-a4a3-e3845d4dcb09,216005751,Commune de Saint-Léger-aux-Bois (60),false,{60582},Commune,2026-03-24 14:42:04.814328+01,gold_establishments_2025,,,,21600575100013,2025,Collectivité Territoriale,Commune,['Oise'],['Hauts-de-France'],COM,{60},{32}
87e0dae5-efc9-41d8-bdbb-d494ee48e36f,217605989,Commune de Saint-Léger-aux-Bois (76),false,{76598},Commune,2026-03-24 14:42:08.818969+01,gold_establishments_2025,,,,21760598900011,2025,Collectivité Territoriale,Commune,['Seine-Maritime'],['Normandie'],COM,{76},{28}
c6cbda1c-d565-43a1-95c2-7760994b2654,213304298,Commune de Saint-Léger-de-Balson (33),false,{33429},Commune,2026-03-24 14:41:58.620411+01,gold_establishments_2025,,,,21330429800010,2025,Collectivité Territoriale,Commune,['Gironde'],['Nouvelle-Aquitaine'],COM,{33},{75}
94693dfa-2b33-4be6-995a-6b248b54f4e2,215802497,Commune de Saint-Léger-de-Fougeret (58),false,{58249},Commune,2026-03-24 14:42:04.280096+01,gold_establishments_2025,,,,21580249700010,2025,Collectivité Territoriale,Commune,['Nièvre'],['Bourgogne-Franche-Comté'],COM,{58},{27}
207f32fd-2c2c-4375-be55-cdcb27a8c28d,200082550,Commune de Saint-Léger-de-Linières (49),false,{49298},Commune,2026-03-24 14:42:01.412377+01,gold_establishments_2025,,,,20008255000019,2025,Collectivité Territoriale,Commune,['Maine-et-Loire'],['Pays de la Loire'],COM,{49},{52}
ebf22a13-b333-4778-822a-07ac421f3eeb,218602290,Commune de Saint-Léger-de-Montbrillais (86),false,{86229},Commune,2026-03-24 14:42:10.508772+01,gold_establishments_2025,,,,21860229000015,2025,Collectivité Territoriale,Commune,['Vienne'],['Nouvelle-Aquitaine'],COM,{86},{75}
67ddbdc9-a582-4758-adde-90dc0a47ac8d,217902659,Commune de Saint-Léger-de-Montbrun (79),false,{79265},Commune,2026-03-24 14:42:09.43682+01,gold_establishments_2025,,,,21790265900010,2025,Collectivité Territoriale,Commune,['Deux-Sèvres'],['Nouvelle-Aquitaine'],COM,{79},{75}
240a07d6-3ab0-45b0-8cf4-54f7c21dcf54,214801680,Commune de Saint-Léger-de-Peyre (48),false,{48168},Commune,2026-03-24 14:42:01.412377+01,gold_establishments_2025,,,,21480168000015,2025,Collectivité Territoriale,Commune,['Lozère'],['Occitanie'],COM,{48},{76}
9cb2a4c9-558a-41f1-b587-06ee8f793641,212705578,Commune de Saint-Léger-de-Rôtes (27),false,{27557},Commune,2026-03-24 14:41:57.028721+01,gold_establishments_2025,,,,21270557800012,2025,Collectivité Territoriale,Commune,['Eure'],['Normandie'],COM,{27},{28}
996d64fa-e7e1-4d87-9fe0-80b1adc95bf6,212803449,Commune de Saint-Léger-des-Aubées (28),false,{28344},Commune,2026-03-24 14:41:57.028721+01,gold_establishments_2025,,,,21280344900017,2025,Collectivité Territoriale,Commune,['Eure-et-Loir'],['Centre-Val de Loire'],COM,{28},{24}
fcf9cbe5-9cd8-46a1-9b10-943beee59293,213502867,Commune de Saint-Léger-des-Prés (35),false,{35286},Commune,2026-03-24 14:41:59.160244+01,gold_establishments_2025,,,,21350286700012,2025,Collectivité Territoriale,Commune,['Ille-et-Vilaine'],['Bretagne'],COM,{35},{53}
59302ff4-edd6-4941-b030-634ad896bfe9,215802505,Commune de Saint-Léger-des-Vignes (58),false,{58250},Commune,2026-03-24 14:42:04.280096+01,gold_establishments_2025,,,,21580250500010,2025,Collectivité Territoriale,Commune,['Nièvre'],['Bourgogne-Franche-Comté'],COM,{58},{27}
6fd3d4a9-311e-4875-a1e3-f0fbd48f5cc5,217104389,Commune de Saint-Léger-du-Bois (71),false,{71438},Commune,2026-03-24 14:42:08.279287+01,gold_establishments_2025,,,,21710438900010,2025,Collectivité Territoriale,Commune,['Saône-et-Loire'],['Bourgogne-Franche-Comté'],COM,{71},{27}
773b75b5-176e-4112-b017-d37d4535bc44,217605997,Commune de Saint-Léger-du-Bourg-Denis (76),false,{76599},Commune,2026-03-24 14:42:08.818969+01,gold_establishments_2025,,,,21760599700014,2025,Collectivité Territoriale,Commune,['Seine-Maritime'],['Normandie'],COM,{76},{28}
7b6df1d6-27df-4ec2-a1c5-0a893548df9b,212705586,Commune de Saint-Léger-du-Gennetey (27),false,{27558},Commune,2026-03-24 14:41:57.028721+01,gold_establishments_2025,,,,21270558600015,2025,Collectivité Territoriale,Commune,['Eure'],['Normandie'],COM,{27},{28}
4092737c-9534-4f13-9355-597d7aac7875,214801698,Commune de Saint-Léger-du-Malzieu (48),false,{48169},Commune,2026-03-24 14:42:01.412377+01,gold_establishments_2025,,,,21480169800017,2025,Collectivité Territoriale,Commune,['Lozère'],['Occitanie'],COM,{48},{76}
ca7f670a-8e90-4fe0-8557-44787e66d8d3,218401107,Commune de Saint-Léger-du-Ventoux (84),false,{84110},Commune,2026-03-24 14:42:10.508772+01,gold_establishments_2025,,,,21840110700014,2025,Collectivité Territoriale,Commune,['Vaucluse'],"[""Provence-Alpes-Côte d'Azur""]",COM,{84},{93}
78fefcee-05c7-44ad-a338-76eb7639e4f6,216005769,Commune de Saint-Léger-en-Bray (60),false,{60583},Commune,2026-03-24 14:42:04.814328+01,gold_establishments_2025,,,,21600576900015,2025,Collectivité Territoriale,Commune,['Oise'],['Hauts-de-France'],COM,{60},{32}
a5899e12-4e9c-4c38-a14a-b0993193ac19,217805621,Commune de Saint-Léger-en-Yvelines (78),false,{78562},Commune,2026-03-24 14:42:09.43682+01,gold_establishments_2025,,,,21780562100018,2025,Collectivité Territoriale,Commune,['Yvelines'],['Île-de-France'],COM,{78},{11}
7955b7ee-52ad-4e66-a56f-979d320c618a,218715902,Commune de Saint-Léger-la-Montagne (87),false,{87159},Commune,2026-03-24 14:42:11.118516+01,gold_establishments_2025,,,,21871590200019,2025,Collectivité Territoriale,Commune,['Haute-Vienne'],['Nouvelle-Aquitaine'],COM,{87},{75}
ed36b9f6-93e1-48bc-bd4e-9b8295e738c4,212320808,Commune de Saint-Léger-le-Guérétois (23),false,{23208},Commune,2026-03-24 14:41:55.958138+01,gold_establishments_2025,,,,21232080800075,2025,Collectivité Territoriale,Commune,['Creuse'],['Nouvelle-Aquitaine'],COM,{23},{75}
d0c8879c-36c2-49fe-bdb2-68416fc3f49f,211802202,Commune de Saint-Léger-le-Petit (18),false,{18220},Commune,2026-03-24 14:41:54.903238+01,gold_establishments_2025,,,,21180220200013,2025,Collectivité Territoriale,Commune,['Cher'],['Centre-Val de Loire'],COM,{18},{24}
720c3613-0926-4f40-ae95-27be67221e41,210501490,Commune de Saint-Léger-les-Mélèzes (05),false,{05149},Commune,2026-03-24 14:41:52.562531+01,gold_establishments_2025,,,,21050149000010,2025,Collectivité Territoriale,Commune,['Hautes-Alpes'],"[""Provence-Alpes-Côte d'Azur""]",COM,{05},{93}
5388b594-9001-4cbb-a132-4dba0ff5f561,214401713,Commune de Saint-Léger-les-Vignes (44),false,{44171},Commune,2026-03-24 14:42:00.273698+01,gold_establishments_2025,,,,21440171300018,2025,Collectivité Territoriale,Commune,['Loire-Atlantique'],['Pays de la Loire'],COM,{44},{52}
13391e2b-e582-44a7-8b4a-b1730e87ca2b,218006641,Commune de Saint-Léger-lès-Authie (80),false,{80705},Commune,2026-03-24 14:42:09.967209+01,gold_establishments_2025,,,,21800664100011,2025,Collectivité Territoriale,Commune,['Somme'],['Hauts-de-France'],COM,{80},{32}
f76999f9-355c-4c29-b362-85447cd6c101,218006658,Commune de Saint-Léger-lès-Domart (80),false,{80706},Commune,2026-03-24 14:42:09.967209+01,gold_establishments_2025,,,,21800665800015,2025,Collectivité Territoriale,Commune,['Somme'],['Hauts-de-France'],COM,{80},{32}
bafa0a46-9882-4987-b32f-f23972007d96,217104397,Commune de Saint-Léger-lès-Paray (71),false,{71439},Commune,2026-03-24 14:42:08.279287+01,gold_establishments_2025,,,,21710439700013,2025,Collectivité Territoriale,Commune,['Saône-et-Loire'],['Bourgogne-Franche-Comté'],COM,{71},{27}
afe1d832-426b-4c9c-8307-e05a9211a6e6,211003330,Commune de Saint-Léger-près-Troyes (10),false,{10344},Commune,2026-03-24 14:41:53.095366+01,gold_establishments_2025,,,,21100333000019,2025,Collectivité Territoriale,Commune,['Aube'],['Grand Est'],COM,{10},{44}
66700d6a-a0ae-40c7-8f84-cc7a22d823a5,217104405,Commune de Saint-Léger-sous-Beuvray (71),false,{71440},Commune,2026-03-24 14:42:08.279287+01,gold_establishments_2025,,,,21710440500014,2025,Collectivité Territoriale,Commune,['Saône-et-Loire'],['Bourgogne-Franche-Comté'],COM,{71},{27}
565a9109-b464-4b5c-b9d1-387443d0425c,211003348,Commune de Saint-Léger-sous-Brienne (10),false,{10345},Commune,2026-03-24 14:41:53.095366+01,gold_establishments_2025,,,,21100334800011,2025,Collectivité Territoriale,Commune,['Aube'],['Grand Est'],COM,{10},{44}
08888806-6a52-4994-9f25-454f23cd9fb8,214902991,Commune de Saint-Léger-sous-Cholet (49),false,{49299},Commune,2026-03-24 14:42:01.412377+01,gold_establishments_2025,,,,21490299100014,2025,Collectivité Territoriale,Commune,['Maine-et-Loire'],['Pays de la Loire'],COM,{49},{52}
62244133-b8d1-41ef-8930-766ecb954324,211003355,Commune de Saint-Léger-sous-Margerie (10),false,{10346},Commune,2026-03-24 14:41:53.095366+01,gold_establishments_2025,,,,21100335500016,2025,Collectivité Territoriale,Commune,['Aube'],['Grand Est'],COM,{10},{44}
7fcb27fa-ff19-4750-b935-420c8f61ef4b,217104413,Commune de Saint-Léger-sous-la-Bussière (71),false,{71441},Commune,2026-03-24 14:42:08.279287+01,gold_establishments_2025,,,,21710441300018,2025,Collectivité Territoriale,Commune,['Saône-et-Loire'],['Bourgogne-Franche-Comté'],COM,{71},{27}
0a6dbe68-398b-4019-8f84-4befdd101f2c,218006666,Commune de Saint-Léger-sur-Bresle (80),false,{80707},Commune,2026-03-24 14:42:09.967209+01,gold_establishments_2025,,,,21800666600018,2025,Collectivité Territoriale,Commune,['Somme'],['Hauts-de-France'],COM,{80},{32}
856b61e9-fe84-469a-b9bd-4e88c986eff4,217104421,Commune de Saint-Léger-sur-Dheune (71),false,{71442},Commune,2026-03-24 14:42:08.279287+01,gold_establishments_2025,,,,21710442100011,2025,Collectivité Territoriale,Commune,['Saône-et-Loire'],['Bourgogne-Franche-Comté'],COM,{71},{27}
77994502-ae97-4597-a2e3-c662f465457e,214202533,Commune de Saint-Léger-sur-Roanne (42),false,{42253},Commune,2026-03-24 14:42:00.273698+01,gold_establishments_2025,,,,21420253300011,2025,Collectivité Territoriale,Commune,['Loire'],['Auvergne-Rhône-Alpes'],COM,{42},{84}
807b4d4a-c6a8-4b9d-a7af-0cf65af4df38,216104158,Commune de Saint-Léger-sur-Sarthe (61),false,{61415},Commune,2026-03-24 14:42:05.597325+01,gold_establishments_2025,,,,21610415800011,2025,Collectivité Territoriale,Commune,['Orne'],['Normandie'],COM,{61},{28}
02ebd223-43b3-4693-be54-e1b6a4ebef49,210302394,Commune de Saint-Léger-sur-Vouzance (03),false,{03239},Commune,2026-03-24 14:41:52.020251+01,gold_establishments_2025,,,,21030239400015,2025,Collectivité Territoriale,Commune,['Allier'],['Auvergne-Rhône-Alpes'],COM,{03},{84}
fa47d3be-992f-446d-9b9f-a276dc0916cb,218602308,Commune de Saint-Léomer (86),false,{86230},Commune,2026-03-24 14:42:10.508772+01,gold_establishments_2025,,,,21860230800015,2025,Collectivité Territoriale,Commune,['Vienne'],['Nouvelle-Aquitaine'],COM,{86},{75}
3f8c4712-7ade-4fed-a517-11a6951c5a65,210302402,Commune de Saint-Léon (03),false,{03240},Commune,2026-03-24 14:41:52.020251+01,gold_establishments_2025,,,,21030240200016,2025,Collectivité Territoriale,Commune,['Allier'],['Auvergne-Rhône-Alpes'],COM,{03},{84}
4abf9295-6160-4c63-8f82-1909b7199efc,213104953,Commune de Saint-Léon (31),false,{31495},Commune,2026-03-24 14:41:58.09424+01,gold_establishments_2025,,,,21310495300012,2025,Collectivité Territoriale,Commune,['Haute-Garonne'],['Occitanie'],COM,{31},{76}
924bc672-e390-41b3-924d-b2cb728e1c18,213304314,Commune de Saint-Léon (33),false,{33431},Commune,2026-03-24 14:41:58.620411+01,gold_establishments_2025,,,,21330431400015,2025,Collectivité Territoriale,Commune,['Gironde'],['Nouvelle-Aquitaine'],COM,{33},{75}
0a0ed287-174c-4471-880f-498d17bbe157,214702516,Commune de Saint-Léon (47),false,{47251},Commune,2026-03-24 14:42:00.862623+01,gold_establishments_2025,,,,21470251600011,2025,Collectivité Territoriale,Commune,['Lot-et-Garonne'],['Nouvelle-Aquitaine'],COM,{47},{75}
e78b662d-c446-43fe-9362-73d859c1a215,212404412,Commune de Saint-Léon-d'Issigeac (24),false,{24441},Commune,2026-03-24 14:41:55.958138+01,gold_establishments_2025,,,,21240441200018,2025,Collectivité Territoriale,Commune,['Dordogne'],['Nouvelle-Aquitaine'],COM,{24},{75}
9a905a8e-b783-4b00-8d86-8164bc1046a3,212404438,Commune de Saint-Léon-sur-Vézère (24),false,{24443},Commune,2026-03-24 14:41:55.958138+01,gold_establishments_2025,,,,21240443800013,2025,Collectivité Territoriale,Commune,['Dordogne'],['Nouvelle-Aquitaine'],COM,{24},{75}
4f24f8cd-15e5-47d8-a973-a521705f8919,212404420,Commune de Saint-Léon-sur-l'Isle (24),false,{24442},Commune,2026-03-24 14:41:55.958138+01,gold_establishments_2025,,,,21240442000011,2025,Collectivité Territoriale,Commune,['Dordogne'],['Nouvelle-Aquitaine'],COM,{24},{75}
6e27071f-16f5-4902-a57c-c855caa49e42,213203854,Commune de Saint-Léonard (32),false,{32385},Commune,2026-03-24 14:41:58.09424+01,gold_establishments_2025,,,,21320385400012,2025,Collectivité Territoriale,Commune,['Gers'],['Occitanie'],COM,{32},{76}
1b8b5e61-f636-4048-b2dd-a8b5e7fead39,215104571,Commune de Saint-Léonard (51),false,{51493},Commune,2026-03-24 14:42:01.954481+01,gold_establishments_2025,,,,21510457100017,2025,Collectivité Territoriale,Commune,['Marne'],['Grand Est'],COM,{51},{44}
7e612703-f7c3-42e7-9277-58d67626fdfc,216207555,Commune de Saint-Léonard (62),false,{62755},Commune,2026-03-24 14:42:06.130387+01,gold_establishments_2025,,,,21620755500014,2025,Collectivité Territoriale,Commune,['Pas-de-Calais'],['Hauts-de-France'],COM,{62},{32}
fa800d25-01f0-4f8c-97f8-4721c6a515c5,217606003,Commune de Saint-Léonard (76),false,{76600},Commune,2026-03-24 14:42:08.818969+01,gold_establishments_2025,,,,21760600300010,2025,Collectivité Territoriale,Commune,['Seine-Maritime'],['Normandie'],COM,{76},{28}
510d1ca4-80ef-40fb-8b56-45851a24f4cf,218804235,Commune de Saint-Léonard (88),false,{88423},Commune,2026-03-24 14:42:11.118516+01,gold_establishments_2025,,,,21880423500016,2025,Collectivité Territoriale,Commune,['Vosges'],['Grand Est'],COM,{88},{44}
5138bad9-7c53-4c76-ad7d-bd236f8c35ac,218716108,Commune de Saint-Léonard-de-Noblat (87),false,{87161},Commune,2026-03-24 14:42:11.118516+01,gold_establishments_2025,,,,21871610800012,2025,Collectivité Territoriale,Commune,['Haute-Vienne'],['Nouvelle-Aquitaine'],COM,{87},{75}
a47814ba-2099-48c2-b67a-a5b844083a41,217202944,Commune de Saint-Léonard-des-Bois (72),false,{72294},Commune,2026-03-24 14:42:08.279287+01,gold_establishments_2025,,,,21720294400013,2025,Collectivité Territoriale,Commune,['Sarthe'],['Pays de la Loire'],COM,{72},{52}
99b2677a-c7f9-4807-9751-0e68ccd2f5b8,216104166,Commune de Saint-Léonard-des-Parcs (61),false,{61416},Commune,2026-03-24 14:42:05.597325+01,gold_establishments_2025,,,,21610416600014,2025,Collectivité Territoriale,Commune,['Orne'],['Normandie'],COM,{61},{28}
463fb9e7-1ccc-47b1-b670-c05b9b7c962c,214102212,Commune de Saint-Léonard-en-Beauce (41),false,{41221},Commune,2026-03-24 14:42:00.273698+01,gold_establishments_2025,,,,21410221200013,2025,Collectivité Territoriale,Commune,['Loir-et-Cher'],['Centre-Val de Loire'],COM,{41},{24}
ac3b5128-216a-4e04-b6fc-48f23d37170b,211202387,Commune de Saint-Léons (12),false,{12238},Commune,2026-03-24 14:41:53.63825+01,gold_establishments_2025,,,,21120238700018,2025,Collectivité Territoriale,Commune,['Aveyron'],['Occitanie'],COM,{12},{76}
58d61a13-04b2-4875-aaed-307fcb6680ea,210302410,Commune de Saint-Léopardin-d'Augy (03),false,{03241},Commune,2026-03-24 14:41:52.020251+01,gold_establishments_2025,,,,21030241000019,2025,Collectivité Territoriale,Commune,['Allier'],['Auvergne-Rhône-Alpes'],COM,{03},{84}
7c4339e0-22ca-49d3-b4cd-eee6fc3aceb5,215602251,Commune de Saint-Léry (56),false,{56225},Commune,2026-03-24 14:42:03.701372+01,gold_establishments_2025,,,,21560225100013,2025,Collectivité Territoriale,Commune,['Morbihan'],['Bretagne'],COM,{56},{53}
3401e14f-a637-449e-858e-a0d58b3cef3b,216503904,Commune de Saint-Lézer (65),false,{65390},Commune,2026-03-24 14:42:06.665412+01,gold_establishments_2025,,,,21650390400015,2025,Collectivité Territoriale,Commune,['Hautes-Pyrénées'],['Occitanie'],COM,{65},{76}
dc856548-b872-4e6f-9a5d-f5f6c80d78a9,215005026,Commune de Saint-Lô (50),false,{50502},Commune,2026-03-24 14:42:01.412377+01,gold_establishments_2025,,,,21500502600012,2025,Collectivité Territoriale,Commune,['Manche'],['Normandie'],COM,{50},{28}
45232507-55fd-416a-8d97-7f49a08b8130,213503006,Commune de Saint-M'Hervé (35),false,{35300},Commune,2026-03-24 14:41:59.160244+01,gold_establishments_2025,,,,21350300600016,2025,Collectivité Territoriale,Commune,['Ille-et-Vilaine'],['Bretagne'],COM,{35},{53}
42997724-574b-4b05-af63-7e8cd09635aa,213304355,Commune de Saint-Macaire (33),false,{33435},Commune,2026-03-24 14:41:58.620411+01,gold_establishments_2025,,,,21330435500018,2025,Collectivité Territoriale,Commune,['Gironde'],['Nouvelle-Aquitaine'],COM,{33},{75}
16a4cbb1-0339-4908-bf7b-db92628d635b,214903023,Commune de Saint-Macaire-du-Bois (49),false,{49302},Commune,2026-03-24 14:42:01.412377+01,gold_establishments_2025,,,,21490302300015,2025,Collectivité Territoriale,Commune,['Maine-et-Loire'],['Pays de la Loire'],COM,{49},{52}
46d32671-91ab-4b33-86d1-83f977592279,212705610,Commune de Saint-Maclou (27),false,{27561},Commune,2026-03-24 14:41:57.028721+01,gold_establishments_2025,,,,21270561000013,2025,Collectivité Territoriale,Commune,['Eure'],['Normandie'],COM,{27},{28}
822b9013-b1ae-4333-8dcc-3e8bf7bfbe38,217606029,Commune de Saint-Maclou-de-Folleville (76),false,{76602},Commune,2026-03-24 14:42:08.818969+01,gold_establishments_2025,,,,21760602900015,2025,Collectivité Territoriale,Commune,['Seine-Maritime'],['Normandie'],COM,{76},{28}
532a7c38-1744-48c9-b4bb-1a1e8f15b819,217606037,Commune de Saint-Maclou-la-Brière (76),false,{76603},Commune,2026-03-24 14:42:08.818969+01,gold_establishments_2025,,,,21760603700018,2025,Collectivité Territoriale,Commune,['Seine-Maritime'],['Normandie'],COM,{76},{28}
427cb927-54b3-40f8-87a6-d4ac8f5ed0e3,212203129,Commune de Saint-Maden (22),false,{22312},Commune,2026-03-24 14:41:55.958138+01,gold_establishments_2025,,,,21220312900011,2025,Collectivité Territoriale,Commune,"[""Côtes-d'Armor""]",['Bretagne'],COM,{22},{53}
03336b03-a0a1-4927-ad1a-5668ee071b0c,213304363,Commune de Saint-Magne (33),false,{33436},Commune,2026-03-24 14:41:58.620411+01,gold_establishments_2025,,,,21330436300012,2025,Collectivité Territoriale,Commune,['Gironde'],['Nouvelle-Aquitaine'],COM,{33},{75}
d717432f-df92-4a7a-b82f-f604a4b97a0e,213304371,Commune de Saint-Magne-de-Castillon (33),false,{33437},Commune,2026-03-24 14:41:58.620411+01,gold_establishments_2025,,,,21330437100015,2025,Collectivité Territoriale,Commune,['Gironde'],['Nouvelle-Aquitaine'],COM,{33},{75}
7f096df9-ff90-4b22-897b-de57443cffce,216303735,Commune de Saint-Maigner (63),false,{63373},Commune,2026-03-24 14:42:06.130387+01,gold_establishments_2025,,,,21630373500015,2025,Collectivité Territoriale,Commune,['Puy-de-Dôme'],['Auvergne-Rhône-Alpes'],COM,{63},{84}
c9b986f9-8c4c-4740-9ba6-55f127b23674,211703574,Commune de Saint-Maigrin (17),false,{17357},Commune,2026-03-24 14:41:54.903238+01,gold_establishments_2025,,,,21170357400015,2025,Collectivité Territoriale,Commune,['Charente-Maritime'],['Nouvelle-Aquitaine'],COM,{17},{75}
8e41c4ce-3b94-4787-9c5d-23ff6d49b181,210401881,Commune de Saint-Maime (04),false,{04188},Commune,2026-03-24 14:41:52.562531+01,gold_establishments_2025,,,,21040188100011,2025,Collectivité Territoriale,Commune,['Alpes-de-Haute-Provence'],"[""Provence-Alpes-Côte d'Azur""]",COM,{04},{93}
6dbac3e4-daa0-4afc-8436-3af37f2b8aa5,212321004,Commune de Saint-Maixant (23),false,{23210},Commune,2026-03-24 14:41:55.958138+01,gold_establishments_2025,,,,21232100400013,2025,Collectivité Territoriale,Commune,['Creuse'],['Nouvelle-Aquitaine'],COM,{23},{75}
988d4f6a-61fc-4dbb-8fc4-6fc078e5e504,213304389,Commune de Saint-Maixant (33),false,{33438},Commune,2026-03-24 14:41:58.620411+01,gold_establishments_2025,,,,21330438900017,2025,Collectivité Territoriale,Commune,['Gironde'],['Nouvelle-Aquitaine'],COM,{33},{75}
9f9c218e-8159-4f14-b35f-50788a220da0,217202969,Commune de Saint-Maixent (72),false,{72296},Commune,2026-03-24 14:42:08.279287+01,gold_establishments_2025,,,,21720296900010,2025,Collectivité Territoriale,Commune,['Sarthe'],['Pays de la Loire'],COM,{72},{52}
ef3a2962-c17b-442d-883e-caf3fcb6c807,217902691,Commune de Saint-Maixent-de-Beugné (79),false,{79269},Commune,2026-03-24 14:42:09.43682+01,gold_establishments_2025,,,,21790269100013,2025,Collectivité Territoriale,Commune,['Deux-Sèvres'],['Nouvelle-Aquitaine'],COM,{79},{75}
d01a025b-4788-4f52-b46f-dd0d3eb327d8,217902709,Commune de Saint-Maixent-l'École (79),false,{79270},Commune,2026-03-24 14:42:09.43682+01,gold_establishments_2025,,,,21790270900013,2025,Collectivité Territoriale,Commune,['Deux-Sèvres'],['Nouvelle-Aquitaine'],COM,{79},{75}
a18cf54f-00cb-4455-b3b4-4b3789dcf5ec,218502391,Commune de Saint-Maixent-sur-Vie (85),false,{85239},Commune,2026-03-24 14:42:10.508772+01,gold_establishments_2025,,,,21850239100012,2025,Collectivité Territoriale,Commune,['Vendée'],['Pays de la Loire'],COM,{85},{52}
cca65242-91d8-4a4a-b4b2-161449d7a12c,212803514,Commune de Saint-Maixme-Hauterive (28),false,{28351},Commune,2026-03-24 14:41:57.028721+01,gold_establishments_2025,,,,21280351400034,2025,Collectivité Territoriale,Commune,['Eure-et-Loir'],['Centre-Val de Loire'],COM,{28},{24}
70f22f7a-a6ca-4248-836e-ab0acf51bc13,213502883,Commune de Saint-Malo (35),false,{35288},Commune,2026-03-24 14:41:59.160244+01,gold_establishments_2025,,,,21350288300019,2025,Collectivité Territoriale,Commune,['Ille-et-Vilaine'],['Bretagne'],COM,{35},{53}
82062a38-8d2f-45cd-b6de-1dc5e7690018,215602269,Commune de Saint-Malo-de-Beignon (56),false,{56226},Commune,2026-03-24 14:42:03.701372+01,gold_establishments_2025,,,,21560226900015,2025,Collectivité Territoriale,Commune,['Morbihan'],['Bretagne'],COM,{56},{53}
8c1426c3-51d3-4799-ac50-fab79f724ab8,214401762,Commune de Saint-Malo-de-Guersac (44),false,{44176},Commune,2026-03-24 14:42:00.862623+01,gold_establishments_2025,,,,21440176200015,2025,Collectivité Territoriale,Commune,['Loire-Atlantique'],['Pays de la Loire'],COM,{44},{52}
f50335bb-30f6-46dd-8c9d-ddcc6b292c19,213502891,Commune de Saint-Malo-de-Phily (35),false,{35289},Commune,2026-03-24 14:41:59.160244+01,gold_establishments_2025,,,,21350289100012,2025,Collectivité Territoriale,Commune,['Ille-et-Vilaine'],['Bretagne'],COM,{35},{53}
1695cb4c-4430-4332-8b07-ff4e813752cc,215005067,Commune de Saint-Malo-de-la-Lande (50),false,{50506},Commune,2026-03-24 14:42:01.412377+01,gold_establishments_2025,,,,21500506700016,2025,Collectivité Territoriale,Commune,['Manche'],['Normandie'],COM,{50},{28}
4480cc4e-93eb-425c-868b-e7e95f3357f5,215602277,Commune de Saint-Malo-des-Trois-Fontaines (56),false,{56227},Commune,2026-03-24 14:42:03.701372+01,gold_establishments_2025,,,,21560227700018,2025,Collectivité Territoriale,Commune,['Morbihan'],['Bretagne'],COM,{56},{53}
7f903311-a0fc-436a-9bfe-1d31eb6f08c4,215802521,Commune de Saint-Malo-en-Donziois (58),false,{58252},Commune,2026-03-24 14:42:04.280096+01,gold_establishments_2025,,,,21580252100017,2025,Collectivité Territoriale,Commune,['Nièvre'],['Bourgogne-Franche-Comté'],COM,{58},{27}
da7e5688-50bd-4ad8-9759-f6d1e28d84c9,213502909,Commune de Saint-Malon-sur-Mel (35),false,{35290},Commune,2026-03-24 14:41:59.160244+01,gold_establishments_2025,,,,21350290900012,2025,Collectivité Territoriale,Commune,['Ille-et-Vilaine'],['Bretagne'],COM,{35},{53}
01aa149f-997e-4ca9-bc99-0951e12e1495,218502409,Commune de Saint-Malô-du-Bois (85),false,{85240},Commune,2026-03-24 14:42:10.508772+01,gold_establishments_2025,,,,21850240900012,2025,Collectivité Territoriale,Commune,['Vendée'],['Pays de la Loire'],COM,{85},{52}
37926016-70ce-4796-9209-93f63a5b08f7,213002819,Commune de Saint-Mamert-du-Gard (30),false,{30281},Commune,2026-03-24 14:41:57.56054+01,gold_establishments_2025,,,,21300281900018,2025,Collectivité Territoriale,Commune,['Gard'],['Occitanie'],COM,{30},{76}
bace060c-ea9f-469e-b8f7-fbd34fb41465,213105000,Commune de Saint-Mamet (31),false,{31500},Commune,2026-03-24 14:41:58.09424+01,gold_establishments_2025,,,,21310500000011,2025,Collectivité Territoriale,Commune,['Haute-Garonne'],['Occitanie'],COM,{31},{76}
6b9a9652-2923-4112-badd-6c22b1df74d3,211501960,Commune de Saint-Mamet-la-Salvetat (15),false,{15196},Commune,2026-03-24 14:41:54.362296+01,gold_establishments_2025,,,,21150196000010,2025,Collectivité Territoriale,Commune,['Cantal'],['Auvergne-Rhône-Alpes'],COM,{15},{84}
cf4bc600-6744-40c7-93f4-3a87793b6f5a,217704196,Commune de Saint-Mammès (77),false,{77419},Commune,2026-03-24 14:42:09.43682+01,gold_establishments_2025,,,,21770419600013,2025,Collectivité Territoriale,Commune,['Seine-et-Marne'],['Île-de-France'],COM,{77},{11}
8d0b22d1-ea07-4a0a-8f3f-d051c95535b7,218301539,Commune de Saint-Mandrier-sur-Mer (83),false,{83153},Commune,2026-03-24 14:42:10.508772+01,gold_establishments_2025,,,,21830153900019,2025,Collectivité Territoriale,Commune,['Var'],"[""Provence-Alpes-Côte d'Azur""]",COM,{83},{93}
99d77b01-545a-4da8-a126-e27624443f24,219400678,Commune de Saint-Mandé (94),false,{94067},Commune,2026-03-24 14:42:11.659493+01,gold_establishments_2025,,,,21940067800013,2025,Collectivité Territoriale,Commune,['Val-de-Marne'],['Île-de-France'],COM,{94},{11}
3b0bb7c3-c6cf-4ecc-a645-81a417f22984,211703582,Commune de Saint-Mandé-sur-Brédoire (17),false,{17358},Commune,2026-03-24 14:41:54.903238+01,gold_establishments_2025,,,,21170358200018,2025,Collectivité Territoriale,Commune,['Charente-Maritime'],['Nouvelle-Aquitaine'],COM,{17},{75}
05a33bf2-a896-4874-a02f-58bc95faae47,211406103,Commune de Saint-Manvieu-Norrey (14),false,{14610},Commune,2026-03-24 14:41:54.362296+01,gold_establishments_2025,,,,21140610300013,2025,Collectivité Territoriale,Commune,['Calvados'],['Normandie'],COM,{14},{28}
cd16a2e2-b4b6-4540-a84f-4ea1967d941d,211300959,Commune de Saint-Marc-Jaumegarde (13),false,{13095},Commune,2026-03-24 14:41:53.63825+01,gold_establishments_2025,,,,21130095900015,2025,Collectivité Territoriale,Commune,['Bouches-du-Rhône'],"[""Provence-Alpes-Côte d'Azur""]",COM,{13},{93}
68181ddb-ce71-4e78-ae0b-3a7b031c19db,214102246,Commune de Saint-Marc-du-Cor (41),false,{41224},Commune,2026-03-24 14:42:00.273698+01,gold_establishments_2025,,,,21410224600011,2025,Collectivité Territoriale,Commune,['Loir-et-Cher'],['Centre-Val de Loire'],COM,{41},{24}
c35fa7d6-1c24-4139-82ba-28af7e392003,217902717,Commune de Saint-Marc-la-Lande (79),false,{79271},Commune,2026-03-24 14:42:09.43682+01,gold_establishments_2025,,,,21790271700016,2025,Collectivité Territoriale,Commune,['Deux-Sèvres'],['Nouvelle-Aquitaine'],COM,{79},{75}
55da3f61-218b-41ef-993c-a666c33e9131,200084069,Commune de Saint-Marc-le-Blanc (35),false,{35292},Commune,2026-03-24 14:41:59.160244+01,gold_establishments_2025,,,,20008406900018,2025,Collectivité Territoriale,Commune,['Ille-et-Vilaine'],['Bretagne'],COM,{35},{53}
617a1c66-d79f-4330-907f-35e8909c96d4,212105571,Commune de Saint-Marc-sur-Seine (21),false,{21557},Commune,2026-03-24 14:41:55.433389+01,gold_establishments_2025,,,,21210557100013,2025,Collectivité Territoriale,Commune,"[""Côte-d'Or""]",['Bourgogne-Franche-Comté'],COM,{21},{27}
2d5ab96b-0da1-4238-93cf-bd683ce15035,212321103,Commune de Saint-Marc-à-Frongier (23),false,{23211},Commune,2026-03-24 14:41:55.958138+01,gold_establishments_2025,,,,21232110300013,2025,Collectivité Territoriale,Commune,['Creuse'],['Nouvelle-Aquitaine'],COM,{23},{75}
06663605-9749-47b7-be11-411f65b8da0a,212321202,Commune de Saint-Marc-à-Loubaud (23),false,{23212},Commune,2026-03-24 14:41:55.958138+01,gold_establishments_2025,,,,21232120200013,2025,Collectivité Territoriale,Commune,['Creuse'],['Nouvelle-Aquitaine'],COM,{23},{75}
4dbdc9ac-527e-47d2-9df9-fcee14915f75,213502917,Commune de Saint-Marcan (35),false,{35291},Commune,2026-03-24 14:41:59.160244+01,gold_establishments_2025,,,,21350291700015,2025,Collectivité Territoriale,Commune,['Ille-et-Vilaine'],['Bretagne'],COM,{35},{53}
be8818e7-3875-434f-925c-9f0ab92bf2a5,210803516,Commune de Saint-Marceau (08),false,{08388},Commune,2026-03-24 14:41:53.095366+01,gold_establishments_2025,,,,21080351600017,2025,Collectivité Territoriale,Commune,['Ardennes'],['Grand Est'],COM,{08},{44}
597e99b1-4327-4311-bcab-1eeebf6c388e,217202977,Commune de Saint-Marceau (72),false,{72297},Commune,2026-03-24 14:42:08.279287+01,gold_establishments_2025,,,,21720297700013,2025,Collectivité Territoriale,Commune,['Sarthe'],['Pays de la Loire'],COM,{72},{52}
c000aa8c-6f40-4604-8961-902b5f3ab028,210103719,Commune de Saint-Marcel (01),false,{01371},Commune,2026-03-24 14:41:51.447482+01,gold_establishments_2025,,,,21010371900014,2025,Collectivité Territoriale,Commune,['Ain'],['Auvergne-Rhône-Alpes'],COM,{01},{84}
10d241c3-bf54-45c1-b95f-50ba4963e00b,210803524,Commune de Saint-Marcel (08),false,{08389},Commune,2026-03-24 14:41:53.095366+01,gold_establishments_2025,,,,21080352400011,2025,Collectivité Territoriale,Commune,['Ardennes'],['Grand Est'],COM,{08},{44}
f5264193-2f7e-473c-b02f-e04f69d3d844,212705628,Commune de Saint-Marcel (27),false,{27562},Commune,2026-03-24 14:41:57.028721+01,gold_establishments_2025,,,,21270562800015,2025,Collectivité Territoriale,Commune,['Eure'],['Normandie'],COM,{27},{28}
1851631e-601f-4aae-a194-d1747fb9fef5,213602006,Commune de Saint-Marcel (36),false,{36200},Commune,2026-03-24 14:41:59.160244+01,gold_establishments_2025,,,,21360200600016,2025,Collectivité Territoriale,Commune,['Indre'],['Centre-Val de Loire'],COM,{36},{24}
51272f80-58df-4da6-bbf9-48b59935f27f,215404781,Commune de Saint-Marcel (54),false,{54478},Commune,2026-03-24 14:42:02.957225+01,gold_establishments_2025,,,,21540478100019,2025,Collectivité Territoriale,Commune,['Meurthe-et-Moselle'],['Grand Est'],COM,{54},{44}
2c8d1ab1-a79f-4e0c-b628-c6c5e691bb3f,215602285,Commune de Saint-Marcel (56),false,{56228},Commune,2026-03-24 14:42:03.701372+01,gold_establishments_2025,,,,21560228500011,2025,Collectivité Territoriale,Commune,['Morbihan'],['Bretagne'],COM,{56},{53}
a91f555b-05da-426f-a1a9-57f03a63386b,217004688,Commune de Saint-Marcel (70),false,{70468},Commune,2026-03-24 14:42:07.735343+01,gold_establishments_2025,,,,21700468800016,2025,Collectivité Territoriale,Commune,['Haute-Saône'],['Bourgogne-Franche-Comté'],COM,{70},{27}
de4c8c1d-47a8-4d2f-95e6-0e57a872ad25,217104454,Commune de Saint-Marcel (71),false,{71445},Commune,2026-03-24 14:42:08.279287+01,gold_establishments_2025,,,,21710445400012,2025,Collectivité Territoriale,Commune,['Saône-et-Loire'],['Bourgogne-Franche-Comté'],COM,{71},{27}
4eda5787-404f-4dc2-b167-04d50a1daff3,217302538,Commune de Saint-Marcel (73),false,{73253},Commune,2026-03-24 14:42:08.279287+01,gold_establishments_2025,,,,21730253800012,2025,Collectivité Territoriale,Commune,['Savoie'],['Auvergne-Rhône-Alpes'],COM,{73},{84}
f05c446d-e0e4-4ba0-8c00-51be3e1d4f75,213804156,Commune de Saint-Marcel-Bel-Accueil (38),false,{38415},Commune,2026-03-24 14:41:59.705606+01,gold_establishments_2025,,,,21380415600015,2025,Collectivité Territoriale,Commune,['Isère'],['Auvergne-Rhône-Alpes'],COM,{38},{84}
aff40fe1-b48c-4ea9-85e0-a3d34af58846,218102622,Commune de Saint-Marcel-Campes (81),false,{81262},Commune,2026-03-24 14:42:09.967209+01,gold_establishments_2025,,,,21810262200014,2025,Collectivité Territoriale,Commune,['Tarn'],['Occitanie'],COM,{81},{76}
128a3d7f-e1b8-466f-862e-ca93ce5347cc,213105018,Commune de Saint-Marcel-Paulel (31),false,{31501},Commune,2026-03-24 14:41:58.09424+01,gold_establishments_2025,,,,21310501800013,2025,Collectivité Territoriale,Commune,['Haute-Garonne'],['Occitanie'],COM,{31},{76}
6d9dc2f9-5884-4311-9ec7-6ac61101e0f1,210702643,Commune de Saint-Marcel-d'Ardèche (07),false,{07264},Commune,2026-03-24 14:41:52.562531+01,gold_establishments_2025,,,,21070264300011,2025,Collectivité Territoriale,Commune,['Ardèche'],['Auvergne-Rhône-Alpes'],COM,{07},{84}
8335599d-1872-4b50-a069-06549a634c75,214202558,Commune de Saint-Marcel-d'Urfé (42),false,{42255},Commune,2026-03-24 14:42:00.273698+01,gold_establishments_2025,,,,21420255800018,2025,Collectivité Territoriale,Commune,['Loire'],['Auvergne-Rhône-Alpes'],COM,{42},{84}
6571b369-7cfc-48f9-a853-6c4807b1648a,213002827,Commune de Saint-Marcel-de-Careiret (30),false,{30282},Commune,2026-03-24 14:41:57.56054+01,gold_establishments_2025,,,,21300282700011,2025,Collectivité Territoriale,Commune,['Gard'],['Occitanie'],COM,{30},{76}
49da693c-09e3-4127-8e9a-4152fc1080c4,214202541,Commune de Saint-Marcel-de-Félines (42),false,{42254},Commune,2026-03-24 14:42:00.273698+01,gold_establishments_2025,,,,21420254100014,2025,Collectivité Territoriale,Commune,['Loire'],['Auvergne-Rhône-Alpes'],COM,{42},{84}
2dba7508-d757-463b-9ca8-f8a6d26d2428,212404453,Commune de Saint-Marcel-du-Périgord (24),false,{24445},Commune,2026-03-24 14:41:55.958138+01,gold_establishments_2025,,,,21240445300012,2025,Collectivité Territoriale,Commune,['Dordogne'],['Nouvelle-Aquitaine'],COM,{24},{75}
f685fcc1-d4ed-46ee-991a-daa8a0927205,210302444,Commune de Saint-Marcel-en-Marcillat (03),false,{03244},Commune,2026-03-24 14:41:52.020251+01,gold_establishments_2025,,,,21030244400018,2025,Collectivité Territoriale,Commune,['Allier'],['Auvergne-Rhône-Alpes'],COM,{03},{84}
a9b21d1d-81e0-4390-9182-87046c07bdc5,210302436,Commune de Saint-Marcel-en-Murat (03),false,{03243},Commune,2026-03-24 14:41:52.020251+01,gold_establishments_2025,,,,21030243600014,2025,Collectivité Territoriale,Commune,['Allier'],['Auvergne-Rhône-Alpes'],COM,{03},{84}
b687aeb4-147d-4450-8b88-6b884c9f9225,216902254,Commune de Saint-Marcel-l'Éclairé (69),false,{69225},Commune,2026-03-24 14:42:07.735343+01,gold_establishments_2025,,,,21690225400012,2025,Collectivité Territoriale,Commune,['Rhône'],['Auvergne-Rhône-Alpes'],COM,{69},{84}
3cee9d76-4e40-4db2-a888-2711472f766f,210702650,Commune de Saint-Marcel-lès-Annonay (07),false,{07265},Commune,2026-03-24 14:41:52.562531+01,gold_establishments_2025,,,,21070265000016,2025,Collectivité Territoriale,Commune,['Ardèche'],['Auvergne-Rhône-Alpes'],COM,{07},{84}
f622a7b5-812c-46e0-9ebe-fe9703304890,212603120,Commune de Saint-Marcel-lès-Sauzet (26),false,{26312},Commune,2026-03-24 14:41:56.495197+01,gold_establishments_2025,,,,21260312000016,2025,Collectivité Territoriale,Commune,['Drôme'],['Auvergne-Rhône-Alpes'],COM,{26},{84}
d4603d42-35eb-4687-ab1b-7d72615d3838,212603138,Commune de Saint-Marcel-lès-Valence (26),false,{26313},Commune,2026-03-24 14:41:56.495197+01,gold_establishments_2025,,,,21260313800018,2025,Collectivité Territoriale,Commune,['Drôme'],['Auvergne-Rhône-Alpes'],COM,{26},{84}
bb4cfd15-1813-4517-b848-9aa5696bbde0,211103536,Commune de Saint-Marcel-sur-Aude (11),false,{11353},Commune,2026-03-24 14:41:53.63825+01,gold_establishments_2025,,,,21110353600010,2025,Collectivité Territoriale,Commune,['Aude'],['Occitanie'],COM,{11},{76}
14cc13da-2154-4ffe-9b59-3e208e7f390b,217104462,Commune de Saint-Marcelin-de-Cray (71),false,{71446},Commune,2026-03-24 14:42:08.279287+01,gold_establishments_2025,,,,21710446200015,2025,Collectivité Territoriale,Commune,['Saône-et-Loire'],['Bourgogne-Franche-Comté'],COM,{71},{27}
bfdfed6d-f9e0-419b-b40b-30a4cc78f9f6,213804164,Commune de Saint-Marcellin (38),false,{38416},Commune,2026-03-24 14:41:59.705606+01,gold_establishments_2025,,,,21380416400019,2025,Collectivité Territoriale,Commune,['Isère'],['Auvergne-Rhône-Alpes'],COM,{38},{84}
8531a6ab-bb29-4287-b565-495e1fe642f2,214202566,Commune de Saint-Marcellin-en-Forez (42),false,{42256},Commune,2026-03-24 14:42:00.273698+01,gold_establishments_2025,,,,21420256600078,2025,Collectivité Territoriale,Commune,['Loire'],['Auvergne-Rhône-Alpes'],COM,{42},{84}
9ef21120-0e3f-4d70-b22d-5498c797d0d0,218401115,Commune de Saint-Marcellin-lès-Vaison (84),false,{84111},Commune,2026-03-24 14:42:10.508772+01,gold_establishments_2025,,,,21840111500017,2025,Collectivité Territoriale,Commune,['Vaucluse'],"[""Provence-Alpes-Côte d'Azur""]",COM,{84},{93}
4f2e8c51-525f-44c9-8935-e0afac0bf49e,213105026,Commune de Saint-Marcet (31),false,{31502},Commune,2026-03-24 14:41:58.09424+01,gold_establishments_2025,,,,21310502600016,2025,Collectivité Territoriale,Commune,['Haute-Garonne'],['Occitanie'],COM,{31},{76}
932f892d-0f72-467f-b8a7-266190eeffbc,212404461,Commune de Saint-Marcory (24),false,{24446},Commune,2026-03-24 14:41:55.958138+01,gold_establishments_2025,,,,21240446100015,2025,Collectivité Territoriale,Commune,['Dordogne'],['Nouvelle-Aquitaine'],COM,{24},{75}
eeb2a9c9-aa1d-479f-9a9c-203aeeaad0f0,211406137,Commune de Saint-Marcouf (14),false,{14613},Commune,2026-03-24 14:41:54.362296+01,gold_establishments_2025,,,,21140613700011,2025,Collectivité Territoriale,Commune,['Calvados'],['Normandie'],COM,{14},{28}
67c6c76c-8e5d-4a4b-8f23-987cf0a6c35d,215005075,Commune de Saint-Marcouf (50),false,{50507},Commune,2026-03-24 14:42:01.412377+01,gold_establishments_2025,,,,21500507500019,2025,Collectivité Territoriale,Commune,['Manche'],['Normandie'],COM,{50},{28}
d383eb96-2c4a-4f95-bb74-0d8a0be0d9dd,210206579,Commune de Saint-Mard (02),false,{02682},Commune,2026-03-24 14:41:52.020251+01,gold_establishments_2025,,,,21020657900018,2025,Collectivité Territoriale,Commune,['Aisne'],['Hauts-de-France'],COM,{02},{32}
ae0f4048-fd1d-49f0-8f77-f136e4e32308,211703590,Commune de Saint-Mard (17),false,{17359},Commune,2026-03-24 14:41:54.903238+01,gold_establishments_2025,,,,21170359000011,2025,Collectivité Territoriale,Commune,['Charente-Maritime'],['Nouvelle-Aquitaine'],COM,{17},{75}
07ba4713-e770-4352-92b7-482e1a2bfc20,215404799,Commune de Saint-Mard (54),false,{54479},Commune,2026-03-24 14:42:02.957225+01,gold_establishments_2025,,,,21540479900011,2025,Collectivité Territoriale,Commune,['Meurthe-et-Moselle'],['Grand Est'],COM,{54},{44}
6b03c4d2-322e-46c8-8e51-215a340b413d,217704204,Commune de Saint-Mard (77),false,{77420},Commune,2026-03-24 14:42:09.43682+01,gold_establishments_2025,,,,21770420400015,2025,Collectivité Territoriale,Commune,['Seine-et-Marne'],['Île-de-France'],COM,{77},{11}
b6bb56ce-40b9-4b6d-8838-16a8dfb8cffd,218006674,Commune de Saint-Mard (80),false,{80708},Commune,2026-03-24 14:42:09.967209+01,gold_establishments_2025,,,,21800667400012,2025,Collectivité Territoriale,Commune,['Somme'],['Hauts-de-France'],COM,{80},{32}
14ed8360-d058-48f9-9512-7d4a2a0b6c8f,216104182,Commune de Saint-Mard-de-Réno (61),false,{61418},Commune,2026-03-24 14:42:05.597325+01,gold_establishments_2025,,,,21610418200011,2025,Collectivité Territoriale,Commune,['Orne'],['Normandie'],COM,{61},{28}
0612b17b-55c5-4618-8717-a4a199908f2d,217104470,Commune de Saint-Mard-de-Vaux (71),false,{71447},Commune,2026-03-24 14:42:08.279287+01,gold_establishments_2025,,,,21710447000018,2025,Collectivité Territoriale,Commune,['Saône-et-Loire'],['Bourgogne-Franche-Comté'],COM,{71},{27}
127168a7-808e-425b-89e4-d93c5c230bd4,215104621,Commune de Saint-Mard-lès-Rouffy (51),false,{51499},Commune,2026-03-24 14:42:01.954481+01,gold_establishments_2025,,,,21510462100010,2025,Collectivité Territoriale,Commune,['Marne'],['Grand Est'],COM,{51},{44}
58b36576-0783-463b-b2ed-47bc09a22441,215104613,Commune de Saint-Mard-sur-Auve (51),false,{51498},Commune,2026-03-24 14:42:01.954481+01,gold_establishments_2025,,,,21510461300017,2025,Collectivité Territoriale,Commune,['Marne'],['Grand Est'],COM,{51},{44}
8f74de5c-04e2-48ba-8c53-f4c8356a4310,215104639,Commune de Saint-Mard-sur-le-Mont (51),false,{51500},Commune,2026-03-24 14:42:01.954481+01,gold_establishments_2025,,,,21510463900012,2025,Collectivité Territoriale,Commune,['Marne'],['Grand Est'],COM,{51},{44}
81322d77-dae4-49bc-a7ee-48022fb6098d,217606045,Commune de Saint-Mards (76),false,{76604},Commune,2026-03-24 14:42:08.818969+01,gold_establishments_2025,,,,21760604500011,2025,Collectivité Territoriale,Commune,['Seine-Maritime'],['Normandie'],COM,{76},{28}
310d2d7c-03e0-441c-b23b-cea3c6adccaa,212705636,Commune de Saint-Mards-de-Blacarville (27),false,{27563},Commune,2026-03-24 14:41:57.028721+01,gold_establishments_2025,,,,21270563600018,2025,Collectivité Territoriale,Commune,['Eure'],['Normandie'],COM,{27},{28}
cb831554-ac6f-472d-9144-1e34a37c503a,212705644,Commune de Saint-Mards-de-Fresne (27),false,{27564},Commune,2026-03-24 14:41:57.028721+01,gold_establishments_2025,,,,21270564400012,2025,Collectivité Territoriale,Commune,['Eure'],['Normandie'],COM,{27},{28}
f1c0a619-3490-4d6e-93b1-ab7ce4848094,211003397,Commune de Saint-Mards-en-Othe (10),false,{10350},Commune,2026-03-24 14:41:53.095366+01,gold_establishments_2025,,,,21100339700018,2025,Collectivité Territoriale,Commune,['Aube'],['Grand Est'],COM,{10},{44}
047c00fd-c069-4e0d-a8b6-6f9cf49b9a38,212321301,Commune de Saint-Marien (23),false,{23213},Commune,2026-03-24 14:41:55.958138+01,gold_establishments_2025,,,,21232130100013,2025,Collectivité Territoriale,Commune,['Creuse'],['Nouvelle-Aquitaine'],COM,{23},{75}
84e572b4-d879-4ef7-a504-b15e8d237f10,213304397,Commune de Saint-Mariens (33),false,{33439},Commune,2026-03-24 14:41:58.620411+01,gold_establishments_2025,,,,21330439700010,2025,Collectivité Territoriale,Commune,['Gironde'],['Nouvelle-Aquitaine'],COM,{33},{75}
ce65a4bb-a6ba-47b0-adfc-1175e4be062f,217704212,Commune de Saint-Mars-Vieux-Maisons (77),false,{77421},Commune,2026-03-24 14:42:09.43682+01,gold_establishments_2025,,,,21770421200018,2025,Collectivité Territoriale,Commune,['Seine-et-Marne'],['Île-de-France'],COM,{77},{11}
862ecd4f-5e2c-4f03-b602-afbd9cd20241,217202993,Commune de Saint-Mars-d'Outillé (72),false,{72299},Commune,2026-03-24 14:42:08.279287+01,gold_establishments_2025,,,,21720299300010,2025,Collectivité Territoriale,Commune,['Sarthe'],['Pays de la Loire'],COM,{72},{52}
e995fe1e-74ec-4b5d-9286-989325d501d7,216104216,Commune de Saint-Mars-d'Égrenne (61),false,{61421},Commune,2026-03-24 14:42:05.597325+01,gold_establishments_2025,,,,21610421600017,2025,Collectivité Territoriale,Commune,['Orne'],['Normandie'],COM,{61},{28}
29c493d5-8765-457b-9303-750982e29377,214401788,Commune de Saint-Mars-de-Coutais (44),false,{44178},Commune,2026-03-24 14:42:00.862623+01,gold_establishments_2025,,,,21440178800051,2025,Collectivité Territoriale,Commune,['Loire-Atlantique'],['Pays de la Loire'],COM,{44},{52}
52f522d7-bea9-47b1-85b8-4cade99429a1,217202985,Commune de Saint-Mars-de-Locquenay (nan),false,{72298},Commune,2026-03-24 14:42:08.279287+01,gold_establishments_2025,,,,21720298500016,2025,Collectivité Territoriale,Commune,[''],[''],COM,,
5063423f-dd79-4e4a-ae9f-3912ed403162,214401796,Commune de Saint-Mars-du-Désert (44),false,{44179},Commune,2026-03-24 14:42:00.862623+01,gold_establishments_2025,,,,21440179600088,2025,Collectivité Territoriale,Commune,['Loire-Atlantique'],['Pays de la Loire'],COM,{44},{52}
f7990ff5-4cd2-4b17-ac62-9238a1986d6d,215302365,Commune de Saint-Mars-du-Désert (53),false,{53236},Commune,2026-03-24 14:42:02.957225+01,gold_establishments_2025,,,,21530236500014,2025,Collectivité Territoriale,Commune,['Mayenne'],['Pays de la Loire'],COM,{53},{52}
966f6c92-0892-4e07-94f4-34db65d384c7,217203009,Commune de Saint-Mars-la-Brière (72),false,{72300},Commune,2026-03-24 14:42:08.279287+01,gold_establishments_2025,,,,21720300900014,2025,Collectivité Territoriale,Commune,['Sarthe'],['Pays de la Loire'],COM,{72},{52}
6961b8e9-9cb5-4c3b-b35e-1c5c58bca574,218502425,Commune de Saint-Mars-la-Réorthe (85),false,{85242},Commune,2026-03-24 14:42:10.508772+01,gold_establishments_2025,,,,21850242500018,2025,Collectivité Territoriale,Commune,['Vendée'],['Pays de la Loire'],COM,{85},{52}
23b75644-3aaf-42b3-aa17-99be1a25022e,215302373,Commune de Saint-Mars-sur-Colmont (53),false,{53237},Commune,2026-03-24 14:42:02.957225+01,gold_establishments_2025,,,,21530237300018,2025,Collectivité Territoriale,Commune,['Mayenne'],['Pays de la Loire'],COM,{53},{52}
7473e584-a82a-4ba3-ac03-4e981d9d7223,215302381,Commune de Saint-Mars-sur-la-Futaie (53),false,{53238},Commune,2026-03-24 14:42:02.957225+01,gold_establishments_2025,,,,21530238100060,2025,Collectivité Territoriale,Commune,['Mayenne'],['Pays de la Loire'],COM,{53},{52}
c61f29d3-bad3-40f8-9c51-b6f97f3e2115,216601831,Commune de Saint-Marsal (66),false,{66183},Commune,2026-03-24 14:42:06.665412+01,gold_establishments_2025,,,,21660183100011,2025,Collectivité Territoriale,Commune,['Pyrénées-Orientales'],['Occitanie'],COM,{66},{76}
8e5ad756-1a1f-4269-9983-3fb426448715,210702676,Commune de Saint-Martial (07),false,{07267},Commune,2026-03-24 14:41:52.562531+01,gold_establishments_2025,,,,21070267600011,2025,Collectivité Territoriale,Commune,['Ardèche'],['Auvergne-Rhône-Alpes'],COM,{07},{84}
69bab857-ab70-44b8-beec-6b3f1be02ec1,211501994,Commune de Saint-Martial (15),false,{15199},Commune,2026-03-24 14:41:54.362296+01,gold_establishments_2025,,,,21150199400019,2025,Collectivité Territoriale,Commune,['Cantal'],['Auvergne-Rhône-Alpes'],COM,{15},{84}
84c53e7b-15a4-4bb5-ba8a-fd2aed339fcf,211603345,Commune de Saint-Martial (16),false,{16334},Commune,2026-03-24 14:41:54.362296+01,gold_establishments_2025,,,,21160334500011,2025,Collectivité Territoriale,Commune,['Charente'],['Nouvelle-Aquitaine'],COM,{16},{75}
7b2b3fd7-8ae4-458f-bd11-15d0d1ecff1e,211703616,Commune de Saint-Martial (17),false,{17361},Commune,2026-03-24 14:41:54.903238+01,gold_establishments_2025,,,,21170361600014,2025,Collectivité Territoriale,Commune,['Charente-Maritime'],['Nouvelle-Aquitaine'],COM,{17},{75}
2979d3ca-e8f0-4420-86c0-51b9d1c294ae,213002835,Commune de Saint-Martial (30),false,{30283},Commune,2026-03-24 14:41:57.56054+01,gold_establishments_2025,,,,21300283500014,2025,Collectivité Territoriale,Commune,['Gard'],['Occitanie'],COM,{30},{76}
401610cc-32f1-4d2b-92a8-cecc4599ca43,213304405,Commune de Saint-Martial (33),false,{33440},Commune,2026-03-24 14:41:58.620411+01,gold_establishments_2025,,,,21330440500011,2025,Collectivité Territoriale,Commune,['Gironde'],['Nouvelle-Aquitaine'],COM,{33},{75}
6c97e592-c313-483d-b06a-43c6ffaa860b,211922109,Commune de Saint-Martial-Entraygues (19),false,{19221},Commune,2026-03-24 14:41:55.433389+01,gold_establishments_2025,,,,21192210900015,2025,Collectivité Territoriale,Commune,['Corrèze'],['Nouvelle-Aquitaine'],COM,{19},{75}
a3779974-fba7-45e6-8b4f-af32d77a3abf,212404529,Commune de Saint-Martial-Viveyrol (24),false,{24452},Commune,2026-03-24 14:41:55.958138+01,gold_establishments_2025,,,,21240452900019,2025,Collectivité Territoriale,Commune,['Dordogne'],['Nouvelle-Aquitaine'],COM,{24},{75}
3e490f2b-27a9-43f1-9a50-5c1552cda435,212404487,Commune de Saint-Martial-d'Albarède (24),false,{24448},Commune,2026-03-24 14:41:55.958138+01,gold_establishments_2025,,,,21240448700010,2025,Collectivité Territoriale,Commune,['Dordogne'],['Nouvelle-Aquitaine'],COM,{24},{75}
35c18d47-6719-4319-892e-dd91838c43a7,212404495,Commune de Saint-Martial-d'Artenset (24),false,{24449},Commune,2026-03-24 14:41:55.958138+01,gold_establishments_2025,,,,21240449500013,2025,Collectivité Territoriale,Commune,['Dordogne'],['Nouvelle-Aquitaine'],COM,{24},{75}
16b93b34-8915-4f82-b523-71b8ca2c4401,211922000,Commune de Saint-Martial-de-Gimel (19),false,{19220},Commune,2026-03-24 14:41:55.433389+01,gold_establishments_2025,,,,21192200000016,2025,Collectivité Territoriale,Commune,['Corrèze'],['Nouvelle-Aquitaine'],COM,{19},{75}
9713595c-53e5-4180-9e88-30752e53c2be,211703624,Commune de Saint-Martial-de-Mirambeau (17),false,{17362},Commune,2026-03-24 14:41:54.903238+01,gold_establishments_2025,,,,21170362400018,2025,Collectivité Territoriale,Commune,['Charente-Maritime'],['Nouvelle-Aquitaine'],COM,{17},{75}
2f100e03-19e8-403a-a58a-1ab493e1b0dc,212404503,Commune de Saint-Martial-de-Nabirat (24),false,{24450},Commune,2026-03-24 14:41:55.958138+01,gold_establishments_2025,,,,21240450300014,2025,Collectivité Territoriale,Commune,['Dordogne'],['Nouvelle-Aquitaine'],COM,{24},{75}
eb61a9d9-530b-455a-917b-7332c5a63d96,212404511,Commune de Saint-Martial-de-Valette (24),false,{24451},Commune,2026-03-24 14:41:55.958138+01,gold_establishments_2025,,,,21240451100017,2025,Collectivité Territoriale,Commune,['Dordogne'],['Nouvelle-Aquitaine'],COM,{24},{75}
fe0d32d3-d8e9-4368-9e60-c475f1b4c0a5,211703632,Commune de Saint-Martial-de-Vitaterne (17),false,{17363},Commune,2026-03-24 14:41:54.903238+01,gold_establishments_2025,,,,21170363200011,2025,Collectivité Territoriale,Commune,['Charente-Maritime'],['Nouvelle-Aquitaine'],COM,{17},{75}
4558d98f-ab55-459e-bad9-539a59fbb631,212321400,Commune de Saint-Martial-le-Mont (23),false,{23214},Commune,2026-03-24 14:41:55.958138+01,gold_establishments_2025,,,,21232140000013,2025,Collectivité Territoriale,Commune,['Creuse'],['Nouvelle-Aquitaine'],COM,{23},{75}
b5323ce0-09da-4399-862b-cff885d99f1b,212321509,Commune de Saint-Martial-le-Vieux (23),false,{23215},Commune,2026-03-24 14:41:55.958138+01,gold_establishments_2025,,,,21232150900011,2025,Collectivité Territoriale,Commune,['Creuse'],['Nouvelle-Aquitaine'],COM,{23},{75}
7ab63fb7-ddf5-47e7-b85c-96af4abbcf7c,218716306,Commune de Saint-Martial-sur-Isop (87),false,{87163},Commune,2026-03-24 14:42:11.118516+01,gold_establishments_2025,,,,21871630600012,2025,Collectivité Territoriale,Commune,['Haute-Vienne'],['Nouvelle-Aquitaine'],COM,{87},{75}
d5a4e2fe-43f7-4b2f-a704-d20e5df97f2c,211703640,Commune de Saint-Martial-sur-Né (17),false,{17364},Commune,2026-03-24 14:41:54.903238+01,gold_establishments_2025,,,,21170364000014,2025,Collectivité Territoriale,Commune,['Charente-Maritime'],['Nouvelle-Aquitaine'],COM,{17},{75}
128c6382-f575-42da-afd9-3a47298cd28e,213203896,Commune de Saint-Martin (32),false,{32389},Commune,2026-03-24 14:41:58.09424+01,gold_establishments_2025,,,,21320389600013,2025,Collectivité Territoriale,Commune,['Gers'],['Occitanie'],COM,{32},{76}
4989d0e9-10d1-4973-9fea-29a842657b35,215404807,Commune de Saint-Martin (54),false,{54480},Commune,2026-03-24 14:42:02.957225+01,gold_establishments_2025,,,,21540480700012,2025,Collectivité Territoriale,Commune,['Meurthe-et-Moselle'],['Grand Est'],COM,{54},{44}
114cda41-ac3b-414b-a6c9-29c60d039159,216503920,Commune de Saint-Martin (65),false,{65392},Commune,2026-03-24 14:42:06.665412+01,gold_establishments_2025,,,,21650392000011,2025,Collectivité Territoriale,Commune,['Hautes-Pyrénées'],['Occitanie'],COM,{65},{76}
96b5c2f9-fc71-427e-986e-61fd0fc43483,216704262,Commune de Saint-Martin (67),false,{67426},Commune,2026-03-24 14:42:07.195692+01,gold_establishments_2025,,,,21670426200015,2025,Collectivité Territoriale,Commune,['Bas-Rhin'],['Grand Est'],COM,{67},{44}
e221566e-779b-4d64-acd9-40b702f9e8f5,217104488,Commune de Saint-Martin-Belle-Roche (71),false,{71448},Commune,2026-03-24 14:42:08.279287+01,gold_establishments_2025,,,,21710448800010,2025,Collectivité Territoriale,Commune,['Saône-et-Loire'],['Bourgogne-Franche-Comté'],COM,{71},{27}
d991f9d3-4a51-4e99-83fe-30faa7e3e9ba,216207589,Commune de Saint-Martin-Boulogne (62),false,{62758},Commune,2026-03-24 14:42:06.130387+01,gold_establishments_2025,,,,21620758900013,2025,Collectivité Territoriale,Commune,['Pas-de-Calais'],['Hauts-de-France'],COM,{62},{32}
565f7a55-dca0-4679-9a35-eb3b5b97ac1c,211502000,Commune de Saint-Martin-Cantalès (15),false,{15200},Commune,2026-03-24 14:41:54.362296+01,gold_establishments_2025,,,,21150200000014,2025,Collectivité Territoriale,Commune,['Cantal'],['Auvergne-Rhône-Alpes'],COM,{15},{84}
b06514ca-fa1c-4c9e-b2d1-61d295abd7c2,216207597,Commune de Saint-Martin-Choquel (62),false,{62759},Commune,2026-03-24 14:42:06.130387+01,gold_establishments_2025,,,,21620759700016,2025,Collectivité Territoriale,Commune,['Pas-de-Calais'],['Hauts-de-France'],COM,{62},{32}
0dff2db9-362a-45ce-8c12-d1fd685b6957,212321608,Commune de Saint-Martin-Château (23),false,{23216},Commune,2026-03-24 14:41:55.958138+01,gold_establishments_2025,,,,21232160800011,2025,Collectivité Territoriale,Commune,['Creuse'],['Nouvelle-Aquitaine'],COM,{23},{75}
eed63220-b8a8-4374-9b27-584161783c52,214702540,Commune de Saint-Martin-Curton (47),false,{47254},Commune,2026-03-24 14:42:00.862623+01,gold_establishments_2025,,,,21470254000011,2025,Collectivité Territoriale,Commune,['Lot-et-Garonne'],['Nouvelle-Aquitaine'],COM,{47},{75}
1788cc5a-85c9-4330-a1cb-acaa2de9dd37,213203920,Commune de Saint-Martin-Gimois (32),false,{32392},Commune,2026-03-24 14:41:58.09424+01,gold_establishments_2025,,,,21320392000011,2025,Collectivité Territoriale,Commune,['Gers'],['Occitanie'],COM,{32},{76}
f272201b-6310-4a4a-bcaf-d12a3b14c9ea,214602765,Commune de Saint-Martin-Labouval (46),false,{46276},Commune,2026-03-24 14:42:00.862623+01,gold_establishments_2025,,,,21460276500015,2025,Collectivité Territoriale,Commune,['Lot'],['Occitanie'],COM,{46},{76}
eed30a69-5e53-4efc-84dc-18bf28ca1cb0,213304413,Commune de Saint-Martin-Lacaussade (33),false,{33441},Commune,2026-03-24 14:41:58.620411+01,gold_establishments_2025,,,,21330441300015,2025,Collectivité Territoriale,Commune,['Gironde'],['Nouvelle-Aquitaine'],COM,{33},{75}
6ef102d2-6293-4000-a76e-00df99d7e6a9,218102630,Commune de Saint-Martin-Laguépie (81),false,{81263},Commune,2026-03-24 14:42:09.967209+01,gold_establishments_2025,,,,21810263000017,2025,Collectivité Territoriale,Commune,['Tarn'],['Occitanie'],COM,{81},{76}
058a0fc5-fe92-4266-a8fa-d321ade51690,211103569,Commune de Saint-Martin-Lalande (11),false,{11356},Commune,2026-03-24 14:41:53.63825+01,gold_establishments_2025,,,,21110356900011,2025,Collectivité Territoriale,Commune,['Aude'],['Occitanie'],COM,{11},{76}
79a55f6e-4088-48dd-8f1d-1828f8fd165d,218502482,Commune de Saint-Martin-Lars-en-Sainte-Hermine (85),false,{85248},Commune,2026-03-24 14:42:10.508772+01,gold_establishments_2025,,,,21850248200019,2025,Collectivité Territoriale,Commune,['Vendée'],['Pays de la Loire'],COM,{85},{52}
c1142cd3-7bb0-4007-97a2-9f0bb6f5372f,214202616,Commune de Saint-Martin-Lestra (42),false,{42261},Commune,2026-03-24 14:42:00.273698+01,gold_establishments_2025,,,,21420261600014,2025,Collectivité Territoriale,Commune,['Loire'],['Auvergne-Rhône-Alpes'],COM,{42},{84}
7b02cd22-21ed-4ac3-8942-515ff606e3dc,216005801,Commune de Saint-Martin-Longueau (60),false,{60587},Commune,2026-03-24 14:42:04.814328+01,gold_establishments_2025,,,,21600580100016,2025,Collectivité Territoriale,Commune,['Oise'],['Hauts-de-France'],COM,{60},{32}
4e849ca3-3291-4783-af9c-0ded05448dbe,211103585,Commune de Saint-Martin-Lys (11),false,{11358},Commune,2026-03-24 14:41:53.63825+01,gold_establishments_2025,,,,21110358500017,2025,Collectivité Territoriale,Commune,['Aude'],['Occitanie'],COM,{11},{76}
da665f48-a04c-4dfe-8b29-cb68f16615d6,217606219,Commune de Saint-Martin-Osmonville (76),false,{76621},Commune,2026-03-24 14:42:08.818969+01,gold_establishments_2025,,,,21760621900012,2025,Collectivité Territoriale,Commune,['Seine-Maritime'],['Normandie'],COM,{76},{28}
6954c61a-34cd-46e1-bec6-e840a900bb04,214702573,Commune de Saint-Martin-Petit (47),false,{47257},Commune,2026-03-24 14:42:00.862623+01,gold_establishments_2025,,,,21470257300012,2025,Collectivité Territoriale,Commune,['Lot-et-Garonne'],['Nouvelle-Aquitaine'],COM,{47},{75}
644cf63e-1af9-45b5-94bc-2b5cf8585155,210206587,Commune de Saint-Martin-Rivière (02),false,{02683},Commune,2026-03-24 14:41:52.020251+01,gold_establishments_2025,,,,21020658700011,2025,Collectivité Territoriale,Commune,['Aisne'],['Hauts-de-France'],COM,{02},{32}
ec125c55-eb1a-46a9-880b-180311c3024e,212705719,Commune de Saint-Martin-Saint-Firmin (27),false,{27571},Commune,2026-03-24 14:41:57.028721+01,gold_establishments_2025,,,,21270571900012,2025,Collectivité Territoriale,Commune,['Eure'],['Normandie'],COM,{27},{28}
9cc5b285-fab7-49e7-a24b-7e80e7818ae2,212321707,Commune de Saint-Martin-Sainte-Catherine (23),false,{23217},Commune,2026-03-24 14:41:55.958138+01,gold_establishments_2025,,,,21232170700011,2025,Collectivité Territoriale,Commune,['Creuse'],['Nouvelle-Aquitaine'],COM,{23},{75}
926e693f-9023-4a9f-bbec-1bb3ddfbf540,211922307,Commune de Saint-Martin-Sepert (nan),false,{19223},Commune,2026-03-24 14:41:55.433389+01,gold_establishments_2025,,,,21192230700015,2025,Collectivité Territoriale,Commune,[''],[''],COM,,
1f604dd6-2e30-4b92-80a3-426c7c363676,218716702,Commune de Saint-Martin-Terressus (87),false,{87167},Commune,2026-03-24 14:42:11.118516+01,gold_establishments_2025,,,,21871670200012,2025,Collectivité Territoriale,Commune,['Haute-Vienne'],['Nouvelle-Aquitaine'],COM,{87},{75}
0cb8b0a2-0c81-4064-a6c5-ef67f452eabd,211502026,Commune de Saint-Martin-Valmeroux (15),false,{15202},Commune,2026-03-24 14:41:54.362296+01,gold_establishments_2025,,,,21150202600019,2025,Collectivité Territoriale,Commune,['Cantal'],['Auvergne-Rhône-Alpes'],COM,{15},{84}
5f9eb18a-47de-4261-b72e-a56f5091ba14,210601274,Commune de Saint-Martin-Vésubie (06),false,{06127},Commune,2026-03-24 14:41:52.562531+01,gold_establishments_2025,,,,21060127400017,2025,Collectivité Territoriale,Commune,['Alpes-Maritimes'],"[""Provence-Alpes-Côte d'Azur""]",COM,{06},{93}
62160320-f9c2-4cfe-b020-8e15a7fc84ce,217606128,Commune de Saint-Martin-au-Bosc (76),false,{76612},Commune,2026-03-24 14:42:08.818969+01,gold_establishments_2025,,,,21760612800015,2025,Collectivité Territoriale,Commune,['Seine-Maritime'],['Normandie'],COM,{76},{28}
69c4ff8c-c628-4599-a9ce-3a342e8fa6fb,217606110,Commune de Saint-Martin-aux-Arbres (76),false,{76611},Commune,2026-03-24 14:42:08.818969+01,gold_establishments_2025,,,,21760611000013,2025,Collectivité Territoriale,Commune,['Seine-Maritime'],['Normandie'],COM,{76},{28}
2bebe749-07fd-469d-a649-3b5017ec4b07,216005785,Commune de Saint-Martin-aux-Bois (60),false,{60585},Commune,2026-03-24 14:42:04.814328+01,gold_establishments_2025,,,,21600578500011,2025,Collectivité Territoriale,Commune,['Oise'],['Hauts-de-France'],COM,{60},{32}
37107180-3106-40d4-8b3c-2abf2dbca251,217606136,Commune de Saint-Martin-aux-Buneaux (76),false,{76613},Commune,2026-03-24 14:42:08.818969+01,gold_establishments_2025,,,,21760613600018,2025,Collectivité Territoriale,Commune,['Seine-Maritime'],['Normandie'],COM,{76},{28}
948ed31d-4997-4be2-9101-9efd45acec93,215104654,Commune de Saint-Martin-aux-Champs (51),false,{51502},Commune,2026-03-24 14:42:01.954481+01,gold_establishments_2025,,,,21510465400011,2025,Collectivité Territoriale,Commune,['Marne'],['Grand Est'],COM,{51},{44}
2fcf7516-3ab2-4ce8-a659-d9d8919642f9,211406202,Commune de Saint-Martin-aux-Chartrains (14),false,{14620},Commune,2026-03-24 14:41:54.362296+01,gold_establishments_2025,,,,21140620200013,2025,Collectivité Territoriale,Commune,['Calvados'],['Normandie'],COM,{14},{28}
6b8f8701-8a1f-4aa1-a5d0-af7311e37756,214502908,Commune de Saint-Martin-d'Abbat (45),false,{45290},Commune,2026-03-24 14:42:00.862623+01,gold_establishments_2025,,,,21450290800012,2025,Collectivité Territoriale,Commune,['Loiret'],['Centre-Val de Loire'],COM,{45},{24}
92a11b4d-3fb1-47df-98c1-d95ad59c2b12,215100025,Commune de Saint-Martin-d'Ablois (51),false,{51002},Commune,2026-03-24 14:42:01.412377+01,gold_establishments_2025,,,,21510002500018,2025,Collectivité Territoriale,Commune,['Marne'],['Grand Est'],COM,{51},{44}
1b87cf9f-dc36-4323-bddd-ec060bc1d783,212603146,Commune de Saint-Martin-d'Août (26),false,{26314},Commune,2026-03-24 14:41:56.495197+01,gold_establishments_2025,,,,21260314600011,2025,Collectivité Territoriale,Commune,['Drôme'],['Auvergne-Rhône-Alpes'],COM,{26},{84}
5806cf1a-e6f0-47e5-8231-90e9e25d003d,216404897,Commune de Saint-Martin-d'Arberoue (64),false,{64489},Commune,2026-03-24 14:42:06.665412+01,gold_establishments_2025,,,,21640489700011,2025,Collectivité Territoriale,Commune,['Pyrénées-Atlantiques'],['Nouvelle-Aquitaine'],COM,{64},{75}
d992ca42-7c8f-4d7b-bb8d-1c59b087639b,217302561,Commune de Saint-Martin-d'Arc (73),false,{73256},Commune,2026-03-24 14:42:08.279287+01,gold_establishments_2025,,,,21730256100014,2025,Collectivité Territoriale,Commune,['Savoie'],['Auvergne-Rhône-Alpes'],COM,{73},{84}
c13e1352-c4b2-4a70-8728-535c8a7fb8b3,210702684,Commune de Saint-Martin-d'Ardèche (07),false,{07268},Commune,2026-03-24 14:41:52.562531+01,gold_establishments_2025,,,,21070268400015,2025,Collectivité Territoriale,Commune,['Ardèche'],['Auvergne-Rhône-Alpes'],COM,{07},{84}
8c0fa30f-6688-4e8a-9ffa-f9697a6b4f11,213203904,Commune de Saint-Martin-d'Armagnac (32),false,{32390},Commune,2026-03-24 14:41:58.09424+01,gold_establishments_2025,,,,21320390400015,2025,Collectivité Territoriale,Commune,['Gers'],['Occitanie'],COM,{32},{76}
159104df-5873-4bba-b105-9165e24d7fa7,216404905,Commune de Saint-Martin-d'Arrossa (64),false,{64490},Commune,2026-03-24 14:42:06.665412+01,gold_establishments_2025,,,,21640490500012,2025,Collectivité Territoriale,Commune,['Pyrénées-Atlantiques'],['Nouvelle-Aquitaine'],COM,{64},{75}
0e2342e4-ea8d-4e9a-8474-b34acda4983b,211703657,Commune de Saint-Martin-d'Ary (17),false,{17365},Commune,2026-03-24 14:41:54.903238+01,gold_establishments_2025,,,,21170365700018,2025,Collectivité Territoriale,Commune,['Charente-Maritime'],['Nouvelle-Aquitaine'],COM,{17},{75}
bb2b7db9-07fd-4e54-a193-4bcf0330a3dc,215005109,Commune de Saint-Martin-d'Aubigny (50),false,{50510},Commune,2026-03-24 14:42:01.412377+01,gold_establishments_2025,,,,21500510900016,2025,Collectivité Territoriale,Commune,['Manche'],['Normandie'],COM,{50},{28}
e8822b16-a560-442c-8ad9-010dcd483d20,215005117,Commune de Saint-Martin-d'Audouville (50),false,{50511},Commune,2026-03-24 14:42:01.412377+01,gold_establishments_2025,,,,21500511700019,2025,Collectivité Territoriale,Commune,['Manche'],['Normandie'],COM,{50},{28}
112a15ba-ae25-4947-b60c-fc633fd47aab,211802236,Commune de Saint-Martin-d'Auxigny (18),false,{18223},Commune,2026-03-24 14:41:54.903238+01,gold_establishments_2025,,,,21180223600011,2025,Collectivité Territoriale,Commune,['Cher'],['Centre-Val de Loire'],COM,{18},{24}
cbb1e5e3-5aa8-4435-a259-bbee98a4512f,217104496,Commune de Saint-Martin-d'Auxy (71),false,{71449},Commune,2026-03-24 14:42:08.279287+01,gold_establishments_2025,,,,21710449600013,2025,Collectivité Territoriale,Commune,['Saône-et-Loire'],['Bourgogne-Franche-Comté'],COM,{71},{27}
215c2270-85b5-4a3d-a642-fd303d12982d,210601258,Commune de Saint-Martin-d'Entraunes (06),false,{06125},Commune,2026-03-24 14:41:52.562531+01,gold_establishments_2025,,,,21060125800010,2025,Collectivité Territoriale,Commune,['Alpes-Maritimes'],"[""Provence-Alpes-Côte d'Azur""]",COM,{06},{93}
d6e24d23-cf7e-4c5c-a964-a10fb1d5e94c,214202574,Commune de Saint-Martin-d'Estréaux (42),false,{42257},Commune,2026-03-24 14:42:00.273698+01,gold_establishments_2025,,,,21420257400015,2025,Collectivité Territoriale,Commune,['Loire'],['Auvergne-Rhône-Alpes'],COM,{42},{84}
4debd2b1-c8fe-48e1-856d-d0cf48a894b3,216207605,Commune de Saint-Martin-d'Hardinghem (62),false,{62760},Commune,2026-03-24 14:42:06.130387+01,gold_establishments_2025,,,,21620760500017,2025,Collectivité Territoriale,Commune,['Pas-de-Calais'],['Hauts-de-France'],COM,{62},{32}
3fcd6be5-5de2-4840-b267-e92d419c45d6,215802547,Commune de Saint-Martin-d'Heuille (58),false,{58254},Commune,2026-03-24 14:42:04.280096+01,gold_establishments_2025,,,,21580254700012,2025,Collectivité Territoriale,Commune,['Nièvre'],['Bourgogne-Franche-Comté'],COM,{58},{27}
ca3f3d30-f204-408f-858f-b7dd3030518b,213804214,Commune de Saint-Martin-d'Hères (38),false,{38421},Commune,2026-03-24 14:41:59.705606+01,gold_establishments_2025,,,,21380421400012,2025,Collectivité Territoriale,Commune,['Isère'],['Auvergne-Rhône-Alpes'],COM,{38},{84}
941133f1-684f-400b-bd71-0f6facd38157,216303768,Commune de Saint-Martin-d'Ollières (63),false,{63376},Commune,2026-03-24 14:42:06.130387+01,gold_establishments_2025,,,,21630376800016,2025,Collectivité Territoriale,Commune,['Puy-de-Dôme'],['Auvergne-Rhône-Alpes'],COM,{63},{84}
d1232a46-8cee-4102-8f6f-1f54e121be22,214002743,Commune de Saint-Martin-d'Oney (40),false,{40274},Commune,2026-03-24 14:41:59.705606+01,gold_establishments_2025,,,,21400274300018,2025,Collectivité Territoriale,Commune,['Landes'],['Nouvelle-Aquitaine'],COM,{40},{75}
a1075a20-0a06-4fc5-8d84-f4a2796fee32,218903532,Commune de Saint-Martin-d'Ordon (89),false,{89353},Commune,2026-03-24 14:42:11.659493+01,gold_establishments_2025,,,,21890353200016,2025,Collectivité Territoriale,Commune,['Yonne'],['Bourgogne-Franche-Comté'],COM,{89},{27}
37d412ca-f2ce-43f6-9fb5-e10c34c4c39f,210902706,Commune de Saint-Martin-d'Oydes (09),false,{09270},Commune,2026-03-24 14:41:53.095366+01,gold_establishments_2025,,,,21090270600014,2025,Collectivité Territoriale,Commune,['Ariège'],['Occitanie'],COM,{09},{76}
23524295-bf4a-4b40-abae-2a6a4e9999b0,213804222,Commune de Saint-Martin-d'Uriage (38),false,{38422},Commune,2026-03-24 14:41:59.705606+01,gold_establishments_2025,,,,21380422200015,2025,Collectivité Territoriale,Commune,['Isère'],['Auvergne-Rhône-Alpes'],COM,{38},{84}
7685b070-3178-43b0-bf40-3801346e9b40,216104232,Commune de Saint-Martin-d'Écublei (61),false,{61423},Commune,2026-03-24 14:42:05.597325+01,gold_establishments_2025,,,,21610423200014,2025,Collectivité Territoriale,Commune,['Orne'],['Normandie'],COM,{61},{28}
fd9d1076-cc52-49b5-abe2-dd3bffb96671,210103727,Commune de Saint-Martin-de-Bavel (01),false,{01372},Commune,2026-03-24 14:41:51.447482+01,gold_establishments_2025,,,,21010372700017,2025,Collectivité Territoriale,Commune,['Ain'],['Auvergne-Rhône-Alpes'],COM,{01},{84}
9fc69d01-c03b-4ddd-bc62-7dda6066b11d,214702557,Commune de Saint-Martin-de-Beauville (47),false,{47255},Commune,2026-03-24 14:42:00.862623+01,gold_establishments_2025,,,,21470255700015,2025,Collectivité Territoriale,Commune,['Lot-et-Garonne'],['Nouvelle-Aquitaine'],COM,{47},{75}
960d1f50-3848-4eeb-8a27-c249abfe8f7d,217902733,Commune de Saint-Martin-de-Bernegoue (79),false,{79273},Commune,2026-03-24 14:42:09.43682+01,gold_establishments_2025,,,,21790273300013,2025,Collectivité Territoriale,Commune,['Deux-Sèvres'],['Nouvelle-Aquitaine'],COM,{79},{75}
981b6784-e44c-43fa-a1b4-f2971da11709,211406210,Commune de Saint-Martin-de-Bienfaite-la-Cressonnière (14),false,{14621},Commune,2026-03-24 14:41:54.362296+01,gold_establishments_2025,,,,21140621000016,2025,Collectivité Territoriale,Commune,['Calvados'],['Normandie'],COM,{14},{28}
8499ab58-042b-4985-8145-e1d7fc16737f,211406228,Commune de Saint-Martin-de-Blagny (14),false,{14622},Commune,2026-03-24 14:41:54.362296+01,gold_establishments_2025,,,,21140622800018,2025,Collectivité Territoriale,Commune,['Calvados'],['Normandie'],COM,{14},{28}
256f1594-4b03-40f5-9fe2-9a7e56931c46,215005125,Commune de Saint-Martin-de-Bonfossé (50),false,{50512},Commune,2026-03-24 14:42:01.412377+01,gold_establishments_2025,,,,21500512500012,2025,Collectivité Territoriale,Commune,['Manche'],['Normandie'],COM,{50},{28}
9eba524a-7949-4258-848c-62afdc0e3e97,217606144,Commune de Saint-Martin-de-Boscherville (76),false,{76614},Commune,2026-03-24 14:42:08.818969+01,gold_establishments_2025,,,,21760614400012,2025,Collectivité Territoriale,Commune,['Seine-Maritime'],['Normandie'],COM,{76},{28}
f43d243e-2932-4016-958e-47318bb97211,211003405,Commune de Saint-Martin-de-Bossenay (10),false,{10351},Commune,2026-03-24 14:41:53.095366+01,gold_establishments_2025,,,,21100340500019,2025,Collectivité Territoriale,Commune,['Aube'],['Grand Est'],COM,{10},{44}
1bd631a2-8c5f-49eb-9d58-1fcff00ea08b,214801706,Commune de Saint-Martin-de-Boubaux (48),false,{48170},Commune,2026-03-24 14:42:01.412377+01,gold_establishments_2025,,,,21480170600018,2025,Collectivité Territoriale,Commune,['Lozère'],['Occitanie'],COM,{48},{76}
c48d44d8-e212-4a36-8a78-2845bf5ae7f3,217805647,Commune de Saint-Martin-de-Bréthencourt (78),false,{78564},Commune,2026-03-24 14:42:09.43682+01,gold_establishments_2025,,,,21780564700013,2025,Collectivité Territoriale,Commune,['Yvelines'],['Île-de-France'],COM,{78},{11}
512f9017-01f3-4834-b6f4-8bf0f5f08731,210401899,Commune de Saint-Martin-de-Brômes (04),false,{04189},Commune,2026-03-24 14:41:52.562531+01,gold_establishments_2025,,,,21040189900013,2025,Collectivité Territoriale,Commune,['Alpes-de-Haute-Provence'],"[""Provence-Alpes-Côte d'Azur""]",COM,{04},{93}
a3e36ad6-dd01-4a20-b756-138b019a80a6,210902698,Commune de Saint-Martin-de-Caralp (09),false,{09269},Commune,2026-03-24 14:41:53.095366+01,gold_establishments_2025,,,,21090269800013,2025,Collectivité Territoriale,Commune,['Ariège'],['Occitanie'],COM,{09},{76}
1f46cdfe-2965-43eb-af75-59eae67d8712,218401123,Commune de Saint-Martin-de-Castillon (84),false,{84112},Commune,2026-03-24 14:42:10.508772+01,gold_establishments_2025,,,,21840112300011,2025,Collectivité Territoriale,Commune,['Vaucluse'],"[""Provence-Alpes-Côte d'Azur""]",COM,{84},{93}
8ab4c630-27df-4edc-a9e9-7ced5c580be5,215005133,Commune de Saint-Martin-de-Cenilly (50),false,{50513},Commune,2026-03-24 14:42:01.412377+01,gold_establishments_2025,,,,21500513300016,2025,Collectivité Territoriale,Commune,['Manche'],['Normandie'],COM,{50},{28}
6205b39f-7b19-4d58-8540-a5136f478234,213804198,Commune de Saint-Martin-de-Clelles (38),false,{38419},Commune,2026-03-24 14:41:59.705606+01,gold_establishments_2025,,,,21380419800017,2025,Collectivité Territoriale,Commune,['Isère'],['Auvergne-Rhône-Alpes'],COM,{38},{84}
7ea565d5-6196-4a8f-9016-ee1839a2efb8,217104504,Commune de Saint-Martin-de-Commune (71),false,{71450},Commune,2026-03-24 14:42:08.279287+01,gold_establishments_2025,,,,21710450400014,2025,Collectivité Territoriale,Commune,['Saône-et-Loire'],['Bourgogne-Franche-Comté'],COM,{71},{27}
f62bc301-16bc-4ec4-b640-a997930ed090,211703665,Commune de Saint-Martin-de-Coux (17),false,{17366},Commune,2026-03-24 14:41:54.903238+01,gold_establishments_2025,,,,21170366500011,2025,Collectivité Territoriale,Commune,['Charente-Maritime'],['Nouvelle-Aquitaine'],COM,{17},{75}
a1797f75-3408-408e-b542-8aa254c2b0e8,211300975,Commune de Saint-Martin-de-Crau (13),false,{13097},Commune,2026-03-24 14:41:53.63825+01,gold_establishments_2025,,,,21130097500011,2025,Collectivité Territoriale,Commune,['Bouches-du-Rhône'],"[""Provence-Alpes-Côte d'Azur""]",COM,{13},{93}
fc7cfaf5-ce3b-4e3e-9b49-a03594da2e4d,216601849,Commune de Saint-Martin-de-Fenouillet (66),false,{66184},Commune,2026-03-24 14:42:06.665412+01,gold_establishments_2025,,,,21660184900013,2025,Collectivité Territoriale,Commune,['Pyrénées-Orientales'],['Occitanie'],COM,{66},{76}
fc1e50e0-217b-466d-a93d-cd8450dab8cc,211406236,Commune de Saint-Martin-de-Fontenay (nan),false,{14623},Commune,2026-03-24 14:41:54.362296+01,gold_establishments_2025,,,,21140623600011,2025,Collectivité Territoriale,Commune,[''],[''],COM,,
a3441116-d01a-42a1-b06c-e18854085489,218502441,Commune de Saint-Martin-de-Fraigneau (85),false,{85244},Commune,2026-03-24 14:42:10.508772+01,gold_establishments_2025,,,,21850244100015,2025,Collectivité Territoriale,Commune,['Vendée'],['Pays de la Loire'],COM,{85},{52}
b18ea2f2-6628-4e92-8996-0fe4fadf71f5,212404537,Commune de Saint-Martin-de-Fressengeas (24),false,{24453},Commune,2026-03-24 14:41:55.958138+01,gold_establishments_2025,,,,21240453700012,2025,Collectivité Territoriale,Commune,['Dordogne'],['Nouvelle-Aquitaine'],COM,{24},{75}
d4a169f7-5cc7-4c7a-af85-4cb48bbc639f,214302101,Commune de Saint-Martin-de-Fugères (43),false,{43210},Commune,2026-03-24 14:42:00.273698+01,gold_establishments_2025,,,,21430210100016,2025,Collectivité Territoriale,Commune,['Haute-Loire'],['Auvergne-Rhône-Alpes'],COM,{43},{84}
b402a14d-565d-4c5a-b858-7979fe98a105,213203912,Commune de Saint-Martin-de-Goyne (32),false,{32391},Commune,2026-03-24 14:41:58.09424+01,gold_establishments_2025,,,,21320391200018,2025,Collectivité Territoriale,Commune,['Gers'],['Occitanie'],COM,{32},{76}
40e4636c-c461-4df9-9790-572f7c07cea8,212404545,Commune de Saint-Martin-de-Gurson (24),false,{24454},Commune,2026-03-24 14:41:55.958138+01,gold_establishments_2025,,,,21240454500015,2025,Collectivité Territoriale,Commune,['Dordogne'],['Nouvelle-Aquitaine'],COM,{24},{75}
e93413fe-86a5-464d-b948-e2faf22e6308,214002727,Commune de Saint-Martin-de-Hinx (40),false,{40272},Commune,2026-03-24 14:41:59.705606+01,gold_establishments_2025,,,,21400272700078,2025,Collectivité Territoriale,Commune,['Landes'],['Nouvelle-Aquitaine'],COM,{40},{75}
0469e5d8-8350-447f-8588-f8919f5e0bf6,211703673,Commune de Saint-Martin-de-Juillers (17),false,{17367},Commune,2026-03-24 14:41:54.903238+01,gold_establishments_2025,,,,21170367300015,2025,Collectivité Territoriale,Commune,['Charente-Maritime'],['Nouvelle-Aquitaine'],COM,{17},{75}
f8381352-08b0-4c7a-be91-b953796abd55,218716405,Commune de Saint-Martin-de-Jussac (87),false,{87164},Commune,2026-03-24 14:42:11.118516+01,gold_establishments_2025,,,,21871640500012,2025,Collectivité Territoriale,Commune,['Haute-Vienne'],['Nouvelle-Aquitaine'],COM,{87},{75}
66f68d40-1fce-45b6-a985-0a4d7650a3e8,214801714,Commune de Saint-Martin-de-Lansuscle (48),false,{48171},Commune,2026-03-24 14:42:01.412377+01,gold_establishments_2025,,,,21480171400012,2025,Collectivité Territoriale,Commune,['Lozère'],['Occitanie'],COM,{48},{76}
7fb8c8f5-1e2d-41b8-80f6-19f370c0a26d,213304421,Commune de Saint-Martin-de-Laye (33),false,{33442},Commune,2026-03-24 14:41:58.620411+01,gold_establishments_2025,,,,21330442100018,2025,Collectivité Territoriale,Commune,['Gironde'],['Nouvelle-Aquitaine'],COM,{33},{75}
c5bbb03a-4886-41f4-b725-1bbf8dc0a2d8,211202395,Commune de Saint-Martin-de-Lenne (12),false,{12239},Commune,2026-03-24 14:41:53.63825+01,gold_establishments_2025,,,,21120239500011,2025,Collectivité Territoriale,Commune,['Aveyron'],['Occitanie'],COM,{12},{76}
63eabf30-f0f7-403a-8ba6-cf01f5bf5d0b,213304439,Commune de Saint-Martin-de-Lerm (33),false,{33443},Commune,2026-03-24 14:41:58.620411+01,gold_establishments_2025,,,,21330443900010,2025,Collectivité Territoriale,Commune,['Gironde'],['Nouvelle-Aquitaine'],COM,{33},{75}
1d08ff91-6016-43a9-802e-ce3ebafa7c58,217104512,Commune de Saint-Martin-de-Lixy (71),false,{71451},Commune,2026-03-24 14:42:08.279287+01,gold_establishments_2025,,,,21710451200017,2025,Collectivité Territoriale,Commune,['Saône-et-Loire'],['Bourgogne-Franche-Comté'],COM,{71},{27}
b315489a-9d7e-42d8-89e6-0674419ceb97,213402746,Commune de Saint-Martin-de-Londres (34),false,{34274},Commune,2026-03-24 14:41:58.620411+01,gold_establishments_2025,,,,21340274600019,2025,Collectivité Territoriale,Commune,['Hérault'],['Occitanie'],COM,{34},{76}
667766e7-b354-49ac-a5e2-e5326c607948,211406269,Commune de Saint-Martin-de-Mailloc (14),false,{14626},Commune,2026-03-24 14:41:54.362296+01,gold_establishments_2025,,,,21140626900012,2025,Collectivité Territoriale,Commune,['Calvados'],['Normandie'],COM,{14},{28}
e2a1b028-d6ed-48a3-b79d-7637b44e5494,211404082,Commune de Saint-Martin-de-May (14),false,{14408},Commune,2026-03-24 14:41:54.362296+01,gold_establishments_2025,,,,21140408200011,2025,Collectivité Territoriale,Commune,['Calvados'],['Normandie'],COM,{14},{28}
b4d5da99-2317-474a-a08e-d4ac483903ca,211406277,Commune de Saint-Martin-de-Mieux (14),false,{14627},Commune,2026-03-24 14:41:54.362296+01,gold_establishments_2025,,,,21140627700015,2025,Collectivité Territoriale,Commune,['Calvados'],['Normandie'],COM,{14},{28}
e5c133c8-8ad7-4128-8940-c8b849ff15dd,217902741,Commune de Saint-Martin-de-Mâcon (79),false,{79274},Commune,2026-03-24 14:42:09.43682+01,gold_establishments_2025,,,,21790274100016,2025,Collectivité Territoriale,Commune,['Deux-Sèvres'],['Nouvelle-Aquitaine'],COM,{79},{75}
68500cce-a038-4b5e-b339-19814e481128,212803522,Commune de Saint-Martin-de-Nigelles (28),false,{28352},Commune,2026-03-24 14:41:57.028721+01,gold_establishments_2025,,,,21280352200011,2025,Collectivité Territoriale,Commune,['Eure-et-Loir'],['Centre-Val de Loire'],COM,{28},{24}
d53b10bc-8e2e-4dda-afa7-da095c58babf,218301141,Commune de Saint-Martin-de-Pallières (83),false,{83114},Commune,2026-03-24 14:42:10.508772+01,gold_establishments_2025,,,,21830114100014,2025,Collectivité Territoriale,Commune,['Var'],"[""Provence-Alpes-Côte d'Azur""]",COM,{83},{93}
ac041e24-6df3-4e01-bd3f-5654efb6d88f,210501516,Commune de Saint-Martin-de-Queyrières (05),false,{05151},Commune,2026-03-24 14:41:52.562531+01,gold_establishments_2025,,,,21050151600012,2025,Collectivité Territoriale,Commune,['Hautes-Alpes'],"[""Provence-Alpes-Côte d'Azur""]",COM,{05},{93}
8f816119-13a6-4774-9a30-40a6d791f0d7,212404552,Commune de Saint-Martin-de-Ribérac (24),false,{24455},Commune,2026-03-24 14:41:55.958138+01,gold_establishments_2025,,,,21240455200011,2025,Collectivité Territoriale,Commune,['Dordogne'],['Nouvelle-Aquitaine'],COM,{24},{75}
181d6198-a275-475e-9287-1b0cbc323606,211703699,Commune de Saint-Martin-de-Ré (17),false,{17369},Commune,2026-03-24 14:41:54.903238+01,gold_establishments_2025,,,,21170369900010,2025,Collectivité Territoriale,Commune,['Charente-Maritime'],['Nouvelle-Aquitaine'],COM,{17},{75}
f3a427ed-168c-44c5-9d0f-8a397ed7c98d,217902766,Commune de Saint-Martin-de-Saint-Maixent (79),false,{79276},Commune,2026-03-24 14:42:09.43682+01,gold_establishments_2025,,,,21790276600013,2025,Collectivité Territoriale,Commune,['Deux-Sèvres'],['Nouvelle-Aquitaine'],COM,{79},{75}
9c353ce5-9fea-4690-a77d-9dd696205e0c,217104520,Commune de Saint-Martin-de-Salencey (71),false,{71452},Commune,2026-03-24 14:42:08.279287+01,gold_establishments_2025,,,,21710452000010,2025,Collectivité Territoriale,Commune,['Saône-et-Loire'],['Bourgogne-Franche-Comté'],COM,{71},{27}
5efccef4-f9bd-467f-8991-a72ec5def178,217902774,Commune de Saint-Martin-de-Sanzay (79),false,{79277},Commune,2026-03-24 14:42:09.43682+01,gold_establishments_2025,,,,21790277400017,2025,Collectivité Territoriale,Commune,['Deux-Sèvres'],['Nouvelle-Aquitaine'],COM,{79},{75}
502146e1-47f6-45da-9469-cb0ea153e804,214002735,Commune de Saint-Martin-de-Seignanx (40),false,{40273},Commune,2026-03-24 14:41:59.705606+01,gold_establishments_2025,,,,21400273500014,2025,Collectivité Territoriale,Commune,['Landes'],['Nouvelle-Aquitaine'],COM,{40},{75}
85e08636-3103-439f-8f40-99aeb6531625,213304447,Commune de Saint-Martin-de-Sescas (33),false,{33444},Commune,2026-03-24 14:41:58.620411+01,gold_establishments_2025,,,,21330444700013,2025,Collectivité Territoriale,Commune,['Gironde'],['Nouvelle-Aquitaine'],COM,{33},{75}
ca5be421-c9d8-44b4-b21d-53e761bdd847,210702692,Commune de Saint-Martin-de-Valamas (07),false,{07269},Commune,2026-03-24 14:41:52.562531+01,gold_establishments_2025,,,,21070269200018,2025,Collectivité Territoriale,Commune,['Ardèche'],['Auvergne-Rhône-Alpes'],COM,{07},{84}
9b44883b-ea71-4b6b-ae02-c93e1aaefd97,213002843,Commune de Saint-Martin-de-Valgalgues (30),false,{30284},Commune,2026-03-24 14:41:57.56054+01,gold_establishments_2025,,,,21300284300018,2025,Collectivité Territoriale,Commune,['Gard'],['Occitanie'],COM,{30},{76}
49bdd366-da42-467f-b99f-00465e61e81a,215005174,Commune de Saint-Martin-de-Varreville (50),false,{50517},Commune,2026-03-24 14:42:01.412377+01,gold_establishments_2025,,,,21500517400010,2025,Collectivité Territoriale,Commune,['Manche'],['Normandie'],COM,{50},{28}
5aaa1382-d0d9-4586-8ef5-6d7d464cf214,213804206,Commune de Saint-Martin-de-Vaulserre (38),false,{38420},Commune,2026-03-24 14:41:59.705606+01,gold_establishments_2025,,,,21380420600018,2025,Collectivité Territoriale,Commune,['Isère'],['Auvergne-Rhône-Alpes'],COM,{38},{84}
9dfcabeb-5d01-463e-911f-e4d862f07420,211103551,Commune de Saint-Martin-de-Villereglan (11),false,{11355},Commune,2026-03-24 14:41:53.63825+01,gold_establishments_2025,,,,21110355100019,2025,Collectivité Territoriale,Commune,['Aude'],['Occitanie'],COM,{11},{76}
c32d76e7-fbd3-4077-8f28-1a36a3ce5823,214702565,Commune de Saint-Martin-de-Villeréal (47),false,{47256},Commune,2026-03-24 14:42:00.862623+01,gold_establishments_2025,,,,21470256500018,2025,Collectivité Territoriale,Commune,['Lot-et-Garonne'],['Nouvelle-Aquitaine'],COM,{47},{75}
e8da1aef-76b0-4558-bebd-4e0d57d3e129,213402738,Commune de Saint-Martin-de-l'Arçon (34),false,{34273},Commune,2026-03-24 14:41:58.620411+01,gold_establishments_2025,,,,21340273800016,2025,Collectivité Territoriale,Commune,['Hérault'],['Occitanie'],COM,{34},{76}
5ac1a0bc-c1e7-41f2-a398-b78244ffd97d,218401131,Commune de Saint-Martin-de-la-Brasque (84),false,{84113},Commune,2026-03-24 14:42:10.508772+01,gold_establishments_2025,,,,21840113100014,2025,Collectivité Territoriale,Commune,['Vaucluse'],"[""Provence-Alpes-Côte d'Azur""]",COM,{84},{93}
4df0b677-bd54-48da-afbf-ca2c2fb480d9,213801152,Commune de Saint-Martin-de-la-Cluze (38),false,{38115},Commune,2026-03-24 14:41:59.160244+01,gold_establishments_2025,,,,21380115200041,2025,Collectivité Territoriale,Commune,['Isère'],['Auvergne-Rhône-Alpes'],COM,{38},{84}
9ec33ab2-bbd1-479c-bbd2-b735ff73c3ed,211406251,Commune de Saint-Martin-de-la-Lieue (14),false,{14625},Commune,2026-03-24 14:41:54.362296+01,gold_establishments_2025,,,,21140625100010,2025,Collectivité Territoriale,Commune,['Calvados'],['Normandie'],COM,{14},{28}
016203bb-e453-43c8-a7e9-7731de1e4921,212105605,Commune de Saint-Martin-de-la-Mer (21),false,{21560},Commune,2026-03-24 14:41:55.433389+01,gold_establishments_2025,,,,21210560500019,2025,Collectivité Territoriale,Commune,"[""Côte-d'Or""]",['Bourgogne-Franche-Comté'],COM,{21},{27}
2890c352-b705-43cc-bbdb-6c420cb4b957,217302587,Commune de Saint-Martin-de-la-Porte (73),false,{73258},Commune,2026-03-24 14:42:08.279287+01,gold_establishments_2025,,,,21730258700019,2025,Collectivité Territoriale,Commune,['Savoie'],['Auvergne-Rhône-Alpes'],COM,{73},{84}
6f319f68-4ecd-4193-a6ae-aca884b6796d,214102253,Commune de Saint-Martin-des-Bois (41),false,{41225},Commune,2026-03-24 14:42:00.273698+01,gold_establishments_2025,,,,21410225300017,2025,Collectivité Territoriale,Commune,['Loir-et-Cher'],['Centre-Val de Loire'],COM,{41},{24}
1e8f2681-fbe4-4a66-a012-cccf5c135a73,211802244,Commune de Saint-Martin-des-Champs (18),false,{18224},Commune,2026-03-24 14:41:54.903238+01,gold_establishments_2025,,,,21180224400015,2025,Collectivité Territoriale,Commune,['Cher'],['Centre-Val de Loire'],COM,{18},{24}
a76abe1a-b0fe-4262-8ea5-c42322c6d60e,212902548,Commune de Saint-Martin-des-Champs (29),false,{29254},Commune,2026-03-24 14:41:57.56054+01,gold_establishments_2025,,,,21290254800016,2025,Collectivité Territoriale,Commune,['Finistère'],['Bretagne'],COM,{29},{53}
c7400e76-2f51-45b7-a6a7-8e7c4b8d9120,217704238,Commune de Saint-Martin-des-Champs (77),false,{77423},Commune,2026-03-24 14:42:09.43682+01,gold_establishments_2025,,,,21770423800013,2025,Collectivité Territoriale,Commune,['Seine-et-Marne'],['Île-de-France'],COM,{77},{11}
6cbb8656-f405-4308-bd26-e8614c9756bd,217805654,Commune de Saint-Martin-des-Champs (78),false,{78565},Commune,2026-03-24 14:42:09.43682+01,gold_establishments_2025,,,,21780565400019,2025,Collectivité Territoriale,Commune,['Yvelines'],['Île-de-France'],COM,{78},{11}
b361da6e-676a-4a3e-bd43-58aafde3193a,218903524,Commune de Saint-Martin-des-Champs (89),false,{89352},Commune,2026-03-24 14:42:11.659493+01,gold_establishments_2025,,,,21890352400013,2025,Collectivité Territoriale,Commune,['Yonne'],['Bourgogne-Franche-Comté'],COM,{89},{27}
c4ace676-409a-451c-ac4b-82defcd12088,212404560,Commune de Saint-Martin-des-Combes (24),false,{24456},Commune,2026-03-24 14:41:55.958138+01,gold_establishments_2025,,,,21240456000014,2025,Collectivité Territoriale,Commune,['Dordogne'],['Nouvelle-Aquitaine'],COM,{24},{75}
9ea6bf68-c531-4726-aca1-7a0c424d6fd9,211406301,Commune de Saint-Martin-des-Entrées (14),false,{14630},Commune,2026-03-24 14:41:54.362296+01,gold_establishments_2025,,,,21140630100013,2025,Collectivité Territoriale,Commune,['Calvados'],['Normandie'],COM,{14},{28}
862bde55-4136-4e20-9707-8a08a36fdd48,218502458,Commune de Saint-Martin-des-Fontaines (85),false,{85245},Commune,2026-03-24 14:42:10.508772+01,gold_establishments_2025,,,,21850245800043,2025,Collectivité Territoriale,Commune,['Vendée'],['Pays de la Loire'],COM,{85},{52}
c0f814f5-de41-4b4c-a103-3380702d76f4,210302451,Commune de Saint-Martin-des-Lais (03),false,{03245},Commune,2026-03-24 14:41:52.020251+01,gold_establishments_2025,,,,21030245100013,2025,Collectivité Territoriale,Commune,['Allier'],['Auvergne-Rhône-Alpes'],COM,{03},{84}
a8657f1a-eed2-463c-aeed-fa26cefaaf28,216104240,Commune de Saint-Martin-des-Landes (61),false,{61424},Commune,2026-03-24 14:42:05.597325+01,gold_establishments_2025,,,,21610424000017,2025,Collectivité Territoriale,Commune,['Orne'],['Normandie'],COM,{61},{28}
396296e3-6083-4698-9127-4cffa98d5f20,217203025,Commune de Saint-Martin-des-Monts (72),false,{72302},Commune,2026-03-24 14:42:08.279287+01,gold_establishments_2025,,,,21720302500010,2025,Collectivité Territoriale,Commune,['Sarthe'],['Pays de la Loire'],COM,{72},{52}
5c3b299a-bb94-4807-a282-b113bcfd9d44,218502466,Commune de Saint-Martin-des-Noyers (85),false,{85246},Commune,2026-03-24 14:42:10.508772+01,gold_establishments_2025,,,,21850246600012,2025,Collectivité Territoriale,Commune,['Vendée'],['Pays de la Loire'],COM,{85},{52}
3df23d74-6a23-4ea6-ad08-d6059e0467ab,216303743,Commune de Saint-Martin-des-Olmes (63),false,{63374},Commune,2026-03-24 14:42:06.130387+01,gold_establishments_2025,,,,21630374300019,2025,Collectivité Territoriale,Commune,['Puy-de-Dôme'],['Auvergne-Rhône-Alpes'],COM,{63},{84}
06900af9-1b81-40c5-8031-a966e1ece9d0,216303750,Commune de Saint-Martin-des-Plains (63),false,{63375},Commune,2026-03-24 14:42:06.130387+01,gold_establishments_2025,,,,21630375000014,2025,Collectivité Territoriale,Commune,['Puy-de-Dôme'],['Auvergne-Rhône-Alpes'],COM,{63},{84}
98225d82-9379-4c38-ab82-eb7fa356f0b6,212203137,Commune de Saint-Martin-des-Prés (22),false,{22313},Commune,2026-03-24 14:41:55.958138+01,gold_establishments_2025,,,,21220313700014,2025,Collectivité Territoriale,Commune,"[""Côtes-d'Armor""]",['Bretagne'],COM,{22},{53}
570dd600-7b68-4ea3-a649-a6b8d486471c,211103544,Commune de Saint-Martin-des-Puits (11),false,{11354},Commune,2026-03-24 14:41:53.63825+01,gold_establishments_2025,,,,21110354400014,2025,Collectivité Territoriale,Commune,['Aude'],['Occitanie'],COM,{11},{76}
83b4cd94-e2b2-4512-8267-93ce199997e8,216104257,Commune de Saint-Martin-des-Pézerits (61),false,{61425},Commune,2026-03-24 14:42:05.597325+01,gold_establishments_2025,,,,21610425700011,2025,Collectivité Territoriale,Commune,['Orne'],['Normandie'],COM,{61},{28}
d01eb521-a6b3-438a-8cce-f1f1d40de25d,218502474,Commune de Saint-Martin-des-Tilleuls (85),false,{85247},Commune,2026-03-24 14:42:10.508772+01,gold_establishments_2025,,,,21850247400016,2025,Collectivité Territoriale,Commune,['Vendée'],['Pays de la Loire'],COM,{85},{52}
fdaeaf65-9fc2-44cc-a84d-cdd75146b044,217606151,Commune de Saint-Martin-du-Bec (76),false,{76615},Commune,2026-03-24 14:42:08.818969+01,gold_establishments_2025,,,,21760615100017,2025,Collectivité Territoriale,Commune,['Seine-Maritime'],['Normandie'],COM,{76},{28}
63b23a47-9d9f-43d4-9d81-1dd5021ead6c,213304454,Commune de Saint-Martin-du-Bois (33),false,{33445},Commune,2026-03-24 14:41:58.620411+01,gold_establishments_2025,,,,21330445400019,2025,Collectivité Territoriale,Commune,['Gironde'],['Nouvelle-Aquitaine'],COM,{33},{75}
00d902b6-b18a-49aa-944f-459e82a813ad,217704246,Commune de Saint-Martin-du-Boschet (77),false,{77424},Commune,2026-03-24 14:42:09.43682+01,gold_establishments_2025,,,,21770424600016,2025,Collectivité Territoriale,Commune,['Seine-et-Marne'],['Île-de-France'],COM,{77},{11}
be10b8bb-664b-43f0-a85e-479af3068176,211603352,Commune de Saint-Martin-du-Clocher (16),false,{16335},Commune,2026-03-24 14:41:54.362296+01,gold_establishments_2025,,,,21160335200017,2025,Collectivité Territoriale,Commune,['Charente'],['Nouvelle-Aquitaine'],COM,{16},{75}
1549e228-a611-4ec7-b427-19687ffa2d4b,214903064,Commune de Saint-Martin-du-Fouilloux (49),false,{49306},Commune,2026-03-24 14:42:01.412377+01,gold_establishments_2025,,,,21490306400019,2025,Collectivité Territoriale,Commune,['Maine-et-Loire'],['Pays de la Loire'],COM,{49},{52}
70fcc156-a5ad-46a4-be38-060f4438b456,217902782,Commune de Saint-Martin-du-Fouilloux (79),false,{79278},Commune,2026-03-24 14:42:09.43682+01,gold_establishments_2025,,,,21790278200069,2025,Collectivité Territoriale,Commune,['Deux-Sèvres'],['Nouvelle-Aquitaine'],COM,{79},{75}
3d0f26ce-d88e-466d-afce-05e49dc92d4b,210103735,Commune de Saint-Martin-du-Frêne (01),false,{01373},Commune,2026-03-24 14:41:51.447482+01,gold_establishments_2025,,,,21010373500010,2025,Collectivité Territoriale,Commune,['Ain'],['Auvergne-Rhône-Alpes'],COM,{01},{84}
cb81e723-c44a-4f61-8e10-64ddf798a3ef,217104538,Commune de Saint-Martin-du-Lac (71),false,{71453},Commune,2026-03-24 14:42:08.279287+01,gold_establishments_2025,,,,21710453800012,2025,Collectivité Territoriale,Commune,['Saône-et-Loire'],['Bourgogne-Franche-Comté'],COM,{71},{27}
e2ec2127-765e-487d-8bae-d4cbdfeceba2,215302407,Commune de Saint-Martin-du-Limet (53),false,{53240},Commune,2026-03-24 14:42:02.957225+01,gold_establishments_2025,,,,21530240700014,2025,Collectivité Territoriale,Commune,['Mayenne'],['Pays de la Loire'],COM,{53},{52}
a980250e-3bfb-47a0-9d41-8a7ff03768b7,217606169,Commune de Saint-Martin-du-Manoir (76),false,{76616},Commune,2026-03-24 14:42:08.818969+01,gold_establishments_2025,,,,21760616900019,2025,Collectivité Territoriale,Commune,['Seine-Maritime'],['Normandie'],COM,{76},{28}
e68eaf13-ce6f-4156-889a-ef7076f59397,210103743,Commune de Saint-Martin-du-Mont (01),false,{01374},Commune,2026-03-24 14:41:51.447482+01,gold_establishments_2025,,,,21010374300014,2025,Collectivité Territoriale,Commune,['Ain'],['Auvergne-Rhône-Alpes'],COM,{01},{84}
ed56340d-6ace-4550-aa33-70be8c0dec5e,212105613,Commune de Saint-Martin-du-Mont (21),false,{21561},Commune,2026-03-24 14:41:55.433389+01,gold_establishments_2025,,,,21210561300013,2025,Collectivité Territoriale,Commune,"[""Côte-d'Or""]",['Bourgogne-Franche-Comté'],COM,{21},{27}
076f1433-f935-423e-bbb0-48f2086f4eab,217104546,Commune de Saint-Martin-du-Mont (71),false,{71454},Commune,2026-03-24 14:42:08.279287+01,gold_establishments_2025,,,,21710454600015,2025,Collectivité Territoriale,Commune,['Saône-et-Loire'],['Bourgogne-Franche-Comté'],COM,{71},{27}
623ef274-8334-45c5-8eb8-e088eaa8fcad,213304462,Commune de Saint-Martin-du-Puy (33),false,{33446},Commune,2026-03-24 14:41:58.620411+01,gold_establishments_2025,,,,21330446200012,2025,Collectivité Territoriale,Commune,['Gironde'],['Nouvelle-Aquitaine'],COM,{33},{75}
dabf2aa0-cb96-47b8-82c1-ee56cb9d9868,215802554,Commune de Saint-Martin-du-Puy (58),false,{58255},Commune,2026-03-24 14:42:04.280096+01,gold_establishments_2025,,,,21580255400018,2025,Collectivité Territoriale,Commune,['Nièvre'],['Bourgogne-Franche-Comté'],COM,{58},{27}
1ccb6854-e1aa-4f67-9f48-a2ed2e2fcdc2,217104553,Commune de Saint-Martin-du-Tartre (71),false,{71455},Commune,2026-03-24 14:42:08.279287+01,gold_establishments_2025,,,,21710455300011,2025,Collectivité Territoriale,Commune,['Saône-et-Loire'],['Bourgogne-Franche-Comté'],COM,{71},{27}
7938347f-7d78-433e-9d0f-4fc9e8ef35ad,218903540,Commune de Saint-Martin-du-Tertre (89),false,{89354},Commune,2026-03-24 14:42:11.659493+01,gold_establishments_2025,,,,21890354000019,2025,Collectivité Territoriale,Commune,['Yonne'],['Bourgogne-Franche-Comté'],COM,{89},{27}
81d5f77a-38ea-4773-96b9-acb40c2ec07a,219505666,Commune de Saint-Martin-du-Tertre (95),false,{95566},Commune,2026-03-24 14:42:11.659493+01,gold_establishments_2025,,,,21950566600012,2025,Collectivité Territoriale,Commune,"[""Val-d'Oise""]",['Île-de-France'],COM,{95},{11}
de85430a-a62a-40d0-a113-e11b10727848,212705693,Commune de Saint-Martin-du-Tilleul (27),false,{27569},Commune,2026-03-24 14:41:57.028721+01,gold_establishments_2025,,,,21270569300019,2025,Collectivité Territoriale,Commune,['Eure'],['Normandie'],COM,{27},{28}
abb9edb1-ef8c-4cb0-bfd4-e6ca3f3264cf,210601266,Commune de Saint-Martin-du-Var (06),false,{06126},Commune,2026-03-24 14:41:52.562531+01,gold_establishments_2025,,,,21060126600013,2025,Collectivité Territoriale,Commune,['Alpes-Maritimes'],"[""Provence-Alpes-Côte d'Azur""]",COM,{06},{93}
e031c81f-ad3e-4465-a7da-d1254bdcabff,216104265,Commune de Saint-Martin-du-Vieux-Bellême (61),false,{61426},Commune,2026-03-24 14:42:05.597325+01,gold_establishments_2025,,,,21610426500014,2025,Collectivité Territoriale,Commune,['Orne'],['Normandie'],COM,{61},{28}
a51f6147-4025-43b1-bfea-be82170d4676,217606177,Commune de Saint-Martin-du-Vivier (76),false,{76617},Commune,2026-03-24 14:42:08.818969+01,gold_establishments_2025,,,,21760617700012,2025,Collectivité Territoriale,Commune,['Seine-Maritime'],['Normandie'],COM,{76},{28}
7e9d80c4-9e2d-4442-9f5b-6fe20209869a,217704253,Commune de Saint-Martin-en-Bière (77),false,{77425},Commune,2026-03-24 14:42:09.43682+01,gold_establishments_2025,,,,21770425300012,2025,Collectivité Territoriale,Commune,['Seine-et-Marne'],['Île-de-France'],COM,{77},{11}
6537ddc8-c726-44b3-b17d-a46005e49957,217104561,Commune de Saint-Martin-en-Bresse (71),false,{71456},Commune,2026-03-24 14:42:08.279287+01,gold_establishments_2025,,,,21710456100097,2025,Collectivité Territoriale,Commune,['Saône-et-Loire'],['Bourgogne-Franche-Comté'],COM,{71},{27}
7a0db8ed-1477-4ee1-a4b1-61d267efe228,217104579,Commune de Saint-Martin-en-Gâtinois (71),false,{71457},Commune,2026-03-24 14:42:08.279287+01,gold_establishments_2025,,,,21710457900016,2025,Collectivité Territoriale,Commune,['Saône-et-Loire'],['Bourgogne-Franche-Comté'],COM,{71},{27}
81db56e4-9783-4072-8ad2-6c5614221829,216902270,Commune de Saint-Martin-en-Haut (69),false,{69227},Commune,2026-03-24 14:42:07.735343+01,gold_establishments_2025,,,,21690227000018,2025,Collectivité Territoriale,Commune,['Rhône'],['Auvergne-Rhône-Alpes'],COM,{69},{84}
f1082fc8-7864-41ad-8bd6-a6cfa1f6468a,212603153,Commune de Saint-Martin-en-Vercors (26),false,{26315},Commune,2026-03-24 14:41:56.495197+01,gold_establishments_2025,,,,21260315300017,2025,Collectivité Territoriale,Commune,['Drôme'],['Auvergne-Rhône-Alpes'],COM,{26},{84}
ef13b840-4a56-43b9-ac53-53e0b97d8503,216104273,Commune de Saint-Martin-l'Aiguillon (61),false,{61427},Commune,2026-03-24 14:42:05.597325+01,gold_establishments_2025,,,,21610427300018,2025,Collectivité Territoriale,Commune,['Orne'],['Normandie'],COM,{61},{28}
946655c3-f65d-4a8b-a634-a9832080ea3e,218602340,Commune de Saint-Martin-l'Ars (86),false,{86234},Commune,2026-03-24 14:42:10.508772+01,gold_establishments_2025,,,,21860234000018,2025,Collectivité Territoriale,Commune,['Vienne'],['Nouvelle-Aquitaine'],COM,{86},{75}
954bdc26-e44b-43b1-a4a8-e27791dc955c,212404578,Commune de Saint-Martin-l'Astier (24),false,{24457},Commune,2026-03-24 14:41:55.958138+01,gold_establishments_2025,,,,21240457800016,2025,Collectivité Territoriale,Commune,['Dordogne'],['Nouvelle-Aquitaine'],COM,{24},{75}
db8647ed-b095-45e4-8d2f-c1ae1ee694ef,215104662,Commune de Saint-Martin-l'Heureux (51),false,{51503},Commune,2026-03-24 14:42:01.954481+01,gold_establishments_2025,,,,21510466200014,2025,Collectivité Territoriale,Commune,['Marne'],['Grand Est'],COM,{51},{44}
89923db4-961b-4f1c-a8e0-fc4678af4d56,217606201,Commune de Saint-Martin-l'Hortier (76),false,{76620},Commune,2026-03-24 14:42:08.818969+01,gold_establishments_2025,,,,21760620100010,2025,Collectivité Territoriale,Commune,['Seine-Maritime'],['Normandie'],COM,{76},{28}
0b07fa86-af75-4933-ab9c-c50e17cd45dc,212705701,Commune de Saint-Martin-la-Campagne (27),false,{27570},Commune,2026-03-24 14:41:57.028721+01,gold_establishments_2025,,,,21270570100010,2025,Collectivité Territoriale,Commune,['Eure'],['Normandie'],COM,{27},{28}
31576e80-99d7-4515-a5ee-6952bc16c5a0,217805670,Commune de Saint-Martin-la-Garenne (78),false,{78567},Commune,2026-03-24 14:42:09.43682+01,gold_establishments_2025,,,,21780567000064,2025,Collectivité Territoriale,Commune,['Yvelines'],['Île-de-France'],COM,{78},{11}
56b27ebe-48b1-4bf0-8e28-b59be722bcfd,211922208,Commune de Saint-Martin-la-Méanne (19),false,{19222},Commune,2026-03-24 14:41:55.433389+01,gold_establishments_2025,,,,21192220800015,2025,Collectivité Territoriale,Commune,['Corrèze'],['Nouvelle-Aquitaine'],COM,{19},{75}
8e3ea51f-7b2e-436a-9263-9c5e3a612aba,200082675,Commune de Saint-Martin-la-Pallu (86),false,{86281},Commune,2026-03-24 14:42:11.118516+01,gold_establishments_2025,,,,20008267500014,2025,Collectivité Territoriale,Commune,['Vienne'],['Nouvelle-Aquitaine'],COM,{86},{75}
4b76e832-fcdb-4957-a874-76e887c58e48,217104587,Commune de Saint-Martin-la-Patrouille (71),false,{71458},Commune,2026-03-24 14:42:08.279287+01,gold_establishments_2025,,,,21710458700019,2025,Collectivité Territoriale,Commune,['Saône-et-Loire'],['Bourgogne-Franche-Comté'],COM,{71},{27}
23d51154-d57f-4ccc-979b-c3bbc51eb058,214202590,Commune de Saint-Martin-la-Plaine (42),false,{42259},Commune,2026-03-24 14:42:00.273698+01,gold_establishments_2025,,,,21420259000011,2025,Collectivité Territoriale,Commune,['Loire'],['Auvergne-Rhône-Alpes'],COM,{42},{84}
4c943869-0f5e-4f30-a600-a89f9ff4e8d7,214202608,Commune de Saint-Martin-la-Sauveté (42),false,{42260},Commune,2026-03-24 14:42:00.273698+01,gold_establishments_2025,,,,21420260800011,2025,Collectivité Territoriale,Commune,['Loire'],['Auvergne-Rhône-Alpes'],COM,{42},{84}
f5acc56b-97eb-49e9-9167-69ba3ef06d8f,213702251,Commune de Saint-Martin-le-Beau (37),false,{37225},Commune,2026-03-24 14:41:59.160244+01,gold_establishments_2025,,,,21370225100017,2025,Collectivité Territoriale,Commune,['Indre-et-Loire'],['Centre-Val de Loire'],COM,{37},{24}
d3b30de1-7ee2-4f61-a1d1-81e268b11f9d,215005182,Commune de Saint-Martin-le-Bouillant (50),false,{50518},Commune,2026-03-24 14:42:01.412377+01,gold_establishments_2025,,,,21500518200013,2025,Collectivité Territoriale,Commune,['Manche'],['Normandie'],COM,{50},{28}
c25caca2-8dbf-461e-8197-4b9cd1d99e43,210103750,Commune de Saint-Martin-le-Châtel (01),false,{01375},Commune,2026-03-24 14:41:51.447482+01,gold_establishments_2025,,,,21010375000019,2025,Collectivité Territoriale,Commune,['Ain'],['Auvergne-Rhône-Alpes'],COM,{01},{84}
ca801bab-321b-4c68-82a8-10cb5eaec506,212603161,Commune de Saint-Martin-le-Colonel (26),false,{26316},Commune,2026-03-24 14:41:56.495197+01,gold_establishments_2025,,,,21260316100010,2025,Collectivité Territoriale,Commune,['Drôme'],['Auvergne-Rhône-Alpes'],COM,{26},{84}
1f5c4fac-eb66-43fc-b944-3dbbddafe9d0,217606193,Commune de Saint-Martin-le-Gaillard (76),false,{76619},Commune,2026-03-24 14:42:08.818969+01,gold_establishments_2025,,,,21760619300019,2025,Collectivité Territoriale,Commune,['Seine-Maritime'],['Normandie'],COM,{76},{28}
af573c28-3738-41de-b20e-d81630640160,215005190,Commune de Saint-Martin-le-Gréard (50),false,{50519},Commune,2026-03-24 14:42:01.412377+01,gold_establishments_2025,,,,21500519000016,2025,Collectivité Territoriale,Commune,['Manche'],['Normandie'],COM,{50},{28}
958a4633-75e9-4198-91c8-f5b792e21ff4,218716504,Commune de Saint-Martin-le-Mault (87),false,{87165},Commune,2026-03-24 14:42:11.118516+01,gold_establishments_2025,,,,21871650400012,2025,Collectivité Territoriale,Commune,['Haute-Vienne'],['Nouvelle-Aquitaine'],COM,{87},{75}
7ee700a6-7ce9-40e5-87b5-2b15912bda85,216005793,Commune de Saint-Martin-le-Nœud (60),false,{60586},Commune,2026-03-24 14:42:04.814328+01,gold_establishments_2025,,,,21600579300015,2025,Collectivité Territoriale,Commune,['Oise'],['Hauts-de-France'],COM,{60},{32}
83c1695a-5239-407f-9ece-c660bb607bc3,212404586,Commune de Saint-Martin-le-Pin (24),false,{24458},Commune,2026-03-24 14:41:55.958138+01,gold_establishments_2025,,,,21240458600019,2025,Collectivité Territoriale,Commune,['Dordogne'],['Nouvelle-Aquitaine'],COM,{24},{75}
b7aa32ca-f184-4343-86bd-be77130efb55,214602773,Commune de Saint-Martin-le-Redon (46),false,{46277},Commune,2026-03-24 14:42:00.862623+01,gold_establishments_2025,,,,21460277300019,2025,Collectivité Territoriale,Commune,['Lot'],['Occitanie'],COM,{46},{76}
ce22500b-71ae-4688-b848-387e6fc9c9c9,211103577,Commune de Saint-Martin-le-Vieil (11),false,{11357},Commune,2026-03-24 14:41:53.63825+01,gold_establishments_2025,,,,21110357700014,2025,Collectivité Territoriale,Commune,['Aude'],['Occitanie'],COM,{11},{76}
2df88b99-c910-4d3a-bf85-067f56991867,218716603,Commune de Saint-Martin-le-Vieux (87),false,{87166},Commune,2026-03-24 14:42:11.118516+01,gold_establishments_2025,,,,21871660300012,2025,Collectivité Territoriale,Commune,['Haute-Vienne'],['Nouvelle-Aquitaine'],COM,{87},{75}
2b73762f-908a-4ae8-b3c8-f5c26ae029f6,213804230,Commune de Saint-Martin-le-Vinoux (38),false,{38423},Commune,2026-03-24 14:41:59.705606+01,gold_establishments_2025,,,,21380423000018,2025,Collectivité Territoriale,Commune,['Isère'],['Auvergne-Rhône-Alpes'],COM,{38},{84}
007429b0-b19e-4a1b-8af3-610bd6c4487f,210401907,Commune de Saint-Martin-les-Eaux (04),false,{04190},Commune,2026-03-24 14:41:52.562531+01,gold_establishments_2025,,,,21040190700014,2025,Collectivité Territoriale,Commune,['Alpes-de-Haute-Provence'],"[""Provence-Alpes-Côte d'Azur""]",COM,{04},{93}
5170d243-4f9b-4a71-b7c5-76a35e46bc8b,200059608,Commune de Saint-Martin-lez-Tatinghem (62),false,{62757},Commune,2026-03-24 14:42:06.130387+01,gold_establishments_2025,,,,20005960800014,2025,Collectivité Territoriale,Commune,['Pas-de-Calais'],['Hauts-de-France'],COM,{62},{32}
c4b4c735-f319-4d9a-a815-6fe950081f10,215203266,Commune de Saint-Martin-lès-Langres (52),false,{52452},Commune,2026-03-24 14:42:01.954481+01,gold_establishments_2025,,,,21520326600014,2025,Collectivité Territoriale,Commune,['Haute-Marne'],['Grand Est'],COM,{52},{44}
5ea6d844-d193-4d11-882d-a80e61c23e15,210401915,Commune de Saint-Martin-lès-Seyne (04),false,{04191},Commune,2026-03-24 14:41:52.562531+01,gold_establishments_2025,,,,21040191500017,2025,Collectivité Territoriale,Commune,['Alpes-de-Haute-Provence'],"[""Provence-Alpes-Côte d'Azur""]",COM,{04},{93}
7db8a56c-61ac-41b4-97ae-c11ffb774bef,217104595,Commune de Saint-Martin-sous-Montaigu (71),false,{71459},Commune,2026-03-24 14:42:08.279287+01,gold_establishments_2025,,,,21710459500012,2025,Collectivité Territoriale,Commune,['Saône-et-Loire'],['Bourgogne-Franche-Comté'],COM,{71},{27}
ed2e9f47-a1a6-4add-ae95-e95e5e889d3c,211502018,Commune de Saint-Martin-sous-Vigouroux (15),false,{15201},Commune,2026-03-24 14:41:54.362296+01,gold_establishments_2025,,,,21150201800016,2025,Collectivité Territoriale,Commune,['Cantal'],['Auvergne-Rhône-Alpes'],COM,{15},{84}
ac22682a-7cdb-4572-96e9-40255a50873d,218903557,Commune de Saint-Martin-sur-Armançon (89),false,{89355},Commune,2026-03-24 14:42:11.659493+01,gold_establishments_2025,,,,21890355700013,2025,Collectivité Territoriale,Commune,['Yonne'],['Bourgogne-Franche-Comté'],COM,{89},{27}
16dbb156-f1c5-4adb-99ed-28d3c83b72eb,216207613,Commune de Saint-Martin-sur-Cojeul (62),false,{62761},Commune,2026-03-24 14:42:06.130387+01,gold_establishments_2025,,,,21620761300011,2025,Collectivité Territoriale,Commune,['Pas-de-Calais'],['Hauts-de-France'],COM,{62},{32}
0488014a-a45c-4b0c-bd6a-b9839fefb11d,210702700,Commune de Saint-Martin-sur-Lavezon (07),false,{07270},Commune,2026-03-24 14:41:52.562531+01,gold_establishments_2025,,,,21070270000019,2025,Collectivité Territoriale,Commune,['Ardèche'],['Auvergne-Rhône-Alpes'],COM,{07},{84}
feb6e30f-b2b3-47a8-994f-450ddfb41d55,215802562,Commune de Saint-Martin-sur-Nohain (58),false,{58256},Commune,2026-03-24 14:42:04.280096+01,gold_establishments_2025,,,,21580256200011,2025,Collectivité Territoriale,Commune,['Nièvre'],['Bourgogne-Franche-Comté'],COM,{58},{27}
15aa2f4b-df15-4fde-b015-f4538f13c4ee,214502916,Commune de Saint-Martin-sur-Ocre (45),false,{45291},Commune,2026-03-24 14:42:00.862623+01,gold_establishments_2025,,,,21450291600015,2025,Collectivité Territoriale,Commune,['Loiret'],['Centre-Val de Loire'],COM,{45},{24}
aca4baa5-b598-4b46-913d-a087670ff2f6,215602293,Commune de Saint-Martin-sur-Oust (56),false,{56229},Commune,2026-03-24 14:42:03.701372+01,gold_establishments_2025,,,,21560229300015,2025,Collectivité Territoriale,Commune,['Morbihan'],['Bretagne'],COM,{56},{53}
f13784d8-4bd8-4077-8f2c-1e3dab4382a7,217302595,Commune de Saint-Martin-sur-la-Chambre (73),false,{73259},Commune,2026-03-24 14:42:08.279287+01,gold_establishments_2025,,,,21730259500012,2025,Collectivité Territoriale,Commune,['Savoie'],['Auvergne-Rhône-Alpes'],COM,{73},{84}
b6388f3d-d606-487e-91e1-a106e99f5f47,215104670,Commune de Saint-Martin-sur-le-Pré (51),false,{51504},Commune,2026-03-24 14:42:01.954481+01,gold_establishments_2025,,,,21510467000017,2025,Collectivité Territoriale,Commune,['Marne'],['Grand Est'],COM,{51},{44}
8398be32-f5c7-47b7-8ae1-9307deae4f27,215905373,Commune de Saint-Martin-sur-Écaillon (59),false,{59537},Commune,2026-03-24 14:42:04.814328+01,gold_establishments_2025,,,,21590537300019,2025,Collectivité Territoriale,Commune,['Nord'],['Hauts-de-France'],COM,{59},{32}
95182f8a-e64e-4f3b-8b9c-b68658d22d73,210302469,Commune de Saint-Martinien (03),false,{03246},Commune,2026-03-24 14:41:52.020251+01,gold_establishments_2025,,,,21030246900015,2025,Collectivité Territoriale,Commune,['Allier'],['Auvergne-Rhône-Alpes'],COM,{03},{84}
b54c3782-d258-43ef-bd77-7243a440a7de,213105034,Commune de Saint-Martory (31),false,{31503},Commune,2026-03-24 14:41:58.09424+01,gold_establishments_2025,,,,21310503400010,2025,Collectivité Territoriale,Commune,['Haute-Garonne'],['Occitanie'],COM,{31},{76}
5c07d887-f841-4fe8-bf42-e4d81d503434,211603360,Commune de Saint-Mary (16),false,{16336},Commune,2026-03-24 14:41:54.362296+01,gold_establishments_2025,,,,21160336000010,2025,Collectivité Territoriale,Commune,['Charente'],['Nouvelle-Aquitaine'],COM,{16},{75}
11837284-3d68-4a86-a234-4677f37dd14b,211502034,Commune de Saint-Mary-le-Plain (15),false,{15203},Commune,2026-03-24 14:41:54.362296+01,gold_establishments_2025,,,,21150203400013,2025,Collectivité Territoriale,Commune,['Cantal'],['Auvergne-Rhône-Alpes'],COM,{15},{84}
1dfc8b71-63bf-4d82-b5b6-a2ef3f7e1d60,215104696,Commune de Saint-Masmes (51),false,{51505},Commune,2026-03-24 14:42:01.954481+01,gold_establishments_2025,,,,21510469600012,2025,Collectivité Territoriale,Commune,['Marne'],['Grand Est'],COM,{51},{44}
bb27d856-f51e-43a3-9e14-48325bae2b42,218716801,Commune de Saint-Mathieu (87),false,{87168},Commune,2026-03-24 14:42:11.118516+01,gold_establishments_2025,,,,21871680100012,2025,Collectivité Territoriale,Commune,['Haute-Vienne'],['Nouvelle-Aquitaine'],COM,{87},{75}
710723ff-c999-4438-bcf8-02d38d86d3db,213402761,Commune de Saint-Mathieu-de-Tréviers (34),false,{34276},Commune,2026-03-24 14:41:58.620411+01,gold_establishments_2025,,,,21340276100018,2025,Collectivité Territoriale,Commune,['Hérault'],['Occitanie'],COM,{34},{76}
da510a35-53a2-4f58-9932-476433cdacb6,218502508,Commune de Saint-Mathurin (85),false,{85250},Commune,2026-03-24 14:42:10.508772+01,gold_establishments_2025,,,,21850250800011,2025,Collectivité Territoriale,Commune,['Vendée'],['Pays de la Loire'],COM,{85},{52}
d2e0f260-07cb-459c-a366-e4f216b5bd09,212203145,Commune de Saint-Maudan (22),false,{22314},Commune,2026-03-24 14:41:55.958138+01,gold_establishments_2025,,,,21220314500017,2025,Collectivité Territoriale,Commune,"[""Côtes-d'Armor""]",['Bretagne'],COM,{22},{53}
df0ddae9-52ff-4d77-b71a-c0087832ee20,212203152,Commune de Saint-Maudez (22),false,{22315},Commune,2026-03-24 14:41:55.958138+01,gold_establishments_2025,,,,21220315200013,2025,Collectivité Territoriale,Commune,"[""Côtes-d'Armor""]",['Bretagne'],COM,{22},{53}
e743f836-6ba9-42d4-ae49-f413b0d2caed,213502958,Commune de Saint-Maugan (35),false,{35295},Commune,2026-03-24 14:41:59.160244+01,gold_establishments_2025,,,,21350295800019,2025,Collectivité Territoriale,Commune,['Ille-et-Vilaine'],['Bretagne'],COM,{35},{53}
f5e0a189-dbe3-4b3d-be76-2652da6156a2,218006682,Commune de Saint-Maulvis (80),false,{80709},Commune,2026-03-24 14:42:09.967209+01,gold_establishments_2025,,,,21800668200015,2025,Collectivité Territoriale,Commune,['Somme'],['Hauts-de-France'],COM,{80},{32}
071ec74e-d612-40b3-b4af-674b9278adf2,211802251,Commune de Saint-Maur (18),false,{18225},Commune,2026-03-24 14:41:54.903238+01,gold_establishments_2025,,,,21180225100010,2025,Collectivité Territoriale,Commune,['Cher'],['Centre-Val de Loire'],COM,{18},{24}
a49fc4a6-41c2-4901-b7b1-2743f544ed89,213203938,Commune de Saint-Maur (32),false,{32393},Commune,2026-03-24 14:41:58.09424+01,gold_establishments_2025,,,,21320393800013,2025,Collectivité Territoriale,Commune,['Gers'],['Occitanie'],COM,{32},{76}
7d78fd60-7d58-41f7-b496-b4b060f20871,200058055,Commune de Saint-Maur (36),false,{36202},Commune,2026-03-24 14:41:59.160244+01,gold_establishments_2025,,,,20005805500019,2025,Collectivité Territoriale,Commune,['Indre'],['Centre-Val de Loire'],COM,{36},{24}
75139725-dc2c-461a-9bc7-0c80a9c08f89,213904923,Commune de Saint-Maur (39),false,{39492},Commune,2026-03-24 14:41:59.705606+01,gold_establishments_2025,,,,21390492300017,2025,Collectivité Territoriale,Commune,['Jura'],['Bourgogne-Franche-Comté'],COM,{39},{27}
2c4aedd8-c947-4dfb-a23a-babd2d90f89e,216005819,Commune de Saint-Maur (60),false,{60588},Commune,2026-03-24 14:42:04.814328+01,gold_establishments_2025,,,,21600581900018,2025,Collectivité Territoriale,Commune,['Oise'],['Hauts-de-France'],COM,{60},{32}
33e1fd07-dacb-44bd-b3d1-a0ab6cb97346,215005216,Commune de Saint-Maur-des-Bois (50),false,{50521},Commune,2026-03-24 14:42:01.412377+01,gold_establishments_2025,,,,21500521600019,2025,Collectivité Territoriale,Commune,['Manche'],['Normandie'],COM,{50},{28}
662c6b38-b256-49bd-97a5-14ef817af161,219400686,Commune de Saint-Maur-des-Fossés (94),false,{94068},Commune,2026-03-24 14:42:11.659493+01,gold_establishments_2025,,,,21940068600016,2025,Collectivité Territoriale,Commune,['Val-de-Marne'],['Île-de-France'],COM,{94},{11}
41035277-4cc6-49a0-a749-ee22b90e3b37,212803530,Commune de Saint-Maur-sur-le-Loir (28),false,{28353},Commune,2026-03-24 14:41:57.028721+01,gold_establishments_2025,,,,21280353000014,2025,Collectivité Territoriale,Commune,['Eure-et-Loir'],['Centre-Val de Loire'],COM,{28},{24}
b72ed9f0-7533-4d80-a551-c24f6d6f2721,215203274,Commune de Saint-Maurice (52),false,{52453},Commune,2026-03-24 14:42:01.954481+01,gold_establishments_2025,,,,21520327400018,2025,Collectivité Territoriale,Commune,['Haute-Marne'],['Grand Est'],COM,{52},{44}
74ef1a13-dbc6-4dc9-825d-a3f7a6f0e275,215802570,Commune de Saint-Maurice (58),false,{58257},Commune,2026-03-24 14:42:04.280096+01,gold_establishments_2025,,,,21580257000014,2025,Collectivité Territoriale,Commune,['Nièvre'],['Bourgogne-Franche-Comté'],COM,{58},{27}
a94531ec-ccbb-41f3-916f-9b44e68a93eb,216303784,Commune de Saint-Maurice (63),false,{63378},Commune,2026-03-24 14:42:06.130387+01,gold_establishments_2025,,,,21630378400013,2025,Collectivité Territoriale,Commune,['Puy-de-Dôme'],['Auvergne-Rhône-Alpes'],COM,{63},{84}
886449f8-860b-4811-9554-e3378c08e058,216704270,Commune de Saint-Maurice (67),false,{67427},Commune,2026-03-24 14:42:07.195692+01,gold_establishments_2025,,,,21670427000018,2025,Collectivité Territoriale,Commune,['Bas-Rhin'],['Grand Est'],COM,{67},{44}
ba15364c-a75d-49d3-bccf-43d505a0ad00,219400694,Commune de Saint-Maurice (94),false,{94069},Commune,2026-03-24 14:42:11.659493+01,gold_establishments_2025,,,,21940069400010,2025,Collectivité Territoriale,Commune,['Val-de-Marne'],['Île-de-France'],COM,{94},{11}
f617896b-0aca-4223-897e-97c6ad15826c,212505242,Commune de Saint-Maurice-Colombier (25),false,{25524},Commune,2026-03-24 14:41:56.495197+01,gold_establishments_2025,,,,21250524200017,2025,Collectivité Territoriale,Commune,['Doubs'],['Bourgogne-Franche-Comté'],COM,{25},{27}
081cb9c5-d423-4bc0-83db-7c9f7cad7ba6,213904931,Commune de Saint-Maurice-Crillat (39),false,{39493},Commune,2026-03-24 14:41:59.705606+01,gold_establishments_2025,,,,21390493100010,2025,Collectivité Territoriale,Commune,['Jura'],['Bourgogne-Franche-Comté'],COM,{39},{27}
abd9f4db-2a6d-4722-80ce-dd5ef74a300a,219105681,Commune de Saint-Maurice-Montcouronne (91),false,{91568},Commune,2026-03-24 14:42:11.659493+01,gold_establishments_2025,,,,21910568100015,2025,Collectivité Territoriale,Commune,['Essonne'],['Île-de-France'],COM,{91},{11}
2f73c503-9a36-4c93-8618-e2138606509c,213402779,Commune de Saint-Maurice-Navacelles (34),false,{34277},Commune,2026-03-24 14:41:58.620411+01,gold_establishments_2025,,,,21340277900010,2025,Collectivité Territoriale,Commune,['Hérault'],['Occitanie'],COM,{34},{76}
1439e97c-581d-4805-b823-b87953b26482,212803548,Commune de Saint-Maurice-Saint-Germain (28),false,{28354},Commune,2026-03-24 14:41:57.028721+01,gold_establishments_2025,,,,21280354800016,2025,Collectivité Territoriale,Commune,['Eure-et-Loir'],['Centre-Val de Loire'],COM,{28},{24}
85bcfd7b-9e2a-495d-a563-8f06bcf2d5a7,218903615,Commune de Saint-Maurice-Thizouaille (89),false,{89361},Commune,2026-03-24 14:42:11.659493+01,gold_establishments_2025,,,,21890361500019,2025,Collectivité Territoriale,Commune,['Yonne'],['Bourgogne-Franche-Comté'],COM,{89},{27}
30c2ba2d-a7e8-4fec-b6dc-7a217923bdb3,215404815,Commune de Saint-Maurice-aux-Forges (54),false,{54481},Commune,2026-03-24 14:42:02.957225+01,gold_establishments_2025,,,,21540481500015,2025,Collectivité Territoriale,Commune,['Meurthe-et-Moselle'],['Grand Est'],COM,{54},{44}
d2d0f757-21d9-47d2-9215-87aa305c98bc,218903599,Commune de Saint-Maurice-aux-Riches-Hommes (89),false,{89359},Commune,2026-03-24 14:42:11.659493+01,gold_establishments_2025,,,,21890359900015,2025,Collectivité Territoriale,Commune,['Yonne'],['Bourgogne-Franche-Comté'],COM,{89},{27}
7462ef8f-7b09-4573-a80b-3ec7973c5089,210702726,Commune de Saint-Maurice-d'Ardèche (07),false,{07272},Commune,2026-03-24 14:41:52.562531+01,gold_establishments_2025,,,,21070272600014,2025,Collectivité Territoriale,Commune,['Ardèche'],['Auvergne-Rhône-Alpes'],COM,{07},{84}
673bef52-f969-4dc0-91b9-f821d9cd0636,210702734,Commune de Saint-Maurice-d'Ibie (07),false,{07273},Commune,2026-03-24 14:41:52.562531+01,gold_establishments_2025,,,,21070273400018,2025,Collectivité Territoriale,Commune,['Ardèche'],['Auvergne-Rhône-Alpes'],COM,{07},{84}
b1191556-690e-4724-89f6-43a004f58d43,217606227,Commune de Saint-Maurice-d'Ételan (76),false,{76622},Commune,2026-03-24 14:42:08.818969+01,gold_establishments_2025,,,,21760622700015,2025,Collectivité Territoriale,Commune,['Seine-Maritime'],['Normandie'],COM,{76},{28}
9a528f21-b1ab-4a20-aece-fc4cef628b62,210103768,Commune de Saint-Maurice-de-Beynost (01),false,{01376},Commune,2026-03-24 14:41:51.447482+01,gold_establishments_2025,,,,21010376800011,2025,Collectivité Territoriale,Commune,['Ain'],['Auvergne-Rhône-Alpes'],COM,{01},{84}
41f4c09c-db5f-4d49-bd1a-d406e8636380,213002850,Commune de Saint-Maurice-de-Cazevieille (30),false,{30285},Commune,2026-03-24 14:41:57.56054+01,gold_establishments_2025,,,,21300285000013,2025,Collectivité Territoriale,Commune,['Gard'],['Occitanie'],COM,{30},{76}
f57b4150-8f9d-476e-9d1b-3f8b5be757ca,210103784,Commune de Saint-Maurice-de-Gourdans (01),false,{01378},Commune,2026-03-24 14:41:51.447482+01,gold_establishments_2025,,,,21010378400018,2025,Collectivité Territoriale,Commune,['Ain'],['Auvergne-Rhône-Alpes'],COM,{01},{84}
1f0ff67b-3229-4093-ad94-f63718d0f86b,214703464,Commune de Saint-Maurice-de-Lestapel (47),false,{47259},Commune,2026-03-24 14:42:00.862623+01,gold_establishments_2025,,,,21470346400013,2025,Collectivité Territoriale,Commune,['Lot-et-Garonne'],['Nouvelle-Aquitaine'],COM,{47},{75}
7eb915a1-db4e-4089-8a50-c4361a2f305a,214302119,Commune de Saint-Maurice-de-Lignon (43),false,{43211},Commune,2026-03-24 14:42:00.273698+01,gold_establishments_2025,,,,21430211900018,2025,Collectivité Territoriale,Commune,['Haute-Loire'],['Auvergne-Rhône-Alpes'],COM,{43},{84}
e316b2f6-33a4-4503-98bf-4caea514aeba,210103792,Commune de Saint-Maurice-de-Rémens (01),false,{01379},Commune,2026-03-24 14:41:51.447482+01,gold_establishments_2025,,,,21010379200011,2025,Collectivité Territoriale,Commune,['Ain'],['Auvergne-Rhône-Alpes'],COM,{01},{84}
127c5e75-3dfb-40d0-bd66-deb48d7d39fa,217104603,Commune de Saint-Maurice-de-Satonnay (71),false,{71460},Commune,2026-03-24 14:42:08.279287+01,gold_establishments_2025,,,,21710460300014,2025,Collectivité Territoriale,Commune,['Saône-et-Loire'],['Bourgogne-Franche-Comté'],COM,{71},{27}
b7d39a92-5d95-414e-a2a0-495440b1d3e7,217104611,Commune de Saint-Maurice-des-Champs (71),false,{71461},Commune,2026-03-24 14:42:08.279287+01,gold_establishments_2025,,,,21710461100017,2025,Collectivité Territoriale,Commune,['Saône-et-Loire'],['Bourgogne-Franche-Comté'],COM,{71},{27}
7cefb5f2-e3be-42dc-86b8-a8a8a3d00122,211603378,Commune de Saint-Maurice-des-Lions (16),false,{16337},Commune,2026-03-24 14:41:54.362296+01,gold_establishments_2025,,,,21160337800012,2025,Collectivité Territoriale,Commune,['Charente'],['Nouvelle-Aquitaine'],COM,{16},{75}
540a0a53-047f-465b-9ee2-5df0c427346e,218502516,Commune de Saint-Maurice-des-Noues (85),false,{85251},Commune,2026-03-24 14:42:10.508772+01,gold_establishments_2025,,,,21850251600014,2025,Collectivité Territoriale,Commune,['Vendée'],['Pays de la Loire'],COM,{85},{52}
e29e1ae2-69e4-4491-8785-302de59a104e,210702742,Commune de Saint-Maurice-en-Chalencon (07),false,{07274},Commune,2026-03-24 14:41:52.562531+01,gold_establishments_2025,,,,21070274200011,2025,Collectivité Territoriale,Commune,['Ardèche'],['Auvergne-Rhône-Alpes'],COM,{07},{84}
c5612270-df62-437c-9524-2fef037de826,215005224,Commune de Saint-Maurice-en-Cotentin (50),false,{50522},Commune,2026-03-24 14:42:01.412377+01,gold_establishments_2025,,,,21500522400013,2025,Collectivité Territoriale,Commune,['Manche'],['Normandie'],COM,{50},{28}
05bbdcc0-c817-4554-ad1d-9b81b2f8dba5,214202624,Commune de Saint-Maurice-en-Gourgois (42),false,{42262},Commune,2026-03-24 14:42:00.273698+01,gold_establishments_2025,,,,21420262400018,2025,Collectivité Territoriale,Commune,['Loire'],['Auvergne-Rhône-Alpes'],COM,{42},{84}
791744e6-d785-4a16-b621-e42d97e90208,214602799,Commune de Saint-Maurice-en-Quercy (46),false,{46279},Commune,2026-03-24 14:42:00.862623+01,gold_establishments_2025,,,,21460279900014,2025,Collectivité Territoriale,Commune,['Lot'],['Occitanie'],COM,{46},{76}
c9fc066b-ac68-46e1-b410-b621ab2e1c82,217104629,Commune de Saint-Maurice-en-Rivière (71),false,{71462},Commune,2026-03-24 14:42:08.279287+01,gold_establishments_2025,,,,21710462900050,2025,Collectivité Territoriale,Commune,['Saône-et-Loire'],['Bourgogne-Franche-Comté'],COM,{71},{27}
002b991c-32b6-4eaf-96c3-752e9a4f8383,213804248,Commune de Saint-Maurice-en-Trièves (38),false,{38424},Commune,2026-03-24 14:41:59.705606+01,gold_establishments_2025,,,,21380424800010,2025,Collectivité Territoriale,Commune,['Isère'],['Auvergne-Rhône-Alpes'],COM,{38},{84}
37d5b437-fc7b-405c-9734-2aea2facfdf9,210501524,Commune de Saint-Maurice-en-Valgodemard (05),false,{05152},Commune,2026-03-24 14:41:52.562531+01,gold_establishments_2025,,,,21050152400016,2025,Collectivité Territoriale,Commune,['Hautes-Alpes'],"[""Provence-Alpes-Côte d'Azur""]",COM,{05},{93}
8064bfcc-eaa9-470b-8134-c5f1542b63dc,213804255,Commune de Saint-Maurice-l'Exil (38),false,{38425},Commune,2026-03-24 14:41:59.705606+01,gold_establishments_2025,,,,21380425500015,2025,Collectivité Territoriale,Commune,['Isère'],['Auvergne-Rhône-Alpes'],COM,{38},{84}
7100e61e-3f0f-4456-b87a-0a09fc63b0bb,218602357,Commune de Saint-Maurice-la-Clouère (86),false,{86235},Commune,2026-03-24 14:42:10.508772+01,gold_establishments_2025,,,,21860235700012,2025,Collectivité Territoriale,Commune,['Vienne'],['Nouvelle-Aquitaine'],COM,{86},{75}
0089effd-54be-4fce-ae4d-662c8d6a208a,212321905,Commune de Saint-Maurice-la-Souterraine (23),false,{23219},Commune,2026-03-24 14:41:55.958138+01,gold_establishments_2025,,,,21232190500011,2025,Collectivité Territoriale,Commune,['Creuse'],['Nouvelle-Aquitaine'],COM,{23},{75}
c24a4174-5175-4d75-9263-b305046158db,218502524,Commune de Saint-Maurice-le-Girard (85),false,{85252},Commune,2026-03-24 14:42:10.508772+01,gold_establishments_2025,,,,21850252400018,2025,Collectivité Territoriale,Commune,['Vendée'],['Pays de la Loire'],COM,{85},{52}
59381d08-9e66-4888-b3e9-450a83e49a9a,218903607,Commune de Saint-Maurice-le-Vieil (89),false,{89360},Commune,2026-03-24 14:42:11.659493+01,gold_establishments_2025,,,,21890360700016,2025,Collectivité Territoriale,Commune,['Yonne'],['Bourgogne-Franche-Comté'],COM,{89},{27}
453e0487-4b74-4dcb-9fea-41d129650ae3,218716900,Commune de Saint-Maurice-les-Brousses (87),false,{87169},Commune,2026-03-24 14:42:11.118516+01,gold_establishments_2025,,,,21871690000012,2025,Collectivité Territoriale,Commune,['Haute-Vienne'],['Nouvelle-Aquitaine'],COM,{87},{75}
5b22affc-8081-4ac1-8fe7-f7d221b37df4,217104637,Commune de Saint-Maurice-lès-Châteauneuf (71),false,{71463},Commune,2026-03-24 14:42:08.279287+01,gold_establishments_2025,,,,21710463700012,2025,Collectivité Territoriale,Commune,['Saône-et-Loire'],['Bourgogne-Franche-Comté'],COM,{71},{27}
2c1d8610-239a-45bc-9c54-4cf1de3ae096,217104645,Commune de Saint-Maurice-lès-Couches (71),false,{71464},Commune,2026-03-24 14:42:08.279287+01,gold_establishments_2025,,,,21710464500015,2025,Collectivité Territoriale,Commune,['Saône-et-Loire'],['Bourgogne-Franche-Comté'],COM,{71},{27}
834c14e7-aa5e-4066-aa52-9f5293587750,212321806,Commune de Saint-Maurice-près-Crocq (23),false,{23218},Commune,2026-03-24 14:41:55.958138+01,gold_establishments_2025,,,,21232180600011,2025,Collectivité Territoriale,Commune,['Creuse'],['Nouvelle-Aquitaine'],COM,{23},{75}
5591e87a-2fae-4335-b23a-e86412da8404,216303776,Commune de Saint-Maurice-près-Pionsat (63),false,{63377},Commune,2026-03-24 14:42:06.130387+01,gold_establishments_2025,,,,21630377600019,2025,Collectivité Territoriale,Commune,['Puy-de-Dôme'],['Auvergne-Rhône-Alpes'],COM,{63},{84}
83e30b31-c7f2-405a-8bb1-f966ea13a45e,215504622,Commune de Saint-Maurice-sous-les-Côtes (55),false,{55462},Commune,2026-03-24 14:42:03.701372+01,gold_establishments_2025,,,,21550462200014,2025,Collectivité Territoriale,Commune,['Meuse'],['Grand Est'],COM,{55},{44}
b588e25b-d517-476e-bbac-9b70b76cb60a,214002750,Commune de Saint-Maurice-sur-Adour (40),false,{40275},Commune,2026-03-24 14:41:59.705606+01,gold_establishments_2025,,,,21400275000013,2025,Collectivité Territoriale,Commune,['Landes'],['Nouvelle-Aquitaine'],COM,{40},{75}
8a24e771-28a8-4540-83d0-c9d95cd7a1c6,214502924,Commune de Saint-Maurice-sur-Aveyron (45),false,{45292},Commune,2026-03-24 14:42:00.862623+01,gold_establishments_2025,,,,21450292400043,2025,Collectivité Territoriale,Commune,['Loiret'],['Centre-Val de Loire'],COM,{45},{24}
404bd74c-5730-4bab-adf8-e8c1cd6becb9,212603179,Commune de Saint-Maurice-sur-Eygues (26),false,{26317},Commune,2026-03-24 14:41:56.495197+01,gold_establishments_2025,,,,21260317900012,2025,Collectivité Territoriale,Commune,['Drôme'],['Auvergne-Rhône-Alpes'],COM,{26},{84}
a3d33bda-4f1e-40c0-8bfb-fb275af37769,214502932,Commune de Saint-Maurice-sur-Fessard (45),false,{45293},Commune,2026-03-24 14:42:00.862623+01,gold_establishments_2025,,,,21450293200012,2025,Collectivité Territoriale,Commune,['Loiret'],['Centre-Val de Loire'],COM,{45},{24}
43cb85b1-91bd-4b3f-bdb6-28bab22d61fb,218804250,Commune de Saint-Maurice-sur-Mortagne (88),false,{88425},Commune,2026-03-24 14:42:11.118516+01,gold_establishments_2025,,,,21880425000015,2025,Collectivité Territoriale,Commune,['Vosges'],['Grand Est'],COM,{88},{44}
a69a6f23-ca6e-464a-bdfa-a9e952837795,218804268,Commune de Saint-Maurice-sur-Moselle (88),false,{88426},Commune,2026-03-24 14:42:11.118516+01,gold_establishments_2025,,,,21880426800017,2025,Collectivité Territoriale,Commune,['Vosges'],['Grand Est'],COM,{88},{44}
878c5c0f-b5d5-4bfc-bd4a-30981095179a,212105621,Commune de Saint-Maurice-sur-Vingeanne (21),false,{21562},Commune,2026-03-24 14:41:55.433389+01,gold_establishments_2025,,,,21210562100057,2025,Collectivité Territoriale,Commune,"[""Côte-d'Or""]",['Bourgogne-Franche-Comté'],COM,{21},{27}
72c73637-7686-46c4-bc47-1367e6a96eba,214702607,Commune de Saint-Maurin (47),false,{47260},Commune,2026-03-24 14:42:00.862623+01,gold_establishments_2025,,,,21470260700018,2025,Collectivité Territoriale,Commune,['Lot-et-Garonne'],['Nouvelle-Aquitaine'],COM,{47},{75}
513596fa-e828-4d48-af47-d8042cf362a4,215404823,Commune de Saint-Max (54),false,{54482},Commune,2026-03-24 14:42:02.957225+01,gold_establishments_2025,,,,21540482300019,2025,Collectivité Territoriale,Commune,['Meurthe-et-Moselle'],['Grand Est'],COM,{54},{44}
05795b17-fc0c-4786-b205-83295c3a97eb,218006690,Commune de Saint-Maxent (80),false,{80710},Commune,2026-03-24 14:42:09.967209+01,gold_establishments_2025,,,,21800669000018,2025,Collectivité Territoriale,Commune,['Somme'],['Hauts-de-France'],COM,{80},{32}
1499a654-688a-47e8-be12-7f7bad25a869,213002868,Commune de Saint-Maximin (30),false,{30286},Commune,2026-03-24 14:41:57.56054+01,gold_establishments_2025,,,,21300286800015,2025,Collectivité Territoriale,Commune,['Gard'],['Occitanie'],COM,{30},{76}
5687bbde-4aaf-4adc-855e-268de4c47681,213804263,Commune de Saint-Maximin (38),false,{38426},Commune,2026-03-24 14:41:59.705606+01,gold_establishments_2025,,,,21380426300019,2025,Collectivité Territoriale,Commune,['Isère'],['Auvergne-Rhône-Alpes'],COM,{38},{84}
00716c0c-9cec-4f9d-9db6-e1ce209b6550,216005827,Commune de Saint-Maximin (60),false,{60589},Commune,2026-03-24 14:42:04.814328+01,gold_establishments_2025,,,,21600582700011,2025,Collectivité Territoriale,Commune,['Oise'],['Hauts-de-France'],COM,{60},{32}
fd570a92-5f0a-402a-b16b-1e8b3b5cb72e,218301166,Commune de Saint-Maximin-la-Sainte-Baume (83),false,{83116},Commune,2026-03-24 14:42:10.508772+01,gold_establishments_2025,,,,21830116600011,2025,Collectivité Territoriale,Commune,['Var'],"[""Provence-Alpes-Côte d'Azur""]",COM,{83},{93}
24ca7deb-fa58-49d2-8f25-785700e492e0,217902816,Commune de Saint-Maxire (79),false,{79281},Commune,2026-03-24 14:42:09.43682+01,gold_establishments_2025,,,,21790281600016,2025,Collectivité Territoriale,Commune,['Deux-Sèvres'],['Nouvelle-Aquitaine'],COM,{79},{75}
12331b55-460c-4299-ad5f-3d72b4b5fe28,212603187,Commune de Saint-May (26),false,{26318},Commune,2026-03-24 14:41:56.495197+01,gold_establishments_2025,,,,21260318700015,2025,Collectivité Territoriale,Commune,['Drôme'],['Auvergne-Rhône-Alpes'],COM,{26},{84}
27e39154-1025-44ac-bcbc-8de307876fd9,212203160,Commune de Saint-Mayeux (22),false,{22316},Commune,2026-03-24 14:41:55.958138+01,gold_establishments_2025,,,,21220316000016,2025,Collectivité Territoriale,Commune,"[""Côtes-d'Armor""]",['Bretagne'],COM,{22},{53}
c24054e6-344d-476a-8d32-cbe4fe359f8d,212404594,Commune de Saint-Mayme-de-Péreyrol (24),false,{24459},Commune,2026-03-24 14:41:55.958138+01,gold_establishments_2025,,,,21240459400013,2025,Collectivité Territoriale,Commune,['Dordogne'],['Nouvelle-Aquitaine'],COM,{24},{75}
96ceb6bc-0417-4c7c-b65e-f6e70f58ed2d,214903080,Commune de Saint-Melaine-sur-Aubance (49),false,{49308},Commune,2026-03-24 14:42:01.412377+01,gold_establishments_2025,,,,21490308000015,2025,Collectivité Territoriale,Commune,['Maine-et-Loire'],['Pays de la Loire'],COM,{49},{52}
e44fc3ad-8d56-4037-989a-495f537c4f50,215104704,Commune de Saint-Memmie (51),false,{51506},Commune,2026-03-24 14:42:01.954481+01,gold_establishments_2025,,,,21510470400188,2025,Collectivité Territoriale,Commune,['Marne'],['Grand Est'],COM,{51},{44}
106083f2-c676-4af3-b2ec-04021886a431,218804276,Commune de Saint-Menge (88),false,{88427},Commune,2026-03-24 14:42:11.118516+01,gold_establishments_2025,,,,21880427600010,2025,Collectivité Territoriale,Commune,['Vosges'],['Grand Est'],COM,{88},{44}
53708393-0386-441c-8431-ce67866b1ab3,210803540,Commune de Saint-Menges (08),false,{08391},Commune,2026-03-24 14:41:53.095366+01,gold_establishments_2025,,,,21080354000017,2025,Collectivité Territoriale,Commune,['Ardennes'],['Grand Est'],COM,{08},{44}
225093c4-1c03-4466-8173-38eaf5ef5efd,210302477,Commune de Saint-Menoux (03),false,{03247},Commune,2026-03-24 14:41:52.020251+01,gold_establishments_2025,,,,21030247700018,2025,Collectivité Territoriale,Commune,['Allier'],['Auvergne-Rhône-Alpes'],COM,{03},{84}
d87dcae8-d5c5-4243-a557-3e203127fd5e,211922505,Commune de Saint-Merd-de-Lapleau (19),false,{19225},Commune,2026-03-24 14:41:55.433389+01,gold_establishments_2025,,,,21192250500014,2025,Collectivité Territoriale,Commune,['Corrèze'],['Nouvelle-Aquitaine'],COM,{19},{75}
83890ed1-9c4c-47df-b274-b91006a0f937,212322101,Commune de Saint-Merd-la-Breuille (23),false,{23221},Commune,2026-03-24 14:41:55.958138+01,gold_establishments_2025,,,,21232210100016,2025,Collectivité Territoriale,Commune,['Creuse'],['Nouvelle-Aquitaine'],COM,{23},{75}
2ce1c953-4be6-4ed9-b479-a9670a7c23aa,211922604,Commune de Saint-Merd-les-Oussines (19),false,{19226},Commune,2026-03-24 14:41:55.433389+01,gold_establishments_2025,,,,21192260400015,2025,Collectivité Territoriale,Commune,['Corrèze'],['Nouvelle-Aquitaine'],COM,{19},{75}
3b42dd36-6f4a-482d-b4f7-6a45db0652fa,212705727,Commune de Saint-Meslin-du-Bosc (27),false,{27572},Commune,2026-03-24 14:41:57.028721+01,gold_establishments_2025,,,,21270572700015,2025,Collectivité Territoriale,Commune,['Eure'],['Normandie'],COM,{27},{28}
61062cea-d510-40da-961b-0209a7413270,217704279,Commune de Saint-Mesmes (77),false,{77427},Commune,2026-03-24 14:42:09.43682+01,gold_establishments_2025,,,,21770427900017,2025,Collectivité Territoriale,Commune,['Seine-et-Marne'],['Île-de-France'],COM,{77},{11}
40a70003-1324-4905-963c-652934a8f47c,211003421,Commune de Saint-Mesmin (10),false,{10353},Commune,2026-03-24 14:41:53.095366+01,gold_establishments_2025,,,,21100342100016,2025,Collectivité Territoriale,Commune,['Aube'],['Grand Est'],COM,{10},{44}
df57aa73-27a9-4a3a-bdb5-9f2b3fdedfe5,212105639,Commune de Saint-Mesmin (21),false,{21563},Commune,2026-03-24 14:41:55.433389+01,gold_establishments_2025,,,,21210563900018,2025,Collectivité Territoriale,Commune,"[""Côte-d'Or""]",['Bourgogne-Franche-Comté'],COM,{21},{27}
a7d52003-e5c2-45a8-8010-a0d7f695fc75,212404644,Commune de Saint-Mesmin (24),false,{24464},Commune,2026-03-24 14:41:55.958138+01,gold_establishments_2025,,,,21240464400016,2025,Collectivité Territoriale,Commune,['Dordogne'],['Nouvelle-Aquitaine'],COM,{24},{75}
0233edfc-ce43-4b45-b425-3d41de2a373b,218502540,Commune de Saint-Mesmin (85),false,{85254},Commune,2026-03-24 14:42:10.508772+01,gold_establishments_2025,,,,21850254000014,2025,Collectivité Territoriale,Commune,['Vendée'],['Pays de la Loire'],COM,{85},{52}
a228f418-85bd-4686-b07e-145a09adccc4,211922703,Commune de Saint-Mexant (19),false,{19227},Commune,2026-03-24 14:41:55.433389+01,gold_establishments_2025,,,,21192270300015,2025,Collectivité Territoriale,Commune,['Corrèze'],['Nouvelle-Aquitaine'],COM,{19},{75}
dcf68808-9462-43dd-bf4c-422e6f0ad3aa,217104652,Commune de Saint-Micaud (71),false,{71465},Commune,2026-03-24 14:42:08.279287+01,gold_establishments_2025,,,,21710465200011,2025,Collectivité Territoriale,Commune,['Saône-et-Loire'],['Bourgogne-Franche-Comté'],COM,{71},{27}
a313eef6-f590-43d8-9e25-6681ec415fbc,210206595,Commune de Saint-Michel (02),false,{02684},Commune,2026-03-24 14:41:52.020251+01,gold_establishments_2025,,,,21020659500014,2025,Collectivité Territoriale,Commune,['Aisne'],['Hauts-de-France'],COM,{02},{32}
2b4d2c3f-822f-4f15-ab55-9ee32ad199fd,210902714,Commune de Saint-Michel (09),false,{09271},Commune,2026-03-24 14:41:53.095366+01,gold_establishments_2025,,,,21090271400018,2025,Collectivité Territoriale,Commune,['Ariège'],['Occitanie'],COM,{09},{76}
046136b3-ec02-4a86-a36e-2659e4899382,211603410,Commune de Saint-Michel (16),false,{16341},Commune,2026-03-24 14:41:54.362296+01,gold_establishments_2025,,,,21160341000013,2025,Collectivité Territoriale,Commune,['Charente'],['Nouvelle-Aquitaine'],COM,{16},{75}
bcbdf7ae-5c45-4e01-bc92-dc0ca715a3f2,213105059,Commune de Saint-Michel (31),false,{31505},Commune,2026-03-24 14:41:58.09424+01,gold_establishments_2025,,,,21310505900017,2025,Collectivité Territoriale,Commune,['Haute-Garonne'],['Occitanie'],COM,{31},{76}
1e69502d-6e17-4d3c-8d8b-e135149cd023,213203979,Commune de Saint-Michel (32),false,{32397},Commune,2026-03-24 14:41:58.09424+01,gold_establishments_2025,,,,21320397900017,2025,Collectivité Territoriale,Commune,['Gers'],['Occitanie'],COM,{32},{76}
ad3669e1-a8f1-464d-a129-f36fd9b7c1f2,213402787,Commune de Saint-Michel (34),false,{34278},Commune,2026-03-24 14:41:58.620411+01,gold_establishments_2025,,,,21340278700013,2025,Collectivité Territoriale,Commune,['Hérault'],['Occitanie'],COM,{34},{76}
3167bf8e-beee-4f59-988f-26054b2c0d5d,214502940,Commune de Saint-Michel (45),false,{45294},Commune,2026-03-24 14:42:00.862623+01,gold_establishments_2025,,,,21450294000015,2025,Collectivité Territoriale,Commune,['Loiret'],['Centre-Val de Loire'],COM,{45},{24}
38263cbf-3d11-4ad0-bce1-7278a8fb45a7,216404921,Commune de Saint-Michel (64),false,{64492},Commune,2026-03-24 14:42:06.665412+01,gold_establishments_2025,,,,21640492100019,2025,Collectivité Territoriale,Commune,['Pyrénées-Atlantiques'],['Nouvelle-Aquitaine'],COM,{64},{75}
c8bc8d10-ce3a-4db9-a60b-fc0ba7159555,218201663,Commune de Saint-Michel (82),false,{82166},Commune,2026-03-24 14:42:10.508772+01,gold_establishments_2025,,,,21820166300018,2025,Collectivité Territoriale,Commune,['Tarn-et-Garonne'],['Occitanie'],COM,{82},{76}
0da018d9-a079-433b-b1d8-b0cb83d9d2e3,214401820,Commune de Saint-Michel-Chef-Chef (44),false,{44182},Commune,2026-03-24 14:42:00.862623+01,gold_establishments_2025,,,,21440182000011,2025,Collectivité Territoriale,Commune,['Loire-Atlantique'],['Pays de la Loire'],COM,{44},{52}
c2b8e7b6-23b0-495d-88a3-151c66b9e734,214002768,Commune de Saint-Michel-Escalus (40),false,{40276},Commune,2026-03-24 14:41:59.705606+01,gold_establishments_2025,,,,21400276800015,2025,Collectivité Territoriale,Commune,['Landes'],['Nouvelle-Aquitaine'],COM,{40},{75}
18ff7a06-e00c-49d2-bc26-0f13ebdcdb5e,218102648,Commune de Saint-Michel-Labadié (81),false,{81264},Commune,2026-03-24 14:42:09.967209+01,gold_establishments_2025,,,,21810264800019,2025,Collectivité Territoriale,Commune,['Tarn'],['Occitanie'],COM,{81},{76}
4ccd7e85-e7bd-4f8a-b98b-f4b7e3d977b0,214602849,Commune de Saint-Michel-Loubéjou (46),false,{46284},Commune,2026-03-24 14:42:00.862623+01,gold_establishments_2025,,,,21460284900017,2025,Collectivité Territoriale,Commune,['Lot'],['Occitanie'],COM,{46},{76}
fdb3fb92-851c-4bca-ad73-781ac7523a50,216104323,Commune de Saint-Michel-Tubœuf (61),false,{61432},Commune,2026-03-24 14:42:05.597325+01,gold_establishments_2025,,,,21610432300011,2025,Collectivité Territoriale,Commune,['Orne'],['Normandie'],COM,{61},{28}
415cb0c7-09d1-4e2e-aaf6-afaa1f3dc5d4,210702767,Commune de Saint-Michel-d'Aurance (07),false,{07276},Commune,2026-03-24 14:41:52.562531+01,gold_establishments_2025,,,,21070276700018,2025,Collectivité Territoriale,Commune,['Ardèche'],['Auvergne-Rhône-Alpes'],COM,{07},{84}
57bf9311-27f7-456b-a2a7-a5d1861d9304,213002876,Commune de Saint-Michel-d'Euzet (30),false,{30287},Commune,2026-03-24 14:41:57.56054+01,gold_establishments_2025,,,,21300287600018,2025,Collectivité Territoriale,Commune,['Gard'],['Occitanie'],COM,{30},{76}
44168dd2-dfab-4930-8b83-6fe305864d1f,217606235,Commune de Saint-Michel-d'Halescourt (76),false,{76623},Commune,2026-03-24 14:42:08.818969+01,gold_establishments_2025,,,,21760623500018,2025,Collectivité Territoriale,Commune,['Seine-Maritime'],['Normandie'],COM,{76},{28}
e35caedf-4734-41b4-b3ff-d4a7a7a18eef,214602831,Commune de Saint-Michel-de-Bannières (46),false,{46283},Commune,2026-03-24 14:42:00.862623+01,gold_establishments_2025,,,,21460283100015,2025,Collectivité Territoriale,Commune,['Lot'],['Occitanie'],COM,{46},{76}
6791dc36-0d4b-4559-9718-555c2f65e4be,210702775,Commune de Saint-Michel-de-Boulogne (07),false,{07277},Commune,2026-03-24 14:41:52.562531+01,gold_establishments_2025,,,,21070277500011,2025,Collectivité Territoriale,Commune,['Ardèche'],['Auvergne-Rhône-Alpes'],COM,{07},{84}
cea1341f-a6db-4042-88f8-73cd6108b014,213304504,Commune de Saint-Michel-de-Castelnau (33),false,{33450},Commune,2026-03-24 14:41:58.620411+01,gold_establishments_2025,,,,21330450400011,2025,Collectivité Territoriale,Commune,['Gironde'],['Nouvelle-Aquitaine'],COM,{33},{75}
55c08542-2d1c-4077-9a1a-acfa34711181,210702783,Commune de Saint-Michel-de-Chabrillanoux (07),false,{07278},Commune,2026-03-24 14:41:52.562531+01,gold_establishments_2025,,,,21070278300015,2025,Collectivité Territoriale,Commune,['Ardèche'],['Auvergne-Rhône-Alpes'],COM,{07},{84}
c22bbfd1-9103-4b85-8aaf-ebde5eeb6cd8,210501532,Commune de Saint-Michel-de-Chaillol (05),false,{05153},Commune,2026-03-24 14:41:52.562531+01,gold_establishments_2025,,,,21050153200019,2025,Collectivité Territoriale,Commune,['Hautes-Alpes'],"[""Provence-Alpes-Côte d'Azur""]",COM,{05},{93}
d6223912-ff9e-4b0a-8d9e-cc2c7483d51c,217203033,Commune de Saint-Michel-de-Chavaignes (72),false,{72303},Commune,2026-03-24 14:42:08.279287+01,gold_establishments_2025,,,,21720303300014,2025,Collectivité Territoriale,Commune,['Sarthe'],['Pays de la Loire'],COM,{72},{52}
88f83bae-bd65-4907-a761-df60b6e800ef,212404651,Commune de Saint-Michel-de-Double (24),false,{24465},Commune,2026-03-24 14:41:55.958138+01,gold_establishments_2025,,,,21240465100011,2025,Collectivité Territoriale,Commune,['Dordogne'],['Nouvelle-Aquitaine'],COM,{24},{75}
439a0638-3eb0-476b-8ada-793277f5a5b2,214801730,Commune de Saint-Michel-de-Dèze (48),false,{48173},Commune,2026-03-24 14:42:01.412377+01,gold_establishments_2025,,,,21480173000018,2025,Collectivité Territoriale,Commune,['Lozère'],['Occitanie'],COM,{48},{76}
3f9cbb6f-155e-4de5-ab10-7404056d8150,213304512,Commune de Saint-Michel-de-Fronsac (33),false,{33451},Commune,2026-03-24 14:41:58.620411+01,gold_establishments_2025,,,,21330451200014,2025,Collectivité Territoriale,Commune,['Gironde'],['Nouvelle-Aquitaine'],COM,{33},{75}
fb0e47c9-40e5-4ff5-a5e2-872a4a76624a,211103593,Commune de Saint-Michel-de-Lanès (11),false,{11359},Commune,2026-03-24 14:41:53.63825+01,gold_establishments_2025,,,,21110359300011,2025,Collectivité Territoriale,Commune,['Aude'],['Occitanie'],COM,{11},{76}
2e70b938-c746-4b7b-87c6-890684a1ee7b,213304538,Commune de Saint-Michel-de-Lapujade (33),false,{33453},Commune,2026-03-24 14:41:58.620411+01,gold_establishments_2025,,,,21330453800019,2025,Collectivité Territoriale,Commune,['Gironde'],['Nouvelle-Aquitaine'],COM,{33},{75}
9c7942f4-5f23-49be-8b84-6b73baf30c03,216601856,Commune de Saint-Michel-de-Llotes (66),false,{66185},Commune,2026-03-24 14:42:06.665412+01,gold_establishments_2025,,,,21660185600018,2025,Collectivité Territoriale,Commune,['Pyrénées-Orientales'],['Occitanie'],COM,{66},{76}
3328418e-8d21-4173-af3d-61c90bf24ab5,217302611,Commune de Saint-Michel-de-Maurienne (73),false,{73261},Commune,2026-03-24 14:42:08.279287+01,gold_establishments_2025,,,,21730261100017,2025,Collectivité Territoriale,Commune,['Savoie'],['Auvergne-Rhône-Alpes'],COM,{73},{84}
563ecf84-ae8a-47f4-b521-84e39b71aad0,212404669,Commune de Saint-Michel-de-Montaigne (24),false,{24466},Commune,2026-03-24 14:41:55.958138+01,gold_establishments_2025,,,,21240466900013,2025,Collectivité Territoriale,Commune,['Dordogne'],['Nouvelle-Aquitaine'],COM,{24},{75}
cdded11e-ab4b-4b53-b420-66d4c9fc5729,215005257,Commune de Saint-Michel-de-Montjoie (50),false,{50525},Commune,2026-03-24 14:42:01.412377+01,gold_establishments_2025,,,,21500525700013,2025,Collectivité Territoriale,Commune,['Manche'],['Normandie'],COM,{50},{28}
3661849c-abd4-4d8e-b3af-f5e125d56838,212203186,Commune de Saint-Michel-de-Plélan (22),false,{22318},Commune,2026-03-24 14:41:55.958138+01,gold_establishments_2025,,,,21220318600011,2025,Collectivité Territoriale,Commune,"[""Côtes-d'Armor""]",['Bretagne'],COM,{22},{53}
5a06ee14-60b8-4286-8baf-87ad7076cac4,213304520,Commune de Saint-Michel-de-Rieufret (33),false,{33452},Commune,2026-03-24 14:41:58.620411+01,gold_establishments_2025,,,,21330452000017,2025,Collectivité Territoriale,Commune,['Gironde'],['Nouvelle-Aquitaine'],COM,{33},{75}
31d43cee-8ebd-43d2-9e50-21feedafb4b9,213804271,Commune de Saint-Michel-de-Saint-Geoirs (38),false,{38427},Commune,2026-03-24 14:41:59.705606+01,gold_establishments_2025,,,,21380427100012,2025,Collectivité Territoriale,Commune,['Isère'],['Auvergne-Rhône-Alpes'],COM,{38},{84}
8fee59de-6061-486a-a683-9edf8dec416d,218102655,Commune de Saint-Michel-de-Vax (81),false,{81265},Commune,2026-03-24 14:42:09.967209+01,gold_establishments_2025,,,,21810265500014,2025,Collectivité Territoriale,Commune,['Tarn'],['Occitanie'],COM,{81},{76}
26b8efe5-1e01-4f21-9320-219d386bafc5,212322200,Commune de Saint-Michel-de-Veisse (23),false,{23222},Commune,2026-03-24 14:41:55.958138+01,gold_establishments_2025,,,,21232220000016,2025,Collectivité Territoriale,Commune,['Creuse'],['Nouvelle-Aquitaine'],COM,{23},{75}
ee59f1e6-e580-4909-9059-7bb85247868a,212404685,Commune de Saint-Michel-de-Villadeix (24),false,{24468},Commune,2026-03-24 14:41:55.958138+01,gold_establishments_2025,,,,21240468500019,2025,Collectivité Territoriale,Commune,['Dordogne'],['Nouvelle-Aquitaine'],COM,{24},{75}
0322cc17-b564-43ea-8919-b8f94dbd7fc8,211802269,Commune de Saint-Michel-de-Volangis (18),false,{18226},Commune,2026-03-24 14:41:54.903238+01,gold_establishments_2025,,,,21180226900012,2025,Collectivité Territoriale,Commune,['Cher'],['Centre-Val de Loire'],COM,{18},{24}
edeb1a4a-4c51-4565-87ed-7de6a790d6ac,215302423,Commune de Saint-Michel-de-la-Roë (53),false,{53242},Commune,2026-03-24 14:42:02.957225+01,gold_establishments_2025,,,,21530242300011,2025,Collectivité Territoriale,Commune,['Mayenne'],['Pays de la Loire'],COM,{53},{52}
0236b4f1-19d2-42f6-b053-b70021274f54,213804289,Commune de Saint-Michel-en-Beaumont (38),false,{38428},Commune,2026-03-24 14:41:59.705606+01,gold_establishments_2025,,,,21380428900014,2025,Collectivité Territoriale,Commune,['Isère'],['Auvergne-Rhône-Alpes'],COM,{38},{84}
25b48a7e-0f8b-43b5-b3ca-0be904abae82,213602048,Commune de Saint-Michel-en-Brenne (36),false,{36204},Commune,2026-03-24 14:41:59.160244+01,gold_establishments_2025,,,,21360204800018,2025,Collectivité Territoriale,Commune,['Indre'],['Centre-Val de Loire'],COM,{36},{24}
6c395d82-bf89-4887-be7b-6b9255ee21a3,212203194,Commune de Saint-Michel-en-Grève (22),false,{22319},Commune,2026-03-24 14:41:55.958138+01,gold_establishments_2025,,,,21220319400015,2025,Collectivité Territoriale,Commune,"[""Côtes-d'Armor""]",['Bretagne'],COM,{22},{53}
65512eb9-0268-4a5e-b53f-876f6bb43c51,218502557,Commune de Saint-Michel-en-l'Herm (85),false,{85255},Commune,2026-03-24 14:42:10.508772+01,gold_establishments_2025,,,,21850255700018,2025,Collectivité Territoriale,Commune,['Vendée'],['Pays de la Loire'],COM,{85},{52}
431bf22c-8dd0-44a5-a006-147258e918a7,210401923,Commune de Saint-Michel-l'Observatoire (04),false,{04192},Commune,2026-03-24 14:41:52.562531+01,gold_establishments_2025,,,,21040192300011,2025,Collectivité Territoriale,Commune,['Alpes-de-Haute-Provence'],"[""Provence-Alpes-Côte d'Azur""]",COM,{04},{93}
32784261-9e1a-47ae-bcf7-01482d4b717e,218502565,Commune de Saint-Michel-le-Cloucq (85),false,{85256},Commune,2026-03-24 14:42:10.508772+01,gold_establishments_2025,,,,21850256500011,2025,Collectivité Territoriale,Commune,['Vendée'],['Pays de la Loire'],COM,{85},{52}
f820b177-7821-44d7-95eb-958f4914f935,213804297,Commune de Saint-Michel-les-Portes (38),false,{38429},Commune,2026-03-24 14:41:59.705606+01,gold_establishments_2025,,,,21380429700017,2025,Collectivité Territoriale,Commune,['Isère'],['Auvergne-Rhône-Alpes'],COM,{38},{84}
1012074a-4ebb-4f34-bb49-3da9fb641584,216207621,Commune de Saint-Michel-sous-Bois (62),false,{62762},Commune,2026-03-24 14:42:06.130387+01,gold_establishments_2025,,,,21620762100014,2025,Collectivité Territoriale,Commune,['Pas-de-Calais'],['Hauts-de-France'],COM,{62},{32}
364c9182-80a8-480d-bac5-c04371a7ca08,218804284,Commune de Saint-Michel-sur-Meurthe (88),false,{88428},Commune,2026-03-24 14:42:11.118516+01,gold_establishments_2025,,,,21880428400014,2025,Collectivité Territoriale,Commune,['Vosges'],['Grand Est'],COM,{88},{44}
5ef24fb4-e8e3-476d-b3b3-fd87136f8ba5,219105707,Commune de Saint-Michel-sur-Orge (91),false,{91570},Commune,2026-03-24 14:42:11.659493+01,gold_establishments_2025,,,,21910570700018,2025,Collectivité Territoriale,Commune,['Essonne'],['Île-de-France'],COM,{91},{11}
a124bbba-f00b-4995-8258-28a81753b7ca,214202657,Commune de Saint-Michel-sur-Rhône (42),false,{42265},Commune,2026-03-24 14:42:00.273698+01,gold_establishments_2025,,,,21420265700018,2025,Collectivité Territoriale,Commune,['Loire'],['Auvergne-Rhône-Alpes'],COM,{42},{84}
3d270097-e3c0-4959-a024-01ed5f2b8099,212603195,Commune de Saint-Michel-sur-Savasse (26),false,{26319},Commune,2026-03-24 14:41:56.495197+01,gold_establishments_2025,,,,21260319500018,2025,Collectivité Territoriale,Commune,['Drôme'],['Auvergne-Rhône-Alpes'],COM,{26},{84}
a7280acc-0200-4e4f-99ac-35d9ef91847c,216207639,Commune de Saint-Michel-sur-Ternoise (62),false,{62763},Commune,2026-03-24 14:42:06.130387+01,gold_establishments_2025,,,,21620763900016,2025,Collectivité Territoriale,Commune,['Pas-de-Calais'],['Hauts-de-France'],COM,{62},{32}
ce6a0f66-c20b-40fd-b2b8-aed4ce3bd762,215504630,Commune de Saint-Mihiel (55),false,{55463},Commune,2026-03-24 14:42:03.701372+01,gold_establishments_2025,,,,21550463000017,2025,Collectivité Territoriale,Commune,['Meuse'],['Grand Est'],COM,{55},{44}
189361c0-d220-46e1-82d5-456b9cd894a0,211300983,Commune de Saint-Mitre-les-Remparts (13),false,{13098},Commune,2026-03-24 14:41:53.63825+01,gold_establishments_2025,,,,21130098300015,2025,Collectivité Territoriale,Commune,['Bouches-du-Rhône'],"[""Provence-Alpes-Côte d'Azur""]",COM,{13},{93}
5aaa1d6c-3dc3-4aea-9c01-0a24510ecad1,214401838,Commune de Saint-Molf (44),false,{44183},Commune,2026-03-24 14:42:00.862623+01,gold_establishments_2025,,,,21440183800013,2025,Collectivité Territoriale,Commune,['Loire-Atlantique'],['Pays de la Loire'],COM,{44},{52}
4b6b958f-0e9b-48a9-b5e3-8c6da3f47cbb,215905381,Commune de Saint-Momelin (59),false,{59538},Commune,2026-03-24 14:42:04.814328+01,gold_establishments_2025,,,,21590538100012,2025,Collectivité Territoriale,Commune,['Nord'],['Hauts-de-France'],COM,{59},{32}
9dac766d-a1f0-48ea-b5ae-6275e3e207d3,213203987,Commune de Saint-Mont (32),false,{32398},Commune,2026-03-24 14:41:58.09424+01,gold_establishments_2025,,,,21320398700010,2025,Collectivité Territoriale,Commune,['Gers'],['Occitanie'],COM,{32},{76}
fd48001e-790b-4eda-b708-1333baaaf36b,210702791,Commune de Saint-Montan (07),false,{07279},Commune,2026-03-24 14:41:52.562531+01,gold_establishments_2025,,,,21070279100083,2025,Collectivité Territoriale,Commune,['Ardèche'],['Auvergne-Rhône-Alpes'],COM,{07},{84}
6e06944a-96b6-42e2-9bfe-96a0e22a0e79,212322309,Commune de Saint-Moreil (23),false,{23223},Commune,2026-03-24 14:41:55.958138+01,gold_establishments_2025,,,,21232230900015,2025,Collectivité Territoriale,Commune,['Creuse'],['Nouvelle-Aquitaine'],COM,{23},{75}
9a562535-411c-4d87-b9f6-9f86018f0064,210803557,Commune de Saint-Morel (08),false,{08392},Commune,2026-03-24 14:41:53.095366+01,gold_establishments_2025,,,,21080355700011,2025,Collectivité Territoriale,Commune,['Ardennes'],['Grand Est'],COM,{08},{44}
523c77d4-9433-404b-96e5-7706fc271ba0,213304546,Commune de Saint-Morillon (33),false,{33454},Commune,2026-03-24 14:41:58.620411+01,gold_establishments_2025,,,,21330454600012,2025,Collectivité Territoriale,Commune,['Gironde'],['Nouvelle-Aquitaine'],COM,{33},{75}
f69b9531-a875-4ca0-95bb-690021ae5253,218903623,Commune de Saint-Moré (89),false,{89362},Commune,2026-03-24 14:42:11.659493+01,gold_establishments_2025,,,,21890362300013,2025,Collectivité Territoriale,Commune,['Yonne'],['Bourgogne-Franche-Comté'],COM,{89},{27}
d564e2e3-1c3c-4ed2-b97f-ecb6eb5f3eef,213804305,Commune de Saint-Mury-Monteymond (38),false,{38430},Commune,2026-03-24 14:41:59.705606+01,gold_establishments_2025,,,,21380430500018,2025,Collectivité Territoriale,Commune,['Isère'],['Auvergne-Rhône-Alpes'],COM,{38},{84}
9c195b29-9cc4-4bad-88f3-a702bab00212,216303792,Commune de Saint-Myon (63),false,{63379},Commune,2026-03-24 14:42:06.130387+01,gold_establishments_2025,,,,21630379200016,2025,Collectivité Territoriale,Commune,['Puy-de-Dôme'],['Auvergne-Rhône-Alpes'],COM,{63},{84}
bc2365c5-0d59-41d1-b85a-2230d39f4c30,218717007,Commune de Saint-Méard (87),false,{87170},Commune,2026-03-24 14:42:11.118516+01,gold_establishments_2025,,,,21871700700015,2025,Collectivité Territoriale,Commune,['Haute-Vienne'],['Nouvelle-Aquitaine'],COM,{87},{75}
4f9aa17c-fc94-410a-8e78-e17cc00a359f,212404602,Commune de Saint-Méard-de-Drône (24),false,{24460},Commune,2026-03-24 14:41:55.958138+01,gold_establishments_2025,,,,21240460200014,2025,Collectivité Territoriale,Commune,['Dordogne'],['Nouvelle-Aquitaine'],COM,{24},{75}
01c85ceb-8d55-46ab-a75c-db3f4cd93a76,212404610,Commune de Saint-Méard-de-Gurçon (24),false,{24461},Commune,2026-03-24 14:41:55.958138+01,gold_establishments_2025,,,,21240461000017,2025,Collectivité Territoriale,Commune,['Dordogne'],['Nouvelle-Aquitaine'],COM,{24},{75}
6f73f052-17a8-4d36-92d7-b2d07901703d,211603386,Commune de Saint-Médard (16),false,{16338},Commune,2026-03-24 14:41:54.362296+01,gold_establishments_2025,,,,21160338600015,2025,Collectivité Territoriale,Commune,['Charente'],['Nouvelle-Aquitaine'],COM,{16},{75}
cb71dfe0-c996-47fa-a2b5-9b2f37cca60f,211703723,Commune de Saint-Médard (17),false,{17372},Commune,2026-03-24 14:41:54.903238+01,gold_establishments_2025,,,,21170372300018,2025,Collectivité Territoriale,Commune,['Charente-Maritime'],['Nouvelle-Aquitaine'],COM,{17},{75}
3617c165-7fe3-4274-8466-97ca1183adfa,213105042,Commune de Saint-Médard (31),false,{31504},Commune,2026-03-24 14:41:58.09424+01,gold_establishments_2025,,,,21310504200013,2025,Collectivité Territoriale,Commune,['Haute-Garonne'],['Occitanie'],COM,{31},{76}
73646fca-e412-4d35-860a-110b361cadee,213203946,Commune de Saint-Médard (32),false,{32394},Commune,2026-03-24 14:41:58.09424+01,gold_establishments_2025,,,,21320394600016,2025,Collectivité Territoriale,Commune,['Gers'],['Occitanie'],COM,{32},{76}
8dcdecdc-363d-454f-a44b-768e09b26cbb,213602030,Commune de Saint-Médard (36),false,{36203},Commune,2026-03-24 14:41:59.160244+01,gold_establishments_2025,,,,21360203000016,2025,Collectivité Territoriale,Commune,['Indre'],['Centre-Val de Loire'],COM,{36},{24}
0b889eb3-c894-498a-8547-03174b5e8c1c,214602807,Commune de Saint-Médard (46),false,{46280},Commune,2026-03-24 14:42:00.862623+01,gold_establishments_2025,,,,21460280700015,2025,Collectivité Territoriale,Commune,['Lot'],['Occitanie'],COM,{46},{76}
335e3149-67f7-4c6a-8897-7b01f40fd3f8,215706219,Commune de Saint-Médard (57),false,{57621},Commune,2026-03-24 14:42:04.280096+01,gold_establishments_2025,,,,21570621900015,2025,Collectivité Territoriale,Commune,['Moselle'],['Grand Est'],COM,{57},{44}
4f903f11-dad2-48b7-9787-bee77f7f25aa,216404913,Commune de Saint-Médard (64),false,{64491},Commune,2026-03-24 14:42:06.665412+01,gold_establishments_2025,,,,21640491300016,2025,Collectivité Territoriale,Commune,['Pyrénées-Atlantiques'],['Nouvelle-Aquitaine'],COM,{64},{75}
56aa45c8-9924-4d9f-8310-4aa7292d3ba2,214602823,Commune de Saint-Médard-Nicourby (46),false,{46282},Commune,2026-03-24 14:42:00.862623+01,gold_establishments_2025,,,,21460282300038,2025,Collectivité Territoriale,Commune,['Lot'],['Occitanie'],COM,{46},{76}
eee23627-9abc-424f-b27a-7e1af7cea8eb,211703731,Commune de Saint-Médard-d'Aunis (17),false,{17373},Commune,2026-03-24 14:41:54.903238+01,gold_establishments_2025,,,,21170373100011,2025,Collectivité Territoriale,Commune,['Charente-Maritime'],['Nouvelle-Aquitaine'],COM,{17},{75}
fb35c6c8-35db-4695-9ea5-c314731dd772,212404636,Commune de Saint-Médard-d'Excideuil (24),false,{24463},Commune,2026-03-24 14:41:55.958138+01,gold_establishments_2025,,,,21240463600012,2025,Collectivité Territoriale,Commune,['Dordogne'],['Nouvelle-Aquitaine'],COM,{24},{75}
42af8709-fbf5-4d43-a314-dc9ecbbaaa81,213304488,Commune de Saint-Médard-d'Eyrans (33),false,{33448},Commune,2026-03-24 14:41:58.620411+01,gold_establishments_2025,,,,21330448800017,2025,Collectivité Territoriale,Commune,['Gironde'],['Nouvelle-Aquitaine'],COM,{33},{75}
3c4681c4-8105-4b2a-9a43-499ddb4442b0,213304470,Commune de Saint-Médard-de-Guizières (33),false,{33447},Commune,2026-03-24 14:41:58.620411+01,gold_establishments_2025,,,,21330447000015,2025,Collectivité Territoriale,Commune,['Gironde'],['Nouvelle-Aquitaine'],COM,{33},{75}
d0bbc80a-ea2c-4466-84c2-6b4e4b45a984,212404628,Commune de Saint-Médard-de-Mussidan (24),false,{24462},Commune,2026-03-24 14:41:55.958138+01,gold_establishments_2025,,,,21240462800019,2025,Collectivité Territoriale,Commune,['Dordogne'],['Nouvelle-Aquitaine'],COM,{24},{75}
51b561fc-1aa3-430c-b197-57f0d505e42a,214602815,Commune de Saint-Médard-de-Presque (46),false,{46281},Commune,2026-03-24 14:42:00.862623+01,gold_establishments_2025,,,,21460281500018,2025,Collectivité Territoriale,Commune,['Lot'],['Occitanie'],COM,{46},{76}
b9db8e36-c29f-470d-a189-8bd67cca63c0,214202640,Commune de Saint-Médard-en-Forez (42),false,{42264},Commune,2026-03-24 14:42:00.273698+01,gold_establishments_2025,,,,21420264000014,2025,Collectivité Territoriale,Commune,['Loire'],['Auvergne-Rhône-Alpes'],COM,{42},{84}
f503c315-8477-42df-a728-552ad751f730,213304496,Commune de Saint-Médard-en-Jalles (33),false,{33449},Commune,2026-03-24 14:41:58.620411+01,gold_establishments_2025,,,,21330449600010,2025,Collectivité Territoriale,Commune,['Gironde'],['Nouvelle-Aquitaine'],COM,{33},{75}
232c69fe-3664-496a-9502-d31ae4faa986,212322002,Commune de Saint-Médard-la-Rochette (23),false,{23220},Commune,2026-03-24 14:41:55.958138+01,gold_establishments_2025,,,,21232200200016,2025,Collectivité Territoriale,Commune,['Creuse'],['Nouvelle-Aquitaine'],COM,{23},{75}
68825c2e-fb6e-4b01-ba4f-2c4eb2a9cb3e,213502966,Commune de Saint-Médard-sur-Ille (35),false,{35296},Commune,2026-03-24 14:41:59.160244+01,gold_establishments_2025,,,,21350296600012,2025,Collectivité Territoriale,Commune,['Ille-et-Vilaine'],['Bretagne'],COM,{35},{53}
6c5e175e-0b4f-4fe4-a210-ba7f082863c1,212902555,Commune de Saint-Méen (29),false,{29255},Commune,2026-03-24 14:41:57.56054+01,gold_establishments_2025,,,,21290255500011,2025,Collectivité Territoriale,Commune,['Finistère'],['Bretagne'],COM,{29},{53}
b2aae272-f915-48f3-bf8a-c2f1d5933678,213502974,Commune de Saint-Méen-le-Grand (35),false,{35297},Commune,2026-03-24 14:41:59.160244+01,gold_establishments_2025,,,,21350297400016,2025,Collectivité Territoriale,Commune,['Ille-et-Vilaine'],['Bretagne'],COM,{35},{53}
8bd0c205-facb-428f-aaa0-9c711da777e9,210702759,Commune de Saint-Mélany (07),false,{07275},Commune,2026-03-24 14:41:52.562531+01,gold_establishments_2025,,,,21070275900015,2025,Collectivité Territoriale,Commune,['Ardèche'],['Auvergne-Rhône-Alpes'],COM,{07},{84}
24a2c564-87eb-4a45-935b-e21c2af8c165,212203178,Commune de Saint-Méloir-des-Bois (22),false,{22317},Commune,2026-03-24 14:41:55.958138+01,gold_establishments_2025,,,,21220317800018,2025,Collectivité Territoriale,Commune,"[""Côtes-d'Armor""]",['Bretagne'],COM,{22},{53}
db165e7e-e10f-4e47-afcb-5c39897c4ca8,213502990,Commune de Saint-Méloir-des-Ondes (35),false,{35299},Commune,2026-03-24 14:41:59.160244+01,gold_establishments_2025,,,,21350299000012,2025,Collectivité Territoriale,Commune,['Ille-et-Vilaine'],['Bretagne'],COM,{35},{53}
e679195b-23b0-426f-83ab-2c532d962631,217704261,Commune de Saint-Méry (77),false,{77426},Commune,2026-03-24 14:42:09.43682+01,gold_establishments_2025,,,,21770426100015,2025,Collectivité Territoriale,Commune,['Seine-et-Marne'],['Île-de-France'],COM,{77},{11}
11d5d4fc-6447-4188-8686-38c87db3e31d,213203961,Commune de Saint-Mézard (32),false,{32396},Commune,2026-03-24 14:41:58.09424+01,gold_establishments_2025,,,,21320396100015,2025,Collectivité Territoriale,Commune,['Gers'],['Occitanie'],COM,{32},{76}
5439f2e0-6a1a-4ed3-8f78-8d68451aa107,211603402,Commune de Saint-Même-les-Carrières (16),false,{16340},Commune,2026-03-24 14:41:54.362296+01,gold_establishments_2025,,,,21160340200010,2025,Collectivité Territoriale,Commune,['Charente'],['Nouvelle-Aquitaine'],COM,{16},{75}
3e026f1c-0a7f-4b85-a59d-3732621c2532,216704288,Commune de Saint-Nabor (67),false,{67428},Commune,2026-03-24 14:42:07.195692+01,gold_establishments_2025,,,,21670428800010,2025,Collectivité Territoriale,Commune,['Bas-Rhin'],['Grand Est'],COM,{67},{44}
31aef8e6-d5c1-41a9-b685-10cda7427c69,218804292,Commune de Saint-Nabord (88),false,{88429},Commune,2026-03-24 14:42:11.118516+01,gold_establishments_2025,,,,21880429200017,2025,Collectivité Territoriale,Commune,['Vosges'],['Grand Est'],COM,{88},{44}
388d4347-7877-4ba6-8493-ae58862fa299,211003439,Commune de Saint-Nabord-sur-Aube (10),false,{10354},Commune,2026-03-24 14:41:53.095366+01,gold_establishments_2025,,,,21100343900018,2025,Collectivité Territoriale,Commune,['Aube'],['Grand Est'],COM,{10},{44}
6992db78-7fc5-4e4a-96c3-453e9bb703e0,218201671,Commune de Saint-Nauphary (82),false,{82167},Commune,2026-03-24 14:42:10.508772+01,gold_establishments_2025,,,,21820167100011,2025,Collectivité Territoriale,Commune,['Tarn-et-Garonne'],['Occitanie'],COM,{82},{76}
6d9736c4-03e9-424a-97f5-5b928c9be990,213002884,Commune de Saint-Nazaire (30),false,{30288},Commune,2026-03-24 14:41:57.56054+01,gold_establishments_2025,,,,21300288400012,2025,Collectivité Territoriale,Commune,['Gard'],['Occitanie'],COM,{30},{76}
7ca7ea9b-114a-416c-a951-aab40440ab0b,214401846,Commune de Saint-Nazaire (44),false,{44184},Commune,2026-03-24 14:42:00.862623+01,gold_establishments_2025,,,,21440184600016,2025,Collectivité Territoriale,Commune,['Loire-Atlantique'],['Pays de la Loire'],COM,{44},{52}
7eb8d96e-b684-4bb8-94df-86a4e49e9dd5,216601864,Commune de Saint-Nazaire (66),false,{66186},Commune,2026-03-24 14:42:06.665412+01,gold_establishments_2025,,,,21660186400012,2025,Collectivité Territoriale,Commune,['Pyrénées-Orientales'],['Occitanie'],COM,{66},{76}
591623f0-e8e8-4b22-b48d-44eff868bab6,211103601,Commune de Saint-Nazaire-d'Aude (11),false,{11360},Commune,2026-03-24 14:41:53.63825+01,gold_establishments_2025,,,,21110360100012,2025,Collectivité Territoriale,Commune,['Aude'],['Occitanie'],COM,{11},{76}
e3f866fa-8252-430c-98bf-b9ca7dbe396b,213402795,Commune de Saint-Nazaire-de-Ladarez (34),false,{34279},Commune,2026-03-24 14:41:58.620411+01,gold_establishments_2025,,,,21340279500016,2025,Collectivité Territoriale,Commune,['Hérault'],['Occitanie'],COM,{34},{76}
648d2518-9c40-46c4-804e-891153d87271,213402803,Commune de Saint-Nazaire-de-Pézan (34),false,{34280},Commune,2026-03-24 14:41:58.620411+01,gold_establishments_2025,,,,21340280300018,2025,Collectivité Territoriale,Commune,['Hérault'],['Occitanie'],COM,{34},{76}
f3794b71-d481-415b-aa32-88a6340bbd4a,218201689,Commune de Saint-Nazaire-de-Valentane (82),false,{82168},Commune,2026-03-24 14:42:10.508772+01,gold_establishments_2025,,,,21820168900013,2025,Collectivité Territoriale,Commune,['Tarn-et-Garonne'],['Occitanie'],COM,{82},{76}
fcb52a5b-d6a1-4977-9d28-5db112c3bdcc,213002892,Commune de Saint-Nazaire-des-Gardies (30),false,{30289},Commune,2026-03-24 14:41:57.56054+01,gold_establishments_2025,,,,21300289200015,2025,Collectivité Territoriale,Commune,['Gard'],['Occitanie'],COM,{30},{76}
ede7d9b1-f672-4f17-8b48-ed378dcaf618,212603203,Commune de Saint-Nazaire-en-Royans (26),false,{26320},Commune,2026-03-24 14:41:56.495197+01,gold_establishments_2025,,,,21260320300010,2025,Collectivité Territoriale,Commune,['Drôme'],['Auvergne-Rhône-Alpes'],COM,{26},{84}
bb27ee4d-8972-4fc5-86a1-aeca75f835a2,212603211,Commune de Saint-Nazaire-le-Désert (26),false,{26321},Commune,2026-03-24 14:41:56.495197+01,gold_establishments_2025,,,,21260321100013,2025,Collectivité Territoriale,Commune,['Drôme'],['Auvergne-Rhône-Alpes'],COM,{26},{84}
a98f7cf3-09e0-4e08-b0d5-dc56739e09ac,213804313,Commune de Saint-Nazaire-les-Eymes (38),false,{38431},Commune,2026-03-24 14:41:59.705606+01,gold_establishments_2025,,,,21380431300012,2025,Collectivité Territoriale,Commune,['Isère'],['Auvergne-Rhône-Alpes'],COM,{38},{84}
926b12aa-ddaf-4e3d-bd40-0b07fd3b5315,211703756,Commune de Saint-Nazaire-sur-Charente (17),false,{17375},Commune,2026-03-24 14:41:54.903238+01,gold_establishments_2025,,,,21170375600018,2025,Collectivité Territoriale,Commune,['Charente-Maritime'],['Nouvelle-Aquitaine'],COM,{17},{75}
eac1746d-bf63-4554-8329-ece797df0d63,216303800,Commune de Saint-Nectaire (63),false,{63380},Commune,2026-03-24 14:42:06.130387+01,gold_establishments_2025,,,,21630380000017,2025,Collectivité Territoriale,Commune,['Puy-de-Dôme'],['Auvergne-Rhône-Alpes'],COM,{63},{84}
e6a8024f-27bc-46ed-8d46-aa3b8829c5c4,212404727,Commune de Saint-Nexans (24),false,{24472},Commune,2026-03-24 14:41:55.958138+01,gold_establishments_2025,,,,21240472700019,2025,Collectivité Territoriale,Commune,['Dordogne'],['Nouvelle-Aquitaine'],COM,{24},{75}
62d72923-a380-4ff6-86a9-6d5bb1dc3c22,212902563,Commune de Saint-Nic (29),false,{29256},Commune,2026-03-24 14:41:57.56054+01,gold_establishments_2025,,,,21290256300015,2025,Collectivité Territoriale,Commune,['Finistère'],['Bretagne'],COM,{29},{53}
11142a92-5fc7-40e7-a1ec-e8faeaa01be5,212203202,Commune de Saint-Nicodème (22),false,{22320},Commune,2026-03-24 14:41:55.958138+01,gold_establishments_2025,,,,21220320200016,2025,Collectivité Territoriale,Commune,"[""Côtes-d'Armor""]",['Bretagne'],COM,{22},{53}
f820b7d7-2260-4637-892f-1ad424c2bc5c,216207647,Commune de Saint-Nicolas (62),false,{62764},Commune,2026-03-24 14:42:06.130387+01,gold_establishments_2025,,,,21620764700019,2025,Collectivité Territoriale,Commune,['Pas-de-Calais'],['Hauts-de-France'],COM,{62},{32}
94a901fe-af1a-4743-979f-595e4963a36e,210206603,Commune de Saint-Nicolas-aux-Bois (02),false,{02685},Commune,2026-03-24 14:41:52.020251+01,gold_establishments_2025,,,,21020660300016,2025,Collectivité Territoriale,Commune,['Aisne'],['Hauts-de-France'],COM,{02},{32}
69ab6b14-b18c-4285-bae1-d1c57fcd2d00,217606243,Commune de Saint-Nicolas-d'Aliermont (76),false,{76624},Commune,2026-03-24 14:42:08.818969+01,gold_establishments_2025,,,,21760624300012,2025,Collectivité Territoriale,Commune,['Seine-Maritime'],['Normandie'],COM,{76},{28}
ebd82821-e9fd-4d06-9eb9-39bb2ae98723,213702285,Commune de Saint-Nicolas-de-Bourgueil (37),false,{37228},Commune,2026-03-24 14:41:59.160244+01,gold_establishments_2025,,,,21370228500015,2025,Collectivité Territoriale,Commune,['Indre-et-Loire'],['Centre-Val de Loire'],COM,{37},{24}
3ee14f92-ca47-4c27-a7d3-8345f02cd9ec,213804321,Commune de Saint-Nicolas-de-Macherin (38),false,{38432},Commune,2026-03-24 14:41:59.705606+01,gold_establishments_2025,,,,21380432100015,2025,Collectivité Territoriale,Commune,['Isère'],['Auvergne-Rhône-Alpes'],COM,{38},{84}
0979e009-1110-4cde-882e-f61516e49d8c,215005281,Commune de Saint-Nicolas-de-Pierrepont (50),false,{50528},Commune,2026-03-24 14:42:01.412377+01,gold_establishments_2025,,,,21500528100013,2025,Collectivité Territoriale,Commune,['Manche'],['Normandie'],COM,{50},{28}
1fe4d1c1-7207-470b-a7e8-5673c657daf0,215404831,Commune de Saint-Nicolas-de-Port (54),false,{54483},Commune,2026-03-24 14:42:02.957225+01,gold_establishments_2025,,,,21540483100012,2025,Collectivité Territoriale,Commune,['Meurthe-et-Moselle'],['Grand Est'],COM,{54},{44}
978ff403-2edf-486e-bb40-28ca38103a8e,214401853,Commune de Saint-Nicolas-de-Redon (44),false,{44185},Commune,2026-03-24 14:42:00.862623+01,gold_establishments_2025,,,,21440185300012,2025,Collectivité Territoriale,Commune,['Loire-Atlantique'],['Pays de la Loire'],COM,{44},{52}
46a115f6-b96c-4cee-90a6-66ff728c75c8,216104356,Commune de Saint-Nicolas-de-Sommaire (61),false,{61435},Commune,2026-03-24 14:42:05.597325+01,gold_establishments_2025,,,,21610435600011,2025,Collectivité Territoriale,Commune,['Orne'],['Normandie'],COM,{61},{28}
cbc14c67-6c2f-4a6d-99d5-bbaa22aceaf6,214702623,Commune de Saint-Nicolas-de-la-Balerme (47),false,{47262},Commune,2026-03-24 14:42:00.862623+01,gold_establishments_2025,,,,21470262300015,2025,Collectivité Territoriale,Commune,['Lot-et-Garonne'],['Nouvelle-Aquitaine'],COM,{47},{75}
725c86f3-633e-49ae-bbb2-b4491f8a22db,218201697,Commune de Saint-Nicolas-de-la-Grave (82),false,{82169},Commune,2026-03-24 14:42:10.508772+01,gold_establishments_2025,,,,21820169700016,2025,Collectivité Territoriale,Commune,['Tarn-et-Garonne'],['Occitanie'],COM,{82},{76}
e3075e96-c8c9-4e11-bc2e-7ceeab97f471,217606268,Commune de Saint-Nicolas-de-la-Haie (76),false,{76626},Commune,2026-03-24 14:42:08.818969+01,gold_establishments_2025,,,,21760626800019,2025,Collectivité Territoriale,Commune,['Seine-Maritime'],['Normandie'],COM,{76},{28}
eeba94fa-4510-404a-8a0c-ddea3c087cec,217606276,Commune de Saint-Nicolas-de-la-Taille (76),false,{76627},Commune,2026-03-24 14:42:08.818969+01,gold_establishments_2025,,,,21760627600012,2025,Collectivité Territoriale,Commune,['Seine-Maritime'],['Normandie'],COM,{76},{28}
5a8c8b87-9068-4bdb-b658-353624140bef,210302485,Commune de Saint-Nicolas-des-Biefs (03),false,{03248},Commune,2026-03-24 14:41:52.020251+01,gold_establishments_2025,,,,21030248500011,2025,Collectivité Territoriale,Commune,['Allier'],['Auvergne-Rhône-Alpes'],COM,{03},{84}
85b3467b-52e7-4d99-9c7c-7c195eb8e441,215005299,Commune de Saint-Nicolas-des-Bois (50),false,{50529},Commune,2026-03-24 14:42:01.412377+01,gold_establishments_2025,,,,21500529900015,2025,Collectivité Territoriale,Commune,['Manche'],['Normandie'],COM,{50},{28}
b2b395be-cf17-4267-b546-ffd12d1f8d59,216104331,Commune de Saint-Nicolas-des-Bois (61),false,{61433},Commune,2026-03-24 14:42:05.597325+01,gold_establishments_2025,,,,21610433100014,2025,Collectivité Territoriale,Commune,['Orne'],['Normandie'],COM,{61},{28}
f8f55132-6cdd-42c8-a5b8-974020fcf3f7,213702293,Commune de Saint-Nicolas-des-Motets (37),false,{37229},Commune,2026-03-24 14:41:59.160244+01,gold_establishments_2025,,,,21370229300019,2025,Collectivité Territoriale,Commune,['Indre-et-Loire'],['Centre-Val de Loire'],COM,{37},{24}
9c7bc9c7-35fb-4ef0-9305-4ceb50c3c5f5,212203210,Commune de Saint-Nicolas-du-Pélem (22),false,{22321},Commune,2026-03-24 14:41:55.958138+01,gold_establishments_2025,,,,21220321000019,2025,Collectivité Territoriale,Commune,"[""Côtes-d'Armor""]",['Bretagne'],COM,{22},{53}
03edc94a-f920-45d0-baeb-c00e4e3e706c,215602301,Commune de Saint-Nicolas-du-Tertre (56),false,{56230},Commune,2026-03-24 14:42:03.701372+01,gold_establishments_2025,,,,21560230100016,2025,Collectivité Territoriale,Commune,['Morbihan'],['Bretagne'],COM,{56},{53}
52eea4c9-d8fa-42ac-bb6e-36ee1c353a5b,211003447,Commune de Saint-Nicolas-la-Chapelle (10),false,{10355},Commune,2026-03-24 14:41:53.095366+01,gold_establishments_2025,,,,21100344700011,2025,Collectivité Territoriale,Commune,['Aube'],['Grand Est'],COM,{10},{44}
7256a66c-5b2f-4cb1-84fc-627a4408c738,217302629,Commune de Saint-Nicolas-la-Chapelle (73),false,{73262},Commune,2026-03-24 14:42:08.279287+01,gold_establishments_2025,,,,21730262900019,2025,Collectivité Territoriale,Commune,['Savoie'],['Auvergne-Rhône-Alpes'],COM,{73},{84}
46477c5f-53c4-4eff-b7ad-c411dcd4d05c,212105647,Commune de Saint-Nicolas-lès-Cîteaux (21),false,{21564},Commune,2026-03-24 14:41:55.433389+01,gold_establishments_2025,,,,21210564700011,2025,Collectivité Territoriale,Commune,"[""Côte-d'Or""]",['Bourgogne-Franche-Comté'],COM,{21},{27}
17cb59ad-2228-4a24-85f0-c0d1f0cb0908,216902296,Commune de Saint-Nizier-d'Azergues (69),false,{69229},Commune,2026-03-24 14:42:07.735343+01,gold_establishments_2025,,,,21690229600013,2025,Collectivité Territoriale,Commune,['Rhône'],['Auvergne-Rhône-Alpes'],COM,{69},{84}
e2ddf07c-0dc7-4f10-a7ba-9d020ac2c5a5,214202665,Commune de Saint-Nizier-de-Fornas (42),false,{42266},Commune,2026-03-24 14:42:00.273698+01,gold_establishments_2025,,,,21420266500011,2025,Collectivité Territoriale,Commune,['Loire'],['Auvergne-Rhône-Alpes'],COM,{42},{84}
4a02fb61-96af-4a5a-9ddd-65777b34db0a,213804339,Commune de Saint-Nizier-du-Moucherotte (38),false,{38433},Commune,2026-03-24 14:41:59.705606+01,gold_establishments_2025,,,,21380433900017,2025,Collectivité Territoriale,Commune,['Isère'],['Auvergne-Rhône-Alpes'],COM,{38},{84}
c081a9b9-d9ff-4078-879b-9aa9debee12a,210103800,Commune de Saint-Nizier-le-Bouchoux (01),false,{01380},Commune,2026-03-24 14:41:51.447482+01,gold_establishments_2025,,,,21010380000012,2025,Collectivité Territoriale,Commune,['Ain'],['Auvergne-Rhône-Alpes'],COM,{01},{84}
94f4805f-e7ac-4b12-a4a0-fb14a5489225,210103818,Commune de Saint-Nizier-le-Désert (01),false,{01381},Commune,2026-03-24 14:41:51.447482+01,gold_establishments_2025,,,,21010381800014,2025,Collectivité Territoriale,Commune,['Ain'],['Auvergne-Rhône-Alpes'],COM,{01},{84}
00229176-0cb9-4d11-b6d8-a6403137ef6f,214202673,Commune de Saint-Nizier-sous-Charlieu (42),false,{42267},Commune,2026-03-24 14:42:00.273698+01,gold_establishments_2025,,,,21420267300015,2025,Collectivité Territoriale,Commune,['Loire'],['Auvergne-Rhône-Alpes'],COM,{42},{84}
63e62e25-dc7a-4a0d-8089-dbdb48a08d47,217104660,Commune de Saint-Nizier-sur-Arroux (71),false,{71466},Commune,2026-03-24 14:42:08.279287+01,gold_establishments_2025,,,,21710466000014,2025,Collectivité Territoriale,Commune,['Saône-et-Loire'],['Bourgogne-Franche-Comté'],COM,{71},{27}
d4c174fd-6c3f-4d4e-9576-ebe4286100dd,215602319,Commune de Saint-Nolff (56),false,{56231},Commune,2026-03-24 14:42:03.701372+01,gold_establishments_2025,,,,21560231900018,2025,Collectivité Territoriale,Commune,['Morbihan'],['Bretagne'],COM,{56},{53}
f6b158a4-2cd9-4c76-a3d2-21ced599e85f,217805712,Commune de Saint-Nom-la-Bretèche (78),false,{78571},Commune,2026-03-24 14:42:09.43682+01,gold_establishments_2025,,,,21780571200015,2025,Collectivité Territoriale,Commune,['Yvelines'],['Île-de-France'],COM,{78},{11}
cfd9375a-4871-4ea4-8e60-63f8d01728de,200049393,Commune de Saint-Offenge (73),false,{73263},Commune,2026-03-24 14:42:08.279287+01,gold_establishments_2025,,,,20004939300065,2025,Collectivité Territoriale,Commune,['Savoie'],['Auvergne-Rhône-Alpes'],COM,{73},{84}
78b46137-f1eb-4dd3-8960-6fd1105a5686,211406350,Commune de Saint-Omer (14),false,{14635},Commune,2026-03-24 14:41:54.362296+01,gold_establishments_2025,,,,21140635000010,2025,Collectivité Territoriale,Commune,['Calvados'],['Normandie'],COM,{14},{28}
8ca4e1cb-506b-4656-8693-f3ff8a90e2dd,216207654,Commune de Saint-Omer (62),false,{62765},Commune,2026-03-24 14:42:06.130387+01,gold_establishments_2025,,,,21620765400288,2025,Collectivité Territoriale,Commune,['Pas-de-Calais'],['Hauts-de-France'],COM,{62},{32}
c0d0c2c6-a9f0-4f2f-851f-e91ffe7cc567,216207662,Commune de Saint-Omer-Capelle (62),false,{62766},Commune,2026-03-24 14:42:06.130387+01,gold_establishments_2025,,,,21620766200018,2025,Collectivité Territoriale,Commune,['Pas-de-Calais'],['Hauts-de-France'],COM,{62},{32}
0c99c8b6-a332-42f0-9190-9d2db702db3e,216005835,Commune de Saint-Omer-en-Chaussée (60),false,{60590},Commune,2026-03-24 14:42:04.814328+01,gold_establishments_2025,,,,21600583500014,2025,Collectivité Territoriale,Commune,['Oise'],['Hauts-de-France'],COM,{60},{32}
79acc30c-b8c8-453c-9609-3392704c0c54,213804347,Commune de Saint-Ondras (38),false,{38434},Commune,2026-03-24 14:41:59.705606+01,gold_establishments_2025,,,,21380434700010,2025,Collectivité Territoriale,Commune,['Isère'],['Auvergne-Rhône-Alpes'],COM,{38},{84}
3df55fcb-e170-4fb3-acf7-696858fc2174,213503022,Commune de Saint-Onen-la-Chapelle (35),false,{35302},Commune,2026-03-24 14:41:59.160244+01,gold_establishments_2025,,,,21350302200013,2025,Collectivité Territoriale,Commune,['Ille-et-Vilaine'],['Bretagne'],COM,{35},{53}
930d5c7b-c0fd-4185-83ec-9c35a39aff08,212322408,Commune de Saint-Oradoux-de-Chirouze (23),false,{23224},Commune,2026-03-24 14:41:55.958138+01,gold_establishments_2025,,,,21232240800015,2025,Collectivité Territoriale,Commune,['Creuse'],['Nouvelle-Aquitaine'],COM,{23},{75}
8c788b4b-71e2-445c-866a-bdccd8206b99,212322507,Commune de Saint-Oradoux-près-Crocq (23),false,{23225},Commune,2026-03-24 14:41:55.958138+01,gold_establishments_2025,,,,21232250700014,2025,Collectivité Territoriale,Commune,['Creuse'],['Nouvelle-Aquitaine'],COM,{23},{75}
9f1fbcd4-81a1-484a-82f9-b705afd3f2b9,213203995,Commune de Saint-Orens (32),false,{32399},Commune,2026-03-24 14:41:58.09424+01,gold_establishments_2025,,,,21320399500013,2025,Collectivité Territoriale,Commune,['Gers'],['Occitanie'],COM,{32},{76}
c775d69d-c0ea-410c-9337-cdafd0e17be6,213204001,Commune de Saint-Orens-Pouy-Petit (32),false,{32400},Commune,2026-03-24 14:41:58.09424+01,gold_establishments_2025,,,,21320400100019,2025,Collectivité Territoriale,Commune,['Gers'],['Occitanie'],COM,{32},{76}
703a60d4-22c1-4ab1-8b90-d660196ed3af,213105067,Commune de Saint-Orens-de-Gameville (31),false,{31506},Commune,2026-03-24 14:41:58.09424+01,gold_establishments_2025,,,,21310506700010,2025,Collectivité Territoriale,Commune,['Haute-Garonne'],['Occitanie'],COM,{31},{76}
a6052aeb-ff43-4a07-9b5a-406379e8cae9,213204019,Commune de Saint-Ost (32),false,{32401},Commune,2026-03-24 14:41:58.09424+01,gold_establishments_2025,,,,21320401900011,2025,Collectivité Territoriale,Commune,['Gers'],['Occitanie'],COM,{32},{76}
7810c9db-72dd-434d-a7e9-ca85ac537ac2,214102261,Commune de Saint-Ouen (41),false,{41226},Commune,2026-03-24 14:42:00.273698+01,gold_establishments_2025,,,,21410226100010,2025,Collectivité Territoriale,Commune,['Loir-et-Cher'],['Centre-Val de Loire'],COM,{41},{24}
31833cfd-8981-4cde-9077-3dfc136af399,218006708,Commune de Saint-Ouen (80),false,{80711},Commune,2026-03-24 14:42:09.967209+01,gold_establishments_2025,,,,21800670800018,2025,Collectivité Territoriale,Commune,['Somme'],['Hauts-de-France'],COM,{80},{32}
262ac602-adbc-4473-b034-0e2c6518661e,215104720,Commune de Saint-Ouen-Domprot (51),false,{51508},Commune,2026-03-24 14:42:01.954481+01,gold_establishments_2025,,,,21510472000010,2025,Collectivité Territoriale,Commune,['Marne'],['Grand Est'],COM,{51},{44}
c806e2fc-9567-49c6-a637-d80321e691ff,212803555,Commune de Saint-Ouen-Marchefroy (28),false,{28355},Commune,2026-03-24 14:41:57.028721+01,gold_establishments_2025,,,,21280355500011,2025,Collectivité Territoriale,Commune,['Eure-et-Loir'],['Centre-Val de Loire'],COM,{28},{24}
cd892c26-c327-495a-bc04-58b23dad377c,211703764,Commune de Saint-Ouen-d'Aunis (17),false,{17376},Commune,2026-03-24 14:41:54.903238+01,gold_establishments_2025,,,,21170376400012,2025,Collectivité Territoriale,Commune,['Charente-Maritime'],['Nouvelle-Aquitaine'],COM,{17},{75}
bb7d94bd-00a1-4338-a41c-7a0e849f6619,217203058,Commune de Saint-Ouen-de-Mimbré (72),false,{72305},Commune,2026-03-24 14:42:08.279287+01,gold_establishments_2025,,,,21720305800011,2025,Collectivité Territoriale,Commune,['Sarthe'],['Pays de la Loire'],COM,{72},{52}
de50b590-c046-4b5c-81e7-25cfd5688790,212705792,Commune de Saint-Ouen-de-Pontcheuil (27),false,{27579},Commune,2026-03-24 14:41:57.028721+01,gold_establishments_2025,,,,21270579200019,2025,Collectivité Territoriale,Commune,['Eure'],['Normandie'],COM,{27},{28}
f3aca7e5-7305-4a89-83d5-08589e7a062c,216104380,Commune de Saint-Ouen-de-Sécherouvre (61),false,{61438},Commune,2026-03-24 14:42:05.597325+01,gold_establishments_2025,,,,21610438000011,2025,Collectivité Territoriale,Commune,['Orne'],['Normandie'],COM,{61},{28}
798da725-f013-4783-9c89-2fc87ec4a398,212705800,Commune de Saint-Ouen-de-Thouberville (27),false,{27580},Commune,2026-03-24 14:41:57.028721+01,gold_establishments_2025,,,,21270580000010,2025,Collectivité Territoriale,Commune,['Eure'],['Normandie'],COM,{27},{28}
7ea0b1c2-7a00-42e9-b176-99f0027cda12,213503048,Commune de Saint-Ouen-des-Alleux (35),false,{35304},Commune,2026-03-24 14:41:59.160244+01,gold_establishments_2025,,,,21350304800018,2025,Collectivité Territoriale,Commune,['Ille-et-Vilaine'],['Bretagne'],COM,{35},{53}
2412e7fc-56af-427e-a22e-0e6b3fd4bb84,217606284,Commune de Saint-Ouen-du-Breuil (76),false,{76628},Commune,2026-03-24 14:42:08.818969+01,gold_establishments_2025,,,,21760628400016,2025,Collectivité Territoriale,Commune,['Seine-Maritime'],['Normandie'],COM,{76},{28}
bca595e4-47ba-4d28-9f6f-f0c433b8d4c3,211406376,Commune de Saint-Ouen-du-Mesnil-Oger (14),false,{14637},Commune,2026-03-24 14:41:54.362296+01,gold_establishments_2025,,,,21140637600015,2025,Collectivité Territoriale,Commune,['Calvados'],['Normandie'],COM,{14},{28}
fb711924-bd22-4c55-99d4-755a4d6497d6,212705826,Commune de Saint-Ouen-du-Tilleul (27),false,{27582},Commune,2026-03-24 14:41:57.028721+01,gold_establishments_2025,,,,21270582600015,2025,Collectivité Territoriale,Commune,['Eure'],['Normandie'],COM,{27},{28}
3685c563-41ca-485c-805e-03fd2c7bb33d,217203066,Commune de Saint-Ouen-en-Belin (72),false,{72306},Commune,2026-03-24 14:42:08.279287+01,gold_establishments_2025,,,,21720306600014,2025,Collectivité Territoriale,Commune,['Sarthe'],['Pays de la Loire'],COM,{72},{52}
d27c8c19-d1ff-4374-95f0-72e6308d3313,217704287,Commune de Saint-Ouen-en-Brie (77),false,{77428},Commune,2026-03-24 14:42:09.43682+01,gold_establishments_2025,,,,21770428700010,2025,Collectivité Territoriale,Commune,['Seine-et-Marne'],['Île-de-France'],COM,{77},{11}
1ba9cc06-9190-46e3-8639-c86c34d48820,217203074,Commune de Saint-Ouen-en-Champagne (72),false,{72307},Commune,2026-03-24 14:42:08.279287+01,gold_establishments_2025,,,,21720307400018,2025,Collectivité Territoriale,Commune,['Sarthe'],['Pays de la Loire'],COM,{72},{52}
5a2e8d23-3f6e-410d-91ba-c581846f782e,219505724,Commune de Saint-Ouen-l'Aumône (95),false,{95572},Commune,2026-03-24 14:42:11.659493+01,gold_establishments_2025,,,,21950572400209,2025,Collectivité Territoriale,Commune,"[""Val-d'Oise""]",['Île-de-France'],COM,{95},{11}
9129f443-b716-424c-be15-670c12a8a25c,211703772,Commune de Saint-Ouen-la-Thène (17),false,{17377},Commune,2026-03-24 14:41:54.903238+01,gold_establishments_2025,,,,21170377200015,2025,Collectivité Territoriale,Commune,['Charente-Maritime'],['Nouvelle-Aquitaine'],COM,{17},{75}
393f10db-067a-426e-aed6-a7986ca2473d,216104398,Commune de Saint-Ouen-le-Brisoult (61),false,{61439},Commune,2026-03-24 14:42:05.597325+01,gold_establishments_2025,,,,21610439800013,2025,Collectivité Territoriale,Commune,['Orne'],['Normandie'],COM,{61},{28}
abcac714-d620-46dd-811a-b9ab0f03d1ef,217606292,Commune de Saint-Ouen-le-Mauger (76),false,{76629},Commune,2026-03-24 14:42:08.818969+01,gold_establishments_2025,,,,21760629200019,2025,Collectivité Territoriale,Commune,['Seine-Maritime'],['Normandie'],COM,{76},{28}
75213230-cd05-4478-ac29-f27954564061,211406392,Commune de Saint-Ouen-le-Pin (14),false,{14639},Commune,2026-03-24 14:41:54.362296+01,gold_establishments_2025,,,,21140639200012,2025,Collectivité Territoriale,Commune,['Calvados'],['Normandie'],COM,{14},{28}
880095ad-92b5-4723-a1bf-66fa5630d0a1,213702301,Commune de Saint-Ouen-les-Vignes (37),false,{37230},Commune,2026-03-24 14:41:59.160244+01,gold_establishments_2025,,,,21370230100044,2025,Collectivité Territoriale,Commune,['Indre-et-Loire'],['Centre-Val de Loire'],COM,{37},{24}
e6ba9d8a-08cb-40f2-8047-639fb39bc29d,218804300,Commune de Saint-Ouen-lès-Parey (88),false,{88430},Commune,2026-03-24 14:42:11.118516+01,gold_establishments_2025,,,,21880430000018,2025,Collectivité Territoriale,Commune,['Vosges'],['Grand Est'],COM,{88},{44}
d9d0d091-7f12-4b1d-9888-29bb43945517,217606300,Commune de Saint-Ouen-sous-Bailly (76),false,{76630},Commune,2026-03-24 14:42:08.818969+01,gold_establishments_2025,,,,21760630000010,2025,Collectivité Territoriale,Commune,['Seine-Maritime'],['Normandie'],COM,{76},{28}
b2f3b4bd-4496-456e-ad9c-f570d8e1dbe8,218717205,Commune de Saint-Ouen-sur-Gartempe (87),false,{87172},Commune,2026-03-24 14:42:11.118516+01,gold_establishments_2025,,,,21871720500015,2025,Collectivité Territoriale,Commune,['Haute-Vienne'],['Nouvelle-Aquitaine'],COM,{87},{75}
b132e451-914e-4b97-94b5-70de4afb228e,216104406,Commune de Saint-Ouen-sur-Iton (61),false,{61440},Commune,2026-03-24 14:42:05.597325+01,gold_establishments_2025,,,,21610440600014,2025,Collectivité Territoriale,Commune,['Orne'],['Normandie'],COM,{61},{28}
740b4ac1-3417-4b25-abe1-c5b875cbc073,215802588,Commune de Saint-Ouen-sur-Loire (58),false,{58258},Commune,2026-03-24 14:42:04.280096+01,gold_establishments_2025,,,,21580258800016,2025,Collectivité Territoriale,Commune,['Nièvre'],['Bourgogne-Franche-Comté'],COM,{58},{27}
0b2fb540-fa62-4427-b92d-a65bc25a9241,217704295,Commune de Saint-Ouen-sur-Morin (77),false,{77429},Commune,2026-03-24 14:42:09.43682+01,gold_establishments_2025,,,,21770429500013,2025,Collectivité Territoriale,Commune,['Seine-et-Marne'],['Île-de-France'],COM,{77},{11}
571e5d88-b375-4c1f-a923-85fec65d23c1,219300704,Commune de Saint-Ouen-sur-Seine (93),false,{93070},Commune,2026-03-24 14:42:11.659493+01,gold_establishments_2025,,,,21930070400018,2025,Collectivité Territoriale,Commune,['Seine-Saint-Denis'],['Île-de-France'],COM,{93},{11}
4758a1ab-f6b2-433d-9d62-f027e0efc398,211003454,Commune de Saint-Oulph (10),false,{10356},Commune,2026-03-24 14:41:53.095366+01,gold_establishments_2025,,,,21100345400017,2025,Collectivité Territoriale,Commune,['Aube'],['Grand Est'],COM,{10},{44}
f0ce37e7-cbbf-48eb-8dd4-28a67f33c97d,216303818,Commune de Saint-Ours (63),false,{63381},Commune,2026-03-24 14:42:06.130387+01,gold_establishments_2025,,,,21630381800019,2025,Collectivité Territoriale,Commune,['Puy-de-Dôme'],['Auvergne-Rhône-Alpes'],COM,{63},{84}
a786597f-f112-4127-a7f1-906aaf747e92,217302652,Commune de Saint-Ours (73),false,{73265},Commune,2026-03-24 14:42:08.279287+01,gold_establishments_2025,,,,21730265200045,2025,Collectivité Territoriale,Commune,['Savoie'],['Auvergne-Rhône-Alpes'],COM,{73},{84}
28af688e-ad68-4c74-948f-eb955dada544,211802285,Commune de Saint-Outrille (18),false,{18228},Commune,2026-03-24 14:41:54.903238+01,gold_establishments_2025,,,,21180228500018,2025,Collectivité Territoriale,Commune,['Cher'],['Centre-Val de Loire'],COM,{18},{24}
ac473746-26ee-4243-b982-6fdf34609696,215302431,Commune de Saint-Ouën-des-Toits (53),false,{53243},Commune,2026-03-24 14:42:02.957225+01,gold_establishments_2025,,,,21530243100014,2025,Collectivité Territoriale,Commune,['Mayenne'],['Pays de la Loire'],COM,{53},{52}
6fbd93d9-b43b-461a-9ff9-6c7d7ff95d1c,215005315,Commune de Saint-Ovin (50),false,{50531},Commune,2026-03-24 14:42:01.412377+01,gold_establishments_2025,,,,21500531500019,2025,Collectivité Territoriale,Commune,['Manche'],['Normandie'],COM,{50},{28}
10d46823-2702-4db2-80c2-a0edc6f5f124,212902571,Commune de Saint-Pabu (29),false,{29257},Commune,2026-03-24 14:41:57.56054+01,gold_establishments_2025,,,,21290257100018,2025,Collectivité Territoriale,Commune,['Finistère'],['Bretagne'],COM,{29},{53}
872d60fc-de1f-45eb-8a59-b653eabbdce3,211406400,Commune de Saint-Pair (14),false,{14640},Commune,2026-03-24 14:41:54.362296+01,gold_establishments_2025,,,,21140640000013,2025,Collectivité Territoriale,Commune,['Calvados'],['Normandie'],COM,{14},{28}
14ff2c67-87dc-40d0-9507-0cb1c1dcce1a,215005323,Commune de Saint-Pair-sur-Mer (50),false,{50532},Commune,2026-03-24 14:42:01.412377+01,gold_establishments_2025,,,,21500532300013,2025,Collectivité Territoriale,Commune,['Manche'],['Normandie'],COM,{50},{28}
ad855673-ff30-4baa-983a-4e684d5a9b12,214302127,Commune de Saint-Pal-de-Chalencon (43),false,{43212},Commune,2026-03-24 14:42:00.273698+01,gold_establishments_2025,,,,21430212700011,2025,Collectivité Territoriale,Commune,['Haute-Loire'],['Auvergne-Rhône-Alpes'],COM,{43},{84}
8bf9633d-5db3-474f-b781-1c5ed31a0b7d,214302135,Commune de Saint-Pal-de-Mons (43),false,{43213},Commune,2026-03-24 14:42:00.273698+01,gold_establishments_2025,,,,21430213500014,2025,Collectivité Territoriale,Commune,['Haute-Loire'],['Auvergne-Rhône-Alpes'],COM,{43},{84}
fa3a33b1-8d92-44c2-a236-587501048621,214302143,Commune de Saint-Pal-de-Senouire (43),false,{43214},Commune,2026-03-24 14:42:00.273698+01,gold_establishments_2025,,,,21430214300018,2025,Collectivité Territoriale,Commune,['Haute-Loire'],['Auvergne-Rhône-Alpes'],COM,{43},{84}
d29bf3b4-7a4d-41ce-8379-3e4ea816130e,210302493,Commune de Saint-Palais (03),false,{03249},Commune,2026-03-24 14:41:52.020251+01,gold_establishments_2025,,,,21030249300015,2025,Collectivité Territoriale,Commune,['Allier'],['Auvergne-Rhône-Alpes'],COM,{03},{84}
a6c0e151-2a8e-4449-9a12-70c5e3eb78db,211802293,Commune de Saint-Palais (18),false,{18229},Commune,2026-03-24 14:41:54.903238+01,gold_establishments_2025,,,,21180229300012,2025,Collectivité Territoriale,Commune,['Cher'],['Centre-Val de Loire'],COM,{18},{24}
cff31295-260c-46b0-9896-f67cd4ff3617,213304561,Commune de Saint-Palais (33),false,{33456},Commune,2026-03-24 14:41:58.620411+01,gold_establishments_2025,,,,21330456100011,2025,Collectivité Territoriale,Commune,['Gironde'],['Nouvelle-Aquitaine'],COM,{33},{75}
72d69005-58e3-44b2-869b-ad2540617158,216404939,Commune de Saint-Palais (64),false,{64493},Commune,2026-03-24 14:42:06.665412+01,gold_establishments_2025,,,,21640493900011,2025,Collectivité Territoriale,Commune,['Pyrénées-Atlantiques'],['Nouvelle-Aquitaine'],COM,{64},{75}
fac0b4bf-328d-45d8-a16f-8858ccecd101,211703780,Commune de Saint-Palais-de-Négrignac (17),false,{17378},Commune,2026-03-24 14:41:54.903238+01,gold_establishments_2025,,,,21170378000018,2025,Collectivité Territoriale,Commune,['Charente-Maritime'],['Nouvelle-Aquitaine'],COM,{17},{75}
0fbf6dfb-81ea-43c7-af00-6cba8db8406f,211703798,Commune de Saint-Palais-de-Phiolin (17),false,{17379},Commune,2026-03-24 14:41:54.903238+01,gold_establishments_2025,,,,21170379800010,2025,Collectivité Territoriale,Commune,['Charente-Maritime'],['Nouvelle-Aquitaine'],COM,{17},{75}
69e79c32-d689-4aea-9c6e-9933e7b16b8a,211603428,Commune de Saint-Palais-du-Né (16),false,{16342},Commune,2026-03-24 14:41:54.362296+01,gold_establishments_2025,,,,21160342800015,2025,Collectivité Territoriale,Commune,['Charente'],['Nouvelle-Aquitaine'],COM,{16},{75}
c1447e7c-a7f2-49e2-8f1c-46328e0b1b35,211703806,Commune de Saint-Palais-sur-Mer (17),false,{17380},Commune,2026-03-24 14:41:54.903238+01,gold_establishments_2025,,,,21170380600011,2025,Collectivité Territoriale,Commune,['Charente-Maritime'],['Nouvelle-Aquitaine'],COM,{17},{75}
656cfedb-bfd8-4749-82e9-c093e080b688,212404743,Commune de Saint-Pancrace (24),false,{24474},Commune,2026-03-24 14:41:55.958138+01,gold_establishments_2025,,,,21240474300016,2025,Collectivité Territoriale,Commune,['Dordogne'],['Nouvelle-Aquitaine'],COM,{24},{75}
1bc2e2ab-1e33-45a9-993b-5ec88c762903,217302678,Commune de Saint-Pancrace (73),false,{73267},Commune,2026-03-24 14:42:08.279287+01,gold_establishments_2025,,,,21730267800016,2025,Collectivité Territoriale,Commune,['Savoie'],['Auvergne-Rhône-Alpes'],COM,{73},{84}
85016fa4-7f05-4861-a22f-87bb53f50fe6,215404856,Commune de Saint-Pancré (54),false,{54485},Commune,2026-03-24 14:42:02.957225+01,gold_establishments_2025,,,,21540485600019,2025,Collectivité Territoriale,Commune,['Meurthe-et-Moselle'],['Grand Est'],COM,{54},{44}
e8035c70-2003-4fe5-852a-2da59553f2b9,214002776,Commune de Saint-Pandelon (40),false,{40277},Commune,2026-03-24 14:41:59.705606+01,gold_establishments_2025,,,,21400277600018,2025,Collectivité Territoriale,Commune,['Landes'],['Nouvelle-Aquitaine'],COM,{40},{75}
33e7d976-743d-42b8-b49e-d1183f190b0e,212404768,Commune de Saint-Pantaly-d'Excideuil (24),false,{24476},Commune,2026-03-24 14:41:55.958138+01,gold_establishments_2025,,,,21240476800013,2025,Collectivité Territoriale,Commune,['Dordogne'],['Nouvelle-Aquitaine'],COM,{24},{75}
6c99ce67-5cae-4f60-a04d-edd9347e1eba,218401149,Commune de Saint-Pantaléon (84),false,{84114},Commune,2026-03-24 14:42:10.508772+01,gold_establishments_2025,,,,21840114900016,2025,Collectivité Territoriale,Commune,['Vaucluse'],"[""Provence-Alpes-Côte d'Azur""]",COM,{84},{93}
6716b3b2-d4fb-415d-861b-89cb11631751,211922802,Commune de Saint-Pantaléon-de-Lapleau (19),false,{19228},Commune,2026-03-24 14:41:55.433389+01,gold_establishments_2025,,,,21192280200015,2025,Collectivité Territoriale,Commune,['Corrèze'],['Nouvelle-Aquitaine'],COM,{19},{75}
526aed55-ca92-48f5-8029-528a9626b1c2,211922901,Commune de Saint-Pantaléon-de-Larche (19),false,{19229},Commune,2026-03-24 14:41:55.433389+01,gold_establishments_2025,,,,21192290100015,2025,Collectivité Territoriale,Commune,['Corrèze'],['Nouvelle-Aquitaine'],COM,{19},{75}
732a4d71-b3b3-49d0-8038-95692744ec78,212603229,Commune de Saint-Pantaléon-les-Vignes (26),false,{26322},Commune,2026-03-24 14:41:56.495197+01,gold_establishments_2025,,,,21260322900015,2025,Collectivité Territoriale,Commune,['Drôme'],['Auvergne-Rhône-Alpes'],COM,{26},{84}
d3a6106f-42c2-40d8-a662-28ec261e39cf,211103619,Commune de Saint-Papoul (11),false,{11361},Commune,2026-03-24 14:41:53.63825+01,gold_establishments_2025,,,,21110361900014,2025,Collectivité Territoriale,Commune,['Aude'],['Occitanie'],COM,{11},{76}
97a81a75-aef0-40a2-838e-6b7fbe92088a,213304579,Commune de Saint-Pardon-de-Conques (33),false,{33457},Commune,2026-03-24 14:41:58.620411+01,gold_establishments_2025,,,,21330457900013,2025,Collectivité Territoriale,Commune,['Gironde'],['Nouvelle-Aquitaine'],COM,{33},{75}
f9229d96-76fd-477f-ac6d-e7f51361cf87,211703814,Commune de Saint-Pardoult (17),false,{17381},Commune,2026-03-24 14:41:54.903238+01,gold_establishments_2025,,,,21170381400015,2025,Collectivité Territoriale,Commune,['Charente-Maritime'],['Nouvelle-Aquitaine'],COM,{17},{75}
b19b8009-d6fd-4a45-9683-d0e918654b0b,216303826,Commune de Saint-Pardoux (63),false,{63382},Commune,2026-03-24 14:42:06.130387+01,gold_establishments_2025,,,,21630382600012,2025,Collectivité Territoriale,Commune,['Puy-de-Dôme'],['Auvergne-Rhône-Alpes'],COM,{63},{84}
4c768e43-3389-49fc-9076-b0914df430e5,211923008,Commune de Saint-Pardoux-Corbier (nan),false,{19230},Commune,2026-03-24 14:41:55.433389+01,gold_establishments_2025,,,,21192300800018,2025,Collectivité Territoriale,Commune,[''],[''],COM,,
7bdd81a0-ff0a-4864-865d-cd441edf9e9f,214702649,Commune de Saint-Pardoux-Isaac (47),false,{47264},Commune,2026-03-24 14:42:00.862623+01,gold_establishments_2025,,,,21470264900010,2025,Collectivité Territoriale,Commune,['Lot-et-Garonne'],['Nouvelle-Aquitaine'],COM,{47},{75}
5bbfeab7-af0b-4f3f-a763-b36d6f3650e5,212322705,Commune de Saint-Pardoux-Morterolles (23),false,{23227},Commune,2026-03-24 14:41:55.958138+01,gold_establishments_2025,,,,21232270500014,2025,Collectivité Territoriale,Commune,['Creuse'],['Nouvelle-Aquitaine'],COM,{23},{75}
ef909d2a-9b3d-44df-8c4e-11d7ad31b49a,200082873,Commune de Saint-Pardoux-Soutiers (79),false,{79285},Commune,2026-03-24 14:42:09.43682+01,gold_establishments_2025,,,,20008287300015,2025,Collectivité Territoriale,Commune,['Deux-Sèvres'],['Nouvelle-Aquitaine'],COM,{79},{75}
b60d791f-15a6-4bf7-a996-64bc28c97805,212322606,Commune de Saint-Pardoux-d'Arnet (23),false,{23226},Commune,2026-03-24 14:41:55.958138+01,gold_establishments_2025,,,,21232260600014,2025,Collectivité Territoriale,Commune,['Creuse'],['Nouvelle-Aquitaine'],COM,{23},{75}
42e1a18d-5806-42d1-92a6-8cc9043c6e65,212404776,Commune de Saint-Pardoux-de-Drône (24),false,{24477},Commune,2026-03-24 14:41:55.958138+01,gold_establishments_2025,,,,21240477600016,2025,Collectivité Territoriale,Commune,['Dordogne'],['Nouvelle-Aquitaine'],COM,{24},{75}
561340ed-fbec-4fa9-b831-186f420551ad,214702631,Commune de Saint-Pardoux-du-Breuil (47),false,{47263},Commune,2026-03-24 14:42:00.862623+01,gold_establishments_2025,,,,21470263100018,2025,Collectivité Territoriale,Commune,['Lot-et-Garonne'],['Nouvelle-Aquitaine'],COM,{47},{75}
9bd91160-3c04-48de-8f9b-5157349ded05,212404784,Commune de Saint-Pardoux-et-Vielvic (24),false,{24478},Commune,2026-03-24 14:41:55.958138+01,gold_establishments_2025,,,,21240478400010,2025,Collectivité Territoriale,Commune,['Dordogne'],['Nouvelle-Aquitaine'],COM,{24},{75}
d22b67f8-46b5-4cbd-97fe-bd1369141e36,211923404,Commune de Saint-Pardoux-l'Ortigier (19),false,{19234},Commune,2026-03-24 14:41:55.433389+01,gold_establishments_2025,,,,21192340400019,2025,Collectivité Territoriale,Commune,['Corrèze'],['Nouvelle-Aquitaine'],COM,{19},{75}
e45b7784-8b47-443c-bdcb-5e39a3404e3d,211923107,Commune de Saint-Pardoux-la-Croisille (19),false,{19231},Commune,2026-03-24 14:41:55.433389+01,gold_establishments_2025,,,,21192310700018,2025,Collectivité Territoriale,Commune,['Corrèze'],['Nouvelle-Aquitaine'],COM,{19},{75}
c695cc6b-b2db-4299-9510-6d15c918733e,212404792,Commune de Saint-Pardoux-la-Rivière (24),false,{24479},Commune,2026-03-24 14:41:55.958138+01,gold_establishments_2025,,,,21240479200013,2025,Collectivité Territoriale,Commune,['Dordogne'],['Nouvelle-Aquitaine'],COM,{24},{75}
7c7212bd-bebb-418a-b43c-b702cf657552,200085025,Commune de Saint-Pardoux-le-Lac (87),false,{87128},Commune,2026-03-24 14:42:11.118516+01,gold_establishments_2025,,,,20008502500019,2025,Collectivité Territoriale,Commune,['Haute-Vienne'],['Nouvelle-Aquitaine'],COM,{87},{75}
26682589-b9a6-4bd5-975e-2db35b2e27fc,211923206,Commune de Saint-Pardoux-le-Neuf (19),false,{19232},Commune,2026-03-24 14:41:55.433389+01,gold_establishments_2025,,,,21192320600018,2025,Collectivité Territoriale,Commune,['Corrèze'],['Nouvelle-Aquitaine'],COM,{19},{75}
671d633f-8cb4-495c-843f-b7a59b05bea4,212322804,Commune de Saint-Pardoux-le-Neuf (23),false,{23228},Commune,2026-03-24 14:41:55.958138+01,gold_establishments_2025,,,,21232280400015,2025,Collectivité Territoriale,Commune,['Creuse'],['Nouvelle-Aquitaine'],COM,{23},{75}
d12cd6e4-b156-43b3-a6f7-0d1683523f97,211923305,Commune de Saint-Pardoux-le-Vieux (19),false,{19233},Commune,2026-03-24 14:41:55.433389+01,gold_establishments_2025,,,,21192330500018,2025,Collectivité Territoriale,Commune,['Corrèze'],['Nouvelle-Aquitaine'],COM,{19},{75}
4598b68c-8e14-456b-8259-781ef99a38b2,212322903,Commune de Saint-Pardoux-les-Cards (23),false,{23229},Commune,2026-03-24 14:41:55.958138+01,gold_establishments_2025,,,,21232290300015,2025,Collectivité Territoriale,Commune,['Creuse'],['Nouvelle-Aquitaine'],COM,{23},{75}
b19865be-1c24-4118-b279-da6f6a132d57,213402811,Commune de Saint-Pargoire (34),false,{34281},Commune,2026-03-24 14:41:58.620411+01,gold_establishments_2025,,,,21340281100011,2025,Collectivité Territoriale,Commune,['Hérault'],['Occitanie'],COM,{34},{76}
fefed332-3c6a-42c4-b789-6bba10e75224,215802596,Commune de Saint-Parize-en-Viry (58),false,{58259},Commune,2026-03-24 14:42:04.280096+01,gold_establishments_2025,,,,21580259600019,2025,Collectivité Territoriale,Commune,['Nièvre'],['Bourgogne-Franche-Comté'],COM,{58},{27}
b2b48f73-5a66-4646-835c-ab23876e4fc9,215802604,Commune de Saint-Parize-le-Châtel (58),false,{58260},Commune,2026-03-24 14:42:04.280096+01,gold_establishments_2025,,,,21580260400011,2025,Collectivité Territoriale,Commune,['Nièvre'],['Bourgogne-Franche-Comté'],COM,{58},{27}
eccf64c8-e099-4efb-ac3c-a0bb449ac860,211003462,Commune de Saint-Parres-aux-Tertres (10),false,{10357},Commune,2026-03-24 14:41:53.095366+01,gold_establishments_2025,,,,21100346200010,2025,Collectivité Territoriale,Commune,['Aube'],['Grand Est'],COM,{10},{44}
e8fc8d68-ba8d-4f8d-be05-42ad9c366274,211003470,Commune de Saint-Parres-lès-Vaudes (10),false,{10358},Commune,2026-03-24 14:41:53.095366+01,gold_establishments_2025,,,,21100347000013,2025,Collectivité Territoriale,Commune,['Aube'],['Grand Est'],COM,{10},{44}
1e8ea98b-f07a-42c6-a8b5-3e09c6841639,211202403,Commune de Saint-Parthem (12),false,{12240},Commune,2026-03-24 14:41:53.63825+01,gold_establishments_2025,,,,21120240300013,2025,Collectivité Territoriale,Commune,['Aveyron'],['Occitanie'],COM,{12},{76}
55606a22-0ad8-433f-ad76-7617a223d2a6,214702656,Commune de Saint-Pastour (47),false,{47265},Commune,2026-03-24 14:42:00.862623+01,gold_establishments_2025,,,,21470265600015,2025,Collectivité Territoriale,Commune,['Lot-et-Garonne'],['Nouvelle-Aquitaine'],COM,{47},{75}
39ea2db2-de0a-44f2-bb9f-a66c044fbaf8,216503938,Commune de Saint-Pastous (65),false,{65393},Commune,2026-03-24 14:42:06.665412+01,gold_establishments_2025,,,,21650393800013,2025,Collectivité Territoriale,Commune,['Hautes-Pyrénées'],['Occitanie'],COM,{65},{76}
fa50d799-941f-4b8a-b26c-aced18d3029d,200065811,Commune de Saint-Paterne - Le Chevain (72),false,{72308},Commune,2026-03-24 14:42:08.279287+01,gold_establishments_2025,,,,20006581100016,2025,Collectivité Territoriale,Commune,['Sarthe'],['Pays de la Loire'],COM,{72},{52}
656d83fa-de21-4c4c-b863-ef9193fc483b,213702319,Commune de Saint-Paterne-Racan (37),false,{37231},Commune,2026-03-24 14:41:59.160244+01,gold_establishments_2025,,,,21370231900012,2025,Collectivité Territoriale,Commune,['Indre-et-Loire'],['Centre-Val de Loire'],COM,{37},{24}
27e0b4c1-3c73-4ac1-a824-7e26f77de203,217704303,Commune de Saint-Pathus (77),false,{77430},Commune,2026-03-24 14:42:09.43682+01,gold_establishments_2025,,,,21770430300015,2025,Collectivité Territoriale,Commune,['Seine-et-Marne'],['Île-de-France'],COM,{77},{11}
5f034ce2-5994-4bc0-8629-fd0ed80dbfdf,215005331,Commune de Saint-Patrice-de-Claids (50),false,{50533},Commune,2026-03-24 14:42:01.412377+01,gold_establishments_2025,,,,21500533100016,2025,Collectivité Territoriale,Commune,['Manche'],['Normandie'],COM,{50},{28}
3eb65912-65da-4df7-9dac-7c4c7c6277f5,216104422,Commune de Saint-Patrice-du-Désert (61),false,{61442},Commune,2026-03-24 14:42:05.597325+01,gold_establishments_2025,,,,21610442200011,2025,Collectivité Territoriale,Commune,['Orne'],['Normandie'],COM,{61},{28}
e68a4552-ef6b-41b0-9de2-ac4ab46cfd35,211923503,Commune de Saint-Paul (19),false,{19235},Commune,2026-03-24 14:41:55.433389+01,gold_establishments_2025,,,,21192350300018,2025,Collectivité Territoriale,Commune,['Corrèze'],['Nouvelle-Aquitaine'],COM,{19},{75}
5a66b9ea-e98b-43c7-8fa7-b35cfcc4c72c,213304587,Commune de Saint-Paul (33),false,{33458},Commune,2026-03-24 14:41:58.620411+01,gold_establishments_2025,,,,21330458700016,2025,Collectivité Territoriale,Commune,['Gironde'],['Nouvelle-Aquitaine'],COM,{33},{75}
ec81fd3b-89d8-4039-ae23-bdcc48c260e6,216005843,Commune de Saint-Paul (60),false,{60591},Commune,2026-03-24 14:42:04.814328+01,gold_establishments_2025,,,,21600584300018,2025,Collectivité Territoriale,Commune,['Oise'],['Hauts-de-France'],COM,{60},{32}
cc2375a8-6dfd-48ec-a8cb-97ffc4f2d8ae,216104430,Commune de Saint-Paul (61),false,{61443},Commune,2026-03-24 14:42:05.597325+01,gold_establishments_2025,,,,21610443000014,2025,Collectivité Territoriale,Commune,['Orne'],['Normandie'],COM,{61},{28}
5ab8c48e-f943-46b2-90b7-d28462063df2,216503946,Commune de Saint-Paul (65),false,{65394},Commune,2026-03-24 14:42:06.665412+01,gold_establishments_2025,,,,21650394600016,2025,Collectivité Territoriale,Commune,['Hautes-Pyrénées'],['Occitanie'],COM,{65},{76}
ad780403-3b95-4005-95a6-ed7c2fdbc7bc,218717403,Commune de Saint-Paul (87),false,{87174},Commune,2026-03-24 14:42:11.118516+01,gold_establishments_2025,,,,21871740300016,2025,Collectivité Territoriale,Commune,['Haute-Vienne'],['Nouvelle-Aquitaine'],COM,{87},{75}
7f261da5-cb59-41d1-aa8b-0956e3871706,218804318,Commune de Saint-Paul (88),false,{88431},Commune,2026-03-24 14:42:11.118516+01,gold_establishments_2025,,,,21880431800010,2025,Collectivité Territoriale,Commune,['Vosges'],['Grand Est'],COM,{88},{44}
55baaf57-d20f-413c-a832-8fccd5bcc78e,219740156,Commune de Saint-Paul (974),false,{97415},Commune,2026-03-24 14:42:11.659493+01,gold_establishments_2025,,,,21974015600019,2025,Collectivité Territoriale,Commune,['La Réunion'],['La Réunion'],COM,{974},{04}
79557b0d-82fc-4098-bafc-5067f1b8f104,218102663,Commune de Saint-Paul-Cap-de-Joux (81),false,{81266},Commune,2026-03-24 14:42:09.967209+01,gold_establishments_2025,,,,21810266300018,2025,Collectivité Territoriale,Commune,['Tarn'],['Occitanie'],COM,{81},{76}
021f16d6-027b-4505-860a-bd75147259fc,200060002,Commune de Saint-Paul-Flaugnac (46),false,{46103},Commune,2026-03-24 14:42:00.862623+01,gold_establishments_2025,,,,20006000200017,2025,Collectivité Territoriale,Commune,['Lot'],['Occitanie'],COM,{46},{76}
37eb8be0-b12d-4234-aec4-6f102cb92908,212404826,Commune de Saint-Paul-Lizonne (24),false,{24482},Commune,2026-03-24 14:41:55.958138+01,gold_establishments_2025,,,,21240482600019,2025,Collectivité Territoriale,Commune,['Dordogne'],['Nouvelle-Aquitaine'],COM,{24},{75}
2805bd62-613d-49eb-bb61-a817e52344fa,218502607,Commune de Saint-Paul-Mont-Penit (85),false,{85260},Commune,2026-03-24 14:42:10.508772+01,gold_establishments_2025,,,,21850260700011,2025,Collectivité Territoriale,Commune,['Vendée'],['Pays de la Loire'],COM,{85},{52}
0b8cd2b7-437c-445c-beef-c5d050dcca83,212603245,Commune de Saint-Paul-Trois-Châteaux (26),false,{26324},Commune,2026-03-24 14:41:56.495197+01,gold_establishments_2025,,,,21260324500011,2025,Collectivité Territoriale,Commune,['Drôme'],['Auvergne-Rhône-Alpes'],COM,{26},{84}
cff26beb-77dc-4a24-b327-ebe343aac8ee,210206611,Commune de Saint-Paul-aux-Bois (02),false,{02686},Commune,2026-03-24 14:41:52.020251+01,gold_establishments_2025,,,,21020661100019,2025,Collectivité Territoriale,Commune,['Aisne'],['Hauts-de-France'],COM,{02},{32}
964b120d-58d6-4a92-80eb-c75f4293c319,218201705,Commune de Saint-Paul-d'Espis (82),false,{82170},Commune,2026-03-24 14:42:10.508772+01,gold_establishments_2025,,,,21820170500017,2025,Collectivité Territoriale,Commune,['Tarn-et-Garonne'],['Occitanie'],COM,{82},{76}
49a7d7c2-0fc4-4553-8395-27d8cc6020f3,213804370,Commune de Saint-Paul-d'Izeaux (38),false,{38437},Commune,2026-03-24 14:41:59.705606+01,gold_establishments_2025,,,,21380437000012,2025,Collectivité Territoriale,Commune,['Isère'],['Auvergne-Rhône-Alpes'],COM,{38},{84}
bbcd464e-f6bf-4183-b09e-68e2ff5d738b,213105083,Commune de Saint-Paul-d'Oueil (31),false,{31508},Commune,2026-03-24 14:41:58.09424+01,gold_establishments_2025,,,,21310508300017,2025,Collectivité Territoriale,Commune,['Haute-Garonne'],['Occitanie'],COM,{31},{76}
0e0352af-1b14-4d74-80e0-385b52bd7bcd,214202699,Commune de Saint-Paul-d'Uzore (42),false,{42269},Commune,2026-03-24 14:42:00.273698+01,gold_establishments_2025,,,,21420269900010,2025,Collectivité Territoriale,Commune,['Loire'],['Auvergne-Rhône-Alpes'],COM,{42},{84}
c14dfc07-1baa-4221-a95b-9830553d9a20,213204027,Commune de Saint-Paul-de-Baïse (32),false,{32402},Commune,2026-03-24 14:41:58.09424+01,gold_establishments_2025,,,,21320402700014,2025,Collectivité Territoriale,Commune,['Gers'],['Occitanie'],COM,{32},{76}
f94b241c-6c80-4787-ad1a-8b701b703c57,216601872,Commune de Saint-Paul-de-Fenouillet (66),false,{66187},Commune,2026-03-24 14:42:06.665412+01,gold_establishments_2025,,,,21660187200015,2025,Collectivité Territoriale,Commune,['Pyrénées-Orientales'],['Occitanie'],COM,{66},{76}
8a51d102-ed8a-45cf-ac82-acce34f07e13,212705842,Commune de Saint-Paul-de-Fourques (27),false,{27584},Commune,2026-03-24 14:41:57.028721+01,gold_establishments_2025,,,,21270584200012,2025,Collectivité Territoriale,Commune,['Eure'],['Normandie'],COM,{27},{28}
9e6be6dd-0f8d-4642-9c27-2cf74363e515,210902722,Commune de Saint-Paul-de-Jarrat (09),false,{09272},Commune,2026-03-24 14:41:53.095366+01,gold_establishments_2025,,,,21090272200011,2025,Collectivité Territoriale,Commune,['Ariège'],['Occitanie'],COM,{09},{76}
297dfbe4-a743-4785-8d95-1fadbf5597de,211502059,Commune de Saint-Paul-de-Salers (15),false,{15205},Commune,2026-03-24 14:41:54.362296+01,gold_establishments_2025,,,,21150205900010,2025,Collectivité Territoriale,Commune,['Cantal'],['Auvergne-Rhône-Alpes'],COM,{15},{84}
0040ded4-f120-4831-b229-dd5bb0b2381b,212404800,Commune de Saint-Paul-de-Serre (24),false,{24480},Commune,2026-03-24 14:41:55.958138+01,gold_establishments_2025,,,,21240480000014,2025,Collectivité Territoriale,Commune,['Dordogne'],['Nouvelle-Aquitaine'],COM,{24},{75}
4ffd00ed-e759-4ac7-be4e-b0a548a811c9,214302150,Commune de Saint-Paul-de-Tartas (43),false,{43215},Commune,2026-03-24 14:42:00.273698+01,gold_establishments_2025,,,,21430215000013,2025,Collectivité Territoriale,Commune,['Haute-Loire'],['Auvergne-Rhône-Alpes'],COM,{43},{84}
967ac9f7-0833-48bf-9271-21b66edbc993,210103834,Commune de Saint-Paul-de-Varax (01),false,{01383},Commune,2026-03-24 14:41:51.447482+01,gold_establishments_2025,,,,21010383400011,2025,Collectivité Territoriale,Commune,['Ain'],['Auvergne-Rhône-Alpes'],COM,{01},{84}
16d36d94-e55c-4f0b-bca8-f6dc039ef6df,213804362,Commune de Saint-Paul-de-Varces (38),false,{38436},Commune,2026-03-24 14:41:59.705606+01,gold_establishments_2025,,,,21380436200019,2025,Collectivité Territoriale,Commune,['Isère'],['Auvergne-Rhône-Alpes'],COM,{38},{84}
c3cc323e-c09e-45e5-9f77-7c13b883fe51,210601282,Commune de Saint-Paul-de-Vence (06),false,{06128},Commune,2026-03-24 14:41:52.562531+01,gold_establishments_2025,,,,21060128200010,2025,Collectivité Territoriale,Commune,['Alpes-Maritimes'],"[""Provence-Alpes-Côte d'Azur""]",COM,{06},{93}
2fd46060-c51a-4354-9c0d-cf8fec296869,214602864,Commune de Saint-Paul-de-Vern (46),false,{46286},Commune,2026-03-24 14:42:00.862623+01,gold_establishments_2025,,,,21460286400016,2025,Collectivité Territoriale,Commune,['Lot'],['Occitanie'],COM,{46},{76}
424c263d-a0e1-43dd-a437-9dce403f6513,211502042,Commune de Saint-Paul-des-Landes (15),false,{15204},Commune,2026-03-24 14:41:54.362296+01,gold_establishments_2025,,,,21150204200016,2025,Collectivité Territoriale,Commune,['Cantal'],['Auvergne-Rhône-Alpes'],COM,{15},{84}
5bd5d568-0409-4c00-b64a-eabe4cc59b3f,214903106,Commune de Saint-Paul-du-Bois (49),false,{49310},Commune,2026-03-24 14:42:01.412377+01,gold_establishments_2025,,,,21490310600018,2025,Collectivité Territoriale,Commune,['Maine-et-Loire'],['Pays de la Loire'],COM,{49},{52}
e18659f2-8867-497e-8a3c-e7f5210addb3,211406434,Commune de Saint-Paul-du-Vernay (14),false,{14643},Commune,2026-03-24 14:41:54.362296+01,gold_establishments_2025,,,,21140643400012,2025,Collectivité Territoriale,Commune,['Calvados'],['Normandie'],COM,{14},{28}
ac2f8716-b9df-4ddd-a81e-2c8d6bff5cbf,214002784,Commune de Saint-Paul-en-Born (40),false,{40278},Commune,2026-03-24 14:41:59.705606+01,gold_establishments_2025,,,,21400278400012,2025,Collectivité Territoriale,Commune,['Landes'],['Nouvelle-Aquitaine'],COM,{40},{75}
56f145bc-6328-46cf-af86-4b3471c59c50,217402494,Commune de Saint-Paul-en-Chablais (74),false,{74249},Commune,2026-03-24 14:42:08.818969+01,gold_establishments_2025,,,,21740249400017,2025,Collectivité Territoriale,Commune,['Haute-Savoie'],['Auvergne-Rhône-Alpes'],COM,{74},{84}
1ff6197d-ffa1-4fbe-8b83-6b12cd0bba52,214202707,Commune de Saint-Paul-en-Cornillon (42),false,{42270},Commune,2026-03-24 14:42:00.273698+01,gold_establishments_2025,,,,21420270700011,2025,Collectivité Territoriale,Commune,['Loire'],['Auvergne-Rhône-Alpes'],COM,{42},{84}
3fe76c3b-8591-4b2a-ad4e-9b5ead303e53,218301174,Commune de Saint-Paul-en-Forêt (83),false,{83117},Commune,2026-03-24 14:42:10.508772+01,gold_establishments_2025,,,,21830117400015,2025,Collectivité Territoriale,Commune,['Var'],"[""Provence-Alpes-Côte d'Azur""]",COM,{83},{93}
0e4aa0fe-23fb-4a4f-82e0-3d762d5cec32,217902865,Commune de Saint-Paul-en-Gâtine (79),false,{79286},Commune,2026-03-24 14:42:09.43682+01,gold_establishments_2025,,,,21790286500013,2025,Collectivité Territoriale,Commune,['Deux-Sèvres'],['Nouvelle-Aquitaine'],COM,{79},{75}
5ab246b6-6c6c-4694-9b02-3dd4a8227990,214202715,Commune de Saint-Paul-en-Jarez (42),false,{42271},Commune,2026-03-24 14:42:00.273698+01,gold_establishments_2025,,,,21420271500014,2025,Collectivité Territoriale,Commune,['Loire'],['Auvergne-Rhône-Alpes'],COM,{42},{84}
c34c3fa5-359a-493d-a03d-1391109d198e,218502599,Commune de Saint-Paul-en-Pareds (85),false,{85259},Commune,2026-03-24 14:42:10.508772+01,gold_establishments_2025,,,,21850259900010,2025,Collectivité Territoriale,Commune,['Vendée'],['Pays de la Loire'],COM,{85},{52}
65e94c3c-c08a-48ca-a925-16259906f80f,213402829,Commune de Saint-Paul-et-Valmalle (34),false,{34282},Commune,2026-03-24 14:41:58.620411+01,gold_establishments_2025,,,,21340282900013,2025,Collectivité Territoriale,Commune,['Hérault'],['Occitanie'],COM,{34},{76}
aeec998c-0b37-4ff0-9010-062af4561e98,213002918,Commune de Saint-Paul-la-Coste (30),false,{30291},Commune,2026-03-24 14:41:57.56054+01,gold_establishments_2025,,,,21300291800018,2025,Collectivité Territoriale,Commune,['Gard'],['Occitanie'],COM,{30},{76}
a311a367-9e8d-4c24-b01f-c74bf817d677,212404818,Commune de Saint-Paul-la-Roche (24),false,{24481},Commune,2026-03-24 14:41:55.958138+01,gold_establishments_2025,,,,21240481800016,2025,Collectivité Territoriale,Commune,['Dordogne'],['Nouvelle-Aquitaine'],COM,{24},{75}
b033dd44-4394-46e8-9bc8-8f581c290e03,214801748,Commune de Saint-Paul-le-Froid (48),false,{48174},Commune,2026-03-24 14:42:01.412377+01,gold_establishments_2025,,,,21480174800010,2025,Collectivité Territoriale,Commune,['Lozère'],['Occitanie'],COM,{48},{76}
214e0504-10c2-404a-93a4-5f2584abc526,217203090,Commune de Saint-Paul-le-Gaultier (72),false,{72309},Commune,2026-03-24 14:42:08.279287+01,gold_establishments_2025,,,,21720309000014,2025,Collectivité Territoriale,Commune,['Sarthe'],['Pays de la Loire'],COM,{72},{52}
87f61f9c-2906-40f0-9e01-3b277a3bb1d2,210702809,Commune de Saint-Paul-le-Jeune (07),false,{07280},Commune,2026-03-24 14:41:52.562531+01,gold_establishments_2025,,,,21070280900018,2025,Collectivité Territoriale,Commune,['Ardèche'],['Auvergne-Rhône-Alpes'],COM,{07},{84}
d7c17f68-cbea-4d36-a810-35ed62a450d2,213003551,Commune de Saint-Paul-les-Fonts (30),false,{30355},Commune,2026-03-24 14:41:57.56054+01,gold_establishments_2025,,,,21300355100016,2025,Collectivité Territoriale,Commune,['Gard'],['Occitanie'],COM,{30},{76}
37447be3-9bbd-4433-a669-11a618a672b9,214002792,Commune de Saint-Paul-lès-Dax (40),false,{40279},Commune,2026-03-24 14:41:59.705606+01,gold_establishments_2025,,,,21400279200015,2025,Collectivité Territoriale,Commune,['Landes'],['Nouvelle-Aquitaine'],COM,{40},{75}
e0abde8b-71a5-4ef7-9cf8-f79b708503f2,211300991,Commune de Saint-Paul-lès-Durance (13),false,{13099},Commune,2026-03-24 14:41:53.63825+01,gold_establishments_2025,,,,21130099100018,2025,Collectivité Territoriale,Commune,['Bouches-du-Rhône'],"[""Provence-Alpes-Côte d'Azur""]",COM,{13},{93}
e337c594-3969-4654-b918-4cd89ffdc402,213804388,Commune de Saint-Paul-lès-Monestier (38),false,{38438},Commune,2026-03-24 14:41:59.705606+01,gold_establishments_2025,,,,21380438800014,2025,Collectivité Territoriale,Commune,['Isère'],['Auvergne-Rhône-Alpes'],COM,{38},{84}
e67cd7b2-4f4b-4a1a-bd34-d287685adff8,212603237,Commune de Saint-Paul-lès-Romans (26),false,{26323},Commune,2026-03-24 14:41:56.495197+01,gold_establishments_2025,,,,21260323700018,2025,Collectivité Territoriale,Commune,['Drôme'],['Auvergne-Rhône-Alpes'],COM,{26},{84}
b984a326-e3db-488b-bd81-fe156bf09484,217302686,Commune de Saint-Paul-sur-Isère (73),false,{73268},Commune,2026-03-24 14:42:08.279287+01,gold_establishments_2025,,,,21730268600019,2025,Collectivité Territoriale,Commune,['Savoie'],['Auvergne-Rhône-Alpes'],COM,{73},{84}
99de7845-4d69-4869-9275-4a3d8b4c6532,213105075,Commune de Saint-Paul-sur-Save (31),false,{31507},Commune,2026-03-24 14:41:58.09424+01,gold_establishments_2025,,,,21310507500013,2025,Collectivité Territoriale,Commune,['Haute-Garonne'],['Occitanie'],COM,{31},{76}
9f7e3dc7-f4db-48b7-82fd-7e81f7c2a555,210401931,Commune de Saint-Paul-sur-Ubaye (04),false,{04193},Commune,2026-03-24 14:41:52.562531+01,gold_establishments_2025,,,,21040193100014,2025,Collectivité Territoriale,Commune,['Alpes-de-Haute-Provence'],"[""Provence-Alpes-Côte d'Azur""]",COM,{04},{93}
507a0963-bd84-4705-a8fd-e8666da22458,217302694,Commune de Saint-Paul-sur-Yenne (73),false,{73269},Commune,2026-03-24 14:42:08.279287+01,gold_establishments_2025,,,,21730269400013,2025,Collectivité Territoriale,Commune,['Savoie'],['Auvergne-Rhône-Alpes'],COM,{73},{84}
d0c10815-d234-477c-bba9-e2d0a2ec691e,211103627,Commune de Saint-Paulet (11),false,{11362},Commune,2026-03-24 14:41:53.63825+01,gold_establishments_2025,,,,21110362700017,2025,Collectivité Territoriale,Commune,['Aude'],['Occitanie'],COM,{11},{76}
9dc472e6-f080-479c-a308-607e3cd55d26,213002900,Commune de Saint-Paulet-de-Caisson (30),false,{30290},Commune,2026-03-24 14:41:57.56054+01,gold_establishments_2025,,,,21300290000016,2025,Collectivité Territoriale,Commune,['Gard'],['Occitanie'],COM,{30},{76}
e18a3656-f601-4530-bb68-aa757b80ce91,214302168,Commune de Saint-Paulien (43),false,{43216},Commune,2026-03-24 14:42:00.273698+01,gold_establishments_2025,,,,21430216800015,2025,Collectivité Territoriale,Commune,['Haute-Loire'],['Auvergne-Rhône-Alpes'],COM,{43},{84}
9607b16f-8a5a-4d1f-86ad-d37a8d274223,217203108,Commune de Saint-Pavace (72),false,{72310},Commune,2026-03-24 14:42:08.279287+01,gold_establishments_2025,,,,21720310800014,2025,Collectivité Territoriale,Commune,['Sarthe'],['Pays de la Loire'],COM,{72},{52}
ef9fda6b-3ced-4a8a-a109-a2089b45db8d,217606318,Commune de Saint-Paër (76),false,{76631},Commune,2026-03-24 14:42:08.818969+01,gold_establishments_2025,,,,21760631800012,2025,Collectivité Territoriale,Commune,['Seine-Maritime'],['Normandie'],COM,{76},{28}
05b5d1ef-4283-41ef-8794-0eb4ba84af6d,214002800,Commune de Saint-Perdon (40),false,{40280},Commune,2026-03-24 14:41:59.705606+01,gold_establishments_2025,,,,21400280000016,2025,Collectivité Territoriale,Commune,['Landes'],['Nouvelle-Aquitaine'],COM,{40},{75}
ab3086da-1650-4921-b68e-965e7001d754,212404834,Commune de Saint-Perdoux (24),false,{24483},Commune,2026-03-24 14:41:55.958138+01,gold_establishments_2025,,,,21240483400013,2025,Collectivité Territoriale,Commune,['Dordogne'],['Nouvelle-Aquitaine'],COM,{24},{75}
6bdd9a07-3c5d-41e2-b38e-e7cd54affe24,214602880,Commune de Saint-Perdoux (46),false,{46288},Commune,2026-03-24 14:42:00.862623+01,gold_establishments_2025,,,,21460288000012,2025,Collectivité Territoriale,Commune,['Lot'],['Occitanie'],COM,{46},{76}
6e173c30-086a-45d9-a10f-61245c59c616,213503071,Commune de Saint-Pern (35),false,{35307},Commune,2026-03-24 14:41:59.160244+01,gold_establishments_2025,,,,21350307100010,2025,Collectivité Territoriale,Commune,['Ille-et-Vilaine'],['Bretagne'],COM,{35},{53}
67b0de12-7631-4ba2-ae38-a1aefb8862f5,215602327,Commune de Saint-Perreux (56),false,{56232},Commune,2026-03-24 14:42:03.701372+01,gold_establishments_2025,,,,21560232700011,2025,Collectivité Territoriale,Commune,['Morbihan'],['Bretagne'],COM,{56},{53}
4698fb9a-bbf7-4f91-be5a-3508250d11ce,213304595,Commune de Saint-Pey-d'Armens (33),false,{33459},Commune,2026-03-24 14:41:58.620411+01,gold_establishments_2025,,,,21330459500019,2025,Collectivité Territoriale,Commune,['Gironde'],['Nouvelle-Aquitaine'],COM,{33},{75}
6f67e5e5-6484-42e8-991f-44fd355b59a4,213304603,Commune de Saint-Pey-de-Castets (33),false,{33460},Commune,2026-03-24 14:41:58.620411+01,gold_establishments_2025,,,,21330460300011,2025,Collectivité Territoriale,Commune,['Gironde'],['Nouvelle-Aquitaine'],COM,{33},{75}
94f05bbb-cbc1-4394-820c-c45af8778291,211003488,Commune de Saint-Phal (10),false,{10359},Commune,2026-03-24 14:41:53.095366+01,gold_establishments_2025,,,,21100348800015,2025,Collectivité Territoriale,Commune,['Aube'],['Grand Est'],COM,{10},{44}
e0f94a29-d8d8-49f8-a62c-6ceb2d1a523a,218502623,Commune de Saint-Philbert-de-Bouaine (85),false,{85262},Commune,2026-03-24 14:42:10.508772+01,gold_establishments_2025,,,,21850262300018,2025,Collectivité Territoriale,Commune,['Vendée'],['Pays de la Loire'],COM,{85},{52}
f4cf5d49-0979-4d7a-a37f-015b0c643004,214401887,Commune de Saint-Philbert-de-Grand-Lieu (44),false,{44188},Commune,2026-03-24 14:42:00.862623+01,gold_establishments_2025,,,,21440188700010,2025,Collectivité Territoriale,Commune,['Loire-Atlantique'],['Pays de la Loire'],COM,{44},{52}
f9365140-6705-4372-b0d5-12f85835ca31,211406442,Commune de Saint-Philbert-des-Champs (14),false,{14644},Commune,2026-03-24 14:41:54.362296+01,gold_establishments_2025,,,,21140644200015,2025,Collectivité Territoriale,Commune,['Calvados'],['Normandie'],COM,{14},{28}
4a390e4e-5c60-428b-96c5-3f313582474f,214903114,Commune de Saint-Philbert-du-Peuple (49),false,{49311},Commune,2026-03-24 14:42:01.412377+01,gold_establishments_2025,,,,21490311400012,2025,Collectivité Territoriale,Commune,['Maine-et-Loire'],['Pays de la Loire'],COM,{49},{52}
3916858e-681c-4e9b-90ae-8ceccfdbce67,212705867,Commune de Saint-Philbert-sur-Boissey (27),false,{27586},Commune,2026-03-24 14:41:57.028721+01,gold_establishments_2025,,,,21270586700019,2025,Collectivité Territoriale,Commune,['Eure'],['Normandie'],COM,{27},{28}
99b02110-ffc7-4b61-aff2-712144ce3b73,216104448,Commune de Saint-Philbert-sur-Orne (61),false,{61444},Commune,2026-03-24 14:42:05.597325+01,gold_establishments_2025,,,,21610444800016,2025,Collectivité Territoriale,Commune,['Orne'],['Normandie'],COM,{61},{28}
fb6bcbd9-9deb-4291-97cc-039ebb954d39,212705875,Commune de Saint-Philbert-sur-Risle (27),false,{27587},Commune,2026-03-24 14:41:57.028721+01,gold_establishments_2025,,,,21270587500012,2025,Collectivité Territoriale,Commune,['Eure'],['Normandie'],COM,{27},{28}
cfd9dda4-0b8a-45b0-9ca5-c16c628ba604,212105654,Commune de Saint-Philibert (21),false,{21565},Commune,2026-03-24 14:41:55.433389+01,gold_establishments_2025,,,,21210565400017,2025,Collectivité Territoriale,Commune,"[""Côte-d'Or""]",['Bourgogne-Franche-Comté'],COM,{21},{27}
c427e008-d98f-4086-8f21-78acffba1816,215602335,Commune de Saint-Philibert (56),false,{56233},Commune,2026-03-24 14:42:03.701372+01,gold_establishments_2025,,,,21560233500089,2025,Collectivité Territoriale,Commune,['Morbihan'],['Bretagne'],COM,{56},{53}
607df45c-175e-4a3e-909c-4f8ffba9a6e2,219740172,Commune de Saint-Philippe (974),false,{97417},Commune,2026-03-24 14:42:11.659493+01,gold_establishments_2025,,,,21974017200016,2025,Collectivité Territoriale,Commune,['La Réunion'],['La Réunion'],COM,{974},{04}
ba8901c1-8bd3-4b9e-aff4-c57192d6327e,213304611,Commune de Saint-Philippe-d'Aiguille (33),false,{33461},Commune,2026-03-24 14:41:58.620411+01,gold_establishments_2025,,,,21330461100014,2025,Collectivité Territoriale,Commune,['Gironde'],['Nouvelle-Aquitaine'],COM,{33},{75}
ebdc8c9c-8b85-4a70-bd85-1776d6dc5a33,213304629,Commune de Saint-Philippe-du-Seignal (33),false,{33462},Commune,2026-03-24 14:41:58.620411+01,gold_establishments_2025,,,,21330462900016,2025,Collectivité Territoriale,Commune,['Gironde'],['Nouvelle-Aquitaine'],COM,{33},{75}
4806a022-4209-4815-b283-479e1a418a2c,212803571,Commune de Saint-Piat (28),false,{28357},Commune,2026-03-24 14:41:57.028721+01,gold_establishments_2025,,,,21280357100018,2025,Collectivité Territoriale,Commune,['Eure-et-Loir'],['Centre-Val de Loire'],COM,{28},{24}
cf9ece52-17f1-4e21-beb4-7ec8ca0ab7e5,210401949,Commune de Saint-Pierre (04),false,{04194},Commune,2026-03-24 14:41:52.562531+01,gold_establishments_2025,,,,21040194900016,2025,Collectivité Territoriale,Commune,['Alpes-de-Haute-Provence'],"[""Provence-Alpes-Côte d'Azur""]",COM,{04},{93}
b49370a3-3686-44c4-8200-224f97a7ccd3,211502067,Commune de Saint-Pierre (15),false,{15206},Commune,2026-03-24 14:41:54.362296+01,gold_establishments_2025,,,,21150206700013,2025,Collectivité Territoriale,Commune,['Cantal'],['Auvergne-Rhône-Alpes'],COM,{15},{84}
7c0e501b-10db-4aa2-b651-4b48e5ea680f,213105117,Commune de Saint-Pierre (31),false,{31511},Commune,2026-03-24 14:41:58.09424+01,gold_establishments_2025,,,,21310511700013,2025,Collectivité Territoriale,Commune,['Haute-Garonne'],['Occitanie'],COM,{31},{76}
c8c2f7c0-62a9-4eec-8f48-9e09d8c80c9a,213904949,Commune de Saint-Pierre (39),false,{39494},Commune,2026-03-24 14:41:59.705606+01,gold_establishments_2025,,,,21390494900012,2025,Collectivité Territoriale,Commune,['Jura'],['Bourgogne-Franche-Comté'],COM,{39},{27}
65fd2c64-93c6-4656-9cc6-30594c51edb5,215104688,Commune de Saint-Pierre (51),false,{51509},Commune,2026-03-24 14:42:01.954481+01,gold_establishments_2025,,,,21510468800019,2025,Collectivité Territoriale,Commune,['Marne'],['Grand Est'],COM,{51},{44}
d5dc08da-93fc-4963-ba92-9cf362e53ed1,216704296,Commune de Saint-Pierre (67),false,{67429},Commune,2026-03-24 14:42:07.195692+01,gold_establishments_2025,,,,21670429600013,2025,Collectivité Territoriale,Commune,['Bas-Rhin'],['Grand Est'],COM,{67},{44}
b5f31918-e3a4-4267-ac62-2209e545a3ec,219722253,Commune de Saint-Pierre (972),false,{97225},Commune,2026-03-24 14:42:11.659493+01,gold_establishments_2025,,,,21972225300016,2025,Collectivité Territoriale,Commune,['Martinique'],['Martinique'],COM,{972},{02}
1a713cb0-660a-49e3-bb82-b3908be95c95,219740164,Commune de Saint-Pierre (974),false,{97416},Commune,2026-03-24 14:42:11.659493+01,gold_establishments_2025,,,,21974016400013,2025,Collectivité Territoriale,Commune,['La Réunion'],['La Réunion'],COM,{974},{04}
93c6e338-1935-4554-9e7e-b28844b074eb,210206629,Commune de Saint-Pierre-Aigle (02),false,{02687},Commune,2026-03-24 14:41:52.020251+01,gold_establishments_2025,,,,21020662900011,2025,Collectivité Territoriale,Commune,['Aisne'],['Hauts-de-France'],COM,{02},{32}
9e620e3f-1f61-4157-ab73-3b052a528cfe,210501557,Commune de Saint-Pierre-Avez (05),false,{05155},Commune,2026-03-24 14:41:52.562531+01,gold_establishments_2025,,,,21050155700016,2025,Collectivité Territoriale,Commune,['Hautes-Alpes'],"[""Provence-Alpes-Côte d'Azur""]",COM,{05},{93}
79646472-9249-4213-88a0-d87f8b9a87d0,211406459,Commune de Saint-Pierre-Azif (14),false,{14645},Commune,2026-03-24 14:41:54.362296+01,gold_establishments_2025,,,,21140645900019,2025,Collectivité Territoriale,Commune,['Calvados'],['Normandie'],COM,{14},{28}
98371e17-9249-4f58-9cfe-443e7c90f6b0,212323208,Commune de Saint-Pierre-Bellevue (23),false,{23232},Commune,2026-03-24 14:41:55.958138+01,gold_establishments_2025,,,,21232320800018,2025,Collectivité Territoriale,Commune,['Creuse'],['Nouvelle-Aquitaine'],COM,{23},{75}
656735d2-6d24-455d-9df4-33190e8a479b,216704304,Commune de Saint-Pierre-Bois (67),false,{67430},Commune,2026-03-24 14:42:07.195692+01,gold_establishments_2025,,,,21670430400015,2025,Collectivité Territoriale,Commune,['Bas-Rhin'],['Grand Est'],COM,{67},{44}
19b00b3a-2370-4493-9332-67eb0d494ef6,215905399,Commune de Saint-Pierre-Brouck (59),false,{59539},Commune,2026-03-24 14:42:04.814328+01,gold_establishments_2025,,,,21590539900014,2025,Collectivité Territoriale,Commune,['Nord'],['Hauts-de-France'],COM,{59},{32}
9707add1-e549-492a-a756-22b2b491d269,217606326,Commune de Saint-Pierre-Bénouville (76),false,{76632},Commune,2026-03-24 14:42:08.818969+01,gold_establishments_2025,,,,21760632600015,2025,Collectivité Territoriale,Commune,['Seine-Maritime'],['Normandie'],COM,{76},{28}
71dffc6f-9cef-41f8-827b-50ede04e741d,211406467,Commune de Saint-Pierre-Canivet (14),false,{14646},Commune,2026-03-24 14:41:54.362296+01,gold_establishments_2025,,,,21140646700012,2025,Collectivité Territoriale,Commune,['Calvados'],['Normandie'],COM,{14},{28}
8f24e918-3c39-4e54-9ffe-a887b19f9c30,212323000,Commune de Saint-Pierre-Chérignat (23),false,{23230},Commune,2026-03-24 14:41:55.958138+01,gold_establishments_2025,,,,21232300000019,2025,Collectivité Territoriale,Commune,['Creuse'],['Nouvelle-Aquitaine'],COM,{23},{75}
79892166-7df7-4f05-a90f-88364bea7ff1,216303834,Commune de Saint-Pierre-Colamine (63),false,{63383},Commune,2026-03-24 14:42:06.130387+01,gold_establishments_2025,,,,21630383400016,2025,Collectivité Territoriale,Commune,['Puy-de-Dôme'],['Auvergne-Rhône-Alpes'],COM,{63},{84}
5f975a43-d1ef-4f67-b275-cfcd8c163671,214302184,Commune de Saint-Pierre-Eynac (43),false,{43218},Commune,2026-03-24 14:42:00.273698+01,gold_establishments_2025,,,,21430218400012,2025,Collectivité Territoriale,Commune,['Haute-Loire'],['Auvergne-Rhône-Alpes'],COM,{43},{84}
acbf946c-4392-40f6-b601-4b9078f4521f,200080091,Commune de Saint-Pierre-La-Noue (17),false,{17340},Commune,2026-03-24 14:41:54.903238+01,gold_establishments_2025,,,,20008009100016,2025,Collectivité Territoriale,Commune,['Charente-Maritime'],['Nouvelle-Aquitaine'],COM,{17},{75}
b87094a6-903c-450a-bcb0-09eb918e762e,214603409,Commune de Saint-Pierre-Lafeuille (46),false,{46340},Commune,2026-03-24 14:42:00.862623+01,gold_establishments_2025,,,,21460340900019,2025,Collectivité Territoriale,Commune,['Lot'],['Occitanie'],COM,{46},{76}
7d095d9f-cd1d-44c5-9331-f45a02cfd4ad,215005406,Commune de Saint-Pierre-Langers (50),false,{50540},Commune,2026-03-24 14:42:01.412377+01,gold_establishments_2025,,,,21500540600016,2025,Collectivité Territoriale,Commune,['Manche'],['Normandie'],COM,{50},{28}
6b71d916-a506-4a3e-9ca0-68c849ccf435,210302501,Commune de Saint-Pierre-Laval (03),false,{03250},Commune,2026-03-24 14:41:52.020251+01,gold_establishments_2025,,,,21030250100015,2025,Collectivité Territoriale,Commune,['Allier'],['Auvergne-Rhône-Alpes'],COM,{03},{84}
d5714ec9-f542-4901-99e3-95b5dc0769a4,215602343,Commune de Saint-Pierre-Quiberon (56),false,{56234},Commune,2026-03-24 14:42:03.701372+01,gold_establishments_2025,,,,21560234300018,2025,Collectivité Territoriale,Commune,['Morbihan'],['Bretagne'],COM,{56},{53}
8d04b70a-1fe2-4e44-9982-5d25bc6db530,216303867,Commune de Saint-Pierre-Roche (63),false,{63386},Commune,2026-03-24 14:42:06.130387+01,gold_establishments_2025,,,,21630386700016,2025,Collectivité Territoriale,Commune,['Puy-de-Dôme'],['Auvergne-Rhône-Alpes'],COM,{63},{84}
6bd3125f-e2e2-4d67-b3dc-9da180f5298d,210702841,Commune de Saint-Pierre-Saint-Jean (07),false,{07284},Commune,2026-03-24 14:41:52.562531+01,gold_establishments_2025,,,,21070284100011,2025,Collectivité Territoriale,Commune,['Ardèche'],['Auvergne-Rhône-Alpes'],COM,{07},{84}
270aa5c0-b04c-46d5-9942-33d4d6103b73,214602898,Commune de Saint-Pierre-Toirac (46),false,{46289},Commune,2026-03-24 14:42:00.862623+01,gold_establishments_2025,,,,21460289800014,2025,Collectivité Territoriale,Commune,['Lot'],['Occitanie'],COM,{46},{76}
3feedc22-bc21-42c5-a699-5f9f74468405,217302702,Commune de Saint-Pierre-d'Albigny (73),false,{73270},Commune,2026-03-24 14:42:08.279287+01,gold_establishments_2025,,,,21730270200014,2025,Collectivité Territoriale,Commune,['Savoie'],['Auvergne-Rhône-Alpes'],COM,{73},{84}
b4e7f09d-1129-4c82-9baf-081b3b47049b,217302710,Commune de Saint-Pierre-d'Alvey (73),false,{73271},Commune,2026-03-24 14:42:08.279287+01,gold_establishments_2025,,,,21730271000017,2025,Collectivité Territoriale,Commune,['Savoie'],['Auvergne-Rhône-Alpes'],COM,{73},{84}
5e46098d-ceb9-4820-ad5a-269c83fd677b,211703822,Commune de Saint-Pierre-d'Amilly (17),false,{17382},Commune,2026-03-24 14:41:54.903238+01,gold_establishments_2025,,,,21170382200018,2025,Collectivité Territoriale,Commune,['Charente-Maritime'],['Nouvelle-Aquitaine'],COM,{17},{75}
cbdecaef-f109-4c22-aa35-a15495750bb3,210501540,Commune de Saint-Pierre-d'Argençon (05),false,{05154},Commune,2026-03-24 14:41:52.562531+01,gold_establishments_2025,,,,21050154000012,2025,Collectivité Territoriale,Commune,['Hautes-Alpes'],"[""Provence-Alpes-Côte d'Azur""]",COM,{05},{93}
ab8e6c89-d5ce-439d-9620-1ed80977de86,215005364,Commune de Saint-Pierre-d'Arthéglise (50),false,{50536},Commune,2026-03-24 14:42:01.412377+01,gold_establishments_2025,,,,21500536400017,2025,Collectivité Territoriale,Commune,['Manche'],['Normandie'],COM,{50},{28}
636387b2-cb27-402d-88d5-6e2d133691ba,213204035,Commune de Saint-Pierre-d'Aubézies (32),false,{32403},Commune,2026-03-24 14:41:58.09424+01,gold_establishments_2025,,,,21320403500017,2025,Collectivité Territoriale,Commune,['Gers'],['Occitanie'],COM,{32},{76}
f68d08f4-f58a-474c-b5d9-1a197d55f8a2,213304637,Commune de Saint-Pierre-d'Aurillac (33),false,{33463},Commune,2026-03-24 14:41:58.620411+01,gold_establishments_2025,,,,21330463700019,2025,Collectivité Territoriale,Commune,['Gironde'],['Nouvelle-Aquitaine'],COM,{33},{75}
ce01b47b-9035-4367-b0c9-5405a147a05f,213804461,Commune de Saint-Pierre-d'Entremont (38),false,{38446},Commune,2026-03-24 14:41:59.705606+01,gold_establishments_2025,,,,21380446100019,2025,Collectivité Territoriale,Commune,['Isère'],['Auvergne-Rhône-Alpes'],COM,{38},{84}
e3fece45-c5ec-45bb-bcee-14b1af56405b,216104455,Commune de Saint-Pierre-d'Entremont (61),false,{61445},Commune,2026-03-24 14:42:05.597325+01,gold_establishments_2025,,,,21610445500011,2025,Collectivité Territoriale,Commune,['Orne'],['Normandie'],COM,{61},{28}
76d4fe5f-2ed2-4836-8247-ba5db56f21eb,217302744,Commune de Saint-Pierre-d'Entremont (73),false,{73274},Commune,2026-03-24 14:42:08.279287+01,gold_establishments_2025,,,,21730274400016,2025,Collectivité Territoriale,Commune,['Savoie'],['Auvergne-Rhône-Alpes'],COM,{73},{84}
397bc74f-0c96-471a-8611-9883a67325c4,218602373,Commune de Saint-Pierre-d'Exideuil (86),false,{86237},Commune,2026-03-24 14:42:10.508772+01,gold_establishments_2025,,,,21860237300019,2025,Collectivité Territoriale,Commune,['Vienne'],['Nouvelle-Aquitaine'],COM,{86},{75}
1d49c7e2-3416-4522-8068-0b85848a6477,212404875,Commune de Saint-Pierre-d'Eyraud (24),false,{24487},Commune,2026-03-24 14:41:55.958138+01,gold_establishments_2025,,,,21240487500016,2025,Collectivité Territoriale,Commune,['Dordogne'],['Nouvelle-Aquitaine'],COM,{24},{75}
cd131cf7-34e6-4aec-9269-1c96ca0323d2,216404962,Commune de Saint-Pierre-d'Irube (64),false,{64496},Commune,2026-03-24 14:42:06.665412+01,gold_establishments_2025,,,,21640496200013,2025,Collectivité Territoriale,Commune,['Pyrénées-Atlantiques'],['Nouvelle-Aquitaine'],COM,{64},{75}
dcab2dcd-af87-475c-bcfa-d81b99126e5f,211703855,Commune de Saint-Pierre-d'Oléron (17),false,{17385},Commune,2026-03-24 14:41:54.903238+01,gold_establishments_2025,,,,21170385500018,2025,Collectivité Territoriale,Commune,['Charente-Maritime'],['Nouvelle-Aquitaine'],COM,{17},{75}
f7a97501-5838-43b9-89eb-67a3baf4e857,212705891,Commune de Saint-Pierre-de-Bailleul (27),false,{27589},Commune,2026-03-24 14:41:57.028721+01,gold_establishments_2025,,,,21270589100019,2025,Collectivité Territoriale,Commune,['Eure'],['Normandie'],COM,{27},{28}
8e62cb51-294b-4a24-ad08-d061a413fb4e,213304645,Commune de Saint-Pierre-de-Bat (33),false,{33464},Commune,2026-03-24 14:41:58.620411+01,gold_establishments_2025,,,,21330464500012,2025,Collectivité Territoriale,Commune,['Gironde'],['Nouvelle-Aquitaine'],COM,{33},{75}
34db646e-e1c3-41f0-a96e-4a90cfa9b686,217302728,Commune de Saint-Pierre-de-Belleville (73),false,{73272},Commune,2026-03-24 14:42:08.279287+01,gold_establishments_2025,,,,21730272800019,2025,Collectivité Territoriale,Commune,['Savoie'],['Auvergne-Rhône-Alpes'],COM,{73},{84}
d61f06ba-b26f-4b7a-901a-0af3fe77da9d,213804404,Commune de Saint-Pierre-de-Bressieux (38),false,{38440},Commune,2026-03-24 14:41:59.705606+01,gold_establishments_2025,,,,21380440400019,2025,Collectivité Territoriale,Commune,['Isère'],['Auvergne-Rhône-Alpes'],COM,{38},{84}
7dfbcfad-8c0d-4afb-b0f0-d2a74f90113d,214702672,Commune de Saint-Pierre-de-Buzet (47),false,{47267},Commune,2026-03-24 14:42:00.862623+01,gold_establishments_2025,,,,21470267200012,2025,Collectivité Territoriale,Commune,['Lot-et-Garonne'],['Nouvelle-Aquitaine'],COM,{47},{75}
0a89d602-aa42-49bb-a59d-8e216b45ed87,214202723,Commune de Saint-Pierre-de-Bœuf (42),false,{42272},Commune,2026-03-24 14:42:00.273698+01,gold_establishments_2025,,,,21420272300018,2025,Collectivité Territoriale,Commune,['Loire'],['Auvergne-Rhône-Alpes'],COM,{42},{84}
cbdc951d-3a8d-487c-8597-691ea2ef2cde,212705909,Commune de Saint-Pierre-de-Cernières (27),false,{27590},Commune,2026-03-24 14:41:57.028721+01,gold_establishments_2025,,,,21270590900019,2025,Collectivité Territoriale,Commune,['Eure'],['Normandie'],COM,{27},{28}
175220e5-c3a5-410c-b88b-eebfd515c618,216902890,Commune de Saint-Pierre-de-Chandieu (69),false,{69289},Commune,2026-03-24 14:42:07.735343+01,gold_establishments_2025,,,,21690289000013,2025,Collectivité Territoriale,Commune,['Rhône'],['Auvergne-Rhône-Alpes'],COM,{69},{84}
08ca886f-3d25-403d-8c83-3122f259144c,213804420,Commune de Saint-Pierre-de-Chartreuse (38),false,{38442},Commune,2026-03-24 14:41:59.705606+01,gold_establishments_2025,,,,21380442000015,2025,Collectivité Territoriale,Commune,['Isère'],['Auvergne-Rhône-Alpes'],COM,{38},{84}
8ef0a81b-209f-4bc1-bc91-4861c747f2d6,217203116,Commune de Saint-Pierre-de-Chevillé (72),false,{72311},Commune,2026-03-24 14:42:08.279287+01,gold_establishments_2025,,,,21720311600017,2025,Collectivité Territoriale,Commune,['Sarthe'],['Pays de la Loire'],COM,{72},{52}
de6a68f1-973d-4583-81ab-3e9e063b511f,212404842,Commune de Saint-Pierre-de-Chignac (24),false,{24484},Commune,2026-03-24 14:41:55.958138+01,gold_establishments_2025,,,,21240484200016,2025,Collectivité Territoriale,Commune,['Dordogne'],['Nouvelle-Aquitaine'],COM,{24},{75}
723ae06f-482b-47d0-b26a-687dc96d4905,213804438,Commune de Saint-Pierre-de-Chérennes (38),false,{38443},Commune,2026-03-24 14:41:59.705606+01,gold_establishments_2025,,,,21380443800017,2025,Collectivité Territoriale,Commune,['Isère'],['Auvergne-Rhône-Alpes'],COM,{38},{84}
5ff817d6-4836-47c6-bdcb-1203cd1a8707,214702698,Commune de Saint-Pierre-de-Clairac (47),false,{47269},Commune,2026-03-24 14:42:00.862623+01,gold_establishments_2025,,,,21470269800017,2025,Collectivité Territoriale,Commune,['Lot-et-Garonne'],['Nouvelle-Aquitaine'],COM,{47},{75}
7edd02d5-29b3-462d-91a2-07a824eb1e68,210702825,Commune de Saint-Pierre-de-Colombier (07),false,{07282},Commune,2026-03-24 14:41:52.562531+01,gold_establishments_2025,,,,21070282500014,2025,Collectivité Territoriale,Commune,['Ardèche'],['Auvergne-Rhône-Alpes'],COM,{07},{84}
3241530c-9d73-4f0c-bdb2-00f06678f184,212705917,Commune de Saint-Pierre-de-Cormeilles (27),false,{27591},Commune,2026-03-24 14:41:57.028721+01,gold_establishments_2025,,,,21270591700012,2025,Collectivité Territoriale,Commune,['Eure'],['Normandie'],COM,{27},{28}
bf8af62e-9a62-456d-be04-ba1e395bb734,215005372,Commune de Saint-Pierre-de-Coutances (50),false,{50537},Commune,2026-03-24 14:42:01.412377+01,gold_establishments_2025,,,,21500537200010,2025,Collectivité Territoriale,Commune,['Manche'],['Normandie'],COM,{50},{28}
7c48b6ba-c430-4318-91a6-f3f77f069461,217302736,Commune de Saint-Pierre-de-Curtille (73),false,{73273},Commune,2026-03-24 14:42:08.279287+01,gold_establishments_2025,,,,21730273600012,2025,Collectivité Territoriale,Commune,['Savoie'],['Auvergne-Rhône-Alpes'],COM,{73},{84}
792563b2-e16b-46dd-a3b7-eab32f9e2261,212404859,Commune de Saint-Pierre-de-Côle (24),false,{24485},Commune,2026-03-24 14:41:55.958138+01,gold_establishments_2025,,,,21240485900010,2025,Collectivité Territoriale,Commune,['Dordogne'],['Nouvelle-Aquitaine'],COM,{24},{75}
19267704-16b3-4eeb-bd9a-c55c768be414,212404867,Commune de Saint-Pierre-de-Frugie (24),false,{24486},Commune,2026-03-24 14:41:55.958138+01,gold_establishments_2025,,,,21240486700013,2025,Collectivité Territoriale,Commune,['Dordogne'],['Nouvelle-Aquitaine'],COM,{24},{75}
dc640007-c224-427a-a6d2-6a47dd2aa81e,217302751,Commune de Saint-Pierre-de-Genebroz (73),false,{73275},Commune,2026-03-24 14:42:08.279287+01,gold_establishments_2025,,,,21730275100011,2025,Collectivité Territoriale,Commune,['Savoie'],['Auvergne-Rhône-Alpes'],COM,{73},{84}
3aa46df8-53d9-439f-819c-f9feabca3e95,213602055,Commune de Saint-Pierre-de-Jards (36),false,{36205},Commune,2026-03-24 14:41:59.160244+01,gold_establishments_2025,,,,21360205500013,2025,Collectivité Territoriale,Commune,['Indre'],['Centre-Val de Loire'],COM,{36},{24}
8cc41e98-8db2-4d80-8f89-52a98bec65ba,211703830,Commune de Saint-Pierre-de-Juillers (17),false,{17383},Commune,2026-03-24 14:41:54.903238+01,gold_establishments_2025,,,,21170383000011,2025,Collectivité Territoriale,Commune,['Charente-Maritime'],['Nouvelle-Aquitaine'],COM,{17},{75}
8c7d5a62-4ee6-4b7d-9203-82fcc9a47c49,213105125,Commune de Saint-Pierre-de-Lages (31),false,{31512},Commune,2026-03-24 14:41:58.09424+01,gold_establishments_2025,,,,21310512500016,2025,Collectivité Territoriale,Commune,['Haute-Garonne'],['Occitanie'],COM,{31},{76}
4b72f1c3-6b98-4e37-a8b2-863dc79fd7a3,218602365,Commune de Saint-Pierre-de-Maillé (86),false,{86236},Commune,2026-03-24 14:42:10.508772+01,gold_establishments_2025,,,,21860236500015,2025,Collectivité Territoriale,Commune,['Vienne'],['Nouvelle-Aquitaine'],COM,{86},{75}
ecf5047f-9bcd-4437-ac13-3acfb3baa898,217606342,Commune de Saint-Pierre-de-Manneville (76),false,{76634},Commune,2026-03-24 14:42:08.818969+01,gold_establishments_2025,,,,21760634200012,2025,Collectivité Territoriale,Commune,['Seine-Maritime'],['Normandie'],COM,{76},{28}
c6d05f13-d41e-4d40-b381-4c9f8ee3c0c0,213304652,Commune de Saint-Pierre-de-Mons (33),false,{33465},Commune,2026-03-24 14:41:58.620411+01,gold_establishments_2025,,,,21330465200018,2025,Collectivité Territoriale,Commune,['Gironde'],['Nouvelle-Aquitaine'],COM,{33},{75}
2837d48d-a324-4be4-bf19-8dc38c8904a5,213804446,Commune de Saint-Pierre-de-Méaroz (38),false,{38444},Commune,2026-03-24 14:41:59.705606+01,gold_establishments_2025,,,,21380444600010,2025,Collectivité Territoriale,Commune,['Isère'],['Auvergne-Rhône-Alpes'],COM,{38},{84}
8e2956e9-420c-4cda-91ab-ee587107100d,213804453,Commune de Saint-Pierre-de-Mésage (38),false,{38445},Commune,2026-03-24 14:41:59.705606+01,gold_establishments_2025,,,,21380445300016,2025,Collectivité Territoriale,Commune,['Isère'],['Auvergne-Rhône-Alpes'],COM,{38},{84}
255a459b-0252-420a-a38e-1c60cdcd740f,211300611,Commune de Saint-Pierre-de-Mézoargues (13),false,{13061},Commune,2026-03-24 14:41:53.63825+01,gold_establishments_2025,,,,21130061100012,2025,Collectivité Territoriale,Commune,['Bouches-du-Rhône'],"[""Provence-Alpes-Côte d'Azur""]",COM,{13},{93}
9a9ad001-51ea-4a66-b296-c709cfc38105,214801755,Commune de Saint-Pierre-de-Nogaret (48),false,{48175},Commune,2026-03-24 14:42:01.412377+01,gold_establishments_2025,,,,21480175500015,2025,Collectivité Territoriale,Commune,['Lozère'],['Occitanie'],COM,{48},{76}
729753ae-bbee-4a4b-85b4-27a2c91baf93,210902730,Commune de Saint-Pierre-de-Rivière (09),false,{09273},Commune,2026-03-24 14:41:53.095366+01,gold_establishments_2025,,,,21090273000014,2025,Collectivité Territoriale,Commune,['Ariège'],['Occitanie'],COM,{09},{76}
d0bafe8d-641f-40ad-b8fd-3221bc320967,212705925,Commune de Saint-Pierre-de-Salerne (27),false,{27592},Commune,2026-03-24 14:41:57.028721+01,gold_establishments_2025,,,,21270592500015,2025,Collectivité Territoriale,Commune,['Eure'],['Normandie'],COM,{27},{28}
de583602-ad46-4f1f-b51c-a355787ca019,215005380,Commune de Saint-Pierre-de-Semilly (50),false,{50538},Commune,2026-03-24 14:42:01.412377+01,gold_establishments_2025,,,,21500538000013,2025,Collectivité Territoriale,Commune,['Manche'],['Normandie'],COM,{50},{28}
d6e062c1-beb9-459f-b160-d5954fa3f79c,217302769,Commune de Saint-Pierre-de-Soucy (73),false,{73276},Commune,2026-03-24 14:42:08.279287+01,gold_establishments_2025,,,,21730276900013,2025,Collectivité Territoriale,Commune,['Savoie'],['Auvergne-Rhône-Alpes'],COM,{73},{84}
412c6326-a29b-485b-b144-66983e928a34,218102671,Commune de Saint-Pierre-de-Trivisy (81),false,{81267},Commune,2026-03-24 14:42:09.967209+01,gold_establishments_2025,,,,21810267100011,2025,Collectivité Territoriale,Commune,['Tarn'],['Occitanie'],COM,{81},{76}
b7e220ac-10df-405a-8272-2f1946a4a705,217606367,Commune de Saint-Pierre-de-Varengeville (76),false,{76636},Commune,2026-03-24 14:42:08.818969+01,gold_establishments_2025,,,,21760636700019,2025,Collectivité Territoriale,Commune,['Seine-Maritime'],['Normandie'],COM,{76},{28}
aed0af29-6364-4a90-b352-2d78bf5a3122,217104686,Commune de Saint-Pierre-de-Varennes (71),false,{71468},Commune,2026-03-24 14:42:08.279287+01,gold_establishments_2025,,,,21710468600019,2025,Collectivité Territoriale,Commune,['Saône-et-Loire'],['Bourgogne-Franche-Comté'],COM,{71},{27}
a0de746e-3384-457b-acba-f691dc66e349,218401156,Commune de Saint-Pierre-de-Vassols (84),false,{84115},Commune,2026-03-24 14:42:10.508772+01,gold_establishments_2025,,,,21840115600011,2025,Collectivité Territoriale,Commune,['Vaucluse'],"[""Provence-Alpes-Côte d'Azur""]",COM,{84},{93}
51055e61-1e9f-4a45-b3b0-73ad1bbf2a81,211703848,Commune de Saint-Pierre-de-l'Isle (17),false,{17384},Commune,2026-03-24 14:41:54.903238+01,gold_establishments_2025,,,,21170384800013,2025,Collectivité Territoriale,Commune,['Charente-Maritime'],['Nouvelle-Aquitaine'],COM,{17},{75}
3c8f167b-ffbf-4e25-995b-42ad9c6eee69,213402837,Commune de Saint-Pierre-de-la-Fage (34),false,{34283},Commune,2026-03-24 14:41:58.620411+01,gold_establishments_2025,,,,21340283700016,2025,Collectivité Territoriale,Commune,['Hérault'],['Occitanie'],COM,{34},{76}
55b4ddcd-199f-4d00-8d3e-41386e1652da,216601880,Commune de Saint-Pierre-dels-Forcats (66),false,{66188},Commune,2026-03-24 14:42:06.665412+01,gold_establishments_2025,,,,21660188000018,2025,Collectivité Territoriale,Commune,['Pyrénées-Orientales'],['Occitanie'],COM,{66},{76}
5e47f336-1fa9-4b2b-92a8-4aa22c3f6395,217203124,Commune de Saint-Pierre-des-Bois (72),false,{72312},Commune,2026-03-24 14:42:08.279287+01,gold_establishments_2025,,,,21720312400011,2025,Collectivité Territoriale,Commune,['Sarthe'],['Pays de la Loire'],COM,{72},{52}
27e71ab6-8ed1-4570-9006-8da36f93b016,211103635,Commune de Saint-Pierre-des-Champs (11),false,{11363},Commune,2026-03-24 14:41:53.63825+01,gold_establishments_2025,,,,21110363500010,2025,Collectivité Territoriale,Commune,['Aude'],['Occitanie'],COM,{11},{76}
8e21f4b6-1d35-4435-aa11-142ebc6d5909,213702335,Commune de Saint-Pierre-des-Corps (37),false,{37233},Commune,2026-03-24 14:41:59.160244+01,gold_establishments_2025,,,,21370233500018,2025,Collectivité Territoriale,Commune,['Indre-et-Loire'],['Centre-Val de Loire'],COM,{37},{24}
4d57cf30-bff6-4769-b51f-12600727464d,212705933,Commune de Saint-Pierre-des-Fleurs (27),false,{27593},Commune,2026-03-24 14:41:57.028721+01,gold_establishments_2025,,,,21270593300019,2025,Collectivité Territoriale,Commune,['Eure'],['Normandie'],COM,{27},{28}
94fa7893-e932-43bf-9742-f4c4e3614e63,211406483,Commune de Saint-Pierre-des-Ifs (14),false,{14648},Commune,2026-03-24 14:41:54.362296+01,gold_establishments_2025,,,,21140648300019,2025,Collectivité Territoriale,Commune,['Calvados'],['Normandie'],COM,{14},{28}
02c14dc7-25c9-4f92-b1ad-5657c80c71a4,212705941,Commune de Saint-Pierre-des-Ifs (27),false,{27594},Commune,2026-03-24 14:41:57.028721+01,gold_establishments_2025,,,,21270594100012,2025,Collectivité Territoriale,Commune,['Eure'],['Normandie'],COM,{27},{28}
eef384da-b381-4c88-b81d-11796f0f1a42,217606359,Commune de Saint-Pierre-des-Jonquières (76),false,{76635},Commune,2026-03-24 14:42:08.818969+01,gold_establishments_2025,,,,21760635900016,2025,Collectivité Territoriale,Commune,['Seine-Maritime'],['Normandie'],COM,{76},{28}
4377879a-8e16-4680-b662-5f634117e4e7,215302456,Commune de Saint-Pierre-des-Landes (53),false,{53245},Commune,2026-03-24 14:42:02.957225+01,gold_establishments_2025,,,,21530245600011,2025,Collectivité Territoriale,Commune,['Mayenne'],['Pays de la Loire'],COM,{53},{52}
bb558d8d-6791-4003-89c4-67f3ec848a76,216104463,Commune de Saint-Pierre-des-Loges (61),false,{61446},Commune,2026-03-24 14:42:05.597325+01,gold_establishments_2025,,,,21610446300015,2025,Collectivité Territoriale,Commune,['Orne'],['Normandie'],COM,{61},{28}
982e1cd6-8278-48ae-b5d2-f2b76a166807,215302464,Commune de Saint-Pierre-des-Nids (53),false,{53246},Commune,2026-03-24 14:42:02.957225+01,gold_establishments_2025,,,,21530246400015,2025,Collectivité Territoriale,Commune,['Mayenne'],['Pays de la Loire'],COM,{53},{52}
19f649ca-e6cb-4592-83e7-f0a2a4708093,217203132,Commune de Saint-Pierre-des-Ormes (72),false,{72313},Commune,2026-03-24 14:42:08.279287+01,gold_establishments_2025,,,,21720313200014,2025,Collectivité Territoriale,Commune,['Sarthe'],['Pays de la Loire'],COM,{72},{52}
a87a9f6f-3f4b-458e-a9c3-4ae59943870e,214801763,Commune de Saint-Pierre-des-Tripiers (48),false,{48176},Commune,2026-03-24 14:42:01.412377+01,gold_establishments_2025,,,,21480176300019,2025,Collectivité Territoriale,Commune,['Lozère'],['Occitanie'],COM,{48},{76}
b1df4bac-4588-4303-b861-56be7e5ee1b7,217902899,Commune de Saint-Pierre-des-Échaubrognes (79),false,{79289},Commune,2026-03-24 14:42:09.43682+01,gold_establishments_2025,,,,21790289900012,2025,Collectivité Territoriale,Commune,['Deux-Sèvres'],['Nouvelle-Aquitaine'],COM,{79},{75}
9fa3f5a6-d959-4c47-b081-14487589c387,212705958,Commune de Saint-Pierre-du-Bosguérard (27),false,{27595},Commune,2026-03-24 14:41:57.028721+01,gold_establishments_2025,,,,21270595800016,2025,Collectivité Territoriale,Commune,['Eure'],['Normandie'],COM,{27},{28}
5055e27e-c6b2-494a-8b1e-f81725e7c74a,211406491,Commune de Saint-Pierre-du-Bû (14),false,{14649},Commune,2026-03-24 14:41:54.362296+01,gold_establishments_2025,,,,21140649100012,2025,Collectivité Territoriale,Commune,['Calvados'],['Normandie'],COM,{14},{28}
a15daef6-88ee-4d99-9bf4-1b7723ec4d00,214302176,Commune de Saint-Pierre-du-Champ (43),false,{43217},Commune,2026-03-24 14:42:00.273698+01,gold_establishments_2025,,,,21430217600018,2025,Collectivité Territoriale,Commune,['Haute-Loire'],['Auvergne-Rhône-Alpes'],COM,{43},{84}
e12f8537-28cd-4a20-856f-7892debca494,218502649,Commune de Saint-Pierre-du-Chemin (85),false,{85264},Commune,2026-03-24 14:42:10.508772+01,gold_establishments_2025,,,,21850264900013,2025,Collectivité Territoriale,Commune,['Vendée'],['Pays de la Loire'],COM,{85},{52}
11800ac1-65e5-4a9b-983f-d205c69639ec,211406509,Commune de Saint-Pierre-du-Fresne (14),false,{14650},Commune,2026-03-24 14:41:54.362296+01,gold_establishments_2025,,,,21140650900011,2025,Collectivité Territoriale,Commune,['Calvados'],['Normandie'],COM,{14},{28}
a14bf1f1-824d-464c-b2f7-ba9948dabde8,211406517,Commune de Saint-Pierre-du-Jonquet (14),false,{14651},Commune,2026-03-24 14:41:54.362296+01,gold_establishments_2025,,,,21140651700014,2025,Collectivité Territoriale,Commune,['Calvados'],['Normandie'],COM,{14},{28}
4a965d5a-183e-4995-a4cf-8a7c4047e07d,217203140,Commune de Saint-Pierre-du-Lorouër (72),false,{72314},Commune,2026-03-24 14:42:08.279287+01,gold_establishments_2025,,,,21720314000017,2025,Collectivité Territoriale,Commune,['Sarthe'],['Pays de la Loire'],COM,{72},{52}
c5af3454-6bcc-4ef6-bdac-4da81164900a,211406525,Commune de Saint-Pierre-du-Mont (14),false,{14652},Commune,2026-03-24 14:41:54.362296+01,gold_establishments_2025,,,,21140652500017,2025,Collectivité Territoriale,Commune,['Calvados'],['Normandie'],COM,{14},{28}
2fa2de48-d838-4997-a7aa-9014bfc648d3,214002818,Commune de Saint-Pierre-du-Mont (40),false,{40281},Commune,2026-03-24 14:41:59.705606+01,gold_establishments_2025,,,,21400281800166,2025,Collectivité Territoriale,Commune,['Landes'],['Nouvelle-Aquitaine'],COM,{40},{75}
b7e1ba74-ef42-4b89-a87f-f1e915387da7,215802638,Commune de Saint-Pierre-du-Mont (58),false,{58263},Commune,2026-03-24 14:42:04.280096+01,gold_establishments_2025,,,,21580263800019,2025,Collectivité Territoriale,Commune,['Nièvre'],['Bourgogne-Franche-Comté'],COM,{58},{27}
13c972cf-735e-4ac2-bb12-d5a284d07df3,211703863,Commune de Saint-Pierre-du-Palais (17),false,{17386},Commune,2026-03-24 14:41:54.903238+01,gold_establishments_2025,,,,21170386300012,2025,Collectivité Territoriale,Commune,['Charente-Maritime'],['Nouvelle-Aquitaine'],COM,{17},{75}
acb0ca44-b00d-41d7-98a4-f01d9912ae9c,219105731,Commune de Saint-Pierre-du-Perray (91),false,{91573},Commune,2026-03-24 14:42:11.659493+01,gold_establishments_2025,,,,21910573100133,2025,Collectivité Territoriale,Commune,['Essonne'],['Île-de-France'],COM,{91},{11}
fba7c62d-c643-4b17-88af-a54301652dea,216104471,Commune de Saint-Pierre-du-Regard (61),false,{61447},Commune,2026-03-24 14:42:05.597325+01,gold_establishments_2025,,,,21610447100018,2025,Collectivité Territoriale,Commune,['Orne'],['Normandie'],COM,{61},{28}
73b104cb-8839-4d8f-a8b6-b5fd1e97ae05,212705974,Commune de Saint-Pierre-du-Val (27),false,{27597},Commune,2026-03-24 14:41:57.028721+01,gold_establishments_2025,,,,21270597400013,2025,Collectivité Territoriale,Commune,['Eure'],['Normandie'],COM,{27},{28}
f046a6d4-dc5c-4570-ac36-f9fe7646c233,212705982,Commune de Saint-Pierre-du-Vauvray (27),false,{27598},Commune,2026-03-24 14:41:57.028721+01,gold_establishments_2025,,,,21270598200016,2025,Collectivité Territoriale,Commune,['Eure'],['Normandie'],COM,{27},{28}
a55e0842-8396-4c9c-9cd3-18526c1db02a,200064798,Commune de Saint-Pierre-en-Auge (14),false,{14654},Commune,2026-03-24 14:41:54.362296+01,gold_establishments_2025,,,,20006479800016,2025,Collectivité Territoriale,Commune,['Calvados'],['Normandie'],COM,{14},{28}
30524828-eba6-4704-a3d4-3e43cd214a5d,217402502,Commune de Saint-Pierre-en-Faucigny (74),false,{74250},Commune,2026-03-24 14:42:08.818969+01,gold_establishments_2025,,,,21740250200017,2025,Collectivité Territoriale,Commune,['Haute-Savoie'],['Auvergne-Rhône-Alpes'],COM,{74},{84}
47fe4012-4ba8-4872-9685-fab7cbcfe267,217606375,Commune de Saint-Pierre-en-Port (76),false,{76637},Commune,2026-03-24 14:42:08.818969+01,gold_establishments_2025,,,,21760637500012,2025,Collectivité Territoriale,Commune,['Seine-Maritime'],['Normandie'],COM,{76},{28}
b080bac2-0f38-4698-be03-f8a909521833,217606383,Commune de Saint-Pierre-en-Val (76),false,{76638},Commune,2026-03-24 14:42:08.818969+01,gold_establishments_2025,,,,21760638300016,2025,Collectivité Territoriale,Commune,['Seine-Maritime'],['Normandie'],COM,{76},{28}
32843d25-368a-4005-83f0-4b4607a8f23e,212105662,Commune de Saint-Pierre-en-Vaux (21),false,{21566},Commune,2026-03-24 14:41:55.433389+01,gold_establishments_2025,,,,21210566200010,2025,Collectivité Territoriale,Commune,"[""Côte-d'Or""]",['Bourgogne-Franche-Comté'],COM,{21},{27}
a3778357-08c8-40e7-953c-39c49b5a0d29,216005850,Commune de Saint-Pierre-es-Champs (60),false,{60592},Commune,2026-03-24 14:42:04.814328+01,gold_establishments_2025,,,,21600585000013,2025,Collectivité Territoriale,Commune,['Oise'],['Hauts-de-France'],COM,{60},{32}
cb675776-c767-47e4-af98-e3c9fca26bdd,216303842,Commune de Saint-Pierre-la-Bourlhonne (63),false,{63384},Commune,2026-03-24 14:42:06.130387+01,gold_establishments_2025,,,,21630384200019,2025,Collectivité Territoriale,Commune,['Puy-de-Dôme'],['Auvergne-Rhône-Alpes'],COM,{63},{84}
29eb9e7a-db63-4b6e-afd5-4e9f57d51b25,216104489,Commune de Saint-Pierre-la-Bruyère (61),false,{61448},Commune,2026-03-24 14:42:05.597325+01,gold_establishments_2025,,,,21610448900010,2025,Collectivité Territoriale,Commune,['Orne'],['Normandie'],COM,{61},{28}
26dabc0a-8b0a-48e7-8775-3925010ed173,215302472,Commune de Saint-Pierre-la-Cour (53),false,{53247},Commune,2026-03-24 14:42:02.957225+01,gold_establishments_2025,,,,21530247200018,2025,Collectivité Territoriale,Commune,['Mayenne'],['Pays de la Loire'],COM,{53},{52}
89ccc3c8-acee-48e5-b10e-1cffd0f3f370,212705990,Commune de Saint-Pierre-la-Garenne (27),false,{27599},Commune,2026-03-24 14:41:57.028721+01,gold_establishments_2025,,,,21270599000019,2025,Collectivité Territoriale,Commune,['Eure'],['Normandie'],COM,{27},{28}
f5274623-ec01-4ddf-9fad-ffe177fa9477,214202731,Commune de Saint-Pierre-la-Noaille (42),false,{42273},Commune,2026-03-24 14:42:00.273698+01,gold_establishments_2025,,,,21420273100011,2025,Collectivité Territoriale,Commune,['Loire'],['Auvergne-Rhône-Alpes'],COM,{42},{84}
e3587e41-d729-4c6e-912e-382c1ad203ac,216902312,Commune de Saint-Pierre-la-Palud (69),false,{69231},Commune,2026-03-24 14:42:07.735343+01,gold_establishments_2025,,,,21690231200018,2025,Collectivité Territoriale,Commune,['Rhône'],['Auvergne-Rhône-Alpes'],COM,{69},{84}
712d7484-976c-41cd-aac8-046710b87535,210702833,Commune de Saint-Pierre-la-Roche (07),false,{07283},Commune,2026-03-24 14:41:52.562531+01,gold_establishments_2025,,,,21070283300018,2025,Collectivité Territoriale,Commune,['Ardèche'],['Auvergne-Rhône-Alpes'],COM,{07},{84}
950a4bba-2e0f-4696-ba07-8212fa4a9ff8,212323307,Commune de Saint-Pierre-le-Bost (23),false,{23233},Commune,2026-03-24 14:41:55.958138+01,gold_establishments_2025,,,,21232330700018,2025,Collectivité Territoriale,Commune,['Creuse'],['Nouvelle-Aquitaine'],COM,{23},{75}
9bc99cb9-afcb-43ef-bf94-d73ae30ca71d,216303859,Commune de Saint-Pierre-le-Chastel (63),false,{63385},Commune,2026-03-24 14:42:06.130387+01,gold_establishments_2025,,,,21630385900013,2025,Collectivité Territoriale,Commune,['Puy-de-Dôme'],['Auvergne-Rhône-Alpes'],COM,{63},{84}
512d3d18-85f6-4528-b88f-40153185b17d,215802646,Commune de Saint-Pierre-le-Moûtier (58),false,{58264},Commune,2026-03-24 14:42:04.280096+01,gold_establishments_2025,,,,21580264600012,2025,Collectivité Territoriale,Commune,['Nièvre'],['Bourgogne-Franche-Comté'],COM,{58},{27}
d91e89ae-6e13-413c-bfb4-1eaaf3320f0b,214801771,Commune de Saint-Pierre-le-Vieux (48),false,{48177},Commune,2026-03-24 14:42:01.412377+01,gold_establishments_2025,,,,21480177100012,2025,Collectivité Territoriale,Commune,['Lozère'],['Occitanie'],COM,{48},{76}
c52d82f9-5d34-4b72-a4ba-88ddd132798e,217104694,Commune de Saint-Pierre-le-Vieux (71),false,{71469},Commune,2026-03-24 14:42:08.279287+01,gold_establishments_2025,,,,21710469400013,2025,Collectivité Territoriale,Commune,['Saône-et-Loire'],['Bourgogne-Franche-Comté'],COM,{71},{27}
4e6c5c08-7ce2-4ae2-8ad6-c54c8c6a8b21,217606417,Commune de Saint-Pierre-le-Vieux (76),false,{76641},Commune,2026-03-24 14:42:08.818969+01,gold_establishments_2025,,,,21760641700012,2025,Collectivité Territoriale,Commune,['Seine-Maritime'],['Normandie'],COM,{76},{28}
5886a16d-bf84-4ef8-917a-0bc51b2e96d8,218502656,Commune de Saint-Pierre-le-Vieux (85),false,{85265},Commune,2026-03-24 14:42:10.508772+01,gold_establishments_2025,,,,21850265600018,2025,Collectivité Territoriale,Commune,['Vendée'],['Pays de la Loire'],COM,{85},{52}
6fa02598-43c4-4f1e-9dd5-02389748fbf3,217606425,Commune de Saint-Pierre-le-Viger (76),false,{76642},Commune,2026-03-24 14:42:08.818969+01,gold_establishments_2025,,,,21760642500015,2025,Collectivité Territoriale,Commune,['Seine-Maritime'],['Normandie'],COM,{76},{28}
0555a690-b3ab-4d4d-8889-c6596278fe09,211802301,Commune de Saint-Pierre-les-Bois (18),false,{18230},Commune,2026-03-24 14:41:54.903238+01,gold_establishments_2025,,,,21180230100013,2025,Collectivité Territoriale,Commune,['Cher'],['Centre-Val de Loire'],COM,{18},{24}
bc1317d4-5dbf-4288-9dba-25a666868c0d,211802319,Commune de Saint-Pierre-les-Étieux (18),false,{18231},Commune,2026-03-24 14:41:54.903238+01,gold_establishments_2025,,,,21180231900015,2025,Collectivité Territoriale,Commune,['Cher'],['Centre-Val de Loire'],COM,{18},{24}
d8754063-6069-4bc1-9450-b992710cd6a4,216005868,Commune de Saint-Pierre-lès-Bitry (60),false,{60593},Commune,2026-03-24 14:42:04.814328+01,gold_establishments_2025,,,,21600586800015,2025,Collectivité Territoriale,Commune,['Oise'],['Hauts-de-France'],COM,{60},{32}
f55f71b4-2b93-4eea-92a3-b5ce8eaa52f2,217606409,Commune de Saint-Pierre-lès-Elbeuf (76),false,{76640},Commune,2026-03-24 14:42:08.818969+01,gold_establishments_2025,,,,21760640900019,2025,Collectivité Territoriale,Commune,['Seine-Maritime'],['Normandie'],COM,{76},{28}
ddca9512-8648-4144-bc42-09378169181d,210206637,Commune de Saint-Pierre-lès-Franqueville (02),false,{02688},Commune,2026-03-24 14:41:52.020251+01,gold_establishments_2025,,,,21020663700014,2025,Collectivité Territoriale,Commune,['Aisne'],['Hauts-de-France'],COM,{02},{32}
e210ceb9-51c1-4776-ad52-0bdf515e268e,217704311,Commune de Saint-Pierre-lès-Nemours (77),false,{77431},Commune,2026-03-24 14:42:09.43682+01,gold_establishments_2025,,,,21770431100018,2025,Collectivité Territoriale,Commune,['Seine-et-Marne'],['Île-de-France'],COM,{77},{11}
38940842-71e1-4c2c-b969-5d08a459bdd5,210702858,Commune de Saint-Pierre-sur-Doux (07),false,{07285},Commune,2026-03-24 14:41:52.562531+01,gold_establishments_2025,,,,21070285800015,2025,Collectivité Territoriale,Commune,['Ardèche'],['Auvergne-Rhône-Alpes'],COM,{07},{84}
aa77e37b-3123-4d73-b588-7571756c3b13,214702714,Commune de Saint-Pierre-sur-Dropt (47),false,{47271},Commune,2026-03-24 14:42:00.862623+01,gold_establishments_2025,,,,21470271400012,2025,Collectivité Territoriale,Commune,['Lot-et-Garonne'],['Nouvelle-Aquitaine'],COM,{47},{75}
9b33a113-158c-4ed8-8543-4b08ee5002be,215302480,Commune de Saint-Pierre-sur-Erve (53),false,{53248},Commune,2026-03-24 14:42:02.957225+01,gold_establishments_2025,,,,21530248000011,2025,Collectivité Territoriale,Commune,['Mayenne'],['Pays de la Loire'],COM,{53},{52}
93984865-1c68-45aa-a5fa-53279ad7cc08,210803581,Commune de Saint-Pierre-sur-Vence (08),false,{08395},Commune,2026-03-24 14:41:53.095366+01,gold_establishments_2025,,,,21080358100011,2025,Collectivité Territoriale,Commune,['Ardennes'],['Grand Est'],COM,{08},{44}
3e81f402-727b-4c62-9de1-82e2996035ec,215005398,Commune de Saint-Pierre-Église (50),false,{50539},Commune,2026-03-24 14:42:01.412377+01,gold_establishments_2025,,,,21500539800015,2025,Collectivité Territoriale,Commune,['Manche'],['Normandie'],COM,{50},{28}
e030d649-96cd-48be-9c5a-59cbe36863e3,210803565,Commune de Saint-Pierre-à-Arnes (08),false,{08393},Commune,2026-03-24 14:41:53.095366+01,gold_establishments_2025,,,,21080356500014,2025,Collectivité Territoriale,Commune,['Ardennes'],['Grand Est'],COM,{08},{44}
292edcbc-0e9f-47ac-aac8-85bd3bb7eb6e,210206645,Commune de Saint-Pierremont (02),false,{02689},Commune,2026-03-24 14:41:52.020251+01,gold_establishments_2025,,,,21020664500017,2025,Collectivité Territoriale,Commune,['Aisne'],['Hauts-de-France'],COM,{02},{32}
99946341-2fe5-4232-997c-430226825554,210803573,Commune de Saint-Pierremont (08),false,{08394},Commune,2026-03-24 14:41:53.095366+01,gold_establishments_2025,,,,21080357300018,2025,Collectivité Territoriale,Commune,['Ardennes'],['Grand Est'],COM,{08},{44}
d3842cf7-bfcd-4688-9fff-47fcea3b4212,218804326,Commune de Saint-Pierremont (88),false,{88432},Commune,2026-03-24 14:42:11.118516+01,gold_establishments_2025,,,,21880432600013,2025,Collectivité Territoriale,Commune,['Vosges'],['Grand Est'],COM,{88},{44}
e5d058fe-5c2c-4690-b316-8d115ea2c156,210702866,Commune de Saint-Pierreville (07),false,{07286},Commune,2026-03-24 14:41:52.562531+01,gold_establishments_2025,,,,21070286600018,2025,Collectivité Territoriale,Commune,['Ardèche'],['Auvergne-Rhône-Alpes'],COM,{07},{84}
8b10d8a7-8409-4fc4-a4d0-68b900211ea9,215504648,Commune de Saint-Pierrevillers (55),false,{55464},Commune,2026-03-24 14:42:03.701372+01,gold_establishments_2025,,,,21550464800019,2025,Collectivité Territoriale,Commune,['Meuse'],['Grand Est'],COM,{55},{44}
00a91af1-00ae-4838-93e1-6764c01859d2,210302519,Commune de Saint-Plaisir (03),false,{03251},Commune,2026-03-24 14:41:52.020251+01,gold_establishments_2025,,,,21030251900017,2025,Collectivité Territoriale,Commune,['Allier'],['Auvergne-Rhône-Alpes'],COM,{03},{84}
5a52158b-bf4d-4b88-98bf-b15025e0e09d,213105133,Commune de Saint-Plancard (31),false,{31513},Commune,2026-03-24 14:41:58.09424+01,gold_establishments_2025,,,,21310513300010,2025,Collectivité Territoriale,Commune,['Haute-Garonne'],['Occitanie'],COM,{31},{76}
2f415acb-ba4e-4d19-a3e6-61ea9ec60c25,215005414,Commune de Saint-Planchers (50),false,{50541},Commune,2026-03-24 14:42:01.412377+01,gold_establishments_2025,,,,21500541400010,2025,Collectivité Territoriale,Commune,['Manche'],['Normandie'],COM,{50},{28}
0bf1072a-aff2-4e81-aaa5-a65c4f2d64bb,213602071,Commune de Saint-Plantaire (36),false,{36207},Commune,2026-03-24 14:41:59.160244+01,gold_establishments_2025,,,,21360207100010,2025,Collectivité Territoriale,Commune,['Indre'],['Centre-Val de Loire'],COM,{36},{24}
463782a6-f9e2-4671-bce6-9520d810cb68,217104702,Commune de Saint-Point (71),false,{71470},Commune,2026-03-24 14:42:08.279287+01,gold_establishments_2025,,,,21710470200014,2025,Collectivité Territoriale,Commune,['Saône-et-Loire'],['Bourgogne-Franche-Comté'],COM,{71},{27}
e2108986-9531-423d-a6e9-8ee129cecf9d,212505259,Commune de Saint-Point-Lac (25),false,{25525},Commune,2026-03-24 14:41:56.495197+01,gold_establishments_2025,,,,21250525900011,2025,Collectivité Territoriale,Commune,['Doubs'],['Bourgogne-Franche-Comté'],COM,{25},{27}
33b3cf02-42ae-4093-a9a1-ddb09a76cac2,215005422,Commune de Saint-Pois (50),false,{50542},Commune,2026-03-24 14:42:01.412377+01,gold_establishments_2025,,,,21500542200013,2025,Collectivité Territoriale,Commune,['Manche'],['Normandie'],COM,{50},{28}
45ea74c4-6f29-426a-b217-98602f299ba7,215302506,Commune de Saint-Poix (53),false,{53250},Commune,2026-03-24 14:42:02.957225+01,gold_establishments_2025,,,,21530250600013,2025,Collectivité Territoriale,Commune,['Mayenne'],['Pays de la Loire'],COM,{53},{52}
6b14e060-a5df-4032-80e9-39bd2576335e,212902597,Commune de Saint-Pol-de-Léon (29),false,{29259},Commune,2026-03-24 14:41:57.56054+01,gold_establishments_2025,,,,21290259700013,2025,Collectivité Territoriale,Commune,['Finistère'],['Bretagne'],COM,{29},{53}
3d0410aa-3cc8-4625-bd8e-0f43040509b2,216207670,Commune de Saint-Pol-sur-Ternoise (62),false,{62767},Commune,2026-03-24 14:42:06.130387+01,gold_establishments_2025,,,,21620767000011,2025,Collectivité Territoriale,Commune,['Pas-de-Calais'],['Hauts-de-France'],COM,{62},{32}
2ff45816-e047-4ff5-9437-28d939c8cb1d,214202749,Commune de Saint-Polgues (42),false,{42274},Commune,2026-03-24 14:42:00.273698+01,gold_establishments_2025,,,,21420274900013,2025,Collectivité Territoriale,Commune,['Loire'],['Auvergne-Rhône-Alpes'],COM,{42},{84}
6bd1e632-b673-4de9-ac59-4cc31693b625,211103643,Commune de Saint-Polycarpe (11),false,{11364},Commune,2026-03-24 14:41:53.63825+01,gold_establishments_2025,,,,21110364300014,2025,Collectivité Territoriale,Commune,['Aude'],['Occitanie'],COM,{11},{76}
ef2f6272-73e4-45ae-ae89-4e585a343260,217902907,Commune de Saint-Pompain (79),false,{79290},Commune,2026-03-24 14:42:09.43682+01,gold_establishments_2025,,,,21790290700013,2025,Collectivité Territoriale,Commune,['Deux-Sèvres'],['Nouvelle-Aquitaine'],COM,{79},{75}
f45f06ed-0e6d-4de0-a675-4ef796a16f70,212404883,Commune de Saint-Pompon (24),false,{24488},Commune,2026-03-24 14:41:55.958138+01,gold_establishments_2025,,,,21240488300010,2025,Collectivité Territoriale,Commune,['Dordogne'],['Nouvelle-Aquitaine'],COM,{24},{75}
258c6c62-49fc-4b8a-978f-84dcebf0fb53,211502075,Commune de Saint-Poncy (15),false,{15207},Commune,2026-03-24 14:41:54.362296+01,gold_establishments_2025,,,,21150207500016,2025,Collectivité Territoriale,Commune,['Cantal'],['Auvergne-Rhône-Alpes'],COM,{15},{84}
dd6830dc-e697-41b3-bf84-9dfe2cd15127,210401956,Commune de Saint-Pons (04),false,{04195},Commune,2026-03-24 14:41:52.562531+01,gold_establishments_2025,,,,21040195600011,2025,Collectivité Territoriale,Commune,['Alpes-de-Haute-Provence'],"[""Provence-Alpes-Côte d'Azur""]",COM,{04},{93}
4a925e69-098c-42b7-a123-378f2dae663b,210702874,Commune de Saint-Pons (07),false,{07287},Commune,2026-03-24 14:41:52.562531+01,gold_establishments_2025,,,,21070287400012,2025,Collectivité Territoriale,Commune,['Ardèche'],['Auvergne-Rhône-Alpes'],COM,{07},{84}
86f5350b-1ea8-4315-b653-bb782ce5830d,213402852,Commune de Saint-Pons-de-Mauchiens (34),false,{34285},Commune,2026-03-24 14:41:58.620411+01,gold_establishments_2025,,,,21340285200015,2025,Collectivité Territoriale,Commune,['Hérault'],['Occitanie'],COM,{34},{76}
ea9dfeec-c20e-4710-836e-df378424f615,213402845,Commune de Saint-Pons-de-Thomières (34),false,{34284},Commune,2026-03-24 14:41:58.620411+01,gold_establishments_2025,,,,21340284500019,2025,Collectivité Territoriale,Commune,['Hérault'],['Occitanie'],COM,{34},{76}
aa3a1053-c00e-45a1-a3e2-aa68a5f30028,213002926,Commune de Saint-Pons-la-Calm (30),false,{30292},Commune,2026-03-24 14:41:57.56054+01,gold_establishments_2025,,,,21300292600011,2025,Collectivité Territoriale,Commune,['Gard'],['Occitanie'],COM,{30},{76}
0e916786-94f5-40a7-8274-b1c34f9111c1,210302527,Commune de Saint-Pont (03),false,{03252},Commune,2026-03-24 14:41:52.020251+01,gold_establishments_2025,,,,21030252700010,2025,Collectivité Territoriale,Commune,['Allier'],['Auvergne-Rhône-Alpes'],COM,{03},{84}
c54e40db-fe68-4315-b76b-f77f8625f161,211703871,Commune de Saint-Porchaire (17),false,{17387},Commune,2026-03-24 14:41:54.903238+01,gold_establishments_2025,,,,21170387100015,2025,Collectivité Territoriale,Commune,['Charente-Maritime'],['Nouvelle-Aquitaine'],COM,{17},{75}
c745d70a-fe9d-4615-9f1e-5d8eb2a4bc5a,218201713,Commune de Saint-Porquier (82),false,{82171},Commune,2026-03-24 14:42:10.508772+01,gold_establishments_2025,,,,21820171300011,2025,Collectivité Territoriale,Commune,['Tarn-et-Garonne'],['Occitanie'],COM,{82},{76}
b6e23b70-830e-4680-a0f7-16ee8335ae92,211003496,Commune de Saint-Pouange (10),false,{10360},Commune,2026-03-24 14:41:53.095366+01,gold_establishments_2025,,,,21100349600018,2025,Collectivité Territoriale,Commune,['Aube'],['Grand Est'],COM,{10},{44}
fa498ae2-c2a0-4d0e-8abb-a855dd5dcfe7,210302535,Commune de Saint-Pourçain-sur-Besbre (03),false,{03253},Commune,2026-03-24 14:41:52.020251+01,gold_establishments_2025,,,,21030253500013,2025,Collectivité Territoriale,Commune,['Allier'],['Auvergne-Rhône-Alpes'],COM,{03},{84}
b12499f4-e1cc-43c3-8d25-3f72d00169b1,210302543,Commune de Saint-Pourçain-sur-Sioule (03),false,{03254},Commune,2026-03-24 14:41:52.020251+01,gold_establishments_2025,,,,21030254300017,2025,Collectivité Territoriale,Commune,['Allier'],['Auvergne-Rhône-Alpes'],COM,{03},{84}
63d415c7-d516-4427-b49a-32ee54e376cd,218804334,Commune de Saint-Prancher (88),false,{88433},Commune,2026-03-24 14:42:11.118516+01,gold_establishments_2025,,,,21880433400017,2025,Collectivité Territoriale,Commune,['Vosges'],['Grand Est'],COM,{88},{44}
d51fdf6a-6505-43c2-9d29-068003a2cbdf,212803589,Commune de Saint-Prest (28),false,{28358},Commune,2026-03-24 14:41:57.028721+01,gold_establishments_2025,,,,21280358900010,2025,Collectivité Territoriale,Commune,['Eure-et-Loir'],['Centre-Val de Loire'],COM,{28},{24}
435e3983-f948-498a-8727-20ed7aa9a481,211603436,Commune de Saint-Preuil (16),false,{16343},Commune,2026-03-24 14:41:54.362296+01,gold_establishments_2025,,,,21160343600018,2025,Collectivité Territoriale,Commune,['Charente'],['Nouvelle-Aquitaine'],COM,{16},{75}
7c408131-f68f-491d-8302-31f7019aba4d,210702882,Commune de Saint-Priest (07),false,{07288},Commune,2026-03-24 14:41:52.562531+01,gold_establishments_2025,,,,21070288200015,2025,Collectivité Territoriale,Commune,['Ardèche'],['Auvergne-Rhône-Alpes'],COM,{07},{84}
6fc2448f-24d4-4709-a2fa-4c9a3b257783,212323406,Commune de Saint-Priest (23),false,{23234},Commune,2026-03-24 14:41:55.958138+01,gold_establishments_2025,,,,21232340600018,2025,Collectivité Territoriale,Commune,['Creuse'],['Nouvelle-Aquitaine'],COM,{23},{75}
4474f4f2-c1c9-4d8c-889c-cd87ca9fa92c,216902908,Commune de Saint-Priest (69),false,{69290},Commune,2026-03-24 14:42:07.735343+01,gold_establishments_2025,,,,21690290800013,2025,Collectivité Territoriale,Commune,['Rhône'],['Auvergne-Rhône-Alpes'],COM,{69},{84}
cecdc762-f00f-4c41-b47b-f3ca4a9c4a8a,216303875,Commune de Saint-Priest-Bramefant (63),false,{63387},Commune,2026-03-24 14:42:06.130387+01,gold_establishments_2025,,,,21630387500019,2025,Collectivité Territoriale,Commune,['Puy-de-Dôme'],['Auvergne-Rhône-Alpes'],COM,{63},{84}
5e886cb5-e1d1-4500-ad69-4e4d33cc96c0,218717601,Commune de Saint-Priest-Ligoure (87),false,{87176},Commune,2026-03-24 14:42:11.118516+01,gold_establishments_2025,,,,21871760100015,2025,Collectivité Territoriale,Commune,['Haute-Vienne'],['Nouvelle-Aquitaine'],COM,{87},{75}
800d0200-ed37-4e5a-92b4-b5da26286064,212323703,Commune de Saint-Priest-Palus (23),false,{23237},Commune,2026-03-24 14:41:55.958138+01,gold_establishments_2025,,,,21232370300018,2025,Collectivité Territoriale,Commune,['Creuse'],['Nouvelle-Aquitaine'],COM,{23},{75}
9e5b75ac-79f5-4c65-a533-94e6250b3726,218717809,Commune de Saint-Priest-Taurion (87),false,{87178},Commune,2026-03-24 14:42:11.118516+01,gold_establishments_2025,,,,21871780900014,2025,Collectivité Territoriale,Commune,['Haute-Vienne'],['Nouvelle-Aquitaine'],COM,{87},{75}
14dc3832-63da-473b-937d-67487ac5473f,210302550,Commune de Saint-Priest-d'Andelot (03),false,{03255},Commune,2026-03-24 14:41:52.020251+01,gold_establishments_2025,,,,21030255000012,2025,Collectivité Territoriale,Commune,['Allier'],['Auvergne-Rhône-Alpes'],COM,{03},{84}
1600d453-0a00-4c0d-ab03-c9e2e9a86a53,211923602,Commune de Saint-Priest-de-Gimel (19),false,{19236},Commune,2026-03-24 14:41:55.433389+01,gold_establishments_2025,,,,21192360200018,2025,Collectivité Territoriale,Commune,['Corrèze'],['Nouvelle-Aquitaine'],COM,{19},{75}
996aa734-cd6c-4a64-a02b-a49637cc7001,216303883,Commune de Saint-Priest-des-Champs (63),false,{63388},Commune,2026-03-24 14:42:06.130387+01,gold_establishments_2025,,,,21630388300013,2025,Collectivité Territoriale,Commune,['Puy-de-Dôme'],['Auvergne-Rhône-Alpes'],COM,{63},{84}
7ca92a30-1a2b-48a5-98d6-0840edc6af51,214202756,Commune de Saint-Priest-en-Jarez (42),false,{42275},Commune,2026-03-24 14:42:00.273698+01,gold_establishments_2025,,,,21420275600018,2025,Collectivité Territoriale,Commune,['Loire'],['Auvergne-Rhône-Alpes'],COM,{42},{84}
bdf4b205-39f7-404d-8345-2c74ed75252b,210302568,Commune de Saint-Priest-en-Murat (03),false,{03256},Commune,2026-03-24 14:41:52.020251+01,gold_establishments_2025,,,,21030256800014,2025,Collectivité Territoriale,Commune,['Allier'],['Auvergne-Rhône-Alpes'],COM,{03},{84}
6aea0ab3-460c-4844-b090-474140eb7a1f,212323505,Commune de Saint-Priest-la-Feuille (23),false,{23235},Commune,2026-03-24 14:41:55.958138+01,gold_establishments_2025,,,,21232350500017,2025,Collectivité Territoriale,Commune,['Creuse'],['Nouvelle-Aquitaine'],COM,{23},{75}
5611479f-114a-4924-94f5-3541e03334c9,211802327,Commune de Saint-Priest-la-Marche (18),false,{18232},Commune,2026-03-24 14:41:54.903238+01,gold_establishments_2025,,,,21180232700018,2025,Collectivité Territoriale,Commune,['Cher'],['Centre-Val de Loire'],COM,{18},{24}
536c397a-b8d6-4c00-9873-b8d468215af9,212323604,Commune de Saint-Priest-la-Plaine (23),false,{23236},Commune,2026-03-24 14:41:55.958138+01,gold_establishments_2025,,,,21232360400018,2025,Collectivité Territoriale,Commune,['Creuse'],['Nouvelle-Aquitaine'],COM,{23},{75}
3cd59e84-ddfa-4ba4-9ef1-c595b6d00101,214202764,Commune de Saint-Priest-la-Prugne (42),false,{42276},Commune,2026-03-24 14:42:00.273698+01,gold_establishments_2025,,,,21420276400012,2025,Collectivité Territoriale,Commune,['Loire'],['Auvergne-Rhône-Alpes'],COM,{42},{84}
c32e916e-79d4-4bda-9419-a37cad135a06,214202772,Commune de Saint-Priest-la-Roche (42),false,{42277},Commune,2026-03-24 14:42:00.273698+01,gold_establishments_2025,,,,21420277200015,2025,Collectivité Territoriale,Commune,['Loire'],['Auvergne-Rhône-Alpes'],COM,{42},{84}
b3870610-f3a7-4a56-bec6-a631137f759d,214202780,Commune de Saint-Priest-la-Vêtre (42),false,{42278},Commune,2026-03-24 14:42:00.273698+01,gold_establishments_2025,,,,21420278000018,2025,Collectivité Territoriale,Commune,['Loire'],['Auvergne-Rhône-Alpes'],COM,{42},{84}
31f20d5a-a3aa-4e97-a5ea-045b59ebbe5d,212404891,Commune de Saint-Priest-les-Fougères (24),false,{24489},Commune,2026-03-24 14:41:55.958138+01,gold_establishments_2025,,,,21240489100013,2025,Collectivité Territoriale,Commune,['Dordogne'],['Nouvelle-Aquitaine'],COM,{24},{75}
3ea4e37b-5ed6-40ce-a780-52cff8c9c497,218717700,Commune de Saint-Priest-sous-Aixe (87),false,{87177},Commune,2026-03-24 14:42:11.118516+01,gold_establishments_2025,,,,21871770000015,2025,Collectivité Territoriale,Commune,['Haute-Vienne'],['Nouvelle-Aquitaine'],COM,{87},{75}
5a68de0d-9662-4d64-895a-cc574eb0e6db,213804487,Commune de Saint-Prim (38),false,{38448},Commune,2026-03-24 14:41:59.705606+01,gold_establishments_2025,,,,21380448700014,2025,Collectivité Territoriale,Commune,['Isère'],['Auvergne-Rhône-Alpes'],COM,{38},{84}
d8a015d6-db1f-44d7-8506-75e4d04d9441,210702890,Commune de Saint-Privat (07),false,{07289},Commune,2026-03-24 14:41:52.562531+01,gold_establishments_2025,,,,21070289000018,2025,Collectivité Territoriale,Commune,['Ardèche'],['Auvergne-Rhône-Alpes'],COM,{07},{84}
c5cf0d33-7ca0-47aa-847b-da18266db048,211923701,Commune de Saint-Privat (19),false,{19237},Commune,2026-03-24 14:41:55.433389+01,gold_establishments_2025,,,,21192370100018,2025,Collectivité Territoriale,Commune,['Corrèze'],['Nouvelle-Aquitaine'],COM,{19},{75}
abbb6e37-cc34-4bba-93a8-1d2a19b2ad82,213402860,Commune de Saint-Privat (34),false,{34286},Commune,2026-03-24 14:41:58.620411+01,gold_establishments_2025,,,,21340286000018,2025,Collectivité Territoriale,Commune,['Hérault'],['Occitanie'],COM,{34},{76}
a8055439-0101-4e09-9608-f36946b1cbfe,200065944,Commune de Saint-Privat-d'Allier (43),false,{43221},Commune,2026-03-24 14:42:00.273698+01,gold_establishments_2025,,,,20006594400015,2025,Collectivité Territoriale,Commune,['Haute-Loire'],['Auvergne-Rhône-Alpes'],COM,{43},{84}
ec15dadb-7859-475d-9ad7-ad43eef11ce0,213002934,Commune de Saint-Privat-de-Champclos (30),false,{30293},Commune,2026-03-24 14:41:57.56054+01,gold_establishments_2025,,,,21300293400015,2025,Collectivité Territoriale,Commune,['Gard'],['Occitanie'],COM,{30},{76}
1aa04976-b1d6-437c-b12b-8ce64bde3055,214801789,Commune de Saint-Privat-de-Vallongue (48),false,{48178},Commune,2026-03-24 14:42:01.412377+01,gold_establishments_2025,,,,21480178900014,2025,Collectivité Territoriale,Commune,['Lozère'],['Occitanie'],COM,{48},{76}
c130a762-7e9c-4d7f-80a7-daadcaf7f4fe,213002942,Commune de Saint-Privat-des-Vieux (30),false,{30294},Commune,2026-03-24 14:41:57.56054+01,gold_establishments_2025,,,,21300294200018,2025,Collectivité Territoriale,Commune,['Gard'],['Occitanie'],COM,{30},{76}
0ca49d29-50e2-49b4-99d0-c9b095e86ac8,214302226,Commune de Saint-Privat-du-Dragon (43),false,{43222},Commune,2026-03-24 14:42:00.273698+01,gold_establishments_2025,,,,21430222600011,2025,Collectivité Territoriale,Commune,['Haute-Loire'],['Auvergne-Rhône-Alpes'],COM,{43},{84}
b4815aa8-5dc3-486c-ac23-fd6d62c3b054,214801797,Commune de Saint-Privat-du-Fau (48),false,{48179},Commune,2026-03-24 14:42:01.412377+01,gold_establishments_2025,,,,21480179700017,2025,Collectivité Territoriale,Commune,['Lozère'],['Occitanie'],COM,{48},{76}
fd4a84e3-5c73-442b-945e-f448b2d1beaf,215706227,Commune de Saint-Privat-la-Montagne (57),false,{57622},Commune,2026-03-24 14:42:04.280096+01,gold_establishments_2025,,,,21570622700018,2025,Collectivité Territoriale,Commune,['Moselle'],['Grand Est'],COM,{57},{44}
1634d99c-ba40-4320-9d0a-b7a325dc1bda,217104710,Commune de Saint-Privé (71),false,{71471},Commune,2026-03-24 14:42:08.279287+01,gold_establishments_2025,,,,21710471000017,2025,Collectivité Territoriale,Commune,['Saône-et-Loire'],['Bourgogne-Franche-Comté'],COM,{71},{27}
721ad1e6-fe35-4433-8121-30867f8f8e01,218903656,Commune de Saint-Privé (89),false,{89365},Commune,2026-03-24 14:42:11.659493+01,gold_establishments_2025,,,,21890365600013,2025,Collectivité Territoriale,Commune,['Yonne'],['Bourgogne-Franche-Comté'],COM,{89},{27}
67bfb01a-c4ae-4987-9958-33fd166f1fb1,210302576,Commune de Saint-Prix (03),false,{03257},Commune,2026-03-24 14:41:52.020251+01,gold_establishments_2025,,,,21030257600017,2025,Collectivité Territoriale,Commune,['Allier'],['Auvergne-Rhône-Alpes'],COM,{03},{84}
5c4ae237-6873-42b1-8d4e-ef873e908e76,210702908,Commune de Saint-Prix (07),false,{07290},Commune,2026-03-24 14:41:52.562531+01,gold_establishments_2025,,,,21070290800018,2025,Collectivité Territoriale,Commune,['Ardèche'],['Auvergne-Rhône-Alpes'],COM,{07},{84}
e0af470e-5e9f-4eb8-bd9f-f7daa04af3df,217104728,Commune de Saint-Prix (71),false,{71472},Commune,2026-03-24 14:42:08.279287+01,gold_establishments_2025,,,,21710472800019,2025,Collectivité Territoriale,Commune,['Saône-et-Loire'],['Bourgogne-Franche-Comté'],COM,{71},{27}
a6dda75d-30de-4238-9266-2b4f00a1b0e2,219505740,Commune de Saint-Prix (95),false,{95574},Commune,2026-03-24 14:42:11.659493+01,gold_establishments_2025,,,,21950574000015,2025,Collectivité Territoriale,Commune,"[""Val-d'Oise""]",['Île-de-France'],COM,{95},{11}
f869c4d0-e521-4688-b2fa-3b87f15e94b5,212105670,Commune de Saint-Prix-lès-Arnay (21),false,{21567},Commune,2026-03-24 14:41:55.433389+01,gold_establishments_2025,,,,21210567000013,2025,Collectivité Territoriale,Commune,"[""Côte-d'Or""]",['Bourgogne-Franche-Comté'],COM,{21},{27}
657f10b4-cf95-4d02-bd39-771474da59d4,214602906,Commune de Saint-Projet (46),false,{46290},Commune,2026-03-24 14:42:00.862623+01,gold_establishments_2025,,,,21460290600015,2025,Collectivité Territoriale,Commune,['Lot'],['Occitanie'],COM,{46},{76}
43409aef-3926-4263-adc0-e912d34f534a,218201721,Commune de Saint-Projet (82),false,{82172},Commune,2026-03-24 14:42:10.508772+01,gold_establishments_2025,,,,21820172100014,2025,Collectivité Territoriale,Commune,['Tarn-et-Garonne'],['Occitanie'],COM,{82},{76}
572d5f12-55c8-4b7d-b7e5-86551b835d97,211502083,Commune de Saint-Projet-de-Salers (15),false,{15208},Commune,2026-03-24 14:41:54.362296+01,gold_establishments_2025,,,,21150208300010,2025,Collectivité Territoriale,Commune,['Cantal'],['Auvergne-Rhône-Alpes'],COM,{15},{84}
0e8ccc65-776f-4971-99b4-c6089fd1a7eb,218502664,Commune de Saint-Prouant (85),false,{85266},Commune,2026-03-24 14:42:10.508772+01,gold_establishments_2025,,,,21850266400095,2025,Collectivité Territoriale,Commune,['Vendée'],['Pays de la Loire'],COM,{85},{52}
96ba567f-e588-42b2-bd57-65f5bbc47549,214502981,Commune de Saint-Pryvé-Saint-Mesmin (45),false,{45298},Commune,2026-03-24 14:42:00.862623+01,gold_establishments_2025,,,,21450298100019,2025,Collectivité Territoriale,Commune,['Loiret'],['Centre-Val de Loire'],COM,{45},{24}
591d612e-315e-45d1-8a80-284a5ee8e5ad,214302192,Commune de Saint-Préjet-Armandon (43),false,{43219},Commune,2026-03-24 14:42:00.273698+01,gold_establishments_2025,,,,21430219200015,2025,Collectivité Territoriale,Commune,['Haute-Loire'],['Auvergne-Rhône-Alpes'],COM,{43},{84}
da837556-a470-485d-b273-7a8c33006958,214302200,Commune de Saint-Préjet-d'Allier (43),false,{43220},Commune,2026-03-24 14:42:00.273698+01,gold_establishments_2025,,,,21430220000016,2025,Collectivité Territoriale,Commune,['Haute-Loire'],['Auvergne-Rhône-Alpes'],COM,{43},{84}
978467b6-3632-4100-bb7e-c33eb7b9c959,213204043,Commune de Saint-Puy (32),false,{32404},Commune,2026-03-24 14:41:58.09424+01,gold_establishments_2025,,,,21320404300011,2025,Collectivité Territoriale,Commune,['Gers'],['Occitanie'],COM,{32},{76}
7e7420fc-aabc-4ada-b93b-59d9643eb4a9,215905415,Commune de Saint-Python (59),false,{59541},Commune,2026-03-24 14:42:04.814328+01,gold_establishments_2025,,,,21590541500018,2025,Collectivité Territoriale,Commune,['Nord'],['Hauts-de-France'],COM,{59},{32}
0b50d7d4-b700-4be3-9656-a0ef67f3b3b0,215802612,Commune de Saint-Père (58),false,{58261},Commune,2026-03-24 14:42:04.280096+01,gold_establishments_2025,,,,21580261200014,2025,Collectivité Territoriale,Commune,['Nièvre'],['Bourgogne-Franche-Comté'],COM,{58},{27}
daf9558e-ecbe-4b0f-85fb-694d0f5768a7,218903649,Commune de Saint-Père (89),false,{89364},Commune,2026-03-24 14:42:11.659493+01,gold_establishments_2025,,,,21890364900018,2025,Collectivité Territoriale,Commune,['Yonne'],['Bourgogne-Franche-Comté'],COM,{89},{27}
14e65a6d-15f6-4fe8-8a54-df1fdf69cb9f,213503063,Commune de Saint-Père-Marc-en-Poulet (35),false,{35306},Commune,2026-03-24 14:41:59.160244+01,gold_establishments_2025,,,,21350306300017,2025,Collectivité Territoriale,Commune,['Ille-et-Vilaine'],['Bretagne'],COM,{35},{53}
ddc41537-8adb-4ae3-b512-d27118d4b8c6,214401879,Commune de Saint-Père-en-Retz (44),false,{44187},Commune,2026-03-24 14:42:00.862623+01,gold_establishments_2025,,,,21440187900017,2025,Collectivité Territoriale,Commune,['Loire-Atlantique'],['Pays de la Loire'],COM,{44},{52}
22f6e0d5-a5f7-4095-95eb-3b6697c78ce1,214502973,Commune de Saint-Père-sur-Loire (45),false,{45297},Commune,2026-03-24 14:42:00.862623+01,gold_establishments_2025,,,,21450297300016,2025,Collectivité Territoriale,Commune,['Loiret'],['Centre-Val de Loire'],COM,{45},{24}
29e09f4a-dcad-41e0-a5c1-d93fae84753c,213105109,Commune de Saint-Pé-Delbosc (31),false,{31510},Commune,2026-03-24 14:41:58.09424+01,gold_establishments_2025,,,,21310510900010,2025,Collectivité Territoriale,Commune,['Haute-Garonne'],['Occitanie'],COM,{31},{76}
581c70bc-7529-47f1-90da-439a8bd5e547,214702664,Commune de Saint-Pé-Saint-Simon (47),false,{47266},Commune,2026-03-24 14:42:00.862623+01,gold_establishments_2025,,,,21470266400019,2025,Collectivité Territoriale,Commune,['Lot-et-Garonne'],['Nouvelle-Aquitaine'],COM,{47},{75}
218d3f79-843b-452f-a18c-843747560cbf,213105091,Commune de Saint-Pé-d'Ardet (31),false,{31509},Commune,2026-03-24 14:41:58.09424+01,gold_establishments_2025,,,,21310509100010,2025,Collectivité Territoriale,Commune,['Haute-Garonne'],['Occitanie'],COM,{31},{76}
381fbbae-0813-4b15-a2ff-2726fb0431a2,216503953,Commune de Saint-Pé-de-Bigorre (65),false,{65395},Commune,2026-03-24 14:42:06.665412+01,gold_establishments_2025,,,,21650395300012,2025,Collectivité Territoriale,Commune,['Hautes-Pyrénées'],['Occitanie'],COM,{65},{76}
4605f02e-1ac3-4900-8373-35a6adbf0c2f,216404947,Commune de Saint-Pé-de-Léren (64),false,{64494},Commune,2026-03-24 14:42:06.665412+01,gold_establishments_2025,,,,21640494700014,2025,Collectivité Territoriale,Commune,['Pyrénées-Atlantiques'],['Nouvelle-Aquitaine'],COM,{64},{75}
779a5964-e33a-4495-9057-ad2ed83a4286,216404954,Commune de Saint-Pée-sur-Nivelle (64),false,{64495},Commune,2026-03-24 14:42:06.665412+01,gold_establishments_2025,,,,21640495400010,2025,Collectivité Territoriale,Commune,['Pyrénées-Atlantiques'],['Nouvelle-Aquitaine'],COM,{64},{75}
0015240f-feea-4609-a258-2b5f2ab80b66,213503055,Commune de Saint-Péran (35),false,{35305},Commune,2026-03-24 14:41:59.160244+01,gold_establishments_2025,,,,21350305500013,2025,Collectivité Territoriale,Commune,['Ille-et-Vilaine'],['Bretagne'],COM,{35},{53}
e69a8fa8-08e0-413e-a0c8-be93e0f061a3,214502965,Commune de Saint-Péravy-la-Colombe (45),false,{45296},Commune,2026-03-24 14:42:00.862623+01,gold_establishments_2025,,,,21450296500012,2025,Collectivité Territoriale,Commune,['Loiret'],['Centre-Val de Loire'],COM,{45},{24}
4fe6202b-1717-492f-83b1-0ac6ddccef21,210702817,Commune de Saint-Péray (07),false,{07281},Commune,2026-03-24 14:41:52.562531+01,gold_establishments_2025,,,,21070281700011,2025,Collectivité Territoriale,Commune,['Ardèche'],['Auvergne-Rhône-Alpes'],COM,{07},{84}
9ceceba7-0bbf-48ee-b666-d830e100c017,215802620,Commune de Saint-Péreuse (58),false,{58262},Commune,2026-03-24 14:42:04.280096+01,gold_establishments_2025,,,,21580262000017,2025,Collectivité Territoriale,Commune,['Nièvre'],['Bourgogne-Franche-Comté'],COM,{58},{27}
077425b8-10ff-455f-b5b8-baee2241733f,212203228,Commune de Saint-Péver (22),false,{22322},Commune,2026-03-24 14:41:55.958138+01,gold_establishments_2025,,,,21220322800011,2025,Collectivité Territoriale,Commune,"[""Côtes-d'Armor""]",['Bretagne'],COM,{22},{53}
97400abd-c68b-4e31-ae00-94f41457f433,212203236,Commune de Saint-Pôtan (22),false,{22323},Commune,2026-03-24 14:41:55.958138+01,gold_establishments_2025,,,,21220323600014,2025,Collectivité Territoriale,Commune,"[""Côtes-d'Armor""]",['Bretagne'],COM,{22},{53}
cda1c08d-5a37-46aa-be50-b27e7bd916bf,211703889,Commune de Saint-Quantin-de-Rançanne (17),false,{17388},Commune,2026-03-24 14:41:54.903238+01,gold_establishments_2025,,,,21170388900017,2025,Collectivité Territoriale,Commune,['Charente-Maritime'],['Nouvelle-Aquitaine'],COM,{17},{75}
10070db3-63a9-4d94-83c5-1d90d88c74fa,212203244,Commune de Saint-Quay-Perros (22),false,{22324},Commune,2026-03-24 14:41:55.958138+01,gold_establishments_2025,,,,21220324400018,2025,Collectivité Territoriale,Commune,"[""Côtes-d'Armor""]",['Bretagne'],COM,{22},{53}
b3ffc96a-cdb6-4816-b820-1762f32970f4,212203251,Commune de Saint-Quay-Portrieux (22),false,{22325},Commune,2026-03-24 14:41:55.958138+01,gold_establishments_2025,,,,21220325100112,2025,Collectivité Territoriale,Commune,"[""Côtes-d'Armor""]",['Bretagne'],COM,{22},{53}
c47c0242-780b-4657-89ae-1a88c59707de,210206660,Commune de Saint-Quentin (02),false,{02691},Commune,2026-03-24 14:41:52.020251+01,gold_establishments_2025,,,,21020666000016,2025,Collectivité Territoriale,Commune,['Aisne'],['Hauts-de-France'],COM,{02},{32}
2232652c-7e2f-43e9-ae7c-550b90024cc1,213804495,Commune de Saint-Quentin-Fallavier (38),false,{38449},Commune,2026-03-24 14:41:59.705606+01,gold_establishments_2025,,,,21380449500017,2025,Collectivité Territoriale,Commune,['Isère'],['Auvergne-Rhône-Alpes'],COM,{38},{84}
c631b43f-16d8-4ced-81f5-511060e0afcf,213304660,Commune de Saint-Quentin-de-Baron (33),false,{33466},Commune,2026-03-24 14:41:58.620411+01,gold_establishments_2025,,,,21330466000011,2025,Collectivité Territoriale,Commune,['Gironde'],['Nouvelle-Aquitaine'],COM,{33},{75}
d9a44e1b-73de-4882-8e09-4fd4acfa5457,216104505,Commune de Saint-Quentin-de-Blavou (61),false,{61450},Commune,2026-03-24 14:42:05.597325+01,gold_establishments_2025,,,,21610450500013,2025,Collectivité Territoriale,Commune,['Orne'],['Normandie'],COM,{61},{28}
6f5ab3cc-3f7e-4080-90a8-d43f55e192c6,213304678,Commune de Saint-Quentin-de-Caplong (33),false,{33467},Commune,2026-03-24 14:41:58.620411+01,gold_establishments_2025,,,,21330467800013,2025,Collectivité Territoriale,Commune,['Gironde'],['Nouvelle-Aquitaine'],COM,{33},{75}
6d77c823-5a06-4f1d-920b-4f5518abccec,211603469,Commune de Saint-Quentin-de-Chalais (16),false,{16346},Commune,2026-03-24 14:41:54.362296+01,gold_establishments_2025,,,,21160346900019,2025,Collectivité Territoriale,Commune,['Charente'],['Nouvelle-Aquitaine'],COM,{16},{75}
3c736934-145f-41bb-8d5a-ba55df681988,216005876,Commune de Saint-Quentin-des-Prés (60),false,{60594},Commune,2026-03-24 14:42:04.814328+01,gold_establishments_2025,,,,21600587600018,2025,Collectivité Territoriale,Commune,['Oise'],['Hauts-de-France'],COM,{60},{32}
2a9b0811-150d-405d-bb03-c224af5b042a,214702722,Commune de Saint-Quentin-du-Dropt (47),false,{47272},Commune,2026-03-24 14:42:00.862623+01,gold_establishments_2025,,,,21470272200015,2025,Collectivité Territoriale,Commune,['Lot-et-Garonne'],['Nouvelle-Aquitaine'],COM,{47},{75}
54c9c1ee-dae5-4b36-8965-585f9ea916d3,218006716,Commune de Saint-Quentin-en-Tourmont (80),false,{80713},Commune,2026-03-24 14:42:09.967209+01,gold_establishments_2025,,,,21800671600011,2025,Collectivité Territoriale,Commune,['Somme'],['Hauts-de-France'],COM,{80},{32}
e6f3ed87-71e7-461d-bcec-b46d9ff5ee0d,212323802,Commune de Saint-Quentin-la-Chabanne (23),false,{23238},Commune,2026-03-24 14:41:55.958138+01,gold_establishments_2025,,,,21232380200018,2025,Collectivité Territoriale,Commune,['Creuse'],['Nouvelle-Aquitaine'],COM,{23},{75}
7c2cbb5f-3367-4598-9d9e-3f6f6a14a628,218006724,Commune de Saint-Quentin-la-Motte-Croix-au-Bailly (80),false,{80714},Commune,2026-03-24 14:42:09.967209+01,gold_establishments_2025,,,,21800672400072,2025,Collectivité Territoriale,Commune,['Somme'],['Hauts-de-France'],COM,{80},{32}
c037aed4-577e-4b55-90ad-5483ebdb2784,213002959,Commune de Saint-Quentin-la-Poterie (30),false,{30295},Commune,2026-03-24 14:41:57.56054+01,gold_establishments_2025,,,,21300295900012,2025,Collectivité Territoriale,Commune,['Gard'],['Occitanie'],COM,{30},{76}
40cd7419-59d7-452e-9f5c-ae60518a3043,210902748,Commune de Saint-Quentin-la-Tour (09),false,{09274},Commune,2026-03-24 14:41:53.095366+01,gold_establishments_2025,,,,21090274800016,2025,Collectivité Territoriale,Commune,['Ariège'],['Occitanie'],COM,{09},{76}
78b4ca92-f18a-4ec0-b1cb-90fdfd69ea89,210803599,Commune de Saint-Quentin-le-Petit (08),false,{08396},Commune,2026-03-24 14:41:53.095366+01,gold_establishments_2025,,,,21080359900013,2025,Collectivité Territoriale,Commune,['Ardennes'],['Grand Est'],COM,{08},{44}
e15ef294-2230-42ee-8bbf-e12088ce682d,215104746,Commune de Saint-Quentin-le-Verger (51),false,{51511},Commune,2026-03-24 14:42:01.954481+01,gold_establishments_2025,,,,21510474600015,2025,Collectivité Territoriale,Commune,['Marne'],['Grand Est'],COM,{51},{44}
f38b76ab-510c-4348-9f1e-7261a901710c,215302514,Commune de Saint-Quentin-les-Anges (53),false,{53251},Commune,2026-03-24 14:42:02.957225+01,gold_establishments_2025,,,,21530251400066,2025,Collectivité Territoriale,Commune,['Mayenne'],['Pays de la Loire'],COM,{53},{52}
72168d9b-a3e5-41ad-9dfd-3b5835d8082a,216104513,Commune de Saint-Quentin-les-Chardonnets (61),false,{61451},Commune,2026-03-24 14:42:05.597325+01,gold_establishments_2025,,,,21610451300017,2025,Collectivité Territoriale,Commune,['Orne'],['Normandie'],COM,{61},{28}
1522140c-86c8-4aaf-982c-e593fb475e96,215104738,Commune de Saint-Quentin-les-Marais (51),false,{51510},Commune,2026-03-24 14:42:01.954481+01,gold_establishments_2025,,,,21510473800012,2025,Collectivité Territoriale,Commune,['Marne'],['Grand Est'],COM,{51},{44}
ad73ff94-f842-4e99-99b5-0a3eced1530c,211603451,Commune de Saint-Quentin-sur-Charente (16),false,{16345},Commune,2026-03-24 14:41:54.362296+01,gold_establishments_2025,,,,21160345100017,2025,Collectivité Territoriale,Commune,['Charente'],['Nouvelle-Aquitaine'],COM,{16},{75}
8008cdbd-08ed-4a85-b3e2-10e04d33514c,215104753,Commune de Saint-Quentin-sur-Coole (51),false,{51512},Commune,2026-03-24 14:42:01.954481+01,gold_establishments_2025,,,,21510475300011,2025,Collectivité Territoriale,Commune,['Marne'],['Grand Est'],COM,{51},{44}
6256627f-dbed-442a-9392-89177ce7398c,213702343,Commune de Saint-Quentin-sur-Indrois (37),false,{37234},Commune,2026-03-24 14:41:59.160244+01,gold_establishments_2025,,,,21370234300012,2025,Collectivité Territoriale,Commune,['Indre-et-Loire'],['Centre-Val de Loire'],COM,{37},{24}
18c56eaa-5535-406e-846a-9dbcb517b1e6,213804503,Commune de Saint-Quentin-sur-Isère (38),false,{38450},Commune,2026-03-24 14:41:59.705606+01,gold_establishments_2025,,,,21380450300018,2025,Collectivité Territoriale,Commune,['Isère'],['Auvergne-Rhône-Alpes'],COM,{38},{84}
be3d19b9-bfd8-4e39-a062-c5c3af2f7f7b,215802653,Commune de Saint-Quentin-sur-Nohain (58),false,{58265},Commune,2026-03-24 14:42:04.280096+01,gold_establishments_2025,,,,21580265300018,2025,Collectivité Territoriale,Commune,['Nièvre'],['Bourgogne-Franche-Comté'],COM,{58},{27}
7b1a7564-aa64-4b51-81c6-6cb960009d78,216303891,Commune de Saint-Quentin-sur-Sauxillanges (63),false,{63389},Commune,2026-03-24 14:42:06.130387+01,gold_establishments_2025,,,,21630389100016,2025,Collectivité Territoriale,Commune,['Puy-de-Dôme'],['Auvergne-Rhône-Alpes'],COM,{63},{84}
2c68aedb-389a-495b-a55d-6c38a5aa00f8,215005430,Commune de Saint-Quentin-sur-le-Homme (50),false,{50543},Commune,2026-03-24 14:42:01.412377+01,gold_establishments_2025,,,,21500543000016,2025,Collectivité Territoriale,Commune,['Manche'],['Normandie'],COM,{50},{28}
a90baacd-4a81-49d7-9d21-dbc869db7c2c,216303909,Commune de Saint-Quintin-sur-Sioule (63),false,{63390},Commune,2026-03-24 14:42:06.130387+01,gold_establishments_2025,,,,21630390900016,2025,Collectivité Territoriale,Commune,['Puy-de-Dôme'],['Auvergne-Rhône-Alpes'],COM,{63},{84}
54b9d98e-7673-4d6b-b8fc-c13edb489898,210902755,Commune de Saint-Quirc (09),false,{09275},Commune,2026-03-24 14:41:53.095366+01,gold_establishments_2025,,,,21090275500045,2025,Collectivité Territoriale,Commune,['Ariège'],['Occitanie'],COM,{09},{76}
e9199cad-2d2c-4933-b625-11e17270a364,215706235,Commune de Saint-Quirin (57),false,{57623},Commune,2026-03-24 14:42:04.280096+01,gold_establishments_2025,,,,21570623500011,2025,Collectivité Territoriale,Commune,['Moselle'],['Grand Est'],COM,{57},{44}
5232639e-fd10-4dc7-af04-a6d324038c87,212404917,Commune de Saint-Rabier (24),false,{24491},Commune,2026-03-24 14:41:55.958138+01,gold_establishments_2025,,,,21240491700016,2025,Collectivité Territoriale,Commune,['Dordogne'],['Nouvelle-Aquitaine'],COM,{24},{75}
e59a34e1-8354-40e4-ae58-c1ca94e95445,217104736,Commune de Saint-Racho (71),false,{71473},Commune,2026-03-24 14:42:08.279287+01,gold_establishments_2025,,,,21710473600012,2025,Collectivité Territoriale,Commune,['Saône-et-Loire'],['Bourgogne-Franche-Comté'],COM,{71},{27}
0b469a8d-da04-4df6-b98f-7fae2f4418e0,212603252,Commune de Saint-Rambert-d'Albon (26),false,{26325},Commune,2026-03-24 14:41:56.495197+01,gold_establishments_2025,,,,21260325200124,2025,Collectivité Territoriale,Commune,['Drôme'],['Auvergne-Rhône-Alpes'],COM,{26},{84}
1b99b23d-ffe8-4b6a-baf9-ae01efc4715e,210103842,Commune de Saint-Rambert-en-Bugey (01),false,{01384},Commune,2026-03-24 14:41:51.447482+01,gold_establishments_2025,,,,21010384200014,2025,Collectivité Territoriale,Commune,['Ain'],['Auvergne-Rhône-Alpes'],COM,{01},{84}
c1842190-06b4-4073-a96f-3baae6e49457,212404933,Commune de Saint-Raphaël (24),false,{24493},Commune,2026-03-24 14:41:55.958138+01,gold_establishments_2025,,,,21240493300013,2025,Collectivité Territoriale,Commune,['Dordogne'],['Nouvelle-Aquitaine'],COM,{24},{75}
63262c0e-4e8e-40f2-8a40-692f510689eb,218301182,Commune de Saint-Raphaël (83),false,{83118},Commune,2026-03-24 14:42:10.508772+01,gold_establishments_2025,,,,21830118200018,2025,Collectivité Territoriale,Commune,['Var'],"[""Provence-Alpes-Côte d'Azur""]",COM,{83},{93}
f8315ca4-0351-4afe-b36b-30c776633291,215404864,Commune de Saint-Remimont (54),false,{54486},Commune,2026-03-24 14:42:02.957225+01,gold_establishments_2025,,,,21540486400013,2025,Collectivité Territoriale,Commune,['Meurthe-et-Moselle'],['Grand Est'],COM,{54},{44}
f0f8848f-58db-426a-8c00-2fc7803bdf7a,218804342,Commune de Saint-Remimont (88),false,{88434},Commune,2026-03-24 14:42:11.118516+01,gold_establishments_2025,,,,21880434200010,2025,Collectivité Territoriale,Commune,['Vosges'],['Grand Est'],COM,{88},{44}
b69fee64-a16f-492a-ac45-6c37241b1049,218804359,Commune de Saint-Remy (88),false,{88435},Commune,2026-03-24 14:42:11.118516+01,gold_establishments_2025,,,,21880435900014,2025,Collectivité Territoriale,Commune,['Vosges'],['Grand Est'],COM,{88},{44}
a68015b5-928d-4479-9793-611398910623,215905423,Commune de Saint-Remy-Chaussée (59),false,{59542},Commune,2026-03-24 14:42:04.814328+01,gold_establishments_2025,,,,21590542300012,2025,Collectivité Territoriale,Commune,['Nord'],['Hauts-de-France'],COM,{59},{32}
457bd575-f7e9-4f3a-96cc-4fbb8f673d61,215905431,Commune de Saint-Remy-du-Nord (59),false,{59543},Commune,2026-03-24 14:42:04.814328+01,gold_establishments_2025,,,,21590543100015,2025,Collectivité Territoriale,Commune,['Nord'],['Hauts-de-France'],COM,{59},{32}
a7e400ca-3720-48fc-b517-8e04dedd4af1,215104761,Commune de Saint-Remy-en-Bouzemont-Saint-Genest-et-Isson (51),false,{51513},Commune,2026-03-24 14:42:01.954481+01,gold_establishments_2025,,,,21510476100014,2025,Collectivité Territoriale,Commune,['Marne'],['Grand Est'],COM,{51},{44}
23bedd56-df4f-40a2-8ae9-a326980d39c6,216005884,Commune de Saint-Remy-en-l'Eau (60),false,{60595},Commune,2026-03-24 14:42:04.814328+01,gold_establishments_2025,,,,21600588400012,2025,Collectivité Territoriale,Commune,['Oise'],['Hauts-de-France'],COM,{60},{32}
1f0ed073-2fd8-43bd-8b95-9cb95b69f84c,215504655,Commune de Saint-Remy-la-Calonne (55),false,{55465},Commune,2026-03-24 14:42:03.701372+01,gold_establishments_2025,,,,21550465500014,2025,Collectivité Territoriale,Commune,['Meuse'],['Grand Est'],COM,{55},{44}
6b81af52-d11d-47c9-b6db-dd8a7f63fa2c,210803607,Commune de Saint-Remy-le-Petit (08),false,{08397},Commune,2026-03-24 14:41:53.095366+01,gold_establishments_2025,,,,21080360700014,2025,Collectivité Territoriale,Commune,['Ardennes'],['Grand Est'],COM,{08},{44}
3fff4b8d-70fe-4d1a-ab1f-88db9a29cc06,211003504,Commune de Saint-Remy-sous-Barbuise (10),false,{10361},Commune,2026-03-24 14:41:53.095366+01,gold_establishments_2025,,,,21100350400019,2025,Collectivité Territoriale,Commune,['Aube'],['Grand Est'],COM,{10},{44}
161555a2-6ca1-4a4c-ae26-ea777d0c36cc,215104779,Commune de Saint-Remy-sous-Broyes (51),false,{51514},Commune,2026-03-24 14:42:01.954481+01,gold_establishments_2025,,,,21510477900016,2025,Collectivité Territoriale,Commune,['Marne'],['Grand Est'],COM,{51},{44}
ccfab096-e251-4598-9a87-b8ed2956f993,215104787,Commune de Saint-Remy-sur-Bussy (51),false,{51515},Commune,2026-03-24 14:42:01.954481+01,gold_establishments_2025,,,,21510478700019,2025,Collectivité Territoriale,Commune,['Marne'],['Grand Est'],COM,{51},{44}
07bff2e8-5170-4ac4-a51d-324b72f7a47b,210702916,Commune de Saint-Remèze (07),false,{07291},Commune,2026-03-24 14:41:52.562531+01,gold_establishments_2025,,,,21070291600011,2025,Collectivité Territoriale,Commune,['Ardèche'],['Auvergne-Rhône-Alpes'],COM,{07},{84}
9384273c-2f05-4c64-b7cc-173c69f8de31,212902605,Commune de Saint-Renan (29),false,{29260},Commune,2026-03-24 14:41:57.56054+01,gold_establishments_2025,,,,21290260500071,2025,Collectivité Territoriale,Commune,['Finistère'],['Bretagne'],COM,{29},{53}
6d77412f-8616-4b09-8e93-fb05a4a7ace5,212603260,Commune de Saint-Restitut (26),false,{26326},Commune,2026-03-24 14:41:56.495197+01,gold_establishments_2025,,,,21260326000010,2025,Collectivité Territoriale,Commune,['Drôme'],['Auvergne-Rhône-Alpes'],COM,{26},{84}
6d9fef00-16a7-4256-8bd9-ddada7cb8a0f,212203269,Commune de Saint-Rieul (22),false,{22326},Commune,2026-03-24 14:41:55.958138+01,gold_establishments_2025,,,,21220326900015,2025,Collectivité Territoriale,Commune,"[""Côtes-d'Armor""]",['Bretagne'],COM,{22},{53}
071ed834-c95c-4519-96b7-daf9d16a3989,214102287,Commune de Saint-Rimay (41),false,{41228},Commune,2026-03-24 14:42:00.273698+01,gold_establishments_2025,,,,21410228700015,2025,Collectivité Territoriale,Commune,['Loir-et-Cher'],['Centre-Val de Loire'],COM,{41},{24}
e548fb11-307e-489e-9950-839711850834,218006732,Commune de Saint-Riquier (80),false,{80716},Commune,2026-03-24 14:42:09.967209+01,gold_establishments_2025,,,,21800673200018,2025,Collectivité Territoriale,Commune,['Somme'],['Hauts-de-France'],COM,{80},{32}
cac711f1-f9a2-4af8-aac6-5b2f6633247f,217606458,Commune de Saint-Riquier-en-Rivière (76),false,{76645},Commune,2026-03-24 14:42:08.818969+01,gold_establishments_2025,,,,21760645800016,2025,Collectivité Territoriale,Commune,['Seine-Maritime'],['Normandie'],COM,{76},{28}
cc14f199-8380-4040-acdf-1f49b5c957b9,217606466,Commune de Saint-Riquier-ès-Plains (76),false,{76646},Commune,2026-03-24 14:42:08.818969+01,gold_establishments_2025,,,,21760646600019,2025,Collectivité Territoriale,Commune,['Seine-Maritime'],['Normandie'],COM,{76},{28}
3f1a29be-7a6d-4e90-9ff4-b58950178b86,214202814,Commune de Saint-Rirand (42),false,{42281},Commune,2026-03-24 14:42:00.273698+01,gold_establishments_2025,,,,21420281400015,2025,Collectivité Territoriale,Commune,['Loire'],['Auvergne-Rhône-Alpes'],COM,{42},{84}
ef3c498b-e69a-4d87-a21e-df9e1d10f228,212902613,Commune de Saint-Rivoal (29),false,{29261},Commune,2026-03-24 14:41:57.56054+01,gold_establishments_2025,,,,21290261300018,2025,Collectivité Territoriale,Commune,['Finistère'],['Bretagne'],COM,{29},{53}
8752b105-a6c7-4133-ae43-82ce196f2a9d,211923909,Commune de Saint-Robert (19),false,{19239},Commune,2026-03-24 14:41:55.433389+01,gold_establishments_2025,,,,21192390900017,2025,Collectivité Territoriale,Commune,['Corrèze'],['Nouvelle-Aquitaine'],COM,{19},{75}
5f84a8d0-ab7a-43cf-aa6b-1f9c54e92354,214702730,Commune de Saint-Robert (47),false,{47273},Commune,2026-03-24 14:42:00.862623+01,gold_establishments_2025,,,,21470273000018,2025,Collectivité Territoriale,Commune,['Lot-et-Garonne'],['Nouvelle-Aquitaine'],COM,{47},{75}
40a94ea3-f2d3-41ce-927c-c220f57f49dd,213702376,Commune de Saint-Roch (37),false,{37237},Commune,2026-03-24 14:41:59.160244+01,gold_establishments_2025,,,,21370237600012,2025,Collectivité Territoriale,Commune,['Indre-et-Loire'],['Centre-Val de Loire'],COM,{37},{24}
f5bb842b-ec36-440a-9b96-a01542499c81,216104521,Commune de Saint-Roch-sur-Égrenne (61),false,{61452},Commune,2026-03-24 14:42:05.597325+01,gold_establishments_2025,,,,21610452100010,2025,Collectivité Territoriale,Commune,['Orne'],['Normandie'],COM,{61},{28}
f51a9d4b-b7cd-4d99-bad8-68895dba9584,211703913,Commune de Saint-Rogatien (17),false,{17391},Commune,2026-03-24 14:41:54.903238+01,gold_establishments_2025,,,,21170391300015,2025,Collectivité Territoriale,Commune,['Charente-Maritime'],['Nouvelle-Aquitaine'],COM,{17},{75}
f8924751-b1f0-44b3-b95a-bd544f143918,211603477,Commune de Saint-Romain (16),false,{16347},Commune,2026-03-24 14:41:54.362296+01,gold_establishments_2025,,,,21160347700012,2025,Collectivité Territoriale,Commune,['Charente'],['Nouvelle-Aquitaine'],COM,{16},{75}
399273e9-bdad-4569-bd85-49c48f0931a9,212105696,Commune de Saint-Romain (21),false,{21569},Commune,2026-03-24 14:41:55.433389+01,gold_establishments_2025,,,,21210569600018,2025,Collectivité Territoriale,Commune,"[""Côte-d'Or""]",['Bourgogne-Franche-Comté'],COM,{21},{27}
78be9995-9d45-47b9-bff8-0a9461d5f8ef,216303941,Commune de Saint-Romain (63),false,{63394},Commune,2026-03-24 14:42:06.130387+01,gold_establishments_2025,,,,21630394100019,2025,Collectivité Territoriale,Commune,['Puy-de-Dôme'],['Auvergne-Rhône-Alpes'],COM,{63},{84}
622bf813-dde0-436a-b1a1-76fb1aecc94d,218602423,Commune de Saint-Romain (86),false,{86242},Commune,2026-03-24 14:42:11.118516+01,gold_establishments_2025,,,,21860242300012,2025,Collectivité Territoriale,Commune,['Vienne'],['Nouvelle-Aquitaine'],COM,{86},{75}
23bb39a2-2033-465e-8ef2-7c1e5138fbf2,214302234,Commune de Saint-Romain-Lachalm (43),false,{43223},Commune,2026-03-24 14:42:00.273698+01,gold_establishments_2025,,,,21430223400015,2025,Collectivité Territoriale,Commune,['Haute-Loire'],['Auvergne-Rhône-Alpes'],COM,{43},{84}
956ae4c8-baac-42d3-9b81-9604a8932115,216902338,Commune de Saint-Romain-au-Mont-d'Or (69),false,{69233},Commune,2026-03-24 14:42:07.735343+01,gold_establishments_2025,,,,21690233800013,2025,Collectivité Territoriale,Commune,['Rhône'],['Auvergne-Rhône-Alpes'],COM,{69},{84}
c493ad90-360c-4518-a932-3b3b7b6feb52,210702924,Commune de Saint-Romain-d'Ay (07),false,{07292},Commune,2026-03-24 14:41:52.562531+01,gold_establishments_2025,,,,21070292400015,2025,Collectivité Territoriale,Commune,['Ardèche'],['Auvergne-Rhône-Alpes'],COM,{07},{84}
e1f4bea2-8fe6-48d2-bcf4-24d07270da37,214202822,Commune de Saint-Romain-d'Urfé (42),false,{42282},Commune,2026-03-24 14:42:00.273698+01,gold_establishments_2025,,,,21420282200018,2025,Collectivité Territoriale,Commune,['Loire'],['Auvergne-Rhône-Alpes'],COM,{42},{84}
4e6d32b7-90c0-4540-a41e-d363537ba111,211703939,Commune de Saint-Romain-de-Benet (17),false,{17393},Commune,2026-03-24 14:41:54.903238+01,gold_establishments_2025,,,,21170393900010,2025,Collectivité Territoriale,Commune,['Charente-Maritime'],['Nouvelle-Aquitaine'],COM,{17},{75}
5626e808-1995-4e04-a0ed-bd3cdffafd4f,217606474,Commune de Saint-Romain-de-Colbosc (76),false,{76647},Commune,2026-03-24 14:42:08.818969+01,gold_establishments_2025,,,,21760647400013,2025,Collectivité Territoriale,Commune,['Seine-Maritime'],['Normandie'],COM,{76},{28}
b15e4b73-469e-405c-81ef-320c54b5104f,213804511,Commune de Saint-Romain-de-Jalionas (38),false,{38451},Commune,2026-03-24 14:41:59.705606+01,gold_establishments_2025,,,,21380451100011,2025,Collectivité Territoriale,Commune,['Isère'],['Auvergne-Rhône-Alpes'],COM,{38},{84}
4914afa8-2379-4eaa-bfc2-d7a1af7f4fcc,210702932,Commune de Saint-Romain-de-Lerps (07),false,{07293},Commune,2026-03-24 14:41:52.562531+01,gold_establishments_2025,,,,21070293200018,2025,Collectivité Territoriale,Commune,['Ardèche'],['Auvergne-Rhône-Alpes'],COM,{07},{84}
62eedce8-e011-41cc-a138-df8b5632e409,212404958,Commune de Saint-Romain-de-Monpazier (24),false,{24495},Commune,2026-03-24 14:41:55.958138+01,gold_establishments_2025,,,,21240495800010,2025,Collectivité Territoriale,Commune,['Dordogne'],['Nouvelle-Aquitaine'],COM,{24},{75}
b874dad4-fa57-4556-9a07-f24b18e62385,216902346,Commune de Saint-Romain-de-Popey (69),false,{69234},Commune,2026-03-24 14:42:07.735343+01,gold_establishments_2025,,,,21690234600016,2025,Collectivité Territoriale,Commune,['Rhône'],['Auvergne-Rhône-Alpes'],COM,{69},{84}
1f943fcc-641c-4822-b838-8b046e49abd6,213804529,Commune de Saint-Romain-de-Surieu (38),false,{38452},Commune,2026-03-24 14:41:59.705606+01,gold_establishments_2025,,,,21380452900013,2025,Collectivité Territoriale,Commune,['Isère'],['Auvergne-Rhône-Alpes'],COM,{38},{84}
164067af-556d-4ab1-8b49-8521ce0e43ab,216902353,Commune de Saint-Romain-en-Gal (69),false,{69235},Commune,2026-03-24 14:42:07.735343+01,gold_establishments_2025,,,,21690235300012,2025,Collectivité Territoriale,Commune,['Rhône'],['Auvergne-Rhône-Alpes'],COM,{69},{84}
e9603a5a-9911-4678-84e0-a6f55427d2b3,216902361,Commune de Saint-Romain-en-Gier (69),false,{69236},Commune,2026-03-24 14:42:07.735343+01,gold_establishments_2025,,,,21690236100015,2025,Collectivité Territoriale,Commune,['Rhône'],['Auvergne-Rhône-Alpes'],COM,{69},{84}
06be58b2-15bd-444f-ad54-ff4e9fca6218,214202830,Commune de Saint-Romain-en-Jarez (42),false,{42283},Commune,2026-03-24 14:42:00.273698+01,gold_establishments_2025,,,,21420283000011,2025,Collectivité Territoriale,Commune,['Loire'],['Auvergne-Rhône-Alpes'],COM,{42},{84}
db2bba15-a3a3-470f-8f8f-e11d34a7a5ec,218401164,Commune de Saint-Romain-en-Viennois (84),false,{84116},Commune,2026-03-24 14:42:10.508772+01,gold_establishments_2025,,,,21840116400015,2025,Collectivité Territoriale,Commune,['Vaucluse'],"[""Provence-Alpes-Côte d'Azur""]",COM,{84},{93}
716701b5-8d47-4a44-a900-0d8a49755a1e,212404966,Commune de Saint-Romain-et-Saint-Clément (24),false,{24496},Commune,2026-03-24 14:41:55.958138+01,gold_establishments_2025,,,,21240496600013,2025,Collectivité Territoriale,Commune,['Dordogne'],['Nouvelle-Aquitaine'],COM,{24},{75}
fb6be31d-2ddc-4696-bfcb-b9f851ac1f45,214202848,Commune de Saint-Romain-la-Motte (42),false,{42284},Commune,2026-03-24 14:42:00.273698+01,gold_establishments_2025,,,,21420284800013,2025,Collectivité Territoriale,Commune,['Loire'],['Auvergne-Rhône-Alpes'],COM,{42},{84}
f4d9390a-ada5-4f42-8378-7170de2bce18,213304702,Commune de Saint-Romain-la-Virvée (33),false,{33470},Commune,2026-03-24 14:41:58.620411+01,gold_establishments_2025,,,,21330470200011,2025,Collectivité Territoriale,Commune,['Gironde'],['Nouvelle-Aquitaine'],COM,{33},{75}
b02e99a3-bb91-4533-a6ec-2d6eebd9d853,214702748,Commune de Saint-Romain-le-Noble (47),false,{47274},Commune,2026-03-24 14:42:00.862623+01,gold_establishments_2025,,,,21470274800010,2025,Collectivité Territoriale,Commune,['Lot-et-Garonne'],['Nouvelle-Aquitaine'],COM,{47},{75}
1e4d3c66-774a-4519-bc63-d41bc3498bb1,214202855,Commune de Saint-Romain-le-Puy (42),false,{42285},Commune,2026-03-24 14:42:00.273698+01,gold_establishments_2025,,,,21420285500018,2025,Collectivité Territoriale,Commune,['Loire'],['Auvergne-Rhône-Alpes'],COM,{42},{84}
cf7a9ecc-ec56-457c-9c98-8fb44d7711a7,214202863,Commune de Saint-Romain-les-Atheux (42),false,{42286},Commune,2026-03-24 14:42:00.273698+01,gold_establishments_2025,,,,21420286300012,2025,Collectivité Territoriale,Commune,['Loire'],['Auvergne-Rhône-Alpes'],COM,{42},{84}
dc12e01d-00e8-41f9-9804-20dc9b692955,217104777,Commune de Saint-Romain-sous-Gourdon (71),false,{71477},Commune,2026-03-24 14:42:08.279287+01,gold_establishments_2025,,,,21710477700016,2025,Collectivité Territoriale,Commune,['Saône-et-Loire'],['Bourgogne-Franche-Comté'],COM,{71},{27}
8e09eb95-6c76-4f1a-a3e1-3187d112b78a,217104785,Commune de Saint-Romain-sous-Versigny (71),false,{71478},Commune,2026-03-24 14:42:08.279287+01,gold_establishments_2025,,,,21710478500019,2025,Collectivité Territoriale,Commune,['Saône-et-Loire'],['Bourgogne-Franche-Comté'],COM,{71},{27}
a7ec0c50-6c7c-476e-85f9-2bca01069f18,214102295,Commune de Saint-Romain-sur-Cher (41),false,{41229},Commune,2026-03-24 14:42:00.273698+01,gold_establishments_2025,,,,21410229500018,2025,Collectivité Territoriale,Commune,['Loir-et-Cher'],['Centre-Val de Loire'],COM,{41},{24}
a751aed2-3094-463c-b019-36a74a04d409,212603278,Commune de Saint-Roman (26),false,{26327},Commune,2026-03-24 14:41:56.495197+01,gold_establishments_2025,,,,21260327800012,2025,Collectivité Territoriale,Commune,['Drôme'],['Auvergne-Rhône-Alpes'],COM,{26},{84}
ca849ead-100e-410c-b2a6-af9502de09b9,213002967,Commune de Saint-Roman-de-Codières (30),false,{30296},Commune,2026-03-24 14:41:57.56054+01,gold_establishments_2025,,,,21300296700015,2025,Collectivité Territoriale,Commune,['Gard'],['Occitanie'],COM,{30},{76}
6f93f6a9-9952-46a7-b9e5-8266b59ae538,218401172,Commune de Saint-Roman-de-Malegarde (84),false,{84117},Commune,2026-03-24 14:42:10.508772+01,gold_establishments_2025,,,,21840117200018,2025,Collectivité Territoriale,Commune,['Vaucluse'],"[""Provence-Alpes-Côte d'Azur""]",COM,{84},{93}
a2639378-be96-442c-9642-5d395ceea140,213804537,Commune de Saint-Romans (38),false,{38453},Commune,2026-03-24 14:41:59.705606+01,gold_establishments_2025,,,,21380453700016,2025,Collectivité Territoriale,Commune,['Isère'],['Auvergne-Rhône-Alpes'],COM,{38},{84}
a5d014a7-c218-4344-8320-f13c778443f2,217902949,Commune de Saint-Romans-des-Champs (79),false,{79294},Commune,2026-03-24 14:42:09.43682+01,gold_establishments_2025,,,,21790294900015,2025,Collectivité Territoriale,Commune,['Deux-Sèvres'],['Nouvelle-Aquitaine'],COM,{79},{75}
94f980be-a055-42a2-aace-556c308b044a,217902956,Commune de Saint-Romans-lès-Melle (79),false,{79295},Commune,2026-03-24 14:42:09.43682+01,gold_establishments_2025,,,,21790295600010,2025,Collectivité Territoriale,Commune,['Deux-Sèvres'],['Nouvelle-Aquitaine'],COM,{79},{75}
88d4666e-860f-4585-ad53-e1ae44f674cc,213105141,Commune de Saint-Rome (31),false,{31514},Commune,2026-03-24 14:41:58.09424+01,gold_establishments_2025,,,,21310514100013,2025,Collectivité Territoriale,Commune,['Haute-Garonne'],['Occitanie'],COM,{31},{76}
9cdf017c-cd0f-48fc-8f41-041003ff635d,211202437,Commune de Saint-Rome-de-Cernon (12),false,{12243},Commune,2026-03-24 14:41:53.63825+01,gold_establishments_2025,,,,21120243700011,2025,Collectivité Territoriale,Commune,['Aveyron'],['Occitanie'],COM,{12},{76}
95390cca-8ff5-4b98-9966-3ad99875394f,211202445,Commune de Saint-Rome-de-Tarn (12),false,{12244},Commune,2026-03-24 14:41:53.63825+01,gold_establishments_2025,,,,21120244500014,2025,Collectivité Territoriale,Commune,['Aveyron'],['Occitanie'],COM,{12},{76}
54c6c55b-4e34-496e-ae61-e7bdacb47366,213105158,Commune de Saint-Rustice (31),false,{31515},Commune,2026-03-24 14:41:58.09424+01,gold_establishments_2025,,,,21310515800017,2025,Collectivité Territoriale,Commune,['Haute-Garonne'],['Occitanie'],COM,{31},{76}
db6535a6-f7d5-4e11-88e2-59f5daf959cc,213702368,Commune de Saint-Règle (37),false,{37236},Commune,2026-03-24 14:41:59.160244+01,gold_establishments_2025,,,,21370236800019,2025,Collectivité Territoriale,Commune,['Indre-et-Loire'],['Centre-Val de Loire'],COM,{37},{24}
c9ae1e6e-6639-4136-9726-556bd493e21c,214202806,Commune de Saint-Régis-du-Coin (42),false,{42280},Commune,2026-03-24 14:42:00.273698+01,gold_establishments_2025,,,,21420280600011,2025,Collectivité Territoriale,Commune,['Loire'],['Auvergne-Rhône-Alpes'],COM,{42},{84}
a760ef25-c5e8-47ce-981a-9673efe6d67b,210103859,Commune de Saint-Rémy (01),false,{01385},Commune,2026-03-24 14:41:51.447482+01,gold_establishments_2025,,,,21010385900018,2025,Collectivité Territoriale,Commune,['Ain'],['Auvergne-Rhône-Alpes'],COM,{01},{84}
acc20969-36f0-4bf0-b6e9-6615c3a471d1,211202429,Commune de Saint-Rémy (12),false,{12242},Commune,2026-03-24 14:41:53.63825+01,gold_establishments_2025,,,,21120242900018,2025,Collectivité Territoriale,Commune,['Aveyron'],['Occitanie'],COM,{12},{76}
23638ba7-56a2-48b7-aef1-309ef4ab66eb,211406566,Commune de Saint-Rémy (14),false,{14656},Commune,2026-03-24 14:41:54.362296+01,gold_establishments_2025,,,,21140656600011,2025,Collectivité Territoriale,Commune,['Calvados'],['Normandie'],COM,{14},{28}
54c22020-dda5-4bd7-960d-42194030dece,211923800,Commune de Saint-Rémy (19),false,{19238},Commune,2026-03-24 14:41:55.433389+01,gold_establishments_2025,,,,21192380000018,2025,Collectivité Territoriale,Commune,['Corrèze'],['Nouvelle-Aquitaine'],COM,{19},{75}
26ecc515-a3c3-4f9b-8653-7ad2aa0e9455,212105688,Commune de Saint-Rémy (21),false,{21568},Commune,2026-03-24 14:41:55.433389+01,gold_establishments_2025,,,,21210568800015,2025,Collectivité Territoriale,Commune,"[""Côte-d'Or""]",['Bourgogne-Franche-Comté'],COM,{21},{27}
c6f6f3b3-e69d-4553-9e5b-8e0054a46d2d,212404941,Commune de Saint-Rémy (24),false,{24494},Commune,2026-03-24 14:41:55.958138+01,gold_establishments_2025,,,,21240494100016,2025,Collectivité Territoriale,Commune,['Dordogne'],['Nouvelle-Aquitaine'],COM,{24},{75}
6c932514-fcfe-4427-99dc-38ecaa09eb33,217104751,Commune de Saint-Rémy (71),false,{71475},Commune,2026-03-24 14:42:08.279287+01,gold_establishments_2025,,,,21710475100094,2025,Collectivité Territoriale,Commune,['Saône-et-Loire'],['Bourgogne-Franche-Comté'],COM,{71},{27}
dd9f545b-6531-4742-884f-8b32c4b66c19,217902931,Commune de Saint-Rémy (79),false,{79293},Commune,2026-03-24 14:42:09.43682+01,gold_establishments_2025,,,,21790293100013,2025,Collectivité Territoriale,Commune,['Deux-Sèvres'],['Nouvelle-Aquitaine'],COM,{79},{75}
27b9053f-36a2-4f4f-98e1-1481af938be2,210206678,Commune de Saint-Rémy-Blanzy (02),false,{02693},Commune,2026-03-24 14:41:52.020251+01,gold_establishments_2025,,,,21020667800018,2025,Collectivité Territoriale,Commune,['Aisne'],['Hauts-de-France'],COM,{02},{32}
53600ffa-0628-49c9-87df-324eb59951a8,217606441,Commune de Saint-Rémy-Boscrocourt (76),false,{76644},Commune,2026-03-24 14:42:08.818969+01,gold_establishments_2025,,,,21760644100012,2025,Collectivité Territoriale,Commune,['Seine-Maritime'],['Normandie'],COM,{76},{28}
5ce2840e-da4a-4302-9ea7-0078abb8ce31,216207688,Commune de Saint-Rémy-au-Bois (62),false,{62768},Commune,2026-03-24 14:42:06.130387+01,gold_establishments_2025,,,,21620768800013,2025,Collectivité Territoriale,Commune,['Pas-de-Calais'],['Hauts-de-France'],COM,{62},{32}
06f78ae5-38de-4e84-bd8b-66ef78e32353,215404872,Commune de Saint-Rémy-aux-Bois (54),false,{54487},Commune,2026-03-24 14:42:02.957225+01,gold_establishments_2025,,,,21540487200016,2025,Collectivité Territoriale,Commune,['Meurthe-et-Moselle'],['Grand Est'],COM,{54},{44}
c3df15c1-e999-430a-b24b-ca3f41cfb604,216303917,Commune de Saint-Rémy-de-Blot (63),false,{63391},Commune,2026-03-24 14:42:06.130387+01,gold_establishments_2025,,,,21630391700019,2025,Collectivité Territoriale,Commune,['Puy-de-Dôme'],['Auvergne-Rhône-Alpes'],COM,{63},{84}
9b560384-bc5f-4d57-9e4b-f0b8448355ec,216303925,Commune de Saint-Rémy-de-Chargnat (63),false,{63392},Commune,2026-03-24 14:42:06.130387+01,gold_establishments_2025,,,,21630392500012,2025,Collectivité Territoriale,Commune,['Puy-de-Dôme'],['Auvergne-Rhône-Alpes'],COM,{63},{84}
cd3806a7-0c9d-469d-aca5-976f83fcdb86,211502091,Commune de Saint-Rémy-de-Chaudes-Aigues (15),false,{15209},Commune,2026-03-24 14:41:54.362296+01,gold_establishments_2025,,,,21150209100013,2025,Collectivité Territoriale,Commune,['Cantal'],['Auvergne-Rhône-Alpes'],COM,{15},{84}
a7ab21f6-9ae3-4d07-b76d-4ed39f1067de,217302785,Commune de Saint-Rémy-de-Maurienne (73),false,{73278},Commune,2026-03-24 14:42:08.279287+01,gold_establishments_2025,,,,21730278500019,2025,Collectivité Territoriale,Commune,['Savoie'],['Auvergne-Rhône-Alpes'],COM,{73},{84}
19eb2f53-f50b-4fe3-8509-2ac0ec5cf072,211301007,Commune de Saint-Rémy-de-Provence (13),false,{13100},Commune,2026-03-24 14:41:53.63825+01,gold_establishments_2025,,,,21130100700012,2025,Collectivité Territoriale,Commune,['Bouches-du-Rhône'],"[""Provence-Alpes-Côte d'Azur""]",COM,{13},{93}
e7f48a53-e231-45d3-80b8-3f33c2776d04,217203157,Commune de Saint-Rémy-de-Sillé (72),false,{72315},Commune,2026-03-24 14:42:08.279287+01,gold_establishments_2025,,,,21720315700011,2025,Collectivité Territoriale,Commune,['Sarthe'],['Pays de la Loire'],COM,{72},{52}
f50099b0-2bbe-4b93-b5f0-5e943ee3e4e5,217704329,Commune de Saint-Rémy-de-la-Vanne (77),false,{77432},Commune,2026-03-24 14:42:09.43682+01,gold_establishments_2025,,,,21770432900010,2025,Collectivité Territoriale,Commune,['Seine-et-Marne'],['Île-de-France'],COM,{77},{11}
f5a8f530-d4a0-409d-900a-9b608d0a9a77,217203165,Commune de Saint-Rémy-des-Monts (72),false,{72316},Commune,2026-03-24 14:42:08.279287+01,gold_establishments_2025,,,,21720316500014,2025,Collectivité Territoriale,Commune,['Sarthe'],['Pays de la Loire'],COM,{72},{52}
f2bdc65d-f3cb-482e-8daa-cce42250a079,213503097,Commune de Saint-Rémy-du-Plain (35),false,{35309},Commune,2026-03-24 14:41:59.160244+01,gold_establishments_2025,,,,21350309700015,2025,Collectivité Territoriale,Commune,['Ille-et-Vilaine'],['Bretagne'],COM,{35},{53}
0f1213a7-d679-48a9-8628-39e182feb8a6,217203173,Commune de Saint-Rémy-du-Val (72),false,{72317},Commune,2026-03-24 14:42:08.279287+01,gold_establishments_2025,,,,21720317300018,2025,Collectivité Territoriale,Commune,['Sarthe'],['Pays de la Loire'],COM,{72},{52}
c8c868a6-4057-4106-a569-617c1f20314d,217004720,Commune de Saint-Rémy-en-Comté (70),false,{70472},Commune,2026-03-24 14:42:07.735343+01,gold_establishments_2025,,,,21700472000058,2025,Collectivité Territoriale,Commune,['Haute-Saône'],['Bourgogne-Franche-Comté'],COM,{70},{27}
32f21119-ef4c-447d-a449-8b6fd1ea671a,210302584,Commune de Saint-Rémy-en-Rollat (03),false,{03258},Commune,2026-03-24 14:41:52.020251+01,gold_establishments_2025,,,,21030258400011,2025,Collectivité Territoriale,Commune,['Allier'],['Auvergne-Rhône-Alpes'],COM,{03},{84}
4fac4b13-45f5-454a-8b85-93416e9c8372,217805761,Commune de Saint-Rémy-l'Honoré (78),false,{78576},Commune,2026-03-24 14:42:09.43682+01,gold_establishments_2025,,,,21780576100012,2025,Collectivité Territoriale,Commune,['Yvelines'],['Île-de-France'],COM,{78},{11}
81432860-047f-4216-8a32-adaf30346f7d,217805753,Commune de Saint-Rémy-lès-Chevreuse (78),false,{78575},Commune,2026-03-24 14:42:09.43682+01,gold_establishments_2025,,,,21780575300019,2025,Collectivité Territoriale,Commune,['Yvelines'],['Île-de-France'],COM,{78},{11}
cc034061-b1d9-4e65-905f-9fb7a108d226,212803597,Commune de Saint-Rémy-sur-Avre (28),false,{28359},Commune,2026-03-24 14:41:57.028721+01,gold_establishments_2025,,,,21280359700013,2025,Collectivité Territoriale,Commune,['Eure-et-Loir'],['Centre-Val de Loire'],COM,{28},{24}
e40d9795-d582-4224-81b8-9b0ffbc89d5f,218602415,Commune de Saint-Rémy-sur-Creuse (86),false,{86241},Commune,2026-03-24 14:42:10.508772+01,gold_establishments_2025,,,,21860241500018,2025,Collectivité Territoriale,Commune,['Vienne'],['Nouvelle-Aquitaine'],COM,{86},{75}
077bdb83-79ce-4450-a1ca-71c4c02c1b08,216303933,Commune de Saint-Rémy-sur-Durolle (63),false,{63393},Commune,2026-03-24 14:42:06.130387+01,gold_establishments_2025,,,,21630393300016,2025,Collectivité Territoriale,Commune,['Puy-de-Dôme'],['Auvergne-Rhône-Alpes'],COM,{63},{84}
f03fe7ad-e60c-4d4a-b6bf-76463734a5ea,218502680,Commune de Saint-Révérend (85),false,{85268},Commune,2026-03-24 14:42:10.508772+01,gold_establishments_2025,,,,21850268000018,2025,Collectivité Territoriale,Commune,['Vendée'],['Pays de la Loire'],COM,{85},{52}
845c7fac-29d5-47a6-bd69-92b111fe8418,215802661,Commune de Saint-Révérien (58),false,{58266},Commune,2026-03-24 14:42:04.280096+01,gold_establishments_2025,,,,21580266100011,2025,Collectivité Territoriale,Commune,['Nièvre'],['Bourgogne-Franche-Comté'],COM,{58},{27}
abe40bb7-29ba-4aca-9cf7-81cbd4ce87ab,217606490,Commune de Saint-Saire (76),false,{76649},Commune,2026-03-24 14:42:08.818969+01,gold_establishments_2025,,,,21760649000019,2025,Collectivité Territoriale,Commune,['Seine-Maritime'],['Normandie'],COM,{76},{28}
4149ee71-51af-4408-b249-33f8b41ae9df,211924006,Commune de Saint-Salvadour (19),false,{19240},Commune,2026-03-24 14:41:55.433389+01,gold_establishments_2025,,,,21192400600011,2025,Collectivité Territoriale,Commune,['Corrèze'],['Nouvelle-Aquitaine'],COM,{19},{75}
3d9082c7-3fda-4e54-bc1c-9bea340e0363,218102689,Commune de Saint-Salvi-de-Carcavès (81),false,{81268},Commune,2026-03-24 14:42:09.967209+01,gold_establishments_2025,,,,21810268900013,2025,Collectivité Territoriale,Commune,['Tarn'],['Occitanie'],COM,{81},{76}
c2513db2-4d86-4369-b1a9-bd4778d15e3e,214702755,Commune de Saint-Salvy (47),false,{47275},Commune,2026-03-24 14:42:00.862623+01,gold_establishments_2025,,,,21470275500015,2025,Collectivité Territoriale,Commune,['Lot-et-Garonne'],['Nouvelle-Aquitaine'],COM,{47},{75}
98fdf52c-051a-4930-8577-402d24445ef8,218102697,Commune de Saint-Salvy-de-la-Balme (81),false,{81269},Commune,2026-03-24 14:42:09.967209+01,gold_establishments_2025,,,,21810269700016,2025,Collectivité Territoriale,Commune,['Tarn'],['Occitanie'],COM,{81},{76}
78a1f6d4-4ed3-4953-b026-9ac1d8fc6649,211406574,Commune de Saint-Samson (14),false,{14657},Commune,2026-03-24 14:41:54.362296+01,gold_establishments_2025,,,,21140657400015,2025,Collectivité Territoriale,Commune,['Calvados'],['Normandie'],COM,{14},{28}
5611e8ec-986c-4d76-ad9e-41a6c1d6e4e7,212706014,Commune de Saint-Samson-de-la-Roque (27),false,{27601},Commune,2026-03-24 14:41:57.028721+01,gold_establishments_2025,,,,21270601400017,2025,Collectivité Territoriale,Commune,['Eure'],['Normandie'],COM,{27},{28}
a672cfd6-3381-47b1-9d39-3cb3c51c51cf,216005892,Commune de Saint-Samson-la-Poterie (60),false,{60596},Commune,2026-03-24 14:42:04.814328+01,gold_establishments_2025,,,,21600589200015,2025,Collectivité Territoriale,Commune,['Oise'],['Hauts-de-France'],COM,{60},{32}
2cb9a094-1e79-46fc-96b0-e25b19969ea3,212203277,Commune de Saint-Samson-sur-Rance (22),false,{22327},Commune,2026-03-24 14:41:55.958138+01,gold_establishments_2025,,,,21220327700018,2025,Collectivité Territoriale,Commune,"[""Côtes-d'Armor""]",['Bretagne'],COM,{22},{53}
d4f058ed-8ebd-43a6-b961-6c5b5b4898f1,216303958,Commune de Saint-Sandoux (63),false,{63395},Commune,2026-03-24 14:42:06.130387+01,gold_establishments_2025,,,,21630395800013,2025,Collectivité Territoriale,Commune,['Puy-de-Dôme'],['Auvergne-Rhône-Alpes'],COM,{63},{84}
3f08fa2d-ca01-4507-a902-ba4b23c8855d,211202460,Commune de Saint-Santin (12),false,{12246},Commune,2026-03-24 14:41:53.63825+01,gold_establishments_2025,,,,21120246000013,2025,Collectivité Territoriale,Commune,['Aveyron'],['Occitanie'],COM,{12},{76}
d8ea4e63-219c-436d-9966-817bd8c37a30,211502117,Commune de Saint-Santin-Cantalès (15),false,{15211},Commune,2026-03-24 14:41:54.362296+01,gold_establishments_2025,,,,21150211700016,2025,Collectivité Territoriale,Commune,['Cantal'],['Auvergne-Rhône-Alpes'],COM,{15},{84}
0d775476-7c4f-4b79-aedd-e6dbeea443c5,211502125,Commune de Saint-Santin-de-Maurs (15),false,{15212},Commune,2026-03-24 14:41:54.362296+01,gold_establishments_2025,,,,21150212500019,2025,Collectivité Territoriale,Commune,['Cantal'],['Auvergne-Rhône-Alpes'],COM,{15},{84}
ce7858cb-442e-47dd-a95a-a04e0876f1a3,214702763,Commune de Saint-Sardos (47),false,{47276},Commune,2026-03-24 14:42:00.862623+01,gold_establishments_2025,,,,21470276300019,2025,Collectivité Territoriale,Commune,['Lot-et-Garonne'],['Nouvelle-Aquitaine'],COM,{47},{75}
6845d4a0-11b3-4ad6-9286-bae5183976ee,218201739,Commune de Saint-Sardos (82),false,{82173},Commune,2026-03-24 14:42:10.508772+01,gold_establishments_2025,,,,21820173900016,2025,Collectivité Territoriale,Commune,['Tarn-et-Garonne'],['Occitanie'],COM,{82},{76}
ab790e62-15ba-42da-b282-b5074b2ac6d9,211802335,Commune de Saint-Satur (18),false,{18233},Commune,2026-03-24 14:41:54.903238+01,gold_establishments_2025,,,,21180233500011,2025,Collectivité Territoriale,Commune,['Cher'],['Centre-Val de Loire'],COM,{18},{24}
a1b8c37f-6821-4b41-828e-0744710c522c,211502133,Commune de Saint-Saturnin (15),false,{15213},Commune,2026-03-24 14:41:54.362296+01,gold_establishments_2025,,,,21150213300013,2025,Collectivité Territoriale,Commune,['Cantal'],['Auvergne-Rhône-Alpes'],COM,{15},{84}
e7af5696-3109-44eb-abf9-a88a2f0ff8da,211603485,Commune de Saint-Saturnin (16),false,{16348},Commune,2026-03-24 14:41:54.362296+01,gold_establishments_2025,,,,21160348500015,2025,Collectivité Territoriale,Commune,['Charente'],['Nouvelle-Aquitaine'],COM,{16},{75}
e36afff7-51af-4d1e-b5d1-b21158ebd979,211802343,Commune de Saint-Saturnin (18),false,{18234},Commune,2026-03-24 14:41:54.903238+01,gold_establishments_2025,,,,21180234300015,2025,Collectivité Territoriale,Commune,['Cher'],['Centre-Val de Loire'],COM,{18},{24}
de9f5bcf-10a7-4684-8878-ee76d112a9bd,214801813,Commune de Saint-Saturnin (48),false,{48181},Commune,2026-03-24 14:42:01.412377+01,gold_establishments_2025,,,,21480181300012,2025,Collectivité Territoriale,Commune,['Lozère'],['Occitanie'],COM,{48},{76}
94dbda1e-0e55-4a5d-ac09-d2e0339c71f6,215104795,Commune de Saint-Saturnin (51),false,{51516},Commune,2026-03-24 14:42:01.954481+01,gold_establishments_2025,,,,21510479500012,2025,Collectivité Territoriale,Commune,['Marne'],['Grand Est'],COM,{51},{44}
fc9c61a9-964e-49e4-9b93-3591d54bbbb9,216303966,Commune de Saint-Saturnin (63),false,{63396},Commune,2026-03-24 14:42:06.130387+01,gold_establishments_2025,,,,21630396600016,2025,Collectivité Territoriale,Commune,['Puy-de-Dôme'],['Auvergne-Rhône-Alpes'],COM,{63},{84}
45242cb6-1b47-4b61-848b-dfde6d2974fc,217203207,Commune de Saint-Saturnin (72),false,{72320},Commune,2026-03-24 14:42:08.279287+01,gold_establishments_2025,,,,21720320700014,2025,Collectivité Territoriale,Commune,['Sarthe'],['Pays de la Loire'],COM,{72},{52}
5fbc964c-f2c2-4286-9de3-0a7e0d8dbd3f,211202478,Commune de Saint-Saturnin-de-Lenne (12),false,{12247},Commune,2026-03-24 14:41:53.63825+01,gold_establishments_2025,,,,21120247800015,2025,Collectivité Territoriale,Commune,['Aveyron'],['Occitanie'],COM,{12},{76}
9516d7b5-e9fd-48ee-9301-268de729ad7b,213402878,Commune de Saint-Saturnin-de-Lucian (34),false,{34287},Commune,2026-03-24 14:41:58.620411+01,gold_establishments_2025,,,,21340287800010,2025,Collectivité Territoriale,Commune,['Hérault'],['Occitanie'],COM,{34},{76}
92c5bb0e-95b0-4988-bb58-296abd890308,211703947,Commune de Saint-Saturnin-du-Bois (17),false,{17394},Commune,2026-03-24 14:41:54.903238+01,gold_establishments_2025,,,,21170394700013,2025,Collectivité Territoriale,Commune,['Charente-Maritime'],['Nouvelle-Aquitaine'],COM,{17},{75}
52e5d3c2-fe11-4c68-a4da-ffaf5e9ca05e,215302530,Commune de Saint-Saturnin-du-Limet (53),false,{53253},Commune,2026-03-24 14:42:02.957225+01,gold_establishments_2025,,,,21530253000013,2025,Collectivité Territoriale,Commune,['Mayenne'],['Pays de la Loire'],COM,{53},{52}
b04f1978-dfbc-4ede-9f05-c9c48b9b4d9a,218401180,Commune de Saint-Saturnin-lès-Apt (84),false,{84118},Commune,2026-03-24 14:42:10.508772+01,gold_establishments_2025,,,,21840118000011,2025,Collectivité Territoriale,Commune,['Vaucluse'],"[""Provence-Alpes-Côte d'Azur""]",COM,{84},{93}
ce0c4531-5594-49d1-9f19-0ce2b4e8f5c1,218401198,Commune de Saint-Saturnin-lès-Avignon (84),false,{84119},Commune,2026-03-24 14:42:10.508772+01,gold_establishments_2025,,,,21840119800013,2025,Collectivité Territoriale,Commune,['Vaucluse'],"[""Provence-Alpes-Côte d'Azur""]",COM,{84},{93}
6a6aa5fb-63a6-44e1-900d-96d65516119d,212404982,Commune de Saint-Saud-Lacoussière (24),false,{24498},Commune,2026-03-24 14:41:55.958138+01,gold_establishments_2025,,,,21240498200010,2025,Collectivité Territoriale,Commune,['Dordogne'],['Nouvelle-Aquitaine'],COM,{24},{75}
03cd380c-5dd4-46be-8352-73a62f11e286,218006740,Commune de Saint-Sauflieu (80),false,{80717},Commune,2026-03-24 14:42:09.967209+01,gold_establishments_2025,,,,21800674000011,2025,Collectivité Territoriale,Commune,['Somme'],['Hauts-de-France'],COM,{80},{32}
7f382bdc-58db-4620-bb9e-da3998b60651,215802679,Commune de Saint-Saulge (58),false,{58267},Commune,2026-03-24 14:42:04.280096+01,gold_establishments_2025,,,,21580267900013,2025,Collectivité Territoriale,Commune,['Nièvre'],['Bourgogne-Franche-Comté'],COM,{58},{27}
8be154d9-fe5c-4fc3-b422-071f67328053,215905449,Commune de Saint-Saulve (59),false,{59544},Commune,2026-03-24 14:42:04.814328+01,gold_establishments_2025,,,,21590544900017,2025,Collectivité Territoriale,Commune,['Nord'],['Hauts-de-France'],COM,{59},{32}
b57501ae-b606-4f4f-aa46-81c50acb7a99,211502141,Commune de Saint-Saury (15),false,{15214},Commune,2026-03-24 14:41:54.362296+01,gold_establishments_2025,,,,21150214100016,2025,Collectivité Territoriale,Commune,['Cantal'],['Auvergne-Rhône-Alpes'],COM,{15},{84}
9277640a-6ec3-4c3f-b120-d359965f830a,211703954,Commune de Saint-Sauvant (17),false,{17395},Commune,2026-03-24 14:41:54.903238+01,gold_establishments_2025,,,,21170395400019,2025,Collectivité Territoriale,Commune,['Charente-Maritime'],['Nouvelle-Aquitaine'],COM,{17},{75}
94f785b7-cbbc-4650-ad73-485938622606,218602449,Commune de Saint-Sauvant (86),false,{86244},Commune,2026-03-24 14:42:11.118516+01,gold_establishments_2025,,,,21860244900017,2025,Collectivité Territoriale,Commune,['Vienne'],['Nouvelle-Aquitaine'],COM,{86},{75}
0d62da59-eb86-416c-8e04-a0802722f89d,216303974,Commune de Saint-Sauves-d'Auvergne (63),false,{63397},Commune,2026-03-24 14:42:06.130387+01,gold_establishments_2025,,,,21630397400010,2025,Collectivité Territoriale,Commune,['Puy-de-Dôme'],['Auvergne-Rhône-Alpes'],COM,{63},{84}
fe9506d0-aef9-47a1-8243-cb14d7215d71,210501565,Commune de Saint-Sauveur (05),false,{05156},Commune,2026-03-24 14:41:52.562531+01,gold_establishments_2025,,,,21050156500019,2025,Collectivité Territoriale,Commune,['Hautes-Alpes'],"[""Provence-Alpes-Côte d'Azur""]",COM,{05},{93}
40f8dcd3-7a03-4b2d-9457-b8f9e291c631,212105712,Commune de Saint-Sauveur (21),false,{21571},Commune,2026-03-24 14:41:55.433389+01,gold_establishments_2025,,,,21210571200013,2025,Collectivité Territoriale,Commune,"[""Côte-d'Or""]",['Bourgogne-Franche-Comté'],COM,{21},{27}
9924a406-bd21-42cc-8d86-10fe6cdd1481,212404990,Commune de Saint-Sauveur (24),false,{24499},Commune,2026-03-24 14:41:55.958138+01,gold_establishments_2025,,,,21240499000013,2025,Collectivité Territoriale,Commune,['Dordogne'],['Nouvelle-Aquitaine'],COM,{24},{75}
c3d1e262-056b-4cec-9f6a-81aeb0a8dfc0,212902621,Commune de Saint-Sauveur (29),false,{29262},Commune,2026-03-24 14:41:57.56054+01,gold_establishments_2025,,,,21290262100011,2025,Collectivité Territoriale,Commune,['Finistère'],['Bretagne'],COM,{29},{53}
8f279cd7-a176-4ea9-955d-b311cdc5c8bb,213105166,Commune de Saint-Sauveur (31),false,{31516},Commune,2026-03-24 14:41:58.09424+01,gold_establishments_2025,,,,21310516600010,2025,Collectivité Territoriale,Commune,['Haute-Garonne'],['Occitanie'],COM,{31},{76}
22f1fcb0-cfb5-4c5d-85d8-734685bb00c1,213304710,Commune de Saint-Sauveur (33),false,{33471},Commune,2026-03-24 14:41:58.620411+01,gold_establishments_2025,,,,21330471000014,2025,Collectivité Territoriale,Commune,['Gironde'],['Nouvelle-Aquitaine'],COM,{33},{75}
5ba96bd8-8267-4acf-85fa-d3dfee8232c1,213804545,Commune de Saint-Sauveur (38),false,{38454},Commune,2026-03-24 14:41:59.705606+01,gold_establishments_2025,,,,21380454500019,2025,Collectivité Territoriale,Commune,['Isère'],['Auvergne-Rhône-Alpes'],COM,{38},{84}
23eb8a73-356d-4f8e-a798-325bd33512ad,215404880,Commune de Saint-Sauveur (54),false,{54488},Commune,2026-03-24 14:42:02.957225+01,gold_establishments_2025,,,,21540488000019,2025,Collectivité Territoriale,Commune,['Meurthe-et-Moselle'],['Grand Est'],COM,{54},{44}
b01845ea-bcaf-4439-bc10-f2cdcd9d95bf,216005900,Commune de Saint-Sauveur (60),false,{60597},Commune,2026-03-24 14:42:04.814328+01,gold_establishments_2025,,,,21600590000016,2025,Collectivité Territoriale,Commune,['Oise'],['Hauts-de-France'],COM,{60},{32}
f6b15070-05a0-4ec9-bc84-1514320f39d5,217004738,Commune de Saint-Sauveur (70),false,{70473},Commune,2026-03-24 14:42:07.735343+01,gold_establishments_2025,,,,21700473800019,2025,Collectivité Territoriale,Commune,['Haute-Saône'],['Bourgogne-Franche-Comté'],COM,{70},{27}
210d9558-88a3-4557-b3b9-11ae97109b37,218006757,Commune de Saint-Sauveur (80),false,{80718},Commune,2026-03-24 14:42:09.967209+01,gold_establishments_2025,,,,21800675700015,2025,Collectivité Territoriale,Commune,['Somme'],['Hauts-de-France'],COM,{80},{32}
ee4373d0-3426-4dd0-831a-36681db77013,213002975,Commune de Saint-Sauveur-Camprieu (30),false,{30297},Commune,2026-03-24 14:41:57.56054+01,gold_establishments_2025,,,,21300297500018,2025,Collectivité Territoriale,Commune,['Gard'],['Occitanie'],COM,{30},{76}
5eb2e1c5-9c9c-4a60-9b20-b542680c1ae8,212603294,Commune de Saint-Sauveur-Gouvernet (26),false,{26329},Commune,2026-03-24 14:41:56.495197+01,gold_establishments_2025,,,,21260329400019,2025,Collectivité Territoriale,Commune,['Drôme'],['Auvergne-Rhône-Alpes'],COM,{26},{84}
88a46914-162c-4d1d-8d28-872fcacaad3a,212405005,Commune de Saint-Sauveur-Lalande (24),false,{24500},Commune,2026-03-24 14:41:55.958138+01,gold_establishments_2025,,,,21240500500019,2025,Collectivité Territoriale,Commune,['Dordogne'],['Nouvelle-Aquitaine'],COM,{24},{75}
a2711f3d-b3b6-4475-82d3-b1cc9b454d9d,212803605,Commune de Saint-Sauveur-Marville (28),false,{28360},Commune,2026-03-24 14:41:57.028721+01,gold_establishments_2025,,,,21280360500014,2025,Collectivité Territoriale,Commune,['Eure-et-Loir'],['Centre-Val de Loire'],COM,{28},{24}
9630c845-6d3f-42e3-b883-0870171e6b4f,200087047,Commune de Saint-Sauveur-Villages (50),false,{50550},Commune,2026-03-24 14:42:01.412377+01,gold_establishments_2025,,,,20008704700011,2025,Collectivité Territoriale,Commune,['Manche'],['Normandie'],COM,{50},{28}
24ff1616-e7ef-4677-a604-730c49f1882e,211703962,Commune de Saint-Sauveur-d'Aunis (17),false,{17396},Commune,2026-03-24 14:41:54.903238+01,gold_establishments_2025,,,,21170396200012,2025,Collectivité Territoriale,Commune,['Charente-Maritime'],['Nouvelle-Aquitaine'],COM,{17},{75}
ac20e65a-9564-47d1-b659-b7d31e7f1a6b,217606508,Commune de Saint-Sauveur-d'Émalleville (76),false,{76650},Commune,2026-03-24 14:42:08.818969+01,gold_establishments_2025,,,,21760650800042,2025,Collectivité Territoriale,Commune,['Seine-Maritime'],['Normandie'],COM,{76},{28}
8e92e020-c2de-4f3a-b6a8-d3f95c137b5b,216104539,Commune de Saint-Sauveur-de-Carrouges (61),false,{61453},Commune,2026-03-24 14:42:05.597325+01,gold_establishments_2025,,,,21610453900012,2025,Collectivité Territoriale,Commune,['Orne'],['Normandie'],COM,{61},{28}
71a1f156-3efd-4fa5-9b41-4a7e00bef131,210702940,Commune de Saint-Sauveur-de-Cruzières (07),false,{07294},Commune,2026-03-24 14:41:52.562531+01,gold_establishments_2025,,,,21070294000011,2025,Collectivité Territoriale,Commune,['Ardèche'],['Auvergne-Rhône-Alpes'],COM,{07},{84}
76433b18-2605-4fd8-8030-999bd88c708a,214801821,Commune de Saint-Sauveur-de-Ginestoux (48),false,{48182},Commune,2026-03-24 14:42:01.412377+01,gold_establishments_2025,,,,21480182100015,2025,Collectivité Territoriale,Commune,['Lozère'],['Occitanie'],COM,{48},{76}
1a6c6a4f-64fd-4403-9de5-605735483480,214702771,Commune de Saint-Sauveur-de-Meilhan (47),false,{47277},Commune,2026-03-24 14:42:00.862623+01,gold_establishments_2025,,,,21470277100012,2025,Collectivité Territoriale,Commune,['Lot-et-Garonne'],['Nouvelle-Aquitaine'],COM,{47},{75}
3eb294fb-60dd-46a8-8e3c-e1baa8a9905c,210702957,Commune de Saint-Sauveur-de-Montagut (07),false,{07295},Commune,2026-03-24 14:41:52.562531+01,gold_establishments_2025,,,,21070295700015,2025,Collectivité Territoriale,Commune,['Ardèche'],['Auvergne-Rhône-Alpes'],COM,{07},{84}
dd064249-4f50-40d7-8486-316d9a11219e,215005489,Commune de Saint-Sauveur-de-Pierrepont (50),false,{50548},Commune,2026-03-24 14:42:01.412377+01,gold_establishments_2025,,,,21500548900012,2025,Collectivité Territoriale,Commune,['Manche'],['Normandie'],COM,{50},{28}
673ba8d2-c4c3-41f4-8303-9ae6af4dae0f,213304728,Commune de Saint-Sauveur-de-Puynormand (33),false,{33472},Commune,2026-03-24 14:41:58.620411+01,gold_establishments_2025,,,,21330472800016,2025,Collectivité Territoriale,Commune,['Gironde'],['Nouvelle-Aquitaine'],COM,{33},{75}
34c4fb80-4e97-48cc-9f0b-8e7d6a8b1de1,213503105,Commune de Saint-Sauveur-des-Landes (35),false,{35310},Commune,2026-03-24 14:41:59.160244+01,gold_establishments_2025,,,,21350310500016,2025,Collectivité Territoriale,Commune,['Ille-et-Vilaine'],['Bretagne'],COM,{35},{53}
99bb0016-9dc8-4349-b244-1b275962c4a7,212603286,Commune de Saint-Sauveur-en-Diois (26),false,{26328},Commune,2026-03-24 14:41:56.495197+01,gold_establishments_2025,,,,21260328600015,2025,Collectivité Territoriale,Commune,['Drôme'],['Auvergne-Rhône-Alpes'],COM,{26},{84}
0b5b39a4-f0b7-4e31-9931-89177b06e394,218903680,Commune de Saint-Sauveur-en-Puisaye (89),false,{89368},Commune,2026-03-24 14:42:11.659493+01,gold_establishments_2025,,,,21890368000013,2025,Collectivité Territoriale,Commune,['Yonne'],['Bourgogne-Franche-Comté'],COM,{89},{27}
e9896167-d3ac-45ac-a1e7-869e0553d7f2,214202871,Commune de Saint-Sauveur-en-Rue (42),false,{42287},Commune,2026-03-24 14:42:00.273698+01,gold_establishments_2025,,,,21420287100015,2025,Collectivité Territoriale,Commune,['Loire'],['Auvergne-Rhône-Alpes'],COM,{42},{84}
1cacc010-6599-470e-afed-cf4610a1b92a,215005497,Commune de Saint-Sauveur-la-Pommeraye (50),false,{50549},Commune,2026-03-24 14:42:01.412377+01,gold_establishments_2025,,,,21500549700015,2025,Collectivité Territoriale,Commune,['Manche'],['Normandie'],COM,{50},{28}
81fc2d87-724f-49ca-9c0b-e752a9685dac,216303982,Commune de Saint-Sauveur-la-Sagne (63),false,{63398},Commune,2026-03-24 14:42:06.130387+01,gold_establishments_2025,,,,21630398200013,2025,Collectivité Territoriale,Commune,['Puy-de-Dôme'],['Auvergne-Rhône-Alpes'],COM,{63},{84}
52385024-78a2-4772-94f6-c28489ce7a0e,215005513,Commune de Saint-Sauveur-le-Vicomte (50),false,{50551},Commune,2026-03-24 14:42:01.412377+01,gold_establishments_2025,,,,21500551300019,2025,Collectivité Territoriale,Commune,['Manche'],['Normandie'],COM,{50},{28}
36efaaae-8a18-4c5a-8d13-4075ac5c8dcd,217704345,Commune de Saint-Sauveur-lès-Bray (77),false,{77434},Commune,2026-03-24 14:42:09.43682+01,gold_establishments_2025,,,,21770434500016,2025,Collectivité Territoriale,Commune,['Seine-et-Marne'],['Île-de-France'],COM,{77},{11}
6c73feb5-1d20-4e65-953c-4fa68d3f20a1,210601290,Commune de Saint-Sauveur-sur-Tinée (06),false,{06129},Commune,2026-03-24 14:41:52.562531+01,gold_establishments_2025,,,,21060129000013,2025,Collectivité Territoriale,Commune,['Alpes-Maritimes'],"[""Provence-Alpes-Côte d'Azur""]",COM,{06},{93}
4e56a73a-16d4-418f-87d4-e81832dec207,217704352,Commune de Saint-Sauveur-sur-École (77),false,{77435},Commune,2026-03-24 14:42:09.43682+01,gold_establishments_2025,,,,21770435200012,2025,Collectivité Territoriale,Commune,['Seine-et-Marne'],['Île-de-France'],COM,{77},{11}
8906f146-980b-41b1-92a3-81846df622ee,210302592,Commune de Saint-Sauvier (03),false,{03259},Commune,2026-03-24 14:41:52.020251+01,gold_establishments_2025,,,,21030259200014,2025,Collectivité Territoriale,Commune,['Allier'],['Auvergne-Rhône-Alpes'],COM,{03},{84}
9cc3ce66-e806-4dc0-a6cc-7aca88497f78,213204068,Commune de Saint-Sauvy (32),false,{32406},Commune,2026-03-24 14:41:58.09424+01,gold_establishments_2025,,,,21320406800018,2025,Collectivité Territoriale,Commune,['Gers'],['Occitanie'],COM,{32},{76}
f58958f6-d0ce-4a39-aee5-0b3f05748874,213304736,Commune de Saint-Savin (33),false,{33473},Commune,2026-03-24 14:41:58.620411+01,gold_establishments_2025,,,,21330473600019,2025,Collectivité Territoriale,Commune,['Gironde'],['Nouvelle-Aquitaine'],COM,{33},{75}
7b65c03e-61db-4715-a049-31ef364cdd59,213804552,Commune de Saint-Savin (38),false,{38455},Commune,2026-03-24 14:41:59.705606+01,gold_establishments_2025,,,,21380455200015,2025,Collectivité Territoriale,Commune,['Isère'],['Auvergne-Rhône-Alpes'],COM,{38},{84}
842ad3c1-1011-4475-838a-fe0909e247ad,216503961,Commune de Saint-Savin (65),false,{65396},Commune,2026-03-24 14:42:06.665412+01,gold_establishments_2025,,,,21650396100015,2025,Collectivité Territoriale,Commune,['Hautes-Pyrénées'],['Occitanie'],COM,{65},{76}
5073d213-0195-4f59-9bb3-f4c6c96389df,218602464,Commune de Saint-Savin (86),false,{86246},Commune,2026-03-24 14:42:11.118516+01,gold_establishments_2025,,,,21860246400016,2025,Collectivité Territoriale,Commune,['Vienne'],['Nouvelle-Aquitaine'],COM,{86},{75}
75360141-f9b0-43a3-aef3-b32a9c9b4551,211703970,Commune de Saint-Savinien (17),false,{17397},Commune,2026-03-24 14:41:54.903238+01,gold_establishments_2025,,,,21170397000015,2025,Collectivité Territoriale,Commune,['Charente-Maritime'],['Nouvelle-Aquitaine'],COM,{17},{75}
352641df-7fdc-424d-8540-8c5452ae8ce3,211301015,Commune de Saint-Savournin (13),false,{13101},Commune,2026-03-24 14:41:53.63825+01,gold_establishments_2025,,,,21130101500015,2025,Collectivité Territoriale,Commune,['Bouches-du-Rhône'],"[""Provence-Alpes-Côte d'Azur""]",COM,{13},{93}
8127d5a5-6b7f-48f3-8e6b-62e0263cfa56,217606482,Commune de Saint-Saëns (76),false,{76648},Commune,2026-03-24 14:42:08.818969+01,gold_establishments_2025,,,,21760648200016,2025,Collectivité Territoriale,Commune,['Seine-Maritime'],['Normandie'],COM,{76},{28}
b6434956-8b56-4635-b13b-c0f66f1b8e81,218602480,Commune de Saint-Secondin (86),false,{86248},Commune,2026-03-24 14:42:11.118516+01,gold_establishments_2025,,,,21860248000012,2025,Collectivité Territoriale,Commune,['Vienne'],['Nouvelle-Aquitaine'],COM,{86},{75}
91085a3a-cfe7-4a94-a927-3581b88b117a,215802687,Commune de Saint-Seine (58),false,{58268},Commune,2026-03-24 14:42:04.280096+01,gold_establishments_2025,,,,21580268700016,2025,Collectivité Territoriale,Commune,['Nièvre'],['Bourgogne-Franche-Comté'],COM,{58},{27}
a95ebefd-f814-4f12-b52a-0c4e8385676e,212105720,Commune de Saint-Seine-en-Bâche (21),false,{21572},Commune,2026-03-24 14:41:55.433389+01,gold_establishments_2025,,,,21210572000016,2025,Collectivité Territoriale,Commune,"[""Côte-d'Or""]",['Bourgogne-Franche-Comté'],COM,{21},{27}
2749e27f-0263-414f-b048-20cc7559fa3a,212105738,Commune de Saint-Seine-l'Abbaye (21),false,{21573},Commune,2026-03-24 14:41:55.433389+01,gold_establishments_2025,,,,21210573800018,2025,Collectivité Territoriale,Commune,"[""Côte-d'Or""]",['Bourgogne-Franche-Comté'],COM,{21},{27}
14ac45f2-3d8a-4682-989a-2040734dc430,212105746,Commune de Saint-Seine-sur-Vingeanne (21),false,{21574},Commune,2026-03-24 14:41:55.433389+01,gold_establishments_2025,,,,21210574600011,2025,Collectivité Territoriale,Commune,"[""Côte-d'Or""]",['Bourgogne-Franche-Comté'],COM,{21},{27}
7cfc64a4-ca9f-42b7-af9b-8f5c32307782,213304744,Commune de Saint-Selve (33),false,{33474},Commune,2026-03-24 14:41:58.620411+01,gold_establishments_2025,,,,21330474400013,2025,Collectivité Territoriale,Commune,['Gironde'],['Nouvelle-Aquitaine'],COM,{33},{75}
c6b2386b-2497-49dc-977b-1d2443c84d7b,215005539,Commune de Saint-Senier-de-Beuvron (50),false,{50553},Commune,2026-03-24 14:42:01.412377+01,gold_establishments_2025,,,,21500553900014,2025,Collectivité Territoriale,Commune,['Manche'],['Normandie'],COM,{50},{28}
eb2d960a-5778-4f2e-8235-dcdd14917b67,215005547,Commune de Saint-Senier-sous-Avranches (50),false,{50554},Commune,2026-03-24 14:42:01.412377+01,gold_establishments_2025,,,,21500554700017,2025,Collectivité Territoriale,Commune,['Manche'],['Normandie'],COM,{50},{28}
cbe954c9-5ef1-4b31-a65f-fdce74b832c2,213702384,Commune de Saint-Senoch (37),false,{37238},Commune,2026-03-24 14:41:59.160244+01,gold_establishments_2025,,,,21370238400016,2025,Collectivité Territoriale,Commune,['Indre-et-Loire'],['Centre-Val de Loire'],COM,{37},{24}
9949ac7e-c851-4c3b-b2ba-115b3e0adc74,213503121,Commune de Saint-Senoux (35),false,{35312},Commune,2026-03-24 14:41:59.160244+01,gold_establishments_2025,,,,21350312100013,2025,Collectivité Territoriale,Commune,['Ille-et-Vilaine'],['Bretagne'],COM,{35},{53}
5d48376f-5e2d-49ee-b5d0-a7cf56446f33,210702965,Commune de Saint-Sernin (07),false,{07296},Commune,2026-03-24 14:41:52.562531+01,gold_establishments_2025,,,,21070296500018,2025,Collectivité Territoriale,Commune,['Ardèche'],['Auvergne-Rhône-Alpes'],COM,{07},{84}
7f2a288b-284b-4c6a-8178-0c6d07680960,211103650,Commune de Saint-Sernin (11),false,{11365},Commune,2026-03-24 14:41:53.63825+01,gold_establishments_2025,,,,21110365000019,2025,Collectivité Territoriale,Commune,['Aude'],['Occitanie'],COM,{11},{76}
f7286966-123d-466f-9097-e9dbfebcba05,214702789,Commune de Saint-Sernin (47),false,{47278},Commune,2026-03-24 14:42:00.862623+01,gold_establishments_2025,,,,21470278900014,2025,Collectivité Territoriale,Commune,['Lot-et-Garonne'],['Nouvelle-Aquitaine'],COM,{47},{75}
420ac369-4394-43e6-bf1b-ed1d3904eb7b,217104793,Commune de Saint-Sernin-du-Bois (71),false,{71479},Commune,2026-03-24 14:42:08.279287+01,gold_establishments_2025,,,,21710479300013,2025,Collectivité Territoriale,Commune,['Saône-et-Loire'],['Bourgogne-Franche-Comté'],COM,{71},{27}
966a1f29-b509-4a5c-a3f9-a577cae709cd,217104801,Commune de Saint-Sernin-du-Plain (71),false,{71480},Commune,2026-03-24 14:42:08.279287+01,gold_establishments_2025,,,,21710480100014,2025,Collectivité Territoriale,Commune,['Saône-et-Loire'],['Bourgogne-Franche-Comté'],COM,{71},{27}
02641de7-44d0-4b8b-8033-07f5b7489254,218102705,Commune de Saint-Sernin-lès-Lavaur (81),false,{81270},Commune,2026-03-24 14:42:09.967209+01,gold_establishments_2025,,,,21810270500017,2025,Collectivité Territoriale,Commune,['Tarn'],['Occitanie'],COM,{81},{76}
be3f7e6e-bc4f-45f3-95aa-d0db9deb7c6d,211202486,Commune de Saint-Sernin-sur-Rance (12),false,{12248},Commune,2026-03-24 14:41:53.63825+01,gold_establishments_2025,,,,21120248600018,2025,Collectivité Territoriale,Commune,['Aveyron'],['Occitanie'],COM,{12},{76}
8c9962d4-ecfd-4e89-a2b5-5855de5fe07c,212203285,Commune de Saint-Servais (22),false,{22328},Commune,2026-03-24 14:41:55.958138+01,gold_establishments_2025,,,,21220328500011,2025,Collectivité Territoriale,Commune,"[""Côtes-d'Armor""]",['Bretagne'],COM,{22},{53}
3e52bd33-32cc-4fb3-9afb-2e882c722cb9,212902647,Commune de Saint-Servais (29),false,{29264},Commune,2026-03-24 14:41:57.56054+01,gold_establishments_2025,,,,21290264700016,2025,Collectivité Territoriale,Commune,['Finistère'],['Bretagne'],COM,{29},{53}
9154b019-0784-49e7-b7bd-4c371ef178f2,215602368,Commune de Saint-Servant (56),false,{56236},Commune,2026-03-24 14:42:03.701372+01,gold_establishments_2025,,,,21560236800015,2025,Collectivité Territoriale,Commune,['Morbihan'],['Bretagne'],COM,{56},{53}
b819b515-59ef-443a-99c2-0469c62c58ba,211924105,Commune de Saint-Setiers (19),false,{19241},Commune,2026-03-24 14:41:55.433389+01,gold_establishments_2025,,,,21192410500011,2025,Collectivité Territoriale,Commune,['Corrèze'],['Nouvelle-Aquitaine'],COM,{19},{75}
0d8b13af-20b9-40a1-a656-1dca15ae8b56,213304751,Commune de Saint-Seurin-de-Bourg (33),false,{33475},Commune,2026-03-24 14:41:58.620411+01,gold_establishments_2025,,,,21330475100018,2025,Collectivité Territoriale,Commune,['Gironde'],['Nouvelle-Aquitaine'],COM,{33},{75}
3ef7ca91-e19d-47eb-846e-6d47966fadbd,213304769,Commune de Saint-Seurin-de-Cadourne (33),false,{33476},Commune,2026-03-24 14:41:58.620411+01,gold_establishments_2025,,,,21330476900010,2025,Collectivité Territoriale,Commune,['Gironde'],['Nouvelle-Aquitaine'],COM,{33},{75}
02ae23c6-2b5e-4a0f-a16d-636223011674,213304777,Commune de Saint-Seurin-de-Cursac (33),false,{33477},Commune,2026-03-24 14:41:58.620411+01,gold_establishments_2025,,,,21330477700013,2025,Collectivité Territoriale,Commune,['Gironde'],['Nouvelle-Aquitaine'],COM,{33},{75}
8a0b21b1-55a6-4f21-a558-62fdabbb06e4,211703988,Commune de Saint-Seurin-de-Palenne (17),false,{17398},Commune,2026-03-24 14:41:54.903238+01,gold_establishments_2025,,,,21170398800017,2025,Collectivité Territoriale,Commune,['Charente-Maritime'],['Nouvelle-Aquitaine'],COM,{17},{75}
e0b12e82-6dfa-4003-a64c-64f3efd18b87,212405013,Commune de Saint-Seurin-de-Prats (24),false,{24501},Commune,2026-03-24 14:41:55.958138+01,gold_establishments_2025,,,,21240501300013,2025,Collectivité Territoriale,Commune,['Dordogne'],['Nouvelle-Aquitaine'],COM,{24},{75}
6ce31361-ec6b-48f6-9227-052b3706804e,213304785,Commune de Saint-Seurin-sur-l'Isle (33),false,{33478},Commune,2026-03-24 14:41:58.620411+01,gold_establishments_2025,,,,21330478500016,2025,Collectivité Territoriale,Commune,['Gironde'],['Nouvelle-Aquitaine'],COM,{33},{75}
790380cd-d314-4066-85d5-3d3fc9468997,214002826,Commune de Saint-Sever (40),false,{40282},Commune,2026-03-24 14:41:59.705606+01,gold_establishments_2025,,,,21400282600011,2025,Collectivité Territoriale,Commune,['Landes'],['Nouvelle-Aquitaine'],COM,{40},{75}
631f61c5-a8dc-4329-97ad-919a880cd9d8,216503979,Commune de Saint-Sever-de-Rustan (65),false,{65397},Commune,2026-03-24 14:42:06.665412+01,gold_establishments_2025,,,,21650397900017,2025,Collectivité Territoriale,Commune,['Hautes-Pyrénées'],['Occitanie'],COM,{65},{76}
4c244751-5cfe-43d4-9f17-8b452e3a145f,211704002,Commune de Saint-Sever-de-Saintonge (17),false,{17400},Commune,2026-03-24 14:41:54.903238+01,gold_establishments_2025,,,,21170400200016,2025,Collectivité Territoriale,Commune,['Charente-Maritime'],['Nouvelle-Aquitaine'],COM,{17},{75}
54400a9e-d75b-410b-8164-40a6c4193e5d,211202494,Commune de Saint-Sever-du-Moustier (12),false,{12249},Commune,2026-03-24 14:41:53.63825+01,gold_establishments_2025,,,,21120249400012,2025,Collectivité Territoriale,Commune,['Aveyron'],['Occitanie'],COM,{12},{76}
449b76fa-dbe2-4de3-9467-646b1ab05ed0,213002991,Commune de Saint-Siffret (30),false,{30299},Commune,2026-03-24 14:41:57.56054+01,gold_establishments_2025,,,,21300299100015,2025,Collectivité Territoriale,Commune,['Gard'],['Occitanie'],COM,{30},{76}
c2a336bc-12b4-4291-8186-a4f1026c9436,214502999,Commune de Saint-Sigismond (45),false,{45299},Commune,2026-03-24 14:42:00.862623+01,gold_establishments_2025,,,,21450299900011,2025,Collectivité Territoriale,Commune,['Loiret'],['Centre-Val de Loire'],COM,{45},{24}
98995970-97f6-4f17-9ba0-6dbcb0a27f6e,217402528,Commune de Saint-Sigismond (74),false,{74252},Commune,2026-03-24 14:42:08.818969+01,gold_establishments_2025,,,,21740252800012,2025,Collectivité Territoriale,Commune,['Haute-Savoie'],['Auvergne-Rhône-Alpes'],COM,{74},{84}
30c8ef28-2f53-48fb-b74b-d58c3382d9cc,218502698,Commune de Saint-Sigismond (85),false,{85269},Commune,2026-03-24 14:42:10.508772+01,gold_establishments_2025,,,,21850269800010,2025,Collectivité Territoriale,Commune,['Vendée'],['Pays de la Loire'],COM,{85},{52}
9fac688d-1cc6-4342-8d2f-8546afa4eab7,211704028,Commune de Saint-Sigismond-de-Clermont (17),false,{17402},Commune,2026-03-24 14:41:54.903238+01,gold_establishments_2025,,,,21170402800011,2025,Collectivité Territoriale,Commune,['Charente-Maritime'],['Nouvelle-Aquitaine'],COM,{17},{75}
d466bef2-3405-4881-9de2-3b72906092c6,212324008,Commune de Saint-Silvain-Bas-le-Roc (23),false,{23240},Commune,2026-03-24 14:41:55.958138+01,gold_establishments_2025,,,,21232400800011,2025,Collectivité Territoriale,Commune,['Creuse'],['Nouvelle-Aquitaine'],COM,{23},{75}
bdc183a4-6806-4afa-827d-93e2a6da55e7,212324107,Commune de Saint-Silvain-Bellegarde (23),false,{23241},Commune,2026-03-24 14:41:55.958138+01,gold_establishments_2025,,,,21232410700011,2025,Collectivité Territoriale,Commune,['Creuse'],['Nouvelle-Aquitaine'],COM,{23},{75}
cbca485b-8a70-48fd-9cd7-61223bb7e4dd,212324206,Commune de Saint-Silvain-Montaigut (23),false,{23242},Commune,2026-03-24 14:41:55.958138+01,gold_establishments_2025,,,,21232420600011,2025,Collectivité Territoriale,Commune,['Creuse'],['Nouvelle-Aquitaine'],COM,{23},{75}
fdbd03a1-fd5b-4838-8fdc-3331176a32c9,212324305,Commune de Saint-Silvain-sous-Toulx (23),false,{23243},Commune,2026-03-24 14:41:55.958138+01,gold_establishments_2025,,,,21232430500011,2025,Collectivité Territoriale,Commune,['Creuse'],['Nouvelle-Aquitaine'],COM,{23},{75}
48668ff1-15f5-4094-8140-9e985e2d38e4,210206686,Commune de Saint-Simon (02),false,{02694},Commune,2026-03-24 14:41:52.020251+01,gold_establishments_2025,,,,21020668600011,2025,Collectivité Territoriale,Commune,['Aisne'],['Hauts-de-France'],COM,{02},{32}
6a79255f-73e1-47ad-bd9b-96212df6494e,211502158,Commune de Saint-Simon (15),false,{15215},Commune,2026-03-24 14:41:54.362296+01,gold_establishments_2025,,,,21150215800010,2025,Collectivité Territoriale,Commune,['Cantal'],['Auvergne-Rhône-Alpes'],COM,{15},{84}
2d4c4286-4cd6-4852-9f0a-85415e473528,211603527,Commune de Saint-Simon (16),false,{16352},Commune,2026-03-24 14:41:54.362296+01,gold_establishments_2025,,,,21160352700014,2025,Collectivité Territoriale,Commune,['Charente'],['Nouvelle-Aquitaine'],COM,{16},{75}
9fd4033c-112a-4461-bbd4-6714dc954531,214602922,Commune de Saint-Simon (46),false,{46292},Commune,2026-03-24 14:42:00.862623+01,gold_establishments_2025,,,,21460292200012,2025,Collectivité Territoriale,Commune,['Lot'],['Occitanie'],COM,{46},{76}
0e92d57c-58ee-4cd7-8817-1d425fe15c9c,211704036,Commune de Saint-Simon-de-Bordes (17),false,{17403},Commune,2026-03-24 14:41:54.903238+01,gold_establishments_2025,,,,21170403600030,2025,Collectivité Territoriale,Commune,['Charente-Maritime'],['Nouvelle-Aquitaine'],COM,{17},{75}
1ae69f36-02a1-43a8-9e5a-8f0065bbdbbd,211704044,Commune de Saint-Simon-de-Pellouaille (17),false,{17404},Commune,2026-03-24 14:41:54.903238+01,gold_establishments_2025,,,,21170404400018,2025,Collectivité Territoriale,Commune,['Charente-Maritime'],['Nouvelle-Aquitaine'],COM,{17},{75}
3bfd9b32-8d38-4367-a7b5-59ce770f984b,212706030,Commune de Saint-Siméon (27),false,{27603},Commune,2026-03-24 14:41:57.028721+01,gold_establishments_2025,,,,21270603000013,2025,Collectivité Territoriale,Commune,['Eure'],['Normandie'],COM,{27},{28}
bfe38307-c6ae-4be2-85fd-df2681e7a2fc,217704360,Commune de Saint-Siméon (77),false,{77436},Commune,2026-03-24 14:42:09.43682+01,gold_establishments_2025,,,,21770436000015,2025,Collectivité Territoriale,Commune,['Seine-et-Marne'],['Île-de-France'],COM,{77},{11}
11d72550-774d-4d17-aeb9-630fcad0e854,213804578,Commune de Saint-Siméon-de-Bressieux (38),false,{38457},Commune,2026-03-24 14:41:59.705606+01,gold_establishments_2025,,,,21380457800010,2025,Collectivité Territoriale,Commune,['Isère'],['Auvergne-Rhône-Alpes'],COM,{38},{84}
6210200c-3bcb-4aea-9fbd-664d6442a7ae,217402536,Commune de Saint-Sixt (74),false,{74253},Commune,2026-03-24 14:42:08.818969+01,gold_establishments_2025,,,,21740253600015,2025,Collectivité Territoriale,Commune,['Haute-Savoie'],['Auvergne-Rhône-Alpes'],COM,{74},{84}
c4859bf3-6427-44d4-96b0-3d6d5c315899,214202889,Commune de Saint-Sixte (42),false,{42288},Commune,2026-03-24 14:42:00.273698+01,gold_establishments_2025,,,,21420288900017,2025,Collectivité Territoriale,Commune,['Loire'],['Auvergne-Rhône-Alpes'],COM,{42},{84}
14e3c37a-9126-47cf-a31e-3047dc148a76,214702797,Commune de Saint-Sixte (47),false,{47279},Commune,2026-03-24 14:42:00.862623+01,gold_establishments_2025,,,,21470279700017,2025,Collectivité Territoriale,Commune,['Lot-et-Garonne'],['Nouvelle-Aquitaine'],COM,{47},{75}
c0c6ae16-7d4b-4ca0-8d22-38bacb9c0eab,211924204,Commune de Saint-Solve (19),false,{19242},Commune,2026-03-24 14:41:55.433389+01,gold_establishments_2025,,,,21192420400012,2025,Collectivité Territoriale,Commune,['Corrèze'],['Nouvelle-Aquitaine'],COM,{19},{75}
1eddca8a-8cd5-4e7d-9a76-2012595ad0c4,217302801,Commune de Saint-Sorlin-d'Arves (73),false,{73280},Commune,2026-03-24 14:42:08.279287+01,gold_establishments_2025,,,,21730280100014,2025,Collectivité Territoriale,Commune,['Savoie'],['Auvergne-Rhône-Alpes'],COM,{73},{84}
f0da0f89-bfcf-4e26-bc7d-626ab35aca39,211704051,Commune de Saint-Sorlin-de-Conac (17),false,{17405},Commune,2026-03-24 14:41:54.903238+01,gold_establishments_2025,,,,21170405100013,2025,Collectivité Territoriale,Commune,['Charente-Maritime'],['Nouvelle-Aquitaine'],COM,{17},{75}
0758b2da-5763-435c-8d7b-b5484c50911d,213804586,Commune de Saint-Sorlin-de-Morestel (38),false,{38458},Commune,2026-03-24 14:41:59.705606+01,gold_establishments_2025,,,,21380458600013,2025,Collectivité Territoriale,Commune,['Isère'],['Auvergne-Rhône-Alpes'],COM,{38},{84}
326c2224-994b-4255-8547-3619a44b4135,213804594,Commune de Saint-Sorlin-de-Vienne (38),false,{38459},Commune,2026-03-24 14:41:59.705606+01,gold_establishments_2025,,,,21380459400017,2025,Collectivité Territoriale,Commune,['Isère'],['Auvergne-Rhône-Alpes'],COM,{38},{84}
22655a9b-801a-487b-a7b9-1ce19e35e888,210103867,Commune de Saint-Sorlin-en-Bugey (01),false,{01386},Commune,2026-03-24 14:41:51.447482+01,gold_establishments_2025,,,,21010386700011,2025,Collectivité Territoriale,Commune,['Ain'],['Auvergne-Rhône-Alpes'],COM,{01},{84}
21e877dc-a822-400f-9de9-dfe3fcdc9760,212603302,Commune de Saint-Sorlin-en-Valloire (26),false,{26330},Commune,2026-03-24 14:41:56.495197+01,gold_establishments_2025,,,,21260330200010,2025,Collectivité Territoriale,Commune,['Drôme'],['Auvergne-Rhône-Alpes'],COM,{26},{84}
9addcd23-b252-4046-b663-e2859982bf43,210302600,Commune de Saint-Sornin (03),false,{03260},Commune,2026-03-24 14:41:52.020251+01,gold_establishments_2025,,,,21030260000015,2025,Collectivité Territoriale,Commune,['Allier'],['Auvergne-Rhône-Alpes'],COM,{03},{84}
02d07272-bac8-47a4-8742-a81c372b0f04,211603535,Commune de Saint-Sornin (16),false,{16353},Commune,2026-03-24 14:41:54.362296+01,gold_establishments_2025,,,,21160353500017,2025,Collectivité Territoriale,Commune,['Charente'],['Nouvelle-Aquitaine'],COM,{16},{75}
bfd22892-42a0-43de-80e0-309e9312add6,211704069,Commune de Saint-Sornin (17),false,{17406},Commune,2026-03-24 14:41:54.903238+01,gold_establishments_2025,,,,21170406900015,2025,Collectivité Territoriale,Commune,['Charente-Maritime'],['Nouvelle-Aquitaine'],COM,{17},{75}
7adb130c-b2e7-400e-813a-c2561204836c,211924303,Commune de Saint-Sornin-Lavolps (19),false,{19243},Commune,2026-03-24 14:41:55.433389+01,gold_establishments_2025,,,,21192430300012,2025,Collectivité Territoriale,Commune,['Corrèze'],['Nouvelle-Aquitaine'],COM,{19},{75}
22cabd13-0706-4bb7-9fd6-05c2d0e0d6b5,218718005,Commune de Saint-Sornin-Leulac (87),false,{87180},Commune,2026-03-24 14:42:11.118516+01,gold_establishments_2025,,,,21871800500018,2025,Collectivité Territoriale,Commune,['Haute-Vienne'],['Nouvelle-Aquitaine'],COM,{87},{75}
b33f4dbb-f1a8-4706-b2dc-436185ac564c,218717908,Commune de Saint-Sornin-la-Marche (87),false,{87179},Commune,2026-03-24 14:42:11.118516+01,gold_establishments_2025,,,,21871790800014,2025,Collectivité Territoriale,Commune,['Haute-Vienne'],['Nouvelle-Aquitaine'],COM,{87},{75}
cb2b7b36-ba31-4711-905c-38a24fd5fa34,213204076,Commune de Saint-Soulan (32),false,{32407},Commune,2026-03-24 14:41:58.09424+01,gold_establishments_2025,,,,21320407600011,2025,Collectivité Territoriale,Commune,['Gers'],['Occitanie'],COM,{32},{76}
62dc168e-b32a-489c-90c1-e9580af26ab7,215905456,Commune de Saint-Souplet (59),false,{59545},Commune,2026-03-24 14:42:04.814328+01,gold_establishments_2025,,,,21590545600012,2025,Collectivité Territoriale,Commune,['Nord'],['Hauts-de-France'],COM,{59},{32}
e7438a9b-3f18-4499-8aff-4cfe2bf99ffc,215104803,Commune de Saint-Souplet-sur-Py (51),false,{51517},Commune,2026-03-24 14:42:01.954481+01,gold_establishments_2025,,,,21510480300014,2025,Collectivité Territoriale,Commune,['Marne'],['Grand Est'],COM,{51},{44}
c9abe363-27d6-4bf1-aff6-ded68ccd1340,217704378,Commune de Saint-Soupplets (77),false,{77437},Commune,2026-03-24 14:42:09.43682+01,gold_establishments_2025,,,,21770437800017,2025,Collectivité Territoriale,Commune,['Seine-et-Marne'],['Île-de-France'],COM,{77},{11}
7b4f5e17-f98e-440c-83b1-419f89835a4b,214602930,Commune de Saint-Sozy (46),false,{46293},Commune,2026-03-24 14:42:00.862623+01,gold_establishments_2025,,,,21460293000015,2025,Collectivité Territoriale,Commune,['Lot'],['Occitanie'],COM,{46},{76}
e929441c-6123-4265-94b8-f8f3170b2138,218804367,Commune de Saint-Stail (88),false,{88436},Commune,2026-03-24 14:42:11.118516+01,gold_establishments_2025,,,,21880436700017,2025,Collectivité Territoriale,Commune,['Vosges'],['Grand Est'],COM,{88},{44}
d3c39ac5-311b-4dd4-9b18-8ea68ae717d5,213503147,Commune de Saint-Suliac (35),false,{35314},Commune,2026-03-24 14:41:59.160244+01,gold_establishments_2025,,,,21350314700018,2025,Collectivité Territoriale,Commune,['Ille-et-Vilaine'],['Bretagne'],COM,{35},{53}
c277bc86-fef8-458c-9ace-57196cd3d587,210103875,Commune de Saint-Sulpice (01),false,{01387},Commune,2026-03-24 14:41:51.447482+01,gold_establishments_2025,,,,21010387500014,2025,Collectivité Territoriale,Commune,['Ain'],['Auvergne-Rhône-Alpes'],COM,{01},{84}
59ec78e1-5515-4486-b36b-43fe21340575,214602948,Commune de Saint-Sulpice (46),false,{46294},Commune,2026-03-24 14:42:00.862623+01,gold_establishments_2025,,,,21460294800017,2025,Collectivité Territoriale,Commune,['Lot'],['Occitanie'],COM,{46},{76}
aa03181f-89ae-4d5a-ab1c-234d3de94400,215802695,Commune de Saint-Sulpice (58),false,{58269},Commune,2026-03-24 14:42:04.280096+01,gold_establishments_2025,,,,21580269500019,2025,Collectivité Territoriale,Commune,['Nièvre'],['Bourgogne-Franche-Comté'],COM,{58},{27}
61e00cde-f177-4650-9116-ecbe155b12f1,216005918,Commune de Saint-Sulpice (60),false,{60598},Commune,2026-03-24 14:42:04.814328+01,gold_establishments_2025,,,,21600591800018,2025,Collectivité Territoriale,Commune,['Oise'],['Hauts-de-France'],COM,{60},{32}
4f7bd122-4abb-4a8e-88b3-69d6f1c86e5f,216303990,Commune de Saint-Sulpice (63),false,{63399},Commune,2026-03-24 14:42:06.130387+01,gold_establishments_2025,,,,21630399000016,2025,Collectivité Territoriale,Commune,['Puy-de-Dôme'],['Auvergne-Rhône-Alpes'],COM,{63},{84}
1dfced59-ec04-49f0-85c3-1f0086ad3a04,217004746,Commune de Saint-Sulpice (70),false,{70474},Commune,2026-03-24 14:42:07.735343+01,gold_establishments_2025,,,,21700474600012,2025,Collectivité Territoriale,Commune,['Haute-Saône'],['Bourgogne-Franche-Comté'],COM,{70},{27}
331cefb9-b88f-4354-a08a-94fa8d7208b2,217302819,Commune de Saint-Sulpice (73),false,{73281},Commune,2026-03-24 14:42:08.279287+01,gold_establishments_2025,,,,21730281900016,2025,Collectivité Territoriale,Commune,['Savoie'],['Auvergne-Rhône-Alpes'],COM,{73},{84}
56e9ed43-2791-441c-a321-b648976d1b8c,218718104,Commune de Saint-Sulpice-Laurière (87),false,{87181},Commune,2026-03-24 14:42:11.118516+01,gold_establishments_2025,,,,21871810400019,2025,Collectivité Territoriale,Commune,['Haute-Vienne'],['Nouvelle-Aquitaine'],COM,{87},{75}
1c4764c6-366e-45a6-9e5e-c19c13f93877,211704085,Commune de Saint-Sulpice-d'Arnoult (17),false,{17408},Commune,2026-03-24 14:41:54.903238+01,gold_establishments_2025,,,,21170408500011,2025,Collectivité Territoriale,Commune,['Charente-Maritime'],['Nouvelle-Aquitaine'],COM,{17},{75}
a8c1188a-ddd2-478e-a4ab-a62f65b7f207,212405054,Commune de Saint-Sulpice-d'Excideuil (24),false,{24505},Commune,2026-03-24 14:41:55.958138+01,gold_establishments_2025,,,,21240505400017,2025,Collectivité Territoriale,Commune,['Dordogne'],['Nouvelle-Aquitaine'],COM,{24},{75}
af45f48f-7b06-4260-9672-90b9f9fbbcd9,213304801,Commune de Saint-Sulpice-de-Faleyrens (33),false,{33480},Commune,2026-03-24 14:41:58.620411+01,gold_establishments_2025,,,,21330480100011,2025,Collectivité Territoriale,Commune,['Gironde'],['Nouvelle-Aquitaine'],COM,{33},{75}
318a80de-978c-4acd-8401-7868d5e7e326,219105780,Commune de Saint-Sulpice-de-Favières (91),false,{91578},Commune,2026-03-24 14:42:11.659493+01,gold_establishments_2025,,,,21910578000015,2025,Collectivité Territoriale,Commune,['Essonne'],['Île-de-France'],COM,{91},{11}
992245a5-08d2-4466-9e5e-0a2a77ebc6eb,212706048,Commune de Saint-Sulpice-de-Grimbouville (27),false,{27604},Commune,2026-03-24 14:41:57.028721+01,gold_establishments_2025,,,,21270604800015,2025,Collectivité Territoriale,Commune,['Eure'],['Normandie'],COM,{27},{28}
bceffeae-e094-4052-8f23-b97eb905830a,213304819,Commune de Saint-Sulpice-de-Guilleragues (33),false,{33481},Commune,2026-03-24 14:41:58.620411+01,gold_establishments_2025,,,,21330481900013,2025,Collectivité Territoriale,Commune,['Gironde'],['Nouvelle-Aquitaine'],COM,{33},{75}
efdc3287-90c1-4a30-b35f-7a55a3fd3184,214102303,Commune de Saint-Sulpice-de-Pommeray (41),false,{41230},Commune,2026-03-24 14:42:00.273698+01,gold_establishments_2025,,,,21410230300010,2025,Collectivité Territoriale,Commune,['Loir-et-Cher'],['Centre-Val de Loire'],COM,{41},{24}
8f77897d-4b81-43d8-8d11-f4eae9947cb3,213304827,Commune de Saint-Sulpice-de-Pommiers (33),false,{33482},Commune,2026-03-24 14:41:58.620411+01,gold_establishments_2025,,,,21330482700016,2025,Collectivité Territoriale,Commune,['Gironde'],['Nouvelle-Aquitaine'],COM,{33},{75}
24808dff-7763-4949-93fe-75d8a4e7c91e,212405047,Commune de Saint-Sulpice-de-Roumagnac (24),false,{24504},Commune,2026-03-24 14:41:55.958138+01,gold_establishments_2025,,,,21240504700011,2025,Collectivité Territoriale,Commune,['Dordogne'],['Nouvelle-Aquitaine'],COM,{24},{75}
7570e3a0-5333-4876-9123-a2e35e3bf152,211704093,Commune de Saint-Sulpice-de-Royan (17),false,{17409},Commune,2026-03-24 14:41:54.903238+01,gold_establishments_2025,,,,21170409300015,2025,Collectivité Territoriale,Commune,['Charente-Maritime'],['Nouvelle-Aquitaine'],COM,{17},{75}
b4019071-0cb0-477c-8e0f-91f66cf37934,211603568,Commune de Saint-Sulpice-de-Ruffec (16),false,{16356},Commune,2026-03-24 14:41:54.362296+01,gold_establishments_2025,,,,21160356800018,2025,Collectivité Territoriale,Commune,['Charente'],['Nouvelle-Aquitaine'],COM,{16},{75}
60571f18-422d-4f4c-b3cc-350797e7c0c5,213503162,Commune de Saint-Sulpice-des-Landes (35),false,{35316},Commune,2026-03-24 14:41:59.160244+01,gold_establishments_2025,,,,21350316200017,2025,Collectivité Territoriale,Commune,['Ille-et-Vilaine'],['Bretagne'],COM,{35},{53}
204ebd16-4ce9-4902-a092-4aa75592db52,213804602,Commune de Saint-Sulpice-des-Rivoires (38),false,{38460},Commune,2026-03-24 14:41:59.705606+01,gold_establishments_2025,,,,21380460200018,2025,Collectivité Territoriale,Commune,['Isère'],['Auvergne-Rhône-Alpes'],COM,{38},{84}
f860d5a0-45d9-455d-a1b0-36e62c94c243,213304835,Commune de Saint-Sulpice-et-Cameyrac (33),false,{33483},Commune,2026-03-24 14:41:58.620411+01,gold_establishments_2025,,,,21330483500019,2025,Collectivité Territoriale,Commune,['Gironde'],['Nouvelle-Aquitaine'],COM,{33},{75}
e488b4c0-6f66-47bd-8c53-aa67a8446bf3,213503154,Commune de Saint-Sulpice-la-Forêt (35),false,{35315},Commune,2026-03-24 14:41:59.160244+01,gold_establishments_2025,,,,21350315400014,2025,Collectivité Territoriale,Commune,['Ille-et-Vilaine'],['Bretagne'],COM,{35},{53}
2e9c0b62-eac2-4f8d-b3a6-b888534d7743,218102713,Commune de Saint-Sulpice-la-Pointe (81),false,{81271},Commune,2026-03-24 14:42:09.967209+01,gold_establishments_2025,,,,21810271300110,2025,Collectivité Territoriale,Commune,['Tarn'],['Occitanie'],COM,{81},{76}
80c85db4-58a1-4c3d-aab5-e5affb8a7a16,212324404,Commune de Saint-Sulpice-le-Dunois (23),false,{23244},Commune,2026-03-24 14:41:55.958138+01,gold_establishments_2025,,,,21232440400012,2025,Collectivité Territoriale,Commune,['Creuse'],['Nouvelle-Aquitaine'],COM,{23},{75}
edf279d0-0f74-4b69-9dbc-998f1ac71c04,212324503,Commune de Saint-Sulpice-le-Guérétois (23),false,{23245},Commune,2026-03-24 14:41:55.958138+01,gold_establishments_2025,,,,21232450300094,2025,Collectivité Territoriale,Commune,['Creuse'],['Nouvelle-Aquitaine'],COM,{23},{75}
ccbee57b-136f-4c66-99e9-837cb67fb508,211924402,Commune de Saint-Sulpice-les-Bois (19),false,{19244},Commune,2026-03-24 14:41:55.433389+01,gold_establishments_2025,,,,21192440200012,2025,Collectivité Territoriale,Commune,['Corrèze'],['Nouvelle-Aquitaine'],COM,{19},{75}
3f230172-ca57-44a4-9988-823752976e2f,212324602,Commune de Saint-Sulpice-les-Champs (23),false,{23246},Commune,2026-03-24 14:41:55.958138+01,gold_establishments_2025,,,,21232460200011,2025,Collectivité Territoriale,Commune,['Creuse'],['Nouvelle-Aquitaine'],COM,{23},{75}
7f1d4078-43f6-4836-a338-514fc55db919,218718203,Commune de Saint-Sulpice-les-Feuilles (87),false,{87182},Commune,2026-03-24 14:42:11.118516+01,gold_establishments_2025,,,,21871820300019,2025,Collectivité Territoriale,Commune,['Haute-Vienne'],['Nouvelle-Aquitaine'],COM,{87},{75}
b0736347-b029-47ab-9d98-9e799f3184cc,213105174,Commune de Saint-Sulpice-sur-Lèze (31),false,{31517},Commune,2026-03-24 14:41:58.09424+01,gold_establishments_2025,,,,21310517400014,2025,Collectivité Territoriale,Commune,['Haute-Garonne'],['Occitanie'],COM,{31},{76}
2fae5f9a-8e08-4b25-bc71-6f8dee6f8a7f,216104562,Commune de Saint-Sulpice-sur-Risle (61),false,{61456},Commune,2026-03-24 14:42:05.597325+01,gold_establishments_2025,,,,21610456200014,2025,Collectivité Territoriale,Commune,['Orne'],['Normandie'],COM,{61},{28}
a6102eaa-2110-4243-bd99-c3e2a4cffe4a,215404898,Commune de Saint-Supplet (54),false,{54489},Commune,2026-03-24 14:42:02.957225+01,gold_establishments_2025,,,,21540489800011,2025,Collectivité Territoriale,Commune,['Meurthe-et-Moselle'],['Grand Est'],COM,{54},{44}
743f3c48-d685-4a2d-b2be-04ee272a7cda,211406590,Commune de Saint-Sylvain (14),false,{14659},Commune,2026-03-24 14:41:54.362296+01,gold_establishments_2025,,,,21140659000011,2025,Collectivité Territoriale,Commune,['Calvados'],['Normandie'],COM,{14},{28}
45ed5dc6-62b7-4ed5-9d56-bb0480cf267b,211924501,Commune de Saint-Sylvain (19),false,{19245},Commune,2026-03-24 14:41:55.433389+01,gold_establishments_2025,,,,21192450100011,2025,Collectivité Territoriale,Commune,['Corrèze'],['Nouvelle-Aquitaine'],COM,{19},{75}
110bc6a9-ca75-4845-978b-786112007e1c,217606516,Commune de Saint-Sylvain (76),false,{76651},Commune,2026-03-24 14:42:08.818969+01,gold_establishments_2025,,,,21760651600011,2025,Collectivité Territoriale,Commune,['Seine-Maritime'],['Normandie'],COM,{76},{28}
d519c460-fa01-4649-bcaf-b341aa1925ec,210702973,Commune de Saint-Sylvestre (07),false,{07297},Commune,2026-03-24 14:41:52.562531+01,gold_establishments_2025,,,,21070297300012,2025,Collectivité Territoriale,Commune,['Ardèche'],['Auvergne-Rhône-Alpes'],COM,{07},{84}
73a74965-95e5-45c0-baa2-03e5fc0a8337,217402544,Commune de Saint-Sylvestre (74),false,{74254},Commune,2026-03-24 14:42:08.818969+01,gold_establishments_2025,,,,21740254400019,2025,Collectivité Territoriale,Commune,['Haute-Savoie'],['Auvergne-Rhône-Alpes'],COM,{74},{84}
def0f33b-ff71-4148-ad62-daeb88e0123f,218718302,Commune de Saint-Sylvestre (87),false,{87183},Commune,2026-03-24 14:42:11.118516+01,gold_establishments_2025,,,,21871830200019,2025,Collectivité Territoriale,Commune,['Haute-Vienne'],['Nouvelle-Aquitaine'],COM,{87},{75}
cbf8fee0-6ffd-421a-a9e0-b3a9e23dfc5b,215905464,Commune de Saint-Sylvestre-Cappel (59),false,{59546},Commune,2026-03-24 14:42:04.814328+01,gold_establishments_2025,,,,21590546400016,2025,Collectivité Territoriale,Commune,['Nord'],['Hauts-de-France'],COM,{59},{32}
92110085-af89-4db4-bd57-ff6ec0ae0e8b,216304006,Commune de Saint-Sylvestre-Pragoulin (63),false,{63400},Commune,2026-03-24 14:42:06.130387+01,gold_establishments_2025,,,,21630400600010,2025,Collectivité Territoriale,Commune,['Puy-de-Dôme'],['Auvergne-Rhône-Alpes'],COM,{63},{84}
18bcf84c-b9ff-4df7-a685-de5de82ee26f,212706055,Commune de Saint-Sylvestre-de-Cormeilles (27),false,{27605},Commune,2026-03-24 14:41:57.028721+01,gold_establishments_2025,,,,21270605500010,2025,Collectivité Territoriale,Commune,['Eure'],['Normandie'],COM,{27},{28}
f1f95294-ee56-4767-922e-d40354c3c909,214702805,Commune de Saint-Sylvestre-sur-Lot (47),false,{47280},Commune,2026-03-24 14:42:00.862623+01,gold_establishments_2025,,,,21470280500018,2025,Collectivité Territoriale,Commune,['Lot-et-Garonne'],['Nouvelle-Aquitaine'],COM,{47},{75}
2f5ceaeb-8705-4519-a0ed-407c51af798e,211802368,Commune de Saint-Symphorien (18),false,{18236},Commune,2026-03-24 14:41:54.903238+01,gold_establishments_2025,,,,21180236800012,2025,Collectivité Territoriale,Commune,['Cher'],['Centre-Val de Loire'],COM,{18},{24}
6761948e-d392-49a4-85d2-4d53b6de59ff,212706063,Commune de Saint-Symphorien (27),false,{27606},Commune,2026-03-24 14:41:57.028721+01,gold_establishments_2025,,,,21270606300014,2025,Collectivité Territoriale,Commune,['Eure'],['Normandie'],COM,{27},{28}
de39fec7-e6f8-4dff-92c4-0cf3710dc829,213304843,Commune de Saint-Symphorien (33),false,{33484},Commune,2026-03-24 14:41:58.620411+01,gold_establishments_2025,,,,21330484300013,2025,Collectivité Territoriale,Commune,['Gironde'],['Nouvelle-Aquitaine'],COM,{33},{75}
0b90da4c-be9f-444f-bbbe-d89048fe263b,200011062,Commune de Saint-Symphorien (35),false,{35317},Commune,2026-03-24 14:41:59.160244+01,gold_establishments_2025,,,,20001106200011,2025,Collectivité Territoriale,Commune,['Ille-et-Vilaine'],['Bretagne'],COM,{35},{53}
6c9fa703-b2bc-4491-af60-9cc7fb25fa07,217203215,Commune de Saint-Symphorien (72),false,{72321},Commune,2026-03-24 14:42:08.279287+01,gold_establishments_2025,,,,21720321500017,2025,Collectivité Territoriale,Commune,['Sarthe'],['Pays de la Loire'],COM,{72},{52}
14771a3d-5ad1-43db-a037-88e93ed59f59,217902980,Commune de Saint-Symphorien (79),false,{79298},Commune,2026-03-24 14:42:09.43682+01,gold_establishments_2025,,,,21790298000093,2025,Collectivité Territoriale,Commune,['Deux-Sèvres'],['Nouvelle-Aquitaine'],COM,{79},{75}
391189e7-7964-4de3-9f02-6eaa45071e3e,217104819,Commune de Saint-Symphorien-d'Ancelles (71),false,{71481},Commune,2026-03-24 14:42:08.279287+01,gold_establishments_2025,,,,21710481900016,2025,Collectivité Territoriale,Commune,['Saône-et-Loire'],['Bourgogne-Franche-Comté'],COM,{71},{27}
f2c38cea-ae25-4857-82c6-50b46b1440ca,216902916,Commune de Saint-Symphorien-d'Ozon (69),false,{69291},Commune,2026-03-24 14:42:07.735343+01,gold_establishments_2025,,,,21690291600016,2025,Collectivité Territoriale,Commune,['Rhône'],['Auvergne-Rhône-Alpes'],COM,{69},{84}
e6a7aa74-448f-47e1-aa2f-825b7d92b241,214202897,Commune de Saint-Symphorien-de-Lay (42),false,{42289},Commune,2026-03-24 14:42:00.273698+01,gold_establishments_2025,,,,21420289700010,2025,Collectivité Territoriale,Commune,['Loire'],['Auvergne-Rhône-Alpes'],COM,{42},{84}
226d579b-5ded-4bb1-85e5-15279197ec5b,210702999,Commune de Saint-Symphorien-de-Mahun (07),false,{07299},Commune,2026-03-24 14:41:52.562531+01,gold_establishments_2025,,,,21070299900017,2025,Collectivité Territoriale,Commune,['Ardèche'],['Auvergne-Rhône-Alpes'],COM,{07},{84}
d7d518d6-e2a1-461c-b915-cfaa275ac2a7,217104827,Commune de Saint-Symphorien-de-Marmagne (71),false,{71482},Commune,2026-03-24 14:42:08.279287+01,gold_establishments_2025,,,,21710482700019,2025,Collectivité Territoriale,Commune,['Saône-et-Loire'],['Bourgogne-Franche-Comté'],COM,{71},{27}
3c7fb17d-f5cb-4f01-b715-5f48ed26d728,211202502,Commune de Saint-Symphorien-de-Thénières (12),false,{12250},Commune,2026-03-24 14:41:53.63825+01,gold_establishments_2025,,,,21120250200012,2025,Collectivité Territoriale,Commune,['Aveyron'],['Occitanie'],COM,{12},{76}
db018946-08a7-4454-abe4-137c8b73a81a,217104835,Commune de Saint-Symphorien-des-Bois (71),false,{71483},Commune,2026-03-24 14:42:08.279287+01,gold_establishments_2025,,,,21710483500012,2025,Collectivité Territoriale,Commune,['Saône-et-Loire'],['Bourgogne-Franche-Comté'],COM,{71},{27}
e3cba2e7-f1c8-4ada-8fb6-6e27a926de5d,216104570,Commune de Saint-Symphorien-des-Bruyères (61),false,{61457},Commune,2026-03-24 14:42:05.597325+01,gold_establishments_2025,,,,21610457000017,2025,Collectivité Territoriale,Commune,['Orne'],['Normandie'],COM,{61},{28}
d02f472a-60c8-4e25-ba9a-7eba56f14f12,210702981,Commune de Saint-Symphorien-sous-Chomérac (07),false,{07298},Commune,2026-03-24 14:41:52.562531+01,gold_establishments_2025,,,,21070298100015,2025,Collectivité Territoriale,Commune,['Ardèche'],['Auvergne-Rhône-Alpes'],COM,{07},{84}
7edefabd-60ea-437b-976d-24563aaae48e,216902387,Commune de Saint-Symphorien-sur-Coise (69),false,{69238},Commune,2026-03-24 14:42:07.735343+01,gold_establishments_2025,,,,21690238700010,2025,Collectivité Territoriale,Commune,['Rhône'],['Auvergne-Rhône-Alpes'],COM,{69},{84}
bf41022b-8a09-431c-a970-d70f5a9a4b42,212105753,Commune de Saint-Symphorien-sur-Saône (21),false,{21575},Commune,2026-03-24 14:41:55.433389+01,gold_establishments_2025,,,,21210575300017,2025,Collectivité Territoriale,Commune,"[""Côte-d'Or""]",['Bourgogne-Franche-Comté'],COM,{21},{27}
ca09473a-533d-4eac-ac1c-1a2f0cc0d9b6,213304793,Commune de Saint-Sève (33),false,{33479},Commune,2026-03-24 14:41:58.620411+01,gold_establishments_2025,,,,21330479300010,2025,Collectivité Territoriale,Commune,['Gironde'],['Nouvelle-Aquitaine'],COM,{33},{75}
8b270fbd-cce5-47c0-8bc1-4e75948eba9e,212323901,Commune de Saint-Sébastien (23),false,{23239},Commune,2026-03-24 14:41:55.958138+01,gold_establishments_2025,,,,21232390100018,2025,Collectivité Territoriale,Commune,['Creuse'],['Nouvelle-Aquitaine'],COM,{23},{75}
8798ae66-7474-4a9e-8d44-ff9a65ecade4,213002983,Commune de Saint-Sébastien-d'Aigrefeuille (30),false,{30298},Commune,2026-03-24 14:41:57.56054+01,gold_establishments_2025,,,,21300298300012,2025,Collectivité Territoriale,Commune,['Gard'],['Occitanie'],COM,{30},{76}
73e0e2c9-deec-4871-9da2-e9dfdfe92335,212706022,Commune de Saint-Sébastien-de-Morsent (27),false,{27602},Commune,2026-03-24 14:41:57.028721+01,gold_establishments_2025,,,,21270602200010,2025,Collectivité Territoriale,Commune,['Eure'],['Normandie'],COM,{27},{28}
540981b1-5bfa-4307-979e-b0962c5e15c2,215005521,Commune de Saint-Sébastien-de-Raids (50),false,{50552},Commune,2026-03-24 14:42:01.412377+01,gold_establishments_2025,,,,21500552100012,2025,Collectivité Territoriale,Commune,['Manche'],['Normandie'],COM,{50},{28}
77e2c8a8-9bac-4d22-bebf-77b9e3df5f11,214401903,Commune de Saint-Sébastien-sur-Loire (44),false,{44190},Commune,2026-03-24 14:42:00.862623+01,gold_establishments_2025,,,,21440190300155,2025,Collectivité Territoriale,Commune,['Loire-Atlantique'],['Pays de la Loire'],COM,{44},{52}
96c11e29-c821-4b6a-9c88-71fb77ec75f6,212902639,Commune de Saint-Ségal (29),false,{29263},Commune,2026-03-24 14:41:57.56054+01,gold_establishments_2025,,,,21290263900013,2025,Collectivité Territoriale,Commune,['Finistère'],['Bretagne'],COM,{29},{53}
4a3f55f8-610f-4797-8781-18d6d5951f7a,213503113,Commune de Saint-Séglin (35),false,{35311},Commune,2026-03-24 14:41:59.160244+01,gold_establishments_2025,,,,21350311300010,2025,Collectivité Territoriale,Commune,['Ille-et-Vilaine'],['Bretagne'],COM,{35},{53}
98a00035-9ea0-4a6b-9350-aec4addc43ca,213402886,Commune de Saint-Sériès (34),false,{34288},Commune,2026-03-24 14:41:58.620411+01,gold_establishments_2025,,,,21340288600013,2025,Collectivité Territoriale,Commune,['Hérault'],['Occitanie'],COM,{34},{76}
64a1887b-c094-43a5-8501-713b2e719df9,218903698,Commune de Saint-Sérotin (89),false,{89369},Commune,2026-03-24 14:42:11.659493+01,gold_establishments_2025,,,,21890369800015,2025,Collectivité Territoriale,Commune,['Yonne'],['Bourgogne-Franche-Comté'],COM,{89},{27}
1d689e81-7769-45ee-8e60-3a9daad15aab,211603501,Commune de Saint-Séverin (16),false,{16350},Commune,2026-03-24 14:41:54.362296+01,gold_establishments_2025,,,,21160350100019,2025,Collectivité Territoriale,Commune,['Charente'],['Nouvelle-Aquitaine'],COM,{16},{75}
179977a0-ff7f-4a30-aed3-cd75b725b966,212405021,Commune de Saint-Séverin-d'Estissac (24),false,{24502},Commune,2026-03-24 14:41:55.958138+01,gold_establishments_2025,,,,21240502100016,2025,Collectivité Territoriale,Commune,['Dordogne'],['Nouvelle-Aquitaine'],COM,{24},{75}
a79b67ea-6fbf-4be1-8b90-e3f4858914ff,211704010,Commune de Saint-Séverin-sur-Boutonne (17),false,{17401},Commune,2026-03-24 14:41:54.903238+01,gold_establishments_2025,,,,21170401000019,2025,Collectivité Territoriale,Commune,['Charente-Maritime'],['Nouvelle-Aquitaine'],COM,{17},{75}
272222e5-6c24-4e32-bd97-e95fefa4016a,217302827,Commune de Saint-Thibaud-de-Couz (73),false,{73282},Commune,2026-03-24 14:42:08.279287+01,gold_establishments_2025,,,,21730282700019,2025,Collectivité Territoriale,Commune,['Savoie'],['Auvergne-Rhône-Alpes'],COM,{73},{84}
a5cdf5ff-5230-41e0-8457-725603951094,211003520,Commune de Saint-Thibault (10),false,{10363},Commune,2026-03-24 14:41:53.095366+01,gold_establishments_2025,,,,21100352000015,2025,Collectivité Territoriale,Commune,['Aube'],['Grand Est'],COM,{10},{44}
4d1bca90-39d2-400b-963b-378e7c2e906e,212105761,Commune de Saint-Thibault (21),false,{21576},Commune,2026-03-24 14:41:55.433389+01,gold_establishments_2025,,,,21210576100010,2025,Collectivité Territoriale,Commune,"[""Côte-d'Or""]",['Bourgogne-Franche-Comté'],COM,{21},{27}
098a5661-d718-40be-8f35-f0a65d09f846,216005926,Commune de Saint-Thibault (60),false,{60599},Commune,2026-03-24 14:42:04.814328+01,gold_establishments_2025,,,,21600592600011,2025,Collectivité Territoriale,Commune,['Oise'],['Hauts-de-France'],COM,{60},{32}
281f48de-c847-44e5-876c-5dc8e13398b8,217704386,Commune de Saint-Thibault-des-Vignes (77),false,{77438},Commune,2026-03-24 14:42:09.43682+01,gold_establishments_2025,,,,21770438600010,2025,Collectivité Territoriale,Commune,['Seine-et-Marne'],['Île-de-France'],COM,{77},{11}
06c4565e-fd80-4da1-8c6c-6b63c77c802b,213402894,Commune de Saint-Thibéry (34),false,{34289},Commune,2026-03-24 14:41:58.620411+01,gold_establishments_2025,,,,21340289400017,2025,Collectivité Territoriale,Commune,['Hérault'],['Occitanie'],COM,{34},{76}
e988d99f-c3fd-43de-b359-fc1d62178a8b,215104811,Commune de Saint-Thierry (51),false,{51518},Commune,2026-03-24 14:42:01.954481+01,gold_establishments_2025,,,,21510481100017,2025,Collectivité Territoriale,Commune,['Marne'],['Grand Est'],COM,{51},{44}
9cb0be71-b3b5-4af7-ab0a-7304b2c7e92e,213904956,Commune de Saint-Thiébaud (39),false,{39495},Commune,2026-03-24 14:41:59.705606+01,gold_establishments_2025,,,,21390495600017,2025,Collectivité Territoriale,Commune,['Jura'],['Bourgogne-Franche-Comté'],COM,{39},{27}
451fd9aa-6199-45ad-baad-7651739d9f01,215203282,Commune de Saint-Thiébault (52),false,{52455},Commune,2026-03-24 14:42:01.954481+01,gold_establishments_2025,,,,21520328200011,2025,Collectivité Territoriale,Commune,['Haute-Marne'],['Grand Est'],COM,{52},{44}
6d1fc343-6cd2-44bc-988f-e74d04d567e2,212902670,Commune de Saint-Thois (29),false,{29267},Commune,2026-03-24 14:41:57.56054+01,gold_establishments_2025,,,,21290267000018,2025,Collectivité Territoriale,Commune,['Finistère'],['Bretagne'],COM,{29},{53}
da4ff7de-28ec-4c4b-b2d3-7cd9e0a351d3,210206702,Commune de Saint-Thomas (02),false,{02696},Commune,2026-03-24 14:41:52.020251+01,gold_establishments_2025,,,,21020670200016,2025,Collectivité Territoriale,Commune,['Aisne'],['Hauts-de-France'],COM,{02},{32}
93ca317e-48bd-4780-83f5-f51bf9756820,213105182,Commune de Saint-Thomas (31),false,{31518},Commune,2026-03-24 14:41:58.09424+01,gold_establishments_2025,,,,21310518200017,2025,Collectivité Territoriale,Commune,['Haute-Garonne'],['Occitanie'],COM,{31},{76}
3e3b65a1-fa80-41f5-be34-de5d2a3eef6e,211704101,Commune de Saint-Thomas-de-Conac (17),false,{17410},Commune,2026-03-24 14:41:54.903238+01,gold_establishments_2025,,,,21170410100016,2025,Collectivité Territoriale,Commune,['Charente-Maritime'],['Nouvelle-Aquitaine'],COM,{17},{75}
278c01ad-126c-4963-a811-70ea914526c9,215302563,Commune de Saint-Thomas-de-Courceriers (53),false,{53256},Commune,2026-03-24 14:42:02.957225+01,gold_establishments_2025,,,,21530256300014,2025,Collectivité Territoriale,Commune,['Mayenne'],['Pays de la Loire'],COM,{53},{52}
019a75b6-5d75-45f6-9d5d-5951a3389792,215104829,Commune de Saint-Thomas-en-Argonne (51),false,{51519},Commune,2026-03-24 14:42:01.954481+01,gold_establishments_2025,,,,21510482900019,2025,Collectivité Territoriale,Commune,['Marne'],['Grand Est'],COM,{51},{44}
5b1dbe73-dd7e-4088-bff5-717c4817573f,212603310,Commune de Saint-Thomas-en-Royans (26),false,{26331},Commune,2026-03-24 14:41:56.495197+01,gold_establishments_2025,,,,21260331000013,2025,Collectivité Territoriale,Commune,['Drôme'],['Auvergne-Rhône-Alpes'],COM,{26},{84}
39ec8634-4c12-40d2-87bc-62bb49630775,214202905,Commune de Saint-Thomas-la-Garde (42),false,{42290},Commune,2026-03-24 14:42:00.273698+01,gold_establishments_2025,,,,21420290500011,2025,Collectivité Territoriale,Commune,['Loire'],['Auvergne-Rhône-Alpes'],COM,{42},{84}
50f9805e-6482-4a23-a1c6-50795a164a93,210703005,Commune de Saint-Thomé (07),false,{07300},Commune,2026-03-24 14:41:52.562531+01,gold_establishments_2025,,,,21070300500012,2025,Collectivité Territoriale,Commune,['Ardèche'],['Auvergne-Rhône-Alpes'],COM,{07},{84}
82df563c-1a0d-47e5-a5a7-ff906d993328,212902688,Commune de Saint-Thonan (29),false,{29268},Commune,2026-03-24 14:41:57.56054+01,gold_establishments_2025,,,,21290268800010,2025,Collectivité Territoriale,Commune,['Finistère'],['Bretagne'],COM,{29},{53}
3d93c61c-c9b6-4f25-b7a2-7d55ede4ab26,213503188,Commune de Saint-Thual (35),false,{35318},Commune,2026-03-24 14:41:59.160244+01,gold_establishments_2025,,,,21350318800012,2025,Collectivité Territoriale,Commune,['Ille-et-Vilaine'],['Bretagne'],COM,{35},{53}
c1433a59-93a6-4ce6-b708-790962441867,213503196,Commune de Saint-Thurial (35),false,{35319},Commune,2026-03-24 14:41:59.160244+01,gold_establishments_2025,,,,21350319600015,2025,Collectivité Territoriale,Commune,['Ille-et-Vilaine'],['Bretagne'],COM,{35},{53}
5bc2fb3c-9ea6-465a-8a9f-bed5bad6f226,215602376,Commune de Saint-Thuriau (56),false,{56237},Commune,2026-03-24 14:42:03.701372+01,gold_establishments_2025,,,,21560237600018,2025,Collectivité Territoriale,Commune,['Morbihan'],['Bretagne'],COM,{56},{53}
5ed566b0-1efe-4c86-9391-e9fee7ff5057,212902696,Commune de Saint-Thurien (29),false,{29269},Commune,2026-03-24 14:41:57.56054+01,gold_establishments_2025,,,,21290269600013,2025,Collectivité Territoriale,Commune,['Finistère'],['Bretagne'],COM,{29},{53}
260f4e9c-d774-49b6-8a0a-ca83384df902,200059798,Commune de Saint-Thégonnec Loc-Eguiner (29),false,{29266},Commune,2026-03-24 14:41:57.56054+01,gold_establishments_2025,,,,20005979800013,2025,Collectivité Territoriale,Commune,['Finistère'],['Bretagne'],COM,{29},{53}
a179e8a8-05a1-4211-8014-92726dda46da,212203301,Commune de Saint-Thélo (22),false,{22330},Commune,2026-03-24 14:41:55.958138+01,gold_establishments_2025,,,,21220330100016,2025,Collectivité Territoriale,Commune,"[""Côtes-d'Armor""]",['Bretagne'],COM,{22},{53}
ca053b49-a080-4889-a5e5-10d77df5931e,213003007,Commune de Saint-Théodorit (30),false,{30300},Commune,2026-03-24 14:41:57.56054+01,gold_establishments_2025,,,,21300300700019,2025,Collectivité Territoriale,Commune,['Gard'],['Occitanie'],COM,{30},{76}
fb90cfb0-302b-477c-b429-1eb1f2e39ad1,213804628,Commune de Saint-Théoffrey (38),false,{38462},Commune,2026-03-24 14:41:59.705606+01,gold_establishments_2025,,,,21380462800013,2025,Collectivité Territoriale,Commune,['Isère'],['Auvergne-Rhône-Alpes'],COM,{38},{84}
6f306ef7-204b-4dfb-bf0a-ad367058c842,216207696,Commune de Saint-Tricat (62),false,{62769},Commune,2026-03-24 14:42:06.130387+01,gold_establishments_2025,,,,21620769600016,2025,Collectivité Territoriale,Commune,['Pas-de-Calais'],['Hauts-de-France'],COM,{62},{32}
f8839c44-a33f-4b0d-a47d-4172d94dacbf,212203327,Commune de Saint-Trimoël (22),false,{22332},Commune,2026-03-24 14:41:55.958138+01,gold_establishments_2025,,,,21220332700011,2025,Collectivité Territoriale,Commune,"[""Côtes-d'Armor""]",['Bretagne'],COM,{22},{53}
6d222f30-9dcb-44b5-a739-b05337e43e4d,218401206,Commune de Saint-Trinit (84),false,{84120},Commune,2026-03-24 14:42:10.508772+01,gold_establishments_2025,,,,21840120600014,2025,Collectivité Territoriale,Commune,['Vaucluse'],"[""Provence-Alpes-Côte d'Azur""]",COM,{84},{93}
c8e0c540-c35d-49ab-ac5b-187d7585f2f6,210103883,Commune de Saint-Trivier-de-Courtes (01),false,{01388},Commune,2026-03-24 14:41:51.447482+01,gold_establishments_2025,,,,21010388300018,2025,Collectivité Territoriale,Commune,['Ain'],['Auvergne-Rhône-Alpes'],COM,{01},{84}
93670fc5-c327-434e-8d4c-f1b5d7bac1b2,210103891,Commune de Saint-Trivier-sur-Moignans (01),false,{01389},Commune,2026-03-24 14:41:51.447482+01,gold_establishments_2025,,,,21010389100011,2025,Collectivité Territoriale,Commune,['Ain'],['Auvergne-Rhône-Alpes'],COM,{01},{84}
09bc7461-5690-4fa6-b9d9-6fde1d8db193,213304868,Commune de Saint-Trojan (33),false,{33486},Commune,2026-03-24 14:41:58.620411+01,gold_establishments_2025,,,,21330486800010,2025,Collectivité Territoriale,Commune,['Gironde'],['Nouvelle-Aquitaine'],COM,{33},{75}
bc0a43ec-9e25-4c23-810c-ac75bbe4b499,211704119,Commune de Saint-Trojan-les-Bains (17),false,{17411},Commune,2026-03-24 14:41:54.903238+01,gold_establishments_2025,,,,21170411900018,2025,Collectivité Territoriale,Commune,['Charente-Maritime'],['Nouvelle-Aquitaine'],COM,{17},{75}
9311a366-8540-4475-8321-d45e86407b6c,218301190,Commune de Saint-Tropez (83),false,{83119},Commune,2026-03-24 14:42:10.508772+01,gold_establishments_2025,,,,21830119000011,2025,Collectivité Territoriale,Commune,['Var'],"[""Provence-Alpes-Côte d'Azur""]",COM,{83},{93}
1952537e-e69e-415b-a301-3fb683d6a0de,215602384,Commune de Saint-Tugdual (56),false,{56238},Commune,2026-03-24 14:42:03.701372+01,gold_establishments_2025,,,,21560238400012,2025,Collectivité Territoriale,Commune,['Morbihan'],['Bretagne'],COM,{56},{53}
f7175d5a-3142-4276-89af-961b7f35b887,217203223,Commune de Saint-Ulphace (72),false,{72322},Commune,2026-03-24 14:42:08.279287+01,gold_establishments_2025,,,,21720322300011,2025,Collectivité Territoriale,Commune,['Sarthe'],['Pays de la Loire'],COM,{72},{52}
0f42882e-8e33-45ab-ab43-0261f6be748f,216802991,Commune de Saint-Ulrich (68),false,{68299},Commune,2026-03-24 14:42:07.195692+01,gold_establishments_2025,,,,21680299100010,2025,Collectivité Territoriale,Commune,['Haut-Rhin'],['Grand Est'],COM,{68},{44}
d652d433-06e9-4127-a06c-ef668911fe6f,213503204,Commune de Saint-Uniac (35),false,{35320},Commune,2026-03-24 14:41:59.160244+01,gold_establishments_2025,,,,21350320400017,2025,Collectivité Territoriale,Commune,['Ille-et-Vilaine'],['Bretagne'],COM,{35},{53}
f80fe8ae-ca31-4bbb-aa68-1013fa49a9fe,212902704,Commune de Saint-Urbain (29),false,{29270},Commune,2026-03-24 14:41:57.56054+01,gold_establishments_2025,,,,21290270400015,2025,Collectivité Territoriale,Commune,['Finistère'],['Bretagne'],COM,{29},{53}
1eece745-8271-43ce-babd-768cd5470242,218502730,Commune de Saint-Urbain (85),false,{85273},Commune,2026-03-24 14:42:10.508772+01,gold_establishments_2025,,,,21850273000011,2025,Collectivité Territoriale,Commune,['Vendée'],['Pays de la Loire'],COM,{85},{52}
84295402-af57-4b86-bc84-d55f6855e7fe,215203290,Commune de Saint-Urbain-Maconcourt (52),false,{52456},Commune,2026-03-24 14:42:01.954481+01,gold_establishments_2025,,,,21520329000014,2025,Collectivité Territoriale,Commune,['Haute-Marne'],['Grand Est'],COM,{52},{44}
7732db2a-f671-4935-855a-92ad6e98a930,214702813,Commune de Saint-Urcisse (47),false,{47281},Commune,2026-03-24 14:42:00.862623+01,gold_establishments_2025,,,,21470281300012,2025,Collectivité Territoriale,Commune,['Lot-et-Garonne'],['Nouvelle-Aquitaine'],COM,{47},{75}
0b9a4a7a-627b-46e0-b72b-cc6d10962db3,218102721,Commune de Saint-Urcisse (81),false,{81272},Commune,2026-03-24 14:42:09.967209+01,gold_establishments_2025,,,,21810272100014,2025,Collectivité Territoriale,Commune,['Tarn'],['Occitanie'],COM,{81},{76}
5d0c030d-aa71-4a7b-9c90-bc2c167fe17a,211502166,Commune de Saint-Urcize (15),false,{15216},Commune,2026-03-24 14:41:54.362296+01,gold_establishments_2025,,,,21150216600013,2025,Collectivité Territoriale,Commune,['Cantal'],['Auvergne-Rhône-Alpes'],COM,{15},{84}
f3fa700f-e6e0-4892-a818-441178205596,211003538,Commune de Saint-Usage (10),false,{10364},Commune,2026-03-24 14:41:53.095366+01,gold_establishments_2025,,,,21100353800017,2025,Collectivité Territoriale,Commune,['Aube'],['Grand Est'],COM,{10},{44}
fdcf6652-6a40-421c-ad9c-561f51cc68a1,212105779,Commune de Saint-Usage (21),false,{21577},Commune,2026-03-24 14:41:55.433389+01,gold_establishments_2025,,,,21210577900012,2025,Collectivité Territoriale,Commune,"[""Côte-d'Or""]",['Bourgogne-Franche-Comté'],COM,{21},{27}
477f83e0-3a71-4f10-9045-9962a34f05fe,217104843,Commune de Saint-Usuge (71),false,{71484},Commune,2026-03-24 14:42:08.279287+01,gold_establishments_2025,,,,21710484300016,2025,Collectivité Territoriale,Commune,['Saône-et-Loire'],['Bourgogne-Franche-Comté'],COM,{71},{27}
1e85d330-6565-421d-9afd-e72c34c5ab09,215104837,Commune de Saint-Utin (51),false,{51520},Commune,2026-03-24 14:42:01.954481+01,gold_establishments_2025,,,,21510483700012,2025,Collectivité Territoriale,Commune,['Marne'],['Grand Est'],COM,{51},{44}
9edbb2f2-1896-41f5-8100-0d9c4e326dea,212603328,Commune de Saint-Uze (26),false,{26332},Commune,2026-03-24 14:41:56.495197+01,gold_establishments_2025,,,,21260332800015,2025,Collectivité Territoriale,Commune,['Drôme'],['Auvergne-Rhône-Alpes'],COM,{26},{84}
467d1f1a-5780-4730-bcbe-c107fc0ef054,217606532,Commune de Saint-Vaast-Dieppedalle (76),false,{76653},Commune,2026-03-24 14:42:08.818969+01,gold_establishments_2025,,,,21760653200018,2025,Collectivité Territoriale,Commune,['Seine-Maritime'],['Normandie'],COM,{76},{28}
2baf1ec8-395a-4995-bf3a-fd5247d2f2c5,217606524,Commune de Saint-Vaast-d'Équiqueville (76),false,{76652},Commune,2026-03-24 14:42:08.818969+01,gold_establishments_2025,,,,21760652400015,2025,Collectivité Territoriale,Commune,['Seine-Maritime'],['Normandie'],COM,{76},{28}
5017ee8e-7f5b-4963-9add-f4448b439f9a,216005934,Commune de Saint-Vaast-de-Longmont (60),false,{60600},Commune,2026-03-24 14:42:04.814328+01,gold_establishments_2025,,,,21600593400015,2025,Collectivité Territoriale,Commune,['Oise'],['Hauts-de-France'],COM,{60},{32}
f65cf815-82ba-4877-8345-c18f57069e14,217606540,Commune de Saint-Vaast-du-Val (76),false,{76654},Commune,2026-03-24 14:42:08.818969+01,gold_establishments_2025,,,,21760654000011,2025,Collectivité Territoriale,Commune,['Seine-Maritime'],['Normandie'],COM,{76},{28}
3f2bd274-81f7-4dac-a561-aa43288a3129,211406608,Commune de Saint-Vaast-en-Auge (14),false,{14660},Commune,2026-03-24 14:41:54.362296+01,gold_establishments_2025,,,,21140660800011,2025,Collectivité Territoriale,Commune,['Calvados'],['Normandie'],COM,{14},{28}
581728e9-6c92-430b-b10b-d3ee558a6575,215905472,Commune de Saint-Vaast-en-Cambrésis (59),false,{59547},Commune,2026-03-24 14:42:04.814328+01,gold_establishments_2025,,,,21590547200019,2025,Collectivité Territoriale,Commune,['Nord'],['Hauts-de-France'],COM,{59},{32}
8890b6c4-bdcc-46a4-88ea-63a2709847af,218006781,Commune de Saint-Vaast-en-Chaussée (80),false,{80722},Commune,2026-03-24 14:42:09.967209+01,gold_establishments_2025,,,,21800678100015,2025,Collectivité Territoriale,Commune,['Somme'],['Hauts-de-France'],COM,{80},{32}
028cfa99-52b0-4521-b1a5-0f365185b239,215005620,Commune de Saint-Vaast-la-Hougue (50),false,{50562},Commune,2026-03-24 14:42:01.412377+01,gold_establishments_2025,,,,21500562000012,2025,Collectivité Territoriale,Commune,['Manche'],['Normandie'],COM,{50},{28}
eea38e7b-cbd8-4685-83b5-2ad14f77b90c,216005942,Commune de Saint-Vaast-lès-Mello (60),false,{60601},Commune,2026-03-24 14:42:04.814328+01,gold_establishments_2025,,,,21600594200018,2025,Collectivité Territoriale,Commune,['Oise'],['Hauts-de-France'],COM,{60},{32}
a24d9370-0ee6-4dff-948a-5f48583f8d48,211406616,Commune de Saint-Vaast-sur-Seulles (14),false,{14661},Commune,2026-03-24 14:41:54.362296+01,gold_establishments_2025,,,,21140661600014,2025,Collectivité Territoriale,Commune,['Calvados'],['Normandie'],COM,{14},{28}
68fa5851-dd0e-45a5-b073-68fc2d3c4bdf,211704127,Commune de Saint-Vaize (17),false,{17412},Commune,2026-03-24 14:41:54.903238+01,gold_establishments_2025,,,,21170412700011,2025,Collectivité Territoriale,Commune,['Charente-Maritime'],['Nouvelle-Aquitaine'],COM,{17},{75}
56bfa939-752e-4d55-894b-7ea1333bbcd6,213602097,Commune de Saint-Valentin (36),false,{36209},Commune,2026-03-24 14:41:59.160244+01,gold_establishments_2025,,,,21360209700015,2025,Collectivité Territoriale,Commune,['Indre'],['Centre-Val de Loire'],COM,{36},{24}
a4afcefb-e79a-4279-a1dd-73727b270bab,216005959,Commune de Saint-Valery (60),false,{60602},Commune,2026-03-24 14:42:04.814328+01,gold_establishments_2025,,,,21600595900012,2025,Collectivité Territoriale,Commune,['Oise'],['Hauts-de-France'],COM,{60},{32}
351330c0-1715-4cc4-9e1e-a8172b317d5b,217606557,Commune de Saint-Valery-en-Caux (76),false,{76655},Commune,2026-03-24 14:42:08.818969+01,gold_establishments_2025,,,,21760655700015,2025,Collectivité Territoriale,Commune,['Seine-Maritime'],['Normandie'],COM,{76},{28}
6d469c3d-52ac-4cab-be47-bb24c60b98d5,218006773,Commune de Saint-Valery-sur-Somme (80),false,{80721},Commune,2026-03-24 14:42:09.967209+01,gold_establishments_2025,,,,21800677300012,2025,Collectivité Territoriale,Commune,['Somme'],['Hauts-de-France'],COM,{80},{32}
88dcf06e-b546-4df5-97b8-92f243f7535c,217104850,Commune de Saint-Vallerin (71),false,{71485},Commune,2026-03-24 14:42:08.279287+01,gold_establishments_2025,,,,21710485000011,2025,Collectivité Territoriale,Commune,['Saône-et-Loire'],['Bourgogne-Franche-Comté'],COM,{71},{27}
d6066973-e6f9-4710-a405-28d23e6eb2b8,211603576,Commune de Saint-Vallier (16),false,{16357},Commune,2026-03-24 14:41:54.362296+01,gold_establishments_2025,,,,21160357600011,2025,Collectivité Territoriale,Commune,['Charente'],['Nouvelle-Aquitaine'],COM,{16},{75}
f8201b6e-8f9a-498b-8170-04f2e00e6bf9,212603336,Commune de Saint-Vallier (26),false,{26333},Commune,2026-03-24 14:41:56.495197+01,gold_establishments_2025,,,,21260333600018,2025,Collectivité Territoriale,Commune,['Drôme'],['Auvergne-Rhône-Alpes'],COM,{26},{84}
1ff2afb0-76a5-49cc-be20-a8fdaf9e77a4,217104868,Commune de Saint-Vallier (71),false,{71486},Commune,2026-03-24 14:42:08.279287+01,gold_establishments_2025,,,,21710486800013,2025,Collectivité Territoriale,Commune,['Saône-et-Loire'],['Bourgogne-Franche-Comté'],COM,{71},{27}
5c5085e2-c3af-4cfc-aa3c-0783eb6f1f54,218804375,Commune de Saint-Vallier (88),false,{88437},Commune,2026-03-24 14:42:11.118516+01,gold_establishments_2025,,,,21880437500010,2025,Collectivité Territoriale,Commune,['Vosges'],['Grand Est'],COM,{88},{44}
6a1ba7ab-ede4-460c-816f-6708678b2ddb,210601308,Commune de Saint-Vallier-de-Thiey (06),false,{06130},Commune,2026-03-24 14:41:52.562531+01,gold_establishments_2025,,,,21060130800013,2025,Collectivité Territoriale,Commune,['Alpes-Maritimes'],"[""Provence-Alpes-Côte d'Azur""]",COM,{06},{93}
856d7f89-79c8-49f7-9fa2-6ab15fc86c0a,215203308,Commune de Saint-Vallier-sur-Marne (52),false,{52457},Commune,2026-03-24 14:42:01.954481+01,gold_establishments_2025,,,,21520330800014,2025,Collectivité Territoriale,Commune,['Haute-Marne'],['Grand Est'],COM,{52},{44}
4b30e1d1-a358-4258-8818-0dde88ec0940,218502748,Commune de Saint-Valérien (85),false,{85274},Commune,2026-03-24 14:42:10.508772+01,gold_establishments_2025,,,,21850274800013,2025,Collectivité Territoriale,Commune,['Vendée'],['Pays de la Loire'],COM,{85},{52}
c66290a3-16f1-4065-beaf-d1f55ce38137,218903706,Commune de Saint-Valérien (89),false,{89370},Commune,2026-03-24 14:42:11.659493+01,gold_establishments_2025,,,,21890370600016,2025,Collectivité Territoriale,Commune,['Yonne'],['Bourgogne-Franche-Comté'],COM,{89},{27}
39957c76-ce45-4fb3-85b9-c153c246dc8c,217902998,Commune de Saint-Varent (79),false,{79299},Commune,2026-03-24 14:42:09.43682+01,gold_establishments_2025,,,,21790299800012,2025,Collectivité Territoriale,Commune,['Deux-Sèvres'],['Nouvelle-Aquitaine'],COM,{79},{75}
53b09ddf-8f52-4058-970c-7c4ed9bb3717,212324701,Commune de Saint-Vaury (23),false,{23247},Commune,2026-03-24 14:41:55.958138+01,gold_establishments_2025,,,,21232470100011,2025,Collectivité Territoriale,Commune,['Creuse'],['Nouvelle-Aquitaine'],COM,{23},{75}
55541387-b66d-49bc-beae-f5bb4bbe99d7,216207704,Commune de Saint-Venant (62),false,{62770},Commune,2026-03-24 14:42:06.130387+01,gold_establishments_2025,,,,21620770400018,2025,Collectivité Territoriale,Commune,['Pas-de-Calais'],['Hauts-de-France'],COM,{62},{32}
9eae9347-93b3-4431-830a-346fd2c957cf,214302267,Commune de Saint-Vert (43),false,{43226},Commune,2026-03-24 14:42:00.273698+01,gold_establishments_2025,,,,21430226700015,2025,Collectivité Territoriale,Commune,['Haute-Loire'],['Auvergne-Rhône-Alpes'],COM,{43},{84}
2218e860-ac65-4a68-8898-20920de6da08,211924600,Commune de Saint-Viance (19),false,{19246},Commune,2026-03-24 14:41:55.433389+01,gold_establishments_2025,,,,21192460000011,2025,Collectivité Territoriale,Commune,['Corrèze'],['Nouvelle-Aquitaine'],COM,{19},{75}
04658f8a-d0b8-4bc3-b177-849952d70b6c,214401929,Commune de Saint-Viaud (44),false,{44192},Commune,2026-03-24 14:42:00.862623+01,gold_establishments_2025,,,,21440192900010,2025,Collectivité Territoriale,Commune,['Loire-Atlantique'],['Pays de la Loire'],COM,{44},{52}
6e0e5be4-9182-487a-8b3c-890e4b80dd2a,217203231,Commune de Saint-Victeur (72),false,{72323},Commune,2026-03-24 14:42:08.279287+01,gold_establishments_2025,,,,21720323100014,2025,Collectivité Territoriale,Commune,['Sarthe'],['Pays de la Loire'],COM,{72},{52}
e67c713e-9ebb-43bc-98bf-3e0bbeb6ec4b,210302626,Commune de Saint-Victor (03),false,{03262},Commune,2026-03-24 14:41:52.020251+01,gold_establishments_2025,,,,21030262600010,2025,Collectivité Territoriale,Commune,['Allier'],['Auvergne-Rhône-Alpes'],COM,{03},{84}
8428c7bc-0ea7-4e01-8915-de4291eb4622,210703013,Commune de Saint-Victor (07),false,{07301},Commune,2026-03-24 14:41:52.562531+01,gold_establishments_2025,,,,21070301300016,2025,Collectivité Territoriale,Commune,['Ardèche'],['Auvergne-Rhône-Alpes'],COM,{07},{84}
021692c7-5d65-4171-93cb-1c79870723f1,211502174,Commune de Saint-Victor (15),false,{15217},Commune,2026-03-24 14:41:54.362296+01,gold_establishments_2025,,,,21150217400017,2025,Collectivité Territoriale,Commune,['Cantal'],['Auvergne-Rhône-Alpes'],COM,{15},{84}
063ff45f-2916-4791-811c-d1a855347121,212405088,Commune de Saint-Victor (24),false,{24508},Commune,2026-03-24 14:41:55.958138+01,gold_establishments_2025,,,,21240508800015,2025,Collectivité Territoriale,Commune,['Dordogne'],['Nouvelle-Aquitaine'],COM,{24},{75}
bec04b30-40d6-4846-9bbb-a800acfca51f,214302275,Commune de Saint-Victor-Malescours (43),false,{43227},Commune,2026-03-24 14:42:00.273698+01,gold_establishments_2025,,,,21430227500018,2025,Collectivité Territoriale,Commune,['Haute-Loire'],['Auvergne-Rhône-Alpes'],COM,{43},{84}
a523defb-1b25-4c6d-addb-89b3b7dcd4ff,216304022,Commune de Saint-Victor-Montvianeix (63),false,{63402},Commune,2026-03-24 14:42:06.130387+01,gold_establishments_2025,,,,21630402200017,2025,Collectivité Territoriale,Commune,['Puy-de-Dôme'],['Auvergne-Rhône-Alpes'],COM,{63},{84}
d6bccb61-edce-4013-88aa-77fb658a9c1d,210902763,Commune de Saint-Victor-Rouzaud (09),false,{09276},Commune,2026-03-24 14:41:53.095366+01,gold_establishments_2025,,,,21090276300015,2025,Collectivité Territoriale,Commune,['Ariège'],['Occitanie'],COM,{09},{76}
6beadf69-3ddd-4f02-9718-9ffd21d4d40a,212706097,Commune de Saint-Victor-d'Épine (27),false,{27609},Commune,2026-03-24 14:41:57.028721+01,gold_establishments_2025,,,,21270609700012,2025,Collectivité Territoriale,Commune,['Eure'],['Normandie'],COM,{27},{28}
30150738-2a76-48b7-8802-d29afe08c914,212803621,Commune de Saint-Victor-de-Buthon (28),false,{28362},Commune,2026-03-24 14:41:57.028721+01,gold_establishments_2025,,,,21280362100011,2025,Collectivité Territoriale,Commune,['Eure-et-Loir'],['Centre-Val de Loire'],COM,{28},{24}
e3088800-a2ba-4330-a186-712af66e2757,213804644,Commune de Saint-Victor-de-Cessieu (38),false,{38464},Commune,2026-03-24 14:41:59.705606+01,gold_establishments_2025,,,,21380464400010,2025,Collectivité Territoriale,Commune,['Isère'],['Auvergne-Rhône-Alpes'],COM,{38},{84}
f035243c-727b-4ab0-81ee-c131772bfa8f,212706089,Commune de Saint-Victor-de-Chrétienville (27),false,{27608},Commune,2026-03-24 14:41:57.028721+01,gold_establishments_2025,,,,21270608900019,2025,Collectivité Territoriale,Commune,['Eure'],['Normandie'],COM,{27},{28}
4e8ef520-1247-41f1-a840-4aa3959d1327,213003031,Commune de Saint-Victor-de-Malcap (30),false,{30303},Commune,2026-03-24 14:41:57.56054+01,gold_establishments_2025,,,,21300303100019,2025,Collectivité Territoriale,Commune,['Gard'],['Occitanie'],COM,{30},{76}
cd80f345-33b8-4d75-b18e-f706fbc6c05e,213804651,Commune de Saint-Victor-de-Morestel (38),false,{38465},Commune,2026-03-24 14:41:59.705606+01,gold_establishments_2025,,,,21380465100015,2025,Collectivité Territoriale,Commune,['Isère'],['Auvergne-Rhône-Alpes'],COM,{38},{84}
90f79b6b-3cb6-428c-93f6-bcf0ad2d507a,213003015,Commune de Saint-Victor-des-Oules (30),false,{30301},Commune,2026-03-24 14:41:57.56054+01,gold_establishments_2025,,,,21300301500012,2025,Collectivité Territoriale,Commune,['Gard'],['Occitanie'],COM,{30},{76}
59c67e02-750d-402f-8c15-3ffd7c2e1c04,212324800,Commune de Saint-Victor-en-Marche (23),false,{23248},Commune,2026-03-24 14:41:55.958138+01,gold_establishments_2025,,,,21232480000011,2025,Collectivité Territoriale,Commune,['Creuse'],['Nouvelle-Aquitaine'],COM,{23},{75}
03ee5a4a-ecc7-48b8-b4e4-a16fc6e3b837,211202510,Commune de Saint-Victor-et-Melvieu (12),false,{12251},Commune,2026-03-24 14:41:53.63825+01,gold_establishments_2025,,,,21120251000015,2025,Collectivité Territoriale,Commune,['Aveyron'],['Occitanie'],COM,{12},{76}
c4f7f003-8c9d-44e6-8820-907a8b5adad5,217606565,Commune de Saint-Victor-l'Abbaye (76),false,{76656},Commune,2026-03-24 14:42:08.818969+01,gold_establishments_2025,,,,21760656500018,2025,Collectivité Territoriale,Commune,['Seine-Maritime'],['Normandie'],COM,{76},{28}
0c113709-4550-46cb-80e1-5d734e9bf3c1,213003023,Commune de Saint-Victor-la-Coste (30),false,{30302},Commune,2026-03-24 14:41:57.56054+01,gold_establishments_2025,,,,21300302300016,2025,Collectivité Territoriale,Commune,['Gard'],['Occitanie'],COM,{30},{76}
90ed8b68-4172-41bd-9064-f0e4bd7fcf8a,216304014,Commune de Saint-Victor-la-Rivière (63),false,{63401},Commune,2026-03-24 14:42:06.130387+01,gold_establishments_2025,,,,21630401400014,2025,Collectivité Territoriale,Commune,['Puy-de-Dôme'],['Auvergne-Rhône-Alpes'],COM,{63},{84}
3e2d73ff-4cd4-4ffd-aef7-236f61d4e2eb,214302283,Commune de Saint-Victor-sur-Arlanc (43),false,{43228},Commune,2026-03-24 14:42:00.273698+01,gold_establishments_2025,,,,21430228300012,2025,Collectivité Territoriale,Commune,['Haute-Loire'],['Auvergne-Rhône-Alpes'],COM,{43},{84}
8bf70ee9-6288-4323-9bf5-33a5fe3edd25,212706105,Commune de Saint-Victor-sur-Avre (27),false,{27610},Commune,2026-03-24 14:41:57.028721+01,gold_establishments_2025,,,,21270610500013,2025,Collectivité Territoriale,Commune,['Eure'],['Normandie'],COM,{27},{28}
70726baa-9500-468a-ab35-5c5046dfded9,212105787,Commune de Saint-Victor-sur-Ouche (21),false,{21578},Commune,2026-03-24 14:41:55.433389+01,gold_establishments_2025,,,,21210578700015,2025,Collectivité Territoriale,Commune,"[""Côte-d'Or""]",['Bourgogne-Franche-Comté'],COM,{21},{27}
66dc8374-b060-4855-bab1-b3b3e4e69ea8,214202939,Commune de Saint-Victor-sur-Rhins (42),false,{42293},Commune,2026-03-24 14:42:00.273698+01,gold_establishments_2025,,,,21420293900010,2025,Collectivité Territoriale,Commune,['Loire'],['Auvergne-Rhône-Alpes'],COM,{42},{84}
6b2b381a-1fc1-4fc7-8a40-dc59bc374d08,211301023,Commune de Saint-Victoret (13),false,{13102},Commune,2026-03-24 14:41:53.63825+01,gold_establishments_2025,,,,21130102300126,2025,Collectivité Territoriale,Commune,['Bouches-du-Rhône'],"[""Provence-Alpes-Côte d'Azur""]",COM,{13},{93}
c60d1964-9500-42af-a5de-53fb4506d0f2,211924709,Commune de Saint-Victour (19),false,{19247},Commune,2026-03-24 14:41:55.433389+01,gold_establishments_2025,,,,21192470900010,2025,Collectivité Territoriale,Commune,['Corrèze'],['Nouvelle-Aquitaine'],COM,{19},{75}
5b3a895a-ebe8-4080-b24d-7496eafe4835,218718500,Commune de Saint-Victurnien (87),false,{87185},Commune,2026-03-24 14:42:11.118516+01,gold_establishments_2025,,,,21871850000018,2025,Collectivité Territoriale,Commune,['Haute-Vienne'],['Nouvelle-Aquitaine'],COM,{87},{75}
6a8435e2-2f9c-432b-891a-b24553bb0246,214302291,Commune de Saint-Vidal (43),false,{43229},Commune,2026-03-24 14:42:00.273698+01,gold_establishments_2025,,,,21430229100015,2025,Collectivité Territoriale,Commune,['Haute-Loire'],['Auvergne-Rhône-Alpes'],COM,{43},{84}
d61b7cae-65c8-4f18-9487-ff16f5385ec4,212706113,Commune de Saint-Vigor (27),false,{27611},Commune,2026-03-24 14:41:57.028721+01,gold_establishments_2025,,,,21270611300017,2025,Collectivité Territoriale,Commune,['Eure'],['Normandie'],COM,{27},{28}
8d880cec-341e-4d2f-8378-7b560020ab99,217606573,Commune de Saint-Vigor-d'Ymonville (76),false,{76657},Commune,2026-03-24 14:42:08.818969+01,gold_establishments_2025,,,,21760657300012,2025,Collectivité Territoriale,Commune,['Seine-Maritime'],['Normandie'],COM,{76},{28}
e6eb78a1-b0c2-4603-a8ce-63f4f8ff725e,215005638,Commune de Saint-Vigor-des-Monts (50),false,{50563},Commune,2026-03-24 14:42:01.412377+01,gold_establishments_2025,,,,21500563800014,2025,Collectivité Territoriale,Commune,['Manche'],['Normandie'],COM,{50},{28}
e865b682-f06d-4de4-896d-d701d8feed21,211406632,Commune de Saint-Vigor-le-Grand (14),false,{14663},Commune,2026-03-24 14:41:54.362296+01,gold_establishments_2025,,,,21140663200011,2025,Collectivité Territoriale,Commune,['Calvados'],['Normandie'],COM,{14},{28}
c87e953f-0f29-4baa-9815-20a197ee4a8f,213105190,Commune de Saint-Vincent (31),false,{31519},Commune,2026-03-24 14:41:58.09424+01,gold_establishments_2025,,,,21310519000010,2025,Collectivité Territoriale,Commune,['Haute-Garonne'],['Occitanie'],COM,{31},{76}
8074863d-5611-4bdf-bbe0-4d6893c80b7b,214302309,Commune de Saint-Vincent (43),false,{43230},Commune,2026-03-24 14:42:00.273698+01,gold_establishments_2025,,,,21430230900015,2025,Collectivité Territoriale,Commune,['Haute-Loire'],['Auvergne-Rhône-Alpes'],COM,{43},{84}
1355b81e-2320-421b-87a3-546e84615fb5,216304030,Commune de Saint-Vincent (63),false,{63403},Commune,2026-03-24 14:42:06.130387+01,gold_establishments_2025,,,,21630403000010,2025,Collectivité Territoriale,Commune,['Puy-de-Dôme'],['Auvergne-Rhône-Alpes'],COM,{63},{84}
1fa1b374-1093-4c22-870f-71a97da7f4e1,216404988,Commune de Saint-Vincent (64),false,{64498},Commune,2026-03-24 14:42:06.665412+01,gold_establishments_2025,,,,21640498800018,2025,Collectivité Territoriale,Commune,['Pyrénées-Atlantiques'],['Nouvelle-Aquitaine'],COM,{64},{75}
9a258ec7-9f0c-4048-9e22-758d89e72916,217104900,Commune de Saint-Vincent-Bragny (71),false,{71490},Commune,2026-03-24 14:42:08.279287+01,gold_establishments_2025,,,,21710490000014,2025,Collectivité Territoriale,Commune,['Saône-et-Loire'],['Bourgogne-Franche-Comté'],COM,{71},{27}
8e1eccdc-0a1b-475b-af63-c8aca0a2330d,217606581,Commune de Saint-Vincent-Cramesnil (76),false,{76658},Commune,2026-03-24 14:42:08.818969+01,gold_establishments_2025,,,,21760658100015,2025,Collectivité Territoriale,Commune,['Seine-Maritime'],['Normandie'],COM,{76},{28}
cc9a5b81-32d1-44d8-a67a-8c5451b03f9e,212405112,Commune de Saint-Vincent-Jalmoutiers (24),false,{24511},Commune,2026-03-24 14:41:55.958138+01,gold_establishments_2025,,,,21240511200013,2025,Collectivité Territoriale,Commune,['Dordogne'],['Nouvelle-Aquitaine'],COM,{24},{75}
0948e72b-35a4-4284-8982-2097bbd5e6cf,218201754,Commune de Saint-Vincent-Lespinasse (82),false,{82175},Commune,2026-03-24 14:42:10.508772+01,gold_establishments_2025,,,,21820175400015,2025,Collectivité Territoriale,Commune,['Tarn-et-Garonne'],['Occitanie'],COM,{82},{76}
947e4e8b-9861-4204-87ca-9612a153bc02,214602963,Commune de Saint-Vincent-Rive-d'Olt (46),false,{46296},Commune,2026-03-24 14:42:00.862623+01,gold_establishments_2025,,,,21460296300016,2025,Collectivité Territoriale,Commune,['Lot'],['Occitanie'],COM,{46},{76}
3794224d-83e2-4065-8c0f-74a0c166cc4a,218502763,Commune de Saint-Vincent-Sterlanges (85),false,{85276},Commune,2026-03-24 14:42:10.508772+01,gold_establishments_2025,,,,21850276300012,2025,Collectivité Territoriale,Commune,['Vendée'],['Pays de la Loire'],COM,{85},{52}
84d78608-fd0a-4bca-bf2c-783f3ad7b75c,218201747,Commune de Saint-Vincent-d'Autéjac (82),false,{82174},Commune,2026-03-24 14:42:10.508772+01,gold_establishments_2025,,,,21820174700019,2025,Collectivité Territoriale,Commune,['Tarn-et-Garonne'],['Occitanie'],COM,{82},{76}
320f7c9c-89a6-4e5a-bb0b-35caa3af7125,213402910,Commune de Saint-Vincent-d'Olargues (34),false,{34291},Commune,2026-03-24 14:41:58.620411+01,gold_establishments_2025,,,,21340291000011,2025,Collectivité Territoriale,Commune,['Hérault'],['Occitanie'],COM,{34},{76}
1c4d69fe-db4d-4c25-b506-9a8c5aefecd4,213402902,Commune de Saint-Vincent-de-Barbeyrargues (34),false,{34290},Commune,2026-03-24 14:41:58.620411+01,gold_establishments_2025,,,,21340290200018,2025,Collectivité Territoriale,Commune,['Hérault'],['Occitanie'],COM,{34},{76}
ecfc53b6-b7f2-4ddb-aeb0-94f354c63c3a,210703021,Commune de Saint-Vincent-de-Barrès (07),false,{07302},Commune,2026-03-24 14:41:52.562531+01,gold_establishments_2025,,,,21070302100019,2025,Collectivité Territoriale,Commune,['Ardèche'],['Auvergne-Rhône-Alpes'],COM,{07},{84}
b639da8d-f8f2-4f4f-b9df-5019bc016c08,214202947,Commune de Saint-Vincent-de-Boisset (42),false,{42294},Commune,2026-03-24 14:42:00.273698+01,gold_establishments_2025,,,,21420294700013,2025,Collectivité Territoriale,Commune,['Loire'],['Auvergne-Rhône-Alpes'],COM,{42},{84}
29b9b150-e9c0-4d52-9267-df71586287df,212405096,Commune de Saint-Vincent-de-Connezac (24),false,{24509},Commune,2026-03-24 14:41:55.958138+01,gold_establishments_2025,,,,21240509600018,2025,Collectivité Territoriale,Commune,['Dordogne'],['Nouvelle-Aquitaine'],COM,{24},{75}
df020ab1-de03-46ff-9f5b-15e6ce7647ab,212405104,Commune de Saint-Vincent-de-Cosse (24),false,{24510},Commune,2026-03-24 14:41:55.958138+01,gold_establishments_2025,,,,21240510400010,2025,Collectivité Territoriale,Commune,['Dordogne'],['Nouvelle-Aquitaine'],COM,{24},{75}
680efcc5-4852-44da-bb8c-a0a36e5e9660,210703039,Commune de Saint-Vincent-de-Durfort (07),false,{07303},Commune,2026-03-24 14:41:52.562531+01,gold_establishments_2025,,,,21070303900011,2025,Collectivité Territoriale,Commune,['Ardèche'],['Auvergne-Rhône-Alpes'],COM,{07},{84}
c31f30f6-6739-453f-b04c-4280eb1f12d2,214702821,Commune de Saint-Vincent-de-Lamontjoie (47),false,{47282},Commune,2026-03-24 14:42:00.862623+01,gold_establishments_2025,,,,21470282100015,2025,Collectivité Territoriale,Commune,['Lot-et-Garonne'],['Nouvelle-Aquitaine'],COM,{47},{75}
f92b371b-9163-4ccd-8ec3-87726957bd58,213804669,Commune de Saint-Vincent-de-Mercuze (38),false,{38466},Commune,2026-03-24 14:41:59.705606+01,gold_establishments_2025,,,,21380466900017,2025,Collectivité Territoriale,Commune,['Isère'],['Auvergne-Rhône-Alpes'],COM,{38},{84}
0732cb80-8b83-4ca0-8bf2-3182455dde92,213304876,Commune de Saint-Vincent-de-Paul (33),false,{33487},Commune,2026-03-24 14:41:58.620411+01,gold_establishments_2025,,,,21330487600013,2025,Collectivité Territoriale,Commune,['Gironde'],['Nouvelle-Aquitaine'],COM,{33},{75}
687b346a-e10a-4256-9425-af20c669e5b6,214002834,Commune de Saint-Vincent-de-Paul (40),false,{40283},Commune,2026-03-24 14:41:59.705606+01,gold_establishments_2025,,,,21400283400015,2025,Collectivité Territoriale,Commune,['Landes'],['Nouvelle-Aquitaine'],COM,{40},{75}
eb92dd3a-05e2-476f-9fcf-3d1ca325de50,213304884,Commune de Saint-Vincent-de-Pertignas (33),false,{33488},Commune,2026-03-24 14:41:58.620411+01,gold_establishments_2025,,,,21330488400017,2025,Collectivité Territoriale,Commune,['Gironde'],['Nouvelle-Aquitaine'],COM,{33},{75}
1c051a36-9a68-4e5a-b901-96084c8bd672,216902403,Commune de Saint-Vincent-de-Reins (69),false,{69240},Commune,2026-03-24 14:42:07.735343+01,gold_establishments_2025,,,,21690240300015,2025,Collectivité Territoriale,Commune,['Rhône'],['Auvergne-Rhône-Alpes'],COM,{69},{84}
3718db57-bf49-4418-b947-cf8446d2f5c0,211502182,Commune de Saint-Vincent-de-Salers (15),false,{15218},Commune,2026-03-24 14:41:54.362296+01,gold_establishments_2025,,,,21150218200010,2025,Collectivité Territoriale,Commune,['Cantal'],['Auvergne-Rhône-Alpes'],COM,{15},{84}
40f71db5-f59c-40b9-89b2-c4ffa0538fa4,214002842,Commune de Saint-Vincent-de-Tyrosse (40),false,{40284},Commune,2026-03-24 14:41:59.705606+01,gold_establishments_2025,,,,21400284200018,2025,Collectivité Territoriale,Commune,['Landes'],['Nouvelle-Aquitaine'],COM,{40},{75}
86e4bd39-a04d-4742-952a-ce9ec260e9d2,212706121,Commune de Saint-Vincent-des-Bois (27),false,{27612},Commune,2026-03-24 14:41:57.028721+01,gold_establishments_2025,,,,21270612100010,2025,Collectivité Territoriale,Commune,['Eure'],['Normandie'],COM,{27},{28}
e064fb19-8ec7-481f-b247-29601db364c8,214401937,Commune de Saint-Vincent-des-Landes (44),false,{44193},Commune,2026-03-24 14:42:00.862623+01,gold_establishments_2025,,,,21440193700013,2025,Collectivité Territoriale,Commune,['Loire-Atlantique'],['Pays de la Loire'],COM,{44},{52}
ebfead6b-9056-46de-895b-537a053f7135,217104884,Commune de Saint-Vincent-des-Prés (71),false,{71488},Commune,2026-03-24 14:42:08.279287+01,gold_establishments_2025,,,,21710488400010,2025,Collectivité Territoriale,Commune,['Saône-et-Loire'],['Bourgogne-Franche-Comté'],COM,{71},{27}
5f08053b-877f-4222-b20f-e0d72f0b952a,217203249,Commune de Saint-Vincent-des-Prés (72),false,{72324},Commune,2026-03-24 14:42:08.279287+01,gold_establishments_2025,,,,21720324900016,2025,Collectivité Territoriale,Commune,['Sarthe'],['Pays de la Loire'],COM,{72},{52}
90bc2475-7a41-4e1c-bb97-82ad81221876,212706139,Commune de Saint-Vincent-du-Boulay (27),false,{27613},Commune,2026-03-24 14:41:57.028721+01,gold_establishments_2025,,,,21270613900012,2025,Collectivité Territoriale,Commune,['Eure'],['Normandie'],COM,{27},{28}
155006c9-4aea-4780-802e-5e539121939e,217203256,Commune de Saint-Vincent-du-Lorouër (72),false,{72325},Commune,2026-03-24 14:42:08.279287+01,gold_establishments_2025,,,,21720325600011,2025,Collectivité Territoriale,Commune,['Sarthe'],['Pays de la Loire'],COM,{72},{52}
0365fa31-b001-4121-94c6-e4eaac4fdb52,214602955,Commune de Saint-Vincent-du-Pendit (46),false,{46295},Commune,2026-03-24 14:42:00.862623+01,gold_establishments_2025,,,,21460295500012,2025,Collectivité Territoriale,Commune,['Lot'],['Occitanie'],COM,{46},{76}
4e72f49a-7ba7-4d72-8c7b-7256076c4ec7,217104892,Commune de Saint-Vincent-en-Bresse (71),false,{71489},Commune,2026-03-24 14:42:08.279287+01,gold_establishments_2025,,,,21710489200013,2025,Collectivité Territoriale,Commune,['Saône-et-Loire'],['Bourgogne-Franche-Comté'],COM,{71},{27}
90134fa4-c143-46de-96a6-ad45038f6753,217903012,Commune de Saint-Vincent-la-Châtre (79),false,{79301},Commune,2026-03-24 14:42:09.43682+01,gold_establishments_2025,,,,21790301200011,2025,Collectivité Territoriale,Commune,['Deux-Sèvres'],['Nouvelle-Aquitaine'],COM,{79},{75}
7def9b04-8b14-4806-8bb9-40e2ae2b7c6c,212603823,Commune de Saint-Vincent-la-Commanderie (26),false,{26382},Commune,2026-03-24 14:41:56.495197+01,gold_establishments_2025,,,,21260382300015,2025,Collectivité Territoriale,Commune,['Drôme'],['Auvergne-Rhône-Alpes'],COM,{26},{84}
d94c8a9b-9455-4083-abc4-5a949624c6ec,212405120,Commune de Saint-Vincent-le-Paluel (24),false,{24512},Commune,2026-03-24 14:41:55.958138+01,gold_establishments_2025,,,,21240512000016,2025,Collectivité Territoriale,Commune,['Dordogne'],['Nouvelle-Aquitaine'],COM,{24},{75}
b38a95f4-77df-48a6-98c3-123ae5d23ce3,218502771,Commune de Saint-Vincent-sur-Graon (85),false,{85277},Commune,2026-03-24 14:42:10.508772+01,gold_establishments_2025,,,,21850277100015,2025,Collectivité Territoriale,Commune,['Vendée'],['Pays de la Loire'],COM,{85},{52}
ebb168ff-349f-466f-a031-70620786d5ba,210401998,Commune de Saint-Vincent-sur-Jabron (04),false,{04199},Commune,2026-03-24 14:41:52.562531+01,gold_establishments_2025,,,,21040199800013,2025,Collectivité Territoriale,Commune,['Alpes-de-Haute-Provence'],"[""Provence-Alpes-Côte d'Azur""]",COM,{04},{93}
82f8a632-1567-47c3-82a3-b560b323df5a,218502789,Commune de Saint-Vincent-sur-Jard (85),false,{85278},Commune,2026-03-24 14:42:10.508772+01,gold_establishments_2025,,,,21850278900017,2025,Collectivité Territoriale,Commune,['Vendée'],['Pays de la Loire'],COM,{85},{52}
8d8843e8-21fd-47c1-bf84-4cec9ed8f2ff,215602392,Commune de Saint-Vincent-sur-Oust (56),false,{56239},Commune,2026-03-24 14:42:03.701372+01,gold_establishments_2025,,,,21560239200015,2025,Collectivité Territoriale,Commune,['Morbihan'],['Bretagne'],COM,{56},{53}
a9552d53-2ecf-430e-bf62-da182b16cef9,212405138,Commune de Saint-Vincent-sur-l'Isle (24),false,{24513},Commune,2026-03-24 14:41:55.958138+01,gold_establishments_2025,,,,21240513800018,2025,Collectivité Territoriale,Commune,['Dordogne'],['Nouvelle-Aquitaine'],COM,{24},{75}
d2efac4c-a3e4-4d6f-b488-b15fb2060aa0,212505275,Commune de Saint-Vit (25),false,{25527},Commune,2026-03-24 14:41:56.495197+01,gold_establishments_2025,,,,21250527500017,2025,Collectivité Territoriale,Commune,['Doubs'],['Bourgogne-Franche-Comté'],COM,{25},{27}
2c17d3ca-e45d-4b1a-810c-fda9af3b61f0,217302835,Commune de Saint-Vital (73),false,{73283},Commune,2026-03-24 14:42:08.279287+01,gold_establishments_2025,,,,21730283500012,2025,Collectivité Territoriale,Commune,['Savoie'],['Auvergne-Rhône-Alpes'],COM,{73},{84}
1c5d3e94-5879-4874-b7a7-d115ffcc2fc9,214702839,Commune de Saint-Vite (47),false,{47283},Commune,2026-03-24 14:42:00.862623+01,gold_establishments_2025,,,,21470283900017,2025,Collectivité Territoriale,Commune,['Lot-et-Garonne'],['Nouvelle-Aquitaine'],COM,{47},{75}
1d4f035d-27a5-4193-a687-6984e6d78598,211802384,Commune de Saint-Vitte (18),false,{18238},Commune,2026-03-24 14:41:54.903238+01,gold_establishments_2025,,,,21180238400019,2025,Collectivité Territoriale,Commune,['Cher'],['Centre-Val de Loire'],COM,{18},{24}
a469bab7-671f-4113-a9fb-fcb31c381ca4,218718609,Commune de Saint-Vitte-sur-Briance (87),false,{87186},Commune,2026-03-24 14:42:11.118516+01,gold_establishments_2025,,,,21871860900017,2025,Collectivité Territoriale,Commune,['Haute-Vienne'],['Nouvelle-Aquitaine'],COM,{87},{75}
1fac11f0-38d6-4850-89b8-73dd0495bf31,211704135,Commune de Saint-Vivien (17),false,{17413},Commune,2026-03-24 14:41:54.903238+01,gold_establishments_2025,,,,21170413500014,2025,Collectivité Territoriale,Commune,['Charente-Maritime'],['Nouvelle-Aquitaine'],COM,{17},{75}
54c92022-9ec1-4b53-a799-8a6889506d66,212405146,Commune de Saint-Vivien (24),false,{24514},Commune,2026-03-24 14:41:55.958138+01,gold_establishments_2025,,,,21240514600011,2025,Collectivité Territoriale,Commune,['Dordogne'],['Nouvelle-Aquitaine'],COM,{24},{75}
441c89fb-76ad-400e-a5d4-7e653ddfd3ee,213304892,Commune de Saint-Vivien-de-Blaye (33),false,{33489},Commune,2026-03-24 14:41:58.620411+01,gold_establishments_2025,,,,21330489200010,2025,Collectivité Territoriale,Commune,['Gironde'],['Nouvelle-Aquitaine'],COM,{33},{75}
6a55fb21-8df2-4163-a6f6-ad0f4dc89d4d,213304918,Commune de Saint-Vivien-de-Monségur (33),false,{33491},Commune,2026-03-24 14:41:58.620411+01,gold_establishments_2025,,,,21330491800013,2025,Collectivité Territoriale,Commune,['Gironde'],['Nouvelle-Aquitaine'],COM,{33},{75}
0c02e4ce-0490-48e5-84d4-1327e4c7bfca,213304900,Commune de Saint-Vivien-de-Médoc (33),false,{33490},Commune,2026-03-24 14:41:58.620411+01,gold_establishments_2025,,,,21330490000011,2025,Collectivité Territoriale,Commune,['Gironde'],['Nouvelle-Aquitaine'],COM,{33},{75}
b4967525-e930-4dc3-9498-599d5d90ed6f,214102311,Commune de Saint-Viâtre (41),false,{41231},Commune,2026-03-24 14:42:00.273698+01,gold_establishments_2025,,,,21410231100013,2025,Collectivité Territoriale,Commune,['Loir-et-Cher'],['Centre-Val de Loire'],COM,{41},{24}
8ff3a597-c5ee-46f6-969c-b7f4fa338b15,210302634,Commune de Saint-Voir (03),false,{03263},Commune,2026-03-24 14:41:52.020251+01,gold_establishments_2025,,,,21030263400014,2025,Collectivité Territoriale,Commune,['Allier'],['Auvergne-Rhône-Alpes'],COM,{03},{84}
37de3694-b12d-4f5b-969f-719327d91a53,212902712,Commune de Saint-Vougay (29),false,{29271},Commune,2026-03-24 14:41:57.56054+01,gold_establishments_2025,,,,21290271200018,2025,Collectivité Territoriale,Commune,['Finistère'],['Bretagne'],COM,{29},{53}
b8be43ec-61d6-45ae-950c-f1dcd8369107,215104845,Commune de Saint-Vrain (51),false,{51521},Commune,2026-03-24 14:42:01.954481+01,gold_establishments_2025,,,,21510484500015,2025,Collectivité Territoriale,Commune,['Marne'],['Grand Est'],COM,{51},{44}
3d25751a-7b8d-4ea8-84f3-5cd2e9f405ac,219105798,Commune de Saint-Vrain (91),false,{91579},Commune,2026-03-24 14:42:11.659493+01,gold_establishments_2025,,,,21910579800017,2025,Collectivité Territoriale,Commune,['Essonne'],['Île-de-France'],COM,{91},{11}
57ada414-f26f-4370-9315-32db099ca5d0,212203335,Commune de Saint-Vran (22),false,{22333},Commune,2026-03-24 14:41:55.958138+01,gold_establishments_2025,,,,21220333500014,2025,Collectivité Territoriale,Commune,"[""Côtes-d'Armor""]",['Bretagne'],COM,{22},{53}
f0afeae1-fda2-4401-9cb3-732ee0b6a5ac,210103909,Commune de Saint-Vulbas (01),false,{01390},Commune,2026-03-24 14:41:51.447482+01,gold_establishments_2025,,,,21010390900011,2025,Collectivité Territoriale,Commune,['Ain'],['Auvergne-Rhône-Alpes'],COM,{01},{84}
95f30e12-c6a8-4b57-ab83-6a1a6a35cdd6,214302259,Commune de Saint-Vénérand (43),false,{43225},Commune,2026-03-24 14:42:00.273698+01,gold_establishments_2025,,,,21430225900012,2025,Collectivité Territoriale,Commune,['Haute-Loire'],['Auvergne-Rhône-Alpes'],COM,{43},{84}
d838b204-e534-40e2-a04c-d67b0abb39a8,215802703,Commune de Saint-Vérain (58),false,{58270},Commune,2026-03-24 14:42:04.280096+01,gold_establishments_2025,,,,21580270300011,2025,Collectivité Territoriale,Commune,['Nièvre'],['Bourgogne-Franche-Comté'],COM,{58},{27}
51ebe943-d2a9-4671-8ee7-2752ad4bb0ea,210501573,Commune de Saint-Véran (05),false,{05157},Commune,2026-03-24 14:41:52.562531+01,gold_establishments_2025,,,,21050157300013,2025,Collectivité Territoriale,Commune,['Hautes-Alpes'],"[""Provence-Alpes-Côte d'Azur""]",COM,{05},{93}
e3a6b07f-15f8-42be-af41-e460e4476f0a,213804636,Commune de Saint-Vérand (38),false,{38463},Commune,2026-03-24 14:41:59.705606+01,gold_establishments_2025,,,,21380463600016,2025,Collectivité Territoriale,Commune,['Isère'],['Auvergne-Rhône-Alpes'],COM,{38},{84}
44cc8892-72f4-47c4-8ced-4862bdd89d78,216902395,Commune de Saint-Vérand (69),false,{69239},Commune,2026-03-24 14:42:07.735343+01,gold_establishments_2025,,,,21690239500013,2025,Collectivité Territoriale,Commune,['Rhône'],['Auvergne-Rhône-Alpes'],COM,{69},{84}
405514eb-d1c6-492d-8fe4-e3f6985408dd,217104876,Commune de Saint-Vérand (71),false,{71487},Commune,2026-03-24 14:42:08.279287+01,gold_establishments_2025,,,,21710487600016,2025,Collectivité Territoriale,Commune,['Saône-et-Loire'],['Bourgogne-Franche-Comté'],COM,{71},{27}
570ba14f-c66d-4316-b035-5df976a3d341,215905480,Commune de Saint-Waast (59),false,{59548},Commune,2026-03-24 14:42:04.814328+01,gold_establishments_2025,,,,21590548000012,2025,Collectivité Territoriale,Commune,['Nord'],['Hauts-de-France'],COM,{59},{32}
01a78686-150e-460a-8d90-481283f9fda6,219505807,Commune de Saint-Witz (95),false,{95580},Commune,2026-03-24 14:42:11.659493+01,gold_establishments_2025,,,,21950580700012,2025,Collectivité Territoriale,Commune,"[""Val-d'Oise""]",['Île-de-France'],COM,{95},{11}
c7891624-c9db-49e1-ab36-57aa070f3e06,211704143,Commune de Saint-Xandre (17),false,{17414},Commune,2026-03-24 14:41:54.903238+01,gold_establishments_2025,,,,21170414300018,2025,Collectivité Territoriale,Commune,['Charente-Maritime'],['Nouvelle-Aquitaine'],COM,{17},{75}
6c8c0dc2-67ba-4e91-9471-4dfac1d4e944,214002859,Commune de Saint-Yaguen (40),false,{40285},Commune,2026-03-24 14:41:59.705606+01,gold_establishments_2025,,,,21400285900012,2025,Collectivité Territoriale,Commune,['Landes'],['Nouvelle-Aquitaine'],COM,{40},{75}
7a910d8c-c3ea-4c3b-bcef-31e06398cd7e,217104918,Commune de Saint-Yan (71),false,{71491},Commune,2026-03-24 14:42:08.279287+01,gold_establishments_2025,,,,21710491800016,2025,Collectivité Territoriale,Commune,['Saône-et-Loire'],['Bourgogne-Franche-Comté'],COM,{71},{27}
abbe43bf-edaf-4ec7-b0e7-2ed73b850c1e,210902771,Commune de Saint-Ybars (09),false,{09277},Commune,2026-03-24 14:41:53.095366+01,gold_establishments_2025,,,,21090277100018,2025,Collectivité Territoriale,Commune,['Ariège'],['Occitanie'],COM,{09},{76}
42fe31b8-9962-4bf5-ab18-7c0484aa0e09,219105814,Commune de Saint-Yon (91),false,{91581},Commune,2026-03-24 14:42:11.659493+01,gold_establishments_2025,,,,21910581400012,2025,Collectivité Territoriale,Commune,['Essonne'],['Île-de-France'],COM,{91},{11}
7c2ba7cf-9abb-440b-812f-255a83dc1533,210302642,Commune de Saint-Yorre (03),false,{03264},Commune,2026-03-24 14:41:52.020251+01,gold_establishments_2025,,,,21030264200017,2025,Collectivité Territoriale,Commune,['Allier'],['Auvergne-Rhône-Alpes'],COM,{03},{84}
cdbb76e9-1778-4d8c-9cbe-0b961f783d64,212324909,Commune de Saint-Yrieix-la-Montagne (23),false,{23249},Commune,2026-03-24 14:41:55.958138+01,gold_establishments_2025,,,,21232490900010,2025,Collectivité Territoriale,Commune,['Creuse'],['Nouvelle-Aquitaine'],COM,{23},{75}
18687cad-299c-4e50-855c-4a333b64a5ba,218718708,Commune de Saint-Yrieix-la-Perche (87),false,{87187},Commune,2026-03-24 14:42:11.118516+01,gold_establishments_2025,,,,21871870800017,2025,Collectivité Territoriale,Commune,['Haute-Vienne'],['Nouvelle-Aquitaine'],COM,{87},{75}
b7d5f519-2275-4e07-a9e2-942b5780ef54,211924907,Commune de Saint-Yrieix-le-Déjalat (19),false,{19249},Commune,2026-03-24 14:41:55.433389+01,gold_establishments_2025,,,,21192490700010,2025,Collectivité Territoriale,Commune,['Corrèze'],['Nouvelle-Aquitaine'],COM,{19},{75}
e46b9353-32c0-4083-aa03-ed95c5e02885,212325005,Commune de Saint-Yrieix-les-Bois (23),false,{23250},Commune,2026-03-24 14:41:55.958138+01,gold_establishments_2025,,,,21232500500016,2025,Collectivité Territoriale,Commune,['Creuse'],['Nouvelle-Aquitaine'],COM,{23},{75}
aecbddbd-76a7-419d-b948-e26052fe1ec2,218718807,Commune de Saint-Yrieix-sous-Aixe (87),false,{87188},Commune,2026-03-24 14:42:11.118516+01,gold_establishments_2025,,,,21871880700017,2025,Collectivité Territoriale,Commune,['Haute-Vienne'],['Nouvelle-Aquitaine'],COM,{87},{75}
9d515478-f177-47bc-96dd-d15bbc3bc0b8,211603584,Commune de Saint-Yrieix-sur-Charente (16),false,{16358},Commune,2026-03-24 14:41:54.362296+01,gold_establishments_2025,,,,21160358400015,2025,Collectivité Territoriale,Commune,['Charente'],['Nouvelle-Aquitaine'],COM,{16},{75}
c294da72-d68a-4f47-85a3-eec02b754943,212902720,Commune de Saint-Yvi (29),false,{29272},Commune,2026-03-24 14:41:57.56054+01,gold_establishments_2025,,,,21290272000011,2025,Collectivité Territoriale,Commune,['Finistère'],['Bretagne'],COM,{29},{53}
83cf8c3f-2f93-4c08-b41d-26850477bcfd,216304048,Commune de Saint-Yvoine (63),false,{63404},Commune,2026-03-24 14:42:06.130387+01,gold_establishments_2025,,,,21630404800012,2025,Collectivité Territoriale,Commune,['Puy-de-Dôme'],['Auvergne-Rhône-Alpes'],COM,{63},{84}
2890ee5c-5f26-402e-8ea4-3f3f43b77466,213304926,Commune de Saint-Yzan-de-Soudiac (33),false,{33492},Commune,2026-03-24 14:41:58.620411+01,gold_establishments_2025,,,,21330492600156,2025,Collectivité Territoriale,Commune,['Gironde'],['Nouvelle-Aquitaine'],COM,{33},{75}
96828ed3-0082-42c2-94f5-f7481628a20c,213304934,Commune de Saint-Yzans-de-Médoc (33),false,{33493},Commune,2026-03-24 14:41:58.620411+01,gold_establishments_2025,,,,21330493400010,2025,Collectivité Territoriale,Commune,['Gironde'],['Nouvelle-Aquitaine'],COM,{33},{75}
f7843163-fbec-4d2c-b122-c2cd807741a3,218301208,Commune de Saint-Zacharie (83),false,{83120},Commune,2026-03-24 14:42:10.508772+01,gold_establishments_2025,,,,21830120800011,2025,Collectivité Territoriale,Commune,['Var'],"[""Provence-Alpes-Côte d'Azur""]",COM,{83},{93}
13a27493-3f5b-4df2-abf0-5ba8a01ded8a,213803828,Commune de Saint-Égrève (38),false,{38382},Commune,2026-03-24 14:41:59.160244+01,gold_establishments_2025,,,,21380382800010,2025,Collectivité Territoriale,Commune,['Isère'],['Auvergne-Rhône-Alpes'],COM,{38},{84}
8cf295d7-96f1-4b58-8a31-42b70a04e919,219733581,Commune de Saint-Élie (973),false,{97358},Commune,2026-03-24 14:42:11.659493+01,gold_establishments_2025,,,,21973358100017,2025,Collectivité Territoriale,Commune,['Guyane'],['Guyane'],COM,{973},{03}
63eaa06a-8ff8-4bd2-a086-6647feaa3606,212705354,Commune de Saint-Élier (27),false,{27535},Commune,2026-03-24 14:41:57.028721+01,gold_establishments_2025,,,,21270535400018,2025,Collectivité Territoriale,Commune,['Eure'],['Normandie'],COM,{27},{28}
705890d3-f53b-42e4-8530-a5c138720d0e,212803357,Commune de Saint-Éliph (28),false,{28335},Commune,2026-03-24 14:41:57.028721+01,gold_establishments_2025,,,,21280335700012,2025,Collectivité Territoriale,Commune,['Eure-et-Loir'],['Centre-Val de Loire'],COM,{28},{24}
ff925e5a-46b9-47e9-8335-2236fd0cd174,213104771,Commune de Saint-Élix-Séglan (31),false,{31477},Commune,2026-03-24 14:41:58.09424+01,gold_establishments_2025,,,,21310477100026,2025,Collectivité Territoriale,Commune,['Haute-Garonne'],['Occitanie'],COM,{31},{76}
3a01948f-0653-4a39-b371-0fd7357e7a02,213203755,Commune de Saint-Élix-Theux (32),false,{32375},Commune,2026-03-24 14:41:58.09424+01,gold_establishments_2025,,,,21320375500011,2025,Collectivité Territoriale,Commune,['Gers'],['Occitanie'],COM,{32},{76}
b4feb21c-32bf-4eb8-8dea-74f0cbd5f797,213203748,Commune de Saint-Élix-d'Astarac (32),false,{32374},Commune,2026-03-24 14:41:58.09424+01,gold_establishments_2025,,,,21320374800016,2025,Collectivité Territoriale,Commune,['Gers'],['Occitanie'],COM,{32},{76}
44e2b11f-543b-4399-9a4b-b1944be64baa,213104763,Commune de Saint-Élix-le-Château (31),false,{31476},Commune,2026-03-24 14:41:58.09424+01,gold_establishments_2025,,,,21310476300015,2025,Collectivité Territoriale,Commune,['Haute-Garonne'],['Occitanie'],COM,{31},{76}
e323b7c5-2b00-4377-8de4-7c8f32756c17,210103495,Commune de Saint-Éloi (01),false,{01349},Commune,2026-03-24 14:41:51.447482+01,gold_establishments_2025,,,,21010349500011,2025,Collectivité Territoriale,Commune,['Ain'],['Auvergne-Rhône-Alpes'],COM,{01},{84}
e995baff-99c5-4a50-82bd-1f56074740ab,212319107,Commune de Saint-Éloi (23),false,{23191},Commune,2026-03-24 14:41:55.958138+01,gold_establishments_2025,,,,21231910700018,2025,Collectivité Territoriale,Commune,['Creuse'],['Nouvelle-Aquitaine'],COM,{23},{75}
5d77b125-b545-42a5-afe9-f38dd8e8109c,215802380,Commune de Saint-Éloi (58),false,{58238},Commune,2026-03-24 14:42:04.280096+01,gold_establishments_2025,,,,21580238000018,2025,Collectivité Territoriale,Commune,['Nièvre'],['Bourgogne-Franche-Comté'],COM,{58},{27}
99bd866f-e5c7-4336-96f1-172877516bbd,212705362,Commune de Saint-Éloi-de-Fourques (27),false,{27536},Commune,2026-03-24 14:41:57.028721+01,gold_establishments_2025,,,,21270536200011,2025,Collectivité Territoriale,Commune,['Eure'],['Normandie'],COM,{27},{28}
51e7d667-e772-4076-b526-4bf267591a4d,210302287,Commune de Saint-Éloy-d'Allier (03),false,{03228},Commune,2026-03-24 14:41:52.020251+01,gold_establishments_2025,,,,21030228700011,2025,Collectivité Territoriale,Commune,['Allier'],['Auvergne-Rhône-Alpes'],COM,{03},{84}
ad3111e4-b4c9-4ab0-a2a4-b35e2786c52a,211802061,Commune de Saint-Éloy-de-Gy (18),false,{18206},Commune,2026-03-24 14:41:54.903238+01,gold_establishments_2025,,,,21180206100062,2025,Collectivité Territoriale,Commune,['Cher'],['Centre-Val de Loire'],COM,{18},{24}
bb681b7b-48f3-441a-9765-016bf394590d,216303370,Commune de Saint-Éloy-la-Glacière (63),false,{63337},Commune,2026-03-24 14:42:06.130387+01,gold_establishments_2025,,,,21630337000011,2025,Collectivité Territoriale,Commune,['Puy-de-Dôme'],['Auvergne-Rhône-Alpes'],COM,{63},{84}
c5a29223-3e51-4c8c-8310-cb5d47c2bf28,216303388,Commune de Saint-Éloy-les-Mines (63),false,{63338},Commune,2026-03-24 14:42:06.130387+01,gold_establishments_2025,,,,21630338800013,2025,Collectivité Territoriale,Commune,['Puy-de-Dôme'],['Auvergne-Rhône-Alpes'],COM,{63},{84}
4372b57b-48a9-475e-990c-dc1b92a59092,211919808,Commune de Saint-Éloy-les-Tuileries (19),false,{19198},Commune,2026-03-24 14:41:54.903238+01,gold_establishments_2025,,,,21191980800017,2025,Collectivité Territoriale,Commune,['Corrèze'],['Nouvelle-Aquitaine'],COM,{19},{75}
95eed7dd-fd75-4d21-8f25-18998f71a6d2,212803365,Commune de Saint-Éman (28),false,{28336},Commune,2026-03-24 14:41:57.028721+01,gold_establishments_2025,,,,21280336500015,2025,Collectivité Territoriale,Commune,['Eure-et-Loir'],['Centre-Val de Loire'],COM,{28},{24}
2f602261-68e4-45d9-9b54-12ecad5fed34,217104090,Commune de Saint-Émiland (71),false,{71409},Commune,2026-03-24 14:42:08.279287+01,gold_establishments_2025,,,,21710409000014,2025,Collectivité Territoriale,Commune,['Saône-et-Loire'],['Bourgogne-Franche-Comté'],COM,{71},{27}
86ce3ae4-d981-4ce5-89f1-d427f2daf021,213303944,Commune de Saint-Émilion (33),false,{33394},Commune,2026-03-24 14:41:58.620411+01,gold_establishments_2025,,,,21330394400010,2025,Collectivité Territoriale,Commune,['Gironde'],['Nouvelle-Aquitaine'],COM,{33},{75}
8518526f-a025-446e-b836-dc125ada2d41,213702160,Commune de Saint-Épain (37),false,{37216},Commune,2026-03-24 14:41:59.160244+01,gold_establishments_2025,,,,21370216000010,2025,Collectivité Territoriale,Commune,['Indre-et-Loire'],['Centre-Val de Loire'],COM,{37},{24}
3f7bd731-827c-4c3a-abdf-93f80cedae57,214202186,Commune de Saint-Étienne (42),false,{42218},Commune,2026-03-24 14:42:00.273698+01,gold_establishments_2025,,,,21420218600018,2025,Collectivité Territoriale,Commune,['Loire'],['Auvergne-Rhône-Alpes'],COM,{42},{84}
878a537e-71fd-4adf-a29f-35b0b6f0cce8,211501820,Commune de Saint-Étienne-Cantalès (15),false,{15182},Commune,2026-03-24 14:41:54.362296+01,gold_establishments_2025,,,,21150182000016,2025,Collectivité Territoriale,Commune,['Cantal'],['Auvergne-Rhône-Alpes'],COM,{15},{84}
af7262eb-43f2-4a16-8fd9-07af03889fb0,213402522,Commune de Saint-Étienne-Estréchoux (34),false,{34252},Commune,2026-03-24 14:41:58.620411+01,gold_establishments_2025,,,,21340252200014,2025,Collectivité Territoriale,Commune,['Hérault'],['Occitanie'],COM,{34},{76}
d57cc7fc-c218-4eb5-af62-fcbe24df611d,214301814,Commune de Saint-Étienne-Lardeyrol (43),false,{43181},Commune,2026-03-24 14:42:00.273698+01,gold_establishments_2025,,,,21430181400015,2025,Collectivité Territoriale,Commune,['Haute-Loire'],['Auvergne-Rhône-Alpes'],COM,{43},{84}
021a2f29-2033-4bf4-acb3-8a44c9a57784,216005660,Commune de Saint-Étienne-Roilaye (60),false,{60572},Commune,2026-03-24 14:42:04.814328+01,gold_establishments_2025,,,,21600566000016,2025,Collectivité Territoriale,Commune,['Oise'],['Hauts-de-France'],COM,{60},{32}
b5e37864-8a80-4b1b-8a43-4440a474140d,214801482,Commune de Saint-Étienne-Vallée-Française (48),false,{48148},Commune,2026-03-24 14:42:01.412377+01,gold_establishments_2025,,,,21480148200016,2025,Collectivité Territoriale,Commune,['Lozère'],['Occitanie'],COM,{48},{76}
7fc36eaa-ed1b-4a12-b175-b83e53e30fc4,216207464,Commune de Saint-Étienne-au-Mont (62),false,{62746},Commune,2026-03-24 14:42:06.130387+01,gold_establishments_2025,,,,21620746400019,2025,Collectivité Territoriale,Commune,['Pas-de-Calais'],['Hauts-de-France'],COM,{62},{32}
bf0c28de-2775-4a47-8ded-e7db18577728,215104415,Commune de Saint-Étienne-au-Temple (51),false,{51476},Commune,2026-03-24 14:42:01.954481+01,gold_establishments_2025,,,,21510441500017,2025,Collectivité Territoriale,Commune,['Marne'],['Grand Est'],COM,{51},{44}
ff981cbc-3dd6-411c-b8e0-e46594b8274e,211919907,Commune de Saint-Étienne-aux-Clos (19),false,{19199},Commune,2026-03-24 14:41:54.903238+01,gold_establishments_2025,,,,21191990700017,2025,Collectivité Territoriale,Commune,['Corrèze'],['Nouvelle-Aquitaine'],COM,{19},{75}
ee5f324a-c764-4bd5-8357-295ff450e8eb,213402506,Commune de Saint-Étienne-d'Albagnan (34),false,{34250},Commune,2026-03-24 14:41:58.620411+01,gold_establishments_2025,,,,21340250600017,2025,Collectivité Territoriale,Commune,['Hérault'],['Occitanie'],COM,{34},{76}
041f4a79-b1c1-49e6-a869-8dd4c4c532ba,214002560,Commune de Saint-Étienne-d'Orthe (40),false,{40256},Commune,2026-03-24 14:41:59.705606+01,gold_establishments_2025,,,,21400256000016,2025,Collectivité Territoriale,Commune,['Landes'],['Nouvelle-Aquitaine'],COM,{40},{75}
439a6e6f-c22b-415d-9a29-49dac5d187df,216404772,Commune de Saint-Étienne-de-Baïgorry (64),false,{64477},Commune,2026-03-24 14:42:06.665412+01,gold_establishments_2025,,,,21640477200016,2025,Collectivité Territoriale,Commune,['Pyrénées-Atlantiques'],['Nouvelle-Aquitaine'],COM,{64},{75}
445a1762-a774-42b2-9a92-8ac9cc876612,210702304,Commune de Saint-Étienne-de-Boulogne (07),false,{07230},Commune,2026-03-24 14:41:52.562531+01,gold_establishments_2025,,,,21070230400010,2025,Collectivité Territoriale,Commune,['Ardèche'],['Auvergne-Rhône-Alpes'],COM,{07},{84}
490d5dae-91a4-4b2a-9322-56535ba39835,218502094,Commune de Saint-Étienne-de-Brillouet (85),false,{85209},Commune,2026-03-24 14:42:10.508772+01,gold_establishments_2025,,,,21850209400111,2025,Collectivité Territoriale,Commune,['Vendée'],['Pays de la Loire'],COM,{85},{52}
41bc08d9-262a-4079-9e43-a48f487fbc48,211501838,Commune de Saint-Étienne-de-Carlat (15),false,{15183},Commune,2026-03-24 14:41:54.362296+01,gold_establishments_2025,,,,21150183800018,2025,Collectivité Territoriale,Commune,['Cantal'],['Auvergne-Rhône-Alpes'],COM,{15},{84}
fd96acc2-0658-46be-aae1-805f443aa99f,213702178,Commune de Saint-Étienne-de-Chigny (37),false,{37217},Commune,2026-03-24 14:41:59.160244+01,gold_establishments_2025,,,,21370217800012,2025,Collectivité Territoriale,Commune,['Indre-et-Loire'],['Centre-Val de Loire'],COM,{37},{24}
12f82315-3e5e-45ce-a642-f33fdad6fe7f,211501853,Commune de Saint-Étienne-de-Chomeil (15),false,{15185},Commune,2026-03-24 14:41:54.362296+01,gold_establishments_2025,,,,21150185300017,2025,Collectivité Territoriale,Commune,['Cantal'],['Auvergne-Rhône-Alpes'],COM,{15},{84}
dbf9b478-a6fb-426e-9afa-61e4fb755444,213803836,Commune de Saint-Étienne-de-Crossey (38),false,{38383},Commune,2026-03-24 14:41:59.160244+01,gold_establishments_2025,,,,21380383600013,2025,Collectivité Territoriale,Commune,['Isère'],['Auvergne-Rhône-Alpes'],COM,{38},{84}
9ef98ef0-cdca-413f-8ab5-1c4e6cff0492,217302314,Commune de Saint-Étienne-de-Cuines (73),false,{73231},Commune,2026-03-24 14:42:08.279287+01,gold_establishments_2025,,,,21730231400018,2025,Collectivité Territoriale,Commune,['Savoie'],['Auvergne-Rhône-Alpes'],COM,{73},{84}
87453c1f-e447-4492-93f5-0850dd44726b,210702312,Commune de Saint-Étienne-de-Fontbellon (07),false,{07231},Commune,2026-03-24 14:41:52.562531+01,gold_establishments_2025,,,,21070231200013,2025,Collectivité Territoriale,Commune,['Ardèche'],['Auvergne-Rhône-Alpes'],COM,{07},{84}
9d0d648f-4685-4dec-96e9-64ee6752d511,214702391,Commune de Saint-Étienne-de-Fougères (47),false,{47239},Commune,2026-03-24 14:42:00.862623+01,gold_establishments_2025,,,,21470239100019,2025,Collectivité Territoriale,Commune,['Lot-et-Garonne'],['Nouvelle-Aquitaine'],COM,{47},{75}
a2f9f16e-be71-4f6c-bc5d-7457d086dcf9,213402514,Commune de Saint-Étienne-de-Gourgas (34),false,{34251},Commune,2026-03-24 14:41:58.620411+01,gold_establishments_2025,,,,21340251400011,2025,Collectivité Territoriale,Commune,['Hérault'],['Occitanie'],COM,{34},{76}
b309239b-0318-4280-92da-cfa7e97bbdeb,213303969,Commune de Saint-Étienne-de-Lisse (33),false,{33396},Commune,2026-03-24 14:41:58.620411+01,gold_establishments_2025,,,,21330396900017,2025,Collectivité Territoriale,Commune,['Gironde'],['Nouvelle-Aquitaine'],COM,{33},{75}
4d40bfea-d762-4d7b-9c75-f08699db556a,210702320,Commune de Saint-Étienne-de-Lugdarès (07),false,{07232},Commune,2026-03-24 14:41:52.562531+01,gold_establishments_2025,,,,21070232000016,2025,Collectivité Territoriale,Commune,['Ardèche'],['Auvergne-Rhône-Alpes'],COM,{07},{84}
5cf1ded1-8804-4cd9-b4ec-60acaa7a0c49,211501846,Commune de Saint-Étienne-de-Maurs (15),false,{15184},Commune,2026-03-24 14:41:54.362296+01,gold_establishments_2025,,,,21150184600011,2025,Collectivité Territoriale,Commune,['Cantal'],['Auvergne-Rhône-Alpes'],COM,{15},{84}
96210f42-96fa-40a8-a098-23e7f5a20038,214401572,Commune de Saint-Étienne-de-Mer-Morte (44),false,{44157},Commune,2026-03-24 14:42:00.273698+01,gold_establishments_2025,,,,21440157200018,2025,Collectivité Territoriale,Commune,['Loire-Atlantique'],['Pays de la Loire'],COM,{44},{52}
0a40e151-afc2-4008-a032-a6feadca0562,214401580,Commune de Saint-Étienne-de-Montluc (44),false,{44158},Commune,2026-03-24 14:42:00.273698+01,gold_establishments_2025,,,,21440158000011,2025,Collectivité Territoriale,Commune,['Loire-Atlantique'],['Pays de la Loire'],COM,{44},{52}
66b9782d-f095-4527-8870-f876cedad070,212403992,Commune de Saint-Étienne-de-Puycorbier (24),false,{24399},Commune,2026-03-24 14:41:55.958138+01,gold_establishments_2025,,,,21240399200010,2025,Collectivité Territoriale,Commune,['Dordogne'],['Nouvelle-Aquitaine'],COM,{24},{75}
d63fce15-319e-4e93-b03a-21431d601d17,213803844,Commune de Saint-Étienne-de-Saint-Geoirs (38),false,{38384},Commune,2026-03-24 14:41:59.160244+01,gold_establishments_2025,,,,21380384400017,2025,Collectivité Territoriale,Commune,['Isère'],['Auvergne-Rhône-Alpes'],COM,{38},{84}
bb881764-3fbf-4e79-bc69-f68c38b8b1a4,210702338,Commune de Saint-Étienne-de-Serre (07),false,{07233},Commune,2026-03-24 14:41:52.562531+01,gold_establishments_2025,,,,21070233800018,2025,Collectivité Territoriale,Commune,['Ardèche'],['Auvergne-Rhône-Alpes'],COM,{07},{84}
7f0fb4b2-9c77-456b-968f-021a694e2bff,210601209,Commune de Saint-Étienne-de-Tinée (06),false,{06120},Commune,2026-03-24 14:41:52.562531+01,gold_establishments_2025,,,,21060120900013,2025,Collectivité Territoriale,Commune,['Alpes-Maritimes'],"[""Provence-Alpes-Côte d'Azur""]",COM,{06},{93}
cd966bd6-e260-4757-a18a-d2695931dc08,218201614,Commune de Saint-Étienne-de-Tulmont (82),false,{82161},Commune,2026-03-24 14:42:10.508772+01,gold_establishments_2025,,,,21820161400011,2025,Collectivité Territoriale,Commune,['Tarn-et-Garonne'],['Occitanie'],COM,{82},{76}
dd762de8-ab4e-4804-bdfd-4c28c3fd249f,210702346,Commune de Saint-Étienne-de-Valoux (07),false,{07234},Commune,2026-03-24 14:41:52.562531+01,gold_establishments_2025,,,,21070234600011,2025,Collectivité Territoriale,Commune,['Ardèche'],['Auvergne-Rhône-Alpes'],COM,{07},{84}
5744fd3f-08a6-40b7-ba4d-753341fe2daf,210302303,Commune de Saint-Étienne-de-Vicq (03),false,{03230},Commune,2026-03-24 14:41:52.020251+01,gold_establishments_2025,,,,21030230300016,2025,Collectivité Territoriale,Commune,['Allier'],['Auvergne-Rhône-Alpes'],COM,{03},{84}
f897bd45-a175-4c74-8cf8-1196b71c95d9,214702409,Commune de Saint-Étienne-de-Villeréal (47),false,{47240},Commune,2026-03-24 14:42:00.862623+01,gold_establishments_2025,,,,21470240900019,2025,Collectivité Territoriale,Commune,['Lot-et-Garonne'],['Nouvelle-Aquitaine'],COM,{47},{75}
6b4e3e08-7646-4355-bb4b-fdc5f1b35c13,213002504,Commune de Saint-Étienne-de-l'Olm (30),false,{30250},Commune,2026-03-24 14:41:57.56054+01,gold_establishments_2025,,,,21300250400016,2025,Collectivité Territoriale,Commune,['Gard'],['Occitanie'],COM,{30},{76}
ff7b403b-67c1-485d-b227-9a2269ba545b,216303396,Commune de Saint-Étienne-des-Champs (63),false,{63339},Commune,2026-03-24 14:42:06.130387+01,gold_establishments_2025,,,,21630339600016,2025,Collectivité Territoriale,Commune,['Puy-de-Dôme'],['Auvergne-Rhône-Alpes'],COM,{63},{84}
88ea1d43-6e1d-4657-90b5-364b60c68a8a,214102089,Commune de Saint-Étienne-des-Guérets (41),false,{41208},Commune,2026-03-24 14:42:00.273698+01,gold_establishments_2025,,,,21410208900015,2025,Collectivité Territoriale,Commune,['Loir-et-Cher'],['Centre-Val de Loire'],COM,{41},{24}
e42c27d9-f35f-4599-bb59-9ea186d125b4,216901975,Commune de Saint-Étienne-des-Oullières (69),false,{69197},Commune,2026-03-24 14:42:07.735343+01,gold_establishments_2025,,,,21690197500013,2025,Collectivité Territoriale,Commune,['Rhône'],['Auvergne-Rhône-Alpes'],COM,{69},{84}
06a42ced-6d3d-4563-9f4d-d22f8d2b2eb6,213002512,Commune de Saint-Étienne-des-Sorts (30),false,{30251},Commune,2026-03-24 14:41:57.56054+01,gold_establishments_2025,,,,21300251200019,2025,Collectivité Territoriale,Commune,['Gard'],['Occitanie'],COM,{30},{76}
ced921cf-b3a9-49c0-89c7-5ec8fed5760f,210103503,Commune de Saint-Étienne-du-Bois (01),false,{01350},Commune,2026-03-24 14:41:51.447482+01,gold_establishments_2025,,,,21010350300012,2025,Collectivité Territoriale,Commune,['Ain'],['Auvergne-Rhône-Alpes'],COM,{01},{84}
42a8cde3-1857-4db2-a027-7c1b6eb80b9b,218502102,Commune de Saint-Étienne-du-Bois (85),false,{85210},Commune,2026-03-24 14:42:10.508772+01,gold_establishments_2025,,,,21850210200013,2025,Collectivité Territoriale,Commune,['Vendée'],['Pays de la Loire'],COM,{85},{52}
46306217-5c55-4e6f-bd39-4a6de6b90068,211300942,Commune de Saint-Étienne-du-Grès (13),false,{13094},Commune,2026-03-24 14:41:53.63825+01,gold_establishments_2025,,,,21130094200011,2025,Collectivité Territoriale,Commune,['Bouches-du-Rhône'],"[""Provence-Alpes-Côte d'Azur""]",COM,{13},{93}
f1d3c495-a631-4e65-a984-ae4c12499599,212202881,Commune de Saint-Étienne-du-Gué-de-l'Isle (22),false,{22288},Commune,2026-03-24 14:41:55.958138+01,gold_establishments_2025,,,,21220288100018,2025,Collectivité Territoriale,Commune,"[""Côtes-d'Armor""]",['Bretagne'],COM,{22},{53}
cd013131-cb5f-49db-ace8-8258a4dfaa96,217605757,Commune de Saint-Étienne-du-Rouvray (76),false,{76575},Commune,2026-03-24 14:42:08.818969+01,gold_establishments_2025,,,,21760575700012,2025,Collectivité Territoriale,Commune,['Seine-Maritime'],['Normandie'],COM,{76},{28}
9ad34b2b-ab53-48f5-819e-2b3b34050585,214801474,Commune de Saint-Étienne-du-Valdonnez (48),false,{48147},Commune,2026-03-24 14:42:01.412377+01,gold_establishments_2025,,,,21480147400013,2025,Collectivité Territoriale,Commune,['Lozère'],['Occitanie'],COM,{48},{76}
db5c7d5c-b64a-4f11-8d97-ab4ada1b739e,212705370,Commune de Saint-Étienne-du-Vauvray (27),false,{27537},Commune,2026-03-24 14:41:57.028721+01,gold_establishments_2025,,,,21270537000014,2025,Collectivité Territoriale,Commune,['Eure'],['Normandie'],COM,{27},{28}
88db6c93-0d31-405b-ae59-6d53030e9ed5,214301806,Commune de Saint-Étienne-du-Vigan (43),false,{43180},Commune,2026-03-24 14:42:00.273698+01,gold_establishments_2025,,,,21430180600011,2025,Collectivité Territoriale,Commune,['Haute-Loire'],['Auvergne-Rhône-Alpes'],COM,{43},{84}
9f5f0a44-47d0-4280-a0e8-0076158392f5,217104108,Commune de Saint-Étienne-en-Bresse (71),false,{71410},Commune,2026-03-24 14:42:08.279287+01,gold_establishments_2025,,,,21710410800014,2025,Collectivité Territoriale,Commune,['Saône-et-Loire'],['Bourgogne-Franche-Comté'],COM,{71},{27}
c184ee67-e4be-44fa-86f3-664121b646b0,212705388,Commune de Saint-Étienne-l'Allier (27),false,{27538},Commune,2026-03-24 14:41:57.028721+01,gold_establishments_2025,,,,21270538800016,2025,Collectivité Territoriale,Commune,['Eure'],['Normandie'],COM,{27},{28}
8e115fa7-5196-4763-b92e-bc7221f2b3ef,211920004,Commune de Saint-Étienne-la-Geneste (19),false,{19200},Commune,2026-03-24 14:41:54.903238+01,gold_establishments_2025,,,,21192000400010,2025,Collectivité Territoriale,Commune,['Corrèze'],['Nouvelle-Aquitaine'],COM,{19},{75}
e849f748-12d9-4fa7-9368-040661bac5f3,211405758,Commune de Saint-Étienne-la-Thillaye (14),false,{14575},Commune,2026-03-24 14:41:54.362296+01,gold_establishments_2025,,,,21140575800015,2025,Collectivité Territoriale,Commune,['Calvados'],['Normandie'],COM,{14},{28}
c61027ec-5c16-42e4-90f9-c90aaaed2883,216901983,Commune de Saint-Étienne-la-Varenne (69),false,{69198},Commune,2026-03-24 14:42:07.735343+01,gold_establishments_2025,,,,21690198300017,2025,Collectivité Territoriale,Commune,['Rhône'],['Auvergne-Rhône-Alpes'],COM,{69},{84}
475fa904-f0fc-450f-850c-3379615f2064,210501409,Commune de Saint-Étienne-le-Laus (05),false,{05140},Commune,2026-03-24 14:41:52.562531+01,gold_establishments_2025,,,,21050140900010,2025,Collectivité Territoriale,Commune,['Hautes-Alpes'],"[""Provence-Alpes-Côte d'Azur""]",COM,{05},{93}
8c115e88-4d84-4db4-a20b-36d48f86a184,214202194,Commune de Saint-Étienne-le-Molard (42),false,{42219},Commune,2026-03-24 14:42:00.273698+01,gold_establishments_2025,,,,21420219400012,2025,Collectivité Territoriale,Commune,['Loire'],['Auvergne-Rhône-Alpes'],COM,{42},{84}
4e2f0623-0a90-48fb-8e7d-65f6d7cb8382,210401782,Commune de Saint-Étienne-les-Orgues (04),false,{04178},Commune,2026-03-24 14:41:52.562531+01,gold_establishments_2025,,,,21040178200011,2025,Collectivité Territoriale,Commune,['Alpes-de-Haute-Provence'],"[""Provence-Alpes-Côte d'Azur""]",COM,{04},{93}
29989f2e-dd31-4944-b0d8-b1ab0ce51167,218804151,Commune de Saint-Étienne-lès-Remiremont (88),false,{88415},Commune,2026-03-24 14:42:11.118516+01,gold_establishments_2025,,,,21880415100015,2025,Collectivité Territoriale,Commune,['Vosges'],['Grand Est'],COM,{88},{44}
e753482a-6582-4b38-92f6-21243e9dfcb5,212705396,Commune de Saint-Étienne-sous-Bailleul (27),false,{27539},Commune,2026-03-24 14:41:57.028721+01,gold_establishments_2025,,,,21270539600019,2025,Collectivité Territoriale,Commune,['Eure'],['Normandie'],COM,{27},{28}
e57234ec-6a34-47dd-a76b-894746b88016,211003272,Commune de Saint-Étienne-sous-Barbuise (10),false,{10338},Commune,2026-03-24 14:41:53.095366+01,gold_establishments_2025,,,,21100327200013,2025,Collectivité Territoriale,Commune,['Aube'],['Grand Est'],COM,{10},{44}
2545cbdd-25db-42ee-b7d5-2b2e7f016d3b,214301822,Commune de Saint-Étienne-sur-Blesle (43),false,{43182},Commune,2026-03-24 14:42:00.273698+01,gold_establishments_2025,,,,21430182200018,2025,Collectivité Territoriale,Commune,['Haute-Loire'],['Auvergne-Rhône-Alpes'],COM,{43},{84}
a8df7ab1-3746-42ac-a7ca-5b772bec9555,210103511,Commune de Saint-Étienne-sur-Chalaronne (01),false,{01351},Commune,2026-03-24 14:41:51.447482+01,gold_establishments_2025,,,,21010351100015,2025,Collectivité Territoriale,Commune,['Ain'],['Auvergne-Rhône-Alpes'],COM,{01},{84}
7c65d079-f103-4b64-a829-2ccd76fa8efd,210103529,Commune de Saint-Étienne-sur-Reyssouze (01),false,{01352},Commune,2026-03-24 14:41:51.447482+01,gold_establishments_2025,,,,21010352900017,2025,Collectivité Territoriale,Commune,['Ain'],['Auvergne-Rhône-Alpes'],COM,{01},{84}
40956f04-3eb7-4d1e-a977-4646c7cbd86f,215104423,Commune de Saint-Étienne-sur-Suippe (51),false,{51477},Commune,2026-03-24 14:42:01.954481+01,gold_establishments_2025,,,,21510442300011,2025,Collectivité Territoriale,Commune,['Marne'],['Grand Est'],COM,{51},{44}
972252e4-c5b6-420d-9cb9-2379111ce8c4,216303404,Commune de Saint-Étienne-sur-Usson (63),false,{63340},Commune,2026-03-24 14:42:06.130387+01,gold_establishments_2025,,,,21630340400018,2025,Collectivité Territoriale,Commune,['Puy-de-Dôme'],['Auvergne-Rhône-Alpes'],COM,{63},{84}
480c95ba-8ed6-4b1e-9c59-78216b96cf3c,210803425,Commune de Saint-Étienne-à-Arnes (08),false,{08379},Commune,2026-03-24 14:41:53.095366+01,gold_establishments_2025,,,,21080342500011,2025,Collectivité Territoriale,Commune,['Ardennes'],['Grand Est'],COM,{08},{44}
c78b77e2-a879-4ff8-a703-a72e161dabbc,212902472,Commune de Saint-Évarzec (29),false,{29247},Commune,2026-03-24 14:41:57.56054+01,gold_establishments_2025,,,,21290247200019,2025,Collectivité Territoriale,Commune,['Finistère'],['Bretagne'],COM,{29},{53}
9061c2ee-b9ee-496e-a430-a8ec6fae359f,217605526,Commune de Sainte-Adresse (76),false,{76552},Commune,2026-03-24 14:42:08.818969+01,gold_establishments_2025,,,,21760552600011,2025,Collectivité Territoriale,Commune,['Seine-Maritime'],['Normandie'],COM,{76},{28}
13ee1b0d-27a0-44b8-9c8d-b648073c380b,216303107,Commune de Sainte-Agathe (63),false,{63310},Commune,2026-03-24 14:42:06.130387+01,gold_establishments_2025,,,,21630310700017,2025,Collectivité Territoriale,Commune,['Puy-de-Dôme'],['Auvergne-Rhône-Alpes'],COM,{63},{84}
ed13f94f-6b78-417e-bd27-954e3d044d26,217605534,Commune de Sainte-Agathe-d'Aliermont (76),false,{76553},Commune,2026-03-24 14:42:08.818969+01,gold_establishments_2025,,,,21760553400015,2025,Collectivité Territoriale,Commune,['Seine-Maritime'],['Normandie'],COM,{76},{28}
cb728aac-8b19-45eb-8019-f35d3adecc82,214201964,Commune de Sainte-Agathe-en-Donzy (42),false,{42196},Commune,2026-03-24 14:42:00.273698+01,gold_establishments_2025,,,,21420196400019,2025,Collectivité Territoriale,Commune,['Loire'],['Auvergne-Rhône-Alpes'],COM,{42},{84}
802b6d45-2345-4788-a859-c821d32a91d6,214201972,Commune de Sainte-Agathe-la-Bouteresse (42),false,{42197},Commune,2026-03-24 14:42:00.273698+01,gold_establishments_2025,,,,21420197200012,2025,Collectivité Territoriale,Commune,['Loire'],['Auvergne-Rhône-Alpes'],COM,{42},{84}
0a260d96-e0f0-498d-adc8-f3a643c01b60,210601134,Commune de Sainte-Agnès (06),false,{06113},Commune,2026-03-24 14:41:52.562531+01,gold_establishments_2025,,,,21060113400013,2025,Collectivité Territoriale,Commune,['Alpes-Maritimes'],"[""Provence-Alpes-Côte d'Azur""]",COM,{06},{93}
ef507d83-934a-4d24-9b36-6a7edd4cb27d,213803505,Commune de Sainte-Agnès (38),false,{38350},Commune,2026-03-24 14:41:59.160244+01,gold_establishments_2025,,,,21380350500014,2025,Collectivité Territoriale,Commune,['Isère'],['Auvergne-Rhône-Alpes'],COM,{38},{84}
dfe3666d-2455-4c36-9330-6ecde85e0b27,213904741,Commune de Sainte-Agnès (nan),false,{39474},Commune,2026-03-24 14:41:59.705606+01,gold_establishments_2025,,,,21390474100013,2025,Collectivité Territoriale,Commune,[''],[''],COM,,
f4762848-ef36-4fdf-832d-8126327a8855,213002280,Commune de Sainte-Anastasie (30),false,{30228},Commune,2026-03-24 14:41:57.56054+01,gold_establishments_2025,,,,21300228000013,2025,Collectivité Territoriale,Commune,['Gard'],['Occitanie'],COM,{30},{76}
25a66b03-19fe-4c33-a9a6-9f0428fc1da9,218301117,Commune de Sainte-Anastasie-sur-Issole (83),false,{83111},Commune,2026-03-24 14:42:10.508772+01,gold_establishments_2025,,,,21830111700014,2025,Collectivité Territoriale,Commune,['Var'],"[""Provence-Alpes-Côte d'Azur""]",COM,{83},{93}
65abd32d-58be-492d-8513-53e41e7f441a,212505135,Commune de Sainte-Anne (25),false,{25513},Commune,2026-03-24 14:41:56.495197+01,gold_establishments_2025,,,,21250513500013,2025,Collectivité Territoriale,Commune,['Doubs'],['Bourgogne-Franche-Comté'],COM,{25},{27}
aed90e04-3d44-48e9-a0cd-a97e1403c8f7,213203573,Commune de Sainte-Anne (32),false,{32357},Commune,2026-03-24 14:41:58.09424+01,gold_establishments_2025,,,,21320357300018,2025,Collectivité Territoriale,Commune,['Gers'],['Occitanie'],COM,{32},{76}
c3a22a9b-9d94-4a10-92e4-955c6b32ced9,214102006,Commune de Sainte-Anne (41),false,{41200},Commune,2026-03-24 14:42:00.273698+01,gold_establishments_2025,,,,21410200600019,2025,Collectivité Territoriale,Commune,['Loir-et-Cher'],['Centre-Val de Loire'],COM,{41},{24}
f872c565-de12-480b-8903-3f3c04eb2895,219711280,Commune de Sainte-Anne (971),false,{97128},Commune,2026-03-24 14:42:11.659493+01,gold_establishments_2025,,,,21971128000012,2025,Collectivité Territoriale,Commune,['Guadeloupe'],['Guadeloupe'],COM,{971},{01}
ff99f36c-766b-4322-bd94-6727362cdcae,219722261,Commune de Sainte-Anne (972),false,{97226},Commune,2026-03-24 14:42:11.659493+01,gold_establishments_2025,,,,21972226100019,2025,Collectivité Territoriale,Commune,['Martinique'],['Martinique'],COM,{972},{02}
2aa8b0e5-2bd4-4042-a3f5-1c23b58beb9d,218713402,Commune de Sainte-Anne-Saint-Priest (87),false,{87134},Commune,2026-03-24 14:42:11.118516+01,gold_establishments_2025,,,,21871340200012,2025,Collectivité Territoriale,Commune,['Haute-Vienne'],['Nouvelle-Aquitaine'],COM,{87},{75}
b0a9469d-f50d-4c1f-b97d-ff44b18488a4,215602632,Commune de Sainte-Anne-d'Auray (56),false,{56263},Commune,2026-03-24 14:42:03.701372+01,gold_establishments_2025,,,,21560263200014,2025,Collectivité Territoriale,Commune,['Morbihan'],['Bretagne'],COM,{56},{53}
a26eaa70-7f1b-4c13-adaf-bc324873989a,214401523,Commune de Sainte-Anne-sur-Brivet (44),false,{44152},Commune,2026-03-24 14:42:00.273698+01,gold_establishments_2025,,,,21440152300011,2025,Collectivité Territoriale,Commune,['Loire-Atlantique'],['Pays de la Loire'],COM,{44},{52}
c3d669b4-7509-4bf8-a87f-dc36264d6107,213803588,Commune de Sainte-Anne-sur-Gervonde (38),false,{38358},Commune,2026-03-24 14:41:59.160244+01,gold_establishments_2025,,,,21380358800010,2025,Collectivité Territoriale,Commune,['Isère'],['Auvergne-Rhône-Alpes'],COM,{38},{84}
b4ddb308-fccc-485d-814c-eb53e29a963f,213502495,Commune de Sainte-Anne-sur-Vilaine (35),false,{35249},Commune,2026-03-24 14:41:59.160244+01,gold_establishments_2025,,,,21350249500012,2025,Collectivité Territoriale,Commune,['Ille-et-Vilaine'],['Bretagne'],COM,{35},{53}
997e1fb9-379e-445b-a240-635f1625c890,217704014,Commune de Sainte-Aulde (77),false,{77401},Commune,2026-03-24 14:42:09.43682+01,gold_establishments_2025,,,,21770401400018,2025,Collectivité Territoriale,Commune,['Seine-et-Marne'],['Île-de-France'],COM,{77},{11}
f39efdd4-e2f0-4cfb-a29d-d2274dfa61f5,213203631,Commune de Sainte-Aurence-Cazaux (32),false,{32363},Commune,2026-03-24 14:41:58.09424+01,gold_establishments_2025,,,,21320363100014,2025,Collectivité Territoriale,Commune,['Gers'],['Occitanie'],COM,{32},{76}
09d127d7-f6e6-4f8e-8ba7-3b7eb5af1f25,217605666,Commune de Sainte-Austreberthe (76),false,{76566},Commune,2026-03-24 14:42:08.818969+01,gold_establishments_2025,,,,21760566600015,2025,Collectivité Territoriale,Commune,['Seine-Maritime'],['Normandie'],COM,{76},{28}
a59e6f2c-14c2-4bbd-9762-b7b6735ed5c2,216207431,Commune de Sainte-Austreberthe (nan),false,{62743},Commune,2026-03-24 14:42:06.130387+01,gold_establishments_2025,,,,21620743100018,2025,Collectivité Territoriale,Commune,[''],[''],COM,,
175280cd-570e-48bc-b8d7-f06f201588e0,215706078,Commune de Sainte-Barbe (57),false,{57607},Commune,2026-03-24 14:42:04.280096+01,gold_establishments_2025,,,,21570607800015,2025,Collectivité Territoriale,Commune,['Moselle'],['Grand Est'],COM,{57},{44}
4c820948-aabb-495d-b758-d1aadb0ae1e4,218804102,Commune de Sainte-Barbe (88),false,{88410},Commune,2026-03-24 14:42:11.118516+01,gold_establishments_2025,,,,21880410200018,2025,Collectivité Territoriale,Commune,['Vosges'],['Grand Est'],COM,{88},{44}
5951b1e4-607f-4c53-b323-0e6f8e58bea4,214702334,Commune de Sainte-Bazeille (47),false,{47233},Commune,2026-03-24 14:42:00.862623+01,gold_establishments_2025,,,,21470233400019,2025,Collectivité Territoriale,Commune,['Lot-et-Garonne'],['Nouvelle-Aquitaine'],COM,{47},{75}
d774c79b-d232-4779-a46e-ae35f80769a0,217605674,Commune de Sainte-Beuve-en-Rivière (76),false,{76567},Commune,2026-03-24 14:42:08.818969+01,gold_establishments_2025,,,,21760567400019,2025,Collectivité Territoriale,Commune,['Seine-Maritime'],['Normandie'],COM,{76},{28}
b10f89fa-4d00-4afe-875f-0cad17d316c8,213803695,Commune de Sainte-Blandine (38),false,{38369},Commune,2026-03-24 14:41:59.160244+01,gold_establishments_2025,,,,21380369500013,2025,Collectivité Territoriale,Commune,['Isère'],['Auvergne-Rhône-Alpes'],COM,{38},{84}
96c91d1c-16ad-485e-a571-5b3fa6421946,215602095,Commune de Sainte-Brigitte (56),false,{56209},Commune,2026-03-24 14:42:03.701372+01,gold_establishments_2025,,,,21560209500014,2025,Collectivité Territoriale,Commune,['Morbihan'],['Bretagne'],COM,{56},{53}
42678c03-cee6-42c3-b23c-deec6111b7ee,211103346,Commune de Sainte-Camelle (11),false,{11334},Commune,2026-03-24 14:41:53.63825+01,gold_establishments_2025,,,,21110334600014,2025,Collectivité Territoriale,Commune,['Aude'],['Occitanie'],COM,{11},{76}
7623a4df-9572-462a-ac43-11ec9dadec4d,216207449,Commune de Sainte-Catherine (62),false,{62744},Commune,2026-03-24 14:42:06.130387+01,gold_establishments_2025,,,,21620744900010,2025,Collectivité Territoriale,Commune,['Pas-de-Calais'],['Hauts-de-France'],COM,{62},{32}
4642a252-7bab-48bf-823d-4772480e0815,216303289,Commune de Sainte-Catherine (63),false,{63328},Commune,2026-03-24 14:42:06.130387+01,gold_establishments_2025,,,,21630328900013,2025,Collectivité Territoriale,Commune,['Puy-de-Dôme'],['Auvergne-Rhône-Alpes'],COM,{63},{84}
c7f8dfae-5e9a-4e26-a185-81edbe090e4a,216901843,Commune de Sainte-Catherine (69),false,{69184},Commune,2026-03-24 14:42:07.195692+01,gold_establishments_2025,,,,21690184300013,2025,Collectivité Territoriale,Commune,['Rhône'],['Auvergne-Rhône-Alpes'],COM,{69},{84}
f7198843-7524-46d9-9557-09612c4652df,213702129,Commune de Sainte-Catherine-de-Fierbois (37),false,{37212},Commune,2026-03-24 14:41:59.160244+01,gold_establishments_2025,,,,21370212900015,2025,Collectivité Territoriale,Commune,['Indre-et-Loire'],['Centre-Val de Loire'],COM,{37},{24}
4d0f8b0d-c67d-47e6-9b60-a50a5b6500c0,213203680,Commune de Sainte-Christie (32),false,{32368},Commune,2026-03-24 14:41:58.09424+01,gold_establishments_2025,,,,21320368000011,2025,Collectivité Territoriale,Commune,['Gers'],['Occitanie'],COM,{32},{76}
7d367e6e-f708-4c1a-b5eb-366a2250e853,213203698,Commune de Sainte-Christie-d'Armagnac (32),false,{32369},Commune,2026-03-24 14:41:58.09424+01,gold_establishments_2025,,,,21320369800013,2025,Collectivité Territoriale,Commune,['Gers'],['Occitanie'],COM,{32},{76}
fe032d48-36e9-44fc-ba8f-5e9f683fb365,216303297,Commune de Sainte-Christine (63),false,{63329},Commune,2026-03-24 14:42:06.130387+01,gold_establishments_2025,,,,21630329700016,2025,Collectivité Territoriale,Commune,['Puy-de-Dôme'],['Auvergne-Rhône-Alpes'],COM,{63},{84}
e02633ba-41ee-4d9c-98ce-6d995df51ddb,210501359,Commune de Sainte-Colombe (05),false,{05135},Commune,2026-03-24 14:41:52.562531+01,gold_establishments_2025,,,,21050135900017,2025,Collectivité Territoriale,Commune,['Hautes-Alpes'],"[""Provence-Alpes-Côte d'Azur""]",COM,{05},{93}
da3e057f-dce0-4329-af4a-d5a981f6285e,211703194,Commune de Sainte-Colombe (17),false,{17319},Commune,2026-03-24 14:41:54.903238+01,gold_establishments_2025,,,,21170319400012,2025,Collectivité Territoriale,Commune,['Charente-Maritime'],['Nouvelle-Aquitaine'],COM,{17},{75}
9fe023df-e0c9-45b8-a430-ff5f5d27eabf,212505150,Commune de Sainte-Colombe (25),false,{25515},Commune,2026-03-24 14:41:56.495197+01,gold_establishments_2025,,,,21250515000012,2025,Collectivité Territoriale,Commune,['Doubs'],['Bourgogne-Franche-Comté'],COM,{25},{27}
7a317c52-90a3-4141-9d5e-fc13b7d7c94c,213303902,Commune de Sainte-Colombe (33),false,{33390},Commune,2026-03-24 14:41:58.620411+01,gold_establishments_2025,,,,21330390200018,2025,Collectivité Territoriale,Commune,['Gironde'],['Nouvelle-Aquitaine'],COM,{33},{75}
7bf58d69-11f3-4d78-a7d5-1488e36d89b6,213502628,Commune de Sainte-Colombe (35),false,{35262},Commune,2026-03-24 14:41:59.160244+01,gold_establishments_2025,,,,21350262800018,2025,Collectivité Territoriale,Commune,['Ille-et-Vilaine'],['Bretagne'],COM,{35},{53}
72caaf42-721c-497c-9a2b-ad7ada11b285,214002529,Commune de Sainte-Colombe (40),false,{40252},Commune,2026-03-24 14:41:59.705606+01,gold_establishments_2025,,,,21400252900011,2025,Collectivité Territoriale,Commune,['Landes'],['Nouvelle-Aquitaine'],COM,{40},{75}
1cbd777f-297c-4617-91f6-85837c9e759e,214602609,Commune de Sainte-Colombe (46),false,{46260},Commune,2026-03-24 14:42:00.862623+01,gold_establishments_2025,,,,21460260900015,2025,Collectivité Territoriale,Commune,['Lot'],['Occitanie'],COM,{46},{76}
007c09f8-9612-4f1f-8fd0-c8df2b619a67,215004573,Commune de Sainte-Colombe (50),false,{50457},Commune,2026-03-24 14:42:01.412377+01,gold_establishments_2025,,,,21500457300014,2025,Collectivité Territoriale,Commune,['Manche'],['Normandie'],COM,{50},{28}
b21e83fc-f94d-43b5-8d02-ebd11c9973f7,216901892,Commune de Sainte-Colombe (69),false,{69189},Commune,2026-03-24 14:42:07.195692+01,gold_establishments_2025,,,,21690189200010,2025,Collectivité Territoriale,Commune,['Rhône'],['Auvergne-Rhône-Alpes'],COM,{69},{84}
bf2517ad-ed9e-46ee-a846-984f66103bb9,217605690,Commune de Sainte-Colombe (76),false,{76569},Commune,2026-03-24 14:42:08.818969+01,gold_establishments_2025,,,,21760569000015,2025,Collectivité Territoriale,Commune,['Seine-Maritime'],['Normandie'],COM,{76},{28}
4d0fb086-b5db-4f18-89ce-624bed435718,217704048,Commune de Sainte-Colombe (77),false,{77404},Commune,2026-03-24 14:42:09.43682+01,gold_establishments_2025,,,,21770404800016,2025,Collectivité Territoriale,Commune,['Seine-et-Marne'],['Île-de-France'],COM,{77},{11}
d016c901-aa3a-4626-8bf4-86cee4975263,218903391,Commune de Sainte-Colombe (89),false,{89339},Commune,2026-03-24 14:42:11.659493+01,gold_establishments_2025,,,,21890339100017,2025,Collectivité Territoriale,Commune,['Yonne'],['Bourgogne-Franche-Comté'],COM,{89},{27}
c106f584-7f1d-4ea0-8969-458d48417a11,214702367,Commune de Sainte-Colombe-de-Duras (47),false,{47236},Commune,2026-03-24 14:42:00.862623+01,gold_establishments_2025,,,,21470236700019,2025,Collectivité Territoriale,Commune,['Lot-et-Garonne'],['Nouvelle-Aquitaine'],COM,{47},{75}
f155a14e-cca5-435f-9503-57ab8c8d655d,214702375,Commune de Sainte-Colombe-de-Villeneuve (47),false,{47237},Commune,2026-03-24 14:42:00.862623+01,gold_establishments_2025,,,,21470237500012,2025,Collectivité Territoriale,Commune,['Lot-et-Garonne'],['Nouvelle-Aquitaine'],COM,{47},{75}
5932f8d2-9e88-4cca-8f78-52a9c25f86eb,216601708,Commune de Sainte-Colombe-de-la-Commanderie (66),false,{66170},Commune,2026-03-24 14:42:06.665412+01,gold_establishments_2025,,,,21660170800011,2025,Collectivité Territoriale,Commune,['Pyrénées-Orientales'],['Occitanie'],COM,{66},{76}
826e36e7-911c-4c18-a3bc-f11f96f14dc4,215802364,Commune de Sainte-Colombe-des-Bois (58),false,{58236},Commune,2026-03-24 14:42:04.280096+01,gold_establishments_2025,,,,21580236400012,2025,Collectivité Territoriale,Commune,['Nièvre'],['Bourgogne-Franche-Comté'],COM,{58},{27}
8357ad53-fc28-4a72-82d6-7fc479f5cac7,212105449,Commune de Sainte-Colombe-en-Auxois (21),false,{21544},Commune,2026-03-24 14:41:55.433389+01,gold_establishments_2025,,,,21210544900012,2025,Collectivité Territoriale,Commune,"[""Côte-d'Or""]",['Bourgogne-Franche-Comté'],COM,{21},{27}
9ab29e98-ff72-40fd-9773-7cdfb61579c9,214702383,Commune de Sainte-Colombe-en-Bruilhois (47),false,{47238},Commune,2026-03-24 14:42:00.862623+01,gold_establishments_2025,,,,21470238300016,2025,Collectivité Territoriale,Commune,['Lot-et-Garonne'],['Nouvelle-Aquitaine'],COM,{47},{75}
15b4a6cc-7622-41dc-aa6d-5f4c0647534d,212705248,Commune de Sainte-Colombe-la-Commanderie (27),false,{27524},Commune,2026-03-24 14:41:57.028721+01,gold_establishments_2025,,,,21270524800012,2025,Collectivité Territoriale,Commune,['Eure'],['Normandie'],COM,{27},{28}
207bb394-a47b-4d49-95fd-f31ed3bffd03,212705255,Commune de Sainte-Colombe-près-Vernon (27),false,{27525},Commune,2026-03-24 14:41:57.028721+01,gold_establishments_2025,,,,21270525500017,2025,Collectivité Territoriale,Commune,['Eure'],['Normandie'],COM,{27},{28}
9be8b0f4-d5f6-419e-abd0-7272a2cb7e60,214202095,Commune de Sainte-Colombe-sur-Gand (42),false,{42209},Commune,2026-03-24 14:42:00.273698+01,gold_establishments_2025,,,,21420209500011,2025,Collectivité Territoriale,Commune,['Loire'],['Auvergne-Rhône-Alpes'],COM,{42},{84}
1096cb2b-dda8-40f7-adbd-8dc55d98bcf6,211103353,Commune de Sainte-Colombe-sur-Guette (11),false,{11335},Commune,2026-03-24 14:41:53.63825+01,gold_establishments_2025,,,,21110335300010,2025,Collectivité Territoriale,Commune,['Aude'],['Occitanie'],COM,{11},{76}
1fafc134-af62-487f-b7fc-7edf9cb9bb58,212105456,Commune de Sainte-Colombe-sur-Seine (21),false,{21545},Commune,2026-03-24 14:41:55.433389+01,gold_establishments_2025,,,,21210545600017,2025,Collectivité Territoriale,Commune,"[""Côte-d'Or""]",['Bourgogne-Franche-Comté'],COM,{21},{27}
594c9826-a1e4-41fd-b4d5-8f9905eb28d8,211103361,Commune de Sainte-Colombe-sur-l'Hers (11),false,{11336},Commune,2026-03-24 14:41:53.63825+01,gold_establishments_2025,,,,21110336100013,2025,Collectivité Territoriale,Commune,['Aude'],['Occitanie'],COM,{11},{76}
85e720f6-b48a-4e74-b075-693565d2929e,216404731,Commune de Sainte-Colome (64),false,{64473},Commune,2026-03-24 14:42:06.665412+01,gold_establishments_2025,,,,21640473100012,2025,Collectivité Territoriale,Commune,['Pyrénées-Atlantiques'],['Nouvelle-Aquitaine'],COM,{64},{75}
ac782263-d887-40cc-b9ff-2a5c645c17bd,216901900,Commune de Sainte-Consorce (69),false,{69190},Commune,2026-03-24 14:42:07.195692+01,gold_establishments_2025,,,,21690190000011,2025,Collectivité Territoriale,Commune,['Rhône'],['Auvergne-Rhône-Alpes'],COM,{69},{84}
8fb510f3-e45a-4b2e-afa9-1ded8c0d70bd,210103420,Commune de Sainte-Croix (01),false,{01342},Commune,2026-03-24 14:41:51.447482+01,gold_establishments_2025,,,,21010342000019,2025,Collectivité Territoriale,Commune,['Ain'],['Auvergne-Rhône-Alpes'],COM,{01},{84}
a2693f53-e7fd-406a-b6db-97eed240926e,210206504,Commune de Sainte-Croix (02),false,{02675},Commune,2026-03-24 14:41:52.020251+01,gold_establishments_2025,,,,21020650400016,2025,Collectivité Territoriale,Commune,['Aisne'],['Hauts-de-France'],COM,{02},{32}
5f069486-7375-4f7d-9a4d-92ea39598b78,211202171,Commune de Sainte-Croix (12),false,{12217},Commune,2026-03-24 14:41:53.63825+01,gold_establishments_2025,,,,21120217100016,2025,Collectivité Territoriale,Commune,['Aveyron'],['Occitanie'],COM,{12},{76}
d6da704c-ba99-42ae-a820-a92dc2c14cc2,212403935,Commune de Sainte-Croix (24),false,{24393},Commune,2026-03-24 14:41:55.958138+01,gold_establishments_2025,,,,21240393500019,2025,Collectivité Territoriale,Commune,['Dordogne'],['Nouvelle-Aquitaine'],COM,{24},{75}
a1a39014-c65f-4b0f-b299-a63df3f2b02b,212602999,Commune de Sainte-Croix (26),false,{26299},Commune,2026-03-24 14:41:56.495197+01,gold_establishments_2025,,,,21260299900014,2025,Collectivité Territoriale,Commune,['Drôme'],['Auvergne-Rhône-Alpes'],COM,{26},{84}
ef62aa54-3114-4140-95d2-305ea1e53c77,218103265,Commune de Sainte-Croix (81),false,{81326},Commune,2026-03-24 14:42:10.508772+01,gold_establishments_2025,,,,21810326500011,2025,Collectivité Territoriale,Commune,['Tarn'],['Occitanie'],COM,{81},{76}
9a829cfa-204a-4fc7-aea3-ea14a96fe287,214801441,Commune de Sainte-Croix-Vallée-Française (48),false,{48144},Commune,2026-03-24 14:42:01.412377+01,gold_establishments_2025,,,,21480144100012,2025,Collectivité Territoriale,Commune,['Lozère'],['Occitanie'],COM,{48},{76}
b3ff7150-2e48-4ec9-8527-6cdb5a13f725,210902573,Commune de Sainte-Croix-Volvestre (09),false,{09257},Commune,2026-03-24 14:41:53.095366+01,gold_establishments_2025,,,,21090257300018,2025,Collectivité Territoriale,Commune,['Ariège'],['Occitanie'],COM,{09},{76}
8038084a-39f1-4511-9681-8a972e6808e8,216802942,Commune de Sainte-Croix-aux-Mines (68),false,{68294},Commune,2026-03-24 14:42:07.195692+01,gold_establishments_2025,,,,21680294200013,2025,Collectivité Territoriale,Commune,['Haut-Rhin'],['Grand Est'],COM,{68},{44}
a6707570-ac6d-42f2-bd25-0304ed1be110,213002462,Commune de Sainte-Croix-de-Caderle (30),false,{30246},Commune,2026-03-24 14:41:57.56054+01,gold_establishments_2025,,,,21300246200017,2025,Collectivité Territoriale,Commune,['Gard'],['Occitanie'],COM,{30},{76}
c79ab642-874c-4502-a1c9-4e1464cb9043,212403943,Commune de Sainte-Croix-de-Mareuil (24),false,{24394},Commune,2026-03-24 14:41:55.958138+01,gold_establishments_2025,,,,21240394300013,2025,Collectivité Territoriale,Commune,['Dordogne'],['Nouvelle-Aquitaine'],COM,{24},{75}
98e70dca-70da-4e41-9aef-bc4030ee638c,213402480,Commune de Sainte-Croix-de-Quintillargues (34),false,{34248},Commune,2026-03-24 14:41:58.620411+01,gold_establishments_2025,,,,21340248000015,2025,Collectivité Territoriale,Commune,['Hérault'],['Occitanie'],COM,{34},{76}
57b72486-8a88-4070-b86f-0ae40390f3fa,213303928,Commune de Sainte-Croix-du-Mont (33),false,{33392},Commune,2026-03-24 14:41:58.620411+01,gold_establishments_2025,,,,21330392800013,2025,Collectivité Territoriale,Commune,['Gironde'],['Nouvelle-Aquitaine'],COM,{33},{75}
01f89540-1901-40d7-be43-54f3d9497502,210401766,Commune de Sainte-Croix-du-Verdon (04),false,{04176},Commune,2026-03-24 14:41:52.562531+01,gold_establishments_2025,,,,21040176600014,2025,Collectivité Territoriale,Commune,['Alpes-de-Haute-Provence'],"[""Provence-Alpes-Côte d'Azur""]",COM,{04},{93}
7bc15cde-7e09-4a0a-860b-4643e60f2639,217104017,Commune de Sainte-Croix-en-Bresse (71),false,{71401},Commune,2026-03-24 14:42:08.279287+01,gold_establishments_2025,,,,21710401700017,2025,Collectivité Territoriale,Commune,['Saône-et-Loire'],['Bourgogne-Franche-Comté'],COM,{71},{27}
3266c0fb-16cb-4a92-8bec-7ff1ed625fc0,214202103,Commune de Sainte-Croix-en-Jarez (42),false,{42210},Commune,2026-03-24 14:42:00.273698+01,gold_establishments_2025,,,,21420210300013,2025,Collectivité Territoriale,Commune,['Loire'],['Auvergne-Rhône-Alpes'],COM,{42},{84}
0a4b9161-d27b-4ff9-bcbc-ef138c264af3,216802959,Commune de Sainte-Croix-en-Plaine (68),false,{68295},Commune,2026-03-24 14:42:07.195692+01,gold_establishments_2025,,,,21680295900017,2025,Collectivité Territoriale,Commune,['Haut-Rhin'],['Grand Est'],COM,{68},{44}
fe26974b-035e-4223-abc0-83a38b2824e8,217605716,Commune de Sainte-Croix-sur-Buchy (76),false,{76571},Commune,2026-03-24 14:42:08.818969+01,gold_establishments_2025,,,,21760571600018,2025,Collectivité Territoriale,Commune,['Seine-Maritime'],['Normandie'],COM,{76},{28}
b1ca8ebf-bbb0-4d6d-a695-e92d2ff322e0,211405691,Commune de Sainte-Croix-sur-Mer (14),false,{14569},Commune,2026-03-24 14:41:54.362296+01,gold_establishments_2025,,,,21140569100018,2025,Collectivité Territoriale,Commune,['Calvados'],['Normandie'],COM,{14},{28}
4d57bfce-c4b9-481c-8ff0-5e360bd6d7e6,210401758,Commune de Sainte-Croix-à-Lauze (04),false,{04175},Commune,2026-03-24 14:41:52.562531+01,gold_establishments_2025,,,,21040175800011,2025,Collectivité Territoriale,Commune,['Alpes-de-Haute-Provence'],"[""Provence-Alpes-Côte d'Azur""]",COM,{04},{93}
f609d662-b55d-483b-aa21-bde0d8625cb0,215004532,Commune de Sainte-Cécile (50),false,{50453},Commune,2026-03-24 14:42:01.412377+01,gold_establishments_2025,,,,21500453200010,2025,Collectivité Territoriale,Commune,['Manche'],['Normandie'],COM,{50},{28}
0f0d1b2a-ed14-436d-bd36-ec22a24e16b3,217103977,Commune de Sainte-Cécile (71),false,{71397},Commune,2026-03-24 14:42:08.279287+01,gold_establishments_2025,,,,21710397700013,2025,Collectivité Territoriale,Commune,['Saône-et-Loire'],['Bourgogne-Franche-Comté'],COM,{71},{27}
7d1ef056-8661-4bb3-8043-bf6d99dc5c69,218502029,Commune de Sainte-Cécile (85),false,{85202},Commune,2026-03-24 14:42:10.508772+01,gold_establishments_2025,,,,21850202900018,2025,Collectivité Territoriale,Commune,['Vendée'],['Pays de la Loire'],COM,{85},{52}
45a64dc0-11db-4cba-b33d-572acd89e425,213002397,Commune de Sainte-Cécile-d'Andorge (30),false,{30239},Commune,2026-03-24 14:41:57.56054+01,gold_establishments_2025,,,,21300239700015,2025,Collectivité Territoriale,Commune,['Gard'],['Occitanie'],COM,{30},{76}
e5859ec9-5cf7-407c-a6b3-85ff1733960a,218102465,Commune de Sainte-Cécile-du-Cayrou (81),false,{81246},Commune,2026-03-24 14:42:09.967209+01,gold_establishments_2025,,,,21810246500018,2025,Collectivité Territoriale,Commune,['Tarn'],['Occitanie'],COM,{81},{76}
7fec604c-8d18-40ed-8f6c-796efb3166e1,218401065,Commune de Sainte-Cécile-les-Vignes (84),false,{84106},Commune,2026-03-24 14:42:10.508772+01,gold_establishments_2025,,,,21840106500014,2025,Collectivité Territoriale,Commune,['Vaucluse'],"[""Provence-Alpes-Côte d'Azur""]",COM,{84},{93}
9e397700-cfb5-4c42-9115-59e970835aa5,216103739,Commune de Sainte-Céronne-lès-Mortagne (61),false,{61373},Commune,2026-03-24 14:42:05.597325+01,gold_establishments_2025,,,,21610373900019,2025,Collectivité Territoriale,Commune,['Orne'],['Normandie'],COM,{61},{28}
ed0562fe-e04c-4150-b8e2-a318006825da,217202720,Commune de Sainte-Cérotte (72),false,{72272},Commune,2026-03-24 14:42:08.279287+01,gold_establishments_2025,,,,21720272000041,2025,Collectivité Territoriale,Commune,['Sarthe'],['Pays de la Loire'],COM,{72},{52}
7517f496-3ee9-48e5-a06e-77c535fb7831,213203730,Commune de Sainte-Dode (32),false,{32373},Commune,2026-03-24 14:41:58.09424+01,gold_establishments_2025,,,,21320373000014,2025,Collectivité Territoriale,Commune,['Gers'],['Occitanie'],COM,{32},{76}
8656909a-3dde-4653-b34d-5678998d0aeb,217902469,Commune de Sainte-Eanne (79),false,{79246},Commune,2026-03-24 14:42:09.43682+01,gold_establishments_2025,,,,21790246900014,2025,Collectivité Territoriale,Commune,['Deux-Sèvres'],['Nouvelle-Aquitaine'],COM,{79},{75}
37fad0c7-acb2-44a4-b624-d902fb3f6651,216404756,Commune de Sainte-Engrâce (64),false,{64475},Commune,2026-03-24 14:42:06.665412+01,gold_establishments_2025,,,,21640475600019,2025,Collectivité Territoriale,Commune,['Pyrénées-Atlantiques'],['Nouvelle-Aquitaine'],COM,{64},{75}
8d0d2040-ed66-4176-ad7c-d5fd2f87174f,214301830,Commune de Sainte-Eugénie-de-Villeneuve (43),false,{43183},Commune,2026-03-24 14:42:00.273698+01,gold_establishments_2025,,,,21430183000011,2025,Collectivité Territoriale,Commune,['Haute-Loire'],['Auvergne-Rhône-Alpes'],COM,{43},{84}
effef684-6d01-4f61-b71c-7b5801407ae6,210702353,Commune de Sainte-Eulalie (07),false,{07235},Commune,2026-03-24 14:41:52.562531+01,gold_establishments_2025,,,,21070235300017,2025,Collectivité Territoriale,Commune,['Ardèche'],['Auvergne-Rhône-Alpes'],COM,{07},{84}
2e79b6d9-c1ae-4270-bb75-1094a289a4a3,211103403,Commune de Sainte-Eulalie (11),false,{11340},Commune,2026-03-24 14:41:53.63825+01,gold_establishments_2025,,,,21110340300013,2025,Collectivité Territoriale,Commune,['Aude'],['Occitanie'],COM,{11},{76}
9732576f-d757-4f0f-ba6c-7d92c67a15c2,211501861,Commune de Sainte-Eulalie (15),false,{15186},Commune,2026-03-24 14:41:54.362296+01,gold_establishments_2025,,,,21150186100010,2025,Collectivité Territoriale,Commune,['Cantal'],['Auvergne-Rhône-Alpes'],COM,{15},{84}
3091bc5c-3bde-495e-a34e-3016ab4390a0,213303977,Commune de Sainte-Eulalie (33),false,{33397},Commune,2026-03-24 14:41:58.620411+01,gold_establishments_2025,,,,21330397700010,2025,Collectivité Territoriale,Commune,['Gironde'],['Nouvelle-Aquitaine'],COM,{33},{75}
29aad26b-6529-4da9-81ef-c8a693678abf,214801490,Commune de Sainte-Eulalie (48),false,{48149},Commune,2026-03-24 14:42:01.412377+01,gold_establishments_2025,,,,21480149000019,2025,Collectivité Territoriale,Commune,['Lozère'],['Occitanie'],COM,{48},{76}
de12d9e1-aa3e-4a2a-b8e8-b262c11e3a6a,212404016,Commune de Sainte-Eulalie-d'Ans (24),false,{24401},Commune,2026-03-24 14:41:55.958138+01,gold_establishments_2025,,,,21240401600017,2025,Collectivité Territoriale,Commune,['Dordogne'],['Nouvelle-Aquitaine'],COM,{24},{75}
3a57252f-1b73-4357-85d0-bdf2aa6c4512,211202197,Commune de Sainte-Eulalie-d'Olt (12),false,{12219},Commune,2026-03-24 14:41:53.63825+01,gold_establishments_2025,,,,21120219700011,2025,Collectivité Territoriale,Commune,['Aveyron'],['Occitanie'],COM,{12},{76}
c25b71b5-96ec-4ba9-ac9d-31d7ed44e281,211202205,Commune de Sainte-Eulalie-de-Cernon (12),false,{12220},Commune,2026-03-24 14:41:53.63825+01,gold_establishments_2025,,,,21120220500012,2025,Collectivité Territoriale,Commune,['Aveyron'],['Occitanie'],COM,{12},{76}
2d1e93ea-d4dd-407d-8d49-d49676991930,214002578,Commune de Sainte-Eulalie-en-Born (40),false,{40257},Commune,2026-03-24 14:41:59.705606+01,gold_establishments_2025,,,,21400257800018,2025,Collectivité Territoriale,Commune,['Landes'],['Nouvelle-Aquitaine'],COM,{40},{75}
02b59585-4bbc-4efa-b84b-4d298bba32c1,212603021,Commune de Sainte-Eulalie-en-Royans (26),false,{26302},Commune,2026-03-24 14:41:56.495197+01,gold_establishments_2025,,,,21260302100016,2025,Collectivité Territoriale,Commune,['Drôme'],['Auvergne-Rhône-Alpes'],COM,{26},{84}
a0c59060-2580-4aac-915a-ff6e0641fb70,210103537,Commune de Sainte-Euphémie (01),false,{01353},Commune,2026-03-24 14:41:51.447482+01,gold_establishments_2025,,,,21010353700010,2025,Collectivité Territoriale,Commune,['Ain'],['Auvergne-Rhône-Alpes'],COM,{01},{84}
1dafdcee-63a3-47bd-b585-44ae700fe8bf,212603039,Commune de Sainte-Euphémie-sur-Ouvèze (26),false,{26303},Commune,2026-03-24 14:41:56.495197+01,gold_establishments_2025,,,,21260303900018,2025,Collectivité Territoriale,Commune,['Drôme'],['Auvergne-Rhône-Alpes'],COM,{26},{84}
a54eff2a-6861-44a4-bcd8-9754a32101f6,216005678,Commune de Sainte-Eusoye (60),false,{60573},Commune,2026-03-24 14:42:04.814328+01,gold_establishments_2025,,,,21600567800018,2025,Collectivité Territoriale,Commune,['Oise'],['Hauts-de-France'],COM,{60},{32}
e514d6ca-56ec-49a7-83a9-b09956dc9192,213601909,Commune de Sainte-Fauste (36),false,{36190},Commune,2026-03-24 14:41:59.160244+01,gold_establishments_2025,,,,21360190900012,2025,Collectivité Territoriale,Commune,['Indre'],['Centre-Val de Loire'],COM,{36},{24}
228330ab-ea82-4890-bca3-222b228ded4c,212319305,Commune de Sainte-Feyre (23),false,{23193},Commune,2026-03-24 14:41:55.958138+01,gold_establishments_2025,,,,21231930500018,2025,Collectivité Territoriale,Commune,['Creuse'],['Nouvelle-Aquitaine'],COM,{23},{75}
378bee80-df8f-4591-b23c-06e936a6c672,212319404,Commune de Sainte-Feyre-la-Montagne (23),false,{23194},Commune,2026-03-24 14:41:55.958138+01,gold_establishments_2025,,,,21231940400019,2025,Collectivité Territoriale,Commune,['Creuse'],['Nouvelle-Aquitaine'],COM,{23},{75}
42e32c1a-10a8-4b22-96a0-4896f076f79d,218502110,Commune de Sainte-Flaive-des-Loups (85),false,{85211},Commune,2026-03-24 14:42:10.508772+01,gold_establishments_2025,,,,21850211000016,2025,Collectivité Territoriale,Commune,['Vendée'],['Pays de la Loire'],COM,{85},{52}
671001e1-1260-4991-9371-b754d25ea497,213304017,Commune de Sainte-Florence (33),false,{33401},Commune,2026-03-24 14:41:58.620411+01,gold_establishments_2025,,,,21330401700014,2025,Collectivité Territoriale,Commune,['Gironde'],['Nouvelle-Aquitaine'],COM,{33},{75}
78c64e82-7dad-4a87-8e2a-7f80e41a8f0f,218502128,Commune de Sainte-Florence (85),false,{},"",2026-03-24 14:42:10.508772+01,gold_establishments_2025,,,,21850212800018,2025,Collectivité Territoriale,Commune,['Vendée'],['Pays de la Loire'],COM,{85},{52}
2ba31879-30dc-4170-b5f4-f889c405eb6d,214301855,Commune de Sainte-Florine (43),false,{43185},Commune,2026-03-24 14:42:00.273698+01,gold_establishments_2025,,,,21430185500018,2025,Collectivité Territoriale,Commune,['Haute-Loire'],['Auvergne-Rhône-Alpes'],COM,{43},{84}
d105bea9-dbb0-4983-94f4-ebf2f98f939b,210902607,Commune de Sainte-Foi (09),false,{09260},Commune,2026-03-24 14:41:53.095366+01,gold_establishments_2025,,,,21090260700014,2025,Collectivité Territoriale,Commune,['Ariège'],['Occitanie'],COM,{09},{76}
b5d24634-eb01-46f4-b05d-347a86f862d2,211920301,Commune de Sainte-Fortunade (19),false,{19203},Commune,2026-03-24 14:41:54.903238+01,gold_establishments_2025,,,,21192030100010,2025,Collectivité Territoriale,Commune,['Corrèze'],['Nouvelle-Aquitaine'],COM,{19},{75}
ae0739fa-463f-4cba-8c65-2e10105815db,214002586,Commune de Sainte-Foy (40),false,{40258},Commune,2026-03-24 14:41:59.705606+01,gold_establishments_2025,,,,21400258600011,2025,Collectivité Territoriale,Commune,['Landes'],['Nouvelle-Aquitaine'],COM,{40},{75}
79f1a7ed-7a5f-4cf1-9669-5bff5a728bac,217104157,Commune de Sainte-Foy (71),false,{71415},Commune,2026-03-24 14:42:08.279287+01,gold_establishments_2025,,,,21710415700011,2025,Collectivité Territoriale,Commune,['Saône-et-Loire'],['Bourgogne-Franche-Comté'],COM,{71},{27}
e382ee1a-c7b0-4566-abcf-3a98237f7214,217605773,Commune de Sainte-Foy (76),false,{76577},Commune,2026-03-24 14:42:08.818969+01,gold_establishments_2025,,,,21760577300019,2025,Collectivité Territoriale,Commune,['Seine-Maritime'],['Normandie'],COM,{76},{28}
a8eab9e9-5b2d-43ca-ab12-cbfa03fe963b,218502144,Commune de Sainte-Foy (85),false,{85214},Commune,2026-03-24 14:42:10.508772+01,gold_establishments_2025,,,,21850214400015,2025,Collectivité Territoriale,Commune,['Vendée'],['Pays de la Loire'],COM,{85},{52}
5f7b6e97-b147-48a4-83cc-7da9d37f349e,214202210,Commune de Sainte-Foy-Saint-Sulpice (42),false,{42221},Commune,2026-03-24 14:42:00.273698+01,gold_establishments_2025,,,,21420221000016,2025,Collectivité Territoriale,Commune,['Loire'],['Auvergne-Rhône-Alpes'],COM,{42},{84}
d66fe125-9d15-430c-b3cb-7c0d95b2baa7,217302322,Commune de Sainte-Foy-Tarentaise (73),false,{73232},Commune,2026-03-24 14:42:08.279287+01,gold_establishments_2025,,,,21730232200011,2025,Collectivité Territoriale,Commune,['Savoie'],['Auvergne-Rhône-Alpes'],COM,{73},{84}
3b5ce9dd-4d6f-4697-8aa8-a534ce6f78a3,213104805,Commune de Sainte-Foy-d'Aigrefeuille (31),false,{31480},Commune,2026-03-24 14:41:58.09424+01,gold_establishments_2025,,,,21310480500014,2025,Collectivité Territoriale,Commune,['Haute-Garonne'],['Occitanie'],COM,{31},{76}
6d2a6dc2-93a8-4e63-a725-118747dffc8b,212404065,Commune de Sainte-Foy-de-Belvès (24),false,{24406},Commune,2026-03-24 14:41:55.958138+01,gold_establishments_2025,,,,21240406500014,2025,Collectivité Territoriale,Commune,['Dordogne'],['Nouvelle-Aquitaine'],COM,{24},{75}
81a8ddd9-cb18-4d7d-bb7e-4c11134191d3,212404073,Commune de Sainte-Foy-de-Longas (24),false,{24407},Commune,2026-03-24 14:41:55.958138+01,gold_establishments_2025,,,,21240407300018,2025,Collectivité Territoriale,Commune,['Dordogne'],['Nouvelle-Aquitaine'],COM,{24},{75}
f7bcd03c-060a-4fe5-8cfe-3fcd44acad13,213104813,Commune de Sainte-Foy-de-Peyrolières (31),false,{31481},Commune,2026-03-24 14:41:58.09424+01,gold_establishments_2025,,,,21310481300018,2025,Collectivité Territoriale,Commune,['Haute-Garonne'],['Occitanie'],COM,{31},{76}
4e913aa9-c1e1-4004-9e81-c46563419e68,216902015,Commune de Sainte-Foy-l'Argentière (69),false,{69201},Commune,2026-03-24 14:42:07.735343+01,gold_establishments_2025,,,,21690201500017,2025,Collectivité Territoriale,Commune,['Rhône'],['Auvergne-Rhône-Alpes'],COM,{69},{84}
cd6fac2c-39c3-4fb0-a8ab-74ebd64038e6,213304025,Commune de Sainte-Foy-la-Grande (33),false,{33402},Commune,2026-03-24 14:41:58.620411+01,gold_establishments_2025,,,,21330402500017,2025,Collectivité Territoriale,Commune,['Gironde'],['Nouvelle-Aquitaine'],COM,{33},{75}
846585d4-27b7-42cc-b015-43dafae11a76,213304033,Commune de Sainte-Foy-la-Longue (33),false,{33403},Commune,2026-03-24 14:41:58.620411+01,gold_establishments_2025,,,,21330403300011,2025,Collectivité Territoriale,Commune,['Gironde'],['Nouvelle-Aquitaine'],COM,{33},{75}
c8ec2042-b30e-42a9-bc86-5b22104703e1,216902023,Commune de Sainte-Foy-lès-Lyon (69),false,{69202},Commune,2026-03-24 14:42:07.735343+01,gold_establishments_2025,,,,21690202300011,2025,Collectivité Territoriale,Commune,['Rhône'],['Auvergne-Rhône-Alpes'],COM,{69},{84}
7936c462-0c56-4184-90ea-49601126c110,211920202,Commune de Sainte-Féréole (19),false,{19202},Commune,2026-03-24 14:41:54.903238+01,gold_establishments_2025,,,,21192020200010,2025,Collectivité Territoriale,Commune,['Corrèze'],['Nouvelle-Aquitaine'],COM,{19},{75}
0bb12163-e14e-40e6-a93e-8d0231821088,216103895,Commune de Sainte-Gauburge-Sainte-Colombe (61),false,{61389},Commune,2026-03-24 14:42:05.597325+01,gold_establishments_2025,,,,21610389500019,2025,Collectivité Territoriale,Commune,['Orne'],['Normandie'],COM,{61},{28}
6f43291f-bce0-4680-88a3-888f538a32ef,211703301,Commune de Sainte-Gemme (17),false,{17330},Commune,2026-03-24 14:41:54.903238+01,gold_establishments_2025,,,,21170330100013,2025,Collectivité Territoriale,Commune,['Charente-Maritime'],['Nouvelle-Aquitaine'],COM,{17},{75}
8263d99a-81ff-459f-877c-0fd17966dab7,213203763,Commune de Sainte-Gemme (32),false,{32376},Commune,2026-03-24 14:41:58.09424+01,gold_establishments_2025,,,,21320376300015,2025,Collectivité Territoriale,Commune,['Gers'],['Occitanie'],COM,{32},{76}
8b7a6633-8530-4ab0-93cb-2fa2936494e2,213304041,Commune de Sainte-Gemme (33),false,{33404},Commune,2026-03-24 14:41:58.620411+01,gold_establishments_2025,,,,21330404100014,2025,Collectivité Territoriale,Commune,['Gironde'],['Nouvelle-Aquitaine'],COM,{33},{75}
65a675a6-c62c-4b36-9780-7af27ab22581,213601933,Commune de Sainte-Gemme (36),false,{36193},Commune,2026-03-24 14:41:59.160244+01,gold_establishments_2025,,,,21360193300012,2025,Collectivité Territoriale,Commune,['Indre'],['Centre-Val de Loire'],COM,{36},{24}
5ade0623-2069-4b81-8a05-1527136860b0,215104456,Commune de Sainte-Gemme (51),false,{51480},Commune,2026-03-24 14:42:01.954481+01,gold_establishments_2025,,,,21510445600011,2025,Collectivité Territoriale,Commune,['Marne'],['Grand Est'],COM,{51},{44}
4e5120f2-3923-4617-a3b8-629ab5b7f9cc,217902501,Commune de Sainte-Gemme (79),false,{79250},Commune,2026-03-24 14:42:09.43682+01,gold_establishments_2025,,,,21790250100014,2025,Collectivité Territoriale,Commune,['Deux-Sèvres'],['Nouvelle-Aquitaine'],COM,{79},{75}
30dd5c9e-a902-4cf0-bd46-902bcd9faeed,218102499,Commune de Sainte-Gemme (81),false,{81249},Commune,2026-03-24 14:42:09.967209+01,gold_establishments_2025,,,,21810249900017,2025,Collectivité Territoriale,Commune,['Tarn'],['Occitanie'],COM,{81},{76}
890b0bfc-356d-4313-937e-3d2c735b4857,214702441,Commune de Sainte-Gemme-Martaillac (47),false,{47244},Commune,2026-03-24 14:42:00.862623+01,gold_establishments_2025,,,,21470244100012,2025,Collectivité Territoriale,Commune,['Lot-et-Garonne'],['Nouvelle-Aquitaine'],COM,{47},{75}
8a0e6c18-162d-41d0-83a8-68d57ed46185,212803324,Commune de Sainte-Gemme-Moronval (28),false,{28332},Commune,2026-03-24 14:41:57.028721+01,gold_establishments_2025,,,,21280332400012,2025,Collectivité Territoriale,Commune,['Eure-et-Loir'],['Centre-Val de Loire'],COM,{28},{24}
8ee280a7-cba1-4426-a1f7-966072561d8e,211802087,Commune de Sainte-Gemme-en-Sancerrois (18),false,{18208},Commune,2026-03-24 14:41:54.903238+01,gold_establishments_2025,,,,21180208700018,2025,Collectivité Territoriale,Commune,['Cher'],['Centre-Val de Loire'],COM,{18},{24}
3ed8a2ac-9176-43da-908d-7214c20e038c,218502169,Commune de Sainte-Gemme-la-Plaine (85),false,{85216},Commune,2026-03-24 14:42:10.508772+01,gold_establishments_2025,,,,21850216900160,2025,Collectivité Territoriale,Commune,['Vendée'],['Pays de la Loire'],COM,{85},{52}
86720831-6554-4c86-bda4-8c60603b779e,215302183,Commune de Sainte-Gemmes-le-Robert (53),false,{53218},Commune,2026-03-24 14:42:02.957225+01,gold_establishments_2025,,,,21530218300011,2025,Collectivité Territoriale,Commune,['Mayenne'],['Pays de la Loire'],COM,{53},{52}
f27d5756-c8a2-4da4-93f4-57ae3dda4577,214902785,Commune de Sainte-Gemmes-sur-Loire (49),false,{49278},Commune,2026-03-24 14:42:01.412377+01,gold_establishments_2025,,,,21490278500010,2025,Collectivité Territoriale,Commune,['Maine-et-Loire'],['Pays de la Loire'],COM,{49},{52}
58c68895-b13d-4d12-97f6-96c274960df6,210206538,Commune de Sainte-Geneviève (02),false,{02678},Commune,2026-03-24 14:41:52.020251+01,gold_establishments_2025,,,,21020653800014,2025,Collectivité Territoriale,Commune,['Aisne'],['Hauts-de-France'],COM,{02},{32}
aae6c646-4d63-4e73-a8f4-fcb30cd0b6d1,215004698,Commune de Sainte-Geneviève (50),false,{50469},Commune,2026-03-24 14:42:01.412377+01,gold_establishments_2025,,,,21500469800019,2025,Collectivité Territoriale,Commune,['Manche'],['Normandie'],COM,{50},{28}
681d9715-df95-4a8d-af02-720b1ab8c537,215404740,Commune de Sainte-Geneviève (54),false,{54474},Commune,2026-03-24 14:42:02.957225+01,gold_establishments_2025,,,,21540474000015,2025,Collectivité Territoriale,Commune,['Meurthe-et-Moselle'],['Grand Est'],COM,{54},{44}
3c7416a2-49d9-4f5a-96b9-a4c8640f11ef,216005694,Commune de Sainte-Geneviève (60),false,{60575},Commune,2026-03-24 14:42:04.814328+01,gold_establishments_2025,,,,21600569400015,2025,Collectivité Territoriale,Commune,['Oise'],['Hauts-de-France'],COM,{60},{32}
203b45e7-dab0-4bb9-ad23-7155dd1e3c56,217605781,Commune de Sainte-Geneviève (76),false,{76578},Commune,2026-03-24 14:42:08.818969+01,gold_establishments_2025,,,,21760578100012,2025,Collectivité Territoriale,Commune,['Seine-Maritime'],['Normandie'],COM,{76},{28}
94f77249-da74-402d-98c6-b26c02be83ed,214502783,Commune de Sainte-Geneviève-des-Bois (45),false,{45278},Commune,2026-03-24 14:42:00.862623+01,gold_establishments_2025,,,,21450278300019,2025,Collectivité Territoriale,Commune,['Loiret'],['Centre-Val de Loire'],COM,{45},{24}
d6b7e74d-a335-46f5-bca6-7c57240d1103,219105491,Commune de Sainte-Geneviève-des-Bois (91),false,{91549},Commune,2026-03-24 14:42:11.659493+01,gold_establishments_2025,,,,21910549100019,2025,Collectivité Territoriale,Commune,['Essonne'],['Île-de-France'],COM,{91},{11}
9f2fdb59-0c7e-42bb-a93c-20efe3d2acfd,212705404,Commune de Sainte-Geneviève-lès-Gasny (27),false,{27540},Commune,2026-03-24 14:41:57.028721+01,gold_establishments_2025,,,,21270540400011,2025,Collectivité Territoriale,Commune,['Eure'],['Normandie'],COM,{27},{28}
9de41ba1-b5a6-48cd-baf4-d5b16267b360,211405907,Commune de Sainte-Honorine-de-Ducy (14),false,{14590},Commune,2026-03-24 14:41:54.362296+01,gold_establishments_2025,,,,21140590700018,2025,Collectivité Territoriale,Commune,['Calvados'],['Normandie'],COM,{14},{28}
3a336d26-f5aa-47d3-a56b-ee4bc37c0018,211405923,Commune de Sainte-Honorine-du-Fay (14),false,{14592},Commune,2026-03-24 14:41:54.362296+01,gold_establishments_2025,,,,21140592300015,2025,Collectivité Territoriale,Commune,['Calvados'],['Normandie'],COM,{14},{28}
e455adfb-337d-492d-9628-22928d485727,216104075,Commune de Sainte-Honorine-la-Chardonne (61),false,{61407},Commune,2026-03-24 14:42:05.597325+01,gold_establishments_2025,,,,21610407500017,2025,Collectivité Territoriale,Commune,['Orne'],['Normandie'],COM,{61},{28}
4ab8876a-51ff-4055-9c66-d4e2f1312dc6,216104083,Commune de Sainte-Honorine-la-Guillaume (61),false,{61408},Commune,2026-03-24 14:42:05.597325+01,gold_establishments_2025,,,,21610408300011,2025,Collectivité Territoriale,Commune,['Orne'],['Normandie'],COM,{61},{28}
4ee2cea4-7898-4d37-9378-0bb3aaab5038,213304173,Commune de Sainte-Hélène (33),false,{33417},Commune,2026-03-24 14:41:58.620411+01,gold_establishments_2025,,,,21330417300015,2025,Collectivité Territoriale,Commune,['Gironde'],['Nouvelle-Aquitaine'],COM,{33},{75}
a55af7c2-1369-42a7-b510-de015e8ef90f,214801573,Commune de Sainte-Hélène (48),false,{48157},Commune,2026-03-24 14:42:01.412377+01,gold_establishments_2025,,,,21480157300012,2025,Collectivité Territoriale,Commune,['Lozère'],['Occitanie'],COM,{48},{76}
1ea33d4a-a6df-437b-a5dc-9562763c642a,215602202,Commune de Sainte-Hélène (56),false,{56220},Commune,2026-03-24 14:42:03.701372+01,gold_establishments_2025,,,,21560220200016,2025,Collectivité Territoriale,Commune,['Morbihan'],['Bretagne'],COM,{56},{53}
76054349-8f13-4809-97f9-8094a5ed3c51,217104264,Commune de Sainte-Hélène (71),false,{71426},Commune,2026-03-24 14:42:08.279287+01,gold_establishments_2025,,,,21710426400015,2025,Collectivité Territoriale,Commune,['Saône-et-Loire'],['Bourgogne-Franche-Comté'],COM,{71},{27}
eca62fb8-881b-4306-90fb-4d843586a2d7,218804185,Commune de Sainte-Hélène (88),false,{88418},Commune,2026-03-24 14:42:11.118516+01,gold_establishments_2025,,,,21880418500013,2025,Collectivité Territoriale,Commune,['Vosges'],['Grand Est'],COM,{88},{44}
bc17493a-9905-48f8-a2f4-1cc4e48b10ae,217605872,Commune de Sainte-Hélène-Bondeville (76),false,{76587},Commune,2026-03-24 14:42:08.818969+01,gold_establishments_2025,,,,21760587200019,2025,Collectivité Territoriale,Commune,['Seine-Maritime'],['Normandie'],COM,{76},{28}
09270c39-33a6-45c3-afd1-b3cbd3d0fe2a,217302405,Commune de Sainte-Hélène-du-Lac (73),false,{73240},Commune,2026-03-24 14:42:08.279287+01,gold_establishments_2025,,,,21730240500014,2025,Collectivité Territoriale,Commune,['Savoie'],['Auvergne-Rhône-Alpes'],COM,{73},{84}
d1baa758-0fcc-4479-9879-0880017bc887,217302413,Commune de Sainte-Hélène-sur-Isère (73),false,{73241},Commune,2026-03-24 14:42:08.279287+01,gold_establishments_2025,,,,21730241300018,2025,Collectivité Territoriale,Commune,['Savoie'],['Auvergne-Rhône-Alpes'],COM,{73},{84}
5a74aca8-5df2-4f21-9849-37a27c2a3c63,212603062,Commune de Sainte-Jalle (26),false,{26306},Commune,2026-03-24 14:41:56.495197+01,gold_establishments_2025,,,,21260306200069,2025,Collectivité Territoriale,Commune,['Drôme'],['Auvergne-Rhône-Alpes'],COM,{26},{84}
db063020-06c4-4b10-acf0-4fe8c0dd0667,217202894,Commune de Sainte-Jamme-sur-Sarthe (72),false,{72289},Commune,2026-03-24 14:42:08.279287+01,gold_establishments_2025,,,,21720289400010,2025,Collectivité Territoriale,Commune,['Sarthe'],['Pays de la Loire'],COM,{72},{52}
d94026df-2a8b-4582-90c7-640f5ff6929b,210103669,Commune de Sainte-Julie (01),false,{01366},Commune,2026-03-24 14:41:51.447482+01,gold_establishments_2025,,,,21010366900011,2025,Collectivité Territoriale,Commune,['Ain'],['Auvergne-Rhône-Alpes'],COM,{01},{84}
f41e6a14-ea2d-4b75-b12a-0e8bae44a82b,218201648,Commune de Sainte-Juliette (82),false,{82164},Commune,2026-03-24 14:42:10.508772+01,gold_establishments_2025,,,,21820164800019,2025,Collectivité Territoriale,Commune,['Tarn-et-Garonne'],['Occitanie'],COM,{82},{76}
ebe39aaf-9cd6-481f-8fcb-8785bd579cff,211202346,Commune de Sainte-Juliette-sur-Viaur (12),false,{12234},Commune,2026-03-24 14:41:53.63825+01,gold_establishments_2025,,,,21120234600014,2025,Collectivité Territoriale,Commune,['Aveyron'],['Occitanie'],COM,{12},{76}
f133b9da-ea4c-437b-9b9d-2ded8586892d,211703558,Commune de Sainte-Lheurine (17),false,{17355},Commune,2026-03-24 14:41:54.903238+01,gold_establishments_2025,,,,21170355800018,2025,Collectivité Territoriale,Commune,['Charente-Maritime'],['Nouvelle-Aquitaine'],COM,{17},{75}
e82831da-f663-4204-8f39-006b2755db76,213104961,Commune de Sainte-Livrade (31),false,{31496},Commune,2026-03-24 14:41:58.09424+01,gold_establishments_2025,,,,21310496100015,2025,Collectivité Territoriale,Commune,['Haute-Garonne'],['Occitanie'],COM,{31},{76}
a5224887-452f-413a-ab1f-516d6c0e91c7,214702524,Commune de Sainte-Livrade-sur-Lot (47),false,{47252},Commune,2026-03-24 14:42:00.862623+01,gold_establishments_2025,,,,21470252400015,2025,Collectivité Territoriale,Commune,['Lot-et-Garonne'],['Nouvelle-Aquitaine'],COM,{47},{75}
d3b41fb0-e1a4-4cba-b9b8-38cd07f25195,213601990,Commune de Sainte-Lizaigne (36),false,{36199},Commune,2026-03-24 14:41:59.160244+01,gold_establishments_2025,,,,21360199000061,2025,Collectivité Territoriale,Commune,['Indre'],['Centre-Val de Loire'],COM,{36},{24}
c0f7194f-198c-4a7f-9dae-5cb1db5002f6,213804149,Commune de Sainte-Luce (38),false,{38414},Commune,2026-03-24 14:41:59.705606+01,gold_establishments_2025,,,,21380414900010,2025,Collectivité Territoriale,Commune,['Isère'],['Auvergne-Rhône-Alpes'],COM,{38},{84}
a3f8e9a4-3401-4112-bfca-da02fe2150c0,219722279,Commune de Sainte-Luce (972),false,{97227},Commune,2026-03-24 14:42:11.659493+01,gold_establishments_2025,,,,21972227900011,2025,Collectivité Territoriale,Commune,['Martinique'],['Martinique'],COM,{972},{02}
a6879f3f-ebbd-4e97-9352-01822b5c89ae,214401721,Commune de Sainte-Luce-sur-Loire (44),false,{44172},Commune,2026-03-24 14:42:00.273698+01,gold_establishments_2025,,,,21440172100011,2025,Collectivité Territoriale,Commune,['Loire-Atlantique'],['Pays de la Loire'],COM,{44},{52}
1cd1c3d6-e3df-41f4-911c-a409a7fa9abb,212003081,Commune de Sainte-Lucie-de-Tallano (2A),false,{2A308},Commune,2026-03-24 14:41:57.56054+01,gold_establishments_2025,,,,21200308100016,2025,Collectivité Territoriale,Commune,['Corse-du-Sud'],['Corse'],COM,{2A},{94}
15352315-ef1d-4e21-a15d-06f896d34c85,216601815,Commune de Sainte-Léocadie (66),false,{66181},Commune,2026-03-24 14:42:06.665412+01,gold_establishments_2025,,,,21660181500014,2025,Collectivité Territoriale,Commune,['Pyrénées-Orientales'],['Occitanie'],COM,{66},{76}
aa16ba90-9e52-490a-bef9-93f3a38769af,218903516,Commune de Sainte-Magnance (89),false,{89351},Commune,2026-03-24 14:42:11.659493+01,gold_establishments_2025,,,,21890351600019,2025,Collectivité Territoriale,Commune,['Yonne'],['Bourgogne-Franche-Comté'],COM,{89},{27}
0d325939-a8e2-46b7-98d3-e523cb1d7626,214302085,Commune de Sainte-Marguerite (43),false,{43208},Commune,2026-03-24 14:42:00.273698+01,gold_establishments_2025,,,,21430208500011,2025,Collectivité Territoriale,Commune,['Haute-Loire'],['Auvergne-Rhône-Alpes'],COM,{43},{84}
7650c713-e546-4b34-b00c-a79c17ddd947,218804243,Commune de Sainte-Marguerite (88),false,{88424},Commune,2026-03-24 14:42:11.118516+01,gold_establishments_2025,,,,21880424300077,2025,Collectivité Territoriale,Commune,['Vosges'],['Grand Est'],COM,{88},{44}
72669df7-2761-48ce-80b3-f1b1337251bf,210702668,Commune de Sainte-Marguerite-Lafigère (07),false,{07266},Commune,2026-03-24 14:41:52.562531+01,gold_establishments_2025,,,,21070266800018,2025,Collectivité Territoriale,Commune,['Ardèche'],['Auvergne-Rhône-Alpes'],COM,{07},{84}
57b97be6-fe26-4e94-a897-8449dbd298de,211406145,Commune de Sainte-Marguerite-d'Elle (14),false,{14614},Commune,2026-03-24 14:41:54.362296+01,gold_establishments_2025,,,,21140614500014,2025,Collectivité Territoriale,Commune,['Calvados'],['Normandie'],COM,{14},{28}
9c826502-ef6c-4a36-8510-28750124d6e8,216104190,Commune de Sainte-Marguerite-de-Carrouges (61),false,{61419},Commune,2026-03-24 14:42:05.597325+01,gold_establishments_2025,,,,21610419000014,2025,Collectivité Territoriale,Commune,['Orne'],['Normandie'],COM,{61},{28}
ea026438-e5e3-4360-b8f7-fedff2d87bba,217606086,Commune de Sainte-Marguerite-sur-Duclair (76),false,{76608},Commune,2026-03-24 14:42:08.818969+01,gold_establishments_2025,,,,21760608600015,2025,Collectivité Territoriale,Commune,['Seine-Maritime'],['Normandie'],COM,{76},{28}
9bc145cb-bb96-4c45-8ea5-2f5c4219c3f1,217606052,Commune de Sainte-Marguerite-sur-Mer (76),false,{76605},Commune,2026-03-24 14:42:08.818969+01,gold_establishments_2025,,,,21760605200017,2025,Collectivité Territoriale,Commune,['Seine-Maritime'],['Normandie'],COM,{76},{28}
93d024bb-553a-4f20-b54d-aa7e14d57ace,210803532,Commune de Sainte-Marie (08),false,{08390},Commune,2026-03-24 14:41:53.095366+01,gold_establishments_2025,,,,21080353200014,2025,Collectivité Territoriale,Commune,['Ardennes'],['Grand Est'],COM,{08},{44}
c1cf696b-0bf1-4738-a6c1-f060e740fd2b,211501986,Commune de Sainte-Marie (15),false,{15198},Commune,2026-03-24 14:41:54.362296+01,gold_establishments_2025,,,,21150198600015,2025,Collectivité Territoriale,Commune,['Cantal'],['Auvergne-Rhône-Alpes'],COM,{15},{84}
dffefcee-faf3-44fa-85c9-80126968cc01,212505234,Commune de Sainte-Marie (25),false,{25523},Commune,2026-03-24 14:41:56.495197+01,gold_establishments_2025,,,,21250523400014,2025,Collectivité Territoriale,Commune,['Doubs'],['Bourgogne-Franche-Comté'],COM,{25},{27}
64b94837-bce3-496a-8c57-eca82eff03dc,213203888,Commune de Sainte-Marie (32),false,{32388},Commune,2026-03-24 14:41:58.09424+01,gold_establishments_2025,,,,21320388800010,2025,Collectivité Territoriale,Commune,['Gers'],['Occitanie'],COM,{32},{76}
279de5f5-77b9-423d-bde4-1a5d1e7764b9,213502941,Commune de Sainte-Marie (35),false,{35294},Commune,2026-03-24 14:41:59.160244+01,gold_establishments_2025,,,,21350294100015,2025,Collectivité Territoriale,Commune,['Ille-et-Vilaine'],['Bretagne'],COM,{35},{53}
7f968122-3167-4398-9ff6-b8ad70eb2e78,215802539,Commune de Sainte-Marie (58),false,{58253},Commune,2026-03-24 14:42:04.280096+01,gold_establishments_2025,,,,21580253900019,2025,Collectivité Territoriale,Commune,['Nièvre'],['Bourgogne-Franche-Comté'],COM,{58},{27}
085dac9f-7d50-4bd0-bc97-c5bed3778404,216503912,Commune de Sainte-Marie (65),false,{65391},Commune,2026-03-24 14:42:06.665412+01,gold_establishments_2025,,,,21650391200018,2025,Collectivité Territoriale,Commune,['Hautes-Pyrénées'],['Occitanie'],COM,{65},{76}
b7a86258-8226-4d6a-95eb-0987e9f25a67,219722287,Commune de Sainte-Marie (972),false,{97228},Commune,2026-03-24 14:42:11.659493+01,gold_establishments_2025,,,,21972228700014,2025,Collectivité Territoriale,Commune,['Martinique'],['Martinique'],COM,{972},{02}
994df80f-0094-4626-95c4-96979ece8700,219740180,Commune de Sainte-Marie (974),false,{97418},Commune,2026-03-24 14:42:11.659493+01,gold_establishments_2025,,,,21974018000019,2025,Collectivité Territoriale,Commune,['La Réunion'],['La Réunion'],COM,{974},{04}
ada0cd1a-0246-4a7b-b132-8aaf2010afb7,215905365,Commune de Sainte-Marie-Cappel (59),false,{59536},Commune,2026-03-24 14:42:04.814328+01,gold_establishments_2025,,,,21590536500015,2025,Collectivité Territoriale,Commune,['Nord'],['Hauts-de-France'],COM,{59},{32}
efe84e1c-4807-4121-a1e3-bebac3b56ffd,216207563,Commune de Sainte-Marie-Kerque (62),false,{62756},Commune,2026-03-24 14:42:06.130387+01,gold_establishments_2025,,,,21620756300018,2025,Collectivité Territoriale,Commune,['Pas-de-Calais'],['Hauts-de-France'],COM,{62},{32}
ef52daee-c20a-406e-b829-dc1b8a2de090,211921903,Commune de Sainte-Marie-Lapanouze (19),false,{19219},Commune,2026-03-24 14:41:55.433389+01,gold_establishments_2025,,,,21192190300012,2025,Collectivité Territoriale,Commune,['Corrèze'],['Nouvelle-Aquitaine'],COM,{19},{75}
4bc3558a-5cb2-486d-9b47-1dff5fdac5ee,211406194,Commune de Sainte-Marie-Outre-l'Eau (14),false,{14619},Commune,2026-03-24 14:41:54.362296+01,gold_establishments_2025,,,,21140619400012,2025,Collectivité Territoriale,Commune,['Calvados'],['Normandie'],COM,{14},{28}
8e33731e-9e95-4cf6-9cf4-15646f468c9c,217606094,Commune de Sainte-Marie-au-Bosc (76),false,{76609},Commune,2026-03-24 14:42:08.818969+01,gold_establishments_2025,,,,21760609400019,2025,Collectivité Territoriale,Commune,['Seine-Maritime'],['Normandie'],COM,{76},{28}
c9aa84fb-4ea1-45ae-9638-667003ae32b1,215706201,Commune de Sainte-Marie-aux-Chênes (57),false,{57620},Commune,2026-03-24 14:42:04.280096+01,gold_establishments_2025,,,,21570620100013,2025,Collectivité Territoriale,Commune,['Moselle'],['Grand Est'],COM,{57},{44}
de0c68d0-f699-450f-9633-f94777e0a815,216802983,Commune de Sainte-Marie-aux-Mines (68),false,{68298},Commune,2026-03-24 14:42:07.195692+01,gold_establishments_2025,,,,21680298300017,2025,Collectivité Territoriale,Commune,['Haut-Rhin'],['Grand Est'],COM,{68},{44}
a47c5d8c-e3f9-44c8-93bc-49098cc24ed8,213804172,Commune de Sainte-Marie-d'Alloix (38),false,{38417},Commune,2026-03-24 14:41:59.705606+01,gold_establishments_2025,,,,21380417200012,2025,Collectivité Territoriale,Commune,['Isère'],['Auvergne-Rhône-Alpes'],COM,{38},{84}
197c9606-ffe6-49e8-9756-d8f054e87663,217302546,Commune de Sainte-Marie-d'Alvey (73),false,{73254},Commune,2026-03-24 14:42:08.279287+01,gold_establishments_2025,,,,21730254600015,2025,Collectivité Territoriale,Commune,['Savoie'],['Auvergne-Rhône-Alpes'],COM,{73},{84}
556772f2-8706-4e5d-a982-148633adf03b,200056257,Commune de Sainte-Marie-d'Attez (27),false,{27578},Commune,2026-03-24 14:41:57.028721+01,gold_establishments_2025,,,,20005625700013,2025,Collectivité Territoriale,Commune,['Eure'],['Normandie'],COM,{27},{28}
1549ccf1-f406-4ea5-ab2f-fe0566b577d3,217302553,Commune de Sainte-Marie-de-Cuines (73),false,{73255},Commune,2026-03-24 14:42:08.279287+01,gold_establishments_2025,,,,21730255300011,2025,Collectivité Territoriale,Commune,['Savoie'],['Auvergne-Rhône-Alpes'],COM,{73},{84}
285021ad-00e7-4631-a313-3af6c97f138f,214002719,Commune de Sainte-Marie-de-Gosse (40),false,{40271},Commune,2026-03-24 14:41:59.705606+01,gold_establishments_2025,,,,21400271900018,2025,Collectivité Territoriale,Commune,['Landes'],['Nouvelle-Aquitaine'],COM,{40},{75}
911a6414-5d1a-4f7e-a824-da994dc62ccd,211703608,Commune de Sainte-Marie-de-Ré (17),false,{17360},Commune,2026-03-24 14:41:54.903238+01,gold_establishments_2025,,,,21170360800011,2025,Collectivité Territoriale,Commune,['Charente-Maritime'],['Nouvelle-Aquitaine'],COM,{17},{75}
1472b105-10e8-4677-b0a1-6bf6f86d689b,212705677,Commune de Sainte-Marie-de-Vatimesnil (27),false,{27567},Commune,2026-03-24 14:41:57.028721+01,gold_establishments_2025,,,,21270567700012,2025,Collectivité Territoriale,Commune,['Eure'],['Normandie'],COM,{27},{28}
757624bb-fbf3-40f7-9f47-1841f07bf5fd,218716207,Commune de Sainte-Marie-de-Vaux (87),false,{87162},Commune,2026-03-24 14:42:11.118516+01,gold_establishments_2025,,,,21871620700012,2025,Collectivité Territoriale,Commune,['Haute-Vienne'],['Nouvelle-Aquitaine'],COM,{87},{75}
e75eeeee-3b02-4379-ad36-ec301a96c20f,217606102,Commune de Sainte-Marie-des-Champs (76),false,{76610},Commune,2026-03-24 14:42:08.818969+01,gold_establishments_2025,,,,21760610200010,2025,Collectivité Territoriale,Commune,['Seine-Maritime'],['Normandie'],COM,{76},{28}
b89aad8d-4eb2-4f43-ac4d-c04cb2520db8,215302357,Commune de Sainte-Marie-du-Bois (53),false,{53235},Commune,2026-03-24 14:42:02.957225+01,gold_establishments_2025,,,,21530235700011,2025,Collectivité Territoriale,Commune,['Mayenne'],['Pays de la Loire'],COM,{53},{52}
8008df7e-d924-4b84-b7f1-f4e39a9607b7,215102583,Commune de Sainte-Marie-du-Lac-Nuisement (51),false,{51277},Commune,2026-03-24 14:42:01.954481+01,gold_establishments_2025,,,,21510258300055,2025,Collectivité Territoriale,Commune,['Marne'],['Grand Est'],COM,{51},{44}
c45f9f4a-ff7e-499c-b5f2-df8c3c307f1a,213804180,Commune de Sainte-Marie-du-Mont (38),false,{38418},Commune,2026-03-24 14:41:59.705606+01,gold_establishments_2025,,,,21380418000015,2025,Collectivité Territoriale,Commune,['Isère'],['Auvergne-Rhône-Alpes'],COM,{38},{84}
56ae1af9-a94b-4cc0-9e19-a82f6931d1ad,215005091,Commune de Sainte-Marie-du-Mont (50),false,{50509},Commune,2026-03-24 14:42:01.412377+01,gold_establishments_2025,,,,21500509100016,2025,Collectivité Territoriale,Commune,['Manche'],['Normandie'],COM,{50},{28}
634a6adc-47f2-4494-b6cd-95d3c1e11eb9,217004696,Commune de Sainte-Marie-en-Chanois (70),false,{70469},Commune,2026-03-24 14:42:07.735343+01,gold_establishments_2025,,,,21700469600019,2025,Collectivité Territoriale,Commune,['Haute-Saône'],['Bourgogne-Franche-Comté'],COM,{70},{27}
646289ec-165b-4dda-8383-691e543bb0ca,217004704,Commune de Sainte-Marie-en-Chaux (70),false,{70470},Commune,2026-03-24 14:42:07.735343+01,gold_establishments_2025,,,,21700470400011,2025,Collectivité Territoriale,Commune,['Haute-Saône'],['Bourgogne-Franche-Comté'],COM,{70},{27}
7c648748-ba62-4401-b102-a912e6d225b6,212105589,Commune de Sainte-Marie-la-Blanche (21),false,{21558},Commune,2026-03-24 14:41:55.433389+01,gold_establishments_2025,,,,21210558900015,2025,Collectivité Territoriale,Commune,"[""Côte-d'Or""]",['Bourgogne-Franche-Comté'],COM,{21},{27}
28f2a61e-5a17-4498-85b0-39d110bf92a8,216601823,Commune de Sainte-Marie-la-Mer (66),false,{66182},Commune,2026-03-24 14:42:06.665412+01,gold_establishments_2025,,,,21660182300018,2025,Collectivité Territoriale,Commune,['Pyrénées-Orientales'],['Occitanie'],COM,{66},{76}
44046d39-1bf1-4e21-b7b0-8c4d720e2904,216104208,Commune de Sainte-Marie-la-Robert (61),false,{61420},Commune,2026-03-24 14:42:05.597325+01,gold_establishments_2025,,,,21610420800014,2025,Collectivité Territoriale,Commune,['Orne'],['Normandie'],COM,{61},{28}
75d5e14c-b47f-4c93-aa98-3995c7ef053e,212105597,Commune de Sainte-Marie-sur-Ouche (21),false,{21559},Commune,2026-03-24 14:41:55.433389+01,gold_establishments_2025,,,,21210559700018,2025,Collectivité Territoriale,Commune,"[""Côte-d'Or""]",['Bourgogne-Franche-Comté'],COM,{21},{27}
33951af9-ae37-4153-ae51-f86c47229802,215104647,Commune de Sainte-Marie-à-Py (51),false,{51501},Commune,2026-03-24 14:42:01.954481+01,gold_establishments_2025,,,,21510464700015,2025,Collectivité Territoriale,Commune,['Marne'],['Grand Est'],COM,{51},{44}
a219e79f-e6c9-476c-9693-898d47ca87ac,212705685,Commune de Sainte-Marthe (27),false,{27568},Commune,2026-03-24 14:41:57.028721+01,gold_establishments_2025,,,,21270568500015,2025,Collectivité Territoriale,Commune,['Eure'],['Normandie'],COM,{27},{28}
2b37e0f6-c535-4e64-835b-d51573382334,214702532,Commune de Sainte-Marthe (47),false,{47253},Commune,2026-03-24 14:42:00.862623+01,gold_establishments_2025,,,,21470253200018,2025,Collectivité Territoriale,Commune,['Lot-et-Garonne'],['Nouvelle-Aquitaine'],COM,{47},{75}
85ba1b30-c231-4ba8-8c5c-491577f78fe3,211003413,Commune de Sainte-Maure (10),false,{10352},Commune,2026-03-24 14:41:53.095366+01,gold_establishments_2025,,,,21100341300013,2025,Collectivité Territoriale,Commune,['Aube'],['Grand Est'],COM,{10},{44}
26ad5fec-c905-4e3f-88d3-cb9f5a1e0a1b,214702581,Commune de Sainte-Maure-de-Peyriac (47),false,{47258},Commune,2026-03-24 14:42:00.862623+01,gold_establishments_2025,,,,21470258100015,2025,Collectivité Territoriale,Commune,['Lot-et-Garonne'],['Nouvelle-Aquitaine'],COM,{47},{75}
09e3154e-8143-41c7-be2f-a603752ef61d,213702269,Commune de Sainte-Maure-de-Touraine (37),false,{37226},Commune,2026-03-24 14:41:59.160244+01,gold_establishments_2025,,,,21370226900019,2025,Collectivité Territoriale,Commune,['Indre-et-Loire'],['Centre-Val de Loire'],COM,{37},{24}
0254cf40-d417-461b-b6c6-663441706d1b,218301158,Commune de Sainte-Maxime (83),false,{83115},Commune,2026-03-24 14:42:10.508772+01,gold_establishments_2025,,,,21830115800018,2025,Collectivité Territoriale,Commune,['Var'],"[""Provence-Alpes-Côte d'Azur""]",COM,{83},{93}
71e6cb02-0d54-4fe4-af98-d48797b08161,215104712,Commune de Sainte-Menehould (51),false,{51507},Commune,2026-03-24 14:42:01.954481+01,gold_establishments_2025,,,,21510471200017,2025,Collectivité Territoriale,Commune,['Marne'],['Grand Est'],COM,{51},{44}
116345b0-428a-4ec4-932b-fd3c8a13cffc,217805696,Commune de Sainte-Mesme (78),false,{78569},Commune,2026-03-24 14:42:09.43682+01,gold_establishments_2025,,,,21780569600010,2025,Collectivité Territoriale,Commune,['Yvelines'],['Île-de-France'],COM,{78},{11}
3357bb85-df23-4941-99ed-4d2c3c2f72ab,212404701,Commune de Sainte-Mondane (24),false,{24470},Commune,2026-03-24 14:41:55.958138+01,gold_establishments_2025,,,,21240470100014,2025,Collectivité Territoriale,Commune,['Dordogne'],['Nouvelle-Aquitaine'],COM,{24},{75}
6393121f-32be-4e93-ba82-3df49d9368c7,211802277,Commune de Sainte-Montaine (18),false,{18227},Commune,2026-03-24 14:41:54.903238+01,gold_establishments_2025,,,,21180227700015,2025,Collectivité Territoriale,Commune,['Cher'],['Centre-Val de Loire'],COM,{18},{24}
77063df7-ff88-4526-9adb-5f88db9d595b,213203953,Commune de Sainte-Mère (32),false,{32395},Commune,2026-03-24 14:41:58.09424+01,gold_establishments_2025,,,,21320395300012,2025,Collectivité Territoriale,Commune,['Gers'],['Occitanie'],COM,{32},{76}
9d0a6e79-33fa-40ad-b5be-dc47da846c8f,200087138,Commune de Sainte-Mère-Église (50),false,{50523},Commune,2026-03-24 14:42:01.412377+01,gold_establishments_2025,,,,20008713800018,2025,Collectivité Territoriale,Commune,['Manche'],['Normandie'],COM,{50},{28}
a45bc78a-7747-4165-8e5a-95dc47b57a15,211703749,Commune de Sainte-Même (17),false,{17374},Commune,2026-03-24 14:41:54.903238+01,gold_establishments_2025,,,,21170374900013,2025,Collectivité Territoriale,Commune,['Charente-Maritime'],['Nouvelle-Aquitaine'],COM,{17},{75}
6c59f10c-77b2-4a7d-ae74-0ad0838459a0,212404719,Commune de Sainte-Nathalène (24),false,{24471},Commune,2026-03-24 14:41:55.958138+01,gold_establishments_2025,,,,21240471900016,2025,Collectivité Territoriale,Commune,['Dordogne'],['Nouvelle-Aquitaine'],COM,{24},{75}
8a179024-f2f0-47b1-9d65-360ce3cc5a76,217902832,Commune de Sainte-Néomaye (79),false,{79283},Commune,2026-03-24 14:42:09.43682+01,gold_establishments_2025,,,,21790283200013,2025,Collectivité Territoriale,Commune,['Deux-Sèvres'],['Nouvelle-Aquitaine'],COM,{79},{75}
26514594-ab4d-4b86-b3b4-e5b165571087,210103826,Commune de Sainte-Olive (01),false,{01382},Commune,2026-03-24 14:41:51.447482+01,gold_establishments_2025,,,,21010382600017,2025,Collectivité Territoriale,Commune,['Ain'],['Auvergne-Rhône-Alpes'],COM,{01},{84}
091dd2c6-a080-4e0b-9d44-dac1b371ce93,216104364,Commune de Sainte-Opportune (61),false,{61436},Commune,2026-03-24 14:42:05.597325+01,gold_establishments_2025,,,,21610436400015,2025,Collectivité Territoriale,Commune,['Orne'],['Normandie'],COM,{61},{28}
26134d1e-16a0-4124-81a6-8f76f62324ec,212705768,Commune de Sainte-Opportune-du-Bosc (27),false,{27576},Commune,2026-03-24 14:41:57.028721+01,gold_establishments_2025,,,,21270576800019,2025,Collectivité Territoriale,Commune,['Eure'],['Normandie'],COM,{27},{28}
8e0be468-c79e-4b7d-a71d-441ceb1781ba,212705776,Commune de Sainte-Opportune-la-Mare (27),false,{27577},Commune,2026-03-24 14:41:57.028721+01,gold_establishments_2025,,,,21270577600012,2025,Collectivité Territoriale,Commune,['Eure'],['Normandie'],COM,{27},{28}
2ef24b48-72df-40f9-ba8f-a21235966b3e,212404735,Commune de Sainte-Orse (24),false,{24473},Commune,2026-03-24 14:41:55.958138+01,gold_establishments_2025,,,,21240473500012,2025,Collectivité Territoriale,Commune,['Dordogne'],['Nouvelle-Aquitaine'],COM,{24},{75}
d4b2e9e8-f09d-4860-acdf-4a66958c8ebd,217902840,Commune de Sainte-Ouenne (79),false,{79284},Commune,2026-03-24 14:42:09.43682+01,gold_establishments_2025,,,,21790284000016,2025,Collectivité Territoriale,Commune,['Deux-Sèvres'],['Nouvelle-Aquitaine'],COM,{79},{75}
5b03651c-aaf1-48d2-a5d0-8aca3b5d5ce7,218903631,Commune de Sainte-Pallaye (89),false,{89363},Commune,2026-03-24 14:42:11.659493+01,gold_establishments_2025,,,,21890363100016,2025,Collectivité Territoriale,Commune,['Yonne'],['Bourgogne-Franche-Comté'],COM,{89},{27}
84d6fada-d6e2-47cf-b389-1a072885a882,216902304,Commune de Sainte-Paule (69),false,{69230},Commune,2026-03-24 14:42:07.735343+01,gold_establishments_2025,,,,21690230400015,2025,Collectivité Territoriale,Commune,['Rhône'],['Auvergne-Rhône-Alpes'],COM,{69},{84}
888a9a93-2a40-4a6f-a828-bc11bcfa5286,214401861,Commune de Sainte-Pazanne (44),false,{44186},Commune,2026-03-24 14:42:00.862623+01,gold_establishments_2025,,,,21440186100015,2025,Collectivité Territoriale,Commune,['Loire-Atlantique'],['Pays de la Loire'],COM,{44},{52}
595fe03c-7a8a-429f-9e90-e4f82d151349,218502615,Commune de Sainte-Pexine (85),false,{85261},Commune,2026-03-24 14:42:10.508772+01,gold_establishments_2025,,,,21850261500014,2025,Collectivité Territoriale,Commune,['Vendée'],['Pays de la Loire'],COM,{85},{52}
e14902a7-a739-4270-a9da-008d35082850,210206652,Commune de Sainte-Preuve (02),false,{02690},Commune,2026-03-24 14:41:52.020251+01,gold_establishments_2025,,,,21020665200013,2025,Collectivité Territoriale,Commune,['Aisne'],['Hauts-de-France'],COM,{02},{32}
11aef946-3e19-4272-9c01-7999317bb3f7,215404849,Commune de Sainte-Pôle (54),false,{54484},Commune,2026-03-24 14:42:02.957225+01,gold_establishments_2025,,,,21540484900014,2025,Collectivité Territoriale,Commune,['Meurthe-et-Moselle'],['Grand Est'],COM,{54},{44}
9b6f7933-62ca-4706-a066-0bf8c10b203e,211202411,Commune de Sainte-Radegonde (12),false,{12241},Commune,2026-03-24 14:41:53.63825+01,gold_establishments_2025,,,,21120241100016,2025,Collectivité Territoriale,Commune,['Aveyron'],['Occitanie'],COM,{12},{76}
bf218f09-a76b-4b98-a037-895f267b6e87,211703897,Commune de Sainte-Radegonde (17),false,{17389},Commune,2026-03-24 14:41:54.903238+01,gold_establishments_2025,,,,21170389700010,2025,Collectivité Territoriale,Commune,['Charente-Maritime'],['Nouvelle-Aquitaine'],COM,{17},{75}
5852b531-add2-4485-9f5f-a57b039fbfcc,212404925,Commune de Sainte-Radegonde (24),false,{24492},Commune,2026-03-24 14:41:55.958138+01,gold_establishments_2025,,,,21240492500019,2025,Collectivité Territoriale,Commune,['Dordogne'],['Nouvelle-Aquitaine'],COM,{24},{75}
460ddb82-c124-446c-a107-ba8c1634bcc1,213204050,Commune de Sainte-Radegonde (32),false,{32405},Commune,2026-03-24 14:41:58.09424+01,gold_establishments_2025,,,,21320405000016,2025,Collectivité Territoriale,Commune,['Gers'],['Occitanie'],COM,{32},{76}
c06c7835-0eb1-4c43-af6f-be050e7128f7,213304686,Commune de Sainte-Radegonde (33),false,{33468},Commune,2026-03-24 14:41:58.620411+01,gold_establishments_2025,,,,21330468600016,2025,Collectivité Territoriale,Commune,['Gironde'],['Nouvelle-Aquitaine'],COM,{33},{75}
b68f4325-1c97-44f5-a34b-e182cfaf163d,217104744,Commune de Sainte-Radegonde (71),false,{71474},Commune,2026-03-24 14:42:08.279287+01,gold_establishments_2025,,,,21710474400016,2025,Collectivité Territoriale,Commune,['Saône-et-Loire'],['Bourgogne-Franche-Comté'],COM,{71},{27}
6b360d64-36fa-4113-8147-5535f5d383f2,218602399,Commune de Sainte-Radégonde (86),false,{86239},Commune,2026-03-24 14:42:10.508772+01,gold_establishments_2025,,,,21860239900014,2025,Collectivité Territoriale,Commune,['Vienne'],['Nouvelle-Aquitaine'],COM,{86},{75}
067ada26-141e-4acc-beb4-1bf612e5ac70,218502672,Commune de Sainte-Radégonde-des-Noyers (85),false,{85267},Commune,2026-03-24 14:42:10.508772+01,gold_establishments_2025,,,,21850267200015,2025,Collectivité Territoriale,Commune,['Vendée'],['Pays de la Loire'],COM,{85},{52}
f59ff0d9-8273-42b9-acdf-731956ca65df,211703905,Commune de Sainte-Ramée (17),false,{17390},Commune,2026-03-24 14:41:54.903238+01,gold_establishments_2025,,,,21170390500011,2025,Collectivité Territoriale,Commune,['Charente-Maritime'],['Nouvelle-Aquitaine'],COM,{17},{75}
75b2f2aa-495f-48e7-aef6-76bf51457dab,217004712,Commune de Sainte-Reine (70),false,{70471},Commune,2026-03-24 14:42:07.735343+01,gold_establishments_2025,,,,21700471200014,2025,Collectivité Territoriale,Commune,['Haute-Saône'],['Bourgogne-Franche-Comté'],COM,{70},{27}
86700e79-9ee7-4cc7-93f3-6e4ec9349fb3,217302777,Commune de Sainte-Reine (73),false,{73277},Commune,2026-03-24 14:42:08.279287+01,gold_establishments_2025,,,,21730277700016,2025,Collectivité Territoriale,Commune,['Savoie'],['Auvergne-Rhône-Alpes'],COM,{73},{84}
b5dc5f47-f162-4261-9eda-8610493e5d79,214401895,Commune de Sainte-Reine-de-Bretagne (44),false,{44189},Commune,2026-03-24 14:42:00.862623+01,gold_establishments_2025,,,,21440189500013,2025,Collectivité Territoriale,Commune,['Loire-Atlantique'],['Pays de la Loire'],COM,{44},{52}
725d969a-88ee-4201-8fa7-c519df068600,219711298,Commune de Sainte-Rose (971),false,{97129},Commune,2026-03-24 14:42:11.659493+01,gold_establishments_2025,,,,21971129800014,2025,Collectivité Territoriale,Commune,['Guadeloupe'],['Guadeloupe'],COM,{971},{01}
24a46bf9-e618-4c3b-ad8f-85b718876114,219740198,Commune de Sainte-Rose (974),false,{97419},Commune,2026-03-24 14:42:11.659493+01,gold_establishments_2025,,,,21974019800011,2025,Collectivité Territoriale,Commune,['La Réunion'],['La Réunion'],COM,{974},{04}
a769425f-a073-4f21-a197-c045f91f2745,215706243,Commune de Sainte-Ruffine (57),false,{57624},Commune,2026-03-24 14:42:04.280096+01,gold_establishments_2025,,,,21570624300056,2025,Collectivité Territoriale,Commune,['Moselle'],['Grand Est'],COM,{57},{44}
27e84981-e0c6-4898-9e07-624a18527bc3,212105704,Commune de Sainte-Sabine (21),false,{21570},Commune,2026-03-24 14:41:55.433389+01,gold_establishments_2025,,,,21210570400010,2025,Collectivité Territoriale,Commune,"[""Côte-d'Or""]",['Bourgogne-Franche-Comté'],COM,{21},{27}
7681b7de-cc05-46c2-990c-7c0a462a3d0f,217203199,Commune de Sainte-Sabine-sur-Longève (72),false,{72319},Commune,2026-03-24 14:42:08.279287+01,gold_establishments_2025,,,,21720319900013,2025,Collectivité Territoriale,Commune,['Sarthe'],['Pays de la Loire'],COM,{72},{52}
e201f6d6-22a4-4005-b788-560ec3385f1c,211003512,Commune de Sainte-Savine (10),false,{10362},Commune,2026-03-24 14:41:53.095366+01,gold_establishments_2025,,,,21100351200178,2025,Collectivité Territoriale,Commune,['Aube'],['Grand Est'],COM,{10},{44}
7cacfee4-5021-4d41-bf92-7981fcb41268,216104547,Commune de Sainte-Scolasse-sur-Sarthe (61),false,{61454},Commune,2026-03-24 14:42:05.597325+01,gold_establishments_2025,,,,21610454700015,2025,Collectivité Territoriale,Commune,['Orne'],['Normandie'],COM,{61},{28}
e7ca9fcd-462d-4c04-98b1-6742e0a14c97,218006765,Commune de Sainte-Segrée (80),false,{80719},Commune,2026-03-24 14:42:09.967209+01,gold_establishments_2025,,,,21800676500018,2025,Collectivité Territoriale,Commune,['Somme'],['Hauts-de-France'],COM,{80},{32}
435fb534-87fc-4151-8016-d55dd1f39331,214302242,Commune de Sainte-Sigolène (43),false,{43224},Commune,2026-03-24 14:42:00.273698+01,gold_establishments_2025,,,,21430224200018,2025,Collectivité Territoriale,Commune,['Haute-Loire'],['Auvergne-Rhône-Alpes'],COM,{43},{84}
e6dc1c7b-6a5d-4c57-9d5f-5740431ece6c,211802350,Commune de Sainte-Solange (18),false,{18235},Commune,2026-03-24 14:41:54.903238+01,gold_establishments_2025,,,,21180235000010,2025,Collectivité Territoriale,Commune,['Cher'],['Centre-Val de Loire'],COM,{18},{24}
e8a16a66-d1b4-4b51-9baf-c0f8f1984949,217902972,Commune de Sainte-Soline (79),false,{79297},Commune,2026-03-24 14:42:09.43682+01,gold_establishments_2025,,,,21790297200041,2025,Collectivité Territoriale,Commune,['Deux-Sèvres'],['Nouvelle-Aquitaine'],COM,{79},{75}
b56d8ebc-840d-4894-83bc-d5f6ecfedc6d,211603543,Commune de Sainte-Souline (16),false,{16354},Commune,2026-03-24 14:41:54.362296+01,gold_establishments_2025,,,,21160354300011,2025,Collectivité Territoriale,Commune,['Charente'],['Nouvelle-Aquitaine'],COM,{16},{75}
989c692f-8219-4457-ac1f-30b7f4d9ea51,211704077,Commune de Sainte-Soulle (17),false,{17407},Commune,2026-03-24 14:41:54.903238+01,gold_establishments_2025,,,,21170407700018,2025,Collectivité Territoriale,Commune,['Charente-Maritime'],['Nouvelle-Aquitaine'],COM,{17},{75}
c5d63ddf-1c67-4b42-8971-58680835a22c,210903423,Commune de Sainte-Suzanne (09),false,{09342},Commune,2026-03-24 14:41:53.095366+01,gold_establishments_2025,,,,21090342300015,2025,Collectivité Territoriale,Commune,['Ariège'],['Occitanie'],COM,{09},{76}
22ffff0b-c9ac-4d7b-9754-a5321934334d,212505267,Commune de Sainte-Suzanne (25),false,{25526},Commune,2026-03-24 14:41:56.495197+01,gold_establishments_2025,,,,21250526700014,2025,Collectivité Territoriale,Commune,['Doubs'],['Bourgogne-Franche-Comté'],COM,{25},{27}
02eca4a0-cb2e-47c7-90f5-30320baff34e,219740206,Commune de Sainte-Suzanne (974),false,{97420},Commune,2026-03-24 14:42:11.659493+01,gold_establishments_2025,,,,21974020600012,2025,Collectivité Territoriale,Commune,['La Réunion'],['La Réunion'],COM,{974},{04}
f0ba5135-3173-4a6b-b8b9-c85f9cb1043b,200054716,Commune de Sainte-Suzanne-et-Chammes (53),false,{53255},Commune,2026-03-24 14:42:02.957225+01,gold_establishments_2025,,,,20005471600093,2025,Collectivité Territoriale,Commune,['Mayenne'],['Pays de la Loire'],COM,{53},{52}
bf5cc040-75a2-444c-b8e5-e49545d43d27,215005562,Commune de Sainte-Suzanne-sur-Vire (50),false,{50556},Commune,2026-03-24 14:42:01.412377+01,gold_establishments_2025,,,,21500556200016,2025,Collectivité Territoriale,Commune,['Manche'],['Normandie'],COM,{50},{28}
c3c8c591-1d20-4a1c-ae5b-03037bbf5716,212902654,Commune de Sainte-Sève (29),false,{29265},Commune,2026-03-24 14:41:57.56054+01,gold_establishments_2025,,,,21290265400012,2025,Collectivité Territoriale,Commune,['Finistère'],['Bretagne'],COM,{29},{53}
b149f41c-96b5-4b95-992a-54b366cf0aa4,211603493,Commune de Sainte-Sévère (16),false,{16349},Commune,2026-03-24 14:41:54.362296+01,gold_establishments_2025,,,,21160349300019,2025,Collectivité Territoriale,Commune,['Charente'],['Nouvelle-Aquitaine'],COM,{16},{75}
05b0201b-2e4f-46c4-87ae-d4c4b8f669b1,213602089,Commune de Sainte-Sévère-sur-Indre (36),false,{36208},Commune,2026-03-24 14:41:59.160244+01,gold_establishments_2025,,,,21360208900012,2025,Collectivité Territoriale,Commune,['Indre'],['Centre-Val de Loire'],COM,{36},{24}
5640bd56-1cae-4959-aeec-7f77674a3d4d,213304850,Commune de Sainte-Terre (33),false,{33485},Commune,2026-03-24 14:41:58.620411+01,gold_establishments_2025,,,,21330485000018,2025,Collectivité Territoriale,Commune,['Gironde'],['Nouvelle-Aquitaine'],COM,{33},{75}
cafa832c-2104-48f4-b9fe-313f7a522448,211802376,Commune de Sainte-Thorette (18),false,{18237},Commune,2026-03-24 14:41:54.903238+01,gold_establishments_2025,,,,21180237600015,2025,Collectivité Territoriale,Commune,['Cher'],['Centre-Val de Loire'],COM,{18},{24}
08bf79bf-3627-42ac-8c0c-5fac9da5ae4e,210302618,Commune de Sainte-Thérence (03),false,{03261},Commune,2026-03-24 14:41:52.020251+01,gold_establishments_2025,,,,21030261800017,2025,Collectivité Territoriale,Commune,['Allier'],['Auvergne-Rhône-Alpes'],COM,{03},{84}
a4b02063-fd71-4430-840c-3b2d954f6013,212405070,Commune de Sainte-Trie (24),false,{24507},Commune,2026-03-24 14:41:55.958138+01,gold_establishments_2025,,,,21240507000013,2025,Collectivité Territoriale,Commune,['Dordogne'],['Nouvelle-Aquitaine'],COM,{24},{75}
aa55a455-2920-4575-a702-e04c736edc25,212203319,Commune de Sainte-Tréphine (22),false,{22331},Commune,2026-03-24 14:41:55.958138+01,gold_establishments_2025,,,,21220331900018,2025,Collectivité Territoriale,Commune,"[""Côtes-d'Armor""]",['Bretagne'],COM,{22},{53}
fa5cea8d-c9c0-4e1d-b786-d4951efbfd50,210401972,Commune de Sainte-Tulle (04),false,{04197},Commune,2026-03-24 14:41:52.562531+01,gold_establishments_2025,,,,21040197200018,2025,Collectivité Territoriale,Commune,['Alpes-de-Haute-Provence'],"[""Provence-Alpes-Côte d'Azur""]",COM,{04},{93}
437af23b-f64f-4158-a7d8-cba7c64da9ba,211103668,Commune de Sainte-Valière (11),false,{11366},Commune,2026-03-24 14:41:53.63825+01,gold_establishments_2025,,,,21110366800011,2025,Collectivité Territoriale,Commune,['Aude'],['Occitanie'],COM,{11},{76}
d7bbe26c-5799-45c2-90ef-7a927a744d19,210803615,Commune de Sainte-Vaubourg (08),false,{08398},Commune,2026-03-24 14:41:53.095366+01,gold_establishments_2025,,,,21080361500017,2025,Collectivité Territoriale,Commune,['Ardennes'],['Grand Est'],COM,{08},{44}
5686c356-4da3-4337-ba41-87411b9aef2d,217903004,Commune de Sainte-Verge (79),false,{79300},Commune,2026-03-24 14:42:09.43682+01,gold_establishments_2025,,,,21790300400018,2025,Collectivité Territoriale,Commune,['Deux-Sèvres'],['Nouvelle-Aquitaine'],COM,{79},{75}
766d6325-4ff4-4009-bcfa-9ad5b76cd48c,218903714,Commune de Sainte-Vertu (89),false,{89371},Commune,2026-03-24 14:42:11.659493+01,gold_establishments_2025,,,,21890371400010,2025,Collectivité Territoriale,Commune,['Yonne'],['Bourgogne-Franche-Comté'],COM,{89},{27}
c7e41315-777b-45b1-aa24-8215e57742dc,211704150,Commune de Saintes (17),false,{17415},Commune,2026-03-24 14:41:54.903238+01,gold_establishments_2025,,,,21170415000351,2025,Collectivité Territoriale,Commune,['Charente-Maritime'],['Nouvelle-Aquitaine'],COM,{17},{75}
f7565d5a-a300-4a41-afc4-bc1f88c71093,211300967,Commune de Saintes-Maries-de-la-Mer (13),false,{13096},Commune,2026-03-24 14:41:53.63825+01,gold_establishments_2025,,,,21130096700018,2025,Collectivité Territoriale,Commune,['Bouches-du-Rhône'],"[""Provence-Alpes-Côte d'Azur""]",COM,{13},{93}
11018680-b7bc-4afa-bebd-733223f00304,200086684,Commune de Saintigny (28),false,{28331},Commune,2026-03-24 14:41:57.028721+01,gold_establishments_2025,,,,20008668400012,2025,Collectivité Territoriale,Commune,['Eure-et-Loir'],['Centre-Val de Loire'],COM,{28},{24}
6510f28f-a376-41b0-be99-571c72c27eec,216005728,Commune de Saintines (60),false,{60578},Commune,2026-03-24 14:42:04.814328+01,gold_establishments_2025,,,,21600572800011,2025,Collectivité Territoriale,Commune,['Oise'],['Hauts-de-France'],COM,{60},{32}
84193b0f-2776-40b4-81a2-92b2f178e642,219105772,Commune de Saintry-sur-Seine (91),false,{91577},Commune,2026-03-24 14:42:11.659493+01,gold_establishments_2025,,,,21910577200012,2025,Collectivité Territoriale,Commune,['Essonne'],['Île-de-France'],COM,{91},{11}
72724ebb-6422-4efd-9a9d-63e22f885098,200059277,Commune de Saints-Geosmes (52),false,{52449},Commune,2026-03-24 14:42:01.954481+01,gold_establishments_2025,,,,20005927700018,2025,Collectivité Territoriale,Commune,['Haute-Marne'],['Grand Est'],COM,{52},{44}
02f38104-a79f-49a1-98b0-a06d632dc130,218903672,Commune de Saints-en-Puisaye (89),false,{89367},Commune,2026-03-24 14:42:11.659493+01,gold_establishments_2025,,,,21890367200010,2025,Collectivité Territoriale,Commune,['Yonne'],['Bourgogne-Franche-Comté'],COM,{89},{27}
67dc948d-b763-4632-be39-c80abb48aa26,212803639,Commune de Sainville (28),false,{28363},Commune,2026-03-24 14:41:57.028721+01,gold_establishments_2025,,,,21280363900013,2025,Collectivité Territoriale,Commune,['Eure-et-Loir'],['Centre-Val de Loire'],COM,{28},{24}
0f1094a3-8563-4860-aa43-f8ad763026b9,218602498,Commune de Saires (86),false,{86249},Commune,2026-03-24 14:42:11.118516+01,gold_establishments_2025,,,,21860249800014,2025,Collectivité Territoriale,Commune,['Vienne'],['Nouvelle-Aquitaine'],COM,{86},{75}
1962c3b2-76ca-4331-be4b-f612eb17673c,216104596,Commune de Saires-la-Verrerie (61),false,{61459},Commune,2026-03-24 14:42:05.597325+01,gold_establishments_2025,,,,21610459600012,2025,Collectivité Territoriale,Commune,['Orne'],['Normandie'],COM,{61},{28}
d4778ca9-ee87-4611-88a8-117806295f1f,211103676,Commune de Saissac (11),false,{11367},Commune,2026-03-24 14:41:53.63825+01,gold_establishments_2025,,,,21110367600014,2025,Collectivité Territoriale,Commune,['Aude'],['Occitanie'],COM,{11},{76}
3d54e4df-da6a-4133-b8dc-31f0cf6ee188,218006799,Commune de Saisseval (80),false,{80723},Commune,2026-03-24 14:42:09.967209+01,gold_establishments_2025,,,,21800679900017,2025,Collectivité Territoriale,Commune,['Somme'],['Hauts-de-France'],COM,{80},{32}
83254694-db06-4b36-8453-a2024b6703bd,217104934,Commune de Saisy (71),false,{71493},Commune,2026-03-24 14:42:08.279287+01,gold_establishments_2025,,,,21710493400013,2025,Collectivité Territoriale,Commune,['Saône-et-Loire'],['Bourgogne-Franche-Comté'],COM,{71},{27}
8a4c1d9d-e3f6-4084-a7aa-5beaa875f160,217903020,Commune de Saivres (79),false,{79302},Commune,2026-03-24 14:42:09.43682+01,gold_establishments_2025,,,,21790302000014,2025,Collectivité Territoriale,Commune,['Deux-Sèvres'],['Nouvelle-Aquitaine'],COM,{79},{75}
ee06cc72-8183-48b0-abef-1b2c2039192f,218602506,Commune de Saix (86),false,{86250},Commune,2026-03-24 14:42:11.118516+01,gold_establishments_2025,,,,21860250600014,2025,Collectivité Territoriale,Commune,['Vienne'],['Nouvelle-Aquitaine'],COM,{86},{75}
a5c44548-8f39-42f5-9a9c-f3fcb90b5d80,213904972,Commune de Saizenay (39),false,{39497},Commune,2026-03-24 14:41:59.705606+01,gold_establishments_2025,,,,21390497200014,2025,Collectivité Territoriale,Commune,['Jura'],['Bourgogne-Franche-Comté'],COM,{39},{27}
9b3a7ed8-b278-49d3-8efa-334088a28603,215404906,Commune de Saizerais (54),false,{54490},Commune,2026-03-24 14:42:02.957225+01,gold_establishments_2025,,,,21540490600012,2025,Collectivité Territoriale,Commune,['Meurthe-et-Moselle'],['Grand Est'],COM,{54},{44}
7ff7a208-6823-4765-bb11-63d909cca045,215802711,Commune de Saizy (58),false,{58271},Commune,2026-03-24 14:42:04.280096+01,gold_establishments_2025,,,,21580271100014,2025,Collectivité Territoriale,Commune,['Nièvre'],['Bourgogne-Franche-Comté'],COM,{58},{27}
e994e854-d43c-418c-9c9c-70d1ca1c3bd3,213105208,Commune de Sajas (31),false,{31520},Commune,2026-03-24 14:41:58.09424+01,gold_establishments_2025,,,,21310520800010,2025,Collectivité Territoriale,Commune,['Haute-Garonne'],['Occitanie'],COM,{31},{76}
54f157bc-617e-4ef2-b905-c50bdc582882,212405153,Commune de Salagnac (24),false,{24515},Commune,2026-03-24 14:41:55.958138+01,gold_establishments_2025,,,,21240515300017,2025,Collectivité Territoriale,Commune,['Dordogne'],['Nouvelle-Aquitaine'],COM,{24},{75}
39d30966-3eda-4033-8c23-3655cb4260f6,213804677,Commune de Salagnon (38),false,{38467},Commune,2026-03-24 14:41:59.705606+01,gold_establishments_2025,,,,21380467700010,2025,Collectivité Territoriale,Commune,['Isère'],['Auvergne-Rhône-Alpes'],COM,{38},{84}
d332ca05-a8f2-4170-a0d6-c1fc244fb1a7,213804685,Commune de Salaise-sur-Sanne (38),false,{38468},Commune,2026-03-24 14:41:59.705606+01,gold_establishments_2025,,,,21380468500013,2025,Collectivité Territoriale,Commune,['Isère'],['Auvergne-Rhône-Alpes'],COM,{38},{84}
cee00770-a596-41c9-9712-7eee4f09d69c,213904980,Commune de Salans (39),false,{39498},Commune,2026-03-24 14:41:59.705606+01,gold_establishments_2025,,,,21390498000017,2025,Collectivité Territoriale,Commune,['Jura'],['Bourgogne-Franche-Comté'],COM,{39},{27}
6d3b23a7-6eb6-41bd-8e99-40b4f8bc0239,213402928,Commune de Salasc (34),false,{34292},Commune,2026-03-24 14:41:58.620411+01,gold_establishments_2025,,,,21340292800013,2025,Collectivité Territoriale,Commune,['Hérault'],['Occitanie'],COM,{34},{76}
438c83c3-d91e-4fc0-87d4-a3962dcc8b16,213304942,Commune de Salaunes (33),false,{33494},Commune,2026-03-24 14:41:58.620411+01,gold_establishments_2025,,,,21330494200013,2025,Collectivité Territoriale,Commune,['Gironde'],['Nouvelle-Aquitaine'],COM,{33},{75}
2569b6f2-159b-4a3b-b7c4-d550c02d143e,210703047,Commune de Salavas (07),false,{07304},Commune,2026-03-24 14:41:52.562531+01,gold_establishments_2025,,,,21070304700014,2025,Collectivité Territoriale,Commune,['Ardèche'],['Auvergne-Rhône-Alpes'],COM,{07},{84}
9605b835-3399-434d-ac1a-38bbe94b3a31,210103917,Commune de Salavre (01),false,{01391},Commune,2026-03-24 14:41:51.447482+01,gold_establishments_2025,,,,21010391700014,2025,Collectivité Territoriale,Commune,['Ain'],['Auvergne-Rhône-Alpes'],COM,{01},{84}
ea104dfd-7011-4ccc-b8da-0142d09180ff,213003049,Commune de Salazac (30),false,{30304},Commune,2026-03-24 14:41:57.56054+01,gold_establishments_2025,,,,21300304900011,2025,Collectivité Territoriale,Commune,['Gard'],['Occitanie'],COM,{30},{76}
3b467976-2d78-4348-a638-f410e4129a91,219740214,Commune de Salazie (974),false,{97421},Commune,2026-03-24 14:42:11.659493+01,gold_establishments_2025,,,,21974021400016,2025,Collectivité Territoriale,Commune,['La Réunion'],['La Réunion'],COM,{974},{04}
82dd5597-7533-4b19-94c0-712ef96152d8,214102329,Commune de Salbris (41),false,{41232},Commune,2026-03-24 14:42:00.273698+01,gold_establishments_2025,,,,21410232900015,2025,Collectivité Territoriale,Commune,['Loir-et-Cher'],['Centre-Val de Loire'],COM,{41},{24}
15ba07d5-f408-4b30-a04d-8bdc321d6af7,213105216,Commune de Saleich (31),false,{31521},Commune,2026-03-24 14:41:58.09424+01,gold_establishments_2025,,,,21310521600013,2025,Collectivité Territoriale,Commune,['Haute-Garonne'],['Occitanie'],COM,{31},{76}
cef87f92-cda9-4405-ac89-a12dc447a012,211704168,Commune de Saleignes (17),false,{17416},Commune,2026-03-24 14:41:54.903238+01,gold_establishments_2025,,,,21170416800015,2025,Collectivité Territoriale,Commune,['Charente-Maritime'],['Nouvelle-Aquitaine'],COM,{17},{75}
0d3ababd-3f2e-4bfa-8e32-0bc08864e7d8,216601898,Commune de Saleilles (66),false,{66189},Commune,2026-03-24 14:42:06.665412+01,gold_establishments_2025,,,,21660189800010,2025,Collectivité Territoriale,Commune,['Pyrénées-Orientales'],['Occitanie'],COM,{66},{76}
90f28a26-d293-4623-9549-8ed34e91d931,216005967,Commune de Salency (60),false,{60603},Commune,2026-03-24 14:42:04.814328+01,gold_establishments_2025,,,,21600596700015,2025,Collectivité Territoriale,Commune,['Oise'],['Hauts-de-France'],COM,{60},{32}
f45cf0b1-8a8a-46e2-9fd3-402d3f97734d,213105224,Commune de Salerm (31),false,{31522},Commune,2026-03-24 14:41:58.09424+01,gold_establishments_2025,,,,21310522400017,2025,Collectivité Territoriale,Commune,['Haute-Garonne'],['Occitanie'],COM,{31},{76}
e7613296-e6ea-4fed-a746-8badbdac2f8c,218301216,Commune de Salernes (83),false,{83121},Commune,2026-03-24 14:42:10.508772+01,gold_establishments_2025,,,,21830121600014,2025,Collectivité Territoriale,Commune,['Var'],"[""Provence-Alpes-Côte d'Azur""]",COM,{83},{93}
899dfeba-30dc-4703-a740-3c4cfcb42027,211502190,Commune de Salers (15),false,{15219},Commune,2026-03-24 14:41:54.362296+01,gold_establishments_2025,,,,21150219000013,2025,Collectivité Territoriale,Commune,['Cantal'],['Auvergne-Rhône-Alpes'],COM,{15},{84}
a111794a-123e-4e89-b87b-af1877fdb06b,217402551,Commune de Sales (74),false,{74255},Commune,2026-03-24 14:42:08.818969+01,gold_establishments_2025,,,,21740255100014,2025,Collectivité Territoriale,Commune,['Haute-Savoie'],['Auvergne-Rhône-Alpes'],COM,{74},{84}
8b18a162-1c74-4f3c-b2cd-11b19fbe43cf,215905498,Commune de Salesches (59),false,{59549},Commune,2026-03-24 14:42:04.814328+01,gold_establishments_2025,,,,21590549800014,2025,Collectivité Territoriale,Commune,['Nord'],['Hauts-de-France'],COM,{59},{32}
be04f3e8-e950-4474-894c-7efa8911b005,212603344,Commune de Salettes (26),false,{26334},Commune,2026-03-24 14:41:56.495197+01,gold_establishments_2025,,,,21260334400012,2025,Collectivité Territoriale,Commune,['Drôme'],['Auvergne-Rhône-Alpes'],COM,{26},{84}
4129b105-665c-4762-a5ec-3370ddb39fd9,214302317,Commune de Salettes (43),false,{43231},Commune,2026-03-24 14:42:00.273698+01,gold_establishments_2025,,,,21430231700018,2025,Collectivité Territoriale,Commune,['Haute-Loire'],['Auvergne-Rhône-Alpes'],COM,{43},{84}
c0c19543-6337-4948-9d70-20e85362c19a,218006807,Commune de Saleux (80),false,{80724},Commune,2026-03-24 14:42:09.967209+01,gold_establishments_2025,,,,21800680700018,2025,Collectivité Territoriale,Commune,['Somme'],['Hauts-de-France'],COM,{80},{32}
08755112-3a4b-4689-a1ea-91eb5d67d37a,212002661,Commune de Salice (2A),false,{2A266},Commune,2026-03-24 14:41:57.56054+01,gold_establishments_2025,,,,21200266100016,2025,Collectivité Territoriale,Commune,['Corse-du-Sud'],['Corse'],COM,{2A},{94}
ae5aab97-eb06-44cc-b602-bf0e93f5b360,212002679,Commune de Saliceto (2B),false,{2B267},Commune,2026-03-24 14:41:57.56054+01,gold_establishments_2025,,,,21200267900018,2025,Collectivité Territoriale,Commune,['Haute-Corse'],['Corse'],COM,{2B},{94}
ed30706c-b488-4b8f-8522-d685137fdd78,216404996,Commune de Salies-de-Béarn (64),false,{64499},Commune,2026-03-24 14:42:06.665412+01,gold_establishments_2025,,,,21640499600011,2025,Collectivité Territoriale,Commune,['Pyrénées-Atlantiques'],['Nouvelle-Aquitaine'],COM,{64},{75}
34527627-5727-4deb-9640-f741e9e50c87,213105232,Commune de Salies-du-Salat (31),false,{31523},Commune,2026-03-24 14:41:58.09424+01,gold_establishments_2025,,,,21310523200010,2025,Collectivité Territoriale,Commune,['Haute-Garonne'],['Occitanie'],COM,{31},{76}
21e4ac67-d0a0-448d-b9a2-d7075aec3085,210402004,Commune de Salignac (04),false,{04200},Commune,2026-03-24 14:41:52.562531+01,gold_establishments_2025,,,,21040200400019,2025,Collectivité Territoriale,Commune,['Alpes-de-Haute-Provence'],"[""Provence-Alpes-Côte d'Azur""]",COM,{04},{93}
ee07efca-a2d2-41f5-8d52-e4e58c829ea6,212405161,Commune de Salignac-Eyvigues (24),false,{24516},Commune,2026-03-24 14:41:55.958138+01,gold_establishments_2025,,,,21240516100010,2025,Collectivité Territoriale,Commune,['Dordogne'],['Nouvelle-Aquitaine'],COM,{24},{75}
4e2ae532-c7de-4870-85b3-1d4c33902b47,211704176,Commune de Salignac-de-Mirambeau (17),false,{17417},Commune,2026-03-24 14:41:54.903238+01,gold_establishments_2025,,,,21170417600018,2025,Collectivité Territoriale,Commune,['Charente-Maritime'],['Nouvelle-Aquitaine'],COM,{17},{75}
ba4641b1-2fc5-4657-8666-2139310bc554,211704184,Commune de Salignac-sur-Charente (17),false,{17418},Commune,2026-03-24 14:41:54.903238+01,gold_establishments_2025,,,,21170418400012,2025,Collectivité Territoriale,Commune,['Charente-Maritime'],['Nouvelle-Aquitaine'],COM,{17},{75}
9fa0fbe0-11f9-4921-b710-a8d20767eca6,213904998,Commune de Saligney (39),false,{39499},Commune,2026-03-24 14:41:59.705606+01,gold_establishments_2025,,,,21390499800019,2025,Collectivité Territoriale,Commune,['Jura'],['Bourgogne-Franche-Comté'],COM,{39},{27}
6daf5dff-9d6b-4c8e-8725-69007329eb07,218903730,Commune de Saligny (89),false,{89373},Commune,2026-03-24 14:42:11.659493+01,gold_establishments_2025,,,,21890373000016,2025,Collectivité Territoriale,Commune,['Yonne'],['Bourgogne-Franche-Comté'],COM,{89},{27}
7d43b4e0-5749-4da9-ac54-c8863d0727d1,210302659,Commune de Saligny-sur-Roudon (03),false,{03265},Commune,2026-03-24 14:41:52.020251+01,gold_establishments_2025,,,,21030265900011,2025,Collectivité Territoriale,Commune,['Allier'],['Auvergne-Rhône-Alpes'],COM,{03},{84}
0cb2ff08-a643-4826-8d03-8f0d911484ae,200065266,Commune de Saligos (65),false,{65399},Commune,2026-03-24 14:42:06.665412+01,gold_establishments_2025,,,,20006526600013,2025,Collectivité Territoriale,Commune,['Hautes-Pyrénées'],['Occitanie'],COM,{65},{76}
0e005341-0ba9-40b3-a025-aeed6bbeed5e,213003056,Commune de Salindres (30),false,{30305},Commune,2026-03-24 14:41:57.56054+01,gold_establishments_2025,,,,21300305600016,2025,Collectivité Territoriale,Commune,['Gard'],['Occitanie'],COM,{30},{76}
294ececb-0997-4c2c-b359-7eddc1171c79,213003064,Commune de Salinelles (30),false,{30306},Commune,2026-03-24 14:41:57.56054+01,gold_establishments_2025,,,,21300306400010,2025,Collectivité Territoriale,Commune,['Gard'],['Occitanie'],COM,{30},{76}
e594cd29-846d-4028-86f8-353207398ff2,211502208,Commune de Salins (15),false,{15220},Commune,2026-03-24 14:41:54.362296+01,gold_establishments_2025,,,,21150220800013,2025,Collectivité Territoriale,Commune,['Cantal'],['Auvergne-Rhône-Alpes'],COM,{15},{84}
5570a71c-7325-4a9d-9eae-42a9d1e6eeb2,217704394,Commune de Salins (77),false,{77439},Commune,2026-03-24 14:42:09.43682+01,gold_establishments_2025,,,,21770439400014,2025,Collectivité Territoriale,Commune,['Seine-et-Marne'],['Île-de-France'],COM,{77},{11}
1e9e7483-f297-4c98-8595-1ddad58bca0c,200056273,Commune de Salins-Fontaine (73),false,{73284},Commune,2026-03-24 14:42:08.279287+01,gold_establishments_2025,,,,20005627300010,2025,Collectivité Territoriale,Commune,['Savoie'],['Auvergne-Rhône-Alpes'],COM,{73},{84}
ad21962f-85b4-46ef-891d-af16396a19a2,213905003,Commune de Salins-les-Bains (39),false,{39500},Commune,2026-03-24 14:41:59.705606+01,gold_establishments_2025,,,,21390500300017,2025,Collectivité Territoriale,Commune,['Jura'],['Bourgogne-Franche-Comté'],COM,{39},{27}
a82c1538-51bf-4fb7-ab43-28fc92847cdd,212105795,Commune de Salives (21),false,{21579},Commune,2026-03-24 14:41:55.433389+01,gold_establishments_2025,,,,21210579500018,2025,Collectivité Territoriale,Commune,"[""Côte-d'Or""]",['Bourgogne-Franche-Comté'],COM,{21},{27}
0c7b8af8-d2da-418c-83df-8d0ccab1611c,218102747,Commune de Saliès (81),false,{81274},Commune,2026-03-24 14:42:09.967209+01,gold_establishments_2025,,,,21810274700019,2025,Collectivité Territoriale,Commune,['Tarn'],['Occitanie'],COM,{81},{76}
6dbc3d1c-c05d-43b2-a725-7d979cde6ad1,210601316,Commune de Sallagriffon (06),false,{06131},Commune,2026-03-24 14:41:52.562531+01,gold_establishments_2025,,,,21060131600016,2025,Collectivité Territoriale,Commune,['Alpes-Maritimes'],"[""Provence-Alpes-Côte d'Azur""]",COM,{06},{93}
2803b42c-1a6c-4c49-accc-6f9536c7b621,217402569,Commune de Sallanches (74),false,{74256},Commune,2026-03-24 14:42:08.818969+01,gold_establishments_2025,,,,21740256900016,2025,Collectivité Territoriale,Commune,['Haute-Savoie'],['Auvergne-Rhône-Alpes'],COM,{74},{84}
5efb4479-54f7-4404-b04f-cf1ea3800342,216207712,Commune de Sallaumines (62),false,{62771},Commune,2026-03-24 14:42:06.130387+01,gold_establishments_2025,,,,21620771200011,2025,Collectivité Territoriale,Commune,['Pas-de-Calais'],['Hauts-de-France'],COM,{62},{32}
39126f14-b3ae-4d27-b175-74352a10386c,213304967,Commune de Sallebœuf (33),false,{33496},Commune,2026-03-24 14:41:58.620411+01,gold_establishments_2025,,,,21330496700010,2025,Collectivité Territoriale,Commune,['Gironde'],['Nouvelle-Aquitaine'],COM,{33},{75}
7533a2b5-fc29-4bb0-b07e-fe759f676a72,211406640,Commune de Sallen (14),false,{14664},Commune,2026-03-24 14:41:54.362296+01,gold_establishments_2025,,,,21140664000014,2025,Collectivité Territoriale,Commune,['Calvados'],['Normandie'],COM,{14},{28}
159fef51-d993-4331-b7d7-f5b6656ff482,211406657,Commune de Sallenelles (14),false,{14665},Commune,2026-03-24 14:41:54.362296+01,gold_establishments_2025,,,,21140665700018,2025,Collectivité Territoriale,Commune,['Calvados'],['Normandie'],COM,{14},{28}
ef15de68-451b-426f-8114-e6ca2b67c3ab,217402577,Commune de Sallenôves (74),false,{74257},Commune,2026-03-24 14:42:08.818969+01,gold_establishments_2025,,,,21740257700019,2025,Collectivité Territoriale,Commune,['Haute-Savoie'],['Auvergne-Rhône-Alpes'],COM,{74},{84}
1811d79b-31cb-4924-bc7a-4dd592142f1b,218502805,Commune de Sallertaine (85),false,{85280},Commune,2026-03-24 14:42:10.508772+01,gold_establishments_2025,,,,21850280500011,2025,Collectivité Territoriale,Commune,['Vendée'],['Pays de la Loire'],COM,{85},{52}
47bc4166-08b6-451b-bb61-10e7c61162f4,213304983,Commune de Salles (33),false,{33498},Commune,2026-03-24 14:41:58.620411+01,gold_establishments_2025,,,,21330498300017,2025,Collectivité Territoriale,Commune,['Gironde'],['Nouvelle-Aquitaine'],COM,{33},{75}
873911ee-4e4f-481d-bd34-d944f2c2e577,214702847,Commune de Salles (47),false,{47284},Commune,2026-03-24 14:42:00.862623+01,gold_establishments_2025,,,,21470284700010,2025,Collectivité Territoriale,Commune,['Lot-et-Garonne'],['Nouvelle-Aquitaine'],COM,{47},{75}
7cf89e00-96f6-4325-95da-381f165cff73,216504001,Commune de Salles (65),false,{65400},Commune,2026-03-24 14:42:06.665412+01,gold_establishments_2025,,,,21650400100019,2025,Collectivité Territoriale,Commune,['Hautes-Pyrénées'],['Occitanie'],COM,{65},{76}
9686bec9-16fb-4db1-81f3-65703e4f10f0,217903038,Commune de Salles (79),false,{79303},Commune,2026-03-24 14:42:09.43682+01,gold_establishments_2025,,,,21790303800016,2025,Collectivité Territoriale,Commune,['Deux-Sèvres'],['Nouvelle-Aquitaine'],COM,{79},{75}
b0d74c11-b7df-4963-bdc3-835c27ea1d8a,218102754,Commune de Salles (81),false,{81275},Commune,2026-03-24 14:42:09.967209+01,gold_establishments_2025,,,,21810275400015,2025,Collectivité Territoriale,Commune,['Tarn'],['Occitanie'],COM,{81},{76}
b6887c0b-3993-468d-9510-0c9336280446,216504019,Commune de Salles-Adour (65),false,{65401},Commune,2026-03-24 14:42:06.665412+01,gold_establishments_2025,,,,21650401900011,2025,Collectivité Territoriale,Commune,['Hautes-Pyrénées'],['Occitanie'],COM,{65},{76}
618bbc43-2e49-46a4-a8b5-a9541caedc95,216901728,Commune de Salles-Arbuissonnas-en-Beaujolais (69),false,{69172},Commune,2026-03-24 14:42:07.195692+01,gold_establishments_2025,,,,21690172800016,2025,Collectivité Territoriale,Commune,['Rhône'],['Auvergne-Rhône-Alpes'],COM,{69},{84}
520c9884-0fe3-4d49-a02d-694468cbe45f,211202528,Commune de Salles-Courbatiès (12),false,{12252},Commune,2026-03-24 14:41:53.63825+01,gold_establishments_2025,,,,21120252800017,2025,Collectivité Territoriale,Commune,['Aveyron'],['Occitanie'],COM,{12},{76}
cbd88369-6089-4a72-9615-26d5b79bdfde,211202536,Commune de Salles-Curan (12),false,{12253},Commune,2026-03-24 14:41:53.63825+01,gold_establishments_2025,,,,21120253600010,2025,Collectivité Territoriale,Commune,['Aveyron'],['Occitanie'],COM,{12},{76}
eac2a4f7-2d04-4625-9236-980d0157b88c,211603626,Commune de Salles-Lavalette (16),false,{16362},Commune,2026-03-24 14:41:54.362296+01,gold_establishments_2025,,,,21160362600014,2025,Collectivité Territoriale,Commune,['Charente'],['Nouvelle-Aquitaine'],COM,{16},{75}
1b348f64-4494-4223-86e8-c8b8615e1fff,216405001,Commune de Salles-Mongiscard (64),false,{64500},Commune,2026-03-24 14:42:06.665412+01,gold_establishments_2025,,,,21640500100019,2025,Collectivité Territoriale,Commune,['Pyrénées-Atlantiques'],['Nouvelle-Aquitaine'],COM,{64},{75}
fb3091f6-96cd-43b9-977d-b7b4c009b52c,211603592,Commune de Salles-d'Angles (16),false,{16359},Commune,2026-03-24 14:41:54.362296+01,gold_establishments_2025,,,,21160359200018,2025,Collectivité Territoriale,Commune,['Charente'],['Nouvelle-Aquitaine'],COM,{16},{75}
8a8d2257-210c-43b3-bfbd-d657a7b6bdf8,213204084,Commune de Salles-d'Armagnac (32),false,{32408},Commune,2026-03-24 14:41:58.09424+01,gold_establishments_2025,,,,21320408400015,2025,Collectivité Territoriale,Commune,['Gers'],['Occitanie'],COM,{32},{76}
64f699fa-8a07-4a9c-b150-e9f3007828f7,211103700,Commune de Salles-d'Aude (11),false,{11370},Commune,2026-03-24 14:41:53.63825+01,gold_establishments_2025,,,,21110370000012,2025,Collectivité Territoriale,Commune,['Aude'],['Occitanie'],COM,{11},{76}
380c91ce-9f31-45e5-908e-7ac827c01370,211603600,Commune de Salles-de-Barbezieux (16),false,{16360},Commune,2026-03-24 14:41:54.362296+01,gold_establishments_2025,,,,21160360000019,2025,Collectivité Territoriale,Commune,['Charente'],['Nouvelle-Aquitaine'],COM,{16},{75}
4c0ac566-4dc3-4632-a296-523160c76888,212405179,Commune de Salles-de-Belvès (24),false,{24517},Commune,2026-03-24 14:41:55.958138+01,gold_establishments_2025,,,,21240517900012,2025,Collectivité Territoriale,Commune,['Dordogne'],['Nouvelle-Aquitaine'],COM,{24},{75}
201bbfcc-2466-4b9c-81b5-523a4c10a53a,211603618,Commune de Salles-de-Villefagnan (16),false,{16361},Commune,2026-03-24 14:41:54.362296+01,gold_establishments_2025,,,,21160361800011,2025,Collectivité Territoriale,Commune,['Charente'],['Nouvelle-Aquitaine'],COM,{16},{75}
0c3ada36-41b0-4221-9527-5a46886481e4,213105240,Commune de Salles-et-Pratviel (31),false,{31524},Commune,2026-03-24 14:41:58.09424+01,gold_establishments_2025,,,,21310524000013,2025,Collectivité Territoriale,Commune,['Haute-Garonne'],['Occitanie'],COM,{31},{76}
5a43aff1-0574-4e58-b854-4204b5591098,211202544,Commune de Salles-la-Source (12),false,{12254},Commune,2026-03-24 14:41:53.63825+01,gold_establishments_2025,,,,21120254400014,2025,Collectivité Territoriale,Commune,['Aveyron'],['Occitanie'],COM,{12},{76}
9f7606b2-0240-4b21-8c21-bd999fb91d8e,212603351,Commune de Salles-sous-Bois (26),false,{26335},Commune,2026-03-24 14:41:56.495197+01,gold_establishments_2025,,,,21260335100017,2025,Collectivité Territoriale,Commune,['Drôme'],['Auvergne-Rhône-Alpes'],COM,{26},{84}
c6d82224-aa69-4902-b555-a3b2c70c3b2a,213105257,Commune de Salles-sur-Garonne (31),false,{31525},Commune,2026-03-24 14:41:58.09424+01,gold_establishments_2025,,,,21310525700017,2025,Collectivité Territoriale,Commune,['Haute-Garonne'],['Occitanie'],COM,{31},{76}
33d9bac2-5357-46de-ab9f-a0edb65a04bc,211704200,Commune de Salles-sur-Mer (17),false,{17420},Commune,2026-03-24 14:41:54.903238+01,gold_establishments_2025,,,,21170420000016,2025,Collectivité Territoriale,Commune,['Charente-Maritime'],['Nouvelle-Aquitaine'],COM,{17},{75}
a9594415-1e8f-4673-8fe4-2b197880cebc,211103718,Commune de Salles-sur-l'Hers (11),false,{11371},Commune,2026-03-24 14:41:53.63825+01,gold_establishments_2025,,,,21110371800014,2025,Collectivité Territoriale,Commune,['Aude'],['Occitanie'],COM,{11},{76}
65c02056-4568-4d3d-a210-493729ffb47e,216405019,Commune de Sallespisse (64),false,{64501},Commune,2026-03-24 14:42:06.665412+01,gold_establishments_2025,,,,21640501900011,2025,Collectivité Territoriale,Commune,['Pyrénées-Atlantiques'],['Nouvelle-Aquitaine'],COM,{64},{75}
0a7f397a-c4a9-4ffb-a111-0e6000c47974,216304055,Commune de Sallèdes (63),false,{63405},Commune,2026-03-24 14:42:06.130387+01,gold_establishments_2025,,,,21630405500058,2025,Collectivité Territoriale,Commune,['Puy-de-Dôme'],['Auvergne-Rhône-Alpes'],COM,{63},{84}
a6c1a2cc-1390-43a4-8006-689e006827f9,211103684,Commune de Sallèles-Cabardès (11),false,{11368},Commune,2026-03-24 14:41:53.63825+01,gold_establishments_2025,,,,21110368400018,2025,Collectivité Territoriale,Commune,['Aude'],['Occitanie'],COM,{11},{76}
acd0fc77-95ca-40fa-99a9-a21a763f9391,211103692,Commune de Sallèles-d'Aude (11),false,{11369},Commune,2026-03-24 14:41:53.63825+01,gold_establishments_2025,,,,21110369200011,2025,Collectivité Territoriale,Commune,['Aude'],['Occitanie'],COM,{11},{76}
db0eed43-04cb-4c7a-a5bf-4db79340205f,215504663,Commune de Salmagne (55),false,{55466},Commune,2026-03-24 14:42:03.701372+01,gold_establishments_2025,,,,21550466300018,2025,Collectivité Territoriale,Commune,['Meuse'],['Grand Est'],COM,{55},{44}
da239a9b-05b6-4794-9e01-603fd5ea1db3,212105803,Commune de Salmaise (21),false,{21580},Commune,2026-03-24 14:41:55.433389+01,gold_establishments_2025,,,,21210580300010,2025,Collectivité Territoriale,Commune,"[""Côte-d'Or""]",['Bourgogne-Franche-Comté'],COM,{21},{27}
b2cd602b-2a4b-4296-b687-0526b522f71b,216704320,Commune de Salmbach (67),false,{67432},Commune,2026-03-24 14:42:07.195692+01,gold_establishments_2025,,,,21670432000011,2025,Collectivité Territoriale,Commune,['Bas-Rhin'],['Grand Est'],COM,{67},{44}
d28f75bc-c583-4f24-a29c-d57c39203832,211202551,Commune de Salmiech (12),false,{12255},Commune,2026-03-24 14:41:53.63825+01,gold_establishments_2025,,,,21120255100019,2025,Collectivité Territoriale,Commune,['Aveyron'],['Occitanie'],COM,{12},{76}
031fc36c-d5ae-4d64-ab10-e9dd966a8f23,215905506,Commune de Salomé (59),false,{59550},Commune,2026-03-24 14:42:04.814328+01,gold_establishments_2025,,,,21590550600014,2025,Collectivité Territoriale,Commune,['Nord'],['Hauts-de-France'],COM,{59},{32}
6bf0f6d0-f582-4f29-8a7e-f40c2f13dac4,211003546,Commune de Salon (10),false,{10365},Commune,2026-03-24 14:41:53.095366+01,gold_establishments_2025,,,,21100354600010,2025,Collectivité Territoriale,Commune,['Aube'],['Grand Est'],COM,{10},{44}
414235d9-d8a9-49a0-a330-7076737fb34f,212405187,Commune de Salon (24),false,{24518},Commune,2026-03-24 14:41:55.958138+01,gold_establishments_2025,,,,21240518700015,2025,Collectivité Territoriale,Commune,['Dordogne'],['Nouvelle-Aquitaine'],COM,{24},{75}
c36908f3-7f01-49e1-a4ed-d10cde71d394,211301031,Commune de Salon-de-Provence (13),false,{13103},Commune,2026-03-24 14:41:53.63825+01,gold_establishments_2025,,,,21130103100012,2025,Collectivité Territoriale,Commune,['Bouches-du-Rhône'],"[""Provence-Alpes-Côte d'Azur""]",COM,{13},{93}
be0c1304-746e-4332-b1e4-e25c846dc4d3,211925003,Commune de Salon-la-Tour (19),false,{19250},Commune,2026-03-24 14:41:55.433389+01,gold_establishments_2025,,,,21192500300017,2025,Collectivité Territoriale,Commune,['Corrèze'],['Nouvelle-Aquitaine'],COM,{19},{75}
d1ea3fed-1e86-4b0f-b127-4f97d7c19649,215706250,Commune de Salonnes (57),false,{57625},Commune,2026-03-24 14:42:04.280096+01,gold_establishments_2025,,,,21570625000010,2025,Collectivité Territoriale,Commune,['Moselle'],['Grand Est'],COM,{57},{44}
35066a26-0d57-4a14-af54-9b1cc79b2847,217104959,Commune de Salornay-sur-Guye (71),false,{71495},Commune,2026-03-24 14:42:08.279287+01,gold_establishments_2025,,,,21710495900010,2025,Collectivité Territoriale,Commune,['Saône-et-Loire'],['Bourgogne-Franche-Comté'],COM,{71},{27}
04a5c432-4dca-4f77-a1cf-b231e4461733,218006815,Commune de Salouël (80),false,{80725},Commune,2026-03-24 14:42:09.967209+01,gold_establishments_2025,,,,21800681500011,2025,Collectivité Territoriale,Commune,['Somme'],['Hauts-de-France'],COM,{80},{32}
e6bd9cb0-9b00-4bf1-92d5-d6679c453734,216207720,Commune de Salperwick (62),false,{62772},Commune,2026-03-24 14:42:06.130387+01,gold_establishments_2025,,,,21620772000014,2025,Collectivité Territoriale,Commune,['Pas-de-Calais'],['Hauts-de-France'],COM,{62},{32}
e84ac732-2cef-405e-a280-4b795c55e6c9,210902797,Commune de Salsein (09),false,{09279},Commune,2026-03-24 14:41:53.095366+01,gold_establishments_2025,,,,21090279700013,2025,Collectivité Territoriale,Commune,['Ariège'],['Occitanie'],COM,{09},{76}
880a72e5-66bb-466f-9bf6-934c0587978a,216601906,Commune de Salses-le-Château (66),false,{66190},Commune,2026-03-24 14:42:06.665412+01,gold_establishments_2025,,,,21660190600011,2025,Collectivité Territoriale,Commune,['Pyrénées-Orientales'],['Occitanie'],COM,{66},{76}
24cd2be7-bc91-4685-9d04-e15f34bc9434,211103726,Commune de Salsigne (11),false,{11372},Commune,2026-03-24 14:41:53.63825+01,gold_establishments_2025,,,,21110372600017,2025,Collectivité Territoriale,Commune,['Aude'],['Occitanie'],COM,{11},{76}
d4d49b2f-0d8a-4dc5-ad09-84a677d81621,214202962,Commune de Salt-en-Donzy (42),false,{42296},Commune,2026-03-24 14:42:00.273698+01,gold_establishments_2025,,,,21420296200012,2025,Collectivité Territoriale,Commune,['Loire'],['Auvergne-Rhône-Alpes'],COM,{42},{84}
85b04ea6-79c1-4080-90b4-6b9ed061506a,218102762,Commune de Salvagnac (81),false,{81276},Commune,2026-03-24 14:42:09.967209+01,gold_establishments_2025,,,,21810276200018,2025,Collectivité Territoriale,Commune,['Tarn'],['Occitanie'],COM,{81},{76}
a723c9dc-8593-4988-831a-dfe3b2293f96,211202569,Commune de Salvagnac-Cajarc (12),false,{12256},Commune,2026-03-24 14:41:53.63825+01,gold_establishments_2025,,,,21120256900011,2025,Collectivité Territoriale,Commune,['Aveyron'],['Occitanie'],COM,{12},{76}
303a970d-2bfc-45b1-891e-c82a0f89abc5,211103734,Commune de Salvezines (11),false,{11373},Commune,2026-03-24 14:41:53.63825+01,gold_establishments_2025,,,,21110373400011,2025,Collectivité Territoriale,Commune,['Aude'],['Occitanie'],COM,{11},{76}
e3472cc7-8d95-443f-ba89-c987e015240f,214602971,Commune de Salviac (46),false,{46297},Commune,2026-03-24 14:42:00.862623+01,gold_establishments_2025,,,,21460297100019,2025,Collectivité Territoriale,Commune,['Lot'],['Occitanie'],COM,{46},{76}
c31e9a78-aae0-42ef-a1a6-24f3db8e73f1,214202970,Commune de Salvizinet (42),false,{42297},Commune,2026-03-24 14:42:00.273698+01,gold_establishments_2025,,,,21420297000015,2025,Collectivité Territoriale,Commune,['Loire'],['Auvergne-Rhône-Alpes'],COM,{42},{84}
29367e92-c9dd-47c8-93d3-e8115f07e415,211103742,Commune de Salza (11),false,{11374},Commune,2026-03-24 14:41:53.63825+01,gold_establishments_2025,,,,21110374200014,2025,Collectivité Territoriale,Commune,['Aude'],['Occitanie'],COM,{11},{76}
213339d6-409d-47a4-9a42-70e5fb7624ce,214302325,Commune de Salzuit (43),false,{43232},Commune,2026-03-24 14:42:00.273698+01,gold_establishments_2025,,,,21430232500011,2025,Collectivité Territoriale,Commune,['Haute-Loire'],['Auvergne-Rhône-Alpes'],COM,{43},{84}
d40580b5-b6b7-4ff8-aa4f-15197fe1262e,216503987,Commune de Saléchan (65),false,{65398},Commune,2026-03-24 14:42:06.665412+01,gold_establishments_2025,,,,21650398700010,2025,Collectivité Territoriale,Commune,['Hautes-Pyrénées'],['Occitanie'],COM,{65},{76}
9912ff01-c5ae-4500-a794-73653cfe2513,210501599,Commune de Saléon (05),false,{05159},Commune,2026-03-24 14:41:52.562531+01,gold_establishments_2025,,,,21050159900018,2025,Collectivité Territoriale,Commune,['Hautes-Alpes'],"[""Provence-Alpes-Côte d'Azur""]",COM,{05},{93}
9619d7bd-299c-4340-8c8b-37f8283815d4,210501607,Commune de Salérans (05),false,{05160},Commune,2026-03-24 14:41:52.562531+01,gold_establishments_2025,,,,21050160700019,2025,Collectivité Territoriale,Commune,['Hautes-Alpes'],"[""Provence-Alpes-Côte d'Azur""]",COM,{05},{93}
0c4e72da-9d83-45ce-98ad-49b4aaf8a8e6,214002867,Commune de Samadet (40),false,{40286},Commune,2026-03-24 14:41:59.705606+01,gold_establishments_2025,,,,21400286700015,2025,Collectivité Territoriale,Commune,['Landes'],['Nouvelle-Aquitaine'],COM,{40},{75}
10cac432-55ea-4c37-b259-09e68cdfe354,213105281,Commune de Saman (31),false,{31528},Commune,2026-03-24 14:41:58.09424+01,gold_establishments_2025,,,,21310528100017,2025,Collectivité Territoriale,Commune,['Haute-Garonne'],['Occitanie'],COM,{31},{76}
fd822021-e442-4e9b-b91d-2512b076fcb1,213204092,Commune de Samaran (32),false,{32409},Commune,2026-03-24 14:41:58.09424+01,gold_establishments_2025,,,,21320409200018,2025,Collectivité Territoriale,Commune,['Gers'],['Occitanie'],COM,{32},{76}
977f1802-3419-41ce-959b-1e315dcee49b,213204100,Commune de Samatan (32),false,{32410},Commune,2026-03-24 14:41:58.09424+01,gold_establishments_2025,,,,21320410000019,2025,Collectivité Territoriale,Commune,['Gers'],['Occitanie'],COM,{32},{76}
719f1e9e-0333-4161-8cb9-fd6650bcfc62,214702854,Commune de Samazan (47),false,{47285},Commune,2026-03-24 14:42:00.862623+01,gold_establishments_2025,,,,21470285400016,2025,Collectivité Territoriale,Commune,['Lot-et-Garonne'],['Nouvelle-Aquitaine'],COM,{47},{75}
aa6e28c1-f09b-41f6-aaa7-1d378382b7d3,214102337,Commune de Sambin (41),false,{41233},Commune,2026-03-24 14:42:00.273698+01,gold_establishments_2025,,,,21410233700018,2025,Collectivité Territoriale,Commune,['Loir-et-Cher'],['Centre-Val de Loire'],COM,{41},{24}
76d949f5-831a-4e19-b2cc-4d18ec9a0a1e,218903748,Commune de Sambourg (89),false,{89374},Commune,2026-03-24 14:42:11.659493+01,gold_establishments_2025,,,,21890374800018,2025,Collectivité Territoriale,Commune,['Yonne'],['Bourgogne-Franche-Comté'],COM,{89},{27}
36c5213c-d58c-45d8-9479-6fc761c6c1d0,216207738,Commune de Samer (62),false,{62773},Commune,2026-03-24 14:42:06.130387+01,gold_establishments_2025,,,,21620773800016,2025,Collectivité Territoriale,Commune,['Pas-de-Calais'],['Hauts-de-France'],COM,{62},{32}
1b57b3e7-b553-455c-976e-ca621833b817,212105811,Commune de Samerey (21),false,{21581},Commune,2026-03-24 14:41:55.433389+01,gold_establishments_2025,,,,21210581100013,2025,Collectivité Territoriale,Commune,"[""Côte-d'Or""]",['Bourgogne-Franche-Comté'],COM,{21},{27}
cf5aaf95-7420-4223-a601-fc4e98824d08,216405027,Commune de Sames (64),false,{64502},Commune,2026-03-24 14:42:06.665412+01,gold_establishments_2025,,,,21640502700014,2025,Collectivité Territoriale,Commune,['Pyrénées-Atlantiques'],['Nouvelle-Aquitaine'],COM,{64},{75}
de0fb418-08dd-42a0-88b1-08f3da6d0fb9,218602522,Commune de Sammarçolles (86),false,{86252},Commune,2026-03-24 14:42:11.118516+01,gold_establishments_2025,,,,21860252200011,2025,Collectivité Territoriale,Commune,['Vienne'],['Nouvelle-Aquitaine'],COM,{86},{75}
2174cb71-0902-45c1-a3d8-29f3ba3f9072,217704402,Commune de Sammeron (77),false,{77440},Commune,2026-03-24 14:42:09.43682+01,gold_establishments_2025,,,,21770440200015,2025,Collectivité Territoriale,Commune,['Seine-et-Marne'],['Île-de-France'],COM,{77},{11}
9a9775aa-2f21-48cf-b0fb-051fe3b33708,210103925,Commune de Samognat (01),false,{01392},Commune,2026-03-24 14:41:51.447482+01,gold_establishments_2025,,,,21010392500017,2025,Collectivité Territoriale,Commune,['Ain'],['Auvergne-Rhône-Alpes'],COM,{01},{84}
f8bb3774-55c3-4572-859f-5cd6abc63912,215504689,Commune de Samogneux (55),false,{55468},Commune,2026-03-24 14:42:03.701372+01,gold_establishments_2025,,,,21550468900013,2025,Collectivité Territoriale,Commune,['Meuse'],['Grand Est'],COM,{55},{44}
ca2d8775-00b2-4d2e-83e6-7badea4c22b8,217704410,Commune de Samois-sur-Seine (77),false,{77441},Commune,2026-03-24 14:42:09.43682+01,gold_establishments_2025,,,,21770441000018,2025,Collectivité Territoriale,Commune,['Seine-et-Marne'],['Île-de-France'],COM,{77},{11}
fca145ae-7e59-4cea-af6c-1ca38ada1efa,213305006,Commune de Samonac (33),false,{33500},Commune,2026-03-24 14:41:58.620411+01,gold_establishments_2025,,,,21330500600016,2025,Collectivité Territoriale,Commune,['Gironde'],['Nouvelle-Aquitaine'],COM,{33},{75}
8791c40c-2c44-4f14-b6bc-30219874ea01,217704428,Commune de Samoreau (77),false,{77442},Commune,2026-03-24 14:42:09.43682+01,gold_establishments_2025,,,,21770442800010,2025,Collectivité Territoriale,Commune,['Seine-et-Marne'],['Île-de-France'],COM,{77},{11}
6fc677e0-cbd2-4512-8a46-f8be6ad21ea5,213105299,Commune de Samouillan (31),false,{31529},Commune,2026-03-24 14:41:58.09424+01,gold_establishments_2025,,,,21310529900019,2025,Collectivité Territoriale,Commune,['Haute-Garonne'],['Occitanie'],COM,{31},{76}
1ed31f27-bbdc-42ea-adec-fa07b9c84384,210206710,Commune de Samoussy (02),false,{02697},Commune,2026-03-24 14:41:52.020251+01,gold_establishments_2025,,,,21020671000019,2025,Collectivité Territoriale,Commune,['Aisne'],['Hauts-de-France'],COM,{02},{32}
ba70d5e6-a5c9-449e-bfcf-91dd46f1e8be,217402585,Commune de Samoëns (74),false,{74258},Commune,2026-03-24 14:42:08.818969+01,gold_establishments_2025,,,,21740258500012,2025,Collectivité Territoriale,Commune,['Haute-Savoie'],['Auvergne-Rhône-Alpes'],COM,{74},{84}
a4ec677a-7ad9-4e09-b4d9-450d4a2c3685,213905011,Commune de Sampans (39),false,{39501},Commune,2026-03-24 14:41:59.705606+01,gold_establishments_2025,,,,21390501100051,2025,Collectivité Territoriale,Commune,['Jura'],['Bourgogne-Franche-Comté'],COM,{39},{27}
ee5d8992-a828-4d6d-ad63-9658d6a5f058,215504671,Commune de Sampigny (55),false,{55467},Commune,2026-03-24 14:42:03.701372+01,gold_establishments_2025,,,,21550467100011,2025,Collectivité Territoriale,Commune,['Meuse'],['Grand Est'],COM,{55},{44}
d3c775c6-9507-436e-949d-4f6299f2699d,217104967,Commune de Sampigny-lès-Maranges (71),false,{71496},Commune,2026-03-24 14:42:08.279287+01,gold_establishments_2025,,,,21710496700013,2025,Collectivité Territoriale,Commune,['Saône-et-Loire'],['Bourgogne-Franche-Comté'],COM,{71},{27}
71ae851d-20d4-4522-b298-7505ebbf2123,212002687,Commune de Sampolo (2A),false,{2A268},Commune,2026-03-24 14:41:57.56054+01,gold_establishments_2025,,,,21200268700011,2025,Collectivité Territoriale,Commune,['Corse-du-Sud'],['Corse'],COM,{2A},{94}
915c8a8d-6603-4f9e-b72a-59af87e473af,210703062,Commune de Sampzon (07),false,{07306},Commune,2026-03-24 14:41:52.562531+01,gold_establishments_2025,,,,21070306200013,2025,Collectivité Territoriale,Commune,['Ardèche'],['Auvergne-Rhône-Alpes'],COM,{07},{84}
6c84c2df-5692-4a19-b38f-8f1412ebebfe,212505283,Commune de Samson (25),false,{25528},Commune,2026-03-24 14:41:56.495197+01,gold_establishments_2025,,,,21250528300011,2025,Collectivité Territoriale,Commune,['Doubs'],['Bourgogne-Franche-Comté'],COM,{25},{27}
3d1867f4-ca7c-4857-92fb-78ce1773a2cc,216405035,Commune de Samsons-Lion (64),false,{64503},Commune,2026-03-24 14:42:06.665412+01,gold_establishments_2025,,,,21640503500017,2025,Collectivité Territoriale,Commune,['Pyrénées-Atlantiques'],['Nouvelle-Aquitaine'],COM,{64},{75}
96fd23de-2e0a-49cb-8e46-edf448480a33,216504027,Commune de Samuran (65),false,{65402},Commune,2026-03-24 14:42:06.665412+01,gold_establishments_2025,,,,21650402700014,2025,Collectivité Territoriale,Commune,['Hautes-Pyrénées'],['Occitanie'],COM,{65},{76}
1d74cce9-0873-4a62-887c-35cb235f78f3,215905514,Commune de Saméon (59),false,{59551},Commune,2026-03-24 14:42:04.814328+01,gold_establishments_2025,,,,21590551400018,2025,Collectivité Territoriale,Commune,['Nord'],['Hauts-de-France'],COM,{59},{32}
66053d13-6c2a-499a-b5fc-b8928729a6da,212002976,Commune de San-Damiano (2B),false,{2B297},Commune,2026-03-24 14:41:57.56054+01,gold_establishments_2025,,,,21200297600018,2025,Collectivité Territoriale,Commune,['Haute-Corse'],['Corse'],COM,{2B},{94}
c3f3ca79-5d87-405d-9fad-e25851e2ea45,212002992,Commune de San-Gavino-d'Ampugnani (2B),false,{2B299},Commune,2026-03-24 14:41:57.56054+01,gold_establishments_2025,,,,21200299200015,2025,Collectivité Territoriale,Commune,['Haute-Corse'],['Corse'],COM,{2B},{94}
9d1e8a57-c3e8-4f63-a3fe-6b5e1869c31d,212003008,Commune de San-Gavino-di-Carbini (2A),false,{2A300},Commune,2026-03-24 14:41:57.56054+01,gold_establishments_2025,,,,21200300800019,2025,Collectivité Territoriale,Commune,['Corse-du-Sud'],['Corse'],COM,{2A},{94}
cbd2dc98-ae70-418a-921d-8cb3061eb5ba,212003651,Commune de San-Gavino-di-Fiumorbo (2B),false,{2B365},Commune,2026-03-24 14:41:57.56054+01,gold_establishments_2025,,,,21200365100016,2025,Collectivité Territoriale,Commune,['Haute-Corse'],['Corse'],COM,{2B},{94}
bce9587b-d98d-4e5f-a654-1da5211f5cdb,212003016,Commune de San-Gavino-di-Tenda (2B),false,{2B301},Commune,2026-03-24 14:41:57.56054+01,gold_establishments_2025,,,,21200301600012,2025,Collectivité Territoriale,Commune,['Haute-Corse'],['Corse'],COM,{2B},{94}
8c61fe2e-00e7-4d56-a165-80d94f017a91,212003024,Commune de San-Giovanni-di-Moriani (2B),false,{2B302},Commune,2026-03-24 14:41:57.56054+01,gold_establishments_2025,,,,21200302400016,2025,Collectivité Territoriale,Commune,['Haute-Corse'],['Corse'],COM,{2B},{94}
57ca5592-4f50-4b01-8157-fe757aa875ff,212003032,Commune de San-Giuliano (2B),false,{2B303},Commune,2026-03-24 14:41:57.56054+01,gold_establishments_2025,,,,21200303200019,2025,Collectivité Territoriale,Commune,['Haute-Corse'],['Corse'],COM,{2B},{94}
b975e5ae-617b-41dc-9a0e-dfd73f5d3b92,212003040,Commune de San-Lorenzo (2B),false,{2B304},Commune,2026-03-24 14:41:57.56054+01,gold_establishments_2025,,,,21200304000012,2025,Collectivité Territoriale,Commune,['Haute-Corse'],['Corse'],COM,{2B},{94}
e1888ef2-5836-45d6-8af9-9d3fecfd7fa4,212003057,Commune de San-Martino-di-Lota (2B),false,{2B305},Commune,2026-03-24 14:41:57.56054+01,gold_establishments_2025,,,,21200305700016,2025,Collectivité Territoriale,Commune,['Haute-Corse'],['Corse'],COM,{2B},{94}
c8360800-e296-4ce1-83f0-9530f6c2fee2,212003131,Commune de San-Nicolao (2B),false,{2B313},Commune,2026-03-24 14:41:57.56054+01,gold_establishments_2025,,,,21200313100019,2025,Collectivité Territoriale,Commune,['Haute-Corse'],['Corse'],COM,{2B},{94}
33f1a999-e76f-495c-ba64-c2c827643aca,213105307,Commune de Sana (31),false,{31530},Commune,2026-03-24 14:41:58.09424+01,gold_establishments_2025,,,,21310530700010,2025,Collectivité Territoriale,Commune,['Haute-Garonne'],['Occitanie'],COM,{31},{76}
173bff7c-ff17-46ea-ba12-c1c28204ea98,218301232,Commune de Sanary-sur-Mer (83),false,{83123},Commune,2026-03-24 14:42:10.508772+01,gold_establishments_2025,,,,21830123200011,2025,Collectivité Territoriale,Commune,['Var'],"[""Provence-Alpes-Côte d'Azur""]",COM,{83},{93}
46b7f676-2eb6-4a5b-8aff-2c13d7ae7b2c,211802400,Commune de Sancergues (18),false,{18240},Commune,2026-03-24 14:41:54.903238+01,gold_establishments_2025,,,,21180240000013,2025,Collectivité Territoriale,Commune,['Cher'],['Centre-Val de Loire'],COM,{18},{24}
756519b1-976e-4034-9a1c-9b75508ab548,211802418,Commune de Sancerre (18),false,{18241},Commune,2026-03-24 14:41:54.903238+01,gold_establishments_2025,,,,21180241800015,2025,Collectivité Territoriale,Commune,['Cher'],['Centre-Val de Loire'],COM,{18},{24}
67fc0c2f-085b-49a5-9afe-d3de4c1da0ae,200054146,Commune de Sancey (25),false,{25529},Commune,2026-03-24 14:41:56.495197+01,gold_establishments_2025,,,,20005414600010,2025,Collectivité Territoriale,Commune,['Doubs'],['Bourgogne-Franche-Comté'],COM,{25},{27}
17b8543a-d574-46b2-982a-296054051d23,212803647,Commune de Sancheville (28),false,{28364},Commune,2026-03-24 14:41:57.028721+01,gold_establishments_2025,,,,21280364700065,2025,Collectivité Territoriale,Commune,['Eure-et-Loir'],['Centre-Val de Loire'],COM,{28},{24}
106aa091-cb3c-4787-ae11-31276a1ccbc9,218804391,Commune de Sanchey (88),false,{88439},Commune,2026-03-24 14:42:11.118516+01,gold_establishments_2025,,,,21880439100017,2025,Collectivité Territoriale,Commune,['Vosges'],['Grand Est'],COM,{88},{44}
65a194f1-5346-44a8-a625-3a1b8ff3afb6,211802426,Commune de Sancoins (18),false,{18242},Commune,2026-03-24 14:41:54.903238+01,gold_establishments_2025,,,,21180242600018,2025,Collectivité Territoriale,Commune,['Cher'],['Centre-Val de Loire'],COM,{18},{24}
94d1d04c-b9c3-4037-a932-2408eceab636,212706147,Commune de Sancourt (27),false,{27614},Commune,2026-03-24 14:41:57.028721+01,gold_establishments_2025,,,,21270614700015,2025,Collectivité Territoriale,Commune,['Eure'],['Normandie'],COM,{27},{28}
a0496589-0f24-443d-8d4c-2028da271956,215905522,Commune de Sancourt (59),false,{59552},Commune,2026-03-24 14:42:04.814328+01,gold_establishments_2025,,,,21590552200011,2025,Collectivité Territoriale,Commune,['Nord'],['Hauts-de-France'],COM,{59},{32}
ca17c301-c8d0-4d01-8583-b5c0a05aa55f,218006823,Commune de Sancourt (80),false,{80726},Commune,2026-03-24 14:42:09.967209+01,gold_establishments_2025,,,,21800682300015,2025,Collectivité Territoriale,Commune,['Somme'],['Hauts-de-France'],COM,{80},{32}
c36db261-6783-420e-b68e-53553c6530cf,215404914,Commune de Sancy (54),false,{54491},Commune,2026-03-24 14:42:02.957225+01,gold_establishments_2025,,,,21540491400016,2025,Collectivité Territoriale,Commune,['Meurthe-et-Moselle'],['Grand Est'],COM,{54},{44}
ae9085f5-1ade-4279-b563-6829853a5a73,217704436,Commune de Sancy (77),false,{77443},Commune,2026-03-24 14:42:09.43682+01,gold_establishments_2025,,,,21770443600013,2025,Collectivité Territoriale,Commune,['Seine-et-Marne'],['Île-de-France'],COM,{77},{11}
4ee23228-7052-49f6-b323-42337509f48c,210206728,Commune de Sancy-les-Cheminots (02),false,{02698},Commune,2026-03-24 14:41:52.020251+01,gold_establishments_2025,,,,21020672800011,2025,Collectivité Territoriale,Commune,['Aisne'],['Hauts-de-France'],COM,{02},{32}
8189a1e5-aea3-4970-a799-49f249df8e7a,217704444,Commune de Sancy-lès-Provins (77),false,{77444},Commune,2026-03-24 14:42:09.43682+01,gold_establishments_2025,,,,21770444400017,2025,Collectivité Territoriale,Commune,['Seine-et-Marne'],['Île-de-France'],COM,{77},{11}
d72df995-f099-4f33-8ac1-818cced630d2,217104975,Commune de Sancé (71),false,{71497},Commune,2026-03-24 14:42:08.279287+01,gold_establishments_2025,,,,21710497500016,2025,Collectivité Territoriale,Commune,['Saône-et-Loire'],['Bourgogne-Franche-Comté'],COM,{71},{27}
78cffce8-6de3-4ac7-8421-d888ab2b6b9f,216704338,Commune de Sand (67),false,{67433},Commune,2026-03-24 14:42:07.195692+01,gold_establishments_2025,,,,21670433800013,2025,Collectivité Territoriale,Commune,['Bas-Rhin'],['Grand Est'],COM,{67},{44}
56279d04-67d9-4e00-84d8-29152d84eb7f,212803654,Commune de Sandarville (28),false,{28365},Commune,2026-03-24 14:41:57.028721+01,gold_establishments_2025,,,,21280365400012,2025,Collectivité Territoriale,Commune,['Eure-et-Loir'],['Centre-Val de Loire'],COM,{28},{24}
f29bc844-e11e-48c1-a533-5cd2fa8a40be,218804409,Commune de Sandaucourt (88),false,{88440},Commune,2026-03-24 14:42:11.118516+01,gold_establishments_2025,,,,21880440900017,2025,Collectivité Territoriale,Commune,['Vosges'],['Grand Est'],COM,{88},{44}
f02bb08e-44e3-4307-8bd7-b06168c5f538,214503005,Commune de Sandillon (45),false,{45300},Commune,2026-03-24 14:42:00.862623+01,gold_establishments_2025,,,,21450300500016,2025,Collectivité Territoriale,Commune,['Loiret'],['Centre-Val de Loire'],COM,{45},{24}
9ef3a1dc-8c0c-4b09-b323-907a221d552b,217606607,Commune de Sandouville (76),false,{76660},Commune,2026-03-24 14:42:08.818969+01,gold_establishments_2025,,,,21760660700018,2025,Collectivité Territoriale,Commune,['Seine-Maritime'],['Normandie'],COM,{76},{28}
b636a667-b6d0-475a-9d5f-c0ba602ef071,210103933,Commune de Sandrans (01),false,{01393},Commune,2026-03-24 14:41:51.447482+01,gold_establishments_2025,,,,21010393300011,2025,Collectivité Territoriale,Commune,['Ain'],['Auvergne-Rhône-Alpes'],COM,{01},{84}
56c36a39-6d11-430e-93e5-5603b3796c0f,216207746,Commune de Sangatte (62),false,{62774},Commune,2026-03-24 14:42:06.130387+01,gold_establishments_2025,,,,21620774600019,2025,Collectivité Territoriale,Commune,['Pas-de-Calais'],['Hauts-de-France'],COM,{62},{32}
349ffa5f-b15d-43ae-8bd1-44d7df27a1df,216207753,Commune de Sanghen (62),false,{62775},Commune,2026-03-24 14:42:06.130387+01,gold_establishments_2025,,,,21620775300015,2025,Collectivité Territoriale,Commune,['Pas-de-Calais'],['Hauts-de-France'],COM,{62},{32}
b110a68d-ca07-4931-945d-97b0d1983dff,214002875,Commune de Sanguinet (40),false,{40287},Commune,2026-03-24 14:41:59.705606+01,gold_establishments_2025,,,,21400287500018,2025,Collectivité Territoriale,Commune,['Landes'],['Nouvelle-Aquitaine'],COM,{40},{75}
b05390db-8467-4626-8470-17c9fb7dc5f2,210703070,Commune de Sanilhac (07),false,{07307},Commune,2026-03-24 14:41:52.562531+01,gold_establishments_2025,,,,21070307000016,2025,Collectivité Territoriale,Commune,['Ardèche'],['Auvergne-Rhône-Alpes'],COM,{07},{84}
e63c2f86-a517-4682-b9b3-ddf36f00d657,200065464,Commune de Sanilhac (24),false,{24312},Commune,2026-03-24 14:41:55.958138+01,gold_establishments_2025,,,,20006546400014,2025,Collectivité Territoriale,Commune,['Dordogne'],['Nouvelle-Aquitaine'],COM,{24},{75}
896e3b36-9284-4252-86e6-4824c64847e1,213003080,Commune de Sanilhac-Sagriès (30),false,{30308},Commune,2026-03-24 14:41:57.56054+01,gold_establishments_2025,,,,21300308000016,2025,Collectivité Territoriale,Commune,['Gard'],['Occitanie'],COM,{30},{76}
e20cf595-0a71-483c-8fb2-ba4c3eba8762,212316707,Commune de Sannat (23),false,{23167},Commune,2026-03-24 14:41:55.958138+01,gold_establishments_2025,,,,21231670700018,2025,Collectivité Territoriale,Commune,['Creuse'],['Nouvelle-Aquitaine'],COM,{23},{75}
ea2f13b1-9f28-48dc-8466-9edba085dfc0,211406665,Commune de Sannerville (14),false,{14666},Commune,2026-03-24 14:41:54.362296+01,gold_establishments_2025,,,,21140666500011,2025,Collectivité Territoriale,Commune,['Calvados'],['Normandie'],COM,{14},{28}
4ec7e9f9-28dc-43b2-946e-1ce8cc9568a6,218401214,Commune de Sannes (84),false,{84121},Commune,2026-03-24 14:42:10.508772+01,gold_establishments_2025,,,,21840121400018,2025,Collectivité Territoriale,Commune,['Vaucluse'],"[""Provence-Alpes-Côte d'Azur""]",COM,{84},{93}
7e1af3d4-b905-4404-920d-3a70f4a0bd97,219505823,Commune de Sannois (95),false,{95582},Commune,2026-03-24 14:42:11.659493+01,gold_establishments_2025,,,,21950582300019,2025,Collectivité Territoriale,Commune,"[""Val-d'Oise""]",['Île-de-France'],COM,{95},{11}
41b1ab1f-7a39-4b6c-9338-29cbfc33065d,216504035,Commune de Sanous (65),false,{65403},Commune,2026-03-24 14:42:06.665412+01,gold_establishments_2025,,,,21650403500017,2025,Collectivité Territoriale,Commune,['Hautes-Pyrénées'],['Occitanie'],COM,{65},{76}
6cce1d1e-30bd-4a49-ada7-4ad3d464901f,215706268,Commune de Sanry-lès-Vigy (57),false,{57626},Commune,2026-03-24 14:42:04.280096+01,gold_establishments_2025,,,,21570626800012,2025,Collectivité Territoriale,Commune,['Moselle'],['Grand Est'],COM,{57},{44}
a2066ed5-7d65-410d-90cc-8f1e1175737f,215706276,Commune de Sanry-sur-Nied (57),false,{57627},Commune,2026-03-24 14:42:04.280096+01,gold_establishments_2025,,,,21570627600015,2025,Collectivité Territoriale,Commune,['Moselle'],['Grand Est'],COM,{57},{44}
bae829c6-1cd9-49bb-96a5-a6023ac297fd,218804417,Commune de Sans-Vallois (88),false,{88441},Commune,2026-03-24 14:42:11.118516+01,gold_establishments_2025,,,,21880441700010,2025,Collectivité Territoriale,Commune,['Vosges'],['Grand Est'],COM,{88},{44}
e60a14be-fc78-449d-9c33-05b54d1f7004,216601914,Commune de Sansa (66),false,{66191},Commune,2026-03-24 14:42:06.665412+01,gold_establishments_2025,,,,21660191400015,2025,Collectivité Territoriale,Commune,['Pyrénées-Orientales'],['Occitanie'],COM,{66},{76}
ea130e28-2514-468f-bb3a-a1064a471f2f,211502224,Commune de Sansac-Veinazès (15),false,{15222},Commune,2026-03-24 14:41:54.362296+01,gold_establishments_2025,,,,21150222400010,2025,Collectivité Territoriale,Commune,['Cantal'],['Auvergne-Rhône-Alpes'],COM,{15},{84}
59b0b385-8bbf-4e10-8022-8d838b6732ca,211502216,Commune de Sansac-de-Marmiesse (15),false,{15221},Commune,2026-03-24 14:41:54.362296+01,gold_establishments_2025,,,,21150221600016,2025,Collectivité Territoriale,Commune,['Cantal'],['Auvergne-Rhône-Alpes'],COM,{15},{84}
3b5749fb-d6f9-4191-bbfd-4c9488909cd0,217903046,Commune de Sansais (79),false,{79304},Commune,2026-03-24 14:42:09.43682+01,gold_establishments_2025,,,,21790304600019,2025,Collectivité Territoriale,Commune,['Deux-Sèvres'],['Nouvelle-Aquitaine'],COM,{79},{75}
569e6ab1-4e8f-46ef-a556-543c3de454f4,213204118,Commune de Sansan (32),false,{32411},Commune,2026-03-24 14:41:58.09424+01,gold_establishments_2025,,,,21320411800011,2025,Collectivité Territoriale,Commune,['Gers'],['Occitanie'],COM,{32},{76}
f7213d96-8a46-439a-bc25-90929657145e,214302333,Commune de Sanssac-l'Église (43),false,{43233},Commune,2026-03-24 14:42:00.273698+01,gold_establishments_2025,,,,21430233300015,2025,Collectivité Territoriale,Commune,['Haute-Loire'],['Auvergne-Rhône-Alpes'],COM,{43},{84}
2ceacb66-2a86-4bec-be1e-70c010b16f81,210302667,Commune de Sanssat (03),false,{03266},Commune,2026-03-24 14:41:52.020251+01,gold_establishments_2025,,,,21030266700014,2025,Collectivité Territoriale,Commune,['Allier'],['Auvergne-Rhône-Alpes'],COM,{03},{84}
cc9d344e-f534-41e1-9716-3435a968cf57,212002950,Commune de Sant'Andréa-d'Orcino (2A),false,{2A295},Commune,2026-03-24 14:41:57.56054+01,gold_establishments_2025,,,,21200295000013,2025,Collectivité Territoriale,Commune,['Corse-du-Sud'],['Corse'],COM,{2A},{94}
5dec3cd2-0a88-4cb3-a454-e62d87d8df99,212002927,Commune de Sant'Andréa-di-Bozio (2B),false,{2B292},Commune,2026-03-24 14:41:57.56054+01,gold_establishments_2025,,,,21200292700011,2025,Collectivité Territoriale,Commune,['Haute-Corse'],['Corse'],COM,{2B},{94}
6fbea750-ccee-4dd6-8847-07c075b5486e,212002935,Commune de Sant'Andréa-di-Cotone (2B),false,{2B293},Commune,2026-03-24 14:41:57.56054+01,gold_establishments_2025,,,,21200293500014,2025,Collectivité Territoriale,Commune,['Haute-Corse'],['Corse'],COM,{2B},{94}
3bef1e1c-f1dc-4c73-87e6-657dd5f2f9c0,212002968,Commune de Sant'Antonino (2B),false,{2B296},Commune,2026-03-24 14:41:57.56054+01,gold_establishments_2025,,,,21200296800015,2025,Collectivité Territoriale,Commune,['Haute-Corse'],['Corse'],COM,{2B},{94}
9b13f47e-4bf9-4b92-8403-1e7b9d882016,212003065,Commune de Santa-Lucia-di-Mercurio (2B),false,{2B306},Commune,2026-03-24 14:41:57.56054+01,gold_establishments_2025,,,,21200306500019,2025,Collectivité Territoriale,Commune,['Haute-Corse'],['Corse'],COM,{2B},{94}
9f988890-944e-4e22-80ba-7fb53d9fce28,212003073,Commune de Santa-Lucia-di-Moriani (2B),false,{2B307},Commune,2026-03-24 14:41:57.56054+01,gold_establishments_2025,,,,21200307300013,2025,Collectivité Territoriale,Commune,['Haute-Corse'],['Corse'],COM,{2B},{94}
459bd8ec-6dc6-483a-a161-0193a5d5e72f,212003107,Commune de Santa-Maria-Figaniella (2A),false,{2A310},Commune,2026-03-24 14:41:57.56054+01,gold_establishments_2025,,,,21200310700019,2025,Collectivité Territoriale,Commune,['Corse-du-Sud'],['Corse'],COM,{2A},{94}
84718e70-f341-4c16-9b8f-47f2a66ff5eb,212003115,Commune de Santa-Maria-Poggio (2B),false,{2B311},Commune,2026-03-24 14:41:57.56054+01,gold_establishments_2025,,,,21200311500012,2025,Collectivité Territoriale,Commune,['Haute-Corse'],['Corse'],COM,{2B},{94}
287a1ad4-7fa4-4c3e-835e-8b18438410a8,212003123,Commune de Santa-Maria-Siché (2A),false,{2A312},Commune,2026-03-24 14:41:57.56054+01,gold_establishments_2025,,,,21200312300016,2025,Collectivité Territoriale,Commune,['Corse-du-Sud'],['Corse'],COM,{2A},{94}
128feb67-2d83-4aae-9bca-1e5b268ecb27,212003099,Commune de Santa-Maria-di-Lota (2B),false,{2B309},Commune,2026-03-24 14:41:57.56054+01,gold_establishments_2025,,,,21200309900018,2025,Collectivité Territoriale,Commune,['Haute-Corse'],['Corse'],COM,{2B},{94}
3382fd88-b22f-4d23-b8b8-7052a3be5674,212003164,Commune de Santa-Reparata-di-Balagna (2B),false,{2B316},Commune,2026-03-24 14:41:57.56054+01,gold_establishments_2025,,,,21200316400010,2025,Collectivité Territoriale,Commune,['Haute-Corse'],['Corse'],COM,{2B},{94}
dcbdc55c-bce8-41a9-ab57-9807b5f05593,212003172,Commune de Santa-Reparata-di-Moriani (2B),false,{2B317},Commune,2026-03-24 14:41:57.56054+01,gold_establishments_2025,,,,21200317200013,2025,Collectivité Territoriale,Commune,['Haute-Corse'],['Corse'],COM,{2B},{94}
ce168cad-b858-425c-9e17-3528d03a1fe9,213905029,Commune de Santans (39),false,{39502},Commune,2026-03-24 14:41:59.705606+01,gold_establishments_2025,,,,21390502900012,2025,Collectivité Territoriale,Commune,['Jura'],['Bourgogne-Franche-Comté'],COM,{39},{27}
e7f116f4-d34c-4fc4-a9fa-558fbb83aca5,214503013,Commune de Santeau (45),false,{45301},Commune,2026-03-24 14:42:00.862623+01,gold_establishments_2025,,,,21450301300010,2025,Collectivité Territoriale,Commune,['Loiret'],['Centre-Val de Loire'],COM,{45},{24}
35e61fb7-b729-41e0-87a7-1efb41e1e34c,212902738,Commune de Santec (29),false,{29273},Commune,2026-03-24 14:41:57.56054+01,gold_establishments_2025,,,,21290273800013,2025,Collectivité Territoriale,Commune,['Finistère'],['Bretagne'],COM,{29},{53}
e731d808-bd06-4ce4-93ed-73fcfad2ad56,212105829,Commune de Santenay (21),false,{21582},Commune,2026-03-24 14:41:55.433389+01,gold_establishments_2025,,,,21210582900015,2025,Collectivité Territoriale,Commune,"[""Côte-d'Or""]",['Bourgogne-Franche-Comté'],COM,{21},{27}
715d4472-486e-404f-906b-e93d6fbb1604,214102345,Commune de Santenay (41),false,{41234},Commune,2026-03-24 14:42:00.273698+01,gold_establishments_2025,,,,21410234500011,2025,Collectivité Territoriale,Commune,['Loir-et-Cher'],['Centre-Val de Loire'],COM,{41},{24}
a6715fcb-f081-4e2e-a827-50d7f4ea762d,219400702,Commune de Santeny (94),false,{94070},Commune,2026-03-24 14:42:11.659493+01,gold_establishments_2025,,,,21940070200011,2025,Collectivité Territoriale,Commune,['Val-de-Marne'],['Île-de-France'],COM,{94},{11}
f3ebe471-6975-4ee3-b7a5-a06cfaff4d03,215905530,Commune de Santes (59),false,{59553},Commune,2026-03-24 14:42:04.814328+01,gold_establishments_2025,,,,21590553000014,2025,Collectivité Territoriale,Commune,['Nord'],['Hauts-de-France'],COM,{59},{32}
5eba92dd-2c60-4853-98f9-d976a73a269f,212803662,Commune de Santeuil (28),false,{28366},Commune,2026-03-24 14:41:57.028721+01,gold_establishments_2025,,,,21280366200015,2025,Collectivité Territoriale,Commune,['Eure-et-Loir'],['Centre-Val de Loire'],COM,{28},{24}
d64ff18f-554e-4cb1-810e-cb5f80370419,219505849,Commune de Santeuil (95),false,{95584},Commune,2026-03-24 14:42:11.659493+01,gold_establishments_2025,,,,21950584900014,2025,Collectivité Territoriale,Commune,"[""Val-d'Oise""]",['Île-de-France'],COM,{95},{11}
4164dfe3-76fa-43af-8041-e1ff1d730c9e,218903755,Commune de Santigny (89),false,{89375},Commune,2026-03-24 14:42:11.659493+01,gold_establishments_2025,,,,21890375500013,2025,Collectivité Territoriale,Commune,['Yonne'],['Bourgogne-Franche-Comté'],COM,{89},{27}
5dd8b8ed-5e26-4ed8-9ddf-5d2c1996d432,212803670,Commune de Santilly (28),false,{28367},Commune,2026-03-24 14:41:57.028721+01,gold_establishments_2025,,,,21280367000018,2025,Collectivité Territoriale,Commune,['Eure-et-Loir'],['Centre-Val de Loire'],COM,{28},{24}
32b9faf2-5a34-4773-a147-0b2f1183b9bf,217104983,Commune de Santilly (71),false,{71498},Commune,2026-03-24 14:42:08.279287+01,gold_establishments_2025,,,,21710498300010,2025,Collectivité Territoriale,Commune,['Saône-et-Loire'],['Bourgogne-Franche-Comté'],COM,{71},{27}
71d9ee52-5861-445f-8917-a8c002278c77,212003149,Commune de Santo-Pietro-di-Tenda (2B),false,{2B314},Commune,2026-03-24 14:41:57.56054+01,gold_establishments_2025,,,,21200314900011,2025,Collectivité Territoriale,Commune,['Haute-Corse'],['Corse'],COM,{2B},{94}
91278a40-8314-4714-bcd3-0b0e8ddd9e57,212003156,Commune de Santo-Pietro-di-Venaco (2B),false,{2B315},Commune,2026-03-24 14:41:57.56054+01,gold_establishments_2025,,,,21200315600016,2025,Collectivité Territoriale,Commune,['Haute-Corse'],['Corse'],COM,{2B},{94}
c54f52dd-a4c5-4596-aeb9-c9ac96c5a06e,212105837,Commune de Santosse (21),false,{21583},Commune,2026-03-24 14:41:55.433389+01,gold_establishments_2025,,,,21210583700018,2025,Collectivité Territoriale,Commune,"[""Côte-d'Or""]",['Bourgogne-Franche-Comté'],COM,{21},{27}
09db6788-7b41-4106-9e69-0659088fbb2d,211802434,Commune de Santranges (18),false,{18243},Commune,2026-03-24 14:41:54.903238+01,gold_establishments_2025,,,,21180243400012,2025,Collectivité Territoriale,Commune,['Cher'],['Centre-Val de Loire'],COM,{18},{24}
d597199e-802f-4728-b9f8-ce61e480c0c2,211202593,Commune de Sanvensa (12),false,{12259},Commune,2026-03-24 14:41:53.63825+01,gold_establishments_2025,,,,21120259300011,2025,Collectivité Territoriale,Commune,['Aveyron'],['Occitanie'],COM,{12},{76}
a2c5e42d-fa2e-4e29-8d0b-0109ab65875b,217104991,Commune de Sanvignes-les-Mines (71),false,{71499},Commune,2026-03-24 14:42:08.279287+01,gold_establishments_2025,,,,21710499100013,2025,Collectivité Territoriale,Commune,['Saône-et-Loire'],['Bourgogne-Franche-Comté'],COM,{71},{27}
d4bad9b3-32e6-4bf1-8024-4d26e5ca9ee1,218602530,Commune de Sanxay (86),false,{86253},Commune,2026-03-24 14:42:11.118516+01,gold_establishments_2025,,,,21860253000014,2025,Collectivité Territoriale,Commune,['Vienne'],['Nouvelle-Aquitaine'],COM,{86},{75}
f8fde20f-c8f8-400d-97e1-9cea27698c51,215404922,Commune de Sanzey (54),false,{54492},Commune,2026-03-24 14:42:02.957225+01,gold_establishments_2025,,,,21540492200019,2025,Collectivité Territoriale,Commune,['Meurthe-et-Moselle'],['Grand Est'],COM,{54},{44}
4c99f35d-dddc-46eb-8401-e0c497bd7b9b,211406673,Commune de Saon (14),false,{14667},Commune,2026-03-24 14:41:54.362296+01,gold_establishments_2025,,,,21140667300015,2025,Collectivité Territoriale,Commune,['Calvados'],['Normandie'],COM,{14},{28}
e2ccf50c-f968-4acf-9ca1-d305781f69d7,211406681,Commune de Saonnet (14),false,{14668},Commune,2026-03-24 14:41:54.362296+01,gold_establishments_2025,,,,21140668100018,2025,Collectivité Territoriale,Commune,['Calvados'],['Normandie'],COM,{14},{28}
488d85b4-71ba-478d-bc72-afc8ae345466,210601324,Commune de Saorge (06),false,{06132},Commune,2026-03-24 14:41:52.562531+01,gold_establishments_2025,,,,21060132400010,2025,Collectivité Territoriale,Commune,['Alpes-Maritimes'],"[""Provence-Alpes-Côte d'Azur""]",COM,{06},{93}
369e9708-473c-4c52-98dc-de52c1663827,217203264,Commune de Saosnes (72),false,{72326},Commune,2026-03-24 14:42:08.279287+01,gold_establishments_2025,,,,21720326400015,2025,Collectivité Territoriale,Commune,['Sarthe'],['Pays de la Loire'],COM,{72},{52}
be6a6c1b-4571-426c-a4ca-327303e5818b,212603369,Commune de Saou (26),false,{26336},Commune,2026-03-24 14:41:56.495197+01,gold_establishments_2025,,,,21260336900019,2025,Collectivité Territoriale,Commune,['Drôme'],['Auvergne-Rhône-Alpes'],COM,{26},{84}
69cab354-45d3-40e3-b714-a954aa6d83ea,200056588,Commune de Sap-en-Auge (61),false,{61460},Commune,2026-03-24 14:42:05.597325+01,gold_establishments_2025,,,,20005658800011,2025,Collectivité Territoriale,Commune,['Orne'],['Normandie'],COM,{61},{28}
1a3775b6-16fb-4322-8d43-36d29b6a8f2c,215104852,Commune de Sapignicourt (51),false,{51522},Commune,2026-03-24 14:42:01.954481+01,gold_establishments_2025,,,,21510485200011,2025,Collectivité Territoriale,Commune,['Marne'],['Grand Est'],COM,{51},{44}
3432161d-f607-4127-aeb5-be2b6d5fff03,216207761,Commune de Sapignies (62),false,{62776},Commune,2026-03-24 14:42:06.130387+01,gold_establishments_2025,,,,21620776100018,2025,Collectivité Territoriale,Commune,['Pas-de-Calais'],['Hauts-de-France'],COM,{62},{32}
9b2af9c5-bd89-4541-a41f-f8adde8c5903,210803631,Commune de Sapogne-et-Feuchères (08),false,{08400},Commune,2026-03-24 14:41:53.095366+01,gold_establishments_2025,,,,21080363100014,2025,Collectivité Territoriale,Commune,['Ardennes'],['Grand Est'],COM,{08},{44}
9380b28d-b7c3-4cab-9651-87f5579dede8,210803623,Commune de Sapogne-sur-Marche (08),false,{08399},Commune,2026-03-24 14:41:53.095366+01,gold_establishments_2025,,,,21080362300011,2025,Collectivité Territoriale,Commune,['Ardennes'],['Grand Est'],COM,{08},{44}
57ace5ef-c431-43bc-a125-f3421e7706c6,213905037,Commune de Sapois (39),false,{39503},Commune,2026-03-24 14:41:59.705606+01,gold_establishments_2025,,,,21390503700015,2025,Collectivité Territoriale,Commune,['Jura'],['Bourgogne-Franche-Comté'],COM,{39},{27}
7b5a7278-cd65-4191-8de4-03422451bbcd,218804425,Commune de Sapois (88),false,{88442},Commune,2026-03-24 14:42:11.118516+01,gold_establishments_2025,,,,21880442500013,2025,Collectivité Territoriale,Commune,['Vosges'],['Grand Est'],COM,{88},{44}
d20060a6-c2af-4fd6-958c-4608502e8567,210206736,Commune de Saponay (02),false,{02699},Commune,2026-03-24 14:41:52.020251+01,gold_establishments_2025,,,,21020673600014,2025,Collectivité Territoriale,Commune,['Aisne'],['Hauts-de-France'],COM,{02},{32}
12637a6f-4a3c-4043-94f1-232e49912c87,217004761,Commune de Saponcourt (70),false,{70476},Commune,2026-03-24 14:42:07.735343+01,gold_establishments_2025,,,,21700476100011,2025,Collectivité Territoriale,Commune,['Haute-Saône'],['Bourgogne-Franche-Comté'],COM,{70},{27}
59da219e-e5ba-41b4-bde3-8631d2ce7b86,213204126,Commune de Saramon (32),false,{32412},Commune,2026-03-24 14:41:58.09424+01,gold_establishments_2025,,,,21320412600014,2025,Collectivité Territoriale,Commune,['Gers'],['Occitanie'],COM,{32},{76}
6c4bc8b4-773a-4b56-aa82-d3229dc308a6,214503021,Commune de Saran (45),false,{45302},Commune,2026-03-24 14:42:00.862623+01,gold_establishments_2025,,,,21450302100120,2025,Collectivité Territoriale,Commune,['Loiret'],['Centre-Val de Loire'],COM,{45},{24}
725200f0-dc0c-464c-87b0-dee0f26b91ee,212505333,Commune de Saraz (nan),false,{25533},Commune,2026-03-24 14:41:56.495197+01,gold_establishments_2025,,,,21250533300014,2025,Collectivité Territoriale,Commune,[''],[''],COM,,
8cad6eac-3d3a-46e7-8650-6e81f7ec42f3,214002883,Commune de Sarbazan (40),false,{40288},Commune,2026-03-24 14:41:59.705606+01,gold_establishments_2025,,,,21400288300012,2025,Collectivité Territoriale,Commune,['Landes'],['Nouvelle-Aquitaine'],COM,{40},{75}
c10f133e-1ab9-4f0c-b59f-2854bbd5f8fd,216104620,Commune de Sarceaux (61),false,{61462},Commune,2026-03-24 14:42:05.597325+01,gold_establishments_2025,,,,21610462000010,2025,Collectivité Territoriale,Commune,['Orne'],['Normandie'],COM,{61},{28}
c52ccd68-c293-474e-8a61-8a864ac7107a,219505856,Commune de Sarcelles (95),false,{95585},Commune,2026-03-24 14:42:11.659493+01,gold_establishments_2025,,,,21950585600019,2025,Collectivité Territoriale,Commune,"[""Val-d'Oise""]",['Île-de-France'],COM,{95},{11}
cb96a5ed-c906-47c7-8238-97f82eb30616,213804727,Commune de Sarcenas (38),false,{38472},Commune,2026-03-24 14:41:59.705606+01,gold_establishments_2025,,,,21380472700013,2025,Collectivité Territoriale,Commune,['Isère'],['Auvergne-Rhône-Alpes'],COM,{38},{84}
a79e9000-65de-4841-a610-5abdb51cf0d5,215203316,Commune de Sarcey (52),false,{52459},Commune,2026-03-24 14:42:01.954481+01,gold_establishments_2025,,,,21520331600017,2025,Collectivité Territoriale,Commune,['Haute-Marne'],['Grand Est'],COM,{52},{44}
a18a06f4-ab2c-4812-a0b8-63c6e97b1880,216901736,Commune de Sarcey (69),false,{69173},Commune,2026-03-24 14:42:07.195692+01,gold_establishments_2025,,,,21690173600019,2025,Collectivité Territoriale,Commune,['Rhône'],['Auvergne-Rhône-Alpes'],COM,{69},{84}
a6043b39-a5e7-4d7a-98c2-2126c47e534f,213204134,Commune de Sarcos (nan),false,{32413},Commune,2026-03-24 14:41:58.09424+01,gold_establishments_2025,,,,21320413400018,2025,Collectivité Territoriale,Commune,[''],[''],COM,,
64f1ed7a-16e8-4040-a53a-2ff195862bb1,216005975,Commune de Sarcus (60),false,{60604},Commune,2026-03-24 14:42:04.814328+01,gold_establishments_2025,,,,21600597500018,2025,Collectivité Territoriale,Commune,['Oise'],['Hauts-de-France'],COM,{60},{32}
fb662245-22d8-4c5b-ac8f-ad6a0c15cb26,215104860,Commune de Sarcy (51),false,{51523},Commune,2026-03-24 14:42:01.954481+01,gold_establishments_2025,,,,21510486000014,2025,Collectivité Territoriale,Commune,['Marne'],['Grand Est'],COM,{51},{44}
5fb0c0db-7711-4369-88d3-f19b04a836fd,217203272,Commune de Sarcé (72),false,{72327},Commune,2026-03-24 14:42:08.279287+01,gold_establishments_2025,,,,21720327200018,2025,Collectivité Territoriale,Commune,['Sarthe'],['Pays de la Loire'],COM,{72},{52}
90932333-b4de-4c4d-b510-b24827b885ab,213003098,Commune de Sardan (30),false,{30309},Commune,2026-03-24 14:41:57.56054+01,gold_establishments_2025,,,,21300309800018,2025,Collectivité Territoriale,Commune,['Gard'],['Occitanie'],COM,{30},{76}
f525e2a5-c7b0-4dca-b6f6-0f385c70e973,212316806,Commune de Sardent (23),false,{23168},Commune,2026-03-24 14:41:55.958138+01,gold_establishments_2025,,,,21231680600018,2025,Collectivité Territoriale,Commune,['Creuse'],['Nouvelle-Aquitaine'],COM,{23},{75}
1d95545b-337b-41d7-bce8-6bac77c78b08,213804735,Commune de Sardieu (38),false,{38473},Commune,2026-03-24 14:41:59.705606+01,gold_establishments_2025,,,,21380473500016,2025,Collectivité Territoriale,Commune,['Isère'],['Auvergne-Rhône-Alpes'],COM,{38},{84}
2626177b-ac8f-4e2e-a572-d7d0cd3a6c7b,216304063,Commune de Sardon (63),false,{63406},Commune,2026-03-24 14:42:06.130387+01,gold_establishments_2025,,,,21630406300011,2025,Collectivité Territoriale,Commune,['Puy-de-Dôme'],['Auvergne-Rhône-Alpes'],COM,{63},{84}
ef1399ef-3aa8-4a65-bb28-7432369df144,215802729,Commune de Sardy-lès-Épiry (58),false,{58272},Commune,2026-03-24 14:42:04.280096+01,gold_establishments_2025,,,,21580272900016,2025,Collectivité Territoriale,Commune,['Nièvre'],['Bourgogne-Franche-Comté'],COM,{58},{27}
43058bb1-b17e-4ffb-9568-2d035a92d784,216405043,Commune de Sare (64),false,{64504},Commune,2026-03-24 14:42:06.665412+01,gold_establishments_2025,,,,21640504300011,2025,Collectivité Territoriale,Commune,['Pyrénées-Atlantiques'],['Nouvelle-Aquitaine'],COM,{64},{75}
ff32c022-92fc-4fa8-bb0b-abac74637187,217203280,Commune de Sargé-lès-le-Mans (72),false,{72328},Commune,2026-03-24 14:42:08.279287+01,gold_establishments_2025,,,,21720328000011,2025,Collectivité Territoriale,Commune,['Sarthe'],['Pays de la Loire'],COM,{72},{52}
2ab2ae49-7322-4855-bc67-6ec04cc4608f,214102352,Commune de Sargé-sur-Braye (41),false,{41235},Commune,2026-03-24 14:42:00.273698+01,gold_establishments_2025,,,,21410235200017,2025,Collectivité Territoriale,Commune,['Loir-et-Cher'],['Centre-Val de Loire'],COM,{41},{24}
73c67809-2b60-4f48-90ac-b9bcba6c5754,212002695,Commune de Sari-Solenzara (2A),false,{2A269},Commune,2026-03-24 14:41:57.56054+01,gold_establishments_2025,,,,21200269500014,2025,Collectivité Territoriale,Commune,['Corse-du-Sud'],['Corse'],COM,{2A},{94}
2972deb8-a287-4a8a-8640-9164e3abb7c6,212002703,Commune de Sari-d'Orcino (2A),false,{2A270},Commune,2026-03-24 14:41:57.56054+01,gold_establishments_2025,,,,21200270300016,2025,Collectivité Territoriale,Commune,['Corse-du-Sud'],['Corse'],COM,{2A},{94}
396c05de-1fd6-4759-863e-4ac955df21b8,216504043,Commune de Sariac-Magnoac (65),false,{65404},Commune,2026-03-24 14:42:06.665412+01,gold_establishments_2025,,,,21650404300011,2025,Collectivité Territoriale,Commune,['Hautes-Pyrénées'],['Occitanie'],COM,{65},{76}
46cc5f9a-7901-4cec-82bd-45f253fc9f71,216504050,Commune de Sarlabous (65),false,{65405},Commune,2026-03-24 14:42:06.665412+01,gold_establishments_2025,,,,21650405000016,2025,Collectivité Territoriale,Commune,['Hautes-Pyrénées'],['Occitanie'],COM,{65},{76}
7256eb69-e56e-45b6-8f27-09fc7e92fb7e,212405195,Commune de Sarlande (24),false,{24519},Commune,2026-03-24 14:41:55.958138+01,gold_establishments_2025,,,,21240519500018,2025,Collectivité Territoriale,Commune,['Dordogne'],['Nouvelle-Aquitaine'],COM,{24},{75}
c8e374e2-8f86-4405-b3b8-98b270461e8d,212405203,Commune de Sarlat-la-Canéda (24),false,{24520},Commune,2026-03-24 14:41:55.958138+01,gold_establishments_2025,,,,21240520300010,2025,Collectivité Territoriale,Commune,['Dordogne'],['Nouvelle-Aquitaine'],COM,{24},{75}
77a8b5ef-23e7-47f6-8722-bd263583e4aa,212405211,Commune de Sarliac-sur-l'Isle (24),false,{24521},Commune,2026-03-24 14:41:55.958138+01,gold_establishments_2025,,,,21240521100013,2025,Collectivité Territoriale,Commune,['Dordogne'],['Nouvelle-Aquitaine'],COM,{24},{75}
8981a85f-ed33-42a7-ba7c-1f144ffd6ae4,216504068,Commune de Sarniguet (65),false,{65406},Commune,2026-03-24 14:42:06.665412+01,gold_establishments_2025,,,,21650406800018,2025,Collectivité Territoriale,Commune,['Hautes-Pyrénées'],['Occitanie'],COM,{65},{76}
2b8677ca-ff9a-4b7a-961a-5793cfe58a1c,216005983,Commune de Sarnois (60),false,{60605},Commune,2026-03-24 14:42:04.814328+01,gold_establishments_2025,,,,21600598300012,2025,Collectivité Territoriale,Commune,['Oise'],['Hauts-de-France'],COM,{60},{32}
217a2f65-f261-4ff8-a03a-fc6c3b62786a,215104878,Commune de Saron-sur-Aube (51),false,{51524},Commune,2026-03-24 14:42:01.954481+01,gold_establishments_2025,,,,21510487800016,2025,Collectivité Territoriale,Commune,['Marne'],['Grand Est'],COM,{51},{44}
430dde94-fba7-46bd-be15-a28e106132f1,216504076,Commune de Sarp (65),false,{65407},Commune,2026-03-24 14:42:06.665412+01,gold_establishments_2025,,,,21650407600011,2025,Collectivité Territoriale,Commune,['Hautes-Pyrénées'],['Occitanie'],COM,{65},{76}
f8ae90c4-0ba7-44ba-888c-26bffc63f0e0,216405050,Commune de Sarpourenx (64),false,{64505},Commune,2026-03-24 14:42:06.665412+01,gold_establishments_2025,,,,21640505000016,2025,Collectivité Territoriale,Commune,['Pyrénées-Atlantiques'],['Nouvelle-Aquitaine'],COM,{64},{75}
b29bbe3b-eac4-41bf-84de-e2411628b3c9,213204142,Commune de Sarragachies (32),false,{32414},Commune,2026-03-24 14:41:58.09424+01,gold_establishments_2025,,,,21320414200011,2025,Collectivité Territoriale,Commune,['Gers'],['Occitanie'],COM,{32},{76}
8cf39f20-f3ab-4fc0-8b11-4215e4286103,212505341,Commune de Sarrageois (25),false,{25534},Commune,2026-03-24 14:41:56.495197+01,gold_establishments_2025,,,,21250534100017,2025,Collectivité Territoriale,Commune,['Doubs'],['Bourgogne-Franche-Comté'],COM,{25},{27}
cc59b0ec-f043-4b76-a629-9ef4ccf41602,213204159,Commune de Sarraguzan (32),false,{32415},Commune,2026-03-24 14:41:58.09424+01,gold_establishments_2025,,,,21320415900015,2025,Collectivité Territoriale,Commune,['Gers'],['Occitanie'],COM,{32},{76}
db767bba-a2dd-4f3a-a3c9-197d17fb1f29,215706284,Commune de Sarralbe (57),false,{57628},Commune,2026-03-24 14:42:04.280096+01,gold_establishments_2025,,,,21570628400019,2025,Collectivité Territoriale,Commune,['Moselle'],['Grand Est'],COM,{57},{44}
84e99acd-5727-42ec-ac7f-471a898df010,215706292,Commune de Sarraltroff (57),false,{57629},Commune,2026-03-24 14:42:04.280096+01,gold_establishments_2025,,,,21570629200012,2025,Collectivité Territoriale,Commune,['Moselle'],['Grand Est'],COM,{57},{44}
ebe4eaf0-e618-40d3-8831-a4eed10b94a8,211925102,Commune de Sarran (19),false,{19251},Commune,2026-03-24 14:41:55.433389+01,gold_establishments_2025,,,,21192510200017,2025,Collectivité Territoriale,Commune,['Corrèze'],['Nouvelle-Aquitaine'],COM,{19},{75}
3fe13419-1f91-45e3-9497-32596db4a0f4,216405068,Commune de Sarrance (64),false,{64506},Commune,2026-03-24 14:42:06.665412+01,gold_establishments_2025,,,,21640506800018,2025,Collectivité Territoriale,Commune,['Pyrénées-Atlantiques'],['Nouvelle-Aquitaine'],COM,{64},{75}
969b20c1-8afc-490a-9a8e-078559a179bd,216504084,Commune de Sarrancolin (65),false,{65408},Commune,2026-03-24 14:42:06.665412+01,gold_establishments_2025,,,,21650408400015,2025,Collectivité Territoriale,Commune,['Hautes-Pyrénées'],['Occitanie'],COM,{65},{76}
6774591b-741d-49ed-9f77-66fa643c557e,213204167,Commune de Sarrant (32),false,{32416},Commune,2026-03-24 14:41:58.09424+01,gold_establishments_2025,,,,21320416700018,2025,Collectivité Territoriale,Commune,['Gers'],['Occitanie'],COM,{32},{76}
c43c513a-9100-401e-ab02-8c7b7692262f,210703088,Commune de Sarras (07),false,{07308},Commune,2026-03-24 14:41:52.562531+01,gold_establishments_2025,,,,21070308800018,2025,Collectivité Territoriale,Commune,['Ardèche'],['Auvergne-Rhône-Alpes'],COM,{07},{84}
d1248708-fad0-451e-8e06-b51da49f950c,212405229,Commune de Sarrazac (24),false,{24522},Commune,2026-03-24 14:41:55.958138+01,gold_establishments_2025,,,,21240522900015,2025,Collectivité Territoriale,Commune,['Dordogne'],['Nouvelle-Aquitaine'],COM,{24},{75}
abadaa7f-11ff-4d46-b2fc-88c74c6b2fcd,214002891,Commune de Sarraziet (40),false,{40289},Commune,2026-03-24 14:41:59.705606+01,gold_establishments_2025,,,,21400289100015,2025,Collectivité Territoriale,Commune,['Landes'],['Nouvelle-Aquitaine'],COM,{40},{75}
abf408ef-5ae8-4d1f-9e08-4fe79e7eeccd,216704346,Commune de Sarre-Union (67),false,{67434},Commune,2026-03-24 14:42:07.195692+01,gold_establishments_2025,,,,21670434600016,2025,Collectivité Territoriale,Commune,['Bas-Rhin'],['Grand Est'],COM,{67},{44}
76de17a8-145e-4041-b785-086607834fa5,215706300,Commune de Sarrebourg (57),false,{57630},Commune,2026-03-24 14:42:04.280096+01,gold_establishments_2025,,,,21570630000302,2025,Collectivité Territoriale,Commune,['Moselle'],['Grand Est'],COM,{57},{44}
de6b2592-6c28-44eb-b02e-72cd6948fa4a,213105315,Commune de Sarrecave (31),false,{31531},Commune,2026-03-24 14:41:58.09424+01,gold_establishments_2025,,,,21310531500013,2025,Collectivité Territoriale,Commune,['Haute-Garonne'],['Occitanie'],COM,{31},{76}
42b8198c-341b-4576-8224-a68e81f65b47,215706318,Commune de Sarreguemines (57),false,{57631},Commune,2026-03-24 14:42:04.280096+01,gold_establishments_2025,,,,21570631800015,2025,Collectivité Territoriale,Commune,['Moselle'],['Grand Est'],COM,{57},{44}
8963b4cf-bbc9-4e6d-a758-6d60445a4c86,215706334,Commune de Sarreinsming (57),false,{57633},Commune,2026-03-24 14:42:04.280096+01,gold_establishments_2025,,,,21570633400012,2025,Collectivité Territoriale,Commune,['Moselle'],['Grand Est'],COM,{57},{44}
92e9425a-b3a5-4258-a5d3-1706b855cfa9,213105323,Commune de Sarremezan (31),false,{31532},Commune,2026-03-24 14:41:58.09424+01,gold_establishments_2025,,,,21310532300017,2025,Collectivité Territoriale,Commune,['Haute-Garonne'],['Occitanie'],COM,{31},{76}
f3a04bc7-4410-4cfc-aeec-e75bde66d6dc,216704353,Commune de Sarrewerden (67),false,{67435},Commune,2026-03-24 14:42:07.195692+01,gold_establishments_2025,,,,21670435300012,2025,Collectivité Territoriale,Commune,['Bas-Rhin'],['Grand Est'],COM,{67},{44}
82b6be1e-4cd6-4e93-9d3f-42e73a46dcb2,215203324,Commune de Sarrey (52),false,{52461},Commune,2026-03-24 14:42:01.954481+01,gold_establishments_2025,,,,21520332400011,2025,Collectivité Territoriale,Commune,['Haute-Marne'],['Grand Est'],COM,{52},{44}
6545521a-2522-405f-8f39-863e3e80148f,216504092,Commune de Sarriac-Bigorre (65),false,{65409},Commune,2026-03-24 14:42:06.665412+01,gold_establishments_2025,,,,21650409200018,2025,Collectivité Territoriale,Commune,['Hautes-Pyrénées'],['Occitanie'],COM,{65},{76}
84051d10-e913-463f-b9c1-b42a45072057,218401222,Commune de Sarrians (84),false,{84122},Commune,2026-03-24 14:42:10.508772+01,gold_establishments_2025,,,,21840122200011,2025,Collectivité Territoriale,Commune,['Vaucluse'],"[""Provence-Alpes-Côte d'Azur""]",COM,{84},{93}
19b786b7-e920-44b3-a132-df1653a8b0ff,214903262,Commune de Sarrigné (49),false,{49326},Commune,2026-03-24 14:42:01.412377+01,gold_establishments_2025,,,,21490326200019,2025,Collectivité Territoriale,Commune,['Maine-et-Loire'],['Pays de la Loire'],COM,{49},{52}
7e68390a-1097-4625-9f5b-5ee8ab09a356,213905045,Commune de Sarrogna (39),false,{39504},Commune,2026-03-24 14:41:59.705606+01,gold_establishments_2025,,,,21390504500018,2025,Collectivité Territoriale,Commune,['Jura'],['Bourgogne-Franche-Comté'],COM,{39},{27}
7cb5654a-eb83-4fd2-8010-5d0cbac332cb,212002711,Commune de Sarrola-Carcopino (2A),false,{2A271},Commune,2026-03-24 14:41:57.56054+01,gold_establishments_2025,,,,21200271100019,2025,Collectivité Territoriale,Commune,['Corse-du-Sud'],['Corse'],COM,{2A},{94}
12dc3d7e-94be-478a-b4e6-2d1eb77da9d2,214002909,Commune de Sarron (40),false,{40290},Commune,2026-03-24 14:41:59.705606+01,gold_establishments_2025,,,,21400290900015,2025,Collectivité Territoriale,Commune,['Landes'],['Nouvelle-Aquitaine'],COM,{40},{75}
81a6d29d-6192-485d-95f5-59d9d74f5f3f,216504100,Commune de Sarrouilles (65),false,{65410},Commune,2026-03-24 14:42:06.665412+01,gold_establishments_2025,,,,21650410000019,2025,Collectivité Territoriale,Commune,['Hautes-Pyrénées'],['Occitanie'],COM,{65},{76}
efc8ed43-f954-4dd9-8106-6ce5e14c5041,200062933,Commune de Sarroux - Saint Julien (19),false,{19252},Commune,2026-03-24 14:41:55.433389+01,gold_establishments_2025,,,,20006293300011,2025,Collectivité Territoriale,Commune,['Corrèze'],['Nouvelle-Aquitaine'],COM,{19},{75}
ce1d95fe-98bc-40f1-adee-2a602ab838d0,215104886,Commune de Sarry (51),false,{51525},Commune,2026-03-24 14:42:01.954481+01,gold_establishments_2025,,,,21510488600019,2025,Collectivité Territoriale,Commune,['Marne'],['Grand Est'],COM,{51},{44}
9df561a0-0626-4042-a981-34d07cfc2824,217105006,Commune de Sarry (71),false,{71500},Commune,2026-03-24 14:42:08.279287+01,gold_establishments_2025,,,,21710500600019,2025,Collectivité Territoriale,Commune,['Saône-et-Loire'],['Bourgogne-Franche-Comté'],COM,{71},{27}
06b639a0-7564-4040-978b-0c1708383bb5,218903763,Commune de Sarry (89),false,{89376},Commune,2026-03-24 14:42:11.659493+01,gold_establishments_2025,,,,21890376300017,2025,Collectivité Territoriale,Commune,['Yonne'],['Bourgogne-Franche-Comté'],COM,{89},{27}
b2b02fc3-8851-4690-8577-d3c8843bf176,215905555,Commune de Sars-Poteries (59),false,{59555},Commune,2026-03-24 14:42:04.814328+01,gold_establishments_2025,,,,21590555500011,2025,Collectivité Territoriale,Commune,['Nord'],['Hauts-de-France'],COM,{59},{32}
ac26a49e-5a7a-47cc-95c8-3ce0110b230b,215905548,Commune de Sars-et-Rosières (59),false,{59554},Commune,2026-03-24 14:42:04.814328+01,gold_establishments_2025,,,,21590554800016,2025,Collectivité Territoriale,Commune,['Nord'],['Hauts-de-France'],COM,{59},{32}
e687a1a4-9ade-4e3b-a1d8-c315c4f7d340,216207787,Commune de Sars-le-Bois (62),false,{62778},Commune,2026-03-24 14:42:06.130387+01,gold_establishments_2025,,,,21620778700013,2025,Collectivité Territoriale,Commune,['Pas-de-Calais'],['Hauts-de-France'],COM,{62},{32}
912f8639-2308-4432-a3ed-2863c41c7aa0,218804433,Commune de Sartes (88),false,{88443},Commune,2026-03-24 14:42:11.118516+01,gold_establishments_2025,,,,21880443300017,2025,Collectivité Territoriale,Commune,['Vosges'],['Grand Est'],COM,{88},{44}
20cf19e5-d6dd-407e-bd21-d9a2dad838f7,200058048,Commune de Sartilly-Baie-Bocage (50),false,{50565},Commune,2026-03-24 14:42:01.412377+01,gold_establishments_2025,,,,20005804800014,2025,Collectivité Territoriale,Commune,['Manche'],['Normandie'],COM,{50},{28}
0ff003d3-2adf-4427-8531-3fed92d44438,216207795,Commune de Sarton (62),false,{62779},Commune,2026-03-24 14:42:06.130387+01,gold_establishments_2025,,,,21620779500016,2025,Collectivité Territoriale,Commune,['Pas-de-Calais'],['Hauts-de-France'],COM,{62},{32}
2b5bdcae-967e-438c-9d31-056cba1665f6,217805860,Commune de Sartrouville (78),false,{78586},Commune,2026-03-24 14:42:09.43682+01,gold_establishments_2025,,,,21780586000012,2025,Collectivité Territoriale,Commune,['Yvelines'],['Île-de-France'],COM,{78},{11}
451f4f29-f6b8-42ac-b510-0b38a794cf73,212002729,Commune de Sartène (2A),false,{2A272},Commune,2026-03-24 14:41:57.56054+01,gold_establishments_2025,,,,21200272900011,2025,Collectivité Territoriale,Commune,['Corse-du-Sud'],['Corse'],COM,{2A},{94}
b2501db2-3a05-401d-85ab-cbdc8d2cde48,213602105,Commune de Sarzay (36),false,{36210},Commune,2026-03-24 14:41:59.160244+01,gold_establishments_2025,,,,21360210500016,2025,Collectivité Territoriale,Commune,['Indre'],['Centre-Val de Loire'],COM,{36},{24}
7e7a8110-63f8-4239-8c8b-3a071e2f39a7,215602400,Commune de Sarzeau (56),false,{56240},Commune,2026-03-24 14:42:03.701372+01,gold_establishments_2025,,,,21560240000016,2025,Collectivité Territoriale,Commune,['Morbihan'],['Bretagne'],COM,{56},{53}
0a2b9a42-3dea-441a-b802-e72df73ab2bf,214102360,Commune de Sasnières (41),false,{41236},Commune,2026-03-24 14:42:00.273698+01,gold_establishments_2025,,,,21410236000010,2025,Collectivité Territoriale,Commune,['Loir-et-Cher'],['Centre-Val de Loire'],COM,{41},{24}
90443312-4924-4691-b41e-a733ef61bc11,217105014,Commune de Sassangy (71),false,{71501},Commune,2026-03-24 14:42:08.279287+01,gold_establishments_2025,,,,21710501400013,2025,Collectivité Territoriale,Commune,['Saône-et-Loire'],['Bourgogne-Franche-Comté'],COM,{71},{27}
72037c4a-8247-4ca7-b29e-2ad677a16a3c,214102378,Commune de Sassay (41),false,{41237},Commune,2026-03-24 14:42:00.273698+01,gold_establishments_2025,,,,21410237800012,2025,Collectivité Territoriale,Commune,['Loir-et-Cher'],['Centre-Val de Loire'],COM,{41},{24}
0a544ea1-c333-41aa-bb63-0c974c02cb37,215905563,Commune de Sassegnies (59),false,{59556},Commune,2026-03-24 14:42:04.814328+01,gold_establishments_2025,,,,21590556300015,2025,Collectivité Territoriale,Commune,['Nord'],['Hauts-de-France'],COM,{59},{32}
a98723b1-bd87-45be-8651-e427a2ed28dd,213804743,Commune de Sassenage (38),false,{38474},Commune,2026-03-24 14:41:59.705606+01,gold_establishments_2025,,,,21380474300010,2025,Collectivité Territoriale,Commune,['Isère'],['Auvergne-Rhône-Alpes'],COM,{38},{84}
c24f82a2-1c64-43d8-96fc-08b8a988750e,217105022,Commune de Sassenay (71),false,{71502},Commune,2026-03-24 14:42:08.279287+01,gold_establishments_2025,,,,21710502200016,2025,Collectivité Territoriale,Commune,['Saône-et-Loire'],['Bourgogne-Franche-Comté'],COM,{71},{27}
67592175-1ae8-442d-b02c-68cead67da36,217606623,Commune de Sassetot-le-Malgardé (76),false,{76662},Commune,2026-03-24 14:42:08.818969+01,gold_establishments_2025,,,,21760662300015,2025,Collectivité Territoriale,Commune,['Seine-Maritime'],['Normandie'],COM,{76},{28}
c94c5723-2ec5-4d9c-be12-3af58a26e5ea,217606631,Commune de Sassetot-le-Mauconduit (76),false,{76663},Commune,2026-03-24 14:42:08.818969+01,gold_establishments_2025,,,,21760663100018,2025,Collectivité Territoriale,Commune,['Seine-Maritime'],['Normandie'],COM,{76},{28}
4e59130a-c485-4b83-ad3e-19d48203c175,217606649,Commune de Sasseville (76),false,{76664},Commune,2026-03-24 14:42:08.818969+01,gold_establishments_2025,,,,21760664900010,2025,Collectivité Territoriale,Commune,['Seine-Maritime'],['Normandie'],COM,{76},{28}
91c9535d-29b8-4c7c-9259-f53896d94a5a,212706154,Commune de Sassey (27),false,{27615},Commune,2026-03-24 14:41:57.028721+01,gold_establishments_2025,,,,21270615400011,2025,Collectivité Territoriale,Commune,['Eure'],['Normandie'],COM,{27},{28}
e5bdc738-de9c-4646-a10f-ccda6192318e,215504697,Commune de Sassey-sur-Meuse (55),false,{55469},Commune,2026-03-24 14:42:03.701372+01,gold_establishments_2025,,,,21550469700016,2025,Collectivité Territoriale,Commune,['Meuse'],['Grand Est'],COM,{55},{44}
77ffef4e-ee17-43fe-9b24-81dc58e0295b,213602113,Commune de Sassierges-Saint-Germain (36),false,{36211},Commune,2026-03-24 14:41:59.160244+01,gold_establishments_2025,,,,21360211300010,2025,Collectivité Territoriale,Commune,['Indre'],['Centre-Val de Loire'],COM,{36},{24}
83b0acdc-2b95-4508-a035-a8ddc116bc4a,216504118,Commune de Sassis (65),false,{65411},Commune,2026-03-24 14:42:06.665412+01,gold_establishments_2025,,,,21650411800011,2025,Collectivité Territoriale,Commune,['Hautes-Pyrénées'],['Occitanie'],COM,{65},{76}
94cf3d2b-ce6c-4a12-ba4b-f48d68bebceb,211406699,Commune de Sassy (14),false,{14669},Commune,2026-03-24 14:41:54.362296+01,gold_establishments_2025,,,,21140669900010,2025,Collectivité Territoriale,Commune,['Calvados'],['Normandie'],COM,{14},{28}
9fb0e3d5-c95a-418b-aeb8-0e50c52fb9ff,216902924,Commune de Sathonay-Camp (69),false,{69292},Commune,2026-03-24 14:42:07.735343+01,gold_establishments_2025,,,,21690292400010,2025,Collectivité Territoriale,Commune,['Rhône'],['Auvergne-Rhône-Alpes'],COM,{69},{84}
5c0a13fc-1664-4704-b41b-790c2a1f2201,216902932,Commune de Sathonay-Village (69),false,{69293},Commune,2026-03-24 14:42:07.735343+01,gold_establishments_2025,,,,21690293200013,2025,Collectivité Territoriale,Commune,['Rhône'],['Auvergne-Rhône-Alpes'],COM,{69},{84}
48f70dd5-c4a7-4da0-b362-428a157d5208,210703096,Commune de Satillieu (07),false,{07309},Commune,2026-03-24 14:41:52.562531+01,gold_establishments_2025,,,,21070309600011,2025,Collectivité Territoriale,Commune,['Ardèche'],['Auvergne-Rhône-Alpes'],COM,{07},{84}
97516a35-885b-4ddc-a7ce-3d43fd2e08de,213804750,Commune de Satolas-et-Bonce (38),false,{38475},Commune,2026-03-24 14:41:59.705606+01,gold_establishments_2025,,,,21380475000015,2025,Collectivité Territoriale,Commune,['Isère'],['Auvergne-Rhône-Alpes'],COM,{38},{84}
14af1402-eaed-4cfb-a385-853becaac01b,213402944,Commune de Saturargues (34),false,{34294},Commune,2026-03-24 14:41:58.620411+01,gold_establishments_2025,,,,21340294400010,2025,Collectivité Territoriale,Commune,['Hérault'],['Occitanie'],COM,{34},{76}
ebe68752-76e0-4dcf-94e4-319abb4d4130,213105331,Commune de Saubens (31),false,{31533},Commune,2026-03-24 14:41:58.09424+01,gold_establishments_2025,,,,21310533100010,2025,Collectivité Territoriale,Commune,['Haute-Garonne'],['Occitanie'],COM,{31},{76}
97509eab-a526-46ef-ab52-73fb73d38dec,214002917,Commune de Saubion (40),false,{40291},Commune,2026-03-24 14:41:59.705606+01,gold_establishments_2025,,,,21400291700018,2025,Collectivité Territoriale,Commune,['Landes'],['Nouvelle-Aquitaine'],COM,{40},{75}
ec08f606-c489-4139-952a-15b49bf2e29d,216405076,Commune de Saubole (64),false,{64507},Commune,2026-03-24 14:42:06.665412+01,gold_establishments_2025,,,,21640507600011,2025,Collectivité Territoriale,Commune,['Pyrénées-Atlantiques'],['Nouvelle-Aquitaine'],COM,{64},{75}
690c27bd-aed4-42af-8ec0-d0f3fd515286,214002925,Commune de Saubrigues (40),false,{40292},Commune,2026-03-24 14:41:59.705606+01,gold_establishments_2025,,,,21400292500011,2025,Collectivité Territoriale,Commune,['Landes'],['Nouvelle-Aquitaine'],COM,{40},{75}
4d00db27-e7d9-4697-b9af-3847163b7570,214002933,Commune de Saubusse (40),false,{40293},Commune,2026-03-24 14:41:59.705606+01,gold_establishments_2025,,,,21400293300080,2025,Collectivité Territoriale,Commune,['Landes'],['Nouvelle-Aquitaine'],COM,{40},{75}
a6653f29-fc91-40d6-9f00-74c24bdf9ef7,213305014,Commune de Saucats (33),false,{33501},Commune,2026-03-24 14:41:58.620411+01,gold_establishments_2025,,,,21330501400010,2025,Collectivité Territoriale,Commune,['Gironde'],['Nouvelle-Aquitaine'],COM,{33},{75}
ab50896d-36c4-48d3-94d0-330f911d5de4,217606656,Commune de Sauchay (76),false,{76665},Commune,2026-03-24 14:42:08.818969+01,gold_establishments_2025,,,,21760665600015,2025,Collectivité Territoriale,Commune,['Seine-Maritime'],['Normandie'],COM,{76},{28}
682fcc06-13db-4c1f-89a8-9ac31b23ce0a,216207803,Commune de Sauchy-Cauchy (62),false,{62780},Commune,2026-03-24 14:42:06.130387+01,gold_establishments_2025,,,,21620780300018,2025,Collectivité Territoriale,Commune,['Pas-de-Calais'],['Hauts-de-France'],COM,{62},{32}
dfc08c21-a096-4ac1-bcef-f296ef4f84dd,216207811,Commune de Sauchy-Lestrée (62),false,{62781},Commune,2026-03-24 14:42:06.130387+01,gold_establishments_2025,,,,21620781100011,2025,Collectivité Territoriale,Commune,['Pas-de-Calais'],['Hauts-de-France'],COM,{62},{32}
44ec5202-8fee-49ca-8aa5-7e27af1465e7,211202601,Commune de Sauclières (12),false,{12260},Commune,2026-03-24 14:41:53.63825+01,gold_establishments_2025,,,,21120260100012,2025,Collectivité Territoriale,Commune,['Aveyron'],['Occitanie'],COM,{12},{76}
c2c29710-eebf-456d-b358-96d5c98131ac,216405084,Commune de Saucède (64),false,{64508},Commune,2026-03-24 14:42:06.665412+01,gold_establishments_2025,,,,21640508400015,2025,Collectivité Territoriale,Commune,['Pyrénées-Atlantiques'],['Nouvelle-Aquitaine'],COM,{64},{75}
4fa8e365-1cfe-4d8b-b09a-1a8191fb8d0d,216207829,Commune de Saudemont (62),false,{62782},Commune,2026-03-24 14:42:06.130387+01,gold_establishments_2025,,,,21620782900013,2025,Collectivité Territoriale,Commune,['Pas-de-Calais'],['Hauts-de-France'],COM,{62},{32}
a0e72431-731f-4d50-802d-589bcf7cedfa,215104894,Commune de Saudoy (51),false,{51526},Commune,2026-03-24 14:42:01.954481+01,gold_establishments_2025,,,,21510489400013,2025,Collectivité Territoriale,Commune,['Marne'],['Grand Est'],COM,{51},{44}
32d75f47-a603-4b51-9b8f-bbc0f4830667,215203332,Commune de Saudron (52),false,{52463},Commune,2026-03-24 14:42:01.954481+01,gold_establishments_2025,,,,21520333200014,2025,Collectivité Territoriale,Commune,['Haute-Marne'],['Grand Est'],COM,{52},{44}
ac242908-3f83-439e-a165-6a6849edad0d,215504705,Commune de Saudrupt (55),false,{55470},Commune,2026-03-24 14:42:03.701372+01,gold_establishments_2025,,,,21550470500017,2025,Collectivité Territoriale,Commune,['Meuse'],['Grand Est'],COM,{55},{44}
1d2d90f2-5dc6-4267-8f26-0e2e9ba13d70,213905052,Commune de Saugeot (39),false,{39505},Commune,2026-03-24 14:41:59.705606+01,gold_establishments_2025,,,,21390505200014,2025,Collectivité Territoriale,Commune,['Jura'],['Bourgogne-Franche-Comté'],COM,{39},{27}
d6ff2112-4905-468c-94dd-dde63a082623,214002941,Commune de Saugnac-et-Cambran (40),false,{40294},Commune,2026-03-24 14:41:59.705606+01,gold_establishments_2025,,,,21400294100018,2025,Collectivité Territoriale,Commune,['Landes'],['Nouvelle-Aquitaine'],COM,{40},{75}
f4e3eeea-3379-4f20-b7ad-bdabe857dede,214002958,Commune de Saugnac-et-Muret (40),false,{40295},Commune,2026-03-24 14:41:59.705606+01,gold_establishments_2025,,,,21400295800012,2025,Collectivité Territoriale,Commune,['Landes'],['Nouvelle-Aquitaine'],COM,{40},{75}
def3e3e2-71ef-4349-8d28-2e00c55cbf5d,213305022,Commune de Saugon (33),false,{33502},Commune,2026-03-24 14:41:58.620411+01,gold_establishments_2025,,,,21330502200013,2025,Collectivité Territoriale,Commune,['Gironde'],['Nouvelle-Aquitaine'],COM,{33},{75}
fd06d5dd-694e-4376-9c58-95f5c48bc577,214302341,Commune de Saugues (43),false,{43234},Commune,2026-03-24 14:42:00.273698+01,gold_establishments_2025,,,,21430234100018,2025,Collectivité Territoriale,Commune,['Haute-Loire'],['Auvergne-Rhône-Alpes'],COM,{43},{84}
bd361cde-f460-4e4d-a2bb-bb6a7e7d2482,216405092,Commune de Sauguis-Saint-Étienne (64),false,{64509},Commune,2026-03-24 14:42:06.665412+01,gold_establishments_2025,,,,21640509200018,2025,Collectivité Territoriale,Commune,['Pyrénées-Atlantiques'],['Nouvelle-Aquitaine'],COM,{64},{75}
1da849a5-dcf2-4bab-9f0a-eb3edd51c2ed,211802442,Commune de Saugy (18),false,{18244},Commune,2026-03-24 14:41:54.903238+01,gold_establishments_2025,,,,21180244200015,2025,Collectivité Territoriale,Commune,['Cher'],['Centre-Val de Loire'],COM,{18},{24}
316a0da3-0962-4adc-82d4-7d5b643fc152,211202619,Commune de Saujac (12),false,{12261},Commune,2026-03-24 14:41:53.63825+01,gold_establishments_2025,,,,21120261900014,2025,Collectivité Territoriale,Commune,['Aveyron'],['Occitanie'],COM,{12},{76}
6a74d193-4b3c-46e1-8eff-6adbac782122,211704218,Commune de Saujon (17),false,{17421},Commune,2026-03-24 14:41:54.903238+01,gold_establishments_2025,,,,21170421800018,2025,Collectivité Territoriale,Commune,['Charente-Maritime'],['Nouvelle-Aquitaine'],COM,{17},{75}
e868a8e8-6d5f-44a8-bbf8-1510e4dd41b4,212603377,Commune de Saulce-sur-Rhône (26),false,{26337},Commune,2026-03-24 14:41:56.495197+01,gold_establishments_2025,,,,21260337700012,2025,Collectivité Territoriale,Commune,['Drôme'],['Auvergne-Rhône-Alpes'],COM,{26},{84}
2b40cdc5-c745-4aec-972e-e4754f718c11,210803649,Commune de Saulces-Champenoises (08),false,{08401},Commune,2026-03-24 14:41:53.095366+01,gold_establishments_2025,,,,21080364900016,2025,Collectivité Territoriale,Commune,['Ardennes'],['Grand Est'],COM,{08},{44}
80a69f4d-94b0-4804-80e7-3d9ddedc21d0,210803656,Commune de Saulces-Monclin (08),false,{08402},Commune,2026-03-24 14:41:53.095366+01,gold_establishments_2025,,,,21080365600011,2025,Collectivité Territoriale,Commune,['Ardennes'],['Grand Est'],COM,{08},{44}
bf4e733c-6b2f-44cb-896a-b6d4395f2200,210302675,Commune de Saulcet (03),false,{03267},Commune,2026-03-24 14:41:52.020251+01,gold_establishments_2025,,,,21030267500017,2025,Collectivité Territoriale,Commune,['Allier'],['Auvergne-Rhône-Alpes'],COM,{03},{84}
48374492-e968-4ea6-be66-1d4262846e37,210206744,Commune de Saulchery (02),false,{02701},Commune,2026-03-24 14:41:52.020251+01,gold_establishments_2025,,,,21020674400018,2025,Collectivité Territoriale,Commune,['Aisne'],['Hauts-de-France'],COM,{02},{32}
ea52114e-d167-47f6-b266-8a4159f5249b,216207837,Commune de Saulchoy (62),false,{62783},Commune,2026-03-24 14:42:06.130387+01,gold_establishments_2025,,,,21620783700016,2025,Collectivité Territoriale,Commune,['Pas-de-Calais'],['Hauts-de-France'],COM,{62},{32}
ea31b6b2-ef34-453c-a687-618a61caeef8,218006831,Commune de Saulchoy-sous-Poix (80),false,{80728},Commune,2026-03-24 14:42:09.967209+01,gold_establishments_2025,,,,21800683100018,2025,Collectivité Territoriale,Commune,['Somme'],['Hauts-de-France'],COM,{80},{32}
ae3e3413-05e9-44f1-b6e4-42b6c22aa667,211003553,Commune de Saulcy (10),false,{10366},Commune,2026-03-24 14:41:53.095366+01,gold_establishments_2025,,,,21100355300016,2025,Collectivité Territoriale,Commune,['Aube'],['Grand Est'],COM,{10},{44}
2a40e769-999c-45f0-97e4-9fb63c720d7c,218804458,Commune de Saulcy-sur-Meurthe (88),false,{88445},Commune,2026-03-24 14:42:11.118516+01,gold_establishments_2025,,,,21880445800014,2025,Collectivité Territoriale,Commune,['Vosges'],['Grand Est'],COM,{88},{44}
0ff7df48-96a8-4aa0-afd7-575ce70245a7,212505358,Commune de Saules (25),false,{25535},Commune,2026-03-24 14:41:56.495197+01,gold_establishments_2025,,,,21250535800011,2025,Collectivité Territoriale,Commune,['Doubs'],['Bourgogne-Franche-Comté'],COM,{25},{27}
5cd40ade-8090-44e6-98e2-7f371f872dd2,217105030,Commune de Saules (71),false,{71503},Commune,2026-03-24 14:42:08.279287+01,gold_establishments_2025,,,,21710503000019,2025,Collectivité Territoriale,Commune,['Saône-et-Loire'],['Bourgogne-Franche-Comté'],COM,{71},{27}
45c98b8d-99fd-4fe4-a741-f540dcc0582c,215302571,Commune de Saulges (53),false,{53257},Commune,2026-03-24 14:42:02.957225+01,gold_establishments_2025,,,,21530257100017,2025,Collectivité Territoriale,Commune,['Mayenne'],['Pays de la Loire'],COM,{53},{52}
4b35641d-7cf7-49ab-a0b8-f55f4ff7aa4c,211603634,Commune de Saulgond (16),false,{16363},Commune,2026-03-24 14:41:54.362296+01,gold_establishments_2025,,,,21160363400018,2025,Collectivité Territoriale,Commune,['Charente'],['Nouvelle-Aquitaine'],COM,{16},{75}
01831532-b0a9-4299-9a28-73a0f3caf1a3,218602548,Commune de Saulgé (86),false,{86254},Commune,2026-03-24 14:42:11.118516+01,gold_establishments_2025,,,,21860254800016,2025,Collectivité Territoriale,Commune,['Vienne'],['Nouvelle-Aquitaine'],COM,{86},{75}
ec75961b-ef1c-443a-9bed-7717c3798f31,214602997,Commune de Sauliac-sur-Célé (46),false,{46299},Commune,2026-03-24 14:42:00.862623+01,gold_establishments_2025,,,,21460299700014,2025,Collectivité Territoriale,Commune,['Lot'],['Occitanie'],COM,{46},{76}
52dbc5f2-94e1-4a49-a730-5a767fa2f89f,212105845,Commune de Saulieu (21),false,{21584},Commune,2026-03-24 14:41:55.433389+01,gold_establishments_2025,,,,21210584500011,2025,Collectivité Territoriale,Commune,"[""Côte-d'Or""]",['Bourgogne-Franche-Comté'],COM,{21},{27}
3455b011-d2a7-4e3a-8ecf-d37539384cff,215203340,Commune de Saulles (52),false,{52464},Commune,2026-03-24 14:42:01.954481+01,gold_establishments_2025,,,,21520334000017,2025,Collectivité Territoriale,Commune,['Haute-Marne'],['Grand Est'],COM,{52},{44}
5ea84f19-1fef-4f85-b510-a51c7f13b5c9,215504713,Commune de Saulmory-Villefranche (55),false,{55471},Commune,2026-03-24 14:42:03.701372+01,gold_establishments_2025,,,,21550471300011,2025,Collectivité Territoriale,Commune,['Meuse'],['Grand Est'],COM,{55},{44}
222ed596-7235-45a1-90ef-82c29b9c8223,213602121,Commune de Saulnay (36),false,{36212},Commune,2026-03-24 14:41:59.160244+01,gold_establishments_2025,,,,21360212100013,2025,Collectivité Territoriale,Commune,['Indre'],['Centre-Val de Loire'],COM,{36},{24}
d7cf4ee8-547f-483c-9db1-94e2de608efb,215404930,Commune de Saulnes (54),false,{54493},Commune,2026-03-24 14:42:02.957225+01,gold_establishments_2025,,,,21540493000012,2025,Collectivité Territoriale,Commune,['Meurthe-et-Moselle'],['Grand Est'],COM,{54},{44}
cfd369da-0be7-4a5b-b997-e84e4ce5b96b,212803696,Commune de Saulnières (28),false,{28369},Commune,2026-03-24 14:41:57.028721+01,gold_establishments_2025,,,,21280369600013,2025,Collectivité Territoriale,Commune,['Eure-et-Loir'],['Centre-Val de Loire'],COM,{28},{24}
e3badcf7-fa75-4ab4-88ae-e92ff8b5525e,213503212,Commune de Saulnières (35),false,{35321},Commune,2026-03-24 14:41:59.160244+01,gold_establishments_2025,,,,21350321200077,2025,Collectivité Territoriale,Commune,['Ille-et-Vilaine'],['Bretagne'],COM,{35},{53}
94fca6d1-4b81-4c62-927e-e24bce7f60a6,217004779,Commune de Saulnot (70),false,{70477},Commune,2026-03-24 14:42:07.735343+01,gold_establishments_2025,,,,21700477900013,2025,Collectivité Territoriale,Commune,['Haute-Saône'],['Bourgogne-Franche-Comté'],COM,{70},{27}
b154162c-0c0c-404c-bf3f-516edc84f02c,215706342,Commune de Saulny (57),false,{57634},Commune,2026-03-24 14:42:04.280096+01,gold_establishments_2025,,,,21570634200015,2025,Collectivité Territoriale,Commune,['Moselle'],['Grand Est'],COM,{57},{44}
a3cb1e7c-90a2-4c3b-afc9-b0fb74e87c52,212105852,Commune de Saulon-la-Chapelle (21),false,{21585},Commune,2026-03-24 14:41:55.433389+01,gold_establishments_2025,,,,21210585200017,2025,Collectivité Territoriale,Commune,"[""Côte-d'Or""]",['Bourgogne-Franche-Comté'],COM,{21},{27}
af205955-52b6-4fbe-ba95-a915431dbecc,212105860,Commune de Saulon-la-Rue (21),false,{21586},Commune,2026-03-24 14:41:55.433389+01,gold_establishments_2025,,,,21210586000044,2025,Collectivité Territoriale,Commune,"[""Côte-d'Or""]",['Bourgogne-Franche-Comté'],COM,{21},{27}
2caca584-04a7-45ab-9be2-a22fd197a491,218401230,Commune de Sault (84),false,{84123},Commune,2026-03-24 14:42:10.508772+01,gold_establishments_2025,,,,21840123000014,2025,Collectivité Territoriale,Commune,['Vaucluse'],"[""Provence-Alpes-Côte d'Azur""]",COM,{84},{93}
e2407b89-27b7-4b6d-ac3a-cbeefc1be3ec,210103966,Commune de Sault-Brénaz (01),false,{01396},Commune,2026-03-24 14:41:51.447482+01,gold_establishments_2025,,,,21010396600011,2025,Collectivité Territoriale,Commune,['Ain'],['Auvergne-Rhône-Alpes'],COM,{01},{84}
1e6e6408-365b-4410-8be8-5a0fba0e7998,210803672,Commune de Sault-Saint-Remy (08),false,{08404},Commune,2026-03-24 14:41:53.095366+01,gold_establishments_2025,,,,21080367200018,2025,Collectivité Territoriale,Commune,['Ardennes'],['Grand Est'],COM,{08},{44}
ca57cd4d-0bae-4a04-bbcc-b29574e21af6,216405100,Commune de Sault-de-Navailles (64),false,{64510},Commune,2026-03-24 14:42:06.665412+01,gold_establishments_2025,,,,21640510000019,2025,Collectivité Territoriale,Commune,['Pyrénées-Atlantiques'],['Nouvelle-Aquitaine'],COM,{64},{75}
d0c24988-90d3-40b7-bc93-bd926863d4aa,210803664,Commune de Sault-lès-Rethel (08),false,{08403},Commune,2026-03-24 14:41:53.095366+01,gold_establishments_2025,,,,21080366400072,2025,Collectivité Territoriale,Commune,['Ardennes'],['Grand Est'],COM,{08},{44}
b6526cc7-73b7-4a26-b383-ec93c940dfd5,215905571,Commune de Saultain (59),false,{59557},Commune,2026-03-24 14:42:04.814328+01,gold_establishments_2025,,,,21590557100042,2025,Collectivité Territoriale,Commune,['Nord'],['Hauts-de-France'],COM,{59},{32}
98199e12-f2a0-4211-b0ad-9e968bd1008c,216207845,Commune de Saulty (62),false,{62784},Commune,2026-03-24 14:42:06.130387+01,gold_establishments_2025,,,,21620784500019,2025,Collectivité Territoriale,Commune,['Pas-de-Calais'],['Hauts-de-France'],COM,{62},{32}
a5bb2b24-85b4-44d8-a36d-e42163908e8d,215504721,Commune de Saulvaux (55),false,{55472},Commune,2026-03-24 14:42:03.701372+01,gold_establishments_2025,,,,21550472100014,2025,Collectivité Territoriale,Commune,['Meuse'],['Grand Est'],COM,{55},{44}
13f8361c-8dfc-4733-91c3-b2a1686b6f02,217004787,Commune de Saulx (70),false,{70478},Commune,2026-03-24 14:42:07.735343+01,gold_establishments_2025,,,,21700478700016,2025,Collectivité Territoriale,Commune,['Haute-Saône'],['Bourgogne-Franche-Comté'],COM,{70},{27}
1eedffda-f34e-4345-a79d-b3607a61d9bb,217805886,Commune de Saulx-Marchais (78),false,{78588},Commune,2026-03-24 14:42:09.43682+01,gold_establishments_2025,,,,21780588600017,2025,Collectivité Territoriale,Commune,['Yvelines'],['Île-de-France'],COM,{78},{11}
4e394bb6-d7d8-4197-a109-bef7ec8a1ace,212105878,Commune de Saulx-le-Duc (21),false,{21587},Commune,2026-03-24 14:41:55.433389+01,gold_establishments_2025,,,,21210587800012,2025,Collectivité Territoriale,Commune,"[""Côte-d'Or""]",['Bourgogne-Franche-Comté'],COM,{21},{27}
720aa92a-d99a-4eb9-8746-def106a1fbbd,219105871,Commune de Saulx-les-Chartreux (91),false,{91587},Commune,2026-03-24 14:42:11.659493+01,gold_establishments_2025,,,,21910587100012,2025,Collectivité Territoriale,Commune,['Essonne'],['Île-de-France'],COM,{91},{11}
f65bd403-5d04-4743-acf9-e70396f132bd,215504739,Commune de Saulx-lès-Champlon (55),false,{55473},Commune,2026-03-24 14:42:03.701372+01,gold_establishments_2025,,,,21550473900016,2025,Collectivité Territoriale,Commune,['Meuse'],['Grand Est'],COM,{55},{44}
fe920722-2d7c-4b96-86ab-9ecebc9ea5bb,215404948,Commune de Saulxerotte (54),false,{54494},Commune,2026-03-24 14:42:02.957225+01,gold_establishments_2025,,,,21540494800014,2025,Collectivité Territoriale,Commune,['Meurthe-et-Moselle'],['Grand Est'],COM,{54},{44}
1d28548b-1dd1-4627-b6cb-c647b4f4ef2b,200031334,Commune de Saulxures (52),false,{52465},Commune,2026-03-24 14:42:01.954481+01,gold_establishments_2025,,,,20003133400010,2025,Collectivité Territoriale,Commune,['Haute-Marne'],['Grand Est'],COM,{52},{44}
d56c5e56-2f93-4388-85ae-07015b746baf,216704361,Commune de Saulxures (67),false,{67436},Commune,2026-03-24 14:42:07.195692+01,gold_establishments_2025,,,,21670436100015,2025,Collectivité Territoriale,Commune,['Bas-Rhin'],['Grand Est'],COM,{67},{44}
acae891a-61fb-4c58-9167-7ba063345aa8,218804466,Commune de Saulxures-lès-Bulgnéville (88),false,{88446},Commune,2026-03-24 14:42:11.118516+01,gold_establishments_2025,,,,21880446600017,2025,Collectivité Territoriale,Commune,['Vosges'],['Grand Est'],COM,{88},{44}
d84f4ee9-c416-4663-850d-4067735f1c82,215404955,Commune de Saulxures-lès-Nancy (54),false,{54495},Commune,2026-03-24 14:42:02.957225+01,gold_establishments_2025,,,,21540495500019,2025,Collectivité Territoriale,Commune,['Meurthe-et-Moselle'],['Grand Est'],COM,{54},{44}
d928b52b-25b8-470f-a02e-ee9457f98438,215404963,Commune de Saulxures-lès-Vannes (54),false,{54496},Commune,2026-03-24 14:42:02.957225+01,gold_establishments_2025,,,,21540496300013,2025,Collectivité Territoriale,Commune,['Meurthe-et-Moselle'],['Grand Est'],COM,{54},{44}
a46c6189-17d1-4848-a373-40e3e62dcc60,218804474,Commune de Saulxures-sur-Moselotte (88),false,{88447},Commune,2026-03-24 14:42:11.118516+01,gold_establishments_2025,,,,21880447400011,2025,Collectivité Territoriale,Commune,['Vosges'],['Grand Est'],COM,{88},{44}
d45f1d5c-dcc3-43f6-ba37-6b08fd6d2832,211802459,Commune de Saulzais-le-Potier (18),false,{18245},Commune,2026-03-24 14:41:54.903238+01,gold_establishments_2025,,,,21180245900019,2025,Collectivité Territoriale,Commune,['Cher'],['Centre-Val de Loire'],COM,{18},{24}
7aeda576-3dd8-414f-bb4c-acd821c08332,210302683,Commune de Saulzet (03),false,{03268},Commune,2026-03-24 14:41:52.020251+01,gold_establishments_2025,,,,21030268300011,2025,Collectivité Territoriale,Commune,['Allier'],['Auvergne-Rhône-Alpes'],COM,{03},{84}
eedd697f-68b2-4b0d-8c57-6187c57e3f87,216304071,Commune de Saulzet-le-Froid (63),false,{63407},Commune,2026-03-24 14:42:06.130387+01,gold_establishments_2025,,,,21630407100014,2025,Collectivité Territoriale,Commune,['Puy-de-Dôme'],['Auvergne-Rhône-Alpes'],COM,{63},{84}
8a7830f9-084a-4433-b654-166987ce09f9,215905589,Commune de Saulzoir (59),false,{59558},Commune,2026-03-24 14:42:04.814328+01,gold_establishments_2025,,,,21590558900010,2025,Collectivité Territoriale,Commune,['Nord'],['Hauts-de-France'],COM,{59},{32}
300dfba6-aee9-45fe-81c7-c5131a8d0655,210402012,Commune de Saumane (04),false,{04201},Commune,2026-03-24 14:41:52.562531+01,gold_establishments_2025,,,,21040201200012,2025,Collectivité Territoriale,Commune,['Alpes-de-Haute-Provence'],"[""Provence-Alpes-Côte d'Azur""]",COM,{04},{93}
eb03844b-b2ab-4396-b6e8-9444ecbe1379,213003106,Commune de Saumane (30),false,{30310},Commune,2026-03-24 14:41:57.56054+01,gold_establishments_2025,,,,21300310600019,2025,Collectivité Territoriale,Commune,['Gard'],['Occitanie'],COM,{30},{76}
46599a59-8c37-4c8a-9cd5-dbed640cec02,218401248,Commune de Saumane-de-Vaucluse (84),false,{84124},Commune,2026-03-24 14:42:10.508772+01,gold_establishments_2025,,,,21840124800016,2025,Collectivité Territoriale,Commune,['Vaucluse'],"[""Provence-Alpes-Côte d'Azur""]",COM,{84},{93}
05f3596d-eeab-4b1d-bcef-296b07ad391c,212803704,Commune de Saumeray (28),false,{28370},Commune,2026-03-24 14:41:57.028721+01,gold_establishments_2025,,,,21280370400015,2025,Collectivité Territoriale,Commune,['Eure-et-Loir'],['Centre-Val de Loire'],COM,{28},{24}
e358df64-66e3-43d7-8b2c-1ef916c8fb5e,214702870,Commune de Saumont (47),false,{47287},Commune,2026-03-24 14:42:00.862623+01,gold_establishments_2025,,,,21470287000012,2025,Collectivité Territoriale,Commune,['Lot-et-Garonne'],['Nouvelle-Aquitaine'],COM,{47},{75}
188aae21-d4c1-45ff-a639-71727756e1cf,217606664,Commune de Saumont-la-Poterie (76),false,{76666},Commune,2026-03-24 14:42:08.818969+01,gold_establishments_2025,,,,21760666400019,2025,Collectivité Territoriale,Commune,['Seine-Maritime'],['Normandie'],COM,{76},{28}
a91ef097-15f1-4893-b8d8-b49320c9a3a8,213305030,Commune de Saumos (33),false,{33503},Commune,2026-03-24 14:41:58.620411+01,gold_establishments_2025,,,,21330503000016,2025,Collectivité Territoriale,Commune,['Gironde'],['Nouvelle-Aquitaine'],COM,{33},{75}
a755841b-c57f-4ae2-82a7-e0260fafe9c8,214903288,Commune de Saumur (49),false,{49328},Commune,2026-03-24 14:42:01.412377+01,gold_establishments_2025,,,,21490328800014,2025,Collectivité Territoriale,Commune,['Maine-et-Loire'],['Pays de la Loire'],COM,{49},{52}
6dcb5626-6937-41b8-a262-e3c8d090968a,214702862,Commune de Sauméjan (47),false,{47286},Commune,2026-03-24 14:42:00.862623+01,gold_establishments_2025,,,,21470286200019,2025,Collectivité Territoriale,Commune,['Lot-et-Garonne'],['Nouvelle-Aquitaine'],COM,{47},{75}
057818d2-e876-4207-a889-ce7222e5502d,213702400,Commune de Saunay (37),false,{37240},Commune,2026-03-24 14:41:59.160244+01,gold_establishments_2025,,,,21370240000010,2025,Collectivité Territoriale,Commune,['Indre-et-Loire'],['Centre-Val de Loire'],COM,{37},{24}
5c68cd25-da9e-4bce-88f9-3645635d540d,217105048,Commune de Saunières (71),false,{71504},Commune,2026-03-24 14:42:08.279287+01,gold_establishments_2025,,,,21710504800011,2025,Collectivité Territoriale,Commune,['Saône-et-Loire'],['Bourgogne-Franche-Comté'],COM,{71},{27}
6a6d7908-555c-4fae-a6fa-26206bfbf6cc,217606672,Commune de Sauqueville (76),false,{76667},Commune,2026-03-24 14:42:08.818969+01,gold_establishments_2025,,,,21760667200012,2025,Collectivité Territoriale,Commune,['Seine-Maritime'],['Normandie'],COM,{76},{28}
1e3fab0c-7665-45da-a243-f17d55d3b6e4,217903061,Commune de Saurais (79),false,{79306},Commune,2026-03-24 14:42:09.43682+01,gold_establishments_2025,,,,21790306100018,2025,Collectivité Territoriale,Commune,['Deux-Sèvres'],['Nouvelle-Aquitaine'],COM,{79},{75}
faa974d1-1391-4a22-9e69-d5f32a247abe,210902805,Commune de Saurat (09),false,{09280},Commune,2026-03-24 14:41:53.095366+01,gold_establishments_2025,,,,21090280500014,2025,Collectivité Territoriale,Commune,['Ariège'],['Occitanie'],COM,{09},{76}
912e298e-1fc2-4463-a54c-ef1650ae6721,216304089,Commune de Sauret-Besserve (63),false,{63408},Commune,2026-03-24 14:42:06.130387+01,gold_establishments_2025,,,,21630408900016,2025,Collectivité Territoriale,Commune,['Puy-de-Dôme'],['Auvergne-Rhône-Alpes'],COM,{63},{84}
ffbfa353-3482-4a1c-b1b7-90cc7b0f6558,216304097,Commune de Saurier (63),false,{63409},Commune,2026-03-24 14:42:06.130387+01,gold_establishments_2025,,,,21630409700019,2025,Collectivité Territoriale,Commune,['Puy-de-Dôme'],['Auvergne-Rhône-Alpes'],COM,{63},{84}
1153a41e-64cd-405d-b50e-884aca3396d0,216803007,Commune de Sausheim (68),false,{68300},Commune,2026-03-24 14:42:07.195692+01,gold_establishments_2025,,,,21680300700014,2025,Collectivité Territoriale,Commune,['Haut-Rhin'],['Grand Est'],COM,{68},{44}
a8db2a56-1103-4709-af26-c99ac73c21fd,213402951,Commune de Saussan (34),false,{34295},Commune,2026-03-24 14:41:58.620411+01,gold_establishments_2025,,,,21340295100015,2025,Collectivité Territoriale,Commune,['Hérault'],['Occitanie'],COM,{34},{76}
c172dd90-3a50-42b4-ae53-8f4191908216,212803712,Commune de Saussay (28),false,{28371},Commune,2026-03-24 14:41:57.028721+01,gold_establishments_2025,,,,21280371200018,2025,Collectivité Territoriale,Commune,['Eure-et-Loir'],['Centre-Val de Loire'],COM,{28},{24}
a5abaa88-28d0-421a-8568-eedb2ee8f33e,217606680,Commune de Saussay (76),false,{76668},Commune,2026-03-24 14:42:08.818969+01,gold_establishments_2025,,,,21760668000015,2025,Collectivité Territoriale,Commune,['Seine-Maritime'],['Normandie'],COM,{76},{28}
ab052993-6bee-43cb-9b4b-6430656989b4,212706170,Commune de Saussay-la-Campagne (27),false,{27617},Commune,2026-03-24 14:41:57.028721+01,gold_establishments_2025,,,,21270617000017,2025,Collectivité Territoriale,Commune,['Eure'],['Normandie'],COM,{27},{28}
acb93f33-fcde-487c-a892-d4bd4fb103c1,215005679,Commune de Saussemesnil (50),false,{50567},Commune,2026-03-24 14:42:01.412377+01,gold_establishments_2025,,,,21500567900018,2025,Collectivité Territoriale,Commune,['Manche'],['Normandie'],COM,{50},{28}
00e19d3e-0078-4789-8939-3220e4dae0cc,218102770,Commune de Saussenac (81),false,{81277},Commune,2026-03-24 14:42:09.967209+01,gold_establishments_2025,,,,21810277000011,2025,Collectivité Territoriale,Commune,['Tarn'],['Occitanie'],COM,{81},{76}
f0f77e41-23f5-4b06-baaf-bc8d78db5704,213105349,Commune de Saussens (31),false,{31534},Commune,2026-03-24 14:41:58.09424+01,gold_establishments_2025,,,,21310534900012,2025,Collectivité Territoriale,Commune,['Haute-Garonne'],['Occitanie'],COM,{31},{76}
8f39d250-5b3c-49f5-9930-4a2eabc104ed,210402020,Commune de Sausses (04),false,{04202},Commune,2026-03-24 14:41:52.562531+01,gold_establishments_2025,,,,21040202000015,2025,Collectivité Territoriale,Commune,['Alpes-de-Haute-Provence'],"[""Provence-Alpes-Côte d'Azur""]",COM,{04},{93}
f7595224-8c16-4959-b880-ba3f9528c9be,211301049,Commune de Sausset-les-Pins (13),false,{13104},Commune,2026-03-24 14:41:53.63825+01,gold_establishments_2025,,,,21130104900014,2025,Collectivité Territoriale,Commune,['Bouches-du-Rhône'],"[""Provence-Alpes-Côte d'Azur""]",COM,{13},{93}
0923fa9e-7ef0-4eef-bbf5-68ad94ea956c,217606698,Commune de Sausseuzemare-en-Caux (76),false,{76669},Commune,2026-03-24 14:42:08.818969+01,gold_establishments_2025,,,,21760669800017,2025,Collectivité Territoriale,Commune,['Seine-Maritime'],['Normandie'],COM,{76},{28}
62c41a68-2df3-427c-a439-1b98e569ae8c,212105886,Commune de Saussey (21),false,{21588},Commune,2026-03-24 14:41:55.433389+01,gold_establishments_2025,,,,21210588600015,2025,Collectivité Territoriale,Commune,"[""Côte-d'Or""]",['Bourgogne-Franche-Comté'],COM,{21},{27}
3bbb9e53-6fa2-400d-adc0-a0cb4b65b1a2,215005687,Commune de Saussey (50),false,{50568},Commune,2026-03-24 14:42:01.412377+01,gold_establishments_2025,,,,21500568700011,2025,Collectivité Territoriale,Commune,['Manche'],['Normandie'],COM,{50},{28}
47bcf075-859c-4de8-b273-052d1bf50816,212405237,Commune de Saussignac (24),false,{24523},Commune,2026-03-24 14:41:55.958138+01,gold_establishments_2025,,,,21240523700018,2025,Collectivité Territoriale,Commune,['Dordogne'],['Nouvelle-Aquitaine'],COM,{24},{75}
95f2d027-9cae-47cc-97ae-1d19d2917651,213402969,Commune de Saussines (34),false,{34296},Commune,2026-03-24 14:41:58.620411+01,gold_establishments_2025,,,,21340296900017,2025,Collectivité Territoriale,Commune,['Hérault'],['Occitanie'],COM,{34},{76}
63603655-edbf-4d4d-aef7-d239c43e84b2,212105894,Commune de Saussy (21),false,{21589},Commune,2026-03-24 14:41:55.433389+01,gold_establishments_2025,,,,21210589400019,2025,Collectivité Territoriale,Commune,"[""Côte-d'Or""]",['Bourgogne-Franche-Comté'],COM,{21},{27}
33f701b1-d33e-400b-8dcd-57faa0b0fd91,210902813,Commune de Sautel (09),false,{09281},Commune,2026-03-24 14:41:53.095366+01,gold_establishments_2025,,,,21090281300018,2025,Collectivité Territoriale,Commune,['Ariège'],['Occitanie'],COM,{09},{76}
b09c9200-e4d6-4c42-97ff-a34d42911beb,213305048,Commune de Sauternes (33),false,{33504},Commune,2026-03-24 14:41:58.620411+01,gold_establishments_2025,,,,21330504800018,2025,Collectivité Territoriale,Commune,['Gironde'],['Nouvelle-Aquitaine'],COM,{33},{75}
0be06632-a6da-4ba6-9ff3-223f932577af,213402977,Commune de Sauteyrargues (34),false,{34297},Commune,2026-03-24 14:41:58.620411+01,gold_establishments_2025,,,,21340297700010,2025,Collectivité Territoriale,Commune,['Hérault'],['Occitanie'],COM,{34},{76}
7a8d4cf1-2c98-4db7-b3f1-83c2895b93ff,216601922,Commune de Sauto (66),false,{66192},Commune,2026-03-24 14:42:06.665412+01,gold_establishments_2025,,,,21660192200018,2025,Collectivité Territoriale,Commune,['Pyrénées-Orientales'],['Occitanie'],COM,{66},{76}
20ded744-0ae6-4eeb-9258-531da843d7a9,214401945,Commune de Sautron (44),false,{44194},Commune,2026-03-24 14:42:00.862623+01,gold_establishments_2025,,,,21440194500016,2025,Collectivité Territoriale,Commune,['Loire-Atlantique'],['Pays de la Loire'],COM,{44},{52}
34fb078f-c568-404f-8181-a045a2c9f70c,211603642,Commune de Sauvagnac (16),false,{16364},Commune,2026-03-24 14:41:54.362296+01,gold_establishments_2025,,,,21160364200011,2025,Collectivité Territoriale,Commune,['Charente'],['Nouvelle-Aquitaine'],COM,{16},{75}
1e364a15-013a-4004-82db-8916996a082a,214702888,Commune de Sauvagnas (47),false,{47288},Commune,2026-03-24 14:42:00.862623+01,gold_establishments_2025,,,,21470288800014,2025,Collectivité Territoriale,Commune,['Lot-et-Garonne'],['Nouvelle-Aquitaine'],COM,{47},{75}
1965d873-7882-4739-a5ae-b3b8a275aefd,216304105,Commune de Sauvagnat (63),false,{63410},Commune,2026-03-24 14:42:06.130387+01,gold_establishments_2025,,,,21630410500010,2025,Collectivité Territoriale,Commune,['Puy-de-Dôme'],['Auvergne-Rhône-Alpes'],COM,{63},{84}
0cb080ed-ba6f-4efb-8617-0ee0051f407f,216304113,Commune de Sauvagnat-Sainte-Marthe (63),false,{63411},Commune,2026-03-24 14:42:06.130387+01,gold_establishments_2025,,,,21630411300014,2025,Collectivité Territoriale,Commune,['Puy-de-Dôme'],['Auvergne-Rhône-Alpes'],COM,{63},{84}
2ec8e795-79f2-4846-9dbb-784d68f09d81,212505366,Commune de Sauvagney (25),false,{25536},Commune,2026-03-24 14:41:56.495197+01,gold_establishments_2025,,,,21250536600014,2025,Collectivité Territoriale,Commune,['Doubs'],['Bourgogne-Franche-Comté'],COM,{25},{27}
f8fce3fc-bbe6-457e-959e-fb735de823b4,216405118,Commune de Sauvagnon (64),false,{64511},Commune,2026-03-24 14:42:06.665412+01,gold_establishments_2025,,,,21640511800011,2025,Collectivité Territoriale,Commune,['Pyrénées-Atlantiques'],['Nouvelle-Aquitaine'],COM,{64},{75}
611bc6d2-864a-4acc-a3d3-30de2d536239,210302691,Commune de Sauvagny (03),false,{03269},Commune,2026-03-24 14:41:52.020251+01,gold_establishments_2025,,,,21030269100014,2025,Collectivité Territoriale,Commune,['Allier'],['Auvergne-Rhône-Alpes'],COM,{03},{84}
13a3c79f-a2ce-4f36-b4b8-95cdd5cdc0b6,214202988,Commune de Sauvain (42),false,{42298},Commune,2026-03-24 14:42:00.273698+01,gold_establishments_2025,,,,21420298800017,2025,Collectivité Territoriale,Commune,['Loire'],['Auvergne-Rhône-Alpes'],COM,{42},{84}
33ba4d40-9d46-46e9-87f5-a770a2cd13c6,211502232,Commune de Sauvat (15),false,{15223},Commune,2026-03-24 14:41:54.362296+01,gold_establishments_2025,,,,21150223200013,2025,Collectivité Territoriale,Commune,['Cantal'],['Auvergne-Rhône-Alpes'],COM,{15},{84}
3376bed9-d939-4208-a33b-107cf8ede47b,213003114,Commune de Sauve (30),false,{30311},Commune,2026-03-24 14:41:57.56054+01,gold_establishments_2025,,,,21300311400013,2025,Collectivité Territoriale,Commune,['Gard'],['Occitanie'],COM,{30},{76}
660959fd-6feb-4c03-8dcf-430a1e021726,216405126,Commune de Sauvelade (64),false,{64512},Commune,2026-03-24 14:42:06.665412+01,gold_establishments_2025,,,,21640512600014,2025,Collectivité Territoriale,Commune,['Pyrénées-Atlantiques'],['Nouvelle-Aquitaine'],COM,{64},{75}
c189f372-1f20-4f2f-b94e-a0547c88be04,210103974,Commune de Sauverny (01),false,{01397},Commune,2026-03-24 14:41:51.447482+01,gold_establishments_2025,,,,21010397400015,2025,Collectivité Territoriale,Commune,['Ain'],['Auvergne-Rhône-Alpes'],COM,{01},{84}
8529a69e-a41d-4572-ac69-ee49aa70779d,216304121,Commune de Sauvessanges (63),false,{63412},Commune,2026-03-24 14:42:06.130387+01,gold_establishments_2025,,,,21630412100017,2025,Collectivité Territoriale,Commune,['Puy-de-Dôme'],['Auvergne-Rhône-Alpes'],COM,{63},{84}
e2470af7-479b-43f1-804a-3f09c671adf8,213003122,Commune de Sauveterre (30),false,{30312},Commune,2026-03-24 14:41:57.56054+01,gold_establishments_2025,,,,21300312200016,2025,Collectivité Territoriale,Commune,['Gard'],['Occitanie'],COM,{30},{76}
3c3f1dc2-d379-406b-8a00-14e1c5e0e784,213204183,Commune de Sauveterre (32),false,{32418},Commune,2026-03-24 14:41:58.09424+01,gold_establishments_2025,,,,21320418300015,2025,Collectivité Territoriale,Commune,['Gers'],['Occitanie'],COM,{32},{76}
c30f3f38-0a2d-4735-aed4-d3e88257338c,216504126,Commune de Sauveterre (65),false,{65412},Commune,2026-03-24 14:42:06.665412+01,gold_establishments_2025,,,,21650412600014,2025,Collectivité Territoriale,Commune,['Hautes-Pyrénées'],['Occitanie'],COM,{65},{76}
ec01f62a-269d-419d-ab0c-1939d174a7ab,218102788,Commune de Sauveterre (81),false,{81278},Commune,2026-03-24 14:42:09.967209+01,gold_establishments_2025,,,,21810278800013,2025,Collectivité Territoriale,Commune,['Tarn'],['Occitanie'],COM,{81},{76}
21293543-3fc2-4e76-88a8-ca84c106613a,218201770,Commune de Sauveterre (82),false,{82177},Commune,2026-03-24 14:42:10.508772+01,gold_establishments_2025,,,,21820177000011,2025,Collectivité Territoriale,Commune,['Tarn-et-Garonne'],['Occitanie'],COM,{82},{76}
680fa2bf-c0ef-4c05-be40-543d03be4c63,214702938,Commune de Sauveterre-Saint-Denis (47),false,{47293},Commune,2026-03-24 14:42:00.862623+01,gold_establishments_2025,,,,21470293800017,2025,Collectivité Territoriale,Commune,['Lot-et-Garonne'],['Nouvelle-Aquitaine'],COM,{47},{75}
d9879b3e-8069-4d85-8ea6-3f64d939ea12,216405134,Commune de Sauveterre-de-Béarn (64),false,{64513},Commune,2026-03-24 14:42:06.665412+01,gold_establishments_2025,,,,21640513400018,2025,Collectivité Territoriale,Commune,['Pyrénées-Atlantiques'],['Nouvelle-Aquitaine'],COM,{64},{75}
e9357ecc-57ff-42f9-ac24-42f166bde4cc,213105356,Commune de Sauveterre-de-Comminges (31),false,{31535},Commune,2026-03-24 14:41:58.09424+01,gold_establishments_2025,,,,21310535600017,2025,Collectivité Territoriale,Commune,['Haute-Garonne'],['Occitanie'],COM,{31},{76}
829c0c88-7695-430b-b3d3-9a61363148bb,213305063,Commune de Sauveterre-de-Guyenne (33),false,{33506},Commune,2026-03-24 14:41:58.620411+01,gold_establishments_2025,,,,21330506300017,2025,Collectivité Territoriale,Commune,['Gironde'],['Nouvelle-Aquitaine'],COM,{33},{75}
90004c34-ecf8-4e9f-81fb-d5871a054474,211202627,Commune de Sauveterre-de-Rouergue (12),false,{12262},Commune,2026-03-24 14:41:53.63825+01,gold_establishments_2025,,,,21120262700017,2025,Collectivité Territoriale,Commune,['Aveyron'],['Occitanie'],COM,{12},{76}
04df22bf-203d-4b77-af2b-c4702a3f8857,214702920,Commune de Sauveterre-la-Lémance (47),false,{47292},Commune,2026-03-24 14:42:00.862623+01,gold_establishments_2025,,,,21470292000015,2025,Collectivité Territoriale,Commune,['Lot-et-Garonne'],['Nouvelle-Aquitaine'],COM,{47},{75}
4b6d8dac-7286-46f4-9e2b-591a956564f7,213204191,Commune de Sauviac (32),false,{32419},Commune,2026-03-24 14:41:58.09424+01,gold_establishments_2025,,,,21320419100018,2025,Collectivité Territoriale,Commune,['Gers'],['Occitanie'],COM,{32},{76}
6a9a77f0-c833-41cc-a49a-3d2758c521ff,213305071,Commune de Sauviac (33),false,{33507},Commune,2026-03-24 14:41:58.620411+01,gold_establishments_2025,,,,21330507100010,2025,Collectivité Territoriale,Commune,['Gironde'],['Nouvelle-Aquitaine'],COM,{33},{75}
be06e934-c067-4553-a346-b13125858d9d,213402985,Commune de Sauvian (34),false,{34298},Commune,2026-03-24 14:41:58.620411+01,gold_establishments_2025,,,,21340298500112,2025,Collectivité Territoriale,Commune,['Hérault'],['Occitanie'],COM,{34},{76}
eb0f4540-3135-4a03-89e2-4c4f7270a53b,216304147,Commune de Sauviat (63),false,{63414},Commune,2026-03-24 14:42:06.130387+01,gold_establishments_2025,,,,21630414700012,2025,Collectivité Territoriale,Commune,['Puy-de-Dôme'],['Auvergne-Rhône-Alpes'],COM,{63},{84}
8294ed1d-2f21-479e-a283-59c27f089658,218719003,Commune de Sauviat-sur-Vige (87),false,{87190},Commune,2026-03-24 14:42:11.118516+01,gold_establishments_2025,,,,21871900300012,2025,Collectivité Territoriale,Commune,['Haute-Vienne'],['Nouvelle-Aquitaine'],COM,{87},{75}
65f77789-acb3-421c-9833-e5e3b2202753,211603659,Commune de Sauvignac (16),false,{16365},Commune,2026-03-24 14:41:54.362296+01,gold_establishments_2025,,,,21160365900015,2025,Collectivité Territoriale,Commune,['Charente'],['Nouvelle-Aquitaine'],COM,{16},{75}
3acf09b4-c026-4959-bc11-da49cc9892ac,217004795,Commune de Sauvigney-lès-Gray (70),false,{70479},Commune,2026-03-24 14:42:07.735343+01,gold_establishments_2025,,,,21700479500019,2025,Collectivité Territoriale,Commune,['Haute-Saône'],['Bourgogne-Franche-Comté'],COM,{70},{27}
5ec7cd0f-8d76-46fb-b5a3-79b84c4ce1dd,217004803,Commune de Sauvigney-lès-Pesmes (70),false,{70480},Commune,2026-03-24 14:42:07.735343+01,gold_establishments_2025,,,,21700480300011,2025,Collectivité Territoriale,Commune,['Haute-Saône'],['Bourgogne-Franche-Comté'],COM,{70},{27}
f65c20e6-5d17-4290-be54-d1e1255cb5cf,215504747,Commune de Sauvigny (55),false,{55474},Commune,2026-03-24 14:42:03.701372+01,gold_establishments_2025,,,,21550474700019,2025,Collectivité Territoriale,Commune,['Meuse'],['Grand Est'],COM,{55},{44}
3f289f3c-e7cd-4474-b409-d6d8e780fa39,218903771,Commune de Sauvigny-le-Beuréal (89),false,{89377},Commune,2026-03-24 14:42:11.659493+01,gold_establishments_2025,,,,21890377100010,2025,Collectivité Territoriale,Commune,['Yonne'],['Bourgogne-Franche-Comté'],COM,{89},{27}
060f1c34-cdcd-465d-a921-fe143e2a9f37,218903789,Commune de Sauvigny-le-Bois (89),false,{89378},Commune,2026-03-24 14:42:11.659493+01,gold_establishments_2025,,,,21890378900012,2025,Collectivité Territoriale,Commune,['Yonne'],['Bourgogne-Franche-Comté'],COM,{89},{27}
388fadb9-3220-4a51-b919-ff3b5544288f,215802737,Commune de Sauvigny-les-Bois (58),false,{58273},Commune,2026-03-24 14:42:04.280096+01,gold_establishments_2025,,,,21580273700019,2025,Collectivité Territoriale,Commune,['Nièvre'],['Bourgogne-Franche-Comté'],COM,{58},{27}
a51982c2-79ff-43d3-956f-9aa114466269,210803680,Commune de Sauville (08),false,{08405},Commune,2026-03-24 14:41:53.095366+01,gold_establishments_2025,,,,21080368000011,2025,Collectivité Territoriale,Commune,['Ardennes'],['Grand Est'],COM,{08},{44}
115d3ae7-b16d-4baa-b09f-eeb93e309fd7,218804482,Commune de Sauville (88),false,{88448},Commune,2026-03-24 14:42:11.118516+01,gold_establishments_2025,,,,21880448200014,2025,Collectivité Territoriale,Commune,['Vosges'],['Grand Est'],COM,{88},{44}
3d77b58c-0074-4d8c-a09b-0a5f3e077610,218006849,Commune de Sauvillers-Mongival (80),false,{80729},Commune,2026-03-24 14:42:09.967209+01,gold_establishments_2025,,,,21800684900010,2025,Collectivité Territoriale,Commune,['Somme'],['Hauts-de-France'],COM,{80},{32}
f66b093b-91d9-4a0b-89cb-b49ff086ef1d,213204209,Commune de Sauvimont (32),false,{32420},Commune,2026-03-24 14:41:58.09424+01,gold_establishments_2025,,,,21320420900018,2025,Collectivité Territoriale,Commune,['Gers'],['Occitanie'],COM,{32},{76}
c354986a-9e09-4f4e-9725-424ef3f3f196,215504754,Commune de Sauvoy (55),false,{55475},Commune,2026-03-24 14:42:03.701372+01,gold_establishments_2025,,,,21550475400015,2025,Collectivité Territoriale,Commune,['Meuse'],['Grand Est'],COM,{55},{44}
4bc36214-dd21-41dc-a5e7-ad645edd196d,213105364,Commune de Saux-et-Pomarède (31),false,{31536},Commune,2026-03-24 14:41:58.09424+01,gold_establishments_2025,,,,21310536400011,2025,Collectivité Territoriale,Commune,['Haute-Garonne'],['Occitanie'],COM,{31},{76}
4554b7d9-9061-4421-b3ec-e106bdd52cc2,216304154,Commune de Sauxillanges (63),false,{63415},Commune,2026-03-24 14:42:06.130387+01,gold_establishments_2025,,,,21630415400018,2025,Collectivité Territoriale,Commune,['Puy-de-Dôme'],['Auvergne-Rhône-Alpes'],COM,{63},{84}
0a094a71-24ac-4a32-a8de-1e4569a5f96c,210601332,Commune de Sauze (06),false,{06133},Commune,2026-03-24 14:41:52.562531+01,gold_establishments_2025,,,,21060133200013,2025,Collectivité Territoriale,Commune,['Alpes-Maritimes'],"[""Provence-Alpes-Côte d'Azur""]",COM,{06},{93}
aef62539-b8a0-4c3e-a543-96c3346e8a5b,213602139,Commune de Sauzelles (36),false,{36213},Commune,2026-03-24 14:41:59.160244+01,gold_establishments_2025,,,,21360213900015,2025,Collectivité Territoriale,Commune,['Indre'],['Centre-Val de Loire'],COM,{36},{24}
37583042-95ef-4cb2-afc3-7d76f2c390f4,212603385,Commune de Sauzet (26),false,{26338},Commune,2026-03-24 14:41:56.495197+01,gold_establishments_2025,,,,21260338500015,2025,Collectivité Territoriale,Commune,['Drôme'],['Auvergne-Rhône-Alpes'],COM,{26},{84}
6c6388a0-59d4-4a9f-b389-8207d0a859b0,213003130,Commune de Sauzet (30),false,{30313},Commune,2026-03-24 14:41:57.56054+01,gold_establishments_2025,,,,21300313000019,2025,Collectivité Territoriale,Commune,['Gard'],['Occitanie'],COM,{30},{76}
f9395a69-0689-4daa-ac69-768d45eb9dda,214603011,Commune de Sauzet (46),false,{46301},Commune,2026-03-24 14:42:00.862623+01,gold_establishments_2025,,,,21460301100013,2025,Collectivité Territoriale,Commune,['Lot'],['Occitanie'],COM,{46},{76}
042c669c-e3af-4d5a-9670-f873752f157e,215602418,Commune de Sauzon (56),false,{56241},Commune,2026-03-24 14:42:03.701372+01,gold_establishments_2025,,,,21560241800018,2025,Collectivité Territoriale,Commune,['Morbihan'],['Bretagne'],COM,{56},{53}
80f0b862-b1f7-4512-8199-fc1049a6ad61,217903079,Commune de Sauzé-entre-Bois (79),false,{79307},Commune,2026-03-24 14:42:09.43682+01,gold_establishments_2025,,,,21790307900010,2025,Collectivité Territoriale,Commune,['Deux-Sèvres'],['Nouvelle-Aquitaine'],COM,{79},{75}
6c718aa1-ea46-4a95-8c2d-c153f9c65cc9,213105372,Commune de Savarthès (31),false,{31537},Commune,2026-03-24 14:41:58.09424+01,gold_establishments_2025,,,,21310537200014,2025,Collectivité Territoriale,Commune,['Haute-Garonne'],['Occitanie'],COM,{31},{76}
1117235d-c5ce-4924-bbdd-d3e6de00ba6a,210703104,Commune de Savas (07),false,{07310},Commune,2026-03-24 14:41:52.562531+01,gold_establishments_2025,,,,21070310400013,2025,Collectivité Territoriale,Commune,['Ardèche'],['Auvergne-Rhône-Alpes'],COM,{07},{84}
c8f0b767-8541-4691-a7c0-2d74b3bce019,213804768,Commune de Savas-Mépin (38),false,{38476},Commune,2026-03-24 14:41:59.705606+01,gold_establishments_2025,,,,21380476800017,2025,Collectivité Territoriale,Commune,['Isère'],['Auvergne-Rhône-Alpes'],COM,{38},{84}
365897bf-9dce-49e5-836c-77cf8596df16,212603393,Commune de Savasse (26),false,{26339},Commune,2026-03-24 14:41:56.495197+01,gold_establishments_2025,,,,21260339300019,2025,Collectivité Territoriale,Commune,['Drôme'],['Auvergne-Rhône-Alpes'],COM,{26},{84}
4df99ec0-7cf8-48df-a5d9-25c54a019bde,214401952,Commune de Savenay (44),false,{44195},Commune,2026-03-24 14:42:00.862623+01,gold_establishments_2025,,,,21440195200129,2025,Collectivité Territoriale,Commune,['Loire-Atlantique'],['Pays de la Loire'],COM,{44},{52}
a386e8f6-ed20-4a7e-af0e-6203abc0dfff,212317002,Commune de Savennes (23),false,{23170},Commune,2026-03-24 14:41:55.958138+01,gold_establishments_2025,,,,21231700200013,2025,Collectivité Territoriale,Commune,['Creuse'],['Nouvelle-Aquitaine'],COM,{23},{75}
50c3ecd3-1b86-4c68-82cc-b0536e0e0c8e,216304162,Commune de Savennes (63),false,{63416},Commune,2026-03-24 14:42:06.130387+01,gold_establishments_2025,,,,21630416200011,2025,Collectivité Territoriale,Commune,['Puy-de-Dôme'],['Auvergne-Rhône-Alpes'],COM,{63},{84}
822fab8f-86bf-46c3-882a-9f501e1041a3,214903296,Commune de Savennières (49),false,{49329},Commune,2026-03-24 14:42:01.412377+01,gold_establishments_2025,,,,21490329600017,2025,Collectivité Territoriale,Commune,['Maine-et-Loire'],['Pays de la Loire'],COM,{49},{52}
cbf563bb-887f-4d73-8861-d8bcbe72b49f,218201788,Commune de Savenès (82),false,{82178},Commune,2026-03-24 14:42:10.508772+01,gold_establishments_2025,,,,21820178800013,2025,Collectivité Territoriale,Commune,['Tarn-et-Garonne'],['Occitanie'],COM,{82},{76}
eceddaae-252b-4a12-8163-e4f3f790f450,210902821,Commune de Saverdun (09),false,{09282},Commune,2026-03-24 14:41:53.095366+01,gold_establishments_2025,,,,21090282100011,2025,Collectivité Territoriale,Commune,['Ariège'],['Occitanie'],COM,{09},{76}
bdf66f8f-ad72-4bd0-91bc-0060ce3eada1,216704379,Commune de Saverne (67),false,{67437},Commune,2026-03-24 14:42:07.195692+01,gold_establishments_2025,,,,21670437900017,2025,Collectivité Territoriale,Commune,['Bas-Rhin'],['Grand Est'],COM,{67},{44}
773e8d48-a765-4504-aa9a-83d931389835,218006856,Commune de Saveuse (80),false,{80730},Commune,2026-03-24 14:42:09.967209+01,gold_establishments_2025,,,,21800685600015,2025,Collectivité Territoriale,Commune,['Somme'],['Hauts-de-France'],COM,{80},{32}
65a611c1-757b-494c-80e9-25e43cb6a60f,217105055,Commune de Savianges (71),false,{71505},Commune,2026-03-24 14:42:08.279287+01,gold_establishments_2025,,,,21710505500016,2025,Collectivité Territoriale,Commune,['Saône-et-Loire'],['Bourgogne-Franche-Comté'],COM,{71},{27}
10824236-7647-4a34-bb66-50aa89ef9350,211202635,Commune de Savignac (12),false,{12263},Commune,2026-03-24 14:41:53.63825+01,gold_establishments_2025,,,,21120263500010,2025,Collectivité Territoriale,Commune,['Aveyron'],['Occitanie'],COM,{12},{76}
a344512e-bd19-4feb-9aff-b93cd88bb9f3,213305089,Commune de Savignac (33),false,{33508},Commune,2026-03-24 14:41:58.620411+01,gold_establishments_2025,,,,21330508900012,2025,Collectivité Territoriale,Commune,['Gironde'],['Nouvelle-Aquitaine'],COM,{33},{75}
a6f71920-43af-49f1-bc08-136c2807dd0e,212405260,Commune de Savignac-Lédrier (24),false,{24526},Commune,2026-03-24 14:41:55.958138+01,gold_establishments_2025,,,,21240526000010,2025,Collectivité Territoriale,Commune,['Dordogne'],['Nouvelle-Aquitaine'],COM,{24},{75}
31c67440-8052-470a-96de-65c63c63aeb6,213204217,Commune de Savignac-Mona (32),false,{32421},Commune,2026-03-24 14:41:58.09424+01,gold_establishments_2025,,,,21320421700011,2025,Collectivité Territoriale,Commune,['Gers'],['Occitanie'],COM,{32},{76}
f2fd8f07-9032-467a-b58c-21e0c43fce09,214702946,Commune de Savignac-de-Duras (47),false,{47294},Commune,2026-03-24 14:42:00.862623+01,gold_establishments_2025,,,,21470294600010,2025,Collectivité Territoriale,Commune,['Lot-et-Garonne'],['Nouvelle-Aquitaine'],COM,{47},{75}
f38e0211-f670-4f9d-b629-415dae0ab61e,212405245,Commune de Savignac-de-Miremont (24),false,{24524},Commune,2026-03-24 14:41:55.958138+01,gold_establishments_2025,,,,21240524500011,2025,Collectivité Territoriale,Commune,['Dordogne'],['Nouvelle-Aquitaine'],COM,{24},{75}
5c2ef473-d611-4aeb-af04-40559c75c57f,212405252,Commune de Savignac-de-Nontron (24),false,{24525},Commune,2026-03-24 14:41:55.958138+01,gold_establishments_2025,,,,21240525200017,2025,Collectivité Territoriale,Commune,['Dordogne'],['Nouvelle-Aquitaine'],COM,{24},{75}
68aaf0e0-85cf-4bb3-83bb-ffe6c0eb39bb,213305097,Commune de Savignac-de-l'Isle (33),false,{33509},Commune,2026-03-24 14:41:58.620411+01,gold_establishments_2025,,,,21330509700015,2025,Collectivité Territoriale,Commune,['Gironde'],['Nouvelle-Aquitaine'],COM,{33},{75}
c45a733a-0fa8-457f-a404-92673653a044,210902839,Commune de Savignac-les-Ormeaux (09),false,{09283},Commune,2026-03-24 14:41:53.095366+01,gold_establishments_2025,,,,21090283900013,2025,Collectivité Territoriale,Commune,['Ariège'],['Occitanie'],COM,{09},{76}
e38cbe68-b335-4a9b-a7a8-0de8f25ef389,212405278,Commune de Savignac-les-Églises (24),false,{24527},Commune,2026-03-24 14:41:55.958138+01,gold_establishments_2025,,,,21240527800012,2025,Collectivité Territoriale,Commune,['Dordogne'],['Nouvelle-Aquitaine'],COM,{24},{75}
d3677455-1996-49a2-b0bf-2f6d9282f48e,214702953,Commune de Savignac-sur-Leyze (47),false,{47295},Commune,2026-03-24 14:42:00.862623+01,gold_establishments_2025,,,,21470295300016,2025,Collectivité Territoriale,Commune,['Lot-et-Garonne'],['Nouvelle-Aquitaine'],COM,{47},{75}
9c901152-fe2f-40e2-943a-a0426fe7227e,213003148,Commune de Savignargues (30),false,{30314},Commune,2026-03-24 14:41:57.56054+01,gold_establishments_2025,,,,21300314800011,2025,Collectivité Territoriale,Commune,['Gard'],['Occitanie'],COM,{30},{76}
fa27ec69-181f-4f72-9093-36b6ef0ec6d2,210103982,Commune de Savigneux (01),false,{01398},Commune,2026-03-24 14:41:51.447482+01,gold_establishments_2025,,,,21010398200018,2025,Collectivité Territoriale,Commune,['Ain'],['Auvergne-Rhône-Alpes'],COM,{01},{84}
fdb34d1d-fefe-4daf-bf47-7e39b2630cdd,214202996,Commune de Savigneux (42),false,{42299},Commune,2026-03-24 14:42:00.273698+01,gold_establishments_2025,,,,21420299600010,2025,Collectivité Territoriale,Commune,['Loire'],['Auvergne-Rhône-Alpes'],COM,{42},{84}
5f01c5a2-9835-4543-b2f7-71b3a427715b,216006007,Commune de Savignies (60),false,{60609},Commune,2026-03-24 14:42:04.814328+01,gold_establishments_2025,,,,21600600700050,2025,Collectivité Territoriale,Commune,['Oise'],['Hauts-de-France'],COM,{60},{32}
e6fca988-1d59-4b8c-9d8c-1202958bf285,215005695,Commune de Savigny (50),false,{50569},Commune,2026-03-24 14:42:01.412377+01,gold_establishments_2025,,,,21500569500014,2025,Collectivité Territoriale,Commune,['Manche'],['Normandie'],COM,{50},{28}
09481c7b-1277-4289-bfdc-f78b66f42df5,215204215,Commune de Savigny (52),false,{52467},Commune,2026-03-24 14:42:01.954481+01,gold_establishments_2025,,,,21520421500010,2025,Collectivité Territoriale,Commune,['Haute-Marne'],['Grand Est'],COM,{52},{44}
1c6ae040-077b-4655-b927-090eced1a99e,216901751,Commune de Savigny (69),false,{69175},Commune,2026-03-24 14:42:07.195692+01,gold_establishments_2025,,,,21690175100018,2025,Collectivité Territoriale,Commune,['Rhône'],['Auvergne-Rhône-Alpes'],COM,{69},{84}
384eee99-9b91-4eec-b708-4752eb19afd8,217402601,Commune de Savigny (74),false,{74260},Commune,2026-03-24 14:42:08.818969+01,gold_establishments_2025,,,,21740260100017,2025,Collectivité Territoriale,Commune,['Haute-Savoie'],['Auvergne-Rhône-Alpes'],COM,{74},{84}
596aa0be-bfaa-4548-bb38-f2bb96bd6577,218804490,Commune de Savigny (88),false,{88449},Commune,2026-03-24 14:42:11.118516+01,gold_establishments_2025,,,,21880449000017,2025,Collectivité Territoriale,Commune,['Vosges'],['Grand Est'],COM,{88},{44}
8e7e36d1-a78c-4e34-9a24-dd2b76e7df42,218602563,Commune de Savigny-Lévescault (86),false,{86256},Commune,2026-03-24 14:42:11.118516+01,gold_establishments_2025,,,,21860256300015,2025,Collectivité Territoriale,Commune,['Vienne'],['Nouvelle-Aquitaine'],COM,{86},{75}
b9e00146-9a1d-4f7f-b6ae-0b6a078af500,215802745,Commune de Savigny-Poil-Fol (58),false,{58274},Commune,2026-03-24 14:42:04.280096+01,gold_establishments_2025,,,,21580274500012,2025,Collectivité Territoriale,Commune,['Nièvre'],['Bourgogne-Franche-Comté'],COM,{58},{27}
e457bf95-c67a-4e06-b1ac-13b0499dc0d4,217105063,Commune de Savigny-en-Revermont (71),false,{71506},Commune,2026-03-24 14:42:08.279287+01,gold_establishments_2025,,,,21710506300010,2025,Collectivité Territoriale,Commune,['Saône-et-Loire'],['Bourgogne-Franche-Comté'],COM,{71},{27}
da8e018b-e8a3-48a7-b1fc-8e1b36e25687,211802467,Commune de Savigny-en-Sancerre (18),false,{18246},Commune,2026-03-24 14:41:54.903238+01,gold_establishments_2025,,,,21180246700012,2025,Collectivité Territoriale,Commune,['Cher'],['Centre-Val de Loire'],COM,{18},{24}
3fbf5a0b-1bcb-40f1-8c2f-7d84feb195fc,211802475,Commune de Savigny-en-Septaine (18),false,{18247},Commune,2026-03-24 14:41:54.903238+01,gold_establishments_2025,,,,21180247500015,2025,Collectivité Territoriale,Commune,['Cher'],['Centre-Val de Loire'],COM,{18},{24}
43765f57-7c05-43a3-ab7f-a3837a5ba833,218903797,Commune de Savigny-en-Terre-Plaine (89),false,{89379},Commune,2026-03-24 14:42:11.659493+01,gold_establishments_2025,,,,21890379700015,2025,Collectivité Territoriale,Commune,['Yonne'],['Bourgogne-Franche-Comté'],COM,{89},{27}
ef8ca31a-a06e-43c3-82e1-7422d737ec94,213702426,Commune de Savigny-en-Véron (37),false,{37242},Commune,2026-03-24 14:41:59.160244+01,gold_establishments_2025,,,,21370242600015,2025,Collectivité Territoriale,Commune,['Indre-et-Loire'],['Centre-Val de Loire'],COM,{37},{24}
0f070cc0-7be6-459f-b7f9-be43fe464dde,212105910,Commune de Savigny-le-Sec (21),false,{21591},Commune,2026-03-24 14:41:55.433389+01,gold_establishments_2025,,,,21210591000013,2025,Collectivité Territoriale,Commune,"[""Côte-d'Or""]",['Bourgogne-Franche-Comté'],COM,{21},{27}
d786ec1d-1957-4711-ac9f-e7b42b911ddc,217704451,Commune de Savigny-le-Temple (77),false,{77445},Commune,2026-03-24 14:42:09.43682+01,gold_establishments_2025,,,,21770445100210,2025,Collectivité Territoriale,Commune,['Seine-et-Marne'],['Île-de-France'],COM,{77},{11}
0a6db179-66d0-47ec-99f3-99ab7ac398d3,215005703,Commune de Savigny-le-Vieux (50),false,{50570},Commune,2026-03-24 14:42:01.412377+01,gold_establishments_2025,,,,21500570300016,2025,Collectivité Territoriale,Commune,['Manche'],['Normandie'],COM,{50},{28}
6bf50cd5-7aee-40da-b858-33cc0e333de0,212105902,Commune de Savigny-lès-Beaune (21),false,{21590},Commune,2026-03-24 14:41:55.433389+01,gold_establishments_2025,,,,21210590200010,2025,Collectivité Territoriale,Commune,"[""Côte-d'Or""]",['Bourgogne-Franche-Comté'],COM,{21},{27}
fe623779-2b3a-4b49-9315-ec37b3d6d58f,218602571,Commune de Savigny-sous-Faye (86),false,{86257},Commune,2026-03-24 14:42:11.118516+01,gold_establishments_2025,,,,21860257100018,2025,Collectivité Territoriale,Commune,['Vienne'],['Nouvelle-Aquitaine'],COM,{86},{75}
2c50852a-37ab-46c1-b3d5-86b55107c82d,212105928,Commune de Savigny-sous-Mâlain (21),false,{21592},Commune,2026-03-24 14:41:55.433389+01,gold_establishments_2025,,,,21210592800015,2025,Collectivité Territoriale,Commune,"[""Côte-d'Or""]",['Bourgogne-Franche-Comté'],COM,{21},{27}
c737427c-22e7-4853-82b6-2b7f82dcb7fc,210803698,Commune de Savigny-sur-Aisne (08),false,{08406},Commune,2026-03-24 14:41:53.095366+01,gold_establishments_2025,,,,21080369800013,2025,Collectivité Territoriale,Commune,['Ardennes'],['Grand Est'],COM,{08},{44}
95adcdfd-16d5-4b1e-83ba-9543eacb8e57,215104902,Commune de Savigny-sur-Ardres (51),false,{51527},Commune,2026-03-24 14:42:01.954481+01,gold_establishments_2025,,,,21510490200014,2025,Collectivité Territoriale,Commune,['Marne'],['Grand Est'],COM,{51},{44}
f370cc15-13da-4de4-8efd-08bd5df0f8de,214102386,Commune de Savigny-sur-Braye (41),false,{41238},Commune,2026-03-24 14:42:00.273698+01,gold_establishments_2025,,,,21410238600015,2025,Collectivité Territoriale,Commune,['Loir-et-Cher'],['Centre-Val de Loire'],COM,{41},{24}
083c955e-f725-4ac6-8c74-d8d5c05f3fcc,218903805,Commune de Savigny-sur-Clairis (89),false,{89380},Commune,2026-03-24 14:42:11.659493+01,gold_establishments_2025,,,,21890380500016,2025,Collectivité Territoriale,Commune,['Yonne'],['Bourgogne-Franche-Comté'],COM,{89},{27}
ed120cef-0d37-46d0-9535-1dc02458d34a,217105071,Commune de Savigny-sur-Grosne (71),false,{71507},Commune,2026-03-24 14:42:08.279287+01,gold_establishments_2025,,,,21710507100013,2025,Collectivité Territoriale,Commune,['Saône-et-Loire'],['Bourgogne-Franche-Comté'],COM,{71},{27}
62d945e0-6e70-48f9-b43a-71e27066d703,219105897,Commune de Savigny-sur-Orge (91),false,{91589},Commune,2026-03-24 14:42:11.659493+01,gold_establishments_2025,,,,21910589700017,2025,Collectivité Territoriale,Commune,['Essonne'],['Île-de-France'],COM,{91},{11}
eead6ab4-a65b-4908-925c-c123b986bed9,217105089,Commune de Savigny-sur-Seille (71),false,{71508},Commune,2026-03-24 14:42:08.279287+01,gold_establishments_2025,,,,21710508900015,2025,Collectivité Territoriale,Commune,['Saône-et-Loire'],['Bourgogne-Franche-Comté'],COM,{71},{27}
b7af55d1-72ae-4ac8-9b44-48e9d015da7f,218602555,Commune de Savigné (86),false,{86255},Commune,2026-03-24 14:42:11.118516+01,gold_establishments_2025,,,,21860255500011,2025,Collectivité Territoriale,Commune,['Vienne'],['Nouvelle-Aquitaine'],COM,{86},{75}
9a210010-4561-476a-aa41-05667421d141,217203298,Commune de Savigné-l'Évêque (72),false,{72329},Commune,2026-03-24 14:42:08.279287+01,gold_establishments_2025,,,,21720329800013,2025,Collectivité Territoriale,Commune,['Sarthe'],['Pays de la Loire'],COM,{72},{52}
48bc3f33-01bc-4a3b-81dc-7748bbad061e,217203306,Commune de Savigné-sous-le-Lude (72),false,{72330},Commune,2026-03-24 14:42:08.279287+01,gold_establishments_2025,,,,21720330600014,2025,Collectivité Territoriale,Commune,['Sarthe'],['Pays de la Loire'],COM,{72},{52}
6f0ad082-7e23-409f-b140-4f0233e95a24,213702418,Commune de Savigné-sur-Lathan (37),false,{37241},Commune,2026-03-24 14:41:59.160244+01,gold_establishments_2025,,,,21370241800012,2025,Collectivité Territoriale,Commune,['Indre-et-Loire'],['Centre-Val de Loire'],COM,{37},{24}
f69c53c4-12de-4ea9-8432-384ff666b987,212105936,Commune de Savilly (21),false,{21593},Commune,2026-03-24 14:41:55.433389+01,gold_establishments_2025,,,,21210593600018,2025,Collectivité Territoriale,Commune,"[""Côte-d'Or""]",['Bourgogne-Franche-Comté'],COM,{21},{27}
ad76c791-05e8-4e01-92bc-027ed141cc99,210501649,Commune de Savines-le-Lac (05),false,{05164},Commune,2026-03-24 14:41:52.562531+01,gold_establishments_2025,,,,21050164900011,2025,Collectivité Territoriale,Commune,['Hautes-Alpes'],"[""Provence-Alpes-Côte d'Azur""]",COM,{05},{93}
8860b24c-5e61-465b-9e1f-63d31c34257f,217704469,Commune de Savins (77),false,{77446},Commune,2026-03-24 14:42:09.43682+01,gold_establishments_2025,,,,21770446900014,2025,Collectivité Territoriale,Commune,['Seine-et-Marne'],['Île-de-France'],COM,{77},{11}
610c484e-8791-4caf-ba51-e4b6e81721ab,211003579,Commune de Savières (10),false,{10368},Commune,2026-03-24 14:41:53.095366+01,gold_establishments_2025,,,,21100357900011,2025,Collectivité Territoriale,Commune,['Aube'],['Grand Est'],COM,{10},{44}
de03d8f4-e8ea-4e7a-a97c-22186a7a0598,218401255,Commune de Savoillan (84),false,{84125},Commune,2026-03-24 14:42:10.508772+01,gold_establishments_2025,,,,21840125500011,2025,Collectivité Territoriale,Commune,['Vaucluse'],"[""Provence-Alpes-Côte d'Azur""]",COM,{84},{93}
60ef4459-30d7-4ba5-a1b7-ad5252066b04,212105944,Commune de Savoisy (21),false,{21594},Commune,2026-03-24 14:41:55.433389+01,gold_establishments_2025,,,,21210594400012,2025,Collectivité Territoriale,Commune,"[""Côte-d'Or""]",['Bourgogne-Franche-Comté'],COM,{21},{27}
3b161f78-2f74-49e5-9aa2-bf77c7a561de,212105951,Commune de Savolles (21),false,{21595},Commune,2026-03-24 14:41:55.433389+01,gold_establishments_2025,,,,21210595100017,2025,Collectivité Territoriale,Commune,"[""Côte-d'Or""]",['Bourgogne-Franche-Comté'],COM,{21},{27}
dd02fae8-29dd-4723-9a00-7b47300062c7,213702434,Commune de Savonnières (37),false,{37243},Commune,2026-03-24 14:41:59.160244+01,gold_establishments_2025,,,,21370243400019,2025,Collectivité Territoriale,Commune,['Indre-et-Loire'],['Centre-Val de Loire'],COM,{37},{24}
4e8eef7f-0eaf-406d-ae4e-e86637aaca66,215504762,Commune de Savonnières-devant-Bar (55),false,{55476},Commune,2026-03-24 14:42:03.701372+01,gold_establishments_2025,,,,21550476200059,2025,Collectivité Territoriale,Commune,['Meuse'],['Grand Est'],COM,{55},{44}
6c6247b9-ed1e-4a72-a370-6c77c033bb2e,215504770,Commune de Savonnières-en-Perthois (55),false,{55477},Commune,2026-03-24 14:42:03.701372+01,gold_establishments_2025,,,,21550477000011,2025,Collectivité Territoriale,Commune,['Meuse'],['Grand Est'],COM,{55},{44}
b5896aaf-68a3-4972-830a-c6d6ca4fe5a4,212105969,Commune de Savouges (21),false,{21596},Commune,2026-03-24 14:41:55.433389+01,gold_establishments_2025,,,,21210596900019,2025,Collectivité Territoriale,Commune,"[""Côte-d'Or""]",['Bourgogne-Franche-Comté'],COM,{21},{27}
f3609981-a582-4a7e-b6ce-5463fe50655c,210501656,Commune de Savournon (05),false,{05165},Commune,2026-03-24 14:41:52.562531+01,gold_establishments_2025,,,,21050165600016,2025,Collectivité Territoriale,Commune,['Hautes-Alpes'],"[""Provence-Alpes-Côte d'Azur""]",COM,{05},{93}
9cf9b5c9-6fca-4969-85ad-1835a96163dc,217004811,Commune de Savoyeux (70),false,{70481},Commune,2026-03-24 14:42:07.735343+01,gold_establishments_2025,,,,21700481100014,2025,Collectivité Territoriale,Commune,['Haute-Saône'],['Bourgogne-Franche-Comté'],COM,{70},{27}
88ce7ed0-0e93-4cd1-8307-7787d5ab8d2f,210206751,Commune de Savy (02),false,{02702},Commune,2026-03-24 14:41:52.020251+01,gold_establishments_2025,,,,21020675100013,2025,Collectivité Territoriale,Commune,['Aisne'],['Hauts-de-France'],COM,{02},{32}
f72a4c5e-d412-435e-b5bc-685c51503df7,216207852,Commune de Savy-Berlette (62),false,{62785},Commune,2026-03-24 14:42:06.130387+01,gold_establishments_2025,,,,21620785200064,2025,Collectivité Territoriale,Commune,['Pas-de-Calais'],['Hauts-de-France'],COM,{62},{32}
d6c6b4d3-65f1-485e-86fa-c432e2a77376,213105380,Commune de Savères (31),false,{31538},Commune,2026-03-24 14:41:58.09424+01,gold_establishments_2025,,,,21310538000017,2025,Collectivité Territoriale,Commune,['Haute-Garonne'],['Occitanie'],COM,{31},{76}
0e062609-cd2c-4902-8d9e-ebb2fe6006ff,217402619,Commune de Saxel (74),false,{74261},Commune,2026-03-24 14:42:08.818969+01,gold_establishments_2025,,,,21740261900019,2025,Collectivité Territoriale,Commune,['Haute-Savoie'],['Auvergne-Rhône-Alpes'],COM,{74},{84}
8c6aba75-a199-41eb-9fa3-915565e93501,215802752,Commune de Saxi-Bourdon (58),false,{58275},Commune,2026-03-24 14:42:04.280096+01,gold_establishments_2025,,,,21580275200018,2025,Collectivité Territoriale,Commune,['Nièvre'],['Bourgogne-Franche-Comté'],COM,{58},{27}
3591ca9b-4c07-4fd4-b7fe-1bb62a2dc45f,215404971,Commune de Saxon-Sion (54),false,{54497},Commune,2026-03-24 14:42:02.957225+01,gold_establishments_2025,,,,21540497100016,2025,Collectivité Territoriale,Commune,['Meurthe-et-Moselle'],['Grand Est'],COM,{54},{44}
424aa4e2-47f0-4605-88c7-19d6e9ebc123,216304170,Commune de Sayat (63),false,{63417},Commune,2026-03-24 14:42:06.130387+01,gold_establishments_2025,,,,21630417000014,2025,Collectivité Territoriale,Commune,['Puy-de-Dôme'],['Auvergne-Rhône-Alpes'],COM,{63},{84}
4e13d8c6-5a5f-4498-8f02-ac02efb73920,213003155,Commune de Saze (30),false,{30315},Commune,2026-03-24 14:41:57.56054+01,gold_establishments_2025,,,,21300315500016,2025,Collectivité Territoriale,Commune,['Gard'],['Occitanie'],COM,{30},{76}
feb3895b-8466-4dcd-8087-748fce72b1c0,213602147,Commune de Sazeray (36),false,{36214},Commune,2026-03-24 14:41:59.160244+01,gold_establishments_2025,,,,21360214700018,2025,Collectivité Territoriale,Commune,['Indre'],['Centre-Val de Loire'],COM,{36},{24}
5bbf4661-608e-4800-a1e1-504fb8606179,210302709,Commune de Sazeret (03),false,{03270},Commune,2026-03-24 14:41:52.020251+01,gold_establishments_2025,,,,21030270900014,2025,Collectivité Territoriale,Commune,['Allier'],['Auvergne-Rhône-Alpes'],COM,{03},{84}
8553ca80-41b9-46cd-af3e-4ff21e45a114,213702442,Commune de Sazilly (37),false,{37244},Commune,2026-03-24 14:41:59.160244+01,gold_establishments_2025,,,,21370244200012,2025,Collectivité Territoriale,Commune,['Indre-et-Loire'],['Centre-Val de Loire'],COM,{37},{24}
667df14c-19ea-4968-ab03-3ead125aaf40,216504134,Commune de Sazos (65),false,{65413},Commune,2026-03-24 14:42:06.665412+01,gold_establishments_2025,,,,21650413400018,2025,Collectivité Territoriale,Commune,['Hautes-Pyrénées'],['Occitanie'],COM,{65},{76}
44e8fa64-e456-4cb6-a478-801b6df27b9a,217703974,Commune de Saâcy-sur-Marne (77),false,{77397},Commune,2026-03-24 14:42:09.43682+01,gold_establishments_2025,,,,21770397400014,2025,Collectivité Territoriale,Commune,['Seine-et-Marne'],['Île-de-France'],COM,{77},{11}
a38ebd95-a620-4958-ba8a-9c7d9d5d4a17,217605492,Commune de Saâne-Saint-Just (76),false,{76549},Commune,2026-03-24 14:42:08.818969+01,gold_establishments_2025,,,,21760549200016,2025,Collectivité Territoriale,Commune,['Seine-Maritime'],['Normandie'],COM,{76},{28}
5c4173c7-7df5-4cd5-9718-826f7e73c1a1,218102739,Commune de Saïx (81),false,{81273},Commune,2026-03-24 14:42:09.967209+01,gold_establishments_2025,,,,21810273900115,2025,Collectivité Territoriale,Commune,['Tarn'],['Occitanie'],COM,{81},{76}
664aaf52-4d4d-4a84-981d-95101004c4cf,212505325,Commune de Saône (25),false,{25532},Commune,2026-03-24 14:41:56.495197+01,gold_establishments_2025,,,,21250532500010,2025,Collectivité Territoriale,Commune,['Doubs'],['Bourgogne-Franche-Comté'],COM,{25},{27}
a8fe8c54-9493-451b-9617-7bc8cb1f7086,219733524,Commune de Saül (973),false,{97352},Commune,2026-03-24 14:42:11.659493+01,gold_establishments_2025,,,,21973352400017,2025,Collectivité Territoriale,Commune,['Guyane'],['Guyane'],COM,{973},{03}
094656ed-d5ac-49ae-b417-52bd1d6bc12e,212002737,Commune de Scata (2B),false,{2B273},Commune,2026-03-24 14:41:57.56054+01,gold_establishments_2025,,,,21200273700014,2025,Collectivité Territoriale,Commune,['Haute-Corse'],['Corse'],COM,{2B},{94}
821fd873-73d8-4a5a-bd40-84c1726db81b,212902746,Commune de Scaër (29),false,{29274},Commune,2026-03-24 14:41:57.56054+01,gold_establishments_2025,,,,21290274600016,2025,Collectivité Territoriale,Commune,['Finistère'],['Bretagne'],COM,{29},{53}
dd8110ea-8bab-4067-a9a9-0c15e68f61d1,212405286,Commune de Sceau-Saint-Angel (24),false,{24528},Commune,2026-03-24 14:41:55.958138+01,gold_establishments_2025,,,,21240528600015,2025,Collectivité Territoriale,Commune,['Dordogne'],['Nouvelle-Aquitaine'],COM,{24},{75}
0b7a5602-2525-4920-95cc-dbe0842944ae,210703112,Commune de Sceautres (07),false,{07311},Commune,2026-03-24 14:41:52.562531+01,gold_establishments_2025,,,,21070311200016,2025,Collectivité Territoriale,Commune,['Ardèche'],['Auvergne-Rhône-Alpes'],COM,{07},{84}
c735e028-32e5-4ed2-a3a1-b34f457862c9,219200714,Commune de Sceaux (92),false,{92071},Commune,2026-03-24 14:42:11.659493+01,gold_establishments_2025,,,,21920071400018,2025,Collectivité Territoriale,Commune,['Hauts-de-Seine'],['Île-de-France'],COM,{92},{11}
e0af4318-3f71-4e37-8828-04e0ccc4c94c,214903304,Commune de Sceaux-d'Anjou (49),false,{49330},Commune,2026-03-24 14:42:01.412377+01,gold_establishments_2025,,,,21490330400019,2025,Collectivité Territoriale,Commune,['Maine-et-Loire'],['Pays de la Loire'],COM,{49},{52}
b644a700-98bf-4416-811b-3944ad382372,214503039,Commune de Sceaux-du-Gâtinais (45),false,{45303},Commune,2026-03-24 14:42:00.862623+01,gold_establishments_2025,,,,21450303900015,2025,Collectivité Territoriale,Commune,['Loiret'],['Centre-Val de Loire'],COM,{45},{24}
9d7b2e04-e2d9-461a-82c1-1b3c5f932cb5,217203314,Commune de Sceaux-sur-Huisne (72),false,{72331},Commune,2026-03-24 14:42:08.279287+01,gold_establishments_2025,,,,21720331400018,2025,Collectivité Territoriale,Commune,['Sarthe'],['Pays de la Loire'],COM,{72},{52}
ab36fe54-73fb-4241-8b20-ff2cd65b46b6,212505374,Commune de Scey-Maisières (25),false,{25537},Commune,2026-03-24 14:41:56.495197+01,gold_establishments_2025,,,,21250537400018,2025,Collectivité Territoriale,Commune,['Doubs'],['Bourgogne-Franche-Comté'],COM,{25},{27}
b29fe16a-bdf5-4c0d-83fe-dbfb2161d0d7,217004829,Commune de Scey-sur-Saône-et-Saint-Albin (70),false,{70482},Commune,2026-03-24 14:42:07.735343+01,gold_establishments_2025,,,,21700482900016,2025,Collectivité Territoriale,Commune,['Haute-Saône'],['Bourgogne-Franche-Comté'],COM,{70},{27}
210b94ea-fed6-41f8-bfd5-e371c56df132,216704387,Commune de Schaeffersheim (67),false,{67438},Commune,2026-03-24 14:42:07.195692+01,gold_establishments_2025,,,,21670438700010,2025,Collectivité Territoriale,Commune,['Bas-Rhin'],['Grand Est'],COM,{67},{44}
3aa971e1-6567-4539-9613-37a085a415b6,216704403,Commune de Schaffhouse-près-Seltz (67),false,{67440},Commune,2026-03-24 14:42:07.195692+01,gold_establishments_2025,,,,21670440300015,2025,Collectivité Territoriale,Commune,['Bas-Rhin'],['Grand Est'],COM,{67},{44}
24561f02-90ba-41e8-b49e-98271f52fb2a,215706359,Commune de Schalbach (57),false,{57635},Commune,2026-03-24 14:42:04.280096+01,gold_establishments_2025,,,,21570635900019,2025,Collectivité Territoriale,Commune,['Moselle'],['Grand Est'],COM,{57},{44}
1ad9e4ca-b3bc-42e9-8c9a-c8179ba9092a,216704411,Commune de Schalkendorf (67),false,{67441},Commune,2026-03-24 14:42:07.195692+01,gold_establishments_2025,,,,21670441100018,2025,Collectivité Territoriale,Commune,['Bas-Rhin'],['Grand Est'],COM,{67},{44}
06099c03-2899-42a3-9587-56e5a39cb9e7,216704429,Commune de Scharrachbergheim-Irmstett (67),false,{67442},Commune,2026-03-24 14:42:07.195692+01,gold_establishments_2025,,,,21670442900051,2025,Collectivité Territoriale,Commune,['Bas-Rhin'],['Grand Est'],COM,{67},{44}
cec54aa4-fd76-4b59-8cc3-1240e86dad29,216704437,Commune de Scheibenhard (67),false,{67443},Commune,2026-03-24 14:42:07.195692+01,gold_establishments_2025,,,,21670443700013,2025,Collectivité Territoriale,Commune,['Bas-Rhin'],['Grand Est'],COM,{67},{44}
81cb9c6c-b51e-4253-ace3-e6753724bfdf,216704445,Commune de Scherlenheim (67),false,{67444},Commune,2026-03-24 14:42:07.195692+01,gold_establishments_2025,,,,21670444500016,2025,Collectivité Territoriale,Commune,['Bas-Rhin'],['Grand Est'],COM,{67},{44}
acf764d7-2ddf-4085-b974-1bb2183a7b3d,216704452,Commune de Scherwiller (67),false,{67445},Commune,2026-03-24 14:42:07.195692+01,gold_establishments_2025,,,,21670445200012,2025,Collectivité Territoriale,Commune,['Bas-Rhin'],['Grand Est'],COM,{67},{44}
73e63c00-8228-430f-8c94-027e1a0b2216,216704460,Commune de Schillersdorf (67),false,{67446},Commune,2026-03-24 14:42:07.195692+01,gold_establishments_2025,,,,21670446000015,2025,Collectivité Territoriale,Commune,['Bas-Rhin'],['Grand Est'],COM,{67},{44}
21c0d403-bafb-4600-96ac-5ed394c8396d,216704478,Commune de Schiltigheim (67),false,{67447},Commune,2026-03-24 14:42:07.195692+01,gold_establishments_2025,,,,21670447800017,2025,Collectivité Territoriale,Commune,['Bas-Rhin'],['Grand Est'],COM,{67},{44}
229dd1af-0da4-4b11-a731-650834cff0f1,216704486,Commune de Schirmeck (67),false,{67448},Commune,2026-03-24 14:42:07.195692+01,gold_establishments_2025,,,,21670448600101,2025,Collectivité Territoriale,Commune,['Bas-Rhin'],['Grand Est'],COM,{67},{44}
c8a54589-15f6-4455-961b-766978e9ce4a,216704494,Commune de Schirrhein (67),false,{67449},Commune,2026-03-24 14:42:07.195692+01,gold_establishments_2025,,,,21670449400014,2025,Collectivité Territoriale,Commune,['Bas-Rhin'],['Grand Est'],COM,{67},{44}
70b0032a-0d17-4562-b418-7d2d5f04a79a,216704502,Commune de Schirrhoffen (67),false,{67450},Commune,2026-03-24 14:42:07.195692+01,gold_establishments_2025,,,,21670450200014,2025,Collectivité Territoriale,Commune,['Bas-Rhin'],['Grand Est'],COM,{67},{44}
e31f66cc-a1d2-432b-bb9f-7814b49f5a37,216704510,Commune de Schleithal (67),false,{67451},Commune,2026-03-24 14:42:07.195692+01,gold_establishments_2025,,,,21670451000017,2025,Collectivité Territoriale,Commune,['Bas-Rhin'],['Grand Est'],COM,{67},{44}
8058ab22-2e34-4bae-b5ea-9d6304a38655,216803015,Commune de Schlierbach (68),false,{68301},Commune,2026-03-24 14:42:07.195692+01,gold_establishments_2025,,,,21680301500017,2025,Collectivité Territoriale,Commune,['Haut-Rhin'],['Grand Est'],COM,{68},{44}
d4b54e1d-cab8-43ad-99d6-11771123dd79,215706367,Commune de Schmittviller (57),false,{57636},Commune,2026-03-24 14:42:04.280096+01,gold_establishments_2025,,,,21570636700012,2025,Collectivité Territoriale,Commune,['Moselle'],['Grand Est'],COM,{57},{44}
78211ac2-b33c-4c21-b50b-40cc03dfff8b,215706375,Commune de Schneckenbusch (57),false,{57637},Commune,2026-03-24 14:42:04.280096+01,gold_establishments_2025,,,,21570637500015,2025,Collectivité Territoriale,Commune,['Moselle'],['Grand Est'],COM,{57},{44}
a5085435-ce26-47da-98c9-4a5bbcb4300b,216704528,Commune de Schnersheim (67),false,{67452},Commune,2026-03-24 14:42:07.195692+01,gold_establishments_2025,,,,21670452800019,2025,Collectivité Territoriale,Commune,['Bas-Rhin'],['Grand Est'],COM,{67},{44}
b1379009-0d0b-41fa-aca2-9b757afaf90d,216704569,Commune de Schopperten (67),false,{67456},Commune,2026-03-24 14:42:07.195692+01,gold_establishments_2025,,,,21670456900013,2025,Collectivité Territoriale,Commune,['Bas-Rhin'],['Grand Est'],COM,{67},{44}
e12b0d4a-d255-4bba-b449-d774de589677,215706391,Commune de Schorbach (57),false,{57639},Commune,2026-03-24 14:42:04.280096+01,gold_establishments_2025,,,,21570639100012,2025,Collectivité Territoriale,Commune,['Moselle'],['Grand Est'],COM,{57},{44}
3a02c23a-0ce5-41f6-9f0b-0552cc2cd3b3,216803023,Commune de Schweighouse-Thann (68),false,{68302},Commune,2026-03-24 14:42:07.195692+01,gold_establishments_2025,,,,21680302300011,2025,Collectivité Territoriale,Commune,['Haut-Rhin'],['Grand Est'],COM,{68},{44}
2cf56178-827c-460d-891d-b493a0b14253,216704585,Commune de Schweighouse-sur-Moder (67),false,{67458},Commune,2026-03-24 14:42:07.195692+01,gold_establishments_2025,,,,21670458500019,2025,Collectivité Territoriale,Commune,['Bas-Rhin'],['Grand Est'],COM,{67},{44}
530808ec-0d9b-40ae-9abc-05516f1ca70f,216704593,Commune de Schwenheim (67),false,{67459},Commune,2026-03-24 14:42:07.195692+01,gold_establishments_2025,,,,21670459300013,2025,Collectivité Territoriale,Commune,['Bas-Rhin'],['Grand Est'],COM,{67},{44}
272bfee0-3dd3-41dd-89df-5b54a1a87693,215706409,Commune de Schwerdorff (57),false,{57640},Commune,2026-03-24 14:42:04.280096+01,gold_establishments_2025,,,,21570640900012,2025,Collectivité Territoriale,Commune,['Moselle'],['Grand Est'],COM,{57},{44}
a6a2f278-3e59-47bc-9b89-5895b8922eda,215706417,Commune de Schweyen (57),false,{57641},Commune,2026-03-24 14:42:04.280096+01,gold_establishments_2025,,,,21570641700015,2025,Collectivité Territoriale,Commune,['Moselle'],['Grand Est'],COM,{57},{44}
abaffd88-7211-4c9e-a7ee-973921967162,216704601,Commune de Schwindratzheim (67),false,{67460},Commune,2026-03-24 14:42:07.195692+01,gold_establishments_2025,,,,21670460100063,2025,Collectivité Territoriale,Commune,['Bas-Rhin'],['Grand Est'],COM,{67},{44}
0d8a084e-eb08-484b-8927-63a81dc89039,216803031,Commune de Schwoben (68),false,{68303},Commune,2026-03-24 14:42:07.195692+01,gold_establishments_2025,,,,21680303100014,2025,Collectivité Territoriale,Commune,['Haut-Rhin'],['Grand Est'],COM,{68},{44}
9d762427-3304-4ae7-8b4b-8fbf08edcdae,216704619,Commune de Schwobsheim (67),false,{67461},Commune,2026-03-24 14:42:07.195692+01,gold_establishments_2025,,,,21670461900032,2025,Collectivité Territoriale,Commune,['Bas-Rhin'],['Grand Est'],COM,{67},{44}
3ecd5209-cf64-4311-bc42-6d9f56572765,219722295,Commune de Schœlcher (972),false,{97229},Commune,2026-03-24 14:42:11.659493+01,gold_establishments_2025,,,,21972229500017,2025,Collectivité Territoriale,Commune,['Martinique'],['Martinique'],COM,{972},{02}
2c3cdd27-9c41-44ed-868c-afca5740a4b1,216704536,Commune de Schœnau (67),false,{67453},Commune,2026-03-24 14:42:07.195692+01,gold_establishments_2025,,,,21670453600012,2025,Collectivité Territoriale,Commune,['Bas-Rhin'],['Grand Est'],COM,{67},{44}
dd73a3c4-cc7d-4489-b419-f85ac81c0072,216704544,Commune de Schœnbourg (67),false,{67454},Commune,2026-03-24 14:42:07.195692+01,gold_establishments_2025,,,,21670454400016,2025,Collectivité Territoriale,Commune,['Bas-Rhin'],['Grand Est'],COM,{67},{44}
779bd3fa-1369-44c7-9528-55c8bf604144,215706383,Commune de Schœneck (57),false,{57638},Commune,2026-03-24 14:42:04.280096+01,gold_establishments_2025,,,,21570638300019,2025,Collectivité Territoriale,Commune,['Moselle'],['Grand Est'],COM,{57},{44}
3e9a4a80-d6d3-436b-899f-a55c1579608d,216704551,Commune de Schœnenbourg (67),false,{67455},Commune,2026-03-24 14:42:07.195692+01,gold_establishments_2025,,,,21670455100060,2025,Collectivité Territoriale,Commune,['Bas-Rhin'],['Grand Est'],COM,{67},{44}
2d50efce-e497-4822-b768-b03542f050b0,217903087,Commune de Sciecq (79),false,{79308},Commune,2026-03-24 14:42:09.43682+01,gold_establishments_2025,,,,21790308700013,2025,Collectivité Territoriale,Commune,['Deux-Sèvres'],['Nouvelle-Aquitaine'],COM,{79},{75}
b883b42e-c52e-4529-a5ca-ba6b5efec6f6,217402627,Commune de Scientrier (74),false,{74262},Commune,2026-03-24 14:42:08.818969+01,gold_establishments_2025,,,,21740262700046,2025,Collectivité Territoriale,Commune,['Haute-Savoie'],['Auvergne-Rhône-Alpes'],COM,{74},{84}
9731ef45-20da-47d2-9174-7ff45dd6a4d4,213204225,Commune de Scieurac-et-Flourès (32),false,{32422},Commune,2026-03-24 14:41:58.09424+01,gold_establishments_2025,,,,21320422500014,2025,Collectivité Territoriale,Commune,['Gers'],['Occitanie'],COM,{32},{76}
5b890a10-68e4-4c23-b572-ee15bea19807,217402635,Commune de Sciez (74),false,{74263},Commune,2026-03-24 14:42:08.818969+01,gold_establishments_2025,,,,21740263500015,2025,Collectivité Territoriale,Commune,['Haute-Savoie'],['Auvergne-Rhône-Alpes'],COM,{74},{84}
c93ca981-026a-4a77-ad41-fe89f47be563,217903095,Commune de Scillé (79),false,{79309},Commune,2026-03-24 14:42:09.43682+01,gold_establishments_2025,,,,21790309500016,2025,Collectivité Territoriale,Commune,['Deux-Sèvres'],['Nouvelle-Aquitaine'],COM,{79},{75}
7abe0433-cba8-4488-be6b-d98cdc2c65d0,217402643,Commune de Scionzier (74),false,{74264},Commune,2026-03-24 14:42:08.818969+01,gold_establishments_2025,,,,21740264300019,2025,Collectivité Territoriale,Commune,['Haute-Savoie'],['Auvergne-Rhône-Alpes'],COM,{74},{84}
d1e83488-4430-42ba-8bd9-11a9ef920601,212002745,Commune de Scolca (2B),false,{2B274},Commune,2026-03-24 14:41:57.56054+01,gold_establishments_2025,,,,21200274500017,2025,Collectivité Territoriale,Commune,['Haute-Corse'],['Corse'],COM,{2B},{94}
1416aba2-eb84-4a55-b6fd-9471020cfb39,218602589,Commune de Scorbé-Clairvaux (86),false,{86258},Commune,2026-03-24 14:42:11.118516+01,gold_establishments_2025,,,,21860258900010,2025,Collectivité Territoriale,Commune,['Vienne'],['Nouvelle-Aquitaine'],COM,{86},{75}
88b9755e-2805-4684-a1e4-3b9746bb95b0,212902753,Commune de Scrignac (29),false,{29275},Commune,2026-03-24 14:41:57.56054+01,gold_establishments_2025,,,,21290275300012,2025,Collectivité Territoriale,Commune,['Finistère'],['Bretagne'],COM,{29},{53}
c333b075-6d00-47ad-8c06-06136392aa65,215104910,Commune de Scrupt (51),false,{51528},Commune,2026-03-24 14:42:01.954481+01,gold_establishments_2025,,,,21510491000017,2025,Collectivité Territoriale,Commune,['Marne'],['Grand Est'],COM,{51},{44}
de4ac68b-fc4a-4452-9dd1-2c7ffdd12b82,215706425,Commune de Scy-Chazelles (57),false,{57642},Commune,2026-03-24 14:42:04.280096+01,gold_establishments_2025,,,,21570642500018,2025,Collectivité Territoriale,Commune,['Moselle'],['Grand Est'],COM,{57},{44}
a7c6ddef-5ab7-4b59-88b4-20177ece8b7a,217004837,Commune de Scye (70),false,{70483},Commune,2026-03-24 14:42:07.735343+01,gold_establishments_2025,,,,21700483700019,2025,Collectivité Territoriale,Commune,['Haute-Saône'],['Bourgogne-Franche-Comté'],COM,{70},{27}
412c8a5c-397f-46d2-8722-39ed63d1871c,210206769,Commune de Seboncourt (02),false,{02703},Commune,2026-03-24 14:41:52.020251+01,gold_establishments_2025,,,,21020676900015,2025,Collectivité Territoriale,Commune,['Aisne'],['Hauts-de-France'],COM,{02},{32}
ce00cb65-96f4-4975-b06d-2aa8a17d47a2,215905597,Commune de Sebourg (59),false,{59559},Commune,2026-03-24 14:42:04.814328+01,gold_establishments_2025,,,,21590559700013,2025,Collectivité Territoriale,Commune,['Nord'],['Hauts-de-France'],COM,{59},{32}
66440fd8-9734-4ce2-b131-e391adaf8545,217004845,Commune de Secenans (70),false,{70484},Commune,2026-03-24 14:42:07.735343+01,gold_establishments_2025,,,,21700484500012,2025,Collectivité Territoriale,Commune,['Haute-Saône'],['Bourgogne-Franche-Comté'],COM,{70},{27}
e76cf8e8-265e-41f7-8dc7-aa84962a1cb4,215905605,Commune de Seclin (59),false,{59560},Commune,2026-03-24 14:42:04.814328+01,gold_establishments_2025,,,,21590560500014,2025,Collectivité Territoriale,Commune,['Nord'],['Hauts-de-France'],COM,{59},{32}
e6edd5b9-c49b-4420-b6a8-6813707491be,217903111,Commune de Secondigny (79),false,{79311},Commune,2026-03-24 14:42:09.43682+01,gold_establishments_2025,,,,21790311100011,2025,Collectivité Territoriale,Commune,['Deux-Sèvres'],['Nouvelle-Aquitaine'],COM,{79},{75}
46b69c09-b06f-47f3-8959-1bd7b49edcf0,217903103,Commune de Secondigné-sur-Belle (79),false,{79310},Commune,2026-03-24 14:42:09.43682+01,gold_establishments_2025,,,,21790310300018,2025,Collectivité Territoriale,Commune,['Deux-Sèvres'],['Nouvelle-Aquitaine'],COM,{79},{75}
a05f92c6-2dde-4ba3-8300-6082d560d0bc,215706433,Commune de Secourt (57),false,{57643},Commune,2026-03-24 14:42:04.280096+01,gold_establishments_2025,,,,21570643300012,2025,Collectivité Territoriale,Commune,['Moselle'],['Grand Est'],COM,{57},{44}
a254c397-22a9-4432-b15b-ed8781ba0849,210803722,Commune de Sedan (08),false,{08409},Commune,2026-03-24 14:41:53.095366+01,gold_establishments_2025,,,,21080372200417,2025,Collectivité Territoriale,Commune,['Ardennes'],['Grand Est'],COM,{08},{44}
da2c6eb2-99d1-4565-b76e-08d6f1603254,216405159,Commune de Sedze-Maubecq (64),false,{64515},Commune,2026-03-24 14:42:06.665412+01,gold_establishments_2025,,,,21640515900015,2025,Collectivité Territoriale,Commune,['Pyrénées-Atlantiques'],['Nouvelle-Aquitaine'],COM,{64},{75}
0ca01347-03b5-4308-8588-59c8727ba54e,216405167,Commune de Sedzère (64),false,{64516},Commune,2026-03-24 14:42:06.665412+01,gold_establishments_2025,,,,21640516700018,2025,Collectivité Territoriale,Commune,['Pyrénées-Atlantiques'],['Nouvelle-Aquitaine'],COM,{64},{75}
3a776a0e-1c49-4c87-a230-b305376f2219,216703512,Commune de Seebach (67),false,{67351},Commune,2026-03-24 14:42:07.195692+01,gold_establishments_2025,,,,21670351200014,2025,Collectivité Territoriale,Commune,['Bas-Rhin'],['Grand Est'],COM,{67},{44}
cfd56d62-e3e5-460c-b96a-3d8ec48169da,211603667,Commune de Segonzac (16),false,{16366},Commune,2026-03-24 14:41:54.362296+01,gold_establishments_2025,,,,21160366700018,2025,Collectivité Territoriale,Commune,['Charente'],['Nouvelle-Aquitaine'],COM,{16},{75}
fd66537a-502e-49fe-ab35-12b794ad52d3,211925300,Commune de Segonzac (19),false,{19253},Commune,2026-03-24 14:41:55.433389+01,gold_establishments_2025,,,,21192530000017,2025,Collectivité Territoriale,Commune,['Corrèze'],['Nouvelle-Aquitaine'],COM,{19},{75}
b1874f88-f0b1-438d-a5b4-4179c337751a,212405294,Commune de Segonzac (24),false,{24529},Commune,2026-03-24 14:41:55.958138+01,gold_establishments_2025,,,,21240529400019,2025,Collectivité Territoriale,Commune,['Dordogne'],['Nouvelle-Aquitaine'],COM,{24},{75}
16b6be26-5a81-462b-9689-c494582ee067,212105977,Commune de Segrois (21),false,{21597},Commune,2026-03-24 14:41:55.433389+01,gold_establishments_2025,,,,21210597700012,2025,Collectivité Territoriale,Commune,"[""Côte-d'Or""]",['Bourgogne-Franche-Comté'],COM,{21},{27}
c0728101-c7b4-4a2a-9275-aa3d5d15554f,200065423,Commune de Segré-en-Anjou Bleu (49),false,{49331},Commune,2026-03-24 14:42:01.412377+01,gold_establishments_2025,,,,20006542300010,2025,Collectivité Territoriale,Commune,['Maine-et-Loire'],['Pays de la Loire'],COM,{49},{52}
e142d19b-db47-49ca-82f3-62db7d3bb799,216504167,Commune de Seich (65),false,{65416},Commune,2026-03-24 14:42:06.665412+01,gold_establishments_2025,,,,21650416700018,2025,Collectivité Territoriale,Commune,['Hautes-Pyrénées'],['Occitanie'],COM,{65},{76}
fd217fc4-23d5-47b6-8068-7dabd126a594,215404989,Commune de Seichamps (54),false,{54498},Commune,2026-03-24 14:42:02.957225+01,gold_establishments_2025,,,,21540498900018,2025,Collectivité Territoriale,Commune,['Meurthe-et-Moselle'],['Grand Est'],COM,{54},{44}
ef936a26-74a7-41f5-9e88-62a2d6c365b8,214503054,Commune de Seichebrières (45),false,{45305},Commune,2026-03-24 14:42:00.862623+01,gold_establishments_2025,,,,21450305400014,2025,Collectivité Territoriale,Commune,['Loiret'],['Centre-Val de Loire'],COM,{45},{24}
1cf91b00-d4a2-435e-88d8-f6569a151118,215404997,Commune de Seicheprey (54),false,{54499},Commune,2026-03-24 14:42:02.957225+01,gold_establishments_2025,,,,21540499700011,2025,Collectivité Territoriale,Commune,['Meurthe-et-Moselle'],['Grand Est'],COM,{54},{44}
503c0c4d-11fe-468b-904d-37a1909c4829,214903338,Commune de Seiches-sur-le-Loir (49),false,{49333},Commune,2026-03-24 14:42:01.412377+01,gold_establishments_2025,,,,21490333800108,2025,Collectivité Territoriale,Commune,['Maine-et-Loire'],['Pays de la Loire'],COM,{49},{52}
9d763922-faae-4ba5-888c-f73e2c5501ff,211103759,Commune de Seignalens (11),false,{11375},Commune,2026-03-24 14:41:53.63825+01,gold_establishments_2025,,,,21110375900018,2025,Collectivité Territoriale,Commune,['Aude'],['Occitanie'],COM,{11},{76}
b66810e2-b3f8-430a-8158-d0c4f56ba86e,218903821,Commune de Seignelay (89),false,{89382},Commune,2026-03-24 14:42:11.659493+01,gold_establishments_2025,,,,21890382100013,2025,Collectivité Territoriale,Commune,['Yonne'],['Bourgogne-Franche-Comté'],COM,{89},{27}
3efad601-85bf-483d-9227-c91cbc67d306,215504796,Commune de Seigneulles (55),false,{55479},Commune,2026-03-24 14:42:03.701372+01,gold_establishments_2025,,,,21550479600016,2025,Collectivité Territoriale,Commune,['Meuse'],['Grand Est'],COM,{55},{44}
1a4281dd-631b-4271-b092-9ee1ea32e178,214002966,Commune de Seignosse (40),false,{40296},Commune,2026-03-24 14:41:59.705606+01,gold_establishments_2025,,,,21400296600015,2025,Collectivité Territoriale,Commune,['Landes'],['Nouvelle-Aquitaine'],COM,{40},{75}
c191a262-8c54-4f19-9a4a-5dc405ff452d,212105985,Commune de Seigny (21),false,{21598},Commune,2026-03-24 14:41:55.433389+01,gold_establishments_2025,,,,21210598500015,2025,Collectivité Territoriale,Commune,"[""Côte-d'Or""]",['Bourgogne-Franche-Comté'],COM,{21},{27}
876e049f-dfa2-4b79-9e19-351867d8ea82,211704226,Commune de Seigné (17),false,{17422},Commune,2026-03-24 14:41:54.903238+01,gold_establishments_2025,,,,21170422600011,2025,Collectivité Territoriale,Commune,['Charente-Maritime'],['Nouvelle-Aquitaine'],COM,{17},{75}
e18e952c-4781-4fe4-9099-13ce613aa66f,214102394,Commune de Seigy (41),false,{41239},Commune,2026-03-24 14:42:00.273698+01,gold_establishments_2025,,,,21410239400019,2025,Collectivité Territoriale,Commune,['Loir-et-Cher'],['Centre-Val de Loire'],COM,{41},{24}
85d7ce78-80a2-446e-871b-fccc094ede4f,213105414,Commune de Seilh (31),false,{31541},Commune,2026-03-24 14:41:58.09424+01,gold_establishments_2025,,,,21310541400014,2025,Collectivité Territoriale,Commune,['Haute-Garonne'],['Occitanie'],COM,{31},{76}
b72616aa-7d9e-498e-b32a-d014350b2ef9,211925508,Commune de Seilhac (19),false,{19255},Commune,2026-03-24 14:41:55.433389+01,gold_establishments_2025,,,,21192550800015,2025,Collectivité Territoriale,Commune,['Corrèze'],['Nouvelle-Aquitaine'],COM,{19},{75}
e6641a52-cf53-480f-af9d-370d57b4170f,213105422,Commune de Seilhan (31),false,{31542},Commune,2026-03-24 14:41:58.09424+01,gold_establishments_2025,,,,21310542200017,2025,Collectivité Territoriale,Commune,['Haute-Garonne'],['Occitanie'],COM,{31},{76}
3e6087be-f5a4-4051-8a2f-1b358d2fb718,218301240,Commune de Seillans (83),false,{83124},Commune,2026-03-24 14:42:10.508772+01,gold_establishments_2025,,,,21830124000014,2025,Collectivité Territoriale,Commune,['Var'],"[""Provence-Alpes-Côte d'Azur""]",COM,{83},{93}
0c781f5b-22df-4a40-a744-623547a2c479,210104006,Commune de Seillonnaz (01),false,{01400},Commune,2026-03-24 14:41:51.447482+01,gold_establishments_2025,,,,21010400600015,2025,Collectivité Territoriale,Commune,['Ain'],['Auvergne-Rhône-Alpes'],COM,{01},{84}
7fb2cf85-7b0b-4fcc-b9a4-a92e4164d22b,218301257,Commune de Seillons-Source-d'Argens (83),false,{83125},Commune,2026-03-24 14:42:10.508772+01,gold_establishments_2025,,,,21830125700018,2025,Collectivité Territoriale,Commune,['Var'],"[""Provence-Alpes-Côte d'Azur""]",COM,{83},{93}
99ced60a-70fd-4889-b369-f45f35442939,217704477,Commune de Seine-Port (77),false,{77447},Commune,2026-03-24 14:42:09.43682+01,gold_establishments_2025,,,,21770447700017,2025,Collectivité Territoriale,Commune,['Seine-et-Marne'],['Île-de-France'],COM,{77},{11}
e79fc123-9249-41cc-9420-bd086c00a1d1,215706441,Commune de Seingbouse (57),false,{57644},Commune,2026-03-24 14:42:04.280096+01,gold_establishments_2025,,,,21570644100015,2025,Collectivité Territoriale,Commune,['Moselle'],['Grand Est'],COM,{57},{44}
9f6007fd-b2bc-4a59-9f40-0781a37f797a,213204266,Commune de Seissan (32),false,{32426},Commune,2026-03-24 14:41:58.09424+01,gold_establishments_2025,,,,21320426600018,2025,Collectivité Territoriale,Commune,['Gers'],['Occitanie'],COM,{32},{76}
1018ee94-c0bb-4caf-a910-c4ef849c0846,210902854,Commune de Seix (09),false,{09285},Commune,2026-03-24 14:41:53.095366+01,gold_establishments_2025,,,,21090285400012,2025,Collectivité Territoriale,Commune,['Ariège'],['Occitanie'],COM,{09},{76}
71d942b1-177e-4b8e-af0d-813e478e725a,215405002,Commune de Selaincourt (54),false,{54500},Commune,2026-03-24 14:42:02.957225+01,gold_establishments_2025,,,,21540500200019,2025,Collectivité Territoriale,Commune,['Meurthe-et-Moselle'],['Grand Est'],COM,{54},{44}
b4e4fb0f-26af-4bca-9b7c-29296409fec8,210206777,Commune de Selens (02),false,{02704},Commune,2026-03-24 14:41:52.020251+01,gold_establishments_2025,,,,21020677700018,2025,Collectivité Territoriale,Commune,['Aisne'],['Hauts-de-France'],COM,{02},{32}
0fc041c6-fbd6-4bce-85c4-0d45ca36b1f3,212706204,Commune de Selles (27),false,{27620},Commune,2026-03-24 14:41:57.028721+01,gold_establishments_2025,,,,21270620400014,2025,Collectivité Territoriale,Commune,['Eure'],['Normandie'],COM,{27},{28}
6219a21f-21ca-4501-a2ca-490a61db8e08,215104928,Commune de Selles (51),false,{51529},Commune,2026-03-24 14:42:01.954481+01,gold_establishments_2025,,,,21510492800019,2025,Collectivité Territoriale,Commune,['Marne'],['Grand Est'],COM,{51},{44}
48648952-8a4d-46bf-9412-2fc071dc49c0,216207860,Commune de Selles (62),false,{62786},Commune,2026-03-24 14:42:06.130387+01,gold_establishments_2025,,,,21620786000018,2025,Collectivité Territoriale,Commune,['Pas-de-Calais'],['Hauts-de-France'],COM,{62},{32}
18ad37fa-47b7-4821-96a9-80aac7cd1a8d,217004852,Commune de Selles (70),false,{70485},Commune,2026-03-24 14:42:07.735343+01,gold_establishments_2025,,,,21700485200018,2025,Collectivité Territoriale,Commune,['Haute-Saône'],['Bourgogne-Franche-Comté'],COM,{70},{27}
5223469e-915f-4ec0-9da5-d982249d9169,214102410,Commune de Selles-Saint-Denis (41),false,{41241},Commune,2026-03-24 14:42:00.273698+01,gold_establishments_2025,,,,21410241000013,2025,Collectivité Territoriale,Commune,['Loir-et-Cher'],['Centre-Val de Loire'],COM,{41},{24}
872f6898-b1d9-47d9-86c5-bc0a56b08976,214102428,Commune de Selles-sur-Cher (41),false,{41242},Commune,2026-03-24 14:42:00.273698+01,gold_establishments_2025,,,,21410242800015,2025,Collectivité Territoriale,Commune,['Loir-et-Cher'],['Centre-Val de Loire'],COM,{41},{24}
6b80cd7b-2457-4bb3-ae7c-404940406dc1,213602162,Commune de Selles-sur-Nahon (36),false,{36216},Commune,2026-03-24 14:41:59.160244+01,gold_establishments_2025,,,,21360216200017,2025,Collectivité Territoriale,Commune,['Indre'],['Centre-Val de Loire'],COM,{36},{24}
fc4d154f-b1ab-4a65-9f52-5c264d9ccc6e,213905086,Commune de Sellières (39),false,{39508},Commune,2026-03-24 14:41:59.705606+01,gold_establishments_2025,,,,21390508600012,2025,Collectivité Territoriale,Commune,['Jura'],['Bourgogne-Franche-Comté'],COM,{39},{27}
bf1923b8-45c6-4e1a-8f4e-ec354d48d181,214102436,Commune de Selommes (41),false,{41243},Commune,2026-03-24 14:42:00.273698+01,gold_establishments_2025,,,,21410243600018,2025,Collectivité Territoriale,Commune,['Loir-et-Cher'],['Centre-Val de Loire'],COM,{41},{24}
aab8c448-e0f5-4f6c-8018-cf989b84ec2e,212505390,Commune de Seloncourt (25),false,{25539},Commune,2026-03-24 14:41:56.495197+01,gold_establishments_2025,,,,21250539000014,2025,Collectivité Territoriale,Commune,['Doubs'],['Bourgogne-Franche-Comté'],COM,{25},{27}
d458431b-98f9-4ab4-8b70-e2ded5ab27c9,212105993,Commune de Selongey (21),false,{21599},Commune,2026-03-24 14:41:55.433389+01,gold_establishments_2025,,,,21210599300019,2025,Collectivité Territoriale,Commune,"[""Côte-d'Or""]",['Bourgogne-Franche-Comté'],COM,{21},{27}
3129fb2f-53e7-471c-a3d9-b609e09cf6bf,210402038,Commune de Selonnet (04),false,{04203},Commune,2026-03-24 14:41:52.562531+01,gold_establishments_2025,,,,21040203800017,2025,Collectivité Territoriale,Commune,['Alpes-de-Haute-Provence'],"[""Provence-Alpes-Côte d'Azur""]",COM,{04},{93}
b51134a7-209d-4c19-af38-f5095309ccf1,216704635,Commune de Seltz (67),false,{67463},Commune,2026-03-24 14:42:07.195692+01,gold_establishments_2025,,,,21670463500012,2025,Collectivité Territoriale,Commune,['Bas-Rhin'],['Grand Est'],COM,{67},{44}
52839e59-cc83-403a-a683-4740fdb68951,216104679,Commune de Semallé (61),false,{61467},Commune,2026-03-24 14:42:05.597325+01,gold_establishments_2025,,,,21610467900016,2025,Collectivité Territoriale,Commune,['Orne'],['Normandie'],COM,{61},{28}
20238b1b-24e4-4995-8846-c852e946e0ad,212106009,Commune de Semarey (21),false,{21600},Commune,2026-03-24 14:41:55.433389+01,gold_establishments_2025,,,,21210600900013,2025,Collectivité Territoriale,Commune,"[""Côte-d'Or""]",['Bourgogne-Franche-Comté'],COM,{21},{27}
00536182-17f2-4af3-99e0-0b59714791f9,214302374,Commune de Sembadel (43),false,{43237},Commune,2026-03-24 14:42:00.273698+01,gold_establishments_2025,,,,21430237400019,2025,Collectivité Territoriale,Commune,['Haute-Loire'],['Auvergne-Rhône-Alpes'],COM,{43},{84}
a84dea36-bb5f-43a1-97b9-8b5b09fe0455,214702979,Commune de Sembas (47),false,{47297},Commune,2026-03-24 14:42:00.862623+01,gold_establishments_2025,,,,21470297900011,2025,Collectivité Territoriale,Commune,['Lot-et-Garonne'],['Nouvelle-Aquitaine'],COM,{47},{75}
aa7adb50-9bc4-4a0e-bddb-cdcdcfd0198e,213702459,Commune de Semblançay (37),false,{37245},Commune,2026-03-24 14:41:59.160244+01,gold_establishments_2025,,,,21370245900016,2025,Collectivité Territoriale,Commune,['Indre-et-Loire'],['Centre-Val de Loire'],COM,{37},{24}
8d97daab-df2b-4d65-a584-615fd3863f04,213602170,Commune de Sembleçay (36),false,{36217},Commune,2026-03-24 14:41:59.160244+01,gold_establishments_2025,,,,21360217000010,2025,Collectivité Territoriale,Commune,['Indre'],['Centre-Val de Loire'],COM,{36},{24}
190afe4d-4797-46a4-ad01-c9474b391f65,213204274,Commune de Sembouès (32),false,{32427},Commune,2026-03-24 14:41:58.09424+01,gold_establishments_2025,,,,21320427400012,2025,Collectivité Territoriale,Commune,['Gers'],['Occitanie'],COM,{32},{76}
b0353ebd-1f27-432b-b0f6-c5268bf5b517,213305105,Commune de Semens (33),false,{33510},Commune,2026-03-24 14:41:58.620411+01,gold_establishments_2025,,,,21330510500016,2025,Collectivité Territoriale,Commune,['Gironde'],['Nouvelle-Aquitaine'],COM,{33},{75}
2676302b-f5a3-4b7f-808c-4f943ccb1b8c,218903839,Commune de Sementron (89),false,{89383},Commune,2026-03-24 14:42:11.659493+01,gold_establishments_2025,,,,21890383900015,2025,Collectivité Territoriale,Commune,['Yonne'],['Bourgogne-Franche-Comté'],COM,{89},{27}
5beefdcf-4f51-4190-9a91-40394f3317fe,212106017,Commune de Semezanges (21),false,{21601},Commune,2026-03-24 14:41:55.433389+01,gold_establishments_2025,,,,21210601700016,2025,Collectivité Territoriale,Commune,"[""Côte-d'Or""]",['Bourgogne-Franche-Comté'],COM,{21},{27}
111a8a39-9abc-4bed-b158-7013c6cffecb,210803730,Commune de Semide (08),false,{08410},Commune,2026-03-24 14:41:53.095366+01,gold_establishments_2025,,,,21080373000014,2025,Collectivité Territoriale,Commune,['Ardennes'],['Grand Est'],COM,{08},{44}
b807bc16-6b3b-4463-9525-19852d07ed0d,211704234,Commune de Semillac (17),false,{17423},Commune,2026-03-24 14:41:54.903238+01,gold_establishments_2025,,,,21170423400015,2025,Collectivité Territoriale,Commune,['Charente-Maritime'],['Nouvelle-Aquitaine'],COM,{17},{75}
f2a505ae-933a-453e-8ed0-532bd424faa4,215204363,Commune de Semilly (52),false,{52468},Commune,2026-03-24 14:42:01.954481+01,gold_establishments_2025,,,,21520436300018,2025,Collectivité Territoriale,Commune,['Haute-Marne'],['Grand Est'],COM,{52},{44}
76b10c19-530b-422b-ae7c-5c9a756b8a82,217004860,Commune de Semmadon (70),false,{70486},Commune,2026-03-24 14:42:07.735343+01,gold_establishments_2025,,,,21700486000011,2025,Collectivité Territoriale,Commune,['Haute-Saône'],['Bourgogne-Franche-Comté'],COM,{70},{27}
0648bff5-0646-4ab7-9535-3dc497847ff3,211003587,Commune de Semoine (10),false,{10369},Commune,2026-03-24 14:41:53.095366+01,gold_establishments_2025,,,,21100358700014,2025,Collectivité Territoriale,Commune,['Aube'],['Grand Est'],COM,{10},{44}
25a88879-b1c0-4c25-83b1-aaf08ba8fbb0,212106025,Commune de Semond (21),false,{21602},Commune,2026-03-24 14:41:55.433389+01,gold_establishments_2025,,,,21210602500019,2025,Collectivité Territoriale,Commune,"[""Côte-d'Or""]",['Bourgogne-Franche-Comté'],COM,{21},{27}
022bf578-ea2e-4691-adb0-a90ee1db4c5a,212505408,Commune de Semondans (25),false,{25540},Commune,2026-03-24 14:41:56.495197+01,gold_establishments_2025,,,,21250540800014,2025,Collectivité Territoriale,Commune,['Doubs'],['Bourgogne-Franche-Comté'],COM,{25},{27}
c6839310-08fa-4c97-beef-4e632fd17109,215905639,Commune de Semousies (59),false,{59563},Commune,2026-03-24 14:42:04.814328+01,gold_establishments_2025,,,,21590563900013,2025,Collectivité Territoriale,Commune,['Nord'],['Hauts-de-France'],COM,{59},{32}
04b9569f-1597-4a16-9ac4-65a6776f11c3,211704242,Commune de Semoussac (17),false,{17424},Commune,2026-03-24 14:41:54.903238+01,gold_establishments_2025,,,,21170424200042,2025,Collectivité Territoriale,Commune,['Charente-Maritime'],['Nouvelle-Aquitaine'],COM,{17},{75}
abfdfa58-0d69-4c79-96eb-fb2448384ec1,215203357,Commune de Semoutiers-Montsaon (52),false,{52469},Commune,2026-03-24 14:42:01.954481+01,gold_establishments_2025,,,,21520335700011,2025,Collectivité Territoriale,Commune,['Haute-Marne'],['Grand Est'],COM,{52},{44}
6d3577b4-80c2-4eb9-a1a4-15d2118bbd9a,214503088,Commune de Semoy (45),false,{45308},Commune,2026-03-24 14:42:00.862623+01,gold_establishments_2025,,,,21450308800012,2025,Collectivité Territoriale,Commune,['Loiret'],['Centre-Val de Loire'],COM,{45},{24}
44bfa436-d89b-4b8f-b1bc-fe033e3a9ae0,213204290,Commune de Sempesserre (32),false,{32429},Commune,2026-03-24 14:41:58.09424+01,gold_establishments_2025,,,,21320429000018,2025,Collectivité Territoriale,Commune,['Gers'],['Occitanie'],COM,{32},{76}
7decb9d7-a91c-4795-9e47-ba37b385d008,216006015,Commune de Sempigny (60),false,{60610},Commune,2026-03-24 14:42:04.814328+01,gold_establishments_2025,,,,21600601500012,2025,Collectivité Territoriale,Commune,['Oise'],['Hauts-de-France'],COM,{60},{32}
66dc65b3-8e86-4a85-ad18-58955e2c5012,216207878,Commune de Sempy (62),false,{62787},Commune,2026-03-24 14:42:06.130387+01,gold_establishments_2025,,,,21620787800010,2025,Collectivité Territoriale,Commune,['Pas-de-Calais'],['Hauts-de-France'],COM,{62},{32}
2b0d08fa-1add-41a5-974e-0dfb28d303c7,212106033,Commune de Semur-en-Auxois (21),false,{21603},Commune,2026-03-24 14:41:55.433389+01,gold_establishments_2025,,,,21210603300013,2025,Collectivité Territoriale,Commune,"[""Côte-d'Or""]",['Bourgogne-Franche-Comté'],COM,{21},{27}
ee9fabd6-f065-4b69-b1a3-bec2f710f50e,217105105,Commune de Semur-en-Brionnais (71),false,{71510},Commune,2026-03-24 14:42:08.279287+01,gold_establishments_2025,,,,21710510500019,2025,Collectivité Territoriale,Commune,['Saône-et-Loire'],['Bourgogne-Franche-Comté'],COM,{71},{27}
62684b9f-4903-48e5-9819-4c2854279dd3,217203330,Commune de Semur-en-Vallon (72),false,{72333},Commune,2026-03-24 14:42:08.279287+01,gold_establishments_2025,,,,21720333000014,2025,Collectivité Territoriale,Commune,['Sarthe'],['Pays de la Loire'],COM,{72},{52}
5dd2842d-7837-4690-acde-e2ef2e6be683,211704259,Commune de Semussac (17),false,{17425},Commune,2026-03-24 14:41:54.903238+01,gold_establishments_2025,,,,21170425900012,2025,Collectivité Territoriale,Commune,['Charente-Maritime'],['Nouvelle-Aquitaine'],COM,{17},{75}
61d685db-8907-446b-9487-8ad5c5828dee,210803748,Commune de Semuy (08),false,{08411},Commune,2026-03-24 14:41:53.095366+01,gold_establishments_2025,,,,21080374800016,2025,Collectivité Territoriale,Commune,['Ardennes'],['Grand Est'],COM,{08},{44}
cf4274fc-40bc-4a59-8548-cd93222a4b94,215706458,Commune de Semécourt (57),false,{57645},Commune,2026-03-24 14:42:04.280096+01,gold_establishments_2025,,,,21570645800019,2025,Collectivité Territoriale,Commune,['Moselle'],['Grand Est'],COM,{57},{44}
ea419b4e-1ef3-4c67-8b80-6bc185f514a6,218804508,Commune de Senaide (88),false,{88450},Commune,2026-03-24 14:42:11.118516+01,gold_establishments_2025,,,,21880450800016,2025,Collectivité Territoriale,Commune,['Vosges'],['Grand Est'],COM,{88},{44}
2718ba05-2549-4c25-8ca4-46f9ec6763fe,212106041,Commune de Senailly (21),false,{21604},Commune,2026-03-24 14:41:55.433389+01,gold_establishments_2025,,,,21210604100016,2025,Collectivité Territoriale,Commune,"[""Côte-d'Or""]",['Bourgogne-Franche-Comté'],COM,{21},{27}
128b3d67-d880-4776-9334-cbc9e945046a,218903847,Commune de Senan (89),false,{89384},Commune,2026-03-24 14:42:11.659493+01,gold_establishments_2025,,,,21890384700018,2025,Collectivité Territoriale,Commune,['Yonne'],['Bourgogne-Franche-Comté'],COM,{89},{27}
55e45755-c1e3-49e3-a521-833b7cc86620,212803720,Commune de Senantes (28),false,{28372},Commune,2026-03-24 14:41:57.028721+01,gold_establishments_2025,,,,21280372000011,2025,Collectivité Territoriale,Commune,['Eure-et-Loir'],['Centre-Val de Loire'],COM,{28},{24}
d029a34d-acf6-4ceb-a55c-a4cdb778ee9d,216006023,Commune de Senantes (60),false,{60611},Commune,2026-03-24 14:42:04.814328+01,gold_establishments_2025,,,,21600602300032,2025,Collectivité Territoriale,Commune,['Oise'],['Hauts-de-France'],COM,{60},{32}
b31e1613-9b5a-4dc0-b7a3-179718c1da7c,217004878,Commune de Senargent-Mignafans (70),false,{70487},Commune,2026-03-24 14:42:07.735343+01,gold_establishments_2025,,,,21700487800013,2025,Collectivité Territoriale,Commune,['Haute-Saône'],['Bourgogne-Franche-Comté'],COM,{70},{27}
6150a559-d41f-4f1d-862a-58b8abdd252f,218006864,Commune de Senarpont (80),false,{80732},Commune,2026-03-24 14:42:09.967209+01,gold_establishments_2025,,,,21800686400019,2025,Collectivité Territoriale,Commune,['Somme'],['Hauts-de-France'],COM,{80},{32}
dc97bdca-1e51-45e8-8ad9-0e7541a1caa9,218102820,Commune de Senaux (81),false,{81282},Commune,2026-03-24 14:42:09.967209+01,gold_establishments_2025,,,,21810282000014,2025,Collectivité Territoriale,Commune,['Tarn'],['Occitanie'],COM,{81},{76}
34116024-3c06-42b2-b19b-1b886d0adfda,210902870,Commune de Senconac (nan),false,{09287},Commune,2026-03-24 14:41:53.095366+01,gold_establishments_2025,,,,21090287000018,2025,Collectivité Territoriale,Commune,[''],[''],COM,,
c6b2d123-c248-42d3-980e-3d79301032dd,213305113,Commune de Sendets (33),false,{33511},Commune,2026-03-24 14:41:58.620411+01,gold_establishments_2025,,,,21330511300010,2025,Collectivité Territoriale,Commune,['Gironde'],['Nouvelle-Aquitaine'],COM,{33},{75}
71cb0f4a-6683-463e-a117-050308e9d0a8,216414060,Commune de Sendets (64),false,{64518},Commune,2026-03-24 14:42:06.665412+01,gold_establishments_2025,,,,21641406000014,2025,Collectivité Territoriale,Commune,['Pyrénées-Atlantiques'],['Nouvelle-Aquitaine'],COM,{64},{75}
cdcd5aa8-854a-4a4c-b68a-eba1f03b945d,210402046,Commune de Senez (04),false,{04204},Commune,2026-03-24 14:41:52.562531+01,gold_establishments_2025,,,,21040204600010,2025,Collectivité Territoriale,Commune,['Alpes-de-Haute-Provence'],"[""Provence-Alpes-Côte d'Azur""]",COM,{04},{93}
719c8c3c-6ca6-4b3f-9082-257b36b10237,213105448,Commune de Sengouagnet (31),false,{31544},Commune,2026-03-24 14:41:58.09424+01,gold_establishments_2025,,,,21310544800012,2025,Collectivité Territoriale,Commune,['Haute-Garonne'],['Occitanie'],COM,{31},{76}
cc574f71-1277-47b4-bd20-bdf8f3b6f9ce,200054831,Commune de Senillé-Saint-Sauveur (86),false,{86245},Commune,2026-03-24 14:42:11.118516+01,gold_establishments_2025,,,,20005483100017,2025,Collectivité Territoriale,Commune,['Vienne'],['Nouvelle-Aquitaine'],COM,{86},{75}
0f8f6fb5-d168-4236-a2a7-57ff844ad284,216207886,Commune de Seninghem (62),false,{62788},Commune,2026-03-24 14:42:06.130387+01,gold_establishments_2025,,,,21620788600013,2025,Collectivité Territoriale,Commune,['Pas-de-Calais'],['Hauts-de-France'],COM,{62},{32}
3a9411d7-62eb-4c8c-afd9-9f36b3bc5a7e,216207894,Commune de Senlecques (62),false,{62789},Commune,2026-03-24 14:42:06.130387+01,gold_establishments_2025,,,,21620789400017,2025,Collectivité Territoriale,Commune,['Pas-de-Calais'],['Hauts-de-France'],COM,{62},{32}
1729fef8-cced-43d5-92b2-2a2dc338c1f2,216006031,Commune de Senlis (60),false,{60612},Commune,2026-03-24 14:42:04.814328+01,gold_establishments_2025,,,,21600603100019,2025,Collectivité Territoriale,Commune,['Oise'],['Hauts-de-France'],COM,{60},{32}
98434bbf-f0b0-49e4-8198-c8a88fb0f4b0,216207902,Commune de Senlis (62),false,{62790},Commune,2026-03-24 14:42:06.130387+01,gold_establishments_2025,,,,21620790200018,2025,Collectivité Territoriale,Commune,['Pas-de-Calais'],['Hauts-de-France'],COM,{62},{32}
662d0283-7ca3-4b70-b94e-09cc4621cb4e,218006872,Commune de Senlis-le-Sec (80),false,{80733},Commune,2026-03-24 14:42:09.967209+01,gold_establishments_2025,,,,21800687200012,2025,Collectivité Territoriale,Commune,['Somme'],['Hauts-de-France'],COM,{80},{32}
ece1447c-12fc-4dd6-ba22-b0c1cf7bab44,217805902,Commune de Senlisse (78),false,{78590},Commune,2026-03-24 14:42:09.43682+01,gold_establishments_2025,,,,21780590200012,2025,Collectivité Territoriale,Commune,['Yvelines'],['Île-de-France'],COM,{78},{11}
1b22ecd2-9374-4d59-a709-4952a48454ff,217105121,Commune de Sennecey-le-Grand (71),false,{71512},Commune,2026-03-24 14:42:08.279287+01,gold_establishments_2025,,,,21710512100016,2025,Collectivité Territoriale,Commune,['Saône-et-Loire'],['Bourgogne-Franche-Comté'],COM,{71},{27}
204cc47c-a802-48cf-91b4-8ad3e6ce2d1c,212106058,Commune de Sennecey-lès-Dijon (21),false,{21605},Commune,2026-03-24 14:41:55.433389+01,gold_establishments_2025,,,,21210605800010,2025,Collectivité Territoriale,Commune,"[""Côte-d'Or""]",['Bourgogne-Franche-Comté'],COM,{21},{27}
822dfc26-1342-45a4-87b1-f1a8e4da516c,214503096,Commune de Sennely (45),false,{45309},Commune,2026-03-24 14:42:00.862623+01,gold_establishments_2025,,,,21450309600015,2025,Collectivité Territoriale,Commune,['Loiret'],['Centre-Val de Loire'],COM,{45},{24}
c78a991d-7a0a-4fb1-bf42-ed2a2379f3c6,217606706,Commune de Senneville-sur-Fécamp (76),false,{76670},Commune,2026-03-24 14:42:08.818969+01,gold_establishments_2025,,,,21760670600018,2025,Collectivité Territoriale,Commune,['Seine-Maritime'],['Normandie'],COM,{76},{28}
2d906c22-aba7-4f80-afc6-63fe670cdf4d,213702467,Commune de Sennevières (37),false,{37246},Commune,2026-03-24 14:41:59.160244+01,gold_establishments_2025,,,,21370246700019,2025,Collectivité Territoriale,Commune,['Indre-et-Loire'],['Centre-Val de Loire'],COM,{37},{24}
e1342249-6f9c-46cd-89a1-718b3c8b2181,218903854,Commune de Sennevoy-le-Bas (89),false,{89385},Commune,2026-03-24 14:42:11.659493+01,gold_establishments_2025,,,,21890385400014,2025,Collectivité Territoriale,Commune,['Yonne'],['Bourgogne-Franche-Comté'],COM,{89},{27}
7f5bf4c5-9dfe-40e8-bc22-3b22eb66430f,218903862,Commune de Sennevoy-le-Haut (89),false,{89386},Commune,2026-03-24 14:42:11.659493+01,gold_establishments_2025,,,,21890386200017,2025,Collectivité Territoriale,Commune,['Yonne'],['Bourgogne-Franche-Comté'],COM,{89},{27}
38ca4a02-88f5-4246-9aaa-fe820fe86dd3,211802483,Commune de Senneçay (18),false,{18248},Commune,2026-03-24 14:41:54.903238+01,gold_establishments_2025,,,,21180248300019,2025,Collectivité Territoriale,Commune,['Cher'],['Centre-Val de Loire'],COM,{18},{24}
27067a66-5ed8-414f-b57c-16fc768471be,215504812,Commune de Senon (55),false,{55481},Commune,2026-03-24 14:42:03.701372+01,gold_establishments_2025,,,,21550481200011,2025,Collectivité Territoriale,Commune,['Meuse'],['Grand Est'],COM,{55},{44}
e01b5b13-7003-4246-ac1d-165fe998d9d8,212803738,Commune de Senonches (28),false,{28373},Commune,2026-03-24 14:41:57.028721+01,gold_establishments_2025,,,,21280373800013,2025,Collectivité Territoriale,Commune,['Eure-et-Loir'],['Centre-Val de Loire'],COM,{28},{24}
d22c3fd2-7d30-442e-ac24-d4b41427ce9e,217004886,Commune de Senoncourt (70),false,{70488},Commune,2026-03-24 14:42:07.735343+01,gold_establishments_2025,,,,21700488600016,2025,Collectivité Territoriale,Commune,['Haute-Saône'],['Bourgogne-Franche-Comté'],COM,{70},{27}
a111b40b-df0e-421f-86be-3795c2e8d783,215504820,Commune de Senoncourt-les-Maujouy (55),false,{55482},Commune,2026-03-24 14:42:03.701372+01,gold_establishments_2025,,,,21550482000014,2025,Collectivité Territoriale,Commune,['Meuse'],['Grand Est'],COM,{55},{44}
d4279512-2df0-4443-98b8-f989ec03e753,218804516,Commune de Senones (88),false,{88451},Commune,2026-03-24 14:42:11.118516+01,gold_establishments_2025,,,,21880451600019,2025,Collectivité Territoriale,Commune,['Vosges'],['Grand Est'],COM,{88},{44}
c8e92722-6462-41d7-be08-fef9dbd41214,218804524,Commune de Senonges (88),false,{88452},Commune,2026-03-24 14:42:11.118516+01,gold_establishments_2025,,,,21880452400013,2025,Collectivité Territoriale,Commune,['Vosges'],['Grand Est'],COM,{88},{44}
2960e3b4-d9ee-4bdb-968d-908308aa4882,215302597,Commune de Senonnes (53),false,{53259},Commune,2026-03-24 14:42:02.957225+01,gold_establishments_2025,,,,21530259700012,2025,Collectivité Territoriale,Commune,['Mayenne'],['Pays de la Loire'],COM,{53},{52}
35b029f4-bb4e-4911-9933-539f04c1bb41,216006049,Commune de Senots (60),false,{60613},Commune,2026-03-24 14:42:04.814328+01,gold_establishments_2025,,,,21600604900011,2025,Collectivité Territoriale,Commune,['Oise'],['Hauts-de-France'],COM,{60},{32}
b3fbd6a6-723f-428a-9c40-b191b30be0f0,218102838,Commune de Senouillac (81),false,{81283},Commune,2026-03-24 14:42:09.967209+01,gold_establishments_2025,,,,21810283800016,2025,Collectivité Territoriale,Commune,['Tarn'],['Occitanie'],COM,{81},{76}
02804702-edb8-42f9-b58b-03646109241f,217105139,Commune de Senozan (71),false,{71513},Commune,2026-03-24 14:42:08.279287+01,gold_establishments_2025,,,,21710513900018,2025,Collectivité Territoriale,Commune,['Saône-et-Loire'],['Bourgogne-Franche-Comté'],COM,{71},{27}
765b0a87-5f6e-49ba-b5ec-e775ad27a8e2,218903870,Commune de Sens (89),false,{89387},Commune,2026-03-24 14:42:11.659493+01,gold_establishments_2025,,,,21890387000010,2025,Collectivité Territoriale,Commune,['Yonne'],['Bourgogne-Franche-Comté'],COM,{89},{27}
940d2d5e-7d90-449b-93c2-90916adb9665,211802491,Commune de Sens-Beaujeu (18),false,{18249},Commune,2026-03-24 14:41:54.903238+01,gold_establishments_2025,,,,21180249100012,2025,Collectivité Territoriale,Commune,['Cher'],['Centre-Val de Loire'],COM,{18},{24}
97522995-bd48-40d5-9aea-5201fd4716f1,213503261,Commune de Sens-de-Bretagne (35),false,{35326},Commune,2026-03-24 14:41:59.160244+01,gold_establishments_2025,,,,21350326100017,2025,Collectivité Territoriale,Commune,['Ille-et-Vilaine'],['Bretagne'],COM,{35},{53}
d3a66481-42bd-4a0a-8802-f50a202fc4cf,217105147,Commune de Sens-sur-Seille (71),false,{71514},Commune,2026-03-24 14:42:08.279287+01,gold_establishments_2025,,,,21710514700011,2025,Collectivité Territoriale,Commune,['Saône-et-Loire'],['Bourgogne-Franche-Comté'],COM,{71},{27}
1e1a70aa-5b26-4596-9ba2-9aea1842bae2,210902904,Commune de Sentein (09),false,{09290},Commune,2026-03-24 14:41:53.095366+01,gold_establishments_2025,,,,21090290400015,2025,Collectivité Territoriale,Commune,['Ariège'],['Occitanie'],COM,{09},{76}
c057cc4e-c20f-444b-b9ce-2acd8b0578f2,218006880,Commune de Sentelie (80),false,{80734},Commune,2026-03-24 14:42:09.967209+01,gold_establishments_2025,,,,21800688000015,2025,Collectivité Territoriale,Commune,['Somme'],['Hauts-de-France'],COM,{80},{32}
a41ce6a5-99f0-4d5a-8a12-c27d8cd787b9,210902912,Commune de Sentenac-d'Oust (09),false,{09291},Commune,2026-03-24 14:41:53.095366+01,gold_establishments_2025,,,,21090291200018,2025,Collectivité Territoriale,Commune,['Ariège'],['Occitanie'],COM,{09},{76}
74e35726-e659-4a3f-9145-ca2462468f17,210902920,Commune de Sentenac-de-Sérou (09),false,{09292},Commune,2026-03-24 14:41:53.095366+01,gold_establishments_2025,,,,21090292000011,2025,Collectivité Territoriale,Commune,['Ariège'],['Occitanie'],COM,{09},{76}
22371521-c246-4bec-ad19-bc9b8b0d5f6b,216803049,Commune de Sentheim (68),false,{68304},Commune,2026-03-24 14:42:07.195692+01,gold_establishments_2025,,,,21680304900016,2025,Collectivité Territoriale,Commune,['Haut-Rhin'],['Grand Est'],COM,{68},{44}
eaea6945-45aa-49c4-a3a0-3d0b8fc87434,216504191,Commune de Sentous (65),false,{65419},Commune,2026-03-24 14:42:06.665412+01,gold_establishments_2025,,,,21650419100018,2025,Collectivité Territoriale,Commune,['Hautes-Pyrénées'],['Occitanie'],COM,{65},{76}
13f9f404-fefd-4a35-a21d-866741cec24b,210803755,Commune de Senuc (08),false,{08412},Commune,2026-03-24 14:41:53.095366+01,gold_establishments_2025,,,,21080375500011,2025,Collectivité Territoriale,Commune,['Ardennes'],['Grand Est'],COM,{08},{44}
beb57e2c-d016-4cf2-85cf-481215c86b0a,212203350,Commune de Senven-Léhart (22),false,{22335},Commune,2026-03-24 14:41:55.958138+01,gold_establishments_2025,,,,21220335000013,2025,Collectivité Territoriale,Commune,"[""Côtes-d'Armor""]",['Bretagne'],COM,{22},{53}
5ea32695-2371-4cec-b200-1b0c6f587946,215905654,Commune de Sepmeries (59),false,{59565},Commune,2026-03-24 14:42:04.814328+01,gold_establishments_2025,,,,21590565400012,2025,Collectivité Territoriale,Commune,['Nord'],['Hauts-de-France'],COM,{59},{32}
cfe60099-95cd-4f26-b59b-1ef60779a110,213702475,Commune de Sepmes (37),false,{37247},Commune,2026-03-24 14:41:59.160244+01,gold_establishments_2025,,,,21370247500012,2025,Collectivité Territoriale,Commune,['Indre-et-Loire'],['Centre-Val de Loire'],COM,{37},{24}
e7727d05-a4e2-48d7-9c6b-1165ff20bb57,216803056,Commune de Seppois-le-Bas (68),false,{68305},Commune,2026-03-24 14:42:07.195692+01,gold_establishments_2025,,,,21680305600011,2025,Collectivité Territoriale,Commune,['Haut-Rhin'],['Grand Est'],COM,{68},{44}
4e8afc7d-a661-4f70-a37d-7f1249a81c6e,216803064,Commune de Seppois-le-Haut (68),false,{68306},Commune,2026-03-24 14:42:07.195692+01,gold_establishments_2025,,,,21680306400015,2025,Collectivité Territoriale,Commune,['Haut-Rhin'],['Grand Est'],COM,{68},{44}
6b006487-5d57-4f4b-842d-89423ed2658b,217606714,Commune de Sept-Meules (76),false,{76671},Commune,2026-03-24 14:42:08.818969+01,gold_establishments_2025,,,,21760671400012,2025,Collectivité Territoriale,Commune,['Seine-Maritime'],['Normandie'],COM,{76},{28}
837d25d5-4e9a-473a-93ba-c807768c4e7d,215104936,Commune de Sept-Saulx (51),false,{51530},Commune,2026-03-24 14:42:01.954481+01,gold_establishments_2025,,,,21510493600012,2025,Collectivité Territoriale,Commune,['Marne'],['Grand Est'],COM,{51},{44}
6c9808ef-13d2-4516-9a1b-bbfe7fc44e5a,217704485,Commune de Sept-Sorts (77),false,{77448},Commune,2026-03-24 14:42:09.43682+01,gold_establishments_2025,,,,21770448500010,2025,Collectivité Territoriale,Commune,['Seine-et-Marne'],['Île-de-France'],COM,{77},{11}
71b67703-4c24-4ee5-ada4-4fd74fd1fbed,217805910,Commune de Septeuil (78),false,{78591},Commune,2026-03-24 14:42:09.43682+01,gold_establishments_2025,,,,21780591000015,2025,Collectivité Territoriale,Commune,['Yvelines'],['Île-de-France'],COM,{78},{11}
1b573187-4805-4dca-a4a1-f340b523fd7d,218201796,Commune de Septfonds (82),false,{82179},Commune,2026-03-24 14:42:10.508772+01,gold_establishments_2025,,,,21820179600016,2025,Collectivité Territoriale,Commune,['Tarn-et-Garonne'],['Occitanie'],COM,{82},{76}
a86751c3-eaa6-456b-91ac-9cc0ca9ec15e,212505416,Commune de Septfontaines (25),false,{25541},Commune,2026-03-24 14:41:56.495197+01,gold_establishments_2025,,,,21250541600017,2025,Collectivité Territoriale,Commune,['Doubs'],['Bourgogne-Franche-Comté'],COM,{25},{27}
60e25678-3ffe-473f-8d4e-63aaa4b69495,200071355,Commune de Septmoncel les Molunes (39),false,{39510},Commune,2026-03-24 14:41:59.705606+01,gold_establishments_2025,,,,20007135500016,2025,Collectivité Territoriale,Commune,['Jura'],['Bourgogne-Franche-Comté'],COM,{39},{27}
099cab82-93fb-4425-81b8-9dd1cd2d8d1e,210206793,Commune de Septmonts (02),false,{02706},Commune,2026-03-24 14:41:52.020251+01,gold_establishments_2025,,,,21020679300015,2025,Collectivité Territoriale,Commune,['Aisne'],['Hauts-de-France'],COM,{02},{32}
a0534809-bb56-44d5-8e34-f147c25db820,215504846,Commune de Septsarges (55),false,{55484},Commune,2026-03-24 14:42:03.701372+01,gold_establishments_2025,,,,21550484600019,2025,Collectivité Territoriale,Commune,['Meuse'],['Grand Est'],COM,{55},{44}
eefb45e0-c1c6-4db2-b56d-3dc0a8f480bd,210206801,Commune de Septvaux (02),false,{02707},Commune,2026-03-24 14:41:52.020251+01,gold_establishments_2025,,,,21020680100016,2025,Collectivité Territoriale,Commune,['Aisne'],['Hauts-de-France'],COM,{02},{32}
139f8bd3-e267-41e9-bf37-3b05148ca6c6,213804800,Commune de Septème (38),false,{38480},Commune,2026-03-24 14:41:59.705606+01,gold_establishments_2025,,,,21380480000018,2025,Collectivité Territoriale,Commune,['Isère'],['Auvergne-Rhône-Alpes'],COM,{38},{84}
794ac590-233a-4c17-b38d-26fa0077ccef,211301064,Commune de Septèmes-les-Vallons (13),false,{13106},Commune,2026-03-24 14:41:53.63825+01,gold_establishments_2025,,,,21130106400013,2025,Collectivité Territoriale,Commune,['Bouches-du-Rhône'],"[""Provence-Alpes-Côte d'Azur""]",COM,{13},{93}
f4ddc364-e8ca-46f5-aa51-6ec3e4231f46,215504853,Commune de Sepvigny (55),false,{55485},Commune,2026-03-24 14:42:03.701372+01,gold_establishments_2025,,,,21550485300015,2025,Collectivité Territoriale,Commune,['Meuse'],['Grand Est'],COM,{55},{44}
f20b5883-97fb-4638-9fae-38867bb3a3d9,217903137,Commune de Sepvret (79),false,{79313},Commune,2026-03-24 14:42:09.43682+01,gold_establishments_2025,,,,21790313700016,2025,Collectivité Territoriale,Commune,['Deux-Sèvres'],['Nouvelle-Aquitaine'],COM,{79},{75}
a54c74cb-03af-4951-95f7-cd2e349fef11,213105455,Commune de Sepx (31),false,{31545},Commune,2026-03-24 14:41:58.09424+01,gold_establishments_2025,,,,21310545500017,2025,Collectivité Territoriale,Commune,['Haute-Garonne'],['Occitanie'],COM,{31},{76}
45b810c0-e30d-4669-960c-575bc6e47ea7,215905662,Commune de Sequedin (59),false,{59566},Commune,2026-03-24 14:42:04.814328+01,gold_establishments_2025,,,,21590566200015,2025,Collectivité Territoriale,Commune,['Nord'],['Hauts-de-France'],COM,{59},{32}
a2ce6768-6206-4c71-abbb-eaa8eb9ab675,210206819,Commune de Sequehart (02),false,{02708},Commune,2026-03-24 14:41:52.020251+01,gold_establishments_2025,,,,21020681900018,2025,Collectivité Territoriale,Commune,['Aisne'],['Hauts-de-France'],COM,{02},{32}
75da9984-5a14-445f-85b7-c78bece0db3a,210206827,Commune de Serain (02),false,{02709},Commune,2026-03-24 14:41:52.020251+01,gold_establishments_2025,,,,21020682700011,2025,Collectivité Territoriale,Commune,['Aisne'],['Hauts-de-France'],COM,{02},{32}
b1605acb-e504-4a71-80d4-6a5f719cd999,210803763,Commune de Seraincourt (08),false,{08413},Commune,2026-03-24 14:41:53.095366+01,gold_establishments_2025,,,,21080376300015,2025,Collectivité Territoriale,Commune,['Ardennes'],['Grand Est'],COM,{08},{44}
891e1a24-cc8d-41c7-8969-321ac6820c9b,219505922,Commune de Seraincourt (95),false,{95592},Commune,2026-03-24 14:42:11.659493+01,gold_establishments_2025,,,,21950592200019,2025,Collectivité Territoriale,Commune,"[""Val-d'Oise""]",['Île-de-France'],COM,{95},{11}
aa3e4028-a991-4647-b13f-49deae80c9fd,216006056,Commune de Serans (60),false,{60614},Commune,2026-03-24 14:42:04.814328+01,gold_establishments_2025,,,,21600605600016,2025,Collectivité Territoriale,Commune,['Oise'],['Hauts-de-France'],COM,{60},{32}
762bd872-78a5-4006-8f44-2a81b5607ce4,215405010,Commune de Seranville (54),false,{54501},Commune,2026-03-24 14:42:02.957225+01,gold_establishments_2025,,,,21540501000012,2025,Collectivité Territoriale,Commune,['Meurthe-et-Moselle'],['Grand Est'],COM,{54},{44}
65966143-e12e-41b3-9763-1ab143cc8fa8,210206835,Commune de Seraucourt-le-Grand (02),false,{02710},Commune,2026-03-24 14:41:52.020251+01,gold_establishments_2025,,,,21020683500014,2025,Collectivité Territoriale,Commune,['Aisne'],['Hauts-de-France'],COM,{02},{32}
1e23e329-f1dd-4421-9fa5-5d3e57179255,218804532,Commune de Seraumont (88),false,{88453},Commune,2026-03-24 14:42:11.118516+01,gold_establishments_2025,,,,21880453200016,2025,Collectivité Territoriale,Commune,['Vosges'],['Grand Est'],COM,{88},{44}
ef7c8d07-a025-4ac0-bb9b-603fbbef3d6d,212803746,Commune de Serazereux (28),false,{28374},Commune,2026-03-24 14:41:57.028721+01,gold_establishments_2025,,,,21280374600016,2025,Collectivité Territoriale,Commune,['Eure-et-Loir'],['Centre-Val de Loire'],COM,{28},{24}
67b2a110-4a6c-47eb-9e1f-172321bdc8d6,210302717,Commune de Serbannes (03),false,{03271},Commune,2026-03-24 14:41:52.020251+01,gold_establishments_2025,,,,21030271700017,2025,Collectivité Territoriale,Commune,['Allier'],['Auvergne-Rhône-Alpes'],COM,{03},{84}
a140dd3a-8d77-4495-9124-74792328843c,218903904,Commune de Serbonnes (89),false,{89390},Commune,2026-03-24 14:42:11.659493+01,gold_establishments_2025,,,,21890390400017,2025,Collectivité Territoriale,Commune,['Yonne'],['Bourgogne-Franche-Comté'],COM,{89},{27}
dfa4a7f3-a024-4fb2-8e23-d517a9611647,210206843,Commune de Serches (02),false,{02711},Commune,2026-03-24 14:41:52.020251+01,gold_establishments_2025,,,,21020684300018,2025,Collectivité Territoriale,Commune,['Aisne'],['Hauts-de-France'],COM,{02},{32}
5e04cf9e-50e6-40b1-a293-9a306f2b42fb,215905688,Commune de Sercus (59),false,{59568},Commune,2026-03-24 14:42:04.814328+01,gold_establishments_2025,,,,21590568800010,2025,Collectivité Territoriale,Commune,['Nord'],['Hauts-de-France'],COM,{59},{32}
81e14d96-2e52-4857-9f6d-34d8cd05054b,217105154,Commune de Sercy (71),false,{71515},Commune,2026-03-24 14:42:08.279287+01,gold_establishments_2025,,,,21710515400017,2025,Collectivité Territoriale,Commune,['Saône-et-Loire'],['Bourgogne-Franche-Comté'],COM,{71},{27}
7203a199-8013-47f5-aac1-127f5880fc4b,218804540,Commune de Sercœur (88),false,{88454},Commune,2026-03-24 14:42:11.118516+01,gold_establishments_2025,,,,21880454000019,2025,Collectivité Territoriale,Commune,['Vosges'],['Grand Est'],COM,{88},{44}
5377e899-c464-4572-9dc0-3b8d522546fb,216601930,Commune de Serdinya (66),false,{66193},Commune,2026-03-24 14:42:06.665412+01,gold_establishments_2025,,,,21660193000011,2025,Collectivité Territoriale,Commune,['Pyrénées-Orientales'],['Occitanie'],COM,{66},{76}
39e79ed6-81eb-4f66-8ffb-a2900591aa1b,212706212,Commune de Serez (27),false,{27621},Commune,2026-03-24 14:41:57.028721+01,gold_establishments_2025,,,,21270621200017,2025,Collectivité Territoriale,Commune,['Eure'],['Normandie'],COM,{27},{28}
e674ca96-3a4b-4a5b-958f-a9615b399349,212405310,Commune de Sergeac (24),false,{24531},Commune,2026-03-24 14:41:55.958138+01,gold_establishments_2025,,,,21240531000013,2025,Collectivité Territoriale,Commune,['Dordogne'],['Nouvelle-Aquitaine'],COM,{24},{75}
2688ad80-2b0d-4df6-90ec-81264406ff33,213905110,Commune de Sergenaux (39),false,{39511},Commune,2026-03-24 14:41:59.705606+01,gold_establishments_2025,,,,21390511000010,2025,Collectivité Territoriale,Commune,['Jura'],['Bourgogne-Franche-Comté'],COM,{39},{27}
58e6f3c1-d8d8-4644-b6c2-8775fa4dd738,213905128,Commune de Sergenon (39),false,{39512},Commune,2026-03-24 14:41:59.705606+01,gold_establishments_2025,,,,21390512800012,2025,Collectivité Territoriale,Commune,['Jura'],['Bourgogne-Franche-Comté'],COM,{39},{27}
05191d9d-f136-4f16-94aa-23409ca5e9ef,218903912,Commune de Sergines (89),false,{89391},Commune,2026-03-24 14:42:11.659493+01,gold_establishments_2025,,,,21890391200010,2025,Collectivité Territoriale,Commune,['Yonne'],['Bourgogne-Franche-Comté'],COM,{89},{27}
6371a505-b1ea-41ec-9459-560227b14dc5,210104014,Commune de Sergy (01),false,{01401},Commune,2026-03-24 14:41:51.447482+01,gold_establishments_2025,,,,21010401400019,2025,Collectivité Territoriale,Commune,['Ain'],['Auvergne-Rhône-Alpes'],COM,{01},{84}
13dfd641-7963-4e06-8b78-d7863eadc19d,210206850,Commune de Sergy (02),false,{02712},Commune,2026-03-24 14:41:52.020251+01,gold_establishments_2025,,,,21020685000013,2025,Collectivité Territoriale,Commune,['Aisne'],['Hauts-de-France'],COM,{02},{32}
3948b2bb-a435-4622-a8bb-d882dd0b548b,210206868,Commune de Seringes-et-Nesles (02),false,{02713},Commune,2026-03-24 14:41:52.020251+01,gold_establishments_2025,,,,21020686800015,2025,Collectivité Territoriale,Commune,['Aisne'],['Hauts-de-France'],COM,{02},{32}
9d2a9ae4-f613-4f73-bf55-2c4702e66d81,217105162,Commune de Serley (71),false,{71516},Commune,2026-03-24 14:42:08.279287+01,gold_establishments_2025,,,,21710516200010,2025,Collectivité Territoriale,Commune,['Saône-et-Loire'],['Bourgogne-Franche-Comté'],COM,{71},{27}
a30ab773-e1db-4d35-b251-5c2124112697,215802778,Commune de Sermages (58),false,{58277},Commune,2026-03-24 14:42:04.280096+01,gold_establishments_2025,,,,21580277800013,2025,Collectivité Territoriale,Commune,['Nièvre'],['Bourgogne-Franche-Comté'],COM,{58},{27}
3c483315-3134-4592-80d6-4e454e63509b,214903346,Commune de Sermaise (49),false,{49334},Commune,2026-03-24 14:42:01.412377+01,gold_establishments_2025,,,,21490334600010,2025,Collectivité Territoriale,Commune,['Maine-et-Loire'],['Pays de la Loire'],COM,{49},{52}
1e3b1630-71eb-4bfd-9a60-4ef18a93a5c7,219105939,Commune de Sermaise (91),false,{91593},Commune,2026-03-24 14:42:11.659493+01,gold_establishments_2025,,,,21910593900017,2025,Collectivité Territoriale,Commune,['Essonne'],['Île-de-France'],COM,{91},{11}
f13e07f8-5b70-4a59-acf5-7eea8bc3ca20,214503104,Commune de Sermaises (45),false,{45310},Commune,2026-03-24 14:42:00.862623+01,gold_establishments_2025,,,,21450310400082,2025,Collectivité Territoriale,Commune,['Loiret'],['Centre-Val de Loire'],COM,{45},{24}
b39dbe35-9a32-409e-83ba-2b9d5da708f1,216006080,Commune de Sermaize (60),false,{60617},Commune,2026-03-24 14:42:04.814328+01,gold_establishments_2025,,,,21600608000016,2025,Collectivité Territoriale,Commune,['Oise'],['Hauts-de-France'],COM,{60},{32}
26ff84c0-eb44-4f02-9318-1eeffb270066,215104944,Commune de Sermaize-les-Bains (51),false,{51531},Commune,2026-03-24 14:42:01.954481+01,gold_establishments_2025,,,,21510494400016,2025,Collectivité Territoriale,Commune,['Marne'],['Grand Est'],COM,{51},{44}
c9e3b24e-d4aa-469d-88bc-a803b7fb3c5f,219000932,Commune de Sermamagny (90),false,{90093},Commune,2026-03-24 14:42:11.659493+01,gold_establishments_2025,,,,21900093200018,2025,Collectivité Territoriale,Commune,['Territoire de Belfort'],['Bourgogne-Franche-Comté'],COM,{90},{27}
e10c9ab2-fa9e-4562-b880-d62110cfc76a,213905136,Commune de Sermange (39),false,{39513},Commune,2026-03-24 14:41:59.705606+01,gold_establishments_2025,,,,21390513600015,2025,Collectivité Territoriale,Commune,['Jura'],['Bourgogne-Franche-Comté'],COM,{39},{27}
a651f763-6dd0-49f9-8af5-f3471b7ab4e4,212002752,Commune de Sermano (2B),false,{2B275},Commune,2026-03-24 14:41:57.56054+01,gold_establishments_2025,,,,21200275200013,2025,Collectivité Territoriale,Commune,['Haute-Corse'],['Corse'],COM,{2B},{94}
59cea82f-fdb5-454a-b3f5-3fdb8b25ba3a,216304188,Commune de Sermentizon (63),false,{63418},Commune,2026-03-24 14:42:06.130387+01,gold_establishments_2025,,,,21630418800016,2025,Collectivité Territoriale,Commune,['Puy-de-Dôme'],['Auvergne-Rhône-Alpes'],COM,{63},{84}
77c1f5bd-31e3-4176-903d-4de71e3a0e42,216704643,Commune de Sermersheim (67),false,{67464},Commune,2026-03-24 14:42:07.195692+01,gold_establishments_2025,,,,21670464300016,2025,Collectivité Territoriale,Commune,['Bas-Rhin'],['Grand Est'],COM,{67},{44}
31c9d7ba-5dcb-4dbc-a433-dedfab95cf14,217105170,Commune de Sermesse (71),false,{71517},Commune,2026-03-24 14:42:08.279287+01,gold_establishments_2025,,,,21710517000013,2025,Collectivité Territoriale,Commune,['Saône-et-Loire'],['Bourgogne-Franche-Comté'],COM,{71},{27}
2934c2c4-ca58-45bf-bd59-44e2d80008af,215104951,Commune de Sermiers (51),false,{51532},Commune,2026-03-24 14:42:01.954481+01,gold_establishments_2025,,,,21510495100011,2025,Collectivité Territoriale,Commune,['Marne'],['Grand Est'],COM,{51},{44}
0562e1c2-9f29-4278-b929-7f354aef33d1,218903920,Commune de Sermizelles (89),false,{89392},Commune,2026-03-24 14:42:11.659493+01,gold_establishments_2025,,,,21890392000013,2025,Collectivité Territoriale,Commune,['Yonne'],['Bourgogne-Franche-Comté'],COM,{89},{27}
9e2b52bc-636e-4841-9f49-9425bb65df8e,210206876,Commune de Sermoise (02),false,{02714},Commune,2026-03-24 14:41:52.020251+01,gold_establishments_2025,,,,21020687600018,2025,Collectivité Territoriale,Commune,['Aisne'],['Hauts-de-France'],COM,{02},{32}
b3e2a39a-b436-4be8-a070-77126ad7c9dd,215802786,Commune de Sermoise-sur-Loire (58),false,{58278},Commune,2026-03-24 14:42:04.280096+01,gold_establishments_2025,,,,21580278600016,2025,Collectivité Territoriale,Commune,['Nièvre'],['Bourgogne-Franche-Comté'],COM,{58},{27}
7f9538dd-b331-411f-a597-6bde600c50f4,210104022,Commune de Sermoyer (01),false,{01402},Commune,2026-03-24 14:41:51.447482+01,gold_establishments_2025,,,,21010402200012,2025,Collectivité Territoriale,Commune,['Ain'],['Auvergne-Rhône-Alpes'],COM,{01},{84}
93b2e3ca-3a9e-4348-9201-754b81ac9228,212317101,Commune de Sermur (23),false,{23171},Commune,2026-03-24 14:41:55.958138+01,gold_establishments_2025,,,,21231710100013,2025,Collectivité Territoriale,Commune,['Creuse'],['Nouvelle-Aquitaine'],COM,{23},{75}
59d8319d-bed3-47d4-8d25-b628a0782788,213804834,Commune de Sermérieu (38),false,{38483},Commune,2026-03-24 14:41:59.705606+01,gold_establishments_2025,,,,21380483400017,2025,Collectivité Territoriale,Commune,['Isère'],['Auvergne-Rhône-Alpes'],COM,{38},{84}
8ae8b97d-796c-41f6-9b1a-dafdb8eec645,213003171,Commune de Sernhac (30),false,{30317},Commune,2026-03-24 14:41:57.56054+01,gold_establishments_2025,,,,21300317100013,2025,Collectivité Territoriale,Commune,['Gard'],['Occitanie'],COM,{30},{76}
f7e0d887-a551-42d3-87ad-fb2ad376d196,218804565,Commune de Serocourt (88),false,{88456},Commune,2026-03-24 14:42:11.118516+01,gold_establishments_2025,,,,21880456500016,2025,Collectivité Territoriale,Commune,['Vosges'],['Grand Est'],COM,{88},{44}
ca25aa65-96f6-49a9-b5b5-5f003135a557,213804842,Commune de Serpaize (38),false,{38484},Commune,2026-03-24 14:41:59.705606+01,gold_establishments_2025,,,,21380484200010,2025,Collectivité Territoriale,Commune,['Isère'],['Auvergne-Rhône-Alpes'],COM,{38},{84}
0a8f8ab1-e8cf-4264-881d-5bbc9be6e9fe,216207928,Commune de Serques (62),false,{62792},Commune,2026-03-24 14:42:06.130387+01,gold_establishments_2025,,,,21620792800013,2025,Collectivité Territoriale,Commune,['Pas-de-Calais'],['Hauts-de-France'],COM,{62},{32}
14568bdd-9137-4bd1-9ae9-2bdabcaf5278,215203365,Commune de Serqueux (52),false,{52470},Commune,2026-03-24 14:42:01.954481+01,gold_establishments_2025,,,,21520336500014,2025,Collectivité Territoriale,Commune,['Haute-Marne'],['Grand Est'],COM,{52},{44}
860d5b25-e546-451b-aff2-27a21e07cd1f,217606722,Commune de Serqueux (76),false,{76672},Commune,2026-03-24 14:42:08.818969+01,gold_establishments_2025,,,,21760672200015,2025,Collectivité Territoriale,Commune,['Seine-Maritime'],['Normandie'],COM,{76},{28}
8a88f4ea-7726-47eb-a555-7e08e912fd9d,212706220,Commune de Serquigny (27),false,{27622},Commune,2026-03-24 14:41:57.028721+01,gold_establishments_2025,,,,21270622000010,2025,Collectivité Territoriale,Commune,['Eure'],['Normandie'],COM,{27},{28}
601c3535-7a0e-4773-bf13-6c6c5b64e7d2,212002760,Commune de Serra-di-Ferro (2A),false,{2A276},Commune,2026-03-24 14:41:57.56054+01,gold_establishments_2025,,,,21200276000016,2025,Collectivité Territoriale,Commune,['Corse-du-Sud'],['Corse'],COM,{2A},{94}
b764fed9-f7ba-4276-ae9c-3dee4c021eda,212002778,Commune de Serra-di-Fiumorbo (2B),false,{2B277},Commune,2026-03-24 14:41:57.56054+01,gold_establishments_2025,,,,21200277800018,2025,Collectivité Territoriale,Commune,['Haute-Corse'],['Corse'],COM,{2B},{94}
c1b785ac-6c80-4596-9a4a-bc7f6ec2ce65,212002786,Commune de Serra-di-Scopamène (2A),false,{2A278},Commune,2026-03-24 14:41:57.56054+01,gold_establishments_2025,,,,21200278600011,2025,Collectivité Territoriale,Commune,['Corse-du-Sud'],['Corse'],COM,{2A},{94}
f7c25b63-d6ce-42c2-b2d3-72286c5b1d5d,216601948,Commune de Serralongue (66),false,{66194},Commune,2026-03-24 14:42:06.665412+01,gold_establishments_2025,,,,21660194800013,2025,Collectivité Territoriale,Commune,['Pyrénées-Orientales'],['Occitanie'],COM,{66},{76}
8bd085f8-4805-4768-a420-146ae0674155,217402650,Commune de Serraval (74),false,{74265},Commune,2026-03-24 14:42:08.818969+01,gold_establishments_2025,,,,21740265000014,2025,Collectivité Territoriale,Commune,['Haute-Savoie'],['Auvergne-Rhône-Alpes'],COM,{74},{84}
c186c2d1-b978-483f-aad5-8e92b5a26a2f,213802754,Commune de Serre-Nerpol (38),false,{38275},Commune,2026-03-24 14:41:59.160244+01,gold_establishments_2025,,,,21380275400019,2025,Collectivité Territoriale,Commune,['Isère'],['Auvergne-Rhône-Alpes'],COM,{38},{84}
58af4ab0-ddc1-4d2f-a457-1816006f4ed4,213905144,Commune de Serre-les-Moulières (39),false,{39514},Commune,2026-03-24 14:41:59.705606+01,gold_establishments_2025,,,,21390514400019,2025,Collectivité Territoriale,Commune,['Jura'],['Bourgogne-Franche-Comté'],COM,{39},{27}
f0d4733c-4323-428d-8c1f-ce9d3d027f90,212505424,Commune de Serre-les-Sapins (25),false,{25542},Commune,2026-03-24 14:41:56.495197+01,gold_establishments_2025,,,,21250542400011,2025,Collectivité Territoriale,Commune,['Doubs'],['Bourgogne-Franche-Comté'],COM,{25},{27}
aaebd1f1-672b-4619-8178-185564aca03c,210501664,Commune de Serres (05),false,{05166},Commune,2026-03-24 14:41:52.562531+01,gold_establishments_2025,,,,21050166400010,2025,Collectivité Territoriale,Commune,['Hautes-Alpes'],"[""Provence-Alpes-Côte d'Azur""]",COM,{05},{93}
7502c747-102e-4c02-b11f-be250488c4c2,211103775,Commune de Serres (11),false,{11377},Commune,2026-03-24 14:41:53.63825+01,gold_establishments_2025,,,,21110377500014,2025,Collectivité Territoriale,Commune,['Aude'],['Occitanie'],COM,{11},{76}
228f5d6e-1298-4e5f-8616-4972359a2af2,215405028,Commune de Serres (54),false,{54502},Commune,2026-03-24 14:42:02.957225+01,gold_establishments_2025,,,,21540502800055,2025,Collectivité Territoriale,Commune,['Meurthe-et-Moselle'],['Grand Est'],COM,{54},{44}
e6800496-e114-441c-bcf7-c8030d752e72,216405191,Commune de Serres-Castet (64),false,{64519},Commune,2026-03-24 14:42:06.665412+01,gold_establishments_2025,,,,21640519100018,2025,Collectivité Territoriale,Commune,['Pyrénées-Atlantiques'],['Nouvelle-Aquitaine'],COM,{64},{75}
7c880e69-5b8d-4fe2-9361-a06b0843fb13,214002982,Commune de Serres-Gaston (40),false,{40298},Commune,2026-03-24 14:41:59.705606+01,gold_establishments_2025,,,,21400298200012,2025,Collectivité Territoriale,Commune,['Landes'],['Nouvelle-Aquitaine'],COM,{40},{75}
a8b5077f-2c58-4c8b-a238-637d76409d8c,216405209,Commune de Serres-Morlaàs (64),false,{64520},Commune,2026-03-24 14:42:06.665412+01,gold_establishments_2025,,,,21640520900018,2025,Collectivité Territoriale,Commune,['Pyrénées-Atlantiques'],['Nouvelle-Aquitaine'],COM,{64},{75}
c3c95c5f-a41a-4bc0-953f-ad381011ec5b,216405217,Commune de Serres-Sainte-Marie (64),false,{64521},Commune,2026-03-24 14:42:06.665412+01,gold_establishments_2025,,,,21640521700011,2025,Collectivité Territoriale,Commune,['Pyrénées-Atlantiques'],['Nouvelle-Aquitaine'],COM,{64},{75}
4694e874-d7dd-49e8-ad4a-f22ad1fd7f42,212405328,Commune de Serres-et-Montguyard (24),false,{24532},Commune,2026-03-24 14:41:55.958138+01,gold_establishments_2025,,,,21240532800015,2025,Collectivité Territoriale,Commune,['Dordogne'],['Nouvelle-Aquitaine'],COM,{24},{75}
ac943ab7-9bef-4a98-a24b-4bc3deb5f439,210902938,Commune de Serres-sur-Arget (09),false,{09293},Commune,2026-03-24 14:41:53.095366+01,gold_establishments_2025,,,,21090293800013,2025,Collectivité Territoriale,Commune,['Ariège'],['Occitanie'],COM,{09},{76}
ea67c299-3912-465f-99e3-76af502dd2d3,214002990,Commune de Serreslous-et-Arribans (40),false,{40299},Commune,2026-03-24 14:41:59.705606+01,gold_establishments_2025,,,,21400299000015,2025,Collectivité Territoriale,Commune,['Landes'],['Nouvelle-Aquitaine'],COM,{40},{75}
a2203571-9720-4c8a-8439-eadcaed9b91c,212002794,Commune de Serriera (2A),false,{2A279},Commune,2026-03-24 14:41:57.56054+01,gold_establishments_2025,,,,21200279400015,2025,Collectivité Territoriale,Commune,['Corse-du-Sud'],['Corse'],COM,{2A},{94}
0e18f8b9-e611-4050-95a2-6fb0da5464f6,218903938,Commune de Serrigny (89),false,{89393},Commune,2026-03-24 14:42:11.659493+01,gold_establishments_2025,,,,21890393800015,2025,Collectivité Territoriale,Commune,['Yonne'],['Bourgogne-Franche-Comté'],COM,{89},{27}
3a31d22c-6d2b-49ce-8432-96a9429d91dd,217105196,Commune de Serrigny-en-Bresse (71),false,{71519},Commune,2026-03-24 14:42:08.279287+01,gold_establishments_2025,,,,21710519600018,2025,Collectivité Territoriale,Commune,['Saône-et-Loire'],['Bourgogne-Franche-Comté'],COM,{71},{27}
dfff3ebd-e9ae-4bab-8146-1254bc2b4de5,217704493,Commune de Serris (77),false,{77449},Commune,2026-03-24 14:42:09.43682+01,gold_establishments_2025,,,,21770449300014,2025,Collectivité Territoriale,Commune,['Seine-et-Marne'],['Île-de-France'],COM,{77},{11}
18083360-84d2-4935-b9db-e78d82f6d1aa,210703138,Commune de Serrières (07),false,{07313},Commune,2026-03-24 14:41:52.562531+01,gold_establishments_2025,,,,21070313800011,2025,Collectivité Territoriale,Commune,['Ardèche'],['Auvergne-Rhône-Alpes'],COM,{07},{84}
8db1702d-c266-4699-b131-d76219da2a00,217105188,Commune de Serrières (71),false,{71518},Commune,2026-03-24 14:42:08.279287+01,gold_establishments_2025,,,,21710518800015,2025,Collectivité Territoriale,Commune,['Saône-et-Loire'],['Bourgogne-Franche-Comté'],COM,{71},{27}
bbf27801-624c-46a0-958f-1c6335198a41,210104030,Commune de Serrières-de-Briord (01),false,{01403},Commune,2026-03-24 14:41:51.447482+01,gold_establishments_2025,,,,21010403000015,2025,Collectivité Territoriale,Commune,['Ain'],['Auvergne-Rhône-Alpes'],COM,{01},{84}
06c41ad8-1f7e-456e-88f0-2cdd323a14fb,217302868,Commune de Serrières-en-Chautagne (73),false,{73286},Commune,2026-03-24 14:42:08.279287+01,gold_establishments_2025,,,,21730286800013,2025,Collectivité Territoriale,Commune,['Savoie'],['Auvergne-Rhône-Alpes'],COM,{73},{84}
8b020c59-14e1-4461-a90c-dff83a13c069,210104048,Commune de Serrières-sur-Ain (01),false,{01404},Commune,2026-03-24 14:41:51.447482+01,gold_establishments_2025,,,,21010404800017,2025,Collectivité Territoriale,Commune,['Ain'],['Auvergne-Rhône-Alpes'],COM,{01},{84}
890ce41b-2aa2-47de-b321-32bc9c9f568d,215405044,Commune de Serrouville (54),false,{54504},Commune,2026-03-24 14:42:02.957225+01,gold_establishments_2025,,,,21540504400011,2025,Collectivité Territoriale,Commune,['Meurthe-et-Moselle'],['Grand Est'],COM,{54},{44}
5d746cc5-74ca-40ba-a717-615fb1d31046,211802509,Commune de Serruelles (18),false,{18250},Commune,2026-03-24 14:41:54.903238+01,gold_establishments_2025,,,,21180250900011,2025,Collectivité Territoriale,Commune,['Cher'],['Centre-Val de Loire'],COM,{18},{24}
090d0aa2-303c-4607-940a-00e2ea992398,211603683,Commune de Sers (16),false,{16368},Commune,2026-03-24 14:41:54.362296+01,gold_establishments_2025,,,,21160368300015,2025,Collectivité Territoriale,Commune,['Charente'],['Nouvelle-Aquitaine'],COM,{16},{75}
5fc91440-f468-4f04-a7fb-b80e4e2dba2f,216504241,Commune de Sers (65),false,{65424},Commune,2026-03-24 14:42:06.665412+01,gold_establishments_2025,,,,21650424100011,2025,Collectivité Territoriale,Commune,['Hautes-Pyrénées'],['Occitanie'],COM,{65},{76}
f9faf6d6-ba1d-4fe1-a0f2-1592dbebd72f,210206892,Commune de Servais (02),false,{02716},Commune,2026-03-24 14:41:52.020251+01,gold_establishments_2025,,,,21020689200015,2025,Collectivité Territoriale,Commune,['Aisne'],['Hauts-de-France'],COM,{02},{32}
c77f0095-649c-43ae-a3bc-9f99b6eccd7d,210206884,Commune de Serval (02),false,{02715},Commune,2026-03-24 14:41:52.020251+01,gold_establishments_2025,,,,21020688400012,2025,Collectivité Territoriale,Commune,['Aisne'],['Hauts-de-France'],COM,{02},{32}
290d4736-d54f-48ae-8554-2d857b654f37,200065381,Commune de Servance-Miellin (70),false,{70489},Commune,2026-03-24 14:42:07.735343+01,gold_establishments_2025,,,,20006538100010,2025,Collectivité Territoriale,Commune,['Haute-Saône'],['Bourgogne-Franche-Comté'],COM,{70},{27}
eb5645c2-96be-42f8-884b-877079c0fd23,212405336,Commune de Servanches (24),false,{24533},Commune,2026-03-24 14:41:55.958138+01,gold_establishments_2025,,,,21240533600018,2025,Collectivité Territoriale,Commune,['Dordogne'],['Nouvelle-Aquitaine'],COM,{24},{75}
6c1b6d47-7979-404f-9ef8-8d7ba932fc44,216304196,Commune de Servant (63),false,{63419},Commune,2026-03-24 14:42:06.130387+01,gold_establishments_2025,,,,21630419600019,2025,Collectivité Territoriale,Commune,['Puy-de-Dôme'],['Auvergne-Rhône-Alpes'],COM,{63},{84}
cebc0a61-d9fb-47de-89a7-0358426682cf,210104055,Commune de Servas (01),false,{01405},Commune,2026-03-24 14:41:51.447482+01,gold_establishments_2025,,,,21010405500012,2025,Collectivité Territoriale,Commune,['Ain'],['Auvergne-Rhône-Alpes'],COM,{01},{84}
355f3c07-f8fa-4c02-bb03-692d73395b05,213003189,Commune de Servas (30),false,{30318},Commune,2026-03-24 14:41:57.56054+01,gold_establishments_2025,,,,21300318900015,2025,Collectivité Territoriale,Commune,['Gard'],['Occitanie'],COM,{30},{76}
fd55339a-6dbe-485f-855f-659c07e1abfa,217606730,Commune de Servaville-Salmonville (76),false,{76673},Commune,2026-03-24 14:42:08.818969+01,gold_establishments_2025,,,,21760673000018,2025,Collectivité Territoriale,Commune,['Seine-Maritime'],['Normandie'],COM,{76},{28}
aebaaf28-d385-4f3a-b82c-3b1a47e57cf4,214801888,Commune de Serverette (48),false,{48188},Commune,2026-03-24 14:42:01.412377+01,gold_establishments_2025,,,,21480188800014,2025,Collectivité Territoriale,Commune,['Lozère'],['Occitanie'],COM,{48},{76}
f40d19a1-e8d5-42a9-bd99-0eb2ed570eca,212603419,Commune de Serves-sur-Rhône (26),false,{26341},Commune,2026-03-24 14:41:56.495197+01,gold_establishments_2025,,,,21260341900012,2025,Collectivité Territoriale,Commune,['Drôme'],['Auvergne-Rhône-Alpes'],COM,{26},{84}
be2fe942-fa21-4119-ad28-1ca3b54a760c,213403009,Commune de Servian (34),false,{34300},Commune,2026-03-24 14:41:58.620411+01,gold_establishments_2025,,,,21340300900011,2025,Collectivité Territoriale,Commune,['Hérault'],['Occitanie'],COM,{34},{76}
04d0f61d-b889-46a3-bed9-42e13a0b5ae5,213003197,Commune de Serviers-et-Labaume (30),false,{30319},Commune,2026-03-24 14:41:57.56054+01,gold_establishments_2025,,,,21300319700018,2025,Collectivité Territoriale,Commune,['Gard'],['Occitanie'],COM,{30},{76}
863bf31d-157a-4323-9ca6-5ec45abf5cf2,210104063,Commune de Servignat (01),false,{01406},Commune,2026-03-24 14:41:51.447482+01,gold_establishments_2025,,,,21010406300016,2025,Collectivité Territoriale,Commune,['Ain'],['Auvergne-Rhône-Alpes'],COM,{01},{84}
d83aa0d0-0557-422e-ad72-db729b2c2466,217004902,Commune de Servigney (70),false,{70490},Commune,2026-03-24 14:42:07.735343+01,gold_establishments_2025,,,,21700490200011,2025,Collectivité Territoriale,Commune,['Haute-Saône'],['Bourgogne-Franche-Comté'],COM,{70},{27}
7eb727d8-1d3d-4b92-9ade-e0300085e0df,215706482,Commune de Servigny-lès-Raville (57),false,{57648},Commune,2026-03-24 14:42:04.280096+01,gold_establishments_2025,,,,21570648200019,2025,Collectivité Territoriale,Commune,['Moselle'],['Grand Est'],COM,{57},{44}
4a505525-f84c-4ba0-9939-1fefac69bfa0,215706490,Commune de Servigny-lès-Sainte-Barbe (57),false,{57649},Commune,2026-03-24 14:42:04.280096+01,gold_establishments_2025,,,,21570649000012,2025,Collectivité Territoriale,Commune,['Moselle'],['Grand Est'],COM,{57},{44}
b8b82f60-aa76-419a-a06d-2c71a1a49f18,212803753,Commune de Serville (28),false,{28375},Commune,2026-03-24 14:41:57.028721+01,gold_establishments_2025,,,,21280375300012,2025,Collectivité Territoriale,Commune,['Eure-et-Loir'],['Centre-Val de Loire'],COM,{28},{24}
945a91ae-b856-48f4-9833-6ce802d024a9,210302725,Commune de Servilly (03),false,{03272},Commune,2026-03-24 14:41:52.020251+01,gold_establishments_2025,,,,21030272500010,2025,Collectivité Territoriale,Commune,['Allier'],['Auvergne-Rhône-Alpes'],COM,{03},{84}
e1554259-ce3e-4564-bf60-3739c9350eb8,212505440,Commune de Servin (25),false,{25544},Commune,2026-03-24 14:41:56.495197+01,gold_establishments_2025,,,,21250544000017,2025,Collectivité Territoriale,Commune,['Doubs'],['Bourgogne-Franche-Comté'],COM,{25},{27}
cdcfe5d0-4c33-4abb-a469-651988e42698,216207936,Commune de Servins (62),false,{62793},Commune,2026-03-24 14:42:06.130387+01,gold_establishments_2025,,,,21620793600016,2025,Collectivité Territoriale,Commune,['Pas-de-Calais'],['Hauts-de-France'],COM,{62},{32}
0162fdd3-2a7f-4df1-9608-3f3eb9d2ca5a,211925805,Commune de Servières-le-Château (19),false,{19258},Commune,2026-03-24 14:41:55.433389+01,gold_establishments_2025,,,,21192580500015,2025,Collectivité Territoriale,Commune,['Corrèze'],['Nouvelle-Aquitaine'],COM,{19},{75}
e7d75be3-de36-49cc-b633-4869da9eacf8,218102861,Commune de Serviès (81),false,{81286},Commune,2026-03-24 14:42:09.967209+01,gold_establishments_2025,,,,21810286100018,2025,Collectivité Territoriale,Commune,['Tarn'],['Occitanie'],COM,{81},{76}
c4640c25-94f6-4c0a-b6d7-1090887c8642,211103783,Commune de Serviès-en-Val (11),false,{11378},Commune,2026-03-24 14:41:53.63825+01,gold_establishments_2025,,,,21110378300018,2025,Collectivité Territoriale,Commune,['Aude'],['Occitanie'],COM,{11},{76}
1a0ed6aa-ea4c-4f74-bd09-688e70096155,215005745,Commune de Servon (50),false,{50574},Commune,2026-03-24 14:42:01.412377+01,gold_establishments_2025,,,,21500574500017,2025,Collectivité Territoriale,Commune,['Manche'],['Normandie'],COM,{50},{28}
6b80e506-df30-403d-b70f-e0e74c036264,217704501,Commune de Servon (77),false,{77450},Commune,2026-03-24 14:42:09.43682+01,gold_establishments_2025,,,,21770450100014,2025,Collectivité Territoriale,Commune,['Seine-et-Marne'],['Île-de-France'],COM,{77},{11}
72278e3d-db73-468a-a575-63af60071bc4,215104969,Commune de Servon-Melzicourt (51),false,{51533},Commune,2026-03-24 14:42:01.954481+01,gold_establishments_2025,,,,21510496900013,2025,Collectivité Territoriale,Commune,['Marne'],['Grand Est'],COM,{51},{44}
63b54dab-056c-45c0-bc9c-ec874d78170a,213503279,Commune de Servon-sur-Vilaine (35),false,{35327},Commune,2026-03-24 14:41:59.160244+01,gold_establishments_2025,,,,21350327900019,2025,Collectivité Territoriale,Commune,['Ille-et-Vilaine'],['Bretagne'],COM,{35},{53}
c694c991-0eda-456b-83b3-3af65ed54734,217402668,Commune de Servoz (74),false,{74266},Commune,2026-03-24 14:42:08.818969+01,gold_establishments_2025,,,,21740266800016,2025,Collectivité Territoriale,Commune,['Haute-Savoie'],['Auvergne-Rhône-Alpes'],COM,{74},{84}
2649b8a7-3789-444f-8029-fc7f8cfa36c4,210803771,Commune de Sery (08),false,{08415},Commune,2026-03-24 14:41:53.095366+01,gold_establishments_2025,,,,21080377100018,2025,Collectivité Territoriale,Commune,['Ardennes'],['Grand Est'],COM,{08},{44}
308b7877-d401-4a5c-b721-9994af7b7f4d,218903946,Commune de Sery (89),false,{89394},Commune,2026-03-24 14:42:11.659493+01,gold_establishments_2025,,,,21890394600018,2025,Collectivité Territoriale,Commune,['Yonne'],['Bourgogne-Franche-Comté'],COM,{89},{27}
5271ce88-74dc-41bd-b999-636d4b037781,215104977,Commune de Serzy-et-Prin (51),false,{51534},Commune,2026-03-24 14:42:01.954481+01,gold_establishments_2025,,,,21510497700016,2025,Collectivité Territoriale,Commune,['Marne'],['Grand Est'],COM,{51},{44}
bb20875e-e97e-4fa8-af4f-faaca43d3c1b,218804557,Commune de Serécourt (88),false,{88455},Commune,2026-03-24 14:42:11.118516+01,gold_establishments_2025,,,,21880455700013,2025,Collectivité Territoriale,Commune,['Vosges'],['Grand Est'],COM,{88},{44}
a6165b57-c4ac-4a1d-a8f5-e048c5372732,215706474,Commune de Serémange-Erzange (57),false,{57647},Commune,2026-03-24 14:42:04.280096+01,gold_establishments_2025,,,,21570647400016,2025,Collectivité Territoriale,Commune,['Moselle'],['Grand Est'],COM,{57},{44}
72a85a1e-9115-4874-b443-f8fa7a32370b,216704650,Commune de Sessenheim (67),false,{67465},Commune,2026-03-24 14:42:07.195692+01,gold_establishments_2025,,,,21670465000011,2025,Collectivité Territoriale,Commune,['Bas-Rhin'],['Grand Est'],COM,{67},{44}
0136da28-dbd8-40c7-a6e7-9fe7f151e76f,216207944,Commune de Setques (62),false,{62794},Commune,2026-03-24 14:42:06.130387+01,gold_establishments_2025,,,,21620794400010,2025,Collectivité Territoriale,Commune,['Pas-de-Calais'],['Hauts-de-France'],COM,{62},{32}
e126e4ad-8b73-439f-bde4-dad983a7c208,219505948,Commune de Seugy (95),false,{95594},Commune,2026-03-24 14:42:11.659493+01,gold_establishments_2025,,,,21950594800048,2025,Collectivité Territoriale,Commune,"[""Val-d'Oise""]",['Île-de-France'],COM,{95},{11}
16c440bf-25e1-4e97-bf17-09795961d319,210803789,Commune de Seuil (08),false,{08416},Commune,2026-03-24 14:41:53.095366+01,gold_establishments_2025,,,,21080378900010,2025,Collectivité Territoriale,Commune,['Ardennes'],['Grand Est'],COM,{08},{44}
3429c0be-ec56-4078-9f13-becfe57bf9d0,215505173,Commune de Seuil-d'Argonne (55),false,{55517},Commune,2026-03-24 14:42:03.701372+01,gold_establishments_2025,,,,21550517300017,2025,Collectivité Territoriale,Commune,['Meuse'],['Grand Est'],COM,{55},{44}
415d544f-9410-4f40-88c7-3d0f3670fb01,210302733,Commune de Seuillet (03),false,{03273},Commune,2026-03-24 14:41:52.020251+01,gold_establishments_2025,,,,21030273300014,2025,Collectivité Territoriale,Commune,['Allier'],['Auvergne-Rhône-Alpes'],COM,{03},{84}
269d8b7e-0eb1-4554-bf44-b912e0e9cd59,213702483,Commune de Seuilly (37),false,{37248},Commune,2026-03-24 14:41:59.160244+01,gold_establishments_2025,,,,21370248300016,2025,Collectivité Territoriale,Commune,['Indre-et-Loire'],['Centre-Val de Loire'],COM,{37},{24}
0ea7caec-5cc4-4df3-bae9-030963fa3523,200066447,Commune de Seulline (14),false,{14579},Commune,2026-03-24 14:41:54.362296+01,gold_establishments_2025,,,,20006644700018,2025,Collectivité Territoriale,Commune,['Calvados'],['Normandie'],COM,{14},{28}
ec216e91-6a3b-471c-bbbc-79f06567ce98,214102469,Commune de Seur (41),false,{41246},Commune,2026-03-24 14:42:00.273698+01,gold_establishments_2025,,,,21410246900019,2025,Collectivité Territoriale,Commune,['Loir-et-Cher'],['Centre-Val de Loire'],COM,{41},{24}
5bd283d2-b5d1-4844-b75c-7a2b0a3cc9e7,212106074,Commune de Seurre (21),false,{21607},Commune,2026-03-24 14:41:55.433389+01,gold_establishments_2025,,,,21210607400017,2025,Collectivité Territoriale,Commune,"[""Côte-d'Or""]",['Bourgogne-Franche-Comté'],COM,{21},{27}
393239d0-6047-4a38-b8ee-4a3b85449507,218006898,Commune de Seux (80),false,{80735},Commune,2026-03-24 14:42:09.967209+01,gold_establishments_2025,,,,21800689800017,2025,Collectivité Territoriale,Commune,['Somme'],['Hauts-de-France'],COM,{80},{32}
e006f0fa-88db-413b-968e-3248679695dc,215508417,Commune de Seuzey (55),false,{55487},Commune,2026-03-24 14:42:03.701372+01,gold_establishments_2025,,,,21550841700015,2025,Collectivité Territoriale,Commune,['Meuse'],['Grand Est'],COM,{55},{44}
b372e85c-97d7-4ade-8963-74254a0881b4,214203002,Commune de Sevelinges (42),false,{42300},Commune,2026-03-24 14:42:00.273698+01,gold_establishments_2025,,,,21420300200016,2025,Collectivité Territoriale,Commune,['Loire'],['Auvergne-Rhône-Alpes'],COM,{42},{84}
e3dcd279-8e14-4bb0-8e47-260e2c6db15a,219000940,Commune de Sevenans (90),false,{90094},Commune,2026-03-24 14:42:11.659493+01,gold_establishments_2025,,,,21900094000011,2025,Collectivité Territoriale,Commune,['Territoire de Belfort'],['Bourgogne-Franche-Comté'],COM,{90},{27}
ce5466ee-334f-492b-8b62-5fbc3a93b05a,200086460,Commune de Seveux-Motey (70),false,{70491},Commune,2026-03-24 14:42:07.735343+01,gold_establishments_2025,,,,20008646000017,2025,Collectivité Territoriale,Commune,['Haute-Saône'],['Bourgogne-Franche-Comté'],COM,{70},{27}
691f3e76-ccfe-40dd-b187-03e831a0f6a1,216104737,Commune de Sevrai (61),false,{61473},Commune,2026-03-24 14:42:05.597325+01,gold_establishments_2025,,,,21610473700012,2025,Collectivité Territoriale,Commune,['Orne'],['Normandie'],COM,{61},{28}
879f2bcb-4444-4afd-ac22-db0df2620dcb,219300712,Commune de Sevran (93),false,{93071},Commune,2026-03-24 14:42:11.659493+01,gold_establishments_2025,,,,21930071200524,2025,Collectivité Territoriale,Commune,['Seine-Saint-Denis'],['Île-de-France'],COM,{93},{11}
4c4687da-ee19-41be-9b54-ba3adec90c00,217105204,Commune de Sevrey (71),false,{71520},Commune,2026-03-24 14:42:08.279287+01,gold_establishments_2025,,,,21710520400010,2025,Collectivité Territoriale,Commune,['Saône-et-Loire'],['Bourgogne-Franche-Comté'],COM,{71},{27}
40605b48-b3c0-4b37-aeff-8dbacbb093b2,217402676,Commune de Sevrier (74),false,{74267},Commune,2026-03-24 14:42:08.818969+01,gold_establishments_2025,,,,21740267600019,2025,Collectivité Territoriale,Commune,['Haute-Savoie'],['Auvergne-Rhône-Alpes'],COM,{74},{84}
ccc8e95d-4ea7-4032-8f76-79bf7f3a1a5d,216803072,Commune de Sewen (68),false,{68307},Commune,2026-03-24 14:42:07.195692+01,gold_establishments_2025,,,,21680307200018,2025,Collectivité Territoriale,Commune,['Haut-Rhin'],['Grand Est'],COM,{68},{44}
8883d8c6-b855-4edc-aa70-cf27759c8b07,211925904,Commune de Sexcles (19),false,{19259},Commune,2026-03-24 14:41:55.433389+01,gold_establishments_2025,,,,21192590400016,2025,Collectivité Territoriale,Commune,['Corrèze'],['Nouvelle-Aquitaine'],COM,{19},{75}
6fbee5d1-aa3d-42a0-bd50-b31c8f9cdfcf,215405051,Commune de Sexey-aux-Forges (54),false,{54505},Commune,2026-03-24 14:42:02.957225+01,gold_establishments_2025,,,,21540505100016,2025,Collectivité Territoriale,Commune,['Meurthe-et-Moselle'],['Grand Est'],COM,{54},{44}
5b91b124-0804-455f-99eb-53d0dfd01ca8,215203373,Commune de Sexfontaines (52),false,{52472},Commune,2026-03-24 14:42:01.954481+01,gold_establishments_2025,,,,21520337300018,2025,Collectivité Territoriale,Commune,['Haute-Marne'],['Grand Est'],COM,{52},{44}
704fe0f9-7eca-4d16-9389-f0b0ad98d6f4,216304204,Commune de Seychalles (63),false,{63420},Commune,2026-03-24 14:42:06.130387+01,gold_establishments_2025,,,,21630420400011,2025,Collectivité Territoriale,Commune,['Puy-de-Dôme'],['Auvergne-Rhône-Alpes'],COM,{63},{84}
923743f6-f142-4732-af30-eb0c536a1720,214703019,Commune de Seyches (47),false,{47301},Commune,2026-03-24 14:42:00.862623+01,gold_establishments_2025,,,,21470301900015,2025,Collectivité Territoriale,Commune,['Lot-et-Garonne'],['Nouvelle-Aquitaine'],COM,{47},{75}
606b87dd-bb85-4e17-87b9-be36528db192,210402053,Commune de Seyne (04),false,{04205},Commune,2026-03-24 14:41:52.562531+01,gold_establishments_2025,,,,21040205300016,2025,Collectivité Territoriale,Commune,['Alpes-de-Haute-Provence'],"[""Provence-Alpes-Côte d'Azur""]",COM,{04},{93}
2310691c-7c25-4bb5-b0db-146723e494be,213003205,Commune de Seynes (30),false,{30320},Commune,2026-03-24 14:41:57.56054+01,gold_establishments_2025,,,,21300320500019,2025,Collectivité Territoriale,Commune,['Gard'],['Occitanie'],COM,{30},{76}
47733555-2a9a-4716-98d6-854b0da79c58,213105463,Commune de Seyre (31),false,{31546},Commune,2026-03-24 14:41:58.09424+01,gold_establishments_2025,,,,21310546300011,2025,Collectivité Territoriale,Commune,['Haute-Garonne'],['Occitanie'],COM,{31},{76}
5148ab06-f170-413a-ac0c-b1f542196c95,214003006,Commune de Seyresse (40),false,{40300},Commune,2026-03-24 14:41:59.705606+01,gold_establishments_2025,,,,21400300600019,2025,Collectivité Territoriale,Commune,['Landes'],['Nouvelle-Aquitaine'],COM,{40},{75}
14c46fab-bca7-40d2-a767-7894fc3a1d5d,210104071,Commune de Seyssel (01),false,{01407},Commune,2026-03-24 14:41:51.447482+01,gold_establishments_2025,,,,21010407100019,2025,Collectivité Territoriale,Commune,['Ain'],['Auvergne-Rhône-Alpes'],COM,{01},{84}
3006035e-b2f6-49cf-99f8-acdb2dc6e4dd,217402692,Commune de Seyssel (74),false,{74269},Commune,2026-03-24 14:42:08.818969+01,gold_establishments_2025,,,,21740269200016,2025,Collectivité Territoriale,Commune,['Haute-Savoie'],['Auvergne-Rhône-Alpes'],COM,{74},{84}
414a5809-7cd7-43ae-ba28-638d2fa21277,213105471,Commune de Seysses (31),false,{31547},Commune,2026-03-24 14:41:58.09424+01,gold_establishments_2025,,,,21310547100014,2025,Collectivité Territoriale,Commune,['Haute-Garonne'],['Occitanie'],COM,{31},{76}
12022345-cdc7-4c47-8c25-15fb8c8891a3,213204324,Commune de Seysses-Savès (32),false,{32432},Commune,2026-03-24 14:41:58.09424+01,gold_establishments_2025,,,,21320432400015,2025,Collectivité Territoriale,Commune,['Gers'],['Occitanie'],COM,{32},{76}
a9ca85e8-c429-4c77-86be-539ef1427929,213804859,Commune de Seyssinet-Pariset (38),false,{38485},Commune,2026-03-24 14:41:59.705606+01,gold_establishments_2025,,,,21380485900014,2025,Collectivité Territoriale,Commune,['Isère'],['Auvergne-Rhône-Alpes'],COM,{38},{84}
5b462ccc-8c72-4cb6-b390-a29be5202be1,213804867,Commune de Seyssins (38),false,{38486},Commune,2026-03-24 14:41:59.705606+01,gold_establishments_2025,,,,21380486700017,2025,Collectivité Territoriale,Commune,['Isère'],['Auvergne-Rhône-Alpes'],COM,{38},{84}
34bf3f68-d57f-414f-b7ed-6b4e4c70bc03,213804875,Commune de Seyssuel (38),false,{38487},Commune,2026-03-24 14:41:59.705606+01,gold_establishments_2025,,,,21380487500010,2025,Collectivité Territoriale,Commune,['Isère'],['Auvergne-Rhône-Alpes'],COM,{38},{84}
682aebdf-abd1-4e53-8d7c-7297c3fb6442,217402718,Commune de Seytroux (74),false,{74271},Commune,2026-03-24 14:42:08.818969+01,gold_establishments_2025,,,,21740271800019,2025,Collectivité Territoriale,Commune,['Haute-Savoie'],['Auvergne-Rhône-Alpes'],COM,{74},{84}
87224559-71f8-43bb-b3d2-1a1f8e973a74,216504258,Commune de Siarrouy (65),false,{65425},Commune,2026-03-24 14:42:06.665412+01,gold_establishments_2025,,,,21650425800015,2025,Collectivité Territoriale,Commune,['Hautes-Pyrénées'],['Occitanie'],COM,{65},{76}
c525e3c9-763a-4f7f-891b-c5510bff3279,214302390,Commune de Siaugues-Sainte-Marie (43),false,{43239},Commune,2026-03-24 14:42:00.273698+01,gold_establishments_2025,,,,21430239000015,2025,Collectivité Territoriale,Commune,['Haute-Loire'],['Auvergne-Rhône-Alpes'],COM,{43},{84}
dc1bbfd7-bfa7-4545-947b-9f24866c8e61,212902761,Commune de Sibiril (29),false,{29276},Commune,2026-03-24 14:41:57.56054+01,gold_establishments_2025,,,,21290276100015,2025,Collectivité Territoriale,Commune,['Finistère'],['Bretagne'],COM,{29},{53}
dbd7e2d6-70ff-4aa9-bfdc-fb64c88f2642,216207951,Commune de Sibiville (62),false,{62795},Commune,2026-03-24 14:42:06.130387+01,gold_establishments_2025,,,,21620795100015,2025,Collectivité Territoriale,Commune,['Pas-de-Calais'],['Hauts-de-France'],COM,{62},{32}
6d0f1d9a-4c4a-4687-9a15-ff4aad216be3,213804883,Commune de Siccieu-Saint-Julien-et-Carisieu (38),false,{38488},Commune,2026-03-24 14:41:59.705606+01,gold_establishments_2025,,,,21380488300014,2025,Collectivité Territoriale,Commune,['Isère'],['Auvergne-Rhône-Alpes'],COM,{38},{84}
349372f1-45f3-4a6d-bdd5-860b20fcdd02,215802794,Commune de Sichamps (58),false,{58279},Commune,2026-03-24 14:42:04.280096+01,gold_establishments_2025,,,,21580279400010,2025,Collectivité Territoriale,Commune,['Nièvre'],['Bourgogne-Franche-Comté'],COM,{58},{27}
7d019162-934a-4cb7-a7f0-2dcd9d4c681b,216803080,Commune de Sickert (68),false,{68308},Commune,2026-03-24 14:42:07.195692+01,gold_establishments_2025,,,,21680308000011,2025,Collectivité Territoriale,Commune,['Haut-Rhin'],['Grand Est'],COM,{68},{44}
8d24b343-1b59-48b4-8ca6-c5c9a4b669c2,215005752,Commune de Sideville (50),false,{50575},Commune,2026-03-24 14:42:01.412377+01,gold_establishments_2025,,,,21500575200013,2025,Collectivité Territoriale,Commune,['Manche'],['Normandie'],COM,{50},{28}
47a88d0e-bfcf-4b11-b431-bd3c6bcb5ae6,211802525,Commune de Sidiailles (18),false,{18252},Commune,2026-03-24 14:41:54.903238+01,gold_establishments_2025,,,,21180252500017,2025,Collectivité Territoriale,Commune,['Cher'],['Centre-Val de Loire'],COM,{18},{24}
53299b15-df9c-4f6a-9945-4dc497e89dd2,211704275,Commune de Siecq (17),false,{17427},Commune,2026-03-24 14:41:54.903238+01,gold_establishments_2025,,,,21170427500018,2025,Collectivité Territoriale,Commune,['Charente-Maritime'],['Nouvelle-Aquitaine'],COM,{17},{75}
9d104919-8040-4fb9-a0b0-5d641c4e779c,216704668,Commune de Siegen (67),false,{67466},Commune,2026-03-24 14:42:07.195692+01,gold_establishments_2025,,,,21670466800013,2025,Collectivité Territoriale,Commune,['Bas-Rhin'],['Grand Est'],COM,{67},{44}
68d1e773-805d-42d4-8404-b33aff989271,215706508,Commune de Sierck-les-Bains (57),false,{57650},Commune,2026-03-24 14:42:04.280096+01,gold_establishments_2025,,,,21570650800011,2025,Collectivité Territoriale,Commune,['Moselle'],['Grand Est'],COM,{57},{44}
bc2961f6-09ce-4450-8b44-4ad319b50965,216803098,Commune de Sierentz (68),false,{68309},Commune,2026-03-24 14:42:07.195692+01,gold_establishments_2025,,,,21680309800013,2025,Collectivité Territoriale,Commune,['Haut-Rhin'],['Grand Est'],COM,{68},{44}
13cad98b-b870-487a-8867-0551d99f1f4c,215706516,Commune de Siersthal (57),false,{57651},Commune,2026-03-24 14:42:04.280096+01,gold_establishments_2025,,,,21570651600014,2025,Collectivité Territoriale,Commune,['Moselle'],['Grand Est'],COM,{57},{44}
220a744f-b80f-40ff-8e85-dd520e69c60e,217606755,Commune de Sierville (76),false,{76675},Commune,2026-03-24 14:42:08.818969+01,gold_establishments_2025,,,,21760675500015,2025,Collectivité Territoriale,Commune,['Seine-Maritime'],['Normandie'],COM,{76},{28}
d9b38dad-61ab-44b8-904e-6451b99d67e9,214003014,Commune de Siest (40),false,{40301},Commune,2026-03-24 14:41:59.705606+01,gold_establishments_2025,,,,21400301400013,2025,Collectivité Territoriale,Commune,['Landes'],['Nouvelle-Aquitaine'],COM,{40},{75}
fe1568d7-4647-43e3-b569-0c2a008ac574,218102879,Commune de Sieurac (81),false,{81287},Commune,2026-03-24 14:42:09.967209+01,gold_establishments_2025,,,,21810287900010,2025,Collectivité Territoriale,Commune,['Tarn'],['Occitanie'],COM,{81},{76}
eaa49442-0d1c-43a2-a2eb-20e0b851087f,210902946,Commune de Sieuras (09),false,{09294},Commune,2026-03-24 14:41:53.095366+01,gold_establishments_2025,,,,21090294600016,2025,Collectivité Territoriale,Commune,['Ariège'],['Occitanie'],COM,{09},{76}
ccbcc58a-b978-4a35-ad6b-7c3c22408a32,216704676,Commune de Siewiller (67),false,{67467},Commune,2026-03-24 14:42:07.195692+01,gold_establishments_2025,,,,21670467600016,2025,Collectivité Territoriale,Commune,['Bas-Rhin'],['Grand Est'],COM,{67},{44}
69c04ac5-0d4e-45d9-b5fa-35db0efb921e,210601357,Commune de Sigale (06),false,{06135},Commune,2026-03-24 14:41:52.562531+01,gold_establishments_2025,,,,21060135700010,2025,Collectivité Territoriale,Commune,['Alpes-Maritimes'],"[""Provence-Alpes-Côte d'Azur""]",COM,{06},{93}
aadcdd37-dd82-4a85-8687-8a46fefd84c0,213305121,Commune de Sigalens (33),false,{33512},Commune,2026-03-24 14:41:58.620411+01,gold_establishments_2025,,,,21330512100013,2025,Collectivité Territoriale,Commune,['Gironde'],['Nouvelle-Aquitaine'],COM,{33},{75}
3ad303ac-039c-441a-a4b3-140809228f7e,211103791,Commune de Sigean (11),false,{11379},Commune,2026-03-24 14:41:53.63825+01,gold_establishments_2025,,,,21110379100011,2025,Collectivité Territoriale,Commune,['Aude'],['Occitanie'],COM,{11},{76}
abf5bd19-fab6-4fd0-8f20-a9cc8fcd2db8,214503112,Commune de Sigloy (45),false,{45311},Commune,2026-03-24 14:42:00.862623+01,gold_establishments_2025,,,,21450311200010,2025,Collectivité Territoriale,Commune,['Loiret'],['Centre-Val de Loire'],COM,{45},{24}
584af478-c0ec-4c69-b230-695b556da6c0,213105489,Commune de Signac (31),false,{31548},Commune,2026-03-24 14:41:58.09424+01,gold_establishments_2025,,,,21310548900016,2025,Collectivité Territoriale,Commune,['Haute-Garonne'],['Occitanie'],COM,{31},{76}
f35d6e6c-a6e1-4fbd-9830-c03de639151a,218301273,Commune de Signes (83),false,{83127},Commune,2026-03-24 14:42:10.508772+01,gold_establishments_2025,,,,21830127300015,2025,Collectivité Territoriale,Commune,['Var'],"[""Provence-Alpes-Côte d'Azur""]",COM,{83},{93}
c09a4b6e-c25f-4fa6-9116-4ac863c11cad,210803839,Commune de Signy-Montlibert (08),false,{08421},Commune,2026-03-24 14:41:53.095366+01,gold_establishments_2025,,,,21080383900013,2025,Collectivité Territoriale,Commune,['Ardennes'],['Grand Est'],COM,{08},{44}
cd267003-e501-414b-8833-ec08c84538c9,217704519,Commune de Signy-Signets (77),false,{77451},Commune,2026-03-24 14:42:09.43682+01,gold_establishments_2025,,,,21770451900016,2025,Collectivité Territoriale,Commune,['Seine-et-Marne'],['Île-de-France'],COM,{77},{11}
41e33644-4463-43ed-b460-6a22173787a1,210803813,Commune de Signy-l'Abbaye (08),false,{08419},Commune,2026-03-24 14:41:53.095366+01,gold_establishments_2025,,,,21080381300018,2025,Collectivité Territoriale,Commune,['Ardennes'],['Grand Est'],COM,{08},{44}
bcd5d5a9-d696-4365-8278-1e4a044e89bd,210803821,Commune de Signy-le-Petit (08),false,{08420},Commune,2026-03-24 14:41:53.095366+01,gold_establishments_2025,,,,21080382100011,2025,Collectivité Territoriale,Commune,['Ardennes'],['Grand Est'],COM,{08},{44}
9ebb84f8-be06-4c46-97e8-e351d0ad468d,215203985,Commune de Signéville (52),false,{52473},Commune,2026-03-24 14:42:01.954481+01,gold_establishments_2025,,,,21520398500019,2025,Collectivité Territoriale,Commune,['Haute-Marne'],['Grand Est'],COM,{52},{44}
7041c71b-63ea-441d-b423-95af5d22920f,211603691,Commune de Sigogne (16),false,{16369},Commune,2026-03-24 14:41:54.362296+01,gold_establishments_2025,,,,21160369100018,2025,Collectivité Territoriale,Commune,['Charente'],['Nouvelle-Aquitaine'],COM,{16},{75}
4097087f-f366-46be-9f6d-116445ab10ac,210402061,Commune de Sigonce (04),false,{04206},Commune,2026-03-24 14:41:52.562531+01,gold_establishments_2025,,,,21040206100019,2025,Collectivité Territoriale,Commune,['Alpes-de-Haute-Provence'],"[""Provence-Alpes-Côte d'Azur""]",COM,{04},{93}
fcbecd47-6bca-4c7e-87a7-113629bf0544,210501672,Commune de Sigottier (05),false,{05167},Commune,2026-03-24 14:41:52.562531+01,gold_establishments_2025,,,,21050167200013,2025,Collectivité Territoriale,Commune,['Hautes-Alpes'],"[""Provence-Alpes-Côte d'Azur""]",COM,{05},{93}
8484d064-ca8c-45c6-a70f-5647f691d33e,200084275,Commune de Sigoulès-et-Flaugeac (24),false,{24534},Commune,2026-03-24 14:41:55.958138+01,gold_establishments_2025,,,,20008427500011,2025,Collectivité Territoriale,Commune,['Dordogne'],['Nouvelle-Aquitaine'],COM,{24},{75}
ac1d6b40-a017-4c10-bbc9-ced663349d16,218502821,Commune de Sigournais (85),false,{85282},Commune,2026-03-24 14:42:10.508772+01,gold_establishments_2025,,,,21850282100018,2025,Collectivité Territoriale,Commune,['Vendée'],['Pays de la Loire'],COM,{85},{52}
cc6ec010-11eb-4fe2-b69d-cb5faff04874,210402079,Commune de Sigoyer (04),false,{04207},Commune,2026-03-24 14:41:52.562531+01,gold_establishments_2025,,,,21040207900011,2025,Collectivité Territoriale,Commune,['Alpes-de-Haute-Provence'],"[""Provence-Alpes-Côte d'Azur""]",COM,{04},{93}
2feeda97-c011-485f-97e3-51e18560231c,210501680,Commune de Sigoyer (05),false,{05168},Commune,2026-03-24 14:41:52.562531+01,gold_establishments_2025,,,,21050168000016,2025,Collectivité Territoriale,Commune,['Hautes-Alpes'],"[""Provence-Alpes-Côte d'Azur""]",COM,{05},{93}
ee320528-1b58-4e4f-b5a7-a6ecc022551a,210902953,Commune de Siguer (09),false,{09295},Commune,2026-03-24 14:41:53.095366+01,gold_establishments_2025,,,,21090295300012,2025,Collectivité Territoriale,Commune,['Ariège'],['Occitanie'],COM,{09},{76}
fbf6caa4-7e3a-47db-a6ff-985340caafab,217704527,Commune de Sigy (77),false,{77452},Commune,2026-03-24 14:42:09.43682+01,gold_establishments_2025,,,,21770452700019,2025,Collectivité Territoriale,Commune,['Seine-et-Marne'],['Île-de-France'],COM,{77},{11}
bd0fa4e4-a2e8-488f-a1ae-c9aad63f061f,217606763,Commune de Sigy-en-Bray (76),false,{76676},Commune,2026-03-24 14:42:08.818969+01,gold_establishments_2025,,,,21760676300019,2025,Collectivité Territoriale,Commune,['Seine-Maritime'],['Normandie'],COM,{76},{28}
e2a9d1a1-d15d-4462-a586-89823f6c94fb,217105212,Commune de Sigy-le-Châtel (71),false,{71521},Commune,2026-03-24 14:42:08.279287+01,gold_establishments_2025,,,,21710521200013,2025,Collectivité Territoriale,Commune,['Saône-et-Loire'],['Bourgogne-Franche-Comté'],COM,{71},{27}
027acaab-6112-4211-939e-0d7ac044c766,215602459,Commune de Silfiac (56),false,{56245},Commune,2026-03-24 14:42:03.701372+01,gold_establishments_2025,,,,21560245900012,2025,Collectivité Territoriale,Commune,['Morbihan'],['Bretagne'],COM,{56},{53}
13a89c6e-ada7-49b2-9445-d2c8d4433aff,210703146,Commune de Silhac (07),false,{07314},Commune,2026-03-24 14:41:52.562531+01,gold_establishments_2025,,,,21070314600014,2025,Collectivité Territoriale,Commune,['Ardèche'],['Auvergne-Rhône-Alpes'],COM,{07},{84}
e616074b-4cce-4016-83bb-b5592c4e7f57,213804909,Commune de Sillans (38),false,{38490},Commune,2026-03-24 14:41:59.705606+01,gold_establishments_2025,,,,21380490900017,2025,Collectivité Territoriale,Commune,['Isère'],['Auvergne-Rhône-Alpes'],COM,{38},{84}
f468d097-dfd1-42c0-84e0-3cf53f6520fd,218301281,Commune de Sillans-la-Cascade (83),false,{83128},Commune,2026-03-24 14:42:10.508772+01,gold_establishments_2025,,,,21830128100018,2025,Collectivité Territoriale,Commune,['Var'],"[""Provence-Alpes-Côte d'Azur""]",COM,{83},{93}
9d00deee-4852-400a-a46f-89ce70226592,218602621,Commune de Sillars (86),false,{86262},Commune,2026-03-24 14:42:11.118516+01,gold_establishments_2025,,,,21860262100011,2025,Collectivité Territoriale,Commune,['Vienne'],['Nouvelle-Aquitaine'],COM,{86},{75}
42a84ab5-e468-49d0-a335-c14fbe1cb56a,213305139,Commune de Sillas (33),false,{33513},Commune,2026-03-24 14:41:58.620411+01,gold_establishments_2025,,,,21330513900015,2025,Collectivité Territoriale,Commune,['Gironde'],['Nouvelle-Aquitaine'],COM,{33},{75}
309a466a-da7d-4e88-a567-491aacc1fc06,215706524,Commune de Sillegny (57),false,{57652},Commune,2026-03-24 14:42:04.280096+01,gold_establishments_2025,,,,21570652400042,2025,Collectivité Territoriale,Commune,['Moselle'],['Grand Est'],COM,{57},{44}
5cfb05d8-280f-4130-9091-311c1ae209d4,215104993,Commune de Sillery (51),false,{51536},Commune,2026-03-24 14:42:01.954481+01,gold_establishments_2025,,,,21510499300013,2025,Collectivité Territoriale,Commune,['Marne'],['Grand Est'],COM,{51},{44}
bc505ec0-89bd-4e5c-8e20-b33186ac20ec,212505457,Commune de Silley-Amancey (25),false,{25545},Commune,2026-03-24 14:41:56.495197+01,gold_establishments_2025,,,,21250545700011,2025,Collectivité Territoriale,Commune,['Doubs'],['Bourgogne-Franche-Comté'],COM,{25},{27}
cc0fffe3-d2f8-4eb5-93a1-58a95e388201,212505465,Commune de Silley-Bléfond (25),false,{25546},Commune,2026-03-24 14:41:56.495197+01,gold_establishments_2025,,,,21250546500014,2025,Collectivité Territoriale,Commune,['Doubs'],['Bourgogne-Franche-Comté'],COM,{25},{27}
5be2d02f-f131-4fe9-983c-a597ede12adb,217402726,Commune de Sillingy (74),false,{74272},Commune,2026-03-24 14:42:08.818969+01,gold_establishments_2025,,,,21740272600012,2025,Collectivité Territoriale,Commune,['Haute-Savoie'],['Auvergne-Rhône-Alpes'],COM,{74},{84}
5ac63b58-5aa4-4dfd-8323-1f051d3da75d,216006114,Commune de Silly-Tillard (60),false,{60620},Commune,2026-03-24 14:42:04.814328+01,gold_establishments_2025,,,,21600611400013,2025,Collectivité Territoriale,Commune,['Oise'],['Hauts-de-France'],COM,{60},{32}
024a7572-5ba1-4a2c-9aa5-94fa75b1266e,215706532,Commune de Silly-en-Saulnois (57),false,{57653},Commune,2026-03-24 14:42:04.280096+01,gold_establishments_2025,,,,21570653200011,2025,Collectivité Territoriale,Commune,['Moselle'],['Grand Est'],COM,{57},{44}
b6e1a599-be48-459f-96e7-f04d5df4b0b7,210206918,Commune de Silly-la-Poterie (02),false,{02718},Commune,2026-03-24 14:41:52.020251+01,gold_establishments_2025,,,,21020691800018,2025,Collectivité Territoriale,Commune,['Aisne'],['Hauts-de-France'],COM,{02},{32}
7ea5022e-de3a-426b-8174-094241d2ae34,216006106,Commune de Silly-le-Long (60),false,{60619},Commune,2026-03-24 14:42:04.814328+01,gold_establishments_2025,,,,21600610600019,2025,Collectivité Territoriale,Commune,['Oise'],['Hauts-de-France'],COM,{60},{32}
57556080-02b3-4372-87f1-a62b94032d59,215706540,Commune de Silly-sur-Nied (57),false,{57654},Commune,2026-03-24 14:42:04.280096+01,gold_establishments_2025,,,,21570654000014,2025,Collectivité Territoriale,Commune,['Moselle'],['Grand Est'],COM,{57},{44}
c6bd1f9b-d449-4fc4-9d21-d56a42e0a8a9,217203348,Commune de Sillé-le-Guillaume (72),false,{72334},Commune,2026-03-24 14:42:08.279287+01,gold_establishments_2025,,,,21720334800016,2025,Collectivité Territoriale,Commune,['Sarthe'],['Pays de la Loire'],COM,{72},{52}
534e6852-a7e3-4ddb-a757-4e0d80ab23db,217203355,Commune de Sillé-le-Philippe (72),false,{72335},Commune,2026-03-24 14:42:08.279287+01,gold_establishments_2025,,,,21720335500011,2025,Collectivité Territoriale,Commune,['Sarthe'],['Pays de la Loire'],COM,{72},{52}
a298e7a9-ca4d-47b9-9d24-6c4feb5212c0,215504887,Commune de Silmont (55),false,{55488},Commune,2026-03-24 14:42:03.701372+01,gold_establishments_2025,,,,21550488700013,2025,Collectivité Territoriale,Commune,['Meuse'],['Grand Est'],COM,{55},{44}
c18f014f-51a4-40e7-acac-bc39ac4d8de9,216704684,Commune de Siltzheim (67),false,{67468},Commune,2026-03-24 14:42:07.195692+01,gold_establishments_2025,,,,21670468400010,2025,Collectivité Territoriale,Commune,['Bas-Rhin'],['Grand Est'],COM,{67},{44}
74b5b051-cbc9-47df-ad8a-001735f80575,212002802,Commune de Silvareccio (2B),false,{2B280},Commune,2026-03-24 14:41:57.56054+01,gold_establishments_2025,,,,21200280200016,2025,Collectivité Territoriale,Commune,['Haute-Corse'],['Corse'],COM,{2B},{94}
487c27f4-9d89-4918-9971-898a7d75ae0f,215203381,Commune de Silvarouvres (52),false,{52474},Commune,2026-03-24 14:42:01.954481+01,gold_establishments_2025,,,,21520338100011,2025,Collectivité Territoriale,Commune,['Haute-Marne'],['Grand Est'],COM,{52},{44}
ff6dda58-6c52-44e9-98bb-9584b71591d5,216405241,Commune de Simacourbe (64),false,{64524},Commune,2026-03-24 14:42:06.665412+01,gold_establishments_2025,,,,21640524100011,2025,Collectivité Territoriale,Commune,['Pyrénées-Atlantiques'],['Nouvelle-Aquitaine'],COM,{64},{75}
0d558ebf-d2af-4426-aff3-23bbd442d4bf,217105220,Commune de Simandre (71),false,{71522},Commune,2026-03-24 14:42:08.279287+01,gold_establishments_2025,,,,21710522000016,2025,Collectivité Territoriale,Commune,['Saône-et-Loire'],['Bourgogne-Franche-Comté'],COM,{71},{27}
93a207ad-0ea3-47e4-8b3b-b02a6e2f4a41,210104089,Commune de Simandre-sur-Suran (01),false,{01408},Commune,2026-03-24 14:41:51.447482+01,gold_establishments_2025,,,,21010408900011,2025,Collectivité Territoriale,Commune,['Ain'],['Auvergne-Rhône-Alpes'],COM,{01},{84}
d64c19cb-169d-437e-a321-6bd14f83d4ad,216902957,Commune de Simandres (69),false,{69295},Commune,2026-03-24 14:42:07.735343+01,gold_establishments_2025,,,,21690295700010,2025,Collectivité Territoriale,Commune,['Rhône'],['Auvergne-Rhône-Alpes'],COM,{69},{84}
581e84d9-b974-49e8-acae-1831e7d75a80,217105238,Commune de Simard (71),false,{71523},Commune,2026-03-24 14:42:08.279287+01,gold_establishments_2025,,,,21710523800018,2025,Collectivité Territoriale,Commune,['Saône-et-Loire'],['Bourgogne-Franche-Comté'],COM,{71},{27}
c72aab05-0419-4a94-9890-df7fd6a08ab5,216207969,Commune de Simencourt (62),false,{62796},Commune,2026-03-24 14:42:06.130387+01,gold_establishments_2025,,,,21620796900017,2025,Collectivité Territoriale,Commune,['Pas-de-Calais'],['Hauts-de-France'],COM,{62},{32}
0788e48f-31e2-482e-a4bc-2a67174ecda3,212405351,Commune de Simeyrols (24),false,{24535},Commune,2026-03-24 14:41:55.958138+01,gold_establishments_2025,,,,21240535100017,2025,Collectivité Territoriale,Commune,['Dordogne'],['Nouvelle-Aquitaine'],COM,{24},{75}
4adb0dd8-1716-412c-8534-0cf48ff51b21,211301072,Commune de Simiane-Collongue (13),false,{13107},Commune,2026-03-24 14:41:53.63825+01,gold_establishments_2025,,,,21130107200016,2025,Collectivité Territoriale,Commune,['Bouches-du-Rhône'],"[""Provence-Alpes-Côte d'Azur""]",COM,{13},{93}
43d7eb6c-8f79-47e4-a120-ac3184f9ab12,210402087,Commune de Simiane-la-Rotonde (04),false,{04208},Commune,2026-03-24 14:41:52.562531+01,gold_establishments_2025,,,,21040208700014,2025,Collectivité Territoriale,Commune,['Alpes-de-Haute-Provence'],"[""Provence-Alpes-Côte d'Azur""]",COM,{04},{93}
ae23475c-5420-4381-9835-a68fe8895748,213204332,Commune de Simorre (32),false,{32433},Commune,2026-03-24 14:41:58.09424+01,gold_establishments_2025,,,,21320433200018,2025,Collectivité Territoriale,Commune,['Gers'],['Occitanie'],COM,{32},{76}
213b558e-0cff-47a9-94cb-5779f9616531,215302605,Commune de Simplé (53),false,{53260},Commune,2026-03-24 14:42:02.957225+01,gold_establishments_2025,,,,21530260500013,2025,Collectivité Territoriale,Commune,['Mayenne'],['Pays de la Loire'],COM,{53},{52}
3d3a4c93-c17f-43d7-9b5f-70ac3b20b9dc,215905696,Commune de Sin-le-Noble (59),false,{59569},Commune,2026-03-24 14:42:04.814328+01,gold_establishments_2025,,,,21590569600013,2025,Collectivité Territoriale,Commune,['Nord'],['Hauts-de-France'],COM,{59},{32}
f1aabcff-bbc1-4f31-a1d0-b97c8c6869a1,213804925,Commune de Sinard (38),false,{38492},Commune,2026-03-24 14:41:59.705606+01,gold_establishments_2025,,,,21380492500013,2025,Collectivité Territoriale,Commune,['Isère'],['Auvergne-Rhône-Alpes'],COM,{38},{84}
989fd78f-708d-4765-b72d-f9411c7546e3,210206926,Commune de Sinceny (02),false,{02719},Commune,2026-03-24 14:41:52.020251+01,gold_establishments_2025,,,,21020692600011,2025,Collectivité Territoriale,Commune,['Aisne'],['Hauts-de-France'],COM,{02},{32}
2c19b7cd-7d25-424b-8c29-fac07c8065cc,212106082,Commune de Sincey-lès-Rouvray (21),false,{21608},Commune,2026-03-24 14:41:55.433389+01,gold_establishments_2025,,,,21210608200010,2025,Collectivité Territoriale,Commune,"[""Côte-d'Or""]",['Bourgogne-Franche-Comté'],COM,{21},{27}
419ddc97-5f5c-4932-bd33-20770f98f44b,216304212,Commune de Singles (63),false,{63421},Commune,2026-03-24 14:42:06.130387+01,gold_establishments_2025,,,,21630421200014,2025,Collectivité Territoriale,Commune,['Puy-de-Dôme'],['Auvergne-Rhône-Alpes'],COM,{63},{84}
5b1496a9-93ee-4609-b1a8-68717377634e,212405369,Commune de Singleyrac (24),false,{24536},Commune,2026-03-24 14:41:55.958138+01,gold_establishments_2025,,,,21240536900019,2025,Collectivité Territoriale,Commune,['Dordogne'],['Nouvelle-Aquitaine'],COM,{24},{75}
0f6491d0-0a19-492f-b475-fb37f75c60ce,210803847,Commune de Singly (08),false,{08422},Commune,2026-03-24 14:41:53.095366+01,gold_establishments_2025,,,,21080384700016,2025,Collectivité Territoriale,Commune,['Ardennes'],['Grand Est'],COM,{08},{44}
1d362a73-0a66-464b-94c4-8642a5b2ecd3,219733128,Commune de Sinnamary (973),false,{97312},Commune,2026-03-24 14:42:11.659493+01,gold_establishments_2025,,,,21973312800017,2025,Collectivité Territoriale,Commune,['Guyane'],['Guyane'],COM,{973},{03}
4a21c97c-a78d-4be5-ba5e-d17f85afbfba,216504266,Commune de Sinzos (65),false,{65426},Commune,2026-03-24 14:42:06.665412+01,gold_establishments_2025,,,,21650426600018,2025,Collectivité Territoriale,Commune,['Hautes-Pyrénées'],['Occitanie'],COM,{65},{76}
f6a216d6-81ce-4149-9983-88fd8b9cfea8,213204340,Commune de Sion (32),false,{32434},Commune,2026-03-24 14:41:58.09424+01,gold_establishments_2025,,,,21320434000011,2025,Collectivité Territoriale,Commune,['Gers'],['Occitanie'],COM,{32},{76}
8d313e3f-1e0c-4d34-9334-56b2ec873a3f,214401978,Commune de Sion-les-Mines (44),false,{44197},Commune,2026-03-24 14:42:00.862623+01,gold_establishments_2025,,,,21440197800017,2025,Collectivité Territoriale,Commune,['Loire-Atlantique'],['Pays de la Loire'],COM,{44},{52}
57e86b8f-2e29-44b5-b820-bf8829a46c1c,211926001,Commune de Sioniac (19),false,{19260},Commune,2026-03-24 14:41:55.433389+01,gold_establishments_2025,,,,21192600100010,2025,Collectivité Territoriale,Commune,['Corrèze'],['Nouvelle-Aquitaine'],COM,{19},{75}
194df7ad-b04f-44f0-8c9c-5f56f5a6a613,218804573,Commune de Sionne (88),false,{88457},Commune,2026-03-24 14:42:11.118516+01,gold_establishments_2025,,,,21880457300010,2025,Collectivité Territoriale,Commune,['Vosges'],['Grand Est'],COM,{88},{44}
1311cbf9-925c-4ae7-ac7a-f1a7d3e707eb,215405077,Commune de Sionviller (54),false,{54507},Commune,2026-03-24 14:42:02.957225+01,gold_establishments_2025,,,,21540507700011,2025,Collectivité Territoriale,Commune,['Meurthe-et-Moselle'],['Grand Est'],COM,{54},{44}
179c00c5-dbca-46ae-9e13-bd0c3dd09ea1,212405377,Commune de Siorac-de-Ribérac (24),false,{24537},Commune,2026-03-24 14:41:55.958138+01,gold_establishments_2025,,,,21240537700012,2025,Collectivité Territoriale,Commune,['Dordogne'],['Nouvelle-Aquitaine'],COM,{24},{75}
ce64ac39-75f4-4f17-857a-9e67db256146,212405385,Commune de Siorac-en-Périgord (24),false,{24538},Commune,2026-03-24 14:41:55.958138+01,gold_establishments_2025,,,,21240538500015,2025,Collectivité Territoriale,Commune,['Dordogne'],['Nouvelle-Aquitaine'],COM,{24},{75}
20dcb8d6-7b19-4a5f-b5fb-613634cbeb67,215005760,Commune de Siouville-Hague (50),false,{50576},Commune,2026-03-24 14:42:01.412377+01,gold_establishments_2025,,,,21500576000016,2025,Collectivité Territoriale,Commune,['Manche'],['Normandie'],COM,{50},{28}
01e31502-4d4c-49e2-b0f4-d1676415317c,213204357,Commune de Sirac (32),false,{32435},Commune,2026-03-24 14:41:58.09424+01,gold_establishments_2025,,,,21320435700015,2025,Collectivité Territoriale,Commune,['Gers'],['Occitanie'],COM,{32},{76}
1cb16301-fdaf-4e3f-a80a-28a2800f683f,216207977,Commune de Siracourt (62),false,{62797},Commune,2026-03-24 14:42:06.130387+01,gold_establishments_2025,,,,21620797700010,2025,Collectivité Territoriale,Commune,['Pas-de-Calais'],['Hauts-de-France'],COM,{62},{32}
c6cd5de5-09d0-41b7-a412-8461d18a6b60,216504274,Commune de Siradan (65),false,{65427},Commune,2026-03-24 14:42:06.665412+01,gold_establishments_2025,,,,21650427400012,2025,Collectivité Territoriale,Commune,['Hautes-Pyrénées'],['Occitanie'],COM,{65},{76}
49e4cce9-5848-4d8f-90c1-de7135692998,211502281,Commune de Siran (15),false,{15228},Commune,2026-03-24 14:41:54.362296+01,gold_establishments_2025,,,,21150228100010,2025,Collectivité Territoriale,Commune,['Cantal'],['Auvergne-Rhône-Alpes'],COM,{15},{84}
90fa427e-02bb-4bb1-9486-69503d77a2f4,213403025,Commune de Siran (34),false,{34302},Commune,2026-03-24 14:41:58.620411+01,gold_establishments_2025,,,,21340302500017,2025,Collectivité Territoriale,Commune,['Hérault'],['Occitanie'],COM,{34},{76}
725e84dc-8557-4804-8ce0-3e3a5e15d27e,216504282,Commune de Sireix (65),false,{65428},Commune,2026-03-24 14:42:06.665412+01,gold_establishments_2025,,,,21650428200015,2025,Collectivité Territoriale,Commune,['Hautes-Pyrénées'],['Occitanie'],COM,{65},{76}
123cf33c-8d9a-4190-b21b-0a8d9c5cf655,211603709,Commune de Sireuil (16),false,{16370},Commune,2026-03-24 14:41:54.362296+01,gold_establishments_2025,,,,21160370900018,2025,Collectivité Territoriale,Commune,['Charente'],['Nouvelle-Aquitaine'],COM,{16},{75}
463c7994-db31-4440-9850-f1f8ae181c16,213905177,Commune de Sirod (39),false,{39517},Commune,2026-03-24 14:41:59.705606+01,gold_establishments_2025,,,,21390517700019,2025,Collectivité Territoriale,Commune,['Jura'],['Bourgogne-Franche-Comté'],COM,{39},{27}
48673be2-50d2-4b83-bb20-770e98d9a634,216405258,Commune de Siros (64),false,{64525},Commune,2026-03-24 14:42:06.665412+01,gold_establishments_2025,,,,21640525800015,2025,Collectivité Territoriale,Commune,['Pyrénées-Atlantiques'],['Nouvelle-Aquitaine'],COM,{64},{75}
f1fc28cf-20c8-4545-a8e7-6f5ca0cad6b1,212002810,Commune de Sisco (2B),false,{2B281},Commune,2026-03-24 14:41:57.56054+01,gold_establishments_2025,,,,21200281000019,2025,Collectivité Territoriale,Commune,['Haute-Corse'],['Corse'],COM,{2B},{94}
5487f1c0-4331-4b01-b04a-c378578cb564,210206934,Commune de Sissonne (02),false,{02720},Commune,2026-03-24 14:41:52.020251+01,gold_establishments_2025,,,,21020693400015,2025,Collectivité Territoriale,Commune,['Aisne'],['Hauts-de-France'],COM,{02},{32}
00210c57-1d04-4c3c-bb06-d386dbb43ef8,210206942,Commune de Sissy (02),false,{02721},Commune,2026-03-24 14:41:52.020251+01,gold_establishments_2025,,,,21020694200018,2025,Collectivité Territoriale,Commune,['Aisne'],['Hauts-de-France'],COM,{02},{32}
7b8c3963-cba2-4d88-aa4b-2552c8d3b525,218201812,Commune de Sistels (82),false,{82181},Commune,2026-03-24 14:42:10.508772+01,gold_establishments_2025,,,,21820181200011,2025,Collectivité Territoriale,Commune,['Tarn-et-Garonne'],['Occitanie'],COM,{82},{76}
a982eb44-14ac-4603-9bde-faf74c5a2787,210402095,Commune de Sisteron (04),false,{04209},Commune,2026-03-24 14:41:52.562531+01,gold_establishments_2025,,,,21040209500017,2025,Collectivité Territoriale,Commune,['Alpes-de-Haute-Provence'],"[""Provence-Alpes-Côte d'Azur""]",COM,{04},{93}
d3b96075-65c4-467d-afe6-755effcc6fe0,218401289,Commune de Sivergues (84),false,{84128},Commune,2026-03-24 14:42:10.508772+01,gold_establishments_2025,,,,21840128900010,2025,Collectivité Territoriale,Commune,['Vaucluse'],"[""Provence-Alpes-Côte d'Azur""]",COM,{84},{93}
8124adc6-6db9-4e4a-a09c-1e8fcaed9ce2,217105246,Commune de Sivignon (71),false,{71524},Commune,2026-03-24 14:42:08.279287+01,gold_establishments_2025,,,,21710524600011,2025,Collectivité Territoriale,Commune,['Saône-et-Loire'],['Bourgogne-Franche-Comté'],COM,{71},{27}
ef8ad6d9-c7f0-4819-8540-7f05ab7efca9,215405085,Commune de Sivry (54),false,{54508},Commune,2026-03-24 14:42:02.957225+01,gold_establishments_2025,,,,21540508500014,2025,Collectivité Territoriale,Commune,['Meurthe-et-Moselle'],['Grand Est'],COM,{54},{44}
f256c78a-e95d-42c4-8813-3c10f851c003,215105008,Commune de Sivry-Ante (51),false,{51537},Commune,2026-03-24 14:42:01.954481+01,gold_establishments_2025,,,,21510500800019,2025,Collectivité Territoriale,Commune,['Marne'],['Grand Est'],COM,{51},{44}
969a0070-4073-4f8b-93aa-afa2327cb237,217704535,Commune de Sivry-Courtry (77),false,{77453},Commune,2026-03-24 14:42:09.43682+01,gold_establishments_2025,,,,21770453500012,2025,Collectivité Territoriale,Commune,['Seine-et-Marne'],['Île-de-France'],COM,{77},{11}
25188359-c93f-4226-9786-43149ba7c296,215504895,Commune de Sivry-la-Perche (55),false,{55489},Commune,2026-03-24 14:42:03.701372+01,gold_establishments_2025,,,,21550489500016,2025,Collectivité Territoriale,Commune,['Meuse'],['Grand Est'],COM,{55},{44}
8e6f5c2d-c9ba-426a-b09a-61453b0b3f85,215504903,Commune de Sivry-sur-Meuse (55),false,{55490},Commune,2026-03-24 14:42:03.701372+01,gold_establishments_2025,,,,21550490300018,2025,Collectivité Territoriale,Commune,['Meuse'],['Grand Est'],COM,{55},{44}
d7a60422-5181-41be-9673-3dcb1389d858,218301299,Commune de Six-Fours-les-Plages (83),false,{83129},Commune,2026-03-24 14:42:10.508772+01,gold_establishments_2025,,,,21830129900010,2025,Collectivité Territoriale,Commune,['Var'],"[""Provence-Alpes-Côte d'Azur""]",COM,{83},{93}
fecd0173-8278-41eb-a7ae-d77036bc91e1,217402734,Commune de Sixt-Fer-à-Cheval (74),false,{74273},Commune,2026-03-24 14:42:08.818969+01,gold_establishments_2025,,,,21740273400016,2025,Collectivité Territoriale,Commune,['Haute-Savoie'],['Auvergne-Rhône-Alpes'],COM,{74},{84}
ee9e4acb-4cd1-4b15-b613-b48484d5e350,213503287,Commune de Sixt-sur-Aff (35),false,{35328},Commune,2026-03-24 14:41:59.160244+01,gold_establishments_2025,,,,21350328700012,2025,Collectivité Territoriale,Commune,['Ille-et-Vilaine'],['Bretagne'],COM,{35},{53}
8ddf73a6-a841-4218-b16f-73c0be4230f1,212902779,Commune de Sizun (29),false,{29277},Commune,2026-03-24 14:41:57.56054+01,gold_establishments_2025,,,,21290277900017,2025,Collectivité Territoriale,Commune,['Finistère'],['Bretagne'],COM,{29},{53}
078cbd78-72ac-4020-bfbf-1afd145af0d5,213804891,Commune de Siévoz (38),false,{38489},Commune,2026-03-24 14:41:59.705606+01,gold_establishments_2025,,,,21380489100017,2025,Collectivité Territoriale,Commune,['Isère'],['Auvergne-Rhône-Alpes'],COM,{38},{84}
d0b36752-021a-4707-9659-6dac235f43b7,218602639,Commune de Smarves (86),false,{86263},Commune,2026-03-24 14:42:11.118516+01,gold_establishments_2025,,,,21860263900013,2025,Collectivité Territoriale,Commune,['Vienne'],['Nouvelle-Aquitaine'],COM,{86},{75}
3906ab41-c44c-437c-9bce-95f1ed83e9f7,217606771,Commune de Smermesnil (76),false,{76677},Commune,2026-03-24 14:42:08.818969+01,gold_establishments_2025,,,,21760677100012,2025,Collectivité Territoriale,Commune,['Seine-Maritime'],['Normandie'],COM,{76},{28}
f05df945-f684-4b20-bd33-f921fbae97d5,212002828,Commune de Soccia (2A),false,{2A282},Commune,2026-03-24 14:41:57.56054+01,gold_establishments_2025,,,,21200282800011,2025,Collectivité Territoriale,Commune,['Corse-du-Sud'],['Corse'],COM,{2A},{94}
8766db89-9f56-4d47-a21a-b4bf0a7d202d,212505473,Commune de Sochaux (25),false,{25547},Commune,2026-03-24 14:41:56.495197+01,gold_establishments_2025,,,,21250547300018,2025,Collectivité Territoriale,Commune,['Doubs'],['Bourgogne-Franche-Comté'],COM,{25},{27}
e9a34cc6-2ab1-49d6-af62-406d4206e2c0,218804581,Commune de Socourt (88),false,{88458},Commune,2026-03-24 14:42:11.118516+01,gold_establishments_2025,,,,21880458100013,2025,Collectivité Territoriale,Commune,['Vosges'],['Grand Est'],COM,{88},{44}
8eea1ee3-f9c7-4a4f-b8c0-26af5c9b4a1a,215905704,Commune de Socx (59),false,{59570},Commune,2026-03-24 14:42:04.814328+01,gold_establishments_2025,,,,21590570400015,2025,Collectivité Territoriale,Commune,['Nord'],['Hauts-de-France'],COM,{59},{32}
4e1cc4a7-5dcf-40bc-8271-6954e1230c93,213105497,Commune de Sode (31),false,{31549},Commune,2026-03-24 14:41:58.09424+01,gold_establishments_2025,,,,21310549700019,2025,Collectivité Territoriale,Commune,['Haute-Garonne'],['Occitanie'],COM,{31},{76}
01c0238f-9c3b-403b-aa8b-1b54f3e0960a,217704543,Commune de Sognolles-en-Montois (77),false,{77454},Commune,2026-03-24 14:42:09.43682+01,gold_establishments_2025,,,,21770454300016,2025,Collectivité Territoriale,Commune,['Seine-et-Marne'],['Île-de-France'],COM,{77},{11}
ec74f2d8-4b81-4fe1-993d-f1048a7e715c,215105016,Commune de Sogny-aux-Moulins (51),false,{51538},Commune,2026-03-24 14:42:01.954481+01,gold_establishments_2025,,,,21510501600012,2025,Collectivité Territoriale,Commune,['Marne'],['Grand Est'],COM,{51},{44}
f60a7781-0aee-498e-9bef-a77c67bddec1,215105024,Commune de Sogny-en-l'Angle (51),false,{51539},Commune,2026-03-24 14:42:01.954481+01,gold_establishments_2025,,,,21510502400016,2025,Collectivité Territoriale,Commune,['Marne'],['Grand Est'],COM,{51},{44}
68608339-fb57-4c1c-95ba-bc91342545ff,211406749,Commune de Soignolles (14),false,{14674},Commune,2026-03-24 14:41:54.362296+01,gold_establishments_2025,,,,21140674900013,2025,Collectivité Territoriale,Commune,['Calvados'],['Normandie'],COM,{14},{28}
9029420c-71f9-4f1b-b677-3aa0d4781ae7,217704550,Commune de Soignolles-en-Brie (77),false,{77455},Commune,2026-03-24 14:42:09.43682+01,gold_establishments_2025,,,,21770455000011,2025,Collectivité Territoriale,Commune,['Seine-et-Marne'],['Île-de-France'],COM,{77},{11}
5ef9be57-337c-460f-9d59-e3dc73c05185,217805977,Commune de Soindres (78),false,{78597},Commune,2026-03-24 14:42:09.43682+01,gold_establishments_2025,,,,21780597700014,2025,Collectivité Territoriale,Commune,['Yvelines'],['Île-de-France'],COM,{78},{11}
89624bf7-53e3-4390-88f6-2100c529d22d,217004928,Commune de Soing-Cubry-Charentenay (70),false,{70492},Commune,2026-03-24 14:42:07.735343+01,gold_establishments_2025,,,,21700492800016,2025,Collectivité Territoriale,Commune,['Haute-Saône'],['Bourgogne-Franche-Comté'],COM,{70},{27}
bdceea21-4bf4-4893-bc54-a8079f1760dc,214102477,Commune de Soings-en-Sologne (41),false,{41247},Commune,2026-03-24 14:42:00.273698+01,gold_establishments_2025,,,,21410247700012,2025,Collectivité Territoriale,Commune,['Loir-et-Cher'],['Centre-Val de Loire'],COM,{41},{24}
c6aa734c-14cd-4350-9a2c-a297cc123a54,212106090,Commune de Soirans (21),false,{21609},Commune,2026-03-24 14:41:55.433389+01,gold_establishments_2025,,,,21210609000013,2025,Collectivité Territoriale,Commune,"[""Côte-d'Or""]",['Bourgogne-Franche-Comté'],COM,{21},{27}
14e343bf-3d72-4eb5-a3ad-8b072514dd89,210206959,Commune de Soissons (02),false,{02722},Commune,2026-03-24 14:41:52.020251+01,gold_establishments_2025,,,,21020695900012,2025,Collectivité Territoriale,Commune,['Aisne'],['Hauts-de-France'],COM,{02},{32}
b07669fa-0a7f-4521-ada2-b2f90c415e9d,212106108,Commune de Soissons-sur-Nacey (21),false,{21610},Commune,2026-03-24 14:41:55.433389+01,gold_establishments_2025,,,,21210610800013,2025,Collectivité Territoriale,Commune,"[""Côte-d'Or""]",['Bourgogne-Franche-Comté'],COM,{21},{27}
5a463d9b-2416-4f50-9ed2-8f9dcb8d8259,217704568,Commune de Soisy-Bouy (77),false,{77456},Commune,2026-03-24 14:42:09.43682+01,gold_establishments_2025,,,,21770456800013,2025,Collectivité Territoriale,Commune,['Seine-et-Marne'],['Île-de-France'],COM,{77},{11}
9ac85d29-1160-4e54-8a41-22d8b82a8c41,219505989,Commune de Soisy-sous-Montmorency (95),false,{95598},Commune,2026-03-24 14:42:11.659493+01,gold_establishments_2025,,,,21950598900018,2025,Collectivité Territoriale,Commune,"[""Val-d'Oise""]",['Île-de-France'],COM,{95},{11}
c7672143-4245-4ea2-87f9-efcdeed05f2f,219106002,Commune de Soisy-sur-Seine (91),false,{91600},Commune,2026-03-24 14:42:11.659493+01,gold_establishments_2025,,,,21910600200070,2025,Collectivité Territoriale,Commune,['Essonne'],['Île-de-France'],COM,{91},{11}
515ee871-36fb-49e6-8e6d-27df3def85d3,219105996,Commune de Soisy-sur-École (91),false,{91599},Commune,2026-03-24 14:42:11.659493+01,gold_establishments_2025,,,,21910599600017,2025,Collectivité Territoriale,Commune,['Essonne'],['Île-de-France'],COM,{91},{11}
d93f2617-b68b-49a1-a723-4b2645e14f7f,210206967,Commune de Soize (02),false,{02723},Commune,2026-03-24 14:41:52.020251+01,gold_establishments_2025,,,,21020696700015,2025,Collectivité Territoriale,Commune,['Aisne'],['Hauts-de-France'],COM,{02},{32}
e1cf89f3-2e83-4361-acf7-726209278a47,215105032,Commune de Soizy-aux-Bois (51),false,{51542},Commune,2026-03-24 14:42:01.954481+01,gold_establishments_2025,,,,21510503200019,2025,Collectivité Territoriale,Commune,['Marne'],['Grand Est'],COM,{51},{44}
2c245293-a93f-4a52-af0d-5fbcf154b64b,216902965,Commune de Solaize (69),false,{69296},Commune,2026-03-24 14:42:07.735343+01,gold_establishments_2025,,,,21690296500013,2025,Collectivité Territoriale,Commune,['Rhône'],['Auvergne-Rhône-Alpes'],COM,{69},{84}
69bae70e-054f-44fb-9a9a-eea0c2be6d47,212002836,Commune de Solaro (2B),false,{2B283},Commune,2026-03-24 14:41:57.56054+01,gold_establishments_2025,,,,21200283600014,2025,Collectivité Territoriale,Commune,['Haute-Corse'],['Corse'],COM,{2B},{94}
5fb17171-ab72-49cc-8340-d5eba5b1802f,200060721,Commune de Solaure en Diois (26),false,{26001},Commune,2026-03-24 14:41:56.495197+01,gold_establishments_2025,,,,20006072100012,2025,Collectivité Territoriale,Commune,['Drôme'],['Auvergne-Rhône-Alpes'],COM,{26},{84}
a61341ec-982f-41b3-952e-cc1c28e92708,216704700,Commune de Solbach (67),false,{67470},Commune,2026-03-24 14:42:07.195692+01,gold_establishments_2025,,,,21670470000014,2025,Collectivité Territoriale,Commune,['Bas-Rhin'],['Grand Est'],COM,{67},{44}
bce40abe-bc87-4edf-97b9-144068cddc65,210402103,Commune de Soleilhas (04),false,{04210},Commune,2026-03-24 14:41:52.562531+01,gold_establishments_2025,,,,21040210300019,2025,Collectivité Territoriale,Commune,['Alpes-de-Haute-Provence'],"[""Provence-Alpes-Côte d'Azur""]",COM,{04},{93}
ea009a0b-670d-4187-ac83-afdaad13b7fd,212505481,Commune de Solemont (25),false,{25548},Commune,2026-03-24 14:41:56.495197+01,gold_establishments_2025,,,,21250548100011,2025,Collectivité Territoriale,Commune,['Doubs'],['Bourgogne-Franche-Comté'],COM,{25},{27}
7a100bab-58e4-4fbe-800f-14e9f2d32502,216006122,Commune de Solente (60),false,{60621},Commune,2026-03-24 14:42:04.814328+01,gold_establishments_2025,,,,21600612200016,2025,Collectivité Territoriale,Commune,['Oise'],['Hauts-de-France'],COM,{60},{32}
3a4c9ce2-003e-41cd-90a5-56fe3d586b4a,217704576,Commune de Solers (77),false,{77457},Commune,2026-03-24 14:42:09.43682+01,gold_establishments_2025,,,,21770457600016,2025,Collectivité Territoriale,Commune,['Seine-et-Marne'],['Île-de-France'],COM,{77},{11}
693a7f83-0add-4c80-808d-381fd7bbb7dc,215905712,Commune de Solesmes (59),false,{59571},Commune,2026-03-24 14:42:04.814328+01,gold_establishments_2025,,,,21590571200018,2025,Collectivité Territoriale,Commune,['Nord'],['Hauts-de-France'],COM,{59},{32}
d63ea1d4-68c7-4338-a56e-e9956bdfe296,217203363,Commune de Solesmes (72),false,{72336},Commune,2026-03-24 14:42:08.279287+01,gold_establishments_2025,,,,21720336300015,2025,Collectivité Territoriale,Commune,['Sarthe'],['Pays de la Loire'],COM,{72},{52}
c3e669cc-3e98-4a27-9fcb-dce5f1d6b2db,213804941,Commune de Soleymieu (38),false,{38494},Commune,2026-03-24 14:41:59.705606+01,gold_establishments_2025,,,,21380494100010,2025,Collectivité Territoriale,Commune,['Isère'],['Auvergne-Rhône-Alpes'],COM,{38},{84}
cc76d928-d4ac-4d48-b6bd-0e8b20be5899,214203010,Commune de Soleymieux (42),false,{42301},Commune,2026-03-24 14:42:00.273698+01,gold_establishments_2025,,,,21420301000019,2025,Collectivité Territoriale,Commune,['Loire'],['Auvergne-Rhône-Alpes'],COM,{42},{84}
4a49d545-3c16-4846-a080-31e013e53def,214003030,Commune de Solférino (40),false,{40303},Commune,2026-03-24 14:41:59.705606+01,gold_establishments_2025,,,,21400303000019,2025,Collectivité Territoriale,Commune,['Landes'],['Nouvelle-Aquitaine'],COM,{40},{75}
107d9629-3a8f-4391-b67f-440b97450800,215706557,Commune de Solgne (57),false,{57655},Commune,2026-03-24 14:42:04.280096+01,gold_establishments_2025,,,,21570655700018,2025,Collectivité Territoriale,Commune,['Moselle'],['Grand Est'],COM,{57},{44}
f877ef78-9e52-46a2-b028-c97b20fd67ec,211406756,Commune de Soliers (14),false,{14675},Commune,2026-03-24 14:41:54.362296+01,gold_establishments_2025,,,,21140675600018,2025,Collectivité Territoriale,Commune,['Calvados'],['Normandie'],COM,{14},{28}
2a1aa7b7-c99c-4c25-9817-50b4011ebc13,218719201,Commune de Solignac (87),false,{87192},Commune,2026-03-24 14:42:11.118516+01,gold_establishments_2025,,,,21871920100012,2025,Collectivité Territoriale,Commune,['Haute-Vienne'],['Nouvelle-Aquitaine'],COM,{87},{75}
f430d48f-1003-4a51-8de3-dc0309107641,214302408,Commune de Solignac-sous-Roche (43),false,{43240},Commune,2026-03-24 14:42:00.273698+01,gold_establishments_2025,,,,21430240800015,2025,Collectivité Territoriale,Commune,['Haute-Loire'],['Auvergne-Rhône-Alpes'],COM,{43},{84}
4631e785-bd72-4c10-8211-9978610aeb3e,214302416,Commune de Solignac-sur-Loire (43),false,{43241},Commune,2026-03-24 14:42:00.273698+01,gold_establishments_2025,,,,21430241600018,2025,Collectivité Territoriale,Commune,['Haute-Loire'],['Auvergne-Rhône-Alpes'],COM,{43},{84}
a7b7f578-d409-4c69-8171-4d0020ad94eb,216304220,Commune de Solignat (63),false,{63422},Commune,2026-03-24 14:42:06.130387+01,gold_establishments_2025,,,,21630422000017,2025,Collectivité Territoriale,Commune,['Puy-de-Dôme'],['Auvergne-Rhône-Alpes'],COM,{63},{84}
a5d150a3-107a-41e5-8295-ee9875b87cd7,216104752,Commune de Soligny-la-Trappe (61),false,{61475},Commune,2026-03-24 14:42:05.597325+01,gold_establishments_2025,,,,21610475200011,2025,Collectivité Territoriale,Commune,['Orne'],['Normandie'],COM,{61},{28}
2a3fc87d-c1e4-47d8-b38c-2138590c7878,211003595,Commune de Soligny-les-Étangs (10),false,{10370},Commune,2026-03-24 14:41:53.095366+01,gold_establishments_2025,,,,21100359500017,2025,Collectivité Territoriale,Commune,['Aube'],['Grand Est'],COM,{10},{44}
3832b0fd-bb28-49f7-9eca-b98d9715ed8f,212002844,Commune de Sollacaro (2A),false,{2A284},Commune,2026-03-24 14:41:57.56054+01,gold_establishments_2025,,,,21200284400018,2025,Collectivité Territoriale,Commune,['Corse-du-Sud'],['Corse'],COM,{2A},{94}
50141cdc-3419-4a1a-a00e-9a564119ac14,218301307,Commune de Solliès-Pont (83),false,{83130},Commune,2026-03-24 14:42:10.508772+01,gold_establishments_2025,,,,21830130700144,2025,Collectivité Territoriale,Commune,['Var'],"[""Provence-Alpes-Côte d'Azur""]",COM,{83},{93}
e75d3a4a-14ed-4981-b277-4c69ef2a641a,218301315,Commune de Solliès-Toucas (83),false,{83131},Commune,2026-03-24 14:42:10.508772+01,gold_establishments_2025,,,,21830131500014,2025,Collectivité Territoriale,Commune,['Var'],"[""Provence-Alpes-Côte d'Azur""]",COM,{83},{93}
6860ba01-e35c-4e33-b37b-25f85fee65b0,218301323,Commune de Solliès-Ville (83),false,{83132},Commune,2026-03-24 14:42:10.508772+01,gold_establishments_2025,,,,21830132300018,2025,Collectivité Territoriale,Commune,['Var'],"[""Provence-Alpes-Côte d'Azur""]",COM,{83},{93}
5ee51d23-5efb-43a4-83e6-55f68aa9af85,217105253,Commune de Sologny (71),false,{71525},Commune,2026-03-24 14:42:08.279287+01,gold_establishments_2025,,,,21710525300017,2025,Collectivité Territoriale,Commune,['Saône-et-Loire'],['Bourgogne-Franche-Comté'],COM,{71},{27}
0bc5d693-ba60-4d5b-9ed0-83b1115c21a2,213204365,Commune de Solomiac (32),false,{32436},Commune,2026-03-24 14:41:58.09424+01,gold_establishments_2025,,,,21320436500018,2025,Collectivité Territoriale,Commune,['Gers'],['Occitanie'],COM,{32},{76}
07e25f44-7a37-4d2b-862c-748dae6a0a20,214200842,Commune de Solore-en-Forez (42),false,{42084},Commune,2026-03-24 14:42:00.273698+01,gold_establishments_2025,,,,21420084200018,2025,Collectivité Territoriale,Commune,['Loire'],['Auvergne-Rhône-Alpes'],COM,{42},{84}
f27837b1-d8ce-407d-8689-bfac3fc33e57,215905720,Commune de Solre-le-Château (59),false,{59572},Commune,2026-03-24 14:42:04.814328+01,gold_establishments_2025,,,,21590572000011,2025,Collectivité Territoriale,Commune,['Nord'],['Hauts-de-France'],COM,{59},{32}
f765de23-1440-4bc1-89e2-e51eeaf26edf,215905738,Commune de Solrinnes (59),false,{59573},Commune,2026-03-24 14:42:04.814328+01,gold_establishments_2025,,,,21590573800013,2025,Collectivité Territoriale,Commune,['Nord'],['Hauts-de-France'],COM,{59},{32}
d84c02ba-15e0-4e83-a9c4-fc4d0e85ee67,214503120,Commune de Solterre (45),false,{45312},Commune,2026-03-24 14:42:00.862623+01,gold_establishments_2025,,,,21450312000013,2025,Collectivité Territoriale,Commune,['Loiret'],['Centre-Val de Loire'],COM,{45},{24}
07ba5e15-50f6-4cef-afd3-632863200e96,217105261,Commune de Solutré-Pouilly (71),false,{71526},Commune,2026-03-24 14:42:08.279287+01,gold_establishments_2025,,,,21710526100010,2025,Collectivité Territoriale,Commune,['Saône-et-Loire'],['Bourgogne-Franche-Comté'],COM,{71},{27}
f4cb425f-e9dc-44a5-99ac-ff8a47f740ee,212603427,Commune de Solérieux (26),false,{26342},Commune,2026-03-24 14:41:56.495197+01,gold_establishments_2025,,,,21260342700015,2025,Collectivité Territoriale,Commune,['Drôme'],['Auvergne-Rhône-Alpes'],COM,{26},{84}
711eaccb-ab6f-4a16-a7bf-8482ecfbd979,215905746,Commune de Somain (59),false,{59574},Commune,2026-03-24 14:42:04.814328+01,gold_establishments_2025,,,,21590574600016,2025,Collectivité Territoriale,Commune,['Nord'],['Hauts-de-France'],COM,{59},{32}
8dbbd6c0-53d7-42c8-9adb-b1ff813a3f87,212106116,Commune de Sombernon (21),false,{21611},Commune,2026-03-24 14:41:55.433389+01,gold_establishments_2025,,,,21210611600016,2025,Collectivité Territoriale,Commune,"[""Côte-d'Or""]",['Bourgogne-Franche-Comté'],COM,{21},{27}
8c2d3e2b-857d-48ca-b60d-f902741c6ed2,216207985,Commune de Sombrin (62),false,{62798},Commune,2026-03-24 14:42:06.130387+01,gold_establishments_2025,,,,21620798500013,2025,Collectivité Territoriale,Commune,['Pas-de-Calais'],['Hauts-de-France'],COM,{62},{32}
b6775ba8-cb5b-47ed-bc42-045b5c44783e,216504290,Commune de Sombrun (65),false,{65429},Commune,2026-03-24 14:42:06.665412+01,gold_establishments_2025,,,,21650429000018,2025,Collectivité Territoriale,Commune,['Hautes-Pyrénées'],['Occitanie'],COM,{65},{76}
9102546f-6ba5-4a06-8085-8971020c2de7,214903361,Commune de Somloire (49),false,{49336},Commune,2026-03-24 14:42:01.412377+01,gold_establishments_2025,,,,21490336100019,2025,Collectivité Territoriale,Commune,['Maine-et-Loire'],['Pays de la Loire'],COM,{49},{52}
f0fd0246-5f8b-4d9a-b62f-d0160246c16a,215905753,Commune de Sommaing (59),false,{59575},Commune,2026-03-24 14:42:04.814328+01,gold_establishments_2025,,,,21590575300012,2025,Collectivité Territoriale,Commune,['Nord'],['Hauts-de-France'],COM,{59},{32}
c2bde22f-fa3f-47c3-9e80-ae3854f89906,215203399,Commune de Sommancourt (52),false,{52475},Commune,2026-03-24 14:42:01.954481+01,gold_establishments_2025,,,,21520339900013,2025,Collectivité Territoriale,Commune,['Haute-Marne'],['Grand Est'],COM,{52},{44}
c518e63d-e248-4e51-8f8b-14fd45a10bb0,217105279,Commune de Sommant (71),false,{71527},Commune,2026-03-24 14:42:08.279287+01,gold_establishments_2025,,,,21710527900012,2025,Collectivité Territoriale,Commune,['Saône-et-Loire'],['Bourgogne-Franche-Comté'],COM,{71},{27}
1510e600-6df6-4ee6-9bb0-c7be3f984129,210803854,Commune de Sommauthe (08),false,{08424},Commune,2026-03-24 14:41:53.095366+01,gold_establishments_2025,,,,21080385400012,2025,Collectivité Territoriale,Commune,['Ardennes'],['Grand Est'],COM,{08},{44}
45d2175e-49aa-475b-9caa-9f2a2c36b14d,215105040,Commune de Somme-Bionne (51),false,{51543},Commune,2026-03-24 14:42:01.954481+01,gold_establishments_2025,,,,21510504000012,2025,Collectivité Territoriale,Commune,['Marne'],['Grand Est'],COM,{51},{44}
20b4ed0c-f716-4308-8639-2c328163228a,215105073,Commune de Somme-Suippe (51),false,{51546},Commune,2026-03-24 14:42:01.954481+01,gold_establishments_2025,,,,21510507300013,2025,Collectivité Territoriale,Commune,['Marne'],['Grand Est'],COM,{51},{44}
cc653d53-cc2c-43ad-82f6-b027c73ea43b,215105081,Commune de Somme-Tourbe (51),false,{51547},Commune,2026-03-24 14:42:01.954481+01,gold_establishments_2025,,,,21510508100016,2025,Collectivité Territoriale,Commune,['Marne'],['Grand Est'],COM,{51},{44}
5b3a2c2c-3ac7-4b4c-b35a-bb3387b7c187,215105099,Commune de Somme-Vesle (51),false,{51548},Commune,2026-03-24 14:42:01.954481+01,gold_establishments_2025,,,,21510509900018,2025,Collectivité Territoriale,Commune,['Marne'],['Grand Est'],COM,{51},{44}
be095907-2354-4b19-a22c-154441d20f18,215105107,Commune de Somme-Yèvre (51),false,{51549},Commune,2026-03-24 14:42:01.954481+01,gold_establishments_2025,,,,21510510700019,2025,Collectivité Territoriale,Commune,['Marne'],['Grand Est'],COM,{51},{44}
f1cbb915-58fa-4953-9864-0a103cc9c52e,218903979,Commune de Sommecaise (89),false,{89397},Commune,2026-03-24 14:42:11.659493+01,gold_establishments_2025,,,,21890397900019,2025,Collectivité Territoriale,Commune,['Yonne'],['Bourgogne-Franche-Comté'],COM,{89},{27}
486dc415-ce22-4525-8146-dfad12818e67,215504929,Commune de Sommedieue (55),false,{55492},Commune,2026-03-24 14:42:03.701372+01,gold_establishments_2025,,,,21550492900013,2025,Collectivité Territoriale,Commune,['Meuse'],['Grand Est'],COM,{55},{44}
02271ec8-ff6f-45a4-9e6e-5f157fd781cf,215504937,Commune de Sommeilles (55),false,{55493},Commune,2026-03-24 14:42:03.701372+01,gold_establishments_2025,,,,21550493700016,2025,Collectivité Territoriale,Commune,['Meuse'],['Grand Est'],COM,{55},{44}
b3d0d73d-1d8b-49d4-bd48-50f60f6a590e,210206975,Commune de Sommelans (02),false,{02724},Commune,2026-03-24 14:41:52.020251+01,gold_establishments_2025,,,,21020697500018,2025,Collectivité Territoriale,Commune,['Aisne'],['Hauts-de-France'],COM,{02},{32}
4eaa9fff-73c2-4879-b937-c6e9dd5c9b66,215504945,Commune de Sommelonne (55),false,{55494},Commune,2026-03-24 14:42:03.701372+01,gold_establishments_2025,,,,21550494500019,2025,Collectivité Territoriale,Commune,['Meuse'],['Grand Est'],COM,{55},{44}
c5d0b740-b7b5-404d-9d6d-24578d721adc,215105057,Commune de Sommepy-Tahure (51),false,{51544},Commune,2026-03-24 14:42:01.954481+01,gold_establishments_2025,,,,21510505700016,2025,Collectivité Territoriale,Commune,['Marne'],['Grand Est'],COM,{51},{44}
cf021219-39d0-489f-84de-858a74b2e97e,210803862,Commune de Sommerance (08),false,{08425},Commune,2026-03-24 14:41:53.095366+01,gold_establishments_2025,,,,21080386200015,2025,Collectivité Territoriale,Commune,['Ardennes'],['Grand Est'],COM,{08},{44}
9d278a0a-eb50-4ef9-9c27-f8609575b4fe,200057479,Commune de Sommerau (67),false,{67004},Commune,2026-03-24 14:42:06.665412+01,gold_establishments_2025,,,,20005747900012,2025,Collectivité Territoriale,Commune,['Bas-Rhin'],['Grand Est'],COM,{67},{44}
b7bacbf4-dbb3-4992-afa3-b271dc426898,216006130,Commune de Sommereux (60),false,{60622},Commune,2026-03-24 14:42:04.814328+01,gold_establishments_2025,,,,21600613000019,2025,Collectivité Territoriale,Commune,['Oise'],['Hauts-de-France'],COM,{60},{32}
66a3b16a-3c8e-4f6d-aa4e-6accaa479f3e,210206983,Commune de Sommeron (02),false,{02725},Commune,2026-03-24 14:41:52.020251+01,gold_establishments_2025,,,,21020698300012,2025,Collectivité Territoriale,Commune,['Aisne'],['Hauts-de-France'],COM,{02},{32}
1579c43f-4c00-41ac-a29c-a6e1922317a9,211406764,Commune de Sommervieu (14),false,{14676},Commune,2026-03-24 14:41:54.362296+01,gold_establishments_2025,,,,21140676400079,2025,Collectivité Territoriale,Commune,['Calvados'],['Normandie'],COM,{14},{28}
71111a84-7318-42dc-b1d5-41a34297c9a4,215405093,Commune de Sommerviller (54),false,{54509},Commune,2026-03-24 14:42:02.957225+01,gold_establishments_2025,,,,21540509300018,2025,Collectivité Territoriale,Commune,['Meurthe-et-Moselle'],['Grand Est'],COM,{54},{44}
7cb40fcc-375e-44b1-aac6-b9642bbd2dde,217606789,Commune de Sommery (76),false,{76678},Commune,2026-03-24 14:42:08.818969+01,gold_establishments_2025,,,,21760678900014,2025,Collectivité Territoriale,Commune,['Seine-Maritime'],['Normandie'],COM,{76},{28}
7507a375-f62f-418f-b30d-c9519efdd501,215203407,Commune de Sommerécourt (52),false,{52476},Commune,2026-03-24 14:42:01.954481+01,gold_establishments_2025,,,,21520340700014,2025,Collectivité Territoriale,Commune,['Haute-Marne'],['Grand Est'],COM,{52},{44}
99deb147-015a-4011-ab48-800fc599aced,217606797,Commune de Sommesnil (76),false,{76679},Commune,2026-03-24 14:42:08.818969+01,gold_establishments_2025,,,,21760679700017,2025,Collectivité Territoriale,Commune,['Seine-Maritime'],['Normandie'],COM,{76},{28}
b3b500c0-688e-41f9-8c07-3c7dd447528a,215105065,Commune de Sommesous (51),false,{51545},Commune,2026-03-24 14:42:01.954481+01,gold_establishments_2025,,,,21510506500019,2025,Collectivité Territoriale,Commune,['Marne'],['Grand Est'],COM,{51},{44}
92815555-f924-4696-8119-aaa9283df4ac,210206991,Commune de Sommette-Eaucourt (02),false,{02726},Commune,2026-03-24 14:41:52.020251+01,gold_establishments_2025,,,,21020699100015,2025,Collectivité Territoriale,Commune,['Aisne'],['Hauts-de-France'],COM,{02},{32}
1415eb9e-1c68-45b6-ac08-43d0652ec3a3,211003603,Commune de Sommeval (10),false,{10371},Commune,2026-03-24 14:41:53.095366+01,gold_establishments_2025,,,,21100360300019,2025,Collectivité Territoriale,Commune,['Aube'],['Grand Est'],COM,{10},{44}
6a27ab0d-c3a8-49b4-897e-81e90f0f8bc5,215203415,Commune de Sommevoire (52),false,{52479},Commune,2026-03-24 14:42:01.954481+01,gold_establishments_2025,,,,21520341500017,2025,Collectivité Territoriale,Commune,['Haute-Marne'],['Grand Est'],COM,{52},{44}
506d5a22-efa2-44f6-8a90-c5ae5161a7ec,213003213,Commune de Sommières (30),false,{30321},Commune,2026-03-24 14:41:57.56054+01,gold_establishments_2025,,,,21300321300013,2025,Collectivité Territoriale,Commune,['Gard'],['Occitanie'],COM,{30},{76}
d4cc15d4-ace0-4644-8bf6-304d1f88d59b,218602647,Commune de Sommières-du-Clain (86),false,{86264},Commune,2026-03-24 14:42:11.118516+01,gold_establishments_2025,,,,21860264700016,2025,Collectivité Territoriale,Commune,['Vienne'],['Nouvelle-Aquitaine'],COM,{86},{75}
b8cc5a5c-6280-46e8-ba18-c0cafc3cf28a,215105115,Commune de Sompuis (51),false,{51550},Commune,2026-03-24 14:42:01.954481+01,gold_establishments_2025,,,,21510511500012,2025,Collectivité Territoriale,Commune,['Marne'],['Grand Est'],COM,{51},{44}
31be7eda-546c-45d5-8e8d-a73ba1cc5e88,215105123,Commune de Somsois (51),false,{51551},Commune,2026-03-24 14:42:01.954481+01,gold_establishments_2025,,,,21510512300016,2025,Collectivité Territoriale,Commune,['Marne'],['Grand Est'],COM,{51},{44}
56978d60-c25f-4804-ae47-f4f825e2af92,210803870,Commune de Son (08),false,{08426},Commune,2026-03-24 14:41:53.095366+01,gold_establishments_2025,,,,21080387000018,2025,Collectivité Territoriale,Commune,['Ardennes'],['Grand Est'],COM,{08},{44}
7c7efee2-fc22-43d2-ab77-273ce350c4bf,214603060,Commune de Sonac (46),false,{46306},Commune,2026-03-24 14:42:00.862623+01,gold_establishments_2025,,,,21460306000010,2025,Collectivité Territoriale,Commune,['Lot'],['Occitanie'],COM,{46},{76}
2fa26f3f-9e99-4a5f-aed1-91aafd405ee2,217806017,Commune de Sonchamp (78),false,{78601},Commune,2026-03-24 14:42:09.43682+01,gold_establishments_2025,,,,21780601700018,2025,Collectivité Territoriale,Commune,['Yvelines'],['Île-de-France'],COM,{78},{11}
c1e2aaba-b85a-472c-8885-e8e99224c0fc,218804599,Commune de Soncourt (88),false,{88459},Commune,2026-03-24 14:42:11.118516+01,gold_establishments_2025,,,,21880459900015,2025,Collectivité Territoriale,Commune,['Vosges'],['Grand Est'],COM,{88},{44}
23f2dbdd-6ca2-4141-806d-4b6ccaf3adac,215203423,Commune de Soncourt-sur-Marne (52),false,{52480},Commune,2026-03-24 14:42:01.954481+01,gold_establishments_2025,,,,21520342300011,2025,Collectivité Territoriale,Commune,['Haute-Marne'],['Grand Est'],COM,{52},{44}
05bfaf1c-b434-4714-9f25-98c09412623e,216803114,Commune de Sondernach (68),false,{68311},Commune,2026-03-24 14:42:07.195692+01,gold_establishments_2025,,,,21680311400018,2025,Collectivité Territoriale,Commune,['Haut-Rhin'],['Grand Est'],COM,{68},{44}
6a63d9dc-3436-43b9-972d-2d800998afad,216803122,Commune de Sondersdorf (68),false,{68312},Commune,2026-03-24 14:42:07.195692+01,gold_establishments_2025,,,,21680312200011,2025,Collectivité Territoriale,Commune,['Haut-Rhin'],['Grand Est'],COM,{68},{44}
b62dc1ad-74ea-4936-9e6b-cd3fcd674d07,216006148,Commune de Songeons (60),false,{60623},Commune,2026-03-24 14:42:04.814328+01,gold_establishments_2025,,,,21600614800011,2025,Collectivité Territoriale,Commune,['Oise'],['Hauts-de-France'],COM,{60},{32}
50e2416f-9a78-4c2b-9e64-596e5ab86c65,213905185,Commune de Songeson (39),false,{39518},Commune,2026-03-24 14:41:59.705606+01,gold_establishments_2025,,,,21390518500012,2025,Collectivité Territoriale,Commune,['Jura'],['Bourgogne-Franche-Comté'],COM,{39},{27}
e1c5b141-508d-44f1-97cf-1b6e173febe1,215105131,Commune de Songy (51),false,{51552},Commune,2026-03-24 14:42:01.954481+01,gold_establishments_2025,,,,21510513100019,2025,Collectivité Territoriale,Commune,['Marne'],['Grand Est'],COM,{51},{44}
a1aaace4-4d6d-460f-8b31-ccae4fc1336b,211202726,Commune de Sonnac (12),false,{12272},Commune,2026-03-24 14:41:53.63825+01,gold_establishments_2025,,,,21120272600017,2025,Collectivité Territoriale,Commune,['Aveyron'],['Occitanie'],COM,{12},{76}
dee61817-870b-4c99-a406-f3ffc3fb7d23,211704283,Commune de Sonnac (17),false,{17428},Commune,2026-03-24 14:41:54.903238+01,gold_establishments_2025,,,,21170428300012,2025,Collectivité Territoriale,Commune,['Charente-Maritime'],['Nouvelle-Aquitaine'],COM,{17},{75}
2617e48f-d6d3-4205-b37c-09e44051c729,211103809,Commune de Sonnac-sur-l'Hers (11),false,{11380},Commune,2026-03-24 14:41:53.63825+01,gold_establishments_2025,,,,21110380900011,2025,Collectivité Territoriale,Commune,['Aude'],['Occitanie'],COM,{11},{76}
98133e90-dbe9-4c05-adeb-d9693b1ed0fa,213804966,Commune de Sonnay (38),false,{38496},Commune,2026-03-24 14:41:59.705606+01,gold_establishments_2025,,,,21380496600017,2025,Collectivité Territoriale,Commune,['Isère'],['Auvergne-Rhône-Alpes'],COM,{38},{84}
4e5f9c98-6495-4bba-9f10-a04a8fc685b7,217302884,Commune de Sonnaz (73),false,{73288},Commune,2026-03-24 14:42:08.279287+01,gold_establishments_2025,,,,21730288400010,2025,Collectivité Territoriale,Commune,['Savoie'],['Auvergne-Rhône-Alpes'],COM,{73},{84}
7721fd58-38b5-4381-92c7-745285c6d988,210207007,Commune de Sons-et-Ronchères (02),false,{02727},Commune,2026-03-24 14:41:52.020251+01,gold_establishments_2025,,,,21020700700019,2025,Collectivité Territoriale,Commune,['Aisne'],['Hauts-de-France'],COM,{02},{32}
57273295-0e4e-4249-b48e-a4159cee71f3,210104105,Commune de Sonthonnax-la-Montagne (01),false,{01410},Commune,2026-03-24 14:41:51.447482+01,gold_establishments_2025,,,,21010410500015,2025,Collectivité Territoriale,Commune,['Ain'],['Auvergne-Rhône-Alpes'],COM,{01},{84}
f48629a9-4c5c-467a-85ac-20e693f9114f,213702491,Commune de Sonzay (37),false,{37249},Commune,2026-03-24 14:41:59.160244+01,gold_establishments_2025,,,,21370249100019,2025,Collectivité Territoriale,Commune,['Indre-et-Loire'],['Centre-Val de Loire'],COM,{37},{24}
af633dda-214b-4a8a-a9dc-cbc3d03d24f5,214003048,Commune de Soorts-Hossegor (40),false,{40304},Commune,2026-03-24 14:41:59.705606+01,gold_establishments_2025,,,,21400304800011,2025,Collectivité Territoriale,Commune,['Landes'],['Nouvelle-Aquitaine'],COM,{40},{75}
d222a702-f7a0-402f-b90f-922dd81cac64,216803130,Commune de Soppe-le-Bas (68),false,{68313},Commune,2026-03-24 14:42:07.195692+01,gold_establishments_2025,,,,21680313000089,2025,Collectivité Territoriale,Commune,['Haut-Rhin'],['Grand Est'],COM,{68},{44}
61d6ab2f-e498-47c8-9428-53adcbde73e0,210902979,Commune de Sor (09),false,{09297},Commune,2026-03-24 14:41:53.095366+01,gold_establishments_2025,,,,21090297900017,2025,Collectivité Territoriale,Commune,['Ariège'],['Occitanie'],COM,{09},{76}
bbb27c0b-1cd9-46e8-bee4-6e392747108a,217004936,Commune de Sorans-lès-Breurey (70),false,{70493},Commune,2026-03-24 14:42:07.735343+01,gold_establishments_2025,,,,21700493600019,2025,Collectivité Territoriale,Commune,['Haute-Saône'],['Bourgogne-Franche-Comté'],COM,{70},{27}
202ebf33-99ef-41e6-9b73-f9b14e111fa7,210207015,Commune de Sorbais (02),false,{02728},Commune,2026-03-24 14:41:52.020251+01,gold_establishments_2025,,,,21020701500012,2025,Collectivité Territoriale,Commune,['Aisne'],['Hauts-de-France'],COM,{02},{32}
d7d210d9-65e0-41d9-9d9c-5670735c1a96,213204373,Commune de Sorbets (32),false,{32437},Commune,2026-03-24 14:41:58.09424+01,gold_establishments_2025,,,,21320437300012,2025,Collectivité Territoriale,Commune,['Gers'],['Occitanie'],COM,{32},{76}
be83a4ca-c2fd-477f-8b02-3f9592dda57d,214003055,Commune de Sorbets (40),false,{40305},Commune,2026-03-24 14:41:59.705606+01,gold_establishments_2025,,,,21400305500016,2025,Collectivité Territoriale,Commune,['Landes'],['Nouvelle-Aquitaine'],COM,{40},{75}
941131c6-6ce9-438f-a5f9-bf1f6900c7e8,215504952,Commune de Sorbey (55),false,{55495},Commune,2026-03-24 14:42:03.701372+01,gold_establishments_2025,,,,21550495200015,2025,Collectivité Territoriale,Commune,['Meuse'],['Grand Est'],COM,{55},{44}
7478930e-3cb0-4170-835f-45ce1e9a5fb7,215706565,Commune de Sorbey (57),false,{57656},Commune,2026-03-24 14:42:04.280096+01,gold_establishments_2025,,,,21570656500011,2025,Collectivité Territoriale,Commune,['Moselle'],['Grand Est'],COM,{57},{44}
1105a295-8585-4cc7-b522-acb0e007d2e6,210302741,Commune de Sorbier (03),false,{03274},Commune,2026-03-24 14:41:52.020251+01,gold_establishments_2025,,,,21030274100017,2025,Collectivité Territoriale,Commune,['Allier'],['Auvergne-Rhône-Alpes'],COM,{03},{84}
b4ffd98e-eeb3-4f57-9550-34fc0e164a20,210501698,Commune de Sorbiers (05),false,{05169},Commune,2026-03-24 14:41:52.562531+01,gold_establishments_2025,,,,21050169800018,2025,Collectivité Territoriale,Commune,['Hautes-Alpes'],"[""Provence-Alpes-Côte d'Azur""]",COM,{05},{93}
45c1d840-222f-45e1-ba83-ac5ad462a7dd,214203028,Commune de Sorbiers (42),false,{42302},Commune,2026-03-24 14:42:00.273698+01,gold_establishments_2025,,,,21420302800011,2025,Collectivité Territoriale,Commune,['Loire'],['Auvergne-Rhône-Alpes'],COM,{42},{84}
d320b1f1-69f9-4a4c-a279-4f9ccae91eb4,212002869,Commune de Sorbo-Ocagnano (2B),false,{2B286},Commune,2026-03-24 14:41:57.56054+01,gold_establishments_2025,,,,21200286900015,2025,Collectivité Territoriale,Commune,['Haute-Corse'],['Corse'],COM,{2B},{94}
0532da3e-0606-40a7-b614-99cce3b800c9,212002851,Commune de Sorbollano (2A),false,{2A285},Commune,2026-03-24 14:41:57.56054+01,gold_establishments_2025,,,,21200285100013,2025,Collectivité Territoriale,Commune,['Corse-du-Sud'],['Corse'],COM,{2A},{94}
c9397d5a-b769-4657-8145-b09d3b9c67fb,210803888,Commune de Sorbon (08),false,{08427},Commune,2026-03-24 14:41:53.095366+01,gold_establishments_2025,,,,21080388800010,2025,Collectivité Territoriale,Commune,['Ardennes'],['Grand Est'],COM,{08},{44}
4c43ae38-c5da-4dff-8b0e-229586a5c335,213403033,Commune de Sorbs (34),false,{34303},Commune,2026-03-24 14:41:58.620411+01,gold_establishments_2025,,,,21340303300011,2025,Collectivité Territoriale,Commune,['Hérault'],['Occitanie'],COM,{34},{76}
ce37ce63-24ca-4b37-bba4-b3bb93745546,210803896,Commune de Sorcy-Bauthémont (08),false,{08428},Commune,2026-03-24 14:41:53.095366+01,gold_establishments_2025,,,,21080389600013,2025,Collectivité Territoriale,Commune,['Ardennes'],['Grand Est'],COM,{08},{44}
f4256573-3856-4f19-b5d5-ebdd080c163f,215504960,Commune de Sorcy-Saint-Martin (55),false,{55496},Commune,2026-03-24 14:42:03.701372+01,gold_establishments_2025,,,,21550496000018,2025,Collectivité Territoriale,Commune,['Meuse'],['Grand Est'],COM,{55},{44}
3a775f07-3ed8-4e0f-a9b6-3480237edb72,214003063,Commune de Sorde-l'Abbaye (40),false,{40306},Commune,2026-03-24 14:41:59.705606+01,gold_establishments_2025,,,,21400306300010,2025,Collectivité Territoriale,Commune,['Landes'],['Nouvelle-Aquitaine'],COM,{40},{75}
2db0c300-1adb-402e-b908-3ba863235ab4,214003071,Commune de Sore (40),false,{40307},Commune,2026-03-24 14:41:59.705606+01,gold_establishments_2025,,,,21400307100013,2025,Collectivité Territoriale,Commune,['Landes'],['Nouvelle-Aquitaine'],COM,{40},{75}
5f0faefb-f2f8-4114-aa78-66b0f114a84a,218006914,Commune de Sorel (80),false,{80737},Commune,2026-03-24 14:42:09.967209+01,gold_establishments_2025,,,,21800691400012,2025,Collectivité Territoriale,Commune,['Somme'],['Hauts-de-France'],COM,{80},{32}
52c44bc7-c051-4f6f-8e3a-43ec36f46a94,212803779,Commune de Sorel-Moussel (28),false,{28377},Commune,2026-03-24 14:41:57.028721+01,gold_establishments_2025,,,,21280377900017,2025,Collectivité Territoriale,Commune,['Eure-et-Loir'],['Centre-Val de Loire'],COM,{28},{24}
6e207fa9-42ea-491d-9cb2-32e434f8d8ac,218006906,Commune de Sorel-en-Vimeu (80),false,{80736},Commune,2026-03-24 14:42:09.967209+01,gold_establishments_2025,,,,21800690600018,2025,Collectivité Territoriale,Commune,['Somme'],['Hauts-de-France'],COM,{80},{32}
6fb5de1a-5125-4610-a9b2-9b6fac5b208d,210902987,Commune de Sorgeat (09),false,{09298},Commune,2026-03-24 14:41:53.095366+01,gold_establishments_2025,,,,21090298700010,2025,Collectivité Territoriale,Commune,['Ariège'],['Occitanie'],COM,{09},{76}
1c6abec2-504d-4d19-bdf9-5ad7cec8e429,200060267,Commune de Sorges et Ligueux en Périgord (24),false,{24540},Commune,2026-03-24 14:41:55.958138+01,gold_establishments_2025,,,,20006026700016,2025,Collectivité Territoriale,Commune,['Dordogne'],['Nouvelle-Aquitaine'],COM,{24},{75}
c98399bc-5925-4454-86eb-550072c359a2,218401297,Commune de Sorgues (84),false,{84129},Commune,2026-03-24 14:42:10.508772+01,gold_establishments_2025,,,,21840129700187,2025,Collectivité Territoriale,Commune,['Vaucluse'],"[""Provence-Alpes-Côte d'Azur""]",COM,{84},{93}
5be909ad-a03b-42d6-b2d5-100393bc5a5b,213702509,Commune de Sorigny (37),false,{37250},Commune,2026-03-24 14:41:59.160244+01,gold_establishments_2025,,,,21370250900018,2025,Collectivité Territoriale,Commune,['Indre-et-Loire'],['Centre-Val de Loire'],COM,{37},{24}
78979b78-a515-4636-8509-d1927296c1ac,212002877,Commune de Sorio (2B),false,{2B287},Commune,2026-03-24 14:41:57.56054+01,gold_establishments_2025,,,,21200287700018,2025,Collectivité Territoriale,Commune,['Haute-Corse'],['Corse'],COM,{2B},{94}
fcd466d6-9745-4373-b7b5-731fd57c49bf,218903987,Commune de Sormery (89),false,{89398},Commune,2026-03-24 14:42:11.659493+01,gold_establishments_2025,,,,21890398700012,2025,Collectivité Territoriale,Commune,['Yonne'],['Bourgogne-Franche-Comté'],COM,{89},{27}
1b65ead7-525f-4bdc-ac7d-bd9899d8e349,210803904,Commune de Sormonne (08),false,{08429},Commune,2026-03-24 14:41:53.095366+01,gold_establishments_2025,,,,21080390400015,2025,Collectivité Territoriale,Commune,['Ardennes'],['Grand Est'],COM,{08},{44}
af2407bb-1cff-4eb4-8be0-a9be5c1260bd,211926118,Commune de Sornac (19),false,{19261},Commune,2026-03-24 14:41:55.433389+01,gold_establishments_2025,,,,21192611800095,2025,Collectivité Territoriale,Commune,['Corrèze'],['Nouvelle-Aquitaine'],COM,{19},{75}
21eb3804-b687-4d4c-b5eb-979f15e2af4b,217004944,Commune de Sornay (70),false,{70494},Commune,2026-03-24 14:42:07.735343+01,gold_establishments_2025,,,,21700494400013,2025,Collectivité Territoriale,Commune,['Haute-Saône'],['Bourgogne-Franche-Comté'],COM,{70},{27}
ed4d04cb-2cc2-472f-8635-b1ff02cf9ce0,217105287,Commune de Sornay (71),false,{71528},Commune,2026-03-24 14:42:08.279287+01,gold_establishments_2025,,,,21710528700015,2025,Collectivité Territoriale,Commune,['Saône-et-Loire'],['Bourgogne-Franche-Comté'],COM,{71},{27}
4bddd4c0-88cc-43bd-9e57-819723422736,215405101,Commune de Sornéville (54),false,{54510},Commune,2026-03-24 14:42:02.957225+01,gold_establishments_2025,,,,21540510100019,2025,Collectivité Territoriale,Commune,['Meurthe-et-Moselle'],['Grand Est'],COM,{54},{44}
56cccdcb-b20c-4a75-92f1-9d4688beccf8,217606805,Commune de Sorquainville (76),false,{76680},Commune,2026-03-24 14:42:08.818969+01,gold_establishments_2025,,,,21760680500018,2025,Collectivité Territoriale,Commune,['Seine-Maritime'],['Normandie'],COM,{76},{28}
006246e3-d4c6-4605-a8c5-8d14e0230386,216207993,Commune de Sorrus (62),false,{62799},Commune,2026-03-24 14:42:06.130387+01,gold_establishments_2025,,,,21620799300017,2025,Collectivité Territoriale,Commune,['Pas-de-Calais'],['Hauts-de-France'],COM,{62},{32}
cda20734-6cd4-40a2-86f6-5483f77d8913,214003089,Commune de Sort-en-Chalosse (40),false,{40308},Commune,2026-03-24 14:41:59.705606+01,gold_establishments_2025,,,,21400308900015,2025,Collectivité Territoriale,Commune,['Landes'],['Nouvelle-Aquitaine'],COM,{40},{75}
e1ee2ed7-2672-49f2-8fff-566639d8d5c6,215005786,Commune de Sortosville (50),false,{50578},Commune,2026-03-24 14:42:01.412377+01,gold_establishments_2025,,,,21500578600011,2025,Collectivité Territoriale,Commune,['Manche'],['Normandie'],COM,{50},{28}
3df03a1d-485d-4862-ad72-8e0a77abbf33,215005778,Commune de Sortosville-en-Beaumont (50),false,{50577},Commune,2026-03-24 14:42:01.412377+01,gold_establishments_2025,,,,21500577800018,2025,Collectivité Territoriale,Commune,['Manche'],['Normandie'],COM,{50},{28}
1cce261f-8dd5-4c3b-afca-ed8ba44b18df,216601963,Commune de Sorède (66),false,{66196},Commune,2026-03-24 14:42:06.665412+01,gold_establishments_2025,,,,21660196300012,2025,Collectivité Territoriale,Commune,['Pyrénées-Orientales'],['Occitanie'],COM,{66},{76}
a930d516-4af8-42b5-85fc-0fa68f610967,218102887,Commune de Sorèze (81),false,{81288},Commune,2026-03-24 14:42:09.967209+01,gold_establishments_2025,,,,21810288700013,2025,Collectivité Territoriale,Commune,['Tarn'],['Occitanie'],COM,{81},{76}
c738bb33-b1e5-499f-a34c-ed1c830d4d6a,216504308,Commune de Soréac (65),false,{65430},Commune,2026-03-24 14:42:06.665412+01,gold_establishments_2025,,,,21650430800018,2025,Collectivité Territoriale,Commune,['Hautes-Pyrénées'],['Occitanie'],COM,{65},{76}
f07b98e1-1985-4896-bdfa-9398546ea568,214703027,Commune de Sos (47),false,{47302},Commune,2026-03-24 14:42:00.862623+01,gold_establishments_2025,,,,21470302700018,2025,Collectivité Territoriale,Commune,['Lot-et-Garonne'],['Nouvelle-Aquitaine'],COM,{47},{75}
dee47e59-4d5f-4eee-8003-3e694a1fb4e3,210601365,Commune de Sospel (06),false,{06136},Commune,2026-03-24 14:41:52.562531+01,gold_establishments_2025,,,,21060136500013,2025,Collectivité Territoriale,Commune,['Alpes-Maritimes'],"[""Provence-Alpes-Côte d'Azur""]",COM,{06},{93}
b8b9c3e2-4615-4831-b788-82c7f37d447b,218602654,Commune de Sossais (86),false,{86265},Commune,2026-03-24 14:42:11.118516+01,gold_establishments_2025,,,,21860265400012,2025,Collectivité Territoriale,Commune,['Vienne'],['Nouvelle-Aquitaine'],COM,{86},{75}
de2416ba-f1ee-4f8d-a5e0-f94809f8c641,216504316,Commune de Sost (65),false,{65431},Commune,2026-03-24 14:42:06.665412+01,gold_establishments_2025,,,,21650431600011,2025,Collectivité Territoriale,Commune,['Hautes-Pyrénées'],['Occitanie'],COM,{65},{76}
36ba68c1-5c10-47de-9c9d-b9b3ccdcf7cd,212002885,Commune de Sotta (2A),false,{2A288},Commune,2026-03-24 14:41:57.56054+01,gold_establishments_2025,,,,21200288500011,2025,Collectivité Territoriale,Commune,['Corse-du-Sud'],['Corse'],COM,{2A},{94}
bdf7860a-86a1-4c19-a277-62b98e9cb73e,215005794,Commune de Sottevast (50),false,{50579},Commune,2026-03-24 14:42:01.412377+01,gold_establishments_2025,,,,21500579400015,2025,Collectivité Territoriale,Commune,['Manche'],['Normandie'],COM,{50},{28}
53f0d92e-043c-4de0-9452-f75dc6c10620,215005802,Commune de Sotteville (50),false,{50580},Commune,2026-03-24 14:42:01.412377+01,gold_establishments_2025,,,,21500580200016,2025,Collectivité Territoriale,Commune,['Manche'],['Normandie'],COM,{50},{28}
5a2a6b31-527c-4619-ab17-24784542cea7,217606813,Commune de Sotteville-lès-Rouen (76),false,{76681},Commune,2026-03-24 14:42:08.818969+01,gold_establishments_2025,,,,21760681300012,2025,Collectivité Territoriale,Commune,['Seine-Maritime'],['Normandie'],COM,{76},{28}
fd56ec79-6d06-48af-b0e9-1ff43e6d8c51,217606821,Commune de Sotteville-sous-le-Val (76),false,{76682},Commune,2026-03-24 14:42:08.818969+01,gold_establishments_2025,,,,21760682100015,2025,Collectivité Territoriale,Commune,['Seine-Maritime'],['Normandie'],COM,{76},{28}
75528b0a-f257-4b10-b1b7-0d6480a720f5,217606839,Commune de Sotteville-sur-Mer (76),false,{76683},Commune,2026-03-24 14:42:08.818969+01,gold_establishments_2025,,,,21760683900017,2025,Collectivité Territoriale,Commune,['Seine-Maritime'],['Normandie'],COM,{76},{28}
99d6895c-032d-4237-99b7-535f9660ce1f,214603078,Commune de Soturac (46),false,{46307},Commune,2026-03-24 14:42:00.862623+01,gold_establishments_2025,,,,21460307800012,2025,Collectivité Territoriale,Commune,['Lot'],['Occitanie'],COM,{46},{76}
1b129b81-4827-45f0-aea5-789635b928a8,215706573,Commune de Sotzeling (57),false,{57657},Commune,2026-03-24 14:42:04.280096+01,gold_establishments_2025,,,,21570657300015,2025,Collectivité Territoriale,Commune,['Moselle'],['Grand Est'],COM,{57},{44}
239b586b-c3bb-4f0f-a8d7-93947cb2ee9a,215105149,Commune de Souain-Perthes-lès-Hurlus (51),false,{51553},Commune,2026-03-24 14:42:01.954481+01,gold_establishments_2025,,,,21510514900011,2025,Collectivité Territoriale,Commune,['Marne'],['Grand Est'],COM,{51},{44}
7fc0f008-4655-404e-baa3-3a715eaf29f6,218102895,Commune de Soual (81),false,{81289},Commune,2026-03-24 14:42:09.967209+01,gold_establishments_2025,,,,21810289500016,2025,Collectivité Territoriale,Commune,['Tarn'],['Occitanie'],COM,{81},{76}
edc02418-305b-4d9a-b6c3-7d1c15f4d914,212803787,Commune de Souancé-au-Perche (28),false,{28378},Commune,2026-03-24 14:41:57.028721+01,gold_establishments_2025,,,,21280378700010,2025,Collectivité Territoriale,Commune,['Eure-et-Loir'],['Centre-Val de Loire'],COM,{28},{24}
faef67a6-382b-4e59-8626-941bceb14385,216601971,Commune de Souanyas (66),false,{66197},Commune,2026-03-24 14:42:06.665412+01,gold_establishments_2025,,,,21660197100015,2025,Collectivité Territoriale,Commune,['Pyrénées-Orientales'],['Occitanie'],COM,{66},{76}
9dcf8d27-c7a5-48db-a82a-959c4b83203f,216208009,Commune de Souastre (62),false,{62800},Commune,2026-03-24 14:42:06.130387+01,gold_establishments_2025,,,,21620800900011,2025,Collectivité Territoriale,Commune,['Pas-de-Calais'],['Hauts-de-France'],COM,{62},{32}
06ad186e-688d-4473-a99f-adfc07e679e9,211704291,Commune de Soubise (17),false,{17429},Commune,2026-03-24 14:41:54.903238+01,gold_establishments_2025,,,,21170429100015,2025,Collectivité Territoriale,Commune,['Charente-Maritime'],['Nouvelle-Aquitaine'],COM,{17},{75}
c814f88e-d0c8-482a-9b46-bdf14df5aa56,216504324,Commune de Soublecause (65),false,{65432},Commune,2026-03-24 14:42:06.665412+01,gold_establishments_2025,,,,21650432400015,2025,Collectivité Territoriale,Commune,['Hautes-Pyrénées'],['Occitanie'],COM,{65},{76}
3dff04a9-0dfb-46a0-97ae-ca80e2a6240c,211704309,Commune de Soubran (17),false,{17430},Commune,2026-03-24 14:41:54.903238+01,gold_establishments_2025,,,,21170430900015,2025,Collectivité Territoriale,Commune,['Charente-Maritime'],['Nouvelle-Aquitaine'],COM,{17},{75}
5114f637-0157-47d7-aec7-b2f2bc5b0301,212317309,Commune de Soubrebost (23),false,{23173},Commune,2026-03-24 14:41:55.958138+01,gold_establishments_2025,,,,21231730900012,2025,Collectivité Territoriale,Commune,['Creuse'],['Nouvelle-Aquitaine'],COM,{23},{75}
cdc1204b-28c2-446b-b8e9-589fff41c389,213403041,Commune de Soubès (34),false,{34304},Commune,2026-03-24 14:41:58.620411+01,gold_establishments_2025,,,,21340304100014,2025,Collectivité Territoriale,Commune,['Hérault'],['Occitanie'],COM,{34},{76}
d8d02992-decc-40be-bccc-9e3de27f511b,216208017,Commune de Souchez (62),false,{62801},Commune,2026-03-24 14:42:06.130387+01,gold_establishments_2025,,,,21620801700014,2025,Collectivité Territoriale,Commune,['Pas-de-Calais'],['Hauts-de-France'],COM,{62},{32}
7427d667-6151-40e0-8c52-7aa500beed03,215706581,Commune de Soucht (57),false,{57658},Commune,2026-03-24 14:42:04.280096+01,gold_establishments_2025,,,,21570658100018,2025,Collectivité Territoriale,Commune,['Moselle'],['Grand Est'],COM,{57},{44}
ffb0948c-3188-4608-a385-79123473a419,213905193,Commune de Soucia (39),false,{39519},Commune,2026-03-24 14:41:59.705606+01,gold_establishments_2025,,,,21390519300016,2025,Collectivité Territoriale,Commune,['Jura'],['Bourgogne-Franche-Comté'],COM,{39},{27}
1235a7c4-5ed2-4378-8187-fa532a324c2a,216901769,Commune de Soucieu-en-Jarrest (69),false,{69176},Commune,2026-03-24 14:42:07.195692+01,gold_establishments_2025,,,,21690176900010,2025,Collectivité Territoriale,Commune,['Rhône'],['Auvergne-Rhône-Alpes'],COM,{69},{84}
9acbf1d5-cebe-4117-beff-ae7933e3db2e,214603086,Commune de Soucirac (46),false,{46308},Commune,2026-03-24 14:42:00.862623+01,gold_establishments_2025,,,,21460308600015,2025,Collectivité Territoriale,Commune,['Lot'],['Occitanie'],COM,{46},{76}
088fb1bf-fd53-424b-ac19-6d6307650be4,210104113,Commune de Souclin (01),false,{01411},Commune,2026-03-24 14:41:51.447482+01,gold_establishments_2025,,,,21010411300019,2025,Collectivité Territoriale,Commune,['Ain'],['Auvergne-Rhône-Alpes'],COM,{01},{84}
950bb9ac-2f35-40ef-9000-a3fa7e3056b9,210207023,Commune de Soucy (02),false,{02729},Commune,2026-03-24 14:41:52.020251+01,gold_establishments_2025,,,,21020702300016,2025,Collectivité Territoriale,Commune,['Aisne'],['Hauts-de-France'],COM,{02},{32}
966b7244-57f5-47be-a224-3abd37d4c682,218903995,Commune de Soucy (89),false,{89399},Commune,2026-03-24 14:42:11.659493+01,gold_establishments_2025,,,,21890399500015,2025,Collectivité Territoriale,Commune,['Yonne'],['Bourgogne-Franche-Comté'],COM,{89},{27}
4471d814-fc07-4a94-8706-c27ea2f35fa7,215302613,Commune de Soucé (53),false,{53261},Commune,2026-03-24 14:42:02.957225+01,gold_establishments_2025,,,,21530261300017,2025,Collectivité Territoriale,Commune,['Mayenne'],['Pays de la Loire'],COM,{53},{52}
f22ce336-0dec-4faf-a0d3-d1dae78614dc,211926209,Commune de Soudaine-Lavinadière (19),false,{19262},Commune,2026-03-24 14:41:55.433389+01,gold_establishments_2025,,,,21192620900019,2025,Collectivité Territoriale,Commune,['Corrèze'],['Nouvelle-Aquitaine'],COM,{19},{75}
8fdee98a-f37d-4476-80d0-5fe2941dc276,214401994,Commune de Soudan (44),false,{44199},Commune,2026-03-24 14:42:00.862623+01,gold_establishments_2025,,,,21440199400014,2025,Collectivité Territoriale,Commune,['Loire-Atlantique'],['Pays de la Loire'],COM,{44},{52}
5c9b7a81-2da0-4052-95ef-d614232a0fad,217903160,Commune de Soudan (79),false,{79316},Commune,2026-03-24 14:42:09.43682+01,gold_establishments_2025,,,,21790316000018,2025,Collectivité Territoriale,Commune,['Deux-Sèvres'],['Nouvelle-Aquitaine'],COM,{79},{75}
f644b9eb-35e2-434b-a86e-cc58b6f8ed77,212405419,Commune de Soudat (24),false,{24541},Commune,2026-03-24 14:41:55.958138+01,gold_establishments_2025,,,,21240541900012,2025,Collectivité Territoriale,Commune,['Dordogne'],['Nouvelle-Aquitaine'],COM,{24},{75}
ea351815-a04f-4682-98da-dc6a2e6fc3bf,211926308,Commune de Soudeilles (19),false,{19263},Commune,2026-03-24 14:41:55.433389+01,gold_establishments_2025,,,,21192630800019,2025,Collectivité Territoriale,Commune,['Corrèze'],['Nouvelle-Aquitaine'],COM,{19},{75}
4c6c3d79-714c-4f5b-83dc-8cc338f0455b,213003221,Commune de Soudorgues (30),false,{30322},Commune,2026-03-24 14:41:57.56054+01,gold_establishments_2025,,,,21300322100016,2025,Collectivité Territoriale,Commune,['Gard'],['Occitanie'],COM,{30},{76}
2e4f38bf-5d36-4519-9ab9-ac8f36c0bda6,215105164,Commune de Soudron (51),false,{51556},Commune,2026-03-24 14:42:01.954481+01,gold_establishments_2025,,,,21510516400010,2025,Collectivité Territoriale,Commune,['Marne'],['Grand Est'],COM,{51},{44}
9853d68d-5891-4a19-b6a7-f1dd934e02f4,215105156,Commune de Soudé (51),false,{51555},Commune,2026-03-24 14:42:01.954481+01,gold_establishments_2025,,,,21510515600016,2025,Collectivité Territoriale,Commune,['Marne'],['Grand Est'],COM,{51},{44}
d70199e8-9bfd-4e44-9223-0280ecadc21a,213105505,Commune de Soueich (31),false,{31550},Commune,2026-03-24 14:41:58.09424+01,gold_establishments_2025,,,,21310550500019,2025,Collectivité Territoriale,Commune,['Haute-Garonne'],['Occitanie'],COM,{31},{76}
460dfd2a-9030-4145-ba6c-6006d88c88c7,210902995,Commune de Soueix-Rogalle (09),false,{09299},Commune,2026-03-24 14:41:53.095366+01,gold_establishments_2025,,,,21090299500013,2025,Collectivité Territoriale,Commune,['Ariège'],['Occitanie'],COM,{09},{76}
d327821c-f660-4bbf-adfe-30d52e628f10,218102903,Commune de Souel (81),false,{81290},Commune,2026-03-24 14:42:09.967209+01,gold_establishments_2025,,,,21810290300018,2025,Collectivité Territoriale,Commune,['Tarn'],['Occitanie'],COM,{81},{76}
f0d577fb-f440-4935-8bd0-d3ba710e670e,216504332,Commune de Soues (65),false,{65433},Commune,2026-03-24 14:42:06.665412+01,gold_establishments_2025,,,,21650433200018,2025,Collectivité Territoriale,Commune,['Hautes-Pyrénées'],['Occitanie'],COM,{65},{76}
73272043-bcb4-4edc-ad6a-77401d017b87,218006922,Commune de Soues (80),false,{80738},Commune,2026-03-24 14:42:09.967209+01,gold_establishments_2025,,,,21800692200015,2025,Collectivité Territoriale,Commune,['Somme'],['Hauts-de-France'],COM,{80},{32}
9a14ef0c-87bb-456b-9c74-4d53b8d3fb8c,214102493,Commune de Souesmes (41),false,{41249},Commune,2026-03-24 14:42:00.273698+01,gold_establishments_2025,,,,21410249300019,2025,Collectivité Territoriale,Commune,['Loir-et-Cher'],['Centre-Val de Loire'],COM,{41},{24}
6d67adb8-33d8-40b5-8515-87c80c17c6a2,216704718,Commune de Souffelweyersheim (67),false,{67471},Commune,2026-03-24 14:42:07.195692+01,gold_establishments_2025,,,,21670471800016,2025,Collectivité Territoriale,Commune,['Bas-Rhin'],['Grand Est'],COM,{67},{44}
6bbce737-e930-42b4-b7e6-e2deb96832ca,216704726,Commune de Soufflenheim (67),false,{67472},Commune,2026-03-24 14:42:07.195692+01,gold_establishments_2025,,,,21670472600019,2025,Collectivité Territoriale,Commune,['Bas-Rhin'],['Grand Est'],COM,{67},{44}
e8ed08b0-5ab2-4641-a07c-7d8faa5a8656,211603725,Commune de Souffrignac (16),false,{16372},Commune,2026-03-24 14:41:54.362296+01,gold_establishments_2025,,,,21160372500014,2025,Collectivité Territoriale,Commune,['Charente'],['Nouvelle-Aquitaine'],COM,{16},{75}
b3051a7d-378f-4cd7-9fc4-2403573969f8,213503295,Commune de Sougeal (35),false,{35329},Commune,2026-03-24 14:41:59.160244+01,gold_establishments_2025,,,,21350329500015,2025,Collectivité Territoriale,Commune,['Ille-et-Vilaine'],['Bretagne'],COM,{35},{53}
edb04f0c-48d9-4815-99e9-036742679f81,211103817,Commune de Sougraigne (11),false,{11381},Commune,2026-03-24 14:41:53.63825+01,gold_establishments_2025,,,,21110381700014,2025,Collectivité Territoriale,Commune,['Aude'],['Occitanie'],COM,{11},{76}
bbfdf942-485e-4ad8-9e47-e0562fd7af81,214503138,Commune de Sougy (45),false,{45313},Commune,2026-03-24 14:42:00.862623+01,gold_establishments_2025,,,,21450313800015,2025,Collectivité Territoriale,Commune,['Loiret'],['Centre-Val de Loire'],COM,{45},{24}
b2f25922-dcbb-4d79-8acd-c882d4e1b99e,215802802,Commune de Sougy-sur-Loire (58),false,{58280},Commune,2026-03-24 14:42:04.280096+01,gold_establishments_2025,,,,21580280200011,2025,Collectivité Territoriale,Commune,['Nièvre'],['Bourgogne-Franche-Comté'],COM,{58},{27}
f69405d2-1895-4a46-953a-bec885daf057,218904001,Commune de Sougères-en-Puisaye (89),false,{89400},Commune,2026-03-24 14:42:11.659493+01,gold_establishments_2025,,,,21890400100011,2025,Collectivité Territoriale,Commune,['Yonne'],['Bourgogne-Franche-Comté'],COM,{89},{27}
dd4163ed-5fa7-433e-8785-a85909770c99,213602188,Commune de Sougé (36),false,{36218},Commune,2026-03-24 14:41:59.160244+01,gold_establishments_2025,,,,21360218800012,2025,Collectivité Territoriale,Commune,['Indre'],['Centre-Val de Loire'],COM,{36},{24}
a2a56a7e-4ad3-4d0f-afbc-9bb17f510793,214102501,Commune de Sougé (41),false,{41250},Commune,2026-03-24 14:42:00.273698+01,gold_establishments_2025,,,,21410250100050,2025,Collectivité Territoriale,Commune,['Loir-et-Cher'],['Centre-Val de Loire'],COM,{41},{24}
0b9a5cc1-2d22-4e2a-933d-2a3a89e76a79,217203371,Commune de Sougé-le-Ganelon (72),false,{72337},Commune,2026-03-24 14:42:08.279287+01,gold_establishments_2025,,,,21720337100018,2025,Collectivité Territoriale,Commune,['Sarthe'],['Pays de la Loire'],COM,{72},{52}
4277e931-b64d-48be-984a-adba39e76f28,212106124,Commune de Souhey (21),false,{21612},Commune,2026-03-24 14:41:55.433389+01,gold_establishments_2025,,,,21210612400010,2025,Collectivité Territoriale,Commune,"[""Côte-d'Or""]",['Bourgogne-Franche-Comté'],COM,{21},{27}
f0e539f6-c250-4898-992d-c36e5777b365,211103825,Commune de Souilhanels (11),false,{11382},Commune,2026-03-24 14:41:53.63825+01,gold_establishments_2025,,,,21110382500017,2025,Collectivité Territoriale,Commune,['Aude'],['Occitanie'],COM,{11},{76}
fbfbda63-2820-45c8-a9d7-ea9fcb28e11e,211103833,Commune de Souilhe (11),false,{11383},Commune,2026-03-24 14:41:53.63825+01,gold_establishments_2025,,,,21110383300011,2025,Collectivité Territoriale,Commune,['Aude'],['Occitanie'],COM,{11},{76}
e57037bc-1446-466e-8f01-43fc3d979b45,214603094,Commune de Souillac (46),false,{46309},Commune,2026-03-24 14:42:00.862623+01,gold_establishments_2025,,,,21460309400019,2025,Collectivité Territoriale,Commune,['Lot'],['Occitanie'],COM,{46},{76}
7b42d8a3-2a05-48c1-b6f3-7a38a016f2bc,215504986,Commune de Souilly (55),false,{55498},Commune,2026-03-24 14:42:03.701372+01,gold_establishments_2025,,,,21550498600013,2025,Collectivité Territoriale,Commune,['Meuse'],['Grand Est'],COM,{55},{44}
7ad8cc48-a432-48c7-a1d4-45989053f395,217203389,Commune de Souillé (72),false,{72338},Commune,2026-03-24 14:42:08.279287+01,gold_establishments_2025,,,,21720338900010,2025,Collectivité Territoriale,Commune,['Sarthe'],['Pays de la Loire'],COM,{72},{52}
e5c4e6cb-96f7-46ea-90aa-b2ace6146b68,210903001,Commune de Soula (09),false,{09300},Commune,2026-03-24 14:41:53.095366+01,gold_establishments_2025,,,,21090300100019,2025,Collectivité Territoriale,Commune,['Ariège'],['Occitanie'],COM,{09},{76}
0a82ab7a-d9ff-4f40-b078-65a307d9b486,213305147,Commune de Soulac-sur-Mer (33),false,{33514},Commune,2026-03-24 14:41:58.620411+01,gold_establishments_2025,,,,21330514700018,2025,Collectivité Territoriale,Commune,['Gironde'],['Nouvelle-Aquitaine'],COM,{33},{75}
06b457c8-ace8-4993-aa89-eafa3c700070,211502299,Commune de Soulages (15),false,{15229},Commune,2026-03-24 14:41:54.362296+01,gold_establishments_2025,,,,21150229900012,2025,Collectivité Territoriale,Commune,['Cantal'],['Auvergne-Rhône-Alpes'],COM,{15},{84}
18988a99-78f6-4f88-b6c4-8e83ab512cd9,211202734,Commune de Soulages-Bonneval (12),false,{12273},Commune,2026-03-24 14:41:53.63825+01,gold_establishments_2025,,,,21120273400011,2025,Collectivité Territoriale,Commune,['Aveyron'],['Occitanie'],COM,{12},{76}
e3aaa5a3-8526-4e8f-8fdd-3f23b9d3635f,211003611,Commune de Soulaines-Dhuys (10),false,{10372},Commune,2026-03-24 14:41:53.095366+01,gold_establishments_2025,,,,21100361100012,2025,Collectivité Territoriale,Commune,['Aube'],['Grand Est'],COM,{10},{44}
4643fc3a-6dc6-4ea0-b8ba-84f33a5b5680,214903387,Commune de Soulaines-sur-Aubance (49),false,{49338},Commune,2026-03-24 14:42:01.412377+01,gold_establishments_2025,,,,21490338700014,2025,Collectivité Territoriale,Commune,['Maine-et-Loire'],['Pays de la Loire'],COM,{49},{52}
d6ba82a1-712b-4c11-8969-6c4fb17587a2,214903395,Commune de Soulaire-et-Bourg (49),false,{49339},Commune,2026-03-24 14:42:01.412377+01,gold_establishments_2025,,,,21490339500017,2025,Collectivité Territoriale,Commune,['Maine-et-Loire'],['Pays de la Loire'],COM,{49},{52}
50577c58-c864-41e1-a92a-bafad8be7c57,212803795,Commune de Soulaires (28),false,{28379},Commune,2026-03-24 14:41:57.028721+01,gold_establishments_2025,,,,21280379500013,2025,Collectivité Territoriale,Commune,['Eure-et-Loir'],['Centre-Val de Loire'],COM,{28},{24}
adbf9023-ed7f-47f5-a482-3ac502342286,210903019,Commune de Soulan (09),false,{09301},Commune,2026-03-24 14:41:53.095366+01,gold_establishments_2025,,,,21090301900011,2025,Collectivité Territoriale,Commune,['Ariège'],['Occitanie'],COM,{09},{76}
9e91bdcc-7697-42f3-b9c8-3f36492a2736,215105172,Commune de Soulanges (51),false,{51557},Commune,2026-03-24 14:42:01.954481+01,gold_establishments_2025,,,,21510517200013,2025,Collectivité Territoriale,Commune,['Marne'],['Grand Est'],COM,{51},{44}
5af9c690-d0cf-40f4-a5c3-406f31beb97b,211802533,Commune de Soulangis (18),false,{18253},Commune,2026-03-24 14:41:54.903238+01,gold_establishments_2025,,,,21180253300011,2025,Collectivité Territoriale,Commune,['Cher'],['Centre-Val de Loire'],COM,{18},{24}
5848f8f7-f372-41b9-8f60-a1c7a55e3147,211406772,Commune de Soulangy (14),false,{14677},Commune,2026-03-24 14:41:54.362296+01,gold_establishments_2025,,,,21140677200015,2025,Collectivité Territoriale,Commune,['Calvados'],['Normandie'],COM,{14},{28}
1e1e3d31-5eaa-4f2d-976d-b07e5033a08c,211103841,Commune de Soulatgé (11),false,{11384},Commune,2026-03-24 14:41:53.63825+01,gold_establishments_2025,,,,21110384100014,2025,Collectivité Territoriale,Commune,['Aude'],['Occitanie'],COM,{11},{76}
0311c038-52f6-4135-8bbb-96ac03272f3b,215203431,Commune de Soulaucourt-sur-Mouzon (52),false,{52482},Commune,2026-03-24 14:42:01.954481+01,gold_establishments_2025,,,,21520343100014,2025,Collectivité Territoriale,Commune,['Haute-Marne'],['Grand Est'],COM,{52},{44}
6f604b20-f398-4279-a71a-f6d7a6b9bb8c,212405427,Commune de Soulaures (24),false,{24542},Commune,2026-03-24 14:41:55.958138+01,gold_establishments_2025,,,,21240542700015,2025,Collectivité Territoriale,Commune,['Dordogne'],['Nouvelle-Aquitaine'],COM,{24},{75}
527600f1-e50d-4b18-bb08-bbdd60a4ae38,212505515,Commune de Soulce-Cernay (25),false,{25551},Commune,2026-03-24 14:41:56.495197+01,gold_establishments_2025,,,,21250551500016,2025,Collectivité Territoriale,Commune,['Doubs'],['Bourgogne-Franche-Comté'],COM,{25},{27}
b5f44bb4-fd1d-4fc8-81eb-0a94f3ede94a,200056869,Commune de Souleuvre en Bocage (14),false,{14061},Commune,2026-03-24 14:41:53.63825+01,gold_establishments_2025,,,,20005686900015,2025,Collectivité Territoriale,Commune,['Calvados'],['Normandie'],COM,{14},{28}
27360885-0a1e-4219-ad0e-9b6f01f11953,215302621,Commune de Soulgé-sur-Ouette (53),false,{53262},Commune,2026-03-24 14:42:02.957225+01,gold_establishments_2025,,,,21530262100051,2025,Collectivité Territoriale,Commune,['Mayenne'],['Pays de la Loire'],COM,{53},{52}
6f08f1f6-1db6-41f7-994f-a1763b027b26,213305154,Commune de Soulignac (33),false,{33515},Commune,2026-03-24 14:41:58.620411+01,gold_establishments_2025,,,,21330515400014,2025,Collectivité Territoriale,Commune,['Gironde'],['Nouvelle-Aquitaine'],COM,{33},{75}
99a860cc-f7b6-4c16-92c6-51bee6861920,211704317,Commune de Soulignonne (17),false,{17431},Commune,2026-03-24 14:41:54.903238+01,gold_establishments_2025,,,,21170431700018,2025,Collectivité Territoriale,Commune,['Charente-Maritime'],['Nouvelle-Aquitaine'],COM,{17},{75}
44d8f893-2bfe-4c61-a1dc-603c074d0071,211003629,Commune de Souligny (10),false,{10373},Commune,2026-03-24 14:41:53.095366+01,gold_establishments_2025,,,,21100362900014,2025,Collectivité Territoriale,Commune,['Aube'],['Grand Est'],COM,{10},{44}
d667d24b-fbec-4af8-9246-1cf207704e0b,217203397,Commune de Souligné-Flacé (72),false,{72339},Commune,2026-03-24 14:42:08.279287+01,gold_establishments_2025,,,,21720339700013,2025,Collectivité Territoriale,Commune,['Sarthe'],['Pays de la Loire'],COM,{72},{52}
c2328900-a0f8-4327-b8ed-8c9b52a31c38,217203405,Commune de Souligné-sous-Ballon (72),false,{72340},Commune,2026-03-24 14:42:08.279287+01,gold_establishments_2025,,,,21720340500014,2025,Collectivité Territoriale,Commune,['Sarthe'],['Pays de la Loire'],COM,{72},{52}
dd49b651-58be-422d-8530-460784732434,217203413,Commune de Soulitré (72),false,{72341},Commune,2026-03-24 14:42:08.279287+01,gold_establishments_2025,,,,21720341300018,2025,Collectivité Territoriale,Commune,['Sarthe'],['Pays de la Loire'],COM,{72},{52}
6b3a9d06-9a50-4965-9d14-9e540f2287df,215105180,Commune de Soulières (51),false,{51558},Commune,2026-03-24 14:42:01.954481+01,gold_establishments_2025,,,,21510518000016,2025,Collectivité Territoriale,Commune,['Marne'],['Grand Est'],COM,{51},{44}
b2e1fb3d-cd08-45d3-a984-cd0a9409c3e0,218502847,Commune de Soullans (85),false,{85284},Commune,2026-03-24 14:42:10.508772+01,gold_establishments_2025,,,,21850284700013,2025,Collectivité Territoriale,Commune,['Vendée'],['Pays de la Loire'],COM,{85},{52}
3e4b91d3-a52e-4664-8f53-068e8094c783,216504357,Commune de Soulom (65),false,{65435},Commune,2026-03-24 14:42:06.665412+01,gold_establishments_2025,,,,21650435700015,2025,Collectivité Territoriale,Commune,['Hautes-Pyrénées'],['Occitanie'],COM,{65},{76}
e7d40e89-40c0-4e8c-b11a-a887bb9d3ca0,214603102,Commune de Soulomès (46),false,{46310},Commune,2026-03-24 14:42:00.862623+01,gold_establishments_2025,,,,21460310200010,2025,Collectivité Territoriale,Commune,['Lot'],['Occitanie'],COM,{46},{76}
3c52b086-2972-4982-bdf7-cd3c9c34a607,218804607,Commune de Soulosse-sous-Saint-Élophe (88),false,{88460},Commune,2026-03-24 14:42:11.118516+01,gold_establishments_2025,,,,21880460700016,2025,Collectivité Territoriale,Commune,['Vosges'],['Grand Est'],COM,{88},{44}
1569a9c3-3d4a-41b9-852a-bb3d03dca4e5,216803155,Commune de Soultz-Haut-Rhin (68),false,{68315},Commune,2026-03-24 14:42:07.195692+01,gold_establishments_2025,,,,21680315500011,2025,Collectivité Territoriale,Commune,['Haut-Rhin'],['Grand Est'],COM,{68},{44}
f1ad77fc-482c-4a09-882b-1025b4913f69,216704734,Commune de Soultz-les-Bains (67),false,{67473},Commune,2026-03-24 14:42:07.195692+01,gold_establishments_2025,,,,21670473400013,2025,Collectivité Territoriale,Commune,['Bas-Rhin'],['Grand Est'],COM,{67},{44}
734418ca-3268-4a84-8f60-20b4b857c0d7,216704742,Commune de Soultz-sous-Forêts (67),false,{67474},Commune,2026-03-24 14:42:07.195692+01,gold_establishments_2025,,,,21670474200016,2025,Collectivité Territoriale,Commune,['Bas-Rhin'],['Grand Est'],COM,{67},{44}
c63cb330-e332-4f86-9125-5dcbfa58c322,216803163,Commune de Soultzbach-les-Bains (68),false,{68316},Commune,2026-03-24 14:42:07.195692+01,gold_establishments_2025,,,,21680316300015,2025,Collectivité Territoriale,Commune,['Haut-Rhin'],['Grand Est'],COM,{68},{44}
2f52efe8-c00a-4746-8fe6-17a9a24519c3,216803171,Commune de Soultzeren (68),false,{68317},Commune,2026-03-24 14:42:07.195692+01,gold_establishments_2025,,,,21680317100018,2025,Collectivité Territoriale,Commune,['Haut-Rhin'],['Grand Est'],COM,{68},{44}
6cf8f7ea-b985-4404-91a7-5003285f48ea,216803189,Commune de Soultzmatt (68),false,{68318},Commune,2026-03-24 14:42:07.195692+01,gold_establishments_2025,,,,21680318900010,2025,Collectivité Territoriale,Commune,['Haut-Rhin'],['Grand Est'],COM,{68},{44}
ee420ed8-c0e1-4284-862f-b787ff855034,214402000,Commune de Soulvache (44),false,{44200},Commune,2026-03-24 14:42:00.862623+01,gold_establishments_2025,,,,21440200000019,2025,Collectivité Territoriale,Commune,['Loire-Atlantique'],['Pays de la Loire'],COM,{44},{52}
f684af41-790a-4d67-80a7-440829f513ab,218904027,Commune de Soumaintrain (89),false,{89402},Commune,2026-03-24 14:42:11.659493+01,gold_establishments_2025,,,,21890402700016,2025,Collectivité Territoriale,Commune,['Yonne'],['Bourgogne-Franche-Comté'],COM,{89},{27}
704d1357-ad3b-4249-8b5f-466d264efd90,212317408,Commune de Soumans (23),false,{23174},Commune,2026-03-24 14:41:55.958138+01,gold_establishments_2025,,,,21231740800012,2025,Collectivité Territoriale,Commune,['Creuse'],['Nouvelle-Aquitaine'],COM,{23},{75}
663c2438-f7a4-4966-b590-41286b5fa5d5,214703035,Commune de Soumensac (47),false,{47303},Commune,2026-03-24 14:42:00.862623+01,gold_establishments_2025,,,,21470303500011,2025,Collectivité Territoriale,Commune,['Lot-et-Garonne'],['Nouvelle-Aquitaine'],COM,{47},{75}
ec1c6cb1-49c5-4416-a632-a7c82880d73d,213403066,Commune de Soumont (34),false,{34306},Commune,2026-03-24 14:41:58.620411+01,gold_establishments_2025,,,,21340306600011,2025,Collectivité Territoriale,Commune,['Hérault'],['Occitanie'],COM,{34},{76}
1b627da5-035e-41e9-90bc-239abf5fe3f9,211406780,Commune de Soumont-Saint-Quentin (14),false,{14678},Commune,2026-03-24 14:41:54.362296+01,gold_establishments_2025,,,,21140678000018,2025,Collectivité Territoriale,Commune,['Calvados'],['Normandie'],COM,{14},{28}
41adb48e-c3a8-4b27-be80-783b4e759c2b,216405266,Commune de Soumoulou (64),false,{64526},Commune,2026-03-24 14:42:06.665412+01,gold_establishments_2025,,,,21640526600018,2025,Collectivité Territoriale,Commune,['Pyrénées-Atlantiques'],['Nouvelle-Aquitaine'],COM,{64},{75}
86ff8891-5719-411c-a04f-53a30766cde4,211704325,Commune de Souméras (17),false,{17432},Commune,2026-03-24 14:41:54.903238+01,gold_establishments_2025,,,,21170432500011,2025,Collectivité Territoriale,Commune,['Charente-Maritime'],['Nouvelle-Aquitaine'],COM,{17},{75}
a4846e1a-f2b5-4ae1-82ff-50585b28a9f0,211103858,Commune de Soupex (11),false,{11385},Commune,2026-03-24 14:41:53.63825+01,gold_establishments_2025,,,,21110385800018,2025,Collectivité Territoriale,Commune,['Aude'],['Occitanie'],COM,{11},{76}
44ea71d1-7a01-48d1-b3ec-f9947aa240dd,210207031,Commune de Soupir (02),false,{02730},Commune,2026-03-24 14:41:52.020251+01,gold_establishments_2025,,,,21020703100019,2025,Collectivité Territoriale,Commune,['Aisne'],['Hauts-de-France'],COM,{02},{32}
ea41044a-ce9d-48b5-a531-1e5b04d236d1,217704584,Commune de Souppes-sur-Loing (77),false,{77458},Commune,2026-03-24 14:42:09.43682+01,gold_establishments_2025,,,,21770458400010,2025,Collectivité Territoriale,Commune,['Seine-et-Marne'],['Île-de-France'],COM,{77},{11}
d2243311-f96e-4e84-aa1f-a016f30fd4c2,214003097,Commune de Souprosse (40),false,{40309},Commune,2026-03-24 14:41:59.705606+01,gold_establishments_2025,,,,21400309700018,2025,Collectivité Territoriale,Commune,['Landes'],['Nouvelle-Aquitaine'],COM,{40},{75}
b6b7a2cc-0d89-4c78-b646-856862cea7f4,212505523,Commune de Sourans (25),false,{25552},Commune,2026-03-24 14:41:56.495197+01,gold_establishments_2025,,,,21250552300010,2025,Collectivité Territoriale,Commune,['Doubs'],['Bourgogne-Franche-Comté'],COM,{25},{27}
f62fb74c-25e2-4338-8709-c9beffeffc37,216405274,Commune de Souraïde (64),false,{64527},Commune,2026-03-24 14:42:06.665412+01,gold_establishments_2025,,,,21640527400012,2025,Collectivité Territoriale,Commune,['Pyrénées-Atlantiques'],['Nouvelle-Aquitaine'],COM,{64},{75}
df9c8571-2822-4a72-a584-c3b70ec5be1f,200018695,Commune de Source-Seine (21),false,{21084},Commune,2026-03-24 14:41:55.433389+01,gold_establishments_2025,,,,20001869500011,2025,Collectivité Territoriale,Commune,"[""Côte-d'Or""]",['Bourgogne-Franche-Comté'],COM,{21},{27}
ba178684-a89b-4c5c-b60c-72353c3a9d6a,216901777,Commune de Sourcieux-les-Mines (69),false,{69177},Commune,2026-03-24 14:42:07.195692+01,gold_establishments_2025,,,,21690177700013,2025,Collectivité Territoriale,Commune,['Rhône'],['Auvergne-Rhône-Alpes'],COM,{69},{84}
c5b4d1bc-11ce-4942-8178-265ca53cd5c4,200059541,Commune de Sourdeval (50),false,{50582},Commune,2026-03-24 14:42:01.412377+01,gold_establishments_2025,,,,20005954100017,2025,Collectivité Territoriale,Commune,['Manche'],['Normandie'],COM,{50},{28}
e21462cc-a9d4-4f0b-a324-b9c3cbd41c60,218006930,Commune de Sourdon (80),false,{80740},Commune,2026-03-24 14:42:09.967209+01,gold_establishments_2025,,,,21800693000018,2025,Collectivité Territoriale,Commune,['Somme'],['Hauts-de-France'],COM,{80},{32}
4df78e3d-5e66-435a-b84e-5c4cc8421d37,217704592,Commune de Sourdun (77),false,{77459},Commune,2026-03-24 14:42:09.43682+01,gold_establishments_2025,,,,21770459200013,2025,Collectivité Territoriale,Commune,['Seine-et-Marne'],['Île-de-France'],COM,{77},{11}
1d12ec30-a83e-4414-af3f-7d4d37e3f429,216601989,Commune de Sournia (66),false,{66198},Commune,2026-03-24 14:42:06.665412+01,gold_establishments_2025,,,,21660198900017,2025,Collectivité Territoriale,Commune,['Pyrénées-Orientales'],['Occitanie'],COM,{66},{76}
56b3771b-19b0-4d6f-a994-e44bda81ddc5,211502307,Commune de Sourniac (15),false,{15230},Commune,2026-03-24 14:41:54.362296+01,gold_establishments_2025,,,,21150230700013,2025,Collectivité Territoriale,Commune,['Cantal'],['Auvergne-Rhône-Alpes'],COM,{15},{84}
be46abc5-c85b-443c-ab61-e91e4d273240,210402111,Commune de Sourribes (04),false,{04211},Commune,2026-03-24 14:41:52.562531+01,gold_establishments_2025,,,,21040211100012,2025,Collectivité Territoriale,Commune,['Alpes-de-Haute-Provence'],"[""Provence-Alpes-Côte d'Azur""]",COM,{04},{93}
66401046-ae25-4a8d-b2b3-48dfd999cc38,212803803,Commune de Sours (28),false,{28380},Commune,2026-03-24 14:41:57.028721+01,gold_establishments_2025,,,,21280380300015,2025,Collectivité Territoriale,Commune,['Eure-et-Loir'],['Centre-Val de Loire'],COM,{28},{24}
e93f3b08-de9d-49cd-9b3a-cebc77513c1e,211926407,Commune de Soursac (19),false,{19264},Commune,2026-03-24 14:41:55.433389+01,gold_establishments_2025,,,,21192640700019,2025,Collectivité Territoriale,Commune,['Corrèze'],['Nouvelle-Aquitaine'],COM,{19},{75}
2233a6ab-c535-4dec-9c51-682be77aa371,212405435,Commune de Sourzac (24),false,{24543},Commune,2026-03-24 14:41:55.958138+01,gold_establishments_2025,,,,21240543500018,2025,Collectivité Territoriale,Commune,['Dordogne'],['Nouvelle-Aquitaine'],COM,{24},{75}
aad6cde0-6fce-4488-9429-0e6eceb1596f,212317507,Commune de Sous-Parsat (23),false,{23175},Commune,2026-03-24 14:41:55.958138+01,gold_establishments_2025,,,,21231750700011,2025,Collectivité Territoriale,Commune,['Creuse'],['Nouvelle-Aquitaine'],COM,{23},{75}
b4dd6f2d-2e39-4cd1-8e89-dcdf69182d03,200054971,Commune de Sousceyrac-en-Quercy (46),false,{46311},Commune,2026-03-24 14:42:00.862623+01,gold_establishments_2025,,,,20005497100011,2025,Collectivité Territoriale,Commune,['Lot'],['Occitanie'],COM,{46},{76}
b352bde7-56de-480f-819a-957a801f0048,211704333,Commune de Sousmoulins (17),false,{17433},Commune,2026-03-24 14:41:54.903238+01,gold_establishments_2025,,,,21170433300015,2025,Collectivité Territoriale,Commune,['Charente-Maritime'],['Nouvelle-Aquitaine'],COM,{17},{75}
343ed3ab-2044-42c4-a867-6db151b6de08,212603435,Commune de Souspierre (26),false,{26343},Commune,2026-03-24 14:41:56.495197+01,gold_establishments_2025,,,,21260343500018,2025,Collectivité Territoriale,Commune,['Drôme'],['Auvergne-Rhône-Alpes'],COM,{26},{84}
ddd9d9f0-99a3-4d1a-8179-62d7b7940f69,213305162,Commune de Soussac (33),false,{33516},Commune,2026-03-24 14:41:58.620411+01,gold_establishments_2025,,,,21330516200017,2025,Collectivité Territoriale,Commune,['Gironde'],['Nouvelle-Aquitaine'],COM,{33},{75}
f45b53be-e9d5-4eb0-ae4a-524dcf363db9,213305170,Commune de Soussans (33),false,{33517},Commune,2026-03-24 14:41:58.620411+01,gold_establishments_2025,,,,21330517000010,2025,Collectivité Territoriale,Commune,['Gironde'],['Nouvelle-Aquitaine'],COM,{33},{75}
b3d970d2-844d-4bce-bf06-14dd5dcbb833,212106132,Commune de Soussey-sur-Brionne (21),false,{21613},Commune,2026-03-24 14:41:55.433389+01,gold_establishments_2025,,,,21210613200013,2025,Collectivité Territoriale,Commune,"[""Côte-d'Or""]",['Bourgogne-Franche-Comté'],COM,{21},{27}
f812bfcc-e696-401a-90d3-5f1eca0aa915,213003239,Commune de Soustelle (30),false,{30323},Commune,2026-03-24 14:41:57.56054+01,gold_establishments_2025,,,,21300323900018,2025,Collectivité Territoriale,Commune,['Gard'],['Occitanie'],COM,{30},{76}
9f4f8e9a-3ded-476e-84b4-57e217f265d0,214003105,Commune de Soustons (40),false,{40310},Commune,2026-03-24 14:41:59.705606+01,gold_establishments_2025,,,,21400310500019,2025,Collectivité Territoriale,Commune,['Landes'],['Nouvelle-Aquitaine'],COM,{40},{75}
7d299b6d-e5d2-468f-bf8f-55e74990ea0c,213804974,Commune de Sousville (38),false,{38497},Commune,2026-03-24 14:41:59.705606+01,gold_establishments_2025,,,,21380497400011,2025,Collectivité Territoriale,Commune,['Isère'],['Auvergne-Rhône-Alpes'],COM,{38},{84}
0cc80dc5-b7bc-4e16-9646-24f31bd8be68,214203036,Commune de Souternon (42),false,{42303},Commune,2026-03-24 14:42:00.273698+01,gold_establishments_2025,,,,21420303600014,2025,Collectivité Territoriale,Commune,['Loire'],['Auvergne-Rhône-Alpes'],COM,{42},{84}
9042537a-11b7-494c-820b-b0259e28395d,213905201,Commune de Souvans (39),false,{39520},Commune,2026-03-24 14:41:59.705606+01,gold_establishments_2025,,,,21390520100017,2025,Collectivité Territoriale,Commune,['Jura'],['Bourgogne-Franche-Comté'],COM,{39},{27}
03e7b533-efe6-4716-99a7-dd38e2957806,213003247,Commune de Souvignargues (30),false,{30324},Commune,2026-03-24 14:41:57.56054+01,gold_establishments_2025,,,,21300324700011,2025,Collectivité Territoriale,Commune,['Gard'],['Occitanie'],COM,{30},{76}
e7b10bfd-7bbc-46f3-bace-5ba6abfbf070,210302758,Commune de Souvigny (03),false,{03275},Commune,2026-03-24 14:41:52.020251+01,gold_establishments_2025,,,,21030275800011,2025,Collectivité Territoriale,Commune,['Allier'],['Auvergne-Rhône-Alpes'],COM,{03},{84}
3c7a08a7-ac0d-4536-b1f2-ee6757e1c652,213702525,Commune de Souvigny-de-Touraine (37),false,{37252},Commune,2026-03-24 14:41:59.160244+01,gold_establishments_2025,,,,21370252500014,2025,Collectivité Territoriale,Commune,['Indre-et-Loire'],['Centre-Val de Loire'],COM,{37},{24}
f8cfe697-69e4-4572-8a74-1a08da486088,214102519,Commune de Souvigny-en-Sologne (41),false,{41251},Commune,2026-03-24 14:42:00.273698+01,gold_establishments_2025,,,,21410251900011,2025,Collectivité Territoriale,Commune,['Loir-et-Cher'],['Centre-Val de Loire'],COM,{41},{24}
aa101fd0-b130-4b78-aef7-2d3819a606f0,211603733,Commune de Souvigné (16),false,{16373},Commune,2026-03-24 14:41:54.362296+01,gold_establishments_2025,,,,21160373300018,2025,Collectivité Territoriale,Commune,['Charente'],['Nouvelle-Aquitaine'],COM,{16},{75}
cc6b3b94-f957-47b1-ace8-aed074630286,213702517,Commune de Souvigné (37),false,{37251},Commune,2026-03-24 14:41:59.160244+01,gold_establishments_2025,,,,21370251700011,2025,Collectivité Territoriale,Commune,['Indre-et-Loire'],['Centre-Val de Loire'],COM,{37},{24}
4e9b27cb-856f-45ce-87c8-35d8450d6afa,217903194,Commune de Souvigné (79),false,{79319},Commune,2026-03-24 14:42:09.43682+01,gold_establishments_2025,,,,21790319400017,2025,Collectivité Territoriale,Commune,['Deux-Sèvres'],['Nouvelle-Aquitaine'],COM,{79},{75}
c32df4c0-8de7-4ace-b7a1-14ed5fa3a571,217203421,Commune de Souvigné-sur-Même (72),false,{72342},Commune,2026-03-24 14:42:08.279287+01,gold_establishments_2025,,,,21720342100011,2025,Collectivité Territoriale,Commune,['Sarthe'],['Pays de la Loire'],COM,{72},{52}
9daff2dd-2b97-4663-9093-3bbd9368ff21,217203439,Commune de Souvigné-sur-Sarthe (72),false,{72343},Commune,2026-03-24 14:42:08.279287+01,gold_establishments_2025,,,,21720343900013,2025,Collectivité Territoriale,Commune,['Sarthe'],['Pays de la Loire'],COM,{72},{52}
eabd77db-ef5e-485b-afea-9103da783087,216504365,Commune de Souyeaux (65),false,{65436},Commune,2026-03-24 14:42:06.665412+01,gold_establishments_2025,,,,21650436500018,2025,Collectivité Territoriale,Commune,['Hautes-Pyrénées'],['Occitanie'],COM,{65},{76}
c2eecb5c-6b62-4cd9-b5f5-5d6557e9d2f9,214903411,Commune de Souzay-Champigny (49),false,{49341},Commune,2026-03-24 14:42:01.412377+01,gold_establishments_2025,,,,21490341100012,2025,Collectivité Territoriale,Commune,['Maine-et-Loire'],['Pays de la Loire'],COM,{49},{52}
17a3225a-70ef-4ad2-b56c-8fd07fb0ad55,216901785,Commune de Souzy (69),false,{69178},Commune,2026-03-24 14:42:07.195692+01,gold_establishments_2025,,,,21690178500016,2025,Collectivité Territoriale,Commune,['Rhône'],['Auvergne-Rhône-Alpes'],COM,{69},{84}
a467b1f6-17fa-4aa2-8712-8555b0cefdd4,219106028,Commune de Souzy-la-Briche (91),false,{91602},Commune,2026-03-24 14:42:11.659493+01,gold_establishments_2025,,,,21910602800018,2025,Collectivité Territoriale,Commune,['Essonne'],['Île-de-France'],COM,{91},{11}
98ae278e-a92c-4ad6-b971-75380f834285,212002893,Commune de Soveria (2B),false,{2B289},Commune,2026-03-24 14:41:57.56054+01,gold_establishments_2025,,,,21200289300015,2025,Collectivité Territoriale,Commune,['Haute-Corse'],['Corse'],COM,{2B},{94}
c1836174-31a3-490b-a504-6d1df4e92f21,212603443,Commune de Soyans (26),false,{26344},Commune,2026-03-24 14:41:56.495197+01,gold_establishments_2025,,,,21260344300012,2025,Collectivité Territoriale,Commune,['Drôme'],['Auvergne-Rhône-Alpes'],COM,{26},{84}
3592dce1-dcc2-430a-9200-c6a05e49fb28,211603741,Commune de Soyaux (16),false,{16374},Commune,2026-03-24 14:41:54.362296+01,gold_establishments_2025,,,,21160374100011,2025,Collectivité Territoriale,Commune,['Charente'],['Nouvelle-Aquitaine'],COM,{16},{75}
57adb2e3-8682-4b02-98d5-83194cb5e8d7,212505531,Commune de Soye (25),false,{25553},Commune,2026-03-24 14:41:56.495197+01,gold_establishments_2025,,,,21250553100013,2025,Collectivité Territoriale,Commune,['Doubs'],['Bourgogne-Franche-Comté'],COM,{25},{27}
19824f36-cf19-4941-8773-c02fdd6c2f20,211802541,Commune de Soye-en-Septaine (18),false,{18254},Commune,2026-03-24 14:41:54.903238+01,gold_establishments_2025,,,,21180254100014,2025,Collectivité Territoriale,Commune,['Cher'],['Centre-Val de Loire'],COM,{18},{24}
0ec63cbc-40b2-4aac-8c34-88a3049603e0,215203449,Commune de Soyers (52),false,{52483},Commune,2026-03-24 14:42:01.954481+01,gold_establishments_2025,,,,21520344900016,2025,Collectivité Territoriale,Commune,['Haute-Marne'],['Grand Est'],COM,{52},{44}
bfe70a88-a829-4762-9fe1-8e78374a100f,210703161,Commune de Soyons (07),false,{07316},Commune,2026-03-24 14:41:52.562531+01,gold_establishments_2025,,,,21070316100013,2025,Collectivité Territoriale,Commune,['Ardèche'],['Auvergne-Rhône-Alpes'],COM,{07},{84}
236b944f-25ac-4095-bce5-67454705c883,218006948,Commune de Soyécourt (80),false,{80741},Commune,2026-03-24 14:42:09.967209+01,gold_establishments_2025,,,,21800694800010,2025,Collectivité Territoriale,Commune,['Somme'],['Hauts-de-France'],COM,{80},{32}
5c04d9d0-e565-4410-b7a9-7a00349cb615,216704759,Commune de Sparsbach (67),false,{67475},Commune,2026-03-24 14:42:07.195692+01,gold_establishments_2025,,,,21670475900010,2025,Collectivité Territoriale,Commune,['Bas-Rhin'],['Grand Est'],COM,{67},{44}
0a395a5e-6815-44f2-a262-25b44aa93835,217203447,Commune de Spay (72),false,{72344},Commune,2026-03-24 14:42:08.279287+01,gold_establishments_2025,,,,21720344700016,2025,Collectivité Territoriale,Commune,['Sarthe'],['Pays de la Loire'],COM,{72},{52}
04bd9c92-ad4c-43f3-9027-494ab91af37e,200055713,Commune de Spechbach (68),false,{68320},Commune,2026-03-24 14:42:07.195692+01,gold_establishments_2025,,,,20005571300016,2025,Collectivité Territoriale,Commune,['Haut-Rhin'],['Grand Est'],COM,{68},{44}
ed265e69-5c77-4e14-bbfc-c065c3f3a467,212002901,Commune de Speloncato (2B),false,{2B290},Commune,2026-03-24 14:41:57.56054+01,gold_establishments_2025,,,,21200290100016,2025,Collectivité Territoriale,Commune,['Haute-Corse'],['Corse'],COM,{2B},{94}
d0e21898-4767-484c-be92-35849fdf2e21,215706599,Commune de Spicheren (57),false,{57659},Commune,2026-03-24 14:42:04.280096+01,gold_establishments_2025,,,,21570659900085,2025,Collectivité Territoriale,Commune,['Moselle'],['Grand Est'],COM,{57},{44}
666976c5-eb94-412a-a7e3-7c19eb4ed48d,215505009,Commune de Spincourt (55),false,{55500},Commune,2026-03-24 14:42:03.701372+01,gold_establishments_2025,,,,21550500900013,2025,Collectivité Territoriale,Commune,['Meuse'],['Grand Est'],COM,{55},{44}
011a7fe3-0a15-4d22-9c82-2da697b8c676,215405119,Commune de Sponville (54),false,{54511},Commune,2026-03-24 14:42:02.957225+01,gold_establishments_2025,,,,21540511900011,2025,Collectivité Territoriale,Commune,['Meurthe-et-Moselle'],['Grand Est'],COM,{54},{44}
44435766-80e7-43af-ad89-ea15f64edf55,211003637,Commune de Spoy (10),false,{10374},Commune,2026-03-24 14:41:53.095366+01,gold_establishments_2025,,,,21100363700017,2025,Collectivité Territoriale,Commune,['Aube'],['Grand Est'],COM,{10},{44}
d5af8007-6bf8-4bd5-8e1c-f647d341fc3f,212106140,Commune de Spoy (21),false,{21614},Commune,2026-03-24 14:41:55.433389+01,gold_establishments_2025,,,,21210614000016,2025,Collectivité Territoriale,Commune,"[""Côte-d'Or""]",['Bourgogne-Franche-Comté'],COM,{21},{27}
1b4692b5-fe81-4368-a1d6-41865587ff19,215905761,Commune de Spycker (59),false,{59576},Commune,2026-03-24 14:42:04.814328+01,gold_establishments_2025,,,,21590576100015,2025,Collectivité Territoriale,Commune,['Nord'],['Hauts-de-France'],COM,{59},{32}
dc3bad3d-4bc4-4068-b136-9b0a94ef9e8d,210601373,Commune de Spéracèdes (06),false,{06137},Commune,2026-03-24 14:41:52.562531+01,gold_establishments_2025,,,,21060137300017,2025,Collectivité Territoriale,Commune,['Alpes-Maritimes'],"[""Provence-Alpes-Côte d'Azur""]",COM,{06},{93}
2d8048ad-625a-4bf9-b547-ace40e0efff4,212902787,Commune de Spézet (29),false,{29278},Commune,2026-03-24 14:41:57.56054+01,gold_establishments_2025,,,,21290278700010,2025,Collectivité Territoriale,Commune,['Finistère'],['Bretagne'],COM,{29},{53}
909422f5-905d-4227-8f0e-ab74cca7579c,212203384,Commune de Squiffiec (22),false,{22338},Commune,2026-03-24 14:41:55.958138+01,gold_establishments_2025,,,,21220338400012,2025,Collectivité Territoriale,Commune,"[""Côtes-d'Armor""]",['Bretagne'],COM,{22},{53}
2f80b18c-6f74-4903-ac8b-71a0c28d5214,216803213,Commune de Staffelfelden (68),false,{68321},Commune,2026-03-24 14:42:07.195692+01,gold_establishments_2025,,,,21680321300018,2025,Collectivité Territoriale,Commune,['Haut-Rhin'],['Grand Est'],COM,{68},{44}
9c137e25-5a0f-4d7e-a236-6c77bea9bd36,219300720,Commune de Stains (93),false,{93072},Commune,2026-03-24 14:42:11.659493+01,gold_establishments_2025,,,,21930072000014,2025,Collectivité Territoriale,Commune,['Seine-Saint-Denis'],['Île-de-France'],COM,{93},{11}
5b36b865-f221-4cfa-860c-d1b60e7fa0b1,215505017,Commune de Stainville (55),false,{55501},Commune,2026-03-24 14:42:03.701372+01,gold_establishments_2025,,,,21550501700016,2025,Collectivité Territoriale,Commune,['Meuse'],['Grand Est'],COM,{55},{44}
9bdb2041-1412-4c45-8e6d-2897be032c14,215905779,Commune de Staple (59),false,{59577},Commune,2026-03-24 14:42:04.814328+01,gold_establishments_2025,,,,21590577900017,2025,Collectivité Territoriale,Commune,['Nord'],['Hauts-de-France'],COM,{59},{32}
8b72b85b-3c7b-4b52-b043-d5b17a3db82c,216704767,Commune de Stattmatten (67),false,{67476},Commune,2026-03-24 14:42:07.195692+01,gold_establishments_2025,,,,21670476700013,2025,Collectivité Territoriale,Commune,['Bas-Rhin'],['Grand Est'],COM,{67},{44}
70b19b23-28bc-4382-9936-d619eddf1283,212002919,Commune de Stazzona (2B),false,{2B291},Commune,2026-03-24 14:41:57.56054+01,gold_establishments_2025,,,,21200291900018,2025,Collectivité Territoriale,Commune,['Haute-Corse'],['Corse'],COM,{2B},{94}
3e18c98e-85d4-4133-b38a-cca4f351a5bd,215905787,Commune de Steenbecque (59),false,{59578},Commune,2026-03-24 14:42:04.814328+01,gold_establishments_2025,,,,21590578700010,2025,Collectivité Territoriale,Commune,['Nord'],['Hauts-de-France'],COM,{59},{32}
4b5a6f35-dffc-4a53-a514-df3337d02959,215905795,Commune de Steene (59),false,{59579},Commune,2026-03-24 14:42:04.814328+01,gold_establishments_2025,,,,21590579500013,2025,Collectivité Territoriale,Commune,['Nord'],['Hauts-de-France'],COM,{59},{32}
e9fa93f3-2db0-44db-b4ff-5fc42d87e7c0,215905803,Commune de Steenvoorde (59),false,{59580},Commune,2026-03-24 14:42:04.814328+01,gold_establishments_2025,,,,21590580300015,2025,Collectivité Territoriale,Commune,['Nord'],['Hauts-de-France'],COM,{59},{32}
e6d54bf7-567e-46e0-b9d8-6fef6cdef36c,215905811,Commune de Steenwerck (59),false,{59581},Commune,2026-03-24 14:42:04.814328+01,gold_establishments_2025,,,,21590581100018,2025,Collectivité Territoriale,Commune,['Nord'],['Hauts-de-France'],COM,{59},{32}
d51cec16-b989-4249-b514-69275070e57b,216704775,Commune de Steige (67),false,{67477},Commune,2026-03-24 14:42:07.195692+01,gold_establishments_2025,,,,21670477500016,2025,Collectivité Territoriale,Commune,['Bas-Rhin'],['Grand Est'],COM,{67},{44}
7846cc9e-1db6-432e-aa6b-e02fc36d7fae,216803221,Commune de Steinbach (68),false,{68322},Commune,2026-03-24 14:42:07.195692+01,gold_establishments_2025,,,,21680322100011,2025,Collectivité Territoriale,Commune,['Haut-Rhin'],['Grand Est'],COM,{68},{44}
c652e5b2-a70e-4785-a67f-ffa5df186e2d,216704783,Commune de Steinbourg (67),false,{67478},Commune,2026-03-24 14:42:07.195692+01,gold_establishments_2025,,,,21670478300010,2025,Collectivité Territoriale,Commune,['Bas-Rhin'],['Grand Est'],COM,{67},{44}
07e7fca0-22aa-4158-8c90-b20b1072a8f4,216803239,Commune de Steinbrunn-le-Bas (68),false,{68323},Commune,2026-03-24 14:42:07.195692+01,gold_establishments_2025,,,,21680323900013,2025,Collectivité Territoriale,Commune,['Haut-Rhin'],['Grand Est'],COM,{68},{44}
5c9f4f52-8d7e-48f3-b723-8fd5c086b8cf,216803247,Commune de Steinbrunn-le-Haut (68),false,{68324},Commune,2026-03-24 14:42:07.195692+01,gold_establishments_2025,,,,21680324700016,2025,Collectivité Territoriale,Commune,['Haut-Rhin'],['Grand Est'],COM,{68},{44}
b83011e7-0ae0-4b6a-aa08-6fcbf03f47a8,216704791,Commune de Steinseltz (67),false,{67479},Commune,2026-03-24 14:42:07.195692+01,gold_establishments_2025,,,,21670479100013,2025,Collectivité Territoriale,Commune,['Bas-Rhin'],['Grand Est'],COM,{67},{44}
20c62611-f4b4-44cc-942d-0081ce39bd59,216803254,Commune de Steinsoultz (68),false,{68325},Commune,2026-03-24 14:42:07.195692+01,gold_establishments_2025,,,,21680325400012,2025,Collectivité Territoriale,Commune,['Haut-Rhin'],['Grand Est'],COM,{68},{44}
e81fa84b-59c0-413b-be02-606ce3c4bda3,215505025,Commune de Stenay (55),false,{55502},Commune,2026-03-24 14:42:03.701372+01,gold_establishments_2025,,,,21550502500019,2025,Collectivité Territoriale,Commune,['Meuse'],['Grand Est'],COM,{55},{44}
f96a10fb-e7bd-4a29-91e9-af7420cf4f01,216803262,Commune de Sternenberg (68),false,{68326},Commune,2026-03-24 14:42:07.195692+01,gold_establishments_2025,,,,21680326200015,2025,Collectivité Territoriale,Commune,['Haut-Rhin'],['Grand Est'],COM,{68},{44}
1de759ff-4a2d-41bd-94b0-84af0ceab770,216803270,Commune de Stetten (68),false,{68327},Commune,2026-03-24 14:42:07.195692+01,gold_establishments_2025,,,,21680327000018,2025,Collectivité Territoriale,Commune,['Haut-Rhin'],['Grand Est'],COM,{68},{44}
4aca41bd-1970-401b-bbc6-0572e7978055,218904035,Commune de Stigny (89),false,{89403},Commune,2026-03-24 14:42:11.659493+01,gold_establishments_2025,,,,21890403500019,2025,Collectivité Territoriale,Commune,['Yonne'],['Bourgogne-Franche-Comté'],COM,{89},{27}
23e0d387-613d-4978-a75c-da9a94c2bf46,216704809,Commune de Still (67),false,{67480},Commune,2026-03-24 14:42:07.195692+01,gold_establishments_2025,,,,21670480900013,2025,Collectivité Territoriale,Commune,['Bas-Rhin'],['Grand Est'],COM,{67},{44}
908fc80c-848f-4391-bfec-7999ade589ff,215706607,Commune de Stiring-Wendel (57),false,{57660},Commune,2026-03-24 14:42:04.280096+01,gold_establishments_2025,,,,21570660700011,2025,Collectivité Territoriale,Commune,['Moselle'],['Grand Est'],COM,{57},{44}
08895df1-6d7c-465c-a7f3-e73ba3703d15,210803912,Commune de Stonne (08),false,{08430},Commune,2026-03-24 14:41:53.095366+01,gold_establishments_2025,,,,21080391200018,2025,Collectivité Territoriale,Commune,['Ardennes'],['Grand Est'],COM,{08},{44}
60cf1439-73d2-48be-90b9-1f6e210d78ad,216803288,Commune de Storckensohn (68),false,{68328},Commune,2026-03-24 14:42:07.195692+01,gold_establishments_2025,,,,21680328800010,2025,Collectivité Territoriale,Commune,['Haut-Rhin'],['Grand Est'],COM,{68},{44}
f83df3f1-3f67-4ea7-ae32-810a6b6e6e0c,216803296,Commune de Stosswihr (68),false,{68329},Commune,2026-03-24 14:42:07.195692+01,gold_establishments_2025,,,,21680329600013,2025,Collectivité Territoriale,Commune,['Haut-Rhin'],['Grand Est'],COM,{68},{44}
a2cbd630-4c18-43fd-96ea-092da618c22c,216704817,Commune de Stotzheim (67),false,{67481},Commune,2026-03-24 14:42:07.195692+01,gold_establishments_2025,,,,21670481700016,2025,Collectivité Territoriale,Commune,['Bas-Rhin'],['Grand Est'],COM,{67},{44}
9edf647b-24ca-4d8d-86d7-9cca6c2696b9,216704825,Commune de Strasbourg (67),false,{67482},Commune,2026-03-24 14:42:07.195692+01,gold_establishments_2025,,,,21670482500019,2025,Collectivité Territoriale,Commune,['Bas-Rhin'],['Grand Est'],COM,{67},{44}
032967fb-ca48-4d8d-88b9-148f416efe72,215905829,Commune de Strazeele (59),false,{59582},Commune,2026-03-24 14:42:04.814328+01,gold_establishments_2025,,,,21590582900010,2025,Collectivité Territoriale,Commune,['Nord'],['Hauts-de-France'],COM,{59},{32}
4fe2dab3-8118-47bc-97af-9cfebfc8a36e,214603128,Commune de Strenquels (46),false,{46312},Commune,2026-03-24 14:42:00.862623+01,gold_establishments_2025,,,,21460312800015,2025,Collectivité Territoriale,Commune,['Lot'],['Occitanie'],COM,{46},{76}
1a967449-70ba-40e9-9fa2-1bf0e0b1ed29,216803304,Commune de Strueth (68),false,{68330},Commune,2026-03-24 14:42:07.195692+01,gold_establishments_2025,,,,21680330400015,2025,Collectivité Territoriale,Commune,['Haut-Rhin'],['Grand Est'],COM,{68},{44}
a8a65ace-0fdc-41ad-89b8-436d981d1cb1,216704833,Commune de Struth (67),false,{67483},Commune,2026-03-24 14:42:07.195692+01,gold_establishments_2025,,,,21670483300013,2025,Collectivité Territoriale,Commune,['Bas-Rhin'],['Grand Est'],COM,{67},{44}
7ed4f797-7eeb-4f19-9727-2969daed42a1,215708637,Commune de Stuckange (57),false,{57767},Commune,2026-03-24 14:42:04.280096+01,gold_establishments_2025,,,,21570863700065,2025,Collectivité Territoriale,Commune,['Moselle'],['Grand Est'],COM,{57},{44}
607cb5fb-7ff4-47cf-9fba-b106e975596e,216704841,Commune de Stundwiller (67),false,{67484},Commune,2026-03-24 14:42:07.195692+01,gold_establishments_2025,,,,21670484100016,2025,Collectivité Territoriale,Commune,['Bas-Rhin'],['Grand Est'],COM,{67},{44}
ed6e51a7-356b-4da8-9d54-87cf755dfa51,215706615,Commune de Sturzelbronn (57),false,{57661},Commune,2026-03-24 14:42:04.280096+01,gold_establishments_2025,,,,21570661500014,2025,Collectivité Territoriale,Commune,['Moselle'],['Grand Est'],COM,{57},{44}
33d61c3c-546a-4fda-95c1-9ce3761dd609,216704858,Commune de Stutzheim-Offenheim (67),false,{67485},Commune,2026-03-24 14:42:07.195692+01,gold_establishments_2025,,,,21670485800010,2025,Collectivité Territoriale,Commune,['Bas-Rhin'],['Grand Est'],COM,{67},{44}
706e88ac-3ea5-4475-bbf2-9bf83bbb54a8,219000957,Commune de Suarce (90),false,{90095},Commune,2026-03-24 14:42:11.659493+01,gold_establishments_2025,,,,21900095700015,2025,Collectivité Territoriale,Commune,['Territoire de Belfort'],['Bourgogne-Franche-Comté'],COM,{90},{27}
b04dc971-507b-4d10-9bcd-d861b1a08a00,211603758,Commune de Suaux (16),false,{16375},Commune,2026-03-24 14:41:54.362296+01,gold_establishments_2025,,,,21160375800015,2025,Collectivité Territoriale,Commune,['Charente'],['Nouvelle-Aquitaine'],COM,{16},{75}
09e952bf-e17f-4c30-8658-f78b4f8c672c,213702533,Commune de Sublaines (37),false,{37253},Commune,2026-03-24 14:41:59.160244+01,gold_establishments_2025,,,,21370253300018,2025,Collectivité Territoriale,Commune,['Indre-et-Loire'],['Centre-Val de Loire'],COM,{37},{24}
4494b2f1-ffd5-453d-80b1-92a7e242d3c7,211406798,Commune de Subles (14),false,{14679},Commune,2026-03-24 14:41:54.362296+01,gold_establishments_2025,,,,21140679800010,2025,Collectivité Territoriale,Commune,['Calvados'],['Normandie'],COM,{14},{28}
d3bc5a6a-9a43-475f-aa67-624a9ec007e2,211802566,Commune de Subligny (18),false,{18256},Commune,2026-03-24 14:41:54.903238+01,gold_establishments_2025,,,,21180256600011,2025,Collectivité Territoriale,Commune,['Cher'],['Centre-Val de Loire'],COM,{18},{24}
59382013-2636-4f9b-9a27-882e8afded9d,215005844,Commune de Subligny (50),false,{50584},Commune,2026-03-24 14:42:01.412377+01,gold_establishments_2025,,,,21500584400018,2025,Collectivité Territoriale,Commune,['Manche'],['Normandie'],COM,{50},{28}
98a25cf1-f081-4f41-9066-43e1b80b18bc,218904043,Commune de Subligny (89),false,{89404},Commune,2026-03-24 14:42:11.659493+01,gold_establishments_2025,,,,21890404300013,2025,Collectivité Territoriale,Commune,['Yonne'],['Bourgogne-Franche-Comté'],COM,{89},{27}
67a77a82-577e-460e-8d36-e03d884acf09,213804982,Commune de Succieu (38),false,{38498},Commune,2026-03-24 14:41:59.705606+01,gold_establishments_2025,,,,21380498200014,2025,Collectivité Territoriale,Commune,['Isère'],['Auvergne-Rhône-Alpes'],COM,{38},{84}
85a0e9cc-204c-4236-a991-7e2099685c90,219400710,Commune de Sucy-en-Brie (94),false,{94071},Commune,2026-03-24 14:42:11.659493+01,gold_establishments_2025,,,,21940071000014,2025,Collectivité Territoriale,Commune,['Val-de-Marne'],['Île-de-France'],COM,{94},{11}
595a01fc-e4cc-4301-91be-ee113a2e076b,214402018,Commune de Sucé-sur-Erdre (44),false,{44201},Commune,2026-03-24 14:42:00.862623+01,gold_establishments_2025,,,,21440201800011,2025,Collectivité Territoriale,Commune,['Loire-Atlantique'],['Pays de la Loire'],COM,{44},{52}
806d076e-408e-4698-966a-6b7822f1ac72,210803920,Commune de Sugny (08),false,{08431},Commune,2026-03-24 14:41:53.095366+01,gold_establishments_2025,,,,21080392000011,2025,Collectivité Territoriale,Commune,['Ardennes'],['Grand Est'],COM,{08},{44}
508f0405-4474-45ab-a0d4-d4f67a525386,216304238,Commune de Sugères (63),false,{63423},Commune,2026-03-24 14:42:06.130387+01,gold_establishments_2025,,,,21630423800019,2025,Collectivité Territoriale,Commune,['Puy-de-Dôme'],['Auvergne-Rhône-Alpes'],COM,{63},{84}
63577612-7e68-42a5-98b5-fec61f933855,216405282,Commune de Suhescun (64),false,{64528},Commune,2026-03-24 14:42:06.665412+01,gold_establishments_2025,,,,21640528200015,2025,Collectivité Territoriale,Commune,['Pyrénées-Atlantiques'],['Nouvelle-Aquitaine'],COM,{64},{75}
91e8eec5-78d7-4c55-b0e4-081c7ab516b4,215802810,Commune de Suilly-la-Tour (58),false,{58281},Commune,2026-03-24 14:42:04.280096+01,gold_establishments_2025,,,,21580281000014,2025,Collectivité Territoriale,Commune,['Nièvre'],['Bourgogne-Franche-Comté'],COM,{58},{27}
7155edbe-415f-43e9-9280-8ec1787fe4b7,217105295,Commune de Suin (71),false,{71529},Commune,2026-03-24 14:42:08.279287+01,gold_establishments_2025,,,,21710529500018,2025,Collectivité Territoriale,Commune,['Saône-et-Loire'],['Bourgogne-Franche-Comté'],COM,{71},{27}
0ae68b89-2184-438c-97ba-c6ecf7d865ff,215105198,Commune de Suippes (51),false,{51559},Commune,2026-03-24 14:42:01.954481+01,gold_establishments_2025,,,,21510519800125,2025,Collectivité Territoriale,Commune,['Marne'],['Grand Est'],COM,{51},{44}
6c76459f-6278-4dc1-9a46-82be78a9cc9a,215706623,Commune de Suisse (57),false,{57662},Commune,2026-03-24 14:42:04.280096+01,gold_establishments_2025,,,,21570662300018,2025,Collectivité Territoriale,Commune,['Moselle'],['Grand Est'],COM,{57},{44}
b35f4de4-1c51-4671-b2a9-77fe19800460,215105206,Commune de Suizy-le-Franc (51),false,{51560},Commune,2026-03-24 14:42:01.954481+01,gold_establishments_2025,,,,21510520600019,2025,Collectivité Territoriale,Commune,['Marne'],['Grand Est'],COM,{51},{44}
e920be29-e163-41bb-addb-9d71a9382f11,210104121,Commune de Sulignat (01),false,{01412},Commune,2026-03-24 14:41:51.447482+01,gold_establishments_2025,,,,21010412100012,2025,Collectivité Territoriale,Commune,['Ain'],['Auvergne-Rhône-Alpes'],COM,{01},{84}
81181045-4d12-44bb-8597-baba61358187,211406806,Commune de Sully (14),false,{14680},Commune,2026-03-24 14:41:54.362296+01,gold_establishments_2025,,,,21140680600011,2025,Collectivité Territoriale,Commune,['Calvados'],['Normandie'],COM,{14},{28}
b5c78f54-6b0f-452a-8970-fcab25b8981e,216006155,Commune de Sully (60),false,{60624},Commune,2026-03-24 14:42:04.814328+01,gold_establishments_2025,,,,21600615500016,2025,Collectivité Territoriale,Commune,['Oise'],['Hauts-de-France'],COM,{60},{32}
2c02e590-3a40-497d-b074-acc97088abff,217105303,Commune de Sully (71),false,{71530},Commune,2026-03-24 14:42:08.279287+01,gold_establishments_2025,,,,21710530300010,2025,Collectivité Territoriale,Commune,['Saône-et-Loire'],['Bourgogne-Franche-Comté'],COM,{71},{27}
87efb526-9d9c-47fa-8913-9559120d2d1e,214503146,Commune de Sully-la-Chapelle (45),false,{45314},Commune,2026-03-24 14:42:00.862623+01,gold_establishments_2025,,,,21450314600042,2025,Collectivité Territoriale,Commune,['Loiret'],['Centre-Val de Loire'],COM,{45},{24}
fbe8fe2d-579a-486e-bb04-7fae5e413130,214503153,Commune de Sully-sur-Loire (45),false,{45315},Commune,2026-03-24 14:42:00.862623+01,gold_establishments_2025,,,,21450315300014,2025,Collectivité Territoriale,Commune,['Loiret'],['Centre-Val de Loire'],COM,{45},{24}
c41db778-58c1-4b58-ab60-5ee1d8da003c,215602475,Commune de Sulniac (56),false,{56247},Commune,2026-03-24 14:42:03.701372+01,gold_establishments_2025,,,,21560247500018,2025,Collectivité Territoriale,Commune,['Morbihan'],['Bretagne'],COM,{56},{53}
ac4d4f4e-9656-4bd7-b84c-f5f002124d23,213003254,Commune de Sumène (30),false,{30325},Commune,2026-03-24 14:41:57.56054+01,gold_establishments_2025,,,,21300325400017,2025,Collectivité Territoriale,Commune,['Gard'],['Occitanie'],COM,{30},{76}
6b7d269a-f040-40a6-ae3d-748ae94de24d,216803312,Commune de Sundhoffen (68),false,{68331},Commune,2026-03-24 14:42:07.195692+01,gold_establishments_2025,,,,21680331200018,2025,Collectivité Territoriale,Commune,['Haut-Rhin'],['Grand Est'],COM,{68},{44}
96cfadce-0b72-4fb5-b2ef-8f09ba3e0c16,216704866,Commune de Sundhouse (67),false,{67486},Commune,2026-03-24 14:42:07.195692+01,gold_establishments_2025,,,,21670486600013,2025,Collectivité Territoriale,Commune,['Bas-Rhin'],['Grand Est'],COM,{67},{44}
49592f2b-27d0-45cc-9340-2d6d10f1bb90,213905227,Commune de Supt (39),false,{39522},Commune,2026-03-24 14:41:59.705606+01,gold_establishments_2025,,,,21390522700012,2025,Collectivité Territoriale,Commune,['Jura'],['Bourgogne-Franche-Comté'],COM,{39},{27}
0117e8f2-6165-4960-9f71-3b9846e54084,216304246,Commune de Surat (63),false,{63424},Commune,2026-03-24 14:42:06.130387+01,gold_establishments_2025,,,,21630424600012,2025,Collectivité Territoriale,Commune,['Puy-de-Dôme'],['Auvergne-Rhône-Alpes'],COM,{63},{84}
6d17bd0b-100b-428c-8d1a-a1cd1734e789,210903035,Commune de Surba (09),false,{09303},Commune,2026-03-24 14:41:53.095366+01,gold_establishments_2025,,,,21090303500017,2025,Collectivité Territoriale,Commune,['Ariège'],['Occitanie'],COM,{09},{76}
2807388d-015e-4229-ac30-2081c53d6d3d,216704874,Commune de Surbourg (67),false,{67487},Commune,2026-03-24 14:42:07.195692+01,gold_establishments_2025,,,,21670487400017,2025,Collectivité Territoriale,Commune,['Bas-Rhin'],['Grand Est'],COM,{67},{44}
dbb3595b-c09c-4c23-8556-524f01a2e694,218006955,Commune de Surcamps (80),false,{80742},Commune,2026-03-24 14:42:09.967209+01,gold_establishments_2025,,,,21800695500015,2025,Collectivité Territoriale,Commune,['Somme'],['Hauts-de-France'],COM,{80},{32}
7b57d102-1434-45a5-8398-0d4d72610e2b,218719300,Commune de Surdoux (87),false,{87193},Commune,2026-03-24 14:42:11.118516+01,gold_establishments_2025,,,,21871930000012,2025,Collectivité Territoriale,Commune,['Haute-Vienne'],['Nouvelle-Aquitaine'],COM,{87},{75}
4b262b50-eca1-47bb-9a45-34e072ba1da2,219200730,Commune de Suresnes (92),false,{92073},Commune,2026-03-24 14:42:11.659493+01,gold_establishments_2025,,,,21920073000014,2025,Collectivité Territoriale,Commune,['Hauts-de-Seine'],['Île-de-France'],COM,{92},{11}
23f6fac6-3848-4539-bc3f-9dc28f887f2e,217203454,Commune de Surfonds (72),false,{72345},Commune,2026-03-24 14:42:08.279287+01,gold_establishments_2025,,,,21720345400046,2025,Collectivité Territoriale,Commune,['Sarthe'],['Pays de la Loire'],COM,{72},{52}
195c1ddc-169a-40ce-8c67-e166090c0285,210207056,Commune de Surfontaine (02),false,{02732},Commune,2026-03-24 14:41:52.020251+01,gold_establishments_2025,,,,21020705600016,2025,Collectivité Territoriale,Commune,['Aisne'],['Hauts-de-France'],COM,{02},{32}
9b8c0776-2c91-448a-b6f2-fd6d325d540d,215802828,Commune de Surgy (58),false,{58282},Commune,2026-03-24 14:42:04.280096+01,gold_establishments_2025,,,,21580282800016,2025,Collectivité Territoriale,Commune,['Nièvre'],['Bourgogne-Franche-Comté'],COM,{58},{27}
d6d9090b-c862-4e8b-9ea2-93b7887ba027,211704341,Commune de Surgères (17),false,{17434},Commune,2026-03-24 14:41:54.903238+01,gold_establishments_2025,,,,21170434100018,2025,Collectivité Territoriale,Commune,['Charente-Maritime'],['Nouvelle-Aquitaine'],COM,{17},{75}
3d066de1-5e1f-4f30-96d3-79d5c1599140,218804615,Commune de Suriauville (88),false,{88461},Commune,2026-03-24 14:42:11.118516+01,gold_establishments_2025,,,,21880461500019,2025,Collectivité Territoriale,Commune,['Vosges'],['Grand Est'],COM,{88},{44}
4d1031d2-3b7e-45af-9157-c8c47bf68c98,217903202,Commune de Surin (79),false,{79320},Commune,2026-03-24 14:42:09.43682+01,gold_establishments_2025,,,,21790320200018,2025,Collectivité Territoriale,Commune,['Deux-Sèvres'],['Nouvelle-Aquitaine'],COM,{79},{75}
ae5c1faf-3fc0-4ca3-b4f8-5dddebf03bbe,218602662,Commune de Surin (86),false,{86266},Commune,2026-03-24 14:42:11.118516+01,gold_establishments_2025,,,,21860266200015,2025,Collectivité Territoriale,Commune,['Vienne'],['Nouvelle-Aquitaine'],COM,{86},{75}
8ddf97ed-dd62-410b-8e02-e8fe29571fde,200085306,Commune de Surjoux-Lhopital (01),false,{01215},Commune,2026-03-24 14:41:51.447482+01,gold_establishments_2025,,,,20008530600013,2025,Collectivité Territoriale,Commune,['Ain'],['Auvergne-Rhône-Alpes'],COM,{01},{84}
12f11825-5e39-49d4-b069-6cb26b7cd36d,212505549,Commune de Surmont (25),false,{25554},Commune,2026-03-24 14:41:56.495197+01,gold_establishments_2025,,,,21250554900015,2025,Collectivité Territoriale,Commune,['Doubs'],['Bourgogne-Franche-Comté'],COM,{25},{27}
098e396b-74d1-4317-b8c3-c998c8dc33eb,216208033,Commune de Surques (62),false,{62803},Commune,2026-03-24 14:42:06.130387+01,gold_establishments_2025,,,,21620803300045,2025,Collectivité Territoriale,Commune,['Pas-de-Calais'],['Hauts-de-France'],COM,{62},{32}
67b7feb8-217d-484c-a642-6d9fca1dc364,211406814,Commune de Surrain (14),false,{14681},Commune,2026-03-24 14:41:54.362296+01,gold_establishments_2025,,,,21140681400015,2025,Collectivité Territoriale,Commune,['Calvados'],['Normandie'],COM,{14},{28}
25d01259-1a92-4e3e-9029-a0efcdaf4583,215005851,Commune de Surtainville (50),false,{50585},Commune,2026-03-24 14:42:01.412377+01,gold_establishments_2025,,,,21500585100054,2025,Collectivité Territoriale,Commune,['Manche'],['Normandie'],COM,{50},{28}
35a18948-c522-478c-bde1-cad2f61f7511,212706238,Commune de Surtauville (27),false,{27623},Commune,2026-03-24 14:41:57.028721+01,gold_establishments_2025,,,,21270623800012,2025,Collectivité Territoriale,Commune,['Eure'],['Normandie'],COM,{27},{28}
fe44ee5f-91d2-4ebd-b371-31c20a5f8b71,211406822,Commune de Surville (14),false,{14682},Commune,2026-03-24 14:41:54.362296+01,gold_establishments_2025,,,,21140682200018,2025,Collectivité Territoriale,Commune,['Calvados'],['Normandie'],COM,{14},{28}
11b1d618-3130-470a-a37b-9ac9e8b649e7,212706246,Commune de Surville (27),false,{27624},Commune,2026-03-24 14:41:57.028721+01,gold_establishments_2025,,,,21270624600015,2025,Collectivité Territoriale,Commune,['Eure'],['Normandie'],COM,{27},{28}
e97fe6af-bdcc-42b3-8357-4ceec5173c2f,219506045,Commune de Survilliers (95),false,{95604},Commune,2026-03-24 14:42:11.659493+01,gold_establishments_2025,,,,21950604500018,2025,Collectivité Territoriale,Commune,"[""Val-d'Oise""]",['Île-de-France'],COM,{95},{11}
dac41d91-efc9-4b6e-b3ae-e2126e9904b4,210803938,Commune de Sury (08),false,{08432},Commune,2026-03-24 14:41:53.095366+01,gold_establishments_2025,,,,21080393800013,2025,Collectivité Territoriale,Commune,['Ardennes'],['Grand Est'],COM,{08},{44}
f855b99f-f245-4f0c-81bb-b6aab7852578,214503161,Commune de Sury-aux-Bois (45),false,{45316},Commune,2026-03-24 14:42:00.862623+01,gold_establishments_2025,,,,21450316100017,2025,Collectivité Territoriale,Commune,['Loiret'],['Centre-Val de Loire'],COM,{45},{24}
ec64f89a-1a31-41b0-bfad-43743775360f,211802582,Commune de Sury-en-Vaux (18),false,{18258},Commune,2026-03-24 14:41:54.903238+01,gold_establishments_2025,,,,21180258200018,2025,Collectivité Territoriale,Commune,['Cher'],['Centre-Val de Loire'],COM,{18},{24}
c93aa5dc-f0a9-400f-8b4f-387558552f3a,214203044,Commune de Sury-le-Comtal (42),false,{42304},Commune,2026-03-24 14:42:00.273698+01,gold_establishments_2025,,,,21420304400018,2025,Collectivité Territoriale,Commune,['Loire'],['Auvergne-Rhône-Alpes'],COM,{42},{84}
ce0fce17-eeef-4852-a1d5-189a5664d0cb,211802574,Commune de Sury-près-Léré (18),false,{18257},Commune,2026-03-24 14:41:54.903238+01,gold_establishments_2025,,,,21180257400015,2025,Collectivité Territoriale,Commune,['Cher'],['Centre-Val de Loire'],COM,{18},{24}
6858537c-d8d3-4049-a018-62c2b72ce8a6,211802590,Commune de Sury-ès-Bois (18),false,{18259},Commune,2026-03-24 14:41:54.903238+01,gold_establishments_2025,,,,21180259000011,2025,Collectivité Territoriale,Commune,['Cher'],['Centre-Val de Loire'],COM,{18},{24}
84c8c069-c871-41cd-b64b-4eb6d98666a8,215602483,Commune de Surzur (56),false,{56248},Commune,2026-03-24 14:42:03.701372+01,gold_establishments_2025,,,,21560248300012,2025,Collectivité Territoriale,Commune,['Morbihan'],['Bretagne'],COM,{56},{53}
cfc94aae-a5ef-4f0b-81d7-58abc870cdce,216104760,Commune de Suré (61),false,{61476},Commune,2026-03-24 14:42:05.597325+01,gold_establishments_2025,,,,21610476000014,2025,Collectivité Territoriale,Commune,['Orne'],['Normandie'],COM,{61},{28}
ba05f576-1763-46ef-b616-07c663208cdd,216405290,Commune de Sus (64),false,{64529},Commune,2026-03-24 14:42:06.665412+01,gold_establishments_2025,,,,21640529000018,2025,Collectivité Territoriale,Commune,['Pyrénées-Atlantiques'],['Nouvelle-Aquitaine'],COM,{64},{75}
1701d4c9-478d-4002-900d-8db0732a8912,216208041,Commune de Sus-Saint-Léger (62),false,{62804},Commune,2026-03-24 14:42:06.130387+01,gold_establishments_2025,,,,21620804100014,2025,Collectivité Territoriale,Commune,['Pas-de-Calais'],['Hauts-de-France'],COM,{62},{32}
f2fc97e7-bc93-4aa9-b40e-9805c132b45f,216405308,Commune de Susmiou (64),false,{64530},Commune,2026-03-24 14:42:06.665412+01,gold_establishments_2025,,,,21640530800018,2025,Collectivité Territoriale,Commune,['Pyrénées-Atlantiques'],['Nouvelle-Aquitaine'],COM,{64},{75}
1e708da3-e9fc-4eb1-8107-6ceb3e68f3f8,218719409,Commune de Sussac (87),false,{87194},Commune,2026-03-24 14:42:11.118516+01,gold_establishments_2025,,,,21871940900011,2025,Collectivité Territoriale,Commune,['Haute-Vienne'],['Nouvelle-Aquitaine'],COM,{87},{75}
55eed026-eefc-4ba4-b3cb-69b83d98e02a,213403074,Commune de Sussargues (34),false,{34307},Commune,2026-03-24 14:41:58.620411+01,gold_establishments_2025,,,,21340307400015,2025,Collectivité Territoriale,Commune,['Hérault'],['Occitanie'],COM,{34},{76}
b815a0c0-db24-482f-9893-d21edacd95e4,210302766,Commune de Sussat (03),false,{03276},Commune,2026-03-24 14:41:52.020251+01,gold_establishments_2025,,,,21030276600014,2025,Collectivité Territoriale,Commune,['Allier'],['Auvergne-Rhône-Alpes'],COM,{03},{84}
14dc6064-8323-4a9c-849b-cf9ee7a9c3c2,212106157,Commune de Sussey (21),false,{21615},Commune,2026-03-24 14:41:55.433389+01,gold_establishments_2025,,,,21210615700010,2025,Collectivité Territoriale,Commune,"[""Côte-d'Or""]",['Bourgogne-Franche-Comté'],COM,{21},{27}
cc3ca80b-5e2c-4c8a-8ed5-bf7a9647f275,213804990,Commune de Susville (38),false,{38499},Commune,2026-03-24 14:41:59.705606+01,gold_establishments_2025,,,,21380499000017,2025,Collectivité Territoriale,Commune,['Isère'],['Auvergne-Rhône-Alpes'],COM,{38},{84}
b901bc90-989f-46c5-a197-8c2d8422279c,210903043,Commune de Suzan (09),false,{09304},Commune,2026-03-24 14:41:53.095366+01,gold_establishments_2025,,,,21090304300011,2025,Collectivité Territoriale,Commune,['Ariège'],['Occitanie'],COM,{09},{76}
8944357c-8ca6-43a8-b59a-5e6d963f8575,210803946,Commune de Suzanne (08),false,{08433},Commune,2026-03-24 14:41:53.095366+01,gold_establishments_2025,,,,21080394600016,2025,Collectivité Territoriale,Commune,['Ardennes'],['Grand Est'],COM,{08},{44}
69d8f1d3-20f7-4f59-8609-a3f25237aabc,218006963,Commune de Suzanne (80),false,{80743},Commune,2026-03-24 14:42:09.967209+01,gold_establishments_2025,,,,21800696300019,2025,Collectivité Territoriale,Commune,['Somme'],['Hauts-de-France'],COM,{80},{32}
4e324fbe-2ae7-4378-8f62-9dda0ca5ac7e,215203456,Commune de Suzannecourt (52),false,{52484},Commune,2026-03-24 14:42:01.954481+01,gold_establishments_2025,,,,21520345600011,2025,Collectivité Territoriale,Commune,['Haute-Marne'],['Grand Est'],COM,{52},{44}
80cbcf50-9a14-444c-8169-cb47ec58966a,212706253,Commune de Suzay (27),false,{27625},Commune,2026-03-24 14:41:57.028721+01,gold_establishments_2025,,,,21270625300011,2025,Collectivité Territoriale,Commune,['Eure'],['Normandie'],COM,{27},{28}
18da0f75-f33d-4a0a-aebb-1053f0ab58c0,212603468,Commune de Suze (26),false,{26346},Commune,2026-03-24 14:41:56.495197+01,gold_establishments_2025,,,,21260346800019,2025,Collectivité Territoriale,Commune,['Drôme'],['Auvergne-Rhône-Alpes'],COM,{26},{84}
0b3dc9b5-4a1e-465f-8bc2-b431a7869fef,212603450,Commune de Suze-la-Rousse (26),false,{26345},Commune,2026-03-24 14:41:56.495197+01,gold_establishments_2025,,,,21260345000017,2025,Collectivité Territoriale,Commune,['Drôme'],['Auvergne-Rhône-Alpes'],COM,{26},{84}
cdd538a4-dee6-4023-9ced-6d1ec7a6f681,218401305,Commune de Suzette (84),false,{84130},Commune,2026-03-24 14:42:10.508772+01,gold_establishments_2025,,,,21840130500014,2025,Collectivité Territoriale,Commune,['Vaucluse'],"[""Provence-Alpes-Côte d'Azur""]",COM,{84},{93}
f3624502-ac69-4668-b9f1-0570f92bde31,216006163,Commune de Suzoy (60),false,{60625},Commune,2026-03-24 14:42:04.814328+01,gold_establishments_2025,,,,21600616300010,2025,Collectivité Territoriale,Commune,['Oise'],['Hauts-de-France'],COM,{60},{32}
005525fb-091f-48eb-a466-a99ace185aab,214102527,Commune de Suèvres (41),false,{41252},Commune,2026-03-24 14:42:00.273698+01,gold_establishments_2025,,,,21410252700014,2025,Collectivité Territoriale,Commune,['Loir-et-Cher'],['Centre-Val de Loire'],COM,{41},{24}
8aa2dbf7-c267-46e5-ae8d-e34caee15257,210803953,Commune de Sy (08),false,{08434},Commune,2026-03-24 14:41:53.095366+01,gold_establishments_2025,,,,21080395300012,2025,Collectivité Territoriale,Commune,['Ardennes'],['Grand Est'],COM,{08},{44}
3ff6b968-8358-42c9-9e1f-c7cc07c28bcc,213905235,Commune de Syam (39),false,{39523},Commune,2026-03-24 14:41:59.705606+01,gold_establishments_2025,,,,21390523500015,2025,Collectivité Territoriale,Commune,['Jura'],['Bourgogne-Franche-Comté'],COM,{39},{27}
a7b0a49c-94a2-4a8a-9973-a707a29e1a95,200054682,Commune de Sylvains-Lès-Moulins (27),false,{27693},Commune,2026-03-24 14:41:57.028721+01,gold_establishments_2025,,,,20005468200014,2025,Collectivité Territoriale,Commune,['Eure'],['Normandie'],COM,{27},{28}
fb1dfbdd-7b81-462c-a91a-534190be2ff6,211202742,Commune de Sylvanès (12),false,{12274},Commune,2026-03-24 14:41:53.63825+01,gold_establishments_2025,,,,21120274200014,2025,Collectivité Territoriale,Commune,['Aveyron'],['Occitanie'],COM,{12},{76}
e8c649ab-bb87-47a7-8db0-8946ffa1c852,213204308,Commune de Sère (32),false,{32430},Commune,2026-03-24 14:41:58.09424+01,gold_establishments_2025,,,,21320430800018,2025,Collectivité Territoriale,Commune,['Gers'],['Occitanie'],COM,{32},{76}
349aaf87-6afe-4f3a-8768-23225d99b30f,216504217,Commune de Sère-Lanso (65),false,{65421},Commune,2026-03-24 14:42:06.665412+01,gold_establishments_2025,,,,21650421700011,2025,Collectivité Territoriale,Commune,['Hautes-Pyrénées'],['Occitanie'],COM,{65},{76}
90f71811-d526-483b-986a-4e5a960d3ed5,216504233,Commune de Sère-Rustaing (65),false,{65423},Commune,2026-03-24 14:42:06.665412+01,gold_establishments_2025,,,,21650423300018,2025,Collectivité Territoriale,Commune,['Hautes-Pyrénées'],['Occitanie'],COM,{65},{76}
22e76325-a4da-4af4-ac34-9df063edfe27,216504209,Commune de Sère-en-Lavedan (65),false,{65420},Commune,2026-03-24 14:42:06.665412+01,gold_establishments_2025,,,,21650420900018,2025,Collectivité Territoriale,Commune,['Hautes-Pyrénées'],['Occitanie'],COM,{65},{76}
6d5e097c-0a4f-4cd1-bca6-4de9f6a39c8c,213403017,Commune de Sète (34),false,{34301},Commune,2026-03-24 14:41:58.620411+01,gold_establishments_2025,,,,21340301700014,2025,Collectivité Territoriale,Commune,['Hérault'],['Occitanie'],COM,{34},{76}
310d2db7-e029-4503-92ae-f8fd89956674,200054385,Commune de Sèvremoine (49),false,{49301},Commune,2026-03-24 14:42:01.412377+01,gold_establishments_2025,,,,20005438500014,2025,Collectivité Territoriale,Commune,['Maine-et-Loire'],['Pays de la Loire'],COM,{49},{52}
1994b70a-b2ea-44e5-b094-c6fb1e7967ed,200059079,Commune de Sèvremont (85),false,{85090},Commune,2026-03-24 14:42:10.508772+01,gold_establishments_2025,,,,20005907900018,2025,Collectivité Territoriale,Commune,['Vendée'],['Pays de la Loire'],COM,{85},{52}
8e4b4a6b-9095-469d-8693-c97c2c26f52a,219200722,Commune de Sèvres (92),false,{92072},Commune,2026-03-24 14:42:11.659493+01,gold_establishments_2025,,,,21920072200011,2025,Collectivité Territoriale,Commune,['Hauts-de-Seine'],['Île-de-France'],COM,{92},{11}
d8009e79-1453-4936-91f6-3be0a4ff323a,218602613,Commune de Sèvres-Anxaumont (86),false,{86261},Commune,2026-03-24 14:42:11.118516+01,gold_establishments_2025,,,,21860261300018,2025,Collectivité Territoriale,Commune,['Vienne'],['Nouvelle-Aquitaine'],COM,{86},{75}
52df7bda-bf2d-48d0-9483-4acc7f350e0c,213204233,Commune de Séailles (32),false,{32423},Commune,2026-03-24 14:41:58.09424+01,gold_establishments_2025,,,,21320423300018,2025,Collectivité Territoriale,Commune,['Gers'],['Occitanie'],COM,{32},{76}
35977294-444e-4136-8206-6dedbb505342,211202643,Commune de Sébazac-Concourès (12),false,{12264},Commune,2026-03-24 14:41:53.63825+01,gold_establishments_2025,,,,21120264300014,2025,Collectivité Territoriale,Commune,['Aveyron'],['Occitanie'],COM,{12},{76}
66f38f43-dde9-4b0d-8910-215ae71132f1,215005711,Commune de Sébeville (50),false,{50571},Commune,2026-03-24 14:42:01.412377+01,gold_establishments_2025,,,,21500571100019,2025,Collectivité Territoriale,Commune,['Manche'],['Normandie'],COM,{50},{28}
4bd4ee84-9d81-4034-a9d8-fd65769b1e24,211202650,Commune de Sébrazac (12),false,{12265},Commune,2026-03-24 14:41:53.63825+01,gold_establishments_2025,,,,21120265000019,2025,Collectivité Territoriale,Commune,['Aveyron'],['Occitanie'],COM,{12},{76}
0034762b-cdb0-4719-ac8d-85b709b21860,216405142,Commune de Séby (64),false,{64514},Commune,2026-03-24 14:42:06.665412+01,gold_establishments_2025,,,,21640514200011,2025,Collectivité Territoriale,Commune,['Pyrénées-Atlantiques'],['Nouvelle-Aquitaine'],COM,{64},{75}
e1743e9e-597e-47d9-874d-9874985ef819,212706188,Commune de Sébécourt (27),false,{27618},Commune,2026-03-24 14:41:57.028721+01,gold_establishments_2025,,,,21270618800019,2025,Collectivité Territoriale,Commune,['Eure'],['Normandie'],COM,{27},{28}
87edcf8b-dc7c-4302-84ac-82b15a503f02,210803706,Commune de Séchault (08),false,{08407},Commune,2026-03-24 14:41:53.095366+01,gold_establishments_2025,,,,21080370600014,2025,Collectivité Territoriale,Commune,['Ardennes'],['Grand Est'],COM,{08},{44}
8e855572-7075-4c57-8d83-34f0f874f976,210703120,Commune de Sécheras (07),false,{07312},Commune,2026-03-24 14:41:52.562531+01,gold_establishments_2025,,,,21070312000019,2025,Collectivité Territoriale,Commune,['Ardèche'],['Auvergne-Rhône-Alpes'],COM,{07},{84}
b379184e-f045-4463-915f-12e2b56e600e,210803714,Commune de Sécheval (08),false,{08408},Commune,2026-03-24 14:41:53.095366+01,gold_establishments_2025,,,,21080371400018,2025,Collectivité Territoriale,Commune,['Ardennes'],['Grand Est'],COM,{08},{44}
c0889ac7-6e2c-4629-9b05-ab038c81ebf3,213804784,Commune de Séchilienne (38),false,{38478},Commune,2026-03-24 14:41:59.705606+01,gold_establishments_2025,,,,21380478400014,2025,Collectivité Territoriale,Commune,['Isère'],['Auvergne-Rhône-Alpes'],COM,{38},{84}
e8a8d898-455f-41da-94bc-b6542f2a28ff,212505382,Commune de Séchin (25),false,{25538},Commune,2026-03-24 14:41:56.495197+01,gold_establishments_2025,,,,21250538200011,2025,Collectivité Territoriale,Commune,['Doubs'],['Bourgogne-Franche-Comté'],COM,{25},{27}
0bdb290d-cdba-48d2-92e4-5fe7a36701f7,213105398,Commune de Sédeilhac (31),false,{31539},Commune,2026-03-24 14:41:58.09424+01,gold_establishments_2025,,,,21310539800019,2025,Collectivité Territoriale,Commune,['Haute-Garonne'],['Occitanie'],COM,{31},{76}
87872c48-cf0f-411a-8f50-62534db9d54e,212603401,Commune de Séderon (26),false,{26340},Commune,2026-03-24 14:41:56.495197+01,gold_establishments_2025,,,,21260340100010,2025,Collectivité Territoriale,Commune,['Drôme'],['Auvergne-Rhône-Alpes'],COM,{26},{84}
e41f31a7-19b4-4338-8877-5a008749beb0,216104646,Commune de Sées (61),false,{61464},Commune,2026-03-24 14:42:05.597325+01,gold_establishments_2025,,,,21610464600015,2025,Collectivité Territoriale,Commune,['Orne'],['Normandie'],COM,{61},{28}
8d174c82-3e39-42da-9db1-9b7455820180,217302850,Commune de Séez (73),false,{73285},Commune,2026-03-24 14:42:08.279287+01,gold_establishments_2025,,,,21730285000011,2025,Collectivité Territoriale,Commune,['Savoie'],['Auvergne-Rhône-Alpes'],COM,{73},{84}
2d49ce3a-cf66-4971-8f7a-373bf9088fbb,214702961,Commune de Ségalas (47),false,{47296},Commune,2026-03-24 14:42:00.862623+01,gold_establishments_2025,,,,21470296100019,2025,Collectivité Territoriale,Commune,['Lot-et-Garonne'],['Nouvelle-Aquitaine'],COM,{47},{75}
5afe90a3-4bf6-400f-b65a-203d80f0b291,216504142,Commune de Ségalas (65),false,{65414},Commune,2026-03-24 14:42:06.665412+01,gold_establishments_2025,,,,21650414200011,2025,Collectivité Territoriale,Commune,['Hautes-Pyrénées'],['Occitanie'],COM,{65},{76}
e244867c-b1f4-4ee1-b0fb-2c4d967faa60,215602426,Commune de Séglien (56),false,{56242},Commune,2026-03-24 14:42:03.701372+01,gold_establishments_2025,,,,21560242600011,2025,Collectivité Territoriale,Commune,['Morbihan'],['Bretagne'],COM,{56},{53}
81ddc691-f9c2-496a-87ad-e53ffcd6090e,210103990,Commune de Ségny (01),false,{01399},Commune,2026-03-24 14:41:51.447482+01,gold_establishments_2025,,,,21010399000011,2025,Collectivité Territoriale,Commune,['Ain'],['Auvergne-Rhône-Alpes'],COM,{01},{84}
b3f80002-28db-4e5d-a17d-9e7980bd7680,213204241,Commune de Ségos (32),false,{32424},Commune,2026-03-24 14:41:58.09424+01,gold_establishments_2025,,,,21320424100011,2025,Collectivité Territoriale,Commune,['Gers'],['Occitanie'],COM,{32},{76}
049e3323-202c-456d-8e7e-78223136a9c1,213204258,Commune de Ségoufielle (32),false,{32425},Commune,2026-03-24 14:41:58.09424+01,gold_establishments_2025,,,,21320425800015,2025,Collectivité Territoriale,Commune,['Gers'],['Occitanie'],COM,{32},{76}
922b4523-2692-4cff-86ca-6666b44042dc,213105406,Commune de Ségreville (31),false,{31540},Commune,2026-03-24 14:41:58.09424+01,gold_establishments_2025,,,,21310540600010,2025,Collectivité Territoriale,Commune,['Haute-Garonne'],['Occitanie'],COM,{31},{76}
d2798af6-0704-475c-b8d5-7676864f89e7,217203322,Commune de Ségrie (72),false,{72332},Commune,2026-03-24 14:42:08.279287+01,gold_establishments_2025,,,,21720332200011,2025,Collectivité Territoriale,Commune,['Sarthe'],['Pays de la Loire'],COM,{72},{52}
70157974-0966-4031-880d-03b76ce47c40,213602154,Commune de Ségry (36),false,{36215},Commune,2026-03-24 14:41:59.160244+01,gold_establishments_2025,,,,21360215400014,2025,Collectivité Territoriale,Commune,['Indre'],['Centre-Val de Loire'],COM,{36},{24}
a1669b80-4498-44b0-8d29-f3d3cd8f563b,211202668,Commune de Ségur (12),false,{12266},Commune,2026-03-24 14:41:53.63825+01,gold_establishments_2025,,,,21120266800011,2025,Collectivité Territoriale,Commune,['Aveyron'],['Occitanie'],COM,{12},{76}
fc4d76fa-9f39-4b0d-a25c-63da2fec6a9c,211925409,Commune de Ségur-le-Château (19),false,{19254},Commune,2026-03-24 14:41:55.433389+01,gold_establishments_2025,,,,21192540900016,2025,Collectivité Territoriale,Commune,['Corrèze'],['Nouvelle-Aquitaine'],COM,{19},{75}
bf71df58-e894-4668-93c6-8125535f441f,211502257,Commune de Ségur-les-Villas (15),false,{15225},Commune,2026-03-24 14:41:54.362296+01,gold_establishments_2025,,,,21150225700010,2025,Collectivité Territoriale,Commune,['Cantal'],['Auvergne-Rhône-Alpes'],COM,{15},{84}
6045ad27-2004-44fb-9280-eb4d1fcdbd65,210902847,Commune de Ségura (09),false,{09284},Commune,2026-03-24 14:41:53.095366+01,gold_establishments_2025,,,,21090284700016,2025,Collectivité Territoriale,Commune,['Ariège'],['Occitanie'],COM,{09},{76}
bd0d7e0b-d0f9-4941-87ce-7a7fe402fae7,218401263,Commune de Séguret (84),false,{84126},Commune,2026-03-24 14:42:10.508772+01,gold_establishments_2025,,,,21840126300015,2025,Collectivité Territoriale,Commune,['Vaucluse'],"[""Provence-Alpes-Côte d'Azur""]",COM,{84},{93}
eebb19fd-2521-412a-9157-94298e3088de,216504159,Commune de Ségus (65),false,{65415},Commune,2026-03-24 14:42:06.665412+01,gold_establishments_2025,,,,21650415900015,2025,Collectivité Territoriale,Commune,['Hautes-Pyrénées'],['Occitanie'],COM,{65},{76}
7bb8b39f-0a51-437e-a932-b338562c9138,216704627,Commune de Sélestat (67),false,{67462},Commune,2026-03-24 14:42:07.195692+01,gold_establishments_2025,,,,21670462700019,2025,Collectivité Territoriale,Commune,['Bas-Rhin'],['Grand Est'],COM,{67},{44}
e8c25c47-28db-41c2-a1d5-361c199d3ac4,213905078,Commune de Séligney (39),false,{39507},Commune,2026-03-24 14:41:59.705606+01,gold_establishments_2025,,,,21390507800019,2025,Collectivité Territoriale,Commune,['Jura'],['Bourgogne-Franche-Comté'],COM,{39},{27}
74e35375-db99-4add-9a05-9f0074010f1b,217903129,Commune de Séligné (79),false,{79312},Commune,2026-03-24 14:42:09.43682+01,gold_establishments_2025,,,,21790312900013,2025,Collectivité Territoriale,Commune,['Deux-Sèvres'],['Nouvelle-Aquitaine'],COM,{79},{75}
c60ae003-44f0-4ff0-a661-f1a8885d1c12,218102812,Commune de Sémalens (81),false,{81281},Commune,2026-03-24 14:42:09.967209+01,gold_establishments_2025,,,,21810281200011,2025,Collectivité Territoriale,Commune,['Tarn'],['Occitanie'],COM,{81},{76}
f82f7848-54a4-4cf8-9f1b-5375a7764e8d,215802760,Commune de Sémelay (58),false,{58276},Commune,2026-03-24 14:42:04.280096+01,gold_establishments_2025,,,,21580276000011,2025,Collectivité Territoriale,Commune,['Nièvre'],['Bourgogne-Franche-Comté'],COM,{58},{27}
14605d2d-1578-43c6-bdb9-cd4585df6667,215905621,Commune de Sémeries (59),false,{59562},Commune,2026-03-24 14:42:04.814328+01,gold_establishments_2025,,,,21590562100011,2025,Collectivité Territoriale,Commune,['Nord'],['Hauts-de-France'],COM,{59},{32}
351485be-bea8-48a7-9c7e-44f96de72b1c,216504175,Commune de Séméac (65),false,{65417},Commune,2026-03-24 14:42:06.665412+01,gold_establishments_2025,,,,21650417500011,2025,Collectivité Territoriale,Commune,['Hautes-Pyrénées'],['Occitanie'],COM,{65},{76}
714386f5-f2a9-4e5b-9fc0-f9e045873f48,216405175,Commune de Séméacq-Blachon (64),false,{64517},Commune,2026-03-24 14:42:06.665412+01,gold_establishments_2025,,,,21640517500011,2025,Collectivité Territoriale,Commune,['Pyrénées-Atlantiques'],['Nouvelle-Aquitaine'],COM,{64},{75}
e3175cbe-f851-47ac-b3f9-6110a0258165,213204282,Commune de Sémézies-Cachan (32),false,{32428},Commune,2026-03-24 14:41:58.09424+01,gold_establishments_2025,,,,21320428200015,2025,Collectivité Territoriale,Commune,['Gers'],['Occitanie'],COM,{32},{76}
a3b839fc-6972-4eaa-ade7-fa39be24fe7e,216504183,Commune de Sénac (65),false,{65418},Commune,2026-03-24 14:42:06.665412+01,gold_establishments_2025,,,,21650418300015,2025,Collectivité Territoriale,Commune,['Hautes-Pyrénées'],['Occitanie'],COM,{65},{76}
e2c8ee8c-e9ef-4780-87f2-9b8ad13adf2b,214603029,Commune de Sénaillac-Latronquière (46),false,{46302},Commune,2026-03-24 14:42:00.862623+01,gold_establishments_2025,,,,21460302900015,2025,Collectivité Territoriale,Commune,['Lot'],['Occitanie'],COM,{46},{76}
86351f48-7ab6-4d5b-8f5c-3708381a5850,214603037,Commune de Sénaillac-Lauzès (46),false,{46303},Commune,2026-03-24 14:42:00.862623+01,gold_establishments_2025,,,,21460303700018,2025,Collectivité Territoriale,Commune,['Lot'],['Occitanie'],COM,{46},{76}
72e5f1a8-2fa7-4b7c-b29d-439cd736f42b,213105430,Commune de Sénarens (31),false,{31543},Commune,2026-03-24 14:41:58.09424+01,gold_establishments_2025,,,,21310543000010,2025,Collectivité Territoriale,Commune,['Haute-Garonne'],['Occitanie'],COM,{31},{76}
fe6b5e13-3eaf-452b-8cc1-8563e7079d0b,211301056,Commune de Sénas (13),false,{13105},Commune,2026-03-24 14:41:53.63825+01,gold_establishments_2025,,,,21130105600019,2025,Collectivité Territoriale,Commune,['Bouches-du-Rhône'],"[""Provence-Alpes-Côte d'Azur""]",COM,{13},{93}
809e8c57-ff02-4467-b590-33376bbd820f,211202684,Commune de Sénergues (12),false,{12268},Commune,2026-03-24 14:41:53.63825+01,gold_establishments_2025,,,,21120268400018,2025,Collectivité Territoriale,Commune,['Aveyron'],['Occitanie'],COM,{12},{76}
fa3bda30-3122-4fc6-9a44-c1fc78681dae,214702987,Commune de Sénestis (47),false,{47298},Commune,2026-03-24 14:42:00.862623+01,gold_establishments_2025,,,,21470298700014,2025,Collectivité Territoriale,Commune,['Lot-et-Garonne'],['Nouvelle-Aquitaine'],COM,{47},{75}
dc932f1d-78e1-45f5-9dd1-9ee02d4730a9,214302382,Commune de Séneujols (43),false,{43238},Commune,2026-03-24 14:42:00.273698+01,gold_establishments_2025,,,,21430238200012,2025,Collectivité Territoriale,Commune,['Haute-Loire'],['Auvergne-Rhône-Alpes'],COM,{43},{84}
467a25f9-fff8-4e9d-bcb3-fb02569e255c,211502265,Commune de Sénezergues (15),false,{15226},Commune,2026-03-24 14:41:54.362296+01,gold_establishments_2025,,,,21150226500013,2025,Collectivité Territoriale,Commune,['Cantal'],['Auvergne-Rhône-Alpes'],COM,{15},{84}
1c7bbea6-8993-4679-a749-20d858081a2b,214603045,Commune de Séniergues (46),false,{46304},Commune,2026-03-24 14:42:00.862623+01,gold_establishments_2025,,,,21460304500011,2025,Collectivité Territoriale,Commune,['Lot'],['Occitanie'],COM,{46},{76}
a60bcf0b-cb2d-47a7-a55a-c52f3b23a90b,215005729,Commune de Sénoville (50),false,{50572},Commune,2026-03-24 14:42:01.412377+01,gold_establishments_2025,,,,21500572900011,2025,Collectivité Territoriale,Commune,['Manche'],['Normandie'],COM,{50},{28}
9c3e1f0b-b751-4a9e-be72-be3d57e27a61,215602434,Commune de Séné (56),false,{56243},Commune,2026-03-24 14:42:03.701372+01,gold_establishments_2025,,,,21560243400015,2025,Collectivité Territoriale,Commune,['Morbihan'],['Bretagne'],COM,{56},{53}
7d9344b6-0462-4ef7-b35d-e90245a00f0e,213003163,Commune de Sénéchas (30),false,{30316},Commune,2026-03-24 14:41:57.56054+01,gold_establishments_2025,,,,21300316300010,2025,Collectivité Territoriale,Commune,['Gard'],['Occitanie'],COM,{30},{76}
d5a0fe2e-346d-417a-b173-e177c7ba0d54,200057735,Commune de Sépeaux-Saint Romain (89),false,{89388},Commune,2026-03-24 14:42:11.659493+01,gold_establishments_2025,,,,20005773500017,2025,Collectivité Territoriale,Commune,['Yonne'],['Bourgogne-Franche-Comté'],COM,{89},{27}
14b4408b-bb1f-40ae-8a1b-5ab2f189b2f6,211925607,Commune de Sérandon (19),false,{19256},Commune,2026-03-24 14:41:55.433389+01,gold_establishments_2025,,,,21192560700015,2025,Collectivité Territoriale,Commune,['Corrèze'],['Nouvelle-Aquitaine'],COM,{19},{75}
3882fd91-a743-4ad3-a97b-0d6a9f79201f,210601340,Commune de Séranon (06),false,{06134},Commune,2026-03-24 14:41:52.562531+01,gold_establishments_2025,,,,21060134000016,2025,Collectivité Territoriale,Commune,['Alpes-Maritimes'],"[""Provence-Alpes-Côte d'Azur""]",COM,{06},{93}
3bf27766-038d-45b1-94d0-309e162372a6,215905670,Commune de Séranvillers-Forenville (59),false,{59567},Commune,2026-03-24 14:42:04.814328+01,gold_establishments_2025,,,,21590567000018,2025,Collectivité Territoriale,Commune,['Nord'],['Hauts-de-France'],COM,{59},{32}
c7d55cef-06cb-43fc-88f7-026b747c6df1,218719102,Commune de Séreilhac (87),false,{87191},Commune,2026-03-24 14:42:11.118516+01,gold_establishments_2025,,,,21871910200012,2025,Collectivité Territoriale,Commune,['Haute-Vienne'],['Nouvelle-Aquitaine'],COM,{87},{75}
d9e7b78c-1608-48d2-b08d-7770a515a582,213204316,Commune de Sérempuy (32),false,{32431},Commune,2026-03-24 14:41:58.09424+01,gold_establishments_2025,,,,21320431600011,2025,Collectivité Territoriale,Commune,['Gers'],['Occitanie'],COM,{32},{76}
6a468098-401a-4a74-b1f3-e5ebd6c30f18,215602442,Commune de Sérent (56),false,{56244},Commune,2026-03-24 14:42:03.701372+01,gold_establishments_2025,,,,21560244200018,2025,Collectivité Territoriale,Commune,['Morbihan'],['Bretagne'],COM,{56},{53}
a5aa2268-5618-4706-a773-e2db8edebe10,216207910,Commune de Séricourt (62),false,{62791},Commune,2026-03-24 14:42:06.130387+01,gold_establishments_2025,,,,21620791000011,2025,Collectivité Territoriale,Commune,['Pas-de-Calais'],['Hauts-de-France'],COM,{62},{32}
54fc633b-6b93-4585-949f-69333aa2b9e8,216006072,Commune de Sérifontaine (60),false,{60616},Commune,2026-03-24 14:42:04.814328+01,gold_establishments_2025,,,,21600607200013,2025,Collectivité Territoriale,Commune,['Oise'],['Hauts-de-France'],COM,{60},{32}
381b93fa-3ad3-435f-8e05-29d8758dc77e,214603052,Commune de Sérignac (46),false,{46305},Commune,2026-03-24 14:42:00.862623+01,gold_establishments_2025,,,,21460305200017,2025,Collectivité Territoriale,Commune,['Lot'],['Occitanie'],COM,{46},{76}
a2f1595b-148f-42f2-89da-a64aa698af6a,218201804,Commune de Sérignac (82),false,{82180},Commune,2026-03-24 14:42:10.508772+01,gold_establishments_2025,,,,21820180400018,2025,Collectivité Territoriale,Commune,['Tarn-et-Garonne'],['Occitanie'],COM,{82},{76}
f11aa8a4-9a8e-4f24-b8b6-378ed37547be,214702995,Commune de Sérignac-Péboudou (47),false,{47299},Commune,2026-03-24 14:42:00.862623+01,gold_establishments_2025,,,,21470299500017,2025,Collectivité Territoriale,Commune,['Lot-et-Garonne'],['Nouvelle-Aquitaine'],COM,{47},{75}
c04f7bc4-3e20-4c5c-aa09-acc97369285b,214703001,Commune de Sérignac-sur-Garonne (47),false,{47300},Commune,2026-03-24 14:42:00.862623+01,gold_establishments_2025,,,,21470300100013,2025,Collectivité Territoriale,Commune,['Lot-et-Garonne'],['Nouvelle-Aquitaine'],COM,{47},{75}
975a0243-97c8-43c2-85eb-6fba5132c5b8,213402993,Commune de Sérignan (34),false,{34299},Commune,2026-03-24 14:41:58.620411+01,gold_establishments_2025,,,,21340299300017,2025,Collectivité Territoriale,Commune,['Hérault'],['Occitanie'],COM,{34},{76}
580c01f8-720a-485b-88f2-2aec5fedc70e,218401271,Commune de Sérignan-du-Comtat (84),false,{84127},Commune,2026-03-24 14:42:10.508772+01,gold_establishments_2025,,,,21840127100018,2025,Collectivité Territoriale,Commune,['Vaucluse'],"[""Provence-Alpes-Côte d'Azur""]",COM,{84},{93}
81d75061-e23c-46c3-b650-938cb0c6c029,218602605,Commune de Sérigny (86),false,{86260},Commune,2026-03-24 14:42:11.118516+01,gold_establishments_2025,,,,21860260500014,2025,Collectivité Territoriale,Commune,['Vienne'],['Nouvelle-Aquitaine'],COM,{86},{75}
70455b55-806d-466e-abfd-f262a596cf28,218502813,Commune de Sérigné (85),false,{85281},Commune,2026-03-24 14:42:10.508772+01,gold_establishments_2025,,,,21850281300072,2025,Collectivité Territoriale,Commune,['Vendée'],['Pays de la Loire'],COM,{85},{52}
fc0ffec2-480a-4351-aaae-2a5b36c05faf,211925706,Commune de Sérilhac (19),false,{19257},Commune,2026-03-24 14:41:55.433389+01,gold_establishments_2025,,,,21192570600015,2025,Collectivité Territoriale,Commune,['Corrèze'],['Nouvelle-Aquitaine'],COM,{19},{75}
d0ed78ef-4de1-4d1d-9123-bf424605b570,214102451,Commune de Séris (41),false,{41245},Commune,2026-03-24 14:42:00.273698+01,gold_establishments_2025,,,,21410245100017,2025,Collectivité Territoriale,Commune,['Loir-et-Cher'],['Centre-Val de Loire'],COM,{41},{24}
a5522aa8-fecd-476d-8a5d-66a83c36125c,216504225,Commune de Séron (65),false,{65422},Commune,2026-03-24 14:42:06.665412+01,gold_establishments_2025,,,,21650422500014,2025,Collectivité Territoriale,Commune,['Hautes-Pyrénées'],['Occitanie'],COM,{65},{76}
9670e9d6-dbe8-4198-95d5-1885544e51c9,216006098,Commune de Séry-Magneval (60),false,{60618},Commune,2026-03-24 14:42:04.814328+01,gold_establishments_2025,,,,21600609800018,2025,Collectivité Territoriale,Commune,['Oise'],['Hauts-de-France'],COM,{60},{32}
dec4035d-1a40-487f-86a4-466fe317433d,210206900,Commune de Séry-lès-Mézières (02),false,{02717},Commune,2026-03-24 14:41:52.020251+01,gold_establishments_2025,,,,21020690000016,2025,Collectivité Territoriale,Commune,['Aisne'],['Hauts-de-France'],COM,{02},{32}
890cbff8-765d-469e-8ae0-82f4e65e1bf4,218102853,Commune de Sérénac (81),false,{81285},Commune,2026-03-24 14:42:09.967209+01,gold_establishments_2025,,,,21810285300015,2025,Collectivité Territoriale,Commune,['Tarn'],['Occitanie'],COM,{81},{76}
1b96b81d-4609-4a48-ac33-0ffa70df76f5,216006064,Commune de Sérévillers (60),false,{60615},Commune,2026-03-24 14:42:04.814328+01,gold_establishments_2025,,,,21600606400010,2025,Collectivité Territoriale,Commune,['Oise'],['Hauts-de-France'],COM,{60},{32}
00001823-cc15-4c99-960d-832d023e5a5f,213804818,Commune de Sérézin-de-la-Tour (38),false,{38481},Commune,2026-03-24 14:41:59.705606+01,gold_establishments_2025,,,,21380481800010,2025,Collectivité Territoriale,Commune,['Isère'],['Auvergne-Rhône-Alpes'],COM,{38},{84}
a3e8d7b3-f8bc-4b35-a4d1-e3d629f47c85,216902940,Commune de Sérézin-du-Rhône (69),false,{69294},Commune,2026-03-24 14:42:07.735343+01,gold_establishments_2025,,,,21690294000016,2025,Collectivité Territoriale,Commune,['Rhône'],['Auvergne-Rhône-Alpes'],COM,{69},{84}
46be1cb9-b935-437a-af94-a3974664944d,212203376,Commune de Sévignac (22),false,{22337},Commune,2026-03-24 14:41:55.958138+01,gold_establishments_2025,,,,21220337600018,2025,Collectivité Territoriale,Commune,"[""Côtes-d'Armor""]",['Bretagne'],COM,{22},{53}
bae557f3-85a1-4920-abd1-5bb0819a8ff0,216405233,Commune de Sévignacq (64),false,{64523},Commune,2026-03-24 14:42:06.665412+01,gold_establishments_2025,,,,21640523300018,2025,Collectivité Territoriale,Commune,['Pyrénées-Atlantiques'],['Nouvelle-Aquitaine'],COM,{64},{75}
7ab51f07-ad4d-436d-bfde-4105aa25708c,216405225,Commune de Sévignacq-Meyracq (64),false,{64522},Commune,2026-03-24 14:42:06.665412+01,gold_establishments_2025,,,,21640522500014,2025,Collectivité Territoriale,Commune,['Pyrénées-Atlantiques'],['Nouvelle-Aquitaine'],COM,{64},{75}
364e8755-08ce-44a7-b061-bb1ca3baf6d0,216104729,Commune de Sévigny (61),false,{61472},Commune,2026-03-24 14:42:05.597325+01,gold_establishments_2025,,,,21610472900019,2025,Collectivité Territoriale,Commune,['Orne'],['Normandie'],COM,{61},{28}
d52d9cc4-ea38-488a-96ed-c0fadd26fc07,210803805,Commune de Sévigny-Waleppe (08),false,{08418},Commune,2026-03-24 14:41:53.095366+01,gold_establishments_2025,,,,21080380500014,2025,Collectivité Territoriale,Commune,['Ardennes'],['Grand Est'],COM,{08},{44}
a9c3098a-2a6c-46a9-a056-57febe3e9ce2,210803797,Commune de Sévigny-la-Forêt (08),false,{08417},Commune,2026-03-24 14:41:53.095366+01,gold_establishments_2025,,,,21080379700013,2025,Collectivité Territoriale,Commune,['Ardennes'],['Grand Est'],COM,{08},{44}
1f962473-cae8-4faf-b421-98d464d9ad34,211802517,Commune de Sévry (18),false,{18251},Commune,2026-03-24 14:41:54.903238+01,gold_establishments_2025,,,,21180251700014,2025,Collectivité Territoriale,Commune,['Cher'],['Centre-Val de Loire'],COM,{18},{24}
3abd0405-61f0-4b66-8a39-11dcbaabf8ae,214401960,Commune de Sévérac (44),false,{44196},Commune,2026-03-24 14:42:00.862623+01,gold_establishments_2025,,,,21440196000015,2025,Collectivité Territoriale,Commune,['Loire-Atlantique'],['Pays de la Loire'],COM,{44},{52}
9e15533b-67bd-434e-beea-c15dd43324cd,200055424,Commune de Sévérac d'Aveyron (12),false,{12270},Commune,2026-03-24 14:41:53.63825+01,gold_establishments_2025,,,,20005542400010,2025,Collectivité Territoriale,Commune,['Aveyron'],['Occitanie'],COM,{12},{76}
9ce32139-d4b5-4667-b087-69bdcc28b395,215104985,Commune de Sézanne (51),false,{51535},Commune,2026-03-24 14:42:01.954481+01,gold_establishments_2025,,,,21510498500019,2025,Collectivité Territoriale,Commune,['Marne'],['Grand Est'],COM,{51},{44}
9213be27-369f-4e43-9869-bc9508200ac8,216405316,Commune de Tabaille-Usquain (64),false,{64531},Commune,2026-03-24 14:42:06.665412+01,gold_establishments_2025,,,,21640531600011,2025,Collectivité Territoriale,Commune,['Pyrénées-Atlantiques'],['Nouvelle-Aquitaine'],COM,{64},{75}
ff0f07f2-3c1d-4f5d-b387-e95bb1b02a36,213305188,Commune de Tabanac (33),false,{33518},Commune,2026-03-24 14:41:58.620411+01,gold_establishments_2025,,,,21330518800012,2025,Collectivité Territoriale,Commune,['Gironde'],['Nouvelle-Aquitaine'],COM,{33},{75}
953097a8-4f70-4ad3-8748-bcf02b40d3bd,210903050,Commune de Tabre (09),false,{09305},Commune,2026-03-24 14:41:53.095366+01,gold_establishments_2025,,,,21090305000016,2025,Collectivité Territoriale,Commune,['Ariège'],['Occitanie'],COM,{09},{76}
c1ad3ac7-8b0c-4f07-89ec-03888ee221df,213204381,Commune de Tachoires (32),false,{32438},Commune,2026-03-24 14:41:58.09424+01,gold_establishments_2025,,,,21320438100015,2025,Collectivité Territoriale,Commune,['Gers'],['Occitanie'],COM,{32},{76}
25588c0f-af88-4601-86ed-90495b77f84b,217806058,Commune de Tacoignières (78),false,{78605},Commune,2026-03-24 14:42:09.43682+01,gold_establishments_2025,,,,21780605800012,2025,Collectivité Territoriale,Commune,['Yvelines'],['Île-de-France'],COM,{78},{11}
cf0fff9b-1c49-4bd6-9f03-2a7986e76e86,215802836,Commune de Taconnay (58),false,{58283},Commune,2026-03-24 14:42:04.280096+01,gold_establishments_2025,,,,21580283600019,2025,Collectivité Territoriale,Commune,['Nièvre'],['Bourgogne-Franche-Comté'],COM,{58},{27}
99ad4569-da7a-4ecc-9289-eeb246b889ef,212203392,Commune de Taden (22),false,{22339},Commune,2026-03-24 14:41:55.958138+01,gold_establishments_2025,,,,21220339200015,2025,Collectivité Territoriale,Commune,"[""Côtes-d'Armor""]",['Bretagne'],COM,{22},{53}
806c1042-999c-48a0-b262-2f80dcc3dbba,216405324,Commune de Tadousse-Ussau (64),false,{64532},Commune,2026-03-24 14:42:06.665412+01,gold_establishments_2025,,,,21640532400015,2025,Collectivité Territoriale,Commune,['Pyrénées-Atlantiques'],['Nouvelle-Aquitaine'],COM,{64},{75}
ac66c2d9-b370-42df-af0a-15633ae3394b,212003180,Commune de Taglio-Isolaccio (2B),false,{2B318},Commune,2026-03-24 14:41:57.56054+01,gold_establishments_2025,,,,21200318000016,2025,Collectivité Territoriale,Commune,['Haute-Corse'],['Corse'],COM,{2B},{94}
6000a2d1-b196-4655-ae44-d67c62bc49dc,210803961,Commune de Tagnon (08),false,{08435},Commune,2026-03-24 14:41:53.095366+01,gold_establishments_2025,,,,21080396100015,2025,Collectivité Territoriale,Commune,['Ardennes'],['Grand Est'],COM,{08},{44}
cb2b6c24-7148-4733-b4aa-4569d57ed19c,216803320,Commune de Tagolsheim (68),false,{68332},Commune,2026-03-24 14:42:07.195692+01,gold_establishments_2025,,,,21680332000011,2025,Collectivité Territoriale,Commune,['Haut-Rhin'],['Grand Est'],COM,{68},{44}
09bffdd5-94c6-40e0-888d-b1973a0a4de4,216803338,Commune de Tagsdorf (68),false,{68333},Commune,2026-03-24 14:42:07.195692+01,gold_establishments_2025,,,,21680333800013,2025,Collectivité Territoriale,Commune,['Haut-Rhin'],['Grand Est'],COM,{68},{44}
aee6dbeb-e1e3-48b0-97f8-795e94dde666,214302424,Commune de Tailhac (43),false,{43242},Commune,2026-03-24 14:42:00.273698+01,gold_establishments_2025,,,,21430242400012,2025,Collectivité Territoriale,Commune,['Haute-Loire'],['Auvergne-Rhône-Alpes'],COM,{43},{84}
77ceecf7-51ad-4a6e-bd1e-6a3e8652eaae,218401313,Commune de Taillades (84),false,{84131},Commune,2026-03-24 14:42:10.508772+01,gold_establishments_2025,,,,21840131300018,2025,Collectivité Territoriale,Commune,['Vaucluse'],"[""Provence-Alpes-Côte d'Azur""]",COM,{84},{93}
a43ec12a-4162-4572-bae8-86309458fd80,215505033,Commune de Taillancourt (55),false,{55503},Commune,2026-03-24 14:42:03.701372+01,gold_establishments_2025,,,,21550503300013,2025,Collectivité Territoriale,Commune,['Meuse'],['Grand Est'],COM,{55},{44}
c806b99c-51f0-47e0-b953-8a79869cfd0d,211704358,Commune de Taillant (17),false,{17435},Commune,2026-03-24 14:41:54.903238+01,gold_establishments_2025,,,,21170435800012,2025,Collectivité Territoriale,Commune,['Charente-Maritime'],['Nouvelle-Aquitaine'],COM,{17},{75}
414822ec-c194-4bba-aa81-a8b06507bfe7,211704366,Commune de Taillebourg (17),false,{17436},Commune,2026-03-24 14:41:54.903238+01,gold_establishments_2025,,,,21170436600015,2025,Collectivité Territoriale,Commune,['Charente-Maritime'],['Nouvelle-Aquitaine'],COM,{17},{75}
1ef49b2b-4c10-4bf3-8090-e787999cd8cb,214703043,Commune de Taillebourg (47),false,{47304},Commune,2026-03-24 14:42:00.862623+01,gold_establishments_2025,,,,21470304300015,2025,Collectivité Territoriale,Commune,['Lot-et-Garonne'],['Nouvelle-Aquitaine'],COM,{47},{75}
19003f0c-ce91-47fd-9e1b-e41e21cccfc0,213305204,Commune de Taillecavat (33),false,{33520},Commune,2026-03-24 14:41:58.620411+01,gold_establishments_2025,,,,21330520400017,2025,Collectivité Territoriale,Commune,['Gironde'],['Nouvelle-Aquitaine'],COM,{33},{75}
0f069d2f-386c-449b-b2c7-0faa79ac38f8,212505556,Commune de Taillecourt (25),false,{25555},Commune,2026-03-24 14:41:56.495197+01,gold_establishments_2025,,,,21250555600010,2025,Collectivité Territoriale,Commune,['Doubs'],['Bourgogne-Franche-Comté'],COM,{25},{27}
b8663fa0-9cfb-4f35-969e-49f96b6233fd,210207072,Commune de Taillefontaine (02),false,{02734},Commune,2026-03-24 14:41:52.020251+01,gold_establishments_2025,,,,21020707200013,2025,Collectivité Territoriale,Commune,['Aisne'],['Hauts-de-France'],COM,{02},{32}
4ccf73bb-03d9-44e6-82bf-94a59e252b89,215005877,Commune de Taillepied (50),false,{50587},Commune,2026-03-24 14:42:01.412377+01,gold_establishments_2025,,,,21500587700018,2025,Collectivité Territoriale,Commune,['Manche'],['Normandie'],COM,{50},{28}
219c0f44-f7cb-4cfa-b255-e0f77a58525f,216601997,Commune de Taillet (66),false,{66199},Commune,2026-03-24 14:42:06.665412+01,gold_establishments_2025,,,,21660199700010,2025,Collectivité Territoriale,Commune,['Pyrénées-Orientales'],['Occitanie'],COM,{66},{76}
58799dbf-0081-4672-b0ea-a47fb42d6f58,210803979,Commune de Taillette (08),false,{08436},Commune,2026-03-24 14:41:53.095366+01,gold_establishments_2025,,,,21080397900017,2025,Collectivité Territoriale,Commune,['Ardennes'],['Grand Est'],COM,{08},{44}
52e5737b-f915-48ff-ba4b-fdccaa786c9d,213503303,Commune de Taillis (35),false,{35330},Commune,2026-03-24 14:41:59.160244+01,gold_establishments_2025,,,,21350330300017,2025,Collectivité Territoriale,Commune,['Ille-et-Vilaine'],['Bretagne'],COM,{35},{53}
b6442e06-1985-47d5-8180-5b9d77e33268,210803987,Commune de Tailly (08),false,{08437},Commune,2026-03-24 14:41:53.095366+01,gold_establishments_2025,,,,21080398700010,2025,Collectivité Territoriale,Commune,['Ardennes'],['Grand Est'],COM,{08},{44}
687721c2-357b-4a75-977c-dc16efebb0db,212106165,Commune de Tailly (21),false,{21616},Commune,2026-03-24 14:41:55.433389+01,gold_establishments_2025,,,,21210616500013,2025,Collectivité Territoriale,Commune,"[""Côte-d'Or""]",['Bourgogne-Franche-Comté'],COM,{21},{27}
8ee4d603-24b6-4135-9431-8d40220a50af,218006971,Commune de Tailly (80),false,{80744},Commune,2026-03-24 14:42:09.967209+01,gold_establishments_2025,,,,21800697100012,2025,Collectivité Territoriale,Commune,['Somme'],['Hauts-de-France'],COM,{80},{32}
b37c4440-ab4a-48dc-aedc-aa5dbc90eafa,212603476,Commune de Tain-l'Hermitage (26),false,{26347},Commune,2026-03-24 14:41:56.495197+01,gold_establishments_2025,,,,21260347600012,2025,Collectivité Territoriale,Commune,['Drôme'],['Auvergne-Rhône-Alpes'],COM,{26},{84}
d91f7347-8b36-4486-ace1-0f851e08736e,218804631,Commune de Taintrux (88),false,{88463},Commune,2026-03-24 14:42:11.118516+01,gold_establishments_2025,,,,21880463100016,2025,Collectivité Territoriale,Commune,['Vosges'],['Grand Est'],COM,{88},{44}
ca17a986-df84-4a69-8dbe-a662550190d4,215905837,Commune de Taisnières-en-Thiérache (59),false,{59583},Commune,2026-03-24 14:42:04.814328+01,gold_establishments_2025,,,,21590583700013,2025,Collectivité Territoriale,Commune,['Nord'],['Hauts-de-France'],COM,{59},{32}
7faefa8c-6b17-4d4a-a735-b1e0f7f6ecdc,215905845,Commune de Taisnières-sur-Hon (59),false,{59584},Commune,2026-03-24 14:42:04.814328+01,gold_establishments_2025,,,,21590584500016,2025,Collectivité Territoriale,Commune,['Nord'],['Hauts-de-France'],COM,{59},{32}
da9c0e72-6028-4f51-acbe-7a5419565c9a,215105214,Commune de Taissy (51),false,{51562},Commune,2026-03-24 14:42:01.954481+01,gold_establishments_2025,,,,21510521400013,2025,Collectivité Territoriale,Commune,['Marne'],['Grand Est'],COM,{51},{44}
53d30930-4ede-4d07-af88-732755dd1a39,210803995,Commune de Taizy (08),false,{08438},Commune,2026-03-24 14:41:53.095366+01,gold_establishments_2025,,,,21080399500013,2025,Collectivité Territoriale,Commune,['Ardennes'],['Grand Est'],COM,{08},{44}
bd9c090b-f8a2-40a2-8ce4-e18919055752,217105329,Commune de Taizé (71),false,{71532},Commune,2026-03-24 14:42:08.279287+01,gold_establishments_2025,,,,21710532900015,2025,Collectivité Territoriale,Commune,['Saône-et-Loire'],['Bourgogne-Franche-Comté'],COM,{71},{27}
777f2c36-3f58-4083-99e7-40011343344a,211603782,Commune de Taizé-Aizie (16),false,{16378},Commune,2026-03-24 14:41:54.362296+01,gold_establishments_2025,,,,21160378200015,2025,Collectivité Territoriale,Commune,['Charente'],['Nouvelle-Aquitaine'],COM,{16},{75}
57ac4f70-141b-469a-9444-093aa9101a8b,216504373,Commune de Tajan (65),false,{65437},Commune,2026-03-24 14:42:06.665412+01,gold_establishments_2025,,,,21650437300012,2025,Collectivité Territoriale,Commune,['Hautes-Pyrénées'],['Occitanie'],COM,{65},{76}
7ab2691e-06f9-44e4-bf7f-914735d05864,211103866,Commune de Talairan (11),false,{11386},Commune,2026-03-24 14:41:53.63825+01,gold_establishments_2025,,,,21110386600011,2025,Collectivité Territoriale,Commune,['Aude'],['Occitanie'],COM,{11},{76}
a61225bd-01c2-47fa-b985-c185169b1fe6,213305212,Commune de Talais (33),false,{33521},Commune,2026-03-24 14:41:58.620411+01,gold_establishments_2025,,,,21330521200010,2025,Collectivité Territoriale,Commune,['Gironde'],['Nouvelle-Aquitaine'],COM,{33},{75}
7e13ed98-4d19-4d83-b6b6-82fccad3b0f3,215706631,Commune de Talange (57),false,{57663},Commune,2026-03-24 14:42:04.280096+01,gold_establishments_2025,,,,21570663100011,2025,Collectivité Territoriale,Commune,['Moselle'],['Grand Est'],COM,{57},{44}
058137f9-6b11-419a-97b3-17e2a6f747a4,212106173,Commune de Talant (21),false,{21617},Commune,2026-03-24 14:41:55.433389+01,gold_establishments_2025,,,,21210617300017,2025,Collectivité Territoriale,Commune,"[""Côte-d'Or""]",['Bourgogne-Franche-Comté'],COM,{21},{27}
a9a04d4c-acef-44dd-b010-db785919729d,212003198,Commune de Talasani (2B),false,{2B319},Commune,2026-03-24 14:41:57.56054+01,gold_establishments_2025,,,,21200319800018,2025,Collectivité Territoriale,Commune,['Haute-Corse'],['Corse'],COM,{2B},{94}
33155778-3398-4eec-bff0-219ef3a8df93,216504381,Commune de Talazac (65),false,{65438},Commune,2026-03-24 14:42:06.665412+01,gold_establishments_2025,,,,21650438100015,2025,Collectivité Territoriale,Commune,['Hautes-Pyrénées'],['Occitanie'],COM,{65},{76}
3f9d25d9-a002-49e1-93e2-9f9913eade61,214102535,Commune de Talcy (41),false,{41253},Commune,2026-03-24 14:42:00.273698+01,gold_establishments_2025,,,,21410253500017,2025,Collectivité Territoriale,Commune,['Loir-et-Cher'],['Centre-Val de Loire'],COM,{41},{24}
8e2a7afe-b5c6-4e88-8908-b97c3064c039,218904068,Commune de Talcy (89),false,{89406},Commune,2026-03-24 14:42:11.659493+01,gold_establishments_2025,,,,21890406800010,2025,Collectivité Territoriale,Commune,['Yonne'],['Bourgogne-Franche-Comté'],COM,{89},{27}
951ae019-467f-4ea7-9659-ddf7d206e3fc,213305220,Commune de Talence (33),false,{33522},Commune,2026-03-24 14:41:58.620411+01,gold_establishments_2025,,,,21330522000013,2025,Collectivité Territoriale,Commune,['Gironde'],['Nouvelle-Aquitaine'],COM,{33},{75}
c631ca4b-028f-4e6e-ab28-f137273ec561,210703179,Commune de Talencieux (07),false,{07317},Commune,2026-03-24 14:41:52.562531+01,gold_establishments_2025,,,,21070317900015,2025,Collectivité Territoriale,Commune,['Ardèche'],['Auvergne-Rhône-Alpes'],COM,{07},{84}
6d0be2f3-466c-48d9-95e9-489391531ccc,213503311,Commune de Talensac (35),false,{35331},Commune,2026-03-24 14:41:59.160244+01,gold_establishments_2025,,,,21350331100010,2025,Collectivité Territoriale,Commune,['Ille-et-Vilaine'],['Bretagne'],COM,{35},{53}
e740f2f9-f77a-41f9-98f8-a2c02b96aee5,210104154,Commune de Talissieu (01),false,{01415},Commune,2026-03-24 14:41:51.447482+01,gold_establishments_2025,,,,21010415400013,2025,Collectivité Territoriale,Commune,['Ain'],['Auvergne-Rhône-Alpes'],COM,{01},{84}
37ea1462-90b9-4e73-8d0c-aa55ecdd2896,211502315,Commune de Talizat (15),false,{15231},Commune,2026-03-24 14:41:54.362296+01,gold_establishments_2025,,,,21150231500016,2025,Collectivité Territoriale,Commune,['Cantal'],['Auvergne-Rhône-Alpes'],COM,{15},{84}
7593f27c-5a88-4b65-b42e-c9e95c70dc93,212505564,Commune de Tallans (25),false,{25556},Commune,2026-03-24 14:41:56.495197+01,gold_establishments_2025,,,,21250556400014,2025,Collectivité Territoriale,Commune,['Doubs'],['Bourgogne-Franche-Comté'],COM,{25},{27}
fa6e4e56-12d2-4f73-abd7-6b4c43e6529e,210501706,Commune de Tallard (05),false,{05170},Commune,2026-03-24 14:41:52.562531+01,gold_establishments_2025,,,,21050170600019,2025,Collectivité Territoriale,Commune,['Hautes-Alpes'],"[""Provence-Alpes-Côte d'Azur""]",COM,{05},{93}
256e3c68-e952-49b7-9d20-fe3f5bfaa5da,212505572,Commune de Tallenay (25),false,{25557},Commune,2026-03-24 14:41:56.495197+01,gold_establishments_2025,,,,21250557200017,2025,Collectivité Territoriale,Commune,['Doubs'],['Bourgogne-Franche-Comté'],COM,{25},{27}
3cd1fdf7-e518-4858-91d7-a8f84529728e,216304253,Commune de Tallende (63),false,{63425},Commune,2026-03-24 14:42:06.130387+01,gold_establishments_2025,,,,21630425300018,2025,Collectivité Territoriale,Commune,['Puy-de-Dôme'],['Auvergne-Rhône-Alpes'],COM,{63},{84}
14fb829e-de3f-433b-adb4-a55967d737d9,214003113,Commune de Taller (40),false,{40311},Commune,2026-03-24 14:41:59.705606+01,gold_establishments_2025,,,,21400311300013,2025,Collectivité Territoriale,Commune,['Landes'],['Nouvelle-Aquitaine'],COM,{40},{75}
20fbd387-a9e3-4bdd-967e-15138b05efb4,200056141,Commune de Talloires-Montmin (74),false,{74275},Commune,2026-03-24 14:42:08.818969+01,gold_establishments_2025,,,,20005614100019,2025,Collectivité Territoriale,Commune,['Haute-Savoie'],['Auvergne-Rhône-Alpes'],COM,{74},{84}
50e76236-ca21-4431-801a-2d4161fe3dea,212003206,Commune de Tallone (2B),false,{2B320},Commune,2026-03-24 14:41:57.56054+01,gold_establishments_2025,,,,21200320600019,2025,Collectivité Territoriale,Commune,['Haute-Corse'],['Corse'],COM,{2B},{94}
40d703b8-fac2-439d-85c1-cd14df375763,218502870,Commune de Tallud-Sainte-Gemme (85),false,{85287},Commune,2026-03-24 14:42:10.508772+01,gold_establishments_2025,,,,21850287000015,2025,Collectivité Territoriale,Commune,['Vendée'],['Pays de la Loire'],COM,{85},{52}
08bb7fb3-973f-4418-b4cd-67aec38a33fc,218006989,Commune de Talmas (80),false,{80746},Commune,2026-03-24 14:42:09.967209+01,gold_establishments_2025,,,,21800698900014,2025,Collectivité Territoriale,Commune,['Somme'],['Hauts-de-France'],COM,{80},{32}
32d3cf53-a3ee-4b5f-a523-51703a96b53a,212106181,Commune de Talmay (21),false,{21618},Commune,2026-03-24 14:41:55.433389+01,gold_establishments_2025,,,,21210618100010,2025,Collectivité Territoriale,Commune,"[""Côte-d'Or""]",['Bourgogne-Franche-Comté'],COM,{21},{27}
9b2b23af-34e1-4e6c-9ac2-47ade71d86a3,218502888,Commune de Talmont-Saint-Hilaire (85),false,{85288},Commune,2026-03-24 14:42:10.508772+01,gold_establishments_2025,,,,21850288800017,2025,Collectivité Territoriale,Commune,['Vendée'],['Pays de la Loire'],COM,{85},{52}
3aa23d57-956d-47e0-9e92-86e83bd3057a,211704374,Commune de Talmont-sur-Gironde (17),false,{17437},Commune,2026-03-24 14:41:54.903238+01,gold_establishments_2025,,,,21170437400019,2025,Collectivité Territoriale,Commune,['Charente-Maritime'],['Nouvelle-Aquitaine'],COM,{17},{75}
5f7021b9-6a5c-4714-8251-3028e71783e6,216006171,Commune de Talmontiers (60),false,{60626},Commune,2026-03-24 14:42:04.814328+01,gold_establishments_2025,,,,21600617100013,2025,Collectivité Territoriale,Commune,['Oise'],['Hauts-de-France'],COM,{60},{32}
02038a2a-f02a-4926-99d9-6633ff74c72a,215802844,Commune de Talon (58),false,{58284},Commune,2026-03-24 14:42:04.280096+01,gold_establishments_2025,,,,21580284400013,2025,Collectivité Territoriale,Commune,['Nièvre'],['Bourgogne-Franche-Comté'],COM,{58},{27}
32043063-fd74-4f4a-9123-f14c1e4eb994,215105222,Commune de Talus-Saint-Prix (51),false,{51563},Commune,2026-03-24 14:42:01.954481+01,gold_establishments_2025,,,,21510522200016,2025,Collectivité Territoriale,Commune,['Marne'],['Grand Est'],COM,{51},{44}
07de7aaf-1e03-46bd-87d8-d03bb539c016,216902411,Commune de Taluyers (69),false,{69241},Commune,2026-03-24 14:42:07.735343+01,gold_establishments_2025,,,,21690241100018,2025,Collectivité Territoriale,Commune,['Rhône'],['Auvergne-Rhône-Alpes'],COM,{69},{84}
17ca6517-3a90-4e5f-9666-7de6c0037d9d,215005885,Commune de Tamerville (50),false,{50588},Commune,2026-03-24 14:42:01.412377+01,gold_establishments_2025,,,,21500588500011,2025,Collectivité Territoriale,Commune,['Manche'],['Normandie'],COM,{50},{28}
522ec180-b6a4-49a2-b0a1-4269cf2f6dbe,215802851,Commune de Tamnay-en-Bazois (58),false,{58285},Commune,2026-03-24 14:42:04.280096+01,gold_establishments_2025,,,,21580285100018,2025,Collectivité Territoriale,Commune,['Nièvre'],['Bourgogne-Franche-Comté'],COM,{58},{27}
ec5b4d73-ae4c-42b0-a39e-773399939fa8,212405443,Commune de Tamniès (24),false,{24544},Commune,2026-03-24 14:41:55.958138+01,gold_establishments_2025,,,,21240544300012,2025,Collectivité Territoriale,Commune,['Dordogne'],['Nouvelle-Aquitaine'],COM,{24},{75}
7b5e77ed-3fb1-439f-8de4-6ea9232bc578,211502323,Commune de Tanavelle (15),false,{15232},Commune,2026-03-24 14:41:54.362296+01,gold_establishments_2025,,,,21150232300010,2025,Collectivité Territoriale,Commune,['Cantal'],['Auvergne-Rhône-Alpes'],COM,{15},{84}
0f87296e-ae2e-4ec3-ade3-87b188bab0b8,212106199,Commune de Tanay (21),false,{21619},Commune,2026-03-24 14:41:55.433389+01,gold_establishments_2025,,,,21210619900012,2025,Collectivité Territoriale,Commune,"[""Côte-d'Or""]",['Bourgogne-Franche-Comté'],COM,{21},{27}
6eecd637-6dcf-4779-9eef-9e4f0e06b505,217606847,Commune de Tancarville (76),false,{76684},Commune,2026-03-24 14:42:08.818969+01,gold_establishments_2025,,,,21760684700010,2025,Collectivité Territoriale,Commune,['Seine-Maritime'],['Normandie'],COM,{76},{28}
ce3da237-342a-448a-bffe-64a0a175c145,217105337,Commune de Tancon (71),false,{71533},Commune,2026-03-24 14:42:08.279287+01,gold_establishments_2025,,,,21710533700018,2025,Collectivité Territoriale,Commune,['Saône-et-Loire'],['Bourgogne-Franche-Comté'],COM,{71},{27}
0d147bea-31d6-4220-af24-08b290a11981,215405127,Commune de Tanconville (54),false,{54512},Commune,2026-03-24 14:42:02.957225+01,gold_establishments_2025,,,,21540512700014,2025,Collectivité Territoriale,Commune,['Meurthe-et-Moselle'],['Grand Est'],COM,{54},{44}
04bfcda2-92fa-47ac-862b-1afa96d05912,217704600,Commune de Tancrou (77),false,{77460},Commune,2026-03-24 14:42:09.43682+01,gold_establishments_2025,,,,21770460000014,2025,Collectivité Territoriale,Commune,['Seine-et-Marne'],['Île-de-France'],COM,{77},{11}
acc3728a-e5f9-450e-a0a2-459eb6a45e19,216208058,Commune de Tangry (62),false,{62805},Commune,2026-03-24 14:42:06.130387+01,gold_establishments_2025,,,,21620805800018,2025,Collectivité Territoriale,Commune,['Pas-de-Calais'],['Hauts-de-France'],COM,{62},{32}
33caa5f4-a8ad-465c-bc46-3b81e75f28b7,217402767,Commune de Taninges (74),false,{74276},Commune,2026-03-24 14:42:08.818969+01,gold_establishments_2025,,,,21740276700016,2025,Collectivité Territoriale,Commune,['Haute-Savoie'],['Auvergne-Rhône-Alpes'],COM,{74},{84}
a7f066e5-b68a-4126-89b6-d043cb0fa711,215005893,Commune de Tanis (50),false,{50589},Commune,2026-03-24 14:42:01.412377+01,gold_establishments_2025,,,,21500589300015,2025,Collectivité Territoriale,Commune,['Manche'],['Normandie'],COM,{50},{28}
7a4a0b1e-4b65-402e-abc3-c5b17d6cdab3,218904076,Commune de Tanlay (89),false,{89407},Commune,2026-03-24 14:42:11.659493+01,gold_establishments_2025,,,,21890407600013,2025,Collectivité Territoriale,Commune,['Yonne'],['Bourgogne-Franche-Comté'],COM,{89},{27}
4d7081fe-5fbf-4135-a95f-bd6069d81a2b,215802869,Commune de Tannay (58),false,{58286},Commune,2026-03-24 14:42:04.280096+01,gold_establishments_2025,,,,21580286900010,2025,Collectivité Territoriale,Commune,['Nièvre'],['Bourgogne-Franche-Comté'],COM,{58},{27}
33ad2b8f-1989-4076-9f07-304ed04505e4,210804001,Commune de Tannay-le-Mont-Dieu (08),false,{08439},Commune,2026-03-24 14:41:53.095366+01,gold_establishments_2025,,,,21080400100019,2025,Collectivité Territoriale,Commune,['Ardennes'],['Grand Est'],COM,{08},{44}
93970fca-e7fd-4a7e-a09f-5eed9b1e1b80,218301331,Commune de Tanneron (83),false,{83133},Commune,2026-03-24 14:42:10.508772+01,gold_establishments_2025,,,,21830133100011,2025,Collectivité Territoriale,Commune,['Var'],"[""Provence-Alpes-Côte d'Azur""]",COM,{83},{93}
ad10f078-111f-4c43-a369-97009cf50b2c,218904084,Commune de Tannerre-en-Puisaye (89),false,{89408},Commune,2026-03-24 14:42:11.659493+01,gold_establishments_2025,,,,21890408400017,2025,Collectivité Territoriale,Commune,['Yonne'],['Bourgogne-Franche-Comté'],COM,{89},{27}
91cb72ab-ff77-4914-829c-0951d0c08b70,210207080,Commune de Tannières (02),false,{02735},Commune,2026-03-24 14:41:52.020251+01,gold_establishments_2025,,,,21020708000016,2025,Collectivité Territoriale,Commune,['Aisne'],['Hauts-de-France'],COM,{02},{32}
32a9c85b-60dc-4fdf-9156-f1b983de5799,215505041,Commune de Tannois (55),false,{55504},Commune,2026-03-24 14:42:03.701372+01,gold_establishments_2025,,,,21550504100016,2025,Collectivité Territoriale,Commune,['Meuse'],['Grand Est'],COM,{55},{44}
51866114-8aae-483e-993a-09c343e5a761,216104794,Commune de Tanques (61),false,{61479},Commune,2026-03-24 14:42:05.597325+01,gold_establishments_2025,,,,21610479400013,2025,Collectivité Territoriale,Commune,['Orne'],['Normandie'],COM,{61},{28}
1d82a629-3ca5-45af-aa3e-82e9791dd91b,215405135,Commune de Tantonville (54),false,{54513},Commune,2026-03-24 14:42:02.957225+01,gold_establishments_2025,,,,21540513500017,2025,Collectivité Territoriale,Commune,['Meurthe-et-Moselle'],['Grand Est'],COM,{54},{44}
bfa468e6-fd2a-4299-acb5-908b7535baf0,218102929,Commune de Tanus (81),false,{81292},Commune,2026-03-24 14:42:09.967209+01,gold_establishments_2025,,,,21810292900013,2025,Collectivité Territoriale,Commune,['Tarn'],['Occitanie'],COM,{81},{76}
e4d79296-8b7c-405b-95f0-07567edb5a22,216104802,Commune de Tanville (61),false,{61480},Commune,2026-03-24 14:42:05.597325+01,gold_establishments_2025,,,,21610480200014,2025,Collectivité Territoriale,Commune,['Orne'],['Normandie'],COM,{61},{28}
f9cb9a36-8e1f-4a8b-a0a9-d04819d6da7a,211704382,Commune de Tanzac (17),false,{17438},Commune,2026-03-24 14:41:54.903238+01,gold_establishments_2025,,,,21170438200012,2025,Collectivité Territoriale,Commune,['Charente-Maritime'],['Nouvelle-Aquitaine'],COM,{17},{75}
ba9bd499-2899-43ac-9cd9-dabf649d6430,216902429,Commune de Taponas (69),false,{69242},Commune,2026-03-24 14:42:07.735343+01,gold_establishments_2025,,,,21690242900010,2025,Collectivité Territoriale,Commune,['Rhône'],['Auvergne-Rhône-Alpes'],COM,{69},{84}
1eeb5319-d99d-44a9-8d9e-e5f3fae4d4c6,211603790,Commune de Taponnat-Fleurignac (16),false,{16379},Commune,2026-03-24 14:41:54.362296+01,gold_establishments_2025,,,,21160379000018,2025,Collectivité Territoriale,Commune,['Charente'],['Nouvelle-Aquitaine'],COM,{16},{75}
00e06f6c-ec67-413c-961a-843c585a30cb,213105513,Commune de Tarabel (31),false,{31551},Commune,2026-03-24 14:41:58.09424+01,gold_establishments_2025,,,,21310551300013,2025,Collectivité Territoriale,Commune,['Haute-Garonne'],['Occitanie'],COM,{31},{76}
7c6fe86a-b56a-4d93-a21e-0d1c9750f387,218301349,Commune de Taradeau (83),false,{83134},Commune,2026-03-24 14:42:10.508772+01,gold_establishments_2025,,,,21830134900013,2025,Collectivité Territoriale,Commune,['Var'],"[""Provence-Alpes-Côte d'Azur""]",COM,{83},{93}
38d60f0c-a7a0-4ae0-8907-309769599715,216902437,Commune de Tarare (69),false,{69243},Commune,2026-03-24 14:42:07.735343+01,gold_establishments_2025,,,,21690243700013,2025,Collectivité Territoriale,Commune,['Rhône'],['Auvergne-Rhône-Alpes'],COM,{69},{84}
85fc5a59-6979-4ff2-b826-d0a32bf23a72,211301080,Commune de Tarascon (13),false,{13108},Commune,2026-03-24 14:41:53.63825+01,gold_establishments_2025,,,,21130108000019,2025,Collectivité Territoriale,Commune,['Bouches-du-Rhône'],"[""Provence-Alpes-Côte d'Azur""]",COM,{13},{93}
74a49adb-b2ef-446f-aea1-7db8af9ef326,210903068,Commune de Tarascon-sur-Ariège (09),false,{09306},Commune,2026-03-24 14:41:53.095366+01,gold_establishments_2025,,,,21090306800018,2025,Collectivité Territoriale,Commune,['Ariège'],['Occitanie'],COM,{09},{76}
eb7dd7f1-ca9d-4c22-b939-06ffed436957,216504399,Commune de Tarasteix (65),false,{65439},Commune,2026-03-24 14:42:06.665412+01,gold_establishments_2025,,,,21650439900017,2025,Collectivité Territoriale,Commune,['Hautes-Pyrénées'],['Occitanie'],COM,{65},{76}
09965265-533b-4f24-8517-f4d2282addd7,216504407,Commune de Tarbes (65),false,{65440},Commune,2026-03-24 14:42:06.665412+01,gold_establishments_2025,,,,21650440700018,2025,Collectivité Territoriale,Commune,['Hautes-Pyrénées'],['Occitanie'],COM,{65},{76}
de93a187-d539-4b5e-8351-8d0a7e74cd07,200082758,Commune de Tarcenay-Foucherans (25),false,{25558},Commune,2026-03-24 14:41:56.495197+01,gold_establishments_2025,,,,20008275800018,2025,Collectivité Territoriale,Commune,['Doubs'],['Bourgogne-Franche-Comté'],COM,{25},{27}
ec5f6eb5-3e80-44e5-aae9-6ad79f82e723,212325104,Commune de Tardes (23),false,{23251},Commune,2026-03-24 14:41:55.958138+01,gold_establishments_2025,,,,21232510400017,2025,Collectivité Territoriale,Commune,['Creuse'],['Nouvelle-Aquitaine'],COM,{23},{75}
7996c151-fc73-432c-9350-675b573e9fd6,216405332,Commune de Tardets-Sorholus (64),false,{64533},Commune,2026-03-24 14:42:06.665412+01,gold_establishments_2025,,,,21640533200018,2025,Collectivité Territoriale,Commune,['Pyrénées-Atlantiques'],['Nouvelle-Aquitaine'],COM,{64},{75}
9d527ee1-40ab-479a-8c49-9a10d60974f9,216208066,Commune de Tardinghen (62),false,{62806},Commune,2026-03-24 14:42:06.130387+01,gold_establishments_2025,,,,21620806600011,2025,Collectivité Territoriale,Commune,['Pas-de-Calais'],['Hauts-de-France'],COM,{62},{32}
5337fd95-b0ac-4fe8-8f21-94e86913ba7b,214203069,Commune de Tarentaise (42),false,{42306},Commune,2026-03-24 14:42:00.273698+01,gold_establishments_2025,,,,21420306900015,2025,Collectivité Territoriale,Commune,['Loire'],['Auvergne-Rhône-Alpes'],COM,{42},{84}
e70e1104-a6a8-4624-879f-929d71c11648,216602011,Commune de Tarerach (66),false,{66201},Commune,2026-03-24 14:42:06.665412+01,gold_establishments_2025,,,,21660201100019,2025,Collectivité Territoriale,Commune,['Pyrénées-Orientales'],['Occitanie'],COM,{66},{76}
ce17943d-8e5e-41c6-8e17-6092348dac9d,216602029,Commune de Targasonne (66),false,{66202},Commune,2026-03-24 14:42:06.665412+01,gold_establishments_2025,,,,21660202900011,2025,Collectivité Territoriale,Commune,['Pyrénées-Orientales'],['Occitanie'],COM,{66},{76}
924eb25e-073b-4414-88f0-dd07b291e108,210302774,Commune de Target (03),false,{03277},Commune,2026-03-24 14:41:52.020251+01,gold_establishments_2025,,,,21030277400018,2025,Collectivité Territoriale,Commune,['Allier'],['Auvergne-Rhône-Alpes'],COM,{03},{84}
237a9f2e-4de5-4ff8-a168-bd680352161a,213305238,Commune de Targon (33),false,{33523},Commune,2026-03-24 14:41:58.620411+01,gold_establishments_2025,,,,21330523800015,2025,Collectivité Territoriale,Commune,['Gironde'],['Nouvelle-Aquitaine'],COM,{33},{75}
192297e5-40f4-4796-9ee1-e75f1267101d,211926506,Commune de Tarnac (19),false,{19265},Commune,2026-03-24 14:41:55.433389+01,gold_establishments_2025,,,,21192650600018,2025,Collectivité Territoriale,Commune,['Corrèze'],['Nouvelle-Aquitaine'],COM,{19},{75}
66144166-a94d-48a4-85b0-5dc47526af34,214003121,Commune de Tarnos (40),false,{40312},Commune,2026-03-24 14:41:59.705606+01,gold_establishments_2025,,,,21400312100016,2025,Collectivité Territoriale,Commune,['Landes'],['Nouvelle-Aquitaine'],COM,{40},{75}
b382d4fc-9bdf-42cd-969d-ea4731a7137e,213305246,Commune de Tarnès (33),false,{33524},Commune,2026-03-24 14:41:58.620411+01,gold_establishments_2025,,,,21330524600018,2025,Collectivité Territoriale,Commune,['Gironde'],['Nouvelle-Aquitaine'],COM,{33},{75}
dbac1c7b-c2b1-456b-843a-23c18d4de7ce,216405340,Commune de Taron-Sadirac-Viellenave (64),false,{64534},Commune,2026-03-24 14:42:06.665412+01,gold_establishments_2025,,,,21640534000011,2025,Collectivité Territoriale,Commune,['Pyrénées-Atlantiques'],['Nouvelle-Aquitaine'],COM,{64},{75}
5c00902a-372f-4359-8079-8441b5f29408,215706649,Commune de Tarquimpol (57),false,{57664},Commune,2026-03-24 14:42:04.280096+01,gold_establishments_2025,,,,21570664900013,2025,Collectivité Territoriale,Commune,['Moselle'],['Grand Est'],COM,{57},{44}
19568854-10b7-4902-bad6-a06e3c19609b,212003214,Commune de Tarrano (2B),false,{2B321},Commune,2026-03-24 14:41:57.56054+01,gold_establishments_2025,,,,21200321400013,2025,Collectivité Territoriale,Commune,['Haute-Corse'],['Corse'],COM,{2B},{94}
64cdf4ec-4aca-4754-82e5-3e95a8099a5d,213204399,Commune de Tarsac (32),false,{32439},Commune,2026-03-24 14:41:58.09424+01,gold_establishments_2025,,,,21320439900017,2025,Collectivité Territoriale,Commune,['Gers'],['Occitanie'],COM,{32},{76}
417ed7f9-de01-415c-9feb-00165127ae5f,216405357,Commune de Tarsacq (64),false,{64535},Commune,2026-03-24 14:42:06.665412+01,gold_establishments_2025,,,,21640535700015,2025,Collectivité Territoriale,Commune,['Pyrénées-Atlantiques'],['Nouvelle-Aquitaine'],COM,{64},{75}
722f1eb1-8773-4898-bcb3-24f80ad9e8aa,212106207,Commune de Tarsul (21),false,{21620},Commune,2026-03-24 14:41:55.433389+01,gold_establishments_2025,,,,21210620700013,2025,Collectivité Territoriale,Commune,"[""Côte-d'Or""]",['Bourgogne-Franche-Comté'],COM,{21},{27}
14ab6d18-825f-4edb-9e72-a0f09b426fb4,200086981,Commune de Tart (21),false,{21623},Commune,2026-03-24 14:41:55.433389+01,gold_establishments_2025,,,,20008698100046,2025,Collectivité Territoriale,Commune,"[""Côte-d'Or""]",['Bourgogne-Franche-Comté'],COM,{21},{27}
5a4599d7-10db-4f44-b06c-1469318a884e,212106223,Commune de Tart-le-Bas (21),false,{21622},Commune,2026-03-24 14:41:55.433389+01,gold_establishments_2025,,,,21210622300010,2025,Collectivité Territoriale,Commune,"[""Côte-d'Or""]",['Bourgogne-Franche-Comté'],COM,{21},{27}
936fbb85-1abd-4c6a-b899-310cd7ddfe44,214203077,Commune de Tartaras (42),false,{42307},Commune,2026-03-24 14:42:00.273698+01,gold_establishments_2025,,,,21420307700018,2025,Collectivité Territoriale,Commune,['Loire'],['Auvergne-Rhône-Alpes'],COM,{42},{84}
d0c37060-d379-4ceb-bffc-bc5f9a40cad9,214003139,Commune de Tartas (40),false,{40313},Commune,2026-03-24 14:41:59.705606+01,gold_establishments_2025,,,,21400313900018,2025,Collectivité Territoriale,Commune,['Landes'],['Nouvelle-Aquitaine'],COM,{40},{75}
fe6467fa-8028-40da-ae2d-755e4a680cf5,210207098,Commune de Tartiers (02),false,{02736},Commune,2026-03-24 14:41:52.020251+01,gold_establishments_2025,,,,21020709800018,2025,Collectivité Territoriale,Commune,['Aisne'],['Hauts-de-France'],COM,{02},{32}
1ebaab68-3bec-421d-b509-83c8796f5849,216006189,Commune de Tartigny (60),false,{60627},Commune,2026-03-24 14:42:04.814328+01,gold_establishments_2025,,,,21600618900015,2025,Collectivité Territoriale,Commune,['Oise'],['Hauts-de-France'],COM,{60},{32}
c577f476-c0e4-497d-9271-9b9b2ac2c70a,210402145,Commune de Tartonne (04),false,{04214},Commune,2026-03-24 14:41:52.562531+01,gold_establishments_2025,,,,21040214500010,2025,Collectivité Territoriale,Commune,['Alpes-de-Haute-Provence'],"[""Provence-Alpes-Côte d'Azur""]",COM,{04},{93}
949a0adf-4f44-4dbc-b6c7-2e988fc1e426,217004969,Commune de Tartécourt (70),false,{70496},Commune,2026-03-24 14:42:07.735343+01,gold_establishments_2025,,,,21700496900010,2025,Collectivité Territoriale,Commune,['Haute-Saône'],['Bourgogne-Franche-Comté'],COM,{70},{27}
0f70e98e-99cc-4c54-96fa-5d9de73d6f4d,210804019,Commune de Tarzy (08),false,{08440},Commune,2026-03-24 14:41:53.095366+01,gold_establishments_2025,,,,21080401900011,2025,Collectivité Territoriale,Commune,['Ardennes'],['Grand Est'],COM,{08},{44}
1ea831ab-2cd8-417a-97e2-74ba40583029,213204407,Commune de Tasque (32),false,{32440},Commune,2026-03-24 14:41:58.09424+01,gold_establishments_2025,,,,21320440700018,2025,Collectivité Territoriale,Commune,['Gers'],['Occitanie'],COM,{32},{76}
366aa89f-85b8-4c77-9525-d8bfa29ab0aa,213905250,Commune de Tassenières (39),false,{39525},Commune,2026-03-24 14:41:59.705606+01,gold_establishments_2025,,,,21390525000014,2025,Collectivité Territoriale,Commune,['Jura'],['Bourgogne-Franche-Comté'],COM,{39},{27}
2b229102-9cce-4436-9f25-a8d66b8d56bb,217203488,Commune de Tassillé (72),false,{72348},Commune,2026-03-24 14:42:08.279287+01,gold_establishments_2025,,,,21720348800010,2025,Collectivité Territoriale,Commune,['Sarthe'],['Pays de la Loire'],COM,{72},{52}
0321e551-5f3c-4610-832d-d4fe22dd2c55,216902445,Commune de Tassin-la-Demi-Lune (69),false,{69244},Commune,2026-03-24 14:42:07.735343+01,gold_establishments_2025,,,,21690244500016,2025,Collectivité Territoriale,Commune,['Rhône'],['Auvergne-Rhône-Alpes'],COM,{69},{84}
ae108ba3-8f3a-4cb2-8a84-883f76a47ae8,212003222,Commune de Tasso (2A),false,{2A322},Commune,2026-03-24 14:41:57.56054+01,gold_establishments_2025,,,,21200322200016,2025,Collectivité Territoriale,Commune,['Corse-du-Sud'],['Corse'],COM,{2A},{94}
2aca1f1a-d44b-4cec-8f14-c9499dcfe458,217203470,Commune de Tassé (72),false,{72347},Commune,2026-03-24 14:42:08.279287+01,gold_establishments_2025,,,,21720347000018,2025,Collectivité Territoriale,Commune,['Sarthe'],['Pays de la Loire'],COM,{72},{52}
54aff1e9-f041-4c47-a1ba-a0cf3675d18b,211704390,Commune de Taugon (17),false,{17439},Commune,2026-03-24 14:41:54.903238+01,gold_establishments_2025,,,,21170439000015,2025,Collectivité Territoriale,Commune,['Charente-Maritime'],['Nouvelle-Aquitaine'],COM,{17},{75}
6043bff0-b3c0-40ed-8a7a-73cf6fb83a17,212603484,Commune de Taulignan (26),false,{26348},Commune,2026-03-24 14:41:56.495197+01,gold_establishments_2025,,,,21260348400016,2025,Collectivité Territoriale,Commune,['Drôme'],['Auvergne-Rhône-Alpes'],COM,{26},{84}
db93e506-6f00-4d4e-bd23-788c9363bbe0,216602037,Commune de Taulis (66),false,{66203},Commune,2026-03-24 14:42:06.665412+01,gold_establishments_2025,,,,21660203700014,2025,Collectivité Territoriale,Commune,['Pyrénées-Orientales'],['Occitanie'],COM,{66},{76}
7f68d21f-378a-4dd0-b13c-b971e2574114,212902795,Commune de Taulé (29),false,{29279},Commune,2026-03-24 14:41:57.56054+01,gold_establishments_2025,,,,21290279500013,2025,Collectivité Territoriale,Commune,['Finistère'],['Bretagne'],COM,{29},{53}
c1abf548-4c4c-42de-b287-6d7b67881ff5,215602491,Commune de Taupont (56),false,{56249},Commune,2026-03-24 14:42:03.701372+01,gold_establishments_2025,,,,21560249100015,2025,Collectivité Territoriale,Commune,['Morbihan'],['Bretagne'],COM,{56},{53}
8d0b3b5e-14cf-43f3-a323-b80e98140ae6,213305253,Commune de Tauriac (33),false,{33525},Commune,2026-03-24 14:41:58.620411+01,gold_establishments_2025,,,,21330525300014,2025,Collectivité Territoriale,Commune,['Gironde'],['Nouvelle-Aquitaine'],COM,{33},{75}
73c39584-7cd2-42d3-813f-3427ce1f19b7,214603136,Commune de Tauriac (46),false,{46313},Commune,2026-03-24 14:42:00.862623+01,gold_establishments_2025,,,,21460313600018,2025,Collectivité Territoriale,Commune,['Lot'],['Occitanie'],COM,{46},{76}
1ada9dea-f895-41ff-b4e3-842d78313355,218102937,Commune de Tauriac (81),false,{81293},Commune,2026-03-24 14:42:09.967209+01,gold_establishments_2025,,,,21810293700016,2025,Collectivité Territoriale,Commune,['Tarn'],['Occitanie'],COM,{81},{76}
8b7ca530-b4b6-4a15-beda-df86d378ad74,211202759,Commune de Tauriac-de-Camarès (12),false,{12275},Commune,2026-03-24 14:41:53.63825+01,gold_establishments_2025,,,,21120275900018,2025,Collectivité Territoriale,Commune,['Aveyron'],['Occitanie'],COM,{12},{76}
723240c1-b969-43d1-a055-461dbdc8204d,211202767,Commune de Tauriac-de-Naucelle (12),false,{12276},Commune,2026-03-24 14:41:53.63825+01,gold_establishments_2025,,,,21120276700011,2025,Collectivité Territoriale,Commune,['Aveyron'],['Occitanie'],COM,{12},{76}
89856a96-bf8e-4911-be4d-6547bbadf0c3,210703187,Commune de Tauriers (07),false,{07318},Commune,2026-03-24 14:41:52.562531+01,gold_establishments_2025,,,,21070318700018,2025,Collectivité Territoriale,Commune,['Ardèche'],['Auvergne-Rhône-Alpes'],COM,{07},{84}
c81c5753-6a1d-43b7-8256-49297ea07572,210903076,Commune de Taurignan-Castet (09),false,{09307},Commune,2026-03-24 14:41:53.095366+01,gold_establishments_2025,,,,21090307600011,2025,Collectivité Territoriale,Commune,['Ariège'],['Occitanie'],COM,{09},{76}
1a5c2978-f305-4ead-9ab3-b6cd1cfe3f1c,210903084,Commune de Taurignan-Vieux (09),false,{09308},Commune,2026-03-24 14:41:53.095366+01,gold_establishments_2025,,,,21090308400015,2025,Collectivité Territoriale,Commune,['Ariège'],['Occitanie'],COM,{09},{76}
f112de8f-03ed-45ea-aa05-f742d652bac6,216602045,Commune de Taurinya (66),false,{66204},Commune,2026-03-24 14:42:06.665412+01,gold_establishments_2025,,,,21660204500017,2025,Collectivité Territoriale,Commune,['Pyrénées-Orientales'],['Occitanie'],COM,{66},{76}
0f69408a-e98d-4e46-8312-2681ac58be67,211103874,Commune de Taurize (11),false,{11387},Commune,2026-03-24 14:41:53.63825+01,gold_establishments_2025,,,,21110387400015,2025,Collectivité Territoriale,Commune,['Aude'],['Occitanie'],COM,{11},{76}
d7bd34c5-7a0a-47c9-927a-fa0d6a5c0ef7,211202775,Commune de Taussac (12),false,{12277},Commune,2026-03-24 14:41:53.63825+01,gold_establishments_2025,,,,21120277500014,2025,Collectivité Territoriale,Commune,['Aveyron'],['Occitanie'],COM,{12},{76}
7abe28e8-0af3-4aef-bd78-2eeac467a167,213403082,Commune de Taussac-la-Billière (34),false,{34308},Commune,2026-03-24 14:41:58.620411+01,gold_establishments_2025,,,,21340308200018,2025,Collectivité Territoriale,Commune,['Hérault'],['Occitanie'],COM,{34},{76}
e9e138c8-952e-41a0-8ffa-3ce01d11450f,216602052,Commune de Tautavel (66),false,{66205},Commune,2026-03-24 14:42:06.665412+01,gold_establishments_2025,,,,21660205200013,2025,Collectivité Territoriale,Commune,['Pyrénées-Orientales'],['Occitanie'],COM,{66},{76}
6be83bc8-7b5a-4492-9e68-d86b08bd7bb6,216304261,Commune de Tauves (63),false,{63426},Commune,2026-03-24 14:42:06.130387+01,gold_establishments_2025,,,,21630426100011,2025,Collectivité Territoriale,Commune,['Puy-de-Dôme'],['Auvergne-Rhône-Alpes'],COM,{63},{84}
080d1398-a5b8-445c-9d77-3d566104503b,200076297,Commune de Tauxigny-Saint-Bauld (37),false,{37254},Commune,2026-03-24 14:41:59.160244+01,gold_establishments_2025,,,,20007629700015,2025,Collectivité Territoriale,Commune,['Indre-et-Loire'],['Centre-Val de Loire'],COM,{37},{24}
9704b6db-01c4-4311-81b8-490d5370fa59,212003230,Commune de Tavaco (2A),false,{2A323},Commune,2026-03-24 14:41:57.56054+01,gold_establishments_2025,,,,21200323000019,2025,Collectivité Territoriale,Commune,['Corse-du-Sud'],['Corse'],COM,{2A},{94}
a4b58ef9-6e06-413d-a712-215a37e48339,213702558,Commune de Tavant (37),false,{37255},Commune,2026-03-24 14:41:59.160244+01,gold_establishments_2025,,,,21370255800015,2025,Collectivité Territoriale,Commune,['Indre-et-Loire'],['Centre-Val de Loire'],COM,{37},{24}
b835142b-db3c-4f3c-aa12-0b876c4626aa,213905268,Commune de Tavaux (39),false,{39526},Commune,2026-03-24 14:41:59.705606+01,gold_establishments_2025,,,,21390526800016,2025,Collectivité Territoriale,Commune,['Jura'],['Bourgogne-Franche-Comté'],COM,{39},{27}
d71fa6bb-9bcb-473a-9a62-3dff029f2050,210207106,Commune de Tavaux-et-Pontséricourt (02),false,{02737},Commune,2026-03-24 14:41:52.020251+01,gold_establishments_2025,,,,21020710600019,2025,Collectivité Territoriale,Commune,['Aisne'],['Hauts-de-France'],COM,{02},{32}
648d4257-2323-4fba-8a6c-7b63702fc9c6,213003262,Commune de Tavel (30),false,{30326},Commune,2026-03-24 14:41:57.56054+01,gold_establishments_2025,,,,21300326200010,2025,Collectivité Territoriale,Commune,['Gard'],['Occitanie'],COM,{30},{76}
211872ac-7b01-4abd-a83d-fdae8a296289,212003248,Commune de Tavera (2A),false,{2A324},Commune,2026-03-24 14:41:57.56054+01,gold_establishments_2025,,,,21200324800011,2025,Collectivité Territoriale,Commune,['Corse-du-Sud'],['Corse'],COM,{2A},{94}
be39fcc6-66dc-4ceb-9bb1-f603e07161a2,217105352,Commune de Tavernay (71),false,{71535},Commune,2026-03-24 14:42:08.279287+01,gold_establishments_2025,,,,21710535200017,2025,Collectivité Territoriale,Commune,['Saône-et-Loire'],['Bourgogne-Franche-Comté'],COM,{71},{27}
bcce8b2f-6aaa-4898-9ae4-e8160752efbb,218301356,Commune de Tavernes (83),false,{83135},Commune,2026-03-24 14:42:10.508772+01,gold_establishments_2025,,,,21830135600018,2025,Collectivité Territoriale,Commune,['Var'],"[""Provence-Alpes-Côte d'Azur""]",COM,{83},{93}
6ef28127-c8a4-4d82-8d82-8a29ab1f3112,219506078,Commune de Taverny (95),false,{95607},Commune,2026-03-24 14:42:11.659493+01,gold_establishments_2025,,,,21950607800308,2025,Collectivité Territoriale,Commune,"[""Val-d'Oise""]",['Île-de-France'],COM,{95},{11}
43df8b7f-9d4f-4507-b880-3d4c720fb900,214503179,Commune de Tavers (45),false,{45317},Commune,2026-03-24 14:42:00.862623+01,gold_establishments_2025,,,,21450317900019,2025,Collectivité Territoriale,Commune,['Loiret'],['Centre-Val de Loire'],COM,{45},{24}
0a1c7ab8-693d-4e00-81e8-d9249a408fa9,210302782,Commune de Taxat-Senat (03),false,{03278},Commune,2026-03-24 14:41:52.020251+01,gold_establishments_2025,,,,21030278200011,2025,Collectivité Territoriale,Commune,['Allier'],['Auvergne-Rhône-Alpes'],COM,{03},{84}
e9b936a4-ead6-428b-a30f-92e8e4d5d0f5,213905276,Commune de Taxenne (39),false,{39527},Commune,2026-03-24 14:41:59.705606+01,gold_establishments_2025,,,,21390527600019,2025,Collectivité Territoriale,Commune,['Jura'],['Bourgogne-Franche-Comté'],COM,{39},{27}
81066412-054a-4017-832e-cb0566d572db,213305261,Commune de Tayac (33),false,{33526},Commune,2026-03-24 14:41:58.620411+01,gold_establishments_2025,,,,21330526100017,2025,Collectivité Territoriale,Commune,['Gironde'],['Nouvelle-Aquitaine'],COM,{33},{75}
710a366e-348a-4f88-8d1c-b45970ac3679,213204415,Commune de Taybosc (32),false,{32441},Commune,2026-03-24 14:41:58.09424+01,gold_establishments_2025,,,,21320441500011,2025,Collectivité Territoriale,Commune,['Gers'],['Occitanie'],COM,{32},{76}
03e5a750-c9f3-4311-a3a9-a0ab5d84a6f7,211202783,Commune de Tayrac (12),false,{12278},Commune,2026-03-24 14:41:53.63825+01,gold_establishments_2025,,,,21120278300018,2025,Collectivité Territoriale,Commune,['Aveyron'],['Occitanie'],COM,{12},{76}
55ec78c9-178d-4d47-9420-080b1b914ff1,214703050,Commune de Tayrac (47),false,{47305},Commune,2026-03-24 14:42:00.862623+01,gold_establishments_2025,,,,21470305000010,2025,Collectivité Territoriale,Commune,['Lot-et-Garonne'],['Nouvelle-Aquitaine'],COM,{47},{75}
4c1dd9ce-7c7d-439e-8ab1-6f67c0185a33,215802877,Commune de Tazilly (58),false,{58287},Commune,2026-03-24 14:42:04.280096+01,gold_establishments_2025,,,,21580287700013,2025,Collectivité Territoriale,Commune,['Nièvre'],['Bourgogne-Franche-Comté'],COM,{58},{27}
d20c4ccd-11ce-402e-b3a1-2a59b89e5ea6,218102911,Commune de Taïx (81),false,{81291},Commune,2026-03-24 14:42:09.967209+01,gold_establishments_2025,,,,21810291100011,2025,Collectivité Territoriale,Commune,['Tarn'],['Occitanie'],COM,{81},{76}
3ebbb508-7bde-48f7-9769-b50ba3fad275,215802885,Commune de Teigny (58),false,{58288},Commune,2026-03-24 14:42:04.280096+01,gold_establishments_2025,,,,21580288500016,2025,Collectivité Territoriale,Commune,['Nièvre'],['Bourgogne-Franche-Comté'],COM,{58},{27}
87e9bbab-ccc3-4864-8721-673ef68f80a9,210903092,Commune de Teilhet (09),false,{09309},Commune,2026-03-24 14:41:53.095366+01,gold_establishments_2025,,,,21090309200018,2025,Collectivité Territoriale,Commune,['Ariège'],['Occitanie'],COM,{09},{76}
7561ce87-ef98-4390-873a-b438da76732d,216304287,Commune de Teilhet (63),false,{63428},Commune,2026-03-24 14:42:06.130387+01,gold_establishments_2025,,,,21630428700016,2025,Collectivité Territoriale,Commune,['Puy-de-Dôme'],['Auvergne-Rhône-Alpes'],COM,{63},{84}
521d141d-b2c5-455d-8c0f-363449cffd0b,216304279,Commune de Teilhède (63),false,{63427},Commune,2026-03-24 14:42:06.130387+01,gold_establishments_2025,,,,21630427900013,2025,Collectivité Territoriale,Commune,['Puy-de-Dôme'],['Auvergne-Rhône-Alpes'],COM,{63},{84}
653a1bb5-7a80-4cfc-9c24-a8fc16536f46,213503329,Commune de Teillay (35),false,{35332},Commune,2026-03-24 14:41:59.160244+01,gold_establishments_2025,,,,21350332900012,2025,Collectivité Territoriale,Commune,['Ille-et-Vilaine'],['Bretagne'],COM,{35},{53}
d164b2fa-bbe7-4fb8-a806-08c7b4ba0da3,218102952,Commune de Teillet (81),false,{81295},Commune,2026-03-24 14:42:09.967209+01,gold_establishments_2025,,,,21810295200015,2025,Collectivité Territoriale,Commune,['Tarn'],['Occitanie'],COM,{81},{76}
4723689b-88e6-43bc-9873-9341c03c26cb,210302790,Commune de Teillet-Argenty (03),false,{03279},Commune,2026-03-24 14:41:52.020251+01,gold_establishments_2025,,,,21030279000014,2025,Collectivité Territoriale,Commune,['Allier'],['Auvergne-Rhône-Alpes'],COM,{03},{84}
e728aae0-ef17-4491-aa68-a9bf113f0a2b,212405450,Commune de Teillots (24),false,{24545},Commune,2026-03-24 14:41:55.958138+01,gold_establishments_2025,,,,21240545000017,2025,Collectivité Territoriale,Commune,['Dordogne'],['Nouvelle-Aquitaine'],COM,{24},{75}
b313a1a1-1f39-44da-bba2-71711bb988f0,214402026,Commune de Teillé (44),false,{44202},Commune,2026-03-24 14:42:00.862623+01,gold_establishments_2025,,,,21440202600014,2025,Collectivité Territoriale,Commune,['Loire-Atlantique'],['Pays de la Loire'],COM,{44},{52}
ffb1cf7f-4b1c-4444-b38e-f4237755de0a,217203496,Commune de Teillé (72),false,{72349},Commune,2026-03-24 14:42:08.279287+01,gold_establishments_2025,,,,21720349600013,2025,Collectivité Territoriale,Commune,['Sarthe'],['Pays de la Loire'],COM,{72},{52}
6fb60229-174b-49eb-a6a4-81197a12822c,211502331,Commune de Teissières-de-Cornet (15),false,{15233},Commune,2026-03-24 14:41:54.362296+01,gold_establishments_2025,,,,21150233100013,2025,Collectivité Territoriale,Commune,['Cantal'],['Auvergne-Rhône-Alpes'],COM,{15},{84}
9eb35cd5-fb06-4059-b29d-ba8cf4441795,211502349,Commune de Teissières-lès-Bouliès (15),false,{15234},Commune,2026-03-24 14:41:54.362296+01,gold_establishments_2025,,,,21150234900015,2025,Collectivité Territoriale,Commune,['Cantal'],['Auvergne-Rhône-Alpes'],COM,{15},{84}
75389726-799c-49cf-aac0-0083514bdb66,212902803,Commune de Telgruc-sur-Mer (29),false,{29280},Commune,2026-03-24 14:41:57.56054+01,gold_establishments_2025,,,,21290280300015,2025,Collectivité Territoriale,Commune,['Finistère'],['Bretagne'],COM,{29},{53}
44508547-7fb4-424d-bbeb-9ea3268e0b29,215405143,Commune de Tellancourt (54),false,{54514},Commune,2026-03-24 14:42:02.957225+01,gold_establishments_2025,,,,21540514300011,2025,Collectivité Territoriale,Commune,['Meurthe-et-Moselle'],['Grand Est'],COM,{54},{44}
eaefe8a1-29b8-4ebd-b86f-3eead9de7540,212106249,Commune de Tellecey (21),false,{21624},Commune,2026-03-24 14:41:55.433389+01,gold_establishments_2025,,,,21210624900015,2025,Collectivité Territoriale,Commune,"[""Côte-d'Or""]",['Bourgogne-Franche-Comté'],COM,{21},{27}
e0ecf213-ba33-44ac-a789-2060c3ccf0ac,216104810,Commune de Tellières-le-Plessis (61),false,{61481},Commune,2026-03-24 14:42:05.597325+01,gold_establishments_2025,,,,21610481000017,2025,Collectivité Territoriale,Commune,['Orne'],['Normandie'],COM,{61},{28}
2bab6994-8439-46f6-8c5a-aadaf4b2ab2b,217203504,Commune de Teloché (72),false,{72350},Commune,2026-03-24 14:42:08.279287+01,gold_establishments_2025,,,,21720350400014,2025,Collectivité Territoriale,Commune,['Sarthe'],['Pays de la Loire'],COM,{72},{52}
894a959b-7e44-4ca1-9494-c61efc784ee1,212405468,Commune de Temple-Laguyon (24),false,{24546},Commune,2026-03-24 14:41:55.958138+01,gold_establishments_2025,,,,21240546800019,2025,Collectivité Territoriale,Commune,['Dordogne'],['Nouvelle-Aquitaine'],COM,{24},{75}
1301c07a-4763-4679-973b-ae1a89eba531,215905852,Commune de Templemars (59),false,{59585},Commune,2026-03-24 14:42:04.814328+01,gold_establishments_2025,,,,21590585200012,2025,Collectivité Territoriale,Commune,['Nord'],['Hauts-de-France'],COM,{59},{32}
066c7fd5-a4e9-4ce7-85a1-981e5df56cf1,215905860,Commune de Templeuve-en-Pévèle (59),false,{59586},Commune,2026-03-24 14:42:04.814328+01,gold_establishments_2025,,,,21590586000072,2025,Collectivité Territoriale,Commune,['Nord'],['Hauts-de-France'],COM,{59},{32}
01677eeb-a292-4bd2-b3ac-f8342d983d07,218006997,Commune de Templeux-la-Fosse (80),false,{80747},Commune,2026-03-24 14:42:09.967209+01,gold_establishments_2025,,,,21800699700017,2025,Collectivité Territoriale,Commune,['Somme'],['Hauts-de-France'],COM,{80},{32}
0f758b3e-fcaf-4c49-8e12-98bfe9bd4b6e,218007003,Commune de Templeux-le-Guérard (80),false,{80748},Commune,2026-03-24 14:42:09.967209+01,gold_establishments_2025,,,,21800700300013,2025,Collectivité Territoriale,Commune,['Somme'],['Hauts-de-France'],COM,{80},{32}
aca7ad3a-db78-41a3-a1af-bf16ff5f2f46,210104162,Commune de Tenay (01),false,{01416},Commune,2026-03-24 14:41:51.447482+01,gold_establishments_2025,,,,21010416200016,2025,Collectivité Territoriale,Commune,['Ain'],['Auvergne-Rhône-Alpes'],COM,{01},{84}
ff89da91-fa2f-46bf-8e01-8c5f6944446a,214302440,Commune de Tence (43),false,{43244},Commune,2026-03-24 14:42:00.273698+01,gold_establishments_2025,,,,21430244000018,2025,Collectivité Territoriale,Commune,['Haute-Loire'],['Auvergne-Rhône-Alpes'],COM,{43},{84}
6a0a9441-4556-4e36-a457-c4355feb9560,213805013,Commune de Tencin (38),false,{38501},Commune,2026-03-24 14:41:59.705606+01,gold_establishments_2025,,,,21380501300017,2025,Collectivité Territoriale,Commune,['Isère'],['Auvergne-Rhône-Alpes'],COM,{38},{84}
0bc78217-1150-4e57-991e-4aefe0c3c8b6,210601639,Commune de Tende (06),false,{06163},Commune,2026-03-24 14:41:52.562531+01,gold_establishments_2025,,,,21060163900011,2025,Collectivité Territoriale,Commune,['Alpes-Maritimes'],"[""Provence-Alpes-Côte d'Azur""]",COM,{06},{93}
8d4a0ac7-ac2b-46cf-8fe4-68fe778ca448,218804649,Commune de Tendon (88),false,{88464},Commune,2026-03-24 14:42:11.118516+01,gold_establishments_2025,,,,21880464900018,2025,Collectivité Territoriale,Commune,['Vosges'],['Grand Est'],COM,{88},{44}
c353059c-95b4-4576-8f68-7c3b0627f3df,211802608,Commune de Tendron (18),false,{18260},Commune,2026-03-24 14:41:54.903238+01,gold_establishments_2025,,,,21180260800011,2025,Collectivité Territoriale,Commune,['Cher'],['Centre-Val de Loire'],COM,{18},{24}
523e5dbd-f895-4c53-99a3-60abea027b2c,213602196,Commune de Tendu (36),false,{36219},Commune,2026-03-24 14:41:59.160244+01,gold_establishments_2025,,,,21360219600015,2025,Collectivité Territoriale,Commune,['Indre'],['Centre-Val de Loire'],COM,{36},{24}
a988eceb-eca8-4c19-9aa5-417c38bd13d4,216208082,Commune de Teneur (62),false,{62808},Commune,2026-03-24 14:42:06.130387+01,gold_establishments_2025,,,,21620808200018,2025,Collectivité Territoriale,Commune,['Pas-de-Calais'],['Hauts-de-France'],COM,{62},{32}
04816ed9-ff5a-49a1-9484-06ac54010928,217203512,Commune de Tennie (72),false,{72351},Commune,2026-03-24 14:42:08.279287+01,gold_establishments_2025,,,,21720351200082,2025,Collectivité Territoriale,Commune,['Sarthe'],['Pays de la Loire'],COM,{72},{52}
03d6973e-af98-4203-b15b-63228d9b5179,215706656,Commune de Tenteling (57),false,{57665},Commune,2026-03-24 14:42:04.280096+01,gold_establishments_2025,,,,21570665600018,2025,Collectivité Territoriale,Commune,['Moselle'],['Grand Est'],COM,{57},{44}
c897d329-cd02-4535-bc46-7bb55a7ba059,212325203,Commune de Tercillat (23),false,{23252},Commune,2026-03-24 14:41:55.958138+01,gold_establishments_2025,,,,21232520300017,2025,Collectivité Territoriale,Commune,['Creuse'],['Nouvelle-Aquitaine'],COM,{23},{75}
68e9908e-a8b8-49b3-9161-84d6238963e8,214003147,Commune de Tercis-les-Bains (40),false,{40314},Commune,2026-03-24 14:41:59.705606+01,gold_establishments_2025,,,,21400314700060,2025,Collectivité Territoriale,Commune,['Landes'],['Nouvelle-Aquitaine'],COM,{40},{75}
b659aa6a-3826-4c7c-91b4-17cfd26069cd,218602688,Commune de Tercé (86),false,{86268},Commune,2026-03-24 14:42:11.118516+01,gold_establishments_2025,,,,21860268800051,2025,Collectivité Territoriale,Commune,['Vienne'],['Nouvelle-Aquitaine'],COM,{86},{75}
a8590b95-596a-428a-bce2-6eb51c779c18,215905878,Commune de Terdeghem (59),false,{59587},Commune,2026-03-24 14:42:04.814328+01,gold_establishments_2025,,,,21590587800033,2025,Collectivité Territoriale,Commune,['Nord'],['Hauts-de-France'],COM,{59},{32}
157921f7-effd-4845-9513-cd2632110a70,210207114,Commune de Tergnier (02),false,{02738},Commune,2026-03-24 14:41:52.020251+01,gold_establishments_2025,,,,21020711400013,2025,Collectivité Territoriale,Commune,['Aisne'],['Hauts-de-France'],COM,{02},{32}
a6236c6b-b2ec-43f8-887d-f34ea6f39318,210302808,Commune de Terjat (03),false,{03280},Commune,2026-03-24 14:41:52.020251+01,gold_establishments_2025,,,,21030280800014,2025,Collectivité Territoriale,Commune,['Allier'],['Auvergne-Rhône-Alpes'],COM,{03},{84}
31dda08c-4761-40a9-a4d1-abfe323925d0,211103882,Commune de Termes (11),false,{11388},Commune,2026-03-24 14:41:53.63825+01,gold_establishments_2025,,,,21110388200018,2025,Collectivité Territoriale,Commune,['Aude'],['Occitanie'],COM,{11},{76}
1c6fb986-f2fa-41fb-9251-40cb37e01d96,214801904,Commune de Termes (48),false,{48190},Commune,2026-03-24 14:42:01.412377+01,gold_establishments_2025,,,,21480190400019,2025,Collectivité Territoriale,Commune,['Lozère'],['Occitanie'],COM,{48},{76}
83b01dea-ff96-41f0-8235-495bf182609a,213204431,Commune de Termes-d'Armagnac (32),false,{32443},Commune,2026-03-24 14:41:58.09424+01,gold_establishments_2025,,,,21320443100018,2025,Collectivité Territoriale,Commune,['Gers'],['Occitanie'],COM,{32},{76}
a0174055-299c-4304-af0f-0bffd77a20f6,212803829,Commune de Terminiers (28),false,{28382},Commune,2026-03-24 14:41:57.028721+01,gold_establishments_2025,,,,21280382900010,2025,Collectivité Territoriale,Commune,['Eure-et-Loir'],['Centre-Val de Loire'],COM,{28},{24}
b85c9171-abda-4419-a5bc-148c48b8c2b9,216902452,Commune de Ternand (69),false,{69245},Commune,2026-03-24 14:42:07.735343+01,gold_establishments_2025,,,,21690245200012,2025,Collectivité Territoriale,Commune,['Rhône'],['Auvergne-Rhône-Alpes'],COM,{69},{84}
0316f809-a432-4d57-9ac6-9dd056df2c1b,211704408,Commune de Ternant (17),false,{17440},Commune,2026-03-24 14:41:54.903238+01,gold_establishments_2025,,,,21170440800015,2025,Collectivité Territoriale,Commune,['Charente-Maritime'],['Nouvelle-Aquitaine'],COM,{17},{75}
fff2864a-3d80-4854-954f-826952a7b032,212106256,Commune de Ternant (21),false,{21625},Commune,2026-03-24 14:41:55.433389+01,gold_establishments_2025,,,,21210625600010,2025,Collectivité Territoriale,Commune,"[""Côte-d'Or""]",['Bourgogne-Franche-Comté'],COM,{21},{27}
beb11efa-8df0-4263-aaf4-0de71b3c59e9,215802893,Commune de Ternant (58),false,{58289},Commune,2026-03-24 14:42:04.280096+01,gold_establishments_2025,,,,21580289300010,2025,Collectivité Territoriale,Commune,['Nièvre'],['Bourgogne-Franche-Comté'],COM,{58},{27}
97a5cd84-b415-48e1-9078-0a60fe1f91e4,216304295,Commune de Ternant-les-Eaux (63),false,{63429},Commune,2026-03-24 14:42:06.130387+01,gold_establishments_2025,,,,21630429500019,2025,Collectivité Territoriale,Commune,['Puy-de-Dôme'],['Auvergne-Rhône-Alpes'],COM,{63},{84}
c34deb7e-10dc-4be9-86b9-0d70f677f026,216208090,Commune de Ternas (62),false,{62809},Commune,2026-03-24 14:42:06.130387+01,gold_establishments_2025,,,,21620809000011,2025,Collectivité Territoriale,Commune,['Pas-de-Calais'],['Hauts-de-France'],COM,{62},{32}
848beb14-07ee-4633-b7ba-702d633eb804,215203464,Commune de Ternat (52),false,{52486},Commune,2026-03-24 14:42:01.954481+01,gold_establishments_2025,,,,21520346400015,2025,Collectivité Territoriale,Commune,['Haute-Marne'],['Grand Est'],COM,{52},{44}
328f2709-1160-4a04-a75a-19af5bc0d225,214102550,Commune de Ternay (41),false,{41255},Commune,2026-03-24 14:42:00.273698+01,gold_establishments_2025,,,,21410255000016,2025,Collectivité Territoriale,Commune,['Loir-et-Cher'],['Centre-Val de Loire'],COM,{41},{24}
5c9fc2f5-8f0b-40e8-a614-5a27273cecb3,216902973,Commune de Ternay (69),false,{69297},Commune,2026-03-24 14:42:07.735343+01,gold_establishments_2025,,,,21690297300017,2025,Collectivité Territoriale,Commune,['Rhône'],['Auvergne-Rhône-Alpes'],COM,{69},{84}
0d389621-b9d9-4f39-967e-835b492a85a5,218602696,Commune de Ternay (86),false,{86269},Commune,2026-03-24 14:42:11.118516+01,gold_establishments_2025,,,,21860269600013,2025,Collectivité Territoriale,Commune,['Vienne'],['Nouvelle-Aquitaine'],COM,{86},{75}
9bf39e70-8c47-4e8a-a767-1b7906d23e50,217004985,Commune de Ternuay-Melay-et-Saint-Hilaire (70),false,{70498},Commune,2026-03-24 14:42:07.735343+01,gold_establishments_2025,,,,21700498500016,2025,Collectivité Territoriale,Commune,['Haute-Saône'],['Bourgogne-Franche-Comté'],COM,{70},{27}
a0131f97-4b25-4571-b0d4-e159e6acfdf5,210207122,Commune de Terny-Sorny (02),false,{02739},Commune,2026-03-24 14:41:52.020251+01,gold_establishments_2025,,,,21020712200016,2025,Collectivité Territoriale,Commune,['Aisne'],['Hauts-de-France'],COM,{02},{32}
69b5f9c4-42dd-4dc9-a621-b68ed962dc85,218007011,Commune de Terramesnil (80),false,{80749},Commune,2026-03-24 14:42:09.967209+01,gold_establishments_2025,,,,21800701100016,2025,Collectivité Territoriale,Commune,['Somme'],['Hauts-de-France'],COM,{80},{32}
5a857ac5-5a5d-43e8-b16c-7ac70379560c,200067718,Commune de Terranjou (49),false,{49086},Commune,2026-03-24 14:42:01.412377+01,gold_establishments_2025,,,,20006771800011,2025,Collectivité Territoriale,Commune,['Maine-et-Loire'],['Pays de la Loire'],COM,{49},{52}
3db5127e-1a15-4ca6-ae17-6e8c5d58a71b,212405476,Commune de Terrasson-Lavilledieu (24),false,{24547},Commune,2026-03-24 14:41:55.958138+01,gold_establishments_2025,,,,21240547600012,2025,Collectivité Territoriale,Commune,['Dordogne'],['Nouvelle-Aquitaine'],COM,{24},{75}
ba0cc7ec-ec03-4955-8c7a-d00ac267a73f,216602078,Commune de Terrats (66),false,{66207},Commune,2026-03-24 14:42:06.665412+01,gold_establishments_2025,,,,21660207800018,2025,Collectivité Territoriale,Commune,['Pyrénées-Orientales'],['Occitanie'],COM,{66},{76}
73fb58db-e70a-4243-ae84-9789e0843df1,213204423,Commune de Terraube (32),false,{32442},Commune,2026-03-24 14:41:58.09424+01,gold_establishments_2025,,,,21320442300015,2025,Collectivité Territoriale,Commune,['Gers'],['Occitanie'],COM,{32},{76}
c5f0d861-7899-4e61-874c-7dbc0f7da6db,200085322,Commune de Terre-de-Bancalié (81),false,{81233},Commune,2026-03-24 14:42:09.967209+01,gold_establishments_2025,,,,20008532200010,2025,Collectivité Territoriale,Commune,['Tarn'],['Occitanie'],COM,{81},{76}
14c9eb27-0dfe-4d72-ab46-58d73557265c,219711306,Commune de Terre-de-Bas (971),false,{97130},Commune,2026-03-24 14:42:11.659493+01,gold_establishments_2025,,,,21971130600015,2025,Collectivité Territoriale,Commune,['Guadeloupe'],['Guadeloupe'],COM,{971},{01}
82ccecce-f5da-42b7-af89-035de90e2ff5,219711314,Commune de Terre-de-Haut (971),false,{97131},Commune,2026-03-24 14:42:11.659493+01,gold_establishments_2025,,,,21971131400019,2025,Collectivité Territoriale,Commune,['Guadeloupe'],['Guadeloupe'],COM,{971},{01}
b877ff36-b4fc-4ce5-b3fb-0f2eef022eef,200058428,Commune de Terre-et-Marais (50),false,{50564},Commune,2026-03-24 14:42:01.412377+01,gold_establishments_2025,,,,20005842800018,2025,Collectivité Territoriale,Commune,['Manche'],['Normandie'],COM,{50},{28}
49f5a9e2-7f84-4359-b57f-8b4ada3f9823,213105521,Commune de Terrebasse (31),false,{31552},Commune,2026-03-24 14:41:58.09424+01,gold_establishments_2025,,,,21310552100016,2025,Collectivité Territoriale,Commune,['Haute-Garonne'],['Occitanie'],COM,{31},{76}
f19570d3-c170-4109-a341-25e11df00f0c,212106264,Commune de Terrefondrée (21),false,{21626},Commune,2026-03-24 14:41:55.433389+01,gold_establishments_2025,,,,21210626400014,2025,Collectivité Territoriale,Commune,"[""Côte-d'Or""]",['Bourgogne-Franche-Comté'],COM,{21},{27}
9cc96a1a-979d-43c3-b85c-85436330626a,217203520,Commune de Terrehault (72),false,{72352},Commune,2026-03-24 14:42:08.279287+01,gold_establishments_2025,,,,21720352000010,2025,Collectivité Territoriale,Commune,['Sarthe'],['Pays de la Loire'],COM,{72},{52}
af314b2a-24ea-4991-8521-88ed28756cb3,200071736,Commune de Terres de Bord (27),false,{27412},Commune,2026-03-24 14:41:57.028721+01,gold_establishments_2025,,,,20007173600017,2025,Collectivité Territoriale,Commune,['Eure'],['Normandie'],COM,{27},{28}
244775d1-b099-419f-b9ef-95dfcc7a7f56,200069714,Commune de Terres de Druance (14),false,{14357},Commune,2026-03-24 14:41:54.362296+01,gold_establishments_2025,,,,20006971400018,2025,Collectivité Territoriale,Commune,['Calvados'],['Normandie'],COM,{14},{28}
5fb1374d-9460-4254-bc6d-005e05a27fae,200065845,Commune de Terres-de-Caux (76),false,{76258},Commune,2026-03-24 14:42:08.818969+01,gold_establishments_2025,,,,20006584500014,2025,Collectivité Territoriale,Commune,['Seine-Maritime'],['Normandie'],COM,{76},{28}
37fb6573-46a4-4e96-b28e-95ea9255b45c,200083350,Commune de Terres-de-Haute-Charente (16),false,{16192},Commune,2026-03-24 14:41:54.362296+01,gold_establishments_2025,,,,20008335000013,2025,Collectivité Territoriale,Commune,['Charente'],['Nouvelle-Aquitaine'],COM,{16},{75}
3464a7af-11b6-43cc-a24e-278187f0af60,211103890,Commune de Terroles (11),false,{11389},Commune,2026-03-24 14:41:53.63825+01,gold_establishments_2025,,,,21110389000011,2025,Collectivité Territoriale,Commune,['Aude'],['Occitanie'],COM,{11},{76}
ab71cb98-d8e2-45a9-8f84-ed49f6869c8a,214603144,Commune de Terrou (46),false,{46314},Commune,2026-03-24 14:42:00.862623+01,gold_establishments_2025,,,,21460314400012,2025,Collectivité Territoriale,Commune,['Lot'],['Occitanie'],COM,{46},{76}
e99fb839-8ea4-4aa7-9d1f-3a6bb0b9ccb3,212603492,Commune de Tersanne (26),false,{26349},Commune,2026-03-24 14:41:56.495197+01,gold_establishments_2025,,,,21260349200019,2025,Collectivité Territoriale,Commune,['Drôme'],['Auvergne-Rhône-Alpes'],COM,{26},{84}
1279eb8e-63c6-4b02-b8bf-40e695617065,218719508,Commune de Tersannes (87),false,{87195},Commune,2026-03-24 14:42:11.118516+01,gold_establishments_2025,,,,21871950800010,2025,Collectivité Territoriale,Commune,['Haute-Vienne'],['Nouvelle-Aquitaine'],COM,{87},{75}
0915c4f0-8e29-43a2-a684-9f2e893a65e0,218102978,Commune de Terssac (81),false,{81297},Commune,2026-03-24 14:42:09.967209+01,gold_establishments_2025,,,,21810297800010,2025,Collectivité Territoriale,Commune,['Tarn'],['Occitanie'],COM,{81},{76}
820de78c-98de-476c-9961-a924d0735b0e,218007029,Commune de Tertry (80),false,{80750},Commune,2026-03-24 14:42:09.967209+01,gold_establishments_2025,,,,21800702900018,2025,Collectivité Territoriale,Commune,['Somme'],['Hauts-de-France'],COM,{80},{32}
959c7762-84bb-4f31-85b7-1ebcbd8884f9,200099489,Commune de Terval (85),false,{85289},Commune,2026-03-24 14:42:10.508772+01,gold_establishments_2025,,,,20009948900011,2025,Collectivité Territoriale,Commune,['Vendée'],['Pays de la Loire'],COM,{85},{52}
9c439543-8a98-4a50-9869-7728f93bb3d1,215706664,Commune de Terville (57),false,{57666},Commune,2026-03-24 14:42:04.280096+01,gold_establishments_2025,,,,21570666400012,2025,Collectivité Territoriale,Commune,['Moselle'],['Grand Est'],COM,{57},{44}
19fdf65f-9617-4201-9e4b-178f5d57fc7b,217806090,Commune de Tessancourt-sur-Aubette (78),false,{78609},Commune,2026-03-24 14:42:09.43682+01,gold_establishments_2025,,,,21780609000015,2025,Collectivité Territoriale,Commune,['Yvelines'],['Île-de-France'],COM,{78},{11}
95b8a589-39ad-4c35-b374-373100579c70,211406848,Commune de Tessel (14),false,{14684},Commune,2026-03-24 14:41:54.362296+01,gold_establishments_2025,,,,21140684800013,2025,Collectivité Territoriale,Commune,['Calvados'],['Normandie'],COM,{14},{28}
1915623a-4622-4d61-b924-2c0a8f5f3cb4,211704416,Commune de Tesson (17),false,{17441},Commune,2026-03-24 14:41:54.903238+01,gold_establishments_2025,,,,21170441600018,2025,Collectivité Territoriale,Commune,['Charente-Maritime'],['Nouvelle-Aquitaine'],COM,{17},{75}
c5d6c003-b7a4-4d1a-8dc3-79087177c807,200077931,Commune de Tessy-Bocage (50),false,{50592},Commune,2026-03-24 14:42:01.412377+01,gold_establishments_2025,,,,20007793100018,2025,Collectivité Territoriale,Commune,['Manche'],['Normandie'],COM,{50},{28}
746efe53-99a4-4770-acec-929c3ed49493,216104828,Commune de Tessé-Froulay (61),false,{61482},Commune,2026-03-24 14:42:05.597325+01,gold_establishments_2025,,,,21610482800019,2025,Collectivité Territoriale,Commune,['Orne'],['Normandie'],COM,{61},{28}
f7907dd4-19d8-441f-b4e1-a94a5f4005d8,215706680,Commune de Teting-sur-Nied (57),false,{57668},Commune,2026-03-24 14:42:04.280096+01,gold_establishments_2025,,,,21570668000018,2025,Collectivité Territoriale,Commune,['Moselle'],['Grand Est'],COM,{57},{44}
2aab7999-bb1a-4b44-9c44-1e58fcb0ccac,213305303,Commune de Teuillac (33),false,{33530},Commune,2026-03-24 14:41:58.620411+01,gold_establishments_2025,,,,21330530300017,2025,Collectivité Territoriale,Commune,['Gironde'],['Nouvelle-Aquitaine'],COM,{33},{75}
516ad2b5-0f83-4530-8eeb-4345dc232a21,218102986,Commune de Teulat (81),false,{81298},Commune,2026-03-24 14:42:09.967209+01,gold_establishments_2025,,,,21810298600013,2025,Collectivité Territoriale,Commune,['Tarn'],['Occitanie'],COM,{81},{76}
1acdb02c-a6ac-4aed-a4cf-a532178b814b,215005935,Commune de Teurthéville-Bocage (50),false,{50593},Commune,2026-03-24 14:42:01.412377+01,gold_establishments_2025,,,,21500593500014,2025,Collectivité Territoriale,Commune,['Manche'],['Normandie'],COM,{50},{28}
4d1c88ce-b9f0-4d39-adc3-d070f9aeba07,215005943,Commune de Teurthéville-Hague (50),false,{50594},Commune,2026-03-24 14:42:01.412377+01,gold_establishments_2025,,,,21500594300018,2025,Collectivité Territoriale,Commune,['Manche'],['Normandie'],COM,{50},{28}
1f2f3e22-be5c-4626-8d99-f1417a5a7483,212405484,Commune de Teyjat (24),false,{24548},Commune,2026-03-24 14:41:55.958138+01,gold_establishments_2025,,,,21240548400016,2025,Collectivité Territoriale,Commune,['Dordogne'],['Nouvelle-Aquitaine'],COM,{24},{75}
b0ae7e32-8850-4922-a096-1a5be2f47136,213403090,Commune de Teyran (34),false,{34309},Commune,2026-03-24 14:41:58.620411+01,gold_establishments_2025,,,,21340309000011,2025,Collectivité Territoriale,Commune,['Hérault'],['Occitanie'],COM,{34},{76}
d7b2144c-a36b-45db-93a8-25b2cdc15a43,214603151,Commune de Teyssieu (46),false,{46315},Commune,2026-03-24 14:42:00.862623+01,gold_establishments_2025,,,,21460315100017,2025,Collectivité Territoriale,Commune,['Lot'],['Occitanie'],COM,{46},{76}
1d20f652-0d01-4661-a30e-fb29f34eb973,212603500,Commune de Teyssières (26),false,{26350},Commune,2026-03-24 14:41:56.495197+01,gold_establishments_2025,,,,21260350000019,2025,Collectivité Territoriale,Commune,['Drôme'],['Auvergne-Rhône-Alpes'],COM,{26},{84}
b15e380a-300b-4695-bb8e-871e236b0e44,218102994,Commune de Teyssode (81),false,{81299},Commune,2026-03-24 14:42:09.967209+01,gold_establishments_2025,,,,21810299400017,2025,Collectivité Territoriale,Commune,['Tarn'],['Occitanie'],COM,{81},{76}
fc9fc7cc-018b-4afd-8f80-0ec1f9c161e8,215105248,Commune de Thaas (51),false,{51565},Commune,2026-03-24 14:42:01.954481+01,gold_establishments_2025,,,,21510524800011,2025,Collectivité Territoriale,Commune,['Marne'],['Grand Est'],COM,{51},{44}
5ecf7294-88fa-4442-a6bc-17e8676de999,211704424,Commune de Thaims (17),false,{17442},Commune,2026-03-24 14:41:54.903238+01,gold_establishments_2025,,,,21170442400012,2025,Collectivité Territoriale,Commune,['Charente-Maritime'],['Nouvelle-Aquitaine'],COM,{17},{75}
0473eae3-f3a0-43e4-9655-b522452d4745,211704432,Commune de Thairé (17),false,{17443},Commune,2026-03-24 14:41:54.903238+01,gold_establishments_2025,,,,21170443200015,2025,Collectivité Territoriale,Commune,['Charente-Maritime'],['Nouvelle-Aquitaine'],COM,{17},{75}
078e1ef7-c2d0-479c-9005-ba3d79f62ac3,215802901,Commune de Thaix (58),false,{58290},Commune,2026-03-24 14:42:04.280096+01,gold_establishments_2025,,,,21580290100011,2025,Collectivité Territoriale,Commune,['Nièvre'],['Bourgogne-Franche-Comté'],COM,{58},{27}
9271087d-6d9a-457c-b8aa-42fbc7e034f8,216704882,Commune de Thal-Drulingen (67),false,{67488},Commune,2026-03-24 14:42:07.195692+01,gold_establishments_2025,,,,21670488200010,2025,Collectivité Territoriale,Commune,['Bas-Rhin'],['Grand Est'],COM,{67},{44}
77e81c5f-8c20-40cb-9e1b-0810ce391455,216704890,Commune de Thal-Marmoutier (67),false,{67489},Commune,2026-03-24 14:42:07.195692+01,gold_establishments_2025,,,,21670489000013,2025,Collectivité Territoriale,Commune,['Bas-Rhin'],['Grand Est'],COM,{67},{44}
5aaa79d9-962a-4a73-a923-e76be96e2e1a,211926605,Commune de Thalamy (19),false,{19266},Commune,2026-03-24 14:41:55.433389+01,gold_establishments_2025,,,,21192660500018,2025,Collectivité Territoriale,Commune,['Corrèze'],['Nouvelle-Aquitaine'],COM,{19},{75}
b9b9dead-3024-4f9b-be59-4690b53b8542,216803346,Commune de Thann (68),false,{68334},Commune,2026-03-24 14:42:07.195692+01,gold_establishments_2025,,,,21680334600016,2025,Collectivité Territoriale,Commune,['Haut-Rhin'],['Grand Est'],COM,{68},{44}
80db6fc0-6c76-4cbe-b87d-c7cc68eb1736,216803353,Commune de Thannenkirch (68),false,{68335},Commune,2026-03-24 14:42:07.195692+01,gold_establishments_2025,,,,21680335300012,2025,Collectivité Territoriale,Commune,['Haut-Rhin'],['Grand Est'],COM,{68},{44}
c3bc853e-604a-45ac-88dc-8f82519bb8b1,216704908,Commune de Thanvillé (67),false,{67490},Commune,2026-03-24 14:42:07.195692+01,gold_establishments_2025,,,,21670490800013,2025,Collectivité Territoriale,Commune,['Bas-Rhin'],['Grand Est'],COM,{67},{44}
c93e9395-1022-496e-b219-d3b4ed3e319d,211406855,Commune de Thaon (14),false,{14685},Commune,2026-03-24 14:41:54.362296+01,gold_establishments_2025,,,,21140685500018,2025,Collectivité Territoriale,Commune,['Calvados'],['Normandie'],COM,{14},{28}
2adc41e6-343d-4272-a857-ecd35fe10ae7,200059939,Commune de Thaon-les-Vosges (88),false,{88465},Commune,2026-03-24 14:42:11.118516+01,gold_establishments_2025,,,,20005993900013,2025,Collectivité Territoriale,Commune,['Vosges'],['Grand Est'],COM,{88},{44}
18b3bcce-811f-4a88-8830-bd9ce781ebbb,213003270,Commune de Tharaux (30),false,{30327},Commune,2026-03-24 14:41:57.56054+01,gold_establishments_2025,,,,21300327000013,2025,Collectivité Territoriale,Commune,['Gard'],['Occitanie'],COM,{30},{76}
3388df92-1f04-4879-b162-7744f73af699,218904092,Commune de Tharoiseau (89),false,{89409},Commune,2026-03-24 14:42:11.659493+01,gold_establishments_2025,,,,21890409200010,2025,Collectivité Territoriale,Commune,['Yonne'],['Bourgogne-Franche-Comté'],COM,{89},{27}
74e5bb53-73e0-464a-8270-7aff32591ec1,218904100,Commune de Tharot (89),false,{89410},Commune,2026-03-24 14:42:11.659493+01,gold_establishments_2025,,,,21890410000011,2025,Collectivité Territoriale,Commune,['Yonne'],['Bourgogne-Franche-Comté'],COM,{89},{27}
d49e53f8-0614-4016-a348-6c9118dcc770,211802616,Commune de Thaumiers (18),false,{18261},Commune,2026-03-24 14:41:54.903238+01,gold_establishments_2025,,,,21180261600014,2025,Collectivité Territoriale,Commune,['Cher'],['Centre-Val de Loire'],COM,{18},{24}
19ea8825-4964-4e0e-aa10-b40380eb633f,212325302,Commune de Thauron (23),false,{23253},Commune,2026-03-24 14:41:55.958138+01,gold_establishments_2025,,,,21232530200017,2025,Collectivité Territoriale,Commune,['Creuse'],['Nouvelle-Aquitaine'],COM,{23},{75}
0fb4d57a-14da-4f40-af46-372ddf60f55b,211802624,Commune de Thauvenay (18),false,{18262},Commune,2026-03-24 14:41:54.903238+01,gold_establishments_2025,,,,21180262400018,2025,Collectivité Territoriale,Commune,['Cher'],['Centre-Val de Loire'],COM,{18},{24}
bb0852ee-1891-4917-becf-c8f3844d75e0,211603816,Commune de Theil-Rabier (16),false,{16381},Commune,2026-03-24 14:41:54.362296+01,gold_establishments_2025,,,,21160381600011,2025,Collectivité Territoriale,Commune,['Charente'],['Nouvelle-Aquitaine'],COM,{16},{75}
fe3e2c64-bb39-4fa4-b2e2-a65704ff454f,214102568,Commune de Theillay (41),false,{41256},Commune,2026-03-24 14:42:00.273698+01,gold_establishments_2025,,,,21410256800018,2025,Collectivité Territoriale,Commune,['Loir-et-Cher'],['Centre-Val de Loire'],COM,{41},{24}
b08e7889-9f04-480c-b65b-977865731fe9,200055952,Commune de Theix-Noyalo (56),false,{56251},Commune,2026-03-24 14:42:03.701372+01,gold_establishments_2025,,,,20005595200010,2025,Collectivité Territoriale,Commune,['Morbihan'],['Bretagne'],COM,{56},{53}
eb11e5be-c54a-4cf0-afb4-01822cba62c2,216902460,Commune de Theizé (69),false,{69246},Commune,2026-03-24 14:42:07.735343+01,gold_establishments_2025,,,,21690246000015,2025,Collectivité Territoriale,Commune,['Rhône'],['Auvergne-Rhône-Alpes'],COM,{69},{84}
5cc32c46-397f-4023-83de-6794cd18e04f,210804050,Commune de Thelonne (08),false,{08445},Commune,2026-03-24 14:41:53.095366+01,gold_establishments_2025,,,,21080405000016,2025,Collectivité Territoriale,Commune,['Ardennes'],['Grand Est'],COM,{08},{44}
c4e75904-adff-4f38-919e-b5919cb33a64,210207130,Commune de Thenailles (02),false,{02740},Commune,2026-03-24 14:41:52.020251+01,gold_establishments_2025,,,,21020713000019,2025,Collectivité Territoriale,Commune,['Aisne'],['Hauts-de-France'],COM,{02},{32}
9fcdd44d-4632-43d8-91b4-157037a04338,213602204,Commune de Thenay (36),false,{36220},Commune,2026-03-24 14:41:59.160244+01,gold_establishments_2025,,,,21360220400033,2025,Collectivité Territoriale,Commune,['Indre'],['Centre-Val de Loire'],COM,{36},{24}
62508e48-0225-4f16-ac0e-4b30a7600f45,210207148,Commune de Thenelles (02),false,{02741},Commune,2026-03-24 14:41:52.020251+01,gold_establishments_2025,,,,21020714800011,2025,Collectivité Territoriale,Commune,['Aisne'],['Hauts-de-France'],COM,{02},{32}
93947758-f852-4ed4-818f-ee973cfab495,213702566,Commune de Theneuil (37),false,{37256},Commune,2026-03-24 14:41:59.160244+01,gold_establishments_2025,,,,21370256600018,2025,Collectivité Territoriale,Commune,['Indre-et-Loire'],['Centre-Val de Loire'],COM,{37},{24}
72055a97-97e9-4db1-aa51-b6d56109b514,210302824,Commune de Theneuille (03),false,{03282},Commune,2026-03-24 14:41:52.020251+01,gold_establishments_2025,,,,21030282400011,2025,Collectivité Territoriale,Commune,['Allier'],['Auvergne-Rhône-Alpes'],COM,{03},{84}
8cead5b4-0555-42ea-a130-f099db4a6073,212106272,Commune de Thenissey (21),false,{21627},Commune,2026-03-24 14:41:55.433389+01,gold_establishments_2025,,,,21210627200017,2025,Collectivité Territoriale,Commune,"[""Côte-d'Or""]",['Bourgogne-Franche-Comté'],COM,{21},{27}
68ccc6f7-cddd-47f3-93b9-75b441f1e645,211003645,Commune de Thennelières (10),false,{10375},Commune,2026-03-24 14:41:53.095366+01,gold_establishments_2025,,,,21100364500010,2025,Collectivité Territoriale,Commune,['Aube'],['Grand Est'],COM,{10},{44}
9da74bdb-e88f-4a86-83b7-21b343dad0ba,218007037,Commune de Thennes (80),false,{80751},Commune,2026-03-24 14:42:09.967209+01,gold_establishments_2025,,,,21800703700011,2025,Collectivité Territoriale,Commune,['Somme'],['Hauts-de-France'],COM,{80},{32}
cea2fe37-b55f-4f58-9228-2e7bfebb4738,212405500,Commune de Thenon (24),false,{24550},Commune,2026-03-24 14:41:55.958138+01,gold_establishments_2025,,,,21240550000019,2025,Collectivité Territoriale,Commune,['Dordogne'],['Nouvelle-Aquitaine'],COM,{24},{75}
701c8fe8-e703-4934-9929-cbc0fd90a049,216006197,Commune de Therdonne (60),false,{60628},Commune,2026-03-24 14:42:04.814328+01,gold_establishments_2025,,,,21600619700018,2025,Collectivité Territoriale,Commune,['Oise'],['Hauts-de-France'],COM,{60},{32}
2f53d5c4-1e74-48d2-be09-248ff531dc7f,216504423,Commune de Thermes-Magnoac (65),false,{65442},Commune,2026-03-24 14:42:06.665412+01,gold_establishments_2025,,,,21650442300015,2025,Collectivité Territoriale,Commune,['Hautes-Pyrénées'],['Occitanie'],COM,{65},{76}
c64a0d2c-7db1-4024-9e81-17301540fae9,213905284,Commune de Thervay (39),false,{39528},Commune,2026-03-24 14:41:59.705606+01,gold_establishments_2025,,,,21390528400013,2025,Collectivité Territoriale,Commune,['Jura'],['Bourgogne-Franche-Comté'],COM,{39},{27}
3d5ceff8-9cdb-473c-8acd-c49e04d85fc4,217004993,Commune de Theuley (70),false,{70499},Commune,2026-03-24 14:42:07.735343+01,gold_establishments_2025,,,,21700499300010,2025,Collectivité Territoriale,Commune,['Haute-Saône'],['Bourgogne-Franche-Comté'],COM,{70},{27}
2c6b5642-0f52-4827-b273-6bea3a863499,200057743,Commune de Theuville (28),false,{28383},Commune,2026-03-24 14:41:57.028721+01,gold_establishments_2025,,,,20005774300011,2025,Collectivité Territoriale,Commune,['Eure-et-Loir'],['Centre-Val de Loire'],COM,{28},{24}
f8f0f4ab-1803-427d-afd7-f059e848a0ac,219506110,Commune de Theuville (95),false,{95611},Commune,2026-03-24 14:42:11.659493+01,gold_establishments_2025,,,,21950611000010,2025,Collectivité Territoriale,Commune,"[""Val-d'Oise""]",['Île-de-France'],COM,{95},{11}
d5d9dbc4-a77c-4725-83f3-6438e1322dbe,217606862,Commune de Theuville-aux-Maillots (76),false,{76686},Commune,2026-03-24 14:42:08.818969+01,gold_establishments_2025,,,,21760686200019,2025,Collectivité Territoriale,Commune,['Seine-Maritime'],['Normandie'],COM,{76},{28}
0227faa6-c3f9-400f-8cf5-26c43cfdc921,213602212,Commune de Thevet-Saint-Julien (36),false,{36221},Commune,2026-03-24 14:41:59.160244+01,gold_establishments_2025,,,,21360221200010,2025,Collectivité Territoriale,Commune,['Indre'],['Centre-Val de Loire'],COM,{36},{24}
39bb6038-5358-43a6-8038-d52b99b8377f,218804664,Commune de They-sous-Montfort (88),false,{88466},Commune,2026-03-24 14:42:11.118516+01,gold_establishments_2025,,,,21880466400017,2025,Collectivité Territoriale,Commune,['Vosges'],['Grand Est'],COM,{88},{44}
f85a7a94-90dc-473f-bb16-8798e2994af3,215405168,Commune de They-sous-Vaudemont (54),false,{54516},Commune,2026-03-24 14:42:02.957225+01,gold_establishments_2025,,,,21540516800018,2025,Collectivité Territoriale,Commune,['Meurthe-et-Moselle'],['Grand Est'],COM,{54},{44}
64bc88b9-39dc-49c9-9af4-45c713ab67f6,213805047,Commune de Theys (38),false,{38504},Commune,2026-03-24 14:41:59.705606+01,gold_establishments_2025,,,,21380504700015,2025,Collectivité Territoriale,Commune,['Isère'],['Auvergne-Rhône-Alpes'],COM,{38},{84}
f7f49ab4-249b-460c-aa4b-faace2d1e562,219400736,Commune de Thiais (94),false,{94073},Commune,2026-03-24 14:42:11.659493+01,gold_establishments_2025,,,,21940073600175,2025,Collectivité Territoriale,Commune,['Val-de-Marne'],['Île-de-France'],COM,{94},{11}
ca153f11-e5be-43ad-8401-791b380583c7,219000965,Commune de Thiancourt (90),false,{90096},Commune,2026-03-24 14:42:11.659493+01,gold_establishments_2025,,,,21900096500018,2025,Collectivité Territoriale,Commune,['Territoire de Belfort'],['Bourgogne-Franche-Comté'],COM,{90},{27}
5726053f-971b-4d7b-8a39-28d1c8864a8c,215802919,Commune de Thianges (58),false,{58291},Commune,2026-03-24 14:42:04.280096+01,gold_establishments_2025,,,,21580291900013,2025,Collectivité Territoriale,Commune,['Nièvre'],['Bourgogne-Franche-Comté'],COM,{58},{27}
6f7df62e-9d5e-49f1-a30c-11652135b593,215905894,Commune de Thiant (59),false,{59589},Commune,2026-03-24 14:42:04.814328+01,gold_establishments_2025,,,,21590589400014,2025,Collectivité Territoriale,Commune,['Nord'],['Hauts-de-France'],COM,{59},{32}
9df57607-07a2-4f6c-97e5-fa2db6a47260,215405184,Commune de Thiaucourt-Regniéville (54),false,{54518},Commune,2026-03-24 14:42:02.957225+01,gold_establishments_2025,,,,21540518400015,2025,Collectivité Territoriale,Commune,['Meurthe-et-Moselle'],['Grand Est'],COM,{54},{44}
6c2a938f-c043-480c-aa95-dd9ef27dc736,215405192,Commune de Thiaville-sur-Meurthe (54),false,{54519},Commune,2026-03-24 14:42:02.957225+01,gold_establishments_2025,,,,21540519200018,2025,Collectivité Territoriale,Commune,['Meurthe-et-Moselle'],['Grand Est'],COM,{54},{44}
e0246bed-1a90-4d57-8a79-c3fef53d16f0,212706295,Commune de Thiberville (27),false,{27629},Commune,2026-03-24 14:41:57.028721+01,gold_establishments_2025,,,,21270629500012,2025,Collectivité Territoriale,Commune,['Eure'],['Normandie'],COM,{27},{28}
b514a721-824a-4be3-98c7-5ca8609074c7,215105255,Commune de Thibie (51),false,{51566},Commune,2026-03-24 14:42:01.954481+01,gold_establishments_2025,,,,21510525500016,2025,Collectivité Territoriale,Commune,['Marne'],['Grand Est'],COM,{51},{44}
352e7eb3-eb9e-4d1e-87c5-7ac755571ed4,216006213,Commune de Thibivillers (60),false,{60630},Commune,2026-03-24 14:42:04.814328+01,gold_establishments_2025,,,,21600621300013,2025,Collectivité Territoriale,Commune,['Oise'],['Hauts-de-France'],COM,{60},{32}
386587fe-3e03-4dc9-b59c-dda05017a23d,212706303,Commune de Thibouville (27),false,{27630},Commune,2026-03-24 14:41:57.028721+01,gold_establishments_2025,,,,21270630300014,2025,Collectivité Territoriale,Commune,['Eure'],['Normandie'],COM,{27},{28}
49b72156-df10-40be-9d74-cadf668c9a43,215706706,Commune de Thicourt (57),false,{57670},Commune,2026-03-24 14:42:04.280096+01,gold_establishments_2025,,,,21570670600011,2025,Collectivité Territoriale,Commune,['Moselle'],['Grand Est'],COM,{57},{44}
64b84ca1-d3f8-440f-8d15-918eb8f69b10,211003652,Commune de Thieffrain (10),false,{10376},Commune,2026-03-24 14:41:53.095366+01,gold_establishments_2025,,,,21100365200016,2025,Collectivité Territoriale,Commune,['Aube'],['Grand Est'],COM,{10},{44}
71070b0e-d0df-479f-8535-e7d59a4b4d57,217005008,Commune de Thieffrans (70),false,{70500},Commune,2026-03-24 14:42:07.735343+01,gold_establishments_2025,,,,21700500800016,2025,Collectivité Territoriale,Commune,['Haute-Saône'],['Bourgogne-Franche-Comté'],COM,{70},{27}
de2ad52e-b55c-4c3c-9ca9-126d993b95aa,210302832,Commune de Thiel-sur-Acolin (03),false,{03283},Commune,2026-03-24 14:41:52.020251+01,gold_establishments_2025,,,,21030283200014,2025,Collectivité Territoriale,Commune,['Allier'],['Auvergne-Rhône-Alpes'],COM,{03},{84}
fcb419fb-4eb1-4e33-9a13-8bc87044f8b5,216208124,Commune de Thiembronne (62),false,{62812},Commune,2026-03-24 14:42:06.130387+01,gold_establishments_2025,,,,21620812400018,2025,Collectivité Territoriale,Commune,['Pas-de-Calais'],['Hauts-de-France'],COM,{62},{32}
38c8ee93-9820-408c-a3e0-2b127b17e844,215905902,Commune de Thiennes (59),false,{59590},Commune,2026-03-24 14:42:04.814328+01,gold_establishments_2025,,,,21590590200015,2025,Collectivité Territoriale,Commune,['Nord'],['Hauts-de-France'],COM,{59},{32}
f432c557-7700-47fc-87f1-afb45b0329d9,218007052,Commune de Thiepval (80),false,{80753},Commune,2026-03-24 14:42:09.967209+01,gold_establishments_2025,,,,21800705200010,2025,Collectivité Territoriale,Commune,['Somme'],['Hauts-de-France'],COM,{80},{32}
7e89d85d-1a1b-463d-9c5f-14afa00104c1,217606888,Commune de Thiergeville (76),false,{76688},Commune,2026-03-24 14:42:08.818969+01,gold_establishments_2025,,,,21760688800014,2025,Collectivité Territoriale,Commune,['Seine-Maritime'],['Normandie'],COM,{76},{28}
6b6ff763-a1c1-4b33-aea1-4d9bbf34c0a0,210207155,Commune de Thiernu (02),false,{02742},Commune,2026-03-24 14:41:52.020251+01,gold_establishments_2025,,,,21020715500016,2025,Collectivité Territoriale,Commune,['Aisne'],['Hauts-de-France'],COM,{02},{32}
9678795e-18f5-42d6-93bc-ad879f536adf,216304303,Commune de Thiers (63),false,{63430},Commune,2026-03-24 14:42:06.130387+01,gold_establishments_2025,,,,21630430300011,2025,Collectivité Territoriale,Commune,['Puy-de-Dôme'],['Auvergne-Rhône-Alpes'],COM,{63},{84}
e5f8f80d-4138-4d07-b02f-a647c2a73fcf,216006221,Commune de Thiers-sur-Thève (60),false,{60631},Commune,2026-03-24 14:42:04.814328+01,gold_establishments_2025,,,,21600622100057,2025,Collectivité Territoriale,Commune,['Oise'],['Hauts-de-France'],COM,{60},{32}
eface0dc-c09b-478e-b8e1-9ed340be283d,212706311,Commune de Thierville (27),false,{27631},Commune,2026-03-24 14:41:57.028721+01,gold_establishments_2025,,,,21270631100017,2025,Collectivité Territoriale,Commune,['Eure'],['Normandie'],COM,{27},{28}
3128509f-f9e2-4303-8051-0dc10418270b,215505058,Commune de Thierville-sur-Meuse (55),false,{55505},Commune,2026-03-24 14:42:03.701372+01,gold_establishments_2025,,,,21550505800010,2025,Collectivité Territoriale,Commune,['Meuse'],['Grand Est'],COM,{55},{44}
ac877ab1-6c64-427b-a6b6-b02b24b1dfcd,216006239,Commune de Thiescourt (60),false,{60632},Commune,2026-03-24 14:42:04.814328+01,gold_establishments_2025,,,,21600623900018,2025,Collectivité Territoriale,Commune,['Oise'],['Hauts-de-France'],COM,{60},{32}
fa446756-a2ac-4d8d-bb8f-6f84576cb7e3,218007060,Commune de Thieulloy-l'Abbaye (80),false,{80754},Commune,2026-03-24 14:42:09.967209+01,gold_establishments_2025,,,,21800706000013,2025,Collectivité Territoriale,Commune,['Somme'],['Hauts-de-France'],COM,{80},{32}
c96017b3-9388-4608-ba9a-4f433626c220,218007078,Commune de Thieulloy-la-Ville (80),false,{80755},Commune,2026-03-24 14:42:09.967209+01,gold_establishments_2025,,,,21800707800015,2025,Collectivité Territoriale,Commune,['Somme'],['Hauts-de-France'],COM,{80},{32}
8862dfed-fb09-449c-97f3-e6fafdeeaa47,216006247,Commune de Thieuloy-Saint-Antoine (60),false,{60633},Commune,2026-03-24 14:42:04.814328+01,gold_establishments_2025,,,,21600624700011,2025,Collectivité Territoriale,Commune,['Oise'],['Hauts-de-France'],COM,{60},{32}
c0b12080-8c02-4cb7-95bc-04b15365c3ea,216006254,Commune de Thieux (60),false,{60634},Commune,2026-03-24 14:42:04.814328+01,gold_establishments_2025,,,,21600625400017,2025,Collectivité Territoriale,Commune,['Oise'],['Hauts-de-France'],COM,{60},{32}
1e0026f0-1185-4c31-abb4-c95dd7aa251d,217704626,Commune de Thieux (77),false,{77462},Commune,2026-03-24 14:42:09.43682+01,gold_establishments_2025,,,,21770462600019,2025,Collectivité Territoriale,Commune,['Seine-et-Marne'],['Île-de-France'],COM,{77},{11}
80506abf-d2d1-45cf-9a06-d4213030f106,214503203,Commune de Thignonville (45),false,{45320},Commune,2026-03-24 14:42:00.862623+01,gold_establishments_2025,,,,21450320300017,2025,Collectivité Territoriale,Commune,['Loiret'],['Centre-Val de Loire'],COM,{45},{24}
5a166d61-dc4f-4e42-9bd0-c3bec5f0e859,210104188,Commune de Thil (01),false,{01418},Commune,2026-03-24 14:41:51.447482+01,gold_establishments_2025,,,,21010418800011,2025,Collectivité Territoriale,Commune,['Ain'],['Auvergne-Rhône-Alpes'],COM,{01},{84}
4d06f545-7280-4dab-8d84-8f3dbe192b68,211003660,Commune de Thil (10),false,{10377},Commune,2026-03-24 14:41:53.095366+01,gold_establishments_2025,,,,21100366000019,2025,Collectivité Territoriale,Commune,['Aube'],['Grand Est'],COM,{10},{44}
2ecdcb05-11f2-4357-bb85-9e4e34fa6066,213105539,Commune de Thil (31),false,{31553},Commune,2026-03-24 14:41:58.09424+01,gold_establishments_2025,,,,21310553900018,2025,Collectivité Territoriale,Commune,['Haute-Garonne'],['Occitanie'],COM,{31},{76}
6f06edea-d9c0-4390-8ab5-ca3ca09b6628,215105271,Commune de Thil (51),false,{51568},Commune,2026-03-24 14:42:01.954481+01,gold_establishments_2025,,,,21510527100013,2025,Collectivité Territoriale,Commune,['Marne'],['Grand Est'],COM,{51},{44}
050fdfb2-a7fa-4f84-b388-6994c9023543,215405218,Commune de Thil (54),false,{54521},Commune,2026-03-24 14:42:02.957225+01,gold_establishments_2025,,,,21540521800011,2025,Collectivité Territoriale,Commune,['Meurthe-et-Moselle'],['Grand Est'],COM,{54},{44}
efa79470-ee45-4678-85c4-696777eab2ba,217606904,Commune de Thil-Manneville (76),false,{76690},Commune,2026-03-24 14:42:08.818969+01,gold_establishments_2025,,,,21760690400019,2025,Collectivité Territoriale,Commune,['Seine-Maritime'],['Normandie'],COM,{76},{28}
bb6df1aa-021f-4671-a72d-57d66ffd9053,217105378,Commune de Thil-sur-Arroux (71),false,{71537},Commune,2026-03-24 14:42:08.279287+01,gold_establishments_2025,,,,21710537800012,2025,Collectivité Territoriale,Commune,['Saône-et-Loire'],['Bourgogne-Franche-Comté'],COM,{71},{27}
2b208828-53c0-4303-8af0-7a7ee382316a,210804076,Commune de Thilay (08),false,{08448},Commune,2026-03-24 14:41:53.095366+01,gold_establishments_2025,,,,21080407600011,2025,Collectivité Territoriale,Commune,['Ardennes'],['Grand Est'],COM,{08},{44}
1133c701-6440-4327-ada7-b5c95eaf7c8f,215203472,Commune de Thilleux (52),false,{52487},Commune,2026-03-24 14:42:01.954481+01,gold_establishments_2025,,,,21520347200018,2025,Collectivité Territoriale,Commune,['Haute-Marne'],['Grand Est'],COM,{52},{44}
92e20ab3-55ca-4d74-91e5-016b022cb46e,215105289,Commune de Thillois (51),false,{51569},Commune,2026-03-24 14:42:01.954481+01,gold_establishments_2025,,,,21510528900015,2025,Collectivité Territoriale,Commune,['Marne'],['Grand Est'],COM,{51},{44}
babfe7ed-ee92-4e27-9f9a-785fa900ab83,215505066,Commune de Thillombois (55),false,{55506},Commune,2026-03-24 14:42:03.701372+01,gold_establishments_2025,,,,21550506600013,2025,Collectivité Territoriale,Commune,['Meuse'],['Grand Est'],COM,{55},{44}
977fc254-dbf7-4ff1-b7f4-d2e5a67cecfd,215505074,Commune de Thillot (55),false,{55507},Commune,2026-03-24 14:42:03.701372+01,gold_establishments_2025,,,,21550507400017,2025,Collectivité Territoriale,Commune,['Meuse'],['Grand Est'],COM,{55},{44}
40c15075-de5c-4ea4-818a-ed362a776f0c,213702574,Commune de Thilouze (37),false,{37257},Commune,2026-03-24 14:41:59.160244+01,gold_establishments_2025,,,,21370257400012,2025,Collectivité Territoriale,Commune,['Indre-et-Loire'],['Centre-Val de Loire'],COM,{37},{24}
e2f1123b-c1ad-4108-90fd-fa9b2c922cf6,212803860,Commune de Thimert-Gâtelles (28),false,{28386},Commune,2026-03-24 14:41:57.028721+01,gold_establishments_2025,,,,21280386000015,2025,Collectivité Territoriale,Commune,['Eure-et-Loir'],['Centre-Val de Loire'],COM,{28},{24}
75e487e7-5f2f-4c0b-bc21-404c060ac671,215706714,Commune de Thimonville (57),false,{57671},Commune,2026-03-24 14:42:04.280096+01,gold_establishments_2025,,,,21570671400015,2025,Collectivité Territoriale,Commune,['Moselle'],['Grand Est'],COM,{57},{44}
320e8c53-cbc4-4f8d-998b-1b9bfc8e50b7,214503211,Commune de Thimory (45),false,{45321},Commune,2026-03-24 14:42:00.862623+01,gold_establishments_2025,,,,21450321100010,2025,Collectivité Territoriale,Commune,['Loiret'],['Centre-Val de Loire'],COM,{45},{24}
2c5e9083-5d39-4da8-94f7-180d83f2ebb0,210804084,Commune de Thin-le-Moutier (08),false,{08449},Commune,2026-03-24 14:41:53.095366+01,gold_establishments_2025,,,,21080408400015,2025,Collectivité Territoriale,Commune,['Ardennes'],['Grand Est'],COM,{08},{44}
333ce0a5-61d3-4785-a7ac-fbee495c4b9f,216304311,Commune de Thiolières (63),false,{63431},Commune,2026-03-24 14:42:06.130387+01,gold_establishments_2025,,,,21630431100014,2025,Collectivité Territoriale,Commune,['Puy-de-Dôme'],['Auvergne-Rhône-Alpes'],COM,{63},{84}
3b13640b-982d-49e6-83de-55d0945275cd,210302840,Commune de Thionne (03),false,{03284},Commune,2026-03-24 14:41:52.020251+01,gold_establishments_2025,,,,21030284000017,2025,Collectivité Territoriale,Commune,['Allier'],['Auvergne-Rhône-Alpes'],COM,{03},{84}
4e5c5fa5-ff44-4e17-afd8-5db34b238f04,215706722,Commune de Thionville (57),false,{57672},Commune,2026-03-24 14:42:04.280096+01,gold_establishments_2025,,,,21570672200018,2025,Collectivité Territoriale,Commune,['Moselle'],['Grand Est'],COM,{57},{44}
047a3973-29aa-49fa-a674-9db06e7ab441,217606920,Commune de Thiouville (76),false,{76692},Commune,2026-03-24 14:42:08.818969+01,gold_establishments_2025,,,,21760692000015,2025,Collectivité Territoriale,Commune,['Seine-Maritime'],['Normandie'],COM,{76},{28}
5ee360f9-c29b-45ba-b038-cca7494dd9d5,218804698,Commune de Thiraucourt (88),false,{88469},Commune,2026-03-24 14:42:11.118516+01,gold_establishments_2025,,,,21880469800015,2025,Collectivité Territoriale,Commune,['Vosges'],['Grand Est'],COM,{88},{44}
efde589b-963c-4096-a0fd-3ba6d065ae5d,212803878,Commune de Thiron-Gardais (28),false,{28387},Commune,2026-03-24 14:41:57.028721+01,gold_establishments_2025,,,,21280387800116,2025,Collectivité Territoriale,Commune,['Eure-et-Loir'],['Centre-Val de Loire'],COM,{28},{24}
84338329-a080-40e1-a9cd-2f95d375ecce,218502904,Commune de Thiré (85),false,{85290},Commune,2026-03-24 14:42:10.508772+01,gold_establishments_2025,,,,21850290400012,2025,Collectivité Territoriale,Commune,['Vendée'],['Pays de la Loire'],COM,{85},{52}
28671fc5-f863-4dae-898d-b9005642b842,210804092,Commune de This (08),false,{08450},Commune,2026-03-24 14:41:53.095366+01,gold_establishments_2025,,,,21080409200018,2025,Collectivité Territoriale,Commune,['Ardennes'],['Grand Est'],COM,{08},{44}
a32b2af6-5550-435c-8a5c-5743056c6d3e,212505606,Commune de Thise (25),false,{25560},Commune,2026-03-24 14:41:56.495197+01,gold_establishments_2025,,,,21250560600013,2025,Collectivité Territoriale,Commune,['Doubs'],['Bourgogne-Franche-Comté'],COM,{25},{27}
90ed4670-c6e9-4d0f-a714-878159dc29cd,212803886,Commune de Thivars (28),false,{28388},Commune,2026-03-24 14:41:57.028721+01,gold_establishments_2025,,,,21280388600010,2025,Collectivité Territoriale,Commune,['Eure-et-Loir'],['Centre-Val de Loire'],COM,{28},{24}
c312574f-08c3-4d63-b25f-fc2d3aa4e3cb,215905910,Commune de Thivencelle (59),false,{59591},Commune,2026-03-24 14:42:04.814328+01,gold_establishments_2025,,,,21590591000018,2025,Collectivité Territoriale,Commune,['Nord'],['Hauts-de-France'],COM,{59},{32}
ac4ed8b8-250a-4f98-bcf3-7ff29e9aae38,216006262,Commune de Thiverny (60),false,{60635},Commune,2026-03-24 14:42:04.814328+01,gold_establishments_2025,,,,21600626200010,2025,Collectivité Territoriale,Commune,['Oise'],['Hauts-de-France'],COM,{60},{32}
3f73a786-a4be-4719-805c-e39ed7467ccd,217806157,Commune de Thiverval-Grignon (78),false,{78615},Commune,2026-03-24 14:42:09.43682+01,gold_establishments_2025,,,,21780615700012,2025,Collectivité Territoriale,Commune,['Yvelines'],['Île-de-France'],COM,{78},{11}
29f6d2b4-b737-48f5-982a-ce54a9588a44,215203480,Commune de Thivet (52),false,{52488},Commune,2026-03-24 14:42:01.954481+01,gold_establishments_2025,,,,21520348000011,2025,Collectivité Territoriale,Commune,['Haute-Marne'],['Grand Est'],COM,{52},{44}
48621f0e-c56f-4290-a0b1-dcbfc3045b19,212405518,Commune de Thiviers (24),false,{24551},Commune,2026-03-24 14:41:55.958138+01,gold_establishments_2025,,,,21240551800011,2025,Collectivité Territoriale,Commune,['Dordogne'],['Nouvelle-Aquitaine'],COM,{24},{75}
faedbf48-18bd-4829-bf1f-ca4ef4bfb102,212803894,Commune de Thiville (28),false,{28389},Commune,2026-03-24 14:41:57.028721+01,gold_establishments_2025,,,,21280389400014,2025,Collectivité Territoriale,Commune,['Eure-et-Loir'],['Centre-Val de Loire'],COM,{28},{24}
7f9d4aa6-cea1-4265-980a-23f4a6b46db9,213602220,Commune de Thizay (36),false,{36222},Commune,2026-03-24 14:41:59.160244+01,gold_establishments_2025,,,,21360222000013,2025,Collectivité Territoriale,Commune,['Indre'],['Centre-Val de Loire'],COM,{36},{24}
9648257a-f6c4-4fda-8394-71b0eb19629b,213702582,Commune de Thizay (37),false,{37258},Commune,2026-03-24 14:41:59.160244+01,gold_establishments_2025,,,,21370258200015,2025,Collectivité Territoriale,Commune,['Indre-et-Loire'],['Centre-Val de Loire'],COM,{37},{24}
14b5c257-1c45-4da7-ac2d-ac7878e16cba,218904126,Commune de Thizy (89),false,{89412},Commune,2026-03-24 14:42:11.659493+01,gold_establishments_2025,,,,21890412600016,2025,Collectivité Territoriale,Commune,['Yonne'],['Bourgogne-Franche-Comté'],COM,{89},{27}
901ef6dd-403a-420e-95ab-374e6844c77e,200033652,Commune de Thizy-les-Bourgs (69),false,{69248},Commune,2026-03-24 14:42:07.735343+01,gold_establishments_2025,,,,20003365200013,2025,Collectivité Territoriale,Commune,['Rhône'],['Auvergne-Rhône-Alpes'],COM,{69},{84}
6414cd82-d39b-4576-8db3-2cc70bfe8eb6,216208140,Commune de Thièvres (62),false,{62814},Commune,2026-03-24 14:42:06.130387+01,gold_establishments_2025,,,,21620814000014,2025,Collectivité Territoriale,Commune,['Pas-de-Calais'],['Hauts-de-France'],COM,{62},{32}
5a585e15-1bea-4e89-9801-0657f21470b6,218007086,Commune de Thièvres (80),false,{80756},Commune,2026-03-24 14:42:09.967209+01,gold_establishments_2025,,,,21800708600018,2025,Collectivité Territoriale,Commune,['Somme'],['Hauts-de-France'],COM,{80},{32}
93c615c2-64bb-4288-9687-94c62e69b9a2,215405200,Commune de Thiébauménil (54),false,{54520},Commune,2026-03-24 14:42:02.957225+01,gold_establishments_2025,,,,21540520000019,2025,Collectivité Territoriale,Commune,['Meurthe-et-Moselle'],['Grand Est'],COM,{54},{44}
855348ee-603f-4787-afe3-1aec5d72755f,215105263,Commune de Thiéblemont-Farémont (51),false,{51567},Commune,2026-03-24 14:42:01.954481+01,gold_establishments_2025,,,,21510526300010,2025,Collectivité Territoriale,Commune,['Marne'],['Grand Est'],COM,{51},{44}
13416e9b-f7fb-4ab7-9ce9-46bece46908d,212505598,Commune de Thiébouhans (25),false,{25559},Commune,2026-03-24 14:41:56.495197+01,gold_establishments_2025,,,,21250559800012,2025,Collectivité Territoriale,Commune,['Doubs'],['Bourgogne-Franche-Comté'],COM,{25},{27}
814ebfa6-aac6-4d27-b851-2830738e862e,218804672,Commune de Thiéfosse (88),false,{88467},Commune,2026-03-24 14:42:11.118516+01,gold_establishments_2025,,,,21880467200010,2025,Collectivité Territoriale,Commune,['Vosges'],['Grand Est'],COM,{88},{44}
06eb84a0-a778-4cb6-97b8-b961e6c347b8,217005016,Commune de Thiénans (70),false,{70501},Commune,2026-03-24 14:42:07.735343+01,gold_establishments_2025,,,,21700501600019,2025,Collectivité Territoriale,Commune,['Haute-Saône'],['Bourgogne-Franche-Comté'],COM,{70},{27}
65b5d51a-41ad-4382-ab65-6fb0db6998ea,210601399,Commune de Thiéry (06),false,{06139},Commune,2026-03-24 14:41:52.562531+01,gold_establishments_2025,,,,21060139900012,2025,Collectivité Territoriale,Commune,['Alpes-Maritimes'],"[""Provence-Alpes-Côte d'Azur""]",COM,{06},{93}
7e09a798-f57c-4bb5-817d-6408c97197f9,217606896,Commune de Thiétreville (76),false,{76689},Commune,2026-03-24 14:42:08.818969+01,gold_establishments_2025,,,,21760689600017,2025,Collectivité Territoriale,Commune,['Seine-Maritime'],['Normandie'],COM,{76},{28}
87e26b20-8a38-4924-96a4-c1f2676cdda1,211502364,Commune de Thiézac (15),false,{15236},Commune,2026-03-24 14:41:54.362296+01,gold_establishments_2025,,,,21150236400014,2025,Collectivité Territoriale,Commune,['Cantal'],['Auvergne-Rhône-Alpes'],COM,{15},{84}
2d93ed79-0523-4347-901f-575a03b81b47,210402178,Commune de Thoard (04),false,{04217},Commune,2026-03-24 14:41:52.562531+01,gold_establishments_2025,,,,21040217800011,2025,Collectivité Territoriale,Commune,['Alpes-de-Haute-Provence'],"[""Provence-Alpes-Côte d'Azur""]",COM,{04},{93}
8fb34477-1652-4e62-a2e9-591db7b348e5,213805054,Commune de Thodure (38),false,{38505},Commune,2026-03-24 14:41:59.705606+01,gold_establishments_2025,,,,21380505400011,2025,Collectivité Territoriale,Commune,['Isère'],['Auvergne-Rhône-Alpes'],COM,{38},{84}
b6e324c4-dde6-4cc2-aef7-e82c1c9570ef,217203546,Commune de Thoigné (72),false,{72354},Commune,2026-03-24 14:42:08.279287+01,gold_establishments_2025,,,,21720354600015,2025,Collectivité Territoriale,Commune,['Sarthe'],['Pays de la Loire'],COM,{72},{52}
5fd646c6-d392-4c71-b39b-535969eb90c4,213003296,Commune de Thoiras-Corbès (30),false,{30329},Commune,2026-03-24 14:41:57.56054+01,gold_establishments_2025,,,,21300329600018,2025,Collectivité Territoriale,Commune,['Gard'],['Occitanie'],COM,{30},{76}
f57abab9-36f4-4f2c-b36f-c0d89dd81de7,212106280,Commune de Thoires (21),false,{21628},Commune,2026-03-24 14:41:55.433389+01,gold_establishments_2025,,,,21210628000010,2025,Collectivité Territoriale,Commune,"[""Côte-d'Or""]",['Bourgogne-Franche-Comté'],COM,{21},{27}
19c3329f-ea8e-43f8-a88c-0b8df1842c3e,200073021,Commune de Thoirette-Coisia (39),false,{39530},Commune,2026-03-24 14:41:59.705606+01,gold_establishments_2025,,,,20007302100012,2025,Collectivité Territoriale,Commune,['Jura'],['Bourgogne-Franche-Comté'],COM,{39},{27}
46ffd93d-630b-4cdc-908e-c72acd948b19,213905318,Commune de Thoiria (39),false,{39531},Commune,2026-03-24 14:41:59.705606+01,gold_establishments_2025,,,,21390531800019,2025,Collectivité Territoriale,Commune,['Jura'],['Bourgogne-Franche-Comté'],COM,{39},{27}
efe519b3-3466-44fa-9a0c-2296f33d9be1,210104196,Commune de Thoiry (01),false,{01419},Commune,2026-03-24 14:41:51.447482+01,gold_establishments_2025,,,,21010419600014,2025,Collectivité Territoriale,Commune,['Ain'],['Auvergne-Rhône-Alpes'],COM,{01},{84}
8517ef7e-b235-43c3-bea6-4d4b112d58f4,217302934,Commune de Thoiry (73),false,{73293},Commune,2026-03-24 14:42:08.279287+01,gold_establishments_2025,,,,21730293400013,2025,Collectivité Territoriale,Commune,['Savoie'],['Auvergne-Rhône-Alpes'],COM,{73},{84}
aadab4aa-0ca8-4678-ad97-459e3a14a63d,217806165,Commune de Thoiry (78),false,{78616},Commune,2026-03-24 14:42:09.43682+01,gold_establishments_2025,,,,21780616500015,2025,Collectivité Territoriale,Commune,['Yvelines'],['Île-de-France'],COM,{78},{11}
77e9bb27-537b-4634-8516-6f9314c1753f,217203553,Commune de Thoiré-sous-Contensor (72),false,{72355},Commune,2026-03-24 14:42:08.279287+01,gold_establishments_2025,,,,21720355300045,2025,Collectivité Territoriale,Commune,['Sarthe'],['Pays de la Loire'],COM,{72},{52}
c53a477e-4a3c-4a5e-a78d-bd608060d6eb,217203561,Commune de Thoiré-sur-Dinan (72),false,{72356},Commune,2026-03-24 14:42:08.279287+01,gold_establishments_2025,,,,21720356100014,2025,Collectivité Territoriale,Commune,['Sarthe'],['Pays de la Loire'],COM,{72},{52}
a899296c-6dc0-493e-93bc-a370d7682a0f,210104204,Commune de Thoissey (01),false,{01420},Commune,2026-03-24 14:41:51.447482+01,gold_establishments_2025,,,,21010420400016,2025,Collectivité Territoriale,Commune,['Ain'],['Auvergne-Rhône-Alpes'],COM,{01},{84}
969d5d63-1170-46b6-b261-ebc6ee0473c0,213905326,Commune de Thoissia (39),false,{39532},Commune,2026-03-24 14:41:59.705606+01,gold_establishments_2025,,,,21390532600012,2025,Collectivité Territoriale,Commune,['Jura'],['Bourgogne-Franche-Comté'],COM,{39},{27}
8a69d955-d1c8-4931-8147-04586220b78a,212106298,Commune de Thoisy-la-Berchère (21),false,{21629},Commune,2026-03-24 14:41:55.433389+01,gold_establishments_2025,,,,21210629800012,2025,Collectivité Territoriale,Commune,"[""Côte-d'Or""]",['Bourgogne-Franche-Comté'],COM,{21},{27}
fde21c4e-3341-4f5c-945f-0d5ece69219a,212106306,Commune de Thoisy-le-Désert (21),false,{21630},Commune,2026-03-24 14:41:55.433389+01,gold_establishments_2025,,,,21210630600013,2025,Collectivité Territoriale,Commune,"[""Côte-d'Or""]",['Bourgogne-Franche-Comté'],COM,{21},{27}
1a1cdaad-e9e1-4e1d-90f5-561b49ba42d7,218007094,Commune de Thoix (80),false,{80757},Commune,2026-03-24 14:42:09.967209+01,gold_establishments_2025,,,,21800709400012,2025,Collectivité Territoriale,Commune,['Somme'],['Hauts-de-France'],COM,{80},{32}
3c63e231-4599-4e22-a382-83bf0383586f,215203498,Commune de Thol-lès-Millières (52),false,{52489},Commune,2026-03-24 14:42:01.954481+01,gold_establishments_2025,,,,21520349800013,2025,Collectivité Territoriale,Commune,['Haute-Marne'],['Grand Est'],COM,{52},{44}
dc01828d-a8db-4f77-ada2-f39d67f86226,218602704,Commune de Thollet (86),false,{86270},Commune,2026-03-24 14:42:11.118516+01,gold_establishments_2025,,,,21860270400015,2025,Collectivité Territoriale,Commune,['Vienne'],['Nouvelle-Aquitaine'],COM,{86},{75}
fc00f1bb-a6a2-4ddc-b687-1ecdf84d0d5a,217402791,Commune de Thollon-les-Mémises (74),false,{74279},Commune,2026-03-24 14:42:08.818969+01,gold_establishments_2025,,,,21740279100016,2025,Collectivité Territoriale,Commune,['Haute-Savoie'],['Auvergne-Rhône-Alpes'],COM,{74},{84}
bca6c5e6-4fc6-4e80-a397-16ae79fadba3,217704634,Commune de Thomery (77),false,{77463},Commune,2026-03-24 14:42:09.43682+01,gold_establishments_2025,,,,21770463400013,2025,Collectivité Territoriale,Commune,['Seine-et-Marne'],['Île-de-France'],COM,{77},{11}
c9d08a17-6958-4cc4-8273-af094e8de99c,212106314,Commune de Thomirey (21),false,{21631},Commune,2026-03-24 14:41:55.433389+01,gold_establishments_2025,,,,21210631400017,2025,Collectivité Territoriale,Commune,"[""Côte-d'Or""]",['Bourgogne-Franche-Comté'],COM,{21},{27}
6a0222e0-8102-4866-9ac1-26bcec728837,212405526,Commune de Thonac (24),false,{24552},Commune,2026-03-24 14:41:55.958138+01,gold_establishments_2025,,,,21240552600014,2025,Collectivité Territoriale,Commune,['Dordogne'],['Nouvelle-Aquitaine'],COM,{24},{75}
b9a09fd5-08f7-4e20-bf0b-5480bee96115,215203514,Commune de Thonnance-les-Moulins (52),false,{52491},Commune,2026-03-24 14:42:01.954481+01,gold_establishments_2025,,,,21520351400017,2025,Collectivité Territoriale,Commune,['Haute-Marne'],['Grand Est'],COM,{52},{44}
22db4e08-c922-45e4-9a3f-458df1b715d8,215203506,Commune de Thonnance-lès-Joinville (52),false,{52490},Commune,2026-03-24 14:42:01.954481+01,gold_establishments_2025,,,,21520350600013,2025,Collectivité Territoriale,Commune,['Haute-Marne'],['Grand Est'],COM,{52},{44}
1ae93c1b-47b1-450b-b0af-efb70b78ae8e,215505082,Commune de Thonne-la-Long (55),false,{55508},Commune,2026-03-24 14:42:03.701372+01,gold_establishments_2025,,,,21550508200010,2025,Collectivité Territoriale,Commune,['Meuse'],['Grand Est'],COM,{55},{44}
bae0e02e-6704-4507-9c36-8dbe62d2edb9,215505090,Commune de Thonne-le-Thil (55),false,{55509},Commune,2026-03-24 14:42:03.701372+01,gold_establishments_2025,,,,21550509000013,2025,Collectivité Territoriale,Commune,['Meuse'],['Grand Est'],COM,{55},{44}
e31239e7-c37d-41fd-a71f-ef1cf010e45d,215505108,Commune de Thonne-les-Près (55),false,{55510},Commune,2026-03-24 14:42:03.701372+01,gold_establishments_2025,,,,21550510800013,2025,Collectivité Territoriale,Commune,['Meuse'],['Grand Est'],COM,{55},{44}
78d8223a-2284-402f-9f23-f1deea2499d3,215505116,Commune de Thonnelle (55),false,{55511},Commune,2026-03-24 14:42:03.701372+01,gold_establishments_2025,,,,21550511600016,2025,Collectivité Territoriale,Commune,['Meuse'],['Grand Est'],COM,{55},{44}
97e276cb-76c6-4ab4-9186-0f85a4f26ac2,217402817,Commune de Thonon-les-Bains (74),false,{74281},Commune,2026-03-24 14:42:08.818969+01,gold_establishments_2025,,,,21740281700019,2025,Collectivité Territoriale,Commune,['Haute-Savoie'],['Auvergne-Rhône-Alpes'],COM,{74},{84}
74bd5ed8-952f-4b82-b3dc-1441058a47ee,215706730,Commune de Thonville (57),false,{57673},Commune,2026-03-24 14:42:04.280096+01,gold_establishments_2025,,,,21570673000011,2025,Collectivité Territoriale,Commune,['Moselle'],['Grand Est'],COM,{57},{44}
f9fc57c6-1cdb-4980-9b3f-f17f3af164b0,214503229,Commune de Thorailles (45),false,{45322},Commune,2026-03-24 14:42:00.862623+01,gold_establishments_2025,,,,21450322900012,2025,Collectivité Territoriale,Commune,['Loiret'],['Centre-Val de Loire'],COM,{45},{24}
e268e0df-d604-4f3f-954b-8353656de7f5,212505614,Commune de Thoraise (25),false,{25561},Commune,2026-03-24 14:41:56.495197+01,gold_establishments_2025,,,,21250561400017,2025,Collectivité Territoriale,Commune,['Doubs'],['Bourgogne-Franche-Comté'],COM,{25},{27}
b22bf4fa-a794-4920-9b93-5974996cd43d,210402186,Commune de Thorame-Basse (04),false,{04218},Commune,2026-03-24 14:41:52.562531+01,gold_establishments_2025,,,,21040218600014,2025,Collectivité Territoriale,Commune,['Alpes-de-Haute-Provence'],"[""Provence-Alpes-Côte d'Azur""]",COM,{04},{93}
a40de17e-014a-4794-9ed5-fd6602f2c319,210402194,Commune de Thorame-Haute (04),false,{04219},Commune,2026-03-24 14:41:52.562531+01,gold_establishments_2025,,,,21040219400018,2025,Collectivité Territoriale,Commune,['Alpes-de-Haute-Provence'],"[""Provence-Alpes-Côte d'Azur""]",COM,{04},{93}
2927a923-be08-47cf-9c89-79653a6f7d94,200059327,Commune de Thoras (43),false,{43245},Commune,2026-03-24 14:42:00.273698+01,gold_establishments_2025,,,,20005932700011,2025,Collectivité Territoriale,Commune,['Haute-Loire'],['Auvergne-Rhône-Alpes'],COM,{43},{84}
56e9bcad-ce5a-4bde-86d2-b15b73344fa3,218904134,Commune de Thorey (89),false,{89413},Commune,2026-03-24 14:42:11.659493+01,gold_establishments_2025,,,,21890413400010,2025,Collectivité Territoriale,Commune,['Yonne'],['Bourgogne-Franche-Comté'],COM,{89},{27}
0cf19938-ebb7-475f-b836-950addc406cd,215405226,Commune de Thorey-Lyautey (54),false,{54522},Commune,2026-03-24 14:42:02.957225+01,gold_establishments_2025,,,,21540522600014,2025,Collectivité Territoriale,Commune,['Meurthe-et-Moselle'],['Grand Est'],COM,{54},{44}
35878576-e088-4819-a129-28979b506ff4,212106322,Commune de Thorey-en-Plaine (21),false,{21632},Commune,2026-03-24 14:41:55.433389+01,gold_establishments_2025,,,,21210632200010,2025,Collectivité Territoriale,Commune,"[""Côte-d'Or""]",['Bourgogne-Franche-Comté'],COM,{21},{27}
e02c2674-85c6-4ecb-9dce-e61db74b0ba8,212106330,Commune de Thorey-sous-Charny (21),false,{21633},Commune,2026-03-24 14:41:55.433389+01,gold_establishments_2025,,,,21210633000013,2025,Collectivité Territoriale,Commune,"[""Côte-d'Or""]",['Bourgogne-Franche-Comté'],COM,{21},{27}
2f3f2853-9b2f-4eca-b54b-f544ba161d5b,212106348,Commune de Thorey-sur-Ouche (21),false,{21634},Commune,2026-03-24 14:41:55.433389+01,gold_establishments_2025,,,,21210634800015,2025,Collectivité Territoriale,Commune,"[""Côte-d'Or""]",['Bourgogne-Franche-Comté'],COM,{21},{27}
b9349517-e03f-4f07-9f36-33ea5b51dd5e,218502912,Commune de Thorigny (85),false,{85291},Commune,2026-03-24 14:42:10.508772+01,gold_establishments_2025,,,,21850291200015,2025,Collectivité Territoriale,Commune,['Vendée'],['Pays de la Loire'],COM,{85},{52}
634cdf27-e566-4d2b-a3bf-d6ab3b79e26e,217704642,Commune de Thorigny-sur-Marne (77),false,{77464},Commune,2026-03-24 14:42:09.43682+01,gold_establishments_2025,,,,21770464200016,2025,Collectivité Territoriale,Commune,['Seine-et-Marne'],['Île-de-France'],COM,{77},{11}
f01693fc-a7a2-4756-a503-ac5349a6ec31,218904142,Commune de Thorigny-sur-Oreuse (89),false,{89414},Commune,2026-03-24 14:42:11.659493+01,gold_establishments_2025,,,,21890414200013,2025,Collectivité Territoriale,Commune,['Yonne'],['Bourgogne-Franche-Comté'],COM,{89},{27}
4d31a5e0-dd71-40e1-a79c-42edb7c5788d,213503345,Commune de Thorigné-Fouillard (35),false,{35334},Commune,2026-03-24 14:41:59.160244+01,gold_establishments_2025,,,,21350334500182,2025,Collectivité Territoriale,Commune,['Ille-et-Vilaine'],['Bretagne'],COM,{35},{53}
2b6f92b7-5e1e-48d5-b4fb-f7e2007952cd,214903445,Commune de Thorigné-d'Anjou (49),false,{49344},Commune,2026-03-24 14:42:01.412377+01,gold_establishments_2025,,,,21490344500010,2025,Collectivité Territoriale,Commune,['Maine-et-Loire'],['Pays de la Loire'],COM,{49},{52}
8f59192a-31da-4670-9507-5171bf1335c9,215302647,Commune de Thorigné-en-Charnie (53),false,{53264},Commune,2026-03-24 14:42:02.957225+01,gold_establishments_2025,,,,21530264700015,2025,Collectivité Territoriale,Commune,['Mayenne'],['Pays de la Loire'],COM,{53},{52}
8bf247fb-312c-4f4d-aa30-2d82343b7fea,217203587,Commune de Thorigné-sur-Dué (72),false,{72358},Commune,2026-03-24 14:42:08.279287+01,gold_establishments_2025,,,,21720358700019,2025,Collectivité Territoriale,Commune,['Sarthe'],['Pays de la Loire'],COM,{72},{52}
2f9d9dd9-8859-4026-98c9-86abd7fefaa4,210703211,Commune de Thorrenc (07),false,{07321},Commune,2026-03-24 14:41:52.562531+01,gold_establishments_2025,,,,21070321100016,2025,Collectivité Territoriale,Commune,['Ardèche'],['Auvergne-Rhône-Alpes'],COM,{07},{84}
62c6bd34-7d87-442e-87b1-3ab85a78baa6,211003678,Commune de Thors (10),false,{10378},Commune,2026-03-24 14:41:53.095366+01,gold_establishments_2025,,,,21100367800011,2025,Collectivité Territoriale,Commune,['Aube'],['Grand Est'],COM,{10},{44}
b1f3e56e-2673-4235-aa67-d7bcb5c5d5bb,211704465,Commune de Thors (17),false,{17446},Commune,2026-03-24 14:41:54.903238+01,gold_establishments_2025,,,,21170446500015,2025,Collectivité Territoriale,Commune,['Charente-Maritime'],['Nouvelle-Aquitaine'],COM,{17},{75}
a5375156-2d04-44ce-8b5e-9d21500554e1,218007102,Commune de Thory (80),false,{80758},Commune,2026-03-24 14:42:09.967209+01,gold_establishments_2025,,,,21800710200013,2025,Collectivité Territoriale,Commune,['Somme'],['Hauts-de-France'],COM,{80},{32}
06a7fbdd-4fe2-43e2-acb6-1aa98d77dd1c,218904159,Commune de Thory (89),false,{89415},Commune,2026-03-24 14:42:11.659493+01,gold_establishments_2025,,,,21890415900017,2025,Collectivité Territoriale,Commune,['Yonne'],['Bourgogne-Franche-Comté'],COM,{89},{27}
74546ecd-de79-499b-98ad-4eeac1691d13,214102592,Commune de Thoré-la-Rochette (41),false,{41259},Commune,2026-03-24 14:42:00.273698+01,gold_establishments_2025,,,,21410259200018,2025,Collectivité Territoriale,Commune,['Loir-et-Cher'],['Centre-Val de Loire'],COM,{41},{24}
11ea6752-bd72-4c7e-966f-cbc2a20f0ca8,217203579,Commune de Thorée-les-Pins (72),false,{72357},Commune,2026-03-24 14:42:08.279287+01,gold_establishments_2025,,,,21720357900016,2025,Collectivité Territoriale,Commune,['Sarthe'],['Pays de la Loire'],COM,{72},{52}
6ffd416e-64ed-4579-809d-20005eca2e4a,212106355,Commune de Thoste (21),false,{21635},Commune,2026-03-24 14:41:55.433389+01,gold_establishments_2025,,,,21210635500010,2025,Collectivité Territoriale,Commune,"[""Côte-d'Or""]",['Bourgogne-Franche-Comté'],COM,{21},{27}
1d83bf7a-5792-4a6a-b170-b9a4c3cba8e0,211802640,Commune de Thou (18),false,{18264},Commune,2026-03-24 14:41:54.903238+01,gold_establishments_2025,,,,21180264000014,2025,Collectivité Territoriale,Commune,['Cher'],['Centre-Val de Loire'],COM,{18},{24}
09c8d9d1-4de7-4c7d-9932-9c8aa8048be5,214503237,Commune de Thou (45),false,{45323},Commune,2026-03-24 14:42:00.862623+01,gold_establishments_2025,,,,21450323700015,2025,Collectivité Territoriale,Commune,['Loiret'],['Centre-Val de Loire'],COM,{45},{24}
8ee73ed9-d629-4018-b8b8-20197d903cb7,200084267,Commune de Thouars (79),false,{79329},Commune,2026-03-24 14:42:09.43682+01,gold_establishments_2025,,,,20008426700018,2025,Collectivité Territoriale,Commune,['Deux-Sèvres'],['Nouvelle-Aquitaine'],COM,{79},{75}
0bb8bce3-b502-4af1-8a4d-5e823f739470,210903100,Commune de Thouars-sur-Arize (09),false,{09310},Commune,2026-03-24 14:41:53.095366+01,gold_establishments_2025,,,,21090310000019,2025,Collectivité Territoriale,Commune,['Ariège'],['Occitanie'],COM,{09},{76}
a778c328-e43b-4ce8-b99c-6b2b7938a1c8,214703084,Commune de Thouars-sur-Garonne (47),false,{47308},Commune,2026-03-24 14:42:01.412377+01,gold_establishments_2025,,,,21470308400019,2025,Collectivité Territoriale,Commune,['Lot-et-Garonne'],['Nouvelle-Aquitaine'],COM,{47},{75}
806aa727-d01b-48ec-b67e-221978c7c3d9,214402042,Commune de Thouaré-sur-Loire (44),false,{44204},Commune,2026-03-24 14:42:00.862623+01,gold_establishments_2025,,,,21440204200110,2025,Collectivité Territoriale,Commune,['Loire-Atlantique'],['Pays de la Loire'],COM,{44},{52}
3a55bacd-346d-463d-89a5-6886f9784700,213503352,Commune de Thourie (35),false,{35335},Commune,2026-03-24 14:41:59.160244+01,gold_establishments_2025,,,,21350335200063,2025,Collectivité Territoriale,Commune,['Ille-et-Vilaine'],['Bretagne'],COM,{35},{53}
ebc726d7-2cb2-47bc-81a1-81da636eab53,218719706,Commune de Thouron (87),false,{87197},Commune,2026-03-24 14:42:11.118516+01,gold_establishments_2025,,,,21871970600010,2025,Collectivité Territoriale,Commune,['Haute-Vienne'],['Nouvelle-Aquitaine'],COM,{87},{75}
8090fdad-e0ac-4d06-bcbc-83b90299ddb6,216006270,Commune de Thourotte (60),false,{60636},Commune,2026-03-24 14:42:04.814328+01,gold_establishments_2025,,,,21600627000013,2025,Collectivité Territoriale,Commune,['Oise'],['Hauts-de-France'],COM,{60},{32}
a63df2ef-ec61-4ba5-82b6-2449fdeb312c,214102600,Commune de Thoury (41),false,{41260},Commune,2026-03-24 14:42:00.273698+01,gold_establishments_2025,,,,21410260000019,2025,Collectivité Territoriale,Commune,['Loir-et-Cher'],['Centre-Val de Loire'],COM,{41},{24}
402b1195-2f3f-4c8d-b723-fa3335e450b1,217704659,Commune de Thoury-Férottes (77),false,{77465},Commune,2026-03-24 14:42:09.43682+01,gold_establishments_2025,,,,21770465900010,2025,Collectivité Territoriale,Commune,['Seine-et-Marne'],['Île-de-France'],COM,{77},{11}
cc9c5104-9810-4088-98bd-082532ad8028,213204449,Commune de Thoux (32),false,{32444},Commune,2026-03-24 14:41:58.09424+01,gold_establishments_2025,,,,21320444900010,2025,Collectivité Territoriale,Commune,['Gers'],['Occitanie'],COM,{32},{76}
01635bb1-aead-44d8-90b8-83225fd401bf,215302639,Commune de Thubœuf (53),false,{53263},Commune,2026-03-24 14:42:02.957225+01,gold_establishments_2025,,,,21530263900012,2025,Collectivité Territoriale,Commune,['Mayenne'],['Pays de la Loire'],COM,{53},{52}
646aeb35-58b9-4335-a3d9-6b76d7117f01,200065027,Commune de Thue et Mue (14),false,{14098},Commune,2026-03-24 14:41:53.63825+01,gold_establishments_2025,,,,20006502700019,2025,Collectivité Territoriale,Commune,['Calvados'],['Normandie'],COM,{14},{28}
3eb87226-48fc-43a1-adbb-7fabdc18aca6,210703229,Commune de Thueyts (07),false,{07322},Commune,2026-03-24 14:41:52.562531+01,gold_establishments_2025,,,,21070322900018,2025,Collectivité Territoriale,Commune,['Ardèche'],['Auvergne-Rhône-Alpes'],COM,{07},{84}
e4acc1d1-4fae-4600-b068-4fccaa0e9e32,210804118,Commune de Thugny-Trugny (08),false,{08452},Commune,2026-03-24 14:41:53.095366+01,gold_establishments_2025,,,,21080411800011,2025,Collectivité Territoriale,Commune,['Ardennes'],['Grand Est'],COM,{08},{44}
2d6bc05d-0cc9-40e0-9f73-51156c374101,215407982,Commune de Thuilley-aux-Groseilles (54),false,{54523},Commune,2026-03-24 14:42:02.957225+01,gold_establishments_2025,,,,21540798200010,2025,Collectivité Territoriale,Commune,['Meurthe-et-Moselle'],['Grand Est'],COM,{54},{44}
b301f036-9a75-4f72-ab18-85aef310069b,218804722,Commune de Thuillières (88),false,{88472},Commune,2026-03-24 14:42:11.118516+01,gold_establishments_2025,,,,21880472200013,2025,Collectivité Territoriale,Commune,['Vosges'],['Grand Est'],COM,{88},{44}
b6ae45f7-e021-424e-a54e-7ddde9c9664e,216602102,Commune de Thuir (66),false,{66210},Commune,2026-03-24 14:42:06.665412+01,gold_establishments_2025,,,,21660210200016,2025,Collectivité Territoriale,Commune,['Pyrénées-Orientales'],['Occitanie'],COM,{66},{76}
c2ddaa6f-f1f4-4762-b527-d0f172826f8c,212505622,Commune de Thulay (25),false,{25562},Commune,2026-03-24 14:41:56.495197+01,gold_establishments_2025,,,,21250562200010,2025,Collectivité Territoriale,Commune,['Doubs'],['Bourgogne-Franche-Comté'],COM,{25},{27}
3abe8e34-192e-4e8b-b6e9-26c759647148,215905928,Commune de Thumeries (59),false,{59592},Commune,2026-03-24 14:42:04.814328+01,gold_establishments_2025,,,,21590592800010,2025,Collectivité Territoriale,Commune,['Nord'],['Hauts-de-France'],COM,{59},{32}
21f2b435-2112-42e4-9419-d5b03c70bae6,215405242,Commune de Thumeréville (54),false,{54524},Commune,2026-03-24 14:42:02.957225+01,gold_establishments_2025,,,,21540524200011,2025,Collectivité Territoriale,Commune,['Meurthe-et-Moselle'],['Grand Est'],COM,{54},{44}
b872f2b3-219c-43be-b61d-4989db2b5928,215905944,Commune de Thun-Saint-Amand (59),false,{59594},Commune,2026-03-24 14:42:04.814328+01,gold_establishments_2025,,,,21590594400017,2025,Collectivité Territoriale,Commune,['Nord'],['Hauts-de-France'],COM,{59},{32}
2eb6ccaf-0b7e-4719-a9db-8cb9b386ffcc,215905951,Commune de Thun-Saint-Martin (59),false,{59595},Commune,2026-03-24 14:42:04.814328+01,gold_establishments_2025,,,,21590595100012,2025,Collectivité Territoriale,Commune,['Nord'],['Hauts-de-France'],COM,{59},{32}
25b59934-6f90-4565-8fa9-312b4103a452,215905936,Commune de Thun-l'Évêque (59),false,{59593},Commune,2026-03-24 14:42:04.814328+01,gold_establishments_2025,,,,21590593600013,2025,Collectivité Territoriale,Commune,['Nord'],['Hauts-de-France'],COM,{59},{32}
e13863ea-fa8c-4fa0-a4e8-cc35cd62c10f,218602712,Commune de Thurageau (86),false,{86271},Commune,2026-03-24 14:42:11.118516+01,gold_establishments_2025,,,,21860271200018,2025,Collectivité Territoriale,Commune,['Vienne'],['Nouvelle-Aquitaine'],COM,{86},{75}
5c1448b8-e827-40e8-adfe-f9df72839fe2,216304329,Commune de Thuret (63),false,{63432},Commune,2026-03-24 14:42:06.130387+01,gold_establishments_2025,,,,21630432900016,2025,Collectivité Territoriale,Commune,['Puy-de-Dôme'],['Auvergne-Rhône-Alpes'],COM,{63},{84}
0ffc4a88-59b9-4f5a-88d1-5cc6f2366665,217105386,Commune de Thurey (71),false,{71538},Commune,2026-03-24 14:42:08.279287+01,gold_establishments_2025,,,,21710538600015,2025,Collectivité Territoriale,Commune,['Saône-et-Loire'],['Bourgogne-Franche-Comté'],COM,{71},{27}
25745f46-2a8a-4751-8d66-ff8842640f3a,212505630,Commune de Thurey-le-Mont (25),false,{25563},Commune,2026-03-24 14:41:56.495197+01,gold_establishments_2025,,,,21250563000013,2025,Collectivité Territoriale,Commune,['Doubs'],['Bourgogne-Franche-Comté'],COM,{25},{27}
3d8eeca6-34ab-4222-a598-75bc2b5007a2,216902494,Commune de Thurins (69),false,{69249},Commune,2026-03-24 14:42:07.735343+01,gold_establishments_2025,,,,21690249400014,2025,Collectivité Territoriale,Commune,['Rhône'],['Auvergne-Rhône-Alpes'],COM,{69},{84}
9d13c18d-d880-4a65-9487-36093f95293d,212106363,Commune de Thury (21),false,{21636},Commune,2026-03-24 14:41:55.433389+01,gold_establishments_2025,,,,21210636300014,2025,Collectivité Territoriale,Commune,"[""Côte-d'Or""]",['Bourgogne-Franche-Comté'],COM,{21},{27}
04c5638c-91df-4235-962d-7ad6d04fcfa0,218904167,Commune de Thury (89),false,{89416},Commune,2026-03-24 14:42:11.659493+01,gold_establishments_2025,,,,21890416700010,2025,Collectivité Territoriale,Commune,['Yonne'],['Bourgogne-Franche-Comté'],COM,{89},{27}
98b9f0e9-07c2-4cae-8ed9-1cdd9e6e29ff,200060572,Commune de Thury-Harcourt-le-Hom (14),false,{14689},Commune,2026-03-24 14:41:54.362296+01,gold_establishments_2025,,,,20006057200019,2025,Collectivité Territoriale,Commune,['Calvados'],['Normandie'],COM,{14},{28}
aaef5a7f-2c26-4d27-936d-b59c6c3b979c,216006288,Commune de Thury-en-Valois (60),false,{60637},Commune,2026-03-24 14:42:04.814328+01,gold_establishments_2025,,,,21600628800015,2025,Collectivité Territoriale,Commune,['Oise'],['Hauts-de-France'],COM,{60},{32}
87893bc7-cd5c-4397-9e70-38c92f7ab5f9,216006296,Commune de Thury-sous-Clermont (60),false,{60638},Commune,2026-03-24 14:42:04.814328+01,gold_establishments_2025,,,,21600629600018,2025,Collectivité Territoriale,Commune,['Oise'],['Hauts-de-France'],COM,{60},{32}
2f88e8b1-7b9a-4830-acf0-e407e366c23d,218602720,Commune de Thuré (86),false,{86272},Commune,2026-03-24 14:42:11.118516+01,gold_establishments_2025,,,,21860272000011,2025,Collectivité Territoriale,Commune,['Vienne'],['Nouvelle-Aquitaine'],COM,{86},{75}
29b3d450-f80a-499d-babc-8873a092db4b,217402833,Commune de Thusy (74),false,{74283},Commune,2026-03-24 14:42:08.818969+01,gold_establishments_2025,,,,21740283300016,2025,Collectivité Territoriale,Commune,['Haute-Savoie'],['Auvergne-Rhône-Alpes'],COM,{74},{84}
31262bbc-d004-4ca1-8a29-ea852e77881c,216504431,Commune de Thuy (65),false,{65443},Commune,2026-03-24 14:42:06.665412+01,gold_establishments_2025,,,,21650443100018,2025,Collectivité Territoriale,Commune,['Hautes-Pyrénées'],['Occitanie'],COM,{65},{76}
a5810fea-ec1e-4fdb-a98d-55d7b2df6925,216602094,Commune de Thuès-Entre-Valls (66),false,{66209},Commune,2026-03-24 14:42:06.665412+01,gold_establishments_2025,,,,21660209400015,2025,Collectivité Territoriale,Commune,['Pyrénées-Orientales'],['Occitanie'],COM,{66},{76}
8f2522e0-49f8-40d1-b528-9e769ef339be,217402783,Commune de Thyez (74),false,{74278},Commune,2026-03-24 14:42:08.818969+01,gold_establishments_2025,,,,21740278300013,2025,Collectivité Territoriale,Commune,['Haute-Savoie'],['Auvergne-Rhône-Alpes'],COM,{74},{84}
26b5427a-599f-4934-916f-09c68b3fe65f,216504415,Commune de Thèbe (65),false,{65441},Commune,2026-03-24 14:42:06.665412+01,gold_establishments_2025,,,,21650441500011,2025,Collectivité Territoriale,Commune,['Hautes-Pyrénées'],['Occitanie'],COM,{65},{76}
9b1c3ee7-ad20-4122-988a-65bd92d388ac,200056828,Commune de Thèreval (50),false,{50239},Commune,2026-03-24 14:42:01.412377+01,gold_establishments_2025,,,,20005682800011,2025,Collectivité Territoriale,Commune,['Manche'],['Normandie'],COM,{50},{28}
4ef9dea6-2109-43d6-977a-e1eb8118528c,210402160,Commune de Thèze (04),false,{04216},Commune,2026-03-24 14:41:52.562531+01,gold_establishments_2025,,,,21040216000019,2025,Collectivité Territoriale,Commune,['Alpes-de-Haute-Provence'],"[""Provence-Alpes-Côte d'Azur""]",COM,{04},{93}
db10cf8f-a68d-44ff-b977-a7081eadf84f,216405365,Commune de Thèze (64),false,{64536},Commune,2026-03-24 14:42:06.665412+01,gold_establishments_2025,,,,21640536500018,2025,Collectivité Territoriale,Commune,['Pyrénées-Atlantiques'],['Nouvelle-Aquitaine'],COM,{64},{75}
bc94328a-f3d8-4541-b2fc-3aec2962387a,215706698,Commune de Théding (57),false,{57669},Commune,2026-03-24 14:42:04.280096+01,gold_establishments_2025,,,,21570669800010,2025,Collectivité Territoriale,Commune,['Moselle'],['Grand Est'],COM,{57},{44}
3e0a8e41-7699-4ef1-805b-b8294fc701f3,214603169,Commune de Thédirac (46),false,{46316},Commune,2026-03-24 14:42:00.862623+01,gold_establishments_2025,,,,21460316900019,2025,Collectivité Territoriale,Commune,['Lot'],['Occitanie'],COM,{46},{76}
2426a3ca-b4a0-4845-8af1-eae79ac4866a,214603177,Commune de Thégra (46),false,{46317},Commune,2026-03-24 14:42:00.862623+01,gold_establishments_2025,,,,21460317700012,2025,Collectivité Territoriale,Commune,['Lot'],['Occitanie'],COM,{46},{76}
dd4f804d-9a1a-4e5c-9a2e-eba30e2d4665,215602509,Commune de Théhillac (56),false,{56250},Commune,2026-03-24 14:42:03.701372+01,gold_establishments_2025,,,,21560250900014,2025,Collectivité Territoriale,Commune,['Morbihan'],['Bretagne'],COM,{56},{53}
241f24a5-d766-491a-b107-90b1c8e9bfd2,217203538,Commune de Théligny (72),false,{72353},Commune,2026-03-24 14:42:08.279287+01,gold_establishments_2025,,,,21720353800012,2025,Collectivité Territoriale,Commune,['Sarthe'],['Pays de la Loire'],COM,{72},{52}
28d7c539-3a31-45de-803f-57c1c3a82690,214203101,Commune de Thélis-la-Combe (42),false,{42310},Commune,2026-03-24 14:42:00.273698+01,gold_establishments_2025,,,,21420310100016,2025,Collectivité Territoriale,Commune,['Loire'],['Auvergne-Rhône-Alpes'],COM,{42},{84}
58a1738d-ebcb-4cf7-a765-2a1e0cc2aa65,215405150,Commune de Thélod (54),false,{54515},Commune,2026-03-24 14:42:02.957225+01,gold_establishments_2025,,,,21540515000016,2025,Collectivité Territoriale,Commune,['Meurthe-et-Moselle'],['Grand Est'],COM,{54},{44}
f242029a-65b1-441f-b203-30095e426500,216208108,Commune de Thélus (62),false,{62810},Commune,2026-03-24 14:42:06.130387+01,gold_establishments_2025,,,,21620810800011,2025,Collectivité Territoriale,Commune,['Pas-de-Calais'],['Hauts-de-France'],COM,{62},{32}
adfeff33-356e-4914-825e-c35483c8f3ac,214603185,Commune de Thémines (46),false,{46318},Commune,2026-03-24 14:42:00.862623+01,gold_establishments_2025,,,,21460318500015,2025,Collectivité Territoriale,Commune,['Lot'],['Occitanie'],COM,{46},{76}
5d54b1a0-3ac2-4fad-bb4b-4f6c58adbb6c,214603193,Commune de Théminettes (46),false,{46319},Commune,2026-03-24 14:42:00.862623+01,gold_establishments_2025,,,,21460319300019,2025,Collectivité Territoriale,Commune,['Lot'],['Occitanie'],COM,{46},{76}
e8b0336d-dfc4-4d25-9a4f-97c9bad625db,219506102,Commune de Théméricourt (95),false,{95610},Commune,2026-03-24 14:42:11.659493+01,gold_establishments_2025,,,,21950610200017,2025,Collectivité Territoriale,Commune,"[""Val-d'Oise""]",['Île-de-France'],COM,{95},{11}
87a40ddd-1a07-4167-8d07-a0f84324c780,211704440,Commune de Thénac (17),false,{17444},Commune,2026-03-24 14:41:54.903238+01,gold_establishments_2025,,,,21170444000018,2025,Collectivité Territoriale,Commune,['Charente-Maritime'],['Nouvelle-Aquitaine'],COM,{17},{75}
92523a03-01af-4d59-958c-bf79d7919f6d,212405492,Commune de Thénac (24),false,{24549},Commune,2026-03-24 14:41:55.958138+01,gold_establishments_2025,,,,21240549200019,2025,Collectivité Territoriale,Commune,['Dordogne'],['Nouvelle-Aquitaine'],COM,{24},{75}
1b7fda8b-a91c-4388-9867-794ea6557bc7,217903269,Commune de Thénezay (79),false,{79326},Commune,2026-03-24 14:42:09.43682+01,gold_establishments_2025,,,,21790326900017,2025,Collectivité Territoriale,Commune,['Deux-Sèvres'],['Nouvelle-Aquitaine'],COM,{79},{75}
34115a1f-e2b7-461f-a72f-5885f9d59be8,211802632,Commune de Thénioux (18),false,{18263},Commune,2026-03-24 14:41:54.903238+01,gold_establishments_2025,,,,21180263200011,2025,Collectivité Territoriale,Commune,['Cher'],['Centre-Val de Loire'],COM,{18},{24}
e4ba77cf-2b92-40f2-b7d3-94c4d9e40f40,217704618,Commune de Thénisy (77),false,{77461},Commune,2026-03-24 14:42:09.43682+01,gold_establishments_2025,,,,21770461800016,2025,Collectivité Territoriale,Commune,['Seine-et-Marne'],['Île-de-France'],COM,{77},{11}
7d3548b1-1d72-41b6-83be-148075e6b1a5,210804068,Commune de Thénorgues (08),false,{08446},Commune,2026-03-24 14:41:53.095366+01,gold_establishments_2025,,,,21080406800018,2025,Collectivité Territoriale,Commune,['Ardennes'],['Grand Est'],COM,{08},{44}
245c6931-3daf-41ef-bacc-32214a1d7383,200076479,Commune de Thénouville (27),false,{27089},Commune,2026-03-24 14:41:56.495197+01,gold_establishments_2025,,,,20007647900084,2025,Collectivité Territoriale,Commune,['Eure'],['Normandie'],COM,{27},{28}
2f4bfb81-9bf8-46d3-89e6-bbff11c5205a,217302926,Commune de Thénésol (73),false,{73292},Commune,2026-03-24 14:42:08.279287+01,gold_establishments_2025,,,,21730292600019,2025,Collectivité Territoriale,Commune,['Savoie'],['Auvergne-Rhône-Alpes'],COM,{73},{84}
8fdacf13-e813-4051-861c-d5cbc2365f8e,210601381,Commune de Théoule-sur-Mer (06),false,{06138},Commune,2026-03-24 14:41:52.562531+01,gold_establishments_2025,,,,21060138100010,2025,Collectivité Territoriale,Commune,['Alpes-Maritimes'],"[""Provence-Alpes-Côte d'Azur""]",COM,{06},{93}
f8c4ecb9-35a1-4f06-b7ec-e96ee08c52e3,216006205,Commune de Thérines (60),false,{60629},Commune,2026-03-24 14:42:04.814328+01,gold_establishments_2025,,,,21600620500019,2025,Collectivité Territoriale,Commune,['Oise'],['Hauts-de-France'],COM,{60},{32}
03c81590-2be1-4b02-9db7-b1af74cebf2f,211202809,Commune de Thérondels (12),false,{12280},Commune,2026-03-24 14:41:53.63825+01,gold_establishments_2025,,,,21120280900011,2025,Collectivité Territoriale,Commune,['Aveyron'],['Occitanie'],COM,{12},{76}
91eb8e74-6a0c-4275-96ea-c74415ea9960,216208116,Commune de Thérouanne (62),false,{62811},Commune,2026-03-24 14:42:06.130387+01,gold_establishments_2025,,,,21620811600014,2025,Collectivité Territoriale,Commune,['Pas-de-Calais'],['Hauts-de-France'],COM,{62},{32}
f00f2322-4989-4a7e-8674-253cafd73d50,217606854,Commune de Thérouldeville (76),false,{76685},Commune,2026-03-24 14:42:08.818969+01,gold_establishments_2025,,,,21760685400016,2025,Collectivité Territoriale,Commune,['Seine-Maritime'],['Normandie'],COM,{76},{28}
5d483293-5d63-40be-aa96-16c12af1bc38,213905292,Commune de Thésy (39),false,{39529},Commune,2026-03-24 14:41:59.705606+01,gold_establishments_2025,,,,21390529200016,2025,Collectivité Territoriale,Commune,['Jura'],['Bourgogne-Franche-Comté'],COM,{39},{27}
f591b9bf-54f4-435a-9380-434253a4dd2e,214102584,Commune de Thésée (41),false,{41258},Commune,2026-03-24 14:42:00.273698+01,gold_establishments_2025,,,,21410258400015,2025,Collectivité Territoriale,Commune,['Loir-et-Cher'],['Centre-Val de Loire'],COM,{41},{24}
7fae2748-75a1-459b-b5fe-d659d22de695,210501714,Commune de Théus (05),false,{05171},Commune,2026-03-24 14:41:52.562531+01,gold_establishments_2025,,,,21050171400013,2025,Collectivité Territoriale,Commune,['Hautes-Alpes'],"[""Provence-Alpes-Côte d'Azur""]",COM,{05},{93}
8c6ceff1-5a5c-4e92-b985-c9b30f35066c,215005968,Commune de Théville (50),false,{50596},Commune,2026-03-24 14:42:01.412377+01,gold_establishments_2025,,,,21500596800015,2025,Collectivité Territoriale,Commune,['Manche'],['Normandie'],COM,{50},{28}
67651e20-942d-4eb6-a804-917a52e91b33,216602086,Commune de Théza (66),false,{66208},Commune,2026-03-24 14:42:06.665412+01,gold_establishments_2025,,,,21660208600011,2025,Collectivité Territoriale,Commune,['Pyrénées-Orientales'],['Occitanie'],COM,{66},{76}
ffa29217-5297-4603-b665-8b166cd6cace,211704457,Commune de Thézac (17),false,{17445},Commune,2026-03-24 14:41:54.903238+01,gold_establishments_2025,,,,21170445700012,2025,Collectivité Territoriale,Commune,['Charente-Maritime'],['Nouvelle-Aquitaine'],COM,{17},{75}
9e86e805-ee24-4199-8d08-1a3c1be1bf04,214703076,Commune de Thézac (47),false,{47307},Commune,2026-03-24 14:42:00.862623+01,gold_establishments_2025,,,,21470307600015,2025,Collectivité Territoriale,Commune,['Lot-et-Garonne'],['Nouvelle-Aquitaine'],COM,{47},{75}
0b72849c-fba1-4323-bd29-da990403a4d7,211103908,Commune de Thézan-des-Corbières (11),false,{11390},Commune,2026-03-24 14:41:53.63825+01,gold_establishments_2025,,,,21110390800011,2025,Collectivité Territoriale,Commune,['Aude'],['Occitanie'],COM,{11},{76}
13d859db-7a0c-4c2a-922f-9ddad6c79338,213403108,Commune de Thézan-lès-Béziers (34),false,{34310},Commune,2026-03-24 14:41:58.620411+01,gold_establishments_2025,,,,21340310800011,2025,Collectivité Territoriale,Commune,['Hérault'],['Occitanie'],COM,{34},{76}
107ff8f9-2469-4d67-8098-6bead894b29b,215405176,Commune de Thézey-Saint-Martin (54),false,{54517},Commune,2026-03-24 14:42:02.957225+01,gold_establishments_2025,,,,21540517600011,2025,Collectivité Territoriale,Commune,['Meurthe-et-Moselle'],['Grand Est'],COM,{54},{44}
9a6d5cd5-f9c6-4a60-af03-30bfe122d47b,213003288,Commune de Théziers (30),false,{30328},Commune,2026-03-24 14:41:57.56054+01,gold_establishments_2025,,,,21300328800015,2025,Collectivité Territoriale,Commune,['Gard'],['Occitanie'],COM,{30},{76}
cb9bef0c-9da0-41d6-8bc3-a4d78a1512ca,218007045,Commune de Thézy-Glimont (80),false,{80752},Commune,2026-03-24 14:42:09.967209+01,gold_establishments_2025,,,,21800704500014,2025,Collectivité Territoriale,Commune,['Somme'],['Hauts-de-France'],COM,{80},{32}
f5c32aaf-4715-4189-95df-639499eb817d,217402809,Commune de Thônes (74),false,{74280},Commune,2026-03-24 14:42:08.818969+01,gold_establishments_2025,,,,21740280900016,2025,Collectivité Territoriale,Commune,['Haute-Savoie'],['Auvergne-Rhône-Alpes'],COM,{74},{84}
e40d5c3c-c675-4809-a66c-ea74cdd7b978,216504449,Commune de Tibiran-Jaunac (65),false,{65444},Commune,2026-03-24 14:42:06.665412+01,gold_establishments_2025,,,,21650444900010,2025,Collectivité Territoriale,Commune,['Hautes-Pyrénées'],['Occitanie'],COM,{65},{76}
6a0950d3-6d3e-4982-b309-8822382470be,216104851,Commune de Ticheville (61),false,{61485},Commune,2026-03-24 14:42:05.597325+01,gold_establishments_2025,,,,21610485100011,2025,Collectivité Territoriale,Commune,['Orne'],['Normandie'],COM,{61},{28}
7b427c82-082b-4372-ab8a-c76c3cf5b179,212106371,Commune de Tichey (21),false,{21637},Commune,2026-03-24 14:41:55.433389+01,gold_establishments_2025,,,,21210637100017,2025,Collectivité Territoriale,Commune,"[""Côte-d'Or""]",['Bourgogne-Franche-Comté'],COM,{21},{27}
127d05f4-cdda-4fa3-bf2c-e574583b315f,216704916,Commune de Tieffenbach (67),false,{67491},Commune,2026-03-24 14:42:07.195692+01,gold_establishments_2025,,,,21670491600016,2025,Collectivité Territoriale,Commune,['Bas-Rhin'],['Grand Est'],COM,{67},{44}
12c27a16-34c1-4ca3-86f4-1cb6148c6f20,215405259,Commune de Tiercelet (54),false,{54525},Commune,2026-03-24 14:42:02.957225+01,gold_establishments_2025,,,,21540525900015,2025,Collectivité Territoriale,Commune,['Meurthe-et-Moselle'],['Grand Est'],COM,{54},{44}
2123c3ba-04cd-4513-8243-ebeda5af9aae,214903478,Commune de Tiercé (49),false,{49347},Commune,2026-03-24 14:42:01.412377+01,gold_establishments_2025,,,,21490347800011,2025,Collectivité Territoriale,Commune,['Maine-et-Loire'],['Pays de la Loire'],COM,{49},{52}
2810c9c3-43f8-4e1e-b5ae-52a3a858da36,213204456,Commune de Tieste-Uragnoux (32),false,{32445},Commune,2026-03-24 14:41:58.09424+01,gold_establishments_2025,,,,21320445600015,2025,Collectivité Territoriale,Commune,['Gers'],['Occitanie'],COM,{32},{76}
6d50868c-2a8f-424c-917d-8799e7cb0dc4,218502938,Commune de Tiffauges (85),false,{85293},Commune,2026-03-24 14:42:10.508772+01,gold_establishments_2025,,,,21850293800127,2025,Collectivité Territoriale,Commune,['Vendée'],['Pays de la Loire'],COM,{85},{52}
6c923ec9-4a3d-4b22-83b0-96da328f0870,217704667,Commune de Tigeaux (77),false,{77466},Commune,2026-03-24 14:42:09.43682+01,gold_establishments_2025,,,,21770466700013,2025,Collectivité Territoriale,Commune,['Seine-et-Marne'],['Île-de-France'],COM,{77},{11}
6ebfd66b-fa54-4785-8494-06e87081c54b,219106176,Commune de Tigery (91),false,{91617},Commune,2026-03-24 14:42:11.659493+01,gold_establishments_2025,,,,21910617600064,2025,Collectivité Territoriale,Commune,['Essonne'],['Île-de-France'],COM,{91},{11}
2e5a5413-ffb9-4dc1-82d8-43609f3a3945,210903118,Commune de Tignac (09),false,{09311},Commune,2026-03-24 14:41:53.095366+01,gold_establishments_2025,,,,21090311800011,2025,Collectivité Territoriale,Commune,['Ariège'],['Occitanie'],COM,{09},{76}
c598574a-c73b-4d3e-b919-aa2488a2cd0d,217302967,Commune de Tignes (73),false,{73296},Commune,2026-03-24 14:42:08.279287+01,gold_establishments_2025,,,,21730296700013,2025,Collectivité Territoriale,Commune,['Savoie'],['Auvergne-Rhône-Alpes'],COM,{73},{84}
388bdb9f-ee6a-41b4-9734-4288cddbb37e,213805070,Commune de Tignieu-Jameyzieu (38),false,{38507},Commune,2026-03-24 14:41:59.705606+01,gold_establishments_2025,,,,21380507000017,2025,Collectivité Territoriale,Commune,['Isère'],['Auvergne-Rhône-Alpes'],COM,{38},{84}
3f6cb5bf-4822-42d3-bdf0-00c68ecc78f4,216208157,Commune de Tigny-Noyelle (62),false,{62815},Commune,2026-03-24 14:42:06.130387+01,gold_establishments_2025,,,,21620815700018,2025,Collectivité Territoriale,Commune,['Pas-de-Calais'],['Hauts-de-France'],COM,{62},{32}
728d4a1f-ec09-45db-af8c-1a77ab08f59a,218804730,Commune de Tignécourt (88),false,{88473},Commune,2026-03-24 14:42:11.118516+01,gold_establishments_2025,,,,21880473000016,2025,Collectivité Territoriale,Commune,['Vosges'],['Grand Est'],COM,{88},{44}
5317b881-1782-4476-b7fe-72d272d1f672,214503245,Commune de Tigy (45),false,{45324},Commune,2026-03-24 14:42:00.862623+01,gold_establishments_2025,,,,21450324500018,2025,Collectivité Territoriale,Commune,['Loiret'],['Centre-Val de Loire'],COM,{45},{24}
a4fbe471-19d4-4571-82ce-ad07cc1f4bc3,212106389,Commune de Til-Châtel (21),false,{21638},Commune,2026-03-24 14:41:55.433389+01,gold_establishments_2025,,,,21210638900019,2025,Collectivité Territoriale,Commune,"[""Côte-d'Or""]",['Bourgogne-Franche-Comté'],COM,{21},{27}
87c81fa1-7a08-4204-8b5b-e7eea08c2834,214003162,Commune de Tilh (40),false,{40316},Commune,2026-03-24 14:41:59.705606+01,gold_establishments_2025,,,,21400316200010,2025,Collectivité Territoriale,Commune,['Landes'],['Nouvelle-Aquitaine'],COM,{40},{75}
74984b35-10cf-49ca-99c0-15441140679f,216504456,Commune de Tilhouse (65),false,{65445},Commune,2026-03-24 14:42:06.665412+01,gold_establishments_2025,,,,21650445600015,2025,Collectivité Territoriale,Commune,['Hautes-Pyrénées'],['Occitanie'],COM,{65},{76}
98b3bc15-e644-4cb1-8039-b21d740a8524,213204464,Commune de Tillac (32),false,{32446},Commune,2026-03-24 14:41:58.09424+01,gold_establishments_2025,,,,21320446400019,2025,Collectivité Territoriale,Commune,['Gers'],['Occitanie'],COM,{32},{76}
2513922d-0c50-4538-96eb-9d55d614de86,212803902,Commune de Tillay-le-Péneux (28),false,{28390},Commune,2026-03-24 14:41:57.028721+01,gold_establishments_2025,,,,21280390200015,2025,Collectivité Territoriale,Commune,['Eure-et-Loir'],['Centre-Val de Loire'],COM,{28},{24}
1fc9602f-72a5-40bd-97a8-622d5ac64c7f,212106397,Commune de Tillenay (21),false,{21639},Commune,2026-03-24 14:41:55.433389+01,gold_establishments_2025,,,,21210639700012,2025,Collectivité Territoriale,Commune,"[""Côte-d'Or""]",['Bourgogne-Franche-Comté'],COM,{21},{27}
87bc959a-9f9e-47c2-9a2b-4acdc65c9f1f,212706402,Commune de Tilleul-Dame-Agnès (27),false,{27640},Commune,2026-03-24 14:41:57.028721+01,gold_establishments_2025,,,,21270640200014,2025,Collectivité Territoriale,Commune,['Eure'],['Normandie'],COM,{27},{28}
cbcf020b-38ae-4710-a42e-1b4f4dcbf796,218804748,Commune de Tilleux (88),false,{88474},Commune,2026-03-24 14:42:11.118516+01,gold_establishments_2025,,,,21880474800018,2025,Collectivité Territoriale,Commune,['Vosges'],['Grand Est'],COM,{88},{44}
11c276af-fded-4b9f-bd20-7f66dfcf4a5a,212706436,Commune de Tillières-sur-Avre (27),false,{27643},Commune,2026-03-24 14:41:57.028721+01,gold_establishments_2025,,,,21270643600012,2025,Collectivité Territoriale,Commune,['Eure'],['Normandie'],COM,{27},{28}
54069b37-3b98-48de-a2e0-439fed6c65a4,218007110,Commune de Tilloloy (80),false,{80759},Commune,2026-03-24 14:42:09.967209+01,gold_establishments_2025,,,,21800711000016,2025,Collectivité Territoriale,Commune,['Somme'],['Hauts-de-France'],COM,{80},{32}
6bb4d03c-1908-4568-99fa-7938aa109c2e,218007128,Commune de Tilloy-Floriville (80),false,{80760},Commune,2026-03-24 14:42:09.967209+01,gold_establishments_2025,,,,21800712800018,2025,Collectivité Territoriale,Commune,['Somme'],['Hauts-de-France'],COM,{80},{32}
d83e5a70-1466-4bbb-8c4d-bedd70a09bd0,215105313,Commune de Tilloy-et-Bellay (51),false,{51572},Commune,2026-03-24 14:42:01.954481+01,gold_establishments_2025,,,,21510531300013,2025,Collectivité Territoriale,Commune,['Marne'],['Grand Est'],COM,{51},{44}
1573b51b-5b3a-4972-9b71-850385ab7f62,215905977,Commune de Tilloy-lez-Cambrai (59),false,{59597},Commune,2026-03-24 14:42:04.814328+01,gold_establishments_2025,,,,21590597700017,2025,Collectivité Territoriale,Commune,['Nord'],['Hauts-de-France'],COM,{59},{32}
18dd9099-9b85-4136-b0e3-3928a198dc0a,215905969,Commune de Tilloy-lez-Marchiennes (59),false,{59596},Commune,2026-03-24 14:42:04.814328+01,gold_establishments_2025,,,,21590596900014,2025,Collectivité Territoriale,Commune,['Nord'],['Hauts-de-France'],COM,{59},{32}
d5845e68-6968-4ca6-bceb-bbb4fa3347a6,216208165,Commune de Tilloy-lès-Hermaville (62),false,{62816},Commune,2026-03-24 14:42:06.130387+01,gold_establishments_2025,,,,21620816500011,2025,Collectivité Territoriale,Commune,['Pas-de-Calais'],['Hauts-de-France'],COM,{62},{32}
a0e36017-84c2-42e5-895a-8a60a624a900,216208173,Commune de Tilloy-lès-Mofflaines (62),false,{62817},Commune,2026-03-24 14:42:06.130387+01,gold_establishments_2025,,,,21620817300015,2025,Collectivité Territoriale,Commune,['Pas-de-Calais'],['Hauts-de-France'],COM,{62},{32}
e3e63386-ca75-4d6e-bc90-ad6f81010425,212706444,Commune de Tilly (27),false,{27644},Commune,2026-03-24 14:41:57.028721+01,gold_establishments_2025,,,,21270644400016,2025,Collectivité Territoriale,Commune,['Eure'],['Normandie'],COM,{27},{28}
c47f121e-91c8-48b9-9f9f-66eacba17c5a,213602238,Commune de Tilly (36),false,{36223},Commune,2026-03-24 14:41:59.160244+01,gold_establishments_2025,,,,21360223800015,2025,Collectivité Territoriale,Commune,['Indre'],['Centre-Val de Loire'],COM,{36},{24}
ab9ab074-54f6-4c64-9d58-509f8f7aaa34,217806181,Commune de Tilly (78),false,{78618},Commune,2026-03-24 14:42:09.43682+01,gold_establishments_2025,,,,21780618100012,2025,Collectivité Territoriale,Commune,['Yvelines'],['Île-de-France'],COM,{78},{11}
f6357953-5b66-46af-a6e4-cbbe8e738ab3,216208181,Commune de Tilly-Capelle (62),false,{62818},Commune,2026-03-24 14:42:06.130387+01,gold_establishments_2025,,,,21620818100018,2025,Collectivité Territoriale,Commune,['Pas-de-Calais'],['Hauts-de-France'],COM,{62},{32}
6467a79c-8f3b-46ab-a24b-2e81b158739e,215505124,Commune de Tilly-sur-Meuse (55),false,{55512},Commune,2026-03-24 14:42:03.701372+01,gold_establishments_2025,,,,21550512400010,2025,Collectivité Territoriale,Commune,['Meuse'],['Grand Est'],COM,{55},{44}
d2ddb790-898c-4ed2-8352-d5a6d50164e6,211406921,Commune de Tilly-sur-Seulles (14),false,{14692},Commune,2026-03-24 14:41:54.362296+01,gold_establishments_2025,,,,21140692100018,2025,Collectivité Territoriale,Commune,['Calvados'],['Normandie'],COM,{14},{28}
6aa93dd1-1571-405b-a1d4-1301c0cf2227,216006304,Commune de Tillé (60),false,{60639},Commune,2026-03-24 14:42:04.814328+01,gold_establishments_2025,,,,21600630400010,2025,Collectivité Territoriale,Commune,['Oise'],['Hauts-de-France'],COM,{60},{32}
2e864682-449d-4146-960d-c76017d22da8,216208199,Commune de Tilques (62),false,{62819},Commune,2026-03-24 14:42:06.130387+01,gold_establishments_2025,,,,21620819900010,2025,Collectivité Territoriale,Commune,['Pas-de-Calais'],['Hauts-de-France'],COM,{62},{32}
4ef6158a-d295-4127-b77d-b2b9ce703c3c,217005024,Commune de Tincey-et-Pontrebeau (70),false,{70502},Commune,2026-03-24 14:42:07.735343+01,gold_establishments_2025,,,,21700502400013,2025,Collectivité Territoriale,Commune,['Haute-Saône'],['Bourgogne-Franche-Comté'],COM,{70},{27}
08c7c98f-859c-404a-a6c2-135b22a5f664,200049765,Commune de Tinchebray-Bocage (61),false,{61486},Commune,2026-03-24 14:42:05.597325+01,gold_establishments_2025,,,,20004976500015,2025,Collectivité Territoriale,Commune,['Orne'],['Normandie'],COM,{61},{28}
0bf39443-f32f-4f84-a46d-01f39ba651aa,218007144,Commune de Tincourt-Boucly (80),false,{80762},Commune,2026-03-24 14:42:09.967209+01,gold_establishments_2025,,,,21800714400015,2025,Collectivité Territoriale,Commune,['Somme'],['Hauts-de-France'],COM,{80},{32}
d1801983-cb84-4eb5-b443-e8f676e27485,216208207,Commune de Tincques (62),false,{62820},Commune,2026-03-24 14:42:06.130387+01,gold_establishments_2025,,,,21620820700052,2025,Collectivité Territoriale,Commune,['Pas-de-Calais'],['Hauts-de-France'],COM,{62},{32}
ee792fea-e758-4d25-a81a-f078631ca8db,215706748,Commune de Tincry (57),false,{57674},Commune,2026-03-24 14:42:04.280096+01,gold_establishments_2025,,,,21570674800013,2025,Collectivité Territoriale,Commune,['Moselle'],['Grand Est'],COM,{57},{44}
49bb0291-d9d3-4bb4-b06b-a12154e9da4a,216208215,Commune de Tingry (62),false,{62821},Commune,2026-03-24 14:42:06.130387+01,gold_establishments_2025,,,,21620821500014,2025,Collectivité Territoriale,Commune,['Pas-de-Calais'],['Hauts-de-France'],COM,{62},{32}
ce489471-f555-4934-a183-491153849b98,215105321,Commune de Tinqueux (51),false,{51573},Commune,2026-03-24 14:42:01.954481+01,gold_establishments_2025,,,,21510532100016,2025,Collectivité Territoriale,Commune,['Marne'],['Grand Est'],COM,{51},{44}
f39b00f0-a36d-4b54-80b0-c1ab601081bc,217105394,Commune de Tintry (71),false,{71539},Commune,2026-03-24 14:42:08.279287+01,gold_establishments_2025,,,,21710539400019,2025,Collectivité Territoriale,Commune,['Saône-et-Loire'],['Bourgogne-Franche-Comté'],COM,{71},{27}
d30726ba-2362-420b-8a2f-2604849b0939,215802927,Commune de Tintury (58),false,{58292},Commune,2026-03-24 14:42:04.280096+01,gold_establishments_2025,,,,21580292700016,2025,Collectivité Territoriale,Commune,['Nièvre'],['Bourgogne-Franche-Comté'],COM,{58},{27}
92a4fb2a-f4af-4fad-8cf4-9bbc3e40586c,213503378,Commune de Tinténiac (35),false,{35337},Commune,2026-03-24 14:41:59.160244+01,gold_establishments_2025,,,,21350337800019,2025,Collectivité Territoriale,Commune,['Ille-et-Vilaine'],['Bretagne'],COM,{35},{53}
0553e748-0ea0-42e4-b719-3a8060be7b1a,214302465,Commune de Tiranges (43),false,{43246},Commune,2026-03-24 14:42:00.273698+01,gold_establishments_2025,,,,21430246500015,2025,Collectivité Territoriale,Commune,['Haute-Loire'],['Auvergne-Rhône-Alpes'],COM,{43},{84}
562a1d83-b738-4b9d-b0af-7a076a4ef4ed,213204472,Commune de Tirent-Pontéjac (32),false,{32447},Commune,2026-03-24 14:41:58.09424+01,gold_establishments_2025,,,,21320447200012,2025,Collectivité Territoriale,Commune,['Gers'],['Occitanie'],COM,{32},{76}
b2f7428c-b0d0-4f31-ab39-784b759df4c3,200082782,Commune de Tirepied-sur-Sée (50),false,{50597},Commune,2026-03-24 14:42:01.412377+01,gold_establishments_2025,,,,20008278200042,2025,Collectivité Territoriale,Commune,['Manche'],['Normandie'],COM,{50},{28}
c8030b99-5746-4ee6-87b6-3f6033f946aa,218904175,Commune de Tissey (89),false,{89417},Commune,2026-03-24 14:42:11.659493+01,gold_establishments_2025,,,,21890417500013,2025,Collectivité Territoriale,Commune,['Yonne'],['Bourgogne-Franche-Comté'],COM,{89},{27}
e4e5a3e2-47e9-4511-b287-887b8bf434a5,214503252,Commune de Tivernon (45),false,{45325},Commune,2026-03-24 14:42:00.862623+01,gold_establishments_2025,,,,21450325200014,2025,Collectivité Territoriale,Commune,['Loiret'],['Centre-Val de Loire'],COM,{45},{24}
6bafc5f0-0751-4abd-9e59-e58d31705570,211502372,Commune de Tiviers (15),false,{15237},Commune,2026-03-24 14:41:54.362296+01,gold_establishments_2025,,,,21150237200017,2025,Collectivité Territoriale,Commune,['Cantal'],['Auvergne-Rhône-Alpes'],COM,{15},{84}
7a785727-6182-4181-98ef-50202581e3b4,213305311,Commune de Tizac-de-Curton (33),false,{33531},Commune,2026-03-24 14:41:58.620411+01,gold_establishments_2025,,,,21330531100010,2025,Collectivité Territoriale,Commune,['Gironde'],['Nouvelle-Aquitaine'],COM,{33},{75}
37976806-7cb1-4078-91a3-99eda0822979,213305329,Commune de Tizac-de-Lapouyade (33),false,{33532},Commune,2026-03-24 14:41:58.620411+01,gold_establishments_2025,,,,21330532900012,2025,Collectivité Territoriale,Commune,['Gironde'],['Nouvelle-Aquitaine'],COM,{33},{75}
6d194653-621c-4e68-9a13-8235a6b58c2c,212405534,Commune de Tocane-Saint-Apre (24),false,{24553},Commune,2026-03-24 14:41:55.958138+01,gold_establishments_2025,,,,21240553400018,2025,Collectivité Territoriale,Commune,['Dordogne'],['Nouvelle-Aquitaine'],COM,{24},{75}
f564e730-09a4-4f53-9461-8a6e8a31edf7,212706451,Commune de Tocqueville (27),false,{27645},Commune,2026-03-24 14:41:57.028721+01,gold_establishments_2025,,,,21270645100011,2025,Collectivité Territoriale,Commune,['Eure'],['Normandie'],COM,{27},{28}
288ed462-116c-49c1-aefc-55c23853a6cb,215005984,Commune de Tocqueville (50),false,{50598},Commune,2026-03-24 14:42:01.412377+01,gold_establishments_2025,,,,21500598400012,2025,Collectivité Territoriale,Commune,['Manche'],['Normandie'],COM,{50},{28}
d4ef077a-c8c2-4ea1-abc9-c619c974eaf6,217606946,Commune de Tocqueville-en-Caux (76),false,{76694},Commune,2026-03-24 14:42:08.818969+01,gold_establishments_2025,,,,21760694600010,2025,Collectivité Territoriale,Commune,['Seine-Maritime'],['Normandie'],COM,{76},{28}
fa803781-6b17-43f7-9961-2010ae596bce,217606953,Commune de Tocqueville-les-Murs (76),false,{76695},Commune,2026-03-24 14:42:08.818969+01,gold_establishments_2025,,,,21760695300016,2025,Collectivité Territoriale,Commune,['Seine-Maritime'],['Normandie'],COM,{76},{28}
7b24982d-0116-4b05-a8df-88aa2cf89d7e,210804126,Commune de Toges (08),false,{08453},Commune,2026-03-24 14:41:53.095366+01,gold_establishments_2025,,,,21080412600014,2025,Collectivité Territoriale,Commune,['Ardennes'],['Grand Est'],COM,{08},{44}
e9711b13-f548-4911-9d61-9c2c480dc73e,215105339,Commune de Togny-aux-Bœufs (51),false,{51574},Commune,2026-03-24 14:42:01.954481+01,gold_establishments_2025,,,,21510533900018,2025,Collectivité Territoriale,Commune,['Marne'],['Grand Est'],COM,{51},{44}
2565a8a1-4c3d-4fdd-8cca-8109835e61c1,212003263,Commune de Tolla (2A),false,{2A326},Commune,2026-03-24 14:41:57.56054+01,gold_establishments_2025,,,,21200326300010,2025,Collectivité Territoriale,Commune,['Corse-du-Sud'],['Corse'],COM,{2A},{94}
daabbd47-1c73-4e0f-9865-fe13a2361d27,200064814,Commune de Tollaincourt (88),false,{88475},Commune,2026-03-24 14:42:11.118516+01,gold_establishments_2025,,,,20006481400011,2025,Collectivité Territoriale,Commune,['Vosges'],['Grand Est'],COM,{88},{44}
0af3ffde-813f-4cd5-80c6-dbf0ad4f9ec0,216208223,Commune de Tollent (62),false,{62822},Commune,2026-03-24 14:42:06.130387+01,gold_establishments_2025,,,,21620822300018,2025,Collectivité Territoriale,Commune,['Pas-de-Calais'],['Hauts-de-France'],COM,{62},{32}
f6026b6f-3902-437c-a635-a1e0b393c25b,215005992,Commune de Tollevast (50),false,{50599},Commune,2026-03-24 14:42:01.412377+01,gold_establishments_2025,,,,21500599200015,2025,Collectivité Territoriale,Commune,['Manche'],['Normandie'],COM,{50},{28}
b7f2166b-51a2-4766-bc1a-8dac96c5b6e6,214703092,Commune de Tombebœuf (47),false,{47309},Commune,2026-03-24 14:42:01.412377+01,gold_establishments_2025,,,,21470309200012,2025,Collectivité Territoriale,Commune,['Lot-et-Garonne'],['Nouvelle-Aquitaine'],COM,{47},{75}
237b32e4-14df-478c-8748-8ac9b8825f31,215405267,Commune de Tomblaine (54),false,{54526},Commune,2026-03-24 14:42:02.957225+01,gold_establishments_2025,,,,21540526700018,2025,Collectivité Territoriale,Commune,['Meurthe-et-Moselle'],['Grand Est'],COM,{54},{44}
1abc4520-ed43-4c9f-b34b-011c39c36cf9,212003271,Commune de Tomino (2B),false,{2B327},Commune,2026-03-24 14:41:57.56054+01,gold_establishments_2025,,,,21200327100013,2025,Collectivité Territoriale,Commune,['Haute-Corse'],['Corse'],COM,{2B},{94}
270072ff-7044-4c53-9dbd-efd95902bd77,218103000,Commune de Tonnac (81),false,{81300},Commune,2026-03-24 14:42:09.967209+01,gold_establishments_2025,,,,21810300000012,2025,Collectivité Territoriale,Commune,['Tarn'],['Occitanie'],COM,{81},{76}
be35772a-832d-4498-8d32-cdd653772151,211704481,Commune de Tonnay-Boutonne (17),false,{17448},Commune,2026-03-24 14:41:54.903238+01,gold_establishments_2025,,,,21170448100012,2025,Collectivité Territoriale,Commune,['Charente-Maritime'],['Nouvelle-Aquitaine'],COM,{17},{75}
2b414c98-52f0-45df-86de-0887f27fa4eb,211704499,Commune de Tonnay-Charente (17),false,{17449},Commune,2026-03-24 14:41:54.903238+01,gold_establishments_2025,,,,21170449900014,2025,Collectivité Territoriale,Commune,['Charente-Maritime'],['Nouvelle-Aquitaine'],COM,{17},{75}
1f100dd7-0fe0-40e1-afa5-e73ce9f3ec60,214703100,Commune de Tonneins (47),false,{47310},Commune,2026-03-24 14:42:01.412377+01,gold_establishments_2025,,,,21470310000013,2025,Collectivité Territoriale,Commune,['Lot-et-Garonne'],['Nouvelle-Aquitaine'],COM,{47},{75}
0e2b17e7-0d93-4b32-b94f-1514bacb2db9,218904183,Commune de Tonnerre (89),false,{89418},Commune,2026-03-24 14:42:11.659493+01,gold_establishments_2025,,,,21890418300017,2025,Collectivité Territoriale,Commune,['Yonne'],['Bourgogne-Franche-Comté'],COM,{89},{27}
6b10b3e4-21cd-424b-be95-20f696d9a0b2,215405275,Commune de Tonnoy (54),false,{54527},Commune,2026-03-24 14:42:02.957225+01,gold_establishments_2025,,,,21540527500060,2025,Collectivité Territoriale,Commune,['Meurthe-et-Moselle'],['Grand Est'],COM,{54},{44}
030a5f45-cc03-464e-8e84-252d51a5976b,212203400,Commune de Tonquédec (22),false,{22340},Commune,2026-03-24 14:41:55.958138+01,gold_establishments_2025,,,,21220340000016,2025,Collectivité Territoriale,Commune,"[""Côtes-d'Armor""]",['Bretagne'],COM,{22},{53}
6d2400ae-b2bf-44ab-9e44-76fdf1b80b3a,215203522,Commune de Torcenay (52),false,{52492},Commune,2026-03-24 14:42:01.954481+01,gold_establishments_2025,,,,21520352200010,2025,Collectivité Territoriale,Commune,['Haute-Marne'],['Grand Est'],COM,{52},{44}
4f628e89-9f56-44f3-bd46-239c71cd2d2f,216104877,Commune de Torchamp (61),false,{61487},Commune,2026-03-24 14:42:05.597325+01,gold_establishments_2025,,,,21610487700016,2025,Collectivité Territoriale,Commune,['Orne'],['Normandie'],COM,{61},{28}
7f0aa8b6-526f-4736-84bd-2446ddb06b74,213805088,Commune de Torchefelon (38),false,{38508},Commune,2026-03-24 14:41:59.705606+01,gold_establishments_2025,,,,21380508800019,2025,Collectivité Territoriale,Commune,['Isère'],['Auvergne-Rhône-Alpes'],COM,{38},{84}
912a0110-1ee3-42ef-aa4c-8c57da275968,215706755,Commune de Torcheville (57),false,{57675},Commune,2026-03-24 14:42:04.280096+01,gold_establishments_2025,,,,21570675500018,2025,Collectivité Territoriale,Commune,['Moselle'],['Grand Est'],COM,{57},{44}
dcd157fc-807b-45ad-8b82-2633c92addef,210104212,Commune de Torcieu (01),false,{01421},Commune,2026-03-24 14:41:51.447482+01,gold_establishments_2025,,,,21010421200019,2025,Collectivité Territoriale,Commune,['Ain'],['Auvergne-Rhône-Alpes'],COM,{01},{84}
e8c5cfab-51db-4712-87d5-833fcfc90fb0,216208231,Commune de Torcy (62),false,{62823},Commune,2026-03-24 14:42:06.130387+01,gold_establishments_2025,,,,21620823100011,2025,Collectivité Territoriale,Commune,['Pas-de-Calais'],['Hauts-de-France'],COM,{62},{32}
b8f3fbb3-edb5-450f-8faa-c47282f773cc,217105402,Commune de Torcy (71),false,{71540},Commune,2026-03-24 14:42:08.279287+01,gold_establishments_2025,,,,21710540200010,2025,Collectivité Territoriale,Commune,['Saône-et-Loire'],['Bourgogne-Franche-Comté'],COM,{71},{27}
34bbd52d-5332-46c8-8eb9-a35e8c25691b,217704683,Commune de Torcy (77),false,{77468},Commune,2026-03-24 14:42:09.43682+01,gold_establishments_2025,,,,21770468300283,2025,Collectivité Territoriale,Commune,['Seine-et-Marne'],['Île-de-France'],COM,{77},{11}
839d7f7c-14e2-46af-9313-08ab0e7e7c6c,210207171,Commune de Torcy-en-Valois (02),false,{02744},Commune,2026-03-24 14:41:52.020251+01,gold_establishments_2025,,,,21020717100013,2025,Collectivité Territoriale,Commune,['Aisne'],['Hauts-de-France'],COM,{02},{32}
0a25b706-66f2-4d6e-85c3-d4fc01e8e2b7,212106405,Commune de Torcy-et-Pouligny (21),false,{21640},Commune,2026-03-24 14:41:55.433389+01,gold_establishments_2025,,,,21210640500013,2025,Collectivité Territoriale,Commune,"[""Côte-d'Or""]",['Bourgogne-Franche-Comté'],COM,{21},{27}
354ca381-a2ef-4477-808a-9dd006a41ef3,211003686,Commune de Torcy-le-Grand (10),false,{10379},Commune,2026-03-24 14:41:53.095366+01,gold_establishments_2025,,,,21100368600014,2025,Collectivité Territoriale,Commune,['Aube'],['Grand Est'],COM,{10},{44}
df7dcc9c-07b4-4455-bff7-0690e96c1d5f,217606979,Commune de Torcy-le-Grand (76),false,{76697},Commune,2026-03-24 14:42:08.818969+01,gold_establishments_2025,,,,21760697900011,2025,Collectivité Territoriale,Commune,['Seine-Maritime'],['Normandie'],COM,{76},{28}
5043bb97-2f4e-401b-96ee-c6ef41ddd4c6,211003694,Commune de Torcy-le-Petit (10),false,{10380},Commune,2026-03-24 14:41:53.095366+01,gold_establishments_2025,,,,21100369400018,2025,Collectivité Territoriale,Commune,['Aube'],['Grand Est'],COM,{10},{44}
c60a4e4c-6471-4611-9a20-83edd35bd3f5,217606987,Commune de Torcy-le-Petit (76),false,{76698},Commune,2026-03-24 14:42:08.818969+01,gold_establishments_2025,,,,21760698700014,2025,Collectivité Territoriale,Commune,['Seine-Maritime'],['Normandie'],COM,{76},{28}
00a66012-92fb-4eb7-b60f-141639e41ec5,213503386,Commune de Torcé (35),false,{35338},Commune,2026-03-24 14:41:59.160244+01,gold_establishments_2025,,,,21350338600012,2025,Collectivité Territoriale,Commune,['Ille-et-Vilaine'],['Bretagne'],COM,{35},{53}
7720c6e3-b855-42f9-9acd-0d3b36e3576d,215302654,Commune de Torcé-Viviers-en-Charnie (53),false,{53265},Commune,2026-03-24 14:42:02.957225+01,gold_establishments_2025,,,,21530265400011,2025,Collectivité Territoriale,Commune,['Mayenne'],['Pays de la Loire'],COM,{53},{52}
719fc5a8-ef98-4ac7-b557-1f2fb62e1c97,217203595,Commune de Torcé-en-Vallée (72),false,{72359},Commune,2026-03-24 14:42:08.279287+01,gold_establishments_2025,,,,21720359500012,2025,Collectivité Territoriale,Commune,['Sarthe'],['Pays de la Loire'],COM,{72},{52}
03f00481-9289-4969-b4d4-a5672f207287,216602110,Commune de Tordères (66),false,{66211},Commune,2026-03-24 14:42:06.665412+01,gold_establishments_2025,,,,21660211000019,2025,Collectivité Territoriale,Commune,['Pyrénées-Orientales'],['Occitanie'],COM,{66},{76}
f08ca431-05b0-43e0-8ff1-c2e6c540248f,219106192,Commune de Torfou (91),false,{91619},Commune,2026-03-24 14:42:11.659493+01,gold_establishments_2025,,,,21910619200012,2025,Collectivité Territoriale,Commune,['Essonne'],['Île-de-France'],COM,{91},{11}
1e9648b7-a913-48da-9aa6-b57b97c0a54b,200053825,Commune de Torigny-les-Villes (50),false,{50601},Commune,2026-03-24 14:42:01.412377+01,gold_establishments_2025,,,,20005382500010,2025,Collectivité Territoriale,Commune,['Manche'],['Normandie'],COM,{50},{28}
0f43f39e-bdb5-4662-a688-1a93886ddb86,213003304,Commune de Tornac (30),false,{30330},Commune,2026-03-24 14:41:57.56054+01,gold_establishments_2025,,,,21300330400010,2025,Collectivité Territoriale,Commune,['Gard'],['Occitanie'],COM,{30},{76}
101cb842-3fdc-4581-8d50-a95a60909b57,215204223,Commune de Tornay (52),false,{52493},Commune,2026-03-24 14:42:01.954481+01,gold_establishments_2025,,,,21520422300014,2025,Collectivité Territoriale,Commune,['Haute-Marne'],['Grand Est'],COM,{52},{44}
d6e46d42-99d5-4784-b3f5-7cdf0b5ce78b,212505648,Commune de Torpes (25),false,{25564},Commune,2026-03-24 14:41:56.495197+01,gold_establishments_2025,,,,21250564800015,2025,Collectivité Territoriale,Commune,['Doubs'],['Bourgogne-Franche-Comté'],COM,{25},{27}
343b0a93-abd1-4b5e-a02c-6b85e121b9c1,217105410,Commune de Torpes (71),false,{71541},Commune,2026-03-24 14:42:08.279287+01,gold_establishments_2025,,,,21710541000013,2025,Collectivité Territoriale,Commune,['Saône-et-Loire'],['Bourgogne-Franche-Comté'],COM,{71},{27}
35c69cdf-22a1-4ac3-a813-cdd0db03f3c9,216602128,Commune de Torreilles (66),false,{66212},Commune,2026-03-24 14:42:06.665412+01,gold_establishments_2025,,,,21660212800011,2025,Collectivité Territoriale,Commune,['Pyrénées-Orientales'],['Occitanie'],COM,{66},{76}
e3ee73fa-5746-48aa-8cfb-8d31dc58fd02,211603824,Commune de Torsac (16),false,{16382},Commune,2026-03-24 14:41:54.362296+01,gold_establishments_2025,,,,21160382400015,2025,Collectivité Territoriale,Commune,['Charente'],['Nouvelle-Aquitaine'],COM,{16},{75}
c1223180-5145-4fdb-8785-0dd7d6d938c5,214302473,Commune de Torsiac (43),false,{43247},Commune,2026-03-24 14:42:00.273698+01,gold_establishments_2025,,,,21430247300019,2025,Collectivité Territoriale,Commune,['Haute-Loire'],['Auvergne-Rhône-Alpes'],COM,{43},{84}
9b71e6ce-422f-4528-9746-0cea375359b5,216304337,Commune de Tortebesse (63),false,{63433},Commune,2026-03-24 14:42:06.130387+01,gold_establishments_2025,,,,21630433700019,2025,Collectivité Territoriale,Commune,['Puy-de-Dôme'],['Auvergne-Rhône-Alpes'],COM,{63},{84}
4b3cbfdf-e2c1-4146-abcc-34e9dea9089b,216208249,Commune de Tortefontaine (62),false,{62824},Commune,2026-03-24 14:42:06.130387+01,gold_establishments_2025,,,,21620824900013,2025,Collectivité Territoriale,Commune,['Pas-de-Calais'],['Hauts-de-France'],COM,{62},{32}
d958f1a9-27aa-4107-861b-18dec463a1d8,216208256,Commune de Tortequesne (62),false,{62825},Commune,2026-03-24 14:42:06.130387+01,gold_establishments_2025,,,,21620825600018,2025,Collectivité Territoriale,Commune,['Pas-de-Calais'],['Hauts-de-France'],COM,{62},{32}
23fdc438-84f8-45b2-a9dc-710467f629cd,211802657,Commune de Torteron (18),false,{18265},Commune,2026-03-24 14:41:54.903238+01,gold_establishments_2025,,,,21180265700018,2025,Collectivité Territoriale,Commune,['Cher'],['Centre-Val de Loire'],COM,{18},{24}
2cef77f2-01b7-46cc-bf10-93d8bade8fa0,210302857,Commune de Tortezais (03),false,{03285},Commune,2026-03-24 14:41:52.020251+01,gold_establishments_2025,,,,21030285700011,2025,Collectivité Territoriale,Commune,['Allier'],['Auvergne-Rhône-Alpes'],COM,{03},{84}
0a3bc4ff-6536-4fca-8092-7cc6560737d4,211003702,Commune de Torvilliers (10),false,{10381},Commune,2026-03-24 14:41:53.095366+01,gold_establishments_2025,,,,21100370200019,2025,Collectivité Territoriale,Commune,['Aube'],['Grand Est'],COM,{10},{44}
cc02293f-537e-4624-885b-45c127caaff3,211704507,Commune de Torxé (17),false,{17450},Commune,2026-03-24 14:41:54.903238+01,gold_establishments_2025,,,,21170450700014,2025,Collectivité Territoriale,Commune,['Charente-Maritime'],['Nouvelle-Aquitaine'],COM,{17},{75}
cc270cab-658c-4c7c-aa4f-35c4ce4b9a65,214003170,Commune de Tosse (40),false,{40317},Commune,2026-03-24 14:41:59.705606+01,gold_establishments_2025,,,,21400317000013,2025,Collectivité Territoriale,Commune,['Landes'],['Nouvelle-Aquitaine'],COM,{40},{75}
3064f343-cb8d-4c8f-b779-ecf51ffc453d,210104220,Commune de Tossiat (01),false,{01422},Commune,2026-03-24 14:41:51.447482+01,gold_establishments_2025,,,,21010422000012,2025,Collectivité Territoriale,Commune,['Ain'],['Auvergne-Rhône-Alpes'],COM,{01},{84}
11a799ae-be3f-4353-93b3-cc659ee96ce3,216504464,Commune de Tostat (65),false,{65446},Commune,2026-03-24 14:42:06.665412+01,gold_establishments_2025,,,,21650446400019,2025,Collectivité Territoriale,Commune,['Hautes-Pyrénées'],['Occitanie'],COM,{65},{76}
07050cc2-d2fd-4036-baf3-8d3288f69642,218804763,Commune de Totainville (88),false,{88476},Commune,2026-03-24 14:42:11.118516+01,gold_establishments_2025,,,,21880476300025,2025,Collectivité Territoriale,Commune,['Vosges'],['Grand Est'],COM,{88},{44}
31ccae2d-2d5a-4b91-8c54-ff862203bdf7,211802665,Commune de Touchay (18),false,{18266},Commune,2026-03-24 14:41:54.903238+01,gold_establishments_2025,,,,21180266500011,2025,Collectivité Territoriale,Commune,['Cher'],['Centre-Val de Loire'],COM,{18},{24}
1b1c4e7c-6129-4af2-8497-8fcb50a1a987,218904191,Commune de Toucy (89),false,{89419},Commune,2026-03-24 14:42:11.659493+01,gold_establishments_2025,,,,21890419100010,2025,Collectivité Territoriale,Commune,['Yonne'],['Bourgogne-Franche-Comté'],COM,{89},{27}
7f62d64d-a9d3-4f73-89be-edbbd22437c0,210601415,Commune de Toudon (06),false,{06141},Commune,2026-03-24 14:41:52.562531+01,gold_establishments_2025,,,,21060141500016,2025,Collectivité Territoriale,Commune,['Alpes-Maritimes'],"[""Provence-Alpes-Côte d'Azur""]",COM,{06},{93}
f3e87648-651c-48a9-91e6-87354621f1a7,218201820,Commune de Touffailles (82),false,{82182},Commune,2026-03-24 14:42:10.508772+01,gold_establishments_2025,,,,21820182000014,2025,Collectivité Territoriale,Commune,['Tarn-et-Garonne'],['Occitanie'],COM,{82},{76}
619d8bca-9612-496c-9f76-148f42d5cb1c,215905985,Commune de Toufflers (59),false,{59598},Commune,2026-03-24 14:42:04.814328+01,gold_establishments_2025,,,,21590598500069,2025,Collectivité Territoriale,Commune,['Nord'],['Hauts-de-France'],COM,{59},{32}
6c6f092e-0260-4857-af48-f5313ac5c6cb,212706493,Commune de Touffreville (27),false,{27649},Commune,2026-03-24 14:41:57.028721+01,gold_establishments_2025,,,,21270649300013,2025,Collectivité Territoriale,Commune,['Eure'],['Normandie'],COM,{27},{28}
9a8c1b60-25d4-430e-bf4d-124057f9f860,217607027,Commune de Touffreville-la-Corbeline (76),false,{76702},Commune,2026-03-24 14:42:08.818969+01,gold_establishments_2025,,,,21760702700018,2025,Collectivité Territoriale,Commune,['Seine-Maritime'],['Normandie'],COM,{76},{28}
627223cf-5fc2-4d54-8659-84baf934da63,217607035,Commune de Touffreville-sur-Eu (76),false,{76703},Commune,2026-03-24 14:42:08.818969+01,gold_establishments_2025,,,,21760703500011,2025,Collectivité Territoriale,Commune,['Seine-Maritime'],['Normandie'],COM,{76},{28}
90c9388a-75a2-4b7e-b6b6-5a50f8f9c9a0,211406988,Commune de Touffréville (14),false,{14698},Commune,2026-03-24 14:41:54.362296+01,gold_establishments_2025,,,,21140698800017,2025,Collectivité Territoriale,Commune,['Calvados'],['Normandie'],COM,{14},{28}
9d59c782-e660-45c4-8ece-4773ff636f17,213204480,Commune de Touget (32),false,{32448},Commune,2026-03-24 14:41:58.09424+01,gold_establishments_2025,,,,21320448000015,2025,Collectivité Territoriale,Commune,['Gers'],['Occitanie'],COM,{32},{76}
15a9913f-3b55-45f9-ab00-1b56d9ba66d2,213105547,Commune de Touille (31),false,{31554},Commune,2026-03-24 14:41:58.09424+01,gold_establishments_2025,,,,21310554700011,2025,Collectivité Territoriale,Commune,['Haute-Garonne'],['Occitanie'],COM,{31},{76}
f2501804-acfb-4487-ba96-6dff58db991a,212106413,Commune de Touillon (21),false,{21641},Commune,2026-03-24 14:41:55.433389+01,gold_establishments_2025,,,,21210641300017,2025,Collectivité Territoriale,Commune,"[""Côte-d'Or""]",['Bourgogne-Franche-Comté'],COM,{21},{27}
b180b1b8-274e-4470-91c2-81f888c8cdbc,212505655,Commune de Touillon-et-Loutelet (25),false,{25565},Commune,2026-03-24 14:41:56.495197+01,gold_establishments_2025,,,,21250565500069,2025,Collectivité Territoriale,Commune,['Doubs'],['Bourgogne-Franche-Comté'],COM,{25},{27}
46d4b737-e8cc-4129-99e7-6754772965a8,213204498,Commune de Toujouse (32),false,{32449},Commune,2026-03-24 14:41:58.09424+01,gold_establishments_2025,,,,21320449800017,2025,Collectivité Territoriale,Commune,['Gers'],['Occitanie'],COM,{32},{76}
37889142-d9c5-46d1-9e93-01c062864e65,215405283,Commune de Toul (54),false,{54528},Commune,2026-03-24 14:42:02.957225+01,gold_establishments_2025,,,,21540528300015,2025,Collectivité Territoriale,Commune,['Meurthe-et-Moselle'],['Grand Est'],COM,{54},{44}
78631b93-5120-428d-8d39-39a90d2984ca,210703237,Commune de Toulaud (07),false,{07323},Commune,2026-03-24 14:41:52.562531+01,gold_establishments_2025,,,,21070323700011,2025,Collectivité Territoriale,Commune,['Ardèche'],['Auvergne-Rhône-Alpes'],COM,{07},{84}
45c2b23f-79fc-43f1-b156-a27494f4ddbb,213305337,Commune de Toulenne (33),false,{33533},Commune,2026-03-24 14:41:58.620411+01,gold_establishments_2025,,,,21330533700015,2025,Collectivité Territoriale,Commune,['Gironde'],['Nouvelle-Aquitaine'],COM,{33},{75}
ef74f0b4-de5c-4018-aa33-52460057b7f8,210804134,Commune de Touligny (08),false,{08454},Commune,2026-03-24 14:41:53.095366+01,gold_establishments_2025,,,,21080413400018,2025,Collectivité Territoriale,Commune,['Ardennes'],['Grand Est'],COM,{08},{44}
1f0f27a3-0953-4af6-b8f6-9ef84dc64a0e,210207189,Commune de Toulis-et-Attencourt (02),false,{02745},Commune,2026-03-24 14:41:52.020251+01,gold_establishments_2025,,,,21020718900015,2025,Collectivité Territoriale,Commune,['Aisne'],['Hauts-de-France'],COM,{02},{32}
0596e442-9e3a-4d0b-90e4-89bab1e1fa6d,218301372,Commune de Toulon (83),false,{83137},Commune,2026-03-24 14:42:10.508772+01,gold_establishments_2025,,,,21830137200015,2025,Collectivité Territoriale,Commune,['Var'],"[""Provence-Alpes-Côte d'Azur""]",COM,{83},{93}
d75a3095-a3c0-48cc-ab59-41ec90f6dd1b,210302865,Commune de Toulon-sur-Allier (03),false,{03286},Commune,2026-03-24 14:41:52.020251+01,gold_establishments_2025,,,,21030286500014,2025,Collectivité Territoriale,Commune,['Allier'],['Auvergne-Rhône-Alpes'],COM,{03},{84}
d50dfe15-9862-48d6-8d6b-73cf7232a4e5,217105428,Commune de Toulon-sur-Arroux (71),false,{71542},Commune,2026-03-24 14:42:08.279287+01,gold_establishments_2025,,,,21710542800015,2025,Collectivité Territoriale,Commune,['Saône-et-Loire'],['Bourgogne-Franche-Comté'],COM,{71},{27}
16ed9012-cd99-46e8-92d1-9950dd75ec6f,211202817,Commune de Toulonjac (12),false,{12281},Commune,2026-03-24 14:41:53.63825+01,gold_establishments_2025,,,,21120281700014,2025,Collectivité Territoriale,Commune,['Aveyron'],['Occitanie'],COM,{12},{76}
2172479a-63ff-4376-ab29-2deb73658b17,216602136,Commune de Toulouges (66),false,{66213},Commune,2026-03-24 14:42:06.665412+01,gold_establishments_2025,,,,21660213600014,2025,Collectivité Territoriale,Commune,['Pyrénées-Orientales'],['Occitanie'],COM,{66},{76}
ecab68eb-0a09-4e61-8e9e-8eed8978ccd4,213105554,Commune de Toulouse (31),false,{31555},Commune,2026-03-24 14:41:58.09424+01,gold_establishments_2025,,,,21310555400017,2025,Collectivité Territoriale,Commune,['Haute-Garonne'],['Occitanie'],COM,{31},{76}
6c0b83b6-f2a6-4719-ab99-71cf419f12d1,213905334,Commune de Toulouse-le-Château (39),false,{39533},Commune,2026-03-24 14:41:59.705606+01,gold_establishments_2025,,,,21390533400016,2025,Collectivité Territoriale,Commune,['Jura'],['Bourgogne-Franche-Comté'],COM,{39},{27}
1689de56-af0e-4ff5-99dd-f97f57eb2869,214003188,Commune de Toulouzette (40),false,{40318},Commune,2026-03-24 14:41:59.705606+01,gold_establishments_2025,,,,21400318800015,2025,Collectivité Territoriale,Commune,['Landes'],['Nouvelle-Aquitaine'],COM,{40},{75}
9ff5bb93-8288-4079-b822-9faf3a1980c3,212325401,Commune de Toulx-Sainte-Croix (23),false,{23254},Commune,2026-03-24 14:41:55.958138+01,gold_establishments_2025,,,,21232540100017,2025,Collectivité Territoriale,Commune,['Creuse'],['Nouvelle-Aquitaine'],COM,{23},{75}
f7fe1847-9777-4968-a63e-5050a91a74d8,211406996,Commune de Touques (14),false,{14699},Commune,2026-03-24 14:41:54.362296+01,gold_establishments_2025,,,,21140699600010,2025,Collectivité Territoriale,Commune,['Calvados'],['Normandie'],COM,{14},{28}
0632ba84-98b1-4677-a350-b852dd7e54ab,216104885,Commune de Touquettes (61),false,{61488},Commune,2026-03-24 14:42:05.597325+01,gold_establishments_2025,,,,21610488500019,2025,Collectivité Territoriale,Commune,['Orne'],['Normandie'],COM,{61},{28}
4b2c9596-b8bc-4d31-85e3-ff1a1ddcfad9,217704691,Commune de Touquin (77),false,{77469},Commune,2026-03-24 14:42:09.43682+01,gold_establishments_2025,,,,21770469100013,2025,Collectivité Territoriale,Commune,['Seine-et-Marne'],['Île-de-France'],COM,{77},{11}
ee344d3e-861f-492b-bfa7-f7d428f1a644,214603201,Commune de Tour-de-Faure (46),false,{46320},Commune,2026-03-24 14:42:00.862623+01,gold_establishments_2025,,,,21460320100010,2025,Collectivité Territoriale,Commune,['Lot'],['Occitanie'],COM,{46},{76}
098cd68e-57f9-4279-9a09-6a6860dd91ad,211407002,Commune de Tour-en-Bessin (14),false,{14700},Commune,2026-03-24 14:41:54.362296+01,gold_establishments_2025,,,,21140700200016,2025,Collectivité Territoriale,Commune,['Calvados'],['Normandie'],COM,{14},{28}
ba8fb26c-546a-4bd5-b737-b5c4c7dd10b4,214102626,Commune de Tour-en-Sologne (41),false,{41262},Commune,2026-03-24 14:42:00.273698+01,gold_establishments_2025,,,,21410262600014,2025,Collectivité Territoriale,Commune,['Loir-et-Cher'],['Centre-Val de Loire'],COM,{41},{24}
73857288-69d8-4e69-b025-69e743fda4dd,214102618,Commune de Tourailles (41),false,{41261},Commune,2026-03-24 14:42:00.273698+01,gold_establishments_2025,,,,21410261800011,2025,Collectivité Territoriale,Commune,['Loir-et-Cher'],['Centre-Val de Loire'],COM,{41},{24}
776f2344-2330-4f14-976f-811f5c08e634,213403116,Commune de Tourbes (34),false,{34311},Commune,2026-03-24 14:41:58.620411+01,gold_establishments_2025,,,,21340311600014,2025,Collectivité Territoriale,Commune,['Hérault'],['Occitanie'],COM,{34},{76}
0c414832-05f3-45ab-94e8-fa5ddff08b6c,210804142,Commune de Tourcelles-Chaumont (08),false,{08455},Commune,2026-03-24 14:41:53.095366+01,gold_establishments_2025,,,,21080414200011,2025,Collectivité Territoriale,Commune,['Ardennes'],['Grand Est'],COM,{08},{44}
add5d027-b2a5-4ab7-b0cd-d65f11efdb9d,212902811,Commune de Tourch (29),false,{29281},Commune,2026-03-24 14:41:57.56054+01,gold_establishments_2025,,,,21290281100018,2025,Collectivité Territoriale,Commune,['Finistère'],['Bretagne'],COM,{29},{53}
f96bcd81-919b-4ede-ae7b-84d10f1ff187,215905993,Commune de Tourcoing (59),false,{59599},Commune,2026-03-24 14:42:04.814328+01,gold_establishments_2025,,,,21590599300014,2025,Collectivité Territoriale,Commune,['Nord'],['Hauts-de-France'],COM,{59},{32}
040b3a33-1202-444e-8d7c-a0f716473fd1,213204506,Commune de Tourdun (32),false,{32450},Commune,2026-03-24 14:41:58.09424+01,gold_establishments_2025,,,,21320450600017,2025,Collectivité Territoriale,Commune,['Gers'],['Occitanie'],COM,{32},{76}
4adc60c1-a8a8-49ac-8e04-59949911a517,210601456,Commune de Tourette-du-Château (06),false,{06145},Commune,2026-03-24 14:41:52.562531+01,gold_establishments_2025,,,,21060145600010,2025,Collectivité Territoriale,Commune,['Alpes-Maritimes'],"[""Provence-Alpes-Côte d'Azur""]",COM,{06},{93}
1e2efec5-2cd3-4a3b-9d0a-272ff644ae7e,211407010,Commune de Tourgéville (14),false,{14701},Commune,2026-03-24 14:41:54.362296+01,gold_establishments_2025,,,,21140701000019,2025,Collectivité Territoriale,Commune,['Calvados'],['Normandie'],COM,{14},{28}
2b8381ed-1bab-41a7-a2c6-a3e6084ad9b8,214703118,Commune de Tourliac (47),false,{47311},Commune,2026-03-24 14:42:01.412377+01,gold_establishments_2025,,,,21470311800015,2025,Collectivité Territoriale,Commune,['Lot-et-Garonne'],['Nouvelle-Aquitaine'],COM,{47},{75}
8e6b6fc8-fe87-4084-adc3-0f5a9d6de265,216006312,Commune de Tourly (60),false,{60640},Commune,2026-03-24 14:42:04.814328+01,gold_establishments_2025,,,,21600631200013,2025,Collectivité Territoriale,Commune,['Oise'],['Hauts-de-France'],COM,{60},{32}
399bf5fb-4933-4134-8782-639004f5a922,215906009,Commune de Tourmignies (59),false,{59600},Commune,2026-03-24 14:42:04.814328+01,gold_establishments_2025,,,,21590600900018,2025,Collectivité Territoriale,Commune,['Nord'],['Hauts-de-France'],COM,{59},{32}
56c9244e-df66-414b-babc-47d6f9fc4af1,213905359,Commune de Tourmont (39),false,{39535},Commune,2026-03-24 14:41:59.705606+01,gold_establishments_2025,,,,21390535900013,2025,Collectivité Territoriale,Commune,['Jura'],['Bourgogne-Franche-Comté'],COM,{39},{27}
3ad637bb-7f33-4076-ab20-9ddb080ee1a4,216104901,Commune de Tournai-sur-Dive (61),false,{61490},Commune,2026-03-24 14:42:05.597325+01,gold_establishments_2025,,,,21610490100014,2025,Collectivité Territoriale,Commune,['Orne'],['Normandie'],COM,{61},{28}
f2e4834d-e23b-438d-9328-1ef1e13a4cef,213204514,Commune de Tournan (32),false,{32451},Commune,2026-03-24 14:41:58.09424+01,gold_establishments_2025,,,,21320451400011,2025,Collectivité Territoriale,Commune,['Gers'],['Occitanie'],COM,{32},{76}
59540a3a-9864-4238-b71e-3aad8cbe18c0,217704709,Commune de Tournan-en-Brie (77),false,{77470},Commune,2026-03-24 14:42:09.43682+01,gold_establishments_2025,,,,21770470900013,2025,Collectivité Territoriale,Commune,['Seine-et-Marne'],['Île-de-France'],COM,{77},{11}
c9788db8-aeca-43fd-a91b-87403fa958da,212505671,Commune de Tournans (25),false,{25567},Commune,2026-03-24 14:41:56.495197+01,gold_establishments_2025,,,,21250567100017,2025,Collectivité Territoriale,Commune,['Doubs'],['Bourgogne-Franche-Comté'],COM,{25},{27}
8d844553-3a1e-49bd-a55a-1e56e21d245d,210804159,Commune de Tournavaux (08),false,{08456},Commune,2026-03-24 14:41:53.095366+01,gold_establishments_2025,,,,21080415900015,2025,Collectivité Territoriale,Commune,['Ardennes'],['Grand Est'],COM,{08},{44}
65382d78-ce80-4ae3-a3f4-4140d091dbc3,216504472,Commune de Tournay (65),false,{65447},Commune,2026-03-24 14:42:06.665412+01,gold_establishments_2025,,,,21650447200012,2025,Collectivité Territoriale,Commune,['Hautes-Pyrénées'],['Occitanie'],COM,{65},{76}
3dc1f452-3a40-474e-a2a1-9700c159c46b,213204522,Commune de Tournecoupe (32),false,{32452},Commune,2026-03-24 14:41:58.09424+01,gold_establishments_2025,,,,21320452200014,2025,Collectivité Territoriale,Commune,['Gers'],['Occitanie'],COM,{32},{76}
dd506265-ae0d-4edf-89ae-978764a836bf,212706501,Commune de Tournedos-Bois-Hubert (27),false,{27650},Commune,2026-03-24 14:41:57.028721+01,gold_establishments_2025,,,,21270650100013,2025,Collectivité Territoriale,Commune,['Eure'],['Normandie'],COM,{27},{28}
cdd43e18-d416-4394-a0ac-a660dd7828ad,213105570,Commune de Tournefeuille (31),false,{31557},Commune,2026-03-24 14:41:58.09424+01,gold_establishments_2025,,,,21310557000013,2025,Collectivité Territoriale,Commune,['Haute-Garonne'],['Occitanie'],COM,{31},{76}
c0b7e291-e9c1-4605-9ee4-b809b659b680,210601464,Commune de Tournefort (06),false,{06146},Commune,2026-03-24 14:41:52.562531+01,gold_establishments_2025,,,,21060146400014,2025,Collectivité Territoriale,Commune,['Alpes-Maritimes'],"[""Provence-Alpes-Côte d'Azur""]",COM,{06},{93}
59f5ca5c-42f2-4d9a-92e1-e4c7d8b02216,216208272,Commune de Tournehem-sur-la-Hem (62),false,{62827},Commune,2026-03-24 14:42:06.130387+01,gold_establishments_2025,,,,21620827200015,2025,Collectivité Territoriale,Commune,['Pas-de-Calais'],['Hauts-de-France'],COM,{62},{32}
60956d14-6cc4-4942-bcff-c0d60c4e7bad,211202825,Commune de Tournemire (12),false,{12282},Commune,2026-03-24 14:41:53.63825+01,gold_establishments_2025,,,,21120282500017,2025,Collectivité Territoriale,Commune,['Aveyron'],['Occitanie'],COM,{12},{76}
6f78a656-e7e4-4524-be0a-dd69d76c0882,211502380,Commune de Tournemire (15),false,{15238},Commune,2026-03-24 14:41:54.362296+01,gold_establishments_2025,,,,21150238000010,2025,Collectivité Territoriale,Commune,['Cantal'],['Auvergne-Rhône-Alpes'],COM,{15},{84}
7cec0633-234d-466d-b7c6-2d4ea419f9de,210804167,Commune de Tournes (08),false,{08457},Commune,2026-03-24 14:41:53.095366+01,gold_establishments_2025,,,,21080416700018,2025,Collectivité Territoriale,Commune,['Ardennes'],['Grand Est'],COM,{08},{44}
da1d6a4b-b119-4b0a-8bdd-05113fbf87b6,212706527,Commune de Tourneville (27),false,{27652},Commune,2026-03-24 14:41:57.028721+01,gold_establishments_2025,,,,21270652700018,2025,Collectivité Territoriale,Commune,['Eure'],['Normandie'],COM,{27},{28}
81988555-34cd-4cd0-a0fa-8dd460087d41,200098713,Commune de Tourneville-sur-Mer (50),false,{50272},Commune,2026-03-24 14:42:01.412377+01,gold_establishments_2025,,,,20009871300015,2025,Collectivité Territoriale,Commune,['Manche'],['Normandie'],COM,{50},{28}
026ace1d-ab12-4751-a475-6c85f588a3e0,211103924,Commune de Tournissan (11),false,{11392},Commune,2026-03-24 14:41:53.63825+01,gold_establishments_2025,,,,21110392400018,2025,Collectivité Territoriale,Commune,['Aude'],['Occitanie'],COM,{11},{76}
9c0e6ca9-df6d-425e-bf29-789301886839,211407051,Commune de Tournières (14),false,{14705},Commune,2026-03-24 14:41:54.362296+01,gold_establishments_2025,,,,21140705100013,2025,Collectivité Territoriale,Commune,['Calvados'],['Normandie'],COM,{14},{28}
e1c2abb3-90c6-435c-9288-d5695f09d283,214503260,Commune de Tournoisis (45),false,{45326},Commune,2026-03-24 14:42:00.862623+01,gold_establishments_2025,,,,21450326000017,2025,Collectivité Territoriale,Commune,['Loiret'],['Centre-Val de Loire'],COM,{45},{24}
de26bac9-9ecc-40ed-a906-32192acfd591,217302975,Commune de Tournon (73),false,{73297},Commune,2026-03-24 14:42:08.279287+01,gold_establishments_2025,,,,21730297500016,2025,Collectivité Territoriale,Commune,['Savoie'],['Auvergne-Rhône-Alpes'],COM,{73},{84}
4bbebf12-59bb-49e6-a721-351df21c7f68,213602246,Commune de Tournon-Saint-Martin (36),false,{36224},Commune,2026-03-24 14:41:59.160244+01,gold_establishments_2025,,,,21360224600018,2025,Collectivité Territoriale,Commune,['Indre'],['Centre-Val de Loire'],COM,{36},{24}
90dee872-1ec4-4e1f-80f3-b7c5a1626e26,213702590,Commune de Tournon-Saint-Pierre (37),false,{37259},Commune,2026-03-24 14:41:59.160244+01,gold_establishments_2025,,,,21370259000018,2025,Collectivité Territoriale,Commune,['Indre-et-Loire'],['Centre-Val de Loire'],COM,{37},{24}
35356387-bc70-4694-b0e7-e1f39a566f7c,214703126,Commune de Tournon-d'Agenais (47),false,{47312},Commune,2026-03-24 14:42:01.412377+01,gold_establishments_2025,,,,21470312600018,2025,Collectivité Territoriale,Commune,['Lot-et-Garonne'],['Nouvelle-Aquitaine'],COM,{47},{75}
1ff97988-9e2b-4ba6-8de2-9c225fd4afdf,210703245,Commune de Tournon-sur-Rhône (07),false,{07324},Commune,2026-03-24 14:41:52.562531+01,gold_establishments_2025,,,,21070324500014,2025,Collectivité Territoriale,Commune,['Ardèche'],['Auvergne-Rhône-Alpes'],COM,{07},{84}
8a6bddcf-bfdd-431e-97af-904eb3e0d7fb,216504480,Commune de Tournous-Darré (65),false,{65448},Commune,2026-03-24 14:42:06.665412+01,gold_establishments_2025,,,,21650448000015,2025,Collectivité Territoriale,Commune,['Hautes-Pyrénées'],['Occitanie'],COM,{65},{76}
f7e95da6-7336-47b0-ad0c-ed610f592f97,216504498,Commune de Tournous-Devant (65),false,{65449},Commune,2026-03-24 14:42:06.665412+01,gold_establishments_2025,,,,21650449800017,2025,Collectivité Territoriale,Commune,['Hautes-Pyrénées'],['Occitanie'],COM,{65},{76}
79fbd533-6179-425b-b906-5417d6dcce29,217105436,Commune de Tournus (71),false,{71543},Commune,2026-03-24 14:42:08.279287+01,gold_establishments_2025,,,,21710543600018,2025,Collectivité Territoriale,Commune,['Saône-et-Loire'],['Bourgogne-Franche-Comté'],COM,{71},{27}
bf3ab0d1-4f0d-40f2-a10c-097a3f99172a,200060622,Commune de Tourouvre au Perche (61),false,{61491},Commune,2026-03-24 14:42:05.597325+01,gold_establishments_2025,,,,20006062200012,2025,Collectivité Territoriale,Commune,['Orne'],['Normandie'],COM,{61},{28}
39060289-7800-4d20-9232-98c4559cf12f,211103932,Commune de Tourouzelle (11),false,{11393},Commune,2026-03-24 14:41:53.63825+01,gold_establishments_2025,,,,21110393200011,2025,Collectivité Territoriale,Commune,['Aude'],['Occitanie'],COM,{11},{76}
14d32dd3-7c9b-4ef5-95d2-b32a183fe4e4,211103940,Commune de Tourreilles (11),false,{11394},Commune,2026-03-24 14:41:53.63825+01,gold_establishments_2025,,,,21110394000014,2025,Collectivité Territoriale,Commune,['Aude'],['Occitanie'],COM,{11},{76}
4aab9064-478d-4264-885e-ff4978e303a3,213204530,Commune de Tourrenquets (32),false,{32453},Commune,2026-03-24 14:41:58.09424+01,gold_establishments_2025,,,,21320453000017,2025,Collectivité Territoriale,Commune,['Gers'],['Occitanie'],COM,{32},{76}
f91af1e7-8fd3-4285-939e-c15e8cf69c3c,210601472,Commune de Tourrette-Levens (06),false,{06147},Commune,2026-03-24 14:41:52.562531+01,gold_establishments_2025,,,,21060147200017,2025,Collectivité Territoriale,Commune,['Alpes-Maritimes'],"[""Provence-Alpes-Côte d'Azur""]",COM,{06},{93}
57c3279f-333e-41a8-a08b-70c5b1e86274,218301380,Commune de Tourrettes (83),false,{83138},Commune,2026-03-24 14:42:10.508772+01,gold_establishments_2025,,,,21830138000018,2025,Collectivité Territoriale,Commune,['Var'],"[""Provence-Alpes-Côte d'Azur""]",COM,{83},{93}
cf4e565b-d764-46cb-b77a-30f153ddad77,210601480,Commune de Tourrettes-sur-Loup (06),false,{06148},Commune,2026-03-24 14:41:52.562531+01,gold_establishments_2025,,,,21060148000010,2025,Collectivité Territoriale,Commune,['Alpes-Maritimes'],"[""Provence-Alpes-Côte d'Azur""]",COM,{06},{93}
3ec5ad36-3f59-402e-aca7-1190687766cf,211603832,Commune de Tourriers (16),false,{16383},Commune,2026-03-24 14:41:54.362296+01,gold_establishments_2025,,,,21160383200018,2025,Collectivité Territoriale,Commune,['Charente'],['Nouvelle-Aquitaine'],COM,{16},{75}
f6e282ae-6123-4c10-8b0a-ec7ee029b7b7,213702616,Commune de Tours (37),false,{37261},Commune,2026-03-24 14:41:59.160244+01,gold_establishments_2025,,,,21370261600011,2025,Collectivité Territoriale,Commune,['Indre-et-Loire'],['Centre-Val de Loire'],COM,{37},{24}
37cff9f2-2c06-44db-ba60-a05900c3effe,217302983,Commune de Tours-en-Savoie (73),false,{73298},Commune,2026-03-24 14:42:08.279287+01,gold_establishments_2025,,,,21730298300010,2025,Collectivité Territoriale,Commune,['Savoie'],['Auvergne-Rhône-Alpes'],COM,{73},{84}
89da25b7-7116-449c-9100-7221432cc464,218007177,Commune de Tours-en-Vimeu (80),false,{80765},Commune,2026-03-24 14:42:09.967209+01,gold_establishments_2025,,,,21800717700015,2025,Collectivité Territoriale,Commune,['Somme'],['Hauts-de-France'],COM,{80},{32}
08b68a00-a21e-4789-a1ef-1d469ae8f76f,215105347,Commune de Tours-sur-Marne (51),false,{51576},Commune,2026-03-24 14:42:01.954481+01,gold_establishments_2025,,,,21510534700011,2025,Collectivité Territoriale,Commune,['Marne'],['Grand Est'],COM,{51},{44}
e4f48bf4-bd5d-486b-85f0-cfe457b670d6,216304345,Commune de Tours-sur-Meymont (63),false,{63434},Commune,2026-03-24 14:42:06.130387+01,gold_establishments_2025,,,,21630434500012,2025,Collectivité Territoriale,Commune,['Puy-de-Dôme'],['Auvergne-Rhône-Alpes'],COM,{63},{84}
e6d6f2b1-fc6f-42e9-942d-0eba584982cd,217903319,Commune de Tourtenay (79),false,{79331},Commune,2026-03-24 14:42:09.43682+01,gold_establishments_2025,,,,21790331900010,2025,Collectivité Territoriale,Commune,['Deux-Sèvres'],['Nouvelle-Aquitaine'],COM,{79},{75}
087a68df-9a1c-41b8-a9a8-b2efdb6ae5eb,210804175,Commune de Tourteron (08),false,{08458},Commune,2026-03-24 14:41:53.095366+01,gold_establishments_2025,,,,21080417500011,2025,Collectivité Territoriale,Commune,['Ardennes'],['Grand Est'],COM,{08},{44}
41c1f032-3c70-4cdf-9686-363abf284861,212405559,Commune de Tourtoirac (24),false,{24555},Commune,2026-03-24 14:41:55.958138+01,gold_establishments_2025,,,,21240555900015,2025,Collectivité Territoriale,Commune,['Dordogne'],['Nouvelle-Aquitaine'],COM,{24},{75}
fab48171-b08c-4cbf-97d3-5b277a908bf1,218301398,Commune de Tourtour (83),false,{83139},Commune,2026-03-24 14:42:10.508772+01,gold_establishments_2025,,,,21830139800010,2025,Collectivité Territoriale,Commune,['Var'],"[""Provence-Alpes-Côte d'Azur""]",COM,{83},{93}
f5cf3ce3-56e0-4d1d-996a-66a50fc25751,210903134,Commune de Tourtouse (09),false,{09313},Commune,2026-03-24 14:41:53.095366+01,gold_establishments_2025,,,,21090313400018,2025,Collectivité Territoriale,Commune,['Ariège'],['Occitanie'],COM,{09},{76}
96b762de-209e-4c4c-a0e2-5313213aaaf1,210903142,Commune de Tourtrol (09),false,{09314},Commune,2026-03-24 14:41:53.095366+01,gold_establishments_2025,,,,21090314200011,2025,Collectivité Territoriale,Commune,['Ariège'],['Occitanie'],COM,{09},{76}
78610c35-43bf-4b7d-b393-1114c1397cba,214703134,Commune de Tourtrès (47),false,{47313},Commune,2026-03-24 14:42:01.412377+01,gold_establishments_2025,,,,21470313400012,2025,Collectivité Territoriale,Commune,['Lot-et-Garonne'],['Nouvelle-Aquitaine'],COM,{47},{75}
24e60236-fbb3-4a41-b5ab-b35259ebbaf4,218301406,Commune de Tourves (83),false,{83140},Commune,2026-03-24 14:42:10.508772+01,gold_establishments_2025,,,,21830140600011,2025,Collectivité Territoriale,Commune,['Var'],"[""Provence-Alpes-Côte d'Azur""]",COM,{83},{93}
9558118a-18fd-4bf9-a7f9-ba855daf50a1,211407069,Commune de Tourville-en-Auge (14),false,{14706},Commune,2026-03-24 14:41:54.362296+01,gold_establishments_2025,,,,21140706900015,2025,Collectivité Territoriale,Commune,['Calvados'],['Normandie'],COM,{14},{28}
82beaf7b-2b13-4c95-82a4-b521240339df,212706543,Commune de Tourville-la-Campagne (27),false,{27654},Commune,2026-03-24 14:41:57.028721+01,gold_establishments_2025,,,,21270654300015,2025,Collectivité Territoriale,Commune,['Eure'],['Normandie'],COM,{27},{28}
101b0c37-8aba-45ea-9b84-e28c5c4d1c8e,217607050,Commune de Tourville-la-Rivière (76),false,{76705},Commune,2026-03-24 14:42:08.818969+01,gold_establishments_2025,,,,21760705000010,2025,Collectivité Territoriale,Commune,['Seine-Maritime'],['Normandie'],COM,{76},{28}
b97f7336-4948-49e7-a4a5-19b3a1d5d619,217607068,Commune de Tourville-les-Ifs (76),false,{76706},Commune,2026-03-24 14:42:08.818969+01,gold_establishments_2025,,,,21760706800012,2025,Collectivité Territoriale,Commune,['Seine-Maritime'],['Normandie'],COM,{76},{28}
d07de756-0899-48d8-9571-f408b18fbaad,217607076,Commune de Tourville-sur-Arques (76),false,{76707},Commune,2026-03-24 14:42:08.818969+01,gold_establishments_2025,,,,21760707600015,2025,Collectivité Territoriale,Commune,['Seine-Maritime'],['Normandie'],COM,{76},{28}
e5fc2e79-7a4c-4a5d-af0f-19047e92a692,211407077,Commune de Tourville-sur-Odon (14),false,{14707},Commune,2026-03-24 14:41:54.362296+01,gold_establishments_2025,,,,21140707700018,2025,Collectivité Territoriale,Commune,['Calvados'],['Normandie'],COM,{14},{28}
b760aad4-ae2d-4f2b-a881-cfaab8acf03e,212706550,Commune de Tourville-sur-Pont-Audemer (27),false,{27655},Commune,2026-03-24 14:41:57.028721+01,gold_establishments_2025,,,,21270655000010,2025,Collectivité Territoriale,Commune,['Eure'],['Normandie'],COM,{27},{28}
2cf88313-2b1e-4d1c-93b4-2f14fb5b6b0a,215006032,Commune de Tourville-sur-Sienne (50),false,{50603},Commune,2026-03-24 14:42:01.412377+01,gold_establishments_2025,,,,21500603200019,2025,Collectivité Territoriale,Commune,['Manche'],['Normandie'],COM,{50},{28}
7d6d0bef-457e-451f-adff-6694b942b747,212803910,Commune de Toury (28),false,{28391},Commune,2026-03-24 14:41:57.028721+01,gold_establishments_2025,,,,21280391000018,2025,Collectivité Territoriale,Commune,['Eure-et-Loir'],['Centre-Val de Loire'],COM,{28},{24}
ee4801af-1d64-4075-878d-43d77c3c0f51,215802935,Commune de Toury-Lurcy (58),false,{58293},Commune,2026-03-24 14:42:04.280096+01,gold_establishments_2025,,,,21580293500019,2025,Collectivité Territoriale,Commune,['Nièvre'],['Bourgogne-Franche-Comté'],COM,{58},{27}
626eb90d-2ef4-4b90-953e-e3ee7418f6c4,215802943,Commune de Toury-sur-Jour (58),false,{58294},Commune,2026-03-24 14:42:04.280096+01,gold_establishments_2025,,,,21580294300013,2025,Collectivité Territoriale,Commune,['Nièvre'],['Bourgogne-Franche-Comté'],COM,{58},{27}
3806db4d-6120-4e98-980a-fe15b1a24630,216304352,Commune de Tourzel-Ronzières (63),false,{63435},Commune,2026-03-24 14:42:06.130387+01,gold_establishments_2025,,,,21630435200018,2025,Collectivité Territoriale,Commune,['Puy-de-Dôme'],['Auvergne-Rhône-Alpes'],COM,{63},{84}
edab0aca-5511-4d18-80ca-99e522f38da6,217607084,Commune de Toussaint (76),false,{76708},Commune,2026-03-24 14:42:08.818969+01,gold_establishments_2025,,,,21760708400019,2025,Collectivité Territoriale,Commune,['Seine-Maritime'],['Normandie'],COM,{76},{28}
34975d75-d19b-4ab4-b2d3-d492ef4ac96f,216902981,Commune de Toussieu (69),false,{69298},Commune,2026-03-24 14:42:07.735343+01,gold_establishments_2025,,,,21690298100010,2025,Collectivité Territoriale,Commune,['Rhône'],['Auvergne-Rhône-Alpes'],COM,{69},{84}
d17964e3-5d11-4c1c-977e-76f52d9b02ea,210104238,Commune de Toussieux (01),false,{01423},Commune,2026-03-24 14:41:51.447482+01,gold_establishments_2025,,,,21010423800014,2025,Collectivité Territoriale,Commune,['Ain'],['Auvergne-Rhône-Alpes'],COM,{01},{84}
86337a84-a3fb-486b-9a98-35a725f47efd,217704717,Commune de Tousson (77),false,{77471},Commune,2026-03-24 14:42:09.43682+01,gold_establishments_2025,,,,21770471700016,2025,Collectivité Territoriale,Commune,['Seine-et-Marne'],['Île-de-France'],COM,{77},{11}
3e561367-dc00-4acf-a61a-b33249ee8602,217806207,Commune de Toussus-le-Noble (78),false,{78620},Commune,2026-03-24 14:42:09.43682+01,gold_establishments_2025,,,,21780620700015,2025,Collectivité Territoriale,Commune,['Yvelines'],['Île-de-France'],COM,{78},{11}
1f800e46-5aa5-41ce-9d6f-b0d7f07782fd,212706568,Commune de Toutainville (27),false,{27656},Commune,2026-03-24 14:41:57.028721+01,gold_establishments_2025,,,,21270656800012,2025,Collectivité Territoriale,Commune,['Eure'],['Normandie'],COM,{27},{28}
8c0d3293-e2b8-4ff8-bf1c-ae822894f6a3,217105444,Commune de Toutenant (71),false,{71544},Commune,2026-03-24 14:42:08.279287+01,gold_establishments_2025,,,,21710544400012,2025,Collectivité Territoriale,Commune,['Saône-et-Loire'],['Bourgogne-Franche-Comté'],COM,{71},{27}
20077a53-4b86-4af8-a262-6a66a03580c4,218007185,Commune de Toutencourt (80),false,{80766},Commune,2026-03-24 14:42:09.967209+01,gold_establishments_2025,,,,21800718500018,2025,Collectivité Territoriale,Commune,['Somme'],['Hauts-de-France'],COM,{80},{32}
16e24b57-3a85-4939-a109-1caab4c2c67d,213105588,Commune de Toutens (31),false,{31558},Commune,2026-03-24 14:41:58.09424+01,gold_establishments_2025,,,,21310558800015,2025,Collectivité Territoriale,Commune,['Haute-Garonne'],['Occitanie'],COM,{31},{76}
58a1e348-66d6-49f2-ab83-40bb9c144c85,214903528,Commune de Toutlemonde (49),false,{49352},Commune,2026-03-24 14:42:01.412377+01,gold_establishments_2025,,,,21490352800013,2025,Collectivité Territoriale,Commune,['Maine-et-Loire'],['Pays de la Loire'],COM,{49},{52}
63857d49-268f-4a36-9e3e-7c6129d5bf9b,212106421,Commune de Toutry (21),false,{21642},Commune,2026-03-24 14:41:55.433389+01,gold_establishments_2025,,,,21210642100010,2025,Collectivité Territoriale,Commune,"[""Côte-d'Or""]",['Bourgogne-Franche-Comté'],COM,{21},{27}
84764cb9-8ef1-4bdc-9e66-6787ef496272,214402067,Commune de Touvois (44),false,{44206},Commune,2026-03-24 14:42:00.862623+01,gold_establishments_2025,,,,21440206700018,2025,Collectivité Territoriale,Commune,['Loire-Atlantique'],['Pays de la Loire'],COM,{44},{52}
19c13fbc-6f0b-438a-b158-1cebfee060ab,211603857,Commune de Touvre (16),false,{16385},Commune,2026-03-24 14:41:54.362296+01,gold_establishments_2025,,,,21160385700015,2025,Collectivité Territoriale,Commune,['Charente'],['Nouvelle-Aquitaine'],COM,{16},{75}
54e8f317-331c-48f0-b8c0-4c2e747dc647,211603840,Commune de Touvérac (16),false,{16384},Commune,2026-03-24 14:41:54.362296+01,gold_establishments_2025,,,,21160384000011,2025,Collectivité Territoriale,Commune,['Charente'],['Nouvelle-Aquitaine'],COM,{16},{75}
8789117a-0bbf-430e-b81e-c889544ef61f,214603219,Commune de Touzac (46),false,{46321},Commune,2026-03-24 14:42:00.862623+01,gold_establishments_2025,,,,21460321900012,2025,Collectivité Territoriale,Commune,['Lot'],['Occitanie'],COM,{46},{76}
5f3beab1-4c84-4782-8c18-ab514e08855f,210601423,Commune de Touët-de-l'Escarène (06),false,{06142},Commune,2026-03-24 14:41:52.562531+01,gold_establishments_2025,,,,21060142300010,2025,Collectivité Territoriale,Commune,['Alpes-Maritimes'],"[""Provence-Alpes-Côte d'Azur""]",COM,{06},{93}
916ec7aa-4f0b-41bf-8e3c-d702e5ec6f1c,210601431,Commune de Touët-sur-Var (06),false,{06143},Commune,2026-03-24 14:41:52.562531+01,gold_establishments_2025,,,,21060143100013,2025,Collectivité Territoriale,Commune,['Alpes-Maritimes'],"[""Provence-Alpes-Côte d'Azur""]",COM,{06},{93}
8b18bff6-a9be-48f7-8789-1f74a49f0a2e,212003289,Commune de Tox (2B),false,{2B328},Commune,2026-03-24 14:41:57.56054+01,gold_establishments_2025,,,,21200328900015,2025,Collectivité Territoriale,Commune,['Haute-Corse'],['Corse'],COM,{2B},{94}
d0df8c08-e295-4467-96e9-a57f950ad8b1,211926803,Commune de Toy-Viam (19),false,{19268},Commune,2026-03-24 14:41:55.433389+01,gold_establishments_2025,,,,21192680300019,2025,Collectivité Territoriale,Commune,['Corrèze'],['Nouvelle-Aquitaine'],COM,{19},{75}
558f8b9b-8508-4aac-8f39-3d84b9d33bef,211407085,Commune de Tracy-Bocage (14),false,{14708},Commune,2026-03-24 14:41:54.362296+01,gold_establishments_2025,,,,21140708500011,2025,Collectivité Territoriale,Commune,['Calvados'],['Normandie'],COM,{14},{28}
2bf1c59c-ec86-4b49-99fd-e6e702113235,216006320,Commune de Tracy-le-Mont (60),false,{60641},Commune,2026-03-24 14:42:04.814328+01,gold_establishments_2025,,,,21600632000016,2025,Collectivité Territoriale,Commune,['Oise'],['Hauts-de-France'],COM,{60},{32}
8eb9d695-1613-46b5-9694-bde7af0f8799,216006338,Commune de Tracy-le-Val (60),false,{60642},Commune,2026-03-24 14:42:04.814328+01,gold_establishments_2025,,,,21600633800018,2025,Collectivité Territoriale,Commune,['Oise'],['Hauts-de-France'],COM,{60},{32}
c8f4a919-f1ad-48aa-b2f7-3cf984dc8428,215802950,Commune de Tracy-sur-Loire (58),false,{58295},Commune,2026-03-24 14:42:04.280096+01,gold_establishments_2025,,,,21580295000018,2025,Collectivité Territoriale,Commune,['Nièvre'],['Bourgogne-Franche-Comté'],COM,{58},{27}
358b1e10-2331-437e-ba36-5a8fc898d6f9,211407093,Commune de Tracy-sur-Mer (14),false,{14709},Commune,2026-03-24 14:41:54.362296+01,gold_establishments_2025,,,,21140709300015,2025,Collectivité Territoriale,Commune,['Calvados'],['Normandie'],COM,{14},{28}
7c609141-0707-4613-b3f9-ea45e096d523,216704924,Commune de Traenheim (67),false,{67492},Commune,2026-03-24 14:42:07.195692+01,gold_establishments_2025,,,,21670492400036,2025,Collectivité Territoriale,Commune,['Bas-Rhin'],['Grand Est'],COM,{67},{44}
3ee17480-0c7b-43d8-92d3-5702ce8b6a71,215706763,Commune de Tragny (57),false,{57676},Commune,2026-03-24 14:42:04.280096+01,gold_establishments_2025,,,,21570676300012,2025,Collectivité Territoriale,Commune,['Moselle'],['Grand Est'],COM,{57},{44}
d6828d42-3de0-44f0-86e0-1163996498dd,217005032,Commune de Traitiéfontaine (70),false,{70503},Commune,2026-03-24 14:42:07.735343+01,gold_establishments_2025,,,,21700503200016,2025,Collectivité Territoriale,Commune,['Haute-Saône'],['Bourgogne-Franche-Comté'],COM,{70},{27}
8267fb62-c3fd-4f46-97e2-b4019f573b1c,217302991,Commune de Traize (73),false,{73299},Commune,2026-03-24 14:42:08.279287+01,gold_establishments_2025,,,,21730299100013,2025,Collectivité Territoriale,Commune,['Savoie'],['Auvergne-Rhône-Alpes'],COM,{73},{84}
47afeb1b-88a1-48ac-9b57-3d52ea207b7f,216304360,Commune de Tralaigues (63),false,{63436},Commune,2026-03-24 14:42:06.130387+01,gold_establishments_2025,,,,21630436000011,2025,Collectivité Territoriale,Commune,['Puy-de-Dôme'],['Auvergne-Rhône-Alpes'],COM,{63},{84}
9f466632-ec70-4d47-ad2d-e2a0079ed8c6,212003297,Commune de Tralonca (2B),false,{2B329},Commune,2026-03-24 14:41:57.56054+01,gold_establishments_2025,,,,21200329700018,2025,Collectivité Territoriale,Commune,['Haute-Corse'],['Corse'],COM,{2B},{94}
dda4aef9-64c1-43e3-be59-5eed4d2243b4,212203418,Commune de Tramain (22),false,{22341},Commune,2026-03-24 14:41:55.958138+01,gold_establishments_2025,,,,21220341800018,2025,Collectivité Territoriale,Commune,"[""Côtes-d'Armor""]",['Bretagne'],COM,{22},{53}
945a2f66-c0a9-4adf-a39c-d5c2fb5c45a6,217105451,Commune de Tramayes (71),false,{71545},Commune,2026-03-24 14:42:08.279287+01,gold_establishments_2025,,,,21710545100017,2025,Collectivité Territoriale,Commune,['Saône-et-Loire'],['Bourgogne-Franche-Comté'],COM,{71},{27}
7eb9ae56-574d-4ca3-84d5-e138e1e255d3,217105469,Commune de Trambly (71),false,{71546},Commune,2026-03-24 14:42:08.279287+01,gold_establishments_2025,,,,21710546900019,2025,Collectivité Territoriale,Commune,['Saône-et-Loire'],['Bourgogne-Franche-Comté'],COM,{71},{27}
8bf2e156-c3d0-4290-874c-17ca9b1e97b5,216208280,Commune de Tramecourt (62),false,{62828},Commune,2026-03-24 14:42:06.130387+01,gold_establishments_2025,,,,21620828000018,2025,Collectivité Territoriale,Commune,['Pas-de-Calais'],['Hauts-de-France'],COM,{62},{32}
145f6db1-80fe-4558-9fa9-cf33b0ac596e,215105354,Commune de Tramery (51),false,{51577},Commune,2026-03-24 14:42:01.954481+01,gold_establishments_2025,,,,21510535400017,2025,Collectivité Territoriale,Commune,['Marne'],['Grand Est'],COM,{51},{44}
76418c27-575c-4ec3-80dd-feea705c08e4,216504506,Commune de Tramezaïgues (65),false,{65450},Commune,2026-03-24 14:42:06.665412+01,gold_establishments_2025,,,,21650450600017,2025,Collectivité Territoriale,Commune,['Hautes-Pyrénées'],['Occitanie'],COM,{65},{76}
e2111d61-e5c8-4d6d-822a-9bffbab148b2,213805120,Commune de Tramolé (38),false,{38512},Commune,2026-03-24 14:41:59.705606+01,gold_establishments_2025,,,,21380512000010,2025,Collectivité Territoriale,Commune,['Isère'],['Auvergne-Rhône-Alpes'],COM,{38},{84}
e4421498-4bc1-4628-9433-a64722cbb64f,215405309,Commune de Tramont-Lassus (54),false,{54530},Commune,2026-03-24 14:42:02.957225+01,gold_establishments_2025,,,,21540530900018,2025,Collectivité Territoriale,Commune,['Meurthe-et-Moselle'],['Grand Est'],COM,{54},{44}
13678de7-37f0-4cdd-9281-7c1cc5a2a09d,215405317,Commune de Tramont-Saint-André (54),false,{54531},Commune,2026-03-24 14:42:02.957225+01,gold_establishments_2025,,,,21540531700011,2025,Collectivité Territoriale,Commune,['Meurthe-et-Moselle'],['Grand Est'],COM,{54},{44}
82af3553-5828-41e0-9239-27329a456906,215405291,Commune de Tramont-Émy (54),false,{54529},Commune,2026-03-24 14:42:02.957225+01,gold_establishments_2025,,,,21540529100018,2025,Collectivité Territoriale,Commune,['Meurthe-et-Moselle'],['Grand Est'],COM,{54},{44}
d9900fb3-0a15-41b7-ae15-007fc8c71ebc,210104246,Commune de Tramoyes (01),false,{01424},Commune,2026-03-24 14:41:51.447482+01,gold_establishments_2025,,,,21010424600017,2025,Collectivité Territoriale,Commune,['Ain'],['Auvergne-Rhône-Alpes'],COM,{01},{84}
b2d001a1-7591-4e8f-b9ee-2e23d4480442,218804771,Commune de Trampot (88),false,{88477},Commune,2026-03-24 14:42:11.118516+01,gold_establishments_2025,,,,21880477100010,2025,Collectivité Territoriale,Commune,['Vosges'],['Grand Est'],COM,{88},{44}
5369e901-f9e0-4dab-8aab-bd91dae24cbd,211004353,Commune de Trancault (10),false,{10383},Commune,2026-03-24 14:41:53.095366+01,gold_establishments_2025,,,,21100435300010,2025,Collectivité Territoriale,Commune,['Aube'],['Grand Est'],COM,{10},{44}
68459a5e-3adf-407f-9f17-a462c3183bd8,212803928,Commune de Trancrainville (28),false,{28392},Commune,2026-03-24 14:41:57.028721+01,gold_establishments_2025,,,,21280392800010,2025,Collectivité Territoriale,Commune,['Eure-et-Loir'],['Centre-Val de Loire'],COM,{28},{24}
a0edb854-21bc-4b49-bb2a-af1c99cdbf22,217203603,Commune de Trangé (72),false,{72360},Commune,2026-03-24 14:42:08.279287+01,gold_establishments_2025,,,,21720360300014,2025,Collectivité Territoriale,Commune,['Sarthe'],['Pays de la Loire'],COM,{72},{52}
bc35aab4-5c6c-4f94-a4ac-0693a67e8cfc,211003728,Commune de Trannes (10),false,{10384},Commune,2026-03-24 14:41:53.095366+01,gold_establishments_2025,,,,21100372800014,2025,Collectivité Territoriale,Commune,['Aube'],['Grand Est'],COM,{10},{44}
e9ead1f6-b753-4d9a-acb0-2a43badc04f8,218804789,Commune de Tranqueville-Graux (88),false,{88478},Commune,2026-03-24 14:42:11.118516+01,gold_establishments_2025,,,,21880478900012,2025,Collectivité Territoriale,Commune,['Vosges'],['Grand Est'],COM,{88},{44}
e2fae0f2-6fad-4a53-b7b5-6c1231b810ee,215302662,Commune de Trans (53),false,{53266},Commune,2026-03-24 14:42:02.957225+01,gold_establishments_2025,,,,21530266200014,2025,Collectivité Territoriale,Commune,['Mayenne'],['Pays de la Loire'],COM,{53},{52}
59246963-1fcc-445f-85df-6c1c38877845,218301414,Commune de Trans-en-Provence (83),false,{83141},Commune,2026-03-24 14:42:10.508772+01,gold_establishments_2025,,,,21830141400015,2025,Collectivité Territoriale,Commune,['Var'],"[""Provence-Alpes-Côte d'Azur""]",COM,{83},{93}
3909775d-556c-4b3b-ace6-5098e573b657,213503394,Commune de Trans-la-Forêt (35),false,{35339},Commune,2026-03-24 14:41:59.160244+01,gold_establishments_2025,,,,21350339400016,2025,Collectivité Territoriale,Commune,['Ille-et-Vilaine'],['Bretagne'],COM,{35},{53}
fc3aa589-0077-4ed2-af07-b7d8584e644b,214402075,Commune de Trans-sur-Erdre (44),false,{44207},Commune,2026-03-24 14:42:00.862623+01,gold_establishments_2025,,,,21440207500011,2025,Collectivité Territoriale,Commune,['Loire-Atlantique'],['Pays de la Loire'],COM,{44},{52}
8d801359-a0d7-47a7-afcb-c414c68b2f56,213602261,Commune de Tranzault (36),false,{36226},Commune,2026-03-24 14:41:59.160244+01,gold_establishments_2025,,,,21360226100017,2025,Collectivité Territoriale,Commune,['Indre'],['Centre-Val de Loire'],COM,{36},{24}
2d4bf7a6-5fd3-4c4f-883a-38bd1ccc6c00,217806215,Commune de Trappes (78),false,{78621},Commune,2026-03-24 14:42:09.43682+01,gold_establishments_2025,,,,21780621500547,2025,Collectivité Territoriale,Commune,['Yvelines'],['Île-de-France'],COM,{78},{11}
424d2040-fd24-44cd-a987-c8c476bc27d4,211103957,Commune de Trassanel (11),false,{11395},Commune,2026-03-24 14:41:53.63825+01,gold_establishments_2025,,,,21110395700018,2025,Collectivité Territoriale,Commune,['Aude'],['Occitanie'],COM,{11},{76}
3d27204b-dd1a-4ef6-9faa-8e42395399b5,216803361,Commune de Traubach-le-Bas (68),false,{68336},Commune,2026-03-24 14:42:07.195692+01,gold_establishments_2025,,,,21680336100031,2025,Collectivité Territoriale,Commune,['Haut-Rhin'],['Grand Est'],COM,{68},{44}
3d4b27fd-0aef-457d-aaa2-8b90ef6b747b,216803379,Commune de Traubach-le-Haut (68),false,{68337},Commune,2026-03-24 14:42:07.195692+01,gold_establishments_2025,,,,21680337900017,2025,Collectivité Territoriale,Commune,['Haut-Rhin'],['Grand Est'],COM,{68},{44}
d2b87097-8fe8-4ff6-a777-5fbf544ba3b9,211103965,Commune de Trausse (11),false,{11396},Commune,2026-03-24 14:41:53.63825+01,gold_establishments_2025,,,,21110396500011,2025,Collectivité Territoriale,Commune,['Aude'],['Occitanie'],COM,{11},{76}
2794ef7a-6eff-444e-acd2-7e1740210252,218401347,Commune de Travaillan (84),false,{84134},Commune,2026-03-24 14:42:10.508772+01,gold_establishments_2025,,,,21840134700016,2025,Collectivité Territoriale,Commune,['Vaucluse'],"[""Provence-Alpes-Côte d'Azur""]",COM,{84},{93}
2c7cb91e-88c8-4cd6-814d-221375ff7779,210207197,Commune de Travecy (02),false,{02746},Commune,2026-03-24 14:41:52.020251+01,gold_establishments_2025,,,,21020719700018,2025,Collectivité Territoriale,Commune,['Aisne'],['Hauts-de-France'],COM,{02},{32}
2f93968b-f516-48e4-9fe6-4df5f77dfc61,213204548,Commune de Traversères (32),false,{32454},Commune,2026-03-24 14:41:58.09424+01,gold_establishments_2025,,,,21320454800019,2025,Collectivité Territoriale,Commune,['Gers'],['Occitanie'],COM,{32},{76}
81767a3d-f43f-43b7-a1ab-8599db6ccf8e,217005040,Commune de Traves (70),false,{70504},Commune,2026-03-24 14:42:07.735343+01,gold_establishments_2025,,,,21700504000019,2025,Collectivité Territoriale,Commune,['Haute-Saône'],['Bourgogne-Franche-Comté'],COM,{70},{27}
bbd2d848-3985-496e-a0c4-ddf11264f3b0,217903327,Commune de Trayes (79),false,{79332},Commune,2026-03-24 14:42:09.43682+01,gold_establishments_2025,,,,21790332700013,2025,Collectivité Territoriale,Commune,['Deux-Sèvres'],['Nouvelle-Aquitaine'],COM,{79},{75}
d4f06d3f-6531-4587-b1ef-c0238efca132,211003710,Commune de Traînel (10),false,{10382},Commune,2026-03-24 14:41:53.095366+01,gold_establishments_2025,,,,21100371000012,2025,Collectivité Territoriale,Commune,['Aube'],['Grand Est'],COM,{10},{44}
66b297b1-41b7-46c4-a21b-86479d07cd0b,214503278,Commune de Traînou (45),false,{45327},Commune,2026-03-24 14:42:00.862623+01,gold_establishments_2025,,,,21450327800019,2025,Collectivité Territoriale,Commune,['Loiret'],['Centre-Val de Loire'],COM,{45},{24}
ba26c182-5901-45dc-ba68-dd57e2295410,210302873,Commune de Treban (03),false,{03287},Commune,2026-03-24 14:41:52.020251+01,gold_establishments_2025,,,,21030287300018,2025,Collectivité Territoriale,Commune,['Allier'],['Auvergne-Rhône-Alpes'],COM,{03},{84}
8c23123e-48cb-4a00-8862-8457b5b22657,210207205,Commune de Trefcon (02),false,{02747},Commune,2026-03-24 14:41:52.020251+01,gold_establishments_2025,,,,21020720500019,2025,Collectivité Territoriale,Commune,['Aisne'],['Hauts-de-France'],COM,{02},{32}
0e3acf46-2bd9-408f-af6c-f374b7d6c081,213503402,Commune de Treffendel (35),false,{35340},Commune,2026-03-24 14:41:59.160244+01,gold_establishments_2025,,,,21350340200017,2025,Collectivité Territoriale,Commune,['Ille-et-Vilaine'],['Bretagne'],COM,{35},{53}
43af96b0-9e0f-4f07-a42e-2c6d909328d5,212902845,Commune de Treffiagat (29),false,{29284},Commune,2026-03-24 14:41:57.56054+01,gold_establishments_2025,,,,21290284500016,2025,Collectivité Territoriale,Commune,['Finistère'],['Bretagne'],COM,{29},{53}
a91f9eda-f7e8-4c08-9fba-03a3c90ebb65,214402083,Commune de Treffieux (44),false,{44208},Commune,2026-03-24 14:42:00.862623+01,gold_establishments_2025,,,,21440208300015,2025,Collectivité Territoriale,Commune,['Loire-Atlantique'],['Pays de la Loire'],COM,{44},{52}
1d99b72b-265b-42a5-b96c-226f28d2f7a7,215602558,Commune de Treffléan (56),false,{56255},Commune,2026-03-24 14:42:03.701372+01,gold_establishments_2025,,,,21560255800011,2025,Collectivité Territoriale,Commune,['Morbihan'],['Bretagne'],COM,{56},{53}
5166f8c9-9d0d-486d-a54a-34990658ec69,213805138,Commune de Treffort (38),false,{38513},Commune,2026-03-24 14:41:59.705606+01,gold_establishments_2025,,,,21380513800012,2025,Collectivité Territoriale,Commune,['Isère'],['Auvergne-Rhône-Alpes'],COM,{38},{84}
3bd4c89e-aac1-44e3-b750-fd04949b4d05,212203517,Commune de Treffrin (22),false,{22351},Commune,2026-03-24 14:41:55.958138+01,gold_establishments_2025,,,,21220351700017,2025,Collectivité Territoriale,Commune,"[""Côtes-d'Armor""]",['Bretagne'],COM,{22},{53}
790c6024-a42d-4503-ab69-66d139a26dee,211926902,Commune de Treignac (19),false,{19269},Commune,2026-03-24 14:41:55.433389+01,gold_establishments_2025,,,,21192690200019,2025,Collectivité Territoriale,Commune,['Corrèze'],['Nouvelle-Aquitaine'],COM,{19},{75}
02bcd1c7-7e99-4be2-81a6-81195f3d6cae,210302881,Commune de Treignat (03),false,{03288},Commune,2026-03-24 14:41:52.020251+01,gold_establishments_2025,,,,21030288100011,2025,Collectivité Territoriale,Commune,['Allier'],['Auvergne-Rhône-Alpes'],COM,{03},{84}
2ad57900-7b80-40a1-b571-7bb202bf688e,200085058,Commune de Treigny-Perreuse-Sainte-Colombe (89),false,{89420},Commune,2026-03-24 14:42:11.659493+01,gold_establishments_2025,,,,20008505800010,2025,Collectivité Territoriale,Commune,['Yonne'],['Bourgogne-Franche-Comté'],COM,{89},{27}
4b6b0b7f-43c8-4ecd-bbfc-761a55331bb6,211103981,Commune de Treilles (11),false,{11398},Commune,2026-03-24 14:41:53.63825+01,gold_establishments_2025,,,,21110398100018,2025,Collectivité Territoriale,Commune,['Aude'],['Occitanie'],COM,{11},{76}
fa41d157-8e36-4e89-9ef0-7227a92a8c5b,214503286,Commune de Treilles-en-Gâtinais (45),false,{45328},Commune,2026-03-24 14:42:00.862623+01,gold_establishments_2025,,,,21450328600012,2025,Collectivité Territoriale,Commune,['Loiret'],['Centre-Val de Loire'],COM,{45},{24}
9b9aaa0f-3b57-4a29-84aa-a80b398d7c9d,214402091,Commune de Treillières (44),false,{44209},Commune,2026-03-24 14:42:00.862623+01,gold_establishments_2025,,,,21440209100018,2025,Collectivité Territoriale,Commune,['Loire-Atlantique'],['Pays de la Loire'],COM,{44},{52}
aa80b627-5ea1-4732-9e6e-5bd63b16f881,200082808,Commune de Treis-Sants-en-Ouche (27),false,{27516},Commune,2026-03-24 14:41:57.028721+01,gold_establishments_2025,,,,20008280800011,2025,Collectivité Territoriale,Commune,['Eure'],['Normandie'],COM,{27},{28}
4a6859c4-1efd-4ee1-8843-55090d2fe42a,215203530,Commune de Treix (52),false,{52494},Commune,2026-03-24 14:42:01.954481+01,gold_establishments_2025,,,,21520353000013,2025,Collectivité Territoriale,Commune,['Haute-Marne'],['Grand Est'],COM,{52},{44}
849bc733-1e3c-46ba-9233-789a93879287,218502953,Commune de Treize-Septiers (85),false,{85295},Commune,2026-03-24 14:42:10.508772+01,gold_establishments_2025,,,,21850295300019,2025,Collectivité Territoriale,Commune,['Vendée'],['Pays de la Loire'],COM,{85},{52}
eca99695-9691-4601-acb2-8236324eb208,218502961,Commune de Treize-Vents (85),false,{85296},Commune,2026-03-24 14:42:10.508772+01,gold_establishments_2025,,,,21850296100012,2025,Collectivité Territoriale,Commune,['Vendée'],['Pays de la Loire'],COM,{85},{52}
b8f2df10-c08d-42f8-9f58-55c3bdf803cc,214203135,Commune de Trelins (42),false,{42313},Commune,2026-03-24 14:42:00.273698+01,gold_establishments_2025,,,,21420313500014,2025,Collectivité Territoriale,Commune,['Loire'],['Auvergne-Rhône-Alpes'],COM,{42},{84}
66206e11-84dc-4c81-a9fe-b7c968d33c2f,219300738,Commune de Tremblay-en-France (93),false,{93073},Commune,2026-03-24 14:42:11.659493+01,gold_establishments_2025,,,,21930073800271,2025,Collectivité Territoriale,Commune,['Seine-Saint-Denis'],['Île-de-France'],COM,{93},{11}
0c7e4f34-aa90-4c41-92fb-8c3332731a4c,212803936,Commune de Tremblay-les-Villages (28),false,{28393},Commune,2026-03-24 14:41:57.028721+01,gold_establishments_2025,,,,21280393600013,2025,Collectivité Territoriale,Commune,['Eure-et-Loir'],['Centre-Val de Loire'],COM,{28},{24}
ae5e4841-f26e-4863-8660-9a0adc53d6f4,215405325,Commune de Tremblecourt (54),false,{54532},Commune,2026-03-24 14:42:02.957225+01,gold_establishments_2025,,,,21540532500014,2025,Collectivité Territoriale,Commune,['Meurthe-et-Moselle'],['Grand Est'],COM,{54},{44}
a0752d14-9fd4-4bae-aa62-4046010dc892,210804183,Commune de Tremblois-lès-Carignan (08),false,{08459},Commune,2026-03-24 14:41:53.095366+01,gold_establishments_2025,,,,21080418300015,2025,Collectivité Territoriale,Commune,['Ardennes'],['Grand Est'],COM,{08},{44}
6e58017d-d098-48d1-9953-d25985d27bbe,210804191,Commune de Tremblois-lès-Rocroi (08),false,{08460},Commune,2026-03-24 14:41:53.095366+01,gold_establishments_2025,,,,21080419100018,2025,Collectivité Territoriale,Commune,['Ardennes'],['Grand Est'],COM,{08},{44}
9e76dc7f-375c-4e4f-bcf4-d2521f765a82,200062693,Commune de Trenal (39),false,{39537},Commune,2026-03-24 14:41:59.705606+01,gold_establishments_2025,,,,20006269300011,2025,Collectivité Territoriale,Commune,['Jura'],['Bourgogne-Franche-Comté'],COM,{39},{27}
627c80e3-fa04-4654-97ea-df00c1c2992b,214003196,Commune de Trensacq (40),false,{40319},Commune,2026-03-24 14:41:59.705606+01,gold_establishments_2025,,,,21400319600018,2025,Collectivité Territoriale,Commune,['Landes'],['Nouvelle-Aquitaine'],COM,{40},{75}
0cbfe2a3-1560-40cf-9938-93278a843ab8,214703159,Commune de Trentels (47),false,{47315},Commune,2026-03-24 14:42:01.412377+01,gold_establishments_2025,,,,21470315900019,2025,Collectivité Territoriale,Commune,['Lot-et-Garonne'],['Nouvelle-Aquitaine'],COM,{47},{75}
291a4c3e-87ab-4f88-aa5f-95bb65925a08,213805153,Commune de Trept (38),false,{38515},Commune,2026-03-24 14:41:59.705606+01,gold_establishments_2025,,,,21380515300011,2025,Collectivité Territoriale,Commune,['Isère'],['Auvergne-Rhône-Alpes'],COM,{38},{84}
e72acd7f-85dc-4e3d-aa4c-ede9433b3a55,213503436,Commune de Tresbœuf (35),false,{35343},Commune,2026-03-24 14:41:59.160244+01,gold_establishments_2025,,,,21350343600015,2025,Collectivité Territoriale,Commune,['Ille-et-Vilaine'],['Bretagne'],COM,{35},{53}
b7227d32-3abb-4d20-9b1b-da4cf6809d16,216208306,Commune de Trescault (62),false,{62830},Commune,2026-03-24 14:42:06.130387+01,gold_establishments_2025,,,,21620830600011,2025,Collectivité Territoriale,Commune,['Pas-de-Calais'],['Hauts-de-France'],COM,{62},{32}
2287eb5e-a426-4ff3-9d96-fbdaebc1ccb2,210501722,Commune de Trescléoux (05),false,{05172},Commune,2026-03-24 14:41:52.562531+01,gold_establishments_2025,,,,21050172200016,2025,Collectivité Territoriale,Commune,['Hautes-Alpes'],"[""Provence-Alpes-Côte d'Azur""]",COM,{05},{93}
3105630d-a0c5-48cd-a52a-b431cb529f83,215105396,Commune de Treslon (51),false,{51581},Commune,2026-03-24 14:42:01.954481+01,gold_establishments_2025,,,,21510539600018,2025,Collectivité Territoriale,Commune,['Marne'],['Grand Est'],COM,{51},{44}
8b8a1d2f-422d-4032-ae6b-64c698dcb847,215802968,Commune de Tresnay (58),false,{58296},Commune,2026-03-24 14:42:04.280096+01,gold_establishments_2025,,,,21580296800010,2025,Collectivité Territoriale,Commune,['Nièvre'],['Bourgogne-Franche-Comté'],COM,{58},{27}
acda3384-56e3-4640-b340-423a8885d69c,214603227,Commune de Trespoux-Rassiels (46),false,{46322},Commune,2026-03-24 14:42:00.862623+01,gold_establishments_2025,,,,21460322700015,2025,Collectivité Territoriale,Commune,['Lot'],['Occitanie'],COM,{46},{76}
78fdb921-044d-4187-a8d1-9542513a6ca8,213003312,Commune de Tresques (30),false,{30331},Commune,2026-03-24 14:41:57.56054+01,gold_establishments_2025,,,,21300331200013,2025,Collectivité Territoriale,Commune,['Gard'],['Occitanie'],COM,{30},{76}
79e0d1e5-8bf5-4792-94cc-3a446c021cc3,213403132,Commune de Tressan (34),false,{34313},Commune,2026-03-24 14:41:58.620411+01,gold_establishments_2025,,,,21340313200052,2025,Collectivité Territoriale,Commune,['Hérault'],['Occitanie'],COM,{34},{76}
74aadb3c-047a-4319-bbff-29cafdded527,212505705,Commune de Tressandans (25),false,{25570},Commune,2026-03-24 14:41:56.495197+01,gold_establishments_2025,,,,21250570500013,2025,Collectivité Territoriale,Commune,['Doubs'],['Bourgogne-Franche-Comté'],COM,{25},{27}
f5b83a88-e41f-44b3-940b-20c6aa0286ac,215706789,Commune de Tressange (57),false,{57678},Commune,2026-03-24 14:42:04.280096+01,gold_establishments_2025,,,,21570678900017,2025,Collectivité Territoriale,Commune,['Moselle'],['Grand Est'],COM,{57},{44}
c24afb3d-fc5c-4e2a-b09d-562faf5a9be0,216602144,Commune de Tresserre (66),false,{66214},Commune,2026-03-24 14:42:06.665412+01,gold_establishments_2025,,,,21660214400018,2025,Collectivité Territoriale,Commune,['Pyrénées-Orientales'],['Occitanie'],COM,{66},{76}
8b52ffdb-5532-4f32-aeea-e8af68f0e6b2,217303007,Commune de Tresserve (73),false,{73300},Commune,2026-03-24 14:42:08.279287+01,gold_establishments_2025,,,,21730300700017,2025,Collectivité Territoriale,Commune,['Savoie'],['Auvergne-Rhône-Alpes'],COM,{73},{84}
c6f1c0fc-6981-404f-b89a-55f773ab8fa6,213305352,Commune de Tresses (33),false,{33535},Commune,2026-03-24 14:41:58.620411+01,gold_establishments_2025,,,,21330535200014,2025,Collectivité Territoriale,Commune,['Gironde'],['Nouvelle-Aquitaine'],COM,{33},{75}
0e88e264-b045-41d6-8e67-f86f88ed4c48,212203756,Commune de Tressignaux (22),false,{22375},Commune,2026-03-24 14:41:55.958138+01,gold_establishments_2025,,,,21220375600011,2025,Collectivité Territoriale,Commune,"[""Côtes-d'Armor""]",['Bretagne'],COM,{22},{53}
5f02c095-308b-4603-bb42-8b5b88959c4e,215906025,Commune de Tressin (59),false,{59602},Commune,2026-03-24 14:42:04.814328+01,gold_establishments_2025,,,,21590602500048,2025,Collectivité Territoriale,Commune,['Nord'],['Hauts-de-France'],COM,{59},{32}
cdabc9f4-751c-4309-8c1c-0ff6541ac5bc,217203611,Commune de Tresson (72),false,{72361},Commune,2026-03-24 14:42:08.279287+01,gold_establishments_2025,,,,21720361100017,2025,Collectivité Territoriale,Commune,['Sarthe'],['Pays de la Loire'],COM,{72},{52}
6f4e2c2b-0384-424f-8dc3-70eddea34ddc,210302899,Commune de Treteau (03),false,{03289},Commune,2026-03-24 14:41:52.020251+01,gold_establishments_2025,,,,21030289900013,2025,Collectivité Territoriale,Commune,['Allier'],['Auvergne-Rhône-Alpes'],COM,{03},{84}
5222d90b-9411-410f-97ce-4c1d3e4aa859,211301106,Commune de Trets (13),false,{13110},Commune,2026-03-24 14:41:53.63825+01,gold_establishments_2025,,,,21130110600012,2025,Collectivité Territoriale,Commune,['Bouches-du-Rhône'],"[""Provence-Alpes-Côte d'Azur""]",COM,{13},{93}
7d9f37de-b9d9-4683-ad3c-0118f81d39c0,218007201,Commune de Treux (80),false,{80769},Commune,2026-03-24 14:42:09.967209+01,gold_establishments_2025,,,,21800720100013,2025,Collectivité Territoriale,Commune,['Somme'],['Hauts-de-France'],COM,{80},{32}
8aef31a1-8658-4d47-9cd5-50e90776bfe0,217704733,Commune de Treuzy-Levelay (77),false,{77473},Commune,2026-03-24 14:42:09.43682+01,gold_establishments_2025,,,,21770473300013,2025,Collectivité Territoriale,Commune,['Seine-et-Marne'],['Île-de-France'],COM,{77},{11}
637a0b3a-37eb-40c6-be68-3927037d91ec,211603873,Commune de Triac-Lautrait (16),false,{16387},Commune,2026-03-24 14:41:54.903238+01,gold_establishments_2025,,,,21160387300012,2025,Collectivité Territoriale,Commune,['Charente'],['Nouvelle-Aquitaine'],COM,{16},{75}
f908febb-59a1-4f1c-be18-75ee28cf532a,218502979,Commune de Triaize (85),false,{85297},Commune,2026-03-24 14:42:10.508772+01,gold_establishments_2025,,,,21850297900014,2025,Collectivité Territoriale,Commune,['Vendée'],['Pays de la Loire'],COM,{85},{52}
4571abf3-2ba3-4bb7-ad33-87f6b10b7a93,215006065,Commune de Tribehou (50),false,{50606},Commune,2026-03-24 14:42:01.412377+01,gold_establishments_2025,,,,21500606500019,2025,Collectivité Territoriale,Commune,['Manche'],['Normandie'],COM,{50},{28}
645b159b-7419-443c-8290-314b9c65c605,218904225,Commune de Trichey (89),false,{89422},Commune,2026-03-24 14:42:11.659493+01,gold_establishments_2025,,,,21890422500016,2025,Collectivité Territoriale,Commune,['Yonne'],['Bourgogne-Franche-Comté'],COM,{89},{27}
198224ef-cb0e-47d6-a996-55d4e94b53a3,216006346,Commune de Tricot (60),false,{60643},Commune,2026-03-24 14:42:04.814328+01,gold_establishments_2025,,,,21600634600011,2025,Collectivité Territoriale,Commune,['Oise'],['Hauts-de-France'],COM,{60},{32}
b4fab406-3208-47a3-941c-05ece7adf5a2,200076842,Commune de Trie-Château (60),false,{60644},Commune,2026-03-24 14:42:04.814328+01,gold_establishments_2025,,,,20007684200018,2025,Collectivité Territoriale,Commune,['Oise'],['Hauts-de-France'],COM,{60},{32}
61cb3cee-3790-427a-8423-9985fd8c6c5f,216006361,Commune de Trie-la-Ville (60),false,{60645},Commune,2026-03-24 14:42:04.814328+01,gold_establishments_2025,,,,21600636100010,2025,Collectivité Territoriale,Commune,['Oise'],['Hauts-de-France'],COM,{60},{32}
e9b2623b-3e31-4c94-8cbf-031dc1bd326c,216504522,Commune de Trie-sur-Baïse (65),false,{65452},Commune,2026-03-24 14:42:06.665412+01,gold_establishments_2025,,,,21650452200014,2025,Collectivité Territoriale,Commune,['Hautes-Pyrénées'],['Occitanie'],COM,{65},{76}
2af07749-767d-4a4a-aa0f-b31d1c0897d5,217806249,Commune de Triel-sur-Seine (78),false,{78624},Commune,2026-03-24 14:42:09.43682+01,gold_establishments_2025,,,,21780624900017,2025,Collectivité Territoriale,Commune,['Yvelines'],['Île-de-France'],COM,{78},{11}
a9dd73e1-5d2c-4ee3-95f4-f12366a59152,216704932,Commune de Triembach-au-Val (67),false,{67493},Commune,2026-03-24 14:42:07.195692+01,gold_establishments_2025,,,,21670493200013,2025,Collectivité Territoriale,Commune,['Bas-Rhin'],['Grand Est'],COM,{67},{44}
720d33e0-c188-481c-b75d-712da5108fc2,215405333,Commune de Trieux (54),false,{54533},Commune,2026-03-24 14:42:02.957225+01,gold_establishments_2025,,,,21540533300018,2025,Collectivité Territoriale,Commune,['Meurthe-et-Moselle'],['Grand Est'],COM,{54},{44}
b758825d-116b-42f6-a3b8-bb2a66dd42a4,218301422,Commune de Trigance (83),false,{83142},Commune,2026-03-24 14:42:10.508772+01,gold_establishments_2025,,,,21830142200018,2025,Collectivité Territoriale,Commune,['Var'],"[""Provence-Alpes-Côte d'Azur""]",COM,{83},{93}
625bdba4-941d-44af-845e-79d70c32d794,214402109,Commune de Trignac (44),false,{44210},Commune,2026-03-24 14:42:00.862623+01,gold_establishments_2025,,,,21440210900018,2025,Collectivité Territoriale,Commune,['Loire-Atlantique'],['Pays de la Loire'],COM,{44},{52}
f782e5d6-84a0-4eb2-b262-0b844fbbcace,215105404,Commune de Trigny (51),false,{51582},Commune,2026-03-24 14:42:01.954481+01,gold_establishments_2025,,,,21510540400010,2025,Collectivité Territoriale,Commune,['Marne'],['Grand Est'],COM,{51},{44}
97d77d1a-1fc4-49e6-8b1a-ab58fb2cf4ed,214503294,Commune de Triguères (45),false,{45329},Commune,2026-03-24 14:42:00.862623+01,gold_establishments_2025,,,,21450329400016,2025,Collectivité Territoriale,Commune,['Loiret'],['Centre-Val de Loire'],COM,{45},{24}
d7ca9af1-2988-4e45-9d8b-9d0f63a946ca,217704741,Commune de Trilbardou (77),false,{77474},Commune,2026-03-24 14:42:09.43682+01,gold_establishments_2025,,,,21770474100016,2025,Collectivité Territoriale,Commune,['Seine-et-Marne'],['Île-de-France'],COM,{77},{11}
305ebc41-4594-421a-909b-b21414039923,216602169,Commune de Trilla (66),false,{66216},Commune,2026-03-24 14:42:06.665412+01,gold_establishments_2025,,,,21660216900015,2025,Collectivité Territoriale,Commune,['Pyrénées-Orientales'],['Occitanie'],COM,{66},{76}
41cc247b-97f7-49d9-a1ec-d27f755e580f,217704758,Commune de Trilport (77),false,{77475},Commune,2026-03-24 14:42:09.43682+01,gold_establishments_2025,,,,21770475800010,2025,Collectivité Territoriale,Commune,['Seine-et-Marne'],['Île-de-France'],COM,{77},{11}
4de8a784-3d24-4d5b-957a-57eac08492ef,216704940,Commune de Trimbach (67),false,{67494},Commune,2026-03-24 14:42:07.195692+01,gold_establishments_2025,,,,21670494000016,2025,Collectivité Territoriale,Commune,['Bas-Rhin'],['Grand Est'],COM,{67},{44}
dc5adb70-f801-4d94-8755-425361ca82dd,213503469,Commune de Trimer (35),false,{35346},Commune,2026-03-24 14:41:59.160244+01,gold_establishments_2025,,,,21350346900016,2025,Collectivité Territoriale,Commune,['Ille-et-Vilaine'],['Bretagne'],COM,{35},{53}
3b7eb82c-5dce-4040-94e4-97b5239488b0,214503302,Commune de Trinay (45),false,{45330},Commune,2026-03-24 14:42:00.862623+01,gold_establishments_2025,,,,21450330200017,2025,Collectivité Territoriale,Commune,['Loiret'],['Centre-Val de Loire'],COM,{45},{24}
4f981299-0c9c-404a-950c-dba605c04bba,212603559,Commune de Triors (26),false,{26355},Commune,2026-03-24 14:41:56.495197+01,gold_establishments_2025,,,,21260355900015,2025,Collectivité Territoriale,Commune,['Drôme'],['Auvergne-Rhône-Alpes'],COM,{26},{84}
006c8786-4b31-45ff-8ea2-565c5f8160e0,212706626,Commune de Triqueville (27),false,{27662},Commune,2026-03-24 14:41:57.028721+01,gold_establishments_2025,,,,21270662600018,2025,Collectivité Territoriale,Commune,['Eure'],['Normandie'],COM,{27},{28}
36acad43-f93e-45ee-96f6-d038a0494683,215906033,Commune de Trith-Saint-Léger (59),false,{59603},Commune,2026-03-24 14:42:04.814328+01,gold_establishments_2025,,,,21590603300018,2025,Collectivité Territoriale,Commune,['Nord'],['Hauts-de-France'],COM,{59},{32}
6fe802d9-e23e-4034-a05d-127dbf584289,215706797,Commune de Tritteling-Redlach (57),false,{57679},Commune,2026-03-24 14:42:04.280096+01,gold_establishments_2025,,,,21570679700010,2025,Collectivité Territoriale,Commune,['Moselle'],['Grand Est'],COM,{57},{44}
37af9397-815b-42b3-a7d0-ee2ea5cd7314,217105477,Commune de Trivy (71),false,{71547},Commune,2026-03-24 14:42:08.279287+01,gold_establishments_2025,,,,21710547700012,2025,Collectivité Territoriale,Commune,['Saône-et-Loire'],['Bourgogne-Franche-Comté'],COM,{71},{27}
56aa2de0-a32f-4270-820f-01ff4343ba7b,211502430,Commune de Trizac (15),false,{15243},Commune,2026-03-24 14:41:54.362296+01,gold_establishments_2025,,,,21150243000013,2025,Collectivité Territoriale,Commune,['Cantal'],['Auvergne-Rhône-Alpes'],COM,{15},{84}
fca6e4ed-5d9b-4233-8c60-ccdcffff2739,211704531,Commune de Trizay (17),false,{17453},Commune,2026-03-24 14:41:54.903238+01,gold_establishments_2025,,,,21170453100014,2025,Collectivité Territoriale,Commune,['Charente-Maritime'],['Nouvelle-Aquitaine'],COM,{17},{75}
1ba4fa6b-f143-46b2-9cbe-e2291c50b5c6,212803951,Commune de Trizay-Coutretot-Saint-Serge (28),false,{28395},Commune,2026-03-24 14:41:57.028721+01,gold_establishments_2025,,,,21280395100012,2025,Collectivité Territoriale,Commune,['Eure-et-Loir'],['Centre-Val de Loire'],COM,{28},{24}
8ee12c33-a4e7-44e0-9157-f40a0809b1ba,212803969,Commune de Trizay-lès-Bonneval (28),false,{28396},Commune,2026-03-24 14:41:57.028721+01,gold_establishments_2025,,,,21280396900014,2025,Collectivité Territoriale,Commune,['Eure-et-Loir'],['Centre-Val de Loire'],COM,{28},{24}
99be8dff-492e-4d5a-a9a7-d7f27f39affc,211407127,Commune de Troarn (14),false,{14712},Commune,2026-03-24 14:41:54.362296+01,gold_establishments_2025,,,,21140712700011,2025,Collectivité Territoriale,Commune,['Calvados'],['Normandie'],COM,{14},{28}
ad797e7b-d796-4299-b38d-2dfef3d93b29,211927009,Commune de Troche (19),false,{19270},Commune,2026-03-24 14:41:55.433389+01,gold_establishments_2025,,,,21192700900012,2025,Collectivité Territoriale,Commune,['Corrèze'],['Nouvelle-Aquitaine'],COM,{19},{75}
3b222971-b139-4cc3-a680-87f4e21d42d7,212106447,Commune de Trochères (21),false,{21644},Commune,2026-03-24 14:41:55.433389+01,gold_establishments_2025,,,,21210644700015,2025,Collectivité Territoriale,Commune,"[""Côte-d'Or""]",['Bourgogne-Franche-Comté'],COM,{21},{27}
b5acbc2a-6cb9-4cc6-bebd-c2fd4a6a5d10,217704766,Commune de Trocy-en-Multien (77),false,{77476},Commune,2026-03-24 14:42:09.43682+01,gold_establishments_2025,,,,21770476600013,2025,Collectivité Territoriale,Commune,['Seine-et-Marne'],['Île-de-France'],COM,{77},{11}
b9811b8d-d62b-4f73-b9a7-a792e2dd8e21,213702624,Commune de Trogues (37),false,{37262},Commune,2026-03-24 14:41:59.160244+01,gold_establishments_2025,,,,21370262400015,2025,Collectivité Territoriale,Commune,['Indre-et-Loire'],['Centre-Val de Loire'],COM,{37},{24}
c5da992d-33e5-41bd-bd87-cf89bee76342,212203830,Commune de Troguéry (22),false,{22383},Commune,2026-03-24 14:41:55.958138+01,gold_establishments_2025,,,,21220383000014,2025,Collectivité Territoriale,Commune,"[""Côtes-d'Armor""]",['Bretagne'],COM,{22},{53}
6650d7e6-373f-4dee-ada4-c65711bd5cf9,212325500,Commune de Trois-Fonds (23),false,{23255},Commune,2026-03-24 14:41:55.958138+01,gold_establishments_2025,,,,21232550000016,2025,Collectivité Territoriale,Commune,['Creuse'],['Nouvelle-Aquitaine'],COM,{23},{75}
98c71701-f9fa-4523-8d00-848c54def052,215105412,Commune de Trois-Fontaines-l'Abbaye (51),false,{51583},Commune,2026-03-24 14:42:01.954481+01,gold_establishments_2025,,,,21510541200013,2025,Collectivité Territoriale,Commune,['Marne'],['Grand Est'],COM,{51},{44}
fda3ac2c-8f1b-4771-b2a8-441a0477c755,211603881,Commune de Trois-Palis (16),false,{16388},Commune,2026-03-24 14:41:54.903238+01,gold_establishments_2025,,,,21160388100015,2025,Collectivité Territoriale,Commune,['Charente'],['Nouvelle-Aquitaine'],COM,{16},{75}
4469ff19-8b4b-4c57-a576-f73ed24d3a9b,215105420,Commune de Trois-Puits (51),false,{51584},Commune,2026-03-24 14:42:01.954481+01,gold_establishments_2025,,,,21510542000016,2025,Collectivité Territoriale,Commune,['Marne'],['Grand Est'],COM,{51},{44}
6a8a551f-928c-469d-8edd-5a5b75454ffc,200084671,Commune de Trois-Rivières (80),false,{80625},Commune,2026-03-24 14:42:09.967209+01,gold_establishments_2025,,,,20008467100011,2025,Collectivité Territoriale,Commune,['Somme'],['Hauts-de-France'],COM,{80},{32}
447b54fa-0922-4f28-853c-6f318a8c5802,219711322,Commune de Trois-Rivières (971),false,{97132},Commune,2026-03-24 14:42:11.659493+01,gold_establishments_2025,,,,21971132200012,2025,Collectivité Territoriale,Commune,['Guadeloupe'],['Guadeloupe'],COM,{971},{01}
0e531449-15a6-4b44-9292-f7a92fd618f9,216405373,Commune de Trois-Villes (64),false,{64537},Commune,2026-03-24 14:42:06.665412+01,gold_establishments_2025,,,,21640537300012,2025,Collectivité Territoriale,Commune,['Pyrénées-Atlantiques'],['Nouvelle-Aquitaine'],COM,{64},{75}
71aee76b-ff20-4414-8ce6-cc36b9467d30,215802976,Commune de Trois-Vèvres (58),false,{58297},Commune,2026-03-24 14:42:04.280096+01,gold_establishments_2025,,,,21580297600013,2025,Collectivité Territoriale,Commune,['Nièvre'],['Bourgogne-Franche-Comté'],COM,{58},{27}
00d49f95-c453-45eb-9257-8ba2e75021f0,215706805,Commune de Troisfontaines (57),false,{57680},Commune,2026-03-24 14:42:04.280096+01,gold_establishments_2025,,,,21570680500011,2025,Collectivité Territoriale,Commune,['Moselle'],['Grand Est'],COM,{57},{44}
72f8dbdd-ebc2-4644-a9a8-d498c1fa6003,215203548,Commune de Troisfontaines-la-Ville (52),false,{52497},Commune,2026-03-24 14:42:01.954481+01,gold_establishments_2025,,,,21520354800015,2025,Collectivité Territoriale,Commune,['Haute-Marne'],['Grand Est'],COM,{52},{44}
89d2240a-f603-4876-9ada-3da16dbb17a6,216006379,Commune de Troissereux (60),false,{60646},Commune,2026-03-24 14:42:04.814328+01,gold_establishments_2025,,,,21600637900012,2025,Collectivité Territoriale,Commune,['Oise'],['Hauts-de-France'],COM,{60},{32}
a36905e9-7662-4847-bda7-396add83c4e7,215105438,Commune de Troissy (51),false,{51585},Commune,2026-03-24 14:42:01.954481+01,gold_establishments_2025,,,,21510543800018,2025,Collectivité Territoriale,Commune,['Marne'],['Grand Est'],COM,{51},{44}
da410bf0-1cf7-4e38-a043-dd030e2ca108,216208314,Commune de Troisvaux (62),false,{62831},Commune,2026-03-24 14:42:06.130387+01,gold_establishments_2025,,,,21620831400015,2025,Collectivité Territoriale,Commune,['Pas-de-Calais'],['Hauts-de-France'],COM,{62},{32}
150ade2a-2046-41b6-8a45-2e0e76f0fe9a,215906041,Commune de Troisvilles (59),false,{59604},Commune,2026-03-24 14:42:04.814328+01,gold_establishments_2025,,,,21590604100011,2025,Collectivité Territoriale,Commune,['Nord'],['Hauts-de-France'],COM,{59},{32}
acf05373-2000-4b74-a1af-fd23dabeb48e,217005099,Commune de Tromarey (70),false,{70509},Commune,2026-03-24 14:42:07.735343+01,gold_establishments_2025,,,,21700509900015,2025,Collectivité Territoriale,Commune,['Haute-Saône'],['Bourgogne-Franche-Comté'],COM,{70},{27}
6f4492dd-2102-4ace-b6aa-03252544e58f,215706813,Commune de Tromborn (57),false,{57681},Commune,2026-03-24 14:42:04.280096+01,gold_establishments_2025,,,,21570681300015,2025,Collectivité Territoriale,Commune,['Moselle'],['Grand Est'],COM,{57},{44}
d43f3b32-b793-41c7-b272-9d68d24d1c62,213204555,Commune de Troncens (32),false,{32455},Commune,2026-03-24 14:41:58.09424+01,gold_establishments_2025,,,,21320455500014,2025,Collectivité Territoriale,Commune,['Gers'],['Occitanie'],COM,{32},{76}
b0212faa-db3c-4955-91ba-13b73330a06a,218904233,Commune de Tronchoy (89),false,{89423},Commune,2026-03-24 14:42:11.659493+01,gold_establishments_2025,,,,21890423300010,2025,Collectivité Territoriale,Commune,['Yonne'],['Bourgogne-Franche-Comté'],COM,{89},{27}
a8c99ded-5dc2-405d-810a-44d02a1ab0c0,217105485,Commune de Tronchy (71),false,{71548},Commune,2026-03-24 14:42:08.279287+01,gold_establishments_2025,,,,21710548500015,2025,Collectivité Territoriale,Commune,['Saône-et-Loire'],['Bourgogne-Franche-Comté'],COM,{71},{27}
f13f44d1-8ff9-454e-99ab-d2c7e780006e,215405341,Commune de Trondes (54),false,{54534},Commune,2026-03-24 14:42:02.957225+01,gold_establishments_2025,,,,21540534100011,2025,Collectivité Territoriale,Commune,['Meurthe-et-Moselle'],['Grand Est'],COM,{54},{44}
d96cdf4b-1aef-4198-b989-c5107f5548ac,210302923,Commune de Tronget (03),false,{03292},Commune,2026-03-24 14:41:52.020251+01,gold_establishments_2025,,,,21030292300011,2025,Collectivité Territoriale,Commune,['Allier'],['Auvergne-Rhône-Alpes'],COM,{03},{84}
cc98cacc-5f97-42b8-b92f-15faa4372319,215802984,Commune de Tronsanges (58),false,{58298},Commune,2026-03-24 14:42:04.280096+01,gold_establishments_2025,,,,21580298400017,2025,Collectivité Territoriale,Commune,['Nièvre'],['Bourgogne-Franche-Comté'],COM,{58},{27}
39784670-12ea-42d7-b8a6-b98d2e340fba,215405358,Commune de Tronville (54),false,{54535},Commune,2026-03-24 14:42:02.957225+01,gold_establishments_2025,,,,21540535800015,2025,Collectivité Territoriale,Commune,['Meurthe-et-Moselle'],['Grand Est'],COM,{54},{44}
cbd83b03-6b78-43bd-87cb-8a86cfd31aa7,215505199,Commune de Tronville-en-Barrois (55),false,{55519},Commune,2026-03-24 14:42:03.701372+01,gold_establishments_2025,,,,21550519900012,2025,Collectivité Territoriale,Commune,['Meuse'],['Grand Est'],COM,{55},{44}
9ee1482a-4834-4892-90b9-c11148c55915,214102659,Commune de Troo (41),false,{41265},Commune,2026-03-24 14:42:00.273698+01,gold_establishments_2025,,,,21410265900015,2025,Collectivité Territoriale,Commune,['Loir-et-Cher'],['Centre-Val de Loire'],COM,{41},{24}
09feff8c-37b4-48fb-ae56-850ba4fd887f,216006387,Commune de Trosly-Breuil (60),false,{60647},Commune,2026-03-24 14:42:04.814328+01,gold_establishments_2025,,,,21600638700015,2025,Collectivité Territoriale,Commune,['Oise'],['Hauts-de-France'],COM,{60},{32}
f1b6db41-80d8-4217-9eea-0b75c52a6577,210207239,Commune de Trosly-Loire (02),false,{02750},Commune,2026-03-24 14:41:52.020251+01,gold_establishments_2025,,,,21020723900018,2025,Collectivité Territoriale,Commune,['Aisne'],['Hauts-de-France'],COM,{02},{32}
6a25357f-2e7d-4db1-a613-74b56cb3b2c2,211003736,Commune de Trouans (10),false,{10386},Commune,2026-03-24 14:41:53.095366+01,gold_establishments_2025,,,,21100373600017,2025,Collectivité Territoriale,Commune,['Aube'],['Grand Est'],COM,{10},{44}
2c546a58-8165-4262-9d13-db42d0fccc2e,216504530,Commune de Troubat (65),false,{65453},Commune,2026-03-24 14:42:06.665412+01,gold_establishments_2025,,,,21650453000017,2025,Collectivité Territoriale,Commune,['Hautes-Pyrénées'],['Occitanie'],COM,{65},{76}
f11e4835-b1fb-406b-97f6-586111c19ce0,212106454,Commune de Trouhans (21),false,{21645},Commune,2026-03-24 14:41:55.433389+01,gold_establishments_2025,,,,21210645400011,2025,Collectivité Territoriale,Commune,"[""Côte-d'Or""]",['Bourgogne-Franche-Comté'],COM,{21},{27}
df1c79e0-e5a9-4ea8-8396-524b18650ccb,212106462,Commune de Trouhaut (21),false,{21646},Commune,2026-03-24 14:41:55.433389+01,gold_establishments_2025,,,,21210646200014,2025,Collectivité Territoriale,Commune,"[""Côte-d'Or""]",['Bourgogne-Franche-Comté'],COM,{21},{27}
40f6586e-1092-4837-9267-2fb7590b5192,216602177,Commune de Trouillas (66),false,{66217},Commune,2026-03-24 14:42:06.665412+01,gold_establishments_2025,,,,21660217700018,2025,Collectivité Territoriale,Commune,['Pyrénées-Orientales'],['Occitanie'],COM,{66},{76}
400ca0c1-b4d2-4390-b734-1a1474723b1f,216504548,Commune de Trouley-Labarthe (65),false,{65454},Commune,2026-03-24 14:42:06.665412+01,gold_establishments_2025,,,,21650454800019,2025,Collectivité Territoriale,Commune,['Hautes-Pyrénées'],['Occitanie'],COM,{65},{76}
5834c3dd-fa9b-4bb3-9754-61b677431b8c,216006395,Commune de Troussencourt (60),false,{60648},Commune,2026-03-24 14:42:04.814328+01,gold_establishments_2025,,,,21600639500018,2025,Collectivité Territoriale,Commune,['Oise'],['Hauts-de-France'],COM,{60},{32}
4c701fc2-d837-4be9-9bf9-c24e3a1026f9,215505207,Commune de Troussey (55),false,{55520},Commune,2026-03-24 14:42:03.701372+01,gold_establishments_2025,,,,21550520700013,2025,Collectivité Territoriale,Commune,['Meuse'],['Grand Est'],COM,{55},{44}
e1f5ac3c-95d8-42e0-b982-b98c1b47880c,212505721,Commune de Trouvans (25),false,{25572},Commune,2026-03-24 14:41:56.495197+01,gold_establishments_2025,,,,21250572100010,2025,Collectivité Territoriale,Commune,['Doubs'],['Bourgogne-Franche-Comté'],COM,{25},{27}
4cce7fd3-c5e5-4ade-a0e6-b08482c8dc18,217607159,Commune de Trouville (76),false,{76715},Commune,2026-03-24 14:42:08.818969+01,gold_establishments_2025,,,,21760715900019,2025,Collectivité Territoriale,Commune,['Seine-Maritime'],['Normandie'],COM,{76},{28}
fa12e8bc-0e3e-4f9d-957e-e03cc430d75a,212706659,Commune de Trouville-la-Haule (27),false,{27665},Commune,2026-03-24 14:41:57.028721+01,gold_establishments_2025,,,,21270665900019,2025,Collectivité Territoriale,Commune,['Eure'],['Normandie'],COM,{27},{28}
ad9f8a1d-4e74-4a04-9d2e-2a5ba92dfe33,211407150,Commune de Trouville-sur-Mer (14),false,{14715},Commune,2026-03-24 14:41:54.362296+01,gold_establishments_2025,,,,21140715000013,2025,Collectivité Territoriale,Commune,['Calvados'],['Normandie'],COM,{14},{28}
06ca3987-aacc-4f9b-b4f6-c1c37264fdb1,211802673,Commune de Trouy (18),false,{18267},Commune,2026-03-24 14:41:54.903238+01,gold_establishments_2025,,,,21180267300189,2025,Collectivité Territoriale,Commune,['Cher'],['Centre-Val de Loire'],COM,{18},{24}
b8d544b5-a0e4-433b-be55-c73b100743e5,210903167,Commune de Troye-d'Ariège (09),false,{09316},Commune,2026-03-24 14:41:53.095366+01,gold_establishments_2025,,,,21090316700018,2025,Collectivité Territoriale,Commune,['Ariège'],['Occitanie'],COM,{09},{76}
3781a578-56be-4847-be53-6bd244cc4ebb,211003744,Commune de Troyes (10),false,{10387},Commune,2026-03-24 14:41:53.095366+01,gold_establishments_2025,,,,21100374400011,2025,Collectivité Territoriale,Commune,['Aube'],['Grand Est'],COM,{10},{44}
0b20841d-be95-42d3-97a7-491e6dd255be,215505215,Commune de Troyon (55),false,{55521},Commune,2026-03-24 14:42:03.701372+01,gold_establishments_2025,,,,21550521500016,2025,Collectivité Territoriale,Commune,['Meuse'],['Grand Est'],COM,{55},{44}
355c5ccf-bb09-4b47-9e8f-8ff39491343a,210207221,Commune de Troësnes (02),false,{02749},Commune,2026-03-24 14:41:52.020251+01,gold_establishments_2025,,,,21020722100016,2025,Collectivité Territoriale,Commune,['Aisne'],['Hauts-de-France'],COM,{02},{32}
b569dbe0-28f6-425e-9e8d-7e31b1091eb4,200057321,Commune de Truchtersheim (67),false,{67495},Commune,2026-03-24 14:42:07.195692+01,gold_establishments_2025,,,,20005732100016,2025,Collectivité Territoriale,Commune,['Bas-Rhin'],['Grand Est'],COM,{67},{44}
c2db4cfd-d00c-416a-926f-5d096cee29aa,210207247,Commune de Trucy (02),false,{02751},Commune,2026-03-24 14:41:52.020251+01,gold_establishments_2025,,,,21020724700011,2025,Collectivité Territoriale,Commune,['Aisne'],['Hauts-de-France'],COM,{02},{32}
8e24f974-75d7-4731-96b7-0e93c46e255c,215802992,Commune de Trucy-l'Orgueilleux (58),false,{58299},Commune,2026-03-24 14:42:04.280096+01,gold_establishments_2025,,,,21580299200010,2025,Collectivité Territoriale,Commune,['Nièvre'],['Bourgogne-Franche-Comté'],COM,{58},{27}
1b45659b-4633-450b-9422-094f736dfab6,218904241,Commune de Trucy-sur-Yonne (89),false,{89424},Commune,2026-03-24 14:42:11.659493+01,gold_establishments_2025,,,,21890424100013,2025,Collectivité Territoriale,Commune,['Yonne'],['Bourgogne-Franche-Comté'],COM,{89},{27}
99e77563-c3ad-409a-9a58-4fcad2b55fac,212106470,Commune de Trugny (21),false,{21647},Commune,2026-03-24 14:41:55.433389+01,gold_establishments_2025,,,,21210647000017,2025,Collectivité Territoriale,Commune,"[""Côte-d'Or""]",['Bourgogne-Franche-Comté'],COM,{21},{27}
c06850a7-c0be-4fb6-9cc3-20b6fcebe93a,212603567,Commune de Truinas (26),false,{26356},Commune,2026-03-24 14:41:56.495197+01,gold_establishments_2025,,,,21260356700018,2025,Collectivité Territoriale,Commune,['Drôme'],['Auvergne-Rhône-Alpes'],COM,{26},{84}
baa0433d-27fa-4b28-9a02-fa7e775043b9,216006411,Commune de Trumilly (60),false,{60650},Commune,2026-03-24 14:42:04.814328+01,gold_establishments_2025,,,,21600641100013,2025,Collectivité Territoriale,Commune,['Oise'],['Hauts-de-France'],COM,{60},{32}
0d8d61ed-6bb7-49c1-b0d5-b06fdfc14f70,216104943,Commune de Trun (61),false,{61494},Commune,2026-03-24 14:42:05.597325+01,gold_establishments_2025,,,,21610494300016,2025,Collectivité Territoriale,Commune,['Orne'],['Normandie'],COM,{61},{28}
6de7fb68-5e8b-41f8-8437-fd89ed4c7c0f,211407168,Commune de Trungy (14),false,{14716},Commune,2026-03-24 14:41:54.362296+01,gold_establishments_2025,,,,21140716800015,2025,Collectivité Territoriale,Commune,['Calvados'],['Normandie'],COM,{14},{28}
0de77c84-59aa-4e9e-9294-b469a9b3739d,213702632,Commune de Truyes (37),false,{37263},Commune,2026-03-24 14:41:59.160244+01,gold_establishments_2025,,,,21370263200018,2025,Collectivité Territoriale,Commune,['Indre-et-Loire'],['Centre-Val de Loire'],COM,{37},{24}
4f9f59a5-de10-4846-a454-30821501d6d5,211103973,Commune de Trèbes (11),false,{11397},Commune,2026-03-24 14:41:53.63825+01,gold_establishments_2025,,,,21110397300015,2025,Collectivité Territoriale,Commune,['Aude'],['Occitanie'],COM,{11},{76}
913ee33b-2cc5-4e02-9b6c-2165d8225f96,213003320,Commune de Trèves (30),false,{30332},Commune,2026-03-24 14:41:57.56054+01,gold_establishments_2025,,,,21300332000016,2025,Collectivité Territoriale,Commune,['Gard'],['Occitanie'],COM,{30},{76}
cbc6d13b-7bd4-4f65-b0a6-e5e0dd7be393,216902528,Commune de Trèves (69),false,{69252},Commune,2026-03-24 14:42:07.735343+01,gold_establishments_2025,,,,21690252800019,2025,Collectivité Territoriale,Commune,['Rhône'],['Auvergne-Rhône-Alpes'],COM,{69},{84}
1eda9e52-52d6-4186-a940-a207dc9597a1,215602533,Commune de Tréal (56),false,{56253},Commune,2026-03-24 14:42:03.701372+01,gold_establishments_2025,,,,21560253300014,2025,Collectivité Territoriale,Commune,['Morbihan'],['Bretagne'],COM,{56},{53}
6bf858d1-533e-4c0b-98a8-0d1140e02c64,215006040,Commune de Tréauville (50),false,{50604},Commune,2026-03-24 14:42:01.412377+01,gold_establishments_2025,,,,21500604000012,2025,Collectivité Territoriale,Commune,['Manche'],['Normandie'],COM,{50},{28}
52a75242-0cbd-4d69-a97c-895c1479abca,212902829,Commune de Trébabu (29),false,{29282},Commune,2026-03-24 14:41:57.56054+01,gold_establishments_2025,,,,21290282900010,2025,Collectivité Territoriale,Commune,['Finistère'],['Bretagne'],COM,{29},{53}
e59e2ad9-ddbe-4b09-9509-8ddffe6b4922,218103026,Commune de Tréban (81),false,{81302},Commune,2026-03-24 14:42:09.967209+01,gold_establishments_2025,,,,21810302600017,2025,Collectivité Territoriale,Commune,['Tarn'],['Occitanie'],COM,{81},{76}
7385e089-db61-475a-af71-738f256f5afa,218103034,Commune de Trébas (81),false,{81303},Commune,2026-03-24 14:42:09.967209+01,gold_establishments_2025,,,,21810303400011,2025,Collectivité Territoriale,Commune,['Tarn'],['Occitanie'],COM,{81},{76}
8c241ce4-c341-4e9d-9407-990bd0ea1ff8,212203434,Commune de Trébeurden (22),false,{22343},Commune,2026-03-24 14:41:55.958138+01,gold_establishments_2025,,,,21220343400015,2025,Collectivité Territoriale,Commune,"[""Côtes-d'Armor""]",['Bretagne'],COM,{22},{53}
950c0bc6-e43c-459d-8d7c-dc4594e648b7,216504514,Commune de Trébons (65),false,{65451},Commune,2026-03-24 14:42:06.665412+01,gold_establishments_2025,,,,21650451400011,2025,Collectivité Territoriale,Commune,['Hautes-Pyrénées'],['Occitanie'],COM,{65},{76}
e5e9a08d-c9fc-401d-b745-cfbd5b267a4c,213105596,Commune de Trébons-de-Luchon (31),false,{31559},Commune,2026-03-24 14:41:58.09424+01,gold_establishments_2025,,,,21310559600018,2025,Collectivité Territoriale,Commune,['Haute-Garonne'],['Occitanie'],COM,{31},{76}
3907a6df-acf2-4dff-9e0f-ad4225ca1860,213105604,Commune de Trébons-sur-la-Grasse (31),false,{31560},Commune,2026-03-24 14:41:58.09424+01,gold_establishments_2025,,,,21310560400010,2025,Collectivité Territoriale,Commune,['Haute-Garonne'],['Occitanie'],COM,{31},{76}
c927a6fd-c702-48c7-98d6-0a53123ed0e9,212203442,Commune de Trébrivan (22),false,{22344},Commune,2026-03-24 14:41:55.958138+01,gold_establishments_2025,,,,21220344200018,2025,Collectivité Territoriale,Commune,"[""Côtes-d'Armor""]",['Bretagne'],COM,{22},{53}
bf534f80-100c-4f86-9698-a26abbfbcfb7,212203459,Commune de Trébry (22),false,{22345},Commune,2026-03-24 14:41:55.958138+01,gold_establishments_2025,,,,21220345900012,2025,Collectivité Territoriale,Commune,"[""Côtes-d'Armor""]",['Bretagne'],COM,{22},{53}
97e239c6-5f77-4c8d-b000-3b8373afd442,212203426,Commune de Trébédan (22),false,{22342},Commune,2026-03-24 14:41:55.958138+01,gold_establishments_2025,,,,21220342600011,2025,Collectivité Territoriale,Commune,"[""Côtes-d'Armor""]",['Bretagne'],COM,{22},{53}
7e64ab21-da40-44b4-9947-75c70b7cadb6,212106439,Commune de Tréclun (21),false,{21643},Commune,2026-03-24 14:41:55.433389+01,gold_establishments_2025,,,,21210643900012,2025,Collectivité Territoriale,Commune,"[""Côte-d'Or""]",['Bourgogne-Franche-Comté'],COM,{21},{27}
07fd3c5b-1c1e-454f-baf2-7fabc7e8049a,215105362,Commune de Trécon (51),false,{51578},Commune,2026-03-24 14:42:01.954481+01,gold_establishments_2025,,,,21510536200028,2025,Collectivité Territoriale,Commune,['Marne'],['Grand Est'],COM,{51},{44}
856b13a2-2996-4ea2-a7c1-2f23007bc7f1,212203467,Commune de Trédaniel (22),false,{22346},Commune,2026-03-24 14:41:55.958138+01,gold_establishments_2025,,,,21220346700015,2025,Collectivité Territoriale,Commune,"[""Côtes-d'Armor""]",['Bretagne'],COM,{22},{53}
e7197003-df4b-4384-9281-219154835698,212203475,Commune de Trédarzec (22),false,{22347},Commune,2026-03-24 14:41:55.958138+01,gold_establishments_2025,,,,21220347500018,2025,Collectivité Territoriale,Commune,"[""Côtes-d'Armor""]",['Bretagne'],COM,{22},{53}
fd0437c0-13dc-4e41-98ef-a3eafbb787da,212203483,Commune de Trédias (22),false,{22348},Commune,2026-03-24 14:41:55.958138+01,gold_establishments_2025,,,,21220348300012,2025,Collectivité Territoriale,Commune,"[""Côtes-d'Armor""]",['Bretagne'],COM,{22},{53}
b7b4b5e9-686d-4940-b1cc-91e6f0596698,215602541,Commune de Trédion (56),false,{56254},Commune,2026-03-24 14:42:03.701372+01,gold_establishments_2025,,,,21560254100124,2025,Collectivité Territoriale,Commune,['Morbihan'],['Bretagne'],COM,{56},{53}
273962fc-20d4-4a86-b16f-8174bc88a345,212203491,Commune de Trédrez-Locquémeau (22),false,{22349},Commune,2026-03-24 14:41:55.958138+01,gold_establishments_2025,,,,21220349100015,2025,Collectivité Territoriale,Commune,"[""Côtes-d'Armor""]",['Bretagne'],COM,{22},{53}
b8157688-a4a6-4f67-8ff9-f7999b00e7ee,212203509,Commune de Tréduder (22),false,{22350},Commune,2026-03-24 14:41:55.958138+01,gold_establishments_2025,,,,21220350900014,2025,Collectivité Territoriale,Commune,"[""Côtes-d'Armor""]",['Bretagne'],COM,{22},{53}
09d8a6e8-0aa6-449e-aaeb-d168cc71c80b,212902852,Commune de Tréflaouénan (29),false,{29285},Commune,2026-03-24 14:41:57.56054+01,gold_establishments_2025,,,,21290285200012,2025,Collectivité Territoriale,Commune,['Finistère'],['Bretagne'],COM,{29},{53}
810fec6c-004a-4ce9-9d08-6e8c9b40d203,212902878,Commune de Tréflez (29),false,{29287},Commune,2026-03-24 14:41:57.56054+01,gold_establishments_2025,,,,21290287800017,2025,Collectivité Territoriale,Commune,['Finistère'],['Bretagne'],COM,{29},{53}
676a53fe-adaf-440b-9ef7-a12a241ebe14,212902860,Commune de Tréflévénez (29),false,{29286},Commune,2026-03-24 14:41:57.56054+01,gold_establishments_2025,,,,21290286000015,2025,Collectivité Territoriale,Commune,['Finistère'],['Bretagne'],COM,{29},{53}
c3f8c2ae-7bf3-47ce-a223-a8e171bbe1c1,215105370,Commune de Tréfols (51),false,{51579},Commune,2026-03-24 14:42:01.954481+01,gold_establishments_2025,,,,21510537000013,2025,Collectivité Territoriale,Commune,['Marne'],['Grand Est'],COM,{51},{44}
e32b3910-f03b-410e-9047-f3a53966f076,212203525,Commune de Tréfumel (22),false,{22352},Commune,2026-03-24 14:41:55.958138+01,gold_establishments_2025,,,,21220352500010,2025,Collectivité Territoriale,Commune,"[""Côtes-d'Armor""]",['Bretagne'],COM,{22},{53}
f5749af9-51a5-40ed-a03c-95ea7a96f5b3,212902886,Commune de Trégarantec (29),false,{29288},Commune,2026-03-24 14:41:57.56054+01,gold_establishments_2025,,,,21290288600010,2025,Collectivité Territoriale,Commune,['Finistère'],['Bretagne'],COM,{29},{53}
b6c17f76-78d6-4f79-b1e0-d11167b2f10c,212902894,Commune de Trégarvan (29),false,{29289},Commune,2026-03-24 14:41:57.56054+01,gold_establishments_2025,,,,21290289400014,2025,Collectivité Territoriale,Commune,['Finistère'],['Bretagne'],COM,{29},{53}
35c44cc1-f475-4ccc-87ac-8c88aadf4afd,212203533,Commune de Trégastel (22),false,{22353},Commune,2026-03-24 14:41:55.958138+01,gold_establishments_2025,,,,21220353300154,2025,Collectivité Territoriale,Commune,"[""Côtes-d'Armor""]",['Bretagne'],COM,{22},{53}
cc53f3ef-340d-450e-a275-2549d712354e,212203541,Commune de Tréglamus (22),false,{22354},Commune,2026-03-24 14:41:55.958138+01,gold_establishments_2025,,,,21220354100017,2025,Collectivité Territoriale,Commune,"[""Côtes-d'Armor""]",['Bretagne'],COM,{22},{53}
cdc1fb09-2c84-488d-bef5-377eacf5a684,212902902,Commune de Tréglonou (29),false,{29290},Commune,2026-03-24 14:41:57.56054+01,gold_establishments_2025,,,,21290290200015,2025,Collectivité Territoriale,Commune,['Finistère'],['Bretagne'],COM,{29},{53}
921ef898-b6cf-4de6-8e6b-39beaa7ce425,212203566,Commune de Trégomeur (22),false,{22356},Commune,2026-03-24 14:41:55.958138+01,gold_establishments_2025,,,,21220356600014,2025,Collectivité Territoriale,Commune,"[""Côtes-d'Armor""]",['Bretagne'],COM,{22},{53}
00497a55-4a41-41dc-9b32-5eccd8d212c3,212203582,Commune de Trégonneau (22),false,{22358},Commune,2026-03-24 14:41:55.958138+01,gold_establishments_2025,,,,21220358200011,2025,Collectivité Territoriale,Commune,"[""Côtes-d'Armor""]",['Bretagne'],COM,{22},{53}
ee866a25-01b1-4138-80c6-5de28b620b82,212902910,Commune de Trégourez (29),false,{29291},Commune,2026-03-24 14:41:57.56054+01,gold_establishments_2025,,,,21290291000018,2025,Collectivité Territoriale,Commune,['Finistère'],['Bretagne'],COM,{29},{53}
e1db458f-ffa8-428d-8391-4bf79c1b2b7f,212203590,Commune de Trégrom (22),false,{22359},Commune,2026-03-24 14:41:55.958138+01,gold_establishments_2025,,,,21220359000014,2025,Collectivité Territoriale,Commune,"[""Côtes-d'Armor""]",['Bretagne'],COM,{22},{53}
43b2f24e-3ae8-4e59-9441-011417200da5,212902928,Commune de Tréguennec (29),false,{29292},Commune,2026-03-24 14:41:57.56054+01,gold_establishments_2025,,,,21290292800010,2025,Collectivité Territoriale,Commune,['Finistère'],['Bretagne'],COM,{29},{53}
5657bdb1-7ab0-4a1c-a4a0-54b4a4ea0205,212203608,Commune de Trégueux (22),false,{22360},Commune,2026-03-24 14:41:55.958138+01,gold_establishments_2025,,,,21220360800014,2025,Collectivité Territoriale,Commune,"[""Côtes-d'Armor""]",['Bretagne'],COM,{22},{53}
cbcb3375-c833-4338-91d3-9dde230271e2,212203616,Commune de Tréguidel (22),false,{22361},Commune,2026-03-24 14:41:55.958138+01,gold_establishments_2025,,,,21220361600017,2025,Collectivité Territoriale,Commune,"[""Côtes-d'Armor""]",['Bretagne'],COM,{22},{53}
bbf79f0f-29ab-4f1b-a11d-7112d1c4ec7d,212203624,Commune de Tréguier (22),false,{22362},Commune,2026-03-24 14:41:55.958138+01,gold_establishments_2025,,,,21220362400011,2025,Collectivité Territoriale,Commune,"[""Côtes-d'Armor""]",['Bretagne'],COM,{22},{53}
b36f731c-7ea9-49ba-870f-68449acf6444,212902936,Commune de Trégunc (29),false,{29293},Commune,2026-03-24 14:41:57.56054+01,gold_establishments_2025,,,,21290293600013,2025,Collectivité Territoriale,Commune,['Finistère'],['Bretagne'],COM,{29},{53}
c2920ce0-8df2-4948-880a-5c6ec0e536bd,215602566,Commune de Tréhorenteuc (56),false,{56256},Commune,2026-03-24 14:42:03.701372+01,gold_establishments_2025,,,,21560256600014,2025,Collectivité Territoriale,Commune,['Morbihan'],['Bretagne'],COM,{56},{53}
500ac2d3-6c89-42c4-a399-a77321289119,218201838,Commune de Tréjouls (82),false,{82183},Commune,2026-03-24 14:42:10.508772+01,gold_establishments_2025,,,,21820183800016,2025,Collectivité Territoriale,Commune,['Tarn-et-Garonne'],['Occitanie'],COM,{82},{76}
ffc20e88-6886-4ed0-ba9e-930e2e427297,214801920,Commune de Trélans (48),false,{48192},Commune,2026-03-24 14:42:01.412377+01,gold_establishments_2025,,,,21480192000015,2025,Collectivité Territoriale,Commune,['Lozère'],['Occitanie'],COM,{48},{76}
949efd38-8514-4875-ac65-88f497030bca,214903536,Commune de Trélazé (49),false,{49353},Commune,2026-03-24 14:42:01.412377+01,gold_establishments_2025,,,,21490353600016,2025,Collectivité Territoriale,Commune,['Maine-et-Loire'],['Pays de la Loire'],COM,{49},{52}
098ff026-8b56-48ba-af1a-ac77607d8ed7,212405575,Commune de Trélissac (24),false,{24557},Commune,2026-03-24 14:41:55.958138+01,gold_establishments_2025,,,,21240557500011,2025,Collectivité Territoriale,Commune,['Dordogne'],['Nouvelle-Aquitaine'],COM,{24},{75}
d012136a-b86c-4f56-8b2d-bfe72b35ff64,212203640,Commune de Trélivan (22),false,{22364},Commune,2026-03-24 14:41:55.958138+01,gold_establishments_2025,,,,21220364000017,2025,Collectivité Territoriale,Commune,"[""Côtes-d'Armor""]",['Bretagne'],COM,{22},{53}
596ee223-ff28-4dec-8884-6d4e7b1d7f35,215906017,Commune de Trélon (59),false,{59601},Commune,2026-03-24 14:42:04.814328+01,gold_establishments_2025,,,,21590601700011,2025,Collectivité Territoriale,Commune,['Nord'],['Hauts-de-France'],COM,{59},{32}
525b9aa9-4335-4ef3-a552-443da55f0bdd,210207213,Commune de Trélou-sur-Marne (02),false,{02748},Commune,2026-03-24 14:41:52.020251+01,gold_establishments_2025,,,,21020721300013,2025,Collectivité Territoriale,Commune,['Aisne'],['Hauts-de-France'],COM,{02},{32}
e454ee66-87fb-479d-b065-9588b4a13357,212203632,Commune de Trélévern (22),false,{22363},Commune,2026-03-24 14:41:55.958138+01,gold_establishments_2025,,,,21220363200014,2025,Collectivité Territoriale,Commune,"[""Côtes-d'Armor""]",['Bretagne'],COM,{22},{53}
2a530893-9ce9-48fd-937e-34668386bc4c,212902951,Commune de Trémaouézan (29),false,{29295},Commune,2026-03-24 14:41:57.56054+01,gold_establishments_2025,,,,21290295100012,2025,Collectivité Territoriale,Commune,['Finistère'],['Bretagne'],COM,{29},{53}
2028f5d7-2d21-41b3-9e45-07caaaac9a8c,212203657,Commune de Trémargat (22),false,{22365},Commune,2026-03-24 14:41:55.958138+01,gold_establishments_2025,,,,21220365700011,2025,Collectivité Territoriale,Commune,"[""Côtes-d'Armor""]",['Bretagne'],COM,{22},{53}
c06458da-ef63-4e19-8c71-f6041fef2f07,217607100,Commune de Trémauville (76),false,{76710},Commune,2026-03-24 14:42:08.818969+01,gold_establishments_2025,,,,21760710000013,2025,Collectivité Territoriale,Commune,['Seine-Maritime'],['Normandie'],COM,{76},{28}
3b28568b-ccec-4e05-b09f-ac750e8d0aff,213503428,Commune de Trémeheuc (35),false,{35342},Commune,2026-03-24 14:41:59.160244+01,gold_establishments_2025,,,,21350342800012,2025,Collectivité Territoriale,Commune,['Ille-et-Vilaine'],['Bretagne'],COM,{35},{53}
71d0ed4f-5d67-4a85-805c-0579f3935232,212203665,Commune de Trémel (22),false,{22366},Commune,2026-03-24 14:41:55.958138+01,gold_establishments_2025,,,,21220366500048,2025,Collectivité Territoriale,Commune,"[""Côtes-d'Armor""]",['Bretagne'],COM,{22},{53}
ff303ed9-344d-45b6-84c9-3d4a17186495,214903551,Commune de Trémentines (49),false,{49355},Commune,2026-03-24 14:42:01.412377+01,gold_establishments_2025,,,,21490355100015,2025,Collectivité Territoriale,Commune,['Maine-et-Loire'],['Pays de la Loire'],COM,{49},{52}
b1fd4b17-3455-4bb8-b18a-4e49a45cc0fc,215706771,Commune de Trémery (57),false,{57677},Commune,2026-03-24 14:42:04.280096+01,gold_establishments_2025,,,,21570677100015,2025,Collectivité Territoriale,Commune,['Moselle'],['Grand Est'],COM,{57},{44}
45154e7e-f74b-4781-a063-2b6849acb08e,212203699,Commune de Trémeur (22),false,{22369},Commune,2026-03-24 14:41:55.958138+01,gold_establishments_2025,,,,21220369900013,2025,Collectivité Territoriale,Commune,"[""Côtes-d'Armor""]",['Bretagne'],COM,{22},{53}
aaa52352-d7db-4f15-987c-0163ce91809f,215202581,Commune de Trémilly (52),false,{52495},Commune,2026-03-24 14:42:01.954481+01,gold_establishments_2025,,,,21520258100017,2025,Collectivité Territoriale,Commune,['Haute-Marne'],['Grand Est'],COM,{52},{44}
47f0fcbb-636d-465e-8d19-8d9d67d4a971,213805146,Commune de Tréminis (38),false,{38514},Commune,2026-03-24 14:41:59.705606+01,gold_establishments_2025,,,,21380514600015,2025,Collectivité Territoriale,Commune,['Isère'],['Auvergne-Rhône-Alpes'],COM,{38},{84}
80f051de-c459-4937-985e-dd630b8ba0d9,217005065,Commune de Trémoins (70),false,{70506},Commune,2026-03-24 14:42:07.735343+01,gold_establishments_2025,,,,21700506500016,2025,Collectivité Territoriale,Commune,['Haute-Saône'],['Bourgogne-Franche-Comté'],COM,{70},{27}
175134a9-7ea8-4505-aaac-92370e5b18fa,212405583,Commune de Trémolat (24),false,{24558},Commune,2026-03-24 14:41:55.958138+01,gold_establishments_2025,,,,21240558300015,2025,Collectivité Territoriale,Commune,['Dordogne'],['Nouvelle-Aquitaine'],COM,{24},{75}
789bd135-0a20-4cfa-812a-aa89add45d75,214703142,Commune de Trémons (47),false,{47314},Commune,2026-03-24 14:42:01.412377+01,gold_establishments_2025,,,,21470314200015,2025,Collectivité Territoriale,Commune,['Lot-et-Garonne'],['Nouvelle-Aquitaine'],COM,{47},{75}
1074b5a4-005a-417d-8f00-2e88157a1c3c,216104927,Commune de Trémont (61),false,{61492},Commune,2026-03-24 14:42:05.597325+01,gold_establishments_2025,,,,21610492700019,2025,Collectivité Territoriale,Commune,['Orne'],['Normandie'],COM,{61},{28}
cdf616e7-58a8-4b42-bd25-0a280fd97d8b,215505140,Commune de Trémont-sur-Saulx (55),false,{55514},Commune,2026-03-24 14:42:03.701372+01,gold_establishments_2025,,,,21550514000016,2025,Collectivité Territoriale,Commune,['Meuse'],['Grand Est'],COM,{55},{44}
57f0aa4d-65b3-44dd-84a7-c84d554262f8,218804797,Commune de Trémonzey (88),false,{88479},Commune,2026-03-24 14:42:11.118516+01,gold_establishments_2025,,,,21880479700015,2025,Collectivité Territoriale,Commune,['Vosges'],['Grand Est'],COM,{88},{44}
d67cc176-bdbd-43c4-aafc-4ff8ce95cd10,212203715,Commune de Trémorel (22),false,{22371},Commune,2026-03-24 14:41:55.958138+01,gold_establishments_2025,,,,21220371500017,2025,Collectivité Territoriale,Commune,"[""Côtes-d'Armor""]",['Bretagne'],COM,{22},{53}
88f05c48-a245-4498-a887-f601d216f1ff,211502406,Commune de Trémouille (15),false,{15240},Commune,2026-03-24 14:41:54.362296+01,gold_establishments_2025,,,,21150240600013,2025,Collectivité Territoriale,Commune,['Cantal'],['Auvergne-Rhône-Alpes'],COM,{15},{84}
ecd603c6-137a-4cf2-81ee-b8a77322010a,216304378,Commune de Trémouille-Saint-Loup (63),false,{63437},Commune,2026-03-24 14:42:06.130387+01,gold_establishments_2025,,,,21630437800013,2025,Collectivité Territoriale,Commune,['Puy-de-Dôme'],['Auvergne-Rhône-Alpes'],COM,{63},{84}
bf20afbe-dbcf-4526-ac7f-a680ca90c2d2,211202833,Commune de Trémouilles (12),false,{12283},Commune,2026-03-24 14:41:53.63825+01,gold_establishments_2025,,,,21120283300011,2025,Collectivité Territoriale,Commune,['Aveyron'],['Occitanie'],COM,{12},{76}
32fbaffe-9372-48eb-85b2-658845605fcf,210903159,Commune de Trémoulet (09),false,{09315},Commune,2026-03-24 14:41:53.095366+01,gold_establishments_2025,,,,21090315900015,2025,Collectivité Territoriale,Commune,['Ariège'],['Occitanie'],COM,{09},{76}
8de4e321-92d2-4a32-9a38-06cf07680ca3,212203723,Commune de Trémuson (22),false,{22372},Commune,2026-03-24 14:41:55.958138+01,gold_establishments_2025,,,,21220372300011,2025,Collectivité Territoriale,Commune,"[""Côtes-d'Armor""]",['Bretagne'],COM,{22},{53}
bf571c3f-d37d-4423-9a2d-45edbb585528,212902969,Commune de Tréméoc (29),false,{29296},Commune,2026-03-24 14:41:57.56054+01,gold_establishments_2025,,,,21290296900014,2025,Collectivité Territoriale,Commune,['Finistère'],['Bretagne'],COM,{29},{53}
ea5b4bdc-b72c-4d8c-8c4b-49eaf30d8f7c,212203681,Commune de Tréméreuc (22),false,{22368},Commune,2026-03-24 14:41:55.958138+01,gold_establishments_2025,,,,21220368100011,2025,Collectivité Territoriale,Commune,"[""Côtes-d'Armor""]",['Bretagne'],COM,{22},{53}
bae9c1ce-a058-4edc-8ce3-4e39b23de40e,212203707,Commune de Tréméven (22),false,{22370},Commune,2026-03-24 14:41:55.958138+01,gold_establishments_2025,,,,21220370700014,2025,Collectivité Territoriale,Commune,"[""Côtes-d'Armor""]",['Bretagne'],COM,{22},{53}
1582569f-6826-410b-b340-1c791b7ad36a,212902977,Commune de Tréméven (29),false,{29297},Commune,2026-03-24 14:41:57.56054+01,gold_establishments_2025,,,,21290297700017,2025,Collectivité Territoriale,Commune,['Finistère'],['Bretagne'],COM,{29},{53}
0b51ff7d-ac5d-47d4-865c-f9c4e07e0847,212203731,Commune de Tréogan (22),false,{22373},Commune,2026-03-24 14:41:55.958138+01,gold_establishments_2025,,,,21220373100014,2025,Collectivité Territoriale,Commune,"[""Côtes-d'Armor""]",['Bretagne'],COM,{22},{53}
fb67af96-f244-4ebb-837c-679c5c242524,212902985,Commune de Tréogat (29),false,{29298},Commune,2026-03-24 14:41:57.56054+01,gold_establishments_2025,,,,21290298500010,2025,Collectivité Territoriale,Commune,['Finistère'],['Bretagne'],COM,{29},{53}
6af656ca-1a22-4766-a9cd-ad7f22193766,212803944,Commune de Tréon (28),false,{28394},Commune,2026-03-24 14:41:57.028721+01,gold_establishments_2025,,,,21280394400017,2025,Collectivité Territoriale,Commune,['Eure-et-Loir'],['Centre-Val de Loire'],COM,{28},{24}
93f07c2a-8dc2-4a4a-a6c3-5c54b74e17b9,212902993,Commune de Tréouergat (29),false,{29299},Commune,2026-03-24 14:41:57.56054+01,gold_establishments_2025,,,,21290299300014,2025,Collectivité Territoriale,Commune,['Finistère'],['Bretagne'],COM,{29},{53}
120739bd-f21f-4fee-9b6d-106cb20e44eb,215105388,Commune de Trépail (51),false,{51580},Commune,2026-03-24 14:42:01.954481+01,gold_establishments_2025,,,,21510538800015,2025,Collectivité Territoriale,Commune,['Marne'],['Grand Est'],COM,{51},{44}
09de3415-dcee-4728-bbc5-9ef242aa5102,212505697,Commune de Trépot (25),false,{25569},Commune,2026-03-24 14:41:56.495197+01,gold_establishments_2025,,,,21250569700012,2025,Collectivité Territoriale,Commune,['Doubs'],['Bourgogne-Franche-Comté'],COM,{25},{27}
caa3d6f1-b56b-462f-9a1b-2ffe77154c43,211407101,Commune de Tréprel (14),false,{14710},Commune,2026-03-24 14:41:54.362296+01,gold_establishments_2025,,,,21140710100016,2025,Collectivité Territoriale,Commune,['Calvados'],['Normandie'],COM,{14},{28}
d001fb94-02c3-49b8-806d-5f7767535ced,215505157,Commune de Trésauvaux (55),false,{55515},Commune,2026-03-24 14:42:03.701372+01,gold_establishments_2025,,,,21550515700010,2025,Collectivité Territoriale,Commune,['Meuse'],['Grand Est'],COM,{55},{44}
4422afde-9d24-4c19-8865-3e84ff083f5c,217005073,Commune de Trésilley (70),false,{70507},Commune,2026-03-24 14:42:07.735343+01,gold_establishments_2025,,,,21700507300010,2025,Collectivité Territoriale,Commune,['Haute-Saône'],['Bourgogne-Franche-Comté'],COM,{70},{27}
d47256b3-2bc5-4e59-b1c2-16d610192a0f,219000973,Commune de Trévenans (90),false,{90097},Commune,2026-03-24 14:42:11.659493+01,gold_establishments_2025,,,,21900097300012,2025,Collectivité Territoriale,Commune,['Territoire de Belfort'],['Bourgogne-Franche-Comté'],COM,{90},{27}
55b3e3a6-af16-428a-8897-c6c983d8d584,212203772,Commune de Tréveneuc (22),false,{22377},Commune,2026-03-24 14:41:55.958138+01,gold_establishments_2025,,,,21220377200018,2025,Collectivité Territoriale,Commune,"[""Côtes-d'Armor""]",['Bretagne'],COM,{22},{53}
1174296a-60fa-462f-b8eb-cbaf2ef76585,215505165,Commune de Tréveray (55),false,{55516},Commune,2026-03-24 14:42:03.701372+01,gold_establishments_2025,,,,21550516500013,2025,Collectivité Territoriale,Commune,['Meuse'],['Grand Est'],COM,{55},{44}
9e942571-915a-4dae-89fb-220be9731e66,218103042,Commune de Trévien (81),false,{81304},Commune,2026-03-24 14:42:09.967209+01,gold_establishments_2025,,,,21810304200014,2025,Collectivité Territoriale,Commune,['Tarn'],['Occitanie'],COM,{81},{76}
4c76ec65-aa9e-440f-b1e6-77b180730d0a,217303015,Commune de Trévignin (73),false,{73301},Commune,2026-03-24 14:42:08.279287+01,gold_establishments_2025,,,,21730301500010,2025,Collectivité Territoriale,Commune,['Savoie'],['Auvergne-Rhône-Alpes'],COM,{73},{84}
1789082e-aee9-460e-a684-ec16c0dffce7,216602151,Commune de Trévillach (66),false,{66215},Commune,2026-03-24 14:42:06.665412+01,gold_establishments_2025,,,,21660215100013,2025,Collectivité Territoriale,Commune,['Pyrénées-Orientales'],['Occitanie'],COM,{66},{76}
d4e56f59-9781-4d0d-8e07-7329f98c234b,211103999,Commune de Tréville (11),false,{11399},Commune,2026-03-24 14:41:53.63825+01,gold_establishments_2025,,,,21110399900010,2025,Collectivité Territoriale,Commune,['Aude'],['Occitanie'],COM,{11},{76}
118e6c09-486b-4dff-bdd2-2d15008398af,212505713,Commune de Trévillers (25),false,{25571},Commune,2026-03-24 14:41:56.495197+01,gold_establishments_2025,,,,21250571300017,2025,Collectivité Territoriale,Commune,['Doubs'],['Bourgogne-Franche-Comté'],COM,{25},{27}
1b513fa6-7d50-4e8d-90b5-37b7d4735d95,211407119,Commune de Trévières (14),false,{14711},Commune,2026-03-24 14:41:54.362296+01,gold_establishments_2025,,,,21140711900018,2025,Collectivité Territoriale,Commune,['Calvados'],['Normandie'],COM,{14},{28}
e13cc329-2d97-4d3b-a7b0-7cd8ab649461,210302907,Commune de Trévol (03),false,{03290},Commune,2026-03-24 14:41:52.020251+01,gold_establishments_2025,,,,21030290700014,2025,Collectivité Territoriale,Commune,['Allier'],['Auvergne-Rhône-Alpes'],COM,{03},{84}
9ea8f38f-d85a-4429-8e72-fad804d8decf,212203798,Commune de Trévou-Tréguignec (22),false,{22379},Commune,2026-03-24 14:41:55.958138+01,gold_establishments_2025,,,,21220379800013,2025,Collectivité Territoriale,Commune,"[""Côtes-d'Armor""]",['Bretagne'],COM,{22},{53}
6b288c0b-de9e-4d44-a13c-ed60ac9f779c,210104279,Commune de Trévoux (01),false,{01427},Commune,2026-03-24 14:41:51.447482+01,gold_establishments_2025,,,,21010427900018,2025,Collectivité Territoriale,Commune,['Ain'],['Auvergne-Rhône-Alpes'],COM,{01},{84}
8119af0f-0446-4832-aeaf-fa2446bb4496,212203806,Commune de Trévron (22),false,{22380},Commune,2026-03-24 14:41:55.958138+01,gold_establishments_2025,,,,21220380600014,2025,Collectivité Territoriale,Commune,"[""Côtes-d'Armor""]",['Bretagne'],COM,{22},{53}
43e63576-79bb-4bc5-a3a2-db2f3daf5501,212203764,Commune de Trévé (22),false,{22376},Commune,2026-03-24 14:41:55.958138+01,gold_establishments_2025,,,,21220376400015,2025,Collectivité Territoriale,Commune,"[""Côtes-d'Armor""]",['Bretagne'],COM,{22},{53}
0778d4b4-b4b9-4d15-ba79-82534deb7053,212203780,Commune de Trévérec (22),false,{22378},Commune,2026-03-24 14:41:55.958138+01,gold_establishments_2025,,,,21220378000011,2025,Collectivité Territoriale,Commune,"[""Côtes-d'Armor""]",['Bretagne'],COM,{22},{53}
10e18c19-487c-4a1e-8b8f-078e4165aa73,213503451,Commune de Trévérien (35),false,{35345},Commune,2026-03-24 14:41:59.160244+01,gold_establishments_2025,,,,21350345100014,2025,Collectivité Territoriale,Commune,['Ille-et-Vilaine'],['Bretagne'],COM,{35},{53}
799652e4-eb42-4310-bf4c-9db0736a00a8,210302915,Commune de Trézelles (03),false,{03291},Commune,2026-03-24 14:41:52.020251+01,gold_establishments_2025,,,,21030291500017,2025,Collectivité Territoriale,Commune,['Allier'],['Auvergne-Rhône-Alpes'],COM,{03},{84}
b2e11bef-1cc5-4c10-96bf-e784b34f054e,211104005,Commune de Tréziers (11),false,{11400},Commune,2026-03-24 14:41:53.63825+01,gold_establishments_2025,,,,21110400500015,2025,Collectivité Territoriale,Commune,['Aude'],['Occitanie'],COM,{11},{76}
ffacd405-4338-4d06-a910-585d637966ef,212903017,Commune de Trézilidé (29),false,{29301},Commune,2026-03-24 14:41:57.56054+01,gold_establishments_2025,,,,21290301700011,2025,Collectivité Territoriale,Commune,['Finistère'],['Bretagne'],COM,{29},{53}
31cf577c-ebfb-40bf-bb80-3aaddb6c39c8,216304386,Commune de Trézioux (63),false,{63438},Commune,2026-03-24 14:42:06.130387+01,gold_establishments_2025,,,,21630438600032,2025,Collectivité Territoriale,Commune,['Puy-de-Dôme'],['Auvergne-Rhône-Alpes'],COM,{63},{84}
330c3b36-4b3a-464a-942c-917d784edaef,212203814,Commune de Trézény (22),false,{22381},Commune,2026-03-24 14:41:55.958138+01,gold_establishments_2025,,,,21220381400018,2025,Collectivité Territoriale,Commune,"[""Côtes-d'Armor""]",['Bretagne'],COM,{22},{53}
dbcd2431-c471-4f14-a7ee-8286bcbc6e71,200008886,Commune de Tsingoni (976),false,{97617},Commune,2026-03-24 14:42:11.659493+01,gold_establishments_2025,,,,20000888600018,2025,Collectivité Territoriale,Commune,['Mayotte'],['Mayotte'],COM,{976},{06}
3b682273-924d-4c55-9e25-66887ba83a65,216208322,Commune de Tubersent (62),false,{62832},Commune,2026-03-24 14:42:06.130387+01,gold_establishments_2025,,,,21620832200018,2025,Collectivité Territoriale,Commune,['Pas-de-Calais'],['Hauts-de-France'],COM,{62},{32}
be6fc73f-ef40-46a6-abee-6ee8a092ad89,211104013,Commune de Tuchan (11),false,{11401},Commune,2026-03-24 14:41:53.63825+01,gold_establishments_2025,,,,21110401300019,2025,Collectivité Territoriale,Commune,['Aude'],['Occitanie'],COM,{11},{76}
02b57d61-e4b0-4522-b303-ebcdfd6da6fa,215405366,Commune de Tucquegnieux (54),false,{54536},Commune,2026-03-24 14:42:02.957225+01,gold_establishments_2025,,,,21540536600018,2025,Collectivité Territoriale,Commune,['Meurthe-et-Moselle'],['Grand Est'],COM,{54},{44}
6fbb968e-34aa-4a76-9473-23c62fdfb556,211927108,Commune de Tudeils (19),false,{19271},Commune,2026-03-24 14:41:55.433389+01,gold_establishments_2025,,,,21192710800012,2025,Collectivité Territoriale,Commune,['Corrèze'],['Nouvelle-Aquitaine'],COM,{19},{75}
1b19fc39-8336-4f1a-89a4-453b4c880287,213204563,Commune de Tudelle (32),false,{32456},Commune,2026-03-24 14:41:58.09424+01,gold_establishments_2025,,,,21320456300018,2025,Collectivité Territoriale,Commune,['Gers'],['Occitanie'],COM,{32},{76}
59fa4ad1-be46-4de5-ad28-e68113c4f42a,200058949,Commune de Tuffalun (49),false,{49003},Commune,2026-03-24 14:42:01.412377+01,gold_establishments_2025,,,,20005894900013,2025,Collectivité Territoriale,Commune,['Maine-et-Loire'],['Pays de la Loire'],COM,{49},{52}
4357f646-e946-4668-a20f-804539e8fe9c,200054559,Commune de Tuffé Val de la Chéronne (72),false,{72363},Commune,2026-03-24 14:42:08.279287+01,gold_establishments_2025,,,,20005455900014,2025,Collectivité Territoriale,Commune,['Sarthe'],['Pays de la Loire'],COM,{72},{52}
49f0ba2b-21e7-46d4-9545-a8bfbd8266e3,210207254,Commune de Tugny-et-Pont (02),false,{02752},Commune,2026-03-24 14:41:52.020251+01,gold_establishments_2025,,,,21020725400017,2025,Collectivité Territoriale,Commune,['Aisne'],['Hauts-de-France'],COM,{02},{32}
a6a19b5a-490e-4bb5-b883-ea0f6f4f1d12,211704549,Commune de Tugéras-Saint-Maurice (17),false,{17454},Commune,2026-03-24 14:41:54.903238+01,gold_establishments_2025,,,,21170454900032,2025,Collectivité Territoriale,Commune,['Charente-Maritime'],['Nouvelle-Aquitaine'],COM,{17},{75}
368da5e4-e7da-44fa-bd25-5d685d935ba8,212603575,Commune de Tulette (26),false,{26357},Commune,2026-03-24 14:41:56.495197+01,gold_establishments_2025,,,,21260357500011,2025,Collectivité Territoriale,Commune,['Drôme'],['Auvergne-Rhône-Alpes'],COM,{26},{84}
0b48ae98-ab48-4e3e-85dd-6bb4545679e4,211927207,Commune de Tulle (19),false,{19272},Commune,2026-03-24 14:41:55.433389+01,gold_establishments_2025,,,,21192720700012,2025,Collectivité Territoriale,Commune,['Corrèze'],['Nouvelle-Aquitaine'],COM,{19},{75}
c80fffa2-74ff-4db0-920f-3afa971101e0,213805179,Commune de Tullins (38),false,{38517},Commune,2026-03-24 14:41:59.705606+01,gold_establishments_2025,,,,21380517900016,2025,Collectivité Territoriale,Commune,['Isère'],['Auvergne-Rhône-Alpes'],COM,{38},{84}
718c9e89-99c3-4716-aabb-263d374be809,218007219,Commune de Tully (80),false,{80770},Commune,2026-03-24 14:42:09.967209+01,gold_establishments_2025,,,,21800721900015,2025,Collectivité Territoriale,Commune,['Somme'],['Hauts-de-France'],COM,{80},{32}
bac57187-f672-4fda-b15a-e3deafe18028,210207262,Commune de Tupigny (02),false,{02753},Commune,2026-03-24 14:41:52.020251+01,gold_establishments_2025,,,,21020726200010,2025,Collectivité Territoriale,Commune,['Aisne'],['Hauts-de-France'],COM,{02},{32}
9458c4d8-f623-4f61-bc2a-e1029850c632,216902536,Commune de Tupin-et-Semons (69),false,{69253},Commune,2026-03-24 14:42:07.735343+01,gold_establishments_2025,,,,21690253600012,2025,Collectivité Territoriale,Commune,['Rhône'],['Auvergne-Rhône-Alpes'],COM,{69},{84}
d53032a1-6187-4df9-b9d9-e89633e9876f,212106488,Commune de Turcey (21),false,{21648},Commune,2026-03-24 14:41:55.433389+01,gold_establishments_2025,,,,21210648800019,2025,Collectivité Territoriale,Commune,"[""Côte-d'Or""]",['Bourgogne-Franche-Comté'],COM,{21},{27}
d121f541-822a-4a26-a341-2285d3bc7505,216803387,Commune de Turckheim (68),false,{68338},Commune,2026-03-24 14:42:07.195692+01,gold_establishments_2025,,,,21680338700010,2025,Collectivité Territoriale,Commune,['Haut-Rhin'],['Grand Est'],COM,{68},{44}
6c1fc643-8078-4b73-8e72-7f1f7d1ae354,211927306,Commune de Turenne (19),false,{19273},Commune,2026-03-24 14:41:55.433389+01,gold_establishments_2025,,,,21192730600012,2025,Collectivité Territoriale,Commune,['Corrèze'],['Nouvelle-Aquitaine'],COM,{19},{75}
3c35ec79-205b-4be7-ab3c-22e0790ac6a4,211603899,Commune de Turgon (16),false,{16389},Commune,2026-03-24 14:41:54.903238+01,gold_establishments_2025,,,,21160389900017,2025,Collectivité Territoriale,Commune,['Charente'],['Nouvelle-Aquitaine'],COM,{16},{75}
b35709bb-0cb7-4f3c-93ac-c52354a1bab7,211003751,Commune de Turgy (10),false,{10388},Commune,2026-03-24 14:41:53.095366+01,gold_establishments_2025,,,,21100375100016,2025,Collectivité Territoriale,Commune,['Aube'],['Grand Est'],COM,{10},{44}
e3171771-def2-4949-b2be-5e4786d278e0,218904258,Commune de Turny (89),false,{89425},Commune,2026-03-24 14:42:11.659493+01,gold_establishments_2025,,,,21890425800017,2025,Collectivité Territoriale,Commune,['Yonne'],['Bourgogne-Franche-Comté'],COM,{89},{27}
c3ccdc3c-4c42-4074-ac0c-2655c2da7be2,214903585,Commune de Turquant (49),false,{49358},Commune,2026-03-24 14:42:01.412377+01,gold_establishments_2025,,,,21490358500013,2025,Collectivité Territoriale,Commune,['Maine-et-Loire'],['Pays de la Loire'],COM,{49},{52}
cd7d8b3a-07b5-4900-a71f-bc70818aaf3e,215706821,Commune de Turquestein-Blancrupt (57),false,{57682},Commune,2026-03-24 14:42:04.280096+01,gold_establishments_2025,,,,21570682100018,2025,Collectivité Territoriale,Commune,['Moselle'],['Grand Est'],COM,{57},{44}
e6801225-19a4-451b-a9b6-cce1c9214441,215006099,Commune de Turqueville (50),false,{50609},Commune,2026-03-24 14:42:01.412377+01,gold_establishments_2025,,,,21500609900018,2025,Collectivité Territoriale,Commune,['Manche'],['Normandie'],COM,{50},{28}
57d6f2cc-6b01-4e8d-8bc9-19496037d531,217607167,Commune de Turretot (76),false,{76716},Commune,2026-03-24 14:42:08.818969+01,gold_establishments_2025,,,,21760716700012,2025,Collectivité Territoriale,Commune,['Seine-Maritime'],['Normandie'],COM,{76},{28}
6e01c1a0-05f5-4ff6-b8a4-4ea3100a0bb6,210402228,Commune de Turriers (04),false,{04222},Commune,2026-03-24 14:41:52.562531+01,gold_establishments_2025,,,,21040222800014,2025,Collectivité Territoriale,Commune,['Alpes-de-Haute-Provence'],"[""Provence-Alpes-Côte d'Azur""]",COM,{04},{93}
b289c7ab-56dd-4102-aa11-5d6f3d99b5fc,212405591,Commune de Tursac (24),false,{24559},Commune,2026-03-24 14:41:55.958138+01,gold_establishments_2025,,,,21240559100018,2025,Collectivité Territoriale,Commune,['Dordogne'],['Nouvelle-Aquitaine'],COM,{24},{75}
d5cd04c7-f542-4ae1-8bbb-06aa57f4ae10,211603907,Commune de Tusson (16),false,{16390},Commune,2026-03-24 14:41:54.903238+01,gold_establishments_2025,,,,21160390700018,2025,Collectivité Territoriale,Commune,['Charente'],['Nouvelle-Aquitaine'],COM,{16},{75}
00042efd-51f5-45a4-a2a0-ee4d2f8da244,216504555,Commune de Tuzaguet (65),false,{65455},Commune,2026-03-24 14:42:06.665412+01,gold_establishments_2025,,,,21650455500014,2025,Collectivité Territoriale,Commune,['Hautes-Pyrénées'],['Occitanie'],COM,{65},{76}
c678d7fd-054c-4481-b41e-389db5fb0f59,218102945,Commune de Técou (81),false,{81294},Commune,2026-03-24 14:42:09.967209+01,gold_establishments_2025,,,,21810294500019,2025,Collectivité Territoriale,Commune,['Tarn'],['Occitanie'],COM,{81},{76}
cca17e7b-4e4b-49bd-95dd-a99a2d769491,210804027,Commune de Tétaigne (08),false,{08444},Commune,2026-03-24 14:41:53.095366+01,gold_establishments_2025,,,,21080402700014,2025,Collectivité Territoriale,Commune,['Ardennes'],['Grand Est'],COM,{08},{44}
fed3405b-e94a-4ef8-b45b-c46071f3ab63,200057123,Commune de Téteghem-Coudekerque-Village (59),false,{59588},Commune,2026-03-24 14:42:04.814328+01,gold_establishments_2025,,,,20005712300016,2025,Collectivité Territoriale,Commune,['Nord'],['Hauts-de-France'],COM,{59},{32}
7c4129a3-f871-4f0e-bcc8-d946f3c2a851,215706672,Commune de Téterchen (57),false,{57667},Commune,2026-03-24 14:42:04.280096+01,gold_establishments_2025,,,,21570667200031,2025,Collectivité Territoriale,Commune,['Moselle'],['Grand Est'],COM,{57},{44}
6792c80b-2bdf-4620-b59a-6b8b7c9aafaa,214003154,Commune de Téthieu (40),false,{40315},Commune,2026-03-24 14:41:59.705606+01,gold_establishments_2025,,,,21400315400017,2025,Collectivité Territoriale,Commune,['Landes'],['Nouvelle-Aquitaine'],COM,{40},{75}
2724e745-b2c6-4e25-a47d-a5e966b5ba0e,213805005,Commune de Têche (38),false,{38500},Commune,2026-03-24 14:41:59.705606+01,gold_establishments_2025,,,,21380500500013,2025,Collectivité Territoriale,Commune,['Isère'],['Auvergne-Rhône-Alpes'],COM,{38},{84}
b98b93b4-bf9b-43d1-94fb-bf6a89cca6c4,217607001,Commune de Tôtes (76),false,{76700},Commune,2026-03-24 14:42:08.818969+01,gold_establishments_2025,,,,21760700100013,2025,Collectivité Territoriale,Commune,['Seine-Maritime'],['Normandie'],COM,{76},{28}
6f76fca6-fa13-40a9-b88c-10311ad25efb,218007169,Commune de Tœufles (80),false,{80764},Commune,2026-03-24 14:42:09.967209+01,gold_establishments_2025,,,,21800716900012,2025,Collectivité Territoriale,Commune,['Somme'],['Hauts-de-France'],COM,{80},{32}
22bdb2d0-535f-4ee7-a0a7-c6c1f2f4e423,200071959,Commune de Ubaye-Serre-Ponçon (04),false,{04033},Commune,2026-03-24 14:41:52.020251+01,gold_establishments_2025,,,,20007195900015,2025,Collectivité Territoriale,Commune,['Alpes-de-Haute-Provence'],"[""Provence-Alpes-Côte d'Azur""]",COM,{04},{93}
1b4d978d-5ad3-41e6-a462-aa9ec54aeb2e,218804805,Commune de Ubexy (88),false,{88480},Commune,2026-03-24 14:42:11.118516+01,gold_establishments_2025,,,,21880480500016,2025,Collectivité Territoriale,Commune,['Vosges'],['Grand Est'],COM,{88},{44}
255671eb-4916-4ec9-906f-b988ca8ae660,210402244,Commune de Ubraye (04),false,{04224},Commune,2026-03-24 14:41:52.562531+01,gold_establishments_2025,,,,21040224400011,2025,Collectivité Territoriale,Commune,['Alpes-de-Haute-Provence'],"[""Provence-Alpes-Côte d'Azur""]",COM,{04},{93}
c514a8d0-25ca-482a-b091-013678286897,212003305,Commune de Ucciani (2A),false,{2A330},Commune,2026-03-24 14:41:57.56054+01,gold_establishments_2025,,,,21200330500019,2025,Collectivité Territoriale,Commune,['Corse-du-Sud'],['Corse'],COM,{2A},{94}
50ca9af5-d021-4dc2-86f7-48ebbc274dd2,210703252,Commune de Ucel (07),false,{07325},Commune,2026-03-24 14:41:52.562531+01,gold_establishments_2025,,,,21070325200069,2025,Collectivité Territoriale,Commune,['Ardèche'],['Auvergne-Rhône-Alpes'],COM,{07},{84}
253a9c10-ca26-4643-bea4-0e045e20db86,214003204,Commune de Uchacq-et-Parentis (40),false,{40320},Commune,2026-03-24 14:41:59.705606+01,gold_establishments_2025,,,,21400320400010,2025,Collectivité Territoriale,Commune,['Landes'],['Nouvelle-Aquitaine'],COM,{40},{75}
5342603a-d0f7-4f74-bfc7-8a153a6bd59d,213003338,Commune de Uchaud (30),false,{30333},Commune,2026-03-24 14:41:57.56054+01,gold_establishments_2025,,,,21300333800018,2025,Collectivité Territoriale,Commune,['Gard'],['Occitanie'],COM,{30},{76}
f48c5aee-18eb-4990-80c7-68f063318acc,218401354,Commune de Uchaux (84),false,{84135},Commune,2026-03-24 14:42:10.508772+01,gold_establishments_2025,,,,21840135400012,2025,Collectivité Territoriale,Commune,['Vaucluse'],"[""Provence-Alpes-Côte d'Azur""]",COM,{84},{93}
13636ddb-b01b-4805-bc3a-29d308ded66f,217105501,Commune de Uchizy (71),false,{71550},Commune,2026-03-24 14:42:08.279287+01,gold_establishments_2025,,,,21710550100019,2025,Collectivité Territoriale,Commune,['Saône-et-Loire'],['Bourgogne-Franche-Comté'],COM,{71},{27}
3a700b0f-71cb-4e42-98d0-d4591c218923,217105519,Commune de Uchon (71),false,{71551},Commune,2026-03-24 14:42:08.279287+01,gold_establishments_2025,,,,21710551900011,2025,Collectivité Territoriale,Commune,['Saône-et-Loire'],['Bourgogne-Franche-Comté'],COM,{71},{27}
54b580fd-dc10-4e26-b4ca-923ea6aa4cab,215706839,Commune de Uckange (57),false,{57683},Commune,2026-03-24 14:42:04.280096+01,gold_establishments_2025,,,,21570683900010,2025,Collectivité Territoriale,Commune,['Moselle'],['Grand Est'],COM,{57},{44}
026d4d03-847e-4ad6-b323-4c2736342b80,216803403,Commune de Ueberstrass (68),false,{68340},Commune,2026-03-24 14:42:07.195692+01,gold_establishments_2025,,,,21680340300015,2025,Collectivité Territoriale,Commune,['Haut-Rhin'],['Grand Est'],COM,{68},{44}
e9499c8c-d06c-4164-8c50-2a29e938de7a,216803411,Commune de Uffheim (68),false,{68341},Commune,2026-03-24 14:42:07.195692+01,gold_establishments_2025,,,,21680341100018,2025,Collectivité Territoriale,Commune,['Haut-Rhin'],['Grand Est'],COM,{68},{44}
ed3a9c86-b548-40c6-8cd1-843b724750e3,216803429,Commune de Uffholtz (68),false,{68342},Commune,2026-03-24 14:42:07.195692+01,gold_establishments_2025,,,,21680342900010,2025,Collectivité Territoriale,Commune,['Haut-Rhin'],['Grand Est'],COM,{68},{44}
4042cf21-a886-4c2c-8954-a8b81f48ab80,217303031,Commune de Ugine (73),false,{73303},Commune,2026-03-24 14:42:08.279287+01,gold_establishments_2025,,,,21730303100017,2025,Collectivité Territoriale,Commune,['Savoie'],['Auvergne-Rhône-Alpes'],COM,{73},{84}
d6de12da-bd28-4823-a3cf-2dc5ea63ff0c,216504563,Commune de Uglas (65),false,{65456},Commune,2026-03-24 14:42:06.665412+01,gold_establishments_2025,,,,21650456300018,2025,Collectivité Territoriale,Commune,['Hautes-Pyrénées'],['Occitanie'],COM,{65},{76}
02eea628-b5e4-423c-a184-7b5c19b45d5e,216504571,Commune de Ugnouas (65),false,{65457},Commune,2026-03-24 14:42:06.665412+01,gold_establishments_2025,,,,21650457100011,2025,Collectivité Territoriale,Commune,['Hautes-Pyrénées'],['Occitanie'],COM,{65},{76}
f722abec-daf2-492b-bfbf-f47c04fa74ca,215405374,Commune de Ugny (54),false,{54537},Commune,2026-03-24 14:42:02.957225+01,gold_establishments_2025,,,,21540537400012,2025,Collectivité Territoriale,Commune,['Meurthe-et-Moselle'],['Grand Est'],COM,{54},{44}
718c1a00-7618-47ef-acb3-34ea58cbc5c6,218007227,Commune de Ugny-l'Équipée (80),false,{80771},Commune,2026-03-24 14:42:09.967209+01,gold_establishments_2025,,,,21800722700018,2025,Collectivité Territoriale,Commune,['Somme'],['Hauts-de-France'],COM,{80},{32}
3e4b7f9e-4b1d-4c73-b168-7eac5680adc2,210207270,Commune de Ugny-le-Gay (02),false,{02754},Commune,2026-03-24 14:41:52.020251+01,gold_establishments_2025,,,,21020727000013,2025,Collectivité Territoriale,Commune,['Aisne'],['Hauts-de-France'],COM,{02},{32}
6e74c4c4-f55c-4388-92ec-0c0e533aecf5,215505223,Commune de Ugny-sur-Meuse (55),false,{55522},Commune,2026-03-24 14:42:03.701372+01,gold_establishments_2025,,,,21550522300010,2025,Collectivité Territoriale,Commune,['Meuse'],['Grand Est'],COM,{55},{44}
d523eb3f-f49e-47cf-bdfb-46d4f8c176e8,216405381,Commune de Uhart-Cize (64),false,{64538},Commune,2026-03-24 14:42:06.665412+01,gold_establishments_2025,,,,21640538100015,2025,Collectivité Territoriale,Commune,['Pyrénées-Atlantiques'],['Nouvelle-Aquitaine'],COM,{64},{75}
fc816c52-2789-4a6d-82bc-67f498ee32da,216405399,Commune de Uhart-Mixe (64),false,{64539},Commune,2026-03-24 14:42:06.665412+01,gold_establishments_2025,,,,21640539900017,2025,Collectivité Territoriale,Commune,['Pyrénées-Atlantiques'],['Nouvelle-Aquitaine'],COM,{64},{75}
69e7650b-6c43-4d8c-8d69-d61132b4fc96,216704973,Commune de Uhlwiller (67),false,{67497},Commune,2026-03-24 14:42:07.195692+01,gold_establishments_2025,,,,21670497300017,2025,Collectivité Territoriale,Commune,['Bas-Rhin'],['Grand Est'],COM,{67},{44}
814ab704-15f9-4d60-ba01-395dd1c16fa6,216704981,Commune de Uhrwiller (67),false,{67498},Commune,2026-03-24 14:42:07.195692+01,gold_establishments_2025,,,,21670498100010,2025,Collectivité Territoriale,Commune,['Bas-Rhin'],['Grand Est'],COM,{67},{44}
46dbd37d-436e-4291-b6cf-313941a9bef0,216006429,Commune de Ully-Saint-Georges (60),false,{60651},Commune,2026-03-24 14:42:04.814328+01,gold_establishments_2025,,,,21600642900015,2025,Collectivité Territoriale,Commune,['Oise'],['Hauts-de-France'],COM,{60},{32}
6452e3e5-42ef-4458-88cc-b5ea84ecf6a8,212803977,Commune de Umpeau (28),false,{28397},Commune,2026-03-24 14:41:57.028721+01,gold_establishments_2025,,,,21280397700017,2025,Collectivité Territoriale,Commune,['Eure-et-Loir'],['Centre-Val de Loire'],COM,{28},{24}
49e30f62-fc93-4405-b1b2-0f51d5e6f1bf,210903183,Commune de Unac (09),false,{09318},Commune,2026-03-24 14:41:53.095366+01,gold_establishments_2025,,,,21090318300015,2025,Collectivité Territoriale,Commune,['Ariège'],['Occitanie'],COM,{09},{76}
ebe64a2d-e866-4722-a680-2f010cba45cd,212106496,Commune de Uncey-le-Franc (21),false,{21649},Commune,2026-03-24 14:41:55.433389+01,gold_establishments_2025,,,,21210649600012,2025,Collectivité Territoriale,Commune,"[""Côte-d'Or""]",['Bourgogne-Franche-Comté'],COM,{21},{27}
da25febb-cf3e-451f-81ae-6614786f87fd,215105446,Commune de Unchair (51),false,{51586},Commune,2026-03-24 14:42:01.954481+01,gold_establishments_2025,,,,21510544600011,2025,Collectivité Territoriale,Commune,['Marne'],['Grand Est'],COM,{51},{44}
063cbb68-f4e0-41e0-b0fc-a98d8f3d3962,216803437,Commune de Ungersheim (68),false,{68343},Commune,2026-03-24 14:42:07.195692+01,gold_establishments_2025,,,,21680343700013,2025,Collectivité Territoriale,Commune,['Haut-Rhin'],['Grand Est'],COM,{68},{44}
34a9bf27-2176-4fa5-851a-745063ae9a47,214203150,Commune de Unias (42),false,{42315},Commune,2026-03-24 14:42:00.273698+01,gold_establishments_2025,,,,21420315000013,2025,Collectivité Territoriale,Commune,['Loire'],['Auvergne-Rhône-Alpes'],COM,{42},{84}
4aef0d6c-1171-4240-bc9a-a086c7ede23a,211003769,Commune de Unienville (10),false,{10389},Commune,2026-03-24 14:41:53.095366+01,gold_establishments_2025,,,,21100376900018,2025,Collectivité Territoriale,Commune,['Aube'],['Grand Est'],COM,{10},{44}
ee646183-9f64-4177-978f-6a83a4e0fd2e,214203168,Commune de Unieux (42),false,{42316},Commune,2026-03-24 14:42:00.273698+01,gold_establishments_2025,,,,21420316800015,2025,Collectivité Territoriale,Commune,['Loire'],['Auvergne-Rhône-Alpes'],COM,{42},{84}
e389ef0b-a1ce-4191-8848-2725dd512809,212803985,Commune de Unverre (28),false,{28398},Commune,2026-03-24 14:41:57.028721+01,gold_establishments_2025,,,,21280398500010,2025,Collectivité Territoriale,Commune,['Eure-et-Loir'],['Centre-Val de Loire'],COM,{28},{24}
f1bf4063-29b7-41a7-a2f8-7cf1694547b7,210903191,Commune de Unzent (09),false,{09319},Commune,2026-03-24 14:41:53.095366+01,gold_establishments_2025,,,,21090319100018,2025,Collectivité Territoriale,Commune,['Ariège'],['Occitanie'],COM,{09},{76}
ca276add-9460-463a-9d0d-2e1c62803f2a,210501730,Commune de Upaix (05),false,{05173},Commune,2026-03-24 14:41:52.562531+01,gold_establishments_2025,,,,21050173000019,2025,Collectivité Territoriale,Commune,['Hautes-Alpes'],"[""Provence-Alpes-Côte d'Azur""]",COM,{05},{93}
5a49445d-5178-4eef-8feb-37546f3ed1c3,212603583,Commune de Upie (26),false,{26358},Commune,2026-03-24 14:41:56.495197+01,gold_establishments_2025,,,,21260358300015,2025,Collectivité Territoriale,Commune,['Drôme'],['Auvergne-Rhône-Alpes'],COM,{26},{84}
c037ba3b-cebc-4e21-a363-e3c1ccf74098,216602185,Commune de Ur (66),false,{66218},Commune,2026-03-24 14:42:06.665412+01,gold_establishments_2025,,,,21660218500011,2025,Collectivité Territoriale,Commune,['Pyrénées-Orientales'],['Occitanie'],COM,{66},{76}
d6a507c9-f7ff-4fd9-8f53-6ebad2b40161,213105620,Commune de Urau (31),false,{31562},Commune,2026-03-24 14:41:58.09424+01,gold_establishments_2025,,,,21310562000016,2025,Collectivité Territoriale,Commune,['Haute-Garonne'],['Occitanie'],COM,{31},{76}
0c0043cd-a652-48ff-9ad6-f3240989bddc,212003313,Commune de Urbalacone (2A),false,{2A331},Commune,2026-03-24 14:41:57.56054+01,gold_establishments_2025,,,,21200331300013,2025,Collectivité Territoriale,Commune,['Corse-du-Sud'],['Corse'],COM,{2A},{94}
d6502002-a6a3-4b47-9441-d4d6354b44cb,216602193,Commune de Urbanya (66),false,{66219},Commune,2026-03-24 14:42:06.665412+01,gold_establishments_2025,,,,21660219300015,2025,Collectivité Territoriale,Commune,['Pyrénées-Orientales'],['Occitanie'],COM,{66},{76}
1e8dcec8-3b07-4310-86e9-e9e2ac70dbb8,216704999,Commune de Urbeis (67),false,{67499},Commune,2026-03-24 14:42:07.195692+01,gold_establishments_2025,,,,21670499900012,2025,Collectivité Territoriale,Commune,['Bas-Rhin'],['Grand Est'],COM,{67},{44}
c5c4137a-8e6a-47f6-b539-7ae5b961d3cf,214203176,Commune de Urbise (42),false,{42317},Commune,2026-03-24 14:42:00.273698+01,gold_establishments_2025,,,,21420317600018,2025,Collectivité Territoriale,Commune,['Loire'],['Auvergne-Rhône-Alpes'],COM,{42},{84}
7d6da881-3298-4f9a-9b6f-bc6ba332cf5d,216803445,Commune de Urbès (68),false,{68344},Commune,2026-03-24 14:42:07.195692+01,gold_establishments_2025,,,,21680344500016,2025,Collectivité Territoriale,Commune,['Haut-Rhin'],['Grand Est'],COM,{68},{44}
d563e4de-b03e-43ed-a687-ec082bfc6cc6,210207288,Commune de Urcel (02),false,{02755},Commune,2026-03-24 14:41:52.020251+01,gold_establishments_2025,,,,21020728800015,2025,Collectivité Territoriale,Commune,['Aisne'],['Hauts-de-France'],COM,{02},{32}
8fc3671d-8dea-41e9-932c-13bcb940be5d,219000981,Commune de Urcerey (90),false,{90098},Commune,2026-03-24 14:42:11.659493+01,gold_establishments_2025,,,,21900098100015,2025,Collectivité Territoriale,Commune,['Territoire de Belfort'],['Bourgogne-Franche-Comté'],COM,{90},{27}
40262af2-654a-4da6-9a0f-2278d95c4916,213602279,Commune de Urciers (36),false,{36227},Commune,2026-03-24 14:41:59.160244+01,gold_establishments_2025,,,,21360227900019,2025,Collectivité Territoriale,Commune,['Indre'],['Centre-Val de Loire'],COM,{36},{24}
77965431-14ad-4b50-9a2d-bdbdb710645b,216405407,Commune de Urcuit (64),false,{64540},Commune,2026-03-24 14:42:06.665412+01,gold_establishments_2025,,,,21640540700018,2025,Collectivité Territoriale,Commune,['Pyrénées-Atlantiques'],['Nouvelle-Aquitaine'],COM,{64},{75}
f3879510-642d-4338-a83a-ea174a5b5e35,212106504,Commune de Urcy (21),false,{21650},Commune,2026-03-24 14:41:55.433389+01,gold_establishments_2025,,,,21210650400013,2025,Collectivité Territoriale,Commune,"[""Côte-d'Or""]",['Bourgogne-Franche-Comté'],COM,{21},{27}
e17ce295-5ad2-4a95-b640-6717553dce2e,213204571,Commune de Urdens (32),false,{32457},Commune,2026-03-24 14:41:58.09424+01,gold_establishments_2025,,,,21320457100011,2025,Collectivité Territoriale,Commune,['Gers'],['Occitanie'],COM,{32},{76}
f398261b-0b83-4e2c-8b37-27fa57ff5747,216405423,Commune de Urdos (64),false,{64542},Commune,2026-03-24 14:42:06.665412+01,gold_establishments_2025,,,,21640542300015,2025,Collectivité Territoriale,Commune,['Pyrénées-Atlantiques'],['Nouvelle-Aquitaine'],COM,{64},{75}
9de8f76e-d5ef-46ba-91c4-a3b92b1ba9e9,216405431,Commune de Urepel (64),false,{64543},Commune,2026-03-24 14:42:06.665412+01,gold_establishments_2025,,,,21640543100018,2025,Collectivité Territoriale,Commune,['Pyrénées-Atlantiques'],['Nouvelle-Aquitaine'],COM,{64},{75}
b55d5879-a298-4939-93cb-e43813c67667,214003212,Commune de Urgons (40),false,{40321},Commune,2026-03-24 14:41:59.705606+01,gold_establishments_2025,,,,21400321200013,2025,Collectivité Territoriale,Commune,['Landes'],['Nouvelle-Aquitaine'],COM,{40},{75}
afe7ca69-8a05-4639-b478-475337174445,213204589,Commune de Urgosse (32),false,{32458},Commune,2026-03-24 14:41:58.09424+01,gold_establishments_2025,,,,21320458900013,2025,Collectivité Territoriale,Commune,['Gers'],['Occitanie'],COM,{32},{76}
38f192b7-eae8-4994-a4cf-405c86ee3ea3,218804813,Commune de Uriménil (88),false,{88481},Commune,2026-03-24 14:42:11.118516+01,gold_establishments_2025,,,,21880481300010,2025,Collectivité Territoriale,Commune,['Vosges'],['Grand Est'],COM,{88},{44}
8aabd99b-f16c-4f52-a82c-85be80f61b7e,216705004,Commune de Urmatt (67),false,{67500},Commune,2026-03-24 14:42:07.195692+01,gold_establishments_2025,,,,21670500400093,2025,Collectivité Territoriale,Commune,['Bas-Rhin'],['Grand Est'],COM,{67},{44}
98026bb4-9dce-4bff-9c14-dee433760e41,216405449,Commune de Urost (64),false,{64544},Commune,2026-03-24 14:42:06.665412+01,gold_establishments_2025,,,,21640544900010,2025,Collectivité Territoriale,Commune,['Pyrénées-Atlantiques'],['Nouvelle-Aquitaine'],COM,{64},{75}
db694eee-2961-4b03-8f73-a62f8d9e93da,216405456,Commune de Urrugne (64),false,{64545},Commune,2026-03-24 14:42:06.665412+01,gold_establishments_2025,,,,21640545600015,2025,Collectivité Territoriale,Commune,['Pyrénées-Atlantiques'],['Nouvelle-Aquitaine'],COM,{64},{75}
f5d00beb-bb1f-42b6-bbac-6e286f2f7d6a,210903209,Commune de Urs (09),false,{09320},Commune,2026-03-24 14:41:53.095366+01,gold_establishments_2025,,,,21090320900018,2025,Collectivité Territoriale,Commune,['Ariège'],['Occitanie'],COM,{09},{76}
99987ef5-6399-4c7d-959d-059234961304,216803452,Commune de Urschenheim (68),false,{68345},Commune,2026-03-24 14:42:07.195692+01,gold_establishments_2025,,,,21680345200053,2025,Collectivité Territoriale,Commune,['Haut-Rhin'],['Grand Est'],COM,{68},{44}
6aa7e57f-3b89-43ff-b3fa-e1701be9697a,216405464,Commune de Urt (64),false,{64546},Commune,2026-03-24 14:42:06.665412+01,gold_establishments_2025,,,,21640546400019,2025,Collectivité Territoriale,Commune,['Pyrénées-Atlantiques'],['Nouvelle-Aquitaine'],COM,{64},{75}
32fbaf73-b5f9-46dc-baaf-5f398a03f09a,212003321,Commune de Urtaca (2B),false,{2B332},Commune,2026-03-24 14:41:57.56054+01,gold_establishments_2025,,,,21200332100016,2025,Collectivité Territoriale,Commune,['Haute-Corse'],['Corse'],COM,{2B},{94}
7fa83204-d42a-41ce-897e-e396523bc7da,212505739,Commune de Urtière (25),false,{25573},Commune,2026-03-24 14:41:56.495197+01,gold_establishments_2025,,,,21250573900012,2025,Collectivité Territoriale,Commune,['Doubs'],['Bourgogne-Franche-Comté'],COM,{25},{27}
dccac99f-888a-46ca-91f4-bf22d8c2ea94,215405382,Commune de Uruffe (54),false,{54538},Commune,2026-03-24 14:42:02.957225+01,gold_establishments_2025,,,,21540538200015,2025,Collectivité Territoriale,Commune,['Meurthe-et-Moselle'],['Grand Est'],COM,{54},{44}
5d0de05e-cecc-45bf-a96e-91157cd71c8d,212406037,Commune de Urval (24),false,{24560},Commune,2026-03-24 14:41:55.958138+01,gold_establishments_2025,,,,21240603700011,2025,Collectivité Territoriale,Commune,['Dordogne'],['Nouvelle-Aquitaine'],COM,{24},{75}
b31bf000-29ce-43c7-9e28-81574afa483a,211003777,Commune de Urville (10),false,{10390},Commune,2026-03-24 14:41:53.095366+01,gold_establishments_2025,,,,21100377700011,2025,Collectivité Territoriale,Commune,['Aube'],['Grand Est'],COM,{10},{44}
68fb0afb-6a3c-4fb9-9cbf-bbec308d438c,211407192,Commune de Urville (14),false,{14719},Commune,2026-03-24 14:41:54.362296+01,gold_establishments_2025,,,,21140719200015,2025,Collectivité Territoriale,Commune,['Calvados'],['Normandie'],COM,{14},{28}
d9e1d6df-ef60-4eb6-adc7-59fadf5a31c7,215006107,Commune de Urville (50),false,{50610},Commune,2026-03-24 14:42:01.412377+01,gold_establishments_2025,,,,21500610700019,2025,Collectivité Territoriale,Commune,['Manche'],['Normandie'],COM,{50},{28}
1d8134de-0d55-4978-8eff-631fb5b815f6,218804821,Commune de Urville (88),false,{88482},Commune,2026-03-24 14:42:11.118516+01,gold_establishments_2025,,,,21880482100013,2025,Collectivité Territoriale,Commune,['Vosges'],['Grand Est'],COM,{88},{44}
5f1f429c-b989-4152-9621-577cb3206395,210207296,Commune de Urvillers (02),false,{02756},Commune,2026-03-24 14:41:52.020251+01,gold_establishments_2025,,,,21020729600018,2025,Collectivité Territoriale,Commune,['Aisne'],['Hauts-de-France'],COM,{02},{32}
600504bf-9737-4977-9b0c-2eac8e3ffec3,217704774,Commune de Ury (77),false,{77477},Commune,2026-03-24 14:42:09.43682+01,gold_establishments_2025,,,,21770477400058,2025,Collectivité Territoriale,Commune,['Seine-et-Marne'],['Île-de-France'],COM,{77},{11}
5e690c15-40db-4478-a24b-d377e0c7ca68,215803008,Commune de Urzy (58),false,{58300},Commune,2026-03-24 14:42:04.280096+01,gold_establishments_2025,,,,21580300800014,2025,Collectivité Territoriale,Commune,['Nièvre'],['Bourgogne-Franche-Comté'],COM,{58},{27}
97fe8982-9437-4ba2-a8be-60718f88129c,210302931,Commune de Urçay (03),false,{03293},Commune,2026-03-24 14:41:52.020251+01,gold_establishments_2025,,,,21030293100014,2025,Collectivité Territoriale,Commune,['Allier'],['Auvergne-Rhône-Alpes'],COM,{03},{84}
17788668-11c6-4d3e-9f4c-858ca5bd42c2,219506250,Commune de Us (95),false,{95625},Commune,2026-03-24 14:42:11.659493+01,gold_establishments_2025,,,,21950625000014,2025,Collectivité Territoriale,Commune,"[""Val-d'Oise""]",['Île-de-France'],COM,{95},{11}
c030248c-f7c8-4bcf-aef9-f1ad173b2f88,210703260,Commune de Usclades-et-Rieutord (07),false,{07326},Commune,2026-03-24 14:41:52.562531+01,gold_establishments_2025,,,,21070326000013,2025,Collectivité Territoriale,Commune,['Ardèche'],['Auvergne-Rhône-Alpes'],COM,{07},{84}
b7338d2b-39b3-4b75-b098-4ad7ff377170,213403157,Commune de Usclas-d'Hérault (34),false,{34315},Commune,2026-03-24 14:41:58.620411+01,gold_establishments_2025,,,,21340315700018,2025,Collectivité Territoriale,Commune,['Hérault'],['Occitanie'],COM,{34},{76}
b2ed2946-564b-4d07-bed3-c7fab7cfec1d,213403165,Commune de Usclas-du-Bosc (34),false,{34316},Commune,2026-03-24 14:41:58.620411+01,gold_establishments_2025,,,,21340316500011,2025,Collectivité Territoriale,Commune,['Hérault'],['Occitanie'],COM,{34},{76}
bf47dd06-bb01-4d25-befa-ec9babce5506,217402858,Commune de Usinens (74),false,{74285},Commune,2026-03-24 14:42:08.818969+01,gold_establishments_2025,,,,21740285800013,2025,Collectivité Territoriale,Commune,['Haute-Savoie'],['Auvergne-Rhône-Alpes'],COM,{74},{84}
4a315a2b-dc26-4132-92e4-9fda6d063e65,211927405,Commune de Ussac (19),false,{19274},Commune,2026-03-24 14:41:55.433389+01,gold_establishments_2025,,,,21192740500012,2025,Collectivité Territoriale,Commune,['Corrèze'],['Nouvelle-Aquitaine'],COM,{19},{75}
80248341-05c4-4139-836a-5ffa3c70eb7a,210903217,Commune de Ussat (09),false,{09321},Commune,2026-03-24 14:41:53.095366+01,gold_establishments_2025,,,,21090321700011,2025,Collectivité Territoriale,Commune,['Ariège'],['Occitanie'],COM,{09},{76}
dc01724c-23cc-484d-b078-a8673b883bb6,218602753,Commune de Usseau (86),false,{86275},Commune,2026-03-24 14:42:11.118516+01,gold_establishments_2025,,,,21860275300012,2025,Collectivité Territoriale,Commune,['Vienne'],['Nouvelle-Aquitaine'],COM,{86},{75}
1e567dcc-0378-4074-a795-d98d9c499c2e,211502448,Commune de Ussel (15),false,{15244},Commune,2026-03-24 14:41:54.362296+01,gold_establishments_2025,,,,21150244800015,2025,Collectivité Territoriale,Commune,['Cantal'],['Auvergne-Rhône-Alpes'],COM,{15},{84}
e3d3b236-a462-4f42-b665-2f6d6fef9973,211927504,Commune de Ussel (19),false,{19275},Commune,2026-03-24 14:41:55.433389+01,gold_establishments_2025,,,,21192750400012,2025,Collectivité Territoriale,Commune,['Corrèze'],['Nouvelle-Aquitaine'],COM,{19},{75}
46d2778b-9ec9-45c4-8a48-5a423b5e1d36,214603235,Commune de Ussel (46),false,{46323},Commune,2026-03-24 14:42:00.862623+01,gold_establishments_2025,,,,21460323500018,2025,Collectivité Territoriale,Commune,['Lot'],['Occitanie'],COM,{46},{76}
df9a2da8-2754-42a9-861b-a6f011a5d20a,210302949,Commune de Ussel-d'Allier (03),false,{03294},Commune,2026-03-24 14:41:52.020251+01,gold_establishments_2025,,,,21030294900016,2025,Collectivité Territoriale,Commune,['Allier'],['Auvergne-Rhône-Alpes'],COM,{03},{84}
375969d9-7132-4789-a81c-edcf3cd75146,216304394,Commune de Usson (63),false,{63439},Commune,2026-03-24 14:42:06.130387+01,gold_establishments_2025,,,,21630439400010,2025,Collectivité Territoriale,Commune,['Puy-de-Dôme'],['Auvergne-Rhône-Alpes'],COM,{63},{84}
65c0b037-8eb9-4fa6-9220-255c4fedbf3b,218602761,Commune de Usson-du-Poitou (86),false,{86276},Commune,2026-03-24 14:42:11.118516+01,gold_establishments_2025,,,,21860276100015,2025,Collectivité Territoriale,Commune,['Vienne'],['Nouvelle-Aquitaine'],COM,{86},{75}
fc94ad7d-7a6a-4d86-8731-b37024d9b006,214203184,Commune de Usson-en-Forez (42),false,{42318},Commune,2026-03-24 14:42:00.273698+01,gold_establishments_2025,,,,21420318400012,2025,Collectivité Territoriale,Commune,['Loire'],['Auvergne-Rhône-Alpes'],COM,{42},{84}
10ece4fe-974f-4d4a-86a5-df91986a8ec1,211407200,Commune de Ussy (14),false,{14720},Commune,2026-03-24 14:41:54.362296+01,gold_establishments_2025,,,,21140720000016,2025,Collectivité Territoriale,Commune,['Calvados'],['Normandie'],COM,{14},{28}
e047db50-4873-47ec-957b-a62483175497,217704782,Commune de Ussy-sur-Marne (77),false,{77478},Commune,2026-03-24 14:42:09.43682+01,gold_establishments_2025,,,,21770478200010,2025,Collectivité Territoriale,Commune,['Seine-et-Marne'],['Île-de-France'],COM,{77},{11}
bb9ab349-2e5d-4d8a-8b7e-c558064a51c8,216405472,Commune de Ustaritz (64),false,{64547},Commune,2026-03-24 14:42:06.665412+01,gold_establishments_2025,,,,21640547200111,2025,Collectivité Territoriale,Commune,['Pyrénées-Atlantiques'],['Nouvelle-Aquitaine'],COM,{64},{75}
43cef289-91b7-49a2-9290-5d7fb5c82613,210903225,Commune de Ustou (09),false,{09322},Commune,2026-03-24 14:41:53.095366+01,gold_establishments_2025,,,,21090322500014,2025,Collectivité Territoriale,Commune,['Ariège'],['Occitanie'],COM,{09},{76}
a596b6ab-da3a-46a0-8238-56c23a771ad3,210601514,Commune de Utelle (06),false,{06151},Commune,2026-03-24 14:41:52.562531+01,gold_establishments_2025,,,,21060151400016,2025,Collectivité Territoriale,Commune,['Alpes-Maritimes'],"[""Provence-Alpes-Côte d'Azur""]",COM,{06},{93}
f6bc190f-088c-4ea5-9f2a-55f7bc0e6ce5,216705012,Commune de Uttenheim (67),false,{67501},Commune,2026-03-24 14:42:07.195692+01,gold_establishments_2025,,,,21670501200013,2025,Collectivité Territoriale,Commune,['Bas-Rhin'],['Grand Est'],COM,{67},{44}
d2085666-286e-44fc-aaf6-9b9df0ff7b22,216705020,Commune de Uttenhoffen (67),false,{67502},Commune,2026-03-24 14:42:07.195692+01,gold_establishments_2025,,,,21670502000016,2025,Collectivité Territoriale,Commune,['Bas-Rhin'],['Grand Est'],COM,{67},{44}
d40f55d6-305d-4e69-89c0-83dd1098fd20,216705038,Commune de Uttwiller (67),false,{67503},Commune,2026-03-24 14:42:07.195692+01,gold_establishments_2025,,,,21670503800018,2025,Collectivité Territoriale,Commune,['Bas-Rhin'],['Grand Est'],COM,{67},{44}
8b2d1de9-5bc3-4534-bd26-d81a68ebcfbb,210402269,Commune de Uvernet-Fours (04),false,{04226},Commune,2026-03-24 14:41:52.562531+01,gold_establishments_2025,,,,21040226900018,2025,Collectivité Territoriale,Commune,['Alpes-de-Haute-Provence'],"[""Provence-Alpes-Côte d'Azur""]",COM,{04},{93}
83ef8fb7-2fff-438c-8c38-67009d08ffe0,217105527,Commune de Uxeau (71),false,{71552},Commune,2026-03-24 14:42:08.279287+01,gold_establishments_2025,,,,21710552700014,2025,Collectivité Territoriale,Commune,['Saône-et-Loire'],['Bourgogne-Franche-Comté'],COM,{71},{27}
1d3c76cd-f1bc-4ee8-88f6-21f078a98633,218804839,Commune de Uxegney (88),false,{88483},Commune,2026-03-24 14:42:11.118516+01,gold_establishments_2025,,,,21880483900015,2025,Collectivité Territoriale,Commune,['Vosges'],['Grand Est'],COM,{88},{44}
e01b6ea0-6a60-40da-8770-865f77cf8653,213905383,Commune de Uxelles (39),false,{39538},Commune,2026-03-24 14:41:59.705606+01,gold_establishments_2025,,,,21390538300013,2025,Collectivité Territoriale,Commune,['Jura'],['Bourgogne-Franche-Comté'],COM,{39},{27}
74ad838e-3d12-4af2-8303-155a8043f01e,215906058,Commune de Uxem (59),false,{59605},Commune,2026-03-24 14:42:04.814328+01,gold_establishments_2025,,,,21590605800015,2025,Collectivité Territoriale,Commune,['Nord'],['Hauts-de-France'],COM,{59},{32}
64521e81-cbce-4040-af9a-e8ce4266a54d,216504589,Commune de Uz (65),false,{65458},Commune,2026-03-24 14:42:06.665412+01,gold_establishments_2025,,,,21650458900013,2025,Collectivité Territoriale,Commune,['Hautes-Pyrénées'],['Occitanie'],COM,{65},{76}
df395008-3def-43e9-add2-f924acaffcb4,214003220,Commune de Uza (40),false,{40322},Commune,2026-03-24 14:41:59.705606+01,gold_establishments_2025,,,,21400322000016,2025,Collectivité Territoriale,Commune,['Landes'],['Nouvelle-Aquitaine'],COM,{40},{75}
49728ecc-c007-4fbf-a6b9-685dbeb2dffc,216405480,Commune de Uzan (64),false,{64548},Commune,2026-03-24 14:42:06.665412+01,gold_establishments_2025,,,,21640548000015,2025,Collectivité Territoriale,Commune,['Pyrénées-Atlantiques'],['Nouvelle-Aquitaine'],COM,{64},{75}
976dadec-be7a-4248-9868-cdc144806a67,211802681,Commune de Uzay-le-Venon (18),false,{18268},Commune,2026-03-24 14:41:54.903238+01,gold_establishments_2025,,,,21180268100018,2025,Collectivité Territoriale,Commune,['Cher'],['Centre-Val de Loire'],COM,{18},{24}
e18e23c2-d3a2-4f17-bf75-42fb3ac1680a,214603243,Commune de Uzech (46),false,{46324},Commune,2026-03-24 14:42:00.862623+01,gold_establishments_2025,,,,21460324300012,2025,Collectivité Territoriale,Commune,['Lot'],['Occitanie'],COM,{46},{76}
818e6d15-6c39-4038-b292-eeb3509307d4,216405498,Commune de Uzein (64),false,{64549},Commune,2026-03-24 14:42:06.665412+01,gold_establishments_2025,,,,21640549800017,2025,Collectivité Territoriale,Commune,['Pyrénées-Atlantiques'],['Nouvelle-Aquitaine'],COM,{64},{75}
0eaa2c6a-a040-4ae6-bdd2-070e87ff3029,212203848,Commune de Uzel (22),false,{22384},Commune,2026-03-24 14:41:55.958138+01,gold_establishments_2025,,,,21220384800016,2025,Collectivité Territoriale,Commune,"[""Côtes-d'Armor""]",['Bretagne'],COM,{22},{53}
ca186ab9-08cd-413a-a4bd-8444a0492d20,212505747,Commune de Uzelle (25),false,{25574},Commune,2026-03-24 14:41:56.495197+01,gold_establishments_2025,,,,21250574700015,2025,Collectivité Territoriale,Commune,['Doubs'],['Bourgogne-Franche-Comté'],COM,{25},{27}
96eb331c-ad9c-4e1b-b8b6-b471e3342905,218804847,Commune de Uzemain (88),false,{88484},Commune,2026-03-24 14:42:11.118516+01,gold_establishments_2025,,,,21880484700018,2025,Collectivité Territoriale,Commune,['Vosges'],['Grand Est'],COM,{88},{44}
cf9063f9-aa36-4085-8520-9d38ba993cb6,210703278,Commune de Uzer (07),false,{07327},Commune,2026-03-24 14:41:52.562531+01,gold_establishments_2025,,,,21070327800015,2025,Collectivité Territoriale,Commune,['Ardèche'],['Auvergne-Rhône-Alpes'],COM,{07},{84}
5059e82f-920c-4f37-9765-0f555c151619,216504597,Commune de Uzer (65),false,{65459},Commune,2026-03-24 14:42:06.665412+01,gold_establishments_2025,,,,21650459700016,2025,Collectivité Territoriale,Commune,['Hautes-Pyrénées'],['Occitanie'],COM,{65},{76}
17c2bb21-39b8-4787-ae6a-3c41c7240bbd,211927603,Commune de Uzerche (19),false,{19276},Commune,2026-03-24 14:41:55.433389+01,gold_establishments_2025,,,,21192760300012,2025,Collectivité Territoriale,Commune,['Corrèze'],['Nouvelle-Aquitaine'],COM,{19},{75}
de69a1e6-8d95-4e26-b2fb-928d4d741a83,213305378,Commune de Uzeste (33),false,{33537},Commune,2026-03-24 14:41:58.620411+01,gold_establishments_2025,,,,21330537800019,2025,Collectivité Territoriale,Commune,['Gironde'],['Nouvelle-Aquitaine'],COM,{33},{75}
69378be2-def9-4c9a-a953-a6c6af743ec4,216405506,Commune de Uzos (64),false,{64550},Commune,2026-03-24 14:42:06.665412+01,gold_establishments_2025,,,,21640550600017,2025,Collectivité Territoriale,Commune,['Pyrénées-Atlantiques'],['Nouvelle-Aquitaine'],COM,{64},{75}
aa3b7620-0168-469b-a075-ff37c74eb6e6,213003346,Commune de Uzès (30),false,{30334},Commune,2026-03-24 14:41:57.56054+01,gold_establishments_2025,,,,21300334600011,2025,Collectivité Territoriale,Commune,['Gard'],['Occitanie'],COM,{30},{76}
67f3a6a9-3166-4680-b4df-f9b2688f9b35,217203645,Commune de Vaas (72),false,{72364},Commune,2026-03-24 14:42:08.279287+01,gold_establishments_2025,,,,21720364500015,2025,Collectivité Territoriale,Commune,['Sarthe'],['Pays de la Loire'],COM,{72},{52}
41842465-aa1a-4324-baa7-1e89c551f0a8,218103059,Commune de Vabre (81),false,{81305},Commune,2026-03-24 14:42:09.967209+01,gold_establishments_2025,,,,21810305900018,2025,Collectivité Territoriale,Commune,['Tarn'],['Occitanie'],COM,{81},{76}
d53ed058-b671-4018-a110-6b1536f006bb,211502455,Commune de Vabres (15),false,{15245},Commune,2026-03-24 14:41:54.362296+01,gold_establishments_2025,,,,21150245500010,2025,Collectivité Territoriale,Commune,['Cantal'],['Auvergne-Rhône-Alpes'],COM,{15},{84}
39c48826-251e-493b-ad98-b2a5b6731ba4,213003353,Commune de Vabres (30),false,{30335},Commune,2026-03-24 14:41:57.56054+01,gold_establishments_2025,,,,21300335300017,2025,Collectivité Territoriale,Commune,['Gard'],['Occitanie'],COM,{30},{76}
00a6cac9-d2cb-4933-a3c3-a19941479e16,211202866,Commune de Vabres-l'Abbaye (12),false,{12286},Commune,2026-03-24 14:41:53.63825+01,gold_establishments_2025,,,,21120286600011,2025,Collectivité Territoriale,Commune,['Aveyron'],['Occitanie'],COM,{12},{76}
ce38a319-4252-4851-82c5-e20b35baa90d,215505231,Commune de Vacherauville (55),false,{55523},Commune,2026-03-24 14:42:03.701372+01,gold_establishments_2025,,,,21550523100013,2025,Collectivité Territoriale,Commune,['Meuse'],['Grand Est'],COM,{55},{44}
8f6bb735-29e9-489e-9353-cd9803764271,217402866,Commune de Vacheresse (74),false,{74286},Commune,2026-03-24 14:42:08.818969+01,gold_establishments_2025,,,,21740286600016,2025,Collectivité Territoriale,Commune,['Haute-Savoie'],['Auvergne-Rhône-Alpes'],COM,{74},{84}
3741744a-a812-40ff-9efa-6cdc7822b26b,210402277,Commune de Vachères (04),false,{04227},Commune,2026-03-24 14:41:52.562531+01,gold_establishments_2025,,,,21040227700011,2025,Collectivité Territoriale,Commune,['Alpes-de-Haute-Provence'],"[""Provence-Alpes-Côte d'Azur""]",COM,{04},{93}
77eac60d-9896-409c-be7a-1853c97a7fb2,212603591,Commune de Vachères-en-Quint (26),false,{26359},Commune,2026-03-24 14:41:56.495197+01,gold_establishments_2025,,,,21260359100018,2025,Collectivité Territoriale,Commune,['Drôme'],['Auvergne-Rhône-Alpes'],COM,{26},{84}
83f2f949-26af-4f05-a4e7-003b65047dec,211407218,Commune de Vacognes-Neuilly (14),false,{14721},Commune,2026-03-24 14:41:54.362296+01,gold_establishments_2025,,,,21140721800018,2025,Collectivité Territoriale,Commune,['Calvados'],['Normandie'],COM,{14},{28}
a2b5ef82-4d35-4477-860f-500581d2b6fa,216208330,Commune de Vacquerie-le-Boucq (62),false,{62833},Commune,2026-03-24 14:42:06.130387+01,gold_establishments_2025,,,,21620833000011,2025,Collectivité Territoriale,Commune,['Pas-de-Calais'],['Hauts-de-France'],COM,{62},{32}
eb1b276d-2d24-4579-a1cd-a23cc9dabd2b,216208348,Commune de Vacqueriette-Erquières (62),false,{62834},Commune,2026-03-24 14:42:06.130387+01,gold_establishments_2025,,,,21620834800013,2025,Collectivité Territoriale,Commune,['Pas-de-Calais'],['Hauts-de-France'],COM,{62},{32}
92f27364-e363-44bf-8269-66c822b58fc0,215405390,Commune de Vacqueville (54),false,{54539},Commune,2026-03-24 14:42:02.957225+01,gold_establishments_2025,,,,21540539000018,2025,Collectivité Territoriale,Commune,['Meurthe-et-Moselle'],['Grand Est'],COM,{54},{44}
3f508f2f-6373-4e5d-bf4b-167caf3466f7,218401362,Commune de Vacqueyras (84),false,{84136},Commune,2026-03-24 14:42:10.508772+01,gold_establishments_2025,,,,21840136200015,2025,Collectivité Territoriale,Commune,['Vaucluse'],"[""Provence-Alpes-Côte d'Azur""]",COM,{84},{93}
52a8bc27-9335-41d6-90e9-b0253a3d88bb,213105638,Commune de Vacquiers (31),false,{31563},Commune,2026-03-24 14:41:58.09424+01,gold_establishments_2025,,,,21310563800018,2025,Collectivité Territoriale,Commune,['Haute-Garonne'],['Occitanie'],COM,{31},{76}
c4a4a7d7-b7ef-4b86-9099-1835a425cf87,213403181,Commune de Vacquières (34),false,{34318},Commune,2026-03-24 14:41:58.620411+01,gold_establishments_2025,,,,21340318100018,2025,Collectivité Territoriale,Commune,['Hérault'],['Occitanie'],COM,{34},{76}
437cfe21-a9f6-45fb-9f55-98f3b7cd7eca,213905391,Commune de Vadans (39),false,{39539},Commune,2026-03-24 14:41:59.705606+01,gold_establishments_2025,,,,21390539100016,2025,Collectivité Territoriale,Commune,['Jura'],['Bourgogne-Franche-Comté'],COM,{39},{27}
61ec37d2-ec27-4c3f-8cc7-a2e525a58fd7,217005107,Commune de Vadans (70),false,{70510},Commune,2026-03-24 14:42:07.735343+01,gold_establishments_2025,,,,21700510700016,2025,Collectivité Territoriale,Commune,['Haute-Saône'],['Bourgogne-Franche-Comté'],COM,{70},{27}
05613f28-4a22-45a2-bb48-8bce29f1ba2b,215505256,Commune de Vadelaincourt (55),false,{55525},Commune,2026-03-24 14:42:03.701372+01,gold_establishments_2025,,,,21550525600010,2025,Collectivité Territoriale,Commune,['Meuse'],['Grand Est'],COM,{55},{44}
07dc6007-d6be-4f28-89af-8d668b91abe8,215105453,Commune de Vadenay (51),false,{51587},Commune,2026-03-24 14:42:01.954481+01,gold_establishments_2025,,,,21510545300017,2025,Collectivité Territoriale,Commune,['Marne'],['Grand Est'],COM,{51},{44}
53a3c64d-48dc-4289-a699-1aef4b51088a,210207304,Commune de Vadencourt (02),false,{02757},Commune,2026-03-24 14:41:52.020251+01,gold_establishments_2025,,,,21020730400010,2025,Collectivité Territoriale,Commune,['Aisne'],['Hauts-de-France'],COM,{02},{32}
aa48dd75-ce0d-42c0-8d08-b9f948d9ca0b,218007243,Commune de Vadencourt (80),false,{80773},Commune,2026-03-24 14:42:09.967209+01,gold_establishments_2025,,,,21800724300015,2025,Collectivité Territoriale,Commune,['Somme'],['Hauts-de-France'],COM,{80},{32}
ed226146-9fd9-4ab0-93b8-e3b2005acfb9,215505264,Commune de Vadonville (55),false,{55526},Commune,2026-03-24 14:42:03.701372+01,gold_establishments_2025,,,,21550526400014,2025,Collectivité Territoriale,Commune,['Meuse'],['Grand Est'],COM,{55},{44}
d224ea18-5a9d-406d-89a9-34f59a5855cc,210703286,Commune de Vagnas (07),false,{07328},Commune,2026-03-24 14:41:52.562531+01,gold_establishments_2025,,,,21070328600018,2025,Collectivité Territoriale,Commune,['Ardèche'],['Auvergne-Rhône-Alpes'],COM,{07},{84}
a33703ce-f96a-4ddb-ab93-9049f9efb4ce,218804862,Commune de Vagney (88),false,{88486},Commune,2026-03-24 14:42:11.118516+01,gold_establishments_2025,,,,21880486200017,2025,Collectivité Territoriale,Commune,['Vosges'],['Grand Est'],COM,{88},{44}
3cd7d5b1-ea5c-43a2-abc8-8a7aa0229d07,215706847,Commune de Vahl-Ebersing (57),false,{57684},Commune,2026-03-24 14:42:04.280096+01,gold_establishments_2025,,,,21570684700013,2025,Collectivité Territoriale,Commune,['Moselle'],['Grand Est'],COM,{57},{44}
ac7939b6-60ee-48a0-987b-9ace666aee6a,215706854,Commune de Vahl-lès-Bénestroff (57),false,{57685},Commune,2026-03-24 14:42:04.280096+01,gold_establishments_2025,,,,21570685400019,2025,Collectivité Territoriale,Commune,['Moselle'],['Grand Est'],COM,{57},{44}
00a9cc8a-d357-4fc2-8cf2-b2c690c5eca1,215706862,Commune de Vahl-lès-Faulquemont (57),false,{57686},Commune,2026-03-24 14:42:04.280096+01,gold_establishments_2025,,,,21570686200012,2025,Collectivité Territoriale,Commune,['Moselle'],['Grand Est'],COM,{57},{44}
17ec2930-6b0f-4c27-89c6-cea7d33c2e14,215302670,Commune de Vaiges (53),false,{53267},Commune,2026-03-24 14:42:02.957225+01,gold_establishments_2025,,,,21530267000017,2025,Collectivité Territoriale,Commune,['Mayenne'],['Pays de la Loire'],COM,{53},{52}
1ea13e89-983f-465c-b58c-64da61eb2199,213403199,Commune de Vailhan (34),false,{34319},Commune,2026-03-24 14:41:58.620411+01,gold_establishments_2025,,,,21340319900010,2025,Collectivité Territoriale,Commune,['Hérault'],['Occitanie'],COM,{34},{76}
860e5425-2d45-4a51-b0f5-c18df062bc0d,213403207,Commune de Vailhauquès (34),false,{34320},Commune,2026-03-24 14:41:58.620411+01,gold_establishments_2025,,,,21340320700011,2025,Collectivité Territoriale,Commune,['Hérault'],['Occitanie'],COM,{34},{76}
80f4cb16-7b77-446b-adff-3cf28032b6b8,211202874,Commune de Vailhourles (12),false,{12287},Commune,2026-03-24 14:41:53.63825+01,gold_establishments_2025,,,,21120287400015,2025,Collectivité Territoriale,Commune,['Aveyron'],['Occitanie'],COM,{12},{76}
61babd25-650a-4b4e-a9ea-7bf0d2e35e48,215203555,Commune de Vaillant (52),false,{52499},Commune,2026-03-24 14:42:01.954481+01,gold_establishments_2025,,,,21520355500010,2025,Collectivité Territoriale,Commune,['Haute-Marne'],['Grand Est'],COM,{52},{44}
6b8845ab-9f0a-47c0-8e0f-4eb6ca839b14,211003785,Commune de Vailly (10),false,{10391},Commune,2026-03-24 14:41:53.095366+01,gold_establishments_2025,,,,21100378500014,2025,Collectivité Territoriale,Commune,['Aube'],['Grand Est'],COM,{10},{44}
d17bb3d3-4b1b-4bc4-9655-65998a458a7f,217402874,Commune de Vailly (74),false,{74287},Commune,2026-03-24 14:42:08.818969+01,gold_establishments_2025,,,,21740287400010,2025,Collectivité Territoriale,Commune,['Haute-Savoie'],['Auvergne-Rhône-Alpes'],COM,{74},{84}
1af15424-0887-42db-9600-df35211e1a97,210207312,Commune de Vailly-sur-Aisne (02),false,{02758},Commune,2026-03-24 14:41:52.020251+01,gold_establishments_2025,,,,21020731200013,2025,Collectivité Territoriale,Commune,['Aisne'],['Hauts-de-France'],COM,{02},{32}
dc5613d9-ff2d-4530-b9b6-91abfdd145dc,211802699,Commune de Vailly-sur-Sauldre (18),false,{18269},Commune,2026-03-24 14:41:54.903238+01,gold_establishments_2025,,,,21180269900010,2025,Collectivité Territoriale,Commune,['Cher'],['Centre-Val de Loire'],COM,{18},{24}
2f8e1a91-3a73-43bf-b1eb-a6e273d684c6,215006123,Commune de Vains (50),false,{50612},Commune,2026-03-24 14:42:01.412377+01,gold_establishments_2025,,,,21500612300016,2025,Collectivité Territoriale,Commune,['Manche'],['Normandie'],COM,{50},{28}
84729dbf-23b7-4b1d-a558-6df98eb8a8e7,200055820,Commune de Vair-sur-Loire (44),false,{44163},Commune,2026-03-24 14:42:00.273698+01,gold_establishments_2025,,,,20005582000019,2025,Collectivité Territoriale,Commune,['Loire-Atlantique'],['Pays de la Loire'],COM,{44},{52}
8652b04d-ec79-4ed4-b1c7-0257a8b89e67,200062438,Commune de Vaire (25),false,{25575},Commune,2026-03-24 14:41:56.495197+01,gold_establishments_2025,,,,20006243800011,2025,Collectivité Territoriale,Commune,['Doubs'],['Bourgogne-Franche-Comté'],COM,{25},{27}
8fed759d-f658-4fde-880c-2bcff8740682,218007250,Commune de Vaire-sous-Corbie (80),false,{80774},Commune,2026-03-24 14:42:09.967209+01,gold_establishments_2025,,,,21800725000010,2025,Collectivité Territoriale,Commune,['Somme'],['Hauts-de-France'],COM,{80},{32}
c79b3b5e-ee4c-4221-b2a3-fd145163dc9b,217704790,Commune de Vaires-sur-Marne (77),false,{77479},Commune,2026-03-24 14:42:09.43682+01,gold_establishments_2025,,,,21770479000013,2025,Collectivité Territoriale,Commune,['Seine-et-Marne'],['Île-de-France'],COM,{77},{11}
c1ba2e94-dd96-4dce-b3de-5bd2aedc40a7,218502987,Commune de Vairé (85),false,{85298},Commune,2026-03-24 14:42:10.508772+01,gold_establishments_2025,,,,21850298700116,2025,Collectivité Territoriale,Commune,['Vendée'],['Pays de la Loire'],COM,{85},{52}
bc604010-1887-4d0a-b4a1-2be55b8ed759,218401370,Commune de Vaison-la-Romaine (84),false,{84137},Commune,2026-03-24 14:42:10.508772+01,gold_establishments_2025,,,,21840137000018,2025,Collectivité Territoriale,Commune,['Vaucluse'],"[""Provence-Alpes-Côte d'Azur""]",COM,{84},{93}
acc301e6-4aef-4070-b424-0d754543ffe5,217005115,Commune de Vaite (70),false,{70511},Commune,2026-03-24 14:42:07.735343+01,gold_establishments_2025,,,,21700511500019,2025,Collectivité Territoriale,Commune,['Haute-Saône'],['Bourgogne-Franche-Comté'],COM,{70},{27}
3953fa34-da63-418d-b514-e18a843e1c47,217005131,Commune de Vaivre-et-Montoille (70),false,{70513},Commune,2026-03-24 14:42:07.735343+01,gold_establishments_2025,,,,21700513100016,2025,Collectivité Territoriale,Commune,['Haute-Saône'],['Bourgogne-Franche-Comté'],COM,{70},{27}
85d86ca3-5814-400e-81f7-e2d56ff34042,200053148,Commune de Val Buëch-Méouge (05),false,{05118},Commune,2026-03-24 14:41:52.562531+01,gold_establishments_2025,,,,20005314800017,2025,Collectivité Territoriale,Commune,['Hautes-Alpes'],"[""Provence-Alpes-Côte d'Azur""]",COM,{05},{93}
298bf813-8cb8-41fb-8265-ceeee2fd51c8,200067734,Commune de Val Suran (39),false,{39485},Commune,2026-03-24 14:41:59.705606+01,gold_establishments_2025,,,,20006773400018,2025,Collectivité Territoriale,Commune,['Jura'],['Bourgogne-Franche-Comté'],COM,{39},{27}
e312c8e7-d298-49d2-8eee-079f29a498ba,200064475,Commune de Val d'Anast (35),false,{35168},Commune,2026-03-24 14:41:58.620411+01,gold_establishments_2025,,,,20006447500011,2025,Collectivité Territoriale,Commune,['Ille-et-Vilaine'],['Bretagne'],COM,{35},{53}
b9bcf559-12ad-473f-bf7c-ef5cdac96de0,200054104,Commune de Val d'Arcomie (15),false,{15108},Commune,2026-03-24 14:41:54.362296+01,gold_establishments_2025,,,,20005410400019,2025,Collectivité Territoriale,Commune,['Cantal'],['Auvergne-Rhône-Alpes'],COM,{15},{84}
83d78c6f-52aa-4a87-b6b6-603064e1735e,200064954,Commune de Val d'Arry (14),false,{14475},Commune,2026-03-24 14:41:54.362296+01,gold_establishments_2025,,,,20006495400015,2025,Collectivité Territoriale,Commune,['Calvados'],['Normandie'],COM,{14},{28}
77519b57-14f3-4b21-b787-10ef4a164f26,200066207,Commune de Val d'Erdre-Auxence (49),false,{49183},Commune,2026-03-24 14:42:01.412377+01,gold_establishments_2025,,,,20006620700016,2025,Collectivité Territoriale,Commune,['Maine-et-Loire'],['Pays de la Loire'],COM,{49},{52}
e8be10cc-8396-4071-835e-8f942812233f,200054195,Commune de Val d'Issoire (87),false,{87097},Commune,2026-03-24 14:42:11.118516+01,gold_establishments_2025,,,,20005419500017,2025,Collectivité Territoriale,Commune,['Haute-Vienne'],['Nouvelle-Aquitaine'],COM,{87},{75}
1cb57cec-21e5-4a36-a5dd-10b36516dd29,200065274,Commune de Val d'Oingt (69),false,{69024},Commune,2026-03-24 14:42:07.195692+01,gold_establishments_2025,,,,20006527400017,2025,Collectivité Territoriale,Commune,['Rhône'],['Auvergne-Rhône-Alpes'],COM,{69},{84}
f9815d4c-19a8-4079-9c22-9ffdcb79a3a2,200063865,Commune de Val d'Orger (27),false,{27294},Commune,2026-03-24 14:41:57.028721+01,gold_establishments_2025,,,,20006386500014,2025,Collectivité Territoriale,Commune,['Eure'],['Normandie'],COM,{27},{28}
36affcfc-5cbd-434c-b9dd-fe4977338807,200058618,Commune de Val d'Oronaye (04),false,{04120},Commune,2026-03-24 14:41:52.562531+01,gold_establishments_2025,,,,20005861800014,2025,Collectivité Territoriale,Commune,['Alpes-de-Haute-Provence'],"[""Provence-Alpes-Côte d'Azur""]",COM,{04},{93}
cb46de7e-e6c8-4476-b9ef-2c197a931936,200059830,Commune de Val d'Oust (56),false,{56197},Commune,2026-03-24 14:42:03.701372+01,gold_establishments_2025,,,,20005983000014,2025,Collectivité Territoriale,Commune,['Morbihan'],['Bretagne'],COM,{56},{53}
8e00e5b2-3a76-45ba-a9ca-fae1ecb16c9f,200063345,Commune de Val de Briey (54),false,{54099},Commune,2026-03-24 14:42:02.957225+01,gold_establishments_2025,,,,20006334500017,2025,Collectivité Territoriale,Commune,['Meurthe-et-Moselle'],['Grand Est'],COM,{54},{44}
6182f311-d9f9-4c59-8d76-9541f361a6f0,200055382,Commune de Val de Chaise (74),false,{74167},Commune,2026-03-24 14:42:08.818969+01,gold_establishments_2025,,,,20005538200010,2025,Collectivité Territoriale,Commune,['Haute-Savoie'],['Auvergne-Rhône-Alpes'],COM,{74},{84}
4c130cbc-ff6c-495c-9dcd-4ba8c0569e48,200066439,Commune de Val de Drôme (14),false,{14672},Commune,2026-03-24 14:41:54.362296+01,gold_establishments_2025,,,,20006643900015,2025,Collectivité Territoriale,Commune,['Calvados'],['Normandie'],COM,{14},{28}
daf89f30-427c-4b62-b57f-bc804f6caa52,200055598,Commune de Val de Lambronne (11),false,{11080},Commune,2026-03-24 14:41:53.63825+01,gold_establishments_2025,,,,20005559800011,2025,Collectivité Territoriale,Commune,['Aude'],['Occitanie'],COM,{11},{76}
e728ff59-1c80-4d07-b8e8-4ad315f86185,200055739,Commune de Val de Livre (51),false,{51564},Commune,2026-03-24 14:42:01.954481+01,gold_establishments_2025,,,,20005573900011,2025,Collectivité Territoriale,Commune,['Marne'],['Grand Est'],COM,{51},{44}
5682607f-83c6-4797-8666-2cedd11f2cf9,200065332,Commune de Val de Louyre et Caudeau (24),false,{24362},Commune,2026-03-24 14:41:55.958138+01,gold_establishments_2025,,,,20006533200013,2025,Collectivité Territoriale,Commune,['Dordogne'],['Nouvelle-Aquitaine'],COM,{24},{75}
99506955-c409-4e4f-9ccb-56222969bf93,200058071,Commune de Val de Virvée (33),false,{33018},Commune,2026-03-24 14:41:58.09424+01,gold_establishments_2025,,,,20005807100016,2025,Collectivité Territoriale,Commune,['Gironde'],['Nouvelle-Aquitaine'],COM,{33},{75}
c72c5882-e184-4ba1-bfab-1453e50849bb,200054187,Commune de Val des Vignes (16),false,{16175},Commune,2026-03-24 14:41:54.362296+01,gold_establishments_2025,,,,20005418700014,2025,Collectivité Territoriale,Commune,['Charente'],['Nouvelle-Aquitaine'],COM,{16},{75}
4fd70766-e474-411d-b02e-0be425ab07c4,200068575,Commune de Val en Vignes (79),false,{79063},Commune,2026-03-24 14:42:09.43682+01,gold_establishments_2025,,,,20006857500014,2025,Collectivité Territoriale,Commune,['Deux-Sèvres'],['Nouvelle-Aquitaine'],COM,{79},{75}
88bb14bf-0d2a-4343-b06c-93e5d56a4f20,200064061,Commune de Val-Cenis (73),false,{73290},Commune,2026-03-24 14:42:08.279287+01,gold_establishments_2025,,,,20006406100019,2025,Collectivité Territoriale,Commune,['Savoie'],['Auvergne-Rhône-Alpes'],COM,{73},{84}
0060d466-b319-4a2d-a1c2-cd198e9eba14,200082980,Commune de Val-Couesnon (35),false,{35004},Commune,2026-03-24 14:41:58.620411+01,gold_establishments_2025,,,,20008298000208,2025,Collectivité Territoriale,Commune,['Ille-et-Vilaine'],['Bretagne'],COM,{35},{53}
7ca25bc9-c915-4501-b692-2be59113e042,200056919,Commune de Val-Fouzon (36),false,{36229},Commune,2026-03-24 14:41:59.160244+01,gold_establishments_2025,,,,20005691900018,2025,Collectivité Territoriale,Commune,['Indre'],['Centre-Val de Loire'],COM,{36},{24}
0eb35baf-2fb2-4510-a458-96fceec33959,212601363,Commune de Val-Maravel (26),false,{26136},Commune,2026-03-24 14:41:56.495197+01,gold_establishments_2025,,,,21260136300014,2025,Collectivité Territoriale,Commune,['Drôme'],['Auvergne-Rhône-Alpes'],COM,{26},{84}
d0b48444-899a-4446-87bb-3ef4f4b1af2e,200059905,Commune de Val-Mont (21),false,{21327},Commune,2026-03-24 14:41:55.433389+01,gold_establishments_2025,,,,20005990500014,2025,Collectivité Territoriale,Commune,"[""Côte-d'Or""]",['Bourgogne-Franche-Comté'],COM,{21},{27}
a3901b27-f5a1-4365-bed3-ca657697437c,200057347,Commune de Val-Revermont (01),false,{01426},Commune,2026-03-24 14:41:51.447482+01,gold_establishments_2025,,,,20005734700011,2025,Collectivité Territoriale,Commune,['Ain'],['Auvergne-Rhône-Alpes'],COM,{01},{84}
379e41fa-15c2-4361-81d4-c0273d712d19,200063212,Commune de Val-Sonnette (39),false,{39576},Commune,2026-03-24 14:41:59.705606+01,gold_establishments_2025,,,,20006321200019,2025,Collectivité Territoriale,Commune,['Jura'],['Bourgogne-Franche-Comté'],COM,{39},{27}
dc455d18-6301-4a7b-a00b-0255ae0f7e2d,212106512,Commune de Val-Suzon (21),false,{21651},Commune,2026-03-24 14:41:55.433389+01,gold_establishments_2025,,,,21210651200016,2025,Collectivité Territoriale,Commune,"[""Côte-d'Or""]",['Bourgogne-Franche-Comté'],COM,{21},{27}
a9bb60d4-6c57-41bf-b103-6335d91f4898,200053817,Commune de Val-au-Perche (61),false,{61484},Commune,2026-03-24 14:42:05.597325+01,gold_establishments_2025,,,,20005381700017,2025,Collectivité Territoriale,Commune,['Orne'],['Normandie'],COM,{61},{28}
a16f0343-4273-4013-b5e5-74b600573318,200082725,Commune de Val-d'Aigoual (30),false,{30339},Commune,2026-03-24 14:41:57.56054+01,gold_establishments_2025,,,,20008272500017,2025,Collectivité Territoriale,Commune,['Gard'],['Occitanie'],COM,{30},{76}
47d53194-9cb5-4e02-b528-adb75fb7414c,200086569,Commune de Val-d'Arc (73),false,{73212},Commune,2026-03-24 14:42:08.279287+01,gold_establishments_2025,,,,20008656900015,2025,Collectivité Territoriale,Commune,['Savoie'],['Auvergne-Rhône-Alpes'],COM,{73},{84}
b8a20d3b-c830-4185-b73e-ee05566f8581,200085611,Commune de Val-d'Auge (16),false,{16339},Commune,2026-03-24 14:41:54.362296+01,gold_establishments_2025,,,,20008561100016,2025,Collectivité Territoriale,Commune,['Charente'],['Nouvelle-Aquitaine'],COM,{16},{75}
5377f1ce-1e2c-40c0-90bf-1b908a97dc8a,211000179,Commune de Val-d'Auzon (10),false,{10019},Commune,2026-03-24 14:41:53.095366+01,gold_establishments_2025,,,,21100017900062,2025,Collectivité Territoriale,Commune,['Aube'],['Grand Est'],COM,{10},{44}
e30f79d7-5a71-4ba8-8295-dcaa46aec137,217303049,Commune de Val-d'Isère (73),false,{73304},Commune,2026-03-24 14:42:08.279287+01,gold_establishments_2025,,,,21730304900019,2025,Collectivité Territoriale,Commune,['Savoie'],['Auvergne-Rhône-Alpes'],COM,{73},{84}
9693d1c9-8e87-4892-af85-dbca4163a923,213503477,Commune de Val-d'Izé (35),false,{35347},Commune,2026-03-24 14:41:59.160244+01,gold_establishments_2025,,,,21350347700019,2025,Collectivité Territoriale,Commune,['Ille-et-Vilaine'],['Bretagne'],COM,{35},{53}
375804ff-ee48-426e-b214-2386ca9bef2a,200083657,Commune de Val-d'Oire-et-Gartempe (87),false,{87028},Commune,2026-03-24 14:42:11.118516+01,gold_establishments_2025,,,,20008365700011,2025,Collectivité Territoriale,Commune,['Haute-Vienne'],['Nouvelle-Aquitaine'],COM,{87},{75}
ab8690d1-71ed-465e-a20e-c7ceda07384c,215503665,Commune de Val-d'Ornain (55),false,{55366},Commune,2026-03-24 14:42:03.701372+01,gold_establishments_2025,,,,21550366500014,2025,Collectivité Territoriale,Commune,['Meuse'],['Grand Est'],COM,{55},{44}
e6e79289-5b8c-42c9-8beb-9daaa8f90b4e,200102259,Commune de Val-d'Usiers (25),false,{25060},Commune,2026-03-24 14:41:55.958138+01,gold_establishments_2025,,,,20010225900013,2025,Collectivité Territoriale,Commune,['Doubs'],['Bourgogne-Franche-Comté'],COM,{25},{27}
a81aafda-ac66-4874-b982-0df78f39b227,200076107,Commune de Val-d'Épy (39),false,{39209},Commune,2026-03-24 14:41:59.705606+01,gold_establishments_2025,,,,20007610700016,2025,Collectivité Territoriale,Commune,['Jura'],['Bourgogne-Franche-Comté'],COM,{39},{27}
3e3a4868-c879-41af-b968-a4a7f48c9595,200082790,Commune de Val-d'Étangson (72),false,{72128},Commune,2026-03-24 14:42:08.279287+01,gold_establishments_2025,,,,20008279000011,2025,Collectivité Territoriale,Commune,['Sarthe'],['Pays de la Loire'],COM,{72},{52}
d5ec3048-f601-428e-9f59-b8e8bdd815fc,200076933,Commune de Val-de-Bonnieure (16),false,{16300},Commune,2026-03-24 14:41:54.362296+01,gold_establishments_2025,,,,20007693300015,2025,Collectivité Territoriale,Commune,['Charente'],['Nouvelle-Aquitaine'],COM,{16},{75}
bb6820b4-e343-45ed-bb91-c23d0196a816,215702705,Commune de Val-de-Bride (57),false,{57270},Commune,2026-03-24 14:42:03.701372+01,gold_establishments_2025,,,,21570270500017,2025,Collectivité Territoriale,Commune,['Moselle'],['Grand Est'],COM,{57},{44}
75bc9394-5a39-456e-9617-8346681ea14b,210400438,Commune de Val-de-Chalvagne (04),false,{04043},Commune,2026-03-24 14:41:52.020251+01,gold_establishments_2025,,,,21040043800011,2025,Collectivité Territoriale,Commune,['Alpes-de-Haute-Provence'],"[""Provence-Alpes-Côte d'Azur""]",COM,{04},{93}
6b7dcfbf-b25a-41ea-8395-96359d22cef1,200102226,Commune de Val-de-Cognac (16),false,{16097},Commune,2026-03-24 14:41:54.362296+01,gold_establishments_2025,,,,20010222600012,2025,Collectivité Territoriale,Commune,['Charente'],['Nouvelle-Aquitaine'],COM,{16},{75}
7b291497-999b-4964-9579-34e3cc9b8f40,200102440,Commune de Val-de-Comporté (86),false,{86247},Commune,2026-03-24 14:42:11.118516+01,gold_establishments_2025,,,,20010244000019,2025,Collectivité Territoriale,Commune,['Vienne'],['Nouvelle-Aquitaine'],COM,{86},{75}
5c344e87-d1bb-462b-97a7-4694ba78f48e,200085512,Commune de Val-de-Dagne (11),false,{11251},Commune,2026-03-24 14:41:53.63825+01,gold_establishments_2025,,,,20008551200016,2025,Collectivité Territoriale,Commune,['Aude'],['Occitanie'],COM,{11},{76}
1c443425-f1ba-4209-a2d3-0262f9185c0e,200083830,Commune de Val-de-Livenne (33),false,{33380},Commune,2026-03-24 14:41:58.620411+01,gold_establishments_2025,,,,20008383000014,2025,Collectivité Territoriale,Commune,['Gironde'],['Nouvelle-Aquitaine'],COM,{33},{75}
f9bf33f9-210c-4924-a1c8-09507319f97b,218904266,Commune de Val-de-Mercy (89),false,{89426},Commune,2026-03-24 14:42:11.659493+01,gold_establishments_2025,,,,21890426600010,2025,Collectivité Territoriale,Commune,['Yonne'],['Bourgogne-Franche-Comté'],COM,{89},{27}
38e05968-df68-402e-af78-46e5a2ad2183,215202409,Commune de Val-de-Meuse (52),false,{52332},Commune,2026-03-24 14:42:01.954481+01,gold_establishments_2025,,,,21520240900011,2025,Collectivité Territoriale,Commune,['Haute-Marne'],['Grand Est'],COM,{52},{44}
545c29e1-2a53-4fd0-908e-22a3c50dd50b,200086940,Commune de Val-de-Moder (67),false,{67372},Commune,2026-03-24 14:42:07.195692+01,gold_establishments_2025,,,,20008694000109,2025,Collectivité Territoriale,Commune,['Bas-Rhin'],['Grand Est'],COM,{67},{44}
28dc962a-50de-41ed-b20b-2ae37b6d6ac5,212707012,Commune de Val-de-Reuil (27),false,{27701},Commune,2026-03-24 14:41:57.028721+01,gold_establishments_2025,,,,21270701200010,2025,Collectivité Territoriale,Commune,['Eure'],['Normandie'],COM,{27},{28}
cdea6f70-82d8-47af-8eaa-9bc45c3bf74b,212505796,Commune de Val-de-Roulans (25),false,{25579},Commune,2026-03-24 14:41:56.495197+01,gold_establishments_2025,,,,21250579600012,2025,Collectivité Territoriale,Commune,['Doubs'],['Bourgogne-Franche-Comté'],COM,{25},{27}
dff87cba-d378-45e2-b4c2-d9829f54445a,217600188,Commune de Val-de-Saâne (76),false,{76018},Commune,2026-03-24 14:42:08.818969+01,gold_establishments_2025,,,,21760018800056,2025,Collectivité Territoriale,Commune,['Seine-Maritime'],['Normandie'],COM,{76},{28}
4663feee-87b6-4624-ace5-2e7887fdbcc3,200083152,Commune de Val-de-Scie (76),false,{76034},Commune,2026-03-24 14:42:08.818969+01,gold_establishments_2025,,,,20008315200013,2025,Collectivité Territoriale,Commune,['Seine-Maritime'],['Normandie'],COM,{76},{28}
75775a86-85b5-46c7-be5e-ae99cbda1d04,200081784,Commune de Val-de-Sos (09),false,{09334},Commune,2026-03-24 14:41:53.095366+01,gold_establishments_2025,,,,20008178400015,2025,Collectivité Territoriale,Commune,['Ariège'],['Occitanie'],COM,{09},{76}
35a32f56-2b75-4d92-9ffb-059ead8f6e7f,215105305,Commune de Val-de-Vesle (51),false,{51571},Commune,2026-03-24 14:42:01.954481+01,gold_establishments_2025,,,,21510530500019,2025,Collectivité Territoriale,Commune,['Marne'],['Grand Est'],COM,{51},{44}
a6efdb2e-5009-480f-9a73-8f4b156c5d53,200060408,Commune de Val-de-Vie (14),false,{14576},Commune,2026-03-24 14:41:54.362296+01,gold_establishments_2025,,,,20006040800016,2025,Collectivité Territoriale,Commune,['Calvados'],['Normandie'],COM,{14},{28}
0191f0d9-7f85-4357-942f-a3ccfed5c9b1,200083491,Commune de Val-de-Virieu (38),false,{38560},Commune,2026-03-24 14:41:59.705606+01,gold_establishments_2025,,,,20008349100015,2025,Collectivité Territoriale,Commune,['Isère'],['Auvergne-Rhône-Alpes'],COM,{38},{84}
cce572d5-cdcc-4af8-b2b4-2e4efc30c347,215102021,Commune de Val-de-Vière (51),false,{51218},Commune,2026-03-24 14:42:01.954481+01,gold_establishments_2025,,,,21510202100015,2025,Collectivité Territoriale,Commune,['Marne'],['Grand Est'],COM,{51},{44}
fb67f853-8086-4e41-8a61-82320aaae91e,217607175,Commune de Val-de-la-Haye (76),false,{76717},Commune,2026-03-24 14:42:08.818969+01,gold_establishments_2025,,,,21760717500015,2025,Collectivité Territoriale,Commune,['Seine-Maritime'],['Normandie'],COM,{76},{28}
77685e67-2a21-412a-b6a0-7702a4daa8a8,217203827,Commune de Val-de-la-Hune (72),false,{72382},Commune,2026-03-24 14:42:08.279287+01,gold_establishments_2025,,,,21720382700019,2025,Collectivité Territoriale,Commune,['Sarthe'],['Pays de la Loire'],COM,{72},{52}
09e9510a-de46-4d50-b635-7c5e4ccf9116,215101486,Commune de Val-des-Marais (51),false,{51158},Commune,2026-03-24 14:42:01.954481+01,gold_establishments_2025,,,,21510148600011,2025,Collectivité Territoriale,Commune,['Marne'],['Grand Est'],COM,{51},{44}
18785643-9573-4770-a465-3872742cb87f,210501748,Commune de Val-des-Prés (05),false,{05174},Commune,2026-03-24 14:41:52.562531+01,gold_establishments_2025,,,,21050174800011,2025,Collectivité Territoriale,Commune,['Hautes-Alpes'],"[""Provence-Alpes-Côte d'Azur""]",COM,{05},{93}
cf511ee0-4b8f-4ed0-a5b0-2d5819a18b1c,200085538,Commune de Val-du-Faby (11),false,{11131},Commune,2026-03-24 14:41:53.63825+01,gold_establishments_2025,,,,20008553800011,2025,Collectivité Territoriale,Commune,['Aude'],['Occitanie'],COM,{11},{76}
bfc78ae9-aaf2-467f-b619-21a3738d5889,200056034,Commune de Val-du-Layon (49),false,{49292},Commune,2026-03-24 14:42:01.412377+01,gold_establishments_2025,,,,20005603400016,2025,Collectivité Territoriale,Commune,['Maine-et-Loire'],['Pays de la Loire'],COM,{49},{52}
14cbbabe-e2e6-49c8-9b16-e2904751a02a,200063675,Commune de Val-du-Maine (53),false,{53017},Commune,2026-03-24 14:42:01.954481+01,gold_establishments_2025,,,,20006367500116,2025,Collectivité Territoriale,Commune,['Mayenne'],['Pays de la Loire'],COM,{53},{52}
47a25353-7db7-4d2d-ad53-85f58a9e0f7b,200082642,Commune de Val-du-Mignon (79),false,{79334},Commune,2026-03-24 14:42:09.43682+01,gold_establishments_2025,,,,20008264200014,2025,Collectivité Territoriale,Commune,['Deux-Sèvres'],['Nouvelle-Aquitaine'],COM,{79},{75}
e9217da5-2e0c-4c10-855e-3f0f10c94946,215405408,Commune de Val-et-Châtillon (54),false,{54540},Commune,2026-03-24 14:42:02.957225+01,gold_establishments_2025,,,,21540540800018,2025,Collectivité Territoriale,Commune,['Meurthe-et-Moselle'],['Grand Est'],COM,{54},{44}
eddf851b-d496-4b89-b808-4a14b4139f73,211202882,Commune de Valady (12),false,{12288},Commune,2026-03-24 14:41:53.63825+01,gold_establishments_2025,,,,21120288200018,2025,Collectivité Territoriale,Commune,['Aveyron'],['Occitanie'],COM,{12},{76}
56185b79-9fb6-4f87-841c-36a371077169,212706675,Commune de Valailles (27),false,{27667},Commune,2026-03-24 14:41:57.028721+01,gold_establishments_2025,,,,21270667500015,2025,Collectivité Territoriale,Commune,['Eure'],['Normandie'],COM,{27},{28}
1e55b36c-5270-4c7e-9200-0719c75e8d6b,214102667,Commune de Valaire (41),false,{41266},Commune,2026-03-24 14:42:00.273698+01,gold_establishments_2025,,,,21410266700018,2025,Collectivité Territoriale,Commune,['Loir-et-Cher'],['Centre-Val de Loire'],COM,{41},{24}
7b910ba6-9d19-4027-82ff-0588a2107050,200064939,Commune de Valambray (14),false,{14005},Commune,2026-03-24 14:41:53.63825+01,gold_establishments_2025,,,,20006493900016,2025,Collectivité Territoriale,Commune,['Calvados'],['Normandie'],COM,{14},{28}
4cc612a1-3f78-4238-854f-8704e46d8348,212603609,Commune de Valaurie (26),false,{26360},Commune,2026-03-24 14:41:56.495197+01,gold_establishments_2025,,,,21260360900018,2025,Collectivité Territoriale,Commune,['Drôme'],['Auvergne-Rhône-Alpes'],COM,{26},{84}
9d863af1-8052-4213-bc23-fdcd3b79a1ef,210402285,Commune de Valavoire (04),false,{04228},Commune,2026-03-24 14:41:52.562531+01,gold_establishments_2025,,,,21040228500014,2025,Collectivité Territoriale,Commune,['Alpes-de-Haute-Provence'],"[""Provence-Alpes-Côte d'Azur""]",COM,{04},{93}
9e4157f4-4c7f-45db-ac43-90fed7983d71,217005149,Commune de Valay (70),false,{70514},Commune,2026-03-24 14:42:07.735343+01,gold_establishments_2025,,,,21700514900018,2025,Collectivité Territoriale,Commune,['Haute-Saône'],['Bourgogne-Franche-Comté'],COM,{70},{27}
3f147e0f-073a-4e6b-9989-3865b1c61f14,216304402,Commune de Valbeleix (63),false,{63440},Commune,2026-03-24 14:42:06.130387+01,gold_establishments_2025,,,,21630440200011,2025,Collectivité Territoriale,Commune,['Puy-de-Dôme'],['Auvergne-Rhône-Alpes'],COM,{63},{84}
266bb329-8723-4315-ba34-91e83741a69b,210402293,Commune de Valbelle (04),false,{04229},Commune,2026-03-24 14:41:52.562531+01,gold_establishments_2025,,,,21040229300018,2025,Collectivité Territoriale,Commune,['Alpes-de-Haute-Provence'],"[""Provence-Alpes-Côte d'Azur""]",COM,{04},{93}
f006857d-3739-43b6-8216-6d15f440a0a2,215505306,Commune de Valbois (55),false,{55530},Commune,2026-03-24 14:42:03.701372+01,gold_establishments_2025,,,,21550530600013,2025,Collectivité Territoriale,Commune,['Meuse'],['Grand Est'],COM,{55},{44}
f2264943-dcf7-4c18-b14f-6f0b7724f5f4,213805187,Commune de Valbonnais (38),false,{38518},Commune,2026-03-24 14:41:59.705606+01,gold_establishments_2025,,,,21380518700019,2025,Collectivité Territoriale,Commune,['Isère'],['Auvergne-Rhône-Alpes'],COM,{38},{84}
2d6de556-6f80-4bac-8c78-a89d6784a270,210601522,Commune de Valbonne (06),false,{06152},Commune,2026-03-24 14:41:52.562531+01,gold_establishments_2025,,,,21060152200175,2025,Collectivité Territoriale,Commune,['Alpes-Maritimes'],"[""Provence-Alpes-Côte d'Azur""]",COM,{06},{93}
34240931-8004-4eba-8e26-413b46546338,213105646,Commune de Valcabrère (31),false,{31564},Commune,2026-03-24 14:41:58.09424+01,gold_establishments_2025,,,,21310564600011,2025,Collectivité Territoriale,Commune,['Haute-Garonne'],['Occitanie'],COM,{31},{76}
2f5d701d-6808-4d65-9fa6-86711fc20c86,215006131,Commune de Valcanville (50),false,{50613},Commune,2026-03-24 14:42:01.412377+01,gold_establishments_2025,,,,21500613100019,2025,Collectivité Territoriale,Commune,['Manche'],['Normandie'],COM,{50},{28}
8120d9da-ec0a-4724-b7ac-4eaf5fd39953,216602201,Commune de Valcebollère (66),false,{66220},Commune,2026-03-24 14:42:06.665412+01,gold_establishments_2025,,,,21660220100016,2025,Collectivité Territoriale,Commune,['Pyrénées-Orientales'],['Occitanie'],COM,{66},{76}
66ddd9b4-0cb5-4762-95bf-008ab7156499,216304410,Commune de Valcivières (63),false,{63441},Commune,2026-03-24 14:42:06.130387+01,gold_establishments_2025,,,,21630441000014,2025,Collectivité Territoriale,Commune,['Puy-de-Dôme'],['Auvergne-Rhône-Alpes'],COM,{63},{84}
7d041edc-a680-41b7-af80-af021cdc56fb,215203563,Commune de Valcourt (52),false,{52500},Commune,2026-03-24 14:42:01.954481+01,gold_establishments_2025,,,,21520356300014,2025,Collectivité Territoriale,Commune,['Haute-Marne'],['Grand Est'],COM,{52},{44}
b49c1547-b4a2-46a0-85e4-a37dffda1550,200064632,Commune de Vald'Yerre (28),false,{28012},Commune,2026-03-24 14:41:57.028721+01,gold_establishments_2025,,,,20006463200017,2025,Collectivité Territoriale,Commune,['Eure-et-Loir'],['Centre-Val de Loire'],COM,{28},{24}
08e35bf2-4fd9-405c-8bb9-8b23fa1c63dd,212505788,Commune de Valdahon (25),false,{25578},Commune,2026-03-24 14:41:56.495197+01,gold_establishments_2025,,,,21250578800019,2025,Collectivité Territoriale,Commune,['Doubs'],['Bourgogne-Franche-Comté'],COM,{25},{27}
2044bb7c-6f0b-4119-9850-981156cde8ad,200054641,Commune de Valdallière (14),false,{14726},Commune,2026-03-24 14:41:54.362296+01,gold_establishments_2025,,,,20005464100010,2025,Collectivité Territoriale,Commune,['Calvados'],['Normandie'],COM,{14},{28}
466371a7-efb4-45a2-9d51-65c7adf6be83,216006437,Commune de Valdampierre (60),false,{60652},Commune,2026-03-24 14:42:04.814328+01,gold_establishments_2025,,,,21600643700018,2025,Collectivité Territoriale,Commune,['Oise'],['Hauts-de-France'],COM,{60},{32}
8891301e-a02a-45e1-9dec-1ba3bbba574f,210601530,Commune de Valdeblore (06),false,{06153},Commune,2026-03-24 14:41:52.562531+01,gold_establishments_2025,,,,21060153000012,2025,Collectivité Territoriale,Commune,['Alpes-Maritimes'],"[""Provence-Alpes-Côte d'Azur""]",COM,{06},{93}
fa1063c0-6b0f-4e24-be7a-942be85fc9bc,200081537,Commune de Valdelaume (79),false,{79140},Commune,2026-03-24 14:42:09.43682+01,gold_establishments_2025,,,,20008153700017,2025,Collectivité Territoriale,Commune,['Deux-Sèvres'],['Nouvelle-Aquitaine'],COM,{79},{75}
6daad88c-5e62-43e5-9534-42c6ef4bbbf0,218103067,Commune de Valderiès (81),false,{81306},Commune,2026-03-24 14:42:09.967209+01,gold_establishments_2025,,,,21810306700011,2025,Collectivité Territoriale,Commune,['Tarn'],['Occitanie'],COM,{81},{76}
46977137-8abe-4306-878c-a03dff1acc58,210601548,Commune de Valderoure (06),false,{06154},Commune,2026-03-24 14:41:52.562531+01,gold_establishments_2025,,,,21060154800014,2025,Collectivité Territoriale,Commune,['Alpes-Maritimes'],"[""Provence-Alpes-Côte d'Azur""]",COM,{06},{93}
b50f38fe-f9bd-4eb9-923f-3bb28fb199c3,216801928,Commune de Valdieu-Lutran (68),false,{68192},Commune,2026-03-24 14:42:07.195692+01,gold_establishments_2025,,,,21680192800013,2025,Collectivité Territoriale,Commune,['Haut-Rhin'],['Grand Est'],COM,{68},{44}
9c2156b4-6567-4329-8467-6fb2320baa01,218602332,Commune de Valdivienne (86),false,{86233},Commune,2026-03-24 14:42:10.508772+01,gold_establishments_2025,,,,21860233200015,2025,Collectivité Territoriale,Commune,['Vienne'],['Nouvelle-Aquitaine'],COM,{86},{75}
bc80c167-cd04-4104-845a-89886fdcd5b9,219000999,Commune de Valdoie (90),false,{90099},Commune,2026-03-24 14:42:11.659493+01,gold_establishments_2025,,,,21900099900017,2025,Collectivité Territoriale,Commune,['Territoire de Belfort'],['Bourgogne-Franche-Comté'],COM,{90},{27}
f168584f-80be-43ff-bea4-e204ac3ab2ef,200075059,Commune de Valdoule (05),false,{05024},Commune,2026-03-24 14:41:52.562531+01,gold_establishments_2025,,,,20007505900010,2025,Collectivité Territoriale,Commune,['Hautes-Alpes'],"[""Provence-Alpes-Côte d'Azur""]",COM,{05},{93}
f43b8713-8ec3-4481-a6d6-f54b1fdebf4c,212603617,Commune de Valdrôme (26),false,{26361},Commune,2026-03-24 14:41:56.495197+01,gold_establishments_2025,,,,21260361700011,2025,Collectivité Territoriale,Commune,['Drôme'],['Auvergne-Rhône-Alpes'],COM,{26},{84}
3b718a52-6559-4422-b829-ef86fa9fbe76,218103075,Commune de Valdurenque (81),false,{81307},Commune,2026-03-24 14:42:09.967209+01,gold_establishments_2025,,,,21810307500014,2025,Collectivité Territoriale,Commune,['Tarn'],['Occitanie'],COM,{81},{76}
be44953f-32e8-4b4b-9bab-9d11a1ac9637,214203192,Commune de Valeille (42),false,{42319},Commune,2026-03-24 14:42:00.273698+01,gold_establishments_2025,,,,21420319200015,2025,Collectivité Territoriale,Commune,['Loire'],['Auvergne-Rhône-Alpes'],COM,{42},{84}
26e14d43-d12d-4df9-9a41-067509a37202,218201853,Commune de Valeilles (82),false,{82185},Commune,2026-03-24 14:42:10.508772+01,gold_establishments_2025,,,,21820185300015,2025,Collectivité Territoriale,Commune,['Tarn-et-Garonne'],['Occitanie'],COM,{82},{76}
5b2ace31-5acf-4f2b-8852-05b86fa43385,210104287,Commune de Valeins (01),false,{01428},Commune,2026-03-24 14:41:51.447482+01,gold_establishments_2025,,,,21010428700011,2025,Collectivité Territoriale,Commune,['Ain'],['Auvergne-Rhône-Alpes'],COM,{01},{84}
45e5404d-1103-4b36-ab64-7178a57bc137,213905409,Commune de Valempoulières (39),false,{39540},Commune,2026-03-24 14:41:59.705606+01,gold_establishments_2025,,,,21390540900016,2025,Collectivité Territoriale,Commune,['Jura'],['Bourgogne-Franche-Comté'],COM,{39},{27}
8411f52d-e12f-43f4-9886-d7491eff18a9,211603923,Commune de Valence (16),false,{16392},Commune,2026-03-24 14:41:54.903238+01,gold_establishments_2025,,,,21160392300015,2025,Collectivité Territoriale,Commune,['Charente'],['Nouvelle-Aquitaine'],COM,{16},{75}
ed52c53f-4edf-4afa-b04e-afd9e53c6d73,212603625,Commune de Valence (26),false,{26362},Commune,2026-03-24 14:41:56.495197+01,gold_establishments_2025,,,,21260362500014,2025,Collectivité Territoriale,Commune,['Drôme'],['Auvergne-Rhône-Alpes'],COM,{26},{84}
3584d58d-714c-4721-a6ba-60cec4f16923,218201861,Commune de Valence (82),false,{82186},Commune,2026-03-24 14:42:10.508772+01,gold_establishments_2025,,,,21820186100018,2025,Collectivité Territoriale,Commune,['Tarn-et-Garonne'],['Occitanie'],COM,{82},{76}
27d0ac19-879f-4451-8bce-740f26f909ff,218103083,Commune de Valence-d'Albigeois (81),false,{81308},Commune,2026-03-24 14:42:09.967209+01,gold_establishments_2025,,,,21810308300018,2025,Collectivité Territoriale,Commune,['Tarn'],['Occitanie'],COM,{81},{76}
4926dee1-2758-4ee3-a88e-79571a1c5e72,217704808,Commune de Valence-en-Brie (77),false,{77480},Commune,2026-03-24 14:42:09.43682+01,gold_establishments_2025,,,,21770480800013,2025,Collectivité Territoriale,Commune,['Seine-et-Marne'],['Île-de-France'],COM,{77},{11}
26eb601e-c498-479b-8d26-bb446674e609,200084861,Commune de Valence-en-Poitou (86),false,{86082},Commune,2026-03-24 14:42:10.508772+01,gold_establishments_2025,,,,20008486100018,2025,Collectivité Territoriale,Commune,['Vienne'],['Nouvelle-Aquitaine'],COM,{86},{75}
2acacf00-66b1-4f7d-bf1f-4b913a39bc91,213204597,Commune de Valence-sur-Baïse (32),false,{32459},Commune,2026-03-24 14:41:58.09424+01,gold_establishments_2025,,,,21320459700016,2025,Collectivité Territoriale,Commune,['Gers'],['Occitanie'],COM,{32},{76}
9da27dd9-dead-4893-a332-1f7ec7f989ac,215906066,Commune de Valenciennes (59),false,{59606},Commune,2026-03-24 14:42:04.814328+01,gold_establishments_2025,,,,21590606600018,2025,Collectivité Territoriale,Commune,['Nord'],['Hauts-de-France'],COM,{59},{32}
afb25821-f137-4d7a-8d8d-d581525209e3,213805195,Commune de Valencin (38),false,{38519},Commune,2026-03-24 14:41:59.705606+01,gold_establishments_2025,,,,21380519500012,2025,Collectivité Territoriale,Commune,['Isère'],['Auvergne-Rhône-Alpes'],COM,{38},{84}
9393113a-10c5-4461-909e-390ef9c4bd62,200063725,Commune de Valencisse (41),false,{41142},Commune,2026-03-24 14:42:00.273698+01,gold_establishments_2025,,,,20006372500010,2025,Collectivité Territoriale,Commune,['Loir-et-Cher'],['Centre-Val de Loire'],COM,{41},{24}
5d443796-8383-4367-ad4a-1a75bc9f43ee,213805203,Commune de Valencogne (38),false,{38520},Commune,2026-03-24 14:41:59.705606+01,gold_establishments_2025,,,,21380520300014,2025,Collectivité Territoriale,Commune,['Isère'],['Auvergne-Rhône-Alpes'],COM,{38},{84}
4af4de65-225f-4f92-a89a-053b4e9d33aa,217203660,Commune de Valennes (72),false,{72366},Commune,2026-03-24 14:42:08.279287+01,gold_establishments_2025,,,,21720366000014,2025,Collectivité Territoriale,Commune,['Sarthe'],['Pays de la Loire'],COM,{72},{52}
6f132c58-0a82-4934-b19c-7d3a51bc91ba,210402301,Commune de Valensole (04),false,{04230},Commune,2026-03-24 14:41:52.562531+01,gold_establishments_2025,,,,21040230100019,2025,Collectivité Territoriale,Commune,['Alpes-de-Haute-Provence'],"[""Provence-Alpes-Côte d'Azur""]",COM,{04},{93}
bc9b4306-c711-4fea-921f-42c4ce768168,212505804,Commune de Valentigney (25),false,{25580},Commune,2026-03-24 14:41:56.495197+01,gold_establishments_2025,,,,21250580400014,2025,Collectivité Territoriale,Commune,['Doubs'],['Bourgogne-Franche-Comté'],COM,{25},{27}
4d1d575b-e99f-4cae-b2f1-f08361ec0b48,213105653,Commune de Valentine (31),false,{31565},Commune,2026-03-24 14:41:58.09424+01,gold_establishments_2025,,,,21310565300017,2025,Collectivité Territoriale,Commune,['Haute-Garonne'],['Occitanie'],COM,{31},{76}
bdf466dc-2ec0-4f56-a28e-4259be938853,219400744,Commune de Valenton (94),false,{94074},Commune,2026-03-24 14:42:11.659493+01,gold_establishments_2025,,,,21940074400013,2025,Collectivité Territoriale,Commune,['Val-de-Marne'],['Île-de-France'],COM,{94},{11}
f0c2a941-8682-4e26-b6cf-bd2f1e2dc7ae,213602287,Commune de Valençay (36),false,{36228},Commune,2026-03-24 14:41:59.160244+01,gold_establishments_2025,,,,21360228700012,2025,Collectivité Territoriale,Commune,['Indre'],['Centre-Val de Loire'],COM,{36},{24}
ef626f4b-0932-46ec-ab96-fd9e5eca4a69,213403215,Commune de Valergues (34),false,{34321},Commune,2026-03-24 14:41:58.620411+01,gold_establishments_2025,,,,21340321500014,2025,Collectivité Territoriale,Commune,['Hérault'],['Occitanie'],COM,{34},{76}
2964f6a6-7fed-4568-9d51-62fbbcaefbfe,210402319,Commune de Valernes (04),false,{04231},Commune,2026-03-24 14:41:52.562531+01,gold_establishments_2025,,,,21040231900011,2025,Collectivité Territoriale,Commune,['Alpes-de-Haute-Provence'],"[""Provence-Alpes-Côte d'Azur""]",COM,{04},{93}
f31727fd-5f55-4978-94fc-ec0cab33a8ef,216006445,Commune de Valescourt (60),false,{60653},Commune,2026-03-24 14:42:04.814328+01,gold_establishments_2025,,,,21600644500011,2025,Collectivité Territoriale,Commune,['Oise'],['Hauts-de-France'],COM,{60},{32}
7c92d26a-659b-4583-a2b5-8351e5a7a913,211502463,Commune de Valette (15),false,{15246},Commune,2026-03-24 14:41:54.362296+01,gold_establishments_2025,,,,21150246300014,2025,Collectivité Territoriale,Commune,['Cantal'],['Auvergne-Rhône-Alpes'],COM,{15},{84}
ee664710-17c4-42d0-837c-5f7f897325d5,213305386,Commune de Valeyrac (33),false,{33538},Commune,2026-03-24 14:41:58.620411+01,gold_establishments_2025,,,,21330538600012,2025,Collectivité Territoriale,Commune,['Gironde'],['Nouvelle-Aquitaine'],COM,{33},{75}
185a9b96-9605-49c2-96b1-058e5a0d29ca,216705046,Commune de Valff (67),false,{67504},Commune,2026-03-24 14:42:07.195692+01,gold_establishments_2025,,,,21670504600011,2025,Collectivité Territoriale,Commune,['Bas-Rhin'],['Grand Est'],COM,{67},{44}
4c4fb078-5344-4d7c-b8c7-6e4820663072,213403223,Commune de Valflaunès (34),false,{34322},Commune,2026-03-24 14:41:58.620411+01,gold_establishments_2025,,,,21340322300018,2025,Collectivité Territoriale,Commune,['Hérault'],['Occitanie'],COM,{34},{76}
bf046158-1f03-4cd1-9101-bc2fe8392fe3,214203200,Commune de Valfleury (42),false,{42320},Commune,2026-03-24 14:42:00.273698+01,gold_establishments_2025,,,,21420320000016,2025,Collectivité Territoriale,Commune,['Loire'],['Auvergne-Rhône-Alpes'],COM,{42},{84}
d18446e4-03b9-4f17-ae05-0ff20c871d7d,200085447,Commune de Valforêt (21),false,{21178},Commune,2026-03-24 14:41:55.433389+01,gold_establishments_2025,,,,20008544700015,2025,Collectivité Territoriale,Commune,"[""Côte-d'Or""]",['Bourgogne-Franche-Comté'],COM,{21},{27}
a1b4d0b2-b95c-433f-9ca5-041ffcf9d750,216104976,Commune de Valframbert (61),false,{61497},Commune,2026-03-24 14:42:05.597325+01,gold_establishments_2025,,,,21610497600016,2025,Collectivité Territoriale,Commune,['Orne'],['Normandie'],COM,{61},{28}
dbe4f3cf-c0e9-4a81-b5d5-9f316858b1e5,218804888,Commune de Valfroicourt (88),false,{88488},Commune,2026-03-24 14:42:11.118516+01,gold_establishments_2025,,,,21880488800012,2025,Collectivité Territoriale,Commune,['Vosges'],['Grand Est'],COM,{88},{44}
7b3e0431-06fe-4216-a674-cb238843882d,200086882,Commune de Valgelon-La Rochette (73),false,{73215},Commune,2026-03-24 14:42:08.279287+01,gold_establishments_2025,,,,20008688200012,2025,Collectivité Territoriale,Commune,['Savoie'],['Auvergne-Rhône-Alpes'],COM,{73},{84}
5f2a3d5d-34b2-4466-89a5-7559b32bfd64,210703294,Commune de Valgorge (07),false,{07329},Commune,2026-03-24 14:41:52.562531+01,gold_establishments_2025,,,,21070329400087,2025,Collectivité Territoriale,Commune,['Ardèche'],['Auvergne-Rhône-Alpes'],COM,{07},{84}
bcedece3-cc60-4f92-843e-a432bb9482b2,200083731,Commune de Valherbasse (26),false,{26210},Commune,2026-03-24 14:41:56.495197+01,gold_establishments_2025,,,,20008373100014,2025,Collectivité Territoriale,Commune,['Drôme'],['Auvergne-Rhône-Alpes'],COM,{26},{84}
d421287c-4ea8-4873-9f33-e672e37535dd,215405416,Commune de Valhey (54),false,{54541},Commune,2026-03-24 14:42:02.957225+01,gold_establishments_2025,,,,21540541600011,2025,Collectivité Territoriale,Commune,['Meurthe-et-Moselle'],['Grand Est'],COM,{54},{44}
a53b7a53-fa41-41cb-ae27-9bac39edbb1c,216208355,Commune de Valhuon (62),false,{62835},Commune,2026-03-24 14:42:06.130387+01,gold_establishments_2025,,,,21620835500018,2025,Collectivité Territoriale,Commune,['Pas-de-Calais'],['Hauts-de-France'],COM,{62},{32}
7f306858-ea78-4c54-985a-7d8bff88813a,211927702,Commune de Valiergues (19),false,{19277},Commune,2026-03-24 14:41:55.433389+01,gold_establishments_2025,,,,21192770200012,2025,Collectivité Territoriale,Commune,['Corrèze'],['Nouvelle-Aquitaine'],COM,{19},{75}
c4f04dab-6ceb-4c85-9040-bec1891a4357,210302956,Commune de Valignat (03),false,{03295},Commune,2026-03-24 14:41:52.020251+01,gold_establishments_2025,,,,21030295600011,2025,Collectivité Territoriale,Commune,['Allier'],['Auvergne-Rhône-Alpes'],COM,{03},{84}
ac21c832-55f4-417e-b972-f3d29ce72a37,210302964,Commune de Valigny (03),false,{03296},Commune,2026-03-24 14:41:52.020251+01,gold_establishments_2025,,,,21030296400015,2025,Collectivité Territoriale,Commune,['Allier'],['Auvergne-Rhône-Alpes'],COM,{03},{84}
2a79a8f6-3582-449c-92c5-d3fd4919b2af,218007268,Commune de Valines (80),false,{80775},Commune,2026-03-24 14:42:09.967209+01,gold_establishments_2025,,,,21800726800012,2025,Collectivité Territoriale,Commune,['Somme'],['Hauts-de-France'],COM,{80},{32}
0882ef63-14a3-4823-b250-0c29ddb194fd,213805229,Commune de Valjouffrey (38),false,{38522},Commune,2026-03-24 14:41:59.705606+01,gold_establishments_2025,,,,21380522900019,2025,Collectivité Territoriale,Commune,['Isère'],['Auvergne-Rhône-Alpes'],COM,{38},{84}
62dbb00f-9444-475d-a7e7-a48e3de4f548,211502471,Commune de Valjouze (15),false,{15247},Commune,2026-03-24 14:41:54.362296+01,gold_establishments_2025,,,,21150247100017,2025,Collectivité Territoriale,Commune,['Cantal'],['Auvergne-Rhône-Alpes'],COM,{15},{84}
e72f3710-4967-4130-bf9a-c3dc45f7890f,213003379,Commune de Vallabrix (30),false,{30337},Commune,2026-03-24 14:41:57.56054+01,gold_establishments_2025,,,,21300337900012,2025,Collectivité Territoriale,Commune,['Gard'],['Occitanie'],COM,{30},{76}
ec6df00f-a27a-4257-bbd3-b422b4ca2082,213003361,Commune de Vallabrègues (30),false,{30336},Commune,2026-03-24 14:41:57.56054+01,gold_establishments_2025,,,,21300336100010,2025,Collectivité Territoriale,Commune,['Gard'],['Occitanie'],COM,{30},{76}
8f0e3812-7731-4e33-87a1-3116f38b9a71,218904274,Commune de Vallan (89),false,{89427},Commune,2026-03-24 14:42:11.659493+01,gold_establishments_2025,,,,21890427400014,2025,Collectivité Territoriale,Commune,['Yonne'],['Bourgogne-Franche-Comté'],COM,{89},{27}
ed023152-dc23-45be-9066-95950ed290ab,219506276,Commune de Vallangoujard (95),false,{95627},Commune,2026-03-24 14:42:11.659493+01,gold_establishments_2025,,,,21950627600019,2025,Collectivité Territoriale,Commune,"[""Val-d'Oise""]",['Île-de-France'],COM,{95},{11}
7f94cd54-212b-4be0-8b45-f72420e10a17,217903350,Commune de Vallans (79),false,{79335},Commune,2026-03-24 14:42:09.43682+01,gold_establishments_2025,,,,21790335000015,2025,Collectivité Territoriale,Commune,['Deux-Sèvres'],['Nouvelle-Aquitaine'],COM,{79},{75}
595064fb-8ba6-4f15-9b0d-b7037bf25d2d,211003793,Commune de Vallant-Saint-Georges (10),false,{10392},Commune,2026-03-24 14:41:53.095366+01,gold_establishments_2025,,,,21100379300018,2025,Collectivité Territoriale,Commune,['Aube'],['Grand Est'],COM,{10},{44}
f5badcfa-3424-4e63-9225-35282c4933a5,210601555,Commune de Vallauris (06),false,{06155},Commune,2026-03-24 14:41:52.562531+01,gold_establishments_2025,,,,21060155500019,2025,Collectivité Territoriale,Commune,['Alpes-Maritimes'],"[""Provence-Alpes-Côte d'Azur""]",COM,{06},{93}
94202519-0c1a-466c-a02e-fc52e7366609,212003347,Commune de Valle-d'Alesani (2B),false,{2B334},Commune,2026-03-24 14:41:57.56054+01,gold_establishments_2025,,,,21200334700011,2025,Collectivité Territoriale,Commune,['Haute-Corse'],['Corse'],COM,{2B},{94}
81265405-99f6-4e5b-ad0c-94c95a408c4a,212003388,Commune de Valle-d'Orezza (2B),false,{2B338},Commune,2026-03-24 14:41:57.56054+01,gold_establishments_2025,,,,21200338800015,2025,Collectivité Territoriale,Commune,['Haute-Corse'],['Corse'],COM,{2B},{94}
5d1c75ca-92e1-4a00-9336-928b5527f040,212003354,Commune de Valle-di-Campoloro (2B),false,{2B335},Commune,2026-03-24 14:41:57.56054+01,gold_establishments_2025,,,,21200335400017,2025,Collectivité Territoriale,Commune,['Haute-Corse'],['Corse'],COM,{2B},{94}
8232f616-5c56-4457-b629-ee4ef11be46d,212003362,Commune de Valle-di-Mezzana (2A),false,{2A336},Commune,2026-03-24 14:41:57.56054+01,gold_establishments_2025,,,,21200336200010,2025,Collectivité Territoriale,Commune,['Corse-du-Sud'],['Corse'],COM,{2A},{94}
e6341b1a-e4c9-4f57-8e0e-87406391432a,212003370,Commune de Valle-di-Rostino (2B),false,{2B337},Commune,2026-03-24 14:41:57.56054+01,gold_establishments_2025,,,,21200337000013,2025,Collectivité Territoriale,Commune,['Haute-Corse'],['Corse'],COM,{2B},{94}
d51539f7-d211-4bda-b1bf-44751e575498,212003339,Commune de Vallecalle (2B),false,{2B333},Commune,2026-03-24 14:41:57.56054+01,gold_establishments_2025,,,,21200333900018,2025,Collectivité Territoriale,Commune,['Haute-Corse'],['Corse'],COM,{2B},{94}
0013fb6b-20bc-4960-bf44-0221a5db06e6,217402882,Commune de Valleiry (74),false,{74288},Commune,2026-03-24 14:42:08.818969+01,gold_establishments_2025,,,,21740288200013,2025,Collectivité Territoriale,Commune,['Haute-Savoie'],['Auvergne-Rhône-Alpes'],COM,{74},{84}
a643b8b5-1821-4600-a3c1-1db9796a9a87,211802707,Commune de Vallenay (18),false,{18270},Commune,2026-03-24 14:41:54.903238+01,gold_establishments_2025,,,,21180270700011,2025,Collectivité Territoriale,Commune,['Cher'],['Centre-Val de Loire'],COM,{18},{24}
14a08c88-0ca6-43a2-a205-5b5e681259cb,211003801,Commune de Vallentigny (10),false,{10393},Commune,2026-03-24 14:41:53.095366+01,gold_establishments_2025,,,,21100380100019,2025,Collectivité Territoriale,Commune,['Aube'],['Grand Est'],COM,{10},{44}
d26a3e30-f782-4ea3-93ff-b2a7a643745a,215706870,Commune de Vallerange (57),false,{57687},Commune,2026-03-24 14:42:04.280096+01,gold_establishments_2025,,,,21570687000015,2025,Collectivité Territoriale,Commune,['Moselle'],['Grand Est'],COM,{57},{44}
47762781-cb03-445a-b29c-db9df2eaa695,215203571,Commune de Valleret (52),false,{52502},Commune,2026-03-24 14:42:01.954481+01,gold_establishments_2025,,,,21520357100017,2025,Collectivité Territoriale,Commune,['Haute-Marne'],['Grand Est'],COM,{52},{44}
799335c2-3099-419b-bba2-3e38a5466712,212405625,Commune de Vallereuil (24),false,{24562},Commune,2026-03-24 14:41:55.958138+01,gold_establishments_2025,,,,21240562500014,2025,Collectivité Territoriale,Commune,['Dordogne'],['Nouvelle-Aquitaine'],COM,{24},{75}
1c1fb4c1-789d-4898-82ed-5c42eeb6cae0,217005172,Commune de Vallerois-Lorioz (70),false,{70517},Commune,2026-03-24 14:42:07.735343+01,gold_establishments_2025,,,,21700517200010,2025,Collectivité Territoriale,Commune,['Haute-Saône'],['Bourgogne-Franche-Comté'],COM,{70},{27}
391c6cf0-13dd-4fe1-be3c-b429a43b34ee,217005164,Commune de Vallerois-le-Bois (70),false,{70516},Commune,2026-03-24 14:42:07.735343+01,gold_establishments_2025,,,,21700516400017,2025,Collectivité Territoriale,Commune,['Haute-Saône'],['Bourgogne-Franche-Comté'],COM,{70},{27}
7a2ad248-139e-4841-8d1e-c0e85560431d,212505820,Commune de Valleroy (25),false,{25582},Commune,2026-03-24 14:41:56.495197+01,gold_establishments_2025,,,,21250582000010,2025,Collectivité Territoriale,Commune,['Doubs'],['Bourgogne-Franche-Comté'],COM,{25},{27}
b533ae84-0358-4079-8ff4-3d0b1e02d5dc,215204165,Commune de Valleroy (52),false,{52503},Commune,2026-03-24 14:42:01.954481+01,gold_establishments_2025,,,,21520416500017,2025,Collectivité Territoriale,Commune,['Haute-Marne'],['Grand Est'],COM,{52},{44}
24865d57-d293-4c63-9bac-ebcc25d2db59,215405424,Commune de Valleroy (54),false,{54542},Commune,2026-03-24 14:42:02.957225+01,gold_establishments_2025,,,,21540542400015,2025,Collectivité Territoriale,Commune,['Meurthe-et-Moselle'],['Grand Est'],COM,{54},{44}
f67f26e0-c701-424a-b563-1efad3b2a490,218804896,Commune de Valleroy-aux-Saules (88),false,{88489},Commune,2026-03-24 14:42:11.118516+01,gold_establishments_2025,,,,21880489600015,2025,Collectivité Territoriale,Commune,['Vosges'],['Grand Est'],COM,{88},{44}
8e13d1fa-1291-4628-80c5-f59ee7ca9097,218804904,Commune de Valleroy-le-Sec (88),false,{88490},Commune,2026-03-24 14:42:11.118516+01,gold_establishments_2025,,,,21880490400017,2025,Collectivité Territoriale,Commune,['Vosges'],['Grand Est'],COM,{88},{44}
68fa19c3-3175-4b30-a366-e1fe2b6024f9,218904282,Commune de Vallery (89),false,{89428},Commune,2026-03-24 14:42:11.659493+01,gold_establishments_2025,,,,21890428200017,2025,Collectivité Territoriale,Commune,['Yonne'],['Bourgogne-Franche-Comté'],COM,{89},{27}
0bf323b5-9aea-4587-951b-785f4da65360,213105679,Commune de Vallesvilles (31),false,{31567},Commune,2026-03-24 14:41:58.09424+01,gold_establishments_2025,,,,21310567900012,2025,Collectivité Territoriale,Commune,['Haute-Garonne'],['Occitanie'],COM,{31},{76}
7113c1e5-b214-4e5c-8784-1f3c7fa40fb8,214402125,Commune de Vallet (44),false,{44212},Commune,2026-03-24 14:42:00.862623+01,gold_establishments_2025,,,,21440212500071,2025,Collectivité Territoriale,Commune,['Loire-Atlantique'],['Pays de la Loire'],COM,{44},{52}
070d9e5c-91af-4401-bd0c-7e3fce22710d,212706691,Commune de Valletot (27),false,{27669},Commune,2026-03-24 14:41:57.028721+01,gold_establishments_2025,,,,21270669100012,2025,Collectivité Territoriale,Commune,['Eure'],['Normandie'],COM,{27},{28}
a4f92f8a-dce8-47e0-b6d3-880c69cca46f,212003396,Commune de Vallica (2B),false,{2B339},Commune,2026-03-24 14:41:57.56054+01,gold_establishments_2025,,,,21200339600018,2025,Collectivité Territoriale,Commune,['Haute-Corse'],['Corse'],COM,{2B},{94}
e3019ce8-1c80-4c55-8258-8d9fe9ae9fe9,213003403,Commune de Valliguières (30),false,{30340},Commune,2026-03-24 14:41:57.56054+01,gold_establishments_2025,,,,21300340300010,2025,Collectivité Territoriale,Commune,['Gard'],['Occitanie'],COM,{30},{76}
62edea5d-0a89-402f-b8ae-1fa7ad682cca,217607183,Commune de Valliquerville (76),false,{76718},Commune,2026-03-24 14:42:08.818969+01,gold_establishments_2025,,,,21760718300019,2025,Collectivité Territoriale,Commune,['Seine-Maritime'],['Normandie'],COM,{76},{28}
cf65d09a-47e8-4c45-935e-8af30b7a3f11,212325708,Commune de Vallière (23),false,{23257},Commune,2026-03-24 14:41:55.958138+01,gold_establishments_2025,,,,21232570800015,2025,Collectivité Territoriale,Commune,['Creuse'],['Nouvelle-Aquitaine'],COM,{23},{75}
ec966493-3e81-46a8-a461-72a5c2f63045,211003819,Commune de Vallières (10),false,{10394},Commune,2026-03-24 14:41:53.095366+01,gold_establishments_2025,,,,21100381900011,2025,Collectivité Territoriale,Commune,['Aube'],['Grand Est'],COM,{10},{44}
6267e608-4612-414a-a4fc-a9223f4c26af,214102675,Commune de Vallières-les-Grandes (41),false,{41267},Commune,2026-03-24 14:42:00.273698+01,gold_establishments_2025,,,,21410267500011,2025,Collectivité Territoriale,Commune,['Loir-et-Cher'],['Centre-Val de Loire'],COM,{41},{24}
e03cb89d-148b-4c42-9326-7639b69f91c1,200081172,Commune de Vallières-sur-Fier (74),false,{74289},Commune,2026-03-24 14:42:08.818969+01,gold_establishments_2025,,,,20008117200013,2025,Collectivité Territoriale,Commune,['Haute-Savoie'],['Auvergne-Rhône-Alpes'],COM,{74},{84}
c12405d8-a6f3-4770-bda2-3c021f1aab14,217303064,Commune de Valloire (73),false,{73306},Commune,2026-03-24 14:42:08.279287+01,gold_establishments_2025,,,,21730306400018,2025,Collectivité Territoriale,Commune,['Savoie'],['Auvergne-Rhône-Alpes'],COM,{73},{84}
6cfb62d5-6fde-4796-92a9-11567b09bee8,200062768,Commune de Valloire-sur-Cisse (41),false,{41055},Commune,2026-03-24 14:42:00.273698+01,gold_establishments_2025,,,,20006276800011,2025,Collectivité Territoriale,Commune,['Loir-et-Cher'],['Centre-Val de Loire'],COM,{41},{24}
a9b21ac7-3f6e-4259-8e9e-b279c802129b,215405432,Commune de Vallois (54),false,{54543},Commune,2026-03-24 14:42:02.957225+01,gold_establishments_2025,,,,21540543200018,2025,Collectivité Territoriale,Commune,['Meurthe-et-Moselle'],['Grand Est'],COM,{54},{44}
ff5111c6-7376-487d-8f6b-045dbfc43e0f,210703302,Commune de Vallon-Pont-d'Arc (07),false,{07330},Commune,2026-03-24 14:41:52.562531+01,gold_establishments_2025,,,,21070330200013,2025,Collectivité Territoriale,Commune,['Ardèche'],['Auvergne-Rhône-Alpes'],COM,{07},{84}
b62c5175-0101-4835-bba6-2ba7ccf2244c,210302972,Commune de Vallon-en-Sully (03),false,{03297},Commune,2026-03-24 14:41:52.020251+01,gold_establishments_2025,,,,21030297200018,2025,Collectivité Territoriale,Commune,['Allier'],['Auvergne-Rhône-Alpes'],COM,{03},{84}
6a6c3871-3f3d-4783-9c0f-6e66064940f3,217203678,Commune de Vallon-sur-Gée (72),false,{72367},Commune,2026-03-24 14:42:08.279287+01,gold_establishments_2025,,,,21720367800016,2025,Collectivité Territoriale,Commune,['Sarthe'],['Pays de la Loire'],COM,{72},{52}
fc132538-3e7d-486e-ad0a-970a8b189a91,200078079,Commune de Vallons-de-l'Erdre (44),false,{44180},Commune,2026-03-24 14:42:00.862623+01,gold_establishments_2025,,,,20007807900015,2025,Collectivité Territoriale,Commune,['Loire-Atlantique'],['Pays de la Loire'],COM,{44},{52}
e0238312-250d-476d-a705-2f0f50e54734,217402908,Commune de Vallorcine (74),false,{74290},Commune,2026-03-24 14:42:08.818969+01,gold_establishments_2025,,,,21740290800016,2025,Collectivité Territoriale,Commune,['Haute-Savoie'],['Auvergne-Rhône-Alpes'],COM,{74},{84}
97847dd3-1202-475f-8755-ff1015b7246e,200064657,Commune de Vallouise-Pelvoux (05),false,{05101},Commune,2026-03-24 14:41:52.562531+01,gold_establishments_2025,,,,20006465700014,2025,Collectivité Territoriale,Commune,['Hautes-Alpes'],"[""Provence-Alpes-Côte d'Azur""]",COM,{05},{93}
2c549ca2-e60c-4fea-a27b-abc5950194db,213105661,Commune de Vallègue (31),false,{31566},Commune,2026-03-24 14:41:58.09424+01,gold_establishments_2025,,,,21310566100010,2025,Collectivité Territoriale,Commune,['Haute-Garonne'],['Occitanie'],COM,{31},{76}
5424fa62-e1d3-418f-9a88-80442592082f,213702640,Commune de Vallères (37),false,{37264},Commune,2026-03-24 14:41:59.160244+01,gold_establishments_2025,,,,21370264000011,2025,Collectivité Territoriale,Commune,['Indre-et-Loire'],['Centre-Val de Loire'],COM,{37},{24}
2a06f582-d7d8-40e3-8f98-94801106bb9d,200085173,Commune de Vallée-de-Ronsard (41),false,{41070},Commune,2026-03-24 14:42:00.273698+01,gold_establishments_2025,,,,20008517300017,2025,Collectivité Territoriale,Commune,['Loir-et-Cher'],['Centre-Val de Loire'],COM,{41},{24}
5d8fda11-f9af-41d7-868f-d0fadc33a2d2,200056307,Commune de Vallées en Champagne (02),false,{02053},Commune,2026-03-24 14:41:51.447482+01,gold_establishments_2025,,,,20005630700016,2025,Collectivité Territoriale,Commune,['Aisne'],['Hauts-de-France'],COM,{02},{32}
d7d9814a-0f56-4378-bc99-88f51e9ed1e6,200085165,Commune de Vallées-d'Antraigues-Asperjoc (07),false,{07011},Commune,2026-03-24 14:41:52.562531+01,gold_establishments_2025,,,,20008516500013,2025,Collectivité Territoriale,Commune,['Ardèche'],['Auvergne-Rhône-Alpes'],COM,{07},{84}
464ce78c-d464-471b-bd97-47c8cfb5bba6,213003387,Commune de Vallérargues (30),false,{30338},Commune,2026-03-24 14:41:57.56054+01,gold_establishments_2025,,,,21300338700015,2025,Collectivité Territoriale,Commune,['Gard'],['Occitanie'],COM,{30},{76}
658b3f05-b448-4eb7-9d66-bdcb138aadd7,216602219,Commune de Valmanya (66),false,{66221},Commune,2026-03-24 14:42:06.665412+01,gold_establishments_2025,,,,21660221900018,2025,Collectivité Territoriale,Commune,['Pyrénées-Orientales'],['Occitanie'],COM,{66},{76}
07781b08-9ea6-4448-9040-c5fcc7685cb1,213403231,Commune de Valmascle (34),false,{34323},Commune,2026-03-24 14:41:58.620411+01,gold_establishments_2025,,,,21340323100011,2025,Collectivité Territoriale,Commune,['Hérault'],['Occitanie'],COM,{34},{76}
a277c746-7414-4121-a041-4e2cb909674c,217303072,Commune de Valmeinier (73),false,{73307},Commune,2026-03-24 14:42:08.279287+01,gold_establishments_2025,,,,21730307200011,2025,Collectivité Territoriale,Commune,['Savoie'],['Auvergne-Rhône-Alpes'],COM,{73},{84}
63174b65-f72c-40f9-8197-eed05db6338f,215706896,Commune de Valmestroff (57),false,{57689},Commune,2026-03-24 14:42:04.280096+01,gold_establishments_2025,,,,21570689600010,2025,Collectivité Territoriale,Commune,['Moselle'],['Grand Est'],COM,{57},{44}
a9990249-3c71-437f-9a68-ed559d2531e3,211104021,Commune de Valmigère (11),false,{11402},Commune,2026-03-24 14:41:53.63825+01,gold_establishments_2025,,,,21110402100012,2025,Collectivité Territoriale,Commune,['Aude'],['Occitanie'],COM,{11},{76}
486b7b54-39b9-4a0a-97c1-ea54f23d7f1c,219506284,Commune de Valmondois (95),false,{95628},Commune,2026-03-24 14:42:11.659493+01,gold_establishments_2025,,,,21950628400013,2025,Collectivité Territoriale,Commune,"[""Val-d'Oise""]",['Île-de-France'],COM,{95},{11}
755f1eec-cfb3-420d-85b4-c20689a6be54,215706904,Commune de Valmont (57),false,{57690},Commune,2026-03-24 14:42:04.280096+01,gold_establishments_2025,,,,21570690400012,2025,Collectivité Territoriale,Commune,['Moselle'],['Grand Est'],COM,{57},{44}
b78efa5a-e0e5-4480-8355-5b7d79ac65bc,217607191,Commune de Valmont (76),false,{76719},Commune,2026-03-24 14:42:08.818969+01,gold_establishments_2025,,,,21760719100012,2025,Collectivité Territoriale,Commune,['Seine-Maritime'],['Normandie'],COM,{76},{28}
224ec8b7-7241-40ad-a5cb-835462344012,215706912,Commune de Valmunster (57),false,{57691},Commune,2026-03-24 14:42:04.280096+01,gold_establishments_2025,,,,21570691200015,2025,Collectivité Territoriale,Commune,['Moselle'],['Grand Est'],COM,{57},{44}
ab34be7a-d04b-4cb1-9f1e-a8ea2d3ac96a,215105461,Commune de Valmy (51),false,{51588},Commune,2026-03-24 14:42:01.954481+01,gold_establishments_2025,,,,21510546100010,2025,Collectivité Territoriale,Commune,['Marne'],['Grand Est'],COM,{51},{44}
2e638c7a-4ffd-4e93-ba18-305221da914a,215006156,Commune de Valognes (50),false,{50615},Commune,2026-03-24 14:42:01.412377+01,gold_establishments_2025,,,,21500615600016,2025,Collectivité Territoriale,Commune,['Manche'],['Normandie'],COM,{50},{28}
fac097c9-a71c-4605-bea1-459610f22350,212405633,Commune de Valojoulx (24),false,{24563},Commune,2026-03-24 14:41:55.958138+01,gold_establishments_2025,,,,21240563300018,2025,Collectivité Territoriale,Commune,['Dordogne'],['Nouvelle-Aquitaine'],COM,{24},{75}
2609437d-bbea-41b9-8da3-d7d0628c328e,212505838,Commune de Valonne (25),false,{25583},Commune,2026-03-24 14:41:56.495197+01,gold_establishments_2025,,,,21250583800012,2025,Collectivité Territoriale,Commune,['Doubs'],['Bourgogne-Franche-Comté'],COM,{25},{27}
a04072bd-e850-4f16-afb8-6157ec16e2c4,200058378,Commune de Valorbiquet (14),false,{14570},Commune,2026-03-24 14:41:54.362296+01,gold_establishments_2025,,,,20005837800015,2025,Collectivité Territoriale,Commune,['Calvados'],['Normandie'],COM,{14},{28}
425725f2-4ee3-47bc-8b31-0155fcbfe2e0,212505846,Commune de Valoreille (25),false,{25584},Commune,2026-03-24 14:41:56.495197+01,gold_establishments_2025,,,,21250584600015,2025,Collectivité Territoriale,Commune,['Doubs'],['Bourgogne-Franche-Comté'],COM,{25},{27}
de0f54e3-93c9-433f-83c4-6caaebb4ab71,212603633,Commune de Valouse (26),false,{26363},Commune,2026-03-24 14:41:56.495197+01,gold_establishments_2025,,,,21260363300018,2025,Collectivité Territoriale,Commune,['Drôme'],['Auvergne-Rhône-Alpes'],COM,{26},{84}
f3c78029-e732-44cb-9251-dd9b9eac88d4,214302499,Commune de Valprivas (43),false,{43249},Commune,2026-03-24 14:42:00.273698+01,gold_establishments_2025,,,,21430249900014,2025,Collectivité Territoriale,Commune,['Haute-Loire'],['Auvergne-Rhône-Alpes'],COM,{43},{84}
3a76d588-dcf1-47ab-bf3a-c75148847001,219106291,Commune de Valpuiseaux (91),false,{91629},Commune,2026-03-24 14:42:11.659493+01,gold_establishments_2025,,,,21910629100012,2025,Collectivité Territoriale,Commune,['Essonne'],['Île-de-France'],COM,{91},{11}
69d1eefd-f0b0-4d64-9184-e65b7df571a9,213403249,Commune de Valras-Plage (34),false,{34324},Commune,2026-03-24 14:41:58.620411+01,gold_establishments_2025,,,,21340324900013,2025,Collectivité Territoriale,Commune,['Hérault'],['Occitanie'],COM,{34},{76}
7ca28c6b-af39-41ef-b7de-bb5e0afe5997,200055747,Commune de Valravillon (89),false,{89196},Commune,2026-03-24 14:42:11.118516+01,gold_establishments_2025,,,,20005574700014,2025,Collectivité Territoriale,Commune,['Yonne'],['Bourgogne-Franche-Comté'],COM,{89},{27}
45e50c8b-6433-48a1-aef2-0e9835036111,200086411,Commune de Valromey-sur-Séran (01),false,{01036},Commune,2026-03-24 14:41:51.447482+01,gold_establishments_2025,,,,20008641100010,2025,Collectivité Territoriale,Commune,['Ain'],['Auvergne-Rhône-Alpes'],COM,{01},{84}
3cfdb20c-0d90-4a95-ad60-cb0ba06679c7,213403256,Commune de Valros (34),false,{34325},Commune,2026-03-24 14:41:58.620411+01,gold_establishments_2025,,,,21340325600018,2025,Collectivité Territoriale,Commune,['Hérault'],['Occitanie'],COM,{34},{76}
d10ef7b5-77db-4f20-933c-69b000568b38,218401388,Commune de Valréas (84),false,{84138},Commune,2026-03-24 14:42:10.508772+01,gold_establishments_2025,,,,21840138800010,2025,Collectivité Territoriale,Commune,['Vaucluse'],"[""Provence-Alpes-Côte d'Azur""]",COM,{84},{93}
31340584-be0e-478d-ab0e-bd8124767595,210903233,Commune de Vals (09),false,{09323},Commune,2026-03-24 14:41:53.095366+01,gold_establishments_2025,,,,21090323300018,2025,Collectivité Territoriale,Commune,['Ariège'],['Occitanie'],COM,{09},{76}
c4b14bf6-27c8-43fd-b480-14d7fd78c69f,215200668,Commune de Vals-des-Tilles (52),false,{52094},Commune,2026-03-24 14:42:01.954481+01,gold_establishments_2025,,,,21520066800014,2025,Collectivité Territoriale,Commune,['Haute-Marne'],['Grand Est'],COM,{52},{44}
defce189-5d3d-4294-9621-85d19c6d2993,214302507,Commune de Vals-le-Chastel (43),false,{43250},Commune,2026-03-24 14:42:00.273698+01,gold_establishments_2025,,,,21430250700014,2025,Collectivité Territoriale,Commune,['Haute-Loire'],['Auvergne-Rhône-Alpes'],COM,{43},{84}
f43050ef-5a39-478a-af15-ffac85a506d3,210703310,Commune de Vals-les-Bains (07),false,{07331},Commune,2026-03-24 14:41:52.562531+01,gold_establishments_2025,,,,21070331000016,2025,Collectivité Territoriale,Commune,['Ardèche'],['Auvergne-Rhône-Alpes'],COM,{07},{84}
5dc4397c-e35a-4d03-898f-f7b06ae6de3a,214302515,Commune de Vals-près-le-Puy (43),false,{43251},Commune,2026-03-24 14:42:00.273698+01,gold_establishments_2025,,,,21430251500017,2025,Collectivité Territoriale,Commune,['Haute-Loire'],['Auvergne-Rhône-Alpes'],COM,{43},{84}
319e9bc5-51c7-4342-aa7d-97b8f3d93785,211407234,Commune de Valsemé (14),false,{14723},Commune,2026-03-24 14:41:54.362296+01,gold_establishments_2025,,,,21140723400015,2025,Collectivité Territoriale,Commune,['Calvados'],['Normandie'],COM,{14},{28}
ca3b34e0-dab3-4638-8495-890f9bbdc88c,200083863,Commune de Valserhône (01),false,{01033},Commune,2026-03-24 14:41:51.447482+01,gold_establishments_2025,,,,20008386300015,2025,Collectivité Territoriale,Commune,['Ain'],['Auvergne-Rhône-Alpes'],COM,{01},{84}
43fcdb35-f105-4e76-be4f-2ec29bb7ddca,210501763,Commune de Valserres (05),false,{05176},Commune,2026-03-24 14:41:52.562531+01,gold_establishments_2025,,,,21050176300010,2025,Collectivité Territoriale,Commune,['Hautes-Alpes'],"[""Provence-Alpes-Côte d'Azur""]",COM,{05},{93}
7dac8614-3ccb-4c88-8622-d9eb9ef415e2,216902544,Commune de Valsonne (69),false,{69254},Commune,2026-03-24 14:42:07.735343+01,gold_establishments_2025,,,,21690254400016,2025,Collectivité Territoriale,Commune,['Rhône'],['Auvergne-Rhône-Alpes'],COM,{69},{84}
1b90a035-1fc2-4f10-a2ac-7858560e09d9,211502489,Commune de Valuéjols (15),false,{15248},Commune,2026-03-24 14:41:54.362296+01,gold_establishments_2025,,,,21150248900019,2025,Collectivité Territoriale,Commune,['Cantal'],['Auvergne-Rhône-Alpes'],COM,{15},{84}
0b8abb17-1b21-4b48-a2d2-ca5e78c3051e,210703328,Commune de Valvignères (07),false,{07332},Commune,2026-03-24 14:41:52.562531+01,gold_establishments_2025,,,,21070332800018,2025,Collectivité Territoriale,Commune,['Ardèche'],['Auvergne-Rhône-Alpes'],COM,{07},{84}
1a667262-f59d-447b-ab06-46a35cfb3e74,216304428,Commune de Valz-sous-Châteauneuf (63),false,{63442},Commune,2026-03-24 14:42:06.130387+01,gold_establishments_2025,,,,21630442800016,2025,Collectivité Territoriale,Commune,['Puy-de-Dôme'],['Auvergne-Rhône-Alpes'],COM,{63},{84}
273e4e99-0d0c-42c5-9eb2-b5ca1e95feac,211202890,Commune de Valzergues (12),false,{12289},Commune,2026-03-24 14:41:53.63825+01,gold_establishments_2025,,,,21120289000011,2025,Collectivité Territoriale,Commune,['Aveyron'],['Occitanie'],COM,{12},{76}
b473e600-13d0-4692-a7da-b3a7d8f6f835,200063220,Commune de Valzin en Petite Montagne (39),false,{39290},Commune,2026-03-24 14:41:59.705606+01,gold_establishments_2025,,,,20006322000012,2025,Collectivité Territoriale,Commune,['Jura'],['Bourgogne-Franche-Comté'],COM,{39},{27}
e6fac32e-ac8d-4100-996a-9d04d485aa72,215105479,Commune de Vanault-le-Châtel (51),false,{51589},Commune,2026-03-24 14:42:01.954481+01,gold_establishments_2025,,,,21510547900012,2025,Collectivité Territoriale,Commune,['Marne'],['Grand Est'],COM,{51},{44}
af998e2f-7af5-494b-834d-69f8c14cac13,215105487,Commune de Vanault-les-Dames (51),false,{51590},Commune,2026-03-24 14:42:01.954481+01,gold_establishments_2025,,,,21510548700015,2025,Collectivité Territoriale,Commune,['Marne'],['Grand Est'],COM,{51},{44}
f7cf57af-7a3a-44ba-96e0-f9d709913fb9,217203686,Commune de Vancé (72),false,{72368},Commune,2026-03-24 14:42:08.279287+01,gold_establishments_2025,,,,21720368600019,2025,Collectivité Territoriale,Commune,['Sarthe'],['Pays de la Loire'],COM,{72},{52}
ca5d733b-c77a-42bd-992e-6d9140722cb0,210104295,Commune de Vandeins (01),false,{01429},Commune,2026-03-24 14:41:51.447482+01,gold_establishments_2025,,,,21010429500014,2025,Collectivité Territoriale,Commune,['Ain'],['Auvergne-Rhône-Alpes'],COM,{01},{84}
f759d57c-e366-4a85-a58c-3785b8ee3ef1,215405440,Commune de Vandelainville (54),false,{54544},Commune,2026-03-24 14:42:02.957225+01,gold_establishments_2025,,,,21540544000011,2025,Collectivité Territoriale,Commune,['Meurthe-et-Moselle'],['Grand Est'],COM,{54},{44}
92d50960-f081-4e8c-b5c5-8731f9cd7c2e,217005198,Commune de Vandelans (70),false,{70519},Commune,2026-03-24 14:42:07.735343+01,gold_establishments_2025,,,,21700519800015,2025,Collectivité Territoriale,Commune,['Haute-Saône'],['Bourgogne-Franche-Comté'],COM,{70},{27}
ac32644b-a641-491d-ad45-06d48929af96,215405457,Commune de Vandeléville (54),false,{54545},Commune,2026-03-24 14:42:02.957225+01,gold_establishments_2025,,,,21540545700015,2025,Collectivité Territoriale,Commune,['Meurthe-et-Moselle'],['Grand Est'],COM,{54},{44}
0fbb2c4b-f9fd-4106-8417-62b165d9d3f3,215803016,Commune de Vandenesse (58),false,{58301},Commune,2026-03-24 14:42:04.280096+01,gold_establishments_2025,,,,21580301600017,2025,Collectivité Territoriale,Commune,['Nièvre'],['Bourgogne-Franche-Comté'],COM,{58},{27}
e80e52a1-9e50-4323-be1c-1bf779ad4ab9,212106520,Commune de Vandenesse-en-Auxois (21),false,{21652},Commune,2026-03-24 14:41:55.433389+01,gold_establishments_2025,,,,21210652000019,2025,Collectivité Territoriale,Commune,"[""Côte-d'Or""]",['Bourgogne-Franche-Comté'],COM,{21},{27}
c6a3c3f1-7fdf-4ade-9670-33c415e20b9e,215105495,Commune de Vandeuil (51),false,{51591},Commune,2026-03-24 14:42:01.954481+01,gold_establishments_2025,,,,21510549500018,2025,Collectivité Territoriale,Commune,['Marne'],['Grand Est'],COM,{51},{44}
be2a5585-c765-48c3-a5e5-9efa87f03f1b,215105503,Commune de Vandières (51),false,{51592},Commune,2026-03-24 14:42:01.954481+01,gold_establishments_2025,,,,21510550300019,2025,Collectivité Territoriale,Commune,['Marne'],['Grand Est'],COM,{51},{44}
1d6b5489-02e6-462a-9c16-85e1cc1c2623,215405465,Commune de Vandières (54),false,{54546},Commune,2026-03-24 14:42:02.957225+01,gold_establishments_2025,,,,21540546500059,2025,Collectivité Territoriale,Commune,['Meurthe-et-Moselle'],['Grand Est'],COM,{54},{44}
0213772b-fbe7-4152-a4c4-a382a5fe8ea7,212505861,Commune de Vandoncourt (25),false,{25586},Commune,2026-03-24 14:41:56.495197+01,gold_establishments_2025,,,,21250586100014,2025,Collectivité Territoriale,Commune,['Doubs'],['Bourgogne-Franche-Comté'],COM,{25},{27}
5d0f5dfc-1022-4c66-87eb-360857394238,212706709,Commune de Vandrimare (27),false,{27670},Commune,2026-03-24 14:41:57.028721+01,gold_establishments_2025,,,,21270670900012,2025,Collectivité Territoriale,Commune,['Eure'],['Normandie'],COM,{27},{28}
2737fcb0-e707-49fa-8b33-7d4212e84391,210804209,Commune de Vandy (08),false,{08461},Commune,2026-03-24 14:41:53.095366+01,gold_establishments_2025,,,,21080420900018,2025,Collectivité Territoriale,Commune,['Ardennes'],['Grand Est'],COM,{08},{44}
577c8831-bb98-491f-b8af-1359f6225e86,216006452,Commune de Vandélicourt (60),false,{60654},Commune,2026-03-24 14:42:04.814328+01,gold_establishments_2025,,,,21600645200017,2025,Collectivité Territoriale,Commune,['Oise'],['Hauts-de-France'],COM,{60},{32}
e4231f54-6e6e-4971-aab0-107f7fdbe2cb,215405473,Commune de Vandœuvre-lès-Nancy (54),false,{54547},Commune,2026-03-24 14:42:02.957225+01,gold_establishments_2025,,,,21540547300012,2025,Collectivité Territoriale,Commune,['Meurthe-et-Moselle'],['Grand Est'],COM,{54},{44}
60608a7f-a051-4e5e-96ea-4b184b0d4f32,211003827,Commune de Vanlay (10),false,{10395},Commune,2026-03-24 14:41:53.095366+01,gold_establishments_2025,,,,21100382700014,2025,Collectivité Territoriale,Commune,['Aube'],['Grand Est'],COM,{10},{44}
1d71d459-876a-45a0-815d-0e7e2b1c7885,212106538,Commune de Vannaire (21),false,{21653},Commune,2026-03-24 14:41:55.433389+01,gold_establishments_2025,,,,21210653800011,2025,Collectivité Territoriale,Commune,"[""Côte-d'Or""]",['Bourgogne-Franche-Comté'],COM,{21},{27}
163eea3d-9ac7-4988-9032-f6689825b27f,217005206,Commune de Vanne (70),false,{70520},Commune,2026-03-24 14:42:07.735343+01,gold_establishments_2025,,,,21700520600016,2025,Collectivité Territoriale,Commune,['Haute-Saône'],['Bourgogne-Franche-Comté'],COM,{70},{27}
6ee067df-2fbb-4f4f-8d28-b245c69e164b,215706920,Commune de Vannecourt (57),false,{57692},Commune,2026-03-24 14:42:04.280096+01,gold_establishments_2025,,,,21570692000018,2025,Collectivité Territoriale,Commune,['Moselle'],['Grand Est'],COM,{57},{44}
9ee9a4a9-2d80-440d-b860-95c7f267012f,212706717,Commune de Vannecrocq (27),false,{27671},Commune,2026-03-24 14:41:57.028721+01,gold_establishments_2025,,,,21270671700015,2025,Collectivité Territoriale,Commune,['Eure'],['Normandie'],COM,{27},{28}
3c70a208-8777-45e9-a488-d79f3d6de2d5,215602608,Commune de Vannes (56),false,{56260},Commune,2026-03-24 14:42:03.701372+01,gold_establishments_2025,,,,21560260800014,2025,Collectivité Territoriale,Commune,['Morbihan'],['Bretagne'],COM,{56},{53}
5f3617c1-f3e1-4176-99c4-9b9f1d31c7b7,215405481,Commune de Vannes-le-Châtel (54),false,{54548},Commune,2026-03-24 14:42:02.957225+01,gold_establishments_2025,,,,21540548100015,2025,Collectivité Territoriale,Commune,['Meurthe-et-Moselle'],['Grand Est'],COM,{54},{44}
46434d73-95de-4b4a-bc26-78c5853d900d,214503310,Commune de Vannes-sur-Cosson (45),false,{45331},Commune,2026-03-24 14:42:00.862623+01,gold_establishments_2025,,,,21450331000010,2025,Collectivité Territoriale,Commune,['Loiret'],['Centre-Val de Loire'],COM,{45},{24}
6192b1b2-3a57-480d-ab86-b95866cd112c,213905433,Commune de Vannoz (39),false,{39543},Commune,2026-03-24 14:41:59.705606+01,gold_establishments_2025,,,,21390543300016,2025,Collectivité Territoriale,Commune,['Jura'],['Bourgogne-Franche-Comté'],COM,{39},{27}
1fa440eb-8db2-4ec4-83d4-c181f11b20b9,210703336,Commune de Vanosc (07),false,{07333},Commune,2026-03-24 14:41:52.562531+01,gold_establishments_2025,,,,21070333600011,2025,Collectivité Territoriale,Commune,['Ardèche'],['Auvergne-Rhône-Alpes'],COM,{07},{84}
cdf46e70-57ac-4802-a1f4-4137d2d641cd,215706938,Commune de Vantoux (57),false,{57693},Commune,2026-03-24 14:42:04.280096+01,gold_establishments_2025,,,,21570693800010,2025,Collectivité Territoriale,Commune,['Moselle'],['Grand Est'],COM,{57},{44}
14cf0440-1cd2-4d34-af40-2ed893a4e343,217005214,Commune de Vantoux-et-Longevelle (70),false,{70521},Commune,2026-03-24 14:42:07.735343+01,gold_establishments_2025,,,,21700521400010,2025,Collectivité Territoriale,Commune,['Haute-Saône'],['Bourgogne-Franche-Comté'],COM,{70},{27}
5d02fc21-2559-4933-8e84-16207173d3f8,219200755,Commune de Vanves (92),false,{92075},Commune,2026-03-24 14:42:11.659493+01,gold_establishments_2025,,,,21920075500011,2025,Collectivité Territoriale,Commune,['Hauts-de-Seine'],['Île-de-France'],COM,{92},{11}
005fea60-8258-4ad3-bb63-d57b7f803bac,212106553,Commune de Vanvey (21),false,{21655},Commune,2026-03-24 14:41:55.433389+01,gold_establishments_2025,,,,21210655300010,2025,Collectivité Territoriale,Commune,"[""Côte-d'Or""]",['Bourgogne-Franche-Comté'],COM,{21},{27}
edb7447e-76e6-4f4a-8d75-c2cc031e46e1,217704816,Commune de Vanvillé (77),false,{77481},Commune,2026-03-24 14:42:09.43682+01,gold_establishments_2025,,,,21770481600016,2025,Collectivité Territoriale,Commune,['Seine-et-Marne'],['Île-de-France'],COM,{77},{11}
2eedd474-0d0b-4110-a4eb-4b5226a6fe61,212405641,Commune de Vanxains (24),false,{24564},Commune,2026-03-24 14:41:55.958138+01,gold_establishments_2025,,,,21240564100011,2025,Collectivité Territoriale,Commune,['Dordogne'],['Nouvelle-Aquitaine'],COM,{24},{75}
65c5e607-09f8-48f4-8725-e49db730c93c,215706946,Commune de Vany (57),false,{57694},Commune,2026-03-24 14:42:04.280096+01,gold_establishments_2025,,,,21570694600013,2025,Collectivité Territoriale,Commune,['Moselle'],['Grand Est'],COM,{57},{44}
8bff3d12-351e-4cd7-bbac-118d8f1090e7,211704580,Commune de Vanzac (17),false,{17458},Commune,2026-03-24 14:41:54.903238+01,gold_establishments_2025,,,,21170458000011,2025,Collectivité Territoriale,Commune,['Charente-Maritime'],['Nouvelle-Aquitaine'],COM,{17},{75}
c224d7ec-b5a5-4731-b7aa-4ba17f3325bb,217903384,Commune de Vanzay (79),false,{79338},Commune,2026-03-24 14:42:09.43682+01,gold_establishments_2025,,,,21790338400014,2025,Collectivité Territoriale,Commune,['Deux-Sèvres'],['Nouvelle-Aquitaine'],COM,{79},{75}
377b700a-1668-40d6-8121-a8055375d1ba,217402916,Commune de Vanzy (74),false,{74291},Commune,2026-03-24 14:42:08.818969+01,gold_establishments_2025,,,,21740291600019,2025,Collectivité Territoriale,Commune,['Haute-Savoie'],['Auvergne-Rhône-Alpes'],COM,{74},{84}
f4a9a896-3f77-4fae-a468-15d614a06e5c,217903368,Commune de Vançais (79),false,{79336},Commune,2026-03-24 14:42:09.43682+01,gold_establishments_2025,,,,21790336800017,2025,Collectivité Territoriale,Commune,['Deux-Sèvres'],['Nouvelle-Aquitaine'],COM,{79},{75}
5ad5af01-2285-4ead-b8fe-45555ad6465a,218103091,Commune de Vaour (81),false,{81309},Commune,2026-03-24 14:42:09.967209+01,gold_establishments_2025,,,,21810309100011,2025,Collectivité Territoriale,Commune,['Tarn'],['Occitanie'],COM,{81},{76}
d6f777b8-9aa4-4528-a814-772b9f580362,213805237,Commune de Varacieux (38),false,{38523},Commune,2026-03-24 14:41:59.705606+01,gold_establishments_2025,,,,21380523700012,2025,Collectivité Territoriale,Commune,['Isère'],['Auvergne-Rhône-Alpes'],COM,{38},{84}
a0e6b176-0c1b-4541-98c8-ac98b2f50f8b,218301455,Commune de Varages (83),false,{83145},Commune,2026-03-24 14:42:10.508772+01,gold_establishments_2025,,,,21830145500018,2025,Collectivité Territoriale,Commune,['Var'],"[""Provence-Alpes-Côte d'Azur""]",COM,{83},{93}
d2c3a991-f49a-4f44-9419-fbc6db9285f7,212405658,Commune de Varaignes (24),false,{24565},Commune,2026-03-24 14:41:55.958138+01,gold_establishments_2025,,,,21240565800015,2025,Collectivité Territoriale,Commune,['Dordogne'],['Nouvelle-Aquitaine'],COM,{24},{75}
4341898d-8aac-4054-a321-11cd17bb7b10,214603284,Commune de Varaire (46),false,{46328},Commune,2026-03-24 14:42:00.862623+01,gold_establishments_2025,,,,21460328400016,2025,Collectivité Territoriale,Commune,['Lot'],['Occitanie'],COM,{46},{76}
19a3066b-d52c-49d5-bb63-decd7cf4a3f0,211704598,Commune de Varaize (17),false,{17459},Commune,2026-03-24 14:41:54.903238+01,gold_establishments_2025,,,,21170459800013,2025,Collectivité Territoriale,Commune,['Charente-Maritime'],['Nouvelle-Aquitaine'],COM,{17},{75}
9e37f49f-7a73-4152-a9b2-87efd8672bdf,210104303,Commune de Varambon (01),false,{01430},Commune,2026-03-24 14:41:51.447482+01,gold_establishments_2025,,,,21010430300016,2025,Collectivité Territoriale,Commune,['Ain'],['Auvergne-Rhône-Alpes'],COM,{01},{84}
1c369dd3-8b01-487e-be40-2b601e651689,212106561,Commune de Varanges (21),false,{21656},Commune,2026-03-24 14:41:55.433389+01,gold_establishments_2025,,,,21210656100013,2025,Collectivité Territoriale,Commune,"[""Côte-d'Or""]",['Bourgogne-Franche-Comté'],COM,{21},{27}
1c60496c-b44d-40d7-b306-c465d874d9b5,215405499,Commune de Varangéville (54),false,{54549},Commune,2026-03-24 14:42:02.957225+01,gold_establishments_2025,,,,21540549900017,2025,Collectivité Territoriale,Commune,['Meurthe-et-Moselle'],['Grand Est'],COM,{54},{44}
ec1d70f4-d63e-4d62-be61-82a5c8b9db60,211407242,Commune de Varaville (14),false,{14724},Commune,2026-03-24 14:41:54.362296+01,gold_establishments_2025,,,,21140724200018,2025,Collectivité Territoriale,Commune,['Calvados'],['Normandie'],COM,{14},{28}
15966737-e888-4ebb-a60b-beaa74f58a90,213805245,Commune de Varces-Allières-et-Risset (38),false,{38524},Commune,2026-03-24 14:41:59.705606+01,gold_establishments_2025,,,,21380524500015,2025,Collectivité Territoriale,Commune,['Isère'],['Auvergne-Rhône-Alpes'],COM,{38},{84}
9ccf6bd6-0003-4480-9f6a-9cfe613b7e13,212325807,Commune de Vareilles (23),false,{23258},Commune,2026-03-24 14:41:55.958138+01,gold_establishments_2025,,,,21232580700015,2025,Collectivité Territoriale,Commune,['Creuse'],['Nouvelle-Aquitaine'],COM,{23},{75}
e1eb8c48-a81f-4179-8206-129a0ad3455d,217105535,Commune de Vareilles (71),false,{71553},Commune,2026-03-24 14:42:08.279287+01,gold_establishments_2025,,,,21710553500017,2025,Collectivité Territoriale,Commune,['Saône-et-Loire'],['Bourgogne-Franche-Comté'],COM,{71},{27}
77f3f078-074c-4a9b-a7f9-13eb7e6e8dfe,218201879,Commune de Varen (82),false,{82187},Commune,2026-03-24 14:42:10.508772+01,gold_establishments_2025,,,,21820187900010,2025,Collectivité Territoriale,Commune,['Tarn-et-Garonne'],['Occitanie'],COM,{82},{76}
826a6002-5d78-464a-8748-d6c8aa893037,217607209,Commune de Varengeville-sur-Mer (76),false,{76720},Commune,2026-03-24 14:42:08.818969+01,gold_establishments_2025,,,,21760720900012,2025,Collectivité Territoriale,Commune,['Seine-Maritime'],['Normandie'],COM,{76},{28}
03d15226-197f-464c-bba7-cf85b47d191a,215006172,Commune de Varenguebec (50),false,{50617},Commune,2026-03-24 14:42:01.412377+01,gold_establishments_2025,,,,21500617200013,2025,Collectivité Territoriale,Commune,['Manche'],['Normandie'],COM,{50},{28}
960bc7d2-9661-4f59-bcd7-458daeb8dd31,217105576,Commune de Varenne-Saint-Germain (71),false,{71557},Commune,2026-03-24 14:42:08.279287+01,gold_establishments_2025,,,,21710557600011,2025,Collectivité Territoriale,Commune,['Saône-et-Loire'],['Bourgogne-Franche-Comté'],COM,{71},{27}
ee5dbbd0-a52a-461c-a80b-37c1b276259f,217105543,Commune de Varenne-l'Arconce (71),false,{71554},Commune,2026-03-24 14:42:08.279287+01,gold_establishments_2025,,,,21710554300011,2025,Collectivité Territoriale,Commune,['Saône-et-Loire'],['Bourgogne-Franche-Comté'],COM,{71},{27}
5ff59c6a-2f3c-4184-8891-01ccc0a3af76,212405666,Commune de Varennes (24),false,{24566},Commune,2026-03-24 14:41:55.958138+01,gold_establishments_2025,,,,21240566600018,2025,Collectivité Territoriale,Commune,['Dordogne'],['Nouvelle-Aquitaine'],COM,{24},{75}
337380ff-a93c-468a-adf7-311bd4841587,213105687,Commune de Varennes (31),false,{31568},Commune,2026-03-24 14:41:58.09424+01,gold_establishments_2025,,,,21310568700015,2025,Collectivité Territoriale,Commune,['Haute-Garonne'],['Occitanie'],COM,{31},{76}
24a7827b-1312-4441-a6e4-749d1cbe65ae,213702657,Commune de Varennes (37),false,{37265},Commune,2026-03-24 14:41:59.160244+01,gold_establishments_2025,,,,21370265700015,2025,Collectivité Territoriale,Commune,['Indre-et-Loire'],['Centre-Val de Loire'],COM,{37},{24}
e626ad1b-9c73-4c97-bc19-02bc0eb6a50e,218007276,Commune de Varennes (80),false,{80776},Commune,2026-03-24 14:42:09.967209+01,gold_establishments_2025,,,,21800727600015,2025,Collectivité Territoriale,Commune,['Somme'],['Hauts-de-France'],COM,{80},{32}
dd558404-c143-4a72-b847-e7ca05340e2b,218201887,Commune de Varennes (82),false,{82188},Commune,2026-03-24 14:42:10.508772+01,gold_establishments_2025,,,,21820188700013,2025,Collectivité Territoriale,Commune,['Tarn-et-Garonne'],['Occitanie'],COM,{82},{76}
c22c4711-9190-4fa4-a2a8-6526d7d466c3,218904308,Commune de Varennes (89),false,{89430},Commune,2026-03-24 14:42:11.659493+01,gold_establishments_2025,,,,21890430800010,2025,Collectivité Territoriale,Commune,['Yonne'],['Bourgogne-Franche-Comté'],COM,{89},{27}
5fb9c014-dd2a-4b88-b700-fa4e315b729e,214503328,Commune de Varennes-Changy (45),false,{45332},Commune,2026-03-24 14:42:00.862623+01,gold_establishments_2025,,,,21450332800012,2025,Collectivité Territoriale,Commune,['Loiret'],['Centre-Val de Loire'],COM,{45},{24}
9cba63f8-e06d-4cb4-b0b8-197f0e9e138d,219106317,Commune de Varennes-Jarcy (91),false,{91631},Commune,2026-03-24 14:42:11.659493+01,gold_establishments_2025,,,,21910631700015,2025,Collectivité Territoriale,Commune,['Essonne'],['Île-de-France'],COM,{91},{11}
a0334e33-c59e-4840-b89e-b28a74b81423,214302523,Commune de Varennes-Saint-Honorat (43),false,{43252},Commune,2026-03-24 14:42:00.273698+01,gold_establishments_2025,,,,21430252300011,2025,Collectivité Territoriale,Commune,['Haute-Loire'],['Auvergne-Rhône-Alpes'],COM,{43},{84}
8d469c0e-74de-49b8-a7e6-5cb45894232d,217105584,Commune de Varennes-Saint-Sauveur (71),false,{71558},Commune,2026-03-24 14:42:08.279287+01,gold_establishments_2025,,,,21710558400015,2025,Collectivité Territoriale,Commune,['Saône-et-Loire'],['Bourgogne-Franche-Comté'],COM,{71},{27}
ab7d09a0-787b-49b1-9418-35a0737d05e1,215803032,Commune de Varennes-Vauzelles (58),false,{58303},Commune,2026-03-24 14:42:04.280096+01,gold_establishments_2025,,,,21580303200014,2025,Collectivité Territoriale,Commune,['Nièvre'],['Bourgogne-Franche-Comté'],COM,{58},{27}
115cf9fb-cc56-4322-8e35-e7066d646420,215505272,Commune de Varennes-en-Argonne (55),false,{55527},Commune,2026-03-24 14:42:03.701372+01,gold_establishments_2025,,,,21550527200017,2025,Collectivité Territoriale,Commune,['Meuse'],['Grand Est'],COM,{55},{44}
bd0f0428-91a8-4a0e-9f78-3ede7f55bad4,217105550,Commune de Varennes-le-Grand (71),false,{71555},Commune,2026-03-24 14:42:08.279287+01,gold_establishments_2025,,,,21710555000016,2025,Collectivité Territoriale,Commune,['Saône-et-Loire'],['Bourgogne-Franche-Comté'],COM,{71},{27}
24e467f2-2d95-4e2a-b315-4cf51894059a,217105568,Commune de Varennes-lès-Mâcon (71),false,{71556},Commune,2026-03-24 14:42:08.279287+01,gold_establishments_2025,,,,21710556800018,2025,Collectivité Territoriale,Commune,['Saône-et-Loire'],['Bourgogne-Franche-Comté'],COM,{71},{27}
66ffb6d1-089a-45d8-b31c-421c52ed0b9d,215803024,Commune de Varennes-lès-Narcy (58),false,{58302},Commune,2026-03-24 14:42:04.280096+01,gold_establishments_2025,,,,21580302400011,2025,Collectivité Territoriale,Commune,['Nièvre'],['Bourgogne-Franche-Comté'],COM,{58},{27}
38d5f442-dfbd-42b5-8624-1f1923a89c81,217105592,Commune de Varennes-sous-Dun (71),false,{71559},Commune,2026-03-24 14:42:08.279287+01,gold_establishments_2025,,,,21710559200018,2025,Collectivité Territoriale,Commune,['Saône-et-Loire'],['Bourgogne-Franche-Comté'],COM,{71},{27}
d14dce74-846a-441a-9f47-f4735f53d6e0,210302980,Commune de Varennes-sur-Allier (03),false,{03298},Commune,2026-03-24 14:41:52.020251+01,gold_establishments_2025,,,,21030298000011,2025,Collectivité Territoriale,Commune,['Allier'],['Auvergne-Rhône-Alpes'],COM,{03},{84}
46a9443b-f1e5-4a18-8109-d0bbcf7a48de,215203589,Commune de Varennes-sur-Amance (52),false,{52504},Commune,2026-03-24 14:42:01.954481+01,gold_establishments_2025,,,,21520358900019,2025,Collectivité Territoriale,Commune,['Haute-Marne'],['Grand Est'],COM,{52},{44}
dbd41d42-01db-4a0a-a23e-1a7aab1338dc,214903619,Commune de Varennes-sur-Loire (49),false,{49361},Commune,2026-03-24 14:42:01.412377+01,gold_establishments_2025,,,,21490361900010,2025,Collectivité Territoriale,Commune,['Maine-et-Loire'],['Pays de la Loire'],COM,{49},{52}
3009ae2c-6224-441b-90a0-54e08bc3d485,216304436,Commune de Varennes-sur-Morge (63),false,{63443},Commune,2026-03-24 14:42:06.130387+01,gold_establishments_2025,,,,21630443600019,2025,Collectivité Territoriale,Commune,['Puy-de-Dôme'],['Auvergne-Rhône-Alpes'],COM,{63},{84}
64ce1b61-347b-468f-b304-fe573bd285ce,217704824,Commune de Varennes-sur-Seine (77),false,{77482},Commune,2026-03-24 14:42:09.43682+01,gold_establishments_2025,,,,21770482400010,2025,Collectivité Territoriale,Commune,['Seine-et-Marne'],['Île-de-France'],COM,{77},{11}
4f8ccc21-2812-4206-8c22-0f0b01e187c9,210302998,Commune de Varennes-sur-Tèche (03),false,{03299},Commune,2026-03-24 14:41:52.020251+01,gold_establishments_2025,,,,21030299800013,2025,Collectivité Territoriale,Commune,['Allier'],['Auvergne-Rhône-Alpes'],COM,{03},{84}
6ae5c7ef-974a-40af-b245-cfb1c55d0de7,216304444,Commune de Varennes-sur-Usson (63),false,{63444},Commune,2026-03-24 14:42:06.130387+01,gold_establishments_2025,,,,21630444400013,2025,Collectivité Territoriale,Commune,['Puy-de-Dôme'],['Auvergne-Rhône-Alpes'],COM,{63},{84}
386b7054-328c-4e44-bab6-91a43ef13afc,216006460,Commune de Varesnes (60),false,{60655},Commune,2026-03-24 14:42:04.814328+01,gold_establishments_2025,,,,21600646000010,2025,Collectivité Territoriale,Commune,['Oise'],['Hauts-de-France'],COM,{60},{32}
14a51833-e33f-4113-b1e9-2d148e02e4a2,211927801,Commune de Varetz (19),false,{19278},Commune,2026-03-24 14:41:55.433389+01,gold_establishments_2025,,,,21192780100012,2025,Collectivité Territoriale,Commune,['Corrèze'],['Nouvelle-Aquitaine'],COM,{19},{75}
11480ae6-6dd6-4752-803f-2ff35b170be7,210903241,Commune de Varilhes (09),false,{09324},Commune,2026-03-24 14:41:53.095366+01,gold_establishments_2025,,,,21090324100011,2025,Collectivité Territoriale,Commune,['Ariège'],['Occitanie'],COM,{09},{76}
55edb9ff-496a-4cb9-ba0f-7044011877c2,216006478,Commune de Varinfroy (60),false,{60656},Commune,2026-03-24 14:42:04.814328+01,gold_establishments_2025,,,,21600647800012,2025,Collectivité Territoriale,Commune,['Oise'],['Hauts-de-France'],COM,{60},{32}
5633fc1b-d9bd-4bae-b45d-bf5981709527,210207346,Commune de Variscourt (02),false,{02761},Commune,2026-03-24 14:41:52.020251+01,gold_establishments_2025,,,,21020734600011,2025,Collectivité Territoriale,Commune,['Aisne'],['Hauts-de-France'],COM,{02},{32}
a5051c7e-c4f6-4451-bcab-7cc3a5ec4f3f,212804009,Commune de Varize (28),false,{28400},Commune,2026-03-24 14:41:57.028721+01,gold_establishments_2025,,,,21280400900018,2025,Collectivité Territoriale,Commune,['Eure-et-Loir'],['Centre-Val de Loire'],COM,{28},{24}
fae7e10c-95a5-45bb-97ed-f59b1aaed3fa,215706953,Commune de Varize-Vaudoncourt (57),false,{57695},Commune,2026-03-24 14:42:04.280096+01,gold_establishments_2025,,,,21570695300019,2025,Collectivité Territoriale,Commune,['Moselle'],['Grand Est'],COM,{57},{44}
ce4e218a-5696-4e33-9227-4ee5c0010d1f,218804938,Commune de Varmonzey (88),false,{88493},Commune,2026-03-24 14:42:11.118516+01,gold_establishments_2025,,,,21880493800015,2025,Collectivité Territoriale,Commune,['Vosges'],['Grand Est'],COM,{88},{44}
a8fbcbcf-5a2a-4f38-8c8a-4711e6a2ca75,217607217,Commune de Varneville-Bretteville (76),false,{76721},Commune,2026-03-24 14:42:08.818969+01,gold_establishments_2025,,,,21760721700015,2025,Collectivité Territoriale,Commune,['Seine-Maritime'],['Normandie'],COM,{76},{28}
5d6cdbb1-4096-440e-9ce7-df9f7ed81812,215505280,Commune de Varnéville (55),false,{55528},Commune,2026-03-24 14:42:03.701372+01,gold_establishments_2025,,,,21550528000010,2025,Collectivité Territoriale,Commune,['Meuse'],['Grand Est'],COM,{55},{44}
6aa7549b-99fa-49b3-8767-de9baa0a3495,217005222,Commune de Varogne (70),false,{70522},Commune,2026-03-24 14:42:07.735343+01,gold_establishments_2025,,,,21700522200013,2025,Collectivité Territoriale,Commune,['Haute-Saône'],['Bourgogne-Franche-Comté'],COM,{70},{27}
3786b2f9-05b4-4676-ab6f-68df2b31e7b5,212106579,Commune de Varois-et-Chaignot (21),false,{21657},Commune,2026-03-24 14:41:55.433389+01,gold_establishments_2025,,,,21210657900015,2025,Collectivité Territoriale,Commune,"[""Côte-d'Or""]",['Bourgogne-Franche-Comté'],COM,{21},{27}
bd219009-6614-492e-a71d-75eef8adc954,215006180,Commune de Varouville (50),false,{50618},Commune,2026-03-24 14:42:01.412377+01,gold_establishments_2025,,,,21500618000016,2025,Collectivité Territoriale,Commune,['Manche'],['Normandie'],COM,{50},{28}
0391b7bf-9116-47f3-b2a9-c9a58f7830bb,214903627,Commune de Varrains (49),false,{49362},Commune,2026-03-24 14:42:01.412377+01,gold_establishments_2025,,,,21490362700013,2025,Collectivité Territoriale,Commune,['Maine-et-Loire'],['Pays de la Loire'],COM,{49},{52}
1f3da561-4e17-4b7f-8263-77511dddbe6c,217704832,Commune de Varreddes (77),false,{77483},Commune,2026-03-24 14:42:09.43682+01,gold_establishments_2025,,,,21770483200013,2025,Collectivité Territoriale,Commune,['Seine-et-Marne'],['Île-de-France'],COM,{77},{11}
a89e9b66-d625-419b-b5d9-8d25fedd290e,210501771,Commune de Vars (05),false,{05177},Commune,2026-03-24 14:41:52.562531+01,gold_establishments_2025,,,,21050177100013,2025,Collectivité Territoriale,Commune,['Hautes-Alpes'],"[""Provence-Alpes-Côte d'Azur""]",COM,{05},{93}
b50eb31d-c9b8-42b2-8e19-af09e04f32e3,217005230,Commune de Vars (70),false,{70523},Commune,2026-03-24 14:42:07.735343+01,gold_establishments_2025,,,,21700523000016,2025,Collectivité Territoriale,Commune,['Haute-Saône'],['Bourgogne-Franche-Comté'],COM,{70},{27}
00f5fc76-f564-4bea-a11e-feece542a5ce,211927900,Commune de Vars-sur-Roseix (19),false,{19279},Commune,2026-03-24 14:41:55.433389+01,gold_establishments_2025,,,,21192790000012,2025,Collectivité Territoriale,Commune,['Corrèze'],['Nouvelle-Aquitaine'],COM,{19},{75}
c5735da6-1d3b-47a7-9963-71ef8fb52758,215706961,Commune de Varsberg (57),false,{57696},Commune,2026-03-24 14:42:04.280096+01,gold_establishments_2025,,,,21570696100012,2025,Collectivité Territoriale,Commune,['Moselle'],['Grand Est'],COM,{57},{44}
f4dade22-fd4d-4127-9dc8-2d3a5be26604,211704606,Commune de Varzay (17),false,{17460},Commune,2026-03-24 14:41:54.903238+01,gold_establishments_2025,,,,21170460600014,2025,Collectivité Territoriale,Commune,['Charente-Maritime'],['Nouvelle-Aquitaine'],COM,{17},{75}
60134571-2297-4ea9-930d-4e9c044ffb80,215803040,Commune de Varzy (58),false,{58304},Commune,2026-03-24 14:42:04.280096+01,gold_establishments_2025,,,,21580304000017,2025,Collectivité Territoriale,Commune,['Nièvre'],['Bourgogne-Franche-Comté'],COM,{58},{27}
9d625b12-c5cc-49e2-8b8d-85658d037ac7,214703167,Commune de Varès (47),false,{47316},Commune,2026-03-24 14:42:01.412377+01,gold_establishments_2025,,,,21470316700012,2025,Collectivité Territoriale,Commune,['Lot-et-Garonne'],['Nouvelle-Aquitaine'],COM,{47},{75}
099a89c2-3fd3-479b-baf0-95f4214d56af,212706725,Commune de Vascœuil (27),false,{27672},Commune,2026-03-24 14:41:57.028721+01,gold_establishments_2025,,,,21270672500018,2025,Collectivité Territoriale,Commune,['Eure'],['Normandie'],COM,{27},{28}
71beaaef-184d-4d72-9f7b-2ae59242f56e,217903392,Commune de Vasles (79),false,{79339},Commune,2026-03-24 14:42:09.43682+01,gold_establishments_2025,,,,21790339200017,2025,Collectivité Territoriale,Commune,['Deux-Sèvres'],['Nouvelle-Aquitaine'],COM,{79},{75}
c860cc15-3f7f-4144-b425-f8853f8677ba,215706979,Commune de Vasperviller (57),false,{57697},Commune,2026-03-24 14:42:04.280096+01,gold_establishments_2025,,,,21570697900014,2025,Collectivité Territoriale,Commune,['Moselle'],['Grand Est'],COM,{57},{44}
409a4a4d-a3f0-46ee-9b64-2fc705705996,216304451,Commune de Vassel (63),false,{63445},Commune,2026-03-24 14:42:06.130387+01,gold_establishments_2025,,,,21630445100018,2025,Collectivité Territoriale,Commune,['Puy-de-Dôme'],['Auvergne-Rhône-Alpes'],COM,{63},{84}
40270bcc-b0ab-4202-8d60-2b6045946396,211802715,Commune de Vasselay (18),false,{18271},Commune,2026-03-24 14:41:54.903238+01,gold_establishments_2025,,,,21180271500014,2025,Collectivité Territoriale,Commune,['Cher'],['Centre-Val de Loire'],COM,{18},{24}
b3210104-a046-42a0-a7ab-b99cd854fd28,213805252,Commune de Vasselin (38),false,{38525},Commune,2026-03-24 14:41:59.705606+01,gold_establishments_2025,,,,21380525200011,2025,Collectivité Territoriale,Commune,['Isère'],['Auvergne-Rhône-Alpes'],COM,{38},{84}
ffc5c0e6-a12d-4e34-be61-5f91668a8a12,210207353,Commune de Vassens (02),false,{02762},Commune,2026-03-24 14:41:52.020251+01,gold_establishments_2025,,,,21020735300017,2025,Collectivité Territoriale,Commune,['Aisne'],['Hauts-de-France'],COM,{02},{32}
21d4d60d-82c5-4c60-bf47-13bb861965ec,210207361,Commune de Vasseny (02),false,{02763},Commune,2026-03-24 14:41:52.020251+01,gold_establishments_2025,,,,21020736100010,2025,Collectivité Territoriale,Commune,['Aisne'],['Hauts-de-France'],COM,{02},{32}
455b3020-34aa-44bc-a01a-33134ef2caf7,212603641,Commune de Vassieux-en-Vercors (26),false,{26364},Commune,2026-03-24 14:41:56.495197+01,gold_establishments_2025,,,,21260364100011,2025,Collectivité Territoriale,Commune,['Drôme'],['Auvergne-Rhône-Alpes'],COM,{26},{84}
9ee790bd-6fdf-4fbe-838a-419be0ba76fe,215105511,Commune de Vassimont-et-Chapelaine (51),false,{51594},Commune,2026-03-24 14:42:01.954481+01,gold_establishments_2025,,,,21510551100012,2025,Collectivité Territoriale,Commune,['Marne'],['Grand Est'],COM,{51},{44}
6f54a290-4b0e-4524-a767-77d9accba568,215505314,Commune de Vassincourt (55),false,{55531},Commune,2026-03-24 14:42:03.701372+01,gold_establishments_2025,,,,21550531400017,2025,Collectivité Territoriale,Commune,['Meuse'],['Grand Est'],COM,{55},{44}
af2645bb-15e4-4e15-83f8-a74f4cd003ea,210207379,Commune de Vassogne (02),false,{02764},Commune,2026-03-24 14:41:52.020251+01,gold_establishments_2025,,,,21020737900012,2025,Collectivité Territoriale,Commune,['Aisne'],['Hauts-de-France'],COM,{02},{32}
31936a0f-47e3-435d-9b14-5222443f8d19,217607233,Commune de Vassonville (76),false,{76723},Commune,2026-03-24 14:42:08.818969+01,gold_establishments_2025,,,,21760723300012,2025,Collectivité Territoriale,Commune,['Seine-Maritime'],['Normandie'],COM,{76},{28}
e013935f-1f76-4293-b734-f63020677870,218904316,Commune de Vassy-sous-Pisy (89),false,{89431},Commune,2026-03-24 14:42:11.659493+01,gold_establishments_2025,,,,21890431600013,2025,Collectivité Territoriale,Commune,['Yonne'],['Bourgogne-Franche-Comté'],COM,{89},{27}
9406fa35-3e56-4ed6-918d-b580f99a862f,213602303,Commune de Vatan (36),false,{36230},Commune,2026-03-24 14:41:59.160244+01,gold_establishments_2025,,,,21360230300017,2025,Collectivité Territoriale,Commune,['Indre'],['Centre-Val de Loire'],COM,{36},{24}
b00b0dbb-dab0-464e-bfcc-736c28ee7669,215405507,Commune de Vathiménil (54),false,{54550},Commune,2026-03-24 14:42:02.957225+01,gold_establishments_2025,,,,21540550700017,2025,Collectivité Territoriale,Commune,['Meurthe-et-Moselle'],['Grand Est'],COM,{54},{44}
b2a9dbbf-055e-4892-b3b8-13f764d4a4e1,217607241,Commune de Vatierville (76),false,{76724},Commune,2026-03-24 14:42:08.818969+01,gold_establishments_2025,,,,21760724100015,2025,Collectivité Territoriale,Commune,['Seine-Maritime'],['Normandie'],COM,{76},{28}
b25a5a45-1c11-476b-a9aa-cf77c2f31e02,213805260,Commune de Vatilieu (38),false,{38526},Commune,2026-03-24 14:41:59.705606+01,gold_establishments_2025,,,,21380526000014,2025,Collectivité Territoriale,Commune,['Isère'],['Auvergne-Rhône-Alpes'],COM,{38},{84}
6752ddb2-d8a9-4434-b024-e82a03f2cdfb,215706987,Commune de Vatimont (57),false,{57698},Commune,2026-03-24 14:42:04.280096+01,gold_establishments_2025,,,,21570698700017,2025,Collectivité Territoriale,Commune,['Moselle'],['Grand Est'],COM,{57},{44}
fa2e2f5c-5408-40d6-bec6-73313ca56c5c,215105529,Commune de Vatry (51),false,{51595},Commune,2026-03-24 14:42:01.954481+01,gold_establishments_2025,,,,21510552900014,2025,Collectivité Territoriale,Commune,['Marne'],['Grand Est'],COM,{51},{44}
9437292d-3df4-4d85-b0d6-c27e6034638a,217607258,Commune de Vattetot-sous-Beaumont (76),false,{76725},Commune,2026-03-24 14:42:08.818969+01,gold_establishments_2025,,,,21760725800019,2025,Collectivité Territoriale,Commune,['Seine-Maritime'],['Normandie'],COM,{76},{28}
d9ff3d42-6bb5-4d97-8260-8406cde325f2,217607266,Commune de Vattetot-sur-Mer (76),false,{76726},Commune,2026-03-24 14:42:08.818969+01,gold_establishments_2025,,,,21760726600012,2025,Collectivité Territoriale,Commune,['Seine-Maritime'],['Normandie'],COM,{76},{28}
bf5c13ab-64aa-44ee-8db5-a545a7b8e6eb,212706733,Commune de Vatteville (27),false,{27673},Commune,2026-03-24 14:41:57.028721+01,gold_establishments_2025,,,,21270673300012,2025,Collectivité Territoriale,Commune,['Eure'],['Normandie'],COM,{27},{28}
601874f7-032e-443f-a6c6-b015aeae25d0,217607274,Commune de Vatteville-la-Rue (76),false,{76727},Commune,2026-03-24 14:42:08.818969+01,gold_establishments_2025,,,,21760727400016,2025,Collectivité Territoriale,Commune,['Seine-Maritime'],['Normandie'],COM,{76},{28}
3d6231ef-269a-4f0c-b205-167755481f8d,217105618,Commune de Vauban (71),false,{71561},Commune,2026-03-24 14:42:08.279287+01,gold_establishments_2025,,,,21710561800011,2025,Collectivité Territoriale,Commune,['Saône-et-Loire'],['Bourgogne-Franche-Comté'],COM,{71},{27}
585497dd-987f-45f5-a049-221500270224,215505322,Commune de Vaubecourt (55),false,{55532},Commune,2026-03-24 14:42:03.701372+01,gold_establishments_2025,,,,21550532200010,2025,Collectivité Territoriale,Commune,['Meuse'],['Grand Est'],COM,{55},{44}
46bb3c4d-687b-4877-84de-e22e5d803796,218804946,Commune de Vaubexy (88),false,{88494},Commune,2026-03-24 14:42:11.118516+01,gold_establishments_2025,,,,21880494600018,2025,Collectivité Territoriale,Commune,['Vosges'],['Grand Est'],COM,{88},{44}
872c8a3f-838e-4e38-a9b6-38d107bc8535,211407283,Commune de Vaucelles (14),false,{14728},Commune,2026-03-24 14:41:54.362296+01,gold_establishments_2025,,,,21140728300012,2025,Collectivité Territoriale,Commune,['Calvados'],['Normandie'],COM,{14},{28}
ecfd7c8b-aedd-4f61-a1fe-ff101aa6b545,210207387,Commune de Vaucelles-et-Beffecourt (02),false,{02765},Commune,2026-03-24 14:41:52.020251+01,gold_establishments_2025,,,,21020738700015,2025,Collectivité Territoriale,Commune,['Aisne'],['Hauts-de-France'],COM,{02},{32}
2d0dfde1-ef1a-412f-948c-559c6ed937f1,215105537,Commune de Vauchamps (51),false,{51596},Commune,2026-03-24 14:42:01.954481+01,gold_establishments_2025,,,,21510553700017,2025,Collectivité Territoriale,Commune,['Marne'],['Grand Est'],COM,{51},{44}
0c23770d-99f1-4181-886b-cd336e3dd2b7,211003835,Commune de Vauchassis (10),false,{10396},Commune,2026-03-24 14:41:53.095366+01,gold_establishments_2025,,,,21100383500017,2025,Collectivité Territoriale,Commune,['Aube'],['Grand Est'],COM,{10},{44}
5dbab757-9562-4842-ae53-874d695463ae,216006486,Commune de Vauchelles (60),false,{60657},Commune,2026-03-24 14:42:04.814328+01,gold_establishments_2025,,,,21600648600015,2025,Collectivité Territoriale,Commune,['Oise'],['Hauts-de-France'],COM,{60},{32}
74dda77c-2720-4a52-8507-3fbd4f006f16,218007300,Commune de Vauchelles-les-Quesnoy (80),false,{80779},Commune,2026-03-24 14:42:09.967209+01,gold_establishments_2025,,,,21800730000013,2025,Collectivité Territoriale,Commune,['Somme'],['Hauts-de-France'],COM,{80},{32}
e5eecfe7-1fac-4e68-b506-0122297a86a4,218007284,Commune de Vauchelles-lès-Authie (80),false,{80777},Commune,2026-03-24 14:42:09.967209+01,gold_establishments_2025,,,,21800728400019,2025,Collectivité Territoriale,Commune,['Somme'],['Hauts-de-France'],COM,{80},{32}
dbbe8172-7ce7-459a-ae54-85c6b312d1df,218007292,Commune de Vauchelles-lès-Domart (80),false,{80778},Commune,2026-03-24 14:42:09.967209+01,gold_establishments_2025,,,,21800729200012,2025,Collectivité Territoriale,Commune,['Somme'],['Hauts-de-France'],COM,{80},{32}
82bd8e67-0fe3-4655-8e1b-b63118213a19,211003843,Commune de Vauchonvilliers (10),false,{10397},Commune,2026-03-24 14:41:53.095366+01,gold_establishments_2025,,,,21100384300011,2025,Collectivité Territoriale,Commune,['Aube'],['Grand Est'],COM,{10},{44}
3a3cf61e-be96-44c8-bc3c-f26c1701ee56,217005248,Commune de Vauchoux (70),false,{70524},Commune,2026-03-24 14:42:07.735343+01,gold_establishments_2025,,,,21700524800018,2025,Collectivité Territoriale,Commune,['Haute-Saône'],['Bourgogne-Franche-Comté'],COM,{70},{27}
8a6b4e95-2d1d-4efc-9a2a-67e310af6dbc,215105545,Commune de Vauciennes (51),false,{51597},Commune,2026-03-24 14:42:01.954481+01,gold_establishments_2025,,,,21510554500010,2025,Collectivité Territoriale,Commune,['Marne'],['Grand Est'],COM,{51},{44}
8c2601f3-5ba3-4e54-9685-9b9af373c1f1,216006494,Commune de Vauciennes (60),false,{60658},Commune,2026-03-24 14:42:04.814328+01,gold_establishments_2025,,,,21600649400019,2025,Collectivité Territoriale,Commune,['Oise'],['Hauts-de-France'],COM,{60},{32}
82158fe2-c46a-4908-8776-bc63951300d2,215803057,Commune de Vauclaix (58),false,{58305},Commune,2026-03-24 14:42:04.280096+01,gold_establishments_2025,,,,21580305700011,2025,Collectivité Territoriale,Commune,['Nièvre'],['Bourgogne-Franche-Comté'],COM,{58},{27}
e5574e77-0143-402f-92bf-c5299c8ff989,215105552,Commune de Vauclerc (51),false,{51598},Commune,2026-03-24 14:42:01.954481+01,gold_establishments_2025,,,,21510555200016,2025,Collectivité Territoriale,Commune,['Marne'],['Grand Est'],COM,{51},{44}
4ac836ed-a3d5-4ece-9d78-0a55a244f039,212505887,Commune de Vaucluse (25),false,{25588},Commune,2026-03-24 14:41:56.495197+01,gold_establishments_2025,,,,21250588700019,2025,Collectivité Territoriale,Commune,['Doubs'],['Bourgogne-Franche-Comté'],COM,{25},{27}
54b22779-24c1-4a14-9b00-93f69e7c754a,212505895,Commune de Vauclusotte (25),false,{25589},Commune,2026-03-24 14:41:56.495197+01,gold_establishments_2025,,,,21250589500012,2025,Collectivité Territoriale,Commune,['Doubs'],['Bourgogne-Franche-Comté'],COM,{25},{27}
b84dca0e-7827-4a28-8411-c2b9e7dcfcee,211003850,Commune de Vaucogne (10),false,{10398},Commune,2026-03-24 14:41:53.095366+01,gold_establishments_2025,,,,21100385000016,2025,Collectivité Territoriale,Commune,['Aube'],['Grand Est'],COM,{10},{44}
35d753a0-49a3-4697-8b54-d42d270b4d27,217005255,Commune de Vauconcourt-Nervezain (70),false,{70525},Commune,2026-03-24 14:42:07.735343+01,gold_establishments_2025,,,,21700525500013,2025,Collectivité Territoriale,Commune,['Haute-Saône'],['Bourgogne-Franche-Comté'],COM,{70},{27}
2914660d-2999-4928-8a15-c45bbe679154,215505330,Commune de Vaucouleurs (55),false,{55533},Commune,2026-03-24 14:42:03.701372+01,gold_establishments_2025,,,,21550533000013,2025,Collectivité Territoriale,Commune,['Meuse'],['Grand Est'],COM,{55},{44}
c0d33e41-7390-4a6b-a4a6-017db60316b7,215405515,Commune de Vaucourt (54),false,{54551},Commune,2026-03-24 14:42:02.957225+01,gold_establishments_2025,,,,21540551500010,2025,Collectivité Territoriale,Commune,['Meurthe-et-Moselle'],['Grand Est'],COM,{54},{44}
f4250b6b-ef00-49e3-a74e-200b9b80eb2f,217704840,Commune de Vaucourtois (77),false,{77484},Commune,2026-03-24 14:42:09.43682+01,gold_establishments_2025,,,,21770484000016,2025,Collectivité Territoriale,Commune,['Seine-et-Marne'],['Île-de-France'],COM,{77},{11}
9f11deab-b320-4102-b5bb-c725f56e94a5,219200763,Commune de Vaucresson (92),false,{92076},Commune,2026-03-24 14:42:11.659493+01,gold_establishments_2025,,,,21920076300015,2025,Collectivité Territoriale,Commune,['Hauts-de-Seine'],['Île-de-France'],COM,{92},{11}
cedb9aec-1d1a-4869-979c-154748d3c73c,216006502,Commune de Vaudancourt (60),false,{60659},Commune,2026-03-24 14:42:04.814328+01,gold_establishments_2025,,,,21600650200019,2025,Collectivité Territoriale,Commune,['Oise'],['Hauts-de-France'],COM,{60},{32}
e0eaec82-ad8a-4b50-a6ad-d958c8791b74,217105626,Commune de Vaudebarrier (71),false,{71562},Commune,2026-03-24 14:42:08.279287+01,gold_establishments_2025,,,,21710562600014,2025,Collectivité Territoriale,Commune,['Saône-et-Loire'],['Bourgogne-Franche-Comté'],COM,{71},{27}
270174d1-f563-4a56-abbc-45e5db5eea33,214903643,Commune de Vaudelnay (49),false,{49364},Commune,2026-03-24 14:42:01.412377+01,gold_establishments_2025,,,,21490364300010,2025,Collectivité Territoriale,Commune,['Maine-et-Loire'],['Pays de la Loire'],COM,{49},{52}
15a996ab-38ce-4cbe-bb6f-8a9e559ccce9,215106170,Commune de Vaudemange (51),false,{51599},Commune,2026-03-24 14:42:01.954481+01,gold_establishments_2025,,,,21510617000016,2025,Collectivité Territoriale,Commune,['Marne'],['Grand Est'],COM,{51},{44}
e8a21d88-1e4c-4ca9-8dd4-ea268a4f6111,211003868,Commune de Vaudes (10),false,{10399},Commune,2026-03-24 14:41:53.095366+01,gold_establishments_2025,,,,21100386800018,2025,Collectivité Territoriale,Commune,['Aube'],['Grand Est'],COM,{10},{44}
1f61e2ca-01c8-46c0-ba76-85e0c4acf430,215105560,Commune de Vaudesincourt (51),false,{51600},Commune,2026-03-24 14:42:01.954481+01,gold_establishments_2025,,,,21510556000019,2025,Collectivité Territoriale,Commune,['Marne'],['Grand Est'],COM,{51},{44}
a44ad970-b259-45ba-a9cf-e348bcd12924,210207395,Commune de Vaudesson (02),false,{02766},Commune,2026-03-24 14:41:52.020251+01,gold_establishments_2025,,,,21020739500018,2025,Collectivité Territoriale,Commune,['Aisne'],['Hauts-de-France'],COM,{02},{32}
19daff78-09dd-417e-9452-2e61797d74eb,218904324,Commune de Vaudeurs (89),false,{89432},Commune,2026-03-24 14:42:11.659493+01,gold_establishments_2025,,,,21890432400017,2025,Collectivité Territoriale,Commune,['Yonne'],['Bourgogne-Franche-Comté'],COM,{89},{27}
c978f33e-a508-4083-b2b2-3a685f3b79d1,210703351,Commune de Vaudevant (07),false,{07335},Commune,2026-03-24 14:41:52.562531+01,gold_establishments_2025,,,,21070335100010,2025,Collectivité Territoriale,Commune,['Ardèche'],['Auvergne-Rhône-Alpes'],COM,{07},{84}
4bc0e3ee-c3ad-4446-8d5a-4632c3ce263d,215405531,Commune de Vaudeville (54),false,{54553},Commune,2026-03-24 14:42:02.957225+01,gold_establishments_2025,,,,21540553100017,2025,Collectivité Territoriale,Commune,['Meurthe-et-Moselle'],['Grand Est'],COM,{54},{44}
9e6d98be-6150-4310-aee3-56f7cbf98481,215505348,Commune de Vaudeville-le-Haut (55),false,{55534},Commune,2026-03-24 14:42:03.701372+01,gold_establishments_2025,,,,21550534800015,2025,Collectivité Territoriale,Commune,['Meuse'],['Grand Est'],COM,{55},{44}
1c4a202e-1728-4e5c-ad94-703697c99650,219506334,Commune de Vaudherland (95),false,{95633},Commune,2026-03-24 14:42:11.659493+01,gold_establishments_2025,,,,21950633400016,2025,Collectivité Territoriale,Commune,"[""Val-d'Oise""]",['Île-de-France'],COM,{95},{11}
e9e17ca2-2eb2-4392-928f-60367af4cd07,215408030,Commune de Vaudigny (54),false,{54554},Commune,2026-03-24 14:42:02.957225+01,gold_establishments_2025,,,,21540803000017,2025,Collectivité Territoriale,Commune,['Meurthe-et-Moselle'],['Grand Est'],COM,{54},{44}
dc36f070-e4ba-4cdb-99b0-29844dbe1558,215505355,Commune de Vaudoncourt (55),false,{55535},Commune,2026-03-24 14:42:03.701372+01,gold_establishments_2025,,,,21550535500010,2025,Collectivité Territoriale,Commune,['Meuse'],['Grand Est'],COM,{55},{44}
db639aec-20b1-479a-b2a4-96533b67b4c3,218804961,Commune de Vaudoncourt (88),false,{88496},Commune,2026-03-24 14:42:11.118516+01,gold_establishments_2025,,,,21880496100017,2025,Collectivité Territoriale,Commune,['Vosges'],['Grand Est'],COM,{88},{44}
1f69d849-27ef-454e-9031-a8f57d4d184c,217704865,Commune de Vaudoy-en-Brie (77),false,{77486},Commune,2026-03-24 14:42:09.43682+01,gold_establishments_2025,,,,21770486500013,2025,Collectivité Territoriale,Commune,['Seine-et-Marne'],['Île-de-France'],COM,{77},{11}
696d2a63-4880-4f7d-bb5b-cafa26150e78,215707001,Commune de Vaudreching (57),false,{57700},Commune,2026-03-24 14:42:04.280096+01,gold_establishments_2025,,,,21570700100040,2025,Collectivité Territoriale,Commune,['Moselle'],['Grand Est'],COM,{57},{44}
a74576f6-10ea-472d-aa5f-8a70434e8e1a,215203597,Commune de Vaudrecourt (52),false,{52505},Commune,2026-03-24 14:42:01.954481+01,gold_establishments_2025,,,,21520359700012,2025,Collectivité Territoriale,Commune,['Haute-Marne'],['Grand Est'],COM,{52},{44}
f2cccf6f-5ad5-4130-a507-817f73846896,213105695,Commune de Vaudreuille (31),false,{31569},Commune,2026-03-24 14:41:58.09424+01,gold_establishments_2025,,,,21310569500018,2025,Collectivité Territoriale,Commune,['Haute-Garonne'],['Occitanie'],COM,{31},{76}
b71c76aa-d409-4f44-9bbb-132ed68919d1,215006214,Commune de Vaudreville (50),false,{50621},Commune,2026-03-24 14:42:01.412377+01,gold_establishments_2025,,,,21500621400013,2025,Collectivité Territoriale,Commune,['Manche'],['Normandie'],COM,{50},{28}
b9f4920b-f8db-4d48-8e39-78576c75c748,213905466,Commune de Vaudrey (39),false,{39546},Commune,2026-03-24 14:41:59.705606+01,gold_establishments_2025,,,,21390546600016,2025,Collectivité Territoriale,Commune,['Jura'],['Bourgogne-Franche-Comté'],COM,{39},{27}
480138e0-7e52-48c1-b287-5d7dfe7e2195,216208363,Commune de Vaudricourt (62),false,{62836},Commune,2026-03-24 14:42:06.130387+01,gold_establishments_2025,,,,21620836300012,2025,Collectivité Territoriale,Commune,['Pas-de-Calais'],['Hauts-de-France'],COM,{62},{32}
17f79ed8-3dab-4933-9456-d8ed1f604a87,218007318,Commune de Vaudricourt (80),false,{80780},Commune,2026-03-24 14:42:09.967209+01,gold_establishments_2025,,,,21800731800015,2025,Collectivité Territoriale,Commune,['Somme'],['Hauts-de-France'],COM,{80},{32}
326759f8-4ea8-4e64-8080-6dbb64f4df74,216208371,Commune de Vaudringhem (62),false,{62837},Commune,2026-03-24 14:42:06.130387+01,gold_establishments_2025,,,,21620837100015,2025,Collectivité Territoriale,Commune,['Pas-de-Calais'],['Hauts-de-France'],COM,{62},{32}
45437b08-a068-4288-93a3-cb5c162a339e,212505903,Commune de Vaudrivillers (25),false,{25590},Commune,2026-03-24 14:41:56.495197+01,gold_establishments_2025,,,,21250590300014,2025,Collectivité Territoriale,Commune,['Doubs'],['Bourgogne-Franche-Comté'],COM,{25},{27}
26d066df-5e69-4294-8624-1007d2e1cc9a,215203605,Commune de Vaudrémont (52),false,{52506},Commune,2026-03-24 14:42:01.954481+01,gold_establishments_2025,,,,21520360500013,2025,Collectivité Territoriale,Commune,['Haute-Marne'],['Grand Est'],COM,{52},{44}
c31b0207-c382-4172-80ac-ead54b8203cf,215405523,Commune de Vaudémont (54),false,{54552},Commune,2026-03-24 14:42:02.957225+01,gold_establishments_2025,,,,21540552300014,2025,Collectivité Territoriale,Commune,['Meurthe-et-Moselle'],['Grand Est'],COM,{54},{44}
f8d969b7-93b7-40f6-93b1-9c99353d44e5,218804953,Commune de Vaudéville (88),false,{88495},Commune,2026-03-24 14:42:11.118516+01,gold_establishments_2025,,,,21880495300014,2025,Collectivité Territoriale,Commune,['Vosges'],['Grand Est'],COM,{88},{44}
292e5b1e-86ed-4964-9f49-0b06f1d7da5c,212505911,Commune de Vaufrey (25),false,{25591},Commune,2026-03-24 14:41:56.495197+01,gold_establishments_2025,,,,21250591100017,2025,Collectivité Territoriale,Commune,['Doubs'],['Bourgogne-Franche-Comté'],COM,{25},{27}
bb0ba74f-ce8c-45bb-a91d-2846af431989,218401404,Commune de Vaugines (84),false,{84140},Commune,2026-03-24 14:42:10.508772+01,gold_establishments_2025,,,,21840140400015,2025,Collectivité Territoriale,Commune,['Vaucluse'],"[""Provence-Alpes-Côte d'Azur""]",COM,{84},{93}
673ca5fd-72f4-4a5a-9709-dc6ee6f54a43,200047785,Commune de Vaugneray (69),false,{69255},Commune,2026-03-24 14:42:07.735343+01,gold_establishments_2025,,,,20004778500015,2025,Collectivité Territoriale,Commune,['Rhône'],['Auvergne-Rhône-Alpes'],COM,{69},{84}
313253e3-4f43-4269-997b-d9046beec9b3,219106341,Commune de Vaugrigneuse (91),false,{91634},Commune,2026-03-24 14:42:11.659493+01,gold_establishments_2025,,,,21910634100015,2025,Collectivité Territoriale,Commune,['Essonne'],['Île-de-France'],COM,{91},{11}
ea72330c-b84e-4175-9fc5-572984250783,219106358,Commune de Vauhallan (91),false,{91635},Commune,2026-03-24 14:42:11.659493+01,gold_establishments_2025,,,,21910635800019,2025,Collectivité Territoriale,Commune,['Essonne'],['Île-de-France'],COM,{91},{11}
76779466-88e9-45a9-810f-c1f6f5d7a254,213805278,Commune de Vaujany (38),false,{38527},Commune,2026-03-24 14:41:59.705606+01,gold_establishments_2025,,,,21380527800016,2025,Collectivité Territoriale,Commune,['Isère'],['Auvergne-Rhône-Alpes'],COM,{38},{84}
eb85438a-ac2c-4a44-99d0-e3bb4d73c0de,219300746,Commune de Vaujours (93),false,{93074},Commune,2026-03-24 14:42:11.659493+01,gold_establishments_2025,,,,21930074600019,2025,Collectivité Territoriale,Commune,['Seine-Saint-Denis'],['Île-de-France'],COM,{93},{11}
cff648a4-cbdf-4e57-82d5-a7da0256d724,213805286,Commune de Vaulnaveys-le-Bas (38),false,{38528},Commune,2026-03-24 14:41:59.705606+01,gold_establishments_2025,,,,21380528600019,2025,Collectivité Territoriale,Commune,['Isère'],['Auvergne-Rhône-Alpes'],COM,{38},{84}
93f68a94-2d7a-4217-ad61-3e0795119f24,213805294,Commune de Vaulnaveys-le-Haut (38),false,{38529},Commune,2026-03-24 14:41:59.705606+01,gold_establishments_2025,,,,21380529400013,2025,Collectivité Territoriale,Commune,['Isère'],['Auvergne-Rhône-Alpes'],COM,{38},{84}
1a5dc996-b969-4fbd-b402-a28b15bdc105,218719805,Commune de Vaulry (87),false,{87198},Commune,2026-03-24 14:42:11.118516+01,gold_establishments_2025,,,,21871980500010,2025,Collectivité Territoriale,Commune,['Haute-Vienne'],['Nouvelle-Aquitaine'],COM,{87},{75}
931fcfa4-1bb8-4865-a01b-9624d7d884fe,218904332,Commune de Vault-de-Lugny (89),false,{89433},Commune,2026-03-24 14:42:11.659493+01,gold_establishments_2025,,,,21890433200010,2025,Collectivité Territoriale,Commune,['Yonne'],['Bourgogne-Franche-Comté'],COM,{89},{27}
785d3190-b9f2-4fb0-936c-791ecc07192e,216208389,Commune de Vaulx (62),false,{62838},Commune,2026-03-24 14:42:06.130387+01,gold_establishments_2025,,,,21620838900017,2025,Collectivité Territoriale,Commune,['Pas-de-Calais'],['Hauts-de-France'],COM,{62},{32}
39b58ad7-3c63-4299-ac59-2115f219bae2,217402924,Commune de Vaulx (74),false,{74292},Commune,2026-03-24 14:42:08.818969+01,gold_establishments_2025,,,,21740292400013,2025,Collectivité Territoriale,Commune,['Haute-Savoie'],['Auvergne-Rhône-Alpes'],COM,{74},{84}
5cc15851-4d62-4570-b504-414146c73ffa,213805302,Commune de Vaulx-Milieu (38),false,{38530},Commune,2026-03-24 14:41:59.705606+01,gold_establishments_2025,,,,21380530200014,2025,Collectivité Territoriale,Commune,['Isère'],['Auvergne-Rhône-Alpes'],COM,{38},{84}
dcd6e8ea-a824-479f-af80-76e17d14e9fa,216208397,Commune de Vaulx-Vraucourt (62),false,{62839},Commune,2026-03-24 14:42:06.130387+01,gold_establishments_2025,,,,21620839700010,2025,Collectivité Territoriale,Commune,['Pas-de-Calais'],['Hauts-de-France'],COM,{62},{32}
80425400-822f-4577-82ad-764431e23661,216902569,Commune de Vaulx-en-Velin (69),false,{69256},Commune,2026-03-24 14:42:07.735343+01,gold_establishments_2025,,,,21690256900013,2025,Collectivité Territoriale,Commune,['Rhône'],['Auvergne-Rhône-Alpes'],COM,{69},{84}
4c23984e-ccf5-4599-9615-9464fed8e42c,210303004,Commune de Vaumas (03),false,{03300},Commune,2026-03-24 14:41:52.020251+01,gold_establishments_2025,,,,21030300400019,2025,Collectivité Territoriale,Commune,['Allier'],['Auvergne-Rhône-Alpes'],COM,{03},{84}
1fe16040-6dda-44fe-886e-6f5f4c15e2d0,210402335,Commune de Vaumeilh (04),false,{04233},Commune,2026-03-24 14:41:52.562531+01,gold_establishments_2025,,,,21040233500017,2025,Collectivité Territoriale,Commune,['Alpes-de-Haute-Provence'],"[""Provence-Alpes-Côte d'Azur""]",COM,{04},{93}
d41c1654-ed83-43c6-a174-13e0bbc2657f,216006528,Commune de Vaumoise (60),false,{60661},Commune,2026-03-24 14:42:04.814328+01,gold_establishments_2025,,,,21600652800014,2025,Collectivité Territoriale,Commune,['Oise'],['Hauts-de-France'],COM,{60},{32}
699bfc58-f882-478a-a875-7af2a13465e6,218904340,Commune de Vaumort (89),false,{89434},Commune,2026-03-24 14:42:11.659493+01,gold_establishments_2025,,,,21890434000013,2025,Collectivité Territoriale,Commune,['Yonne'],['Bourgogne-Franche-Comté'],COM,{89},{27}
8d403328-4199-463e-89ef-d4ab077b53d8,212405674,Commune de Vaunac (24),false,{24567},Commune,2026-03-24 14:41:55.958138+01,gold_establishments_2025,,,,21240567400012,2025,Collectivité Territoriale,Commune,['Dordogne'],['Nouvelle-Aquitaine'],COM,{24},{75}
f2488c19-ddaa-4963-a6a6-55da6c1d54ac,212603658,Commune de Vaunaveys-la-Rochette (26),false,{26365},Commune,2026-03-24 14:41:56.495197+01,gold_establishments_2025,,,,21260365800015,2025,Collectivité Territoriale,Commune,['Drôme'],['Auvergne-Rhône-Alpes'],COM,{26},{84}
c10fdde0-c4cd-4d21-a82e-2a3dba556945,216104984,Commune de Vaunoise (61),false,{61498},Commune,2026-03-24 14:42:05.597325+01,gold_establishments_2025,,,,21610498400010,2025,Collectivité Territoriale,Commune,['Orne'],['Normandie'],COM,{61},{28}
5769b370-0519-4d0f-896b-985a5031bf4f,212804017,Commune de Vaupillon (28),false,{28401},Commune,2026-03-24 14:41:57.028721+01,gold_establishments_2025,,,,21280401700011,2025,Collectivité Territoriale,Commune,['Eure-et-Loir'],['Centre-Val de Loire'],COM,{28},{24}
134a4cad-f8d2-4159-a68e-30e482f5631b,211003876,Commune de Vaupoisson (10),false,{10400},Commune,2026-03-24 14:41:53.095366+01,gold_establishments_2025,,,,21100387600011,2025,Collectivité Territoriale,Commune,['Aube'],['Grand Est'],COM,{10},{44}
52629733-9e71-4349-b4f3-df2685381a20,215505363,Commune de Vauquois (55),false,{55536},Commune,2026-03-24 14:42:03.701372+01,gold_establishments_2025,,,,21550536300014,2025,Collectivité Territoriale,Commune,['Meuse'],['Grand Est'],COM,{55},{44}
a7e826b6-8508-4151-9b8c-dc77de4eb395,211202908,Commune de Vaureilles (12),false,{12290},Commune,2026-03-24 14:41:53.63825+01,gold_establishments_2025,,,,21120290800011,2025,Collectivité Territoriale,Commune,['Aveyron'],['Occitanie'],COM,{12},{76}
2ec1e8b4-c6cf-45cd-b815-16ff46514ba4,219506375,Commune de Vauréal (95),false,{95637},Commune,2026-03-24 14:42:11.659493+01,gold_establishments_2025,,,,21950637500316,2025,Collectivité Territoriale,Commune,"[""Val-d'Oise""]",['Île-de-France'],COM,{95},{11}
c27b1e79-0bdd-44f2-9ed9-5e71a634e2c8,217903400,Commune de Vausseroux (79),false,{79340},Commune,2026-03-24 14:42:09.43682+01,gold_establishments_2025,,,,21790340000018,2025,Collectivité Territoriale,Commune,['Deux-Sèvres'],['Nouvelle-Aquitaine'],COM,{79},{75}
c656baab-15e0-419c-8443-9d3c7686202e,217903418,Commune de Vautebis (79),false,{79341},Commune,2026-03-24 14:42:09.43682+01,gold_establishments_2025,,,,21790341800010,2025,Collectivité Territoriale,Commune,['Deux-Sèvres'],['Nouvelle-Aquitaine'],COM,{79},{75}
4cb03e6d-598c-4f89-b14e-d7a09e787bbb,219001005,Commune de Vauthiermont (90),false,{90100},Commune,2026-03-24 14:42:11.659493+01,gold_establishments_2025,,,,21900100500012,2025,Collectivité Territoriale,Commune,['Territoire de Belfort'],['Bourgogne-Franche-Comté'],COM,{90},{27}
38e57e68-8b33-4d43-896b-54ae24794f3e,215302696,Commune de Vautorte (53),false,{53269},Commune,2026-03-24 14:42:02.957225+01,gold_establishments_2025,,,,21530269600079,2025,Collectivité Territoriale,Commune,['Mayenne'],['Pays de la Loire'],COM,{53},{52}
ead5cbad-0f48-4ae9-ad91-20e317ea6650,211301114,Commune de Vauvenargues (13),false,{13111},Commune,2026-03-24 14:41:53.63825+01,gold_establishments_2025,,,,21130111400016,2025,Collectivité Territoriale,Commune,['Bouches-du-Rhône'],"[""Provence-Alpes-Côte d'Azur""]",COM,{13},{93}
5c1c0de5-fa98-4e95-9779-4593a96cbace,213003411,Commune de Vauvert (30),false,{30341},Commune,2026-03-24 14:41:57.56054+01,gold_establishments_2025,,,,21300341100013,2025,Collectivité Territoriale,Commune,['Gard'],['Occitanie'],COM,{30},{76}
32903eca-273a-491c-b775-b0d1fbdef0b5,211407317,Commune de Vauville (14),false,{14731},Commune,2026-03-24 14:41:54.362296+01,gold_establishments_2025,,,,21140731700018,2025,Collectivité Territoriale,Commune,['Calvados'],['Normandie'],COM,{14},{28}
eda76b0c-c73c-4c60-8fba-69a56eb5314a,217005263,Commune de Vauvillers (70),false,{70526},Commune,2026-03-24 14:42:07.735343+01,gold_establishments_2025,,,,21700526300017,2025,Collectivité Territoriale,Commune,['Haute-Saône'],['Bourgogne-Franche-Comté'],COM,{70},{27}
a63f857b-92e0-4bde-8035-260c30be0933,218007326,Commune de Vauvillers (80),false,{80781},Commune,2026-03-24 14:42:09.967209+01,gold_establishments_2025,,,,21800732600018,2025,Collectivité Territoriale,Commune,['Somme'],['Hauts-de-France'],COM,{80},{32}
9a9fc2e2-d89e-412a-bf3c-c93f51aa72ed,210303012,Commune de Vaux (03),false,{03301},Commune,2026-03-24 14:41:52.020251+01,gold_establishments_2025,,,,21030301200012,2025,Collectivité Territoriale,Commune,['Allier'],['Auvergne-Rhône-Alpes'],COM,{03},{84}
28b6daf3-f7f7-4701-926f-295b96335576,213105703,Commune de Vaux (31),false,{31570},Commune,2026-03-24 14:41:58.09424+01,gold_establishments_2025,,,,21310570300010,2025,Collectivité Territoriale,Commune,['Haute-Garonne'],['Occitanie'],COM,{31},{76}
4ef53740-8a44-4f98-9e25-83c93f7d8a03,215707019,Commune de Vaux (57),false,{57701},Commune,2026-03-24 14:42:04.280096+01,gold_establishments_2025,,,,21570701900018,2025,Collectivité Territoriale,Commune,['Moselle'],['Grand Est'],COM,{57},{44}
a9501756-83ed-41b7-8e3c-871efd7085d3,200063287,Commune de Vaux d'Amognes (58),false,{58204},Commune,2026-03-24 14:42:04.280096+01,gold_establishments_2025,,,,20006328700011,2025,Collectivité Territoriale,Commune,['Nièvre'],['Bourgogne-Franche-Comté'],COM,{58},{27}
6b63b7db-22e4-48c4-8e10-01fb5f3f8747,210207429,Commune de Vaux-Andigny (02),false,{02769},Commune,2026-03-24 14:41:52.020251+01,gold_establishments_2025,,,,21020742900015,2025,Collectivité Territoriale,Commune,['Aisne'],['Hauts-de-France'],COM,{02},{32}
47bc39bb-4d88-4e8e-8cef-5b9a4cda7192,210804217,Commune de Vaux-Champagne (08),false,{08462},Commune,2026-03-24 14:41:53.095366+01,gold_establishments_2025,,,,21080421700011,2025,Collectivité Territoriale,Commune,['Ardennes'],['Grand Est'],COM,{08},{44}
74c595a5-86d5-4389-ab25-2ce69bd58b2f,211603949,Commune de Vaux-Lavalette (16),false,{16394},Commune,2026-03-24 14:41:54.903238+01,gold_establishments_2025,,,,21160394900010,2025,Collectivité Territoriale,Commune,['Charente'],['Nouvelle-Aquitaine'],COM,{16},{75}
3313eaff-f5aa-4343-bafd-9850b75b6ab8,218007342,Commune de Vaux-Marquenneville (80),false,{80783},Commune,2026-03-24 14:42:09.967209+01,gold_establishments_2025,,,,21800734200015,2025,Collectivité Territoriale,Commune,['Somme'],['Hauts-de-France'],COM,{80},{32}
be0fd0a2-fffe-4c86-bcab-bd2e1bfcfd54,210804266,Commune de Vaux-Montreuil (08),false,{08467},Commune,2026-03-24 14:41:53.095366+01,gold_establishments_2025,,,,21080426600018,2025,Collectivité Territoriale,Commune,['Ardennes'],['Grand Est'],COM,{08},{44}
f582ab10-8499-457b-a728-1da39449a39d,211603956,Commune de Vaux-Rouillac (16),false,{16395},Commune,2026-03-24 14:41:54.903238+01,gold_establishments_2025,,,,21160395600015,2025,Collectivité Territoriale,Commune,['Charente'],['Nouvelle-Aquitaine'],COM,{16},{75}
26aa8b73-1c0e-49f9-9371-51c19d47029d,212106595,Commune de Vaux-Saules (21),false,{21659},Commune,2026-03-24 14:41:55.433389+01,gold_establishments_2025,,,,21210659500011,2025,Collectivité Territoriale,Commune,"[""Côte-d'Or""]",['Bourgogne-Franche-Comté'],COM,{21},{27}
348fdafa-4f75-4bb7-a717-fe65ef170f59,210804274,Commune de Vaux-Villaine (08),false,{08468},Commune,2026-03-24 14:41:53.095366+01,gold_establishments_2025,,,,21080427400012,2025,Collectivité Territoriale,Commune,['Ardennes'],['Grand Est'],COM,{08},{44}
f274377a-cda4-4fe1-9c91-7f4e47a64645,218007334,Commune de Vaux-en-Amiénois (80),false,{80782},Commune,2026-03-24 14:42:09.967209+01,gold_establishments_2025,,,,21800733400012,2025,Collectivité Territoriale,Commune,['Somme'],['Hauts-de-France'],COM,{80},{32}
99bb0603-bb71-487d-a53f-5bd23b64c0ea,216902577,Commune de Vaux-en-Beaujolais (69),false,{69257},Commune,2026-03-24 14:42:07.735343+01,gold_establishments_2025,,,,21690257700016,2025,Collectivité Territoriale,Commune,['Rhône'],['Auvergne-Rhône-Alpes'],COM,{69},{84}
b52910de-2286-4c10-9459-555c664301ca,210104311,Commune de Vaux-en-Bugey (01),false,{01431},Commune,2026-03-24 14:41:51.447482+01,gold_establishments_2025,,,,21010431100019,2025,Collectivité Territoriale,Commune,['Ain'],['Auvergne-Rhône-Alpes'],COM,{01},{84}
727f1f78-a8af-4dd2-93ea-69c1be168f5b,210804225,Commune de Vaux-en-Dieulet (08),false,{08463},Commune,2026-03-24 14:41:53.095366+01,gold_establishments_2025,,,,21080422500014,2025,Collectivité Territoriale,Commune,['Ardennes'],['Grand Est'],COM,{08},{44}
de010490-4785-4d34-97a9-fba22a0db62c,217105634,Commune de Vaux-en-Pré (71),false,{71563},Commune,2026-03-24 14:42:08.279287+01,gold_establishments_2025,,,,21710563400018,2025,Collectivité Territoriale,Commune,['Saône-et-Loire'],['Bourgogne-Franche-Comté'],COM,{71},{27}
9cde4186-0cb9-4b4a-ae88-d09f8b6a15fd,210207452,Commune de Vaux-en-Vermandois (02),false,{02772},Commune,2026-03-24 14:41:52.020251+01,gold_establishments_2025,,,,21020745200017,2025,Collectivité Territoriale,Commune,['Aisne'],['Hauts-de-France'],COM,{02},{32}
24d6a61a-58d4-460a-950d-da6185ccb548,212505929,Commune de Vaux-et-Chantegrue (25),false,{25592},Commune,2026-03-24 14:41:56.495197+01,gold_establishments_2025,,,,21250592900019,2025,Collectivité Territoriale,Commune,['Doubs'],['Bourgogne-Franche-Comté'],COM,{25},{27}
270124b5-8676-4b9e-9877-7b13e17d4e5a,217005271,Commune de Vaux-le-Moncelot (70),false,{70527},Commune,2026-03-24 14:42:07.735343+01,gold_establishments_2025,,,,21700527100010,2025,Collectivité Territoriale,Commune,['Haute-Saône'],['Bourgogne-Franche-Comté'],COM,{70},{27}
b766402e-5504-4433-9919-2e525388b7d7,217704873,Commune de Vaux-le-Pénil (77),false,{77487},Commune,2026-03-24 14:42:09.43682+01,gold_establishments_2025,,,,21770487300017,2025,Collectivité Territoriale,Commune,['Seine-et-Marne'],['Île-de-France'],COM,{77},{11}
481b4a9e-0a68-41c7-996f-6de97d3575a5,210804233,Commune de Vaux-lès-Mouron (08),false,{08464},Commune,2026-03-24 14:41:53.095366+01,gold_establishments_2025,,,,21080423300018,2025,Collectivité Territoriale,Commune,['Ardennes'],['Grand Est'],COM,{08},{44}
ff1d9fc7-294d-4977-8d48-6d13e6a91811,210804258,Commune de Vaux-lès-Mouzon (08),false,{08466},Commune,2026-03-24 14:41:53.095366+01,gold_establishments_2025,,,,21080425800015,2025,Collectivité Territoriale,Commune,['Ardennes'],['Grand Est'],COM,{08},{44}
108c6f58-9947-42be-bcc9-6514ffe7ec3f,215508425,Commune de Vaux-lès-Palameix (55),false,{55540},Commune,2026-03-24 14:42:03.701372+01,gold_establishments_2025,,,,21550842500018,2025,Collectivité Territoriale,Commune,['Meuse'],['Grand Est'],COM,{55},{44}
933bb9d6-2e81-43ad-9a7b-885724ea72c7,210804241,Commune de Vaux-lès-Rubigny (08),false,{08465},Commune,2026-03-24 14:41:53.095366+01,gold_establishments_2025,,,,21080424100011,2025,Collectivité Territoriale,Commune,['Ardennes'],['Grand Est'],COM,{08},{44}
67300b66-2581-47aa-a633-1e1cd8cdb7a0,213905474,Commune de Vaux-lès-Saint-Claude (39),false,{39547},Commune,2026-03-24 14:41:59.705606+01,gold_establishments_2025,,,,21390547400010,2025,Collectivité Territoriale,Commune,['Jura'],['Bourgogne-Franche-Comté'],COM,{39},{27}
abe9d7da-1eff-457a-b73d-627edd94a786,211407325,Commune de Vaux-sur-Aure (14),false,{14732},Commune,2026-03-24 14:41:54.362296+01,gold_establishments_2025,,,,21140732500011,2025,Collectivité Territoriale,Commune,['Calvados'],['Normandie'],COM,{14},{28}
fd353984-3c05-4a45-bd11-c326a1407b76,215203647,Commune de Vaux-sur-Blaise (52),false,{52510},Commune,2026-03-24 14:42:01.954481+01,gold_establishments_2025,,,,21520364700015,2025,Collectivité Territoriale,Commune,['Haute-Marne'],['Grand Est'],COM,{52},{44}
354c4850-8fe2-4e2e-8935-3da2218ff4fd,212706741,Commune de Vaux-sur-Eure (27),false,{27674},Commune,2026-03-24 14:41:57.028721+01,gold_establishments_2025,,,,21270674100015,2025,Collectivité Territoriale,Commune,['Eure'],['Normandie'],COM,{27},{28}
914c5bfc-2bab-4199-84c0-4a43a3fedd2b,217704899,Commune de Vaux-sur-Lunain (77),false,{77489},Commune,2026-03-24 14:42:09.43682+01,gold_establishments_2025,,,,21770489900012,2025,Collectivité Territoriale,Commune,['Seine-et-Marne'],['Île-de-France'],COM,{77},{11}
ac04cb3c-e76b-4181-9fb9-2448328680b0,211704614,Commune de Vaux-sur-Mer (17),false,{17461},Commune,2026-03-24 14:41:54.903238+01,gold_establishments_2025,,,,21170461400018,2025,Collectivité Territoriale,Commune,['Charente-Maritime'],['Nouvelle-Aquitaine'],COM,{17},{75}
c0f24f44-8745-4cff-882c-4eadffe2549e,213905482,Commune de Vaux-sur-Poligny (nan),false,{39548},Commune,2026-03-24 14:41:59.705606+01,gold_establishments_2025,,,,21390548200013,2025,Collectivité Territoriale,Commune,[''],[''],COM,,
ea8292df-4a1c-4fcf-8c4f-6b940f879599,215203654,Commune de Vaux-sur-Saint-Urbain (52),false,{52511},Commune,2026-03-24 14:42:01.954481+01,gold_establishments_2025,,,,21520365400011,2025,Collectivité Territoriale,Commune,['Haute-Marne'],['Grand Est'],COM,{52},{44}
4a1e8c0e-4968-4a46-9a38-d27c8caa7a07,217806389,Commune de Vaux-sur-Seine (78),false,{78638},Commune,2026-03-24 14:42:09.43682+01,gold_establishments_2025,,,,21780638900060,2025,Collectivité Territoriale,Commune,['Yvelines'],['Île-de-France'],COM,{78},{11}
532c377d-1435-4a94-a0aa-1e5ce6206463,211407333,Commune de Vaux-sur-Seulles (14),false,{14733},Commune,2026-03-24 14:41:54.362296+01,gold_establishments_2025,,,,21140733300015,2025,Collectivité Territoriale,Commune,['Calvados'],['Normandie'],COM,{14},{28}
ef57406d-4df3-4fc6-8aac-f6abd73f754f,218007359,Commune de Vaux-sur-Somme (80),false,{80784},Commune,2026-03-24 14:42:09.967209+01,gold_establishments_2025,,,,21800735900019,2025,Collectivité Territoriale,Commune,['Somme'],['Hauts-de-France'],COM,{80},{32}
27552d30-6f95-4082-b2ca-42b089631538,218602795,Commune de Vaux-sur-Vienne (86),false,{86279},Commune,2026-03-24 14:42:11.118516+01,gold_establishments_2025,,,,21860279500013,2025,Collectivité Territoriale,Commune,['Vienne'],['Nouvelle-Aquitaine'],COM,{86},{75}
bdbfbce6-2ba1-447f-bf5f-6883025fd559,210207411,Commune de Vauxaillon (02),false,{02768},Commune,2026-03-24 14:41:52.020251+01,gold_establishments_2025,,,,21020741100013,2025,Collectivité Territoriale,Commune,['Aisne'],['Hauts-de-France'],COM,{02},{32}
71043b60-1427-41e4-b338-5709e52e15dd,215203613,Commune de Vauxbons (52),false,{52507},Commune,2026-03-24 14:42:01.954481+01,gold_establishments_2025,,,,21520361300017,2025,Collectivité Territoriale,Commune,['Haute-Marne'],['Grand Est'],COM,{52},{44}
aedc3d48-6f14-42c9-acb3-241e0c8d3b13,210207437,Commune de Vauxbuin (02),false,{02770},Commune,2026-03-24 14:41:52.020251+01,gold_establishments_2025,,,,21020743700018,2025,Collectivité Territoriale,Commune,['Aisne'],['Hauts-de-France'],COM,{02},{32}
146dbcaa-2a26-445e-92fd-c63e8799b4da,216902585,Commune de Vauxrenard (69),false,{69258},Commune,2026-03-24 14:42:07.735343+01,gold_establishments_2025,,,,21690258500019,2025,Collectivité Territoriale,Commune,['Rhône'],['Auvergne-Rhône-Alpes'],COM,{69},{84}
7b3938db-8dcc-40b8-8db4-03d65bb2d399,210207403,Commune de Vauxrezis (02),false,{02767},Commune,2026-03-24 14:41:52.020251+01,gold_establishments_2025,,,,21020740300010,2025,Collectivité Territoriale,Commune,['Aisne'],['Hauts-de-France'],COM,{02},{32}
2c0b0ef8-a3a8-4086-a40d-624407b21618,210207460,Commune de Vauxtin (02),false,{02773},Commune,2026-03-24 14:41:52.020251+01,gold_establishments_2025,,,,21020746000010,2025,Collectivité Territoriale,Commune,['Aisne'],['Hauts-de-France'],COM,{02},{32}
0dfd4b3f-5366-47e2-8044-b538d8947f26,215505413,Commune de Vavincourt (55),false,{55541},Commune,2026-03-24 14:42:03.701372+01,gold_establishments_2025,,,,21550541300017,2025,Collectivité Territoriale,Commune,['Meuse'],['Grand Est'],COM,{55},{44}
0a1c9440-4745-444c-8efb-20db41ed4b81,215105578,Commune de Vavray-le-Grand (51),false,{51601},Commune,2026-03-24 14:42:01.954481+01,gold_establishments_2025,,,,21510557800011,2025,Collectivité Territoriale,Commune,['Marne'],['Grand Est'],COM,{51},{44}
2f774197-ba0c-4803-81ce-ea1ca8fe5370,215105586,Commune de Vavray-le-Petit (51),false,{51602},Commune,2026-03-24 14:42:01.954481+01,gold_establishments_2025,,,,21510558600014,2025,Collectivité Territoriale,Commune,['Marne'],['Grand Est'],COM,{51},{44}
dc8eb169-1eb5-479c-9467-4d607c087765,215405556,Commune de Vaxainville (54),false,{54555},Commune,2026-03-24 14:42:02.957225+01,gold_establishments_2025,,,,21540555600014,2025,Collectivité Territoriale,Commune,['Meurthe-et-Moselle'],['Grand Est'],COM,{54},{44}
bfcec9ab-71e6-4758-9c00-a4f66df7a1f8,218804979,Commune de Vaxoncourt (88),false,{88497},Commune,2026-03-24 14:42:11.118516+01,gold_establishments_2025,,,,21880497900019,2025,Collectivité Territoriale,Commune,['Vosges'],['Grand Est'],COM,{88},{44}
b7189e52-de57-4354-88ba-2eb85947e61b,215707027,Commune de Vaxy (57),false,{57702},Commune,2026-03-24 14:42:04.280096+01,gold_establishments_2025,,,,21570702700011,2025,Collectivité Territoriale,Commune,['Moselle'],['Grand Est'],COM,{57},{44}
329f7501-52ec-4b6f-807e-2e83d00565cf,214402141,Commune de Vay (44),false,{44214},Commune,2026-03-24 14:42:00.862623+01,gold_establishments_2025,,,,21440214100011,2025,Collectivité Territoriale,Commune,['Loire-Atlantique'],['Pays de la Loire'],COM,{44},{52}
c3726b67-8860-4a42-8a33-cedc61b13751,210903258,Commune de Vaychis (09),false,{09325},Commune,2026-03-24 14:41:53.095366+01,gold_establishments_2025,,,,21090325800015,2025,Collectivité Territoriale,Commune,['Ariège'],['Occitanie'],COM,{09},{76}
4ffae41e-4caa-4aaf-8f44-bfe1a088b07f,214603292,Commune de Vaylats (46),false,{46329},Commune,2026-03-24 14:42:00.862623+01,gold_establishments_2025,,,,21460329200019,2025,Collectivité Territoriale,Commune,['Lot'],['Occitanie'],COM,{46},{76}
eacb4df9-5f46-45ce-9502-b9956045e925,214603300,Commune de Vayrac (46),false,{46330},Commune,2026-03-24 14:42:00.862623+01,gold_establishments_2025,,,,21460330000010,2025,Collectivité Territoriale,Commune,['Lot'],['Occitanie'],COM,{46},{76}
53de72d2-e334-4ee2-8d4c-131be2400fca,213305394,Commune de Vayres (33),false,{33539},Commune,2026-03-24 14:41:58.620411+01,gold_establishments_2025,,,,21330539400016,2025,Collectivité Territoriale,Commune,['Gironde'],['Nouvelle-Aquitaine'],COM,{33},{75}
e1480cd7-929e-4d69-8db9-efd5f60d11c8,218719904,Commune de Vayres (87),false,{87199},Commune,2026-03-24 14:42:11.118516+01,gold_establishments_2025,,,,21871990400011,2025,Collectivité Territoriale,Commune,['Haute-Vienne'],['Nouvelle-Aquitaine'],COM,{87},{75}
358ff1ee-6bc5-4442-8289-1dbf13934ddc,219106390,Commune de Vayres-sur-Essonne (91),false,{91639},Commune,2026-03-24 14:42:11.659493+01,gold_establishments_2025,,,,21910639000012,2025,Collectivité Territoriale,Commune,['Essonne'],['Île-de-France'],COM,{91},{11}
25d7b5f0-586c-4cdd-939a-217e3461e374,214302549,Commune de Vazeilles-Limandre (43),false,{43254},Commune,2026-03-24 14:42:00.273698+01,gold_establishments_2025,,,,21430254900016,2025,Collectivité Territoriale,Commune,['Haute-Loire'],['Auvergne-Rhône-Alpes'],COM,{43},{84}
1ef3f923-6ad8-47e7-9514-75140b7a7d64,218201895,Commune de Vazerac (82),false,{82189},Commune,2026-03-24 14:42:10.508772+01,gold_establishments_2025,,,,21820189500016,2025,Collectivité Territoriale,Commune,['Tarn-et-Garonne'],['Occitanie'],COM,{82},{76}
89a741d5-038c-40ab-a5d1-89311cc83c43,218201846,Commune de Vaïssac (82),false,{82184},Commune,2026-03-24 14:42:10.508772+01,gold_establishments_2025,,,,21820184600019,2025,Collectivité Territoriale,Commune,['Tarn-et-Garonne'],['Occitanie'],COM,{82},{76}
1d2ec5c4-0488-4736-9f2b-9c3d7fbba594,210303020,Commune de Veauce (03),false,{03302},Commune,2026-03-24 14:41:52.020251+01,gold_establishments_2025,,,,21030302000015,2025,Collectivité Territoriale,Commune,['Allier'],['Auvergne-Rhône-Alpes'],COM,{03},{84}
902c49de-eb9b-4a95-9fad-3209ce5a1a85,214203234,Commune de Veauche (42),false,{42323},Commune,2026-03-24 14:42:00.273698+01,gold_establishments_2025,,,,21420323400015,2025,Collectivité Territoriale,Commune,['Loire'],['Auvergne-Rhône-Alpes'],COM,{42},{84}
13f32125-0a0e-4dcb-bd91-2e8597a8943a,214203242,Commune de Veauchette (42),false,{42324},Commune,2026-03-24 14:42:00.273698+01,gold_establishments_2025,,,,21420324200018,2025,Collectivité Territoriale,Commune,['Loire'],['Auvergne-Rhône-Alpes'],COM,{42},{84}
4e928429-2b98-4944-bba6-c6a224991e71,211802723,Commune de Veaugues (18),false,{18272},Commune,2026-03-24 14:41:54.903238+01,gold_establishments_2025,,,,21180272300018,2025,Collectivité Territoriale,Commune,['Cher'],['Centre-Val de Loire'],COM,{18},{24}
92946481-f7e9-4816-855d-fd5a4c186d85,217607308,Commune de Veauville-lès-Quelles (76),false,{76730},Commune,2026-03-24 14:42:08.818969+01,gold_establishments_2025,,,,21760730800012,2025,Collectivité Territoriale,Commune,['Seine-Maritime'],['Normandie'],COM,{76},{28}
0e352ad7-df11-4165-9794-7beb208abcb1,211502505,Commune de Vebret (15),false,{15250},Commune,2026-03-24 14:41:54.362296+01,gold_establishments_2025,,,,21150250500012,2025,Collectivité Territoriale,Commune,['Cantal'],['Auvergne-Rhône-Alpes'],COM,{15},{84}
612eccb3-77fe-443a-aab7-df55260abc41,214801938,Commune de Vebron (48),false,{48193},Commune,2026-03-24 14:42:01.412377+01,gold_establishments_2025,,,,21480193800017,2025,Collectivité Territoriale,Commune,['Lozère'],['Occitanie'],COM,{48},{76}
a50905ab-1af8-4758-b7cb-7ba51e4b6c19,215707035,Commune de Veckersviller (57),false,{57703},Commune,2026-03-24 14:42:04.280096+01,gold_establishments_2025,,,,21570703500014,2025,Collectivité Territoriale,Commune,['Moselle'],['Grand Est'],COM,{57},{44}
53c1a423-d072-4016-96be-ea03beed254e,215707043,Commune de Veckring (57),false,{57704},Commune,2026-03-24 14:42:04.280096+01,gold_establishments_2025,,,,21570704300018,2025,Collectivité Territoriale,Commune,['Moselle'],['Grand Est'],COM,{57},{44}
0282d9be-40cc-4aec-a886-0e8491023f30,218804987,Commune de Vecoux (88),false,{88498},Commune,2026-03-24 14:42:11.118516+01,gold_establishments_2025,,,,21880498700012,2025,Collectivité Territoriale,Commune,['Vosges'],['Grand Est'],COM,{88},{44}
1c8bed5a-dd64-4f66-bcaf-2849bba53d55,218007367,Commune de Vecquemont (80),false,{80785},Commune,2026-03-24 14:42:09.967209+01,gold_establishments_2025,,,,21800736700012,2025,Collectivité Territoriale,Commune,['Somme'],['Hauts-de-France'],COM,{80},{32}
b9a84ed9-5d7d-442a-89b2-0b039ebd7d4c,215203662,Commune de Vecqueville (52),false,{52512},Commune,2026-03-24 14:42:01.954481+01,gold_establishments_2025,,,,21520366200014,2025,Collectivité Territoriale,Commune,['Haute-Marne'],['Grand Est'],COM,{52},{44}
b51a75a5-6d54-4bab-a107-027d3ce52ad6,218401412,Commune de Vedène (84),false,{84141},Commune,2026-03-24 14:42:10.508772+01,gold_establishments_2025,,,,21840141200018,2025,Collectivité Territoriale,Commune,['Vaucluse'],"[""Provence-Alpes-Côte d'Azur""]",COM,{84},{93}
9090c916-873e-4fb9-ab6c-a3bf8def3dec,213702665,Commune de Veigné (37),false,{37266},Commune,2026-03-24 14:41:59.160244+01,gold_establishments_2025,,,,21370266500018,2025,Collectivité Territoriale,Commune,['Indre-et-Loire'],['Centre-Val de Loire'],COM,{37},{24}
29dc8224-79af-49f2-baae-eb9a05f61da9,217402932,Commune de Veigy-Foncenex (74),false,{74293},Commune,2026-03-24 14:42:08.818969+01,gold_establishments_2025,,,,21740293200016,2025,Collectivité Territoriale,Commune,['Haute-Savoie'],['Auvergne-Rhône-Alpes'],COM,{74},{84}
7a4f31b3-5d88-4ae5-826f-572cfa8be5b5,218103109,Commune de Veilhes (81),false,{81310},Commune,2026-03-24 14:42:09.967209+01,gold_establishments_2025,,,,21810310900011,2025,Collectivité Territoriale,Commune,['Tarn'],['Occitanie'],COM,{81},{76}
0107a29b-6225-4f6b-9ebf-a22a5754ff3c,214102683,Commune de Veilleins (41),false,{41268},Commune,2026-03-24 14:42:00.273698+01,gold_establishments_2025,,,,21410268300015,2025,Collectivité Territoriale,Commune,['Loir-et-Cher'],['Centre-Val de Loire'],COM,{41},{24}
b1446f3e-3e67-488e-ad21-3239858c9a27,212106603,Commune de Veilly (21),false,{21660},Commune,2026-03-24 14:41:55.433389+01,gold_establishments_2025,,,,21210660300013,2025,Collectivité Territoriale,Commune,"[""Côte-d'Or""]",['Bourgogne-Franche-Comté'],COM,{21},{27}
20c341e8-6d61-405e-8284-9a7fd3e393bd,211928106,Commune de Veix (19),false,{19281},Commune,2026-03-24 14:41:55.433389+01,gold_establishments_2025,,,,21192810600015,2025,Collectivité Territoriale,Commune,['Corrèze'],['Nouvelle-Aquitaine'],COM,{19},{75}
69d8c37f-f60d-45ba-af05-5be1978a6b37,215405580,Commune de Velaine-sous-Amance (54),false,{54558},Commune,2026-03-24 14:42:02.957225+01,gold_establishments_2025,,,,21540558000014,2025,Collectivité Territoriale,Commune,['Meurthe-et-Moselle'],['Grand Est'],COM,{54},{44}
118be53a-082f-4e0c-8ff9-61154f5f5bbe,215505439,Commune de Velaines (55),false,{55543},Commune,2026-03-24 14:42:03.701372+01,gold_establishments_2025,,,,21550543900012,2025,Collectivité Territoriale,Commune,['Meuse'],['Grand Est'],COM,{55},{44}
d4d73b78-818e-4278-a746-3ae06144149a,213805310,Commune de Velanne (38),false,{38531},Commune,2026-03-24 14:41:59.705606+01,gold_establishments_2025,,,,21380531000017,2025,Collectivité Territoriale,Commune,['Isère'],['Auvergne-Rhône-Alpes'],COM,{38},{84}
5c7caa6e-140c-4ef9-8fc6-3af31ad3a926,212106611,Commune de Velars-sur-Ouche (21),false,{21661},Commune,2026-03-24 14:41:55.433389+01,gold_establishments_2025,,,,21210661100016,2025,Collectivité Territoriale,Commune,"[""Côte-d'Or""]",['Bourgogne-Franche-Comté'],COM,{21},{27}
6cb26394-0871-4cb2-8946-e8e8359dd5ca,211301122,Commune de Velaux (13),false,{13112},Commune,2026-03-24 14:41:53.63825+01,gold_establishments_2025,,,,21130112200084,2025,Collectivité Territoriale,Commune,['Bouches-du-Rhône'],"[""Provence-Alpes-Côte d'Azur""]",COM,{13},{93}
e59a2923-ee5b-4f13-a8ad-61b864330571,216006544,Commune de Velennes (60),false,{60663},Commune,2026-03-24 14:42:04.814328+01,gold_establishments_2025,,,,21600654400011,2025,Collectivité Territoriale,Commune,['Oise'],['Hauts-de-France'],COM,{60},{32}
cf688aa2-b788-4f49-b73c-ea876dcbe34d,218007375,Commune de Velennes (80),false,{80786},Commune,2026-03-24 14:42:09.967209+01,gold_establishments_2025,,,,21800737500015,2025,Collectivité Territoriale,Commune,['Somme'],['Hauts-de-France'],COM,{80},{32}
28013ad9-718f-4703-acb0-2e112954e2e4,212505945,Commune de Velesmes-Essarts (25),false,{25594},Commune,2026-03-24 14:41:56.495197+01,gold_establishments_2025,,,,21250594500015,2025,Collectivité Territoriale,Commune,['Doubs'],['Bourgogne-Franche-Comté'],COM,{25},{27}
f66c9d00-c611-46dd-aa2a-2efbfefe0658,217005289,Commune de Velesmes-Échevanne (70),false,{70528},Commune,2026-03-24 14:42:07.735343+01,gold_establishments_2025,,,,21700528900012,2025,Collectivité Territoriale,Commune,['Haute-Saône'],['Bourgogne-Franche-Comté'],COM,{70},{27}
77293a45-f49f-44f8-8ade-1759221ad96e,217005297,Commune de Velet (70),false,{70529},Commune,2026-03-24 14:42:07.735343+01,gold_establishments_2025,,,,21700529700015,2025,Collectivité Territoriale,Commune,['Haute-Saône'],['Bourgogne-Franche-Comté'],COM,{70},{27}
68ef8268-e969-41f5-854e-ed6fedd62cbe,217005362,Commune de Velle-le-Châtel (70),false,{70536},Commune,2026-03-24 14:42:07.735343+01,gold_establishments_2025,,,,21700536200017,2025,Collectivité Territoriale,Commune,['Haute-Saône'],['Bourgogne-Franche-Comté'],COM,{70},{27}
52eabd78-da7f-4959-9bf6-3bd0305d5d41,215405598,Commune de Velle-sur-Moselle (54),false,{54559},Commune,2026-03-24 14:42:02.957225+01,gold_establishments_2025,,,,21540559800016,2025,Collectivité Territoriale,Commune,['Meurthe-et-Moselle'],['Grand Est'],COM,{54},{44}
80df1ac7-9408-49f7-bc21-4f300706c386,217005305,Commune de Vellechevreux-et-Courbenans (nan),false,{70530},Commune,2026-03-24 14:42:07.735343+01,gold_establishments_2025,,,,21700530500016,2025,Collectivité Territoriale,Commune,[''],[''],COM,,
9457eb42-6884-423c-8e22-9daf2f390e7b,217005313,Commune de Velleclaire (70),false,{70531},Commune,2026-03-24 14:42:07.735343+01,gold_establishments_2025,,,,21700531300010,2025,Collectivité Territoriale,Commune,['Haute-Saône'],['Bourgogne-Franche-Comté'],COM,{70},{27}
5c8d441b-93ff-4c0b-982c-56b69535e907,217005321,Commune de Vellefaux (70),false,{70532},Commune,2026-03-24 14:42:07.735343+01,gold_establishments_2025,,,,21700532100013,2025,Collectivité Territoriale,Commune,['Haute-Saône'],['Bourgogne-Franche-Comté'],COM,{70},{27}
977159ad-e9db-40ba-ac01-6ab388a11c25,217005339,Commune de Vellefrey-et-Vellefrange (70),false,{70533},Commune,2026-03-24 14:42:07.735343+01,gold_establishments_2025,,,,21700533900015,2025,Collectivité Territoriale,Commune,['Haute-Saône'],['Bourgogne-Franche-Comté'],COM,{70},{27}
fe1fe359-859c-41a5-93fe-3645e6ec2c30,217005347,Commune de Vellefrie (70),false,{70534},Commune,2026-03-24 14:42:07.735343+01,gold_establishments_2025,,,,21700534700018,2025,Collectivité Territoriale,Commune,['Haute-Saône'],['Bourgogne-Franche-Comté'],COM,{70},{27}
122ff8db-8f46-48d8-9f6b-d05a36f228c2,217005354,Commune de Velleguindry-et-Levrecey (70),false,{70535},Commune,2026-03-24 14:42:07.735343+01,gold_establishments_2025,,,,21700535400014,2025,Collectivité Territoriale,Commune,['Haute-Saône'],['Bourgogne-Franche-Comté'],COM,{70},{27}
275ae3dc-01b2-4c61-8378-0acd6b300177,217005370,Commune de Velleminfroy (70),false,{70537},Commune,2026-03-24 14:42:07.735343+01,gold_establishments_2025,,,,21700537000010,2025,Collectivité Territoriale,Commune,['Haute-Saône'],['Bourgogne-Franche-Comté'],COM,{70},{27}
425c10f4-9c41-41a7-b86d-927bf6c68fb7,217005388,Commune de Vellemoz (70),false,{70538},Commune,2026-03-24 14:42:07.735343+01,gold_establishments_2025,,,,21700538800012,2025,Collectivité Territoriale,Commune,['Haute-Saône'],['Bourgogne-Franche-Comté'],COM,{70},{27}
5b6635da-5c2b-4d01-bdbd-517136c9294e,218401420,Commune de Velleron (84),false,{84142},Commune,2026-03-24 14:42:10.508772+01,gold_establishments_2025,,,,21840142000011,2025,Collectivité Territoriale,Commune,['Vaucluse'],"[""Provence-Alpes-Côte d'Azur""]",COM,{84},{93}
b997ba61-e001-44a4-b823-e323e77a483c,212505952,Commune de Vellerot-lès-Belvoir (25),false,{25595},Commune,2026-03-24 14:41:56.495197+01,gold_establishments_2025,,,,21250595200011,2025,Collectivité Territoriale,Commune,['Doubs'],['Bourgogne-Franche-Comté'],COM,{25},{27}
6ac6ea8c-3b81-49a6-8add-b475b972df3c,212505960,Commune de Vellerot-lès-Vercel (25),false,{25596},Commune,2026-03-24 14:41:56.495197+01,gold_establishments_2025,,,,21250596000014,2025,Collectivité Territoriale,Commune,['Doubs'],['Bourgogne-Franche-Comté'],COM,{25},{27}
0726b0c3-0630-44e7-a920-2a37d40d264d,213602311,Commune de Velles (36),false,{36231},Commune,2026-03-24 14:41:59.160244+01,gold_establishments_2025,,,,21360231100010,2025,Collectivité Territoriale,Commune,['Indre'],['Centre-Val de Loire'],COM,{36},{24}
a93f11e2-dd9f-4962-a207-a672b0c78c3a,215204231,Commune de Velles (52),false,{52513},Commune,2026-03-24 14:42:01.954481+01,gold_establishments_2025,,,,21520423100017,2025,Collectivité Territoriale,Commune,['Haute-Marne'],['Grand Est'],COM,{52},{44}
0bc011a6-2c18-4c57-bdf5-8a583cb56cfa,219001013,Commune de Vellescot (90),false,{90101},Commune,2026-03-24 14:42:11.659493+01,gold_establishments_2025,,,,21900101300016,2025,Collectivité Territoriale,Commune,['Territoire de Belfort'],['Bourgogne-Franche-Comté'],COM,{90},{27}
127db8c1-2651-4a9c-92fe-76865a617c05,212505978,Commune de Vellevans (25),false,{25597},Commune,2026-03-24 14:41:56.495197+01,gold_establishments_2025,,,,21250597800016,2025,Collectivité Territoriale,Commune,['Doubs'],['Bourgogne-Franche-Comté'],COM,{25},{27}
e1d273b7-ddeb-46ab-829c-3ff831de3489,217005396,Commune de Vellexon-Queutrey-et-Vaudey (70),false,{70539},Commune,2026-03-24 14:42:07.735343+01,gold_establishments_2025,,,,21700539600015,2025,Collectivité Territoriale,Commune,['Haute-Saône'],['Bourgogne-Franche-Comté'],COM,{70},{27}
0596f8d3-352e-49dc-aff5-cb8819536e67,217005404,Commune de Velloreille-lès-Choye (70),false,{70540},Commune,2026-03-24 14:42:07.735343+01,gold_establishments_2025,,,,21700540400017,2025,Collectivité Territoriale,Commune,['Haute-Saône'],['Bourgogne-Franche-Comté'],COM,{70},{27}
884d10b5-77b5-40ca-bd42-6ad3cdc72116,218602803,Commune de Vellèches (86),false,{86280},Commune,2026-03-24 14:42:11.118516+01,gold_establishments_2025,,,,21860280300015,2025,Collectivité Territoriale,Commune,['Vienne'],['Nouvelle-Aquitaine'],COM,{86},{75}
c619b197-337a-4059-bfd0-0085f9f78c37,212106629,Commune de Velogny (21),false,{21662},Commune,2026-03-24 14:41:55.433389+01,gold_establishments_2025,,,,21210662900018,2025,Collectivité Territoriale,Commune,"[""Côte-d'Or""]",['Bourgogne-Franche-Comté'],COM,{21},{27}
1a3d4c81-948d-4fd2-882d-32e29e721e45,212003404,Commune de Velone-Orneto (2B),false,{2B340},Commune,2026-03-24 14:41:57.56054+01,gold_establishments_2025,,,,21200340400010,2025,Collectivité Territoriale,Commune,['Haute-Corse'],['Corse'],COM,{2B},{94}
6ac40e9b-11e6-47b9-b837-44716f0405e5,217005412,Commune de Velorcey (70),false,{70541},Commune,2026-03-24 14:42:07.735343+01,gold_establishments_2025,,,,21700541200010,2025,Collectivité Territoriale,Commune,['Haute-Saône'],['Bourgogne-Franche-Comté'],COM,{70},{27}
a8c2b19f-7bc6-4eb8-ab5a-212e4d802cab,215505447,Commune de Velosnes (55),false,{55544},Commune,2026-03-24 14:42:03.701372+01,gold_establishments_2025,,,,21550544700015,2025,Collectivité Territoriale,Commune,['Meuse'],['Grand Est'],COM,{55},{44}
2de4bf34-23eb-4cad-8ff7-0880597194fa,218804995,Commune de Velotte-et-Tatignécourt (88),false,{88499},Commune,2026-03-24 14:42:11.118516+01,gold_establishments_2025,,,,21880499500015,2025,Collectivité Territoriale,Commune,['Vosges'],['Grand Est'],COM,{88},{44}
0ee5fb68-c7f4-4313-a640-8c616a5e0553,215707050,Commune de Velving (57),false,{57705},Commune,2026-03-24 14:42:04.280096+01,gold_establishments_2025,,,,21570705000013,2025,Collectivité Territoriale,Commune,['Moselle'],['Grand Est'],COM,{57},{44}
a4887e3a-da04-473e-8848-57334a6fd6bc,211502521,Commune de Velzic (15),false,{15252},Commune,2026-03-24 14:41:54.362296+01,gold_establishments_2025,,,,21150252100019,2025,Collectivité Territoriale,Commune,['Cantal'],['Auvergne-Rhône-Alpes'],COM,{15},{84}
4d029fde-bb8c-439b-ac23-1dd55b15755f,212003412,Commune de Venaco (2B),false,{2B341},Commune,2026-03-24 14:41:57.56054+01,gold_establishments_2025,,,,21200341200013,2025,Collectivité Territoriale,Commune,['Haute-Corse'],['Corse'],COM,{2B},{94}
409b1aa2-af39-4411-95d7-1a95bbb5dde4,218503001,Commune de Venansault (85),false,{85300},Commune,2026-03-24 14:42:10.508772+01,gold_establishments_2025,,,,21850300100016,2025,Collectivité Territoriale,Commune,['Vendée'],['Pays de la Loire'],COM,{85},{52}
98d36df1-0fc0-4543-8ad0-55e332e847f8,210601563,Commune de Venanson (06),false,{06156},Commune,2026-03-24 14:41:52.562531+01,gold_establishments_2025,,,,21060156300013,2025,Collectivité Territoriale,Commune,['Alpes-Maritimes'],"[""Provence-Alpes-Côte d'Azur""]",COM,{06},{93}
04483898-419b-461f-af5f-8bee86d660ad,212106637,Commune de Venarey-les-Laumes (21),false,{21663},Commune,2026-03-24 14:41:55.433389+01,gold_establishments_2025,,,,21210663700011,2025,Collectivité Territoriale,Commune,"[""Côte-d'Or""]",['Bourgogne-Franche-Comté'],COM,{21},{27}
75682ffe-8c24-4d0e-9cd7-679ff754ed10,210303038,Commune de Venas (03),false,{03303},Commune,2026-03-24 14:41:52.020251+01,gold_establishments_2025,,,,21030303800017,2025,Collectivité Territoriale,Commune,['Allier'],['Auvergne-Rhône-Alpes'],COM,{03},{84}
b7b34b73-cf8b-47e0-a65e-8f14420753e9,218401438,Commune de Venasque (84),false,{84143},Commune,2026-03-24 14:42:10.508772+01,gold_establishments_2025,,,,21840143800013,2025,Collectivité Territoriale,Commune,['Vaucluse'],"[""Provence-Alpes-Côte d'Azur""]",COM,{84},{93}
39ea3021-a965-4240-8748-b800f0b8dcb7,210601571,Commune de Vence (06),false,{06157},Commune,2026-03-24 14:41:52.562531+01,gold_establishments_2025,,,,21060157100016,2025,Collectivité Territoriale,Commune,['Alpes-Maritimes'],"[""Provence-Alpes-Côte d'Azur""]",COM,{06},{93}
77e98da4-2bd1-4f80-93b1-2c6e933d5655,213403272,Commune de Vendargues (34),false,{34327},Commune,2026-03-24 14:41:58.620411+01,gold_establishments_2025,,,,21340327200015,2025,Collectivité Territoriale,Commune,['Hérault'],['Occitanie'],COM,{34},{76}
16001f9a-d2d0-458a-bba5-ef7d6ed5d415,210303046,Commune de Vendat (03),false,{03304},Commune,2026-03-24 14:41:52.020251+01,gold_establishments_2025,,,,21030304600010,2025,Collectivité Territoriale,Commune,['Allier'],['Auvergne-Rhône-Alpes'],COM,{03},{84}
498650e1-7d3a-490c-aa56-ecf852be60f5,213305402,Commune de Vendays-Montalivet (33),false,{33540},Commune,2026-03-24 14:41:58.620411+01,gold_establishments_2025,,,,21330540200017,2025,Collectivité Territoriale,Commune,['Gironde'],['Nouvelle-Aquitaine'],COM,{33},{75}
89592cc1-c537-416b-8191-fa1ebf7295d1,215906074,Commune de Vendegies-au-Bois (59),false,{59607},Commune,2026-03-24 14:42:04.814328+01,gold_establishments_2025,,,,21590607400012,2025,Collectivité Territoriale,Commune,['Nord'],['Hauts-de-France'],COM,{59},{32}
67a2c40d-9c67-4ec3-adc3-e9470fee9274,215906082,Commune de Vendegies-sur-Écaillon (59),false,{59608},Commune,2026-03-24 14:42:04.814328+01,gold_establishments_2025,,,,21590608200031,2025,Collectivité Territoriale,Commune,['Nord'],['Hauts-de-France'],COM,{59},{32}
4203ba44-108b-4be5-be86-158a95d54e9c,210207478,Commune de Vendelles (02),false,{02774},Commune,2026-03-24 14:41:52.020251+01,gold_establishments_2025,,,,21020747800012,2025,Collectivité Territoriale,Commune,['Aisne'],['Hauts-de-France'],COM,{02},{32}
52040c19-81e4-4886-aeb0-c51a55618c78,217105642,Commune de Vendenesse-lès-Charolles (71),false,{71564},Commune,2026-03-24 14:42:08.279287+01,gold_establishments_2025,,,,21710564200011,2025,Collectivité Territoriale,Commune,['Saône-et-Loire'],['Bourgogne-Franche-Comté'],COM,{71},{27}
083d7f31-49f5-43d3-ad02-dc47d73c4ebf,217105659,Commune de Vendenesse-sur-Arroux (71),false,{71565},Commune,2026-03-24 14:42:08.279287+01,gold_establishments_2025,,,,21710565900015,2025,Collectivité Territoriale,Commune,['Saône-et-Loire'],['Bourgogne-Franche-Comté'],COM,{71},{27}
7ca3ec95-0bfd-4178-914a-1f0dc97976da,216705061,Commune de Vendenheim (67),false,{67506},Commune,2026-03-24 14:42:07.195692+01,gold_establishments_2025,,,,21670506100010,2025,Collectivité Territoriale,Commune,['Bas-Rhin'],['Grand Est'],COM,{67},{44}
5f1333b4-03a3-4c41-802e-b4f38e4763d4,211407341,Commune de Vendes (14),false,{14734},Commune,2026-03-24 14:41:54.362296+01,gold_establishments_2025,,,,21140734100018,2025,Collectivité Territoriale,Commune,['Calvados'],['Normandie'],COM,{14},{28}
2a25cf10-b8d7-4231-b982-b62ed4a323de,210207486,Commune de Vendeuil (02),false,{02775},Commune,2026-03-24 14:41:52.020251+01,gold_establishments_2025,,,,21020748600015,2025,Collectivité Territoriale,Commune,['Aisne'],['Hauts-de-France'],COM,{02},{32}
3382d78e-e1b1-40bf-80ae-2194d4b8d278,216006551,Commune de Vendeuil-Caply (60),false,{60664},Commune,2026-03-24 14:42:04.814328+01,gold_establishments_2025,,,,21600655100016,2025,Collectivité Territoriale,Commune,['Oise'],['Hauts-de-France'],COM,{60},{32}
62c22ced-5e43-4c01-8fed-59e71cf74d02,211407358,Commune de Vendeuvre (14),false,{14735},Commune,2026-03-24 14:41:54.362296+01,gold_establishments_2025,,,,21140735800012,2025,Collectivité Territoriale,Commune,['Calvados'],['Normandie'],COM,{14},{28}
4dca2a30-3c92-43a2-8767-20c4055ba1fe,211003884,Commune de Vendeuvre-sur-Barse (10),false,{10401},Commune,2026-03-24 14:41:53.095366+01,gold_establishments_2025,,,,21100388400015,2025,Collectivité Territoriale,Commune,['Aube'],['Grand Est'],COM,{10},{44}
a5f35a1d-09ec-4c4a-85ff-e465fe36f155,215906090,Commune de Vendeville (59),false,{59609},Commune,2026-03-24 14:42:04.814328+01,gold_establishments_2025,,,,21590609000018,2025,Collectivité Territoriale,Commune,['Nord'],['Hauts-de-France'],COM,{59},{32}
0d09a7e6-8783-426e-849c-d27029ff1e05,210207494,Commune de Vendhuile (02),false,{02776},Commune,2026-03-24 14:41:52.020251+01,gold_establishments_2025,,,,21020749400019,2025,Collectivité Territoriale,Commune,['Aisne'],['Hauts-de-France'],COM,{02},{32}
9f031d7e-0780-496d-ade2-75374036ea6d,216208421,Commune de Vendin-le-Vieil (62),false,{62842},Commune,2026-03-24 14:42:06.130387+01,gold_establishments_2025,,,,21620842100018,2025,Collectivité Territoriale,Commune,['Pas-de-Calais'],['Hauts-de-France'],COM,{62},{32}
627c02b9-f185-42c6-9667-428bb4fcdd8e,216208413,Commune de Vendin-lès-Béthune (62),false,{62841},Commune,2026-03-24 14:42:06.130387+01,gold_establishments_2025,,,,21620841300015,2025,Collectivité Territoriale,Commune,['Pas-de-Calais'],['Hauts-de-France'],COM,{62},{32}
849faded-e877-49e2-ac96-a00eb9a68379,213105711,Commune de Vendine (31),false,{31571},Commune,2026-03-24 14:41:58.09424+01,gold_establishments_2025,,,,21310571100013,2025,Collectivité Territoriale,Commune,['Haute-Garonne'],['Occitanie'],COM,{31},{76}
b9913c36-b251-41a0-9932-1a449f021b51,210207502,Commune de Vendières (02),false,{02777},Commune,2026-03-24 14:41:52.020251+01,gold_establishments_2025,,,,21020750200019,2025,Collectivité Territoriale,Commune,['Aisne'],['Hauts-de-France'],COM,{02},{32}
64f11942-0524-4a97-9c70-105b74ded020,212405690,Commune de Vendoire (24),false,{24569},Commune,2026-03-24 14:41:55.958138+01,gold_establishments_2025,,,,21240569000018,2025,Collectivité Territoriale,Commune,['Dordogne'],['Nouvelle-Aquitaine'],COM,{24},{75}
6f0eeef2-0529-4a14-9b14-65f4909c8f73,214203259,Commune de Vendranges (42),false,{42325},Commune,2026-03-24 14:42:00.273698+01,gold_establishments_2025,,,,21420325900012,2025,Collectivité Territoriale,Commune,['Loire'],['Auvergne-Rhône-Alpes'],COM,{42},{84}
691deffd-1907-469d-8dad-eea52203b491,218503019,Commune de Vendrennes (85),false,{85301},Commune,2026-03-24 14:42:10.508772+01,gold_establishments_2025,,,,21850301900083,2025,Collectivité Territoriale,Commune,['Vendée'],['Pays de la Loire'],COM,{85},{52}
4ec95b85-403d-4f17-8460-ec59b161a71e,213403298,Commune de Vendres (34),false,{34329},Commune,2026-03-24 14:41:58.620411+01,gold_establishments_2025,,,,21340329800010,2025,Collectivité Territoriale,Commune,['Hérault'],['Occitanie'],COM,{34},{76}
2c1d682e-aa1a-4656-b38e-844f51b7f6a3,210804282,Commune de Vendresse (08),false,{08469},Commune,2026-03-24 14:41:53.095366+01,gold_establishments_2025,,,,21080428200015,2025,Collectivité Territoriale,Commune,['Ardennes'],['Grand Est'],COM,{08},{44}
c0bbb8d6-80c0-41f1-bb89-14b95e385e68,210207510,Commune de Vendresse-Beaulne (02),false,{02778},Commune,2026-03-24 14:41:52.020251+01,gold_establishments_2025,,,,21020751000012,2025,Collectivité Territoriale,Commune,['Aisne'],['Hauts-de-France'],COM,{02},{32}
c4f538c4-0065-4b31-98de-115725a81e40,217704907,Commune de Vendrest (77),false,{77490},Commune,2026-03-24 14:42:09.43682+01,gold_establishments_2025,,,,21770490700013,2025,Collectivité Territoriale,Commune,['Seine-et-Marne'],['Île-de-France'],COM,{77},{11}
aa00637e-9726-48b0-bebd-63ddf021975d,213403280,Commune de Vendémian (34),false,{34328},Commune,2026-03-24 14:41:58.620411+01,gold_establishments_2025,,,,21340328000018,2025,Collectivité Territoriale,Commune,['Hérault'],['Occitanie'],COM,{34},{76}
ce7a5f79-da25-466d-8cc3-66096021117b,214102691,Commune de Vendôme (41),false,{41269},Commune,2026-03-24 14:42:00.273698+01,gold_establishments_2025,,,,21410269100018,2025,Collectivité Territoriale,Commune,['Loir-et-Cher'],['Centre-Val de Loire'],COM,{41},{24}
cbbfd8e0-7828-436d-af27-210282f04fb5,213602329,Commune de Vendœuvres (36),false,{36232},Commune,2026-03-24 14:41:59.160244+01,gold_establishments_2025,,,,21360232900012,2025,Collectivité Territoriale,Commune,['Indre'],['Centre-Val de Loire'],COM,{36},{24}
851e8775-7ff8-44b5-8d01-4baed24c6b2a,211301130,Commune de Venelles (13),false,{13113},Commune,2026-03-24 14:41:53.63825+01,gold_establishments_2025,,,,21130113000103,2025,Collectivité Territoriale,Commune,['Bouches-du-Rhône'],"[""Provence-Alpes-Côte d'Azur""]",COM,{13},{93}
5ffa9ba7-e43d-41fd-a05b-c64956dc5c80,213105729,Commune de Venerque (31),false,{31572},Commune,2026-03-24 14:41:58.09424+01,gold_establishments_2025,,,,21310572900015,2025,Collectivité Territoriale,Commune,['Haute-Garonne'],['Occitanie'],COM,{31},{76}
89afae5a-a6a8-4e53-818b-a98221914ab3,211802731,Commune de Venesmes (18),false,{18273},Commune,2026-03-24 14:41:54.903238+01,gold_establishments_2025,,,,21180273100011,2025,Collectivité Territoriale,Commune,['Cher'],['Centre-Val de Loire'],COM,{18},{24}
5dfc6c1d-f6de-47b3-b733-ba25dd5d8fd0,216006569,Commune de Venette (60),false,{60665},Commune,2026-03-24 14:42:04.814328+01,gold_establishments_2025,,,,21600656900018,2025,Collectivité Territoriale,Commune,['Oise'],['Hauts-de-France'],COM,{60},{32}
fa08ea94-29db-4c4c-8447-757537989363,215405606,Commune de Veney (54),false,{54560},Commune,2026-03-24 14:42:02.957225+01,gold_establishments_2025,,,,21540560600017,2025,Collectivité Territoriale,Commune,['Meurthe-et-Moselle'],['Grand Est'],COM,{54},{44}
3dc030b2-8586-460e-9225-88bd05596663,212505986,Commune de Venise (25),false,{25598},Commune,2026-03-24 14:41:56.495197+01,gold_establishments_2025,,,,21250598600019,2025,Collectivité Territoriale,Commune,['Doubs'],['Bourgogne-Franche-Comté'],COM,{25},{27}
308dc972-eb84-45ff-a03a-747b1724874b,217005453,Commune de Venisey (70),false,{70545},Commune,2026-03-24 14:42:07.735343+01,gold_establishments_2025,,,,21700545300014,2025,Collectivité Territoriale,Commune,['Haute-Saône'],['Bourgogne-Franche-Comté'],COM,{70},{27}
eccec050-7ff1-4947-8071-932d617256f2,210207536,Commune de Venizel (02),false,{02780},Commune,2026-03-24 14:41:52.020251+01,gold_establishments_2025,,,,21020753600017,2025,Collectivité Territoriale,Commune,['Aisne'],['Hauts-de-France'],COM,{02},{32}
29025976-ebf2-46c5-8385-52231852bdec,218904365,Commune de Venizy (89),false,{89436},Commune,2026-03-24 14:42:11.659493+01,gold_establishments_2025,,,,21890436500010,2025,Collectivité Territoriale,Commune,['Yonne'],['Bourgogne-Franche-Comté'],COM,{89},{27}
0846494e-8c97-447d-b303-770d387c2280,212505994,Commune de Vennans (25),false,{25599},Commune,2026-03-24 14:41:56.495197+01,gold_establishments_2025,,,,21250599400047,2025,Collectivité Territoriale,Commune,['Doubs'],['Bourgogne-Franche-Comté'],COM,{25},{27}
a44335b7-0479-484f-b0a7-fa3c57c3275d,214503336,Commune de Vennecy (45),false,{45333},Commune,2026-03-24 14:42:00.862623+01,gold_establishments_2025,,,,21450333600015,2025,Collectivité Territoriale,Commune,['Loiret'],['Centre-Val de Loire'],COM,{45},{24}
1e2bf556-496b-4749-8969-803394128e49,212506000,Commune de Vennes (25),false,{25600},Commune,2026-03-24 14:41:56.495197+01,gold_establishments_2025,,,,21250600000018,2025,Collectivité Territoriale,Commune,['Doubs'],['Bourgogne-Franche-Comté'],COM,{25},{27}
e7c08558-039c-4fff-8065-8edf765f877f,215405614,Commune de Vennezey (54),false,{54561},Commune,2026-03-24 14:42:02.957225+01,gold_establishments_2025,,,,21540561400011,2025,Collectivité Territoriale,Commune,['Meurthe-et-Moselle'],['Grand Est'],COM,{54},{44}
3b8d9e2b-8747-4157-bb8d-89246178d9e6,212706774,Commune de Venon (27),false,{27677},Commune,2026-03-24 14:41:57.028721+01,gold_establishments_2025,,,,21270677400016,2025,Collectivité Territoriale,Commune,['Eure'],['Normandie'],COM,{27},{28}
2841ff8e-71fd-4122-84a6-e90db2720838,213805336,Commune de Venon (38),false,{38533},Commune,2026-03-24 14:41:59.705606+01,gold_establishments_2025,,,,21380533600012,2025,Collectivité Territoriale,Commune,['Isère'],['Auvergne-Rhône-Alpes'],COM,{38},{84}
200eeaae-40f9-405f-a256-f47096860dc1,218904373,Commune de Venouse (89),false,{89437},Commune,2026-03-24 14:42:11.659493+01,gold_establishments_2025,,,,21890437300014,2025,Collectivité Territoriale,Commune,['Yonne'],['Bourgogne-Franche-Comté'],COM,{89},{27}
90401dc6-8a49-4ef9-bec0-1f48c4404740,218904381,Commune de Venoy (89),false,{89438},Commune,2026-03-24 14:42:11.659493+01,gold_establishments_2025,,,,21890438100017,2025,Collectivité Territoriale,Commune,['Yonne'],['Bourgogne-Franche-Comté'],COM,{89},{27}
0fc8f5c4-4076-4ccc-aa10-084a32c1f3a4,213305410,Commune de Vensac (33),false,{33541},Commune,2026-03-24 14:41:58.620411+01,gold_establishments_2025,,,,21330541000010,2025,Collectivité Territoriale,Commune,['Gironde'],['Nouvelle-Aquitaine'],COM,{33},{75}
17945198-e9bc-461b-9e62-43ac1d8a1cc0,216304469,Commune de Vensat (63),false,{63446},Commune,2026-03-24 14:42:06.130387+01,gold_establishments_2025,,,,21630446900010,2025,Collectivité Territoriale,Commune,['Puy-de-Dôme'],['Auvergne-Rhône-Alpes'],COM,{63},{84}
bb55c9ad-0d5e-496f-bb77-f0cf74407cdc,211301148,Commune de Ventabren (13),false,{13114},Commune,2026-03-24 14:41:53.63825+01,gold_establishments_2025,,,,21130114800014,2025,Collectivité Territoriale,Commune,['Bouches-du-Rhône'],"[""Provence-Alpes-Côte d'Azur""]",COM,{13},{93}
6f07e990-b878-4f93-b520-05e8dd4a7043,200058410,Commune de Ventalon en Cévennes (48),false,{48152},Commune,2026-03-24 14:42:01.412377+01,gold_establishments_2025,,,,20005841000016,2025,Collectivité Territoriale,Commune,['Lozère'],['Occitanie'],COM,{48},{76}
1fa479a2-dfcb-49ab-a550-fd28df57ee27,210501789,Commune de Ventavon (05),false,{05178},Commune,2026-03-24 14:41:52.562531+01,gold_establishments_2025,,,,21050178900015,2025,Collectivité Territoriale,Commune,['Hautes-Alpes'],"[""Provence-Alpes-Côte d'Azur""]",COM,{05},{93}
ad3559ee-a317-4a31-8f53-c3a871ef35a7,215105602,Commune de Ventelay (51),false,{51604},Commune,2026-03-24 14:42:01.954481+01,gold_establishments_2025,,,,21510560200019,2025,Collectivité Territoriale,Commune,['Marne'],['Grand Est'],COM,{51},{44}
b1adc45b-8d34-45ba-bebe-3edcb979bd7a,210903274,Commune de Ventenac (09),false,{09327},Commune,2026-03-24 14:41:53.095366+01,gold_establishments_2025,,,,21090327400012,2025,Collectivité Territoriale,Commune,['Ariège'],['Occitanie'],COM,{09},{76}
80ebb9f6-c1c1-4b6c-a091-e06640a46195,211104047,Commune de Ventenac-Cabardès (11),false,{11404},Commune,2026-03-24 14:41:53.63825+01,gold_establishments_2025,,,,21110404700017,2025,Collectivité Territoriale,Commune,['Aude'],['Occitanie'],COM,{11},{76}
6fd96347-4f1f-44fb-beb9-c86d9e962139,211104054,Commune de Ventenac-en-Minervois (11),false,{11405},Commune,2026-03-24 14:41:53.63825+01,gold_establishments_2025,,,,21110405400013,2025,Collectivité Territoriale,Commune,['Aude'],['Occitanie'],COM,{11},{76}
9cc160f0-45a3-41ce-ab6e-5acb490c243c,210402343,Commune de Venterol (04),false,{04234},Commune,2026-03-24 14:41:52.562531+01,gold_establishments_2025,,,,21040234300011,2025,Collectivité Territoriale,Commune,['Alpes-de-Haute-Provence'],"[""Provence-Alpes-Côte d'Azur""]",COM,{04},{93}
e1a6e292-0110-40fc-897b-2a61b182b03d,212603674,Commune de Venterol (26),false,{26367},Commune,2026-03-24 14:41:56.495197+01,gold_establishments_2025,,,,21260367400012,2025,Collectivité Territoriale,Commune,['Drôme'],['Auvergne-Rhône-Alpes'],COM,{26},{84}
51cddd54-70eb-4d39-b08f-ace319b221b2,217607332,Commune de Ventes-Saint-Rémy (76),false,{76733},Commune,2026-03-24 14:42:08.818969+01,gold_establishments_2025,,,,21760733200012,2025,Collectivité Territoriale,Commune,['Seine-Maritime'],['Normandie'],COM,{76},{28}
645ada2f-8e85-4f83-ba32-2db949791002,214302564,Commune de Venteuges (43),false,{43256},Commune,2026-03-24 14:42:00.273698+01,gold_establishments_2025,,,,21430256400015,2025,Collectivité Territoriale,Commune,['Haute-Loire'],['Auvergne-Rhône-Alpes'],COM,{43},{84}
c6f12133-5724-44d3-aef1-261e5c643c16,215105610,Commune de Venteuil (51),false,{51605},Commune,2026-03-24 14:42:01.954481+01,gold_establishments_2025,,,,21510561000012,2025,Collectivité Territoriale,Commune,['Marne'],['Grand Est'],COM,{51},{44}
ce4cb9de-bec1-4067-a210-c2ac09ed96a0,217303080,Commune de Venthon (73),false,{73308},Commune,2026-03-24 14:42:08.279287+01,gold_establishments_2025,,,,21730308000014,2025,Collectivité Territoriale,Commune,['Savoie'],['Auvergne-Rhône-Alpes'],COM,{73},{84}
c93ee5a3-86e4-4747-8477-9cf88ad852be,212003420,Commune de Ventiseri (2B),false,{2B342},Commune,2026-03-24 14:41:57.56054+01,gold_establishments_2025,,,,21200342000016,2025,Collectivité Territoriale,Commune,['Haute-Corse'],['Corse'],COM,{2B},{94}
27485901-c1dd-40e3-81a2-dafa2345833a,211603964,Commune de Ventouse (16),false,{16396},Commune,2026-03-24 14:41:54.903238+01,gold_establishments_2025,,,,21160396400019,2025,Collectivité Territoriale,Commune,['Charente'],['Nouvelle-Aquitaine'],COM,{16},{75}
43da75c6-8d1d-4e04-9fee-05aa28258907,218805000,Commune de Ventron (88),false,{88500},Commune,2026-03-24 14:42:11.118516+01,gold_establishments_2025,,,,21880500000013,2025,Collectivité Territoriale,Commune,['Vosges'],['Grand Est'],COM,{88},{44}
ed8093a0-66d5-4880-b5a2-88f84a2332c3,212003438,Commune de Venzolasca (2B),false,{2B343},Commune,2026-03-24 14:41:57.56054+01,gold_establishments_2025,,,,21200343800018,2025,Collectivité Territoriale,Commune,['Haute-Corse'],['Corse'],COM,{2B},{94}
1193c2b3-6313-4583-a128-268486f82a7d,217005420,Commune de Venère (70),false,{70542},Commune,2026-03-24 14:42:07.735343+01,gold_establishments_2025,,,,21700542000013,2025,Collectivité Territoriale,Commune,['Haute-Saône'],['Bourgogne-Franche-Comté'],COM,{70},{27}
9df36881-3d5d-4567-b88d-28b00517a2fd,215006263,Commune de Ver (50),false,{50626},Commune,2026-03-24 14:42:01.412377+01,gold_establishments_2025,,,,21500626300010,2025,Collectivité Territoriale,Commune,['Manche'],['Normandie'],COM,{50},{28}
7fbac609-921a-4617-8d49-0ffaf4f760c6,212804033,Commune de Ver-lès-Chartres (28),false,{28403},Commune,2026-03-24 14:41:57.028721+01,gold_establishments_2025,,,,21280403300018,2025,Collectivité Territoriale,Commune,['Eure-et-Loir'],['Centre-Val de Loire'],COM,{28},{24}
90ec6d8a-4a4f-4633-8233-59292b6c24ae,216006577,Commune de Ver-sur-Launette (60),false,{60666},Commune,2026-03-24 14:42:04.814328+01,gold_establishments_2025,,,,21600657700060,2025,Collectivité Territoriale,Commune,['Oise'],['Hauts-de-France'],COM,{60},{32}
0cd9a162-9add-420b-b0b0-44a1c9d0d92a,211407390,Commune de Ver-sur-Mer (14),false,{14739},Commune,2026-03-24 14:41:54.362296+01,gold_establishments_2025,,,,21140739000015,2025,Collectivité Territoriale,Commune,['Calvados'],['Normandie'],COM,{14},{28}
4760ef88-dd47-46d6-af81-22389baa6afb,216006585,Commune de Verberie (60),false,{60667},Commune,2026-03-24 14:42:04.814328+01,gold_establishments_2025,,,,21600658500089,2025,Collectivité Territoriale,Commune,['Oise'],['Hauts-de-France'],COM,{60},{32}
f2de3aee-e254-4c1a-af34-efb3ad068006,215203670,Commune de Verbiesles (52),false,{52514},Commune,2026-03-24 14:42:01.954481+01,gold_establishments_2025,,,,21520367000017,2025,Collectivité Territoriale,Commune,['Haute-Marne'],['Grand Est'],COM,{52},{44}
d698c78c-bfbc-4ee9-a4e3-2046e7dc0fb1,212506018,Commune de Vercel-Villedieu-le-Camp (25),false,{25601},Commune,2026-03-24 14:41:56.495197+01,gold_establishments_2025,,,,21250601800010,2025,Collectivité Territoriale,Commune,['Doubs'],['Bourgogne-Franche-Comté'],COM,{25},{27}
8068210d-09a2-45cb-a205-b34dfdc114dd,215906108,Commune de Verchain-Maugré (59),false,{59610},Commune,2026-03-24 14:42:04.814328+01,gold_establishments_2025,,,,21590610800018,2025,Collectivité Territoriale,Commune,['Nord'],['Hauts-de-France'],COM,{59},{32}
58fc3297-5df5-49f1-a383-d435bae81f60,217402940,Commune de Verchaix (74),false,{74294},Commune,2026-03-24 14:42:08.818969+01,gold_establishments_2025,,,,21740294000019,2025,Collectivité Territoriale,Commune,['Haute-Savoie'],['Auvergne-Rhône-Alpes'],COM,{74},{84}
34d80459-d282-40ed-ba6e-672ab904c665,212603682,Commune de Vercheny (26),false,{26368},Commune,2026-03-24 14:41:56.495197+01,gold_establishments_2025,,,,21260368200015,2025,Collectivité Territoriale,Commune,['Drôme'],['Auvergne-Rhône-Alpes'],COM,{26},{84}
e3032c01-dddb-49df-b382-28c1c67c5075,216208439,Commune de Verchin (62),false,{62843},Commune,2026-03-24 14:42:06.130387+01,gold_establishments_2025,,,,21620843900010,2025,Collectivité Territoriale,Commune,['Pas-de-Calais'],['Hauts-de-France'],COM,{62},{32}
7480a01c-9eb8-433c-a2ee-261d84adbf6a,216208447,Commune de Verchocq (62),false,{62844},Commune,2026-03-24 14:42:06.130387+01,gold_establishments_2025,,,,21620844700013,2025,Collectivité Territoriale,Commune,['Pas-de-Calais'],['Hauts-de-France'],COM,{62},{32}
b52ebc0b-556b-4e82-8758-e63207609047,212603690,Commune de Verclause (26),false,{26369},Commune,2026-03-24 14:41:56.495197+01,gold_establishments_2025,,,,21260369000018,2025,Collectivité Territoriale,Commune,['Drôme'],['Auvergne-Rhône-Alpes'],COM,{26},{84}
a04111c2-4f0d-4736-a340-cbd5e83f219c,212603708,Commune de Vercoiran (26),false,{26370},Commune,2026-03-24 14:41:56.495197+01,gold_establishments_2025,,,,21260370800018,2025,Collectivité Territoriale,Commune,['Drôme'],['Auvergne-Rhône-Alpes'],COM,{26},{84}
cc72d641-15d0-4085-ba20-16e8fb66eab0,218007383,Commune de Vercourt (80),false,{80787},Commune,2026-03-24 14:42:09.967209+01,gold_establishments_2025,,,,21800738300019,2025,Collectivité Territoriale,Commune,['Somme'],['Hauts-de-France'],COM,{80},{32}
fc665562-3c3a-4a56-a0de-78d07571a9c6,210402350,Commune de Verdaches (04),false,{04235},Commune,2026-03-24 14:41:52.562531+01,gold_establishments_2025,,,,21040235000016,2025,Collectivité Territoriale,Commune,['Alpes-de-Haute-Provence'],"[""Provence-Alpes-Côte d'Azur""]",COM,{04},{93}
0a62e75d-c6ae-4040-b16a-e39252ca0f88,218103125,Commune de Verdalle (81),false,{81312},Commune,2026-03-24 14:42:09.967209+01,gold_establishments_2025,,,,21810312500017,2025,Collectivité Territoriale,Commune,['Tarn'],['Occitanie'],COM,{81},{76}
5d571e67-d94b-49bd-b52f-83a33c58ce86,213305436,Commune de Verdelais (33),false,{33543},Commune,2026-03-24 14:41:58.620411+01,gold_establishments_2025,,,,21330543600015,2025,Collectivité Territoriale,Commune,['Gironde'],['Nouvelle-Aquitaine'],COM,{33},{75}
a93f6bd0-d187-4431-8ade-032e720b029b,217704923,Commune de Verdelot (77),false,{77492},Commune,2026-03-24 14:42:09.43682+01,gold_establishments_2025,,,,21770492300010,2025,Collectivité Territoriale,Commune,['Seine-et-Marne'],['Île-de-France'],COM,{77},{11}
6650ee59-f890-43d9-8faf-0d65e1e0f59d,215405622,Commune de Verdenal (54),false,{54562},Commune,2026-03-24 14:42:02.957225+01,gold_establishments_2025,,,,21540562200014,2025,Collectivité Territoriale,Commune,['Meurthe-et-Moselle'],['Grand Est'],COM,{54},{44}
888ede63-fce3-4690-854a-0135926274ea,216006593,Commune de Verderel-lès-Sauqueuse (60),false,{60668},Commune,2026-03-24 14:42:04.814328+01,gold_establishments_2025,,,,21600659300018,2025,Collectivité Territoriale,Commune,['Oise'],['Hauts-de-France'],COM,{60},{32}
0975bd0e-7cdb-480a-a148-a9d2d0d2a650,216006601,Commune de Verderonne (60),false,{60669},Commune,2026-03-24 14:42:04.814328+01,gold_establishments_2025,,,,21600660100019,2025,Collectivité Territoriale,Commune,['Oise'],['Hauts-de-France'],COM,{60},{32}
daf48a1d-69b1-4548-bd15-499daf4fc345,216405514,Commune de Verdets (64),false,{64551},Commune,2026-03-24 14:42:06.665412+01,gold_establishments_2025,,,,21640551400011,2025,Collectivité Territoriale,Commune,['Pyrénées-Atlantiques'],['Nouvelle-Aquitaine'],COM,{64},{75}
5a5ba706-5824-4e3f-859d-5acab2a52f53,211802749,Commune de Verdigny (18),false,{18274},Commune,2026-03-24 14:41:54.903238+01,gold_establishments_2025,,,,21180274900013,2025,Collectivité Territoriale,Commune,['Cher'],['Centre-Val de Loire'],COM,{18},{24}
1ce0986b-b8c2-496f-b00b-5eae3f80ce4f,211603972,Commune de Verdille (16),false,{16397},Commune,2026-03-24 14:41:54.903238+01,gold_establishments_2025,,,,21160397200012,2025,Collectivité Territoriale,Commune,['Charente'],['Nouvelle-Aquitaine'],COM,{16},{75}
d3471202-9caa-41fe-ad62-13e98d9e3bb0,210207544,Commune de Verdilly (02),false,{02781},Commune,2026-03-24 14:41:52.020251+01,gold_establishments_2025,,,,21020754400011,2025,Collectivité Territoriale,Commune,['Aisne'],['Hauts-de-France'],COM,{02},{32}
6187f605-ef3c-4b66-8fb2-d507527e3b15,212405708,Commune de Verdon (24),false,{24570},Commune,2026-03-24 14:41:55.958138+01,gold_establishments_2025,,,,21240570800018,2025,Collectivité Territoriale,Commune,['Dordogne'],['Nouvelle-Aquitaine'],COM,{24},{75}
c224ed6d-445e-4f9e-9f6f-6cdbe7451cb0,215106188,Commune de Verdon (51),false,{51607},Commune,2026-03-24 14:42:01.954481+01,gold_establishments_2025,,,,21510618800018,2025,Collectivité Territoriale,Commune,['Marne'],['Grand Est'],COM,{51},{44}
94816b69-8f69-4c30-a9f5-49695dba08c8,212106645,Commune de Verdonnet (21),false,{21664},Commune,2026-03-24 14:41:55.433389+01,gold_establishments_2025,,,,21210664500014,2025,Collectivité Territoriale,Commune,"[""Côte-d'Or""]",['Bourgogne-Franche-Comté'],COM,{21},{27}
0513995e-70eb-43da-8829-b176dd853c8a,210903282,Commune de Verdun (09),false,{09328},Commune,2026-03-24 14:41:53.095366+01,gold_establishments_2025,,,,21090328200015,2025,Collectivité Territoriale,Commune,['Ariège'],['Occitanie'],COM,{09},{76}
8de87a56-34b9-47d6-87cd-20601ccebf94,215505454,Commune de Verdun (55),false,{55545},Commune,2026-03-24 14:42:03.701372+01,gold_establishments_2025,,,,21550545400011,2025,Collectivité Territoriale,Commune,['Meuse'],['Grand Est'],COM,{55},{44}
42145bba-b25b-4743-9a73-e1b632cefa66,217105667,Commune de Verdun-Ciel (71),false,{71566},Commune,2026-03-24 14:42:08.279287+01,gold_establishments_2025,,,,21710566700018,2025,Collectivité Territoriale,Commune,['Saône-et-Loire'],['Bourgogne-Franche-Comté'],COM,{71},{27}
ab3b55d1-b61c-42d5-9782-7c8eab62777d,211104070,Commune de Verdun-en-Lauragais (11),false,{11407},Commune,2026-03-24 14:41:53.63825+01,gold_establishments_2025,,,,21110407000019,2025,Collectivité Territoriale,Commune,['Aude'],['Occitanie'],COM,{11},{76}
1909b693-024d-4a4c-9fab-a3f083b1a0c1,218201903,Commune de Verdun-sur-Garonne (82),false,{82190},Commune,2026-03-24 14:42:10.508772+01,gold_establishments_2025,,,,21820190300018,2025,Collectivité Territoriale,Commune,['Tarn-et-Garonne'],['Occitanie'],COM,{82},{76}
c8d7d11d-471a-4563-9e48-402e3871f658,212003446,Commune de Verdèse (2B),false,{2B344},Commune,2026-03-24 14:41:57.56054+01,gold_establishments_2025,,,,21200344600011,2025,Collectivité Territoriale,Commune,['Haute-Corse'],['Corse'],COM,{2B},{94}
b3aa3c1e-d15a-40be-b8de-fbb39f023958,211802756,Commune de Vereaux (18),false,{18275},Commune,2026-03-24 14:41:54.903238+01,gold_establishments_2025,,,,21180275600018,2025,Collectivité Territoriale,Commune,['Cher'],['Centre-Val de Loire'],COM,{18},{24}
2cda6e25-39e6-44d8-81b4-1f04a91cfbb5,217303106,Commune de Verel-Pragondran (73),false,{73310},Commune,2026-03-24 14:42:08.279287+01,gold_establishments_2025,,,,21730310600017,2025,Collectivité Territoriale,Commune,['Savoie'],['Auvergne-Rhône-Alpes'],COM,{73},{84}
d2a9058f-7bb3-4fa1-a0aa-e6f4f5bd019e,217303098,Commune de Verel-de-Montbel (73),false,{73309},Commune,2026-03-24 14:42:08.279287+01,gold_establishments_2025,,,,21730309800016,2025,Collectivité Territoriale,Commune,['Savoie'],['Auvergne-Rhône-Alpes'],COM,{73},{84}
6b893e21-7342-4b94-b6bd-c2af0973c8c7,217005461,Commune de Vereux (70),false,{70546},Commune,2026-03-24 14:42:07.735343+01,gold_establishments_2025,,,,21700546100017,2025,Collectivité Territoriale,Commune,['Haute-Saône'],['Bourgogne-Franche-Comté'],COM,{70},{27}
2951de23-ac01-4f01-bb7c-867714eecaed,213105737,Commune de Verfeil (31),false,{31573},Commune,2026-03-24 14:41:58.09424+01,gold_establishments_2025,,,,21310573700018,2025,Collectivité Territoriale,Commune,['Haute-Garonne'],['Occitanie'],COM,{31},{76}
acef66d8-cb15-4d59-bb34-bf821d0d7f71,218201911,Commune de Verfeil (82),false,{82191},Commune,2026-03-24 14:42:10.508772+01,gold_establishments_2025,,,,21820191100011,2025,Collectivité Territoriale,Commune,['Tarn-et-Garonne'],['Occitanie'],COM,{82},{76}
4bef3262-23a7-4758-bea4-caff4d84c77c,213003437,Commune de Verfeuil (30),false,{30343},Commune,2026-03-24 14:41:57.56054+01,gold_establishments_2025,,,,21300343700018,2025,Collectivité Territoriale,Commune,['Gard'],['Occitanie'],COM,{30},{76}
ef153d2d-1256-4395-91c5-b9a2495af243,215707068,Commune de Vergaville (57),false,{57706},Commune,2026-03-24 14:42:04.280096+01,gold_establishments_2025,,,,21570706800015,2025,Collectivité Territoriale,Commune,['Moselle'],['Grand Est'],COM,{57},{44}
ab018626-48d4-4791-8458-cf573eeaa94f,211704630,Commune de Vergeroux (17),false,{17463},Commune,2026-03-24 14:41:54.903238+01,gold_establishments_2025,,,,21170463000014,2025,Collectivité Territoriale,Commune,['Charente-Maritime'],['Nouvelle-Aquitaine'],COM,{17},{75}
07bf1795-7c60-4b56-87dc-22830c0fce8f,213905508,Commune de Verges (39),false,{39550},Commune,2026-03-24 14:41:59.705606+01,gold_establishments_2025,,,,21390550800015,2025,Collectivité Territoriale,Commune,['Jura'],['Bourgogne-Franche-Comté'],COM,{39},{27}
8725c7de-b257-4acc-8413-0be046522c69,217607340,Commune de Vergetot (76),false,{76734},Commune,2026-03-24 14:42:08.818969+01,gold_establishments_2025,,,,21760734000031,2025,Collectivité Territoriale,Commune,['Seine-Maritime'],['Normandie'],COM,{76},{28}
bca6a6a2-0c08-4aa4-b817-102d9c3324ff,214302572,Commune de Vergezac (43),false,{43257},Commune,2026-03-24 14:42:00.273698+01,gold_establishments_2025,,,,21430257200018,2025,Collectivité Territoriale,Commune,['Haute-Loire'],['Auvergne-Rhône-Alpes'],COM,{43},{84}
c4292a65-6188-4954-a80d-72fe8968cf3d,216304477,Commune de Vergheas (63),false,{63447},Commune,2026-03-24 14:42:06.130387+01,gold_establishments_2025,,,,21630447700013,2025,Collectivité Territoriale,Commune,['Puy-de-Dôme'],['Auvergne-Rhône-Alpes'],COM,{63},{84}
6cd76bb3-8367-4b01-ba8d-8f8566697eb7,218007391,Commune de Vergies (80),false,{80788},Commune,2026-03-24 14:42:09.967209+01,gold_establishments_2025,,,,21800739100012,2025,Collectivité Territoriale,Commune,['Somme'],['Hauts-de-France'],COM,{80},{32}
ad640a71-54e3-4329-9f4d-cc0ea70bbb26,218904399,Commune de Vergigny (89),false,{89439},Commune,2026-03-24 14:42:11.659493+01,gold_establishments_2025,,,,21890439900019,2025,Collectivité Territoriale,Commune,['Yonne'],['Bourgogne-Franche-Comté'],COM,{89},{27}
ef26a08f-125c-4364-9e2d-34f55b009f3d,217105675,Commune de Vergisson (71),false,{71567},Commune,2026-03-24 14:42:08.279287+01,gold_establishments_2025,,,,21710567500011,2025,Collectivité Territoriale,Commune,['Saône-et-Loire'],['Bourgogne-Franche-Comté'],COM,{71},{27}
507e0e64-5f99-42ec-a26c-9445ab2f930f,211704648,Commune de Vergné (17),false,{17464},Commune,2026-03-24 14:41:54.903238+01,gold_establishments_2025,,,,21170464800016,2025,Collectivité Territoriale,Commune,['Charente-Maritime'],['Nouvelle-Aquitaine'],COM,{17},{75}
a55aa415-fa92-4076-b120-9063b7d56fa8,213204605,Commune de Vergoignan (32),false,{32460},Commune,2026-03-24 14:41:58.09424+01,gold_establishments_2025,,,,21320460500017,2025,Collectivité Territoriale,Commune,['Gers'],['Occitanie'],COM,{32},{76}
09d81904-a48b-445b-89ce-3a52cf1d7d0e,214302580,Commune de Vergongheon (43),false,{43258},Commune,2026-03-24 14:42:00.273698+01,gold_establishments_2025,,,,21430258000011,2025,Collectivité Territoriale,Commune,['Haute-Loire'],['Auvergne-Rhône-Alpes'],COM,{43},{84}
dd36b7d2-1d16-41cc-a783-10b0d6e52d87,210402368,Commune de Vergons (04),false,{04236},Commune,2026-03-24 14:41:52.562531+01,gold_establishments_2025,,,,21040236800018,2025,Collectivité Territoriale,Commune,['Alpes-de-Haute-Provence'],"[""Provence-Alpes-Côte d'Azur""]",COM,{04},{93}
39c6732f-c1c3-491f-a333-4632038a9816,212506026,Commune de Vergranne (25),false,{25602},Commune,2026-03-24 14:41:56.495197+01,gold_establishments_2025,,,,21250602600013,2025,Collectivité Territoriale,Commune,['Doubs'],['Bourgogne-Franche-Comté'],COM,{25},{27}
9f98ac11-5dcc-4a14-897b-43c5ffbe3c0f,212405716,Commune de Vergt (24),false,{24571},Commune,2026-03-24 14:41:55.958138+01,gold_establishments_2025,,,,21240571600011,2025,Collectivité Territoriale,Commune,['Dordogne'],['Nouvelle-Aquitaine'],COM,{24},{75}
57765a98-5db5-488c-8ebd-f35b5f369f92,212405724,Commune de Vergt-de-Biron (24),false,{24572},Commune,2026-03-24 14:41:55.958138+01,gold_establishments_2025,,,,21240572400015,2025,Collectivité Territoriale,Commune,['Dordogne'],['Nouvelle-Aquitaine'],COM,{24},{75}
f34c1b7e-321c-42b7-852d-c50f99be820f,213003445,Commune de Vergèze (30),false,{30344},Commune,2026-03-24 14:41:57.56054+01,gold_establishments_2025,,,,21300344500078,2025,Collectivité Territoriale,Commune,['Gard'],['Occitanie'],COM,{30},{76}
22b836dd-9675-4748-ba2b-81d96242ceba,213503501,Commune de Vergéal (35),false,{35350},Commune,2026-03-24 14:41:59.160244+01,gold_establishments_2025,,,,21350350100016,2025,Collectivité Territoriale,Commune,['Ille-et-Vilaine'],['Bretagne'],COM,{35},{53}
4f55fd8b-74b7-4095-9768-ec578d574387,210104329,Commune de Verjon (01),false,{01432},Commune,2026-03-24 14:41:51.447482+01,gold_establishments_2025,,,,21010432900011,2025,Collectivité Territoriale,Commune,['Ain'],['Auvergne-Rhône-Alpes'],COM,{01},{84}
64cbf972-b32d-412a-9de4-dbba2d3a57e8,217105709,Commune de Verjux (71),false,{71570},Commune,2026-03-24 14:42:08.279287+01,gold_establishments_2025,,,,21710570900018,2025,Collectivité Territoriale,Commune,['Saône-et-Loire'],['Bourgogne-Franche-Comté'],COM,{71},{27}
3c0117b2-6de5-4fae-a426-b59d950617c3,217005479,Commune de Verlans (70),false,{70547},Commune,2026-03-24 14:42:07.735343+01,gold_establishments_2025,,,,21700547900019,2025,Collectivité Territoriale,Commune,['Haute-Saône'],['Bourgogne-Franche-Comté'],COM,{70},{27}
c2978531-f046-493d-8825-ccdaa1d5725f,218201929,Commune de Verlhac-Tescou (82),false,{82192},Commune,2026-03-24 14:42:10.508772+01,gold_establishments_2025,,,,21820192900013,2025,Collectivité Territoriale,Commune,['Tarn-et-Garonne'],['Occitanie'],COM,{82},{76}
9e9d07d7-56b7-4839-ae7b-50d3e8bfe597,218904407,Commune de Verlin (89),false,{89440},Commune,2026-03-24 14:42:11.659493+01,gold_establishments_2025,,,,21890440700010,2025,Collectivité Territoriale,Commune,['Yonne'],['Bourgogne-Franche-Comté'],COM,{89},{27}
11b9568c-dfeb-449c-b148-508360e84e90,216208454,Commune de Verlincthun (62),false,{62845},Commune,2026-03-24 14:42:06.130387+01,gold_establishments_2025,,,,21620845400019,2025,Collectivité Territoriale,Commune,['Pas-de-Calais'],['Hauts-de-France'],COM,{62},{32}
8b55ef31-faec-430c-a0a4-7c320b9d9f5c,215906116,Commune de Verlinghem (59),false,{59611},Commune,2026-03-24 14:42:04.814328+01,gold_establishments_2025,,,,21590611600011,2025,Collectivité Territoriale,Commune,['Nord'],['Hauts-de-France'],COM,{59},{32}
f7d253ea-066c-4eb6-8849-f48c4f11ba84,213204613,Commune de Verlus (32),false,{32461},Commune,2026-03-24 14:41:58.09424+01,gold_establishments_2025,,,,21320461300011,2025,Collectivité Territoriale,Commune,['Gers'],['Occitanie'],COM,{32},{76}
d9d1d398-f955-4b9f-94a1-ac110c4db1cc,210207585,Commune de Vermand (02),false,{02785},Commune,2026-03-24 14:41:52.020251+01,gold_establishments_2025,,,,21020758500014,2025,Collectivité Territoriale,Commune,['Aisne'],['Hauts-de-France'],COM,{02},{32}
f573fc76-fbee-4f0b-ba55-b1340e65a370,218007409,Commune de Vermandovillers (80),false,{80789},Commune,2026-03-24 14:42:09.967209+01,gold_establishments_2025,,,,21800740900012,2025,Collectivité Territoriale,Commune,['Somme'],['Hauts-de-France'],COM,{80},{32}
187c13f6-d949-4d34-8224-f816bd7f0464,216208462,Commune de Vermelles (62),false,{62846},Commune,2026-03-24 14:42:06.130387+01,gold_establishments_2025,,,,21620846200012,2025,Collectivité Territoriale,Commune,['Pas-de-Calais'],['Hauts-de-France'],COM,{62},{32}
78e9e7b8-8de1-43f0-942a-db16f32bd18c,200059004,Commune de Vermenton (89),false,{89441},Commune,2026-03-24 14:42:11.659493+01,gold_establishments_2025,,,,20005900400016,2025,Collectivité Territoriale,Commune,['Yonne'],['Bourgogne-Franche-Comté'],COM,{89},{27}
374fc6b0-d470-4244-83d8-4df669eb3361,213503527,Commune de Vern-sur-Seiche (35),false,{35352},Commune,2026-03-24 14:41:59.160244+01,gold_establishments_2025,,,,21350352700011,2025,Collectivité Territoriale,Commune,['Ille-et-Vilaine'],['Bretagne'],COM,{35},{53}
88c3d702-c22f-4112-93f0-de94930d7b40,211802764,Commune de Vernais (18),false,{18276},Commune,2026-03-24 14:41:54.903238+01,gold_establishments_2025,,,,21180276400012,2025,Collectivité Territoriale,Commune,['Cher'],['Centre-Val de Loire'],COM,{18},{24}
87ae4fc3-d689-469e-bef4-15260e19635e,216902601,Commune de Vernaison (69),false,{69260},Commune,2026-03-24 14:42:07.735343+01,gold_establishments_2025,,,,21690260100014,2025,Collectivité Territoriale,Commune,['Rhône'],['Auvergne-Rhône-Alpes'],COM,{69},{84}
7f3252e6-34cf-442b-ba1e-451d90466f09,210903290,Commune de Vernajoul (09),false,{09329},Commune,2026-03-24 14:41:53.095366+01,gold_establishments_2025,,,,21090329000018,2025,Collectivité Territoriale,Commune,['Ariège'],['Occitanie'],COM,{09},{76}
8227e3ec-5ee9-4ab3-8d40-893ae6a4b751,215105628,Commune de Vernancourt (51),false,{51608},Commune,2026-03-24 14:42:01.954481+01,gold_establishments_2025,,,,21510562800014,2025,Collectivité Territoriale,Commune,['Marne'],['Grand Est'],COM,{51},{44}
180f6086-2633-4ffd-aed7-091512a6c0dc,214903684,Commune de Vernantes (49),false,{49368},Commune,2026-03-24 14:42:01.412377+01,gold_establishments_2025,,,,21490368400014,2025,Collectivité Territoriale,Commune,['Maine-et-Loire'],['Pays de la Loire'],COM,{49},{52}
2dd5d11e-551e-4605-98a9-2c1be0e32e92,213905524,Commune de Vernantois (39),false,{39552},Commune,2026-03-24 14:41:59.705606+01,gold_establishments_2025,,,,21390552400012,2025,Collectivité Territoriale,Commune,['Jura'],['Bourgogne-Franche-Comté'],COM,{39},{27}
e54579a3-d858-430f-9bbf-e08993dcdfed,213805351,Commune de Vernas (38),false,{38535},Commune,2026-03-24 14:41:59.705606+01,gold_establishments_2025,,,,21380535100011,2025,Collectivité Territoriale,Commune,['Isère'],['Auvergne-Rhône-Alpes'],COM,{38},{84}
b4eaed2a-f70e-4e8b-a621-185029faff9c,214302598,Commune de Vernassal (43),false,{43259},Commune,2026-03-24 14:42:00.273698+01,gold_establishments_2025,,,,21430259800013,2025,Collectivité Territoriale,Commune,['Haute-Loire'],['Auvergne-Rhône-Alpes'],COM,{43},{84}
c1968c42-18f0-4912-ac88-01b32bcbf8e0,210903308,Commune de Vernaux (09),false,{09330},Commune,2026-03-24 14:41:53.095366+01,gold_establishments_2025,,,,21090330800018,2025,Collectivité Territoriale,Commune,['Ariège'],['Occitanie'],COM,{09},{76}
2ec6ddf7-c77b-4056-96d8-660ff61165a0,216902619,Commune de Vernay (69),false,{69261},Commune,2026-03-24 14:42:07.735343+01,gold_establishments_2025,,,,21690261900016,2025,Collectivité Territoriale,Commune,['Rhône'],['Auvergne-Rhône-Alpes'],COM,{69},{84}
37bef3b9-3856-4add-a0ba-23cd5d23a590,212506042,Commune de Verne (25),false,{25604},Commune,2026-03-24 14:41:56.495197+01,gold_establishments_2025,,,,21250604200010,2025,Collectivité Territoriale,Commune,['Doubs'],['Bourgogne-Franche-Comté'],COM,{25},{27}
96a7680b-0c71-4243-ace2-5ac83896ffdd,212325906,Commune de Verneiges (23),false,{23259},Commune,2026-03-24 14:41:55.958138+01,gold_establishments_2025,,,,21232590600015,2025,Collectivité Territoriale,Commune,['Creuse'],['Nouvelle-Aquitaine'],COM,{23},{75}
037130ae-426f-4b4f-99d5-020cd611d0e0,217203694,Commune de Verneil-le-Chétif (72),false,{72369},Commune,2026-03-24 14:42:08.279287+01,gold_establishments_2025,,,,21720369400013,2025,Collectivité Territoriale,Commune,['Sarthe'],['Pays de la Loire'],COM,{72},{52}
0d723049-eccc-4630-9924-e17b81359fee,210303053,Commune de Verneix (03),false,{03305},Commune,2026-03-24 14:41:52.020251+01,gold_establishments_2025,,,,21030305300016,2025,Collectivité Territoriale,Commune,['Allier'],['Auvergne-Rhône-Alpes'],COM,{03},{84}
fcfdf023-d0b7-4f7d-ad55-76b05fd3d4fd,213105745,Commune de Vernet (31),false,{31574},Commune,2026-03-24 14:41:58.09424+01,gold_establishments_2025,,,,21310574500011,2025,Collectivité Territoriale,Commune,['Haute-Garonne'],['Occitanie'],COM,{31},{76}
5ebb6e18-ba34-4a12-856a-6982fb372155,216602227,Commune de Vernet-les-Bains (66),false,{66222},Commune,2026-03-24 14:42:06.665412+01,gold_establishments_2025,,,,21660222700011,2025,Collectivité Territoriale,Commune,['Pyrénées-Orientales'],['Occitanie'],COM,{66},{76}
bcf978d4-46d3-45e8-9708-22876c5c87c7,216304501,Commune de Verneugheol (63),false,{63450},Commune,2026-03-24 14:42:06.130387+01,gold_establishments_2025,,,,21630450100010,2025,Collectivité Territoriale,Commune,['Puy-de-Dôme'],['Auvergne-Rhône-Alpes'],COM,{63},{84}
c65119e2-aa39-4a3b-88e7-bb9c2799731b,211603980,Commune de Verneuil (16),false,{16398},Commune,2026-03-24 14:41:54.903238+01,gold_establishments_2025,,,,21160398000015,2025,Collectivité Territoriale,Commune,['Charente'],['Nouvelle-Aquitaine'],COM,{16},{75}
e81cd4ee-f780-4ba1-800f-5b12aeb5181f,211802772,Commune de Verneuil (18),false,{18277},Commune,2026-03-24 14:41:54.903238+01,gold_establishments_2025,,,,21180277200015,2025,Collectivité Territoriale,Commune,['Cher'],['Centre-Val de Loire'],COM,{18},{24}
0a0f5157-662c-4381-b9db-d7fff15a2af3,215105636,Commune de Verneuil (51),false,{51609},Commune,2026-03-24 14:42:01.954481+01,gold_establishments_2025,,,,21510563600017,2025,Collectivité Territoriale,Commune,['Marne'],['Grand Est'],COM,{51},{44}
09621f35-6bc9-47dd-ad23-314fff66994e,215803065,Commune de Verneuil (58),false,{58306},Commune,2026-03-24 14:42:04.280096+01,gold_establishments_2025,,,,21580306500014,2025,Collectivité Territoriale,Commune,['Nièvre'],['Bourgogne-Franche-Comté'],COM,{58},{27}
5c9fca4b-9d99-496f-9480-57ae5957915e,200063790,Commune de Verneuil d'Avre et d'Iton (27),false,{27679},Commune,2026-03-24 14:41:57.028721+01,gold_establishments_2025,,,,20006379000014,2025,Collectivité Territoriale,Commune,['Eure'],['Normandie'],COM,{27},{28}
c515be89-1ba0-40df-bf4e-c4fc39cdb9a4,215505462,Commune de Verneuil-Grand (55),false,{55546},Commune,2026-03-24 14:42:03.701372+01,gold_establishments_2025,,,,21550546200014,2025,Collectivité Territoriale,Commune,['Meuse'],['Grand Est'],COM,{55},{44}
cc3c9922-d6d1-4939-a563-9e42adb8cbb2,218720001,Commune de Verneuil-Moustiers (87),false,{87200},Commune,2026-03-24 14:42:11.118516+01,gold_establishments_2025,,,,21872000100013,2025,Collectivité Territoriale,Commune,['Haute-Vienne'],['Nouvelle-Aquitaine'],COM,{87},{75}
f7eaa565-5eea-481b-9f6e-91412a3af97c,215505470,Commune de Verneuil-Petit (55),false,{55547},Commune,2026-03-24 14:42:03.701372+01,gold_establishments_2025,,,,21550547000017,2025,Collectivité Territoriale,Commune,['Meuse'],['Grand Est'],COM,{55},{44}
3ca71b9b-b9c2-433f-b100-5a69297e78b3,210303079,Commune de Verneuil-en-Bourbonnais (03),false,{03307},Commune,2026-03-24 14:41:52.020251+01,gold_establishments_2025,,,,21030307900011,2025,Collectivité Territoriale,Commune,['Allier'],['Auvergne-Rhône-Alpes'],COM,{03},{84}
07f74f8f-aad7-40cb-911d-12b3370a6466,216006619,Commune de Verneuil-en-Halatte (60),false,{60670},Commune,2026-03-24 14:42:04.814328+01,gold_establishments_2025,,,,21600661900011,2025,Collectivité Territoriale,Commune,['Oise'],['Hauts-de-France'],COM,{60},{32}
8b7bcd02-dc21-4272-95c8-836d7263e867,217704931,Commune de Verneuil-l'Étang (77),false,{77493},Commune,2026-03-24 14:42:09.43682+01,gold_establishments_2025,,,,21770493100013,2025,Collectivité Territoriale,Commune,['Seine-et-Marne'],['Île-de-France'],COM,{77},{11}
3e66c35c-1770-4e06-af0e-1f562c44ef49,213702681,Commune de Verneuil-le-Château (37),false,{37268},Commune,2026-03-24 14:41:59.160244+01,gold_establishments_2025,,,,21370268100015,2025,Collectivité Territoriale,Commune,['Indre-et-Loire'],['Centre-Val de Loire'],COM,{37},{24}
24b9c7ff-8703-4598-8c92-a3f3e8c053db,210207593,Commune de Verneuil-sous-Coucy (02),false,{02786},Commune,2026-03-24 14:41:52.020251+01,gold_establishments_2025,,,,21020759300018,2025,Collectivité Territoriale,Commune,['Aisne'],['Hauts-de-France'],COM,{02},{32}
5db21149-e411-425a-9b3f-3414d865a34a,213602345,Commune de Verneuil-sur-Igneraie (36),false,{36234},Commune,2026-03-24 14:41:59.160244+01,gold_establishments_2025,,,,21360234500018,2025,Collectivité Territoriale,Commune,['Indre'],['Centre-Val de Loire'],COM,{36},{24}
c163e231-c9ec-466e-a495-aef39b70925a,213702699,Commune de Verneuil-sur-Indre (37),false,{37269},Commune,2026-03-24 14:41:59.160244+01,gold_establishments_2025,,,,21370269900017,2025,Collectivité Territoriale,Commune,['Indre-et-Loire'],['Centre-Val de Loire'],COM,{37},{24}
06a4e1b1-dd6c-4ec4-aeac-b8c9e681ab61,217806421,Commune de Verneuil-sur-Seine (78),false,{78642},Commune,2026-03-24 14:42:09.43682+01,gold_establishments_2025,,,,21780642100012,2025,Collectivité Territoriale,Commune,['Yvelines'],['Île-de-France'],COM,{78},{11}
17f2965d-48d4-431c-bbaa-3de79c8e04a3,210207601,Commune de Verneuil-sur-Serre (02),false,{02787},Commune,2026-03-24 14:41:52.020251+01,gold_establishments_2025,,,,21020760100019,2025,Collectivité Territoriale,Commune,['Aisne'],['Hauts-de-France'],COM,{02},{32}
b560cedb-b855-4c4c-bb1e-ab00d42a4737,218720100,Commune de Verneuil-sur-Vienne (87),false,{87201},Commune,2026-03-24 14:42:11.118516+01,gold_establishments_2025,,,,21872010000013,2025,Collectivité Territoriale,Commune,['Haute-Vienne'],['Nouvelle-Aquitaine'],COM,{87},{75}
027c1da7-1165-4487-ab9a-34ce0a7c20ac,212706808,Commune de Verneusses (27),false,{27680},Commune,2026-03-24 14:41:57.028721+01,gold_establishments_2025,,,,21270680800012,2025,Collectivité Territoriale,Commune,['Eure'],['Normandie'],COM,{27},{28}
839a124e-e9f4-422b-b37b-18b677c0e360,217203702,Commune de Vernie (72),false,{72370},Commune,2026-03-24 14:42:08.279287+01,gold_establishments_2025,,,,21720370200014,2025,Collectivité Territoriale,Commune,['Sarthe'],['Pays de la Loire'],COM,{72},{52}
a3085b7d-7cfd-405a-8a53-0f57a7a1f640,212506059,Commune de Vernierfontaine (25),false,{25605},Commune,2026-03-24 14:41:56.495197+01,gold_establishments_2025,,,,21250605900014,2025,Collectivité Territoriale,Commune,['Doubs'],['Bourgogne-Franche-Comté'],COM,{25},{27}
70ec4847-519f-4d2a-b09b-e0dd9cb97cfe,216304519,Commune de Vernines (63),false,{63451},Commune,2026-03-24 14:42:06.130387+01,gold_establishments_2025,,,,21630451900012,2025,Collectivité Territoriale,Commune,['Puy-de-Dôme'],['Auvergne-Rhône-Alpes'],COM,{63},{84}
8f3c99b3-a40f-47c3-90e1-80d14c3bd20d,210903324,Commune de Verniolle (09),false,{09332},Commune,2026-03-24 14:41:53.095366+01,gold_establishments_2025,,,,21090332400015,2025,Collectivité Territoriale,Commune,['Ariège'],['Occitanie'],COM,{09},{76}
9fca98e6-7286-49ac-ba18-eb8387b9eecc,213805369,Commune de Vernioz (38),false,{38536},Commune,2026-03-24 14:41:59.705606+01,gold_establishments_2025,,,,21380536900013,2025,Collectivité Territoriale,Commune,['Isère'],['Auvergne-Rhône-Alpes'],COM,{38},{84}
3a516aee-6b93-42bd-b99d-6cc0808fdbbd,215006289,Commune de Vernix (50),false,{50628},Commune,2026-03-24 14:42:01.412377+01,gold_establishments_2025,,,,21500628900015,2025,Collectivité Territoriale,Commune,['Manche'],['Normandie'],COM,{50},{28}
0e90d6ee-ea04-4518-aaf1-10ed715c775c,214903692,Commune de Vernoil-le-Fourrier (49),false,{49369},Commune,2026-03-24 14:42:01.412377+01,gold_establishments_2025,,,,21490369200017,2025,Collectivité Territoriale,Commune,['Maine-et-Loire'],['Pays de la Loire'],COM,{49},{52}
6da5047b-fbb2-496e-82f6-a940dbc4a37e,212506075,Commune de Vernois-lès-Belvoir (25),false,{25607},Commune,2026-03-24 14:41:56.495197+01,gold_establishments_2025,,,,21250607500010,2025,Collectivité Territoriale,Commune,['Doubs'],['Bourgogne-Franche-Comté'],COM,{25},{27}
ee5c6054-a586-4505-b308-c0122ba1acb9,212106652,Commune de Vernois-lès-Vesvres (21),false,{21665},Commune,2026-03-24 14:41:55.433389+01,gold_establishments_2025,,,,21210665200010,2025,Collectivité Territoriale,Commune,"[""Côte-d'Or""]",['Bourgogne-Franche-Comté'],COM,{21},{27}
84c85447-08bb-47d1-a975-9172d92f5fa8,217005487,Commune de Vernois-sur-Mance (70),false,{70548},Commune,2026-03-24 14:42:07.735343+01,gold_establishments_2025,,,,21700548700012,2025,Collectivité Territoriale,Commune,['Haute-Saône'],['Bourgogne-Franche-Comté'],COM,{70},{27}
8e7a81c8-1e09-4164-b03e-a21849532d99,211502539,Commune de Vernols (15),false,{15253},Commune,2026-03-24 14:41:54.362296+01,gold_establishments_2025,,,,21150253900011,2025,Collectivité Territoriale,Commune,['Cantal'],['Auvergne-Rhône-Alpes'],COM,{15},{84}
02456814-39be-40d9-aef7-2165143c8f90,210703369,Commune de Vernon (07),false,{07336},Commune,2026-03-24 14:41:52.562531+01,gold_establishments_2025,,,,21070336900012,2025,Collectivité Territoriale,Commune,['Ardèche'],['Auvergne-Rhône-Alpes'],COM,{07},{84}
4b155e06-2d68-4d6a-9b0c-1e0309bba19e,212706816,Commune de Vernon (27),false,{27681},Commune,2026-03-24 14:41:57.028721+01,gold_establishments_2025,,,,21270681600015,2025,Collectivité Territoriale,Commune,['Eure'],['Normandie'],COM,{27},{28}
daa6290c-e2d1-4139-996b-6c46c5693be4,218602845,Commune de Vernon (86),false,{86284},Commune,2026-03-24 14:42:11.118516+01,gold_establishments_2025,,,,21860284500016,2025,Collectivité Territoriale,Commune,['Vienne'],['Nouvelle-Aquitaine'],COM,{86},{75}
41bddbaa-62df-4575-9582-55d43c0782eb,211003900,Commune de Vernonvilliers (10),false,{10403},Commune,2026-03-24 14:41:53.095366+01,gold_establishments_2025,,,,21100390000019,2025,Collectivité Territoriale,Commune,['Aube'],['Grand Est'],COM,{10},{44}
cb07fb2f-02d0-449c-b68a-f5169c49f347,210703377,Commune de Vernosc-lès-Annonay (07),false,{07337},Commune,2026-03-24 14:41:52.562531+01,gold_establishments_2025,,,,21070337700015,2025,Collectivité Territoriale,Commune,['Ardèche'],['Auvergne-Rhône-Alpes'],COM,{07},{84}
5154f74a-9c8e-42ca-abf3-9c7ac3992efa,212106660,Commune de Vernot (21),false,{21666},Commune,2026-03-24 14:41:55.433389+01,gold_establishments_2025,,,,21210666000013,2025,Collectivité Territoriale,Commune,"[""Côte-d'Or""]",['Bourgogne-Franche-Comté'],COM,{21},{27}
f5f51f46-6924-4a09-9c53-7d7dc37bdd3f,214102717,Commune de Vernou-en-Sologne (41),false,{41271},Commune,2026-03-24 14:42:00.273698+01,gold_establishments_2025,,,,21410271700060,2025,Collectivité Territoriale,Commune,['Loir-et-Cher'],['Centre-Val de Loire'],COM,{41},{24}
bae20993-e244-4a5c-8ea1-242f95047262,217704949,Commune de Vernou-la-Celle-sur-Seine (77),false,{77494},Commune,2026-03-24 14:42:09.43682+01,gold_establishments_2025,,,,21770494900015,2025,Collectivité Territoriale,Commune,['Seine-et-Marne'],['Île-de-France'],COM,{77},{11}
5ad9eb11-257b-47a8-bd9d-958651f0243d,213702707,Commune de Vernou-sur-Brenne (37),false,{37270},Commune,2026-03-24 14:41:59.160244+01,gold_establishments_2025,,,,21370270700018,2025,Collectivité Territoriale,Commune,['Indre-et-Loire'],['Centre-Val de Loire'],COM,{37},{24}
a9549d85-14ce-4f4f-acab-3b98ae4323ca,212804041,Commune de Vernouillet (28),false,{28404},Commune,2026-03-24 14:41:57.028721+01,gold_establishments_2025,,,,21280404100011,2025,Collectivité Territoriale,Commune,['Eure-et-Loir'],['Centre-Val de Loire'],COM,{28},{24}
9c5ce1cd-22e7-4aae-a5d5-00d79511de62,217806439,Commune de Vernouillet (78),false,{78643},Commune,2026-03-24 14:42:09.43682+01,gold_establishments_2025,,,,21780643900014,2025,Collectivité Territoriale,Commune,['Yvelines'],['Île-de-France'],COM,{78},{11}
f5b63c32-7c85-4842-b97e-d832d4d4ad57,210104337,Commune de Vernoux (01),false,{01433},Commune,2026-03-24 14:41:51.447482+01,gold_establishments_2025,,,,21010433700014,2025,Collectivité Territoriale,Commune,['Ain'],['Auvergne-Rhône-Alpes'],COM,{01},{84}
25669897-3514-4d32-bb42-44b8958375f7,217903426,Commune de Vernoux-en-Gâtine (79),false,{79342},Commune,2026-03-24 14:42:09.43682+01,gold_establishments_2025,,,,21790342600013,2025,Collectivité Territoriale,Commune,['Deux-Sèvres'],['Nouvelle-Aquitaine'],COM,{79},{75}
3130f468-c370-4e8a-9298-0dbd43aa4714,210703385,Commune de Vernoux-en-Vivarais (07),false,{07338},Commune,2026-03-24 14:41:52.562531+01,gold_establishments_2025,,,,21070338500018,2025,Collectivité Territoriale,Commune,['Ardèche'],['Auvergne-Rhône-Alpes'],COM,{07},{84}
05f3017d-33fb-4cd5-be2c-253e5db372bf,217903434,Commune de Vernoux-sur-Boutonne (79),false,{79343},Commune,2026-03-24 14:42:09.43682+01,gold_establishments_2025,,,,21790343400017,2025,Collectivité Territoriale,Commune,['Deux-Sèvres'],['Nouvelle-Aquitaine'],COM,{79},{75}
ee60fa7b-f258-4e17-8308-6eefda886312,218904423,Commune de Vernoy (89),false,{89442},Commune,2026-03-24 14:42:11.659493+01,gold_establishments_2025,,,,21890442300017,2025,Collectivité Territoriale,Commune,['Yonne'],['Bourgogne-Franche-Comté'],COM,{89},{27}
e3e1bdc6-0a87-48d2-b7f0-f59d51a7d796,210303087,Commune de Vernusse (03),false,{03308},Commune,2026-03-24 14:41:52.020251+01,gold_establishments_2025,,,,21030308700014,2025,Collectivité Territoriale,Commune,['Allier'],['Auvergne-Rhône-Alpes'],COM,{03},{84}
f0f91c96-f9c3-4c15-a96a-f91951082e1a,215707084,Commune de Verny (57),false,{57708},Commune,2026-03-24 14:42:04.280096+01,gold_establishments_2025,,,,21570708400012,2025,Collectivité Territoriale,Commune,['Moselle'],['Grand Est'],COM,{57},{44}
0a6560bc-a618-4d80-810e-a4b5b4656406,211301155,Commune de Vernègues (13),false,{13115},Commune,2026-03-24 14:41:53.63825+01,gold_establishments_2025,,,,21130115500019,2025,Collectivité Territoriale,Commune,['Bouches-du-Rhône'],"[""Provence-Alpes-Côte d'Azur""]",COM,{13},{93}
6790ddc8-63a1-4132-b301-e10e5b595f5c,215707076,Commune de Vernéville (57),false,{57707},Commune,2026-03-24 14:42:04.280096+01,gold_establishments_2025,,,,21570707600042,2025,Collectivité Territoriale,Commune,['Moselle'],['Grand Est'],COM,{57},{44}
8a7e5905-95b8-4bae-8ce4-b89bba6ab54b,212003453,Commune de Vero (2A),false,{2A345},Commune,2026-03-24 14:41:57.56054+01,gold_establishments_2025,,,,21200345300017,2025,Collectivité Territoriale,Commune,['Corse-du-Sud'],['Corse'],COM,{2A},{94}
7a90b376-c9dc-4e5f-add2-dfca3881e0dc,217105717,Commune de Verosvres (71),false,{71571},Commune,2026-03-24 14:42:08.279287+01,gold_establishments_2025,,,,21710571700011,2025,Collectivité Territoriale,Commune,['Saône-et-Loire'],['Bourgogne-Franche-Comté'],COM,{71},{27}
e7c84eab-1178-47a1-8e05-3c8bbe819c1e,210804290,Commune de Verpel (08),false,{08470},Commune,2026-03-24 14:41:53.095366+01,gold_establishments_2025,,,,21080429000018,2025,Collectivité Territoriale,Commune,['Ardennes'],['Grand Est'],COM,{08},{44}
6f731194-1eb5-4a39-a714-14dc95868407,218007417,Commune de Verpillières (80),false,{80790},Commune,2026-03-24 14:42:09.967209+01,gold_establishments_2025,,,,21800741700015,2025,Collectivité Territoriale,Commune,['Somme'],['Hauts-de-France'],COM,{80},{32}
fab58d22-f845-4171-a56b-ece2ebc44e4f,211003918,Commune de Verpillières-sur-Ource (10),false,{10404},Commune,2026-03-24 14:41:53.095366+01,gold_establishments_2025,,,,21100391800011,2025,Collectivité Territoriale,Commune,['Aube'],['Grand Est'],COM,{10},{44}
fd909518-d4c9-4184-b0fb-933a424d854d,216208470,Commune de Verquigneul (62),false,{62847},Commune,2026-03-24 14:42:06.130387+01,gold_establishments_2025,,,,21620847000015,2025,Collectivité Territoriale,Commune,['Pas-de-Calais'],['Hauts-de-France'],COM,{62},{32}
bf4cae0d-6a64-4970-b4a4-148b08bab8be,216208488,Commune de Verquin (62),false,{62848},Commune,2026-03-24 14:42:06.130387+01,gold_establishments_2025,,,,21620848800017,2025,Collectivité Territoriale,Commune,['Pas-de-Calais'],['Hauts-de-France'],COM,{62},{32}
df21d6cb-0654-4b13-955e-2f48eb146e3d,211301163,Commune de Verquières (13),false,{13116},Commune,2026-03-24 14:41:53.63825+01,gold_establishments_2025,,,,21130116300013,2025,Collectivité Territoriale,Commune,['Bouches-du-Rhône'],"[""Provence-Alpes-Côte d'Azur""]",COM,{13},{93}
74749a58-cd9b-4d9b-8fb1-bfc5df0bb53d,217303122,Commune de Verrens-Arvey (73),false,{73312},Commune,2026-03-24 14:42:08.279287+01,gold_establishments_2025,,,,21730312200014,2025,Collectivité Territoriale,Commune,['Savoie'],['Auvergne-Rhône-Alpes'],COM,{73},{84}
c0582313-dfec-49a3-b160-64bb6e05d6b8,213403314,Commune de Verreries-de-Moussans (34),false,{34331},Commune,2026-03-24 14:41:58.620411+01,gold_establishments_2025,,,,21340331400015,2025,Collectivité Territoriale,Commune,['Hérault'],['Occitanie'],COM,{34},{76}
3af3b075-cdaf-4195-8b34-bfc51240209e,212106694,Commune de Verrey-sous-Drée (21),false,{21669},Commune,2026-03-24 14:41:55.433389+01,gold_establishments_2025,,,,21210669400012,2025,Collectivité Territoriale,Commune,"[""Côte-d'Or""]",['Bourgogne-Franche-Comté'],COM,{21},{27}
0fcce406-b0d6-4752-880c-bd36b6f0e9d2,212106702,Commune de Verrey-sous-Salmaise (21),false,{21670},Commune,2026-03-24 14:41:55.433389+01,gold_establishments_2025,,,,21210670200013,2025,Collectivité Territoriale,Commune,"[""Côte-d'Or""]",['Bourgogne-Franche-Comté'],COM,{21},{27}
3dca1466-c548-4507-87ad-aa7420ca0a46,211003926,Commune de Verricourt (10),false,{10405},Commune,2026-03-24 14:41:53.095366+01,gold_establishments_2025,,,,21100392600014,2025,Collectivité Territoriale,Commune,['Aube'],['Grand Est'],COM,{10},{44}
80eba8c2-ba16-4ed5-b337-f99ffc0b86ee,214903700,Commune de Verrie (49),false,{49370},Commune,2026-03-24 14:42:01.412377+01,gold_establishments_2025,,,,21490370000018,2025,Collectivité Territoriale,Commune,['Maine-et-Loire'],['Pays de la Loire'],COM,{49},{52}
a7e55a08-40fa-4159-afe9-89a54ae673aa,210804308,Commune de Verrières (08),false,{08471},Commune,2026-03-24 14:41:53.095366+01,gold_establishments_2025,,,,21080430800018,2025,Collectivité Territoriale,Commune,['Ardennes'],['Grand Est'],COM,{08},{44}
0253ec43-9446-4e7a-885c-01052c87f72f,211003934,Commune de Verrières (10),false,{10406},Commune,2026-03-24 14:41:53.095366+01,gold_establishments_2025,,,,21100393400018,2025,Collectivité Territoriale,Commune,['Aube'],['Grand Est'],COM,{10},{44}
27e5104d-6350-430c-89cc-f72e45fe984e,211202916,Commune de Verrières (12),false,{12291},Commune,2026-03-24 14:41:53.63825+01,gold_establishments_2025,,,,21120291600014,2025,Collectivité Territoriale,Commune,['Aveyron'],['Occitanie'],COM,{12},{76}
862e25d7-1c81-4402-a721-fde128cc6767,211603998,Commune de Verrières (16),false,{16399},Commune,2026-03-24 14:41:54.903238+01,gold_establishments_2025,,,,21160399800017,2025,Collectivité Territoriale,Commune,['Charente'],['Nouvelle-Aquitaine'],COM,{16},{75}
2fe4d142-ecda-4f83-9f9f-3b5721941ded,215105644,Commune de Verrières (51),false,{51610},Commune,2026-03-24 14:42:01.954481+01,gold_establishments_2025,,,,21510564400011,2025,Collectivité Territoriale,Commune,['Marne'],['Grand Est'],COM,{51},{44}
b08559d6-330d-4ce0-8acb-421c904bda6a,216105015,Commune de Verrières (61),false,{61501},Commune,2026-03-24 14:42:05.597325+01,gold_establishments_2025,,,,21610501500012,2025,Collectivité Territoriale,Commune,['Orne'],['Normandie'],COM,{61},{28}
12c9316a-3ba5-4190-b6d3-88b2e1a36c5d,216304527,Commune de Verrières (63),false,{63452},Commune,2026-03-24 14:42:06.130387+01,gold_establishments_2025,,,,21630452700015,2025,Collectivité Territoriale,Commune,['Puy-de-Dôme'],['Auvergne-Rhône-Alpes'],COM,{63},{84}
985de1a1-2ebc-44a4-92c4-34e5f16d8588,218602852,Commune de Verrières (86),false,{86285},Commune,2026-03-24 14:42:11.118516+01,gold_establishments_2025,,,,21860285200012,2025,Collectivité Territoriale,Commune,['Vienne'],['Nouvelle-Aquitaine'],COM,{86},{75}
37d8c831-3ed9-4963-b85b-8d2a3d256dcb,212506091,Commune de Verrières-de-Joux (25),false,{25609},Commune,2026-03-24 14:41:56.495197+01,gold_establishments_2025,,,,21250609100017,2025,Collectivité Territoriale,Commune,['Doubs'],['Bourgogne-Franche-Comté'],COM,{25},{27}
07be0d9d-cdb3-4f9f-9f75-e4008b37f25f,200056679,Commune de Verrières-en-Anjou (49),false,{49323},Commune,2026-03-24 14:42:01.412377+01,gold_establishments_2025,,,,20005667900018,2025,Collectivité Territoriale,Commune,['Maine-et-Loire'],['Pays de la Loire'],COM,{49},{52}
d2939dc1-2751-4e42-a20a-5d6c006ddd6b,214203283,Commune de Verrières-en-Forez (42),false,{42328},Commune,2026-03-24 14:42:00.273698+01,gold_establishments_2025,,,,21420328300012,2025,Collectivité Territoriale,Commune,['Loire'],['Auvergne-Rhône-Alpes'],COM,{42},{84}
4a58e993-dc4d-42df-95bc-7614783b260b,219106457,Commune de Verrières-le-Buisson (91),false,{91645},Commune,2026-03-24 14:42:11.659493+01,gold_establishments_2025,,,,21910645700019,2025,Collectivité Territoriale,Commune,['Essonne'],['Île-de-France'],COM,{91},{11}
be06b0f8-af83-41f2-82ba-4d5b858afc43,218602860,Commune de Verrue (86),false,{86286},Commune,2026-03-24 14:42:11.118516+01,gold_establishments_2025,,,,21860286000015,2025,Collectivité Territoriale,Commune,['Vienne'],['Nouvelle-Aquitaine'],COM,{86},{75}
0112cd32-8de8-4a29-9667-51651646190b,217903459,Commune de Verruyes (79),false,{79345},Commune,2026-03-24 14:42:09.43682+01,gold_establishments_2025,,,,21790345900055,2025,Collectivité Territoriale,Commune,['Deux-Sèvres'],['Nouvelle-Aquitaine'],COM,{79},{75}
f9826b14-f2f6-4a99-9be6-ea8bd221172f,217105725,Commune de Vers (71),false,{71572},Commune,2026-03-24 14:42:08.279287+01,gold_establishments_2025,,,,21710572500014,2025,Collectivité Territoriale,Commune,['Saône-et-Loire'],['Bourgogne-Franche-Comté'],COM,{71},{27}
d408a17b-6b7e-4c8b-a4b0-3da40eb0bfe0,217402965,Commune de Vers (74),false,{74296},Commune,2026-03-24 14:42:08.818969+01,gold_establishments_2025,,,,21740296500016,2025,Collectivité Territoriale,Commune,['Haute-Savoie'],['Auvergne-Rhône-Alpes'],COM,{74},{84}
81311f69-281f-4720-8789-db320ed5c685,213003460,Commune de Vers-Pont-du-Gard (30),false,{30346},Commune,2026-03-24 14:41:57.56054+01,gold_establishments_2025,,,,21300346000093,2025,Collectivité Territoriale,Commune,['Gard'],['Occitanie'],COM,{30},{76}
aa8ae70b-75f3-4eac-b3d1-ed9384ebd256,213905540,Commune de Vers-en-Montagne (39),false,{39554},Commune,2026-03-24 14:41:59.705606+01,gold_establishments_2025,,,,21390554000018,2025,Collectivité Territoriale,Commune,['Jura'],['Bourgogne-Franche-Comté'],COM,{39},{27}
feed6e48-5d61-4db4-a770-30c7e81a199e,213905557,Commune de Vers-sous-Sellières (39),false,{39555},Commune,2026-03-24 14:41:59.705606+01,gold_establishments_2025,,,,21390555700012,2025,Collectivité Territoriale,Commune,['Jura'],['Bourgogne-Franche-Comté'],COM,{39},{27}
a21e9e3b-328f-467c-abe0-a4df0f69a280,212603724,Commune de Vers-sur-Méouge (26),false,{26372},Commune,2026-03-24 14:41:56.495197+01,gold_establishments_2025,,,,21260372400015,2025,Collectivité Territoriale,Commune,['Drôme'],['Auvergne-Rhône-Alpes'],COM,{26},{84}
bc0bb405-b893-470c-a522-613dc8a82208,218007425,Commune de Vers-sur-Selle (80),false,{80791},Commune,2026-03-24 14:42:09.967209+01,gold_establishments_2025,,,,21800742500018,2025,Collectivité Territoriale,Commune,['Somme'],['Hauts-de-France'],COM,{80},{32}
4b0ddbf6-e6e0-4d37-8b28-d9a28f64055e,217806462,Commune de Versailles (78),false,{78646},Commune,2026-03-24 14:42:09.43682+01,gold_establishments_2025,,,,21780646200016,2025,Collectivité Territoriale,Commune,['Yvelines'],['Île-de-France'],COM,{78},{11}
dd3e34c7-6f1d-4585-be25-7c6ef4d404d1,210104345,Commune de Versailleux (01),false,{01434},Commune,2026-03-24 14:41:51.447482+01,gold_establishments_2025,,,,21010434500017,2025,Collectivité Territoriale,Commune,['Ain'],['Auvergne-Rhône-Alpes'],COM,{01},{84}
b0848020-3a25-417b-bdea-f750c1181e2c,211407374,Commune de Versainville (14),false,{14737},Commune,2026-03-24 14:41:54.362296+01,gold_establishments_2025,,,,21140737400019,2025,Collectivité Territoriale,Commune,['Calvados'],['Normandie'],COM,{14},{28}
a3d717fb-98fa-455d-b64d-7c54f82562c0,217105733,Commune de Versaugues (71),false,{71573},Commune,2026-03-24 14:42:08.279287+01,gold_establishments_2025,,,,21710573300018,2025,Collectivité Territoriale,Commune,['Saône-et-Loire'],['Bourgogne-Franche-Comté'],COM,{71},{27}
ee16294d-cd2e-469e-b2c0-b79d3e6b92fa,215203688,Commune de Verseilles-le-Bas (52),false,{52515},Commune,2026-03-24 14:42:01.954481+01,gold_establishments_2025,,,,21520368800019,2025,Collectivité Territoriale,Commune,['Haute-Marne'],['Grand Est'],COM,{52},{44}
60332904-813a-4134-8c9f-3906b7c01089,215203696,Commune de Verseilles-le-Haut (52),false,{52516},Commune,2026-03-24 14:42:01.954481+01,gold_establishments_2025,,,,21520369600012,2025,Collectivité Territoriale,Commune,['Haute-Marne'],['Grand Est'],COM,{52},{44}
3e4aed1a-bae7-45e5-9a3d-ad8685f0ec96,210207619,Commune de Versigny (02),false,{02788},Commune,2026-03-24 14:41:52.020251+01,gold_establishments_2025,,,,21020761900011,2025,Collectivité Territoriale,Commune,['Aisne'],['Hauts-de-France'],COM,{02},{32}
e36ab89a-852b-42d1-b992-dff2fdf3c76e,216006627,Commune de Versigny (60),false,{60671},Commune,2026-03-24 14:42:04.814328+01,gold_establishments_2025,,,,21600662700014,2025,Collectivité Territoriale,Commune,['Oise'],['Hauts-de-France'],COM,{60},{32}
335c2fce-8209-4238-ae44-93afbfef09ba,211202924,Commune de Versols-et-Lapeyre (12),false,{12292},Commune,2026-03-24 14:41:53.63825+01,gold_establishments_2025,,,,21120292400018,2025,Collectivité Territoriale,Commune,['Aveyron'],['Occitanie'],COM,{12},{76}
17057030-e107-4be2-a090-2afaf2acbd91,211407382,Commune de Verson (14),false,{14738},Commune,2026-03-24 14:41:54.362296+01,gold_establishments_2025,,,,21140738200012,2025,Collectivité Territoriale,Commune,['Calvados'],['Normandie'],COM,{14},{28}
580463d2-b242-4da0-9f4f-a9342d3306f5,210104352,Commune de Versonnex (01),false,{01435},Commune,2026-03-24 14:41:51.447482+01,gold_establishments_2025,,,,21010435200013,2025,Collectivité Territoriale,Commune,['Ain'],['Auvergne-Rhône-Alpes'],COM,{01},{84}
4b1261cb-eaeb-4f75-9ac2-0b95b9bb30f2,217402973,Commune de Versonnex (74),false,{74297},Commune,2026-03-24 14:42:08.818969+01,gold_establishments_2025,,,,21740297300010,2025,Collectivité Territoriale,Commune,['Haute-Savoie'],['Auvergne-Rhône-Alpes'],COM,{74},{84}
a5b4892e-df3b-4d97-b91a-57430144a398,214003238,Commune de Vert (40),false,{40323},Commune,2026-03-24 14:41:59.705606+01,gold_establishments_2025,,,,21400323800018,2025,Collectivité Territoriale,Commune,['Landes'],['Nouvelle-Aquitaine'],COM,{40},{75}
7bed3318-c2ae-4b8f-8ec3-ba77eb03d2f9,217806470,Commune de Vert (78),false,{78647},Commune,2026-03-24 14:42:09.43682+01,gold_establishments_2025,,,,21780647000019,2025,Collectivité Territoriale,Commune,['Yvelines'],['Île-de-France'],COM,{78},{11}
6920a790-5eac-46e5-b1a5-8262c5cbcc08,217704956,Commune de Vert-Saint-Denis (77),false,{77495},Commune,2026-03-24 14:42:09.43682+01,gold_establishments_2025,,,,21770495600010,2025,Collectivité Territoriale,Commune,['Seine-et-Marne'],['Île-de-France'],COM,{77},{11}
63aa594a-1b51-431c-8977-b57702d76724,215105651,Commune de Vert-Toulon (51),false,{51611},Commune,2026-03-24 14:42:01.954481+01,gold_establishments_2025,,,,21510565100016,2025,Collectivité Territoriale,Commune,['Marne'],['Grand Est'],COM,{51},{44}
051f4cbe-a994-4bdd-a567-13d27aa45d97,212804058,Commune de Vert-en-Drouais (28),false,{28405},Commune,2026-03-24 14:41:57.028721+01,gold_establishments_2025,,,,21280405800015,2025,Collectivité Territoriale,Commune,['Eure-et-Loir'],['Centre-Val de Loire'],COM,{28},{24}
34bb4d44-0d2f-4d15-a240-5f1fb77771f0,219106481,Commune de Vert-le-Grand (91),false,{91648},Commune,2026-03-24 14:42:11.659493+01,gold_establishments_2025,,,,21910648100019,2025,Collectivité Territoriale,Commune,['Essonne'],['Île-de-France'],COM,{91},{11}
17d46b6a-c09c-4788-960d-594870b8d969,219106499,Commune de Vert-le-Petit (91),false,{91649},Commune,2026-03-24 14:42:11.659493+01,gold_establishments_2025,,,,21910649900011,2025,Collectivité Territoriale,Commune,['Essonne'],['Île-de-France'],COM,{91},{11}
4389087c-7b87-49b2-b708-723575c54629,215906124,Commune de Vertain (59),false,{59612},Commune,2026-03-24 14:42:04.814328+01,gold_establishments_2025,,,,21590612400015,2025,Collectivité Territoriale,Commune,['Nord'],['Hauts-de-France'],COM,{59},{32}
6060fb6c-b7e7-441e-822e-007564e7a0f1,216304535,Commune de Vertaizon (63),false,{63453},Commune,2026-03-24 14:42:06.130387+01,gold_establishments_2025,,,,21630453500018,2025,Collectivité Territoriale,Commune,['Puy-de-Dôme'],['Auvergne-Rhône-Alpes'],COM,{63},{84}
adb9b071-9f27-40b6-a277-fcd6b7918ef1,213905565,Commune de Vertamboz (39),false,{39556},Commune,2026-03-24 14:41:59.705606+01,gold_establishments_2025,,,,21390556500015,2025,Collectivité Territoriale,Commune,['Jura'],['Bourgogne-Franche-Comté'],COM,{39},{27}
6bac66b7-a8ca-494a-9a14-227ed4fac2e5,212106710,Commune de Vertault (21),false,{21671},Commune,2026-03-24 14:41:55.433389+01,gold_establishments_2025,,,,21210671000016,2025,Collectivité Territoriale,Commune,"[""Côte-d'Or""]",['Bourgogne-Franche-Comté'],COM,{21},{27}
9a399e0f-3025-4667-8f77-7db0d7652ecc,212405732,Commune de Verteillac (24),false,{24573},Commune,2026-03-24 14:41:55.958138+01,gold_establishments_2025,,,,21240573200018,2025,Collectivité Territoriale,Commune,['Dordogne'],['Nouvelle-Aquitaine'],COM,{24},{75}
560e6a9d-1784-42d3-b2bc-47f52b9742e1,214703175,Commune de Verteuil-d'Agenais (47),false,{47317},Commune,2026-03-24 14:42:01.412377+01,gold_establishments_2025,,,,21470317500015,2025,Collectivité Territoriale,Commune,['Lot-et-Garonne'],['Nouvelle-Aquitaine'],COM,{47},{75}
3f822400-4e5b-4d02-a40a-31e0c203f11f,211604004,Commune de Verteuil-sur-Charente (16),false,{16400},Commune,2026-03-24 14:41:54.903238+01,gold_establishments_2025,,,,21160400400013,2025,Collectivité Territoriale,Commune,['Charente'],['Nouvelle-Aquitaine'],COM,{16},{75}
760bbdf8-8a89-4887-933f-f7b8a22fcc23,217303130,Commune de Verthemex (73),false,{73313},Commune,2026-03-24 14:42:08.279287+01,gold_establishments_2025,,,,21730313000017,2025,Collectivité Territoriale,Commune,['Savoie'],['Auvergne-Rhône-Alpes'],COM,{73},{84}
f37e194c-3cee-478e-81c7-23c535285e23,213305451,Commune de Vertheuil (33),false,{33545},Commune,2026-03-24 14:41:58.620411+01,gold_establishments_2025,,,,21330545100014,2025,Collectivité Territoriale,Commune,['Gironde'],['Nouvelle-Aquitaine'],COM,{33},{75}
1759a745-94a1-4228-916d-40f99fde72af,216304543,Commune de Vertolaye (63),false,{63454},Commune,2026-03-24 14:42:06.130387+01,gold_establishments_2025,,,,21630454300012,2025,Collectivité Territoriale,Commune,['Puy-de-Dôme'],['Auvergne-Rhône-Alpes'],COM,{63},{84}
d626bad6-0fad-4781-a49f-f8deba68001c,216208496,Commune de Verton (62),false,{62849},Commune,2026-03-24 14:42:06.130387+01,gold_establishments_2025,,,,21620849600010,2025,Collectivité Territoriale,Commune,['Pas-de-Calais'],['Hauts-de-France'],COM,{62},{32}
921fbabe-7620-489e-ab36-10a17c27db04,214402158,Commune de Vertou (44),false,{44215},Commune,2026-03-24 14:42:00.862623+01,gold_establishments_2025,,,,21440215800015,2025,Collectivité Territoriale,Commune,['Loire-Atlantique'],['Pays de la Loire'],COM,{44},{52}
0b5f6cbf-2375-4364-97f5-d8431cc459aa,213805393,Commune de Vertrieu (38),false,{38539},Commune,2026-03-24 14:41:59.705606+01,gold_establishments_2025,,,,21380539300013,2025,Collectivité Territoriale,Commune,['Isère'],['Auvergne-Rhône-Alpes'],COM,{38},{84}
de27a323-983b-4e5c-a736-75fe1a6e7135,211604012,Commune de Vervant (16),false,{16401},Commune,2026-03-24 14:41:54.903238+01,gold_establishments_2025,,,,21160401200016,2025,Collectivité Territoriale,Commune,['Charente'],['Nouvelle-Aquitaine'],COM,{16},{75}
5686a6a1-bd16-486f-ad1a-ebf6b9d60bab,211704671,Commune de Vervant (17),false,{17467},Commune,2026-03-24 14:41:54.903238+01,gold_establishments_2025,,,,21170467100018,2025,Collectivité Territoriale,Commune,['Charente-Maritime'],['Nouvelle-Aquitaine'],COM,{17},{75}
d78ff0a4-ed93-4acf-aefe-05d1ff7557c3,218805026,Commune de Vervezelle (88),false,{88502},Commune,2026-03-24 14:42:11.118516+01,gold_establishments_2025,,,,21880502600018,2025,Collectivité Territoriale,Commune,['Vosges'],['Grand Est'],COM,{88},{44}
889a008c-77a9-44e8-a4b4-8d7c68dbb3d4,210207627,Commune de Vervins (02),false,{02789},Commune,2026-03-24 14:41:52.020251+01,gold_establishments_2025,,,,21020762700014,2025,Collectivité Territoriale,Commune,['Aisne'],['Hauts-de-France'],COM,{02},{32}
c87727be-8887-4431-b9ec-819194e716ed,211104088,Commune de Verzeille (11),false,{11408},Commune,2026-03-24 14:41:53.63825+01,gold_establishments_2025,,,,21110408800011,2025,Collectivité Territoriale,Commune,['Aude'],['Occitanie'],COM,{11},{76}
19a0adc0-cdd9-4c72-9725-4e607e812c1b,215105677,Commune de Verzenay (51),false,{51613},Commune,2026-03-24 14:42:01.954481+01,gold_establishments_2025,,,,21510567700011,2025,Collectivité Territoriale,Commune,['Marne'],['Grand Est'],COM,{51},{44}
169bfc8b-d914-4f88-92f0-fef1892cbb8b,215105685,Commune de Verzy (51),false,{51614},Commune,2026-03-24 14:42:01.954481+01,gold_establishments_2025,,,,21510568500014,2025,Collectivité Territoriale,Commune,['Marne'],['Grand Est'],COM,{51},{44}
6f2c69bd-53f6-4531-83cb-786c96c375ce,217105741,Commune de Verzé (71),false,{71574},Commune,2026-03-24 14:42:08.279287+01,gold_establishments_2025,,,,21710574100011,2025,Collectivité Territoriale,Commune,['Saône-et-Loire'],['Bourgogne-Franche-Comté'],COM,{71},{27}
14488be7-6649-4638-8fee-40a01b390236,215203704,Commune de Vesaignes-sous-Lafauche (52),false,{52517},Commune,2026-03-24 14:42:01.954481+01,gold_establishments_2025,,,,21520370400014,2025,Collectivité Territoriale,Commune,['Haute-Marne'],['Grand Est'],COM,{52},{44}
a6c4ab2d-5d57-4f3a-bdf1-8bde5cdf70fa,215203712,Commune de Vesaignes-sur-Marne (52),false,{52518},Commune,2026-03-24 14:42:01.954481+01,gold_establishments_2025,,,,21520371200017,2025,Collectivité Territoriale,Commune,['Haute-Marne'],['Grand Est'],COM,{52},{44}
768bde12-70b4-4050-885e-2b776209d150,210104360,Commune de Vesancy (01),false,{01436},Commune,2026-03-24 14:41:51.447482+01,gold_establishments_2025,,,,21010436000016,2025,Collectivité Territoriale,Commune,['Ain'],['Auvergne-Rhône-Alpes'],COM,{01},{84}
a9c28518-beac-480c-a306-211c69355d49,212603732,Commune de Vesc (26),false,{26373},Commune,2026-03-24 14:41:56.495197+01,gold_establishments_2025,,,,21260373200018,2025,Collectivité Territoriale,Commune,['Drôme'],['Auvergne-Rhône-Alpes'],COM,{26},{84}
ebfb7b4d-7ce3-476c-99a4-a29a6b7e54a1,219001021,Commune de Vescemont (90),false,{90102},Commune,2026-03-24 14:42:11.659493+01,gold_establishments_2025,,,,21900102100019,2025,Collectivité Territoriale,Commune,['Territoire de Belfort'],['Bourgogne-Franche-Comté'],COM,{90},{27}
3766b0bc-6940-4904-b7ad-a9151e202d51,215707092,Commune de Vescheim (57),false,{57709},Commune,2026-03-24 14:42:04.280096+01,gold_establishments_2025,,,,21570709200015,2025,Collectivité Territoriale,Commune,['Moselle'],['Grand Est'],COM,{57},{44}
0d358930-ad82-42d0-b8cd-ef1c6c39f828,213905573,Commune de Vescles (39),false,{39557},Commune,2026-03-24 14:41:59.705606+01,gold_establishments_2025,,,,21390557300019,2025,Collectivité Territoriale,Commune,['Jura'],['Bourgogne-Franche-Comté'],COM,{39},{27}
8bf09292-00f7-4a39-99f2-61cebdaba30f,210104378,Commune de Vescours (01),false,{01437},Commune,2026-03-24 14:41:51.447482+01,gold_establishments_2025,,,,21010437800018,2025,Collectivité Territoriale,Commune,['Ain'],['Auvergne-Rhône-Alpes'],COM,{01},{84}
e6214983-0263-47b0-9575-818684c8875c,212003461,Commune de Vescovato (2B),false,{2B346},Commune,2026-03-24 14:41:57.56054+01,gold_establishments_2025,,,,21200346100010,2025,Collectivité Territoriale,Commune,['Haute-Corse'],['Corse'],COM,{2B},{94}
2d5f5a63-2822-4a18-95fb-ab3015bc75c7,211802780,Commune de Vesdun (18),false,{18278},Commune,2026-03-24 14:41:54.903238+01,gold_establishments_2025,,,,21180278000018,2025,Collectivité Territoriale,Commune,['Cher'],['Centre-Val de Loire'],COM,{18},{24}
a2e3d1ae-4f04-4e57-aaa7-35a2a41191c4,210207635,Commune de Vesles-et-Caumont (02),false,{02790},Commune,2026-03-24 14:41:52.020251+01,gold_establishments_2025,,,,21020763500017,2025,Collectivité Territoriale,Commune,['Aisne'],['Hauts-de-France'],COM,{02},{32}
a4ac9bc1-be7d-4887-9d38-b22c59366da4,210207643,Commune de Veslud (02),false,{02791},Commune,2026-03-24 14:41:52.020251+01,gold_establishments_2025,,,,21020764300011,2025,Collectivité Territoriale,Commune,['Aisne'],['Hauts-de-France'],COM,{02},{32}
334eb101-d6f5-4bda-a3f6-cc94a7fde835,212706824,Commune de Vesly (27),false,{27682},Commune,2026-03-24 14:41:57.028721+01,gold_establishments_2025,,,,21270682400019,2025,Collectivité Territoriale,Commune,['Eure'],['Normandie'],COM,{27},{28}
0494f1de-2afc-4a03-97d3-409a4616e865,215006297,Commune de Vesly (50),false,{50629},Commune,2026-03-24 14:42:01.412377+01,gold_establishments_2025,,,,21500629700018,2025,Collectivité Territoriale,Commune,['Manche'],['Normandie'],COM,{50},{28}
c283a40f-5ef4-4731-8259-900d5d40bcc9,217005503,Commune de Vesoul (70),false,{70550},Commune,2026-03-24 14:42:07.735343+01,gold_establishments_2025,,,,21700550300016,2025,Collectivité Territoriale,Commune,['Haute-Saône'],['Bourgogne-Franche-Comté'],COM,{70},{27}
10e049a2-4eb2-4a2c-9808-5df515de1d49,210703393,Commune de Vesseaux (07),false,{07339},Commune,2026-03-24 14:41:52.562531+01,gold_establishments_2025,,,,21070339300012,2025,Collectivité Territoriale,Commune,['Ardèche'],['Auvergne-Rhône-Alpes'],COM,{07},{84}
62e1d53d-2986-413d-9629-b1ad307d047a,213003478,Commune de Vestric-et-Candiac (30),false,{30347},Commune,2026-03-24 14:41:57.56054+01,gold_establishments_2025,,,,21300347800012,2025,Collectivité Territoriale,Commune,['Gard'],['Occitanie'],COM,{30},{76}
6d2664ed-9e77-4850-82cb-0798fd2cd452,212106728,Commune de Vesvres (21),false,{21672},Commune,2026-03-24 14:41:55.433389+01,gold_establishments_2025,,,,21210672800018,2025,Collectivité Territoriale,Commune,"[""Côte-d'Or""]",['Bourgogne-Franche-Comté'],COM,{21},{27}
f7d17bc2-7b56-4d68-a0dc-308018500a54,215203720,Commune de Vesvres-sous-Chalancey (52),false,{52519},Commune,2026-03-24 14:42:01.954481+01,gold_establishments_2025,,,,21520372000010,2025,Collectivité Territoriale,Commune,['Haute-Marne'],['Grand Est'],COM,{52},{44}
79360be1-299f-4395-941f-f5a8537a35f4,213602352,Commune de Veuil (36),false,{36235},Commune,2026-03-24 14:41:59.160244+01,gold_establishments_2025,,,,21360235200014,2025,Collectivité Territoriale,Commune,['Indre'],['Centre-Val de Loire'],COM,{36},{24}
7d7c4595-b907-4a43-bf62-c30aa073fda8,210207650,Commune de Veuilly-la-Poterie (02),false,{02792},Commune,2026-03-24 14:41:52.020251+01,gold_establishments_2025,,,,21020765000016,2025,Collectivité Territoriale,Commune,['Aisne'],['Hauts-de-France'],COM,{02},{32}
32a7737a-eccb-4790-8b0d-de09c3e5d697,217607357,Commune de Veules-les-Roses (76),false,{76735},Commune,2026-03-24 14:42:08.818969+01,gold_establishments_2025,,,,21760735700019,2025,Collectivité Territoriale,Commune,['Seine-Maritime'],['Normandie'],COM,{76},{28}
3800c2b7-d526-4b03-b3ef-77984c5f0158,217607365,Commune de Veulettes-sur-Mer (76),false,{76736},Commune,2026-03-24 14:42:08.818969+01,gold_establishments_2025,,,,21760736500012,2025,Collectivité Territoriale,Commune,['Seine-Maritime'],['Normandie'],COM,{76},{28}
b49244c6-ea20-4930-ae11-a21f1a3635f7,213805401,Commune de Veurey-Voroize (38),false,{38540},Commune,2026-03-24 14:41:59.705606+01,gold_establishments_2025,,,,21380540100014,2025,Collectivité Territoriale,Commune,['Isère'],['Auvergne-Rhône-Alpes'],COM,{38},{84}
f829ce13-b305-44b3-8113-069491ba4215,212106736,Commune de Veuvey-sur-Ouche (21),false,{21673},Commune,2026-03-24 14:41:55.433389+01,gold_establishments_2025,,,,21210673600011,2025,Collectivité Territoriale,Commune,"[""Côte-d'Or""]",['Bourgogne-Franche-Comté'],COM,{21},{27}
59b57dfb-6815-465f-97d8-0574e8ee82d4,212106744,Commune de Veuxhaulles-sur-Aube (21),false,{21674},Commune,2026-03-24 14:41:55.433389+01,gold_establishments_2025,,,,21210674400015,2025,Collectivité Territoriale,Commune,"[""Côte-d'Or""]",['Bourgogne-Franche-Comté'],COM,{21},{27}
1130af4f-5b26-497b-aec9-837609ab9eb9,200065654,Commune de Veuzain-sur-Loire (41),false,{41167},Commune,2026-03-24 14:42:00.273698+01,gold_establishments_2025,,,,20006565400010,2025,Collectivité Territoriale,Commune,['Loir-et-Cher'],['Centre-Val de Loire'],COM,{41},{24}
48dfeac5-e945-46ba-be1c-bf9c52f3f086,213905581,Commune de Vevy (39),false,{39558},Commune,2026-03-24 14:41:59.705606+01,gold_establishments_2025,,,,21390558100012,2025,Collectivité Territoriale,Commune,['Jura'],['Bourgogne-Franche-Comté'],COM,{39},{27}
c2567d9d-a805-4ca6-af8c-cd95b61cf7bb,218805034,Commune de Vexaincourt (88),false,{88503},Commune,2026-03-24 14:42:11.118516+01,gold_establishments_2025,,,,21880503400012,2025,Collectivité Territoriale,Commune,['Vosges'],['Grand Est'],COM,{88},{44}
aa2e84a7-3c1c-4f93-984a-118e97ee3723,200057685,Commune de Vexin-sur-Epte (27),false,{27213},Commune,2026-03-24 14:41:57.028721+01,gold_establishments_2025,,,,20005768500014,2025,Collectivité Territoriale,Commune,['Eure'],['Normandie'],COM,{27},{28}
6ae7d2e0-b81f-4a17-924e-d5b7b5eea551,210501797,Commune de Veynes (05),false,{05179},Commune,2026-03-24 14:41:52.562531+01,gold_establishments_2025,,,,21050179700018,2025,Collectivité Territoriale,Commune,['Hautes-Alpes'],"[""Provence-Alpes-Côte d'Azur""]",COM,{05},{93}
db4da68a-2826-4d84-b925-60f22497cc49,218720209,Commune de Veyrac (87),false,{87202},Commune,2026-03-24 14:42:11.118516+01,gold_establishments_2025,,,,21872020900012,2025,Collectivité Territoriale,Commune,['Haute-Vienne'],['Nouvelle-Aquitaine'],COM,{87},{75}
7b0d59ff-36bf-4bc3-a456-e93d61ce7f63,210703401,Commune de Veyras (07),false,{07340},Commune,2026-03-24 14:41:52.562531+01,gold_establishments_2025,,,,21070340100013,2025,Collectivité Territoriale,Commune,['Ardèche'],['Auvergne-Rhône-Alpes'],COM,{07},{84}
13814077-9825-4c27-835c-8a4fa097b9d3,216304550,Commune de Veyre-Monton (63),false,{63455},Commune,2026-03-24 14:42:06.130387+01,gold_establishments_2025,,,,21630455000017,2025,Collectivité Territoriale,Commune,['Puy-de-Dôme'],['Auvergne-Rhône-Alpes'],COM,{63},{84}
7bfcadad-2f5a-4ae5-8ef5-396653cadb19,211202932,Commune de Veyreau (12),false,{12293},Commune,2026-03-24 14:41:53.63825+01,gold_establishments_2025,,,,21120293200011,2025,Collectivité Territoriale,Commune,['Aveyron'],['Occitanie'],COM,{12},{76}
ffa76966-409f-4155-8251-857c07d0248d,217402999,Commune de Veyrier-du-Lac (74),false,{74299},Commune,2026-03-24 14:42:08.818969+01,gold_establishments_2025,,,,21740299900015,2025,Collectivité Territoriale,Commune,['Haute-Savoie'],['Auvergne-Rhône-Alpes'],COM,{74},{84}
14ac4bef-bbf0-471f-b8e5-07980ec7e260,212405740,Commune de Veyrignac (24),false,{24574},Commune,2026-03-24 14:41:55.958138+01,gold_establishments_2025,,,,21240574000011,2025,Collectivité Territoriale,Commune,['Dordogne'],['Nouvelle-Aquitaine'],COM,{24},{75}
81a497f6-b7a5-4236-b8ef-480aefbe3f85,212405757,Commune de Veyrines-de-Domme (24),false,{24575},Commune,2026-03-24 14:41:55.958138+01,gold_establishments_2025,,,,21240575700015,2025,Collectivité Territoriale,Commune,['Dordogne'],['Nouvelle-Aquitaine'],COM,{24},{75}
5c521fef-5314-4e07-bbcb-26219776c0f4,212405765,Commune de Veyrines-de-Vergt (24),false,{24576},Commune,2026-03-24 14:41:55.958138+01,gold_establishments_2025,,,,21240576500018,2025,Collectivité Territoriale,Commune,['Dordogne'],['Nouvelle-Aquitaine'],COM,{24},{75}
868f078a-c96a-41ec-ae78-899358d2a34f,211502547,Commune de Veyrières (15),false,{15254},Commune,2026-03-24 14:41:54.362296+01,gold_establishments_2025,,,,21150254700014,2025,Collectivité Territoriale,Commune,['Cantal'],['Auvergne-Rhône-Alpes'],COM,{15},{84}
4f00a237-ce9d-4c80-807b-774760ee20a1,211928304,Commune de Veyrières (19),false,{19283},Commune,2026-03-24 14:41:55.433389+01,gold_establishments_2025,,,,21192830400016,2025,Collectivité Territoriale,Commune,['Corrèze'],['Nouvelle-Aquitaine'],COM,{19},{75}
2783d0f1-5074-43be-a3e9-800076507c6f,213805427,Commune de Veyssilieu (38),false,{38542},Commune,2026-03-24 14:41:59.705606+01,gold_establishments_2025,,,,21380542700019,2025,Collectivité Territoriale,Commune,['Isère'],['Auvergne-Rhône-Alpes'],COM,{38},{84}
c9d458bc-8d2f-46d1-b2b3-7eee461ea094,216006635,Commune de Vez (60),false,{60672},Commune,2026-03-24 14:42:04.814328+01,gold_establishments_2025,,,,21600663500017,2025,Collectivité Territoriale,Commune,['Oise'],['Hauts-de-France'],COM,{60},{32}
bac1f176-678f-4e3f-baa4-6e92c7dcb7ca,211502570,Commune de Vezels-Roussy (15),false,{15257},Commune,2026-03-24 14:41:54.362296+01,gold_establishments_2025,,,,21150257000016,2025,Collectivité Territoriale,Commune,['Cantal'],['Auvergne-Rhône-Alpes'],COM,{15},{84}
013d6c89-b249-4755-a78a-7fb3fa3dc3c6,213503535,Commune de Vezin-le-Coquet (35),false,{35353},Commune,2026-03-24 14:41:59.160244+01,gold_establishments_2025,,,,21350353500014,2025,Collectivité Territoriale,Commune,['Ille-et-Vilaine'],['Bretagne'],COM,{35},{53}
f6771804-ae9c-4edc-a298-5cb43b7372da,214903718,Commune de Vezins (49),false,{49371},Commune,2026-03-24 14:42:01.412377+01,gold_establishments_2025,,,,21490371800010,2025,Collectivité Territoriale,Commune,['Maine-et-Loire'],['Pays de la Loire'],COM,{49},{52}
1e2be79e-6f35-4cf4-ac72-9ededf08af3e,217203728,Commune de Vezot (72),false,{72372},Commune,2026-03-24 14:42:08.279287+01,gold_establishments_2025,,,,21720372800019,2025,Collectivité Territoriale,Commune,['Sarthe'],['Pays de la Loire'],COM,{72},{52}
de0bcc72-7259-4df1-8b53-44069cb0ddca,212003479,Commune de Vezzani (2B),false,{2B347},Commune,2026-03-24 14:41:57.56054+01,gold_establishments_2025,,,,21200347900012,2025,Collectivité Territoriale,Commune,['Haute-Corse'],['Corse'],COM,{2B},{94}
21527a31-1e47-464e-b1eb-bf5fcebe5cc6,211202957,Commune de Viala-du-Pas-de-Jaux (12),false,{12295},Commune,2026-03-24 14:41:53.63825+01,gold_establishments_2025,,,,21120295700018,2025,Collectivité Territoriale,Commune,['Aveyron'],['Occitanie'],COM,{12},{76}
5351ec9f-8282-44b4-90c3-089b2077ef98,211202965,Commune de Viala-du-Tarn (12),false,{12296},Commune,2026-03-24 14:41:53.63825+01,gold_establishments_2025,,,,21120296500011,2025,Collectivité Territoriale,Commune,['Aveyron'],['Occitanie'],COM,{12},{76}
cdbc5a45-7005-462a-960a-f8e5edc5345d,214801946,Commune de Vialas (48),false,{48194},Commune,2026-03-24 14:42:01.412377+01,gold_establishments_2025,,,,21480194600010,2025,Collectivité Territoriale,Commune,['Lozère'],['Occitanie'],COM,{48},{76}
a0bcc886-33f0-4b73-83d6-0eecac4dfcef,216405522,Commune de Vialer (64),false,{64552},Commune,2026-03-24 14:42:06.665412+01,gold_establishments_2025,,,,21640552200014,2025,Collectivité Territoriale,Commune,['Pyrénées-Atlantiques'],['Nouvelle-Aquitaine'],COM,{64},{75}
db19ddc0-71e8-4764-84f1-1947e8b0c4e1,211928403,Commune de Viam (19),false,{19284},Commune,2026-03-24 14:41:55.433389+01,gold_establishments_2025,,,,21192840300016,2025,Collectivité Territoriale,Commune,['Corrèze'],['Nouvelle-Aquitaine'],COM,{19},{75}
ed329576-bd55-4de0-8b3f-3d9ae64b30a3,218103141,Commune de Viane (81),false,{81314},Commune,2026-03-24 14:42:09.967209+01,gold_establishments_2025,,,,21810314100014,2025,Collectivité Territoriale,Commune,['Tarn'],['Occitanie'],COM,{81},{76}
3b983d95-fb77-4253-89cf-1c4b21733338,212106751,Commune de Vianges (21),false,{21675},Commune,2026-03-24 14:41:55.433389+01,gold_establishments_2025,,,,21210675100010,2025,Collectivité Territoriale,Commune,"[""Côte-d'Or""]",['Bourgogne-Franche-Comté'],COM,{21},{27}
a8c6ab87-0a2e-44ba-ad6f-2418664df0fa,214703183,Commune de Vianne (47),false,{47318},Commune,2026-03-24 14:42:01.412377+01,gold_establishments_2025,,,,21470318300019,2025,Collectivité Territoriale,Commune,['Lot-et-Garonne'],['Nouvelle-Aquitaine'],COM,{47},{75}
6268af36-2f06-48ba-8bf1-9fb20a102083,219506524,Commune de Viarmes (95),false,{95652},Commune,2026-03-24 14:42:11.659493+01,gold_establishments_2025,,,,21950652400012,2025,Collectivité Territoriale,Commune,"[""Val-d'Oise""]",['Île-de-France'],COM,{95},{11}
71a11864-b0f9-4087-bcd3-dcfee1faec22,213403322,Commune de Vias (34),false,{34332},Commune,2026-03-24 14:41:58.620411+01,gold_establishments_2025,,,,21340332200018,2025,Collectivité Territoriale,Commune,['Hérault'],['Occitanie'],COM,{34},{76}
7dddec42-dd59-4714-8726-626bbfba69d3,214603326,Commune de Viazac (46),false,{46332},Commune,2026-03-24 14:42:00.862623+01,gold_establishments_2025,,,,21460332600015,2025,Collectivité Territoriale,Commune,['Lot'],['Occitanie'],COM,{46},{76}
5c29a86b-3b82-4e04-9bd3-33a4d7ee74d4,215707118,Commune de Vibersviller (57),false,{57711},Commune,2026-03-24 14:42:04.280096+01,gold_establishments_2025,,,,21570711800042,2025,Collectivité Territoriale,Commune,['Moselle'],['Grand Est'],COM,{57},{44}
2071c74a-7a16-4ec7-a0de-1c33915caa24,217607373,Commune de Vibeuf (76),false,{76737},Commune,2026-03-24 14:42:08.818969+01,gold_establishments_2025,,,,21760737300016,2025,Collectivité Territoriale,Commune,['Seine-Maritime'],['Normandie'],COM,{76},{28}
2fd695a8-daf5-43bc-8a0f-fc6ba36dca2c,211604020,Commune de Vibrac (16),false,{16402},Commune,2026-03-24 14:41:54.903238+01,gold_establishments_2025,,,,21160402000019,2025,Collectivité Territoriale,Commune,['Charente'],['Nouvelle-Aquitaine'],COM,{16},{75}
816d00a0-24e1-4fe2-8971-a284a4e2c08a,211704689,Commune de Vibrac (17),false,{17468},Commune,2026-03-24 14:41:54.903238+01,gold_establishments_2025,,,,21170468900010,2025,Collectivité Territoriale,Commune,['Charente-Maritime'],['Nouvelle-Aquitaine'],COM,{17},{75}
7473645f-fc5e-4781-a9a6-19cd0e6a677e,217203736,Commune de Vibraye (72),false,{72373},Commune,2026-03-24 14:42:08.279287+01,gold_establishments_2025,,,,21720373600012,2025,Collectivité Territoriale,Commune,['Sarthe'],['Pays de la Loire'],COM,{72},{52}
b517bd41-41ff-429a-a394-eead666cc06d,213204621,Commune de Vic-Fezensac (32),false,{32462},Commune,2026-03-24 14:41:58.09424+01,gold_establishments_2025,,,,21320462100014,2025,Collectivité Territoriale,Commune,['Gers'],['Occitanie'],COM,{32},{76}
52278b4d-f961-4eac-a0fd-c9a0be159400,212106769,Commune de Vic-de-Chassenay (21),false,{21676},Commune,2026-03-24 14:41:55.433389+01,gold_establishments_2025,,,,21210676900012,2025,Collectivité Territoriale,Commune,"[""Côte-d'Or""]",['Bourgogne-Franche-Comté'],COM,{21},{27}
b3cbb34a-7157-4f43-8f2b-b5be4fe6c71b,212106777,Commune de Vic-des-Prés (21),false,{21677},Commune,2026-03-24 14:41:55.433389+01,gold_establishments_2025,,,,21210677700015,2025,Collectivité Territoriale,Commune,"[""Côte-d'Or""]",['Bourgogne-Franche-Comté'],COM,{21},{27}
095aac4d-10cf-4fb7-8800-f6267a049d72,216504605,Commune de Vic-en-Bigorre (65),false,{65460},Commune,2026-03-24 14:42:06.665412+01,gold_establishments_2025,,,,21650460500017,2025,Collectivité Territoriale,Commune,['Hautes-Pyrénées'],['Occitanie'],COM,{65},{76}
7987b386-dffe-4de5-b833-6a2a172a0c75,213403330,Commune de Vic-la-Gardiole (34),false,{34333},Commune,2026-03-24 14:41:58.620411+01,gold_establishments_2025,,,,21340333000011,2025,Collectivité Territoriale,Commune,['Hérault'],['Occitanie'],COM,{34},{76}
85721259-e1b8-4d09-9d4a-efd75dba999e,216304576,Commune de Vic-le-Comte (63),false,{63457},Commune,2026-03-24 14:42:06.130387+01,gold_establishments_2025,,,,21630457600012,2025,Collectivité Territoriale,Commune,['Puy-de-Dôme'],['Auvergne-Rhône-Alpes'],COM,{63},{84}
100e2b03-fd76-4c11-b236-2d4c24edbfd5,213003494,Commune de Vic-le-Fesq (30),false,{30349},Commune,2026-03-24 14:41:57.56054+01,gold_establishments_2025,,,,21300349400019,2025,Collectivité Territoriale,Commune,['Gard'],['Occitanie'],COM,{30},{76}
72a31ca9-bb79-4fe0-b539-bd17ef308d58,212106785,Commune de Vic-sous-Thil (21),false,{21678},Commune,2026-03-24 14:41:55.433389+01,gold_establishments_2025,,,,21210678500018,2025,Collectivité Territoriale,Commune,"[""Côte-d'Or""]",['Bourgogne-Franche-Comté'],COM,{21},{27}
858fd3e9-faf2-449d-8a60-d5dc683847ba,210207684,Commune de Vic-sur-Aisne (02),false,{02795},Commune,2026-03-24 14:41:52.020251+01,gold_establishments_2025,,,,21020768400015,2025,Collectivité Territoriale,Commune,['Aisne'],['Hauts-de-France'],COM,{02},{32}
941a2134-91bd-4091-85a9-b449e08622ed,211502588,Commune de Vic-sur-Cère (15),false,{15258},Commune,2026-03-24 14:41:54.362296+01,gold_establishments_2025,,,,21150258800018,2025,Collectivité Territoriale,Commune,['Cantal'],['Auvergne-Rhône-Alpes'],COM,{15},{84}
303b8c1e-9c6f-4ce2-a855-e0b3db4056b4,215707126,Commune de Vic-sur-Seille (57),false,{57712},Commune,2026-03-24 14:42:04.280096+01,gold_establishments_2025,,,,21570712600011,2025,Collectivité Territoriale,Commune,['Moselle'],['Grand Est'],COM,{57},{44}
53b1a6a3-c7dc-43ea-9edd-cdce27179526,216304568,Commune de Vichel (63),false,{63456},Commune,2026-03-24 14:42:06.130387+01,gold_establishments_2025,,,,21630456800019,2025,Collectivité Territoriale,Commune,['Puy-de-Dôme'],['Auvergne-Rhône-Alpes'],COM,{63},{84}
29cac392-9e66-46ef-a35c-a4db822d52fa,210207692,Commune de Vichel-Nanteuil (02),false,{02796},Commune,2026-03-24 14:41:52.020251+01,gold_establishments_2025,,,,21020769200018,2025,Collectivité Territoriale,Commune,['Aisne'],['Hauts-de-France'],COM,{02},{32}
5c35a754-a10e-4eeb-849e-40627d62c511,218805042,Commune de Vicherey (88),false,{88504},Commune,2026-03-24 14:42:11.118516+01,gold_establishments_2025,,,,21880504200015,2025,Collectivité Territoriale,Commune,['Vosges'],['Grand Est'],COM,{88},{44}
e71dfa5b-22b3-47f7-972f-f2cf378a54e3,210303103,Commune de Vichy (03),false,{03310},Commune,2026-03-24 14:41:52.020251+01,gold_establishments_2025,,,,21030310300019,2025,Collectivité Territoriale,Commune,['Allier'],['Auvergne-Rhône-Alpes'],COM,{03},{84}
4d93192f-751f-4946-a9fd-46622596584f,212804074,Commune de Vichères (28),false,{28407},Commune,2026-03-24 14:41:57.028721+01,gold_establishments_2025,,,,21280407400012,2025,Collectivité Territoriale,Commune,['Eure-et-Loir'],['Centre-Val de Loire'],COM,{28},{24}
714fee4e-917f-4234-ad5f-5313bd97a0d7,212003487,Commune de Vico (2A),false,{2A348},Commune,2026-03-24 14:41:57.56054+01,gold_establishments_2025,,,,21200348700015,2025,Collectivité Territoriale,Commune,['Corse-du-Sud'],['Corse'],COM,{2A},{94}
818778eb-cf4c-4944-b4f4-a617cafa0547,210303111,Commune de Vicq (03),false,{03311},Commune,2026-03-24 14:41:52.020251+01,gold_establishments_2025,,,,21030311100012,2025,Collectivité Territoriale,Commune,['Allier'],['Auvergne-Rhône-Alpes'],COM,{03},{84}
da138747-6629-40f4-a184-6a4e56af983d,215203738,Commune de Vicq (52),false,{52520},Commune,2026-03-24 14:42:01.954481+01,gold_establishments_2025,,,,21520373800012,2025,Collectivité Territoriale,Commune,['Haute-Marne'],['Grand Est'],COM,{52},{44}
ce1a4817-ef27-49b9-9830-28f9ecb9bc69,215906132,Commune de Vicq (59),false,{59613},Commune,2026-03-24 14:42:04.814328+01,gold_establishments_2025,,,,21590613200018,2025,Collectivité Territoriale,Commune,['Nord'],['Hauts-de-France'],COM,{59},{32}
a2b5099c-b18c-4e3b-81a0-6a3f4a81fe21,217806538,Commune de Vicq (78),false,{78653},Commune,2026-03-24 14:42:09.43682+01,gold_establishments_2025,,,,21780653800013,2025,Collectivité Territoriale,Commune,['Yvelines'],['Île-de-France'],COM,{78},{11}
20dae49d-bade-4803-ae46-885ecaa76bab,213602360,Commune de Vicq-Exemplet (36),false,{36236},Commune,2026-03-24 14:41:59.160244+01,gold_establishments_2025,,,,21360236000017,2025,Collectivité Territoriale,Commune,['Indre'],['Centre-Val de Loire'],COM,{36},{24}
aee0ea52-f565-49b1-9db7-c5f32d64ce49,214003246,Commune de Vicq-d'Auribat (40),false,{40324},Commune,2026-03-24 14:41:59.705606+01,gold_establishments_2025,,,,21400324600011,2025,Collectivité Territoriale,Commune,['Landes'],['Nouvelle-Aquitaine'],COM,{40},{75}
19b5f6e9-d417-4cbb-b18d-333aabff17e0,218720308,Commune de Vicq-sur-Breuilh (87),false,{87203},Commune,2026-03-24 14:42:11.118516+01,gold_establishments_2025,,,,21872030800012,2025,Collectivité Territoriale,Commune,['Haute-Vienne'],['Nouvelle-Aquitaine'],COM,{87},{75}
12379d99-5296-4483-8153-8906120dd596,218602886,Commune de Vicq-sur-Gartempe (86),false,{86288},Commune,2026-03-24 14:42:11.118516+01,gold_establishments_2025,,,,21860288600077,2025,Collectivité Territoriale,Commune,['Vienne'],['Nouvelle-Aquitaine'],COM,{86},{75}
5ba854e8-9f35-4584-9792-17e27dc2c324,200057362,Commune de Vicq-sur-Mer (50),false,{50142},Commune,2026-03-24 14:42:01.412377+01,gold_establishments_2025,,,,20005736200010,2025,Collectivité Territoriale,Commune,['Manche'],['Normandie'],COM,{50},{28}
aa1ad5de-a864-400e-a37b-635f236d8cb8,213602378,Commune de Vicq-sur-Nahon (36),false,{36237},Commune,2026-03-24 14:41:59.160244+01,gold_establishments_2025,,,,21360237800019,2025,Collectivité Territoriale,Commune,['Indre'],['Centre-Val de Loire'],COM,{36},{24}
4d0a9148-cbd1-4ca1-b9d2-8cfe848b158f,211407424,Commune de Vicques (14),false,{14742},Commune,2026-03-24 14:41:54.362296+01,gold_establishments_2025,,,,21140742400012,2025,Collectivité Territoriale,Commune,['Calvados'],['Normandie'],COM,{14},{28}
39b71c31-1199-4826-827f-530ea4c03aa2,211407432,Commune de Victot-en-Auge (14),false,{14743},Commune,2026-03-24 14:41:54.362296+01,gold_establishments_2025,,,,21140743200015,2025,Collectivité Territoriale,Commune,['Calvados'],['Normandie'],COM,{14},{28}
b3f1319d-9eab-4ab5-a6b6-1dff8c883d28,216105023,Commune de Vidai (61),false,{61502},Commune,2026-03-24 14:42:05.597325+01,gold_establishments_2025,,,,21610502300016,2025,Collectivité Territoriale,Commune,['Orne'],['Normandie'],COM,{61},{28}
63c1dfb1-a770-433c-bba6-cbe4b8bea365,214603334,Commune de Vidaillac (46),false,{46333},Commune,2026-03-24 14:42:00.862623+01,gold_establishments_2025,,,,21460333400019,2025,Collectivité Territoriale,Commune,['Lot'],['Occitanie'],COM,{46},{76}
9e3a5a82-1605-4b10-95c4-ee697ec2ba81,212326003,Commune de Vidaillat (23),false,{23260},Commune,2026-03-24 14:41:55.958138+01,gold_establishments_2025,,,,21232600300010,2025,Collectivité Territoriale,Commune,['Creuse'],['Nouvelle-Aquitaine'],COM,{23},{75}
f90fe091-cff9-4403-90fb-c531ad800467,218301489,Commune de Vidauban (83),false,{83148},Commune,2026-03-24 14:42:10.508772+01,gold_establishments_2025,,,,21830148900017,2025,Collectivité Territoriale,Commune,['Var'],"[""Provence-Alpes-Côte d'Azur""]",COM,{83},{93}
b50b1198-a7bf-4c95-bcc7-db549b1e25a7,215006347,Commune de Videcosville (50),false,{50634},Commune,2026-03-24 14:42:01.412377+01,gold_establishments_2025,,,,21500634700011,2025,Collectivité Territoriale,Commune,['Manche'],['Normandie'],COM,{50},{28}
b75faf53-359a-4c32-bfc9-013677a61c34,218720407,Commune de Videix (87),false,{87204},Commune,2026-03-24 14:42:11.118516+01,gold_establishments_2025,,,,21872040700012,2025,Collectivité Territoriale,Commune,['Haute-Vienne'],['Nouvelle-Aquitaine'],COM,{87},{75}
fb3eeb3b-f409-4fd2-b8ec-a17a3dcd27b5,219106549,Commune de Videlles (91),false,{91654},Commune,2026-03-24 14:42:11.659493+01,gold_establishments_2025,,,,21910654900013,2025,Collectivité Territoriale,Commune,['Essonne'],['Île-de-France'],COM,{91},{11}
7414e68f-5065-4880-88d0-ad92337eb19c,216504613,Commune de Vidou (65),false,{65461},Commune,2026-03-24 14:42:06.665412+01,gold_establishments_2025,,,,21650461300011,2025,Collectivité Territoriale,Commune,['Hautes-Pyrénées'],['Occitanie'],COM,{65},{76}
6f839a75-99b1-495a-942b-b51ebd2eba34,216504621,Commune de Vidouze (65),false,{65462},Commune,2026-03-24 14:42:06.665412+01,gold_establishments_2025,,,,21650462100014,2025,Collectivité Territoriale,Commune,['Hautes-Pyrénées'],['Occitanie'],COM,{65},{76}
7b374c74-5378-43e4-8fd2-65c3185e713c,216006643,Commune de Viefvillers (60),false,{60673},Commune,2026-03-24 14:42:04.814328+01,gold_establishments_2025,,,,21600664300011,2025,Collectivité Territoriale,Commune,['Oise'],['Hauts-de-France'],COM,{60},{32}
9db06e4b-f86c-4171-ac53-3cd064ce5376,216208504,Commune de Vieil-Hesdin (62),false,{62850},Commune,2026-03-24 14:42:06.130387+01,gold_establishments_2025,,,,21620850400011,2025,Collectivité Territoriale,Commune,['Pas-de-Calais'],['Hauts-de-France'],COM,{62},{32}
4c720035-66b8-40ca-905e-83567c38fc61,216208538,Commune de Vieil-Moutier (62),false,{62853},Commune,2026-03-24 14:42:06.130387+01,gold_establishments_2025,,,,21620853800019,2025,Collectivité Territoriale,Commune,['Pas-de-Calais'],['Hauts-de-France'],COM,{62},{32}
eccfd038-1b48-4e36-afce-28feba85d26e,214302622,Commune de Vieille-Brioude (43),false,{43262},Commune,2026-03-24 14:42:00.273698+01,gold_establishments_2025,,,,21430262200011,2025,Collectivité Territoriale,Commune,['Haute-Loire'],['Auvergne-Rhône-Alpes'],COM,{43},{84}
56c9c675-90bd-45d9-a502-fea052ae1fa1,216208512,Commune de Vieille-Chapelle (62),false,{62851},Commune,2026-03-24 14:42:06.130387+01,gold_establishments_2025,,,,21620851200014,2025,Collectivité Territoriale,Commune,['Pas-de-Calais'],['Hauts-de-France'],COM,{62},{32}
c6ff9949-4e1b-4750-8b25-888c0df988f6,213105752,Commune de Vieille-Toulouse (31),false,{31575},Commune,2026-03-24 14:41:58.09424+01,gold_establishments_2025,,,,21310575200058,2025,Collectivité Territoriale,Commune,['Haute-Garonne'],['Occitanie'],COM,{31},{76}
3ce4f5ca-8b46-4aaf-a9ce-fd8fab5f132e,216208520,Commune de Vieille-Église (62),false,{62852},Commune,2026-03-24 14:42:06.130387+01,gold_establishments_2025,,,,21620852000017,2025,Collectivité Territoriale,Commune,['Pas-de-Calais'],['Hauts-de-France'],COM,{62},{32}
4533785f-f28b-4be8-844a-ceb52d677b2c,217806553,Commune de Vieille-Église-en-Yvelines (78),false,{78655},Commune,2026-03-24 14:42:09.43682+01,gold_establishments_2025,,,,21780655300012,2025,Collectivité Territoriale,Commune,['Yvelines'],['Île-de-France'],COM,{78},{11}
1958553a-ba8f-4a01-854c-426a0c7955fa,214503344,Commune de Vieilles-Maisons-sur-Joudry (45),false,{45334},Commune,2026-03-24 14:42:00.862623+01,gold_establishments_2025,,,,21450334400019,2025,Collectivité Territoriale,Commune,['Loiret'],['Centre-Val de Loire'],COM,{45},{24}
7a213bec-f34d-4129-ac17-46e011db7f2a,211502596,Commune de Vieillespesse (15),false,{15259},Commune,2026-03-24 14:41:54.362296+01,gold_establishments_2025,,,,21150259600011,2025,Collectivité Territoriale,Commune,['Cantal'],['Auvergne-Rhône-Alpes'],COM,{15},{84}
48f6a2d1-714d-4d4f-9306-337474eef73b,211502604,Commune de Vieillevie (15),false,{15260},Commune,2026-03-24 14:41:54.362296+01,gold_establishments_2025,,,,21150260400013,2025,Collectivité Territoriale,Commune,['Cantal'],['Auvergne-Rhône-Alpes'],COM,{15},{84}
7c9a5de5-2796-4fc1-badd-803120e2dac9,213105760,Commune de Vieillevigne (31),false,{31576},Commune,2026-03-24 14:41:58.09424+01,gold_establishments_2025,,,,21310576000010,2025,Collectivité Territoriale,Commune,['Haute-Garonne'],['Occitanie'],COM,{31},{76}
fa558dcc-dad6-4fd0-8445-80fa94858bba,214402166,Commune de Vieillevigne (44),false,{44216},Commune,2026-03-24 14:42:00.862623+01,gold_establishments_2025,,,,21440216600018,2025,Collectivité Territoriale,Commune,['Loire-Atlantique'],['Pays de la Loire'],COM,{44},{52}
a830a13c-cc51-4730-a514-13671c6f192c,212506125,Commune de Vieilley (25),false,{25612},Commune,2026-03-24 14:41:56.495197+01,gold_establishments_2025,,,,21250612500062,2025,Collectivité Territoriale,Commune,['Doubs'],['Bourgogne-Franche-Comté'],COM,{25},{27}
0e77604e-9960-45cb-bd87-2efa0f04ec27,212106793,Commune de Vieilmoulin (21),false,{21679},Commune,2026-03-24 14:41:55.433389+01,gold_establishments_2025,,,,21210679300012,2025,Collectivité Territoriale,Commune,"[""Côte-d'Or""]",['Bourgogne-Franche-Comté'],COM,{21},{27}
53520e10-f419-44e3-91b4-e8661f3c89e1,210207700,Commune de Viel-Arcy (02),false,{02797},Commune,2026-03-24 14:41:52.020251+01,gold_establishments_2025,,,,21020770000019,2025,Collectivité Territoriale,Commune,['Aisne'],['Hauts-de-France'],COM,{02},{32}
d27f6ac4-3496-458a-b56d-bdd8a00cf91f,210804316,Commune de Viel-Saint-Remy (08),false,{08472},Commune,2026-03-24 14:41:53.095366+01,gold_establishments_2025,,,,21080431600011,2025,Collectivité Territoriale,Commune,['Ardennes'],['Grand Est'],COM,{08},{44}
b8d18714-7bff-4dae-a1a7-31c1d0a032b3,213204639,Commune de Viella (32),false,{32463},Commune,2026-03-24 14:41:58.09424+01,gold_establishments_2025,,,,21320463900016,2025,Collectivité Territoriale,Commune,['Gers'],['Occitanie'],COM,{32},{76}
c17f0029-c094-433f-800a-63386e637cf7,216504639,Commune de Viella (65),false,{65463},Commune,2026-03-24 14:42:06.665412+01,gold_establishments_2025,,,,21650463900016,2025,Collectivité Territoriale,Commune,['Hautes-Pyrénées'],['Occitanie'],COM,{65},{76}
d495bfe2-c083-44d2-9b2b-8466ef0afd9f,216504647,Commune de Vielle-Adour (65),false,{65464},Commune,2026-03-24 14:42:06.665412+01,gold_establishments_2025,,,,21650464700019,2025,Collectivité Territoriale,Commune,['Hautes-Pyrénées'],['Occitanie'],COM,{65},{76}
7149f6cd-2969-4f79-9acc-ad4ace81de46,216504654,Commune de Vielle-Aure (65),false,{65465},Commune,2026-03-24 14:42:06.665412+01,gold_establishments_2025,,,,21650465400015,2025,Collectivité Territoriale,Commune,['Hautes-Pyrénées'],['Occitanie'],COM,{65},{76}
0a018a5a-ec70-49bc-a0bb-7b83ed1b31a2,216504662,Commune de Vielle-Louron (65),false,{65466},Commune,2026-03-24 14:42:06.665412+01,gold_establishments_2025,,,,21650466200018,2025,Collectivité Territoriale,Commune,['Hautes-Pyrénées'],['Occitanie'],COM,{65},{76}
08353e66-fada-44bc-97bd-e8f0e1cae401,214003261,Commune de Vielle-Saint-Girons (40),false,{40326},Commune,2026-03-24 14:41:59.705606+01,gold_establishments_2025,,,,21400326100143,2025,Collectivité Territoriale,Commune,['Landes'],['Nouvelle-Aquitaine'],COM,{40},{75}
60564a17-1760-47bc-b6fb-b8d7d7d657a7,214003279,Commune de Vielle-Soubiran (40),false,{40327},Commune,2026-03-24 14:41:59.705606+01,gold_establishments_2025,,,,21400327900012,2025,Collectivité Territoriale,Commune,['Landes'],['Nouvelle-Aquitaine'],COM,{40},{75}
9749393b-4e14-4f18-8ea9-e4948046fd08,214003253,Commune de Vielle-Tursan (40),false,{40325},Commune,2026-03-24 14:41:59.705606+01,gold_establishments_2025,,,,21400325300017,2025,Collectivité Territoriale,Commune,['Landes'],['Nouvelle-Aquitaine'],COM,{40},{75}
84afe3bd-90fa-4cc4-81b8-62c57d7ae730,216405548,Commune de Viellenave-d'Arthez (64),false,{64554},Commune,2026-03-24 14:42:06.665412+01,gold_establishments_2025,,,,21640554800019,2025,Collectivité Territoriale,Commune,['Pyrénées-Atlantiques'],['Nouvelle-Aquitaine'],COM,{64},{75}
3f69780b-a334-4cf1-be9d-638960c8e077,216405555,Commune de Viellenave-de-Navarrenx (64),false,{64555},Commune,2026-03-24 14:42:06.665412+01,gold_establishments_2025,,,,21640555500014,2025,Collectivité Territoriale,Commune,['Pyrénées-Atlantiques'],['Nouvelle-Aquitaine'],COM,{64},{75}
41329792-f7f2-4dfd-9bad-9be43aa8ef49,216405563,Commune de Vielleségure (64),false,{64556},Commune,2026-03-24 14:42:06.665412+01,gold_establishments_2025,,,,21640556300018,2025,Collectivité Territoriale,Commune,['Pyrénées-Atlantiques'],['Nouvelle-Aquitaine'],COM,{64},{75}
aff0a900-d58f-451a-b0cd-f7cad4880110,215803073,Commune de Vielmanay (58),false,{58307},Commune,2026-03-24 14:42:04.280096+01,gold_establishments_2025,,,,21580307300018,2025,Collectivité Territoriale,Commune,['Nièvre'],['Bourgogne-Franche-Comté'],COM,{58},{27}
95213805-c7e9-4824-871c-0b3d91bb30b7,218103158,Commune de Vielmur-sur-Agout (81),false,{81315},Commune,2026-03-24 14:42:09.967209+01,gold_establishments_2025,,,,21810315800018,2025,Collectivité Territoriale,Commune,['Tarn'],['Occitanie'],COM,{81},{76}
eaeef9e5-9161-466c-9d19-93ca72c80a12,214302630,Commune de Vielprat (43),false,{43263},Commune,2026-03-24 14:42:00.273698+01,gold_establishments_2025,,,,21430263000014,2025,Collectivité Territoriale,Commune,['Haute-Loire'],['Auvergne-Rhône-Alpes'],COM,{43},{84}
035e8cf7-dac4-4f3b-afda-8535f7390710,210207718,Commune de Viels-Maisons (02),false,{02798},Commune,2026-03-24 14:41:52.020251+01,gold_establishments_2025,,,,21020771800011,2025,Collectivité Territoriale,Commune,['Aisne'],['Hauts-de-France'],COM,{02},{32}
39a422d8-3e67-440f-a8a2-571d9afb3bad,212106801,Commune de Vielverge (21),false,{21680},Commune,2026-03-24 14:41:55.433389+01,gold_establishments_2025,,,,21210680100013,2025,Collectivité Territoriale,Commune,"[""Côte-d'Or""]",['Bourgogne-Franche-Comté'],COM,{21},{27}
769c1067-95ef-44b7-ad1f-42b8dcc9c0dc,217903475,Commune de Viennay (79),false,{79347},Commune,2026-03-24 14:42:09.43682+01,gold_establishments_2025,,,,21790347500010,2025,Collectivité Territoriale,Commune,['Deux-Sèvres'],['Nouvelle-Aquitaine'],COM,{79},{75}
686fbe50-8240-4bd3-9491-34059a9ff553,213805443,Commune de Vienne (38),false,{38544},Commune,2026-03-24 14:41:59.705606+01,gold_establishments_2025,,,,21380544300016,2025,Collectivité Territoriale,Commune,['Isère'],['Auvergne-Rhône-Alpes'],COM,{38},{84}
09e16f85-a28d-45cf-947a-37a71804ee1b,219506565,Commune de Vienne-en-Arthies (95),false,{95656},Commune,2026-03-24 14:42:11.659493+01,gold_establishments_2025,,,,21950656500015,2025,Collectivité Territoriale,Commune,"[""Val-d'Oise""]",['Île-de-France'],COM,{95},{11}
917e05c0-0fa8-4b3e-84c5-3153dc60dcd9,211407440,Commune de Vienne-en-Bessin (14),false,{14744},Commune,2026-03-24 14:41:54.362296+01,gold_establishments_2025,,,,21140744000018,2025,Collectivité Territoriale,Commune,['Calvados'],['Normandie'],COM,{14},{28}
af2164e2-d189-4ceb-9476-c5ae51e405d0,214503351,Commune de Vienne-en-Val (45),false,{45335},Commune,2026-03-24 14:42:00.862623+01,gold_establishments_2025,,,,21450335100014,2025,Collectivité Territoriale,Commune,['Loiret'],['Centre-Val de Loire'],COM,{45},{24}
607d84b9-79ad-4bf6-a464-20d7a3ba7edd,215105735,Commune de Vienne-la-Ville (51),false,{51620},Commune,2026-03-24 14:42:01.954481+01,gold_establishments_2025,,,,21510573500017,2025,Collectivité Territoriale,Commune,['Marne'],['Grand Est'],COM,{51},{44}
8183b322-8e6c-49d0-9847-e6208d779dd9,215105743,Commune de Vienne-le-Château (51),false,{51621},Commune,2026-03-24 14:42:01.954481+01,gold_establishments_2025,,,,21510574300011,2025,Collectivité Territoriale,Commune,['Marne'],['Grand Est'],COM,{51},{44}
fa39b1ab-e1cd-485e-b823-493fca66e011,218401446,Commune de Viens (84),false,{84144},Commune,2026-03-24 14:42:10.508772+01,gold_establishments_2025,,,,21840144600016,2025,Collectivité Territoriale,Commune,['Vaucluse'],"[""Provence-Alpes-Côte d'Azur""]",COM,{84},{93}
489bb7fd-4145-41f0-91dd-48a543a79f7d,218805059,Commune de Vienville (88),false,{88505},Commune,2026-03-24 14:42:11.118516+01,gold_establishments_2025,,,,21880505900019,2025,Collectivité Territoriale,Commune,['Vosges'],['Grand Est'],COM,{88},{44}
4bf30a10-2fdc-4d24-b725-8e85f4d6043d,216504670,Commune de Vier-Bordes (65),false,{65467},Commune,2026-03-24 14:42:06.665412+01,gold_establishments_2025,,,,21650467000011,2025,Collectivité Territoriale,Commune,['Hautes-Pyrénées'],['Occitanie'],COM,{65},{76}
e6853f1c-6f9d-42b6-a37d-7a5cffe2a809,212326102,Commune de Viersat (23),false,{23261},Commune,2026-03-24 14:41:55.958138+01,gold_establishments_2025,,,,21232610200010,2025,Collectivité Territoriale,Commune,['Creuse'],['Nouvelle-Aquitaine'],COM,{23},{75}
d5f8a31f-c8ae-442b-8a8c-cfe43ef96357,212804082,Commune de Vierville (28),false,{28408},Commune,2026-03-24 14:41:57.028721+01,gold_establishments_2025,,,,21280408200015,2025,Collectivité Territoriale,Commune,['Eure-et-Loir'],['Centre-Val de Loire'],COM,{28},{24}
7fc231f9-4fa4-4877-9f16-8fc211784c3e,211407457,Commune de Vierville-sur-Mer (14),false,{14745},Commune,2026-03-24 14:41:54.362296+01,gold_establishments_2025,,,,21140745700012,2025,Collectivité Territoriale,Commune,['Calvados'],['Normandie'],COM,{14},{28}
d9befe2e-e838-4ad6-90bd-f758bd3a89ef,211802798,Commune de Vierzon (18),false,{18279},Commune,2026-03-24 14:41:54.903238+01,gold_establishments_2025,,,,21180279800010,2025,Collectivité Territoriale,Commune,['Cher'],['Centre-Val de Loire'],COM,{18},{24}
10108983-d4bc-4a6b-8d41-5c9a68bd563b,210207726,Commune de Vierzy (02),false,{02799},Commune,2026-03-24 14:41:52.020251+01,gold_establishments_2025,,,,21020772600014,2025,Collectivité Territoriale,Commune,['Aisne'],['Hauts-de-France'],COM,{02},{32}
c03b77d9-6119-440f-bb83-ccfeb2b5fcee,215906140,Commune de Viesly (59),false,{59614},Commune,2026-03-24 14:42:04.814328+01,gold_establishments_2025,,,,21590614000011,2025,Collectivité Territoriale,Commune,['Nord'],['Hauts-de-France'],COM,{59},{32}
789ca50b-93a8-4d9d-9247-76e6056483d3,210104410,Commune de Vieu-d'Izenave (01),false,{01441},Commune,2026-03-24 14:41:51.447482+01,gold_establishments_2025,,,,21010441000019,2025,Collectivité Territoriale,Commune,['Ain'],['Auvergne-Rhône-Alpes'],COM,{01},{84}
e46694ab-d602-4a28-b039-bd595627b5bc,210303129,Commune de Vieure (03),false,{03312},Commune,2026-03-24 14:41:52.020251+01,gold_establishments_2025,,,,21030312900014,2025,Collectivité Territoriale,Commune,['Allier'],['Auvergne-Rhône-Alpes'],COM,{03},{84}
61224fa6-69ec-4f52-98c4-ffed0ecb1992,213403348,Commune de Vieussan (34),false,{34334},Commune,2026-03-24 14:41:58.620411+01,gold_establishments_2025,,,,21340334800013,2025,Collectivité Territoriale,Commune,['Hérault'],['Occitanie'],COM,{34},{76}
2bc3fefb-fba6-4dd5-b3fb-835f278a5c29,212804090,Commune de Vieuvicq (28),false,{28409},Commune,2026-03-24 14:41:57.028721+01,gold_establishments_2025,,,,21280409000018,2025,Collectivité Territoriale,Commune,['Eure-et-Loir'],['Centre-Val de Loire'],COM,{28},{24}
67aa430a-f7e1-45b7-b59a-c346bf19e964,215302704,Commune de Vieuvy (53),false,{53270},Commune,2026-03-24 14:42:02.957225+01,gold_establishments_2025,,,,21530270400014,2025,Collectivité Territoriale,Commune,['Mayenne'],['Pays de la Loire'],COM,{53},{52}
25fb53eb-3349-4929-8e6b-ac279c17f344,211407473,Commune de Vieux (14),false,{14747},Commune,2026-03-24 14:41:54.362296+01,gold_establishments_2025,,,,21140747300035,2025,Collectivité Territoriale,Commune,['Calvados'],['Normandie'],COM,{14},{28}
d6797d7d-8ff6-48ff-961c-ddcf0a46bc0e,218103166,Commune de Vieux (81),false,{81316},Commune,2026-03-24 14:42:09.967209+01,gold_establishments_2025,,,,21810316600011,2025,Collectivité Territoriale,Commune,['Tarn'],['Occitanie'],COM,{81},{76}
45ade0d9-a030-4cc6-a4c2-cf039766558a,215906157,Commune de Vieux-Berquin (59),false,{59615},Commune,2026-03-24 14:42:04.814328+01,gold_establishments_2025,,,,21590615700015,2025,Collectivité Territoriale,Commune,['Nord'],['Hauts-de-France'],COM,{59},{32}
e5b6fc12-07d7-46d6-80c1-85dd60fc38ab,214003287,Commune de Vieux-Boucau-les-Bains (40),false,{40328},Commune,2026-03-24 14:41:59.705606+01,gold_establishments_2025,,,,21400328700015,2025,Collectivité Territoriale,Commune,['Landes'],['Nouvelle-Aquitaine'],COM,{40},{75}
0e2c09e3-8e67-4d96-8695-fb691f7f2cf9,211407481,Commune de Vieux-Bourg (14),false,{14748},Commune,2026-03-24 14:41:54.362296+01,gold_establishments_2025,,,,21140748100012,2025,Collectivité Territoriale,Commune,['Calvados'],['Normandie'],COM,{14},{28}
fa556801-d747-4968-99e4-50c54391aa0c,217704964,Commune de Vieux-Champagne (77),false,{77496},Commune,2026-03-24 14:42:09.43682+01,gold_establishments_2025,,,,21770496400014,2025,Collectivité Territoriale,Commune,['Seine-et-Marne'],['Île-de-France'],COM,{77},{11}
04e5e6a6-e9ca-4c2f-88dc-d5134af655ad,212506141,Commune de Vieux-Charmont (25),false,{25614},Commune,2026-03-24 14:41:56.495197+01,gold_establishments_2025,,,,21250614100010,2025,Collectivité Territoriale,Commune,['Doubs'],['Bourgogne-Franche-Comté'],COM,{25},{27}
d5042309-c49d-4114-9444-c4d0c98de0b0,212106819,Commune de Vieux-Château (21),false,{21681},Commune,2026-03-24 14:41:55.433389+01,gold_establishments_2025,,,,21210681900015,2025,Collectivité Territoriale,Commune,"[""Côte-d'Or""]",['Bourgogne-Franche-Comté'],COM,{21},{27}
b5776db1-d68e-44e5-9b2e-546dbd6c1837,215906165,Commune de Vieux-Condé (59),false,{59616},Commune,2026-03-24 14:42:04.814328+01,gold_establishments_2025,,,,21590616500018,2025,Collectivité Territoriale,Commune,['Nord'],['Hauts-de-France'],COM,{59},{32}
7a8e3422-f064-4c98-aea7-35436667069c,216803478,Commune de Vieux-Ferrette (68),false,{68347},Commune,2026-03-24 14:42:07.195692+01,gold_establishments_2025,,,,21680347800017,2025,Collectivité Territoriale,Commune,['Haut-Rhin'],['Grand Est'],COM,{68},{44}
caf98fae-15ed-4cff-b304-990e1cb1b4d5,219711330,Commune de Vieux-Fort (971),false,{97133},Commune,2026-03-24 14:42:11.659493+01,gold_establishments_2025,,,,21971133000015,2025,Collectivité Territoriale,Commune,['Guadeloupe'],['Guadeloupe'],COM,{971},{01}
1c0b69c1-0e22-494c-a57e-a0e3ff68960d,219711348,Commune de Vieux-Habitants (971),false,{97134},Commune,2026-03-24 14:42:11.659493+01,gold_establishments_2025,,,,21971134800017,2025,Collectivité Territoriale,Commune,['Guadeloupe'],['Guadeloupe'],COM,{971},{01}
fdba78ee-5e8b-42ed-870c-ec1f78382298,215707134,Commune de Vieux-Lixheim (57),false,{57713},Commune,2026-03-24 14:42:04.280096+01,gold_establishments_2025,,,,21570713400015,2025,Collectivité Territoriale,Commune,['Moselle'],['Grand Est'],COM,{57},{44}
69eec62c-bdc3-4cb7-ba3f-a7c3f762622d,217607381,Commune de Vieux-Manoir (76),false,{76738},Commune,2026-03-24 14:42:08.818969+01,gold_establishments_2025,,,,21760738100019,2025,Collectivité Territoriale,Commune,['Seine-Maritime'],['Normandie'],COM,{76},{28}
c2370d27-cdd1-4a7e-a0b2-90264028dad8,215906173,Commune de Vieux-Mesnil (59),false,{59617},Commune,2026-03-24 14:42:04.814328+01,gold_establishments_2025,,,,21590617300012,2025,Collectivité Territoriale,Commune,['Nord'],['Hauts-de-France'],COM,{59},{32}
d035789a-29f9-43da-91e8-3391c55677e1,216006650,Commune de Vieux-Moulin (60),false,{60674},Commune,2026-03-24 14:42:04.814328+01,gold_establishments_2025,,,,21600665000016,2025,Collectivité Territoriale,Commune,['Oise'],['Hauts-de-France'],COM,{60},{32}
c8ebf6bc-f342-4151-94d7-3d6fb2f3fbe7,218805067,Commune de Vieux-Moulin (88),false,{88506},Commune,2026-03-24 14:42:11.118516+01,gold_establishments_2025,,,,21880506700012,2025,Collectivité Territoriale,Commune,['Vosges'],['Grand Est'],COM,{88},{44}
1815f296-0f37-488c-8c26-f2b2732dc167,216105031,Commune de Vieux-Pont (61),false,{61503},Commune,2026-03-24 14:42:05.597325+01,gold_establishments_2025,,,,21610503100019,2025,Collectivité Territoriale,Commune,['Orne'],['Normandie'],COM,{61},{28}
3f633853-c092-4e31-baaa-077ae7eef095,212706865,Commune de Vieux-Port (27),false,{27686},Commune,2026-03-24 14:41:57.028721+01,gold_establishments_2025,,,,21270686500012,2025,Collectivité Territoriale,Commune,['Eure'],['Normandie'],COM,{27},{28}
6a8e7b9d-ea18-4882-afa7-1e6111ca7444,215906181,Commune de Vieux-Reng (59),false,{59618},Commune,2026-03-24 14:42:04.814328+01,gold_establishments_2025,,,,21590618100015,2025,Collectivité Territoriale,Commune,['Nord'],['Hauts-de-France'],COM,{59},{32}
ed0026a8-cffd-425c-ae80-3eeb26e724f8,217607399,Commune de Vieux-Rouen-sur-Bresle (76),false,{76739},Commune,2026-03-24 14:42:08.818969+01,gold_establishments_2025,,,,21760739900011,2025,Collectivité Territoriale,Commune,['Seine-Maritime'],['Normandie'],COM,{76},{28}
fdee19f8-5f09-4e15-8476-310d39105392,211604046,Commune de Vieux-Ruffec (16),false,{16404},Commune,2026-03-24 14:41:54.903238+01,gold_establishments_2025,,,,21160404600014,2025,Collectivité Territoriale,Commune,['Charente'],['Nouvelle-Aquitaine'],COM,{16},{75}
0b0110d6-297a-48c3-861b-88cef1797dfc,216803486,Commune de Vieux-Thann (68),false,{68348},Commune,2026-03-24 14:42:07.195692+01,gold_establishments_2025,,,,21680348600010,2025,Collectivité Territoriale,Commune,['Haut-Rhin'],['Grand Est'],COM,{68},{44}
5f3a1664-3f0f-4860-b8d9-775d6be3c4aa,213503543,Commune de Vieux-Viel (35),false,{35354},Commune,2026-03-24 14:41:59.160244+01,gold_establishments_2025,,,,21350354300018,2025,Collectivité Territoriale,Commune,['Ille-et-Vilaine'],['Bretagne'],COM,{35},{53}
1e556e0a-2544-42d9-ba86-cd0b4033c704,213503550,Commune de Vieux-Vy-sur-Couesnon (35),false,{35355},Commune,2026-03-24 14:41:59.160244+01,gold_establishments_2025,,,,21350355000013,2025,Collectivité Territoriale,Commune,['Ille-et-Vilaine'],['Bretagne'],COM,{35},{53}
5493a7f6-5579-4ec5-ba88-c8f61d2af44a,210804324,Commune de Vieux-lès-Asfeld (08),false,{08473},Commune,2026-03-24 14:41:53.095366+01,gold_establishments_2025,,,,21080432400015,2025,Collectivité Territoriale,Commune,['Ardennes'],['Grand Est'],COM,{08},{44}
1e0e97e4-3480-4cba-90f8-f66af6fe50e7,216504688,Commune de Vieuzos (65),false,{65468},Commune,2026-03-24 14:42:06.665412+01,gold_establishments_2025,,,,21650468800013,2025,Collectivité Territoriale,Commune,['Hautes-Pyrénées'],['Occitanie'],COM,{65},{76}
cd54028c-1582-4673-b949-3952d55902ea,214102733,Commune de Vievy-le-Rayé (41),false,{41273},Commune,2026-03-24 14:42:00.273698+01,gold_establishments_2025,,,,21410273300018,2025,Collectivité Territoriale,Commune,['Loir-et-Cher'],['Centre-Val de Loire'],COM,{41},{24}
4df18b8b-16a4-4fcb-ba5a-16b68e3836fa,216504696,Commune de Viey (65),false,{65469},Commune,2026-03-24 14:42:06.665412+01,gold_establishments_2025,,,,21650469600016,2025,Collectivité Territoriale,Commune,['Hautes-Pyrénées'],['Occitanie'],COM,{65},{76}
10232adb-4521-434f-a088-885ce9df4439,213805450,Commune de Vif (38),false,{38545},Commune,2026-03-24 14:41:59.705606+01,gold_establishments_2025,,,,21380545000011,2025,Collectivité Territoriale,Commune,['Isère'],['Auvergne-Rhône-Alpes'],COM,{38},{84}
509632b0-7de0-4e8a-bd9c-a2df6796245f,210207734,Commune de Viffort (02),false,{02800},Commune,2026-03-24 14:41:52.020251+01,gold_establishments_2025,,,,21020773400018,2025,Collectivité Territoriale,Commune,['Aisne'],['Hauts-de-France'],COM,{02},{32}
0c63952e-26fb-42c4-80a5-4dcbda302207,211928502,Commune de Vigeois (19),false,{19285},Commune,2026-03-24 14:41:55.433389+01,gold_establishments_2025,,,,21192850200015,2025,Collectivité Territoriale,Commune,['Corrèze'],['Nouvelle-Aquitaine'],COM,{19},{75}
113ca98a-c5d0-4459-9ebf-7f84adaca1b7,216504704,Commune de Viger (65),false,{65470},Commune,2026-03-24 14:42:06.665412+01,gold_establishments_2025,,,,21650470400018,2025,Collectivité Territoriale,Commune,['Hautes-Pyrénées'],['Occitanie'],COM,{65},{76}
da925b97-8cf6-4369-a03d-20de561011e6,212326201,Commune de Vigeville (23),false,{23262},Commune,2026-03-24 14:41:55.958138+01,gold_establishments_2025,,,,21232620100010,2025,Collectivité Territoriale,Commune,['Creuse'],['Nouvelle-Aquitaine'],COM,{23},{75}
6e844ff8-8472-4963-8ea3-38ae946ffd56,212003495,Commune de Viggianello (2A),false,{2A349},Commune,2026-03-24 14:41:57.56054+01,gold_establishments_2025,,,,21200349500018,2025,Collectivité Territoriale,Commune,['Corse-du-Sud'],['Corse'],COM,{2A},{94}
53d8d7d1-b444-4876-ad53-1af678c1ed0b,214503369,Commune de Viglain (45),false,{45336},Commune,2026-03-24 14:42:00.862623+01,gold_establishments_2025,,,,21450336900016,2025,Collectivité Territoriale,Commune,['Loiret'],['Centre-Val de Loire'],COM,{45},{24}
9f0a3610-b659-4106-972c-4d6047d030de,218007441,Commune de Vignacourt (80),false,{80793},Commune,2026-03-24 14:42:09.967209+01,gold_establishments_2025,,,,21800744100015,2025,Collectivité Territoriale,Commune,['Somme'],['Hauts-de-France'],COM,{80},{32}
bf9f9486-af25-422e-8bca-93cdabd54323,212003503,Commune de Vignale (2B),false,{2B350},Commune,2026-03-24 14:41:57.56054+01,gold_establishments_2025,,,,21200350300019,2025,Collectivité Territoriale,Commune,['Haute-Corse'],['Corse'],COM,{2B},{94}
dd0d67f1-2a2d-4f0d-b5b8-881d4c1ed91b,211407515,Commune de Vignats (14),false,{14751},Commune,2026-03-24 14:41:54.362296+01,gold_establishments_2025,,,,21140751500017,2025,Collectivité Territoriale,Commune,['Calvados'],['Normandie'],COM,{14},{28}
242a6221-a3b1-44dd-9c94-6a64618bf03e,213105778,Commune de Vignaux (31),false,{31577},Commune,2026-03-24 14:41:58.09424+01,gold_establishments_2025,,,,21310577800012,2025,Collectivité Territoriale,Commune,['Haute-Garonne'],['Occitanie'],COM,{31},{76}
3c95f192-412d-4dec-8e0a-aa8545bd3c15,216504712,Commune de Vignec (65),false,{65471},Commune,2026-03-24 14:42:06.665412+01,gold_establishments_2025,,,,21650471200011,2025,Collectivité Territoriale,Commune,['Hautes-Pyrénées'],['Occitanie'],COM,{65},{76}
f5d7c1db-f40c-4085-8146-21ef199ac964,217704980,Commune de Vignely (77),false,{77498},Commune,2026-03-24 14:42:09.43682+01,gold_establishments_2025,,,,21770498000010,2025,Collectivité Territoriale,Commune,['Seine-et-Marne'],['Île-de-France'],COM,{77},{11}
feeed726-b88c-417d-84cc-0ab37d691e63,216006668,Commune de Vignemont (60),false,{60675},Commune,2026-03-24 14:42:04.814328+01,gold_establishments_2025,,,,21600666800018,2025,Collectivité Territoriale,Commune,['Oise'],['Hauts-de-France'],COM,{60},{32}
59a0a5fe-6582-4bd4-8424-2629444c0ee6,216405571,Commune de Vignes (64),false,{64557},Commune,2026-03-24 14:42:06.665412+01,gold_establishments_2025,,,,21640557100011,2025,Collectivité Territoriale,Commune,['Pyrénées-Atlantiques'],['Nouvelle-Aquitaine'],COM,{64},{75}
beb3057f-c628-4de2-b149-4c9866815d32,215203993,Commune de Vignes-la-Côte (52),false,{52523},Commune,2026-03-24 14:42:01.954481+01,gold_establishments_2025,,,,21520399300013,2025,Collectivité Territoriale,Commune,['Haute-Marne'],['Grand Est'],COM,{52},{44}
c7e5dc06-e7fd-4d25-9f59-f08c9e62a376,215505520,Commune de Vigneul-sous-Montmédy (55),false,{55552},Commune,2026-03-24 14:42:03.701372+01,gold_establishments_2025,,,,21550552000019,2025,Collectivité Territoriale,Commune,['Meuse'],['Grand Est'],COM,{55},{44}
7e19c43b-0702-41d5-be0f-dc59457e9c28,215405655,Commune de Vigneulles (54),false,{54565},Commune,2026-03-24 14:42:02.957225+01,gold_establishments_2025,,,,21540565500014,2025,Collectivité Territoriale,Commune,['Meurthe-et-Moselle'],['Grand Est'],COM,{54},{44}
8a0eecd0-9f05-4784-ac30-77e53eb38caf,215505512,Commune de Vigneulles-lès-Hattonchâtel (55),false,{55551},Commune,2026-03-24 14:42:03.701372+01,gold_establishments_2025,,,,21550551200016,2025,Collectivité Territoriale,Commune,['Meuse'],['Grand Est'],COM,{55},{44}
1247cded-1668-4e07-a3b0-bfb4a50c0bed,210207742,Commune de Vigneux-Hocquet (02),false,{02801},Commune,2026-03-24 14:41:52.020251+01,gold_establishments_2025,,,,21020774200011,2025,Collectivité Territoriale,Commune,['Aisne'],['Hauts-de-France'],COM,{02},{32}
3c016bde-ca3c-480b-a6d2-d0c32cfb4168,214402174,Commune de Vigneux-de-Bretagne (44),false,{44217},Commune,2026-03-24 14:42:00.862623+01,gold_establishments_2025,,,,21440217400012,2025,Collectivité Territoriale,Commune,['Loire-Atlantique'],['Pays de la Loire'],COM,{44},{52}
68335d3c-5039-4d02-b662-fb140272ec02,219106572,Commune de Vigneux-sur-Seine (91),false,{91657},Commune,2026-03-24 14:42:11.659493+01,gold_establishments_2025,,,,21910657200015,2025,Collectivité Territoriale,Commune,['Essonne'],['Île-de-France'],COM,{91},{11}
58ea4ffe-1e5d-4616-a1fa-75b2bb95e797,211104096,Commune de Vignevieille (11),false,{11409},Commune,2026-03-24 14:41:53.63825+01,gold_establishments_2025,,,,21110409600014,2025,Collectivité Territoriale,Commune,['Aude'],['Occitanie'],COM,{11},{76}
088da815-e504-4634-bd9b-9052bad68c31,213805468,Commune de Vignieu (38),false,{38546},Commune,2026-03-24 14:41:59.705606+01,gold_establishments_2025,,,,21380546800013,2025,Collectivité Territoriale,Commune,['Isère'],['Auvergne-Rhône-Alpes'],COM,{38},{84}
7a420409-1533-48fe-b68a-6eeea6c09f1f,213503568,Commune de Vignoc (35),false,{35356},Commune,2026-03-24 14:41:59.160244+01,gold_establishments_2025,,,,21350356800015,2025,Collectivité Territoriale,Commune,['Ille-et-Vilaine'],['Bretagne'],COM,{35},{53}
81f47699-cbf4-4f4c-99ed-28e2bb3be706,215803081,Commune de Vignol (58),false,{58308},Commune,2026-03-24 14:42:04.280096+01,gold_establishments_2025,,,,21580308100011,2025,Collectivité Territoriale,Commune,['Nièvre'],['Bourgogne-Franche-Comté'],COM,{58},{27}
40b07c7a-48d1-41f4-aaf4-1dcf8d1c05d3,212106843,Commune de Vignoles (21),false,{21684},Commune,2026-03-24 14:41:55.433389+01,gold_establishments_2025,,,,21210684300015,2025,Collectivité Territoriale,Commune,"[""Côte-d'Or""]",['Bourgogne-Franche-Comté'],COM,{21},{27}
3901d40d-d0db-486d-afc2-a8aa8109b869,211604053,Commune de Vignolles (16),false,{16405},Commune,2026-03-24 14:41:54.903238+01,gold_establishments_2025,,,,21160405300010,2025,Collectivité Territoriale,Commune,['Charente'],['Nouvelle-Aquitaine'],COM,{16},{75}
e29a79ce-fb02-42fa-ba73-9fdb5f5196b2,211928601,Commune de Vignols (19),false,{19286},Commune,2026-03-24 14:41:55.433389+01,gold_establishments_2025,,,,21192860100015,2025,Collectivité Territoriale,Commune,['Corrèze'],['Nouvelle-Aquitaine'],COM,{19},{75}
adb6073c-42d5-4a34-a77e-23049e619de8,213305469,Commune de Vignonet (33),false,{33546},Commune,2026-03-24 14:41:58.620411+01,gold_establishments_2025,,,,21330546900016,2025,Collectivité Territoriale,Commune,['Gironde'],['Nouvelle-Aquitaine'],COM,{33},{75}
7ee0c3b3-2501-4d42-87b7-9bb9a93a6c88,215203753,Commune de Vignory (52),false,{52524},Commune,2026-03-24 14:42:01.954481+01,gold_establishments_2025,,,,21520375300052,2025,Collectivité Territoriale,Commune,['Haute-Marne'],['Grand Est'],COM,{52},{44}
2ef326ed-1ff2-42d5-93b7-b050b0c50d94,215505538,Commune de Vignot (55),false,{55553},Commune,2026-03-24 14:42:03.701372+01,gold_establishments_2025,,,,21550553800011,2025,Collectivité Territoriale,Commune,['Meuse'],['Grand Est'],COM,{55},{44}
578e0e2c-5466-49ff-a41e-f6ffe275db05,211802806,Commune de Vignoux-sous-les-Aix (18),false,{18280},Commune,2026-03-24 14:41:54.903238+01,gold_establishments_2025,,,,21180280600060,2025,Collectivité Territoriale,Commune,['Cher'],['Centre-Val de Loire'],COM,{18},{24}
9fe4fc1b-8d9f-45ce-b269-1627c4877964,211802814,Commune de Vignoux-sur-Barangeon (18),false,{18281},Commune,2026-03-24 14:41:54.903238+01,gold_establishments_2025,,,,21180281400015,2025,Collectivité Territoriale,Commune,['Cher'],['Centre-Val de Loire'],COM,{18},{24}
fe08200d-ddfa-43dc-a7a8-668aa678d64d,215707159,Commune de Vigny (57),false,{57715},Commune,2026-03-24 14:42:04.280096+01,gold_establishments_2025,,,,21570715900012,2025,Collectivité Territoriale,Commune,['Moselle'],['Grand Est'],COM,{57},{44}
1f7dfa34-ed3d-42f2-94aa-4abeda85cf77,219506581,Commune de Vigny (95),false,{95658},Commune,2026-03-24 14:42:11.659493+01,gold_establishments_2025,,,,21950658100012,2025,Collectivité Territoriale,Commune,"[""Val-d'Oise""]",['Île-de-France'],COM,{95},{11}
1ebb6fef-cd17-4089-b1b6-3841e5d1eacd,213602386,Commune de Vigoulant (36),false,{36238},Commune,2026-03-24 14:41:59.160244+01,gold_establishments_2025,,,,21360238600012,2025,Collectivité Territoriale,Commune,['Indre'],['Centre-Val de Loire'],COM,{36},{24}
496fd63b-84ad-48e7-91f4-a0c9072f7953,213105786,Commune de Vigoulet-Auzil (31),false,{31578},Commune,2026-03-24 14:41:58.09424+01,gold_establishments_2025,,,,21310578600015,2025,Collectivité Territoriale,Commune,['Haute-Garonne'],['Occitanie'],COM,{31},{76}
e55fedce-21a2-4652-b145-c57587630181,213602394,Commune de Vigoux (36),false,{36239},Commune,2026-03-24 14:41:59.160244+01,gold_establishments_2025,,,,21360239400016,2025,Collectivité Territoriale,Commune,['Indre'],['Centre-Val de Loire'],COM,{36},{24}
8892cbc5-4613-4950-8690-c86314d9d49c,218201937,Commune de Vigueron (82),false,{82193},Commune,2026-03-24 14:42:10.508772+01,gold_establishments_2025,,,,21820193700016,2025,Collectivité Territoriale,Commune,['Tarn-et-Garonne'],['Occitanie'],COM,{82},{76}
e2d28f92-dfd6-4ab6-8290-d8b185b7fd1d,215707167,Commune de Vigy (57),false,{57716},Commune,2026-03-24 14:42:04.280096+01,gold_establishments_2025,,,,21570716700049,2025,Collectivité Territoriale,Commune,['Moselle'],['Grand Est'],COM,{57},{44}
a3c70261-cfd0-41e3-9f04-5fc1731c7ab6,213602402,Commune de Vijon (36),false,{36240},Commune,2026-03-24 14:41:59.160244+01,gold_establishments_2025,,,,21360240200017,2025,Collectivité Territoriale,Commune,['Indre'],['Centre-Val de Loire'],COM,{36},{24}
0856bc99-fc24-47dc-b62c-dad128a1c33b,215405663,Commune de Vilcey-sur-Trey (54),false,{54566},Commune,2026-03-24 14:42:02.957225+01,gold_establishments_2025,,,,21540566300018,2025,Collectivité Territoriale,Commune,['Meurthe-et-Moselle'],['Grand Est'],COM,{54},{44}
d4e5e962-379d-441d-b91a-248668134638,212203889,Commune de Vildé-Guingalan (22),false,{22388},Commune,2026-03-24 14:41:55.958138+01,gold_establishments_2025,,,,21220388900010,2025,Collectivité Territoriale,Commune,"[""Côtes-d'Armor""]",['Bretagne'],COM,{22},{53}
48268dfd-3fb1-4ef7-b827-81858aafb1f0,211802822,Commune de Villabon (18),false,{18282},Commune,2026-03-24 14:41:54.903238+01,gold_establishments_2025,,,,21180282200018,2025,Collectivité Territoriale,Commune,['Cher'],['Centre-Val de Loire'],COM,{18},{24}
501ab708-2ced-4826-84d8-81977b2f4c1f,219106598,Commune de Villabé (91),false,{91659},Commune,2026-03-24 14:42:11.659493+01,gold_establishments_2025,,,,21910659800010,2025,Collectivité Territoriale,Commune,['Essonne'],['Île-de-France'],COM,{91},{11}
dd923a9c-c440-480d-bfa5-257ebe2e5c05,212405807,Commune de Villac (24),false,{24580},Commune,2026-03-24 14:41:55.958138+01,gold_establishments_2025,,,,21240580700018,2025,Collectivité Territoriale,Commune,['Dordogne'],['Nouvelle-Aquitaine'],COM,{24},{75}
bce87573-ab0c-4b8f-b256-614da3c7249c,211003959,Commune de Villacerf (10),false,{10409},Commune,2026-03-24 14:41:53.095366+01,gold_establishments_2025,,,,21100395900015,2025,Collectivité Territoriale,Commune,['Aube'],['Grand Est'],COM,{10},{44}
fa51e6af-5adc-4872-a8b8-994737d2da0e,215405671,Commune de Villacourt (54),false,{54567},Commune,2026-03-24 14:42:02.957225+01,gold_establishments_2025,,,,21540567100011,2025,Collectivité Territoriale,Commune,['Meurthe-et-Moselle'],['Grand Est'],COM,{54},{44}
c0574b1f-502c-4df0-af25-61f1d1c1ccab,211003967,Commune de Villadin (10),false,{10410},Commune,2026-03-24 14:41:53.095366+01,gold_establishments_2025,,,,21100396700018,2025,Collectivité Territoriale,Commune,['Aube'],['Grand Est'],COM,{10},{44}
a6f10a4e-4528-424c-a978-0f31e4e92d2f,217005529,Commune de Villafans (70),false,{70552},Commune,2026-03-24 14:42:07.735343+01,gold_establishments_2025,,,,21700552900011,2025,Collectivité Territoriale,Commune,['Haute-Saône'],['Bourgogne-Franche-Comté'],COM,{70},{27}
e9c07417-6fcc-4d82-89ee-4bda1f934c26,216803494,Commune de Village-Neuf (68),false,{68349},Commune,2026-03-24 14:42:07.195692+01,gold_establishments_2025,,,,21680349400014,2025,Collectivité Territoriale,Commune,['Haut-Rhin'],['Grand Est'],COM,{68},{44}
bea2a7dd-b9a5-41a4-a3b0-d894585cb985,200063972,Commune de Villages du Lac de Paladru (38),false,{38292},Commune,2026-03-24 14:41:59.160244+01,gold_establishments_2025,,,,20006397200018,2025,Collectivité Territoriale,Commune,['Isère'],['Auvergne-Rhône-Alpes'],COM,{38},{84}
9fd1093e-a9b1-481f-a412-77f9a0106381,212106850,Commune de Villaines-en-Duesmois (21),false,{21685},Commune,2026-03-24 14:41:55.433389+01,gold_establishments_2025,,,,21210685000010,2025,Collectivité Territoriale,Commune,"[""Côte-d'Or""]",['Bourgogne-Franche-Comté'],COM,{21},{27}
8be61c35-a4d6-49fc-a8e6-bded4167cbfc,217203744,Commune de Villaines-la-Carelle (72),false,{72374},Commune,2026-03-24 14:42:08.279287+01,gold_establishments_2025,,,,21720374400016,2025,Collectivité Territoriale,Commune,['Sarthe'],['Pays de la Loire'],COM,{72},{52}
aef8d6d3-1a16-434c-980e-d62d4abd0913,217203751,Commune de Villaines-la-Gonais (72),false,{72375},Commune,2026-03-24 14:42:08.279287+01,gold_establishments_2025,,,,21720375100011,2025,Collectivité Territoriale,Commune,['Sarthe'],['Pays de la Loire'],COM,{72},{52}
14aca837-6d14-492e-9833-6be73865801b,215302712,Commune de Villaines-la-Juhel (53),false,{53271},Commune,2026-03-24 14:42:02.957225+01,gold_establishments_2025,,,,21530271200017,2025,Collectivité Territoriale,Commune,['Mayenne'],['Pays de la Loire'],COM,{53},{52}
47c83516-8286-4485-83d5-21f78abae449,212106868,Commune de Villaines-les-Prévôtes (21),false,{21686},Commune,2026-03-24 14:41:55.433389+01,gold_establishments_2025,,,,21210686800012,2025,Collectivité Territoriale,Commune,"[""Côte-d'Or""]",['Bourgogne-Franche-Comté'],COM,{21},{27}
c070a661-12f4-4a41-b221-8f887a05227d,213702715,Commune de Villaines-les-Rochers (37),false,{37271},Commune,2026-03-24 14:41:59.160244+01,gold_establishments_2025,,,,21370271500011,2025,Collectivité Territoriale,Commune,['Indre-et-Loire'],['Centre-Val de Loire'],COM,{37},{24}
e6e18ab8-1589-4dc9-bc97-461aef11b037,219506607,Commune de Villaines-sous-Bois (95),false,{95660},Commune,2026-03-24 14:42:11.659493+01,gold_establishments_2025,,,,21950660700056,2025,Collectivité Territoriale,Commune,"[""Val-d'Oise""]",['Île-de-France'],COM,{95},{11}
a75461d8-c49b-4c06-979e-2b143e8203b8,217203769,Commune de Villaines-sous-Lucé (72),false,{72376},Commune,2026-03-24 14:42:08.279287+01,gold_establishments_2025,,,,21720376900013,2025,Collectivité Territoriale,Commune,['Sarthe'],['Pays de la Loire'],COM,{72},{52}
5a28a964-2994-4c26-a491-61999a64edb2,217203777,Commune de Villaines-sous-Malicorne (72),false,{72377},Commune,2026-03-24 14:42:08.279287+01,gold_establishments_2025,,,,21720377700073,2025,Collectivité Territoriale,Commune,['Sarthe'],['Pays de la Loire'],COM,{72},{52}
6ef7f0df-63e9-49a5-9244-30cc3e16a97c,217607415,Commune de Villainville (76),false,{76741},Commune,2026-03-24 14:42:08.818969+01,gold_establishments_2025,,,,21760741500015,2025,Collectivité Territoriale,Commune,['Seine-Maritime'],['Normandie'],COM,{76},{28}
4be10135-4a90-4bed-9506-094cb6d8013f,211104104,Commune de Villalier (11),false,{11410},Commune,2026-03-24 14:41:53.63825+01,gold_establishments_2025,,,,21110410400016,2025,Collectivité Territoriale,Commune,['Aude'],['Occitanie'],COM,{11},{76}
cfc4fae7-1c05-475b-a8c7-a913af476260,214503377,Commune de Villamblain (45),false,{45337},Commune,2026-03-24 14:42:00.862623+01,gold_establishments_2025,,,,21450337700019,2025,Collectivité Territoriale,Commune,['Loiret'],['Centre-Val de Loire'],COM,{45},{24}
4ca11205-2bc2-4a94-865c-715d950f89d9,212405815,Commune de Villamblard (24),false,{24581},Commune,2026-03-24 14:41:55.958138+01,gold_establishments_2025,,,,21240581500011,2025,Collectivité Territoriale,Commune,['Dordogne'],['Nouvelle-Aquitaine'],COM,{24},{75}
6e696f94-cf30-4a03-8e0e-aa892f90185f,212804108,Commune de Villampuy (28),false,{28410},Commune,2026-03-24 14:41:57.028721+01,gold_establishments_2025,,,,21280410800018,2025,Collectivité Territoriale,Commune,['Eure-et-Loir'],['Centre-Val de Loire'],COM,{28},{24}
a99f0ce4-b215-4cc2-ba4c-7bbe631675ce,213503576,Commune de Villamée (35),false,{35357},Commune,2026-03-24 14:41:59.160244+01,gold_establishments_2025,,,,21350357600018,2025,Collectivité Territoriale,Commune,['Ille-et-Vilaine'],['Bretagne'],COM,{35},{53}
089595ff-d276-43fd-8523-4a76aabbc43c,213305477,Commune de Villandraut (33),false,{33547},Commune,2026-03-24 14:41:58.620411+01,gold_establishments_2025,,,,21330547700019,2025,Collectivité Territoriale,Commune,['Gironde'],['Nouvelle-Aquitaine'],COM,{33},{75}
02f97462-46d3-4078-ab3c-9e419a4afa4f,213702723,Commune de Villandry (37),false,{37272},Commune,2026-03-24 14:41:59.160244+01,gold_establishments_2025,,,,21370272300015,2025,Collectivité Territoriale,Commune,['Indre-et-Loire'],['Centre-Val de Loire'],COM,{37},{24}
210a7fdd-30cd-4acf-9935-fb0f31c2ed03,211104112,Commune de Villanière (11),false,{11411},Commune,2026-03-24 14:41:53.63825+01,gold_establishments_2025,,,,21110411200019,2025,Collectivité Territoriale,Commune,['Aude'],['Occitanie'],COM,{11},{76}
c529f5a3-96b0-45d1-8d5c-11bcd11254c3,212003511,Commune de Villanova (2A),false,{2A351},Commune,2026-03-24 14:41:57.56054+01,gold_establishments_2025,,,,21200351100012,2025,Collectivité Territoriale,Commune,['Corse-du-Sud'],['Corse'],COM,{2A},{94}
1ec999a2-3f50-404c-b0eb-bdc9851c239b,215803099,Commune de Villapourçon (58),false,{58309},Commune,2026-03-24 14:42:04.280096+01,gold_establishments_2025,,,,21580309900013,2025,Collectivité Territoriale,Commune,['Nièvre'],['Bourgogne-Franche-Comté'],COM,{58},{27}
50ec3714-9f02-4b1f-9a20-20d1e96c4e9e,210501821,Commune de Villar-Loubière (05),false,{05182},Commune,2026-03-24 14:41:52.562531+01,gold_establishments_2025,,,,21050182100016,2025,Collectivité Territoriale,Commune,['Hautes-Alpes'],"[""Provence-Alpes-Côte d'Azur""]",COM,{05},{93}
e225d576-600e-47d6-ba2a-9e995c67d217,211104153,Commune de Villar-Saint-Anselme (11),false,{11415},Commune,2026-03-24 14:41:53.63825+01,gold_establishments_2025,,,,21110415300013,2025,Collectivité Territoriale,Commune,['Aude'],['Occitanie'],COM,{11},{76}
30fd2875-8e56-45cb-a29f-1a71eab889ff,210501839,Commune de Villar-Saint-Pancrace (05),false,{05183},Commune,2026-03-24 14:41:52.562531+01,gold_establishments_2025,,,,21050183900018,2025,Collectivité Territoriale,Commune,['Hautes-Alpes'],"[""Provence-Alpes-Côte d'Azur""]",COM,{05},{93}
500abd79-0994-4a7f-bbdc-e8d2ad5e028f,210501813,Commune de Villar-d'Arêne (05),false,{05181},Commune,2026-03-24 14:41:52.562531+01,gold_establishments_2025,,,,21050181300013,2025,Collectivité Territoriale,Commune,['Hautes-Alpes'],"[""Provence-Alpes-Côte d'Azur""]",COM,{05},{93}
a6d92b06-ba2b-4f7c-9c03-e4101c48d10f,211104146,Commune de Villar-en-Val (11),false,{11414},Commune,2026-03-24 14:41:53.63825+01,gold_establishments_2025,,,,21110414600017,2025,Collectivité Territoriale,Commune,['Aude'],['Occitanie'],COM,{11},{76}
19ec2683-5d0e-4fa4-8da2-298273dabc52,212326300,Commune de Villard (23),false,{23263},Commune,2026-03-24 14:41:55.958138+01,gold_establishments_2025,,,,21232630000010,2025,Collectivité Territoriale,Commune,['Creuse'],['Nouvelle-Aquitaine'],COM,{23},{75}
c7c639f4-1207-4ef9-8841-3305dd7eb36e,217403013,Commune de Villard (74),false,{74301},Commune,2026-03-24 14:42:08.818969+01,gold_establishments_2025,,,,21740301300014,2025,Collectivité Territoriale,Commune,['Haute-Savoie'],['Auvergne-Rhône-Alpes'],COM,{74},{84}
48784170-1cff-43f7-b897-90cc724b260b,213805476,Commune de Villard-Bonnot (38),false,{38547},Commune,2026-03-24 14:41:59.705606+01,gold_establishments_2025,,,,21380547600016,2025,Collectivité Territoriale,Commune,['Isère'],['Auvergne-Rhône-Alpes'],COM,{38},{84}
9ebb4013-f830-41aa-91e4-3445c2e12834,217303155,Commune de Villard-Léger (73),false,{73315},Commune,2026-03-24 14:42:08.279287+01,gold_establishments_2025,,,,21730315500014,2025,Collectivité Territoriale,Commune,['Savoie'],['Auvergne-Rhône-Alpes'],COM,{73},{84}
6775f0e0-6005-4918-b2c5-60669b2fb9e8,213805492,Commune de Villard-Notre-Dame (38),false,{38549},Commune,2026-03-24 14:41:59.705606+01,gold_establishments_2025,,,,21380549200013,2025,Collectivité Territoriale,Commune,['Isère'],['Auvergne-Rhône-Alpes'],COM,{38},{84}
9a09b888-e413-471d-8f8f-40f4e9f7781b,213805500,Commune de Villard-Reculas (38),false,{38550},Commune,2026-03-24 14:41:59.705606+01,gold_establishments_2025,,,,21380550000013,2025,Collectivité Territoriale,Commune,['Isère'],['Auvergne-Rhône-Alpes'],COM,{38},{84}
b93bf15b-fa7d-4bde-9c5a-f5502fba1a26,213805518,Commune de Villard-Reymond (38),false,{38551},Commune,2026-03-24 14:41:59.705606+01,gold_establishments_2025,,,,21380551800015,2025,Collectivité Territoriale,Commune,['Isère'],['Auvergne-Rhône-Alpes'],COM,{38},{84}
a71c40a5-5a58-459b-b356-78101d6497d9,213805526,Commune de Villard-Saint-Christophe (38),false,{38552},Commune,2026-03-24 14:41:59.705606+01,gold_establishments_2025,,,,21380552600018,2025,Collectivité Territoriale,Commune,['Isère'],['Auvergne-Rhône-Alpes'],COM,{38},{84}
025a34b6-1f5a-48ad-b453-47e0101574e7,213905607,Commune de Villard-Saint-Sauveur (39),false,{39560},Commune,2026-03-24 14:41:59.705606+01,gold_establishments_2025,,,,21390560700015,2025,Collectivité Territoriale,Commune,['Jura'],['Bourgogne-Franche-Comté'],COM,{39},{27}
453670e8-083d-4c66-8a49-fbbaf628856f,217303163,Commune de Villard-Sallet (73),false,{73316},Commune,2026-03-24 14:42:08.279287+01,gold_establishments_2025,,,,21730316300018,2025,Collectivité Territoriale,Commune,['Savoie'],['Auvergne-Rhône-Alpes'],COM,{73},{84}
6ae41a45-2bf3-46b6-992c-70a285de17fd,217303148,Commune de Villard-d'Héry (73),false,{73314},Commune,2026-03-24 14:42:08.279287+01,gold_establishments_2025,,,,21730314800019,2025,Collectivité Territoriale,Commune,['Savoie'],['Auvergne-Rhône-Alpes'],COM,{73},{84}
57dcfebe-26ac-4f0e-ae0c-fbf1a64b1ea6,213805484,Commune de Villard-de-Lans (38),false,{38548},Commune,2026-03-24 14:41:59.705606+01,gold_establishments_2025,,,,21380548400010,2025,Collectivité Territoriale,Commune,['Isère'],['Auvergne-Rhône-Alpes'],COM,{38},{84}
cc1d90c5-9681-45b3-bada-2ec429bd0cde,217303171,Commune de Villard-sur-Doron (73),false,{73317},Commune,2026-03-24 14:42:08.279287+01,gold_establishments_2025,,,,21730317100011,2025,Collectivité Territoriale,Commune,['Savoie'],['Auvergne-Rhône-Alpes'],COM,{73},{84}
acb55f83-85ea-4a39-9ced-50ce3bca0355,211104120,Commune de Villardebelle (11),false,{11412},Commune,2026-03-24 14:41:53.63825+01,gold_establishments_2025,,,,21110412000012,2025,Collectivité Territoriale,Commune,['Aude'],['Occitanie'],COM,{11},{76}
3aa10178-6ec8-46e8-9cfc-d5d71081bc31,211104138,Commune de Villardonnel (11),false,{11413},Commune,2026-03-24 14:41:53.63825+01,gold_establishments_2025,,,,21110413800014,2025,Collectivité Territoriale,Commune,['Aude'],['Occitanie'],COM,{11},{76}
cb6abd47-4645-4cb7-873a-c8fb70150658,213905615,Commune de Villards-d'Héria (39),false,{39561},Commune,2026-03-24 14:41:59.705606+01,gold_establishments_2025,,,,21390561500018,2025,Collectivité Territoriale,Commune,['Jura'],['Bourgogne-Franche-Comté'],COM,{39},{27}
05ef8381-3a46-4c3e-a858-b51e183ef1ea,217303189,Commune de Villarembert (73),false,{73318},Commune,2026-03-24 14:42:08.279287+01,gold_establishments_2025,,,,21730318900013,2025,Collectivité Territoriale,Commune,['Savoie'],['Auvergne-Rhône-Alpes'],COM,{73},{84}
5f5b4c0c-ee43-4ed8-84af-a36f95fc6542,217005537,Commune de Villargent (70),false,{70553},Commune,2026-03-24 14:42:07.735343+01,gold_establishments_2025,,,,21700553700014,2025,Collectivité Territoriale,Commune,['Haute-Saône'],['Bourgogne-Franche-Comté'],COM,{70},{27}
3487a78e-3fc2-4878-813d-6f32ab1b8076,212106876,Commune de Villargoix (21),false,{21687},Commune,2026-03-24 14:41:55.433389+01,gold_establishments_2025,,,,21210687600015,2025,Collectivité Territoriale,Commune,"[""Côte-d'Or""]",['Bourgogne-Franche-Comté'],COM,{21},{27}
a4f04c1e-32f0-490b-afef-8a9924d050a1,217303205,Commune de Villargondran (73),false,{73320},Commune,2026-03-24 14:42:08.279287+01,gold_establishments_2025,,,,21730320500017,2025,Collectivité Territoriale,Commune,['Savoie'],['Auvergne-Rhône-Alpes'],COM,{73},{84}
0a6f25cb-d891-4c49-8e05-6b9d40ee4f59,213105794,Commune de Villariès (31),false,{31579},Commune,2026-03-24 14:41:58.09424+01,gold_establishments_2025,,,,21310579400019,2025,Collectivité Territoriale,Commune,['Haute-Garonne'],['Occitanie'],COM,{31},{76}
8b8811dd-2642-4b3b-91e3-aa77813013d0,217303221,Commune de Villarodin-Bourget (73),false,{73322},Commune,2026-03-24 14:42:08.279287+01,gold_establishments_2025,,,,21730322100014,2025,Collectivité Territoriale,Commune,['Savoie'],['Auvergne-Rhône-Alpes'],COM,{73},{84}
bf1a1620-96b0-4fc4-8bbe-c88f33fd0da9,217303239,Commune de Villaroger (73),false,{73323},Commune,2026-03-24 14:42:08.279287+01,gold_establishments_2025,,,,21730323900016,2025,Collectivité Territoriale,Commune,['Savoie'],['Auvergne-Rhône-Alpes'],COM,{73},{84}
290870e7-67d0-44bd-a046-44b8bf5125ca,217303247,Commune de Villaroux (73),false,{73324},Commune,2026-03-24 14:42:08.279287+01,gold_establishments_2025,,,,21730324700019,2025,Collectivité Territoriale,Commune,['Savoie'],['Auvergne-Rhône-Alpes'],COM,{73},{84}
666ced99-4c44-4fb4-a9d9-769a9650d5c0,212405823,Commune de Villars (24),false,{24582},Commune,2026-03-24 14:41:55.958138+01,gold_establishments_2025,,,,21240582300015,2025,Collectivité Territoriale,Commune,['Dordogne'],['Nouvelle-Aquitaine'],COM,{24},{75}
051a06b5-585a-4821-b2ee-a55f73534a96,212804116,Commune de Villars (28),false,{28411},Commune,2026-03-24 14:41:57.028721+01,gold_establishments_2025,,,,21280411600011,2025,Collectivité Territoriale,Commune,['Eure-et-Loir'],['Centre-Val de Loire'],COM,{28},{24}
befbfd55-016d-479e-87e0-807b78fce1bd,214203309,Commune de Villars (42),false,{42330},Commune,2026-03-24 14:42:00.273698+01,gold_establishments_2025,,,,21420330900015,2025,Collectivité Territoriale,Commune,['Loire'],['Auvergne-Rhône-Alpes'],COM,{42},{84}
1ac6f6b8-86ab-46b8-ba39-90336fd8e859,218401453,Commune de Villars (84),false,{84145},Commune,2026-03-24 14:42:10.508772+01,gold_establishments_2025,,,,21840145300012,2025,Collectivité Territoriale,Commune,['Vaucluse'],"[""Provence-Alpes-Côte d'Azur""]",COM,{84},{93}
e78e2da1-8650-4ef9-9767-f0cf26b18fd8,210402400,Commune de Villars-Colmars (04),false,{04240},Commune,2026-03-24 14:41:52.562531+01,gold_establishments_2025,,,,21040240000019,2025,Collectivité Territoriale,Commune,['Alpes-de-Haute-Provence'],"[""Provence-Alpes-Côte d'Azur""]",COM,{04},{93}
3c8f539b-f413-49e2-9ff6-f29322b978ce,212106884,Commune de Villars-Fontaine (21),false,{21688},Commune,2026-03-24 14:41:55.433389+01,gold_establishments_2025,,,,21210688400019,2025,Collectivité Territoriale,Commune,"[""Côte-d'Or""]",['Bourgogne-Franche-Comté'],COM,{21},{27}
b6130b58-ecc5-4a19-a9be-cfb6455dd167,212506166,Commune de Villars-Saint-Georges (25),false,{25616},Commune,2026-03-24 14:41:56.495197+01,gold_establishments_2025,,,,21250616600017,2025,Collectivité Territoriale,Commune,['Doubs'],['Bourgogne-Franche-Comté'],COM,{25},{27}
5d6c025c-0bbc-44ae-a946-5db01a6f8401,215203779,Commune de Villars-Santenoge (52),false,{52526},Commune,2026-03-24 14:42:01.954481+01,gold_establishments_2025,,,,21520377900016,2025,Collectivité Territoriale,Commune,['Haute-Marne'],['Grand Est'],COM,{52},{44}
61f86158-7e6f-49a2-8e35-276df8f240e6,215203761,Commune de Villars-en-Azois (52),false,{52525},Commune,2026-03-24 14:42:01.954481+01,gold_establishments_2025,,,,21520376100014,2025,Collectivité Territoriale,Commune,['Haute-Marne'],['Grand Est'],COM,{52},{44}
5aac1904-9340-46ee-92a7-5f7d1023d9e4,211704697,Commune de Villars-en-Pons (17),false,{17469},Commune,2026-03-24 14:41:54.903238+01,gold_establishments_2025,,,,21170469700013,2025,Collectivité Territoriale,Commune,['Charente-Maritime'],['Nouvelle-Aquitaine'],COM,{17},{75}
6f78f81c-f469-4c9f-ab1b-3159bd250e15,212106892,Commune de Villars-et-Villenotte (21),false,{21689},Commune,2026-03-24 14:41:55.433389+01,gold_establishments_2025,,,,21210689200012,2025,Collectivité Territoriale,Commune,"[""Côte-d'Or""]",['Bourgogne-Franche-Comté'],COM,{21},{27}
7e87af7d-2eaa-46f9-9a8e-e1e96dbafe1b,217005545,Commune de Villars-le-Pautel (70),false,{70554},Commune,2026-03-24 14:42:07.735343+01,gold_establishments_2025,,,,21700554500017,2025,Collectivité Territoriale,Commune,['Haute-Saône'],['Bourgogne-Franche-Comté'],COM,{70},{27}
5cbca4b3-733d-46c3-8eed-e352055b456b,219001054,Commune de Villars-le-Sec (90),false,{90105},Commune,2026-03-24 14:42:11.659493+01,gold_establishments_2025,,,,21900105400010,2025,Collectivité Territoriale,Commune,['Territoire de Belfort'],['Bourgogne-Franche-Comté'],COM,{90},{27}
6bf4bdab-9c40-4305-a830-a7300455e769,211704705,Commune de Villars-les-Bois (17),false,{17470},Commune,2026-03-24 14:41:54.903238+01,gold_establishments_2025,,,,21170470500014,2025,Collectivité Territoriale,Commune,['Charente-Maritime'],['Nouvelle-Aquitaine'],COM,{17},{75}
e8179105-b2d3-40cb-b26d-26da111d7225,210104436,Commune de Villars-les-Dombes (01),false,{01443},Commune,2026-03-24 14:41:51.447482+01,gold_establishments_2025,,,,21010443600014,2025,Collectivité Territoriale,Commune,['Ain'],['Auvergne-Rhône-Alpes'],COM,{01},{84}
79b54034-bac0-48a8-b211-e90eeabf22de,212506158,Commune de Villars-lès-Blamont (25),false,{25615},Commune,2026-03-24 14:41:56.495197+01,gold_establishments_2025,,,,21250615800014,2025,Collectivité Territoriale,Commune,['Doubs'],['Bourgogne-Franche-Comté'],COM,{25},{27}
5bead57b-2318-4a03-a484-6a84c07672ad,212506174,Commune de Villars-sous-Dampjoux (25),false,{25617},Commune,2026-03-24 14:41:56.495197+01,gold_establishments_2025,,,,21250617400011,2025,Collectivité Territoriale,Commune,['Doubs'],['Bourgogne-Franche-Comté'],COM,{25},{27}
ecd41f0e-06bd-4e3f-a6a3-97142a5f2298,212506182,Commune de Villars-sous-Écot (25),false,{25618},Commune,2026-03-24 14:41:56.495197+01,gold_establishments_2025,,,,21250618200014,2025,Collectivité Territoriale,Commune,['Doubs'],['Bourgogne-Franche-Comté'],COM,{25},{27}
c24e06cd-138a-4449-a7ad-a7a66129c110,210601589,Commune de Villars-sur-Var (06),false,{06158},Commune,2026-03-24 14:41:52.562531+01,gold_establishments_2025,,,,21060158900018,2025,Collectivité Territoriale,Commune,['Alpes-Maritimes'],"[""Provence-Alpes-Côte d'Azur""]",COM,{06},{93}
854fbdcb-d133-43ba-a177-c7ddf419826c,211104161,Commune de Villarzel-Cabardès (11),false,{11416},Commune,2026-03-24 14:41:53.63825+01,gold_establishments_2025,,,,21110416100016,2025,Collectivité Territoriale,Commune,['Aude'],['Occitanie'],COM,{11},{76}
f68ba9cb-3acc-4ff1-aedd-f20a820d4c45,211104179,Commune de Villarzel-du-Razès (11),false,{11417},Commune,2026-03-24 14:41:53.63825+01,gold_establishments_2025,,,,21110417900018,2025,Collectivité Territoriale,Commune,['Aude'],['Occitanie'],COM,{11},{76}
127b4976-e451-48e5-852c-f0e0e2dc1871,211104187,Commune de Villasavary (11),false,{11418},Commune,2026-03-24 14:41:53.63825+01,gold_establishments_2025,,,,21110418700011,2025,Collectivité Territoriale,Commune,['Aude'],['Occitanie'],COM,{11},{76}
d4671fbd-1563-4600-b5fb-623adbfaf275,213105802,Commune de Villate (31),false,{31580},Commune,2026-03-24 14:41:58.09424+01,gold_establishments_2025,,,,21310580200010,2025,Collectivité Territoriale,Commune,['Haute-Garonne'],['Occitanie'],COM,{31},{76}
ee0ac737-d0b1-4147-a74a-3ae8d572dc1a,213105810,Commune de Villaudric (31),false,{31581},Commune,2026-03-24 14:41:58.09424+01,gold_establishments_2025,,,,21310581000013,2025,Collectivité Territoriale,Commune,['Haute-Garonne'],['Occitanie'],COM,{31},{76}
711050e8-1ecc-4860-969a-45bb69e4908b,211104195,Commune de Villautou (11),false,{11419},Commune,2026-03-24 14:41:53.63825+01,gold_establishments_2025,,,,21110419500014,2025,Collectivité Territoriale,Commune,['Aude'],['Occitanie'],COM,{11},{76}
23880c24-a4d3-4224-bb82-9c5d9d844948,214102741,Commune de Villavard (41),false,{41274},Commune,2026-03-24 14:42:00.273698+01,gold_establishments_2025,,,,21410274100011,2025,Collectivité Territoriale,Commune,['Loir-et-Cher'],['Centre-Val de Loire'],COM,{41},{24}
98e08d0c-696c-4ec9-be5e-a28f27caf13a,217403039,Commune de Villaz (74),false,{74303},Commune,2026-03-24 14:42:08.818969+01,gold_establishments_2025,,,,21740303900019,2025,Collectivité Territoriale,Commune,['Haute-Savoie'],['Auvergne-Rhône-Alpes'],COM,{74},{84}
55821ec0-852e-4884-a712-fc80b2b18f2f,216006676,Commune de Ville (60),false,{60676},Commune,2026-03-24 14:42:04.814328+01,gold_establishments_2025,,,,21600667600011,2025,Collectivité Territoriale,Commune,['Oise'],['Hauts-de-France'],COM,{60},{32}
97d9ee66-1a2e-456e-8c30-ae2305948b42,215105750,Commune de Ville-Dommange (51),false,{51622},Commune,2026-03-24 14:42:01.954481+01,gold_establishments_2025,,,,21510575000016,2025,Collectivité Territoriale,Commune,['Marne'],['Grand Est'],COM,{51},{44}
34ec2681-4bbc-4564-8c57-b8ddc4800a59,215405721,Commune de Ville-Houdlémont (54),false,{54572},Commune,2026-03-24 14:42:02.957225+01,gold_establishments_2025,,,,21540572100014,2025,Collectivité Territoriale,Commune,['Meurthe-et-Moselle'],['Grand Est'],COM,{54},{44}
1e3c185e-daad-4f83-965f-8fb78cbbcebe,215803115,Commune de Ville-Langy (58),false,{58311},Commune,2026-03-24 14:42:04.280096+01,gold_establishments_2025,,,,21580311500017,2025,Collectivité Territoriale,Commune,['Nièvre'],['Bourgogne-Franche-Comté'],COM,{58},{27}
9026517b-100f-448f-b054-7f9ff483e895,217705169,Commune de Ville-Saint-Jacques (77),false,{77516},Commune,2026-03-24 14:42:09.43682+01,gold_establishments_2025,,,,21770516900019,2025,Collectivité Territoriale,Commune,['Seine-et-Marne'],['Île-de-France'],COM,{77},{11}
f328b3c1-93c3-4dd7-813e-cdcc54bfed83,210207908,Commune de Ville-Savoye (02),false,{02817},Commune,2026-03-24 14:41:52.020251+01,gold_establishments_2025,,,,21020790800018,2025,Collectivité Territoriale,Commune,['Aisne'],['Hauts-de-France'],COM,{02},{32}
d56dff76-b4e0-4511-83ba-1f457a425f17,215405689,Commune de Ville-au-Montois (54),false,{54568},Commune,2026-03-24 14:42:02.957225+01,gold_establishments_2025,,,,21540568900013,2025,Collectivité Territoriale,Commune,['Meurthe-et-Moselle'],['Grand Est'],COM,{54},{44}
2ee2b344-2fb4-4063-8d12-3e8414604da8,215405697,Commune de Ville-au-Val (54),false,{54569},Commune,2026-03-24 14:42:02.957225+01,gold_establishments_2025,,,,21540569700016,2025,Collectivité Territoriale,Commune,['Meurthe-et-Moselle'],['Grand Est'],COM,{54},{44}
7a00132c-2f4e-4531-827a-7a14ee0181fc,219200771,Commune de Ville-d'Avray (92),false,{92077},Commune,2026-03-24 14:42:11.659493+01,gold_establishments_2025,,,,21920077100018,2025,Collectivité Territoriale,Commune,['Hauts-de-Seine'],['Île-de-France'],COM,{92},{11}
7cd21f59-27fe-4e8f-b045-b51d040a3fa1,215505553,Commune de Ville-devant-Belrain (55),false,{55555},Commune,2026-03-24 14:42:03.701372+01,gold_establishments_2025,,,,21550555300010,2025,Collectivité Territoriale,Commune,['Meuse'],['Grand Est'],COM,{55},{44}
0863b722-19f9-4ae5-9314-7927ec2fb027,215505561,Commune de Ville-devant-Chaumont (55),false,{55556},Commune,2026-03-24 14:42:03.701372+01,gold_establishments_2025,,,,21550556100013,2025,Collectivité Territoriale,Commune,['Meuse'],['Grand Est'],COM,{55},{44}
5f6bbd9d-6504-4b81-8889-c69f0fec73f6,212003529,Commune de Ville-di-Paraso (2B),false,{2B352},Commune,2026-03-24 14:41:57.56054+01,gold_establishments_2025,,,,21200352900014,2025,Collectivité Territoriale,Commune,['Haute-Corse'],['Corse'],COM,{2B},{94}
9cdf8d22-4eee-4a24-a2b1-6ec171d74b8d,212003537,Commune de Ville-di-Pietrabugno (2B),false,{2B353},Commune,2026-03-24 14:41:57.56054+01,gold_establishments_2025,,,,21200353700017,2025,Collectivité Territoriale,Commune,['Haute-Corse'],['Corse'],COM,{2B},{94}
9cab39d9-23bf-4ef8-acd0-dd2d3d1845ca,212506208,Commune de Ville-du-Pont (nan),false,{25620},Commune,2026-03-24 14:41:56.495197+01,gold_establishments_2025,,,,21250620800017,2025,Collectivité Territoriale,Commune,[''],[''],COM,,
d918fe51-0435-4510-869c-c8a3807f8233,215203787,Commune de Ville-en-Blaisois (52),false,{52528},Commune,2026-03-24 14:42:01.954481+01,gold_establishments_2025,,,,21520378700019,2025,Collectivité Territoriale,Commune,['Haute-Marne'],['Grand Est'],COM,{52},{44}
cc250cbf-e89c-47d4-96b6-6e7db8defc61,217403047,Commune de Ville-en-Sallaz (74),false,{74304},Commune,2026-03-24 14:42:08.818969+01,gold_establishments_2025,,,,21740304700012,2025,Collectivité Territoriale,Commune,['Haute-Savoie'],['Auvergne-Rhône-Alpes'],COM,{74},{84}
ce40a1d0-87a3-4d26-80e2-c340f6f86b56,215105768,Commune de Ville-en-Selve (51),false,{51623},Commune,2026-03-24 14:42:01.954481+01,gold_establishments_2025,,,,21510576800018,2025,Collectivité Territoriale,Commune,['Marne'],['Grand Est'],COM,{51},{44}
c914eb14-4eef-48bd-8bb5-d90ba143cb7b,215105776,Commune de Ville-en-Tardenois (51),false,{51624},Commune,2026-03-24 14:42:01.954481+01,gold_establishments_2025,,,,21510577600011,2025,Collectivité Territoriale,Commune,['Marne'],['Grand Est'],COM,{51},{44}
9eec901d-2caa-4d44-bee5-ce7406cb6e81,215405713,Commune de Ville-en-Vermois (54),false,{54571},Commune,2026-03-24 14:42:02.957225+01,gold_establishments_2025,,,,21540571300011,2025,Collectivité Territoriale,Commune,['Meurthe-et-Moselle'],['Grand Est'],COM,{54},{44}
22797b1d-644d-448f-96b2-6f69fc770db9,215505579,Commune de Ville-en-Woëvre (55),false,{55557},Commune,2026-03-24 14:42:03.701372+01,gold_establishments_2025,,,,21550557900015,2025,Collectivité Territoriale,Commune,['Meuse'],['Grand Est'],COM,{55},{44}
4c44b1de-2340-4cd2-aa50-36ad2cc51901,217403054,Commune de Ville-la-Grand (74),false,{74305},Commune,2026-03-24 14:42:08.818969+01,gold_establishments_2025,,,,21740305400018,2025,Collectivité Territoriale,Commune,['Haute-Savoie'],['Auvergne-Rhône-Alpes'],COM,{74},{84}
a563d0ad-e893-4d08-9a7c-5af6e05a6042,218007466,Commune de Ville-le-Marclet (80),false,{80795},Commune,2026-03-24 14:42:09.967209+01,gold_establishments_2025,,,,21800746600012,2025,Collectivité Territoriale,Commune,['Somme'],['Hauts-de-France'],COM,{80},{32}
1a384964-b77c-4b40-a348-594acdc8db32,213805567,Commune de Ville-sous-Anjou (38),false,{38556},Commune,2026-03-24 14:41:59.705606+01,gold_establishments_2025,,,,21380556700012,2025,Collectivité Territoriale,Commune,['Isère'],['Auvergne-Rhône-Alpes'],COM,{38},{84}
362375a0-17d1-4d62-b86c-2719cf718762,211003983,Commune de Ville-sous-la-Ferté (10),false,{10426},Commune,2026-03-24 14:41:53.095366+01,gold_establishments_2025,,,,21100398300015,2025,Collectivité Territoriale,Commune,['Aube'],['Grand Est'],COM,{10},{44}
e796f1e1-1a57-4c28-bbbc-6b989518f32e,218007581,Commune de Ville-sur-Ancre (80),false,{80807},Commune,2026-03-24 14:42:09.967209+01,gold_establishments_2025,,,,21800758100018,2025,Collectivité Territoriale,Commune,['Somme'],['Hauts-de-France'],COM,{80},{32}
5fd297b0-3bf4-46f0-99db-910c5bea850e,211003991,Commune de Ville-sur-Arce (10),false,{10427},Commune,2026-03-24 14:41:53.095366+01,gold_establishments_2025,,,,21100399100018,2025,Collectivité Territoriale,Commune,['Aube'],['Grand Est'],COM,{10},{44}
8873bc29-085b-48b5-a2b9-95eaa724596e,215505678,Commune de Ville-sur-Cousances (55),false,{55567},Commune,2026-03-24 14:42:03.701372+01,gold_establishments_2025,,,,21550567800015,2025,Collectivité Territoriale,Commune,['Meuse'],['Grand Est'],COM,{55},{44}
daf8224b-ffa3-46a7-a8ec-7e493349efd5,218805083,Commune de Ville-sur-Illon (88),false,{88508},Commune,2026-03-24 14:42:11.118516+01,gold_establishments_2025,,,,21880508300019,2025,Collectivité Territoriale,Commune,['Vosges'],['Grand Est'],COM,{88},{44}
4c0ad6e2-5bc8-4cc5-8927-a0ce14b402eb,216902650,Commune de Ville-sur-Jarnioux (69),false,{69265},Commune,2026-03-24 14:42:07.735343+01,gold_establishments_2025,,,,21690265000011,2025,Collectivité Territoriale,Commune,['Rhône'],['Auvergne-Rhône-Alpes'],COM,{69},{84}
470b998e-75e0-4935-a1ff-aeb348872571,210804415,Commune de Ville-sur-Lumes (08),false,{08483},Commune,2026-03-24 14:41:53.095366+01,gold_establishments_2025,,,,21080441500011,2025,Collectivité Territoriale,Commune,['Ardennes'],['Grand Est'],COM,{08},{44}
50dd6ace-cae2-46ae-8996-dcdee63fc05f,210804423,Commune de Ville-sur-Retourne (08),false,{08484},Commune,2026-03-24 14:41:53.095366+01,gold_establishments_2025,,,,21080442300015,2025,Collectivité Territoriale,Commune,['Ardennes'],['Grand Est'],COM,{08},{44}
1f4e6356-7c26-4b82-ab25-6efda05d339e,215505686,Commune de Ville-sur-Saulx (55),false,{55568},Commune,2026-03-24 14:42:03.701372+01,gold_establishments_2025,,,,21550568600018,2025,Collectivité Territoriale,Commune,['Meuse'],['Grand Est'],COM,{55},{44}
094aa9d2-3ea6-4195-8a56-d19f4373f45b,211004007,Commune de Ville-sur-Terre (10),false,{10428},Commune,2026-03-24 14:41:53.095366+01,gold_establishments_2025,,,,21100400700012,2025,Collectivité Territoriale,Commune,['Aube'],['Grand Est'],COM,{10},{44}
5a3495e4-0cd9-4933-8a72-5ccc183df5c7,215105933,Commune de Ville-sur-Tourbe (51),false,{51640},Commune,2026-03-24 14:42:01.954481+01,gold_establishments_2025,,,,21510593300018,2025,Collectivité Territoriale,Commune,['Marne'],['Grand Est'],COM,{51},{44}
64c12ce1-1c44-44c3-a621-31561d9452c2,215405812,Commune de Ville-sur-Yron (54),false,{54581},Commune,2026-03-24 14:42:02.957225+01,gold_establishments_2025,,,,21540581200011,2025,Collectivité Territoriale,Commune,['Meurthe-et-Moselle'],['Grand Est'],COM,{54},{44}
3918ae0a-9b87-4bda-adfd-2ee336959874,214102766,Commune de Villebarou (41),false,{41276},Commune,2026-03-24 14:42:00.273698+01,gold_establishments_2025,,,,21410276600018,2025,Collectivité Territoriale,Commune,['Loir-et-Cher'],['Centre-Val de Loire'],COM,{41},{24}
44b55fea-d161-4c69-832f-f1242c35647f,215006370,Commune de Villebaudon (50),false,{50637},Commune,2026-03-24 14:42:01.412377+01,gold_establishments_2025,,,,21500637000013,2025,Collectivité Territoriale,Commune,['Manche'],['Normandie'],COM,{50},{28}
cf08ac66-5c76-4fd9-a702-a3b5ca109d85,211104203,Commune de Villebazy (11),false,{11420},Commune,2026-03-24 14:41:53.63825+01,gold_establishments_2025,,,,21110420300016,2025,Collectivité Territoriale,Commune,['Aude'],['Occitanie'],COM,{11},{76}
4681d8b2-8f2c-439c-a475-9834cfac53f3,214903742,Commune de Villebernier (49),false,{49374},Commune,2026-03-24 14:42:01.412377+01,gold_establishments_2025,,,,21490374200010,2025,Collectivité Territoriale,Commune,['Maine-et-Loire'],['Pays de la Loire'],COM,{49},{52}
9b9acacb-c9ca-4d8a-9ec1-7caa1c235a46,212106900,Commune de Villeberny (21),false,{21690},Commune,2026-03-24 14:41:55.433389+01,gold_establishments_2025,,,,21210690000013,2025,Collectivité Territoriale,Commune,"[""Côte-d'Or""]",['Bourgogne-Franche-Comté'],COM,{21},{27}
383acddd-f47d-4ae1-9434-777b04a04e75,212106918,Commune de Villebichot (21),false,{21691},Commune,2026-03-24 14:41:55.433389+01,gold_establishments_2025,,,,21210691800015,2025,Collectivité Territoriale,Commune,"[""Côte-d'Or""]",['Bourgogne-Franche-Comté'],COM,{21},{27}
f59f1208-69a3-4ff3-bc15-00642c05e6a7,218904498,Commune de Villeblevin (89),false,{89449},Commune,2026-03-24 14:42:11.659493+01,gold_establishments_2025,,,,21890449800019,2025,Collectivité Territoriale,Commune,['Yonne'],['Bourgogne-Franche-Comté'],COM,{89},{27}
ffc9c1e8-1bec-4695-b0a8-438f105c637d,210104444,Commune de Villebois (01),false,{01444},Commune,2026-03-24 14:41:51.447482+01,gold_establishments_2025,,,,21010444400018,2025,Collectivité Territoriale,Commune,['Ain'],['Auvergne-Rhône-Alpes'],COM,{01},{84}
5ac95a96-5b0e-4057-86a7-15a787d98004,211604087,Commune de Villebois-Lavalette (16),false,{16408},Commune,2026-03-24 14:41:54.903238+01,gold_establishments_2025,,,,21160408700018,2025,Collectivité Territoriale,Commune,['Charente'],['Nouvelle-Aquitaine'],COM,{16},{75}
933a78eb-923b-4bcb-830e-ba1e7f348db6,212603740,Commune de Villebois-les-Pins (26),false,{26374},Commune,2026-03-24 14:41:56.495197+01,gold_establishments_2025,,,,21260374000011,2025,Collectivité Territoriale,Commune,['Drôme'],['Auvergne-Rhône-Alpes'],COM,{26},{84}
b87e0075-fac3-46ee-b76c-71d1225b0764,212804140,Commune de Villebon (28),false,{28414},Commune,2026-03-24 14:41:57.028721+01,gold_establishments_2025,,,,21280414000011,2025,Collectivité Territoriale,Commune,['Eure-et-Loir'],['Centre-Val de Loire'],COM,{28},{24}
0c8f6ca0-5d75-4873-ae9c-7e439158b0ef,219106614,Commune de Villebon-sur-Yvette (91),false,{91661},Commune,2026-03-24 14:42:11.659493+01,gold_establishments_2025,,,,21910661400072,2025,Collectivité Territoriale,Commune,['Essonne'],['Île-de-France'],COM,{91},{11}
7740c253-7411-436d-835f-9f28b5aa57eb,218904506,Commune de Villebougis (89),false,{89450},Commune,2026-03-24 14:42:11.659493+01,gold_establishments_2025,,,,21890450600019,2025,Collectivité Territoriale,Commune,['Yonne'],['Bourgogne-Franche-Comté'],COM,{89},{27}
2dea8f7d-c532-47b5-96f8-44c51d226ee8,213702749,Commune de Villebourg (37),false,{37274},Commune,2026-03-24 14:41:59.160244+01,gold_establishments_2025,,,,21370274900010,2025,Collectivité Territoriale,Commune,['Indre-et-Loire'],['Centre-Val de Loire'],COM,{37},{24}
1072e9d4-2676-4e99-8711-32a277270d35,214102774,Commune de Villebout (41),false,{41277},Commune,2026-03-24 14:42:00.273698+01,gold_establishments_2025,,,,21410277400012,2025,Collectivité Territoriale,Commune,['Loir-et-Cher'],['Centre-Val de Loire'],COM,{41},{24}
09dd2a47-4929-4fff-8dff-37a872a7e655,214703191,Commune de Villebramar (47),false,{47319},Commune,2026-03-24 14:42:01.412377+01,gold_establishments_2025,,,,21470319100012,2025,Collectivité Territoriale,Commune,['Lot-et-Garonne'],['Nouvelle-Aquitaine'],COM,{47},{75}
e105dfd7-3d13-49ef-b30b-ebd1bf0b549f,210303145,Commune de Villebret (03),false,{03314},Commune,2026-03-24 14:41:52.020251+01,gold_establishments_2025,,,,21030314500077,2025,Collectivité Territoriale,Commune,['Allier'],['Auvergne-Rhône-Alpes'],COM,{03},{84}
cb66b182-6ba2-4df0-9ca8-6255016495ce,218201945,Commune de Villebrumier (82),false,{82194},Commune,2026-03-24 14:42:10.508772+01,gold_establishments_2025,,,,21820194500019,2025,Collectivité Territoriale,Commune,['Tarn-et-Garonne'],['Occitanie'],COM,{82},{76}
3f4f93cc-79c6-4a17-a8e7-255f8de2c082,217705003,Commune de Villebéon (77),false,{77500},Commune,2026-03-24 14:42:09.43682+01,gold_establishments_2025,,,,21770500300010,2025,Collectivité Territoriale,Commune,['Seine-et-Marne'],['Île-de-France'],COM,{77},{11}
8e18a469-23c6-4748-a858-72cda88cf741,211802830,Commune de Villecelin (18),false,{18283},Commune,2026-03-24 14:41:54.903238+01,gold_establishments_2025,,,,21180283000011,2025,Collectivité Territoriale,Commune,['Cher'],['Centre-Val de Loire'],COM,{18},{24}
2c830fb5-a880-4001-ab37-89c6bf7d1ae1,217705011,Commune de Villecerf (77),false,{77501},Commune,2026-03-24 14:42:09.43682+01,gold_establishments_2025,,,,21770501100013,2025,Collectivité Territoriale,Commune,['Seine-et-Marne'],['Île-de-France'],COM,{77},{11}
999b9e18-1a44-4746-a208-aa7d645a0021,215405705,Commune de Villecey-sur-Mad (54),false,{54570},Commune,2026-03-24 14:42:02.957225+01,gold_establishments_2025,,,,21540570500017,2025,Collectivité Territoriale,Commune,['Meurthe-et-Moselle'],['Grand Est'],COM,{54},{44}
df3eeb09-3327-4c08-8571-da6a775412e8,214102782,Commune de Villechauve (41),false,{41278},Commune,2026-03-24 14:42:00.273698+01,gold_establishments_2025,,,,21410278200015,2025,Collectivité Territoriale,Commune,['Loir-et-Cher'],['Centre-Val de Loire'],COM,{41},{24}
412137ba-51a7-401a-b3aa-3d02c477650f,216902635,Commune de Villechenève (69),false,{69263},Commune,2026-03-24 14:42:07.735343+01,gold_establishments_2025,,,,21690263500012,2025,Collectivité Territoriale,Commune,['Rhône'],['Auvergne-Rhône-Alpes'],COM,{69},{84}
c1194bad-c1b9-4917-9242-cd1153ee3d7b,211004015,Commune de Villechétif (10),false,{10412},Commune,2026-03-24 14:41:53.095366+01,gold_establishments_2025,,,,21100401500072,2025,Collectivité Territoriale,Commune,['Aube'],['Grand Est'],COM,{10},{44}
4ae4be05-7388-49fd-b0b8-7f71594f9fe9,218904514,Commune de Villechétive (89),false,{89451},Commune,2026-03-24 14:42:11.659493+01,gold_establishments_2025,,,,21890451400013,2025,Collectivité Territoriale,Commune,['Yonne'],['Bourgogne-Franche-Comté'],COM,{89},{27}
b4e3d47f-6a27-40c5-8426-6c757be213cc,218904522,Commune de Villecien (89),false,{89452},Commune,2026-03-24 14:42:11.659493+01,gold_establishments_2025,,,,21890452200016,2025,Collectivité Territoriale,Commune,['Yonne'],['Bourgogne-Franche-Comté'],COM,{89},{27}
5c99244f-3880-4263-9130-bc26d7b66882,211202981,Commune de Villecomtal (12),false,{12298},Commune,2026-03-24 14:41:53.63825+01,gold_establishments_2025,,,,21120298100018,2025,Collectivité Territoriale,Commune,['Aveyron'],['Occitanie'],COM,{12},{76}
24b447c4-3861-4dd8-8402-0b3c6485c841,213204647,Commune de Villecomtal-sur-Arros (32),false,{32464},Commune,2026-03-24 14:41:58.09424+01,gold_establishments_2025,,,,21320464700019,2025,Collectivité Territoriale,Commune,['Gers'],['Occitanie'],COM,{32},{76}
1bea9cc3-dd41-4d48-b07d-2a2c7bc62051,212106926,Commune de Villecomte (21),false,{21692},Commune,2026-03-24 14:41:55.433389+01,gold_establishments_2025,,,,21210692600018,2025,Collectivité Territoriale,Commune,"[""Côte-d'Or""]",['Bourgogne-Franche-Comté'],COM,{21},{27}
863f5c00-ee5e-4d27-a513-5c8c60e30045,219106622,Commune de Villeconin (91),false,{91662},Commune,2026-03-24 14:42:11.659493+01,gold_establishments_2025,,,,21910662200018,2025,Collectivité Territoriale,Commune,['Essonne'],['Île-de-France'],COM,{91},{11}
198b6ec7-86fc-4fed-b0eb-301a4fc265f5,218007458,Commune de Villecourt (80),false,{80794},Commune,2026-03-24 14:42:09.967209+01,gold_establishments_2025,,,,21800745800019,2025,Collectivité Territoriale,Commune,['Somme'],['Hauts-de-France'],COM,{80},{32}
0b32634b-9802-4292-b743-9d20f7ee2f46,219400751,Commune de Villecresnes (94),false,{94075},Commune,2026-03-24 14:42:11.659493+01,gold_establishments_2025,,,,21940075100018,2025,Collectivité Territoriale,Commune,['Val-de-Marne'],['Île-de-France'],COM,{94},{11}
15f0928f-c898-45cb-828d-b3673baf4e53,218301497,Commune de Villecroze (83),false,{83149},Commune,2026-03-24 14:42:10.508772+01,gold_establishments_2025,,,,21830149700010,2025,Collectivité Territoriale,Commune,['Var'],"[""Provence-Alpes-Côte d'Azur""]",COM,{83},{93}
f874694a-1856-4710-b4b3-6f0a9e9307c6,211104211,Commune de Villedaigne (11),false,{11421},Commune,2026-03-24 14:41:53.63825+01,gold_establishments_2025,,,,21110421100019,2025,Collectivité Territoriale,Commune,['Aude'],['Occitanie'],COM,{11},{76}
726d2de5-a543-4ec9-89c7-e6a76749361a,211502620,Commune de Villedieu (15),false,{15262},Commune,2026-03-24 14:41:54.362296+01,gold_establishments_2025,,,,21150262000019,2025,Collectivité Territoriale,Commune,['Cantal'],['Auvergne-Rhône-Alpes'],COM,{15},{84}
699bf01a-0ae2-4a7e-946c-c1477dab4c10,212106934,Commune de Villedieu (21),false,{21693},Commune,2026-03-24 14:41:55.433389+01,gold_establishments_2025,,,,21210693400012,2025,Collectivité Territoriale,Commune,"[""Côte-d'Or""]",['Bourgogne-Franche-Comté'],COM,{21},{27}
e5537e01-bfc6-4307-8321-a779527cf23f,218401461,Commune de Villedieu (84),false,{84146},Commune,2026-03-24 14:42:10.508772+01,gold_establishments_2025,,,,21840146100015,2025,Collectivité Territoriale,Commune,['Vaucluse'],"[""Provence-Alpes-Côte d'Azur""]",COM,{84},{93}
61e5b1a4-0647-4bfc-98b4-9a17625a4b16,214102790,Commune de Villedieu-le-Château (41),false,{41279},Commune,2026-03-24 14:42:00.273698+01,gold_establishments_2025,,,,21410279000018,2025,Collectivité Territoriale,Commune,['Loir-et-Cher'],['Centre-Val de Loire'],COM,{41},{24}
ce588433-0a6e-45ca-b954-8bd27b52b9b7,200054732,Commune de Villedieu-les-Poêles-Rouffigny (50),false,{50639},Commune,2026-03-24 14:42:01.412377+01,gold_establishments_2025,,,,20005473200017,2025,Collectivité Territoriale,Commune,['Manche'],['Normandie'],COM,{50},{28}
0199d9df-22b2-4f1d-aa02-8adfa1d9b9c2,216105056,Commune de Villedieu-lès-Bailleul (61),false,{61505},Commune,2026-03-24 14:42:05.597325+01,gold_establishments_2025,,,,21610505600016,2025,Collectivité Territoriale,Commune,['Orne'],['Normandie'],COM,{61},{28}
80af812a-d24c-49cc-a319-ede57ed010e0,213602410,Commune de Villedieu-sur-Indre (36),false,{36241},Commune,2026-03-24 14:41:59.160244+01,gold_establishments_2025,,,,21360241000010,2025,Collectivité Territoriale,Commune,['Indre'],['Centre-Val de Loire'],COM,{36},{24}
e271ac90-04ee-4eef-a97d-935f1d1087e6,211704721,Commune de Villedoux (17),false,{17472},Commune,2026-03-24 14:41:54.903238+01,gold_establishments_2025,,,,21170472100011,2025,Collectivité Territoriale,Commune,['Charente-Maritime'],['Nouvelle-Aquitaine'],COM,{17},{75}
a457e20e-7536-411d-b76b-bc41d15b13da,211104229,Commune de Villedubert (11),false,{11422},Commune,2026-03-24 14:41:53.63825+01,gold_establishments_2025,,,,21110422900011,2025,Collectivité Territoriale,Commune,['Aude'],['Occitanie'],COM,{11},{76}
ec8f9ede-4e55-40fa-baba-63c98bd13c62,213702756,Commune de Villedômain (37),false,{37275},Commune,2026-03-24 14:41:59.160244+01,gold_establishments_2025,,,,21370275600015,2025,Collectivité Territoriale,Commune,['Indre-et-Loire'],['Centre-Val de Loire'],COM,{37},{24}
161468cd-8cc3-4ff7-8709-9fde0de8523e,213702764,Commune de Villedômer (37),false,{37276},Commune,2026-03-24 14:41:59.160244+01,gold_establishments_2025,,,,21370276400019,2025,Collectivité Territoriale,Commune,['Indre-et-Loire'],['Centre-Val de Loire'],COM,{37},{24}
5a47074b-ce84-4b32-90b3-e4c75766bcac,211604095,Commune de Villefagnan (16),false,{16409},Commune,2026-03-24 14:41:54.903238+01,gold_establishments_2025,,,,21160409500011,2025,Collectivité Territoriale,Commune,['Charente'],['Nouvelle-Aquitaine'],COM,{16},{75}
9256a5e6-f16d-4040-813a-bec16de5a512,218904530,Commune de Villefargeau (89),false,{89453},Commune,2026-03-24 14:42:11.659493+01,gold_establishments_2025,,,,21890453000019,2025,Collectivité Territoriale,Commune,['Yonne'],['Bourgogne-Franche-Comté'],COM,{89},{27}
c082dc78-493e-4bfe-a0db-9ad5c44d9a8a,218720605,Commune de Villefavard (87),false,{87206},Commune,2026-03-24 14:42:11.118516+01,gold_establishments_2025,,,,21872060500011,2025,Collectivité Territoriale,Commune,['Haute-Vienne'],['Nouvelle-Aquitaine'],COM,{87},{75}
5255dc12-186c-4305-9531-7ac42cdb813c,212106942,Commune de Villeferry (21),false,{21694},Commune,2026-03-24 14:41:55.433389+01,gold_establishments_2025,,,,21210694200015,2025,Collectivité Territoriale,Commune,"[""Côte-d'Or""]",['Bourgogne-Franche-Comté'],COM,{21},{27}
aba09190-4460-499c-b57a-5fc0dd9ed163,211104237,Commune de Villefloure (11),false,{11423},Commune,2026-03-24 14:41:53.63825+01,gold_establishments_2025,,,,21110423700014,2025,Collectivité Territoriale,Commune,['Aude'],['Occitanie'],COM,{11},{76}
ba411734-bdd9-4031-9810-fada7bdd9170,217903483,Commune de Villefollet (79),false,{79348},Commune,2026-03-24 14:42:09.43682+01,gold_establishments_2025,,,,21790348300014,2025,Collectivité Territoriale,Commune,['Deux-Sèvres'],['Nouvelle-Aquitaine'],COM,{79},{75}
31e8edcf-e9d0-4ad2-962a-4903fed72f0f,213805534,Commune de Villefontaine (38),false,{38553},Commune,2026-03-24 14:41:59.705606+01,gold_establishments_2025,,,,21380553400012,2025,Collectivité Territoriale,Commune,['Isère'],['Auvergne-Rhône-Alpes'],COM,{38},{84}
b2674f50-cc38-45c9-8c99-80e491727402,211104245,Commune de Villefort (11),false,{11424},Commune,2026-03-24 14:41:53.63825+01,gold_establishments_2025,,,,21110424500017,2025,Collectivité Territoriale,Commune,['Aude'],['Occitanie'],COM,{11},{76}
300b7f1f-d881-4353-a55f-a36bd45dfa22,214801987,Commune de Villefort (48),false,{48198},Commune,2026-03-24 14:42:01.412377+01,gold_establishments_2025,,,,21480198700014,2025,Collectivité Territoriale,Commune,['Lozère'],['Occitanie'],COM,{48},{76}
ba598138-57fe-42c9-8071-5513795608e4,218103174,Commune de Villefranche-d'Albigeois (81),false,{81317},Commune,2026-03-24 14:42:10.508772+01,gold_establishments_2025,,,,21810317400015,2025,Collectivité Territoriale,Commune,['Tarn'],['Occitanie'],COM,{81},{76}
0d0ccc80-a7ac-482f-ac38-0e2a690d3ffa,210303152,Commune de Villefranche-d'Allier (03),false,{03315},Commune,2026-03-24 14:41:52.020251+01,gold_establishments_2025,,,,21030315200016,2025,Collectivité Territoriale,Commune,['Allier'],['Auvergne-Rhône-Alpes'],COM,{03},{84}
1e957966-e7d6-4568-a386-792188d53c00,213204654,Commune de Villefranche-d'Astarac (32),false,{32465},Commune,2026-03-24 14:41:58.09424+01,gold_establishments_2025,,,,21320465400015,2025,Collectivité Territoriale,Commune,['Gers'],['Occitanie'],COM,{32},{76}
47e0b5d9-62d1-4761-a902-dbb686856ec8,216602235,Commune de Villefranche-de-Conflent (66),false,{66223},Commune,2026-03-24 14:42:06.665412+01,gold_establishments_2025,,,,21660223500014,2025,Collectivité Territoriale,Commune,['Pyrénées-Orientales'],['Occitanie'],COM,{66},{76}
d9ae1f86-a363-40b0-9076-d9bcfab3331b,213105828,Commune de Villefranche-de-Lauragais (31),false,{31582},Commune,2026-03-24 14:41:58.09424+01,gold_establishments_2025,,,,21310582800015,2025,Collectivité Territoriale,Commune,['Haute-Garonne'],['Occitanie'],COM,{31},{76}
207f904e-6f69-40d5-872f-b4c127cb1ba0,212405849,Commune de Villefranche-de-Lonchat (24),false,{24584},Commune,2026-03-24 14:41:55.958138+01,gold_establishments_2025,,,,21240584900010,2025,Collectivité Territoriale,Commune,['Dordogne'],['Nouvelle-Aquitaine'],COM,{24},{75}
310adb20-6170-4992-80b2-c6ba8e70e7ed,211202999,Commune de Villefranche-de-Panat (12),false,{12299},Commune,2026-03-24 14:41:53.63825+01,gold_establishments_2025,,,,21120299900010,2025,Collectivité Territoriale,Commune,['Aveyron'],['Occitanie'],COM,{12},{76}
b4a1e408-434f-4c51-9ee0-6c49584ed0ac,211203005,Commune de Villefranche-de-Rouergue (12),false,{12300},Commune,2026-03-24 14:41:53.63825+01,gold_establishments_2025,,,,21120300500015,2025,Collectivité Territoriale,Commune,['Aveyron'],['Occitanie'],COM,{12},{76}
60716b45-083c-4445-b4ee-a087c752dcb7,212405856,Commune de Villefranche-du-Périgord (24),false,{24585},Commune,2026-03-24 14:41:55.958138+01,gold_establishments_2025,,,,21240585600015,2025,Collectivité Territoriale,Commune,['Dordogne'],['Nouvelle-Aquitaine'],COM,{24},{75}
8068af7f-64c0-4227-af4f-fc6926711bda,214703209,Commune de Villefranche-du-Queyran (47),false,{47320},Commune,2026-03-24 14:42:01.412377+01,gold_establishments_2025,,,,21470320900012,2025,Collectivité Territoriale,Commune,['Lot-et-Garonne'],['Nouvelle-Aquitaine'],COM,{47},{75}
82882435-9535-4554-9c36-714e746186a3,212603757,Commune de Villefranche-le-Château (26),false,{26375},Commune,2026-03-24 14:41:56.495197+01,gold_establishments_2025,,,,21260375700015,2025,Collectivité Territoriale,Commune,['Drôme'],['Auvergne-Rhône-Alpes'],COM,{26},{84}
99164e97-4dc9-47f0-8a88-6fcaa6699269,214102808,Commune de Villefranche-sur-Cher (41),false,{41280},Commune,2026-03-24 14:42:00.273698+01,gold_establishments_2025,,,,21410280800018,2025,Collectivité Territoriale,Commune,['Loir-et-Cher'],['Centre-Val de Loire'],COM,{41},{24}
db3cc61d-4a26-4275-b3c9-5a4db78cd0fc,210601597,Commune de Villefranche-sur-Mer (06),false,{06159},Commune,2026-03-24 14:41:52.562531+01,gold_establishments_2025,,,,21060159700011,2025,Collectivité Territoriale,Commune,['Alpes-Maritimes'],"[""Provence-Alpes-Côte d'Azur""]",COM,{06},{93}
a1d713b5-74de-408f-aed6-b4aa23b601a3,216902643,Commune de Villefranche-sur-Saône (69),false,{69264},Commune,2026-03-24 14:42:07.735343+01,gold_establishments_2025,,,,21690264300016,2025,Collectivité Territoriale,Commune,['Rhône'],['Auvergne-Rhône-Alpes'],COM,{69},{84}
e1706669-4bd7-42ef-8e92-c2f9b0399b7f,217005578,Commune de Villefrancon (nan),false,{70557},Commune,2026-03-24 14:42:07.735343+01,gold_establishments_2025,,,,21700557800018,2025,Collectivité Territoriale,Commune,[''],[''],COM,,
5a64197b-2f7a-4bd5-b27a-21e15cb62cbc,214102816,Commune de Villefrancœur (41),false,{41281},Commune,2026-03-24 14:42:00.273698+01,gold_establishments_2025,,,,21410281600011,2025,Collectivité Territoriale,Commune,['Loir-et-Cher'],['Centre-Val de Loire'],COM,{41},{24}
e9a1b05a-72c9-4b72-8bce-a652b173ab84,216405589,Commune de Villefranque (64),false,{64558},Commune,2026-03-24 14:42:06.665412+01,gold_establishments_2025,,,,21640558900013,2025,Collectivité Territoriale,Commune,['Pyrénées-Atlantiques'],['Nouvelle-Aquitaine'],COM,{64},{75}
bdaaabf2-b639-4574-b82a-ae7d00348a85,216504720,Commune de Villefranque (65),false,{65472},Commune,2026-03-24 14:42:06.665412+01,gold_establishments_2025,,,,21650472000014,2025,Collectivité Territoriale,Commune,['Hautes-Pyrénées'],['Occitanie'],COM,{65},{76}
8f803b91-1ab5-4bff-8543-95e13ce57a21,211104252,Commune de Villegailhenc (11),false,{11425},Commune,2026-03-24 14:41:53.63825+01,gold_establishments_2025,,,,21110425200013,2025,Collectivité Territoriale,Commune,['Aude'],['Occitanie'],COM,{11},{76}
41bf3b22-72c3-4281-b0d3-94e0f95cb35b,212706899,Commune de Villegats (27),false,{27689},Commune,2026-03-24 14:41:57.028721+01,gold_establishments_2025,,,,21270689900011,2025,Collectivité Territoriale,Commune,['Eure'],['Normandie'],COM,{27},{28}
4e5cc324-ccf3-4e90-bdcc-2cc2ab073624,217105774,Commune de Villegaudin (71),false,{71577},Commune,2026-03-24 14:42:08.279287+01,gold_establishments_2025,,,,21710577400012,2025,Collectivité Territoriale,Commune,['Saône-et-Loire'],['Bourgogne-Franche-Comté'],COM,{71},{27}
23e3d401-4860-4e48-ae2b-cf50d95d5c97,211802848,Commune de Villegenon (18),false,{18284},Commune,2026-03-24 14:41:54.903238+01,gold_establishments_2025,,,,21180284800013,2025,Collectivité Territoriale,Commune,['Cher'],['Centre-Val de Loire'],COM,{18},{24}
e61405dd-4f43-41c7-ae99-c42534fb6e22,211104260,Commune de Villegly (11),false,{11426},Commune,2026-03-24 14:41:53.63825+01,gold_establishments_2025,,,,21110426000099,2025,Collectivité Territoriale,Commune,['Aude'],['Occitanie'],COM,{11},{76}
f72caf67-0946-4bde-bd1a-7b03848490ff,213602428,Commune de Villegongis (36),false,{36242},Commune,2026-03-24 14:41:59.160244+01,gold_establishments_2025,,,,21360242800012,2025,Collectivité Territoriale,Commune,['Indre'],['Centre-Val de Loire'],COM,{36},{24}
dd2115d0-240b-4fd2-a7fd-4ecb50f9e464,213305485,Commune de Villegouge (33),false,{33548},Commune,2026-03-24 14:41:58.620411+01,gold_establishments_2025,,,,21330548500012,2025,Collectivité Territoriale,Commune,['Gironde'],['Nouvelle-Aquitaine'],COM,{33},{75}
f9ce7efe-f73b-4810-bb0e-3a4fbe0a38ea,213602436,Commune de Villegouin (36),false,{36243},Commune,2026-03-24 14:41:59.160244+01,gold_establishments_2025,,,,21360243600015,2025,Collectivité Territoriale,Commune,['Indre'],['Centre-Val de Loire'],COM,{36},{24}
b39effa1-3f72-4667-bf12-85dcdf5ea7b3,200056638,Commune de Villegusien-le-Lac (52),false,{52529},Commune,2026-03-24 14:42:01.954481+01,gold_establishments_2025,,,,20005663800014,2025,Collectivité Territoriale,Commune,['Haute-Marne'],['Grand Est'],COM,{52},{44}
836ea3a0-11a1-4394-bf8e-369dbf5b5306,214102824,Commune de Villeherviers (41),false,{41282},Commune,2026-03-24 14:42:00.273698+01,gold_establishments_2025,,,,21410282400015,2025,Collectivité Territoriale,Commune,['Loir-et-Cher'],['Centre-Val de Loire'],COM,{41},{24}
23ab4ded-0d84-4a7a-926b-d69731c55177,211604129,Commune de Villejoubert (16),false,{16412},Commune,2026-03-24 14:41:54.903238+01,gold_establishments_2025,,,,21160412900018,2025,Collectivité Territoriale,Commune,['Charente'],['Nouvelle-Aquitaine'],COM,{16},{75}
49e72847-331f-4fa8-8d4b-ec644bec45ce,219400769,Commune de Villejuif (94),false,{94076},Commune,2026-03-24 14:42:11.659493+01,gold_establishments_2025,,,,21940076900010,2025,Collectivité Territoriale,Commune,['Val-de-Marne'],['Île-de-France'],COM,{94},{11}
35955413-5a43-4538-994b-c08226065e9f,219106663,Commune de Villejust (91),false,{91666},Commune,2026-03-24 14:42:11.659493+01,gold_establishments_2025,,,,21910666300012,2025,Collectivité Territoriale,Commune,['Essonne'],['Île-de-France'],COM,{91},{11}
b2ca02f3-0471-4635-a5f1-a8f810651d38,218401479,Commune de Villelaure (84),false,{84147},Commune,2026-03-24 14:42:10.508772+01,gold_establishments_2025,,,,21840147900017,2025,Collectivité Territoriale,Commune,['Vaucluse'],"[""Provence-Alpes-Côte d'Azur""]",COM,{84},{93}
a25dd78b-8bd1-449d-86c5-d7d0d4968e7e,213702772,Commune de Villeloin-Coulangé (37),false,{37277},Commune,2026-03-24 14:41:59.160244+01,gold_establishments_2025,,,,21370277200012,2025,Collectivité Territoriale,Commune,['Indre-et-Loire'],['Centre-Val de Loire'],COM,{37},{24}
997fc9a8-210a-4509-8268-64646d3121fd,216504738,Commune de Villelongue (65),false,{65473},Commune,2026-03-24 14:42:06.665412+01,gold_establishments_2025,,,,21650473800016,2025,Collectivité Territoriale,Commune,['Hautes-Pyrénées'],['Occitanie'],COM,{65},{76}
d5627bf6-c6e6-476c-b1c6-eba28f06d7c9,211104278,Commune de Villelongue-d'Aude (11),false,{11427},Commune,2026-03-24 14:41:53.63825+01,gold_establishments_2025,,,,21110427800018,2025,Collectivité Territoriale,Commune,['Aude'],['Occitanie'],COM,{11},{76}
b5b7347f-8e74-42b1-861f-5a3aa79e105b,216602243,Commune de Villelongue-de-la-Salanque (66),false,{66224},Commune,2026-03-24 14:42:06.665412+01,gold_establishments_2025,,,,21660224300018,2025,Collectivité Territoriale,Commune,['Pyrénées-Orientales'],['Occitanie'],COM,{66},{76}
02d5a0fa-2214-4648-90c8-8e380de7d30c,216602250,Commune de Villelongue-dels-Monts (66),false,{66225},Commune,2026-03-24 14:42:06.665412+01,gold_establishments_2025,,,,21660225000013,2025,Collectivité Territoriale,Commune,['Pyrénées-Orientales'],['Occitanie'],COM,{66},{76}
ee315bad-edf6-4106-a870-71f13342727c,211004023,Commune de Villeloup (10),false,{10414},Commune,2026-03-24 14:41:53.095366+01,gold_establishments_2025,,,,21100402300019,2025,Collectivité Territoriale,Commune,['Aube'],['Grand Est'],COM,{10},{44}
3b317632-7d1f-46b5-89f0-6d4eb3ef7232,218201952,Commune de Villemade (82),false,{82195},Commune,2026-03-24 14:42:10.508772+01,gold_establishments_2025,,,,21820195200015,2025,Collectivité Territoriale,Commune,['Tarn-et-Garonne'],['Occitanie'],COM,{82},{76}
78b35498-4adf-422c-a5ca-b31502fb159d,211104286,Commune de Villemagne (11),false,{11428},Commune,2026-03-24 14:41:53.63825+01,gold_establishments_2025,,,,21110428600011,2025,Collectivité Territoriale,Commune,['Aude'],['Occitanie'],COM,{11},{76}
d560f6d0-11a7-4fb9-8900-195178c8bf1a,213403355,Commune de Villemagne-l'Argentière (34),false,{34335},Commune,2026-03-24 14:41:58.620411+01,gold_establishments_2025,,,,21340335500018,2025,Collectivité Territoriale,Commune,['Hérault'],['Occitanie'],COM,{34},{76}
436f1fce-bab0-43cc-ace7-6d4e4d2a60da,217903491,Commune de Villemain (79),false,{79349},Commune,2026-03-24 14:42:09.43682+01,gold_establishments_2025,,,,21790349100017,2025,Collectivité Territoriale,Commune,['Deux-Sèvres'],['Nouvelle-Aquitaine'],COM,{79},{75}
79e397a4-f4dc-4610-9d20-2fcba8da0f75,214503385,Commune de Villemandeur (45),false,{45338},Commune,2026-03-24 14:42:00.862623+01,gold_establishments_2025,,,,21450338500012,2025,Collectivité Territoriale,Commune,['Loiret'],['Centre-Val de Loire'],COM,{45},{24}
1bdb433a-340d-4d58-8b7b-df48065a07c5,218904563,Commune de Villemanoche (89),false,{89456},Commune,2026-03-24 14:42:11.659493+01,gold_establishments_2025,,,,21890456300010,2025,Collectivité Territoriale,Commune,['Yonne'],['Bourgogne-Franche-Comté'],COM,{89},{27}
a2c35c29-f9ca-40a2-bfbf-2da9a8d70c2f,214102832,Commune de Villemardy (41),false,{41283},Commune,2026-03-24 14:42:00.273698+01,gold_establishments_2025,,,,21410283200018,2025,Collectivité Territoriale,Commune,['Loir-et-Cher'],['Centre-Val de Loire'],COM,{41},{24}
0c74d561-3a88-4a50-9b10-ac68f21a3cc3,217705052,Commune de Villemareuil (77),false,{77505},Commune,2026-03-24 14:42:09.43682+01,gold_establishments_2025,,,,21770505200017,2025,Collectivité Territoriale,Commune,['Seine-et-Marne'],['Île-de-France'],COM,{77},{11}
ea1a7dec-cb6f-424f-84c3-1e169f0a5fae,200086478,Commune de Villemaréchal (77),false,{77504},Commune,2026-03-24 14:42:09.43682+01,gold_establishments_2025,,,,20008647800019,2025,Collectivité Territoriale,Commune,['Seine-et-Marne'],['Île-de-France'],COM,{77},{11}
62a3f86b-8e0e-48ff-b807-7edaaed4def1,213105836,Commune de Villematier (31),false,{31583},Commune,2026-03-24 14:41:58.09424+01,gold_establishments_2025,,,,21310583600018,2025,Collectivité Territoriale,Commune,['Haute-Garonne'],['Occitanie'],COM,{31},{76}
9f65e3fa-0f46-46e3-b884-4db26819636d,200064723,Commune de Villemaury (28),false,{28330},Commune,2026-03-24 14:41:57.028721+01,gold_establishments_2025,,,,20006472300014,2025,Collectivité Territoriale,Commune,['Eure-et-Loir'],['Centre-Val de Loire'],COM,{28},{24}
0f2d83dc-8a0f-4750-9ec9-8d7b1ff9bff5,216504746,Commune de Villembits (65),false,{65474},Commune,2026-03-24 14:42:06.665412+01,gold_establishments_2025,,,,21650474600019,2025,Collectivité Territoriale,Commune,['Hautes-Pyrénées'],['Occitanie'],COM,{65},{76}
258fab13-fe75-44c1-aa33-c7264731467e,216006684,Commune de Villembray (60),false,{60677},Commune,2026-03-24 14:42:04.814328+01,gold_establishments_2025,,,,21600668400015,2025,Collectivité Territoriale,Commune,['Oise'],['Hauts-de-France'],COM,{60},{32}
b09b7939-1cba-4fe0-9739-0093e235c2e7,217705060,Commune de Villemer (77),false,{77506},Commune,2026-03-24 14:42:09.43682+01,gold_establishments_2025,,,,21770506000010,2025,Collectivité Territoriale,Commune,['Seine-et-Marne'],['Île-de-France'],COM,{77},{11}
dba15c26-d975-4b65-8602-8c0241f90377,211004049,Commune de Villemereuil (10),false,{10416},Commune,2026-03-24 14:41:53.095366+01,gold_establishments_2025,,,,21100404900014,2025,Collectivité Territoriale,Commune,['Aube'],['Grand Est'],COM,{10},{44}
b8673c22-982b-4f8f-88c7-47b7349a7c8d,212804157,Commune de Villemeux-sur-Eure (28),false,{28415},Commune,2026-03-24 14:41:57.028721+01,gold_establishments_2025,,,,21280415700015,2025,Collectivité Territoriale,Commune,['Eure-et-Loir'],['Centre-Val de Loire'],COM,{28},{24}
2dfb25e9-bb8d-4002-9b21-718dd528291a,213805542,Commune de Villemoirieu (38),false,{38554},Commune,2026-03-24 14:41:59.705606+01,gold_establishments_2025,,,,21380554200015,2025,Collectivité Territoriale,Commune,['Isère'],['Auvergne-Rhône-Alpes'],COM,{38},{84}
e08a34dc-ac5a-4f02-9033-cbfb3940bf46,211004056,Commune de Villemoiron-en-Othe (10),false,{10417},Commune,2026-03-24 14:41:53.095366+01,gold_establishments_2025,,,,21100405600019,2025,Collectivité Territoriale,Commune,['Aube'],['Grand Est'],COM,{10},{44}
894bf604-f911-4a9d-b35e-5e824b71a544,219106671,Commune de Villemoisson-sur-Orge (91),false,{91667},Commune,2026-03-24 14:42:11.659493+01,gold_establishments_2025,,,,21910667100015,2025,Collectivité Territoriale,Commune,['Essonne'],['Île-de-France'],COM,{91},{11}
9204008e-e392-4f36-bca1-7a15d47cb79a,216602268,Commune de Villemolaque (66),false,{66226},Commune,2026-03-24 14:42:06.665412+01,gold_establishments_2025,,,,21660226800015,2025,Collectivité Territoriale,Commune,['Pyrénées-Orientales'],['Occitanie'],COM,{66},{76}
c35498d9-7b1f-449d-a916-d3c675383705,219300779,Commune de Villemomble (93),false,{93077},Commune,2026-03-24 14:42:11.659493+01,gold_establishments_2025,,,,21930077900200,2025,Collectivité Territoriale,Commune,['Seine-Saint-Denis'],['Île-de-France'],COM,{93},{11}
f9f39753-eba7-430b-9689-bdcbb65fbab8,214203317,Commune de Villemontais (42),false,{42331},Commune,2026-03-24 14:42:00.273698+01,gold_establishments_2025,,,,21420331700018,2025,Collectivité Territoriale,Commune,['Loire'],['Auvergne-Rhône-Alpes'],COM,{42},{84}
a423b237-c9c3-4241-b50d-e0353153d2b4,210207775,Commune de Villemontoire (02),false,{02804},Commune,2026-03-24 14:41:52.020251+01,gold_establishments_2025,,,,21020777500011,2025,Collectivité Territoriale,Commune,['Aisne'],['Hauts-de-France'],COM,{02},{32}
89151111-bec4-439b-b93f-db66b46bdda3,211004064,Commune de Villemorien (10),false,{10418},Commune,2026-03-24 14:41:53.095366+01,gold_establishments_2025,,,,21100406400013,2025,Collectivité Territoriale,Commune,['Aube'],['Grand Est'],COM,{10},{44}
b362521a-be8a-4ebb-80c2-2b5546ce0d6c,211704739,Commune de Villemorin (17),false,{17473},Commune,2026-03-24 14:41:54.903238+01,gold_establishments_2025,,,,21170473900013,2025,Collectivité Territoriale,Commune,['Charente-Maritime'],['Nouvelle-Aquitaine'],COM,{17},{75}
a9107e2f-f282-4a70-80ea-a4d6eb53611a,218602910,Commune de Villemort (86),false,{86291},Commune,2026-03-24 14:42:11.118516+01,gold_establishments_2025,,,,21860291000018,2025,Collectivité Territoriale,Commune,['Vienne'],['Nouvelle-Aquitaine'],COM,{86},{75}
3f17ced4-aa72-4192-a330-cbb89f9e7b02,210104451,Commune de Villemotier (01),false,{01445},Commune,2026-03-24 14:41:51.447482+01,gold_establishments_2025,,,,21010445100013,2025,Collectivité Territoriale,Commune,['Ain'],['Auvergne-Rhône-Alpes'],COM,{01},{84}
9c32b2a9-7596-4084-914c-aa922b6f4ed7,211104294,Commune de Villemoustaussou (11),false,{11429},Commune,2026-03-24 14:41:53.63825+01,gold_establishments_2025,,,,21110429400015,2025,Collectivité Territoriale,Commune,['Aude'],['Occitanie'],COM,{11},{76}
d3ad585f-7e83-43af-92ac-2a6d42dbf5fc,214503393,Commune de Villemoutiers (45),false,{45339},Commune,2026-03-24 14:42:00.862623+01,gold_establishments_2025,,,,21450339300016,2025,Collectivité Territoriale,Commune,['Loiret'],['Centre-Val de Loire'],COM,{45},{24}
7102c6f2-4b3d-4ef6-acd1-579a02f06274,211004072,Commune de Villemoyenne (10),false,{10419},Commune,2026-03-24 14:41:53.095366+01,gold_establishments_2025,,,,21100407200016,2025,Collectivité Territoriale,Commune,['Aube'],['Grand Est'],COM,{10},{44}
83ba8ce4-612f-432d-95df-a3c36876bc91,216504753,Commune de Villemur (65),false,{65475},Commune,2026-03-24 14:42:06.665412+01,gold_establishments_2025,,,,21650475300015,2025,Collectivité Territoriale,Commune,['Hautes-Pyrénées'],['Occitanie'],COM,{65},{76}
138023c0-e9fa-4895-986b-ab0e7cad64c6,213105844,Commune de Villemur-sur-Tarn (31),false,{31584},Commune,2026-03-24 14:41:58.09424+01,gold_establishments_2025,,,,21310584400012,2025,Collectivité Territoriale,Commune,['Haute-Garonne'],['Occitanie'],COM,{31},{76}
285e571b-c690-4c20-9d70-8b51da5c391d,214503401,Commune de Villemurlin (45),false,{45340},Commune,2026-03-24 14:42:00.862623+01,gold_establishments_2025,,,,21450340100017,2025,Collectivité Territoriale,Commune,['Loiret'],['Centre-Val de Loire'],COM,{45},{24}
4bd26af3-f569-4b76-896e-3c0b2cc8085d,210402418,Commune de Villemus (04),false,{04241},Commune,2026-03-24 14:41:52.562531+01,gold_establishments_2025,,,,21040241800011,2025,Collectivité Territoriale,Commune,['Alpes-de-Haute-Provence'],"[""Provence-Alpes-Côte d'Azur""]",COM,{04},{93}
b2887542-ff88-46e2-98c8-edb6c4c54507,211004080,Commune de Villenauxe-la-Grande (10),false,{10420},Commune,2026-03-24 14:41:53.095366+01,gold_establishments_2025,,,,21100408000019,2025,Collectivité Territoriale,Commune,['Aube'],['Grand Est'],COM,{10},{44}
19215079-ed9c-47e3-89a7-b16b39c66f9b,217705078,Commune de Villenauxe-la-Petite (77),false,{77507},Commune,2026-03-24 14:42:09.43682+01,gold_establishments_2025,,,,21770507800012,2025,Collectivité Territoriale,Commune,['Seine-et-Marne'],['Île-de-France'],COM,{77},{11}
df01420e-1769-465a-92b4-11d60736a7a4,214003303,Commune de Villenave (40),false,{40330},Commune,2026-03-24 14:41:59.705606+01,gold_establishments_2025,,,,21400330300010,2025,Collectivité Territoriale,Commune,['Landes'],['Nouvelle-Aquitaine'],COM,{40},{75}
01d22230-ef6d-4862-93eb-0f73c5d0a475,213305501,Commune de Villenave-d'Ornon (33),false,{33550},Commune,2026-03-24 14:41:58.620411+01,gold_establishments_2025,,,,21330550100016,2025,Collectivité Territoriale,Commune,['Gironde'],['Nouvelle-Aquitaine'],COM,{33},{75}
aa11fd26-a1ee-41c2-b2f9-b10734661bf2,213305493,Commune de Villenave-de-Rions (33),false,{33549},Commune,2026-03-24 14:41:58.620411+01,gold_establishments_2025,,,,21330549300016,2025,Collectivité Territoriale,Commune,['Gironde'],['Nouvelle-Aquitaine'],COM,{33},{75}
298ed3be-43cb-4a8a-af3e-fc531d391ed6,216504761,Commune de Villenave-près-Béarn (65),false,{65476},Commune,2026-03-24 14:42:06.665412+01,gold_establishments_2025,,,,21650476100018,2025,Collectivité Territoriale,Commune,['Hautes-Pyrénées'],['Occitanie'],COM,{65},{76}
117e1783-7412-4f28-a867-5307ebb6ba76,216504779,Commune de Villenave-près-Marsac (65),false,{65477},Commune,2026-03-24 14:42:06.665412+01,gold_establishments_2025,,,,21650477900010,2025,Collectivité Territoriale,Commune,['Hautes-Pyrénées'],['Occitanie'],COM,{65},{76}
35b0c271-40f8-46ce-b501-a5e1967866e8,218904589,Commune de Villenavotte (89),false,{89458},Commune,2026-03-24 14:42:11.659493+01,gold_establishments_2025,,,,21890458900015,2025,Collectivité Territoriale,Commune,['Yonne'],['Bourgogne-Franche-Comté'],COM,{89},{27}
cd9d53ac-d563-4acb-89b4-4c7d9e070f52,210104469,Commune de Villeneuve (01),false,{01446},Commune,2026-03-24 14:41:51.447482+01,gold_establishments_2025,,,,21010446900015,2025,Collectivité Territoriale,Commune,['Ain'],['Auvergne-Rhône-Alpes'],COM,{01},{84}
e99c80f2-7de2-4b86-bf00-e13e7845c26d,210402426,Commune de Villeneuve (04),false,{04242},Commune,2026-03-24 14:41:52.562531+01,gold_establishments_2025,,,,21040242600014,2025,Collectivité Territoriale,Commune,['Alpes-de-Haute-Provence'],"[""Provence-Alpes-Côte d'Azur""]",COM,{04},{93}
f7770cbc-83af-4a09-9aea-f130673e1bdb,210903357,Commune de Villeneuve (09),false,{09335},Commune,2026-03-24 14:41:53.095366+01,gold_establishments_2025,,,,21090335700015,2025,Collectivité Territoriale,Commune,['Ariège'],['Occitanie'],COM,{09},{76}
e32ea2c8-1f36-4770-8765-cced3a9e109f,211203013,Commune de Villeneuve (12),false,{12301},Commune,2026-03-24 14:41:53.63825+01,gold_establishments_2025,,,,21120301300019,2025,Collectivité Territoriale,Commune,['Aveyron'],['Occitanie'],COM,{12},{76}
418a06c9-c3db-411a-ba2e-4b45152922ad,213305519,Commune de Villeneuve (33),false,{33551},Commune,2026-03-24 14:41:58.620411+01,gold_establishments_2025,,,,21330551900018,2025,Collectivité Territoriale,Commune,['Gironde'],['Nouvelle-Aquitaine'],COM,{33},{75}
04f677ff-f722-46a3-81ad-d3f7c7bf6fd0,216304584,Commune de Villeneuve (63),false,{63458},Commune,2026-03-24 14:42:06.130387+01,gold_establishments_2025,,,,21630458400016,2025,Collectivité Territoriale,Commune,['Puy-de-Dôme'],['Auvergne-Rhône-Alpes'],COM,{63},{84}
214683a4-5bcb-43cd-8690-80515ba4f871,214102840,Commune de Villeneuve-Frouville (41),false,{41284},Commune,2026-03-24 14:42:00.273698+01,gold_establishments_2025,,,,21410284000011,2025,Collectivité Territoriale,Commune,['Loir-et-Cher'],['Centre-Val de Loire'],COM,{41},{24}
69c4eac1-5ee1-4569-b20f-4a578f324d30,210601613,Commune de Villeneuve-Loubet (06),false,{06161},Commune,2026-03-24 14:41:52.562531+01,gold_establishments_2025,,,,21060161300016,2025,Collectivité Territoriale,Commune,['Alpes-Maritimes'],"[""Provence-Alpes-Côte d'Azur""]",COM,{06},{93}
9015a150-4cfc-407d-a5f6-13d0bdfdcd2f,213105869,Commune de Villeneuve-Lécussan (31),false,{31586},Commune,2026-03-24 14:41:58.09424+01,gold_establishments_2025,,,,21310586900019,2025,Collectivité Territoriale,Commune,['Haute-Garonne'],['Occitanie'],COM,{31},{76}
2de5849c-1b7a-41c5-9d83-fadbbbcd4caf,211104336,Commune de Villeneuve-Minervois (11),false,{11433},Commune,2026-03-24 14:41:53.63825+01,gold_establishments_2025,,,,21110433600014,2025,Collectivité Territoriale,Commune,['Aude'],['Occitanie'],COM,{11},{76}
fde2c438-b7a9-4956-9923-6f91f3a2fae9,215105800,Commune de Villeneuve-Renneville-Chevigny (51),false,{51627},Commune,2026-03-24 14:42:01.954481+01,gold_establishments_2025,,,,21510580000019,2025,Collectivité Territoriale,Commune,['Marne'],['Grand Est'],COM,{51},{44}
f7ca921c-efd0-4477-b233-6a9908768ecc,217705102,Commune de Villeneuve-Saint-Denis (77),false,{77510},Commune,2026-03-24 14:42:09.43682+01,gold_establishments_2025,,,,21770510200010,2025,Collectivité Territoriale,Commune,['Seine-et-Marne'],['Île-de-France'],COM,{77},{11}
d25761df-6b2b-4a82-8dbc-f3a7ba473702,219400785,Commune de Villeneuve-Saint-Georges (94),false,{94078},Commune,2026-03-24 14:42:11.659493+01,gold_establishments_2025,,,,21940078500016,2025,Collectivité Territoriale,Commune,['Val-de-Marne'],['Île-de-France'],COM,{94},{11}
dfe6c210-f544-468d-90bc-08477a2c2c32,210207783,Commune de Villeneuve-Saint-Germain (02),false,{02805},Commune,2026-03-24 14:41:52.020251+01,gold_establishments_2025,,,,21020778300015,2025,Collectivité Territoriale,Commune,['Aisne'],['Hauts-de-France'],COM,{02},{32}
2551f027-c58d-43df-af94-9bc7cb356f73,218904639,Commune de Villeneuve-Saint-Salves (89),false,{89463},Commune,2026-03-24 14:42:11.659493+01,gold_establishments_2025,,,,21890463900018,2025,Collectivité Territoriale,Commune,['Yonne'],['Bourgogne-Franche-Comté'],COM,{89},{27}
594f7c01-0044-4426-a69f-ea353c836cb2,215105818,Commune de Villeneuve-Saint-Vistre-et-Villevotte (51),false,{51628},Commune,2026-03-24 14:42:01.954481+01,gold_establishments_2025,,,,21510581800011,2025,Collectivité Territoriale,Commune,['Marne'],['Grand Est'],COM,{51},{44}
18c24fa4-7ebc-4cc5-801c-ef7286de5e45,213105885,Commune de Villeneuve-Tolosane (31),false,{31588},Commune,2026-03-24 14:41:58.09424+01,gold_establishments_2025,,,,21310588500015,2025,Collectivité Territoriale,Commune,['Haute-Garonne'],['Occitanie'],COM,{31},{76}
4be42b35-e2fa-4db7-976a-a31e0d7fcc3f,211004106,Commune de Villeneuve-au-Chemin (10),false,{10422},Commune,2026-03-24 14:41:53.095366+01,gold_establishments_2025,,,,21100410600012,2025,Collectivité Territoriale,Commune,['Aube'],['Grand Est'],COM,{10},{44}
26c41df9-299e-4d2d-9411-ae6e06f68f51,214302648,Commune de Villeneuve-d'Allier (43),false,{43264},Commune,2026-03-24 14:42:00.273698+01,gold_establishments_2025,,,,21430264800016,2025,Collectivité Territoriale,Commune,['Haute-Loire'],['Auvergne-Rhône-Alpes'],COM,{43},{84}
9e853aaa-1b3f-447f-bc63-9d1bc0c3581a,212506216,Commune de Villeneuve-d'Amont (25),false,{25621},Commune,2026-03-24 14:41:56.495197+01,gold_establishments_2025,,,,21250621600010,2025,Collectivité Territoriale,Commune,['Doubs'],['Bourgogne-Franche-Comté'],COM,{25},{27}
29d8acc9-5d47-4da0-b6e8-f9da8fc76c54,215900093,Commune de Villeneuve-d'Ascq (59),false,{59009},Commune,2026-03-24 14:42:04.280096+01,gold_establishments_2025,,,,21590009300018,2025,Collectivité Territoriale,Commune,['Nord'],['Hauts-de-France'],COM,{59},{32}
022d1dd4-480c-4760-8923-6f2f8c963946,213905656,Commune de Villeneuve-d'Aval (39),false,{39565},Commune,2026-03-24 14:41:59.705606+01,gold_establishments_2025,,,,21390565600012,2025,Collectivité Territoriale,Commune,['Jura'],['Bourgogne-Franche-Comté'],COM,{39},{27}
562fdc71-a84c-417a-ac2e-69dd61f2103e,210601605,Commune de Villeneuve-d'Entraunes (06),false,{06160},Commune,2026-03-24 14:41:52.562531+01,gold_establishments_2025,,,,21060160500012,2025,Collectivité Territoriale,Commune,['Alpes-Maritimes'],"[""Provence-Alpes-Côte d'Azur""]",COM,{06},{93}
6954b2e3-7102-48b9-8938-954ff9c7d36b,210903365,Commune de Villeneuve-d'Olmes (09),false,{09336},Commune,2026-03-24 14:41:53.095366+01,gold_establishments_2025,,,,21090336500018,2025,Collectivité Territoriale,Commune,['Ariège'],['Occitanie'],COM,{09},{76}
1cd9672b-4cd8-4a2f-b93a-9d84d5de1d9b,210703419,Commune de Villeneuve-de-Berg (07),false,{07341},Commune,2026-03-24 14:41:52.562531+01,gold_establishments_2025,,,,21070341900015,2025,Collectivité Territoriale,Commune,['Ardèche'],['Auvergne-Rhône-Alpes'],COM,{07},{84}
94998fb7-b498-45e4-a6ea-7c3d4453085e,214703217,Commune de Villeneuve-de-Duras (47),false,{47321},Commune,2026-03-24 14:42:01.412377+01,gold_establishments_2025,,,,21470321700015,2025,Collectivité Territoriale,Commune,['Lot-et-Garonne'],['Nouvelle-Aquitaine'],COM,{47},{75}
f96e290a-42e5-4030-8e57-b803ce355ba7,213805559,Commune de Villeneuve-de-Marc (38),false,{38555},Commune,2026-03-24 14:41:59.705606+01,gold_establishments_2025,,,,21380555900019,2025,Collectivité Territoriale,Commune,['Isère'],['Auvergne-Rhône-Alpes'],COM,{38},{84}
72e99352-fd05-41ec-98dc-f04ea66baf28,214003311,Commune de Villeneuve-de-Marsan (40),false,{40331},Commune,2026-03-24 14:41:59.705606+01,gold_establishments_2025,,,,21400331100013,2025,Collectivité Territoriale,Commune,['Landes'],['Nouvelle-Aquitaine'],COM,{40},{75}
d23b1e52-3a3c-4718-bf0d-b160cceccecc,213105851,Commune de Villeneuve-de-Rivière (31),false,{31585},Commune,2026-03-24 14:41:58.09424+01,gold_establishments_2025,,,,21310585100017,2025,Collectivité Territoriale,Commune,['Haute-Garonne'],['Occitanie'],COM,{31},{76}
0c6ce099-2d95-4ec6-a5ec-7a5ed785c01f,216602276,Commune de Villeneuve-de-la-Raho (66),false,{66227},Commune,2026-03-24 14:42:06.665412+01,gold_establishments_2025,,,,21660227600018,2025,Collectivité Territoriale,Commune,['Pyrénées-Orientales'],['Occitanie'],COM,{66},{76}
a327b6ed-3b90-4d57-9f5a-467c0dcb2856,210903381,Commune de Villeneuve-du-Latou (09),false,{09338},Commune,2026-03-24 14:41:53.095366+01,gold_establishments_2025,,,,21090338100015,2025,Collectivité Territoriale,Commune,['Ariège'],['Occitanie'],COM,{09},{76}
ed91f9e1-43c2-4588-8668-48b60e509df7,210903399,Commune de Villeneuve-du-Paréage (09),false,{09339},Commune,2026-03-24 14:41:53.095366+01,gold_establishments_2025,,,,21090339900017,2025,Collectivité Territoriale,Commune,['Ariège'],['Occitanie'],COM,{09},{76}
932e7c2b-f1cd-4b3d-8a56-ff27b1384198,217105790,Commune de Villeneuve-en-Montagne (71),false,{71579},Commune,2026-03-24 14:42:08.279287+01,gold_establishments_2025,,,,21710579000018,2025,Collectivité Territoriale,Commune,['Saône-et-Loire'],['Bourgogne-Franche-Comté'],COM,{71},{27}
b746111d-7f78-4526-95fa-9ea61c7a0642,200047629,Commune de Villeneuve-en-Perseigne (72),false,{72137},Commune,2026-03-24 14:42:08.279287+01,gold_establishments_2025,,,,20004762900015,2025,Collectivité Territoriale,Commune,['Sarthe'],['Pays de la Loire'],COM,{72},{52}
672b8aaf-4737-4d0b-ba47-e67789ac4feb,200054229,Commune de Villeneuve-en-Retz (44),false,{44021},Commune,2026-03-24 14:42:00.273698+01,gold_establishments_2025,,,,20005422900014,2025,Collectivité Territoriale,Commune,['Loire-Atlantique'],['Pays de la Loire'],COM,{44},{52}
3b479329-e122-437a-a051-d23144d4e5c4,218904613,Commune de Villeneuve-l'Archevêque (89),false,{89461},Commune,2026-03-24 14:42:11.659493+01,gold_establishments_2025,,,,21890461300013,2025,Collectivité Territoriale,Commune,['Yonne'],['Bourgogne-Franche-Comté'],COM,{89},{27}
422ee409-f9bb-46ec-a8b8-3ed6871564c3,211104302,Commune de Villeneuve-la-Comptal (11),false,{11430},Commune,2026-03-24 14:41:53.63825+01,gold_establishments_2025,,,,21110430200016,2025,Collectivité Territoriale,Commune,['Aude'],['Occitanie'],COM,{11},{76}
c1d80eb2-2f5b-4f4e-a6dd-c9b4d7ecac89,211704747,Commune de Villeneuve-la-Comtesse (17),false,{17474},Commune,2026-03-24 14:41:54.903238+01,gold_establishments_2025,,,,21170474700016,2025,Collectivité Territoriale,Commune,['Charente-Maritime'],['Nouvelle-Aquitaine'],COM,{17},{75}
cb81509d-941c-429e-9af9-a37e6c330eec,218904597,Commune de Villeneuve-la-Dondagre (89),false,{89459},Commune,2026-03-24 14:42:11.659493+01,gold_establishments_2025,,,,21890459700018,2025,Collectivité Territoriale,Commune,['Yonne'],['Bourgogne-Franche-Comté'],COM,{89},{27}
06711200-3b11-4b1d-a518-0228b131d2c1,219200789,Commune de Villeneuve-la-Garenne (92),false,{92078},Commune,2026-03-24 14:42:11.659493+01,gold_establishments_2025,,,,21920078900010,2025,Collectivité Territoriale,Commune,['Hauts-de-Seine'],['Île-de-France'],COM,{92},{11}
f3173126-eb28-488a-9c51-3638cc7c29e4,218904605,Commune de Villeneuve-la-Guyard (89),false,{89460},Commune,2026-03-24 14:42:11.659493+01,gold_establishments_2025,,,,21890460500019,2025,Collectivité Territoriale,Commune,['Yonne'],['Bourgogne-Franche-Comté'],COM,{89},{27}
593e530c-5975-41c4-9c57-3a05a41853e0,215105784,Commune de Villeneuve-la-Lionne (51),false,{51625},Commune,2026-03-24 14:42:01.954481+01,gold_establishments_2025,,,,21510578400015,2025,Collectivité Territoriale,Commune,['Marne'],['Grand Est'],COM,{51},{44}
ab549f70-a0d9-4f9a-807a-c8eb0ae2e661,216602284,Commune de Villeneuve-la-Rivière (66),false,{66228},Commune,2026-03-24 14:42:06.665412+01,gold_establishments_2025,,,,21660228400012,2025,Collectivité Territoriale,Commune,['Pyrénées-Orientales'],['Occitanie'],COM,{66},{76}
7eaa494c-158a-4969-8c21-a35cab9eaa5e,217705086,Commune de Villeneuve-le-Comte (77),false,{77508},Commune,2026-03-24 14:42:09.43682+01,gold_establishments_2025,,,,21770508600015,2025,Collectivité Territoriale,Commune,['Seine-et-Marne'],['Île-de-France'],COM,{77},{11}
4159a24a-0551-4bc5-855d-26b74fe53851,219400777,Commune de Villeneuve-le-Roi (94),false,{94077},Commune,2026-03-24 14:42:11.659493+01,gold_establishments_2025,,,,21940077700013,2025,Collectivité Territoriale,Commune,['Val-de-Marne'],['Île-de-France'],COM,{94},{11}
5680197d-288d-47ce-b739-1cb3e14d3834,217705094,Commune de Villeneuve-les-Bordes (77),false,{77509},Commune,2026-03-24 14:42:09.43682+01,gold_establishments_2025,,,,21770509400019,2025,Collectivité Territoriale,Commune,['Seine-et-Marne'],['Île-de-France'],COM,{77},{11}
15da12a8-96de-4117-b314-8aac21f1fc29,216304592,Commune de Villeneuve-les-Cerfs (63),false,{63459},Commune,2026-03-24 14:42:06.130387+01,gold_establishments_2025,,,,21630459200035,2025,Collectivité Territoriale,Commune,['Puy-de-Dôme'],['Auvergne-Rhône-Alpes'],COM,{63},{84}
d2dbe5a3-635b-46b0-8542-0182303e513e,211104310,Commune de Villeneuve-les-Corbières (11),false,{11431},Commune,2026-03-24 14:41:53.63825+01,gold_establishments_2025,,,,21110431000019,2025,Collectivité Territoriale,Commune,['Aude'],['Occitanie'],COM,{11},{76}
328028b1-2747-45af-8686-3f8db752a2e7,218904621,Commune de Villeneuve-les-Genêts (89),false,{89462},Commune,2026-03-24 14:42:11.659493+01,gold_establishments_2025,,,,21890462100016,2025,Collectivité Territoriale,Commune,['Yonne'],['Bourgogne-Franche-Comté'],COM,{89},{27}
78a1b521-2f60-4954-b938-f1021c997053,216006692,Commune de Villeneuve-les-Sablons (60),false,{60678},Commune,2026-03-24 14:42:04.814328+01,gold_establishments_2025,,,,21600669200018,2025,Collectivité Territoriale,Commune,['Oise'],['Hauts-de-France'],COM,{60},{32}
a4a99b11-e6fb-4f7e-bdd4-96592cb178ce,213003510,Commune de Villeneuve-lès-Avignon (30),false,{30351},Commune,2026-03-24 14:41:57.56054+01,gold_establishments_2025,,,,21300351000012,2025,Collectivité Territoriale,Commune,['Gard'],['Occitanie'],COM,{30},{76}
c57f0e88-5d9e-4e7e-a121-69308396d487,213105877,Commune de Villeneuve-lès-Bouloc (31),false,{31587},Commune,2026-03-24 14:41:58.09424+01,gold_establishments_2025,,,,21310587700012,2025,Collectivité Territoriale,Commune,['Haute-Garonne'],['Occitanie'],COM,{31},{76}
98cd97ce-7950-46b7-b83f-5506c3397a15,213403363,Commune de Villeneuve-lès-Béziers (34),false,{34336},Commune,2026-03-24 14:41:58.620411+01,gold_establishments_2025,,,,21340336300129,2025,Collectivité Territoriale,Commune,['Hérault'],['Occitanie'],COM,{34},{76}
57cc8ebe-befe-4953-8c38-12159edfe579,218103182,Commune de Villeneuve-lès-Lavaur (81),false,{81318},Commune,2026-03-24 14:42:10.508772+01,gold_establishments_2025,,,,21810318200018,2025,Collectivité Territoriale,Commune,['Tarn'],['Occitanie'],COM,{81},{76}
06da5797-f655-46c8-af5f-b507249d6068,213403371,Commune de Villeneuve-lès-Maguelone (34),false,{34337},Commune,2026-03-24 14:41:58.620411+01,gold_establishments_2025,,,,21340337100015,2025,Collectivité Territoriale,Commune,['Hérault'],['Occitanie'],COM,{34},{76}
47cdc57a-f22d-45d7-b6b1-110fc629136b,211104328,Commune de Villeneuve-lès-Montréal (11),false,{11432},Commune,2026-03-24 14:41:53.63825+01,gold_establishments_2025,,,,21110432800011,2025,Collectivité Territoriale,Commune,['Aude'],['Occitanie'],COM,{11},{76}
6ecbe774-d53a-4251-96b0-e08548ea7fb7,212106967,Commune de Villeneuve-sous-Charigny (21),false,{21696},Commune,2026-03-24 14:41:55.433389+01,gold_establishments_2025,,,,21210696700012,2025,Collectivité Territoriale,Commune,"[""Côte-d'Or""]",['Bourgogne-Franche-Comté'],COM,{21},{27}
9a80d7a7-8c6e-484a-b06e-3d2312844079,217705110,Commune de Villeneuve-sous-Dammartin (77),false,{77511},Commune,2026-03-24 14:42:09.43682+01,gold_establishments_2025,,,,21770511000013,2025,Collectivité Territoriale,Commune,['Seine-et-Marne'],['Île-de-France'],COM,{77},{11}
48af8768-b59a-47e2-9cb8-43276e456071,213905672,Commune de Villeneuve-sous-Pymont (39),false,{39567},Commune,2026-03-24 14:41:59.705606+01,gold_establishments_2025,,,,21390567200019,2025,Collectivité Territoriale,Commune,['Jura'],['Bourgogne-Franche-Comté'],COM,{39},{27}
d28e5d1c-1d57-4797-aaaf-6b354401d572,200085280,Commune de Villeneuve-sur-Aisne (02),false,{02360},Commune,2026-03-24 14:41:52.020251+01,gold_establishments_2025,,,,20008528000010,2025,Collectivité Territoriale,Commune,['Aisne'],['Hauts-de-France'],COM,{02},{32}
999468ef-506c-460a-904d-40adc1d0c707,210303160,Commune de Villeneuve-sur-Allier (03),false,{03316},Commune,2026-03-24 14:41:52.020251+01,gold_establishments_2025,,,,21030316000019,2025,Collectivité Territoriale,Commune,['Allier'],['Auvergne-Rhône-Alpes'],COM,{03},{84}
d4df17b7-4b09-4cd8-8568-76e44353b4bf,219106713,Commune de Villeneuve-sur-Auvers (91),false,{91671},Commune,2026-03-24 14:42:11.659493+01,gold_establishments_2025,,,,21910671300056,2025,Collectivité Territoriale,Commune,['Essonne'],['Île-de-France'],COM,{91},{11}
89e17022-2b85-4a68-b0d1-c8f3084eee0c,217705128,Commune de Villeneuve-sur-Bellot (77),false,{77512},Commune,2026-03-24 14:42:09.43682+01,gold_establishments_2025,,,,21770512800056,2025,Collectivité Territoriale,Commune,['Seine-et-Marne'],['Île-de-France'],COM,{77},{11}
27f7382b-6508-4b83-8d96-066ba8d35f05,211802855,Commune de Villeneuve-sur-Cher (18),false,{18285},Commune,2026-03-24 14:41:54.903238+01,gold_establishments_2025,,,,21180285500018,2025,Collectivité Territoriale,Commune,['Cher'],['Centre-Val de Loire'],COM,{18},{24}
c50c31ab-e37a-48dd-8666-75dd94d39721,214503419,Commune de Villeneuve-sur-Conie (45),false,{45341},Commune,2026-03-24 14:42:00.862623+01,gold_establishments_2025,,,,21450341900019,2025,Collectivité Territoriale,Commune,['Loiret'],['Centre-Val de Loire'],COM,{45},{24}
96011b8d-08f2-45cf-9f9d-09821768c4d7,210207791,Commune de Villeneuve-sur-Fère (02),false,{02806},Commune,2026-03-24 14:41:52.020251+01,gold_establishments_2025,,,,21020779100018,2025,Collectivité Territoriale,Commune,['Aisne'],['Hauts-de-France'],COM,{02},{32}
1844f9bf-aa28-49bb-96cc-345e0e54b251,214703233,Commune de Villeneuve-sur-Lot (47),false,{47323},Commune,2026-03-24 14:42:01.412377+01,gold_establishments_2025,,,,21470323300285,2025,Collectivité Territoriale,Commune,['Lot-et-Garonne'],['Nouvelle-Aquitaine'],COM,{47},{75}
135c3ce7-7327-4a3a-ae82-d5bb0b52be34,216006718,Commune de Villeneuve-sur-Verberie (60),false,{60680},Commune,2026-03-24 14:42:04.814328+01,gold_establishments_2025,,,,21600671800011,2025,Collectivité Territoriale,Commune,['Oise'],['Hauts-de-France'],COM,{60},{32}
8770df37-3169-4cb1-b101-adc1e58f69ea,218103190,Commune de Villeneuve-sur-Vère (81),false,{81319},Commune,2026-03-24 14:42:10.508772+01,gold_establishments_2025,,,,21810319000011,2025,Collectivité Territoriale,Commune,['Tarn'],['Occitanie'],COM,{81},{76}
07d4b00f-c05a-42b2-b471-4eb7b5b2e2a4,218904647,Commune de Villeneuve-sur-Yonne (89),false,{89464},Commune,2026-03-24 14:42:11.659493+01,gold_establishments_2025,,,,21890464700011,2025,Collectivité Territoriale,Commune,['Yonne'],['Bourgogne-Franche-Comté'],COM,{89},{27}
e0fdda52-82c3-417a-b83c-92cdc5cb3e5a,213403389,Commune de Villeneuvette (34),false,{34338},Commune,2026-03-24 14:41:58.620411+01,gold_establishments_2025,,,,21340338900017,2025,Collectivité Territoriale,Commune,['Hérault'],['Occitanie'],COM,{34},{76}
54f8bdb2-3fc4-4f56-9175-138c361b1523,217806728,Commune de Villennes-sur-Seine (78),false,{78672},Commune,2026-03-24 14:42:09.43682+01,gold_establishments_2025,,,,21780672800010,2025,Collectivité Territoriale,Commune,['Yvelines'],['Île-de-France'],COM,{78},{11}
ea093d97-a521-4858-918d-782a085e4724,213105893,Commune de Villenouvelle (31),false,{31589},Commune,2026-03-24 14:41:58.09424+01,gold_establishments_2025,,,,21310589300019,2025,Collectivité Territoriale,Commune,['Haute-Garonne'],['Occitanie'],COM,{31},{76}
6c95deb4-93cf-4c36-872a-32365e91106c,217705136,Commune de Villenoy (77),false,{77513},Commune,2026-03-24 14:42:09.43682+01,gold_establishments_2025,,,,21770513600109,2025,Collectivité Territoriale,Commune,['Seine-et-Marne'],['Île-de-France'],COM,{77},{11}
46d8675f-ac28-40d2-ae79-5d28797ab08a,200085595,Commune de Villentrois-Faverolles-en-Berry (36),false,{36244},Commune,2026-03-24 14:41:59.160244+01,gold_establishments_2025,,,,20008559500011,2025,Collectivité Territoriale,Commune,['Indre'],['Centre-Val de Loire'],COM,{36},{24}
6942814a-4434-49c4-a8f9-8fa4a18b7ed3,214102857,Commune de Villeny (41),false,{41285},Commune,2026-03-24 14:42:00.273698+01,gold_establishments_2025,,,,21410285700015,2025,Collectivité Territoriale,Commune,['Loir-et-Cher'],['Centre-Val de Loire'],COM,{41},{24}
563c6150-8782-4ab1-85c5-c217e7a9e6d2,215302720,Commune de Villepail (53),false,{53272},Commune,2026-03-24 14:42:02.957225+01,gold_establishments_2025,,,,21530272000010,2025,Collectivité Territoriale,Commune,['Mayenne'],['Pays de la Loire'],COM,{53},{52}
537a4a20-468e-4650-acb2-e5ea9d55bdb3,217705144,Commune de Villeparisis (77),false,{77514},Commune,2026-03-24 14:42:09.43682+01,gold_establishments_2025,,,,21770514400012,2025,Collectivité Territoriale,Commune,['Seine-et-Marne'],['Île-de-France'],COM,{77},{11}
00c07ba7-e770-48d5-975e-2971555d8ec3,217005594,Commune de Villeparois (70),false,{70559},Commune,2026-03-24 14:42:07.735343+01,gold_establishments_2025,,,,21700559400015,2025,Collectivité Territoriale,Commune,['Haute-Saône'],['Bourgogne-Franche-Comté'],COM,{70},{27}
c9fdb4cc-a920-4bf3-a1df-24835a686d30,212603765,Commune de Villeperdrix (26),false,{26376},Commune,2026-03-24 14:41:56.495197+01,gold_establishments_2025,,,,21260376500018,2025,Collectivité Territoriale,Commune,['Drôme'],['Auvergne-Rhône-Alpes'],COM,{26},{84}
a0ca37c6-0be6-4b28-bf31-67c3f4143835,213702780,Commune de Villeperdue (37),false,{37278},Commune,2026-03-24 14:41:59.160244+01,gold_establishments_2025,,,,21370278000015,2025,Collectivité Territoriale,Commune,['Indre-et-Loire'],['Centre-Val de Loire'],COM,{37},{24}
9e8e5fe8-73e2-4441-9914-a29f4e40b33e,218904654,Commune de Villeperrot (89),false,{89465},Commune,2026-03-24 14:42:11.659493+01,gold_establishments_2025,,,,21890465400017,2025,Collectivité Territoriale,Commune,['Yonne'],['Bourgogne-Franche-Comté'],COM,{89},{27}
e476ac00-45cd-4659-8ec5-82f72b3a499c,211104344,Commune de Villepinte (11),false,{11434},Commune,2026-03-24 14:41:53.63825+01,gold_establishments_2025,,,,21110434400018,2025,Collectivité Territoriale,Commune,['Aude'],['Occitanie'],COM,{11},{76}
279fe33e-0eea-4697-9180-08613f7c631e,219300787,Commune de Villepinte (93),false,{93078},Commune,2026-03-24 14:42:11.659493+01,gold_establishments_2025,,,,21930078700013,2025,Collectivité Territoriale,Commune,['Seine-Saint-Denis'],['Île-de-France'],COM,{93},{11}
a7d3b778-5788-468e-803a-9408b1b2c111,214102865,Commune de Villeporcher (41),false,{41286},Commune,2026-03-24 14:42:00.273698+01,gold_establishments_2025,,,,21410286500018,2025,Collectivité Territoriale,Commune,['Loir-et-Cher'],['Centre-Val de Loire'],COM,{41},{24}
6c193db7-b314-4ef4-923c-60cd2ed6423c,214402182,Commune de Villepot (44),false,{44218},Commune,2026-03-24 14:42:00.862623+01,gold_establishments_2025,,,,21440218200015,2025,Collectivité Territoriale,Commune,['Loire-Atlantique'],['Pays de la Loire'],COM,{44},{52}
f9fade73-eb84-4d84-a1c5-2424b56f6401,217806744,Commune de Villepreux (78),false,{78674},Commune,2026-03-24 14:42:09.43682+01,gold_establishments_2025,,,,21780674400108,2025,Collectivité Territoriale,Commune,['Yvelines'],['Île-de-France'],COM,{78},{11}
b70b777a-2372-4bd9-9152-b53aa7a03463,210207809,Commune de Villequier-Aumont (02),false,{02807},Commune,2026-03-24 14:41:52.020251+01,gold_establishments_2025,,,,21020780900018,2025,Collectivité Territoriale,Commune,['Aisne'],['Hauts-de-France'],COM,{02},{32}
708cf905-d4e6-4a04-890c-1af57e697ee6,211802863,Commune de Villequiers (18),false,{18286},Commune,2026-03-24 14:41:54.903238+01,gold_establishments_2025,,,,21180286300012,2025,Collectivité Territoriale,Commune,['Cher'],['Centre-Val de Loire'],COM,{18},{24}
a91fb95f-020f-4362-a9e2-4c4e77552f58,215707175,Commune de Viller (57),false,{57717},Commune,2026-03-24 14:42:04.280096+01,gold_establishments_2025,,,,21570717500018,2025,Collectivité Territoriale,Commune,['Moselle'],['Grand Est'],COM,{57},{44}
a07ca724-7dc9-4dc2-9737-ecaf40879f9a,214102873,Commune de Villerable (41),false,{41287},Commune,2026-03-24 14:42:00.273698+01,gold_establishments_2025,,,,21410287300012,2025,Collectivité Territoriale,Commune,['Loir-et-Cher'],['Centre-Val de Loire'],COM,{41},{24}
0040662c-cd1e-4bc7-8d6e-3db13ce33e90,214102881,Commune de Villerbon (41),false,{41288},Commune,2026-03-24 14:42:00.273698+01,gold_establishments_2025,,,,21410288100015,2025,Collectivité Territoriale,Commune,['Loir-et-Cher'],['Centre-Val de Loire'],COM,{41},{24}
d863e49f-fe7e-4dfe-89a2-c5782eaef1a1,214503427,Commune de Villereau (45),false,{45342},Commune,2026-03-24 14:42:00.862623+01,gold_establishments_2025,,,,21450342700012,2025,Collectivité Territoriale,Commune,['Loiret'],['Centre-Val de Loire'],COM,{45},{24}
ecf44ef8-680b-423e-8077-6a27ce82fb5b,215906199,Commune de Villereau (59),false,{59619},Commune,2026-03-24 14:42:04.814328+01,gold_establishments_2025,,,,21590619900017,2025,Collectivité Territoriale,Commune,['Nord'],['Hauts-de-France'],COM,{59},{32}
0b5b80e9-e02f-4324-8cf2-f7a7e14c0719,214203325,Commune de Villerest (42),false,{42332},Commune,2026-03-24 14:42:00.273698+01,gold_establishments_2025,,,,21420332500011,2025,Collectivité Territoriale,Commune,['Loire'],['Auvergne-Rhône-Alpes'],COM,{42},{84}
db053bf8-0ab0-4071-9d8e-781b606e7cfa,210207817,Commune de Villeret (02),false,{02808},Commune,2026-03-24 14:41:52.020251+01,gold_establishments_2025,,,,21020781700011,2025,Collectivité Territoriale,Commune,['Aisne'],['Hauts-de-France'],COM,{02},{32}
1415c32a-573a-48a9-b257-6f85d15c7ede,211004122,Commune de Villeret (10),false,{10424},Commune,2026-03-24 14:41:53.095366+01,gold_establishments_2025,,,,21100412200019,2025,Collectivité Territoriale,Commune,['Aube'],['Grand Est'],COM,{10},{44}
708a059e-2917-4196-89e8-523fe80ec0eb,210104477,Commune de Villereversure (01),false,{01447},Commune,2026-03-24 14:41:51.447482+01,gold_establishments_2025,,,,21010447700018,2025,Collectivité Territoriale,Commune,['Ain'],['Auvergne-Rhône-Alpes'],COM,{01},{84}
8174397d-8989-45aa-9eb9-9144a4c27e0e,214102899,Commune de Villermain (41),false,{41289},Commune,2026-03-24 14:42:00.273698+01,gold_establishments_2025,,,,21410289900017,2025,Collectivité Territoriale,Commune,['Loir-et-Cher'],['Centre-Val de Loire'],COM,{41},{24}
74334807-4d64-4923-80e9-af0324ff7ec4,214102907,Commune de Villeromain (41),false,{41290},Commune,2026-03-24 14:42:00.273698+01,gold_establishments_2025,,,,21410290700018,2025,Collectivité Territoriale,Commune,['Loir-et-Cher'],['Centre-Val de Loire'],COM,{41},{24}
cc310183-dbd5-4d9f-a8fb-3bc43874beae,219506755,Commune de Villeron (95),false,{95675},Commune,2026-03-24 14:42:11.659493+01,gold_establishments_2025,,,,21950675500012,2025,Collectivité Territoriale,Commune,"[""Val-d'Oise""]",['Île-de-France'],COM,{95},{11}
96176647-2b67-4f70-8b4b-8013bdb8c679,211104351,Commune de Villerouge-Termenès (11),false,{11435},Commune,2026-03-24 14:41:53.63825+01,gold_establishments_2025,,,,21110435100013,2025,Collectivité Territoriale,Commune,['Aude'],['Occitanie'],COM,{11},{76}
7d103ca0-1880-47be-84f4-312ca0f465d4,217705151,Commune de Villeroy (77),false,{77515},Commune,2026-03-24 14:42:09.43682+01,gold_establishments_2025,,,,21770515100017,2025,Collectivité Territoriale,Commune,['Seine-et-Marne'],['Île-de-France'],COM,{77},{11}
eea5b518-7745-42f0-8e26-ed5cfa7c13b6,218007474,Commune de Villeroy (80),false,{80796},Commune,2026-03-24 14:42:09.967209+01,gold_establishments_2025,,,,21800747400016,2025,Collectivité Territoriale,Commune,['Somme'],['Hauts-de-France'],COM,{80},{32}
f11af3bf-619d-453d-b919-e69af595ea98,218904662,Commune de Villeroy (89),false,{89466},Commune,2026-03-24 14:42:11.659493+01,gold_establishments_2025,,,,21890466200010,2025,Collectivité Territoriale,Commune,['Yonne'],['Bourgogne-Franche-Comté'],COM,{89},{27}
8977f965-cc25-4e3d-a83c-dc212481e7d2,215505595,Commune de Villeroy-sur-Méholle (55),false,{55559},Commune,2026-03-24 14:42:03.701372+01,gold_establishments_2025,,,,21550559500011,2025,Collectivité Territoriale,Commune,['Meuse'],['Grand Est'],COM,{55},{44}
b5ccff2c-2b14-40af-939c-5562dbf29d60,214203333,Commune de Villers (42),false,{42333},Commune,2026-03-24 14:42:00.273698+01,gold_establishments_2025,,,,21420333300015,2025,Collectivité Territoriale,Commune,['Loire'],['Auvergne-Rhône-Alpes'],COM,{42},{84}
42aa0c4b-bff2-4267-beee-c719610be5ea,218805075,Commune de Villers (88),false,{88507},Commune,2026-03-24 14:42:11.118516+01,gold_establishments_2025,,,,21880507500015,2025,Collectivité Territoriale,Commune,['Vosges'],['Grand Est'],COM,{88},{44}
ce869bcb-8756-45ec-a977-6f0a9196673f,210207825,Commune de Villers-Agron-Aiguizy (02),false,{02809},Commune,2026-03-24 14:41:52.020251+01,gold_establishments_2025,,,,21020782500014,2025,Collectivité Territoriale,Commune,['Aisne'],['Hauts-de-France'],COM,{02},{32}
5ce7d212-ba69-434f-8e34-b964eec1f0b2,215105826,Commune de Villers-Allerand (51),false,{51629},Commune,2026-03-24 14:42:01.954481+01,gold_establishments_2025,,,,21510582600030,2025,Collectivité Territoriale,Commune,['Marne'],['Grand Est'],COM,{51},{44}
ac5c1df3-e14a-4413-8fb8-0a30a56fc1f5,211407523,Commune de Villers-Bocage (14),false,{14752},Commune,2026-03-24 14:41:54.362296+01,gold_establishments_2025,,,,21140752300011,2025,Collectivité Territoriale,Commune,['Calvados'],['Normandie'],COM,{14},{28}
dd8eddbe-e655-417f-8b9e-7cc6f10be977,218007490,Commune de Villers-Bocage (80),false,{80798},Commune,2026-03-24 14:42:09.967209+01,gold_establishments_2025,,,,21800749000012,2025,Collectivité Territoriale,Commune,['Somme'],['Hauts-de-France'],COM,{80},{32}
95b6382c-b708-45d5-aa66-b4a8b4c44884,217005602,Commune de Villers-Bouton (70),false,{70560},Commune,2026-03-24 14:42:07.735343+01,gold_establishments_2025,,,,21700560200016,2025,Collectivité Territoriale,Commune,['Haute-Saône'],['Bourgogne-Franche-Comté'],COM,{70},{27}
f22c522b-0d41-48ce-9053-ae2bba2f7ea4,218007508,Commune de Villers-Bretonneux (80),false,{80799},Commune,2026-03-24 14:42:09.967209+01,gold_establishments_2025,,,,21800750800011,2025,Collectivité Territoriale,Commune,['Somme'],['Hauts-de-France'],COM,{80},{32}
eb2c1273-a5a2-45d2-90ea-2dc72c533cc1,216208561,Commune de Villers-Brûlin (62),false,{62856},Commune,2026-03-24 14:42:06.130387+01,gold_establishments_2025,,,,21620856100011,2025,Collectivité Territoriale,Commune,['Pas-de-Calais'],['Hauts-de-France'],COM,{62},{32}
2d0d5816-2f02-414e-aab2-59133999f38f,212506224,Commune de Villers-Buzon (25),false,{25622},Commune,2026-03-24 14:41:56.495197+01,gold_establishments_2025,,,,21250622400014,2025,Collectivité Territoriale,Commune,['Doubs'],['Bourgogne-Franche-Comté'],COM,{25},{27}
fef4ef91-5ec3-4f84-9518-cea9030a511f,218007516,Commune de Villers-Campsart (80),false,{80800},Commune,2026-03-24 14:42:09.967209+01,gold_establishments_2025,,,,21800751600014,2025,Collectivité Territoriale,Commune,['Somme'],['Hauts-de-France'],COM,{80},{32}
e4d6db07-a0e3-44b3-a647-7800abf32b5a,211407531,Commune de Villers-Canivet (14),false,{14753},Commune,2026-03-24 14:41:54.362296+01,gold_establishments_2025,,,,21140753100014,2025,Collectivité Territoriale,Commune,['Calvados'],['Normandie'],COM,{14},{28}
2df56bdd-f489-4a55-b109-57c4753ebaff,218007524,Commune de Villers-Carbonnel (80),false,{80801},Commune,2026-03-24 14:42:09.967209+01,gold_establishments_2025,,,,21800752400018,2025,Collectivité Territoriale,Commune,['Somme'],['Hauts-de-France'],COM,{80},{32}
685da352-b29c-420c-a7c2-8b5ed3a2175b,217003664,Commune de Villers-Chemin-et-Mont-lès-Étrelles (70),false,{70366},Commune,2026-03-24 14:42:07.735343+01,gold_establishments_2025,,,,21700366400018,2025,Collectivité Territoriale,Commune,['Haute-Saône'],['Bourgogne-Franche-Comté'],COM,{70},{27}
c3edf7c0-25f2-4ea2-9da0-b5aa651365d8,212506232,Commune de Villers-Chief (25),false,{25623},Commune,2026-03-24 14:41:56.495197+01,gold_establishments_2025,,,,21250623200017,2025,Collectivité Territoriale,Commune,['Doubs'],['Bourgogne-Franche-Comté'],COM,{25},{27}
8370745a-e762-40f0-a239-150fba8a3433,216208579,Commune de Villers-Châtel (62),false,{62857},Commune,2026-03-24 14:42:06.130387+01,gold_establishments_2025,,,,21620857900013,2025,Collectivité Territoriale,Commune,['Pas-de-Calais'],['Hauts-de-France'],COM,{62},{32}
03043499-53ea-439d-9710-26fa66029461,210207833,Commune de Villers-Cotterêts (02),false,{02810},Commune,2026-03-24 14:41:52.020251+01,gold_establishments_2025,,,,21020783300018,2025,Collectivité Territoriale,Commune,['Aisne'],['Hauts-de-France'],COM,{02},{32}
69bfe3d1-4067-4306-9a1d-45151f639d39,213905698,Commune de Villers-Farlay (39),false,{39569},Commune,2026-03-24 14:41:59.705606+01,gold_establishments_2025,,,,21390569800014,2025,Collectivité Territoriale,Commune,['Jura'],['Bourgogne-Franche-Comté'],COM,{39},{27}
efb1ada9-a498-4385-99d9-adf9adf947bd,218007532,Commune de Villers-Faucon (80),false,{80802},Commune,2026-03-24 14:42:09.967209+01,gold_establishments_2025,,,,21800753200011,2025,Collectivité Territoriale,Commune,['Somme'],['Hauts-de-France'],COM,{80},{32}
d5d35cbf-43d8-4a28-b73b-282c0f06320c,215105867,Commune de Villers-Franqueux (51),false,{51633},Commune,2026-03-24 14:42:01.954481+01,gold_establishments_2025,,,,21510586700018,2025,Collectivité Territoriale,Commune,['Marne'],['Grand Est'],COM,{51},{44}
8e8e244d-6106-49cc-b244-b5cc7edf6010,212506240,Commune de Villers-Grélot (25),false,{25624},Commune,2026-03-24 14:41:56.495197+01,gold_establishments_2025,,,,21250624000010,2025,Collectivité Territoriale,Commune,['Doubs'],['Bourgogne-Franche-Comté'],COM,{25},{27}
8b556085-727c-4294-b87e-eebe0d35deee,215906231,Commune de Villers-Guislain (59),false,{59623},Commune,2026-03-24 14:42:04.814328+01,gold_establishments_2025,,,,21590623100018,2025,Collectivité Territoriale,Commune,['Nord'],['Hauts-de-France'],COM,{59},{32}
4ada5c53-7a75-437b-b1a2-280275fb65cf,210207858,Commune de Villers-Hélon (02),false,{02812},Commune,2026-03-24 14:41:52.020251+01,gold_establishments_2025,,,,21020785800015,2025,Collectivité Territoriale,Commune,['Aisne'],['Hauts-de-France'],COM,{02},{32}
f1ec9aab-40a0-418b-96cf-f56c1a77911e,215105891,Commune de Villers-Marmery (51),false,{51636},Commune,2026-03-24 14:42:01.954481+01,gold_establishments_2025,,,,21510589100018,2025,Collectivité Territoriale,Commune,['Marne'],['Grand Est'],COM,{51},{44}
c852d4a4-c826-4dfb-9088-80ab858712b2,215906249,Commune de Villers-Outréaux (59),false,{59624},Commune,2026-03-24 14:42:04.814328+01,gold_establishments_2025,,,,21590624900010,2025,Collectivité Territoriale,Commune,['Nord'],['Hauts-de-France'],COM,{59},{32}
0be1af26-7e72-4eef-aed7-59150bc3bbcd,217005651,Commune de Villers-Pater (70),false,{70565},Commune,2026-03-24 14:42:07.735343+01,gold_establishments_2025,,,,21700565100013,2025,Collectivité Territoriale,Commune,['Haute-Saône'],['Bourgogne-Franche-Comté'],COM,{70},{27}
dd9b98ee-66f1-4bb3-87b7-afb8be6a9cad,212107007,Commune de Villers-Patras (21),false,{21700},Commune,2026-03-24 14:41:55.433389+01,gold_establishments_2025,,,,21210700700016,2025,Collectivité Territoriale,Commune,"[""Côte-d'Or""]",['Bourgogne-Franche-Comté'],COM,{21},{27}
0e0aa94b-4b27-4224-a2be-6b5c39e07485,215906256,Commune de Villers-Plouich (59),false,{59625},Commune,2026-03-24 14:42:04.814328+01,gold_establishments_2025,,,,21590625600015,2025,Collectivité Territoriale,Commune,['Nord'],['Hauts-de-France'],COM,{59},{32}
3736e9c2-b87d-4d21-a6b6-87cc3782eed3,215906264,Commune de Villers-Pol (59),false,{59626},Commune,2026-03-24 14:42:04.814328+01,gold_establishments_2025,,,,21590626400019,2025,Collectivité Territoriale,Commune,['Nord'],['Hauts-de-France'],COM,{59},{32}
e8c586a7-2d8c-427b-a5a1-bb8940bde5d6,213905714,Commune de Villers-Robert (39),false,{39571},Commune,2026-03-24 14:41:59.705606+01,gold_establishments_2025,,,,21390571400019,2025,Collectivité Territoriale,Commune,['Jura'],['Bourgogne-Franche-Comté'],COM,{39},{27}
08ae04b0-3ae4-40df-8c03-6605a0cc4067,212107015,Commune de Villers-Rotin (21),false,{21701},Commune,2026-03-24 14:41:55.433389+01,gold_establishments_2025,,,,21210701500019,2025,Collectivité Territoriale,Commune,"[""Côte-d'Or""]",['Bourgogne-Franche-Comté'],COM,{21},{27}
08bf149d-97be-49d5-8bc6-3099b87a18c5,216006726,Commune de Villers-Saint-Barthélemy (60),false,{60681},Commune,2026-03-24 14:42:04.814328+01,gold_establishments_2025,,,,21600672600014,2025,Collectivité Territoriale,Commune,['Oise'],['Hauts-de-France'],COM,{60},{32}
62bc63ac-45ef-489c-8b9e-92288cb592ee,210207882,Commune de Villers-Saint-Christophe (02),false,{02815},Commune,2026-03-24 14:41:52.020251+01,gold_establishments_2025,,,,21020788200015,2025,Collectivité Territoriale,Commune,['Aisne'],['Hauts-de-France'],COM,{02},{32}
ce3c58bf-a984-47a3-ad95-4f008f81dd88,200083442,Commune de Villers-Saint-Frambourg-Ognon (60),false,{60682},Commune,2026-03-24 14:42:04.814328+01,gold_establishments_2025,,,,20008344200018,2025,Collectivité Territoriale,Commune,['Oise'],['Hauts-de-France'],COM,{60},{32}
abf152ad-c60e-491d-91a4-cb3563379026,216006742,Commune de Villers-Saint-Genest (60),false,{60683},Commune,2026-03-24 14:42:04.814328+01,gold_establishments_2025,,,,21600674200011,2025,Collectivité Territoriale,Commune,['Oise'],['Hauts-de-France'],COM,{60},{32}
b38af313-c361-425c-93e8-68c62f465979,212506265,Commune de Villers-Saint-Martin (25),false,{25626},Commune,2026-03-24 14:41:56.495197+01,gold_establishments_2025,,,,21250626500017,2025,Collectivité Territoriale,Commune,['Doubs'],['Bourgogne-Franche-Comté'],COM,{25},{27}
60d65cd6-8c20-454a-a44c-febf5cd645ec,216006759,Commune de Villers-Saint-Paul (60),false,{60684},Commune,2026-03-24 14:42:04.814328+01,gold_establishments_2025,,,,21600675900015,2025,Collectivité Territoriale,Commune,['Oise'],['Hauts-de-France'],COM,{60},{32}
1f21d2a3-2d69-41c7-a5f7-33805c4db926,216006767,Commune de Villers-Saint-Sépulcre (60),false,{60685},Commune,2026-03-24 14:42:04.814328+01,gold_establishments_2025,,,,21600676700059,2025,Collectivité Territoriale,Commune,['Oise'],['Hauts-de-France'],COM,{60},{32}
0529a1a8-1ea9-4e8c-8259-0fa8ce5a8e6e,210804381,Commune de Villers-Semeuse (08),false,{08480},Commune,2026-03-24 14:41:53.095366+01,gold_establishments_2025,,,,21080438100015,2025,Collectivité Territoriale,Commune,['Ardennes'],['Grand Est'],COM,{08},{44}
ef12ffe0-03e6-4caa-b049-607f5c9d820c,216208603,Commune de Villers-Sir-Simon (62),false,{62860},Commune,2026-03-24 14:42:06.130387+01,gold_establishments_2025,,,,21620860300011,2025,Collectivité Territoriale,Commune,['Pas-de-Calais'],['Hauts-de-France'],COM,{62},{32}
7acd5777-0c49-479e-892b-1d5e2e817890,215906272,Commune de Villers-Sire-Nicole (59),false,{59627},Commune,2026-03-24 14:42:04.814328+01,gold_establishments_2025,,,,21590627200012,2025,Collectivité Territoriale,Commune,['Nord'],['Hauts-de-France'],COM,{59},{32}
1f208956-f37b-494f-9260-9557a5aa9826,215707183,Commune de Villers-Stoncourt (57),false,{57718},Commune,2026-03-24 14:42:04.280096+01,gold_establishments_2025,,,,21570718300012,2025,Collectivité Territoriale,Commune,['Moselle'],['Grand Est'],COM,{57},{44}
741df4da-b176-4c96-9e5e-682e5c0a0768,218007565,Commune de Villers-Tournelle (80),false,{80805},Commune,2026-03-24 14:42:09.967209+01,gold_establishments_2025,,,,21800756500011,2025,Collectivité Territoriale,Commune,['Somme'],['Hauts-de-France'],COM,{80},{32}
3128f253-a326-4895-823e-d60165c90757,217005685,Commune de Villers-Vaudey (70),false,{70568},Commune,2026-03-24 14:42:07.735343+01,gold_establishments_2025,,,,21700568500011,2025,Collectivité Territoriale,Commune,['Haute-Saône'],['Bourgogne-Franche-Comté'],COM,{70},{27}
535eaacc-86cd-4a26-950e-604896605ee0,216006825,Commune de Villers-Vermont (60),false,{60691},Commune,2026-03-24 14:42:04.814328+01,gold_establishments_2025,,,,21600682500014,2025,Collectivité Territoriale,Commune,['Oise'],['Hauts-de-France'],COM,{60},{32}
42eb0f1c-1054-4246-afcf-63434072a618,216006833,Commune de Villers-Vicomte (60),false,{60692},Commune,2026-03-24 14:42:04.814328+01,gold_establishments_2025,,,,21600683300018,2025,Collectivité Territoriale,Commune,['Oise'],['Hauts-de-France'],COM,{60},{32}
eda97a7b-7b50-4d37-9b74-f3feb87f60e0,216208546,Commune de Villers-au-Bois (62),false,{62854},Commune,2026-03-24 14:42:06.130387+01,gold_establishments_2025,,,,21620854600012,2025,Collectivité Territoriale,Commune,['Pas-de-Calais'],['Hauts-de-France'],COM,{62},{32}
4d6ea6aa-862d-4608-b523-6ffda3aa45aa,216208553,Commune de Villers-au-Flos (62),false,{62855},Commune,2026-03-24 14:42:06.130387+01,gold_establishments_2025,,,,21620855300018,2025,Collectivité Territoriale,Commune,['Pas-de-Calais'],['Hauts-de-France'],COM,{62},{32}
5571c09f-bce1-4f75-b487-9dbc1e705dc6,215906207,Commune de Villers-au-Tertre (59),false,{59620},Commune,2026-03-24 14:42:04.814328+01,gold_establishments_2025,,,,21590620700018,2025,Collectivité Territoriale,Commune,['Nord'],['Hauts-de-France'],COM,{59},{32}
dc4ee904-4d52-45d2-865e-b8e60d2b8030,215105834,Commune de Villers-aux-Bois (51),false,{51630},Commune,2026-03-24 14:42:01.954481+01,gold_establishments_2025,,,,21510583400018,2025,Collectivité Territoriale,Commune,['Marne'],['Grand Est'],COM,{51},{44}
8c343af2-3908-498e-aa66-921f3c910315,215105842,Commune de Villers-aux-Nœuds (51),false,{51631},Commune,2026-03-24 14:42:01.954481+01,gold_establishments_2025,,,,21510584200011,2025,Collectivité Territoriale,Commune,['Marne'],['Grand Est'],COM,{51},{44}
b2d921a3-a6a2-48b6-88dc-f0df052191b1,215505603,Commune de Villers-aux-Vents (55),false,{55560},Commune,2026-03-24 14:42:03.701372+01,gold_establishments_2025,,,,21550560300013,2025,Collectivité Territoriale,Commune,['Meuse'],['Grand Est'],COM,{55},{44}
afb063d9-3e5b-4029-bab5-b37ed01188d4,218007482,Commune de Villers-aux-Érables (80),false,{80797},Commune,2026-03-24 14:42:09.967209+01,gold_establishments_2025,,,,21800748200019,2025,Collectivité Territoriale,Commune,['Somme'],['Hauts-de-France'],COM,{80},{32}
49071ef4-4ffe-4427-aa35-244c0d6efbb3,215505611,Commune de Villers-devant-Dun (55),false,{55561},Commune,2026-03-24 14:42:03.701372+01,gold_establishments_2025,,,,21550561100016,2025,Collectivité Territoriale,Commune,['Meuse'],['Grand Est'],COM,{55},{44}
d1d58523-fcff-40e7-a7a7-3a1761cc677c,210804357,Commune de Villers-devant-Mouzon (08),false,{08477},Commune,2026-03-24 14:41:53.095366+01,gold_establishments_2025,,,,21080435700015,2025,Collectivité Territoriale,Commune,['Ardennes'],['Grand Est'],COM,{08},{44}
7b673750-b32b-4985-b409-c21ce9d1033a,210804340,Commune de Villers-devant-le-Thour (08),false,{08476},Commune,2026-03-24 14:41:53.095366+01,gold_establishments_2025,,,,21080434000011,2025,Collectivité Territoriale,Commune,['Ardennes'],['Grand Est'],COM,{08},{44}
5026d549-8888-4664-8a77-8f9962561946,215105859,Commune de Villers-en-Argonne (51),false,{51632},Commune,2026-03-24 14:42:01.954481+01,gold_establishments_2025,,,,21510585900015,2025,Collectivité Territoriale,Commune,['Marne'],['Grand Est'],COM,{51},{44}
ff61996c-9539-4c32-ae8f-15a70a81b2c2,219506763,Commune de Villers-en-Arthies (95),false,{95676},Commune,2026-03-24 14:42:11.659493+01,gold_establishments_2025,,,,21950676300016,2025,Collectivité Territoriale,Commune,"[""Val-d'Oise""]",['Île-de-France'],COM,{95},{11}
8d0a4a53-85a1-4cac-b3e0-8e3d4f4f8fc4,215906223,Commune de Villers-en-Cauchies (59),false,{59622},Commune,2026-03-24 14:42:04.814328+01,gold_establishments_2025,,,,21590622300015,2025,Collectivité Territoriale,Commune,['Nord'],['Hauts-de-France'],COM,{59},{32}
e13c5034-dff2-4439-bbc2-7b65045c3791,215405739,Commune de Villers-en-Haye (54),false,{54573},Commune,2026-03-24 14:42:02.957225+01,gold_establishments_2025,,,,21540573900016,2025,Collectivité Territoriale,Commune,['Meurthe-et-Moselle'],['Grand Est'],COM,{54},{44}
b260e774-19a4-4863-a8b5-b4144c10e1de,212706907,Commune de Villers-en-Vexin (27),false,{27690},Commune,2026-03-24 14:41:57.028721+01,gold_establishments_2025,,,,21270690700012,2025,Collectivité Territoriale,Commune,['Eure'],['Normandie'],COM,{27},{28}
c1070326-626a-4233-8dfa-90b9626e8a48,216208595,Commune de Villers-l'Hôpital (62),false,{62859},Commune,2026-03-24 14:42:06.130387+01,gold_establishments_2025,,,,21620859500019,2025,Collectivité Territoriale,Commune,['Pas-de-Calais'],['Hauts-de-France'],COM,{62},{32}
174a477a-6f4e-49e6-848f-fbdd0011206f,215405747,Commune de Villers-la-Chèvre (54),false,{54574},Commune,2026-03-24 14:42:02.957225+01,gold_establishments_2025,,,,21540574700019,2025,Collectivité Territoriale,Commune,['Meurthe-et-Moselle'],['Grand Est'],COM,{54},{44}
3c3ab00b-41cb-4437-b9c0-58c74cdf9331,212506257,Commune de Villers-la-Combe (25),false,{25625},Commune,2026-03-24 14:41:56.495197+01,gold_establishments_2025,,,,21250625700014,2025,Collectivité Territoriale,Commune,['Doubs'],['Bourgogne-Franche-Comté'],COM,{25},{27}
d28f40c7-5be8-444f-9203-78f9519414d5,212106983,Commune de Villers-la-Faye (21),false,{21698},Commune,2026-03-24 14:41:55.433389+01,gold_establishments_2025,,,,21210698300019,2025,Collectivité Territoriale,Commune,"[""Côte-d'Or""]",['Bourgogne-Franche-Comté'],COM,{21},{27}
d2f40d12-00df-4604-9c6c-07b239b61903,215405754,Commune de Villers-la-Montagne (54),false,{54575},Commune,2026-03-24 14:42:02.957225+01,gold_establishments_2025,,,,21540575400015,2025,Collectivité Territoriale,Commune,['Meurthe-et-Moselle'],['Grand Est'],COM,{54},{44}
c0a1eeb2-655d-4d44-9d38-cf76ea85d338,217005628,Commune de Villers-la-Ville (70),false,{70562},Commune,2026-03-24 14:42:07.735343+01,gold_establishments_2025,,,,21700562800011,2025,Collectivité Territoriale,Commune,['Haute-Saône'],['Bourgogne-Franche-Comté'],COM,{70},{27}
eb97b375-b64e-4de3-ac7f-c264b57c13f3,215105875,Commune de Villers-le-Château (51),false,{51634},Commune,2026-03-24 14:42:01.954481+01,gold_establishments_2025,,,,21510587500011,2025,Collectivité Territoriale,Commune,['Marne'],['Grand Est'],COM,{51},{44}
3725ef73-a6c7-4fbe-8e83-501b29966826,212503213,Commune de Villers-le-Lac (25),false,{25321},Commune,2026-03-24 14:41:56.495197+01,gold_establishments_2025,,,,21250321300010,2025,Collectivité Territoriale,Commune,['Doubs'],['Bourgogne-Franche-Comté'],COM,{25},{27}
ba70cdcf-907a-447a-a106-edbbb74e5c0c,215405762,Commune de Villers-le-Rond (54),false,{54576},Commune,2026-03-24 14:42:02.957225+01,gold_establishments_2025,,,,21540576200018,2025,Collectivité Territoriale,Commune,['Meurthe-et-Moselle'],['Grand Est'],COM,{54},{44}
a994cb8d-e1e5-4b07-a247-27df67045ca4,210207866,Commune de Villers-le-Sec (02),false,{02813},Commune,2026-03-24 14:41:52.020251+01,gold_establishments_2025,,,,21020786600018,2025,Collectivité Territoriale,Commune,['Aisne'],['Hauts-de-France'],COM,{02},{32}
c39febfc-417c-4c1f-8c4d-5ec2d2cedb91,215105883,Commune de Villers-le-Sec (51),false,{51635},Commune,2026-03-24 14:42:01.954481+01,gold_establishments_2025,,,,21510588300015,2025,Collectivité Territoriale,Commune,['Marne'],['Grand Est'],COM,{51},{44}
52a88668-e9c3-407e-9f6b-3067f2e356a2,215505629,Commune de Villers-le-Sec (55),false,{55562},Commune,2026-03-24 14:42:03.701372+01,gold_establishments_2025,,,,21550562900018,2025,Collectivité Territoriale,Commune,['Meuse'],['Grand Est'],COM,{55},{44}
28845a6d-53d0-4452-9fd4-ca8689b3381f,217005636,Commune de Villers-le-Sec (70),false,{70563},Commune,2026-03-24 14:42:07.735343+01,gold_establishments_2025,,,,21700563600014,2025,Collectivité Territoriale,Commune,['Haute-Saône'],['Bourgogne-Franche-Comté'],COM,{70},{27}
5e76d477-7108-43f3-8088-756c300361ab,210804365,Commune de Villers-le-Tilleul (08),false,{08478},Commune,2026-03-24 14:41:53.095366+01,gold_establishments_2025,,,,21080436500018,2025,Collectivité Territoriale,Commune,['Ardennes'],['Grand Est'],COM,{08},{44}
c775f01b-974b-450c-90c2-d5ee45bc77b6,210804373,Commune de Villers-le-Tourneur (08),false,{08479},Commune,2026-03-24 14:41:53.095366+01,gold_establishments_2025,,,,21080437300012,2025,Collectivité Territoriale,Commune,['Ardennes'],['Grand Est'],COM,{08},{44}
ee5ca7ca-36f2-44c6-bf8e-0c3e7f6b25d1,213905706,Commune de Villers-les-Bois (39),false,{39570},Commune,2026-03-24 14:41:59.705606+01,gold_establishments_2025,,,,21390570600015,2025,Collectivité Territoriale,Commune,['Jura'],['Bourgogne-Franche-Comté'],COM,{39},{27}
fb1627f1-8fbb-4f27-8b4c-b0ffd89311fb,212106991,Commune de Villers-les-Pots (21),false,{21699},Commune,2026-03-24 14:41:55.433389+01,gold_establishments_2025,,,,21210699100012,2025,Collectivité Territoriale,Commune,"[""Côte-d'Or""]",['Bourgogne-Franche-Comté'],COM,{21},{27}
8d95bdd4-950b-43f0-8a85-fb0e00f027ba,216208587,Commune de Villers-lès-Cagnicourt (62),false,{62858},Commune,2026-03-24 14:42:06.130387+01,gold_establishments_2025,,,,21620858700016,2025,Collectivité Territoriale,Commune,['Pas-de-Calais'],['Hauts-de-France'],COM,{62},{32}
8ac74c2a-51f6-4f2f-9de3-74a1973bda7e,210207874,Commune de Villers-lès-Guise (02),false,{02814},Commune,2026-03-24 14:41:52.020251+01,gold_establishments_2025,,,,21020787400012,2025,Collectivité Territoriale,Commune,['Aisne'],['Hauts-de-France'],COM,{02},{32}
5f7497bb-4083-4a75-a70a-a5084ac18df5,217005644,Commune de Villers-lès-Luxeuil (70),false,{70564},Commune,2026-03-24 14:42:07.735343+01,gold_establishments_2025,,,,21700564400018,2025,Collectivité Territoriale,Commune,['Haute-Saône'],['Bourgogne-Franche-Comté'],COM,{70},{27}
2a40ae86-c90f-464d-99ee-234303c4afd8,215505637,Commune de Villers-lès-Mangiennes (55),false,{55563},Commune,2026-03-24 14:42:03.701372+01,gold_establishments_2025,,,,21550563700011,2025,Collectivité Territoriale,Commune,['Meuse'],['Grand Est'],COM,{55},{44}
f6e9d8ec-9cc1-4382-ab58-fa784432d340,215405770,Commune de Villers-lès-Moivrons (54),false,{54577},Commune,2026-03-24 14:42:02.957225+01,gold_establishments_2025,,,,21540577000011,2025,Collectivité Territoriale,Commune,['Meurthe-et-Moselle'],['Grand Est'],COM,{54},{44}
8c266194-1f4e-4f7f-bc13-e9b574b8e0d3,215405788,Commune de Villers-lès-Nancy (54),false,{54578},Commune,2026-03-24 14:42:02.957225+01,gold_establishments_2025,,,,21540578800013,2025,Collectivité Territoriale,Commune,['Meurthe-et-Moselle'],['Grand Est'],COM,{54},{44}
f629b4c3-035b-424e-9578-5754f1a7461f,218007540,Commune de Villers-lès-Roye (80),false,{80803},Commune,2026-03-24 14:42:09.967209+01,gold_establishments_2025,,,,21800754000014,2025,Collectivité Territoriale,Commune,['Somme'],['Hauts-de-France'],COM,{80},{32}
e44ff16f-4aac-4230-8c44-3ee7a6944c29,218007557,Commune de Villers-sous-Ailly (80),false,{80804},Commune,2026-03-24 14:42:09.967209+01,gold_establishments_2025,,,,21800755700018,2025,Collectivité Territoriale,Commune,['Somme'],['Hauts-de-France'],COM,{80},{32}
25993c96-6b7b-4ecc-a599-40cf61ccf827,212506273,Commune de Villers-sous-Chalamont (25),false,{25627},Commune,2026-03-24 14:41:56.495197+01,gold_establishments_2025,,,,21250627300011,2025,Collectivité Territoriale,Commune,['Doubs'],['Bourgogne-Franche-Comté'],COM,{25},{27}
be0a9f50-f7e7-4486-81dc-738b1390e032,217607449,Commune de Villers-sous-Foucarmont (76),false,{76744},Commune,2026-03-24 14:42:08.818969+01,gold_establishments_2025,,,,21760744900014,2025,Collectivité Territoriale,Commune,['Seine-Maritime'],['Normandie'],COM,{76},{28}
eca3dceb-a515-4b49-91de-27e636ec153c,215505652,Commune de Villers-sous-Pareid (55),false,{55565},Commune,2026-03-24 14:42:03.701372+01,gold_establishments_2025,,,,21550565200010,2025,Collectivité Territoriale,Commune,['Meuse'],['Grand Est'],COM,{55},{44}
2a335545-4e35-4e0e-b879-bf68d8925df9,215405796,Commune de Villers-sous-Prény (54),false,{54579},Commune,2026-03-24 14:42:02.957225+01,gold_establishments_2025,,,,21540579600016,2025,Collectivité Territoriale,Commune,['Meurthe-et-Moselle'],['Grand Est'],COM,{54},{44}
a8f11a31-f168-47cc-9e9f-215424c39222,216006775,Commune de Villers-sous-Saint-Leu (60),false,{60686},Commune,2026-03-24 14:42:04.814328+01,gold_establishments_2025,,,,21600677500011,2025,Collectivité Territoriale,Commune,['Oise'],['Hauts-de-France'],COM,{60},{32}
1ae457bd-6981-4356-932b-1fb95ba19d2b,216006783,Commune de Villers-sur-Auchy (60),false,{60687},Commune,2026-03-24 14:42:04.814328+01,gold_establishments_2025,,,,21600678300015,2025,Collectivité Territoriale,Commune,['Oise'],['Hauts-de-France'],COM,{60},{32}
76be71fd-027d-4f04-870b-247e3ab20698,218007573,Commune de Villers-sur-Authie (80),false,{80806},Commune,2026-03-24 14:42:09.967209+01,gold_establishments_2025,,,,21800757300015,2025,Collectivité Territoriale,Commune,['Somme'],['Hauts-de-France'],COM,{80},{32}
274b893e-c76f-4868-89bc-86a9c9c2c072,210804399,Commune de Villers-sur-Bar (08),false,{08481},Commune,2026-03-24 14:41:53.095366+01,gold_establishments_2025,,,,21080439900017,2025,Collectivité Territoriale,Commune,['Ardennes'],['Grand Est'],COM,{08},{44}
eb56a201-afbd-4b55-958d-400ce2977d85,216006791,Commune de Villers-sur-Bonnières (60),false,{60688},Commune,2026-03-24 14:42:04.814328+01,gold_establishments_2025,,,,21600679100018,2025,Collectivité Territoriale,Commune,['Oise'],['Hauts-de-France'],COM,{60},{32}
cc011a92-210c-4e86-a6a1-064bf3ca5ab9,216006809,Commune de Villers-sur-Coudun (60),false,{60689},Commune,2026-03-24 14:42:04.814328+01,gold_establishments_2025,,,,21600680900018,2025,Collectivité Territoriale,Commune,['Oise'],['Hauts-de-France'],COM,{60},{32}
746e18f9-cea4-4823-aed7-0f7a393384f9,210207890,Commune de Villers-sur-Fère (02),false,{02816},Commune,2026-03-24 14:41:52.020251+01,gold_establishments_2025,,,,21020789000018,2025,Collectivité Territoriale,Commune,['Aisne'],['Hauts-de-France'],COM,{02},{32}
e5381cda-5357-4e82-8e83-6676ff66f65b,211407549,Commune de Villers-sur-Mer (14),false,{14754},Commune,2026-03-24 14:41:54.362296+01,gold_establishments_2025,,,,21140754900016,2025,Collectivité Territoriale,Commune,['Calvados'],['Normandie'],COM,{14},{28}
7edf249a-532c-43f0-9ac7-a24de4b65811,215505660,Commune de Villers-sur-Meuse (55),false,{55566},Commune,2026-03-24 14:42:03.701372+01,gold_establishments_2025,,,,21550566000013,2025,Collectivité Territoriale,Commune,['Meuse'],['Grand Est'],COM,{55},{44}
811887ba-6be2-4ffc-9490-255492a8cb88,215707191,Commune de Villers-sur-Nied (57),false,{57719},Commune,2026-03-24 14:42:04.280096+01,gold_establishments_2025,,,,21570719100015,2025,Collectivité Territoriale,Commune,['Moselle'],['Grand Est'],COM,{57},{44}
b3caeb29-24c1-47d1-b3c0-1a802269ff42,217005669,Commune de Villers-sur-Port (70),false,{70566},Commune,2026-03-24 14:42:07.735343+01,gold_establishments_2025,,,,21700566900015,2025,Collectivité Territoriale,Commune,['Haute-Saône'],['Bourgogne-Franche-Comté'],COM,{70},{27}
a51f0a5e-a351-4eb4-aace-7b00a4849bbc,217005677,Commune de Villers-sur-Saulnot (70),false,{70567},Commune,2026-03-24 14:42:07.735343+01,gold_establishments_2025,,,,21700567700018,2025,Collectivité Territoriale,Commune,['Haute-Saône'],['Bourgogne-Franche-Comté'],COM,{70},{27}
29a477d1-faab-45b9-aafc-6abafa4ee284,210804407,Commune de Villers-sur-le-Mont (08),false,{08482},Commune,2026-03-24 14:41:53.095366+01,gold_establishments_2025,,,,21080440700018,2025,Collectivité Territoriale,Commune,['Ardennes'],['Grand Est'],COM,{08},{44}
68b278a2-1704-4ea4-9203-e4d689d5da19,212706915,Commune de Villers-sur-le-Roule (27),false,{27691},Commune,2026-03-24 14:41:57.028721+01,gold_establishments_2025,,,,21270691500015,2025,Collectivité Territoriale,Commune,['Eure'],['Normandie'],COM,{27},{28}
9d1c3b46-c58c-4659-8231-f058f85f4c50,217607431,Commune de Villers-Écalles (76),false,{76743},Commune,2026-03-24 14:42:08.818969+01,gold_establishments_2025,,,,21760743100012,2025,Collectivité Territoriale,Commune,['Seine-Maritime'],['Normandie'],COM,{76},{28}
49dfdc0b-0513-4a57-ba9e-5aaee02e5330,213905680,Commune de Villerserine (39),false,{39568},Commune,2026-03-24 14:41:59.705606+01,gold_establishments_2025,,,,21390568000012,2025,Collectivité Territoriale,Commune,['Jura'],['Bourgogne-Franche-Comté'],COM,{39},{27}
c3d14088-eab6-4a98-97ef-7a1e311d0e7f,217005610,Commune de Villersexel (70),false,{70561},Commune,2026-03-24 14:42:07.735343+01,gold_establishments_2025,,,,21700561000019,2025,Collectivité Territoriale,Commune,['Haute-Saône'],['Bourgogne-Franche-Comté'],COM,{70},{27}
2b817edb-bc6a-4c23-85bb-3fb29503abc3,215405804,Commune de Villerupt (54),false,{54580},Commune,2026-03-24 14:42:02.957225+01,gold_establishments_2025,,,,21540580400018,2025,Collectivité Territoriale,Commune,['Meurthe-et-Moselle'],['Grand Est'],COM,{54},{44}
8f845d00-2341-470d-8e57-7b32b6384a86,211407556,Commune de Villerville (14),false,{14755},Commune,2026-03-24 14:41:54.362296+01,gold_establishments_2025,,,,21140755600045,2025,Collectivité Territoriale,Commune,['Calvados'],['Normandie'],COM,{14},{28}
4e307ed1-5bd2-4987-9931-5a3fe03a68dc,211004130,Commune de Villery (10),false,{10425},Commune,2026-03-24 14:41:53.095366+01,gold_establishments_2025,,,,21100413000012,2025,Collectivité Territoriale,Commune,['Aube'],['Grand Est'],COM,{10},{44}
35fda45f-30d6-4da5-bb3d-73bef60ab199,214703241,Commune de Villeréal (47),false,{47324},Commune,2026-03-24 14:42:01.412377+01,gold_establishments_2025,,,,21470324100015,2025,Collectivité Territoriale,Commune,['Lot-et-Garonne'],['Nouvelle-Aquitaine'],COM,{47},{75}
a15e8174-f749-4c00-9cbf-05eafec25115,210104485,Commune de Villes (01),false,{01448},Commune,2026-03-24 14:41:51.447482+01,gold_establishments_2025,,,,21010448500011,2025,Collectivité Territoriale,Commune,['Ain'],['Auvergne-Rhône-Alpes'],COM,{01},{84}
05842186-3322-4a12-8db4-846f37f4b4ac,218401487,Commune de Villes-sur-Auzon (84),false,{84148},Commune,2026-03-24 14:42:10.508772+01,gold_establishments_2025,,,,21840148700010,2025,Collectivité Territoriale,Commune,['Vaucluse'],"[""Provence-Alpes-Côte d'Azur""]",COM,{84},{93}
16e18b69-63da-4efe-8c52-c6643a81a062,216006841,Commune de Villeselve (60),false,{60693},Commune,2026-03-24 14:42:04.814328+01,gold_establishments_2025,,,,21600684100011,2025,Collectivité Territoriale,Commune,['Oise'],['Hauts-de-France'],COM,{60},{32}
b28433ba-59db-4ac8-b82c-8d4e77381971,215105917,Commune de Villeseneux (51),false,{51638},Commune,2026-03-24 14:42:01.954481+01,gold_establishments_2025,,,,21510591700011,2025,Collectivité Territoriale,Commune,['Marne'],['Grand Est'],COM,{51},{44}
e73b14bd-8584-42f5-a9c0-7d6d45b1c931,211104385,Commune de Villesiscle (11),false,{11438},Commune,2026-03-24 14:41:53.63825+01,gold_establishments_2025,,,,21110438500011,2025,Collectivité Territoriale,Commune,['Aude'],['Occitanie'],COM,{11},{76}
39b76b17-a79f-49e9-ad48-cfacf11c22f1,213403397,Commune de Villespassans (34),false,{34339},Commune,2026-03-24 14:41:58.620411+01,gold_establishments_2025,,,,21340339700010,2025,Collectivité Territoriale,Commune,['Hérault'],['Occitanie'],COM,{34},{76}
105ce9b7-27d5-4599-912e-e92a40260804,211104393,Commune de Villespy (11),false,{11439},Commune,2026-03-24 14:41:53.63825+01,gold_establishments_2025,,,,21110439300015,2025,Collectivité Territoriale,Commune,['Aude'],['Occitanie'],COM,{11},{76}
c7b3a7f0-10cf-42e4-aa04-71d60ff2d19a,214603359,Commune de Villesèque (46),false,{46335},Commune,2026-03-24 14:42:00.862623+01,gold_establishments_2025,,,,21460335900016,2025,Collectivité Territoriale,Commune,['Lot'],['Occitanie'],COM,{46},{76}
dab8bfab-9ed9-4257-8f51-48c6db243991,211104369,Commune de Villesèque-des-Corbières (11),false,{11436},Commune,2026-03-24 14:41:53.63825+01,gold_establishments_2025,,,,21110436900064,2025,Collectivité Territoriale,Commune,['Aude'],['Occitanie'],COM,{11},{76}
986e6194-6c59-481c-8867-8bc92df2bd7d,211104377,Commune de Villesèquelande (11),false,{11437},Commune,2026-03-24 14:41:53.63825+01,gold_establishments_2025,,,,21110437700018,2025,Collectivité Territoriale,Commune,['Aude'],['Occitanie'],COM,{11},{76}
b147da2f-c149-446f-a871-1dcb1c9a1480,219300795,Commune de Villetaneuse (93),false,{93079},Commune,2026-03-24 14:42:11.659493+01,gold_establishments_2025,,,,21930079500123,2025,Collectivité Territoriale,Commune,['Seine-Saint-Denis'],['Île-de-France'],COM,{93},{11}
a7d16aba-727d-4086-9836-9079d9cbafa4,213403405,Commune de Villetelle (34),false,{34340},Commune,2026-03-24 14:41:58.620411+01,gold_establishments_2025,,,,21340340500011,2025,Collectivité Territoriale,Commune,['Hérault'],['Occitanie'],COM,{34},{76}
198efda5-bd4b-4d19-abdb-2153baf9f34c,218904670,Commune de Villethierry (89),false,{89467},Commune,2026-03-24 14:42:11.659493+01,gold_establishments_2025,,,,21890467000013,2025,Collectivité Territoriale,Commune,['Yonne'],['Bourgogne-Franche-Comté'],COM,{89},{27}
42e19fc1-9263-4ef5-bf89-c4f4f1cd3cb4,214703258,Commune de Villeton (47),false,{47325},Commune,2026-03-24 14:42:01.412377+01,gold_establishments_2025,,,,21470325800019,2025,Collectivité Territoriale,Commune,['Lot-et-Garonne'],['Nouvelle-Aquitaine'],COM,{47},{75}
106d3ca6-88ff-4f03-a017-798d8e30d4d1,212405864,Commune de Villetoureix (24),false,{24586},Commune,2026-03-24 14:41:55.958138+01,gold_establishments_2025,,,,21240586400019,2025,Collectivité Territoriale,Commune,['Dordogne'],['Nouvelle-Aquitaine'],COM,{24},{75}
a10de6b3-fb6e-477d-b9bf-10e7ecc5c214,211104401,Commune de Villetritouls (11),false,{11440},Commune,2026-03-24 14:41:53.63825+01,gold_establishments_2025,,,,21110440100016,2025,Collectivité Territoriale,Commune,['Aude'],['Occitanie'],COM,{11},{76}
ec4a8948-d4ed-478c-9f65-b649434cc054,214102915,Commune de Villetrun (41),false,{41291},Commune,2026-03-24 14:42:00.273698+01,gold_establishments_2025,,,,21410291500011,2025,Collectivité Territoriale,Commune,['Loir-et-Cher'],['Centre-Val de Loire'],COM,{41},{24}
9f2ec7db-f1fd-4d0a-9079-e3fae85382ab,215405820,Commune de Villette (54),false,{54582},Commune,2026-03-24 14:42:02.957225+01,gold_establishments_2025,,,,21540582000014,2025,Collectivité Territoriale,Commune,['Meurthe-et-Moselle'],['Grand Est'],COM,{54},{44}
e99da45a-15f9-47d1-9b42-25485f8195a0,217806777,Commune de Villette (78),false,{78677},Commune,2026-03-24 14:42:09.43682+01,gold_establishments_2025,,,,21780677700017,2025,Collectivité Territoriale,Commune,['Yvelines'],['Île-de-France'],COM,{78},{11}
8b121798-4839-4a14-bf72-1ff60c90d089,213805575,Commune de Villette-d'Anthon (38),false,{38557},Commune,2026-03-24 14:41:59.705606+01,gold_establishments_2025,,,,21380557500015,2025,Collectivité Territoriale,Commune,['Isère'],['Auvergne-Rhône-Alpes'],COM,{38},{84}
509c2341-8dc4-4908-b057-13ed069a0e76,213805583,Commune de Villette-de-Vienne (38),false,{38558},Commune,2026-03-24 14:41:59.705606+01,gold_establishments_2025,,,,21380558300019,2025,Collectivité Territoriale,Commune,['Isère'],['Auvergne-Rhône-Alpes'],COM,{38},{84}
f5995dc3-d37d-4058-a057-c34523477770,213905722,Commune de Villette-lès-Arbois (39),false,{39572},Commune,2026-03-24 14:41:59.705606+01,gold_establishments_2025,,,,21390572200012,2025,Collectivité Territoriale,Commune,['Jura'],['Bourgogne-Franche-Comté'],COM,{39},{27}
c9c273c3-2270-4e94-9ecf-d068f34c1c0e,213905730,Commune de Villette-lès-Dole (39),false,{39573},Commune,2026-03-24 14:41:59.705606+01,gold_establishments_2025,,,,21390573000015,2025,Collectivité Territoriale,Commune,['Jura'],['Bourgogne-Franche-Comté'],COM,{39},{27}
eed42781-200e-4417-b05a-f01af19d20b1,210104493,Commune de Villette-sur-Ain (01),false,{01449},Commune,2026-03-24 14:41:51.447482+01,gold_establishments_2025,,,,21010449300015,2025,Collectivité Territoriale,Commune,['Ain'],['Auvergne-Rhône-Alpes'],COM,{01},{84}
7dba452c-5ac9-4217-8869-d6a785936514,211004148,Commune de Villette-sur-Aube (10),false,{10429},Commune,2026-03-24 14:41:53.095366+01,gold_establishments_2025,,,,21100414800014,2025,Collectivité Territoriale,Commune,['Aube'],['Grand Est'],COM,{10},{44}
2a144c1a-367b-498d-9c17-c1ac5780c0c0,212706923,Commune de Villettes (27),false,{27692},Commune,2026-03-24 14:41:57.028721+01,gold_establishments_2025,,,,21270692300019,2025,Collectivité Territoriale,Commune,['Eure'],['Normandie'],COM,{27},{28}
c223d23a-5c07-4c3a-a031-8849bf50db6c,216902668,Commune de Villeurbanne (69),false,{69266},Commune,2026-03-24 14:42:07.735343+01,gold_establishments_2025,,,,21690266800013,2025,Collectivité Territoriale,Commune,['Rhône'],['Auvergne-Rhône-Alpes'],COM,{69},{84}
6fa3a9fb-daf8-4d2f-9858-e98a60d101fd,218904688,Commune de Villevallier (89),false,{89468},Commune,2026-03-24 14:42:11.659493+01,gold_establishments_2025,,,,21890468800015,2025,Collectivité Territoriale,Commune,['Yonne'],['Bourgogne-Franche-Comté'],COM,{89},{27}
ad55507a-e59c-4df6-879b-d0d581ecdd11,217705177,Commune de Villevaudé (77),false,{77517},Commune,2026-03-24 14:42:09.43682+01,gold_establishments_2025,,,,21770517700012,2025,Collectivité Territoriale,Commune,['Seine-et-Marne'],['Île-de-France'],COM,{77},{11}
140b1f79-f973-4462-9404-be9b5a9699dc,215105941,Commune de Villevenard (51),false,{51641},Commune,2026-03-24 14:42:01.954481+01,gold_establishments_2025,,,,21510594100011,2025,Collectivité Territoriale,Commune,['Marne'],['Grand Est'],COM,{51},{44}
33200143-9256-451e-855e-774f1bf8e758,213403413,Commune de Villeveyrac (34),false,{34341},Commune,2026-03-24 14:41:58.620411+01,gold_establishments_2025,,,,21340341300015,2025,Collectivité Territoriale,Commune,['Hérault'],['Occitanie'],COM,{34},{76}
94017d4f-6a2e-4b2c-9056-3f2549c8705e,213003528,Commune de Villevieille (30),false,{30352},Commune,2026-03-24 14:41:57.56054+01,gold_establishments_2025,,,,21300352800014,2025,Collectivité Territoriale,Commune,['Gard'],['Occitanie'],COM,{30},{76}
616a5708-6b43-49cb-af75-cad6773d07ea,213905748,Commune de Villevieux (39),false,{39574},Commune,2026-03-24 14:41:59.705606+01,gold_establishments_2025,,,,21390574800017,2025,Collectivité Territoriale,Commune,['Jura'],['Bourgogne-Franche-Comté'],COM,{39},{27}
5ec48351-ee3f-43ac-8155-8ba15294d081,210703427,Commune de Villevocance (07),false,{07342},Commune,2026-03-24 14:41:52.562531+01,gold_establishments_2025,,,,21070342700018,2025,Collectivité Territoriale,Commune,['Ardèche'],['Auvergne-Rhône-Alpes'],COM,{07},{84}
135a3c29-4d9d-4c59-b847-60ac48ca94ad,214503435,Commune de Villevoques (45),false,{45343},Commune,2026-03-24 14:42:00.862623+01,gold_establishments_2025,,,,21450343500015,2025,Collectivité Territoriale,Commune,['Loiret'],['Centre-Val de Loire'],COM,{45},{24}
6795d32b-b131-41ed-a9c3-d186de01432b,214102923,Commune de Villexanton (41),false,{41292},Commune,2026-03-24 14:42:00.273698+01,gold_establishments_2025,,,,21410292300015,2025,Collectivité Territoriale,Commune,['Loir-et-Cher'],['Centre-Val de Loire'],COM,{41},{24}
db092447-72ae-4f4d-ac47-c3051e5e6589,211704762,Commune de Villexavier (17),false,{17476},Commune,2026-03-24 14:41:54.903238+01,gold_establishments_2025,,,,21170476200015,2025,Collectivité Territoriale,Commune,['Charente-Maritime'],['Nouvelle-Aquitaine'],COM,{17},{75}
aa63493a-c254-4510-bddf-44c1cad48bcd,215405846,Commune de Villey-Saint-Étienne (54),false,{54584},Commune,2026-03-24 14:42:02.957225+01,gold_establishments_2025,,,,21540584600076,2025,Collectivité Territoriale,Commune,['Meurthe-et-Moselle'],['Grand Est'],COM,{54},{44}
87ebc44d-ff89-414a-a4c2-f717b6bda15b,215405838,Commune de Villey-le-Sec (54),false,{54583},Commune,2026-03-24 14:42:02.957225+01,gold_establishments_2025,,,,21540583800016,2025,Collectivité Territoriale,Commune,['Meurthe-et-Moselle'],['Grand Est'],COM,{54},{44}
d3beccb8-09d8-47c3-a6b4-a9ab0756985a,212107023,Commune de Villey-sur-Tille (21),false,{21702},Commune,2026-03-24 14:41:55.433389+01,gold_establishments_2025,,,,21210702300013,2025,Collectivité Territoriale,Commune,"[""Côte-d'Or""]",['Bourgogne-Franche-Comté'],COM,{21},{27}
3b0171b1-2c9f-4761-ba9c-fd5e4605cba0,212706949,Commune de Villez-sous-Bailleul (27),false,{27694},Commune,2026-03-24 14:41:57.028721+01,gold_establishments_2025,,,,21270694900014,2025,Collectivité Territoriale,Commune,['Eure'],['Normandie'],COM,{27},{28}
5d05c73f-0e62-4232-86cd-1673bfb113b9,212706956,Commune de Villez-sur-le-Neubourg (27),false,{27695},Commune,2026-03-24 14:41:57.028721+01,gold_establishments_2025,,,,21270695600019,2025,Collectivité Territoriale,Commune,['Eure'],['Normandie'],COM,{27},{28}
5ee19d59-be66-4c2b-bc02-6fed512e6ce0,213602469,Commune de Villiers (36),false,{36246},Commune,2026-03-24 14:41:59.160244+01,gold_establishments_2025,,,,21360246900016,2025,Collectivité Territoriale,Commune,['Indre'],['Centre-Val de Loire'],COM,{36},{24}
a868339a-db41-421c-ab6e-f4bcfc6fb6ce,218602928,Commune de Villiers (86),false,{86292},Commune,2026-03-24 14:42:11.118516+01,gold_establishments_2025,,,,21860292800010,2025,Collectivité Territoriale,Commune,['Vienne'],['Nouvelle-Aquitaine'],COM,{86},{75}
63635a2f-ff4f-4571-8c3e-b5d2bc227c7d,219506789,Commune de Villiers-Adam (95),false,{95678},Commune,2026-03-24 14:42:11.659493+01,gold_establishments_2025,,,,21950678900011,2025,Collectivité Territoriale,Commune,"[""Val-d'Oise""]",['Île-de-France'],COM,{95},{11}
1df1ee46-786a-48e8-9ed7-498807a2899c,215302738,Commune de Villiers-Charlemagne (53),false,{53273},Commune,2026-03-24 14:42:02.957225+01,gold_establishments_2025,,,,21530273800087,2025,Collectivité Territoriale,Commune,['Mayenne'],['Pays de la Loire'],COM,{53},{52}
d21c5257-249c-4977-a681-4b59efbcbfe0,211704770,Commune de Villiers-Couture (17),false,{17477},Commune,2026-03-24 14:41:54.903238+01,gold_establishments_2025,,,,21170477000018,2025,Collectivité Territoriale,Commune,['Charente-Maritime'],['Nouvelle-Aquitaine'],COM,{17},{75}
bb973b86-bb16-4bf8-b91c-e5274127c6c1,215006412,Commune de Villiers-Fossard (50),false,{50641},Commune,2026-03-24 14:42:01.412377+01,gold_establishments_2025,,,,21500641200013,2025,Collectivité Territoriale,Commune,['Manche'],['Normandie'],COM,{50},{28}
6049f0aa-5d25-4bcc-9ea3-02d40882afae,211004155,Commune de Villiers-Herbisse (10),false,{10430},Commune,2026-03-24 14:41:53.095366+01,gold_establishments_2025,,,,21100415500019,2025,Collectivité Territoriale,Commune,['Aube'],['Grand Est'],COM,{10},{44}
e76483be-55ed-4d36-b408-4a46ba619acb,218904712,Commune de Villiers-Louis (89),false,{89471},Commune,2026-03-24 14:42:11.659493+01,gold_establishments_2025,,,,21890471200013,2025,Collectivité Territoriale,Commune,['Yonne'],['Bourgogne-Franche-Comté'],COM,{89},{27}
0ef70a11-8553-433b-a88b-2041407ec8a2,218904720,Commune de Villiers-Saint-Benoît (89),false,{89472},Commune,2026-03-24 14:42:11.659493+01,gold_establishments_2025,,,,21890472000016,2025,Collectivité Territoriale,Commune,['Yonne'],['Bourgogne-Franche-Comté'],COM,{89},{27}
b31e64f2-9118-49fa-9cae-1b93826056e0,210207916,Commune de Villiers-Saint-Denis (02),false,{02818},Commune,2026-03-24 14:41:52.020251+01,gold_establishments_2025,,,,21020791600011,2025,Collectivité Territoriale,Commune,['Aisne'],['Hauts-de-France'],COM,{02},{32}
1e63ea24-b5a0-48ee-8b91-f250d9bf583d,217806835,Commune de Villiers-Saint-Frédéric (78),false,{78683},Commune,2026-03-24 14:42:09.43682+01,gold_establishments_2025,,,,21780683500054,2025,Collectivité Territoriale,Commune,['Yvelines'],['Île-de-France'],COM,{78},{11}
faf0c81c-6849-460d-88bb-37229d822f89,217705193,Commune de Villiers-Saint-Georges (77),false,{77519},Commune,2026-03-24 14:42:09.43682+01,gold_establishments_2025,,,,21770519300019,2025,Collectivité Territoriale,Commune,['Seine-et-Marne'],['Île-de-France'],COM,{77},{11}
e6e8ebeb-1dd4-432a-acac-e452152b3e6d,212804181,Commune de Villiers-Saint-Orien (28),false,{28418},Commune,2026-03-24 14:41:57.028721+01,gold_establishments_2025,,,,21280418100015,2025,Collectivité Territoriale,Commune,['Eure-et-Loir'],['Centre-Val de Loire'],COM,{28},{24}
3ab6c608-6f33-4c0f-87ce-1bfb7bf04cd3,218904746,Commune de Villiers-Vineux (89),false,{89474},Commune,2026-03-24 14:42:11.659493+01,gold_establishments_2025,,,,21890474600011,2025,Collectivité Territoriale,Commune,['Yonne'],['Bourgogne-Franche-Comté'],COM,{89},{27}
554259d9-9ded-492c-9f1f-54b2251871f0,213702798,Commune de Villiers-au-Bouin (37),false,{37279},Commune,2026-03-24 14:41:59.160244+01,gold_establishments_2025,,,,21370279800017,2025,Collectivité Territoriale,Commune,['Indre-et-Loire'],['Centre-Val de Loire'],COM,{37},{24}
5273fdce-2ce6-4387-96bf-d0ba42a9d5d2,215105958,Commune de Villiers-aux-Corneilles (51),false,{51642},Commune,2026-03-24 14:42:01.954481+01,gold_establishments_2025,,,,21510595800015,2025,Collectivité Territoriale,Commune,['Marne'],['Grand Est'],COM,{51},{44}
7f274dc4-92c4-45f1-ba10-cff08b57e4c4,217705185,Commune de Villiers-en-Bière (77),false,{77518},Commune,2026-03-24 14:42:09.43682+01,gold_establishments_2025,,,,21770518500015,2025,Collectivité Territoriale,Commune,['Seine-et-Marne'],['Île-de-France'],COM,{77},{11}
494fd930-dcf4-498c-9b40-725bfaf734e4,217903509,Commune de Villiers-en-Bois (79),false,{79350},Commune,2026-03-24 14:42:09.43682+01,gold_establishments_2025,,,,21790350900016,2025,Collectivité Territoriale,Commune,['Deux-Sèvres'],['Nouvelle-Aquitaine'],COM,{79},{75}
ac2c6c36-99fc-4afd-aa37-f2b05204f40c,212706964,Commune de Villiers-en-Désœuvre (27),false,{27696},Commune,2026-03-24 14:41:57.028721+01,gold_establishments_2025,,,,21270696400013,2025,Collectivité Territoriale,Commune,['Eure'],['Normandie'],COM,{27},{28}
d02f3572-9f68-43f8-b169-a6eda55641b4,215203811,Commune de Villiers-en-Lieu (52),false,{52534},Commune,2026-03-24 14:42:01.954481+01,gold_establishments_2025,,,,21520381100017,2025,Collectivité Territoriale,Commune,['Haute-Marne'],['Grand Est'],COM,{52},{44}
c460575e-fc56-4062-b120-4cc16d35d668,212107031,Commune de Villiers-en-Morvan (21),false,{21703},Commune,2026-03-24 14:41:55.433389+01,gold_establishments_2025,,,,21210703100016,2025,Collectivité Territoriale,Commune,"[""Côte-d'Or""]",['Bourgogne-Franche-Comté'],COM,{21},{27}
5316af6a-e171-46bb-ade0-284aae587feb,217903517,Commune de Villiers-en-Plaine (79),false,{79351},Commune,2026-03-24 14:42:09.43682+01,gold_establishments_2025,,,,21790351700019,2025,Collectivité Territoriale,Commune,['Deux-Sèvres'],['Nouvelle-Aquitaine'],COM,{79},{75}
d2371bc1-17c2-4821-82e6-282dac9eb238,219506805,Commune de Villiers-le-Bel (95),false,{95680},Commune,2026-03-24 14:42:11.659493+01,gold_establishments_2025,,,,21950680500015,2025,Collectivité Territoriale,Commune,"[""Val-d'Oise""]",['Île-de-France'],COM,{95},{11}
36a018e3-4772-43b8-a9a1-8c6201883ee2,211004163,Commune de Villiers-le-Bois (10),false,{10431},Commune,2026-03-24 14:41:53.095366+01,gold_establishments_2025,,,,21100416300013,2025,Collectivité Territoriale,Commune,['Aube'],['Grand Est'],COM,{10},{44}
265869ba-ae99-42de-b154-f984c80d29d8,219106796,Commune de Villiers-le-Bâcle (91),false,{91679},Commune,2026-03-24 14:42:11.659493+01,gold_establishments_2025,,,,21910679600010,2025,Collectivité Territoriale,Commune,['Essonne'],['Île-de-France'],COM,{91},{11}
4230409c-b738-4f83-ac7c-bc68acbf3bec,212107049,Commune de Villiers-le-Duc (21),false,{21704},Commune,2026-03-24 14:41:55.433389+01,gold_establishments_2025,,,,21210704900018,2025,Collectivité Territoriale,Commune,"[""Côte-d'Or""]",['Bourgogne-Franche-Comté'],COM,{21},{27}
edb3779d-8c8d-4f15-8e1f-ff0da5bbcccc,217806819,Commune de Villiers-le-Mahieu (78),false,{78681},Commune,2026-03-24 14:42:09.43682+01,gold_establishments_2025,,,,21780681900017,2025,Collectivité Territoriale,Commune,['Yvelines'],['Île-de-France'],COM,{78},{11}
0f74dbd7-3b76-43db-a4b4-20666ef3c50c,212804173,Commune de Villiers-le-Morhier (28),false,{28417},Commune,2026-03-24 14:41:57.028721+01,gold_establishments_2025,,,,21280417300012,2025,Collectivité Territoriale,Commune,['Eure-et-Loir'],['Centre-Val de Loire'],COM,{28},{24}
05b60f6c-4974-4072-9669-5688bcb7efc7,211604137,Commune de Villiers-le-Roux (16),false,{16413},Commune,2026-03-24 14:41:54.903238+01,gold_establishments_2025,,,,21160413700011,2025,Collectivité Territoriale,Commune,['Charente'],['Nouvelle-Aquitaine'],COM,{16},{75}
3f50494b-0797-455e-96a8-80ca589306e8,215203829,Commune de Villiers-le-Sec (52),false,{52535},Commune,2026-03-24 14:42:01.954481+01,gold_establishments_2025,,,,21520382900019,2025,Collectivité Territoriale,Commune,['Haute-Marne'],['Grand Est'],COM,{52},{44}
6634b172-6796-49f7-826c-b107bbacc573,215803107,Commune de Villiers-le-Sec (58),false,{58310},Commune,2026-03-24 14:42:04.280096+01,gold_establishments_2025,,,,21580310700014,2025,Collectivité Territoriale,Commune,['Nièvre'],['Bourgogne-Franche-Comté'],COM,{58},{27}
3072be2d-0194-455a-82fb-68723876ee18,219506821,Commune de Villiers-le-Sec (95),false,{95682},Commune,2026-03-24 14:42:11.659493+01,gold_establishments_2025,,,,21950682100012,2025,Collectivité Territoriale,Commune,"[""Val-d'Oise""]",['Île-de-France'],COM,{95},{11}
75d4741d-2bed-47f2-8dbe-5b120bc81c29,218904704,Commune de Villiers-les-Hauts (89),false,{89470},Commune,2026-03-24 14:42:11.659493+01,gold_establishments_2025,,,,21890470400010,2025,Collectivité Territoriale,Commune,['Yonne'],['Bourgogne-Franche-Comté'],COM,{89},{27}
da6e6a9a-ed5e-496f-8b72-13d97f4b49ea,215203837,Commune de Villiers-lès-Aprey (52),false,{52536},Commune,2026-03-24 14:42:01.954481+01,gold_establishments_2025,,,,21520383700012,2025,Collectivité Territoriale,Commune,['Haute-Marne'],['Grand Est'],COM,{52},{44}
146e82bb-5f12-4135-a860-101def174106,217705201,Commune de Villiers-sous-Grez (77),false,{77520},Commune,2026-03-24 14:42:09.43682+01,gold_establishments_2025,,,,21770520100010,2025,Collectivité Territoriale,Commune,['Seine-et-Marne'],['Île-de-France'],COM,{77},{11}
a79a7a54-31c6-4923-ad33-8d9350ef8a70,216105072,Commune de Villiers-sous-Mortagne (61),false,{61507},Commune,2026-03-24 14:42:05.597325+01,gold_establishments_2025,,,,21610507200013,2025,Collectivité Territoriale,Commune,['Orne'],['Normandie'],COM,{61},{28}
e3277982-2c4a-49d2-9edc-d2627aa84b0e,211004171,Commune de Villiers-sous-Praslin (10),false,{10432},Commune,2026-03-24 14:41:53.095366+01,gold_establishments_2025,,,,21100417100016,2025,Collectivité Territoriale,Commune,['Aube'],['Grand Est'],COM,{10},{44}
bf294963-2aeb-4891-a896-c6b9f0588802,217903525,Commune de Villiers-sur-Chizé (79),false,{79352},Commune,2026-03-24 14:42:09.43682+01,gold_establishments_2025,,,,21790352500012,2025,Collectivité Territoriale,Commune,['Deux-Sèvres'],['Nouvelle-Aquitaine'],COM,{79},{75}
87f7f1e3-7e86-4ab0-a411-8896c4e3b883,214102949,Commune de Villiers-sur-Loir (41),false,{41294},Commune,2026-03-24 14:42:00.273698+01,gold_establishments_2025,,,,21410294900010,2025,Collectivité Territoriale,Commune,['Loir-et-Cher'],['Centre-Val de Loire'],COM,{41},{24}
c62da9e7-5f8f-4693-b05f-d156fa372cbd,219400793,Commune de Villiers-sur-Marne (94),false,{94079},Commune,2026-03-24 14:42:11.659493+01,gold_establishments_2025,,,,21940079300010,2025,Collectivité Territoriale,Commune,['Val-de-Marne'],['Île-de-France'],COM,{94},{11}
cca28017-cfb4-4b8b-9f7e-4ae224648470,217705219,Commune de Villiers-sur-Morin (77),false,{77521},Commune,2026-03-24 14:42:09.43682+01,gold_establishments_2025,,,,21770521900012,2025,Collectivité Territoriale,Commune,['Seine-et-Marne'],['Île-de-France'],COM,{77},{11}
70c1f146-135d-41b8-a94c-9ca36b1e0d47,219106853,Commune de Villiers-sur-Orge (91),false,{91685},Commune,2026-03-24 14:42:11.659493+01,gold_establishments_2025,,,,21910685300019,2025,Collectivité Territoriale,Commune,['Essonne'],['Île-de-France'],COM,{91},{11}
6e574ead-e327-4a1c-8508-aa238ebebb0c,217705227,Commune de Villiers-sur-Seine (77),false,{77522},Commune,2026-03-24 14:42:09.43682+01,gold_establishments_2025,,,,21770522700015,2025,Collectivité Territoriale,Commune,['Seine-et-Marne'],['Île-de-France'],COM,{77},{11}
c7b4dc10-09f1-432d-895e-f3a9ca6e2544,215203845,Commune de Villiers-sur-Suize (52),false,{52538},Commune,2026-03-24 14:42:01.954481+01,gold_establishments_2025,,,,21520384500015,2025,Collectivité Territoriale,Commune,['Haute-Marne'],['Grand Est'],COM,{52},{44}
91139b25-b350-4972-a1ef-e0f25792b851,215803123,Commune de Villiers-sur-Yonne (58),false,{58312},Commune,2026-03-24 14:42:04.280096+01,gold_establishments_2025,,,,21580312300011,2025,Collectivité Territoriale,Commune,['Nièvre'],['Bourgogne-Franche-Comté'],COM,{58},{27}
540b01e2-b8c6-445d-b6e2-6b3cd847ce6d,214102931,Commune de Villiersfaux (41),false,{41293},Commune,2026-03-24 14:42:00.273698+01,gold_establishments_2025,,,,21410293100018,2025,Collectivité Territoriale,Commune,['Loir-et-Cher'],['Centre-Val de Loire'],COM,{41},{24}
50e62e7b-8029-412d-8573-c7c7affcf1d1,210104501,Commune de Villieu-Loyes-Mollon (01),false,{01450},Commune,2026-03-24 14:41:51.447482+01,gold_establishments_2025,,,,21010450100015,2025,Collectivité Territoriale,Commune,['Ain'],['Auvergne-Rhône-Alpes'],COM,{01},{84}
40dafdb7-2f54-47f4-a5cb-acfedb285417,215707209,Commune de Villing (57),false,{57720},Commune,2026-03-24 14:42:04.280096+01,gold_establishments_2025,,,,21570720900015,2025,Collectivité Territoriale,Commune,['Moselle'],['Grand Est'],COM,{57},{44}
ee6f014e-eb67-48d6-9825-7167677dcc82,216902676,Commune de Villié-Morgon (69),false,{69267},Commune,2026-03-24 14:42:07.735343+01,gold_establishments_2025,,,,21690267600016,2025,Collectivité Territoriale,Commune,['Rhône'],['Auvergne-Rhône-Alpes'],COM,{69},{84}
b65ab069-418e-40c4-89c8-5f81f0df5764,211604145,Commune de Villognon (16),false,{16414},Commune,2026-03-24 14:41:54.903238+01,gold_establishments_2025,,,,21160414500014,2025,Collectivité Territoriale,Commune,['Charente'],['Nouvelle-Aquitaine'],COM,{16},{75}
08f46254-fd3b-4110-9d3e-3d6ec57c30f6,218904753,Commune de Villon (89),false,{89475},Commune,2026-03-24 14:42:11.659493+01,gold_establishments_2025,,,,21890475300017,2025,Collectivité Territoriale,Commune,['Yonne'],['Bourgogne-Franche-Comté'],COM,{89},{27}
49a42e2c-d00a-4618-8522-7d9c7bccc049,218805091,Commune de Villoncourt (88),false,{88509},Commune,2026-03-24 14:42:11.118516+01,gold_establishments_2025,,,,21880509100012,2025,Collectivité Territoriale,Commune,['Vosges'],['Grand Est'],COM,{88},{44}
82183024-70d6-4586-8b5a-e94d8fd2c047,211407580,Commune de Villons-les-Buissons (14),false,{14758},Commune,2026-03-24 14:41:54.362296+01,gold_establishments_2025,,,,21140758000011,2025,Collectivité Territoriale,Commune,['Calvados'],['Normandie'],COM,{14},{28}
f2e1acc3-0c6a-4ddd-beea-0823cf93d796,214503443,Commune de Villorceau (45),false,{45344},Commune,2026-03-24 14:42:00.862623+01,gold_establishments_2025,,,,21450344300019,2025,Collectivité Territoriale,Commune,['Loiret'],['Centre-Val de Loire'],COM,{45},{24}
d0d0dce1-6d5f-4168-ad9b-b32ebaa8d350,216304600,Commune de Villossanges (63),false,{63460},Commune,2026-03-24 14:42:06.130387+01,gold_establishments_2025,,,,21630460000010,2025,Collectivité Territoriale,Commune,['Puy-de-Dôme'],['Auvergne-Rhône-Alpes'],COM,{63},{84}
ba42466d-5913-4819-bc42-3333f500efd1,218805109,Commune de Villotte (88),false,{88510},Commune,2026-03-24 14:42:11.118516+01,gold_establishments_2025,,,,21880510900012,2025,Collectivité Territoriale,Commune,['Vosges'],['Grand Est'],COM,{88},{44}
aa9d673d-e731-4378-858d-d74b4bc0813d,212107056,Commune de Villotte-Saint-Seine (21),false,{21705},Commune,2026-03-24 14:41:55.433389+01,gold_establishments_2025,,,,21210705600013,2025,Collectivité Territoriale,Commune,"[""Côte-d'Or""]",['Bourgogne-Franche-Comté'],COM,{21},{27}
67684e07-184b-4801-9a5d-512cb06f2fac,215505694,Commune de Villotte-devant-Louppy (55),false,{55569},Commune,2026-03-24 14:42:03.701372+01,gold_establishments_2025,,,,21550569400012,2025,Collectivité Territoriale,Commune,['Meuse'],['Grand Est'],COM,{55},{44}
f2a82c5d-4ca4-4552-84d6-e697c85aa5f1,215505702,Commune de Villotte-sur-Aire (55),false,{55570},Commune,2026-03-24 14:42:03.701372+01,gold_establishments_2025,,,,21550570200013,2025,Collectivité Territoriale,Commune,['Meuse'],['Grand Est'],COM,{55},{44}
4ada5560-b07c-4b49-9f2c-f5758d8b6875,212107064,Commune de Villotte-sur-Ource (21),false,{21706},Commune,2026-03-24 14:41:55.433389+01,gold_establishments_2025,,,,21210706400017,2025,Collectivité Territoriale,Commune,"[""Côte-d'Or""]",['Bourgogne-Franche-Comté'],COM,{21},{27}
cbe5ac37-96cf-40d8-bce5-b6afc6244682,218805117,Commune de Villouxel (88),false,{88511},Commune,2026-03-24 14:42:11.118516+01,gold_establishments_2025,,,,21880511700015,2025,Collectivité Territoriale,Commune,['Vosges'],['Grand Est'],COM,{88},{44}
bd3ab605-e8dc-4fa1-b97f-a28685c24313,217705235,Commune de Villuis (77),false,{77523},Commune,2026-03-24 14:42:09.43682+01,gold_establishments_2025,,,,21770523500018,2025,Collectivité Territoriale,Commune,['Seine-et-Marne'],['Île-de-France'],COM,{77},{11}
244a5ac1-32f2-4955-bf5b-68d11b7bfe06,210804431,Commune de Villy (08),false,{08485},Commune,2026-03-24 14:41:53.095366+01,gold_establishments_2025,,,,21080443100018,2025,Collectivité Territoriale,Commune,['Ardennes'],['Grand Est'],COM,{08},{44}
ab5871b8-e27a-4a33-8c04-edc918dbc7d0,218904779,Commune de Villy (89),false,{89477},Commune,2026-03-24 14:42:11.659493+01,gold_establishments_2025,,,,21890477900012,2025,Collectivité Territoriale,Commune,['Yonne'],['Bourgogne-Franche-Comté'],COM,{89},{27}
1ba16451-6a99-484e-ac66-a5dbea53c515,211407606,Commune de Villy-Bocage (14),false,{14760},Commune,2026-03-24 14:41:54.362296+01,gold_establishments_2025,,,,21140760600014,2025,Collectivité Territoriale,Commune,['Calvados'],['Normandie'],COM,{14},{28}
f76133bd-557a-4ac5-b97e-20bd4723eae8,212107072,Commune de Villy-en-Auxois (21),false,{21707},Commune,2026-03-24 14:41:55.433389+01,gold_establishments_2025,,,,21210707200010,2025,Collectivité Territoriale,Commune,"[""Côte-d'Or""]",['Bourgogne-Franche-Comté'],COM,{21},{27}
7f139b59-1b8f-4741-aef1-7067811abea6,211004189,Commune de Villy-en-Trodes (10),false,{10433},Commune,2026-03-24 14:41:53.095366+01,gold_establishments_2025,,,,21100418900018,2025,Collectivité Territoriale,Commune,['Aube'],['Grand Est'],COM,{10},{44}
79f73305-ae38-41c6-935c-4e9ccdd82b00,211004197,Commune de Villy-le-Bois (10),false,{10434},Commune,2026-03-24 14:41:53.095366+01,gold_establishments_2025,,,,21100419700011,2025,Collectivité Territoriale,Commune,['Aube'],['Grand Est'],COM,{10},{44}
f7afa5be-6ba1-4675-b575-abb6dc367252,217403062,Commune de Villy-le-Bouveret (74),false,{74306},Commune,2026-03-24 14:42:08.818969+01,gold_establishments_2025,,,,21740306200011,2025,Collectivité Territoriale,Commune,['Haute-Savoie'],['Auvergne-Rhône-Alpes'],COM,{74},{84}
af8f0e3c-8fa7-43f3-880a-891f9242f197,211004205,Commune de Villy-le-Maréchal (10),false,{10435},Commune,2026-03-24 14:41:53.095366+01,gold_establishments_2025,,,,21100420500012,2025,Collectivité Territoriale,Commune,['Aube'],['Grand Est'],COM,{10},{44}
b152451c-f665-4c9f-8590-e4f657e2f0fb,212107080,Commune de Villy-le-Moutier (21),false,{21708},Commune,2026-03-24 14:41:55.433389+01,gold_establishments_2025,,,,21210708000013,2025,Collectivité Territoriale,Commune,"[""Côte-d'Or""]",['Bourgogne-Franche-Comté'],COM,{21},{27}
cf0fa7c2-7e41-4e7d-9f6c-f7b86ebc867e,217403070,Commune de Villy-le-Pelloux (74),false,{74307},Commune,2026-03-24 14:42:08.818969+01,gold_establishments_2025,,,,21740307000014,2025,Collectivité Territoriale,Commune,['Haute-Savoie'],['Auvergne-Rhône-Alpes'],COM,{74},{84}
d25148fa-a9fc-45a5-b702-e88771fdc1f3,211407598,Commune de Villy-lez-Falaise (14),false,{14759},Commune,2026-03-24 14:41:54.362296+01,gold_establishments_2025,,,,21140759800013,2025,Collectivité Territoriale,Commune,['Calvados'],['Normandie'],COM,{14},{28}
df59569f-a852-4eac-a107-942bbd52ee4b,217607456,Commune de Villy-sur-Yères (76),false,{76745},Commune,2026-03-24 14:42:08.818969+01,gold_establishments_2025,,,,21760745600019,2025,Collectivité Territoriale,Commune,['Seine-Maritime'],['Normandie'],COM,{76},{28}
da5d4a80-4652-4613-9d46-815c2a77e38c,216705079,Commune de Villé (67),false,{67507},Commune,2026-03-24 14:42:07.195692+01,gold_establishments_2025,,,,21670507900012,2025,Collectivité Territoriale,Commune,['Bas-Rhin'],['Grand Est'],COM,{67},{44}
5d0c7d5e-6345-4ee3-a14f-09fa5953fe63,215505546,Commune de Villécloye (55),false,{55554},Commune,2026-03-24 14:42:03.701372+01,gold_establishments_2025,,,,21550554600014,2025,Collectivité Territoriale,Commune,['Meuse'],['Grand Est'],COM,{55},{44}
fe808ad6-5b57-471d-bcfa-0aabb605ed42,217005693,Commune de Vilory (70),false,{70569},Commune,2026-03-24 14:42:07.735343+01,gold_establishments_2025,,,,21700569300015,2025,Collectivité Territoriale,Commune,['Haute-Saône'],['Bourgogne-Franche-Comté'],COM,{70},{27}
29798eaa-18cd-487c-a665-bf12d4c38aeb,215505710,Commune de Vilosnes-Haraumont (55),false,{55571},Commune,2026-03-24 14:42:03.701372+01,gold_establishments_2025,,,,21550571000016,2025,Collectivité Territoriale,Commune,['Meuse'],['Grand Est'],COM,{55},{44}
c9841fe8-5097-4897-a9a2-75ea92656dc2,215707217,Commune de Vilsberg (57),false,{57721},Commune,2026-03-24 14:42:04.280096+01,gold_establishments_2025,,,,21570721700018,2025,Collectivité Territoriale,Commune,['Moselle'],['Grand Est'],COM,{57},{44}
29288fa3-ecfa-4ee9-9343-0abe7d139935,200094795,Commune de Vimartin-sur-Orthe (53),false,{53249},Commune,2026-03-24 14:42:02.957225+01,gold_establishments_2025,,,,20009479500016,2025,Collectivité Territoriale,Commune,['Mayenne'],['Pays de la Loire'],COM,{53},{52}
275a440d-7cde-44ec-8c61-048a6859e162,211203039,Commune de Vimenet (12),false,{12303},Commune,2026-03-24 14:41:53.63825+01,gold_establishments_2025,,,,21120303900014,2025,Collectivité Territoriale,Commune,['Aveyron'],['Occitanie'],COM,{12},{76}
88eb8d23-8b1d-417c-bb95-515070e65131,217303262,Commune de Vimines (73),false,{73326},Commune,2026-03-24 14:42:08.279287+01,gold_establishments_2025,,,,21730326200018,2025,Collectivité Territoriale,Commune,['Savoie'],['Auvergne-Rhône-Alpes'],COM,{73},{84}
131de873-ea36-450c-93a4-bf0b3cd88a76,211407614,Commune de Vimont (14),false,{14761},Commune,2026-03-24 14:41:54.362296+01,gold_establishments_2025,,,,21140761400018,2025,Collectivité Territoriale,Commune,['Calvados'],['Normandie'],COM,{14},{28}
400ccd75-2041-4d24-bd22-d58013a48e50,214503450,Commune de Vimory (45),false,{45345},Commune,2026-03-24 14:42:00.862623+01,gold_establishments_2025,,,,21450345000014,2025,Collectivité Territoriale,Commune,['Loiret'],['Centre-Val de Loire'],COM,{45},{24}
e692f220-8947-4549-956c-7d05f15c4f3b,216105080,Commune de Vimoutiers (61),false,{61508},Commune,2026-03-24 14:42:05.597325+01,gold_establishments_2025,,,,21610508000016,2025,Collectivité Territoriale,Commune,['Orne'],['Normandie'],COM,{61},{28}
09bac864-e62f-4b7e-be5e-43132e577ca4,217705243,Commune de Vimpelles (77),false,{77524},Commune,2026-03-24 14:42:09.43682+01,gold_establishments_2025,,,,21770524300012,2025,Collectivité Territoriale,Commune,['Seine-et-Marne'],['Île-de-France'],COM,{77},{11}
161ded6d-4f86-4185-956d-d328b428574e,216208611,Commune de Vimy (62),false,{62861},Commune,2026-03-24 14:42:06.130387+01,gold_establishments_2025,,,,21620861100014,2025,Collectivité Territoriale,Commune,['Pas-de-Calais'],['Hauts-de-France'],COM,{62},{32}
de65376c-62ac-4999-8d3e-a94b37e59259,218805125,Commune de Viménil (88),false,{88512},Commune,2026-03-24 14:42:11.118516+01,gold_establishments_2025,,,,21880512500018,2025,Collectivité Territoriale,Commune,['Vosges'],['Grand Est'],COM,{88},{44}
4ec59aaa-44ec-4f63-9144-adb3d70d5e17,217705250,Commune de Vinantes (77),false,{77525},Commune,2026-03-24 14:42:09.43682+01,gold_establishments_2025,,,,21770525000017,2025,Collectivité Territoriale,Commune,['Seine-et-Marne'],['Île-de-France'],COM,{77},{11}
8726591b-2b59-4263-9dd1-57c34afc2b7d,211104419,Commune de Vinassan (11),false,{11441},Commune,2026-03-24 14:41:53.63825+01,gold_establishments_2025,,,,21110441900018,2025,Collectivité Territoriale,Commune,['Aude'],['Occitanie'],COM,{11},{76}
d3ca62d6-0a80-4c73-9f6e-7992efa1e6f9,211704788,Commune de Vinax (17),false,{17478},Commune,2026-03-24 14:41:54.903238+01,gold_establishments_2025,,,,21170478800010,2025,Collectivité Territoriale,Commune,['Charente-Maritime'],['Nouvelle-Aquitaine'],COM,{17},{75}
58e5eb3d-53f3-4f26-b4a5-752049a1a23e,213805591,Commune de Vinay (38),false,{38559},Commune,2026-03-24 14:41:59.705606+01,gold_establishments_2025,,,,21380559100012,2025,Collectivité Territoriale,Commune,['Isère'],['Auvergne-Rhône-Alpes'],COM,{38},{84}
79d49f5a-f016-4ff2-a7bc-55b841869942,215105966,Commune de Vinay (51),false,{51643},Commune,2026-03-24 14:42:01.954481+01,gold_establishments_2025,,,,21510596600018,2025,Collectivité Territoriale,Commune,['Marne'],['Grand Est'],COM,{51},{44}
a7c8fa34-1026-4c75-99b1-be32a829fd67,215105974,Commune de Vincelles (51),false,{51644},Commune,2026-03-24 14:42:01.954481+01,gold_establishments_2025,,,,21510597400012,2025,Collectivité Territoriale,Commune,['Marne'],['Grand Est'],COM,{51},{44}
7a05f0d3-7b81-4a13-b174-fffb76abf769,217105808,Commune de Vincelles (71),false,{71580},Commune,2026-03-24 14:42:08.279287+01,gold_establishments_2025,,,,21710580800018,2025,Collectivité Territoriale,Commune,['Saône-et-Loire'],['Bourgogne-Franche-Comté'],COM,{71},{27}
a132591e-d086-4a53-a22f-13641fb95af8,218904787,Commune de Vincelles (89),false,{89478},Commune,2026-03-24 14:42:11.659493+01,gold_establishments_2025,,,,21890478700015,2025,Collectivité Territoriale,Commune,['Yonne'],['Bourgogne-Franche-Comté'],COM,{89},{27}
c829fb36-3cd4-4aab-810b-7ae3a3b7e131,218904795,Commune de Vincelottes (89),false,{89479},Commune,2026-03-24 14:42:11.659493+01,gold_establishments_2025,,,,21890479500018,2025,Collectivité Territoriale,Commune,['Yonne'],['Bourgogne-Franche-Comté'],COM,{89},{27}
10d1022b-4598-4d7e-94c7-6b3a2b03aa16,219400801,Commune de Vincennes (94),false,{94080},Commune,2026-03-24 14:42:11.659493+01,gold_establishments_2025,,,,21940080100011,2025,Collectivité Territoriale,Commune,['Val-de-Marne'],['Île-de-France'],COM,{94},{11}
6fc684fa-73c3-4fe0-a4e8-819ae5bdf4aa,200061760,Commune de Vincent-Froideville (39),false,{39577},Commune,2026-03-24 14:41:59.705606+01,gold_establishments_2025,,,,20006176000019,2025,Collectivité Territoriale,Commune,['Jura'],['Bourgogne-Franche-Comté'],COM,{39},{27}
bcf870ae-9ebd-4008-8229-4e61fd40f746,218805133,Commune de Vincey (88),false,{88513},Commune,2026-03-24 14:42:11.118516+01,gold_establishments_2025,,,,21880513300012,2025,Collectivité Territoriale,Commune,['Vosges'],['Grand Est'],COM,{88},{44}
d8c38ae8-174c-4808-b9c5-d6a0cd9cf0f9,216208629,Commune de Vincly (62),false,{62862},Commune,2026-03-24 14:42:06.130387+01,gold_establishments_2025,,,,21620862900016,2025,Collectivité Territoriale,Commune,['Pas-de-Calais'],['Hauts-de-France'],COM,{62},{32}
0d4ed146-d9a1-4b4f-baa8-39fa5a7dc251,217705268,Commune de Vincy-Manœuvre (77),false,{77526},Commune,2026-03-24 14:42:09.43682+01,gold_establishments_2025,,,,21770526800019,2025,Collectivité Territoriale,Commune,['Seine-et-Marne'],['Île-de-France'],COM,{77},{11}
2e9d9509-3bb0-4429-b0c2-d5ecddeb08af,210207924,Commune de Vincy-Reuil-et-Magny (02),false,{02819},Commune,2026-03-24 14:41:52.020251+01,gold_establishments_2025,,,,21020792400015,2025,Collectivité Territoriale,Commune,['Aisne'],['Hauts-de-France'],COM,{02},{32}
6c181b02-1e95-4e9d-a944-b4ddb65f38c9,217105816,Commune de Vindecy (71),false,{71581},Commune,2026-03-24 14:42:08.279287+01,gold_establishments_2025,,,,21710581600011,2025,Collectivité Territoriale,Commune,['Saône-et-Loire'],['Bourgogne-Franche-Comté'],COM,{71},{27}
505bad50-628d-4d09-ad94-e752bad885ff,211604152,Commune de Vindelle (16),false,{16415},Commune,2026-03-24 14:41:54.903238+01,gold_establishments_2025,,,,21160415200010,2025,Collectivité Territoriale,Commune,['Charente'],['Nouvelle-Aquitaine'],COM,{16},{75}
acf4d22e-9664-461e-a92e-6afbb1e90d62,215105982,Commune de Vindey (51),false,{51645},Commune,2026-03-24 14:42:01.954481+01,gold_establishments_2025,,,,21510598200015,2025,Collectivité Territoriale,Commune,['Marne'],['Grand Est'],COM,{51},{44}
183866a1-a01d-4e9d-ae16-49b8e8831e9f,218103208,Commune de Vindrac-Alayrac (81),false,{81320},Commune,2026-03-24 14:42:10.508772+01,gold_establishments_2025,,,,21810320800011,2025,Collectivité Territoriale,Commune,['Tarn'],['Occitanie'],COM,{81},{76}
3ed671bb-4897-4258-a63e-90a30ac5e5fc,200087070,Commune de Vindry-sur-Turdine (69),false,{69157},Commune,2026-03-24 14:42:07.195692+01,gold_establishments_2025,,,,20008707000013,2025,Collectivité Territoriale,Commune,['Rhône'],['Auvergne-Rhône-Alpes'],COM,{69},{84}
6f535212-2cea-462b-91bb-a11ab31e3c19,211004213,Commune de Vinets (10),false,{10436},Commune,2026-03-24 14:41:53.095366+01,gold_establishments_2025,,,,21100421300016,2025,Collectivité Territoriale,Commune,['Aube'],['Grand Est'],COM,{10},{44}
f3d75a46-30be-483d-ac51-1347efba4358,213602477,Commune de Vineuil (36),false,{36247},Commune,2026-03-24 14:41:59.160244+01,gold_establishments_2025,,,,21360247700019,2025,Collectivité Territoriale,Commune,['Indre'],['Centre-Val de Loire'],COM,{36},{24}
ce90c12a-809d-482f-9429-46cc4e5edd92,214102956,Commune de Vineuil (41),false,{41295},Commune,2026-03-24 14:42:00.273698+01,gold_establishments_2025,,,,21410295600015,2025,Collectivité Territoriale,Commune,['Loir-et-Cher'],['Centre-Val de Loire'],COM,{41},{24}
0784d717-8200-4c77-a7fd-26252e0ec21a,216006866,Commune de Vineuil-Saint-Firmin (60),false,{60695},Commune,2026-03-24 14:42:04.814328+01,gold_establishments_2025,,,,21600686600018,2025,Collectivité Territoriale,Commune,['Oise'],['Hauts-de-France'],COM,{60},{32}
9d7ea2b5-6224-462f-81a9-875d068bd7a6,210703435,Commune de Vinezac (07),false,{07343},Commune,2026-03-24 14:41:52.562531+01,gold_establishments_2025,,,,21070343500011,2025,Collectivité Territoriale,Commune,['Ardèche'],['Auvergne-Rhône-Alpes'],COM,{07},{84}
23f394e9-3ee6-42c3-a9e5-8dbb7f0aee92,216602318,Commune de Vingrau (66),false,{66231},Commune,2026-03-24 14:42:06.665412+01,gold_establishments_2025,,,,21660231800018,2025,Collectivité Territoriale,Commune,['Pyrénées-Orientales'],['Occitanie'],COM,{66},{76}
2762b497-b4a9-4617-9a59-e8b72567e243,217607464,Commune de Vinnemerville (76),false,{76746},Commune,2026-03-24 14:42:08.818969+01,gold_establishments_2025,,,,21760746400013,2025,Collectivité Territoriale,Commune,['Seine-Maritime'],['Normandie'],COM,{76},{28}
f48e0d61-a182-4c5e-928b-2af2bebe5434,218904803,Commune de Vinneuf (89),false,{89480},Commune,2026-03-24 14:42:11.659493+01,gold_establishments_2025,,,,21890480300010,2025,Collectivité Territoriale,Commune,['Yonne'],['Bourgogne-Franche-Comté'],COM,{89},{27}
ff67a275-c025-4070-b763-7251fa12ad73,211802871,Commune de Vinon (18),false,{18287},Commune,2026-03-24 14:41:54.903238+01,gold_establishments_2025,,,,21180287100015,2025,Collectivité Territoriale,Commune,['Cher'],['Centre-Val de Loire'],COM,{18},{24}
d4e10995-f114-40bd-ae61-75bf9a1a6ee9,218301505,Commune de Vinon-sur-Verdon (83),false,{83150},Commune,2026-03-24 14:42:10.508772+01,gold_establishments_2025,,,,21830150500010,2025,Collectivité Territoriale,Commune,['Var'],"[""Provence-Alpes-Côte d'Azur""]",COM,{83},{93}
67ee3703-55bd-412c-a697-86e8be51dac9,218301513,Commune de Vins-sur-Caramy (83),false,{83151},Commune,2026-03-24 14:42:10.508772+01,gold_establishments_2025,,,,21830151300014,2025,Collectivité Territoriale,Commune,['Var'],"[""Provence-Alpes-Côte d'Azur""]",COM,{83},{93}
5982cfd8-30f1-4f2d-bf78-9cac55988722,212603773,Commune de Vinsobres (26),false,{26377},Commune,2026-03-24 14:41:56.495197+01,gold_establishments_2025,,,,21260377300012,2025,Collectivité Territoriale,Commune,['Drôme'],['Auvergne-Rhône-Alpes'],COM,{26},{84}
09015fcf-a2be-4a7c-afa4-296f1ed5507b,216304618,Commune de Vinzelles (63),false,{63461},Commune,2026-03-24 14:42:06.130387+01,gold_establishments_2025,,,,21630461800012,2025,Collectivité Territoriale,Commune,['Puy-de-Dôme'],['Auvergne-Rhône-Alpes'],COM,{63},{84}
6c0137e9-3fae-42c4-a0dd-8e537a48b8ab,217105832,Commune de Vinzelles (71),false,{71583},Commune,2026-03-24 14:42:08.279287+01,gold_establishments_2025,,,,21710583200018,2025,Collectivité Territoriale,Commune,['Saône-et-Loire'],['Bourgogne-Franche-Comté'],COM,{71},{27}
a51bb286-76f8-424b-bc2d-8079525a1c10,217403088,Commune de Vinzier (74),false,{74308},Commune,2026-03-24 14:42:08.818969+01,gold_establishments_2025,,,,21740308800016,2025,Collectivité Territoriale,Commune,['Haute-Savoie'],['Auvergne-Rhône-Alpes'],COM,{74},{84}
c39c4353-df98-4962-890b-34372ee64a12,210703443,Commune de Vinzieux (07),false,{07344},Commune,2026-03-24 14:41:52.562531+01,gold_establishments_2025,,,,21070344300015,2025,Collectivité Territoriale,Commune,['Ardèche'],['Auvergne-Rhône-Alpes'],COM,{07},{84}
fd7315f4-9337-4685-91a4-b218fa649803,216602300,Commune de Vinça (66),false,{66230},Commune,2026-03-24 14:42:06.665412+01,gold_establishments_2025,,,,21660230000016,2025,Collectivité Territoriale,Commune,['Pyrénées-Orientales'],['Occitanie'],COM,{66},{76}
67472b7a-ab96-483e-ade8-3f96211b1667,218805141,Commune de Viocourt (88),false,{88514},Commune,2026-03-24 14:42:11.118516+01,gold_establishments_2025,,,,21880514100015,2025,Collectivité Territoriale,Commune,['Vosges'],['Grand Est'],COM,{88},{44}
4eb646c2-8548-4964-957f-ecdfb5abd281,216405597,Commune de Viodos-Abense-de-Bas (64),false,{64559},Commune,2026-03-24 14:42:06.665412+01,gold_establishments_2025,,,,21640559700016,2025,Collectivité Territoriale,Commune,['Pyrénées-Atlantiques'],['Nouvelle-Aquitaine'],COM,{64},{75}
2a6d823a-748a-4d1f-a8fb-61f1201c95fe,216208637,Commune de Violaines (62),false,{62863},Commune,2026-03-24 14:42:06.130387+01,gold_establishments_2025,,,,21620863700019,2025,Collectivité Territoriale,Commune,['Pas-de-Calais'],['Hauts-de-France'],COM,{62},{32}
d1848adc-c1ef-4f2e-9497-e1f8b1bfaa61,214203341,Commune de Violay (42),false,{42334},Commune,2026-03-24 14:42:00.273698+01,gold_establishments_2025,,,,21420334100018,2025,Collectivité Territoriale,Commune,['Loire'],['Auvergne-Rhône-Alpes'],COM,{42},{84}
5283a05d-6f5b-4679-8472-7ce872e12c4a,215204348,Commune de Violot (52),false,{52539},Commune,2026-03-24 14:42:01.954481+01,gold_establishments_2025,,,,21520434800019,2025,Collectivité Territoriale,Commune,['Haute-Marne'],['Grand Est'],COM,{52},{44}
91951697-fa88-4c33-8de9-121b6d5389d0,213403421,Commune de Viols-en-Laval (34),false,{34342},Commune,2026-03-24 14:41:58.620411+01,gold_establishments_2025,,,,21340342100018,2025,Collectivité Territoriale,Commune,['Hérault'],['Occitanie'],COM,{34},{76}
4cdcbe9a-903b-48d6-819d-d43d70b0a83d,213403439,Commune de Viols-le-Fort (34),false,{34343},Commune,2026-03-24 14:41:58.620411+01,gold_establishments_2025,,,,21340343900010,2025,Collectivité Territoriale,Commune,['Hérault'],['Occitanie'],COM,{34},{76}
156e70ea-8c30-4e0d-8377-f681d4033679,218401495,Commune de Violès (84),false,{84149},Commune,2026-03-24 14:42:10.508772+01,gold_establishments_2025,,,,21840149500013,2025,Collectivité Territoriale,Commune,['Vaucluse'],"[""Provence-Alpes-Côte d'Azur""]",COM,{84},{93}
cde88000-2388-420a-ba16-ff5ce32f1310,218805158,Commune de Vioménil (88),false,{88515},Commune,2026-03-24 14:42:11.118516+01,gold_establishments_2025,,,,21880515800019,2025,Collectivité Territoriale,Commune,['Vosges'],['Grand Est'],COM,{88},{44}
03f8af7b-6d18-4e60-b4ee-1a03253c14d6,210703450,Commune de Vion (07),false,{07345},Commune,2026-03-24 14:41:52.562531+01,gold_establishments_2025,,,,21070345000010,2025,Collectivité Territoriale,Commune,['Ardèche'],['Auvergne-Rhône-Alpes'],COM,{07},{84}
f7b1657a-c547-47f6-8b25-c52c88e901f9,217203785,Commune de Vion (72),false,{72378},Commune,2026-03-24 14:42:08.279287+01,gold_establishments_2025,,,,21720378500019,2025,Collectivité Territoriale,Commune,['Sarthe'],['Pays de la Loire'],COM,{72},{52}
7b5d2014-58e0-409a-8b3e-e6a26ae86ec8,217303270,Commune de Vions (73),false,{73327},Commune,2026-03-24 14:42:08.279287+01,gold_establishments_2025,,,,21730327000011,2025,Collectivité Territoriale,Commune,['Savoie'],['Auvergne-Rhône-Alpes'],COM,{73},{84}
6493c6b8-f03d-41ca-aa90-c9ae6b8086f4,213204662,Commune de Viozan (32),false,{32466},Commune,2026-03-24 14:41:58.09424+01,gold_establishments_2025,,,,21320466200018,2025,Collectivité Territoriale,Commune,['Gers'],['Occitanie'],COM,{32},{76}
b5b8b200-2493-4e3a-bf09-9ce42fa71782,210303178,Commune de Viplaix (03),false,{03317},Commune,2026-03-24 14:41:52.020251+01,gold_establishments_2025,,,,21030317800011,2025,Collectivité Territoriale,Commune,['Allier'],['Auvergne-Rhône-Alpes'],COM,{03},{84}
a2bbe344-e6d7-419a-8759-34a8c4a46037,210903407,Commune de Vira (09),false,{09340},Commune,2026-03-24 14:41:53.095366+01,gold_establishments_2025,,,,21090340700018,2025,Collectivité Territoriale,Commune,['Ariège'],['Occitanie'],COM,{09},{76}
330f8aec-ea11-429f-8083-1a245a0c86e5,216602326,Commune de Vira (66),false,{66232},Commune,2026-03-24 14:42:06.665412+01,gold_establishments_2025,,,,21660232600011,2025,Collectivité Territoriale,Commune,['Pyrénées-Orientales'],['Occitanie'],COM,{66},{76}
80f58d3e-b6ae-4468-9d3f-8b798a4355e6,218103224,Commune de Virac (81),false,{81322},Commune,2026-03-24 14:42:10.508772+01,gold_establishments_2025,,,,21810322400018,2025,Collectivité Territoriale,Commune,['Tarn'],['Occitanie'],COM,{81},{76}
fc3213aa-a692-4594-a0b3-261124e0c1f1,215006438,Commune de Virandeville (50),false,{50643},Commune,2026-03-24 14:42:01.412377+01,gold_establishments_2025,,,,21500643800018,2025,Collectivité Territoriale,Commune,['Manche'],['Normandie'],COM,{50},{28}
fc960ed0-7d65-488b-af4c-9c8e0b25b25a,211502638,Commune de Virargues (15),false,{15263},Commune,2026-03-24 14:41:54.362296+01,gold_establishments_2025,,,,21150263800011,2025,Collectivité Territoriale,Commune,['Cantal'],['Auvergne-Rhône-Alpes'],COM,{15},{84}
75ff6593-dd2e-4571-be4d-a4c9ccd612f9,214703266,Commune de Virazeil (47),false,{47326},Commune,2026-03-24 14:42:01.412377+01,gold_establishments_2025,,,,21470326600012,2025,Collectivité Territoriale,Commune,['Lot-et-Garonne'],['Nouvelle-Aquitaine'],COM,{47},{75}
177a9791-9f96-4a81-ac00-65ea9d59ec5f,200060176,Commune de Vire Normandie (14),false,{14762},Commune,2026-03-24 14:41:54.362296+01,gold_establishments_2025,,,,20006017600019,2025,Collectivité Territoriale,Commune,['Calvados'],['Normandie'],COM,{14},{28}
aea18739-1acc-4cea-a031-71080541ca82,214603367,Commune de Vire-sur-Lot (46),false,{46336},Commune,2026-03-24 14:42:00.862623+01,gold_establishments_2025,,,,21460336700019,2025,Collectivité Territoriale,Commune,['Lot'],['Occitanie'],COM,{46},{76}
d842cec4-743f-40a4-93e0-ce0631c1f2d6,218904811,Commune de Vireaux (89),false,{89481},Commune,2026-03-24 14:42:11.659493+01,gold_establishments_2025,,,,21890481100013,2025,Collectivité Territoriale,Commune,['Yonne'],['Bourgogne-Franche-Comté'],COM,{89},{27}
adf2d187-4251-4383-acc6-ca38591d3a25,215405853,Commune de Virecourt (54),false,{54585},Commune,2026-03-24 14:42:02.957225+01,gold_establishments_2025,,,,21540585300015,2025,Collectivité Territoriale,Commune,['Meurthe-et-Moselle'],['Grand Est'],COM,{54},{44}
5de0c386-8e62-4fb3-b938-868da8e718b2,213305527,Commune de Virelade (33),false,{33552},Commune,2026-03-24 14:41:58.620411+01,gold_establishments_2025,,,,21330552700011,2025,Collectivité Territoriale,Commune,['Gironde'],['Nouvelle-Aquitaine'],COM,{33},{75}
84dc5e1f-3bd0-4ffe-9275-0e9214b715fe,210804449,Commune de Vireux-Molhain (08),false,{08486},Commune,2026-03-24 14:41:53.095366+01,gold_establishments_2025,,,,21080444900010,2025,Collectivité Territoriale,Commune,['Ardennes'],['Grand Est'],COM,{08},{44}
f2be0255-5ebd-4dad-bd1f-3cc94797c7ab,210804456,Commune de Vireux-Wallerand (08),false,{08487},Commune,2026-03-24 14:41:53.095366+01,gold_establishments_2025,,,,21080445600015,2025,Collectivité Territoriale,Commune,['Ardennes'],['Grand Est'],COM,{08},{44}
379e2ee0-e6cb-4930-8778-ff4f95c7347d,217105857,Commune de Virey-le-Grand (71),false,{71585},Commune,2026-03-24 14:42:08.279287+01,gold_establishments_2025,,,,21710585700015,2025,Collectivité Territoriale,Commune,['Saône-et-Loire'],['Bourgogne-Franche-Comté'],COM,{71},{27}
04cdde29-1c87-4756-b093-500bdc957cb0,211004221,Commune de Virey-sous-Bar (10),false,{10437},Commune,2026-03-24 14:41:53.095366+01,gold_establishments_2025,,,,21100422100019,2025,Collectivité Territoriale,Commune,['Aube'],['Grand Est'],COM,{10},{44}
e7c1c5d0-ee75-4a07-b2a5-68fd97be1af2,215105990,Commune de Virginy (51),false,{51646},Commune,2026-03-24 14:42:01.954481+01,gold_establishments_2025,,,,21510599000018,2025,Collectivité Territoriale,Commune,['Marne'],['Grand Est'],COM,{51},{44}
23d0eb39-8ca1-4d4d-886d-36e2f295b4e8,210104519,Commune de Viriat (01),false,{01451},Commune,2026-03-24 14:41:51.447482+01,gold_establishments_2025,,,,21010451900017,2025,Collectivité Territoriale,Commune,['Ain'],['Auvergne-Rhône-Alpes'],COM,{01},{84}
f578ce74-f46f-414d-8fc4-ee6774825bb8,214203358,Commune de Viricelles (42),false,{42335},Commune,2026-03-24 14:42:00.273698+01,gold_establishments_2025,,,,21420335800012,2025,Collectivité Territoriale,Commune,['Loire'],['Auvergne-Rhône-Alpes'],COM,{42},{84}
f184ceac-00d5-4d59-a8f6-11f9c5cc8e35,210104527,Commune de Virieu-le-Grand (01),false,{01452},Commune,2026-03-24 14:41:51.447482+01,gold_establishments_2025,,,,21010452700010,2025,Collectivité Territoriale,Commune,['Ain'],['Auvergne-Rhône-Alpes'],COM,{01},{84}
ad388c07-17aa-44bb-8c5f-ba51ddc707e5,214203366,Commune de Virigneux (42),false,{42336},Commune,2026-03-24 14:42:00.273698+01,gold_establishments_2025,,,,21420336600015,2025,Collectivité Territoriale,Commune,['Loire'],['Auvergne-Rhône-Alpes'],COM,{42},{84}
2975d772-be20-496e-96a8-b0f4981059fa,210104543,Commune de Virignin (01),false,{01454},Commune,2026-03-24 14:41:51.447482+01,gold_establishments_2025,,,,21010454300017,2025,Collectivité Territoriale,Commune,['Ain'],['Auvergne-Rhône-Alpes'],COM,{01},{84}
a420abeb-98ca-4fb4-849a-d69123bced58,213805617,Commune de Viriville (38),false,{38561},Commune,2026-03-24 14:41:59.705606+01,gold_establishments_2025,,,,21380561700015,2025,Collectivité Territoriale,Commune,['Isère'],['Auvergne-Rhône-Alpes'],COM,{38},{84}
9cb4fa0c-7f6c-4bb2-b5e9-1bc6464a8720,216304626,Commune de Virlet (63),false,{63462},Commune,2026-03-24 14:42:06.130387+01,gold_establishments_2025,,,,21630462600015,2025,Collectivité Territoriale,Commune,['Puy-de-Dôme'],['Auvergne-Rhône-Alpes'],COM,{63},{84}
1009a63e-5e46-4917-a665-ff2bb9fe1168,215707233,Commune de Virming (57),false,{57723},Commune,2026-03-24 14:42:04.280096+01,gold_establishments_2025,,,,21570723300015,2025,Collectivité Territoriale,Commune,['Moselle'],['Grand Est'],COM,{57},{44}
1f258b9b-f2e7-40e3-b0e1-111cf5721ef9,217806868,Commune de Viroflay (78),false,{78686},Commune,2026-03-24 14:42:09.43682+01,gold_establishments_2025,,,,21780686800014,2025,Collectivité Territoriale,Commune,['Yvelines'],['Île-de-France'],COM,{78},{11}
b98d06fe-63e1-4722-ade7-611d025dd6f7,211704796,Commune de Virollet (17),false,{17479},Commune,2026-03-24 14:41:54.903238+01,gold_establishments_2025,,,,21170479600013,2025,Collectivité Territoriale,Commune,['Charente-Maritime'],['Nouvelle-Aquitaine'],COM,{17},{75}
9ca11567-d630-469b-bf39-26e2fd4e0cd3,218007599,Commune de Vironchaux (80),false,{80808},Commune,2026-03-24 14:42:09.967209+01,gold_establishments_2025,,,,21800759900010,2025,Collectivité Territoriale,Commune,['Somme'],['Hauts-de-France'],COM,{80},{32}
d1c52ec6-9005-42ce-93b0-b913f4c39eca,212706972,Commune de Vironvay (27),false,{27697},Commune,2026-03-24 14:41:57.028721+01,gold_establishments_2025,,,,21270697200016,2025,Collectivité Territoriale,Commune,['Eure'],['Normandie'],COM,{27},{28}
810c471f-cf77-452d-aea1-be6b735394f0,213305535,Commune de Virsac (33),false,{33553},Commune,2026-03-24 14:41:58.620411+01,gold_establishments_2025,,,,21330553500014,2025,Collectivité Territoriale,Commune,['Gironde'],['Nouvelle-Aquitaine'],COM,{33},{75}
609a50cd-cec1-41f2-919d-39f44d655107,211704804,Commune de Virson (17),false,{17480},Commune,2026-03-24 14:41:54.903238+01,gold_establishments_2025,,,,21170480400015,2025,Collectivité Territoriale,Commune,['Charente-Maritime'],['Nouvelle-Aquitaine'],COM,{17},{75}
c53d360a-96ce-430a-8ef4-efb8999c13c2,217607472,Commune de Virville (76),false,{76747},Commune,2026-03-24 14:42:08.818969+01,gold_establishments_2025,,,,21760747200016,2025,Collectivité Territoriale,Commune,['Seine-Maritime'],['Normandie'],COM,{76},{28}
6d85c016-f284-43c7-94e8-1a8b34a1e924,213905797,Commune de Viry (39),false,{39579},Commune,2026-03-24 14:41:59.705606+01,gold_establishments_2025,,,,21390579700014,2025,Collectivité Territoriale,Commune,['Jura'],['Bourgogne-Franche-Comté'],COM,{39},{27}
dadb8323-9384-49e3-9eab-60a0b110eaaf,217105865,Commune de Viry (71),false,{71586},Commune,2026-03-24 14:42:08.279287+01,gold_establishments_2025,,,,21710586500018,2025,Collectivité Territoriale,Commune,['Saône-et-Loire'],['Bourgogne-Franche-Comté'],COM,{71},{27}
6dd7d99b-5689-44d8-8f01-d7b3c8b76eeb,217403096,Commune de Viry (74),false,{74309},Commune,2026-03-24 14:42:08.818969+01,gold_establishments_2025,,,,21740309600019,2025,Collectivité Territoriale,Commune,['Haute-Savoie'],['Auvergne-Rhône-Alpes'],COM,{74},{84}
5b2b81cc-d1ff-4d39-97fb-3310b89c9408,219106879,Commune de Viry-Châtillon (91),false,{91687},Commune,2026-03-24 14:42:11.659493+01,gold_establishments_2025,,,,21910687900014,2025,Collectivité Territoriale,Commune,['Essonne'],['Île-de-France'],COM,{91},{11}
931ad3ec-93ba-4be9-a98f-ddad395c9b14,210207932,Commune de Viry-Noureuil (02),false,{02820},Commune,2026-03-24 14:41:52.020251+01,gold_establishments_2025,,,,21020793200018,2025,Collectivité Territoriale,Commune,['Aisne'],['Hauts-de-France'],COM,{02},{32}
fa6821c7-3519-42d9-967d-7e6a4f28316f,217105840,Commune de Viré (71),false,{71584},Commune,2026-03-24 14:42:08.279287+01,gold_establishments_2025,,,,21710584000011,2025,Collectivité Territoriale,Commune,['Saône-et-Loire'],['Bourgogne-Franche-Comté'],COM,{71},{27}
eda33a20-dfbe-47f0-86b3-21dd65b1bc30,217203793,Commune de Viré-en-Champagne (72),false,{72379},Commune,2026-03-24 14:42:08.279287+01,gold_establishments_2025,,,,21720379300013,2025,Collectivité Territoriale,Commune,['Sarthe'],['Pays de la Loire'],COM,{72},{52}
4746c4e0-895e-4d98-ac33-eabe0620f950,216208645,Commune de Vis-en-Artois (62),false,{62864},Commune,2026-03-24 14:42:06.130387+01,gold_establishments_2025,,,,21620864500012,2025,Collectivité Territoriale,Commune,['Pas-de-Calais'],['Hauts-de-France'],COM,{62},{32}
17b88681-99db-43e1-a0fa-9cf563ada2d8,218401503,Commune de Visan (84),false,{84150},Commune,2026-03-24 14:42:10.508772+01,gold_establishments_2025,,,,21840150300014,2025,Collectivité Territoriale,Commune,['Vaucluse'],"[""Provence-Alpes-Côte d'Azur""]",COM,{84},{93}
e8d594c9-abc7-4951-87c4-d14a76e161ef,216304634,Commune de Viscomtat (63),false,{63463},Commune,2026-03-24 14:42:06.130387+01,gold_establishments_2025,,,,21630463400019,2025,Collectivité Territoriale,Commune,['Puy-de-Dôme'],['Auvergne-Rhône-Alpes'],COM,{63},{84}
8f6a2f93-4e13-4899-84fa-d2aa0540d75b,216504787,Commune de Viscos (65),false,{65478},Commune,2026-03-24 14:42:06.665412+01,gold_establishments_2025,,,,21650478700013,2025,Collectivité Territoriale,Commune,['Hautes-Pyrénées'],['Occitanie'],COM,{65},{76}
82d88965-338d-49ac-9bda-d12e6f6fc378,212107098,Commune de Viserny (21),false,{21709},Commune,2026-03-24 14:41:55.433389+01,gold_establishments_2025,,,,21210709800015,2025,Collectivité Territoriale,Commune,"[""Côte-d'Or""]",['Bourgogne-Franche-Comté'],COM,{21},{27}
87205918-5561-48f7-9109-59b477bc7e19,216504795,Commune de Visker (65),false,{65479},Commune,2026-03-24 14:42:06.665412+01,gold_establishments_2025,,,,21650479500016,2025,Collectivité Territoriale,Commune,['Hautes-Pyrénées'],['Occitanie'],COM,{65},{76}
d37ede37-1dc4-4320-8a2c-dfcbe970e887,218007607,Commune de Vismes (80),false,{80809},Commune,2026-03-24 14:42:09.967209+01,gold_establishments_2025,,,,21800760700011,2025,Collectivité Territoriale,Commune,['Somme'],['Hauts-de-France'],COM,{80},{32}
56231882-8301-4f27-84aa-4f7835114078,217005719,Commune de Visoncourt (70),false,{70571},Commune,2026-03-24 14:42:07.735343+01,gold_establishments_2025,,,,21700571900018,2025,Collectivité Territoriale,Commune,['Haute-Saône'],['Bourgogne-Franche-Comté'],COM,{70},{27}
eb7b6a87-b296-4b83-9104-2244ae52a587,214300139,Commune de Vissac-Auteyrac (43),false,{43013},Commune,2026-03-24 14:42:00.273698+01,gold_establishments_2025,,,,21430013900018,2025,Collectivité Territoriale,Commune,['Haute-Loire'],['Auvergne-Rhône-Alpes'],COM,{43},{84}
a8fcd608-0758-4aa8-a4dd-1afb3889515e,213003536,Commune de Vissec (30),false,{30353},Commune,2026-03-24 14:41:57.56054+01,gold_establishments_2025,,,,21300353600017,2025,Collectivité Territoriale,Commune,['Gard'],['Occitanie'],COM,{30},{76}
f0c05714-abbe-46c0-8294-34c033db477a,213503592,Commune de Visseiche (35),false,{35359},Commune,2026-03-24 14:41:59.160244+01,gold_establishments_2025,,,,21350359200015,2025,Collectivité Territoriale,Commune,['Ille-et-Vilaine'],['Bretagne'],COM,{35},{53}
02156ece-bb28-4c81-abbc-7e3951cb2f25,218103232,Commune de Viterbe (81),false,{81323},Commune,2026-03-24 14:42:10.508772+01,gold_establishments_2025,,,,21810323200011,2025,Collectivité Territoriale,Commune,['Tarn'],['Occitanie'],COM,{81},{76}
779ab859-9cee-48be-bac7-50edec2a140e,215405861,Commune de Viterne (54),false,{54586},Commune,2026-03-24 14:42:02.957225+01,gold_establishments_2025,,,,21540586100018,2025,Collectivité Territoriale,Commune,['Meurthe-et-Moselle'],['Grand Est'],COM,{54},{44}
bbccdffd-d36c-4265-90b7-217f8022959e,212706980,Commune de Vitot (27),false,{27698},Commune,2026-03-24 14:41:57.028721+01,gold_establishments_2025,,,,21270698000019,2025,Collectivité Territoriale,Commune,['Eure'],['Normandie'],COM,{27},{28}
54fa0897-1130-499c-9c3a-cea63f1267d0,211502646,Commune de Vitrac (15),false,{15264},Commune,2026-03-24 14:41:54.362296+01,gold_establishments_2025,,,,21150264600014,2025,Collectivité Territoriale,Commune,['Cantal'],['Auvergne-Rhône-Alpes'],COM,{15},{84}
ade22328-3e8d-4374-a8c7-288e59d7314e,212405872,Commune de Vitrac (24),false,{24587},Commune,2026-03-24 14:41:55.958138+01,gold_establishments_2025,,,,21240587200012,2025,Collectivité Territoriale,Commune,['Dordogne'],['Nouvelle-Aquitaine'],COM,{24},{75}
1aedbcdc-8001-4a72-99a2-3cac72275152,216304642,Commune de Vitrac (63),false,{63464},Commune,2026-03-24 14:42:06.130387+01,gold_establishments_2025,,,,21630464200012,2025,Collectivité Territoriale,Commune,['Puy-de-Dôme'],['Auvergne-Rhône-Alpes'],COM,{63},{84}
7766907b-aef3-4d1f-a010-512332cadfe5,211604160,Commune de Vitrac-Saint-Vincent (16),false,{16416},Commune,2026-03-24 14:41:54.903238+01,gold_establishments_2025,,,,21160416000013,2025,Collectivité Territoriale,Commune,['Charente'],['Nouvelle-Aquitaine'],COM,{16},{75}
f4435a7f-48b3-46fb-8e7c-1382951433fe,211928700,Commune de Vitrac-sur-Montane (19),false,{19287},Commune,2026-03-24 14:41:55.433389+01,gold_establishments_2025,,,,21192870000015,2025,Collectivité Territoriale,Commune,['Corrèze'],['Nouvelle-Aquitaine'],COM,{19},{75}
7d1903c6-d585-45cf-a410-5e411e702557,216105106,Commune de Vitrai-sous-Laigle (61),false,{61510},Commune,2026-03-24 14:42:05.597325+01,gold_establishments_2025,,,,21610510600019,2025,Collectivité Territoriale,Commune,['Orne'],['Normandie'],COM,{61},{28}
89cd2d87-8ad6-4c58-bb41-ec95136186d0,212804199,Commune de Vitray-en-Beauce (28),false,{28419},Commune,2026-03-24 14:41:57.028721+01,gold_establishments_2025,,,,21280419900017,2025,Collectivité Territoriale,Commune,['Eure-et-Loir'],['Centre-Val de Loire'],COM,{28},{24}
6547d6cc-c6f4-4532-a16f-113da10c21fa,213905813,Commune de Vitreux (39),false,{39581},Commune,2026-03-24 14:41:59.705606+01,gold_establishments_2025,,,,21390581300019,2025,Collectivité Territoriale,Commune,['Jura'],['Bourgogne-Franche-Comté'],COM,{39},{27}
6d5b54cc-50a7-442f-9c4e-6d3aa8b80f00,215405879,Commune de Vitrey (54),false,{54587},Commune,2026-03-24 14:42:02.957225+01,gold_establishments_2025,,,,21540587900010,2025,Collectivité Territoriale,Commune,['Meurthe-et-Moselle'],['Grand Est'],COM,{54},{44}
7e75f198-9717-4abf-bc92-c86a9a81638c,217005727,Commune de Vitrey-sur-Mance (70),false,{70572},Commune,2026-03-24 14:42:07.735343+01,gold_establishments_2025,,,,21700572700011,2025,Collectivité Territoriale,Commune,['Haute-Saône'],['Bourgogne-Franche-Comté'],COM,{70},{27}
247c3f85-9f61-4608-985e-b2d9aa0882bc,215405887,Commune de Vitrimont (54),false,{54588},Commune,2026-03-24 14:42:02.957225+01,gold_establishments_2025,,,,21540588700013,2025,Collectivité Territoriale,Commune,['Meurthe-et-Moselle'],['Grand Est'],COM,{54},{44}
6ab22c3f-9306-41ba-a5ed-a71576b20f7b,210501847,Commune de Vitrolles (05),false,{05184},Commune,2026-03-24 14:41:52.562531+01,gold_establishments_2025,,,,21050184700011,2025,Collectivité Territoriale,Commune,['Hautes-Alpes'],"[""Provence-Alpes-Côte d'Azur""]",COM,{05},{93}
134d0486-dd3d-4bf2-b230-4d1e76ff23e6,211301171,Commune de Vitrolles (13),false,{13117},Commune,2026-03-24 14:41:53.63825+01,gold_establishments_2025,,,,21130117100016,2025,Collectivité Territoriale,Commune,['Bouches-du-Rhône'],"[""Provence-Alpes-Côte d'Azur""]",COM,{13},{93}
bd87470b-b589-472e-87ca-5f151ee0dfec,218401511,Commune de Vitrolles-en-Lubéron (84),false,{84151},Commune,2026-03-24 14:42:10.508772+01,gold_establishments_2025,,,,21840151100017,2025,Collectivité Territoriale,Commune,['Vaucluse'],"[""Provence-Alpes-Côte d'Azur""]",COM,{84},{93}
936956e9-4ee0-43a6-9fa9-c9ff6b2f203e,215803131,Commune de Vitry-Laché (58),false,{58313},Commune,2026-03-24 14:42:04.280096+01,gold_establishments_2025,,,,21580313100014,2025,Collectivité Territoriale,Commune,['Nièvre'],['Bourgogne-Franche-Comté'],COM,{58},{27}
9e914a8a-4e1a-420e-aa9b-520d67f04e5d,214503468,Commune de Vitry-aux-Loges (45),false,{45346},Commune,2026-03-24 14:42:00.862623+01,gold_establishments_2025,,,,21450346800016,2025,Collectivité Territoriale,Commune,['Loiret'],['Centre-Val de Loire'],COM,{45},{24}
6ee1fc4d-e2e6-4a44-a3f2-13117f920ce0,216208652,Commune de Vitry-en-Artois (62),false,{62865},Commune,2026-03-24 14:42:06.130387+01,gold_establishments_2025,,,,21620865200018,2025,Collectivité Territoriale,Commune,['Pas-de-Calais'],['Hauts-de-France'],COM,{62},{32}
9c624319-61ca-4edd-b6d5-6c01e39d89ed,217105881,Commune de Vitry-en-Charollais (71),false,{71588},Commune,2026-03-24 14:42:08.279287+01,gold_establishments_2025,,,,21710588100015,2025,Collectivité Territoriale,Commune,['Saône-et-Loire'],['Bourgogne-Franche-Comté'],COM,{71},{27}
a65a95a2-aa92-41f6-93f1-aa069644e9bc,215203852,Commune de Vitry-en-Montagne (52),false,{52540},Commune,2026-03-24 14:42:01.954481+01,gold_establishments_2025,,,,21520385200011,2025,Collectivité Territoriale,Commune,['Haute-Marne'],['Grand Est'],COM,{52},{44}
2586e689-9f1f-43d6-bcd4-02bc71b9098e,215106006,Commune de Vitry-en-Perthois (51),false,{51647},Commune,2026-03-24 14:42:01.954481+01,gold_establishments_2025,,,,21510600600012,2025,Collectivité Territoriale,Commune,['Marne'],['Grand Est'],COM,{51},{44}
925ff621-5aec-4803-9440-ed4e7b3adaef,215106014,Commune de Vitry-la-Ville (51),false,{51648},Commune,2026-03-24 14:42:01.954481+01,gold_establishments_2025,,,,21510601400016,2025,Collectivité Territoriale,Commune,['Marne'],['Grand Est'],COM,{51},{44}
80808628-c790-49d2-a41c-98f712e3d685,211004239,Commune de Vitry-le-Croisé (10),false,{10438},Commune,2026-03-24 14:41:53.095366+01,gold_establishments_2025,,,,21100423900011,2025,Collectivité Territoriale,Commune,['Aube'],['Grand Est'],COM,{10},{44}
bf6c1eb0-7f30-40d5-82aa-1a02c1448333,215106022,Commune de Vitry-le-François (51),false,{51649},Commune,2026-03-24 14:42:01.954481+01,gold_establishments_2025,,,,21510602200019,2025,Collectivité Territoriale,Commune,['Marne'],['Grand Est'],COM,{51},{44}
81eaf292-d0fe-40ec-b16d-7b1c8687d38b,215203860,Commune de Vitry-lès-Nogent (52),false,{52541},Commune,2026-03-24 14:42:01.954481+01,gold_establishments_2025,,,,21520386000014,2025,Collectivité Territoriale,Commune,['Haute-Marne'],['Grand Est'],COM,{52},{44}
43133eab-5d1f-4b03-9744-fccc6096393a,217105899,Commune de Vitry-sur-Loire (71),false,{71589},Commune,2026-03-24 14:42:08.279287+01,gold_establishments_2025,,,,21710589900017,2025,Collectivité Territoriale,Commune,['Saône-et-Loire'],['Bourgogne-Franche-Comté'],COM,{71},{27}
0d55fa4a-47a7-469c-b61d-25e96b93ddb6,215707241,Commune de Vitry-sur-Orne (57),false,{57724},Commune,2026-03-24 14:42:04.280096+01,gold_establishments_2025,,,,21570724100018,2025,Collectivité Territoriale,Commune,['Moselle'],['Grand Est'],COM,{57},{44}
5e1685dc-ca13-4133-bc84-5cb67876194f,219400819,Commune de Vitry-sur-Seine (94),false,{94081},Commune,2026-03-24 14:42:11.659493+01,gold_establishments_2025,,,,21940081900575,2025,Collectivité Territoriale,Commune,['Val-de-Marne'],['Île-de-France'],COM,{94},{11}
2d5123f6-9aed-42b3-bdd3-3f4e6b2bfa4b,213503600,Commune de Vitré (35),false,{35360},Commune,2026-03-24 14:41:59.160244+01,gold_establishments_2025,,,,21350360000016,2025,Collectivité Territoriale,Commune,['Ille-et-Vilaine'],['Bretagne'],COM,{35},{53}
ad46174c-a7f2-479d-9fcc-3c854431666d,215505728,Commune de Vittarville (55),false,{55572},Commune,2026-03-24 14:42:03.701372+01,gold_establishments_2025,,,,21550572800018,2025,Collectivité Territoriale,Commune,['Meuse'],['Grand Est'],COM,{55},{44}
0e00337a-c134-461c-aec1-208b65475258,212107106,Commune de Vitteaux (21),false,{21710},Commune,2026-03-24 14:41:55.433389+01,gold_establishments_2025,,,,21210710600016,2025,Collectivité Territoriale,Commune,"[""Côte-d'Or""]",['Bourgogne-Franche-Comté'],COM,{21},{27}
e8c0c556-a079-4f50-b18f-22aa96c9c82b,217607480,Commune de Vittefleur (76),false,{76748},Commune,2026-03-24 14:42:08.818969+01,gold_establishments_2025,,,,21760748000019,2025,Collectivité Territoriale,Commune,['Seine-Maritime'],['Normandie'],COM,{76},{28}
1d41fe8a-2551-4b55-88c8-5c50ab31a2a2,218805166,Commune de Vittel (88),false,{88516},Commune,2026-03-24 14:42:11.118516+01,gold_establishments_2025,,,,21880516600012,2025,Collectivité Territoriale,Commune,['Vosges'],['Grand Est'],COM,{88},{44}
8e40380c-1e42-4450-9556-999dbc289ef0,215707258,Commune de Vittersbourg (57),false,{57725},Commune,2026-03-24 14:42:04.280096+01,gold_establishments_2025,,,,21570725800012,2025,Collectivité Territoriale,Commune,['Moselle'],['Grand Est'],COM,{57},{44}
11742552-fa81-432a-85f5-7ce79981b817,215707266,Commune de Vittoncourt (57),false,{57726},Commune,2026-03-24 14:42:04.280096+01,gold_establishments_2025,,,,21570726600015,2025,Collectivité Territoriale,Commune,['Moselle'],['Grand Est'],COM,{57},{44}
c9a95d6e-e142-4783-a5dd-e97e30a36a0c,215405895,Commune de Vittonville (54),false,{54589},Commune,2026-03-24 14:42:02.957225+01,gold_establishments_2025,,,,21540589500016,2025,Collectivité Territoriale,Commune,['Meurthe-et-Moselle'],['Grand Est'],COM,{54},{44}
cd5595f2-37e9-4cda-a5eb-058bfb8cf57e,218007615,Commune de Vitz-sur-Authie (80),false,{80810},Commune,2026-03-24 14:42:09.967209+01,gold_establishments_2025,,,,21800761500014,2025,Collectivité Territoriale,Commune,['Somme'],['Hauts-de-France'],COM,{80},{32}
d9c77e66-df61-462c-be7b-3fb735999159,217403112,Commune de Viuz-en-Sallaz (74),false,{74311},Commune,2026-03-24 14:42:08.818969+01,gold_establishments_2025,,,,21740311200014,2025,Collectivité Territoriale,Commune,['Haute-Savoie'],['Auvergne-Rhône-Alpes'],COM,{74},{84}
947f15d2-f7cf-47db-a9a6-98315bfecb67,217403104,Commune de Viuz-la-Chiésaz (74),false,{74310},Commune,2026-03-24 14:42:08.818969+01,gold_establishments_2025,,,,21740310400011,2025,Collectivité Territoriale,Commune,['Haute-Savoie'],['Auvergne-Rhône-Alpes'],COM,{74},{84}
c8c2e891-f12f-47f6-9342-4b1aaf7516db,210207940,Commune de Vivaise (02),false,{02821},Commune,2026-03-24 14:41:52.020251+01,gold_establishments_2025,,,,21020794000011,2025,Collectivité Territoriale,Commune,['Aisne'],['Hauts-de-France'],COM,{02},{32}
971e030a-b7a2-4d86-8a92-5af10a01850f,214203374,Commune de Vivans (42),false,{42337},Commune,2026-03-24 14:42:00.273698+01,gold_establishments_2025,,,,21420337400019,2025,Collectivité Territoriale,Commune,['Loire'],['Auvergne-Rhône-Alpes'],COM,{42},{84}
c1701fac-3e4b-4532-80d5-4c3e5ea1ef5e,212003545,Commune de Vivario (2B),false,{2B354},Commune,2026-03-24 14:41:57.56054+01,gold_establishments_2025,,,,21200354500010,2025,Collectivité Territoriale,Commune,['Haute-Corse'],['Corse'],COM,{2B},{94}
d340f178-aeed-45a4-8731-850052729189,216405605,Commune de Viven (64),false,{64560},Commune,2026-03-24 14:42:06.665412+01,gold_establishments_2025,,,,21640560500017,2025,Collectivité Territoriale,Commune,['Pyrénées-Atlantiques'],['Nouvelle-Aquitaine'],COM,{64},{75}
b34714d5-1ad0-4b6f-a333-4c33dc830a87,216304659,Commune de Viverols (63),false,{63465},Commune,2026-03-24 14:42:06.130387+01,gold_establishments_2025,,,,21630465900016,2025,Collectivité Territoriale,Commune,['Puy-de-Dôme'],['Auvergne-Rhône-Alpes'],COM,{63},{84}
d15e564e-561e-4b79-a3db-5423c0944d14,215203878,Commune de Vivey (52),false,{52542},Commune,2026-03-24 14:42:01.954481+01,gold_establishments_2025,,,,21520387800016,2025,Collectivité Territoriale,Commune,['Haute-Marne'],['Grand Est'],COM,{52},{44}
99531f0c-d6f4-4abd-ace1-3783e046d4f7,210804464,Commune de Vivier-au-Court (08),false,{08488},Commune,2026-03-24 14:41:53.095366+01,gold_establishments_2025,,,,21080446400118,2025,Collectivité Territoriale,Commune,['Ardennes'],['Grand Est'],COM,{08},{44}
b7a770e5-0246-4cde-bdcd-12c76eb38a67,210703468,Commune de Viviers (07),false,{07346},Commune,2026-03-24 14:41:52.562531+01,gold_establishments_2025,,,,21070346800012,2025,Collectivité Territoriale,Commune,['Ardèche'],['Auvergne-Rhône-Alpes'],COM,{07},{84}
6cf84920-b263-4b9b-ac87-d37d4d956d9b,215707274,Commune de Viviers (57),false,{57727},Commune,2026-03-24 14:42:04.280096+01,gold_establishments_2025,,,,21570727400019,2025,Collectivité Territoriale,Commune,['Moselle'],['Grand Est'],COM,{57},{44}
44ac8921-4fe4-4ea2-ba48-26217fc2209d,218904829,Commune de Viviers (89),false,{89482},Commune,2026-03-24 14:42:11.659493+01,gold_establishments_2025,,,,21890482900015,2025,Collectivité Territoriale,Commune,['Yonne'],['Bourgogne-Franche-Comté'],COM,{89},{27}
17760ea8-0362-459d-9fd7-f70d795f5549,217303288,Commune de Viviers-du-Lac (73),false,{73328},Commune,2026-03-24 14:42:08.279287+01,gold_establishments_2025,,,,21730328800013,2025,Collectivité Territoriale,Commune,['Savoie'],['Auvergne-Rhône-Alpes'],COM,{73},{84}
3d176d40-2134-4075-ab0d-d575a5e0c555,218805174,Commune de Viviers-le-Gras (88),false,{88517},Commune,2026-03-24 14:42:11.118516+01,gold_establishments_2025,,,,21880517400016,2025,Collectivité Territoriale,Commune,['Vosges'],['Grand Est'],COM,{88},{44}
10342185-3dde-4747-9f6b-2210ad286fe2,218103240,Commune de Viviers-lès-Lavaur (81),false,{81324},Commune,2026-03-24 14:42:10.508772+01,gold_establishments_2025,,,,21810324000014,2025,Collectivité Territoriale,Commune,['Tarn'],['Occitanie'],COM,{81},{76}
1e8551a8-2d19-43f5-8fdb-f1096b39e5f5,218103257,Commune de Viviers-lès-Montagnes (81),false,{81325},Commune,2026-03-24 14:42:10.508772+01,gold_establishments_2025,,,,21810325700018,2025,Collectivité Territoriale,Commune,['Tarn'],['Occitanie'],COM,{81},{76}
2334b76e-5662-4f7a-89f4-d9e73e4691b0,218805182,Commune de Viviers-lès-Offroicourt (88),false,{88518},Commune,2026-03-24 14:42:11.118516+01,gold_establishments_2025,,,,21880518200019,2025,Collectivité Territoriale,Commune,['Vosges'],['Grand Est'],COM,{88},{44}
b121876f-1431-4230-952a-bd53d69d6bd1,211004247,Commune de Viviers-sur-Artaut (10),false,{10439},Commune,2026-03-24 14:41:53.095366+01,gold_establishments_2025,,,,21100424700014,2025,Collectivité Territoriale,Commune,['Aube'],['Grand Est'],COM,{10},{44}
8828c443-9130-4193-94dc-2dc8d72fa804,215405903,Commune de Viviers-sur-Chiers (54),false,{54590},Commune,2026-03-24 14:42:02.957225+01,gold_establishments_2025,,,,21540590300083,2025,Collectivité Territoriale,Commune,['Meurthe-et-Moselle'],['Grand Est'],COM,{54},{44}
2a053bc8-56cf-47b6-9709-0003040074c0,211203054,Commune de Viviez (12),false,{12305},Commune,2026-03-24 14:41:53.63825+01,gold_establishments_2025,,,,21120305400013,2025,Collectivité Territoriale,Commune,['Aveyron'],['Occitanie'],COM,{12},{76}
0a089c0e-c74a-4999-a4e8-9f6f6ff806a4,210207957,Commune de Vivières (02),false,{02822},Commune,2026-03-24 14:41:52.020251+01,gold_establishments_2025,,,,21020795700015,2025,Collectivité Territoriale,Commune,['Aisne'],['Hauts-de-France'],COM,{02},{32}
7807dded-93d8-4157-aa07-9627fe36e9c4,210903415,Commune de Viviès (09),false,{09341},Commune,2026-03-24 14:41:53.095366+01,gold_establishments_2025,,,,21090341500011,2025,Collectivité Territoriale,Commune,['Ariège'],['Occitanie'],COM,{09},{76}
002a3ce8-865f-49bf-85b3-958fdb175bad,217203801,Commune de Vivoin (72),false,{72380},Commune,2026-03-24 14:42:08.279287+01,gold_establishments_2025,,,,21720380100014,2025,Collectivité Territoriale,Commune,['Sarthe'],['Pays de la Loire'],COM,{72},{52}
394da471-e645-4dec-801e-c4a67b29969a,218602936,Commune de Vivonne (86),false,{86293},Commune,2026-03-24 14:42:11.118516+01,gold_establishments_2025,,,,21860293600013,2025,Collectivité Territoriale,Commune,['Vienne'],['Nouvelle-Aquitaine'],COM,{86},{75}
ac78b823-8e3b-4aef-a01e-f39f150b385c,214903783,Commune de Vivy (49),false,{49378},Commune,2026-03-24 14:42:01.412377+01,gold_establishments_2025,,,,21490378300014,2025,Collectivité Territoriale,Commune,['Maine-et-Loire'],['Pays de la Loire'],COM,{49},{52}
743d128c-9c3e-4306-8f7a-fb9228b13636,216602334,Commune de Vivès (66),false,{66233},Commune,2026-03-24 14:42:06.665412+01,gold_establishments_2025,,,,21660233400015,2025,Collectivité Territoriale,Commune,['Pyrénées-Orientales'],['Occitanie'],COM,{66},{76}
00841fb6-f1dd-4ee5-ad9e-0c934dc48963,212107114,Commune de Vix (21),false,{21711},Commune,2026-03-24 14:41:55.433389+01,gold_establishments_2025,,,,21210711400010,2025,Collectivité Territoriale,Commune,"[""Côte-d'Or""]",['Bourgogne-Franche-Comté'],COM,{21},{27}
bcf23ee9-9e55-428a-bc78-050ca8f51e24,218503035,Commune de Vix (85),false,{85303},Commune,2026-03-24 14:42:10.508772+01,gold_establishments_2025,,,,21850303500014,2025,Collectivité Territoriale,Commune,['Vendée'],['Pays de la Loire'],COM,{85},{52}
e487ca92-871b-403e-b804-6df0aec8f14f,213805625,Commune de Vizille (38),false,{38562},Commune,2026-03-24 14:41:59.705606+01,gold_establishments_2025,,,,21380562500018,2025,Collectivité Territoriale,Commune,['Isère'],['Auvergne-Rhône-Alpes'],COM,{38},{84}
3fdb407e-6533-47fb-b525-59b825c8ec25,211003942,Commune de Viâpres-le-Petit (10),false,{10408},Commune,2026-03-24 14:41:53.095366+01,gold_establishments_2025,,,,21100394200011,2025,Collectivité Territoriale,Commune,['Aube'],['Grand Est'],COM,{10},{44}
f722d26d-2554-4a41-87e9-090efe474848,212506133,Commune de Viéthorey (25),false,{25613},Commune,2026-03-24 14:41:56.495197+01,gold_establishments_2025,,,,21250613300017,2025,Collectivité Territoriale,Commune,['Doubs'],['Bourgogne-Franche-Comté'],COM,{25},{27}
219cff37-da30-4eca-862f-1ad1bddf23d3,212106827,Commune de Viévigne (21),false,{21682},Commune,2026-03-24 14:41:55.433389+01,gold_establishments_2025,,,,21210682700018,2025,Collectivité Territoriale,Commune,"[""Côte-d'Or""]",['Bourgogne-Franche-Comté'],COM,{21},{27}
6575626e-87d5-433e-b8a8-d2e09a92cbbd,215203746,Commune de Viéville (52),false,{52522},Commune,2026-03-24 14:42:01.954481+01,gold_establishments_2025,,,,21520374600015,2025,Collectivité Territoriale,Commune,['Haute-Marne'],['Grand Est'],COM,{52},{44}
30e6f0c5-02dc-4a59-a56d-382848c567ef,215405648,Commune de Viéville-en-Haye (54),false,{54564},Commune,2026-03-24 14:42:02.957225+01,gold_establishments_2025,,,,21540564800019,2025,Collectivité Territoriale,Commune,['Meurthe-et-Moselle'],['Grand Est'],COM,{54},{44}
4719306e-3b91-4203-aaea-6bdefe82f75f,212106835,Commune de Viévy (21),false,{21683},Commune,2026-03-24 14:41:55.433389+01,gold_establishments_2025,,,,21210683500011,2025,Collectivité Territoriale,Commune,"[""Côte-d'Or""]",['Bourgogne-Franche-Comté'],COM,{21},{27}
e9e962b3-8493-4fd6-a1b1-88a5384c201f,210703476,Commune de Vocance (07),false,{07347},Commune,2026-03-24 14:41:52.562531+01,gold_establishments_2025,,,,21070347600015,2025,Collectivité Territoriale,Commune,['Ardèche'],['Auvergne-Rhône-Alpes'],COM,{07},{84}
cbe0badb-ec2e-40a8-8bee-daf5c92dcf6b,216304667,Commune de Vodable (63),false,{63466},Commune,2026-03-24 14:42:06.130387+01,gold_establishments_2025,,,,21630466700019,2025,Collectivité Territoriale,Commune,['Puy-de-Dôme'],['Auvergne-Rhône-Alpes'],COM,{63},{84}
c476e58e-15f9-4813-bb78-db8820f66e28,216803510,Commune de Vogelgrun (68),false,{68351},Commune,2026-03-24 14:42:07.195692+01,gold_establishments_2025,,,,21680351000017,2025,Collectivité Territoriale,Commune,['Haut-Rhin'],['Grand Est'],COM,{68},{44}
e1097291-d165-488a-a783-8a8ee0c0ff71,217303296,Commune de Voglans (73),false,{73329},Commune,2026-03-24 14:42:08.279287+01,gold_establishments_2025,,,,21730329600016,2025,Collectivité Territoriale,Commune,['Savoie'],['Auvergne-Rhône-Alpes'],COM,{73},{84}
606a9e23-0305-4062-89ba-e2f540b67bb9,210703484,Commune de Vogüé (07),false,{07348},Commune,2026-03-24 14:41:52.562531+01,gold_establishments_2025,,,,21070348400019,2025,Collectivité Territoriale,Commune,['Ardèche'],['Auvergne-Rhône-Alpes'],COM,{07},{84}
1fbd5a0f-de14-4c9f-9ba2-5280c369220a,210207965,Commune de Voharies (02),false,{02823},Commune,2026-03-24 14:41:52.020251+01,gold_establishments_2025,,,,21020796500018,2025,Collectivité Territoriale,Commune,['Aisne'],['Hauts-de-France'],COM,{02},{32}
70f65778-e14b-4bf8-b9f7-9d8afb60e87e,215505736,Commune de Void-Vacon (55),false,{55573},Commune,2026-03-24 14:42:03.701372+01,gold_establishments_2025,,,,21550573600011,2025,Collectivité Territoriale,Commune,['Meuse'],['Grand Est'],COM,{55},{44}
21f5b688-87e6-4e85-ba0d-b5ee421ff899,211004254,Commune de Voigny (10),false,{10440},Commune,2026-03-24 14:41:53.095366+01,gold_establishments_2025,,,,21100425400010,2025,Collectivité Territoriale,Commune,['Aube'],['Grand Est'],COM,{10},{44}
ce54fb53-70f2-4e64-bb2d-8ab6913227e7,215106030,Commune de Voilemont (51),false,{51650},Commune,2026-03-24 14:42:01.954481+01,gold_establishments_2025,,,,21510603000012,2025,Collectivité Territoriale,Commune,['Marne'],['Grand Est'],COM,{51},{44}
df969983-b9e2-4ca0-87a4-052d1d9bc35c,212506299,Commune de Voillans (25),false,{25629},Commune,2026-03-24 14:41:56.495197+01,gold_establishments_2025,,,,21250629900016,2025,Collectivité Territoriale,Commune,['Doubs'],['Bourgogne-Franche-Comté'],COM,{25},{27}
a5a4699f-77fa-4002-ae31-c3948e5d2dc4,215203886,Commune de Voillecomte (52),false,{52543},Commune,2026-03-24 14:42:01.954481+01,gold_establishments_2025,,,,21520388600019,2025,Collectivité Territoriale,Commune,['Haute-Marne'],['Grand Est'],COM,{52},{44}
7bd48f30-d83d-4858-8405-7e25e0301641,215707282,Commune de Voimhaut (57),false,{57728},Commune,2026-03-24 14:42:04.280096+01,gold_establishments_2025,,,,21570728200012,2025,Collectivité Territoriale,Commune,['Moselle'],['Grand Est'],COM,{57},{44}
7d2edc88-a7d2-42f0-a804-7be94c6fad0e,216304675,Commune de Voingt (63),false,{63467},Commune,2026-03-24 14:42:06.130387+01,gold_establishments_2025,,,,21630467500012,2025,Collectivité Territoriale,Commune,['Puy-de-Dôme'],['Auvergne-Rhône-Alpes'],COM,{63},{84}
18317343-4c4a-4e34-9a92-1173606152aa,217705276,Commune de Voinsles (77),false,{77527},Commune,2026-03-24 14:42:09.43682+01,gold_establishments_2025,,,,21770527600012,2025,Collectivité Territoriale,Commune,['Seine-et-Marne'],['Île-de-France'],COM,{77},{11}
8ae2b79c-26cd-45d1-a7dd-71533e966009,215405911,Commune de Voinémont (54),false,{54591},Commune,2026-03-24 14:42:02.957225+01,gold_establishments_2025,,,,21540591100011,2025,Collectivité Territoriale,Commune,['Meurthe-et-Moselle'],['Grand Est'],COM,{54},{44}
7ccd389a-23cc-47b9-81f6-29f0ba6f8390,212506307,Commune de Voires (25),false,{25630},Commune,2026-03-24 14:41:56.495197+01,gold_establishments_2025,,,,21250630700017,2025,Collectivité Territoriale,Commune,['Doubs'],['Bourgogne-Franche-Comté'],COM,{25},{27}
150090c0-5c8b-4892-8f30-3b071e9d5e70,213805633,Commune de Voiron (38),false,{38563},Commune,2026-03-24 14:41:59.705606+01,gold_establishments_2025,,,,21380563300012,2025,Collectivité Territoriale,Commune,['Isère'],['Auvergne-Rhône-Alpes'],COM,{38},{84}
c37ede16-8a5b-4cab-9989-d95a3a6a8e89,212706998,Commune de Voiscreville (27),false,{27699},Commune,2026-03-24 14:41:57.028721+01,gold_establishments_2025,,,,21270699800011,2025,Collectivité Territoriale,Commune,['Eure'],['Normandie'],COM,{27},{28}
a7c5c198-a50b-482a-93d4-54803d608a62,212804215,Commune de Voise (28),false,{28421},Commune,2026-03-24 14:41:57.028721+01,gold_establishments_2025,,,,21280421500011,2025,Collectivité Territoriale,Commune,['Eure-et-Loir'],['Centre-Val de Loire'],COM,{28},{24}
eac4995b-dacd-4bda-92b5-97b5d3cb9649,217705284,Commune de Voisenon (77),false,{77528},Commune,2026-03-24 14:42:09.43682+01,gold_establishments_2025,,,,21770528400016,2025,Collectivité Territoriale,Commune,['Seine-et-Marne'],['Île-de-France'],COM,{77},{11}
4306f1b8-598d-40d0-9833-4fbd68cec562,215203894,Commune de Voisey (52),false,{52544},Commune,2026-03-24 14:42:01.954481+01,gold_establishments_2025,,,,21520389400013,2025,Collectivité Territoriale,Commune,['Haute-Marne'],['Grand Est'],COM,{52},{44}
30fb092b-9171-4acf-a7e4-8a458edce98e,215203902,Commune de Voisines (52),false,{52545},Commune,2026-03-24 14:42:01.954481+01,gold_establishments_2025,,,,21520390200014,2025,Collectivité Territoriale,Commune,['Haute-Marne'],['Grand Est'],COM,{52},{44}
38af0841-b9c1-455c-92c3-163f6b750fb3,218904837,Commune de Voisines (89),false,{89483},Commune,2026-03-24 14:42:11.659493+01,gold_establishments_2025,,,,21890483700018,2025,Collectivité Territoriale,Commune,['Yonne'],['Bourgogne-Franche-Comté'],COM,{89},{27}
7c2a575a-34a9-4941-8dea-143cabf28cb9,217806884,Commune de Voisins-le-Bretonneux (78),false,{78688},Commune,2026-03-24 14:42:09.43682+01,gold_establishments_2025,,,,21780688400169,2025,Collectivité Territoriale,Commune,['Yvelines'],['Île-de-France'],COM,{78},{11}
a23b7a14-17ad-4585-9f0e-0924f859725d,213805641,Commune de Voissant (38),false,{38564},Commune,2026-03-24 14:41:59.705606+01,gold_establishments_2025,,,,21380564100015,2025,Collectivité Territoriale,Commune,['Isère'],['Auvergne-Rhône-Alpes'],COM,{38},{84}
c02193d1-658c-4b3d-8725-b55a46473936,211704812,Commune de Voissay (17),false,{17481},Commune,2026-03-24 14:41:54.903238+01,gold_establishments_2025,,,,21170481200018,2025,Collectivité Territoriale,Commune,['Charente-Maritime'],['Nouvelle-Aquitaine'],COM,{17},{75}
bd13756d-9a5d-40a5-bb08-52272d77d1bd,213905821,Commune de Voiteur (39),false,{39582},Commune,2026-03-24 14:41:59.705606+01,gold_establishments_2025,,,,21390582100012,2025,Collectivité Territoriale,Commune,['Jura'],['Bourgogne-Franche-Comté'],COM,{39},{27}
b98838c4-3a8a-48b4-9edd-54d2f528e7d8,217203819,Commune de Voivres-lès-le-Mans (72),false,{72381},Commune,2026-03-24 14:42:08.279287+01,gold_establishments_2025,,,,21720381900016,2025,Collectivité Territoriale,Commune,['Sarthe'],['Pays de la Loire'],COM,{72},{52}
dde6b7f9-2396-40e3-859b-db390eaaa3c9,215906280,Commune de Volckerinckhove (59),false,{59628},Commune,2026-03-24 14:42:04.814328+01,gold_establishments_2025,,,,21590628000015,2025,Collectivité Territoriale,Commune,['Nord'],['Hauts-de-France'],COM,{59},{32}
a2a23c8b-1dd6-41fd-84b3-6a314c46e047,217105907,Commune de Volesvres (71),false,{71590},Commune,2026-03-24 14:42:08.279287+01,gold_establishments_2025,,,,21710590700018,2025,Collectivité Territoriale,Commune,['Saône-et-Loire'],['Bourgogne-Franche-Comté'],COM,{71},{27}
0db9893e-3794-4c98-ab2b-d40be3b3d1b9,216803528,Commune de Volgelsheim (68),false,{68352},Commune,2026-03-24 14:42:07.195692+01,gold_establishments_2025,,,,21680352800019,2025,Collectivité Territoriale,Commune,['Haut-Rhin'],['Grand Est'],COM,{68},{44}
4e575d9e-9cdc-4fa2-8cae-7a2ae2361fac,216705095,Commune de Volksberg (67),false,{67509},Commune,2026-03-24 14:42:07.195692+01,gold_establishments_2025,,,,21670509500018,2025,Collectivité Territoriale,Commune,['Bas-Rhin'],['Grand Est'],COM,{67},{44}
09eda79f-194f-4c85-8f27-d5d55ec668f3,216304683,Commune de Vollore-Montagne (63),false,{63468},Commune,2026-03-24 14:42:06.130387+01,gold_establishments_2025,,,,21630468300016,2025,Collectivité Territoriale,Commune,['Puy-de-Dôme'],['Auvergne-Rhône-Alpes'],COM,{63},{84}
ef948013-e90e-40c3-848c-b2decae01b77,216304691,Commune de Vollore-Ville (63),false,{63469},Commune,2026-03-24 14:42:06.130387+01,gold_establishments_2025,,,,21630469100019,2025,Collectivité Territoriale,Commune,['Puy-de-Dôme'],['Auvergne-Rhône-Alpes'],COM,{63},{84}
282fb0a8-5255-4d89-8fad-dfb7b42c36c5,215707316,Commune de Volmerange-les-Mines (57),false,{57731},Commune,2026-03-24 14:42:04.280096+01,gold_establishments_2025,,,,21570731600018,2025,Collectivité Territoriale,Commune,['Moselle'],['Grand Est'],COM,{57},{44}
ed8f239d-10ba-4472-a358-b7be95c2561f,215707308,Commune de Volmerange-lès-Boulay (57),false,{57730},Commune,2026-03-24 14:42:04.280096+01,gold_establishments_2025,,,,21570730800015,2025,Collectivité Territoriale,Commune,['Moselle'],['Grand Est'],COM,{57},{44}
0e651223-cb1d-4f21-a725-7c204742c7f5,215707324,Commune de Volmunster (57),false,{57732},Commune,2026-03-24 14:42:04.280096+01,gold_establishments_2025,,,,21570732400012,2025,Collectivité Territoriale,Commune,['Moselle'],['Grand Est'],COM,{57},{44}
78098799-8cb8-44b7-8107-1fefef50a03f,212107122,Commune de Volnay (21),false,{21712},Commune,2026-03-24 14:41:55.433389+01,gold_establishments_2025,,,,21210712200013,2025,Collectivité Territoriale,Commune,"[""Côte-d'Or""]",['Bourgogne-Franche-Comté'],COM,{21},{27}
721de0f5-7fe4-448f-92ea-ff3b2804d8c3,217005743,Commune de Volon (70),false,{70574},Commune,2026-03-24 14:42:07.735343+01,gold_establishments_2025,,,,21700574300018,2025,Collectivité Territoriale,Commune,['Haute-Saône'],['Bourgogne-Franche-Comté'],COM,{70},{27}
428973fa-f15d-4fb5-b746-a7fc074d6e89,210402442,Commune de Volonne (04),false,{04244},Commune,2026-03-24 14:41:52.562531+01,gold_establishments_2025,,,,21040244200011,2025,Collectivité Territoriale,Commune,['Alpes-de-Haute-Provence'],"[""Provence-Alpes-Côte d'Azur""]",COM,{04},{93}
5c19a0b6-c42c-45ba-b7fa-4689c06ac37c,212003552,Commune de Volpajola (2B),false,{2B355},Commune,2026-03-24 14:41:57.56054+01,gold_establishments_2025,,,,21200355200016,2025,Collectivité Territoriale,Commune,['Haute-Corse'],['Corse'],COM,{2B},{94}
9510f714-ebc8-46d1-bb2d-f38703901edd,215707332,Commune de Volstroff (57),false,{57733},Commune,2026-03-24 14:42:04.280096+01,gold_establishments_2025,,,,21570733200015,2025,Collectivité Territoriale,Commune,['Moselle'],['Grand Est'],COM,{57},{44}
0de49220-f921-43af-826c-3ac45733d939,212603781,Commune de Volvent (26),false,{26378},Commune,2026-03-24 14:41:56.495197+01,gold_establishments_2025,,,,21260378100015,2025,Collectivité Territoriale,Commune,['Drôme'],['Auvergne-Rhône-Alpes'],COM,{26},{84}
f4827ba7-2e27-4c29-855c-4d95eea3a71c,216304709,Commune de Volvic (63),false,{63470},Commune,2026-03-24 14:42:06.130387+01,gold_establishments_2025,,,,21630470900019,2025,Collectivité Territoriale,Commune,['Puy-de-Dôme'],['Auvergne-Rhône-Alpes'],COM,{63},{84}
ed448f6b-3c4d-48b0-99b2-667a16697370,210402459,Commune de Volx (04),false,{04245},Commune,2026-03-24 14:41:52.562531+01,gold_establishments_2025,,,,21040245900015,2025,Collectivité Territoriale,Commune,['Alpes-de-Haute-Provence'],"[""Provence-Alpes-Côte d'Azur""]",COM,{04},{93}
ccf9cb44-df89-48b5-927c-b51c6eddfe77,218805216,Commune de Vomécourt (88),false,{88521},Commune,2026-03-24 14:42:11.118516+01,gold_establishments_2025,,,,21880521600015,2025,Collectivité Territoriale,Commune,['Vosges'],['Grand Est'],COM,{88},{44}
764d2ce1-3ea3-42b1-8626-1dcbf8e6c111,218805224,Commune de Vomécourt-sur-Madon (88),false,{88522},Commune,2026-03-24 14:42:11.118516+01,gold_establishments_2025,,,,21880522400019,2025,Collectivité Territoriale,Commune,['Vosges'],['Grand Est'],COM,{88},{44}
54212023-5152-4aef-b5e1-0e3abcae2f91,215204173,Commune de Voncourt (52),false,{52546},Commune,2026-03-24 14:42:01.954481+01,gold_establishments_2025,,,,21520417300011,2025,Collectivité Territoriale,Commune,['Haute-Marne'],['Grand Est'],COM,{52},{44}
d18b2eba-4d41-430f-b032-eefb035c26c1,210804472,Commune de Voncq (08),false,{08489},Commune,2026-03-24 14:41:53.095366+01,gold_establishments_2025,,,,21080447200012,2025,Collectivité Territoriale,Commune,['Ardennes'],['Grand Est'],COM,{08},{44}
b46ceeec-4cb3-4238-ac5f-60f50498e47c,212107130,Commune de Vonges (21),false,{21713},Commune,2026-03-24 14:41:55.433389+01,gold_establishments_2025,,,,21210713000016,2025,Collectivité Territoriale,Commune,"[""Côte-d'Or""]",['Bourgogne-Franche-Comté'],COM,{21},{27}
72bb1ded-21e7-4df3-8d94-74a6a1d9e979,210104568,Commune de Vongnes (01),false,{01456},Commune,2026-03-24 14:41:51.447482+01,gold_establishments_2025,,,,21010456800014,2025,Collectivité Territoriale,Commune,['Ain'],['Auvergne-Rhône-Alpes'],COM,{01},{84}
d94224bb-b6a8-4a4b-9852-6b082b86f8eb,210104576,Commune de Vonnas (01),false,{01457},Commune,2026-03-24 14:41:51.447482+01,gold_establishments_2025,,,,21010457600017,2025,Collectivité Territoriale,Commune,['Ain'],['Auvergne-Rhône-Alpes'],COM,{01},{84}
31c4ab60-8f16-4a07-9766-dc81a5daf7e0,217005750,Commune de Voray-sur-l'Ognon (70),false,{70575},Commune,2026-03-24 14:42:07.735343+01,gold_establishments_2025,,,,21700575000013,2025,Collectivité Territoriale,Commune,['Haute-Saône'],['Bourgogne-Franche-Comté'],COM,{70},{27}
01d9faff-77f5-4188-b4fe-b67edef12dde,213805658,Commune de Voreppe (38),false,{38565},Commune,2026-03-24 14:41:59.705606+01,gold_establishments_2025,,,,21380565800159,2025,Collectivité Territoriale,Commune,['Isère'],['Auvergne-Rhône-Alpes'],COM,{38},{84}
2f9b4384-3116-4bbf-a5f0-cce38285a7f9,214302671,Commune de Vorey (43),false,{43267},Commune,2026-03-24 14:42:00.273698+01,gold_establishments_2025,,,,21430267100018,2025,Collectivité Territoriale,Commune,['Haute-Loire'],['Auvergne-Rhône-Alpes'],COM,{43},{84}
813c9ec4-4fc6-4db1-8bc9-9d246dff4f48,210207973,Commune de Vorges (02),false,{02824},Commune,2026-03-24 14:41:52.020251+01,gold_establishments_2025,,,,21020797300012,2025,Collectivité Territoriale,Commune,['Aisne'],['Hauts-de-France'],COM,{02},{32}
20090a2b-11c5-48dc-bbe9-45763643543b,212506315,Commune de Vorges-les-Pins (25),false,{25631},Commune,2026-03-24 14:41:56.495197+01,gold_establishments_2025,,,,21250631500010,2025,Collectivité Territoriale,Commune,['Doubs'],['Bourgogne-Franche-Comté'],COM,{25},{27}
95e8da62-a563-473f-93dc-987d48a54815,211802889,Commune de Vorly (18),false,{18288},Commune,2026-03-24 14:41:54.903238+01,gold_establishments_2025,,,,21180288900017,2025,Collectivité Territoriale,Commune,['Cher'],['Centre-Val de Loire'],COM,{18},{24}
fe6afd90-a92d-44d0-9c09-bb117c43e65a,211802897,Commune de Vornay (18),false,{18289},Commune,2026-03-24 14:41:54.903238+01,gold_establishments_2025,,,,21180289700010,2025,Collectivité Territoriale,Commune,['Cher'],['Centre-Val de Loire'],COM,{18},{24}
1a847e59-c2b7-4a7a-8871-71dc1e33c8f4,200077246,Commune de Vosbles-Valfin (39),false,{39583},Commune,2026-03-24 14:41:59.705606+01,gold_establishments_2025,,,,20007724600011,2025,Collectivité Territoriale,Commune,['Jura'],['Bourgogne-Franche-Comté'],COM,{39},{27}
f39354b9-32b5-46ab-be79-2378fb5f7167,212107148,Commune de Vosne-Romanée (21),false,{21714},Commune,2026-03-24 14:41:55.433389+01,gold_establishments_2025,,,,21210714800018,2025,Collectivité Territoriale,Commune,"[""Côte-d'Or""]",['Bourgogne-Franche-Comté'],COM,{21},{27}
e401b7d6-3e0a-42e7-bb8f-18645e2a1107,211004262,Commune de Vosnon (10),false,{10441},Commune,2026-03-24 14:41:53.095366+01,gold_establishments_2025,,,,21100426200013,2025,Collectivité Territoriale,Commune,['Aube'],['Grand Est'],COM,{10},{44}
4627555a-2e98-4812-a5b6-3d286b9c87a1,213702806,Commune de Vou (37),false,{37280},Commune,2026-03-24 14:41:59.160244+01,gold_establishments_2025,,,,21370280600018,2025,Collectivité Territoriale,Commune,['Indre-et-Loire'],['Centre-Val de Loire'],COM,{37},{24}
e6d066c6-86d0-40cf-bca1-91fdbd3e236d,215106055,Commune de Vouarces (51),false,{51652},Commune,2026-03-24 14:42:01.954481+01,gold_establishments_2025,,,,21510605500019,2025,Collectivité Territoriale,Commune,['Marne'],['Grand Est'],COM,{51},{44}
2aeed226-0227-4c4b-9ddb-e1e0d2150064,212107155,Commune de Voudenay (21),false,{21715},Commune,2026-03-24 14:41:55.433389+01,gold_establishments_2025,,,,21210715500013,2025,Collectivité Territoriale,Commune,"[""Côte-d'Or""]",['Bourgogne-Franche-Comté'],COM,{21},{27}
cb0af65b-fc72-4655-a848-d3bf4f91430f,212107163,Commune de Vougeot (21),false,{21716},Commune,2026-03-24 14:41:55.433389+01,gold_establishments_2025,,,,21210716300017,2025,Collectivité Territoriale,Commune,"[""Côte-d'Or""]",['Bourgogne-Franche-Comté'],COM,{21},{27}
204a9e1c-aeaa-4905-bf7c-47bd6f0a215d,211004288,Commune de Vougrey (10),false,{10443},Commune,2026-03-24 14:41:53.095366+01,gold_establishments_2025,,,,21100428800018,2025,Collectivité Territoriale,Commune,['Aube'],['Grand Est'],COM,{10},{44}
00e0ff36-c3f4-4a65-9019-1f8724911b80,214203382,Commune de Vougy (42),false,{42338},Commune,2026-03-24 14:42:00.273698+01,gold_establishments_2025,,,,21420338200012,2025,Collectivité Territoriale,Commune,['Loire'],['Auvergne-Rhône-Alpes'],COM,{42},{84}
0ab34a49-53d4-4556-9865-cd9601ce3d8b,217403120,Commune de Vougy (74),false,{74312},Commune,2026-03-24 14:42:08.818969+01,gold_establishments_2025,,,,21740312000017,2025,Collectivité Territoriale,Commune,['Haute-Savoie'],['Auvergne-Rhône-Alpes'],COM,{74},{84}
ef3f135b-4baf-494d-a72d-2c886a2cdbe5,217005768,Commune de Vougécourt (70),false,{70576},Commune,2026-03-24 14:42:07.735343+01,gold_establishments_2025,,,,21700576800015,2025,Collectivité Territoriale,Commune,['Haute-Saône'],['Bourgogne-Franche-Comté'],COM,{70},{27}
daece09e-daf4-4f8b-a4bc-8db3ed899482,211604194,Commune de Vouharte (16),false,{16419},Commune,2026-03-24 14:41:54.903238+01,gold_establishments_2025,,,,21160419400012,2025,Collectivité Territoriale,Commune,['Charente'],['Nouvelle-Aquitaine'],COM,{16},{75}
b835859d-a145-4f60-b5ed-a8348c2f7744,217005776,Commune de Vouhenans (70),false,{70577},Commune,2026-03-24 14:42:07.735343+01,gold_establishments_2025,,,,21700577600018,2025,Collectivité Territoriale,Commune,['Haute-Saône'],['Bourgogne-Franche-Comté'],COM,{70},{27}
83e9863e-5f28-4167-9209-8b5de98f133b,211704820,Commune de Vouhé (17),false,{17482},Commune,2026-03-24 14:41:54.903238+01,gold_establishments_2025,,,,21170482000011,2025,Collectivité Territoriale,Commune,['Charente-Maritime'],['Nouvelle-Aquitaine'],COM,{17},{75}
b0d6e15b-2b59-4742-8f30-578a77cd9385,217903541,Commune de Vouhé (79),false,{79354},Commune,2026-03-24 14:42:09.43682+01,gold_establishments_2025,,,,21790354100019,2025,Collectivité Territoriale,Commune,['Deux-Sèvres'],['Nouvelle-Aquitaine'],COM,{79},{75}
f446f3fb-9314-4a3a-b9c1-c5660ba45288,215106063,Commune de Vouillers (51),false,{51654},Commune,2026-03-24 14:42:01.954481+01,gold_establishments_2025,,,,21510606300013,2025,Collectivité Territoriale,Commune,['Marne'],['Grand Est'],COM,{51},{44}
0447dadc-700a-43fb-a951-5e3f1fe607db,213602485,Commune de Vouillon (36),false,{36248},Commune,2026-03-24 14:41:59.160244+01,gold_establishments_2025,,,,21360248500012,2025,Collectivité Territoriale,Commune,['Indre'],['Centre-Val de Loire'],COM,{36},{24}
57fd851a-c10e-49c9-ad1b-67deb9cb2e51,217903558,Commune de Vouillé (79),false,{79355},Commune,2026-03-24 14:42:09.43682+01,gold_establishments_2025,,,,21790355800013,2025,Collectivité Territoriale,Commune,['Deux-Sèvres'],['Nouvelle-Aquitaine'],COM,{79},{75}
0706e38b-2f05-4c39-8c6b-23a055ec6b7b,218602944,Commune de Vouillé (86),false,{86294},Commune,2026-03-24 14:42:11.118516+01,gold_establishments_2025,,,,21860294400017,2025,Collectivité Territoriale,Commune,['Vienne'],['Nouvelle-Aquitaine'],COM,{86},{75}
bc415ab6-bc46-47b5-913e-965e84ed3dde,218503043,Commune de Vouillé-les-Marais (85),false,{85304},Commune,2026-03-24 14:42:10.508772+01,gold_establishments_2025,,,,21850304300018,2025,Collectivité Territoriale,Commune,['Vendée'],['Pays de la Loire'],COM,{85},{52}
9c24983a-408d-4354-941c-2e3fa956c277,212506323,Commune de Voujeaucourt (25),false,{25632},Commune,2026-03-24 14:41:56.495197+01,gold_establishments_2025,,,,21250632300014,2025,Collectivité Territoriale,Commune,['Doubs'],['Bourgogne-Franche-Comté'],COM,{25},{27}
e095fdc5-b370-427b-8b45-142205840f76,212107171,Commune de Voulaines-les-Templiers (21),false,{21717},Commune,2026-03-24 14:41:55.433389+01,gold_establishments_2025,,,,21210717100010,2025,Collectivité Territoriale,Commune,"[""Côte-d'Or""]",['Bourgogne-Franche-Comté'],COM,{21},{27}
4a485c4a-0845-407e-9777-a292c5e45daa,217705292,Commune de Voulangis (77),false,{77529},Commune,2026-03-24 14:42:09.43682+01,gold_establishments_2025,,,,21770529200019,2025,Collectivité Territoriale,Commune,['Seine-et-Marne'],['Île-de-France'],COM,{77},{11}
e172eb35-5f26-4554-ae91-822d16085e9f,211604202,Commune de Voulgézac (16),false,{16420},Commune,2026-03-24 14:41:54.903238+01,gold_establishments_2025,,,,21160420200013,2025,Collectivité Territoriale,Commune,['Charente'],['Nouvelle-Aquitaine'],COM,{16},{75}
cde891b0-7bea-4dbf-8700-29a7523a8b49,200034320,Commune de Voulmentin (79),false,{79242},Commune,2026-03-24 14:42:09.43682+01,gold_establishments_2025,,,,20003432000016,2025,Collectivité Territoriale,Commune,['Deux-Sèvres'],['Nouvelle-Aquitaine'],COM,{79},{75}
4f0ca634-6f6d-4ea4-b21e-7e44cb44caa7,218602969,Commune de Voulon (86),false,{86296},Commune,2026-03-24 14:42:11.118516+01,gold_establishments_2025,,,,21860296900014,2025,Collectivité Territoriale,Commune,['Vienne'],['Nouvelle-Aquitaine'],COM,{86},{75}
46b3e1f3-fbf4-406c-aada-92beca0a4067,210207981,Commune de Voulpaix (02),false,{02826},Commune,2026-03-24 14:41:52.020251+01,gold_establishments_2025,,,,21020798100015,2025,Collectivité Territoriale,Commune,['Aisne'],['Hauts-de-France'],COM,{02},{32}
8defa6fe-cc96-458c-b17e-5f5c3766b739,217705300,Commune de Voulton (77),false,{77530},Commune,2026-03-24 14:42:09.43682+01,gold_establishments_2025,,,,21770530000010,2025,Collectivité Territoriale,Commune,['Seine-et-Marne'],['Île-de-France'],COM,{77},{11}
954e6893-4e90-4590-b7fc-f600b6bd0b7b,217705318,Commune de Voulx (77),false,{77531},Commune,2026-03-24 14:42:09.43682+01,gold_establishments_2025,,,,21770531800012,2025,Collectivité Territoriale,Commune,['Seine-et-Marne'],['Île-de-France'],COM,{77},{11}
32d54add-a6e9-4ec5-b0cf-ae3405c23f6f,218602951,Commune de Voulême (86),false,{86295},Commune,2026-03-24 14:42:11.118516+01,gold_establishments_2025,,,,21860295100012,2025,Collectivité Territoriale,Commune,['Vienne'],['Nouvelle-Aquitaine'],COM,{86},{75}
68698b1a-40a5-49e0-93cf-445fb7b2752b,218602977,Commune de Vouneuil-sous-Biard (86),false,{86297},Commune,2026-03-24 14:42:11.118516+01,gold_establishments_2025,,,,21860297700017,2025,Collectivité Territoriale,Commune,['Vienne'],['Nouvelle-Aquitaine'],COM,{86},{75}
78148a5e-2206-4aa9-91cb-8763169703c0,218602985,Commune de Vouneuil-sur-Vienne (86),false,{86298},Commune,2026-03-24 14:42:11.118516+01,gold_establishments_2025,,,,21860298500010,2025,Collectivité Territoriale,Commune,['Vienne'],['Nouvelle-Aquitaine'],COM,{86},{75}
6b8d574a-6118-490c-bb9c-99a6484c7f7f,213805666,Commune de Vourey (38),false,{38566},Commune,2026-03-24 14:41:59.705606+01,gold_establishments_2025,,,,21380566600012,2025,Collectivité Territoriale,Commune,['Isère'],['Auvergne-Rhône-Alpes'],COM,{38},{84}
a0a43688-865f-4355-bf44-0a55b14748a7,216902684,Commune de Vourles (69),false,{69268},Commune,2026-03-24 14:42:07.735343+01,gold_establishments_2025,,,,21690268400010,2025,Collectivité Territoriale,Commune,['Rhône'],['Auvergne-Rhône-Alpes'],COM,{69},{84}
3690d197-6e23-40e4-8641-db720f6ac607,210303194,Commune de Voussac (03),false,{03319},Commune,2026-03-24 14:41:52.020251+01,gold_establishments_2025,,,,21030319400018,2025,Collectivité Territoriale,Commune,['Allier'],['Auvergne-Rhône-Alpes'],COM,{03},{84}
943e653e-771f-4b25-85ca-c6a4b20b1d1a,218904852,Commune de Voutenay-sur-Cure (89),false,{89485},Commune,2026-03-24 14:42:11.659493+01,gold_establishments_2025,,,,21890485200017,2025,Collectivité Territoriale,Commune,['Yonne'],['Bourgogne-Franche-Comté'],COM,{89},{27}
7ed11c1a-e4c9-4a11-8377-fb78bf6083a9,211928809,Commune de Voutezac (19),false,{19288},Commune,2026-03-24 14:41:55.433389+01,gold_establishments_2025,,,,21192880900162,2025,Collectivité Territoriale,Commune,['Corrèze'],['Nouvelle-Aquitaine'],COM,{19},{75}
323c0ea3-690b-4595-94d1-5b1eddd15148,211604210,Commune de Vouthon (16),false,{16421},Commune,2026-03-24 14:41:54.903238+01,gold_establishments_2025,,,,21160421000016,2025,Collectivité Territoriale,Commune,['Charente'],['Nouvelle-Aquitaine'],COM,{16},{75}
330d08be-cca1-42a1-a20c-a6cc318096fb,215505744,Commune de Vouthon-Bas (55),false,{55574},Commune,2026-03-24 14:42:03.701372+01,gold_establishments_2025,,,,21550574400015,2025,Collectivité Territoriale,Commune,['Meuse'],['Grand Est'],COM,{55},{44}
f4b201b6-ba81-4ba6-b106-0477d221167b,215505751,Commune de Vouthon-Haut (55),false,{55575},Commune,2026-03-24 14:42:03.701372+01,gold_establishments_2025,,,,21550575100010,2025,Collectivité Territoriale,Commune,['Meuse'],['Grand Est'],COM,{55},{44}
1de4d7dd-9431-4179-b737-836f04aefc1a,215302761,Commune de Voutré (53),false,{53276},Commune,2026-03-24 14:42:02.957225+01,gold_establishments_2025,,,,21530276100014,2025,Collectivité Territoriale,Commune,['Mayenne'],['Pays de la Loire'],COM,{53},{52}
f774d6ef-ede6-450d-80d0-90b7a907fff2,218503050,Commune de Vouvant (85),false,{85305},Commune,2026-03-24 14:42:10.508772+01,gold_establishments_2025,,,,21850305000013,2025,Collectivité Territoriale,Commune,['Vendée'],['Pays de la Loire'],COM,{85},{52}
d4d5295f-f835-4501-95ef-adbb9d3fe794,213702814,Commune de Vouvray (37),false,{37281},Commune,2026-03-24 14:41:59.160244+01,gold_establishments_2025,,,,21370281400012,2025,Collectivité Territoriale,Commune,['Indre-et-Loire'],['Centre-Val de Loire'],COM,{37},{24}
6bfe4388-b96b-41ad-b6ae-dacf31edfc80,217203835,Commune de Vouvray-sur-Huisne (72),false,{72383},Commune,2026-03-24 14:42:08.279287+01,gold_establishments_2025,,,,21720383500012,2025,Collectivité Territoriale,Commune,['Sarthe'],['Pays de la Loire'],COM,{72},{52}
f6a640ed-1db5-4a58-8435-a6c2eeb73ed1,218805232,Commune de Vouxey (88),false,{88523},Commune,2026-03-24 14:42:11.118516+01,gold_establishments_2025,,,,21880523200012,2025,Collectivité Territoriale,Commune,['Vosges'],['Grand Est'],COM,{88},{44}
976e9ecc-7fcc-4193-99a2-d9ef1e5a58e8,218602993,Commune de Vouzailles (86),false,{86299},Commune,2026-03-24 14:42:11.118516+01,gold_establishments_2025,,,,21860299300014,2025,Collectivité Territoriale,Commune,['Vienne'],['Nouvelle-Aquitaine'],COM,{86},{75}
fcbfe02e-7cd4-44c0-909e-e94bf93aa582,211604228,Commune de Vouzan (16),false,{16422},Commune,2026-03-24 14:41:54.903238+01,gold_establishments_2025,,,,21160422800018,2025,Collectivité Territoriale,Commune,['Charente'],['Nouvelle-Aquitaine'],COM,{16},{75}
dbb64a36-ae9e-451b-92e5-0817dd1bef77,211802905,Commune de Vouzeron (18),false,{18290},Commune,2026-03-24 14:41:54.903238+01,gold_establishments_2025,,,,21180290500011,2025,Collectivité Territoriale,Commune,['Cher'],['Centre-Val de Loire'],COM,{18},{24}
90d3cdf4-1288-4d57-9863-ab173756e859,200062388,Commune de Vouziers (08),false,{08490},Commune,2026-03-24 14:41:53.095366+01,gold_establishments_2025,,,,20006238800018,2025,Collectivité Territoriale,Commune,['Ardennes'],['Grand Est'],COM,{08},{44}
ec059f0c-ae03-409e-a552-765f52835b1a,214102964,Commune de Vouzon (41),false,{41296},Commune,2026-03-24 14:42:00.273698+01,gold_establishments_2025,,,,21410296400019,2025,Collectivité Territoriale,Commune,['Loir-et-Cher'],['Centre-Val de Loire'],COM,{41},{24}
9b00f2da-6ea3-494f-af65-7f4109ee51fc,215106071,Commune de Vouzy (51),false,{51655},Commune,2026-03-24 14:42:01.954481+01,gold_establishments_2025,,,,21510607100016,2025,Collectivité Territoriale,Commune,['Marne'],['Grand Est'],COM,{51},{44}
e8dec8ee-4998-4a9b-b8d5-596b569cf52c,211004270,Commune de Voué (10),false,{10442},Commune,2026-03-24 14:41:53.095366+01,gold_establishments_2025,,,,21100427000016,2025,Collectivité Territoriale,Commune,['Aube'],['Grand Est'],COM,{10},{44}
2723425a-5a39-4ecc-80ca-caf314b4b23c,215203910,Commune de Vouécourt (52),false,{52547},Commune,2026-03-24 14:42:01.954481+01,gold_establishments_2025,,,,21520391000017,2025,Collectivité Territoriale,Commune,['Haute-Marne'],['Grand Est'],COM,{52},{44}
cbf5fd92-fb2a-49d3-8950-26897c249ee6,217403138,Commune de Vovray-en-Bornes (74),false,{74313},Commune,2026-03-24 14:42:08.818969+01,gold_establishments_2025,,,,21740313800019,2025,Collectivité Territoriale,Commune,['Haute-Savoie'],['Auvergne-Rhône-Alpes'],COM,{74},{84}
59022da3-65bc-4642-b3d1-d88f91e57763,210207999,Commune de Voyenne (02),false,{02827},Commune,2026-03-24 14:41:52.020251+01,gold_establishments_2025,,,,21020799900017,2025,Collectivité Territoriale,Commune,['Aisne'],['Hauts-de-France'],COM,{02},{32}
f22a7e48-3e10-46df-ab1e-01017ae014f5,218007623,Commune de Voyennes (80),false,{80811},Commune,2026-03-24 14:42:09.967209+01,gold_establishments_2025,,,,21800762300018,2025,Collectivité Territoriale,Commune,['Somme'],['Hauts-de-France'],COM,{80},{32}
2aa3d8b0-6868-40bd-b750-9649cfcff03e,215707340,Commune de Voyer (57),false,{57734},Commune,2026-03-24 14:42:04.280096+01,gold_establishments_2025,,,,21570734000075,2025,Collectivité Territoriale,Commune,['Moselle'],['Grand Est'],COM,{57},{44}
1d1dc0ba-7bd2-4e61-9906-85c70ac99ecb,218007631,Commune de Vraignes-en-Vermandois (80),false,{80812},Commune,2026-03-24 14:42:09.967209+01,gold_establishments_2025,,,,21800763100011,2025,Collectivité Territoriale,Commune,['Somme'],['Hauts-de-France'],COM,{80},{32}
1643d5e9-1b36-463c-97d6-555654ed6857,218007649,Commune de Vraignes-lès-Hornoy (80),false,{80813},Commune,2026-03-24 14:42:09.967209+01,gold_establishments_2025,,,,21800764900013,2025,Collectivité Territoriale,Commune,['Somme'],['Hauts-de-France'],COM,{80},{32}
c311134c-6029-4b0d-a534-7ddffbf5c5c8,215203928,Commune de Vraincourt (52),false,{52548},Commune,2026-03-24 14:42:01.954481+01,gold_establishments_2025,,,,21520392800019,2025,Collectivité Territoriale,Commune,['Haute-Marne'],['Grand Est'],COM,{52},{44}
f7c6a571-691c-42a3-b96d-2b10f5c30eaf,212707004,Commune de Vraiville (27),false,{27700},Commune,2026-03-24 14:41:57.028721+01,gold_establishments_2025,,,,21270700400017,2025,Collectivité Territoriale,Commune,['Eure'],['Normandie'],COM,{27},{28}
047854a1-760b-47e2-b404-e56de6826844,215106089,Commune de Vraux (51),false,{51656},Commune,2026-03-24 14:42:01.954481+01,gold_establishments_2025,,,,21510608900018,2025,Collectivité Territoriale,Commune,['Marne'],['Grand Est'],COM,{51},{44}
72e70498-347b-4934-ab38-9047b8cd7013,215906298,Commune de Vred (59),false,{59629},Commune,2026-03-24 14:42:04.814328+01,gold_establishments_2025,,,,21590629800017,2025,Collectivité Territoriale,Commune,['Nord'],['Hauts-de-France'],COM,{59},{32}
032fcc60-822b-4eba-9fde-d3a80a6813dc,217005784,Commune de Vregille (70),false,{70578},Commune,2026-03-24 14:42:07.735343+01,gold_establishments_2025,,,,21700578400012,2025,Collectivité Territoriale,Commune,['Haute-Saône'],['Bourgogne-Franche-Comté'],COM,{70},{27}
72be0134-d1c9-48ce-af8b-bf815a6cc515,210208005,Commune de Vregny (02),false,{02828},Commune,2026-03-24 14:41:52.020251+01,gold_establishments_2025,,,,21020800500012,2025,Collectivité Territoriale,Commune,['Aisne'],['Hauts-de-France'],COM,{02},{32}
eee244aa-1758-4408-b6b8-5d69e824a08a,213905847,Commune de Vriange (39),false,{39584},Commune,2026-03-24 14:41:59.705606+01,gold_establishments_2025,,,,21390584700017,2025,Collectivité Territoriale,Commune,['Jura'],['Bourgogne-Franche-Comté'],COM,{39},{27}
8c11685b-ffe9-41e7-b558-d1171ae71c88,200067577,Commune de Vrigne aux Bois (08),false,{08491},Commune,2026-03-24 14:41:53.095366+01,gold_establishments_2025,,,,20006757700011,2025,Collectivité Territoriale,Commune,['Ardennes'],['Grand Est'],COM,{08},{44}
7a3b683f-7577-466a-85e1-a6f3523fe487,210804506,Commune de Vrigne-Meuse (08),false,{08492},Commune,2026-03-24 14:41:53.095366+01,gold_establishments_2025,,,,21080450600017,2025,Collectivité Territoriale,Commune,['Ardennes'],['Grand Est'],COM,{08},{44}
60539363-5951-4f77-a475-d38da317d2a3,214503476,Commune de Vrigny (45),false,{45347},Commune,2026-03-24 14:42:00.862623+01,gold_establishments_2025,,,,21450347600019,2025,Collectivité Territoriale,Commune,['Loiret'],['Centre-Val de Loire'],COM,{45},{24}
21829f5a-438e-4c7d-84fa-daa1bb42e140,215106097,Commune de Vrigny (51),false,{51657},Commune,2026-03-24 14:42:01.954481+01,gold_establishments_2025,,,,21510609700011,2025,Collectivité Territoriale,Commune,['Marne'],['Grand Est'],COM,{51},{44}
dd00a6e4-44f5-41d5-902e-20a7359567b3,216006874,Commune de Vrocourt (60),false,{60697},Commune,2026-03-24 14:42:04.814328+01,gold_establishments_2025,,,,21600687400012,2025,Collectivité Territoriale,Commune,['Oise'],['Hauts-de-France'],COM,{60},{32}
b33a1725-503e-44a2-b294-d2a8db9ecfac,215106105,Commune de Vroil (51),false,{51658},Commune,2026-03-24 14:42:01.954481+01,gold_establishments_2025,,,,21510610500012,2025,Collectivité Territoriale,Commune,['Marne'],['Grand Est'],COM,{51},{44}
25209614-cb19-4afe-80d4-c1dd604e543a,218007664,Commune de Vron (80),false,{80815},Commune,2026-03-24 14:42:09.967209+01,gold_establishments_2025,,,,21800766400012,2025,Collectivité Territoriale,Commune,['Somme'],['Hauts-de-France'],COM,{80},{32}
6c679a2d-d88f-46cf-a964-8ec2bccdf991,215405929,Commune de Vroncourt (54),false,{54592},Commune,2026-03-24 14:42:02.957225+01,gold_establishments_2025,,,,21540592900013,2025,Collectivité Territoriale,Commune,['Meurthe-et-Moselle'],['Grand Est'],COM,{54},{44}
6cc0adf7-d8d1-4779-90d2-233a8cd39dc6,215203936,Commune de Vroncourt-la-Côte (52),false,{52549},Commune,2026-03-24 14:42:01.954481+01,gold_establishments_2025,,,,21520393600012,2025,Collectivité Territoriale,Commune,['Haute-Marne'],['Grand Est'],COM,{52},{44}
9c665fe2-45fc-4ffd-9c3c-f06e519b3909,218805257,Commune de Vroville (88),false,{88525},Commune,2026-03-24 14:42:11.118516+01,gold_establishments_2025,,,,21880525700043,2025,Collectivité Territoriale,Commune,['Vosges'],['Grand Est'],COM,{88},{44}
55b72bbe-df74-4e87-8b40-e5f6d1931044,215707365,Commune de Vry (57),false,{57736},Commune,2026-03-24 14:42:04.280096+01,gold_establishments_2025,,,,21570736500015,2025,Collectivité Territoriale,Commune,['Moselle'],['Grand Est'],COM,{57},{44}
19ea2f7e-5f60-4e3d-ad73-17b8fff2ff76,218805240,Commune de Vrécourt (88),false,{88524},Commune,2026-03-24 14:42:11.118516+01,gold_establishments_2025,,,,21880524000015,2025,Collectivité Territoriale,Commune,['Vosges'],['Grand Est'],COM,{88},{44}
c40057eb-b61d-47a9-9c40-621c58495c1d,218007656,Commune de Vrély (80),false,{80814},Commune,2026-03-24 14:42:09.967209+01,gold_establishments_2025,,,,21800765600018,2025,Collectivité Territoriale,Commune,['Somme'],['Hauts-de-France'],COM,{80},{32}
1a619927-c8f9-4ebc-9294-05ddfcfa76e4,214402208,Commune de Vue (44),false,{44220},Commune,2026-03-24 14:42:00.862623+01,gold_establishments_2025,,,,21440220800018,2025,Collectivité Territoriale,Commune,['Loire-Atlantique'],['Pays de la Loire'],COM,{44},{52}
bdf1c90a-4ef9-4032-830d-055ad1319a32,212506331,Commune de Vuillafans (25),false,{25633},Commune,2026-03-24 14:41:56.495197+01,gold_establishments_2025,,,,21250633100017,2025,Collectivité Territoriale,Commune,['Doubs'],['Bourgogne-Franche-Comté'],COM,{25},{27}
2faa1d9d-4a09-439a-a9e6-94b817739577,212506349,Commune de Vuillecin (25),false,{25634},Commune,2026-03-24 14:41:56.495197+01,gold_establishments_2025,,,,21250634900019,2025,Collectivité Territoriale,Commune,['Doubs'],['Bourgogne-Franche-Comté'],COM,{25},{27}
e311773d-2795-4185-9cb7-500a21b4193f,210208013,Commune de Vuillery (02),false,{02829},Commune,2026-03-24 14:41:52.020251+01,gold_establishments_2025,,,,21020801300016,2025,Collectivité Territoriale,Commune,['Aisne'],['Hauts-de-France'],COM,{02},{32}
f9a7fad6-fd17-422f-9d74-8346254c7ec4,211004296,Commune de Vulaines (10),false,{10444},Commune,2026-03-24 14:41:53.63825+01,gold_establishments_2025,,,,21100429600011,2025,Collectivité Territoriale,Commune,['Aube'],['Grand Est'],COM,{10},{44}
541728b9-3a72-4281-b29c-619d221f207a,217705326,Commune de Vulaines-lès-Provins (77),false,{77532},Commune,2026-03-24 14:42:09.43682+01,gold_establishments_2025,,,,21770532600015,2025,Collectivité Territoriale,Commune,['Seine-et-Marne'],['Île-de-France'],COM,{77},{11}
714bd301-f41b-48c7-85e7-e0ab9a173c90,217705334,Commune de Vulaines-sur-Seine (77),false,{77533},Commune,2026-03-24 14:42:09.43682+01,gold_establishments_2025,,,,21770533400019,2025,Collectivité Territoriale,Commune,['Seine-et-Marne'],['Île-de-France'],COM,{77},{11}
f1fc546b-101a-45e6-9475-cf5d23bdcaca,217403146,Commune de Vulbens (74),false,{74314},Commune,2026-03-24 14:42:08.818969+01,gold_establishments_2025,,,,21740314600012,2025,Collectivité Territoriale,Commune,['Haute-Savoie'],['Auvergne-Rhône-Alpes'],COM,{74},{84}
741ce740-c7a4-4e54-a1be-d6ca1c5d5d55,215707373,Commune de Vulmont (57),false,{57737},Commune,2026-03-24 14:42:04.280096+01,gold_establishments_2025,,,,21570737300019,2025,Collectivité Territoriale,Commune,['Moselle'],['Grand Est'],COM,{57},{44}
88a4cee5-097d-403e-a5b3-647dfb2939a0,213905854,Commune de Vulvoz (39),false,{39585},Commune,2026-03-24 14:41:59.705606+01,gold_establishments_2025,,,,21390585400013,2025,Collectivité Territoriale,Commune,['Jura'],['Bourgogne-Franche-Comté'],COM,{39},{27}
71bb7fec-8c2d-426d-b4ff-befdaa203b88,217005800,Commune de Vy-le-Ferroux (70),false,{70580},Commune,2026-03-24 14:42:07.735343+01,gold_establishments_2025,,,,21700580000016,2025,Collectivité Territoriale,Commune,['Haute-Saône'],['Bourgogne-Franche-Comté'],COM,{70},{27}
e27188e9-e388-42dc-8a9d-b715d125b49d,217005834,Commune de Vy-lès-Filain (70),false,{70583},Commune,2026-03-24 14:42:07.735343+01,gold_establishments_2025,,,,21700583400015,2025,Collectivité Territoriale,Commune,['Haute-Saône'],['Bourgogne-Franche-Comté'],COM,{70},{27}
0c3b25fb-5760-4e6f-8333-e4decbe6458e,217005818,Commune de Vy-lès-Lure (70),false,{70581},Commune,2026-03-24 14:42:07.735343+01,gold_establishments_2025,,,,21700581800018,2025,Collectivité Territoriale,Commune,['Haute-Saône'],['Bourgogne-Franche-Comté'],COM,{70},{27}
6bb80fce-41fd-4730-8ce7-2032de774334,217005826,Commune de Vy-lès-Rupt (70),false,{70582},Commune,2026-03-24 14:42:07.735343+01,gold_establishments_2025,,,,21700582600011,2025,Collectivité Territoriale,Commune,['Haute-Saône'],['Bourgogne-Franche-Comté'],COM,{70},{27}
a3599daa-5890-432c-a4cb-0ec93db6a954,217005792,Commune de Vyans-le-Val (70),false,{70579},Commune,2026-03-24 14:42:07.735343+01,gold_establishments_2025,,,,21700579200015,2025,Collectivité Territoriale,Commune,['Haute-Saône'],['Bourgogne-Franche-Comté'],COM,{70},{27}
a0e6bd7f-8e00-43b7-9d84-fa742f8f3535,212506356,Commune de Vyt-lès-Belvoir (25),false,{25635},Commune,2026-03-24 14:41:56.495197+01,gold_establishments_2025,,,,21250635600014,2025,Collectivité Territoriale,Commune,['Doubs'],['Bourgogne-Franche-Comté'],COM,{25},{27}
8328c80e-a4ee-467f-a13a-b3abf3f7bf9d,210903266,Commune de Vèbre (09),false,{09326},Commune,2026-03-24 14:41:53.095366+01,gold_establishments_2025,,,,21090326600018,2025,Collectivité Territoriale,Commune,['Ariège'],['Occitanie'],COM,{09},{76}
9c999328-e79f-408a-8717-083237cd426a,211502562,Commune de Vèze (15),false,{15256},Commune,2026-03-24 14:41:54.362296+01,gold_establishments_2025,,,,21150256200013,2025,Collectivité Territoriale,Commune,['Cantal'],['Auvergne-Rhône-Alpes'],COM,{15},{84}
aaf6933b-e59d-47c2-a4f2-6224b97d619d,211502513,Commune de Védrines-Saint-Loup (15),false,{15251},Commune,2026-03-24 14:41:54.362296+01,gold_establishments_2025,,,,21150251300016,2025,Collectivité Territoriale,Commune,['Cantal'],['Auvergne-Rhône-Alpes'],COM,{15},{84}
a48410b7-ab91-43d6-8a7f-c25db7f69f00,211928007,Commune de Végennes (19),false,{19280},Commune,2026-03-24 14:41:55.433389+01,gold_establishments_2025,,,,21192800700015,2025,Collectivité Territoriale,Commune,['Corrèze'],['Nouvelle-Aquitaine'],COM,{19},{75}
a4cfe550-7f6c-481a-a801-ddfa336e0092,215405564,Commune de Vého (54),false,{54556},Commune,2026-03-24 14:42:02.957225+01,gold_establishments_2025,,,,21540556400018,2025,Collectivité Territoriale,Commune,['Meurthe-et-Moselle'],['Grand Est'],COM,{54},{44}
355f7530-d75c-489b-9c13-e5aa635e5fd6,213403264,Commune de Vélieux (34),false,{34326},Commune,2026-03-24 14:41:58.620411+01,gold_establishments_2025,,,,21340326400012,2025,Collectivité Territoriale,Commune,['Hérault'],['Occitanie'],COM,{34},{76}
1acc311f-68a4-40fc-a64d-a8f5005b9b9d,212405682,Commune de Vélines (24),false,{24568},Commune,2026-03-24 14:41:55.958138+01,gold_establishments_2025,,,,21240568200015,2025,Collectivité Territoriale,Commune,['Dordogne'],['Nouvelle-Aquitaine'],COM,{24},{75}
0d8a5896-466d-4042-9d7a-8b385fab8b32,217806405,Commune de Vélizy-Villacoublay (78),false,{78640},Commune,2026-03-24 14:42:09.43682+01,gold_establishments_2025,,,,21780640500015,2025,Collectivité Territoriale,Commune,['Yvelines'],['Île-de-France'],COM,{78},{11}
98fa9b9a-bc1b-4537-8cb7-79b77495e364,216208405,Commune de Vélu (62),false,{62840},Commune,2026-03-24 14:42:06.130387+01,gold_establishments_2025,,,,21620840500011,2025,Collectivité Territoriale,Commune,['Pas-de-Calais'],['Hauts-de-France'],COM,{62},{32}
df4eb3af-f695-4c30-b1e2-ff8ad12ad572,215105594,Commune de Vélye (51),false,{51603},Commune,2026-03-24 14:42:01.954481+01,gold_establishments_2025,,,,21510559400018,2025,Collectivité Territoriale,Commune,['Marne'],['Grand Est'],COM,{51},{44}
31d51bf3-e016-4311-bf56-9cc229d146ae,219506417,Commune de Vémars (95),false,{95641},Commune,2026-03-24 14:42:11.659493+01,gold_establishments_2025,,,,21950641700019,2025,Collectivité Territoriale,Commune,"[""Val-d'Oise""]",['Île-de-France'],COM,{95},{11}
4668d917-a017-4d25-8c87-57edf86e7993,217607316,Commune de Vénestanville (76),false,{76731},Commune,2026-03-24 14:42:08.818969+01,gold_establishments_2025,,,,21760731600015,2025,Collectivité Territoriale,Commune,['Seine-Maritime'],['Normandie'],COM,{76},{28}
fd9421f1-2c96-44e3-9789-fc4ad400cf99,216902593,Commune de Vénissieux (69),false,{69259},Commune,2026-03-24 14:42:07.735343+01,gold_establishments_2025,,,,21690259300013,2025,Collectivité Territoriale,Commune,['Rhône'],['Auvergne-Rhône-Alpes'],COM,{69},{84}
e80e8c2d-08c1-4683-8586-dee8a49a976f,218103117,Commune de Vénès (81),false,{81311},Commune,2026-03-24 14:42:09.967209+01,gold_establishments_2025,,,,21810311700014,2025,Collectivité Territoriale,Commune,['Tarn'],['Occitanie'],COM,{81},{76}
962ddf0e-78d6-4d77-9c9a-578117d2dd27,213003429,Commune de Vénéjan (30),false,{30342},Commune,2026-03-24 14:41:57.56054+01,gold_establishments_2025,,,,21300342900015,2025,Collectivité Territoriale,Commune,['Gard'],['Occitanie'],COM,{30},{76}
4fe27fd1-389f-46d0-8e6a-054e39a9f4af,211704622,Commune de Vénérand (17),false,{17462},Commune,2026-03-24 14:41:54.903238+01,gold_establishments_2025,,,,21170462200011,2025,Collectivité Territoriale,Commune,['Charente-Maritime'],['Nouvelle-Aquitaine'],COM,{17},{75}
1e29a051-2e69-4f77-b2da-a143d28cec2f,213805328,Commune de Vénérieu (38),false,{38532},Commune,2026-03-24 14:41:59.705606+01,gold_establishments_2025,,,,21380532800019,2025,Collectivité Territoriale,Commune,['Isère'],['Auvergne-Rhône-Alpes'],COM,{38},{84}
189f0e84-4f6a-49e7-9ebd-d6aa1608e644,210207528,Commune de Vénérolles (02),false,{02779},Commune,2026-03-24 14:41:52.020251+01,gold_establishments_2025,,,,21020752800014,2025,Collectivité Territoriale,Commune,['Aisne'],['Hauts-de-France'],COM,{02},{32}
5a2d7d98-f368-4300-989d-f9dcae6508b4,213305428,Commune de Vérac (33),false,{33542},Commune,2026-03-24 14:41:58.620411+01,gold_establishments_2025,,,,21330542800012,2025,Collectivité Territoriale,Commune,['Gironde'],['Nouvelle-Aquitaine'],COM,{33},{75}
e36b0b30-154a-40c0-9b3c-807baa869d2c,214203267,Commune de Véranne (42),false,{42326},Commune,2026-03-24 14:42:00.273698+01,gold_establishments_2025,,,,21420326700015,2025,Collectivité Territoriale,Commune,['Loire'],['Auvergne-Rhône-Alpes'],COM,{42},{84}
162f38ba-eb4e-444f-9235-311f0fdc5731,211104062,Commune de Véraza (11),false,{11406},Commune,2026-03-24 14:41:53.63825+01,gold_establishments_2025,,,,21110406200016,2025,Collectivité Territoriale,Commune,['Aude'],['Occitanie'],COM,{11},{76}
37568137-4b84-498f-9449-d61ec8ee2acd,213702673,Commune de Véretz (37),false,{37267},Commune,2026-03-24 14:41:59.160244+01,gold_establishments_2025,,,,21370267300012,2025,Collectivité Territoriale,Commune,['Indre-et-Loire'],['Centre-Val de Loire'],COM,{37},{24}
58a720da-6339-4996-b872-573c2be706db,213905516,Commune de Véria (39),false,{39551},Commune,2026-03-24 14:41:59.705606+01,gold_establishments_2025,,,,21390551600018,2025,Collectivité Territoriale,Commune,['Jura'],['Bourgogne-Franche-Comté'],COM,{39},{27}
36cf589a-a649-41db-8ccf-81defe30f788,218301471,Commune de Vérignon (83),false,{83147},Commune,2026-03-24 14:42:10.508772+01,gold_establishments_2025,,,,21830147100015,2025,Collectivité Territoriale,Commune,['Var'],"[""Provence-Alpes-Côte d'Azur""]",COM,{83},{93}
f631f2ab-84f4-4aa6-afc8-68aae2355c27,214203275,Commune de Vérin (42),false,{42327},Commune,2026-03-24 14:42:00.273698+01,gold_establishments_2025,,,,21420327500018,2025,Collectivité Territoriale,Commune,['Loire'],['Auvergne-Rhône-Alpes'],COM,{42},{84}
716315e6-9f1b-4bbc-aee5-ebb805868bd6,211704663,Commune de Vérines (17),false,{17466},Commune,2026-03-24 14:41:54.903238+01,gold_establishments_2025,,,,21170466300015,2025,Collectivité Territoriale,Commune,['Charente-Maritime'],['Nouvelle-Aquitaine'],COM,{17},{75}
0c820669-33fe-47f0-896b-e39f56183365,217105683,Commune de Vérissey (71),false,{71568},Commune,2026-03-24 14:42:08.279287+01,gold_establishments_2025,,,,21710568300015,2025,Collectivité Territoriale,Commune,['Saône-et-Loire'],['Bourgogne-Franche-Comté'],COM,{71},{27}
d561ee4a-b0e7-4f9c-bb69-85acbde3009e,218904431,Commune de Véron (89),false,{89443},Commune,2026-03-24 14:42:11.659493+01,gold_establishments_2025,,,,21890443100010,2025,Collectivité Territoriale,Commune,['Yonne'],['Bourgogne-Franche-Comté'],COM,{89},{27}
2a483511-f96d-4ed4-bf0b-b4db7aa3f0b0,212106678,Commune de Véronnes (21),false,{21667},Commune,2026-03-24 14:41:55.433389+01,gold_establishments_2025,,,,21210667800015,2025,Collectivité Territoriale,Commune,"[""Côte-d'Or""]",['Bourgogne-Franche-Comté'],COM,{21},{27}
4a87f9e4-783d-44e0-87e3-34dfbac9d277,215505496,Commune de Véry (55),false,{55549},Commune,2026-03-24 14:42:03.701372+01,gold_establishments_2025,,,,21550549600012,2025,Collectivité Territoriale,Commune,['Meuse'],['Grand Est'],COM,{55},{44}
18bc8b4f-c3c2-4d5a-b3cb-5c8b0aa40c40,215105693,Commune de Vésigneul-sur-Marne (51),false,{51616},Commune,2026-03-24 14:42:01.954481+01,gold_establishments_2025,,,,21510569300018,2025,Collectivité Territoriale,Commune,['Marne'],['Grand Est'],COM,{51},{44}
ab5131ca-3a99-446c-bc94-066aecd9eadb,210104394,Commune de Vésines (01),false,{01439},Commune,2026-03-24 14:41:51.447482+01,gold_establishments_2025,,,,21010439400015,2025,Collectivité Territoriale,Commune,['Ain'],['Auvergne-Rhône-Alpes'],COM,{01},{84}
0602c474-67e4-46d7-b9c4-192ebb4d1863,219506516,Commune de Vétheuil (95),false,{95651},Commune,2026-03-24 14:42:11.659493+01,gold_establishments_2025,,,,21950651600018,2025,Collectivité Territoriale,Commune,"[""Val-d'Oise""]",['Île-de-France'],COM,{95},{11}
be11fff4-7e0c-4932-a9dc-43e2eb790947,217402981,Commune de Vétraz-Monthoux (74),false,{74298},Commune,2026-03-24 14:42:08.818969+01,gold_establishments_2025,,,,21740298100096,2025,Collectivité Territoriale,Commune,['Haute-Savoie'],['Auvergne-Rhône-Alpes'],COM,{74},{84}
2ebf632a-997d-417a-9314-f7f7db207d68,219001039,Commune de Vétrigne (90),false,{90103},Commune,2026-03-24 14:42:11.659493+01,gold_establishments_2025,,,,21900103900011,2025,Collectivité Territoriale,Commune,['Territoire de Belfort'],['Bourgogne-Franche-Comté'],COM,{90},{27}
f8271661-4462-4360-b225-e975752c1476,211502554,Commune de Vézac (15),false,{15255},Commune,2026-03-24 14:41:54.362296+01,gold_establishments_2025,,,,21150255400069,2025,Collectivité Territoriale,Commune,['Cantal'],['Auvergne-Rhône-Alpes'],COM,{15},{84}
25eac802-2f76-44d4-9e3c-3bef7bb21255,212405773,Commune de Vézac (24),false,{24577},Commune,2026-03-24 14:41:55.958138+01,gold_establishments_2025,,,,21240577300012,2025,Collectivité Territoriale,Commune,['Dordogne'],['Nouvelle-Aquitaine'],COM,{24},{75}
413c7246-34ac-45fd-b0ea-cbadbad374c2,218904456,Commune de Vézannes (89),false,{89445},Commune,2026-03-24 14:42:11.659493+01,gold_establishments_2025,,,,21890445600017,2025,Collectivité Territoriale,Commune,['Yonne'],['Bourgogne-Franche-Comté'],COM,{89},{27}
9282a69b-151b-4803-ab51-312d42581965,210207668,Commune de Vézaponin (02),false,{02793},Commune,2026-03-24 14:41:52.020251+01,gold_establishments_2025,,,,21020766800018,2025,Collectivité Territoriale,Commune,['Aisne'],['Hauts-de-France'],COM,{02},{32}
1aa8c88a-586d-4377-8a5b-8e6beb46af5a,218904464,Commune de Vézelay (89),false,{89446},Commune,2026-03-24 14:42:11.659493+01,gold_establishments_2025,,,,21890446400011,2025,Collectivité Territoriale,Commune,['Yonne'],['Bourgogne-Franche-Comté'],COM,{89},{27}
ef8bbdc6-71e0-4d39-869e-15fffbb14170,200081347,Commune de Vézelin-sur-Loire (42),false,{42268},Commune,2026-03-24 14:42:00.273698+01,gold_establishments_2025,,,,20008134700011,2025,Collectivité Territoriale,Commune,['Loire'],['Auvergne-Rhône-Alpes'],COM,{42},{84}
3d744f55-c87b-4401-8d0b-a52647e0d76f,215405630,Commune de Vézelise (54),false,{54563},Commune,2026-03-24 14:42:02.957225+01,gold_establishments_2025,,,,21540563000017,2025,Collectivité Territoriale,Commune,['Meurthe-et-Moselle'],['Grand Est'],COM,{54},{44}
599eb2f2-375f-4fbb-a312-ebea1d9d6e0e,219001047,Commune de Vézelois (90),false,{90104},Commune,2026-03-24 14:42:11.659493+01,gold_establishments_2025,,,,21900104700014,2025,Collectivité Territoriale,Commune,['Territoire de Belfort'],['Bourgogne-Franche-Comté'],COM,{90},{27}
707c1a7d-759c-4c92-af95-87ced539fac4,213805435,Commune de Vézeronce-Curtin (38),false,{38543},Commune,2026-03-24 14:41:59.705606+01,gold_establishments_2025,,,,21380543500012,2025,Collectivité Territoriale,Commune,['Isère'],['Auvergne-Rhône-Alpes'],COM,{38},{84}
99eb2dae-2f6f-4d22-874d-9a82d0f32d30,212706832,Commune de Vézillon (27),false,{27683},Commune,2026-03-24 14:41:57.028721+01,gold_establishments_2025,,,,21270683200012,2025,Collectivité Territoriale,Commune,['Eure'],['Normandie'],COM,{27},{28}
4cf6a4b0-474b-464f-bcc4-607b7e364de1,210207676,Commune de Vézilly (02),false,{02794},Commune,2026-03-24 14:41:52.020251+01,gold_establishments_2025,,,,21020767600011,2025,Collectivité Territoriale,Commune,['Aisne'],['Hauts-de-France'],COM,{02},{32}
073cf299-9949-41ac-be1d-f9468b3381ef,218904472,Commune de Vézinnes (89),false,{89447},Commune,2026-03-24 14:42:11.659493+01,gold_establishments_2025,,,,21890447200014,2025,Collectivité Territoriale,Commune,['Yonne'],['Bourgogne-Franche-Comté'],COM,{89},{27}
1afe4595-ba96-4ee0-8ed4-f3454bb05652,211202940,Commune de Vézins-de-Lévézou (12),false,{12294},Commune,2026-03-24 14:41:53.63825+01,gold_establishments_2025,,,,21120294000014,2025,Collectivité Territoriale,Commune,['Aveyron'],['Occitanie'],COM,{12},{76}
c6bca67d-c643-4dc4-9411-d9086537936c,218602878,Commune de Vézières (86),false,{86287},Commune,2026-03-24 14:42:11.118516+01,gold_establishments_2025,,,,21860287800017,2025,Collectivité Territoriale,Commune,['Vienne'],['Nouvelle-Aquitaine'],COM,{86},{75}
8c87a3ae-8e73-4648-97d8-982e4252116c,213003486,Commune de Vézénobres (30),false,{30348},Commune,2026-03-24 14:41:57.56054+01,gold_establishments_2025,,,,21300348600015,2025,Collectivité Territoriale,Commune,['Gard'],['Occitanie'],COM,{30},{76}
ecfdf105-0c7b-4124-9c40-ae7824d2059f,214302614,Commune de Vézézoux (43),false,{43261},Commune,2026-03-24 14:42:00.273698+01,gold_establishments_2025,,,,21430261400018,2025,Collectivité Territoriale,Commune,['Haute-Loire'],['Auvergne-Rhône-Alpes'],COM,{43},{84}
8363a343-c408-4bd5-9c40-219c0b7b9cf4,200083855,Commune de Vêtre-sur-Anzon (42),false,{42245},Commune,2026-03-24 14:42:00.273698+01,gold_establishments_2025,,,,20008385500011,2025,Collectivité Territoriale,Commune,['Loire'],['Auvergne-Rhône-Alpes'],COM,{42},{84}
4e48bee3-c24f-4de5-9d0f-61fff7b24d92,216803502,Commune de Vœgtlinshoffen (68),false,{68350},Commune,2026-03-24 14:42:07.195692+01,gold_establishments_2025,,,,21680350200014,2025,Collectivité Territoriale,Commune,['Haut-Rhin'],['Grand Est'],COM,{68},{44}
844c29cf-b431-474a-a92c-3673b5cdfcde,215707498,Commune de Vœlfling-lès-Bouzonville (57),false,{57749},Commune,2026-03-24 14:42:04.280096+01,gold_establishments_2025,,,,21570749800014,2025,Collectivité Territoriale,Commune,['Moselle'],['Grand Est'],COM,{57},{44}
1c69f93d-286e-460d-803a-7744db3a8fdf,216705087,Commune de Vœllerdingen (67),false,{67508},Commune,2026-03-24 14:42:07.195692+01,gold_establishments_2025,,,,21670508700015,2025,Collectivité Territoriale,Commune,['Bas-Rhin'],['Grand Est'],COM,{67},{44}
0e748e43-a52b-4bb5-996b-6460bb8c5a24,211604186,Commune de Vœuil-et-Giget (16),false,{16418},Commune,2026-03-24 14:41:54.903238+01,gold_establishments_2025,,,,21160418600018,2025,Collectivité Territoriale,Commune,['Charente'],['Nouvelle-Aquitaine'],COM,{16},{75}
833e1c49-1475-44f4-b10f-1d37088ff7f6,216208660,Commune de Waben (62),false,{62866},Commune,2026-03-24 14:42:06.130387+01,gold_establishments_2025,,,,21620866000011,2025,Collectivité Territoriale,Commune,['Pas-de-Calais'],['Hauts-de-France'],COM,{62},{32}
c1622006-9e0d-4a61-a277-d9db3ce023cd,216006882,Commune de Wacquemoulin (60),false,{60698},Commune,2026-03-24 14:42:04.814328+01,gold_establishments_2025,,,,21600688200015,2025,Collectivité Territoriale,Commune,['Oise'],['Hauts-de-France'],COM,{60},{32}
82b2d2ec-e067-4d18-98ac-b57ad542d272,216208678,Commune de Wacquinghen (62),false,{62867},Commune,2026-03-24 14:42:06.130387+01,gold_establishments_2025,,,,21620867800013,2025,Collectivité Territoriale,Commune,['Pas-de-Calais'],['Hauts-de-France'],COM,{62},{32}
5852400c-f334-4a09-853a-e73b63936a2a,210804522,Commune de Wadelincourt (08),false,{08494},Commune,2026-03-24 14:41:53.095366+01,gold_establishments_2025,,,,21080452200014,2025,Collectivité Territoriale,Commune,['Ardennes'],['Grand Est'],COM,{08},{44}
5e921274-994b-4003-a301-dd6d41318bcd,210804530,Commune de Wagnon (08),false,{08496},Commune,2026-03-24 14:41:53.095366+01,gold_establishments_2025,,,,21080453000017,2025,Collectivité Territoriale,Commune,['Ardennes'],['Grand Est'],COM,{08},{44}
9d0427e1-6b51-47fe-adf0-f706dafd3965,215906306,Commune de Wahagnies (59),false,{59630},Commune,2026-03-24 14:42:04.814328+01,gold_establishments_2025,,,,21590630600018,2025,Collectivité Territoriale,Commune,['Nord'],['Hauts-de-France'],COM,{59},{32}
1e4bc71c-ef01-4d2f-9c72-1e1d1b068012,216803536,Commune de Wahlbach (68),false,{68353},Commune,2026-03-24 14:42:07.195692+01,gold_establishments_2025,,,,21680353600012,2025,Collectivité Territoriale,Commune,['Haut-Rhin'],['Grand Est'],COM,{68},{44}
9b3aba13-3489-4225-a792-96eb1f174f12,216705103,Commune de Wahlenheim (67),false,{67510},Commune,2026-03-24 14:42:07.195692+01,gold_establishments_2025,,,,21670510300010,2025,Collectivité Territoriale,Commune,['Bas-Rhin'],['Grand Est'],COM,{67},{44}
1bd7ef7b-83dd-4abf-b893-58ba000c4a3b,216208686,Commune de Wail (62),false,{62868},Commune,2026-03-24 14:42:06.130387+01,gold_establishments_2025,,,,21620868600016,2025,Collectivité Territoriale,Commune,['Pas-de-Calais'],['Hauts-de-France'],COM,{62},{32}
19d6694c-6e2e-4231-bdfb-875511da976d,216208694,Commune de Wailly (62),false,{62869},Commune,2026-03-24 14:42:06.130387+01,gold_establishments_2025,,,,21620869400010,2025,Collectivité Territoriale,Commune,['Pas-de-Calais'],['Hauts-de-France'],COM,{62},{32}
0d556f9b-a5c0-4e55-8d18-e1c7dbb1f9a9,216208702,Commune de Wailly-Beaucamp (62),false,{62870},Commune,2026-03-24 14:42:06.130387+01,gold_establishments_2025,,,,21620870200011,2025,Collectivité Territoriale,Commune,['Pas-de-Calais'],['Hauts-de-France'],COM,{62},{32}
931fa006-bccc-436d-8da0-273c638a93af,216803544,Commune de Walbach (68),false,{68354},Commune,2026-03-24 14:42:07.195692+01,gold_establishments_2025,,,,21680354400016,2025,Collectivité Territoriale,Commune,['Haut-Rhin'],['Grand Est'],COM,{68},{44}
59d0783b-d05a-474a-9afe-57427e69e507,216705111,Commune de Walbourg (67),false,{67511},Commune,2026-03-24 14:42:07.195692+01,gold_establishments_2025,,,,21670511100013,2025,Collectivité Territoriale,Commune,['Bas-Rhin'],['Grand Est'],COM,{67},{44}
bbb525f8-ea61-49fa-87a6-67f4e3b3bee3,216705137,Commune de Waldersbach (67),false,{67513},Commune,2026-03-24 14:42:07.195692+01,gold_establishments_2025,,,,21670513700018,2025,Collectivité Territoriale,Commune,['Bas-Rhin'],['Grand Est'],COM,{67},{44}
090a465b-052f-4e1a-bd31-fecc0d13eb35,216705145,Commune de Waldhambach (67),false,{67514},Commune,2026-03-24 14:42:07.195692+01,gold_establishments_2025,,,,21670514500011,2025,Collectivité Territoriale,Commune,['Bas-Rhin'],['Grand Est'],COM,{67},{44}
03c2c9fb-ef7c-4e53-a87a-1ada1f248301,215707381,Commune de Waldhouse (57),false,{57738},Commune,2026-03-24 14:42:04.280096+01,gold_establishments_2025,,,,21570738100012,2025,Collectivité Territoriale,Commune,['Moselle'],['Grand Est'],COM,{57},{44}
0b12988f-9db6-4c1c-881e-837a0126239a,216803551,Commune de Waldighofen (68),false,{68355},Commune,2026-03-24 14:42:07.195692+01,gold_establishments_2025,,,,21680355100011,2025,Collectivité Territoriale,Commune,['Haut-Rhin'],['Grand Est'],COM,{68},{44}
e850ec7e-828a-4c1c-b08b-a4adbbcb0d69,216705152,Commune de Waldolwisheim (67),false,{67515},Commune,2026-03-24 14:42:07.195692+01,gold_establishments_2025,,,,21670515200017,2025,Collectivité Territoriale,Commune,['Bas-Rhin'],['Grand Est'],COM,{67},{44}
b56c0264-859c-488b-9c81-4aa7d018546d,215707399,Commune de Waldweistroff (57),false,{57739},Commune,2026-03-24 14:42:04.280096+01,gold_establishments_2025,,,,21570739900014,2025,Collectivité Territoriale,Commune,['Moselle'],['Grand Est'],COM,{57},{44}
ea8e29d9-0dfe-40f0-bbe4-62d11dbca103,215707407,Commune de Waldwisse (57),false,{57740},Commune,2026-03-24 14:42:04.280096+01,gold_establishments_2025,,,,21570740700015,2025,Collectivité Territoriale,Commune,['Moselle'],['Grand Est'],COM,{57},{44}
a6a83c58-9948-4cfb-93cf-df74f21ce016,216803569,Commune de Walheim (68),false,{68356},Commune,2026-03-24 14:42:07.195692+01,gold_establishments_2025,,,,21680356900062,2025,Collectivité Territoriale,Commune,['Haut-Rhin'],['Grand Est'],COM,{68},{44}
e16802d6-4557-4827-a8d0-839b384f3765,215906314,Commune de Walincourt-Selvigny (59),false,{59631},Commune,2026-03-24 14:42:04.814328+01,gold_establishments_2025,,,,21590631400012,2025,Collectivité Territoriale,Commune,['Nord'],['Hauts-de-France'],COM,{59},{32}
9170d1b0-8625-4735-80ae-7b6969112001,215906322,Commune de Wallers (59),false,{59632},Commune,2026-03-24 14:42:04.814328+01,gold_establishments_2025,,,,21590632200015,2025,Collectivité Territoriale,Commune,['Nord'],['Hauts-de-France'],COM,{59},{32}
139bf205-33b2-47c4-9192-7cb58af7bdfd,215906330,Commune de Wallers-en-Fagne (59),false,{59633},Commune,2026-03-24 14:42:04.814328+01,gold_establishments_2025,,,,21590633000018,2025,Collectivité Territoriale,Commune,['Nord'],['Hauts-de-France'],COM,{59},{32}
bd3d9be9-8232-4768-b33d-c298bae767f6,215906348,Commune de Wallon-Cappel (59),false,{59634},Commune,2026-03-24 14:42:04.814328+01,gold_establishments_2025,,,,21590634800036,2025,Collectivité Territoriale,Commune,['Nord'],['Hauts-de-France'],COM,{59},{32}
2f40ffe4-c7c4-40a2-ba8c-f9071147c081,215707415,Commune de Walschbronn (57),false,{57741},Commune,2026-03-24 14:42:04.280096+01,gold_establishments_2025,,,,21570741500018,2025,Collectivité Territoriale,Commune,['Moselle'],['Grand Est'],COM,{57},{44}
ba1089ad-8a45-4bcf-b747-9e0d384ce844,215707423,Commune de Walscheid (57),false,{57742},Commune,2026-03-24 14:42:04.280096+01,gold_establishments_2025,,,,21570742300012,2025,Collectivité Territoriale,Commune,['Moselle'],['Grand Est'],COM,{57},{44}
53e3e039-26ba-4e94-8027-96dd1d682e97,215707431,Commune de Waltembourg (57),false,{57743},Commune,2026-03-24 14:42:04.280096+01,gold_establishments_2025,,,,21570743100015,2025,Collectivité Territoriale,Commune,['Moselle'],['Grand Est'],COM,{57},{44}
0bc1d015-e228-44bb-b085-53d1c36f2ac8,216803577,Commune de Waltenheim (68),false,{68357},Commune,2026-03-24 14:42:07.195692+01,gold_establishments_2025,,,,21680357700016,2025,Collectivité Territoriale,Commune,['Haut-Rhin'],['Grand Est'],COM,{68},{44}
33f49110-471a-4390-9342-a96646b06c5d,216705160,Commune de Waltenheim-sur-Zorn (67),false,{67516},Commune,2026-03-24 14:42:07.195692+01,gold_establishments_2025,,,,21670516000010,2025,Collectivité Territoriale,Commune,['Bas-Rhin'],['Grand Est'],COM,{67},{44}
936e7c51-d59b-46b9-880b-f40290a56204,215505777,Commune de Waly (55),false,{55577},Commune,2026-03-24 14:42:03.701372+01,gold_establishments_2025,,,,21550577700015,2025,Collectivité Territoriale,Commune,['Meuse'],['Grand Est'],COM,{55},{44}
107b5ecf-7729-4501-a5d2-71357a83bde9,215906355,Commune de Wambaix (59),false,{59635},Commune,2026-03-24 14:42:04.814328+01,gold_establishments_2025,,,,21590635500015,2025,Collectivité Territoriale,Commune,['Nord'],['Hauts-de-France'],COM,{59},{32}
1539138b-8ac9-4d92-b7c3-80b87b1215c7,216208710,Commune de Wambercourt (62),false,{62871},Commune,2026-03-24 14:42:06.130387+01,gold_establishments_2025,,,,21620871000014,2025,Collectivité Territoriale,Commune,['Pas-de-Calais'],['Hauts-de-France'],COM,{62},{32}
33094188-c430-4986-b419-f7ec996f50b2,216006890,Commune de Wambez (60),false,{60699},Commune,2026-03-24 14:42:04.814328+01,gold_establishments_2025,,,,21600689000018,2025,Collectivité Territoriale,Commune,['Oise'],['Hauts-de-France'],COM,{60},{32}
b52c0aa7-386e-44ad-b91d-f37b66e995da,215906363,Commune de Wambrechies (59),false,{59636},Commune,2026-03-24 14:42:04.814328+01,gold_establishments_2025,,,,21590636300019,2025,Collectivité Territoriale,Commune,['Nord'],['Hauts-de-France'],COM,{59},{32}
f7794ffe-ec45-4825-830f-2e594faa712c,216208728,Commune de Wamin (62),false,{62872},Commune,2026-03-24 14:42:06.130387+01,gold_establishments_2025,,,,21620872800016,2025,Collectivité Territoriale,Commune,['Pas-de-Calais'],['Hauts-de-France'],COM,{62},{32}
07d4f255-ef88-4760-81ec-75127c6951b6,217607498,Commune de Wanchy-Capval (76),false,{76749},Commune,2026-03-24 14:42:08.818969+01,gold_establishments_2025,,,,21760749800011,2025,Collectivité Territoriale,Commune,['Seine-Maritime'],['Normandie'],COM,{76},{28}
93ffcc62-fc48-4a29-849f-3a5db09c2212,216208736,Commune de Wancourt (62),false,{62873},Commune,2026-03-24 14:42:06.130387+01,gold_establishments_2025,,,,21620873600019,2025,Collectivité Territoriale,Commune,['Pas-de-Calais'],['Hauts-de-France'],COM,{62},{32}
f375d5f6-3818-4967-81d3-e0e1f1b84789,215906371,Commune de Wandignies-Hamage (59),false,{59637},Commune,2026-03-24 14:42:04.814328+01,gold_establishments_2025,,,,21590637100012,2025,Collectivité Territoriale,Commune,['Nord'],['Hauts-de-France'],COM,{59},{32}
0081cf72-3575-4f48-876e-c887ef3c3e4f,216705178,Commune de Wangen (67),false,{67517},Commune,2026-03-24 14:42:07.195692+01,gold_establishments_2025,,,,21670517800012,2025,Collectivité Territoriale,Commune,['Bas-Rhin'],['Grand Est'],COM,{67},{44}
5982526a-ca59-46c1-9e2d-89f5112cd2cc,216701227,Commune de Wangenbourg-Engenthal (67),false,{67122},Commune,2026-03-24 14:42:07.195692+01,gold_establishments_2025,,,,21670122700011,2025,Collectivité Territoriale,Commune,['Bas-Rhin'],['Grand Est'],COM,{67},{44}
34a346d3-8649-4371-85fc-22931b997b1a,215906389,Commune de Wannehain (59),false,{59638},Commune,2026-03-24 14:42:04.814328+01,gold_establishments_2025,,,,21590638900014,2025,Collectivité Territoriale,Commune,['Nord'],['Hauts-de-France'],COM,{59},{32}
cbee4e49-a0c3-4439-8f48-9bc82f2f61e5,216208744,Commune de Wanquetin (62),false,{62874},Commune,2026-03-24 14:42:06.130387+01,gold_establishments_2025,,,,21620874400013,2025,Collectivité Territoriale,Commune,['Pas-de-Calais'],['Hauts-de-France'],COM,{62},{32}
aa1e2a4e-d4d0-4e2d-ad92-c54dc2abc8b9,210804548,Commune de Warcq (08),false,{08497},Commune,2026-03-24 14:41:53.095366+01,gold_establishments_2025,,,,21080454800019,2025,Collectivité Territoriale,Commune,['Ardennes'],['Grand Est'],COM,{08},{44}
8f941274-31dc-4c05-806f-ff689d5c3a80,215505785,Commune de Warcq (55),false,{55578},Commune,2026-03-24 14:42:03.701372+01,gold_establishments_2025,,,,21550578500018,2025,Collectivité Territoriale,Commune,['Meuse'],['Grand Est'],COM,{55},{44}
43778de2-c928-47cc-83c1-002f62beb06d,216208751,Commune de Wardrecques (62),false,{62875},Commune,2026-03-24 14:42:06.130387+01,gold_establishments_2025,,,,21620875100018,2025,Collectivité Territoriale,Commune,['Pas-de-Calais'],['Hauts-de-France'],COM,{62},{32}
af578cdb-083a-44e9-93d4-bebf4f00d214,215106113,Commune de Wargemoulin-Hurlus (51),false,{51659},Commune,2026-03-24 14:42:01.954481+01,gold_establishments_2025,,,,21510611300016,2025,Collectivité Territoriale,Commune,['Marne'],['Grand Est'],COM,{51},{44}
a6e37d17-cef1-4a2d-abc1-81d37bc45b5f,218007672,Commune de Wargnies (80),false,{80819},Commune,2026-03-24 14:42:09.967209+01,gold_establishments_2025,,,,21800767200015,2025,Collectivité Territoriale,Commune,['Somme'],['Hauts-de-France'],COM,{80},{32}
278c2154-4252-412a-b785-15ec1a76287f,215906397,Commune de Wargnies-le-Grand (59),false,{59639},Commune,2026-03-24 14:42:04.814328+01,gold_establishments_2025,,,,21590639700017,2025,Collectivité Territoriale,Commune,['Nord'],['Hauts-de-France'],COM,{59},{32}
470e3ed4-3516-4140-85ed-5802f40684b5,215906405,Commune de Wargnies-le-Petit (59),false,{59640},Commune,2026-03-24 14:42:04.814328+01,gold_establishments_2025,,,,21590640500018,2025,Collectivité Territoriale,Commune,['Nord'],['Hauts-de-France'],COM,{59},{32}
4bfac45e-27bb-48ea-8410-56ae4f6040dd,215906413,Commune de Warhem (59),false,{59641},Commune,2026-03-24 14:42:04.814328+01,gold_establishments_2025,,,,21590641300012,2025,Collectivité Territoriale,Commune,['Nord'],['Hauts-de-France'],COM,{59},{32}
aaf536b8-4d03-496b-9ce9-6a483ff502f1,215906421,Commune de Warlaing (59),false,{59642},Commune,2026-03-24 14:42:04.814328+01,gold_establishments_2025,,,,21590642100015,2025,Collectivité Territoriale,Commune,['Nord'],['Hauts-de-France'],COM,{59},{32}
d33ef4e0-d2f3-4945-b3f9-648f3fd287ea,216208769,Commune de Warlencourt-Eaucourt (62),false,{62876},Commune,2026-03-24 14:42:06.130387+01,gold_establishments_2025,,,,21620876900010,2025,Collectivité Territoriale,Commune,['Pas-de-Calais'],['Hauts-de-France'],COM,{62},{32}
6aa24f8c-3f4b-4dc2-9a4e-e992b7def395,216208777,Commune de Warlincourt-lès-Pas (62),false,{62877},Commune,2026-03-24 14:42:06.130387+01,gold_establishments_2025,,,,21620877700013,2025,Collectivité Territoriale,Commune,['Pas-de-Calais'],['Hauts-de-France'],COM,{62},{32}
8169e296-d787-4120-b231-7cb5c6191853,218007680,Commune de Warloy-Baillon (80),false,{80820},Commune,2026-03-24 14:42:09.967209+01,gold_establishments_2025,,,,21800768000018,2025,Collectivité Territoriale,Commune,['Somme'],['Hauts-de-France'],COM,{80},{32}
4a843738-04ff-4585-af13-ba2298131309,216006908,Commune de Warluis (60),false,{60700},Commune,2026-03-24 14:42:04.814328+01,gold_establishments_2025,,,,21600690800018,2025,Collectivité Territoriale,Commune,['Oise'],['Hauts-de-France'],COM,{60},{32}
e2cde9bf-1e24-4d20-ae1b-05f964462911,216208785,Commune de Warlus (62),false,{62878},Commune,2026-03-24 14:42:06.130387+01,gold_establishments_2025,,,,21620878500016,2025,Collectivité Territoriale,Commune,['Pas-de-Calais'],['Hauts-de-France'],COM,{62},{32}
377ca0d6-5929-41cd-a2e9-ad3ea6c87384,218007698,Commune de Warlus (80),false,{80821},Commune,2026-03-24 14:42:09.967209+01,gold_establishments_2025,,,,21800769800010,2025,Collectivité Territoriale,Commune,['Somme'],['Hauts-de-France'],COM,{80},{32}
a17c802d-1651-4014-915d-7400fabb20e1,216208793,Commune de Warluzel (62),false,{62879},Commune,2026-03-24 14:42:06.130387+01,gold_establishments_2025,,,,21620879300010,2025,Collectivité Territoriale,Commune,['Pas-de-Calais'],['Hauts-de-France'],COM,{62},{32}
9dce7b9d-3b64-48ce-aeb3-52b3b2ce8df1,215106121,Commune de Warmeriville (51),false,{51660},Commune,2026-03-24 14:42:01.954481+01,gold_establishments_2025,,,,21510612100019,2025,Collectivité Territoriale,Commune,['Marne'],['Grand Est'],COM,{51},{44}
7c559538-dc1c-45de-9483-a73ac4d63bc5,215906439,Commune de Warneton (59),false,{59643},Commune,2026-03-24 14:42:04.814328+01,gold_establishments_2025,,,,21590643900017,2025,Collectivité Territoriale,Commune,['Nord'],['Hauts-de-France'],COM,{59},{32}
968b452c-9b1a-405c-9f4d-d21ee00910e2,210804555,Commune de Warnécourt (08),false,{08498},Commune,2026-03-24 14:41:53.095366+01,gold_establishments_2025,,,,21080455500014,2025,Collectivité Territoriale,Commune,['Ardennes'],['Grand Est'],COM,{08},{44}
5b2b7fac-e02b-46bf-810f-a732e5233b4a,218007706,Commune de Warsy (80),false,{80822},Commune,2026-03-24 14:42:09.967209+01,gold_establishments_2025,,,,21800770600011,2025,Collectivité Territoriale,Commune,['Somme'],['Hauts-de-France'],COM,{80},{32}
d2907a53-20ee-45fa-8003-ac69a6fba158,218007714,Commune de Warvillers (80),false,{80823},Commune,2026-03-24 14:42:09.967209+01,gold_establishments_2025,,,,21800771400015,2025,Collectivité Territoriale,Commune,['Somme'],['Hauts-de-France'],COM,{80},{32}
b29d47b1-c99b-4765-b78f-c66947601ddc,210804563,Commune de Wasigny (08),false,{08499},Commune,2026-03-24 14:41:53.095366+01,gold_establishments_2025,,,,21080456300018,2025,Collectivité Territoriale,Commune,['Ardennes'],['Grand Est'],COM,{08},{44}
5a0ecc4b-d42a-4cf4-bb72-97e6bc315fa7,215906454,Commune de Wasnes-au-Bac (59),false,{59645},Commune,2026-03-24 14:42:04.814328+01,gold_establishments_2025,,,,21590645400016,2025,Collectivité Territoriale,Commune,['Nord'],['Hauts-de-France'],COM,{59},{32}
c590928c-efe9-4b75-97a6-4810bdb45cee,215906462,Commune de Wasquehal (59),false,{59646},Commune,2026-03-24 14:42:04.814328+01,gold_establishments_2025,,,,21590646200019,2025,Collectivité Territoriale,Commune,['Nord'],['Hauts-de-France'],COM,{59},{32}
e57dd4b2-1efd-4164-8a33-58d2af0ea963,216705202,Commune de Wasselonne (67),false,{67520},Commune,2026-03-24 14:42:07.195692+01,gold_establishments_2025,,,,21670520200010,2025,Collectivité Territoriale,Commune,['Bas-Rhin'],['Grand Est'],COM,{67},{44}
8a724469-77da-4abd-9c01-cc95cc43c3f9,216803585,Commune de Wasserbourg (68),false,{68358},Commune,2026-03-24 14:42:07.195692+01,gold_establishments_2025,,,,21680358500019,2025,Collectivité Territoriale,Commune,['Haut-Rhin'],['Grand Est'],COM,{68},{44}
a1ec4f05-28c4-444f-b5ee-8e3bc10a6ae1,210208021,Commune de Wassigny (02),false,{02830},Commune,2026-03-24 14:41:52.020251+01,gold_establishments_2025,,,,21020802100019,2025,Collectivité Territoriale,Commune,['Aisne'],['Hauts-de-France'],COM,{02},{32}
50eb6a95-36b2-4c4e-9223-5269fe0eca34,215203944,Commune de Wassy (52),false,{52550},Commune,2026-03-24 14:42:01.954481+01,gold_establishments_2025,,,,21520394400016,2025,Collectivité Territoriale,Commune,['Haute-Marne'],['Grand Est'],COM,{52},{44}
5e2d4a9b-e68a-48ff-855a-eb7fcfb1241c,210208039,Commune de Watigny (02),false,{02831},Commune,2026-03-24 14:41:52.020251+01,gold_establishments_2025,,,,21020803900011,2025,Collectivité Territoriale,Commune,['Aisne'],['Hauts-de-France'],COM,{02},{32}
bb05ff21-faf0-4de2-8267-67994273387c,215505793,Commune de Watronville (55),false,{55579},Commune,2026-03-24 14:42:03.701372+01,gold_establishments_2025,,,,21550579300012,2025,Collectivité Territoriale,Commune,['Meuse'],['Grand Est'],COM,{55},{44}
03d7c439-5c12-4d50-8d77-6fd32055152f,215906470,Commune de Watten (59),false,{59647},Commune,2026-03-24 14:42:04.814328+01,gold_establishments_2025,,,,21590647000012,2025,Collectivité Territoriale,Commune,['Nord'],['Hauts-de-France'],COM,{59},{32}
a87a89f5-c5a6-4630-8600-1fb2826bae47,215906488,Commune de Wattignies (59),false,{59648},Commune,2026-03-24 14:42:04.814328+01,gold_establishments_2025,,,,21590648800014,2025,Collectivité Territoriale,Commune,['Nord'],['Hauts-de-France'],COM,{59},{32}
93b185e9-2626-47cc-86e0-d2325fb87566,215906496,Commune de Wattignies-la-Victoire (59),false,{59649},Commune,2026-03-24 14:42:04.814328+01,gold_establishments_2025,,,,21590649600017,2025,Collectivité Territoriale,Commune,['Nord'],['Hauts-de-France'],COM,{59},{32}
1352a710-f581-4436-aca4-b012b182ea47,215906504,Commune de Wattrelos (59),false,{59650},Commune,2026-03-24 14:42:04.814328+01,gold_establishments_2025,,,,21590650400018,2025,Collectivité Territoriale,Commune,['Nord'],['Hauts-de-France'],COM,{59},{32}
ff674306-cf67-402a-be5c-0a3762d3f991,216803593,Commune de Wattwiller (68),false,{68359},Commune,2026-03-24 14:42:07.195692+01,gold_establishments_2025,,,,21680359300013,2025,Collectivité Territoriale,Commune,['Haut-Rhin'],['Grand Est'],COM,{68},{44}
c6e8d9ea-0f21-4bac-9a42-d1410059e3bb,216006916,Commune de Wavignies (60),false,{60701},Commune,2026-03-24 14:42:04.814328+01,gold_establishments_2025,,,,21600691600011,2025,Collectivité Territoriale,Commune,['Oise'],['Hauts-de-France'],COM,{60},{32}
c7c8929f-d983-42cd-84f6-a0bd536c6e5e,215405937,Commune de Waville (54),false,{54593},Commune,2026-03-24 14:42:02.957225+01,gold_establishments_2025,,,,21540593700016,2025,Collectivité Territoriale,Commune,['Meurthe-et-Moselle'],['Grand Est'],COM,{54},{44}
6066639c-7e04-4d3f-9f2e-dac5b5a53e4a,216208835,Commune de Wavrans-sur-Ternoise (62),false,{62883},Commune,2026-03-24 14:42:06.130387+01,gold_establishments_2025,,,,21620883500019,2025,Collectivité Territoriale,Commune,['Pas-de-Calais'],['Hauts-de-France'],COM,{62},{32}
58f58ec1-f972-4005-ada8-344158a2600c,216208827,Commune de Wavrans-sur-l'Aa (62),false,{62882},Commune,2026-03-24 14:42:06.130387+01,gold_establishments_2025,,,,21620882700016,2025,Collectivité Territoriale,Commune,['Pas-de-Calais'],['Hauts-de-France'],COM,{62},{32}
688c908c-f15c-4021-b876-b0d4aef43089,215906512,Commune de Wavrechain-sous-Denain (59),false,{59651},Commune,2026-03-24 14:42:04.814328+01,gold_establishments_2025,,,,21590651200011,2025,Collectivité Territoriale,Commune,['Nord'],['Hauts-de-France'],COM,{59},{32}
da120ae3-bd67-4083-8b7f-f02ebe967f10,215906520,Commune de Wavrechain-sous-Faulx (59),false,{59652},Commune,2026-03-24 14:42:04.814328+01,gold_establishments_2025,,,,21590652000014,2025,Collectivité Territoriale,Commune,['Nord'],['Hauts-de-France'],COM,{59},{32}
96fc9035-b4f8-4753-ad99-071a16f8278b,215505801,Commune de Wavrille (55),false,{55580},Commune,2026-03-24 14:42:03.701372+01,gold_establishments_2025,,,,21550580100013,2025,Collectivité Territoriale,Commune,['Meuse'],['Grand Est'],COM,{55},{44}
3731ae9b-f54c-4fda-b3fe-5ff131c264a8,215906538,Commune de Wavrin (59),false,{59653},Commune,2026-03-24 14:42:04.814328+01,gold_establishments_2025,,,,21590653800016,2025,Collectivité Territoriale,Commune,['Nord'],['Hauts-de-France'],COM,{59},{32}
ee16ebb4-1c91-4f68-9c70-9df1e244769a,215906546,Commune de Waziers (59),false,{59654},Commune,2026-03-24 14:42:04.814328+01,gold_establishments_2025,,,,21590654600019,2025,Collectivité Territoriale,Commune,['Nord'],['Hauts-de-France'],COM,{59},{32}
98fc0211-6275-4287-948c-9194cce79cca,216803601,Commune de Weckolsheim (68),false,{68360},Commune,2026-03-24 14:42:07.195692+01,gold_establishments_2025,,,,21680360100014,2025,Collectivité Territoriale,Commune,['Haut-Rhin'],['Grand Est'],COM,{68},{44}
1bf94bab-ecbf-4c38-ab03-e7996630b3b3,216803619,Commune de Wegscheid (68),false,{68361},Commune,2026-03-24 14:42:07.195692+01,gold_establishments_2025,,,,21680361900032,2025,Collectivité Territoriale,Commune,['Haut-Rhin'],['Grand Est'],COM,{68},{44}
f4ea6490-f0ab-4e75-87f7-2543bd3081a0,216705210,Commune de Weinbourg (67),false,{67521},Commune,2026-03-24 14:42:07.195692+01,gold_establishments_2025,,,,21670521000013,2025,Collectivité Territoriale,Commune,['Bas-Rhin'],['Grand Est'],COM,{67},{44}
71ff1c88-ddb3-48f0-bf3c-226962ae1217,216705228,Commune de Weislingen (67),false,{67522},Commune,2026-03-24 14:42:07.195692+01,gold_establishments_2025,,,,21670522800015,2025,Collectivité Territoriale,Commune,['Bas-Rhin'],['Grand Est'],COM,{67},{44}
6c43415c-5e29-48da-bdb9-03cd389e3c95,216705236,Commune de Weitbruch (67),false,{67523},Commune,2026-03-24 14:42:07.195692+01,gold_establishments_2025,,,,21670523600018,2025,Collectivité Territoriale,Commune,['Bas-Rhin'],['Grand Est'],COM,{67},{44}
b42035f5-3cbd-40de-8302-1fad5d2c1521,216705244,Commune de Weiterswiller (67),false,{67524},Commune,2026-03-24 14:42:07.195692+01,gold_establishments_2025,,,,21670524400012,2025,Collectivité Territoriale,Commune,['Bas-Rhin'],['Grand Est'],COM,{67},{44}
1840a094-4abc-49ec-9d30-77c04c9f8efa,216006924,Commune de Welles-Pérennes (60),false,{60702},Commune,2026-03-24 14:42:04.814328+01,gold_establishments_2025,,,,21600692400015,2025,Collectivité Territoriale,Commune,['Oise'],['Hauts-de-France'],COM,{60},{32}
ccb1c11e-90f0-4885-96de-1d27975da0bc,215906553,Commune de Wemaers-Cappel (59),false,{59655},Commune,2026-03-24 14:42:04.814328+01,gold_establishments_2025,,,,21590655300015,2025,Collectivité Territoriale,Commune,['Nord'],['Hauts-de-France'],COM,{59},{32}
9942c235-4953-44d7-85d6-4ac3d83fe5a1,216803627,Commune de Wentzwiller (68),false,{68362},Commune,2026-03-24 14:42:07.195692+01,gold_establishments_2025,,,,21680362700019,2025,Collectivité Territoriale,Commune,['Haut-Rhin'],['Grand Est'],COM,{68},{44}
5f057030-18f0-4fd8-9fc4-4f40a2f05d1a,216803635,Commune de Werentzhouse (68),false,{68363},Commune,2026-03-24 14:42:07.195692+01,gold_establishments_2025,,,,21680363500012,2025,Collectivité Territoriale,Commune,['Haut-Rhin'],['Grand Est'],COM,{68},{44}
9727840c-628d-4c96-9dc0-c23b22d2aeb1,215906561,Commune de Wervicq-Sud (59),false,{59656},Commune,2026-03-24 14:42:04.814328+01,gold_establishments_2025,,,,21590656100018,2025,Collectivité Territoriale,Commune,['Nord'],['Hauts-de-France'],COM,{59},{32}
32955899-73da-41ed-8473-a56eebed33f1,215906579,Commune de West-Cappel (59),false,{59657},Commune,2026-03-24 14:42:04.814328+01,gold_establishments_2025,,,,21590657900036,2025,Collectivité Territoriale,Commune,['Nord'],['Hauts-de-France'],COM,{59},{32}
7ab6cab4-6d77-456f-8a4d-1f25811f40db,216803643,Commune de Westhalten (68),false,{68364},Commune,2026-03-24 14:42:07.195692+01,gold_establishments_2025,,,,21680364300016,2025,Collectivité Territoriale,Commune,['Haut-Rhin'],['Grand Est'],COM,{68},{44}
75aa23fd-62cf-4c2e-8e09-308327885cc2,216705251,Commune de Westhoffen (67),false,{67525},Commune,2026-03-24 14:42:07.195692+01,gold_establishments_2025,,,,21670525100017,2025,Collectivité Territoriale,Commune,['Bas-Rhin'],['Grand Est'],COM,{67},{44}
c451f3c2-6ec6-4baf-8a52-04605d061c99,216705269,Commune de Westhouse (67),false,{67526},Commune,2026-03-24 14:42:07.195692+01,gold_establishments_2025,,,,21670526900019,2025,Collectivité Territoriale,Commune,['Bas-Rhin'],['Grand Est'],COM,{67},{44}
70962b35-eb8d-435c-a83a-d371a89221e2,216705277,Commune de Westhouse-Marmoutier (67),false,{67527},Commune,2026-03-24 14:42:07.195692+01,gold_establishments_2025,,,,21670527700012,2025,Collectivité Territoriale,Commune,['Bas-Rhin'],['Grand Est'],COM,{67},{44}
657f3d25-ed06-4166-8e0c-7c893861ff41,216208850,Commune de Westrehem (62),false,{62885},Commune,2026-03-24 14:42:06.130387+01,gold_establishments_2025,,,,21620885000018,2025,Collectivité Territoriale,Commune,['Pas-de-Calais'],['Hauts-de-France'],COM,{62},{32}
fc18617d-0442-4679-a845-91f0aa62fe74,216803650,Commune de Wettolsheim (68),false,{68365},Commune,2026-03-24 14:42:07.195692+01,gold_establishments_2025,,,,21680365000011,2025,Collectivité Territoriale,Commune,['Haut-Rhin'],['Grand Est'],COM,{68},{44}
605dc4ae-88ff-44c4-a1ba-db05bbb1a23a,216705285,Commune de Weyer (67),false,{67528},Commune,2026-03-24 14:42:07.195692+01,gold_establishments_2025,,,,21670528500015,2025,Collectivité Territoriale,Commune,['Bas-Rhin'],['Grand Est'],COM,{67},{44}
70274286-7202-4a24-b26f-43d98279a25c,216705293,Commune de Weyersheim (67),false,{67529},Commune,2026-03-24 14:42:07.195692+01,gold_establishments_2025,,,,21670529300019,2025,Collectivité Territoriale,Commune,['Bas-Rhin'],['Grand Est'],COM,{67},{44}
c9ca4eaa-feb4-4da9-a5c4-998cfa70dd1c,216803668,Commune de Wickerschwihr (68),false,{68366},Commune,2026-03-24 14:42:07.195692+01,gold_establishments_2025,,,,21680366800013,2025,Collectivité Territoriale,Commune,['Haut-Rhin'],['Grand Est'],COM,{68},{44}
efbf1a3e-f446-43ee-a1a1-df8c68a78b89,216705301,Commune de Wickersheim-Wilshausen (67),false,{67530},Commune,2026-03-24 14:42:07.195692+01,gold_establishments_2025,,,,21670530100010,2025,Collectivité Territoriale,Commune,['Bas-Rhin'],['Grand Est'],COM,{67},{44}
1188f183-2be0-4bf3-9fb5-829ce684d29f,216208868,Commune de Wicquinghem (62),false,{62886},Commune,2026-03-24 14:42:06.130387+01,gold_establishments_2025,,,,21620886800010,2025,Collectivité Territoriale,Commune,['Pas-de-Calais'],['Hauts-de-France'],COM,{62},{32}
a8997bb7-9712-4c81-b7c1-f2162fca3e88,215906587,Commune de Wicres (59),false,{59658},Commune,2026-03-24 14:42:04.814328+01,gold_establishments_2025,,,,21590658700013,2025,Collectivité Territoriale,Commune,['Nord'],['Hauts-de-France'],COM,{59},{32}
79c221fe-87d9-4461-a8e2-34dd4a958e6d,216208876,Commune de Widehem (62),false,{62887},Commune,2026-03-24 14:42:06.130387+01,gold_establishments_2025,,,,21620887600013,2025,Collectivité Territoriale,Commune,['Pas-de-Calais'],['Hauts-de-France'],COM,{62},{32}
76baec66-2212-4a28-86b9-35770052b2f8,216803676,Commune de Widensolen (68),false,{68367},Commune,2026-03-24 14:42:07.195692+01,gold_establishments_2025,,,,21680367600016,2025,Collectivité Territoriale,Commune,['Haut-Rhin'],['Grand Est'],COM,{68},{44}
a6d9fbbd-23b0-4f45-a472-6a34d4e5f6e9,218007722,Commune de Wiencourt-l'Équipée (80),false,{80824},Commune,2026-03-24 14:42:09.967209+01,gold_establishments_2025,,,,21800772200018,2025,Collectivité Territoriale,Commune,['Somme'],['Hauts-de-France'],COM,{80},{32}
f5844ebd-77ee-4fe6-b83c-20daefac5375,216208892,Commune de Wierre-Effroy (62),false,{62889},Commune,2026-03-24 14:42:06.130387+01,gold_establishments_2025,,,,21620889200010,2025,Collectivité Territoriale,Commune,['Pas-de-Calais'],['Hauts-de-France'],COM,{62},{32}
19fe3b0c-842b-4b18-9e37-00dc066e22a3,216208884,Commune de Wierre-au-Bois (62),false,{62888},Commune,2026-03-24 14:42:06.130387+01,gold_establishments_2025,,,,21620888400017,2025,Collectivité Territoriale,Commune,['Pas-de-Calais'],['Hauts-de-France'],COM,{62},{32}
8c0649d3-6048-4798-a854-45dcd1ecf220,215707456,Commune de Wiesviller (57),false,{57745},Commune,2026-03-24 14:42:04.280096+01,gold_establishments_2025,,,,21570745600012,2025,Collectivité Territoriale,Commune,['Moselle'],['Grand Est'],COM,{57},{44}
e0ceac22-6ad2-4b0b-8364-04f40453810b,215906595,Commune de Wignehies (59),false,{59659},Commune,2026-03-24 14:42:04.814328+01,gold_establishments_2025,,,,21590659500016,2025,Collectivité Territoriale,Commune,['Nord'],['Hauts-de-France'],COM,{59},{32}
92b4e72f-d415-4816-82ba-c8b4c40abb7e,210804571,Commune de Wignicourt (08),false,{08500},Commune,2026-03-24 14:41:53.095366+01,gold_establishments_2025,,,,21080457100011,2025,Collectivité Territoriale,Commune,['Ardennes'],['Grand Est'],COM,{08},{44}
bffa37ef-7bd0-419f-8fc6-6ff2f70087a5,216803684,Commune de Wihr-au-Val (68),false,{68368},Commune,2026-03-24 14:42:07.195692+01,gold_establishments_2025,,,,21680368400010,2025,Collectivité Territoriale,Commune,['Haut-Rhin'],['Grand Est'],COM,{68},{44}
050c7b08-6a15-4522-aea8-3f87c85fa9ed,216803700,Commune de Wildenstein (68),false,{68370},Commune,2026-03-24 14:42:07.195692+01,gold_establishments_2025,,,,21680370000014,2025,Collectivité Territoriale,Commune,['Haut-Rhin'],['Grand Est'],COM,{68},{44}
1d59ddc0-3829-4b82-b97f-afd649917ae1,216705319,Commune de Wildersbach (67),false,{67531},Commune,2026-03-24 14:42:07.195692+01,gold_establishments_2025,,,,21670531900012,2025,Collectivité Territoriale,Commune,['Bas-Rhin'],['Grand Est'],COM,{67},{44}
b9db0fad-c8a1-4dec-a34b-f648a384d894,216208900,Commune de Willeman (62),false,{62890},Commune,2026-03-24 14:42:06.130387+01,gold_establishments_2025,,,,21620890000011,2025,Collectivité Territoriale,Commune,['Pas-de-Calais'],['Hauts-de-France'],COM,{62},{32}
033b5993-8f9c-48db-9933-2fed5a2c65ba,215906603,Commune de Willems (59),false,{59660},Commune,2026-03-24 14:42:04.814328+01,gold_establishments_2025,,,,21590660300018,2025,Collectivité Territoriale,Commune,['Nord'],['Hauts-de-France'],COM,{59},{32}
20a66cb1-dabd-4cbb-9a70-07fb14fe3bc1,216208918,Commune de Willencourt (62),false,{62891},Commune,2026-03-24 14:42:06.130387+01,gold_establishments_2025,,,,21620891800013,2025,Collectivité Territoriale,Commune,['Pas-de-Calais'],['Hauts-de-France'],COM,{62},{32}
daf6a407-bae4-416c-9b34-f9b08baf050f,216803718,Commune de Willer (68),false,{68371},Commune,2026-03-24 14:42:07.195692+01,gold_establishments_2025,,,,21680371800016,2025,Collectivité Territoriale,Commune,['Haut-Rhin'],['Grand Est'],COM,{68},{44}
f5fb629d-d132-4891-ac8e-cf5b8c4b03b6,216803726,Commune de Willer-sur-Thur (68),false,{68372},Commune,2026-03-24 14:42:07.195692+01,gold_establishments_2025,,,,21680372600019,2025,Collectivité Territoriale,Commune,['Haut-Rhin'],['Grand Est'],COM,{68},{44}
ffaf43b5-6559-437d-a010-dfb65f0a2df5,215505819,Commune de Willeroncourt (55),false,{55581},Commune,2026-03-24 14:42:03.701372+01,gold_establishments_2025,,,,21550581900015,2025,Collectivité Territoriale,Commune,['Meuse'],['Grand Est'],COM,{55},{44}
a19b1b97-10e7-426f-bf88-7c3306775c5b,216208926,Commune de Willerval (62),false,{62892},Commune,2026-03-24 14:42:06.130387+01,gold_establishments_2025,,,,21620892600016,2025,Collectivité Territoriale,Commune,['Pas-de-Calais'],['Hauts-de-France'],COM,{62},{32}
4eaf383c-c627-4c0d-9068-14992ec03672,215707464,Commune de Willerwald (57),false,{57746},Commune,2026-03-24 14:42:04.280096+01,gold_establishments_2025,,,,21570746400016,2025,Collectivité Territoriale,Commune,['Moselle'],['Grand Est'],COM,{57},{44}
a19fe59f-2026-4f1e-9a11-c0772edda9ac,216705327,Commune de Willgottheim (67),false,{67532},Commune,2026-03-24 14:42:07.195692+01,gold_establishments_2025,,,,21670532700015,2025,Collectivité Territoriale,Commune,['Bas-Rhin'],['Grand Est'],COM,{67},{44}
65a2b44b-dfff-41f0-ae7d-0c606371eb93,210804589,Commune de Williers (08),false,{08501},Commune,2026-03-24 14:41:53.095366+01,gold_establishments_2025,,,,21080458900013,2025,Collectivité Territoriale,Commune,['Ardennes'],['Grand Est'],COM,{08},{44}
34787434-5757-4888-9a5c-ec16fc616771,215906611,Commune de Willies (59),false,{59661},Commune,2026-03-24 14:42:04.814328+01,gold_establishments_2025,,,,21590661100011,2025,Collectivité Territoriale,Commune,['Nord'],['Hauts-de-France'],COM,{59},{32}
d84c7a24-c3bb-4fe6-a055-b9ce2b5cca87,216705343,Commune de Wilwisheim (67),false,{67534},Commune,2026-03-24 14:42:07.195692+01,gold_establishments_2025,,,,21670534300012,2025,Collectivité Territoriale,Commune,['Bas-Rhin'],['Grand Est'],COM,{67},{44}
e094f16e-7618-4f22-803f-1c4662adb726,216208934,Commune de Wimereux (62),false,{62893},Commune,2026-03-24 14:42:06.130387+01,gold_establishments_2025,,,,21620893400010,2025,Collectivité Territoriale,Commune,['Pas-de-Calais'],['Hauts-de-France'],COM,{62},{32}
83e70452-2c6e-4945-90d1-983dfa7d30b6,216208942,Commune de Wimille (62),false,{62894},Commune,2026-03-24 14:42:06.130387+01,gold_establishments_2025,,,,21620894200096,2025,Collectivité Territoriale,Commune,['Pas-de-Calais'],['Hauts-de-France'],COM,{62},{32}
734a6fa2-91dd-44eb-bbd3-da827bf6cae9,216705350,Commune de Wimmenau (67),false,{67535},Commune,2026-03-24 14:42:07.195692+01,gold_establishments_2025,,,,21670535000017,2025,Collectivité Territoriale,Commune,['Bas-Rhin'],['Grand Est'],COM,{67},{44}
b6634cf3-40e8-45d1-abf3-a0c669da27ab,210208054,Commune de Wimy (02),false,{02833},Commune,2026-03-24 14:41:52.020251+01,gold_establishments_2025,,,,21020805400010,2025,Collectivité Territoriale,Commune,['Aisne'],['Hauts-de-France'],COM,{02},{32}
b53833b2-3e2a-4556-a1c6-8b3596ecf33b,216705368,Commune de Windstein (67),false,{67536},Commune,2026-03-24 14:42:07.195692+01,gold_establishments_2025,,,,21670536800019,2025,Collectivité Territoriale,Commune,['Bas-Rhin'],['Grand Est'],COM,{67},{44}
1537e7a1-7fd4-4599-a0c1-4a468be0d2f6,216705376,Commune de Wingen (67),false,{67537},Commune,2026-03-24 14:42:07.195692+01,gold_establishments_2025,,,,21670537600012,2025,Collectivité Territoriale,Commune,['Bas-Rhin'],['Grand Est'],COM,{67},{44}
d3d5bdc8-57d4-43ce-b953-82097ed42f5f,216705384,Commune de Wingen-sur-Moder (67),false,{67538},Commune,2026-03-24 14:42:07.195692+01,gold_establishments_2025,,,,21670538400016,2025,Collectivité Territoriale,Commune,['Bas-Rhin'],['Grand Est'],COM,{67},{44}
1b1d356e-a149-4657-820f-917abef928ab,200058303,Commune de Wingersheim les Quatre Bans (67),false,{67539},Commune,2026-03-24 14:42:07.195692+01,gold_establishments_2025,,,,20005830300013,2025,Collectivité Territoriale,Commune,['Bas-Rhin'],['Grand Est'],COM,{67},{44}
f95dd56c-bddf-4536-b99c-4f4854b5be6a,216208959,Commune de Wingles (62),false,{62895},Commune,2026-03-24 14:42:06.130387+01,gold_establishments_2025,,,,21620895900017,2025,Collectivité Territoriale,Commune,['Pas-de-Calais'],['Hauts-de-France'],COM,{62},{32}
3551c0e3-9d40-4db4-9a12-0fffe13a2ec1,216803734,Commune de Winkel (68),false,{68373},Commune,2026-03-24 14:42:07.195692+01,gold_establishments_2025,,,,21680373400013,2025,Collectivité Territoriale,Commune,['Haut-Rhin'],['Grand Est'],COM,{68},{44}
f750ff7f-0104-4a17-a19c-b510b7618915,215906629,Commune de Winnezeele (59),false,{59662},Commune,2026-03-24 14:42:04.814328+01,gold_establishments_2025,,,,21590662900013,2025,Collectivité Territoriale,Commune,['Nord'],['Hauts-de-France'],COM,{59},{32}
9f583f34-2187-44fa-8fbe-c387abffc857,215707472,Commune de Wintersbourg (57),false,{57747},Commune,2026-03-24 14:42:04.280096+01,gold_establishments_2025,,,,21570747200019,2025,Collectivité Territoriale,Commune,['Moselle'],['Grand Est'],COM,{57},{44}
191e7d5b-b08d-4047-a43b-b97a5d9e8481,216705400,Commune de Wintershouse (67),false,{67540},Commune,2026-03-24 14:42:07.195692+01,gold_establishments_2025,,,,21670540000010,2025,Collectivité Territoriale,Commune,['Bas-Rhin'],['Grand Est'],COM,{67},{44}
e130eb90-0125-4b90-a737-cdcb80d17b73,216705418,Commune de Wintzenbach (67),false,{67541},Commune,2026-03-24 14:42:07.195692+01,gold_establishments_2025,,,,21670541800012,2025,Collectivité Territoriale,Commune,['Bas-Rhin'],['Grand Est'],COM,{67},{44}
4d0812d8-63ce-4adc-9c9f-310b22aa7854,216803742,Commune de Wintzenheim (68),false,{68374},Commune,2026-03-24 14:42:07.195692+01,gold_establishments_2025,,,,21680374200016,2025,Collectivité Territoriale,Commune,['Haut-Rhin'],['Grand Est'],COM,{68},{44}
bafdcb7a-c4cd-47ef-958c-672616eb21db,216705426,Commune de Wintzenheim-Kochersberg (67),false,{67542},Commune,2026-03-24 14:42:07.195692+01,gold_establishments_2025,,,,21670542600015,2025,Collectivité Territoriale,Commune,['Bas-Rhin'],['Grand Est'],COM,{67},{44}
8a1e493c-d9a0-43c0-ab75-bb7d3b693e0d,216208967,Commune de Wirwignes (62),false,{62896},Commune,2026-03-24 14:42:06.130387+01,gold_establishments_2025,,,,21620896700010,2025,Collectivité Territoriale,Commune,['Pas-de-Calais'],['Hauts-de-France'],COM,{62},{32}
e5b61967-86c6-4077-88f9-23741b545c10,218007730,Commune de Wiry-au-Mont (80),false,{80825},Commune,2026-03-24 14:42:09.967209+01,gold_establishments_2025,,,,21800773000011,2025,Collectivité Territoriale,Commune,['Somme'],['Hauts-de-France'],COM,{80},{32}
919d3b43-181c-4a8b-ac9f-6c8e30233fdc,216705434,Commune de Wisches (67),false,{67543},Commune,2026-03-24 14:42:07.195692+01,gold_establishments_2025,,,,21670543400019,2025,Collectivité Territoriale,Commune,['Bas-Rhin'],['Grand Est'],COM,{67},{44}
0fac943a-ed63-464c-982c-5de98a47b48d,218805265,Commune de Wisembach (88),false,{88526},Commune,2026-03-24 14:42:11.118516+01,gold_establishments_2025,,,,21880526500012,2025,Collectivité Territoriale,Commune,['Vosges'],['Grand Est'],COM,{88},{44}
6cbbf96b-8165-4e75-a8f6-ee5b291d51b7,215505827,Commune de Wiseppe (55),false,{55582},Commune,2026-03-24 14:42:03.701372+01,gold_establishments_2025,,,,21550582700018,2025,Collectivité Territoriale,Commune,['Meuse'],['Grand Est'],COM,{55},{44}
e2445788-7e7b-4bbc-b354-d1662cad87f0,216208975,Commune de Wismes (62),false,{62897},Commune,2026-03-24 14:42:06.130387+01,gold_establishments_2025,,,,21620897500013,2025,Collectivité Territoriale,Commune,['Pas-de-Calais'],['Hauts-de-France'],COM,{62},{32}
2e53cc6f-161d-4fd2-8d14-98fda9d85952,216208983,Commune de Wisques (62),false,{62898},Commune,2026-03-24 14:42:06.130387+01,gold_establishments_2025,,,,21620898300017,2025,Collectivité Territoriale,Commune,['Pas-de-Calais'],['Hauts-de-France'],COM,{62},{32}
46af3b8f-f583-4736-9cf2-9b8dbfbcf4df,216208991,Commune de Wissant (62),false,{62899},Commune,2026-03-24 14:42:06.130387+01,gold_establishments_2025,,,,21620899100010,2025,Collectivité Territoriale,Commune,['Pas-de-Calais'],['Hauts-de-France'],COM,{62},{32}
35eefc01-2f92-4f23-be05-f700bc8ecfd0,216705442,Commune de Wissembourg (67),false,{67544},Commune,2026-03-24 14:42:07.195692+01,gold_establishments_2025,,,,21670544200012,2025,Collectivité Territoriale,Commune,['Bas-Rhin'],['Grand Est'],COM,{67},{44}
447c5abe-515d-48f3-bb56-f8c5cd67e855,210208062,Commune de Wissignicourt (02),false,{02834},Commune,2026-03-24 14:41:52.020251+01,gold_establishments_2025,,,,21020806200013,2025,Collectivité Territoriale,Commune,['Aisne'],['Hauts-de-France'],COM,{02},{32}
0e6b391c-72f4-4ddb-b29f-48d1845a0c36,219106895,Commune de Wissous (91),false,{91689},Commune,2026-03-24 14:42:11.659493+01,gold_establishments_2025,,,,21910689500010,2025,Collectivité Territoriale,Commune,['Essonne'],['Île-de-France'],COM,{91},{11}
6d2879e1-21eb-4df4-816c-3011fd40cc15,215106139,Commune de Witry-lès-Reims (51),false,{51662},Commune,2026-03-24 14:42:01.954481+01,gold_establishments_2025,,,,21510613900011,2025,Collectivité Territoriale,Commune,['Marne'],['Grand Est'],COM,{51},{44}
e564f35e-5da7-4e6e-a214-29224890f6a9,216803759,Commune de Wittelsheim (68),false,{68375},Commune,2026-03-24 14:42:07.195692+01,gold_establishments_2025,,,,21680375900010,2025,Collectivité Territoriale,Commune,['Haut-Rhin'],['Grand Est'],COM,{68},{44}
cd8ccb0a-7bde-45e4-9434-6cfc1fb1204d,216803767,Commune de Wittenheim (68),false,{68376},Commune,2026-03-24 14:42:07.195692+01,gold_establishments_2025,,,,21680376700013,2025,Collectivité Territoriale,Commune,['Haut-Rhin'],['Grand Est'],COM,{68},{44}
16db9167-9a38-4261-9aa2-7feee5284b46,216209007,Commune de Witternesse (62),false,{62900},Commune,2026-03-24 14:42:06.130387+01,gold_establishments_2025,,,,21620900700014,2025,Collectivité Territoriale,Commune,['Pas-de-Calais'],['Hauts-de-France'],COM,{62},{32}
3cf19aa2-d2ab-4696-af7d-5bcce9d6a7ac,216705459,Commune de Witternheim (67),false,{67545},Commune,2026-03-24 14:42:07.195692+01,gold_establishments_2025,,,,21670545900016,2025,Collectivité Territoriale,Commune,['Bas-Rhin'],['Grand Est'],COM,{67},{44}
79314f8c-ea10-4727-a80c-841f79007504,216803775,Commune de Wittersdorf (68),false,{68377},Commune,2026-03-24 14:42:07.195692+01,gold_establishments_2025,,,,21680377500016,2025,Collectivité Territoriale,Commune,['Haut-Rhin'],['Grand Est'],COM,{68},{44}
8ed9c820-ffd2-4a75-bd3d-ffeb4b307433,216705467,Commune de Wittersheim (67),false,{67546},Commune,2026-03-24 14:42:07.195692+01,gold_establishments_2025,,,,21670546700019,2025,Collectivité Territoriale,Commune,['Bas-Rhin'],['Grand Est'],COM,{67},{44}
94a20f5f-61a5-4ef2-8ecb-9141f793b048,216209015,Commune de Wittes (62),false,{62901},Commune,2026-03-24 14:42:06.130387+01,gold_establishments_2025,,,,21620901500017,2025,Collectivité Territoriale,Commune,['Pas-de-Calais'],['Hauts-de-France'],COM,{62},{32}
d88d26e2-957f-4d87-b284-b1e2c07414ad,216705475,Commune de Wittisheim (67),false,{67547},Commune,2026-03-24 14:42:07.195692+01,gold_establishments_2025,,,,21670547500012,2025,Collectivité Territoriale,Commune,['Bas-Rhin'],['Grand Est'],COM,{67},{44}
5275beda-cb65-4840-9b16-ea0b5c95b82c,215707480,Commune de Wittring (57),false,{57748},Commune,2026-03-24 14:42:04.280096+01,gold_establishments_2025,,,,21570748000012,2025,Collectivité Territoriale,Commune,['Moselle'],['Grand Est'],COM,{57},{44}
09250c31-d3b3-4dca-b76c-25da59942dca,216705483,Commune de Wiwersheim (67),false,{67548},Commune,2026-03-24 14:42:07.195692+01,gold_establishments_2025,,,,21670548300040,2025,Collectivité Territoriale,Commune,['Bas-Rhin'],['Grand Est'],COM,{67},{44}
fb0e9a2a-f4d4-47da-820a-f2f49db5bc8c,216209023,Commune de Wizernes (62),false,{62902},Commune,2026-03-24 14:42:06.130387+01,gold_establishments_2025,,,,21620902300011,2025,Collectivité Territoriale,Commune,['Pas-de-Calais'],['Hauts-de-France'],COM,{62},{32}
71c15f00-98cc-4a83-80fc-a65c70938480,210208047,Commune de Wiège-Faty (02),false,{02832},Commune,2026-03-24 14:41:52.020251+01,gold_establishments_2025,,,,21020804700014,2025,Collectivité Territoriale,Commune,['Aisne'],['Hauts-de-France'],COM,{02},{32}
0702ae11-db27-4b68-ae44-34720672f60d,218007748,Commune de Woignarue (80),false,{80826},Commune,2026-03-24 14:42:09.967209+01,gold_establishments_2025,,,,21800774800013,2025,Collectivité Territoriale,Commune,['Somme'],['Hauts-de-France'],COM,{80},{32}
4f88be7c-ea15-40ec-8117-f02bce835f8d,215505843,Commune de Woimbey (55),false,{55584},Commune,2026-03-24 14:42:03.701372+01,gold_establishments_2025,,,,21550584300015,2025,Collectivité Territoriale,Commune,['Meuse'],['Grand Est'],COM,{55},{44}
30b3af5b-e951-4b03-ac7b-6e2329352881,218007755,Commune de Woincourt (80),false,{80827},Commune,2026-03-24 14:42:09.967209+01,gold_establishments_2025,,,,21800775500018,2025,Collectivité Territoriale,Commune,['Somme'],['Hauts-de-France'],COM,{80},{32}
2ed7c01d-2807-41d1-aa3d-1c0624995498,215707514,Commune de Woippy (57),false,{57751},Commune,2026-03-24 14:42:04.280096+01,gold_establishments_2025,,,,21570751400018,2025,Collectivité Territoriale,Commune,['Moselle'],['Grand Est'],COM,{57},{44}
cf977a19-3567-4563-9420-45467ce6e8cc,218007763,Commune de Woirel (80),false,{80828},Commune,2026-03-24 14:42:09.967209+01,gold_establishments_2025,,,,21800776300012,2025,Collectivité Territoriale,Commune,['Somme'],['Hauts-de-France'],COM,{80},{32}
58f5b005-d6c1-43dc-bd78-e894135b48f4,216803783,Commune de Wolfersdorf (68),false,{68378},Commune,2026-03-24 14:42:07.195692+01,gold_establishments_2025,,,,21680378300010,2025,Collectivité Territoriale,Commune,['Haut-Rhin'],['Grand Est'],COM,{68},{44}
fa4da105-80e0-46ce-8558-f35c10305cb5,216803791,Commune de Wolfgantzen (68),false,{68379},Commune,2026-03-24 14:42:07.195692+01,gold_establishments_2025,,,,21680379100013,2025,Collectivité Territoriale,Commune,['Haut-Rhin'],['Grand Est'],COM,{68},{44}
615c72d6-6d0b-47d1-94d4-b32a30d1f994,216705517,Commune de Wolfisheim (67),false,{67551},Commune,2026-03-24 14:42:07.195692+01,gold_establishments_2025,,,,21670551700011,2025,Collectivité Territoriale,Commune,['Bas-Rhin'],['Grand Est'],COM,{67},{44}
02505387-a857-4a02-820e-bfce3b0a48c4,216705525,Commune de Wolfskirchen (67),false,{67552},Commune,2026-03-24 14:42:07.195692+01,gold_establishments_2025,,,,21670552500014,2025,Collectivité Territoriale,Commune,['Bas-Rhin'],['Grand Est'],COM,{67},{44}
3f730a47-f575-4686-98a4-a830955216db,216705533,Commune de Wolschheim (67),false,{67553},Commune,2026-03-24 14:42:07.195692+01,gold_establishments_2025,,,,21670553300018,2025,Collectivité Territoriale,Commune,['Bas-Rhin'],['Grand Est'],COM,{67},{44}
6d72f798-814e-40fc-81be-75e5d8d3a051,216803809,Commune de Wolschwiller (68),false,{68380},Commune,2026-03-24 14:42:07.195692+01,gold_establishments_2025,,,,21680380900013,2025,Collectivité Territoriale,Commune,['Haut-Rhin'],['Grand Est'],COM,{68},{44}
0444a1ae-f864-4761-9001-f2fe5a4019ce,216705541,Commune de Wolxheim (67),false,{67554},Commune,2026-03-24 14:42:07.195692+01,gold_establishments_2025,,,,21670554100011,2025,Collectivité Territoriale,Commune,['Bas-Rhin'],['Grand Est'],COM,{67},{44}
141f299f-5b6e-4623-bebc-d3ac8b21df2d,215906637,Commune de Wormhout (59),false,{59663},Commune,2026-03-24 14:42:04.814328+01,gold_establishments_2025,,,,21590663700016,2025,Collectivité Territoriale,Commune,['Nord'],['Hauts-de-France'],COM,{59},{32}
0b2f0148-0a61-4c34-8d05-99961c8f2719,215707522,Commune de Woustviller (57),false,{57752},Commune,2026-03-24 14:42:04.280096+01,gold_establishments_2025,,,,21570752200011,2025,Collectivité Territoriale,Commune,['Moselle'],['Grand Est'],COM,{57},{44}
655b5ce6-7092-410a-a736-2329597c8cee,215505835,Commune de Woël (55),false,{55583},Commune,2026-03-24 14:42:03.701372+01,gold_establishments_2025,,,,21550583500011,2025,Collectivité Territoriale,Commune,['Meuse'],['Grand Est'],COM,{55},{44}
ba57f1ed-7e90-404a-90e1-ef7d0c31ad17,216803817,Commune de Wuenheim (68),false,{68381},Commune,2026-03-24 14:42:07.195692+01,gold_establishments_2025,,,,21680381700016,2025,Collectivité Territoriale,Commune,['Haut-Rhin'],['Grand Est'],COM,{68},{44}
3f47853c-1b4c-4e22-9f93-1584f01672df,215707530,Commune de Wuisse (57),false,{57753},Commune,2026-03-24 14:42:04.280096+01,gold_establishments_2025,,,,21570753000014,2025,Collectivité Territoriale,Commune,['Moselle'],['Grand Est'],COM,{57},{44}
b5cc0c15-057e-4165-ba65-ac27b0277fb5,215906645,Commune de Wulverdinghe (59),false,{59664},Commune,2026-03-24 14:42:04.814328+01,gold_establishments_2025,,,,21590664500019,2025,Collectivité Territoriale,Commune,['Nord'],['Hauts-de-France'],COM,{59},{32}
a7f0f57b-0886-4288-ad47-9c241a9035dc,219506904,Commune de Wy-dit-Joli-Village (95),false,{95690},Commune,2026-03-24 14:42:11.659493+01,gold_establishments_2025,,,,21950690400016,2025,Collectivité Territoriale,Commune,"[""Val-d'Oise""]",['Île-de-France'],COM,{95},{11}
45f35f23-9c8c-4156-bd7a-d76e9ca077af,215906652,Commune de Wylder (59),false,{59665},Commune,2026-03-24 14:42:04.814328+01,gold_establishments_2025,,,,21590665200015,2025,Collectivité Territoriale,Commune,['Nord'],['Hauts-de-France'],COM,{59},{32}
8e8677b8-3a5a-41b4-91b2-9bfecb540eda,215707506,Commune de Wœlfling-lès-Sarreguemines (57),false,{57750},Commune,2026-03-24 14:42:04.280096+01,gold_establishments_2025,,,,21570750600014,2025,Collectivité Territoriale,Commune,['Moselle'],['Grand Est'],COM,{57},{44}
9b74e3ae-713c-4409-8212-84cf97682f64,216705509,Commune de Wœrth (67),false,{67550},Commune,2026-03-24 14:42:07.195692+01,gold_establishments_2025,,,,21670550900018,2025,Collectivité Territoriale,Commune,['Bas-Rhin'],['Grand Est'],COM,{67},{44}
be91bf0e-6157-47c4-afa4-fed53f1fee52,218805273,Commune de Xaffévillers (88),false,{88527},Commune,2026-03-24 14:42:11.118516+01,gold_establishments_2025,,,,21880527300016,2025,Collectivité Territoriale,Commune,['Vosges'],['Grand Est'],COM,{88},{44}
0df49928-617d-4ebb-a663-8f0c5c9a45ab,214703274,Commune de Xaintrailles (47),false,{47327},Commune,2026-03-24 14:42:01.412377+01,gold_establishments_2025,,,,21470327400016,2025,Collectivité Territoriale,Commune,['Lot-et-Garonne'],['Nouvelle-Aquitaine'],COM,{47},{75}
6dc22f97-5e64-4c3f-b6a7-164f0abf5031,217903574,Commune de Xaintray (79),false,{79357},Commune,2026-03-24 14:42:09.43682+01,gold_establishments_2025,,,,21790357400010,2025,Collectivité Territoriale,Commune,['Deux-Sèvres'],['Nouvelle-Aquitaine'],COM,{79},{75}
9d59982a-f7db-466f-a968-40bfac42ac90,211604236,Commune de Xambes (16),false,{16423},Commune,2026-03-24 14:41:54.903238+01,gold_establishments_2025,,,,21160423600011,2025,Collectivité Territoriale,Commune,['Charente'],['Nouvelle-Aquitaine'],COM,{16},{75}
2b8e0766-eb29-49d8-9668-b76c6f149104,215405945,Commune de Xammes (54),false,{54594},Commune,2026-03-24 14:42:02.957225+01,gold_establishments_2025,,,,21540594500019,2025,Collectivité Territoriale,Commune,['Meurthe-et-Moselle'],['Grand Est'],COM,{54},{44}
046bfdf3-d2a8-4ce9-b603-35268f089275,218805281,Commune de Xamontarupt (88),false,{88528},Commune,2026-03-24 14:42:11.118516+01,gold_establishments_2025,,,,21880528100019,2025,Collectivité Territoriale,Commune,['Vosges'],['Grand Est'],COM,{88},{44}
a3292c6c-3e49-43ed-91f6-1900b8b0eb0e,215707548,Commune de Xanrey (57),false,{57754},Commune,2026-03-24 14:42:04.280096+01,gold_establishments_2025,,,,21570754800016,2025,Collectivité Territoriale,Commune,['Moselle'],['Grand Est'],COM,{57},{44}
c003d3aa-3d76-40df-9c2f-ea8835e54874,218503068,Commune de Xanton-Chassenon (85),false,{85306},Commune,2026-03-24 14:42:10.508772+01,gold_establishments_2025,,,,21850306800015,2025,Collectivité Territoriale,Commune,['Vendée'],['Pays de la Loire'],COM,{85},{52}
1bc8900e-4100-4a5e-a0ff-2ed47e0a7498,218805299,Commune de Xaronval (88),false,{88529},Commune,2026-03-24 14:42:11.118516+01,gold_establishments_2025,,,,21880529900011,2025,Collectivité Territoriale,Commune,['Vosges'],['Grand Est'],COM,{88},{44}
cca50589-72a4-4888-aa8e-6625f221c35b,215405952,Commune de Xermaménil (54),false,{54595},Commune,2026-03-24 14:42:02.957225+01,gold_establishments_2025,,,,21540595200015,2025,Collectivité Territoriale,Commune,['Meurthe-et-Moselle'],['Grand Est'],COM,{54},{44}
e14ec8dd-7856-4b7b-ac0f-bb8906d7bb2d,218805307,Commune de Xertigny (88),false,{88530},Commune,2026-03-24 14:42:11.118516+01,gold_establishments_2025,,,,21880530700012,2025,Collectivité Territoriale,Commune,['Vosges'],['Grand Est'],COM,{88},{44}
f57b9ef9-747a-45e9-bb74-d972fec431bd,215405960,Commune de Xeuilley (54),false,{54596},Commune,2026-03-24 14:42:02.957225+01,gold_establishments_2025,,,,21540596000018,2025,Collectivité Territoriale,Commune,['Meurthe-et-Moselle'],['Grand Est'],COM,{54},{44}
d6751d49-426d-4d21-b4c6-8cd9e64c525d,215405978,Commune de Xirocourt (54),false,{54597},Commune,2026-03-24 14:42:02.957225+01,gold_establishments_2025,,,,21540597800010,2025,Collectivité Territoriale,Commune,['Meurthe-et-Moselle'],['Grand Est'],COM,{54},{44}
c46df6db-75bf-4a63-8572-f7c87f052e94,215505868,Commune de Xivray-et-Marvoisin (55),false,{55586},Commune,2026-03-24 14:42:03.701372+01,gold_establishments_2025,,,,21550586800012,2025,Collectivité Territoriale,Commune,['Meuse'],['Grand Est'],COM,{55},{44}
89b0e324-93fe-42d5-8e1e-49c58aa92ffc,215405986,Commune de Xivry-Circourt (54),false,{54598},Commune,2026-03-24 14:42:02.957225+01,gold_establishments_2025,,,,21540598600013,2025,Collectivité Territoriale,Commune,['Meurthe-et-Moselle'],['Grand Est'],COM,{54},{44}
48fc8c29-97da-4f03-8c72-413b7114f8a8,215707555,Commune de Xocourt (57),false,{57755},Commune,2026-03-24 14:42:04.280096+01,gold_establishments_2025,,,,21570755500011,2025,Collectivité Territoriale,Commune,['Moselle'],['Grand Est'],COM,{57},{44}
21733867-eeb2-48f6-8481-5f717cc8e126,218805315,Commune de Xonrupt-Longemer (88),false,{88531},Commune,2026-03-24 14:42:11.118516+01,gold_establishments_2025,,,,21880531500015,2025,Collectivité Territoriale,Commune,['Vosges'],['Grand Est'],COM,{88},{44}
adf75656-3e94-41f4-b949-d41cb56cbc4e,215405994,Commune de Xonville (54),false,{54599},Commune,2026-03-24 14:42:02.957225+01,gold_establishments_2025,,,,21540599400017,2025,Collectivité Territoriale,Commune,['Meurthe-et-Moselle'],['Grand Est'],COM,{54},{44}
56993298-8504-4d76-ba56-81e03937e5e0,215707563,Commune de Xouaxange (57),false,{57756},Commune,2026-03-24 14:42:04.280096+01,gold_establishments_2025,,,,21570756300015,2025,Collectivité Territoriale,Commune,['Moselle'],['Grand Est'],COM,{57},{44}
6c0951e9-3573-492c-855d-19753eb8dc69,215406000,Commune de Xousse (54),false,{54600},Commune,2026-03-24 14:42:02.957225+01,gold_establishments_2025,,,,21540600000012,2025,Collectivité Territoriale,Commune,['Meurthe-et-Moselle'],['Grand Est'],COM,{54},{44}
38a909d7-7533-41cd-addf-bceb478a470d,215408014,Commune de Xures (54),false,{54601},Commune,2026-03-24 14:42:02.957225+01,gold_establishments_2025,,,,21540801400011,2025,Collectivité Territoriale,Commune,['Meurthe-et-Moselle'],['Grand Est'],COM,{54},{44}
08ae6811-9acd-48e0-be90-ab50ffb32b64,218007771,Commune de Y (80),false,{80829},Commune,2026-03-24 14:42:09.967209+01,gold_establishments_2025,,,,21800777100015,2025,Collectivité Territoriale,Commune,['Somme'],['Hauts-de-France'],COM,{80},{32}
903727c0-2b63-4cf5-80d9-202f969d355f,217607506,Commune de Yainville (76),false,{76750},Commune,2026-03-24 14:42:08.818969+01,gold_establishments_2025,,,,21760750600011,2025,Collectivité Territoriale,Commune,['Seine-Maritime'],['Normandie'],COM,{76},{28}
cf2af021-59f6-4329-b0c1-f9334ea8c8a2,218007789,Commune de Yaucourt-Bussus (nan),false,{80830},Commune,2026-03-24 14:42:09.967209+01,gold_establishments_2025,,,,21800778900017,2025,Collectivité Territoriale,Commune,[''],[''],COM,,
3bb2f489-8085-42a7-a03e-68fad2b27915,214003329,Commune de Ychoux (40),false,{40332},Commune,2026-03-24 14:41:59.705606+01,gold_establishments_2025,,,,21400332900015,2025,Collectivité Territoriale,Commune,['Landes'],['Nouvelle-Aquitaine'],COM,{40},{75}
24d8faaf-6ee4-4990-bf84-d9843c7f7da9,211502653,Commune de Ydes (15),false,{15265},Commune,2026-03-24 14:41:54.362296+01,gold_establishments_2025,,,,21150265300010,2025,Collectivité Territoriale,Commune,['Cantal'],['Auvergne-Rhône-Alpes'],COM,{15},{84}
54e36883-d987-4227-8831-c4fad581fc22,217303304,Commune de Yenne (73),false,{73330},Commune,2026-03-24 14:42:08.279287+01,gold_establishments_2025,,,,21730330400018,2025,Collectivité Territoriale,Commune,['Savoie'],['Auvergne-Rhône-Alpes'],COM,{73},{84}
25bbf9f6-4d57-4a68-961b-660e67474941,212804231,Commune de Yermenonville (28),false,{28423},Commune,2026-03-24 14:41:57.028721+01,gold_establishments_2025,,,,21280423100018,2025,Collectivité Territoriale,Commune,['Eure-et-Loir'],['Centre-Val de Loire'],COM,{28},{24}
84b4a4aa-220e-43e0-8de3-fa14683ce0bb,219106911,Commune de Yerres (91),false,{91691},Commune,2026-03-24 14:42:11.659493+01,gold_establishments_2025,,,,21910691100015,2025,Collectivité Territoriale,Commune,['Essonne'],['Île-de-France'],COM,{91},{11}
b7f7f4d5-fd74-4e6f-a5db-ea7b98c40362,217607522,Commune de Yerville (76),false,{76752},Commune,2026-03-24 14:42:08.818969+01,gold_establishments_2025,,,,21760752200018,2025,Collectivité Territoriale,Commune,['Seine-Maritime'],['Normandie'],COM,{76},{28}
3c156fe7-0225-4647-baa2-3f61742f3305,212203897,Commune de Yffiniac (22),false,{22389},Commune,2026-03-24 14:41:55.958138+01,gold_establishments_2025,,,,21220389700013,2025,Collectivité Territoriale,Commune,"[""Côtes-d'Armor""]",['Bretagne'],COM,{22},{53}
29861c2e-9010-4502-a898-43897868c16e,214003337,Commune de Ygos-Saint-Saturnin (40),false,{40333},Commune,2026-03-24 14:41:59.705606+01,gold_establishments_2025,,,,21400333700018,2025,Collectivité Territoriale,Commune,['Landes'],['Nouvelle-Aquitaine'],COM,{40},{75}
1d8dddbf-1ce7-4c29-80e2-1637838523fd,210303202,Commune de Ygrande (03),false,{03320},Commune,2026-03-24 14:41:52.020251+01,gold_establishments_2025,,,,21030320200019,2025,Collectivité Territoriale,Commune,['Allier'],['Auvergne-Rhône-Alpes'],COM,{03},{84}
4f98638c-8fab-41c3-8016-f092d4e3948a,217607530,Commune de Ymare (76),false,{76753},Commune,2026-03-24 14:42:08.818969+01,gold_establishments_2025,,,,21760753000011,2025,Collectivité Territoriale,Commune,['Seine-Maritime'],['Normandie'],COM,{76},{28}
f8c0dbcd-a90f-4f84-b16b-391bb97f852e,212804256,Commune de Ymeray (28),false,{28425},Commune,2026-03-24 14:41:57.028721+01,gold_establishments_2025,,,,21280425600015,2025,Collectivité Territoriale,Commune,['Eure-et-Loir'],['Centre-Val de Loire'],COM,{28},{24}
43e3f2ea-745d-48f4-b8b1-10e3497e42bf,212804264,Commune de Ymonville (28),false,{28426},Commune,2026-03-24 14:41:57.028721+01,gold_establishments_2025,,,,21280426400019,2025,Collectivité Territoriale,Commune,['Eure-et-Loir'],['Centre-Val de Loire'],COM,{28},{24}
66d15804-8692-4866-8b4d-f5fb02852020,211502661,Commune de Yolet (15),false,{15266},Commune,2026-03-24 14:41:54.362296+01,gold_establishments_2025,,,,21150266100013,2025,Collectivité Territoriale,Commune,['Cantal'],['Auvergne-Rhône-Alpes'],COM,{15},{84}
8c130de7-cb75-4dc6-afae-7c9ae55d1899,210804597,Commune de Yoncq (08),false,{08502},Commune,2026-03-24 14:41:53.095366+01,gold_establishments_2025,,,,21080459700016,2025,Collectivité Territoriale,Commune,['Ardennes'],['Grand Est'],COM,{08},{44}
e182dbdc-e4f4-48b4-a9bf-f8264d4a7a51,218008365,Commune de Yonval (80),false,{80836},Commune,2026-03-24 14:42:09.967209+01,gold_establishments_2025,,,,21800836500015,2025,Collectivité Territoriale,Commune,['Somme'],['Hauts-de-France'],COM,{80},{32}
1acb0ac2-f3a4-4167-8258-98af73d7fcb3,216304717,Commune de Youx (63),false,{63471},Commune,2026-03-24 14:42:06.130387+01,gold_establishments_2025,,,,21630471700012,2025,Collectivité Territoriale,Commune,['Puy-de-Dôme'],['Auvergne-Rhône-Alpes'],COM,{63},{84}
8138ca46-3e57-4ded-b149-0e46b0c7b819,217607548,Commune de Yport (76),false,{76754},Commune,2026-03-24 14:42:08.818969+01,gold_establishments_2025,,,,21760754800013,2025,Collectivité Territoriale,Commune,['Seine-Maritime'],['Normandie'],COM,{76},{28}
65e2083e-b69c-43e1-801d-61649d3af818,217607555,Commune de Ypreville-Biville (76),false,{76755},Commune,2026-03-24 14:42:08.818969+01,gold_establishments_2025,,,,21760755500018,2025,Collectivité Territoriale,Commune,['Seine-Maritime'],['Normandie'],COM,{76},{28}
9b36df33-fdef-43f0-9cd6-a46b4ae8469a,217607563,Commune de Yquebeuf (76),false,{76756},Commune,2026-03-24 14:42:08.818969+01,gold_establishments_2025,,,,21760756300012,2025,Collectivité Territoriale,Commune,['Seine-Maritime'],['Normandie'],COM,{76},{28}
b644f8c2-1b17-4a33-92ed-1d554aa771dc,215006479,Commune de Yquelon (50),false,{50647},Commune,2026-03-24 14:42:01.412377+01,gold_establishments_2025,,,,21500647900012,2025,Collectivité Territoriale,Commune,['Manche'],['Normandie'],COM,{50},{28}
0f98be99-0b0e-4f0a-9864-2f217f3d7f8b,216304725,Commune de Yronde-et-Buron (63),false,{63472},Commune,2026-03-24 14:42:06.130387+01,gold_establishments_2025,,,,21630472500015,2025,Collectivité Territoriale,Commune,['Puy-de-Dôme'],['Auvergne-Rhône-Alpes'],COM,{63},{84}
d8a97430-1acb-42d4-bf5c-7f0b70d033b0,218904860,Commune de Yrouerre (89),false,{89486},Commune,2026-03-24 14:42:11.659493+01,gold_establishments_2025,,,,21890486000010,2025,Collectivité Territoriale,Commune,['Yonne'],['Bourgogne-Franche-Comté'],COM,{89},{27}
9fe08f7f-7a84-4eff-affd-1037d4edbd13,216304733,Commune de Yssac-la-Tourette (63),false,{63473},Commune,2026-03-24 14:42:06.130387+01,gold_establishments_2025,,,,21630473300019,2025,Collectivité Territoriale,Commune,['Puy-de-Dôme'],['Auvergne-Rhône-Alpes'],COM,{63},{84}
2dea38f3-aa99-4552-98e7-f26b77d71c36,211928908,Commune de Yssandon (19),false,{19289},Commune,2026-03-24 14:41:55.433389+01,gold_establishments_2025,,,,21192890800014,2025,Collectivité Territoriale,Commune,['Corrèze'],['Nouvelle-Aquitaine'],COM,{19},{75}
6acf954a-5aae-4f80-a059-8a054a3d045b,214302689,Commune de Yssingeaux (43),false,{43268},Commune,2026-03-24 14:42:00.273698+01,gold_establishments_2025,,,,21430268900010,2025,Collectivité Territoriale,Commune,['Haute-Loire'],['Auvergne-Rhône-Alpes'],COM,{43},{84}
bbe0f033-b054-406d-ad3d-db63fa4b15ae,211502679,Commune de Ytrac (15),false,{15267},Commune,2026-03-24 14:41:54.362296+01,gold_establishments_2025,,,,21150267900064,2025,Collectivité Territoriale,Commune,['Cantal'],['Auvergne-Rhône-Alpes'],COM,{15},{84}
7e964923-9a45-4e9e-8cfc-60ff81fda855,216209098,Commune de Ytres (62),false,{62909},Commune,2026-03-24 14:42:06.130387+01,gold_establishments_2025,,,,21620909800013,2025,Collectivité Territoriale,Commune,['Pas-de-Calais'],['Hauts-de-France'],COM,{62},{32}
67310798-1caa-4fda-af85-836e06e90539,215707571,Commune de Yutz (57),false,{57757},Commune,2026-03-24 14:42:04.280096+01,gold_establishments_2025,,,,21570757100018,2025,Collectivité Territoriale,Commune,['Moselle'],['Grand Est'],COM,{57},{44}
fb8ce86a-2c96-4302-b11f-a07811be2c15,217607571,Commune de Yvecrique (76),false,{76757},Commune,2026-03-24 14:42:08.818969+01,gold_establishments_2025,,,,21760757100015,2025,Collectivité Territoriale,Commune,['Seine-Maritime'],['Normandie'],COM,{76},{28}
7c07b9ff-f59f-46c8-8c72-dea37450ae2b,210804605,Commune de Yvernaumont (08),false,{08503},Commune,2026-03-24 14:41:53.095366+01,gold_establishments_2025,,,,21080460500017,2025,Collectivité Territoriale,Commune,['Ardennes'],['Grand Est'],COM,{08},{44}
7ffb18ae-1428-45be-9d1d-d719a1bd1838,218603009,Commune de Yversay (86),false,{86300},Commune,2026-03-24 14:42:11.118516+01,gold_establishments_2025,,,,21860300900018,2025,Collectivité Territoriale,Commune,['Vienne'],['Nouvelle-Aquitaine'],COM,{86},{75}
59ab4fc2-6739-48ee-af8d-918e55871bf8,211704838,Commune de Yves (17),false,{17483},Commune,2026-03-24 14:41:54.903238+01,gold_establishments_2025,,,,21170483800013,2025,Collectivité Territoriale,Commune,['Charente-Maritime'],['Nouvelle-Aquitaine'],COM,{17},{75}
0c5f3ca3-2a3f-4b50-b61e-be4f7ac919d8,217607589,Commune de Yvetot (76),false,{76758},Commune,2026-03-24 14:42:08.818969+01,gold_establishments_2025,,,,21760758900017,2025,Collectivité Territoriale,Commune,['Seine-Maritime'],['Normandie'],COM,{76},{28}
35185c84-57cd-4b9a-9f84-e980cd50e9b7,215006487,Commune de Yvetot-Bocage (50),false,{50648},Commune,2026-03-24 14:42:01.412377+01,gold_establishments_2025,,,,21500648700072,2025,Collectivité Territoriale,Commune,['Manche'],['Normandie'],COM,{50},{28}
cac778df-bf97-41c3-b3b6-cecf9fb74cda,212203905,Commune de Yvias (22),false,{22390},Commune,2026-03-24 14:41:55.958138+01,gold_establishments_2025,,,,21220390500014,2025,Collectivité Territoriale,Commune,"[""Côtes-d'Armor""]",['Bretagne'],COM,{22},{53}
757aa31d-23d4-4d59-96a8-fdd41752532e,211604244,Commune de Yviers (16),false,{16424},Commune,2026-03-24 14:41:54.903238+01,gold_establishments_2025,,,,21160424400015,2025,Collectivité Territoriale,Commune,['Charente'],['Nouvelle-Aquitaine'],COM,{16},{75}
db8cc159-8bc3-4160-953a-c2e2b712b03f,212203913,Commune de Yvignac-la-Tour (22),false,{22391},Commune,2026-03-24 14:41:55.958138+01,gold_establishments_2025,,,,21220391300158,2025,Collectivité Territoriale,Commune,"[""Côtes-d'Armor""]",['Bretagne'],COM,{22},{53}
1cf57e57-c35c-42ec-8065-ac699897698f,217607597,Commune de Yville-sur-Seine (76),false,{76759},Commune,2026-03-24 14:42:08.818969+01,gold_establishments_2025,,,,21760759700010,2025,Collectivité Territoriale,Commune,['Seine-Maritime'],['Normandie'],COM,{76},{28}
749a2a78-d87b-48b3-b244-55c48e02a700,217403153,Commune de Yvoire (74),false,{74315},Commune,2026-03-24 14:42:08.818969+01,gold_establishments_2025,,,,21740315300018,2025,Collectivité Territoriale,Commune,['Haute-Savoie'],['Auvergne-Rhône-Alpes'],COM,{74},{84}
55ba0014-1808-4cf2-af63-8a5ce43621ef,214102972,Commune de Yvoy-le-Marron (41),false,{41297},Commune,2026-03-24 14:42:00.273698+01,gold_establishments_2025,,,,21410297200012,2025,Collectivité Territoriale,Commune,['Loir-et-Cher'],['Centre-Val de Loire'],COM,{41},{24}
1b383fd3-53df-49a9-8838-3f9f1936baae,213305543,Commune de Yvrac (33),false,{33554},Commune,2026-03-24 14:41:58.620411+01,gold_establishments_2025,,,,21330554300018,2025,Collectivité Territoriale,Commune,['Gironde'],['Nouvelle-Aquitaine'],COM,{33},{75}
ea65cdb9-f4e1-4617-9c74-f57721104bd6,211604251,Commune de Yvrac-et-Malleyrand (16),false,{16425},Commune,2026-03-24 14:41:54.903238+01,gold_establishments_2025,,,,21160425100010,2025,Collectivité Territoriale,Commune,['Charente'],['Nouvelle-Aquitaine'],COM,{16},{75}
0efc8f57-f02e-474c-b095-5e0d16ff25ae,218007797,Commune de Yvrench (80),false,{80832},Commune,2026-03-24 14:42:09.967209+01,gold_establishments_2025,,,,21800779700010,2025,Collectivité Territoriale,Commune,['Somme'],['Hauts-de-France'],COM,{80},{32}
358fba39-dd48-4367-ac07-e5b9562f5ad6,218007805,Commune de Yvrencheux (80),false,{80833},Commune,2026-03-24 14:42:09.967209+01,gold_establishments_2025,,,,21800780500011,2025,Collectivité Territoriale,Commune,['Somme'],['Hauts-de-France'],COM,{80},{32}
54a7f7c1-3a16-4f81-885f-a138a57a218b,217203868,Commune de Yvré-l'Évêque (72),false,{72386},Commune,2026-03-24 14:42:08.279287+01,gold_establishments_2025,,,,21720386800013,2025,Collectivité Territoriale,Commune,['Sarthe'],['Pays de la Loire'],COM,{72},{52}
7179fe97-064a-4ee7-8fa2-42dbc59ea9eb,217203850,Commune de Yvré-le-Pôlin (72),false,{72385},Commune,2026-03-24 14:42:08.279287+01,gold_establishments_2025,,,,21720385000011,2025,Collectivité Territoriale,Commune,['Sarthe'],['Pays de la Loire'],COM,{72},{52}
b31acd4a-5e15-4c01-9501-77efd582ac0e,218007813,Commune de Yzengremer (80),false,{80834},Commune,2026-03-24 14:42:09.967209+01,gold_establishments_2025,,,,21800781300015,2025,Collectivité Territoriale,Commune,['Somme'],['Hauts-de-France'],COM,{80},{32}
8af70b1d-7a2d-4828-a8e4-6b5c12f1ce37,214903817,Commune de Yzernay (49),false,{49381},Commune,2026-03-24 14:42:01.412377+01,gold_establishments_2025,,,,21490381700010,2025,Collectivité Territoriale,Commune,['Maine-et-Loire'],['Pays de la Loire'],COM,{49},{52}
3132e313-bb4b-47e7-af4d-5250dc04c51a,216902692,Commune de Yzeron (69),false,{69269},Commune,2026-03-24 14:42:07.735343+01,gold_establishments_2025,,,,21690269200013,2025,Collectivité Territoriale,Commune,['Rhône'],['Auvergne-Rhône-Alpes'],COM,{69},{84}
caae57ad-e203-4e38-9684-3a33c0cb37e5,210303210,Commune de Yzeure (03),false,{03321},Commune,2026-03-24 14:41:52.020251+01,gold_establishments_2025,,,,21030321000012,2025,Collectivité Territoriale,Commune,['Allier'],['Auvergne-Rhône-Alpes'],COM,{03},{84}
25d96f0a-d35c-4913-95d8-3a8f3fe0b9b0,213702822,Commune de Yzeures-sur-Creuse (37),false,{37282},Commune,2026-03-24 14:41:59.160244+01,gold_establishments_2025,,,,21370282200015,2025,Collectivité Territoriale,Commune,['Indre-et-Loire'],['Centre-Val de Loire'],COM,{37},{24}
10786230-240f-425e-8df3-0e51ebdac65c,218007821,Commune de Yzeux (80),false,{80835},Commune,2026-03-24 14:42:09.967209+01,gold_establishments_2025,,,,21800782100018,2025,Collectivité Territoriale,Commune,['Somme'],['Hauts-de-France'],COM,{80},{32}
2566d423-9d9e-41f9-b3cd-b6a8a5687d45,214003345,Commune de Yzosse (40),false,{40334},Commune,2026-03-24 14:41:59.705606+01,gold_establishments_2025,,,,21400334500011,2025,Collectivité Territoriale,Commune,['Landes'],['Nouvelle-Aquitaine'],COM,{40},{75}
0763cdfa-57d1-4ed2-9f03-4f42501e160f,217705342,Commune de Yèbles (77),false,{77534},Commune,2026-03-24 14:42:09.43682+01,gold_establishments_2025,,,,21770534200012,2025,Collectivité Territoriale,Commune,['Seine-et-Marne'],['Île-de-France'],COM,{77},{11}
738dc976-ae09-45fa-b166-2b540ce41db7,214503484,Commune de Yèvre-la-Ville (45),false,{45348},Commune,2026-03-24 14:42:00.862623+01,gold_establishments_2025,,,,21450348400013,2025,Collectivité Territoriale,Commune,['Loiret'],['Centre-Val de Loire'],COM,{45},{24}
f8134d04-31f1-479a-8e87-fecc99003129,212804249,Commune de Yèvres (28),false,{28424},Commune,2026-03-24 14:41:57.028721+01,gold_establishments_2025,,,,21280424900010,2025,Collectivité Territoriale,Commune,['Eure-et-Loir'],['Centre-Val de Loire'],COM,{28},{24}
3d7fc45a-e219-4520-905c-742fcc288eaf,211004304,Commune de Yèvres-le-Petit (10),false,{10445},Commune,2026-03-24 14:41:53.63825+01,gold_establishments_2025,,,,21100430400013,2025,Collectivité Territoriale,Commune,['Aube'],['Grand Est'],COM,{10},{44}
71059aa6-94fa-4e0f-a810-c3744d0526be,217607514,Commune de Yébleron (76),false,{76751},Commune,2026-03-24 14:42:08.818969+01,gold_establishments_2025,,,,21760751400015,2025,Collectivité Territoriale,Commune,['Seine-Maritime'],['Normandie'],COM,{76},{28}
b4887fcc-5a0a-4d77-9623-c01813b70afc,216803825,Commune de Zaessingue (68),false,{68382},Commune,2026-03-24 14:42:07.195692+01,gold_establishments_2025,,,,21680382500019,2025,Collectivité Territoriale,Commune,['Haut-Rhin'],['Grand Est'],COM,{68},{44}
8afbbd8c-152c-4c37-86a9-d0a806eb8b94,212003560,Commune de Zalana (2B),false,{2B356},Commune,2026-03-24 14:41:57.56054+01,gold_establishments_2025,,,,21200356000019,2025,Collectivité Territoriale,Commune,['Haute-Corse'],['Corse'],COM,{2B},{94}
aea99e2a-46c4-42d2-bf56-d4aba45d569c,215707597,Commune de Zarbeling (57),false,{57759},Commune,2026-03-24 14:42:04.280096+01,gold_establishments_2025,,,,21570759700013,2025,Collectivité Territoriale,Commune,['Moselle'],['Grand Est'],COM,{57},{44}
5d7d603f-c0c5-4001-bf84-9d66f6f9b39f,215906660,Commune de Zegerscappel (59),false,{59666},Commune,2026-03-24 14:42:04.814328+01,gold_establishments_2025,,,,21590666000018,2025,Collectivité Territoriale,Commune,['Nord'],['Hauts-de-France'],COM,{59},{32}
1bb90785-72d0-4956-a72f-fd9bffa3615e,216705558,Commune de Zehnacker (67),false,{67555},Commune,2026-03-24 14:42:07.195692+01,gold_establishments_2025,,,,21670555800015,2025,Collectivité Territoriale,Commune,['Bas-Rhin'],['Grand Est'],COM,{67},{44}
c7b21ac4-1c47-4468-a4c6-ceccf2b5d4fd,216705566,Commune de Zeinheim (67),false,{67556},Commune,2026-03-24 14:42:07.195692+01,gold_establishments_2025,,,,21670556600018,2025,Collectivité Territoriale,Commune,['Bas-Rhin'],['Grand Est'],COM,{67},{44}
ccd324c5-165d-4458-9373-3298d0807675,216803833,Commune de Zellenberg (68),false,{68383},Commune,2026-03-24 14:42:07.195692+01,gold_establishments_2025,,,,21680383300013,2025,Collectivité Territoriale,Commune,['Haut-Rhin'],['Grand Est'],COM,{68},{44}
dd6aa3df-7efa-4410-9ca4-eb7741d689c6,216705574,Commune de Zellwiller (67),false,{67557},Commune,2026-03-24 14:42:07.195692+01,gold_establishments_2025,,,,21670557400012,2025,Collectivité Territoriale,Commune,['Bas-Rhin'],['Grand Est'],COM,{67},{44}
694553aa-b29f-487f-9e19-cf0003937b94,215906678,Commune de Zermezeele (59),false,{59667},Commune,2026-03-24 14:42:04.814328+01,gold_establishments_2025,,,,21590667800010,2025,Collectivité Territoriale,Commune,['Nord'],['Hauts-de-France'],COM,{59},{32}
0996e453-30e1-47aa-9700-1e459f53726d,215707605,Commune de Zetting (57),false,{57760},Commune,2026-03-24 14:42:04.280096+01,gold_establishments_2025,,,,21570760500014,2025,Collectivité Territoriale,Commune,['Moselle'],['Grand Est'],COM,{57},{44}
03e49469-e5a9-44f3-b86b-edcc738363d3,212003594,Commune de Zicavo (2A),false,{2A359},Commune,2026-03-24 14:41:57.56054+01,gold_establishments_2025,,,,21200359400018,2025,Collectivité Territoriale,Commune,['Corse-du-Sud'],['Corse'],COM,{2A},{94}
e2a6ddcd-0b3d-4db6-9ef3-0ba83b1e61ad,212003602,Commune de Zigliara (2A),false,{2A360},Commune,2026-03-24 14:41:57.56054+01,gold_establishments_2025,,,,21200360200019,2025,Collectivité Territoriale,Commune,['Corse-du-Sud'],['Corse'],COM,{2A},{94}
5d643661-3b5c-4d68-9bc3-f40c352684cd,212003610,Commune de Zilia (2B),false,{2B361},Commune,2026-03-24 14:41:57.56054+01,gold_establishments_2025,,,,21200361000012,2025,Collectivité Territoriale,Commune,['Haute-Corse'],['Corse'],COM,{2B},{94}
af58572a-e753-49be-b2bd-65ace000e2d3,215707613,Commune de Zilling (57),false,{57761},Commune,2026-03-24 14:42:04.280096+01,gold_establishments_2025,,,,21570761300018,2025,Collectivité Territoriale,Commune,['Moselle'],['Grand Est'],COM,{57},{44}
1b7f26b7-78cf-4f2a-aeb4-16355cf9283c,216803841,Commune de Zillisheim (68),false,{68384},Commune,2026-03-24 14:42:07.195692+01,gold_establishments_2025,,,,21680384100016,2025,Collectivité Territoriale,Commune,['Haut-Rhin'],['Grand Est'],COM,{68},{44}
11ab1384-7b85-4658-8a8d-9aed87de770b,216803858,Commune de Zimmerbach (68),false,{68385},Commune,2026-03-24 14:42:07.195692+01,gold_establishments_2025,,,,21680385800010,2025,Collectivité Territoriale,Commune,['Haut-Rhin'],['Grand Est'],COM,{68},{44}
e992076b-8f6a-4906-8e4d-784a14668c2c,216803866,Commune de Zimmersheim (68),false,{68386},Commune,2026-03-24 14:42:07.195692+01,gold_establishments_2025,,,,21680386600070,2025,Collectivité Territoriale,Commune,['Haut-Rhin'],['Grand Est'],COM,{68},{44}
64c4a9d4-34bc-4822-85e3-0b7354679ab0,215707621,Commune de Zimming (57),false,{57762},Commune,2026-03-24 14:42:04.280096+01,gold_establishments_2025,,,,21570762100011,2025,Collectivité Territoriale,Commune,['Moselle'],['Grand Est'],COM,{57},{44}
8eced3fa-80aa-440a-94fa-7c18fa2b36ec,218805323,Commune de Zincourt (88),false,{88532},Commune,2026-03-24 14:42:11.118516+01,gold_establishments_2025,,,,21880532300019,2025,Collectivité Territoriale,Commune,['Vosges'],['Grand Est'],COM,{88},{44}
3029ba00-e18d-4e62-90d0-788699251887,216705582,Commune de Zinswiller (67),false,{67558},Commune,2026-03-24 14:42:07.195692+01,gold_establishments_2025,,,,21670558200015,2025,Collectivité Territoriale,Commune,['Bas-Rhin'],['Grand Est'],COM,{67},{44}
eae8bfb6-6e8f-4d5f-a6e6-daedfa7fa9e2,216705590,Commune de Zittersheim (67),false,{67559},Commune,2026-03-24 14:42:07.195692+01,gold_establishments_2025,,,,21670559000018,2025,Collectivité Territoriale,Commune,['Bas-Rhin'],['Grand Est'],COM,{67},{44}
d78026b5-b9ef-4611-8a42-6ac0de54ad34,215707639,Commune de Zommange (57),false,{57763},Commune,2026-03-24 14:42:04.280096+01,gold_establishments_2025,,,,21570763900013,2025,Collectivité Territoriale,Commune,['Moselle'],['Grand Est'],COM,{57},{44}
721ab47b-8e06-412e-ae69-c11145f79c79,212003628,Commune de Zonza (2A),false,{2A362},Commune,2026-03-24 14:41:57.56054+01,gold_establishments_2025,,,,21200362800014,2025,Collectivité Territoriale,Commune,['Corse-du-Sud'],['Corse'],COM,{2A},{94}
1d29f644-2bd6-46ce-a8aa-4c007de21637,216209031,Commune de Zoteux (62),false,{62903},Commune,2026-03-24 14:42:06.130387+01,gold_establishments_2025,,,,21620903100014,2025,Collectivité Territoriale,Commune,['Pas-de-Calais'],['Hauts-de-France'],COM,{62},{32}
2213a0e4-4c96-4a20-ada5-37af902b13c7,216209049,Commune de Zouafques (62),false,{62904},Commune,2026-03-24 14:42:06.130387+01,gold_establishments_2025,,,,21620904900016,2025,Collectivité Territoriale,Commune,['Pas-de-Calais'],['Hauts-de-France'],COM,{62},{32}
3d5a28be-4955-4143-98ff-b9608b874fb3,215707647,Commune de Zoufftgen (57),false,{57764},Commune,2026-03-24 14:42:04.280096+01,gold_establishments_2025,,,,21570764700016,2025,Collectivité Territoriale,Commune,['Moselle'],['Grand Est'],COM,{57},{44}
f3dbd2b3-051f-4885-87c1-21c237d425f3,212003636,Commune de Zoza (2A),false,{2A363},Commune,2026-03-24 14:41:57.56054+01,gold_establishments_2025,,,,21200363600017,2025,Collectivité Territoriale,Commune,['Corse-du-Sud'],['Corse'],COM,{2A},{94}
05b2bf6a-7106-4ef3-b93d-8514f5d50fb4,212003644,Commune de Zuani (2B),false,{2B364},Commune,2026-03-24 14:41:57.56054+01,gold_establishments_2025,,,,21200364400011,2025,Collectivité Territoriale,Commune,['Haute-Corse'],['Corse'],COM,{2B},{94}
36f224c1-e3d7-47f6-9b06-5d381304cd80,216209056,Commune de Zudausques (62),false,{62905},Commune,2026-03-24 14:42:06.130387+01,gold_establishments_2025,,,,21620905600011,2025,Collectivité Territoriale,Commune,['Pas-de-Calais'],['Hauts-de-France'],COM,{62},{32}
5541fbb9-d690-4ddc-b25c-607cf3e27611,216209064,Commune de Zutkerque (62),false,{62906},Commune,2026-03-24 14:42:06.130387+01,gold_establishments_2025,,,,21620906400015,2025,Collectivité Territoriale,Commune,['Pas-de-Calais'],['Hauts-de-France'],COM,{62},{32}
c557e221-59b1-487e-b081-227d4d9229b8,215906686,Commune de Zuydcoote (59),false,{59668},Commune,2026-03-24 14:42:04.814328+01,gold_establishments_2025,,,,21590668600013,2025,Collectivité Territoriale,Commune,['Nord'],['Hauts-de-France'],COM,{59},{32}
295b1e59-0a87-4e72-b59a-2452f0878144,215906694,Commune de Zuytpeene (59),false,{59669},Commune,2026-03-24 14:42:04.814328+01,gold_establishments_2025,,,,21590669400033,2025,Collectivité Territoriale,Commune,['Nord'],['Hauts-de-France'],COM,{59},{32}
095dd2cc-840b-4e27-8764-fc02547cfc66,212003578,Commune de Zérubia (2A),false,{2A357},Commune,2026-03-24 14:41:57.56054+01,gold_establishments_2025,,,,21200357800011,2025,Collectivité Territoriale,Commune,['Corse-du-Sud'],['Corse'],COM,{2A},{94}
49860702-64c0-44b8-b20d-5da474208da1,212003586,Commune de Zévaco (2A),false,{2A358},Commune,2026-03-24 14:41:57.56054+01,gold_establishments_2025,,,,21200358600014,2025,Collectivité Territoriale,Commune,['Corse-du-Sud'],['Corse'],COM,{2A},{94}
75d0eb5a-8405-448d-812f-eefe466d4ade,216002246,Commune de Ève (60),false,{60226},Commune,2026-03-24 14:42:04.814328+01,gold_establishments_2025,,,,21600224600017,2025,Collectivité Territoriale,Commune,['Oise'],['Hauts-de-France'],COM,{60},{32}
3916a17b-9887-45e2-93ad-9ae4b63efb9a,215501859,Commune de Èvres (55),false,{55185},Commune,2026-03-24 14:42:02.957225+01,gold_establishments_2025,,,,21550185900015,2025,Collectivité Territoriale,Commune,['Meuse'],['Grand Est'],COM,{55},{44}
ffbd115c-6fc2-4a37-a0ef-86033b35bc8b,210600599,Commune de Èze (06),false,{06059},Commune,2026-03-24 14:41:52.562531+01,gold_establishments_2025,,,,21060059900018,2025,Collectivité Territoriale,Commune,['Alpes-Maritimes'],"[""Provence-Alpes-Côte d'Azur""]",COM,{06},{93}
4bb4343d-a7cd-427e-8025-802f05a67f9e,212102362,Commune de Ébaty (21),false,{21236},Commune,2026-03-24 14:41:55.433389+01,gold_establishments_2025,,,,21210236200010,2025,Collectivité Territoriale,Commune,"[""Côte-d'Or""]",['Bourgogne-Franche-Comté'],COM,{21},{27}
8f104df9-5c76-4164-bf77-f43193d65569,215701863,Commune de Ébersviller (57),false,{57186},Commune,2026-03-24 14:42:03.701372+01,gold_establishments_2025,,,,21570186300015,2025,Collectivité Territoriale,Commune,['Moselle'],['Grand Est'],COM,{57},{44}
d3edb821-b72f-40e6-a075-4fead082ac38,215701871,Commune de Éblange (57),false,{57187},Commune,2026-03-24 14:42:03.701372+01,gold_establishments_2025,,,,21570187100018,2025,Collectivité Territoriale,Commune,['Moselle'],['Grand Est'],COM,{57},{44}
4f521da5-3ca8-4808-bf6a-d39a6eaabf58,210202586,Commune de Ébouleau (02),false,{02274},Commune,2026-03-24 14:41:52.020251+01,gold_establishments_2025,,,,21020258600041,2025,Collectivité Territoriale,Commune,['Aisne'],['Hauts-de-France'],COM,{02},{32}
28bb9987-4ded-4153-950c-08bd5bc79bfe,210301073,Commune de Ébreuil (03),false,{03107},Commune,2026-03-24 14:41:52.020251+01,gold_establishments_2025,,,,21030107300016,2025,Collectivité Territoriale,Commune,['Allier'],['Auvergne-Rhône-Alpes'],COM,{03},{84}
7140e5d0-e136-4448-986e-2cb781095699,211601224,Commune de Ébréon (16),false,{16122},Commune,2026-03-24 14:41:54.362296+01,gold_establishments_2025,,,,21160122400010,2025,Collectivité Territoriale,Commune,['Charente'],['Nouvelle-Aquitaine'],COM,{16},{75}
aef8392a-21b8-45ef-802b-0e6dc239b723,215901851,Commune de Écaillon (59),false,{59185},Commune,2026-03-24 14:42:04.280096+01,gold_establishments_2025,,,,21590185100018,2025,Collectivité Territoriale,Commune,['Nord'],['Hauts-de-France'],COM,{59},{32}
8c6119a2-2c1b-4241-8cb1-e5aeb2d092a1,217602234,Commune de Écalles-Alix (76),false,{76223},Commune,2026-03-24 14:42:08.818969+01,gold_establishments_2025,,,,21760223400015,2025,Collectivité Territoriale,Commune,['Seine-Maritime'],['Normandie'],COM,{76},{28}
87d22947-e8d8-4d0b-981e-e83fe695ed74,212702096,Commune de Écaquelon (27),false,{27209},Commune,2026-03-24 14:41:57.028721+01,gold_establishments_2025,,,,21270209600018,2025,Collectivité Territoriale,Commune,['Eure'],['Normandie'],COM,{27},{28}
ccb05f0c-4e56-4f7f-a839-f456cd2e9ba8,212702104,Commune de Écardenville-la-Campagne (27),false,{27210},Commune,2026-03-24 14:41:57.028721+01,gold_establishments_2025,,,,21270210400010,2025,Collectivité Territoriale,Commune,['Eure'],['Normandie'],COM,{27},{28}
649766b8-8563-4fa8-bbc1-d798eb93f358,215001694,Commune de Écausseville (50),false,{50169},Commune,2026-03-24 14:42:01.412377+01,gold_establishments_2025,,,,21500169400011,2025,Collectivité Territoriale,Commune,['Manche'],['Normandie'],COM,{50},{28}
c878d37f-b29e-44de-9ad2-bbc0f6e6564e,212702120,Commune de Écauville (27),false,{27212},Commune,2026-03-24 14:41:57.028721+01,gold_establishments_2025,,,,21270212000016,2025,Collectivité Territoriale,Commune,['Eure'],['Normandie'],COM,{27},{28}
ab54cc7e-8cdb-4b66-8764-2435a80bdcbd,216900803,Commune de Échalas (69),false,{69080},Commune,2026-03-24 14:42:07.195692+01,gold_establishments_2025,,,,21690080300018,2025,Collectivité Territoriale,Commune,['Rhône'],['Auvergne-Rhône-Alpes'],COM,{69},{84}
d6c879a2-21c5-460d-9446-93dc067551f9,211601232,Commune de Échallat (16),false,{16123},Commune,2026-03-24 14:41:54.362296+01,gold_establishments_2025,,,,21160123200013,2025,Collectivité Territoriale,Commune,['Charente'],['Nouvelle-Aquitaine'],COM,{16},{75}
41ca0f2d-f5d1-42ea-80ec-45be86d30d6e,210101523,Commune de Échallon (01),false,{01152},Commune,2026-03-24 14:41:51.447482+01,gold_establishments_2025,,,,21010152300012,2025,Collectivité Territoriale,Commune,['Ain'],['Auvergne-Rhône-Alpes'],COM,{01},{84}
6f88e9ee-8294-46b9-986b-f158660ad39d,212102370,Commune de Échalot (21),false,{21237},Commune,2026-03-24 14:41:55.433389+01,gold_establishments_2025,,,,21210237000013,2025,Collectivité Territoriale,Commune,"[""Côte-d'Or""]",['Bourgogne-Franche-Comté'],COM,{21},{27}
d95bc962-2479-40a7-b9f6-78f69132d151,216101493,Commune de Échalou (61),false,{61149},Commune,2026-03-24 14:42:05.597325+01,gold_establishments_2025,,,,21610149300015,2025,Collectivité Territoriale,Commune,['Orne'],['Normandie'],COM,{61},{28}
71180652-2ce6-4e9d-8c90-88e9a7ad35b9,216301424,Commune de Échandelys (63),false,{63142},Commune,2026-03-24 14:42:06.130387+01,gold_establishments_2025,,,,21630142400018,2025,Collectivité Territoriale,Commune,['Puy-de-Dôme'],['Auvergne-Rhône-Alpes'],COM,{63},{84}
471b5d1c-8f4f-482e-970f-6b8b84d9362b,212102388,Commune de Échannay (21),false,{21238},Commune,2026-03-24 14:41:55.433389+01,gold_establishments_2025,,,,21210238800015,2025,Collectivité Territoriale,Commune,"[""Côte-d'Or""]",['Bourgogne-Franche-Comté'],COM,{21},{27}
d129d02e-e5c6-4220-9ae6-ab3b893e41c2,219102043,Commune de Écharcon (91),false,{91204},Commune,2026-03-24 14:42:11.659493+01,gold_establishments_2025,,,,21910204300011,2025,Collectivité Territoriale,Commune,['Essonne'],['Île-de-France'],COM,{91},{11}
2d9a1ea5-bfcc-4664-bdb2-ab5e593ff29c,210301081,Commune de Échassières (03),false,{03108},Commune,2026-03-24 14:41:52.020251+01,gold_establishments_2025,,,,21030108100019,2025,Collectivité Territoriale,Commune,['Allier'],['Auvergne-Rhône-Alpes'],COM,{03},{84}
6c274900-ff96-4a76-b4ed-b4d46ce98eb8,216101501,Commune de Échauffour (61),false,{61150},Commune,2026-03-24 14:42:05.597325+01,gold_establishments_2025,,,,21610150100015,2025,Collectivité Territoriale,Commune,['Orne'],['Normandie'],COM,{61},{28}
7bad585e-f48f-4c86-94ad-80daa2c7e18f,217002054,Commune de Échavanne (70),false,{70205},Commune,2026-03-24 14:42:07.735343+01,gold_establishments_2025,,,,21700205400013,2025,Collectivité Territoriale,Commune,['Haute-Saône'],['Bourgogne-Franche-Comté'],COM,{70},{27}
c41b9e97-c797-4de3-9106-f2c7a42a35a7,212502090,Commune de Échay (25),false,{25209},Commune,2026-03-24 14:41:56.495197+01,gold_establishments_2025,,,,21250209000013,2025,Collectivité Territoriale,Commune,['Doubs'],['Bourgogne-Franche-Comté'],COM,{25},{27}
0fea2ed0-e7b7-4d60-9dd5-5e8b26f3e093,211701453,Commune de Échebrune (17),false,{17145},Commune,2026-03-24 14:41:54.903238+01,gold_establishments_2025,,,,21170145300030,2025,Collectivité Territoriale,Commune,['Charente-Maritime'],['Nouvelle-Aquitaine'],COM,{17},{75}
5e78472c-dd6e-42b1-a90d-44e80a72219b,211001284,Commune de Échemines (10),false,{10134},Commune,2026-03-24 14:41:53.095366+01,gold_establishments_2025,,,,21100128400010,2025,Collectivité Territoriale,Commune,['Aube'],['Grand Est'],COM,{10},{44}
c8b9f41c-aab2-4309-9101-e106c533b013,212502108,Commune de Échenans (25),false,{25210},Commune,2026-03-24 14:41:56.495197+01,gold_establishments_2025,,,,21250210800013,2025,Collectivité Territoriale,Commune,['Doubs'],['Bourgogne-Franche-Comté'],COM,{25},{27}
6532a167-414c-4678-b40d-2b288b2c5ae2,217002062,Commune de Échenans-sous-Mont-Vaudois (70),false,{70206},Commune,2026-03-24 14:42:07.735343+01,gold_establishments_2025,,,,21700206200016,2025,Collectivité Territoriale,Commune,['Haute-Saône'],['Bourgogne-Franche-Comté'],COM,{70},{27}
f32aedd4-855d-46b8-9f1c-9e2108fad2b9,215201294,Commune de Échenay (52),false,{52181},Commune,2026-03-24 14:42:01.954481+01,gold_establishments_2025,,,,21520129400018,2025,Collectivité Territoriale,Commune,['Haute-Marne'],['Grand Est'],COM,{52},{44}
20e9bc65-1d47-49fc-aed6-a901a988f63b,210101531,Commune de Échenevex (01),false,{01153},Commune,2026-03-24 14:41:51.447482+01,gold_establishments_2025,,,,21010153100015,2025,Collectivité Territoriale,Commune,['Ain'],['Auvergne-Rhône-Alpes'],COM,{01},{84}
7aa2ea70-bd50-42a2-8b95-b17abe3cec7f,212102396,Commune de Échenon (21),false,{21239},Commune,2026-03-24 14:41:55.433389+01,gold_establishments_2025,,,,21210239600018,2025,Collectivité Territoriale,Commune,"[""Côte-d'Or""]",['Bourgogne-Franche-Comté'],COM,{21},{27}
b514ffab-2270-4ef7-90f8-5b8d1b2cbd0f,217002070,Commune de Échenoz-la-Méline (70),false,{70207},Commune,2026-03-24 14:42:07.735343+01,gold_establishments_2025,,,,21700207000019,2025,Collectivité Territoriale,Commune,['Haute-Saône'],['Bourgogne-Franche-Comté'],COM,{70},{27}
c452ff55-b256-40c7-b776-a092279c4f52,217002088,Commune de Échenoz-le-Sec (70),false,{70208},Commune,2026-03-24 14:42:07.735343+01,gold_establishments_2025,,,,21700208800011,2025,Collectivité Territoriale,Commune,['Haute-Saône'],['Bourgogne-Franche-Comté'],COM,{70},{27}
912c72a0-93e0-45ee-bbd5-f5d23142cc87,212102404,Commune de Échevannes (21),false,{21240},Commune,2026-03-24 14:41:55.433389+01,gold_establishments_2025,,,,21210240400010,2025,Collectivité Territoriale,Commune,"[""Côte-d'Or""]",['Bourgogne-Franche-Comté'],COM,{21},{27}
aa728062-eb42-46bc-99fb-22583e95c9a5,212502116,Commune de Échevannes (25),false,{25211},Commune,2026-03-24 14:41:56.495197+01,gold_establishments_2025,,,,21250211600016,2025,Collectivité Territoriale,Commune,['Doubs'],['Bourgogne-Franche-Comté'],COM,{25},{27}
b8b49f53-ba27-47f0-896d-da6e66259b7f,212601173,Commune de Échevis (26),false,{26117},Commune,2026-03-24 14:41:56.495197+01,gold_establishments_2025,,,,21260117300017,2025,Collectivité Territoriale,Commune,['Drôme'],['Auvergne-Rhône-Alpes'],COM,{26},{84}
e160a040-f4ca-476c-95c8-0a26f21b6902,212102412,Commune de Échevronne (21),false,{21241},Commune,2026-03-24 14:41:55.433389+01,gold_establishments_2025,,,,21210241200013,2025,Collectivité Territoriale,Commune,"[""Côte-d'Or""]",['Bourgogne-Franche-Comté'],COM,{21},{27}
61d8a303-ecee-4022-8879-6c4c2cc284a3,212102420,Commune de Échigey (21),false,{21242},Commune,2026-03-24 14:41:55.433389+01,gold_establishments_2025,,,,21210242000016,2025,Collectivité Territoriale,Commune,"[""Côte-d'Or""]",['Bourgogne-Franche-Comté'],COM,{21},{27}
6f1c1f29-77ae-469b-a1c2-9e75e5139bd1,211701461,Commune de Échillais (17),false,{17146},Commune,2026-03-24 14:41:54.903238+01,gold_establishments_2025,,,,21170146100017,2025,Collectivité Territoriale,Commune,['Charente-Maritime'],['Nouvelle-Aquitaine'],COM,{17},{75}
6059f04e-d460-4eee-9c3d-ad58c9c995a1,214501314,Commune de Échilleuses (45),false,{45131},Commune,2026-03-24 14:42:00.862623+01,gold_establishments_2025,,,,21450131400014,2025,Collectivité Territoriale,Commune,['Loiret'],['Centre-Val de Loire'],COM,{45},{24}
c0df91a9-e0a8-4d3a-8e05-9c2d4e456d32,213801517,Commune de Échirolles (38),false,{38151},Commune,2026-03-24 14:41:59.160244+01,gold_establishments_2025,,,,21380151700540,2025,Collectivité Territoriale,Commune,['Isère'],['Auvergne-Rhône-Alpes'],COM,{38},{84}
fdd90466-547b-4c1f-b389-c87432f2c6b0,217901099,Commune de Échiré (79),false,{79109},Commune,2026-03-24 14:42:09.43682+01,gold_establishments_2025,,,,21790109900010,2025,Collectivité Territoriale,Commune,['Deux-Sèvres'],['Nouvelle-Aquitaine'],COM,{79},{75}
57cb9d79-cbbd-4742-b1b5-e5511015acd3,217701648,Commune de Échouboulains (77),false,{77164},Commune,2026-03-24 14:42:09.43682+01,gold_establishments_2025,,,,21770164800016,2025,Collectivité Territoriale,Commune,['Seine-et-Marne'],['Île-de-France'],COM,{77},{11}
da317c2d-29b2-4e8c-a883-7d0eaef5614e,212401590,Commune de Échourgnac (24),false,{24159},Commune,2026-03-24 14:41:55.958138+01,gold_establishments_2025,,,,21240159000014,2025,Collectivité Territoriale,Commune,['Dordogne'],['Nouvelle-Aquitaine'],COM,{24},{75}
ae711eb3-6c1b-4df2-969b-385b81f34e7c,215901877,Commune de Éclaibes (59),false,{59187},Commune,2026-03-24 14:42:04.280096+01,gold_establishments_2025,,,,21590187700013,2025,Collectivité Territoriale,Commune,['Nord'],['Hauts-de-France'],COM,{59},{32}
1fdf5301-e2c4-4a8e-9422-c0891a1de0a4,215102054,Commune de Éclaires (51),false,{51222},Commune,2026-03-24 14:42:01.954481+01,gold_establishments_2025,,,,21510205400016,2025,Collectivité Territoriale,Commune,['Marne'],['Grand Est'],COM,{51},{44}
9dd8de4e-e92b-487e-87bf-3d5da33596ba,211001292,Commune de Éclance (10),false,{10135},Commune,2026-03-24 14:41:53.095366+01,gold_establishments_2025,,,,21100129200013,2025,Collectivité Territoriale,Commune,['Aube'],['Grand Est'],COM,{10},{44}
a2c8ea40-9dad-4284-add9-7e24815d9b2b,213902059,Commune de Éclans-Nenon (39),false,{39205},Commune,2026-03-24 14:41:59.705606+01,gold_establishments_2025,,,,21390205900012,2025,Collectivité Territoriale,Commune,['Jura'],['Bourgogne-Franche-Comté'],COM,{39},{27}
422a1bb9-5939-45ca-99f9-3f5f800ecf66,215201302,Commune de Éclaron-Braucourt-Sainte-Livière (52),false,{52182},Commune,2026-03-24 14:42:01.954481+01,gold_establishments_2025,,,,21520130200019,2025,Collectivité Territoriale,Commune,['Haute-Marne'],['Grand Est'],COM,{52},{44}
162f0d28-56b5-4ef3-a03b-80e184284202,213902067,Commune de Écleux (39),false,{39206},Commune,2026-03-24 14:41:59.705606+01,gold_establishments_2025,,,,21390206700015,2025,Collectivité Territoriale,Commune,['Jura'],['Bourgogne-Franche-Comté'],COM,{39},{27}
8bbd93cd-0892-4117-a97c-2b33d65cdd75,216202820,Commune de Éclimeux (62),false,{62282},Commune,2026-03-24 14:42:05.597325+01,gold_establishments_2025,,,,21620282000017,2025,Collectivité Territoriale,Commune,['Pas-de-Calais'],['Hauts-de-France'],COM,{62},{32}
884205b1-e2e3-4080-815b-066f923339b8,218002533,Commune de Éclusier-Vaux (80),false,{80264},Commune,2026-03-24 14:42:09.967209+01,gold_establishments_2025,,,,21800253300014,2025,Collectivité Territoriale,Commune,['Somme'],['Hauts-de-France'],COM,{80},{32}
cf165443-031d-4b81-af2b-e2fce8debdc1,212801369,Commune de Écluzelles (28),false,{28136},Commune,2026-03-24 14:41:57.028721+01,gold_establishments_2025,,,,21280136900019,2025,Collectivité Territoriale,Commune,['Eure-et-Loir'],['Centre-Val de Loire'],COM,{28},{24}
75dc8461-13fb-4466-9f0a-10cdf0b64175,210801361,Commune de Écly (08),false,{08150},Commune,2026-03-24 14:41:52.562531+01,gold_establishments_2025,,,,21080136100010,2025,Collectivité Territoriale,Commune,['Ardennes'],['Grand Est'],COM,{08},{44}
568531e8-f3c9-421f-a971-decf20b632a1,214200867,Commune de Écoche (42),false,{42086},Commune,2026-03-24 14:42:00.273698+01,gold_establishments_2025,,,,21420086700015,2025,Collectivité Territoriale,Commune,['Loire'],['Auvergne-Rhône-Alpes'],COM,{42},{84}
545d35a5-928c-4174-becc-8294dba397db,216202838,Commune de Écoivres (62),false,{62283},Commune,2026-03-24 14:42:05.597325+01,gold_establishments_2025,,,,21620283800019,2025,Collectivité Territoriale,Commune,['Pas-de-Calais'],['Hauts-de-France'],COM,{62},{32}
f2e5ccc3-21fd-4d73-8d15-dfe48f10fa2a,217301068,Commune de École (73),false,{73106},Commune,2026-03-24 14:42:08.279287+01,gold_establishments_2025,,,,21730106800011,2025,Collectivité Territoriale,Commune,['Savoie'],['Auvergne-Rhône-Alpes'],COM,{73},{84}
957d89b8-1ef6-4dda-9ecf-7f4ac5ff34fc,212502124,Commune de École-Valentin (25),false,{25212},Commune,2026-03-24 14:41:56.495197+01,gold_establishments_2025,,,,21250212400010,2025,Collectivité Territoriale,Commune,['Doubs'],['Bourgogne-Franche-Comté'],COM,{25},{27}
aff3e6c3-3cb5-40ef-8a39-1f0403b836fa,215102062,Commune de Écollemont (51),false,{51223},Commune,2026-03-24 14:42:01.954481+01,gold_establishments_2025,,,,21510206200019,2025,Collectivité Territoriale,Commune,['Marne'],['Grand Est'],COM,{51},{44}
852b7bbf-e3f5-444c-b967-db9c51ec52ed,217201243,Commune de Écommoy (72),false,{72124},Commune,2026-03-24 14:42:08.279287+01,gold_establishments_2025,,,,21720124300011,2025,Collectivité Territoriale,Commune,['Sarthe'],['Pays de la Loire'],COM,{72},{52}
6e937a77-0112-4e63-9b6b-78aaba7d50b7,216101519,Commune de Écorcei (61),false,{61151},Commune,2026-03-24 14:42:05.597325+01,gold_establishments_2025,,,,21610151900017,2025,Collectivité Territoriale,Commune,['Orne'],['Normandie'],COM,{61},{28}
421daa33-9762-4fff-b045-d5f4c40ca934,216101527,Commune de Écorches (61),false,{61152},Commune,2026-03-24 14:42:05.597325+01,gold_establishments_2025,,,,21610152700010,2025,Collectivité Territoriale,Commune,['Orne'],['Normandie'],COM,{61},{28}
cf96017b-84c1-4a8d-8bbc-1ad9a7ca4341,210801379,Commune de Écordal (08),false,{08151},Commune,2026-03-24 14:41:52.562531+01,gold_establishments_2025,,,,21080137900012,2025,Collectivité Territoriale,Commune,['Ardennes'],['Grand Est'],COM,{08},{44}
c6e85750-aab1-4248-a29a-e7ed73f921ee,217201250,Commune de Écorpain (72),false,{72125},Commune,2026-03-24 14:42:08.279287+01,gold_establishments_2025,,,,21720125000016,2025,Collectivité Territoriale,Commune,['Sarthe'],['Pays de la Loire'],COM,{72},{52}
1393d41a-da3e-4f99-ae63-efaaf09bf67e,212502140,Commune de Écot (25),false,{25214},Commune,2026-03-24 14:41:56.495197+01,gold_establishments_2025,,,,21250214000016,2025,Collectivité Territoriale,Commune,['Doubs'],['Bourgogne-Franche-Comté'],COM,{25},{27}
d6a29122-68d2-463c-9f88-e3b190dd32bd,214200875,Commune de Écotay-l'Olme (42),false,{42087},Commune,2026-03-24 14:42:00.273698+01,gold_establishments_2025,,,,21420087500018,2025,Collectivité Territoriale,Commune,['Loire'],['Auvergne-Rhône-Alpes'],COM,{42},{84}
3845c6a4-026f-4f8e-8de0-4346dc29e07b,200077683,Commune de Écouché-les-Vallées (61),false,{61153},Commune,2026-03-24 14:42:05.597325+01,gold_establishments_2025,,,,20007768300015,2025,Collectivité Territoriale,Commune,['Orne'],['Normandie'],COM,{61},{28}
9038129d-f2f5-429d-ba21-a08dd65034f1,219502051,Commune de Écouen (95),false,{95205},Commune,2026-03-24 14:42:11.659493+01,gold_establishments_2025,,,,21950205100010,2025,Collectivité Territoriale,Commune,"[""Val-d'Oise""]",['Île-de-France'],COM,{95},{11}
82abab5b-1ff3-400b-b906-f6b310af6b3c,214901290,Commune de Écouflant (49),false,{49129},Commune,2026-03-24 14:42:01.412377+01,gold_establishments_2025,,,,21490129000012,2025,Collectivité Territoriale,Commune,['Maine-et-Loire'],['Pays de la Loire'],COM,{49},{52}
1c0f6c3f-3a43-4bd4-b94c-63d90e435192,212702146,Commune de Écouis (27),false,{27214},Commune,2026-03-24 14:41:57.028721+01,gold_establishments_2025,,,,21270214600011,2025,Collectivité Territoriale,Commune,['Eure'],['Normandie'],COM,{27},{28}
7af1b32d-7597-44db-a797-c655360b13c2,216202846,Commune de Écourt-Saint-Quentin (62),false,{62284},Commune,2026-03-24 14:42:05.597325+01,gold_establishments_2025,,,,21620284600012,2025,Collectivité Territoriale,Commune,['Pas-de-Calais'],['Hauts-de-France'],COM,{62},{32}
2fa4b68e-9122-43a2-8a31-22b32293c8a1,216202853,Commune de Écoust-Saint-Mein (62),false,{62285},Commune,2026-03-24 14:42:05.597325+01,gold_establishments_2025,,,,21620285300018,2025,Collectivité Territoriale,Commune,['Pas-de-Calais'],['Hauts-de-France'],COM,{62},{32}
daa53fb3-2e02-4a32-a2a5-a8499c03aeb2,200053700,Commune de Écouves (61),false,{61341},Commune,2026-03-24 14:42:05.597325+01,gold_establishments_2025,,,,20005370000015,2025,Collectivité Territoriale,Commune,['Orne'],['Normandie'],COM,{61},{28}
8c01208c-96c4-46d7-8d43-9ccd0a171c6b,215501693,Commune de Écouviez (55),false,{55169},Commune,2026-03-24 14:42:02.957225+01,gold_establishments_2025,,,,21550169300018,2025,Collectivité Territoriale,Commune,['Meuse'],['Grand Est'],COM,{55},{44}
02d09341-52c3-458e-9938-43cd4d92c41a,211701479,Commune de Écoyeux (17),false,{17147},Commune,2026-03-24 14:41:54.903238+01,gold_establishments_2025,,,,21170147900019,2025,Collectivité Territoriale,Commune,['Charente-Maritime'],['Nouvelle-Aquitaine'],COM,{17},{75}
d687f790-44c4-4dc3-9b80-22f8d530dc17,217602242,Commune de Écrainville (76),false,{76224},Commune,2026-03-24 14:42:08.818969+01,gold_establishments_2025,,,,21760224200018,2025,Collectivité Territoriale,Commune,['Seine-Maritime'],['Normandie'],COM,{76},{28}
aa6b0e96-c13d-45e1-bdcd-8774183f43c7,217602259,Commune de Écretteville-lès-Baons (76),false,{76225},Commune,2026-03-24 14:42:08.818969+01,gold_establishments_2025,,,,21760225900012,2025,Collectivité Territoriale,Commune,['Seine-Maritime'],['Normandie'],COM,{76},{28}
cb33d529-fa70-4957-95ca-dcc8c90f63f9,217602267,Commune de Écretteville-sur-Mer (76),false,{76226},Commune,2026-03-24 14:42:08.818969+01,gold_establishments_2025,,,,21760226700015,2025,Collectivité Territoriale,Commune,['Seine-Maritime'],['Normandie'],COM,{76},{28}
c3d9e2e6-652f-402a-8e27-4d404bd486f7,215102070,Commune de Écriennes (51),false,{51224},Commune,2026-03-24 14:42:01.954481+01,gold_establishments_2025,,,,21510207000012,2025,Collectivité Territoriale,Commune,['Marne'],['Grand Est'],COM,{51},{44}
6aa3fca4-c40a-4e36-8a53-d5da0cb6a0be,213902075,Commune de Écrille (39),false,{39207},Commune,2026-03-24 14:41:59.705606+01,gold_establishments_2025,,,,21390207500018,2025,Collectivité Territoriale,Commune,['Jura'],['Bourgogne-Franche-Comté'],COM,{39},{27}
0a088b38-1306-4f37-bf20-5dda001c2ece,217002104,Commune de Écromagny (70),false,{70210},Commune,2026-03-24 14:42:07.735343+01,gold_establishments_2025,,,,21700210400016,2025,Collectivité Territoriale,Commune,['Haute-Saône'],['Bourgogne-Franche-Comté'],COM,{70},{27}
18c6f095-79d5-4dfe-9b88-a98ae4acb017,212801377,Commune de Écrosnes (28),false,{28137},Commune,2026-03-24 14:41:57.028721+01,gold_establishments_2025,,,,21280137700012,2025,Collectivité Territoriale,Commune,['Eure-et-Loir'],['Centre-Val de Loire'],COM,{28},{24}
f89b287f-7e58-4854-9ba9-f0f3d81d49f5,215401746,Commune de Écrouves (54),false,{54174},Commune,2026-03-24 14:42:02.957225+01,gold_establishments_2025,,,,21540174600015,2025,Collectivité Territoriale,Commune,['Meurthe-et-Moselle'],['Grand Est'],COM,{54},{44}
019de55f-dbf0-493a-8670-51e4c08105e9,215102088,Commune de Écueil (51),false,{51225},Commune,2026-03-24 14:42:01.954481+01,gold_establishments_2025,,,,21510208800014,2025,Collectivité Territoriale,Commune,['Marne'],['Grand Est'],COM,{51},{44}
4cb2f7c2-540e-4cf0-a7ce-32318ae9c267,213600695,Commune de Écueillé (36),false,{36069},Commune,2026-03-24 14:41:59.160244+01,gold_establishments_2025,,,,21360069500018,2025,Collectivité Territoriale,Commune,['Indre'],['Centre-Val de Loire'],COM,{36},{24}
3b25382f-67c5-44f7-bac2-89d37384b808,217002112,Commune de Écuelle (70),false,{70211},Commune,2026-03-24 14:42:07.735343+01,gold_establishments_2025,,,,21700211200019,2025,Collectivité Territoriale,Commune,['Haute-Saône'],['Bourgogne-Franche-Comté'],COM,{70},{27}
b6fbfcdf-279b-496d-8d2b-6c5f1885dd4b,217101864,Commune de Écuelles (71),false,{71186},Commune,2026-03-24 14:42:07.735343+01,gold_establishments_2025,,,,21710186400015,2025,Collectivité Territoriale,Commune,['Saône-et-Loire'],['Bourgogne-Franche-Comté'],COM,{71},{27}
b953e95c-df2e-47bb-8f4d-98fa76100e5e,214901308,Commune de Écuillé (49),false,{49130},Commune,2026-03-24 14:42:01.412377+01,gold_establishments_2025,,,,21490130800012,2025,Collectivité Territoriale,Commune,['Maine-et-Loire'],['Pays de la Loire'],COM,{49},{52}
77b8a233-c0c6-450c-aeec-f5dccd68825c,216202895,Commune de Écuires (62),false,{62289},Commune,2026-03-24 14:42:05.597325+01,gold_establishments_2025,,,,21620289500019,2025,Collectivité Territoriale,Commune,['Pas-de-Calais'],['Hauts-de-France'],COM,{62},{32}
3f26da11-2dff-4add-938d-381eac0e0e92,217101872,Commune de Écuisses (71),false,{71187},Commune,2026-03-24 14:42:07.735343+01,gold_establishments_2025,,,,21710187200018,2025,Collectivité Territoriale,Commune,['Saône-et-Loire'],['Bourgogne-Franche-Comté'],COM,{71},{27}
0108df40-9b0c-440b-b013-cc2db36bf4f4,216900811,Commune de Écully (69),false,{69081},Commune,2026-03-24 14:42:07.195692+01,gold_establishments_2025,,,,21690081100011,2025,Collectivité Territoriale,Commune,['Rhône'],['Auvergne-Rhône-Alpes'],COM,{69},{84}
e73722ab-786d-4f43-8d63-8bb541ff0a19,211601240,Commune de Écuras (16),false,{16124},Commune,2026-03-24 14:41:54.362296+01,gold_establishments_2025,,,,21160124000016,2025,Collectivité Territoriale,Commune,['Charente'],['Nouvelle-Aquitaine'],COM,{16},{75}
355b881a-79c0-4e9d-8347-0d58ce1974f0,211701487,Commune de Écurat (17),false,{17148},Commune,2026-03-24 14:41:54.903238+01,gold_establishments_2025,,,,21170148700012,2025,Collectivité Territoriale,Commune,['Charente-Maritime'],['Nouvelle-Aquitaine'],COM,{17},{75}
e4998292-0920-415e-91d0-c774e95ec26b,212502165,Commune de Écurcey (25),false,{25216},Commune,2026-03-24 14:41:56.495197+01,gold_establishments_2025,,,,21250216500013,2025,Collectivité Territoriale,Commune,['Doubs'],['Bourgogne-Franche-Comté'],COM,{25},{27}
14e15894-3e35-4ceb-8031-0513b83eed4a,215501701,Commune de Écurey-en-Verdunois (55),false,{55170},Commune,2026-03-24 14:42:02.957225+01,gold_establishments_2025,,,,21550170100019,2025,Collectivité Territoriale,Commune,['Meuse'],['Grand Est'],COM,{55},{44}
296768c1-1202-4579-a5e2-d09c5c06208e,216202903,Commune de Écurie (62),false,{62290},Commune,2026-03-24 14:42:05.597325+01,gold_establishments_2025,,,,21620290300011,2025,Collectivité Territoriale,Commune,['Pas-de-Calais'],['Hauts-de-France'],COM,{62},{32}
6a1cb264-5e5b-43fc-bc15-16d1d72c6c48,215102096,Commune de Écury-le-Repos (51),false,{51226},Commune,2026-03-24 14:42:01.954481+01,gold_establishments_2025,,,,21510209600017,2025,Collectivité Territoriale,Commune,['Marne'],['Grand Est'],COM,{51},{44}
3a6b525c-8bfc-4ec6-a377-753b8e16093f,215106154,Commune de Écury-sur-Coole (51),false,{51227},Commune,2026-03-24 14:42:01.954481+01,gold_establishments_2025,,,,21510615400010,2025,Collectivité Territoriale,Commune,['Marne'],['Grand Est'],COM,{51},{44}
19732493-52af-4e3a-9187-58d8d6f35f7b,212102438,Commune de Écutigny (21),false,{21243},Commune,2026-03-24 14:41:55.433389+01,gold_establishments_2025,,,,21210243800018,2025,Collectivité Territoriale,Commune,"[""Côte-d'Or""]",['Bourgogne-Franche-Comté'],COM,{21},{27}
4b0e6d77-7ba6-4511-8d38-40e1cc406701,216002022,Commune de Écuvilly (60),false,{60204},Commune,2026-03-24 14:42:04.814328+01,gold_establishments_2025,,,,21600202200012,2025,Collectivité Territoriale,Commune,['Oise'],['Hauts-de-France'],COM,{60},{32}
11654cb6-3f65-49b1-b317-c40badcdc2bc,215901885,Commune de Écuélin (59),false,{59188},Commune,2026-03-24 14:42:04.280096+01,gold_establishments_2025,,,,21590188500016,2025,Collectivité Territoriale,Commune,['Nord'],['Hauts-de-France'],COM,{59},{32}
100f9286-4861-4dc8-bc4a-b580b611c98d,211601257,Commune de Édon (16),false,{16125},Commune,2026-03-24 14:41:54.362296+01,gold_establishments_2025,,,,21160125700010,2025,Collectivité Territoriale,Commune,['Charente'],['Nouvelle-Aquitaine'],COM,{16},{75}
7dec55f9-4c57-455a-8f6e-e89bd8216d82,216600643,Commune de Égat (66),false,{66064},Commune,2026-03-24 14:42:06.665412+01,gold_establishments_2025,,,,21660064300011,2025,Collectivité Territoriale,Commune,['Pyrénées-Orientales'],['Occitanie'],COM,{66},{76}
6f9059a9-ccc5-4cd8-a9ef-31ef4b1765ba,218901502,Commune de Égleny (89),false,{89150},Commune,2026-03-24 14:42:11.118516+01,gold_establishments_2025,,,,21890150200011,2025,Collectivité Territoriale,Commune,['Yonne'],['Bourgogne-Franche-Comté'],COM,{89},{27}
eb9e4e90-8cdb-4c07-bbc8-ea5211ef9a5a,211907308,Commune de Égletons (19),false,{19073},Commune,2026-03-24 14:41:54.903238+01,gold_establishments_2025,,,,21190730800012,2025,Collectivité Territoriale,Commune,['Corrèze'],['Nouvelle-Aquitaine'],COM,{19},{75}
b8878b09-1607-48a0-a92a-650e098e0d73,217701671,Commune de Égligny (77),false,{77167},Commune,2026-03-24 14:42:09.43682+01,gold_establishments_2025,,,,21770167100018,2025,Collectivité Territoriale,Commune,['Seine-et-Marne'],['Île-de-France'],COM,{77},{11}
ef326759-f076-4103-8442-1dda871c9a0f,212401616,Commune de Église-Neuve-d'Issac (24),false,{24161},Commune,2026-03-24 14:41:55.958138+01,gold_establishments_2025,,,,21240161600017,2025,Collectivité Territoriale,Commune,['Dordogne'],['Nouvelle-Aquitaine'],COM,{24},{75}
17682fa3-b4d4-4f9c-8565-2be91a2b5e7a,212401608,Commune de Église-Neuve-de-Vergt (24),false,{24160},Commune,2026-03-24 14:41:55.958138+01,gold_establishments_2025,,,,21240160800014,2025,Collectivité Territoriale,Commune,['Dordogne'],['Nouvelle-Aquitaine'],COM,{24},{75}
4db42580-6d8e-4353-8c77-68417276e8b6,216301440,Commune de Égliseneuve-d'Entraigues (63),false,{63144},Commune,2026-03-24 14:42:06.130387+01,gold_establishments_2025,,,,21630144000014,2025,Collectivité Territoriale,Commune,['Puy-de-Dôme'],['Auvergne-Rhône-Alpes'],COM,{63},{84}
dc2f09e9-f487-4c66-80b6-84b4da62f53e,216301457,Commune de Égliseneuve-des-Liards (63),false,{63145},Commune,2026-03-24 14:42:06.130387+01,gold_establishments_2025,,,,21630145700018,2025,Collectivité Territoriale,Commune,['Puy-de-Dôme'],['Auvergne-Rhône-Alpes'],COM,{63},{84}
433f0fa2-7677-4649-bf9a-a0de55350baa,216301465,Commune de Égliseneuve-près-Billom (63),false,{63146},Commune,2026-03-24 14:42:06.130387+01,gold_establishments_2025,,,,21630146500011,2025,Collectivité Territoriale,Commune,['Puy-de-Dôme'],['Auvergne-Rhône-Alpes'],COM,{63},{84}
444ca2f3-37f2-4a71-8a18-03813e8e3ebf,216301473,Commune de Églisolles (63),false,{63147},Commune,2026-03-24 14:42:06.130387+01,gold_establishments_2025,,,,21630147300015,2025,Collectivité Territoriale,Commune,['Puy-de-Dôme'],['Auvergne-Rhône-Alpes'],COM,{63},{84}
fb134069-0bac-455e-84e4-01f1e0d5bfea,219102076,Commune de Égly (91),false,{91207},Commune,2026-03-24 14:42:11.659493+01,gold_establishments_2025,,,,21910207600011,2025,Collectivité Territoriale,Commune,['Essonne'],['Île-de-France'],COM,{91},{11}
82be93c0-e954-47d9-a0a3-8baeb8c303b3,217701689,Commune de Égreville (77),false,{77168},Commune,2026-03-24 14:42:09.43682+01,gold_establishments_2025,,,,21770168900010,2025,Collectivité Territoriale,Commune,['Seine-et-Marne'],['Île-de-France'],COM,{77},{11}
4ae49402-1b81-4a4f-b8fa-596c9950d35b,218901510,Commune de Égriselles-le-Bocage (89),false,{89151},Commune,2026-03-24 14:42:11.118516+01,gold_establishments_2025,,,,21890151000014,2025,Collectivité Territoriale,Commune,['Yonne'],['Bourgogne-Franche-Comté'],COM,{89},{27}
28ce5eff-37c4-447b-a9c5-1977db66a802,214501322,Commune de Égry (45),false,{45132},Commune,2026-03-24 14:42:00.862623+01,gold_establishments_2025,,,,21450132200017,2025,Collectivité Territoriale,Commune,['Loiret'],['Centre-Val de Loire'],COM,{45},{24}
06c3a5a0-b142-47e4-b06b-0fbdd72ac06e,215701889,Commune de Éguelshardt (57),false,{57188},Commune,2026-03-24 14:42:03.701372+01,gold_establishments_2025,,,,21570188900010,2025,Collectivité Territoriale,Commune,['Moselle'],['Grand Est'],COM,{57},{44}
7369e1e1-528b-4650-bfdf-2cd47565bc0f,211300322,Commune de Éguilles (13),false,{13032},Commune,2026-03-24 14:41:53.63825+01,gold_establishments_2025,,,,21130032200016,2025,Collectivité Territoriale,Commune,['Bouches-du-Rhône'],"[""Provence-Alpes-Côte d'Azur""]",COM,{13},{93}
55885334-cf47-4cdf-bbcd-92d76d8b7a15,212102446,Commune de Éguilly (21),false,{21244},Commune,2026-03-24 14:41:55.433389+01,gold_establishments_2025,,,,21210244600011,2025,Collectivité Territoriale,Commune,"[""Côte-d'Or""]",['Bourgogne-Franche-Comté'],COM,{21},{27}
de642f5b-e854-4cb2-9544-abb6b5e36401,211001300,Commune de Éguilly-sous-Bois (10),false,{10136},Commune,2026-03-24 14:41:53.095366+01,gold_establishments_2025,,,,21100130000014,2025,Collectivité Territoriale,Commune,['Aube'],['Grand Est'],COM,{10},{44}
549dd742-8d8a-43d6-b5ba-9d657b24ca13,213600703,Commune de Éguzon-Chantôme (36),false,{36070},Commune,2026-03-24 14:41:59.160244+01,gold_establishments_2025,,,,21360070300010,2025,Collectivité Territoriale,Commune,['Indre'],['Centre-Val de Loire'],COM,{36},{24}
abbcbf69-e012-471c-a91a-b6bbe3f5330b,217002138,Commune de Éhuns (70),false,{70213},Commune,2026-03-24 14:42:07.735343+01,gold_establishments_2025,,,,21700213800014,2025,Collectivité Territoriale,Commune,['Haute-Saône'],['Bourgogne-Franche-Comté'],COM,{70},{27}
0a497912-63b9-48e3-883b-a50c7f891156,217802081,Commune de Élancourt (78),false,{78208},Commune,2026-03-24 14:42:09.43682+01,gold_establishments_2025,,,,21780208100018,2025,Collectivité Territoriale,Commune,['Yvelines'],['Île-de-France'],COM,{78},{11}
8de8ffca-b2de-4475-8cfb-cbcab10def40,216002030,Commune de Élencourt (60),false,{60205},Commune,2026-03-24 14:42:04.814328+01,gold_establishments_2025,,,,21600203000015,2025,Collectivité Territoriale,Commune,['Oise'],['Hauts-de-France'],COM,{60},{32}
365c16c3-02c9-4789-b87d-9742b7f1611c,215901901,Commune de Élesmes (59),false,{59190},Commune,2026-03-24 14:42:04.280096+01,gold_establishments_2025,,,,21590190100011,2025,Collectivité Territoriale,Commune,['Nord'],['Hauts-de-France'],COM,{59},{32}
029b25c3-98ba-4fd8-aa6f-779f213c1248,217602325,Commune de Életot (76),false,{76232},Commune,2026-03-24 14:42:08.818969+01,gold_establishments_2025,,,,21760232500011,2025,Collectivité Territoriale,Commune,['Seine-Maritime'],['Normandie'],COM,{76},{28}
27a83237-36a4-4848-aa77-c566573b89f4,216202911,Commune de Éleu-dit-Leauwette (62),false,{62291},Commune,2026-03-24 14:42:05.597325+01,gold_establishments_2025,,,,21620291100014,2025,Collectivité Territoriale,Commune,['Pas-de-Calais'],['Hauts-de-France'],COM,{62},{32}
7464aa72-a57e-47d9-bd62-aaf471c14d22,215901919,Commune de Élincourt (59),false,{59191},Commune,2026-03-24 14:42:04.280096+01,gold_establishments_2025,,,,21590191900013,2025,Collectivité Territoriale,Commune,['Nord'],['Hauts-de-France'],COM,{59},{32}
6adaa376-7f5c-4cb5-823a-6a0a04abeaa6,216002048,Commune de Élincourt-Sainte-Marguerite (60),false,{60206},Commune,2026-03-24 14:42:04.814328+01,gold_establishments_2025,,,,21600204800017,2025,Collectivité Territoriale,Commune,['Oise'],['Hauts-de-France'],COM,{60},{32}
05031ae3-2d54-4349-a8c6-eb35b98e9911,215102104,Commune de Élise-Daucourt (51),false,{51228},Commune,2026-03-24 14:42:01.954481+01,gold_establishments_2025,,,,21510210400019,2025,Collectivité Territoriale,Commune,['Marne'],['Grand Est'],COM,{51},{44}
b4fd8118-b63b-4bc2-8aab-1047b350e6a5,219000379,Commune de Éloie (90),false,{90037},Commune,2026-03-24 14:42:11.659493+01,gold_establishments_2025,,,,21900037900012,2025,Collectivité Territoriale,Commune,['Territoire de Belfort'],['Bourgogne-Franche-Comté'],COM,{90},{27}
25483ee5-ce8e-4895-b69e-110f28fc276a,217401090,Commune de Éloise (74),false,{74109},Commune,2026-03-24 14:42:08.279287+01,gold_establishments_2025,,,,21740109000014,2025,Collectivité Territoriale,Commune,['Haute-Savoie'],['Auvergne-Rhône-Alpes'],COM,{74},{84}
c17583c2-2de2-4c44-858b-be2432fc3372,218801587,Commune de Éloyes (88),false,{88158},Commune,2026-03-24 14:42:11.118516+01,gold_establishments_2025,,,,21880158700138,2025,Collectivité Territoriale,Commune,['Vosges'],['Grand Est'],COM,{88},{44}
1e4f3d74-d621-4b5e-92e4-52149612a4b0,212502173,Commune de Émagny (25),false,{25217},Commune,2026-03-24 14:41:56.495197+01,gold_establishments_2025,,,,21250217300017,2025,Collectivité Territoriale,Commune,['Doubs'],['Bourgogne-Franche-Comté'],COM,{25},{27}
949c1ac1-b932-43e1-8199-9cd5288c9771,212702161,Commune de Émalleville (27),false,{27216},Commune,2026-03-24 14:41:57.028721+01,gold_establishments_2025,,,,21270216100044,2025,Collectivité Territoriale,Commune,['Eure'],['Normandie'],COM,{27},{28}
75ad96ad-21ac-4f65-8192-0421a3096af5,217802099,Commune de Émancé (78),false,{78209},Commune,2026-03-24 14:42:09.43682+01,gold_establishments_2025,,,,21780209900010,2025,Collectivité Territoriale,Commune,['Yvelines'],['Île-de-France'],COM,{78},{11}
08062fea-f590-4177-9057-1a857d080a1e,212702179,Commune de Émanville (27),false,{27217},Commune,2026-03-24 14:41:57.028721+01,gold_establishments_2025,,,,21270217900012,2025,Collectivité Territoriale,Commune,['Eure'],['Normandie'],COM,{27},{28}
7f63b91e-0c44-497c-a130-e1254032b81e,217602341,Commune de Émanville (76),false,{76234},Commune,2026-03-24 14:42:08.818969+01,gold_establishments_2025,,,,21760234100018,2025,Collectivité Territoriale,Commune,['Seine-Maritime'],['Normandie'],COM,{76},{28}
5c7a437a-eecc-4b43-a1b8-2a9a65d959f3,217701697,Commune de Émerainville (77),false,{77169},Commune,2026-03-24 14:42:09.43682+01,gold_establishments_2025,,,,21770169700013,2025,Collectivité Territoriale,Commune,['Seine-et-Marne'],['Île-de-France'],COM,{77},{11}
853d1209-702d-488c-80c0-0f2c1fe40d48,215901927,Commune de Émerchicourt (59),false,{59192},Commune,2026-03-24 14:42:04.280096+01,gold_establishments_2025,,,,21590192700016,2025,Collectivité Territoriale,Commune,['Nord'],['Hauts-de-France'],COM,{59},{32}
20af1650-7b0e-4be2-a231-cdedace47604,216900829,Commune de Émeringes (69),false,{69082},Commune,2026-03-24 14:42:07.195692+01,gold_establishments_2025,,,,21690082900013,2025,Collectivité Territoriale,Commune,['Rhône'],['Auvergne-Rhône-Alpes'],COM,{69},{84}
f76dec19-8cae-4c0c-835c-2d8308c8d26b,211402375,Commune de Émiéville (14),false,{14237},Commune,2026-03-24 14:41:54.362296+01,gold_establishments_2025,,,,21140237500011,2025,Collectivité Territoriale,Commune,['Calvados'],['Normandie'],COM,{14},{28}
6dacbdfb-df09-4ed0-9977-fd22602667b5,215001728,Commune de Émondeville (50),false,{50172},Commune,2026-03-24 14:42:01.412377+01,gold_establishments_2025,,,,21500172800017,2025,Collectivité Territoriale,Commune,['Manche'],['Normandie'],COM,{50},{28}
f461220e-c92f-4d7b-bc30-bafbe79efe36,216002055,Commune de Éméville (60),false,{60207},Commune,2026-03-24 14:42:04.814328+01,gold_establishments_2025,,,,21600205500012,2025,Collectivité Territoriale,Commune,['Oise'],['Hauts-de-France'],COM,{60},{32}
a7a1ea95-7715-4bed-bea6-7d300f71bc26,216002063,Commune de Énencourt-Léage (60),false,{60208},Commune,2026-03-24 14:42:04.814328+01,gold_establishments_2025,,,,21600206300016,2025,Collectivité Territoriale,Commune,['Oise'],['Hauts-de-France'],COM,{60},{32}
d8eaeafa-92df-4d5c-858e-91f30dfc04c9,200084085,Commune de Éole-en-Beauce (28),false,{28406},Commune,2026-03-24 14:41:57.028721+01,gold_establishments_2025,,,,20008408500014,2025,Collectivité Territoriale,Commune,['Eure-et-Loir'],['Centre-Val de Loire'],COM,{28},{24}
f4c4ca04-26b0-4773-ba36-6998b3c7ec61,210500476,Commune de Éourres (05),false,{05047},Commune,2026-03-24 14:41:52.562531+01,gold_establishments_2025,,,,21050047600010,2025,Collectivité Territoriale,Commune,['Hautes-Alpes'],"[""Provence-Alpes-Côte d'Azur""]",COM,{05},{93}
46c3d30e-4197-4bb4-b76b-5abc840b9de9,211001326,Commune de Épagne (10),false,{10138},Commune,2026-03-24 14:41:53.095366+01,gold_establishments_2025,,,,21100132600019,2025,Collectivité Territoriale,Commune,['Aube'],['Grand Est'],COM,{10},{44}
d83ae037-f865-4b5f-9618-7a3ac736c3f6,218002574,Commune de Épagne-Épagnette (80),false,{80268},Commune,2026-03-24 14:42:09.967209+01,gold_establishments_2025,,,,21800257400018,2025,Collectivité Territoriale,Commune,['Somme'],['Hauts-de-France'],COM,{80},{32}
7d2127a5-d692-46ba-a872-72f4a66e09f8,210202610,Commune de Épagny (02),false,{02277},Commune,2026-03-24 14:41:52.020251+01,gold_establishments_2025,,,,21020261000015,2025,Collectivité Territoriale,Commune,['Aisne'],['Hauts-de-France'],COM,{02},{32}
216d4f27-daf7-4b31-ad6a-eb050601f2e7,212102453,Commune de Épagny (21),false,{21245},Commune,2026-03-24 14:41:55.433389+01,gold_establishments_2025,,,,21210245300017,2025,Collectivité Territoriale,Commune,"[""Côte-d'Or""]",['Bourgogne-Franche-Comté'],COM,{21},{27}
56923b9c-d847-49f4-8ef4-8810d6ba98be,212702187,Commune de Épaignes (27),false,{27218},Commune,2026-03-24 14:41:57.028721+01,gold_establishments_2025,,,,21270218700015,2025,Collectivité Territoriale,Commune,['Eure'],['Normandie'],COM,{27},{28}
a9ed1747-701e-4e04-923d-922ea0dbd5d7,211402409,Commune de Épaney (14),false,{14240},Commune,2026-03-24 14:41:54.362296+01,gold_establishments_2025,,,,21140240900018,2025,Collectivité Territoriale,Commune,['Calvados'],['Normandie'],COM,{14},{28}
37fa1731-de3e-44cb-8dc8-5a35d28ca4f3,217901123,Commune de Épannes (79),false,{79112},Commune,2026-03-24 14:42:09.43682+01,gold_establishments_2025,,,,21790112300018,2025,Collectivité Territoriale,Commune,['Deux-Sèvres'],['Nouvelle-Aquitaine'],COM,{79},{75}
920de929-1d72-4c25-b567-1f57efa91807,210202628,Commune de Éparcy (02),false,{02278},Commune,2026-03-24 14:41:52.020251+01,gold_establishments_2025,,,,21020262800017,2025,Collectivité Territoriale,Commune,['Aisne'],['Hauts-de-France'],COM,{02},{32}
50e95473-5daf-4988-b092-b8b8ad9e65dd,211701529,Commune de Épargnes (17),false,{17152},Commune,2026-03-24 14:41:54.903238+01,gold_establishments_2025,,,,21170152900011,2025,Collectivité Territoriale,Commune,['Charente-Maritime'],['Nouvelle-Aquitaine'],COM,{17},{75}
c55618a4-cd59-476a-8384-ee318ba23293,218002582,Commune de Épaumesnil (80),false,{80269},Commune,2026-03-24 14:42:09.967209+01,gold_establishments_2025,,,,21800258200011,2025,Collectivité Territoriale,Commune,['Somme'],['Hauts-de-France'],COM,{80},{32}
2c801ad3-30f5-4e7d-be13-a8788ab9f5b4,210202636,Commune de Épaux-Bézu (02),false,{02279},Commune,2026-03-24 14:41:52.020251+01,gold_establishments_2025,,,,21020263600010,2025,Collectivité Territoriale,Commune,['Aisne'],['Hauts-de-France'],COM,{02},{32}
cbe4de3c-f0de-4620-b7e1-2d6749984c97,212801393,Commune de Épeautrolles (28),false,{28139},Commune,2026-03-24 14:41:57.028721+01,gold_establishments_2025,,,,21280139300019,2025,Collectivité Territoriale,Commune,['Eure-et-Loir'],['Centre-Val de Loire'],COM,{28},{24}
2478b497-daa2-43c5-8d48-c5cbceeff681,218002608,Commune de Épehy (80),false,{80271},Commune,2026-03-24 14:42:09.967209+01,gold_establishments_2025,,,,21800260800014,2025,Collectivité Territoriale,Commune,['Somme'],['Hauts-de-France'],COM,{80},{32}
f93e81bd-72f9-4cdc-b80b-f16f2e467782,213701006,Commune de Épeigné-les-Bois (37),false,{37100},Commune,2026-03-24 14:41:59.160244+01,gold_establishments_2025,,,,21370100600016,2025,Collectivité Territoriale,Commune,['Indre-et-Loire'],['Centre-Val de Loire'],COM,{37},{24}
d9879641-0248-4fdd-ab1a-fb40ec36f0f7,213701014,Commune de Épeigné-sur-Dême (37),false,{37101},Commune,2026-03-24 14:41:59.160244+01,gold_establishments_2025,,,,21370101400010,2025,Collectivité Territoriale,Commune,['Indre-et-Loire'],['Centre-Val de Loire'],COM,{37},{24}
586941db-c83e-4135-a9a4-ee7fe8e76ed4,212502181,Commune de Épenouse (25),false,{25218},Commune,2026-03-24 14:41:56.495197+01,gold_establishments_2025,,,,21250218100010,2025,Collectivité Territoriale,Commune,['Doubs'],['Bourgogne-Franche-Comté'],COM,{25},{27}
6c9de2fa-1eb5-4561-bd76-fccb5ae89810,212502199,Commune de Épenoy (25),false,{25219},Commune,2026-03-24 14:41:56.495197+01,gold_establishments_2025,,,,21250219900012,2025,Collectivité Territoriale,Commune,['Doubs'],['Bourgogne-Franche-Comté'],COM,{25},{27}
267fe2e2-a63d-416e-90e7-a2ebe6fe291b,215102112,Commune de Épense (51),false,{51229},Commune,2026-03-24 14:42:01.954481+01,gold_establishments_2025,,,,21510211200012,2025,Collectivité Territoriale,Commune,['Marne'],['Grand Est'],COM,{51},{44}
46324de5-9031-4c18-924c-560a571c9942,211601281,Commune de Épenède (16),false,{16128},Commune,2026-03-24 14:41:54.362296+01,gold_establishments_2025,,,,21160128100010,2025,Collectivité Territoriale,Commune,['Charente'],['Nouvelle-Aquitaine'],COM,{16},{75}
5ec69e41-0e69-4640-b3d1-ff87c34b33fd,214200883,Commune de Épercieux-Saint-Paul (42),false,{42088},Commune,2026-03-24 14:42:00.273698+01,gold_establishments_2025,,,,21420088300012,2025,Collectivité Territoriale,Commune,['Loire'],['Auvergne-Rhône-Alpes'],COM,{42},{84}
1573e37c-fd98-4da1-b113-e9c6e35f8dfe,216202978,Commune de Éperlecques (62),false,{62297},Commune,2026-03-24 14:42:05.597325+01,gold_establishments_2025,,,,21620297800013,2025,Collectivité Territoriale,Commune,['Pas-de-Calais'],['Hauts-de-France'],COM,{62},{32}
975458ab-88f8-4d6f-87f9-d483562ccc8b,215102120,Commune de Épernay (51),false,{51230},Commune,2026-03-24 14:42:01.954481+01,gold_establishments_2025,,,,21510212000015,2025,Collectivité Territoriale,Commune,['Marne'],['Grand Est'],COM,{51},{44}
9a7567a4-2152-4b3a-a6b0-c36ff73f7dcb,212102461,Commune de Épernay-sous-Gevrey (21),false,{21246},Commune,2026-03-24 14:41:55.433389+01,gold_establishments_2025,,,,21210246100010,2025,Collectivité Territoriale,Commune,"[""Côte-d'Or""]",['Bourgogne-Franche-Comté'],COM,{21},{27}
25a50deb-b7eb-4159-8f99-be69f762b660,212801401,Commune de Épernon (28),false,{28140},Commune,2026-03-24 14:41:57.028721+01,gold_establishments_2025,,,,21280140100010,2025,Collectivité Territoriale,Commune,['Eure-et-Loir'],['Centre-Val de Loire'],COM,{28},{24}
ba05bb01-19c2-42b2-857e-48230759f7f9,217101880,Commune de Épertully (71),false,{71188},Commune,2026-03-24 14:42:07.735343+01,gold_establishments_2025,,,,21710188000011,2025,Collectivité Territoriale,Commune,['Saône-et-Loire'],['Bourgogne-Franche-Comté'],COM,{71},{27}
9807b809-6eb4-46a0-9b06-25b91162d5ed,217101898,Commune de Épervans (71),false,{71189},Commune,2026-03-24 14:42:07.735343+01,gold_establishments_2025,,,,21710189800013,2025,Collectivité Territoriale,Commune,['Saône-et-Loire'],['Bourgogne-Franche-Comté'],COM,{71},{27}
f5393097-84da-4395-9b14-020f1522c911,212502207,Commune de Épeugney (25),false,{25220},Commune,2026-03-24 14:41:56.495197+01,gold_establishments_2025,,,,21250220700013,2025,Collectivité Territoriale,Commune,['Doubs'],['Bourgogne-Franche-Comté'],COM,{25},{27}
cdc75715-c21f-46a0-90e9-0d9c15e3df32,214100778,Commune de Épiais (41),false,{41077},Commune,2026-03-24 14:42:00.273698+01,gold_establishments_2025,,,,21410077800015,2025,Collectivité Territoriale,Commune,['Loir-et-Cher'],['Centre-Val de Loire'],COM,{41},{24}
41561831-2025-44fe-8267-5b211c815dab,219502135,Commune de Épiais-Rhus (95),false,{95213},Commune,2026-03-24 14:42:11.659493+01,gold_establishments_2025,,,,21950213500011,2025,Collectivité Territoriale,Commune,"[""Val-d'Oise""]",['Île-de-France'],COM,{95},{11}
45134a9c-c5a3-4318-81d2-3ecf52f5ac8c,219502127,Commune de Épiais-lès-Louvres (95),false,{95212},Commune,2026-03-24 14:42:11.659493+01,gold_establishments_2025,,,,21950212700018,2025,Collectivité Territoriale,Commune,"[""Val-d'Oise""]",['Île-de-France'],COM,{95},{11}
c09cec83-270d-4fd6-9479-46a04ed11530,210202644,Commune de Épieds (02),false,{02280},Commune,2026-03-24 14:41:52.020251+01,gold_establishments_2025,,,,21020264400014,2025,Collectivité Territoriale,Commune,['Aisne'],['Hauts-de-France'],COM,{02},{32}
674f4a62-c2ac-493d-8b66-058d55895146,212702203,Commune de Épieds (27),false,{27220},Commune,2026-03-24 14:41:57.028721+01,gold_establishments_2025,,,,21270220300010,2025,Collectivité Territoriale,Commune,['Eure'],['Normandie'],COM,{27},{28}
e94e1683-345c-4c3b-af2b-5dc7a33ee852,214901316,Commune de Épieds (49),false,{49131},Commune,2026-03-24 14:42:01.412377+01,gold_establishments_2025,,,,21490131600015,2025,Collectivité Territoriale,Commune,['Maine-et-Loire'],['Pays de la Loire'],COM,{49},{52}
b90937f7-c08e-4319-9ba7-39d4a1c80e1d,214501348,Commune de Épieds-en-Beauce (45),false,{45134},Commune,2026-03-24 14:42:00.862623+01,gold_establishments_2025,,,,21450134800061,2025,Collectivité Territoriale,Commune,['Loiret'],['Centre-Val de Loire'],COM,{45},{24}
ce0d970f-3626-44d3-bc0a-0a3d2ba1e87d,217301092,Commune de Épierre (73),false,{73109},Commune,2026-03-24 14:42:08.279287+01,gold_establishments_2025,,,,21730109200011,2025,Collectivité Territoriale,Commune,['Savoie'],['Auvergne-Rhône-Alpes'],COM,{73},{84}
47c1de48-3931-45ec-afd3-53343d08b932,215401787,Commune de Épiez-sur-Chiers (54),false,{54178},Commune,2026-03-24 14:42:02.957225+01,gold_establishments_2025,,,,21540178700019,2025,Collectivité Territoriale,Commune,['Meurthe-et-Moselle'],['Grand Est'],COM,{54},{44}
286dee0a-71f9-4dbd-8a45-87bd34910c01,215501735,Commune de Épiez-sur-Meuse (55),false,{55173},Commune,2026-03-24 14:42:02.957225+01,gold_establishments_2025,,,,21550173500017,2025,Collectivité Territoriale,Commune,['Meuse'],['Grand Est'],COM,{55},{44}
0ee96e29-48ce-492d-93a1-ff33659afb05,217101906,Commune de Épinac (71),false,{71190},Commune,2026-03-24 14:42:07.735343+01,gold_establishments_2025,,,,21710190600014,2025,Collectivité Territoriale,Commune,['Saône-et-Loire'],['Bourgogne-Franche-Comté'],COM,{71},{27}
dcfb14b3-af8a-49fd-b9a3-611fe7b899be,218801603,Commune de Épinal (88),false,{88160},Commune,2026-03-24 14:42:11.118516+01,gold_establishments_2025,,,,21880160300018,2025,Collectivité Territoriale,Commune,['Vosges'],['Grand Est'],COM,{88},{44}
7bc05f86-0a81-430b-ab15-58e6dd06219d,219502143,Commune de Épinay-Champlâtreux (95),false,{95214},Commune,2026-03-24 14:42:11.659493+01,gold_establishments_2025,,,,21950214300015,2025,Collectivité Territoriale,Commune,"[""Val-d'Oise""]",['Île-de-France'],COM,{95},{11}
07f8c509-64eb-49d0-9a6e-4856c5d853c0,219102159,Commune de Épinay-sous-Sénart (91),false,{91215},Commune,2026-03-24 14:42:11.659493+01,gold_establishments_2025,,,,21910215900015,2025,Collectivité Territoriale,Commune,['Essonne'],['Île-de-France'],COM,{91},{11}
eb771bd0-b289-406b-b0cb-5ccb339cace5,217602374,Commune de Épinay-sur-Duclair (76),false,{76237},Commune,2026-03-24 14:42:08.818969+01,gold_establishments_2025,,,,21760237400019,2025,Collectivité Territoriale,Commune,['Seine-Maritime'],['Normandie'],COM,{76},{28}
f82a5c9a-ab99-4ae5-a687-b1bbf070f93e,211402417,Commune de Épinay-sur-Odon (14),false,{14241},Commune,2026-03-24 14:41:54.362296+01,gold_establishments_2025,,,,21140241700011,2025,Collectivité Territoriale,Commune,['Calvados'],['Normandie'],COM,{14},{28}
8287f147-7fb0-4489-9bb8-ae24e3933b55,219102167,Commune de Épinay-sur-Orge (91),false,{91216},Commune,2026-03-24 14:42:11.659493+01,gold_establishments_2025,,,,21910216700018,2025,Collectivité Territoriale,Commune,['Essonne'],['Île-de-France'],COM,{91},{11}
b206294d-0723-4509-9be3-757c42babe21,219300316,Commune de Épinay-sur-Seine (93),false,{93031},Commune,2026-03-24 14:42:11.659493+01,gold_establishments_2025,,,,21930031600011,2025,Collectivité Territoriale,Commune,['Seine-Saint-Denis'],['Île-de-France'],COM,{93},{11}
2bc9ea31-7081-4764-9863-55d749711684,218901528,Commune de Épineau-les-Voves (89),false,{89152},Commune,2026-03-24 14:42:11.118516+01,gold_establishments_2025,,,,21890152800016,2025,Collectivité Territoriale,Commune,['Yonne'],['Bourgogne-Franche-Comté'],COM,{89},{27}
0822e8f1-d16e-436b-a57c-8daaf7bb061e,217201268,Commune de Épineu-le-Chevreuil (72),false,{72126},Commune,2026-03-24 14:42:08.279287+01,gold_establishments_2025,,,,21720126800018,2025,Collectivité Territoriale,Commune,['Sarthe'],['Pays de la Loire'],COM,{72},{52}
55dabcf3-4583-42a2-b67b-548b19c92675,218901536,Commune de Épineuil (89),false,{89153},Commune,2026-03-24 14:42:11.118516+01,gold_establishments_2025,,,,21890153600019,2025,Collectivité Territoriale,Commune,['Yonne'],['Bourgogne-Franche-Comté'],COM,{89},{27}
19d45937-d58c-43f3-be09-a5a9d8771d05,211800891,Commune de Épineuil-le-Fleuriel (18),false,{18089},Commune,2026-03-24 14:41:54.903238+01,gold_establishments_2025,,,,21180089100015,2025,Collectivité Territoriale,Commune,['Cher'],['Centre-Val de Loire'],COM,{18},{24}
bf437570-eb15-4199-955a-5ef47bdf3f22,216002089,Commune de Épineuse (60),false,{60210},Commune,2026-03-24 14:42:04.814328+01,gold_establishments_2025,,,,21600208900011,2025,Collectivité Territoriale,Commune,['Oise'],['Hauts-de-France'],COM,{60},{32}
59221f4e-8456-4f20-ab1e-fe8f63493443,215501743,Commune de Épinonville (55),false,{55174},Commune,2026-03-24 14:42:02.957225+01,gold_establishments_2025,,,,21550174300011,2025,Collectivité Territoriale,Commune,['Meuse'],['Grand Est'],COM,{55},{44}
7006bbfd-2ec8-4717-beaa-79f0a11d96f4,212601181,Commune de Épinouze (26),false,{26118},Commune,2026-03-24 14:41:56.495197+01,gold_establishments_2025,,,,21260118100010,2025,Collectivité Territoriale,Commune,['Drôme'],['Auvergne-Rhône-Alpes'],COM,{26},{84}
e2c2d80d-5648-4560-a9fb-1078bffec5bc,216202986,Commune de Épinoy (62),false,{62298},Commune,2026-03-24 14:42:05.597325+01,gold_establishments_2025,,,,21620298600016,2025,Collectivité Territoriale,Commune,['Pas-de-Calais'],['Hauts-de-France'],COM,{62},{32}
3d95f377-3a4e-4846-9fb9-bb52cd9c15ef,200037646,Commune de Épizon (52),false,{52187},Commune,2026-03-24 14:42:01.954481+01,gold_establishments_2025,,,,20003764600011,2025,Collectivité Territoriale,Commune,['Haute-Marne'],['Grand Est'],COM,{52},{44}
d94dc030-2bdb-4547-b0e9-15c4cfabc402,218002624,Commune de Éplessier (80),false,{80273},Commune,2026-03-24 14:42:09.967209+01,gold_establishments_2025,,,,21800262400011,2025,Collectivité Territoriale,Commune,['Somme'],['Hauts-de-France'],COM,{80},{32}
49a59f3d-0a53-4b0c-b931-d54d0488925d,215401795,Commune de Éply (54),false,{54179},Commune,2026-03-24 14:42:02.957225+01,gold_establishments_2025,,,,21540179500012,2025,Collectivité Territoriale,Commune,['Meurthe-et-Moselle'],['Grand Est'],COM,{54},{44}
cb0e6b94-67f0-4414-a4d9-5fe2e7f927ca,212102479,Commune de Époisses (21),false,{21247},Commune,2026-03-24 14:41:55.433389+01,gold_establishments_2025,,,,21210247900012,2025,Collectivité Territoriale,Commune,"[""Côte-d'Or""]",['Bourgogne-Franche-Comté'],COM,{21},{27}
d3368b8a-5699-448d-a0fd-b9b4c8f8d9f1,211001334,Commune de Épothémont (10),false,{10139},Commune,2026-03-24 14:41:53.095366+01,gold_establishments_2025,,,,21100133400013,2025,Collectivité Territoriale,Commune,['Aube'],['Grand Est'],COM,{10},{44}
8066299f-a03c-4bca-bdb7-516854fa018f,217602382,Commune de Épouville (76),false,{76238},Commune,2026-03-24 14:42:08.818969+01,gold_establishments_2025,,,,21760238200012,2025,Collectivité Territoriale,Commune,['Seine-Maritime'],['Normandie'],COM,{76},{28}
ed660ebf-f92f-47e4-b46d-bc394b984346,215102146,Commune de Époye (51),false,{51232},Commune,2026-03-24 14:42:01.954481+01,gold_establishments_2025,,,,21510214600010,2025,Collectivité Territoriale,Commune,['Marne'],['Grand Est'],COM,{51},{44}
0b66c57f-c656-4cd0-a914-f15d4403bf7a,217602390,Commune de Épretot (76),false,{76239},Commune,2026-03-24 14:42:08.818969+01,gold_establishments_2025,,,,21760239000015,2025,Collectivité Territoriale,Commune,['Seine-Maritime'],['Normandie'],COM,{76},{28}
b0307325-5466-4eab-9348-ce22d5b0ce4d,217602408,Commune de Épreville (76),false,{76240},Commune,2026-03-24 14:42:08.818969+01,gold_establishments_2025,,,,21760240800015,2025,Collectivité Territoriale,Commune,['Seine-Maritime'],['Normandie'],COM,{76},{28}
6c175e05-a38b-4267-bc2c-56ed7b6eb824,212702229,Commune de Épreville-en-Lieuvin (27),false,{27222},Commune,2026-03-24 14:41:57.028721+01,gold_establishments_2025,,,,21270222900015,2025,Collectivité Territoriale,Commune,['Eure'],['Normandie'],COM,{27},{28}
b9b08e78-0146-4c91-ac16-308d26653bf5,212702245,Commune de Épreville-près-le-Neubourg (27),false,{27224},Commune,2026-03-24 14:41:57.028721+01,gold_establishments_2025,,,,21270224500011,2025,Collectivité Territoriale,Commune,['Eure'],['Normandie'],COM,{27},{28}
0632f9a9-fd60-48f6-ac7c-baca1f08c2a0,211402425,Commune de Épron (14),false,{14242},Commune,2026-03-24 14:41:54.362296+01,gold_establishments_2025,,,,21140242500014,2025,Collectivité Territoriale,Commune,['Calvados'],['Normandie'],COM,{14},{28}
fa1f0bd6-12af-4cba-9646-9edcc25b21d1,214100786,Commune de Épuisay (41),false,{41078},Commune,2026-03-24 14:42:00.273698+01,gold_establishments_2025,,,,21410078600018,2025,Collectivité Territoriale,Commune,['Loir-et-Cher'],['Centre-Val de Loire'],COM,{41},{24}
4ce019c8-c8cf-4746-96bf-e57b0fa997a7,218002590,Commune de Épécamps (80),false,{80270},Commune,2026-03-24 14:42:09.967209+01,gold_establishments_2025,,,,21800259000014,2025,Collectivité Territoriale,Commune,['Somme'],['Hauts-de-France'],COM,{80},{32}
0bb3f7d9-65cd-4578-97ce-71bbaebf92a9,212702195,Commune de Épégard (27),false,{27219},Commune,2026-03-24 14:41:57.028721+01,gold_establishments_2025,,,,21270219500018,2025,Collectivité Territoriale,Commune,['Eure'],['Normandie'],COM,{27},{28}
fdd7c554-fdef-4c04-81bf-872e8bf81341,218002616,Commune de Épénancourt (80),false,{80272},Commune,2026-03-24 14:42:09.967209+01,gold_establishments_2025,,,,21800261600017,2025,Collectivité Territoriale,Commune,['Somme'],['Hauts-de-France'],COM,{80},{32}
9bad42d3-1ddc-4bf9-96c6-b8c646fe3efe,217802172,Commune de Épône (78),false,{78217},Commune,2026-03-24 14:42:09.43682+01,gold_establishments_2025,,,,21780217200015,2025,Collectivité Territoriale,Commune,['Yvelines'],['Île-de-France'],COM,{78},{11}
cae4eb15-98b5-408f-b07e-5a73e8ce423f,218002640,Commune de Équancourt (80),false,{80275},Commune,2026-03-24 14:42:09.967209+01,gold_establishments_2025,,,,21800264000017,2025,Collectivité Territoriale,Commune,['Somme'],['Hauts-de-France'],COM,{80},{32}
23382df5-ce59-42d3-83b3-b4730ea902a0,211402433,Commune de Équemauville (14),false,{14243},Commune,2026-03-24 14:41:54.362296+01,gold_establishments_2025,,,,21140243300018,2025,Collectivité Territoriale,Commune,['Calvados'],['Normandie'],COM,{14},{28}
96a2d5cb-8a12-4b68-a92b-17d8c3c2cdb2,218002657,Commune de Équennes-Éramecourt (80),false,{80276},Commune,2026-03-24 14:42:09.967209+01,gold_establishments_2025,,,,21800265700045,2025,Collectivité Territoriale,Commune,['Somme'],['Hauts-de-France'],COM,{80},{32}
5e74bb2c-5064-426b-8c2e-0c08ec738afb,217002146,Commune de Équevilley (70),false,{70214},Commune,2026-03-24 14:42:07.735343+01,gold_establishments_2025,,,,21700214600017,2025,Collectivité Territoriale,Commune,['Haute-Saône'],['Bourgogne-Franche-Comté'],COM,{70},{27}
94727031-2992-4626-a0fa-045f83a57e60,213902109,Commune de Équevillon (39),false,{39210},Commune,2026-03-24 14:41:59.705606+01,gold_establishments_2025,,,,21390210900015,2025,Collectivité Territoriale,Commune,['Jura'],['Bourgogne-Franche-Comté'],COM,{39},{27}
0815a249-df78-4593-aa2e-c58b9f518e64,216203000,Commune de Équihen-Plage (62),false,{62300},Commune,2026-03-24 14:42:05.597325+01,gold_establishments_2025,,,,21620300000015,2025,Collectivité Territoriale,Commune,['Pas-de-Calais'],['Hauts-de-France'],COM,{62},{32}
8a7bf4f1-cfa2-4699-8bf3-0466074958a4,215001744,Commune de Équilly (50),false,{50174},Commune,2026-03-24 14:42:01.412377+01,gold_establishments_2025,,,,21500174400014,2025,Collectivité Territoriale,Commune,['Manche'],['Normandie'],COM,{50},{28}
01bef44d-c764-47db-b67e-ec7130d9238b,216203018,Commune de Équirre (62),false,{62301},Commune,2026-03-24 14:42:05.597325+01,gold_establishments_2025,,,,21620301800017,2025,Collectivité Territoriale,Commune,['Pas-de-Calais'],['Hauts-de-France'],COM,{62},{32}
dacfe233-9c8b-462b-8b17-5ab97e51da25,219502184,Commune de Éragny (95),false,{95218},Commune,2026-03-24 14:42:11.659493+01,gold_establishments_2025,,,,21950218400019,2025,Collectivité Territoriale,Commune,"[""Val-d'Oise""]",['Île-de-France'],COM,{95},{11}
0470b723-492e-4bf6-b4ee-c93ca549ddde,216002097,Commune de Éragny-sur-Epte (60),false,{60211},Commune,2026-03-24 14:42:04.814328+01,gold_establishments_2025,,,,21600209700014,2025,Collectivité Territoriale,Commune,['Oise'],['Hauts-de-France'],COM,{60},{32}
3c5de62c-3cc5-4e9c-8de3-70f65a166e7c,216203034,Commune de Érin (62),false,{62303},Commune,2026-03-24 14:42:05.597325+01,gold_establishments_2025,,,,21620303400014,2025,Collectivité Territoriale,Commune,['Pas-de-Calais'],['Hauts-de-France'],COM,{62},{32}
06801dc8-07e7-426a-93df-49cecbc465e3,212102487,Commune de Éringes (21),false,{21248},Commune,2026-03-24 14:41:55.433389+01,gold_establishments_2025,,,,21210248700015,2025,Collectivité Territoriale,Commune,"[""Côte-d'Or""]",['Bourgogne-Franche-Comté'],COM,{21},{27}
a09a7345-1803-48f0-95de-a5ec72389fe0,215501784,Commune de Érize-Saint-Dizier (55),false,{55178},Commune,2026-03-24 14:42:02.957225+01,gold_establishments_2025,,,,21550178400015,2025,Collectivité Territoriale,Commune,['Meuse'],['Grand Est'],COM,{55},{44}
39c46330-e878-4fb9-a8bb-741ba6309055,215501750,Commune de Érize-la-Brûlée (55),false,{55175},Commune,2026-03-24 14:42:02.957225+01,gold_establishments_2025,,,,21550175000016,2025,Collectivité Territoriale,Commune,['Meuse'],['Grand Est'],COM,{55},{44}
b0d3a7ed-7e4c-4303-bf1e-86ad5de1d783,215501776,Commune de Érize-la-Petite (55),false,{55177},Commune,2026-03-24 14:42:02.957225+01,gold_establishments_2025,,,,21550177600011,2025,Collectivité Territoriale,Commune,['Meuse'],['Grand Est'],COM,{55},{44}
02983b33-6843-414a-8f12-e0b314a189b3,218002707,Commune de Érondelle (80),false,{80282},Commune,2026-03-24 14:42:09.967209+01,gold_establishments_2025,,,,21800270700014,2025,Collectivité Territoriale,Commune,['Somme'],['Hauts-de-France'],COM,{80},{32}
8999cd36-0310-4a41-91a8-2c9f8b2d8149,212001069,Commune de Érone (2B),false,{2B106},Commune,2026-03-24 14:41:57.56054+01,gold_establishments_2025,,,,21200106900013,2025,Collectivité Territoriale,Commune,['Haute-Corse'],['Corse'],COM,{2B},{94}
77aedeb5-f6f2-4735-b2b6-e886b2e9421b,215001751,Commune de Éroudeville (50),false,{50175},Commune,2026-03-24 14:42:01.412377+01,gold_establishments_2025,,,,21500175100019,2025,Collectivité Territoriale,Commune,['Manche'],['Normandie'],COM,{50},{28}
a2f94419-1381-4ecc-a70e-38d0bb35e45d,212200539,Commune de Éréac (22),false,{22053},Commune,2026-03-24 14:41:55.433389+01,gold_establishments_2025,,,,21220053900014,2025,Collectivité Territoriale,Commune,"[""Côtes-d'Armor""]",['Bretagne'],COM,{22},{53}
37336f41-c6d0-4df6-a9ad-ca20d6c03799,212601199,Commune de Érôme (26),false,{26119},Commune,2026-03-24 14:41:56.495197+01,gold_establishments_2025,,,,21260119900012,2025,Collectivité Territoriale,Commune,['Drôme'],['Auvergne-Rhône-Alpes'],COM,{26},{84}
efb14656-d1fb-4227-95cf-d897ed12301a,210700860,Commune de Étables (07),false,{07086},Commune,2026-03-24 14:41:52.562531+01,gold_establishments_2025,,,,21070086000013,2025,Collectivité Territoriale,Commune,['Ardèche'],['Auvergne-Rhône-Alpes'],COM,{07},{84}
a9808562-b40b-4a56-bc37-ea6ae3df4b4a,211601323,Commune de Étagnac (16),false,{16132},Commune,2026-03-24 14:41:54.362296+01,gold_establishments_2025,,,,21160132300010,2025,Collectivité Territoriale,Commune,['Charente'],['Nouvelle-Aquitaine'],COM,{16},{75}
d49462ca-e39c-4ab8-bfee-7db2fab3a6ca,217602499,Commune de Étaimpuis (76),false,{76249},Commune,2026-03-24 14:42:08.818969+01,gold_establishments_2025,,,,21760249900014,2025,Collectivité Territoriale,Commune,['Seine-Maritime'],['Normandie'],COM,{76},{28}
6ef168d5-1518-4cd0-a659-b0e3d7fbaae7,215501818,Commune de Étain (55),false,{55181},Commune,2026-03-24 14:42:02.957225+01,gold_establishments_2025,,,,21550181800011,2025,Collectivité Territoriale,Commune,['Meuse'],['Grand Est'],COM,{55},{44}
e570dedc-cd4f-40c0-821e-8d058c165ec1,216203174,Commune de Étaing (62),false,{62317},Commune,2026-03-24 14:42:05.597325+01,gold_establishments_2025,,,,21620317400018,2025,Collectivité Territoriale,Commune,['Pas-de-Calais'],['Hauts-de-France'],COM,{62},{32}
4de6d102-f2ba-4c4a-8f62-d224475f9ed1,217602507,Commune de Étainhus (76),false,{76250},Commune,2026-03-24 14:42:08.818969+01,gold_establishments_2025,,,,21760250700014,2025,Collectivité Territoriale,Commune,['Seine-Maritime'],['Normandie'],COM,{76},{28}
19139068-5e38-4d14-a68f-17a67efa5127,212102529,Commune de Étais (21),false,{21252},Commune,2026-03-24 14:41:55.433389+01,gold_establishments_2025,,,,21210252900014,2025,Collectivité Territoriale,Commune,"[""Côte-d'Or""]",['Bourgogne-Franche-Comté'],COM,{21},{27}
54a887ab-bdc0-4471-88a0-fe71a95bb794,218901585,Commune de Étais-la-Sauvin (89),false,{89158},Commune,2026-03-24 14:42:11.118516+01,gold_establishments_2025,,,,21890158500016,2025,Collectivité Territoriale,Commune,['Yonne'],['Bourgogne-Franche-Comté'],COM,{89},{27}
1655b413-3d02-47e1-afc1-60730ea8eb66,200066629,Commune de Étalans (25),false,{25222},Commune,2026-03-24 14:41:56.495197+01,gold_establishments_2025,,,,20006662900011,2025,Collectivité Territoriale,Commune,['Doubs'],['Bourgogne-Franche-Comté'],COM,{25},{27}
32e36afe-5efe-4fd6-80c1-deb295cf4bab,212102537,Commune de Étalante (21),false,{21253},Commune,2026-03-24 14:41:55.433389+01,gold_establishments_2025,,,,21210253700017,2025,Collectivité Territoriale,Commune,"[""Côte-d'Or""]",['Bourgogne-Franche-Comté'],COM,{21},{27}
d77a3820-f999-4ca7-89d7-fe1f2d148de5,210801411,Commune de Étalle (08),false,{08155},Commune,2026-03-24 14:41:52.562531+01,gold_establishments_2025,,,,21080141100013,2025,Collectivité Territoriale,Commune,['Ardennes'],['Grand Est'],COM,{08},{44}
4c59b07d-4968-46a1-860c-1e8af73cd608,217602515,Commune de Étalleville (76),false,{76251},Commune,2026-03-24 14:42:08.818969+01,gold_establishments_2025,,,,21760251500017,2025,Collectivité Territoriale,Commune,['Seine-Maritime'],['Normandie'],COM,{76},{28}
1cd6ea2a-3348-4b3a-9d38-eedd45773bec,218002798,Commune de Étalon (80),false,{80292},Commune,2026-03-24 14:42:09.967209+01,gold_establishments_2025,,,,21800279800013,2025,Collectivité Territoriale,Commune,['Somme'],['Hauts-de-France'],COM,{80},{32}
05bb3f16-0a99-47b3-921f-a1e4ce0adfd2,217602523,Commune de Étalondes (76),false,{76252},Commune,2026-03-24 14:42:08.818969+01,gold_establishments_2025,,,,21760252300011,2025,Collectivité Territoriale,Commune,['Seine-Maritime'],['Normandie'],COM,{76},{28}
bacb9833-afc9-43f7-bd1a-7617e564197f,219102233,Commune de Étampes (91),false,{91223},Commune,2026-03-24 14:42:11.659493+01,gold_establishments_2025,,,,21910223300018,2025,Collectivité Territoriale,Commune,['Essonne'],['Île-de-France'],COM,{91},{11}
6f3f3482-04d3-4023-8167-c58c02336f5c,210202750,Commune de Étampes-sur-Marne (02),false,{02292},Commune,2026-03-24 14:41:52.020251+01,gold_establishments_2025,,,,21020275000019,2025,Collectivité Territoriale,Commune,['Aisne'],['Hauts-de-France'],COM,{02},{32}
1d799990-233b-43f2-89db-31b45b0eb87d,217101922,Commune de Étang-sur-Arroux (71),false,{71192},Commune,2026-03-24 14:42:07.735343+01,gold_establishments_2025,,,,21710192200011,2025,Collectivité Territoriale,Commune,['Saône-et-Loire'],['Bourgogne-Franche-Comté'],COM,{71},{27}
0f4a1e65-de4e-49f6-8853-19951c11e4e0,216203182,Commune de Étaples (62),false,{62318},Commune,2026-03-24 14:42:05.597325+01,gold_establishments_2025,,,,21620318200011,2025,Collectivité Territoriale,Commune,['Pas-de-Calais'],['Hauts-de-France'],COM,{62},{32}
6d028228-c684-46b2-8628-d3fccee6af63,218901593,Commune de Étaule (89),false,{89159},Commune,2026-03-24 14:42:11.118516+01,gold_establishments_2025,,,,21890159300010,2025,Collectivité Territoriale,Commune,['Yonne'],['Bourgogne-Franche-Comté'],COM,{89},{27}
2205d126-52a0-4402-a787-1013f15103e5,211701552,Commune de Étaules (17),false,{17155},Commune,2026-03-24 14:41:54.903238+01,gold_establishments_2025,,,,21170155200013,2025,Collectivité Territoriale,Commune,['Charente-Maritime'],['Nouvelle-Aquitaine'],COM,{17},{75}
82b09c2a-91a0-4535-82d3-d9909215639a,212102552,Commune de Étaules (21),false,{21255},Commune,2026-03-24 14:41:55.433389+01,gold_establishments_2025,,,,21210255200016,2025,Collectivité Territoriale,Commune,"[""Côte-d'Or""]",['Bourgogne-Franche-Comté'],COM,{21},{27}
c2443f7a-5239-4fdb-a779-4d86919d7b54,213301591,Commune de Étauliers (33),false,{33159},Commune,2026-03-24 14:41:58.620411+01,gold_establishments_2025,,,,21330159100011,2025,Collectivité Territoriale,Commune,['Gironde'],['Nouvelle-Aquitaine'],COM,{33},{75}
afe8b939-211f-4fab-92d8-d44ac194d0c4,210202768,Commune de Étaves-et-Bocquiaux (02),false,{02293},Commune,2026-03-24 14:41:52.020251+01,gold_establishments_2025,,,,21020276800011,2025,Collectivité Territoriale,Commune,['Aisne'],['Hauts-de-France'],COM,{02},{32}
f7cfb8f6-a9ad-41d4-940d-e6d71d1aca9f,216002220,Commune de Étavigny (60),false,{60224},Commune,2026-03-24 14:42:04.814328+01,gold_establishments_2025,,,,21600222000012,2025,Collectivité Territoriale,Commune,['Oise'],['Hauts-de-France'],COM,{60},{32}
e6c9af54-1040-4197-b791-8dc728860c9b,210801429,Commune de Éteignières (08),false,{08156},Commune,2026-03-24 14:41:52.562531+01,gold_establishments_2025,,,,21080142900015,2025,Collectivité Territoriale,Commune,['Ardennes'],['Grand Est'],COM,{08},{44}
f15064c3-1515-4f51-88e7-0db2ebf7bf5d,215600552,Commune de Étel (56),false,{56055},Commune,2026-03-24 14:42:03.701372+01,gold_establishments_2025,,,,21560055200016,2025,Collectivité Territoriale,Commune,['Morbihan'],['Bretagne'],COM,{56},{53}
e2b1a10e-ac78-4537-81ee-8eaf9b95e3f4,218002806,Commune de Ételfay (80),false,{80293},Commune,2026-03-24 14:42:09.967209+01,gold_establishments_2025,,,,21800280600014,2025,Collectivité Territoriale,Commune,['Somme'],['Hauts-de-France'],COM,{80},{32}
a2d0a9fe-4f18-4ac8-b2be-b76afdaeb044,217401173,Commune de Étercy (74),false,{74117},Commune,2026-03-24 14:42:08.279287+01,gold_establishments_2025,,,,21740117300018,2025,Collectivité Territoriale,Commune,['Haute-Savoie'],['Auvergne-Rhône-Alpes'],COM,{74},{84}
c07d353e-c956-4ab1-8743-8604b7fbcae8,212502231,Commune de Éternoz-Vallée-du-Lison (25),false,{25223},Commune,2026-03-24 14:41:56.495197+01,gold_establishments_2025,,,,21250223100013,2025,Collectivité Territoriale,Commune,['Doubs'],['Bourgogne-Franche-Comté'],COM,{25},{27}
58693473-9cdf-4d3d-9779-15239417e829,216203190,Commune de Éterpigny (62),false,{62319},Commune,2026-03-24 14:42:05.597325+01,gold_establishments_2025,,,,21620319000014,2025,Collectivité Territoriale,Commune,['Pas-de-Calais'],['Hauts-de-France'],COM,{62},{32}
47528f2a-bfa2-445e-a5a2-e9c5de78ebe3,218002814,Commune de Éterpigny (80),false,{80294},Commune,2026-03-24 14:42:09.967209+01,gold_establishments_2025,,,,21800281400018,2025,Collectivité Territoriale,Commune,['Somme'],['Hauts-de-France'],COM,{80},{32}
1ecda0ae-4a5a-4a3b-ae02-5c0d01ee446e,211402540,Commune de Éterville (14),false,{14254},Commune,2026-03-24 14:41:54.362296+01,gold_establishments_2025,,,,21140254000010,2025,Collectivité Territoriale,Commune,['Calvados'],['Normandie'],COM,{14},{28}
a2e4ba69-f32f-4900-8c08-e3ab23a78519,212102560,Commune de Étevaux (21),false,{21256},Commune,2026-03-24 14:41:55.433389+01,gold_establishments_2025,,,,21210256000019,2025,Collectivité Territoriale,Commune,"[""Côte-d'Or""]",['Bourgogne-Franche-Comté'],COM,{21},{27}
d7a7335f-21b3-4562-980e-5684a5b23377,215001777,Commune de Étienville (50),false,{50177},Commune,2026-03-24 14:42:01.412377+01,gold_establishments_2025,,,,21500177700014,2025,Collectivité Territoriale,Commune,['Manche'],['Normandie'],COM,{50},{28}
b0c58a55-cee7-49a6-9b87-24b5cabd4ff5,218901601,Commune de Étigny (89),false,{89160},Commune,2026-03-24 14:42:11.118516+01,gold_establishments_2025,,,,21890160100011,2025,Collectivité Territoriale,Commune,['Yonne'],['Bourgogne-Franche-Comté'],COM,{89},{27}
73a1c06b-184b-4722-a9ed-29115ea218f5,200064830,Commune de Étinehem-Méricourt (80),false,{80295},Commune,2026-03-24 14:42:09.967209+01,gold_establishments_2025,,,,20006483000017,2025,Collectivité Territoriale,Commune,['Somme'],['Hauts-de-France'],COM,{80},{32}
a370ea77-c3c1-44ff-94d1-d4e4916f3475,219102258,Commune de Étiolles (91),false,{91225},Commune,2026-03-24 14:42:11.659493+01,gold_establishments_2025,,,,21910225800015,2025,Collectivité Territoriale,Commune,['Essonne'],['Île-de-France'],COM,{91},{11}
97c48345-dcbd-49fd-ad42-149bf890a09a,213902166,Commune de Étival (39),false,{39216},Commune,2026-03-24 14:41:59.705606+01,gold_establishments_2025,,,,21390216600015,2025,Collectivité Territoriale,Commune,['Jura'],['Bourgogne-Franche-Comté'],COM,{39},{27}
2960c116-dbe8-4543-87dd-c9249d61fc49,218801652,Commune de Étival-Clairefontaine (88),false,{88165},Commune,2026-03-24 14:42:11.118516+01,gold_establishments_2025,,,,21880165200015,2025,Collectivité Territoriale,Commune,['Vosges'],['Grand Est'],COM,{88},{44}
aca26347-7fc2-4112-96a0-7265216528e3,217201276,Commune de Étival-lès-le-Mans (72),false,{72127},Commune,2026-03-24 14:42:08.279287+01,gold_establishments_2025,,,,21720127600011,2025,Collectivité Territoriale,Commune,['Sarthe'],['Pays de la Loire'],COM,{72},{52}
fcff87b7-0ccc-4b58-8fc0-2482b43d98cd,218901619,Commune de Étivey (89),false,{89161},Commune,2026-03-24 14:42:11.118516+01,gold_establishments_2025,,,,21890161900013,2025,Collectivité Territoriale,Commune,['Yonne'],['Bourgogne-Franche-Comté'],COM,{89},{27}
ce581bbe-d799-4e2e-aa80-005313fe3194,217002211,Commune de Étobon (70),false,{70221},Commune,2026-03-24 14:42:07.735343+01,gold_establishments_2025,,,,21700221100019,2025,Collectivité Territoriale,Commune,['Haute-Saône'],['Bourgogne-Franche-Comté'],COM,{70},{27}
b71e9709-b64c-4798-b686-000b87619141,215102203,Commune de Étoges (51),false,{51238},Commune,2026-03-24 14:42:01.954481+01,gold_establishments_2025,,,,21510220300019,2025,Collectivité Territoriale,Commune,['Marne'],['Grand Est'],COM,{51},{44}
c96a409f-e5a4-441a-912e-f5c1b0dacb39,210500518,Commune de Étoile-Saint-Cyrice (05),false,{05051},Commune,2026-03-24 14:41:52.562531+01,gold_establishments_2025,,,,21050051800019,2025,Collectivité Territoriale,Commune,['Hautes-Alpes'],"[""Provence-Alpes-Côte d'Azur""]",COM,{05},{93}
13457db1-5c0a-4541-a896-23cffa13fed4,212601249,Commune de Étoile-sur-Rhône (26),false,{26124},Commune,2026-03-24 14:41:56.495197+01,gold_establishments_2025,,,,21260124900015,2025,Collectivité Territoriale,Commune,['Drôme'],['Auvergne-Rhône-Alpes'],COM,{26},{84}
e01a5fad-d182-46e9-ae57-dadcbf28dce8,215501826,Commune de Éton (55),false,{55182},Commune,2026-03-24 14:42:02.957225+01,gold_establishments_2025,,,,21550182600014,2025,Collectivité Territoriale,Commune,['Meuse'],['Grand Est'],COM,{55},{44}
7862f695-6162-4b64-9ddf-92ecfc51c761,212102578,Commune de Étormay (21),false,{21257},Commune,2026-03-24 14:41:55.433389+01,gold_establishments_2025,,,,21210257800011,2025,Collectivité Territoriale,Commune,"[""Côte-d'Or""]",['Bourgogne-Franche-Comté'],COM,{21},{27}
a17db18d-c28f-4619-9949-19c608ca0a9d,212401632,Commune de Étouars (24),false,{24163},Commune,2026-03-24 14:41:55.958138+01,gold_establishments_2025,,,,21240163200014,2025,Collectivité Territoriale,Commune,['Dordogne'],['Nouvelle-Aquitaine'],COM,{24},{75}
ec8b8b15-e2a5-43be-ac76-3f13ab80ca60,211001375,Commune de Étourvy (10),false,{10143},Commune,2026-03-24 14:41:53.095366+01,gold_establishments_2025,,,,21100137500016,2025,Collectivité Territoriale,Commune,['Aube'],['Grand Est'],COM,{10},{44}
c265ea3d-3c4d-4547-b515-8d201ef9f493,217602531,Commune de Étoutteville (76),false,{76253},Commune,2026-03-24 14:42:08.818969+01,gold_establishments_2025,,,,21760253100014,2025,Collectivité Territoriale,Commune,['Seine-Maritime'],['Normandie'],COM,{76},{28}
17e55aa5-8228-4f15-93eb-566ccb04ea2c,212502249,Commune de Étouvans (25),false,{25224},Commune,2026-03-24 14:41:56.495197+01,gold_establishments_2025,,,,21250224900056,2025,Collectivité Territoriale,Commune,['Doubs'],['Bourgogne-Franche-Comté'],COM,{25},{27}
e5fb0650-ce41-4e2d-95c8-9f65ede206f1,210202776,Commune de Étouvelles (02),false,{02294},Commune,2026-03-24 14:41:52.020251+01,gold_establishments_2025,,,,21020277600014,2025,Collectivité Territoriale,Commune,['Aisne'],['Hauts-de-France'],COM,{02},{32}
73ab8ab3-f33b-4148-a8df-56b6ec00b6b4,216002238,Commune de Étouy (60),false,{60225},Commune,2026-03-24 14:42:04.814328+01,gold_establishments_2025,,,,21600223800014,2025,Collectivité Territoriale,Commune,['Oise'],['Hauts-de-France'],COM,{60},{32}
a2877fc6-a467-4a60-bf02-c99d1767d587,212502256,Commune de Étrabonne (25),false,{25225},Commune,2026-03-24 14:41:56.495197+01,gold_establishments_2025,,,,21250225600010,2025,Collectivité Territoriale,Commune,['Doubs'],['Bourgogne-Franche-Comté'],COM,{25},{27}
be766bae-4432-44c7-8eeb-adb0435be3d2,212502264,Commune de Étrappe (25),false,{25226},Commune,2026-03-24 14:41:56.495197+01,gold_establishments_2025,,,,21250226400014,2025,Collectivité Territoriale,Commune,['Doubs'],['Bourgogne-Franche-Comté'],COM,{25},{27}
1b90fa2d-cefc-4a49-8ed4-89a8512b1e54,212502272,Commune de Étray (25),false,{25227},Commune,2026-03-24 14:41:56.495197+01,gold_establishments_2025,,,,21250227200017,2025,Collectivité Territoriale,Commune,['Doubs'],['Bourgogne-Franche-Comté'],COM,{25},{27}
02d72416-8bb5-4be7-87ea-a82a0b4dc99c,215501834,Commune de Étraye (55),false,{55183},Commune,2026-03-24 14:42:02.957225+01,gold_establishments_2025,,,,21550183400018,2025,Collectivité Territoriale,Commune,['Meuse'],['Grand Est'],COM,{55},{44}
f8175909-528f-42da-8ab9-a9ab8d684d6a,213600711,Commune de Étrechet (36),false,{36071},Commune,2026-03-24 14:41:59.160244+01,gold_establishments_2025,,,,21360071100013,2025,Collectivité Territoriale,Commune,['Indre'],['Centre-Val de Loire'],COM,{36},{24}
0e28f31a-121f-4534-98d1-30fff84f5e56,210202792,Commune de Étreillers (02),false,{02296},Commune,2026-03-24 14:41:52.020251+01,gold_establishments_2025,,,,21020279200011,2025,Collectivité Territoriale,Commune,['Aisne'],['Hauts-de-France'],COM,{02},{32}
3c3e3311-93c0-4ee5-acbe-ec00ef13078d,213501091,Commune de Étrelles (35),false,{35109},Commune,2026-03-24 14:41:58.620411+01,gold_establishments_2025,,,,21350109100010,2025,Collectivité Territoriale,Commune,['Ille-et-Vilaine'],['Bretagne'],COM,{35},{53}
c26113d6-d68c-4be0-8fca-21c8b1329127,217002229,Commune de Étrelles-et-la-Montbleuse (70),false,{70222},Commune,2026-03-24 14:42:07.735343+01,gold_establishments_2025,,,,21700222900011,2025,Collectivité Territoriale,Commune,['Haute-Saône'],['Bourgogne-Franche-Comté'],COM,{70},{27}
74d2be75-e5b5-4100-a4c9-2ef3e38ff501,211001383,Commune de Étrelles-sur-Aube (10),false,{10144},Commune,2026-03-24 14:41:53.095366+01,gold_establishments_2025,,,,21100138300010,2025,Collectivité Territoriale,Commune,['Aube'],['Grand Est'],COM,{10},{44}
f5f91939-66e7-4dc2-9518-dd03cf91ea22,217401181,Commune de Étrembières (74),false,{74118},Commune,2026-03-24 14:42:08.279287+01,gold_establishments_2025,,,,21740118100011,2025,Collectivité Territoriale,Commune,['Haute-Savoie'],['Auvergne-Rhône-Alpes'],COM,{74},{84}
ce54d4bc-3c86-42ff-a1c3-5f7152f0e204,213902182,Commune de Étrepigney (39),false,{39218},Commune,2026-03-24 14:41:59.705606+01,gold_establishments_2025,,,,21390218200012,2025,Collectivité Territoriale,Commune,['Jura'],['Bourgogne-Franche-Comté'],COM,{39},{27}
f845a313-1c9a-4cf7-9ef1-43e0f77b2cb0,215102229,Commune de Étrepy (51),false,{51240},Commune,2026-03-24 14:42:01.954481+01,gold_establishments_2025,,,,21510222900014,2025,Collectivité Territoriale,Commune,['Marne'],['Grand Est'],COM,{51},{44}
4eafb946-d760-46cf-aece-d561515d4be8,217602549,Commune de Étretat (76),false,{76254},Commune,2026-03-24 14:42:08.818969+01,gold_establishments_2025,,,,21760254900016,2025,Collectivité Territoriale,Commune,['Seine-Maritime'],['Normandie'],COM,{76},{28}
63113c90-41cc-4c3c-b6e4-9f2809a87f51,210202818,Commune de Étreux (02),false,{02298},Commune,2026-03-24 14:41:52.020251+01,gold_establishments_2025,,,,21020281800014,2025,Collectivité Territoriale,Commune,['Aisne'],['Hauts-de-France'],COM,{02},{32}
d4a452e2-81c0-4598-bae2-2625af099f3a,215401852,Commune de Étreval (54),false,{54185},Commune,2026-03-24 14:42:02.957225+01,gold_establishments_2025,,,,21540185200011,2025,Collectivité Territoriale,Commune,['Meurthe-et-Moselle'],['Grand Est'],COM,{54},{44}
70b5c187-9f37-4711-b930-551551ed347a,211601331,Commune de Étriac (16),false,{16133},Commune,2026-03-24 14:41:54.362296+01,gold_establishments_2025,,,,21160133100013,2025,Collectivité Territoriale,Commune,['Charente'],['Nouvelle-Aquitaine'],COM,{16},{75}
5a446686-bf6c-4453-a212-718f1f7a489b,214901324,Commune de Étriché (49),false,{49132},Commune,2026-03-24 14:42:01.412377+01,gold_establishments_2025,,,,21490132400019,2025,Collectivité Territoriale,Commune,['Maine-et-Loire'],['Pays de la Loire'],COM,{49},{52}
9a698e3c-26d7-45a7-8983-ac79ef2901e1,218002855,Commune de Étricourt-Manancourt (80),false,{80298},Commune,2026-03-24 14:42:09.967209+01,gold_establishments_2025,,,,21800285500011,2025,Collectivité Territoriale,Commune,['Somme'],['Hauts-de-France'],COM,{80},{32}
0c8a60b2-d7a8-429a-9123-c3959f3da533,217101930,Commune de Étrigny (71),false,{71193},Commune,2026-03-24 14:42:07.735343+01,gold_establishments_2025,,,,21710193000014,2025,Collectivité Territoriale,Commune,['Saône-et-Loire'],['Bourgogne-Franche-Comté'],COM,{71},{27}
3547b82f-0443-45d5-8c92-41577b6b83e5,212102586,Commune de Étrochey (21),false,{21258},Commune,2026-03-24 14:41:55.433389+01,gold_establishments_2025,,,,21210258600014,2025,Collectivité Territoriale,Commune,"[""Côte-d'Or""]",['Bourgogne-Franche-Comté'],COM,{21},{27}
370725ad-d5ab-4964-8060-294ea8ee3a19,210301123,Commune de Étroussat (03),false,{03112},Commune,2026-03-24 14:41:52.020251+01,gold_establishments_2025,,,,21030112300019,2025,Collectivité Territoriale,Commune,['Allier'],['Auvergne-Rhône-Alpes'],COM,{03},{84}
848c2ca3-c6e8-46cb-8e40-9d0fafd21ff7,216203208,Commune de Étrun (62),false,{62320},Commune,2026-03-24 14:42:05.597325+01,gold_establishments_2025,,,,21620320800014,2025,Collectivité Territoriale,Commune,['Pas-de-Calais'],['Hauts-de-France'],COM,{62},{32}
1c54f574-5e34-424c-8aba-30a9bbe8aaea,210202784,Commune de Étréaupont (02),false,{02295},Commune,2026-03-24 14:41:52.020251+01,gold_establishments_2025,,,,21020278400018,2025,Collectivité Territoriale,Commune,['Aisne'],['Hauts-de-France'],COM,{02},{32}
6cac1df1-2c90-43eb-ba08-afea394b69e5,211800909,Commune de Étréchy (18),false,{18090},Commune,2026-03-24 14:41:54.903238+01,gold_establishments_2025,,,,21180090900015,2025,Collectivité Territoriale,Commune,['Cher'],['Centre-Val de Loire'],COM,{18},{24}
ccbb92a3-90ca-48ef-816f-0423b09885cf,215102211,Commune de Étréchy (51),false,{51239},Commune,2026-03-24 14:42:01.954481+01,gold_establishments_2025,,,,21510221100012,2025,Collectivité Territoriale,Commune,['Marne'],['Grand Est'],COM,{51},{44}
3fbf2fa3-5e67-4282-a1ff-d1f2cda66180,219102266,Commune de Étréchy (91),false,{91226},Commune,2026-03-24 14:42:11.659493+01,gold_establishments_2025,,,,21910226600018,2025,Collectivité Territoriale,Commune,['Essonne'],['Île-de-France'],COM,{91},{11}
2806b1f4-2c90-4c81-9529-58263b9cb6ff,211402565,Commune de Étréham (14),false,{14256},Commune,2026-03-24 14:41:54.362296+01,gold_establishments_2025,,,,21140256500017,2025,Collectivité Territoriale,Commune,['Calvados'],['Normandie'],COM,{14},{28}
ca495b36-8e3f-4a99-bc65-81f26576bd09,218002848,Commune de Étréjust (80),false,{80297},Commune,2026-03-24 14:42:09.967209+01,gold_establishments_2025,,,,21800284800016,2025,Collectivité Territoriale,Commune,['Somme'],['Hauts-de-France'],COM,{80},{32}
37965c21-d907-4485-a872-b56c50ac4a3f,212702260,Commune de Étrépagny (27),false,{27226},Commune,2026-03-24 14:41:57.028721+01,gold_establishments_2025,,,,21270226000010,2025,Collectivité Territoriale,Commune,['Eure'],['Normandie'],COM,{27},{28}
196ffe8e-ee00-4c38-9b9c-16e991685cb2,210801437,Commune de Étrépigny (08),false,{08158},Commune,2026-03-24 14:41:52.562531+01,gold_establishments_2025,,,,21080143700018,2025,Collectivité Territoriale,Commune,['Ardennes'],['Grand Est'],COM,{08},{44}
c7d4bfc7-65f8-4283-8c46-1c88276b60bd,210202800,Commune de Étrépilly (02),false,{02297},Commune,2026-03-24 14:41:52.020251+01,gold_establishments_2025,,,,21020280000012,2025,Collectivité Territoriale,Commune,['Aisne'],['Hauts-de-France'],COM,{02},{32}
66e0d93d-7c79-4760-a337-6018bccf3b40,217701739,Commune de Étrépilly (77),false,{77173},Commune,2026-03-24 14:42:09.43682+01,gold_establishments_2025,,,,21770173900013,2025,Collectivité Territoriale,Commune,['Seine-et-Marne'],['Île-de-France'],COM,{77},{11}
53ec55b0-0838-485b-b60f-1233cee63098,212702278,Commune de Étréville (27),false,{27227},Commune,2026-03-24 14:41:57.028721+01,gold_establishments_2025,,,,21270227800012,2025,Collectivité Territoriale,Commune,['Eure'],['Normandie'],COM,{27},{28}
50d56c30-56c5-45c9-a8ab-6a6332f37982,215902180,Commune de Étrœungt (59),false,{59218},Commune,2026-03-24 14:42:04.280096+01,gold_establishments_2025,,,,21590218000011,2025,Collectivité Territoriale,Commune,['Nord'],['Hauts-de-France'],COM,{59},{32}
b042f2b4-9194-440c-bc27-effd4ab66600,219000411,Commune de Étueffont (90),false,{90041},Commune,2026-03-24 14:42:11.659493+01,gold_establishments_2025,,,,21900041100013,2025,Collectivité Territoriale,Commune,['Territoire de Belfort'],['Bourgogne-Franche-Comté'],COM,{90},{27}
0492ecc1-c5c3-43c2-9bdc-8499aa5c05be,212502280,Commune de Étupes (25),false,{25228},Commune,2026-03-24 14:41:56.495197+01,gold_establishments_2025,,,,21250228000010,2025,Collectivité Territoriale,Commune,['Doubs'],['Bourgogne-Franche-Comté'],COM,{25},{27}
bdd4f439-7f82-4c8b-b760-3c7fafc5b70f,212702286,Commune de Éturqueraye (27),false,{27228},Commune,2026-03-24 14:41:57.028721+01,gold_establishments_2025,,,,21270228600015,2025,Collectivité Territoriale,Commune,['Eure'],['Normandie'],COM,{27},{28}
61d898b0-f058-445c-bc28-27696685751f,217002245,Commune de Étuz (70),false,{70224},Commune,2026-03-24 14:42:07.735343+01,gold_establishments_2025,,,,21700224500017,2025,Collectivité Territoriale,Commune,['Haute-Saône'],['Bourgogne-Franche-Comté'],COM,{70},{27}
5b762615-9c06-4e5c-9d86-edb94000272d,213902190,Commune de Évans (39),false,{39219},Commune,2026-03-24 14:41:59.705606+01,gold_establishments_2025,,,,21390219000015,2025,Collectivité Territoriale,Commune,['Jura'],['Bourgogne-Franche-Comté'],COM,{39},{27}
a7922d82-97fc-458c-b045-ed308ca055ef,218801660,Commune de Évaux-et-Ménil (88),false,{88166},Commune,2026-03-24 14:42:11.118516+01,gold_establishments_2025,,,,21880166000018,2025,Collectivité Territoriale,Commune,['Vosges'],['Grand Est'],COM,{88},{44}
2c74d785-2ebc-4b2a-baff-ad6dff499b11,212307607,Commune de Évaux-les-Bains (23),false,{23076},Commune,2026-03-24 14:41:55.958138+01,gold_establishments_2025,,,,21230760700011,2025,Collectivité Territoriale,Commune,['Creuse'],['Nouvelle-Aquitaine'],COM,{23},{75}
50289ce3-36f1-4cd9-8d7f-61e41a215f42,217802271,Commune de Évecquemont (78),false,{78227},Commune,2026-03-24 14:42:09.43682+01,gold_establishments_2025,,,,21780227100015,2025,Collectivité Territoriale,Commune,['Yvelines'],['Île-de-France'],COM,{78},{11}
bdccb7ca-5095-4543-b1e9-030b06fb8eff,200059244,Commune de Évellys (56),false,{56144},Commune,2026-03-24 14:42:03.701372+01,gold_establishments_2025,,,,20005924400018,2025,Collectivité Territoriale,Commune,['Morbihan'],['Bretagne'],COM,{56},{53}
47a8d923-24ab-4dba-b92d-dc648ded25bf,218300531,Commune de Évenos (83),false,{83053},Commune,2026-03-24 14:42:10.508772+01,gold_establishments_2025,,,,21830053100017,2025,Collectivité Territoriale,Commune,['Var'],"[""Provence-Alpes-Côte d'Azur""]",COM,{83},{93}
d5dfd63d-c34a-46a7-80c4-d9093d830a4c,210202826,Commune de Évergnicourt (02),false,{02299},Commune,2026-03-24 14:41:52.020251+01,gold_establishments_2025,,,,21020282600017,2025,Collectivité Territoriale,Commune,['Aisne'],['Hauts-de-France'],COM,{02},{32}
0de9a037-613f-440d-abf1-a02bde708da4,219000429,Commune de Évette-Salbert (90),false,{90042},Commune,2026-03-24 14:42:11.659493+01,gold_establishments_2025,,,,21900042900015,2025,Collectivité Territoriale,Commune,['Territoire de Belfort'],['Bourgogne-Franche-Comté'],COM,{90},{27}
a1efb838-a4f6-4aa6-9236-c2a89a9ac090,216900837,Commune de Éveux (69),false,{69083},Commune,2026-03-24 14:42:07.195692+01,gold_establishments_2025,,,,21690083700016,2025,Collectivité Territoriale,Commune,['Rhône'],['Auvergne-Rhône-Alpes'],COM,{69},{84}
5ab1b2ad-f55d-4f8e-9675-d18c77b993fb,217401199,Commune de Évian-les-Bains (74),false,{74119},Commune,2026-03-24 14:42:08.279287+01,gold_establishments_2025,,,,21740119900013,2025,Collectivité Territoriale,Commune,['Haute-Savoie'],['Auvergne-Rhône-Alpes'],COM,{74},{84}
ed23e82d-294f-4c82-9348-2867f4b1dac5,210801452,Commune de Évigny (08),false,{08160},Commune,2026-03-24 14:41:52.562531+01,gold_establishments_2025,,,,21080145200017,2025,Collectivité Territoriale,Commune,['Ardennes'],['Grand Est'],COM,{08},{44}
4f3b6fe6-6f41-42f1-a0c0-2d19b7735c8e,212502298,Commune de Évillers (25),false,{25229},Commune,2026-03-24 14:41:56.495197+01,gold_establishments_2025,,,,21250229800012,2025,Collectivité Territoriale,Commune,['Doubs'],['Bourgogne-Franche-Comté'],COM,{25},{27}
be10391d-a67f-4c62-ab1c-94b98a9d2199,216203216,Commune de Évin-Malmaison (62),false,{62321},Commune,2026-03-24 14:42:05.597325+01,gold_establishments_2025,,,,21620321600017,2025,Collectivité Territoriale,Commune,['Pas-de-Calais'],['Hauts-de-France'],COM,{62},{32}
6c6fcbe2-1224-46ef-b123-b14875be1d4c,212001085,Commune de Évisa (2A),false,{2A108},Commune,2026-03-24 14:41:57.56054+01,gold_establishments_2025,,,,21200108500019,2025,Collectivité Territoriale,Commune,['Corse-du-Sud'],['Corse'],COM,{2A},{94}
e7127a7a-24c6-4d06-967b-0483dafe96c9,210101556,Commune de Évosges (01),false,{01155},Commune,2026-03-24 14:41:51.447482+01,gold_establishments_2025,,,,21010155600012,2025,Collectivité Territoriale,Commune,['Ain'],['Auvergne-Rhône-Alpes'],COM,{01},{84}
3f3f17ed-8e49-4d36-8f70-1fd5a3e573fb,212200562,Commune de Évran (22),false,{22056},Commune,2026-03-24 14:41:55.433389+01,gold_establishments_2025,,,,21220056200016,2025,Collectivité Territoriale,Commune,"[""Côtes-d'Armor""]",['Bretagne'],COM,{22},{53}
8b9a27b4-68aa-4ef4-a2f7-85b3d093f56f,215702036,Commune de Évrange (57),false,{57203},Commune,2026-03-24 14:42:03.701372+01,gold_establishments_2025,,,,21570203600017,2025,Collectivité Territoriale,Commune,['Moselle'],['Grand Est'],COM,{57},{44}
9b259f98-407a-4a72-a0d1-3695c0f70a6c,211402573,Commune de Évrecy (14),false,{14257},Commune,2026-03-24 14:41:54.362296+01,gold_establishments_2025,,,,21140257300011,2025,Collectivité Territoriale,Commune,['Calvados'],['Normandie'],COM,{14},{28}
6a3cd065-41f3-4621-a599-3d94a49ddb62,212702294,Commune de Évreux (27),false,{27229},Commune,2026-03-24 14:41:57.028721+01,gold_establishments_2025,,,,21270229400019,2025,Collectivité Territoriale,Commune,['Eure'],['Normandie'],COM,{27},{28}
f8741e22-48fd-4ab7-82ea-05657eb913e2,216002253,Commune de Évricourt (60),false,{60227},Commune,2026-03-24 14:42:04.814328+01,gold_establishments_2025,,,,21600225300013,2025,Collectivité Territoriale,Commune,['Oise'],['Hauts-de-France'],COM,{60},{32}
4bead1d9-7b3f-4356-b3d0-531010cee7b1,215600560,Commune de Évriguet (56),false,{56056},Commune,2026-03-24 14:42:03.701372+01,gold_establishments_2025,,,,21560056000019,2025,Collectivité Territoriale,Commune,['Morbihan'],['Bretagne'],COM,{56},{53}
67fbb25e-ecdc-4ae2-a1ac-697d93a28433,200084697,Commune de Évron (53),false,{53097},Commune,2026-03-24 14:42:02.957225+01,gold_establishments_2025,,,,20008469700016,2025,Collectivité Territoriale,Commune,['Mayenne'],['Pays de la Loire'],COM,{53},{52}
e3a824a4-fc26-4abf-8804-2039dcf83ce6,218901627,Commune de Évry (89),false,{89162},Commune,2026-03-24 14:42:11.118516+01,gold_establishments_2025,,,,21890162700016,2025,Collectivité Territoriale,Commune,['Yonne'],['Bourgogne-Franche-Comté'],COM,{89},{27}
245f0a5e-9bb0-44a8-89a1-8940226f042f,200083525,Commune de Évry-Courcouronnes (91),false,{91228},Commune,2026-03-24 14:42:11.659493+01,gold_establishments_2025,,,,20008352500010,2025,Collectivité Territoriale,Commune,['Essonne'],['Île-de-France'],COM,{91},{11}
76580286-7b28-458e-ac2d-eab888f8171b,217701754,Commune de Évry-Grégy-sur-Yerre (77),false,{77175},Commune,2026-03-24 14:42:09.43682+01,gold_establishments_2025,,,,21770175400012,2025,Collectivité Territoriale,Commune,['Seine-et-Marne'],['Île-de-France'],COM,{77},{11}
9f733a31-f77d-45df-b3d1-f57c78a7d97f,219502291,Commune de Ézanville (95),false,{95229},Commune,2026-03-24 14:42:11.659493+01,gold_establishments_2025,,,,21950229100012,2025,Collectivité Territoriale,Commune,"[""Val-d'Oise""]",['Île-de-France'],COM,{95},{11}
2ea015c8-f263-4ec6-a042-e55ffa08b9c9,212702302,Commune de Ézy-sur-Eure (27),false,{27230},Commune,2026-03-24 14:41:57.028721+01,gold_establishments_2025,,,,21270230200010,2025,Collectivité Territoriale,Commune,['Eure'],['Normandie'],COM,{27},{28}
23982851-faa1-491d-9a25-97741bc85d19,212900849,Commune de Île-Molène (29),false,{29084},Commune,2026-03-24 14:41:57.028721+01,gold_establishments_2025,,,,21290084900010,2025,Collectivité Territoriale,Commune,['Finistère'],['Bretagne'],COM,{29},{53}
66dc9b83-de04-411c-84f3-ca33e81616e4,212900856,Commune de Île-Tudy (29),false,{29085},Commune,2026-03-24 14:41:57.028721+01,gold_establishments_2025,,,,21290085600015,2025,Collectivité Territoriale,Commune,['Finistère'],['Bretagne'],COM,{29},{53}
7064da60-211f-4be7-9b9f-56bdd55a94f7,215600875,Commune de Île-aux-Moines (56),false,{56087},Commune,2026-03-24 14:42:03.701372+01,gold_establishments_2025,,,,21560087500011,2025,Collectivité Territoriale,Commune,['Morbihan'],['Bretagne'],COM,{56},{53}
1e721cec-189e-4c9e-ac26-c5b2ca53acb3,211700042,Commune de Île-d'Aix (17),false,{17004},Commune,2026-03-24 14:41:54.903238+01,gold_establishments_2025,,,,21170004200016,2025,Collectivité Territoriale,Commune,['Charente-Maritime'],['Nouvelle-Aquitaine'],COM,{17},{75}
892f72b7-3910-4e98-a829-7bbaac11a1eb,215600883,Commune de Île-d'Arz (56),false,{56088},Commune,2026-03-24 14:42:03.701372+01,gold_establishments_2025,,,,21560088300015,2025,Collectivité Territoriale,Commune,['Morbihan'],['Bretagne'],COM,{56},{53}
595f18ac-ade1-4160-92e2-77b7196c26f0,215600867,Commune de Île-d'Houat (56),false,{56086},Commune,2026-03-24 14:42:03.701372+01,gold_establishments_2025,,,,21560086700018,2025,Collectivité Territoriale,Commune,['Morbihan'],['Bretagne'],COM,{56},{53}
43fa5aa8-93f2-42de-b575-259abe8477c7,212900823,Commune de Île-de-Batz (29),false,{29082},Commune,2026-03-24 14:41:57.028721+01,gold_establishments_2025,,,,21290082300015,2025,Collectivité Territoriale,Commune,['Finistère'],['Bretagne'],COM,{29},{53}
ddee3313-f02b-4d2a-bd19-711b27102a98,212200166,Commune de Île-de-Bréhat (22),false,{22016},Commune,2026-03-24 14:41:55.433389+01,gold_establishments_2025,,,,21220016600016,2025,Collectivité Territoriale,Commune,"[""Côtes-d'Armor""]",['Bretagne'],COM,{22},{53}
02574488-1d74-4ae2-852f-df29abeb6f32,212900831,Commune de Île-de-Sein (29),false,{29083},Commune,2026-03-24 14:41:57.028721+01,gold_establishments_2025,,,,21290083100018,2025,Collectivité Territoriale,Commune,['Finistère'],['Bretagne'],COM,{29},{53}
0642bb20-a6c1-46f0-908e-65d4829fd3ed,200085736,Commune de Ô-de-Selle (80),false,{80485},Commune,2026-03-24 14:42:09.967209+01,gold_establishments_2025,,,,20008573600011,2025,Collectivité Territoriale,Commune,['Somme'],['Hauts-de-France'],COM,{80},{32}
b35a807d-8287-44c7-b547-3f28111c2f5e,215705211,Commune de Œting (57),false,{57521},Commune,2026-03-24 14:42:04.280096+01,gold_establishments_2025,,,,21570521100088,2025,Collectivité Territoriale,Commune,['Moselle'],['Grand Est'],COM,{57},{44}
b5848002-d127-458e-a953-ff450d37ed66,216206334,Commune de Œuf-en-Ternois (62),false,{62633},Commune,2026-03-24 14:42:05.597325+01,gold_establishments_2025,,,,21620633400015,2025,Collectivité Territoriale,Commune,['Pas-de-Calais'],['Hauts-de-France'],COM,{62},{32}
c62566d6-b53c-479e-9ba6-04a9b42e0317,210205423,Commune de Œuilly (02),false,{02565},Commune,2026-03-24 14:41:52.020251+01,gold_establishments_2025,,,,21020542300010,2025,Collectivité Territoriale,Commune,['Aisne'],['Hauts-de-France'],COM,{02},{32}
9c69a3f1-4981-4655-a144-2178f6ac428d,215103789,Commune de Œuilly (51),false,{51410},Commune,2026-03-24 14:42:01.954481+01,gold_establishments_2025,,,,21510378900016,2025,Collectivité Territoriale,Commune,['Marne'],['Grand Est'],COM,{51},{44}
92dab147-c1d0-4103-a36f-96f37228c8fd,110000288,Cour des Comptes,false,"{28099,80666,70169,17404,32427,35009,19105,09012,34333,02250,65296,88233,21283,2B283,40105,80270,33547,89160,76058,34225,90099,78383,13109,69266,26071,27537,09103,62193,53148,14606,55296,60275,15166,97411,72003,45291,80299,16267,52400,05181,50378,11289,60124,72165,18138,16045,11038,08402,44027,44151,15082,52053,51307,50069,24147,68247,55179,77501,67244,23225,81180,61169,74275,62050,56110,18164,90047,09072,59343,39354,63048,24407,42329,35005,66075,32093,45167,11036,31541,95480,46180,38015,81072,89148,2B126,81029,02337,22220,05152,07148,07187,17140,09294,43222,74162,39179,63276,36240,09084,55236,26282,69228,49302,15189,37230,2A004,81058,76654,30107,80600,59528,54372,36215,46009,18025,08297,50490,25473,70284,25066,10011,89351,55068,10060,22330,50374,10391,71572,10063,80678,83119,12111,51460,38299,14100,53180,51357,17378,74233,35010,55044,95258,76231,87024,82056,55304,57649,73309,05091,27696,43049,59523,65157,71235,49120,39270,70401,27192,46042,38176,59287,61103,56125,69175,77474,18200,51521,08308,80509,14755,57676,53248,32180,91639,13100,31186,32225,50393,80631,80552,62676,02306,08161,67532,78513,31348,12198,88053,38229,73132,22314,88226,55191,87183,76559,86129,26018,11034,80557,62581,21344,38192,10108,07218,22177,64514,31056,09078,34066,73137,39059,54186,60357,82131,30287,84092,39478,38118,76169,32466,33035,82060,02716,77487,33046,59032,02347,31322,80353,88350,85135,28418,86125,31510,36184,76371,80115,16208,52079,86210,62577,24152,28332,21492,80263,35016,88349,07086,97403,21003,36202,09156,25333,53011,63043,57696,74031,42241,91433,52464,85038,62271,82026,45029,95214,25293,48121,76720,78234,36012,29086,47239,82173,11330,33520,54229,33351,41192,36179,55077,51091,07208,48025,67235,31520,62712,26238,18139,27520,80055,02824,52411,84020,97405,79152,61002,80345,85184,46068,61288,15046,12246,35292,51510,69054,40003,24071,67429,17369,63075,73086,65202,06055,66153,67395,64219,64146,03119,65003,88348,89339,63247,35352,02199,02671,48016,88013,65076,58058,76284,35132,93078,84048,62264,38344,70347,60136,23080,02705,27543,59038,54170,42240,89470,85298,45186,31147,60600,48163,51202,34115,72264,73061,26200,60224,35249,47247,26086,28084,37071,74241,77364,40136,22039,64036,11018,25485,29294,35260,35142,14025,11215,30288,59181,69238,68299,09296,65130,67349,27578,52467,67543,06102,28289,21580,33481,90005,80730,44182,54204,54188,88269,11161,43027,23115,80711,72066,03316,62354,68200,53019,45313,57297,28160,32392,45136,14032,15179,55468,70183,01146,88490,50271,51310,27553,78505,79078,27512,68270,97125,41255,62637,11231,76598,73073,02114,56148,70445,09190,22218,05106,21422,32291,18048,47016,55250,68186,24045,24083,39295,60005,07279,71157,35153,35339,23222,58255,60576,57715,68305,68146,36048,73101,19136,29214,41016,60655,88178,95585,35318,24521,70477,43260,24191,19046,95456,36021,52145,51075,73166,08381,03279,19137,15264,17136,32430,07236,54109,43205,35332,53075,02105,27260,59571,17042,54559,61480,51501,26374,70560,58012,27381,11005,21394,46311,59029,07071,52407,51235,07004,08159,26077,10242,91244,39074,67334,79231,90091,16016,17257,48167,41262,80152,43168,53038,57229,02795,43106,33532,45114,68128,02826,18012,81089,14309,55350,51621,52350,52420,62798,12031,62636,07012,57031,95203,95308,88281,07113,17452,11033,51558,01162,22163,62229,71170,86042,42217,85130,67221,83071,21376,51376,60486,89257,08179,89409,71251,88377,74114,05040,64262,49257,08053,91619,70470,46006,61067,35304,30018,51171,19067,19090,21116,01151,16385,34105,79242,50233,26283,50077,21462,31558,70075,08484,38304,66014,60032,81276,24218,89299,29284,89239,43131,44056,46314,33072,25364,19184,07023,66183,09274,57666,27439,57755,36003,33181,80516,46155,10048,55454,21498,64401,03207,25578,51090,26304,76596,67378,52297,71191,72344,33422,52260,85278,74291,80128,11383,50351,60195,11334,51570,89453,11055,32253,69192,60288,66149,04086,18244,36150,02115,80143,38181,45016,2A115,21031,22190,70318,18194,79336,35022,59646,16380,70307,53088,01354,25150,67426,82018,14425,09307,32187,35324,62424,81073,21643,18260,97213,80524,38026,50216,57591,39553,25098,39019,35087,18027,65042,25488,81220,54044,51300,57186,83026,47289,29270,16013,48058,58272,34069,10043,23055,29287,09315,54424,76429,31485,40319,48092,76217,63255,77009,31202,2B136,76160,42226,38475,76124,22205,42212,01431,11441,71233,91671,02140,77358,65239,76449,62117,57652,07007,88410,65018,07055,31275,27074,11273,76056,14569,33339,70217,63345,59375,62335,41166,45311,75108,76452,59439,23159,71426,19020,17387,70352,40025,14742,22122,57087,42171,37142,39252,24527,31580,60388,05035,88065,13032,21553,25569,76018,95409,67227,67299,60569,30263,39251,10266,17114,54447,29215,26239,02594,02505,14175,08242,10051,27158,47310,03202,64415,69264,54475,76154,57259,37068,88450,18232,25055,53052,55502,89050,67281,38193,70528,35084,17062,44131,60011,14430,17167,62605,50004,11077,58234,70418,42225,11197,31035,76692,80624,79010,59283,17045,45078,62858,51233,95510,21205,51517,22254,72121,02572,76417,65186,95059,32017,88210,62352,87140,34071,54360,42013,37217,87076,08403,64189,45261,08033,04073,29229,34107,36015,02772,59344,08395,51641,12254,16113,65171,83099,51034,17421,46283,83066,57109,64058,18187,25512,52174,80685,06100,60307,39402,48119,01349,34026,62164,54387,45346,15085,62414,95430,07286,56107,78382,60496,30147,40176,78003,35126,38559,37236,51031,37117,29190,30312,91191,14522,85199,21559,17333,80040,04152,62619,60198,75118,82128,01302,14283,74003,65436,16336,43133,70362,37148,55243,32104,21063,41204,36100,59048,61207,12073,14121,08069,55163,38268,64068,29301,88296,86062,09101,29001,81141,30039,07075,60498,42260,45137,33305,21680,91577,52529,50352,37018,21092,02816,64469,28415,91386,24143,92071,64506,65066,78305,06154,18179,22180,62095,45173,16187,70510,51287,87047,89276,02756,53026,82187,38002,89039,10212,08201,2B327,10248,11392,11058,54155,39363,59611,44044,80591,62898,58196,24197,66085,80680,61438,37172,02329,39499,11251,28315,21547,29251,40024,32284,95119,76247,07104,37141,79209,11277,51198,30244,15126,38004,67530,77055,28360,21016,22181,84132,24068,33359,42281,70043,40054,05177,52005,30347,66212,41294,66215,16083,57427,31423,09289,63058,17120,74175,02239,22162,12039,31374,65255,41247,28199,19013,22235,57406,23114,02249,67185,69080,77117,18207,55477,51626,67140,28041,62616,51440,39222,30030,58250,2B316,53197,30019,21604,21220,68091,08120,55320,05077,87042,64498,66057,24382,65180,82031,10361,38301,74174,57628,33453,69007,55426,30001,55166,60692,34223,80799,85282,10121,24385,34251,86167,67005,80051,54171,66145,10214,39424,41083,60500,76614,62708,81317,77233,14209,43164,38137,88060,76055,67383,41094,71318,87126,42298,32370,68166,67125,44072,36163,70483,36122,60183,46297,54194,89077,21139,83126,44079,43052,81015,12275,50106,46267,26157,26135,02009,54434,33010,31169,56116,47157,67505,51264,27319,85235,01063,14562,66208,13015,38522,73190,57517,01446,01437,74130,80058,18071,02059,10038,60016,15251,80190,62412,43211,79142,55039,14514,40075,68264,19147,01355,02782,45195,27304,91243,62310,57500,25035,59063,22061,34146,38357,81116,93033,70500,16248,31446,09167,31568,18014,55160,13058,51488,79023,24272,73184,02420,58187,50549,49129,59648,62189,72215,57548,36114,62863,92019,59233,22321,24533,03152,36241,52162,04115,68145,69284,76157,84087,57671,80009,55038,89465,57067,54213,68155,47324,09257,70351,80693,69055,19019,89162,89230,64523,06058,65095,21302,71564,73247,76660,16245,21602,50022,58002,88306,64526,54123,95394,09338,76235,34106,65310,89195,82176,63221,57424,40152,24571,02381,71247,74134,72150,49038,88138,21584,85028,29252,71588,57402,60004,03044,31524,33186,26197,89326,64213,02102,30022,50487,21605,59083,62609,35185,88073,44098,45296,57266,17396,14301,39013,27111,37095,33248,70059,77508,57016,95023,49045,17037,57232,38038,22115,40316,24537,17091,32152,07060,89233,63448,25586,05149,61408,88435,47197,29027,14308,40262,89156,51069,72295,59570,82098,09068,54520,02282,35150,30196,11062,57215,03198,24023,02831,52499,89149,71325,44088,78655,73327,74135,33320,79215,2B057,71223,70509,27022,59054,10410,67089,34301,62597,28012,30201,02729,73047,76272,27238,17101,38364,33474,59617,72306,88107,50064,31320,26358,61494,71577,60088,55361,08048,17131,65359,74212,31286,01360,32331,71556,86186,55447,14411,16345,86187,40198,18156,83081,67117,51166,24308,17397,55473,28180,77209,31250,24451,82002,15211,23052,67314,88461,56073,07183,62064,40087,33212,21360,38536,29210,33281,31312,31581,50395,77275,71121,64089,55313,56081,42132,02372,02613,80367,09202,91378,22300,63137,71242,02769,10084,38398,01245,03035,77164,77470,01166,77522,88236,32263,04149,24362,05131,67312,25327,69074,11145,51619,01087,80319,21023,57210,65163,01029,24411,25032,07200,88184,29185,67277,31358,52444,51208,23048,55467,36089,50283,38255,26253,39201,70106,50291,64470,61373,53119,06033,53216,21191,50085,18083,61309,09253,80181,37007,42265,54175,01230,24490,50294,21233,93010,77436,35125,2A209,49364,31572,73314,54052,33255,59039,30109,63286,38517,11059,79080,03041,60175,72119,04170,86108,50357,02066,17291,54258,17459,50135,55391,62266,87176,11280,83141,19238,69295,39356,14287,85065,64231,38316,19219,27185,52218,71530,60094,24319,49301,55376,60548,84142,89169,40190,55057,46299,19163,58260,54575,57571,01002,76115,02459,50604,22165,74014,28197,76606,37121,30038,28206,19182,51183,89104,34014,38256,74206,42100,09176,24025,65364,39101,23097,39165,79131,45019,67446,48132,61008,93071,27053,52355,57477,60394,17124,84105,70214,76206,69023,28049,64003,41018,76331,30290,10357,70080,43096,46038,21235,49127,23049,22201,62384,57621,54013,23029,83113,68154,63014,81139,87030,28119,74042,2A312,71254,14733,95535,07034,28022,02738,2A330,22223,37258,25354,34165,38538,31017,76334,01420,03218,80815,57495,25394,02830,21593,54210,80150,38450,09153,81094,29233,80296,63087,36052,38351,45109,67539,02672,01375,60591,08162,22318,05037,01304,33162,06108,14022,07275,28377,88500,68267,48198,80291,62377,25154,09183,47071,46094,42049,76481,12307,14731,45290,43080,09200,81136,07158,70093,19202,64489,30279,63100,67119,68197,71320,74080,89198,55145,38473,09224,60553,69170,21420,34252,73200,54008,88170,56156,35047,31070,31194,87080,02638,85128,47176,50572,70486,47291,63046,80327,30339,81303,64254,38280,17246,31077,84003,45068,43074,46028,19175,41086,54588,24055,38086,87009,63033,72166,43247,71082,21102,52110,22338,47282,59395,87075,71354,33375,65067,27348,19124,80536,21439,18256,74192,14711,16284,60362,19232,42070,70566,03258,70385,22016,44081,86145,07110,77350,01100,62873,78561,57281,59208,35346,70409,24557,89437,52548,31536,41256,03315,34248,74256,55162,77029,42232,78092,46135,10124,45141,57564,72032,34264,07287,07225,67473,08229,71093,24312,26176,71095,64412,65169,16136,59325,24248,55411,39021,27232,52308,18026,32099,59055,29235,71154,52266,82170,45251,35244,91568,80297,71491,27331,29130,26150,66051,08392,80192,48028,61307,11114,77220,11217,09280,55437,08405,03018,16405,10305,51201,10085,74252,51251,47215,91482,25075,54265,12201,01333,80041,47042,59052,24108,34067,88532,82185,81062,63366,11016,44092,61398,10019,88080,10323,39558,14714,32072,65250,55114,59550,24199,19087,87133,72037,10434,05128,04097,65424,55584,84095,48147,72314,73226,90021,43167,28156,77309,01313,44140,47114,68041,47142,16395,02383,38338,42074,56014,81093,80717,57734,64491,07022,38264,76325,08178,32332,54152,41144,37046,88212,07203,34212,2B135,02259,54051,14066,14053,81013,25042,46196,39531,85218,47284,51647,79301,14107,49224,72164,2B265,83013,46181,37044,11176,70568,02435,97408,46206,12216,62397,63096,86039,88304,24515,37054,62395,57421,67460,95607,78415,89155,40332,40281,61183,62717,76424,34229,48017,73055,88380,71437,11049,32255,63428,14288,24480,26131,57020,71309,45139,33225,03058,64364,50120,36034,60691,44212,30128,78384,62716,27384,69127,58247,60187,47025,13085,21656,78528,24281,80836,84066,76192,76149,62758,77481,88071,31229,37268,80314,22354,63040,24242,55118,62214,81106,58059,49035,77211,27183,51314,55306,18090,59312,17143,61399,58190,14249,55579,12143,54161,16161,53162,78672,37218,40051,11278,88078,40202,88313,50098,39127,84060,21630,31507,90027,06022,64172,76184,27613,84082,17461,46290,60494,50597,57607,45175,21673,53028,50338,10071,06127,70121,40002,05173,57321,31263,70229,51362,76565,02356,23071,54112,26130,79265,42197,55198,71227,03116,76439,93032,83098,73288,21365,59148,24290,83142,51556,76041,71498,19042,14202,25083,37139,80093,80613,18174,18040,11430,16315,44150,30346,72213,10132,95024,38116,31240,89216,89129,54451,16420,54133,02058,39128,28129,95529,80301,76520,32020,42314,40294,53221,52011,28019,77145,77215,72059,71032,60639,01109,57303,39419,76684,55375,57240,17412,60292,30356,52372,76020,78190,87195,23007,59014,10369,81195,64215,07222,39585,70125,32111,65102,24377,61006,21458,31045,62134,65475,29170,19001,51458,54476,22137,57682,59415,91232,80087,26026,25518,59352,55185,64092,14680,10365,48056,30112,67344,49063,86124,18034,86206,76374,55060,32454,60637,63440,21054,50045,62362,37206,70117,90079,72268,44045,35094,27667,15252,80021,82091,33116,54386,28192,03024,51412,61043,58225,58185,81302,31004,16198,89402,62588,33521,28095,51102,07241,58259,57167,31168,97313,83076,54385,35179,42248,05025,95211,68163,22053,36083,77329,17325,37106,16137,57575,54426,73214,50237,38129,54259,45108,21086,09087,12217,24476,43245,26024,10390,40215,59146,73233,36032,65124,65474,11304,81158,73088,47083,31424,05018,18209,46179,15231,47172,64365,17483,64406,23224,40165,43158,44101,26069,62593,89418,34077,04242,11423,88155,76252,77314,18075,44100,56262,15139,62198,52526,82041,31330,32417,47078,46250,76096,53142,54336,18135,31564,57336,01125,38483,01224,46286,59371,21388,09005,33477,15204,66213,73281,21603,63185,21196,38058,38203,44036,09074,70381,47072,97209,42180,41068,57339,58204,04184,31511,88375,57154,31553,38405,46174,53017,50092,56184,61381,76675,11352,61333,81111,27608,18220,33045,11084,55010,25421,31354,80071,09265,63426,64381,50403,01303,15091,39291,60409,03142,61091,31274,32348,29254,32351,55212,58256,27370,86209,46303,56166,30174,09011,59247,81325,07160,69172,42030,68123,62623,25574,01116,40146,18185,71008,91405,28312,67273,71311,10091,25566,14055,02476,31039,47169,19117,76538,57534,39533,09091,11224,55059,56024,25195,39200,77393,02796,23171,27414,80090,77126,24510,57418,02625,14246,54215,70017,10107,49109,11052,60279,25100,61167,44091,57473,28396,14310,31314,47108,27535,32283,31218,11164,52156,81204,14195,70118,16100,02185,13037,41221,63053,09272,57530,49076,51348,41012,60352,07247,56015,58114,88453,33219,87079,68156,17146,17160,64222,94038,54594,59635,87123,70441,65101,28233,02165,89222,76384,29272,62472,17405,63279,82169,90029,59609,80081,63277,51407,60330,35131,57206,25632,22071,30253,70174,36230,64135,70472,04076,79346,43025,80629,80691,23199,63402,85222,74057,55125,09063,33033,19089,70181,76242,54266,21001,85094,95651,64536,57268,71589,04148,82159,73081,52272,13009,17442,02544,35210,26011,59105,59423,15069,74222,65386,55475,37126,44078,01190,21163,52265,70443,31046,10358,64177,41175,78196,37170,86153,53168,79269,33018,74086,22365,2A092,29188,46029,59075,25105,74209,81056,40101,62584,46091,01388,46138,17234,48003,24155,43036,56027,52463,89188,37229,84119,14398,10183,78643,12119,22116,45112,08394,39552,62465,14639,37034,62710,60699,17271,34339,80648,91095,21380,33114,07283,62235,48170,30100,87006,81128,14458,80788,54119,60418,57562,51312,69137,36116,52518,05154,25621,85009,24077,70491,64352,88239,50030,08100,09336,64481,77531,59082,97124,39160,51569,49018,54158,88256,22213,61137,21053,42317,77228,88335,80107,28079,81234,39313,14172,62029,25375,25625,62660,71088,89172,73151,71383,82115,55293,64454,45024,51652,51072,51618,10430,17007,02789,62742,47156,57496,59229,67494,66004,41148,67164,21013,09192,69214,19190,71190,59533,64375,81193,57038,10416,88292,17216,62628,43090,77444,71447,07029,84038,86287,85207,32024,74151,82075,39296,21236,71460,73103,25339,11407,29080,08204,42058,70332,28060,11039,17198,60095,47307,18241,12032,14396,16293,55489,86291,88105,10377,40269,73064,37249,70498,51323,88483,82070,74063,2A139,55290,36118,60305,32365,59130,26144,79112,70142,19054,54053,25245,59100,49247,52190,81115,57434,62403,80462,24459,78189,95678,60192,44018,60412,89442,14456,24576,50542,28082,37157,57274,89027,67362,52294,61129,62207,97407,42288,65454,63463,87180,07133,50040,24464,63298,59368,26293,42189,08209,84130,18250,15196,10039,60497,02829,65145,56068,82142,11344,19031,33021,54168,36006,57355,59256,12290,2B023,22055,63056,36152,62036,57447,39475,37274,58312,59081,09164,33184,56144,62060,34255,61393,01452,77045,89342,34273,41200,16028,45032,57451,2B145,19237,19062,10086,32458,42093,65353,57015,51145,11109,26088,95252,54585,76282,61426,57299,16358,86163,76128,47123,53220,42149,62612,22070,39359,23076,27410,2A262,68058,41289,59069,51083,48081,17027,38489,37244,25002,65305,08326,65330,87023,31003,51195,12127,27385,54332,17134,12109,32236,02774,65464,17204,33280,28348,76705,44038,09029,05127,50234,47231,10423,21677,97118,32135,33483,08028,22160,12299,46234,76095,26306,32407,15117,30181,36167,59094,62361,09182,60506,60628,37263,51147,12236,59525,64252,12130,09061,02776,19233,22025,57312,49294,59200,71503,63094,19038,40266,88136,89038,24570,55353,24184,24135,32046,81102,72385,10083,12084,33025,42224,13110,62337,92073,88467,58049,87124,27190,62232,58034,92075,52233,17084,62367,35227,68175,38372,27229,02395,77315,18133,02683,77036,21454,72335,25373,59280,55148,88503,12085,46182,68008,35007,39228,61032,33140,50410,44006,29073,14412,21691,47228,63384,64013,55540,79298,83043,37028,85251,65093,16200,2A268,31499,89111,62259,81233,71454,78609,21152,88432,08464,38061,14406,80252,25493,81085,34287,39214,33009,35241,76671,34129,54157,56078,42326,03192,88139,76394,57042,25478,2B353,29247,18097,63304,62536,11182,74263,60399,85059,32218,59349,51489,47315,30292,62238,60049,38194,52413,45151,30069,70228,38139,48182,12046,62169,60347,25070,18251,21291,60450,64511,71330,62470,58023,37265,42140,63317,88327,32034,81249,73067,55537,84056,55202,57344,52342,65183,30032,54146,95127,02718,69133,89143,34132,74229,49299,88146,31404,21051,30091,39404,30075,70199,38384,27227,35359,47031,81206,69279,68302,36041,03073,2B067,87107,14215,07303,62725,07042,50394,84019,23072,21511,68028,62387,55279,60015,33205,22034,47067,31199,38102,02307,13019,04093,04058,32077,21532,14120,55565,39375,04178,65446,35051,47049,28220,61462,89144,55186,09189,27057,48141,80548,27446,01128,32373,22187,62783,17261,07006,68116,74087,30074,77182,14342,74220,57249,67222,62251,11128,07235,50081,57318,35221,28298,28317,61195,44218,68170,11390,76421,74240,14385,39465,50475,77140,32222,89152,30020,83131,64411,46214,70282,45239,64225,81007,07097,59122,14242,94011,88472,81049,22098,15266,28301,33023,07327,65289,65252,18243,12106,28278,27497,10005,51456,64158,21010,64512,86095,64250,59448,56062,32060,38006,23117,76372,27126,2A017,18110,62211,84012,71477,51138,09125,60313,66078,51216,64308,29136,23070,64230,47070,50311,84084,33028,48064,69263,38334,43118,22203,91201,56222,12092,31522,14578,18171,08406,76193,13083,07098,61412,49107,35037,45153,62047,62197,49028,23092,56178,62293,50436,80705,01032,50408,01347,03271,67241,72383,59108,62765,60039,29151,13029,45191,88353,86005,76218,05121,46292,02176,33239,83016,39532,30027,89139,59655,09105,71455,52302,56105,17020,41217,38075,37260,84072,89450,14407,48166,59536,24441,12138,21141,40127,23102,38321,51115,90025,22388,72254,77494,02294,59061,63365,76418,77285,33463,16218,18036,67293,78113,76040,74167,06044,02631,14344,37194,27556,57726,60420,28271,37133,77097,88010,62846,47287,65356,13214,58115,55317,50373,85306,17341,70126,11365,44157,42324,28212,70149,80802,11254,45018,08462,26270,77349,44199,62764,49170,40263,51437,02583,15148,57553,70478,01102,27234,86035,54122,31247,63299,17049,77065,81005,95306,59496,17200,66068,52213,88111,48161,79218,62348,19053,59392,12152,11358,10078,33111,43224,82126,54463,53226,80341,59564,54124,46281,15161,58014,54207,03004,08198,26323,06032,21120,42145,10247,33379,2A359,67516,05076,21349,14047,31397,85201,39556,52120,69217,38333,31246,71146,32320,26222,43076,11401,76549,80634,59445,70260,06002,43057,33078,18009,61141,55327,39346,26123,19118,54033,24095,54118,21413,16154,25043,07096,37038,18065,62774,76435,40130,39464,51280,57116,10412,88378,57051,67259,32010,22077,34043,91689,70245,50500,65427,89471,54263,65165,28290,60413,51003,64227,76646,62830,71550,80633,91174,62894,45111,03066,72104,72212,67528,76201,61501,88355,24375,77199,89250,80437,38377,11125,77317,87054,69057,60448,28369,25380,14519,51020,80046,05006,09238,71475,01350,52042,21106,32237,86010,08193,38230,61454,82118,33125,60163,86292,21635,76711,33054,84031,59488,25203,88115,11008,35178,31316,67061,36045,31150,17221,34017,27214,84070,25490,37162,54086,56224,33240,23196,55312,35078,52540,59066,10186,33204,60041,44012,81170,74195,25067,59306,30110,88056,38051,56220,65028,35161,38563,14230,80026,80162,88063,55431,80834,57709,33413,88121,23211,21445,59416,78646,12097,25141,31336,21140,61505,62186,76673,59580,80515,62680,38281,28390,53072,64396,24259,82029,29161,02168,85281,59172,54106,63065,07092,50238,68097,62756,24278,2B317,04204,54246,02415,02620,52497,65339,65298,71086,2A271,07116,61293,73300,64530,86218,69188,69242,37153,27153,60085,01052,66081,05144,2B341,03257,59262,62811,54323,10257,58307,01210,88426,66146,03140,62732,50079,19040,02693,09081,70002,25085,88284,60539,32410,18228,14643,16052,17289,03298,12012,85175,62133,33139,66062,53129,52437,50243,38017,53109,17079,61233,67020,34200,51616,22228,58209,21582,84044,55094,55217,59232,86016,61395,40066,19212,11415,89076,30131,10260,16234,33244,27336,12168,35060,60599,52257,40297,90028,61507,70138,80421,64008,50499,02804,80156,78238,77084,10384,38032,95554,82093,11089,64165,78638,45009,39581,19072,50505,60083,07009,38373,44064,16044,60213,35201,40030,16239,77373,06115,37084,62160,57301,51062,80293,62739,70107,78475,53260,34253,43246,07315,02016,80396,72141,24104,65300,74069,60003,57250,39022,42245,50568,2B053,77381,28139,2A348,60200,76222,55029,84043,01040,49269,12228,22104,26310,32166,82186,04090,27157,67269,31498,14409,17121,55476,07168,35285,95213,59388,27102,10382,01038,87194,34177,72183,80266,64131,86020,14676,57713,12129,81282,89439,26177,06126,64354,09044,67053,36222,79047,15229,44189,69216,76635,02024,66170,72094,51506,55533,32025,15107,88069,38167,09098,16174,37169,04179,68084,69064,32181,32032,18175,21059,77445,01246,84086,26168,34300,06147,2B205,15254,51623,61286,67311,51356,15048,80213,16348,36001,33070,61170,63389,18056,43226,59527,57658,31110,77212,74186,57389,53228,80829,28023,76209,10129,45044,04157,58021,27422,32384,91570,51032,71034,08040,57098,17138,35258,59593,43156,27066,72247,35243,07058,38393,03114,08117,60407,2B242,51423,24036,69218,14080,66058,17401,77347,21110,89053,64209,68068,84123,54228,39269,80054,62741,57171,64494,64114,67213,60622,41052,53063,97404,32341,69288,40060,82079,21495,12141,63029,10317,21482,80106,35077,78606,02155,14715,95256,21262,14260,58160,30262,82042,01133,56031,69028,57641,69278,01044,88098,56221,33344,12121,59476,21515,21006,32251,16085,45099,63300,26110,54050,50269,22068,27254,41280,27298,39559,41195,62068,24380,32414,62828,51048,62150,88439,01046,59484,77467,19193,04187,57377,63257,11326,16321,42219,06085,87157,55063,46246,53169,28117,76714,59092,01392,42129,26163,2B311,14191,62539,62418,16422,88507,63231,36109,70079,08318,24355,88317,27020,78460,02444,81112,77239,56176,02396,89176,79255,47087,86194,95446,51495,04039,62067,02807,21282,45327,33516,31273,18290,24410,28135,21078,12268,18079,06106,26225,59639,44118,08192,37029,50585,19110,61493,31255,71312,89415,05084,47277,09030,64017,50607,58175,71512,21474,54283,74150,72352,65205,77482,52103,02108,59421,62463,61268,54068,40278,68095,65177,48169,71156,63178,21005,79126,25224,77520,71516,13096,89376,71271,51627,95166,83087,57361,58192,87125,02559,35081,38478,2A089,03300,26066,17226,03094,05024,80491,80273,52116,59583,11255,28029,57412,64557,62586,39104,88382,88066,11311,2B248,89344,40331,76381,03043,62695,07177,11236,54590,77079,67091,74059,60373,55412,45184,47159,25234,02666,86085,70546,59186,24299,64051,12155,83053,08246,12181,80151,97109,54293,77107,67432,51153,22176,31053,41237,39321,69141,15199,66003,67098,55527,27373,2B213,94034,63453,24446,49214,02601,48123,71444,02684,65057,94081,69005,08137,82106,63101,39302,39162,33501,03295,45337,68165,22246,67554,62644,25247,21017,55409,24227,55442,60117,62255,76068,2B281,86109,05117,44052,70006,36155,25101,02702,39454,41284,60385,71428,59332,79059,68090,10140,31551,32265,52385,33034,47212,22129,02150,24158,31204,18007,77372,47199,66023,67379,16236,03317,70471,64543,85176,59259,11361,22065,54145,42238,23202,08287,46154,60306,48174,03139,24074,38529,34024,21184,30203,46289,63337,60051,24452,10072,08018,55492,16389,33508,87052,03309,65016,62051,25560,14732,25532,26368,79137,50426,60043,93014,03106,11093,65195,11320,54178,31519,08480,59473,39282,75056,08174,33374,12225,31277,02682,76734,64441,18147,53270,25089,16193,80621,72114,50066,86144,33550,80473,21149,88263,29265,60355,81109,22277,09027,61146,02164,85171,25525,09324,59184,36195,14040,21157,76550,30236,31236,66184,26167,22231,47098,21267,87105,95219,57133,50553,67099,57425,2B156,36190,11040,89296,11047,09251,82036,62237,80806,28347,31414,36247,67169,56232,47297,02370,15019,71486,60345,45171,31503,08263,07013,21289,31118,89025,33341,51552,17203,32063,46023,51214,57022,52300,72333,01010,55113,24206,42243,07334,60084,72367,14499,22214,85139,62761,78558,2B086,26101,88519,18235,68067,42330,52065,40191,60529,10414,43207,54169,31313,56080,64211,37237,55406,55012,57527,80070,60245,49026,67038,69027,34143,64310,60037,57211,22140,49216,94044,29296,80698,95331,70255,60698,27140,43042,82130,39310,25227,51311,42078,40231,68239,76603,13026,76610,73150,18263,59065,2B223,70170,45023,34180,60097,56003,02231,34217,46258,36013,71163,27568,50397,73276,89430,69241,70449,55153,67547,31203,31461,80230,47314,79125,25430,23152,19263,2B068,45162,70051,70457,60053,34302,21358,37259,39306,80183,62448,71004,80696,32122,68353,60543,50039,52395,33423,61079,54335,79141,81223,41078,88469,40239,80665,60436,41051,38114,07249,24404,18141,48194,97205,18023,17087,64079,72123,41238,72001,08343,37077,77478,70145,78590,36105,06134,30198,27393,62148,27228,38390,63320,64054,76367,18109,14297,46253,42254,38408,41095,79019,16224,83031,51658,12232,65409,38048,32269,23065,10275,29177,84029,67515,63369,14136,25599,27188,73034,70039,80343,46033,22092,53112,26307,36133,77278,27466,69009,51518,64346,71433,89030,57516,38245,81031,17250,01065,31525,04065,38130,67430,68250,39225,71182,57260,35261,68109,48106,36057,78291,34210,70101,36101,38067,36204,02708,70213,84103,57736,49222,31344,70334,08113,73250,14689,57082,80499,67285,27026,76170,72110,22245,12124,45202,55218,42136,27120,10205,60156,31515,42065,31165,88068,54057,77231,14602,15209,18122,24450,80379,71212,31190,14587,72090,58122,87152,88123,95288,34274,17066,28255,02819,03064,21442,55324,41049,54090,86293,10204,49102,27032,01147,61341,67172,22342,19133,18151,19055,73236,77484,08140,63306,26124,67166,70105,30218,81050,01269,33058,72025,50510,22198,80287,80060,26014,46122,08243,01418,02755,02297,85188,23016,40005,78172,02223,54331,09168,55338,22064,39166,16402,91549,05174,10299,12072,64486,91319,83034,67521,07296,10370,77230,80703,38497,29046,14240,60264,62195,52285,88049,2B124,2B080,51073,78310,58084,78381,77447,43256,24337,97611,80003,71019,74238,91600,92077,08021,01169,50086,39476,54490,80052,08446,55184,14576,59090,47004,76516,25228,35251,64140,03223,66115,71338,86131,80482,17187,54012,34002,63169,76103,37056,80681,25107,37064,08437,68009,26334,64040,53131,23074,71573,41234,41220,58282,29030,46022,47196,46200,18219,58295,67308,69235,60470,03113,19252,42333,97222,62908,81130,63181,14305,45241,25521,39194,49228,48090,67054,31011,67455,29159,64467,51050,50590,11216,33484,69227,60002,65372,04113,30079,42081,65151,43047,88456,65193,62853,62801,85024,41043,76264,56246,65166,01139,62079,80167,80030,08271,77514,60555,62066,40265,57545,49262,50090,56239,22108,38519,62585,66112,94019,22006,58305,38354,51099,07251,64343,30215,24372,16339,34135,84127,68351,86270,87132,12272,72167,12185,51384,67187,60141,22232,74237,64324,09231,04188,50290,72321,31287,73249,27215,70203,18042,23040,24529,02470,51167,61133,71201,47173,78350,59659,28033,31349,07107,65414,71393,31033,45074,70361,05103,21518,63321,11181,30265,36110,57340,33479,59658,51217,60335,19002,24037,24238,02670,26186,70091,34288,07266,19088,59443,28354,59591,76708,50601,70536,68212,32005,73192,40327,02467,16191,51168,45338,80587,62639,14145,19194,04177,71349,49231,67441,63039,09001,74287,70389,27168,77379,51068,36018,56115,17142,26090,79176,39197,51439,64071,74144,61158,38511,39333,86201,17376,24566,22341,63363,62806,07027,70412,32334,64540,34233,15249,84140,54180,69019,51169,21607,21290,58157,73155,70325,80031,70094,21571,08208,45275,47192,22169,16357,10269,79213,03015,88109,25486,12151,48021,08368,70451,12259,52546,89037,27659,27212,57054,57596,25199,67465,27156,67030,97229,89175,84089,15106,08327,61483,46162,88116,30139,83108,68051,62534,80511,69255,27148,77208,71194,11199,52436,04036,70287,42125,81312,67373,70468,16143,27502,24305,67127,49176,74236,91198,81046,27567,62666,64159,09198,47127,91347,58141,17433,33315,02224,10232,37036,13076,39020,13082,04085,25550,23100,57745,02042,09334,42305,18168,50137,68244,29071,07181,72077,57549,55425,58055,76657,70432,70297,07255,08301,60377,90033,39244,62030,88196,72196,23107,76388,79297,65411,85137,84080,63222,77406,77277,06088,46252,27490,32461,62065,02793,38266,70289,81294,34191,23139,01115,97119,54290,59378,58195,45343,09174,36033,25324,03195,57013,55123,68112,86070,09147,02382,63088,68204,43023,14649,63243,51463,09022,02331,59587,68221,11063,40287,24253,22091,15016,59239,42130,45204,07344,54252,16041,01239,62261,05079,22001,35330,62163,45268,66174,52229,57613,84036,35156,65041,08125,32188,11417,72180,81142,97615,67163,27632,15224,02746,60571,62166,65327,85096,33273,55048,04072,24424,85244,62205,29147,97409,29221,14360,24262,33546,58170,28147,07215,57014,67006,80318,87043,74038,43058,46041,19070,18039,67550,29039,34124,21179,88036,35120,44176,70271,11340,26258,2B088,60271,64515,89003,60059,24378,30195,91064,71452,08141,79111,68289,66138,21626,85006,59073,21473,67391,92051,66122,26243,64224,87148,21401,61345,16287,27645,01445,44217,60228,80792,70323,62131,76723,15135,77411,48051,84041,32039,21693,60656,64157,52516,61287,34332,52356,30318,86121,68073,08386,56029,23056,34122,2B101,89080,49178,01273,32172,76730,11183,80311,23027,25605,62698,72083,37112,51445,59034,74271,39275,71189,07048,25268,16277,22019,26340,23212,29153,60090,77426,03109,58030,81182,57293,43029,79339,17222,31025,69117,45026,08165,10327,45169,62112,2B049,21676,27301,71384,37127,76368,64372,90056,52008,65159,65069,73186,27492,08248,01393,41010,03229,70030,89046,76479,14592,42300,52251,33369,74099,69197,11327,25084,11301,24284,11264,17306,77386,67338,86276,25056,12050,02449,50356,05096,80429,32117,63386,62634,56254,72187,65229,59103,50455,43216,86127,17482,24229,73243,62646,55438,08037,95199,25280,16152,19229,48098,58262,01430,77371,58201,66197,02253,26108,68300,16102,73206,18067,58230,51344,17330,48087,27389,25433,86159,77473,60265,60670,02473,19146,66065,02471,73237,55005,09199,19191,42335,44074,37174,58016,17068,21121,57763,70037,24553,27083,51542,49237,38421,77311,77432,70415,02405,21142,60446,76156,36120,59230,06067,2B328,19289,76025,76594,48005,60022,76333,80020,08155,35180,27671,18153,02616,24420,54505,21260,68018,38314,21392,66028,12207,33358,63106,14200,35069,63460,76724,11070,27100,34037,64538,62886,11386,17410,08482,38191,35163,52492,51317,86112,53272,63160,55132,23209,48178,12237,21225,60210,51468,17035,36242,39308,64394,15088,33489,86174,68271,06105,50453,76407,39241,14675,39431,80413,71096,64263,22179,56147,70210,55345,11324,32376,78289,67232,26111,30054,33231,72129,21475,54288,57059,25538,27458,62552,43153,39068,68335,24174,77195,71322,60491,25233,07224,16392,07065,2B234,88142,39569,80069,95060,32069,17161,67345,07143,52431,51338,14563,66223,88089,31209,80390,32431,22131,57650,71152,88152,02378,27146,09270,54100,07166,49205,60669,63211,11208,52371,60545,82122,40056,80667,39567,52253,61346,17329,82016,11275,85097,28379,03037,09340,53273,2A272,59149,49057,66176,89417,64129,28286,07010,14595,44087,16231,57474,07172,32088,04110,63407,84054,16185,60364,47200,13215,80670,39096,45084,63280,24507,80375,34265,43258,50117,09250,38060,45037,60664,60073,74253,77337,82082,48013,79162,11353,38212,83116,76599,21333,03233,55129,54415,85157,22047,14492,27313,31138,62165,54097,2B161,50481,62602,47183,15002,17254,88166,22046,67095,70055,10225,66061,14205,02339,87029,46231,68364,11218,42183,73202,46244,53136,40289,71081,35106,16360,76274,76416,28387,67497,29040,59313,09267,01015,85109,31256,67436,11333,69109,38156,80464,51268,85200,03134,69045,45100,08070,17205,80347,57486,65422,76262,10172,95177,02218,81316,30183,59346,67544,45093,22044,14700,15020,39029,62558,14159,64247,76700,05163,25156,13038,60343,55001,37271,55368,69283,67492,55553,33342,60623,21131,2A091,64395,21393,78567,71315,10122,27437,58052,21172,63411,40211,39565,24511,59117,21699,60034,55506,74282,81055,27435,43173,33362,26333,09162,41042,62059,80617,27674,39456,11219,21563,59504,09211,86110,09170,77323,75104,86204,72291,77456,60572,71264,32065,03225,14077,26119,17023,30036,17095,41187,88014,53259,46083,11141,37196,23078,62688,11336,06129,55551,64421,54216,02315,43249,46130,34236,11286,80339,42275,78344,88425,25157,48157,30286,2B332,33425,01436,71380,89459,21015,70476,38368,79055,32223,30272,50055,79154,88185,74005,89431,13010,44210,17473,66134,74012,74313,15260,86279,76249,76269,11017,50349,62057,16184,52250,04063,32195,60244,77130,65326,21444,43108,01450,50514,71540,70004,67220,38474,61411,56132,29011,31253,08016,55397,82030,45054,27643,80716,15245,61339,42063,97311,70198,60063,10130,40309,09085,02586,91345,18072,2A279,71071,63201,25451,83127,53177,38041,50192,51247,79313,69201,83082,50422,72064,34259,55355,13093,33180,88167,62862,14436,25406,02023,88514,77475,77188,18186,97203,24151,57319,44032,16330,63015,57118,59406,91098,30072,74264,14086,31587,18271,31570,55177,71107,89091,57073,40250,37281,02212,27544,08349,67040,19064,77297,68188,70148,44083,51304,90037,77363,44068,58088,25387,45097,30305,83150,51186,54462,59044,81257,80337,85058,73213,10046,41152,18089,46078,03026,08149,12147,04209,38269,24114,67011,01240,65164,58133,60560,50540,35076,36170,02417,85163,08183,55383,81149,58213,65135,57040,17067,14063,63469,61451,88154,10157,39001,72133,54037,72022,70523,09320,19203,02422,12235,33133,51234,51363,45159,83008,05133,16014,76046,17016,33347,08335,06095,25477,10290,25151,45020,31585,2A326,55316,50108,53262,67142,89477,29106,06130,26347,59501,89485,76432,68057,07144,77336,55032,89217,56041,03010,61061,88026,60214,24584,17126,26161,17212,51417,59057,21118,68290,85108,77454,03050,27322,60237,2A071,47084,89371,70437,76091,38452,02268,02647,36029,07199,21627,88383,15111,33426,65368,14542,47037,55332,17469,2A018,19257,13113,57076,18074,76491,88460,78688,17365,57256,79163,30117,42051,41277,26084,59155,88039,37002,34030,97612,16233,76237,51316,72068,37270,24110,33145,41297,88446,62260,37080,21024,07341,14092,02276,19287,68193,70431,70440,27408,77269,36210,46059,80025,70140,67474,36063,32012,11156,62821,10340,43194,77326,39334,03097,29162,36142,27427,10289,31106,64047,02338,72178,05157,09311,14090,2A360,84145,64199,17436,11185,40196,61344,32064,71184,74088,14020,36160,59419,25290,73223,10171,45203,68291,68205,70115,08080,77400,04035,43263,62268,16128,21586,50292,31415,39370,07210,60660,74137,06157,61040,58273,21642,17278,51006,44190,18197,64550,67447,28215,58140,71339,62525,25159,61211,16111,10188,02443,77339,39031,19226,58112,65382,85026,59616,19160,29065,41281,76494,65377,25332,57574,88029,08353,68142,16243,26229,60516,35102,71266,24445,86130,49311,43234,43127,12297,25385,63468,88360,80275,03090,07025,17474,60468,58229,28116,85049,85221,60299,25439,34020,45245,27317,10061,62689,47050,10059,14303,14692,14610,2B096,38020,70215,19027,38205,76188,23128,12048,27191,51288,89270,74234,02136,31174,69006,61292,86198,22132,39519,52479,21669,76391,54536,76291,21231,02182,67153,62116,21701,32170,30136,03224,19061,62520,31040,41108,33462,46323,48074,77157,73005,71501,59628,46222,63102,39448,81267,45248,51278,10425,56230,02229,57672,95241,80182,26114,66113,80602,21435,80042,77511,57310,05048,08078,10356,68113,43120,70135,57706,33063,70336,60328,50174,81078,51629,07250,73271,26099,50188,02635,77241,76131,35218,63380,28275,53118,08319,63314,26042,78296,71371,76039,27678,44057,02138,2B177,02237,64088,14377,01152,33213,64522,73310,15032,62876,63241,57515,57125,06040,70124,22021,80110,32128,09115,41212,18254,28417,64496,91047,37203,12177,60579,94079,25110,16023,58280,61433,65214,62021,70114,64318,42008,88510,83030,43119,82063,42223,04043,45035,16093,69272,44089,34057,76185,26272,88326,56108,89408,27611,10420,91560,42179,62013,74097,95055,24322,72060,08103,27539,63354,77192,62303,55115,38115,86064,76710,60104,80068,57582,89286,76033,22004,41279,68096,02248,62109,63296,26037,14207,07336,77153,31031,85206,26046,18233,80585,44055,62760,65328,06118,56048,41053,61418,61099,71445,10315,12252,45301,49068,68313,67058,77194,46237,14724,32274,25286,71098,44033,64493,14037,31411,10009,29026,33268,42071,27082,62385,95170,59147,57683,32318,21672,38564,27372,80392,14709,07230,08438,42026,78158,38311,77081,54487,78440,25438,15215,14184,25115,57543,07041,27136,16409,64265,22326,34160,02489,46143,26050,62779,89099,31426,21438,24042,40249,39198,55070,67470,02438,30047,64269,04192,02404,62614,88527,53076,59548,59589,84021,80094,27329,07289,43231,69180,65367,19004,70529,46207,60166,27662,57217,68196,12209,57449,79139,54327,56247,64408,03312,41102,58101,16280,76406,32360,77340,62847,46232,07115,33146,86229,56196,33327,60652,87146,26214,89433,45161,64007,72205,31242,81232,21334,43178,60276,02641,08389,51577,29069,29006,31529,17074,17455,26369,24419,02573,54516,22011,02204,21038,58277,52536,79253,66069,38356,23174,76340,84011,38542,59615,59652,97306,65277,03297,08293,48059,79320,08393,53150,18160,68153,30166,31104,52377,45050,07140,80518,64256,39027,18080,27288,65323,21400,41241,81067,21550,11429,02786,54444,39582,02584,89123,16272,45059,46199,08222,19254,08123,03288,70090,94056,95210,35169,47144,11075,23195,02753,11076,31428,04019,72023,11120,88113,56091,23019,54003,02833,60400,40119,71159,89007,63066,30249,28106,62074,61413,63203,53021,86236,97361,01019,39038,94077,62845,11410,32359,17214,77025,14435,81291,15034,51530,88341,02133,59669,80250,62411,87155,26226,54337,11260,87117,31267,67279,70411,78616,31095,21460,45255,57304,43044,30120,60326,57148,89158,54479,62589,69042,01140,27090,08011,05090,54373,39167,62582,97234,62566,64232,26025,47271,26256,09092,57626,39047,91318,16138,57021,40295,74054,16298,52366,33115,24421,31531,55364,52170,89486,51399,18118,52490,72004,50628,31329,57181,22312,31399,76051,14498,48082,13119,79174,02575,32193,30223,24091,56259,91249,95369,87101,77125,76161,60375,05014,03120,2B229,89251,76595,60324,76464,54539,68209,60389,40108,37282,80338,64004,01449,01054,49030,29145,60231,53237,25120,25383,02483,38131,64473,06010,07121,97224,81219,25334,88487,83089,68081,43215,90052,30237,59493,05162,38243,65440,14038,67416,64130,54191,51650,33380,64042,49182,30009,64323,51422,39526,51225,04210,02007,55171,87039,25255,85237,03017,53107,08420,81318,38064,26171,29199,67136,59327,33237,78569,29172,89136,01381,13030,03151,18169,88328,19023,07216,48072,89420,67389,50185,70490,57642,38052,62896,54560,21065,10201,68071,30060,21452,80049,69265,30194,33055,71323,28234,59524,14454,13084,56152,65204,44051,21410,54368,74202,43175,02373,52002,87128,02222,22372,26072,65453,36175,89079,10190,01234,31032,09023,66011,55458,91286,55501,53266,34304,58310,38503,86281,05003,79031,80597,09246,07326,92020,12256,34094,59511,2A276,36019,95625,45247,87151,59642,03291,82109,27115,30188,45073,39268,49010,24257,76410,73171,17030,04234,39281,51112,21210,71586,57356,54093,63308,86096,11172,31379,02535,25265,91067,88009,65017,77073,62785,65216,67023,68179,73225,2B105,87019,11312,07109,59276,25431,21263,16365,47190,07261,80674,50302,11108,16244,70558,54353,71046,01075,38376,03159,34262,35312,57462,57239,51354,68293,10165,54163,40272,74075,77530,24080,67248,11435,19007,37214,07319,32156,78537,34118,25052,31023,07278,62543,23006,69119,02518,63061,08189,58264,13002,45265,78484,31015,21138,09237,34186,64327,38008,27196,24575,04129,09157,63263,89424,64064,64242,18113,10332,43130,58121,21169,38100,04135,28086,11179,82179,78366,32062,25432,33052,73065,21561,51039,23155,11098,10159,37242,62777,58284,33128,49266,42267,04133,54023,16124,79160,21713,70041,45080,77242,59084,17431,69037,16064,77115,68139,41105,65011,39343,24544,33172,62027,25311,27621,16302,29128,75106,60549,89373,13004,76587,82135,03307,79109,34215,41025,24266,63427,51426,70032,08380,36104,38415,25298,62600,57584,77291,37025,38403,40194,26335,01311,76476,62434,64012,40088,68161,10007,53141,78571,56067,36213,76144,31409,21683,52136,64022,44014,60651,69156,12284,74178,80714,44156,64420,63467,48089,62005,39156,76092,49048,50420,74158,02070,22390,61301,63057,51611,09160,57158,59119,50028,35018,88024,2B290,70444,12035,85074,29277,60451,35192,12077,32198,25391,63252,56203,70436,17337,30255,78321,70242,69189,02721,64446,09227,05142,57275,40253,2A129,37059,45070,66228,80783,01021,55464,15200,78410,05066,37204,62118,79114,29018,81084,51562,35160,44110,54211,44075,30206,66187,21319,69276,24300,38136,02547,85265,60337,06005,80089,18084,23108,21579,34164,27508,14221,27382,33499,59222,21113,81147,22121,01014,71070,39510,70218,88261,49053,62567,17113,23248,57485,14486,54208,60676,02496,65072,56028,54543,42086,03107,14402,83074,64460,64264,03306,27209,41151,14502,76551,02556,05029,76664,57524,86114,55009,60626,70016,81275,82158,71196,31318,38050,17373,29246,71134,63250,38189,86052,71033,72018,39318,71481,50341,46095,62627,33275,57063,01259,18163,62376,26061,34309,02526,71353,49272,55321,21173,62839,62462,19266,71277,33079,71215,60368,39540,52033,37022,46027,38109,57392,77446,23132,33039,16273,62390,58008,54376,83120,27404,53130,64544,95253,32178,46256,17139,39539,32247,55331,49345,64276,08415,68185,76067,57407,36234,07227,57507,72035,14161,57010,59633,71099,51469,46015,60233,57012,24329,69243,32428,77254,42229,83100,14182,53223,87084,31249,51642,39056,86262,45015,01006,76146,25630,60422,30264,35118,62157,06114,17162,53229,51516,36075,64208,16054,67319,42137,79349,02657,31237,72323,32059,65080,59157,52442,17299,55448,49193,73212,51116,64459,93070,83017,39050,39529,25456,80835,28164,85266,2B292,71042,42148,11178,08207,76580,76615,62444,08060,22378,81231,60062,67178,62300,51127,2A336,28217,10055,11372,68257,73258,69204,55310,31573,77217,31085,14126,64279,33121,2B134,59467,25174,88513,21570,07005,61015,54507,39352,05060,01345,91105,15212,23226,35354,57375,33099,08358,18104,10187,65215,40068,64461,63375,69026,88347,68304,02183,2B165,59268,14354,71513,39486,37151,50205,65269,15259,04130,14659,76279,64128,54524,81042,22157,84096,11431,10303,04041,58184,67276,32037,81307,51536,78346,70326,05172,37094,14256,54577,24341,84027,35235,88101,78443,89474,01098,07292,68065,81163,76636,71557,33173,37051,62274,62359,51213,58292,69016,10354,67322,52114,38204,73063,56228,21238,36061,14204,79049,54550,24428,76477,53048,38424,57084,45258,54160,03141,07162,70538,38031,02430,67254,30217,65153,13057,88135,40185,38148,09079,34198,01275,38440,25366,76685,54469,29166,27624,36196,24417,24061,10372,31370,86023,29198,12135,89253,85300,02673,11381,36134,39063,53155,32401,54570,25276,63072,04066,76013,47319,50099,17384,28325,40104,77513,56104,07323,14550,78104,88525,2B166,56227,89398,23014,72308,91685,80692,80723,45283,25239,17393,60416,71128,51648,64180,37232,11355,29095,46082,59424,55093,05102,44054,07126,76043,78143,55461,79115,39411,58028,32050,60344,27371,02116,43262,57567,68105,91659,84083,76572,62170,24352,2A011,03007,58304,07014,06143,04176,71317,55241,95641,53091,44207,21430,33194,25348,64447,37152,10443,52522,10199,43199,80023,45144,23005,42177,14637,36014,55301,02412,35032,26345,25619,11225,18199,53178,22261,69280,46321,71414,57112,60188,46201,21214,64235,2B335,83095,26116,24474,81105,46193,80718,67209,27332,77077,27418,60490,54066,11079,63259,26210,86221,67500,29122,62648,39407,25515,35123,24518,57183,80729,88394,33551,24562,83121,15202,89395,01366,09017,70163,88047,78020,86103,66052,27633,25238,57619,28168,65094,43143,60220,52398,08226,07084,31419,87165,43193,79302,57195,36086,39176,95183,16118,95459,59099,11377,31401,45336,02652,31189,43177,49271,91547,26223,61367,33030,25207,43125,76090,57371,37014,71358,60283,86119,32192,60185,27009,73117,08073,61308,95445,69067,56260,09188,62181,60406,41090,81021,31443,33027,77203,71397,31167,12025,24101,17416,81293,07047,51165,27495,63007,31584,68216,02590,36036,40311,76403,42006,59191,78497,84004,18078,39046,30142,24228,39246,39114,26067,57629,40064,25519,70257,59581,18094,86252,24189,76632,04102,40142,46312,46125,80512,25009,68152,14601,33363,31432,76508,65457,82145,54452,43017,35088,27259,80112,54546,31475,26074,25503,43114,01331,16400,07068,11163,54480,56004,14510,70308,25365,21406,05166,76083,33264,64334,54477,59266,42193,88286,78559,47017,17033,63367,37276,59193,44085,06121,79184,04158,05126,29244,40178,14677,23028,61376,11244,60140,57700,35271,47148,78192,81221,50105,34290,70194,30146,42104,91679,10202,31034,62225,45273,59345,42135,04047,30281,59231,31276,89060,62443,21588,70489,08166,08225,77063,02201,77135,71069,08409,07015,26318,28378,46313,87040,60057,16375,30240,26373,51507,15174,61234,50097,39084,80640,56198,45182,57070,88030,19095,67480,47209,65022,45280,03031,11424,26362,35055,81167,74215,70454,53110,04061,17346,24422,62590,51315,50161,64501,60149,68208,31395,62522,64170,82143,87159,79136,30026,67526,77288,33160,57180,90041,33429,28283,37275,62344,72010,81305,60533,16382,58065,33189,64464,02122,28411,08295,65096,76483,77113,52312,14762,33223,67370,05031,38166,44001,72359,85277,37004,02760,64284,27135,89100,60359,60462,88093,26209,10220,52337,91648,62176,50536,39472,71140,01155,78650,90098,21176,25273,70272,31135,54350,42037,52426,66013,25129,21145,42088,01370,08035,07342,47094,59254,50379,50126,01379,10062,72086,03127,67145,17053,49192,31303,63265,08362,03283,91525,62551,33179,50617,86148,34173,85132,51639,50588,59037,29081,32310,51224,90018,68111,67247,06158,85062,70021,03160,29191,97608,81096,12288,60438,55165,86045,53153,35117,50641,11041,68345,44166,97410,59577,51526,88478,22375,09256,88203,44201,14555,62090,22184,67493,77394,14061,77071,89407,02295,37030,05100,63020,65472,34272,51052,88025,97211,71108,09121,2B079,54248,95120,70405,62182,62656,12265,80479,2A288,08378,25208,89352,43202,58202,62608,08276,18016,24200,08410,54193,01238,63431,70435,50613,76455,97603,50027,78138,29056,92002,79191,10408,2A100,70548,36091,62041,62415,56163,46124,76109,62491,64090,32021,57436,77284,03200,57414,32214,24128,65420,26275,27629,10345,34075,34174,27194,10193,15055,77384,68087,16307,27358,21249,77416,03201,91226,53245,2A196,21382,21493,44200,40161,21190,81054,56013,02711,62140,33201,64122,80204,31148,10110,28034,38547,54184,12169,38056,91434,67535,68228,81192,71296,90044,30029,10064,68132,42319,72139,26189,47088,27054,2B286,21622,65064,31304,19221,80590,67043,49082,76536,32389,34061,11126,86058,34113,60547,11157,55237,31185,14320,32242,86136,78398,12233,36224,25590,41209,71483,57611,67012,49218,24121,30345,11374,08245,31243,28341,27173,32388,45152,55370,27489,54381,61404,65032,61012,22134,33020,81152,68227,31012,76382,59131,2B180,23004,42034,02775,67124,27561,46247,62702,73092,57288,54021,57103,33191,94068,46139,31054,88023,53157,77380,02040,88162,43077,54535,33437,14446,80746,70278,59483,26315,69207,43039,39230,39523,33126,57538,54272,82080,70549,27411,77398,39284,02614,60372,77114,70357,34243,57552,73147,57443,79311,36077,47202,55429,21241,42021,21055,23050,35167,31175,57665,89219,76507,54578,28324,77251,86245,38219,38402,13105,76121,60509,69104,76562,52007,76626,51361,80544,59393,33187,76002,79164,57757,10362,86214,82108,05099,73242,85172,33048,07067,21237,85120,44149,54278,64296,21425,70371,43069,80502,86207,18145,2A027,24304,91552,60586,30204,45056,14023,26185,78615,88307,38248,32287,32227,07220,54592,25629,42151,52017,56258,37049,21506,25153,62861,89061,64186,33335,24224,43204,59520,2B030,21311,53066,59370,88043,87113,32121,76163,87096,57492,06001,39477,28398,17458,31233,29087,95304,80185,67361,21245,27290,77320,28053,40154,63123,70269,33257,62837,33226,63381,43159,81027,54340,46178,58303,25526,17331,70580,67152,69275,88250,70501,57100,41218,28195,35333,09108,44222,83140,13207,02266,03157,24367,40197,72134,2B252,03054,56134,32383,64045,71123,46226,89384,50353,51617,71547,29003,79076,68266,45177,59391,40123,41211,38418,83051,03211,02783,16189,59630,25447,50172,64483,92014,14529,55018,08145,38185,02334,54439,60474,64120,38153,63261,67250,36188,59451,40245,59464,71193,55421,50279,64478,88438,55282,51139,60135,62803,01211,21159,39133,76492,62703,61372,60013,17275,48192,62641,49217,16056,62554,01050,66154,62800,61024,13092,21497,57110,35187,64533,39093,65350,16258,74180,67037,52547,17422,57386,64077,37191,08089,10189,49163,86217,42266,02661,95287,14338,87094,48046,32120,45279,01328,68249,60105,70012,37041,25455,91069,52159,56216,01105,38352,10319,26231,74122,86007,34306,59127,47244,70306,34242,65366,37241,77396,80776,59003,02388,88418,65362,76346,90071,76509,59600,31462,55047,58252,76484,02096,05167,27388,27686,87017,17339,23236,88275,14211,77500,65439,52131,02699,61087,37048,71017,82077,10014,71473,25008,76045,45188,80096,42079,54279,15178,60426,89265,62026,2B097,10254,34059,08217,63405,70396,63136,93074,67090,59431,69381,66159,14299,36064,95392,21409,30169,60566,28308,57055,80008,37065,49086,23009,07263,69068,36081,72273,12202,37277,55401,07089,15043,67079,33003,34108,32326,30150,35175,31408,39077,76719,11309,21617,34204,75120,62265,02785,60410,25539,43012,60031,60510,02588,88106,65308,72188,71150,02510,54070,53012,52075,55508,70524,17277,10045,68243,03155,38282,36129,27618,64371,85269,05171,88448,65314,72073,66136,11234,33098,54430,61108,71478,54245,79295,30005,28329,80366,18246,77286,32248,26039,67538,64204,10341,83063,60222,77119,80425,19123,27207,38481,27429,22037,15206,48165,65033,12148,76130,67384,44047,34341,50230,41045,25221,10353,52386,38037,65005,09165,71195,73284,77316,44108,71343,58300,25026,57397,56171,26204,72130,19145,65358,71031,88278,80157,37238,71496,68362,76544,33182,01082,62517,80180,17025,06019,50263,78057,51210,62105,21596,60120,10350,54074,42025,21674,17386,34269,71173,01260,88168,70341,80737,78391,32307,71314,49055,13091,87141,02258,22229,59602,30052,64462,95584,50178,17413,84088,68256,62155,66218,27541,41126,12226,17236,72020,24405,32426,2A066,61041,22239,39434,37085,42127,80109,29124,74050,07309,01344,54425,10432,67017,53139,01225,59046,82120,10226,89022,02280,60675,46072,14533,66101,31398,64392,15180,06090,16034,31548,39263,32378,94076,45102,17122,54561,66060,71206,04214,27592,70047,14220,29211,35273,01403,31327,2B193,19241,21100,09277,58177,33218,07330,04151,38566,50371,57129,63404,88096,46301,21678,77280,46151,58281,73278,85254,75116,69072,71400,77429,31517,2B171,48070,80066,23026,68120,42162,36205,65393,16007,10286,62270,83130,12068,09327,38423,51019,02701,2B287,25323,08461,63267,12211,72173,62673,03095,33434,71112,57350,72380,32340,72256,24288,34018,65121,73027,27108,08146,08052,25322,10396,17274,27282,19215,2B175,28294,17038,47283,88470,60261,27379,10373,21471,64150,72309,87035,56079,10321,09026,17165,71068,76386,01084,62275,25617,86066,26023,32322,70305,33252,19060,60339,70196,80264,51094,65075,54274,94046,71038,36243,80820,24195,64039,64091,76529,49121,01384,68361,47225,94002,09341,38362,21201,88352,63202,71210,97217,88340,31081,07343,54062,04023,18062,62535,14494,81017,08412,01061,73139,70321,31340,27376,67300,31037,60076,21574,21481,57454,28355,40084,45254,38496,46064,62113,08284,31259,19149,21526,08312,95370,50159,30165,64106,51503,62685,51263,59582,66158,11307,17071,37245,27123,11426,42310,93063,41171,41161,37255,27341,51364,50006,12053,33141,14457,11379,83097,54547,27438,65444,79100,91200,77328,04186,86075,51476,89374,02743,10041,83137,55453,70042,32380,59414,60036,70420,47217,68017,63347,68218,35148,39338,02191,02820,03266,89262,16387,60542,15132,34299,58309,53116,32244,2A203,57221,65270,76136,57182,24059,65292,62456,89264,36038,50262,85010,33236,54411,30274,24397,07130,62547,88048,41124,22334,43128,25350,36237,31153,32436,24237,47102,02445,10113,62750,80750,53043,81215,17026,79003,40008,88403,73068,45231,80261,14044,41069,51365,40095,89467,09242,76219,13108,67555,88147,25246,70109,49090,21129,27665,31103,54334,31476,26364,17110,31552,27010,46070,45001,60658,78501,08413,50621,14165,12253,59304,72074,84091,62781,16401,67118,76523,02703,49331,16170,52070,43180,38046,12243,39277,33490,44115,33156,76360,35190,85202,57742,40131,17195,47014,14661,59203,50221,34136,2A345,33256,17052,55015,17232,64009,76666,41181,76226,53236,65390,02126,77056,88485,25270,63438,41003,61257,37125,60074,35361,42022,02214,12276,18193,30311,86298,41278,25445,61105,17471,59450,33157,59165,56158,12197,57337,47111,38225,27001,23172,71262,06027,69125,50468,02011,23110,47240,78640,42182,14089,32096,51571,54220,31113,87161,51308,02724,31208,12002,85087,86180,73123,61342,61485,25074,30315,35265,68080,65077,42141,60132,76653,27327,82021,28336,02617,41145,25589,38267,43200,61159,06162,35130,80265,76143,80565,67217,63170,76085,33415,54473,27564,12136,14593,64457,65392,24541,58269,39364,27390,25579,26322,14162,80828,54296,33391,82121,67122,59091,40204,31308,24100,64376,24106,28070,38076,70274,31066,45282,22031,28257,52137,80188,47080,27342,88229,31080,57727,79074,88480,50088,62080,34125,77083,76178,11117,27043,13049,23106,42067,45312,31444,51504,12238,78163,21428,14045,41087,32379,01016,24409,29275,10259,04195,30259,80073,48038,70144,43139,80526,50360,02326,07163,61156,33440,79116,37019,67033,02513,80235,52193,54017,54429,47130,57457,87091,54456,57056,89263,89386,60129,25482,74006,67256,08237,50276,63189,63307,51177,83056,42066,09060,90059,55428,32346,59477,77483,29104,89338,30167,60645,62460,39182,58090,61443,51190,16206,65059,76413,57247,85054,50362,26295,50095,78520,12144,51130,45031,63470,41296,46050,77032,61069,08074,79258,53199,45116,87021,89284,59598,90035,2B010,52422,49355,84077,08307,40177,30067,13024,89311,27275,60517,06023,10251,10002,38173,68037,32174,15191,38049,72239,15258,64261,11343,58020,50584,33331,58068,15182,21523,29300,28316,85161,49201,03285,01400,70492,38558,38413,21381,55586,31360,31280,82105,33438,74123,67499,27476,10249,51030,89363,51283,68138,17089,76021,50327,86296,25001,88379,47009,78481,76397,54509,31317,47041,39220,09235,30261,14286,77002,51175,42306,14312,27386,55325,02649,86008,89419,52133,27650,40218,83101,18013,58306,83035,55228,40158,69194,01141,56185,54277,63025,51546,36042,29078,68278,39485,70373,85119,35295,70563,67180,69046,60174,30257,79354,52363,78367,12047,44109,30221,89244,78464,42047,24246,45030,69164,21695,92022,71485,27141,41250,82110,08268,10239,62905,01067,74073,39399,80402,64205,24274,74257,27248,23060,54310,73328,51185,08088,25557,86009,88267,70160,08478,40188,84001,44013,36159,50431,10003,62033,39377,88158,41101,40290,77086,48108,11054,12006,17427,51128,78118,63143,57134,60697,50317,62857,16060,64198,62276,57357,38260,66071,22118,38120,24323,74254,50102,40273,59559,60643,22345,14333,66164,09342,84007,29010,61162,39314,67084,18019,59531,21123,2B188,69256,41116,72320,02714,34238,76022,24328,11024,84069,11232,80593,83125,38135,03045,33367,28366,42147,58147,22226,61089,74193,97616,17028,52118,84047,32411,59255,24549,14445,41143,54006,68366,29226,77342,34151,71408,61107,51643,51584,17426,55573,49140,40159,32457,71043,02629,62825,88164,21018,60489,40092,17406,01159,03051,91294,47093,37047,02312,62510,62887,17060,54284,15050,80231,57107,11113,54333,54399,71269,16363,07050,04069,04106,2B244,44037,32453,66092,52231,27124,80086,52066,71279,33080,39504,76106,32343,79268,91099,54369,57391,54400,67253,03293,25390,65257,77307,12262,45229,80758,51321,34072,03158,10250,73315,14365,82178,03182,84081,55269,87085,52487,11188,71336,42016,37207,55292,32103,27005,57214,45125,31341,40027,30114,02017,63069,40225,55571,64456,21531,43195,23216,29031,42338,79167,53121,58274,63140,25614,88471,80825,34239,57144,61203,21352,62017,70448,24359,19097,69244,27401,18202,73076,83123,2B073,52196,10114,73124,27216,77019,78237,52374,89128,58031,81030,70575,47097,59447,21105,21659,85064,65432,89308,52428,12036,33026,30082,31064,28045,55027,27571,81131,51565,60519,31481,80736,28149,16186,02008,71257,50305,41287,37088,10137,62035,87003,61092,62342,34187,68024,40057,89234,74102,89043,70097,26141,14737,76216,89236,76621,57328,21557,76419,07146,42142,62185,62591,85114,08084,01402,50281,89480,89108,56153,25125,60642,57305,15233,02549,69142,80450,72195,59195,54443,11110,61120,22105,38085,39283,28107,90001,49017,42282,89179,67368,16069,26234,02742,60241,11190,25190,45212,50405,11067,65340,26241,09122,71514,80013,91654,39492,02178,70505,25236,59132,47134,73257,77001,68135,71424,97227,71014,63333,72232,57655,86261,55311,07106,24226,2B082,50550,54196,24139,18231,01266,14345,31124,76107,21369,63283,33075,81214,02293,59217,62770,09326,35155,64286,89291,87110,28027,71202,26142,78133,70067,76697,22139,78431,64316,16403,02291,71449,59584,2A032,89151,64378,06064,52092,31179,84098,77219,91027,46268,39439,71102,61297,32302,31102,08350,40200,83144,32038,32066,70243,62439,88388,76079,64162,62228,55329,11214,73317,2B314,25044,76461,78498,17367,77418,50168,58057,38504,03072,92023,74013,68343,55008,97206,27280,24414,90072,05068,90042,47117,43086,25528,45069,42045,39187,65450,44070,77465,34297,89194,08188,92062,60688,03246,88059,46243,39570,88027,55031,02241,12162,62624,50310,17355,69294,24060,66142,71186,67085,59331,63216,80393,87018,25171,65230,38455,71471,59454,35238,30145,84039,21192,58249,57579,69387,38389,61366,68363,30111,79249,50236,15156,2B055,02366,57686,45243,31063,26043,32163,51448,52550,30011,21620,22384,30208,37069,34109,03112,47300,76356,57403,17117,64234,57616,08421,52264,50345,64210,63030,22216,32440,87139,61018,76426,53013,04182,34258,57047,31406,83072,62484,44096,80271,01027,14571,76283,31547,59457,07102,56010,63210,19281,57153,71567,78107,69034,17288,24357,07112,17215,04205,64111,87112,29179,27530,02665,07204,47275,28158,73312,83077,71168,76245,67304,93066,81166,2B122,76677,80388,13087,14083,62416,66209,08422,43137,39175,02278,81311,01397,11239,55251,23186,57431,17398,25093,38359,39298,86113,07253,66100,54247,26320,10148,01093,02690,32207,21045,71076,27366,81289,25019,54238,87068,11373,43092,48020,72250,32196,31334,95633,63175,88032,82149,88486,25602,2B338,52507,63076,64521,35198,61422,56054,46319,60541,01189,2B273,63425,46102,44197,19104,71075,57353,79159,74068,68224,60291,02186,44065,71461,14469,60535,89272,02089,62286,40283,59238,91458,76312,68231,86164,24482,73040,41006,71243,61151,47061,13055,33345,55127,86273,08056,12133,01358,33118,51403,17077,39547,09230,23003,55580,50218,46107,28061,25116,40013,07076,02033,65182,18100,15080,61397,21084,54159,66106,76423,76577,48124,62242,43093,10271,11297,11421,25546,25376,81186,49054,39331,09150,18038,74055,37129,47219,08082,22208,21455,03294,37045,64414,41020,31566,88028,32048,38151,26129,58294,51033,63454,76335,04008,59179,37074,89232,07064,57463,42202,67519,87154,76329,40135,54226,63418,53030,76619,60341,74128,67298,45323,15230,53201,60012,80643,42087,78389,59012,25542,14421,74203,24179,79145,17022,43068,37222,01401,26057,61375,45058,21354,50031,76505,40255,38287,02256,49328,54343,45046,73100,26049,52494,65317,36115,12137,55248,95250,40321,21133,50050,23018,39190,02181,51587,66114,15127,31591,60315,59385,38396,06116,68077,02375,69239,77003,10274,21639,70081,39209,2B172,80637,39142,57625,05085,66102,59452,08239,52230,10125,57163,19265,25580,56063,59166,88007,82038,57242,30303,74103,56089,44178,32106,18057,47185,17438,55389,21154,63122,61064,68333,87134,58159,71299,57146,88209,31269,67150,81245,78120,08135,69389,79263,32033,46045,27546,63328,07196,67203,17266,63041,33068,71092,71110,62714,91184,22194,14726,33498,22199,64112,46016,01208,60520,17465,48050,91589,73013,46186,32116,23170,11342,70119,01235,60456,60635,14214,09117,07294,64477,37128,52106,78261,65315,38546,36176,70230,02595,52187,50433,17477,76111,80197,14590,57689,09015,21611,31430,09093,35257,11338,70288,95351,2A204,38375,68190,65212,41265,27690,51256,47057,17437,34317,18092,28108,22317,15170,28272,70205,32233,21278,25342,74007,81292,80131,39278,12024,92078,53134,51434,52291,80122,42262,01268,62730,72377,78125,61160,09053,64391,30071,01353,54209,63251,21361,25182,42010,72156,78325,11030,70363,17059,62058,30010,49023,14403,36027,76501,80709,72253,24548,80439,01346,51197,29184,51380,21204,63150,17320,11414,76454,58007,26332,77058,09283,74085,33540,79195,89161,50616,39090,80671,56161,97613,31086,17206,2A215,46101,26134,51204,55408,70164,62529,67408,90023,62860,12139,40053,09222,44216,17485,03269,40162,88364,53031,63391,52211,62481,05051,50592,33175,45072,38055,91494,35030,33390,43221,71544,15021,51490,26093,09059,72234,02681,25441,80332,59506,05082,10120,23160,32108,2A103,47033,31119,52219,24580,19126,09131,58211,24494,22193,27164,02030,54574,12193,51528,72049,25545,73318,76306,70176,54455,71442,68040,67240,69082,12188,76159,08404,66116,57513,63162,27616,32234,61427,85104,16067,14620,68301,71401,97357,51351,88458,73011,33285,64331,21357,25437,14131,66005,60170,53203,07318,76506,38360,76662,22350,65167,17287,67143,11010,70078,85056,43059,02333,14118,43259,40033,44208,25138,67476,27529,67252,41013,54116,14369,18111,77013,95422,64119,59614,47273,60342,11121,79094,14103,11057,03001,40284,74314,57267,23250,33494,18063,47081,85248,37124,54219,18280,55523,57155,11243,02243,25565,64351,89370,59401,18158,57269,17115,03164,89218,50382,80790,30096,62124,65341,97302,21449,11346,74221,81148,60289,44153,34318,46293,35204,57282,79034,01207,63152,88219,66002,46126,39436,25460,71518,91538,77004,09181,57151,74018,95438,29005,72105,07008,55065,39094,55053,11147,61202,22097,80315,77477,42201,65467,50507,85287,70527,21554,64066,66169,65410,18086,16210,26336,23168,51010,90076,04237,54134,33287,44206,36143,58145,82096,39479,72202,65207,37176,89365,14589,87143,67013,05080,31149,19236,33439,42336,69229,18277,01236,23093,80084,02137,65084,65416,21108,71062,62514,03047,57216,17280,10213,32432,02064,76295,65245,21625,56208,21217,80701,38112,60687,37189,70092,12190,27118,79229,67126,65185,57482,52367,86176,82172,21500,89023,80239,57746,09003,80449,52525,60383,80004,23177,63121,56051,59590,74146,04201,67044,17379,79165,07139,63209,11419,72084,41208,76353,2B347,52331,39425,78299,24097,02519,06076,36011,36191,76733,57114,25594,88309,88181,34126,01338,08377,09076,77256,71059,34281,19076,10378,54591,52315,2A181,25288,21587,02654,42283,89113,39015,35114,60503,06030,11375,31226,16347,53053,86142,63054,33386,29232,38035,90064,74009,50195,55245,43227,13047,11129,67438,47137,15104,69139,06036,33136,24186,89399,61295,10264,78548,26015,55435,81140,67071,62375,88225,70485,80789,36085,16001,21541,08098,59294,2A090,07033,08489,52015,85155,51106,31450,72175,57207,65141,78242,80485,64474,67485,31471,89115,42099,55493,52223,08097,55339,63187,35098,86032,68055,17354,31439,62530,85240,51477,07039,51568,19213,79121,89210,19125,03137,87067,54587,69299,65131,80329,70128,59437,51267,77471,79278,01443,28231,15058,09035,30268,44071,24190,15205,07111,74315,65228,55140,97418,25061,46036,80824,11143,21389,64356,54132,76485,39168,02292,82103,25338,37163,58062,50569,39446,62799,28388,40296,2B137,14325,64507,80833,83040,77224,43135,63290,17356,40182,50087,80823,67307,76578,54488,57346,76440,59547,60505,76125,59490,80414,62475,71085,21536,54048,17372,21426,68222,17148,01130,41135,27049,51404,05007,59418,01389,03270,44175,56055,01318,61062,10192,29293,01282,46336,03030,74060,02822,55509,65054,50146,80501,95052,46337,40083,56195,46056,03205,55352,25020,31234,64548,11211,60476,25600,12125,32045,18196,17269,17457,59518,40128,46109,68029,51451,72029,11411,14401,46249,21446,15025,47221,16163,42301,80546,10223,39452,54308,28159,52087,61314,80775,45047,09276,02680,33106,13111,92060,67096,14723,87201,28110,50054,19079,55567,68172,82090,77338,45082,27351,50421,56094,88208,03014,22073,46211,27673,11132,36233,25506,80728,55420,19010,74255,71352,35052,21485,25130,40015,57467,68063,64074,21266,70569,51591,25635,80764,58233,02233,67367,21014,60594,54320,57622,45149,89021,45310,25405,51023,52469,43136,62023,88400,51372,29089,03276,60103,46035,40016,42084,42271,61500,79050,11274,74303,70429,10170,54401,76706,02112,76691,32143,16300,41153,29072,15017,38439,10255,2B313,48061,71438,89271,26162,24523,43115,43174,02047,83117,66042,11124,76332,78618,16177,23249,95270,65468,40018,41072,27070,76034,41167,39500,52319,53179,67116,34141,01212,05180,70526,55025,77238,70048,77505,59566,80571,77274,47143,70463,47040,62347,54533,30320,05116,36228,64171,59643,10442,25225,57738,02144,81320,68189,81250,57415,89196,54280,60613,62233,71306,57604,53058,17178,76640,07147,06125,02281,35133,35350,53137,54437,87008,33306,85141,43268,16109,55582,97609,06142,55496,60604,25400,70392,91553,24406,89361,19148,62773,80554,64084,67537,64560,61093,42059,01426,33388,14036,13016,97111,23173,25231,41214,67263,87057,57490,14705,23038,19150,32109,67487,16165,28054,25551,71355,90069,67097,64380,49211,39393,54176,30282,22074,27105,25479,02046,59291,42041,47317,86297,04116,27669,30093,45333,76446,31502,30098,42056,67155,61279,51119,21359,10267,95134,81038,70398,68140,67272,73246,38507,33513,08387,09172,54156,42253,80566,55156,63006,30140,80281,58285,22112,74293,35031,24028,36111,81150,03275,18032,16388,27089,14720,65199,30336,30158,51274,74294,10402,62459,85294,70561,89057,72271,10240,66195,31540,52344,47079,81310,60281,33472,27462,05008,47112,64057,14694,61206,50152,62900,35119,72078,50183,31028,71591,91079,80369,67504,18008,60143,10437,25204,37109,50019,19249,58086,32249,59051,14104,57226,27133,02799,56023,21127,57703,22381,12166,59124,34298,14609,27528,04167,21306,52523,16383,2A363,53084,77112,03217,21600,60338,52082,11095,86037,83152,50231,22391,56109,70571,13081,77024,03019,23046,80588,41014,71348,54054,59350,31272,92044,02128,47052,64475,51359,67481,46183,80530,58015,65142,36231,62355,87063,50539,27008,02166,25200,16176,30313,68150,51012,38523,44120,42166,51237,14015,59626,32086,60256,77295,50328,64409,81160,01107,73289,10243,11354,80500,64015,25435,70086,60165,71097,85216,63188,40106,60593,31198,26284,46213,40151,30322,21326,71171,14068,63449,67215,95298,37272,84078,47201,2B298,79201,71545,02361,23129,09279,52517,78171,86116,02779,59412,53018,70488,30089,08496,21703,60447,54150,79144,14621,30317,42103,16123,64096,27099,11267,04111,80220,01248,82009,60316,65346,61171,57416,51041,39006,85154,42210,66093,22236,21517,80411,59281,57235,17093,68325,26008,02462,34119,33195,52538,34006,49374,78551,81288,57501,25007,27680,17440,33013,01008,25504,83112,09083,03260,46282,54089,52147,67428,21042,27604,70532,11032,81132,27144,10101,31006,24470,55194,80577,72324,2B042,81041,60433,14225,12105,89031,30224,24567,55178,85099,43063,71568,21590,33294,80184,47024,32197,65473,18096,14495,81196,33364,58258,27360,54250,46085,63364,31201,21648,55522,59309,14603,60627,31328,57681,51170,62043,90012,68148,83011,22014,65031,65307,53132,02053,30088,17267,46020,14070,57189,72101,28422,74121,38124,24461,29079,95056,36088,63118,31366,64490,17327,67191,70517,21136,11116,33485,60023,34116,79236,65221,62306,25624,70130,01359,65401,88429,73252,60380,45210,68217,77147,63117,32452,73196,09299,76527,17235,07282,29180,07337,39265,08390,62257,30250,76123,31539,58123,62312,95676,27640,63332,24292,64487,18195,28171,07030,59026,33129,72204,84136,38221,27239,22224,31001,78565,44179,02316,08105,02060,57498,04156,66099,38490,28196,69036,02750,60358,85236,13206,79351,25316,05054,62425,15226,27451,51579,02612,95028,58119,67413,25343,55078,19189,32296,55528,60546,33165,76405,24465,51259,02626,14764,33272,27359,30350,39319,17223,68370,64221,21661,35225,54576,14033,78108,71405,35297,76753,33427,07182,52057,35311,01030,84037,55583,17418,38140,49194,81254,80601,07175,95353,11422,66211,62485,91691,10074,25567,23062,59409,2B033,29224,10282,17362,89414,10399,50407,68294,29222,68075,77532,80050,63360,83084,21578,61196,03259,65174,59413,14251,25274,67280,85088,27424,76366,10156,13075,17173,57352,18155,88493,07281,67452,63156,72360,71456,24481,62438,02226,38111,61102,42064,79316,02537,59198,71118,21478,21012,52269,09312,48019,07179,11253,97223,46168,70383,22211,90043,57081,85078,81240,64041,54198,33470,50370,95523,72244,64113,51148,28408,87077,84110,14497,27266,60537,33381,62720,65363,55387,25021,50610,71500,09040,69069,33137,21256,39076,24498,52475,09067,42215,33138,80047,45240,03231,63229,87097,22023,21373,32442,31534,55517,08439,72355,77210,14625,08354,2A331,86268,27663,55266,14488,25289,65172,12088,31036,77054,23058,16230,55434,28015,29245,28391,68050,61056,82053,38241,82141,81043,76311,43022,02522,51346,07082,53189,88215,12067,27162,77486,34203,34185,73283,07301,55270,39103,11123,38043,54482,27676,10134,39254,50411,15102,80767,88117,33228,21203,11189,72065,29227,14169,54552,31582,30256,65158,17268,39178,85125,25241,64288,40303,53195,27562,61121,11044,57675,55446,62782,35127,51200,26233,94078,24117,97415,55419,71027,73265,18224,17119,55073,71162,14119,80330,30080,66206,53255,35286,15081,80303,76355,66181,31309,15253,50070,2A132,38420,31114,25556,62309,64249,72226,37057,30122,08417,79290,74032,45293,02320,80426,81191,47321,01216,60657,74062,52097,12100,63396,60314,47133,65306,60169,56007,46264,62070,78147,50551,02643,78317,55557,05049,42297,13036,50474,91330,33197,63218,72375,64178,69024,22379,91115,80214,2B159,70133,40220,55180,50266,18058,47292,14016,33538,46307,61416,44171,58005,64528,34181,80531,40125,25222,08216,67340,34329,66104,76680,41128,70253,01422,76470,51320,18229,27044,81028,63390,08175,14399,37040,78043,30353,47293,31454,14753,15181,08432,66015,14482,83103,77141,54084,70521,22145,68157,40073,81011,81315,89397,54432,11440,52313,56050,62686,34244,35310,56074,43240,51284,91461,51176,71369,67283,37104,46197,40308,42308,80295,06045,29292,32468,63377,42273,62704,36067,14050,63325,22110,37253,80333,50619,54015,51118,24393,33214,85285,16003,32240,84049,01013,03074,63294,80189,85029,74224,24564,46024,02446,44007,81133,73215,67303,62436,32243,91661,43191,03003,34137,65325,86157,30297,17305,76694,42218,40143,80572,88308,69167,72346,95436,15248,71283,88151,69111,21337,71474,2B150,79341,54282,14224,64513,24311,63359,88169,04226,10246,32047,22170,14516,08330,32089,46218,41174,24568,21061,37086,2B152,44203,51258,10331,14674,62473,80702,29186,04030,56126,36040,33517,04227,08483,10179,27403,02167,01114,57711,91001,64379,61452,85297,32044,39307,57050,66059,53023,14168,76122,50258,48068,65311,74046,52369,72316,26145,59033,38353,22171,51049,10139,09328,51473,59007,39453,03092,45095,62429,30163,49021,67410,28081,57039,34294,11337,14473,38110,31479,01153,76186,33288,25117,76239,74279,03286,45227,21156,02466,05168,85077,75111,17300,38326,37082,22079,56135,64336,36074,08325,34214,58096,56046,46112,23061,51058,24489,36164,41047,33324,14060,59180,80010,77458,80193,89204,24502,76411,88476,56026,04155,27346,39391,43110,30334,76715,43011,02317,67205,42209,66219,21039,58216,31422,51092,2A324,68061,55133,55193,14391,35049,69205,28057,71350,60067,18191,67194,88452,86111,39344,85174,79241,51100,12066,77509,68337,70324,43239,50034,78442,32036,35026,44025,55072,76629,77492,08333,88424,47091,2B046,86055,64366,14014,56092,43102,88199,63378,37165,39443,62595,88176,22210,30179,85017,28252,30045,09303,12156,70518,77510,19077,17230,67542,36084,86004,13063,39218,86162,52155,32385,63455,89377,55174,34084,30280,72109,74169,35015,37123,68115,55061,16308,86065,72027,26254,48026,54558,33395,19201,2B354,37006,88156,46224,18161,88454,78033,33067,88455,14304,81175,33001,64023,52061,48117,12086,68086,80024,62621,16271,81120,71217,44015,45286,67472,53208,30355,21074,55054,21324,03067,62718,80765,84125,76165,65226,68125,60672,62706,14223,05009,52292,55554,17256,50190,87027,27498,32400,72009,17445,65370,81012,76586,32372,27591,64280,14586,27507,29230,69148,72322,14341,2A142,10395,46163,28048,33088,52091,01104,75117,65013,26357,66207,18028,66053,38487,70275,07078,48100,52484,73313,51151,33247,55341,43095,46176,29155,46223,46277,09038,47165,67192,45049,41147,63171,51512,19109,23131,70171,28132,72067,62502,25261,02318,31128,69253,56170,65089,52341,76542,08418,25544,52107,25142,69286,02427,31561,09179,39083,03089,33130,86161,17285,18002,57257,80508,18268,16148,84114,58117,21609,54300,01264,02071,71520,40292,30182,25344,25410,51358,76563,76009,39233,79014,12118,25500,48083,23020,76290,45089,09086,28030,71143,36186,50186,2A064,80145,07031,26001,38045,72347,60278,60311,91333,53037,40031,27309,44086,08111,54239,17345,50003,79038,51105,51260,55351,57484,70425,78356,21375,70069,31495,33412,65313,07306,37079,33004,83139,82177,58179,54438,23197,63399,44009,68229,88528,86183,33475,39427,91508,28291,86228,56130,91613,91081,39530,90095,16408,14465,88515,19164,33400,94065,80649,38436,73004,58063,56033,19122,56009,62048,89246,10209,39232,35321,72366,26040,02013,30172,89235,08081,80199,24124,54095,32456,46061,73142,19138,54348,89180,27294,57514,23099,69056,04022,40157,50451,69047,04191,26058,76583,62878,31382,52039,57292,46007,35340,36002,77382,52242,55139,53097,97106,57404,91657,43008,07299,07137,33329,89285,70567,92046,27406,38272,02485,50162,38543,87163,63023,45105,90085,23030,24145,68340,62349,57765,17036,82192,57718,35230,72280,42156,41055,90087,78372,58104,33241,41026,21618,51402,39286,34193,59422,29066,69033,97419,25178,47213,26277,80344,14147,80469,08244,29057,87005,31101,89478,54162,65379,27169,27208,76240,60079,54523,67167,64341,83134,45004,59399,60677,62341,45262,21556,68143,63083,67048,47174,59114,86049,17202,63113,52060,76604,01374,33134,11362,52203,16039,91526,28273,46039,25554,69092,39432,53005,13068,97314,59340,25452,02003,08366,76042,54227,61271,65200,42272,80614,43186,09095,68199,33258,34004,15228,57017,31480,39469,50587,10066,53007,40149,60138,71250,19005,24345,54474,43097,04219,74231,50274,62662,67352,64359,67423,31160,57234,39016,11087,44186,87025,64424,12203,12292,74299,02127,43045,70147,69277,32124,39132,88457,10349,31542,57685,08332,41196,82129,89290,12061,02359,57662,69062,11053,01001,25179,61467,70583,87048,33196,08379,10182,33017,12206,23035,65458,23109,31512,30348,64115,89112,42091,31093,23105,30133,30291,52330,55111,62243,63373,27287,62191,14171,21665,39480,39493,15054,89392,2B303,37137,77236,12205,02132,64551,21671,02618,70058,17409,17130,63230,62190,25362,47233,02662,55264,88333,61197,59035,72136,35223,70049,58077,72007,33074,67045,65479,81174,61142,63274,67385,53090,79244,02035,16222,71225,26351,50261,78029,02525,62245,70150,63174,67144,38023,38019,24211,45271,48010,47295,74249,27677,12224,11223,57481,45181,10020,70393,68198,19274,39537,65261,34022,30062,57104,58240,56002,60157,40141,57046,57725,59141,14343,21199,19225,30028,29068,41127,85136,51111,35061,54181,70419,97304,40261,58056,38406,01357,16207,65272,44076,29152,07001,74276,18206,64031,25277,64240,55026,34035,67366,59471,85133,56035,14079,88357,19167,16246,47205,23167,64207,80725,41236,03049,14684,61432,25193,31089,24223,32337,03177,60624,76275,64241,86019,63417,57127,86002,08455,59133,10297,01094,80316,2B002,54253,35353,21476,43241,79198,71253,40098,63451,67198,72011,63246,01007,32305,33528,37205,64480,19140,09004,76588,81203,42255,91017,91463,30260,58207,47181,68348,09145,86036,62657,25564,76441,77240,66026,40052,23228,17382,02802,38456,38080,81304,80161,47096,48104,17047,61348,73010,27078,09220,14368,62601,73094,69020,77322,54321,57659,47039,34312,18088,82153,45094,53190,47220,48065,16253,39323,35336,12042,35066,08184,08029,61423,15261,09240,19239,25025,58029,51538,72313,02271,09116,24379,14739,70356,74272,30076,69088,21298,52178,54472,70507,47158,44099,49333,86088,76389,51125,32288,61028,62754,67238,55150,81256,21083,11305,04127,59120,68062,09049,34158,70175,77293,52022,27646,44003,50138,80771,21706,57061,08102,59024,70355,08134,40314,21362,01206,62282,48176,95612,27478,40026,27369,48080,50456,55405,27514,33442,01188,03122,66044,63138,57030,67184,68149,83037,01307,27552,65337,53185,89288,33101,80583,67109,90062,10175,19022,55204,23214,63344,62495,18132,70293,59517,08230,39249,76139,71282,76566,82094,87144,06017,39396,50175,63270,62366,95012,06163,52028,74184,08132,52227,67417,76012,24109,31490,27394,67021,53067,70141,46005,2B366,21489,08329,72176,50267,09154,24582,66224,28210,52520,95303,30278,39320,53251,61168,88363,17082,63350,70522,91692,63313,59640,59077,59485,42233,21297,02748,02242,51654,51662,62368,03022,63281,63091,10398,62778,32266,28292,03282,17479,67365,27459,24478,81080,57086,87158,02330,84073,35171,63149,14261,72015,07194,28056,80673,81188,10092,09339,07348,51078,73153,86031,14030,09047,59317,51471,62132,57460,08360,91435,10294,05073,36023,62507,46065,21628,54142,60565,56077,54235,76648,69003,34007,15101,62531,18148,23190,68176,51098,15096,30130,50199,91130,02200,77014,41040,67488,13095,73043,33168,50538,80622,50491,60340,25262,02521,72098,25356,57635,68331,19075,39513,04101,56058,71078,80757,39461,88222,60608,42188,64149,63223,53173,73181,64001,10379,76229,51352,62880,26381,2B153,35296,32444,10436,03005,88130,01142,56012,02567,51397,38555,70154,14721,02393,34045,88214,85131,54147,19151,28372,89005,85149,33096,26342,03126,59386,42161,14277,80537,33332,71340,38257,81070,80016,11293,52474,21288,81242,24374,38533,74218,33037,02507,54295,68167,02651,16424,29281,45315,2B291,97606,41066,04145,10285,76077,80706,03221,38414,41062,77270,89237,27582,70461,12172,32145,39041,64404,19078,33476,61096,21414,24026,67434,74147,2B093,34099,40017,54580,45067,72376,89481,58125,80675,88336,32463,34076,42323,88133,64167,61113,87122,41205,52406,14243,21712,62152,27550,61406,38300,46156,26303,81184,62121,74281,38275,08453,61213,88504,61181,24528,54433,95371,14293,80202,51074,57066,43033,55024,66007,88081,14049,93007,70019,39030,41230,05063,14706,08138,12291,19030,80253,30323,77129,80005,80434,19014,80108,88415,23165,51622,24208,57511,71109,89073,83062,12099,79175,92049,91414,16062,14085,12180,74104,72201,40238,32449,76581,25372,64303,14487,70514,11397,21623,02051,91093,68092,21396,73042,38537,74312,13210,17152,08286,03052,17196,50484,32004,41160,62119,55315,15242,61094,73224,62653,27609,73273,71361,84042,56005,17317,40175,72198,89304,62518,45235,49027,86154,62711,89278,52383,01004,37146,29193,52483,2A104,26370,01380,26016,83136,43065,16031,32254,54511,30328,46084,2B340,31413,02585,33200,67382,06068,71050,71295,10057,42054,11003,70331,39011,62835,22158,49209,25079,09107,89116,34130,49131,21011,53233,33289,65136,72186,85145,17021,97301,18041,45303,52014,73306,91363,50093,69115,40100,65019,63258,38033,26143,35237,81082,08136,39151,57721,69236,28127,63228,28089,23088,16304,64503,51273,02387,57719,65299,58254,70311,70279,77155,40305,04218,08488,17462,33461,56083,19021,21366,31363,63080,55281,61488,66118,53213,72012,89177,60526,78126,57539,72070,27061,27068,60390,42018,82138,13017,45208,02001,65147,86024,34276,06104,02162,54529,47211,11174,71422,64200,59384,59216,12131,43005,59552,51529,31029,13070,33456,28018,88522,70168,08473,11271,70074,10304,54557,42003,91273,56127,40226,58158,67301,76517,02342,62856,57306,80749,09204,02232,53064,76030,03253,43219,65276,82027,65264,60685,43237,23243,59470,85002,39163,54564,15029,66217,81125,05132,95042,85101,57529,88244,67138,53085,28219,45002,80097,06006,48037,09088,24140,10126,21689,81045,65258,66020,24334,66017,19025,57394,31533,01215,51254,33488,02482,87160,73297,27594,63275,07321,80229,01363,64326,22087,63013,77506,27245,30141,80494,13209,26095,74311,09335,29004,66221,2B077,08388,40251,76584,74273,75114,15120,51340,07238,10032,88287,27097,29148,24444,12220,62532,76404,71385,63352,19228,61212,31469,05075,59301,17430,37247,28148,2B255,60610,81034,14231,10025,51533,04197,33059,70070,54311,42158,92064,21075,39045,76524,55011,81324,18066,51281,67087,38093,39062,47044,31554,33259,18098,28031,08304,02605,78686,38339,04057,74266,11080,16091,24280,30301,16117,62227,46329,26009,59234,46208,76471,32105,27558,70312,37070,2A019,29181,60432,68274,81273,53120,54498,80627,63420,76644,33554,35326,78128,26255,54309,50139,10161,21505,40113,42334,80427,84134,33142,71064,63028,16297,30332,32141,62288,59408,71063,09006,32434,02148,62724,25513,57724,21548,65357,09295,67230,80497,72279,76735,28351,31451,79252,21585,47038,69094,33450,89468,45225,35322,71307,21504,01112,71487,50118,54572,59551,72300,63095,61244,54064,57504,65331,60322,52094,02257,24217,15144,71386,51386,26267,77366,77259,54375,17466,61082,81314,88437,61187,01427,28114,76510,95500,39386,58137,27666,02360,42277,46161,09321,65140,62738,03280,67168,83047,81009,55189,80065,30031,88496,30351,07195,38184,14509,78076,55169,40102,73039,11398,08347,23151,57330,24500,33506,79347,38322,63395,42186,54264,49330,62301,27125,03068,25330,41017,76612,07324,63225,97201,62723,50247,76758,62383,62442,40115,38550,84115,31518,66192,02767,03125,60678,72148,23150,59062,62333,61328,67018,22332,60125,10069,02025,89362,72113,73015,76737,33411,34148,52448,67509,60148,68276,57471,79085,2B051,51286,68315,71106,2B113,55302,14236,27154,29062,51390,62492,27101,06015,27524,44170,54553,86141,85116,80476,01136,62298,57193,16071,12298,97360,82023,59249,77287,02758,21166,35360,22258,77042,68328,77052,08191,61419,54313,80724,27142,31375,52461,61420,11006,33398,63238,21631,08167,63164,57551,40267,91292,28284,30040,55485,51374,30192,06066,36108,71276,14534,02194,03039,14298,73218,50435,39422,31216,21114,87013,26353,90011,70410,40076,65224,82151,15173,83052,24159,69206,28162,25106,72160,12234,90013,32459,67514,40007,11317,79304,06054,40192,14511,60139,28404,87073,71425,25464,33093,97413,01135,07311,15137,61365,60424,57694,78070,37101,04024,05147,64238,80350,03101,18082,65002,62393,54125,57512,88241,72363,39315,34110,14500,38370,38012,69260,32271,70439,46236,51519,86190,03213,51345,30232,23264,27276,34139,55182,70046,23179,27203,16053,81281,37199,65179,30007,89297,76328,08458,21484,22067,51269,62432,62389,33544,50013,38094,35328,76065,22111,85192,62569,02211,05169,25351,76019,31005,54388,62357,13011,88085,08289,51480,14302,59173,09141,58236,02713,76285,54143,12122,47195,62691,62353,51037,85093,61248,79022,59264,24547,70247,44002,63322,78490,73017,08223,59553,41242,24176,02081,88118,64141,64520,67433,17055,61499,64223,80305,65071,71305,52217,62447,56076,02170,31178,83055,51117,31468,36035,74045,38010,81086,48067,50606,11099,02806,33008,18203,88302,88520,81268,38434,65063,02425,78677,59532,76543,10435,39137,70231,02377,38214,67313,23180,09215,40312,18288,72337,87072,62278,70011,25152,38471,28334,71590,68144,2B261,70256,24499,23112,65413,82155,42284,28077,34179,72106,61241,56251,24512,64532,41073,05112,69112,54325,70534,55088,28010,39376,58286,53098,38346,41194,69105,29225,11230,79185,88252,09297,71051,40179,66082,84018,38040,44058,70304,55285,43187,31020,39379,71221,64029,21433,06144,15168,23066,41288,67355,31527,09282,67325,33401,09269,70207,35021,08451,40195,01296,33308,10015,73272,69013,68202,65146,87198,62561,32084,16055,67056,27306,68052,86089,50364,25111,43238,74108,33406,34027,24172,21067,80356,57433,74008,50194,47056,39462,27013,2A174,87020,88046,13040,80313,55379,57045,51108,2B277,61446,81103,89002,31535,80242,27048,56145,25465,71417,57367,05059,33234,18043,72076,21032,25013,35334,17260,11155,03163,10428,74200,54292,25596,61210,68004,08219,79312,45021,67545,70235,56065,09259,45253,24520,54231,53035,84005,18214,27380,80011,80170,68046,18282,80630,55488,63312,59335,78605,69084,78499,45299,78597,36090,69225,32173,77066,67527,17175,77154,03261,01042,80699,87181,35215,15164,22088,71576,71226,25472,81300,41190,87153,81278,58026,05028,78005,55380,22272,49308,65029,27496,02821,51614,27279,47077,29058,24453,56189,58261,84094,23022,62103,36172,22090,01095,27430,32402,30129,79348,59475,23175,44048,56119,57762,38069,51482,66202,64505,66083,07044,63112,80796,50633,46333,80033,35200,44124,08383,27364,52177,70456,62556,37072,97420,72056,31143,71374,2A099,44184,21522,50574,57430,65143,26375,89436,08015,25368,86105,08470,25033,76361,60035,57254,64358,44104,91086,10197,63412,25616,74040,59458,32113,33202,38170,10288,85209,89004,85215,74001,88061,26045,67289,24136,89323,80451,54234,71084,27471,22222,11287,70446,51044,18093,88270,74205,09263,32335,39199,76168,51464,54087,39458,73026,72312,45215,30154,73077,19244,88255,01011,10080,50228,76050,39355,39362,77434,11315,67502,21119,36189,64044,70201,78314,88342,77443,40222,04228,64154,80117,88447,65234,35314,45331,35268,82051,19285,09273,38340,39007,24505,67072,25185,84034,52021,12194,47053,26178,04032,67482,39177,19063,64537,62611,18101,25633,10417,02068,69182,51173,21370,88320,56190,11201,66231,78335,60513,02426,01342,21399,57563,59022,42027,31262,14254,62729,80401,53047,38404,30025,04081,55157,11094,34319,12176,57026,62083,63398,62391,74244,79183,32013,09055,21229,22144,14520,32415,35193,08457,69058,70053,80061,76203,45278,76140,07346,67369,02235,70479,01083,28050,13098,54403,37119,12247,23044,11285,71488,62107,17403,27572,61118,18144,77415,18108,71310,80726,62578,12115,46081,64187,18181,44097,57165,68214,44066,63182,61463,67258,34232,43030,70071,64133,46003,63397,32052,51636,26244,97122,61258,35064,14427,76347,03167,42112,76017,25090,29266,72087,62891,23183,22296,85113,79319,07178,85189,15165,43100,67225,11319,09052,07274,05110,10293,52370,53187,24086,34218,51375,01033,88095,55561,79046,67070,56075,18180,77289,33199,58064,24442,63084,57600,43064,87137,81047,32257,85011,45270,27421,06146,33203,24156,34133,79117,57028,46011,10375,35256,27205,24268,16350,14747,30352,56113,14535,46152,14656,36149,54393,57408,65320,70547,81177,71116,66086,05052,62001,10035,32216,03251,43078,13048,68317,39205,2A128,28014,02083,02352,59196,70189,63356,76436,38162,26287,80300,12199,49368,24087,18279,56146,16237,23134,79061,34052,82107,64109,11071,74061,89289,46225,35041,39234,02340,59521,26027,2B173,02094,67350,33246,06062,76627,88265,76351,89225,21403,76100,39122,86100,34241,62523,46118,25497,50425,14605,60538,76617,19033,70417,89068,38113,86182,07302,68288,27480,19011,36102,80206,62250,14106,76220,85190,67317,41007,07206,60286,17054,44073,63422,55286,54465,97207,51605,05136,44215,10335,80513,72259,29297,35337,44152,39273,47260,60464,02073,39445,28277,33038,53111,77096,11004,67068,2B201,76490,68141,32238,45196,35128,09126,18051,26257,34313,43121,79243,80358,02560,29276,38361,66188,74083,62509,38073,21321,59251,80760,97617,79238,15125,63443,06122,77098,24318,42256,04245,04055,29037,85023,21148,80198,25335,57003,89211,89306,02536,03249,70263,79106,52258,77007,39002,09120,57090,22387,33245,65223,73307,31494,88428,05064,14021,38552,21279,55229,33227,39248,59067,51355,62683,10245,57123,06057,05086,44188,59491,47184,72149,68385,33083,64302,30258,62906,60363,61352,76324,68178,46169,78385,47030,19153,18127,57351,62733,87179,52358,68069,28124,24254,41100,85276,39210,15219,69193,24260,32191,55430,83135,69107,37145,17083,66038,21284,69059,74176,02263,38172,76465,47003,38082,77043,84147,74269,02784,88021,49160,71366,49215,17441,26330,63254,61037,65351,42154,89355,83032,02346,62168,38070,57194,11207,51277,19270,58116,17231,06092,70302,08275,28140,35176,54322,02084,32393,02453,67348,81099,30184,56136,55497,24196,51441,17304,88253,39297,51231,36022,62479,27137,27482,56261,02481,43105,14614,40144,25524,41059,16167,07026,32399,80459,24015,57644,65399,05184,02006,39507,21421,42096,44154,62020,62859,64037,60641,85246,64330,59647,54586,60030,61442,95566,57508,49260,46053,36125,41119,84022,69173,58235,72348,52414,62815,77082,39052,89319,39405,50196,25306,63403,32464,61240,26359,45132,04128,79331,65047,06110,80067,26005,81208,88361,42321,76348,39149,88354,59500,18029,84006,25124,32289,17340,01073,42163,59123,08497,29002,84108,65175,23118,42046,59465,31391,42187,78516,71470,24330,28137,36211,11314,34286,78285,19154,78320,27300,82123,84150,16192,61387,21076,38057,60014,2A070,11282,29249,08367,47161,22005,85267,24193,54232,65402,71029,32054,62011,76365,78364,02777,54203,81100,02414,02817,80226,02384,21161,08186,46212,62844,24132,17193,22291,49307,02044,66193,31205,07223,60081,54491,72192,69065,57422,74058,22117,02452,57647,36218,27224,27664,71480,81236,65321,18176,60611,56086,07153,70330,76618,56193,14558,58124,49370,27505,57060,21309,61396,01322,19018,32175,34277,68174,16342,61221,25517,05129,49323,21338,71324,33235,72047,27681,02145,88291,65285,84026,76463,62746,77207,34087,81068,42315,15186,88445,58118,64217,62008,31251,81295,49125,89013,86171,17303,35103,82065,56180,24370,37061,64440,51140,28052,27055,73157,74201,82157,21539,63233,47262,41253,57273,08247,07091,80372,71037,47308,30161,12221,61277,57074,23043,76104,27691,42278,89387,27565,32425,64275,81323,14266,89069,56085,53123,41176,58043,56096,03216,72008,88099,42184,54047,2B081,40153,76709,21268,35274,21331,25160,65117,28032,58001,50227,54185,08302,90048,91432,06109,34285,67036,18136,19129,54549,07087,26228,33432,74034,52352,56245,11238,79102,50145,61023,88431,14419,67420,77352,14536,57586,06159,54410,39106,48144,89067,31509,64504,25149,60123,62373,15232,61259,21705,90016,39204,33493,62149,88406,02363,87116,10352,56093,64320,88416,02264,91129,01428,15167,46242,83018,54526,2B037,88518,48168,08003,65104,36007,74298,58152,80683,22028,50428,80171,63074,73030,40059,52365,37032,17314,16065,06014,67546,70582,31098,59586,77463,78162,06112,25058,37027,71175,57255,29102,26113,04162,97308,31365,25072,14001,60078,59300,33163,51549,68360,59043,59662,74089,36028,02757,67182,80259,13077,11350,57614,25187,02072,95271,27117,46270,34206,61450,35270,25516,09094,31305,66191,72297,80298,73089,02472,10149,65301,81322,51543,27340,49112,76725,76547,57409,12146,56175,56160,87036,79230,55278,69135,79303,02639,10316,55274,22029,33100,65061,62254,89238,85127,62802,22217,62772,81190,50359,14227,11160,15250,58035,2A211,01297,89466,03184,51499,62022,21367,23221,74196,31183,57343,07239,25507,61194,60044,2A060,57323,62630,11438,34029,60530,95205,29093,01373,59295,80169,51143,31182,45297,64148,57475,11127,76430,02764,21710,01171,52050,09293,13043,61415,21341,28227,28335,71581,46046,26181,02663,62617,45340,76105,25071,2B187,54458,02504,02324,24183,02619,80589,51018,59377,31402,89059,81246,60242,54085,58153,66025,63445,88319,11200,78255,31227,21385,54260,43101,15255,49353,62740,10203,67115,52535,43107,04121,41292,76362,94069,57139,59308,66152,76459,26298,59060,52311,67146,79202,91338,25257,65244,60190,33215,70258,58291,17163,34128,71024,21638,50256,28182,73217,32007,31055,77095,21079,64425,02135,62901,80766,54214,25469,36060,85143,76631,61153,34159,62267,39579,06021,64416,63108,89427,40230,10359,80732,25004,51154,79170,67427,95309,59267,15157,29019,39322,70096,57615,87202,31197,09332,68296,58290,83092,85301,16356,31176,82112,27501,55137,83147,69085,70512,11180,44123,05182,01258,50401,24168,59182,71028,31579,87192,30035,73099,25188,14384,62135,17157,15008,54349,28279,51276,49244,76278,33174,22206,2A133,23053,46228,38532,62705,82005,45066,11082,80233,77290,10068,91477,13060,71316,30034,56240,41038,24325,31513,76158,19091,09258,11391,60502,30193,52035,67059,26075,55101,61290,27252,32239,09069,40062,88237,82171,14574,78269,63085,62147,73207,54397,59537,2B003,76546,70315,33155,72278,2B121,25102,60048,24514,88473,78188,25264,50149,07285,71087,61388,23215,33095,43035,19069,52549,47316,60171,57695,12030,57326,61054,55525,04231,26078,15018,02706,22260,27547,25548,61350,47257,59319,86134,17005,89120,62167,77237,30207,63081,74216,69086,19214,77344,25474,21322,77132,24551,51009,88312,59387,21007,03222,30239,52346,81297,63003,49361,33032,2B207,41009,54380,31162,37016,24303,83093,47328,24552,43184,59098,62046,39481,27047,71439,85040,07322,21153,76352,12142,88137,95046,79048,48018,51121,30298,17181,80797,77302,71040,25048,97130,32347,67062,44135,65271,77516,59258,80446,35002,27281,65192,50450,34226,50609,31108,50229,60269,16183,65112,46052,10167,77301,91326,80734,86027,16323,84104,29204,21524,59096,06060,64118,64502,38514,30251,14474,48045,42294,02028,81326,41044,07049,70226,68181,70386,67305,32363,80308,59575,14728,80034,59351,11250,11083,2B111,45145,23184,42270,83091,79289,68384,39065,27174,08314,72135,52105,69257,32329,33292,62500,14682,13020,77158,54236,08365,08238,52173,70406,02406,64350,51416,02460,2B147,57188,07105,11090,15153,16318,42173,21090,68263,50580,41075,08429,60523,89428,42011,31333,33531,65286,40103,67016,27059,05111,02834,48115,21684,10296,83046,53029,11142,70384,61222,91662,11056,27400,69014,71410,77060,02622,31151,71013,68177,59554,30155,2A006,61479,47320,01385,12270,86257,61435,55275,28259,27052,56233,01352,09020,82184,37100,76010,10276,07345,08001,65203,77012,17241,68082,60544,60196,54466,61228,94041,35134,76211,60182,14057,74166,72168,34279,40173,51089,09301,21125,77389,2B102,69120,18003,14455,77152,15194,40156,77420,18146,23068,02418,78668,52168,72118,33445,59068,91161,04124,90105,37180,11366,02648,05072,60346,10312,80317,40324,80504,10403,25471,80505,2A258,74226,2B216,76319,46047,51215,46296,07079,55407,78474,80399,31523,62188,04099,14524,27557,01163,67486,01314,80172,85162,68002,57759,72128,76592,65423,38508,51559,51053,21465,54567,62471,76531,54285,78683,58038,02336,97414,35099,73240,60155,95675,82058,50498,07339,41232,21200,28302,70428,34104,54354,76597,72122,89388,25420,21543,2B352,32339,02514,86132,61402,31546,62829,25091,58232,09119,12015,33297,32397,80503,22268,80028,52123,09329,2B222,62548,50324,30205,51161,52470,08321,35006,91228,2B195,69233,71495,13051,58166,30024,38054,31014,61486,65133,32097,44162,03265,66010,71026,67302,63144,29044,59185,17296,01167,13112,25429,28003,73058,53243,24495,02564,77413,29291,76261,54383,69199,86140,77361,10397,64370,08131,32375,68162,02086,21265,54223,76608,80243,72265,62153,82182,62332,74308,30149,62493,07312,45008,08106,33397,78231,16073,15084,12149,88466,59670,22056,65387,44133,16362,01183,40174,72361,60102,02645,55037,2B306,11276,50398,61391,08163,23240,38400,69116,29169,33441,30012,80288,48191,05176,65120,62812,81216,64072,61038,60071,54418,68283,05022,14666,43104,23230,01444,53122,57354,50300,22370,01197,02818,40186,70103,28104,68130,63237,72058,89008,21512,24388,24463,30070,07176,86285,52515,47182,39299,33073,65107,84113,33323,64048,57708,88421,76537,36141,30127,73014,85039,64100,71179,45160,62696,78466,40082,06145,51527,03063,50272,57606,42110,02104,89164,22197,33119,12204,67103,88389,38315,60112,61384,67197,26211,76007,12165,55260,79081,01424,85004,24516,60439,21457,38512,07122,38009,35115,17385,08269,39466,02389,11279,02781,48105,28304,24449,25598,40257,57291,78623,11378,17058,12059,28303,21247,28218,24346,59121,68114,25209,06004,62526,71052,36024,56011,16087,2B339,67086,04216,33276,81060,07093,36165,69292,39155,59008,51245,62659,23037,01391,08047,82019,46302,86195,84002,28314,05113,39490,34257,60528,57172,79062,38065,82011,58189,42138,31223,38289,57049,25017,32115,40029,13099,28326,70403,72048,11302,67418,17449,25466,24522,76558,38544,28359,31131,62542,30175,34324,71255,51004,55146,89085,70394,32344,63331,39117,07100,95387,89383,60465,65144,04217,81154,68060,12170,27500,30006,37273,01009,08234,42124,45309,27606,73222,25448,02653,34270,87058,04028,69052,06161,29067,63194,62866,42113,54010,01339,02454,74173,56226,71389,80738,22362,16303,04203,67028,09290,53209,51302,68180,43051,52234,55214,57316,53071,22273,72181,95452,08199,88182,80445,31376,57286,83005,59538,91556,15074,85232,51465,36117,44077,80611,04137,31258,58107,63172,40298,88220,02589,64311,22339,23189,38480,70113,38567,79300,17075,86235,44062,18167,01068,22322,36162,59441,19059,77412,24090,17420,54366,39092,59663,59322,91544,04202,24024,51459,24282,46288,69083,27116,02428,15038,58072,81225,54305,78034,76268,51406,46136,90084,42121,57509,17359,13086,02029,52335,42052,32150,02659,74143,38454,50181,57096,45086,17450,12080,74235,50296,01310,05140,28251,55574,36026,19279,34142,42033,59472,33460,34153,09185,54117,74101,15187,13033,54496,24563,67110,24426,03241,31072,76752,45174,60700,54556,03264,34320,38548,44128,60570,59438,85182,54261,79251,64452,90086,14648,27365,27071,37267,56032,65049,27441,51187,28040,57654,50564,29259,78437,37008,76114,17031,22368,59019,51339,22149,01284,08087,02021,60662,82089,77161,19084,24021,70102,30115,89229,83007,58126,45266,11031,01077,41274,25325,76071,40124,59252,53115,85255,31206,70519,57161,42172,40313,69145,64179,40219,25045,64436,29114,45197,62049,45220,54584,56088,17424,88443,11399,40183,27672,08170,24509,74015,03273,47118,26356,74280,60602,45199,63109,23229,94073,17150,26355,10206,27333,31084,14026,02509,64069,03099,45330,60087,39180,14397,43172,21624,15064,42293,61510,35154,2A198,89254,73135,30099,32277,54164,55295,69108,08171,54200,89255,12300,22294,08463,76113,28064,10144,17395,30252,72340,38228,73051,71284,15051,10058,81172,78062,25440,18283,47188,14591,31586,11029,62808,58134,69151,45121,27021,76667,14196,07056,33290,52545,69282,38273,95277,57705,71558,12089,54562,11228,56102,34213,73159,77374,78089,59489,59624,22062,71111,52016,81014,38382,88087,85034,65106,86081,32272,74037,62223,04034,62787,26325,01396,47140,02740,29218,76133,62426,03079,76431,22237,19115,62340,80102,52109,54103,86126,46317,03038,21599,79007,82059,63262,27531,06028,38154,77348,62583,59463,25229,03075,22113,21144,24120,68287,70052,01202,44107,88057,80514,27217,80623,40318,70177,76628,73280,65065,88245,78536,42055,77159,04033,21335,80743,67548,65241,18205,38297,82032,21328,54501,23223,19009,32208,76522,47280,71472,71010,02676,07184,25284,10219,69289,71041,02195,02358,54002,85102,31074,14685,27413,10406,39267,88074,71578,50094,53184,28080,28230,03180,63371,89367,77048,11104,09048,41254,71127,67260,87087,81238,42337,08373,81008,62423,02345,03256,16264,72126,95483,01017,27467,62640,21402,21058,49056,30341,22082,71132,04235,31260,65127,02153,32211,28161,60107,62177,89088,70369,28410,35259,67372,38319,30066,40276,50124,26137,60499,49050,53133,82181,17227,64145,88119,64134,42222,65471,63452,59074,14346,57664,80661,67073,64301,59453,22348,02206,24289,61436,85273,80773,26021,50177,64340,18234,26125,63115,71502,59629,42040,52140,72170,77139,52206,84057,14238,02532,55530,84151,66150,80522,25442,31560,32023,76493,01378,60376,72053,59093,30059,06018,88433,44126,63146,52214,55536,14748,32342,03196,11028,38003,89443,58156,25217,33465,22227,24340,39337,47029,78327,79271,27487,45101,34314,70340,88531,36147,60524,59565,47095,28310,29156,57106,11149,72061,10103,50058,76132,57605,02543,62071,14698,51389,86133,28247,54441,22086,91175,86274,54007,73175,80708,30344,64010,45198,58018,33458,37098,65460,41223,60695,46129,84143,59596,90100,03289,53172,14327,72310,89083,81239,24245,61456,21253,39088,18112,07308,65034,86242,32315,59357,2B346,76210,68074,19242,85169,04049,39350,01024,48146,43267,57417,57453,67183,22282,12281,65470,59613,26300,60024,60280,80320,77046,52121,61386,08425,02090,45028,65118,69383,08459,08206,64374,80391,97356,31105,62396,42251,49291,22310,53009,70026,59610,27233,54314,18006,52183,83019,63297,12108,25318,88122,70427,21246,83003,31065,14627,39055,65274,14257,26182,03086,76316,09065,40134,64206,03237,35363,87059,89452,30073,52423,56213,07128,67425,83146,46195,51193,57383,88035,19272,13056,57673,12195,76288,47164,63067,23234,05153,70537,89345,41245,29217,01035,10300,04190,88005,32202,54081,87032,62015,85238,73050,65184,08356,81079,55071,58109,22036,03172,58287,03080,60461,29257,46188,74261,60654,87041,57419,80821,80432,76678,80154,86197,17063,63462,11437,76748,47019,57668,66126,22221,14719,33105,60262,92009,64445,18208,51601,34202,55106,91359,65435,55300,65273,73298,87051,52142,57160,77296,85140,22380,56056,43157,08130,52425,34097,45085,71459,62755,31018,02451,35013,60240,71462,85196,73154,22346,63382,10421,38053,32164,29123,33519,02288,62345,50096,31244,18121,32311,97406,27579,02100,17265,16155,78082,22343,55159,51045,04233,62120,85290,59433,85031,25555,39014,97423,21041,65371,07117,74117,31497,60020,11166,71464,23219,24383,21089,61401,2B025,80104,54573,09241,62322,80222,07257,58279,55346,68088,80533,29141,56231,63249,35275,76395,39078,35046,27538,83064,46192,32366,88370,79343,85153,62572,34054,63444,71030,14311,58099,09210,81255,24493,51560,22026,2B256,88311,25511,63309,61229,50326,46330,63351,76502,25213,60177,16116,54192,72349,69060,64500,68235,54061,91377,27597,82119,84122,24030,57669,64439,80129,24425,28352,39049,34040,73267,58089,46097,09096,31393,89277,10330,83068,01106,72169,27399,80659,19253,25537,69039,70380,72218,29206,38104,68376,91179,57036,71297,48173,89126,54153,63128,50492,31385,33354,80246,35347,07045,41004,59432,55199,56030,76573,07088,28126,03028,66096,76112,12187,71523,18223,27534,21211,56117,42069,84124,42001,10012,67495,01295,14034,88006,35307,65090,45052,03071,16212,80424,60331,55382,39108,55555,68122,61111,11048,08277,33293,81210,21207,70083,46002,57566,47151,09205,59336,64188,55340,53117,78564,31571,71362,51547,61444,64161,90067,36182,21030,16162,91630,27198,45168,04220,65481,58227,71342,89274,60403,68106,56123,57152,41207,84028,33504,59126,38291,26019,32382,08363,31400,64067,82008,52378,10174,03320,48054,59410,27246,47230,84146,31117,80628,10163,57099,69190,59576,73179,19035,67161,15049,33336,76574,76032,76330,39223,51392,84121,62505,46117,80249,59159,11112,59541,60632,25183,08351,47045,80779,21293,01383,34280,57544,24243,62699,86226,91044,80279,27660,86029,14645,46160,58069,66190,30310,48001,51582,35345,59549,38265,58039,64272,27483,64137,73048,52316,68045,88128,49278,39288,02610,45183,81040,48004,03027,61139,57379,86138,82124,21663,80520,60247,10118,62427,31071,12263,25104,33407,89249,11364,30231,86014,02492,86084,65344,45180,57169,88442,72040,21555,23127,55188,71275,34207,91085,80679,76173,11139,61369,11122,17423,51229,07134,50253,62208,44105,33232,30023,31265,50448,71220,76451,28094,11119,66029,70378,58174,51043,03183,10287,48158,30106,02726,08465,68308,65129,88248,57289,08142,28065,06080,80237,69203,15154,53125,09082,01031,57395,03314,52375,62571,88132,42060,55495,59514,12153,50521,60325,67009,16396,59405,42039,52307,09102,61300,69035,30314,73285,57712,51393,54173,34016,46273,04200,43038,10123,47026,45088,71256,67552,88259,80352,55035,83048,10082,11173,59390,79329,32221,08235,40038,45126,17328,10433,52267,25393,50078,22119,76118,2B260,54195,15244,14248,45064,57679,67130,12023,80598,12013,31157,15124,67081,10230,52199,39245,07094,89332,18081,34120,77044,65149,71144,51646,55242,27375,72103,07066,10136,87056,40001,38394,11360,18126,56090,26319,72125,19222,60178,84055,82062,41002,08075,01165,25395,57219,89227,63414,31097,24084,76036,42320,11380,18030,77410,09071,64377,89228,55239,80664,24356,33312,09039,88512,31467,54379,53212,56100,15123,71166,80780,49200,77229,62504,31112,03156,05046,12208,22279,70137,11133,59567,83107,62679,38383,89146,68373,02286,07331,18053,14272,12239,85293,62851,89035,14546,12113,45098,03061,02123,25357,64018,30300,88153,59637,68021,10333,45222,29007,51252,30113,04142,02628,38179,11303,26296,16171,27615,58094,21572,11177,09171,59315,65009,61260,62889,25040,56249,39253,51595,14198,13013,60554,43208,02357,10270,71423,74258,25562,52161,47256,52034,38562,51152,30202,10142,83083,65389,59436,58108,72144,36128,21327,81151,23002,62833,62682,70328,41039,28123,17145,21162,39262,61020,63441,89134,69130,63288,67347,28109,51057,18272,37178,46262,17380,43098,26173,69118,62615,08077,40325,35240,65455,80481,60260,68104,35263,55562,19057,21132,30104,02099,62562,28330,15108,59469,77120,09106,2B246,60648,26055,91122,38479,79267,31532,31281,52019,18225,64418,10104,83022,67371,81209,17321,02707,60702,73023,61014,88330,35305,42328,88434,35111,26079,29142,86011,60411,27464,67359,52376,13031,69012,59620,62789,2B225,31107,09292,31139,01174,59374,01364,62677,08398,22013,83111,02766,52401,38324,29036,07103,76129,25235,16026,77431,45006,77523,55399,33150,11206,40270,66141,70494,78233,81187,76204,50312,59632,33049,03111,89438,19102,74288,88412,65218,11316,52095,48055,54600,76570,41233,58025,85268,77440,22148,02545,31261,69293,82024,64193,25462,62655,63060,51420,48009,77089,83105,77298,36227,89184,76308,65197,31009,14672,57506,02091,2A322,77355,68252,91408,55570,64451,40069,86001,31384,28280,14738,12057,66137,02131,33433,39385,81287,62244,28198,89300,12258,09197,14663,65338,97230,50575,66043,80545,59260,08407,80595,71236,16157,89475,77407,88359,89268,02075,89066,68347,02283,33408,52271,11233,87015,94048,07142,89206,51576,77191,23242,01319,82147,25006,09163,70309,34062,36200,43230,57270,77156,57359,39039,73069,33449,08460,64233,2A259,47242,64143,65375,39139,02761,64258,49171,87164,32002,65290,62175,16353,67046,69050,76303,59271,22150,65405,82035,21408,15118,54217,29132,57168,60106,18198,62474,38358,55033,14657,67218,39451,59137,25219,27363,04140,32199,70268,59341,31500,17348,41107,19231,11268,76052,68355,21640,74168,82194,80400,59285,54110,07284,79040,24062,14679,49058,10400,70358,55545,60434,43197,10033,34189,82048,08316,93031,55142,15087,35164,23158,83118,71252,38159,80378,19261,70007,76087,09166,89441,60495,60303,63245,13003,18068,55049,2B143,02188,06140,28425,70533,54428,68215,13205,50215,62822,64174,90010,22212,30246,61484,63434,10363,77335,70433,17129,24102,33005,59241,62486,61265,89403,26314,10444,39272,14504,62721,57411,72197,15237,21350,39102,87150,32441,82137,08500,89049,80225,31171,37223,80655,57095,28143,12212,47141,66084,83148,2B138,57373,37166,07152,15090,27598,26212,16125,10306,34102,08055,17301,80529,50332,77128,62715,2A114,80744,80312,26183,02500,81016,34088,76265,88479,47301,21195,19280,09266,24073,54459,77424,59171,15175,62748,24009,80669,77023,18050,70224,76254,08424,78404,80754,02621,28037,79280,01329,21258,67093,77425,19196,89413,28202,52495,38494,01241,25136,61010,51014,44117,60008,28374,54408,64082,52165,46245,38213,11249,2B047,45010,02158,60122,63423,04013,60312,09214,60318,26312,04054,71529,64479,14353,86254,86248,31300,85226,11162,43040,33158,63145,45244,62478,57264,10258,86264,80082,78267,21299,62076,25256,23241,33250,33535,52539,54302,01037,02574,15222,17225,11310,28226,02801,80747,41199,19211,43048,38350,27345,31369,03239,33097,62827,29090,25470,62850,58046,42014,26007,21709,15011,77049,39237,82012,88305,71293,19166,80019,76676,60431,88465,17439,60026,64383,80807,08288,68182,51379,67001,71396,33153,32161,08251,65209,01028,54532,60064,32325,10160,41077,80037,57093,72046,57531,88083,07074,32183,64034,72005,11192,44116,59297,16011,38381,60069,55444,36217,95257,60679,73036,82061,11226,35212,44161,39081,47206,02660,88338,52480,57540,25057,62093,27034,83004,22204,62430,59604,48077,30008,41061,70416,06136,40247,59366,35199,36126,32462,38380,11367,76138,41246,64253,57271,14598,64535,29187,17429,02720,27318,33530,88206,59461,71526,07136,77222,91457,03321,89202,24165,46284,02768,65086,05130,51585,50052,54174,28392,52452,42002,08090,43116,89105,81059,55398,71259,14622,02020,65476,61275,90058,47160,30119,15103,90049,66067,08411,37187,17073,17344,32467,04068,14626,55107,21287,39573,2B058,40034,51181,09186,11345,32119,72057,02477,14527,10018,42092,57228,2B005,46279,87200,59080,73098,15105,59307,08133,70236,65398,38387,32364,51610,68126,55326,50376,51557,47286,88230,46055,54177,82191,62156,05026,33447,25249,29051,62106,56164,68377,71199,16020,70555,39336,50556,02792,59293,19058,2B009,52500,70367,25371,52045,01281,29099,21252,51295,76718,39568,52157,80786,33355,62192,64101,91469,33478,67471,79189,76230,45146,46257,08121,60668,38232,51550,63098,67404,69097,53170,56205,89029,15001,79005,02529,62650,54256,03181,34147,16088,08342,57569,54026,60290,76681,55246,65262,81298,60029,15130,52093,59261,63051,23119,79001,70404,59326,57468,95074,02299,02103,51484,29234,45320,59546,68078,25300,16398,51442,64218,73282,60616,55263,55462,74127,46127,95328,60045,58004,89369,52243,25285,54483,74170,74198,51191,74076,51574,18252,10098,31526,38047,22256,59337,40274,88276,04027,33418,63073,52503,85198,35315,91041,02516,60561,58053,25401,87001,43220,77221,56202,14461,62587,21537,80103,43244,22283,64056,46010,29075,62201,10178,17155,33384,39497,17127,68356,29041,43265,37052,09152,21459,89124,49002,71089,62823,59381,77528,82139,54129,16195,21592,31345,57052,62161,71218,63167,15269,47100,27511,08039,65035,57309,42031,76383,08115,77512,51433,72299,30266,76741,09158,48079,74029,38288,80048,03103,04067,27106,10049,12037,02497,09225,57456,15012,25308,51124,67315,63126,49339,76548,63430,40126,07192,69212,62115,50596,25088,79197,52326,65297,61070,25572,55299,43067,10095,77163,65284,08214,72356,34315,38144,09284,25392,44138,72257,88183,24064,37216,65198,26172,71562,25378,85178,07280,60077,94016,82150,28055,52348,57656,43103,35219,48002,62638,29288,16197,28189,08372,61143,76023,76293,31241,88194,33309,72145,66034,27577,69261,19128,73254,32301,27397,54249,08449,63335,54144,69269,08180,55097,25499,52064,16213,62693,51122,22308,42123,12033,05107,13203,74071,58070,58200,32403,27569,46241,57541,56238,14134,33405,57159,11148,73201,02667,35157,73022,02704,27610,08431,64423,33482,32336,27241,19143,03138,21170,35325,36207,66130,2A278,65062,02175,77383,02636,38285,55358,88477,32230,33144,76647,57661,60253,41229,30162,31161,71103,2B307,27171,45185,25147,46215,46074,62252,03062,68076,17286,34091,75103,74190,26242,67177,60650,10081,23042,26232,38332,66040,88190,14334,88149,10146,39330,19036,39066,85144,76270,24232,14408,13074,2B221,50639,83149,84074,59603,28322,11007,21227,45083,41251,08211,67309,23054,88481,37116,78124,08176,71363,51500,63269,2B355,62888,89010,29131,80302,47103,57198,97210,62864,88044,59206,57044,28353,03130,54060,56053,32451,82081,30016,92047,74208,76062,28169,24163,58176,10348,68213,26013,2A266,59178,23262,11205,80793,59394,40184,30285,31061,57441,70022,60629,80525,38091,41063,63161,32085,11167,24471,31144,78624,42247,88318,02152,66033,2B123,89346,64062,03214,21407,35222,76377,59568,01386,60161,76304,08085,80604,26196,77075,03281,42101,11198,17081,75115,57697,64313,10302,57201,80582,33529,47058,41259,02210,22024,54391,52208,34235,50562,21270,76480,81266,57602,57410,76535,47047,32051,89183,14512,63392,18287,01362,74065,76251,81165,2B162,09325,02488,43232,60009,89303,30097,21313,71213,51581,29074,09013,02327,24559,17070,62899,02386,62002,2B007,47131,01072,13102,60508,47154,10210,44187,52301,28414,09016,70098,85086,81071,79120,88524,54534,12060,66117,60351,64314,02495,03077,47290,26138,55215,14329,88140,65189,35174,24519,40096,2B226,78220,43075,63442,67531,38074,80618,65336,81258,91103,88242,17050,79161,51410,45263,88324,73138,62392,13052,2B219,66201,65448,51007,82067,80062,73245,26063,74160,62483,61227,76069,29183,71151,71248,80285,35093,01261,81308,72374,39130,57006,38515,25022,40047,73329,91272,21187,59420,30289,77181,86077,64065,26003,59665,59396,35309,81077,14258,25349,62379,74041,52433,41074,30273,60472,88202,14759,56159,83085,25491,02111,38157,27210,65068,66161,09075,80697,52204,09046,62671,52534,80216,25582,24153,34161,50531,91145,17302,18031,16181,59270,80268,02717,01448,38198,95316,80326,12303,55487,02265,40187,93079,36171,16209,26152,74044,71341,52163,24146,40275,67050,2A048,74035,74105,54358,37192,19283,65097,63260,02736,21312,59168,34344,83042,67468,95144,65243,08397,89131,32140,87011,06107,76744,37155,37212,30271,21636,17069,01305,89205,26382,28260,50413,91479,58228,85012,60562,51444,40209,39271,71119,24313,76172,68103,34051,38524,03128,42307,80741,54137,80474,57314,80146,70060,68183,85211,71430,40074,2A269,37233,10224,35255,16423,67108,56165,33307,16178,25122,14280,80114,22106,05146,55080,38535,50321,62810,57601,15028,54579,76474,91225,80381,53276,47246,53079,07169,88249,02043,34082,40213,24194,14390,07186,76622,63220,14400,69198,77202,69258,64138,51262,19098,65103,38388,43088,36239,06096,31537,14716,15052,25510,60534,76688,53211,80362,72275,03060,70219,56040,21480,63340,60007,54398,38492,25607,77111,57476,52074,25389,16005,16390,79283,77332,86118,60449,66049,88186,64075,19181,28268,76567,62258,79130,14358,08339,76556,89328,51132,62508,11323,27095,67076,23083,95428,80558,84067,38226,47090,90088,63154,32279,76228,89382,35017,22045,39042,69134,38237,69153,54436,36212,11290,57678,49378,67121,65091,30135,50462,09066,82088,65333,95141,84076,26352,35283,33260,52543,70077,47089,08210,08202,97232,28036,24491,12154,2B069,32438,22316,72243,76263,08466,37147,44220,89223,61100,80694,69160,77354,76669,36138,60582,08477,08215,21427,69287,52453,79084,85066,77016,80135,54435,60421,45110,24546,35035,16221,77377,51409,24236,09042,77137,02728,70155,17209,2B210,76656,80144,01193,60216,65099,64525,26052,35181,88427,76716,02004,79281,62747,80733,57687,35205,38540,54140,10177,54324,57097,27065,55514,25541,66182,55168,01111,24188,86128,25254,62544,62713,70089,02076,59641,31521,62099,51293,80006,02517,80307,41008,77356,38001,68093,52001,32465,76378,17190,40229,51136,38186,88365,2B149,11159,62579,19264,07232,67274,51051,67234,35277,21581,18286,41041,23063,65073,86275,59389,77100,78290,71155,36244,71181,54378,41085,26169,97424,64103,76171,30299,79127,14530,72142,77306,42192,62158,38155,67105,13066,74140,47281,53126,87016,60614,05095,47007,85126,62104,24331,65447,01053,44193,73220,62374,33468,30325,17402,33300,63206,64427,07080,92072,49292,88521,54237,80354,19093,77462,27694,57205,08139,38132,24336,62096,85245,61492,27548,39470,62003,17118,35262,60680,27698,59273,40138,95572,35184,55117,35107,12267,67104,30220,27139,77521,01051,02398,37010,25112,56141,31352,59244,26166,55261,28265,70127,25012,34117,95151,33511,39574,27641,73131,56234,62082,60093,97105,09148,16042,03185,78194,16203,41140,42048,91156,73197,79091,76582,43070,67333,88297,57348,74036,32406,65038,80428,29064,54148,62056,72372,88145,31132,2A065,40242,59237,77047,53151,71534,46187,12102,57360,88224,32058,65004,14088,77076,80017,64236,54046,10208,72379,24396,25189,54518,77451,45345,26128,70353,32313,71411,21094,12264,42274,22257,65037,67151,36148,28102,18261,16413,27033,66006,70531,65324,42206,41058,29163,31465,27631,63273,76757,89479,19286,77258,72146,36139,33193,42012,54016,77008,2B251,11184,73106,77367,57048,07197,78030,27213,95563,58203,62327,39342,06119,58271,70348,24096,43145,27019,68127,77281,90045,80719,85033,51088,31166,08370,34216,47129,56191,08182,31090,54286,21464,29061,51341,35014,23246,54111,32395,66022,2B350,03076,62297,71533,88288,54377,56201,02561,62512,71278,41136,21150,59202,27289,38090,23021,28075,65211,59507,95054,59508,68371,19068,36113,65426,2A270,08034,95139,58163,71016,42290,42185,18020,89212,95301,10077,33178,11246,89287,70003,62728,82167,38386,88125,80201,12034,72342,77034,88372,12157,67131,89331,69136,89071,14619,07063,59257,11136,38163,55102,34303,15056,36132,52125,91148,70504,26035,78311,28426,85022,2B059,24115,86234,38018,15243,58010,80635,59015,41103,60459,42102,22152,06111,63116,85264,03145,63387,89033,24029,02289,80123,59666,14322,06124,34166,21387,78224,61077,32162,61487,27226,57636,46032,80292,25024,26378,50200,57488,47191,78531,49155,67451,17258,07240,83054,55581,62028,74030,14150,14006,40268,51299,45113,41022,76253,47252,17153,86018,76271,21363,69181,42199,11014,54240,64321,62081,74259,25181,14630,08249,44113,70064,08110,55371,80550,43034,65381,31489,79088,62386,54091,62184,17180,41206,65384,09136,71105,55474,64389,32292,73001,48137,89012,82083,90082,79294,66185,73183,03274,34144,48130,41046,36076,21374,02429,49064,80139,91137,35159,80205,32139,89200,60550,59427,27199,51590,16369,33446,27682,56209,39058,31472,78368,2B050,80155,13213,59284,04164,80466,50519,12215,71372,23145,65191,2A130,14183,73162,31042,69215,77403,38277,64073,47054,63301,67067,33089,87093,60578,30168,91106,72249,52220,35194,79123,16281,76467,05016,56236,64287,66172,67306,48152,47132,80207,19248,32134,93049,55463,69149,45130,30153,73248,21070,53256,52284,38527,69184,57320,30151,38378,70031,07037,62369,09187,46209,63193,65459,34168,57390,16015,02554,02240,80044,52101,55470,91248,85076,82052,16285,59667,09260,74155,44028,85014,68234,35306,09300,66079,10272,61145,21339,53246,2B344,09089,54005,42077,69163,14281,27617,2B263,86053,58083,27177,32323,44049,71406,23013,16131,97101,31390,77262,69385,29021,36153,71524,40240,81178,31094,90009,94071,63285,31342,25244,27477,54583,53160,28001,59299,05179,35294,62496,57208,51322,02350,93050,73286,60665,67448,02095,15225,60006,86290,89335,73156,51487,23077,49326,07161,77243,16316,62598,80606,12003,12161,38286,56124,88505,21686,57176,58044,59358,57505,33360,46049,60522,56186,01399,80360,54541,50423,55465,30234,77087,24225,47171,60267,81199,22069,51524,51649,81198,52179,89209,52416,66030,66027,38066,70132,16008,39514,02571,70001,55403,56020,32418,28028,60663,52429,59016,58093,51415,25618,72341,03310,77198,37262,62370,89102,77015,51070,15234,01127,57338,36225,56036,86061,68357,39010,18134,02179,21633,10023,55082,43253,32387,51212,85070,61498,51378,40117,40110,81020,40137,09138,87034,70010,58098,97103,54493,64085,48032,51545,12011,11259,52336,10155,97221,12017,38416,50059,76414,80540,53114,33480,21126,23157,17003,79025,47309,88468,22340,95491,31159,02048,79077,70499,59480,73119,01232,28177,68034,30086,58097,46116,04211,37256,76175,53059,33108,01317,24429,76198,51242,02615,62564,23059,08065,40224,49373,65014,77183,84045,63393,51634,10079,68358,76084,02369,18128,35143,50563,57162,28167,29094,07018,71453,63036,63284,59573,40199,17183,83012,42231,39378,39111,70028,76309,57345,59557,04175,42221,2B319,77150,65360,51377,52056,71237,19119,79090,88499,90060,54416,26344,52353,69155,89181,48097,31126,65469,49359,01376,61095,46119,24487,76357,64444,28364,89325,79158,60323,51196,47107,31437,65418,36087,76495,67051,50038,19130,32350,57643,16079,46338,02565,85018,35196,11019,55414,47235,80453,68158,08291,67320,87204,16107,51535,55457,70579,32226,42097,76029,33404,34254,38059,72050,80387,80755,16139,57634,67245,46031,88126,56070,47105,25094,38531,77061,13078,41037,76489,79270,51270,60379,74090,33040,26262,43138,37158,25458,19052,34328,25232,89313,59494,01398,02238,45158,47155,12103,64345,62145,24565,77466,80015,46310,86006,36223,55050,40307,73253,55076,25036,01272,57535,78236,59622,27593,81173,46332,51246,55381,31082,63004,70159,51498,79276,64534,68232,41177,60055,77312,21472,56087,19141,79079,65406,89095,93064,07228,31235,60686,24098,08322,2A117,63458,02391,90020,44134,18281,71057,69087,02478,45107,10364,77449,17366,31193,76434,01447,12294,46004,60142,30156,58251,80241,2B190,91687,31482,66056,16099,28331,02057,2B250,35264,02723,62897,43141,04045,80133,60369,83090,57483,45115,60444,22366,33124,34222,16370,30057,77376,15070,40227,81053,61124,28187,12269,77040,24010,08278,26379,25443,69168,79153,18022,62351,80283,32146,35355,46113,35224,31129,21431,38211,40041,38438,05164,62407,19050,83025,41231,02765,01365,05058,25331,70063,27440,02272,12022,15208,11204,66204,24212,32081,71552,38445,73071,57648,59125,14110,81022,02484,42257,22328,86271,55207,30248,76338,68064,80240,81135,21033,78036,17464,27412,34055,54330,57560,33314,70400,02600,39571,71407,84024,08501,68327,50036,65039,11292,12174,91215,49080,56019,55472,83115,52274,48111,57653,64094,51563,76755,87081,81244,57749,03002,18116,25627,26269,25287,79013,09195,76569,28134,38448,07305,57698,71187,21323,28383,10419,65335,32114,64362,02745,01332,51055,22049,27334,32396,50647,65343,55226,02354,24432,91473,58128,54069,15013,45285,03191,41129,40023,76438,62094,17061,91390,62877,64465,86135,97134,01285,44142,64095,24458,51022,47036,28248,32333,85158,80365,17002,15218,18240,13114,29167,43264,86047,39367,24301,67004,50443,80078,29110,68284,76048,71007,71025,87119,33321,2B167,97307,01233,76162,33509,39449,76533,62321,42036,77294,11175,62826,21477,01194,27035,80342,43073,83039,36107,34145,04079,68016,32352,63104,11266,80769,10168,28122,51107,76630,29263,59560,38431,54299,39349,67173,79129,66227,38244,43206,51502,62546,74091,81235,73164,46017,05151,71382,05087,36112,02468,12055,32075,70277,11308,47015,19168,26047,02523,31492,47147,46060,50336,34237,68336,39397,14557,80410,14713,10283,46088,57393,25253,19017,32262,86225,88331,26054,24244,10135,78077,02486,02139,78264,33330,57576,61263,11013,85146,34240,81051,68279,54255,10109,59036,80563,17242,10440,73121,21143,76281,60681,56084,26085,60353,88240,02341,51238,55085,33537,74283,56223,33050,08487,37024,16325,04159,29053,91412,12065,62767,41097,22377,11060,61394,72085,91519,21383,2B084,38294,41228,91374,46086,38199,77021,80336,34194,34025,71360,74171,08444,32019,41164,63111,59660,45226,62455,72358,39219,31200,24488,61007,29017,02049,25436,54139,76512,68038,58223,08200,70573,15223,25563,02101,15045,53261,66055,51222,52449,77345,16252,85210,17451,33419,39206,47101,58142,71270,62012,11037,95181,80234,64353,82017,57362,39079,22128,65332,19210,88523,30176,30296,48171,77303,2B116,57220,28319,31188,19139,60401,02687,76318,59311,62180,02097,29034,67214,67239,04183,67134,54589,24364,81247,37269,55192,65222,11138,52421,01069,08334,60127,51164,56066,64292,63105,07069,80196,61076,62422,64274,41120,11256,26346,59175,48039,38147,95365,37280,37248,52013,58301,12018,74296,49288,59047,02744,90051,11051,2A253,41168,52438,80211,80105,74153,38345,48036,70008,57166,76063,56243,06013,22207,38087,80149,65225,80324,70187,21685,64260,38325,70480,90103,14378,66001,68344,19262,17390,63022,21651,82117,63042,33464,55518,33220,55298,65170,71245,37243,59619,28039,64342,76297,62187,67123,60592,67541,10105,46227,41179,86079,82163,95348,29298,27481,17353,51228,01058,47010,2B214,50471,54538,64032,88366,30081,28072,50084,10090,32091,39339,38391,36208,69157,38146,55268,11369,59535,50304,71174,21052,09306,60452,83129,41222,50629,33177,68147,42302,36166,81032,39061,09169,21501,22063,80029,2B043,23261,05170,82086,70254,16132,10284,89360,87188,72246,14179,14640,91111,59649,08169,88343,33492,63348,97113,30092,29196,16399,97202,91411,43112,31416,78343,34053,34042,11363,28363,74179,34031,60238,25514,70542,52362,27291,64237,70413,65354,28242,66128,07234,13007,39401,32125,28261,90030,62234,66088,79029,13080,04005,56167,17111,65012,74225,23101,63038,78407,66199,32362,16361,71554,60321,71527,68191,31282,70221,2A094,84009,46191,07157,11069,52175,31373,08196,80682,62350,54025,24027,38240,10070,11300,53040,89404,21050,51597,09057,26115,69071,65070,31487,97120,55208,38039,66046,16283,2B245,64344,17448,48085,78072,39070,26146,40310,24324,18125,08430,63207,34271,59177,33062,17394,12179,17417,81271,17444,78681,71203,27251,62338,44148,16404,28071,53069,10200,88086,07295,64183,15176,33113,21502,70459,80710,35079,95489,81048,56118,93015,08205,13211,43261,44136,39305,24415,45237,11045,77068,60130,86076,24466,33076,83036,11195,49381,02260,31232,53101,51537,62574,31434,37083,48139,13054,05160,28344,18035,08122,19256,32285,11270,45206,81252,61225,59608,87100,35151,49100,34221,03220,62032,06037,90055,60551,57368,85080,69110,64386,32073,60504,80138,23123,18177,48103,74067,29100,62751,10411,2B148,04007,27525,83023,29248,25214,54241,48030,26028,39463,11420,63256,40058,89173,58103,24247,50042,15113,71065,66089,71067,51660,27277,28209,50275,62398,31299,14137,53041,31457,33296,26020,12249,57262,97358,32286,11152,09233,62200,69143,16227,29213,85089,28397,28254,89044,27018,08468,54519,65138,68039,24175,47249,71505,03096,60469,64255,59118,70076,31285,59353,31099,88143,67113,32155,33007,55110,53086,82001,67242,62797,80688,62179,77214,76223,40077,15142,67520,16047,78418,02563,39324,59116,56263,51104,51182,59282,45289,04042,39017,62262,17343,10097,27258,34308,39366,70120,23011,80458,02455,67031,40139,32429,37177,27017,31319,19086,15220,89036,10229,63435,51452,33334,37175,02499,54224,11072,10138,70462,14559,27590,52273,19173,39247,12029,83078,71074,30065,56060,41275,47152,17468,18115,67107,94015,37108,63346,2B107,54427,34234,50552,35299,27042,02411,14449,12021,27046,53234,44146,62311,70095,71036,53042,15268,77072,55568,24392,46295,05159,11088,58155,25192,89461,24230,07258,38303,42017,57008,46340,14024,60386,59324,68134,32231,38029,77193,46219,54056,51243,44172,80553,63372,88008,50239,77030,51291,08384,65024,89446,89130,40043,62203,42116,10328,34282,35288,22008,81224,41142,70469,14375,16057,11296,84015,81126,72044,06046,88172,63024,80438,60075,71222,57179,91293,71164,62077,72089,87053,55041,17478,25176,24040,59428,27247,57764,24161,89423,24113,52359,64098,38034,11158,39520,43072,86175,13201,67453,42242,33514,25283,79103,01244,07276,02809,62669,57732,68025,09130,71158,51172,54329,17080,25186,31210,42038,39086,50537,53082,55084,25481,62171,47124,86073,24462,30101,62016,33505,60428,62881,57502,47005,59139,33190,21346,64155,60693,50463,91021,07307,29125,2A351,25279,91204,37200,19134,30214,71101,50467,35012,04143,17270,82168,63401,74109,46026,21093,03133,14007,27230,70239,80798,44029,17243,43087,02270,67331,27335,36154,94054,72152,35272,31496,95051,29290,42098,35242,12244,23227,15119,52244,42236,42131,80282,61421,07267,2A024,71436,02501,80187,51079,38432,90017,45249,10360,05081,71281,66203,06087,08323,32040,26107,08101,55410,21178,36130,58296,39551,18170,72190,23075,52124,02119,39147,88301,21535,70564,71519,2A001,21384,50495,80770,52275,52113,32455,39460,80038,51325,10151,71001,48150,43037,18259,32358,63268,63457,78608,37266,23208,60052,95088,44119,57581,77227,41109,38335,88012,64559,85105,15004,38238,59539,36020,27433,70540,90093,93051,31051,08313,79008,60243,37132,86022,89141,72235,38133,25326,27112,80164,73052,39154,64484,60150,78168,25434,68368,2A300,41282,68365,58188,50129,52347,27602,41146,31545,51095,01411,86239,55134,28090,86227,76401,70360,71006,60308,01382,89034,41084,60671,30243,65249,46069,78644,28047,51483,63446,27486,76008,56017,16146,16269,28176,64405,83069,02190,77438,09014,66151,33233,43250,51141,23095,45322,11064,77388,76060,14528,17447,24371,70040,32200,70395,77341,14124,02731,19159,38417,03059,42118,12286,09330,89329,56264,06131,61331,51336,77304,25163,47092,27315,70056,72147,42289,77005,25198,44095,30267,84129,67353,66165,62183,51027,15169,64317,04122,89014,70376,21378,64448,69124,39024,51324,77131,45096,93008,88356,73274,55100,57053,24032,21276,47110,78006,41235,51265,88257,59250,35177,10367,80310,54038,85001,63142,36248,18010,24209,77197,81044,27015,76273,49220,21652,57027,62642,90057,72031,37167,50571,50029,05071,38365,21469,01034,10231,68354,11339,41057,27504,69004,27002,68083,08331,80645,64117,40020,89163,24207,82166,11169,15092,52384,59204,76541,08306,57231,05135,59087,63240,33333,52510,22331,44214,80191,24587,62236,33086,60587,52290,54569,01175,32029,15060,2B112,57537,28309,62477,57137,26341,72362,57381,47062,66037,01408,83104,08044,06117,31121,27442,51429,16070,95582,62130,89327,78013,28421,30245,10238,54205,50577,01041,13034,02599,12049,16338,82073,77235,83020,58051,70088,33253,37031,51572,70525,09051,76289,21064,88011,69386,63151,10298,03304,18285,56197,16204,03179,55023,73072,32101,02506,93073,10128,07191,26279,01129,50511,61266,57532,61322,55400,51511,50412,79196,38077,39188,55433,77031,24581,66094,51071,81127,55386,60217,16240,70211,65361,24460,61152,76320,84016,29178,34038,70291,88054,21072,10194,21632,71509,23130,65126,52099,15083,61429,33303,76141,73308,31248,31343,63119,26174,95637,21546,37001,44026,69250,08128,68089,60466,91274,51305,47035,80407,40221,73029,72382,10388,46255,50517,30037,02080,08014,50419,80657,12134,88124,02791,65125,70541,26154,21304,42205,71148,58135,46263,29025,13006,45256,09206,21239,58078,39575,76442,80774,47318,08361,52023,16286,26081,31550,30242,39392,53094,52486,59072,89320,81137,27425,40148,84128,02469,2B170,09331,76571,53103,55535,88017,04091,52511,52127,33299,53156,04174,43132,25172,76197,51602,09268,33019,12062,45298,68131,73109,58275,40039,51137,60440,57405,76473,12250,36169,71145,09316,78164,79246,50523,74139,05045,94001,16095,27431,45326,32055,02039,09024,51329,2B168,47214,53193,54593,53181,38197,11042,64121,26235,11061,51656,01390,23254,35135,25173,14042,50518,54537,47312,12242,66047,78397,91180,45214,61117,80787,03146,82076,26380,43015,56008,19024,23033,22040,08436,81146,71431,17481,59009,59607,24554,01049,80406,77133,07188,87162,57019,76462,50576,31083,15163,67202,74049,71066,72054,54022,65046,55394,80467,08262,33457,47135,32184,17408,61021,21716,02623,33109,39280,80194,59170,56071,48073,47121,95355,61088,24339,65055,01274,39121,61319,06138,25082,38011,70374,89333,31506,14146,25341,77526,51192,33171,33185,68322,35282,33278,54270,81121,58205,66196,25220,80417,80801,81168,76468,33541,63318,65082,16419,60445,58150,08124,06156,22153,83154,50197,57464,88373,10334,76099,93047,59189,03197,74074,45154,14194,24572,28191,38284,15042,70151,55200,21711,02763,24293,64028,63292,28166,70350,57366,63163,19172,50389,25050,65267,57175,95026,32056,82057,14665,21688,25611,89199,61269,01323,66041,94059,16412,70407,21351,80415,80079,64485,39274,55211,58081,02813,16320,87106,73113,14180,39501,62284,64558,59474,68230,35001,85194,39227,74043,82160,27627,19034,15007,31021,56120,06034,70474,49070,57230,77245,80668,14734,68168,67066,57639,59212,09178,25266,50193,24052,62697,62788,60596,76682,31556,38190,68102,08454,26140,08026,15131,36095,52040,11105,11150,46144,51603,76390,26068,77359,81138,17218,35278,64510,45294,76373,80357,88451,59578,48007,85286,17282,59321,68311,67525,46012,82014,09070,02685,33053,45134,33152,67321,40246,55423,31464,69032,84117,36146,70023,62661,37219,08062,08492,26149,38160,72006,83015,15036,21544,43171,62433,51249,26245,25424,21717,78478,38175,62084,47012,53068,32190,80785,24558,16164,43203,38092,47046,2A160,02524,36058,86249,66233,01371,07325,55216,40006,02198,80408,35183,59274,29059,64471,51008,30228,66132,60272,62196,27455,26227,78423,31435,12090,12266,32447,32408,46220,68251,79350,38331,03268,16312,52405,86040,03132,55559,04107,19161,60427,51061,57657,01325,77174,64203,47193,27521,72096,37224,27463,02642,55526,88508,2B230,08027,74262,50142,31474,29256,38099,54058,18172,90090,55449,33553,38106,32374,62458,80351,25336,60634,60249,33525,66168,51301,57117,62709,68010,25508,50365,06078,06150,77417,32217,08433,59021,89092,35122,37202,22244,67186,25175,62902,33015,01157,56001,63305,38453,45217,80219,85181,07077,07151,90077,38283,35357,16122,09143,55104,17407,47099,15201,70188,57246,25476,61389,89341,60086,21516,33291,38098,59013,72115,17213,58130,62454,95592,54499,16012,62406,88367,27434,70054,59634,71285,87203,37261,66123,60144,24540,03102,72220,81122,79156,77144,03098,54120,03305,69285,65394,49367,55201,38292,49135,57465,07118,21128,21137,69246,50198,17174,35025,64399,81284,22095,21514,55452,30189,69183,19179,11020,64027,62204,25612,21272,02385,07002,78140,50151,59018,62498,04189,39557,54362,07051,74306,54485,07314,25201,48190,42312,29243,16415,51158,73230,88243,63232,24133,24273,52038,14370,23258,28051,04194,76212,02555,45234,52457,88223,55096,82072,25210,52051,72238,2B224,59140,14531,10026,24285,44031,88459,61029,24076,44196,65445,74242,33104,58221,38022,25561,45272,87147,18005,26337,29097,02267,34048,95197,02236,60203,47208,28300,50026,02798,35070,36137,44137,30077,77085,77088,65383,10162,25164,73020,43043,55482,07293,66125,02262,51514,04095,24126,33263,21243,01196,59499,60334,27180,68207,32042,03174,77318,71003,54187,66050,25359,53175,02177,57752,33436,27460,72075,62018,21134,25030,71039,68066,63234,30123,13101,05047,71351,07036,62220,21562,34012,34019,67324,76117,44211,50144,90004,62087,79118,17310,27576,65452,74302,14367,31289,23141,76190,76194,53154,11100,56122,86160,45178,77265,61026,85220,33507,02579,76620,60441,12184,54318,22030,09064,77080,83002,62413,2A232,36106,57072,52360,37246,22146,85111,21634,64126,77402,11294,24051,16018,76699,91593,2A056,43147,68121,33389,80805,64472,10094,71228,51470,02423,26136,89314,67475,35234,41163,82136,44165,10131,85071,21316,36047,24004,71060,41191,67147,87127,28401,07211,87089,72158,27256,84144,36203,02313,47198,74232,28395,70487,31271,67377,54040,29022,72286,77252,70192,60111,31038,19029,14448,81197,86222,32312,31392,23239,18248,22248,77390,50554,23051,82125,88015,42286,03219,62882,83065,73057,38108,91131,21177,19246,59661,26246,02490,10106,36079,56129,33151,24295,42107,08259,34015,58067,03085,32129,2B364,34247,21424,32228,73320,21160,54001,24434,48034,01036,59359,53140,22183,48027,19188,59302,25570,62490,25166,04244,36124,11227,58074,09313,10405,69017,61439,41156,56242,47048,85185,57199,15238,76638,80607,34034,08502,40330,01457,88376,63055,17244,12191,82195,24468,78647,28175,17192,32035,39184,80383,54413,64110,01145,62762,02379,17185,19121,37254,34079,2A040,38150,55067,39207,13103,52043,01263,09018,17078,50167,09110,72062,51056,76094,26317,47194,59330,56181,01415,62371,89283,58076,39502,47223,02173,58238,60319,55267,2B243,87083,34311,14078,51436,21583,84090,72112,64547,17364,76712,59079,78575,38444,2B267,67176,81290,02234,77249,62381,47264,54461,35109,74096,02759,08045,60252,73294,24137,36177,17470,74145,27349,03169,2B299,59354,34090,95628,04031,47227,55256,60458,56069,86074,40206,38509,53253,06083,58215,57284,21549,81144,26290,69021,26089,51294,89150,40085,91135,38366,80083,82028,47063,17276,16160,33221,02531,25086,31470,57177,38217,60507,46080,64201,29208,34249,08236,11436,31514,45224,89426,79310,60236,01441,10143,24577,89310,90083,06074,51370,66021,50478,14380,46114,16232,85250,62737,39400,19066,61371,41273,29260,59601,71231,21597,21069,32250,2B297,27187,81248,62402,67290,27518,21679,24213,71373,07081,76076,40118,87069,29262,77050,77300,39361,70165,27383,59210,10166,53192,23232,64153,93057,73168,39053,31290,57572,70552,48156,57546,74223,50594,37066,24043,11257,05012,67466,89221,19003,16306,21124,65044,45051,54082,57723,37103,2B095,80057,46037,62334,35040,57630,72281,01092,19234,01306,06007,06091,09184,39138,29113,02118,97231,89318,27350,25162,64390,29236,81230,69196,33366,68042,63419,37078,01368,16104,10368,14290,02038,26179,43079,21095,70085,54039,70339,72330,40228,71387,25404,30276,01247,17336,60116,62848,53036,57119,32293,09118,64385,41067,36198,73227,07185,26017,77518,10184,04088,60454,36049,11146,11009,24555,39112,13088,50347,31002,88474,10301,55344,85083,89063,26006,45209,71504,08310,39426,39051,91022,38259,58182,11134,62596,81145,63176,42239,14193,90036,50473,07190,46230,57737,80380,21704,27700,34263,25495,69209,88173,39398,62256,59017,45156,29015,02413,2B074,56021,91393,86269,67257,88399,81179,50522,24094,49306,50210,77103,64417,21645,78050,62280,25449,04059,65347,69249,78265,61138,21275,14439,08357,94074,16151,03236,38539,64438,52169,49347,51630,47306,76754,38263,2B013,23245,88386,70018,22141,33424,01170,12091,25087,27200,62793,47011,21619,94043,62313,82069,29082,89170,19276,02054,31060,43140,35086,57372,70359,10147,42160,42181,21610,52085,73114,02464,66048,64156,50541,54032,55122,10263,42120,80521,39535,60536,62871,01023,62643,19251,54080,52289,52069,25281,72102,33372,29032,31436,04120,31488,01124,03150,36229,25299,45264,55120,11394,86092,2B183,52440,33542,40167,12140,73176,19206,60046,69165,36062,64508,88260,16120,76070,01249,38363,68012,32424,01335,53152,51589,71553,33328,81019,89020,49283,66098,21009,83122,28368,16068,79135,51150,60521,71321,80570,51318,44145,62092,30211,17100,81264,19178,42035,92036,2B034,28403,43003,77529,68280,11357,41286,60703,55503,57341,27077,49188,08143,91399,84093,01280,64195,07268,42165,17004,50493,87187,89009,79124,80208,52237,35291,14197,39389,73087,59572,40315,76317,53089,31356,2B361,26261,21259,07335,21234,60145,02441,46170,80195,30324,07059,59150,21575,68330,13023,28380,31019,16049,2A144,93027,76658,63148,2A108,02608,24269,65114,32303,50076,62399,81101,37107,64431,57174,43214,17172,01012,14437,71332,14218,10318,53093,71345,83138,51199,32087,63282,02727,52456,31213,77437,64271,14005,45127,54149,55366,60176,18044,62151,76327,08020,70167,31577,50512,95323,69008,18033,10065,80646,27249,18049,21386,66111,24360,17032,27516,62838,27420,61081,29255,78506,64014,60473,25015,60207,27426,51059,27396,03008,89186,71421,76396,45300,19255,70057,27392,27469,01195,86069,59215,58047,17194,12107,01425,34065,63410,78202,87142,54365,38485,39060,51600,37193,39550,78557,69113,58302,76511,87168,18107,77078,70559,46235,36209,71120,42015,62904,84062,2B321,29049,2A014,89393,52102,15129,12043,07129,86150,77250,62573,52130,27589,71061,18284,19247,07024,51230,53271,22285,21698,50335,71142,40326,02734,51625,51496,68320,15033,15076,59303,77253,58173,24276,60585,16381,33348,21186,83088,03284,62419,12071,34150,07171,40019,62221,21371,01076,54402,01231,89089,18069,54481,57440,31431,35104,51515,27193,46013,11102,59379,27163,03143,95680,63196,28007,09159,33502,14394,84135,87199,61267,62331,59595,42249,77469,52228,57101,32070,73122,09134,58253,31368,27028,61360,72093,62325,39105,16105,08013,83086,2A022,57525,74019,87082,28183,89042,61217,70314,15057,28185,47258,02079,81321,64499,54571,34060,62451,57136,55244,86213,48153,80523,43006,01320,21542,17041,59426,08486,01108,26056,88148,79128,76385,61472,78245,29042,87131,58092,67445,63050,56188,68242,34220,31111,62063,28389,83075,41276,38561,62820,02794,49161,67112,16341,89469,53062,21696,09090,77357,51430,47113,34296,21197,65283,85280,14009,46108,87028,11325,56225,39255,33416,54031,70036,26097,32203,04171,02399,24234,2B227,10387,67077,08144,56157,11194,25411,27267,22182,76380,57612,42280,77427,63406,77321,39290,36219,81228,21099,07173,05004,50626,49362,59657,23203,78117,67287,45040,59113,59606,80435,08099,67412,80812,18269,02569,37060,76176,50208,70317,77093,33510,47189,06041,38343,12009,63010,86087,31338,09080,08346,90007,52076,45170,38308,31364,68194,24144,05061,61390,58217,26065,64519,11263,31127,87062,45166,18165,70204,17229,62217,81306,76472,14635,72041,83059,33318,60583,39543,46133,89458,10262,15061,02788,51174,76375,29168,91045,46320,74295,44094,73006,32437,72017,06082,73054,78576,33378,50509,57428,49336,85288,62867,66156,55575,93046,73025,26100,70294,45135,26188,16241,65128,21340,01421,80433,73007,58045,64294,30212,25355,60423,08218,68374,46058,04150,76486,72177,67154,50643,63049,26164,21147,61459,2B218,13064,2B106,22042,63082,15072,63450,54363,64099,06012,11196,11434,74021,57324,40090,38521,24022,17228,56018,11186,60219,77472,58009,10380,43060,11202,66019,21510,71402,71541,79089,39441,13027,55045,60151,39261,45076,21308,66147,25631,22166,60348,86090,65092,62694,07141,66016,27147,52459,81061,02634,21594,70244,88045,52189,88001,31125,02570,49267,59505,82045,35033,11341,13021,89324,60287,62494,95604,49338,62218,42020,21456,15247,51443,32460,34227,71073,71244,89125,31337,64251,08156,85292,72267,84064,08158,29023,52167,57597,49329,82193,02719,33251,62768,79355,88227,37111,79284,25487,62174,16035,14374,35172,39040,33127,07248,10338,21082,28305,08160,48071,08282,04092,33149,27587,27284,40212,66222,12150,08324,85295,22075,71185,42318,34089,25029,68085,58243,13045,44139,72171,30043,61316,54312,27570,43084,03081,50156,89406,66012,95660,2A026,76726,59106,49246,24119,92032,90104,42195,60054,58162,32267,84061,23015,60296,52455,27181,57331,72329,61447,22364,2A021,87178,71507,2B337,62178,76679,28026,59425,32167,70402,07052,12240,71543,10218,52321,77489,06094,21463,70044,50049,15240,49041,27098,62843,05017,31172,18276,47226,28153,45218,59585,50599,25180,32205,46021,43217,21419,13028,43149,41130,59338,34074,51369,64016,63466,11002,58191,62538,68248,29013,14426,38401,14468,14364,03190,17432,62213,52432,12019,57588,60646,51060,26082,77292,77313,02213,91578,76208,71104,38206,49029,71404,22240,71517,37184,29047,24532,01435,41121,50110,63362,59209,62875,80223,54154,90074,21035,97121,63310,58129,36246,10308,39239,76011,93062,66216,23133,87129,09234,85179,27630,36127,62315,09244,25127,27016,27488,62143,80258,73324,58194,42085,27325,52115,10024,50025,02032,55232,59372,39489,60248,23143,19157,33132,94033,53051,63147,13061,33170,53224,60408,77255,72248,01080,80165,51493,03042,54460,39008,25453,02602,39455,09262,2B016,74297,77327,48127,15172,39430,49060,95656,86211,67080,70520,23182,27343,88205,19174,36094,95280,67008,51388,23032,62786,70576,59275,72131,24513,40116,50368,40264,63432,19170,55265,23140,43010,51179,16168,10401,59599,16048,62618,55377,11106,74213,23017,52197,37211,74156,94028,27338,58048,74131,24162,24486,22255,60589,21675,11170,80121,26251,81274,59278,27242,64060,53267,77395,72319,59128,89084,27684,12116,24067,31295,68094,54136,45281,57329,41173,80137,61392,77109,15138,22156,38089,72381,29117,85003,22287,11043,62555,30329,01308,21077,02245,63271,19065,11229,33269,26156,27218,59104,97352,02217,51326,26285,97422,21440,62457,33394,02069,48175,61256,38270,02110,40248,18183,25483,57479,55436,40201,14069,01113,23081,39025,54339,06101,54364,11240,31180,58180,83044,71079,61294,16153,67386,34321,26215,08309,57589,62736,50074,71224,52390,24472,10268,49310,34008,63293,26062,36174,72225,57191,66074,54494,45164,31145,73259,97605,62885,26127,51398,29140,65400,52172,11165,77142,70062,40279,80584,62044,88295,79210,50184,72157,02557,14687,76257,65431,65190,39134,80603,55225,35152,17186,80306,11068,10141,77268,02440,50082,35089,03053,23149,71117,57126,21230,68382,80576,24148,25467,34268,88094,32330,38254,06071,95493,39468,70122,33131,17102,64307,62645,87182,56106,72326,43170,87130,38425,39538,31367,71287,60180,33523,63385,29133,15203,27493,34335,93053,24069,21681,90101,30283,69126,77276,61068,17116,80804,67478,62319,39153,12175,73241,51017,17009,67032,45025,24057,76179,29220,54098,65412,23176,64160,30233,03209,57578,38460,89094,33207,73090,30170,05134,02056,43169,44046,64546,79147,39119,01090,69099,62328,08168,21111,67286,62834,02353,54029,40050,14760,33056,07304,80713,19177,49036,37198,61150,14735,32232,55335,57218,36071,46034,63311,71238,64123,54230,24006,53099,91114,63326,2B045,04132,63400,72088,02402,37055,67409,34208,89165,30055,63186,77409,40235,27130,87050,01078,87145,09062,38446,32357,23067,15063,60575,60119,59228,34134,11261,79308,37197,10438,88129,43041,71090,78337,02533,21056,57753,22373,09319,63353,39203,60336,11281,37213,37168,50008,62144,54440,30302,74100,60310,31136,64400,25552,19243,51632,91634,16359,52194,46098,2A035,39146,57178,64107,60581,35252,57446,02815,02712,86038,32144,87045,33420,34192,88051,62842,37171,34196,66036,15256,88517,54525,76343,74305,72137,64434,18077,21222,53164,42143,88488,38349,63135,24210,16337,61482,11389,25320,46233,2A158,61502,48086,42115,65376,47068,88497,11402,62553,30178,33210,62281,10342,80076,56172,02063,32133,71441,25536,76350,63159,67228,50182,10176,29173,60511,72339,89208,32031,37113,31326,12210,02735,48053,64524,02754,11015,57442,31477,19116,62326,58082,17112,16352,06065,63079,53077,08375,34284,89245,25092,76750,50479,28154,48063,35208,25096,65025,41215,39293,72161,59290,49358,66171,62277,80639,71484,64019,94075,57627,79274,51353,04207,35284,39266,03235,70014,59088,67467,18166,59050,65396,72174,87109,51206,29077,30327,63339,81169,83038,15067,41149,31371,58289,55288,54517,73083,60374,32241,46132,71208,58311,45157,57071,17029,25427,63092,25374,37087,05011,33486,16025,14174,57227,77110,95014,10037,26032,01257,10173,60480,62445,26031,09318,21612,43183,19186,89256,89224,07349,55572,62100,24316,47027,28059,56162,16141,85291,35338,62752,60099,19043,38177,55479,34011,19039,64373,14476,77138,58210,17154,02448,70408,53144,24349,03319,29289,29207,32131,58257,65466,72028,50447,37160,59005,49343,07298,19101,83151,42119,58293,60234,37228,16190,80460,33428,26148,04001,91080,2B020,59028,19082,24261,21254,88266,38459,95690,69121,54045,67540,90053,60609,21447,47126,27407,52403,64458,27062,67310,65045,88419,33295,18103,19108,14366,38525,73018,76088,17011,47186,05062,72343,02407,34327,46318,24167,80477,62528,67075,72331,72107,76075,95254,05108,65430,73074,57278,22003,61503,58139,40301,59440,23191,57317,67189,32127,65078,72228,60098,84071,51084,25062,86196,33527,47168,52222,03250,68254,21491,88516,40317,11321,62320,88022,21212,88293,80528,51160,85081,80735,62652,97133,28144,29070,57156,89190,85020,57603,10344,86046,71035,39576,21146,76746,27081,52090,62273,49022,10169,50033,22266,29158,22369,26160,61039,21538,05092,63008,54478,67082,39157,81207,24413,73299,44129,77496,32149,18257,33382,63291,47125,40223,76613,09243,74124,21520,09139,38429,78307,22251,42106,22178,88052,88491,56194,78586,23253,74194,10158,86191,78185,50482,59407,65237,63191,45329,42228,03078,60294,45284,88091,28237,60638,47069,16260,77177,50525,14658,26155,43233,90096,59651,54202,02143,2A249,57370,51599,67210,57374,85303,77118,56257,34041,63035,70072,27436,42150,76101,59382,54138,68118,62726,10429,54568,77264,31008,14282,03020,25502,52055,16106,65397,07085,52388,19171,43002,25196,2B155,60047,84133,61214,80088,77524,87012,76478,18236,44090,26250,55552,48151,08086,87189,61066,60115,08233,02274,62893,15122,39428,80740,10236,07028,14379,86173,07072,88020,33216,57092,42276,46339,95462,21591,65374,76591,43154,89133,11111,14758,2B280,49298,35145,60512,24054,25454,57439,63047,51609,42094,61036,68184,89197,11203,91240,51103,62613,59529,19106,03187,90063,03308,73152,02061,54105,50488,65176,15236,58268,68099,88344,08151,23008,71023,53238,2B241,36161,14681,68253,27391,80340,54221,63338,37250,23193,41185,21269,51066,02747,68273,36185,74066,39073,64289,62452,02087,01337,61053,66179,71582,32405,03087,54601,25428,40291,80377,58278,02596,57767,78263,30143,65391,02335,74142,14664,77180,53161,17360,71580,60114,68171,40170,87066,30307,25119,86041,04094,52393,41031,01103,57283,78281,44122,52514,08172,42322,12222,57236,16166,12301,34080,74111,04241,55066,22225,70460,33222,38298,59479,24279,89055,14226,50207,41178,88484,15027,16379,64387,54412,76370,38337,01267,85045,67149,74141,01043,28213,38426,89154,71124,35170,30308,47075,52134,16416,62308,02328,73187,30108,55560,27310,89167,76756,57245,63089,26278,11258,02187,19278,25077,60110,64239,17219,89248,02752,37058,29126,15162,52446,43134,52512,30121,76119,29240,71240,17295,40078,85213,31588,68295,65150,62089,11433,07328,67415,22185,12305,43257,80245,60092,21021,34337,71549,71130,38553,70502,97416,11409,84033,80507,67442,89445,58146,78334,89302,06049,38342,70035,95476,90094,21175,02146,26372,03178,28223,25310,81164,78297,23220,12160,02284,65253,81075,43109,21490,45122,03188,46001,77094,02287,69208,31321,77187,95102,03006,66109,87118,06056,57140,68043,77428,01187,42117,21281,38183,68072,45120,57002,79150,17104,95078,60100,43228,31073,45223,91421,65168,86272,13044,76097,60225,65352,45119,95176,17072,29085,01279,59558,08255,71499,49183,53045,27063,34156,21240,36136,67265,77127,41093,33036,25177,62515,16373,51162,62404,80280,07083,12145,62610,65380,30132,11081,51135,12171,57690,32027,73303,14667,11103,44020,10031,79342,73304,71522,35136,65425,35290,52135,35217,91186,64335,71515,19198,34292,58183,65079,59006,35162,22072,57296,40063,55404,25634,43225,12101,04017,2B318,07265,60683,31478,39325,18024,87038,55034,2A031,32185,95058,76221,17349,05050,38399,54128,31331,86072,23237,55002,65194,17064,32083,73255,80814,76213,54151,54167,31288,27323,59466,83009,33319,88502,35139,39381,28281,47018,57258,79273,69240,18117,74307,32423,31043,24138,52465,77370,31219,67437,60392,78465,80085,68187,67421,89220,03110,81259,82003,22249,95116,25559,71161,27067,38295,08281,18073,64300,61097,55481,57313,90102,60194,77041,77476,44035,45277,88300,18255,90061,76233,51555,58136,01219,19258,71579,87099,10211,76287,52513,55577,88157,52249,41122,06123,80384,31048,91573,14651,2A141,25591,33043,58138,15192,14245,57122,65451,65259,47269,47163,97310,60089,06048,74106,70442,60625,30338,16075,24327,60297,33352,27595,04040,29160,07123,33522,57660,24320,25103,61379,80251,43124,01121,78096,44041,54316,55322,82095,57315,37089,34010,12182,34190,18262,29139,11432,18017,05070,27649,17311,11235,55556,47119,69200,60215,71139,59153,19012,28350,57035,65010,67120,21261,21564,59638,17486,67159,57041,88175,70172,24070,57196,63227,32435,02052,18201,80475,65421,59224,80495,52027,69061,76147,15112,60186,08049,11065,37173,97104,84052,80359,17414,16112,80325,74183,67179,25418,94042,14540,84059,65048,97417,52397,42029,62302,10034,23138,80555,09025,21189,82189,26338,34028,69161,62501,72189,2B052,14756,11107,57684,34033,57674,45131,51266,61252,02085,08434,39360,32345,87092,44202,56034,77196,38499,71198,11026,18258,41258,54542,76689,62516,01064,76232,38501,89411,71274,80742,32206,29115,50384,08083,65309,28118,18142,21294,25313,28141,89282,55372,2A186,81074,65281,10320,54166,23087,07150,43099,33316,69202,97117,59183,67195,74148,43189,45038,43126,35075,80218,54020,46272,25248,66155,76420,69090,33396,77223,57380,40140,63388,45124,89422,77018,30216,65478,21198,62317,80490,84051,03036,28078,07262,74301,25305,54522,09007,71009,52528,21608,58087,44163,65304,32270,36156,70455,06020,61349,28321,01045,24335,46334,40271,53087,89024,23104,62034,34307,24543,57382,63130,55141,28400,34230,37143,63021,17415,43254,37118,53108,17323,51279,09054,71261,53242,59199,60630,37188,72151,42234,89058,2A131,06137,09073,81299,04136,83058,41150,21569,2A284,95388,66133,88189,57398,31155,57265,59562,57536,22186,60482,70372,55328,67327,57554,73059,78439,21450,64315,76364,56103,59462,93072,28239,67551,77459,21081,27201,51223,87104,46093,39191,16223,28128,60273,31196,60404,17207,35138,45242,33552,61303,03093,38044,52380,29174,27554,89086,61264,62052,65433,87169,28009,88127,24401,85008,77090,39169,63045,49099,24008,07189,50278,78009,25243,02604,57138,85289,37186,22048,02553,25053,70136,02587,95611,55058,02812,89019,21429,51129,25360,70100,50315,97610,80092,54065,54075,67358,54108,64363,86078,51479,41131,26122,11247,85302,64059,64243,51016,46076,17374,63439,77167,79293,92012,2B304,87205,29008,59516,65213,69040,72266,31187,89364,11306,63062,76534,21364,25031,60487,33164,24526,03108,35029,62592,58148,60060,51457,97607,34245,34111,28323,57618,79239,60184,57244,02424,10093,34183,78278,18249,02193,29285,16425,32273,39173,60298,55349,02832,65021,33454,33224,46146,28407,40120,92063,24048,31212,38252,28225,55307,31483,02362,50241,62580,31306,27337,19288,02027,80304,59214,71443,64173,60229,64266,24437,03025,17283,25269,57064,71100,10233,74159,50046,02184,86003,65265,76728,16090,04070,80256,2A282,85191,40129,91159,80422,45335,07145,72353,51472,87206,62780,47120,67181,50417,51620,88002,01294,23079,33304,89056,05019,76540,79012,19135,21301,88271,45065,33029,06029,22057,41198,62212,06072,07272,85142,35266,68334,24353,57237,29175,33024,82092,02216,16217,30275,61382,47232,56149,38161,02465,65349,02215,79069,03118,71333,04096,35300,62440,03232,02088,33147,30295,90065,50021,97362,91581,64518,17201,95527,04180,41114,16108,70082,61209,18154,52473,35191,62464,51337,68201,18055,51578,82152,50032,68238,45332,54504,65236,45014,34295,57032,45325,16142,40329,30319,45039,94053,88232,2B109,95039,2B365,10441,10075,21280,76001,33274,66054,02117,42194,02305,76433,14160,49174,45321,39408,39487,11288,94018,50624,45207,63208,14166,08147,34123,04160,93039,14480,03193,56044,35092,61048,38188,31096,60134,33326,46221,48015,21496,16414,09213,16194,62594,30003,76458,03124,25251,34322,65115,52141,21568,95268,59400,17381,76488,83132,48044,62907,38042,03313,55247,82043,76028,21057,45228,55395,44180,54317,78588,67375,28282,08256,07313,31425,58168,58219,63214,82111,42170,18270,76363,81176,69078,31484,38500,76672,38476,62607,72019,36065,90039,45079,31224,19037,54281,33087,03168,02433,25216,38310,39211,17358,57637,02203,85305,39171,91533,30235,68225,65100,62872,38462,27447,79259,87002,17467,2A197,33161,03248,22107,30186,41226,34073,21702,50461,71286,89405,54035,12004,07242,10096,54130,31142,55221,25571,25588,33534,33057,31538,70045,37076,40046,05023,2A038,68321,14229,73012,64033,90002,17166,72127,02319,87115,26363,51396,25523,17197,07333,85274,72230,73293,85016,38180,74157,57499,60492,03129,71497,08491,33471,51594,31339,59664,22361,78208,39345,60556,42043,11332,63011,97602,10337,80647,72194,24192,17065,76300,25494,62684,17048,14125,57396,34231,31324,67261,31589,22325,59246,43032,57478,34340,57308,18157,57043,08419,03247,39518,31123,83010,22250,55347,81110,18149,2B140,33002,17307,60146,88218,53235,71395,44021,62372,79056,80444,64127,42339,53113,05057,80440,23247,77378,11074,16295,56042,81025,77247,17240,66210,62441,64093,07329,61178,27448,54131,58171,2A349,21193,58127,33373,70399,01198,51319,07062,27625,70387,76152,10439,15030,74126,35197,71292,59201,52181,09032,32361,68265,72208,17347,15184,70220,52160,86202,26302,42157,07288,06073,39235,47002,62757,02709,88294,25139,49009,81285,52221,04026,62108,16372,69001,57173,54099,76323,02456,10013,57298,60481,59456,06075,47082,36157,02010,59542,32138,57533,11385,69070,60179,80136,18178,62633,70158,67206,60457,02002,40217,14190,48107,38516,32028,32258,76448,44192,71574,27025,55042,65419,33166,58120,38328,54030,61453,47076,16394,16076,51309,11284,37159,71546,39118,76428,28375,60001,26331,72223,2B315,28382,28253,13106,56072,21025,70335,34266,03204,08197,16279,72328,87004,24531,76745,51275,64407,59135,60552,71241,21008,10010,51282,02149,11405,09175,24271,46202,93029,70262,57730,50452,47122,11252,41189,79309,30227,72231,41267,62137,80578,60268,36004,17315,69022,28100,21273,62570,94055,28419,63236,78545,04236,31353,07229,61358,86258,17125,07019,63429,93030,07316,13001,14003,19131,57760,38169,59167,55181,56182,88498,40072,33081,24251,50222,64061,72229,28270,14163,57222,29176,60235,11191,41123,78417,55046,31207,28235,41115,63190,43113,43062,09207,09203,89072,40322,91376,60484,76005,27475,57290,57707,52332,57311,85234,53034,50612,85167,17476,86184,33337,45055,71506,2B125,94070,28178,31177,61490,64268,50288,44185,64273,30148,77480,62231,08107,70313,04172,73326,2B075,30210,62446,30087,22320,72179,83028,27679,55276,84014,09223,47128,23263,25194,56212,64291,67484,85247,27302,19111,21208,26305,95594,57518,80626,51101,21488,80334,51253,10291,61005,63464,80064,35045,54346,29107,54371,33047,41050,62631,36236,82071,40166,22020,64413,35289,02814,52304,61078,31456,09155,97214,89201,57743,35095,17480,57277,33451,66167,32219,64437,10067,71391,60293,27465,64182,42028,27668,67029,2B238,08057,70515,02309,77331,28365,03046,30046,63120,77517,74033,76519,08280,73049,21221,72038,60329,17158,61323,02664,45216,11241,31491,34068,65134,21048,87166,32316,54028,70180,39126,55255,02371,21068,62382,22307,72199,57480,40091,21158,03023,08212,55494,54067,94037,52072,02109,09218,72071,85025,37138,50024,12287,70453,22263,77106,88362,24454,65098,67414,77279,32182,42296,21415,44213,28405,72051,62004,91223,67511,06086,80423,68285,62766,14228,07070,19045,81083,80650,80431,36197,45232,07226,46008,2A062,01088,07120,62421,80684,12079,76469,37140,09254,32041,09323,59085,60595,69259,12223,76244,36092,21690,54484,17453,39026,31239,74112,60647,21528,32235,39429,60133,40022,10145,62816,61414,69252,34336,65217,46280,80690,21448,05078,36051,35105,70024,17294,28024,19277,61321,15158,36145,02668,08150,37026,82148,76703,35059,42311,62272,88192,89240,68269,86280,12296,60396,62651,32110,79042,28008,45257,81026,57620,60230,43009,38495,50130,32215,94003,33301,51655,71308,12295,15116,51395,80116,55291,55036,14710,26348,14173,64382,58154,74292,27347,64329,17106,23213,72296,25099,47294,02244,46159,24134,55541,10235,62476,24002,11412,62647,67477,60370,63099,28393,25328,10222,85304,03033,04206,31410,64104,63374,38468,89054,65329,26309,2A127,31027,67137,81087,63459,62841,80721,46148,54581,95450,63213,91599,31100,34343,39174,77455,57385,40234,05156,35108,30316,79086,52198,28103,26064,39018,95218,06063,54189,64166,97219,61049,34184,58095,23218,52305,67458,60371,59316,16121,62559,64102,12051,32132,52542,62453,81181,24111,65415,91075,25413,42313,38117,42044,39373,88530,70087,87007,76236,79216,65206,50388,54043,88088,03083,37099,69102,18204,68303,25223,17324,21171,73211,57342,39388,68192,22347,52164,63052,31563,22358,52349,37093,2A118,37201,86247,45230,82022,25065,62565,32246,31044,67135,24376,67461,64087,24395,21466,14252,78674,67522,76199,01255,62401,59627,88246,59594,31221,45348,09196,60667,21181,09099,84097,58033,31347,64144,07291,88159,03240,85067,08252,11331,22126,37013,16354,21219,42235,57510,14102,50277,16046,11265,77369,57142,84100,2B342,80224,82100,21614,64108,17208,55064,60615,41028,02439,58265,57731,37063,41225,71388,30068,73221,25520,78227,23047,51042,79177,35316,21040,70577,51036,47043,04062,58032,64070,65111,56140,43252,60387,80651,50147,41139,59042,62700,2B208,59107,50299,54540,56200,64142,90003,02180,26266,89295,10343,41118,08494,31315,10374,88495,21049,88251,87046,33061,22306,80247,19112,18018,44159,50582,76456,82025,22386,72338,77216,62744,32061,76609,39091,71137,02421,60674,38330,43056,27075,35042,18230,11001,04053,60640,85015,67027,31222,02279,33243,32298,74002,88385,31505,64393,36119,33014,39240,86123,10100,97312,13050,92004,02364,95682,39301,48177,49235,86177,32338,25109,55262,70206,51163,22127,34267,34098,09077,15128,28088,03215,44103,17253,81159,33518,46105,2B083,09229,31068,51248,57224,58169,41219,62763,16275,06133,55095,65148,59161,02773,54595,64025,80632,85260,55119,34338,61237,31079,85197,29063,80179,08355,07201,76059,16114,70296,57200,59526,85231,28188,39528,50246,76126,76202,54243,16374,03206,76177,85036,16127,71493,81033,28021,89347,67026,47145,85035,22138,31458,47304,10393,18045,14059,29035,33325,01181,50268,42105,76695,33350,2B029,22155,63472,59086,76503,50041,72386,12044,88279,21115,87090,62248,57325,16158,02762,2A247,12098,57025,24240,27320,77099,72289,26175,76457,64339,32094,37037,03243,80397,35024,76286,81309,21461,88076,57213,77430,11299,03290,89041,55466,59512,77136,52246,35195,41182,16292,2B054,25003,19158,72016,70152,14116,25275,12274,77441,80027,36068,88262,58288,61199,85050,02134,80443,21285,87033,46216,46090,38249,85296,34005,43031,73268,18216,10314,70349,50502,37073,11220,62735,39372,16169,32409,53104,53147,62701,73262,85117,59592,49371,34170,51097,19271,81069,59207,13202,21503,14084,59056,54055,27656,24366,14127,59411,03263,57677,71214,60251,66129,88351,76683,2B179,15022,32319,01101,25063,80463,82180,69281,50400,48094,2B333,71490,57750,75105,28136,21330,72034,44005,21565,39003,60118,97215,82116,31047,25005,68011,36180,47216,55079,02552,54374,32130,14064,09304,07244,27278,85259,71219,68023,88430,56255,17332,18087,34114,19008,46335,63198,74079,10234,22094,23169,02803,44016,11269,36192,57740,63173,39097,48069,04006,62665,41248,86181,02171,79058,30103,62819,62125,64298,62142,14466,27432,13041,57105,21091,59190,39577,53124,32356,63063,03208,46167,68318,14337,58050,02124,76553,05010,64290,27202,12008,71289,88254,01369,95142,40258,2A308,65319,10253,57248,76731,41157,35097,57075,41091,39412,77143,68137,53145,24448,26048,63461,13035,50225,49011,47139,31516,06149,34036,21411,80022,27011,88440,41224,60584,85214,63034,70285,46304,30342,26118,44141,76450,02515,46057,80782,59446,54596,43026,60525,74185,33082,50444,76183,88368,36181,86250,31412,62560,63132,51628,15262,51640,40147,12273,55224,03234,08148,59334,14130,23206,67398,11283,30229,37150,22175,46111,27474,76298,41029,62664,61425,61273,31217,18289,03105,65294,08185,21412,73116,16289,87037,67449,76498,57209,17137,33403,31057,25038,65355,76057,86265,23238,51604,17076,83061,15014,02172,25459,02658,21390,79204,65342,52445,71258,89390,54344,58132,66108,30337,26195,60402,17012,74116,21527,02539,38412,32204,80140,76024,25329,39420,57747,46316,67196,76214,84058,51531,39421,27312,42023,83073,51093,77011,67034,13014,80418,95002,72219,57033,27003,86091,66225,84017,59339,03287,62086,26273,44125,05036,73084,34064,42108,69245,40256,08391,58061,79277,57526,14101,77282,18264,62122,16406,59226,21085,02538,39285,26060,51047,91587,39584,02098,55566,71337,21332,80095,01138,26159,72370,48181,70421,46185,45302,28221,79250,31293,13069,80236,38005,63129,25501,08499,35302,10394,30124,89062,37257,13067,31325,61165,59089,88315,51657,2A191,56174,25361,57187,15159,90024,33277,56214,88277,76015,27605,71204,02624,35362,81117,11221,43213,57102,18124,25498,08008,57487,62796,45017,71468,76555,60211,63097,54019,29238,11388,52063,54351,16331,59333,60415,59631,52004,2B236,25386,88417,07154,60167,23162,04104,74177,13042,14579,06120,37231,2A200,02321,64531,08471,31380,52254,2A362,29274,61475,21682,14357,56131,80099,60701,69091,58144,32264,21707,62620,45288,65477,92025,21232,35327,60259,52544,62674,29165,88102,14012,21020,76443,33044,11347,55297,39185,50060,90081,09142,80791,51368,12200,80756,39423,40055,64338,64388,30209,62296,38392,23265,10076,61051,61238,60557,34063,38433,50430,59112,70319,50589,01277,69138,84148,55415,32220,12094,59059,78276,35121,89337,57065,22052,33515,89203,82144,05158,58263,09264,35116,23188,25426,68286,29028,76702,51082,69291,62692,78416,89298,62537,11318,17309,12183,31283,02050,02261,51087,11245,77343,46096,38470,07127,51085,87095,78146,58197,62790,71403,33548,78123,10427,76342,80284,59481,65318,31562,73070,80002,84085,51306,76399,91617,10028,11137,82146,31059,51644,80294,05032,68381,26033,89348,02679,77405,88092,42164,42213,67435,42299,30269,32102,73232,57640,77310,62075,47210,51539,79179,33262,57751,71002,17388,24001,85046,47051,47032,69049,67129,14117,61370,14410,26339,43185,70251,59263,70038,59482,02606,84023,89045,61190,08428,11011,53002,86299,27652,71440,50446,57555,32153,24182,65240,2B309,12251,39057,22337,80592,57590,72336,58193,19217,10198,48110,07156,77387,67092,08096,57638,43111,82004,09194,80487,48029,08336,35308,61176,67491,12261,72224,31291,59041,62649,63157,38290,71539,47278,27419,16199,71234,59269,15133,12016,40132,2A119,45061,47008,25369,62216,07040,62215,05119,80809,60121,88174,72354,39221,73205,05101,51046,79087,03057,17319,31173,60673,56244,49007,22195,32308,62045,21479,61086,01351,54566,24085,08232,85098,56006,60531,50270,04224,54242,63415,02015,01299,25622,17010,51227,15098,24034,95110,02633,39473,54036,76557,2B199,46269,56137,89307,07212,62519,62285,28184,15217,27701,65162,62025,88273,46306,89334,30354,45142,65040,25131,10307,38141,61166,27110,66105,61363,77037,77102,57113,25535,08311,07217,06025,14232,51624,61071,72276,19204,37090,89127,88120,14122,11073,08190,16103,39494,68255,69030,03278,52119,59134,27129,85095,60619,03055,80349,40070,72351,19192,36226,62855,80620,51054,46063,09212,24294,74004,62489,57704,55510,14556,88464,42062,39035,51492,28394,03212,52006,70267,47325,12280,09161,43020,50437,09236,95149,32297,74165,66009,62794,35019,67296,21694,43053,27542,80331,32151,27127,45276,43024,51447,70466,44143,54179,62895,86165,77308,68312,54251,12282,30277,63166,57202,02408,19074,24050,57493,10044,21164,25309,35008,47326,26268,88165,83124,03088,58298,80808,64168,25529,32229,54121,89321,27104,16225,97614,62316,28142,81202,65334,02255,67231,87193,17259,16059,30084,76402,40205,85110,23154,56082,38530,30002,31389,33102,52282,87174,54396,73091,37067,25595,28269,09050,77485,54338,83080,08173,52394,02251,55105,08017,47251,94067,71548,28087,61400,27321,45341,77442,59221,71532,68349,39196,59205,47245,43144,23073,50112,69029,65050,52247,58110,80484,51203,55504,39159,15059,89440,82055,32422,14575,76575,80321,59487,50442,08153,35082,24264,60437,79157,24035,12163,52200,66024,66177,60010,61324,28074,61075,60066,38554,12083,74078,76180,02322,78165,72193,61060,2B012,80472,37264,71280,45305,67490,2B231,81036,65083,38063,38309,54405,64297,45269,25073,53106,32300,91495,88310,17182,25522,81129,52062,22002,65417,21274,21670,62775,17043,41106,02527,88177,38307,72120,26139,38518,27472,59158,02209,63009,59522,95555,67351,33353,67341,95295,16145,34092,31297,53055,43212,10195,11118,55498,16180,02780,71326,72245,87191,77495,54513,86143,53188,60255,42155,25240,76642,61302,26199,52158,55258,40285,30042,94080,91284,54014,66121,11085,10054,01199,72294,26080,72270,09322,02474,06011,58248,62224,63272,06155,74219,45260,80032,80126,18211,56133,25553,19250,39129,65404,31455,08376,59318,86098,43196,26198,21096,67392,57335,31377,23146,57459,35140,28096,70249,88221,82162,89483,68329,12293,62343,18189,32018,81088,80272,28256,71510,56025,22302,61278,13012,77206,40306,61074,60232,62410,22304,27012,18011,02397,62246,52216,59497,25408,11439,88213,39317,45306,21080,52245,42269,60597,40288,79132,63358,09239,23201,01412,54392,35062,76427,59227,50176,63037,51144,08058,39418,54289,33545,12167,65196,44106,38317,05165,56207,35080,17039,76487,77165,80456,88160,81023,30033,86233,08063,55210,52146,02169,52392,09208,54135,16205,47023,34021,69290,63139,69171,71525,69271,31052,17224,24306,61193,24361,45118,41048,05183,74094,37053,77010,65248,59272,67536,03056,17018,67381,50259,80625,45334,48131,16276,03154,21397,59053,64347,25444,22286,47022,61052,55183,65220,60631,33209,32412,77146,21047,16040,65132,90031,06160,40320,28214,59211,64197,39028,02403,42237,81037,73149,59279,31421,52493,26051,61163,68241,89168,35203,62219,50567,08154,88195,80547,60254,61230,16036,21216,14043,63192,71172,41216,21687,71528,76259,71465,10073,46294,65256,24390,60332,10381,40114,91441,2B206,80753,72282,22041,09123,70535,59163,91514,61050,47065,55369,39238,71192,34326,38318,21418,80403,80478,38419,77457,57444,53074,07193,02227,82140,54468,07277,63212,65081,59296,85112,89316,27231,14506,81002,04181,59058,72293,12178,01439,14306,02205,22238,17273,48008,70179,62304,81124,97114,32053,07270,15190,55422,36235,31405,30330,31417,76739,67188,18242,01200,65208,87167,25126,02609,52310,08416,62818,53249,14111,31170,89462,47274,02419,31266,70503,43198,17335,13065,82101,59398,29076,70506,14460,76497,85061,80063,28013,37226,81222,59097,44132,46173,71246,24066,51133,57413,23113,89122,09149,01228,64428,57470,13053,21558,70162,63012,07035,92026,33176,59356,06026,15146,26092,38171,29212,59543,67003,51109,62290,11027,52003,31362,73146,33512,59530,54356,45179,60221,34138,62111,56206,06003,02141,24296,2B233,38329,53210,12064,60302,55021,07198,68281,70511,23137,21606,80752,31387,63302,14076,18047,01348,77319,27654,56210,89247,72184,2B305,08228,35342,86139,70182,50214,24418,03117,83014,72132,65043,56097,63408,34009,67229,05123,91121,40286,81313,33399,91275,14332,60598,02498,65155,83096,60065,02022,31191,17107,18245,02644,36193,35329,33343,62039,30144,11291,38250,17184,80795,27522,77148,30185,31578,12260,39348,80405,26294,74310,76504,38215,25601,60356,29135,36005,14478,62540,77479,16096,22012,16032,93013,89101,09217,16134,41070,60621,71565,02578,80018,27540,06024,22242,65266,55155,71555,22349,72026,65247,64139,02491,18021,76266,62722,55445,18227,31557,26324,51350,63253,02431,76751,58165,51255,47180,54404,60162,68005,70473,71021,2A146,62323,12227,30294,85118,62511,80609,17443,85204,88238,32278,15140,81064,51013,64220,78358,38103,14097,02722,27243,27165,95008,08076,77168,82164,26094,76561,91579,07264,69298,34293,61491,67267,22305,11154,80559,21613,13094,22295,67035,2A357,77525,2B274,16256,14566,76568,82099,86054,81090,60564,57592,37050,25170,38369,40160,28299,61351,80077,27655,72124,68110,35028,09111,27339,77271,64229,45328,28085,14565,12241,76205,27395,09041,09043,55362,43061,27103,16058,24508,60168,08341,02637,80542,55578,33012,61317,08257,2B257,45104,60644,02082,65020,59574,66234,56154,34182,14326,06059,62869,55144,32165,07269,16393,72303,42032,23148,57251,90078,24020,70197,17391,34083,01123,89425,50486,25461,29143,02677,57610,79326,62603,01429,57376,95539,72154,25304,49261,59011,29103,13107,70013,87156,61327,76074,54102,34103,87149,06016,39037,37134,10050,71390,16150,51334,61474,29195,78073,47073,51218,06093,51155,61098,51184,41252,39546,28306,27273,62069,72072,57295,24129,2B264,42089,01062,24408,40014,53182,34310,82175,77365,22299,49110,61385,16081,22281,89410,24524,34175,21087,79208,60173,62670,39140,54395,77507,85164,47203,02410,14273,28222,33387,02607,47241,67100,06031,58143,19260,61281,53269,71239,80074,81277,88290,2B176,89051,19132,24534,76652,33117,27456,30021,03032,31301,45155,39312,52025,72039,24046,86256,43085,63183,54034,60282,04018,21264,43004,41099,16291,49253,03131,72222,88374,60327,73323,47285,70116,36093,21664,32213,42207,67160,31575,65408,03210,77172,75107,54450,21103,51038,40004,23164,58013,82047,87070,29045,21368,88303,64152,33417,27206,59459,81189,78486,03262,17135,57085,55385,45307,24351,2A163,67101,80232,08479,67223,95598,54041,55124,68054,02225,35034,49003,57437,58131,78160,33084,61407,21467,59623,10347,31420,38395,06051,14552,25041,50648,66070,89040,32433,57399,88079,38488,2B072,53105,21314,34044,97131,54545,44114,64433,12075,49241,48179,02580,21097,02142,46271,66139,16030,31024,86083,67411,70184,71508,76148,49344,02577,73082,52502,66120,73330,63019,56098,89187,65181,17326,28208,31332,58017,44174,27184,71207,71394,59242,14607,60477,2B078,70572,88423,14135,24373,62202,27299,53174,42196,02749,95154,27023,37033,46092,24350,63315,33421,10339,17191,54315,30051,39444,87172,31268,63077,42076,29048,51076,42268,76602,26208,58079,77204,62378,68129,68173,52277,72111,27286,34197,04123,32160,84102,86086,73133,24538,28371,69002,07131,64449,85072,01433,67401,77498,22189,67226,50391,59364,02277,16078,76047,48128,16082,67047,74048,88280,11115,10181,03135,71370,61116,80416,54088,44164,68341,89028,21130,62870,14278,22262,43210,64050,46051,01361,68015,34334,54467,67328,81213,82097,27161,32294,37091,74026,85187,46040,46075,2A212,55511,32176,54502,51455,92050,02014,73296,2B293,02698,34323,88040,29209,54359,01356,62024,66173,18190,79057,03115,65233,71045,06077,26022,32282,62241,24082,52195,89132,24157,71531,07038,80810,33487,80704,77091,24365,89153,26059,26361,94022,60158,32142,67354,64124,66072,27658,88441,08445,72080,17290,85090,43014,80759,03245,77504,78361,28155,84099,04051,93045,29083,49012,79220,52212,77461,08427,50295,52419,32079,63334,74052,14570,40168,01185,37195,23210,28327,91468,54352,50533,73256,82134,63357,79070,23260,84032,51497,54394,17044,89315,34246,66077,02568,02107,27374,41030,40061,80686,91521,76120,10261,31357,65056,14203,64285,26377,84040,36073,23090,24123,76135,54551,38068,62541,02827,59101,26193,27563,62295,56121,56215,24263,33298,36103,65201,65109,17237,57079,26299,54431,22015,78152,77169,43152,25315,51219,05155,59144,79299,08399,87103,17024,56101,34046,67078,11328,70166,51236,10185,19047,90015,57519,23181,72153,78403,35056,86147,2A085,01227,16063,68352,80489,70005,88019,12074,84013,68036,44121,53258,60109,21037,65437,26264,30199,39229,45063,58085,51645,64337,53039,21303,73231,46044,51509,60082,68124,32394,47106,34095,08296,45274,80412,2B036,62283,33536,74010,21521,80619,85051,38222,38218,71018,04074,15009,01203,71048,70343,22315,30090,05145,81081,24164,86082,19142,54514,51608,67295,29029,24171,12027,88272,01250,62813,24338,72099,35039,25252,12010,91112,71077,79063,47276,21566,56169,62849,53143,68020,80100,55149,47302,38498,40042,62629,54165,62890,28073,58172,56248,21002,57349,28098,32280,24150,67162,62292,61274,70029,22233,43019,76110,67534,70337,73041,76049,60277,80687,24586,42090,89242,12096,60577,59151,14316,57577,65441,47175,63026,11348,27004,57069,43181,57238,55253,36216,76322,26218,03069,50543,22275,57756,97228,69254,73322,42128,67529,14483,08408,10227,14712,95488,39545,82113,61329,32107,06132,73003,47187,15114,25014,41032,21104,52151,13005,81010,46315,60317,58149,70248,63114,87061,37279,18210,10329,08476,22271,43155,25397,60527,14062,79340,14123,25049,81066,63239,71177,80517,27064,84079,89137,39124,62154,03238,40150,13046,89087,95492,21022,23001,27119,25450,02409,51453,88371,09100,40328,73229,09221,95427,59136,25211,37114,54419,64245,87086,60488,55051,17159,60274,69044,62854,64309,54018,08298,61114,80014,64228,21567,59292,67174,46259,78402,42169,40099,71125,57018,51635,67510,97110,29302,43162,02062,77244,56057,01057,64049,50101,95541,86102,63215,02715,46266,80748,72368,12192,59143,70146,07297,24277,21244,42246,03272,62831,01321,63110,21530,67336,63179,01118,47303,35247,57748,70316,91037,76749,63155,09137,25415,80173,26087,18253,39150,89065,27355,50591,68098,91540,03277,80656,67501,47034,35281,52083,72191,12257,03255,21342,41079,71413,27473,55363,86224,13079,26301,88144,76690,67133,77360,33283,03299,47086,61034,47279,30219,87049,25377,31429,77263,57384,32112,14054,60360,67489,55469,33452,55505,76006,59369,63278,30004,71200,26192,19235,23266,68219,54076,42208,2B356,42005,60558,52012,67249,18052,02640,85103,39467,09226,29216,50340,79140,61255,17132,67237,58042,21109,29271,50164,80269,51435,17188,55500,59110,80328,35287,84112,45347,25613,64147,74278,55471,65160,80159,74136,34211,03091,15185,57077,64270,80221,21647,33206,27354,47299,62318,60191,14328,25583,70366,57550,44144,86152,70286,85261,05013,54063,23235,73130,86106,39390,86051,93006,61457,28339,50002,27152,85262,26165,54464,19049,50504,11359,70303,03070,38105,78209,16084,14547,51226,51522,24317,14270,88268,23010,11406,11140,80672,28203,02558,19273,69384,67405,64539,81063,36168,01416,67063,10325,27114,50169,46030,15066,85186,21641,61085,11295,21662,52306,60239,06151,34162,46103,76227,33392,86028,72036,31140,54326,23251,55280,38422,88526,85100,15015,53222,67454,14699,76408,02447,27661,29150,51005,87138,28062,61289,86122,35317,19268,65087,17096,60070,10424,14467,80385,2A061,67216,40071,81092,60666,25475,56179,41172,08401,78068,68056,80120,32123,95627,85092,60661,32080,87197,78007,02130,81251,49195,80574,50083,51373,59045,80200,2B275,68007,08023,41188,31030,33183,80176,83027,95011,14035,86017,62675,55089,64277,64443,89011,33242,59023,51659,54094,25011,32201,27444,2B217,89147,42176,74152,89118,54083,53218,01367,63197,33270,83070,2A358,72334,09127,17411,59236,02197,01293,14496,27096,08264,79172,86156,31156,89380,21117,39100,45238,31407,67065,46204,27695,68383,55099,55116,80276,90089,76064,67346,67200,88134,57651,08452,2A285,15065,64542,21487,41295,65260,45324,02540,76707,38278,55374,29119,73097,81211,53016,69231,52276,71463,17156,84068,27415,29033,42211,77246,21165,88016,86068,44198,80573,88193,50565,41159,54079,67236,80409,16268,55396,57445,40203,46189,70027,27378,71335,57300,52030,08369,03082,63433,44158,60257,63287,27240,17389,64332,59329,22096,41132,70261,60226,53078,12093,07003,60021,66076,73193,58206,43089,59310,02208,69095,52491,26112,58226,29239,80203,32268,24479,15093,03165,57190,03009,25148,85042,24545,29286,34039,17051,91666,60212,30306,01406,51002,71571,71122,56211,44043,21028,13208,71294,76349,67517,35228,38296,16270,01117,25527,72155,28358,16343,09291,38253,46164,67022,46089,60333,63465,44169,22289,02416,81243,78406,30116,27545,79352,02739,01089,22385,62123,63093,29205,74024,02037,10089,37097,71232,26201,01243,62314,69388,31449,46142,32369,59367,35232,32209,65429,64529,02160,41112,88316,01156,89385,43163,39406,40277,71205,33322,38313,65461,67363,32118,65462,50282,72332,84035,37252,19156,50369,47115,51149,21666,80080,40037,35067,02530,83110,64190,07213,28201,56143,46175,77020,54297,01074,59138,64259,06141,72079,25573,30061,17434,95101,85115,05098,02576,02207,84139,50297,62667,07300,57261,55507,10221,81097,01099,04139,09129,82040,38030,45292,42264,04046,70574,53010,66039,59001,62654,54225,38463,03302,89368,50476,68226,57528,74164,26288,51466,22259,66063,80141,68014,27689,11022,63323,95509,41291,38036,81270,16366,23064,14239,76354,02797,55175,61148,89252,70422,80480,32186,27555,38072,38565,12052,65348,41184,73024,62037,73235,39522,33261,24220,41035,62128,35335,07260,77108,21494,42327,41065,60204,31323,65154,21483,27036,42159,32136,51548,08019,17400,65232,85159,42261,57088,88463,73261,13059,80562,67083,67255,67508,52059,27222,80059,07061,42325,16019,17252,49113,60017,28146,88264,38457,78396,70129,95504,87185,31396,59218,08352,10376,03013,79134,09124,55170,45308,88404,23124,77460,02012,14143,28105,17425,67060,08396,43046,13117,78518,60208,50372,80148,93048,14237,31163,22083,81265,25592,23200,57115,46123,88494,80166,02655,81161,57302,94052,22234,64368,59328,14093,26034,40259,94060,14087,48160,76299,35173,69191,30284,80228,02710,23259,21657,29171,71537,73053,73145,83021,03011,68006,15214,39495,76698,42200,34096,81200,41137,36046,41268,40011,27261,26216,44204,71334,27377,21112,45344,48138,04012,43083,89350,77305,38210,2A228,76038,30015,77453,21046,97129,54414,40244,82165,51446,61180,16329,27622,01110,76447,01179,69043,16097,28229,03136,56204,12164,77185,34342,42230,25425,62524,80538,85073,76422,57388,60154,23255,59348,68022,43071,84126,82127,80549,31181,69382,26002,10119,92076,57716,80132,46137,33249,06153,07032,02688,33169,31576,88283,43028,14349,66178,24252,26147,38467,55357,80778,55360,55206,32367,16334,80248,31448,60682,74119,37136,17375,53196,02512,46140,02686,34140,64556,22103,40214,69122,61001,45045,33526,65036,89463,51454,06047,86093,65263,60263,15094,34127,88038,14475,76686,62091,86289,88110,89119,52541,44050,56039,10154,29282,68160,17017,47178,14355,32212,78217,18037,34305,25295,08067,87074,72211,80596,23217,09249,52044,57108,46194,58313,31141,68342,95063,01262,26030,14167,03292,67388,68277,09058,70467,43188,2B302,15010,82037,25307,59397,86063,59360,2B169,67292,69166,24005,63005,21029,02154,63319,55196,47311,15188,50252,02019,69063,16101,04166,77464,69093,25496,70299,23120,81114,25419,90046,64361,26247,70200,23205,08456,24018,79030,27076,19083,2B289,39131,66144,39145,31252,34316,88104,64432,27685,60463,34291,62604,47272,11400,79217,47162,68151,54011,77035,75109,18218,64426,08032,11131,31278,33060,72045,37183,34278,28243,49132,42126,16397,25317,04004,37043,57717,21417,66119,2B220,84109,60126,43001,32159,91534,25314,52126,86013,87108,35165,05027,57004,54190,80605,59288,52482,02273,40252,18140,02732,10371,77493,62358,30238,44112,24130,55014,35233,67069,71267,58220,44030,76189,90022,17316,11313,40109,60304,21305,22356,87064,35248,26091,74172,43192,50506,78621,58231,15121,42153,91471,80355,68372,44022,56047,69106,80260,68375,80374,84010,02065,56114,05001,89017,76655,69096,30230,27134,88506,89075,13022,35331,60033,62668,49089,37149,65156,30056,88033,07165,59225,74197,31264,2A028,57150,50342,76305,66066,64516,52088,52235,51449,89191,80832,38101,07273,57438,41060,86246,15005,34261,29084,47253,05122,50165,14751,76415,21404,59486,08382,89375,35044,49377,68035,14276,33103,59314,67190,02392,16263,11101,88077,32100,70066,09180,88216,91038,80498,30254,19208,60361,35071,77450,57212,79357,41001,57365,84008,78591,15040,58006,82054,43251,45200,40122,26259,76344,46165,47136,02254,26190,80568,78324,26249,78653,16335,63324,80452,04050,68169,54092,41193,21646,35202,16133,12054,03021,57741,60227,90075,48091,61122,33159,01079,70545,70025,08119,70193,80519,77404,38410,22269,77069,40237,76475,88411,71249,45165,12186,55219,71020,55547,24484,23198,40097,12255,64367,70259,26213,14515,32071,18221,89261,26224,80053,23136,88103,19144,07138,34131,82183,30270,79334,27151,21315,39409,62199,80800,43182,45123,72345,61215,78300,58060,81156,36031,11370,59515,88436,03029,71058,26376,89279,37210,80119,54531,10313,45060,06035,62336,71469,81098,91136,24039,35320,31284,24214,04222,23144,36059,30293,01047,38469,25417,73204,80642,14039,66143,33122,26180,88509,22135,65113,27614,36135,80420,16135,59194,16038,86286,65137,26121,54421,49240,71376,38323,17377,25215,09034,39258,22327,95379,02697,89171,59403,32126,47222,14668,57204,01060,53135,84116,21601,30187,53198,21377,70050,51178,30304,17015,56229,72172,82114,37062,62749,28200,52089,10336,17211,16364,02541,35188,44039,65388,26206,73008,81119,53061,23041,24088,65231,58181,27091,49015,65465,50445,73031,55081,39043,83067,64052,21185,65449,91016,38107,90097,97212,09308,38084,80663,2B178,69186,69131,64325,65015,53165,61126,48099,85193,31361,45219,25271,93055,91667,18237,21589,58237,63264,63044,01184,30064,29264,14453,25379,61405,11416,73180,10017,84141,70322,76116,42285,31351,38239,76564,95429,28067,67275,61216,45062,08254,53001,31292,06135,40080,16211,52149,73107,62009,16261,62435,83079,50361,01298,10112,12056,62437,63383,79108,55013,65403,37131,88387,04229,28016,59289,89015,12063,42007,19187,33467,23034,38348,73105,73234,76521,61298,85177,60250,63002,57557,62360,22323,51250,76359,31296,24550,08024,27367,68032,17454,78455,39164,41271,24585,78193,02067,17098,61326,14206,50044,40021,08272,48116,33065,68030,31381,27324,57034,62269,28333,41283,57633,71005,77325,78206,87170,15267,76174,65187,45189,71479,39583,74250,51450,06089,51065,21644,59176,77401,60181,34224,42204,31530,63195,58276,11091,58036,54406,88409,28005,91097,87177,33311,68359,32327,30014,65251,51553,55367,19080,14754,55128,85084,47204,64081,70104,81039,35058,61011,54521,69178,62852,14543,41024,10418,51520,72216,57128,37023,14383,24014,61084,31091,05148,89267,72233,24398,63447,28296,21441,62364,67523,24081,46265,66226,32324,24007,32443,2B063,21277,55334,83102,17149,06039,54598,24056,25296,17255,62222,01454,24504,70342,02351,84149,23084,27603,02349,02725,68316,76693,64360,10445,34001,25113,85013,62468,53083,30137,40145,86203,09310,40323,26276,97116,67360,26103,55384,18095,80575,05021,46276,70539,11425,93001,31452,68119,30083,35211,24287,36030,29014,82034,74191,88529,47327,07099,21637,84050,27533,12045,40079,62690,59492,52207,95091,55167,41285,24536,49067,24569,81123,12104,54096,58037,08338,84107,50496,17151,11382,38207,51387,36055,22161,76035,71458,69010,02808,38083,42009,81279,02632,28240,64495,82013,39107,38195,74020,54182,41089,51513,47013,27219,02323,67397,84025,22243,69051,27295,18274,71427,59383,22319,78601,80278,44084,85152,88332,40040,88247,44023,32371,39511,57594,35236,32377,26041,72315,02503,27045,57461,41125,32098,76164,52506,19041,77051,18265,62127,31311,21320,59187,57466,10111,67400,31220,10127,85147,59569,66140,36025,25097,67326,02220,29098,80541,44155,80781,81024,73277,76196,62072,23187,51592,44183,24291,70240,82007,39508,62038,49114,31238,76663,74289,56111,25267,60514,24560,64527,28343,21345,76072,14541,31378,70237,51633,82084,10409,22264,60301,13212,33500,72311,59064,47263,31279,50023,22035,91109,22241,38246,62635,80118,21098,03226,14271,45316,46322,62097,76241,10278,08126,10117,54206,53073,75101,25340,37092,09002,28173,50618,14554,76717,19169,89354,47167,06128,77200,17247,51631,24525,57587,53263,71129,89064,58073,43129,77408,53214,25505,51239,33357,03100,78239,81286,71209,92048,69296,77452,36016,65053,46190,15006,74095,67233,17284,68195,40208,86149,03242,42168,03301,60137,74243,71176,01410,33143,71365,39554,49008,62126,59513,39525,67165,19207,67288,34250,23091,33385,39471,79064,2B039,33524,89081,09109,64545,73033,51241,66160,34100,54298,55356,25039,23166,81076,35280,95229,31346,57701,51491,79235,52447,71230,51663,77039,71409,18130,19162,73028,01192,71303,14452,88114,61140,21372,59434,70364,09201,08374,60618,42061,70265,18159,57147,79020,62663,34289,71300,86026,67556,52122,29101,31058,26343,52067,58283,70414,09008,02581,24347,63295,34023,27330,68379,12229,01150,51081,64244,54563,29295,29105,54218,19051,07108,03173,04138,54328,45317,29012,27235,32043,05161,29116,49248,59545,64184,62550,67268,47138,64181,31164,36050,15086,05109,06081,83133,41138,65006,28157,72369,18004,32189,21107,62506,72024,08030,09173,88407,50402,57469,97216,06148,57197,11322,78015,54442,16173,74188,90019,60684,76500,33349,82015,82102,45129,62568,79133,10053,58299,43082,24384,40243,69220,16255,62263,63343,70452,79119,07205,61063,65278,26291,79009,16229,58270,73311,38427,68101,50350,19199,66073,11209,10087,78031,67094,86300,60460,17086,86137,09037,39080,31294,01180,46198,02511,26217,81134,51134,12248,74260,43229,52108,37161,79332,55532,65395,73210,93077,74161,22050,77232,07221,39435,57595,14371,70238,31254,32245,27612,08317,22353,57714,34178,08450,39109,19284,38247,76234,68026,47207,86115,51035,39004,31116,25132,63031,90034,87071,68307,51285,63158,21660,27326,17293,16002,33393,57521,06050,02650,51413,79226,79066,47060,34283,12213,69230,33120,21355,71153,15198,04077,76641,51001,67074,89074,62172,03040,18150,77104,09305,16098,53232,07119,61251,32445,21714,23244,38271,69075,15095,50072,05053,21295,08472,55512,57149,47313,19180,78283,14538,27457,50579,70099,22084,25059,68027,78562,10030,77226,40233,72217,83060,67364,59240,14484,80186,80373,89142,05039,95543,71412,53191,36010,01149,94004,24011,07209,57558,44067,43218,34049,76727,67132,32349,85148,42214,21540,89309,83029,63153,51428,62632,33444,14381,12058,63226,78620,63184,74210,62230,86237,69268,77116,70464,80486,57276,07310,64125,60050,63027,29054,59645,21708,62469,75102,40181,81171,01081,50251,88492,31504,19006,72221,64185,21416,40028,14431,12082,50273,31049,12289,72325,22265,71415,60108,64509,34081,61291,72043,63413,59444,62449,16340,76425,60636,10389,11262,10027,62681,24231,76552,54027,57124,60160,34121,72302,31092,60391,46305,51421,72290,02296,03254,63180,07054,83001,33208,86044,08064,34171,80695,45176,66127,15147,15079,59435,62330,42134,01405,57029,70581,28424,97218,88188,74228,22032,86220,54449,08036,55108,57141,62563,31383,38397,36097,81018,26203,72182,70084,2B343,33042,62054,32391,39505,38242,36131,50457,61080,80826,01160,64555,36053,71147,02480,77385,50598,11210,02310,41113,39300,77333,51156,76545,36044,37003,54072,22054,78071,71290,64299,02551,40036,68117,77179,25626,59004,91645,39517,95157,89456,57623,24255,81280,88058,61347,76611,30044,08273,86284,17383,54301,62450,01085,39192,24307,01407,51029,61330,56112,21026,33051,79200,34201,11413,39560,38472,74133,21529,2B164,33361,14318,53240,32014,68380,64482,76398,24221,60320,52184,48048,27263,61149,11046,76250,16119,40171,29201,63205,42122,27361,50111,68338,62545,55543,03230,62173,77121,22389,24141,54420,25258,76499,38276,07020,44111,02675,51566,11368,21151,81118,72138,57624,39368,51508,42198,35141,57568,40300,30017,19216,97132,70438,58241,70292,69100,14352,48188,01143,07170,76518,63017,08104,22099,25492,16029,16077,76142,26194,48135,31493,26126,63244,14269,61072,26004,77519,91629,48149,32078,67148,13116,06097,39236,82046,65291,59253,31549,71291,67337,21576,38407,69270,21519,07347,70250,79256,03244,67049,71302,02304,31473,73188,80819,62141,77266,09097,88231,47064,30050,55087,15037,42216,62428,70153,72274,59363,32386,08059,95395,21598,11242,40133,31146,67208,23012,57423,18213,05118,37156,07101,50334,91425,54212,62073,59213,89117,51461,32158,01404,82133,80035,89006,07167,38458,91631,65105,66032,09219,12158,15026,27050,81185,21168,33077,24267,57280,64293,24386,67266,17292,97226,25558,62776,64403,57489,26311,52472,38347,10116,28346,66008,24180,88041,60072,61424,77419,55272,17463,18015,80348,51612,82068,60414,58071,80586,58198,85123,25468,67141,54115,35231,76014,02694,80535,80130,57143,35229,64419,60164,38182,19028,14743,27683,52104,12041,26252,62497,37042,02463,28194,50469,62734,08385,44053,31388,15053,21525,11135,50570,71346,88274,88228,55563,78401,09285,17308,17446,54555,88285,89432,59365,38174,21405,11418,34154,02368,2B120,80707,29137,88070,64086,34331,78084,81272,91235,03186,18061,90070,50260,21122,27670,17006,64046,63456,40180,57062,25381,40232,44221,54470,57491,57691,57733,70190,21300,78262,92024,10207,73178,59430,90026,40172,06052,38520,35124,19048,87044,61362,64038,42083,52232,22383,35065,82161,62400,02656,14027,40089,61208,39048,62466,61473,02627,30105,31543,31590,27179,07332,80056,35096,27037,02546,01134,83143,38235,68275,64078,85256,34176,28038,60485,37122,49123,02156,08250,12283,86230,36232,51613,72237,19269,02790,94021,08187,35358,04084,10022,50528,08344,41141,46177,64282,46134,88201,30326,74082,30349,97225,38556,29108,77027,47055,45077,53257,02678,91207,66230,02192,35146,06139,26133,45053,71188,67199,88064,71011,54244,22133,43018,60091,62836,61101,33154,05044,72364,70276,02230,50548,57120,61512,32157,57364,18046,24031,66045,46238,45213,63336,54172,73161,39032,22085,76225,67443,52182,32030,64304,57080,70009,24399,72052,25489,58066,88462,10215,62339,23089,19195,25046,17245,28068,28285,73128,32306,74064,36037,70301,88004,60209,76321,51303,50219,82132,26221,63177,31508,74154,57024,49180,81157,33414,57598,73140,59223,71344,59145,26070,53054,38341,58266,53230,46128,71135,11335,32016,71566,71559,62521,80036,65058,21135,59071,66064,17220,26281,77201,09309,11151,62019,25346,93061,74072,68033,28092,02157,71570,11396,33112,44173,23082,21434,19103,80395,28373,59455,26292,51485,34163,24443,16027,31067,25540,61242,71446,80043,60218,64196,09298,95652,39292,76336,30102,21255,02450,26102,60101,87190,18188,32276,63342,86244,26367,87060,39193,10346,59031,58102,82154,64429,38149,60568,76530,64192,32003,91511,81227,76513,41098,25403,49130,26036,86107,71115,71044,73302,62380,53128,13090,02778,86266,39503,13104,97204,86094,50483,16086,04144,34195,58242,50048,68107,76651,2B320,61055,86255,28409,19081,2B239,64450,24302,36140,16317,72277,41186,40299,59668,68079,40169,40189,52132,31230,85055,45033,25301,78246,28245,50634,01301,78049,77178,14501,33317,51432,27368,55303,18184,08203,45193,71420,55416,59192,62409,60478,04173,27271,76066,29202,08025,26286,52288,76409,22276,64488,02005,44102,60689,73120,17318,52298,16368,01289,29269,54446,21226,28263,51596,69154,39304,60285,60659,57570,09019,46149,40163,70290,60367,89451,34209,25382,25054,88179,16282,43166,62194,45133,70065,30164,65110,72210,80762,10326,51086,27167,61476,54141,70015,70327,60365,22288,02461,89018,60350,11213,64214,79338,90014,77225,80210,33539,45075,09031,54544,65373,52171,52488,54199,76181,31593,48042,62814,17099,23122,03016,77527,01334,80142,62139,40093,76294,59402,77392,18143,40112,30225,82044,34086,55460,23045,64552,51381,26153,46087,61243,71377,61224,64283,59115,87078,21577,63125,24131,55055,41290,70143,51126,25345,54104,27353,86172,45092,55103,23086,37130,71451,36078,59653,21715,36121,46073,67356,27586,31133,01419,32009,62804,17094,21182,95580,70426,39009,50158,21653,51313,55439,35050,23192,84053,17239,10217,40155,34155,60515,57547,73019,22143,46131,54303,83106,69076,45022,52322,81162,28423,41239,39498,76182,28058,68323,45042,52029,01265,52286,43150,09151,76460,62324,24116,62817,85138,38187,54127,01309,28367,97128,88325,66162,31270,46157,86151,61464,25155,70397,71113,09261,78322,63409,82006,59612,65385,13097,89032,02252,87031,86015,12069,80654,39250,16050,60131,65369,03176,2A189,22209,10004,88163,60381,84030,23233,59111,72252,64455,01276,53027,33198,38464,62892,72378,72373,52256,57322,15241,09128,92040,47006,76341,56045,19094,36099,59449,12028,09281,59478,24215,87120,41269,62014,88062,02542,74081,15003,37181,45201,74129,52364,08364,08283,28211,17322,12278,30159,04108,19056,29043,70430,87135,85284,07219,31583,97108,27027,19071,62329,62622,16130,07231,72227,31050,59556,25016,43007,55069,24436,24205,48112,76276,52205,95424,22093,51425,77124,78530,80322,39351,02534,32169,54073,09021,41134,70273,67057,72214,74053,07254,65139,30247,55516,70578,46210,08303,07159,06079,45005,60540,18114,17484,02374,08092,37110,57334,65279,79096,40035,60479,52396,76743,64312,01336,63379,18064,14654,54254,41180,59534,61030,01191,80134,30213,66090,02592,03267,23125,24177,45011,79105,64435,51025,80644,82188,58113,53146,10252,64442,04230,02582,58105,91507,16072,51474,24012,77173,77368,81006,71368,91247,32154,07174,71229,57333,28130,08467,27269,02390,24574,54565,02228,30134,49138,46328,02343,01290,25230,32439,76526,68019,60397,02355,38355,02689,80001,45103,57083,65322,64468,04169,76339,67330,35206,62010,86253,25597,35276,64006,15143,67335,38374,72350,73216,46239,17164,82039,34013,06070,28370,01158,57455,33229,88482,51298,04112,25402,89447,19209,19016,42304,11096,62365,02298,60603,67506,47298,54201,14138,47238,91332,22376,27428,56256,27580,62102,90054,71419,84111,77433,22009,54422,25202,02400,54294,32317,27398,50637,01209,2B192,72241,35004,51113,65007,14291,24455,30085,25263,27644,71273,76387,55257,18119,63370,62576,33069,44019,51157,43148,62503,25457,24058,34219,26083,22136,71434,11168,55284,53056,26274,71356,67424,04163,54512,37020,08426,29299,33555,47255,63424,90006,38078,38443,54407,72283,31441,67403,73228,47146,31359,10133,54222,09104,17357,39512,53264,71392,51544,39170,71583,88097,33370,76016,21437,27040,04240,21353,17298,16290,69219,28216,10310,52129,45339,80124,48031,14181,39189,89416,45034,33376,36178,88084,38081,89281,33282,79092,63421,50121,88003,26326,04016,94047,82033,85243,09056,67039,39586,14347,32147,51272,03194,10392,35068,28076,57542,03252,50166,54367,43122,63071,85019,17279,24416,60028,76345,02566,36054,45091,54597,78329,33271,47234,74070,68049,41104,01286,91216,30138,58040,10366,03148,57387,83128,10431,80468,64024,63086,67342,14678,80174,70338,39572,36096,79016,82078,34188,59164,67139,28113,29016,62053,79018,34325,19200,71482,09271,42279,63134,86048,97309,66166,76151,89016,33064,62731,76650,70061,65288,81095,19085,37221,33346,56250,48129,02674,71379,83057,02787,31592,60620,44168,25237,32224,97102,27149,10191,82050,76166,36199,53163,40260,76453,38216,35351,58245,61262,61182,58267,02730,86241,52439,89145,15221,22311,25370,85242,28006,76296,55197,17056,81205,39183,21595,05089,37009,65303,30053,89182,50109,21292,59429,31192,48096,13118,28349,22344,36056,62658,19275,62753,47296,81269,80163,29055,84101,27176,55569,21257,59265,28267,58151,02528,28293,67459,23036,31440,64176,81003,39457,88131,88180,02770,31418,40081,09177,12026,07124,54389,30048,07149,28046,2A041,80045,62408,76369,70233,77468,62784,18102,33148,36008,21310,16310,54527,24457,34047,59323,55271,43094,69098,59342,31463,97601,22280,69089,85082,65088,18217,36066,10256,32022,26240,09193,86120,26098,56128,50115,73078,77006,70202,78522,63248,46100,21034,71072,35149,15075,83145,42191,11092,54273,02129,39208,14646,24438,40121,76082,24492,14669,01288,59277,64097,71399,89394,14082,17176,79285,14491,34167,44061,42068,14745,09146,17128,34256,55365,32148,17147,31078,14096,37185,68245,17248,88200,59174,78470,71091,62727,15024,40094,25416,21248,89273,54528,78302,25145,71364,61497,22101,41261,12277,03149,37075,01252,64357,71563,90068,38208,78472,18192,89336,46229,51211,58003,62129,59188,24202,56022,27094,29038,02508,31211,74285,68326,36009,80430,73191,83033,22196,02219,60058,54409,21470,51475,31022,65235,62388,70185,56177,42331,77053,43123,74138,71183,25197,76649,87121,11193,05124,21347,59555,77515,21545,62832,80098,54268,89353,24483,54269,32057,04075,65161,65275,61164,35279,77330,02502,39289,46324,72261,40032,14284,25584,09009,59010,57132,26365,48088,06099,64422,61361,43117,93005,61284,57580,67010,70368,65116,80290,95212,02548,53057,33031,40254,42332,16377,51077,22033,01025,54508,54382,65173,71149,25047,02696,28246,83041,80244,58218,51598,60152,55172,86260,55075,32353,31350,32281,54009,62239,14244,10237,46062,33167,32309,80543,14752,25161,70157,67380,25388,74309,50387,83050,50513,12159,64194,76053,03171,31386,89098,65023,66018,54276,74051,46120,19240,61046,26205,65345,80658,71080,39365,64005,97233,41034,80215,27051,02376,57225,64430,64410,63141,26308,22363,84065,60395,46066,23103,32304,2A254,37234,54417,39328,57573,80599,52399,76195,72327,70344,25575,62805,67270,53225,47288,38200,55531,41154,81104,53265,38279,36158,72255,60429,37015,29024,48187,50016,52424,50240,31184,50209,01005,28120,52443,60405,39329,71367,70496,19120,23025,2A295,55083,33011,59078,51532,17008,30340,31501,32026,44224,63070,37278,32290,64369,55450,76732,46147,35216,08240,08490,47218,64002,2B235,25143,22202,27307,63376,39326,01066,67052,21423,29237,63064,52047,10056,08004,34003,32082,89312,76528,69248,21329,39217,24354,55154,39143,76093,62299,40164,26316,31486,83006,76379,59220,29278,09275,11384,42146,62791,27204,34199,56253,30191,46184,95313,21215,48145,22219,70222,62809,57520,64035,52240,21224,26248,67002,28385,39491,63341,80168,80160,55220,57448,02520,64267,69179,41155,86050,08328,59347,2B194,48140,80368,46115,37096,76134,08498,78550,71056,19114,56061,76086,30331,17217,80465,70283,02800,39120,54113,79322,25051,67246,67019,14389,71015,73075,80652,30041,31062,95150,59027,12095,64517,73316,53080,73170,67264,71329,30197,08061,61013,43054,58308,35356,02269,27220,06043,34085,26076,11408,92035,51382,80335,07259,04161,78349,62487,31195,32381,51586,10153,44130,02432,24297,80527,39327,76224,65280,02034,18076,06103,88141,73160,57091,76736,71327,23204,72200,23039,03162,17092,31459,14582,86059,35023,32015,46240,21036,31394,02550,60258,60153,07155,42259,64257,16254,33448,38513,52320,07095,57599,07202,77490,13073,58106,55143,60567,39279,08095,57241,71331,07317,35063,65242,52504,32001,18106,97303,78517,55109,63329,31460,23147,15134,64132,04009,63204,39116,32446,71435,70216,65407,14132,17361,58019,83045,38320,51505,28035,08010,72021,80361,74286,48155,37144,45187,75113,54471,34078,77184,14652,72260,67201,82104,67553,71538,33302,81143,22313,68324,14141,95487,01204,54582,55459,47177,68240,02121,30049,42019,56168,62249,02591,16250,63416,71466,85227,27138,06084,26191,31453,08038,33284,80488,70390,33549,40207,78420,31137,35220,80763,47109,81253,76307,18060,77059,60159,77273,41081,21700,12189,77176,39413,71521,12078,12110,81201,38526,59544,73032,33192,39054,27056,33006,64063,21379,48148,55519,70544,21649,62480,34112,35027,50535,54059,19113,40304,22360,02221,62795,23257,02302,45205,41203,62088,10426,34149,21027,16215,21468,67479,47028,26207,40111,33533,95574,81263,11078,76637,30058,2A154,14362,76554,62499,14707,15246,50593,77038,60068,86080,71585,91035,32295,22278,25446,23024,02805,10404,72292,60040,31569,39380,02151,29273,72091,38126,32419,27039,62874,80113,27107,55252,70178,80404,02741,2B185,09209,86117,59361,77423,31076,45012,66097,70562,14740,61357,85121,05114,51391,17109,65254,35166,80722,68211,38128,62903,08400,24326,21692,18273,18267,55007,76560,24160,91665,16188,27073,79254,80676,15141,63016,92033,02367,21194,27069,59152,28004,57631,35072,79337,42095,77283,86025,73141,16089,74056,11025,68332,04126,65378,57294,37039,26220,17313,54486,54071,31427,07245,35246,69123,67557,54107,54457,89482,88449,79257,34260,88395,60366,55424,22352,76108,21317,21242,10115,71561,21508,90050,27697,11371,52489,62769,57253,05094,33473,71272,51580,33066,61219,08005,59025,53247,60042,38231,55043,43160,78642,07207,18129,28193,11023,26349,54357,66180,08195,76759,48126,54390,35054,67396,31372,84137,41096,11066,33090,57009,31013,65482,71398,88042,05074,34205,85229,34157,54548,71160,49341,17297,04118,50150,51015,57583,67498,81212,51040,31041,74290,62865,68246,02493,83109,76445,29112,76670,59656,79207,80039,80811,54497,23156,11130,76740,10309,80813,16249,31447,32416,49284,46054,51534,39561,17105,24394,51424,97208,68298,49259,55336,59509,13018,82010,02823,06113,62162,67343,52325,86034,66186,16196,25422,25534,62040,46309,21155,15216,60284,60309,02458,73275,63235,43013,17057,63368,60393,38379,62356,22114,56173,22293,35168,61440,30333,15160,57007,77267,08046,29228,43242,66232,09033,17428,51371,53202,42287,33431,73189,21202,79024,62114,50532,92007,88369,67102,71347,62247,73208,89292,16061,52287,13204,79345,88511,72269,88381,88322,63394,54453,52476,40049,95610,17281,13008,26263,08435,50363,88187,28249,53186,09114,04134,50265,89266,62745,53176,62719,86178,64043,47248,68136,54183,32404,05097,21307,77272,27468,38134,30173,53008,47104,53100,91339,88501,47236,02055,57263,21062,45314,10383,69174,58186,17085,69162,37251,66214,2B157,19220,57761,64319,35110,82174,60189,80580,60471,64053,03121,32090,63473,40282,71012,24423,60205,50217,80442,14438,65052,21271,15149,31007,54515,79083,89093,27316,17199,53102,23252,73270,25278,59498,38437,54554,52468,33491,80346,62909,47265,58224,73096,36173,14041,02074,76392,07338,41054,63437,42303,79225,87088,27072,52303,38236,39394,88314,68001,39527,67278,80616,10102,57272,66220,54304,24348,31335,09232,89207,76200,02246,88100,76437,54024,18137,35091,32068,70186,15155,33094,35343,45148,78451,21432,89048,84138,14613,39259,38505,18238,19259,77190,08116,52128,26096,03048,83114,71136,95658,67282,61276,51333,64549,05178,59519,62346,57494,25191,14588,17108,47229,32299,60019,74304,24517,81237,27014,80274,60612,57593,71457,71169,27189,77391,01387,21398,02031,31442,14404,59654,46079,58244,19176,55028,80700,08348,35085,25604,65295,95447,89096,80153,80267,80677,24154,85005,27079,41110,08315,25367,37012,06053,10047,81261,79122,60147,60653,42053,50615,62209,02562,26012,02036,21655,35090,68260,25184,27454,60425,33135,74118,25259,76589,95169,70252,69234,27085,88055,88475,50464,49369,71381,10386,65456,21336,01453,40216,01148,14761,85047,67507,47021,14572,21071,88358,23194,62533,45043,24256,39141,67055,50454,45036,70134,38442,23031,33310,71450,91315,61044,80158,07053,30152,55040,46203,64295,66205,57121,02737,61448,55456,88299,22324,33188,55521,74211,77057,70111,34058,08220,33377,46254,63199,70484,48041,21552,01343,21533,18059,35319,71416,76624,90008,17363,81218,80371,87022,62055,54599,15077,51232,33279,21343,27417,76393,63349,80125,15100,04208,71167,14019,43066,73263,70554,44209,25095,59502,55330,81183,32261,10196,45250,45233,02691,35101,71542,64226,49061,31228,12007,64202,80386,24075,36194,74189,11351,56052,65026,17210,62031,70295,56219,42178,91649,22109,02308,65123,03161,46205,30177,22359,47085,59636,54355,76668,11356,41027,04037,76187,28163,57130,21183,64212,49334,41019,77026,81004,77171,60025,86205,33266,56199,51296,07237,73290,74284,84131,37035,32448,32368,77186,24456,34169,77397,91132,51327,50399,57609,11035,35239,26202,17264,48075,77534,10265,68059,76258,08071,38484,60113,80493,64453,43190,55490,70329,62253,55333,89280,69140,60605,54275,88108,27601,80777,36082,14285,27638,65219,62101,69077,21286,80751,02494,47224,42316,28190,18120,34056,68261,47179,80227,58011,51194,42152,70513,86193,62879,47150,18226,24053,25463,39202,62606,15257,73219,2B110,71535,12219,01026,19073,65316,32275,76600,06009,26106,76155,77234,14708,57670,27699,61232,62146,76738,64349,63032,01022,57111,2B087,08066,95061,60172,69187,88298,17046,66107,61261,46171,64397,58208,33071,32256,68262,95341,41293,68044,03175,51290,79149,54233,77257,14336,58080,17249,01229,85160,01432,74025,86200,29279,24403,2A323,80262,72307,64328,02275,07090,30343,36187,30171,72002,68386,50529,27453,39172,30309,82066,59142,26170,17262,91546,40193,03296,42203,59129,05055,49332,67406,25133,88198,47001,16175,38097,84046,71359,51486,55289,30126,64281,82190,62625,54495,53204,12038,59102,32328,76255,31130,19205,33503,10351,14741,19015,27536,38152,19100,77353,01291,76026,57401,62883,36069,56241,87186,37005,05038,30241,63168,72236,80461,47323,03170,80127,39534,24535,30226,58199,26117,57037,16242,54126,86158,30160,63242,45246,65119,88345,15265,64476,24105,64398,53003,30200,47267,39555,56155,68100,69018,45252,57556,50062,02593,18070,25226,59650,48136,54114,72163,65438,2B015,46251,45147,08031,88398,60201,24038,14660,76532,89349,62138,2B301,44127,38158,16326,80827,25218,16066,55443,54004,76605,41080,54602,16074,31433,46043,10280,32450,78380,25060,54445,18275,59002,76167,40067,58214,69031,14744,2A240,02751,76243,14216,71328,08320,79095,79101,28386,27692,40065,39335,59156,67559,03311,59286,28337,60056,18152,39099,60442,39387,24412,69177,79223,56252,31158,51342,37182,97305,64355,65178,28406,82074,42139,43223,33496,21616,36221,76515,90080,41260,08260,53206,25312,29111,33211,61508,87111,01237,38557,51588,08194,90032,10099,88401,84075,51360,80455,31122,87065,18054,23142,50390,26073,57203,64306,56151,62042,79166,34228,73079,67463,51142,35186,31109,15097,74163,29144,11376,85205,34032,38451,22018,62289,02380,62488,16182,51240,02041,55017,07132,13072,26104,05093,47266,17177,21060,37179,43142,64466,63327,57497,80638,08305,33016,59076,25078,76747,76514,77260,39095,67558,21180,95352,37225,61460,45150,23178,70225,85156,21325,03166,24309,14275,68282,83049,39353,19096,26105,07017,67422,14250,48095,82049,01173,61104,64305,01214,38062,71216,27132,54287,57693,38336,38560,57252,56099,51289,21615,22351,22076,38466,47305,36080,28357,32171,61283,79104,57728,62824,68013,70450,11153,27113,88197,51080,27155,03012,62206,21534,21004,78230,23057,86170,69081,36220,41249,45041,81108,51419,77248,25114,08279,17019,97112,27623,09045,21209,89400,02828,07243,21499,77421,32314,54370,38071,87114,51292,64011,82156,17097,23096,47254,2B182,05056,67212,08274,59597,21043,77070,57720,80238,14319,61332,25608,51573,16251,16009,68237,69176,52280,60128,08485,68159,60354,16384,42133,53033,57617,03227,43021,36043,53022,55378,08041,50546,89412,80556,01372,14348,94017,25108,12214,55427,71494,33254,22174,32421,43236,13039,27485,88289,69273,50155,88334,62062,37190,29267,70156,46106,57131,97421,86294,39403,76585,86099,38551,36214,16037,03034,71133,89464,03147,17312,39216,80436,10029,52415,86288,86097,32076,64026,62279,09140,43091,16421,21629,17171,49221,56237,59169,71357,80569,21088,71054,36070,36144,59579,09132,89226,54492,75112,32321,18099,50143,09252,13115,29261,88150,01283,88075,38027,11387,84118,71313,02018,67106,15213,59563,71022,70298,24501,28287,71301,86189,58054,14091,23111,46145,33238,31574,46153,78362,35245,85129,23069,70516,70320,51607,55373,08022,42175,81283,62240,25242,03189,77033,49092,24485,61336,59468,08469,71551,52278,33466,64554,36123,38224,43055,67025,50480,80101,18162,77261,88171,70423,16378,68268,23116,09228,39072,19099,54257,61123,42220,80217,81262,2A310,28362,47237,76207,29060,62626,67483,24496,23207,17338,41036,62307,14405,73095,50409,91312,89215,25384,67271,51551,10180,13071,10281,75119,22081,30125,55520,34172,31069,24142,21436,64151,52524,18173,10052,77175,66198,88090,02120,71126,81001,25321,88408,55544,86223,26271,17179,70565,59160,53158,06098,27693,28172,55484,89189,32095,25547,78444,02457,32354,47020,65463,07340,63224,80662,21101,22188,31075,27311,2B202,38545,58222,60588,41158,59109,01213,72042,52295,77134,18247,51583,48043,25414,74027,13025,65210,70550,34152,51418,65051,38223,78354,59495,54078,53250,89449,55254,37021,86295,80560,26360,64348,11021,78413,50298,11428,38127,61461,50472,68259,54423,80615,45138,71094,64322,39085,47074,05065,70234,2B184,33383,47259,72185,73110,51638,22060,31565,60483,71448,86012,28232,18215,24542,72272,17133,21167,80561,80496,53200,70481,72013,95426,28313,67128,02442,79335,91602,74107,53219,60061,14177,38486,06061,84120,29189,70310,89472,68350,74077,62061,05139,72100,61218,10216,02174,22274,29120,78502,24477,14149,18001,71178,63471,25623,65108,89379,10021,15089,77062,44223,18266,54500,19155,32092,80147,55121,17351,31544,58246,59588,38138,17233,31559,54291,04193,39437,73292,08006,19227,51220,46308,82087,02810,29146,52185,30013,21451,55222,34070,39034,24241,89391,64246,80212,07114,02106,68306,54197,35189,76601,82064,55348,35057,27109,12231,57472,73129,66080,26236,89159,66148,2B329,71141,69267,45194,57680,60501,68258,71263,32252,76665,13089,33356,51523,07290,49236,02332,44205,70388,16418,57565,32390,11187,80794,22147,27599,80803,60027,54042,53025,97220,43016,22333,79307,03203,62513,05104,42075,33543,86104,19165,88444,50289,91635,62006,77022,31010,41088,65428,37208,76634,08448,57192,79148,60430,95019,35250,31403,26321,01451,25212,72209,59305,88321,02159,60193,63059,88050,43151,58297,47066,82020,16024,08503,64136,35207,33435,52450,29109,59618,62078,21296,46104,19245,29192,30222,83094,12230,67462,81217,15110,53049,59197,84063,63289,76280,44082,28236,69297,73269,60518,30095,14241,35253,67513,17034,27560,69038,07073,01434,73182,04020,42073,65268,09314,78048,60590,01423,06038,18091,09113,76054,63131,04087,26329,72317,33123,88082,11395,02401,63001,55359,61374,07233,95018,67450,31115,54077,52201,57426,14650,40086,63219,14701,68297,76302,70280,11393,21218,06008,71584,09245,68292,16110,27584,57645,88258,60295,14393,10324,25018,01056,29134,37115,76590,01242,77533,52318,21228,10164,62840,77123,65238,81065,02189,70208,83153,64105,80579,76314,70227,31134,45013,01456,33022,14335,24473,02093,63124,31215,21348,51146,21391,50578,15235,90066,85208,21573,02125,38465,63355,67291,62672,51478,24216,2A098,15207,74016,31528,41071,49167,16220,42042,28342,70020,57692,40293,12128,86263,67524,05033,85134,04025,14046,08043,24019,65443,88391,44024,28264,63107,59219,39447,54307,19152,68210,65060,40044,60398,17435,24063,78087,89460,32194,32420,29182,35038,54345,10150,81229,63090,69132,58041,62557,67394,84106,36017,80364,65287,63436,72262,67407,70553,29280,62599,77162,50148,67329,11222,10279,29197,64492,17460,88161,79071,67156,65442,21650,58075,52519,40280,04154,76153,43201,50429,76315,07011,55004,70447,66189,14424,66103,57663,63303,45342,26327,59625,09133,24321,72305,45027,68367,16346,57754,51028,69053,19044,65085,28111,88413,24122,06069,40236,26313,73085,54262,76313,55173,16144,29250,52373,03084,31026,62792,70232,37081,77101,03144,64116,27423,39415,85151,38430,47170,45143,70195,65074,40012,17472,57287,25121,18182,17263,28170,32210,17013,60633,51110,04141,81035,65282,86169,14289,60573,78010,54510,57001,12120,58111,76238,51120,57307,97401,60559,32008,14274,72095,34050,55323,46121,61272,54530,57089,15263,12070,52084,31225,88489,72357,87014,14140,66175,59503,11012,28151,74239,35144,24573,38095,64080,22059,71489,38528,76616,51431,50232,97115,27470,77439,57667,48185,13062,71165,31302,18212,51438,13216,37105,62291,76004,67444,66124,71047,27285,79015,11212,60382,62678,06152,22284,54306,32177,51328,88037,35003,67464,97402,55546,57561,86192,17168,79306,61130,57739,58239,42227,10355,24222,36098,40333,26328,27038,52327,79002,66035,27031,57057,62771,21066,03303,15041,32355,27170,27635,60206,38409,62405,73021,64083,73301,44194,89359,14644,57058,57347,52328,67456,76260,55534,09247,37240,68378,11427,81319,59442,43050,29091,31310,59605,52357,44080,03065,31087,60493,22124,15073,51343,10295,29268,72251,31245,31152,01096,61035,69066,33443,60574,57011,26038,60223,33459,15078,97353,60199,67204,53046,58164,58024,37011,18105,39110,31445,49020,74199,73177,67088,65001,69169,22215,54271,57145,31355,47250,75110,73173,58027,40334,27527,89434,88031,24016,08340,79286,23185,26350,57358,15152,55515,35137,02487,44195,58212,80822,11086,70493,31555,30321,21395,54101,80177,45081,32398,08481,63200,16301,49223,22267,34101,52354,53127,77067,33365,68223,72143,73194,55062,22168,52031,80470,03228,51188,59162,62085,09216,2B296,23098,30180,59049,53096,77414,30335,21223,28274,97126,62868,04109,62007,78053,01071,41213,64175,60197,57332,53015,64191,04021,60378,61198,11248,77218,46018,10228,41266,19107,42050,52505,64463,17342,91195,55138,22164,85239,61304,10241,54489,49352,38449,27445,48012,51567,79032,55549,76576,06042,60617,40210,21044,85252,57452,45087,97412,94058,50489,07214,02598,03104,27405,60270,24286,38013,11404,49219,27620,55195,22371,41201,46260,58161,55388,11144,08164,71378,44010,16349,41243,67339,11272,31466,74265,47059,89378,76593,51564,02078,55343,2B334,60563,66091,42295,57702,02196,76400,89214,81052,57559,45259,46172,91100,77205,78090,52248,02290,51525,82085,70482,24381,42167,25609,02163,61445,39136,88402,70112,66157,89259,16216,18085,74267,10040,68203,50235,21667,22335,35214,17350,10422,48193,73104,24107,31088,74098,79203,91340,62363,08440,14098,60435,77122,37220,26010,79190,77435,50285,25615,08109,55022,29020,52391,28121,02303,76645,76623,12001,42174,62467,76292,10006,54049,28091,52058,04199,76721,59320,71319,10273,27182,60601,97604,65293,85223,51244,28207,69103,76412,18278,27517,35226,55158,2A008,33402,63103,31231,38209,67440,22172,64021,01177,77448,67111,66095,56043,27237,21251,10042,44063,33085,36238,76482,95094,88346,08094,32049,62759,60443,17141,56139,67387,77151,66194,27006,05115,57233,88390,44069,21356,43165,56218,19026,26289,52138,51367,68309,15151,29241,10008,51414,31567,21250,63165,59243,71268,50603,62527,95040,01254,97107,58178,80376,80784,64216,38261,31120,52037,21560,15183,61189,37154,61466,52009,33230,61481,85106,67503,38258,51349,38428,38549}","",2026-03-24 14:41:32.274366+01,gold_establishments_2025,,,,11000028800016,2025,Services de l'Etat,National,"['Ain', 'Aisne', 'Allier', 'Alpes-de-Haute-Provence', 'Hautes-Alpes', 'Alpes-Maritimes', 'Ardèche', ","['Guadeloupe', 'Martinique', 'Guyane', 'La Réunion', 'Mayotte', 'Île-de-France', 'Centre-Val de Loir",ADMIN,"{01,02,03,04,05,06,07,08,09,10,11,12,13,14,15,16,17,18,19,21,22,23,24,25,26,27,28,29,2A,2B,30,31,32,33,34,35,36,37,38,39,40,41,42,43,44,45,46,47,48,49,50,51,52,53,54,55,56,57,58,59,60,61,62,63,64,65,66,67,68,69,70,71,72,73,74,75,76,77,78,79,80,81,82,83,84,85,86,87,88,89,90,91,92,93,94,95,971,972,973,974,976}","{01,02,03,04,06,11,24,27,28,32,44,52,53,75,76,84,93,94}"
4be631e9-4089-4da5-a0da-43d02fef6d41,775688229,Cstb,false,"{28099,80666,70169,17404,32427,35009,19105,09012,34333,02250,65296,88233,21283,2B283,40105,80270,33547,89160,76058,34225,90099,78383,13109,69266,26071,27537,09103,62193,53148,14606,55296,60275,15166,97411,72003,45291,80299,16267,52400,05181,50378,11289,60124,72165,18138,16045,11038,08402,44027,44151,15082,52053,51307,50069,24147,68247,55179,77501,67244,23225,81180,61169,74275,62050,56110,18164,90047,09072,59343,39354,63048,24407,42329,35005,66075,32093,45167,11036,31541,95480,46180,38015,81072,89148,2B126,81029,02337,22220,05152,07148,07187,17140,09294,43222,74162,39179,63276,36240,09084,55236,26282,69228,49302,15189,37230,2A004,81058,76654,30107,80600,59528,54372,36215,46009,18025,08297,50490,25473,70284,25066,10011,89351,55068,10060,22330,50374,10391,71572,10063,80678,83119,12111,51460,38299,14100,53180,51357,17378,74233,35010,55044,95258,76231,87024,82056,55304,57649,73309,05091,27696,43049,59523,65157,71235,49120,39270,70401,27192,46042,38176,59287,61103,56125,69175,77474,18200,51521,08308,80509,14755,57676,53248,32180,91639,13100,31186,32225,50393,80631,80552,62676,02306,08161,67532,78513,31348,12198,88053,38229,73132,22314,88226,55191,87183,76559,86129,26018,11034,80557,62581,21344,38192,10108,07218,22177,64514,31056,09078,34066,73137,39059,54186,60357,82131,30287,84092,39478,38118,76169,32466,33035,82060,02716,77487,33046,59032,02347,31322,80353,88350,85135,28418,86125,31510,36184,76371,80115,16208,52079,86210,62577,24152,28332,21492,80263,35016,88349,07086,97403,21003,36202,09156,25333,53011,63043,57696,74031,42241,91433,52464,85038,62271,82026,45029,95214,25293,48121,76720,78234,36012,29086,47239,82173,11330,33520,54229,33351,41192,36179,55077,51091,07208,48025,67235,31520,62712,26238,18139,27520,80055,02824,52411,84020,97405,79152,61002,80345,85184,46068,61288,15046,12246,35292,51510,69054,40003,24071,67429,17369,63075,73086,65202,06055,66153,67395,64219,64146,03119,65003,88348,89339,63247,35352,02199,02671,48016,88013,65076,58058,76284,35132,93078,84048,62264,38344,70347,60136,23080,02705,27543,59038,54170,42240,89470,85298,45186,31147,60600,48163,51202,34115,72264,73061,26200,60224,35249,47247,26086,28084,37071,74241,77364,40136,22039,64036,11018,25485,29294,35260,35142,14025,11215,30288,59181,69238,68299,09296,65130,67349,27578,52467,67543,06102,28289,21580,33481,90005,80730,44182,54204,54188,88269,11161,43027,23115,80711,72066,03316,62354,68200,53019,45313,57297,28160,32392,45136,14032,15179,55468,70183,01146,88490,50271,51310,27553,78505,79078,27512,68270,97125,41255,62637,11231,76598,73073,02114,56148,70445,09190,22218,05106,21422,32291,18048,47016,55250,68186,24045,24083,39295,60005,07279,71157,35153,35339,23222,58255,60576,57715,68305,68146,36048,73101,19136,29214,41016,60655,88178,95585,35318,24521,70477,43260,24191,19046,95456,36021,52145,51075,73166,08381,03279,19137,15264,17136,32430,07236,54109,43205,35332,53075,02105,27260,59571,17042,54559,61480,51501,26374,70560,58012,27381,11005,21394,46311,59029,07071,52407,51235,07004,08159,26077,10242,91244,39074,67334,79231,90091,16016,17257,48167,41262,80152,43168,53038,57229,02795,43106,33532,45114,68128,02826,18012,81089,14309,55350,51621,52350,52420,62798,12031,62636,07012,57031,95203,95308,88281,07113,17452,11033,51558,01162,22163,62229,71170,86042,42217,85130,67221,83071,21376,51376,60486,89257,08179,89409,71251,88377,74114,05040,64262,49257,08053,91619,70470,46006,61067,35304,30018,51171,19067,19090,21116,01151,16385,34105,79242,50233,26283,50077,21462,31558,70075,08484,38304,66014,60032,81276,24218,89299,29284,89239,43131,44056,46314,33072,25364,19184,07023,66183,09274,57666,27439,57755,36003,33181,80516,46155,10048,55454,21498,64401,03207,25578,51090,26304,76596,67378,52297,71191,72344,33422,52260,85278,74291,80128,11383,50351,60195,11334,51570,89453,11055,32253,69192,60288,66149,04086,18244,36150,02115,80143,38181,45016,2A115,21031,22190,70318,18194,79336,35022,59646,16380,70307,53088,01354,25150,67426,82018,14425,09307,32187,35324,62424,81073,21643,18260,97213,80524,38026,50216,57591,39553,25098,39019,35087,18027,65042,25488,81220,54044,51300,57186,83026,47289,29270,16013,48058,58272,34069,10043,23055,29287,09315,54424,76429,31485,40319,48092,76217,63255,77009,31202,2B136,76160,42226,38475,76124,22205,42212,01431,11441,71233,91671,02140,77358,65239,76449,62117,57652,07007,88410,65018,07055,31275,27074,11273,76056,14569,33339,70217,63345,59375,62335,41166,45311,75108,76452,59439,23159,71426,19020,17387,70352,40025,14742,22122,57087,42171,37142,39252,24527,31580,60388,05035,88065,13032,21553,25569,76018,95409,67227,67299,60569,30263,39251,10266,17114,54447,29215,26239,02594,02505,14175,08242,10051,27158,47310,03202,64415,69264,54475,76154,57259,37068,88450,18232,25055,53052,55502,89050,67281,38193,70528,35084,17062,44131,60011,14430,17167,62605,50004,11077,58234,70418,42225,11197,31035,76692,80624,79010,59283,17045,45078,62858,51233,95510,21205,51517,22254,72121,02572,76417,65186,95059,32017,88210,62352,87140,34071,54360,42013,37217,87076,08403,64189,45261,08033,04073,29229,34107,36015,02772,59344,08395,51641,12254,16113,65171,83099,51034,17421,46283,83066,57109,64058,18187,25512,52174,80685,06100,60307,39402,48119,01349,34026,62164,54387,45346,15085,62414,95430,07286,56107,78382,60496,30147,40176,78003,35126,38559,37236,51031,37117,29190,30312,91191,14522,85199,21559,17333,80040,04152,62619,60198,75118,82128,01302,14283,74003,65436,16336,43133,70362,37148,55243,32104,21063,41204,36100,59048,61207,12073,14121,08069,55163,38268,64068,29301,88296,86062,09101,29001,81141,30039,07075,60498,42260,45137,33305,21680,91577,52529,50352,37018,21092,02816,64469,28415,91386,24143,92071,64506,65066,78305,06154,18179,22180,62095,45173,16187,70510,51287,87047,89276,02756,53026,82187,38002,89039,10212,08201,2B327,10248,11392,11058,54155,39363,59611,44044,80591,62898,58196,24197,66085,80680,61438,37172,02329,39499,11251,28315,21547,29251,40024,32284,95119,76247,07104,37141,79209,11277,51198,30244,15126,38004,67530,77055,28360,21016,22181,84132,24068,33359,42281,70043,40054,05177,52005,30347,66212,41294,66215,16083,57427,31423,09289,63058,17120,74175,02239,22162,12039,31374,65255,41247,28199,19013,22235,57406,23114,02249,67185,69080,77117,18207,55477,51626,67140,28041,62616,51440,39222,30030,58250,2B316,53197,30019,21604,21220,68091,08120,55320,05077,87042,64498,66057,24382,65180,82031,10361,38301,74174,57628,33453,69007,55426,30001,55166,60692,34223,80799,85282,10121,24385,34251,86167,67005,80051,54171,66145,10214,39424,41083,60500,76614,62708,81317,77233,14209,43164,38137,88060,76055,67383,41094,71318,87126,42298,32370,68166,67125,44072,36163,70483,36122,60183,46297,54194,89077,21139,83126,44079,43052,81015,12275,50106,46267,26157,26135,02009,54434,33010,31169,56116,47157,67505,51264,27319,85235,01063,14562,66208,13015,38522,73190,57517,01446,01437,74130,80058,18071,02059,10038,60016,15251,80190,62412,43211,79142,55039,14514,40075,68264,19147,01355,02782,45195,27304,91243,62310,57500,25035,59063,22061,34146,38357,81116,93033,70500,16248,31446,09167,31568,18014,55160,13058,51488,79023,24272,73184,02420,58187,50549,49129,59648,62189,72215,57548,36114,62863,92019,59233,22321,24533,03152,36241,52162,04115,68145,69284,76157,84087,57671,80009,55038,89465,57067,54213,68155,47324,09257,70351,80693,69055,19019,89162,89230,64523,06058,65095,21302,71564,73247,76660,16245,21602,50022,58002,88306,64526,54123,95394,09338,76235,34106,65310,89195,82176,63221,57424,40152,24571,02381,71247,74134,72150,49038,88138,21584,85028,29252,71588,57402,60004,03044,31524,33186,26197,89326,64213,02102,30022,50487,21605,59083,62609,35185,88073,44098,45296,57266,17396,14301,39013,27111,37095,33248,70059,77508,57016,95023,49045,17037,57232,38038,22115,40316,24537,17091,32152,07060,89233,63448,25586,05149,61408,88435,47197,29027,14308,40262,89156,51069,72295,59570,82098,09068,54520,02282,35150,30196,11062,57215,03198,24023,02831,52499,89149,71325,44088,78655,73327,74135,33320,79215,2B057,71223,70509,27022,59054,10410,67089,34301,62597,28012,30201,02729,73047,76272,27238,17101,38364,33474,59617,72306,88107,50064,31320,26358,61494,71577,60088,55361,08048,17131,65359,74212,31286,01360,32331,71556,86186,55447,14411,16345,86187,40198,18156,83081,67117,51166,24308,17397,55473,28180,77209,31250,24451,82002,15211,23052,67314,88461,56073,07183,62064,40087,33212,21360,38536,29210,33281,31312,31581,50395,77275,71121,64089,55313,56081,42132,02372,02613,80367,09202,91378,22300,63137,71242,02769,10084,38398,01245,03035,77164,77470,01166,77522,88236,32263,04149,24362,05131,67312,25327,69074,11145,51619,01087,80319,21023,57210,65163,01029,24411,25032,07200,88184,29185,67277,31358,52444,51208,23048,55467,36089,50283,38255,26253,39201,70106,50291,64470,61373,53119,06033,53216,21191,50085,18083,61309,09253,80181,37007,42265,54175,01230,24490,50294,21233,93010,77436,35125,2A209,49364,31572,73314,54052,33255,59039,30109,63286,38517,11059,79080,03041,60175,72119,04170,86108,50357,02066,17291,54258,17459,50135,55391,62266,87176,11280,83141,19238,69295,39356,14287,85065,64231,38316,19219,27185,52218,71530,60094,24319,49301,55376,60548,84142,89169,40190,55057,46299,19163,58260,54575,57571,01002,76115,02459,50604,22165,74014,28197,76606,37121,30038,28206,19182,51183,89104,34014,38256,74206,42100,09176,24025,65364,39101,23097,39165,79131,45019,67446,48132,61008,93071,27053,52355,57477,60394,17124,84105,70214,76206,69023,28049,64003,41018,76331,30290,10357,70080,43096,46038,21235,49127,23049,22201,62384,57621,54013,23029,83113,68154,63014,81139,87030,28119,74042,2A312,71254,14733,95535,07034,28022,02738,2A330,22223,37258,25354,34165,38538,31017,76334,01420,03218,80815,57495,25394,02830,21593,54210,80150,38450,09153,81094,29233,80296,63087,36052,38351,45109,67539,02672,01375,60591,08162,22318,05037,01304,33162,06108,14022,07275,28377,88500,68267,48198,80291,62377,25154,09183,47071,46094,42049,76481,12307,14731,45290,43080,09200,81136,07158,70093,19202,64489,30279,63100,67119,68197,71320,74080,89198,55145,38473,09224,60553,69170,21420,34252,73200,54008,88170,56156,35047,31070,31194,87080,02638,85128,47176,50572,70486,47291,63046,80327,30339,81303,64254,38280,17246,31077,84003,45068,43074,46028,19175,41086,54588,24055,38086,87009,63033,72166,43247,71082,21102,52110,22338,47282,59395,87075,71354,33375,65067,27348,19124,80536,21439,18256,74192,14711,16284,60362,19232,42070,70566,03258,70385,22016,44081,86145,07110,77350,01100,62873,78561,57281,59208,35346,70409,24557,89437,52548,31536,41256,03315,34248,74256,55162,77029,42232,78092,46135,10124,45141,57564,72032,34264,07287,07225,67473,08229,71093,24312,26176,71095,64412,65169,16136,59325,24248,55411,39021,27232,52308,18026,32099,59055,29235,71154,52266,82170,45251,35244,91568,80297,71491,27331,29130,26150,66051,08392,80192,48028,61307,11114,77220,11217,09280,55437,08405,03018,16405,10305,51201,10085,74252,51251,47215,91482,25075,54265,12201,01333,80041,47042,59052,24108,34067,88532,82185,81062,63366,11016,44092,61398,10019,88080,10323,39558,14714,32072,65250,55114,59550,24199,19087,87133,72037,10434,05128,04097,65424,55584,84095,48147,72314,73226,90021,43167,28156,77309,01313,44140,47114,68041,47142,16395,02383,38338,42074,56014,81093,80717,57734,64491,07022,38264,76325,08178,32332,54152,41144,37046,88212,07203,34212,2B135,02259,54051,14066,14053,81013,25042,46196,39531,85218,47284,51647,79301,14107,49224,72164,2B265,83013,46181,37044,11176,70568,02435,97408,46206,12216,62397,63096,86039,88304,24515,37054,62395,57421,67460,95607,78415,89155,40332,40281,61183,62717,76424,34229,48017,73055,88380,71437,11049,32255,63428,14288,24480,26131,57020,71309,45139,33225,03058,64364,50120,36034,60691,44212,30128,78384,62716,27384,69127,58247,60187,47025,13085,21656,78528,24281,80836,84066,76192,76149,62758,77481,88071,31229,37268,80314,22354,63040,24242,55118,62214,81106,58059,49035,77211,27183,51314,55306,18090,59312,17143,61399,58190,14249,55579,12143,54161,16161,53162,78672,37218,40051,11278,88078,40202,88313,50098,39127,84060,21630,31507,90027,06022,64172,76184,27613,84082,17461,46290,60494,50597,57607,45175,21673,53028,50338,10071,06127,70121,40002,05173,57321,31263,70229,51362,76565,02356,23071,54112,26130,79265,42197,55198,71227,03116,76439,93032,83098,73288,21365,59148,24290,83142,51556,76041,71498,19042,14202,25083,37139,80093,80613,18174,18040,11430,16315,44150,30346,72213,10132,95024,38116,31240,89216,89129,54451,16420,54133,02058,39128,28129,95529,80301,76520,32020,42314,40294,53221,52011,28019,77145,77215,72059,71032,60639,01109,57303,39419,76684,55375,57240,17412,60292,30356,52372,76020,78190,87195,23007,59014,10369,81195,64215,07222,39585,70125,32111,65102,24377,61006,21458,31045,62134,65475,29170,19001,51458,54476,22137,57682,59415,91232,80087,26026,25518,59352,55185,64092,14680,10365,48056,30112,67344,49063,86124,18034,86206,76374,55060,32454,60637,63440,21054,50045,62362,37206,70117,90079,72268,44045,35094,27667,15252,80021,82091,33116,54386,28192,03024,51412,61043,58225,58185,81302,31004,16198,89402,62588,33521,28095,51102,07241,58259,57167,31168,97313,83076,54385,35179,42248,05025,95211,68163,22053,36083,77329,17325,37106,16137,57575,54426,73214,50237,38129,54259,45108,21086,09087,12217,24476,43245,26024,10390,40215,59146,73233,36032,65124,65474,11304,81158,73088,47083,31424,05018,18209,46179,15231,47172,64365,17483,64406,23224,40165,43158,44101,26069,62593,89418,34077,04242,11423,88155,76252,77314,18075,44100,56262,15139,62198,52526,82041,31330,32417,47078,46250,76096,53142,54336,18135,31564,57336,01125,38483,01224,46286,59371,21388,09005,33477,15204,66213,73281,21603,63185,21196,38058,38203,44036,09074,70381,47072,97209,42180,41068,57339,58204,04184,31511,88375,57154,31553,38405,46174,53017,50092,56184,61381,76675,11352,61333,81111,27608,18220,33045,11084,55010,25421,31354,80071,09265,63426,64381,50403,01303,15091,39291,60409,03142,61091,31274,32348,29254,32351,55212,58256,27370,86209,46303,56166,30174,09011,59247,81325,07160,69172,42030,68123,62623,25574,01116,40146,18185,71008,91405,28312,67273,71311,10091,25566,14055,02476,31039,47169,19117,76538,57534,39533,09091,11224,55059,56024,25195,39200,77393,02796,23171,27414,80090,77126,24510,57418,02625,14246,54215,70017,10107,49109,11052,60279,25100,61167,44091,57473,28396,14310,31314,47108,27535,32283,31218,11164,52156,81204,14195,70118,16100,02185,13037,41221,63053,09272,57530,49076,51348,41012,60352,07247,56015,58114,88453,33219,87079,68156,17146,17160,64222,94038,54594,59635,87123,70441,65101,28233,02165,89222,76384,29272,62472,17405,63279,82169,90029,59609,80081,63277,51407,60330,35131,57206,25632,22071,30253,70174,36230,64135,70472,04076,79346,43025,80629,80691,23199,63402,85222,74057,55125,09063,33033,19089,70181,76242,54266,21001,85094,95651,64536,57268,71589,04148,82159,73081,52272,13009,17442,02544,35210,26011,59105,59423,15069,74222,65386,55475,37126,44078,01190,21163,52265,70443,31046,10358,64177,41175,78196,37170,86153,53168,79269,33018,74086,22365,2A092,29188,46029,59075,25105,74209,81056,40101,62584,46091,01388,46138,17234,48003,24155,43036,56027,52463,89188,37229,84119,14398,10183,78643,12119,22116,45112,08394,39552,62465,14639,37034,62710,60699,17271,34339,80648,91095,21380,33114,07283,62235,48170,30100,87006,81128,14458,80788,54119,60418,57562,51312,69137,36116,52518,05154,25621,85009,24077,70491,64352,88239,50030,08100,09336,64481,77531,59082,97124,39160,51569,49018,54158,88256,22213,61137,21053,42317,77228,88335,80107,28079,81234,39313,14172,62029,25375,25625,62660,71088,89172,73151,71383,82115,55293,64454,45024,51652,51072,51618,10430,17007,02789,62742,47156,57496,59229,67494,66004,41148,67164,21013,09192,69214,19190,71190,59533,64375,81193,57038,10416,88292,17216,62628,43090,77444,71447,07029,84038,86287,85207,32024,74151,82075,39296,21236,71460,73103,25339,11407,29080,08204,42058,70332,28060,11039,17198,60095,47307,18241,12032,14396,16293,55489,86291,88105,10377,40269,73064,37249,70498,51323,88483,82070,74063,2A139,55290,36118,60305,32365,59130,26144,79112,70142,19054,54053,25245,59100,49247,52190,81115,57434,62403,80462,24459,78189,95678,60192,44018,60412,89442,14456,24576,50542,28082,37157,57274,89027,67362,52294,61129,62207,97407,42288,65454,63463,87180,07133,50040,24464,63298,59368,26293,42189,08209,84130,18250,15196,10039,60497,02829,65145,56068,82142,11344,19031,33021,54168,36006,57355,59256,12290,2B023,22055,63056,36152,62036,57447,39475,37274,58312,59081,09164,33184,56144,62060,34255,61393,01452,77045,89342,34273,41200,16028,45032,57451,2B145,19237,19062,10086,32458,42093,65353,57015,51145,11109,26088,95252,54585,76282,61426,57299,16358,86163,76128,47123,53220,42149,62612,22070,39359,23076,27410,2A262,68058,41289,59069,51083,48081,17027,38489,37244,25002,65305,08326,65330,87023,31003,51195,12127,27385,54332,17134,12109,32236,02774,65464,17204,33280,28348,76705,44038,09029,05127,50234,47231,10423,21677,97118,32135,33483,08028,22160,12299,46234,76095,26306,32407,15117,30181,36167,59094,62361,09182,60506,60628,37263,51147,12236,59525,64252,12130,09061,02776,19233,22025,57312,49294,59200,71503,63094,19038,40266,88136,89038,24570,55353,24184,24135,32046,81102,72385,10083,12084,33025,42224,13110,62337,92073,88467,58049,87124,27190,62232,58034,92075,52233,17084,62367,35227,68175,38372,27229,02395,77315,18133,02683,77036,21454,72335,25373,59280,55148,88503,12085,46182,68008,35007,39228,61032,33140,50410,44006,29073,14412,21691,47228,63384,64013,55540,79298,83043,37028,85251,65093,16200,2A268,31499,89111,62259,81233,71454,78609,21152,88432,08464,38061,14406,80252,25493,81085,34287,39214,33009,35241,76671,34129,54157,56078,42326,03192,88139,76394,57042,25478,2B353,29247,18097,63304,62536,11182,74263,60399,85059,32218,59349,51489,47315,30292,62238,60049,38194,52413,45151,30069,70228,38139,48182,12046,62169,60347,25070,18251,21291,60450,64511,71330,62470,58023,37265,42140,63317,88327,32034,81249,73067,55537,84056,55202,57344,52342,65183,30032,54146,95127,02718,69133,89143,34132,74229,49299,88146,31404,21051,30091,39404,30075,70199,38384,27227,35359,47031,81206,69279,68302,36041,03073,2B067,87107,14215,07303,62725,07042,50394,84019,23072,21511,68028,62387,55279,60015,33205,22034,47067,31199,38102,02307,13019,04093,04058,32077,21532,14120,55565,39375,04178,65446,35051,47049,28220,61462,89144,55186,09189,27057,48141,80548,27446,01128,32373,22187,62783,17261,07006,68116,74087,30074,77182,14342,74220,57249,67222,62251,11128,07235,50081,57318,35221,28298,28317,61195,44218,68170,11390,76421,74240,14385,39465,50475,77140,32222,89152,30020,83131,64411,46214,70282,45239,64225,81007,07097,59122,14242,94011,88472,81049,22098,15266,28301,33023,07327,65289,65252,18243,12106,28278,27497,10005,51456,64158,21010,64512,86095,64250,59448,56062,32060,38006,23117,76372,27126,2A017,18110,62211,84012,71477,51138,09125,60313,66078,51216,64308,29136,23070,64230,47070,50311,84084,33028,48064,69263,38334,43118,22203,91201,56222,12092,31522,14578,18171,08406,76193,13083,07098,61412,49107,35037,45153,62047,62197,49028,23092,56178,62293,50436,80705,01032,50408,01347,03271,67241,72383,59108,62765,60039,29151,13029,45191,88353,86005,76218,05121,46292,02176,33239,83016,39532,30027,89139,59655,09105,71455,52302,56105,17020,41217,38075,37260,84072,89450,14407,48166,59536,24441,12138,21141,40127,23102,38321,51115,90025,22388,72254,77494,02294,59061,63365,76418,77285,33463,16218,18036,67293,78113,76040,74167,06044,02631,14344,37194,27556,57726,60420,28271,37133,77097,88010,62846,47287,65356,13214,58115,55317,50373,85306,17341,70126,11365,44157,42324,28212,70149,80802,11254,45018,08462,26270,77349,44199,62764,49170,40263,51437,02583,15148,57553,70478,01102,27234,86035,54122,31247,63299,17049,77065,81005,95306,59496,17200,66068,52213,88111,48161,79218,62348,19053,59392,12152,11358,10078,33111,43224,82126,54463,53226,80341,59564,54124,46281,15161,58014,54207,03004,08198,26323,06032,21120,42145,10247,33379,2A359,67516,05076,21349,14047,31397,85201,39556,52120,69217,38333,31246,71146,32320,26222,43076,11401,76549,80634,59445,70260,06002,43057,33078,18009,61141,55327,39346,26123,19118,54033,24095,54118,21413,16154,25043,07096,37038,18065,62774,76435,40130,39464,51280,57116,10412,88378,57051,67259,32010,22077,34043,91689,70245,50500,65427,89471,54263,65165,28290,60413,51003,64227,76646,62830,71550,80633,91174,62894,45111,03066,72104,72212,67528,76201,61501,88355,24375,77199,89250,80437,38377,11125,77317,87054,69057,60448,28369,25380,14519,51020,80046,05006,09238,71475,01350,52042,21106,32237,86010,08193,38230,61454,82118,33125,60163,86292,21635,76711,33054,84031,59488,25203,88115,11008,35178,31316,67061,36045,31150,17221,34017,27214,84070,25490,37162,54086,56224,33240,23196,55312,35078,52540,59066,10186,33204,60041,44012,81170,74195,25067,59306,30110,88056,38051,56220,65028,35161,38563,14230,80026,80162,88063,55431,80834,57709,33413,88121,23211,21445,59416,78646,12097,25141,31336,21140,61505,62186,76673,59580,80515,62680,38281,28390,53072,64396,24259,82029,29161,02168,85281,59172,54106,63065,07092,50238,68097,62756,24278,2B317,04204,54246,02415,02620,52497,65339,65298,71086,2A271,07116,61293,73300,64530,86218,69188,69242,37153,27153,60085,01052,66081,05144,2B341,03257,59262,62811,54323,10257,58307,01210,88426,66146,03140,62732,50079,19040,02693,09081,70002,25085,88284,60539,32410,18228,14643,16052,17289,03298,12012,85175,62133,33139,66062,53129,52437,50243,38017,53109,17079,61233,67020,34200,51616,22228,58209,21582,84044,55094,55217,59232,86016,61395,40066,19212,11415,89076,30131,10260,16234,33244,27336,12168,35060,60599,52257,40297,90028,61507,70138,80421,64008,50499,02804,80156,78238,77084,10384,38032,95554,82093,11089,64165,78638,45009,39581,19072,50505,60083,07009,38373,44064,16044,60213,35201,40030,16239,77373,06115,37084,62160,57301,51062,80293,62739,70107,78475,53260,34253,43246,07315,02016,80396,72141,24104,65300,74069,60003,57250,39022,42245,50568,2B053,77381,28139,2A348,60200,76222,55029,84043,01040,49269,12228,22104,26310,32166,82186,04090,27157,67269,31498,14409,17121,55476,07168,35285,95213,59388,27102,10382,01038,87194,34177,72183,80266,64131,86020,14676,57713,12129,81282,89439,26177,06126,64354,09044,67053,36222,79047,15229,44189,69216,76635,02024,66170,72094,51506,55533,32025,15107,88069,38167,09098,16174,37169,04179,68084,69064,32181,32032,18175,21059,77445,01246,84086,26168,34300,06147,2B205,15254,51623,61286,67311,51356,15048,80213,16348,36001,33070,61170,63389,18056,43226,59527,57658,31110,77212,74186,57389,53228,80829,28023,76209,10129,45044,04157,58021,27422,32384,91570,51032,71034,08040,57098,17138,35258,59593,43156,27066,72247,35243,07058,38393,03114,08117,60407,2B242,51423,24036,69218,14080,66058,17401,77347,21110,89053,64209,68068,84123,54228,39269,80054,62741,57171,64494,64114,67213,60622,41052,53063,97404,32341,69288,40060,82079,21495,12141,63029,10317,21482,80106,35077,78606,02155,14715,95256,21262,14260,58160,30262,82042,01133,56031,69028,57641,69278,01044,88098,56221,33344,12121,59476,21515,21006,32251,16085,45099,63300,26110,54050,50269,22068,27254,41280,27298,39559,41195,62068,24380,32414,62828,51048,62150,88439,01046,59484,77467,19193,04187,57377,63257,11326,16321,42219,06085,87157,55063,46246,53169,28117,76714,59092,01392,42129,26163,2B311,14191,62539,62418,16422,88507,63231,36109,70079,08318,24355,88317,27020,78460,02444,81112,77239,56176,02396,89176,79255,47087,86194,95446,51495,04039,62067,02807,21282,45327,33516,31273,18290,24410,28135,21078,12268,18079,06106,26225,59639,44118,08192,37029,50585,19110,61493,31255,71312,89415,05084,47277,09030,64017,50607,58175,71512,21474,54283,74150,72352,65205,77482,52103,02108,59421,62463,61268,54068,40278,68095,65177,48169,71156,63178,21005,79126,25224,77520,71516,13096,89376,71271,51627,95166,83087,57361,58192,87125,02559,35081,38478,2A089,03300,26066,17226,03094,05024,80491,80273,52116,59583,11255,28029,57412,64557,62586,39104,88382,88066,11311,2B248,89344,40331,76381,03043,62695,07177,11236,54590,77079,67091,74059,60373,55412,45184,47159,25234,02666,86085,70546,59186,24299,64051,12155,83053,08246,12181,80151,97109,54293,77107,67432,51153,22176,31053,41237,39321,69141,15199,66003,67098,55527,27373,2B213,94034,63453,24446,49214,02601,48123,71444,02684,65057,94081,69005,08137,82106,63101,39302,39162,33501,03295,45337,68165,22246,67554,62644,25247,21017,55409,24227,55442,60117,62255,76068,2B281,86109,05117,44052,70006,36155,25101,02702,39454,41284,60385,71428,59332,79059,68090,10140,31551,32265,52385,33034,47212,22129,02150,24158,31204,18007,77372,47199,66023,67379,16236,03317,70471,64543,85176,59259,11361,22065,54145,42238,23202,08287,46154,60306,48174,03139,24074,38529,34024,21184,30203,46289,63337,60051,24452,10072,08018,55492,16389,33508,87052,03309,65016,62051,25560,14732,25532,26368,79137,50426,60043,93014,03106,11093,65195,11320,54178,31519,08480,59473,39282,75056,08174,33374,12225,31277,02682,76734,64441,18147,53270,25089,16193,80621,72114,50066,86144,33550,80473,21149,88263,29265,60355,81109,22277,09027,61146,02164,85171,25525,09324,59184,36195,14040,21157,76550,30236,31236,66184,26167,22231,47098,21267,87105,95219,57133,50553,67099,57425,2B156,36190,11040,89296,11047,09251,82036,62237,80806,28347,31414,36247,67169,56232,47297,02370,15019,71486,60345,45171,31503,08263,07013,21289,31118,89025,33341,51552,17203,32063,46023,51214,57022,52300,72333,01010,55113,24206,42243,07334,60084,72367,14499,22214,85139,62761,78558,2B086,26101,88519,18235,68067,42330,52065,40191,60529,10414,43207,54169,31313,56080,64211,37237,55406,55012,57527,80070,60245,49026,67038,69027,34143,64310,60037,57211,22140,49216,94044,29296,80698,95331,70255,60698,27140,43042,82130,39310,25227,51311,42078,40231,68239,76603,13026,76610,73150,18263,59065,2B223,70170,45023,34180,60097,56003,02231,34217,46258,36013,71163,27568,50397,73276,89430,69241,70449,55153,67547,31203,31461,80230,47314,79125,25430,23152,19263,2B068,45162,70051,70457,60053,34302,21358,37259,39306,80183,62448,71004,80696,32122,68353,60543,50039,52395,33423,61079,54335,79141,81223,41078,88469,40239,80665,60436,41051,38114,07249,24404,18141,48194,97205,18023,17087,64079,72123,41238,72001,08343,37077,77478,70145,78590,36105,06134,30198,27393,62148,27228,38390,63320,64054,76367,18109,14297,46253,42254,38408,41095,79019,16224,83031,51658,12232,65409,38048,32269,23065,10275,29177,84029,67515,63369,14136,25599,27188,73034,70039,80343,46033,22092,53112,26307,36133,77278,27466,69009,51518,64346,71433,89030,57516,38245,81031,17250,01065,31525,04065,38130,67430,68250,39225,71182,57260,35261,68109,48106,36057,78291,34210,70101,36101,38067,36204,02708,70213,84103,57736,49222,31344,70334,08113,73250,14689,57082,80499,67285,27026,76170,72110,22245,12124,45202,55218,42136,27120,10205,60156,31515,42065,31165,88068,54057,77231,14602,15209,18122,24450,80379,71212,31190,14587,72090,58122,87152,88123,95288,34274,17066,28255,02819,03064,21442,55324,41049,54090,86293,10204,49102,27032,01147,61341,67172,22342,19133,18151,19055,73236,77484,08140,63306,26124,67166,70105,30218,81050,01269,33058,72025,50510,22198,80287,80060,26014,46122,08243,01418,02755,02297,85188,23016,40005,78172,02223,54331,09168,55338,22064,39166,16402,91549,05174,10299,12072,64486,91319,83034,67521,07296,10370,77230,80703,38497,29046,14240,60264,62195,52285,88049,2B124,2B080,51073,78310,58084,78381,77447,43256,24337,97611,80003,71019,74238,91600,92077,08021,01169,50086,39476,54490,80052,08446,55184,14576,59090,47004,76516,25228,35251,64140,03223,66115,71338,86131,80482,17187,54012,34002,63169,76103,37056,80681,25107,37064,08437,68009,26334,64040,53131,23074,71573,41234,41220,58282,29030,46022,47196,46200,18219,58295,67308,69235,60470,03113,19252,42333,97222,62908,81130,63181,14305,45241,25521,39194,49228,48090,67054,31011,67455,29159,64467,51050,50590,11216,33484,69227,60002,65372,04113,30079,42081,65151,43047,88456,65193,62853,62801,85024,41043,76264,56246,65166,01139,62079,80167,80030,08271,77514,60555,62066,40265,57545,49262,50090,56239,22108,38519,62585,66112,94019,22006,58305,38354,51099,07251,64343,30215,24372,16339,34135,84127,68351,86270,87132,12272,72167,12185,51384,67187,60141,22232,74237,64324,09231,04188,50290,72321,31287,73249,27215,70203,18042,23040,24529,02470,51167,61133,71201,47173,78350,59659,28033,31349,07107,65414,71393,31033,45074,70361,05103,21518,63321,11181,30265,36110,57340,33479,59658,51217,60335,19002,24037,24238,02670,26186,70091,34288,07266,19088,59443,28354,59591,76708,50601,70536,68212,32005,73192,40327,02467,16191,51168,45338,80587,62639,14145,19194,04177,71349,49231,67441,63039,09001,74287,70389,27168,77379,51068,36018,56115,17142,26090,79176,39197,51439,64071,74144,61158,38511,39333,86201,17376,24566,22341,63363,62806,07027,70412,32334,64540,34233,15249,84140,54180,69019,51169,21607,21290,58157,73155,70325,80031,70094,21571,08208,45275,47192,22169,16357,10269,79213,03015,88109,25486,12151,48021,08368,70451,12259,52546,89037,27659,27212,57054,57596,25199,67465,27156,67030,97229,89175,84089,15106,08327,61483,46162,88116,30139,83108,68051,62534,80511,69255,27148,77208,71194,11199,52436,04036,70287,42125,81312,67373,70468,16143,27502,24305,67127,49176,74236,91198,81046,27567,62666,64159,09198,47127,91347,58141,17433,33315,02224,10232,37036,13076,39020,13082,04085,25550,23100,57745,02042,09334,42305,18168,50137,68244,29071,07181,72077,57549,55425,58055,76657,70432,70297,07255,08301,60377,90033,39244,62030,88196,72196,23107,76388,79297,65411,85137,84080,63222,77406,77277,06088,46252,27490,32461,62065,02793,38266,70289,81294,34191,23139,01115,97119,54290,59378,58195,45343,09174,36033,25324,03195,57013,55123,68112,86070,09147,02382,63088,68204,43023,14649,63243,51463,09022,02331,59587,68221,11063,40287,24253,22091,15016,59239,42130,45204,07344,54252,16041,01239,62261,05079,22001,35330,62163,45268,66174,52229,57613,84036,35156,65041,08125,32188,11417,72180,81142,97615,67163,27632,15224,02746,60571,62166,65327,85096,33273,55048,04072,24424,85244,62205,29147,97409,29221,14360,24262,33546,58170,28147,07215,57014,67006,80318,87043,74038,43058,46041,19070,18039,67550,29039,34124,21179,88036,35120,44176,70271,11340,26258,2B088,60271,64515,89003,60059,24378,30195,91064,71452,08141,79111,68289,66138,21626,85006,59073,21473,67391,92051,66122,26243,64224,87148,21401,61345,16287,27645,01445,44217,60228,80792,70323,62131,76723,15135,77411,48051,84041,32039,21693,60656,64157,52516,61287,34332,52356,30318,86121,68073,08386,56029,23056,34122,2B101,89080,49178,01273,32172,76730,11183,80311,23027,25605,62698,72083,37112,51445,59034,74271,39275,71189,07048,25268,16277,22019,26340,23212,29153,60090,77426,03109,58030,81182,57293,43029,79339,17222,31025,69117,45026,08165,10327,45169,62112,2B049,21676,27301,71384,37127,76368,64372,90056,52008,65159,65069,73186,27492,08248,01393,41010,03229,70030,89046,76479,14592,42300,52251,33369,74099,69197,11327,25084,11301,24284,11264,17306,77386,67338,86276,25056,12050,02449,50356,05096,80429,32117,63386,62634,56254,72187,65229,59103,50455,43216,86127,17482,24229,73243,62646,55438,08037,95199,25280,16152,19229,48098,58262,01430,77371,58201,66197,02253,26108,68300,16102,73206,18067,58230,51344,17330,48087,27389,25433,86159,77473,60265,60670,02473,19146,66065,02471,73237,55005,09199,19191,42335,44074,37174,58016,17068,21121,57763,70037,24553,27083,51542,49237,38421,77311,77432,70415,02405,21142,60446,76156,36120,59230,06067,2B328,19289,76025,76594,48005,60022,76333,80020,08155,35180,27671,18153,02616,24420,54505,21260,68018,38314,21392,66028,12207,33358,63106,14200,35069,63460,76724,11070,27100,34037,64538,62886,11386,17410,08482,38191,35163,52492,51317,86112,53272,63160,55132,23209,48178,12237,21225,60210,51468,17035,36242,39308,64394,15088,33489,86174,68271,06105,50453,76407,39241,14675,39431,80413,71096,64263,22179,56147,70210,55345,11324,32376,78289,67232,26111,30054,33231,72129,21475,54288,57059,25538,27458,62552,43153,39068,68335,24174,77195,71322,60491,25233,07224,16392,07065,2B234,88142,39569,80069,95060,32069,17161,67345,07143,52431,51338,14563,66223,88089,31209,80390,32431,22131,57650,71152,88152,02378,27146,09270,54100,07166,49205,60669,63211,11208,52371,60545,82122,40056,80667,39567,52253,61346,17329,82016,11275,85097,28379,03037,09340,53273,2A272,59149,49057,66176,89417,64129,28286,07010,14595,44087,16231,57474,07172,32088,04110,63407,84054,16185,60364,47200,13215,80670,39096,45084,63280,24507,80375,34265,43258,50117,09250,38060,45037,60664,60073,74253,77337,82082,48013,79162,11353,38212,83116,76599,21333,03233,55129,54415,85157,22047,14492,27313,31138,62165,54097,2B161,50481,62602,47183,15002,17254,88166,22046,67095,70055,10225,66061,14205,02339,87029,46231,68364,11218,42183,73202,46244,53136,40289,71081,35106,16360,76274,76416,28387,67497,29040,59313,09267,01015,85109,31256,67436,11333,69109,38156,80464,51268,85200,03134,69045,45100,08070,17205,80347,57486,65422,76262,10172,95177,02218,81316,30183,59346,67544,45093,22044,14700,15020,39029,62558,14159,64247,76700,05163,25156,13038,60343,55001,37271,55368,69283,67492,55553,33342,60623,21131,2A091,64395,21393,78567,71315,10122,27437,58052,21172,63411,40211,39565,24511,59117,21699,60034,55506,74282,81055,27435,43173,33362,26333,09162,41042,62059,80617,27674,39456,11219,21563,59504,09211,86110,09170,77323,75104,86204,72291,77456,60572,71264,32065,03225,14077,26119,17023,30036,17095,41187,88014,53259,46083,11141,37196,23078,62688,11336,06129,55551,64421,54216,02315,43249,46130,34236,11286,80339,42275,78344,88425,25157,48157,30286,2B332,33425,01436,71380,89459,21015,70476,38368,79055,32223,30272,50055,79154,88185,74005,89431,13010,44210,17473,66134,74012,74313,15260,86279,76249,76269,11017,50349,62057,16184,52250,04063,32195,60244,77130,65326,21444,43108,01450,50514,71540,70004,67220,38474,61411,56132,29011,31253,08016,55397,82030,45054,27643,80716,15245,61339,42063,97311,70198,60063,10130,40309,09085,02586,91345,18072,2A279,71071,63201,25451,83127,53177,38041,50192,51247,79313,69201,83082,50422,72064,34259,55355,13093,33180,88167,62862,14436,25406,02023,88514,77475,77188,18186,97203,24151,57319,44032,16330,63015,57118,59406,91098,30072,74264,14086,31587,18271,31570,55177,71107,89091,57073,40250,37281,02212,27544,08349,67040,19064,77297,68188,70148,44083,51304,90037,77363,44068,58088,25387,45097,30305,83150,51186,54462,59044,81257,80337,85058,73213,10046,41152,18089,46078,03026,08149,12147,04209,38269,24114,67011,01240,65164,58133,60560,50540,35076,36170,02417,85163,08183,55383,81149,58213,65135,57040,17067,14063,63469,61451,88154,10157,39001,72133,54037,72022,70523,09320,19203,02422,12235,33133,51234,51363,45159,83008,05133,16014,76046,17016,33347,08335,06095,25477,10290,25151,45020,31585,2A326,55316,50108,53262,67142,89477,29106,06130,26347,59501,89485,76432,68057,07144,77336,55032,89217,56041,03010,61061,88026,60214,24584,17126,26161,17212,51417,59057,21118,68290,85108,77454,03050,27322,60237,2A071,47084,89371,70437,76091,38452,02268,02647,36029,07199,21627,88383,15111,33426,65368,14542,47037,55332,17469,2A018,19257,13113,57076,18074,76491,88460,78688,17365,57256,79163,30117,42051,41277,26084,59155,88039,37002,34030,97612,16233,76237,51316,72068,37270,24110,33145,41297,88446,62260,37080,21024,07341,14092,02276,19287,68193,70431,70440,27408,77269,36210,46059,80025,70140,67474,36063,32012,11156,62821,10340,43194,77326,39334,03097,29162,36142,27427,10289,31106,64047,02338,72178,05157,09311,14090,2A360,84145,64199,17436,11185,40196,61344,32064,71184,74088,14020,36160,59419,25290,73223,10171,45203,68291,68205,70115,08080,77400,04035,43263,62268,16128,21586,50292,31415,39370,07210,60660,74137,06157,61040,58273,21642,17278,51006,44190,18197,64550,67447,28215,58140,71339,62525,25159,61211,16111,10188,02443,77339,39031,19226,58112,65382,85026,59616,19160,29065,41281,76494,65377,25332,57574,88029,08353,68142,16243,26229,60516,35102,71266,24445,86130,49311,43234,43127,12297,25385,63468,88360,80275,03090,07025,17474,60468,58229,28116,85049,85221,60299,25439,34020,45245,27317,10061,62689,47050,10059,14303,14692,14610,2B096,38020,70215,19027,38205,76188,23128,12048,27191,51288,89270,74234,02136,31174,69006,61292,86198,22132,39519,52479,21669,76391,54536,76291,21231,02182,67153,62116,21701,32170,30136,03224,19061,62520,31040,41108,33462,46323,48074,77157,73005,71501,59628,46222,63102,39448,81267,45248,51278,10425,56230,02229,57672,95241,80182,26114,66113,80602,21435,80042,77511,57310,05048,08078,10356,68113,43120,70135,57706,33063,70336,60328,50174,81078,51629,07250,73271,26099,50188,02635,77241,76131,35218,63380,28275,53118,08319,63314,26042,78296,71371,76039,27678,44057,02138,2B177,02237,64088,14377,01152,33213,64522,73310,15032,62876,63241,57515,57125,06040,70124,22021,80110,32128,09115,41212,18254,28417,64496,91047,37203,12177,60579,94079,25110,16023,58280,61433,65214,62021,70114,64318,42008,88510,83030,43119,82063,42223,04043,45035,16093,69272,44089,34057,76185,26272,88326,56108,89408,27611,10420,91560,42179,62013,74097,95055,24322,72060,08103,27539,63354,77192,62303,55115,38115,86064,76710,60104,80068,57582,89286,76033,22004,41279,68096,02248,62109,63296,26037,14207,07336,77153,31031,85206,26046,18233,80585,44055,62760,65328,06118,56048,41053,61418,61099,71445,10315,12252,45301,49068,68313,67058,77194,46237,14724,32274,25286,71098,44033,64493,14037,31411,10009,29026,33268,42071,27082,62385,95170,59147,57683,32318,21672,38564,27372,80392,14709,07230,08438,42026,78158,38311,77081,54487,78440,25438,15215,14184,25115,57543,07041,27136,16409,64265,22326,34160,02489,46143,26050,62779,89099,31426,21438,24042,40249,39198,55070,67470,02438,30047,64269,04192,02404,62614,88527,53076,59548,59589,84021,80094,27329,07289,43231,69180,65367,19004,70529,46207,60166,27662,57217,68196,12209,57449,79139,54327,56247,64408,03312,41102,58101,16280,76406,32360,77340,62847,46232,07115,33146,86229,56196,33327,60652,87146,26214,89433,45161,64007,72205,31242,81232,21334,43178,60276,02641,08389,51577,29069,29006,31529,17074,17455,26369,24419,02573,54516,22011,02204,21038,58277,52536,79253,66069,38356,23174,76340,84011,38542,59615,59652,97306,65277,03297,08293,48059,79320,08393,53150,18160,68153,30166,31104,52377,45050,07140,80518,64256,39027,18080,27288,65323,21400,41241,81067,21550,11429,02786,54444,39582,02584,89123,16272,45059,46199,08222,19254,08123,03288,70090,94056,95210,35169,47144,11075,23195,02753,11076,31428,04019,72023,11120,88113,56091,23019,54003,02833,60400,40119,71159,89007,63066,30249,28106,62074,61413,63203,53021,86236,97361,01019,39038,94077,62845,11410,32359,17214,77025,14435,81291,15034,51530,88341,02133,59669,80250,62411,87155,26226,54337,11260,87117,31267,67279,70411,78616,31095,21460,45255,57304,43044,30120,60326,57148,89158,54479,62589,69042,01140,27090,08011,05090,54373,39167,62582,97234,62566,64232,26025,47271,26256,09092,57626,39047,91318,16138,57021,40295,74054,16298,52366,33115,24421,31531,55364,52170,89486,51399,18118,52490,72004,50628,31329,57181,22312,31399,76051,14498,48082,13119,79174,02575,32193,30223,24091,56259,91249,95369,87101,77125,76161,60375,05014,03120,2B229,89251,76595,60324,76464,54539,68209,60389,40108,37282,80338,64004,01449,01054,49030,29145,60231,53237,25120,25383,02483,38131,64473,06010,07121,97224,81219,25334,88487,83089,68081,43215,90052,30237,59493,05162,38243,65440,14038,67416,64130,54191,51650,33380,64042,49182,30009,64323,51422,39526,51225,04210,02007,55171,87039,25255,85237,03017,53107,08420,81318,38064,26171,29199,67136,59327,33237,78569,29172,89136,01381,13030,03151,18169,88328,19023,07216,48072,89420,67389,50185,70490,57642,38052,62896,54560,21065,10201,68071,30060,21452,80049,69265,30194,33055,71323,28234,59524,14454,13084,56152,65204,44051,21410,54368,74202,43175,02373,52002,87128,02222,22372,26072,65453,36175,89079,10190,01234,31032,09023,66011,55458,91286,55501,53266,34304,58310,38503,86281,05003,79031,80597,09246,07326,92020,12256,34094,59511,2A276,36019,95625,45247,87151,59642,03291,82109,27115,30188,45073,39268,49010,24257,76410,73171,17030,04234,39281,51112,21210,71586,57356,54093,63308,86096,11172,31379,02535,25265,91067,88009,65017,77073,62785,65216,67023,68179,73225,2B105,87019,11312,07109,59276,25431,21263,16365,47190,07261,80674,50302,11108,16244,70558,54353,71046,01075,38376,03159,34262,35312,57462,57239,51354,68293,10165,54163,40272,74075,77530,24080,67248,11435,19007,37214,07319,32156,78537,34118,25052,31023,07278,62543,23006,69119,02518,63061,08189,58264,13002,45265,78484,31015,21138,09237,34186,64327,38008,27196,24575,04129,09157,63263,89424,64064,64242,18113,10332,43130,58121,21169,38100,04135,28086,11179,82179,78366,32062,25432,33052,73065,21561,51039,23155,11098,10159,37242,62777,58284,33128,49266,42267,04133,54023,16124,79160,21713,70041,45080,77242,59084,17431,69037,16064,77115,68139,41105,65011,39343,24544,33172,62027,25311,27621,16302,29128,75106,60549,89373,13004,76587,82135,03307,79109,34215,41025,24266,63427,51426,70032,08380,36104,38415,25298,62600,57584,77291,37025,38403,40194,26335,01311,76476,62434,64012,40088,68161,10007,53141,78571,56067,36213,76144,31409,21683,52136,64022,44014,60651,69156,12284,74178,80714,44156,64420,63467,48089,62005,39156,76092,49048,50420,74158,02070,22390,61301,63057,51611,09160,57158,59119,50028,35018,88024,2B290,70444,12035,85074,29277,60451,35192,12077,32198,25391,63252,56203,70436,17337,30255,78321,70242,69189,02721,64446,09227,05142,57275,40253,2A129,37059,45070,66228,80783,01021,55464,15200,78410,05066,37204,62118,79114,29018,81084,51562,35160,44110,54211,44075,30206,66187,21319,69276,24300,38136,02547,85265,60337,06005,80089,18084,23108,21579,34164,27508,14221,27382,33499,59222,21113,81147,22121,01014,71070,39510,70218,88261,49053,62567,17113,23248,57485,14486,54208,60676,02496,65072,56028,54543,42086,03107,14402,83074,64460,64264,03306,27209,41151,14502,76551,02556,05029,76664,57524,86114,55009,60626,70016,81275,82158,71196,31318,38050,17373,29246,71134,63250,38189,86052,71033,72018,39318,71481,50341,46095,62627,33275,57063,01259,18163,62376,26061,34309,02526,71353,49272,55321,21173,62839,62462,19266,71277,33079,71215,60368,39540,52033,37022,46027,38109,57392,77446,23132,33039,16273,62390,58008,54376,83120,27404,53130,64544,95253,32178,46256,17139,39539,32247,55331,49345,64276,08415,68185,76067,57407,36234,07227,57507,72035,14161,57010,59633,71099,51469,46015,60233,57012,24329,69243,32428,77254,42229,83100,14182,53223,87084,31249,51642,39056,86262,45015,01006,76146,25630,60422,30264,35118,62157,06114,17162,53229,51516,36075,64208,16054,67319,42137,79349,02657,31237,72323,32059,65080,59157,52442,17299,55448,49193,73212,51116,64459,93070,83017,39050,39529,25456,80835,28164,85266,2B292,71042,42148,11178,08207,76580,76615,62444,08060,22378,81231,60062,67178,62300,51127,2A336,28217,10055,11372,68257,73258,69204,55310,31573,77217,31085,14126,64279,33121,2B134,59467,25174,88513,21570,07005,61015,54507,39352,05060,01345,91105,15212,23226,35354,57375,33099,08358,18104,10187,65215,40068,64461,63375,69026,88347,68304,02183,2B165,59268,14354,71513,39486,37151,50205,65269,15259,04130,14659,76279,64128,54524,81042,22157,84096,11431,10303,04041,58184,67276,32037,81307,51536,78346,70326,05172,37094,14256,54577,24341,84027,35235,88101,78443,89474,01098,07292,68065,81163,76636,71557,33173,37051,62274,62359,51213,58292,69016,10354,67322,52114,38204,73063,56228,21238,36061,14204,79049,54550,24428,76477,53048,38424,57084,45258,54160,03141,07162,70538,38031,02430,67254,30217,65153,13057,88135,40185,38148,09079,34198,01275,38440,25366,76685,54469,29166,27624,36196,24417,24061,10372,31370,86023,29198,12135,89253,85300,02673,11381,36134,39063,53155,32401,54570,25276,63072,04066,76013,47319,50099,17384,28325,40104,77513,56104,07323,14550,78104,88525,2B166,56227,89398,23014,72308,91685,80692,80723,45283,25239,17393,60416,71128,51648,64180,37232,11355,29095,46082,59424,55093,05102,44054,07126,76043,78143,55461,79115,39411,58028,32050,60344,27371,02116,43262,57567,68105,91659,84083,76572,62170,24352,2A011,03007,58304,07014,06143,04176,71317,55241,95641,53091,44207,21430,33194,25348,64447,37152,10443,52522,10199,43199,80023,45144,23005,42177,14637,36014,55301,02412,35032,26345,25619,11225,18199,53178,22261,69280,46321,71414,57112,60188,46201,21214,64235,2B335,83095,26116,24474,81105,46193,80718,67209,27332,77077,27418,60490,54066,11079,63259,26210,86221,67500,29122,62648,39407,25515,35123,24518,57183,80729,88394,33551,24562,83121,15202,89395,01366,09017,70163,88047,78020,86103,66052,27633,25238,57619,28168,65094,43143,60220,52398,08226,07084,31419,87165,43193,79302,57195,36086,39176,95183,16118,95459,59099,11377,31401,45336,02652,31189,43177,49271,91547,26223,61367,33030,25207,43125,76090,57371,37014,71358,60283,86119,32192,60185,27009,73117,08073,61308,95445,69067,56260,09188,62181,60406,41090,81021,31443,33027,77203,71397,31167,12025,24101,17416,81293,07047,51165,27495,63007,31584,68216,02590,36036,40311,76403,42006,59191,78497,84004,18078,39046,30142,24228,39246,39114,26067,57629,40064,25519,70257,59581,18094,86252,24189,76632,04102,40142,46312,46125,80512,25009,68152,14601,33363,31432,76508,65457,82145,54452,43017,35088,27259,80112,54546,31475,26074,25503,43114,01331,16400,07068,11163,54480,56004,14510,70308,25365,21406,05166,76083,33264,64334,54477,59266,42193,88286,78559,47017,17033,63367,37276,59193,44085,06121,79184,04158,05126,29244,40178,14677,23028,61376,11244,60140,57700,35271,47148,78192,81221,50105,34290,70194,30146,42104,91679,10202,31034,62225,45273,59345,42135,04047,30281,59231,31276,89060,62443,21588,70489,08166,08225,77063,02201,77135,71069,08409,07015,26318,28378,46313,87040,60057,16375,30240,26373,51507,15174,61234,50097,39084,80640,56198,45182,57070,88030,19095,67480,47209,65022,45280,03031,11424,26362,35055,81167,74215,70454,53110,04061,17346,24422,62590,51315,50161,64501,60149,68208,31395,62522,64170,82143,87159,79136,30026,67526,77288,33160,57180,90041,33429,28283,37275,62344,72010,81305,60533,16382,58065,33189,64464,02122,28411,08295,65096,76483,77113,52312,14762,33223,67370,05031,38166,44001,72359,85277,37004,02760,64284,27135,89100,60359,60462,88093,26209,10220,52337,91648,62176,50536,39472,71140,01155,78650,90098,21176,25273,70272,31135,54350,42037,52426,66013,25129,21145,42088,01370,08035,07342,47094,59254,50379,50126,01379,10062,72086,03127,67145,17053,49192,31303,63265,08362,03283,91525,62551,33179,50617,86148,34173,85132,51639,50588,59037,29081,32310,51224,90018,68111,67247,06158,85062,70021,03160,29191,97608,81096,12288,60438,55165,86045,53153,35117,50641,11041,68345,44166,97410,59577,51526,88478,22375,09256,88203,44201,14555,62090,22184,67493,77394,14061,77071,89407,02295,37030,05100,63020,65472,34272,51052,88025,97211,71108,09121,2B079,54248,95120,70405,62182,62656,12265,80479,2A288,08378,25208,89352,43202,58202,62608,08276,18016,24200,08410,54193,01238,63431,70435,50613,76455,97603,50027,78138,29056,92002,79191,10408,2A100,70548,36091,62041,62415,56163,46124,76109,62491,64090,32021,57436,77284,03200,57414,32214,24128,65420,26275,27629,10345,34075,34174,27194,10193,15055,77384,68087,16307,27358,21249,77416,03201,91226,53245,2A196,21382,21493,44200,40161,21190,81054,56013,02711,62140,33201,64122,80204,31148,10110,28034,38547,54184,12169,38056,91434,67535,68228,81192,71296,90044,30029,10064,68132,42319,72139,26189,47088,27054,2B286,21622,65064,31304,19221,80590,67043,49082,76536,32389,34061,11126,86058,34113,60547,11157,55237,31185,14320,32242,86136,78398,12233,36224,25590,41209,71483,57611,67012,49218,24121,30345,11374,08245,31243,28341,27173,32388,45152,55370,27489,54381,61404,65032,61012,22134,33020,81152,68227,31012,76382,59131,2B180,23004,42034,02775,67124,27561,46247,62702,73092,57288,54021,57103,33191,94068,46139,31054,88023,53157,77380,02040,88162,43077,54535,33437,14446,80746,70278,59483,26315,69207,43039,39230,39523,33126,57538,54272,82080,70549,27411,77398,39284,02614,60372,77114,70357,34243,57552,73147,57443,79311,36077,47202,55429,21241,42021,21055,23050,35167,31175,57665,89219,76507,54578,28324,77251,86245,38219,38402,13105,76121,60509,69104,76562,52007,76626,51361,80544,59393,33187,76002,79164,57757,10362,86214,82108,05099,73242,85172,33048,07067,21237,85120,44149,54278,64296,21425,70371,43069,80502,86207,18145,2A027,24304,91552,60586,30204,45056,14023,26185,78615,88307,38248,32287,32227,07220,54592,25629,42151,52017,56258,37049,21506,25153,62861,89061,64186,33335,24224,43204,59520,2B030,21311,53066,59370,88043,87113,32121,76163,87096,57492,06001,39477,28398,17458,31233,29087,95304,80185,67361,21245,27290,77320,28053,40154,63123,70269,33257,62837,33226,63381,43159,81027,54340,46178,58303,25526,17331,70580,67152,69275,88250,70501,57100,41218,28195,35333,09108,44222,83140,13207,02266,03157,24367,40197,72134,2B252,03054,56134,32383,64045,71123,46226,89384,50353,51617,71547,29003,79076,68266,45177,59391,40123,41211,38418,83051,03211,02783,16189,59630,25447,50172,64483,92014,14529,55018,08145,38185,02334,54439,60474,64120,38153,63261,67250,36188,59451,40245,59464,71193,55421,50279,64478,88438,55282,51139,60135,62803,01211,21159,39133,76492,62703,61372,60013,17275,48192,62641,49217,16056,62554,01050,66154,62800,61024,13092,21497,57110,35187,64533,39093,65350,16258,74180,67037,52547,17422,57386,64077,37191,08089,10189,49163,86217,42266,02661,95287,14338,87094,48046,32120,45279,01328,68249,60105,70012,37041,25455,91069,52159,56216,01105,38352,10319,26231,74122,86007,34306,59127,47244,70306,34242,65366,37241,77396,80776,59003,02388,88418,65362,76346,90071,76509,59600,31462,55047,58252,76484,02096,05167,27388,27686,87017,17339,23236,88275,14211,77500,65439,52131,02699,61087,37048,71017,82077,10014,71473,25008,76045,45188,80096,42079,54279,15178,60426,89265,62026,2B097,10254,34059,08217,63405,70396,63136,93074,67090,59431,69381,66159,14299,36064,95392,21409,30169,60566,28308,57055,80008,37065,49086,23009,07263,69068,36081,72273,12202,37277,55401,07089,15043,67079,33003,34108,32326,30150,35175,31408,39077,76719,11309,21617,34204,75120,62265,02785,60410,25539,43012,60031,60510,02588,88106,65308,72188,71150,02510,54070,53012,52075,55508,70524,17277,10045,68243,03155,38282,36129,27618,64371,85269,05171,88448,65314,72073,66136,11234,33098,54430,61108,71478,54245,79295,30005,28329,80366,18246,77286,32248,26039,67538,64204,10341,83063,60222,77119,80425,19123,27207,38481,27429,22037,15206,48165,65033,12148,76130,67384,44047,34341,50230,41045,25221,10353,52386,38037,65005,09165,71195,73284,77316,44108,71343,58300,25026,57397,56171,26204,72130,19145,65358,71031,88278,80157,37238,71496,68362,76544,33182,01082,62517,80180,17025,06019,50263,78057,51210,62105,21596,60120,10350,54074,42025,21674,17386,34269,71173,01260,88168,70341,80737,78391,32307,71314,49055,13091,87141,02258,22229,59602,30052,64462,95584,50178,17413,84088,68256,62155,66218,27541,41126,12226,17236,72020,24405,32426,2A066,61041,22239,39434,37085,42127,80109,29124,74050,07309,01344,54425,10432,67017,53139,01225,59046,82120,10226,89022,02280,60675,46072,14533,66101,31398,64392,15180,06090,16034,31548,39263,32378,94076,45102,17122,54561,66060,71206,04214,27592,70047,14220,29211,35273,01403,31327,2B193,19241,21100,09277,58177,33218,07330,04151,38566,50371,57129,63404,88096,46301,21678,77280,46151,58281,73278,85254,75116,69072,71400,77429,31517,2B171,48070,80066,23026,68120,42162,36205,65393,16007,10286,62270,83130,12068,09327,38423,51019,02701,2B287,25323,08461,63267,12211,72173,62673,03095,33434,71112,57350,72380,32340,72256,24288,34018,65121,73027,27108,08146,08052,25322,10396,17274,27282,19215,2B175,28294,17038,47283,88470,60261,27379,10373,21471,64150,72309,87035,56079,10321,09026,17165,71068,76386,01084,62275,25617,86066,26023,32322,70305,33252,19060,60339,70196,80264,51094,65075,54274,94046,71038,36243,80820,24195,64039,64091,76529,49121,01384,68361,47225,94002,09341,38362,21201,88352,63202,71210,97217,88340,31081,07343,54062,04023,18062,62535,14494,81017,08412,01061,73139,70321,31340,27376,67300,31037,60076,21574,21481,57454,28355,40084,45254,38496,46064,62113,08284,31259,19149,21526,08312,95370,50159,30165,64106,51503,62685,51263,59582,66158,11307,17071,37245,27123,11426,42310,93063,41171,41161,37255,27341,51364,50006,12053,33141,14457,11379,83097,54547,27438,65444,79100,91200,77328,04186,86075,51476,89374,02743,10041,83137,55453,70042,32380,59414,60036,70420,47217,68017,63347,68218,35148,39338,02191,02820,03266,89262,16387,60542,15132,34299,58309,53116,32244,2A203,57221,65270,76136,57182,24059,65292,62456,89264,36038,50262,85010,33236,54411,30274,24397,07130,62547,88048,41124,22334,43128,25350,36237,31153,32436,24237,47102,02445,10113,62750,80750,53043,81215,17026,79003,40008,88403,73068,45231,80261,14044,41069,51365,40095,89467,09242,76219,13108,67555,88147,25246,70109,49090,21129,27665,31103,54334,31476,26364,17110,31552,27010,46070,45001,60658,78501,08413,50621,14165,12253,59304,72074,84091,62781,16401,67118,76523,02703,49331,16170,52070,43180,38046,12243,39277,33490,44115,33156,76360,35190,85202,57742,40131,17195,47014,14661,59203,50221,34136,2A345,33256,17052,55015,17232,64009,76666,41181,76226,53236,65390,02126,77056,88485,25270,63438,41003,61257,37125,60074,35361,42022,02214,12276,18193,30311,86298,41278,25445,61105,17471,59450,33157,59165,56158,12197,57337,47111,38225,27001,23172,71262,06027,69125,50468,02011,23110,47240,78640,42182,14089,32096,51571,54220,31113,87161,51308,02724,31208,12002,85087,86180,73123,61342,61485,25074,30315,35265,68080,65077,42141,60132,76653,27327,82021,28336,02617,41145,25589,38267,43200,61159,06162,35130,80265,76143,80565,67217,63170,76085,33415,54473,27564,12136,14593,64457,65392,24541,58269,39364,27390,25579,26322,14162,80828,54296,33391,82121,67122,59091,40204,31308,24100,64376,24106,28070,38076,70274,31066,45282,22031,28257,52137,80188,47080,27342,88229,31080,57727,79074,88480,50088,62080,34125,77083,76178,11117,27043,13049,23106,42067,45312,31444,51504,12238,78163,21428,14045,41087,32379,01016,24409,29275,10259,04195,30259,80073,48038,70144,43139,80526,50360,02326,07163,61156,33440,79116,37019,67033,02513,80235,52193,54017,54429,47130,57457,87091,54456,57056,89263,89386,60129,25482,74006,67256,08237,50276,63189,63307,51177,83056,42066,09060,90059,55428,32346,59477,77483,29104,89338,30167,60645,62460,39182,58090,61443,51190,16206,65059,76413,57247,85054,50362,26295,50095,78520,12144,51130,45031,63470,41296,46050,77032,61069,08074,79258,53199,45116,87021,89284,59598,90035,2B010,52422,49355,84077,08307,40177,30067,13024,89311,27275,60517,06023,10251,10002,38173,68037,32174,15191,38049,72239,15258,64261,11343,58020,50584,33331,58068,15182,21523,29300,28316,85161,49201,03285,01400,70492,38558,38413,21381,55586,31360,31280,82105,33438,74123,67499,27476,10249,51030,89363,51283,68138,17089,76021,50327,86296,25001,88379,47009,78481,76397,54509,31317,47041,39220,09235,30261,14286,77002,51175,42306,14312,27386,55325,02649,86008,89419,52133,27650,40218,83101,18013,58306,83035,55228,40158,69194,01141,56185,54277,63025,51546,36042,29078,68278,39485,70373,85119,35295,70563,67180,69046,60174,30257,79354,52363,78367,12047,44109,30221,89244,78464,42047,24246,45030,69164,21695,92022,71485,27141,41250,82110,08268,10239,62905,01067,74073,39399,80402,64205,24274,74257,27248,23060,54310,73328,51185,08088,25557,86009,88267,70160,08478,40188,84001,44013,36159,50431,10003,62033,39377,88158,41101,40290,77086,48108,11054,12006,17427,51128,78118,63143,57134,60697,50317,62857,16060,64198,62276,57357,38260,66071,22118,38120,24323,74254,50102,40273,59559,60643,22345,14333,66164,09342,84007,29010,61162,39314,67084,18019,59531,21123,2B188,69256,41116,72320,02714,34238,76022,24328,11024,84069,11232,80593,83125,38135,03045,33367,28366,42147,58147,22226,61089,74193,97616,17028,52118,84047,32411,59255,24549,14445,41143,54006,68366,29226,77342,34151,71408,61107,51643,51584,17426,55573,49140,40159,32457,71043,02629,62825,88164,21018,60489,40092,17406,01159,03051,91294,47093,37047,02312,62510,62887,17060,54284,15050,80231,57107,11113,54333,54399,71269,16363,07050,04069,04106,2B244,44037,32453,66092,52231,27124,80086,52066,71279,33080,39504,76106,32343,79268,91099,54369,57391,54400,67253,03293,25390,65257,77307,12262,45229,80758,51321,34072,03158,10250,73315,14365,82178,03182,84081,55269,87085,52487,11188,71336,42016,37207,55292,32103,27005,57214,45125,31341,40027,30114,02017,63069,40225,55571,64456,21531,43195,23216,29031,42338,79167,53121,58274,63140,25614,88471,80825,34239,57144,61203,21352,62017,70448,24359,19097,69244,27401,18202,73076,83123,2B073,52196,10114,73124,27216,77019,78237,52374,89128,58031,81030,70575,47097,59447,21105,21659,85064,65432,89308,52428,12036,33026,30082,31064,28045,55027,27571,81131,51565,60519,31481,80736,28149,16186,02008,71257,50305,41287,37088,10137,62035,87003,61092,62342,34187,68024,40057,89234,74102,89043,70097,26141,14737,76216,89236,76621,57328,21557,76419,07146,42142,62185,62591,85114,08084,01402,50281,89480,89108,56153,25125,60642,57305,15233,02549,69142,80450,72195,59195,54443,11110,61120,22105,38085,39283,28107,90001,49017,42282,89179,67368,16069,26234,02742,60241,11190,25190,45212,50405,11067,65340,26241,09122,71514,80013,91654,39492,02178,70505,25236,59132,47134,73257,77001,68135,71424,97227,71014,63333,72232,57655,86261,55311,07106,24226,2B082,50550,54196,24139,18231,01266,14345,31124,76107,21369,63283,33075,81214,02293,59217,62770,09326,35155,64286,89291,87110,28027,71202,26142,78133,70067,76697,22139,78431,64316,16403,02291,71449,59584,2A032,89151,64378,06064,52092,31179,84098,77219,91027,46268,39439,71102,61297,32302,31102,08350,40200,83144,32038,32066,70243,62439,88388,76079,64162,62228,55329,11214,73317,2B314,25044,76461,78498,17367,77418,50168,58057,38504,03072,92023,74013,68343,55008,97206,27280,24414,90072,05068,90042,47117,43086,25528,45069,42045,39187,65450,44070,77465,34297,89194,08188,92062,60688,03246,88059,46243,39570,88027,55031,02241,12162,62624,50310,17355,69294,24060,66142,71186,67085,59331,63216,80393,87018,25171,65230,38455,71471,59454,35238,30145,84039,21192,58249,57579,69387,38389,61366,68363,30111,79249,50236,15156,2B055,02366,57686,45243,31063,26043,32163,51448,52550,30011,21620,22384,30208,37069,34109,03112,47300,76356,57403,17117,64234,57616,08421,52264,50345,64210,63030,22216,32440,87139,61018,76426,53013,04182,34258,57047,31406,83072,62484,44096,80271,01027,14571,76283,31547,59457,07102,56010,63210,19281,57153,71567,78107,69034,17288,24357,07112,17215,04205,64111,87112,29179,27530,02665,07204,47275,28158,73312,83077,71168,76245,67304,93066,81166,2B122,76677,80388,13087,14083,62416,66209,08422,43137,39175,02278,81311,01397,11239,55251,23186,57431,17398,25093,38359,39298,86113,07253,66100,54247,26320,10148,01093,02690,32207,21045,71076,27366,81289,25019,54238,87068,11373,43092,48020,72250,32196,31334,95633,63175,88032,82149,88486,25602,2B338,52507,63076,64521,35198,61422,56054,46319,60541,01189,2B273,63425,46102,44197,19104,71075,57353,79159,74068,68224,60291,02186,44065,71461,14469,60535,89272,02089,62286,40283,59238,91458,76312,68231,86164,24482,73040,41006,71243,61151,47061,13055,33345,55127,86273,08056,12133,01358,33118,51403,17077,39547,09230,23003,55580,50218,46107,28061,25116,40013,07076,02033,65182,18100,15080,61397,21084,54159,66106,76423,76577,48124,62242,43093,10271,11297,11421,25546,25376,81186,49054,39331,09150,18038,74055,37129,47219,08082,22208,21455,03294,37045,64414,41020,31566,88028,32048,38151,26129,58294,51033,63454,76335,04008,59179,37074,89232,07064,57463,42202,67519,87154,76329,40135,54226,63418,53030,76619,60341,74128,67298,45323,15230,53201,60012,80643,42087,78389,59012,25542,14421,74203,24179,79145,17022,43068,37222,01401,26057,61375,45058,21354,50031,76505,40255,38287,02256,49328,54343,45046,73100,26049,52494,65317,36115,12137,55248,95250,40321,21133,50050,23018,39190,02181,51587,66114,15127,31591,60315,59385,38396,06116,68077,02375,69239,77003,10274,21639,70081,39209,2B172,80637,39142,57625,05085,66102,59452,08239,52230,10125,57163,19265,25580,56063,59166,88007,82038,57242,30303,74103,56089,44178,32106,18057,47185,17438,55389,21154,63122,61064,68333,87134,58159,71299,57146,88209,31269,67150,81245,78120,08135,69389,79263,32033,46045,27546,63328,07196,67203,17266,63041,33068,71092,71110,62714,91184,22194,14726,33498,22199,64112,46016,01208,60520,17465,48050,91589,73013,46186,32116,23170,11342,70119,01235,60456,60635,14214,09117,07294,64477,37128,52106,78261,65315,38546,36176,70230,02595,52187,50433,17477,76111,80197,14590,57689,09015,21611,31430,09093,35257,11338,70288,95351,2A204,38375,68190,65212,41265,27690,51256,47057,17437,34317,18092,28108,22317,15170,28272,70205,32233,21278,25342,74007,81292,80131,39278,12024,92078,53134,51434,52291,80122,42262,01268,62730,72377,78125,61160,09053,64391,30071,01353,54209,63251,21361,25182,42010,72156,78325,11030,70363,17059,62058,30010,49023,14403,36027,76501,80709,72253,24548,80439,01346,51197,29184,51380,21204,63150,17320,11414,76454,58007,26332,77058,09283,74085,33540,79195,89161,50616,39090,80671,56161,97613,31086,17206,2A215,46101,26134,51204,55408,70164,62529,67408,90023,62860,12139,40053,09222,44216,17485,03269,40162,88364,53031,63391,52211,62481,05051,50592,33175,45072,38055,91494,35030,33390,43221,71544,15021,51490,26093,09059,72234,02681,25441,80332,59506,05082,10120,23160,32108,2A103,47033,31119,52219,24580,19126,09131,58211,24494,22193,27164,02030,54574,12193,51528,72049,25545,73318,76306,70176,54455,71442,68040,67240,69082,12188,76159,08404,66116,57513,63162,27616,32234,61427,85104,16067,14620,68301,71401,97357,51351,88458,73011,33285,64331,21357,25437,14131,66005,60170,53203,07318,76506,38360,76662,22350,65167,17287,67143,11010,70078,85056,43059,02333,14118,43259,40033,44208,25138,67476,27529,67252,41013,54116,14369,18111,77013,95422,64119,59614,47273,60342,11121,79094,14103,11057,03001,40284,74314,57267,23250,33494,18063,47081,85248,37124,54219,18280,55523,57155,11243,02243,25565,64351,89370,59401,18158,57269,17115,03164,89218,50382,80790,30096,62124,65341,97302,21449,11346,74221,81148,60289,44153,34318,46293,35204,57282,79034,01207,63152,88219,66002,46126,39436,25460,71518,91538,77004,09181,57151,74018,95438,29005,72105,07008,55065,39094,55053,11147,61202,22097,80315,77477,42201,65467,50507,85287,70527,21554,64066,66169,65410,18086,16210,26336,23168,51010,90076,04237,54134,33287,44206,36143,58145,82096,39479,72202,65207,37176,89365,14589,87143,67013,05080,31149,19236,33439,42336,69229,18277,01236,23093,80084,02137,65084,65416,21108,71062,62514,03047,57216,17280,10213,32432,02064,76295,65245,21625,56208,21217,80701,38112,60687,37189,70092,12190,27118,79229,67126,65185,57482,52367,86176,82172,21500,89023,80239,57746,09003,80449,52525,60383,80004,23177,63121,56051,59590,74146,04201,67044,17379,79165,07139,63209,11419,72084,41208,76353,2B347,52331,39425,78299,24097,02519,06076,36011,36191,76733,57114,25594,88309,88181,34126,01338,08377,09076,77256,71059,34281,19076,10378,54591,52315,2A181,25288,21587,02654,42283,89113,39015,35114,60503,06030,11375,31226,16347,53053,86142,63054,33386,29232,38035,90064,74009,50195,55245,43227,13047,11129,67438,47137,15104,69139,06036,33136,24186,89399,61295,10264,78548,26015,55435,81140,67071,62375,88225,70485,80789,36085,16001,21541,08098,59294,2A090,07033,08489,52015,85155,51106,31450,72175,57207,65141,78242,80485,64474,67485,31471,89115,42099,55493,52223,08097,55339,63187,35098,86032,68055,17354,31439,62530,85240,51477,07039,51568,19213,79121,89210,19125,03137,87067,54587,69299,65131,80329,70128,59437,51267,77471,79278,01443,28231,15058,09035,30268,44071,24190,15205,07111,74315,65228,55140,97418,25061,46036,80824,11143,21389,64356,54132,76485,39168,02292,82103,25338,37163,58062,50569,39446,62799,28388,40296,2B137,14325,64507,80833,83040,77224,43135,63290,17356,40182,50087,80823,67307,76578,54488,57346,76440,59547,60505,76125,59490,80414,62475,71085,21536,54048,17372,21426,68222,17148,01130,41135,27049,51404,05007,59418,01389,03270,44175,56055,01318,61062,10192,29293,01282,46336,03030,74060,02822,55509,65054,50146,80501,95052,46337,40083,56195,46056,03205,55352,25020,31234,64548,11211,60476,25600,12125,32045,18196,17269,17457,59518,40128,46109,68029,51451,72029,11411,14401,46249,21446,15025,47221,16163,42301,80546,10223,39452,54308,28159,52087,61314,80775,45047,09276,02680,33106,13111,92060,67096,14723,87201,28110,50054,19079,55567,68172,82090,77338,45082,27351,50421,56094,88208,03014,22073,46211,27673,11132,36233,25506,80728,55420,19010,74255,71352,35052,21485,25130,40015,57467,68063,64074,21266,70569,51591,25635,80764,58233,02233,67367,21014,60594,54320,57622,45149,89021,45310,25405,51023,52469,43136,62023,88400,51372,29089,03276,60103,46035,40016,42084,42271,61500,79050,11274,74303,70429,10170,54401,76706,02112,76691,32143,16300,41153,29072,15017,38439,10255,2B313,48061,71438,89271,26162,24523,43115,43174,02047,83117,66042,11124,76332,78618,16177,23249,95270,65468,40018,41072,27070,76034,41167,39500,52319,53179,67116,34141,01212,05180,70526,55025,77238,70048,77505,59566,80571,77274,47143,70463,47040,62347,54533,30320,05116,36228,64171,59643,10442,25225,57738,02144,81320,68189,81250,57415,89196,54280,60613,62233,71306,57604,53058,17178,76640,07147,06125,02281,35133,35350,53137,54437,87008,33306,85141,43268,16109,55582,97609,06142,55496,60604,25400,70392,91553,24406,89361,19148,62773,80554,64084,67537,64560,61093,42059,01426,33388,14036,13016,97111,23173,25231,41214,67263,87057,57490,14705,23038,19150,32109,67487,16165,28054,25551,71355,90069,67097,64380,49211,39393,54176,30282,22074,27105,25479,02046,59291,42041,47317,86297,04116,27669,30093,45333,76446,31502,30098,42056,67155,61279,51119,21359,10267,95134,81038,70398,68140,67272,73246,38507,33513,08387,09172,54156,42253,80566,55156,63006,30140,80281,58285,22112,74293,35031,24028,36111,81150,03275,18032,16388,27089,14720,65199,30336,30158,51274,74294,10402,62459,85294,70561,89057,72271,10240,66195,31540,52344,47079,81310,60281,33472,27462,05008,47112,64057,14694,61206,50152,62900,35119,72078,50183,31028,71591,91079,80369,67504,18008,60143,10437,25204,37109,50019,19249,58086,32249,59051,14104,57226,27133,02799,56023,21127,57703,22381,12166,59124,34298,14609,27528,04167,21306,52523,16383,2A363,53084,77112,03217,21600,60338,52082,11095,86037,83152,50231,22391,56109,70571,13081,77024,03019,23046,80588,41014,71348,54054,59350,31272,92044,02128,47052,64475,51359,67481,46183,80530,58015,65142,36231,62355,87063,50539,27008,02166,25200,16176,30313,68150,51012,38523,44120,42166,51237,14015,59626,32086,60256,77295,50328,64409,81160,01107,73289,10243,11354,80500,64015,25435,70086,60165,71097,85216,63188,40106,60593,31198,26284,46213,40151,30322,21326,71171,14068,63449,67215,95298,37272,84078,47201,2B298,79201,71545,02361,23129,09279,52517,78171,86116,02779,59412,53018,70488,30089,08496,21703,60447,54150,79144,14621,30317,42103,16123,64096,27099,11267,04111,80220,01248,82009,60316,65346,61171,57416,51041,39006,85154,42210,66093,22236,21517,80411,59281,57235,17093,68325,26008,02462,34119,33195,52538,34006,49374,78551,81288,57501,25007,27680,17440,33013,01008,25504,83112,09083,03260,46282,54089,52147,67428,21042,27604,70532,11032,81132,27144,10101,31006,24470,55194,80577,72324,2B042,81041,60433,14225,12105,89031,30224,24567,55178,85099,43063,71568,21590,33294,80184,47024,32197,65473,18096,14495,81196,33364,58258,27360,54250,46085,63364,31201,21648,55522,59309,14603,60627,31328,57681,51170,62043,90012,68148,83011,22014,65031,65307,53132,02053,30088,17267,46020,14070,57189,72101,28422,74121,38124,24461,29079,95056,36088,63118,31366,64490,17327,67191,70517,21136,11116,33485,60023,34116,79236,65221,62306,25624,70130,01359,65401,88429,73252,60380,45210,68217,77147,63117,32452,73196,09299,76527,17235,07282,29180,07337,39265,08390,62257,30250,76123,31539,58123,62312,95676,27640,63332,24292,64487,18195,28171,07030,59026,33129,72204,84136,38221,27239,22224,31001,78565,44179,02316,08105,02060,57498,04156,66099,38490,28196,69036,02750,60358,85236,13206,79351,25316,05054,62425,15226,27451,51579,02612,95028,58119,67413,25343,55078,19189,32296,55528,60546,33165,76405,24465,51259,02626,14764,33272,27359,30350,39319,17223,68370,64221,21661,35225,54576,14033,78108,71405,35297,76753,33427,07182,52057,35311,01030,84037,55583,17418,38140,49194,81254,80601,07175,95353,11422,66211,62485,91691,10074,25567,23062,59409,2B033,29224,10282,17362,89414,10399,50407,68294,29222,68075,77532,80050,63360,83084,21578,61196,03259,65174,59413,14251,25274,67280,85088,27424,76366,10156,13075,17173,57352,18155,88493,07281,67452,63156,72360,71456,24481,62438,02226,38111,61102,42064,79316,02537,59198,71118,21478,21012,52269,09312,48019,07179,11253,97223,46168,70383,22211,90043,57081,85078,81240,64041,54198,33470,50370,95523,72244,64113,51148,28408,87077,84110,14497,27266,60537,33381,62720,65363,55387,25021,50610,71500,09040,69069,33137,21256,39076,24498,52475,09067,42215,33138,80047,45240,03231,63229,87097,22023,21373,32442,31534,55517,08439,72355,77210,14625,08354,2A331,86268,27663,55266,14488,25289,65172,12088,31036,77054,23058,16230,55434,28015,29245,28391,68050,61056,82053,38241,82141,81043,76311,43022,02522,51346,07082,53189,88215,12067,27162,77486,34203,34185,73283,07301,55270,39103,11123,38043,54482,27676,10134,39254,50411,15102,80767,88117,33228,21203,11189,72065,29227,14169,54552,31582,30256,65158,17268,39178,85125,25241,64288,40303,53195,27562,61121,11044,57675,55446,62782,35127,51200,26233,94078,24117,97415,55419,71027,73265,18224,17119,55073,71162,14119,80330,30080,66206,53255,35286,15081,80303,76355,66181,31309,15253,50070,2A132,38420,31114,25556,62309,64249,72226,37057,30122,08417,79290,74032,45293,02320,80426,81191,47321,01216,60657,74062,52097,12100,63396,60314,47133,65306,60169,56007,46264,62070,78147,50551,02643,78317,55557,05049,42297,13036,50474,91330,33197,63218,72375,64178,69024,22379,91115,80214,2B159,70133,40220,55180,50266,18058,47292,14016,33538,46307,61416,44171,58005,64528,34181,80531,40125,25222,08216,67340,34329,66104,76680,41128,70253,01422,76470,51320,18229,27044,81028,63390,08175,14399,37040,78043,30353,47293,31454,14753,15181,08432,66015,14482,83103,77141,54084,70521,22145,68157,40073,81011,81315,89397,54432,11440,52313,56050,62686,34244,35310,56074,43240,51284,91461,51176,71369,67283,37104,46197,40308,42308,80295,06045,29292,32468,63377,42273,62704,36067,14050,63325,22110,37253,80333,50619,54015,51118,24393,33214,85285,16003,32240,84049,01013,03074,63294,80189,85029,74224,24564,46024,02446,44007,81133,73215,67303,62436,32243,91661,43191,03003,34137,65325,86157,30297,17305,76694,42218,40143,80572,88308,69167,72346,95436,15248,71283,88151,69111,21337,71474,2B150,79341,54282,14224,64513,24311,63359,88169,04226,10246,32047,22170,14516,08330,32089,46218,41174,24568,21061,37086,2B152,44203,51258,10331,14674,62473,80702,29186,04030,56126,36040,33517,04227,08483,10179,27403,02167,01114,57711,91001,64379,61452,85297,32044,39307,57050,66059,53023,14168,76122,50258,48068,65311,74046,52369,72316,26145,59033,38353,22171,51049,10139,09328,51473,59007,39453,03092,45095,62429,30163,49021,67410,28081,57039,34294,11337,14473,38110,31479,01153,76186,33288,25117,76239,74279,03286,45227,21156,02466,05168,85077,75111,17300,38326,37082,22079,56135,64336,36074,08325,34214,58096,56046,46112,23061,51058,24489,36164,41047,33324,14060,59180,80010,77458,80193,89204,24502,76411,88476,56026,04155,27346,39391,43110,30334,76715,43011,02317,67205,42209,66219,21039,58216,31422,51092,2A324,68061,55133,55193,14391,35049,69205,28057,71350,60067,18191,67194,88452,86111,39344,85174,79241,51100,12066,77509,68337,70324,43239,50034,78442,32036,35026,44025,55072,76629,77492,08333,88424,47091,2B046,86055,64366,14014,56092,43102,88199,63378,37165,39443,62595,88176,22210,30179,85017,28252,30045,09303,12156,70518,77510,19077,17230,67542,36084,86004,13063,39218,86162,52155,32385,63455,89377,55174,34084,30280,72109,74169,35015,37123,68115,55061,16308,86065,72027,26254,48026,54558,33395,19201,2B354,37006,88156,46224,18161,88454,78033,33067,88455,14304,81175,33001,64023,52061,48117,12086,68086,80024,62621,16271,81120,71217,44015,45286,67472,53208,30355,21074,55054,21324,03067,62718,80765,84125,76165,65226,68125,60672,62706,14223,05009,52292,55554,17256,50190,87027,27498,32400,72009,17445,65370,81012,76586,32372,27591,64280,14586,27507,29230,69148,72322,14341,2A142,10395,46163,28048,33088,52091,01104,75117,65013,26357,66207,18028,66053,38487,70275,07078,48100,52484,73313,51151,33247,55341,43095,46176,29155,46223,46277,09038,47165,67192,45049,41147,63171,51512,19109,23131,70171,28132,72067,62502,25261,02318,31128,69253,56170,65089,52341,76542,08418,25544,52107,25142,69286,02427,31561,09179,39083,03089,33130,86161,17285,18002,57257,80508,18268,16148,84114,58117,21609,54300,01264,02071,71520,40292,30182,25344,25410,51358,76563,76009,39233,79014,12118,25500,48083,23020,76290,45089,09086,28030,71143,36186,50186,2A064,80145,07031,26001,38045,72347,60278,60311,91333,53037,40031,27309,44086,08111,54239,17345,50003,79038,51105,51260,55351,57484,70425,78356,21375,70069,31495,33412,65313,07306,37079,33004,83139,82177,58179,54438,23197,63399,44009,68229,88528,86183,33475,39427,91508,28291,86228,56130,91613,91081,39530,90095,16408,14465,88515,19164,33400,94065,80649,38436,73004,58063,56033,19122,56009,62048,89246,10209,39232,35321,72366,26040,02013,30172,89235,08081,80199,24124,54095,32456,46061,73142,19138,54348,89180,27294,57514,23099,69056,04022,40157,50451,69047,04191,26058,76583,62878,31382,52039,57292,46007,35340,36002,77382,52242,55139,53097,97106,57404,91657,43008,07299,07137,33329,89285,70567,92046,27406,38272,02485,50162,38543,87163,63023,45105,90085,23030,24145,68340,62349,57765,17036,82192,57718,35230,72280,42156,41055,90087,78372,58104,33241,41026,21618,51402,39286,34193,59422,29066,69033,97419,25178,47213,26277,80344,14147,80469,08244,29057,87005,31101,89478,54162,65379,27169,27208,76240,60079,54523,67167,64341,83134,45004,59399,60677,62341,45262,21556,68143,63083,67048,47174,59114,86049,17202,63113,52060,76604,01374,33134,11362,52203,16039,91526,28273,46039,25554,69092,39432,53005,13068,97314,59340,25452,02003,08366,76042,54227,61271,65200,42272,80614,43186,09095,68199,33258,34004,15228,57017,31480,39469,50587,10066,53007,40149,60138,71250,19005,24345,54474,43097,04219,74231,50274,62662,67352,64359,67423,31160,57234,39016,11087,44186,87025,64424,12203,12292,74299,02127,43045,70147,69277,32124,39132,88457,10349,31542,57685,08332,41196,82129,89290,12061,02359,57662,69062,11053,01001,25179,61467,70583,87048,33196,08379,10182,33017,12206,23035,65458,23109,31512,30348,64115,89112,42091,31093,23105,30133,30291,52330,55111,62243,63373,27287,62191,14171,21665,39480,39493,15054,89392,2B303,37137,77236,12205,02132,64551,21671,02618,70058,17409,17130,63230,62190,25362,47233,02662,55264,88333,61197,59035,72136,35223,70049,58077,72007,33074,67045,65479,81174,61142,63274,67385,53090,79244,02035,16222,71225,26351,50261,78029,02525,62245,70150,63174,67144,38023,38019,24211,45271,48010,47295,74249,27677,12224,11223,57481,45181,10020,70393,68198,19274,39537,65261,34022,30062,57104,58240,56002,60157,40141,57046,57725,59141,14343,21199,19225,30028,29068,41127,85136,51111,35061,54181,70419,97304,40261,58056,38406,01357,16207,65272,44076,29152,07001,74276,18206,64031,25277,64240,55026,34035,67366,59471,85133,56035,14079,88357,19167,16246,47205,23167,64207,80725,41236,03049,14684,61432,25193,31089,24223,32337,03177,60624,76275,64241,86019,63417,57127,86002,08455,59133,10297,01094,80316,2B002,54253,35353,21476,43241,79198,71253,40098,63451,67198,72011,63246,01007,32305,33528,37205,64480,19140,09004,76588,81203,42255,91017,91463,30260,58207,47181,68348,09145,86036,62657,25564,76441,77240,66026,40052,23228,17382,02802,38456,38080,81304,80161,47096,48104,17047,61348,73010,27078,09220,14368,62601,73094,69020,77322,54321,57659,47039,34312,18088,82153,45094,53190,47220,48065,16253,39323,35336,12042,35066,08184,08029,61423,15261,09240,19239,25025,58029,51538,72313,02271,09116,24379,14739,70356,74272,30076,69088,21298,52178,54472,70507,47158,44099,49333,86088,76389,51125,32288,61028,62754,67238,55150,81256,21083,11305,04127,59120,68062,09049,34158,70175,77293,52022,27646,44003,50138,80771,21706,57061,08102,59024,70355,08134,40314,21362,01206,62282,48176,95612,27478,40026,27369,48080,50456,55405,27514,33442,01188,03122,66044,63138,57030,67184,68149,83037,01307,27552,65337,53185,89288,33101,80583,67109,90062,10175,19022,55204,23214,63344,62495,18132,70293,59517,08230,39249,76139,71282,76566,82094,87144,06017,39396,50175,63270,62366,95012,06163,52028,74184,08132,52227,67417,76012,24109,31490,27394,67021,53067,70141,46005,2B366,21489,08329,72176,50267,09154,24582,66224,28210,52520,95303,30278,39320,53251,61168,88363,17082,63350,70522,91692,63313,59640,59077,59485,42233,21297,02748,02242,51654,51662,62368,03022,63281,63091,10398,62778,32266,28292,03282,17479,67365,27459,24478,81080,57086,87158,02330,84073,35171,63149,14261,72015,07194,28056,80673,81188,10092,09339,07348,51078,73153,86031,14030,09047,59317,51471,62132,57460,08360,91435,10294,05073,36023,62507,46065,21628,54142,60565,56077,54235,76648,69003,34007,15101,62531,18148,23190,68176,51098,15096,30130,50199,91130,02200,77014,41040,67488,13095,73043,33168,50538,80622,50491,60340,25262,02521,72098,25356,57635,68331,19075,39513,04101,56058,71078,80757,39461,88222,60608,42188,64149,63223,53173,73181,64001,10379,76229,51352,62880,26381,2B153,35296,32444,10436,03005,88130,01142,56012,02567,51397,38555,70154,14721,02393,34045,88214,85131,54147,19151,28372,89005,85149,33096,26342,03126,59386,42161,14277,80537,33332,71340,38257,81070,80016,11293,52474,21288,81242,24374,38533,74218,33037,02507,54295,68167,02651,16424,29281,45315,2B291,97606,41066,04145,10285,76077,80706,03221,38414,41062,77270,89237,27582,70461,12172,32145,39041,64404,19078,33476,61096,21414,24026,67434,74147,2B093,34099,40017,54580,45067,72376,89481,58125,80675,88336,32463,34076,42323,88133,64167,61113,87122,41205,52406,14243,21712,62152,27550,61406,38300,46156,26303,81184,62121,74281,38275,08453,61213,88504,61181,24528,54433,95371,14293,80202,51074,57066,43033,55024,66007,88081,14049,93007,70019,39030,41230,05063,14706,08138,12291,19030,80253,30323,77129,80005,80434,19014,80108,88415,23165,51622,24208,57511,71109,89073,83062,12099,79175,92049,91414,16062,14085,12180,74104,72201,40238,32449,76581,25372,64303,14487,70514,11397,21623,02051,91093,68092,21396,73042,38537,74312,13210,17152,08286,03052,17196,50484,32004,41160,62119,55315,15242,61094,73224,62653,27609,73273,71361,84042,56005,17317,40175,72198,89304,62518,45235,49027,86154,62711,89278,52383,01004,37146,29193,52483,2A104,26370,01380,26016,83136,43065,16031,32254,54511,30328,46084,2B340,31413,02585,33200,67382,06068,71050,71295,10057,42054,11003,70331,39011,62835,22158,49209,25079,09107,89116,34130,49131,21011,53233,33289,65136,72186,85145,17021,97301,18041,45303,52014,73306,91363,50093,69115,40100,65019,63258,38033,26143,35237,81082,08136,39151,57721,69236,28127,63228,28089,23088,16304,64503,51273,02387,57719,65299,58254,70311,70279,77155,40305,04218,08488,17462,33461,56083,19021,21366,31363,63080,55281,61488,66118,53213,72012,89177,60526,78126,57539,72070,27061,27068,60390,42018,82138,13017,45208,02001,65147,86024,34276,06104,02162,54529,47211,11174,71422,64200,59384,59216,12131,43005,59552,51529,31029,13070,33456,28018,88522,70168,08473,11271,70074,10304,54557,42003,91273,56127,40226,58158,67301,76517,02342,62856,57306,80749,09204,02232,53064,76030,03253,43219,65276,82027,65264,60685,43237,23243,59470,85002,39163,54564,15029,66217,81125,05132,95042,85101,57529,88244,67138,53085,28219,45002,80097,06006,48037,09088,24140,10126,21689,81045,65258,66020,24334,66017,19025,57394,31533,01215,51254,33488,02482,87160,73297,27594,63275,07321,80229,01363,64326,22087,63013,77506,27245,30141,80494,13209,26095,74311,09335,29004,66221,2B077,08388,40251,76584,74273,75114,15120,51340,07238,10032,88287,27097,29148,24444,12220,62532,76404,71385,63352,19228,61212,31469,05075,59301,17430,37247,28148,2B255,60610,81034,14231,10025,51533,04197,33059,70070,54311,42158,92064,21075,39045,76524,55011,81324,18066,51281,67087,38093,39062,47044,31554,33259,18098,28031,08304,02605,78686,38339,04057,74266,11080,16091,24280,30301,16117,62227,46329,26009,59234,46208,76471,32105,27558,70312,37070,2A019,29181,60432,68274,81273,53120,54498,80627,63420,76644,33554,35326,78128,26255,54309,50139,10161,21505,40113,42334,80427,84134,33142,71064,63028,16297,30332,32141,62288,59408,71063,09006,32434,02148,62724,25513,57724,21548,65357,09295,67230,80497,72279,76735,28351,31451,79252,21585,47038,69094,33450,89468,45225,35322,71307,21504,01112,71487,50118,54572,59551,72300,63095,61244,54064,57504,65331,60322,52094,02257,24217,15144,71386,51386,26267,77366,77259,54375,17466,61082,81314,88437,61187,01427,28114,76510,95500,39386,58137,27666,02360,42277,46161,09321,65140,62738,03280,67168,83047,81009,55189,80065,30031,88496,30351,07195,38184,14509,78076,55169,40102,73039,11398,08347,23151,57330,24500,33506,79347,38322,63395,42186,54264,49330,62301,27125,03068,25330,41017,76612,07324,63225,97201,62723,50247,76758,62383,62442,40115,38550,84115,31518,66192,02767,03125,60678,72148,23150,59062,62333,61328,67018,22332,60125,10069,02025,89362,72113,73015,76737,33411,34148,52448,67509,60148,68276,57471,79085,2B051,51286,68315,71106,2B113,55302,14236,27154,29062,51390,62492,27101,06015,27524,44170,54553,86141,85116,80476,01136,62298,57193,16071,12298,97360,82023,59249,77287,02758,21166,35360,22258,77042,68328,77052,08191,61419,54313,80724,27142,31375,52461,61420,11006,33398,63238,21631,08167,63164,57551,40267,91292,28284,30040,55485,51374,30192,06066,36108,71276,14534,02194,03039,14298,73218,50435,39422,31216,21114,87013,26353,90011,70410,40076,65224,82151,15173,83052,24159,69206,28162,25106,72160,12234,90013,32459,67514,40007,11317,79304,06054,40192,14511,60139,28404,87073,71425,25464,33093,97413,01135,07311,15137,61365,60424,57694,78070,37101,04024,05147,64238,80350,03101,18082,65002,62393,54125,57512,88241,72363,39315,34110,14500,38370,38012,69260,32271,70439,46236,51519,86190,03213,51345,30232,23264,27276,34139,55182,70046,23179,27203,16053,81281,37199,65179,30007,89297,76328,08458,21484,22067,51269,62432,62389,33544,50013,38094,35328,76065,22111,85192,62569,02211,05169,25351,76019,31005,54388,62357,13011,88085,08289,51480,14302,59173,09141,58236,02713,76285,54143,12122,47195,62691,62353,51037,85093,61248,79022,59264,24547,70247,44002,63322,78490,73017,08223,59553,41242,24176,02081,88118,64141,64520,67433,17055,61499,64223,80305,65071,71305,52217,62447,56076,02170,31178,83055,51117,31468,36035,74045,38010,81086,48067,50606,11099,02806,33008,18203,88302,88520,81268,38434,65063,02425,78677,59532,76543,10435,39137,70231,02377,38214,67313,23180,09215,40312,18288,72337,87072,62278,70011,25152,38471,28334,71590,68144,2B261,70256,24499,23112,65413,82155,42284,28077,34179,72106,61241,56251,24512,64532,41073,05112,69112,54325,70534,55088,28010,39376,58286,53098,38346,41194,69105,29225,11230,79185,88252,09297,71051,40179,66082,84018,38040,44058,70304,55285,43187,31020,39379,71221,64029,21433,06144,15168,23066,41288,67355,31527,09282,67325,33401,09269,70207,35021,08451,40195,01296,33308,10015,73272,69013,68202,65146,87198,62561,32084,16055,67056,27306,68052,86089,50364,25111,43238,74108,33406,34027,24172,21067,80356,57433,74008,50194,47056,39462,27013,2A174,87020,88046,13040,80313,55379,57045,51108,2B277,61446,81103,89002,31535,80242,27048,56145,25465,71417,57367,05059,33234,18043,72076,21032,25013,35334,17260,11155,03163,10428,74200,54292,25596,61210,68004,08219,79312,45021,67545,70235,56065,09259,45253,24520,54231,53035,84005,18214,27380,80011,80170,68046,18282,80630,55488,63312,59335,78605,69084,78499,45299,78597,36090,69225,32173,77066,67527,17175,77154,03261,01042,80699,87181,35215,15164,22088,71576,71226,25472,81300,41190,87153,81278,58026,05028,78005,55380,22272,49308,65029,27496,02821,51614,27279,47077,29058,24453,56189,58261,84094,23022,62103,36172,22090,01095,27430,32402,30129,79348,59475,23175,44048,56119,57762,38069,51482,66202,64505,66083,07044,63112,80796,50633,46333,80033,35200,44124,08383,27364,52177,70456,62556,37072,97420,72056,31143,71374,2A099,44184,21522,50574,57430,65143,26375,89436,08015,25368,86105,08470,25033,76361,60035,57254,64358,44104,91086,10197,63412,25616,74040,59458,32113,33202,38170,10288,85209,89004,85215,74001,88061,26045,67289,24136,89323,80451,54234,71084,27471,22222,11287,70446,51044,18093,88270,74205,09263,32335,39199,76168,51464,54087,39458,73026,72312,45215,30154,73077,19244,88255,01011,10080,50228,76050,39355,39362,77434,11315,67502,21119,36189,64044,70201,78314,88342,77443,40222,04228,64154,80117,88447,65234,35314,45331,35268,82051,19285,09273,38340,39007,24505,67072,25185,84034,52021,12194,47053,26178,04032,67482,39177,19063,64537,62611,18101,25633,10417,02068,69182,51173,21370,88320,56190,11201,66231,78335,60513,02426,01342,21399,57563,59022,42027,31262,14254,62729,80401,53047,38404,30025,04081,55157,11094,34319,12176,57026,62083,63398,62391,74244,79183,32013,09055,21229,22144,14520,32415,35193,08457,69058,70053,80061,76203,45278,76140,07346,67369,02235,70479,01083,28050,13098,54403,37119,12247,23044,11285,71488,62107,17403,27572,61118,18144,77415,18108,71310,80726,62578,12115,46081,64187,18181,44097,57165,68214,44066,63182,61463,67258,34232,43030,70071,64133,46003,63397,32052,51636,26244,97122,61258,35064,14427,76347,03167,42112,76017,25090,29266,72087,62891,23183,22296,85113,79319,07178,85189,15165,43100,67225,11319,09052,07274,05110,10293,52370,53187,24086,34218,51375,01033,88095,55561,79046,67070,56075,18180,77289,33199,58064,24442,63084,57600,43064,87137,81047,32257,85011,45270,27421,06146,33203,24156,34133,79117,57028,46011,10375,35256,27205,24268,16350,14747,30352,56113,14535,46152,14656,36149,54393,57408,65320,70547,81177,71116,66086,05052,62001,10035,32216,03251,43078,13048,68317,39205,2A128,28014,02083,02352,59196,70189,63356,76436,38162,26287,80300,12199,49368,24087,18279,56146,16237,23134,79061,34052,82107,64109,11071,74061,89289,46225,35041,39234,02340,59521,26027,2B173,02094,67350,33246,06062,76627,88265,76351,89225,21403,76100,39122,86100,34241,62523,46118,25497,50425,14605,60538,76617,19033,70417,89068,38113,86182,07302,68288,27480,19011,36102,80206,62250,14106,76220,85190,67317,41007,07206,60286,17054,44073,63422,55286,54465,97207,51605,05136,44215,10335,80513,72259,29297,35337,44152,39273,47260,60464,02073,39445,28277,33038,53111,77096,11004,67068,2B201,76490,68141,32238,45196,35128,09126,18051,26257,34313,43121,79243,80358,02560,29276,38361,66188,74083,62509,38073,21321,59251,80760,97617,79238,15125,63443,06122,77098,24318,42256,04245,04055,29037,85023,21148,80198,25335,57003,89211,89306,02536,03249,70263,79106,52258,77007,39002,09120,57090,22387,33245,65223,73307,31494,88428,05064,14021,38552,21279,55229,33227,39248,59067,51355,62683,10245,57123,06057,05086,44188,59491,47184,72149,68385,33083,64302,30258,62906,60363,61352,76324,68178,46169,78385,47030,19153,18127,57351,62733,87179,52358,68069,28124,24254,41100,85276,39210,15219,69193,24260,32191,55430,83135,69107,37145,17083,66038,21284,69059,74176,02263,38172,76465,47003,38082,77043,84147,74269,02784,88021,49160,71366,49215,17441,26330,63254,61037,65351,42154,89355,83032,02346,62168,38070,57194,11207,51277,19270,58116,17231,06092,70302,08275,28140,35176,54322,02084,32393,02453,67348,81099,30184,56136,55497,24196,51441,17304,88253,39297,51231,36022,62479,27137,27482,56261,02481,43105,14614,40144,25524,41059,16167,07026,32399,80459,24015,57644,65399,05184,02006,39507,21421,42096,44154,62020,62859,64037,60641,85246,64330,59647,54586,60030,61442,95566,57508,49260,46053,36125,41119,84022,69173,58235,72348,52414,62815,77082,39052,89319,39405,50196,25306,63403,32464,61240,26359,45132,04128,79331,65047,06110,80067,26005,81208,88361,42321,76348,39149,88354,59500,18029,84006,25124,32289,17340,01073,42163,59123,08497,29002,84108,65175,23118,42046,59465,31391,42187,78516,71470,24330,28137,36211,11314,34286,78285,19154,78320,27300,82123,84150,16192,61387,21076,38057,60014,2A070,11282,29249,08367,47161,22005,85267,24193,54232,65402,71029,32054,62011,76365,78364,02777,54203,81100,02414,02817,80226,02384,21161,08186,46212,62844,24132,17193,22291,49307,02044,66193,31205,07223,60081,54491,72192,69065,57422,74058,22117,02452,57647,36218,27224,27664,71480,81236,65321,18176,60611,56086,07153,70330,76618,56193,14558,58124,49370,27505,57060,21309,61396,01322,19018,32175,34277,68174,16342,61221,25517,05129,49323,21338,71324,33235,72047,27681,02145,88291,65285,84026,76463,62746,77207,34087,81068,42315,15186,88445,58118,64217,62008,31251,81295,49125,89013,86171,17303,35103,82065,56180,24370,37061,64440,51140,28052,27055,73157,74201,82157,21539,63233,47262,41253,57273,08247,07091,80372,71037,47308,30161,12221,61277,57074,23043,76104,27691,42278,89387,27565,32425,64275,81323,14266,89069,56085,53123,41176,58043,56096,03216,72008,88099,42184,54047,2B081,40153,76709,21268,35274,21331,25160,65117,28032,58001,50227,54185,08302,90048,91432,06109,34285,67036,18136,19129,54549,07087,26228,33432,74034,52352,56245,11238,79102,50145,61023,88431,14419,67420,77352,14536,57586,06159,54410,39106,48144,89067,31509,64504,25149,60123,62373,15232,61259,21705,90016,39204,33493,62149,88406,02363,87116,10352,56093,64320,88416,02264,91129,01428,15167,46242,83018,54526,2B037,88518,48168,08003,65104,36007,74298,58152,80683,22028,50428,80171,63074,73030,40059,52365,37032,17314,16065,06014,67546,70582,31098,59586,77463,78162,06112,25058,37027,71175,57255,29102,26113,04162,97308,31365,25072,14001,60078,59300,33163,51549,68360,59043,59662,74089,36028,02757,67182,80259,13077,11350,57614,25187,02072,95271,27117,46270,34206,61450,35270,25516,09094,31305,66191,72297,80298,73089,02472,10149,65301,81322,51543,27340,49112,76725,76547,57409,12146,56175,56160,87036,79230,55278,69135,79303,02639,10316,55274,22029,33100,65061,62254,89238,85127,62802,22217,62772,81190,50359,14227,11160,15250,58035,2A211,01297,89466,03184,51499,62022,21367,23221,74196,31183,57343,07239,25507,61194,60044,2A060,57323,62630,11438,34029,60530,95205,29093,01373,59295,80169,51143,31182,45297,64148,57475,11127,76430,02764,21710,01171,52050,09293,13043,61415,21341,28227,28335,71581,46046,26181,02663,62617,45340,76105,25071,2B187,54458,02504,02324,24183,02619,80589,51018,59377,31402,89059,81246,60242,54085,58153,66025,63445,88319,11200,78255,31227,21385,54260,43101,15255,49353,62740,10203,67115,52535,43107,04121,41292,76362,94069,57139,59308,66152,76459,26298,59060,52311,67146,79202,91338,25257,65244,60190,33215,70258,58291,17163,34128,71024,21638,50256,28182,73217,32007,31055,77095,21079,64425,02135,62901,80766,54214,25469,36060,85143,76631,61153,34159,62267,39579,06021,64416,63108,89427,40230,10359,80732,25004,51154,79170,67427,95309,59267,15157,29019,39322,70096,57615,87202,31197,09332,68296,58290,83092,85301,16356,31176,82112,27501,55137,83147,69085,70512,11180,44123,05182,01258,50401,24168,59182,71028,31579,87192,30035,73099,25188,14384,62135,17157,15008,54349,28279,51276,49244,76278,33174,22206,2A133,23053,46228,38532,62705,82005,45066,11082,80233,77290,10068,91477,13060,71316,30034,56240,41038,24325,31513,76158,19091,09258,11391,60502,30193,52035,67059,26075,55101,61290,27252,32239,09069,40062,88237,82171,14574,78269,63085,62147,73207,54397,59537,2B003,76546,70315,33155,72278,2B121,25102,60048,24514,88473,78188,25264,50149,07285,71087,61388,23215,33095,43035,19069,52549,47316,60171,57695,12030,57326,61054,55525,04231,26078,15018,02706,22260,27547,25548,61350,47257,59319,86134,17005,89120,62167,77237,30207,63081,74216,69086,19214,77344,25474,21322,77132,24551,51009,88312,59387,21007,03222,30239,52346,81297,63003,49361,33032,2B207,41009,54380,31162,37016,24303,83093,47328,24552,43184,59098,62046,39481,27047,71439,85040,07322,21153,76352,12142,88137,95046,79048,48018,51121,30298,17181,80797,77302,71040,25048,97130,32347,67062,44135,65271,77516,59258,80446,35002,27281,65192,50450,34226,50609,31108,50229,60269,16183,65112,46052,10167,77301,91326,80734,86027,16323,84104,29204,21524,59096,06060,64118,64502,38514,30251,14474,48045,42294,02028,81326,41044,07049,70226,68181,70386,67305,32363,80308,59575,14728,80034,59351,11250,11083,2B111,45145,23184,42270,83091,79289,68384,39065,27174,08314,72135,52105,69257,32329,33292,62500,14682,13020,77158,54236,08365,08238,52173,70406,02406,64350,51416,02460,2B147,57188,07105,11090,15153,16318,42173,21090,68263,50580,41075,08429,60523,89428,42011,31333,33531,65286,40103,67016,27059,05111,02834,48115,21684,10296,83046,53029,11142,70384,61222,91662,11056,27400,69014,71410,77060,02622,31151,71013,68177,59554,30155,2A006,61479,47320,01385,12270,86257,61435,55275,28259,27052,56233,01352,09020,82184,37100,76010,10276,07345,08001,65203,77012,17241,68082,60544,60196,54466,61228,94041,35134,76211,60182,14057,74166,72168,34279,40173,51089,09301,21125,77389,2B102,69120,18003,14455,77152,15194,40156,77420,18146,23068,02418,78668,52168,72118,33445,59068,91161,04124,90105,37180,11366,02648,05072,60346,10312,80317,40324,80504,10403,25471,80505,2A258,74226,2B216,76319,46047,51215,46296,07079,55407,78474,80399,31523,62188,04099,14524,27557,01163,67486,01314,80172,85162,68002,57759,72128,76592,65423,38508,51559,51053,21465,54567,62471,76531,54285,78683,58038,02336,97414,35099,73240,60155,95675,82058,50498,07339,41232,21200,28302,70428,34104,54354,76597,72122,89388,25420,21543,2B352,32339,02514,86132,61402,31546,62829,25091,58232,09119,12015,33297,32397,80503,22268,80028,52123,09329,2B222,62548,50324,30205,51161,52470,08321,35006,91228,2B195,69233,71495,13051,58166,30024,38054,31014,61486,65133,32097,44162,03265,66010,71026,67302,63144,29044,59185,17296,01167,13112,25429,28003,73058,53243,24495,02564,77413,29291,76261,54383,69199,86140,77361,10397,64370,08131,32375,68162,02086,21265,54223,76608,80243,72265,62153,82182,62332,74308,30149,62493,07312,45008,08106,33397,78231,16073,15084,12149,88466,59670,22056,65387,44133,16362,01183,40174,72361,60102,02645,55037,2B306,11276,50398,61391,08163,23240,38400,69116,29169,33441,30012,80288,48191,05176,65120,62812,81216,64072,61038,60071,54418,68283,05022,14666,43104,23230,01444,53122,57354,50300,22370,01197,02818,40186,70103,28104,68130,63237,72058,89008,21512,24388,24463,30070,07176,86285,52515,47182,39299,33073,65107,84113,33323,64048,57708,88421,76537,36141,30127,73014,85039,64100,71179,45160,62696,78466,40082,06145,51527,03063,50272,57606,42110,02104,89164,22197,33119,12204,67103,88389,38315,60112,61384,67197,26211,76007,12165,55260,79081,01424,85004,24516,60439,21457,38512,07122,38009,35115,17385,08269,39466,02389,11279,02781,48105,28304,24449,25598,40257,57291,78623,11378,17058,12059,28303,21247,28218,24346,59121,68114,25209,06004,62526,71052,36024,56011,16087,2B339,67086,04216,33276,81060,07093,36165,69292,39155,59008,51245,62659,23037,01391,08047,82019,46302,86195,84002,28314,05113,39490,34257,60528,57172,79062,38065,82011,58189,42138,31223,38289,57049,25017,32115,40029,13099,28326,70403,72048,11302,67418,17449,25466,24522,76558,38544,28359,31131,62542,30175,34324,71255,51004,55146,89085,70394,32344,63331,39117,07100,95387,89383,60465,65144,04217,81154,68060,12170,27500,30006,37273,01009,08234,42124,45309,27606,73222,25448,02653,34270,87058,04028,69052,06161,29067,63194,62866,42113,54010,01339,02454,74173,56226,71389,80738,22362,16303,04203,67028,09290,53209,51302,68180,43051,52234,55214,57316,53071,22273,72181,95452,08199,88182,80445,31376,57286,83005,59538,91556,15074,85232,51465,36117,44077,80611,04137,31258,58107,63172,40298,88220,02589,64311,22339,23189,38480,70113,38567,79300,17075,86235,44062,18167,01068,22322,36162,59441,19059,77412,24090,17420,54366,39092,59663,59322,91544,04202,24024,51459,24282,46288,69083,27116,02428,15038,58072,81225,54305,78034,76268,51406,46136,90084,42121,57509,17359,13086,02029,52335,42052,32150,02659,74143,38454,50181,57096,45086,17450,12080,74235,50296,01310,05140,28251,55574,36026,19279,34142,42033,59472,33460,34153,09185,54117,74101,15187,13033,54496,24563,67110,24426,03241,31072,76752,45174,60700,54556,03264,34320,38548,44128,60570,59438,85182,54261,79251,64452,90086,14648,27365,27071,37267,56032,65049,27441,51187,28040,57654,50564,29259,78437,37008,76114,17031,22368,59019,51339,22149,01284,08087,02021,60662,82089,77161,19084,24021,70102,30115,89229,83007,58126,45266,11031,01077,41274,25325,76071,40124,59252,53115,85255,31206,70519,57161,42172,40313,69145,64179,40219,25045,64436,29114,45197,62049,45220,54584,56088,17424,88443,11399,40183,27672,08170,24509,74015,03273,47118,26356,74280,60602,45199,63109,23229,94073,17150,26355,10206,27333,31084,14026,02509,64069,03099,45330,60087,39180,14397,43172,21624,15064,42293,61510,35154,2A198,89254,73135,30099,32277,54164,55295,69108,08171,54200,89255,12300,22294,08463,76113,28064,10144,17395,30252,72340,38228,73051,71284,15051,10058,81172,78062,25440,18283,47188,14591,31586,11029,62808,58134,69151,45121,27021,76667,14196,07056,33290,52545,69282,38273,95277,57705,71558,12089,54562,11228,56102,34213,73159,77374,78089,59489,59624,22062,71111,52016,81014,38382,88087,85034,65106,86081,32272,74037,62223,04034,62787,26325,01396,47140,02740,29218,76133,62426,03079,76431,22237,19115,62340,80102,52109,54103,86126,46317,03038,21599,79007,82059,63262,27531,06028,38154,77348,62583,59463,25229,03075,22113,21144,24120,68287,70052,01202,44107,88057,80514,27217,80623,40318,70177,76628,73280,65065,88245,78536,42055,77159,04033,21335,80743,67548,65241,18205,38297,82032,21328,54501,23223,19009,32208,76522,47280,71472,71010,02676,07184,25284,10219,69289,71041,02195,02358,54002,85102,31074,14685,27413,10406,39267,88074,71578,50094,53184,28080,28230,03180,63371,89367,77048,11104,09048,41254,71127,67260,87087,81238,42337,08373,81008,62423,02345,03256,16264,72126,95483,01017,27467,62640,21402,21058,49056,30341,22082,71132,04235,31260,65127,02153,32211,28161,60107,62177,89088,70369,28410,35259,67372,38319,30066,40276,50124,26137,60499,49050,53133,82181,17227,64145,88119,64134,42222,65471,63452,59074,14346,57664,80661,67073,64301,59453,22348,02206,24289,61436,85273,80773,26021,50177,64340,18234,26125,63115,71502,59629,42040,52140,72170,77139,52206,84057,14238,02532,55530,84151,66150,80522,25442,31560,32023,76493,01378,60376,72053,59093,30059,06018,88433,44126,63146,52214,55536,14748,32342,03196,11028,38003,89443,58156,25217,33465,22227,24340,39337,47029,78327,79271,27487,45101,34314,70340,88531,36147,60524,59565,47095,28310,29156,57106,11149,72061,10103,50058,76132,57605,02543,62071,14698,51389,86133,28247,54441,22086,91175,86274,54007,73175,80708,30344,64010,45198,58018,33458,37098,65460,41223,60695,46129,84143,59596,90100,03289,53172,14327,72310,89083,81239,24245,61456,21253,39088,18112,07308,65034,86242,32315,59357,2B346,76210,68074,19242,85169,04049,39350,01024,48146,43267,57417,57453,67183,22282,12281,65470,59613,26300,60024,60280,80320,77046,52121,61386,08425,02090,45028,65118,69383,08459,08206,64374,80391,97356,31105,62396,42251,49291,22310,53009,70026,59610,27233,54314,18006,52183,83019,63297,12108,25318,88122,70427,21246,83003,31065,14627,39055,65274,14257,26182,03086,76316,09065,40134,64206,03237,35363,87059,89452,30073,52423,56213,07128,67425,83146,46195,51193,57383,88035,19272,13056,57673,12195,76288,47164,63067,23234,05153,70537,89345,41245,29217,01035,10300,04190,88005,32202,54081,87032,62015,85238,73050,65184,08356,81079,55071,58109,22036,03172,58287,03080,60461,29257,46188,74261,60654,87041,57419,80821,80432,76678,80154,86197,17063,63462,11437,76748,47019,57668,66126,22221,14719,33105,60262,92009,64445,18208,51601,34202,55106,91359,65435,55300,65273,73298,87051,52142,57160,77296,85140,22380,56056,43157,08130,52425,34097,45085,71459,62755,31018,02451,35013,60240,71462,85196,73154,22346,63382,10421,38053,32164,29123,33519,02288,62345,50096,31244,18121,32311,97406,27579,02100,17265,16155,78082,22343,55159,51045,04233,62120,85290,59433,85031,25555,39014,97423,21041,65371,07117,74117,31497,60020,11166,71464,23219,24383,21089,61401,2B025,80104,54573,09241,62322,80222,07257,58279,55346,68088,80533,29141,56231,63249,35275,76395,39078,35046,27538,83064,46192,32366,88370,79343,85153,62572,34054,63444,71030,14311,58099,09210,81255,24493,51560,22026,2B256,88311,25511,63309,61229,50326,46330,63351,76502,25213,60177,16116,54192,72349,69060,64500,68235,54061,91377,27597,82119,84122,24030,57669,64439,80129,24425,28352,39049,34040,73267,58089,46097,09096,31393,89277,10330,83068,01106,72169,27399,80659,19253,25537,69039,70380,72218,29206,38104,68376,91179,57036,71297,48173,89126,54153,63128,50492,31385,33354,80246,35347,07045,41004,59432,55199,56030,76573,07088,28126,03028,66096,76112,12187,71523,18223,27534,21211,56117,42069,84124,42001,10012,67495,01295,14034,88006,35307,65090,45052,03071,16212,80424,60331,55382,39108,55555,68122,61111,11048,08277,33293,81210,21207,70083,46002,57566,47151,09205,59336,64188,55340,53117,78564,31571,71362,51547,61444,64161,90067,36182,21030,16162,91630,27198,45168,04220,65481,58227,71342,89274,60403,68106,56123,57152,41207,84028,33504,59126,38291,26019,32382,08363,31400,64067,82008,52378,10174,03320,48054,59410,27246,47230,84146,31117,80628,10163,57099,69190,59576,73179,19035,67161,15049,33336,76574,76032,76330,39223,51392,84121,62505,46117,80249,59159,11112,59541,60632,25183,08351,47045,80779,21293,01383,34280,57544,24243,62699,86226,91044,80279,27660,86029,14645,46160,58069,66190,30310,48001,51582,35345,59549,38265,58039,64272,27483,64137,73048,52316,68045,88128,49278,39288,02610,45183,81040,48004,03027,61139,57379,86138,82124,21663,80520,60247,10118,62427,31071,12263,25104,33407,89249,11364,30231,86014,02492,86084,65344,45180,57169,88442,72040,21555,23127,55188,71275,34207,91085,80679,76173,11139,61369,11122,17423,51229,07134,50253,62208,44105,33232,30023,31265,50448,71220,76451,28094,11119,66029,70378,58174,51043,03183,10287,48158,30106,02726,08465,68308,65129,88248,57289,08142,28065,06080,80237,69203,15154,53125,09082,01031,57395,03314,52375,62571,88132,42060,55495,59514,12153,50521,60325,67009,16396,59405,42039,52307,09102,61300,69035,30314,73285,57712,51393,54173,34016,46273,04200,43038,10123,47026,45088,71256,67552,88259,80352,55035,83048,10082,11173,59390,79329,32221,08235,40038,45126,17328,10433,52267,25393,50078,22119,76118,2B260,54195,15244,14248,45064,57679,67130,12023,80598,12013,31157,15124,67081,10230,52199,39245,07094,89332,18081,34120,77044,65149,71144,51646,55242,27375,72103,07066,10136,87056,40001,38394,11360,18126,56090,26319,72125,19222,60178,84055,82062,41002,08075,01165,25395,57219,89227,63414,31097,24084,76036,42320,11380,18030,77410,09071,64377,89228,55239,80664,24356,33312,09039,88512,31467,54379,53212,56100,15123,71166,80780,49200,77229,62504,31112,03156,05046,12208,22279,70137,11133,59567,83107,62679,38383,89146,68373,02286,07331,18053,14272,12239,85293,62851,89035,14546,12113,45098,03061,02123,25357,64018,30300,88153,59637,68021,10333,45222,29007,51252,30113,04142,02628,38179,11303,26296,16171,27615,58094,21572,11177,09171,59315,65009,61260,62889,25040,56249,39253,51595,14198,13013,60554,43208,02357,10270,71423,74258,25562,52161,47256,52034,38562,51152,30202,10142,83083,65389,59436,58108,72144,36128,21327,81151,23002,62833,62682,70328,41039,28123,17145,21162,39262,61020,63441,89134,69130,63288,67347,28109,51057,18272,37178,46262,17380,43098,26173,69118,62615,08077,40325,35240,65455,80481,60260,68104,35263,55562,19057,21132,30104,02099,62562,28330,15108,59469,77120,09106,2B246,60648,26055,91122,38479,79267,31532,31281,52019,18225,64418,10104,83022,67371,81209,17321,02707,60702,73023,61014,88330,35305,42328,88434,35111,26079,29142,86011,60411,27464,67359,52376,13031,69012,59620,62789,2B225,31107,09292,31139,01174,59374,01364,62677,08398,22013,83111,02766,52401,38324,29036,07103,76129,25235,16026,77431,45006,77523,55399,33150,11206,40270,66141,70494,78233,81187,76204,50312,59632,33049,03111,89438,19102,74288,88412,65218,11316,52095,48055,54600,76570,41233,58025,85268,77440,22148,02545,31261,69293,82024,64193,25462,62655,63060,51420,48009,77089,83105,77298,36227,89184,76308,65197,31009,14672,57506,02091,2A322,77355,68252,91408,55570,64451,40069,86001,31384,28280,14738,12057,66137,02131,33433,39385,81287,62244,28198,89300,12258,09197,14663,65338,97230,50575,66043,80545,59260,08407,80595,71236,16157,89475,77407,88359,89268,02075,89066,68347,02283,33408,52271,11233,87015,94048,07142,89206,51576,77191,23242,01319,82147,25006,09163,70309,34062,36200,43230,57270,77156,57359,39039,73069,33449,08460,64233,2A259,47242,64143,65375,39139,02761,64258,49171,87164,32002,65290,62175,16353,67046,69050,76303,59271,22150,65405,82035,21408,15118,54217,29132,57168,60106,18198,62474,38358,55033,14657,67218,39451,59137,25219,27363,04140,32199,70268,59341,31500,17348,41107,19231,11268,76052,68355,21640,74168,82194,80400,59285,54110,07284,79040,24062,14679,49058,10400,70358,55545,60434,43197,10033,34189,82048,08316,93031,55142,15087,35164,23158,83118,71252,38159,80378,19261,70007,76087,09166,89441,60495,60303,63245,13003,18068,55049,2B143,02188,06140,28425,70533,54428,68215,13205,50215,62822,64174,90010,22212,30246,61484,63434,10363,77335,70433,17129,24102,33005,59241,62486,61265,89403,26314,10444,39272,14504,62721,57411,72197,15237,21350,39102,87150,32441,82137,08500,89049,80225,31171,37223,80655,57095,28143,12212,47141,66084,83148,2B138,57373,37166,07152,15090,27598,26212,16125,10306,34102,08055,17301,80529,50332,77128,62715,2A114,80744,80312,26183,02500,81016,34088,76265,88479,47301,21195,19280,09266,24073,54459,77424,59171,15175,62748,24009,80669,77023,18050,70224,76254,08424,78404,80754,02621,28037,79280,01329,21258,67093,77425,19196,89413,28202,52495,38494,01241,25136,61010,51014,44117,60008,28374,54408,64082,52165,46245,38213,11249,2B047,45010,02158,60122,63423,04013,60312,09214,60318,26312,04054,71529,64479,14353,86254,86248,31300,85226,11162,43040,33158,63145,45244,62478,57264,10258,86264,80082,78267,21299,62076,25256,23241,33250,33535,52539,54302,01037,02574,15222,17225,11310,28226,02801,80747,41199,19211,43048,38350,27345,31369,03239,33097,62827,29090,25470,62850,58046,42014,26007,21709,15011,77049,39237,82012,88305,71293,19166,80019,76676,60431,88465,17439,60026,64383,80807,08288,68182,51379,67001,71396,33153,32161,08251,65209,01028,54532,60064,32325,10160,41077,80037,57093,72046,57531,88083,07074,32183,64034,72005,11192,44116,59297,16011,38381,60069,55444,36217,95257,60679,73036,82061,11226,35212,44161,39081,47206,02660,88338,52480,57540,25057,62093,27034,83004,22204,62430,59604,48077,30008,41061,70416,06136,40247,59366,35199,36126,32462,38380,11367,76138,41246,64253,57271,14598,64535,29187,17429,02720,27318,33530,88206,59461,71526,07136,77222,91457,03321,89202,24165,46284,02768,65086,05130,51585,50052,54174,28392,52452,42002,08090,43116,89105,81059,55398,71259,14622,02020,65476,61275,90058,47160,30119,15103,90049,66067,08411,37187,17073,17344,32467,04068,14626,55107,21287,39573,2B058,40034,51181,09186,11345,32119,72057,02477,14527,10018,42092,57228,2B005,46279,87200,59080,73098,15105,59307,08133,70236,65398,38387,32364,51610,68126,55326,50376,51557,47286,88230,46055,54177,82191,62156,05026,33447,25249,29051,62106,56164,68377,71199,16020,70555,39336,50556,02792,59293,19058,2B009,52500,70367,25371,52045,01281,29099,21252,51295,76718,39568,52157,80786,33355,62192,64101,91469,33478,67471,79189,76230,45146,46257,08121,60668,38232,51550,63098,67404,69097,53170,56205,89029,15001,79005,02529,62650,54256,03181,34147,16088,08342,57569,54026,60290,76681,55246,65262,81298,60029,15130,52093,59261,63051,23119,79001,70404,59326,57468,95074,02299,02103,51484,29234,45320,59546,68078,25300,16398,51442,64218,73282,60616,55263,55462,74127,46127,95328,60045,58004,89369,52243,25285,54483,74170,74198,51191,74076,51574,18252,10098,31526,38047,22256,59337,40274,88276,04027,33418,63073,52503,85198,35315,91041,02516,60561,58053,25401,87001,43220,77221,56202,14461,62587,21537,80103,43244,22283,64056,46010,29075,62201,10178,17155,33384,39497,17127,68356,29041,43265,37052,09152,21459,89124,49002,71089,62823,59381,77528,82139,54129,16195,21592,31345,57052,62161,71218,63167,15269,47100,27511,08039,65035,57309,42031,76383,08115,77512,51433,72299,30266,76741,09158,48079,74029,38288,80048,03103,04067,27106,10049,12037,02497,09225,57456,15012,25308,51124,67315,63126,49339,76548,63430,40126,07192,69212,62115,50596,25088,79197,52326,65297,61070,25572,55299,43067,10095,77163,65284,08214,72356,34315,38144,09284,25392,44138,72257,88183,24064,37216,65198,26172,71562,25378,85178,07280,60077,94016,82150,28055,52348,57656,43103,35219,48002,62638,29288,16197,28189,08372,61143,76023,76293,31241,88194,33309,72145,66034,27577,69261,19128,73254,32301,27397,54249,08449,63335,54144,69269,08180,55097,25499,52064,16213,62693,51122,22308,42123,12033,05107,13203,74071,58070,58200,32403,27569,46241,57541,56238,14134,33405,57159,11148,73201,02667,35157,73022,02704,27610,08431,64423,33482,32336,27241,19143,03138,21170,35325,36207,66130,2A278,65062,02175,77383,02636,38285,55358,88477,32230,33144,76647,57661,60253,41229,30162,31161,71103,2B307,27171,45185,25147,46215,46074,62252,03062,68076,17286,34091,75103,74190,26242,67177,60650,10081,23042,26232,38332,66040,88190,14334,88149,10146,39330,19036,39066,85144,76270,24232,14408,13074,2B221,50639,83149,84074,59603,28322,11007,21227,45083,41251,08211,67309,23054,88481,37116,78124,08176,71363,51500,63269,2B355,62888,89010,29131,80302,47103,57198,97210,62864,88044,59206,57044,28353,03130,54060,56053,32451,82081,30016,92047,74208,76062,28169,24163,58176,10348,68213,26013,2A266,59178,23262,11205,80793,59394,40184,30285,31061,57441,70022,60629,80525,38091,41063,63161,32085,11167,24471,31144,78624,42247,88318,02152,66033,2B123,89346,64062,03214,21407,35222,76377,59568,01386,60161,76304,08085,80604,26196,77075,03281,42101,11198,17081,75115,57697,64313,10302,57201,80582,33529,47058,41259,02210,22024,54391,52208,34235,50562,21270,76480,81266,57602,57410,76535,47047,32051,89183,14512,63392,18287,01362,74065,76251,81165,2B162,09325,02488,43232,60009,89303,30097,21313,71213,51581,29074,09013,02327,24559,17070,62899,02386,62002,2B007,47131,01072,13102,60508,47154,10210,44187,52301,28414,09016,70098,85086,81071,79120,88524,54534,12060,66117,60351,64314,02495,03077,47290,26138,55215,14329,88140,65189,35174,24519,40096,2B226,78220,43075,63442,67531,38074,80618,65336,81258,91103,88242,17050,79161,51410,45263,88324,73138,62392,13052,2B219,66201,65448,51007,82067,80062,73245,26063,74160,62483,61227,76069,29183,71151,71248,80285,35093,01261,81308,72374,39130,57006,38515,25022,40047,73329,91272,21187,59420,30289,77181,86077,64065,26003,59665,59396,35309,81077,14258,25349,62379,74041,52433,41074,30273,60472,88202,14759,56159,83085,25491,02111,38157,27210,65068,66161,09075,80697,52204,09046,62671,52534,80216,25582,24153,34161,50531,91145,17302,18031,16181,59270,80268,02717,01448,38198,95316,80326,12303,55487,02265,40187,93079,36171,16209,26152,74044,71341,52163,24146,40275,67050,2A048,74035,74105,54358,37192,19283,65097,63260,02736,21312,59168,34344,83042,67468,95144,65243,08397,89131,32140,87011,06107,76744,37155,37212,30271,21636,17069,01305,89205,26382,28260,50413,91479,58228,85012,60562,51444,40209,39271,71119,24313,76172,68103,34051,38524,03128,42307,80741,54137,80474,57314,80146,70060,68183,85211,71430,40074,2A269,37233,10224,35255,16423,67108,56165,33307,16178,25122,14280,80114,22106,05146,55080,38535,50321,62810,57601,15028,54579,76474,91225,80381,53276,47246,53079,07169,88249,02043,34082,40213,24194,14390,07186,76622,63220,14400,69198,77202,69258,64138,51262,19098,65103,38388,43088,36239,06096,31537,14716,15052,25510,60534,76688,53211,80362,72275,03060,70219,56040,21480,63340,60007,54398,38492,25607,77111,57476,52074,25389,16005,16390,79283,77332,86118,60449,66049,88186,64075,19181,28268,76567,62258,79130,14358,08339,76556,89328,51132,62508,11323,27095,67076,23083,95428,80558,84067,38226,47090,90088,63154,32279,76228,89382,35017,22045,39042,69134,38237,69153,54436,36212,11290,57678,49378,67121,65091,30135,50462,09066,82088,65333,95141,84076,26352,35283,33260,52543,70077,47089,08210,08202,97232,28036,24491,12154,2B069,32438,22316,72243,76263,08466,37147,44220,89223,61100,80694,69160,77354,76669,36138,60582,08477,08215,21427,69287,52453,79084,85066,77016,80135,54435,60421,45110,24546,35035,16221,77377,51409,24236,09042,77137,02728,70155,17209,2B210,76656,80144,01193,60216,65099,64525,26052,35181,88427,76716,02004,79281,62747,80733,57687,35205,38540,54140,10177,54324,57097,27065,55514,25541,66182,55168,01111,24188,86128,25254,62544,62713,70089,02076,59641,31521,62099,51293,80006,02517,80307,41008,77356,38001,68093,52001,32465,76378,17190,40229,51136,38186,88365,2B149,11159,62579,19264,07232,67274,51051,67234,35277,21581,18286,41041,23063,65073,86275,59389,77100,78290,71155,36244,71181,54378,41085,26169,97424,64103,76171,30299,79127,14530,72142,77306,42192,62158,38155,67105,13066,74140,47281,53126,87016,60614,05095,47007,85126,62104,24331,65447,01053,44193,73220,62374,33468,30325,17402,33300,63206,64427,07080,92072,49292,88521,54237,80354,19093,77462,27694,57205,08139,38132,24336,62096,85245,61492,27548,39470,62003,17118,35262,60680,27698,59273,40138,95572,35184,55117,35107,12267,67104,30220,27139,77521,01051,02398,37010,25112,56141,31352,59244,26166,55261,28265,70127,25012,34117,95151,33511,39574,27641,73131,56234,62082,60093,97105,09148,16042,03185,78194,16203,41140,42048,91156,73197,79091,76582,43070,67333,88297,57348,74036,32406,65038,80428,29064,54148,62056,72372,88145,31132,2A065,40242,59237,77047,53151,71534,46187,12102,57360,88224,32058,65004,14088,77076,80017,64236,54046,10208,72379,24396,25189,54518,77451,45345,26128,70353,32313,71411,21094,12264,42274,22257,65037,67151,36148,28102,18261,16413,27033,66006,70531,65324,42206,41058,29163,31465,27631,63273,76757,89479,19286,77258,72146,36139,33193,42012,54016,77008,2B251,11184,73106,77367,57048,07197,78030,27213,95563,58203,62327,39342,06119,58271,70348,24096,43145,27019,68127,77281,90045,80719,85033,51088,31166,08370,34216,47129,56191,08182,31090,54286,21464,29061,51341,35014,23246,54111,32395,66022,2B350,03076,62297,71533,88288,54377,56201,02561,62512,71278,41136,21150,59202,27289,38090,23021,28075,65211,59507,95054,59508,68371,19068,36113,65426,2A270,08034,95139,58163,71016,42290,42185,18020,89212,95301,10077,33178,11246,89287,70003,62728,82167,38386,88125,80201,12034,72342,77034,88372,12157,67131,89331,69136,89071,14619,07063,59257,11136,38163,55102,34303,15056,36132,52125,91148,70504,26035,78311,28426,85022,2B059,24115,86234,38018,15243,58010,80635,59015,41103,60459,42102,22152,06111,63116,85264,03145,63387,89033,24029,02289,80123,59666,14322,06124,34166,21387,78224,61077,32162,61487,27226,57636,46032,80292,25024,26378,50200,57488,47191,78531,49155,67451,17258,07240,83054,55581,62028,74030,14150,14006,40268,51299,45113,41022,76253,47252,17153,86018,76271,21363,69181,42199,11014,54240,64321,62081,74259,25181,14630,08249,44113,70064,08110,55371,80550,43034,65381,31489,79088,62386,54091,62184,17180,41206,65384,09136,71105,55474,64389,32292,73001,48137,89012,82083,90082,79294,66185,73183,03274,34144,48130,41046,36076,21374,02429,49064,80139,91137,35159,80205,32139,89200,60550,59427,27199,51590,16369,33446,27682,56209,39058,31472,78368,2B050,80155,13213,59284,04164,80466,50519,12215,71372,23145,65191,2A130,14183,73162,31042,69215,77403,38277,64073,47054,63301,67067,33089,87093,60578,30168,91106,72249,52220,35194,79123,16281,76467,05016,56236,64287,66172,67306,48152,47132,80207,19248,32134,93049,55463,69149,45130,30153,73248,21070,53256,52284,38527,69184,57320,30151,38378,70031,07037,62369,09187,46209,63193,65459,34168,57390,16015,02554,02240,80044,52101,55470,91248,85076,82052,16285,59667,09260,74155,44028,85014,68234,35306,09300,66079,10272,61145,21339,53246,2B344,09089,54005,42077,69163,14281,27617,2B263,86053,58083,27177,32323,44049,71406,23013,16131,97101,31390,77262,69385,29021,36153,71524,40240,81178,31094,90009,94071,63285,31342,25244,27477,54583,53160,28001,59299,05179,35294,62496,57208,51322,02350,93050,73286,60665,67448,02095,15225,60006,86290,89335,73156,51487,23077,49326,07161,77243,16316,62598,80606,12003,12161,38286,56124,88505,21686,57176,58044,59358,57505,33360,46049,60522,56186,01399,80360,54541,50423,55465,30234,77087,24225,47171,60267,81199,22069,51524,51649,81198,52179,89209,52416,66030,66027,38066,70132,16008,39514,02571,70001,55403,56020,32418,28028,60663,52429,59016,58093,51415,25618,72341,03310,77198,37262,62370,89102,77015,51070,15234,01127,57338,36225,56036,86061,68357,39010,18134,02179,21633,10023,55082,43253,32387,51212,85070,61498,51378,40117,40110,81020,40137,09138,87034,70010,58098,97103,54493,64085,48032,51545,12011,11259,52336,10155,97221,12017,38416,50059,76414,80540,53114,33480,21126,23157,17003,79025,47309,88468,22340,95491,31159,02048,79077,70499,59480,73119,01232,28177,68034,30086,58097,46116,04211,37256,76175,53059,33108,01317,24429,76198,51242,02615,62564,23059,08065,40224,49373,65014,77183,84045,63393,51634,10079,68358,76084,02369,18128,35143,50563,57162,28167,29094,07018,71453,63036,63284,59573,40199,17183,83012,42231,39378,39111,70028,76309,57345,59557,04175,42221,2B319,77150,65360,51377,52056,71237,19119,79090,88499,90060,54416,26344,52353,69155,89181,48097,31126,65469,49359,01376,61095,46119,24487,76357,64444,28364,89325,79158,60323,51196,47107,31437,65418,36087,76495,67051,50038,19130,32350,57643,16079,46338,02565,85018,35196,11019,55414,47235,80453,68158,08291,67320,87204,16107,51535,55457,70579,32226,42097,76029,33404,34254,38059,72050,80387,80755,16139,57634,67245,46031,88126,56070,47105,25094,38531,77061,13078,41037,76489,79270,51270,60379,74090,33040,26262,43138,37158,25458,19052,34328,25232,89313,59494,01398,02238,45158,47155,12103,64345,62145,24565,77466,80015,46310,86006,36223,55050,40307,73253,55076,25036,01272,57535,78236,59622,27593,81173,46332,51246,55381,31082,63004,70159,51498,79276,64534,68232,41177,60055,77312,21472,56087,19141,79079,65406,89095,93064,07228,31235,60686,24098,08322,2A117,63458,02391,90020,44134,18281,71057,69087,02478,45107,10364,77449,17366,31193,76434,01447,12294,46004,60142,30156,58251,80241,2B190,91687,31482,66056,16099,28331,02057,2B250,35264,02723,62897,43141,04045,80133,60369,83090,57483,45115,60444,22366,33124,34222,16370,30057,77376,15070,40227,81053,61124,28187,12269,77040,24010,08278,26379,25443,69168,79153,18022,62351,80283,32146,35355,46113,35224,31129,21431,38211,40041,38438,05164,62407,19050,83025,41231,02765,01365,05058,25331,70063,27440,02272,12022,15208,11204,66204,24212,32081,71552,38445,73071,57648,59125,14110,81022,02484,42257,22328,86271,55207,30248,76338,68064,80240,81135,21033,78036,17464,27412,34055,54330,57560,33314,70400,02600,39571,71407,84024,08501,68327,50036,65039,11292,12174,91215,49080,56019,55472,83115,52274,48111,57653,64094,51563,76755,87081,81244,57749,03002,18116,25627,26269,25287,79013,09195,76569,28134,38448,07305,57698,71187,21323,28383,10419,65335,32114,64362,02745,01332,51055,22049,27334,32396,50647,65343,55226,02354,24432,91473,58128,54069,15013,45285,03191,41129,40023,76438,62094,17061,91390,62877,64465,86135,97134,01285,44142,64095,24458,51022,47036,28248,32333,85158,80365,17002,15218,18240,13114,29167,43264,86047,39367,24301,67004,50443,80078,29110,68284,76048,71007,71025,87119,33321,2B167,97307,01233,76162,33509,39449,76533,62321,42036,77294,11175,62826,21477,01194,27035,80342,43073,83039,36107,34145,04079,68016,32352,63104,11266,80769,10168,28122,51107,76630,29263,59560,38431,54299,39349,67173,79129,66227,38244,43206,51502,62546,74091,81235,73164,46017,05151,71382,05087,36112,02468,12055,32075,70277,11308,47015,19168,26047,02523,31492,47147,46060,50336,34237,68336,39397,14557,80410,14713,10283,46088,57393,25253,19017,32262,86225,88331,26054,24244,10135,78077,02486,02139,78264,33330,57576,61263,11013,85146,34240,81051,68279,54255,10109,59036,80563,17242,10440,73121,21143,76281,60681,56084,26085,60353,88240,02341,51238,55085,33537,74283,56223,33050,08487,37024,16325,04159,29053,91412,12065,62767,41097,22377,11060,61394,72085,91519,21383,2B084,38294,41228,91374,46086,38199,77021,80336,34194,34025,71360,74171,08444,32019,41164,63111,59660,45226,62455,72358,39219,31200,24488,61007,29017,02049,25436,54139,76512,68038,58223,08200,70573,15223,25563,02101,15045,53261,66055,51222,52449,77345,16252,85210,17451,33419,39206,47101,58142,71270,62012,11037,95181,80234,64353,82017,57362,39079,22128,65332,19210,88523,30176,30296,48171,77303,2B116,57220,28319,31188,19139,60401,02687,76318,59311,62180,02097,29034,67214,67239,04183,67134,54589,24364,81247,37269,55192,65222,11138,52421,01069,08334,60127,51164,56066,64292,63105,07069,80196,61076,62422,64274,41120,11256,26346,59175,48039,38147,95365,37280,37248,52013,58301,12018,74296,49288,59047,02744,90051,11051,2A253,41168,52438,80211,80105,74153,38345,48036,70008,57166,76063,56243,06013,22207,38087,80149,65225,80324,70187,21685,64260,38325,70480,90103,14378,66001,68344,19262,17390,63022,21651,82117,63042,33464,55518,33220,55298,65170,71245,37243,59619,28039,64342,76297,62187,67123,60592,67541,10105,46227,41179,86079,82163,95348,29298,27481,17353,51228,01058,47010,2B214,50471,54538,64032,88366,30081,28072,50084,10090,32091,39339,38391,36208,69157,38146,55268,11369,59535,50304,71174,21052,09306,60452,83129,41222,50629,33177,68147,42302,36166,81032,39061,09169,21501,22063,80029,2B043,23261,05170,82086,70254,16132,10284,89360,87188,72246,14179,14640,91111,59649,08169,88343,33492,63348,97113,30092,29196,16399,97202,91411,43112,31416,78343,34053,34042,11363,28363,74179,34031,60238,25514,70542,52362,27291,64237,70413,65354,28242,66128,07234,13007,39401,32125,28261,90030,62234,66088,79029,13080,04005,56167,17111,65012,74225,23101,63038,78407,66199,32362,16361,71554,60321,71527,68191,31282,70221,2A094,84009,46191,07157,11069,52175,31373,08196,80682,62350,54025,24027,38240,10070,11300,53040,89404,21050,51597,09057,26115,69071,65070,31487,97120,55208,38039,66046,16283,2B245,64344,17448,48085,78072,39070,26146,40310,24324,18125,08430,63207,34271,59177,33062,17394,12179,17417,81271,17444,78681,71203,27251,62338,44148,16404,28071,53069,10200,88086,07295,64183,15176,33113,21502,70459,80710,35079,95489,81048,56118,93015,08205,13211,43261,44136,39305,24415,45237,11045,77068,60130,86076,24466,33076,83036,11195,49381,02260,31232,53101,51537,62574,31434,37083,48139,13054,05160,28344,18035,08122,19256,32285,11270,45206,81252,61225,59608,87100,35151,49100,34221,03220,62032,06037,90055,60551,57368,85080,69110,64386,32073,60504,80138,23123,18177,48103,74067,29100,62751,10411,2B148,04007,27525,83023,29248,25214,54241,48030,26028,39463,11420,63256,40058,89173,58103,24247,50042,15113,71065,66089,71067,51660,27277,28209,50275,62398,31299,14137,53041,31457,33296,26020,12249,57262,97358,32286,11152,09233,62200,69143,16227,29213,85089,28397,28254,89044,27018,08468,54519,65138,68039,24175,47249,71505,03096,60469,64255,59118,70076,31285,59353,31099,88143,67113,32155,33007,55110,53086,82001,67242,62797,80688,62179,77214,76223,40077,15142,67520,16047,78418,02563,39324,59116,56263,51104,51182,59282,45289,04042,39017,62262,17343,10097,27258,34308,39366,70120,23011,80458,02455,67031,40139,32429,37177,27017,31319,19086,15220,89036,10229,63435,51452,33334,37175,02499,54224,11072,10138,70462,14559,27590,52273,19173,39247,12029,83078,71074,30065,56060,41275,47152,17468,18115,67107,94015,37108,63346,2B107,54427,34234,50552,35299,27042,02411,14449,12021,27046,53234,44146,62311,70095,71036,53042,15268,77072,55568,24392,46295,05159,11088,58155,25192,89461,24230,07258,38303,42017,57008,46340,14024,60386,59324,68134,32231,38029,77193,46219,54056,51243,44172,80553,63372,88008,50239,77030,51291,08384,65024,89446,89130,40043,62203,42116,10328,34282,35288,22008,81224,41142,70469,14375,16057,11296,84015,81126,72044,06046,88172,63024,80438,60075,71222,57179,91293,71164,62077,72089,87053,55041,17478,25176,24040,59428,27247,57764,24161,89423,24113,52359,64098,38034,11158,39520,43072,86175,13201,67453,42242,33514,25283,79103,01244,07276,02809,62669,57732,68025,09130,71158,51172,54329,17080,25186,31210,42038,39086,50537,53082,55084,25481,62171,47124,86073,24462,30101,62016,33505,60428,62881,57502,47005,59139,33190,21346,64155,60693,50463,91021,07307,29125,2A351,25279,91204,37200,19134,30214,71101,50467,35012,04143,17270,82168,63401,74109,46026,21093,03133,14007,27230,70239,80798,44029,17243,43087,02270,67331,27335,36154,94054,72152,35272,31496,95051,29290,42098,35242,12244,23227,15119,52244,42236,42131,80282,61421,07267,2A024,71436,02501,80187,51079,38432,90017,45249,10360,05081,71281,66203,06087,08323,32040,26107,08101,55410,21178,36130,58296,39551,18170,72190,23075,52124,02119,39147,88301,21535,70564,71519,2A001,21384,50495,80770,52275,52113,32455,39460,80038,51325,10151,71001,48150,43037,18259,32358,63268,63457,78608,37266,23208,60052,95088,44119,57581,77227,41109,38335,88012,64559,85105,15004,38238,59539,36020,27433,70540,90093,93051,31051,08313,79008,60243,37132,86022,89141,72235,38133,25326,27112,80164,73052,39154,64484,60150,78168,25434,68368,2A300,41282,68365,58188,50129,52347,27602,41146,31545,51095,01411,86239,55134,28090,86227,76401,70360,71006,60308,01382,89034,41084,60671,30243,65249,46069,78644,28047,51483,63446,27486,76008,56017,16146,16269,28176,64405,83069,02190,77438,09014,66151,33233,43250,51141,23095,45322,11064,77388,76060,14528,17447,24371,70040,32200,70395,77341,14124,02731,19159,38417,03059,42118,12286,09330,89329,56264,06131,61331,51336,77304,25163,47092,27315,70056,72147,42289,77005,25198,44095,30267,84129,67353,66165,62183,51027,15169,64317,04122,89014,70376,21378,64448,69124,39024,51324,77131,45096,93008,88356,73274,55100,57053,24032,21276,47110,78006,41235,51265,88257,59250,35177,10367,80310,54038,85001,63142,36248,18010,24209,77197,81044,27015,76273,49220,21652,57027,62642,90057,72031,37167,50571,50029,05071,38365,21469,01034,10231,68354,11339,41057,27504,69004,27002,68083,08331,80645,64117,40020,89163,24207,82166,11169,15092,52384,59204,76541,08306,57231,05135,59087,63240,33333,52510,22331,44214,80191,24587,62236,33086,60587,52290,54569,01175,32029,15060,2B112,57537,28309,62477,57137,26341,72362,57381,47062,66037,01408,83104,08044,06117,31121,27442,51429,16070,95582,62130,89327,78013,28421,30245,10238,54205,50577,01041,13034,02599,12049,16338,82073,77235,83020,58051,70088,33253,37031,51572,70525,09051,76289,21064,88011,69386,63151,10298,03304,18285,56197,16204,03179,55023,73072,32101,02506,93073,10128,07191,26279,01129,50511,61266,57532,61322,55400,51511,50412,79196,38077,39188,55433,77031,24581,66094,51071,81127,55386,60217,16240,70211,65361,24460,61152,76320,84016,29178,34038,70291,88054,21072,10194,21632,71509,23130,65126,52099,15083,61429,33303,76141,73308,31248,31343,63119,26174,95637,21546,37001,44026,69250,08128,68089,60466,91274,51305,47035,80407,40221,73029,72382,10388,46255,50517,30037,02080,08014,50419,80657,12134,88124,02791,65125,70541,26154,21304,42205,71148,58135,46263,29025,13006,45256,09206,21239,58078,39575,76442,80774,47318,08361,52023,16286,26081,31550,30242,39392,53094,52486,59072,89320,81137,27425,40148,84128,02469,2B170,09331,76571,53103,55535,88017,04091,52511,52127,33299,53156,04174,43132,25172,76197,51602,09268,33019,12062,45298,68131,73109,58275,40039,51137,60440,57405,76473,12250,36169,71145,09316,78164,79246,50523,74139,05045,94001,16095,27431,45326,32055,02039,09024,51329,2B168,47214,53193,54593,53181,38197,11042,64121,26235,11061,51656,01390,23254,35135,25173,14042,50518,54537,47312,12242,66047,78397,91180,45214,61117,80787,03146,82076,26380,43015,56008,19024,23033,22040,08436,81146,71431,17481,59009,59607,24554,01049,80406,77133,07188,87162,57019,76462,50576,31083,15163,67202,74049,71066,72054,54022,65046,55394,80467,08262,33457,47135,32184,17408,61021,21716,02623,33109,39280,80194,59170,56071,48073,47121,95355,61088,24339,65055,01274,39121,61319,06138,25082,38011,70374,89333,31506,14146,25341,77526,51192,33171,33185,68322,35282,33278,54270,81121,58205,66196,25220,80417,80801,81168,76468,33541,63318,65082,16419,60445,58150,08124,06156,22153,83154,50197,57464,88373,10334,76099,93047,59189,03197,74074,45154,14194,24572,28191,38284,15042,70151,55200,21711,02763,24293,64028,63292,28166,70350,57366,63163,19172,50389,25050,65267,57175,95026,32056,82057,14665,21688,25611,89199,61269,01323,66041,94059,16412,70407,21351,80415,80079,64485,39274,55211,58081,02813,16320,87106,73113,14180,39501,62284,64558,59474,68230,35001,85194,39227,74043,82160,27627,19034,15007,31021,56120,06034,70474,49070,57230,77245,80668,14734,68168,67066,57639,59212,09178,25266,50193,24052,62697,62788,60596,76682,31556,38190,68102,08454,26140,08026,15131,36095,52040,11105,11150,46144,51603,76390,26068,77359,81138,17218,35278,64510,45294,76373,80357,88451,59578,48007,85286,17282,59321,68311,67525,46012,82014,09070,02685,33053,45134,33152,67321,40246,55423,31464,69032,84117,36146,70023,62661,37219,08062,08492,26149,38160,72006,83015,15036,21544,43171,62433,51249,26245,25424,21717,78478,38175,62084,47012,53068,32190,80785,24558,16164,43203,38092,47046,2A160,02524,36058,86249,66233,01371,07325,55216,40006,02198,80408,35183,59274,29059,64471,51008,30228,66132,60272,62196,27455,26227,78423,31435,12090,12266,32447,32408,46220,68251,79350,38331,03268,16312,52405,86040,03132,55559,04107,19161,60427,51061,57657,01325,77174,64203,47193,27521,72096,37224,27463,02642,55526,88508,2B230,08027,74262,50142,31474,29256,38099,54058,18172,90090,55449,33553,38106,32374,62458,80351,25336,60634,60249,33525,66168,51301,57117,62709,68010,25508,50365,06078,06150,77417,32217,08433,59021,89092,35122,37202,22244,67186,25175,62902,33015,01157,56001,63305,38453,45217,80219,85181,07077,07151,90077,38283,35357,16122,09143,55104,17407,47099,15201,70188,57246,25476,61389,89341,60086,21516,33291,38098,59013,72115,17213,58130,62454,95592,54499,16012,62406,88367,27434,70054,59634,71285,87203,37261,66123,60144,24540,03102,72220,81122,79156,77144,03098,54120,03305,69285,65394,49367,55201,38292,49135,57465,07118,21128,21137,69246,50198,17174,35025,64399,81284,22095,21514,55452,30189,69183,19179,11020,64027,62204,25612,21272,02385,07002,78140,50151,59018,62498,04189,39557,54362,07051,74306,54485,07314,25201,48190,42312,29243,16415,51158,73230,88243,63232,24133,24273,52038,14370,23258,28051,04194,76212,02555,45234,52457,88223,55096,82072,25210,52051,72238,2B224,59140,14531,10026,24285,44031,88459,61029,24076,44196,65445,74242,33104,58221,38022,25561,45272,87147,18005,26337,29097,02267,34048,95197,02236,60203,47208,28300,50026,02798,35070,36137,44137,30077,77085,77088,65383,10162,25164,73020,43043,55482,07293,66125,02262,51514,04095,24126,33263,21243,01196,59499,60334,27180,68207,32042,03174,77318,71003,54187,66050,25359,53175,02177,57752,33436,27460,72075,62018,21134,25030,71039,68066,63234,30123,13101,05047,71351,07036,62220,21562,34012,34019,67324,76117,44211,50144,90004,62087,79118,17310,27576,65452,74302,14367,31289,23141,76190,76194,53154,11100,56122,86160,45178,77265,61026,85220,33507,02579,76620,60441,12184,54318,22030,09064,77080,83002,62413,2A232,36106,57072,52360,37246,22146,85111,21634,64126,77402,11294,24051,16018,76699,91593,2A056,43147,68121,33389,80805,64472,10094,71228,51470,02423,26136,89314,67475,35234,41163,82136,44165,10131,85071,21316,36047,24004,71060,41191,67147,87127,28401,07211,87089,72158,27256,84144,36203,02313,47198,74232,28395,70487,31271,67377,54040,29022,72286,77252,70192,60111,31038,19029,14448,81197,86222,32312,31392,23239,18248,22248,77390,50554,23051,82125,88015,42286,03219,62882,83065,73057,38108,91131,21177,19246,59661,26246,02490,10106,36079,56129,33151,24295,42107,08259,34015,58067,03085,32129,2B364,34247,21424,32228,73320,21160,54001,24434,48034,01036,59359,53140,22183,48027,19188,59302,25570,62490,25166,04244,36124,11227,58074,09313,10405,69017,61439,41156,56242,47048,85185,57199,15238,76638,80607,34034,08502,40330,01457,88376,63055,17244,12191,82195,24468,78647,28175,17192,32035,39184,80383,54413,64110,01145,62762,02379,17185,19121,37254,34079,2A040,38150,55067,39207,13103,52043,01263,09018,17078,50167,09110,72062,51056,76094,26317,47194,59330,56181,01415,62371,89283,58076,39502,47223,02173,58238,60319,55267,2B243,87083,34311,14078,51436,21583,84090,72112,64547,17364,76712,59079,78575,38444,2B267,67176,81290,02234,77249,62381,47264,54461,35109,74096,02759,08045,60252,73294,24137,36177,17470,74145,27349,03169,2B299,59354,34090,95628,04031,47227,55256,60458,56069,86074,40206,38509,53253,06083,58215,57284,21549,81144,26290,69021,26089,51294,89150,40085,91135,38366,80083,82028,47063,17276,16160,33221,02531,25086,31470,57177,38217,60507,46080,64201,29208,34249,08236,11436,31514,45224,89426,79310,60236,01441,10143,24577,89310,90083,06074,51370,66021,50478,14380,46114,16232,85250,62737,39400,19066,61371,41273,29260,59601,71231,21597,21069,32250,2B297,27187,81248,62402,67290,27518,21679,24213,71373,07081,76076,40118,87069,29262,77050,77300,39361,70165,27383,59210,10166,53192,23232,64153,93057,73168,39053,31290,57572,70552,48156,57546,74223,50594,37066,24043,11257,05012,67466,89221,19003,16306,21124,65044,45051,54082,57723,37103,2B095,80057,46037,62334,35040,57630,72281,01092,19234,01306,06007,06091,09184,39138,29113,02118,97231,89318,27350,25162,64390,29236,81230,69196,33366,68042,63419,37078,01368,16104,10368,14290,02038,26179,43079,21095,70085,54039,70339,72330,40228,71387,25404,30276,01247,17336,60116,62848,53036,57119,32293,09118,64385,41067,36198,73227,07185,26017,77518,10184,04088,60454,36049,11146,11009,24555,39112,13088,50347,31002,88474,10301,55344,85083,89063,26006,45209,71504,08310,39426,39051,91022,38259,58182,11134,62596,81145,63176,42239,14193,90036,50473,07190,46230,57737,80380,21704,27700,34263,25495,69209,88173,39398,62256,59017,45156,29015,02413,2B074,56021,91393,86269,67257,88399,81179,50522,24094,49306,50210,77103,64417,21645,78050,62280,25449,04059,65347,69249,78265,61138,21275,14439,08357,94074,16151,03236,38539,64438,52169,49347,51630,47306,76754,38263,2B013,23245,88386,70018,22141,33424,01170,12091,25087,27200,62793,47011,21619,94043,62313,82069,29082,89170,19276,02054,31060,43140,35086,57372,70359,10147,42160,42181,21610,52085,73114,02464,66048,64156,50541,54032,55122,10263,42120,80521,39535,60536,62871,01023,62643,19251,54080,52289,52069,25281,72102,33372,29032,31436,04120,31488,01124,03150,36229,25299,45264,55120,11394,86092,2B183,52440,33542,40167,12140,73176,19206,60046,69165,36062,64508,88260,16120,76070,01249,38363,68012,32424,01335,53152,51589,71553,33328,81019,89020,49283,66098,21009,83122,28368,16068,79135,51150,60521,71321,80570,51318,44145,62092,30211,17100,81264,19178,42035,92036,2B034,28403,43003,77529,68280,11357,41286,60703,55503,57341,27077,49188,08143,91399,84093,01280,64195,07268,42165,17004,50493,87187,89009,79124,80208,52237,35291,14197,39389,73087,59572,40315,76317,53089,31356,2B361,26261,21259,07335,21234,60145,02441,46170,80195,30324,07059,59150,21575,68330,13023,28380,31019,16049,2A144,93027,76658,63148,2A108,02608,24269,65114,32303,50076,62399,81101,37107,64431,57174,43214,17172,01012,14437,71332,14218,10318,53093,71345,83138,51199,32087,63282,02727,52456,31213,77437,64271,14005,45127,54149,55366,60176,18044,62151,76327,08020,70167,31577,50512,95323,69008,18033,10065,80646,27249,18049,21386,66111,24360,17032,27516,62838,27420,61081,29255,78506,64014,60473,25015,60207,27426,51059,27396,03008,89186,71421,76396,45300,19255,70057,27392,27469,01195,86069,59215,58047,17194,12107,01425,34065,63410,78202,87142,54365,38485,39060,51600,37193,39550,78557,69113,58302,76511,87168,18107,77078,70559,46235,36209,71120,42015,62904,84062,2B321,29049,2A014,89393,52102,15129,12043,07129,86150,77250,62573,52130,27589,71061,18284,19247,07024,51230,53271,22285,21698,50335,71142,40326,02734,51625,51496,68320,15033,15076,59303,77253,58173,24276,60585,16381,33348,21186,83088,03284,62419,12071,34150,07171,40019,62221,21371,01076,54402,01231,89089,18069,54481,57440,31431,35104,51515,27193,46013,11102,59379,27163,03143,95680,63196,28007,09159,33502,14394,84135,87199,61267,62331,59595,42249,77469,52228,57101,32070,73122,09134,58253,31368,27028,61360,72093,62325,39105,16105,08013,83086,2A022,57525,74019,87082,28183,89042,61217,70314,15057,28185,47258,02079,81321,64499,54571,34060,62451,57136,55244,86213,48153,80523,43006,01320,21542,17041,59426,08486,01108,26056,88148,79128,76385,61472,78245,29042,87131,58092,67445,63050,56188,68242,34220,31111,62063,28389,83075,41276,38561,62820,02794,49161,67112,16341,89469,53062,21696,09090,77357,51430,47113,34296,21197,65283,85280,14009,46108,87028,11325,56225,39255,33416,54031,70036,26097,32203,04171,02399,24234,2B227,10387,67077,08144,56157,11194,25411,27267,22182,76380,57612,42280,77427,63406,77321,39290,36219,81228,21099,07173,05004,50626,49362,59657,23203,78117,67287,45040,59113,59606,80435,08099,67412,80812,18269,02569,37060,76176,50208,70317,77093,33510,47189,06041,38343,12009,63010,86087,31338,09080,08346,90007,52076,45170,38308,31364,68194,24144,05061,61390,58217,26065,64519,11263,31127,87062,45166,18165,70204,17229,62217,81306,76472,14635,72041,83059,33318,60583,39543,46133,89458,10262,15061,02788,51174,76375,29168,91045,46320,74295,44094,73006,32437,72017,06082,73054,78576,33378,50509,57428,49336,85288,62867,66156,55575,93046,73025,26100,70294,45135,26188,16241,65128,21340,01421,80433,73007,58045,64294,30212,25355,60423,08218,68374,46058,04150,76486,72177,67154,50643,63049,26164,21147,61459,2B218,13064,2B106,22042,63082,15072,63450,54363,64099,06012,11196,11434,74021,57324,40090,38521,24022,17228,56018,11186,60219,77472,58009,10380,43060,11202,66019,21510,71402,71541,79089,39441,13027,55045,60151,39261,45076,21308,66147,25631,22166,60348,86090,65092,62694,07141,66016,27147,52459,81061,02634,21594,70244,88045,52189,88001,31125,02570,49267,59505,82045,35033,11341,13021,89324,60287,62494,95604,49338,62218,42020,21456,15247,51443,32460,34227,71073,71244,89125,31337,64251,08156,85292,72267,84064,08158,29023,52167,57597,49329,82193,02719,33251,62768,79355,88227,37111,79284,25487,62174,16035,14374,35172,39040,33127,07248,10338,21082,28305,08160,48071,08282,04092,33149,27587,27284,40212,66222,12150,08324,85295,22075,71185,42318,34089,25029,68085,58243,13045,44139,72171,30043,61316,54312,27570,43084,03081,50156,89406,66012,95660,2A026,76726,59106,49246,24119,92032,90104,42195,60054,58162,32267,84061,23015,60296,52455,27181,57331,72329,61447,22364,2A021,87178,71507,2B337,62178,76679,28026,59425,32167,70402,07052,12240,71543,10218,52321,77489,06094,21463,70044,50049,15240,49041,27098,62843,05017,31172,18276,47226,28153,45218,59585,50599,25180,32205,46021,43217,21419,13028,43149,41130,59338,34074,51369,64016,63466,11002,58191,62538,68248,29013,14426,38401,14468,14364,03190,17432,62213,52432,12019,57588,60646,51060,26082,77292,77313,02213,91578,76208,71104,38206,49029,71404,22240,71517,37184,29047,24532,01435,41121,50110,63362,59209,62875,80223,54154,90074,21035,97121,63310,58129,36246,10308,39239,76011,93062,66216,23133,87129,09234,85179,27630,36127,62315,09244,25127,27016,27488,62143,80258,73324,58194,42085,27325,52115,10024,50025,02032,55232,59372,39489,60248,23143,19157,33132,94033,53051,63147,13061,33170,53224,60408,77255,72248,01080,80165,51493,03042,54460,39008,25453,02602,39455,09262,2B016,74297,77327,48127,15172,39430,49060,95656,86211,67080,70520,23182,27343,88205,19174,36094,95280,67008,51388,23032,62786,70576,59275,72131,24513,40116,50368,40264,63432,19170,55265,23140,43010,51179,16168,10401,59599,16048,62618,55377,11106,74213,23017,52197,37211,74156,94028,27338,58048,74131,24162,24486,22255,60589,21675,11170,80121,26251,81274,59278,27242,64060,53267,77395,72319,59128,89084,27684,12116,24067,31295,68094,54136,45281,57329,41173,80137,61392,77109,15138,22156,38089,72381,29117,85003,22287,11043,62555,30329,01308,21077,02245,63271,19065,11229,33269,26156,27218,59104,97352,02217,51326,26285,97422,21440,62457,33394,02069,48175,61256,38270,02110,40248,18183,25483,57479,55436,40201,14069,01113,23081,39025,54339,06101,54364,11240,31180,58180,83044,71079,61294,16153,67386,34321,26215,08309,57589,62736,50074,71224,52390,24472,10268,49310,34008,63293,26062,36174,72225,57191,66074,54494,45164,31145,73259,97605,62885,26127,51398,29140,65400,52172,11165,77142,70062,40279,80584,62044,88295,79210,50184,72157,02557,14687,76257,65431,65190,39134,80603,55225,35152,17186,80306,11068,10141,77268,02440,50082,35089,03053,23149,71117,57126,21230,68382,80576,24148,25467,34268,88094,32330,38254,06071,95493,39468,70122,33131,17102,64307,62645,87182,56106,72326,43170,87130,38425,39538,31367,71287,60180,33523,63385,29133,15203,27493,34335,93053,24069,21681,90101,30283,69126,77276,61068,17116,80804,67478,62319,39153,12175,73241,51017,17009,67032,45025,24057,76179,29220,54098,65412,23176,64160,30233,03209,57578,38460,89094,33207,73090,30170,05134,02056,43169,44046,64546,79147,39119,01090,69099,62328,08168,21111,67286,62834,02353,54029,40050,14760,33056,07304,80713,19177,49036,37198,61150,14735,32232,55335,57218,36071,46034,63311,71238,64123,54230,24006,53099,91114,63326,2B045,04132,63400,72088,02402,37055,67409,34208,89165,30055,63186,77409,40235,27130,87050,01078,87145,09062,38446,32357,23067,15063,60575,60119,59228,34134,11261,79308,37197,10438,88129,43041,71090,78337,02533,21056,57753,22373,09319,63353,39203,60336,11281,37213,37168,50008,62144,54440,30302,74100,60310,31136,64400,25552,19243,51632,91634,16359,52194,46098,2A035,39146,57178,64107,60581,35252,57446,02815,02712,86038,32144,87045,33420,34192,88051,62842,37171,34196,66036,15256,88517,54525,76343,74305,72137,64434,18077,21222,53164,42143,88488,38349,63135,24210,16337,61482,11389,25320,46233,2A158,61502,48086,42115,65376,47068,88497,11402,62553,30178,33210,62281,10342,80076,56172,02063,32133,71441,25536,76350,63159,67228,50182,10176,29173,60511,72339,89208,32031,37113,31326,12210,02735,48053,64524,02754,11015,57442,31477,19116,62326,58082,17112,16352,06065,63079,53077,08375,34284,89245,25092,76750,50479,28154,48063,35208,25096,65025,41215,39293,72161,59290,49358,66171,62277,80639,71484,64019,94075,57627,79274,51353,04207,35284,39266,03235,70014,59088,67467,18166,59050,65396,72174,87109,51206,29077,30327,63339,81169,83038,15067,41149,31371,58289,55288,54517,73083,60374,32241,46132,71208,58311,45157,57071,17029,25427,63092,25374,37087,05011,33486,16025,14174,57227,77110,95014,10037,26032,01257,10173,60480,62445,26031,09318,21612,43183,19186,89256,89224,07349,55572,62100,24316,47027,28059,56162,16141,85291,35338,62752,60099,19043,38177,55479,34011,19039,64373,14476,77138,58210,17154,02448,70408,53144,24349,03319,29289,29207,32131,58257,65466,72028,50447,37160,59005,49343,07298,19101,83151,42119,58293,60234,37228,16190,80460,33428,26148,04001,91080,2B020,59028,19082,24261,21254,88266,38459,95690,69121,54045,67540,90053,60609,21447,47126,27407,52403,64458,27062,67310,65045,88419,33295,18103,19108,14366,38525,73018,76088,17011,47186,05062,72343,02407,34327,46318,24167,80477,62528,67075,72331,72107,76075,95254,05108,65430,73074,57278,22003,61503,58139,40301,59440,23191,57317,67189,32127,65078,72228,60098,84071,51084,25062,86196,33527,47168,52222,03250,68254,21491,88516,40317,11321,62320,88022,21212,88293,80528,51160,85081,80735,62652,97133,28144,29070,57156,89190,85020,57603,10344,86046,71035,39576,21146,76746,27081,52090,62273,49022,10169,50033,22266,29158,22369,26160,61039,21538,05092,63008,54478,67082,39157,81207,24413,73299,44129,77496,32149,18257,33382,63291,47125,40223,76613,09243,74124,21520,09139,38429,78307,22251,42106,22178,88052,88491,56194,78586,23253,74194,10158,86191,78185,50482,59407,65237,63191,45329,42228,03078,60294,45284,88091,28237,60638,47069,16260,77177,50525,14658,26155,43233,90096,59651,54202,02143,2A249,57370,51599,67210,57374,85303,77118,56257,34041,63035,70072,27436,42150,76101,59382,54138,68118,62726,10429,54568,77264,31008,14282,03020,25502,52055,16106,65397,07085,52388,19171,43002,25196,2B155,60047,84133,61214,80088,77524,87012,76478,18236,44090,26250,55552,48151,08086,87189,61066,60115,08233,02274,62893,15122,39428,80740,10236,07028,14379,86173,07072,88020,33216,57092,42276,46339,95462,21591,65374,76591,43154,89133,11111,14758,2B280,49298,35145,60512,24054,25454,57439,63047,51609,42094,61036,68184,89197,11203,91240,51103,62613,59529,19106,03187,90063,03308,73152,02061,54105,50488,65176,15236,58268,68099,88344,08151,23008,71023,53238,2B241,36161,14681,68253,27391,80340,54221,63338,37250,23193,41185,21269,51066,02747,68273,36185,74066,39073,64289,62452,02087,01337,61053,66179,71582,32405,03087,54601,25428,40291,80377,58278,02596,57767,78263,30143,65391,02335,74142,14664,77180,53161,17360,71580,60114,68171,40170,87066,30307,25119,86041,04094,52393,41031,01103,57283,78281,44122,52514,08172,42322,12222,57236,16166,12301,34080,74111,04241,55066,22225,70460,33222,38298,59479,24279,89055,14226,50207,41178,88484,15027,16379,64387,54412,76370,38337,01267,85045,67149,74141,01043,28213,38426,89154,71124,35170,30308,47075,52134,16416,62308,02328,73187,30108,55560,27310,89167,76756,57245,63089,26278,11258,02187,19278,25077,60110,64239,17219,89248,02752,37058,29126,15162,52446,43134,52512,30121,76119,29240,71240,17295,40078,85213,31588,68295,65150,62089,11433,07328,67415,22185,12305,43257,80245,60092,21021,34337,71549,71130,38553,70502,97416,11409,84033,80507,67442,89445,58146,78334,89302,06049,38342,70035,95476,90094,21175,02146,26372,03178,28223,25310,81164,78297,23220,12160,02284,65253,81075,43109,21490,45122,03188,46001,77094,02287,69208,31321,77187,95102,03006,66109,87118,06056,57140,68043,77428,01187,42117,21281,38183,68072,45120,57002,79150,17104,95078,60100,43228,31073,45223,91421,65168,86272,13044,76097,60225,65352,45119,95176,17072,29085,01279,59558,08255,71499,49183,53045,27063,34156,21240,36136,67265,77127,41093,33036,25177,62515,16373,51162,62404,80280,07083,12145,62610,65380,30132,11081,51135,12171,57690,32027,73303,14667,11103,44020,10031,79342,73304,71522,35136,65425,35290,52135,35217,91186,64335,71515,19198,34292,58183,65079,59006,35162,22072,57296,40063,55404,25634,43225,12101,04017,2B318,07265,60683,31478,39325,18024,87038,55034,2A031,32185,95058,76221,17349,05050,38399,54128,31331,86072,23237,55002,65194,17064,32083,73255,80814,76213,54151,54167,31288,27323,59466,83009,33319,88502,35139,39381,28281,47018,57258,79273,69240,18117,74307,32423,31043,24138,52465,77370,31219,67437,60392,78465,80085,68187,67421,89220,03110,81259,82003,22249,95116,25559,71161,27067,38295,08281,18073,64300,61097,55481,57313,90102,60194,77041,77476,44035,45277,88300,18255,90061,76233,51555,58136,01219,19258,71579,87099,10211,76287,52513,55577,88157,52249,41122,06123,80384,31048,91573,14651,2A141,25591,33043,58138,15192,14245,57122,65451,65259,47269,47163,97310,60089,06048,74106,70442,60625,30338,16075,24327,60297,33352,27595,04040,29160,07123,33522,57660,24320,25103,61379,80251,43124,01121,78096,44041,54316,55322,82095,57315,37089,34010,12182,34190,18262,29139,11432,18017,05070,27649,17311,11235,55556,47119,69200,60215,71139,59153,19012,28350,57035,65010,67120,21261,21564,59638,17486,67159,57041,88175,70172,24070,57196,63227,32435,02052,18201,80475,65421,59224,80495,52027,69061,76147,15112,60186,08049,11065,37173,97104,84052,80359,17414,16112,80325,74183,67179,25418,94042,14540,84059,65048,97417,52397,42029,62302,10034,23138,80555,09025,21189,82189,26338,34028,69161,62501,72189,2B052,14756,11107,57684,34033,57674,45131,51266,61252,02085,08434,39360,32345,87092,44202,56034,77196,38499,71198,11026,18258,41258,54542,76689,62516,01064,76232,38501,89411,71274,80742,32206,29115,50384,08083,65309,28118,18142,21294,25313,28141,89282,55372,2A186,81074,65281,10320,54166,23087,07150,43099,33316,69202,97117,59183,67195,74148,43189,45038,43126,35075,80218,54020,46272,25248,66155,76420,69090,33396,77223,57380,40140,63388,45124,89422,77018,30216,65478,21198,62317,80490,84051,03036,28078,07262,74301,25305,54522,09007,71009,52528,21608,58087,44163,65304,32270,36156,70455,06020,61349,28321,01045,24335,46334,40271,53087,89024,23104,62034,34307,24543,57382,63130,55141,28400,34230,37143,63021,17415,43254,37118,53108,17323,51279,09054,71261,53242,59199,60630,37188,72151,42234,89058,2A131,06137,09073,81299,04136,83058,41150,21569,2A284,95388,66133,88189,57398,31155,57265,59562,57536,22186,60482,70372,55328,67327,57554,73059,78439,21450,64315,76364,56103,59462,93072,28239,67551,77459,21081,27201,51223,87104,46093,39191,16223,28128,60273,31196,60404,17207,35138,45242,33552,61303,03093,38044,52380,29174,27554,89086,61264,62052,65433,87169,28009,88127,24401,85008,77090,39169,63045,49099,24008,07189,50278,78009,25243,02604,57138,85289,37186,22048,02553,25053,70136,02587,95611,55058,02812,89019,21429,51129,25360,70100,50315,97610,80092,54065,54075,67358,54108,64363,86078,51479,41131,26122,11247,85302,64059,64243,51016,46076,17374,63439,77167,79293,92012,2B304,87205,29008,59516,65213,69040,72266,31187,89364,11306,63062,76534,21364,25031,60487,33164,24526,03108,35029,62592,58148,60060,51457,97607,34245,34111,28323,57618,79239,60184,57244,02424,10093,34183,78278,18249,02193,29285,16425,32273,39173,60298,55349,02832,65021,33454,33224,46146,28407,40120,92063,24048,31212,38252,28225,55307,31483,02362,50241,62580,31306,27337,19288,02027,80304,59214,71443,64173,60229,64266,24437,03025,17283,25269,57064,71100,10233,74159,50046,02184,86003,65265,76728,16090,04070,80256,2A282,85191,40129,91159,80422,45335,07145,72353,51472,87206,62780,47120,67181,50417,51620,88002,01294,23079,33304,89056,05019,76540,79012,19135,21301,88271,45065,33029,06029,22057,41198,62212,06072,07272,85142,35266,68334,24353,57237,29175,33024,82092,02216,16217,30275,61382,47232,56149,38161,02465,65349,02215,79069,03118,71333,04096,35300,62440,03232,02088,33147,30295,90065,50021,97362,91581,64518,17201,95527,04180,41114,16108,70082,61209,18154,52473,35191,62464,51337,68201,18055,51578,82152,50032,68238,45332,54504,65236,45014,34295,57032,45325,16142,40329,30319,45039,94053,88232,2B109,95039,2B365,10441,10075,21280,76001,33274,66054,02117,42194,02305,76433,14160,49174,45321,39408,39487,11288,94018,50624,45207,63208,14166,08147,34123,04160,93039,14480,03193,56044,35092,61048,38188,31096,60134,33326,46221,48015,21496,16414,09213,16194,62594,30003,76458,03124,25251,34322,65115,52141,21568,95268,59400,17381,76488,83132,48044,62907,38042,03313,55247,82043,76028,21057,45228,55395,44180,54317,78588,67375,28282,08256,07313,31425,58168,58219,63214,82111,42170,18270,76363,81176,69078,31484,38500,76672,38476,62607,72019,36065,90039,45079,31224,19037,54281,33087,03168,02433,25216,38310,39211,17358,57637,02203,85305,39171,91533,30235,68225,65100,62872,38462,27447,79259,87002,17467,2A197,33161,03248,22107,30186,41226,34073,21702,50461,71286,89405,54035,12004,07242,10096,54130,31142,55221,25571,25588,33534,33057,31538,70045,37076,40046,05023,2A038,68321,14229,73012,64033,90002,17166,72127,02319,87115,26363,51396,25523,17197,07333,85274,72230,73293,85016,38180,74157,57499,60492,03129,71497,08491,33471,51594,31339,59664,22361,78208,39345,60556,42043,11332,63011,97602,10337,80647,72194,24192,17065,76300,25494,62684,17048,14125,57396,34231,31324,67261,31589,22325,59246,43032,57478,34340,57308,18157,57043,08419,03247,39518,31123,83010,22250,55347,81110,18149,2B140,33002,17307,60146,88218,53235,71395,44021,62372,79056,80444,64127,42339,53113,05057,80440,23247,77378,11074,16295,56042,81025,77247,17240,66210,62441,64093,07329,61178,27448,54131,58171,2A349,21193,58127,33373,70399,01198,51319,07062,27625,70387,76152,10439,15030,74126,35197,71292,59201,52181,09032,32361,68265,72208,17347,15184,70220,52160,86202,26302,42157,07288,06073,39235,47002,62757,02709,88294,25139,49009,81285,52221,04026,62108,16372,69001,57173,54099,76323,02456,10013,57298,60481,59456,06075,47082,36157,02010,59542,32138,57533,11385,69070,60179,80136,18178,62633,70158,67206,60457,02002,40217,14190,48107,38516,32028,32258,76448,44192,71574,27025,55042,65419,33166,58120,38328,54030,61453,47076,16394,16076,51309,11284,37159,71546,39118,76428,28375,60001,26331,72223,2B315,28382,28253,13106,56072,21025,70335,34266,03204,08197,16279,72328,87004,24531,76745,51275,64407,59135,60552,71241,21008,10010,51282,02149,11405,09175,24271,46202,93029,70262,57730,50452,47122,11252,41189,79309,30227,72231,41267,62137,80578,60268,36004,17315,69022,28100,21273,62570,94055,28419,63236,78545,04236,31353,07229,61358,86258,17125,07019,63429,93030,07316,13001,14003,19131,57760,38169,59167,55181,56182,88498,40072,33081,24251,50222,64061,72229,28270,14163,57222,29176,60235,11191,41123,78417,55046,31207,28235,41115,63190,43113,43062,09207,09203,89072,40322,91376,60484,76005,27475,57290,57707,52332,57311,85234,53034,50612,85167,17476,86184,33337,45055,71506,2B125,94070,28178,31177,61490,64268,50288,44185,64273,30148,77480,62231,08107,70313,04172,73326,2B075,30210,62446,30087,22320,72179,83028,27679,55276,84014,09223,47128,23263,25194,56212,64291,67484,85247,27302,19111,21208,26305,95594,57518,80626,51101,21488,80334,51253,10291,61005,63464,80064,35045,54346,29107,54371,33047,41050,62631,36236,82071,40166,22020,64413,35289,02814,52304,61078,31456,09155,97214,89201,57743,35095,17480,57277,33451,66167,32219,64437,10067,71391,60293,27465,64182,42028,27668,67029,2B238,08057,70515,02309,77331,28365,03046,30046,63120,77517,74033,76519,08280,73049,21221,72038,60329,17158,61323,02664,45216,11241,31491,34068,65134,21048,87166,32316,54028,70180,39126,55255,02371,21068,62382,22307,72199,57480,40091,21158,03023,08212,55494,54067,94037,52072,02109,09218,72071,85025,37138,50024,12287,70453,22263,77106,88362,24454,65098,67414,77279,32182,42296,21415,44213,28405,72051,62004,91223,67511,06086,80423,68285,62766,14228,07070,19045,81083,80650,80431,36197,45232,07226,46008,2A062,01088,07120,62421,80684,12079,76469,37140,09254,32041,09323,59085,60595,69259,12223,76244,36092,21690,54484,17453,39026,31239,74112,60647,21528,32235,39429,60133,40022,10145,62816,61414,69252,34336,65217,46280,80690,21448,05078,36051,35105,70024,17294,28024,19277,61321,15158,36145,02668,08150,37026,82148,76703,35059,42311,62272,88192,89240,68269,86280,12296,60396,62651,32110,79042,28008,45257,81026,57620,60230,43009,38495,50130,32215,94003,33301,51655,71308,12295,15116,51395,80116,55291,55036,14710,26348,14173,64382,58154,74292,27347,64329,17106,23213,72296,25099,47294,02244,46159,24134,55541,10235,62476,24002,11412,62647,67477,60370,63099,28393,25328,10222,85304,03033,04206,31410,64104,63374,38468,89054,65329,26309,2A127,31027,67137,81087,63459,62841,80721,46148,54581,95450,63213,91599,31100,34343,39174,77455,57385,40234,05156,35108,30316,79086,52198,28103,26064,39018,95218,06063,54189,64166,97219,61049,34184,58095,23218,52305,67458,60371,59316,16121,62559,64102,12051,32132,52542,62453,81181,24111,65415,91075,25413,42313,38117,42044,39373,88530,70087,87007,76236,79216,65206,50388,54043,88088,03083,37099,69102,18204,68303,25223,17324,21171,73211,57342,39388,68192,22347,52164,63052,31563,22358,52349,37093,2A118,37201,86247,45230,82022,25065,62565,32246,31044,67135,24376,67461,64087,24395,21466,14252,78674,67522,76199,01255,62401,59627,88246,59594,31221,45348,09196,60667,21181,09099,84097,58033,31347,64144,07291,88159,03240,85067,08252,11331,22126,37013,16354,21219,42235,57510,14102,50277,16046,11265,77369,57142,84100,2B342,80224,82100,21614,64108,17208,55064,60615,41028,02439,58265,57731,37063,41225,71388,30068,73221,25520,78227,23047,51042,79177,35316,21040,70577,51036,47043,04062,58032,64070,65111,56140,43252,60387,80651,50147,41139,59042,62700,2B208,59107,50299,54540,56200,64142,90003,02180,26266,89295,10343,41118,08494,31315,10374,88495,21049,88251,87046,33061,22306,80247,19112,18018,44159,50582,76456,82025,22386,72338,77216,62744,32061,76609,39091,71137,02421,60674,38330,43056,27075,35042,18230,11001,04053,60640,85015,67027,31222,02279,33243,32298,74002,88385,31505,64393,36119,33014,39240,86123,10100,97312,13050,92004,02364,95682,39301,48177,49235,86177,32338,25109,55262,70206,51163,22127,34267,34098,09077,15128,28088,03215,44103,17253,81159,33518,46105,2B083,09229,31068,51248,57224,58169,41219,62763,16275,06133,55095,65148,59161,02773,54595,64025,80632,85260,55119,34338,61237,31079,85197,29063,80179,08355,07201,76059,16114,70296,57200,59526,85231,28188,39528,50246,76126,76202,54243,16374,03206,76177,85036,16127,71493,81033,28021,89347,67026,47145,85035,22138,31458,47304,10393,18045,14059,29035,33325,01181,50268,42105,76695,33350,2B029,22155,63472,59086,76503,50041,72386,12044,88279,21115,87090,62248,57325,16158,02762,2A247,12098,57025,24240,27320,77099,72289,26175,76457,64339,32094,37037,03243,80397,35024,76286,81309,21461,88076,57213,77430,11299,03290,89041,55466,59512,77136,52246,35195,41182,16292,2B054,25003,19158,72016,70152,14116,25275,12274,77441,80027,36068,88262,58288,61199,85050,02134,80443,21285,87033,46216,46090,38249,85296,34005,43031,73268,18216,10314,70349,50502,37073,11220,62735,39372,16169,32409,53104,53147,62701,73262,85117,59592,49371,34170,51097,19271,81069,59207,13202,21503,14084,59056,54055,27656,24366,14127,59411,03263,57677,71214,60251,66129,88351,76683,2B179,15022,32319,01101,25063,80463,82180,69281,50400,48094,2B333,71490,57750,75105,28136,21330,72034,44005,21565,39003,60118,97215,82116,31047,25005,68011,36180,47216,55079,02552,54374,32130,14064,09304,07244,27278,85259,71219,68023,88430,56255,17332,18087,34114,19008,46335,63198,74079,10234,22094,23169,02803,44016,11269,36192,57740,63173,39097,48069,04006,62665,41248,86181,02171,79058,30103,62819,62125,64298,62142,14466,27432,13041,57105,21091,59190,39577,53124,32356,63063,03208,46167,68318,14337,58050,02124,76553,05010,64290,27202,12008,71289,88254,01369,95142,40258,2A308,65319,10253,57248,76731,41157,35097,57075,41091,39412,77143,68137,53145,24448,26048,63461,13035,50225,49011,47139,31516,06149,34036,21411,80022,27011,88440,41224,60584,85214,63034,70285,46304,30342,26118,44141,76450,02515,46057,80782,59446,54596,43026,60525,74185,33082,50444,76183,88368,36181,86250,31412,62560,63132,51628,15262,51640,40147,12273,55224,03234,08148,59334,14130,23206,67398,11283,30229,37150,22175,46111,27474,76298,41029,62664,61425,61273,31217,18289,03105,65294,08185,21412,73116,16289,87037,67449,76498,57209,17137,33403,31057,25038,65355,76057,86265,23238,51604,17076,83061,15014,02172,25459,02658,21390,79204,65342,52445,71258,89390,54344,58132,66108,30337,26195,60402,17012,74116,21527,02539,38412,32204,80140,76024,25329,39420,57747,46316,67196,76214,84058,51531,39421,27312,42023,83073,51093,77011,67034,13014,80418,95002,72219,57033,27003,86091,66225,84017,59339,03287,62086,26273,44125,05036,73084,34064,42108,69245,40256,08391,58061,79277,57526,14101,77282,18264,62122,16406,59226,21085,02538,39285,26060,51047,91587,39584,02098,55566,71337,21332,80095,01138,26159,72370,48181,70421,46185,45302,28221,79250,31293,13069,80236,38005,63129,25501,08499,35302,10394,30124,89062,37257,13067,31325,61165,59089,88315,51657,2A191,56174,25361,57187,15159,90024,33277,56214,88277,76015,27605,71204,02624,35362,81117,11221,43213,57102,18124,25498,08008,57487,62796,45017,71468,76555,60211,63097,54019,29238,11388,52063,54351,16331,59333,60415,59631,52004,2B236,25386,88417,07154,60167,23162,04104,74177,13042,14579,06120,37231,2A200,02321,64531,08471,31380,52254,2A362,29274,61475,21682,14357,56131,80099,60701,69091,58144,32264,21707,62620,45288,65477,92025,21232,35327,60259,52544,62674,29165,88102,14012,21020,76443,33044,11347,55297,39185,50060,90081,09142,80791,51368,12200,80756,39423,40055,64338,64388,30209,62296,38392,23265,10076,61051,61238,60557,34063,38433,50430,59112,70319,50589,01277,69138,84148,55415,32220,12094,59059,78276,35121,89337,57065,22052,33515,89203,82144,05158,58263,09264,35116,23188,25426,68286,29028,76702,51082,69291,62692,78416,89298,62537,11318,17309,12183,31283,02050,02261,51087,11245,77343,46096,38470,07127,51085,87095,78146,58197,62790,71403,33548,78123,10427,76342,80284,59481,65318,31562,73070,80002,84085,51306,76399,91617,10028,11137,82146,31059,51644,80294,05032,68381,26033,89348,02679,77405,88092,42164,42213,67435,42299,30269,32102,73232,57640,77310,62075,47210,51539,79179,33262,57751,71002,17388,24001,85046,47051,47032,69049,67129,14117,61370,14410,26339,43185,70251,59263,70038,59482,02606,84023,89045,61190,08428,11011,53002,86299,27652,71440,50446,57555,32153,24182,65240,2B309,12251,39057,22337,80592,57590,72336,58193,19217,10198,48110,07156,77387,67092,08096,57638,43111,82004,09194,80487,48029,08336,35308,61176,67491,12261,72224,31291,59041,62649,63157,38290,71539,47278,27419,16199,71234,59269,15133,12016,40132,2A119,45061,47008,25369,62216,07040,62215,05119,80809,60121,88174,72354,39221,73205,05101,51046,79087,03057,17319,31173,60673,56244,49007,22195,32308,62045,21479,61086,01351,54566,24085,08232,85098,56006,60531,50270,04224,54242,63415,02015,01299,25622,17010,51227,15098,24034,95110,02633,39473,54036,76557,2B199,46269,56137,89307,07212,62519,62285,28184,15217,27701,65162,62025,88273,46306,89334,30354,45142,65040,25131,10307,38141,61166,27110,66105,61363,77037,77102,57113,25535,08311,07217,06025,14232,51624,61071,72276,19204,37090,89127,88120,14122,11073,08190,16103,39494,68255,69030,03278,52119,59134,27129,85095,60619,03055,80349,40070,72351,19192,36226,62855,80620,51054,46063,09212,24294,74004,62489,57704,55510,14556,88464,42062,39035,51492,28394,03212,52006,70267,47325,12280,09161,43020,50437,09236,95149,32297,74165,66009,62794,35019,67296,21694,43053,27542,80331,32151,27127,45276,43024,51447,70466,44143,54179,62895,86165,77308,68312,54251,12282,30277,63166,57202,02408,19074,24050,57493,10044,21164,25309,35008,47326,26268,88165,83124,03088,58298,80808,64168,25529,32229,54121,89321,27104,16225,97614,62316,28142,81202,65334,02255,67231,87193,17259,16059,30084,76402,40205,85110,23154,56082,38530,30002,31389,33102,52282,87174,54396,73091,37067,25595,28269,09050,77485,54338,83080,08173,52394,02251,55105,08017,47251,94067,71548,28087,61400,27321,45341,77442,59221,71532,68349,39196,59205,47245,43144,23073,50112,69029,65050,52247,58110,80484,51203,55504,39159,15059,89440,82055,32422,14575,76575,80321,59487,50442,08153,35082,24264,60437,79157,24035,12163,52200,66024,66177,60010,61324,28074,61075,60066,38554,12083,74078,76180,02322,78165,72193,61060,2B012,80472,37264,71280,45305,67490,2B231,81036,65083,38063,38309,54405,64297,45269,25073,53106,32300,91495,88310,17182,25522,81129,52062,22002,65417,21274,21670,62775,17043,41106,02527,88177,38307,72120,26139,38518,27472,59158,02209,63009,59522,95555,67351,33353,67341,95295,16145,34092,31297,53055,43212,10195,11118,55498,16180,02780,71326,72245,87191,77495,54513,86143,53188,60255,42155,25240,76642,61302,26199,52158,55258,40285,30042,94080,91284,54014,66121,11085,10054,01199,72294,26080,72270,09322,02474,06011,58248,62224,63272,06155,74219,45260,80032,80126,18211,56133,25553,19250,39129,65404,31455,08376,59318,86098,43196,26198,21096,67392,57335,31377,23146,57459,35140,28096,70249,88221,82162,89483,68329,12293,62343,18189,32018,81088,80272,28256,71510,56025,22302,61278,13012,77206,40306,61074,60232,62410,22304,27012,18011,02397,62246,52216,59497,25408,11439,88213,39317,45306,21080,52245,42269,60597,40288,79132,63358,09239,23201,01412,54392,35062,76427,59227,50176,63037,51144,08058,39418,54289,33545,12167,65196,44106,38317,05165,56207,35080,17039,76487,77165,80456,88160,81023,30033,86233,08063,55210,52146,02169,52392,09208,54135,16205,47023,34021,69290,63139,69171,71525,69271,31052,17224,24306,61193,24361,45118,41048,05183,74094,37053,77010,65248,59272,67536,03056,17018,67381,50259,80625,45334,48131,16276,03154,21397,59053,64347,25444,22286,47022,61052,55183,65220,60631,33209,32412,77146,21047,16040,65132,90031,06160,40320,28214,59211,64197,39028,02403,42237,81037,73149,59279,31421,52493,26051,61163,68241,89168,35203,62219,50567,08154,88195,80547,60254,61230,16036,21216,14043,63192,71172,41216,21687,71528,76259,71465,10073,46294,65256,24390,60332,10381,40114,91441,2B206,80753,72282,22041,09123,70535,59163,91514,61050,47065,55369,39238,71192,34326,38318,21418,80403,80478,38419,77457,57444,53074,07193,02227,82140,54468,07277,63212,65081,59296,85112,89316,27231,14506,81002,04181,59058,72293,12178,01439,14306,02205,22238,17273,48008,70179,62304,81124,97114,32053,07270,15190,55422,36235,31405,30330,31417,76739,67188,18242,01200,65208,87167,25126,02609,52310,08416,62818,53249,14111,31170,89462,47274,02419,31266,70503,43198,17335,13065,82101,59398,29076,70506,14460,76497,85061,80063,28013,37226,81222,59097,44132,46173,71246,24066,51133,57413,23113,89122,09149,01228,64428,57470,13053,21558,70162,63012,07035,92026,33176,59356,06026,15146,26092,38171,29212,59543,67003,51109,62290,11027,52003,31362,73146,33512,59530,54356,45179,60221,34138,62111,56206,06003,02141,24296,2B233,38329,53210,12064,60302,55021,07198,68281,70511,23137,21606,80752,31387,63302,14076,18047,01348,77319,27654,56210,89247,72184,2B305,08228,35342,86139,70182,50214,24418,03117,83014,72132,65043,56097,63408,34009,67229,05123,91121,40286,81313,33399,91275,14332,60598,02498,65155,83096,60065,02022,31191,17107,18245,02644,36193,35329,33343,62039,30144,11291,38250,17184,80795,27522,77148,30185,31578,12260,39348,80405,26294,74310,76504,38215,25601,60356,29135,36005,14478,62540,77479,16096,22012,16032,93013,89101,09217,16134,41070,60621,71565,02578,80018,27540,06024,22242,65266,55155,71555,22349,72026,65247,64139,02491,18021,76266,62722,55445,18227,31557,26324,51350,63253,02431,76751,58165,51255,47180,54404,60162,68005,70473,71021,2A146,62323,12227,30294,85118,62511,80609,17443,85204,88238,32278,15140,81064,51013,64220,78358,38103,14097,02722,27243,27165,95008,08076,77168,82164,26094,76561,91579,07264,69298,34293,61491,67267,22305,11154,80559,21613,13094,22295,67035,2A357,77525,2B274,16256,14566,76568,82099,86054,81090,60564,57592,37050,25170,38369,40160,28299,61351,80077,27655,72124,68110,35028,09111,27339,77271,64229,45328,28085,14565,12241,76205,27395,09041,09043,55362,43061,27103,16058,24508,60168,08341,02637,80542,55578,33012,61317,08257,2B257,45104,60644,02082,65020,59574,66234,56154,34182,14326,06059,62869,55144,32165,07269,16393,72303,42032,23148,57251,90078,24020,70197,17391,34083,01123,89425,50486,25461,29143,02677,57610,79326,62603,01429,57376,95539,72154,25304,49261,59011,29103,13107,70013,87156,61327,76074,54102,34103,87149,06016,39037,37134,10050,71390,16150,51334,61474,29195,78073,47073,51218,06093,51155,61098,51184,41252,39546,28306,27273,62069,72072,57295,24129,2B264,42089,01062,24408,40014,53182,34310,82175,77365,22299,49110,61385,16081,22281,89410,24524,34175,21087,79208,60173,62670,39140,54395,77507,85164,47203,02410,14273,28222,33387,02607,47241,67100,06031,58143,19260,61281,53269,71239,80074,81277,88290,2B176,89051,19132,24534,76652,33117,27456,30021,03032,31301,45155,39312,52025,72039,24046,86256,43085,63183,54034,60282,04018,21264,43004,41099,16291,49253,03131,72222,88374,60327,73323,47285,70116,36093,21664,32213,42207,67160,31575,65408,03210,77172,75107,54450,21103,51038,40004,23164,58013,82047,87070,29045,21368,88303,64152,33417,27206,59459,81189,78486,03262,17135,57085,55385,45307,24351,2A163,67101,80232,08479,67223,95598,54041,55124,68054,02225,35034,49003,57437,58131,78160,33084,61407,21467,59623,10347,31420,38395,06051,14552,25041,50648,66070,89040,32433,57399,88079,38488,2B072,53105,21314,34044,97131,54545,44114,64433,12075,49241,48179,02580,21097,02142,46271,66139,16030,31024,86083,67411,70184,71508,76148,49344,02577,73082,52502,66120,73330,63019,56098,89187,65181,17326,28208,31332,58017,44174,27184,71207,71394,59242,14607,60477,2B078,70572,88423,14135,24373,62202,27299,53174,42196,02749,95154,27023,37033,46092,24350,63315,33421,10339,17191,54315,30051,39444,87172,31268,63077,42076,29048,51076,42268,76602,26208,58079,77204,62378,68129,68173,52277,72111,27286,34197,04123,32160,84102,86086,73133,24538,28371,69002,07131,64449,85072,01433,67401,77498,22189,67226,50391,59364,02277,16078,76047,48128,16082,67047,74048,88280,11115,10181,03135,71370,61116,80416,54088,44164,68341,89028,21130,62870,14278,22262,43210,64050,46051,01361,68015,34334,54467,67328,81213,82097,27161,32294,37091,74026,85187,46040,46075,2A212,55511,32176,54502,51455,92050,02014,73296,2B293,02698,34323,88040,29209,54359,01356,62024,66173,18190,79057,03115,65233,71045,06077,26022,32282,62241,24082,52195,89132,24157,71531,07038,80810,33487,80704,77091,24365,89153,26059,26361,94022,60158,32142,67354,64124,66072,27658,88441,08445,72080,17290,85090,43014,80759,03245,77504,78361,28155,84099,04051,93045,29083,49012,79220,52212,77461,08427,50295,52419,32079,63334,74052,14570,40168,01185,37195,23210,28327,91468,54352,50533,73256,82134,63357,79070,23260,84032,51497,54394,17044,89315,34246,66077,02568,02107,27374,41030,40061,80686,91521,76120,10261,31357,65056,14203,64285,26377,84040,36073,23090,24123,76135,54551,38068,62541,02827,59101,26193,27563,62295,56121,56215,24263,33298,36103,65201,65109,17237,57079,26299,54431,22015,78152,77169,43152,25315,51219,05155,59144,79299,08399,87103,17024,56101,34046,67078,11328,70166,51236,10185,19047,90015,57519,23181,72153,78403,35056,86147,2A085,01227,16063,68352,80489,70005,88019,12074,84013,68036,44121,53258,60109,21037,65437,26264,30199,39229,45063,58085,51645,64337,53039,21303,73231,46044,51509,60082,68124,32394,47106,34095,08296,45274,80412,2B036,62283,33536,74010,21521,80619,85051,38222,38218,71018,04074,15009,01203,71048,70343,22315,30090,05145,81081,24164,86082,19142,54514,51608,67295,29029,24171,12027,88272,01250,62813,24338,72099,35039,25252,12010,91112,71077,79063,47276,21566,56169,62849,53143,68020,80100,55149,47302,38498,40042,62629,54165,62890,28073,58172,56248,21002,57349,28098,32280,24150,67162,62292,61274,70029,22233,43019,76110,67534,70337,73041,76049,60277,80687,24586,42090,89242,12096,60577,59151,14316,57577,65441,47175,63026,11348,27004,57069,43181,57238,55253,36216,76322,26218,03069,50543,22275,57756,97228,69254,73322,42128,67529,14483,08408,10227,14712,95488,39545,82113,61329,32107,06132,73003,47187,15114,25014,41032,21104,52151,13005,81010,46315,60317,58149,70248,63114,87061,37279,18210,10329,08476,22271,43155,25397,60527,14062,79340,14123,25049,81066,63239,71177,80517,27064,84079,89137,39124,62154,03238,40150,13046,89087,95492,21022,23001,27119,25450,02409,51453,88371,09100,40328,73229,09221,95427,59136,25211,37114,54419,64245,87086,60488,55051,17159,60274,69044,62854,64309,54018,08298,61114,80014,64228,21567,59292,67174,46259,78402,42169,40099,71125,57018,51635,67510,97110,29302,43162,02062,77244,56057,01057,64049,50101,95541,86102,63215,02715,46266,80748,72368,12192,59143,70146,07297,24277,21244,42246,03272,62831,01321,63110,21530,67336,63179,01118,47303,35247,57748,70316,91037,76749,63155,09137,25415,80173,26087,18253,39150,89065,27355,50591,68098,91540,03277,80656,67501,47034,35281,52083,72191,12257,03255,21342,41079,71413,27473,55363,86224,13079,26301,88144,76690,67133,77360,33283,03299,47086,61034,47279,30219,87049,25377,31429,77263,57384,32112,14054,60360,67489,55469,33452,55505,76006,59369,63278,30004,71200,26192,19235,23266,68219,54076,42208,2B356,42005,60558,52012,67249,18052,02640,85103,39467,09226,29216,50340,79140,61255,17132,67237,58042,21109,29271,50164,80269,51435,17188,55500,59110,80328,35287,84112,45347,25613,64147,74278,55471,65160,80159,74136,34211,03091,15185,57077,64270,80221,21647,33206,27354,47299,62318,60191,14328,25583,70366,57550,44144,86152,70286,85261,05013,54063,23235,73130,86106,39390,86051,93006,61457,28339,50002,27152,85262,26165,54464,19049,50504,11359,70303,03070,38105,78209,16084,14547,51226,51522,24317,14270,88268,23010,11406,11140,80672,28203,02558,19273,69384,67405,64539,81063,36168,01416,67063,10325,27114,50169,46030,15066,85186,21641,61085,11295,21662,52306,60239,06151,34162,46103,76227,33392,86028,72036,31140,54326,23251,55280,38422,88526,85100,15015,53222,67454,14699,76408,02447,27661,29150,51005,87138,28062,61289,86122,35317,19268,65087,17096,60070,10424,14467,80385,2A061,67216,40071,81092,60666,25475,56179,41172,08401,78068,68056,80120,32123,95627,85092,60661,32080,87197,78007,02130,81251,49195,80574,50083,51373,59045,80200,2B275,68007,08023,41188,31030,33183,80176,83027,95011,14035,86017,62675,55089,64277,64443,89011,33242,59023,51659,54094,25011,32201,27444,2B217,89147,42176,74152,89118,54083,53218,01367,63197,33270,83070,2A358,72334,09127,17411,59236,02197,01293,14496,27096,08264,79172,86156,31156,89380,21117,39100,45238,31407,67065,46204,27695,68383,55099,55116,80276,90089,76064,67346,67200,88134,57651,08452,2A285,15065,64542,21487,41295,65260,45324,02540,76707,38278,55374,29119,73097,81211,53016,69231,52276,71463,17156,84068,27415,29033,42211,77246,21165,88016,86068,44198,80573,88193,50565,41159,54079,67236,80409,16268,55396,57445,40203,46189,70027,27378,71335,57300,52030,08369,03082,63433,44158,60257,63287,27240,17389,64332,59329,22096,41132,70261,60226,53078,12093,07003,60021,66076,73193,58206,43089,59310,02208,69095,52491,26112,58226,29239,80203,32268,24479,15093,03165,57190,03009,25148,85042,24545,29286,34039,17051,91666,60212,30306,01406,51002,71571,71122,56211,44043,21028,13208,71294,76349,67517,35228,38296,16270,01117,25527,72155,28358,16343,09291,38253,46164,67022,46089,60333,63465,44169,22289,02416,81243,78406,30116,27545,79352,02739,01089,22385,62123,63093,29205,74024,02037,10089,37097,71232,26201,01243,62314,69388,31449,46142,32369,59367,35232,32209,65429,64529,02160,41112,88316,01156,89385,43163,39406,40277,71205,33322,38313,65461,67363,32118,65462,50282,72332,84035,37252,19156,50369,47115,51149,21666,80080,40037,35067,02530,83110,64190,07213,28201,56143,46175,77020,54297,01074,59138,64259,06141,72079,25573,30061,17434,95101,85115,05098,02576,02207,84139,50297,62667,07300,57261,55507,10221,81097,01099,04139,09129,82040,38030,45292,42264,04046,70574,53010,66039,59001,62654,54225,38463,03302,89368,50476,68226,57528,74164,26288,51466,22259,66063,80141,68014,27689,11022,63323,95509,41291,38036,81270,16366,23064,14239,76354,02797,55175,61148,89252,70422,80480,32186,27555,38072,38565,12052,65348,41184,73024,62037,73235,39522,33261,24220,41035,62128,35335,07260,77108,21494,42327,41065,60204,31323,65154,21483,27036,42159,32136,51548,08019,17400,65232,85159,42261,57088,88463,73261,13059,80562,67083,67255,67508,52059,27222,80059,07061,42325,16019,17252,49113,60017,28146,88264,38457,78396,70129,95504,87185,31396,59218,08352,10376,03013,79134,09124,55170,45308,88404,23124,77460,02012,14143,28105,17425,67060,08396,43046,13117,78518,60208,50372,80148,93048,14237,31163,22083,81265,25592,23200,57115,46123,88494,80166,02655,81161,57302,94052,22234,64368,59328,14093,26034,40259,94060,14087,48160,76299,35173,69191,30284,80228,02710,23259,21657,29171,71537,73053,73145,83021,03011,68006,15214,39495,76698,42200,34096,81200,41137,36046,41268,40011,27261,26216,44204,71334,27377,21112,45344,48138,04012,43083,89350,77305,38210,2A228,76038,30015,77453,21046,97129,54414,40244,82165,51446,61180,16329,27622,01110,76447,01179,69043,16097,28229,03136,56204,12164,77185,34342,42230,25425,62524,80538,85073,76422,57388,60154,23255,59348,68022,43071,84126,82127,80549,31181,69382,26002,10119,92076,57716,80132,46137,33249,06153,07032,02688,33169,31576,88283,43028,14349,66178,24252,26147,38467,55357,80778,55360,55206,32367,16334,80248,31448,60682,74119,37136,17375,53196,02512,46140,02686,34140,64556,22103,40214,69122,61001,45045,33526,65036,89463,51454,06047,86093,65263,60263,15094,34127,88038,14475,76686,62091,86289,88110,89119,52541,44050,56039,10154,29282,68160,17017,47178,14355,32212,78217,18037,34305,25295,08067,87074,72211,80596,23217,09249,52044,57108,46194,58313,31141,68342,95063,01262,26030,14167,03292,67388,68277,09058,70467,43188,2B302,15010,82037,25307,59397,86063,59360,2B169,67292,69166,24005,63005,21029,02154,63319,55196,47311,15188,50252,02019,69063,16101,04166,77464,69093,25496,70299,23120,81114,25419,90046,64361,26247,70200,23205,08456,24018,79030,27076,19083,2B289,39131,66144,39145,31252,34316,88104,64432,27685,60463,34291,62604,47272,11400,79217,47162,68151,54011,77035,75109,18218,64426,08032,11131,31278,33060,72045,37183,34278,28243,49132,42126,16397,25317,04004,37043,57717,21417,66119,2B220,84109,60126,43001,32159,91534,25314,52126,86013,87108,35165,05027,57004,54190,80605,59288,52482,02273,40252,18140,02732,10371,77493,62358,30238,44112,24130,55014,35233,67069,71267,58220,44030,76189,90022,17316,11313,40109,60304,21305,22356,87064,35248,26091,74172,43192,50506,78621,58231,15121,42153,91471,80355,68372,44022,56047,69106,80260,68375,80374,84010,02065,56114,05001,89017,76655,69096,30230,27134,88506,89075,13022,35331,60033,62668,49089,37149,65156,30056,88033,07165,59225,74197,31264,2A028,57150,50342,76305,66066,64516,52088,52235,51449,89191,80832,38101,07273,57438,41060,86246,15005,34261,29084,47253,05122,50165,14751,76415,21404,59486,08382,89375,35044,49377,68035,14276,33103,59314,67190,02392,16263,11101,88077,32100,70066,09180,88216,91038,80498,30254,19208,60361,35071,77450,57212,79357,41001,57365,84008,78591,15040,58006,82054,43251,45200,40122,26259,76344,46165,47136,02254,26190,80568,78324,26249,78653,16335,63324,80452,04050,68169,54092,41193,21646,35202,16133,12054,03021,57741,60227,90075,48091,61122,33159,01079,70545,70025,08119,70193,80519,77404,38410,22269,77069,40237,76475,88411,71249,45165,12186,55219,71020,55547,24484,23198,40097,12255,64367,70259,26213,14515,32071,18221,89261,26224,80053,23136,88103,19144,07138,34131,82183,30270,79334,27151,21315,39409,62199,80800,43182,45123,72345,61215,78300,58060,81156,36031,11370,59515,88436,03029,71058,26376,89279,37210,80119,54531,10313,45060,06035,62336,71469,81098,91136,24039,35320,31284,24214,04222,23144,36059,30293,01047,38469,25417,73204,80642,14039,66143,33122,26180,88509,22135,65113,27614,36135,80420,16135,59194,16038,86286,65137,26121,54421,49240,71376,38323,17377,25215,09034,39258,22327,95379,02697,89171,59403,32126,47222,14668,57204,01060,53135,84116,21601,30187,53198,21377,70050,51178,30304,17015,56229,72172,82114,37062,62749,28200,52089,10336,17211,16364,02541,35188,44039,65388,26206,73008,81119,53061,23041,24088,65231,58181,27091,49015,65465,50445,73031,55081,39043,83067,64052,21185,65449,91016,38107,90097,97212,09308,38084,80663,2B178,69186,69131,64325,65015,53165,61126,48099,85193,31361,45219,25271,93055,91667,18237,21589,58237,63264,63044,01184,30064,29264,14453,25379,61405,11416,73180,10017,84141,70322,76116,42285,31351,38239,76564,95429,28067,67275,61216,45062,08254,53001,31292,06135,40080,16211,52149,73107,62009,16261,62435,83079,50361,01298,10112,12056,62437,63383,79108,55013,65403,37131,88387,04229,28016,59289,89015,12063,42007,19187,33467,23034,38348,73105,73234,76521,61298,85177,60250,63002,57557,62360,22323,51250,76359,31296,24550,08024,27367,68032,17454,78455,39164,41271,24585,78193,02067,17098,61326,14206,50044,40021,08272,48116,33065,68030,31381,27324,57034,62269,28333,41283,57633,71005,77325,78206,87170,15267,76174,65187,45189,71479,39583,74250,51450,06089,51065,21644,59176,77401,60181,34224,42204,31530,63195,58276,11091,58036,54406,88409,28005,91097,87177,33311,68359,32327,30014,65251,51553,55367,19080,14754,55128,85084,47204,64081,70104,81039,35058,61011,54521,69178,62852,14543,41024,10418,51520,72216,57128,37023,14383,24014,61084,31091,05148,89267,72233,24398,63447,28296,21441,62364,67523,24081,46265,66226,32324,24007,32443,2B063,21277,55334,83102,17149,06039,54598,24056,25296,17255,62222,01454,24504,70342,02351,84149,23084,27603,02349,02725,68316,76693,64360,10445,34001,25113,85013,62468,53083,30137,40145,86203,09310,40323,26276,97116,67360,26103,55384,18095,80575,05021,46276,70539,11425,93001,31452,68119,30083,35211,24287,36030,29014,82034,74191,88529,47327,07099,21637,84050,27533,12045,40079,62690,59492,52207,95091,55167,41285,24536,49067,24569,81123,12104,54096,58037,08338,84107,50496,17151,11382,38207,51387,36055,22161,76035,71458,69010,02808,38083,42009,81279,02632,28240,64495,82013,39107,38195,74020,54182,41089,51513,47013,27219,02323,67397,84025,22243,69051,27295,18274,71427,59383,22319,78601,80278,44084,85152,88332,40040,88247,44023,32371,39511,57594,35236,32377,26041,72315,02503,27045,57461,41125,32098,76164,52506,19041,77051,18265,62127,31311,21320,59187,57466,10111,67400,31220,10127,85147,59569,66140,36025,25097,67326,02220,29098,80541,44155,80781,81024,73277,76196,62072,23187,51592,44183,24291,70240,82007,39508,62038,49114,31238,76663,74289,56111,25267,60514,24560,64527,28343,21345,76072,14541,31378,70237,51633,82084,10409,22264,60301,13212,33500,72311,59064,47263,31279,50023,22035,91109,22241,38246,62635,80118,21098,03226,14271,45316,46322,62097,76241,10278,08126,10117,54206,53073,75101,25340,37092,09002,28173,50618,14554,76717,19169,89354,47167,06128,77200,17247,51631,24525,57587,53263,71129,89064,58073,43129,77408,53214,25505,51239,33357,03100,78239,81286,71209,92048,69296,77452,36016,65053,46190,15006,74095,67233,17284,68195,40208,86149,03242,42168,03301,60137,74243,71176,01410,33143,71365,39554,49008,62126,59513,39525,67165,19207,67288,34250,23091,33385,39471,79064,2B039,33524,89081,09109,64545,73033,51241,66160,34100,54298,55356,25039,23166,81076,35280,95229,31346,57701,51491,79235,52447,71230,51663,77039,71409,18130,19162,73028,01192,71303,14452,88114,61140,21372,59434,70364,09201,08374,60618,42061,70265,18159,57147,79020,62663,34289,71300,86026,67556,52122,29101,31058,26343,52067,58283,70414,09008,02581,24347,63295,34023,27330,68379,12229,01150,51081,64244,54563,29295,29105,54218,19051,07108,03173,04138,54328,45317,29012,27235,32043,05161,29116,49248,59545,64184,62550,67268,47138,64181,31164,36050,15086,05109,06081,83133,41138,65006,28157,72369,18004,32189,21107,62506,72024,08030,09173,88407,50402,57469,97216,06148,57197,11322,78015,54442,16173,74188,90019,60684,76500,33349,82015,82102,45129,62568,79133,10053,58299,43082,24384,40243,69220,16255,62263,63343,70452,79119,07205,61063,65278,26291,79009,16229,58270,73311,38427,68101,50350,19199,66073,11209,10087,78031,67094,86300,60460,17086,86137,09037,39080,31294,01180,46198,02511,26217,81134,51134,12248,74260,43229,52108,37161,79332,55532,65395,73210,93077,74161,22050,77232,07221,39435,57595,14371,70238,31254,32245,27612,08317,22353,57714,34178,08450,39109,19284,38247,76234,68026,47207,86115,51035,39004,31116,25132,63031,90034,87071,68307,51285,63158,21660,27326,17293,16002,33393,57521,06050,02650,51413,79226,79066,47060,34283,12213,69230,33120,21355,71153,15198,04077,76641,51001,67074,89074,62172,03040,18150,77104,09305,16098,53232,07119,61251,32445,21714,23244,38271,69075,15095,50072,05053,21295,08472,55512,57149,47313,19180,78283,14538,27457,50579,70099,22084,25059,68027,78562,10030,77226,40233,72217,83060,67364,59240,14484,80186,80373,89142,05039,95543,71412,53191,36010,01149,94004,24011,07209,57558,44067,43218,34049,76727,67132,32349,85148,42214,21540,89309,83029,63153,51428,62632,33444,14381,12058,63226,78620,63184,74210,62230,86237,69268,77116,70464,80486,57276,07310,64125,60050,63027,29054,59645,21708,62469,75102,40181,81171,01081,50251,88492,31504,19006,72221,64185,21416,40028,14431,12082,50273,31049,12289,72325,22265,71415,60108,64509,34081,61291,72043,63413,59444,62449,16340,76425,60636,10389,11262,10027,62681,24231,76552,54027,57124,60160,34121,72302,31092,60391,46305,51421,72290,02296,03254,63180,07054,83001,33208,86044,08064,34171,80695,45176,66127,15147,15079,59435,62330,42134,01405,57029,70581,28424,97218,88188,74228,22032,86220,54449,08036,55108,57141,62563,31383,38397,36097,81018,26203,72182,70084,2B343,33042,62054,32391,39505,38242,36131,50457,61080,80826,01160,64555,36053,71147,02480,77385,50598,11210,02310,41113,39300,77333,51156,76545,36044,37003,54072,22054,78071,71290,64299,02551,40036,68117,77179,25626,59004,91645,39517,95157,89456,57623,24255,81280,88058,61347,76611,30044,08273,86284,17383,54301,62450,01085,39192,24307,01407,51029,61330,56112,21026,33051,79200,34201,11413,39560,38472,74133,21529,2B164,33361,14318,53240,32014,68380,64482,76398,24221,60320,52184,48048,27263,61149,11046,76250,16119,40171,29201,63205,42122,27361,50111,68338,62545,55543,03230,62173,77121,22389,24141,54420,25258,76499,38276,07020,44111,02675,51566,11368,21151,81118,72138,57624,39368,51508,42198,35141,57568,40300,30017,19216,97132,70438,58241,70292,69100,14352,48188,01143,07170,76518,63017,08104,22099,25492,16029,16077,76142,26194,48135,31493,26126,63244,14269,61072,26004,77519,91629,48149,32078,67148,13116,06097,39236,82046,65291,59253,31549,71291,67337,21576,38407,69270,21519,07347,70250,79256,03244,67049,71302,02304,31473,73188,80819,62141,77266,09097,88231,47064,30050,55087,15037,42216,62428,70153,72274,59363,32386,08059,95395,21598,11242,40133,31146,67208,23012,57423,18213,05118,37156,07101,50334,91425,54212,62073,59213,89117,51461,32158,01404,82133,80035,89006,07167,38458,91631,65105,66032,09219,12158,15026,27050,81185,21168,33077,24267,57280,64293,24386,67266,17292,97226,25558,62776,64403,57489,26311,52472,38347,10116,28346,66008,24180,88041,60072,61424,77419,55272,17463,18015,80348,51612,82068,60414,58071,80586,58198,85123,25468,67141,54115,35231,76014,02694,80535,80130,57143,35229,64419,60164,38182,19028,14743,27683,52104,12041,26252,62497,37042,02463,28194,50469,62734,08385,44053,31388,15053,21525,11135,50570,71346,88274,88228,55563,78401,09285,17308,17446,54555,88285,89432,59365,38174,21405,11418,34154,02368,2B120,80707,29137,88070,64086,34331,78084,81272,91235,03186,18061,90070,50260,21122,27670,17006,64046,63456,40180,57062,25381,40232,44221,54470,57491,57691,57733,70190,21300,78262,92024,10207,73178,59430,90026,40172,06052,38520,35124,19048,87044,61362,64038,42083,52232,22383,35065,82161,62400,02656,14027,40089,61208,39048,62466,61473,02627,30105,31543,31590,27179,07332,80056,35096,27037,02546,01134,83143,38235,68275,64078,85256,34176,28038,60485,37122,49123,02156,08250,12283,86230,36232,51613,72237,19269,02790,94021,08187,35358,04084,10022,50528,08344,41141,46177,64282,46134,88201,30326,74082,30349,97225,38556,29108,77027,47055,45077,53257,02678,91207,66230,02192,35146,06139,26133,45053,71188,67199,88064,71011,54244,22133,43018,60091,62836,61101,33154,05044,72364,70276,02230,50548,57120,61512,32157,57364,18046,24031,66045,46238,45213,63336,54172,73161,39032,22085,76225,67443,52182,32030,64304,57080,70009,24399,72052,25489,58066,88462,10215,62339,23089,19195,25046,17245,28068,28285,73128,32306,74064,36037,70301,88004,60209,76321,51303,50219,82132,26221,63177,31508,74154,57024,49180,81157,33414,57598,73140,59223,71344,59145,26070,53054,38341,58266,53230,46128,71135,11335,32016,71566,71559,62521,80036,65058,21135,59071,66064,17220,26281,77201,09309,11151,62019,25346,93061,74072,68033,28092,02157,71570,11396,33112,44173,23082,21434,19103,80395,28373,59455,26292,51485,34163,24443,16027,31067,25540,61242,71446,80043,60218,64196,09298,95652,39292,76336,30102,21255,02450,26102,60101,87190,18188,32276,63342,86244,26367,87060,39193,10346,59031,58102,82154,64429,38149,60568,76530,64192,32003,91511,81227,76513,41098,25403,49130,26036,86107,71115,71044,73302,62380,53128,13090,02778,86266,39503,13104,97204,86094,50483,16086,04144,34195,58242,50048,68107,76651,2B320,61055,86255,28409,19081,2B239,64450,24302,36140,16317,72277,41186,40299,59668,68079,40169,40189,52132,31230,85055,45033,25301,78246,28245,50634,01301,78049,77178,14501,33317,51432,27368,55303,18184,08203,45193,71420,55416,59192,62409,60478,04173,27271,76066,29202,08025,26286,52288,76409,22276,64488,02005,44102,60689,73120,17318,52298,16368,01289,29269,54446,21226,28263,51596,69154,39304,60285,60659,57570,09019,46149,40163,70290,60367,89451,34209,25382,25054,88179,16282,43166,62194,45133,70065,30164,65110,72210,80762,10326,51086,27167,61476,54141,70015,70327,60365,22288,02461,89018,60350,11213,64214,79338,90014,77225,80210,33539,45075,09031,54544,65373,52171,52488,54199,76181,31593,48042,62814,17099,23122,03016,77527,01334,80142,62139,40093,76294,59402,77392,18143,40112,30225,82044,34086,55460,23045,64552,51381,26153,46087,61243,71377,61224,64283,59115,87078,21577,63125,24131,55055,41290,70143,51126,25345,54104,27353,86172,45092,55103,23086,37130,71451,36078,59653,21715,36121,46073,67356,27586,31133,01419,32009,62804,17094,21182,95580,70426,39009,50158,21653,51313,55439,35050,23192,84053,17239,10217,40155,34155,60515,57547,73019,22143,46131,54303,83106,69076,45022,52322,81162,28423,41239,39498,76182,28058,68323,45042,52029,01265,52286,43150,09151,76460,62324,24116,62817,85138,38187,54127,01309,28367,97128,88325,66162,31270,46157,86151,61464,25155,70397,71113,09261,78322,63409,82006,59612,65385,13097,89032,02252,87031,86015,12069,80654,39250,16050,60131,65369,03176,2A189,22209,10004,88163,60381,84030,23233,59111,72252,64455,01276,53027,33198,38464,62892,72378,72373,52256,57322,15241,09128,92040,47006,76341,56045,19094,36099,59449,12028,09281,59478,24215,87120,41269,62014,88062,02542,74081,15003,37181,45201,74129,52364,08364,08283,28211,17322,12278,30159,04108,19056,29043,70430,87135,85284,07219,31583,97108,27027,19071,62329,62622,16130,07231,72227,31050,59556,25016,43007,55069,24436,24205,48112,76276,52205,95424,22093,51425,77124,78530,80322,39351,02534,32169,54073,09021,41134,70273,67057,72214,74053,07254,65139,30247,55516,70578,46210,08303,07159,06079,45005,60540,18114,17484,02374,08092,37110,57334,65279,79096,40035,60479,52396,76743,64312,01336,63379,18064,14654,54254,41180,59534,61030,01191,80134,30213,66090,02592,03267,23125,24177,45011,79105,64435,51025,80644,82188,58113,53146,10252,64442,04230,02582,58105,91507,16072,51474,24012,77173,77368,81006,71368,91247,32154,07174,71229,57333,28130,08467,27269,02390,24574,54565,02228,30134,49138,46328,02343,01290,25230,32439,76526,68019,60397,02355,38355,02689,80001,45103,57083,65322,64468,04169,76339,67330,35206,62010,86253,25597,35276,64006,15143,67335,38374,72350,73216,46239,17164,82039,34013,06070,28370,01158,57455,33229,88482,51298,04112,25402,89447,19209,19016,42304,11096,62365,02298,60603,67506,47298,54201,14138,47238,91332,22376,27428,56256,27580,62102,90054,71419,84111,77433,22009,54422,25202,02400,54294,32317,27398,50637,01209,2B192,72241,35004,51113,65007,14291,24455,30085,25263,27644,71273,76387,55257,18119,63370,62576,33069,44019,51157,43148,62503,25457,24058,34219,26083,22136,71434,11168,55284,53056,26274,71356,67424,04163,54512,37020,08426,29299,33555,47255,63424,90006,38078,38443,54407,72283,31441,67403,73228,47146,31359,10133,54222,09104,17357,39512,53264,71392,51544,39170,71583,88097,33370,76016,21437,27040,04240,21353,17298,16290,69219,28216,10310,52129,45339,80124,48031,14181,39189,89416,45034,33376,36178,88084,38081,89281,33282,79092,63421,50121,88003,26326,04016,94047,82033,85243,09056,67039,39586,14347,32147,51272,03194,10392,35068,28076,57542,03252,50166,54367,43122,63071,85019,17279,24416,60028,76345,02566,36054,45091,54597,78329,33271,47234,74070,68049,41104,01286,91216,30138,58040,10366,03148,57387,83128,10431,80468,64024,63086,67342,14678,80174,70338,39572,36096,79016,82078,34188,59164,67139,28113,29016,62053,79018,34325,19200,71482,09271,42279,63134,86048,97309,66166,76151,89016,33064,62731,76650,70061,65288,81095,19085,37221,33346,56250,48129,02674,71379,83057,02787,31592,60620,44168,25237,32224,97102,27149,10191,82050,76166,36199,53163,40260,76453,38216,35351,58245,61262,61182,58267,02730,86241,52439,89145,15221,22311,25370,85242,28006,76296,55197,17056,81205,39183,21595,05089,37009,65303,30053,89182,50109,21292,59429,31192,48096,13118,28349,22344,36056,62658,19275,62753,47296,81269,80163,29055,84101,27176,55569,21257,59265,28267,58151,02528,28293,67459,23036,31440,64176,81003,39457,88131,88180,02770,31418,40081,09177,12026,07124,54389,30048,07149,28046,2A041,80045,62408,76369,70233,77468,62784,18102,33148,36008,21310,16310,54527,24457,34047,59323,55271,43094,69098,59342,31463,97601,22280,69089,85082,65088,18217,36066,10256,32022,26240,09193,86120,26098,56128,50115,73078,77006,70202,78522,63248,46100,21034,71072,35149,15075,83145,42191,11092,54273,02129,39208,14646,24438,40121,76082,24492,14669,01288,59277,64097,71399,89394,14082,17176,79285,14491,34167,44061,42068,14745,09146,17128,34256,55365,32148,17147,31078,14096,37185,68245,17248,88200,59174,78470,71091,62727,15024,40094,25416,21248,89273,54528,78302,25145,71364,61497,22101,41261,12277,03149,37075,01252,64357,71563,90068,38208,78472,18192,89336,46229,51211,58003,62129,59188,24202,56022,27094,29038,02508,31211,74285,68326,36009,80430,73191,83033,22196,02219,60058,54409,21470,51475,31022,65235,62388,70185,56177,42331,77053,43123,74138,71183,25197,76649,87121,11193,05124,21347,59555,77515,21545,62832,80098,54268,89353,24483,54269,32057,04075,65161,65275,61164,35279,77330,02502,39289,46324,72261,40032,14284,25584,09009,59010,57132,26365,48088,06099,64422,61361,43117,93005,61284,57580,67010,70368,65116,80290,95212,02548,53057,33031,40254,42332,16377,51077,22033,01025,54508,54382,65173,71149,25047,02696,28246,83041,80244,58218,51598,60152,55172,86260,55075,32353,31350,32281,54009,62239,14244,10237,46062,33167,32309,80543,14752,25161,70157,67380,25388,74309,50387,83050,50513,12159,64194,76053,03171,31386,89098,65023,66018,54276,74051,46120,19240,61046,26205,65345,80658,71080,39365,64005,97233,41034,80215,27051,02376,57225,64430,64410,63141,26308,22363,84065,60395,46066,23103,32304,2A254,37234,54417,39328,57573,80599,52399,76195,72327,70344,25575,62805,67270,53225,47288,38200,55531,41154,81104,53265,38279,36158,72255,60429,37015,29024,48187,50016,52424,50240,31184,50209,01005,28120,52443,60405,39329,71367,70496,19120,23025,2A295,55083,33011,59078,51532,17008,30340,31501,32026,44224,63070,37278,32290,64369,55450,76732,46147,35216,08240,08490,47218,64002,2B235,25143,22202,27307,63376,39326,01066,67052,21423,29237,63064,52047,10056,08004,34003,32082,89312,76528,69248,21329,39217,24354,55154,39143,76093,62299,40164,26316,31486,83006,76379,59220,29278,09275,11384,42146,62791,27204,34199,56253,30191,46184,95313,21215,48145,22219,70222,62809,57520,64035,52240,21224,26248,67002,28385,39491,63341,80168,80160,55220,57448,02520,64267,69179,41155,86050,08328,59347,2B194,48140,80368,46115,37096,76134,08498,78550,71056,19114,56061,76086,30331,17217,80465,70283,02800,39120,54113,79322,25051,67246,67019,14389,71015,73075,80652,30041,31062,95150,59027,12095,64517,73316,53080,73170,67264,71329,30197,08061,61013,43054,58308,35356,02269,27220,06043,34085,26076,11408,92035,51382,80335,07259,04161,78349,62487,31195,32381,51586,10153,44130,02432,24297,80527,39327,76224,65280,02034,18076,06103,88141,73160,57091,76736,71327,23204,72200,23039,03162,17092,31459,14582,86059,35023,32015,46240,21036,31394,02550,60258,60153,07155,42259,64257,16254,33448,38513,52320,07095,57599,07202,77490,13073,58106,55143,60567,39279,08095,57241,71331,07317,35063,65242,52504,32001,18106,97303,78517,55109,63329,31460,23147,15134,64132,04009,63204,39116,32446,71435,70216,65407,14132,17361,58019,83045,38320,51505,28035,08010,72021,80361,74286,48155,37144,45187,75113,54471,34078,77184,14652,72260,67201,82104,67553,71538,33302,81143,22313,68324,14141,95487,01204,54582,55459,47177,68240,02121,30049,42019,56168,62249,02591,16250,63416,71466,85227,27138,06084,26191,31453,08038,33284,80488,70390,33549,40207,78420,31137,35220,80763,47109,81253,76307,18060,77059,60159,77273,41081,21700,12189,77176,39413,71521,12078,12110,81201,38526,59544,73032,33192,39054,27056,33006,64063,21379,48148,55519,70544,21649,62480,34112,35027,50535,54059,19113,40304,22360,02221,62795,23257,02302,45205,41203,62088,10426,34149,21027,16215,21468,67479,47028,26207,40111,33533,95574,81263,11078,76637,30058,2A154,14362,76554,62499,14707,15246,50593,77038,60068,86080,71585,91035,32295,22278,25446,23024,02805,10404,72292,60040,31569,39380,02151,29273,72091,38126,32419,27039,62874,80113,27107,55252,70178,80404,02741,2B185,09209,86117,59361,77423,31076,45012,66097,70562,14740,61357,85121,05114,51391,17109,65254,35166,80722,68211,38128,62903,08400,24326,21692,18273,18267,55007,76560,24160,91665,16188,27073,79254,80676,15141,63016,92033,02367,21194,27069,59152,28004,57631,35072,79337,42095,77283,86025,73141,16089,74056,11025,68332,04126,65378,57294,37039,26220,17313,54486,54071,31427,07245,35246,69123,67557,54107,54457,89482,88449,79257,34260,88395,60366,55424,22352,76108,21317,21242,10115,71561,21508,90050,27697,11371,52489,62769,57253,05094,33473,71272,51580,33066,61219,08005,59025,53247,60042,38231,55043,43160,78642,07207,18129,28193,11023,26349,54357,66180,08195,76759,48126,54390,35054,67396,31372,84137,41096,11066,33090,57009,31013,65482,71398,88042,05074,34205,85229,34157,54548,71160,49341,17297,04118,50150,51015,57583,67498,81212,51040,31041,74290,62865,68246,02493,83109,76445,29112,76670,59656,79207,80039,80811,54497,23156,11130,76740,10309,80813,16249,31447,32416,49284,46054,51534,39561,17105,24394,51424,97208,68298,49259,55336,59509,13018,82010,02823,06113,62162,67343,52325,86034,66186,16196,25422,25534,62040,46309,21155,15216,60284,60309,02458,73275,63235,43013,17057,63368,60393,38379,62356,22114,56173,22293,35168,61440,30333,15160,57007,77267,08046,29228,43242,66232,09033,17428,51371,53202,42287,33431,73189,21202,79024,62114,50532,92007,88369,67102,71347,62247,73208,89292,16061,52287,13204,79345,88511,72269,88381,88322,63394,54453,52476,40049,95610,17281,13008,26263,08435,50363,88187,28249,53186,09114,04134,50265,89266,62745,53176,62719,86178,64043,47248,68136,54183,32404,05097,21307,77272,27468,38134,30173,53008,47104,53100,91339,88501,47236,02055,57263,21062,45314,10383,69174,58186,17085,69162,37251,66214,2B157,19220,57761,64319,35110,82174,60189,80580,60471,64053,03121,32090,63473,40282,71012,24423,60205,50217,80442,14438,65052,21271,15149,31007,54515,79083,89093,27316,17199,53102,23252,73270,25278,59498,38437,54554,52468,33491,80346,62909,47265,58224,73096,36173,14041,02074,76392,07338,41054,63437,42303,79225,87088,27072,52303,38236,39394,88314,68001,39527,67278,80616,10102,57272,66220,54304,24348,31335,09232,89207,76200,02246,88100,76437,54024,18137,35091,32068,70186,15155,33094,35343,45148,78451,21432,89048,84138,14613,39259,38505,18238,19259,77190,08116,52128,26096,03048,83114,71136,95658,67282,61276,51333,64549,05178,59519,62346,57494,25191,14588,17108,47229,32299,60019,74304,24517,81237,27014,80274,60612,57593,71457,71169,27189,77391,01387,21398,02031,31442,14404,59654,46079,58244,19176,55028,80700,08348,35085,25604,65295,95447,89096,80153,80267,80677,24154,85005,27079,41110,08315,25367,37012,06053,10047,81261,79122,60147,60653,42053,50615,62209,02562,26012,02036,21655,35090,68260,25184,27454,60425,33135,74118,25259,76589,95169,70252,69234,27085,88055,88475,50464,49369,71381,10386,65456,21336,01453,40216,01148,14761,85047,67507,47021,14572,21071,88358,23194,62533,45043,24256,39141,67055,50454,45036,70134,38442,23031,33310,71450,91315,61044,80158,07053,30152,55040,46203,64295,66205,57121,02737,61448,55456,88299,22324,33188,55521,74211,77057,70111,34058,08220,33377,46254,63199,70484,48041,21552,01343,21533,18059,35319,71416,76624,90008,17363,81218,80371,87022,62055,54599,15077,51232,33279,21343,27417,76393,63349,80125,15100,04208,71167,14019,43066,73263,70554,44209,25095,59502,55330,81183,32261,10196,45250,45233,02691,35101,71542,64226,49061,31228,12007,64202,80386,24075,36194,74189,11351,56052,65026,17210,62031,70295,56219,42178,91649,22109,02308,65123,03161,46205,30177,22359,47085,59636,54355,76668,11356,41027,04037,76187,28163,57130,21183,64212,49334,41019,77026,81004,77171,60025,86205,33266,56199,51296,07237,73290,74284,84131,37035,32448,32368,77186,24456,34169,77397,91132,51327,50399,57609,11035,35239,26202,17264,48075,77534,10265,68059,76258,08071,38484,60113,80493,64453,43190,55490,70329,62253,55333,89280,69140,60605,54275,88108,27601,80777,36082,14285,27638,65219,62101,69077,21286,80751,02494,47224,42316,28190,18120,34056,68261,47179,80227,58011,51194,42152,70513,86193,62879,47150,18226,24053,25463,39202,62606,15257,73219,2B110,71535,12219,01026,19073,65316,32275,76600,06009,26106,76155,77234,14708,57670,27699,61232,62146,76738,64349,63032,01022,57111,2B087,08066,95061,60172,69187,88298,17046,66107,61261,46171,64397,58208,33071,32256,68262,95341,41293,68044,03175,51290,79149,54233,77257,14336,58080,17249,01229,85160,01432,74025,86200,29279,24403,2A323,80262,72307,64328,02275,07090,30343,36187,30171,72002,68386,50529,27453,39172,30309,82066,59142,26170,17262,91546,40193,03296,42203,59129,05055,49332,67406,25133,88198,47001,16175,38097,84046,71359,51486,55289,30126,64281,82190,62625,54495,53204,12038,59102,32328,76255,31130,19205,33503,10351,14741,19015,27536,38152,19100,77353,01291,76026,57401,62883,36069,56241,87186,37005,05038,30241,63168,72236,80461,47323,03170,80127,39534,24535,30226,58199,26117,57037,16242,54126,86158,30160,63242,45246,65119,88345,15265,64476,24105,64398,53003,30200,47267,39555,56155,68100,69018,45252,57556,50062,02593,18070,25226,59650,48136,54114,72163,65438,2B015,46251,45147,08031,88398,60201,24038,14660,76532,89349,62138,2B301,44127,38158,16326,80827,25218,16066,55443,54004,76605,41080,54602,16074,31433,46043,10280,32450,78380,25060,54445,18275,59002,76167,40067,58214,69031,14744,2A240,02751,76243,14216,71328,08320,79095,79101,28386,27692,40065,39335,59156,67559,03311,59286,28337,60056,18152,39099,60442,39387,24412,69177,79223,56252,31158,51342,37182,97305,64355,65178,28406,82074,42139,43223,33496,21616,36221,76515,90080,41260,08260,53206,25312,29111,33211,61508,87111,01237,38557,51588,08194,90032,10099,88401,84075,51360,80455,31122,87065,18054,23142,50390,26073,57203,64306,56151,62042,79166,34228,73079,67463,51142,35186,31109,15097,74163,29144,11376,85205,34032,38451,22018,62289,02380,62488,16182,51240,02041,55017,07132,13072,26104,05093,47266,17177,21060,37179,43142,64466,63327,57497,80638,08305,33016,59076,25078,76747,76514,77260,39095,67558,21180,95352,37225,61460,45150,23178,70225,85156,21325,03166,24309,14275,68282,83049,39353,19096,26105,07017,67422,14250,48095,82049,01173,61104,64305,01214,38062,71216,27132,54287,57693,38336,38560,57252,56099,51289,21615,22351,22076,38466,47305,36080,28357,32171,61283,79104,57728,62824,68013,70450,11153,27113,88197,51080,27155,03012,62206,21534,21004,78230,23057,86170,69081,36220,41249,45041,81108,51419,77248,25114,08279,17019,97112,27623,09045,21209,89400,02828,07243,21499,77421,32314,54370,38071,87114,51292,64011,82156,17097,23096,47254,2B182,05056,67212,08274,59597,21043,77070,57720,80238,14319,61332,25608,51573,16251,16009,68237,69176,52280,60128,08485,68159,60354,16384,42133,53033,57617,03227,43021,36043,53022,55378,08041,50546,89412,80556,01372,14348,94017,25108,12214,55427,71494,33254,22174,32421,43236,13039,27485,88289,69273,50155,88334,62062,37190,29267,70156,46106,57131,97421,86294,39403,76585,86099,38551,36214,16037,03034,71133,89464,03147,17312,39216,80436,10029,52415,86288,86097,32076,64026,62279,09140,43091,16421,21629,17171,49221,56237,59169,71357,80569,21088,71054,36070,36144,59579,09132,89226,54492,75112,32321,18099,50143,09252,13115,29261,88150,01283,88075,38027,11387,84118,71313,02018,67106,15213,59563,71022,70298,24501,28287,71301,86189,58054,14091,23111,46145,33238,31574,46153,78362,35245,85129,23069,70516,70320,51607,55373,08022,42175,81283,62240,25242,03189,77033,49092,24485,61336,59468,08469,71551,52278,33466,64554,36123,38224,43055,67025,50480,80101,18162,77261,88171,70423,16378,68268,23116,09228,39072,19099,54257,61123,42220,80217,81262,2A310,28362,47237,76207,29060,62626,67483,24496,23207,17338,41036,62307,14405,73095,50409,91312,89215,25384,67271,51551,10180,13071,10281,75119,22081,30125,55520,34172,31069,24142,21436,64151,52524,18173,10052,77175,66198,88090,02120,71126,81001,25321,88408,55544,86223,26271,17179,70565,59160,53158,06098,27693,28172,55484,89189,32095,25547,78444,02457,32354,47020,65463,07340,63224,80662,21101,22188,31075,27311,2B202,38545,58222,60588,41158,59109,01213,72042,52295,77134,18247,51583,48043,25414,74027,13025,65210,70550,34152,51418,65051,38223,78354,59495,54078,53250,89449,55254,37021,86295,80560,26360,64348,11021,78413,50298,11428,38127,61461,50472,68259,54423,80615,45138,71094,64322,39085,47074,05065,70234,2B184,33383,47259,72185,73110,51638,22060,31565,60483,71448,86012,28232,18215,24542,72272,17133,21167,80561,80496,53200,70481,72013,95426,28313,67128,02442,79335,91602,74107,53219,60061,14177,38486,06061,84120,29189,70310,89472,68350,74077,62061,05139,72100,61218,10216,02174,22274,29120,78502,24477,14149,18001,71178,63471,25623,65108,89379,10021,15089,77062,44223,18266,54500,19155,32092,80147,55121,17351,31544,58246,59588,38138,17233,31559,54291,04193,39437,73292,08006,19227,51220,46308,82087,02810,29146,52185,30013,21451,55222,34070,39034,24241,89391,64246,80212,07114,02106,68306,54197,35189,76601,82064,55348,35057,27109,12231,57472,73129,66080,26236,89159,66148,2B329,71141,69267,45194,57680,60501,68258,71263,32252,76665,13089,33356,51523,07290,49236,02332,44205,70388,16418,57565,32390,11187,80794,22147,27599,80803,60027,54042,53025,97220,43016,22333,79307,03203,62513,05104,42075,33543,86104,19165,88444,50289,91635,62006,77022,31010,41088,65428,37208,76634,08448,57192,79148,60430,95019,35250,31403,26321,01451,25212,72209,59305,88321,02159,60193,63059,88050,43151,58297,47066,82020,16024,08503,64136,35207,33435,52450,29109,59618,62078,21296,46104,19245,29192,30222,83094,12230,67462,81217,15110,53049,59197,84063,63289,76280,44082,28236,69297,73269,60518,30095,14241,35253,67513,17034,27560,69038,07073,01434,73182,04020,42073,65268,09314,78048,60590,01423,06038,18091,09113,76054,63131,04087,26329,72317,33123,88082,11395,02401,63001,55359,61374,07233,95018,67450,31115,54077,52201,57426,14650,40086,63219,14701,68297,76302,70280,11393,21218,06008,71584,09245,68292,16110,27584,57645,88258,60295,14393,10324,25018,01056,29134,37115,76590,01242,77533,52318,21228,10164,62840,77123,65238,81065,02189,70208,83153,64105,80579,76314,70227,31134,45013,01456,33022,14335,24473,02093,63124,31215,21348,51146,21391,50578,15235,90066,85208,21573,02125,38465,63355,67291,62672,51478,24216,2A098,15207,74016,31528,41071,49167,16220,42042,28342,70020,57692,40293,12128,86263,67524,05033,85134,04025,14046,08043,24019,65443,88391,44024,28264,63107,59219,39447,54307,19152,68210,65060,40044,60398,17435,24063,78087,89460,32194,32420,29182,35038,54345,10150,81229,63090,69132,58041,62557,67394,84106,36017,80364,65287,63436,72262,67407,70553,29280,62599,77162,50148,67329,11222,10279,29197,64492,17460,88161,79071,67156,65442,21650,58075,52519,40280,04154,76153,43201,50429,76315,07011,55004,70447,66189,14424,66103,57663,63303,45342,26327,59625,09133,24321,72305,45027,68367,16346,57754,51028,69053,19044,65085,28111,88413,24122,06069,40236,26313,73085,54262,76313,55173,16144,29250,52373,03084,31026,62792,70232,37081,77101,03144,64116,27423,39415,85151,38430,47170,45143,70195,65074,40012,17472,57287,25121,18182,17263,28170,32210,17013,60633,51110,04141,81035,65282,86169,14289,60573,78010,54510,57001,12120,58111,76238,51120,57307,97401,60559,32008,14274,72095,34050,55323,46121,61272,54530,57089,15263,12070,52084,31225,88489,72357,87014,14140,66175,59503,11012,28151,74239,35144,24573,38095,64080,22059,71489,38528,76616,51431,50232,97115,27470,77439,57667,48185,13062,71165,31302,18212,51438,13216,37105,62291,76004,67444,66124,71047,27285,79015,11212,60382,62678,06152,22284,54306,32177,51328,88037,35003,67464,97402,55546,57561,86192,17168,79306,61130,57739,58239,42227,10355,24222,36098,40333,26328,27038,52327,79002,66035,27031,57057,62771,21066,03303,15041,32355,27170,27635,60206,38409,62405,73021,64083,73301,44194,89359,14644,57058,57347,52328,67456,76260,55534,09247,37240,68378,11427,81319,59442,43050,29091,31310,59605,52357,44080,03065,31087,60493,22124,15073,51343,10295,29268,72251,31245,31152,01096,61035,69066,33443,60574,57011,26038,60223,33459,15078,97353,60199,67204,53046,58164,58024,37011,18105,39110,31445,49020,74199,73177,67088,65001,69169,22215,54271,57145,31355,47250,75110,73173,58027,40334,27527,89434,88031,24016,08340,79286,23185,26350,57358,15152,55515,35137,02487,44195,58212,80822,11086,70493,31555,30321,21395,54101,80177,45081,32398,08481,63200,16301,49223,22267,34101,52354,53127,77067,33365,68223,72143,73194,55062,22168,52031,80470,03228,51188,59162,62085,09216,2B296,23098,30180,59049,53096,77414,30335,21223,28274,97126,62868,04109,62007,78053,01071,41213,64175,60197,57332,53015,64191,04021,60378,61198,11248,77218,46018,10228,41266,19107,42050,52505,64463,17342,91195,55138,22164,85239,61304,10241,54489,49352,38449,27445,48012,51567,79032,55549,76576,06042,60617,40210,21044,85252,57452,45087,97412,94058,50489,07214,02598,03104,27405,60270,24286,38013,11404,49219,27620,55195,22371,41201,46260,58161,55388,11144,08164,71378,44010,16349,41243,67339,11272,31466,74265,47059,89378,76593,51564,02078,55343,2B334,60563,66091,42295,57702,02196,76400,89214,81052,57559,45259,46172,91100,77205,78090,52248,02290,51525,82085,70482,24381,42167,25609,02163,61445,39136,88402,70112,66157,89259,16216,18085,74267,10040,68203,50235,21667,22335,35214,17350,10422,48193,73104,24107,31088,74098,79203,91340,62363,08440,14098,60435,77122,37220,26010,79190,77435,50285,25615,08109,55022,29020,52391,28121,02303,76645,76623,12001,42174,62467,76292,10006,54049,28091,52058,04199,76721,59320,71319,10273,27182,60601,97604,65293,85223,51244,28207,69103,76412,18278,27517,35226,55158,2A008,33402,63103,31231,38209,67440,22172,64021,01177,77448,67111,66095,56043,27237,21251,10042,44063,33085,36238,76482,95094,88346,08094,32049,62759,60443,17141,56139,67387,77151,66194,27006,05115,57233,88390,44069,21356,43165,56218,19026,26289,52138,51367,68309,15151,29241,10008,51414,31567,21250,63165,59243,71268,50603,62527,95040,01254,97107,58178,80376,80784,64216,38261,31120,52037,21560,15183,61189,37154,61466,52009,33230,61481,85106,67503,38258,51349,38428,38549}","",2026-03-24 14:41:32.274366+01,gold_establishments_2025,,,,77568822900027,2025,Établissement public,National,"['Ain', 'Aisne', 'Allier', 'Alpes-de-Haute-Provence', 'Hautes-Alpes', 'Alpes-Maritimes', 'Ardèche', ","['Guadeloupe', 'Martinique', 'Guyane', 'La Réunion', 'Mayotte', 'Île-de-France', 'Centre-Val de Loir",EPIC-EPA,"{01,02,03,04,05,06,07,08,09,10,11,12,13,14,15,16,17,18,19,21,22,23,24,25,26,27,28,29,2A,2B,30,31,32,33,34,35,36,37,38,39,40,41,42,43,44,45,46,47,48,49,50,51,52,53,54,55,56,57,58,59,60,61,62,63,64,65,66,67,68,69,70,71,72,73,74,75,76,77,78,79,80,81,82,83,84,85,86,87,88,89,90,91,92,93,94,95,971,972,973,974,976}","{01,02,03,04,06,11,24,27,28,32,44,52,53,75,76,84,93,94}"
8a1143c6-1699-4486-b357-be21e76ce2fc,130028970,DDETS Ain,false,"{01001,01002,01004,01005,01006,01007,01008,01009,01010,01011,01012,01013,01014,01015,01016,01017,01019,01021,01022,01023,01024,01025,01026,01027,01028,01029,01030,01031,01032,01033,01034,01035,01036,01037,01038,01040,01041,01042,01043,01044,01045,01046,01047,01049,01050,01051,01052,01053,01054,01056,01057,01058,01060,01061,01062,01063,01064,01065,01066,01067,01068,01069,01071,01072,01073,01074,01075,01076,01077,01078,01079,01080,01081,01082,01083,01084,01085,01087,01088,01089,01090,01092,01093,01094,01095,01096,01098,01099,01100,01101,01102,01103,01104,01105,01106,01107,01108,01109,01110,01111,01112,01113,01114,01115,01116,01117,01118,01121,01123,01124,01125,01127,01128,01129,01130,01133,01134,01135,01136,01138,01139,01140,01141,01142,01143,01145,01146,01147,01148,01149,01150,01151,01152,01153,01155,01156,01157,01158,01159,01160,01162,01163,01165,01166,01167,01169,01170,01171,01173,01174,01175,01177,01179,01180,01181,01183,01184,01185,01187,01188,01189,01190,01191,01192,01193,01194,01195,01196,01197,01198,01199,01200,01202,01203,01204,01206,01207,01208,01209,01210,01211,01212,01213,01214,01215,01216,01219,01224,01225,01227,01228,01229,01230,01231,01232,01233,01234,01235,01236,01237,01238,01239,01240,01241,01242,01243,01244,01245,01246,01247,01248,01249,01250,01252,01254,01255,01257,01258,01259,01260,01261,01262,01263,01264,01265,01266,01267,01268,01269,01272,01273,01274,01275,01276,01277,01279,01280,01281,01282,01283,01284,01285,01286,01288,01289,01290,01291,01293,01294,01295,01296,01297,01298,01299,01301,01302,01303,01304,01305,01306,01307,01308,01309,01310,01311,01313,01314,01317,01318,01319,01320,01321,01322,01323,01325,01328,01329,01331,01332,01333,01334,01335,01336,01337,01338,01339,01342,01343,01344,01345,01346,01347,01348,01349,01350,01351,01352,01353,01354,01355,01356,01357,01358,01359,01360,01361,01362,01363,01364,01365,01366,01367,01368,01369,01370,01371,01372,01373,01374,01375,01376,01378,01379,01380,01381,01382,01383,01384,01385,01386,01387,01388,01389,01390,01391,01392,01393,01396,01397,01398,01399,01400,01401,01402,01403,01404,01405,01406,01407,01408,01410,01411,01412,01415,01416,01418,01419,01420,01421,01422,01423,01424,01425,01426,01427,01428,01429,01430,01431,01432,01433,01434,01435,01436,01437,01439,01441,01443,01444,01445,01446,01447,01448,01449,01450,01451,01452,01453,01454,01456,01457}",SDED,2026-03-24 14:41:32.274366+01,gold_establishments_2025,,,,13002897000015,2025,Services de l'Etat,Département,['Ain'],['Auvergne-Rhône-Alpes'],DDETS,{01},{84}
f8e9f192-99d2-43ce-85cd-7c2f30a36999,130028988,DDETS Aisne,false,"{02001,02002,02003,02004,02005,02006,02007,02008,02009,02010,02011,02012,02013,02014,02015,02016,02017,02018,02019,02020,02021,02022,02023,02024,02025,02027,02028,02029,02030,02031,02032,02033,02034,02035,02036,02037,02038,02039,02040,02041,02042,02043,02044,02046,02047,02048,02049,02050,02051,02052,02053,02054,02055,02056,02057,02058,02059,02060,02061,02062,02063,02064,02065,02066,02067,02068,02069,02070,02071,02072,02073,02074,02075,02076,02078,02079,02080,02081,02082,02083,02084,02085,02086,02087,02088,02089,02090,02091,02093,02094,02095,02096,02097,02098,02099,02100,02101,02102,02103,02104,02105,02106,02107,02108,02109,02110,02111,02112,02114,02115,02116,02117,02118,02119,02120,02121,02122,02123,02124,02125,02126,02127,02128,02129,02130,02131,02132,02133,02134,02135,02136,02137,02138,02139,02140,02141,02142,02143,02144,02145,02146,02148,02149,02150,02151,02152,02153,02154,02155,02156,02157,02158,02159,02160,02162,02163,02164,02165,02166,02167,02168,02169,02170,02171,02172,02173,02174,02175,02176,02177,02178,02179,02180,02181,02182,02183,02184,02185,02186,02187,02188,02189,02190,02191,02192,02193,02194,02195,02196,02197,02198,02199,02200,02201,02203,02204,02205,02206,02207,02208,02209,02210,02211,02212,02213,02214,02215,02216,02217,02218,02219,02220,02221,02222,02223,02224,02225,02226,02227,02228,02229,02230,02231,02232,02233,02234,02235,02236,02237,02238,02239,02240,02241,02242,02243,02244,02245,02246,02248,02249,02250,02251,02252,02253,02254,02255,02256,02257,02258,02259,02260,02261,02262,02263,02264,02265,02266,02267,02268,02269,02270,02271,02272,02273,02274,02275,02276,02277,02278,02279,02280,02281,02282,02283,02284,02286,02287,02288,02289,02290,02291,02292,02293,02294,02295,02296,02297,02298,02299,02302,02303,02304,02305,02306,02307,02308,02309,02310,02312,02313,02315,02316,02317,02318,02319,02320,02321,02322,02323,02324,02326,02327,02328,02329,02330,02331,02332,02333,02334,02335,02336,02337,02338,02339,02340,02341,02342,02343,02345,02346,02347,02349,02350,02351,02352,02353,02354,02355,02356,02357,02358,02359,02360,02361,02362,02363,02364,02366,02367,02368,02369,02370,02371,02372,02373,02374,02375,02376,02377,02378,02379,02380,02381,02382,02383,02384,02385,02386,02387,02388,02389,02390,02391,02392,02393,02395,02396,02397,02398,02399,02400,02401,02402,02403,02404,02405,02406,02407,02408,02409,02410,02411,02412,02413,02414,02415,02416,02417,02418,02419,02420,02421,02422,02423,02424,02425,02426,02427,02428,02429,02430,02431,02432,02433,02435,02438,02439,02440,02441,02442,02443,02444,02445,02446,02447,02448,02449,02450,02451,02452,02453,02454,02455,02456,02457,02458,02459,02460,02461,02462,02463,02464,02465,02466,02467,02468,02469,02470,02471,02472,02473,02474,02476,02477,02478,02480,02481,02482,02483,02484,02485,02486,02487,02488,02489,02490,02491,02492,02493,02494,02495,02496,02497,02498,02499,02500,02501,02502,02503,02504,02505,02506,02507,02508,02509,02510,02511,02512,02513,02514,02515,02516,02517,02518,02519,02520,02521,02522,02523,02524,02525,02526,02527,02528,02529,02530,02531,02532,02533,02534,02535,02536,02537,02538,02539,02540,02541,02542,02543,02544,02545,02546,02547,02548,02549,02550,02551,02552,02553,02554,02555,02556,02557,02558,02559,02560,02561,02562,02563,02564,02565,02566,02567,02568,02569,02570,02571,02572,02573,02574,02575,02576,02577,02578,02579,02580,02581,02582,02583,02584,02585,02586,02587,02588,02589,02590,02591,02592,02593,02594,02595,02596,02598,02599,02600,02601,02602,02604,02605,02606,02607,02608,02609,02610,02612,02613,02614,02615,02616,02617,02618,02619,02620,02621,02622,02623,02624,02625,02626,02627,02628,02629,02631,02632,02633,02634,02635,02636,02637,02638,02639,02640,02641,02642,02643,02644,02645,02647,02648,02649,02650,02651,02652,02653,02654,02655,02656,02657,02658,02659,02660,02661,02662,02663,02664,02665,02666,02667,02668,02670,02671,02672,02673,02674,02675,02676,02677,02678,02679,02680,02681,02682,02683,02684,02685,02686,02687,02688,02689,02690,02691,02693,02694,02696,02697,02698,02699,02701,02702,02703,02704,02705,02706,02707,02708,02709,02710,02711,02712,02713,02714,02715,02716,02717,02718,02719,02720,02721,02722,02723,02724,02725,02726,02727,02728,02729,02730,02731,02732,02734,02735,02736,02737,02738,02739,02740,02741,02742,02743,02744,02745,02746,02747,02748,02749,02750,02751,02752,02753,02754,02755,02756,02757,02758,02759,02760,02761,02762,02763,02764,02765,02766,02767,02768,02769,02770,02772,02773,02774,02775,02776,02777,02778,02779,02780,02781,02782,02783,02784,02785,02786,02787,02788,02789,02790,02791,02792,02793,02794,02795,02796,02797,02798,02799,02800,02801,02802,02803,02804,02805,02806,02807,02808,02809,02810,02812,02813,02814,02815,02816,02817,02818,02819,02820,02821,02822,02823,02824,02826,02827,02828,02829,02830,02831,02832,02833,02834}",SDED,2026-03-24 14:41:32.274366+01,gold_establishments_2025,,,,13002898800017,2025,Services de l'Etat,Département,['Aisne'],['Hauts-de-France'],DDETS,{02},{32}
2989de21-06c4-474f-9468-a05e4f3cb4ca,130029028,DDETS Alpes-Maritimes,false,"{06001,06002,06003,06004,06005,06006,06007,06008,06009,06010,06011,06012,06013,06014,06015,06016,06017,06018,06019,06020,06021,06022,06023,06024,06025,06026,06027,06028,06029,06030,06031,06032,06033,06034,06035,06036,06037,06038,06039,06040,06041,06042,06043,06044,06045,06046,06047,06048,06049,06050,06051,06052,06053,06054,06055,06056,06057,06058,06059,06060,06061,06062,06063,06064,06065,06066,06067,06068,06069,06070,06071,06072,06073,06074,06075,06076,06077,06078,06079,06080,06081,06082,06083,06084,06085,06086,06087,06088,06089,06090,06091,06092,06093,06094,06095,06096,06097,06098,06099,06100,06101,06102,06103,06104,06105,06106,06107,06108,06109,06110,06111,06112,06113,06114,06115,06116,06117,06118,06119,06120,06121,06122,06123,06124,06125,06126,06127,06128,06129,06130,06131,06132,06133,06134,06135,06136,06137,06138,06139,06140,06141,06142,06143,06144,06145,06146,06147,06148,06149,06150,06151,06152,06153,06154,06155,06156,06157,06158,06159,06160,06161,06162,06163}",SDED,2026-03-24 14:41:32.274366+01,gold_establishments_2025,,,,13002902800011,2025,Services de l'Etat,Département,['Alpes-Maritimes'],['Provence-Alpes-Côte dAzur'],DDETS,{06},{93}
3f7899db-a9e7-41a2-a190-cf7a32343bfd,130028459,DDETS Bas-Rhin,false,"{67001,67002,67003,67004,67005,67006,67008,67009,67010,67011,67012,67013,67016,67017,67018,67019,67020,67021,67022,67023,67025,67026,67027,67028,67029,67030,67031,67032,67033,67034,67035,67036,67037,67038,67039,67040,67043,67044,67045,67046,67047,67048,67049,67050,67051,67052,67053,67054,67055,67056,67057,67058,67059,67060,67061,67062,67063,67065,67066,67067,67068,67069,67070,67071,67072,67073,67074,67075,67076,67077,67078,67079,67080,67081,67082,67083,67084,67085,67086,67087,67088,67089,67090,67091,67092,67093,67094,67095,67096,67097,67098,67099,67100,67101,67102,67103,67104,67105,67106,67107,67108,67109,67110,67111,67112,67113,67115,67116,67117,67118,67119,67120,67121,67122,67123,67124,67125,67126,67127,67128,67129,67130,67131,67132,67133,67134,67135,67136,67137,67138,67139,67140,67141,67142,67143,67144,67145,67146,67147,67148,67149,67150,67151,67152,67153,67154,67155,67156,67159,67160,67161,67162,67163,67164,67165,67166,67167,67168,67169,67172,67173,67174,67176,67177,67178,67179,67180,67181,67182,67183,67184,67185,67186,67187,67188,67189,67190,67191,67192,67194,67195,67196,67197,67198,67199,67200,67201,67202,67203,67204,67205,67206,67208,67209,67210,67212,67213,67214,67215,67216,67217,67218,67220,67221,67222,67223,67225,67226,67227,67228,67229,67230,67231,67232,67233,67234,67235,67236,67237,67238,67239,67240,67241,67242,67244,67245,67246,67247,67248,67249,67250,67252,67253,67254,67255,67256,67257,67258,67259,67260,67261,67263,67264,67265,67266,67267,67268,67269,67270,67271,67272,67273,67274,67275,67276,67277,67278,67279,67280,67281,67282,67283,67285,67286,67287,67288,67289,67290,67291,67292,67293,67295,67296,67298,67299,67300,67301,67302,67303,67304,67305,67306,67307,67308,67309,67310,67311,67312,67313,67314,67315,67317,67319,67320,67321,67322,67324,67325,67326,67327,67328,67329,67330,67331,67333,67334,67335,67336,67337,67338,67339,67340,67341,67342,67343,67344,67345,67346,67347,67348,67349,67350,67351,67352,67353,67354,67355,67356,67358,67359,67360,67361,67362,67363,67364,67365,67366,67367,67368,67369,67370,67371,67372,67373,67375,67377,67378,67379,67380,67381,67382,67383,67384,67385,67386,67387,67388,67389,67391,67392,67394,67395,67396,67397,67398,67400,67401,67403,67404,67405,67406,67407,67408,67409,67410,67411,67412,67413,67414,67415,67416,67417,67418,67420,67421,67422,67423,67424,67425,67426,67427,67428,67429,67430,67432,67433,67434,67435,67436,67437,67438,67440,67441,67442,67443,67444,67445,67446,67447,67448,67449,67450,67451,67452,67453,67454,67455,67456,67458,67459,67460,67461,67462,67463,67464,67465,67466,67467,67468,67470,67471,67472,67473,67474,67475,67476,67477,67478,67479,67480,67481,67482,67483,67484,67485,67486,67487,67488,67489,67490,67491,67492,67493,67494,67495,67497,67498,67499,67500,67501,67502,67503,67504,67505,67506,67507,67508,67509,67510,67511,67513,67514,67515,67516,67517,67519,67520,67521,67522,67523,67524,67525,67526,67527,67528,67529,67530,67531,67532,67534,67535,67536,67537,67538,67539,67540,67541,67542,67543,67544,67545,67546,67547,67548,67550,67551,67552,67553,67554,67555,67556,67557,67558,67559}",SDED,2026-03-24 14:41:32.274366+01,gold_establishments_2025,,,,13002845900019,2025,Services de l'Etat,Département,['Bas-Rhin'],['Grand Est'],DDETS,{67},{44}
ac5e408c-33bf-4598-a983-aeddc947edab,130028780,DDETS Bouches-du-Rhône,false,"{13001,13002,13003,13004,13005,13006,13007,13008,13009,13010,13011,13012,13013,13014,13015,13016,13017,13018,13019,13020,13021,13022,13023,13024,13025,13026,13027,13028,13029,13030,13031,13032,13033,13034,13035,13036,13037,13038,13039,13040,13041,13042,13043,13044,13045,13046,13047,13048,13049,13050,13051,13052,13053,13054,13055,13056,13057,13058,13059,13060,13061,13062,13063,13064,13065,13066,13067,13068,13069,13070,13071,13072,13073,13074,13075,13076,13077,13078,13079,13080,13081,13082,13083,13084,13085,13086,13087,13088,13089,13090,13091,13092,13093,13094,13095,13096,13097,13098,13099,13100,13101,13102,13103,13104,13105,13106,13107,13108,13109,13110,13111,13112,13113,13114,13115,13116,13117,13118,13119,13201,13202,13203,13204,13205,13206,13207,13208,13209,13210,13211,13212,13213,13214,13215,13216}",SDED,2026-03-24 14:41:32.274366+01,gold_establishments_2025,,,,13002878000018,2025,Services de l'Etat,Département,['Bouches-du-Rhône'],['Provence-Alpes-Côte dAzur'],DDETS,{13},{93}
d1679679-a0e6-4bab-a87d-9bb050fb9f50,130028798,DDETS Calvados,false,"{14001,14003,14005,14006,14007,14009,14012,14014,14015,14016,14019,14020,14021,14022,14023,14024,14025,14026,14027,14030,14032,14033,14034,14035,14036,14037,14038,14039,14040,14041,14042,14043,14044,14045,14046,14047,14049,14050,14053,14054,14055,14057,14059,14060,14061,14062,14063,14064,14066,14068,14069,14070,14076,14077,14078,14079,14080,14082,14083,14084,14085,14086,14087,14088,14089,14090,14091,14092,14093,14096,14097,14098,14100,14101,14102,14103,14104,14106,14107,14110,14111,14116,14117,14118,14119,14120,14121,14122,14123,14124,14125,14126,14127,14130,14131,14132,14134,14135,14136,14137,14138,14140,14141,14143,14145,14146,14147,14149,14150,14159,14160,14161,14162,14163,14165,14166,14167,14168,14169,14171,14172,14173,14174,14175,14177,14179,14180,14181,14182,14183,14184,14190,14191,14193,14194,14195,14196,14197,14198,14200,14202,14203,14204,14205,14206,14207,14209,14211,14214,14215,14216,14218,14220,14221,14223,14224,14225,14226,14227,14228,14229,14230,14231,14232,14236,14237,14238,14239,14240,14241,14242,14243,14244,14245,14246,14248,14249,14250,14251,14252,14254,14256,14257,14258,14260,14261,14266,14269,14270,14271,14272,14273,14274,14275,14276,14277,14278,14280,14281,14282,14283,14284,14285,14286,14287,14288,14289,14290,14291,14293,14297,14298,14299,14301,14302,14303,14304,14305,14306,14308,14309,14310,14311,14312,14316,14318,14319,14320,14322,14325,14326,14327,14328,14329,14332,14333,14334,14335,14336,14337,14338,14341,14342,14343,14344,14345,14346,14347,14348,14349,14352,14353,14354,14355,14357,14358,14360,14362,14364,14365,14366,14367,14368,14369,14370,14371,14374,14375,14377,14378,14379,14380,14381,14383,14384,14385,14389,14390,14391,14393,14394,14396,14397,14398,14399,14400,14401,14402,14403,14404,14405,14406,14407,14408,14409,14410,14411,14412,14419,14421,14424,14425,14426,14427,14430,14431,14435,14436,14437,14438,14439,14445,14446,14448,14449,14452,14453,14454,14455,14456,14457,14458,14460,14461,14465,14466,14467,14468,14469,14473,14474,14475,14476,14478,14480,14482,14483,14484,14486,14487,14488,14491,14492,14494,14495,14496,14497,14498,14499,14500,14501,14502,14504,14506,14509,14510,14511,14512,14514,14515,14516,14519,14520,14522,14524,14527,14528,14529,14530,14531,14533,14534,14535,14536,14538,14540,14541,14542,14543,14546,14547,14550,14552,14554,14555,14556,14557,14558,14559,14562,14563,14565,14566,14569,14570,14571,14572,14574,14575,14576,14578,14579,14582,14586,14587,14588,14589,14590,14591,14592,14593,14595,14598,14601,14602,14603,14605,14606,14607,14609,14610,14613,14614,14619,14620,14621,14622,14625,14626,14627,14630,14635,14637,14639,14640,14643,14644,14645,14646,14648,14649,14650,14651,14652,14654,14656,14657,14658,14659,14660,14661,14663,14664,14665,14666,14667,14668,14669,14672,14674,14675,14676,14677,14678,14679,14680,14681,14682,14684,14685,14687,14689,14692,14694,14698,14699,14700,14701,14705,14706,14707,14708,14709,14710,14711,14712,14713,14714,14715,14716,14719,14720,14721,14723,14724,14726,14728,14731,14732,14733,14734,14735,14737,14738,14739,14740,14741,14742,14743,14744,14745,14747,14748,14751,14752,14753,14754,14755,14756,14758,14759,14760,14761,14762,14764}",SDED,2026-03-24 14:41:32.274366+01,gold_establishments_2025,,,,13002879800028,2025,Services de l'Etat,Département,['Calvados'],['Normandie'],DDETS,{14},{28}
91444326-182b-4599-808c-0270ffff219b,130028830,DDETS Charente-Maritime,false,"{17002,17003,17004,17005,17006,17007,17008,17009,17010,17011,17012,17013,17015,17016,17017,17018,17019,17020,17021,17022,17023,17024,17025,17026,17027,17028,17029,17030,17031,17032,17033,17034,17035,17036,17037,17038,17039,17041,17042,17043,17044,17045,17046,17047,17048,17049,17050,17051,17052,17053,17054,17055,17056,17057,17058,17059,17060,17061,17062,17063,17064,17065,17066,17067,17068,17069,17070,17071,17072,17073,17074,17075,17076,17077,17078,17079,17080,17081,17082,17083,17084,17085,17086,17087,17089,17091,17092,17093,17094,17095,17096,17097,17098,17099,17100,17101,17102,17104,17105,17106,17107,17108,17109,17110,17111,17112,17113,17114,17115,17116,17117,17118,17119,17120,17121,17122,17124,17125,17126,17127,17128,17129,17130,17131,17132,17133,17134,17135,17136,17137,17138,17139,17140,17141,17142,17143,17145,17146,17147,17148,17149,17150,17151,17152,17153,17154,17155,17156,17157,17158,17159,17160,17161,17162,17163,17164,17165,17166,17167,17168,17171,17172,17173,17174,17175,17176,17177,17178,17179,17180,17181,17182,17183,17184,17185,17186,17187,17188,17190,17191,17192,17193,17194,17195,17196,17197,17198,17199,17200,17201,17202,17203,17204,17205,17206,17207,17208,17209,17210,17211,17212,17213,17214,17215,17216,17217,17218,17219,17220,17221,17222,17223,17224,17225,17226,17227,17228,17229,17230,17231,17232,17233,17234,17235,17236,17237,17239,17240,17241,17242,17243,17244,17245,17246,17247,17248,17249,17250,17252,17253,17254,17255,17256,17257,17258,17259,17260,17261,17262,17263,17264,17265,17266,17267,17268,17269,17270,17271,17273,17274,17275,17276,17277,17278,17279,17280,17281,17282,17283,17284,17285,17286,17287,17288,17289,17290,17291,17292,17293,17294,17295,17296,17297,17298,17299,17300,17301,17302,17303,17304,17305,17306,17307,17308,17309,17310,17311,17312,17313,17314,17315,17316,17317,17318,17319,17320,17321,17322,17323,17324,17325,17326,17327,17328,17329,17330,17331,17332,17333,17335,17336,17337,17338,17339,17340,17341,17342,17343,17344,17345,17346,17347,17348,17349,17350,17351,17353,17354,17355,17356,17357,17358,17359,17360,17361,17362,17363,17364,17365,17366,17367,17369,17372,17373,17374,17375,17376,17377,17378,17379,17380,17381,17382,17383,17384,17385,17386,17387,17388,17389,17390,17391,17393,17394,17395,17396,17397,17398,17400,17401,17402,17403,17404,17405,17406,17407,17408,17409,17410,17411,17412,17413,17414,17415,17416,17417,17418,17420,17421,17422,17423,17424,17425,17426,17427,17428,17429,17430,17431,17432,17433,17434,17435,17436,17437,17438,17439,17440,17441,17442,17443,17444,17445,17446,17447,17448,17449,17450,17451,17452,17453,17454,17455,17457,17458,17459,17460,17461,17462,17463,17464,17465,17466,17467,17468,17469,17470,17471,17472,17473,17474,17476,17477,17478,17479,17480,17481,17482,17483,17484,17485,17486}",SDED,2026-03-24 14:41:32.274366+01,gold_establishments_2025,,,,13002883000011,2025,Services de l'Etat,Département,['Charente-Maritime'],['Nouvelle-Aquitaine'],DDETS,{17},{75}
b9b0333e-fb1d-4927-9778-c78351c5e386,130028889,DDETS Côte-dOr,false,"{21001,21002,21003,21004,21005,21006,21007,21008,21009,21010,21011,21012,21013,21014,21015,21016,21017,21018,21020,21021,21022,21023,21024,21025,21026,21027,21028,21029,21030,21031,21032,21033,21034,21035,21036,21037,21038,21039,21040,21041,21042,21043,21044,21045,21046,21047,21048,21049,21050,21051,21052,21053,21054,21055,21056,21057,21058,21059,21060,21061,21062,21063,21064,21065,21066,21067,21068,21069,21070,21071,21072,21074,21075,21076,21077,21078,21079,21080,21081,21082,21083,21084,21085,21086,21087,21088,21089,21090,21091,21092,21093,21094,21095,21096,21097,21098,21099,21100,21101,21102,21103,21104,21105,21106,21107,21108,21109,21110,21111,21112,21113,21114,21115,21116,21117,21118,21119,21120,21121,21122,21123,21124,21125,21126,21127,21128,21129,21130,21131,21132,21133,21134,21135,21136,21137,21138,21139,21140,21141,21142,21143,21144,21145,21146,21147,21148,21149,21150,21151,21152,21153,21154,21155,21156,21157,21158,21159,21160,21161,21162,21163,21164,21165,21166,21167,21168,21169,21170,21171,21172,21173,21175,21176,21177,21178,21179,21180,21181,21182,21183,21184,21185,21186,21187,21189,21190,21191,21192,21193,21194,21195,21196,21197,21198,21199,21200,21201,21202,21203,21204,21205,21207,21208,21209,21210,21211,21212,21214,21215,21216,21217,21218,21219,21220,21221,21222,21223,21224,21225,21226,21227,21228,21229,21230,21231,21232,21233,21234,21235,21236,21237,21238,21239,21240,21241,21242,21243,21244,21245,21246,21247,21248,21249,21250,21251,21252,21253,21254,21255,21256,21257,21258,21259,21260,21261,21262,21263,21264,21265,21266,21267,21268,21269,21270,21271,21272,21273,21274,21275,21276,21277,21278,21279,21280,21281,21282,21283,21284,21285,21286,21287,21288,21289,21290,21291,21292,21293,21294,21295,21296,21297,21298,21299,21300,21301,21302,21303,21304,21305,21306,21307,21308,21309,21310,21311,21312,21313,21314,21315,21316,21317,21319,21320,21321,21322,21323,21324,21325,21326,21327,21328,21329,21330,21331,21332,21333,21334,21335,21336,21337,21338,21339,21340,21341,21342,21343,21344,21345,21346,21347,21348,21349,21350,21351,21352,21353,21354,21355,21356,21357,21358,21359,21360,21361,21362,21363,21364,21365,21366,21367,21368,21369,21370,21371,21372,21373,21374,21375,21376,21377,21378,21379,21380,21381,21382,21383,21384,21385,21386,21387,21388,21389,21390,21391,21392,21393,21394,21395,21396,21397,21398,21399,21400,21401,21402,21403,21404,21405,21406,21407,21408,21409,21410,21411,21412,21413,21414,21415,21416,21417,21418,21419,21420,21421,21422,21423,21424,21425,21426,21427,21428,21429,21430,21431,21432,21433,21434,21435,21436,21437,21438,21439,21440,21441,21442,21444,21445,21446,21447,21448,21449,21450,21451,21452,21454,21455,21456,21457,21458,21459,21460,21461,21462,21463,21464,21465,21466,21467,21468,21469,21470,21471,21472,21473,21474,21475,21476,21477,21478,21479,21480,21481,21482,21483,21484,21485,21487,21488,21489,21490,21491,21492,21493,21494,21495,21496,21497,21498,21499,21500,21501,21502,21503,21504,21505,21506,21508,21510,21511,21512,21514,21515,21516,21517,21518,21519,21520,21521,21522,21523,21524,21525,21526,21527,21528,21529,21530,21531,21532,21533,21534,21535,21536,21537,21538,21539,21540,21541,21542,21543,21544,21545,21546,21547,21548,21549,21550,21552,21553,21554,21555,21556,21557,21558,21559,21560,21561,21562,21563,21564,21565,21566,21567,21568,21569,21570,21571,21572,21573,21574,21575,21576,21577,21578,21579,21580,21581,21582,21583,21584,21585,21586,21587,21588,21589,21590,21591,21592,21593,21594,21595,21596,21597,21598,21599,21600,21601,21602,21603,21604,21605,21606,21607,21608,21609,21610,21611,21612,21613,21614,21615,21616,21617,21618,21619,21620,21622,21623,21624,21625,21626,21627,21628,21629,21630,21631,21632,21633,21634,21635,21636,21637,21638,21639,21640,21641,21642,21643,21644,21645,21646,21647,21648,21649,21650,21651,21652,21653,21655,21656,21657,21659,21660,21661,21662,21663,21664,21665,21666,21667,21669,21670,21671,21672,21673,21674,21675,21676,21677,21678,21679,21680,21681,21682,21683,21684,21685,21686,21687,21688,21689,21690,21691,21692,21693,21694,21695,21696,21698,21699,21700,21701,21702,21703,21704,21705,21706,21707,21708,21709,21710,21711,21712,21713,21714,21715,21716,21717}",SDED,2026-03-24 14:41:32.274366+01,gold_establishments_2025,,,,13002888900017,2025,Services de l'Etat,Département,['Côte-dOr'],['Bourgogne-Franche-Comté'],DDETS,{21},{27}
48dfcbdb-0bda-4785-a064-6325e74e39c0,130028905,DDETS Côtes-dArmor,false,"{22001,22002,22003,22004,22005,22006,22008,22009,22011,22012,22013,22014,22015,22016,22018,22019,22020,22021,22023,22024,22025,22026,22028,22029,22030,22031,22032,22033,22034,22035,22036,22037,22039,22040,22041,22042,22044,22045,22046,22047,22048,22049,22050,22052,22053,22054,22055,22056,22057,22059,22060,22061,22062,22063,22064,22065,22067,22068,22069,22070,22071,22072,22073,22074,22075,22076,22077,22079,22081,22082,22083,22084,22085,22086,22087,22088,22090,22091,22092,22093,22094,22095,22096,22097,22098,22099,22101,22103,22104,22105,22106,22107,22108,22109,22110,22111,22112,22113,22114,22115,22116,22117,22118,22119,22121,22122,22124,22126,22127,22128,22129,22131,22132,22133,22134,22135,22136,22137,22138,22139,22140,22141,22143,22144,22145,22146,22147,22148,22149,22150,22152,22153,22155,22156,22157,22158,22160,22161,22162,22163,22164,22165,22166,22168,22169,22170,22171,22172,22174,22175,22176,22177,22178,22179,22180,22181,22182,22183,22184,22185,22186,22187,22188,22189,22190,22193,22194,22195,22196,22197,22198,22199,22201,22202,22203,22204,22205,22206,22207,22208,22209,22210,22211,22212,22213,22214,22215,22216,22217,22218,22219,22220,22221,22222,22223,22224,22225,22226,22227,22228,22229,22231,22232,22233,22234,22235,22236,22237,22238,22239,22240,22241,22242,22243,22244,22245,22246,22248,22249,22250,22251,22254,22255,22256,22257,22258,22259,22260,22261,22262,22263,22264,22265,22266,22267,22268,22269,22271,22272,22273,22274,22275,22276,22277,22278,22279,22280,22281,22282,22283,22284,22285,22286,22287,22288,22289,22291,22293,22294,22295,22296,22299,22300,22302,22304,22305,22306,22307,22308,22310,22311,22312,22313,22314,22315,22316,22317,22318,22319,22320,22321,22322,22323,22324,22325,22326,22327,22328,22330,22331,22332,22333,22334,22335,22337,22338,22339,22340,22341,22342,22343,22344,22345,22346,22347,22348,22349,22350,22351,22352,22353,22354,22356,22358,22359,22360,22361,22362,22363,22364,22365,22366,22368,22369,22370,22371,22372,22373,22375,22376,22377,22378,22379,22380,22381,22383,22384,22385,22386,22387,22388,22389,22390,22391}",SDED,2026-03-24 14:41:32.274366+01,gold_establishments_2025,,,,13002890500011,2025,Services de l'Etat,Département,['Côtes-dArmor'],['Bretagne'],DDETS,{22},{53}
74df7804-7664-41e9-89c3-85536a385876,130028210,DDETS Drôme,false,"{26001,26002,26003,26004,26005,26006,26007,26008,26009,26010,26011,26012,26013,26014,26015,26016,26017,26018,26019,26020,26021,26022,26023,26024,26025,26026,26027,26028,26030,26031,26032,26033,26034,26035,26036,26037,26038,26039,26040,26041,26042,26043,26045,26046,26047,26048,26049,26050,26051,26052,26054,26055,26056,26057,26058,26059,26060,26061,26062,26063,26064,26065,26066,26067,26068,26069,26070,26071,26072,26073,26074,26075,26076,26077,26078,26079,26080,26081,26082,26083,26084,26085,26086,26087,26088,26089,26090,26091,26092,26093,26094,26095,26096,26097,26098,26099,26100,26101,26102,26103,26104,26105,26106,26107,26108,26110,26111,26112,26113,26114,26115,26116,26117,26118,26119,26121,26122,26123,26124,26125,26126,26127,26128,26129,26130,26131,26133,26134,26135,26136,26137,26138,26139,26140,26141,26142,26143,26144,26145,26146,26147,26148,26149,26150,26152,26153,26154,26155,26156,26157,26159,26160,26161,26162,26163,26164,26165,26166,26167,26168,26169,26170,26171,26172,26173,26174,26175,26176,26177,26178,26179,26180,26181,26182,26183,26185,26186,26188,26189,26190,26191,26192,26193,26194,26195,26196,26197,26198,26199,26200,26201,26202,26203,26204,26205,26206,26207,26208,26209,26210,26211,26212,26213,26214,26215,26216,26217,26218,26220,26221,26222,26223,26224,26225,26226,26227,26228,26229,26231,26232,26233,26234,26235,26236,26238,26239,26240,26241,26242,26243,26244,26245,26246,26247,26248,26249,26250,26251,26252,26253,26254,26255,26256,26257,26258,26259,26261,26262,26263,26264,26266,26267,26268,26269,26270,26271,26272,26273,26274,26275,26276,26277,26278,26279,26281,26282,26283,26284,26285,26286,26287,26288,26289,26290,26291,26292,26293,26294,26295,26296,26298,26299,26300,26301,26302,26303,26304,26305,26306,26307,26308,26309,26310,26311,26312,26313,26314,26315,26316,26317,26318,26319,26320,26321,26322,26323,26324,26325,26326,26327,26328,26329,26330,26331,26332,26333,26334,26335,26336,26337,26338,26339,26340,26341,26342,26343,26344,26345,26346,26347,26348,26349,26350,26351,26352,26353,26355,26356,26357,26358,26359,26360,26361,26362,26363,26364,26365,26367,26368,26369,26370,26372,26373,26374,26375,26376,26377,26378,26379,26380,26381,26382}",SDED,2026-03-24 14:41:32.274366+01,gold_establishments_2025,,,,13002821000016,2025,Services de l'Etat,Département,['Drôme'],['Auvergne-Rhône-Alpes'],DDETS,{26},{84}
4b86150c-0bc4-44fe-b003-87cff4b5c5a9,130028681,DDETS Essonne,false,"{91001,91016,91017,91021,91022,91027,91035,91037,91038,91041,91044,91045,91047,91064,91067,91069,91075,91079,91080,91081,91085,91086,91093,91095,91097,91098,91099,91100,91103,91105,91106,91109,91111,91112,91114,91115,91121,91122,91129,91130,91131,91132,91135,91136,91137,91145,91148,91156,91159,91161,91174,91175,91179,91180,91184,91186,91191,91195,91198,91200,91201,91204,91207,91215,91216,91223,91225,91226,91228,91232,91235,91240,91243,91244,91247,91248,91249,91272,91273,91274,91275,91284,91286,91292,91293,91294,91312,91315,91318,91319,91326,91330,91332,91333,91338,91339,91340,91345,91347,91359,91363,91374,91376,91377,91378,91386,91390,91393,91399,91405,91408,91411,91412,91414,91421,91425,91432,91433,91434,91435,91441,91457,91458,91461,91463,91468,91469,91471,91473,91477,91479,91482,91494,91495,91507,91508,91511,91514,91519,91521,91525,91526,91533,91534,91538,91540,91544,91546,91547,91549,91552,91553,91556,91560,91568,91570,91573,91577,91578,91579,91581,91587,91589,91593,91599,91600,91602,91613,91617,91619,91629,91630,91631,91634,91635,91639,91645,91648,91649,91654,91657,91659,91661,91662,91665,91666,91667,91671,91679,91685,91687,91689,91691,91692}",SDED,2026-03-24 14:41:32.274366+01,gold_establishments_2025,,,,13002868100026,2025,Services de l'Etat,Département,['Essonne'],['Île-de-France'],DDETS,{91},{11}
81bd07b2-fb46-455b-a1dd-3d6939f8d434,130028228,DDETS Eure,false,"{27001,27002,27003,27004,27005,27006,27008,27009,27010,27011,27012,27013,27014,27015,27016,27017,27018,27019,27020,27021,27022,27023,27025,27026,27027,27028,27031,27032,27033,27034,27035,27036,27037,27038,27039,27040,27042,27043,27044,27045,27046,27047,27048,27049,27050,27051,27052,27053,27054,27055,27056,27057,27059,27061,27062,27063,27064,27065,27066,27067,27068,27069,27070,27071,27072,27073,27074,27075,27076,27077,27078,27079,27081,27082,27083,27085,27089,27090,27091,27094,27095,27096,27097,27098,27099,27100,27101,27102,27103,27104,27105,27106,27107,27108,27109,27110,27111,27112,27113,27114,27115,27116,27117,27118,27119,27120,27123,27124,27125,27126,27127,27129,27130,27132,27133,27134,27135,27136,27137,27138,27139,27140,27141,27142,27144,27146,27147,27148,27149,27151,27152,27153,27154,27155,27156,27157,27158,27161,27162,27163,27164,27165,27167,27168,27169,27170,27171,27173,27174,27176,27177,27179,27180,27181,27182,27183,27184,27185,27187,27188,27189,27190,27191,27192,27193,27194,27196,27198,27199,27200,27201,27202,27203,27204,27205,27206,27207,27208,27209,27210,27212,27213,27214,27215,27216,27217,27218,27219,27220,27222,27224,27226,27227,27228,27229,27230,27231,27232,27233,27234,27235,27237,27238,27239,27240,27241,27242,27243,27245,27246,27247,27248,27249,27251,27252,27254,27256,27258,27259,27260,27261,27263,27266,27267,27269,27271,27273,27275,27276,27277,27278,27279,27280,27281,27282,27284,27285,27286,27287,27288,27289,27290,27291,27294,27295,27298,27299,27300,27301,27302,27304,27306,27307,27309,27310,27311,27312,27313,27315,27316,27317,27318,27319,27320,27321,27322,27323,27324,27325,27326,27327,27329,27330,27331,27332,27333,27334,27335,27336,27337,27338,27339,27340,27341,27342,27343,27345,27346,27347,27348,27349,27350,27351,27353,27354,27355,27358,27359,27360,27361,27363,27364,27365,27366,27367,27368,27369,27370,27371,27372,27373,27374,27375,27376,27377,27378,27379,27380,27381,27382,27383,27384,27385,27386,27388,27389,27390,27391,27392,27393,27394,27395,27396,27397,27398,27399,27400,27401,27403,27404,27405,27406,27407,27408,27410,27411,27412,27413,27414,27415,27417,27418,27419,27420,27421,27422,27423,27424,27425,27426,27427,27428,27429,27430,27431,27432,27433,27434,27435,27436,27437,27438,27439,27440,27441,27442,27444,27445,27446,27447,27448,27451,27453,27454,27455,27456,27457,27458,27459,27460,27462,27463,27464,27465,27466,27467,27468,27469,27470,27471,27472,27473,27474,27475,27476,27477,27478,27480,27481,27482,27483,27485,27486,27487,27488,27489,27490,27492,27493,27495,27496,27497,27498,27500,27501,27502,27504,27505,27507,27508,27511,27512,27514,27516,27517,27518,27520,27521,27522,27524,27525,27527,27528,27529,27530,27531,27533,27534,27535,27536,27537,27538,27539,27540,27541,27542,27543,27544,27545,27546,27547,27548,27550,27552,27553,27554,27555,27556,27557,27558,27560,27561,27562,27563,27564,27565,27567,27568,27569,27570,27571,27572,27576,27577,27578,27579,27580,27582,27584,27586,27587,27589,27590,27591,27592,27593,27594,27595,27597,27598,27599,27601,27602,27603,27604,27605,27606,27608,27609,27610,27611,27612,27613,27614,27615,27616,27617,27618,27620,27621,27622,27623,27624,27625,27627,27629,27630,27631,27632,27633,27635,27638,27640,27641,27643,27644,27645,27646,27649,27650,27652,27654,27655,27656,27658,27659,27660,27661,27662,27663,27664,27665,27666,27667,27668,27669,27670,27671,27672,27673,27674,27676,27677,27678,27679,27680,27681,27682,27683,27684,27685,27686,27689,27690,27691,27692,27693,27694,27695,27696,27697,27698,27699,27700,27701}",SDED,2026-03-24 14:41:32.274366+01,gold_establishments_2025,,,,13002822800018,2025,Services de l'Etat,Département,['Eure'],['Normandie'],DDETS,{27},{28}
7bcfc94c-51f2-4fbd-9a65-9e84658434f1,130028244,DDETS Finistère,false,"{29001,29002,29003,29004,29005,29006,29007,29008,29010,29011,29012,29013,29014,29015,29016,29017,29018,29019,29020,29021,29022,29023,29024,29025,29026,29027,29028,29029,29030,29031,29032,29033,29034,29035,29036,29037,29038,29039,29040,29041,29042,29043,29044,29045,29046,29047,29048,29049,29051,29053,29054,29055,29056,29057,29058,29059,29060,29061,29062,29063,29064,29065,29066,29067,29068,29069,29070,29071,29072,29073,29074,29075,29076,29077,29078,29079,29080,29081,29082,29083,29084,29085,29086,29087,29089,29090,29091,29093,29094,29095,29097,29098,29099,29100,29101,29102,29103,29104,29105,29106,29107,29108,29109,29110,29111,29112,29113,29114,29115,29116,29117,29119,29120,29122,29123,29124,29125,29126,29128,29130,29131,29132,29133,29134,29135,29136,29137,29139,29140,29141,29142,29143,29144,29145,29146,29147,29148,29150,29151,29152,29153,29155,29156,29158,29159,29160,29161,29162,29163,29165,29166,29167,29168,29169,29170,29171,29172,29173,29174,29175,29176,29177,29178,29179,29180,29181,29182,29183,29184,29185,29186,29187,29188,29189,29190,29191,29192,29193,29195,29196,29197,29198,29199,29201,29202,29204,29205,29206,29207,29208,29209,29210,29211,29212,29213,29214,29215,29216,29217,29218,29220,29221,29222,29224,29225,29226,29227,29228,29229,29230,29232,29233,29234,29235,29236,29237,29238,29239,29240,29241,29243,29244,29245,29246,29247,29248,29249,29250,29251,29252,29254,29255,29256,29257,29259,29260,29261,29262,29263,29264,29265,29266,29267,29268,29269,29270,29271,29272,29273,29274,29275,29276,29277,29278,29279,29280,29281,29282,29284,29285,29286,29287,29288,29289,29290,29291,29292,29293,29294,29295,29296,29297,29298,29299,29300,29301,29302}",SDED,2026-03-24 14:41:32.274366+01,gold_establishments_2025,,,,13002824400015,2025,Services de l'Etat,Département,['Finistère'],['Bretagne'],DDETS,{29},{53}
93a9aca5-e947-4499-ba5b-64a71f2d4ca2,130028251,DDETS Gard,false,"{30001,30002,30003,30004,30005,30006,30007,30008,30009,30010,30011,30012,30013,30014,30015,30016,30017,30018,30019,30020,30021,30022,30023,30024,30025,30026,30027,30028,30029,30030,30031,30032,30033,30034,30035,30036,30037,30038,30039,30040,30041,30042,30043,30044,30045,30046,30047,30048,30049,30050,30051,30052,30053,30054,30055,30056,30057,30058,30059,30060,30061,30062,30064,30065,30066,30067,30068,30069,30070,30071,30072,30073,30074,30075,30076,30077,30079,30080,30081,30082,30083,30084,30085,30086,30087,30088,30089,30090,30091,30092,30093,30095,30096,30097,30098,30099,30100,30101,30102,30103,30104,30105,30106,30107,30108,30109,30110,30111,30112,30113,30114,30115,30116,30117,30119,30120,30121,30122,30123,30124,30125,30126,30127,30128,30129,30130,30131,30132,30133,30134,30135,30136,30137,30138,30139,30140,30141,30142,30143,30144,30145,30146,30147,30148,30149,30150,30151,30152,30153,30154,30155,30156,30158,30159,30160,30161,30162,30163,30164,30165,30166,30167,30168,30169,30170,30171,30172,30173,30174,30175,30176,30177,30178,30179,30180,30181,30182,30183,30184,30185,30186,30187,30188,30189,30191,30192,30193,30194,30195,30196,30197,30198,30199,30200,30201,30202,30203,30204,30205,30206,30207,30208,30209,30210,30211,30212,30213,30214,30215,30216,30217,30218,30219,30220,30221,30222,30223,30224,30225,30226,30227,30228,30229,30230,30231,30232,30233,30234,30235,30236,30237,30238,30239,30240,30241,30242,30243,30244,30245,30246,30247,30248,30249,30250,30251,30252,30253,30254,30255,30256,30257,30258,30259,30260,30261,30262,30263,30264,30265,30266,30267,30268,30269,30270,30271,30272,30273,30274,30275,30276,30277,30278,30279,30280,30281,30282,30283,30284,30285,30286,30287,30288,30289,30290,30291,30292,30293,30294,30295,30296,30297,30298,30299,30300,30301,30302,30303,30304,30305,30306,30307,30308,30309,30310,30311,30312,30313,30314,30315,30316,30317,30318,30319,30320,30321,30322,30323,30324,30325,30326,30327,30328,30329,30330,30331,30332,30333,30334,30335,30336,30337,30338,30339,30340,30341,30342,30343,30344,30345,30346,30347,30348,30349,30350,30351,30352,30353,30354,30355,30356}",SDED,2026-03-24 14:41:32.274366+01,gold_establishments_2025,,,,13002825100010,2025,Services de l'Etat,Département,['Gard'],['Occitanie'],DDETS,{30},{76}
55fd367f-4c30-4c1b-9fd6-fd0a4593d4f5,130028319,DDETS Gironde,false,"{33001,33002,33003,33004,33005,33006,33007,33008,33009,33010,33011,33012,33013,33014,33015,33016,33017,33018,33019,33020,33021,33022,33023,33024,33025,33026,33027,33028,33029,33030,33031,33032,33033,33034,33035,33036,33037,33038,33039,33040,33042,33043,33044,33045,33046,33047,33048,33049,33050,33051,33052,33053,33054,33055,33056,33057,33058,33059,33060,33061,33062,33063,33064,33065,33066,33067,33068,33069,33070,33071,33072,33073,33074,33075,33076,33077,33078,33079,33080,33081,33082,33083,33084,33085,33086,33087,33088,33089,33090,33093,33094,33095,33096,33097,33098,33099,33100,33101,33102,33103,33104,33105,33106,33108,33109,33111,33112,33113,33114,33115,33116,33117,33118,33119,33120,33121,33122,33123,33124,33125,33126,33127,33128,33129,33130,33131,33132,33133,33134,33135,33136,33137,33138,33139,33140,33141,33142,33143,33144,33145,33146,33147,33148,33149,33150,33151,33152,33153,33154,33155,33156,33157,33158,33159,33160,33161,33162,33163,33164,33165,33166,33167,33168,33169,33170,33171,33172,33173,33174,33175,33176,33177,33178,33179,33180,33181,33182,33183,33184,33185,33186,33187,33188,33189,33190,33191,33192,33193,33194,33195,33196,33197,33198,33199,33200,33201,33202,33203,33204,33205,33206,33207,33208,33209,33210,33211,33212,33213,33214,33215,33216,33218,33219,33220,33221,33222,33223,33224,33225,33226,33227,33228,33229,33230,33231,33232,33233,33234,33235,33236,33237,33238,33239,33240,33241,33242,33243,33244,33245,33246,33247,33248,33249,33250,33251,33252,33253,33254,33255,33256,33257,33258,33259,33260,33261,33262,33263,33264,33266,33268,33269,33270,33271,33272,33273,33274,33275,33276,33277,33278,33279,33280,33281,33282,33283,33284,33285,33287,33288,33289,33290,33291,33292,33293,33294,33295,33296,33297,33298,33299,33300,33301,33302,33303,33304,33305,33306,33307,33308,33309,33310,33311,33312,33314,33315,33316,33317,33318,33319,33320,33321,33322,33323,33324,33325,33326,33327,33328,33329,33330,33331,33332,33333,33334,33335,33336,33337,33339,33341,33342,33343,33344,33345,33346,33347,33348,33349,33350,33351,33352,33353,33354,33355,33356,33357,33358,33359,33360,33361,33362,33363,33364,33365,33366,33367,33369,33370,33372,33373,33374,33375,33376,33377,33378,33379,33380,33381,33382,33383,33384,33385,33386,33387,33388,33389,33390,33391,33392,33393,33394,33395,33396,33397,33398,33399,33400,33401,33402,33403,33404,33405,33406,33407,33408,33411,33412,33413,33414,33415,33416,33417,33418,33419,33420,33421,33422,33423,33424,33425,33426,33427,33428,33429,33431,33432,33433,33434,33435,33436,33437,33438,33439,33440,33441,33442,33443,33444,33445,33446,33447,33448,33449,33450,33451,33452,33453,33454,33456,33457,33458,33459,33460,33461,33462,33463,33464,33465,33466,33467,33468,33470,33471,33472,33473,33474,33475,33476,33477,33478,33479,33480,33481,33482,33483,33484,33485,33486,33487,33488,33489,33490,33491,33492,33493,33494,33496,33498,33499,33500,33501,33502,33503,33504,33505,33506,33507,33508,33509,33510,33511,33512,33513,33514,33515,33516,33517,33518,33519,33520,33521,33522,33523,33524,33525,33526,33527,33528,33529,33530,33531,33532,33533,33534,33535,33536,33537,33538,33539,33540,33541,33542,33543,33544,33545,33546,33547,33548,33549,33550,33551,33552,33553,33554,33555}",SDED,2026-03-24 14:41:32.274366+01,gold_establishments_2025,,,,13002831900023,2025,Services de l'Etat,Département,['Gironde'],['Nouvelle-Aquitaine'],DDETS,{33},{75}
7739ed1c-9234-4c6d-86cd-2be9ae2505fd,130028269,DDETS Haute-Garonne,false,"{31001,31002,31003,31004,31005,31006,31007,31008,31009,31010,31011,31012,31013,31014,31015,31017,31018,31019,31020,31021,31022,31023,31024,31025,31026,31027,31028,31029,31030,31031,31032,31033,31034,31035,31036,31037,31038,31039,31040,31041,31042,31043,31044,31045,31046,31047,31048,31049,31050,31051,31052,31053,31054,31055,31056,31057,31058,31059,31060,31061,31062,31063,31064,31065,31066,31067,31068,31069,31070,31071,31072,31073,31074,31075,31076,31077,31078,31079,31080,31081,31082,31083,31084,31085,31086,31087,31088,31089,31090,31091,31092,31093,31094,31095,31096,31097,31098,31099,31100,31101,31102,31103,31104,31105,31106,31107,31108,31109,31110,31111,31112,31113,31114,31115,31116,31117,31118,31119,31120,31121,31122,31123,31124,31125,31126,31127,31128,31129,31130,31131,31132,31133,31134,31135,31136,31137,31138,31139,31140,31141,31142,31143,31144,31145,31146,31147,31148,31149,31150,31151,31152,31153,31155,31156,31157,31158,31159,31160,31161,31162,31163,31164,31165,31166,31167,31168,31169,31170,31171,31172,31173,31174,31175,31176,31177,31178,31179,31180,31181,31182,31183,31184,31185,31186,31187,31188,31189,31190,31191,31192,31193,31194,31195,31196,31197,31198,31199,31200,31201,31202,31203,31204,31205,31206,31207,31208,31209,31210,31211,31212,31213,31215,31216,31217,31218,31219,31220,31221,31222,31223,31224,31225,31226,31227,31228,31229,31230,31231,31232,31233,31234,31235,31236,31237,31238,31239,31240,31241,31242,31243,31244,31245,31246,31247,31248,31249,31250,31251,31252,31253,31254,31255,31256,31258,31259,31260,31261,31262,31263,31264,31265,31266,31267,31268,31269,31270,31271,31272,31273,31274,31275,31276,31277,31278,31279,31280,31281,31282,31283,31284,31285,31286,31287,31288,31289,31290,31291,31292,31293,31294,31295,31296,31297,31299,31300,31301,31302,31303,31304,31305,31306,31308,31309,31310,31311,31312,31313,31314,31315,31316,31317,31318,31319,31320,31321,31322,31323,31324,31325,31326,31327,31328,31329,31330,31331,31332,31333,31334,31335,31336,31337,31338,31339,31340,31341,31342,31343,31344,31345,31346,31347,31348,31349,31350,31351,31352,31353,31354,31355,31356,31357,31358,31359,31360,31361,31362,31363,31364,31365,31366,31367,31368,31369,31370,31371,31372,31373,31374,31375,31376,31377,31378,31379,31380,31381,31382,31383,31384,31385,31386,31387,31388,31389,31390,31391,31392,31393,31394,31395,31396,31397,31398,31399,31400,31401,31402,31403,31404,31405,31406,31407,31408,31409,31410,31411,31412,31413,31414,31415,31416,31417,31418,31419,31420,31421,31422,31423,31424,31425,31426,31427,31428,31429,31430,31431,31432,31433,31434,31435,31436,31437,31439,31440,31441,31442,31443,31444,31445,31446,31447,31448,31449,31450,31451,31452,31453,31454,31455,31456,31457,31458,31459,31460,31461,31462,31463,31464,31465,31466,31467,31468,31469,31470,31471,31472,31473,31474,31475,31476,31477,31478,31479,31480,31481,31482,31483,31484,31485,31486,31487,31488,31489,31490,31491,31492,31493,31494,31495,31496,31497,31498,31499,31500,31501,31502,31503,31504,31505,31506,31507,31508,31509,31510,31511,31512,31513,31514,31515,31516,31517,31518,31519,31520,31521,31522,31523,31524,31525,31526,31527,31528,31529,31530,31531,31532,31533,31534,31535,31536,31537,31538,31539,31540,31541,31542,31543,31544,31545,31546,31547,31548,31549,31550,31551,31552,31553,31554,31555,31556,31557,31558,31559,31560,31561,31562,31563,31564,31565,31566,31567,31568,31569,31570,31571,31572,31573,31574,31575,31576,31577,31578,31579,31580,31581,31582,31583,31584,31585,31586,31587,31588,31589,31590,31591,31592,31593}",SDED,2026-03-24 14:41:32.274366+01,gold_establishments_2025,,,,13002826900020,2025,Services de l'Etat,Département,['Haute-Garonne'],['Occitanie'],DDETS,{31},{76}
9dfbcd95-ab04-4daa-94bd-10b77b8e9537,130028822,DDETS Haute-Savoie,false,"{74001,74002,74003,74004,74005,74006,74007,74008,74009,74010,74012,74013,74014,74015,74016,74018,74019,74020,74021,74024,74025,74026,74027,74029,74030,74031,74032,74033,74034,74035,74036,74037,74038,74040,74041,74042,74043,74044,74045,74046,74048,74049,74050,74051,74052,74053,74054,74055,74056,74057,74058,74059,74060,74061,74062,74063,74064,74065,74066,74067,74068,74069,74070,74071,74072,74073,74074,74075,74076,74077,74078,74079,74080,74081,74082,74083,74085,74086,74087,74088,74089,74090,74091,74094,74095,74096,74097,74098,74099,74100,74101,74102,74103,74104,74105,74106,74107,74108,74109,74111,74112,74114,74116,74117,74118,74119,74121,74122,74123,74124,74126,74127,74128,74129,74130,74131,74133,74134,74135,74136,74137,74138,74139,74140,74141,74142,74143,74144,74145,74146,74147,74148,74150,74151,74152,74153,74154,74155,74156,74157,74158,74159,74160,74161,74162,74163,74164,74165,74166,74167,74168,74169,74170,74171,74172,74173,74174,74175,74176,74177,74178,74179,74180,74183,74184,74185,74186,74188,74189,74190,74191,74192,74193,74194,74195,74196,74197,74198,74199,74200,74201,74202,74203,74205,74206,74208,74209,74210,74211,74212,74213,74215,74216,74218,74219,74220,74221,74222,74223,74224,74225,74226,74228,74229,74231,74232,74233,74234,74235,74236,74237,74238,74239,74240,74241,74242,74243,74244,74249,74250,74252,74253,74254,74255,74256,74257,74258,74259,74260,74261,74262,74263,74264,74265,74266,74267,74269,74271,74272,74273,74275,74276,74278,74279,74280,74281,74282,74283,74284,74285,74286,74287,74288,74289,74290,74291,74292,74293,74294,74295,74296,74297,74298,74299,74301,74302,74303,74304,74305,74306,74307,74308,74309,74310,74311,74312,74313,74314,74315}",SDED,2026-03-24 14:41:32.274366+01,gold_establishments_2025,,,,13002882200018,2025,Services de l'Etat,Département,['Haute-Savoie'],['Auvergne-Rhône-Alpes'],DDETS,{74},{84}
c27ce18e-a69e-4744-aa93-5c71be0451e7,130028327,DDETS Hérault,false,"{34001,34002,34003,34004,34005,34006,34007,34008,34009,34010,34011,34012,34013,34014,34015,34016,34017,34018,34019,34020,34021,34022,34023,34024,34025,34026,34027,34028,34029,34030,34031,34032,34033,34034,34035,34036,34037,34038,34039,34040,34041,34042,34043,34044,34045,34046,34047,34048,34049,34050,34051,34052,34053,34054,34055,34056,34057,34058,34059,34060,34061,34062,34063,34064,34065,34066,34067,34068,34069,34070,34071,34072,34073,34074,34075,34076,34077,34078,34079,34080,34081,34082,34083,34084,34085,34086,34087,34088,34089,34090,34091,34092,34094,34095,34096,34097,34098,34099,34100,34101,34102,34103,34104,34105,34106,34107,34108,34109,34110,34111,34112,34113,34114,34115,34116,34117,34118,34119,34120,34121,34122,34123,34124,34125,34126,34127,34128,34129,34130,34131,34132,34133,34134,34135,34136,34137,34138,34139,34140,34141,34142,34143,34144,34145,34146,34147,34148,34149,34150,34151,34152,34153,34154,34155,34156,34157,34158,34159,34160,34161,34162,34163,34164,34165,34166,34167,34168,34169,34170,34171,34172,34173,34174,34175,34176,34177,34178,34179,34180,34181,34182,34183,34184,34185,34186,34187,34188,34189,34190,34191,34192,34193,34194,34195,34196,34197,34198,34199,34200,34201,34202,34203,34204,34205,34206,34207,34208,34209,34210,34211,34212,34213,34214,34215,34216,34217,34218,34219,34220,34221,34222,34223,34224,34225,34226,34227,34228,34229,34230,34231,34232,34233,34234,34235,34236,34237,34238,34239,34240,34241,34242,34243,34244,34245,34246,34247,34248,34249,34250,34251,34252,34253,34254,34255,34256,34257,34258,34259,34260,34261,34262,34263,34264,34265,34266,34267,34268,34269,34270,34271,34272,34273,34274,34276,34277,34278,34279,34280,34281,34282,34283,34284,34285,34286,34287,34288,34289,34290,34291,34292,34293,34294,34295,34296,34297,34298,34299,34300,34301,34302,34303,34304,34305,34306,34307,34308,34309,34310,34311,34312,34313,34314,34315,34316,34317,34318,34319,34320,34321,34322,34323,34324,34325,34326,34327,34328,34329,34331,34332,34333,34334,34335,34336,34337,34338,34339,34340,34341,34342,34343,34344}",SDED,2026-03-24 14:41:32.274366+01,gold_establishments_2025,,,,13002832700018,2025,Services de l'Etat,Département,['Hérault'],['Occitanie'],DDETS,{34},{76}
c76cb1b0-2a5f-4834-ac9d-3ef72c699c93,130028434,DDETS Ille-et-Vilaine,false,"{35001,35002,35003,35004,35005,35006,35007,35008,35009,35010,35012,35013,35014,35015,35016,35017,35018,35019,35021,35022,35023,35024,35025,35026,35027,35028,35029,35030,35031,35032,35033,35034,35035,35037,35038,35039,35040,35041,35042,35044,35045,35046,35047,35049,35050,35051,35052,35054,35055,35056,35057,35058,35059,35060,35061,35062,35063,35064,35065,35066,35067,35068,35069,35070,35071,35072,35075,35076,35077,35078,35079,35080,35081,35082,35084,35085,35086,35087,35088,35089,35090,35091,35092,35093,35094,35095,35096,35097,35098,35099,35101,35102,35103,35104,35105,35106,35107,35108,35109,35110,35111,35114,35115,35116,35117,35118,35119,35120,35121,35122,35123,35124,35125,35126,35127,35128,35130,35131,35132,35133,35134,35135,35136,35137,35138,35139,35140,35141,35142,35143,35144,35145,35146,35148,35149,35150,35151,35152,35153,35154,35155,35156,35157,35159,35160,35161,35162,35163,35164,35165,35166,35167,35168,35169,35170,35171,35172,35173,35174,35175,35176,35177,35178,35179,35180,35181,35183,35184,35185,35186,35187,35188,35189,35190,35191,35192,35193,35194,35195,35196,35197,35198,35199,35200,35201,35202,35203,35204,35205,35206,35207,35208,35210,35211,35212,35214,35215,35216,35217,35218,35219,35220,35221,35222,35223,35224,35225,35226,35227,35228,35229,35230,35231,35232,35233,35234,35235,35236,35237,35238,35239,35240,35241,35242,35243,35244,35245,35246,35247,35248,35249,35250,35251,35252,35253,35255,35256,35257,35258,35259,35260,35261,35262,35263,35264,35265,35266,35268,35270,35271,35272,35273,35274,35275,35276,35277,35278,35279,35280,35281,35282,35283,35284,35285,35286,35287,35288,35289,35290,35291,35292,35294,35295,35296,35297,35299,35300,35302,35304,35305,35306,35307,35308,35309,35310,35311,35312,35314,35315,35316,35317,35318,35319,35320,35321,35322,35324,35325,35326,35327,35328,35329,35330,35331,35332,35333,35334,35335,35336,35337,35338,35339,35340,35342,35343,35345,35346,35347,35350,35351,35352,35353,35354,35355,35356,35357,35358,35359,35360,35361,35362,35363}",SDED,2026-03-24 14:41:32.274366+01,gold_establishments_2025,,,,13002843400012,2025,Services de l'Etat,Département,['Ille-et-Vilaine'],['Bretagne'],DDETS,{35},{53}
539bea1b-cbaf-44a2-9e8f-505e5245f846,130028541,DDETS Indre-et-Loire,false,"{37001,37002,37003,37004,37005,37006,37007,37008,37009,37010,37011,37012,37013,37014,37015,37016,37018,37019,37020,37021,37022,37023,37024,37025,37026,37027,37028,37029,37030,37031,37032,37033,37034,37035,37036,37037,37038,37039,37040,37041,37042,37043,37044,37045,37046,37047,37048,37049,37050,37051,37052,37053,37054,37055,37056,37057,37058,37059,37060,37061,37062,37063,37064,37065,37066,37067,37068,37069,37070,37071,37072,37073,37074,37075,37076,37077,37078,37079,37080,37081,37082,37083,37084,37085,37086,37087,37088,37089,37090,37091,37092,37093,37094,37095,37096,37097,37098,37099,37100,37101,37103,37104,37105,37106,37107,37108,37109,37110,37111,37112,37113,37114,37115,37116,37117,37118,37119,37121,37122,37123,37124,37125,37126,37127,37128,37129,37130,37131,37132,37133,37134,37136,37137,37138,37139,37140,37141,37142,37143,37144,37145,37146,37147,37148,37149,37150,37151,37152,37153,37154,37155,37156,37157,37158,37159,37160,37161,37162,37163,37165,37166,37167,37168,37169,37170,37171,37172,37173,37174,37175,37176,37177,37178,37179,37180,37181,37182,37183,37184,37185,37186,37187,37188,37189,37190,37191,37192,37193,37194,37195,37196,37197,37198,37199,37200,37201,37202,37203,37204,37205,37206,37207,37208,37210,37211,37212,37213,37214,37216,37217,37218,37219,37220,37221,37222,37223,37224,37225,37226,37228,37229,37230,37231,37232,37233,37234,37236,37237,37238,37240,37241,37242,37243,37244,37245,37246,37247,37248,37249,37250,37251,37252,37253,37254,37255,37256,37257,37258,37259,37260,37261,37262,37263,37264,37265,37266,37267,37268,37269,37270,37271,37272,37273,37274,37275,37276,37277,37278,37279,37280,37281,37282}",SDED,2026-03-24 14:41:32.274366+01,gold_establishments_2025,,,,13002854100014,2025,Services de l'Etat,Département,['Indre-et-Loire'],['Centre-Val de Loire'],DDETS,{37},{24}
18841dc1-9cc4-4b41-b764-941b82b4e53b,130028574,DDETS Isère,false,"{38001,38002,38003,38004,38005,38006,38008,38009,38010,38011,38012,38013,38015,38017,38018,38019,38020,38022,38023,38026,38027,38029,38030,38031,38032,38033,38034,38035,38036,38037,38038,38039,38040,38041,38042,38043,38044,38045,38046,38047,38048,38049,38050,38051,38052,38053,38054,38055,38056,38057,38058,38059,38060,38061,38062,38063,38064,38065,38066,38067,38068,38069,38070,38071,38072,38073,38074,38075,38076,38077,38078,38080,38081,38082,38083,38084,38085,38086,38087,38089,38090,38091,38092,38093,38094,38095,38097,38098,38099,38100,38101,38102,38103,38104,38105,38106,38107,38108,38109,38110,38111,38112,38113,38114,38115,38116,38117,38118,38120,38124,38126,38127,38128,38129,38130,38131,38132,38133,38134,38135,38136,38137,38138,38139,38140,38141,38144,38146,38147,38148,38149,38150,38151,38152,38153,38154,38155,38156,38157,38158,38159,38160,38161,38162,38163,38166,38167,38169,38170,38171,38172,38173,38174,38175,38176,38177,38179,38180,38181,38182,38183,38184,38185,38186,38187,38188,38189,38190,38191,38192,38193,38194,38195,38197,38198,38199,38200,38203,38204,38205,38206,38207,38208,38209,38210,38211,38212,38213,38214,38215,38216,38217,38218,38219,38221,38222,38223,38224,38225,38226,38228,38229,38230,38231,38232,38235,38236,38237,38238,38239,38240,38241,38242,38243,38244,38245,38246,38247,38248,38249,38250,38252,38253,38254,38255,38256,38257,38258,38259,38260,38261,38263,38264,38265,38266,38267,38268,38269,38270,38271,38272,38273,38275,38276,38277,38278,38279,38280,38281,38282,38283,38284,38285,38286,38287,38288,38289,38290,38291,38292,38294,38295,38296,38297,38298,38299,38300,38301,38303,38304,38307,38308,38309,38310,38311,38313,38314,38315,38316,38317,38318,38319,38320,38321,38322,38323,38324,38325,38326,38328,38329,38330,38331,38332,38333,38334,38335,38336,38337,38338,38339,38340,38341,38342,38343,38344,38345,38346,38347,38348,38349,38350,38351,38352,38353,38354,38355,38356,38357,38358,38359,38360,38361,38362,38363,38364,38365,38366,38368,38369,38370,38372,38373,38374,38375,38376,38377,38378,38379,38380,38381,38382,38383,38384,38386,38387,38388,38389,38390,38391,38392,38393,38394,38395,38396,38397,38398,38399,38400,38401,38402,38403,38404,38405,38406,38407,38408,38409,38410,38412,38413,38414,38415,38416,38417,38418,38419,38420,38421,38422,38423,38424,38425,38426,38427,38428,38429,38430,38431,38432,38433,38434,38436,38437,38438,38439,38440,38442,38443,38444,38445,38446,38448,38449,38450,38451,38452,38453,38454,38455,38456,38457,38458,38459,38460,38462,38463,38464,38465,38466,38467,38468,38469,38470,38471,38472,38473,38474,38475,38476,38478,38479,38480,38481,38483,38484,38485,38486,38487,38488,38489,38490,38492,38494,38495,38496,38497,38498,38499,38500,38501,38503,38504,38505,38507,38508,38509,38511,38512,38513,38514,38515,38516,38517,38518,38519,38520,38521,38522,38523,38524,38525,38526,38527,38528,38529,38530,38531,38532,38533,38535,38536,38537,38538,38539,38540,38542,38543,38544,38545,38546,38547,38548,38549,38550,38551,38552,38553,38554,38555,38556,38557,38558,38559,38560,38561,38562,38563,38564,38565,38566,38567}",SDED,2026-03-24 14:41:32.274366+01,gold_establishments_2025,,,,13002857400023,2025,Services de l'Etat,Département,['Isère'],['Auvergne-Rhône-Alpes'],DDETS,{38},{84}
0d871b62-01e3-4922-a383-f97c8e9ff620,130028616,DDETS Loire,false,"{42001,42002,42003,42005,42006,42007,42008,42009,42010,42011,42012,42013,42014,42015,42016,42017,42018,42019,42020,42021,42022,42023,42025,42026,42027,42028,42029,42030,42031,42032,42033,42034,42035,42036,42037,42038,42039,42040,42041,42042,42043,42044,42045,42046,42047,42048,42049,42050,42051,42052,42053,42054,42055,42056,42058,42059,42060,42061,42062,42063,42064,42065,42066,42067,42068,42069,42070,42071,42073,42074,42075,42076,42077,42078,42079,42081,42083,42084,42085,42086,42087,42088,42089,42090,42091,42092,42093,42094,42095,42096,42097,42098,42099,42100,42101,42102,42103,42104,42105,42106,42107,42108,42110,42112,42113,42115,42116,42117,42118,42119,42120,42121,42122,42123,42124,42125,42126,42127,42128,42129,42130,42131,42132,42133,42134,42135,42136,42137,42138,42139,42140,42141,42142,42143,42145,42146,42147,42148,42149,42150,42151,42152,42153,42154,42155,42156,42157,42158,42159,42160,42161,42162,42163,42164,42165,42166,42167,42168,42169,42170,42171,42172,42173,42174,42175,42176,42177,42178,42179,42180,42181,42182,42183,42184,42185,42186,42187,42188,42189,42191,42192,42193,42194,42195,42196,42197,42198,42199,42200,42201,42202,42203,42204,42205,42206,42207,42208,42209,42210,42211,42212,42213,42214,42215,42216,42217,42218,42219,42220,42221,42222,42223,42224,42225,42226,42227,42228,42229,42230,42231,42232,42233,42234,42235,42236,42237,42238,42239,42240,42241,42242,42243,42245,42246,42247,42248,42249,42251,42253,42254,42255,42256,42257,42259,42260,42261,42262,42264,42265,42266,42267,42268,42269,42270,42271,42272,42273,42274,42275,42276,42277,42278,42279,42280,42281,42282,42283,42284,42285,42286,42287,42288,42289,42290,42293,42294,42295,42296,42297,42298,42299,42300,42301,42302,42303,42304,42305,42306,42307,42308,42310,42311,42312,42313,42314,42315,42316,42317,42318,42319,42320,42321,42322,42323,42324,42325,42326,42327,42328,42329,42330,42331,42332,42333,42334,42335,42336,42337,42338,42339}",SDED,2026-03-24 14:41:32.274366+01,gold_establishments_2025,,,,13002861600014,2025,Services de l'Etat,Département,['Loire'],['Auvergne-Rhône-Alpes'],DDETS,{42},{84}
d8df6401-a379-4088-8c52-88667a534222,130028632,DDETS Loire-Atlantique,false,"{44001,44002,44003,44005,44006,44007,44009,44010,44012,44013,44014,44015,44016,44018,44019,44020,44021,44022,44023,44024,44025,44026,44027,44028,44029,44030,44031,44032,44033,44035,44036,44037,44038,44039,44041,44043,44044,44045,44046,44047,44048,44049,44050,44051,44052,44053,44054,44055,44056,44057,44058,44061,44062,44063,44064,44065,44066,44067,44068,44069,44070,44071,44072,44073,44074,44075,44076,44077,44078,44079,44080,44081,44082,44083,44084,44085,44086,44087,44088,44089,44090,44091,44092,44094,44095,44096,44097,44098,44099,44100,44101,44102,44103,44104,44105,44106,44107,44108,44109,44110,44111,44112,44113,44114,44115,44116,44117,44118,44119,44120,44121,44122,44123,44124,44125,44126,44127,44128,44129,44130,44131,44132,44133,44134,44135,44136,44137,44138,44139,44140,44141,44142,44143,44144,44145,44146,44148,44149,44150,44151,44152,44153,44154,44155,44156,44157,44158,44159,44161,44162,44163,44164,44165,44166,44168,44169,44170,44171,44172,44173,44174,44175,44176,44178,44179,44180,44182,44183,44184,44185,44186,44187,44188,44189,44190,44192,44193,44194,44195,44196,44197,44198,44199,44200,44201,44202,44203,44204,44205,44206,44207,44208,44209,44210,44211,44212,44213,44214,44215,44216,44217,44218,44220,44221,44222,44223,44224}",SDED,2026-03-24 14:41:32.274366+01,gold_establishments_2025,,,,13002863200029,2025,Services de l'Etat,Département,['Loire-Atlantique'],['Pays de la Loire'],DDETS,{44},{52}
7fb6fee1-c097-48eb-be86-67a7d7ab6742,130028640,DDETS Loiret,false,"{45001,45002,45004,45005,45006,45008,45009,45010,45011,45012,45013,45014,45015,45016,45017,45018,45019,45020,45021,45022,45023,45024,45025,45026,45027,45028,45029,45030,45031,45032,45033,45034,45035,45036,45037,45038,45039,45040,45041,45042,45043,45044,45045,45046,45047,45049,45050,45051,45052,45053,45054,45055,45056,45058,45059,45060,45061,45062,45063,45064,45065,45066,45067,45068,45069,45070,45072,45073,45074,45075,45076,45077,45078,45079,45080,45081,45082,45083,45084,45085,45086,45087,45088,45089,45091,45092,45093,45094,45095,45096,45097,45098,45099,45100,45101,45102,45103,45104,45105,45107,45108,45109,45110,45111,45112,45113,45114,45115,45116,45118,45119,45120,45121,45122,45123,45124,45125,45126,45127,45129,45130,45131,45132,45133,45134,45135,45136,45137,45138,45139,45141,45142,45143,45144,45145,45146,45147,45148,45149,45150,45151,45152,45153,45154,45155,45156,45157,45158,45159,45160,45161,45162,45164,45165,45166,45167,45168,45169,45170,45171,45173,45174,45175,45176,45177,45178,45179,45180,45181,45182,45183,45184,45185,45186,45187,45188,45189,45191,45193,45194,45195,45196,45197,45198,45199,45200,45201,45202,45203,45204,45205,45206,45207,45208,45209,45210,45212,45213,45214,45215,45216,45217,45218,45219,45220,45222,45223,45224,45225,45226,45227,45228,45229,45230,45231,45232,45233,45234,45235,45237,45238,45239,45240,45241,45242,45243,45244,45245,45246,45247,45248,45249,45250,45251,45252,45253,45254,45255,45256,45257,45258,45259,45260,45261,45262,45263,45264,45265,45266,45268,45269,45270,45271,45272,45273,45274,45275,45276,45277,45278,45279,45280,45281,45282,45283,45284,45285,45286,45288,45289,45290,45291,45292,45293,45294,45296,45297,45298,45299,45300,45301,45302,45303,45305,45306,45307,45308,45309,45310,45311,45312,45313,45314,45315,45316,45317,45320,45321,45322,45323,45324,45325,45326,45327,45328,45329,45330,45331,45332,45333,45334,45335,45336,45337,45338,45339,45340,45341,45342,45343,45344,45345,45346,45347,45348}",SDED,2026-03-24 14:41:32.274366+01,gold_establishments_2025,,,,13002864000014,2025,Services de l'Etat,Département,['Loiret'],['Centre-Val de Loire'],DDETS,{45},{24}
e25d7318-90d0-48a2-ac9a-594a5a989fb1,130028418,DDETS Maine-et-Loire,false,"{49002,49003,49007,49008,49009,49010,49011,49012,49015,49017,49018,49020,49021,49022,49023,49026,49027,49028,49029,49030,49035,49036,49038,49041,49045,49048,49050,49053,49054,49055,49056,49057,49058,49060,49061,49063,49064,49067,49068,49070,49076,49080,49082,49086,49089,49090,49092,49099,49100,49102,49107,49109,49110,49112,49113,49114,49120,49121,49123,49125,49127,49129,49130,49131,49132,49135,49138,49140,49155,49160,49161,49163,49167,49170,49171,49174,49176,49178,49180,49182,49183,49188,49192,49193,49194,49195,49200,49201,49205,49209,49211,49214,49215,49216,49217,49218,49219,49220,49221,49222,49223,49224,49228,49231,49235,49236,49237,49240,49241,49244,49246,49247,49248,49253,49257,49259,49260,49261,49262,49266,49267,49269,49271,49272,49278,49283,49284,49288,49291,49292,49294,49298,49299,49301,49302,49306,49307,49308,49310,49311,49323,49326,49328,49329,49330,49331,49332,49333,49334,49336,49338,49339,49341,49343,49344,49345,49347,49352,49353,49355,49358,49359,49361,49362,49364,49367,49368,49369,49370,49371,49373,49374,49377,49378,49381}",SDED,2026-03-24 14:41:32.274366+01,gold_establishments_2025,,,,13002841800015,2025,Services de l'Etat,Département,['Maine-et-Loire'],['Pays de la Loire'],DDETS,{49},{52}
658dc929-5c0c-4d73-af18-d4157ac4135d,130028442,DDETS Manche,false,"{50002,50003,50004,50006,50008,50013,50016,50019,50021,50022,50023,50024,50025,50026,50027,50028,50029,50030,50031,50032,50033,50034,50036,50038,50039,50040,50041,50042,50044,50045,50046,50048,50049,50050,50052,50054,50055,50058,50059,50060,50062,50064,50066,50069,50070,50072,50074,50076,50077,50078,50079,50081,50082,50083,50084,50085,50086,50087,50088,50090,50092,50093,50094,50095,50096,50097,50098,50099,50101,50102,50105,50106,50108,50109,50110,50111,50112,50115,50117,50118,50120,50121,50124,50126,50129,50130,50135,50137,50138,50139,50142,50143,50144,50145,50146,50147,50148,50149,50150,50151,50152,50155,50156,50158,50159,50161,50162,50164,50165,50166,50167,50168,50169,50172,50174,50175,50176,50177,50178,50181,50182,50183,50184,50185,50186,50188,50190,50192,50193,50194,50195,50196,50197,50198,50199,50200,50205,50207,50208,50209,50210,50214,50215,50216,50217,50218,50219,50221,50222,50225,50227,50228,50229,50230,50231,50232,50233,50234,50235,50236,50237,50238,50239,50240,50241,50243,50246,50247,50251,50252,50253,50256,50258,50259,50260,50261,50262,50263,50265,50266,50267,50268,50269,50270,50271,50272,50273,50274,50275,50276,50277,50278,50279,50281,50282,50283,50285,50288,50289,50290,50291,50292,50294,50295,50296,50297,50298,50299,50300,50302,50304,50305,50310,50311,50312,50315,50317,50321,50324,50326,50327,50328,50332,50334,50335,50336,50338,50340,50341,50342,50345,50347,50349,50350,50351,50352,50353,50356,50357,50359,50360,50361,50362,50363,50364,50365,50368,50369,50370,50371,50372,50373,50374,50376,50378,50379,50382,50384,50387,50388,50389,50390,50391,50393,50394,50395,50397,50398,50399,50400,50401,50402,50403,50405,50407,50408,50409,50410,50411,50412,50413,50417,50419,50420,50421,50422,50423,50425,50426,50428,50429,50430,50431,50433,50435,50436,50437,50442,50443,50444,50445,50446,50447,50448,50450,50451,50452,50453,50454,50455,50456,50457,50461,50462,50463,50464,50467,50468,50469,50471,50472,50473,50474,50475,50476,50478,50479,50480,50481,50482,50483,50484,50486,50487,50488,50489,50490,50491,50492,50493,50495,50496,50498,50499,50500,50502,50504,50505,50506,50507,50509,50510,50511,50512,50513,50514,50517,50518,50519,50521,50522,50523,50525,50528,50529,50531,50532,50533,50535,50536,50537,50538,50539,50540,50541,50542,50543,50546,50548,50549,50550,50551,50552,50553,50554,50556,50562,50563,50564,50565,50567,50568,50569,50570,50571,50572,50574,50575,50576,50577,50578,50579,50580,50582,50584,50585,50587,50588,50589,50590,50591,50592,50593,50594,50596,50597,50598,50599,50601,50603,50604,50606,50607,50609,50610,50612,50613,50615,50616,50617,50618,50619,50621,50624,50626,50628,50629,50633,50634,50637,50639,50641,50643,50647,50648}",SDED,2026-03-24 14:41:32.274366+01,gold_establishments_2025,,,,13002844200015,2025,Services de l'Etat,Département,['Manche'],['Normandie'],DDETS,{50},{28}
1b4a18dd-34df-4285-b553-3d963f267054,130028525,DDETS Meurthe-et-Moselle,false,"{54001,54002,54003,54004,54005,54006,54007,54008,54009,54010,54011,54012,54013,54014,54015,54016,54017,54018,54019,54020,54021,54022,54023,54024,54025,54026,54027,54028,54029,54030,54031,54032,54033,54034,54035,54036,54037,54038,54039,54040,54041,54042,54043,54044,54045,54046,54047,54048,54049,54050,54051,54052,54053,54054,54055,54056,54057,54058,54059,54060,54061,54062,54063,54064,54065,54066,54067,54068,54069,54070,54071,54072,54073,54074,54075,54076,54077,54078,54079,54080,54081,54082,54083,54084,54085,54086,54087,54088,54089,54090,54091,54092,54093,54094,54095,54096,54097,54098,54099,54100,54101,54102,54103,54104,54105,54106,54107,54108,54109,54110,54111,54112,54113,54114,54115,54116,54117,54118,54119,54120,54121,54122,54123,54124,54125,54126,54127,54128,54129,54130,54131,54132,54133,54134,54135,54136,54137,54138,54139,54140,54141,54142,54143,54144,54145,54146,54147,54148,54149,54150,54151,54152,54153,54154,54155,54156,54157,54158,54159,54160,54161,54162,54163,54164,54165,54166,54167,54168,54169,54170,54171,54172,54173,54174,54175,54176,54177,54178,54179,54180,54181,54182,54183,54184,54185,54186,54187,54188,54189,54190,54191,54192,54193,54194,54195,54196,54197,54198,54199,54200,54201,54202,54203,54204,54205,54206,54207,54208,54209,54210,54211,54212,54213,54214,54215,54216,54217,54218,54219,54220,54221,54222,54223,54224,54225,54226,54227,54228,54229,54230,54231,54232,54233,54234,54235,54236,54237,54238,54239,54240,54241,54242,54243,54244,54245,54246,54247,54248,54249,54250,54251,54252,54253,54254,54255,54256,54257,54258,54259,54260,54261,54262,54263,54264,54265,54266,54268,54269,54270,54271,54272,54273,54274,54275,54276,54277,54278,54279,54280,54281,54282,54283,54284,54285,54286,54287,54288,54289,54290,54291,54292,54293,54294,54295,54296,54297,54298,54299,54300,54301,54302,54303,54304,54305,54306,54307,54308,54309,54310,54311,54312,54313,54314,54315,54316,54317,54318,54320,54321,54322,54323,54324,54325,54326,54327,54328,54329,54330,54331,54332,54333,54334,54335,54336,54337,54338,54339,54340,54343,54344,54345,54346,54348,54349,54350,54351,54352,54353,54354,54355,54356,54357,54358,54359,54360,54362,54363,54364,54365,54366,54367,54368,54369,54370,54371,54372,54373,54374,54375,54376,54377,54378,54379,54380,54381,54382,54383,54385,54386,54387,54388,54389,54390,54391,54392,54393,54394,54395,54396,54397,54398,54399,54400,54401,54402,54403,54404,54405,54406,54407,54408,54409,54410,54411,54412,54413,54414,54415,54416,54417,54418,54419,54420,54421,54422,54423,54424,54425,54426,54427,54428,54429,54430,54431,54432,54433,54434,54435,54436,54437,54438,54439,54440,54441,54442,54443,54444,54445,54446,54447,54449,54450,54451,54452,54453,54455,54456,54457,54458,54459,54460,54461,54462,54463,54464,54465,54466,54467,54468,54469,54470,54471,54472,54473,54474,54475,54476,54477,54478,54479,54480,54481,54482,54483,54484,54485,54486,54487,54488,54489,54490,54491,54492,54493,54494,54495,54496,54497,54498,54499,54500,54501,54502,54504,54505,54507,54508,54509,54510,54511,54512,54513,54514,54515,54516,54517,54518,54519,54520,54521,54522,54523,54524,54525,54526,54527,54528,54529,54530,54531,54532,54533,54534,54535,54536,54537,54538,54539,54540,54541,54542,54543,54544,54545,54546,54547,54548,54549,54550,54551,54552,54553,54554,54555,54556,54557,54558,54559,54560,54561,54562,54563,54564,54565,54566,54567,54568,54569,54570,54571,54572,54573,54574,54575,54576,54577,54578,54579,54580,54581,54582,54583,54584,54585,54586,54587,54588,54589,54590,54591,54592,54593,54594,54595,54596,54597,54598,54599,54600,54601,54602}",SDED,2026-03-24 14:41:32.274366+01,gold_establishments_2025,,,,13002852500017,2025,Services de l'Etat,Département,['Meurthe-et-Moselle'],['Grand Est'],DDETS,{54},{44}
07fccb98-e774-4d3b-803b-2927df119b9e,130028558,DDETS Morbihan,false,"{56001,56002,56003,56004,56005,56006,56007,56008,56009,56010,56011,56012,56013,56014,56015,56017,56018,56019,56020,56021,56022,56023,56024,56025,56026,56027,56028,56029,56030,56031,56032,56033,56034,56035,56036,56039,56040,56041,56042,56043,56044,56045,56046,56047,56048,56050,56051,56052,56053,56054,56055,56056,56057,56058,56060,56061,56062,56063,56065,56066,56067,56068,56069,56070,56071,56072,56073,56074,56075,56076,56077,56078,56079,56080,56081,56082,56083,56084,56085,56086,56087,56088,56089,56090,56091,56092,56093,56094,56096,56097,56098,56099,56100,56101,56102,56103,56104,56105,56106,56107,56108,56109,56110,56111,56112,56113,56114,56115,56116,56117,56118,56119,56120,56121,56122,56123,56124,56125,56126,56127,56128,56129,56130,56131,56132,56133,56134,56135,56136,56137,56139,56140,56141,56143,56144,56145,56146,56147,56148,56149,56151,56152,56153,56154,56155,56156,56157,56158,56159,56160,56161,56162,56163,56164,56165,56166,56167,56168,56169,56170,56171,56172,56173,56174,56175,56176,56177,56178,56179,56180,56181,56182,56184,56185,56186,56188,56189,56190,56191,56193,56194,56195,56196,56197,56198,56199,56200,56201,56202,56203,56204,56205,56206,56207,56208,56209,56210,56211,56212,56213,56214,56215,56216,56218,56219,56220,56221,56222,56223,56224,56225,56226,56227,56228,56229,56230,56231,56232,56233,56234,56236,56237,56238,56239,56240,56241,56242,56243,56244,56245,56246,56247,56248,56249,56250,56251,56252,56253,56254,56255,56256,56257,56258,56259,56260,56261,56262,56263,56264}",SDED,2026-03-24 14:41:32.274366+01,gold_establishments_2025,,,,13002855800026,2025,Services de l'Etat,Département,['Morbihan'],['Bretagne'],DDETS,{56},{53}
481db7e7-5d12-4590-b4c9-797732c48fef,130028566,DDETS Moselle,false,"{57001,57002,57003,57004,57006,57007,57008,57009,57010,57011,57012,57013,57014,57015,57016,57017,57018,57019,57020,57021,57022,57024,57025,57026,57027,57028,57029,57030,57031,57032,57033,57034,57035,57036,57037,57038,57039,57040,57041,57042,57043,57044,57045,57046,57047,57048,57049,57050,57051,57052,57053,57054,57055,57056,57057,57058,57059,57060,57061,57062,57063,57064,57065,57066,57067,57069,57070,57071,57072,57073,57074,57075,57076,57077,57079,57080,57081,57082,57083,57084,57085,57086,57087,57088,57089,57090,57091,57092,57093,57095,57096,57097,57098,57099,57100,57101,57102,57103,57104,57105,57106,57107,57108,57109,57110,57111,57112,57113,57114,57115,57116,57117,57118,57119,57120,57121,57122,57123,57124,57125,57126,57127,57128,57129,57130,57131,57132,57133,57134,57136,57137,57138,57139,57140,57141,57142,57143,57144,57145,57146,57147,57148,57149,57150,57151,57152,57153,57154,57155,57156,57158,57159,57160,57161,57162,57163,57165,57166,57167,57168,57169,57171,57172,57173,57174,57175,57176,57177,57178,57179,57180,57181,57182,57183,57186,57187,57188,57189,57190,57191,57192,57193,57194,57195,57196,57197,57198,57199,57200,57201,57202,57203,57204,57205,57206,57207,57208,57209,57210,57211,57212,57213,57214,57215,57216,57217,57218,57219,57220,57221,57222,57224,57225,57226,57227,57228,57229,57230,57231,57232,57233,57234,57235,57236,57237,57238,57239,57240,57241,57242,57244,57245,57246,57247,57248,57249,57250,57251,57252,57253,57254,57255,57256,57257,57258,57259,57260,57261,57262,57263,57264,57265,57266,57267,57268,57269,57270,57271,57272,57273,57274,57275,57276,57277,57278,57280,57281,57282,57283,57284,57286,57287,57288,57289,57290,57291,57292,57293,57294,57295,57296,57297,57298,57299,57300,57301,57302,57303,57304,57305,57306,57307,57308,57309,57310,57311,57312,57313,57314,57315,57316,57317,57318,57319,57320,57321,57322,57323,57324,57325,57326,57328,57329,57330,57331,57332,57333,57334,57335,57336,57337,57338,57339,57340,57341,57342,57343,57344,57345,57346,57347,57348,57349,57350,57351,57352,57353,57354,57355,57356,57357,57358,57359,57360,57361,57362,57364,57365,57366,57367,57368,57370,57371,57372,57373,57374,57375,57376,57377,57379,57380,57381,57382,57383,57384,57385,57386,57387,57388,57389,57390,57391,57392,57393,57394,57395,57396,57397,57398,57399,57401,57402,57403,57404,57405,57406,57407,57408,57409,57410,57411,57412,57413,57414,57415,57416,57417,57418,57419,57421,57422,57423,57424,57425,57426,57427,57428,57430,57431,57433,57434,57436,57437,57438,57439,57440,57441,57442,57443,57444,57445,57446,57447,57448,57449,57451,57452,57453,57454,57455,57456,57457,57459,57460,57461,57462,57463,57464,57465,57466,57467,57468,57469,57470,57471,57472,57473,57474,57475,57476,57477,57478,57479,57480,57481,57482,57483,57484,57485,57486,57487,57488,57489,57490,57491,57492,57493,57494,57495,57496,57497,57498,57499,57500,57501,57502,57504,57505,57506,57507,57508,57509,57510,57511,57512,57513,57514,57515,57516,57517,57518,57519,57520,57521,57524,57525,57526,57527,57528,57529,57530,57531,57532,57533,57534,57535,57536,57537,57538,57539,57540,57541,57542,57543,57544,57545,57546,57547,57548,57549,57550,57551,57552,57553,57554,57555,57556,57557,57558,57559,57560,57561,57562,57563,57564,57565,57566,57567,57568,57569,57570,57571,57572,57573,57574,57575,57576,57577,57578,57579,57580,57581,57582,57583,57584,57586,57587,57588,57589,57590,57591,57592,57593,57594,57595,57596,57597,57598,57599,57600,57601,57602,57603,57604,57605,57606,57607,57609,57610,57611,57612,57613,57614,57615,57616,57617,57618,57619,57620,57621,57622,57623,57624,57625,57626,57627,57628,57629,57630,57631,57633,57634,57635,57636,57637,57638,57639,57640,57641,57642,57643,57644,57645,57647,57648,57649,57650,57651,57652,57653,57654,57655,57656,57657,57658,57659,57660,57661,57662,57663,57664,57665,57666,57667,57668,57669,57670,57671,57672,57673,57674,57675,57676,57677,57678,57679,57680,57681,57682,57683,57684,57685,57686,57687,57689,57690,57691,57692,57693,57694,57695,57696,57697,57698,57700,57701,57702,57703,57704,57705,57706,57707,57708,57709,57711,57712,57713,57714,57715,57716,57717,57718,57719,57720,57721,57723,57724,57725,57726,57727,57728,57730,57731,57732,57733,57734,57736,57737,57738,57739,57740,57741,57742,57743,57745,57746,57747,57748,57749,57750,57751,57752,57753,57754,57755,57756,57757,57759,57760,57761,57762,57763,57764,57765,57767}",SDED,2026-03-24 14:41:32.274366+01,gold_establishments_2025,,,,13002856600029,2025,Services de l'Etat,Département,['Moselle'],['Grand Est'],DDETS,{57},{44}
13b58edd-2d89-44a4-ab9e-f78d7273e525,130028293,DDETS Nord,false,"{59001,59002,59003,59004,59005,59006,59007,59008,59009,59010,59011,59012,59013,59014,59015,59016,59017,59018,59019,59021,59022,59023,59024,59025,59026,59027,59028,59029,59031,59032,59033,59034,59035,59036,59037,59038,59039,59041,59042,59043,59044,59045,59046,59047,59048,59049,59050,59051,59052,59053,59054,59055,59056,59057,59058,59059,59060,59061,59062,59063,59064,59065,59066,59067,59068,59069,59071,59072,59073,59074,59075,59076,59077,59078,59079,59080,59081,59082,59083,59084,59085,59086,59087,59088,59089,59090,59091,59092,59093,59094,59096,59097,59098,59099,59100,59101,59102,59103,59104,59105,59106,59107,59108,59109,59110,59111,59112,59113,59114,59115,59116,59117,59118,59119,59120,59121,59122,59123,59124,59125,59126,59127,59128,59129,59130,59131,59132,59133,59134,59135,59136,59137,59138,59139,59140,59141,59142,59143,59144,59145,59146,59147,59148,59149,59150,59151,59152,59153,59155,59156,59157,59158,59159,59160,59161,59162,59163,59164,59165,59166,59167,59168,59169,59170,59171,59172,59173,59174,59175,59176,59177,59178,59179,59180,59181,59182,59183,59184,59185,59186,59187,59188,59189,59190,59191,59192,59193,59194,59195,59196,59197,59198,59199,59200,59201,59202,59203,59204,59205,59206,59207,59208,59209,59210,59211,59212,59213,59214,59215,59216,59217,59218,59219,59220,59221,59222,59223,59224,59225,59226,59227,59228,59229,59230,59231,59232,59233,59234,59236,59237,59238,59239,59240,59241,59242,59243,59244,59246,59247,59249,59250,59251,59252,59253,59254,59255,59256,59257,59258,59259,59260,59261,59262,59263,59264,59265,59266,59267,59268,59269,59270,59271,59272,59273,59274,59275,59276,59277,59278,59279,59280,59281,59282,59283,59284,59285,59286,59287,59288,59289,59290,59291,59292,59293,59294,59295,59296,59297,59299,59300,59301,59302,59303,59304,59305,59306,59307,59308,59309,59310,59311,59312,59313,59314,59315,59316,59317,59318,59319,59320,59321,59322,59323,59324,59325,59326,59327,59328,59329,59330,59331,59332,59333,59334,59335,59336,59337,59338,59339,59340,59341,59342,59343,59344,59345,59346,59347,59348,59349,59350,59351,59352,59353,59354,59356,59357,59358,59359,59360,59361,59363,59364,59365,59366,59367,59368,59369,59370,59371,59372,59374,59375,59377,59378,59379,59381,59382,59383,59384,59385,59386,59387,59388,59389,59390,59391,59392,59393,59394,59395,59396,59397,59398,59399,59400,59401,59402,59403,59405,59406,59407,59408,59409,59410,59411,59412,59413,59414,59415,59416,59418,59419,59420,59421,59422,59423,59424,59425,59426,59427,59428,59429,59430,59431,59432,59433,59434,59435,59436,59437,59438,59439,59440,59441,59442,59443,59444,59445,59446,59447,59448,59449,59450,59451,59452,59453,59454,59455,59456,59457,59458,59459,59461,59462,59463,59464,59465,59466,59467,59468,59469,59470,59471,59472,59473,59474,59475,59476,59477,59478,59479,59480,59481,59482,59483,59484,59485,59486,59487,59488,59489,59490,59491,59492,59493,59494,59495,59496,59497,59498,59499,59500,59501,59502,59503,59504,59505,59506,59507,59508,59509,59511,59512,59513,59514,59515,59516,59517,59518,59519,59520,59521,59522,59523,59524,59525,59526,59527,59528,59529,59530,59531,59532,59533,59534,59535,59536,59537,59538,59539,59541,59542,59543,59544,59545,59546,59547,59548,59549,59550,59551,59552,59553,59554,59555,59556,59557,59558,59559,59560,59562,59563,59564,59565,59566,59567,59568,59569,59570,59571,59572,59573,59574,59575,59576,59577,59578,59579,59580,59581,59582,59583,59584,59585,59586,59587,59588,59589,59590,59591,59592,59593,59594,59595,59596,59597,59598,59599,59600,59601,59602,59603,59604,59605,59606,59607,59608,59609,59610,59611,59612,59613,59614,59615,59616,59617,59618,59619,59620,59622,59623,59624,59625,59626,59627,59628,59629,59630,59631,59632,59633,59634,59635,59636,59637,59638,59639,59640,59641,59642,59643,59645,59646,59647,59648,59649,59650,59651,59652,59653,59654,59655,59656,59657,59658,59659,59660,59661,59662,59663,59664,59665,59666,59667,59668,59669,59670}",SDED,2026-03-24 14:41:32.274366+01,gold_establishments_2025,,,,13002829300095,2025,Services de l'Etat,Département,['Nord'],['Hauts-de-France'],DDETS,{59},{32}
2049bdb1-5143-41b4-b56a-82fea1242804,130028301,DDETS Oise,false,"{60001,60002,60003,60004,60005,60006,60007,60008,60009,60010,60011,60012,60013,60014,60015,60016,60017,60019,60020,60021,60022,60023,60024,60025,60026,60027,60028,60029,60030,60031,60032,60033,60034,60035,60036,60037,60039,60040,60041,60042,60043,60044,60045,60046,60047,60048,60049,60050,60051,60052,60053,60054,60055,60056,60057,60058,60059,60060,60061,60062,60063,60064,60065,60066,60067,60068,60069,60070,60071,60072,60073,60074,60075,60076,60077,60078,60079,60081,60082,60083,60084,60085,60086,60087,60088,60089,60090,60091,60092,60093,60094,60095,60097,60098,60099,60100,60101,60102,60103,60104,60105,60106,60107,60108,60109,60110,60111,60112,60113,60114,60115,60116,60117,60118,60119,60120,60121,60122,60123,60124,60125,60126,60127,60128,60129,60130,60131,60132,60133,60134,60135,60136,60137,60138,60139,60140,60141,60142,60143,60144,60145,60146,60147,60148,60149,60150,60151,60152,60153,60154,60155,60156,60157,60158,60159,60160,60161,60162,60163,60164,60165,60166,60167,60168,60169,60170,60171,60172,60173,60174,60175,60176,60177,60178,60179,60180,60181,60182,60183,60184,60185,60186,60187,60188,60189,60190,60191,60192,60193,60194,60195,60196,60197,60198,60199,60200,60201,60203,60204,60205,60206,60207,60208,60209,60210,60211,60212,60213,60214,60215,60216,60217,60218,60219,60220,60221,60222,60223,60224,60225,60226,60227,60228,60229,60230,60231,60232,60233,60234,60235,60236,60237,60238,60239,60240,60241,60242,60243,60244,60245,60247,60248,60249,60250,60251,60252,60253,60254,60255,60256,60257,60258,60259,60260,60261,60262,60263,60264,60265,60267,60268,60269,60270,60271,60272,60273,60274,60275,60276,60277,60278,60279,60280,60281,60282,60283,60284,60285,60286,60287,60288,60289,60290,60291,60292,60293,60294,60295,60296,60297,60298,60299,60301,60302,60303,60304,60305,60306,60307,60308,60309,60310,60311,60312,60313,60314,60315,60316,60317,60318,60319,60320,60321,60322,60323,60324,60325,60326,60327,60328,60329,60330,60331,60332,60333,60334,60335,60336,60337,60338,60339,60340,60341,60342,60343,60344,60345,60346,60347,60348,60350,60351,60352,60353,60354,60355,60356,60357,60358,60359,60360,60361,60362,60363,60364,60365,60366,60367,60368,60369,60370,60371,60372,60373,60374,60375,60376,60377,60378,60379,60380,60381,60382,60383,60385,60386,60387,60388,60389,60390,60391,60392,60393,60394,60395,60396,60397,60398,60399,60400,60401,60402,60403,60404,60405,60406,60407,60408,60409,60410,60411,60412,60413,60414,60415,60416,60418,60420,60421,60422,60423,60424,60425,60426,60427,60428,60429,60430,60431,60432,60433,60434,60435,60436,60437,60438,60439,60440,60441,60442,60443,60444,60445,60446,60447,60448,60449,60450,60451,60452,60454,60456,60457,60458,60459,60460,60461,60462,60463,60464,60465,60466,60468,60469,60470,60471,60472,60473,60474,60476,60477,60478,60479,60480,60481,60482,60483,60484,60485,60486,60487,60488,60489,60490,60491,60492,60493,60494,60495,60496,60497,60498,60499,60500,60501,60502,60503,60504,60505,60506,60507,60508,60509,60510,60511,60512,60513,60514,60515,60516,60517,60518,60519,60520,60521,60522,60523,60524,60525,60526,60527,60528,60529,60530,60531,60533,60534,60535,60536,60537,60538,60539,60540,60541,60542,60543,60544,60545,60546,60547,60548,60549,60550,60551,60552,60553,60554,60555,60556,60557,60558,60559,60560,60561,60562,60563,60564,60565,60566,60567,60568,60569,60570,60571,60572,60573,60574,60575,60576,60577,60578,60579,60581,60582,60583,60584,60585,60586,60587,60588,60589,60590,60591,60592,60593,60594,60595,60596,60597,60598,60599,60600,60601,60602,60603,60604,60605,60608,60609,60610,60611,60612,60613,60614,60615,60616,60617,60618,60619,60620,60621,60622,60623,60624,60625,60626,60627,60628,60629,60630,60631,60632,60633,60634,60635,60636,60637,60638,60639,60640,60641,60642,60643,60644,60645,60646,60647,60648,60650,60651,60652,60653,60654,60655,60656,60657,60658,60659,60660,60661,60662,60663,60664,60665,60666,60667,60668,60669,60670,60671,60672,60673,60674,60675,60676,60677,60678,60679,60680,60681,60682,60683,60684,60685,60686,60687,60688,60689,60691,60692,60693,60695,60697,60698,60699,60700,60701,60702,60703}",SDED,2026-03-24 14:41:32.274366+01,gold_establishments_2025,,,,13002830100013,2025,Services de l'Etat,Département,['Oise'],['Hauts-de-France'],DDETS,{60},{32}
b18a3d40-c77f-40b8-bf04-522b4265c761,130028350,DDETS Pas-de-Calais,false,"{62001,62002,62003,62004,62005,62006,62007,62008,62009,62010,62011,62012,62013,62014,62015,62016,62017,62018,62019,62020,62021,62022,62023,62024,62025,62026,62027,62028,62029,62030,62031,62032,62033,62034,62035,62036,62037,62038,62039,62040,62041,62042,62043,62044,62045,62046,62047,62048,62049,62050,62051,62052,62053,62054,62055,62056,62057,62058,62059,62060,62061,62062,62063,62064,62065,62066,62067,62068,62069,62070,62071,62072,62073,62074,62075,62076,62077,62078,62079,62080,62081,62082,62083,62084,62085,62086,62087,62088,62089,62090,62091,62092,62093,62094,62095,62096,62097,62099,62100,62101,62102,62103,62104,62105,62106,62107,62108,62109,62111,62112,62113,62114,62115,62116,62117,62118,62119,62120,62121,62122,62123,62124,62125,62126,62127,62128,62129,62130,62131,62132,62133,62134,62135,62137,62138,62139,62140,62141,62142,62143,62144,62145,62146,62147,62148,62149,62150,62151,62152,62153,62154,62155,62156,62157,62158,62160,62161,62162,62163,62164,62165,62166,62167,62168,62169,62170,62171,62172,62173,62174,62175,62176,62177,62178,62179,62180,62181,62182,62183,62184,62185,62186,62187,62188,62189,62190,62191,62192,62193,62194,62195,62196,62197,62198,62199,62200,62201,62202,62203,62204,62205,62206,62207,62208,62209,62211,62212,62213,62214,62215,62216,62217,62218,62219,62220,62221,62222,62223,62224,62225,62227,62228,62229,62230,62231,62232,62233,62234,62235,62236,62237,62238,62239,62240,62241,62242,62243,62244,62245,62246,62247,62248,62249,62250,62251,62252,62253,62254,62255,62256,62257,62258,62259,62260,62261,62262,62263,62264,62265,62266,62267,62268,62269,62270,62271,62272,62273,62274,62275,62276,62277,62278,62279,62280,62281,62282,62283,62284,62285,62286,62288,62289,62290,62291,62292,62293,62295,62296,62297,62298,62299,62300,62301,62302,62303,62304,62306,62307,62308,62309,62310,62311,62312,62313,62314,62315,62316,62317,62318,62319,62320,62321,62322,62323,62324,62325,62326,62327,62328,62329,62330,62331,62332,62333,62334,62335,62336,62337,62338,62339,62340,62341,62342,62343,62344,62345,62346,62347,62348,62349,62350,62351,62352,62353,62354,62355,62356,62357,62358,62359,62360,62361,62362,62363,62364,62365,62366,62367,62368,62369,62370,62371,62372,62373,62374,62375,62376,62377,62378,62379,62380,62381,62382,62383,62384,62385,62386,62387,62388,62389,62390,62391,62392,62393,62395,62396,62397,62398,62399,62400,62401,62402,62403,62404,62405,62406,62407,62408,62409,62410,62411,62412,62413,62414,62415,62416,62418,62419,62421,62422,62423,62424,62425,62426,62427,62428,62429,62430,62432,62433,62434,62435,62436,62437,62438,62439,62440,62441,62442,62443,62444,62445,62446,62447,62448,62449,62450,62451,62452,62453,62454,62455,62456,62457,62458,62459,62460,62462,62463,62464,62465,62466,62467,62468,62469,62470,62471,62472,62473,62474,62475,62476,62477,62478,62479,62480,62481,62483,62484,62485,62486,62487,62488,62489,62490,62491,62492,62493,62494,62495,62496,62497,62498,62499,62500,62501,62502,62503,62504,62505,62506,62507,62508,62509,62510,62511,62512,62513,62514,62515,62516,62517,62518,62519,62520,62521,62522,62523,62524,62525,62526,62527,62528,62529,62530,62531,62532,62533,62534,62535,62536,62537,62538,62539,62540,62541,62542,62543,62544,62545,62546,62547,62548,62550,62551,62552,62553,62554,62555,62556,62557,62558,62559,62560,62561,62562,62563,62564,62565,62566,62567,62568,62569,62570,62571,62572,62573,62574,62576,62577,62578,62579,62580,62581,62582,62583,62584,62585,62586,62587,62588,62589,62590,62591,62592,62593,62594,62595,62596,62597,62598,62599,62600,62601,62602,62603,62604,62605,62606,62607,62608,62609,62610,62611,62612,62613,62614,62615,62616,62617,62618,62619,62620,62621,62622,62623,62624,62625,62626,62627,62628,62629,62630,62631,62632,62633,62634,62635,62636,62637,62638,62639,62640,62641,62642,62643,62644,62645,62646,62647,62648,62649,62650,62651,62652,62653,62654,62655,62656,62657,62658,62659,62660,62661,62662,62663,62664,62665,62666,62667,62668,62669,62670,62671,62672,62673,62674,62675,62676,62677,62678,62679,62680,62681,62682,62683,62684,62685,62686,62688,62689,62690,62691,62692,62693,62694,62695,62696,62697,62698,62699,62700,62701,62702,62703,62704,62705,62706,62708,62709,62710,62711,62712,62713,62714,62715,62716,62717,62718,62719,62720,62721,62722,62723,62724,62725,62726,62727,62728,62729,62730,62731,62732,62733,62734,62735,62736,62737,62738,62739,62740,62741,62742,62744,62745,62746,62747,62748,62749,62750,62751,62752,62753,62754,62755,62756,62757,62758,62759,62760,62761,62762,62763,62764,62765,62766,62767,62768,62769,62770,62771,62772,62773,62774,62775,62776,62777,62778,62779,62780,62781,62782,62783,62784,62785,62786,62787,62788,62789,62790,62791,62792,62793,62794,62795,62796,62797,62798,62799,62800,62801,62802,62803,62804,62805,62806,62808,62809,62810,62811,62812,62813,62814,62815,62816,62817,62818,62819,62820,62821,62822,62823,62824,62825,62826,62827,62828,62829,62830,62831,62832,62833,62834,62835,62836,62837,62838,62839,62840,62841,62842,62843,62844,62845,62846,62847,62848,62849,62850,62851,62852,62853,62854,62855,62856,62857,62858,62859,62860,62861,62862,62863,62864,62865,62866,62867,62868,62869,62870,62871,62872,62873,62874,62875,62876,62877,62878,62879,62880,62881,62882,62883,62885,62886,62887,62888,62889,62890,62891,62892,62893,62894,62895,62896,62897,62898,62899,62900,62901,62902,62903,62904,62905,62906,62907,62908,62909}",SDED,2026-03-24 14:41:32.274366+01,gold_establishments_2025,,,,13002835000010,2025,Services de l'Etat,Département,['Pas-de-Calais'],['Hauts-de-France'],DDETS,{62},{32}
905da1ec-8c56-49dc-b5b9-0b085e8b6631,130028376,DDETS Puy-de-Dôme,false,"{63001,63002,63003,63004,63005,63006,63007,63008,63009,63010,63011,63012,63013,63014,63015,63016,63017,63019,63020,63021,63022,63023,63024,63025,63026,63027,63028,63029,63030,63031,63032,63033,63034,63035,63036,63037,63038,63039,63040,63041,63042,63043,63044,63045,63046,63047,63048,63049,63050,63051,63052,63053,63054,63055,63056,63057,63058,63059,63060,63061,63062,63063,63064,63065,63066,63067,63069,63070,63071,63072,63073,63074,63075,63076,63077,63079,63080,63081,63082,63083,63084,63085,63086,63087,63088,63089,63090,63091,63092,63093,63094,63095,63096,63097,63098,63099,63100,63101,63102,63103,63104,63105,63106,63107,63108,63109,63110,63111,63112,63113,63114,63115,63116,63117,63118,63119,63120,63121,63122,63123,63124,63125,63126,63128,63129,63130,63131,63132,63134,63135,63136,63137,63138,63139,63140,63141,63142,63143,63144,63145,63146,63147,63148,63149,63150,63151,63152,63153,63154,63155,63156,63157,63158,63159,63160,63161,63162,63163,63164,63165,63166,63167,63168,63169,63170,63171,63172,63173,63174,63175,63176,63177,63178,63179,63180,63181,63182,63183,63184,63185,63186,63187,63188,63189,63190,63191,63192,63193,63194,63195,63196,63197,63198,63199,63200,63201,63202,63203,63204,63205,63206,63207,63208,63209,63210,63211,63212,63213,63214,63215,63216,63218,63219,63220,63221,63222,63223,63224,63225,63226,63227,63228,63229,63230,63231,63232,63233,63234,63235,63236,63237,63238,63239,63240,63241,63242,63243,63244,63245,63246,63247,63248,63249,63250,63251,63252,63253,63254,63255,63256,63257,63258,63259,63260,63261,63262,63263,63264,63265,63267,63268,63269,63270,63271,63272,63273,63274,63275,63276,63277,63278,63279,63280,63281,63282,63283,63284,63285,63286,63287,63288,63289,63290,63291,63292,63293,63294,63295,63296,63297,63298,63299,63300,63301,63302,63303,63304,63305,63306,63307,63308,63309,63310,63311,63312,63313,63314,63315,63317,63318,63319,63320,63321,63322,63323,63324,63325,63326,63327,63328,63329,63331,63332,63333,63334,63335,63336,63337,63338,63339,63340,63341,63342,63343,63344,63345,63346,63347,63348,63349,63350,63351,63352,63353,63354,63355,63356,63357,63358,63359,63360,63362,63363,63364,63365,63366,63367,63368,63369,63370,63371,63372,63373,63374,63375,63376,63377,63378,63379,63380,63381,63382,63383,63384,63385,63386,63387,63388,63389,63390,63391,63392,63393,63394,63395,63396,63397,63398,63399,63400,63401,63402,63403,63404,63405,63406,63407,63408,63409,63410,63411,63412,63413,63414,63415,63416,63417,63418,63419,63420,63421,63422,63423,63424,63425,63426,63427,63428,63429,63430,63431,63432,63433,63434,63435,63436,63437,63438,63439,63440,63441,63442,63443,63444,63445,63446,63447,63448,63449,63450,63451,63452,63453,63454,63455,63456,63457,63458,63459,63460,63461,63462,63463,63464,63465,63466,63467,63468,63469,63470,63471,63472,63473}",SDED,2026-03-24 14:41:32.274366+01,gold_establishments_2025,,,,13002837600015,2025,Services de l'Etat,Département,['Puy-de-Dôme'],['Auvergne-Rhône-Alpes'],DDETS,{63},{84}
4eaccb21-9495-4316-9c82-2da0bfcdc463,130028392,DDETS Pyrénées-Atlantiques,false,"{64001,64002,64003,64004,64005,64006,64007,64008,64009,64010,64011,64012,64013,64014,64015,64016,64017,64018,64019,64021,64022,64023,64024,64025,64026,64027,64028,64029,64031,64032,64033,64034,64035,64036,64037,64038,64039,64040,64041,64042,64043,64044,64045,64046,64047,64048,64049,64050,64051,64052,64053,64054,64056,64057,64058,64059,64060,64061,64062,64063,64064,64065,64066,64067,64068,64069,64070,64071,64072,64073,64074,64075,64077,64078,64079,64080,64081,64082,64083,64084,64085,64086,64087,64088,64089,64090,64091,64092,64093,64094,64095,64096,64097,64098,64099,64100,64101,64102,64103,64104,64105,64106,64107,64108,64109,64110,64111,64112,64113,64114,64115,64116,64117,64118,64119,64120,64121,64122,64123,64124,64125,64126,64127,64128,64129,64130,64131,64132,64133,64134,64135,64136,64137,64138,64139,64140,64141,64142,64143,64144,64145,64146,64147,64148,64149,64150,64151,64152,64153,64154,64155,64156,64157,64158,64159,64160,64161,64162,64165,64166,64167,64168,64170,64171,64172,64173,64174,64175,64176,64177,64178,64179,64180,64181,64182,64183,64184,64185,64186,64187,64188,64189,64190,64191,64192,64193,64194,64195,64196,64197,64198,64199,64200,64201,64202,64203,64204,64205,64206,64207,64208,64209,64210,64211,64212,64213,64214,64215,64216,64217,64218,64219,64220,64221,64222,64223,64224,64225,64226,64227,64228,64229,64230,64231,64232,64233,64234,64235,64236,64237,64238,64239,64240,64241,64242,64243,64244,64245,64246,64247,64249,64250,64251,64252,64253,64254,64255,64256,64257,64258,64259,64260,64261,64262,64263,64264,64265,64266,64267,64268,64269,64270,64271,64272,64273,64274,64275,64276,64277,64279,64280,64281,64282,64283,64284,64285,64286,64287,64288,64289,64290,64291,64292,64293,64294,64295,64296,64297,64298,64299,64300,64301,64302,64303,64304,64305,64306,64307,64308,64309,64310,64311,64312,64313,64314,64315,64316,64317,64318,64319,64320,64321,64322,64323,64324,64325,64326,64327,64328,64329,64330,64331,64332,64334,64335,64336,64337,64338,64339,64340,64341,64342,64343,64344,64345,64346,64347,64348,64349,64350,64351,64352,64353,64354,64355,64356,64357,64358,64359,64360,64361,64362,64363,64364,64365,64366,64367,64368,64369,64370,64371,64372,64373,64374,64375,64376,64377,64378,64379,64380,64381,64382,64383,64385,64386,64387,64388,64389,64390,64391,64392,64393,64394,64395,64396,64397,64398,64399,64400,64401,64403,64404,64405,64406,64407,64408,64409,64410,64411,64412,64413,64414,64415,64416,64417,64418,64419,64420,64421,64422,64423,64424,64425,64426,64427,64428,64429,64430,64431,64432,64433,64434,64435,64436,64437,64438,64439,64440,64441,64442,64443,64444,64445,64446,64447,64448,64449,64450,64451,64452,64453,64454,64455,64456,64457,64458,64459,64460,64461,64462,64463,64464,64465,64466,64467,64468,64469,64470,64471,64472,64473,64474,64475,64476,64477,64478,64479,64480,64481,64482,64483,64484,64485,64486,64487,64488,64489,64490,64491,64492,64493,64494,64495,64496,64498,64499,64500,64501,64502,64503,64504,64505,64506,64507,64508,64509,64510,64511,64512,64513,64514,64515,64516,64517,64518,64519,64520,64521,64522,64523,64524,64525,64526,64527,64528,64529,64530,64531,64532,64533,64534,64535,64536,64537,64538,64539,64540,64542,64543,64544,64545,64546,64547,64548,64549,64550,64551,64552,64554,64555,64556,64557,64558,64559,64560}",SDED,2026-03-24 14:41:32.274366+01,gold_establishments_2025,,,,13002839200012,2025,Services de l'Etat,Département,['Pyrénées-Atlantiques'],['Nouvelle-Aquitaine'],DDETS,{64},{75}
612d3576-fdeb-46cf-a672-2bbf4060c070,130028426,DDETS Pyrénées-Orientales,false,"{66001,66002,66003,66004,66005,66006,66007,66008,66009,66010,66011,66012,66013,66014,66015,66016,66017,66018,66019,66020,66021,66022,66023,66024,66025,66026,66027,66028,66029,66030,66032,66033,66034,66035,66036,66037,66038,66039,66040,66041,66042,66043,66044,66045,66046,66047,66048,66049,66050,66051,66052,66053,66054,66055,66056,66057,66058,66059,66060,66061,66062,66063,66064,66065,66066,66067,66068,66069,66070,66071,66072,66073,66074,66075,66076,66077,66078,66079,66080,66081,66082,66083,66084,66085,66086,66088,66089,66090,66091,66092,66093,66094,66095,66096,66097,66098,66099,66100,66101,66102,66103,66104,66105,66106,66107,66108,66109,66111,66112,66113,66114,66115,66116,66117,66118,66119,66120,66121,66122,66123,66124,66125,66126,66127,66128,66129,66130,66132,66133,66134,66136,66137,66138,66139,66140,66141,66142,66143,66144,66145,66146,66147,66148,66149,66150,66151,66152,66153,66154,66155,66156,66157,66158,66159,66160,66161,66162,66164,66165,66166,66167,66168,66169,66170,66171,66172,66173,66174,66175,66176,66177,66178,66179,66180,66181,66182,66183,66184,66185,66186,66187,66188,66189,66190,66191,66192,66193,66194,66195,66196,66197,66198,66199,66201,66202,66203,66204,66205,66206,66207,66208,66209,66210,66211,66212,66213,66214,66215,66216,66217,66218,66219,66220,66221,66222,66223,66224,66225,66226,66227,66228,66230,66231,66232,66233,66234}",SDED,2026-03-24 14:41:32.274366+01,gold_establishments_2025,,,,13002842600018,2025,Services de l'Etat,Département,['Pyrénées-Orientales'],['Occitanie'],DDETS,{66},{76}
1099c260-141f-49a8-ace2-64b1e0e0bc06,130028517,DDETS Rhône,false,"{69001,69002,69003,69004,69005,69006,69007,69008,69009,69010,69012,69013,69014,69016,69017,69018,69019,69020,69021,69022,69023,69024,69026,69027,69028,69029,69030,69031,69032,69033,69034,69035,69036,69037,69038,69039,69040,69042,69043,69044,69045,69046,69047,69049,69050,69051,69052,69053,69054,69055,69056,69057,69058,69059,69060,69061,69062,69063,69064,69065,69066,69067,69068,69069,69070,69071,69072,69074,69075,69076,69077,69078,69080,69081,69082,69083,69084,69085,69086,69087,69088,69089,69090,69091,69092,69093,69094,69095,69096,69097,69098,69099,69100,69102,69103,69104,69105,69106,69107,69108,69109,69110,69111,69112,69113,69115,69116,69117,69118,69119,69120,69121,69122,69123,69124,69125,69126,69127,69130,69131,69132,69133,69134,69135,69136,69137,69138,69139,69140,69141,69142,69143,69145,69148,69149,69151,69153,69154,69155,69156,69157,69160,69161,69162,69163,69164,69165,69166,69167,69168,69169,69170,69171,69172,69173,69174,69175,69176,69177,69178,69179,69180,69181,69182,69183,69184,69186,69187,69188,69189,69190,69191,69192,69193,69194,69196,69197,69198,69199,69200,69201,69202,69203,69204,69205,69206,69207,69208,69209,69212,69214,69215,69216,69217,69218,69219,69220,69225,69227,69228,69229,69230,69231,69233,69234,69235,69236,69238,69239,69240,69241,69242,69243,69244,69245,69246,69248,69249,69250,69252,69253,69254,69255,69256,69257,69258,69259,69260,69261,69263,69264,69265,69266,69267,69268,69269,69270,69271,69272,69273,69275,69276,69277,69278,69279,69280,69281,69282,69283,69284,69285,69286,69287,69288,69289,69290,69291,69292,69293,69294,69295,69296,69297,69298,69299,69381,69382,69383,69384,69385,69386,69387,69388,69389}",SDED,2026-03-24 14:41:32.274366+01,gold_establishments_2025,,,,13002851700022,2025,Services de l'Etat,Département,['Rhône'],['Auvergne-Rhône-Alpes'],DDETS,{69},{84}
3acf5b9a-7fcf-47cc-8497-786a0c0f99b2,130028756,DDETS Sarthe,false,"{72001,72002,72003,72004,72005,72006,72007,72008,72009,72010,72011,72012,72013,72015,72016,72017,72018,72019,72020,72021,72022,72023,72024,72025,72026,72027,72028,72029,72031,72032,72034,72035,72036,72037,72038,72039,72040,72041,72042,72043,72044,72045,72046,72047,72048,72049,72050,72051,72052,72053,72054,72056,72057,72058,72059,72060,72061,72062,72064,72065,72066,72067,72068,72070,72071,72072,72073,72074,72075,72076,72077,72078,72079,72080,72083,72084,72085,72086,72087,72088,72089,72090,72091,72093,72094,72095,72096,72098,72099,72100,72101,72102,72103,72104,72105,72106,72107,72109,72110,72111,72112,72113,72114,72115,72118,72119,72120,72121,72122,72123,72124,72125,72126,72127,72128,72129,72130,72131,72132,72133,72134,72135,72136,72137,72138,72139,72141,72142,72143,72144,72145,72146,72147,72148,72149,72150,72151,72152,72153,72154,72155,72156,72157,72158,72160,72161,72163,72164,72165,72166,72167,72168,72169,72170,72171,72172,72173,72174,72175,72176,72177,72178,72179,72180,72181,72182,72183,72184,72185,72186,72187,72188,72189,72190,72191,72192,72193,72194,72195,72196,72197,72198,72199,72200,72201,72202,72204,72205,72208,72209,72210,72211,72212,72213,72214,72215,72216,72217,72218,72219,72220,72221,72222,72223,72224,72225,72226,72227,72228,72229,72230,72231,72232,72233,72234,72235,72236,72237,72238,72239,72241,72243,72244,72245,72246,72247,72248,72249,72250,72251,72252,72253,72254,72255,72256,72257,72259,72260,72261,72262,72264,72265,72266,72267,72268,72269,72270,72271,72272,72273,72274,72275,72276,72277,72278,72279,72280,72281,72282,72283,72286,72289,72290,72291,72292,72293,72294,72295,72296,72297,72299,72300,72302,72303,72305,72306,72307,72308,72309,72310,72311,72312,72313,72314,72315,72316,72317,72319,72320,72321,72322,72323,72324,72325,72326,72327,72328,72329,72330,72331,72332,72333,72334,72335,72336,72337,72338,72339,72340,72341,72342,72343,72344,72345,72346,72347,72348,72349,72350,72351,72352,72353,72354,72355,72356,72357,72358,72359,72360,72361,72362,72363,72364,72366,72367,72368,72369,72370,72372,72373,72374,72375,72376,72377,72378,72379,72380,72381,72382,72383,72385,72386}",SDED,2026-03-24 14:41:32.274366+01,gold_establishments_2025,,,,13002875600018,2025,Services de l'Etat,Département,['Sarthe'],['Pays de la Loire'],DDETS,{72},{52}
05294900-4947-420d-923f-2a4f22af127e,130028749,DDETS Saône-et-Loire,false,"{71001,71002,71003,71004,71005,71006,71007,71008,71009,71010,71011,71012,71013,71014,71015,71016,71017,71018,71019,71020,71021,71022,71023,71024,71025,71026,71027,71028,71029,71030,71031,71032,71033,71034,71035,71036,71037,71038,71039,71040,71041,71042,71043,71044,71045,71046,71047,71048,71050,71051,71052,71054,71056,71057,71058,71059,71060,71061,71062,71063,71064,71065,71066,71067,71068,71069,71070,71071,71072,71073,71074,71075,71076,71077,71078,71079,71080,71081,71082,71084,71085,71086,71087,71088,71089,71090,71091,71092,71093,71094,71095,71096,71097,71098,71099,71100,71101,71102,71103,71104,71105,71106,71107,71108,71109,71110,71111,71112,71113,71115,71116,71117,71118,71119,71120,71121,71122,71123,71124,71125,71126,71127,71128,71129,71130,71132,71133,71134,71135,71136,71137,71139,71140,71141,71142,71143,71144,71145,71146,71147,71148,71149,71150,71151,71152,71153,71154,71155,71156,71157,71158,71159,71160,71161,71162,71163,71164,71165,71166,71167,71168,71169,71170,71171,71172,71173,71174,71175,71176,71177,71178,71179,71181,71182,71183,71184,71185,71186,71187,71188,71189,71190,71191,71192,71193,71194,71195,71196,71198,71199,71200,71201,71202,71203,71204,71205,71206,71207,71208,71209,71210,71212,71213,71214,71215,71216,71217,71218,71219,71220,71221,71222,71223,71224,71225,71226,71227,71228,71229,71230,71231,71232,71233,71234,71235,71236,71237,71238,71239,71240,71241,71242,71243,71244,71245,71246,71247,71248,71249,71250,71251,71252,71253,71254,71255,71256,71257,71258,71259,71261,71262,71263,71264,71266,71267,71268,71269,71270,71271,71272,71273,71274,71275,71276,71277,71278,71279,71280,71281,71282,71283,71284,71285,71286,71287,71289,71290,71291,71292,71293,71294,71295,71296,71297,71299,71300,71301,71302,71303,71305,71306,71307,71308,71309,71310,71311,71312,71313,71314,71315,71316,71317,71318,71319,71320,71321,71322,71323,71324,71325,71326,71327,71328,71329,71330,71331,71332,71333,71334,71335,71336,71337,71338,71339,71340,71341,71342,71343,71344,71345,71346,71347,71348,71349,71350,71351,71352,71353,71354,71355,71356,71357,71358,71359,71360,71361,71362,71363,71364,71365,71366,71367,71368,71369,71370,71371,71372,71373,71374,71376,71377,71378,71379,71380,71381,71382,71383,71384,71385,71386,71387,71388,71389,71390,71391,71392,71393,71394,71395,71396,71397,71398,71399,71400,71401,71402,71403,71404,71405,71406,71407,71408,71409,71410,71411,71412,71413,71414,71415,71416,71417,71419,71420,71421,71422,71423,71424,71425,71426,71427,71428,71430,71431,71433,71434,71435,71436,71437,71438,71439,71440,71441,71442,71443,71444,71445,71446,71447,71448,71449,71450,71451,71452,71453,71454,71455,71456,71457,71458,71459,71460,71461,71462,71463,71464,71465,71466,71468,71469,71470,71471,71472,71473,71474,71475,71477,71478,71479,71480,71481,71482,71483,71484,71485,71486,71487,71488,71489,71490,71491,71493,71494,71495,71496,71497,71498,71499,71500,71501,71502,71503,71504,71505,71506,71507,71508,71509,71510,71512,71513,71514,71515,71516,71517,71518,71519,71520,71521,71522,71523,71524,71525,71526,71527,71528,71529,71530,71531,71532,71533,71534,71535,71537,71538,71539,71540,71541,71542,71543,71544,71545,71546,71547,71548,71549,71550,71551,71552,71553,71554,71555,71556,71557,71558,71559,71561,71562,71563,71564,71565,71566,71567,71568,71570,71571,71572,71573,71574,71576,71577,71578,71579,71580,71581,71582,71583,71584,71585,71586,71588,71589,71590,71591}",SDED,2026-03-24 14:41:32.274366+01,gold_establishments_2025,,,,13002874900013,2025,Services de l'Etat,Département,['Saône-et-Loire'],['Bourgogne-Franche-Comté'],DDETS,{71},{27}
fb6436e5-d6e4-4070-a393-b29fc1a2e231,130028855,DDETS Seine-Maritime,false,"{76001,76002,76004,76005,76006,76007,76008,76009,76010,76011,76012,76013,76014,76015,76016,76017,76018,76019,76020,76021,76022,76023,76024,76025,76026,76028,76029,76030,76032,76033,76034,76035,76036,76038,76039,76040,76041,76042,76043,76045,76046,76047,76048,76049,76050,76051,76052,76053,76054,76055,76056,76057,76058,76059,76060,76062,76063,76064,76065,76066,76067,76068,76069,76070,76071,76072,76074,76075,76076,76077,76079,76082,76083,76084,76085,76086,76087,76088,76090,76091,76092,76093,76094,76095,76096,76097,76099,76100,76101,76103,76104,76105,76106,76107,76108,76109,76110,76111,76112,76113,76114,76115,76116,76117,76118,76119,76120,76121,76122,76123,76124,76125,76126,76128,76129,76130,76131,76132,76133,76134,76135,76136,76138,76139,76140,76141,76142,76143,76144,76146,76147,76148,76149,76151,76152,76153,76154,76155,76156,76157,76158,76159,76160,76161,76162,76163,76164,76165,76166,76167,76168,76169,76170,76171,76172,76173,76174,76175,76176,76177,76178,76179,76180,76181,76182,76183,76184,76185,76186,76187,76188,76189,76190,76192,76193,76194,76195,76196,76197,76198,76199,76200,76201,76202,76203,76204,76205,76206,76207,76208,76209,76210,76211,76212,76213,76214,76216,76217,76218,76219,76220,76221,76222,76223,76224,76225,76226,76227,76228,76229,76230,76231,76232,76233,76234,76235,76236,76237,76238,76239,76240,76241,76242,76243,76244,76245,76247,76249,76250,76251,76252,76253,76254,76255,76257,76258,76259,76260,76261,76262,76263,76264,76265,76266,76268,76269,76270,76271,76272,76273,76274,76275,76276,76278,76279,76280,76281,76282,76283,76284,76285,76286,76287,76288,76289,76290,76291,76292,76293,76294,76295,76296,76297,76298,76299,76300,76302,76303,76304,76305,76306,76307,76308,76309,76311,76312,76313,76314,76315,76316,76317,76318,76319,76320,76321,76322,76323,76324,76325,76327,76328,76329,76330,76331,76332,76333,76334,76335,76336,76338,76339,76340,76341,76342,76343,76344,76345,76346,76347,76348,76349,76350,76351,76352,76353,76354,76355,76356,76357,76359,76360,76361,76362,76363,76364,76365,76366,76367,76368,76369,76370,76371,76372,76373,76374,76375,76377,76378,76379,76380,76381,76382,76383,76384,76385,76386,76387,76388,76389,76390,76391,76392,76393,76394,76395,76396,76397,76398,76399,76400,76401,76402,76403,76404,76405,76406,76407,76408,76409,76410,76411,76412,76413,76414,76415,76416,76417,76418,76419,76420,76421,76422,76423,76424,76425,76426,76427,76428,76429,76430,76431,76432,76433,76434,76435,76436,76437,76438,76439,76440,76441,76442,76443,76445,76446,76447,76448,76449,76450,76451,76452,76453,76454,76455,76456,76457,76458,76459,76460,76461,76462,76463,76464,76465,76467,76468,76469,76470,76471,76472,76473,76474,76475,76476,76477,76478,76479,76480,76481,76482,76483,76484,76485,76486,76487,76488,76489,76490,76491,76492,76493,76494,76495,76497,76498,76499,76500,76501,76502,76503,76504,76505,76506,76507,76508,76509,76510,76511,76512,76513,76514,76515,76516,76517,76518,76519,76520,76521,76522,76523,76524,76526,76527,76528,76529,76530,76531,76532,76533,76534,76535,76536,76537,76538,76540,76541,76542,76543,76544,76545,76546,76547,76548,76549,76550,76551,76552,76553,76554,76555,76556,76557,76558,76559,76560,76561,76562,76563,76564,76565,76566,76567,76568,76569,76570,76571,76572,76573,76574,76575,76576,76577,76578,76580,76581,76582,76583,76584,76585,76586,76587,76588,76589,76590,76591,76592,76593,76594,76595,76596,76597,76598,76599,76600,76601,76602,76603,76604,76605,76606,76608,76609,76610,76611,76612,76613,76614,76615,76616,76617,76618,76619,76620,76621,76622,76623,76624,76626,76627,76628,76629,76630,76631,76632,76634,76635,76636,76637,76638,76640,76641,76642,76644,76645,76646,76647,76648,76649,76650,76651,76652,76653,76654,76655,76656,76657,76658,76660,76662,76663,76664,76665,76666,76667,76668,76669,76670,76671,76672,76673,76675,76676,76677,76678,76679,76680,76681,76682,76683,76684,76685,76686,76688,76689,76690,76691,76692,76693,76694,76695,76697,76698,76699,76700,76702,76703,76705,76706,76707,76708,76709,76710,76711,76712,76714,76715,76716,76717,76718,76719,76720,76721,76723,76724,76725,76726,76727,76728,76730,76731,76732,76733,76734,76735,76736,76737,76738,76739,76740,76741,76743,76744,76745,76746,76747,76748,76749,76750,76751,76752,76753,76754,76755,76756,76757,76758,76759}",SDED,2026-03-24 14:41:32.274366+01,gold_establishments_2025,,,,13002885500026,2025,Services de l'Etat,Département,['Seine-Maritime'],['Normandie'],DDETS,{76},{28}
74e72c84-208d-4d1a-ac0d-26bc910b764a,130028871,DDETS Seine-et-Marne,false,"{77001,77002,77003,77004,77005,77006,77007,77008,77009,77010,77011,77012,77013,77014,77015,77016,77018,77019,77020,77021,77022,77023,77024,77025,77026,77027,77029,77030,77031,77032,77033,77034,77035,77036,77037,77038,77039,77040,77041,77042,77043,77044,77045,77046,77047,77048,77049,77050,77051,77052,77053,77054,77055,77056,77057,77058,77059,77060,77061,77062,77063,77065,77066,77067,77068,77069,77070,77071,77072,77073,77075,77076,77077,77078,77079,77080,77081,77082,77083,77084,77085,77086,77087,77088,77089,77090,77091,77093,77094,77095,77096,77097,77098,77099,77100,77101,77102,77103,77104,77106,77107,77108,77109,77110,77111,77112,77113,77114,77115,77116,77117,77118,77119,77120,77121,77122,77123,77124,77125,77126,77127,77128,77129,77130,77131,77132,77133,77134,77135,77136,77137,77138,77139,77140,77141,77142,77143,77144,77145,77146,77147,77148,77150,77151,77152,77153,77154,77155,77156,77157,77158,77159,77161,77162,77163,77164,77165,77167,77168,77169,77171,77172,77173,77174,77175,77176,77177,77178,77179,77180,77181,77182,77183,77184,77185,77186,77187,77188,77190,77191,77192,77193,77194,77195,77196,77197,77198,77199,77200,77201,77202,77203,77204,77205,77206,77207,77208,77209,77210,77211,77212,77214,77215,77216,77217,77218,77219,77220,77221,77222,77223,77224,77225,77226,77227,77228,77229,77230,77231,77232,77233,77234,77235,77236,77237,77238,77239,77240,77241,77242,77243,77244,77245,77246,77247,77248,77249,77250,77251,77252,77253,77254,77255,77256,77257,77258,77259,77260,77261,77262,77263,77264,77265,77266,77267,77268,77269,77270,77271,77272,77273,77274,77275,77276,77277,77278,77279,77280,77281,77282,77283,77284,77285,77286,77287,77288,77289,77290,77291,77292,77293,77294,77295,77296,77297,77298,77300,77301,77302,77303,77304,77305,77306,77307,77308,77309,77310,77311,77312,77313,77314,77315,77316,77317,77318,77319,77320,77321,77322,77323,77325,77326,77327,77328,77329,77330,77331,77332,77333,77335,77336,77337,77338,77339,77340,77341,77342,77343,77344,77345,77347,77348,77349,77350,77352,77353,77354,77355,77356,77357,77358,77359,77360,77361,77363,77364,77365,77366,77367,77368,77369,77370,77371,77372,77373,77374,77376,77377,77378,77379,77380,77381,77382,77383,77384,77385,77386,77387,77388,77389,77390,77391,77392,77393,77394,77395,77396,77397,77398,77400,77401,77402,77403,77404,77405,77406,77407,77408,77409,77410,77411,77412,77413,77414,77415,77416,77417,77418,77419,77420,77421,77423,77424,77425,77426,77427,77428,77429,77430,77431,77432,77433,77434,77435,77436,77437,77438,77439,77440,77441,77442,77443,77444,77445,77446,77447,77448,77449,77450,77451,77452,77453,77454,77455,77456,77457,77458,77459,77460,77461,77462,77463,77464,77465,77466,77467,77468,77469,77470,77471,77472,77473,77474,77475,77476,77477,77478,77479,77480,77481,77482,77483,77484,77485,77486,77487,77489,77490,77492,77493,77494,77495,77496,77498,77500,77501,77504,77505,77506,77507,77508,77509,77510,77511,77512,77513,77514,77515,77516,77517,77518,77519,77520,77521,77522,77523,77524,77525,77526,77527,77528,77529,77530,77531,77532,77533,77534}",SDED,2026-03-24 14:41:32.274366+01,gold_establishments_2025,,,,13002887100015,2025,Services de l'Etat,Département,['Seine-et-Marne'],['Île-de-France'],DDETS,{77},{11}
240054cb-ac92-4ebd-9d77-674ae6da6f90,130028939,DDETS Somme,false,"{80001,80002,80003,80004,80005,80006,80008,80009,80010,80011,80013,80014,80015,80016,80017,80018,80019,80020,80021,80022,80023,80024,80025,80026,80027,80028,80029,80030,80031,80032,80033,80034,80035,80036,80037,80038,80039,80040,80041,80042,80043,80044,80045,80046,80047,80048,80049,80050,80051,80052,80053,80054,80055,80056,80057,80058,80059,80060,80061,80062,80063,80064,80065,80066,80067,80068,80069,80070,80071,80073,80074,80076,80077,80078,80079,80080,80081,80082,80083,80084,80085,80086,80087,80088,80089,80090,80092,80093,80094,80095,80096,80097,80098,80099,80100,80101,80102,80103,80104,80105,80106,80107,80108,80109,80110,80112,80113,80114,80115,80116,80117,80118,80119,80120,80121,80122,80123,80124,80125,80126,80127,80128,80129,80130,80131,80132,80133,80134,80135,80136,80137,80138,80139,80140,80141,80142,80143,80144,80145,80146,80147,80148,80149,80150,80151,80152,80153,80154,80155,80156,80157,80158,80159,80160,80161,80162,80163,80164,80165,80166,80167,80168,80169,80170,80171,80172,80173,80174,80176,80177,80179,80180,80181,80182,80183,80184,80185,80186,80187,80188,80189,80190,80191,80192,80193,80194,80195,80196,80197,80198,80199,80200,80201,80202,80203,80204,80205,80206,80207,80208,80210,80211,80212,80213,80214,80215,80216,80217,80218,80219,80220,80221,80222,80223,80224,80225,80226,80227,80228,80229,80230,80231,80232,80233,80234,80235,80236,80237,80238,80239,80240,80241,80242,80243,80244,80245,80246,80247,80248,80249,80250,80251,80252,80253,80256,80258,80259,80260,80261,80262,80263,80264,80265,80266,80267,80268,80269,80270,80271,80272,80273,80274,80275,80276,80278,80279,80280,80281,80282,80283,80284,80285,80287,80288,80290,80291,80292,80293,80294,80295,80296,80297,80298,80299,80300,80301,80302,80303,80304,80305,80306,80307,80308,80310,80311,80312,80313,80314,80315,80316,80317,80318,80319,80320,80321,80322,80324,80325,80326,80327,80328,80329,80330,80331,80332,80333,80334,80335,80336,80337,80338,80339,80340,80341,80342,80343,80344,80345,80346,80347,80348,80349,80350,80351,80352,80353,80354,80355,80356,80357,80358,80359,80360,80361,80362,80364,80365,80366,80367,80368,80369,80371,80372,80373,80374,80375,80376,80377,80378,80379,80380,80381,80383,80384,80385,80386,80387,80388,80390,80391,80392,80393,80395,80396,80397,80399,80400,80401,80402,80403,80404,80405,80406,80407,80408,80409,80410,80411,80412,80413,80414,80415,80416,80417,80418,80420,80421,80422,80423,80424,80425,80426,80427,80428,80429,80430,80431,80432,80433,80434,80435,80436,80437,80438,80439,80440,80442,80443,80444,80445,80446,80449,80450,80451,80452,80453,80455,80456,80458,80459,80460,80461,80462,80463,80464,80465,80466,80467,80468,80469,80470,80472,80473,80474,80475,80476,80477,80478,80479,80480,80481,80482,80484,80485,80486,80487,80488,80489,80490,80491,80493,80494,80495,80496,80497,80498,80499,80500,80501,80502,80503,80504,80505,80507,80508,80509,80511,80512,80513,80514,80515,80516,80517,80518,80519,80520,80521,80522,80523,80524,80525,80526,80527,80528,80529,80530,80531,80533,80535,80536,80537,80538,80540,80541,80542,80543,80544,80545,80546,80547,80548,80549,80550,80552,80553,80554,80555,80556,80557,80558,80559,80560,80561,80562,80563,80565,80566,80568,80569,80570,80571,80572,80573,80574,80575,80576,80577,80578,80579,80580,80582,80583,80584,80585,80586,80587,80588,80589,80590,80591,80592,80593,80595,80596,80597,80598,80599,80600,80601,80602,80603,80604,80605,80606,80607,80609,80611,80613,80614,80615,80616,80617,80618,80619,80620,80621,80622,80623,80624,80625,80626,80627,80628,80629,80630,80631,80632,80633,80634,80635,80637,80638,80639,80640,80642,80643,80644,80645,80646,80647,80648,80649,80650,80651,80652,80654,80655,80656,80657,80658,80659,80661,80662,80663,80664,80665,80666,80667,80668,80669,80670,80671,80672,80673,80674,80675,80676,80677,80678,80679,80680,80681,80682,80683,80684,80685,80686,80687,80688,80690,80691,80692,80693,80694,80695,80696,80697,80698,80699,80700,80701,80702,80703,80704,80705,80706,80707,80708,80709,80710,80711,80713,80714,80716,80717,80718,80719,80721,80722,80723,80724,80725,80726,80728,80729,80730,80732,80733,80734,80735,80736,80737,80738,80740,80741,80742,80743,80744,80746,80747,80748,80749,80750,80751,80752,80753,80754,80755,80756,80757,80758,80759,80760,80762,80763,80764,80765,80766,80767,80769,80770,80771,80773,80774,80775,80776,80777,80778,80779,80780,80781,80782,80783,80784,80785,80786,80787,80788,80789,80790,80791,80792,80793,80794,80795,80796,80797,80798,80799,80800,80801,80802,80803,80804,80805,80806,80807,80808,80809,80810,80811,80812,80813,80814,80815,80819,80820,80821,80822,80823,80824,80825,80826,80827,80828,80829,80832,80833,80834,80835,80836}",SDED,2026-03-24 14:41:32.274366+01,gold_establishments_2025,,,,13002893900010,2025,Services de l'Etat,Département,['Somme'],['Hauts-de-France'],DDETS,{80},{32}
ff29c35a-2854-410a-a9b8-1a86470e15db,130028699,DDETS Val-dOise,false,"{95002,95008,95011,95012,95014,95018,95019,95023,95024,95026,95028,95039,95040,95042,95046,95051,95052,95054,95055,95056,95058,95059,95060,95061,95063,95074,95078,95088,95091,95094,95101,95102,95110,95116,95119,95120,95127,95134,95139,95141,95142,95144,95149,95150,95151,95154,95157,95166,95169,95170,95176,95177,95181,95183,95197,95199,95203,95205,95210,95211,95212,95213,95214,95218,95219,95229,95241,95250,95252,95253,95254,95256,95257,95258,95268,95270,95271,95277,95280,95287,95288,95295,95298,95301,95303,95304,95306,95308,95309,95313,95316,95323,95328,95331,95341,95348,95351,95352,95353,95355,95365,95369,95370,95371,95379,95387,95388,95392,95394,95395,95409,95422,95424,95426,95427,95428,95429,95430,95436,95438,95445,95446,95447,95450,95452,95456,95459,95462,95476,95480,95483,95487,95488,95489,95491,95492,95493,95500,95504,95509,95510,95523,95527,95529,95535,95539,95541,95543,95554,95555,95563,95566,95572,95574,95580,95582,95584,95585,95592,95594,95598,95604,95607,95610,95611,95612,95625,95627,95628,95633,95637,95641,95651,95652,95656,95658,95660,95675,95676,95678,95680,95682,95690}",SDED,2026-03-24 14:41:32.274366+01,gold_establishments_2025,,,,13002869900010,2025,Services de l'Etat,Département,['Val-dOise'],['Île-de-France'],DDETS,{95},{11}
a0867791-42f3-4731-819c-f373823c0651,130028145,DDETS Var,false,"{83001,83002,83003,83004,83005,83006,83007,83008,83009,83010,83011,83012,83013,83014,83015,83016,83017,83018,83019,83020,83021,83022,83023,83025,83026,83027,83028,83029,83030,83031,83032,83033,83034,83035,83036,83037,83038,83039,83040,83041,83042,83043,83044,83045,83046,83047,83048,83049,83050,83051,83052,83053,83054,83055,83056,83057,83058,83059,83060,83061,83062,83063,83064,83065,83066,83067,83068,83069,83070,83071,83072,83073,83074,83075,83076,83077,83078,83079,83080,83081,83082,83083,83084,83085,83086,83087,83088,83089,83090,83091,83092,83093,83094,83095,83096,83097,83098,83099,83100,83101,83102,83103,83104,83105,83106,83107,83108,83109,83110,83111,83112,83113,83114,83115,83116,83117,83118,83119,83120,83121,83122,83123,83124,83125,83126,83127,83128,83129,83130,83131,83132,83133,83134,83135,83136,83137,83138,83139,83140,83141,83142,83143,83144,83145,83146,83147,83148,83149,83150,83151,83152,83153,83154}",SDED,2026-03-24 14:41:32.274366+01,gold_establishments_2025,,,,13002814500014,2025,Services de l'Etat,Département,['Var'],['Provence-Alpes-Côte dAzur'],DDETS,{83},{93}
c524c0ea-9a8b-4190-902f-60a08f0c086c,130028152,DDETS Vaucluse,false,"{84001,84002,84003,84004,84005,84006,84007,84008,84009,84010,84011,84012,84013,84014,84015,84016,84017,84018,84019,84020,84021,84022,84023,84024,84025,84026,84027,84028,84029,84030,84031,84032,84033,84034,84035,84036,84037,84038,84039,84040,84041,84042,84043,84044,84045,84046,84047,84048,84049,84050,84051,84052,84053,84054,84055,84056,84057,84058,84059,84060,84061,84062,84063,84064,84065,84066,84067,84068,84069,84070,84071,84072,84073,84074,84075,84076,84077,84078,84079,84080,84081,84082,84083,84084,84085,84086,84087,84088,84089,84090,84091,84092,84093,84094,84095,84096,84097,84098,84099,84100,84101,84102,84103,84104,84105,84106,84107,84108,84109,84110,84111,84112,84113,84114,84115,84116,84117,84118,84119,84120,84121,84122,84123,84124,84125,84126,84127,84128,84129,84130,84131,84132,84133,84134,84135,84136,84137,84138,84139,84140,84141,84142,84143,84144,84145,84146,84147,84148,84149,84150,84151}",SDED,2026-03-24 14:41:32.274366+01,gold_establishments_2025,,,,13002815200010,2025,Services de l'Etat,Département,['Vaucluse'],['Provence-Alpes-Côte dAzur'],DDETS,{84},{93}
b3ad2234-ff45-4e58-9800-064d2be3ef37,130028160,DDETS Vendée,false,"{85001,85002,85003,85004,85005,85006,85008,85009,85010,85011,85012,85013,85014,85015,85016,85017,85018,85019,85020,85022,85023,85024,85025,85026,85028,85029,85031,85033,85034,85035,85036,85038,85039,85040,85042,85045,85046,85047,85049,85050,85051,85054,85055,85056,85058,85059,85061,85062,85064,85065,85066,85067,85070,85071,85072,85073,85074,85076,85077,85078,85080,85081,85082,85083,85084,85086,85087,85088,85089,85090,85092,85093,85094,85095,85096,85097,85098,85099,85100,85101,85102,85103,85104,85105,85106,85108,85109,85110,85111,85112,85113,85114,85115,85116,85117,85118,85119,85120,85121,85123,85125,85126,85127,85128,85129,85130,85131,85132,85133,85134,85135,85136,85137,85138,85139,85140,85141,85142,85143,85144,85145,85146,85147,85148,85149,85151,85152,85153,85154,85155,85156,85157,85158,85159,85160,85161,85162,85163,85164,85167,85169,85171,85172,85174,85175,85176,85177,85178,85179,85181,85182,85184,85185,85186,85187,85188,85189,85190,85191,85192,85193,85194,85196,85197,85198,85199,85200,85201,85202,85204,85205,85206,85207,85208,85209,85210,85211,85213,85214,85215,85216,85218,85220,85221,85222,85223,85226,85227,85229,85231,85232,85234,85235,85236,85237,85238,85239,85240,85242,85243,85244,85245,85246,85247,85248,85250,85251,85252,85254,85255,85256,85259,85260,85261,85262,85264,85265,85266,85267,85268,85269,85273,85274,85276,85277,85278,85280,85281,85282,85284,85285,85286,85287,85288,85289,85290,85291,85292,85293,85294,85295,85296,85297,85298,85300,85301,85302,85303,85304,85305,85306}",SDED,2026-03-24 14:41:32.274366+01,gold_establishments_2025,,,,13002816000021,2025,Services de l'Etat,Département,['Vendée'],['Pays de la Loire'],DDETS,{85},{52}
746abddc-02b5-443a-96bd-1b3f2f248545,130028178,DDETS Vienne,false,"{86001,86002,86003,86004,86005,86006,86007,86008,86009,86010,86011,86012,86013,86014,86015,86016,86017,86018,86019,86020,86022,86023,86024,86025,86026,86027,86028,86029,86031,86032,86034,86035,86036,86037,86038,86039,86040,86041,86042,86044,86045,86046,86047,86048,86049,86050,86051,86052,86053,86054,86055,86058,86059,86061,86062,86063,86064,86065,86066,86068,86069,86070,86072,86073,86074,86075,86076,86077,86078,86079,86080,86081,86082,86083,86084,86085,86086,86087,86088,86089,86090,86091,86092,86093,86094,86095,86096,86097,86098,86099,86100,86102,86103,86104,86105,86106,86107,86108,86109,86110,86111,86112,86113,86114,86115,86116,86117,86118,86119,86120,86121,86122,86123,86124,86125,86126,86127,86128,86129,86130,86131,86132,86133,86134,86135,86136,86137,86138,86139,86140,86141,86142,86143,86144,86145,86147,86148,86149,86150,86151,86152,86153,86154,86156,86157,86158,86159,86160,86161,86162,86163,86164,86165,86167,86169,86170,86171,86172,86173,86174,86175,86176,86177,86178,86180,86181,86182,86183,86184,86186,86187,86189,86190,86191,86192,86193,86194,86195,86196,86197,86198,86200,86201,86202,86203,86204,86205,86206,86207,86209,86210,86211,86213,86214,86217,86218,86220,86221,86222,86223,86224,86225,86226,86227,86228,86229,86230,86233,86234,86235,86236,86237,86239,86241,86242,86244,86245,86246,86247,86248,86249,86250,86252,86253,86254,86255,86256,86257,86258,86260,86261,86262,86263,86264,86265,86266,86268,86269,86270,86271,86272,86273,86274,86275,86276,86279,86280,86281,86284,86285,86286,86287,86288,86289,86290,86291,86292,86293,86294,86295,86296,86297,86298,86299,86300}",SDED,2026-03-24 14:41:32.274366+01,gold_establishments_2025,,,,13002817800015,2025,Services de l'Etat,Département,['Vienne'],['Nouvelle-Aquitaine'],DDETS,{86},{75}
6e01bbc9-dcf9-46ec-8b95-ae43dcb5619c,130028897,DDETS Yvelines,false,"{78003,78005,78006,78007,78009,78010,78013,78015,78020,78029,78030,78031,78033,78034,78036,78043,78048,78049,78050,78053,78057,78062,78068,78070,78071,78072,78073,78076,78077,78082,78084,78087,78089,78090,78092,78096,78104,78107,78108,78113,78117,78118,78120,78123,78124,78125,78126,78128,78133,78138,78140,78143,78146,78147,78152,78158,78160,78162,78163,78164,78165,78168,78171,78172,78185,78188,78189,78190,78192,78193,78194,78196,78202,78206,78208,78209,78217,78220,78224,78227,78230,78231,78233,78234,78236,78237,78238,78239,78242,78245,78246,78255,78261,78262,78263,78264,78265,78267,78269,78276,78278,78281,78283,78285,78289,78290,78291,78296,78297,78299,78300,78302,78305,78307,78310,78311,78314,78317,78320,78321,78322,78324,78325,78327,78329,78334,78335,78337,78343,78344,78346,78349,78350,78354,78356,78358,78361,78362,78364,78366,78367,78368,78372,78380,78381,78382,78383,78384,78385,78389,78391,78396,78397,78398,78401,78402,78403,78404,78406,78407,78410,78413,78415,78416,78417,78418,78420,78423,78431,78437,78439,78440,78442,78443,78444,78451,78455,78460,78464,78465,78466,78470,78472,78474,78475,78478,78481,78484,78486,78490,78497,78498,78499,78501,78502,78505,78506,78513,78516,78517,78518,78520,78522,78528,78530,78531,78536,78537,78545,78548,78550,78551,78557,78558,78559,78561,78562,78564,78565,78567,78569,78571,78575,78576,78586,78588,78590,78591,78597,78601,78605,78606,78608,78609,78615,78616,78618,78620,78621,78623,78624,78638,78640,78642,78643,78644,78646,78647,78650,78653,78655,78668,78672,78674,78677,78681,78683,78686,78688}",SDED,2026-03-24 14:41:32.274366+01,gold_establishments_2025,,,,13002889700028,2025,Services de l'Etat,Département,['Yvelines'],['Île-de-France'],DDETS,{78},{11}
7145eb10-2872-4299-a588-52a26a290657,130028996,DDETSPP Allier,false,"{03001,03002,03003,03004,03005,03006,03007,03008,03009,03010,03011,03012,03013,03014,03015,03016,03017,03018,03019,03020,03021,03022,03023,03024,03025,03026,03027,03028,03029,03030,03031,03032,03033,03034,03035,03036,03037,03038,03039,03040,03041,03042,03043,03044,03045,03046,03047,03048,03049,03050,03051,03052,03053,03054,03055,03056,03057,03058,03059,03060,03061,03062,03063,03064,03065,03066,03067,03068,03069,03070,03071,03072,03073,03074,03075,03076,03077,03078,03079,03080,03081,03082,03083,03084,03085,03086,03087,03088,03089,03090,03091,03092,03093,03094,03095,03096,03097,03098,03099,03100,03101,03102,03103,03104,03105,03106,03107,03108,03109,03110,03111,03112,03113,03114,03115,03116,03117,03118,03119,03120,03121,03122,03124,03125,03126,03127,03128,03129,03130,03131,03132,03133,03134,03135,03136,03137,03138,03139,03140,03141,03142,03143,03144,03145,03146,03147,03148,03149,03150,03151,03152,03154,03155,03156,03157,03158,03159,03160,03161,03162,03163,03164,03165,03166,03167,03168,03169,03170,03171,03172,03173,03174,03175,03176,03177,03178,03179,03180,03181,03182,03183,03184,03185,03186,03187,03188,03189,03190,03191,03192,03193,03194,03195,03196,03197,03198,03200,03201,03202,03203,03204,03205,03206,03207,03208,03209,03210,03211,03212,03213,03214,03215,03216,03217,03218,03219,03220,03221,03222,03223,03224,03225,03226,03227,03228,03229,03230,03231,03232,03233,03234,03235,03236,03237,03238,03239,03240,03241,03242,03243,03244,03245,03246,03247,03248,03249,03250,03251,03252,03253,03254,03255,03256,03257,03258,03259,03260,03261,03262,03263,03264,03265,03266,03267,03268,03269,03270,03271,03272,03273,03274,03275,03276,03277,03278,03279,03280,03281,03282,03283,03284,03285,03286,03287,03288,03289,03290,03291,03292,03293,03294,03295,03296,03297,03298,03299,03300,03301,03302,03303,03304,03305,03306,03307,03308,03309,03310,03311,03312,03313,03314,03315,03316,03317,03319,03320,03321}",SDED,2026-03-24 14:41:32.274366+01,gold_establishments_2025,,,,13002899600010,2025,Services de l'Etat,Département,['Allier'],['Auvergne-Rhône-Alpes'],DDETSPP,{03},{84}
c9a25e67-dff7-40c3-a392-e8667f5bce7f,130029002,DDETSPP Alpes-de-Haute-Provence,false,"{04001,04004,04005,04006,04007,04008,04009,04012,04013,04016,04017,04018,04019,04020,04021,04022,04023,04024,04025,04026,04027,04028,04030,04031,04032,04033,04034,04035,04036,04037,04039,04040,04041,04042,04043,04045,04046,04047,04049,04050,04051,04053,04054,04055,04057,04058,04059,04061,04062,04063,04065,04066,04067,04068,04069,04070,04072,04073,04074,04075,04076,04077,04079,04081,04084,04085,04086,04087,04088,04090,04091,04092,04093,04094,04095,04096,04097,04099,04101,04102,04104,04106,04107,04108,04109,04110,04111,04112,04113,04115,04116,04118,04120,04121,04122,04123,04124,04126,04127,04128,04129,04130,04132,04133,04134,04135,04136,04137,04138,04139,04140,04141,04142,04143,04144,04145,04148,04149,04150,04151,04152,04154,04155,04156,04157,04158,04159,04160,04161,04162,04163,04164,04166,04167,04169,04170,04171,04172,04173,04174,04175,04176,04177,04178,04179,04180,04181,04182,04183,04184,04186,04187,04188,04189,04190,04191,04192,04193,04194,04195,04197,04199,04200,04201,04202,04203,04204,04205,04206,04207,04208,04209,04210,04211,04214,04216,04217,04218,04219,04220,04222,04224,04226,04227,04228,04229,04230,04231,04233,04234,04235,04236,04237,04240,04241,04242,04244,04245}",SDED,2026-03-24 14:41:32.274366+01,gold_establishments_2025,,,,13002900200016,2025,Services de l'Etat,Département,['Alpes-de-Haute-Provence'],['Provence-Alpes-Côte dAzur'],DDETSPP,{04},{93}
53493f64-6d5d-4a05-ad7d-a7f7a1c4fd8b,130029044,DDETSPP Ardennes,false,"{08001,08003,08004,08005,08006,08008,08010,08011,08013,08014,08015,08016,08017,08018,08019,08020,08021,08022,08023,08024,08025,08026,08027,08028,08029,08030,08031,08032,08033,08034,08035,08036,08037,08038,08039,08040,08041,08043,08044,08045,08046,08047,08048,08049,08052,08053,08055,08056,08057,08058,08059,08060,08061,08062,08063,08064,08065,08066,08067,08069,08070,08071,08073,08074,08075,08076,08077,08078,08080,08081,08082,08083,08084,08085,08086,08087,08088,08089,08090,08092,08094,08095,08096,08097,08098,08099,08100,08101,08102,08103,08104,08105,08106,08107,08109,08110,08111,08113,08115,08116,08117,08119,08120,08121,08122,08123,08124,08125,08126,08128,08130,08131,08132,08133,08134,08135,08136,08137,08138,08139,08140,08141,08142,08143,08144,08145,08146,08147,08148,08149,08150,08151,08153,08154,08155,08156,08158,08159,08160,08161,08162,08163,08164,08165,08166,08167,08168,08169,08170,08171,08172,08173,08174,08175,08176,08178,08179,08180,08182,08183,08184,08185,08186,08187,08188,08189,08190,08191,08192,08193,08194,08195,08196,08197,08198,08199,08200,08201,08202,08203,08204,08205,08206,08207,08208,08209,08210,08211,08212,08214,08215,08216,08217,08218,08219,08220,08222,08223,08225,08226,08228,08229,08230,08232,08233,08234,08235,08236,08237,08238,08239,08240,08242,08243,08244,08245,08246,08247,08248,08249,08250,08251,08252,08254,08255,08256,08257,08259,08260,08262,08263,08264,08268,08269,08271,08272,08273,08274,08275,08276,08277,08278,08279,08280,08281,08282,08283,08284,08286,08287,08288,08289,08291,08293,08295,08296,08297,08298,08301,08302,08303,08304,08305,08306,08307,08308,08309,08310,08311,08312,08313,08314,08315,08316,08317,08318,08319,08320,08321,08322,08323,08324,08325,08326,08327,08328,08329,08330,08331,08332,08333,08334,08335,08336,08338,08339,08340,08341,08342,08343,08344,08346,08347,08348,08349,08350,08351,08352,08353,08354,08355,08356,08357,08358,08360,08361,08362,08363,08364,08365,08366,08367,08368,08369,08370,08372,08373,08374,08375,08376,08377,08378,08379,08380,08381,08382,08383,08384,08385,08386,08387,08388,08389,08390,08391,08392,08393,08394,08395,08396,08397,08398,08399,08400,08401,08402,08403,08404,08405,08406,08407,08408,08409,08410,08411,08412,08413,08415,08416,08417,08418,08419,08420,08421,08422,08424,08425,08426,08427,08428,08429,08430,08431,08432,08433,08434,08435,08436,08437,08438,08439,08440,08444,08445,08446,08448,08449,08450,08451,08452,08453,08454,08455,08456,08457,08458,08459,08460,08461,08462,08463,08464,08465,08466,08467,08468,08469,08470,08471,08472,08473,08476,08477,08478,08479,08480,08481,08482,08483,08484,08485,08486,08487,08488,08489,08490,08491,08492,08494,08496,08497,08498,08499,08500,08501,08502,08503}",SDED,2026-03-24 14:41:32.274366+01,gold_establishments_2025,,,,13002904400018,2025,Services de l'Etat,Département,['Ardennes'],['Grand Est'],DDETSPP,{08},{44}
b5fcf12c-e817-4aff-b063-112c4f270c26,130029036,DDETSPP Ardèche,false,"{07001,07002,07003,07004,07005,07006,07007,07008,07009,07010,07011,07012,07013,07014,07015,07017,07018,07019,07020,07022,07023,07024,07025,07026,07027,07028,07029,07030,07031,07032,07033,07034,07035,07036,07037,07038,07039,07040,07041,07042,07044,07045,07047,07048,07049,07050,07051,07052,07053,07054,07055,07056,07058,07059,07060,07061,07062,07063,07064,07065,07066,07067,07068,07069,07070,07071,07072,07073,07074,07075,07076,07077,07078,07079,07080,07081,07082,07083,07084,07085,07086,07087,07088,07089,07090,07091,07092,07093,07094,07095,07096,07097,07098,07099,07100,07101,07102,07103,07104,07105,07106,07107,07108,07109,07110,07111,07112,07113,07114,07115,07116,07117,07118,07119,07120,07121,07122,07123,07124,07126,07127,07128,07129,07130,07131,07132,07133,07134,07136,07137,07138,07139,07140,07141,07142,07143,07144,07145,07146,07147,07148,07149,07150,07151,07152,07153,07154,07155,07156,07157,07158,07159,07160,07161,07162,07163,07165,07166,07167,07168,07169,07170,07171,07172,07173,07174,07175,07176,07177,07178,07179,07181,07182,07183,07184,07185,07186,07187,07188,07189,07190,07191,07192,07193,07194,07195,07196,07197,07198,07199,07200,07201,07202,07203,07204,07205,07206,07207,07208,07209,07210,07211,07212,07213,07214,07215,07216,07217,07218,07219,07220,07221,07222,07223,07224,07225,07226,07227,07228,07229,07230,07231,07232,07233,07234,07235,07236,07237,07238,07239,07240,07241,07242,07243,07244,07245,07247,07248,07249,07250,07251,07253,07254,07255,07257,07258,07259,07260,07261,07262,07263,07264,07265,07266,07267,07268,07269,07270,07272,07273,07274,07275,07276,07277,07278,07279,07280,07281,07282,07283,07284,07285,07286,07287,07288,07289,07290,07291,07292,07293,07294,07295,07296,07297,07298,07299,07300,07301,07302,07303,07304,07305,07306,07307,07308,07309,07310,07311,07312,07313,07314,07315,07316,07317,07318,07319,07321,07322,07323,07324,07325,07326,07327,07328,07329,07330,07331,07332,07333,07334,07335,07336,07337,07338,07339,07340,07341,07342,07343,07344,07345,07346,07347,07348,07349}",SDED,2026-03-24 14:41:32.274366+01,gold_establishments_2025,,,,13002903600014,2025,Services de l'Etat,Département,['Ardèche'],['Auvergne-Rhône-Alpes'],DDETSPP,{07},{84}
abc8ad54-703c-438a-ae3f-8fa7c477ae44,130029051,DDETSPP Ariège,false,"{09001,09002,09003,09004,09005,09006,09007,09008,09009,09011,09012,09013,09014,09015,09016,09017,09018,09019,09020,09021,09022,09023,09024,09025,09026,09027,09029,09030,09031,09032,09033,09034,09035,09037,09038,09039,09040,09041,09042,09043,09044,09045,09046,09047,09048,09049,09050,09051,09052,09053,09054,09055,09056,09057,09058,09059,09060,09061,09062,09063,09064,09065,09066,09067,09068,09069,09070,09071,09072,09073,09074,09075,09076,09077,09078,09079,09080,09081,09082,09083,09084,09085,09086,09087,09088,09089,09090,09091,09092,09093,09094,09095,09096,09097,09098,09099,09100,09101,09102,09103,09104,09105,09106,09107,09108,09109,09110,09111,09113,09114,09115,09116,09117,09118,09119,09120,09121,09122,09123,09124,09125,09126,09127,09128,09129,09130,09131,09132,09133,09134,09136,09137,09138,09139,09140,09141,09142,09143,09145,09146,09147,09148,09149,09150,09151,09152,09153,09154,09155,09156,09157,09158,09159,09160,09161,09162,09163,09164,09165,09166,09167,09168,09169,09170,09171,09172,09173,09174,09175,09176,09177,09178,09179,09180,09181,09182,09183,09184,09185,09186,09187,09188,09189,09190,09192,09193,09194,09195,09196,09197,09198,09199,09200,09201,09202,09203,09204,09205,09206,09207,09208,09209,09210,09211,09212,09213,09214,09215,09216,09217,09218,09219,09220,09221,09222,09223,09224,09225,09226,09227,09228,09229,09230,09231,09232,09233,09234,09235,09236,09237,09238,09239,09240,09241,09242,09243,09244,09245,09246,09247,09249,09250,09251,09252,09253,09254,09256,09257,09258,09259,09260,09261,09262,09263,09264,09265,09266,09267,09268,09269,09270,09271,09272,09273,09274,09275,09276,09277,09279,09280,09281,09282,09283,09284,09285,09289,09290,09291,09292,09293,09294,09295,09296,09297,09298,09299,09300,09301,09303,09304,09305,09306,09307,09308,09309,09310,09311,09312,09313,09314,09315,09316,09318,09319,09320,09321,09322,09323,09324,09325,09326,09327,09328,09329,09330,09331,09332,09334,09335,09336,09338,09339,09340,09341,09342}",SDED,2026-03-24 14:41:32.274366+01,gold_establishments_2025,,,,13002905100013,2025,Services de l'Etat,Département,['Ariège'],['Occitanie'],DDETSPP,{09},{76}
90b92c75-97b6-4f8c-a736-1abb45c76c90,130029069,DDETSPP Aube,false,"{10002,10003,10004,10005,10006,10007,10008,10009,10010,10011,10012,10013,10014,10015,10017,10018,10019,10020,10021,10022,10023,10024,10025,10026,10027,10028,10029,10030,10031,10032,10033,10034,10035,10037,10038,10039,10040,10041,10042,10043,10044,10045,10046,10047,10048,10049,10050,10051,10052,10053,10054,10055,10056,10057,10058,10059,10060,10061,10062,10063,10064,10065,10066,10067,10068,10069,10070,10071,10072,10073,10074,10075,10076,10077,10078,10079,10080,10081,10082,10083,10084,10085,10086,10087,10089,10090,10091,10092,10093,10094,10095,10096,10097,10098,10099,10100,10101,10102,10103,10104,10105,10106,10107,10108,10109,10110,10111,10112,10113,10114,10115,10116,10117,10118,10119,10120,10121,10122,10123,10124,10125,10126,10127,10128,10129,10130,10131,10132,10133,10134,10135,10136,10137,10138,10139,10140,10141,10142,10143,10144,10145,10146,10147,10148,10149,10150,10151,10153,10154,10155,10156,10157,10158,10159,10160,10161,10162,10163,10164,10165,10166,10167,10168,10169,10170,10171,10172,10173,10174,10175,10176,10177,10178,10179,10180,10181,10182,10183,10184,10185,10186,10187,10188,10189,10190,10191,10192,10193,10194,10195,10196,10197,10198,10199,10200,10201,10202,10203,10204,10205,10206,10207,10208,10209,10210,10211,10212,10213,10214,10215,10216,10217,10218,10219,10220,10221,10222,10223,10224,10225,10226,10227,10228,10229,10230,10231,10232,10233,10234,10235,10236,10237,10238,10239,10240,10241,10242,10243,10245,10246,10247,10248,10249,10250,10251,10252,10253,10254,10255,10256,10257,10258,10259,10260,10261,10262,10263,10264,10265,10266,10267,10268,10269,10270,10271,10272,10273,10274,10275,10276,10278,10279,10280,10281,10282,10283,10284,10285,10286,10287,10288,10289,10290,10291,10293,10294,10295,10296,10297,10298,10299,10300,10301,10302,10303,10304,10305,10306,10307,10308,10309,10310,10312,10313,10314,10315,10316,10317,10318,10319,10320,10321,10323,10324,10325,10326,10327,10328,10329,10330,10331,10332,10333,10334,10335,10336,10337,10338,10339,10340,10341,10342,10343,10344,10345,10346,10347,10348,10349,10350,10351,10352,10353,10354,10355,10356,10357,10358,10359,10360,10361,10362,10363,10364,10365,10366,10367,10368,10369,10370,10371,10372,10373,10374,10375,10376,10377,10378,10379,10380,10381,10382,10383,10384,10386,10387,10388,10389,10390,10391,10392,10393,10394,10395,10396,10397,10398,10399,10400,10401,10402,10403,10404,10405,10406,10408,10409,10410,10411,10412,10414,10416,10417,10418,10419,10420,10421,10422,10423,10424,10425,10426,10427,10428,10429,10430,10431,10432,10433,10434,10435,10436,10437,10438,10439,10440,10441,10442,10443,10444,10445}",SDED,2026-03-24 14:41:32.274366+01,gold_establishments_2025,,,,13002906900015,2025,Services de l'Etat,Département,['Aube'],['Grand Est'],DDETSPP,{10},{44}
50d97fb2-8b8a-4436-a4e9-dd569b202b56,130029077,DDETSPP Aude,false,"{11001,11002,11003,11004,11005,11006,11007,11008,11009,11010,11011,11012,11013,11014,11015,11016,11017,11018,11019,11020,11021,11022,11023,11024,11025,11026,11027,11028,11029,11030,11031,11032,11033,11034,11035,11036,11037,11038,11039,11040,11041,11042,11043,11044,11045,11046,11047,11048,11049,11051,11052,11053,11054,11055,11056,11057,11058,11059,11060,11061,11062,11063,11064,11065,11066,11067,11068,11069,11070,11071,11072,11073,11074,11075,11076,11077,11078,11079,11080,11081,11082,11083,11084,11085,11086,11087,11088,11089,11090,11091,11092,11093,11094,11095,11096,11098,11099,11100,11101,11102,11103,11104,11105,11106,11107,11108,11109,11110,11111,11112,11113,11114,11115,11116,11117,11118,11119,11120,11121,11122,11123,11124,11125,11126,11127,11128,11129,11130,11131,11132,11133,11134,11135,11136,11137,11138,11139,11140,11141,11142,11143,11144,11145,11146,11147,11148,11149,11150,11151,11152,11153,11154,11155,11156,11157,11158,11159,11160,11161,11162,11163,11164,11165,11166,11167,11168,11169,11170,11172,11173,11174,11175,11176,11177,11178,11179,11180,11181,11182,11183,11184,11185,11186,11187,11188,11189,11190,11191,11192,11193,11194,11195,11196,11197,11198,11199,11200,11201,11202,11203,11204,11205,11206,11207,11208,11209,11210,11211,11212,11213,11214,11215,11216,11217,11218,11219,11220,11221,11222,11223,11224,11225,11226,11227,11228,11229,11230,11231,11232,11233,11234,11235,11236,11238,11239,11240,11241,11242,11243,11244,11245,11246,11247,11248,11249,11250,11251,11252,11253,11254,11255,11256,11257,11258,11259,11260,11261,11262,11263,11264,11265,11266,11267,11268,11269,11270,11271,11272,11273,11274,11275,11276,11277,11278,11279,11280,11281,11282,11283,11284,11285,11286,11287,11288,11289,11290,11291,11292,11293,11294,11295,11296,11297,11299,11300,11301,11302,11303,11304,11305,11306,11307,11308,11309,11310,11311,11312,11313,11314,11315,11316,11317,11318,11319,11320,11321,11322,11323,11324,11325,11326,11327,11328,11330,11331,11332,11333,11334,11335,11336,11337,11338,11339,11340,11341,11342,11343,11344,11345,11346,11347,11348,11350,11351,11352,11353,11354,11355,11356,11357,11358,11359,11360,11361,11362,11363,11364,11365,11366,11367,11368,11369,11370,11371,11372,11373,11374,11375,11376,11377,11378,11379,11380,11381,11382,11383,11384,11385,11386,11387,11388,11389,11390,11391,11392,11393,11394,11395,11396,11397,11398,11399,11400,11401,11402,11404,11405,11406,11407,11408,11409,11410,11411,11412,11413,11414,11415,11416,11417,11418,11419,11420,11421,11422,11423,11424,11425,11426,11427,11428,11429,11430,11431,11432,11433,11434,11435,11436,11437,11438,11439,11440,11441}",SDED,2026-03-24 14:41:32.274366+01,gold_establishments_2025,,,,13002907700018,2025,Services de l'Etat,Département,['Aude'],['Occitanie'],DDETSPP,{11},{76}
f4ff7d8f-7e25-4bdf-b79a-fb35fad22bc6,130028764,DDETSPP Aveyron,false,"{12001,12002,12003,12004,12006,12007,12008,12009,12010,12011,12012,12013,12015,12016,12017,12018,12019,12021,12022,12023,12024,12025,12026,12027,12028,12029,12030,12031,12032,12033,12034,12035,12036,12037,12038,12039,12041,12042,12043,12044,12045,12046,12047,12048,12049,12050,12051,12052,12053,12054,12055,12056,12057,12058,12059,12060,12061,12062,12063,12064,12065,12066,12067,12068,12069,12070,12071,12072,12073,12074,12075,12077,12078,12079,12080,12082,12083,12084,12085,12086,12088,12089,12090,12091,12092,12093,12094,12095,12096,12097,12098,12099,12100,12101,12102,12103,12104,12105,12106,12107,12108,12109,12110,12111,12113,12115,12116,12118,12119,12120,12121,12122,12124,12125,12127,12128,12129,12130,12131,12133,12134,12135,12136,12137,12138,12139,12140,12141,12142,12143,12144,12145,12146,12147,12148,12149,12150,12151,12152,12153,12154,12155,12156,12157,12158,12159,12160,12161,12162,12163,12164,12165,12166,12167,12168,12169,12170,12171,12172,12174,12175,12176,12177,12178,12179,12180,12181,12182,12183,12184,12185,12186,12187,12188,12189,12190,12191,12192,12193,12194,12195,12197,12198,12199,12200,12201,12202,12203,12204,12205,12206,12207,12208,12209,12210,12211,12212,12213,12214,12215,12216,12217,12219,12220,12221,12222,12223,12224,12225,12226,12227,12228,12229,12230,12231,12232,12233,12234,12235,12236,12237,12238,12239,12240,12241,12242,12243,12244,12246,12247,12248,12249,12250,12251,12252,12253,12254,12255,12256,12257,12258,12259,12260,12261,12262,12263,12264,12265,12266,12267,12268,12269,12270,12272,12273,12274,12275,12276,12277,12278,12280,12281,12282,12283,12284,12286,12287,12288,12289,12290,12291,12292,12293,12294,12295,12296,12297,12298,12299,12300,12301,12303,12305,12307}",SDED,2026-03-24 14:41:32.274366+01,gold_establishments_2025,,,,13002876400012,2025,Services de l'Etat,Département,['Aveyron'],['Occitanie'],DDETSPP,{12},{76}
f1c18732-1509-4da9-ab4c-9ac60abfec31,130028806,DDETSPP Cantal,false,"{15001,15002,15003,15004,15005,15006,15007,15008,15009,15010,15011,15012,15013,15014,15015,15016,15017,15018,15019,15020,15021,15022,15024,15025,15026,15027,15028,15029,15030,15032,15033,15034,15036,15037,15038,15040,15041,15042,15043,15045,15046,15048,15049,15050,15051,15052,15053,15054,15055,15056,15057,15058,15059,15060,15061,15063,15064,15065,15066,15067,15069,15070,15072,15073,15074,15075,15076,15077,15078,15079,15080,15081,15082,15083,15084,15085,15086,15087,15088,15089,15090,15091,15092,15093,15094,15095,15096,15097,15098,15100,15101,15102,15103,15104,15105,15106,15107,15108,15110,15111,15112,15113,15114,15116,15117,15118,15119,15120,15121,15122,15123,15124,15125,15126,15127,15128,15129,15130,15131,15132,15133,15134,15135,15137,15138,15139,15140,15141,15142,15143,15144,15146,15147,15148,15149,15151,15152,15153,15154,15155,15156,15157,15158,15159,15160,15161,15162,15163,15164,15165,15166,15167,15168,15169,15170,15172,15173,15174,15175,15176,15178,15179,15180,15181,15182,15183,15184,15185,15186,15187,15188,15189,15190,15191,15192,15194,15196,15198,15199,15200,15201,15202,15203,15204,15205,15206,15207,15208,15209,15211,15212,15213,15214,15215,15216,15217,15218,15219,15220,15221,15222,15223,15224,15225,15226,15228,15229,15230,15231,15232,15233,15234,15235,15236,15237,15238,15240,15241,15242,15243,15244,15245,15246,15247,15248,15249,15250,15251,15252,15253,15254,15255,15256,15257,15258,15259,15260,15261,15262,15263,15264,15265,15266,15267,15268,15269}",SDED,2026-03-24 14:41:32.274366+01,gold_establishments_2025,,,,13002880600011,2025,Services de l'Etat,Département,['Cantal'],['Auvergne-Rhône-Alpes'],DDETSPP,{15},{84}
d1b84857-9c03-466d-b9d0-bae45f659998,130028814,DDETSPP Charente,false,"{16001,16002,16003,16005,16007,16008,16009,16011,16012,16013,16014,16015,16016,16018,16019,16020,16023,16024,16025,16026,16027,16028,16029,16030,16031,16032,16034,16035,16036,16037,16038,16039,16040,16041,16042,16044,16045,16046,16047,16048,16049,16050,16052,16053,16054,16055,16056,16057,16058,16059,16060,16061,16062,16063,16064,16065,16066,16067,16068,16069,16070,16071,16072,16073,16074,16075,16076,16077,16078,16079,16081,16082,16083,16084,16085,16086,16087,16088,16089,16090,16091,16093,16095,16096,16097,16098,16099,16100,16101,16102,16103,16104,16105,16106,16107,16108,16109,16110,16111,16112,16113,16114,16116,16117,16118,16119,16120,16121,16122,16123,16124,16125,16127,16128,16130,16131,16132,16133,16134,16135,16136,16137,16138,16139,16141,16142,16143,16144,16145,16146,16148,16150,16151,16152,16153,16154,16155,16157,16158,16160,16161,16162,16163,16164,16165,16166,16167,16168,16169,16170,16171,16173,16174,16175,16176,16177,16178,16180,16181,16182,16183,16184,16185,16186,16187,16188,16189,16190,16191,16192,16193,16194,16195,16196,16197,16198,16199,16200,16203,16204,16205,16206,16207,16208,16209,16210,16211,16212,16213,16215,16216,16217,16218,16220,16221,16222,16223,16224,16225,16227,16229,16230,16231,16232,16233,16234,16236,16237,16239,16240,16241,16242,16243,16244,16245,16246,16248,16249,16250,16251,16252,16253,16254,16255,16256,16258,16260,16261,16263,16264,16267,16268,16269,16270,16271,16272,16273,16275,16276,16277,16279,16280,16281,16282,16283,16284,16285,16286,16287,16289,16290,16291,16292,16293,16295,16297,16298,16300,16301,16302,16303,16304,16306,16307,16308,16310,16312,16315,16316,16317,16318,16320,16321,16323,16325,16326,16329,16330,16331,16334,16335,16336,16337,16338,16339,16340,16341,16342,16343,16345,16346,16347,16348,16349,16350,16352,16353,16354,16356,16357,16358,16359,16360,16361,16362,16363,16364,16365,16366,16368,16369,16370,16372,16373,16374,16375,16377,16378,16379,16380,16381,16382,16383,16384,16385,16387,16388,16389,16390,16392,16393,16394,16395,16396,16397,16398,16399,16400,16401,16402,16403,16404,16405,16406,16408,16409,16412,16413,16414,16415,16416,16418,16419,16420,16421,16422,16423,16424,16425}",SDED,2026-03-24 14:41:32.274366+01,gold_establishments_2025,,,,13002881400015,2025,Services de l'Etat,Département,['Charente'],['Nouvelle-Aquitaine'],DDETSPP,{16},{75}
9ce9c74d-6e44-4742-a4ce-66e65bd0949f,130028848,DDETSPP Cher,false,"{18001,18002,18003,18004,18005,18006,18007,18008,18009,18010,18011,18012,18013,18014,18015,18016,18017,18018,18019,18020,18021,18022,18023,18024,18025,18026,18027,18028,18029,18030,18031,18032,18033,18034,18035,18036,18037,18038,18039,18040,18041,18042,18043,18044,18045,18046,18047,18048,18049,18050,18051,18052,18053,18054,18055,18056,18057,18058,18059,18060,18061,18062,18063,18064,18065,18066,18067,18068,18069,18070,18071,18072,18073,18074,18075,18076,18077,18078,18079,18080,18081,18082,18083,18084,18085,18086,18087,18088,18089,18090,18091,18092,18093,18094,18095,18096,18097,18098,18099,18100,18101,18102,18103,18104,18105,18106,18107,18108,18109,18110,18111,18112,18113,18114,18115,18116,18117,18118,18119,18120,18121,18122,18124,18125,18126,18127,18128,18129,18130,18132,18133,18134,18135,18136,18137,18138,18139,18140,18141,18142,18143,18144,18145,18146,18147,18148,18149,18150,18151,18152,18153,18154,18155,18156,18157,18158,18159,18160,18161,18162,18163,18164,18165,18166,18167,18168,18169,18170,18171,18172,18173,18174,18175,18176,18177,18178,18179,18180,18181,18182,18183,18184,18185,18186,18187,18188,18189,18190,18191,18192,18193,18194,18195,18196,18197,18198,18199,18200,18201,18202,18203,18204,18205,18206,18207,18208,18209,18210,18211,18212,18213,18214,18215,18216,18217,18218,18219,18220,18221,18223,18224,18225,18226,18227,18228,18229,18230,18231,18232,18233,18234,18235,18236,18237,18238,18240,18241,18242,18243,18244,18245,18246,18247,18248,18249,18250,18251,18252,18253,18254,18255,18256,18257,18258,18259,18260,18261,18262,18263,18264,18265,18266,18267,18268,18269,18270,18271,18272,18273,18274,18275,18276,18277,18278,18279,18280,18281,18282,18283,18284,18285,18286,18287,18288,18289,18290}",SDED,2026-03-24 14:41:32.274366+01,gold_establishments_2025,,,,13002884800021,2025,Services de l'Etat,Département,['Cher'],['Centre-Val de Loire'],DDETSPP,{18},{24}
346cb91b-8cac-4115-9452-824e2126372f,130028863,DDETSPP Corrèze,false,"{19001,19002,19003,19004,19005,19006,19007,19008,19009,19010,19011,19012,19013,19014,19015,19016,19017,19018,19019,19020,19021,19022,19023,19024,19025,19026,19027,19028,19029,19030,19031,19033,19034,19035,19036,19037,19038,19039,19040,19041,19042,19043,19044,19045,19046,19047,19048,19049,19050,19051,19052,19053,19054,19055,19056,19057,19058,19059,19060,19061,19062,19063,19064,19065,19066,19067,19068,19069,19070,19071,19072,19073,19074,19075,19076,19077,19078,19079,19080,19081,19082,19083,19084,19085,19086,19087,19088,19089,19090,19091,19093,19094,19095,19096,19097,19098,19099,19100,19101,19102,19103,19104,19105,19106,19107,19108,19109,19110,19111,19112,19113,19114,19115,19116,19117,19118,19119,19120,19121,19122,19123,19124,19125,19126,19128,19129,19130,19131,19132,19133,19134,19135,19136,19137,19138,19139,19140,19141,19142,19143,19144,19145,19146,19147,19148,19149,19150,19151,19152,19153,19154,19155,19156,19157,19158,19159,19160,19161,19162,19163,19164,19165,19166,19167,19168,19169,19170,19171,19172,19173,19174,19175,19176,19177,19178,19179,19180,19181,19182,19184,19186,19187,19188,19189,19190,19191,19192,19193,19194,19195,19196,19198,19199,19200,19201,19202,19203,19204,19205,19206,19207,19208,19209,19210,19211,19212,19213,19214,19215,19216,19217,19219,19220,19221,19222,19225,19226,19227,19228,19229,19231,19232,19233,19234,19235,19236,19237,19238,19239,19240,19241,19242,19243,19244,19245,19246,19247,19248,19249,19250,19251,19252,19253,19254,19255,19256,19257,19258,19259,19260,19261,19262,19263,19264,19265,19266,19268,19269,19270,19271,19272,19273,19274,19275,19276,19277,19278,19279,19280,19281,19283,19284,19285,19286,19287,19288,19289}",SDED,2026-03-24 14:41:32.274366+01,gold_establishments_2025,,,,13002886300012,2025,Services de l'Etat,Département,['Corrèze'],['Nouvelle-Aquitaine'],DDETSPP,{19},{75}
5b6da904-0fb6-469c-be0e-8777180fbc88,130028707,DDETSPP Corse-du-Sud,false,"{2A001,2A004,2A006,2A008,2A011,2A014,2A017,2A018,2A019,2A021,2A022,2A024,2A026,2A027,2A028,2A031,2A032,2A035,2A038,2A040,2A041,2A048,2A056,2A060,2A061,2A062,2A064,2A065,2A066,2A070,2A071,2A085,2A089,2A090,2A091,2A092,2A094,2A098,2A099,2A100,2A103,2A104,2A108,2A114,2A115,2A117,2A118,2A119,2A127,2A128,2A129,2A130,2A131,2A132,2A133,2A139,2A141,2A142,2A144,2A146,2A154,2A158,2A160,2A163,2A174,2A181,2A186,2A189,2A191,2A196,2A197,2A198,2A200,2A203,2A204,2A209,2A211,2A212,2A215,2A228,2A232,2A240,2A247,2A249,2A253,2A254,2A258,2A259,2A262,2A266,2A268,2A269,2A270,2A271,2A272,2A276,2A278,2A279,2A282,2A284,2A285,2A288,2A295,2A300,2A308,2A310,2A312,2A322,2A323,2A324,2A326,2A330,2A331,2A336,2A345,2A348,2A349,2A351,2A357,2A358,2A359,2A360,2A362,2A363}",SDED,2026-03-24 14:41:32.274366+01,gold_establishments_2025,,,,13002870700011,2025,Services de l'Etat,Département,['Corse-du-Sud'],['Corse'],DDETSPP,{2A},{94}
1cefcee8-8460-4d89-9a35-b7f537e28208,130028913,DDETSPP Creuse,false,"{23001,23002,23003,23004,23005,23006,23007,23008,23009,23010,23011,23012,23013,23014,23015,23016,23017,23018,23019,23020,23021,23022,23024,23025,23026,23027,23028,23029,23030,23031,23032,23033,23034,23035,23036,23037,23038,23039,23040,23041,23042,23043,23044,23045,23046,23047,23048,23049,23050,23051,23052,23053,23054,23055,23056,23057,23058,23059,23060,23061,23062,23063,23064,23065,23066,23067,23068,23069,23070,23071,23072,23073,23074,23075,23076,23077,23078,23079,23080,23081,23082,23083,23084,23086,23087,23088,23089,23090,23091,23092,23093,23095,23096,23097,23098,23099,23100,23101,23102,23103,23104,23105,23106,23107,23108,23109,23110,23111,23112,23113,23114,23115,23116,23117,23118,23119,23120,23122,23123,23124,23125,23127,23128,23129,23130,23131,23132,23133,23134,23136,23137,23138,23139,23140,23141,23142,23143,23144,23145,23146,23147,23148,23149,23150,23151,23152,23154,23155,23156,23157,23158,23159,23160,23162,23164,23165,23166,23167,23168,23169,23170,23171,23172,23173,23174,23175,23176,23177,23178,23179,23180,23181,23182,23183,23184,23185,23186,23187,23188,23189,23190,23191,23192,23193,23194,23195,23196,23197,23198,23199,23200,23201,23202,23203,23204,23205,23206,23207,23208,23209,23210,23211,23212,23213,23214,23215,23216,23217,23218,23219,23220,23221,23222,23223,23224,23225,23226,23227,23228,23229,23230,23232,23233,23234,23235,23236,23237,23238,23239,23240,23241,23242,23243,23244,23245,23246,23247,23248,23249,23250,23251,23252,23253,23254,23255,23257,23258,23259,23260,23261,23262,23263,23264,23265,23266}",SDED,2026-03-24 14:41:32.274366+01,gold_establishments_2025,,,,13002891300015,2025,Services de l'Etat,Département,['Creuse'],['Nouvelle-Aquitaine'],DDETSPP,{23},{75}
464da892-db90-4cc8-806f-6893449b8d72,130028921,DDETSPP Deux-Sèvres,false,"{79001,79002,79003,79005,79007,79008,79009,79010,79012,79013,79014,79015,79016,79018,79019,79020,79022,79023,79024,79025,79029,79030,79031,79032,79034,79038,79040,79042,79046,79047,79048,79049,79050,79055,79056,79057,79058,79059,79061,79062,79063,79064,79066,79069,79070,79071,79074,79076,79077,79078,79079,79080,79081,79083,79084,79085,79086,79087,79088,79089,79090,79091,79092,79094,79095,79096,79100,79101,79102,79103,79104,79105,79106,79108,79109,79111,79112,79114,79115,79116,79117,79118,79119,79120,79121,79122,79123,79124,79125,79126,79127,79128,79129,79130,79131,79132,79133,79134,79135,79136,79137,79139,79140,79141,79142,79144,79145,79147,79148,79149,79150,79152,79153,79154,79156,79157,79158,79159,79160,79161,79162,79163,79164,79165,79166,79167,79170,79172,79174,79175,79176,79177,79179,79183,79184,79185,79189,79190,79191,79195,79196,79197,79198,79200,79201,79202,79203,79204,79207,79208,79209,79210,79213,79215,79216,79217,79218,79220,79223,79225,79226,79229,79230,79231,79235,79236,79238,79239,79241,79242,79243,79244,79246,79249,79250,79251,79252,79253,79254,79255,79256,79257,79258,79259,79263,79265,79267,79268,79269,79270,79271,79273,79274,79276,79277,79278,79280,79281,79283,79284,79285,79286,79289,79290,79293,79294,79295,79297,79298,79299,79300,79301,79302,79303,79304,79306,79307,79308,79309,79310,79311,79312,79313,79316,79319,79320,79322,79326,79329,79331,79332,79334,79335,79336,79337,79338,79339,79340,79341,79342,79343,79345,79346,79347,79348,79349,79350,79351,79352,79354,79355,79357}",SDED,2026-03-24 14:41:32.274366+01,gold_establishments_2025,,,,13002892100018,2025,Services de l'Etat,Département,['Deux-Sèvres'],['Nouvelle-Aquitaine'],DDETSPP,{79},{75}
c6cf17d4-1b33-4098-ad08-951a413f7857,130028194,DDETSPP Dordogne,false,"{24001,24002,24004,24005,24006,24007,24008,24009,24010,24011,24012,24014,24015,24016,24018,24019,24020,24021,24022,24023,24024,24025,24026,24027,24028,24029,24030,24031,24032,24034,24035,24036,24037,24038,24039,24040,24042,24043,24045,24046,24048,24050,24051,24052,24053,24054,24055,24056,24057,24058,24059,24060,24061,24062,24063,24064,24066,24067,24068,24069,24070,24071,24073,24074,24075,24076,24077,24080,24081,24082,24083,24084,24085,24086,24087,24088,24090,24091,24094,24095,24096,24097,24098,24100,24101,24102,24104,24105,24106,24107,24108,24109,24110,24111,24113,24114,24115,24116,24117,24119,24120,24121,24122,24123,24124,24126,24128,24129,24130,24131,24132,24133,24134,24135,24136,24137,24138,24139,24140,24141,24142,24143,24144,24145,24146,24147,24148,24150,24151,24152,24153,24154,24155,24156,24157,24158,24159,24160,24161,24162,24163,24164,24165,24167,24168,24171,24172,24174,24175,24176,24177,24179,24180,24182,24183,24184,24186,24188,24189,24190,24191,24192,24193,24194,24195,24196,24197,24199,24200,24202,24205,24206,24207,24208,24209,24210,24211,24212,24213,24214,24215,24216,24217,24218,24220,24221,24222,24223,24224,24225,24226,24227,24228,24229,24230,24231,24232,24234,24236,24237,24238,24240,24241,24242,24243,24244,24245,24246,24247,24248,24251,24252,24253,24254,24255,24256,24257,24259,24260,24261,24262,24263,24264,24266,24267,24268,24269,24271,24272,24273,24274,24276,24277,24278,24279,24280,24281,24282,24284,24285,24286,24287,24288,24289,24290,24291,24292,24293,24294,24295,24296,24297,24299,24300,24301,24302,24303,24304,24305,24306,24307,24308,24309,24311,24312,24313,24316,24317,24318,24319,24320,24321,24322,24323,24324,24325,24326,24327,24328,24329,24330,24331,24334,24335,24336,24337,24338,24339,24340,24341,24345,24346,24347,24348,24349,24350,24351,24352,24353,24354,24355,24356,24357,24359,24360,24361,24362,24364,24365,24366,24367,24370,24371,24372,24373,24374,24375,24376,24377,24378,24379,24380,24381,24382,24383,24384,24385,24386,24388,24390,24392,24393,24394,24395,24396,24397,24398,24399,24401,24403,24404,24405,24406,24407,24408,24409,24410,24411,24412,24413,24414,24415,24416,24417,24418,24419,24420,24421,24422,24423,24424,24425,24426,24428,24429,24432,24434,24436,24437,24438,24441,24442,24443,24444,24445,24446,24448,24449,24450,24451,24452,24453,24454,24455,24456,24457,24458,24459,24460,24461,24462,24463,24464,24465,24466,24468,24470,24471,24472,24473,24474,24476,24477,24478,24479,24480,24481,24482,24483,24484,24485,24486,24487,24488,24489,24490,24491,24492,24493,24494,24495,24496,24498,24499,24500,24501,24502,24504,24505,24507,24508,24509,24510,24511,24512,24513,24514,24515,24516,24517,24518,24519,24520,24521,24522,24523,24524,24525,24526,24527,24528,24529,24531,24532,24533,24534,24535,24536,24537,24538,24540,24541,24542,24543,24544,24545,24546,24547,24548,24549,24550,24551,24552,24553,24554,24555,24557,24558,24559,24560,24562,24563,24564,24565,24566,24567,24568,24569,24570,24571,24572,24573,24574,24575,24576,24577,24580,24581,24582,24584,24585,24586,24587}",SDED,2026-03-24 14:41:32.274366+01,gold_establishments_2025,,,,13002819400012,2025,Services de l'Etat,Département,['Dordogne'],['Nouvelle-Aquitaine'],DDETSPP,{24},{75}
5c5d1c1c-6d20-4a68-b429-a61849baea06,130028202,DDETSPP Doubs,false,"{25001,25002,25003,25004,25005,25006,25007,25008,25009,25011,25012,25013,25014,25015,25016,25017,25018,25019,25020,25021,25022,25024,25025,25026,25029,25030,25031,25032,25033,25035,25036,25038,25039,25040,25041,25042,25043,25044,25045,25046,25047,25048,25049,25050,25051,25052,25053,25054,25055,25056,25057,25058,25059,25060,25061,25062,25063,25065,25066,25067,25070,25071,25072,25073,25074,25075,25077,25078,25079,25082,25083,25084,25085,25086,25087,25088,25089,25090,25091,25092,25093,25094,25095,25096,25097,25098,25099,25100,25101,25102,25103,25104,25105,25106,25107,25108,25109,25110,25111,25112,25113,25114,25115,25116,25117,25119,25120,25121,25122,25124,25125,25126,25127,25129,25130,25131,25132,25133,25136,25138,25139,25141,25142,25143,25145,25147,25148,25149,25150,25151,25152,25153,25154,25155,25156,25157,25159,25160,25161,25162,25163,25164,25166,25170,25171,25172,25173,25174,25175,25176,25177,25178,25179,25180,25181,25182,25183,25184,25185,25186,25187,25188,25189,25190,25191,25192,25193,25194,25195,25196,25197,25198,25199,25200,25201,25202,25203,25204,25207,25208,25209,25210,25211,25212,25213,25214,25215,25216,25217,25218,25219,25220,25221,25222,25223,25224,25225,25226,25227,25228,25229,25230,25231,25232,25233,25234,25235,25236,25237,25238,25239,25240,25241,25242,25243,25244,25245,25246,25247,25248,25249,25251,25252,25253,25254,25255,25256,25257,25258,25259,25261,25262,25263,25264,25265,25266,25267,25268,25269,25270,25271,25273,25274,25275,25276,25277,25278,25279,25280,25281,25283,25284,25285,25286,25287,25288,25289,25290,25293,25295,25296,25298,25299,25300,25301,25304,25305,25306,25307,25308,25309,25310,25311,25312,25313,25314,25315,25316,25317,25318,25320,25321,25322,25323,25324,25325,25326,25327,25328,25329,25330,25331,25332,25333,25334,25335,25336,25338,25339,25340,25341,25342,25343,25344,25345,25346,25348,25349,25350,25351,25354,25355,25356,25357,25359,25360,25361,25362,25364,25365,25366,25367,25368,25369,25370,25371,25372,25373,25374,25375,25376,25377,25378,25379,25380,25381,25382,25383,25384,25385,25386,25387,25388,25389,25390,25391,25392,25393,25394,25395,25397,25400,25401,25402,25403,25404,25405,25406,25408,25410,25411,25413,25414,25415,25416,25417,25418,25419,25420,25421,25422,25424,25425,25426,25427,25428,25429,25430,25431,25432,25433,25434,25435,25436,25437,25438,25439,25440,25441,25442,25443,25444,25445,25446,25447,25448,25449,25450,25451,25452,25453,25454,25455,25456,25457,25458,25459,25460,25461,25462,25463,25464,25465,25466,25467,25468,25469,25470,25471,25472,25473,25474,25475,25476,25477,25478,25479,25481,25482,25483,25485,25486,25487,25488,25489,25490,25491,25492,25493,25494,25495,25496,25497,25498,25499,25500,25501,25502,25503,25504,25505,25506,25507,25508,25510,25511,25512,25513,25514,25515,25516,25517,25518,25519,25520,25521,25522,25523,25524,25525,25526,25527,25528,25529,25532,25534,25535,25536,25537,25538,25539,25540,25541,25542,25544,25545,25546,25547,25548,25550,25551,25552,25553,25554,25555,25556,25557,25558,25559,25560,25561,25562,25563,25564,25565,25566,25567,25569,25570,25571,25572,25573,25574,25575,25578,25579,25580,25582,25583,25584,25586,25588,25589,25590,25591,25592,25594,25595,25596,25597,25598,25599,25600,25601,25602,25604,25605,25607,25608,25609,25611,25612,25613,25614,25615,25616,25617,25618,25619,25621,25622,25623,25624,25625,25626,25627,25629,25630,25631,25632,25633,25634,25635}",SDED,2026-03-24 14:41:32.274366+01,gold_establishments_2025,,,,13002820200021,2025,Services de l'Etat,Département,['Doubs'],['Bourgogne-Franche-Comté'],DDETSPP,{25},{27}
dda649c1-1208-447d-ba9a-76d247e488c3,130028236,DDETSPP Eure-et-Loir,false,"{28001,28003,28004,28005,28006,28007,28008,28009,28010,28012,28013,28014,28015,28016,28018,28019,28021,28022,28023,28024,28026,28027,28028,28029,28030,28031,28032,28033,28034,28035,28036,28037,28038,28039,28040,28041,28045,28046,28047,28048,28049,28050,28051,28052,28053,28054,28055,28056,28057,28058,28059,28060,28061,28062,28064,28065,28067,28068,28070,28071,28072,28073,28074,28075,28076,28077,28078,28079,28080,28081,28082,28084,28085,28086,28087,28088,28089,28090,28091,28092,28094,28095,28096,28098,28099,28100,28102,28103,28104,28105,28106,28107,28108,28109,28110,28111,28113,28114,28116,28117,28118,28119,28120,28121,28122,28123,28124,28126,28127,28128,28129,28130,28132,28134,28135,28136,28137,28139,28140,28141,28142,28143,28144,28146,28147,28148,28149,28151,28153,28154,28155,28156,28157,28158,28159,28160,28161,28162,28163,28164,28166,28167,28168,28169,28170,28171,28172,28173,28175,28176,28177,28178,28180,28182,28183,28184,28185,28187,28188,28189,28190,28191,28192,28193,28194,28195,28196,28197,28198,28199,28200,28201,28202,28203,28206,28207,28208,28209,28210,28211,28212,28213,28214,28215,28216,28217,28218,28219,28220,28221,28222,28223,28225,28226,28227,28229,28230,28231,28232,28233,28234,28235,28236,28237,28239,28240,28242,28243,28245,28246,28247,28248,28249,28251,28252,28253,28254,28255,28256,28257,28259,28260,28261,28263,28264,28265,28267,28268,28269,28270,28271,28272,28273,28274,28275,28277,28278,28279,28280,28281,28282,28283,28284,28285,28286,28287,28289,28290,28291,28292,28293,28294,28296,28298,28299,28300,28301,28302,28303,28304,28305,28306,28308,28309,28310,28312,28313,28314,28315,28316,28317,28319,28321,28322,28323,28324,28325,28326,28327,28329,28330,28331,28332,28333,28334,28335,28336,28337,28339,28341,28342,28343,28344,28346,28347,28348,28349,28350,28351,28352,28353,28354,28355,28357,28358,28359,28360,28362,28363,28364,28365,28366,28367,28368,28369,28370,28371,28372,28373,28374,28375,28377,28378,28379,28380,28382,28383,28385,28386,28387,28388,28389,28390,28391,28392,28393,28394,28395,28396,28397,28398,28400,28401,28403,28404,28405,28406,28407,28408,28409,28410,28411,28414,28415,28417,28418,28419,28421,28422,28423,28424,28425,28426}",SDED,2026-03-24 14:41:32.274366+01,gold_establishments_2025,,,,13002823600011,2025,Services de l'Etat,Département,['Eure-et-Loir'],['Centre-Val de Loire'],DDETSPP,{28},{24}
1f2745cc-c116-47c6-8ee5-3fe9d084284e,130028277,DDETSPP Gers,false,"{32001,32002,32003,32004,32005,32007,32008,32009,32010,32012,32013,32014,32015,32016,32017,32018,32019,32020,32021,32022,32023,32024,32025,32026,32027,32028,32029,32030,32031,32032,32033,32034,32035,32036,32037,32038,32039,32040,32041,32042,32043,32044,32045,32046,32047,32048,32049,32050,32051,32052,32053,32054,32055,32056,32057,32058,32059,32060,32061,32062,32063,32064,32065,32066,32068,32069,32070,32071,32072,32073,32075,32076,32077,32078,32079,32080,32081,32082,32083,32084,32085,32086,32087,32088,32089,32090,32091,32092,32093,32094,32095,32096,32097,32098,32099,32100,32101,32102,32103,32104,32105,32106,32107,32108,32109,32110,32111,32112,32113,32114,32115,32116,32117,32118,32119,32120,32121,32122,32123,32124,32125,32126,32127,32128,32129,32130,32131,32132,32133,32134,32135,32136,32138,32139,32140,32141,32142,32143,32144,32145,32146,32147,32148,32149,32150,32151,32152,32153,32154,32155,32156,32157,32158,32159,32160,32161,32162,32163,32164,32165,32166,32167,32169,32170,32171,32172,32173,32174,32175,32176,32177,32178,32180,32181,32182,32183,32184,32185,32186,32187,32188,32189,32190,32191,32192,32193,32194,32195,32196,32197,32198,32199,32200,32201,32202,32203,32204,32205,32206,32207,32208,32209,32210,32211,32212,32213,32214,32215,32216,32217,32218,32219,32220,32221,32222,32223,32224,32225,32226,32227,32228,32229,32230,32231,32232,32233,32234,32235,32236,32237,32238,32239,32240,32241,32242,32243,32244,32245,32246,32247,32248,32249,32250,32251,32252,32253,32254,32255,32256,32257,32258,32261,32262,32263,32264,32265,32266,32267,32268,32269,32270,32271,32272,32273,32274,32275,32276,32277,32278,32279,32280,32281,32282,32283,32284,32285,32286,32287,32288,32289,32290,32291,32292,32293,32294,32295,32296,32297,32298,32299,32300,32301,32302,32303,32304,32305,32306,32307,32308,32309,32310,32311,32312,32313,32314,32315,32316,32317,32318,32319,32320,32321,32322,32323,32324,32325,32326,32327,32328,32329,32330,32331,32332,32333,32334,32335,32336,32337,32338,32339,32340,32341,32342,32343,32344,32345,32346,32347,32348,32349,32350,32351,32352,32353,32354,32355,32356,32357,32358,32359,32360,32361,32362,32363,32364,32365,32366,32367,32368,32369,32370,32371,32372,32373,32374,32375,32376,32377,32378,32379,32380,32381,32382,32383,32384,32385,32386,32387,32388,32389,32390,32391,32392,32393,32394,32395,32396,32397,32398,32399,32400,32401,32402,32403,32404,32405,32406,32407,32408,32409,32410,32411,32412,32414,32415,32416,32417,32418,32419,32420,32421,32422,32423,32424,32425,32426,32427,32428,32429,32430,32431,32432,32433,32434,32435,32436,32437,32438,32439,32440,32441,32442,32443,32444,32445,32446,32447,32448,32449,32450,32451,32452,32453,32454,32455,32456,32457,32458,32459,32460,32461,32462,32463,32464,32465,32466,32467,32468}",SDED,2026-03-24 14:41:32.274366+01,gold_establishments_2025,,,,13002827700015,2025,Services de l'Etat,Département,['Gers'],['Occitanie'],DDETSPP,{32},{76}
9cbf1878-0126-4c61-aa32-03e47327633a,130028509,DDETSPP Haut-Rhin,false,"{68001,68002,68004,68005,68006,68007,68008,68009,68010,68011,68012,68013,68014,68015,68016,68017,68018,68019,68020,68021,68022,68023,68024,68025,68026,68027,68028,68029,68030,68032,68033,68034,68035,68036,68037,68038,68039,68040,68041,68042,68043,68044,68045,68046,68049,68050,68051,68052,68054,68055,68056,68057,68058,68059,68060,68061,68062,68063,68064,68065,68066,68067,68068,68069,68071,68072,68073,68074,68075,68076,68077,68078,68079,68080,68081,68082,68083,68084,68085,68086,68087,68088,68089,68090,68091,68092,68093,68094,68095,68096,68097,68098,68099,68100,68101,68102,68103,68104,68105,68106,68107,68109,68110,68111,68112,68113,68114,68115,68116,68117,68118,68119,68120,68121,68122,68123,68124,68125,68126,68127,68128,68129,68130,68131,68132,68134,68135,68136,68137,68138,68139,68140,68141,68142,68143,68144,68145,68146,68147,68148,68149,68150,68151,68152,68153,68154,68155,68156,68157,68158,68159,68160,68161,68162,68163,68165,68166,68167,68168,68169,68170,68171,68172,68173,68174,68175,68176,68177,68178,68179,68180,68181,68182,68183,68184,68185,68186,68187,68188,68189,68190,68191,68192,68193,68194,68195,68196,68197,68198,68199,68200,68201,68202,68203,68204,68205,68207,68208,68209,68210,68211,68212,68213,68214,68215,68216,68217,68218,68219,68221,68222,68223,68224,68225,68226,68227,68228,68229,68230,68231,68232,68234,68235,68237,68238,68239,68240,68241,68242,68243,68244,68245,68246,68247,68248,68249,68250,68251,68252,68253,68254,68255,68256,68257,68258,68259,68260,68261,68262,68263,68264,68265,68266,68267,68268,68269,68270,68271,68273,68274,68275,68276,68277,68278,68279,68280,68281,68282,68283,68284,68285,68286,68287,68288,68289,68290,68291,68292,68293,68294,68295,68296,68297,68298,68299,68300,68301,68302,68303,68304,68305,68306,68307,68308,68309,68311,68312,68313,68315,68316,68317,68318,68320,68321,68322,68323,68324,68325,68326,68327,68328,68329,68330,68331,68332,68333,68334,68335,68336,68337,68338,68340,68341,68342,68343,68344,68345,68347,68348,68349,68350,68351,68352,68353,68354,68355,68356,68357,68358,68359,68360,68361,68362,68363,68364,68365,68366,68367,68368,68370,68371,68372,68373,68374,68375,68376,68377,68378,68379,68380,68381,68382,68383,68384,68385,68386}",SDED,2026-03-24 14:41:32.274366+01,gold_establishments_2025,,,,13002850900011,2025,Services de l'Etat,Département,['Haut-Rhin'],['Grand Est'],DDETSPP,{68},{44}
0341ec99-7fa0-4e84-8b72-e9c6f1f02ad0,130028715,DDETSPP Haute-Corse,false,"{2B002,2B003,2B005,2B007,2B009,2B010,2B012,2B013,2B015,2B016,2B020,2B023,2B025,2B029,2B030,2B033,2B034,2B036,2B037,2B039,2B042,2B043,2B045,2B046,2B047,2B049,2B050,2B051,2B052,2B053,2B054,2B055,2B057,2B058,2B059,2B063,2B067,2B068,2B069,2B072,2B073,2B074,2B075,2B077,2B078,2B079,2B080,2B081,2B082,2B083,2B084,2B086,2B087,2B088,2B093,2B095,2B096,2B097,2B101,2B102,2B105,2B106,2B107,2B109,2B110,2B111,2B112,2B113,2B116,2B120,2B121,2B122,2B123,2B124,2B125,2B126,2B134,2B135,2B136,2B137,2B138,2B140,2B143,2B145,2B147,2B148,2B149,2B150,2B152,2B153,2B155,2B156,2B157,2B159,2B161,2B162,2B164,2B165,2B166,2B167,2B168,2B169,2B170,2B171,2B172,2B173,2B175,2B176,2B177,2B178,2B179,2B180,2B182,2B183,2B184,2B185,2B187,2B188,2B190,2B192,2B193,2B194,2B195,2B199,2B201,2B202,2B205,2B206,2B207,2B208,2B210,2B213,2B214,2B216,2B217,2B218,2B219,2B220,2B221,2B222,2B223,2B224,2B225,2B226,2B227,2B229,2B230,2B231,2B233,2B234,2B235,2B236,2B238,2B239,2B241,2B242,2B243,2B244,2B245,2B246,2B248,2B250,2B251,2B252,2B255,2B256,2B257,2B260,2B261,2B263,2B264,2B265,2B267,2B273,2B274,2B275,2B277,2B280,2B281,2B283,2B286,2B287,2B289,2B290,2B291,2B292,2B293,2B296,2B297,2B298,2B299,2B301,2B302,2B303,2B304,2B305,2B306,2B307,2B309,2B311,2B313,2B314,2B315,2B316,2B317,2B318,2B319,2B320,2B321,2B327,2B328,2B329,2B332,2B333,2B334,2B335,2B337,2B338,2B339,2B340,2B341,2B342,2B343,2B344,2B346,2B347,2B350,2B352,2B353,2B354,2B355,2B356,2B361,2B364,2B365,2B366}",SDED,2026-03-24 14:41:32.274366+01,gold_establishments_2025,,,,13002871500014,2025,Services de l'Etat,Département,['Haute-Corse'],['Corse'],DDETSPP,{2B},{94}
c1719abc-6786-447b-9b6a-3acc5b7acbd4,130028624,DDETSPP Haute-Loire,false,"{43001,43002,43003,43004,43005,43006,43007,43008,43009,43010,43011,43012,43013,43014,43015,43016,43017,43018,43019,43020,43021,43022,43023,43024,43025,43026,43027,43028,43029,43030,43031,43032,43033,43034,43035,43036,43037,43038,43039,43040,43041,43042,43043,43044,43045,43046,43047,43048,43049,43050,43051,43052,43053,43054,43055,43056,43057,43058,43059,43060,43061,43062,43063,43064,43065,43066,43067,43068,43069,43070,43071,43072,43073,43074,43075,43076,43077,43078,43079,43080,43082,43083,43084,43085,43086,43087,43088,43089,43090,43091,43092,43093,43094,43095,43096,43097,43098,43099,43100,43101,43102,43103,43104,43105,43106,43107,43108,43109,43110,43111,43112,43113,43114,43115,43116,43117,43118,43119,43120,43121,43122,43123,43124,43125,43126,43127,43128,43129,43130,43131,43132,43133,43134,43135,43136,43137,43138,43139,43140,43141,43142,43143,43144,43145,43147,43148,43149,43150,43151,43152,43153,43154,43155,43156,43157,43158,43159,43160,43162,43163,43164,43165,43166,43167,43168,43169,43170,43171,43172,43173,43174,43175,43177,43178,43180,43181,43182,43183,43184,43185,43186,43187,43188,43189,43190,43191,43192,43193,43194,43195,43196,43197,43198,43199,43200,43201,43202,43203,43204,43205,43206,43207,43208,43210,43211,43212,43213,43214,43215,43216,43217,43218,43219,43220,43221,43222,43223,43224,43225,43226,43227,43228,43229,43230,43231,43232,43233,43234,43236,43237,43238,43239,43240,43241,43242,43244,43245,43246,43247,43249,43250,43251,43252,43253,43254,43256,43257,43258,43259,43260,43261,43262,43263,43264,43265,43267,43268}",SDED,2026-03-24 14:41:32.274366+01,gold_establishments_2025,,,,13002862400018,2025,Services de l'Etat,Département,['Haute-Loire'],['Auvergne-Rhône-Alpes'],DDETSPP,{43},{84}
325947de-7cf2-4808-b334-5c3d39c12586,130028483,DDETSPP Haute-Marne,false,"{52001,52002,52003,52004,52005,52006,52007,52008,52009,52011,52012,52013,52014,52015,52016,52017,52019,52021,52022,52023,52025,52027,52028,52029,52030,52031,52033,52034,52035,52037,52038,52039,52040,52042,52043,52044,52045,52047,52050,52051,52053,52055,52056,52057,52058,52059,52060,52061,52062,52063,52064,52065,52066,52067,52069,52070,52072,52074,52075,52076,52079,52082,52083,52084,52085,52087,52088,52089,52090,52091,52092,52093,52094,52095,52097,52099,52101,52102,52103,52104,52105,52106,52107,52108,52109,52110,52113,52114,52115,52116,52118,52119,52120,52121,52122,52123,52124,52125,52126,52127,52128,52129,52130,52131,52132,52133,52134,52135,52136,52137,52138,52140,52141,52142,52145,52146,52147,52149,52151,52155,52156,52157,52158,52159,52160,52161,52162,52163,52164,52165,52167,52168,52169,52170,52171,52172,52173,52174,52175,52177,52178,52179,52181,52182,52183,52184,52185,52187,52189,52190,52193,52194,52195,52196,52197,52198,52199,52200,52201,52203,52204,52205,52206,52207,52208,52211,52212,52213,52214,52216,52217,52218,52219,52220,52221,52222,52223,52227,52228,52229,52230,52231,52232,52233,52234,52235,52237,52240,52242,52243,52244,52245,52246,52247,52248,52249,52250,52251,52253,52254,52256,52257,52258,52260,52264,52265,52266,52267,52269,52271,52272,52273,52274,52275,52276,52277,52278,52280,52282,52284,52285,52286,52287,52288,52289,52290,52291,52292,52294,52295,52297,52298,52300,52301,52302,52303,52304,52305,52306,52307,52308,52310,52311,52312,52313,52315,52316,52318,52319,52320,52321,52322,52325,52326,52327,52328,52330,52331,52332,52335,52336,52337,52341,52342,52344,52346,52347,52348,52349,52350,52352,52353,52354,52355,52356,52357,52358,52359,52360,52362,52363,52364,52365,52366,52367,52369,52370,52371,52372,52373,52374,52375,52376,52377,52378,52380,52383,52384,52385,52386,52388,52390,52391,52392,52393,52394,52395,52396,52397,52398,52399,52400,52401,52403,52405,52406,52407,52411,52413,52414,52415,52416,52419,52420,52421,52422,52423,52424,52425,52426,52428,52429,52431,52432,52433,52436,52437,52438,52439,52440,52442,52443,52444,52445,52446,52447,52448,52449,52450,52452,52453,52455,52456,52457,52459,52461,52463,52464,52465,52467,52468,52469,52470,52472,52473,52474,52475,52476,52479,52480,52482,52483,52484,52486,52487,52488,52489,52490,52491,52492,52493,52494,52495,52497,52499,52500,52502,52503,52504,52505,52506,52507,52510,52511,52512,52513,52514,52515,52516,52517,52518,52519,52520,52522,52523,52524,52525,52526,52528,52529,52534,52535,52536,52538,52539,52540,52541,52542,52543,52544,52545,52546,52547,52548,52549,52550}",SDED,2026-03-24 14:41:32.274366+01,gold_establishments_2025,,,,13002848300019,2025,Services de l'Etat,Département,['Haute-Marne'],['Grand Est'],DDETSPP,{52},{44}
943a8228-c7d6-4735-b4a4-5c5d9a731e40,130028731,DDETSPP Haute-Saône,false,"{70001,70002,70003,70004,70005,70006,70007,70008,70009,70010,70011,70012,70013,70014,70015,70016,70017,70018,70019,70020,70021,70022,70023,70024,70025,70026,70027,70028,70029,70030,70031,70032,70035,70036,70037,70038,70039,70040,70041,70042,70043,70044,70045,70046,70047,70048,70049,70050,70051,70052,70053,70054,70055,70056,70057,70058,70059,70060,70061,70062,70063,70064,70065,70066,70067,70069,70070,70071,70072,70074,70075,70076,70077,70078,70079,70080,70081,70082,70083,70084,70085,70086,70087,70088,70089,70090,70091,70092,70093,70094,70095,70096,70097,70098,70099,70100,70101,70102,70103,70104,70105,70106,70107,70109,70111,70112,70113,70114,70115,70116,70117,70118,70119,70120,70121,70122,70124,70125,70126,70127,70128,70129,70130,70132,70133,70134,70135,70136,70137,70138,70140,70141,70142,70143,70144,70145,70146,70147,70148,70149,70150,70151,70152,70153,70154,70155,70156,70157,70158,70159,70160,70162,70163,70164,70165,70166,70167,70168,70169,70170,70171,70172,70174,70175,70176,70177,70178,70179,70180,70181,70182,70183,70184,70185,70186,70187,70188,70189,70190,70192,70193,70194,70195,70196,70197,70198,70199,70200,70201,70202,70203,70204,70205,70206,70207,70208,70210,70211,70213,70214,70215,70216,70217,70218,70219,70220,70221,70222,70224,70225,70226,70227,70228,70229,70230,70231,70232,70233,70234,70235,70236,70237,70238,70239,70240,70242,70243,70244,70245,70247,70248,70249,70250,70251,70252,70253,70254,70255,70256,70257,70258,70259,70260,70261,70262,70263,70265,70267,70268,70269,70271,70272,70273,70274,70275,70276,70277,70278,70279,70280,70282,70283,70284,70285,70286,70287,70288,70289,70290,70291,70292,70293,70294,70295,70296,70297,70298,70299,70301,70302,70303,70304,70305,70306,70307,70308,70309,70310,70311,70312,70313,70314,70315,70316,70317,70318,70319,70320,70321,70322,70323,70324,70325,70326,70327,70328,70329,70330,70331,70332,70334,70335,70336,70337,70338,70339,70340,70341,70342,70343,70344,70347,70348,70349,70350,70351,70352,70353,70355,70356,70357,70358,70359,70360,70361,70362,70363,70364,70366,70367,70368,70369,70371,70372,70373,70374,70376,70378,70380,70381,70383,70384,70385,70386,70387,70388,70389,70390,70392,70393,70394,70395,70396,70397,70398,70399,70400,70401,70402,70403,70404,70405,70406,70407,70408,70409,70410,70411,70412,70413,70414,70415,70416,70417,70418,70419,70420,70421,70422,70423,70425,70426,70427,70428,70429,70430,70431,70432,70433,70435,70436,70437,70438,70439,70440,70441,70442,70443,70444,70445,70446,70447,70448,70449,70450,70451,70452,70453,70454,70455,70456,70457,70459,70460,70461,70462,70463,70464,70466,70467,70468,70469,70470,70471,70472,70473,70474,70476,70477,70478,70479,70480,70481,70482,70483,70484,70485,70486,70487,70488,70489,70490,70491,70492,70493,70494,70496,70498,70499,70500,70501,70502,70503,70504,70505,70506,70507,70509,70510,70511,70512,70513,70514,70515,70516,70517,70518,70519,70520,70521,70522,70523,70524,70525,70526,70527,70528,70529,70531,70532,70533,70534,70535,70536,70537,70538,70539,70540,70541,70542,70544,70545,70546,70547,70548,70549,70550,70552,70553,70554,70555,70558,70559,70560,70561,70562,70563,70564,70565,70566,70567,70568,70569,70571,70572,70573,70574,70575,70576,70577,70578,70579,70580,70581,70582,70583}",SDED,2026-03-24 14:41:32.274366+01,gold_establishments_2025,,,,13002873100011,2025,Services de l'Etat,Département,['Haute-Saône'],['Bourgogne-Franche-Comté'],DDETSPP,{70},{27}
c2b4a991-4b5a-4d74-89b7-1d766d0a9ab3,130028186,DDETSPP Haute-Vienne,false,"{87001,87002,87003,87004,87005,87006,87007,87008,87009,87011,87012,87013,87014,87015,87016,87017,87018,87019,87020,87021,87022,87023,87024,87025,87027,87028,87029,87030,87031,87032,87033,87034,87035,87036,87037,87038,87039,87040,87041,87042,87043,87044,87045,87046,87047,87048,87049,87050,87051,87052,87053,87054,87056,87057,87058,87059,87060,87061,87062,87063,87064,87065,87066,87067,87068,87069,87070,87071,87072,87073,87074,87075,87076,87077,87078,87079,87080,87081,87082,87083,87084,87085,87086,87087,87088,87089,87090,87091,87092,87093,87094,87095,87096,87097,87099,87100,87101,87103,87104,87105,87106,87107,87108,87109,87110,87111,87112,87113,87114,87115,87116,87117,87118,87119,87120,87121,87122,87123,87124,87125,87126,87127,87128,87129,87130,87131,87132,87133,87134,87135,87137,87138,87139,87140,87141,87142,87143,87144,87145,87146,87147,87148,87149,87150,87151,87152,87153,87154,87155,87156,87157,87158,87159,87160,87161,87162,87163,87164,87165,87166,87167,87168,87169,87170,87172,87174,87176,87177,87178,87179,87180,87181,87182,87183,87185,87186,87187,87188,87189,87190,87191,87192,87193,87194,87195,87197,87198,87199,87200,87201,87202,87203,87204,87205,87206}",SDED,2026-03-24 14:41:32.274366+01,gold_establishments_2025,,,,13002818600018,2025,Services de l'Etat,Département,['Haute-Vienne'],['Nouvelle-Aquitaine'],DDETSPP,{87},{75}
53a86713-6ccd-46cd-aaf4-157c125cd517,130029010,DDETSPP Hautes-Alpes,false,"{05001,05003,05004,05006,05007,05008,05009,05010,05011,05012,05013,05014,05016,05017,05018,05019,05021,05022,05023,05024,05025,05026,05027,05028,05029,05031,05032,05033,05035,05036,05037,05038,05039,05040,05044,05045,05046,05047,05048,05049,05050,05051,05052,05053,05054,05055,05056,05057,05058,05059,05060,05061,05062,05063,05064,05065,05066,05068,05070,05071,05072,05073,05074,05075,05076,05077,05078,05079,05080,05081,05082,05084,05085,05086,05087,05089,05090,05091,05092,05093,05094,05095,05096,05097,05098,05099,05100,05101,05102,05103,05104,05106,05107,05108,05109,05110,05111,05112,05113,05114,05115,05116,05117,05118,05119,05121,05122,05123,05124,05126,05127,05128,05129,05130,05131,05132,05133,05134,05135,05136,05139,05140,05142,05144,05145,05146,05147,05148,05149,05151,05152,05153,05154,05155,05156,05157,05158,05159,05160,05161,05162,05163,05164,05165,05166,05167,05168,05169,05170,05171,05172,05173,05174,05176,05177,05178,05179,05180,05181,05182,05183,05184}",SDED,2026-03-24 14:41:32.274366+01,gold_establishments_2025,,,,13002901000019,2025,Services de l'Etat,Département,['Hautes-Alpes'],['Provence-Alpes-Côte dAzur'],DDETSPP,{05},{93}
91fe1abd-e137-41b3-9aef-c3b283b8dcef,130028400,DDETSPP Hautes-Pyrénées,false,"{65001,65002,65003,65004,65005,65006,65007,65009,65010,65011,65012,65013,65014,65015,65016,65017,65018,65019,65020,65021,65022,65023,65024,65025,65026,65028,65029,65031,65032,65033,65034,65035,65036,65037,65038,65039,65040,65041,65042,65043,65044,65045,65046,65047,65048,65049,65050,65051,65052,65053,65054,65055,65056,65057,65058,65059,65060,65061,65062,65063,65064,65065,65066,65067,65068,65069,65070,65071,65072,65073,65074,65075,65076,65077,65078,65079,65080,65081,65082,65083,65084,65085,65086,65087,65088,65089,65090,65091,65092,65093,65094,65095,65096,65097,65098,65099,65100,65101,65102,65103,65104,65105,65106,65107,65108,65109,65110,65111,65112,65113,65114,65115,65116,65117,65118,65119,65120,65121,65123,65124,65125,65126,65127,65128,65129,65130,65131,65132,65133,65134,65135,65136,65137,65138,65139,65140,65141,65142,65143,65144,65145,65146,65147,65148,65149,65150,65151,65153,65154,65155,65156,65157,65158,65159,65160,65161,65162,65163,65164,65165,65166,65167,65168,65169,65170,65171,65172,65173,65174,65175,65176,65177,65178,65179,65180,65181,65182,65183,65184,65185,65186,65187,65189,65190,65191,65192,65193,65194,65195,65196,65197,65198,65199,65200,65201,65202,65203,65204,65205,65206,65207,65208,65209,65210,65211,65212,65213,65214,65215,65216,65217,65218,65219,65220,65221,65222,65223,65224,65225,65226,65228,65229,65230,65231,65232,65233,65234,65235,65236,65237,65238,65239,65240,65241,65242,65243,65244,65245,65247,65248,65249,65250,65251,65252,65253,65254,65255,65256,65257,65258,65259,65260,65261,65262,65263,65264,65265,65266,65267,65268,65269,65270,65271,65272,65273,65274,65275,65276,65277,65278,65279,65280,65281,65282,65283,65284,65285,65286,65287,65288,65289,65290,65291,65292,65293,65294,65295,65296,65297,65298,65299,65300,65301,65303,65304,65305,65306,65307,65308,65309,65310,65311,65313,65314,65315,65316,65317,65318,65319,65320,65321,65322,65323,65324,65325,65326,65327,65328,65329,65330,65331,65332,65333,65334,65335,65336,65337,65338,65339,65340,65341,65342,65343,65344,65345,65346,65347,65348,65349,65350,65351,65352,65353,65354,65355,65356,65357,65358,65359,65360,65361,65362,65363,65364,65366,65367,65368,65369,65370,65371,65372,65373,65374,65375,65376,65377,65378,65379,65380,65381,65382,65383,65384,65385,65386,65387,65388,65389,65390,65391,65392,65393,65394,65395,65396,65397,65398,65399,65400,65401,65402,65403,65404,65405,65406,65407,65408,65409,65410,65411,65412,65413,65414,65415,65416,65417,65418,65419,65420,65421,65422,65423,65424,65425,65426,65427,65428,65429,65430,65431,65432,65433,65435,65436,65437,65438,65439,65440,65441,65442,65443,65444,65445,65446,65447,65448,65449,65450,65451,65452,65453,65454,65455,65456,65457,65458,65459,65460,65461,65462,65463,65464,65465,65466,65467,65468,65469,65470,65471,65472,65473,65474,65475,65476,65477,65478,65479,65481,65482}",SDED,2026-03-24 14:41:32.274366+01,gold_establishments_2025,,,,13002840000013,2025,Services de l'Etat,Département,['Hautes-Pyrénées'],['Occitanie'],DDETSPP,{65},{76}
48994a11-8362-4096-b852-d28cb4f547b8,130028475,DDETSPP Indre,false,"{36001,36002,36003,36004,36005,36006,36007,36008,36009,36010,36011,36012,36013,36014,36015,36016,36017,36018,36019,36020,36021,36022,36023,36024,36025,36026,36027,36028,36029,36030,36031,36032,36033,36034,36035,36036,36037,36038,36040,36041,36042,36043,36044,36045,36046,36047,36048,36049,36050,36051,36052,36053,36054,36055,36056,36057,36058,36059,36060,36061,36062,36063,36064,36065,36066,36067,36068,36069,36070,36071,36073,36074,36075,36076,36077,36078,36079,36080,36081,36082,36083,36084,36085,36086,36087,36088,36089,36090,36091,36092,36093,36094,36095,36096,36097,36098,36099,36100,36101,36102,36103,36104,36105,36106,36107,36108,36109,36110,36111,36112,36113,36114,36115,36116,36117,36118,36119,36120,36121,36122,36123,36124,36125,36126,36127,36128,36129,36130,36131,36132,36133,36134,36135,36136,36137,36138,36139,36140,36141,36142,36143,36144,36145,36146,36147,36148,36149,36150,36152,36153,36154,36155,36156,36157,36158,36159,36160,36161,36162,36163,36164,36165,36166,36167,36168,36169,36170,36171,36172,36173,36174,36175,36176,36177,36178,36179,36180,36181,36182,36184,36185,36186,36187,36188,36189,36190,36191,36192,36193,36194,36195,36196,36197,36198,36199,36200,36202,36203,36204,36205,36207,36208,36209,36210,36211,36212,36213,36214,36215,36216,36217,36218,36219,36220,36221,36222,36223,36224,36225,36226,36227,36228,36229,36230,36231,36232,36233,36234,36235,36236,36237,36238,36239,36240,36241,36242,36243,36244,36246,36247,36248}",SDED,2026-03-24 14:41:32.274366+01,gold_establishments_2025,,,,13002847500015,2025,Services de l'Etat,Département,['Indre'],['Centre-Val de Loire'],DDETSPP,{36},{24}
fbb3bf24-8995-43b5-9ffe-838b1c522fd7,130028582,DDETSPP Jura,false,"{39001,39002,39003,39004,39006,39007,39008,39009,39010,39011,39013,39014,39015,39016,39017,39018,39019,39020,39021,39022,39024,39025,39026,39027,39028,39029,39030,39031,39032,39034,39035,39037,39038,39039,39040,39041,39042,39043,39045,39046,39047,39048,39049,39050,39051,39052,39053,39054,39055,39056,39057,39058,39059,39060,39061,39062,39063,39065,39066,39068,39070,39072,39073,39074,39076,39077,39078,39079,39080,39081,39083,39084,39085,39086,39088,39090,39091,39092,39093,39094,39095,39096,39097,39099,39100,39101,39102,39103,39104,39105,39106,39107,39108,39109,39110,39111,39112,39114,39116,39117,39118,39119,39120,39121,39122,39124,39126,39127,39128,39129,39130,39131,39132,39133,39134,39136,39137,39138,39139,39140,39141,39142,39143,39145,39146,39147,39149,39150,39151,39153,39154,39155,39156,39157,39159,39160,39162,39163,39164,39165,39166,39167,39168,39169,39170,39171,39172,39173,39174,39175,39176,39177,39178,39179,39180,39182,39183,39184,39185,39187,39188,39189,39190,39191,39192,39193,39194,39196,39197,39198,39199,39200,39201,39202,39203,39204,39205,39206,39207,39208,39209,39210,39211,39214,39216,39217,39218,39219,39220,39221,39222,39223,39225,39227,39228,39229,39230,39232,39233,39234,39235,39236,39237,39238,39239,39240,39241,39244,39245,39246,39247,39248,39249,39250,39251,39252,39253,39254,39255,39258,39259,39261,39262,39263,39265,39266,39267,39268,39269,39270,39271,39272,39273,39274,39275,39277,39278,39279,39280,39281,39282,39283,39284,39285,39286,39288,39289,39290,39291,39292,39293,39295,39296,39297,39298,39299,39300,39301,39302,39304,39305,39306,39307,39308,39310,39312,39313,39314,39315,39317,39318,39319,39320,39321,39322,39323,39324,39325,39326,39327,39328,39329,39330,39331,39333,39334,39335,39336,39337,39338,39339,39342,39343,39344,39345,39346,39348,39349,39350,39351,39352,39353,39354,39355,39356,39359,39360,39361,39362,39363,39364,39365,39366,39367,39368,39370,39372,39373,39375,39376,39377,39378,39379,39380,39381,39385,39386,39387,39388,39389,39390,39391,39392,39393,39394,39396,39397,39398,39399,39400,39401,39402,39403,39404,39405,39406,39407,39408,39409,39411,39412,39413,39415,39418,39419,39420,39421,39422,39423,39424,39425,39426,39427,39428,39429,39430,39431,39432,39434,39435,39436,39437,39439,39441,39443,39444,39445,39446,39447,39448,39449,39451,39452,39453,39454,39455,39456,39457,39458,39460,39461,39462,39463,39464,39465,39466,39467,39468,39469,39470,39471,39472,39473,39475,39476,39477,39478,39479,39480,39481,39485,39486,39487,39489,39490,39491,39492,39493,39494,39495,39497,39498,39499,39500,39501,39502,39503,39504,39505,39507,39508,39510,39511,39512,39513,39514,39517,39518,39519,39520,39522,39523,39525,39526,39527,39528,39529,39530,39531,39532,39533,39534,39535,39537,39538,39539,39540,39543,39545,39546,39547,39550,39551,39552,39553,39554,39555,39556,39557,39558,39559,39560,39561,39565,39567,39568,39569,39570,39571,39572,39573,39574,39575,39576,39577,39579,39581,39582,39583,39584,39585,39586}",SDED,2026-03-24 14:41:32.274366+01,gold_establishments_2025,,,,13002858200018,2025,Services de l'Etat,Département,['Jura'],['Bourgogne-Franche-Comté'],DDETSPP,{39},{27}
3f274566-3577-4638-857d-ca01732cc2d1,130028590,DDETSPP Landes,false,"{40001,40002,40003,40004,40005,40006,40007,40008,40011,40012,40013,40014,40015,40016,40017,40018,40019,40020,40021,40022,40023,40024,40025,40026,40027,40028,40029,40030,40031,40032,40033,40034,40035,40036,40037,40038,40039,40040,40041,40042,40043,40044,40046,40047,40049,40050,40051,40052,40053,40054,40055,40056,40057,40058,40059,40060,40061,40062,40063,40064,40065,40066,40067,40068,40069,40070,40071,40072,40073,40074,40075,40076,40077,40078,40079,40080,40081,40082,40083,40084,40085,40086,40087,40088,40089,40090,40091,40092,40093,40094,40095,40096,40097,40098,40099,40100,40101,40102,40103,40104,40105,40106,40108,40109,40110,40111,40112,40113,40114,40115,40116,40117,40118,40119,40120,40121,40122,40123,40124,40125,40126,40127,40128,40129,40130,40131,40132,40133,40134,40135,40136,40137,40138,40139,40140,40141,40142,40143,40144,40145,40146,40147,40148,40149,40150,40151,40152,40153,40154,40155,40156,40157,40158,40159,40160,40161,40162,40163,40164,40165,40166,40167,40168,40169,40170,40171,40172,40173,40174,40175,40176,40177,40178,40179,40180,40181,40182,40183,40184,40185,40186,40187,40188,40189,40190,40191,40192,40193,40194,40195,40196,40197,40198,40199,40200,40201,40202,40203,40204,40205,40206,40207,40208,40209,40210,40211,40212,40213,40214,40215,40216,40217,40218,40219,40220,40221,40222,40223,40224,40225,40226,40227,40228,40229,40230,40231,40232,40233,40234,40235,40236,40237,40238,40239,40240,40242,40243,40244,40245,40246,40247,40248,40249,40250,40251,40252,40253,40254,40255,40256,40257,40258,40259,40260,40261,40262,40263,40264,40265,40266,40267,40268,40269,40270,40271,40272,40273,40274,40275,40276,40277,40278,40279,40280,40281,40282,40283,40284,40285,40286,40287,40288,40289,40290,40291,40292,40293,40294,40295,40296,40297,40298,40299,40300,40301,40303,40304,40305,40306,40307,40308,40309,40310,40311,40312,40313,40314,40315,40316,40317,40318,40319,40320,40321,40322,40323,40324,40325,40326,40327,40328,40329,40330,40331,40332,40333,40334}",SDED,2026-03-24 14:41:32.274366+01,gold_establishments_2025,,,,13002859000011,2025,Services de l'Etat,Département,['Landes'],['Nouvelle-Aquitaine'],DDETSPP,{40},{75}
7679b341-1fae-4131-a854-1f843822ba5c,130028608,DDETSPP Loir-et-Cher,false,"{41001,41002,41003,41004,41006,41007,41008,41009,41010,41012,41013,41014,41016,41017,41018,41019,41020,41022,41024,41025,41026,41027,41028,41029,41030,41031,41032,41034,41035,41036,41037,41038,41039,41040,41041,41042,41043,41044,41045,41046,41047,41048,41049,41050,41051,41052,41053,41054,41055,41057,41058,41059,41060,41061,41062,41063,41065,41066,41067,41068,41069,41070,41071,41072,41073,41074,41075,41077,41078,41079,41080,41081,41083,41084,41085,41086,41087,41088,41089,41090,41091,41093,41094,41095,41096,41097,41098,41099,41100,41101,41102,41103,41104,41105,41106,41107,41108,41109,41110,41112,41113,41114,41115,41116,41118,41119,41120,41121,41122,41123,41124,41125,41126,41127,41128,41129,41130,41131,41132,41134,41135,41136,41137,41138,41139,41140,41141,41142,41143,41144,41145,41146,41147,41148,41149,41150,41151,41152,41153,41154,41155,41156,41157,41158,41159,41160,41161,41163,41164,41166,41167,41168,41171,41172,41173,41174,41175,41176,41177,41178,41179,41180,41181,41182,41184,41185,41186,41187,41188,41189,41190,41191,41192,41193,41194,41195,41196,41198,41199,41200,41201,41203,41204,41205,41206,41207,41208,41209,41211,41212,41213,41214,41215,41216,41217,41218,41219,41220,41221,41222,41223,41224,41225,41226,41228,41229,41230,41231,41232,41233,41234,41235,41236,41237,41238,41239,41241,41242,41243,41245,41246,41247,41248,41249,41250,41251,41252,41253,41254,41255,41256,41258,41259,41260,41261,41262,41265,41266,41267,41268,41269,41271,41273,41274,41275,41276,41277,41278,41279,41280,41281,41282,41283,41284,41285,41286,41287,41288,41289,41290,41291,41292,41293,41294,41295,41296,41297}",SDED,2026-03-24 14:41:32.274366+01,gold_establishments_2025,,,,13002860800029,2025,Services de l'Etat,Département,['Loir-et-Cher'],['Centre-Val de Loire'],DDETSPP,{41},{24}
97d7e00f-6a0e-498c-bd3a-2a8244bb6a23,130028335,DDETSPP Lot,false,"{46001,46002,46003,46004,46005,46006,46007,46008,46009,46010,46011,46012,46013,46015,46016,46017,46018,46020,46021,46022,46023,46024,46026,46027,46028,46029,46030,46031,46032,46033,46034,46035,46036,46037,46038,46039,46040,46041,46042,46043,46044,46045,46046,46047,46049,46050,46051,46052,46053,46054,46055,46056,46057,46058,46059,46060,46061,46062,46063,46064,46065,46066,46068,46069,46070,46072,46073,46074,46075,46076,46078,46079,46080,46081,46082,46083,46084,46085,46086,46087,46088,46089,46090,46091,46092,46093,46094,46095,46096,46097,46098,46100,46101,46102,46103,46104,46105,46106,46107,46108,46109,46111,46112,46113,46114,46115,46116,46117,46118,46119,46120,46121,46122,46123,46124,46125,46126,46127,46128,46129,46130,46131,46132,46133,46134,46135,46136,46137,46138,46139,46140,46142,46143,46144,46145,46146,46147,46148,46149,46151,46152,46153,46154,46155,46156,46157,46159,46160,46161,46162,46163,46164,46165,46167,46168,46169,46170,46171,46172,46173,46174,46175,46176,46177,46178,46179,46180,46181,46182,46183,46184,46185,46186,46187,46188,46189,46190,46191,46192,46193,46194,46195,46196,46197,46198,46199,46200,46201,46202,46203,46204,46205,46206,46207,46208,46209,46210,46211,46212,46213,46214,46215,46216,46218,46219,46220,46221,46222,46223,46224,46225,46226,46227,46228,46229,46230,46231,46232,46233,46234,46235,46236,46237,46238,46239,46240,46241,46242,46243,46244,46245,46246,46247,46249,46250,46251,46252,46253,46254,46255,46256,46257,46258,46259,46260,46262,46263,46264,46265,46266,46267,46268,46269,46270,46271,46272,46273,46276,46277,46279,46280,46281,46282,46283,46284,46286,46288,46289,46290,46292,46293,46294,46295,46296,46297,46299,46301,46302,46303,46304,46305,46306,46307,46308,46309,46310,46311,46312,46313,46314,46315,46316,46317,46318,46319,46320,46321,46322,46323,46324,46328,46329,46330,46332,46333,46334,46335,46336,46337,46338,46339,46340}",SDED,2026-03-24 14:41:32.274366+01,gold_establishments_2025,,,,13002833500011,2025,Services de l'Etat,Département,['Lot'],['Occitanie'],DDETSPP,{46},{76}
a518d25e-9a57-4eb0-a2e3-949ac0378947,130028368,DDETSPP Lot-et-Garonne,false,"{47001,47002,47003,47004,47005,47006,47007,47008,47009,47010,47011,47012,47013,47014,47015,47016,47017,47018,47019,47020,47021,47022,47023,47024,47025,47026,47027,47028,47029,47030,47031,47032,47033,47034,47035,47036,47037,47038,47039,47040,47041,47042,47043,47044,47045,47046,47047,47048,47049,47050,47051,47052,47053,47054,47055,47056,47057,47058,47059,47060,47061,47062,47063,47064,47065,47066,47067,47068,47069,47070,47071,47072,47073,47074,47075,47076,47077,47078,47079,47080,47081,47082,47083,47084,47085,47086,47087,47088,47089,47090,47091,47092,47093,47094,47095,47096,47097,47098,47099,47100,47101,47102,47103,47104,47105,47106,47107,47108,47109,47110,47111,47112,47113,47114,47115,47117,47118,47119,47120,47121,47122,47123,47124,47125,47126,47127,47128,47129,47130,47131,47132,47133,47134,47135,47136,47137,47138,47139,47140,47141,47142,47143,47144,47145,47146,47147,47148,47150,47151,47152,47154,47155,47156,47157,47158,47159,47160,47161,47162,47163,47164,47165,47167,47168,47169,47170,47171,47172,47173,47174,47175,47176,47177,47178,47179,47180,47181,47182,47183,47184,47185,47186,47187,47188,47189,47190,47191,47192,47193,47194,47195,47196,47197,47198,47199,47200,47201,47202,47203,47204,47205,47206,47207,47208,47209,47210,47211,47212,47213,47214,47215,47216,47217,47218,47219,47220,47221,47222,47223,47224,47225,47226,47227,47228,47229,47230,47231,47232,47233,47234,47235,47236,47237,47238,47239,47240,47241,47242,47244,47245,47246,47247,47248,47249,47250,47251,47252,47253,47254,47255,47256,47257,47258,47259,47260,47262,47263,47264,47265,47266,47267,47269,47271,47272,47273,47274,47275,47276,47277,47278,47279,47280,47281,47282,47283,47284,47285,47286,47287,47288,47289,47290,47291,47292,47293,47294,47295,47296,47297,47298,47299,47300,47301,47302,47303,47304,47305,47306,47307,47308,47309,47310,47311,47312,47313,47314,47315,47316,47317,47318,47319,47320,47321,47323,47324,47325,47326,47327,47328}",SDED,2026-03-24 14:41:32.274366+01,gold_establishments_2025,,,,13002836800012,2025,Services de l'Etat,Département,['Lot-et-Garonne'],['Nouvelle-Aquitaine'],DDETSPP,{47},{75}
c75e7d43-21cf-458f-9624-c2829ed139bf,130028384,DDETSPP Lozère,false,"{48001,48002,48003,48004,48005,48007,48008,48009,48010,48012,48013,48015,48016,48017,48018,48019,48020,48021,48025,48026,48027,48028,48029,48030,48031,48032,48034,48036,48037,48038,48039,48041,48042,48043,48044,48045,48046,48048,48050,48051,48053,48054,48055,48056,48058,48059,48061,48063,48064,48065,48067,48068,48069,48070,48071,48072,48073,48074,48075,48077,48079,48080,48081,48082,48083,48085,48086,48087,48088,48089,48090,48091,48092,48094,48095,48096,48097,48098,48099,48100,48103,48104,48105,48106,48107,48108,48110,48111,48112,48115,48116,48117,48119,48121,48123,48124,48126,48127,48128,48129,48130,48131,48132,48135,48136,48137,48138,48139,48140,48141,48144,48145,48146,48147,48148,48149,48150,48151,48152,48153,48155,48156,48157,48158,48160,48161,48163,48165,48166,48167,48168,48169,48170,48171,48173,48174,48175,48176,48177,48178,48179,48181,48182,48185,48187,48188,48190,48191,48192,48193,48194,48198}",SDED,2026-03-24 14:41:32.274366+01,gold_establishments_2025,,,,13002838400019,2025,Services de l'Etat,Département,['Lozère'],['Occitanie'],DDETSPP,{48},{76}
8fb51564-0856-4591-a508-b48ea5abeb96,130028467,DDETSPP Marne,false,"{51001,51002,51003,51004,51005,51006,51007,51008,51009,51010,51012,51013,51014,51015,51016,51017,51018,51019,51020,51022,51023,51025,51027,51028,51029,51030,51031,51032,51033,51034,51035,51036,51037,51038,51039,51040,51041,51042,51043,51044,51045,51046,51047,51048,51049,51050,51051,51052,51053,51054,51055,51056,51057,51058,51059,51060,51061,51062,51065,51066,51068,51069,51070,51071,51072,51073,51074,51075,51076,51077,51078,51079,51080,51081,51082,51083,51084,51085,51086,51087,51088,51089,51090,51091,51092,51093,51094,51095,51097,51098,51099,51100,51101,51102,51103,51104,51105,51106,51107,51108,51109,51110,51111,51112,51113,51115,51116,51117,51118,51119,51120,51121,51122,51124,51125,51126,51127,51128,51129,51130,51132,51133,51134,51135,51136,51137,51138,51139,51140,51141,51142,51143,51144,51145,51146,51147,51148,51149,51150,51151,51152,51153,51154,51155,51156,51157,51158,51160,51161,51162,51163,51164,51165,51166,51167,51168,51169,51170,51171,51172,51173,51174,51175,51176,51177,51178,51179,51181,51182,51183,51184,51185,51186,51187,51188,51190,51191,51192,51193,51194,51195,51196,51197,51198,51199,51200,51201,51202,51203,51204,51206,51208,51210,51211,51212,51213,51214,51215,51216,51217,51218,51219,51220,51222,51223,51224,51225,51226,51227,51228,51229,51230,51231,51232,51233,51234,51235,51236,51237,51238,51239,51240,51241,51242,51243,51244,51245,51246,51247,51248,51249,51250,51251,51252,51253,51254,51255,51256,51258,51259,51260,51262,51263,51264,51265,51266,51267,51268,51269,51270,51272,51273,51274,51275,51276,51277,51278,51279,51280,51281,51282,51283,51284,51285,51286,51287,51288,51289,51290,51291,51292,51293,51294,51295,51296,51298,51299,51300,51301,51302,51303,51304,51305,51306,51307,51308,51309,51310,51311,51312,51313,51314,51315,51316,51317,51318,51319,51320,51321,51322,51323,51324,51325,51326,51327,51328,51329,51333,51334,51336,51337,51338,51339,51340,51341,51342,51343,51344,51345,51346,51348,51349,51350,51351,51352,51353,51354,51355,51356,51357,51358,51359,51360,51361,51362,51363,51364,51365,51367,51368,51369,51370,51371,51372,51373,51374,51375,51376,51377,51378,51379,51380,51381,51382,51384,51386,51387,51388,51389,51390,51391,51392,51393,51395,51396,51397,51398,51399,51402,51403,51404,51406,51407,51409,51410,51412,51413,51414,51415,51416,51417,51418,51419,51420,51421,51422,51423,51424,51425,51426,51428,51429,51430,51431,51432,51433,51434,51435,51436,51437,51438,51439,51440,51441,51442,51443,51444,51445,51446,51447,51448,51449,51450,51451,51452,51453,51454,51455,51456,51457,51458,51459,51460,51461,51463,51464,51465,51466,51468,51469,51470,51471,51472,51473,51474,51475,51476,51477,51478,51479,51480,51482,51483,51484,51485,51486,51487,51488,51489,51490,51491,51492,51493,51495,51496,51497,51498,51499,51500,51501,51502,51503,51504,51505,51506,51507,51508,51509,51510,51511,51512,51513,51514,51515,51516,51517,51518,51519,51520,51521,51522,51523,51524,51525,51526,51527,51528,51529,51530,51531,51532,51533,51534,51535,51536,51537,51538,51539,51542,51543,51544,51545,51546,51547,51548,51549,51550,51551,51552,51553,51555,51556,51557,51558,51559,51560,51562,51563,51564,51565,51566,51567,51568,51569,51570,51571,51572,51573,51574,51576,51577,51578,51579,51580,51581,51582,51583,51584,51585,51586,51587,51588,51589,51590,51591,51592,51594,51595,51596,51597,51598,51599,51600,51601,51602,51603,51604,51605,51607,51608,51609,51610,51611,51612,51613,51614,51616,51617,51618,51619,51620,51621,51622,51623,51624,51625,51626,51627,51628,51629,51630,51631,51632,51633,51634,51635,51636,51638,51639,51640,51641,51642,51643,51644,51645,51646,51647,51648,51649,51650,51652,51654,51655,51656,51657,51658,51659,51660,51662,51663}",SDED,2026-03-24 14:41:32.274366+01,gold_establishments_2025,,,,13002846700012,2025,Services de l'Etat,Département,['Marne'],['Grand Est'],DDETSPP,{51},{44}
aada5b62-ed2d-4376-b78f-1b33bf242a02,130028491,DDETSPP Mayenne,false,"{53001,53002,53003,53005,53007,53008,53009,53010,53011,53012,53013,53015,53016,53017,53018,53019,53021,53022,53023,53025,53026,53027,53028,53029,53030,53031,53033,53034,53035,53036,53037,53038,53039,53040,53041,53042,53043,53045,53046,53047,53048,53049,53051,53052,53053,53054,53055,53056,53057,53058,53059,53061,53062,53063,53064,53066,53067,53068,53069,53071,53072,53073,53074,53075,53076,53077,53078,53079,53080,53082,53083,53084,53085,53086,53087,53088,53089,53090,53091,53093,53094,53096,53097,53098,53099,53100,53101,53102,53103,53104,53105,53106,53107,53108,53109,53110,53111,53112,53113,53114,53115,53116,53117,53118,53119,53120,53121,53122,53123,53124,53125,53126,53127,53128,53129,53130,53131,53132,53133,53134,53135,53136,53137,53139,53140,53141,53142,53143,53144,53145,53146,53147,53148,53150,53151,53152,53153,53154,53155,53156,53157,53158,53160,53161,53162,53163,53164,53165,53168,53169,53170,53172,53173,53174,53175,53176,53177,53178,53179,53180,53181,53182,53184,53185,53186,53187,53188,53189,53190,53191,53192,53193,53195,53196,53197,53198,53199,53200,53201,53202,53203,53204,53206,53208,53209,53210,53211,53212,53213,53214,53216,53218,53219,53220,53221,53222,53223,53224,53225,53226,53228,53229,53230,53232,53233,53234,53235,53236,53237,53238,53240,53242,53243,53245,53246,53247,53248,53249,53250,53251,53253,53255,53256,53257,53258,53259,53260,53261,53262,53263,53264,53265,53266,53267,53269,53270,53271,53272,53273,53276}",SDED,2026-03-24 14:41:32.274366+01,gold_establishments_2025,,,,13002849100012,2025,Services de l'Etat,Département,['Mayenne'],['Pays de la Loire'],DDETSPP,{53},{52}
50544963-dbff-4bb1-a9e3-7c105187178a,130028533,DDETSPP Meuse,false,"{55001,55002,55004,55005,55007,55008,55009,55010,55011,55012,55013,55014,55015,55017,55018,55021,55022,55023,55024,55025,55026,55027,55028,55029,55031,55032,55033,55034,55035,55036,55037,55038,55039,55040,55041,55042,55043,55044,55045,55046,55047,55048,55049,55050,55051,55053,55054,55055,55057,55058,55059,55060,55061,55062,55063,55064,55065,55066,55067,55068,55069,55070,55071,55072,55073,55075,55076,55077,55078,55079,55080,55081,55082,55083,55084,55085,55087,55088,55089,55093,55094,55095,55096,55097,55099,55100,55101,55102,55103,55104,55105,55106,55107,55108,55109,55110,55111,55113,55114,55115,55116,55117,55118,55119,55120,55121,55122,55123,55124,55125,55127,55128,55129,55132,55133,55134,55137,55138,55139,55140,55141,55142,55143,55144,55145,55146,55148,55149,55150,55153,55154,55155,55156,55157,55158,55159,55160,55162,55163,55165,55166,55167,55168,55169,55170,55171,55172,55173,55174,55175,55177,55178,55179,55180,55181,55182,55183,55184,55185,55186,55188,55189,55191,55192,55193,55194,55195,55196,55197,55198,55199,55200,55201,55202,55204,55206,55207,55208,55210,55211,55212,55214,55215,55216,55217,55218,55219,55220,55221,55222,55224,55225,55226,55228,55229,55232,55236,55237,55239,55241,55242,55243,55244,55245,55246,55247,55248,55250,55251,55252,55253,55254,55255,55256,55257,55258,55260,55261,55262,55263,55264,55265,55266,55267,55268,55269,55270,55271,55272,55274,55275,55276,55278,55279,55280,55281,55282,55284,55285,55286,55288,55289,55290,55291,55292,55293,55295,55296,55297,55298,55299,55300,55301,55302,55303,55304,55306,55307,55310,55311,55312,55313,55315,55316,55317,55320,55321,55322,55323,55324,55325,55326,55327,55328,55329,55330,55331,55332,55333,55334,55335,55336,55338,55339,55340,55341,55343,55344,55345,55346,55347,55348,55349,55350,55351,55352,55353,55355,55356,55357,55358,55359,55360,55361,55362,55363,55364,55365,55366,55367,55368,55369,55370,55371,55372,55373,55374,55375,55376,55377,55378,55379,55380,55381,55382,55383,55384,55385,55386,55387,55388,55389,55391,55394,55395,55396,55397,55398,55399,55400,55401,55403,55404,55405,55406,55407,55408,55409,55410,55411,55412,55414,55415,55416,55419,55420,55421,55422,55423,55424,55425,55426,55427,55428,55429,55430,55431,55433,55434,55435,55436,55437,55438,55439,55442,55443,55444,55445,55446,55447,55448,55449,55450,55452,55453,55454,55456,55457,55458,55459,55460,55461,55462,55463,55464,55465,55466,55467,55468,55469,55470,55471,55472,55473,55474,55475,55476,55477,55479,55481,55482,55484,55485,55487,55488,55489,55490,55492,55493,55494,55495,55496,55497,55498,55500,55501,55502,55503,55504,55505,55506,55507,55508,55509,55510,55511,55512,55514,55515,55516,55517,55518,55519,55520,55521,55522,55523,55525,55526,55527,55528,55530,55531,55532,55533,55534,55535,55536,55537,55540,55541,55543,55544,55545,55546,55547,55549,55551,55552,55553,55554,55555,55556,55557,55559,55560,55561,55562,55563,55565,55566,55567,55568,55569,55570,55571,55572,55573,55574,55575,55577,55578,55579,55580,55581,55582,55583,55584,55586}",SDED,2026-03-24 14:41:32.274366+01,gold_establishments_2025,,,,13002853300029,2025,Services de l'Etat,Département,['Meuse'],['Grand Est'],DDETSPP,{55},{44}
3f890d9e-d7a0-4fc0-8973-cac848d9fc59,130028285,DDETSPP Nièvre,false,"{58001,58002,58003,58004,58005,58006,58007,58008,58009,58010,58011,58012,58013,58014,58015,58016,58017,58018,58019,58020,58021,58023,58024,58025,58026,58027,58028,58029,58030,58031,58032,58033,58034,58035,58036,58037,58038,58039,58040,58041,58042,58043,58044,58045,58046,58047,58048,58049,58050,58051,58052,58053,58054,58055,58056,58057,58058,58059,58060,58061,58062,58063,58064,58065,58066,58067,58068,58069,58070,58071,58072,58073,58074,58075,58076,58077,58078,58079,58080,58081,58082,58083,58084,58085,58086,58087,58088,58089,58090,58092,58093,58094,58095,58096,58097,58098,58099,58101,58102,58103,58104,58105,58106,58107,58108,58109,58110,58111,58112,58113,58114,58115,58116,58117,58118,58119,58120,58121,58122,58123,58124,58125,58126,58127,58128,58129,58130,58131,58132,58133,58134,58135,58136,58137,58138,58139,58140,58141,58142,58143,58144,58145,58146,58147,58148,58149,58150,58151,58152,58153,58154,58155,58156,58157,58158,58159,58160,58161,58162,58163,58164,58165,58166,58168,58169,58170,58171,58172,58173,58174,58175,58176,58177,58178,58179,58180,58181,58182,58183,58184,58185,58186,58187,58188,58189,58190,58191,58192,58193,58194,58195,58196,58197,58198,58199,58200,58201,58202,58203,58204,58205,58206,58207,58208,58209,58210,58211,58212,58213,58214,58215,58216,58217,58218,58219,58220,58221,58222,58223,58224,58225,58226,58227,58228,58229,58230,58231,58232,58233,58234,58235,58236,58237,58238,58239,58240,58241,58242,58243,58244,58245,58246,58247,58248,58249,58250,58251,58252,58253,58254,58255,58256,58257,58258,58259,58260,58261,58262,58263,58264,58265,58266,58267,58268,58269,58270,58271,58272,58273,58274,58275,58276,58277,58278,58279,58280,58281,58282,58283,58284,58285,58286,58287,58288,58289,58290,58291,58292,58293,58294,58295,58296,58297,58298,58299,58300,58301,58302,58303,58304,58305,58306,58307,58308,58309,58310,58311,58312,58313}",SDED,2026-03-24 14:41:32.274366+01,gold_establishments_2025,,,,13002828500026,2025,Services de l'Etat,Département,['Nièvre'],['Bourgogne-Franche-Comté'],DDETSPP,{58},{27}
61189e63-cc36-48ed-a862-b212a82adfee,130028343,DDETSPP Orne,false,"{61001,61002,61005,61006,61007,61008,61010,61011,61012,61013,61014,61015,61018,61020,61021,61023,61024,61026,61028,61029,61030,61032,61034,61035,61036,61037,61038,61039,61040,61041,61043,61044,61046,61048,61049,61050,61051,61052,61053,61054,61055,61056,61060,61061,61062,61063,61064,61066,61067,61068,61069,61070,61071,61072,61074,61075,61076,61077,61078,61079,61080,61081,61082,61084,61085,61086,61087,61088,61089,61091,61092,61093,61094,61095,61096,61097,61098,61099,61100,61101,61102,61103,61104,61105,61107,61108,61111,61113,61114,61116,61117,61118,61120,61121,61122,61123,61124,61126,61129,61130,61133,61137,61138,61139,61140,61141,61142,61143,61145,61146,61148,61149,61150,61151,61152,61153,61156,61158,61159,61160,61162,61163,61164,61165,61166,61167,61168,61169,61170,61171,61176,61178,61180,61181,61182,61183,61187,61189,61190,61193,61194,61195,61196,61197,61198,61199,61202,61203,61206,61207,61208,61209,61210,61211,61212,61213,61214,61215,61216,61217,61218,61219,61221,61222,61224,61225,61227,61228,61229,61230,61232,61233,61234,61237,61238,61240,61241,61242,61243,61244,61248,61251,61252,61255,61256,61257,61258,61259,61260,61261,61262,61263,61264,61265,61266,61267,61268,61269,61271,61272,61273,61274,61275,61276,61277,61278,61279,61281,61283,61284,61286,61287,61288,61289,61290,61291,61292,61293,61294,61295,61297,61298,61300,61301,61302,61303,61304,61307,61308,61309,61314,61316,61317,61319,61321,61322,61323,61324,61326,61327,61328,61329,61330,61331,61332,61333,61336,61339,61341,61342,61344,61345,61346,61347,61348,61349,61350,61351,61352,61357,61358,61360,61361,61362,61363,61365,61366,61367,61369,61370,61371,61372,61373,61374,61375,61376,61379,61381,61382,61384,61385,61386,61387,61388,61389,61390,61391,61392,61393,61394,61395,61396,61397,61398,61399,61400,61401,61402,61404,61405,61406,61407,61408,61411,61412,61413,61414,61415,61416,61418,61419,61420,61421,61422,61423,61424,61425,61426,61427,61429,61432,61433,61435,61436,61438,61439,61440,61442,61443,61444,61445,61446,61447,61448,61450,61451,61452,61453,61454,61456,61457,61459,61460,61461,61462,61463,61464,61466,61467,61472,61473,61474,61475,61476,61479,61480,61481,61482,61483,61484,61485,61486,61487,61488,61490,61491,61492,61493,61494,61497,61498,61499,61500,61501,61502,61503,61505,61507,61508,61510,61512}",SDED,2026-03-24 14:41:32.274366+01,gold_establishments_2025,,,,13002834300015,2025,Services de l'Etat,Département,['Orne'],['Normandie'],DDETSPP,{61},{28}
9934e59b-bc5e-4060-a870-6b68c72ccb34,130028772,DDETSPP Savoie,false,"{73001,73003,73004,73005,73006,73007,73008,73010,73011,73012,73013,73014,73015,73017,73018,73019,73020,73021,73022,73023,73024,73025,73026,73027,73028,73029,73030,73031,73032,73033,73034,73036,73039,73040,73041,73042,73043,73047,73048,73049,73050,73051,73052,73053,73054,73055,73057,73058,73059,73061,73063,73064,73065,73067,73068,73069,73070,73071,73072,73073,73074,73075,73076,73077,73078,73079,73081,73082,73083,73084,73085,73086,73087,73088,73089,73090,73091,73092,73094,73095,73096,73097,73098,73099,73100,73101,73103,73104,73105,73106,73107,73109,73110,73113,73114,73116,73117,73119,73120,73121,73122,73123,73124,73128,73129,73130,73131,73132,73133,73135,73137,73138,73139,73140,73141,73142,73145,73146,73147,73149,73150,73151,73152,73153,73154,73155,73156,73157,73159,73160,73161,73162,73164,73166,73168,73170,73171,73173,73175,73176,73177,73178,73179,73180,73181,73182,73183,73184,73186,73187,73188,73189,73190,73191,73192,73193,73194,73196,73197,73200,73201,73202,73204,73205,73206,73207,73208,73210,73211,73212,73213,73214,73215,73216,73217,73218,73219,73220,73221,73222,73223,73224,73225,73226,73227,73228,73229,73230,73231,73232,73233,73234,73235,73236,73237,73240,73241,73242,73243,73245,73246,73247,73248,73249,73250,73252,73253,73254,73255,73256,73257,73258,73259,73261,73262,73263,73265,73267,73268,73269,73270,73271,73272,73273,73274,73275,73276,73277,73278,73280,73281,73282,73283,73284,73285,73286,73288,73289,73290,73292,73293,73294,73296,73297,73298,73299,73300,73301,73302,73303,73304,73306,73307,73308,73309,73310,73311,73312,73313,73314,73315,73316,73317,73318,73320,73322,73323,73324,73326,73327,73328,73329,73330}",SDED,2026-03-24 14:41:32.274366+01,gold_establishments_2025,,,,13002877200015,2025,Services de l'Etat,Département,['Savoie'],['Auvergne-Rhône-Alpes'],DDETSPP,{73},{84}
a176b91a-8024-45ce-8aed-67a3370f4c3e,130028947,DDETSPP Tarn,false,"{81001,81002,81003,81004,81005,81006,81007,81008,81009,81010,81011,81012,81013,81014,81015,81016,81017,81018,81019,81020,81021,81022,81023,81024,81025,81026,81027,81028,81029,81030,81031,81032,81033,81034,81035,81036,81037,81038,81039,81040,81041,81042,81043,81044,81045,81046,81047,81048,81049,81050,81051,81052,81053,81054,81055,81056,81058,81059,81060,81061,81062,81063,81064,81065,81066,81067,81068,81069,81070,81071,81072,81073,81074,81075,81076,81077,81078,81079,81080,81081,81082,81083,81084,81085,81086,81087,81088,81089,81090,81092,81093,81094,81095,81096,81097,81098,81099,81100,81101,81102,81103,81104,81105,81106,81108,81109,81110,81111,81112,81114,81115,81116,81117,81118,81119,81120,81121,81122,81123,81124,81125,81126,81127,81128,81129,81130,81131,81132,81133,81134,81135,81136,81137,81138,81139,81140,81141,81142,81143,81144,81145,81146,81147,81148,81149,81150,81151,81152,81154,81156,81157,81158,81159,81160,81161,81162,81163,81164,81165,81166,81167,81168,81169,81170,81171,81172,81173,81174,81175,81176,81177,81178,81179,81180,81181,81182,81183,81184,81185,81186,81187,81188,81189,81190,81191,81192,81193,81195,81196,81197,81198,81199,81200,81201,81202,81203,81204,81205,81206,81207,81208,81209,81210,81211,81212,81213,81214,81215,81216,81217,81218,81219,81220,81221,81222,81223,81224,81225,81227,81228,81229,81230,81231,81232,81233,81234,81235,81236,81237,81238,81239,81240,81242,81243,81244,81245,81246,81247,81248,81249,81250,81251,81252,81253,81254,81255,81256,81257,81258,81259,81261,81262,81263,81264,81265,81266,81267,81268,81269,81270,81271,81272,81273,81274,81275,81276,81277,81278,81279,81280,81281,81282,81283,81284,81285,81286,81287,81288,81289,81290,81291,81292,81293,81294,81295,81297,81298,81299,81300,81302,81303,81304,81305,81306,81307,81308,81309,81310,81311,81312,81313,81314,81315,81316,81317,81318,81319,81320,81321,81322,81323,81324,81325,81326}",SDED,2026-03-24 14:41:32.274366+01,gold_establishments_2025,,,,13002894700013,2025,Services de l'Etat,Département,['Tarn'],['Occitanie'],DDETSPP,{81},{76}
4f267868-91ba-4821-9270-7cc40f10e30c,130028954,DDETSPP Tarn-et-Garonne,false,"{82001,82002,82003,82004,82005,82006,82007,82008,82009,82010,82011,82012,82013,82014,82015,82016,82017,82018,82019,82020,82021,82022,82023,82024,82025,82026,82027,82028,82029,82030,82031,82032,82033,82034,82035,82036,82037,82038,82039,82040,82041,82042,82043,82044,82045,82046,82047,82048,82049,82050,82051,82052,82053,82054,82055,82056,82057,82058,82059,82060,82061,82062,82063,82064,82065,82066,82067,82068,82069,82070,82071,82072,82073,82074,82075,82076,82077,82078,82079,82080,82081,82082,82083,82084,82085,82086,82087,82088,82089,82090,82091,82092,82093,82094,82095,82096,82097,82098,82099,82100,82101,82102,82103,82104,82105,82106,82107,82108,82109,82110,82111,82112,82113,82114,82115,82116,82117,82118,82119,82120,82121,82122,82123,82124,82125,82126,82127,82128,82129,82130,82131,82132,82133,82134,82135,82136,82137,82138,82139,82140,82141,82142,82143,82144,82145,82146,82147,82148,82149,82150,82151,82152,82153,82154,82155,82156,82157,82158,82159,82160,82161,82162,82163,82164,82165,82166,82167,82168,82169,82170,82171,82172,82173,82174,82175,82176,82177,82178,82179,82180,82181,82182,82183,82184,82185,82186,82187,82188,82189,82190,82191,82192,82193,82194,82195}",SDED,2026-03-24 14:41:32.274366+01,gold_establishments_2025,,,,13002895400019,2025,Services de l'Etat,Département,['Tarn-et-Garonne'],['Occitanie'],DDETSPP,{82},{76}
acd34cf6-2dea-42d1-bbaf-7fadd3db09c7,130028673,DDETSPP Territoire de Belfort,false,"{90001,90002,90003,90004,90005,90006,90007,90008,90009,90010,90011,90012,90013,90014,90015,90016,90017,90018,90019,90020,90021,90022,90023,90024,90025,90026,90027,90028,90029,90030,90031,90032,90033,90034,90035,90036,90037,90039,90041,90042,90043,90044,90045,90046,90047,90048,90049,90050,90051,90052,90053,90054,90055,90056,90057,90058,90059,90060,90061,90062,90063,90064,90065,90066,90067,90068,90069,90070,90071,90072,90074,90075,90076,90077,90078,90079,90080,90081,90082,90083,90084,90085,90086,90087,90088,90089,90090,90091,90093,90094,90095,90096,90097,90098,90099,90100,90101,90102,90103,90104,90105}",SDED,2026-03-24 14:41:32.274366+01,gold_establishments_2025,,,,13002867300015,2025,Services de l'Etat,Département,['Territoire de Belfort'],['Bourgogne-Franche-Comté'],DDETSPP,{90},{27}
dab406f9-2a4a-43ce-94d7-c5108d2ea50b,130028657,DDETSPP Vosges,false,"{88001,88002,88003,88004,88005,88006,88007,88008,88009,88010,88011,88012,88013,88014,88015,88016,88017,88019,88020,88021,88022,88023,88024,88025,88026,88027,88028,88029,88030,88031,88032,88033,88035,88036,88037,88038,88039,88040,88041,88042,88043,88044,88045,88046,88047,88048,88049,88050,88051,88052,88053,88054,88055,88056,88057,88058,88059,88060,88061,88062,88063,88064,88065,88066,88068,88069,88070,88071,88073,88074,88075,88076,88077,88078,88079,88080,88081,88082,88083,88084,88085,88086,88087,88088,88089,88090,88091,88092,88093,88094,88095,88096,88097,88098,88099,88100,88101,88102,88103,88104,88105,88106,88107,88108,88109,88110,88111,88113,88114,88115,88116,88117,88118,88119,88120,88121,88122,88123,88124,88125,88126,88127,88128,88129,88130,88131,88132,88133,88134,88135,88136,88137,88138,88139,88140,88141,88142,88143,88144,88145,88146,88147,88148,88149,88150,88151,88152,88153,88154,88155,88156,88157,88158,88159,88160,88161,88162,88163,88164,88165,88166,88167,88168,88169,88170,88171,88172,88173,88174,88175,88176,88177,88178,88179,88180,88181,88182,88183,88184,88185,88186,88187,88188,88189,88190,88192,88193,88194,88195,88196,88197,88198,88199,88200,88201,88202,88203,88205,88206,88208,88209,88210,88212,88213,88214,88215,88216,88218,88219,88220,88221,88222,88223,88224,88225,88226,88227,88228,88229,88230,88231,88232,88233,88236,88237,88238,88239,88240,88241,88242,88243,88244,88245,88246,88247,88248,88249,88250,88251,88252,88253,88254,88255,88256,88257,88258,88259,88260,88261,88262,88263,88264,88265,88266,88267,88268,88269,88270,88271,88272,88273,88274,88275,88276,88277,88278,88279,88280,88281,88283,88284,88285,88286,88287,88288,88289,88290,88291,88292,88293,88294,88295,88296,88297,88298,88299,88300,88301,88302,88303,88304,88305,88306,88307,88308,88309,88310,88311,88312,88313,88314,88315,88316,88317,88318,88319,88320,88321,88322,88324,88325,88326,88327,88328,88330,88331,88332,88333,88334,88335,88336,88338,88340,88341,88342,88343,88344,88345,88346,88347,88348,88349,88350,88351,88352,88353,88354,88355,88356,88357,88358,88359,88360,88361,88362,88363,88364,88365,88366,88367,88368,88369,88370,88371,88372,88373,88374,88375,88376,88377,88378,88379,88380,88381,88382,88383,88385,88386,88387,88388,88389,88390,88391,88394,88395,88398,88399,88400,88401,88402,88403,88404,88406,88407,88408,88409,88410,88411,88412,88413,88415,88416,88417,88418,88419,88421,88423,88424,88425,88426,88427,88428,88429,88430,88431,88432,88433,88434,88435,88436,88437,88438,88439,88440,88441,88442,88443,88444,88445,88446,88447,88448,88449,88450,88451,88452,88453,88454,88455,88456,88457,88458,88459,88460,88461,88462,88463,88464,88465,88466,88467,88468,88469,88470,88471,88472,88473,88474,88475,88476,88477,88478,88479,88480,88481,88482,88483,88484,88485,88486,88487,88488,88489,88490,88491,88492,88493,88494,88495,88496,88497,88498,88499,88500,88501,88502,88503,88504,88505,88506,88507,88508,88509,88510,88511,88512,88513,88514,88515,88516,88517,88518,88519,88520,88521,88522,88523,88524,88525,88526,88527,88528,88529,88530,88531,88532}",SDED,2026-03-24 14:41:32.274366+01,gold_establishments_2025,,,,13002865700018,2025,Services de l'Etat,Département,['Vosges'],['Grand Est'],DDETSPP,{88},{44}
cf45eab5-0b08-43e4-b2bb-bf4b409258eb,130028665,DDETSPP Yonne,false,"{89002,89003,89004,89005,89006,89007,89008,89009,89010,89011,89012,89013,89014,89015,89016,89017,89018,89019,89020,89021,89022,89023,89024,89025,89027,89028,89029,89030,89031,89032,89033,89034,89035,89036,89037,89038,89039,89040,89041,89042,89043,89044,89045,89046,89048,89049,89050,89051,89053,89054,89055,89056,89057,89058,89059,89060,89061,89062,89063,89064,89065,89066,89067,89068,89069,89071,89072,89073,89074,89075,89076,89077,89079,89080,89081,89083,89084,89085,89086,89087,89088,89089,89091,89092,89093,89094,89095,89096,89098,89099,89100,89101,89102,89104,89105,89108,89111,89112,89113,89115,89116,89117,89118,89119,89120,89122,89123,89124,89125,89126,89127,89128,89129,89130,89131,89132,89133,89134,89136,89137,89139,89141,89142,89143,89144,89145,89146,89147,89148,89149,89150,89151,89152,89153,89154,89155,89156,89158,89159,89160,89161,89162,89163,89164,89165,89167,89168,89169,89170,89171,89172,89173,89175,89176,89177,89179,89180,89181,89182,89183,89184,89186,89187,89188,89189,89190,89191,89194,89195,89196,89197,89198,89199,89200,89201,89202,89203,89204,89205,89206,89207,89208,89209,89210,89211,89212,89214,89215,89216,89217,89218,89219,89220,89221,89222,89223,89224,89225,89226,89227,89228,89229,89230,89232,89233,89234,89235,89236,89237,89238,89239,89240,89242,89244,89245,89246,89247,89248,89249,89250,89251,89252,89253,89254,89255,89256,89257,89259,89261,89262,89263,89264,89265,89266,89267,89268,89270,89271,89272,89273,89274,89276,89277,89278,89279,89280,89281,89282,89283,89284,89285,89286,89287,89288,89289,89290,89291,89292,89295,89296,89297,89298,89299,89300,89302,89303,89304,89306,89307,89308,89309,89310,89311,89312,89313,89314,89315,89316,89318,89319,89320,89321,89323,89324,89325,89326,89327,89328,89329,89331,89332,89333,89334,89335,89336,89337,89338,89339,89341,89342,89344,89345,89346,89347,89348,89349,89350,89351,89352,89353,89354,89355,89359,89360,89361,89362,89363,89364,89365,89367,89368,89369,89370,89371,89373,89374,89375,89376,89377,89378,89379,89380,89382,89383,89384,89385,89386,89387,89388,89390,89391,89392,89393,89394,89395,89397,89398,89399,89400,89402,89403,89404,89405,89406,89407,89408,89409,89410,89411,89412,89413,89414,89415,89416,89417,89418,89419,89420,89422,89423,89424,89425,89426,89427,89428,89430,89431,89432,89433,89434,89436,89437,89438,89439,89440,89441,89442,89443,89445,89446,89447,89449,89450,89451,89452,89453,89456,89458,89459,89460,89461,89462,89463,89464,89465,89466,89467,89468,89469,89470,89471,89472,89474,89475,89477,89478,89479,89480,89481,89482,89483,89485,89486}",SDED,2026-03-24 14:41:32.274366+01,gold_establishments_2025,,,,13002866500011,2025,Services de l'Etat,Département,['Yonne'],['Bourgogne-Franche-Comté'],DDETSPP,{89},{27}
a3fec335-9189-4198-9d90-8b9fb5216327,130011638,DDFIP Ain,false,"{01001,01002,01004,01005,01006,01007,01008,01009,01010,01011,01012,01013,01014,01015,01016,01017,01019,01021,01022,01023,01024,01025,01026,01027,01028,01029,01030,01031,01032,01033,01034,01035,01036,01037,01038,01040,01041,01042,01043,01044,01045,01046,01047,01049,01050,01051,01052,01053,01054,01056,01057,01058,01060,01061,01062,01063,01064,01065,01066,01067,01068,01069,01071,01072,01073,01074,01075,01076,01077,01078,01079,01080,01081,01082,01083,01084,01085,01087,01088,01089,01090,01092,01093,01094,01095,01096,01098,01099,01100,01101,01102,01103,01104,01105,01106,01107,01108,01109,01110,01111,01112,01113,01114,01115,01116,01117,01118,01121,01123,01124,01125,01127,01128,01129,01130,01133,01134,01135,01136,01138,01139,01140,01141,01142,01143,01145,01146,01147,01148,01149,01150,01151,01152,01153,01155,01156,01157,01158,01159,01160,01162,01163,01165,01166,01167,01169,01170,01171,01173,01174,01175,01177,01179,01180,01181,01183,01184,01185,01187,01188,01189,01190,01191,01192,01193,01194,01195,01196,01197,01198,01199,01200,01202,01203,01204,01206,01207,01208,01209,01210,01211,01212,01213,01214,01215,01216,01219,01224,01225,01227,01228,01229,01230,01231,01232,01233,01234,01235,01236,01237,01238,01239,01240,01241,01242,01243,01244,01245,01246,01247,01248,01249,01250,01252,01254,01255,01257,01258,01259,01260,01261,01262,01263,01264,01265,01266,01267,01268,01269,01272,01273,01274,01275,01276,01277,01279,01280,01281,01282,01283,01284,01285,01286,01288,01289,01290,01291,01293,01294,01295,01296,01297,01298,01299,01301,01302,01303,01304,01305,01306,01307,01308,01309,01310,01311,01313,01314,01317,01318,01319,01320,01321,01322,01323,01325,01328,01329,01331,01332,01333,01334,01335,01336,01337,01338,01339,01342,01343,01344,01345,01346,01347,01348,01349,01350,01351,01352,01353,01354,01355,01356,01357,01358,01359,01360,01361,01362,01363,01364,01365,01366,01367,01368,01369,01370,01371,01372,01373,01374,01375,01376,01378,01379,01380,01381,01382,01383,01384,01385,01386,01387,01388,01389,01390,01391,01392,01393,01396,01397,01398,01399,01400,01401,01402,01403,01404,01405,01406,01407,01408,01410,01411,01412,01415,01416,01418,01419,01420,01421,01422,01423,01424,01425,01426,01427,01428,01429,01430,01431,01432,01433,01434,01435,01436,01437,01439,01441,01443,01444,01445,01446,01447,01448,01449,01450,01451,01452,01453,01454,01456,01457}","",2026-03-24 14:41:32.274366+01,gold_establishments_2025,,,,13001163800017,2025,Services de l'Etat,Département,['Ain'],['Auvergne-Rhône-Alpes'],DDFIP,{01},{84}
cf62e0ac-aace-4c18-95e6-749b46c3f0ee,130012792,DDFIP Aisne,false,"{02001,02002,02003,02004,02005,02006,02007,02008,02009,02010,02011,02012,02013,02014,02015,02016,02017,02018,02019,02020,02021,02022,02023,02024,02025,02027,02028,02029,02030,02031,02032,02033,02034,02035,02036,02037,02038,02039,02040,02041,02042,02043,02044,02046,02047,02048,02049,02050,02051,02052,02053,02054,02055,02056,02057,02058,02059,02060,02061,02062,02063,02064,02065,02066,02067,02068,02069,02070,02071,02072,02073,02074,02075,02076,02078,02079,02080,02081,02082,02083,02084,02085,02086,02087,02088,02089,02090,02091,02093,02094,02095,02096,02097,02098,02099,02100,02101,02102,02103,02104,02105,02106,02107,02108,02109,02110,02111,02112,02114,02115,02116,02117,02118,02119,02120,02121,02122,02123,02124,02125,02126,02127,02128,02129,02130,02131,02132,02133,02134,02135,02136,02137,02138,02139,02140,02141,02142,02143,02144,02145,02146,02148,02149,02150,02151,02152,02153,02154,02155,02156,02157,02158,02159,02160,02162,02163,02164,02165,02166,02167,02168,02169,02170,02171,02172,02173,02174,02175,02176,02177,02178,02179,02180,02181,02182,02183,02184,02185,02186,02187,02188,02189,02190,02191,02192,02193,02194,02195,02196,02197,02198,02199,02200,02201,02203,02204,02205,02206,02207,02208,02209,02210,02211,02212,02213,02214,02215,02216,02217,02218,02219,02220,02221,02222,02223,02224,02225,02226,02227,02228,02229,02230,02231,02232,02233,02234,02235,02236,02237,02238,02239,02240,02241,02242,02243,02244,02245,02246,02248,02249,02250,02251,02252,02253,02254,02255,02256,02257,02258,02259,02260,02261,02262,02263,02264,02265,02266,02267,02268,02269,02270,02271,02272,02273,02274,02275,02276,02277,02278,02279,02280,02281,02282,02283,02284,02286,02287,02288,02289,02290,02291,02292,02293,02294,02295,02296,02297,02298,02299,02302,02303,02304,02305,02306,02307,02308,02309,02310,02312,02313,02315,02316,02317,02318,02319,02320,02321,02322,02323,02324,02326,02327,02328,02329,02330,02331,02332,02333,02334,02335,02336,02337,02338,02339,02340,02341,02342,02343,02345,02346,02347,02349,02350,02351,02352,02353,02354,02355,02356,02357,02358,02359,02360,02361,02362,02363,02364,02366,02367,02368,02369,02370,02371,02372,02373,02374,02375,02376,02377,02378,02379,02380,02381,02382,02383,02384,02385,02386,02387,02388,02389,02390,02391,02392,02393,02395,02396,02397,02398,02399,02400,02401,02402,02403,02404,02405,02406,02407,02408,02409,02410,02411,02412,02413,02414,02415,02416,02417,02418,02419,02420,02421,02422,02423,02424,02425,02426,02427,02428,02429,02430,02431,02432,02433,02435,02438,02439,02440,02441,02442,02443,02444,02445,02446,02447,02448,02449,02450,02451,02452,02453,02454,02455,02456,02457,02458,02459,02460,02461,02462,02463,02464,02465,02466,02467,02468,02469,02470,02471,02472,02473,02474,02476,02477,02478,02480,02481,02482,02483,02484,02485,02486,02487,02488,02489,02490,02491,02492,02493,02494,02495,02496,02497,02498,02499,02500,02501,02502,02503,02504,02505,02506,02507,02508,02509,02510,02511,02512,02513,02514,02515,02516,02517,02518,02519,02520,02521,02522,02523,02524,02525,02526,02527,02528,02529,02530,02531,02532,02533,02534,02535,02536,02537,02538,02539,02540,02541,02542,02543,02544,02545,02546,02547,02548,02549,02550,02551,02552,02553,02554,02555,02556,02557,02558,02559,02560,02561,02562,02563,02564,02565,02566,02567,02568,02569,02570,02571,02572,02573,02574,02575,02576,02577,02578,02579,02580,02581,02582,02583,02584,02585,02586,02587,02588,02589,02590,02591,02592,02593,02594,02595,02596,02598,02599,02600,02601,02602,02604,02605,02606,02607,02608,02609,02610,02612,02613,02614,02615,02616,02617,02618,02619,02620,02621,02622,02623,02624,02625,02626,02627,02628,02629,02631,02632,02633,02634,02635,02636,02637,02638,02639,02640,02641,02642,02643,02644,02645,02647,02648,02649,02650,02651,02652,02653,02654,02655,02656,02657,02658,02659,02660,02661,02662,02663,02664,02665,02666,02667,02668,02670,02671,02672,02673,02674,02675,02676,02677,02678,02679,02680,02681,02682,02683,02684,02685,02686,02687,02688,02689,02690,02691,02693,02694,02696,02697,02698,02699,02701,02702,02703,02704,02705,02706,02707,02708,02709,02710,02711,02712,02713,02714,02715,02716,02717,02718,02719,02720,02721,02722,02723,02724,02725,02726,02727,02728,02729,02730,02731,02732,02734,02735,02736,02737,02738,02739,02740,02741,02742,02743,02744,02745,02746,02747,02748,02749,02750,02751,02752,02753,02754,02755,02756,02757,02758,02759,02760,02761,02762,02763,02764,02765,02766,02767,02768,02769,02770,02772,02773,02774,02775,02776,02777,02778,02779,02780,02781,02782,02783,02784,02785,02786,02787,02788,02789,02790,02791,02792,02793,02794,02795,02796,02797,02798,02799,02800,02801,02802,02803,02804,02805,02806,02807,02808,02809,02810,02812,02813,02814,02815,02816,02817,02818,02819,02820,02821,02822,02823,02824,02826,02827,02828,02829,02830,02831,02832,02833,02834}","",2026-03-24 14:41:32.274366+01,gold_establishments_2025,,,,13001279200011,2025,Services de l'Etat,Département,['Aisne'],['Hauts-de-France'],DDFIP,{02},{32}
79a91907-2d03-4cec-8185-633f3dcef370,130014707,DDFIP Allier,false,"{03001,03002,03003,03004,03005,03006,03007,03008,03009,03010,03011,03012,03013,03014,03015,03016,03017,03018,03019,03020,03021,03022,03023,03024,03025,03026,03027,03028,03029,03030,03031,03032,03033,03034,03035,03036,03037,03038,03039,03040,03041,03042,03043,03044,03045,03046,03047,03048,03049,03050,03051,03052,03053,03054,03055,03056,03057,03058,03059,03060,03061,03062,03063,03064,03065,03066,03067,03068,03069,03070,03071,03072,03073,03074,03075,03076,03077,03078,03079,03080,03081,03082,03083,03084,03085,03086,03087,03088,03089,03090,03091,03092,03093,03094,03095,03096,03097,03098,03099,03100,03101,03102,03103,03104,03105,03106,03107,03108,03109,03110,03111,03112,03113,03114,03115,03116,03117,03118,03119,03120,03121,03122,03124,03125,03126,03127,03128,03129,03130,03131,03132,03133,03134,03135,03136,03137,03138,03139,03140,03141,03142,03143,03144,03145,03146,03147,03148,03149,03150,03151,03152,03154,03155,03156,03157,03158,03159,03160,03161,03162,03163,03164,03165,03166,03167,03168,03169,03170,03171,03172,03173,03174,03175,03176,03177,03178,03179,03180,03181,03182,03183,03184,03185,03186,03187,03188,03189,03190,03191,03192,03193,03194,03195,03196,03197,03198,03200,03201,03202,03203,03204,03205,03206,03207,03208,03209,03210,03211,03212,03213,03214,03215,03216,03217,03218,03219,03220,03221,03222,03223,03224,03225,03226,03227,03228,03229,03230,03231,03232,03233,03234,03235,03236,03237,03238,03239,03240,03241,03242,03243,03244,03245,03246,03247,03248,03249,03250,03251,03252,03253,03254,03255,03256,03257,03258,03259,03260,03261,03262,03263,03264,03265,03266,03267,03268,03269,03270,03271,03272,03273,03274,03275,03276,03277,03278,03279,03280,03281,03282,03283,03284,03285,03286,03287,03288,03289,03290,03291,03292,03293,03294,03295,03296,03297,03298,03299,03300,03301,03302,03303,03304,03305,03306,03307,03308,03309,03310,03311,03312,03313,03314,03315,03316,03317,03319,03320,03321}","",2026-03-24 14:41:32.274366+01,gold_establishments_2025,,,,13001470700017,2025,Services de l'Etat,Département,['Allier'],['Auvergne-Rhône-Alpes'],DDFIP,{03},{84}
d2a4c043-c80c-4c24-9d0b-3c1f9993c8f3,130008386,DDFIP Alpes-Maritimes,false,"{06001,06002,06003,06004,06005,06006,06007,06008,06009,06010,06011,06012,06013,06014,06015,06016,06017,06018,06019,06020,06021,06022,06023,06024,06025,06026,06027,06028,06029,06030,06031,06032,06033,06034,06035,06036,06037,06038,06039,06040,06041,06042,06043,06044,06045,06046,06047,06048,06049,06050,06051,06052,06053,06054,06055,06056,06057,06058,06059,06060,06061,06062,06063,06064,06065,06066,06067,06068,06069,06070,06071,06072,06073,06074,06075,06076,06077,06078,06079,06080,06081,06082,06083,06084,06085,06086,06087,06088,06089,06090,06091,06092,06093,06094,06095,06096,06097,06098,06099,06100,06101,06102,06103,06104,06105,06106,06107,06108,06109,06110,06111,06112,06113,06114,06115,06116,06117,06118,06119,06120,06121,06122,06123,06124,06125,06126,06127,06128,06129,06130,06131,06132,06133,06134,06135,06136,06137,06138,06139,06140,06141,06142,06143,06144,06145,06146,06147,06148,06149,06150,06151,06152,06153,06154,06155,06156,06157,06158,06159,06160,06161,06162,06163}","",2026-03-24 14:41:32.274366+01,gold_establishments_2025,,,,13000838600018,2025,Services de l'Etat,Département,['Alpes-Maritimes'],['Provence-Alpes-Côte dAzur'],DDFIP,{06},{93}
c6025c56-2c32-4268-8185-60d104d7ce53,130010069,DDFIP Alpes-de-Haute-Provence,false,"{04001,04004,04005,04006,04007,04008,04009,04012,04013,04016,04017,04018,04019,04020,04021,04022,04023,04024,04025,04026,04027,04028,04030,04031,04032,04033,04034,04035,04036,04037,04039,04040,04041,04042,04043,04045,04046,04047,04049,04050,04051,04053,04054,04055,04057,04058,04059,04061,04062,04063,04065,04066,04067,04068,04069,04070,04072,04073,04074,04075,04076,04077,04079,04081,04084,04085,04086,04087,04088,04090,04091,04092,04093,04094,04095,04096,04097,04099,04101,04102,04104,04106,04107,04108,04109,04110,04111,04112,04113,04115,04116,04118,04120,04121,04122,04123,04124,04126,04127,04128,04129,04130,04132,04133,04134,04135,04136,04137,04138,04139,04140,04141,04142,04143,04144,04145,04148,04149,04150,04151,04152,04154,04155,04156,04157,04158,04159,04160,04161,04162,04163,04164,04166,04167,04169,04170,04171,04172,04173,04174,04175,04176,04177,04178,04179,04180,04181,04182,04183,04184,04186,04187,04188,04189,04190,04191,04192,04193,04194,04195,04197,04199,04200,04201,04202,04203,04204,04205,04206,04207,04208,04209,04210,04211,04214,04216,04217,04218,04219,04220,04222,04224,04226,04227,04228,04229,04230,04231,04233,04234,04235,04236,04237,04240,04241,04242,04244,04245}","",2026-03-24 14:41:32.274366+01,gold_establishments_2025,,,,13001006900016,2025,Services de l'Etat,Département,['Alpes-de-Haute-Provence'],['Provence-Alpes-Côte dAzur'],DDFIP,{04},{93}
5150295a-f8a7-4d51-b838-cd16873eb278,130012800,DDFIP Ardennes,false,"{08001,08003,08004,08005,08006,08008,08010,08011,08013,08014,08015,08016,08017,08018,08019,08020,08021,08022,08023,08024,08025,08026,08027,08028,08029,08030,08031,08032,08033,08034,08035,08036,08037,08038,08039,08040,08041,08043,08044,08045,08046,08047,08048,08049,08052,08053,08055,08056,08057,08058,08059,08060,08061,08062,08063,08064,08065,08066,08067,08069,08070,08071,08073,08074,08075,08076,08077,08078,08080,08081,08082,08083,08084,08085,08086,08087,08088,08089,08090,08092,08094,08095,08096,08097,08098,08099,08100,08101,08102,08103,08104,08105,08106,08107,08109,08110,08111,08113,08115,08116,08117,08119,08120,08121,08122,08123,08124,08125,08126,08128,08130,08131,08132,08133,08134,08135,08136,08137,08138,08139,08140,08141,08142,08143,08144,08145,08146,08147,08148,08149,08150,08151,08153,08154,08155,08156,08158,08159,08160,08161,08162,08163,08164,08165,08166,08167,08168,08169,08170,08171,08172,08173,08174,08175,08176,08178,08179,08180,08182,08183,08184,08185,08186,08187,08188,08189,08190,08191,08192,08193,08194,08195,08196,08197,08198,08199,08200,08201,08202,08203,08204,08205,08206,08207,08208,08209,08210,08211,08212,08214,08215,08216,08217,08218,08219,08220,08222,08223,08225,08226,08228,08229,08230,08232,08233,08234,08235,08236,08237,08238,08239,08240,08242,08243,08244,08245,08246,08247,08248,08249,08250,08251,08252,08254,08255,08256,08257,08259,08260,08262,08263,08264,08268,08269,08271,08272,08273,08274,08275,08276,08277,08278,08279,08280,08281,08282,08283,08284,08286,08287,08288,08289,08291,08293,08295,08296,08297,08298,08301,08302,08303,08304,08305,08306,08307,08308,08309,08310,08311,08312,08313,08314,08315,08316,08317,08318,08319,08320,08321,08322,08323,08324,08325,08326,08327,08328,08329,08330,08331,08332,08333,08334,08335,08336,08338,08339,08340,08341,08342,08343,08344,08346,08347,08348,08349,08350,08351,08352,08353,08354,08355,08356,08357,08358,08360,08361,08362,08363,08364,08365,08366,08367,08368,08369,08370,08372,08373,08374,08375,08376,08377,08378,08379,08380,08381,08382,08383,08384,08385,08386,08387,08388,08389,08390,08391,08392,08393,08394,08395,08396,08397,08398,08399,08400,08401,08402,08403,08404,08405,08406,08407,08408,08409,08410,08411,08412,08413,08415,08416,08417,08418,08419,08420,08421,08422,08424,08425,08426,08427,08428,08429,08430,08431,08432,08433,08434,08435,08436,08437,08438,08439,08440,08444,08445,08446,08448,08449,08450,08451,08452,08453,08454,08455,08456,08457,08458,08459,08460,08461,08462,08463,08464,08465,08466,08467,08468,08469,08470,08471,08472,08473,08476,08477,08478,08479,08480,08481,08482,08483,08484,08485,08486,08487,08488,08489,08490,08491,08492,08494,08496,08497,08498,08499,08500,08501,08502,08503}","",2026-03-24 14:41:32.274366+01,gold_establishments_2025,,,,13001280000012,2025,Services de l'Etat,Département,['Ardennes'],['Grand Est'],DDFIP,{08},{44}
5574f839-b453-42e1-92b7-677bbf38e685,130013212,DDFIP Ardèche,false,"{07001,07002,07003,07004,07005,07006,07007,07008,07009,07010,07011,07012,07013,07014,07015,07017,07018,07019,07020,07022,07023,07024,07025,07026,07027,07028,07029,07030,07031,07032,07033,07034,07035,07036,07037,07038,07039,07040,07041,07042,07044,07045,07047,07048,07049,07050,07051,07052,07053,07054,07055,07056,07058,07059,07060,07061,07062,07063,07064,07065,07066,07067,07068,07069,07070,07071,07072,07073,07074,07075,07076,07077,07078,07079,07080,07081,07082,07083,07084,07085,07086,07087,07088,07089,07090,07091,07092,07093,07094,07095,07096,07097,07098,07099,07100,07101,07102,07103,07104,07105,07106,07107,07108,07109,07110,07111,07112,07113,07114,07115,07116,07117,07118,07119,07120,07121,07122,07123,07124,07126,07127,07128,07129,07130,07131,07132,07133,07134,07136,07137,07138,07139,07140,07141,07142,07143,07144,07145,07146,07147,07148,07149,07150,07151,07152,07153,07154,07155,07156,07157,07158,07159,07160,07161,07162,07163,07165,07166,07167,07168,07169,07170,07171,07172,07173,07174,07175,07176,07177,07178,07179,07181,07182,07183,07184,07185,07186,07187,07188,07189,07190,07191,07192,07193,07194,07195,07196,07197,07198,07199,07200,07201,07202,07203,07204,07205,07206,07207,07208,07209,07210,07211,07212,07213,07214,07215,07216,07217,07218,07219,07220,07221,07222,07223,07224,07225,07226,07227,07228,07229,07230,07231,07232,07233,07234,07235,07236,07237,07238,07239,07240,07241,07242,07243,07244,07245,07247,07248,07249,07250,07251,07253,07254,07255,07257,07258,07259,07260,07261,07262,07263,07264,07265,07266,07267,07268,07269,07270,07272,07273,07274,07275,07276,07277,07278,07279,07280,07281,07282,07283,07284,07285,07286,07287,07288,07289,07290,07291,07292,07293,07294,07295,07296,07297,07298,07299,07300,07301,07302,07303,07304,07305,07306,07307,07308,07309,07310,07311,07312,07313,07314,07315,07316,07317,07318,07319,07321,07322,07323,07324,07325,07326,07327,07328,07329,07330,07331,07332,07333,07334,07335,07336,07337,07338,07339,07340,07341,07342,07343,07344,07345,07346,07347,07348,07349}","",2026-03-24 14:41:32.274366+01,gold_establishments_2025,,,,13001321200019,2025,Services de l'Etat,Département,['Ardèche'],['Auvergne-Rhône-Alpes'],DDFIP,{07},{84}
677e4d76-6745-409e-91fd-004e258cdea2,130012669,DDFIP Ariège,false,"{09001,09002,09003,09004,09005,09006,09007,09008,09009,09011,09012,09013,09014,09015,09016,09017,09018,09019,09020,09021,09022,09023,09024,09025,09026,09027,09029,09030,09031,09032,09033,09034,09035,09037,09038,09039,09040,09041,09042,09043,09044,09045,09046,09047,09048,09049,09050,09051,09052,09053,09054,09055,09056,09057,09058,09059,09060,09061,09062,09063,09064,09065,09066,09067,09068,09069,09070,09071,09072,09073,09074,09075,09076,09077,09078,09079,09080,09081,09082,09083,09084,09085,09086,09087,09088,09089,09090,09091,09092,09093,09094,09095,09096,09097,09098,09099,09100,09101,09102,09103,09104,09105,09106,09107,09108,09109,09110,09111,09113,09114,09115,09116,09117,09118,09119,09120,09121,09122,09123,09124,09125,09126,09127,09128,09129,09130,09131,09132,09133,09134,09136,09137,09138,09139,09140,09141,09142,09143,09145,09146,09147,09148,09149,09150,09151,09152,09153,09154,09155,09156,09157,09158,09159,09160,09161,09162,09163,09164,09165,09166,09167,09168,09169,09170,09171,09172,09173,09174,09175,09176,09177,09178,09179,09180,09181,09182,09183,09184,09185,09186,09187,09188,09189,09190,09192,09193,09194,09195,09196,09197,09198,09199,09200,09201,09202,09203,09204,09205,09206,09207,09208,09209,09210,09211,09212,09213,09214,09215,09216,09217,09218,09219,09220,09221,09222,09223,09224,09225,09226,09227,09228,09229,09230,09231,09232,09233,09234,09235,09236,09237,09238,09239,09240,09241,09242,09243,09244,09245,09246,09247,09249,09250,09251,09252,09253,09254,09256,09257,09258,09259,09260,09261,09262,09263,09264,09265,09266,09267,09268,09269,09270,09271,09272,09273,09274,09275,09276,09277,09279,09280,09281,09282,09283,09284,09285,09289,09290,09291,09292,09293,09294,09295,09296,09297,09298,09299,09300,09301,09303,09304,09305,09306,09307,09308,09309,09310,09311,09312,09313,09314,09315,09316,09318,09319,09320,09321,09322,09323,09324,09325,09326,09327,09328,09329,09330,09331,09332,09334,09335,09336,09338,09339,09340,09341,09342}","",2026-03-24 14:41:32.274366+01,gold_establishments_2025,,,,13001266900011,2025,Services de l'Etat,Département,['Ariège'],['Occitanie'],DDFIP,{09},{76}
71fc4c2a-62b4-4191-bab8-f27b8d0441a0,130011406,DDFIP Aube,false,"{10002,10003,10004,10005,10006,10007,10008,10009,10010,10011,10012,10013,10014,10015,10017,10018,10019,10020,10021,10022,10023,10024,10025,10026,10027,10028,10029,10030,10031,10032,10033,10034,10035,10037,10038,10039,10040,10041,10042,10043,10044,10045,10046,10047,10048,10049,10050,10051,10052,10053,10054,10055,10056,10057,10058,10059,10060,10061,10062,10063,10064,10065,10066,10067,10068,10069,10070,10071,10072,10073,10074,10075,10076,10077,10078,10079,10080,10081,10082,10083,10084,10085,10086,10087,10089,10090,10091,10092,10093,10094,10095,10096,10097,10098,10099,10100,10101,10102,10103,10104,10105,10106,10107,10108,10109,10110,10111,10112,10113,10114,10115,10116,10117,10118,10119,10120,10121,10122,10123,10124,10125,10126,10127,10128,10129,10130,10131,10132,10133,10134,10135,10136,10137,10138,10139,10140,10141,10142,10143,10144,10145,10146,10147,10148,10149,10150,10151,10153,10154,10155,10156,10157,10158,10159,10160,10161,10162,10163,10164,10165,10166,10167,10168,10169,10170,10171,10172,10173,10174,10175,10176,10177,10178,10179,10180,10181,10182,10183,10184,10185,10186,10187,10188,10189,10190,10191,10192,10193,10194,10195,10196,10197,10198,10199,10200,10201,10202,10203,10204,10205,10206,10207,10208,10209,10210,10211,10212,10213,10214,10215,10216,10217,10218,10219,10220,10221,10222,10223,10224,10225,10226,10227,10228,10229,10230,10231,10232,10233,10234,10235,10236,10237,10238,10239,10240,10241,10242,10243,10245,10246,10247,10248,10249,10250,10251,10252,10253,10254,10255,10256,10257,10258,10259,10260,10261,10262,10263,10264,10265,10266,10267,10268,10269,10270,10271,10272,10273,10274,10275,10276,10278,10279,10280,10281,10282,10283,10284,10285,10286,10287,10288,10289,10290,10291,10293,10294,10295,10296,10297,10298,10299,10300,10301,10302,10303,10304,10305,10306,10307,10308,10309,10310,10312,10313,10314,10315,10316,10317,10318,10319,10320,10321,10323,10324,10325,10326,10327,10328,10329,10330,10331,10332,10333,10334,10335,10336,10337,10338,10339,10340,10341,10342,10343,10344,10345,10346,10347,10348,10349,10350,10351,10352,10353,10354,10355,10356,10357,10358,10359,10360,10361,10362,10363,10364,10365,10366,10367,10368,10369,10370,10371,10372,10373,10374,10375,10376,10377,10378,10379,10380,10381,10382,10383,10384,10386,10387,10388,10389,10390,10391,10392,10393,10394,10395,10396,10397,10398,10399,10400,10401,10402,10403,10404,10405,10406,10408,10409,10410,10411,10412,10414,10416,10417,10418,10419,10420,10421,10422,10423,10424,10425,10426,10427,10428,10429,10430,10431,10432,10433,10434,10435,10436,10437,10438,10439,10440,10441,10442,10443,10444,10445}","",2026-03-24 14:41:32.274366+01,gold_establishments_2025,,,,13001140600019,2025,Services de l'Etat,Département,['Aube'],['Grand Est'],DDFIP,{10},{44}
1b93d2c4-9884-414f-b815-04d9543e0d3c,130010085,DDFIP Aude,false,"{11001,11002,11003,11004,11005,11006,11007,11008,11009,11010,11011,11012,11013,11014,11015,11016,11017,11018,11019,11020,11021,11022,11023,11024,11025,11026,11027,11028,11029,11030,11031,11032,11033,11034,11035,11036,11037,11038,11039,11040,11041,11042,11043,11044,11045,11046,11047,11048,11049,11051,11052,11053,11054,11055,11056,11057,11058,11059,11060,11061,11062,11063,11064,11065,11066,11067,11068,11069,11070,11071,11072,11073,11074,11075,11076,11077,11078,11079,11080,11081,11082,11083,11084,11085,11086,11087,11088,11089,11090,11091,11092,11093,11094,11095,11096,11098,11099,11100,11101,11102,11103,11104,11105,11106,11107,11108,11109,11110,11111,11112,11113,11114,11115,11116,11117,11118,11119,11120,11121,11122,11123,11124,11125,11126,11127,11128,11129,11130,11131,11132,11133,11134,11135,11136,11137,11138,11139,11140,11141,11142,11143,11144,11145,11146,11147,11148,11149,11150,11151,11152,11153,11154,11155,11156,11157,11158,11159,11160,11161,11162,11163,11164,11165,11166,11167,11168,11169,11170,11172,11173,11174,11175,11176,11177,11178,11179,11180,11181,11182,11183,11184,11185,11186,11187,11188,11189,11190,11191,11192,11193,11194,11195,11196,11197,11198,11199,11200,11201,11202,11203,11204,11205,11206,11207,11208,11209,11210,11211,11212,11213,11214,11215,11216,11217,11218,11219,11220,11221,11222,11223,11224,11225,11226,11227,11228,11229,11230,11231,11232,11233,11234,11235,11236,11238,11239,11240,11241,11242,11243,11244,11245,11246,11247,11248,11249,11250,11251,11252,11253,11254,11255,11256,11257,11258,11259,11260,11261,11262,11263,11264,11265,11266,11267,11268,11269,11270,11271,11272,11273,11274,11275,11276,11277,11278,11279,11280,11281,11282,11283,11284,11285,11286,11287,11288,11289,11290,11291,11292,11293,11294,11295,11296,11297,11299,11300,11301,11302,11303,11304,11305,11306,11307,11308,11309,11310,11311,11312,11313,11314,11315,11316,11317,11318,11319,11320,11321,11322,11323,11324,11325,11326,11327,11328,11330,11331,11332,11333,11334,11335,11336,11337,11338,11339,11340,11341,11342,11343,11344,11345,11346,11347,11348,11350,11351,11352,11353,11354,11355,11356,11357,11358,11359,11360,11361,11362,11363,11364,11365,11366,11367,11368,11369,11370,11371,11372,11373,11374,11375,11376,11377,11378,11379,11380,11381,11382,11383,11384,11385,11386,11387,11388,11389,11390,11391,11392,11393,11394,11395,11396,11397,11398,11399,11400,11401,11402,11404,11405,11406,11407,11408,11409,11410,11411,11412,11413,11414,11415,11416,11417,11418,11419,11420,11421,11422,11423,11424,11425,11426,11427,11428,11429,11430,11431,11432,11433,11434,11435,11436,11437,11438,11439,11440,11441}","",2026-03-24 14:41:32.274366+01,gold_establishments_2025,,,,13001008500012,2025,Services de l'Etat,Département,['Aude'],['Occitanie'],DDFIP,{11},{76}
155c9162-0ff5-4b97-8e9f-21a24b9e6447,130012917,DDFIP Aveyron,false,"{12001,12002,12003,12004,12006,12007,12008,12009,12010,12011,12012,12013,12015,12016,12017,12018,12019,12021,12022,12023,12024,12025,12026,12027,12028,12029,12030,12031,12032,12033,12034,12035,12036,12037,12038,12039,12041,12042,12043,12044,12045,12046,12047,12048,12049,12050,12051,12052,12053,12054,12055,12056,12057,12058,12059,12060,12061,12062,12063,12064,12065,12066,12067,12068,12069,12070,12071,12072,12073,12074,12075,12077,12078,12079,12080,12082,12083,12084,12085,12086,12088,12089,12090,12091,12092,12093,12094,12095,12096,12097,12098,12099,12100,12101,12102,12103,12104,12105,12106,12107,12108,12109,12110,12111,12113,12115,12116,12118,12119,12120,12121,12122,12124,12125,12127,12128,12129,12130,12131,12133,12134,12135,12136,12137,12138,12139,12140,12141,12142,12143,12144,12145,12146,12147,12148,12149,12150,12151,12152,12153,12154,12155,12156,12157,12158,12159,12160,12161,12162,12163,12164,12165,12166,12167,12168,12169,12170,12171,12172,12174,12175,12176,12177,12178,12179,12180,12181,12182,12183,12184,12185,12186,12187,12188,12189,12190,12191,12192,12193,12194,12195,12197,12198,12199,12200,12201,12202,12203,12204,12205,12206,12207,12208,12209,12210,12211,12212,12213,12214,12215,12216,12217,12219,12220,12221,12222,12223,12224,12225,12226,12227,12228,12229,12230,12231,12232,12233,12234,12235,12236,12237,12238,12239,12240,12241,12242,12243,12244,12246,12247,12248,12249,12250,12251,12252,12253,12254,12255,12256,12257,12258,12259,12260,12261,12262,12263,12264,12265,12266,12267,12268,12269,12270,12272,12273,12274,12275,12276,12277,12278,12280,12281,12282,12283,12284,12286,12287,12288,12289,12290,12291,12292,12293,12294,12295,12296,12297,12298,12299,12300,12301,12303,12305,12307}","",2026-03-24 14:41:32.274366+01,gold_establishments_2025,,,,13001291700014,2025,Services de l'Etat,Département,['Aveyron'],['Occitanie'],DDFIP,{12},{76}
a91db2c9-279c-4b95-a78a-41ea0150f521,130010028,DDFIP Calvados,false,"{14001,14003,14005,14006,14007,14009,14012,14014,14015,14016,14019,14020,14021,14022,14023,14024,14025,14026,14027,14030,14032,14033,14034,14035,14036,14037,14038,14039,14040,14041,14042,14043,14044,14045,14046,14047,14049,14050,14053,14054,14055,14057,14059,14060,14061,14062,14063,14064,14066,14068,14069,14070,14076,14077,14078,14079,14080,14082,14083,14084,14085,14086,14087,14088,14089,14090,14091,14092,14093,14096,14097,14098,14100,14101,14102,14103,14104,14106,14107,14110,14111,14116,14117,14118,14119,14120,14121,14122,14123,14124,14125,14126,14127,14130,14131,14132,14134,14135,14136,14137,14138,14140,14141,14143,14145,14146,14147,14149,14150,14159,14160,14161,14162,14163,14165,14166,14167,14168,14169,14171,14172,14173,14174,14175,14177,14179,14180,14181,14182,14183,14184,14190,14191,14193,14194,14195,14196,14197,14198,14200,14202,14203,14204,14205,14206,14207,14209,14211,14214,14215,14216,14218,14220,14221,14223,14224,14225,14226,14227,14228,14229,14230,14231,14232,14236,14237,14238,14239,14240,14241,14242,14243,14244,14245,14246,14248,14249,14250,14251,14252,14254,14256,14257,14258,14260,14261,14266,14269,14270,14271,14272,14273,14274,14275,14276,14277,14278,14280,14281,14282,14283,14284,14285,14286,14287,14288,14289,14290,14291,14293,14297,14298,14299,14301,14302,14303,14304,14305,14306,14308,14309,14310,14311,14312,14316,14318,14319,14320,14322,14325,14326,14327,14328,14329,14332,14333,14334,14335,14336,14337,14338,14341,14342,14343,14344,14345,14346,14347,14348,14349,14352,14353,14354,14355,14357,14358,14360,14362,14364,14365,14366,14367,14368,14369,14370,14371,14374,14375,14377,14378,14379,14380,14381,14383,14384,14385,14389,14390,14391,14393,14394,14396,14397,14398,14399,14400,14401,14402,14403,14404,14405,14406,14407,14408,14409,14410,14411,14412,14419,14421,14424,14425,14426,14427,14430,14431,14435,14436,14437,14438,14439,14445,14446,14448,14449,14452,14453,14454,14455,14456,14457,14458,14460,14461,14465,14466,14467,14468,14469,14473,14474,14475,14476,14478,14480,14482,14483,14484,14486,14487,14488,14491,14492,14494,14495,14496,14497,14498,14499,14500,14501,14502,14504,14506,14509,14510,14511,14512,14514,14515,14516,14519,14520,14522,14524,14527,14528,14529,14530,14531,14533,14534,14535,14536,14538,14540,14541,14542,14543,14546,14547,14550,14552,14554,14555,14556,14557,14558,14559,14562,14563,14565,14566,14569,14570,14571,14572,14574,14575,14576,14578,14579,14582,14586,14587,14588,14589,14590,14591,14592,14593,14595,14598,14601,14602,14603,14605,14606,14607,14609,14610,14613,14614,14619,14620,14621,14622,14625,14626,14627,14630,14635,14637,14639,14640,14643,14644,14645,14646,14648,14649,14650,14651,14652,14654,14656,14657,14658,14659,14660,14661,14663,14664,14665,14666,14667,14668,14669,14672,14674,14675,14676,14677,14678,14679,14680,14681,14682,14684,14685,14687,14689,14692,14694,14698,14699,14700,14701,14705,14706,14707,14708,14709,14710,14711,14712,14713,14714,14715,14716,14719,14720,14721,14723,14724,14726,14728,14731,14732,14733,14734,14735,14737,14738,14739,14740,14741,14742,14743,14744,14745,14747,14748,14751,14752,14753,14754,14755,14756,14758,14759,14760,14761,14762,14764}","",2026-03-24 14:41:32.274366+01,gold_establishments_2025,,,,13001002800012,2025,Services de l'Etat,Département,['Calvados'],['Normandie'],DDFIP,{14},{28}
b54864b3-7c65-48a7-9840-3e9b34491be4,130014715,DDFIP Cantal,false,"{15001,15002,15003,15004,15005,15006,15007,15008,15009,15010,15011,15012,15013,15014,15015,15016,15017,15018,15019,15020,15021,15022,15024,15025,15026,15027,15028,15029,15030,15032,15033,15034,15036,15037,15038,15040,15041,15042,15043,15045,15046,15048,15049,15050,15051,15052,15053,15054,15055,15056,15057,15058,15059,15060,15061,15063,15064,15065,15066,15067,15069,15070,15072,15073,15074,15075,15076,15077,15078,15079,15080,15081,15082,15083,15084,15085,15086,15087,15088,15089,15090,15091,15092,15093,15094,15095,15096,15097,15098,15100,15101,15102,15103,15104,15105,15106,15107,15108,15110,15111,15112,15113,15114,15116,15117,15118,15119,15120,15121,15122,15123,15124,15125,15126,15127,15128,15129,15130,15131,15132,15133,15134,15135,15137,15138,15139,15140,15141,15142,15143,15144,15146,15147,15148,15149,15151,15152,15153,15154,15155,15156,15157,15158,15159,15160,15161,15162,15163,15164,15165,15166,15167,15168,15169,15170,15172,15173,15174,15175,15176,15178,15179,15180,15181,15182,15183,15184,15185,15186,15187,15188,15189,15190,15191,15192,15194,15196,15198,15199,15200,15201,15202,15203,15204,15205,15206,15207,15208,15209,15211,15212,15213,15214,15215,15216,15217,15218,15219,15220,15221,15222,15223,15224,15225,15226,15228,15229,15230,15231,15232,15233,15234,15235,15236,15237,15238,15240,15241,15242,15243,15244,15245,15246,15247,15248,15249,15250,15251,15252,15253,15254,15255,15256,15257,15258,15259,15260,15261,15262,15263,15264,15265,15266,15267,15268,15269}","",2026-03-24 14:41:32.274366+01,gold_establishments_2025,,,,13001471500010,2025,Services de l'Etat,Département,['Cantal'],['Auvergne-Rhône-Alpes'],DDFIP,{15},{84}
0cde0633-1f77-4eaa-9642-a328c861b25e,130012818,DDFIP Charente,false,"{16001,16002,16003,16005,16007,16008,16009,16011,16012,16013,16014,16015,16016,16018,16019,16020,16023,16024,16025,16026,16027,16028,16029,16030,16031,16032,16034,16035,16036,16037,16038,16039,16040,16041,16042,16044,16045,16046,16047,16048,16049,16050,16052,16053,16054,16055,16056,16057,16058,16059,16060,16061,16062,16063,16064,16065,16066,16067,16068,16069,16070,16071,16072,16073,16074,16075,16076,16077,16078,16079,16081,16082,16083,16084,16085,16086,16087,16088,16089,16090,16091,16093,16095,16096,16097,16098,16099,16100,16101,16102,16103,16104,16105,16106,16107,16108,16109,16110,16111,16112,16113,16114,16116,16117,16118,16119,16120,16121,16122,16123,16124,16125,16127,16128,16130,16131,16132,16133,16134,16135,16136,16137,16138,16139,16141,16142,16143,16144,16145,16146,16148,16150,16151,16152,16153,16154,16155,16157,16158,16160,16161,16162,16163,16164,16165,16166,16167,16168,16169,16170,16171,16173,16174,16175,16176,16177,16178,16180,16181,16182,16183,16184,16185,16186,16187,16188,16189,16190,16191,16192,16193,16194,16195,16196,16197,16198,16199,16200,16203,16204,16205,16206,16207,16208,16209,16210,16211,16212,16213,16215,16216,16217,16218,16220,16221,16222,16223,16224,16225,16227,16229,16230,16231,16232,16233,16234,16236,16237,16239,16240,16241,16242,16243,16244,16245,16246,16248,16249,16250,16251,16252,16253,16254,16255,16256,16258,16260,16261,16263,16264,16267,16268,16269,16270,16271,16272,16273,16275,16276,16277,16279,16280,16281,16282,16283,16284,16285,16286,16287,16289,16290,16291,16292,16293,16295,16297,16298,16300,16301,16302,16303,16304,16306,16307,16308,16310,16312,16315,16316,16317,16318,16320,16321,16323,16325,16326,16329,16330,16331,16334,16335,16336,16337,16338,16339,16340,16341,16342,16343,16345,16346,16347,16348,16349,16350,16352,16353,16354,16356,16357,16358,16359,16360,16361,16362,16363,16364,16365,16366,16368,16369,16370,16372,16373,16374,16375,16377,16378,16379,16380,16381,16382,16383,16384,16385,16387,16388,16389,16390,16392,16393,16394,16395,16396,16397,16398,16399,16400,16401,16402,16403,16404,16405,16406,16408,16409,16412,16413,16414,16415,16416,16418,16419,16420,16421,16422,16423,16424,16425}","",2026-03-24 14:41:32.274366+01,gold_establishments_2025,,,,13001281800014,2025,Services de l'Etat,Département,['Charente'],['Nouvelle-Aquitaine'],DDFIP,{16},{75}
d870b7ac-31d9-4c00-b32e-299e918c767c,130011414,DDFIP Charente-Maritime,false,"{17002,17003,17004,17005,17006,17007,17008,17009,17010,17011,17012,17013,17015,17016,17017,17018,17019,17020,17021,17022,17023,17024,17025,17026,17027,17028,17029,17030,17031,17032,17033,17034,17035,17036,17037,17038,17039,17041,17042,17043,17044,17045,17046,17047,17048,17049,17050,17051,17052,17053,17054,17055,17056,17057,17058,17059,17060,17061,17062,17063,17064,17065,17066,17067,17068,17069,17070,17071,17072,17073,17074,17075,17076,17077,17078,17079,17080,17081,17082,17083,17084,17085,17086,17087,17089,17091,17092,17093,17094,17095,17096,17097,17098,17099,17100,17101,17102,17104,17105,17106,17107,17108,17109,17110,17111,17112,17113,17114,17115,17116,17117,17118,17119,17120,17121,17122,17124,17125,17126,17127,17128,17129,17130,17131,17132,17133,17134,17135,17136,17137,17138,17139,17140,17141,17142,17143,17145,17146,17147,17148,17149,17150,17151,17152,17153,17154,17155,17156,17157,17158,17159,17160,17161,17162,17163,17164,17165,17166,17167,17168,17171,17172,17173,17174,17175,17176,17177,17178,17179,17180,17181,17182,17183,17184,17185,17186,17187,17188,17190,17191,17192,17193,17194,17195,17196,17197,17198,17199,17200,17201,17202,17203,17204,17205,17206,17207,17208,17209,17210,17211,17212,17213,17214,17215,17216,17217,17218,17219,17220,17221,17222,17223,17224,17225,17226,17227,17228,17229,17230,17231,17232,17233,17234,17235,17236,17237,17239,17240,17241,17242,17243,17244,17245,17246,17247,17248,17249,17250,17252,17253,17254,17255,17256,17257,17258,17259,17260,17261,17262,17263,17264,17265,17266,17267,17268,17269,17270,17271,17273,17274,17275,17276,17277,17278,17279,17280,17281,17282,17283,17284,17285,17286,17287,17288,17289,17290,17291,17292,17293,17294,17295,17296,17297,17298,17299,17300,17301,17302,17303,17304,17305,17306,17307,17308,17309,17310,17311,17312,17313,17314,17315,17316,17317,17318,17319,17320,17321,17322,17323,17324,17325,17326,17327,17328,17329,17330,17331,17332,17333,17335,17336,17337,17338,17339,17340,17341,17342,17343,17344,17345,17346,17347,17348,17349,17350,17351,17353,17354,17355,17356,17357,17358,17359,17360,17361,17362,17363,17364,17365,17366,17367,17369,17372,17373,17374,17375,17376,17377,17378,17379,17380,17381,17382,17383,17384,17385,17386,17387,17388,17389,17390,17391,17393,17394,17395,17396,17397,17398,17400,17401,17402,17403,17404,17405,17406,17407,17408,17409,17410,17411,17412,17413,17414,17415,17416,17417,17418,17420,17421,17422,17423,17424,17425,17426,17427,17428,17429,17430,17431,17432,17433,17434,17435,17436,17437,17438,17439,17440,17441,17442,17443,17444,17445,17446,17447,17448,17449,17450,17451,17452,17453,17454,17455,17457,17458,17459,17460,17461,17462,17463,17464,17465,17466,17467,17468,17469,17470,17471,17472,17473,17474,17476,17477,17478,17479,17480,17481,17482,17483,17484,17485,17486}","",2026-03-24 14:41:32.274366+01,gold_establishments_2025,,,,13001141400740,2025,Services de l'Etat,Département,['Charente-Maritime'],['Nouvelle-Aquitaine'],DDFIP,{17},{75}
f80a010f-cb16-4854-a8a0-3363cfff3327,130010200,DDFIP Cher,false,"{18001,18002,18003,18004,18005,18006,18007,18008,18009,18010,18011,18012,18013,18014,18015,18016,18017,18018,18019,18020,18021,18022,18023,18024,18025,18026,18027,18028,18029,18030,18031,18032,18033,18034,18035,18036,18037,18038,18039,18040,18041,18042,18043,18044,18045,18046,18047,18048,18049,18050,18051,18052,18053,18054,18055,18056,18057,18058,18059,18060,18061,18062,18063,18064,18065,18066,18067,18068,18069,18070,18071,18072,18073,18074,18075,18076,18077,18078,18079,18080,18081,18082,18083,18084,18085,18086,18087,18088,18089,18090,18091,18092,18093,18094,18095,18096,18097,18098,18099,18100,18101,18102,18103,18104,18105,18106,18107,18108,18109,18110,18111,18112,18113,18114,18115,18116,18117,18118,18119,18120,18121,18122,18124,18125,18126,18127,18128,18129,18130,18132,18133,18134,18135,18136,18137,18138,18139,18140,18141,18142,18143,18144,18145,18146,18147,18148,18149,18150,18151,18152,18153,18154,18155,18156,18157,18158,18159,18160,18161,18162,18163,18164,18165,18166,18167,18168,18169,18170,18171,18172,18173,18174,18175,18176,18177,18178,18179,18180,18181,18182,18183,18184,18185,18186,18187,18188,18189,18190,18191,18192,18193,18194,18195,18196,18197,18198,18199,18200,18201,18202,18203,18204,18205,18206,18207,18208,18209,18210,18211,18212,18213,18214,18215,18216,18217,18218,18219,18220,18221,18223,18224,18225,18226,18227,18228,18229,18230,18231,18232,18233,18234,18235,18236,18237,18238,18240,18241,18242,18243,18244,18245,18246,18247,18248,18249,18250,18251,18252,18253,18254,18255,18256,18257,18258,18259,18260,18261,18262,18263,18264,18265,18266,18267,18268,18269,18270,18271,18272,18273,18274,18275,18276,18277,18278,18279,18280,18281,18282,18283,18284,18285,18286,18287,18288,18289,18290}","",2026-03-24 14:41:32.274366+01,gold_establishments_2025,,,,13001020000017,2025,Services de l'Etat,Département,['Cher'],['Centre-Val de Loire'],DDFIP,{18},{24}
4ce5b94d-4ab0-409e-93f2-66648b96615e,130014723,DDFIP Corrèze,false,"{19001,19002,19003,19004,19005,19006,19007,19008,19009,19010,19011,19012,19013,19014,19015,19016,19017,19018,19019,19020,19021,19022,19023,19024,19025,19026,19027,19028,19029,19030,19031,19033,19034,19035,19036,19037,19038,19039,19040,19041,19042,19043,19044,19045,19046,19047,19048,19049,19050,19051,19052,19053,19054,19055,19056,19057,19058,19059,19060,19061,19062,19063,19064,19065,19066,19067,19068,19069,19070,19071,19072,19073,19074,19075,19076,19077,19078,19079,19080,19081,19082,19083,19084,19085,19086,19087,19088,19089,19090,19091,19093,19094,19095,19096,19097,19098,19099,19100,19101,19102,19103,19104,19105,19106,19107,19108,19109,19110,19111,19112,19113,19114,19115,19116,19117,19118,19119,19120,19121,19122,19123,19124,19125,19126,19128,19129,19130,19131,19132,19133,19134,19135,19136,19137,19138,19139,19140,19141,19142,19143,19144,19145,19146,19147,19148,19149,19150,19151,19152,19153,19154,19155,19156,19157,19158,19159,19160,19161,19162,19163,19164,19165,19166,19167,19168,19169,19170,19171,19172,19173,19174,19175,19176,19177,19178,19179,19180,19181,19182,19184,19186,19187,19188,19189,19190,19191,19192,19193,19194,19195,19196,19198,19199,19200,19201,19202,19203,19204,19205,19206,19207,19208,19209,19210,19211,19212,19213,19214,19215,19216,19217,19219,19220,19221,19222,19225,19226,19227,19228,19229,19231,19232,19233,19234,19235,19236,19237,19238,19239,19240,19241,19242,19243,19244,19245,19246,19247,19248,19249,19250,19251,19252,19253,19254,19255,19256,19257,19258,19259,19260,19261,19262,19263,19264,19265,19266,19268,19269,19270,19271,19272,19273,19274,19275,19276,19277,19278,19279,19280,19281,19283,19284,19285,19286,19287,19288,19289}","",2026-03-24 14:41:32.274366+01,gold_establishments_2025,,,,13001472300014,2025,Services de l'Etat,Département,['Corrèze'],['Nouvelle-Aquitaine'],DDFIP,{19},{75}
5b2c044a-166c-46aa-94f4-8cc90d0ef168,130012644,DDFIP Creuse,false,"{23001,23002,23003,23004,23005,23006,23007,23008,23009,23010,23011,23012,23013,23014,23015,23016,23017,23018,23019,23020,23021,23022,23024,23025,23026,23027,23028,23029,23030,23031,23032,23033,23034,23035,23036,23037,23038,23039,23040,23041,23042,23043,23044,23045,23046,23047,23048,23049,23050,23051,23052,23053,23054,23055,23056,23057,23058,23059,23060,23061,23062,23063,23064,23065,23066,23067,23068,23069,23070,23071,23072,23073,23074,23075,23076,23077,23078,23079,23080,23081,23082,23083,23084,23086,23087,23088,23089,23090,23091,23092,23093,23095,23096,23097,23098,23099,23100,23101,23102,23103,23104,23105,23106,23107,23108,23109,23110,23111,23112,23113,23114,23115,23116,23117,23118,23119,23120,23122,23123,23124,23125,23127,23128,23129,23130,23131,23132,23133,23134,23136,23137,23138,23139,23140,23141,23142,23143,23144,23145,23146,23147,23148,23149,23150,23151,23152,23154,23155,23156,23157,23158,23159,23160,23162,23164,23165,23166,23167,23168,23169,23170,23171,23172,23173,23174,23175,23176,23177,23178,23179,23180,23181,23182,23183,23184,23185,23186,23187,23188,23189,23190,23191,23192,23193,23194,23195,23196,23197,23198,23199,23200,23201,23202,23203,23204,23205,23206,23207,23208,23209,23210,23211,23212,23213,23214,23215,23216,23217,23218,23219,23220,23221,23222,23223,23224,23225,23226,23227,23228,23229,23230,23232,23233,23234,23235,23236,23237,23238,23239,23240,23241,23242,23243,23244,23245,23246,23247,23248,23249,23250,23251,23252,23253,23254,23255,23257,23258,23259,23260,23261,23262,23263,23264,23265,23266}","",2026-03-24 14:41:32.274366+01,gold_establishments_2025,,,,13001264400014,2025,Services de l'Etat,Département,['Creuse'],['Nouvelle-Aquitaine'],DDFIP,{23},{75}
72174695-aa3d-4466-ac53-a35a2f06decd,130010101,DDFIP Côtes-dArmor,false,"{22001,22002,22003,22004,22005,22006,22008,22009,22011,22012,22013,22014,22015,22016,22018,22019,22020,22021,22023,22024,22025,22026,22028,22029,22030,22031,22032,22033,22034,22035,22036,22037,22039,22040,22041,22042,22044,22045,22046,22047,22048,22049,22050,22052,22053,22054,22055,22056,22057,22059,22060,22061,22062,22063,22064,22065,22067,22068,22069,22070,22071,22072,22073,22074,22075,22076,22077,22079,22081,22082,22083,22084,22085,22086,22087,22088,22090,22091,22092,22093,22094,22095,22096,22097,22098,22099,22101,22103,22104,22105,22106,22107,22108,22109,22110,22111,22112,22113,22114,22115,22116,22117,22118,22119,22121,22122,22124,22126,22127,22128,22129,22131,22132,22133,22134,22135,22136,22137,22138,22139,22140,22141,22143,22144,22145,22146,22147,22148,22149,22150,22152,22153,22155,22156,22157,22158,22160,22161,22162,22163,22164,22165,22166,22168,22169,22170,22171,22172,22174,22175,22176,22177,22178,22179,22180,22181,22182,22183,22184,22185,22186,22187,22188,22189,22190,22193,22194,22195,22196,22197,22198,22199,22201,22202,22203,22204,22205,22206,22207,22208,22209,22210,22211,22212,22213,22214,22215,22216,22217,22218,22219,22220,22221,22222,22223,22224,22225,22226,22227,22228,22229,22231,22232,22233,22234,22235,22236,22237,22238,22239,22240,22241,22242,22243,22244,22245,22246,22248,22249,22250,22251,22254,22255,22256,22257,22258,22259,22260,22261,22262,22263,22264,22265,22266,22267,22268,22269,22271,22272,22273,22274,22275,22276,22277,22278,22279,22280,22281,22282,22283,22284,22285,22286,22287,22288,22289,22291,22293,22294,22295,22296,22299,22300,22302,22304,22305,22306,22307,22308,22310,22311,22312,22313,22314,22315,22316,22317,22318,22319,22320,22321,22322,22323,22324,22325,22326,22327,22328,22330,22331,22332,22333,22334,22335,22337,22338,22339,22340,22341,22342,22343,22344,22345,22346,22347,22348,22349,22350,22351,22352,22353,22354,22356,22358,22359,22360,22361,22362,22363,22364,22365,22366,22368,22369,22370,22371,22372,22373,22375,22376,22377,22378,22379,22380,22381,22383,22384,22385,22386,22387,22388,22389,22390,22391}","",2026-03-24 14:41:32.274366+01,gold_establishments_2025,,,,13001010100017,2025,Services de l'Etat,Département,['Côtes-dArmor'],['Bretagne'],DDFIP,{22},{53}
0a25f11d-4e6a-459d-b3bd-063c282c861d,130008436,DDFIP Deux-Sèvres,false,"{79001,79002,79003,79005,79007,79008,79009,79010,79012,79013,79014,79015,79016,79018,79019,79020,79022,79023,79024,79025,79029,79030,79031,79032,79034,79038,79040,79042,79046,79047,79048,79049,79050,79055,79056,79057,79058,79059,79061,79062,79063,79064,79066,79069,79070,79071,79074,79076,79077,79078,79079,79080,79081,79083,79084,79085,79086,79087,79088,79089,79090,79091,79092,79094,79095,79096,79100,79101,79102,79103,79104,79105,79106,79108,79109,79111,79112,79114,79115,79116,79117,79118,79119,79120,79121,79122,79123,79124,79125,79126,79127,79128,79129,79130,79131,79132,79133,79134,79135,79136,79137,79139,79140,79141,79142,79144,79145,79147,79148,79149,79150,79152,79153,79154,79156,79157,79158,79159,79160,79161,79162,79163,79164,79165,79166,79167,79170,79172,79174,79175,79176,79177,79179,79183,79184,79185,79189,79190,79191,79195,79196,79197,79198,79200,79201,79202,79203,79204,79207,79208,79209,79210,79213,79215,79216,79217,79218,79220,79223,79225,79226,79229,79230,79231,79235,79236,79238,79239,79241,79242,79243,79244,79246,79249,79250,79251,79252,79253,79254,79255,79256,79257,79258,79259,79263,79265,79267,79268,79269,79270,79271,79273,79274,79276,79277,79278,79280,79281,79283,79284,79285,79286,79289,79290,79293,79294,79295,79297,79298,79299,79300,79301,79302,79303,79304,79306,79307,79308,79309,79310,79311,79312,79313,79316,79319,79320,79322,79326,79329,79331,79332,79334,79335,79336,79337,79338,79339,79340,79341,79342,79343,79345,79346,79347,79348,79349,79350,79351,79352,79354,79355,79357}","",2026-03-24 14:41:32.274366+01,gold_establishments_2025,,,,13000843600011,2025,Services de l'Etat,Département,['Deux-Sèvres'],['Nouvelle-Aquitaine'],DDFIP,{79},{75}
0f4f63ad-077c-4057-865f-037be70d7348,130014731,DDFIP Dordogne,false,"{24001,24002,24004,24005,24006,24007,24008,24009,24010,24011,24012,24014,24015,24016,24018,24019,24020,24021,24022,24023,24024,24025,24026,24027,24028,24029,24030,24031,24032,24034,24035,24036,24037,24038,24039,24040,24042,24043,24045,24046,24048,24050,24051,24052,24053,24054,24055,24056,24057,24058,24059,24060,24061,24062,24063,24064,24066,24067,24068,24069,24070,24071,24073,24074,24075,24076,24077,24080,24081,24082,24083,24084,24085,24086,24087,24088,24090,24091,24094,24095,24096,24097,24098,24100,24101,24102,24104,24105,24106,24107,24108,24109,24110,24111,24113,24114,24115,24116,24117,24119,24120,24121,24122,24123,24124,24126,24128,24129,24130,24131,24132,24133,24134,24135,24136,24137,24138,24139,24140,24141,24142,24143,24144,24145,24146,24147,24148,24150,24151,24152,24153,24154,24155,24156,24157,24158,24159,24160,24161,24162,24163,24164,24165,24167,24168,24171,24172,24174,24175,24176,24177,24179,24180,24182,24183,24184,24186,24188,24189,24190,24191,24192,24193,24194,24195,24196,24197,24199,24200,24202,24205,24206,24207,24208,24209,24210,24211,24212,24213,24214,24215,24216,24217,24218,24220,24221,24222,24223,24224,24225,24226,24227,24228,24229,24230,24231,24232,24234,24236,24237,24238,24240,24241,24242,24243,24244,24245,24246,24247,24248,24251,24252,24253,24254,24255,24256,24257,24259,24260,24261,24262,24263,24264,24266,24267,24268,24269,24271,24272,24273,24274,24276,24277,24278,24279,24280,24281,24282,24284,24285,24286,24287,24288,24289,24290,24291,24292,24293,24294,24295,24296,24297,24299,24300,24301,24302,24303,24304,24305,24306,24307,24308,24309,24311,24312,24313,24316,24317,24318,24319,24320,24321,24322,24323,24324,24325,24326,24327,24328,24329,24330,24331,24334,24335,24336,24337,24338,24339,24340,24341,24345,24346,24347,24348,24349,24350,24351,24352,24353,24354,24355,24356,24357,24359,24360,24361,24362,24364,24365,24366,24367,24370,24371,24372,24373,24374,24375,24376,24377,24378,24379,24380,24381,24382,24383,24384,24385,24386,24388,24390,24392,24393,24394,24395,24396,24397,24398,24399,24401,24403,24404,24405,24406,24407,24408,24409,24410,24411,24412,24413,24414,24415,24416,24417,24418,24419,24420,24421,24422,24423,24424,24425,24426,24428,24429,24432,24434,24436,24437,24438,24441,24442,24443,24444,24445,24446,24448,24449,24450,24451,24452,24453,24454,24455,24456,24457,24458,24459,24460,24461,24462,24463,24464,24465,24466,24468,24470,24471,24472,24473,24474,24476,24477,24478,24479,24480,24481,24482,24483,24484,24485,24486,24487,24488,24489,24490,24491,24492,24493,24494,24495,24496,24498,24499,24500,24501,24502,24504,24505,24507,24508,24509,24510,24511,24512,24513,24514,24515,24516,24517,24518,24519,24520,24521,24522,24523,24524,24525,24526,24527,24528,24529,24531,24532,24533,24534,24535,24536,24537,24538,24540,24541,24542,24543,24544,24545,24546,24547,24548,24549,24550,24551,24552,24553,24554,24555,24557,24558,24559,24560,24562,24563,24564,24565,24566,24567,24568,24569,24570,24571,24572,24573,24574,24575,24576,24577,24580,24581,24582,24584,24585,24586,24587}","",2026-03-24 14:41:32.274366+01,gold_establishments_2025,,,,13001473100504,2025,Services de l'Etat,Département,['Dordogne'],['Nouvelle-Aquitaine'],DDFIP,{24},{75}
083c1762-bdb6-4ad3-bdb5-9d424ff6c5f1,130011646,DDFIP Doubs,false,"{25001,25002,25003,25004,25005,25006,25007,25008,25009,25011,25012,25013,25014,25015,25016,25017,25018,25019,25020,25021,25022,25024,25025,25026,25029,25030,25031,25032,25033,25035,25036,25038,25039,25040,25041,25042,25043,25044,25045,25046,25047,25048,25049,25050,25051,25052,25053,25054,25055,25056,25057,25058,25059,25060,25061,25062,25063,25065,25066,25067,25070,25071,25072,25073,25074,25075,25077,25078,25079,25082,25083,25084,25085,25086,25087,25088,25089,25090,25091,25092,25093,25094,25095,25096,25097,25098,25099,25100,25101,25102,25103,25104,25105,25106,25107,25108,25109,25110,25111,25112,25113,25114,25115,25116,25117,25119,25120,25121,25122,25124,25125,25126,25127,25129,25130,25131,25132,25133,25136,25138,25139,25141,25142,25143,25145,25147,25148,25149,25150,25151,25152,25153,25154,25155,25156,25157,25159,25160,25161,25162,25163,25164,25166,25170,25171,25172,25173,25174,25175,25176,25177,25178,25179,25180,25181,25182,25183,25184,25185,25186,25187,25188,25189,25190,25191,25192,25193,25194,25195,25196,25197,25198,25199,25200,25201,25202,25203,25204,25207,25208,25209,25210,25211,25212,25213,25214,25215,25216,25217,25218,25219,25220,25221,25222,25223,25224,25225,25226,25227,25228,25229,25230,25231,25232,25233,25234,25235,25236,25237,25238,25239,25240,25241,25242,25243,25244,25245,25246,25247,25248,25249,25251,25252,25253,25254,25255,25256,25257,25258,25259,25261,25262,25263,25264,25265,25266,25267,25268,25269,25270,25271,25273,25274,25275,25276,25277,25278,25279,25280,25281,25283,25284,25285,25286,25287,25288,25289,25290,25293,25295,25296,25298,25299,25300,25301,25304,25305,25306,25307,25308,25309,25310,25311,25312,25313,25314,25315,25316,25317,25318,25320,25321,25322,25323,25324,25325,25326,25327,25328,25329,25330,25331,25332,25333,25334,25335,25336,25338,25339,25340,25341,25342,25343,25344,25345,25346,25348,25349,25350,25351,25354,25355,25356,25357,25359,25360,25361,25362,25364,25365,25366,25367,25368,25369,25370,25371,25372,25373,25374,25375,25376,25377,25378,25379,25380,25381,25382,25383,25384,25385,25386,25387,25388,25389,25390,25391,25392,25393,25394,25395,25397,25400,25401,25402,25403,25404,25405,25406,25408,25410,25411,25413,25414,25415,25416,25417,25418,25419,25420,25421,25422,25424,25425,25426,25427,25428,25429,25430,25431,25432,25433,25434,25435,25436,25437,25438,25439,25440,25441,25442,25443,25444,25445,25446,25447,25448,25449,25450,25451,25452,25453,25454,25455,25456,25457,25458,25459,25460,25461,25462,25463,25464,25465,25466,25467,25468,25469,25470,25471,25472,25473,25474,25475,25476,25477,25478,25479,25481,25482,25483,25485,25486,25487,25488,25489,25490,25491,25492,25493,25494,25495,25496,25497,25498,25499,25500,25501,25502,25503,25504,25505,25506,25507,25508,25510,25511,25512,25513,25514,25515,25516,25517,25518,25519,25520,25521,25522,25523,25524,25525,25526,25527,25528,25529,25532,25534,25535,25536,25537,25538,25539,25540,25541,25542,25544,25545,25546,25547,25548,25550,25551,25552,25553,25554,25555,25556,25557,25558,25559,25560,25561,25562,25563,25564,25565,25566,25567,25569,25570,25571,25572,25573,25574,25575,25578,25579,25580,25582,25583,25584,25586,25588,25589,25590,25591,25592,25594,25595,25596,25597,25598,25599,25600,25601,25602,25604,25605,25607,25608,25609,25611,25612,25613,25614,25615,25616,25617,25618,25619,25621,25622,25623,25624,25625,25626,25627,25629,25630,25631,25632,25633,25634,25635}","",2026-03-24 14:41:32.274366+01,gold_establishments_2025,,,,13001164600010,2025,Services de l'Etat,Département,['Doubs'],['Bourgogne-Franche-Comté'],DDFIP,{25},{27}
4785e06e-0450-453c-8af3-9dc41a6013c0,130010119,DDFIP Drôme,false,"{26001,26002,26003,26004,26005,26006,26007,26008,26009,26010,26011,26012,26013,26014,26015,26016,26017,26018,26019,26020,26021,26022,26023,26024,26025,26026,26027,26028,26030,26031,26032,26033,26034,26035,26036,26037,26038,26039,26040,26041,26042,26043,26045,26046,26047,26048,26049,26050,26051,26052,26054,26055,26056,26057,26058,26059,26060,26061,26062,26063,26064,26065,26066,26067,26068,26069,26070,26071,26072,26073,26074,26075,26076,26077,26078,26079,26080,26081,26082,26083,26084,26085,26086,26087,26088,26089,26090,26091,26092,26093,26094,26095,26096,26097,26098,26099,26100,26101,26102,26103,26104,26105,26106,26107,26108,26110,26111,26112,26113,26114,26115,26116,26117,26118,26119,26121,26122,26123,26124,26125,26126,26127,26128,26129,26130,26131,26133,26134,26135,26136,26137,26138,26139,26140,26141,26142,26143,26144,26145,26146,26147,26148,26149,26150,26152,26153,26154,26155,26156,26157,26159,26160,26161,26162,26163,26164,26165,26166,26167,26168,26169,26170,26171,26172,26173,26174,26175,26176,26177,26178,26179,26180,26181,26182,26183,26185,26186,26188,26189,26190,26191,26192,26193,26194,26195,26196,26197,26198,26199,26200,26201,26202,26203,26204,26205,26206,26207,26208,26209,26210,26211,26212,26213,26214,26215,26216,26217,26218,26220,26221,26222,26223,26224,26225,26226,26227,26228,26229,26231,26232,26233,26234,26235,26236,26238,26239,26240,26241,26242,26243,26244,26245,26246,26247,26248,26249,26250,26251,26252,26253,26254,26255,26256,26257,26258,26259,26261,26262,26263,26264,26266,26267,26268,26269,26270,26271,26272,26273,26274,26275,26276,26277,26278,26279,26281,26282,26283,26284,26285,26286,26287,26288,26289,26290,26291,26292,26293,26294,26295,26296,26298,26299,26300,26301,26302,26303,26304,26305,26306,26307,26308,26309,26310,26311,26312,26313,26314,26315,26316,26317,26318,26319,26320,26321,26322,26323,26324,26325,26326,26327,26328,26329,26330,26331,26332,26333,26334,26335,26336,26337,26338,26339,26340,26341,26342,26343,26344,26345,26346,26347,26348,26349,26350,26351,26352,26353,26355,26356,26357,26358,26359,26360,26361,26362,26363,26364,26365,26367,26368,26369,26370,26372,26373,26374,26375,26376,26377,26378,26379,26380,26381,26382}","",2026-03-24 14:41:32.274366+01,gold_establishments_2025,,,,13001011900019,2025,Services de l'Etat,Département,['Drôme'],['Auvergne-Rhône-Alpes'],DDFIP,{26},{84}
991cfc13-d172-445c-b019-f3174b710677,130008451,DDFIP Essonne,false,"{91001,91016,91017,91021,91022,91027,91035,91037,91038,91041,91044,91045,91047,91064,91067,91069,91075,91079,91080,91081,91085,91086,91093,91095,91097,91098,91099,91100,91103,91105,91106,91109,91111,91112,91114,91115,91121,91122,91129,91130,91131,91132,91135,91136,91137,91145,91148,91156,91159,91161,91174,91175,91179,91180,91184,91186,91191,91195,91198,91200,91201,91204,91207,91215,91216,91223,91225,91226,91228,91232,91235,91240,91243,91244,91247,91248,91249,91272,91273,91274,91275,91284,91286,91292,91293,91294,91312,91315,91318,91319,91326,91330,91332,91333,91338,91339,91340,91345,91347,91359,91363,91374,91376,91377,91378,91386,91390,91393,91399,91405,91408,91411,91412,91414,91421,91425,91432,91433,91434,91435,91441,91457,91458,91461,91463,91468,91469,91471,91473,91477,91479,91482,91494,91495,91507,91508,91511,91514,91519,91521,91525,91526,91533,91534,91538,91540,91544,91546,91547,91549,91552,91553,91556,91560,91568,91570,91573,91577,91578,91579,91581,91587,91589,91593,91599,91600,91602,91613,91617,91619,91629,91630,91631,91634,91635,91639,91645,91648,91649,91654,91657,91659,91661,91662,91665,91666,91667,91671,91679,91685,91687,91689,91691,91692}","",2026-03-24 14:41:32.274366+01,gold_establishments_2025,,,,13000845100010,2025,Services de l'Etat,Département,['Essonne'],['Île-de-France'],DDFIP,{91},{11}
85d7b758-2a51-4ce2-b4e5-6194bc35489c,130012867,DDFIP Eure,false,"{27001,27002,27003,27004,27005,27006,27008,27009,27010,27011,27012,27013,27014,27015,27016,27017,27018,27019,27020,27021,27022,27023,27025,27026,27027,27028,27031,27032,27033,27034,27035,27036,27037,27038,27039,27040,27042,27043,27044,27045,27046,27047,27048,27049,27050,27051,27052,27053,27054,27055,27056,27057,27059,27061,27062,27063,27064,27065,27066,27067,27068,27069,27070,27071,27072,27073,27074,27075,27076,27077,27078,27079,27081,27082,27083,27085,27089,27090,27091,27094,27095,27096,27097,27098,27099,27100,27101,27102,27103,27104,27105,27106,27107,27108,27109,27110,27111,27112,27113,27114,27115,27116,27117,27118,27119,27120,27123,27124,27125,27126,27127,27129,27130,27132,27133,27134,27135,27136,27137,27138,27139,27140,27141,27142,27144,27146,27147,27148,27149,27151,27152,27153,27154,27155,27156,27157,27158,27161,27162,27163,27164,27165,27167,27168,27169,27170,27171,27173,27174,27176,27177,27179,27180,27181,27182,27183,27184,27185,27187,27188,27189,27190,27191,27192,27193,27194,27196,27198,27199,27200,27201,27202,27203,27204,27205,27206,27207,27208,27209,27210,27212,27213,27214,27215,27216,27217,27218,27219,27220,27222,27224,27226,27227,27228,27229,27230,27231,27232,27233,27234,27235,27237,27238,27239,27240,27241,27242,27243,27245,27246,27247,27248,27249,27251,27252,27254,27256,27258,27259,27260,27261,27263,27266,27267,27269,27271,27273,27275,27276,27277,27278,27279,27280,27281,27282,27284,27285,27286,27287,27288,27289,27290,27291,27294,27295,27298,27299,27300,27301,27302,27304,27306,27307,27309,27310,27311,27312,27313,27315,27316,27317,27318,27319,27320,27321,27322,27323,27324,27325,27326,27327,27329,27330,27331,27332,27333,27334,27335,27336,27337,27338,27339,27340,27341,27342,27343,27345,27346,27347,27348,27349,27350,27351,27353,27354,27355,27358,27359,27360,27361,27363,27364,27365,27366,27367,27368,27369,27370,27371,27372,27373,27374,27375,27376,27377,27378,27379,27380,27381,27382,27383,27384,27385,27386,27388,27389,27390,27391,27392,27393,27394,27395,27396,27397,27398,27399,27400,27401,27403,27404,27405,27406,27407,27408,27410,27411,27412,27413,27414,27415,27417,27418,27419,27420,27421,27422,27423,27424,27425,27426,27427,27428,27429,27430,27431,27432,27433,27434,27435,27436,27437,27438,27439,27440,27441,27442,27444,27445,27446,27447,27448,27451,27453,27454,27455,27456,27457,27458,27459,27460,27462,27463,27464,27465,27466,27467,27468,27469,27470,27471,27472,27473,27474,27475,27476,27477,27478,27480,27481,27482,27483,27485,27486,27487,27488,27489,27490,27492,27493,27495,27496,27497,27498,27500,27501,27502,27504,27505,27507,27508,27511,27512,27514,27516,27517,27518,27520,27521,27522,27524,27525,27527,27528,27529,27530,27531,27533,27534,27535,27536,27537,27538,27539,27540,27541,27542,27543,27544,27545,27546,27547,27548,27550,27552,27553,27554,27555,27556,27557,27558,27560,27561,27562,27563,27564,27565,27567,27568,27569,27570,27571,27572,27576,27577,27578,27579,27580,27582,27584,27586,27587,27589,27590,27591,27592,27593,27594,27595,27597,27598,27599,27601,27602,27603,27604,27605,27606,27608,27609,27610,27611,27612,27613,27614,27615,27616,27617,27618,27620,27621,27622,27623,27624,27625,27627,27629,27630,27631,27632,27633,27635,27638,27640,27641,27643,27644,27645,27646,27649,27650,27652,27654,27655,27656,27658,27659,27660,27661,27662,27663,27664,27665,27666,27667,27668,27669,27670,27671,27672,27673,27674,27676,27677,27678,27679,27680,27681,27682,27683,27684,27685,27686,27689,27690,27691,27692,27693,27694,27695,27696,27697,27698,27699,27700,27701}","",2026-03-24 14:41:32.274366+01,gold_establishments_2025,,,,13001286700011,2025,Services de l'Etat,Département,['Eure'],['Normandie'],DDFIP,{27},{28}
e3ff5322-376f-4a39-adcd-5fe221ba6eaa,130010168,DDFIP Eure-et-Loir,false,"{28001,28003,28004,28005,28006,28007,28008,28009,28010,28012,28013,28014,28015,28016,28018,28019,28021,28022,28023,28024,28026,28027,28028,28029,28030,28031,28032,28033,28034,28035,28036,28037,28038,28039,28040,28041,28045,28046,28047,28048,28049,28050,28051,28052,28053,28054,28055,28056,28057,28058,28059,28060,28061,28062,28064,28065,28067,28068,28070,28071,28072,28073,28074,28075,28076,28077,28078,28079,28080,28081,28082,28084,28085,28086,28087,28088,28089,28090,28091,28092,28094,28095,28096,28098,28099,28100,28102,28103,28104,28105,28106,28107,28108,28109,28110,28111,28113,28114,28116,28117,28118,28119,28120,28121,28122,28123,28124,28126,28127,28128,28129,28130,28132,28134,28135,28136,28137,28139,28140,28141,28142,28143,28144,28146,28147,28148,28149,28151,28153,28154,28155,28156,28157,28158,28159,28160,28161,28162,28163,28164,28166,28167,28168,28169,28170,28171,28172,28173,28175,28176,28177,28178,28180,28182,28183,28184,28185,28187,28188,28189,28190,28191,28192,28193,28194,28195,28196,28197,28198,28199,28200,28201,28202,28203,28206,28207,28208,28209,28210,28211,28212,28213,28214,28215,28216,28217,28218,28219,28220,28221,28222,28223,28225,28226,28227,28229,28230,28231,28232,28233,28234,28235,28236,28237,28239,28240,28242,28243,28245,28246,28247,28248,28249,28251,28252,28253,28254,28255,28256,28257,28259,28260,28261,28263,28264,28265,28267,28268,28269,28270,28271,28272,28273,28274,28275,28277,28278,28279,28280,28281,28282,28283,28284,28285,28286,28287,28289,28290,28291,28292,28293,28294,28296,28298,28299,28300,28301,28302,28303,28304,28305,28306,28308,28309,28310,28312,28313,28314,28315,28316,28317,28319,28321,28322,28323,28324,28325,28326,28327,28329,28330,28331,28332,28333,28334,28335,28336,28337,28339,28341,28342,28343,28344,28346,28347,28348,28349,28350,28351,28352,28353,28354,28355,28357,28358,28359,28360,28362,28363,28364,28365,28366,28367,28368,28369,28370,28371,28372,28373,28374,28375,28377,28378,28379,28380,28382,28383,28385,28386,28387,28388,28389,28390,28391,28392,28393,28394,28395,28396,28397,28398,28400,28401,28403,28404,28405,28406,28407,28408,28409,28410,28411,28414,28415,28417,28418,28419,28421,28422,28423,28424,28425,28426}","",2026-03-24 14:41:32.274366+01,gold_establishments_2025,,,,13001016800016,2025,Services de l'Etat,Département,['Eure-et-Loir'],['Centre-Val de Loire'],DDFIP,{28},{24}
877573a9-0fb6-4aa5-b262-cd5f6101f045,130013220,DDFIP Finistère,false,"{29001,29002,29003,29004,29005,29006,29007,29008,29010,29011,29012,29013,29014,29015,29016,29017,29018,29019,29020,29021,29022,29023,29024,29025,29026,29027,29028,29029,29030,29031,29032,29033,29034,29035,29036,29037,29038,29039,29040,29041,29042,29043,29044,29045,29046,29047,29048,29049,29051,29053,29054,29055,29056,29057,29058,29059,29060,29061,29062,29063,29064,29065,29066,29067,29068,29069,29070,29071,29072,29073,29074,29075,29076,29077,29078,29079,29080,29081,29082,29083,29084,29085,29086,29087,29089,29090,29091,29093,29094,29095,29097,29098,29099,29100,29101,29102,29103,29104,29105,29106,29107,29108,29109,29110,29111,29112,29113,29114,29115,29116,29117,29119,29120,29122,29123,29124,29125,29126,29128,29130,29131,29132,29133,29134,29135,29136,29137,29139,29140,29141,29142,29143,29144,29145,29146,29147,29148,29150,29151,29152,29153,29155,29156,29158,29159,29160,29161,29162,29163,29165,29166,29167,29168,29169,29170,29171,29172,29173,29174,29175,29176,29177,29178,29179,29180,29181,29182,29183,29184,29185,29186,29187,29188,29189,29190,29191,29192,29193,29195,29196,29197,29198,29199,29201,29202,29204,29205,29206,29207,29208,29209,29210,29211,29212,29213,29214,29215,29216,29217,29218,29220,29221,29222,29224,29225,29226,29227,29228,29229,29230,29232,29233,29234,29235,29236,29237,29238,29239,29240,29241,29243,29244,29245,29246,29247,29248,29249,29250,29251,29252,29254,29255,29256,29257,29259,29260,29261,29262,29263,29264,29265,29266,29267,29268,29269,29270,29271,29272,29273,29274,29275,29276,29277,29278,29279,29280,29281,29282,29284,29285,29286,29287,29288,29289,29290,29291,29292,29293,29294,29295,29296,29297,29298,29299,29300,29301,29302}","",2026-03-24 14:41:32.274366+01,gold_establishments_2025,,,,13001322000830,2025,Services de l'Etat,Département,['Finistère'],['Bretagne'],DDFIP,{29},{53}
2416a6e1-ef09-4829-9ef3-6e526dfa1515,130011034,DDFIP Gard,false,"{30001,30002,30003,30004,30005,30006,30007,30008,30009,30010,30011,30012,30013,30014,30015,30016,30017,30018,30019,30020,30021,30022,30023,30024,30025,30026,30027,30028,30029,30030,30031,30032,30033,30034,30035,30036,30037,30038,30039,30040,30041,30042,30043,30044,30045,30046,30047,30048,30049,30050,30051,30052,30053,30054,30055,30056,30057,30058,30059,30060,30061,30062,30064,30065,30066,30067,30068,30069,30070,30071,30072,30073,30074,30075,30076,30077,30079,30080,30081,30082,30083,30084,30085,30086,30087,30088,30089,30090,30091,30092,30093,30095,30096,30097,30098,30099,30100,30101,30102,30103,30104,30105,30106,30107,30108,30109,30110,30111,30112,30113,30114,30115,30116,30117,30119,30120,30121,30122,30123,30124,30125,30126,30127,30128,30129,30130,30131,30132,30133,30134,30135,30136,30137,30138,30139,30140,30141,30142,30143,30144,30145,30146,30147,30148,30149,30150,30151,30152,30153,30154,30155,30156,30158,30159,30160,30161,30162,30163,30164,30165,30166,30167,30168,30169,30170,30171,30172,30173,30174,30175,30176,30177,30178,30179,30180,30181,30182,30183,30184,30185,30186,30187,30188,30189,30191,30192,30193,30194,30195,30196,30197,30198,30199,30200,30201,30202,30203,30204,30205,30206,30207,30208,30209,30210,30211,30212,30213,30214,30215,30216,30217,30218,30219,30220,30221,30222,30223,30224,30225,30226,30227,30228,30229,30230,30231,30232,30233,30234,30235,30236,30237,30238,30239,30240,30241,30242,30243,30244,30245,30246,30247,30248,30249,30250,30251,30252,30253,30254,30255,30256,30257,30258,30259,30260,30261,30262,30263,30264,30265,30266,30267,30268,30269,30270,30271,30272,30273,30274,30275,30276,30277,30278,30279,30280,30281,30282,30283,30284,30285,30286,30287,30288,30289,30290,30291,30292,30293,30294,30295,30296,30297,30298,30299,30300,30301,30302,30303,30304,30305,30306,30307,30308,30309,30310,30311,30312,30313,30314,30315,30316,30317,30318,30319,30320,30321,30322,30323,30324,30325,30326,30327,30328,30329,30330,30331,30332,30333,30334,30335,30336,30337,30338,30339,30340,30341,30342,30343,30344,30345,30346,30347,30348,30349,30350,30351,30352,30353,30354,30355,30356}","",2026-03-24 14:41:32.274366+01,gold_establishments_2025,,,,13001103400019,2025,Services de l'Etat,Département,['Gard'],['Occitanie'],DDFIP,{30},{76}
ec0a3c2f-eb28-4702-9796-f72696eb33f4,130013238,DDFIP Gers,false,"{32001,32002,32003,32004,32005,32007,32008,32009,32010,32012,32013,32014,32015,32016,32017,32018,32019,32020,32021,32022,32023,32024,32025,32026,32027,32028,32029,32030,32031,32032,32033,32034,32035,32036,32037,32038,32039,32040,32041,32042,32043,32044,32045,32046,32047,32048,32049,32050,32051,32052,32053,32054,32055,32056,32057,32058,32059,32060,32061,32062,32063,32064,32065,32066,32068,32069,32070,32071,32072,32073,32075,32076,32077,32078,32079,32080,32081,32082,32083,32084,32085,32086,32087,32088,32089,32090,32091,32092,32093,32094,32095,32096,32097,32098,32099,32100,32101,32102,32103,32104,32105,32106,32107,32108,32109,32110,32111,32112,32113,32114,32115,32116,32117,32118,32119,32120,32121,32122,32123,32124,32125,32126,32127,32128,32129,32130,32131,32132,32133,32134,32135,32136,32138,32139,32140,32141,32142,32143,32144,32145,32146,32147,32148,32149,32150,32151,32152,32153,32154,32155,32156,32157,32158,32159,32160,32161,32162,32163,32164,32165,32166,32167,32169,32170,32171,32172,32173,32174,32175,32176,32177,32178,32180,32181,32182,32183,32184,32185,32186,32187,32188,32189,32190,32191,32192,32193,32194,32195,32196,32197,32198,32199,32200,32201,32202,32203,32204,32205,32206,32207,32208,32209,32210,32211,32212,32213,32214,32215,32216,32217,32218,32219,32220,32221,32222,32223,32224,32225,32226,32227,32228,32229,32230,32231,32232,32233,32234,32235,32236,32237,32238,32239,32240,32241,32242,32243,32244,32245,32246,32247,32248,32249,32250,32251,32252,32253,32254,32255,32256,32257,32258,32261,32262,32263,32264,32265,32266,32267,32268,32269,32270,32271,32272,32273,32274,32275,32276,32277,32278,32279,32280,32281,32282,32283,32284,32285,32286,32287,32288,32289,32290,32291,32292,32293,32294,32295,32296,32297,32298,32299,32300,32301,32302,32303,32304,32305,32306,32307,32308,32309,32310,32311,32312,32313,32314,32315,32316,32317,32318,32319,32320,32321,32322,32323,32324,32325,32326,32327,32328,32329,32330,32331,32332,32333,32334,32335,32336,32337,32338,32339,32340,32341,32342,32343,32344,32345,32346,32347,32348,32349,32350,32351,32352,32353,32354,32355,32356,32357,32358,32359,32360,32361,32362,32363,32364,32365,32366,32367,32368,32369,32370,32371,32372,32373,32374,32375,32376,32377,32378,32379,32380,32381,32382,32383,32384,32385,32386,32387,32388,32389,32390,32391,32392,32393,32394,32395,32396,32397,32398,32399,32400,32401,32402,32403,32404,32405,32406,32407,32408,32409,32410,32411,32412,32414,32415,32416,32417,32418,32419,32420,32421,32422,32423,32424,32425,32426,32427,32428,32429,32430,32431,32432,32433,32434,32435,32436,32437,32438,32439,32440,32441,32442,32443,32444,32445,32446,32447,32448,32449,32450,32451,32452,32453,32454,32455,32456,32457,32458,32459,32460,32461,32462,32463,32464,32465,32466,32467,32468}","",2026-03-24 14:41:32.274366+01,gold_establishments_2025,,,,13001323800014,2025,Services de l'Etat,Département,['Gers'],['Occitanie'],DDFIP,{32},{76}
4845a3a8-a925-4371-814b-87f57c054fab,130012909,DDFIP Haut-Rhin,false,"{68001,68002,68004,68005,68006,68007,68008,68009,68010,68011,68012,68013,68014,68015,68016,68017,68018,68019,68020,68021,68022,68023,68024,68025,68026,68027,68028,68029,68030,68032,68033,68034,68035,68036,68037,68038,68039,68040,68041,68042,68043,68044,68045,68046,68049,68050,68051,68052,68054,68055,68056,68057,68058,68059,68060,68061,68062,68063,68064,68065,68066,68067,68068,68069,68071,68072,68073,68074,68075,68076,68077,68078,68079,68080,68081,68082,68083,68084,68085,68086,68087,68088,68089,68090,68091,68092,68093,68094,68095,68096,68097,68098,68099,68100,68101,68102,68103,68104,68105,68106,68107,68109,68110,68111,68112,68113,68114,68115,68116,68117,68118,68119,68120,68121,68122,68123,68124,68125,68126,68127,68128,68129,68130,68131,68132,68134,68135,68136,68137,68138,68139,68140,68141,68142,68143,68144,68145,68146,68147,68148,68149,68150,68151,68152,68153,68154,68155,68156,68157,68158,68159,68160,68161,68162,68163,68165,68166,68167,68168,68169,68170,68171,68172,68173,68174,68175,68176,68177,68178,68179,68180,68181,68182,68183,68184,68185,68186,68187,68188,68189,68190,68191,68192,68193,68194,68195,68196,68197,68198,68199,68200,68201,68202,68203,68204,68205,68207,68208,68209,68210,68211,68212,68213,68214,68215,68216,68217,68218,68219,68221,68222,68223,68224,68225,68226,68227,68228,68229,68230,68231,68232,68234,68235,68237,68238,68239,68240,68241,68242,68243,68244,68245,68246,68247,68248,68249,68250,68251,68252,68253,68254,68255,68256,68257,68258,68259,68260,68261,68262,68263,68264,68265,68266,68267,68268,68269,68270,68271,68273,68274,68275,68276,68277,68278,68279,68280,68281,68282,68283,68284,68285,68286,68287,68288,68289,68290,68291,68292,68293,68294,68295,68296,68297,68298,68299,68300,68301,68302,68303,68304,68305,68306,68307,68308,68309,68311,68312,68313,68315,68316,68317,68318,68320,68321,68322,68323,68324,68325,68326,68327,68328,68329,68330,68331,68332,68333,68334,68335,68336,68337,68338,68340,68341,68342,68343,68344,68345,68347,68348,68349,68350,68351,68352,68353,68354,68355,68356,68357,68358,68359,68360,68361,68362,68363,68364,68365,68366,68367,68368,68370,68371,68372,68373,68374,68375,68376,68377,68378,68379,68380,68381,68382,68383,68384,68385,68386}","",2026-03-24 14:41:32.274366+01,gold_establishments_2025,,,,13001290900821,2025,Services de l'Etat,Département,['Haut-Rhin'],['Grand Est'],DDFIP,{68},{44}
ccbf1dbb-759c-493e-9908-52155c991b7c,130012651,DDFIP Haute-Corse,false,"{2B002,2B003,2B005,2B007,2B009,2B010,2B012,2B013,2B015,2B016,2B020,2B023,2B025,2B029,2B030,2B033,2B034,2B036,2B037,2B039,2B042,2B043,2B045,2B046,2B047,2B049,2B050,2B051,2B052,2B053,2B054,2B055,2B057,2B058,2B059,2B063,2B067,2B068,2B069,2B072,2B073,2B074,2B075,2B077,2B078,2B079,2B080,2B081,2B082,2B083,2B084,2B086,2B087,2B088,2B093,2B095,2B096,2B097,2B101,2B102,2B105,2B106,2B107,2B109,2B110,2B111,2B112,2B113,2B116,2B120,2B121,2B122,2B123,2B124,2B125,2B126,2B134,2B135,2B136,2B137,2B138,2B140,2B143,2B145,2B147,2B148,2B149,2B150,2B152,2B153,2B155,2B156,2B157,2B159,2B161,2B162,2B164,2B165,2B166,2B167,2B168,2B169,2B170,2B171,2B172,2B173,2B175,2B176,2B177,2B178,2B179,2B180,2B182,2B183,2B184,2B185,2B187,2B188,2B190,2B192,2B193,2B194,2B195,2B199,2B201,2B202,2B205,2B206,2B207,2B208,2B210,2B213,2B214,2B216,2B217,2B218,2B219,2B220,2B221,2B222,2B223,2B224,2B225,2B226,2B227,2B229,2B230,2B231,2B233,2B234,2B235,2B236,2B238,2B239,2B241,2B242,2B243,2B244,2B245,2B246,2B248,2B250,2B251,2B252,2B255,2B256,2B257,2B260,2B261,2B263,2B264,2B265,2B267,2B273,2B274,2B275,2B277,2B280,2B281,2B283,2B286,2B287,2B289,2B290,2B291,2B292,2B293,2B296,2B297,2B298,2B299,2B301,2B302,2B303,2B304,2B305,2B306,2B307,2B309,2B311,2B313,2B314,2B315,2B316,2B317,2B318,2B319,2B320,2B321,2B327,2B328,2B329,2B332,2B333,2B334,2B335,2B337,2B338,2B339,2B340,2B341,2B342,2B343,2B344,2B346,2B347,2B350,2B352,2B353,2B354,2B355,2B356,2B361,2B364,2B365,2B366}","",2026-03-24 14:41:32.274366+01,gold_establishments_2025,,,,13001265100019,2025,Services de l'Etat,Département,['Haute-Corse'],['Corse'],DDFIP,{2B},{94}
39ecce8c-df52-4a3d-a91a-18d54e2c1a23,130014749,DDFIP Haute-Loire,false,"{43001,43002,43003,43004,43005,43006,43007,43008,43009,43010,43011,43012,43013,43014,43015,43016,43017,43018,43019,43020,43021,43022,43023,43024,43025,43026,43027,43028,43029,43030,43031,43032,43033,43034,43035,43036,43037,43038,43039,43040,43041,43042,43043,43044,43045,43046,43047,43048,43049,43050,43051,43052,43053,43054,43055,43056,43057,43058,43059,43060,43061,43062,43063,43064,43065,43066,43067,43068,43069,43070,43071,43072,43073,43074,43075,43076,43077,43078,43079,43080,43082,43083,43084,43085,43086,43087,43088,43089,43090,43091,43092,43093,43094,43095,43096,43097,43098,43099,43100,43101,43102,43103,43104,43105,43106,43107,43108,43109,43110,43111,43112,43113,43114,43115,43116,43117,43118,43119,43120,43121,43122,43123,43124,43125,43126,43127,43128,43129,43130,43131,43132,43133,43134,43135,43136,43137,43138,43139,43140,43141,43142,43143,43144,43145,43147,43148,43149,43150,43151,43152,43153,43154,43155,43156,43157,43158,43159,43160,43162,43163,43164,43165,43166,43167,43168,43169,43170,43171,43172,43173,43174,43175,43177,43178,43180,43181,43182,43183,43184,43185,43186,43187,43188,43189,43190,43191,43192,43193,43194,43195,43196,43197,43198,43199,43200,43201,43202,43203,43204,43205,43206,43207,43208,43210,43211,43212,43213,43214,43215,43216,43217,43218,43219,43220,43221,43222,43223,43224,43225,43226,43227,43228,43229,43230,43231,43232,43233,43234,43236,43237,43238,43239,43240,43241,43242,43244,43245,43246,43247,43249,43250,43251,43252,43253,43254,43256,43257,43258,43259,43260,43261,43262,43263,43264,43265,43267,43268}","",2026-03-24 14:41:32.274366+01,gold_establishments_2025,,,,13001474900019,2025,Services de l'Etat,Département,['Haute-Loire'],['Auvergne-Rhône-Alpes'],DDFIP,{43},{84}
ea0c3467-a71c-4abe-a853-15ce1faae7a2,130013246,DDFIP Haute-Marne,false,"{52001,52002,52003,52004,52005,52006,52007,52008,52009,52011,52012,52013,52014,52015,52016,52017,52019,52021,52022,52023,52025,52027,52028,52029,52030,52031,52033,52034,52035,52037,52038,52039,52040,52042,52043,52044,52045,52047,52050,52051,52053,52055,52056,52057,52058,52059,52060,52061,52062,52063,52064,52065,52066,52067,52069,52070,52072,52074,52075,52076,52079,52082,52083,52084,52085,52087,52088,52089,52090,52091,52092,52093,52094,52095,52097,52099,52101,52102,52103,52104,52105,52106,52107,52108,52109,52110,52113,52114,52115,52116,52118,52119,52120,52121,52122,52123,52124,52125,52126,52127,52128,52129,52130,52131,52132,52133,52134,52135,52136,52137,52138,52140,52141,52142,52145,52146,52147,52149,52151,52155,52156,52157,52158,52159,52160,52161,52162,52163,52164,52165,52167,52168,52169,52170,52171,52172,52173,52174,52175,52177,52178,52179,52181,52182,52183,52184,52185,52187,52189,52190,52193,52194,52195,52196,52197,52198,52199,52200,52201,52203,52204,52205,52206,52207,52208,52211,52212,52213,52214,52216,52217,52218,52219,52220,52221,52222,52223,52227,52228,52229,52230,52231,52232,52233,52234,52235,52237,52240,52242,52243,52244,52245,52246,52247,52248,52249,52250,52251,52253,52254,52256,52257,52258,52260,52264,52265,52266,52267,52269,52271,52272,52273,52274,52275,52276,52277,52278,52280,52282,52284,52285,52286,52287,52288,52289,52290,52291,52292,52294,52295,52297,52298,52300,52301,52302,52303,52304,52305,52306,52307,52308,52310,52311,52312,52313,52315,52316,52318,52319,52320,52321,52322,52325,52326,52327,52328,52330,52331,52332,52335,52336,52337,52341,52342,52344,52346,52347,52348,52349,52350,52352,52353,52354,52355,52356,52357,52358,52359,52360,52362,52363,52364,52365,52366,52367,52369,52370,52371,52372,52373,52374,52375,52376,52377,52378,52380,52383,52384,52385,52386,52388,52390,52391,52392,52393,52394,52395,52396,52397,52398,52399,52400,52401,52403,52405,52406,52407,52411,52413,52414,52415,52416,52419,52420,52421,52422,52423,52424,52425,52426,52428,52429,52431,52432,52433,52436,52437,52438,52439,52440,52442,52443,52444,52445,52446,52447,52448,52449,52450,52452,52453,52455,52456,52457,52459,52461,52463,52464,52465,52467,52468,52469,52470,52472,52473,52474,52475,52476,52479,52480,52482,52483,52484,52486,52487,52488,52489,52490,52491,52492,52493,52494,52495,52497,52499,52500,52502,52503,52504,52505,52506,52507,52510,52511,52512,52513,52514,52515,52516,52517,52518,52519,52520,52522,52523,52524,52525,52526,52528,52529,52534,52535,52536,52538,52539,52540,52541,52542,52543,52544,52545,52546,52547,52548,52549,52550}","",2026-03-24 14:41:32.274366+01,gold_establishments_2025,,,,13001324600025,2025,Services de l'Etat,Département,['Haute-Marne'],['Grand Est'],DDFIP,{52},{44}
aae8cae6-f2b2-4503-bbc8-a1f318d96bee,130014756,DDFIP Haute-Savoie,false,"{74001,74002,74003,74004,74005,74006,74007,74008,74009,74010,74012,74013,74014,74015,74016,74018,74019,74020,74021,74024,74025,74026,74027,74029,74030,74031,74032,74033,74034,74035,74036,74037,74038,74040,74041,74042,74043,74044,74045,74046,74048,74049,74050,74051,74052,74053,74054,74055,74056,74057,74058,74059,74060,74061,74062,74063,74064,74065,74066,74067,74068,74069,74070,74071,74072,74073,74074,74075,74076,74077,74078,74079,74080,74081,74082,74083,74085,74086,74087,74088,74089,74090,74091,74094,74095,74096,74097,74098,74099,74100,74101,74102,74103,74104,74105,74106,74107,74108,74109,74111,74112,74114,74116,74117,74118,74119,74121,74122,74123,74124,74126,74127,74128,74129,74130,74131,74133,74134,74135,74136,74137,74138,74139,74140,74141,74142,74143,74144,74145,74146,74147,74148,74150,74151,74152,74153,74154,74155,74156,74157,74158,74159,74160,74161,74162,74163,74164,74165,74166,74167,74168,74169,74170,74171,74172,74173,74174,74175,74176,74177,74178,74179,74180,74183,74184,74185,74186,74188,74189,74190,74191,74192,74193,74194,74195,74196,74197,74198,74199,74200,74201,74202,74203,74205,74206,74208,74209,74210,74211,74212,74213,74215,74216,74218,74219,74220,74221,74222,74223,74224,74225,74226,74228,74229,74231,74232,74233,74234,74235,74236,74237,74238,74239,74240,74241,74242,74243,74244,74249,74250,74252,74253,74254,74255,74256,74257,74258,74259,74260,74261,74262,74263,74264,74265,74266,74267,74269,74271,74272,74273,74275,74276,74278,74279,74280,74281,74282,74283,74284,74285,74286,74287,74288,74289,74290,74291,74292,74293,74294,74295,74296,74297,74298,74299,74301,74302,74303,74304,74305,74306,74307,74308,74309,74310,74311,74312,74313,74314,74315}","",2026-03-24 14:41:32.274366+01,gold_establishments_2025,,,,13001475600014,2025,Services de l'Etat,Département,['Haute-Savoie'],['Auvergne-Rhône-Alpes'],DDFIP,{74},{84}
918790ef-d175-47ff-bb06-eec459f688c6,130013055,DDFIP Haute-Saône,false,"{70001,70002,70003,70004,70005,70006,70007,70008,70009,70010,70011,70012,70013,70014,70015,70016,70017,70018,70019,70020,70021,70022,70023,70024,70025,70026,70027,70028,70029,70030,70031,70032,70035,70036,70037,70038,70039,70040,70041,70042,70043,70044,70045,70046,70047,70048,70049,70050,70051,70052,70053,70054,70055,70056,70057,70058,70059,70060,70061,70062,70063,70064,70065,70066,70067,70069,70070,70071,70072,70074,70075,70076,70077,70078,70079,70080,70081,70082,70083,70084,70085,70086,70087,70088,70089,70090,70091,70092,70093,70094,70095,70096,70097,70098,70099,70100,70101,70102,70103,70104,70105,70106,70107,70109,70111,70112,70113,70114,70115,70116,70117,70118,70119,70120,70121,70122,70124,70125,70126,70127,70128,70129,70130,70132,70133,70134,70135,70136,70137,70138,70140,70141,70142,70143,70144,70145,70146,70147,70148,70149,70150,70151,70152,70153,70154,70155,70156,70157,70158,70159,70160,70162,70163,70164,70165,70166,70167,70168,70169,70170,70171,70172,70174,70175,70176,70177,70178,70179,70180,70181,70182,70183,70184,70185,70186,70187,70188,70189,70190,70192,70193,70194,70195,70196,70197,70198,70199,70200,70201,70202,70203,70204,70205,70206,70207,70208,70210,70211,70213,70214,70215,70216,70217,70218,70219,70220,70221,70222,70224,70225,70226,70227,70228,70229,70230,70231,70232,70233,70234,70235,70236,70237,70238,70239,70240,70242,70243,70244,70245,70247,70248,70249,70250,70251,70252,70253,70254,70255,70256,70257,70258,70259,70260,70261,70262,70263,70265,70267,70268,70269,70271,70272,70273,70274,70275,70276,70277,70278,70279,70280,70282,70283,70284,70285,70286,70287,70288,70289,70290,70291,70292,70293,70294,70295,70296,70297,70298,70299,70301,70302,70303,70304,70305,70306,70307,70308,70309,70310,70311,70312,70313,70314,70315,70316,70317,70318,70319,70320,70321,70322,70323,70324,70325,70326,70327,70328,70329,70330,70331,70332,70334,70335,70336,70337,70338,70339,70340,70341,70342,70343,70344,70347,70348,70349,70350,70351,70352,70353,70355,70356,70357,70358,70359,70360,70361,70362,70363,70364,70366,70367,70368,70369,70371,70372,70373,70374,70376,70378,70380,70381,70383,70384,70385,70386,70387,70388,70389,70390,70392,70393,70394,70395,70396,70397,70398,70399,70400,70401,70402,70403,70404,70405,70406,70407,70408,70409,70410,70411,70412,70413,70414,70415,70416,70417,70418,70419,70420,70421,70422,70423,70425,70426,70427,70428,70429,70430,70431,70432,70433,70435,70436,70437,70438,70439,70440,70441,70442,70443,70444,70445,70446,70447,70448,70449,70450,70451,70452,70453,70454,70455,70456,70457,70459,70460,70461,70462,70463,70464,70466,70467,70468,70469,70470,70471,70472,70473,70474,70476,70477,70478,70479,70480,70481,70482,70483,70484,70485,70486,70487,70488,70489,70490,70491,70492,70493,70494,70496,70498,70499,70500,70501,70502,70503,70504,70505,70506,70507,70509,70510,70511,70512,70513,70514,70515,70516,70517,70518,70519,70520,70521,70522,70523,70524,70525,70526,70527,70528,70529,70531,70532,70533,70534,70535,70536,70537,70538,70539,70540,70541,70542,70544,70545,70546,70547,70548,70549,70550,70552,70553,70554,70555,70558,70559,70560,70561,70562,70563,70564,70565,70566,70567,70568,70569,70571,70572,70573,70574,70575,70576,70577,70578,70579,70580,70581,70582,70583}","",2026-03-24 14:41:32.274366+01,gold_establishments_2025,,,,13001305500012,2025,Services de l'Etat,Département,['Haute-Saône'],['Bourgogne-Franche-Comté'],DDFIP,{70},{27}
3c133d13-64f3-41a6-ae39-59170bc3370a,130012941,DDFIP Haute-Vienne,false,"{87001,87002,87003,87004,87005,87006,87007,87008,87009,87011,87012,87013,87014,87015,87016,87017,87018,87019,87020,87021,87022,87023,87024,87025,87027,87028,87029,87030,87031,87032,87033,87034,87035,87036,87037,87038,87039,87040,87041,87042,87043,87044,87045,87046,87047,87048,87049,87050,87051,87052,87053,87054,87056,87057,87058,87059,87060,87061,87062,87063,87064,87065,87066,87067,87068,87069,87070,87071,87072,87073,87074,87075,87076,87077,87078,87079,87080,87081,87082,87083,87084,87085,87086,87087,87088,87089,87090,87091,87092,87093,87094,87095,87096,87097,87099,87100,87101,87103,87104,87105,87106,87107,87108,87109,87110,87111,87112,87113,87114,87115,87116,87117,87118,87119,87120,87121,87122,87123,87124,87125,87126,87127,87128,87129,87130,87131,87132,87133,87134,87135,87137,87138,87139,87140,87141,87142,87143,87144,87145,87146,87147,87148,87149,87150,87151,87152,87153,87154,87155,87156,87157,87158,87159,87160,87161,87162,87163,87164,87165,87166,87167,87168,87169,87170,87172,87174,87176,87177,87178,87179,87180,87181,87182,87183,87185,87186,87187,87188,87189,87190,87191,87192,87193,87194,87195,87197,87198,87199,87200,87201,87202,87203,87204,87205,87206}","",2026-03-24 14:41:32.274366+01,gold_establishments_2025,,,,13001294100014,2025,Services de l'Etat,Département,['Haute-Vienne'],['Nouvelle-Aquitaine'],DDFIP,{87},{75}
510ccd7a-e544-49af-9b48-6fa6d58ed7b5,130013204,DDFIP Hautes-Alpes,false,"{05001,05003,05004,05006,05007,05008,05009,05010,05011,05012,05013,05014,05016,05017,05018,05019,05021,05022,05023,05024,05025,05026,05027,05028,05029,05031,05032,05033,05035,05036,05037,05038,05039,05040,05044,05045,05046,05047,05048,05049,05050,05051,05052,05053,05054,05055,05056,05057,05058,05059,05060,05061,05062,05063,05064,05065,05066,05068,05070,05071,05072,05073,05074,05075,05076,05077,05078,05079,05080,05081,05082,05084,05085,05086,05087,05089,05090,05091,05092,05093,05094,05095,05096,05097,05098,05099,05100,05101,05102,05103,05104,05106,05107,05108,05109,05110,05111,05112,05113,05114,05115,05116,05117,05118,05119,05121,05122,05123,05124,05126,05127,05128,05129,05130,05131,05132,05133,05134,05135,05136,05139,05140,05142,05144,05145,05146,05147,05148,05149,05151,05152,05153,05154,05155,05156,05157,05158,05159,05160,05161,05162,05163,05164,05165,05166,05167,05168,05169,05170,05171,05172,05173,05174,05176,05177,05178,05179,05180,05181,05182,05183,05184}","",2026-03-24 14:41:32.274366+01,gold_establishments_2025,,,,13001320400016,2025,Services de l'Etat,Département,['Hautes-Alpes'],['Provence-Alpes-Côte dAzur'],DDFIP,{05},{93}
239fa46a-ac78-40f1-92b4-729fabdaa141,130011422,DDFIP Hautes-Pyrénées,false,"{65001,65002,65003,65004,65005,65006,65007,65009,65010,65011,65012,65013,65014,65015,65016,65017,65018,65019,65020,65021,65022,65023,65024,65025,65026,65028,65029,65031,65032,65033,65034,65035,65036,65037,65038,65039,65040,65041,65042,65043,65044,65045,65046,65047,65048,65049,65050,65051,65052,65053,65054,65055,65056,65057,65058,65059,65060,65061,65062,65063,65064,65065,65066,65067,65068,65069,65070,65071,65072,65073,65074,65075,65076,65077,65078,65079,65080,65081,65082,65083,65084,65085,65086,65087,65088,65089,65090,65091,65092,65093,65094,65095,65096,65097,65098,65099,65100,65101,65102,65103,65104,65105,65106,65107,65108,65109,65110,65111,65112,65113,65114,65115,65116,65117,65118,65119,65120,65121,65123,65124,65125,65126,65127,65128,65129,65130,65131,65132,65133,65134,65135,65136,65137,65138,65139,65140,65141,65142,65143,65144,65145,65146,65147,65148,65149,65150,65151,65153,65154,65155,65156,65157,65158,65159,65160,65161,65162,65163,65164,65165,65166,65167,65168,65169,65170,65171,65172,65173,65174,65175,65176,65177,65178,65179,65180,65181,65182,65183,65184,65185,65186,65187,65189,65190,65191,65192,65193,65194,65195,65196,65197,65198,65199,65200,65201,65202,65203,65204,65205,65206,65207,65208,65209,65210,65211,65212,65213,65214,65215,65216,65217,65218,65219,65220,65221,65222,65223,65224,65225,65226,65228,65229,65230,65231,65232,65233,65234,65235,65236,65237,65238,65239,65240,65241,65242,65243,65244,65245,65247,65248,65249,65250,65251,65252,65253,65254,65255,65256,65257,65258,65259,65260,65261,65262,65263,65264,65265,65266,65267,65268,65269,65270,65271,65272,65273,65274,65275,65276,65277,65278,65279,65280,65281,65282,65283,65284,65285,65286,65287,65288,65289,65290,65291,65292,65293,65294,65295,65296,65297,65298,65299,65300,65301,65303,65304,65305,65306,65307,65308,65309,65310,65311,65313,65314,65315,65316,65317,65318,65319,65320,65321,65322,65323,65324,65325,65326,65327,65328,65329,65330,65331,65332,65333,65334,65335,65336,65337,65338,65339,65340,65341,65342,65343,65344,65345,65346,65347,65348,65349,65350,65351,65352,65353,65354,65355,65356,65357,65358,65359,65360,65361,65362,65363,65364,65366,65367,65368,65369,65370,65371,65372,65373,65374,65375,65376,65377,65378,65379,65380,65381,65382,65383,65384,65385,65386,65387,65388,65389,65390,65391,65392,65393,65394,65395,65396,65397,65398,65399,65400,65401,65402,65403,65404,65405,65406,65407,65408,65409,65410,65411,65412,65413,65414,65415,65416,65417,65418,65419,65420,65421,65422,65423,65424,65425,65426,65427,65428,65429,65430,65431,65432,65433,65435,65436,65437,65438,65439,65440,65441,65442,65443,65444,65445,65446,65447,65448,65449,65450,65451,65452,65453,65454,65455,65456,65457,65458,65459,65460,65461,65462,65463,65464,65465,65466,65467,65468,65469,65470,65471,65472,65473,65474,65475,65476,65477,65478,65479,65481,65482}","",2026-03-24 14:41:32.274366+01,gold_establishments_2025,,,,13001142200016,2025,Services de l'Etat,Département,['Hautes-Pyrénées'],['Occitanie'],DDFIP,{65},{76}
1d8110ae-3e09-4e91-bcac-286eb2ab75cd,130007297,DDFIP Hauts-de-Seine,false,"{92002,92004,92007,92009,92012,92014,92019,92020,92022,92023,92024,92025,92026,92032,92033,92035,92036,92040,92044,92046,92047,92048,92049,92050,92051,92060,92062,92063,92064,92071,92072,92073,92075,92076,92077,92078}","",2026-03-24 14:41:32.274366+01,gold_establishments_2025,,,,13000729700018,2025,Services de l'Etat,Département,['Hauts-de-Seine'],['Île-de-France'],DDFIP,{92},{11}
fabd0eb9-0bd9-43b6-aad9-789e44c2009a,130007230,DDFIP Hérault,false,"{34001,34002,34003,34004,34005,34006,34007,34008,34009,34010,34011,34012,34013,34014,34015,34016,34017,34018,34019,34020,34021,34022,34023,34024,34025,34026,34027,34028,34029,34030,34031,34032,34033,34034,34035,34036,34037,34038,34039,34040,34041,34042,34043,34044,34045,34046,34047,34048,34049,34050,34051,34052,34053,34054,34055,34056,34057,34058,34059,34060,34061,34062,34063,34064,34065,34066,34067,34068,34069,34070,34071,34072,34073,34074,34075,34076,34077,34078,34079,34080,34081,34082,34083,34084,34085,34086,34087,34088,34089,34090,34091,34092,34094,34095,34096,34097,34098,34099,34100,34101,34102,34103,34104,34105,34106,34107,34108,34109,34110,34111,34112,34113,34114,34115,34116,34117,34118,34119,34120,34121,34122,34123,34124,34125,34126,34127,34128,34129,34130,34131,34132,34133,34134,34135,34136,34137,34138,34139,34140,34141,34142,34143,34144,34145,34146,34147,34148,34149,34150,34151,34152,34153,34154,34155,34156,34157,34158,34159,34160,34161,34162,34163,34164,34165,34166,34167,34168,34169,34170,34171,34172,34173,34174,34175,34176,34177,34178,34179,34180,34181,34182,34183,34184,34185,34186,34187,34188,34189,34190,34191,34192,34193,34194,34195,34196,34197,34198,34199,34200,34201,34202,34203,34204,34205,34206,34207,34208,34209,34210,34211,34212,34213,34214,34215,34216,34217,34218,34219,34220,34221,34222,34223,34224,34225,34226,34227,34228,34229,34230,34231,34232,34233,34234,34235,34236,34237,34238,34239,34240,34241,34242,34243,34244,34245,34246,34247,34248,34249,34250,34251,34252,34253,34254,34255,34256,34257,34258,34259,34260,34261,34262,34263,34264,34265,34266,34267,34268,34269,34270,34271,34272,34273,34274,34276,34277,34278,34279,34280,34281,34282,34283,34284,34285,34286,34287,34288,34289,34290,34291,34292,34293,34294,34295,34296,34297,34298,34299,34300,34301,34302,34303,34304,34305,34306,34307,34308,34309,34310,34311,34312,34313,34314,34315,34316,34317,34318,34319,34320,34321,34322,34323,34324,34325,34326,34327,34328,34329,34331,34332,34333,34334,34335,34336,34337,34338,34339,34340,34341,34342,34343,34344}","",2026-03-24 14:41:32.274366+01,gold_establishments_2025,,,,13000723000019,2025,Services de l'Etat,Département,['Hérault'],['Occitanie'],DDFIP,{34},{76}
656e3ad6-8ceb-4fe7-a7a9-00f6634e0e7d,130007271,DDFIP Indre,false,"{36001,36002,36003,36004,36005,36006,36007,36008,36009,36010,36011,36012,36013,36014,36015,36016,36017,36018,36019,36020,36021,36022,36023,36024,36025,36026,36027,36028,36029,36030,36031,36032,36033,36034,36035,36036,36037,36038,36040,36041,36042,36043,36044,36045,36046,36047,36048,36049,36050,36051,36052,36053,36054,36055,36056,36057,36058,36059,36060,36061,36062,36063,36064,36065,36066,36067,36068,36069,36070,36071,36073,36074,36075,36076,36077,36078,36079,36080,36081,36082,36083,36084,36085,36086,36087,36088,36089,36090,36091,36092,36093,36094,36095,36096,36097,36098,36099,36100,36101,36102,36103,36104,36105,36106,36107,36108,36109,36110,36111,36112,36113,36114,36115,36116,36117,36118,36119,36120,36121,36122,36123,36124,36125,36126,36127,36128,36129,36130,36131,36132,36133,36134,36135,36136,36137,36138,36139,36140,36141,36142,36143,36144,36145,36146,36147,36148,36149,36150,36152,36153,36154,36155,36156,36157,36158,36159,36160,36161,36162,36163,36164,36165,36166,36167,36168,36169,36170,36171,36172,36173,36174,36175,36176,36177,36178,36179,36180,36181,36182,36184,36185,36186,36187,36188,36189,36190,36191,36192,36193,36194,36195,36196,36197,36198,36199,36200,36202,36203,36204,36205,36207,36208,36209,36210,36211,36212,36213,36214,36215,36216,36217,36218,36219,36220,36221,36222,36223,36224,36225,36226,36227,36228,36229,36230,36231,36232,36233,36234,36235,36236,36237,36238,36239,36240,36241,36242,36243,36244,36246,36247,36248}","",2026-03-24 14:41:32.274366+01,gold_establishments_2025,,,,13000727100013,2025,Services de l'Etat,Département,['Indre'],['Centre-Val de Loire'],DDFIP,{36},{24}
490d93e8-c827-4e8b-9534-3fe8fa049c24,130014780,DDFIP Indre-et-Loire,false,"{37001,37002,37003,37004,37005,37006,37007,37008,37009,37010,37011,37012,37013,37014,37015,37016,37018,37019,37020,37021,37022,37023,37024,37025,37026,37027,37028,37029,37030,37031,37032,37033,37034,37035,37036,37037,37038,37039,37040,37041,37042,37043,37044,37045,37046,37047,37048,37049,37050,37051,37052,37053,37054,37055,37056,37057,37058,37059,37060,37061,37062,37063,37064,37065,37066,37067,37068,37069,37070,37071,37072,37073,37074,37075,37076,37077,37078,37079,37080,37081,37082,37083,37084,37085,37086,37087,37088,37089,37090,37091,37092,37093,37094,37095,37096,37097,37098,37099,37100,37101,37103,37104,37105,37106,37107,37108,37109,37110,37111,37112,37113,37114,37115,37116,37117,37118,37119,37121,37122,37123,37124,37125,37126,37127,37128,37129,37130,37131,37132,37133,37134,37136,37137,37138,37139,37140,37141,37142,37143,37144,37145,37146,37147,37148,37149,37150,37151,37152,37153,37154,37155,37156,37157,37158,37159,37160,37161,37162,37163,37165,37166,37167,37168,37169,37170,37171,37172,37173,37174,37175,37176,37177,37178,37179,37180,37181,37182,37183,37184,37185,37186,37187,37188,37189,37190,37191,37192,37193,37194,37195,37196,37197,37198,37199,37200,37201,37202,37203,37204,37205,37206,37207,37208,37210,37211,37212,37213,37214,37216,37217,37218,37219,37220,37221,37222,37223,37224,37225,37226,37228,37229,37230,37231,37232,37233,37234,37236,37237,37238,37240,37241,37242,37243,37244,37245,37246,37247,37248,37249,37250,37251,37252,37253,37254,37255,37256,37257,37258,37259,37260,37261,37262,37263,37264,37265,37266,37267,37268,37269,37270,37271,37272,37273,37274,37275,37276,37277,37278,37279,37280,37281,37282}","",2026-03-24 14:41:32.274366+01,gold_establishments_2025,,,,13001478000014,2025,Services de l'Etat,Département,['Indre-et-Loire'],['Centre-Val de Loire'],DDFIP,{37},{24}
d79b1adb-ff4b-4a10-bb1a-84d32adf072c,130014764,DDFIP Isère,false,"{38001,38002,38003,38004,38005,38006,38008,38009,38010,38011,38012,38013,38015,38017,38018,38019,38020,38022,38023,38026,38027,38029,38030,38031,38032,38033,38034,38035,38036,38037,38038,38039,38040,38041,38042,38043,38044,38045,38046,38047,38048,38049,38050,38051,38052,38053,38054,38055,38056,38057,38058,38059,38060,38061,38062,38063,38064,38065,38066,38067,38068,38069,38070,38071,38072,38073,38074,38075,38076,38077,38078,38080,38081,38082,38083,38084,38085,38086,38087,38089,38090,38091,38092,38093,38094,38095,38097,38098,38099,38100,38101,38102,38103,38104,38105,38106,38107,38108,38109,38110,38111,38112,38113,38114,38115,38116,38117,38118,38120,38124,38126,38127,38128,38129,38130,38131,38132,38133,38134,38135,38136,38137,38138,38139,38140,38141,38144,38146,38147,38148,38149,38150,38151,38152,38153,38154,38155,38156,38157,38158,38159,38160,38161,38162,38163,38166,38167,38169,38170,38171,38172,38173,38174,38175,38176,38177,38179,38180,38181,38182,38183,38184,38185,38186,38187,38188,38189,38190,38191,38192,38193,38194,38195,38197,38198,38199,38200,38203,38204,38205,38206,38207,38208,38209,38210,38211,38212,38213,38214,38215,38216,38217,38218,38219,38221,38222,38223,38224,38225,38226,38228,38229,38230,38231,38232,38235,38236,38237,38238,38239,38240,38241,38242,38243,38244,38245,38246,38247,38248,38249,38250,38252,38253,38254,38255,38256,38257,38258,38259,38260,38261,38263,38264,38265,38266,38267,38268,38269,38270,38271,38272,38273,38275,38276,38277,38278,38279,38280,38281,38282,38283,38284,38285,38286,38287,38288,38289,38290,38291,38292,38294,38295,38296,38297,38298,38299,38300,38301,38303,38304,38307,38308,38309,38310,38311,38313,38314,38315,38316,38317,38318,38319,38320,38321,38322,38323,38324,38325,38326,38328,38329,38330,38331,38332,38333,38334,38335,38336,38337,38338,38339,38340,38341,38342,38343,38344,38345,38346,38347,38348,38349,38350,38351,38352,38353,38354,38355,38356,38357,38358,38359,38360,38361,38362,38363,38364,38365,38366,38368,38369,38370,38372,38373,38374,38375,38376,38377,38378,38379,38380,38381,38382,38383,38384,38386,38387,38388,38389,38390,38391,38392,38393,38394,38395,38396,38397,38398,38399,38400,38401,38402,38403,38404,38405,38406,38407,38408,38409,38410,38412,38413,38414,38415,38416,38417,38418,38419,38420,38421,38422,38423,38424,38425,38426,38427,38428,38429,38430,38431,38432,38433,38434,38436,38437,38438,38439,38440,38442,38443,38444,38445,38446,38448,38449,38450,38451,38452,38453,38454,38455,38456,38457,38458,38459,38460,38462,38463,38464,38465,38466,38467,38468,38469,38470,38471,38472,38473,38474,38475,38476,38478,38479,38480,38481,38483,38484,38485,38486,38487,38488,38489,38490,38492,38494,38495,38496,38497,38498,38499,38500,38501,38503,38504,38505,38507,38508,38509,38511,38512,38513,38514,38515,38516,38517,38518,38519,38520,38521,38522,38523,38524,38525,38526,38527,38528,38529,38530,38531,38532,38533,38535,38536,38537,38538,38539,38540,38542,38543,38544,38545,38546,38547,38548,38549,38550,38551,38552,38553,38554,38555,38556,38557,38558,38559,38560,38561,38562,38563,38564,38565,38566,38567}","",2026-03-24 14:41:32.274366+01,gold_establishments_2025,,,,13001476400018,2025,Services de l'Etat,Département,['Isère'],['Auvergne-Rhône-Alpes'],DDFIP,{38},{84}
290670af-5329-4706-b4aa-0f1f1fe1a480,130011448,DDFIP Jura,false,"{39001,39002,39003,39004,39006,39007,39008,39009,39010,39011,39013,39014,39015,39016,39017,39018,39019,39020,39021,39022,39024,39025,39026,39027,39028,39029,39030,39031,39032,39034,39035,39037,39038,39039,39040,39041,39042,39043,39045,39046,39047,39048,39049,39050,39051,39052,39053,39054,39055,39056,39057,39058,39059,39060,39061,39062,39063,39065,39066,39068,39070,39072,39073,39074,39076,39077,39078,39079,39080,39081,39083,39084,39085,39086,39088,39090,39091,39092,39093,39094,39095,39096,39097,39099,39100,39101,39102,39103,39104,39105,39106,39107,39108,39109,39110,39111,39112,39114,39116,39117,39118,39119,39120,39121,39122,39124,39126,39127,39128,39129,39130,39131,39132,39133,39134,39136,39137,39138,39139,39140,39141,39142,39143,39145,39146,39147,39149,39150,39151,39153,39154,39155,39156,39157,39159,39160,39162,39163,39164,39165,39166,39167,39168,39169,39170,39171,39172,39173,39174,39175,39176,39177,39178,39179,39180,39182,39183,39184,39185,39187,39188,39189,39190,39191,39192,39193,39194,39196,39197,39198,39199,39200,39201,39202,39203,39204,39205,39206,39207,39208,39209,39210,39211,39214,39216,39217,39218,39219,39220,39221,39222,39223,39225,39227,39228,39229,39230,39232,39233,39234,39235,39236,39237,39238,39239,39240,39241,39244,39245,39246,39247,39248,39249,39250,39251,39252,39253,39254,39255,39258,39259,39261,39262,39263,39265,39266,39267,39268,39269,39270,39271,39272,39273,39274,39275,39277,39278,39279,39280,39281,39282,39283,39284,39285,39286,39288,39289,39290,39291,39292,39293,39295,39296,39297,39298,39299,39300,39301,39302,39304,39305,39306,39307,39308,39310,39312,39313,39314,39315,39317,39318,39319,39320,39321,39322,39323,39324,39325,39326,39327,39328,39329,39330,39331,39333,39334,39335,39336,39337,39338,39339,39342,39343,39344,39345,39346,39348,39349,39350,39351,39352,39353,39354,39355,39356,39359,39360,39361,39362,39363,39364,39365,39366,39367,39368,39370,39372,39373,39375,39376,39377,39378,39379,39380,39381,39385,39386,39387,39388,39389,39390,39391,39392,39393,39394,39396,39397,39398,39399,39400,39401,39402,39403,39404,39405,39406,39407,39408,39409,39411,39412,39413,39415,39418,39419,39420,39421,39422,39423,39424,39425,39426,39427,39428,39429,39430,39431,39432,39434,39435,39436,39437,39439,39441,39443,39444,39445,39446,39447,39448,39449,39451,39452,39453,39454,39455,39456,39457,39458,39460,39461,39462,39463,39464,39465,39466,39467,39468,39469,39470,39471,39472,39473,39475,39476,39477,39478,39479,39480,39481,39485,39486,39487,39489,39490,39491,39492,39493,39494,39495,39497,39498,39499,39500,39501,39502,39503,39504,39505,39507,39508,39510,39511,39512,39513,39514,39517,39518,39519,39520,39522,39523,39525,39526,39527,39528,39529,39530,39531,39532,39533,39534,39535,39537,39538,39539,39540,39543,39545,39546,39547,39550,39551,39552,39553,39554,39555,39556,39557,39558,39559,39560,39561,39565,39567,39568,39569,39570,39571,39572,39573,39574,39575,39576,39577,39579,39581,39582,39583,39584,39585,39586}","",2026-03-24 14:41:32.274366+01,gold_establishments_2025,,,,13001144800011,2025,Services de l'Etat,Département,['Jura'],['Bourgogne-Franche-Comté'],DDFIP,{39},{27}
a8fba652-d4e3-4f31-aa7a-94d4dc8b5ea9,130007289,DDFIP Landes,false,"{40001,40002,40003,40004,40005,40006,40007,40008,40011,40012,40013,40014,40015,40016,40017,40018,40019,40020,40021,40022,40023,40024,40025,40026,40027,40028,40029,40030,40031,40032,40033,40034,40035,40036,40037,40038,40039,40040,40041,40042,40043,40044,40046,40047,40049,40050,40051,40052,40053,40054,40055,40056,40057,40058,40059,40060,40061,40062,40063,40064,40065,40066,40067,40068,40069,40070,40071,40072,40073,40074,40075,40076,40077,40078,40079,40080,40081,40082,40083,40084,40085,40086,40087,40088,40089,40090,40091,40092,40093,40094,40095,40096,40097,40098,40099,40100,40101,40102,40103,40104,40105,40106,40108,40109,40110,40111,40112,40113,40114,40115,40116,40117,40118,40119,40120,40121,40122,40123,40124,40125,40126,40127,40128,40129,40130,40131,40132,40133,40134,40135,40136,40137,40138,40139,40140,40141,40142,40143,40144,40145,40146,40147,40148,40149,40150,40151,40152,40153,40154,40155,40156,40157,40158,40159,40160,40161,40162,40163,40164,40165,40166,40167,40168,40169,40170,40171,40172,40173,40174,40175,40176,40177,40178,40179,40180,40181,40182,40183,40184,40185,40186,40187,40188,40189,40190,40191,40192,40193,40194,40195,40196,40197,40198,40199,40200,40201,40202,40203,40204,40205,40206,40207,40208,40209,40210,40211,40212,40213,40214,40215,40216,40217,40218,40219,40220,40221,40222,40223,40224,40225,40226,40227,40228,40229,40230,40231,40232,40233,40234,40235,40236,40237,40238,40239,40240,40242,40243,40244,40245,40246,40247,40248,40249,40250,40251,40252,40253,40254,40255,40256,40257,40258,40259,40260,40261,40262,40263,40264,40265,40266,40267,40268,40269,40270,40271,40272,40273,40274,40275,40276,40277,40278,40279,40280,40281,40282,40283,40284,40285,40286,40287,40288,40289,40290,40291,40292,40293,40294,40295,40296,40297,40298,40299,40300,40301,40303,40304,40305,40306,40307,40308,40309,40310,40311,40312,40313,40314,40315,40316,40317,40318,40319,40320,40321,40322,40323,40324,40325,40326,40327,40328,40329,40330,40331,40332,40333,40334}","",2026-03-24 14:41:32.274366+01,gold_establishments_2025,,,,13000728900015,2025,Services de l'Etat,Département,['Landes'],['Nouvelle-Aquitaine'],DDFIP,{40},{75}
eed1e36d-3268-4031-b6ae-ee3c2c81678e,130013253,DDFIP Loir-et-Cher,false,"{41001,41002,41003,41004,41006,41007,41008,41009,41010,41012,41013,41014,41016,41017,41018,41019,41020,41022,41024,41025,41026,41027,41028,41029,41030,41031,41032,41034,41035,41036,41037,41038,41039,41040,41041,41042,41043,41044,41045,41046,41047,41048,41049,41050,41051,41052,41053,41054,41055,41057,41058,41059,41060,41061,41062,41063,41065,41066,41067,41068,41069,41070,41071,41072,41073,41074,41075,41077,41078,41079,41080,41081,41083,41084,41085,41086,41087,41088,41089,41090,41091,41093,41094,41095,41096,41097,41098,41099,41100,41101,41102,41103,41104,41105,41106,41107,41108,41109,41110,41112,41113,41114,41115,41116,41118,41119,41120,41121,41122,41123,41124,41125,41126,41127,41128,41129,41130,41131,41132,41134,41135,41136,41137,41138,41139,41140,41141,41142,41143,41144,41145,41146,41147,41148,41149,41150,41151,41152,41153,41154,41155,41156,41157,41158,41159,41160,41161,41163,41164,41166,41167,41168,41171,41172,41173,41174,41175,41176,41177,41178,41179,41180,41181,41182,41184,41185,41186,41187,41188,41189,41190,41191,41192,41193,41194,41195,41196,41198,41199,41200,41201,41203,41204,41205,41206,41207,41208,41209,41211,41212,41213,41214,41215,41216,41217,41218,41219,41220,41221,41222,41223,41224,41225,41226,41228,41229,41230,41231,41232,41233,41234,41235,41236,41237,41238,41239,41241,41242,41243,41245,41246,41247,41248,41249,41250,41251,41252,41253,41254,41255,41256,41258,41259,41260,41261,41262,41265,41266,41267,41268,41269,41271,41273,41274,41275,41276,41277,41278,41279,41280,41281,41282,41283,41284,41285,41286,41287,41288,41289,41290,41291,41292,41293,41294,41295,41296,41297}","",2026-03-24 14:41:32.274366+01,gold_establishments_2025,,,,13001325300013,2025,Services de l'Etat,Département,['Loir-et-Cher'],['Centre-Val de Loire'],DDFIP,{41},{24}
d0a77559-cfb6-4d0d-9878-bf3802651ac8,130013261,DDFIP Loire,false,"{42001,42002,42003,42005,42006,42007,42008,42009,42010,42011,42012,42013,42014,42015,42016,42017,42018,42019,42020,42021,42022,42023,42025,42026,42027,42028,42029,42030,42031,42032,42033,42034,42035,42036,42037,42038,42039,42040,42041,42042,42043,42044,42045,42046,42047,42048,42049,42050,42051,42052,42053,42054,42055,42056,42058,42059,42060,42061,42062,42063,42064,42065,42066,42067,42068,42069,42070,42071,42073,42074,42075,42076,42077,42078,42079,42081,42083,42084,42085,42086,42087,42088,42089,42090,42091,42092,42093,42094,42095,42096,42097,42098,42099,42100,42101,42102,42103,42104,42105,42106,42107,42108,42110,42112,42113,42115,42116,42117,42118,42119,42120,42121,42122,42123,42124,42125,42126,42127,42128,42129,42130,42131,42132,42133,42134,42135,42136,42137,42138,42139,42140,42141,42142,42143,42145,42146,42147,42148,42149,42150,42151,42152,42153,42154,42155,42156,42157,42158,42159,42160,42161,42162,42163,42164,42165,42166,42167,42168,42169,42170,42171,42172,42173,42174,42175,42176,42177,42178,42179,42180,42181,42182,42183,42184,42185,42186,42187,42188,42189,42191,42192,42193,42194,42195,42196,42197,42198,42199,42200,42201,42202,42203,42204,42205,42206,42207,42208,42209,42210,42211,42212,42213,42214,42215,42216,42217,42218,42219,42220,42221,42222,42223,42224,42225,42226,42227,42228,42229,42230,42231,42232,42233,42234,42235,42236,42237,42238,42239,42240,42241,42242,42243,42245,42246,42247,42248,42249,42251,42253,42254,42255,42256,42257,42259,42260,42261,42262,42264,42265,42266,42267,42268,42269,42270,42271,42272,42273,42274,42275,42276,42277,42278,42279,42280,42281,42282,42283,42284,42285,42286,42287,42288,42289,42290,42293,42294,42295,42296,42297,42298,42299,42300,42301,42302,42303,42304,42305,42306,42307,42308,42310,42311,42312,42313,42314,42315,42316,42317,42318,42319,42320,42321,42322,42323,42324,42325,42326,42327,42328,42329,42330,42331,42332,42333,42334,42335,42336,42337,42338,42339}","",2026-03-24 14:41:32.274366+01,gold_establishments_2025,,,,13001326100016,2025,Services de l'Etat,Département,['Loire'],['Auvergne-Rhône-Alpes'],DDFIP,{42},{84}
5b48d91b-62c5-43a3-8b10-93f6626e6eaa,130013089,DDFIP Lot,false,"{46001,46002,46003,46004,46005,46006,46007,46008,46009,46010,46011,46012,46013,46015,46016,46017,46018,46020,46021,46022,46023,46024,46026,46027,46028,46029,46030,46031,46032,46033,46034,46035,46036,46037,46038,46039,46040,46041,46042,46043,46044,46045,46046,46047,46049,46050,46051,46052,46053,46054,46055,46056,46057,46058,46059,46060,46061,46062,46063,46064,46065,46066,46068,46069,46070,46072,46073,46074,46075,46076,46078,46079,46080,46081,46082,46083,46084,46085,46086,46087,46088,46089,46090,46091,46092,46093,46094,46095,46096,46097,46098,46100,46101,46102,46103,46104,46105,46106,46107,46108,46109,46111,46112,46113,46114,46115,46116,46117,46118,46119,46120,46121,46122,46123,46124,46125,46126,46127,46128,46129,46130,46131,46132,46133,46134,46135,46136,46137,46138,46139,46140,46142,46143,46144,46145,46146,46147,46148,46149,46151,46152,46153,46154,46155,46156,46157,46159,46160,46161,46162,46163,46164,46165,46167,46168,46169,46170,46171,46172,46173,46174,46175,46176,46177,46178,46179,46180,46181,46182,46183,46184,46185,46186,46187,46188,46189,46190,46191,46192,46193,46194,46195,46196,46197,46198,46199,46200,46201,46202,46203,46204,46205,46206,46207,46208,46209,46210,46211,46212,46213,46214,46215,46216,46218,46219,46220,46221,46222,46223,46224,46225,46226,46227,46228,46229,46230,46231,46232,46233,46234,46235,46236,46237,46238,46239,46240,46241,46242,46243,46244,46245,46246,46247,46249,46250,46251,46252,46253,46254,46255,46256,46257,46258,46259,46260,46262,46263,46264,46265,46266,46267,46268,46269,46270,46271,46272,46273,46276,46277,46279,46280,46281,46282,46283,46284,46286,46288,46289,46290,46292,46293,46294,46295,46296,46297,46299,46301,46302,46303,46304,46305,46306,46307,46308,46309,46310,46311,46312,46313,46314,46315,46316,46317,46318,46319,46320,46321,46322,46323,46324,46328,46329,46330,46332,46333,46334,46335,46336,46337,46338,46339,46340}","",2026-03-24 14:41:32.274366+01,gold_establishments_2025,,,,13001308900011,2025,Services de l'Etat,Département,['Lot'],['Occitanie'],DDFIP,{46},{76}
14fc642a-c185-4eb2-b5dc-6917c485f437,130012875,DDFIP Lot-et-Garonne,false,"{47001,47002,47003,47004,47005,47006,47007,47008,47009,47010,47011,47012,47013,47014,47015,47016,47017,47018,47019,47020,47021,47022,47023,47024,47025,47026,47027,47028,47029,47030,47031,47032,47033,47034,47035,47036,47037,47038,47039,47040,47041,47042,47043,47044,47045,47046,47047,47048,47049,47050,47051,47052,47053,47054,47055,47056,47057,47058,47059,47060,47061,47062,47063,47064,47065,47066,47067,47068,47069,47070,47071,47072,47073,47074,47075,47076,47077,47078,47079,47080,47081,47082,47083,47084,47085,47086,47087,47088,47089,47090,47091,47092,47093,47094,47095,47096,47097,47098,47099,47100,47101,47102,47103,47104,47105,47106,47107,47108,47109,47110,47111,47112,47113,47114,47115,47117,47118,47119,47120,47121,47122,47123,47124,47125,47126,47127,47128,47129,47130,47131,47132,47133,47134,47135,47136,47137,47138,47139,47140,47141,47142,47143,47144,47145,47146,47147,47148,47150,47151,47152,47154,47155,47156,47157,47158,47159,47160,47161,47162,47163,47164,47165,47167,47168,47169,47170,47171,47172,47173,47174,47175,47176,47177,47178,47179,47180,47181,47182,47183,47184,47185,47186,47187,47188,47189,47190,47191,47192,47193,47194,47195,47196,47197,47198,47199,47200,47201,47202,47203,47204,47205,47206,47207,47208,47209,47210,47211,47212,47213,47214,47215,47216,47217,47218,47219,47220,47221,47222,47223,47224,47225,47226,47227,47228,47229,47230,47231,47232,47233,47234,47235,47236,47237,47238,47239,47240,47241,47242,47244,47245,47246,47247,47248,47249,47250,47251,47252,47253,47254,47255,47256,47257,47258,47259,47260,47262,47263,47264,47265,47266,47267,47269,47271,47272,47273,47274,47275,47276,47277,47278,47279,47280,47281,47282,47283,47284,47285,47286,47287,47288,47289,47290,47291,47292,47293,47294,47295,47296,47297,47298,47299,47300,47301,47302,47303,47304,47305,47306,47307,47308,47309,47310,47311,47312,47313,47314,47315,47316,47317,47318,47319,47320,47321,47323,47324,47325,47326,47327,47328}","",2026-03-24 14:41:32.274366+01,gold_establishments_2025,,,,13001287500014,2025,Services de l'Etat,Département,['Lot-et-Garonne'],['Nouvelle-Aquitaine'],DDFIP,{47},{75}
6c1c60b3-616b-40ee-b1fb-e255148014a6,130014772,DDFIP Lozère,false,"{48001,48002,48003,48004,48005,48007,48008,48009,48010,48012,48013,48015,48016,48017,48018,48019,48020,48021,48025,48026,48027,48028,48029,48030,48031,48032,48034,48036,48037,48038,48039,48041,48042,48043,48044,48045,48046,48048,48050,48051,48053,48054,48055,48056,48058,48059,48061,48063,48064,48065,48067,48068,48069,48070,48071,48072,48073,48074,48075,48077,48079,48080,48081,48082,48083,48085,48086,48087,48088,48089,48090,48091,48092,48094,48095,48096,48097,48098,48099,48100,48103,48104,48105,48106,48107,48108,48110,48111,48112,48115,48116,48117,48119,48121,48123,48124,48126,48127,48128,48129,48130,48131,48132,48135,48136,48137,48138,48139,48140,48141,48144,48145,48146,48147,48148,48149,48150,48151,48152,48153,48155,48156,48157,48158,48160,48161,48163,48165,48166,48167,48168,48169,48170,48171,48173,48174,48175,48176,48177,48178,48179,48181,48182,48185,48187,48188,48190,48191,48192,48193,48194,48198}","",2026-03-24 14:41:32.274366+01,gold_establishments_2025,,,,13001477200011,2025,Services de l'Etat,Département,['Lozère'],['Occitanie'],DDFIP,{48},{76}
395a6a6a-19d5-4c6e-a737-04c84f812ed0,130013295,DDFIP Maine-et-Loire,false,"{49002,49003,49007,49008,49009,49010,49011,49012,49015,49017,49018,49020,49021,49022,49023,49026,49027,49028,49029,49030,49035,49036,49038,49041,49045,49048,49050,49053,49054,49055,49056,49057,49058,49060,49061,49063,49064,49067,49068,49070,49076,49080,49082,49086,49089,49090,49092,49099,49100,49102,49107,49109,49110,49112,49113,49114,49120,49121,49123,49125,49127,49129,49130,49131,49132,49135,49138,49140,49155,49160,49161,49163,49167,49170,49171,49174,49176,49178,49180,49182,49183,49188,49192,49193,49194,49195,49200,49201,49205,49209,49211,49214,49215,49216,49217,49218,49219,49220,49221,49222,49223,49224,49228,49231,49235,49236,49237,49240,49241,49244,49246,49247,49248,49253,49257,49259,49260,49261,49262,49266,49267,49269,49271,49272,49278,49283,49284,49288,49291,49292,49294,49298,49299,49301,49302,49306,49307,49308,49310,49311,49323,49326,49328,49329,49330,49331,49332,49333,49334,49336,49338,49339,49341,49343,49344,49345,49347,49352,49353,49355,49358,49359,49361,49362,49364,49367,49368,49369,49370,49371,49373,49374,49377,49378,49381}","",2026-03-24 14:41:32.274366+01,gold_establishments_2025,,,,13001329500014,2025,Services de l'Etat,Département,['Maine-et-Loire'],['Pays de la Loire'],DDFIP,{49},{52}
3749a194-6ddc-4209-9cf6-a633c071fcc7,130010176,DDFIP Manche,false,"{50002,50003,50004,50006,50008,50013,50016,50019,50021,50022,50023,50024,50025,50026,50027,50028,50029,50030,50031,50032,50033,50034,50036,50038,50039,50040,50041,50042,50044,50045,50046,50048,50049,50050,50052,50054,50055,50058,50059,50060,50062,50064,50066,50069,50070,50072,50074,50076,50077,50078,50079,50081,50082,50083,50084,50085,50086,50087,50088,50090,50092,50093,50094,50095,50096,50097,50098,50099,50101,50102,50105,50106,50108,50109,50110,50111,50112,50115,50117,50118,50120,50121,50124,50126,50129,50130,50135,50137,50138,50139,50142,50143,50144,50145,50146,50147,50148,50149,50150,50151,50152,50155,50156,50158,50159,50161,50162,50164,50165,50166,50167,50168,50169,50172,50174,50175,50176,50177,50178,50181,50182,50183,50184,50185,50186,50188,50190,50192,50193,50194,50195,50196,50197,50198,50199,50200,50205,50207,50208,50209,50210,50214,50215,50216,50217,50218,50219,50221,50222,50225,50227,50228,50229,50230,50231,50232,50233,50234,50235,50236,50237,50238,50239,50240,50241,50243,50246,50247,50251,50252,50253,50256,50258,50259,50260,50261,50262,50263,50265,50266,50267,50268,50269,50270,50271,50272,50273,50274,50275,50276,50277,50278,50279,50281,50282,50283,50285,50288,50289,50290,50291,50292,50294,50295,50296,50297,50298,50299,50300,50302,50304,50305,50310,50311,50312,50315,50317,50321,50324,50326,50327,50328,50332,50334,50335,50336,50338,50340,50341,50342,50345,50347,50349,50350,50351,50352,50353,50356,50357,50359,50360,50361,50362,50363,50364,50365,50368,50369,50370,50371,50372,50373,50374,50376,50378,50379,50382,50384,50387,50388,50389,50390,50391,50393,50394,50395,50397,50398,50399,50400,50401,50402,50403,50405,50407,50408,50409,50410,50411,50412,50413,50417,50419,50420,50421,50422,50423,50425,50426,50428,50429,50430,50431,50433,50435,50436,50437,50442,50443,50444,50445,50446,50447,50448,50450,50451,50452,50453,50454,50455,50456,50457,50461,50462,50463,50464,50467,50468,50469,50471,50472,50473,50474,50475,50476,50478,50479,50480,50481,50482,50483,50484,50486,50487,50488,50489,50490,50491,50492,50493,50495,50496,50498,50499,50500,50502,50504,50505,50506,50507,50509,50510,50511,50512,50513,50514,50517,50518,50519,50521,50522,50523,50525,50528,50529,50531,50532,50533,50535,50536,50537,50538,50539,50540,50541,50542,50543,50546,50548,50549,50550,50551,50552,50553,50554,50556,50562,50563,50564,50565,50567,50568,50569,50570,50571,50572,50574,50575,50576,50577,50578,50579,50580,50582,50584,50585,50587,50588,50589,50590,50591,50592,50593,50594,50596,50597,50598,50599,50601,50603,50604,50606,50607,50609,50610,50612,50613,50615,50616,50617,50618,50619,50621,50624,50626,50628,50629,50633,50634,50637,50639,50641,50643,50647,50648}","",2026-03-24 14:41:32.274366+01,gold_establishments_2025,,,,13001017600019,2025,Services de l'Etat,Département,['Manche'],['Normandie'],DDFIP,{50},{28}
201e0797-362c-4c68-ba09-72f4500dda23,130007248,DDFIP Marne,false,"{51001,51002,51003,51004,51005,51006,51007,51008,51009,51010,51012,51013,51014,51015,51016,51017,51018,51019,51020,51022,51023,51025,51027,51028,51029,51030,51031,51032,51033,51034,51035,51036,51037,51038,51039,51040,51041,51042,51043,51044,51045,51046,51047,51048,51049,51050,51051,51052,51053,51054,51055,51056,51057,51058,51059,51060,51061,51062,51065,51066,51068,51069,51070,51071,51072,51073,51074,51075,51076,51077,51078,51079,51080,51081,51082,51083,51084,51085,51086,51087,51088,51089,51090,51091,51092,51093,51094,51095,51097,51098,51099,51100,51101,51102,51103,51104,51105,51106,51107,51108,51109,51110,51111,51112,51113,51115,51116,51117,51118,51119,51120,51121,51122,51124,51125,51126,51127,51128,51129,51130,51132,51133,51134,51135,51136,51137,51138,51139,51140,51141,51142,51143,51144,51145,51146,51147,51148,51149,51150,51151,51152,51153,51154,51155,51156,51157,51158,51160,51161,51162,51163,51164,51165,51166,51167,51168,51169,51170,51171,51172,51173,51174,51175,51176,51177,51178,51179,51181,51182,51183,51184,51185,51186,51187,51188,51190,51191,51192,51193,51194,51195,51196,51197,51198,51199,51200,51201,51202,51203,51204,51206,51208,51210,51211,51212,51213,51214,51215,51216,51217,51218,51219,51220,51222,51223,51224,51225,51226,51227,51228,51229,51230,51231,51232,51233,51234,51235,51236,51237,51238,51239,51240,51241,51242,51243,51244,51245,51246,51247,51248,51249,51250,51251,51252,51253,51254,51255,51256,51258,51259,51260,51262,51263,51264,51265,51266,51267,51268,51269,51270,51272,51273,51274,51275,51276,51277,51278,51279,51280,51281,51282,51283,51284,51285,51286,51287,51288,51289,51290,51291,51292,51293,51294,51295,51296,51298,51299,51300,51301,51302,51303,51304,51305,51306,51307,51308,51309,51310,51311,51312,51313,51314,51315,51316,51317,51318,51319,51320,51321,51322,51323,51324,51325,51326,51327,51328,51329,51333,51334,51336,51337,51338,51339,51340,51341,51342,51343,51344,51345,51346,51348,51349,51350,51351,51352,51353,51354,51355,51356,51357,51358,51359,51360,51361,51362,51363,51364,51365,51367,51368,51369,51370,51371,51372,51373,51374,51375,51376,51377,51378,51379,51380,51381,51382,51384,51386,51387,51388,51389,51390,51391,51392,51393,51395,51396,51397,51398,51399,51402,51403,51404,51406,51407,51409,51410,51412,51413,51414,51415,51416,51417,51418,51419,51420,51421,51422,51423,51424,51425,51426,51428,51429,51430,51431,51432,51433,51434,51435,51436,51437,51438,51439,51440,51441,51442,51443,51444,51445,51446,51447,51448,51449,51450,51451,51452,51453,51454,51455,51456,51457,51458,51459,51460,51461,51463,51464,51465,51466,51468,51469,51470,51471,51472,51473,51474,51475,51476,51477,51478,51479,51480,51482,51483,51484,51485,51486,51487,51488,51489,51490,51491,51492,51493,51495,51496,51497,51498,51499,51500,51501,51502,51503,51504,51505,51506,51507,51508,51509,51510,51511,51512,51513,51514,51515,51516,51517,51518,51519,51520,51521,51522,51523,51524,51525,51526,51527,51528,51529,51530,51531,51532,51533,51534,51535,51536,51537,51538,51539,51542,51543,51544,51545,51546,51547,51548,51549,51550,51551,51552,51553,51555,51556,51557,51558,51559,51560,51562,51563,51564,51565,51566,51567,51568,51569,51570,51571,51572,51573,51574,51576,51577,51578,51579,51580,51581,51582,51583,51584,51585,51586,51587,51588,51589,51590,51591,51592,51594,51595,51596,51597,51598,51599,51600,51601,51602,51603,51604,51605,51607,51608,51609,51610,51611,51612,51613,51614,51616,51617,51618,51619,51620,51621,51622,51623,51624,51625,51626,51627,51628,51629,51630,51631,51632,51633,51634,51635,51636,51638,51639,51640,51641,51642,51643,51644,51645,51646,51647,51648,51649,51650,51652,51654,51655,51656,51657,51658,51659,51660,51662,51663}","",2026-03-24 14:41:32.274366+01,gold_establishments_2025,,,,13000724800011,2025,Services de l'Etat,Département,['Marne'],['Grand Est'],DDFIP,{51},{44}
9ba7dce6-d8e6-46ff-9f62-f304f1e9ae68,130011067,DDFIP Mayenne,false,"{53001,53002,53003,53005,53007,53008,53009,53010,53011,53012,53013,53015,53016,53017,53018,53019,53021,53022,53023,53025,53026,53027,53028,53029,53030,53031,53033,53034,53035,53036,53037,53038,53039,53040,53041,53042,53043,53045,53046,53047,53048,53049,53051,53052,53053,53054,53055,53056,53057,53058,53059,53061,53062,53063,53064,53066,53067,53068,53069,53071,53072,53073,53074,53075,53076,53077,53078,53079,53080,53082,53083,53084,53085,53086,53087,53088,53089,53090,53091,53093,53094,53096,53097,53098,53099,53100,53101,53102,53103,53104,53105,53106,53107,53108,53109,53110,53111,53112,53113,53114,53115,53116,53117,53118,53119,53120,53121,53122,53123,53124,53125,53126,53127,53128,53129,53130,53131,53132,53133,53134,53135,53136,53137,53139,53140,53141,53142,53143,53144,53145,53146,53147,53148,53150,53151,53152,53153,53154,53155,53156,53157,53158,53160,53161,53162,53163,53164,53165,53168,53169,53170,53172,53173,53174,53175,53176,53177,53178,53179,53180,53181,53182,53184,53185,53186,53187,53188,53189,53190,53191,53192,53193,53195,53196,53197,53198,53199,53200,53201,53202,53203,53204,53206,53208,53209,53210,53211,53212,53213,53214,53216,53218,53219,53220,53221,53222,53223,53224,53225,53226,53228,53229,53230,53232,53233,53234,53235,53236,53237,53238,53240,53242,53243,53245,53246,53247,53248,53249,53250,53251,53253,53255,53256,53257,53258,53259,53260,53261,53262,53263,53264,53265,53266,53267,53269,53270,53271,53272,53273,53276}","",2026-03-24 14:41:32.274366+01,gold_establishments_2025,,,,13001106700019,2025,Services de l'Etat,Département,['Mayenne'],['Pays de la Loire'],DDFIP,{53},{52}
64a3338d-58b9-490a-9a69-8ba7138c03a2,130011430,DDFIP Meurthe-et-Moselle,false,"{54001,54002,54003,54004,54005,54006,54007,54008,54009,54010,54011,54012,54013,54014,54015,54016,54017,54018,54019,54020,54021,54022,54023,54024,54025,54026,54027,54028,54029,54030,54031,54032,54033,54034,54035,54036,54037,54038,54039,54040,54041,54042,54043,54044,54045,54046,54047,54048,54049,54050,54051,54052,54053,54054,54055,54056,54057,54058,54059,54060,54061,54062,54063,54064,54065,54066,54067,54068,54069,54070,54071,54072,54073,54074,54075,54076,54077,54078,54079,54080,54081,54082,54083,54084,54085,54086,54087,54088,54089,54090,54091,54092,54093,54094,54095,54096,54097,54098,54099,54100,54101,54102,54103,54104,54105,54106,54107,54108,54109,54110,54111,54112,54113,54114,54115,54116,54117,54118,54119,54120,54121,54122,54123,54124,54125,54126,54127,54128,54129,54130,54131,54132,54133,54134,54135,54136,54137,54138,54139,54140,54141,54142,54143,54144,54145,54146,54147,54148,54149,54150,54151,54152,54153,54154,54155,54156,54157,54158,54159,54160,54161,54162,54163,54164,54165,54166,54167,54168,54169,54170,54171,54172,54173,54174,54175,54176,54177,54178,54179,54180,54181,54182,54183,54184,54185,54186,54187,54188,54189,54190,54191,54192,54193,54194,54195,54196,54197,54198,54199,54200,54201,54202,54203,54204,54205,54206,54207,54208,54209,54210,54211,54212,54213,54214,54215,54216,54217,54218,54219,54220,54221,54222,54223,54224,54225,54226,54227,54228,54229,54230,54231,54232,54233,54234,54235,54236,54237,54238,54239,54240,54241,54242,54243,54244,54245,54246,54247,54248,54249,54250,54251,54252,54253,54254,54255,54256,54257,54258,54259,54260,54261,54262,54263,54264,54265,54266,54268,54269,54270,54271,54272,54273,54274,54275,54276,54277,54278,54279,54280,54281,54282,54283,54284,54285,54286,54287,54288,54289,54290,54291,54292,54293,54294,54295,54296,54297,54298,54299,54300,54301,54302,54303,54304,54305,54306,54307,54308,54309,54310,54311,54312,54313,54314,54315,54316,54317,54318,54320,54321,54322,54323,54324,54325,54326,54327,54328,54329,54330,54331,54332,54333,54334,54335,54336,54337,54338,54339,54340,54343,54344,54345,54346,54348,54349,54350,54351,54352,54353,54354,54355,54356,54357,54358,54359,54360,54362,54363,54364,54365,54366,54367,54368,54369,54370,54371,54372,54373,54374,54375,54376,54377,54378,54379,54380,54381,54382,54383,54385,54386,54387,54388,54389,54390,54391,54392,54393,54394,54395,54396,54397,54398,54399,54400,54401,54402,54403,54404,54405,54406,54407,54408,54409,54410,54411,54412,54413,54414,54415,54416,54417,54418,54419,54420,54421,54422,54423,54424,54425,54426,54427,54428,54429,54430,54431,54432,54433,54434,54435,54436,54437,54438,54439,54440,54441,54442,54443,54444,54445,54446,54447,54449,54450,54451,54452,54453,54455,54456,54457,54458,54459,54460,54461,54462,54463,54464,54465,54466,54467,54468,54469,54470,54471,54472,54473,54474,54475,54476,54477,54478,54479,54480,54481,54482,54483,54484,54485,54486,54487,54488,54489,54490,54491,54492,54493,54494,54495,54496,54497,54498,54499,54500,54501,54502,54504,54505,54507,54508,54509,54510,54511,54512,54513,54514,54515,54516,54517,54518,54519,54520,54521,54522,54523,54524,54525,54526,54527,54528,54529,54530,54531,54532,54533,54534,54535,54536,54537,54538,54539,54540,54541,54542,54543,54544,54545,54546,54547,54548,54549,54550,54551,54552,54553,54554,54555,54556,54557,54558,54559,54560,54561,54562,54563,54564,54565,54566,54567,54568,54569,54570,54571,54572,54573,54574,54575,54576,54577,54578,54579,54580,54581,54582,54583,54584,54585,54586,54587,54588,54589,54590,54591,54592,54593,54594,54595,54596,54597,54598,54599,54600,54601,54602}","",2026-03-24 14:41:32.274366+01,gold_establishments_2025,,,,13001143000860,2025,Services de l'Etat,Département,['Meurthe-et-Moselle'],['Grand Est'],DDFIP,{54},{44}
42688615-f134-43a7-941f-17eb94002e26,130008394,DDFIP Meuse,false,"{55001,55002,55004,55005,55007,55008,55009,55010,55011,55012,55013,55014,55015,55017,55018,55021,55022,55023,55024,55025,55026,55027,55028,55029,55031,55032,55033,55034,55035,55036,55037,55038,55039,55040,55041,55042,55043,55044,55045,55046,55047,55048,55049,55050,55051,55053,55054,55055,55057,55058,55059,55060,55061,55062,55063,55064,55065,55066,55067,55068,55069,55070,55071,55072,55073,55075,55076,55077,55078,55079,55080,55081,55082,55083,55084,55085,55087,55088,55089,55093,55094,55095,55096,55097,55099,55100,55101,55102,55103,55104,55105,55106,55107,55108,55109,55110,55111,55113,55114,55115,55116,55117,55118,55119,55120,55121,55122,55123,55124,55125,55127,55128,55129,55132,55133,55134,55137,55138,55139,55140,55141,55142,55143,55144,55145,55146,55148,55149,55150,55153,55154,55155,55156,55157,55158,55159,55160,55162,55163,55165,55166,55167,55168,55169,55170,55171,55172,55173,55174,55175,55177,55178,55179,55180,55181,55182,55183,55184,55185,55186,55188,55189,55191,55192,55193,55194,55195,55196,55197,55198,55199,55200,55201,55202,55204,55206,55207,55208,55210,55211,55212,55214,55215,55216,55217,55218,55219,55220,55221,55222,55224,55225,55226,55228,55229,55232,55236,55237,55239,55241,55242,55243,55244,55245,55246,55247,55248,55250,55251,55252,55253,55254,55255,55256,55257,55258,55260,55261,55262,55263,55264,55265,55266,55267,55268,55269,55270,55271,55272,55274,55275,55276,55278,55279,55280,55281,55282,55284,55285,55286,55288,55289,55290,55291,55292,55293,55295,55296,55297,55298,55299,55300,55301,55302,55303,55304,55306,55307,55310,55311,55312,55313,55315,55316,55317,55320,55321,55322,55323,55324,55325,55326,55327,55328,55329,55330,55331,55332,55333,55334,55335,55336,55338,55339,55340,55341,55343,55344,55345,55346,55347,55348,55349,55350,55351,55352,55353,55355,55356,55357,55358,55359,55360,55361,55362,55363,55364,55365,55366,55367,55368,55369,55370,55371,55372,55373,55374,55375,55376,55377,55378,55379,55380,55381,55382,55383,55384,55385,55386,55387,55388,55389,55391,55394,55395,55396,55397,55398,55399,55400,55401,55403,55404,55405,55406,55407,55408,55409,55410,55411,55412,55414,55415,55416,55419,55420,55421,55422,55423,55424,55425,55426,55427,55428,55429,55430,55431,55433,55434,55435,55436,55437,55438,55439,55442,55443,55444,55445,55446,55447,55448,55449,55450,55452,55453,55454,55456,55457,55458,55459,55460,55461,55462,55463,55464,55465,55466,55467,55468,55469,55470,55471,55472,55473,55474,55475,55476,55477,55479,55481,55482,55484,55485,55487,55488,55489,55490,55492,55493,55494,55495,55496,55497,55498,55500,55501,55502,55503,55504,55505,55506,55507,55508,55509,55510,55511,55512,55514,55515,55516,55517,55518,55519,55520,55521,55522,55523,55525,55526,55527,55528,55530,55531,55532,55533,55534,55535,55536,55537,55540,55541,55543,55544,55545,55546,55547,55549,55551,55552,55553,55554,55555,55556,55557,55559,55560,55561,55562,55563,55565,55566,55567,55568,55569,55570,55571,55572,55573,55574,55575,55577,55578,55579,55580,55581,55582,55583,55584,55586}","",2026-03-24 14:41:32.274366+01,gold_establishments_2025,,,,13000839400012,2025,Services de l'Etat,Département,['Meuse'],['Grand Est'],DDFIP,{55},{44}
9ef79a5f-6ed7-4624-bb0d-e5f295358680,130010184,DDFIP Morbihan,false,"{56001,56002,56003,56004,56005,56006,56007,56008,56009,56010,56011,56012,56013,56014,56015,56017,56018,56019,56020,56021,56022,56023,56024,56025,56026,56027,56028,56029,56030,56031,56032,56033,56034,56035,56036,56039,56040,56041,56042,56043,56044,56045,56046,56047,56048,56050,56051,56052,56053,56054,56055,56056,56057,56058,56060,56061,56062,56063,56065,56066,56067,56068,56069,56070,56071,56072,56073,56074,56075,56076,56077,56078,56079,56080,56081,56082,56083,56084,56085,56086,56087,56088,56089,56090,56091,56092,56093,56094,56096,56097,56098,56099,56100,56101,56102,56103,56104,56105,56106,56107,56108,56109,56110,56111,56112,56113,56114,56115,56116,56117,56118,56119,56120,56121,56122,56123,56124,56125,56126,56127,56128,56129,56130,56131,56132,56133,56134,56135,56136,56137,56139,56140,56141,56143,56144,56145,56146,56147,56148,56149,56151,56152,56153,56154,56155,56156,56157,56158,56159,56160,56161,56162,56163,56164,56165,56166,56167,56168,56169,56170,56171,56172,56173,56174,56175,56176,56177,56178,56179,56180,56181,56182,56184,56185,56186,56188,56189,56190,56191,56193,56194,56195,56196,56197,56198,56199,56200,56201,56202,56203,56204,56205,56206,56207,56208,56209,56210,56211,56212,56213,56214,56215,56216,56218,56219,56220,56221,56222,56223,56224,56225,56226,56227,56228,56229,56230,56231,56232,56233,56234,56236,56237,56238,56239,56240,56241,56242,56243,56244,56245,56246,56247,56248,56249,56250,56251,56252,56253,56254,56255,56256,56257,56258,56259,56260,56261,56262,56263,56264}","",2026-03-24 14:41:32.274366+01,gold_establishments_2025,,,,13001018400013,2025,Services de l'Etat,Département,['Morbihan'],['Bretagne'],DDFIP,{56},{53}
41131b70-f156-45f3-8929-47c8b9cb3943,130012636,DDFIP Moselle,false,"{57001,57002,57003,57004,57006,57007,57008,57009,57010,57011,57012,57013,57014,57015,57016,57017,57018,57019,57020,57021,57022,57024,57025,57026,57027,57028,57029,57030,57031,57032,57033,57034,57035,57036,57037,57038,57039,57040,57041,57042,57043,57044,57045,57046,57047,57048,57049,57050,57051,57052,57053,57054,57055,57056,57057,57058,57059,57060,57061,57062,57063,57064,57065,57066,57067,57069,57070,57071,57072,57073,57074,57075,57076,57077,57079,57080,57081,57082,57083,57084,57085,57086,57087,57088,57089,57090,57091,57092,57093,57095,57096,57097,57098,57099,57100,57101,57102,57103,57104,57105,57106,57107,57108,57109,57110,57111,57112,57113,57114,57115,57116,57117,57118,57119,57120,57121,57122,57123,57124,57125,57126,57127,57128,57129,57130,57131,57132,57133,57134,57136,57137,57138,57139,57140,57141,57142,57143,57144,57145,57146,57147,57148,57149,57150,57151,57152,57153,57154,57155,57156,57158,57159,57160,57161,57162,57163,57165,57166,57167,57168,57169,57171,57172,57173,57174,57175,57176,57177,57178,57179,57180,57181,57182,57183,57186,57187,57188,57189,57190,57191,57192,57193,57194,57195,57196,57197,57198,57199,57200,57201,57202,57203,57204,57205,57206,57207,57208,57209,57210,57211,57212,57213,57214,57215,57216,57217,57218,57219,57220,57221,57222,57224,57225,57226,57227,57228,57229,57230,57231,57232,57233,57234,57235,57236,57237,57238,57239,57240,57241,57242,57244,57245,57246,57247,57248,57249,57250,57251,57252,57253,57254,57255,57256,57257,57258,57259,57260,57261,57262,57263,57264,57265,57266,57267,57268,57269,57270,57271,57272,57273,57274,57275,57276,57277,57278,57280,57281,57282,57283,57284,57286,57287,57288,57289,57290,57291,57292,57293,57294,57295,57296,57297,57298,57299,57300,57301,57302,57303,57304,57305,57306,57307,57308,57309,57310,57311,57312,57313,57314,57315,57316,57317,57318,57319,57320,57321,57322,57323,57324,57325,57326,57328,57329,57330,57331,57332,57333,57334,57335,57336,57337,57338,57339,57340,57341,57342,57343,57344,57345,57346,57347,57348,57349,57350,57351,57352,57353,57354,57355,57356,57357,57358,57359,57360,57361,57362,57364,57365,57366,57367,57368,57370,57371,57372,57373,57374,57375,57376,57377,57379,57380,57381,57382,57383,57384,57385,57386,57387,57388,57389,57390,57391,57392,57393,57394,57395,57396,57397,57398,57399,57401,57402,57403,57404,57405,57406,57407,57408,57409,57410,57411,57412,57413,57414,57415,57416,57417,57418,57419,57421,57422,57423,57424,57425,57426,57427,57428,57430,57431,57433,57434,57436,57437,57438,57439,57440,57441,57442,57443,57444,57445,57446,57447,57448,57449,57451,57452,57453,57454,57455,57456,57457,57459,57460,57461,57462,57463,57464,57465,57466,57467,57468,57469,57470,57471,57472,57473,57474,57475,57476,57477,57478,57479,57480,57481,57482,57483,57484,57485,57486,57487,57488,57489,57490,57491,57492,57493,57494,57495,57496,57497,57498,57499,57500,57501,57502,57504,57505,57506,57507,57508,57509,57510,57511,57512,57513,57514,57515,57516,57517,57518,57519,57520,57521,57524,57525,57526,57527,57528,57529,57530,57531,57532,57533,57534,57535,57536,57537,57538,57539,57540,57541,57542,57543,57544,57545,57546,57547,57548,57549,57550,57551,57552,57553,57554,57555,57556,57557,57558,57559,57560,57561,57562,57563,57564,57565,57566,57567,57568,57569,57570,57571,57572,57573,57574,57575,57576,57577,57578,57579,57580,57581,57582,57583,57584,57586,57587,57588,57589,57590,57591,57592,57593,57594,57595,57596,57597,57598,57599,57600,57601,57602,57603,57604,57605,57606,57607,57609,57610,57611,57612,57613,57614,57615,57616,57617,57618,57619,57620,57621,57622,57623,57624,57625,57626,57627,57628,57629,57630,57631,57633,57634,57635,57636,57637,57638,57639,57640,57641,57642,57643,57644,57645,57647,57648,57649,57650,57651,57652,57653,57654,57655,57656,57657,57658,57659,57660,57661,57662,57663,57664,57665,57666,57667,57668,57669,57670,57671,57672,57673,57674,57675,57676,57677,57678,57679,57680,57681,57682,57683,57684,57685,57686,57687,57689,57690,57691,57692,57693,57694,57695,57696,57697,57698,57700,57701,57702,57703,57704,57705,57706,57707,57708,57709,57711,57712,57713,57714,57715,57716,57717,57718,57719,57720,57721,57723,57724,57725,57726,57727,57728,57730,57731,57732,57733,57734,57736,57737,57738,57739,57740,57741,57742,57743,57745,57746,57747,57748,57749,57750,57751,57752,57753,57754,57755,57756,57757,57759,57760,57761,57762,57763,57764,57765,57767}","",2026-03-24 14:41:32.274366+01,gold_establishments_2025,,,,13001263600010,2025,Services de l'Etat,Département,['Moselle'],['Grand Est'],DDFIP,{57},{44}
33abe246-e452-4f54-8023-392b6f7e590a,130012883,DDFIP Nièvre,false,"{58001,58002,58003,58004,58005,58006,58007,58008,58009,58010,58011,58012,58013,58014,58015,58016,58017,58018,58019,58020,58021,58023,58024,58025,58026,58027,58028,58029,58030,58031,58032,58033,58034,58035,58036,58037,58038,58039,58040,58041,58042,58043,58044,58045,58046,58047,58048,58049,58050,58051,58052,58053,58054,58055,58056,58057,58058,58059,58060,58061,58062,58063,58064,58065,58066,58067,58068,58069,58070,58071,58072,58073,58074,58075,58076,58077,58078,58079,58080,58081,58082,58083,58084,58085,58086,58087,58088,58089,58090,58092,58093,58094,58095,58096,58097,58098,58099,58101,58102,58103,58104,58105,58106,58107,58108,58109,58110,58111,58112,58113,58114,58115,58116,58117,58118,58119,58120,58121,58122,58123,58124,58125,58126,58127,58128,58129,58130,58131,58132,58133,58134,58135,58136,58137,58138,58139,58140,58141,58142,58143,58144,58145,58146,58147,58148,58149,58150,58151,58152,58153,58154,58155,58156,58157,58158,58159,58160,58161,58162,58163,58164,58165,58166,58168,58169,58170,58171,58172,58173,58174,58175,58176,58177,58178,58179,58180,58181,58182,58183,58184,58185,58186,58187,58188,58189,58190,58191,58192,58193,58194,58195,58196,58197,58198,58199,58200,58201,58202,58203,58204,58205,58206,58207,58208,58209,58210,58211,58212,58213,58214,58215,58216,58217,58218,58219,58220,58221,58222,58223,58224,58225,58226,58227,58228,58229,58230,58231,58232,58233,58234,58235,58236,58237,58238,58239,58240,58241,58242,58243,58244,58245,58246,58247,58248,58249,58250,58251,58252,58253,58254,58255,58256,58257,58258,58259,58260,58261,58262,58263,58264,58265,58266,58267,58268,58269,58270,58271,58272,58273,58274,58275,58276,58277,58278,58279,58280,58281,58282,58283,58284,58285,58286,58287,58288,58289,58290,58291,58292,58293,58294,58295,58296,58297,58298,58299,58300,58301,58302,58303,58304,58305,58306,58307,58308,58309,58310,58311,58312,58313}","",2026-03-24 14:41:32.274366+01,gold_establishments_2025,,,,13001288300018,2025,Services de l'Etat,Département,['Nièvre'],['Bourgogne-Franche-Comté'],DDFIP,{58},{27}
e40f2108-b687-4e48-bc20-5f61752c087c,130011653,DDFIP Oise,false,"{60001,60002,60003,60004,60005,60006,60007,60008,60009,60010,60011,60012,60013,60014,60015,60016,60017,60019,60020,60021,60022,60023,60024,60025,60026,60027,60028,60029,60030,60031,60032,60033,60034,60035,60036,60037,60039,60040,60041,60042,60043,60044,60045,60046,60047,60048,60049,60050,60051,60052,60053,60054,60055,60056,60057,60058,60059,60060,60061,60062,60063,60064,60065,60066,60067,60068,60069,60070,60071,60072,60073,60074,60075,60076,60077,60078,60079,60081,60082,60083,60084,60085,60086,60087,60088,60089,60090,60091,60092,60093,60094,60095,60097,60098,60099,60100,60101,60102,60103,60104,60105,60106,60107,60108,60109,60110,60111,60112,60113,60114,60115,60116,60117,60118,60119,60120,60121,60122,60123,60124,60125,60126,60127,60128,60129,60130,60131,60132,60133,60134,60135,60136,60137,60138,60139,60140,60141,60142,60143,60144,60145,60146,60147,60148,60149,60150,60151,60152,60153,60154,60155,60156,60157,60158,60159,60160,60161,60162,60163,60164,60165,60166,60167,60168,60169,60170,60171,60172,60173,60174,60175,60176,60177,60178,60179,60180,60181,60182,60183,60184,60185,60186,60187,60188,60189,60190,60191,60192,60193,60194,60195,60196,60197,60198,60199,60200,60201,60203,60204,60205,60206,60207,60208,60209,60210,60211,60212,60213,60214,60215,60216,60217,60218,60219,60220,60221,60222,60223,60224,60225,60226,60227,60228,60229,60230,60231,60232,60233,60234,60235,60236,60237,60238,60239,60240,60241,60242,60243,60244,60245,60247,60248,60249,60250,60251,60252,60253,60254,60255,60256,60257,60258,60259,60260,60261,60262,60263,60264,60265,60267,60268,60269,60270,60271,60272,60273,60274,60275,60276,60277,60278,60279,60280,60281,60282,60283,60284,60285,60286,60287,60288,60289,60290,60291,60292,60293,60294,60295,60296,60297,60298,60299,60301,60302,60303,60304,60305,60306,60307,60308,60309,60310,60311,60312,60313,60314,60315,60316,60317,60318,60319,60320,60321,60322,60323,60324,60325,60326,60327,60328,60329,60330,60331,60332,60333,60334,60335,60336,60337,60338,60339,60340,60341,60342,60343,60344,60345,60346,60347,60348,60350,60351,60352,60353,60354,60355,60356,60357,60358,60359,60360,60361,60362,60363,60364,60365,60366,60367,60368,60369,60370,60371,60372,60373,60374,60375,60376,60377,60378,60379,60380,60381,60382,60383,60385,60386,60387,60388,60389,60390,60391,60392,60393,60394,60395,60396,60397,60398,60399,60400,60401,60402,60403,60404,60405,60406,60407,60408,60409,60410,60411,60412,60413,60414,60415,60416,60418,60420,60421,60422,60423,60424,60425,60426,60427,60428,60429,60430,60431,60432,60433,60434,60435,60436,60437,60438,60439,60440,60441,60442,60443,60444,60445,60446,60447,60448,60449,60450,60451,60452,60454,60456,60457,60458,60459,60460,60461,60462,60463,60464,60465,60466,60468,60469,60470,60471,60472,60473,60474,60476,60477,60478,60479,60480,60481,60482,60483,60484,60485,60486,60487,60488,60489,60490,60491,60492,60493,60494,60495,60496,60497,60498,60499,60500,60501,60502,60503,60504,60505,60506,60507,60508,60509,60510,60511,60512,60513,60514,60515,60516,60517,60518,60519,60520,60521,60522,60523,60524,60525,60526,60527,60528,60529,60530,60531,60533,60534,60535,60536,60537,60538,60539,60540,60541,60542,60543,60544,60545,60546,60547,60548,60549,60550,60551,60552,60553,60554,60555,60556,60557,60558,60559,60560,60561,60562,60563,60564,60565,60566,60567,60568,60569,60570,60571,60572,60573,60574,60575,60576,60577,60578,60579,60581,60582,60583,60584,60585,60586,60587,60588,60589,60590,60591,60592,60593,60594,60595,60596,60597,60598,60599,60600,60601,60602,60603,60604,60605,60608,60609,60610,60611,60612,60613,60614,60615,60616,60617,60618,60619,60620,60621,60622,60623,60624,60625,60626,60627,60628,60629,60630,60631,60632,60633,60634,60635,60636,60637,60638,60639,60640,60641,60642,60643,60644,60645,60646,60647,60648,60650,60651,60652,60653,60654,60655,60656,60657,60658,60659,60660,60661,60662,60663,60664,60665,60666,60667,60668,60669,60670,60671,60672,60673,60674,60675,60676,60677,60678,60679,60680,60681,60682,60683,60684,60685,60686,60687,60688,60689,60691,60692,60693,60695,60697,60698,60699,60700,60701,60702,60703}","",2026-03-24 14:41:32.274366+01,gold_establishments_2025,,,,13001165300891,2025,Services de l'Etat,Département,['Oise'],['Hauts-de-France'],DDFIP,{60},{32}
d8551048-4c85-4458-9053-19a565cd0f6f,130008402,DDFIP Orne,false,"{61001,61002,61005,61006,61007,61008,61010,61011,61012,61013,61014,61015,61018,61020,61021,61023,61024,61026,61028,61029,61030,61032,61034,61035,61036,61037,61038,61039,61040,61041,61043,61044,61046,61048,61049,61050,61051,61052,61053,61054,61055,61056,61060,61061,61062,61063,61064,61066,61067,61068,61069,61070,61071,61072,61074,61075,61076,61077,61078,61079,61080,61081,61082,61084,61085,61086,61087,61088,61089,61091,61092,61093,61094,61095,61096,61097,61098,61099,61100,61101,61102,61103,61104,61105,61107,61108,61111,61113,61114,61116,61117,61118,61120,61121,61122,61123,61124,61126,61129,61130,61133,61137,61138,61139,61140,61141,61142,61143,61145,61146,61148,61149,61150,61151,61152,61153,61156,61158,61159,61160,61162,61163,61164,61165,61166,61167,61168,61169,61170,61171,61176,61178,61180,61181,61182,61183,61187,61189,61190,61193,61194,61195,61196,61197,61198,61199,61202,61203,61206,61207,61208,61209,61210,61211,61212,61213,61214,61215,61216,61217,61218,61219,61221,61222,61224,61225,61227,61228,61229,61230,61232,61233,61234,61237,61238,61240,61241,61242,61243,61244,61248,61251,61252,61255,61256,61257,61258,61259,61260,61261,61262,61263,61264,61265,61266,61267,61268,61269,61271,61272,61273,61274,61275,61276,61277,61278,61279,61281,61283,61284,61286,61287,61288,61289,61290,61291,61292,61293,61294,61295,61297,61298,61300,61301,61302,61303,61304,61307,61308,61309,61314,61316,61317,61319,61321,61322,61323,61324,61326,61327,61328,61329,61330,61331,61332,61333,61336,61339,61341,61342,61344,61345,61346,61347,61348,61349,61350,61351,61352,61357,61358,61360,61361,61362,61363,61365,61366,61367,61369,61370,61371,61372,61373,61374,61375,61376,61379,61381,61382,61384,61385,61386,61387,61388,61389,61390,61391,61392,61393,61394,61395,61396,61397,61398,61399,61400,61401,61402,61404,61405,61406,61407,61408,61411,61412,61413,61414,61415,61416,61418,61419,61420,61421,61422,61423,61424,61425,61426,61427,61429,61432,61433,61435,61436,61438,61439,61440,61442,61443,61444,61445,61446,61447,61448,61450,61451,61452,61453,61454,61456,61457,61459,61460,61461,61462,61463,61464,61466,61467,61472,61473,61474,61475,61476,61479,61480,61481,61482,61483,61484,61485,61486,61487,61488,61490,61491,61492,61493,61494,61497,61498,61499,61500,61501,61502,61503,61505,61507,61508,61510,61512}","",2026-03-24 14:41:32.274366+01,gold_establishments_2025,,,,13000840200641,2025,Services de l'Etat,Département,['Orne'],['Normandie'],DDFIP,{61},{28}
3d0464c5-8230-471d-b5bf-ee250f67f73c,130008410,DDFIP Pas-de-Calais,false,"{62001,62002,62003,62004,62005,62006,62007,62008,62009,62010,62011,62012,62013,62014,62015,62016,62017,62018,62019,62020,62021,62022,62023,62024,62025,62026,62027,62028,62029,62030,62031,62032,62033,62034,62035,62036,62037,62038,62039,62040,62041,62042,62043,62044,62045,62046,62047,62048,62049,62050,62051,62052,62053,62054,62055,62056,62057,62058,62059,62060,62061,62062,62063,62064,62065,62066,62067,62068,62069,62070,62071,62072,62073,62074,62075,62076,62077,62078,62079,62080,62081,62082,62083,62084,62085,62086,62087,62088,62089,62090,62091,62092,62093,62094,62095,62096,62097,62099,62100,62101,62102,62103,62104,62105,62106,62107,62108,62109,62111,62112,62113,62114,62115,62116,62117,62118,62119,62120,62121,62122,62123,62124,62125,62126,62127,62128,62129,62130,62131,62132,62133,62134,62135,62137,62138,62139,62140,62141,62142,62143,62144,62145,62146,62147,62148,62149,62150,62151,62152,62153,62154,62155,62156,62157,62158,62160,62161,62162,62163,62164,62165,62166,62167,62168,62169,62170,62171,62172,62173,62174,62175,62176,62177,62178,62179,62180,62181,62182,62183,62184,62185,62186,62187,62188,62189,62190,62191,62192,62193,62194,62195,62196,62197,62198,62199,62200,62201,62202,62203,62204,62205,62206,62207,62208,62209,62211,62212,62213,62214,62215,62216,62217,62218,62219,62220,62221,62222,62223,62224,62225,62227,62228,62229,62230,62231,62232,62233,62234,62235,62236,62237,62238,62239,62240,62241,62242,62243,62244,62245,62246,62247,62248,62249,62250,62251,62252,62253,62254,62255,62256,62257,62258,62259,62260,62261,62262,62263,62264,62265,62266,62267,62268,62269,62270,62271,62272,62273,62274,62275,62276,62277,62278,62279,62280,62281,62282,62283,62284,62285,62286,62288,62289,62290,62291,62292,62293,62295,62296,62297,62298,62299,62300,62301,62302,62303,62304,62306,62307,62308,62309,62310,62311,62312,62313,62314,62315,62316,62317,62318,62319,62320,62321,62322,62323,62324,62325,62326,62327,62328,62329,62330,62331,62332,62333,62334,62335,62336,62337,62338,62339,62340,62341,62342,62343,62344,62345,62346,62347,62348,62349,62350,62351,62352,62353,62354,62355,62356,62357,62358,62359,62360,62361,62362,62363,62364,62365,62366,62367,62368,62369,62370,62371,62372,62373,62374,62375,62376,62377,62378,62379,62380,62381,62382,62383,62384,62385,62386,62387,62388,62389,62390,62391,62392,62393,62395,62396,62397,62398,62399,62400,62401,62402,62403,62404,62405,62406,62407,62408,62409,62410,62411,62412,62413,62414,62415,62416,62418,62419,62421,62422,62423,62424,62425,62426,62427,62428,62429,62430,62432,62433,62434,62435,62436,62437,62438,62439,62440,62441,62442,62443,62444,62445,62446,62447,62448,62449,62450,62451,62452,62453,62454,62455,62456,62457,62458,62459,62460,62462,62463,62464,62465,62466,62467,62468,62469,62470,62471,62472,62473,62474,62475,62476,62477,62478,62479,62480,62481,62483,62484,62485,62486,62487,62488,62489,62490,62491,62492,62493,62494,62495,62496,62497,62498,62499,62500,62501,62502,62503,62504,62505,62506,62507,62508,62509,62510,62511,62512,62513,62514,62515,62516,62517,62518,62519,62520,62521,62522,62523,62524,62525,62526,62527,62528,62529,62530,62531,62532,62533,62534,62535,62536,62537,62538,62539,62540,62541,62542,62543,62544,62545,62546,62547,62548,62550,62551,62552,62553,62554,62555,62556,62557,62558,62559,62560,62561,62562,62563,62564,62565,62566,62567,62568,62569,62570,62571,62572,62573,62574,62576,62577,62578,62579,62580,62581,62582,62583,62584,62585,62586,62587,62588,62589,62590,62591,62592,62593,62594,62595,62596,62597,62598,62599,62600,62601,62602,62603,62604,62605,62606,62607,62608,62609,62610,62611,62612,62613,62614,62615,62616,62617,62618,62619,62620,62621,62622,62623,62624,62625,62626,62627,62628,62629,62630,62631,62632,62633,62634,62635,62636,62637,62638,62639,62640,62641,62642,62643,62644,62645,62646,62647,62648,62649,62650,62651,62652,62653,62654,62655,62656,62657,62658,62659,62660,62661,62662,62663,62664,62665,62666,62667,62668,62669,62670,62671,62672,62673,62674,62675,62676,62677,62678,62679,62680,62681,62682,62683,62684,62685,62686,62688,62689,62690,62691,62692,62693,62694,62695,62696,62697,62698,62699,62700,62701,62702,62703,62704,62705,62706,62708,62709,62710,62711,62712,62713,62714,62715,62716,62717,62718,62719,62720,62721,62722,62723,62724,62725,62726,62727,62728,62729,62730,62731,62732,62733,62734,62735,62736,62737,62738,62739,62740,62741,62742,62744,62745,62746,62747,62748,62749,62750,62751,62752,62753,62754,62755,62756,62757,62758,62759,62760,62761,62762,62763,62764,62765,62766,62767,62768,62769,62770,62771,62772,62773,62774,62775,62776,62777,62778,62779,62780,62781,62782,62783,62784,62785,62786,62787,62788,62789,62790,62791,62792,62793,62794,62795,62796,62797,62798,62799,62800,62801,62802,62803,62804,62805,62806,62808,62809,62810,62811,62812,62813,62814,62815,62816,62817,62818,62819,62820,62821,62822,62823,62824,62825,62826,62827,62828,62829,62830,62831,62832,62833,62834,62835,62836,62837,62838,62839,62840,62841,62842,62843,62844,62845,62846,62847,62848,62849,62850,62851,62852,62853,62854,62855,62856,62857,62858,62859,62860,62861,62862,62863,62864,62865,62866,62867,62868,62869,62870,62871,62872,62873,62874,62875,62876,62877,62878,62879,62880,62881,62882,62883,62885,62886,62887,62888,62889,62890,62891,62892,62893,62894,62895,62896,62897,62898,62899,62900,62901,62902,62903,62904,62905,62906,62907,62908,62909}","",2026-03-24 14:41:32.274366+01,gold_establishments_2025,,,,13000841000016,2025,Services de l'Etat,Département,['Pas-de-Calais'],['Hauts-de-France'],DDFIP,{62},{32}
b5aa5711-88dc-4630-8de7-b1b55ba2844a,130011661,DDFIP Puy-de-Dôme,false,"{63001,63002,63003,63004,63005,63006,63007,63008,63009,63010,63011,63012,63013,63014,63015,63016,63017,63019,63020,63021,63022,63023,63024,63025,63026,63027,63028,63029,63030,63031,63032,63033,63034,63035,63036,63037,63038,63039,63040,63041,63042,63043,63044,63045,63046,63047,63048,63049,63050,63051,63052,63053,63054,63055,63056,63057,63058,63059,63060,63061,63062,63063,63064,63065,63066,63067,63069,63070,63071,63072,63073,63074,63075,63076,63077,63079,63080,63081,63082,63083,63084,63085,63086,63087,63088,63089,63090,63091,63092,63093,63094,63095,63096,63097,63098,63099,63100,63101,63102,63103,63104,63105,63106,63107,63108,63109,63110,63111,63112,63113,63114,63115,63116,63117,63118,63119,63120,63121,63122,63123,63124,63125,63126,63128,63129,63130,63131,63132,63134,63135,63136,63137,63138,63139,63140,63141,63142,63143,63144,63145,63146,63147,63148,63149,63150,63151,63152,63153,63154,63155,63156,63157,63158,63159,63160,63161,63162,63163,63164,63165,63166,63167,63168,63169,63170,63171,63172,63173,63174,63175,63176,63177,63178,63179,63180,63181,63182,63183,63184,63185,63186,63187,63188,63189,63190,63191,63192,63193,63194,63195,63196,63197,63198,63199,63200,63201,63202,63203,63204,63205,63206,63207,63208,63209,63210,63211,63212,63213,63214,63215,63216,63218,63219,63220,63221,63222,63223,63224,63225,63226,63227,63228,63229,63230,63231,63232,63233,63234,63235,63236,63237,63238,63239,63240,63241,63242,63243,63244,63245,63246,63247,63248,63249,63250,63251,63252,63253,63254,63255,63256,63257,63258,63259,63260,63261,63262,63263,63264,63265,63267,63268,63269,63270,63271,63272,63273,63274,63275,63276,63277,63278,63279,63280,63281,63282,63283,63284,63285,63286,63287,63288,63289,63290,63291,63292,63293,63294,63295,63296,63297,63298,63299,63300,63301,63302,63303,63304,63305,63306,63307,63308,63309,63310,63311,63312,63313,63314,63315,63317,63318,63319,63320,63321,63322,63323,63324,63325,63326,63327,63328,63329,63331,63332,63333,63334,63335,63336,63337,63338,63339,63340,63341,63342,63343,63344,63345,63346,63347,63348,63349,63350,63351,63352,63353,63354,63355,63356,63357,63358,63359,63360,63362,63363,63364,63365,63366,63367,63368,63369,63370,63371,63372,63373,63374,63375,63376,63377,63378,63379,63380,63381,63382,63383,63384,63385,63386,63387,63388,63389,63390,63391,63392,63393,63394,63395,63396,63397,63398,63399,63400,63401,63402,63403,63404,63405,63406,63407,63408,63409,63410,63411,63412,63413,63414,63415,63416,63417,63418,63419,63420,63421,63422,63423,63424,63425,63426,63427,63428,63429,63430,63431,63432,63433,63434,63435,63436,63437,63438,63439,63440,63441,63442,63443,63444,63445,63446,63447,63448,63449,63450,63451,63452,63453,63454,63455,63456,63457,63458,63459,63460,63461,63462,63463,63464,63465,63466,63467,63468,63469,63470,63471,63472,63473}","",2026-03-24 14:41:32.274366+01,gold_establishments_2025,,,,13001166100019,2025,Services de l'Etat,Département,['Puy-de-Dôme'],['Auvergne-Rhône-Alpes'],DDFIP,{63},{84}
c2fbc1b5-9a0d-4686-82aa-310734621bf1,130010192,DDFIP Pyrénées-Atlantiques,false,"{64001,64002,64003,64004,64005,64006,64007,64008,64009,64010,64011,64012,64013,64014,64015,64016,64017,64018,64019,64021,64022,64023,64024,64025,64026,64027,64028,64029,64031,64032,64033,64034,64035,64036,64037,64038,64039,64040,64041,64042,64043,64044,64045,64046,64047,64048,64049,64050,64051,64052,64053,64054,64056,64057,64058,64059,64060,64061,64062,64063,64064,64065,64066,64067,64068,64069,64070,64071,64072,64073,64074,64075,64077,64078,64079,64080,64081,64082,64083,64084,64085,64086,64087,64088,64089,64090,64091,64092,64093,64094,64095,64096,64097,64098,64099,64100,64101,64102,64103,64104,64105,64106,64107,64108,64109,64110,64111,64112,64113,64114,64115,64116,64117,64118,64119,64120,64121,64122,64123,64124,64125,64126,64127,64128,64129,64130,64131,64132,64133,64134,64135,64136,64137,64138,64139,64140,64141,64142,64143,64144,64145,64146,64147,64148,64149,64150,64151,64152,64153,64154,64155,64156,64157,64158,64159,64160,64161,64162,64165,64166,64167,64168,64170,64171,64172,64173,64174,64175,64176,64177,64178,64179,64180,64181,64182,64183,64184,64185,64186,64187,64188,64189,64190,64191,64192,64193,64194,64195,64196,64197,64198,64199,64200,64201,64202,64203,64204,64205,64206,64207,64208,64209,64210,64211,64212,64213,64214,64215,64216,64217,64218,64219,64220,64221,64222,64223,64224,64225,64226,64227,64228,64229,64230,64231,64232,64233,64234,64235,64236,64237,64238,64239,64240,64241,64242,64243,64244,64245,64246,64247,64249,64250,64251,64252,64253,64254,64255,64256,64257,64258,64259,64260,64261,64262,64263,64264,64265,64266,64267,64268,64269,64270,64271,64272,64273,64274,64275,64276,64277,64279,64280,64281,64282,64283,64284,64285,64286,64287,64288,64289,64290,64291,64292,64293,64294,64295,64296,64297,64298,64299,64300,64301,64302,64303,64304,64305,64306,64307,64308,64309,64310,64311,64312,64313,64314,64315,64316,64317,64318,64319,64320,64321,64322,64323,64324,64325,64326,64327,64328,64329,64330,64331,64332,64334,64335,64336,64337,64338,64339,64340,64341,64342,64343,64344,64345,64346,64347,64348,64349,64350,64351,64352,64353,64354,64355,64356,64357,64358,64359,64360,64361,64362,64363,64364,64365,64366,64367,64368,64369,64370,64371,64372,64373,64374,64375,64376,64377,64378,64379,64380,64381,64382,64383,64385,64386,64387,64388,64389,64390,64391,64392,64393,64394,64395,64396,64397,64398,64399,64400,64401,64403,64404,64405,64406,64407,64408,64409,64410,64411,64412,64413,64414,64415,64416,64417,64418,64419,64420,64421,64422,64423,64424,64425,64426,64427,64428,64429,64430,64431,64432,64433,64434,64435,64436,64437,64438,64439,64440,64441,64442,64443,64444,64445,64446,64447,64448,64449,64450,64451,64452,64453,64454,64455,64456,64457,64458,64459,64460,64461,64462,64463,64464,64465,64466,64467,64468,64469,64470,64471,64472,64473,64474,64475,64476,64477,64478,64479,64480,64481,64482,64483,64484,64485,64486,64487,64488,64489,64490,64491,64492,64493,64494,64495,64496,64498,64499,64500,64501,64502,64503,64504,64505,64506,64507,64508,64509,64510,64511,64512,64513,64514,64515,64516,64517,64518,64519,64520,64521,64522,64523,64524,64525,64526,64527,64528,64529,64530,64531,64532,64533,64534,64535,64536,64537,64538,64539,64540,64542,64543,64544,64545,64546,64547,64548,64549,64550,64551,64552,64554,64555,64556,64557,64558,64559,64560}","",2026-03-24 14:41:32.274366+01,gold_establishments_2025,,,,13001019200016,2025,Services de l'Etat,Département,['Pyrénées-Atlantiques'],['Nouvelle-Aquitaine'],DDFIP,{64},{75}
130c4748-2443-49e8-808b-36def68a9a48,130008428,DDFIP Pyrénées-Orientales,false,"{66001,66002,66003,66004,66005,66006,66007,66008,66009,66010,66011,66012,66013,66014,66015,66016,66017,66018,66019,66020,66021,66022,66023,66024,66025,66026,66027,66028,66029,66030,66032,66033,66034,66035,66036,66037,66038,66039,66040,66041,66042,66043,66044,66045,66046,66047,66048,66049,66050,66051,66052,66053,66054,66055,66056,66057,66058,66059,66060,66061,66062,66063,66064,66065,66066,66067,66068,66069,66070,66071,66072,66073,66074,66075,66076,66077,66078,66079,66080,66081,66082,66083,66084,66085,66086,66088,66089,66090,66091,66092,66093,66094,66095,66096,66097,66098,66099,66100,66101,66102,66103,66104,66105,66106,66107,66108,66109,66111,66112,66113,66114,66115,66116,66117,66118,66119,66120,66121,66122,66123,66124,66125,66126,66127,66128,66129,66130,66132,66133,66134,66136,66137,66138,66139,66140,66141,66142,66143,66144,66145,66146,66147,66148,66149,66150,66151,66152,66153,66154,66155,66156,66157,66158,66159,66160,66161,66162,66164,66165,66166,66167,66168,66169,66170,66171,66172,66173,66174,66175,66176,66177,66178,66179,66180,66181,66182,66183,66184,66185,66186,66187,66188,66189,66190,66191,66192,66193,66194,66195,66196,66197,66198,66199,66201,66202,66203,66204,66205,66206,66207,66208,66209,66210,66211,66212,66213,66214,66215,66216,66217,66218,66219,66220,66221,66222,66223,66224,66225,66226,66227,66228,66230,66231,66232,66233,66234}","",2026-03-24 14:41:32.274366+01,gold_establishments_2025,,,,13000842800018,2025,Services de l'Etat,Département,['Pyrénées-Orientales'],['Occitanie'],DDFIP,{66},{76}
4431aced-a598-4228-818c-095f06cfe92f,130013063,DDFIP Sarthe,false,"{72001,72002,72003,72004,72005,72006,72007,72008,72009,72010,72011,72012,72013,72015,72016,72017,72018,72019,72020,72021,72022,72023,72024,72025,72026,72027,72028,72029,72031,72032,72034,72035,72036,72037,72038,72039,72040,72041,72042,72043,72044,72045,72046,72047,72048,72049,72050,72051,72052,72053,72054,72056,72057,72058,72059,72060,72061,72062,72064,72065,72066,72067,72068,72070,72071,72072,72073,72074,72075,72076,72077,72078,72079,72080,72083,72084,72085,72086,72087,72088,72089,72090,72091,72093,72094,72095,72096,72098,72099,72100,72101,72102,72103,72104,72105,72106,72107,72109,72110,72111,72112,72113,72114,72115,72118,72119,72120,72121,72122,72123,72124,72125,72126,72127,72128,72129,72130,72131,72132,72133,72134,72135,72136,72137,72138,72139,72141,72142,72143,72144,72145,72146,72147,72148,72149,72150,72151,72152,72153,72154,72155,72156,72157,72158,72160,72161,72163,72164,72165,72166,72167,72168,72169,72170,72171,72172,72173,72174,72175,72176,72177,72178,72179,72180,72181,72182,72183,72184,72185,72186,72187,72188,72189,72190,72191,72192,72193,72194,72195,72196,72197,72198,72199,72200,72201,72202,72204,72205,72208,72209,72210,72211,72212,72213,72214,72215,72216,72217,72218,72219,72220,72221,72222,72223,72224,72225,72226,72227,72228,72229,72230,72231,72232,72233,72234,72235,72236,72237,72238,72239,72241,72243,72244,72245,72246,72247,72248,72249,72250,72251,72252,72253,72254,72255,72256,72257,72259,72260,72261,72262,72264,72265,72266,72267,72268,72269,72270,72271,72272,72273,72274,72275,72276,72277,72278,72279,72280,72281,72282,72283,72286,72289,72290,72291,72292,72293,72294,72295,72296,72297,72299,72300,72302,72303,72305,72306,72307,72308,72309,72310,72311,72312,72313,72314,72315,72316,72317,72319,72320,72321,72322,72323,72324,72325,72326,72327,72328,72329,72330,72331,72332,72333,72334,72335,72336,72337,72338,72339,72340,72341,72342,72343,72344,72345,72346,72347,72348,72349,72350,72351,72352,72353,72354,72355,72356,72357,72358,72359,72360,72361,72362,72363,72364,72366,72367,72368,72369,72370,72372,72373,72374,72375,72376,72377,72378,72379,72380,72381,72382,72383,72385,72386}","",2026-03-24 14:41:32.274366+01,gold_establishments_2025,,,,13001306300016,2025,Services de l'Etat,Département,['Sarthe'],['Pays de la Loire'],DDFIP,{72},{52}
4be86290-4bf4-4308-8bfd-79b0b7150c51,130013071,DDFIP Savoie,false,"{73001,73003,73004,73005,73006,73007,73008,73010,73011,73012,73013,73014,73015,73017,73018,73019,73020,73021,73022,73023,73024,73025,73026,73027,73028,73029,73030,73031,73032,73033,73034,73036,73039,73040,73041,73042,73043,73047,73048,73049,73050,73051,73052,73053,73054,73055,73057,73058,73059,73061,73063,73064,73065,73067,73068,73069,73070,73071,73072,73073,73074,73075,73076,73077,73078,73079,73081,73082,73083,73084,73085,73086,73087,73088,73089,73090,73091,73092,73094,73095,73096,73097,73098,73099,73100,73101,73103,73104,73105,73106,73107,73109,73110,73113,73114,73116,73117,73119,73120,73121,73122,73123,73124,73128,73129,73130,73131,73132,73133,73135,73137,73138,73139,73140,73141,73142,73145,73146,73147,73149,73150,73151,73152,73153,73154,73155,73156,73157,73159,73160,73161,73162,73164,73166,73168,73170,73171,73173,73175,73176,73177,73178,73179,73180,73181,73182,73183,73184,73186,73187,73188,73189,73190,73191,73192,73193,73194,73196,73197,73200,73201,73202,73204,73205,73206,73207,73208,73210,73211,73212,73213,73214,73215,73216,73217,73218,73219,73220,73221,73222,73223,73224,73225,73226,73227,73228,73229,73230,73231,73232,73233,73234,73235,73236,73237,73240,73241,73242,73243,73245,73246,73247,73248,73249,73250,73252,73253,73254,73255,73256,73257,73258,73259,73261,73262,73263,73265,73267,73268,73269,73270,73271,73272,73273,73274,73275,73276,73277,73278,73280,73281,73282,73283,73284,73285,73286,73288,73289,73290,73292,73293,73294,73296,73297,73298,73299,73300,73301,73302,73303,73304,73306,73307,73308,73309,73310,73311,73312,73313,73314,73315,73316,73317,73318,73320,73322,73323,73324,73326,73327,73328,73329,73330}","",2026-03-24 14:41:32.274366+01,gold_establishments_2025,,,,13001307100019,2025,Services de l'Etat,Département,['Savoie'],['Auvergne-Rhône-Alpes'],DDFIP,{73},{84}
ef7c6acf-49c9-414c-998d-74015399d534,130012826,DDFIP Saône-et-Loire,false,"{71001,71002,71003,71004,71005,71006,71007,71008,71009,71010,71011,71012,71013,71014,71015,71016,71017,71018,71019,71020,71021,71022,71023,71024,71025,71026,71027,71028,71029,71030,71031,71032,71033,71034,71035,71036,71037,71038,71039,71040,71041,71042,71043,71044,71045,71046,71047,71048,71050,71051,71052,71054,71056,71057,71058,71059,71060,71061,71062,71063,71064,71065,71066,71067,71068,71069,71070,71071,71072,71073,71074,71075,71076,71077,71078,71079,71080,71081,71082,71084,71085,71086,71087,71088,71089,71090,71091,71092,71093,71094,71095,71096,71097,71098,71099,71100,71101,71102,71103,71104,71105,71106,71107,71108,71109,71110,71111,71112,71113,71115,71116,71117,71118,71119,71120,71121,71122,71123,71124,71125,71126,71127,71128,71129,71130,71132,71133,71134,71135,71136,71137,71139,71140,71141,71142,71143,71144,71145,71146,71147,71148,71149,71150,71151,71152,71153,71154,71155,71156,71157,71158,71159,71160,71161,71162,71163,71164,71165,71166,71167,71168,71169,71170,71171,71172,71173,71174,71175,71176,71177,71178,71179,71181,71182,71183,71184,71185,71186,71187,71188,71189,71190,71191,71192,71193,71194,71195,71196,71198,71199,71200,71201,71202,71203,71204,71205,71206,71207,71208,71209,71210,71212,71213,71214,71215,71216,71217,71218,71219,71220,71221,71222,71223,71224,71225,71226,71227,71228,71229,71230,71231,71232,71233,71234,71235,71236,71237,71238,71239,71240,71241,71242,71243,71244,71245,71246,71247,71248,71249,71250,71251,71252,71253,71254,71255,71256,71257,71258,71259,71261,71262,71263,71264,71266,71267,71268,71269,71270,71271,71272,71273,71274,71275,71276,71277,71278,71279,71280,71281,71282,71283,71284,71285,71286,71287,71289,71290,71291,71292,71293,71294,71295,71296,71297,71299,71300,71301,71302,71303,71305,71306,71307,71308,71309,71310,71311,71312,71313,71314,71315,71316,71317,71318,71319,71320,71321,71322,71323,71324,71325,71326,71327,71328,71329,71330,71331,71332,71333,71334,71335,71336,71337,71338,71339,71340,71341,71342,71343,71344,71345,71346,71347,71348,71349,71350,71351,71352,71353,71354,71355,71356,71357,71358,71359,71360,71361,71362,71363,71364,71365,71366,71367,71368,71369,71370,71371,71372,71373,71374,71376,71377,71378,71379,71380,71381,71382,71383,71384,71385,71386,71387,71388,71389,71390,71391,71392,71393,71394,71395,71396,71397,71398,71399,71400,71401,71402,71403,71404,71405,71406,71407,71408,71409,71410,71411,71412,71413,71414,71415,71416,71417,71419,71420,71421,71422,71423,71424,71425,71426,71427,71428,71430,71431,71433,71434,71435,71436,71437,71438,71439,71440,71441,71442,71443,71444,71445,71446,71447,71448,71449,71450,71451,71452,71453,71454,71455,71456,71457,71458,71459,71460,71461,71462,71463,71464,71465,71466,71468,71469,71470,71471,71472,71473,71474,71475,71477,71478,71479,71480,71481,71482,71483,71484,71485,71486,71487,71488,71489,71490,71491,71493,71494,71495,71496,71497,71498,71499,71500,71501,71502,71503,71504,71505,71506,71507,71508,71509,71510,71512,71513,71514,71515,71516,71517,71518,71519,71520,71521,71522,71523,71524,71525,71526,71527,71528,71529,71530,71531,71532,71533,71534,71535,71537,71538,71539,71540,71541,71542,71543,71544,71545,71546,71547,71548,71549,71550,71551,71552,71553,71554,71555,71556,71557,71558,71559,71561,71562,71563,71564,71565,71566,71567,71568,71570,71571,71572,71573,71574,71576,71577,71578,71579,71580,71581,71582,71583,71584,71585,71586,71588,71589,71590,71591}","",2026-03-24 14:41:32.274366+01,gold_establishments_2025,,,,13001282600017,2025,Services de l'Etat,Département,['Saône-et-Loire'],['Bourgogne-Franche-Comté'],DDFIP,{71},{27}
934bc075-f22a-46d5-9d2e-49a4e8f1bc7c,130011075,DDFIP Seine-Saint-Denis,false,"{93001,93005,93006,93007,93008,93010,93013,93014,93015,93027,93029,93030,93031,93032,93033,93039,93045,93046,93047,93048,93049,93050,93051,93053,93055,93057,93061,93062,93063,93064,93066,93070,93071,93072,93073,93074,93077,93078,93079}","",2026-03-24 14:41:32.274366+01,gold_establishments_2025,,,,13001107501366,2025,Services de l'Etat,Département,['Seine-Saint-Denis'],['Île-de-France'],DDFIP,{93},{11}
20cf4d1c-7eff-4a7c-8e0e-f4f8165586a1,130012834,DDFIP Seine-et-Marne,false,"{77001,77002,77003,77004,77005,77006,77007,77008,77009,77010,77011,77012,77013,77014,77015,77016,77018,77019,77020,77021,77022,77023,77024,77025,77026,77027,77029,77030,77031,77032,77033,77034,77035,77036,77037,77038,77039,77040,77041,77042,77043,77044,77045,77046,77047,77048,77049,77050,77051,77052,77053,77054,77055,77056,77057,77058,77059,77060,77061,77062,77063,77065,77066,77067,77068,77069,77070,77071,77072,77073,77075,77076,77077,77078,77079,77080,77081,77082,77083,77084,77085,77086,77087,77088,77089,77090,77091,77093,77094,77095,77096,77097,77098,77099,77100,77101,77102,77103,77104,77106,77107,77108,77109,77110,77111,77112,77113,77114,77115,77116,77117,77118,77119,77120,77121,77122,77123,77124,77125,77126,77127,77128,77129,77130,77131,77132,77133,77134,77135,77136,77137,77138,77139,77140,77141,77142,77143,77144,77145,77146,77147,77148,77150,77151,77152,77153,77154,77155,77156,77157,77158,77159,77161,77162,77163,77164,77165,77167,77168,77169,77171,77172,77173,77174,77175,77176,77177,77178,77179,77180,77181,77182,77183,77184,77185,77186,77187,77188,77190,77191,77192,77193,77194,77195,77196,77197,77198,77199,77200,77201,77202,77203,77204,77205,77206,77207,77208,77209,77210,77211,77212,77214,77215,77216,77217,77218,77219,77220,77221,77222,77223,77224,77225,77226,77227,77228,77229,77230,77231,77232,77233,77234,77235,77236,77237,77238,77239,77240,77241,77242,77243,77244,77245,77246,77247,77248,77249,77250,77251,77252,77253,77254,77255,77256,77257,77258,77259,77260,77261,77262,77263,77264,77265,77266,77267,77268,77269,77270,77271,77272,77273,77274,77275,77276,77277,77278,77279,77280,77281,77282,77283,77284,77285,77286,77287,77288,77289,77290,77291,77292,77293,77294,77295,77296,77297,77298,77300,77301,77302,77303,77304,77305,77306,77307,77308,77309,77310,77311,77312,77313,77314,77315,77316,77317,77318,77319,77320,77321,77322,77323,77325,77326,77327,77328,77329,77330,77331,77332,77333,77335,77336,77337,77338,77339,77340,77341,77342,77343,77344,77345,77347,77348,77349,77350,77352,77353,77354,77355,77356,77357,77358,77359,77360,77361,77363,77364,77365,77366,77367,77368,77369,77370,77371,77372,77373,77374,77376,77377,77378,77379,77380,77381,77382,77383,77384,77385,77386,77387,77388,77389,77390,77391,77392,77393,77394,77395,77396,77397,77398,77400,77401,77402,77403,77404,77405,77406,77407,77408,77409,77410,77411,77412,77413,77414,77415,77416,77417,77418,77419,77420,77421,77423,77424,77425,77426,77427,77428,77429,77430,77431,77432,77433,77434,77435,77436,77437,77438,77439,77440,77441,77442,77443,77444,77445,77446,77447,77448,77449,77450,77451,77452,77453,77454,77455,77456,77457,77458,77459,77460,77461,77462,77463,77464,77465,77466,77467,77468,77469,77470,77471,77472,77473,77474,77475,77476,77477,77478,77479,77480,77481,77482,77483,77484,77485,77486,77487,77489,77490,77492,77493,77494,77495,77496,77498,77500,77501,77504,77505,77506,77507,77508,77509,77510,77511,77512,77513,77514,77515,77516,77517,77518,77519,77520,77521,77522,77523,77524,77525,77526,77527,77528,77529,77530,77531,77532,77533,77534}","",2026-03-24 14:41:32.274366+01,gold_establishments_2025,,,,13001283400011,2025,Services de l'Etat,Département,['Seine-et-Marne'],['Île-de-France'],DDFIP,{77},{11}
a5ccc270-9168-4d20-9acc-704a98ff8102,130007263,DDFIP Somme,false,"{80001,80002,80003,80004,80005,80006,80008,80009,80010,80011,80013,80014,80015,80016,80017,80018,80019,80020,80021,80022,80023,80024,80025,80026,80027,80028,80029,80030,80031,80032,80033,80034,80035,80036,80037,80038,80039,80040,80041,80042,80043,80044,80045,80046,80047,80048,80049,80050,80051,80052,80053,80054,80055,80056,80057,80058,80059,80060,80061,80062,80063,80064,80065,80066,80067,80068,80069,80070,80071,80073,80074,80076,80077,80078,80079,80080,80081,80082,80083,80084,80085,80086,80087,80088,80089,80090,80092,80093,80094,80095,80096,80097,80098,80099,80100,80101,80102,80103,80104,80105,80106,80107,80108,80109,80110,80112,80113,80114,80115,80116,80117,80118,80119,80120,80121,80122,80123,80124,80125,80126,80127,80128,80129,80130,80131,80132,80133,80134,80135,80136,80137,80138,80139,80140,80141,80142,80143,80144,80145,80146,80147,80148,80149,80150,80151,80152,80153,80154,80155,80156,80157,80158,80159,80160,80161,80162,80163,80164,80165,80166,80167,80168,80169,80170,80171,80172,80173,80174,80176,80177,80179,80180,80181,80182,80183,80184,80185,80186,80187,80188,80189,80190,80191,80192,80193,80194,80195,80196,80197,80198,80199,80200,80201,80202,80203,80204,80205,80206,80207,80208,80210,80211,80212,80213,80214,80215,80216,80217,80218,80219,80220,80221,80222,80223,80224,80225,80226,80227,80228,80229,80230,80231,80232,80233,80234,80235,80236,80237,80238,80239,80240,80241,80242,80243,80244,80245,80246,80247,80248,80249,80250,80251,80252,80253,80256,80258,80259,80260,80261,80262,80263,80264,80265,80266,80267,80268,80269,80270,80271,80272,80273,80274,80275,80276,80278,80279,80280,80281,80282,80283,80284,80285,80287,80288,80290,80291,80292,80293,80294,80295,80296,80297,80298,80299,80300,80301,80302,80303,80304,80305,80306,80307,80308,80310,80311,80312,80313,80314,80315,80316,80317,80318,80319,80320,80321,80322,80324,80325,80326,80327,80328,80329,80330,80331,80332,80333,80334,80335,80336,80337,80338,80339,80340,80341,80342,80343,80344,80345,80346,80347,80348,80349,80350,80351,80352,80353,80354,80355,80356,80357,80358,80359,80360,80361,80362,80364,80365,80366,80367,80368,80369,80371,80372,80373,80374,80375,80376,80377,80378,80379,80380,80381,80383,80384,80385,80386,80387,80388,80390,80391,80392,80393,80395,80396,80397,80399,80400,80401,80402,80403,80404,80405,80406,80407,80408,80409,80410,80411,80412,80413,80414,80415,80416,80417,80418,80420,80421,80422,80423,80424,80425,80426,80427,80428,80429,80430,80431,80432,80433,80434,80435,80436,80437,80438,80439,80440,80442,80443,80444,80445,80446,80449,80450,80451,80452,80453,80455,80456,80458,80459,80460,80461,80462,80463,80464,80465,80466,80467,80468,80469,80470,80472,80473,80474,80475,80476,80477,80478,80479,80480,80481,80482,80484,80485,80486,80487,80488,80489,80490,80491,80493,80494,80495,80496,80497,80498,80499,80500,80501,80502,80503,80504,80505,80507,80508,80509,80511,80512,80513,80514,80515,80516,80517,80518,80519,80520,80521,80522,80523,80524,80525,80526,80527,80528,80529,80530,80531,80533,80535,80536,80537,80538,80540,80541,80542,80543,80544,80545,80546,80547,80548,80549,80550,80552,80553,80554,80555,80556,80557,80558,80559,80560,80561,80562,80563,80565,80566,80568,80569,80570,80571,80572,80573,80574,80575,80576,80577,80578,80579,80580,80582,80583,80584,80585,80586,80587,80588,80589,80590,80591,80592,80593,80595,80596,80597,80598,80599,80600,80601,80602,80603,80604,80605,80606,80607,80609,80611,80613,80614,80615,80616,80617,80618,80619,80620,80621,80622,80623,80624,80625,80626,80627,80628,80629,80630,80631,80632,80633,80634,80635,80637,80638,80639,80640,80642,80643,80644,80645,80646,80647,80648,80649,80650,80651,80652,80654,80655,80656,80657,80658,80659,80661,80662,80663,80664,80665,80666,80667,80668,80669,80670,80671,80672,80673,80674,80675,80676,80677,80678,80679,80680,80681,80682,80683,80684,80685,80686,80687,80688,80690,80691,80692,80693,80694,80695,80696,80697,80698,80699,80700,80701,80702,80703,80704,80705,80706,80707,80708,80709,80710,80711,80713,80714,80716,80717,80718,80719,80721,80722,80723,80724,80725,80726,80728,80729,80730,80732,80733,80734,80735,80736,80737,80738,80740,80741,80742,80743,80744,80746,80747,80748,80749,80750,80751,80752,80753,80754,80755,80756,80757,80758,80759,80760,80762,80763,80764,80765,80766,80767,80769,80770,80771,80773,80774,80775,80776,80777,80778,80779,80780,80781,80782,80783,80784,80785,80786,80787,80788,80789,80790,80791,80792,80793,80794,80795,80796,80797,80798,80799,80800,80801,80802,80803,80804,80805,80806,80807,80808,80809,80810,80811,80812,80813,80814,80815,80819,80820,80821,80822,80823,80824,80825,80826,80827,80828,80829,80832,80833,80834,80835,80836}","",2026-03-24 14:41:32.274366+01,gold_establishments_2025,,,,13000726300010,2025,Services de l'Etat,Département,['Somme'],['Hauts-de-France'],DDFIP,{80},{32}
67e64d9f-3873-49fe-a67f-fc7753512e12,130012842,DDFIP Tarn,false,"{81001,81002,81003,81004,81005,81006,81007,81008,81009,81010,81011,81012,81013,81014,81015,81016,81017,81018,81019,81020,81021,81022,81023,81024,81025,81026,81027,81028,81029,81030,81031,81032,81033,81034,81035,81036,81037,81038,81039,81040,81041,81042,81043,81044,81045,81046,81047,81048,81049,81050,81051,81052,81053,81054,81055,81056,81058,81059,81060,81061,81062,81063,81064,81065,81066,81067,81068,81069,81070,81071,81072,81073,81074,81075,81076,81077,81078,81079,81080,81081,81082,81083,81084,81085,81086,81087,81088,81089,81090,81092,81093,81094,81095,81096,81097,81098,81099,81100,81101,81102,81103,81104,81105,81106,81108,81109,81110,81111,81112,81114,81115,81116,81117,81118,81119,81120,81121,81122,81123,81124,81125,81126,81127,81128,81129,81130,81131,81132,81133,81134,81135,81136,81137,81138,81139,81140,81141,81142,81143,81144,81145,81146,81147,81148,81149,81150,81151,81152,81154,81156,81157,81158,81159,81160,81161,81162,81163,81164,81165,81166,81167,81168,81169,81170,81171,81172,81173,81174,81175,81176,81177,81178,81179,81180,81181,81182,81183,81184,81185,81186,81187,81188,81189,81190,81191,81192,81193,81195,81196,81197,81198,81199,81200,81201,81202,81203,81204,81205,81206,81207,81208,81209,81210,81211,81212,81213,81214,81215,81216,81217,81218,81219,81220,81221,81222,81223,81224,81225,81227,81228,81229,81230,81231,81232,81233,81234,81235,81236,81237,81238,81239,81240,81242,81243,81244,81245,81246,81247,81248,81249,81250,81251,81252,81253,81254,81255,81256,81257,81258,81259,81261,81262,81263,81264,81265,81266,81267,81268,81269,81270,81271,81272,81273,81274,81275,81276,81277,81278,81279,81280,81281,81282,81283,81284,81285,81286,81287,81288,81289,81290,81291,81292,81293,81294,81295,81297,81298,81299,81300,81302,81303,81304,81305,81306,81307,81308,81309,81310,81311,81312,81313,81314,81315,81316,81317,81318,81319,81320,81321,81322,81323,81324,81325,81326}","",2026-03-24 14:41:32.274366+01,gold_establishments_2025,,,,13001284200568,2025,Services de l'Etat,Département,['Tarn'],['Occitanie'],DDFIP,{81},{76}
cd3435dd-a35c-46b8-b216-42468a67971f,130013303,DDFIP Tarn-et-Garonne,false,"{82001,82002,82003,82004,82005,82006,82007,82008,82009,82010,82011,82012,82013,82014,82015,82016,82017,82018,82019,82020,82021,82022,82023,82024,82025,82026,82027,82028,82029,82030,82031,82032,82033,82034,82035,82036,82037,82038,82039,82040,82041,82042,82043,82044,82045,82046,82047,82048,82049,82050,82051,82052,82053,82054,82055,82056,82057,82058,82059,82060,82061,82062,82063,82064,82065,82066,82067,82068,82069,82070,82071,82072,82073,82074,82075,82076,82077,82078,82079,82080,82081,82082,82083,82084,82085,82086,82087,82088,82089,82090,82091,82092,82093,82094,82095,82096,82097,82098,82099,82100,82101,82102,82103,82104,82105,82106,82107,82108,82109,82110,82111,82112,82113,82114,82115,82116,82117,82118,82119,82120,82121,82122,82123,82124,82125,82126,82127,82128,82129,82130,82131,82132,82133,82134,82135,82136,82137,82138,82139,82140,82141,82142,82143,82144,82145,82146,82147,82148,82149,82150,82151,82152,82153,82154,82155,82156,82157,82158,82159,82160,82161,82162,82163,82164,82165,82166,82167,82168,82169,82170,82171,82172,82173,82174,82175,82176,82177,82178,82179,82180,82181,82182,82183,82184,82185,82186,82187,82188,82189,82190,82191,82192,82193,82194,82195}","",2026-03-24 14:41:32.274366+01,gold_establishments_2025,,,,13001330300016,2025,Services de l'Etat,Département,['Tarn-et-Garonne'],['Occitanie'],DDFIP,{82},{76}
33d8a5f2-8a6f-4ff6-9955-17ea803c4bb8,130010267,DDFIP Territoire de Belfort,false,"{90001,90002,90003,90004,90005,90006,90007,90008,90009,90010,90011,90012,90013,90014,90015,90016,90017,90018,90019,90020,90021,90022,90023,90024,90025,90026,90027,90028,90029,90030,90031,90032,90033,90034,90035,90036,90037,90039,90041,90042,90043,90044,90045,90046,90047,90048,90049,90050,90051,90052,90053,90054,90055,90056,90057,90058,90059,90060,90061,90062,90063,90064,90065,90066,90067,90068,90069,90070,90071,90072,90074,90075,90076,90077,90078,90079,90080,90081,90082,90083,90084,90085,90086,90087,90088,90089,90090,90091,90093,90094,90095,90096,90097,90098,90099,90100,90101,90102,90103,90104,90105}","",2026-03-24 14:41:32.274366+01,gold_establishments_2025,,,,13001026700016,2025,Services de l'Etat,Département,['Territoire de Belfort'],['Bourgogne-Franche-Comté'],DDFIP,{90},{27}
bbfe91b6-6f45-4389-b6fe-0050f3079daa,130012859,DDFIP Val-dOise,false,"{95002,95008,95011,95012,95014,95018,95019,95023,95024,95026,95028,95039,95040,95042,95046,95051,95052,95054,95055,95056,95058,95059,95060,95061,95063,95074,95078,95088,95091,95094,95101,95102,95110,95116,95119,95120,95127,95134,95139,95141,95142,95144,95149,95150,95151,95154,95157,95166,95169,95170,95176,95177,95181,95183,95197,95199,95203,95205,95210,95211,95212,95213,95214,95218,95219,95229,95241,95250,95252,95253,95254,95256,95257,95258,95268,95270,95271,95277,95280,95287,95288,95295,95298,95301,95303,95304,95306,95308,95309,95313,95316,95323,95328,95331,95341,95348,95351,95352,95353,95355,95365,95369,95370,95371,95379,95387,95388,95392,95394,95395,95409,95422,95424,95426,95427,95428,95429,95430,95436,95438,95445,95446,95447,95450,95452,95456,95459,95462,95476,95480,95483,95487,95488,95489,95491,95492,95493,95500,95504,95509,95510,95523,95527,95529,95535,95539,95541,95543,95554,95555,95563,95566,95572,95574,95580,95582,95584,95585,95592,95594,95598,95604,95607,95610,95611,95612,95625,95627,95628,95633,95637,95641,95651,95652,95656,95658,95660,95675,95676,95678,95680,95682,95690}","",2026-03-24 14:41:32.274366+01,gold_establishments_2025,,,,13001285900018,2025,Services de l'Etat,Département,['Val-dOise'],['Île-de-France'],DDFIP,{95},{11}
4651468c-f99d-4338-802f-93900689a301,130008469,DDFIP Val-de-Marne,false,"{94001,94002,94003,94004,94011,94015,94016,94017,94018,94019,94021,94022,94028,94033,94034,94037,94038,94041,94042,94043,94044,94046,94047,94048,94052,94053,94054,94055,94056,94058,94059,94060,94065,94067,94068,94069,94070,94071,94073,94074,94075,94076,94077,94078,94079,94080,94081}","",2026-03-24 14:41:32.274366+01,gold_establishments_2025,,,,13000846900012,2025,Services de l'Etat,Département,['Val-de-Marne'],['Île-de-France'],DDFIP,{94},{11}
9c78f1b3-f820-44fd-a39f-3b66f1a62a6f,130013311,DDFIP Var,false,"{83001,83002,83003,83004,83005,83006,83007,83008,83009,83010,83011,83012,83013,83014,83015,83016,83017,83018,83019,83020,83021,83022,83023,83025,83026,83027,83028,83029,83030,83031,83032,83033,83034,83035,83036,83037,83038,83039,83040,83041,83042,83043,83044,83045,83046,83047,83048,83049,83050,83051,83052,83053,83054,83055,83056,83057,83058,83059,83060,83061,83062,83063,83064,83065,83066,83067,83068,83069,83070,83071,83072,83073,83074,83075,83076,83077,83078,83079,83080,83081,83082,83083,83084,83085,83086,83087,83088,83089,83090,83091,83092,83093,83094,83095,83096,83097,83098,83099,83100,83101,83102,83103,83104,83105,83106,83107,83108,83109,83110,83111,83112,83113,83114,83115,83116,83117,83118,83119,83120,83121,83122,83123,83124,83125,83126,83127,83128,83129,83130,83131,83132,83133,83134,83135,83136,83137,83138,83139,83140,83141,83142,83143,83144,83145,83146,83147,83148,83149,83150,83151,83152,83153,83154}","",2026-03-24 14:41:32.274366+01,gold_establishments_2025,,,,13001331100019,2025,Services de l'Etat,Département,['Var'],['Provence-Alpes-Côte dAzur'],DDFIP,{83},{93}
36c1c513-b825-48d3-8863-82004d4458c1,130011455,DDFIP Vaucluse,false,"{84001,84002,84003,84004,84005,84006,84007,84008,84009,84010,84011,84012,84013,84014,84015,84016,84017,84018,84019,84020,84021,84022,84023,84024,84025,84026,84027,84028,84029,84030,84031,84032,84033,84034,84035,84036,84037,84038,84039,84040,84041,84042,84043,84044,84045,84046,84047,84048,84049,84050,84051,84052,84053,84054,84055,84056,84057,84058,84059,84060,84061,84062,84063,84064,84065,84066,84067,84068,84069,84070,84071,84072,84073,84074,84075,84076,84077,84078,84079,84080,84081,84082,84083,84084,84085,84086,84087,84088,84089,84090,84091,84092,84093,84094,84095,84096,84097,84098,84099,84100,84101,84102,84103,84104,84105,84106,84107,84108,84109,84110,84111,84112,84113,84114,84115,84116,84117,84118,84119,84120,84121,84122,84123,84124,84125,84126,84127,84128,84129,84130,84131,84132,84133,84134,84135,84136,84137,84138,84139,84140,84141,84142,84143,84144,84145,84146,84147,84148,84149,84150,84151}","",2026-03-24 14:41:32.274366+01,gold_establishments_2025,,,,13001145500016,2025,Services de l'Etat,Département,['Vaucluse'],['Provence-Alpes-Côte dAzur'],DDFIP,{84},{93}
e5f41eb0-7b59-4c1a-bf4c-6a3b7b35fa82,130010226,DDFIP Vendée,false,"{85001,85002,85003,85004,85005,85006,85008,85009,85010,85011,85012,85013,85014,85015,85016,85017,85018,85019,85020,85022,85023,85024,85025,85026,85028,85029,85031,85033,85034,85035,85036,85038,85039,85040,85042,85045,85046,85047,85049,85050,85051,85054,85055,85056,85058,85059,85061,85062,85064,85065,85066,85067,85070,85071,85072,85073,85074,85076,85077,85078,85080,85081,85082,85083,85084,85086,85087,85088,85089,85090,85092,85093,85094,85095,85096,85097,85098,85099,85100,85101,85102,85103,85104,85105,85106,85108,85109,85110,85111,85112,85113,85114,85115,85116,85117,85118,85119,85120,85121,85123,85125,85126,85127,85128,85129,85130,85131,85132,85133,85134,85135,85136,85137,85138,85139,85140,85141,85142,85143,85144,85145,85146,85147,85148,85149,85151,85152,85153,85154,85155,85156,85157,85158,85159,85160,85161,85162,85163,85164,85167,85169,85171,85172,85174,85175,85176,85177,85178,85179,85181,85182,85184,85185,85186,85187,85188,85189,85190,85191,85192,85193,85194,85196,85197,85198,85199,85200,85201,85202,85204,85205,85206,85207,85208,85209,85210,85211,85213,85214,85215,85216,85218,85220,85221,85222,85223,85226,85227,85229,85231,85232,85234,85235,85236,85237,85238,85239,85240,85242,85243,85244,85245,85246,85247,85248,85250,85251,85252,85254,85255,85256,85259,85260,85261,85262,85264,85265,85266,85267,85268,85269,85273,85274,85276,85277,85278,85280,85281,85282,85284,85285,85286,85287,85288,85289,85290,85291,85292,85293,85294,85295,85296,85297,85298,85300,85301,85302,85303,85304,85305,85306}","",2026-03-24 14:41:32.274366+01,gold_establishments_2025,,,,13001022600012,2025,Services de l'Etat,Département,['Vendée'],['Pays de la Loire'],DDFIP,{85},{52}
08a1b0ab-38a3-4507-8ea4-3cf1657306e9,130010044,DDFIP Vienne,false,"{86001,86002,86003,86004,86005,86006,86007,86008,86009,86010,86011,86012,86013,86014,86015,86016,86017,86018,86019,86020,86022,86023,86024,86025,86026,86027,86028,86029,86031,86032,86034,86035,86036,86037,86038,86039,86040,86041,86042,86044,86045,86046,86047,86048,86049,86050,86051,86052,86053,86054,86055,86058,86059,86061,86062,86063,86064,86065,86066,86068,86069,86070,86072,86073,86074,86075,86076,86077,86078,86079,86080,86081,86082,86083,86084,86085,86086,86087,86088,86089,86090,86091,86092,86093,86094,86095,86096,86097,86098,86099,86100,86102,86103,86104,86105,86106,86107,86108,86109,86110,86111,86112,86113,86114,86115,86116,86117,86118,86119,86120,86121,86122,86123,86124,86125,86126,86127,86128,86129,86130,86131,86132,86133,86134,86135,86136,86137,86138,86139,86140,86141,86142,86143,86144,86145,86147,86148,86149,86150,86151,86152,86153,86154,86156,86157,86158,86159,86160,86161,86162,86163,86164,86165,86167,86169,86170,86171,86172,86173,86174,86175,86176,86177,86178,86180,86181,86182,86183,86184,86186,86187,86189,86190,86191,86192,86193,86194,86195,86196,86197,86198,86200,86201,86202,86203,86204,86205,86206,86207,86209,86210,86211,86213,86214,86217,86218,86220,86221,86222,86223,86224,86225,86226,86227,86228,86229,86230,86233,86234,86235,86236,86237,86239,86241,86242,86244,86245,86246,86247,86248,86249,86250,86252,86253,86254,86255,86256,86257,86258,86260,86261,86262,86263,86264,86265,86266,86268,86269,86270,86271,86272,86273,86274,86275,86276,86279,86280,86281,86284,86285,86286,86287,86288,86289,86290,86291,86292,86293,86294,86295,86296,86297,86298,86299,86300}","",2026-03-24 14:41:32.274366+01,gold_establishments_2025,,,,13001004400019,2025,Services de l'Etat,Département,['Vienne'],['Nouvelle-Aquitaine'],DDFIP,{86},{75}
93cc9a4f-fba1-4b21-a121-13fbe341c29b,130008444,DDFIP Vosges,false,"{88001,88002,88003,88004,88005,88006,88007,88008,88009,88010,88011,88012,88013,88014,88015,88016,88017,88019,88020,88021,88022,88023,88024,88025,88026,88027,88028,88029,88030,88031,88032,88033,88035,88036,88037,88038,88039,88040,88041,88042,88043,88044,88045,88046,88047,88048,88049,88050,88051,88052,88053,88054,88055,88056,88057,88058,88059,88060,88061,88062,88063,88064,88065,88066,88068,88069,88070,88071,88073,88074,88075,88076,88077,88078,88079,88080,88081,88082,88083,88084,88085,88086,88087,88088,88089,88090,88091,88092,88093,88094,88095,88096,88097,88098,88099,88100,88101,88102,88103,88104,88105,88106,88107,88108,88109,88110,88111,88113,88114,88115,88116,88117,88118,88119,88120,88121,88122,88123,88124,88125,88126,88127,88128,88129,88130,88131,88132,88133,88134,88135,88136,88137,88138,88139,88140,88141,88142,88143,88144,88145,88146,88147,88148,88149,88150,88151,88152,88153,88154,88155,88156,88157,88158,88159,88160,88161,88162,88163,88164,88165,88166,88167,88168,88169,88170,88171,88172,88173,88174,88175,88176,88177,88178,88179,88180,88181,88182,88183,88184,88185,88186,88187,88188,88189,88190,88192,88193,88194,88195,88196,88197,88198,88199,88200,88201,88202,88203,88205,88206,88208,88209,88210,88212,88213,88214,88215,88216,88218,88219,88220,88221,88222,88223,88224,88225,88226,88227,88228,88229,88230,88231,88232,88233,88236,88237,88238,88239,88240,88241,88242,88243,88244,88245,88246,88247,88248,88249,88250,88251,88252,88253,88254,88255,88256,88257,88258,88259,88260,88261,88262,88263,88264,88265,88266,88267,88268,88269,88270,88271,88272,88273,88274,88275,88276,88277,88278,88279,88280,88281,88283,88284,88285,88286,88287,88288,88289,88290,88291,88292,88293,88294,88295,88296,88297,88298,88299,88300,88301,88302,88303,88304,88305,88306,88307,88308,88309,88310,88311,88312,88313,88314,88315,88316,88317,88318,88319,88320,88321,88322,88324,88325,88326,88327,88328,88330,88331,88332,88333,88334,88335,88336,88338,88340,88341,88342,88343,88344,88345,88346,88347,88348,88349,88350,88351,88352,88353,88354,88355,88356,88357,88358,88359,88360,88361,88362,88363,88364,88365,88366,88367,88368,88369,88370,88371,88372,88373,88374,88375,88376,88377,88378,88379,88380,88381,88382,88383,88385,88386,88387,88388,88389,88390,88391,88394,88395,88398,88399,88400,88401,88402,88403,88404,88406,88407,88408,88409,88410,88411,88412,88413,88415,88416,88417,88418,88419,88421,88423,88424,88425,88426,88427,88428,88429,88430,88431,88432,88433,88434,88435,88436,88437,88438,88439,88440,88441,88442,88443,88444,88445,88446,88447,88448,88449,88450,88451,88452,88453,88454,88455,88456,88457,88458,88459,88460,88461,88462,88463,88464,88465,88466,88467,88468,88469,88470,88471,88472,88473,88474,88475,88476,88477,88478,88479,88480,88481,88482,88483,88484,88485,88486,88487,88488,88489,88490,88491,88492,88493,88494,88495,88496,88497,88498,88499,88500,88501,88502,88503,88504,88505,88506,88507,88508,88509,88510,88511,88512,88513,88514,88515,88516,88517,88518,88519,88520,88521,88522,88523,88524,88525,88526,88527,88528,88529,88530,88531,88532}","",2026-03-24 14:41:32.274366+01,gold_establishments_2025,,,,13000844400015,2025,Services de l'Etat,Département,['Vosges'],['Grand Est'],DDFIP,{88},{44}
df47454a-62b3-4e52-8af1-6e61a2d681d6,130014798,DDFIP Yonne,false,"{89002,89003,89004,89005,89006,89007,89008,89009,89010,89011,89012,89013,89014,89015,89016,89017,89018,89019,89020,89021,89022,89023,89024,89025,89027,89028,89029,89030,89031,89032,89033,89034,89035,89036,89037,89038,89039,89040,89041,89042,89043,89044,89045,89046,89048,89049,89050,89051,89053,89054,89055,89056,89057,89058,89059,89060,89061,89062,89063,89064,89065,89066,89067,89068,89069,89071,89072,89073,89074,89075,89076,89077,89079,89080,89081,89083,89084,89085,89086,89087,89088,89089,89091,89092,89093,89094,89095,89096,89098,89099,89100,89101,89102,89104,89105,89108,89111,89112,89113,89115,89116,89117,89118,89119,89120,89122,89123,89124,89125,89126,89127,89128,89129,89130,89131,89132,89133,89134,89136,89137,89139,89141,89142,89143,89144,89145,89146,89147,89148,89149,89150,89151,89152,89153,89154,89155,89156,89158,89159,89160,89161,89162,89163,89164,89165,89167,89168,89169,89170,89171,89172,89173,89175,89176,89177,89179,89180,89181,89182,89183,89184,89186,89187,89188,89189,89190,89191,89194,89195,89196,89197,89198,89199,89200,89201,89202,89203,89204,89205,89206,89207,89208,89209,89210,89211,89212,89214,89215,89216,89217,89218,89219,89220,89221,89222,89223,89224,89225,89226,89227,89228,89229,89230,89232,89233,89234,89235,89236,89237,89238,89239,89240,89242,89244,89245,89246,89247,89248,89249,89250,89251,89252,89253,89254,89255,89256,89257,89259,89261,89262,89263,89264,89265,89266,89267,89268,89270,89271,89272,89273,89274,89276,89277,89278,89279,89280,89281,89282,89283,89284,89285,89286,89287,89288,89289,89290,89291,89292,89295,89296,89297,89298,89299,89300,89302,89303,89304,89306,89307,89308,89309,89310,89311,89312,89313,89314,89315,89316,89318,89319,89320,89321,89323,89324,89325,89326,89327,89328,89329,89331,89332,89333,89334,89335,89336,89337,89338,89339,89341,89342,89344,89345,89346,89347,89348,89349,89350,89351,89352,89353,89354,89355,89359,89360,89361,89362,89363,89364,89365,89367,89368,89369,89370,89371,89373,89374,89375,89376,89377,89378,89379,89380,89382,89383,89384,89385,89386,89387,89388,89390,89391,89392,89393,89394,89395,89397,89398,89399,89400,89402,89403,89404,89405,89406,89407,89408,89409,89410,89411,89412,89413,89414,89415,89416,89417,89418,89419,89420,89422,89423,89424,89425,89426,89427,89428,89430,89431,89432,89433,89434,89436,89437,89438,89439,89440,89441,89442,89443,89445,89446,89447,89449,89450,89451,89452,89453,89456,89458,89459,89460,89461,89462,89463,89464,89465,89466,89467,89468,89469,89470,89471,89472,89474,89475,89477,89478,89479,89480,89481,89482,89483,89485,89486}","",2026-03-24 14:41:32.274366+01,gold_establishments_2025,,,,13001479800016,2025,Services de l'Etat,Département,['Yonne'],['Bourgogne-Franche-Comté'],DDFIP,{89},{27}
14fcee2d-67ab-43ed-b151-1387d602b17d,130014947,DDFIP Yvelines,false,"{78003,78005,78006,78007,78009,78010,78013,78015,78020,78029,78030,78031,78033,78034,78036,78043,78048,78049,78050,78053,78057,78062,78068,78070,78071,78072,78073,78076,78077,78082,78084,78087,78089,78090,78092,78096,78104,78107,78108,78113,78117,78118,78120,78123,78124,78125,78126,78128,78133,78138,78140,78143,78146,78147,78152,78158,78160,78162,78163,78164,78165,78168,78171,78172,78185,78188,78189,78190,78192,78193,78194,78196,78202,78206,78208,78209,78217,78220,78224,78227,78230,78231,78233,78234,78236,78237,78238,78239,78242,78245,78246,78255,78261,78262,78263,78264,78265,78267,78269,78276,78278,78281,78283,78285,78289,78290,78291,78296,78297,78299,78300,78302,78305,78307,78310,78311,78314,78317,78320,78321,78322,78324,78325,78327,78329,78334,78335,78337,78343,78344,78346,78349,78350,78354,78356,78358,78361,78362,78364,78366,78367,78368,78372,78380,78381,78382,78383,78384,78385,78389,78391,78396,78397,78398,78401,78402,78403,78404,78406,78407,78410,78413,78415,78416,78417,78418,78420,78423,78431,78437,78439,78440,78442,78443,78444,78451,78455,78460,78464,78465,78466,78470,78472,78474,78475,78478,78481,78484,78486,78490,78497,78498,78499,78501,78502,78505,78506,78513,78516,78517,78518,78520,78522,78528,78530,78531,78536,78537,78545,78548,78550,78551,78557,78558,78559,78561,78562,78564,78565,78567,78569,78571,78575,78576,78586,78588,78590,78591,78597,78601,78605,78606,78608,78609,78615,78616,78618,78620,78621,78623,78624,78638,78640,78642,78643,78644,78646,78647,78650,78653,78655,78668,78672,78674,78677,78681,78683,78686,78688}",SDED,2026-03-24 14:41:32.274366+01,gold_establishments_2025,,,,13001494700019,2025,Services de l'Etat,Département,['Yvelines'],['Île-de-France'],DDFIP,{78},{11}
f889d951-b44f-465d-85e1-2c5955872bfd,130009368,DDT Ain,false,"{01001,01002,01004,01005,01006,01007,01008,01009,01010,01011,01012,01013,01014,01015,01016,01017,01019,01021,01022,01023,01024,01025,01026,01027,01028,01029,01030,01031,01032,01033,01034,01035,01036,01037,01038,01040,01041,01042,01043,01044,01045,01046,01047,01049,01050,01051,01052,01053,01054,01056,01057,01058,01060,01061,01062,01063,01064,01065,01066,01067,01068,01069,01071,01072,01073,01074,01075,01076,01077,01078,01079,01080,01081,01082,01083,01084,01085,01087,01088,01089,01090,01092,01093,01094,01095,01096,01098,01099,01100,01101,01102,01103,01104,01105,01106,01107,01108,01109,01110,01111,01112,01113,01114,01115,01116,01117,01118,01121,01123,01124,01125,01127,01128,01129,01130,01133,01134,01135,01136,01138,01139,01140,01141,01142,01143,01145,01146,01147,01148,01149,01150,01151,01152,01153,01155,01156,01157,01158,01159,01160,01162,01163,01165,01166,01167,01169,01170,01171,01173,01174,01175,01177,01179,01180,01181,01183,01184,01185,01187,01188,01189,01190,01191,01192,01193,01194,01195,01196,01197,01198,01199,01200,01202,01203,01204,01206,01207,01208,01209,01210,01211,01212,01213,01214,01215,01216,01219,01224,01225,01227,01228,01229,01230,01231,01232,01233,01234,01235,01236,01237,01238,01239,01240,01241,01242,01243,01244,01245,01246,01247,01248,01249,01250,01252,01254,01255,01257,01258,01259,01260,01261,01262,01263,01264,01265,01266,01267,01268,01269,01272,01273,01274,01275,01276,01277,01279,01280,01281,01282,01283,01284,01285,01286,01288,01289,01290,01291,01293,01294,01295,01296,01297,01298,01299,01301,01302,01303,01304,01305,01306,01307,01308,01309,01310,01311,01313,01314,01317,01318,01319,01320,01321,01322,01323,01325,01328,01329,01331,01332,01333,01334,01335,01336,01337,01338,01339,01342,01343,01344,01345,01346,01347,01348,01349,01350,01351,01352,01353,01354,01355,01356,01357,01358,01359,01360,01361,01362,01363,01364,01365,01366,01367,01368,01369,01370,01371,01372,01373,01374,01375,01376,01378,01379,01380,01381,01382,01383,01384,01385,01386,01387,01388,01389,01390,01391,01392,01393,01396,01397,01398,01399,01400,01401,01402,01403,01404,01405,01406,01407,01408,01410,01411,01412,01415,01416,01418,01419,01420,01421,01422,01423,01424,01425,01426,01427,01428,01429,01430,01431,01432,01433,01434,01435,01436,01437,01439,01441,01443,01444,01445,01446,01447,01448,01449,01450,01451,01452,01453,01454,01456,01457}",SDED,2026-03-24 14:41:32.274366+01,gold_establishments_2025,,,,13000936800015,2025,Services de l'Etat,Département,['Ain'],['Auvergne-Rhône-Alpes'],DDT,{01},{84}
184d7eea-10b7-49ee-9fbe-3f52390b1dc4,130009780,DDT Aisne,false,"{02001,02002,02003,02004,02005,02006,02007,02008,02009,02010,02011,02012,02013,02014,02015,02016,02017,02018,02019,02020,02021,02022,02023,02024,02025,02027,02028,02029,02030,02031,02032,02033,02034,02035,02036,02037,02038,02039,02040,02041,02042,02043,02044,02046,02047,02048,02049,02050,02051,02052,02053,02054,02055,02056,02057,02058,02059,02060,02061,02062,02063,02064,02065,02066,02067,02068,02069,02070,02071,02072,02073,02074,02075,02076,02078,02079,02080,02081,02082,02083,02084,02085,02086,02087,02088,02089,02090,02091,02093,02094,02095,02096,02097,02098,02099,02100,02101,02102,02103,02104,02105,02106,02107,02108,02109,02110,02111,02112,02114,02115,02116,02117,02118,02119,02120,02121,02122,02123,02124,02125,02126,02127,02128,02129,02130,02131,02132,02133,02134,02135,02136,02137,02138,02139,02140,02141,02142,02143,02144,02145,02146,02148,02149,02150,02151,02152,02153,02154,02155,02156,02157,02158,02159,02160,02162,02163,02164,02165,02166,02167,02168,02169,02170,02171,02172,02173,02174,02175,02176,02177,02178,02179,02180,02181,02182,02183,02184,02185,02186,02187,02188,02189,02190,02191,02192,02193,02194,02195,02196,02197,02198,02199,02200,02201,02203,02204,02205,02206,02207,02208,02209,02210,02211,02212,02213,02214,02215,02216,02217,02218,02219,02220,02221,02222,02223,02224,02225,02226,02227,02228,02229,02230,02231,02232,02233,02234,02235,02236,02237,02238,02239,02240,02241,02242,02243,02244,02245,02246,02248,02249,02250,02251,02252,02253,02254,02255,02256,02257,02258,02259,02260,02261,02262,02263,02264,02265,02266,02267,02268,02269,02270,02271,02272,02273,02274,02275,02276,02277,02278,02279,02280,02281,02282,02283,02284,02286,02287,02288,02289,02290,02291,02292,02293,02294,02295,02296,02297,02298,02299,02302,02303,02304,02305,02306,02307,02308,02309,02310,02312,02313,02315,02316,02317,02318,02319,02320,02321,02322,02323,02324,02326,02327,02328,02329,02330,02331,02332,02333,02334,02335,02336,02337,02338,02339,02340,02341,02342,02343,02345,02346,02347,02349,02350,02351,02352,02353,02354,02355,02356,02357,02358,02359,02360,02361,02362,02363,02364,02366,02367,02368,02369,02370,02371,02372,02373,02374,02375,02376,02377,02378,02379,02380,02381,02382,02383,02384,02385,02386,02387,02388,02389,02390,02391,02392,02393,02395,02396,02397,02398,02399,02400,02401,02402,02403,02404,02405,02406,02407,02408,02409,02410,02411,02412,02413,02414,02415,02416,02417,02418,02419,02420,02421,02422,02423,02424,02425,02426,02427,02428,02429,02430,02431,02432,02433,02435,02438,02439,02440,02441,02442,02443,02444,02445,02446,02447,02448,02449,02450,02451,02452,02453,02454,02455,02456,02457,02458,02459,02460,02461,02462,02463,02464,02465,02466,02467,02468,02469,02470,02471,02472,02473,02474,02476,02477,02478,02480,02481,02482,02483,02484,02485,02486,02487,02488,02489,02490,02491,02492,02493,02494,02495,02496,02497,02498,02499,02500,02501,02502,02503,02504,02505,02506,02507,02508,02509,02510,02511,02512,02513,02514,02515,02516,02517,02518,02519,02520,02521,02522,02523,02524,02525,02526,02527,02528,02529,02530,02531,02532,02533,02534,02535,02536,02537,02538,02539,02540,02541,02542,02543,02544,02545,02546,02547,02548,02549,02550,02551,02552,02553,02554,02555,02556,02557,02558,02559,02560,02561,02562,02563,02564,02565,02566,02567,02568,02569,02570,02571,02572,02573,02574,02575,02576,02577,02578,02579,02580,02581,02582,02583,02584,02585,02586,02587,02588,02589,02590,02591,02592,02593,02594,02595,02596,02598,02599,02600,02601,02602,02604,02605,02606,02607,02608,02609,02610,02612,02613,02614,02615,02616,02617,02618,02619,02620,02621,02622,02623,02624,02625,02626,02627,02628,02629,02631,02632,02633,02634,02635,02636,02637,02638,02639,02640,02641,02642,02643,02644,02645,02647,02648,02649,02650,02651,02652,02653,02654,02655,02656,02657,02658,02659,02660,02661,02662,02663,02664,02665,02666,02667,02668,02670,02671,02672,02673,02674,02675,02676,02677,02678,02679,02680,02681,02682,02683,02684,02685,02686,02687,02688,02689,02690,02691,02693,02694,02696,02697,02698,02699,02701,02702,02703,02704,02705,02706,02707,02708,02709,02710,02711,02712,02713,02714,02715,02716,02717,02718,02719,02720,02721,02722,02723,02724,02725,02726,02727,02728,02729,02730,02731,02732,02734,02735,02736,02737,02738,02739,02740,02741,02742,02743,02744,02745,02746,02747,02748,02749,02750,02751,02752,02753,02754,02755,02756,02757,02758,02759,02760,02761,02762,02763,02764,02765,02766,02767,02768,02769,02770,02772,02773,02774,02775,02776,02777,02778,02779,02780,02781,02782,02783,02784,02785,02786,02787,02788,02789,02790,02791,02792,02793,02794,02795,02796,02797,02798,02799,02800,02801,02802,02803,02804,02805,02806,02807,02808,02809,02810,02812,02813,02814,02815,02816,02817,02818,02819,02820,02821,02822,02823,02824,02826,02827,02828,02829,02830,02831,02832,02833,02834}",SDED,2026-03-24 14:41:32.274366+01,gold_establishments_2025,,,,13000978000011,2025,Services de l'Etat,Département,['Aisne'],['Hauts-de-France'],DDT,{02},{32}
1caa4fea-afae-4bd3-8a09-4799e3b10bbd,130008196,DDT Allier,false,"{03001,03002,03003,03004,03005,03006,03007,03008,03009,03010,03011,03012,03013,03014,03015,03016,03017,03018,03019,03020,03021,03022,03023,03024,03025,03026,03027,03028,03029,03030,03031,03032,03033,03034,03035,03036,03037,03038,03039,03040,03041,03042,03043,03044,03045,03046,03047,03048,03049,03050,03051,03052,03053,03054,03055,03056,03057,03058,03059,03060,03061,03062,03063,03064,03065,03066,03067,03068,03069,03070,03071,03072,03073,03074,03075,03076,03077,03078,03079,03080,03081,03082,03083,03084,03085,03086,03087,03088,03089,03090,03091,03092,03093,03094,03095,03096,03097,03098,03099,03100,03101,03102,03103,03104,03105,03106,03107,03108,03109,03110,03111,03112,03113,03114,03115,03116,03117,03118,03119,03120,03121,03122,03124,03125,03126,03127,03128,03129,03130,03131,03132,03133,03134,03135,03136,03137,03138,03139,03140,03141,03142,03143,03144,03145,03146,03147,03148,03149,03150,03151,03152,03154,03155,03156,03157,03158,03159,03160,03161,03162,03163,03164,03165,03166,03167,03168,03169,03170,03171,03172,03173,03174,03175,03176,03177,03178,03179,03180,03181,03182,03183,03184,03185,03186,03187,03188,03189,03190,03191,03192,03193,03194,03195,03196,03197,03198,03200,03201,03202,03203,03204,03205,03206,03207,03208,03209,03210,03211,03212,03213,03214,03215,03216,03217,03218,03219,03220,03221,03222,03223,03224,03225,03226,03227,03228,03229,03230,03231,03232,03233,03234,03235,03236,03237,03238,03239,03240,03241,03242,03243,03244,03245,03246,03247,03248,03249,03250,03251,03252,03253,03254,03255,03256,03257,03258,03259,03260,03261,03262,03263,03264,03265,03266,03267,03268,03269,03270,03271,03272,03273,03274,03275,03276,03277,03278,03279,03280,03281,03282,03283,03284,03285,03286,03287,03288,03289,03290,03291,03292,03293,03294,03295,03296,03297,03298,03299,03300,03301,03302,03303,03304,03305,03306,03307,03308,03309,03310,03311,03312,03313,03314,03315,03316,03317,03319,03320,03321}",SDED,2026-03-24 14:41:32.274366+01,gold_establishments_2025,,,,13000819600011,2025,Services de l'Etat,Département,['Allier'],['Auvergne-Rhône-Alpes'],DDT,{03},{84}
17a95ca5-816c-4181-91ce-0fd97707d9bf,130009517,DDT Alpes-de-Haute-Provence,false,"{04001,04004,04005,04006,04007,04008,04009,04012,04013,04016,04017,04018,04019,04020,04021,04022,04023,04024,04025,04026,04027,04028,04030,04031,04032,04033,04034,04035,04036,04037,04039,04040,04041,04042,04043,04045,04046,04047,04049,04050,04051,04053,04054,04055,04057,04058,04059,04061,04062,04063,04065,04066,04067,04068,04069,04070,04072,04073,04074,04075,04076,04077,04079,04081,04084,04085,04086,04087,04088,04090,04091,04092,04093,04094,04095,04096,04097,04099,04101,04102,04104,04106,04107,04108,04109,04110,04111,04112,04113,04115,04116,04118,04120,04121,04122,04123,04124,04126,04127,04128,04129,04130,04132,04133,04134,04135,04136,04137,04138,04139,04140,04141,04142,04143,04144,04145,04148,04149,04150,04151,04152,04154,04155,04156,04157,04158,04159,04160,04161,04162,04163,04164,04166,04167,04169,04170,04171,04172,04173,04174,04175,04176,04177,04178,04179,04180,04181,04182,04183,04184,04186,04187,04188,04189,04190,04191,04192,04193,04194,04195,04197,04199,04200,04201,04202,04203,04204,04205,04206,04207,04208,04209,04210,04211,04214,04216,04217,04218,04219,04220,04222,04224,04226,04227,04228,04229,04230,04231,04233,04234,04235,04236,04237,04240,04241,04242,04244,04245}",SDED,2026-03-24 14:41:32.274366+01,gold_establishments_2025,,,,13000951700017,2025,Services de l'Etat,Département,['Alpes-de-Haute-Provence'],['Provence-Alpes-Côte dAzur'],DDT,{04},{93}
6cb15167-a49c-469c-8103-dec7ff375f0f,130010390,DDT Ardennes,false,"{08001,08003,08004,08005,08006,08008,08010,08011,08013,08014,08015,08016,08017,08018,08019,08020,08021,08022,08023,08024,08025,08026,08027,08028,08029,08030,08031,08032,08033,08034,08035,08036,08037,08038,08039,08040,08041,08043,08044,08045,08046,08047,08048,08049,08052,08053,08055,08056,08057,08058,08059,08060,08061,08062,08063,08064,08065,08066,08067,08069,08070,08071,08073,08074,08075,08076,08077,08078,08080,08081,08082,08083,08084,08085,08086,08087,08088,08089,08090,08092,08094,08095,08096,08097,08098,08099,08100,08101,08102,08103,08104,08105,08106,08107,08109,08110,08111,08113,08115,08116,08117,08119,08120,08121,08122,08123,08124,08125,08126,08128,08130,08131,08132,08133,08134,08135,08136,08137,08138,08139,08140,08141,08142,08143,08144,08145,08146,08147,08148,08149,08150,08151,08153,08154,08155,08156,08158,08159,08160,08161,08162,08163,08164,08165,08166,08167,08168,08169,08170,08171,08172,08173,08174,08175,08176,08178,08179,08180,08182,08183,08184,08185,08186,08187,08188,08189,08190,08191,08192,08193,08194,08195,08196,08197,08198,08199,08200,08201,08202,08203,08204,08205,08206,08207,08208,08209,08210,08211,08212,08214,08215,08216,08217,08218,08219,08220,08222,08223,08225,08226,08228,08229,08230,08232,08233,08234,08235,08236,08237,08238,08239,08240,08242,08243,08244,08245,08246,08247,08248,08249,08250,08251,08252,08254,08255,08256,08257,08259,08260,08262,08263,08264,08268,08269,08271,08272,08273,08274,08275,08276,08277,08278,08279,08280,08281,08282,08283,08284,08286,08287,08288,08289,08291,08293,08295,08296,08297,08298,08301,08302,08303,08304,08305,08306,08307,08308,08309,08310,08311,08312,08313,08314,08315,08316,08317,08318,08319,08320,08321,08322,08323,08324,08325,08326,08327,08328,08329,08330,08331,08332,08333,08334,08335,08336,08338,08339,08340,08341,08342,08343,08344,08346,08347,08348,08349,08350,08351,08352,08353,08354,08355,08356,08357,08358,08360,08361,08362,08363,08364,08365,08366,08367,08368,08369,08370,08372,08373,08374,08375,08376,08377,08378,08379,08380,08381,08382,08383,08384,08385,08386,08387,08388,08389,08390,08391,08392,08393,08394,08395,08396,08397,08398,08399,08400,08401,08402,08403,08404,08405,08406,08407,08408,08409,08410,08411,08412,08413,08415,08416,08417,08418,08419,08420,08421,08422,08424,08425,08426,08427,08428,08429,08430,08431,08432,08433,08434,08435,08436,08437,08438,08439,08440,08444,08445,08446,08448,08449,08450,08451,08452,08453,08454,08455,08456,08457,08458,08459,08460,08461,08462,08463,08464,08465,08466,08467,08468,08469,08470,08471,08472,08473,08476,08477,08478,08479,08480,08481,08482,08483,08484,08485,08486,08487,08488,08489,08490,08491,08492,08494,08496,08497,08498,08499,08500,08501,08502,08503}",SDED,2026-03-24 14:41:32.274366+01,gold_establishments_2025,,,,13001039000016,2025,Services de l'Etat,Département,['Ardennes'],['Grand Est'],DDT,{08},{44}
abe08190-99cb-4758-bf72-940760fab748,130011349,DDT Ardèche,false,"{07001,07002,07003,07004,07005,07006,07007,07008,07009,07010,07011,07012,07013,07014,07015,07017,07018,07019,07020,07022,07023,07024,07025,07026,07027,07028,07029,07030,07031,07032,07033,07034,07035,07036,07037,07038,07039,07040,07041,07042,07044,07045,07047,07048,07049,07050,07051,07052,07053,07054,07055,07056,07058,07059,07060,07061,07062,07063,07064,07065,07066,07067,07068,07069,07070,07071,07072,07073,07074,07075,07076,07077,07078,07079,07080,07081,07082,07083,07084,07085,07086,07087,07088,07089,07090,07091,07092,07093,07094,07095,07096,07097,07098,07099,07100,07101,07102,07103,07104,07105,07106,07107,07108,07109,07110,07111,07112,07113,07114,07115,07116,07117,07118,07119,07120,07121,07122,07123,07124,07126,07127,07128,07129,07130,07131,07132,07133,07134,07136,07137,07138,07139,07140,07141,07142,07143,07144,07145,07146,07147,07148,07149,07150,07151,07152,07153,07154,07155,07156,07157,07158,07159,07160,07161,07162,07163,07165,07166,07167,07168,07169,07170,07171,07172,07173,07174,07175,07176,07177,07178,07179,07181,07182,07183,07184,07185,07186,07187,07188,07189,07190,07191,07192,07193,07194,07195,07196,07197,07198,07199,07200,07201,07202,07203,07204,07205,07206,07207,07208,07209,07210,07211,07212,07213,07214,07215,07216,07217,07218,07219,07220,07221,07222,07223,07224,07225,07226,07227,07228,07229,07230,07231,07232,07233,07234,07235,07236,07237,07238,07239,07240,07241,07242,07243,07244,07245,07247,07248,07249,07250,07251,07253,07254,07255,07257,07258,07259,07260,07261,07262,07263,07264,07265,07266,07267,07268,07269,07270,07272,07273,07274,07275,07276,07277,07278,07279,07280,07281,07282,07283,07284,07285,07286,07287,07288,07289,07290,07291,07292,07293,07294,07295,07296,07297,07298,07299,07300,07301,07302,07303,07304,07305,07306,07307,07308,07309,07310,07311,07312,07313,07314,07315,07316,07317,07318,07319,07321,07322,07323,07324,07325,07326,07327,07328,07329,07330,07331,07332,07333,07334,07335,07336,07337,07338,07339,07340,07341,07342,07343,07344,07345,07346,07347,07348,07349}",SDED,2026-03-24 14:41:32.274366+01,gold_establishments_2025,,,,13001134900011,2025,Services de l'Etat,Département,['Ardèche'],['Auvergne-Rhône-Alpes'],DDT,{07},{84}
46c335aa-960c-459b-bf5b-05249501a802,130011786,DDT Ariège,false,"{09001,09002,09003,09004,09005,09006,09007,09008,09009,09011,09012,09013,09014,09015,09016,09017,09018,09019,09020,09021,09022,09023,09024,09025,09026,09027,09029,09030,09031,09032,09033,09034,09035,09037,09038,09039,09040,09041,09042,09043,09044,09045,09046,09047,09048,09049,09050,09051,09052,09053,09054,09055,09056,09057,09058,09059,09060,09061,09062,09063,09064,09065,09066,09067,09068,09069,09070,09071,09072,09073,09074,09075,09076,09077,09078,09079,09080,09081,09082,09083,09084,09085,09086,09087,09088,09089,09090,09091,09092,09093,09094,09095,09096,09097,09098,09099,09100,09101,09102,09103,09104,09105,09106,09107,09108,09109,09110,09111,09113,09114,09115,09116,09117,09118,09119,09120,09121,09122,09123,09124,09125,09126,09127,09128,09129,09130,09131,09132,09133,09134,09136,09137,09138,09139,09140,09141,09142,09143,09145,09146,09147,09148,09149,09150,09151,09152,09153,09154,09155,09156,09157,09158,09159,09160,09161,09162,09163,09164,09165,09166,09167,09168,09169,09170,09171,09172,09173,09174,09175,09176,09177,09178,09179,09180,09181,09182,09183,09184,09185,09186,09187,09188,09189,09190,09192,09193,09194,09195,09196,09197,09198,09199,09200,09201,09202,09203,09204,09205,09206,09207,09208,09209,09210,09211,09212,09213,09214,09215,09216,09217,09218,09219,09220,09221,09222,09223,09224,09225,09226,09227,09228,09229,09230,09231,09232,09233,09234,09235,09236,09237,09238,09239,09240,09241,09242,09243,09244,09245,09246,09247,09249,09250,09251,09252,09253,09254,09256,09257,09258,09259,09260,09261,09262,09263,09264,09265,09266,09267,09268,09269,09270,09271,09272,09273,09274,09275,09276,09277,09279,09280,09281,09282,09283,09284,09285,09289,09290,09291,09292,09293,09294,09295,09296,09297,09298,09299,09300,09301,09303,09304,09305,09306,09307,09308,09309,09310,09311,09312,09313,09314,09315,09316,09318,09319,09320,09321,09322,09323,09324,09325,09326,09327,09328,09329,09330,09331,09332,09334,09335,09336,09338,09339,09340,09341,09342}",SDED,2026-03-24 14:41:32.274366+01,gold_establishments_2025,,,,13001178600014,2025,Services de l'Etat,Département,['Ariège'],['Occitanie'],DDT,{09},{76}
385ff666-1c1f-464f-97ad-386b91ff5911,130009285,DDT Aube,false,"{10002,10003,10004,10005,10006,10007,10008,10009,10010,10011,10012,10013,10014,10015,10017,10018,10019,10020,10021,10022,10023,10024,10025,10026,10027,10028,10029,10030,10031,10032,10033,10034,10035,10037,10038,10039,10040,10041,10042,10043,10044,10045,10046,10047,10048,10049,10050,10051,10052,10053,10054,10055,10056,10057,10058,10059,10060,10061,10062,10063,10064,10065,10066,10067,10068,10069,10070,10071,10072,10073,10074,10075,10076,10077,10078,10079,10080,10081,10082,10083,10084,10085,10086,10087,10089,10090,10091,10092,10093,10094,10095,10096,10097,10098,10099,10100,10101,10102,10103,10104,10105,10106,10107,10108,10109,10110,10111,10112,10113,10114,10115,10116,10117,10118,10119,10120,10121,10122,10123,10124,10125,10126,10127,10128,10129,10130,10131,10132,10133,10134,10135,10136,10137,10138,10139,10140,10141,10142,10143,10144,10145,10146,10147,10148,10149,10150,10151,10153,10154,10155,10156,10157,10158,10159,10160,10161,10162,10163,10164,10165,10166,10167,10168,10169,10170,10171,10172,10173,10174,10175,10176,10177,10178,10179,10180,10181,10182,10183,10184,10185,10186,10187,10188,10189,10190,10191,10192,10193,10194,10195,10196,10197,10198,10199,10200,10201,10202,10203,10204,10205,10206,10207,10208,10209,10210,10211,10212,10213,10214,10215,10216,10217,10218,10219,10220,10221,10222,10223,10224,10225,10226,10227,10228,10229,10230,10231,10232,10233,10234,10235,10236,10237,10238,10239,10240,10241,10242,10243,10245,10246,10247,10248,10249,10250,10251,10252,10253,10254,10255,10256,10257,10258,10259,10260,10261,10262,10263,10264,10265,10266,10267,10268,10269,10270,10271,10272,10273,10274,10275,10276,10278,10279,10280,10281,10282,10283,10284,10285,10286,10287,10288,10289,10290,10291,10293,10294,10295,10296,10297,10298,10299,10300,10301,10302,10303,10304,10305,10306,10307,10308,10309,10310,10312,10313,10314,10315,10316,10317,10318,10319,10320,10321,10323,10324,10325,10326,10327,10328,10329,10330,10331,10332,10333,10334,10335,10336,10337,10338,10339,10340,10341,10342,10343,10344,10345,10346,10347,10348,10349,10350,10351,10352,10353,10354,10355,10356,10357,10358,10359,10360,10361,10362,10363,10364,10365,10366,10367,10368,10369,10370,10371,10372,10373,10374,10375,10376,10377,10378,10379,10380,10381,10382,10383,10384,10386,10387,10388,10389,10390,10391,10392,10393,10394,10395,10396,10397,10398,10399,10400,10401,10402,10403,10404,10405,10406,10408,10409,10410,10411,10412,10414,10416,10417,10418,10419,10420,10421,10422,10423,10424,10425,10426,10427,10428,10429,10430,10431,10432,10433,10434,10435,10436,10437,10438,10439,10440,10441,10442,10443,10444,10445}",SDED,2026-03-24 14:41:32.274366+01,gold_establishments_2025,,,,13000928500011,2025,Services de l'Etat,Département,['Aube'],['Grand Est'],DDT,{10},{44}
c81edc72-81b9-4923-ab60-c022cabcfe29,130007784,DDT Aveyron,false,"{12001,12002,12003,12004,12006,12007,12008,12009,12010,12011,12012,12013,12015,12016,12017,12018,12019,12021,12022,12023,12024,12025,12026,12027,12028,12029,12030,12031,12032,12033,12034,12035,12036,12037,12038,12039,12041,12042,12043,12044,12045,12046,12047,12048,12049,12050,12051,12052,12053,12054,12055,12056,12057,12058,12059,12060,12061,12062,12063,12064,12065,12066,12067,12068,12069,12070,12071,12072,12073,12074,12075,12077,12078,12079,12080,12082,12083,12084,12085,12086,12088,12089,12090,12091,12092,12093,12094,12095,12096,12097,12098,12099,12100,12101,12102,12103,12104,12105,12106,12107,12108,12109,12110,12111,12113,12115,12116,12118,12119,12120,12121,12122,12124,12125,12127,12128,12129,12130,12131,12133,12134,12135,12136,12137,12138,12139,12140,12141,12142,12143,12144,12145,12146,12147,12148,12149,12150,12151,12152,12153,12154,12155,12156,12157,12158,12159,12160,12161,12162,12163,12164,12165,12166,12167,12168,12169,12170,12171,12172,12174,12175,12176,12177,12178,12179,12180,12181,12182,12183,12184,12185,12186,12187,12188,12189,12190,12191,12192,12193,12194,12195,12197,12198,12199,12200,12201,12202,12203,12204,12205,12206,12207,12208,12209,12210,12211,12212,12213,12214,12215,12216,12217,12219,12220,12221,12222,12223,12224,12225,12226,12227,12228,12229,12230,12231,12232,12233,12234,12235,12236,12237,12238,12239,12240,12241,12242,12243,12244,12246,12247,12248,12249,12250,12251,12252,12253,12254,12255,12256,12257,12258,12259,12260,12261,12262,12263,12264,12265,12266,12267,12268,12269,12270,12272,12273,12274,12275,12276,12277,12278,12280,12281,12282,12283,12284,12286,12287,12288,12289,12290,12291,12292,12293,12294,12295,12296,12297,12298,12299,12300,12301,12303,12305,12307}",SDED,2026-03-24 14:41:32.274366+01,gold_establishments_2025,,,,13000778400015,2025,Services de l'Etat,Département,['Aveyron'],['Occitanie'],DDT,{12},{76}
1dfc77ca-0bf7-4dd6-8db4-915b4f2dfeca,130010218,DDT Bas-Rhin,false,"{67001,67002,67003,67004,67005,67006,67008,67009,67010,67011,67012,67013,67016,67017,67018,67019,67020,67021,67022,67023,67025,67026,67027,67028,67029,67030,67031,67032,67033,67034,67035,67036,67037,67038,67039,67040,67043,67044,67045,67046,67047,67048,67049,67050,67051,67052,67053,67054,67055,67056,67057,67058,67059,67060,67061,67062,67063,67065,67066,67067,67068,67069,67070,67071,67072,67073,67074,67075,67076,67077,67078,67079,67080,67081,67082,67083,67084,67085,67086,67087,67088,67089,67090,67091,67092,67093,67094,67095,67096,67097,67098,67099,67100,67101,67102,67103,67104,67105,67106,67107,67108,67109,67110,67111,67112,67113,67115,67116,67117,67118,67119,67120,67121,67122,67123,67124,67125,67126,67127,67128,67129,67130,67131,67132,67133,67134,67135,67136,67137,67138,67139,67140,67141,67142,67143,67144,67145,67146,67147,67148,67149,67150,67151,67152,67153,67154,67155,67156,67159,67160,67161,67162,67163,67164,67165,67166,67167,67168,67169,67172,67173,67174,67176,67177,67178,67179,67180,67181,67182,67183,67184,67185,67186,67187,67188,67189,67190,67191,67192,67194,67195,67196,67197,67198,67199,67200,67201,67202,67203,67204,67205,67206,67208,67209,67210,67212,67213,67214,67215,67216,67217,67218,67220,67221,67222,67223,67225,67226,67227,67228,67229,67230,67231,67232,67233,67234,67235,67236,67237,67238,67239,67240,67241,67242,67244,67245,67246,67247,67248,67249,67250,67252,67253,67254,67255,67256,67257,67258,67259,67260,67261,67263,67264,67265,67266,67267,67268,67269,67270,67271,67272,67273,67274,67275,67276,67277,67278,67279,67280,67281,67282,67283,67285,67286,67287,67288,67289,67290,67291,67292,67293,67295,67296,67298,67299,67300,67301,67302,67303,67304,67305,67306,67307,67308,67309,67310,67311,67312,67313,67314,67315,67317,67319,67320,67321,67322,67324,67325,67326,67327,67328,67329,67330,67331,67333,67334,67335,67336,67337,67338,67339,67340,67341,67342,67343,67344,67345,67346,67347,67348,67349,67350,67351,67352,67353,67354,67355,67356,67358,67359,67360,67361,67362,67363,67364,67365,67366,67367,67368,67369,67370,67371,67372,67373,67375,67377,67378,67379,67380,67381,67382,67383,67384,67385,67386,67387,67388,67389,67391,67392,67394,67395,67396,67397,67398,67400,67401,67403,67404,67405,67406,67407,67408,67409,67410,67411,67412,67413,67414,67415,67416,67417,67418,67420,67421,67422,67423,67424,67425,67426,67427,67428,67429,67430,67432,67433,67434,67435,67436,67437,67438,67440,67441,67442,67443,67444,67445,67446,67447,67448,67449,67450,67451,67452,67453,67454,67455,67456,67458,67459,67460,67461,67462,67463,67464,67465,67466,67467,67468,67470,67471,67472,67473,67474,67475,67476,67477,67478,67479,67480,67481,67482,67483,67484,67485,67486,67487,67488,67489,67490,67491,67492,67493,67494,67495,67497,67498,67499,67500,67501,67502,67503,67504,67505,67506,67507,67508,67509,67510,67511,67513,67514,67515,67516,67517,67519,67520,67521,67522,67523,67524,67525,67526,67527,67528,67529,67530,67531,67532,67534,67535,67536,67537,67538,67539,67540,67541,67542,67543,67544,67545,67546,67547,67548,67550,67551,67552,67553,67554,67555,67556,67557,67558,67559}",SDED,2026-03-24 14:41:32.274366+01,gold_establishments_2025,,,,13001021800019,2025,Services de l'Etat,Département,['Bas-Rhin'],['Grand Est'],DDT,{67},{44}
05ff3552-a7a8-4630-befd-49ae28d9d4fb,130008345,DDT Cantal,false,"{15001,15002,15003,15004,15005,15006,15007,15008,15009,15010,15011,15012,15013,15014,15015,15016,15017,15018,15019,15020,15021,15022,15024,15025,15026,15027,15028,15029,15030,15032,15033,15034,15036,15037,15038,15040,15041,15042,15043,15045,15046,15048,15049,15050,15051,15052,15053,15054,15055,15056,15057,15058,15059,15060,15061,15063,15064,15065,15066,15067,15069,15070,15072,15073,15074,15075,15076,15077,15078,15079,15080,15081,15082,15083,15084,15085,15086,15087,15088,15089,15090,15091,15092,15093,15094,15095,15096,15097,15098,15100,15101,15102,15103,15104,15105,15106,15107,15108,15110,15111,15112,15113,15114,15116,15117,15118,15119,15120,15121,15122,15123,15124,15125,15126,15127,15128,15129,15130,15131,15132,15133,15134,15135,15137,15138,15139,15140,15141,15142,15143,15144,15146,15147,15148,15149,15151,15152,15153,15154,15155,15156,15157,15158,15159,15160,15161,15162,15163,15164,15165,15166,15167,15168,15169,15170,15172,15173,15174,15175,15176,15178,15179,15180,15181,15182,15183,15184,15185,15186,15187,15188,15189,15190,15191,15192,15194,15196,15198,15199,15200,15201,15202,15203,15204,15205,15206,15207,15208,15209,15211,15212,15213,15214,15215,15216,15217,15218,15219,15220,15221,15222,15223,15224,15225,15226,15228,15229,15230,15231,15232,15233,15234,15235,15236,15237,15238,15240,15241,15242,15243,15244,15245,15246,15247,15248,15249,15250,15251,15252,15253,15254,15255,15256,15257,15258,15259,15260,15261,15262,15263,15264,15265,15266,15267,15268,15269}",SDED,2026-03-24 14:41:32.274366+01,gold_establishments_2025,,,,13000834500014,2025,Services de l'Etat,Département,['Cantal'],['Auvergne-Rhône-Alpes'],DDT,{15},{84}
24574ab4-e091-4443-9cb3-64b7a8d50dc7,130010986,DDT Charente,false,"{16001,16002,16003,16005,16007,16008,16009,16011,16012,16013,16014,16015,16016,16018,16019,16020,16023,16024,16025,16026,16027,16028,16029,16030,16031,16032,16034,16035,16036,16037,16038,16039,16040,16041,16042,16044,16045,16046,16047,16048,16049,16050,16052,16053,16054,16055,16056,16057,16058,16059,16060,16061,16062,16063,16064,16065,16066,16067,16068,16069,16070,16071,16072,16073,16074,16075,16076,16077,16078,16079,16081,16082,16083,16084,16085,16086,16087,16088,16089,16090,16091,16093,16095,16096,16097,16098,16099,16100,16101,16102,16103,16104,16105,16106,16107,16108,16109,16110,16111,16112,16113,16114,16116,16117,16118,16119,16120,16121,16122,16123,16124,16125,16127,16128,16130,16131,16132,16133,16134,16135,16136,16137,16138,16139,16141,16142,16143,16144,16145,16146,16148,16150,16151,16152,16153,16154,16155,16157,16158,16160,16161,16162,16163,16164,16165,16166,16167,16168,16169,16170,16171,16173,16174,16175,16176,16177,16178,16180,16181,16182,16183,16184,16185,16186,16187,16188,16189,16190,16191,16192,16193,16194,16195,16196,16197,16198,16199,16200,16203,16204,16205,16206,16207,16208,16209,16210,16211,16212,16213,16215,16216,16217,16218,16220,16221,16222,16223,16224,16225,16227,16229,16230,16231,16232,16233,16234,16236,16237,16239,16240,16241,16242,16243,16244,16245,16246,16248,16249,16250,16251,16252,16253,16254,16255,16256,16258,16260,16261,16263,16264,16267,16268,16269,16270,16271,16272,16273,16275,16276,16277,16279,16280,16281,16282,16283,16284,16285,16286,16287,16289,16290,16291,16292,16293,16295,16297,16298,16300,16301,16302,16303,16304,16306,16307,16308,16310,16312,16315,16316,16317,16318,16320,16321,16323,16325,16326,16329,16330,16331,16334,16335,16336,16337,16338,16339,16340,16341,16342,16343,16345,16346,16347,16348,16349,16350,16352,16353,16354,16356,16357,16358,16359,16360,16361,16362,16363,16364,16365,16366,16368,16369,16370,16372,16373,16374,16375,16377,16378,16379,16380,16381,16382,16383,16384,16385,16387,16388,16389,16390,16392,16393,16394,16395,16396,16397,16398,16399,16400,16401,16402,16403,16404,16405,16406,16408,16409,16412,16413,16414,16415,16416,16418,16419,16420,16421,16422,16423,16424,16425}",SDED,2026-03-24 14:41:32.274366+01,gold_establishments_2025,,,,13001098600011,2025,Services de l'Etat,Département,['Charente'],['Nouvelle-Aquitaine'],DDT,{16},{75}
dfc6e753-c94f-4c5f-8c19-f4089ad44b28,130008634,DDT Cher,false,"{18001,18002,18003,18004,18005,18006,18007,18008,18009,18010,18011,18012,18013,18014,18015,18016,18017,18018,18019,18020,18021,18022,18023,18024,18025,18026,18027,18028,18029,18030,18031,18032,18033,18034,18035,18036,18037,18038,18039,18040,18041,18042,18043,18044,18045,18046,18047,18048,18049,18050,18051,18052,18053,18054,18055,18056,18057,18058,18059,18060,18061,18062,18063,18064,18065,18066,18067,18068,18069,18070,18071,18072,18073,18074,18075,18076,18077,18078,18079,18080,18081,18082,18083,18084,18085,18086,18087,18088,18089,18090,18091,18092,18093,18094,18095,18096,18097,18098,18099,18100,18101,18102,18103,18104,18105,18106,18107,18108,18109,18110,18111,18112,18113,18114,18115,18116,18117,18118,18119,18120,18121,18122,18124,18125,18126,18127,18128,18129,18130,18132,18133,18134,18135,18136,18137,18138,18139,18140,18141,18142,18143,18144,18145,18146,18147,18148,18149,18150,18151,18152,18153,18154,18155,18156,18157,18158,18159,18160,18161,18162,18163,18164,18165,18166,18167,18168,18169,18170,18171,18172,18173,18174,18175,18176,18177,18178,18179,18180,18181,18182,18183,18184,18185,18186,18187,18188,18189,18190,18191,18192,18193,18194,18195,18196,18197,18198,18199,18200,18201,18202,18203,18204,18205,18206,18207,18208,18209,18210,18211,18212,18213,18214,18215,18216,18217,18218,18219,18220,18221,18223,18224,18225,18226,18227,18228,18229,18230,18231,18232,18233,18234,18235,18236,18237,18238,18240,18241,18242,18243,18244,18245,18246,18247,18248,18249,18250,18251,18252,18253,18254,18255,18256,18257,18258,18259,18260,18261,18262,18263,18264,18265,18266,18267,18268,18269,18270,18271,18272,18273,18274,18275,18276,18277,18278,18279,18280,18281,18282,18283,18284,18285,18286,18287,18288,18289,18290}",SDED,2026-03-24 14:41:32.274366+01,gold_establishments_2025,,,,13000863400045,2025,Services de l'Etat,Département,['Cher'],['Centre-Val de Loire'],DDT,{18},{24}
88c41cda-e921-474e-8a6b-c1dedd96d0e5,130010903,DDT Corrèze,false,"{19001,19002,19003,19004,19005,19006,19007,19008,19009,19010,19011,19012,19013,19014,19015,19016,19017,19018,19019,19020,19021,19022,19023,19024,19025,19026,19027,19028,19029,19030,19031,19033,19034,19035,19036,19037,19038,19039,19040,19041,19042,19043,19044,19045,19046,19047,19048,19049,19050,19051,19052,19053,19054,19055,19056,19057,19058,19059,19060,19061,19062,19063,19064,19065,19066,19067,19068,19069,19070,19071,19072,19073,19074,19075,19076,19077,19078,19079,19080,19081,19082,19083,19084,19085,19086,19087,19088,19089,19090,19091,19093,19094,19095,19096,19097,19098,19099,19100,19101,19102,19103,19104,19105,19106,19107,19108,19109,19110,19111,19112,19113,19114,19115,19116,19117,19118,19119,19120,19121,19122,19123,19124,19125,19126,19128,19129,19130,19131,19132,19133,19134,19135,19136,19137,19138,19139,19140,19141,19142,19143,19144,19145,19146,19147,19148,19149,19150,19151,19152,19153,19154,19155,19156,19157,19158,19159,19160,19161,19162,19163,19164,19165,19166,19167,19168,19169,19170,19171,19172,19173,19174,19175,19176,19177,19178,19179,19180,19181,19182,19184,19186,19187,19188,19189,19190,19191,19192,19193,19194,19195,19196,19198,19199,19200,19201,19202,19203,19204,19205,19206,19207,19208,19209,19210,19211,19212,19213,19214,19215,19216,19217,19219,19220,19221,19222,19225,19226,19227,19228,19229,19231,19232,19233,19234,19235,19236,19237,19238,19239,19240,19241,19242,19243,19244,19245,19246,19247,19248,19249,19250,19251,19252,19253,19254,19255,19256,19257,19258,19259,19260,19261,19262,19263,19264,19265,19266,19268,19269,19270,19271,19272,19273,19274,19275,19276,19277,19278,19279,19280,19281,19283,19284,19285,19286,19287,19288,19289}","",2026-03-24 14:41:32.274366+01,gold_establishments_2025,,,,13001090300016,2025,Services de l'Etat,Département,['Corrèze'],['Nouvelle-Aquitaine'],DDT,{19},{75}
5ccc0dda-5299-4d17-abdd-b65d3664e026,130010812,DDT Corse-du-Sud,false,"{2A001,2A004,2A006,2A008,2A011,2A014,2A017,2A018,2A019,2A021,2A022,2A024,2A026,2A027,2A028,2A031,2A032,2A035,2A038,2A040,2A041,2A048,2A056,2A060,2A061,2A062,2A064,2A065,2A066,2A070,2A071,2A085,2A089,2A090,2A091,2A092,2A094,2A098,2A099,2A100,2A103,2A104,2A108,2A114,2A115,2A117,2A118,2A119,2A127,2A128,2A129,2A130,2A131,2A132,2A133,2A139,2A141,2A142,2A144,2A146,2A154,2A158,2A160,2A163,2A174,2A181,2A186,2A189,2A191,2A196,2A197,2A198,2A200,2A203,2A204,2A209,2A211,2A212,2A215,2A228,2A232,2A240,2A247,2A249,2A253,2A254,2A258,2A259,2A262,2A266,2A268,2A269,2A270,2A271,2A272,2A276,2A278,2A279,2A282,2A284,2A285,2A288,2A295,2A300,2A308,2A310,2A312,2A322,2A323,2A324,2A326,2A330,2A331,2A336,2A345,2A348,2A349,2A351,2A357,2A358,2A359,2A360,2A362,2A363}",SDED,2026-03-24 14:41:32.274366+01,gold_establishments_2025,,,,13001081200019,2025,Services de l'Etat,Département,['Corse-du-Sud'],['Corse'],DDT,{2A},{94}
478fefb8-31ba-4617-8b55-54c8cd6a1a9f,130009657,DDT Creuse,false,"{23001,23002,23003,23004,23005,23006,23007,23008,23009,23010,23011,23012,23013,23014,23015,23016,23017,23018,23019,23020,23021,23022,23024,23025,23026,23027,23028,23029,23030,23031,23032,23033,23034,23035,23036,23037,23038,23039,23040,23041,23042,23043,23044,23045,23046,23047,23048,23049,23050,23051,23052,23053,23054,23055,23056,23057,23058,23059,23060,23061,23062,23063,23064,23065,23066,23067,23068,23069,23070,23071,23072,23073,23074,23075,23076,23077,23078,23079,23080,23081,23082,23083,23084,23086,23087,23088,23089,23090,23091,23092,23093,23095,23096,23097,23098,23099,23100,23101,23102,23103,23104,23105,23106,23107,23108,23109,23110,23111,23112,23113,23114,23115,23116,23117,23118,23119,23120,23122,23123,23124,23125,23127,23128,23129,23130,23131,23132,23133,23134,23136,23137,23138,23139,23140,23141,23142,23143,23144,23145,23146,23147,23148,23149,23150,23151,23152,23154,23155,23156,23157,23158,23159,23160,23162,23164,23165,23166,23167,23168,23169,23170,23171,23172,23173,23174,23175,23176,23177,23178,23179,23180,23181,23182,23183,23184,23185,23186,23187,23188,23189,23190,23191,23192,23193,23194,23195,23196,23197,23198,23199,23200,23201,23202,23203,23204,23205,23206,23207,23208,23209,23210,23211,23212,23213,23214,23215,23216,23217,23218,23219,23220,23221,23222,23223,23224,23225,23226,23227,23228,23229,23230,23232,23233,23234,23235,23236,23237,23238,23239,23240,23241,23242,23243,23244,23245,23246,23247,23248,23249,23250,23251,23252,23253,23254,23255,23257,23258,23259,23260,23261,23262,23263,23264,23265,23266}",SDED,2026-03-24 14:41:32.274366+01,gold_establishments_2025,,,,13000965700011,2025,Services de l'Etat,Département,['Creuse'],['Nouvelle-Aquitaine'],DDT,{23},{75}
8348b092-ad48-438c-a430-0eb859b0ed61,130009525,DDT Côte-dOr,false,"{21001,21002,21003,21004,21005,21006,21007,21008,21009,21010,21011,21012,21013,21014,21015,21016,21017,21018,21020,21021,21022,21023,21024,21025,21026,21027,21028,21029,21030,21031,21032,21033,21034,21035,21036,21037,21038,21039,21040,21041,21042,21043,21044,21045,21046,21047,21048,21049,21050,21051,21052,21053,21054,21055,21056,21057,21058,21059,21060,21061,21062,21063,21064,21065,21066,21067,21068,21069,21070,21071,21072,21074,21075,21076,21077,21078,21079,21080,21081,21082,21083,21084,21085,21086,21087,21088,21089,21090,21091,21092,21093,21094,21095,21096,21097,21098,21099,21100,21101,21102,21103,21104,21105,21106,21107,21108,21109,21110,21111,21112,21113,21114,21115,21116,21117,21118,21119,21120,21121,21122,21123,21124,21125,21126,21127,21128,21129,21130,21131,21132,21133,21134,21135,21136,21137,21138,21139,21140,21141,21142,21143,21144,21145,21146,21147,21148,21149,21150,21151,21152,21153,21154,21155,21156,21157,21158,21159,21160,21161,21162,21163,21164,21165,21166,21167,21168,21169,21170,21171,21172,21173,21175,21176,21177,21178,21179,21180,21181,21182,21183,21184,21185,21186,21187,21189,21190,21191,21192,21193,21194,21195,21196,21197,21198,21199,21200,21201,21202,21203,21204,21205,21207,21208,21209,21210,21211,21212,21214,21215,21216,21217,21218,21219,21220,21221,21222,21223,21224,21225,21226,21227,21228,21229,21230,21231,21232,21233,21234,21235,21236,21237,21238,21239,21240,21241,21242,21243,21244,21245,21246,21247,21248,21249,21250,21251,21252,21253,21254,21255,21256,21257,21258,21259,21260,21261,21262,21263,21264,21265,21266,21267,21268,21269,21270,21271,21272,21273,21274,21275,21276,21277,21278,21279,21280,21281,21282,21283,21284,21285,21286,21287,21288,21289,21290,21291,21292,21293,21294,21295,21296,21297,21298,21299,21300,21301,21302,21303,21304,21305,21306,21307,21308,21309,21310,21311,21312,21313,21314,21315,21316,21317,21319,21320,21321,21322,21323,21324,21325,21326,21327,21328,21329,21330,21331,21332,21333,21334,21335,21336,21337,21338,21339,21340,21341,21342,21343,21344,21345,21346,21347,21348,21349,21350,21351,21352,21353,21354,21355,21356,21357,21358,21359,21360,21361,21362,21363,21364,21365,21366,21367,21368,21369,21370,21371,21372,21373,21374,21375,21376,21377,21378,21379,21380,21381,21382,21383,21384,21385,21386,21387,21388,21389,21390,21391,21392,21393,21394,21395,21396,21397,21398,21399,21400,21401,21402,21403,21404,21405,21406,21407,21408,21409,21410,21411,21412,21413,21414,21415,21416,21417,21418,21419,21420,21421,21422,21423,21424,21425,21426,21427,21428,21429,21430,21431,21432,21433,21434,21435,21436,21437,21438,21439,21440,21441,21442,21444,21445,21446,21447,21448,21449,21450,21451,21452,21454,21455,21456,21457,21458,21459,21460,21461,21462,21463,21464,21465,21466,21467,21468,21469,21470,21471,21472,21473,21474,21475,21476,21477,21478,21479,21480,21481,21482,21483,21484,21485,21487,21488,21489,21490,21491,21492,21493,21494,21495,21496,21497,21498,21499,21500,21501,21502,21503,21504,21505,21506,21508,21510,21511,21512,21514,21515,21516,21517,21518,21519,21520,21521,21522,21523,21524,21525,21526,21527,21528,21529,21530,21531,21532,21533,21534,21535,21536,21537,21538,21539,21540,21541,21542,21543,21544,21545,21546,21547,21548,21549,21550,21552,21553,21554,21555,21556,21557,21558,21559,21560,21561,21562,21563,21564,21565,21566,21567,21568,21569,21570,21571,21572,21573,21574,21575,21576,21577,21578,21579,21580,21581,21582,21583,21584,21585,21586,21587,21588,21589,21590,21591,21592,21593,21594,21595,21596,21597,21598,21599,21600,21601,21602,21603,21604,21605,21606,21607,21608,21609,21610,21611,21612,21613,21614,21615,21616,21617,21618,21619,21620,21622,21623,21624,21625,21626,21627,21628,21629,21630,21631,21632,21633,21634,21635,21636,21637,21638,21639,21640,21641,21642,21643,21644,21645,21646,21647,21648,21649,21650,21651,21652,21653,21655,21656,21657,21659,21660,21661,21662,21663,21664,21665,21666,21667,21669,21670,21671,21672,21673,21674,21675,21676,21677,21678,21679,21680,21681,21682,21683,21684,21685,21686,21687,21688,21689,21690,21691,21692,21693,21694,21695,21696,21698,21699,21700,21701,21702,21703,21704,21705,21706,21707,21708,21709,21710,21711,21712,21713,21714,21715,21716,21717}",SDED,2026-03-24 14:41:32.274366+01,gold_establishments_2025,,,,13000952500010,2025,Services de l'Etat,Département,['Côte-dOr'],['Bourgogne-Franche-Comté'],DDT,{21},{27}
3ebcec47-d66c-4d11-8b03-bf482de00cd1,130009616,DDT Deux-Sèvres,false,"{79001,79002,79003,79005,79007,79008,79009,79010,79012,79013,79014,79015,79016,79018,79019,79020,79022,79023,79024,79025,79029,79030,79031,79032,79034,79038,79040,79042,79046,79047,79048,79049,79050,79055,79056,79057,79058,79059,79061,79062,79063,79064,79066,79069,79070,79071,79074,79076,79077,79078,79079,79080,79081,79083,79084,79085,79086,79087,79088,79089,79090,79091,79092,79094,79095,79096,79100,79101,79102,79103,79104,79105,79106,79108,79109,79111,79112,79114,79115,79116,79117,79118,79119,79120,79121,79122,79123,79124,79125,79126,79127,79128,79129,79130,79131,79132,79133,79134,79135,79136,79137,79139,79140,79141,79142,79144,79145,79147,79148,79149,79150,79152,79153,79154,79156,79157,79158,79159,79160,79161,79162,79163,79164,79165,79166,79167,79170,79172,79174,79175,79176,79177,79179,79183,79184,79185,79189,79190,79191,79195,79196,79197,79198,79200,79201,79202,79203,79204,79207,79208,79209,79210,79213,79215,79216,79217,79218,79220,79223,79225,79226,79229,79230,79231,79235,79236,79238,79239,79241,79242,79243,79244,79246,79249,79250,79251,79252,79253,79254,79255,79256,79257,79258,79259,79263,79265,79267,79268,79269,79270,79271,79273,79274,79276,79277,79278,79280,79281,79283,79284,79285,79286,79289,79290,79293,79294,79295,79297,79298,79299,79300,79301,79302,79303,79304,79306,79307,79308,79309,79310,79311,79312,79313,79316,79319,79320,79322,79326,79329,79331,79332,79334,79335,79336,79337,79338,79339,79340,79341,79342,79343,79345,79346,79347,79348,79349,79350,79351,79352,79354,79355,79357}",SDED,2026-03-24 14:41:32.274366+01,gold_establishments_2025,,,,13000961600017,2025,Services de l'Etat,Département,['Deux-Sèvres'],['Nouvelle-Aquitaine'],DDT,{79},{75}
d2daae14-b5d3-4146-b48c-1c7ac00e278b,130010820,DDT Dordogne,false,"{24001,24002,24004,24005,24006,24007,24008,24009,24010,24011,24012,24014,24015,24016,24018,24019,24020,24021,24022,24023,24024,24025,24026,24027,24028,24029,24030,24031,24032,24034,24035,24036,24037,24038,24039,24040,24042,24043,24045,24046,24048,24050,24051,24052,24053,24054,24055,24056,24057,24058,24059,24060,24061,24062,24063,24064,24066,24067,24068,24069,24070,24071,24073,24074,24075,24076,24077,24080,24081,24082,24083,24084,24085,24086,24087,24088,24090,24091,24094,24095,24096,24097,24098,24100,24101,24102,24104,24105,24106,24107,24108,24109,24110,24111,24113,24114,24115,24116,24117,24119,24120,24121,24122,24123,24124,24126,24128,24129,24130,24131,24132,24133,24134,24135,24136,24137,24138,24139,24140,24141,24142,24143,24144,24145,24146,24147,24148,24150,24151,24152,24153,24154,24155,24156,24157,24158,24159,24160,24161,24162,24163,24164,24165,24167,24168,24171,24172,24174,24175,24176,24177,24179,24180,24182,24183,24184,24186,24188,24189,24190,24191,24192,24193,24194,24195,24196,24197,24199,24200,24202,24205,24206,24207,24208,24209,24210,24211,24212,24213,24214,24215,24216,24217,24218,24220,24221,24222,24223,24224,24225,24226,24227,24228,24229,24230,24231,24232,24234,24236,24237,24238,24240,24241,24242,24243,24244,24245,24246,24247,24248,24251,24252,24253,24254,24255,24256,24257,24259,24260,24261,24262,24263,24264,24266,24267,24268,24269,24271,24272,24273,24274,24276,24277,24278,24279,24280,24281,24282,24284,24285,24286,24287,24288,24289,24290,24291,24292,24293,24294,24295,24296,24297,24299,24300,24301,24302,24303,24304,24305,24306,24307,24308,24309,24311,24312,24313,24316,24317,24318,24319,24320,24321,24322,24323,24324,24325,24326,24327,24328,24329,24330,24331,24334,24335,24336,24337,24338,24339,24340,24341,24345,24346,24347,24348,24349,24350,24351,24352,24353,24354,24355,24356,24357,24359,24360,24361,24362,24364,24365,24366,24367,24370,24371,24372,24373,24374,24375,24376,24377,24378,24379,24380,24381,24382,24383,24384,24385,24386,24388,24390,24392,24393,24394,24395,24396,24397,24398,24399,24401,24403,24404,24405,24406,24407,24408,24409,24410,24411,24412,24413,24414,24415,24416,24417,24418,24419,24420,24421,24422,24423,24424,24425,24426,24428,24429,24432,24434,24436,24437,24438,24441,24442,24443,24444,24445,24446,24448,24449,24450,24451,24452,24453,24454,24455,24456,24457,24458,24459,24460,24461,24462,24463,24464,24465,24466,24468,24470,24471,24472,24473,24474,24476,24477,24478,24479,24480,24481,24482,24483,24484,24485,24486,24487,24488,24489,24490,24491,24492,24493,24494,24495,24496,24498,24499,24500,24501,24502,24504,24505,24507,24508,24509,24510,24511,24512,24513,24514,24515,24516,24517,24518,24519,24520,24521,24522,24523,24524,24525,24526,24527,24528,24529,24531,24532,24533,24534,24535,24536,24537,24538,24540,24541,24542,24543,24544,24545,24546,24547,24548,24549,24550,24551,24552,24553,24554,24555,24557,24558,24559,24560,24562,24563,24564,24565,24566,24567,24568,24569,24570,24571,24572,24573,24574,24575,24576,24577,24580,24581,24582,24584,24585,24586,24587}",SDED,2026-03-24 14:41:32.274366+01,gold_establishments_2025,,,,13001082000012,2025,Services de l'Etat,Département,['Dordogne'],['Nouvelle-Aquitaine'],DDT,{24},{75}
1935a532-73f9-4c3a-96c5-059a7a1b3e20,130009988,DDT Doubs,false,"{25001,25002,25003,25004,25005,25006,25007,25008,25009,25011,25012,25013,25014,25015,25016,25017,25018,25019,25020,25021,25022,25024,25025,25026,25029,25030,25031,25032,25033,25035,25036,25038,25039,25040,25041,25042,25043,25044,25045,25046,25047,25048,25049,25050,25051,25052,25053,25054,25055,25056,25057,25058,25059,25060,25061,25062,25063,25065,25066,25067,25070,25071,25072,25073,25074,25075,25077,25078,25079,25082,25083,25084,25085,25086,25087,25088,25089,25090,25091,25092,25093,25094,25095,25096,25097,25098,25099,25100,25101,25102,25103,25104,25105,25106,25107,25108,25109,25110,25111,25112,25113,25114,25115,25116,25117,25119,25120,25121,25122,25124,25125,25126,25127,25129,25130,25131,25132,25133,25136,25138,25139,25141,25142,25143,25145,25147,25148,25149,25150,25151,25152,25153,25154,25155,25156,25157,25159,25160,25161,25162,25163,25164,25166,25170,25171,25172,25173,25174,25175,25176,25177,25178,25179,25180,25181,25182,25183,25184,25185,25186,25187,25188,25189,25190,25191,25192,25193,25194,25195,25196,25197,25198,25199,25200,25201,25202,25203,25204,25207,25208,25209,25210,25211,25212,25213,25214,25215,25216,25217,25218,25219,25220,25221,25222,25223,25224,25225,25226,25227,25228,25229,25230,25231,25232,25233,25234,25235,25236,25237,25238,25239,25240,25241,25242,25243,25244,25245,25246,25247,25248,25249,25251,25252,25253,25254,25255,25256,25257,25258,25259,25261,25262,25263,25264,25265,25266,25267,25268,25269,25270,25271,25273,25274,25275,25276,25277,25278,25279,25280,25281,25283,25284,25285,25286,25287,25288,25289,25290,25293,25295,25296,25298,25299,25300,25301,25304,25305,25306,25307,25308,25309,25310,25311,25312,25313,25314,25315,25316,25317,25318,25320,25321,25322,25323,25324,25325,25326,25327,25328,25329,25330,25331,25332,25333,25334,25335,25336,25338,25339,25340,25341,25342,25343,25344,25345,25346,25348,25349,25350,25351,25354,25355,25356,25357,25359,25360,25361,25362,25364,25365,25366,25367,25368,25369,25370,25371,25372,25373,25374,25375,25376,25377,25378,25379,25380,25381,25382,25383,25384,25385,25386,25387,25388,25389,25390,25391,25392,25393,25394,25395,25397,25400,25401,25402,25403,25404,25405,25406,25408,25410,25411,25413,25414,25415,25416,25417,25418,25419,25420,25421,25422,25424,25425,25426,25427,25428,25429,25430,25431,25432,25433,25434,25435,25436,25437,25438,25439,25440,25441,25442,25443,25444,25445,25446,25447,25448,25449,25450,25451,25452,25453,25454,25455,25456,25457,25458,25459,25460,25461,25462,25463,25464,25465,25466,25467,25468,25469,25470,25471,25472,25473,25474,25475,25476,25477,25478,25479,25481,25482,25483,25485,25486,25487,25488,25489,25490,25491,25492,25493,25494,25495,25496,25497,25498,25499,25500,25501,25502,25503,25504,25505,25506,25507,25508,25510,25511,25512,25513,25514,25515,25516,25517,25518,25519,25520,25521,25522,25523,25524,25525,25526,25527,25528,25529,25532,25534,25535,25536,25537,25538,25539,25540,25541,25542,25544,25545,25546,25547,25548,25550,25551,25552,25553,25554,25555,25556,25557,25558,25559,25560,25561,25562,25563,25564,25565,25566,25567,25569,25570,25571,25572,25573,25574,25575,25578,25579,25580,25582,25583,25584,25586,25588,25589,25590,25591,25592,25594,25595,25596,25597,25598,25599,25600,25601,25602,25604,25605,25607,25608,25609,25611,25612,25613,25614,25615,25616,25617,25618,25619,25621,25622,25623,25624,25625,25626,25627,25629,25630,25631,25632,25633,25634,25635}",SDED,2026-03-24 14:41:32.274366+01,gold_establishments_2025,,,,13000998800135,2025,Services de l'Etat,Département,['Doubs'],['Bourgogne-Franche-Comté'],DDT,{25},{27}
714e6a5b-0685-42ce-bd83-069f5f94e35a,130007750,DDT Drôme,false,"{26001,26002,26003,26004,26005,26006,26007,26008,26009,26010,26011,26012,26013,26014,26015,26016,26017,26018,26019,26020,26021,26022,26023,26024,26025,26026,26027,26028,26030,26031,26032,26033,26034,26035,26036,26037,26038,26039,26040,26041,26042,26043,26045,26046,26047,26048,26049,26050,26051,26052,26054,26055,26056,26057,26058,26059,26060,26061,26062,26063,26064,26065,26066,26067,26068,26069,26070,26071,26072,26073,26074,26075,26076,26077,26078,26079,26080,26081,26082,26083,26084,26085,26086,26087,26088,26089,26090,26091,26092,26093,26094,26095,26096,26097,26098,26099,26100,26101,26102,26103,26104,26105,26106,26107,26108,26110,26111,26112,26113,26114,26115,26116,26117,26118,26119,26121,26122,26123,26124,26125,26126,26127,26128,26129,26130,26131,26133,26134,26135,26136,26137,26138,26139,26140,26141,26142,26143,26144,26145,26146,26147,26148,26149,26150,26152,26153,26154,26155,26156,26157,26159,26160,26161,26162,26163,26164,26165,26166,26167,26168,26169,26170,26171,26172,26173,26174,26175,26176,26177,26178,26179,26180,26181,26182,26183,26185,26186,26188,26189,26190,26191,26192,26193,26194,26195,26196,26197,26198,26199,26200,26201,26202,26203,26204,26205,26206,26207,26208,26209,26210,26211,26212,26213,26214,26215,26216,26217,26218,26220,26221,26222,26223,26224,26225,26226,26227,26228,26229,26231,26232,26233,26234,26235,26236,26238,26239,26240,26241,26242,26243,26244,26245,26246,26247,26248,26249,26250,26251,26252,26253,26254,26255,26256,26257,26258,26259,26261,26262,26263,26264,26266,26267,26268,26269,26270,26271,26272,26273,26274,26275,26276,26277,26278,26279,26281,26282,26283,26284,26285,26286,26287,26288,26289,26290,26291,26292,26293,26294,26295,26296,26298,26299,26300,26301,26302,26303,26304,26305,26306,26307,26308,26309,26310,26311,26312,26313,26314,26315,26316,26317,26318,26319,26320,26321,26322,26323,26324,26325,26326,26327,26328,26329,26330,26331,26332,26333,26334,26335,26336,26337,26338,26339,26340,26341,26342,26343,26344,26345,26346,26347,26348,26349,26350,26351,26352,26353,26355,26356,26357,26358,26359,26360,26361,26362,26363,26364,26365,26367,26368,26369,26370,26372,26373,26374,26375,26376,26377,26378,26379,26380,26381,26382}",SDED,2026-03-24 14:41:32.274366+01,gold_establishments_2025,,,,13000775000016,2025,Services de l'Etat,Département,['Drôme'],['Auvergne-Rhône-Alpes'],DDT,{26},{84}
bbe6d3a9-9ef0-4f4d-a773-c580822e271d,130012107,DDT Essonne,false,"{91001,91016,91017,91021,91022,91027,91035,91037,91038,91041,91044,91045,91047,91064,91067,91069,91075,91079,91080,91081,91085,91086,91093,91095,91097,91098,91099,91100,91103,91105,91106,91109,91111,91112,91114,91115,91121,91122,91129,91130,91131,91132,91135,91136,91137,91145,91148,91156,91159,91161,91174,91175,91179,91180,91184,91186,91191,91195,91198,91200,91201,91204,91207,91215,91216,91223,91225,91226,91228,91232,91235,91240,91243,91244,91247,91248,91249,91272,91273,91274,91275,91284,91286,91292,91293,91294,91312,91315,91318,91319,91326,91330,91332,91333,91338,91339,91340,91345,91347,91359,91363,91374,91376,91377,91378,91386,91390,91393,91399,91405,91408,91411,91412,91414,91421,91425,91432,91433,91434,91435,91441,91457,91458,91461,91463,91468,91469,91471,91473,91477,91479,91482,91494,91495,91507,91508,91511,91514,91519,91521,91525,91526,91533,91534,91538,91540,91544,91546,91547,91549,91552,91553,91556,91560,91568,91570,91573,91577,91578,91579,91581,91587,91589,91593,91599,91600,91602,91613,91617,91619,91629,91630,91631,91634,91635,91639,91645,91648,91649,91654,91657,91659,91661,91662,91665,91666,91667,91671,91679,91685,91687,91689,91691,91692}",SDED,2026-03-24 14:41:32.274366+01,gold_establishments_2025,,,,13001210700012,2025,Services de l'Etat,Département,['Essonne'],['Île-de-France'],DDT,{91},{11}
5a9bc07b-28c5-4de5-9bc7-f576c6736617,130011158,DDT Eure,false,"{27001,27002,27003,27004,27005,27006,27008,27009,27010,27011,27012,27013,27014,27015,27016,27017,27018,27019,27020,27021,27022,27023,27025,27026,27027,27028,27031,27032,27033,27034,27035,27036,27037,27038,27039,27040,27042,27043,27044,27045,27046,27047,27048,27049,27050,27051,27052,27053,27054,27055,27056,27057,27059,27061,27062,27063,27064,27065,27066,27067,27068,27069,27070,27071,27072,27073,27074,27075,27076,27077,27078,27079,27081,27082,27083,27085,27089,27090,27091,27094,27095,27096,27097,27098,27099,27100,27101,27102,27103,27104,27105,27106,27107,27108,27109,27110,27111,27112,27113,27114,27115,27116,27117,27118,27119,27120,27123,27124,27125,27126,27127,27129,27130,27132,27133,27134,27135,27136,27137,27138,27139,27140,27141,27142,27144,27146,27147,27148,27149,27151,27152,27153,27154,27155,27156,27157,27158,27161,27162,27163,27164,27165,27167,27168,27169,27170,27171,27173,27174,27176,27177,27179,27180,27181,27182,27183,27184,27185,27187,27188,27189,27190,27191,27192,27193,27194,27196,27198,27199,27200,27201,27202,27203,27204,27205,27206,27207,27208,27209,27210,27212,27213,27214,27215,27216,27217,27218,27219,27220,27222,27224,27226,27227,27228,27229,27230,27231,27232,27233,27234,27235,27237,27238,27239,27240,27241,27242,27243,27245,27246,27247,27248,27249,27251,27252,27254,27256,27258,27259,27260,27261,27263,27266,27267,27269,27271,27273,27275,27276,27277,27278,27279,27280,27281,27282,27284,27285,27286,27287,27288,27289,27290,27291,27294,27295,27298,27299,27300,27301,27302,27304,27306,27307,27309,27310,27311,27312,27313,27315,27316,27317,27318,27319,27320,27321,27322,27323,27324,27325,27326,27327,27329,27330,27331,27332,27333,27334,27335,27336,27337,27338,27339,27340,27341,27342,27343,27345,27346,27347,27348,27349,27350,27351,27353,27354,27355,27358,27359,27360,27361,27363,27364,27365,27366,27367,27368,27369,27370,27371,27372,27373,27374,27375,27376,27377,27378,27379,27380,27381,27382,27383,27384,27385,27386,27388,27389,27390,27391,27392,27393,27394,27395,27396,27397,27398,27399,27400,27401,27403,27404,27405,27406,27407,27408,27410,27411,27412,27413,27414,27415,27417,27418,27419,27420,27421,27422,27423,27424,27425,27426,27427,27428,27429,27430,27431,27432,27433,27434,27435,27436,27437,27438,27439,27440,27441,27442,27444,27445,27446,27447,27448,27451,27453,27454,27455,27456,27457,27458,27459,27460,27462,27463,27464,27465,27466,27467,27468,27469,27470,27471,27472,27473,27474,27475,27476,27477,27478,27480,27481,27482,27483,27485,27486,27487,27488,27489,27490,27492,27493,27495,27496,27497,27498,27500,27501,27502,27504,27505,27507,27508,27511,27512,27514,27516,27517,27518,27520,27521,27522,27524,27525,27527,27528,27529,27530,27531,27533,27534,27535,27536,27537,27538,27539,27540,27541,27542,27543,27544,27545,27546,27547,27548,27550,27552,27553,27554,27555,27556,27557,27558,27560,27561,27562,27563,27564,27565,27567,27568,27569,27570,27571,27572,27576,27577,27578,27579,27580,27582,27584,27586,27587,27589,27590,27591,27592,27593,27594,27595,27597,27598,27599,27601,27602,27603,27604,27605,27606,27608,27609,27610,27611,27612,27613,27614,27615,27616,27617,27618,27620,27621,27622,27623,27624,27625,27627,27629,27630,27631,27632,27633,27635,27638,27640,27641,27643,27644,27645,27646,27649,27650,27652,27654,27655,27656,27658,27659,27660,27661,27662,27663,27664,27665,27666,27667,27668,27669,27670,27671,27672,27673,27674,27676,27677,27678,27679,27680,27681,27682,27683,27684,27685,27686,27689,27690,27691,27692,27693,27694,27695,27696,27697,27698,27699,27700,27701}",SDED,2026-03-24 14:41:32.274366+01,gold_establishments_2025,,,,13001115800016,2025,Services de l'Etat,Département,['Eure'],['Normandie'],DDT,{27},{28}
69472780-913b-4d94-b2eb-600cea28f443,130009061,DDT Eure-et-Loir,false,"{28001,28003,28004,28005,28006,28007,28008,28009,28010,28012,28013,28014,28015,28016,28018,28019,28021,28022,28023,28024,28026,28027,28028,28029,28030,28031,28032,28033,28034,28035,28036,28037,28038,28039,28040,28041,28045,28046,28047,28048,28049,28050,28051,28052,28053,28054,28055,28056,28057,28058,28059,28060,28061,28062,28064,28065,28067,28068,28070,28071,28072,28073,28074,28075,28076,28077,28078,28079,28080,28081,28082,28084,28085,28086,28087,28088,28089,28090,28091,28092,28094,28095,28096,28098,28099,28100,28102,28103,28104,28105,28106,28107,28108,28109,28110,28111,28113,28114,28116,28117,28118,28119,28120,28121,28122,28123,28124,28126,28127,28128,28129,28130,28132,28134,28135,28136,28137,28139,28140,28141,28142,28143,28144,28146,28147,28148,28149,28151,28153,28154,28155,28156,28157,28158,28159,28160,28161,28162,28163,28164,28166,28167,28168,28169,28170,28171,28172,28173,28175,28176,28177,28178,28180,28182,28183,28184,28185,28187,28188,28189,28190,28191,28192,28193,28194,28195,28196,28197,28198,28199,28200,28201,28202,28203,28206,28207,28208,28209,28210,28211,28212,28213,28214,28215,28216,28217,28218,28219,28220,28221,28222,28223,28225,28226,28227,28229,28230,28231,28232,28233,28234,28235,28236,28237,28239,28240,28242,28243,28245,28246,28247,28248,28249,28251,28252,28253,28254,28255,28256,28257,28259,28260,28261,28263,28264,28265,28267,28268,28269,28270,28271,28272,28273,28274,28275,28277,28278,28279,28280,28281,28282,28283,28284,28285,28286,28287,28289,28290,28291,28292,28293,28294,28296,28298,28299,28300,28301,28302,28303,28304,28305,28306,28308,28309,28310,28312,28313,28314,28315,28316,28317,28319,28321,28322,28323,28324,28325,28326,28327,28329,28330,28331,28332,28333,28334,28335,28336,28337,28339,28341,28342,28343,28344,28346,28347,28348,28349,28350,28351,28352,28353,28354,28355,28357,28358,28359,28360,28362,28363,28364,28365,28366,28367,28368,28369,28370,28371,28372,28373,28374,28375,28377,28378,28379,28380,28382,28383,28385,28386,28387,28388,28389,28390,28391,28392,28393,28394,28395,28396,28397,28398,28400,28401,28403,28404,28405,28406,28407,28408,28409,28410,28411,28414,28415,28417,28418,28419,28421,28422,28423,28424,28425,28426}",SDED,2026-03-24 14:41:32.274366+01,gold_establishments_2025,,,,13000906100016,2025,Services de l'Etat,Département,['Eure-et-Loir'],['Centre-Val de Loire'],DDT,{28},{24}
fdde0731-2e9f-4a5a-8ee5-9bf5ebe46c28,130008642,DDT Gers,false,"{32001,32002,32003,32004,32005,32007,32008,32009,32010,32012,32013,32014,32015,32016,32017,32018,32019,32020,32021,32022,32023,32024,32025,32026,32027,32028,32029,32030,32031,32032,32033,32034,32035,32036,32037,32038,32039,32040,32041,32042,32043,32044,32045,32046,32047,32048,32049,32050,32051,32052,32053,32054,32055,32056,32057,32058,32059,32060,32061,32062,32063,32064,32065,32066,32068,32069,32070,32071,32072,32073,32075,32076,32077,32078,32079,32080,32081,32082,32083,32084,32085,32086,32087,32088,32089,32090,32091,32092,32093,32094,32095,32096,32097,32098,32099,32100,32101,32102,32103,32104,32105,32106,32107,32108,32109,32110,32111,32112,32113,32114,32115,32116,32117,32118,32119,32120,32121,32122,32123,32124,32125,32126,32127,32128,32129,32130,32131,32132,32133,32134,32135,32136,32138,32139,32140,32141,32142,32143,32144,32145,32146,32147,32148,32149,32150,32151,32152,32153,32154,32155,32156,32157,32158,32159,32160,32161,32162,32163,32164,32165,32166,32167,32169,32170,32171,32172,32173,32174,32175,32176,32177,32178,32180,32181,32182,32183,32184,32185,32186,32187,32188,32189,32190,32191,32192,32193,32194,32195,32196,32197,32198,32199,32200,32201,32202,32203,32204,32205,32206,32207,32208,32209,32210,32211,32212,32213,32214,32215,32216,32217,32218,32219,32220,32221,32222,32223,32224,32225,32226,32227,32228,32229,32230,32231,32232,32233,32234,32235,32236,32237,32238,32239,32240,32241,32242,32243,32244,32245,32246,32247,32248,32249,32250,32251,32252,32253,32254,32255,32256,32257,32258,32261,32262,32263,32264,32265,32266,32267,32268,32269,32270,32271,32272,32273,32274,32275,32276,32277,32278,32279,32280,32281,32282,32283,32284,32285,32286,32287,32288,32289,32290,32291,32292,32293,32294,32295,32296,32297,32298,32299,32300,32301,32302,32303,32304,32305,32306,32307,32308,32309,32310,32311,32312,32313,32314,32315,32316,32317,32318,32319,32320,32321,32322,32323,32324,32325,32326,32327,32328,32329,32330,32331,32332,32333,32334,32335,32336,32337,32338,32339,32340,32341,32342,32343,32344,32345,32346,32347,32348,32349,32350,32351,32352,32353,32354,32355,32356,32357,32358,32359,32360,32361,32362,32363,32364,32365,32366,32367,32368,32369,32370,32371,32372,32373,32374,32375,32376,32377,32378,32379,32380,32381,32382,32383,32384,32385,32386,32387,32388,32389,32390,32391,32392,32393,32394,32395,32396,32397,32398,32399,32400,32401,32402,32403,32404,32405,32406,32407,32408,32409,32410,32411,32412,32414,32415,32416,32417,32418,32419,32420,32421,32422,32423,32424,32425,32426,32427,32428,32429,32430,32431,32432,32433,32434,32435,32436,32437,32438,32439,32440,32441,32442,32443,32444,32445,32446,32447,32448,32449,32450,32451,32452,32453,32454,32455,32456,32457,32458,32459,32460,32461,32462,32463,32464,32465,32466,32467,32468}",SDED,2026-03-24 14:41:32.274366+01,gold_establishments_2025,,,,13000864200014,2025,Services de l'Etat,Département,['Gers'],['Occitanie'],DDT,{32},{76}
a51bd543-de1c-4a72-aed3-4c1db3e5b42e,130011083,DDT Haut-Rhin,false,"{68001,68002,68004,68005,68006,68007,68008,68009,68010,68011,68012,68013,68014,68015,68016,68017,68018,68019,68020,68021,68022,68023,68024,68025,68026,68027,68028,68029,68030,68032,68033,68034,68035,68036,68037,68038,68039,68040,68041,68042,68043,68044,68045,68046,68049,68050,68051,68052,68054,68055,68056,68057,68058,68059,68060,68061,68062,68063,68064,68065,68066,68067,68068,68069,68071,68072,68073,68074,68075,68076,68077,68078,68079,68080,68081,68082,68083,68084,68085,68086,68087,68088,68089,68090,68091,68092,68093,68094,68095,68096,68097,68098,68099,68100,68101,68102,68103,68104,68105,68106,68107,68109,68110,68111,68112,68113,68114,68115,68116,68117,68118,68119,68120,68121,68122,68123,68124,68125,68126,68127,68128,68129,68130,68131,68132,68134,68135,68136,68137,68138,68139,68140,68141,68142,68143,68144,68145,68146,68147,68148,68149,68150,68151,68152,68153,68154,68155,68156,68157,68158,68159,68160,68161,68162,68163,68165,68166,68167,68168,68169,68170,68171,68172,68173,68174,68175,68176,68177,68178,68179,68180,68181,68182,68183,68184,68185,68186,68187,68188,68189,68190,68191,68192,68193,68194,68195,68196,68197,68198,68199,68200,68201,68202,68203,68204,68205,68207,68208,68209,68210,68211,68212,68213,68214,68215,68216,68217,68218,68219,68221,68222,68223,68224,68225,68226,68227,68228,68229,68230,68231,68232,68234,68235,68237,68238,68239,68240,68241,68242,68243,68244,68245,68246,68247,68248,68249,68250,68251,68252,68253,68254,68255,68256,68257,68258,68259,68260,68261,68262,68263,68264,68265,68266,68267,68268,68269,68270,68271,68273,68274,68275,68276,68277,68278,68279,68280,68281,68282,68283,68284,68285,68286,68287,68288,68289,68290,68291,68292,68293,68294,68295,68296,68297,68298,68299,68300,68301,68302,68303,68304,68305,68306,68307,68308,68309,68311,68312,68313,68315,68316,68317,68318,68320,68321,68322,68323,68324,68325,68326,68327,68328,68329,68330,68331,68332,68333,68334,68335,68336,68337,68338,68340,68341,68342,68343,68344,68345,68347,68348,68349,68350,68351,68352,68353,68354,68355,68356,68357,68358,68359,68360,68361,68362,68363,68364,68365,68366,68367,68368,68370,68371,68372,68373,68374,68375,68376,68377,68378,68379,68380,68381,68382,68383,68384,68385,68386}",SDED,2026-03-24 14:41:32.274366+01,gold_establishments_2025,,,,13001108300016,2025,Services de l'Etat,Département,['Haut-Rhin'],['Grand Est'],DDT,{68},{44}
042024ff-1f53-43dd-bc9f-3b30c1d41f42,130010911,DDT Haute-Corse,false,"{2B002,2B003,2B005,2B007,2B009,2B010,2B012,2B013,2B015,2B016,2B020,2B023,2B025,2B029,2B030,2B033,2B034,2B036,2B037,2B039,2B042,2B043,2B045,2B046,2B047,2B049,2B050,2B051,2B052,2B053,2B054,2B055,2B057,2B058,2B059,2B063,2B067,2B068,2B069,2B072,2B073,2B074,2B075,2B077,2B078,2B079,2B080,2B081,2B082,2B083,2B084,2B086,2B087,2B088,2B093,2B095,2B096,2B097,2B101,2B102,2B105,2B106,2B107,2B109,2B110,2B111,2B112,2B113,2B116,2B120,2B121,2B122,2B123,2B124,2B125,2B126,2B134,2B135,2B136,2B137,2B138,2B140,2B143,2B145,2B147,2B148,2B149,2B150,2B152,2B153,2B155,2B156,2B157,2B159,2B161,2B162,2B164,2B165,2B166,2B167,2B168,2B169,2B170,2B171,2B172,2B173,2B175,2B176,2B177,2B178,2B179,2B180,2B182,2B183,2B184,2B185,2B187,2B188,2B190,2B192,2B193,2B194,2B195,2B199,2B201,2B202,2B205,2B206,2B207,2B208,2B210,2B213,2B214,2B216,2B217,2B218,2B219,2B220,2B221,2B222,2B223,2B224,2B225,2B226,2B227,2B229,2B230,2B231,2B233,2B234,2B235,2B236,2B238,2B239,2B241,2B242,2B243,2B244,2B245,2B246,2B248,2B250,2B251,2B252,2B255,2B256,2B257,2B260,2B261,2B263,2B264,2B265,2B267,2B273,2B274,2B275,2B277,2B280,2B281,2B283,2B286,2B287,2B289,2B290,2B291,2B292,2B293,2B296,2B297,2B298,2B299,2B301,2B302,2B303,2B304,2B305,2B306,2B307,2B309,2B311,2B313,2B314,2B315,2B316,2B317,2B318,2B319,2B320,2B321,2B327,2B328,2B329,2B332,2B333,2B334,2B335,2B337,2B338,2B339,2B340,2B341,2B342,2B343,2B344,2B346,2B347,2B350,2B352,2B353,2B354,2B355,2B356,2B361,2B364,2B365,2B366}",SDED,2026-03-24 14:41:32.274366+01,gold_establishments_2025,,,,13001091100019,2025,Services de l'Etat,Département,['Haute-Corse'],['Corse'],DDT,{2B},{94}
019eb0c6-803a-4661-ae54-ce82a221e91e,130010747,DDT Haute-Garonne,false,"{31001,31002,31003,31004,31005,31006,31007,31008,31009,31010,31011,31012,31013,31014,31015,31017,31018,31019,31020,31021,31022,31023,31024,31025,31026,31027,31028,31029,31030,31031,31032,31033,31034,31035,31036,31037,31038,31039,31040,31041,31042,31043,31044,31045,31046,31047,31048,31049,31050,31051,31052,31053,31054,31055,31056,31057,31058,31059,31060,31061,31062,31063,31064,31065,31066,31067,31068,31069,31070,31071,31072,31073,31074,31075,31076,31077,31078,31079,31080,31081,31082,31083,31084,31085,31086,31087,31088,31089,31090,31091,31092,31093,31094,31095,31096,31097,31098,31099,31100,31101,31102,31103,31104,31105,31106,31107,31108,31109,31110,31111,31112,31113,31114,31115,31116,31117,31118,31119,31120,31121,31122,31123,31124,31125,31126,31127,31128,31129,31130,31131,31132,31133,31134,31135,31136,31137,31138,31139,31140,31141,31142,31143,31144,31145,31146,31147,31148,31149,31150,31151,31152,31153,31155,31156,31157,31158,31159,31160,31161,31162,31163,31164,31165,31166,31167,31168,31169,31170,31171,31172,31173,31174,31175,31176,31177,31178,31179,31180,31181,31182,31183,31184,31185,31186,31187,31188,31189,31190,31191,31192,31193,31194,31195,31196,31197,31198,31199,31200,31201,31202,31203,31204,31205,31206,31207,31208,31209,31210,31211,31212,31213,31215,31216,31217,31218,31219,31220,31221,31222,31223,31224,31225,31226,31227,31228,31229,31230,31231,31232,31233,31234,31235,31236,31237,31238,31239,31240,31241,31242,31243,31244,31245,31246,31247,31248,31249,31250,31251,31252,31253,31254,31255,31256,31258,31259,31260,31261,31262,31263,31264,31265,31266,31267,31268,31269,31270,31271,31272,31273,31274,31275,31276,31277,31278,31279,31280,31281,31282,31283,31284,31285,31286,31287,31288,31289,31290,31291,31292,31293,31294,31295,31296,31297,31299,31300,31301,31302,31303,31304,31305,31306,31308,31309,31310,31311,31312,31313,31314,31315,31316,31317,31318,31319,31320,31321,31322,31323,31324,31325,31326,31327,31328,31329,31330,31331,31332,31333,31334,31335,31336,31337,31338,31339,31340,31341,31342,31343,31344,31345,31346,31347,31348,31349,31350,31351,31352,31353,31354,31355,31356,31357,31358,31359,31360,31361,31362,31363,31364,31365,31366,31367,31368,31369,31370,31371,31372,31373,31374,31375,31376,31377,31378,31379,31380,31381,31382,31383,31384,31385,31386,31387,31388,31389,31390,31391,31392,31393,31394,31395,31396,31397,31398,31399,31400,31401,31402,31403,31404,31405,31406,31407,31408,31409,31410,31411,31412,31413,31414,31415,31416,31417,31418,31419,31420,31421,31422,31423,31424,31425,31426,31427,31428,31429,31430,31431,31432,31433,31434,31435,31436,31437,31439,31440,31441,31442,31443,31444,31445,31446,31447,31448,31449,31450,31451,31452,31453,31454,31455,31456,31457,31458,31459,31460,31461,31462,31463,31464,31465,31466,31467,31468,31469,31470,31471,31472,31473,31474,31475,31476,31477,31478,31479,31480,31481,31482,31483,31484,31485,31486,31487,31488,31489,31490,31491,31492,31493,31494,31495,31496,31497,31498,31499,31500,31501,31502,31503,31504,31505,31506,31507,31508,31509,31510,31511,31512,31513,31514,31515,31516,31517,31518,31519,31520,31521,31522,31523,31524,31525,31526,31527,31528,31529,31530,31531,31532,31533,31534,31535,31536,31537,31538,31539,31540,31541,31542,31543,31544,31545,31546,31547,31548,31549,31550,31551,31552,31553,31554,31555,31556,31557,31558,31559,31560,31561,31562,31563,31564,31565,31566,31567,31568,31569,31570,31571,31572,31573,31574,31575,31576,31577,31578,31579,31580,31581,31582,31583,31584,31585,31586,31587,31588,31589,31590,31591,31592,31593}",SDED,2026-03-24 14:41:32.274366+01,gold_establishments_2025,,,,13001074700041,2025,Services de l'Etat,Département,['Haute-Garonne'],['Occitanie'],DDT,{31},{76}
bbecbed3-4861-4bd1-b417-c694c6d8ca1c,130008915,DDT Haute-Loire,false,"{43001,43002,43003,43004,43005,43006,43007,43008,43009,43010,43011,43012,43013,43014,43015,43016,43017,43018,43019,43020,43021,43022,43023,43024,43025,43026,43027,43028,43029,43030,43031,43032,43033,43034,43035,43036,43037,43038,43039,43040,43041,43042,43043,43044,43045,43046,43047,43048,43049,43050,43051,43052,43053,43054,43055,43056,43057,43058,43059,43060,43061,43062,43063,43064,43065,43066,43067,43068,43069,43070,43071,43072,43073,43074,43075,43076,43077,43078,43079,43080,43082,43083,43084,43085,43086,43087,43088,43089,43090,43091,43092,43093,43094,43095,43096,43097,43098,43099,43100,43101,43102,43103,43104,43105,43106,43107,43108,43109,43110,43111,43112,43113,43114,43115,43116,43117,43118,43119,43120,43121,43122,43123,43124,43125,43126,43127,43128,43129,43130,43131,43132,43133,43134,43135,43136,43137,43138,43139,43140,43141,43142,43143,43144,43145,43147,43148,43149,43150,43151,43152,43153,43154,43155,43156,43157,43158,43159,43160,43162,43163,43164,43165,43166,43167,43168,43169,43170,43171,43172,43173,43174,43175,43177,43178,43180,43181,43182,43183,43184,43185,43186,43187,43188,43189,43190,43191,43192,43193,43194,43195,43196,43197,43198,43199,43200,43201,43202,43203,43204,43205,43206,43207,43208,43210,43211,43212,43213,43214,43215,43216,43217,43218,43219,43220,43221,43222,43223,43224,43225,43226,43227,43228,43229,43230,43231,43232,43233,43234,43236,43237,43238,43239,43240,43241,43242,43244,43245,43246,43247,43249,43250,43251,43252,43253,43254,43256,43257,43258,43259,43260,43261,43262,43263,43264,43265,43267,43268}",SDED,2026-03-24 14:41:32.274366+01,gold_establishments_2025,,,,13000891500014,2025,Services de l'Etat,Département,['Haute-Loire'],['Auvergne-Rhône-Alpes'],DDT,{43},{84}
656e28ce-5de9-4573-996d-44b772048048,130011323,DDT Haute-Marne,false,"{52001,52002,52003,52004,52005,52006,52007,52008,52009,52011,52012,52013,52014,52015,52016,52017,52019,52021,52022,52023,52025,52027,52028,52029,52030,52031,52033,52034,52035,52037,52038,52039,52040,52042,52043,52044,52045,52047,52050,52051,52053,52055,52056,52057,52058,52059,52060,52061,52062,52063,52064,52065,52066,52067,52069,52070,52072,52074,52075,52076,52079,52082,52083,52084,52085,52087,52088,52089,52090,52091,52092,52093,52094,52095,52097,52099,52101,52102,52103,52104,52105,52106,52107,52108,52109,52110,52113,52114,52115,52116,52118,52119,52120,52121,52122,52123,52124,52125,52126,52127,52128,52129,52130,52131,52132,52133,52134,52135,52136,52137,52138,52140,52141,52142,52145,52146,52147,52149,52151,52155,52156,52157,52158,52159,52160,52161,52162,52163,52164,52165,52167,52168,52169,52170,52171,52172,52173,52174,52175,52177,52178,52179,52181,52182,52183,52184,52185,52187,52189,52190,52193,52194,52195,52196,52197,52198,52199,52200,52201,52203,52204,52205,52206,52207,52208,52211,52212,52213,52214,52216,52217,52218,52219,52220,52221,52222,52223,52227,52228,52229,52230,52231,52232,52233,52234,52235,52237,52240,52242,52243,52244,52245,52246,52247,52248,52249,52250,52251,52253,52254,52256,52257,52258,52260,52264,52265,52266,52267,52269,52271,52272,52273,52274,52275,52276,52277,52278,52280,52282,52284,52285,52286,52287,52288,52289,52290,52291,52292,52294,52295,52297,52298,52300,52301,52302,52303,52304,52305,52306,52307,52308,52310,52311,52312,52313,52315,52316,52318,52319,52320,52321,52322,52325,52326,52327,52328,52330,52331,52332,52335,52336,52337,52341,52342,52344,52346,52347,52348,52349,52350,52352,52353,52354,52355,52356,52357,52358,52359,52360,52362,52363,52364,52365,52366,52367,52369,52370,52371,52372,52373,52374,52375,52376,52377,52378,52380,52383,52384,52385,52386,52388,52390,52391,52392,52393,52394,52395,52396,52397,52398,52399,52400,52401,52403,52405,52406,52407,52411,52413,52414,52415,52416,52419,52420,52421,52422,52423,52424,52425,52426,52428,52429,52431,52432,52433,52436,52437,52438,52439,52440,52442,52443,52444,52445,52446,52447,52448,52449,52450,52452,52453,52455,52456,52457,52459,52461,52463,52464,52465,52467,52468,52469,52470,52472,52473,52474,52475,52476,52479,52480,52482,52483,52484,52486,52487,52488,52489,52490,52491,52492,52493,52494,52495,52497,52499,52500,52502,52503,52504,52505,52506,52507,52510,52511,52512,52513,52514,52515,52516,52517,52518,52519,52520,52522,52523,52524,52525,52526,52528,52529,52534,52535,52536,52538,52539,52540,52541,52542,52543,52544,52545,52546,52547,52548,52549,52550}",SDED,2026-03-24 14:41:32.274366+01,gold_establishments_2025,,,,13001132300016,2025,Services de l'Etat,Département,['Haute-Marne'],['Grand Est'],DDT,{52},{44}
02cb340a-11bd-4093-9381-04355bd2be0d,130009764,DDT Haute-Savoie,false,"{74001,74002,74003,74004,74005,74006,74007,74008,74009,74010,74012,74013,74014,74015,74016,74018,74019,74020,74021,74024,74025,74026,74027,74029,74030,74031,74032,74033,74034,74035,74036,74037,74038,74040,74041,74042,74043,74044,74045,74046,74048,74049,74050,74051,74052,74053,74054,74055,74056,74057,74058,74059,74060,74061,74062,74063,74064,74065,74066,74067,74068,74069,74070,74071,74072,74073,74074,74075,74076,74077,74078,74079,74080,74081,74082,74083,74085,74086,74087,74088,74089,74090,74091,74094,74095,74096,74097,74098,74099,74100,74101,74102,74103,74104,74105,74106,74107,74108,74109,74111,74112,74114,74116,74117,74118,74119,74121,74122,74123,74124,74126,74127,74128,74129,74130,74131,74133,74134,74135,74136,74137,74138,74139,74140,74141,74142,74143,74144,74145,74146,74147,74148,74150,74151,74152,74153,74154,74155,74156,74157,74158,74159,74160,74161,74162,74163,74164,74165,74166,74167,74168,74169,74170,74171,74172,74173,74174,74175,74176,74177,74178,74179,74180,74183,74184,74185,74186,74188,74189,74190,74191,74192,74193,74194,74195,74196,74197,74198,74199,74200,74201,74202,74203,74205,74206,74208,74209,74210,74211,74212,74213,74215,74216,74218,74219,74220,74221,74222,74223,74224,74225,74226,74228,74229,74231,74232,74233,74234,74235,74236,74237,74238,74239,74240,74241,74242,74243,74244,74249,74250,74252,74253,74254,74255,74256,74257,74258,74259,74260,74261,74262,74263,74264,74265,74266,74267,74269,74271,74272,74273,74275,74276,74278,74279,74280,74281,74282,74283,74284,74285,74286,74287,74288,74289,74290,74291,74292,74293,74294,74295,74296,74297,74298,74299,74301,74302,74303,74304,74305,74306,74307,74308,74309,74310,74311,74312,74313,74314,74315}",SDED,2026-03-24 14:41:32.274366+01,gold_establishments_2025,,,,13000976400015,2025,Services de l'Etat,Département,['Haute-Savoie'],['Auvergne-Rhône-Alpes'],DDT,{74},{84}
d46eef78-6a7c-49b9-aa22-27f3609e495f,130008329,DDT Haute-Saône,false,"{70001,70002,70003,70004,70005,70006,70007,70008,70009,70010,70011,70012,70013,70014,70015,70016,70017,70018,70019,70020,70021,70022,70023,70024,70025,70026,70027,70028,70029,70030,70031,70032,70035,70036,70037,70038,70039,70040,70041,70042,70043,70044,70045,70046,70047,70048,70049,70050,70051,70052,70053,70054,70055,70056,70057,70058,70059,70060,70061,70062,70063,70064,70065,70066,70067,70069,70070,70071,70072,70074,70075,70076,70077,70078,70079,70080,70081,70082,70083,70084,70085,70086,70087,70088,70089,70090,70091,70092,70093,70094,70095,70096,70097,70098,70099,70100,70101,70102,70103,70104,70105,70106,70107,70109,70111,70112,70113,70114,70115,70116,70117,70118,70119,70120,70121,70122,70124,70125,70126,70127,70128,70129,70130,70132,70133,70134,70135,70136,70137,70138,70140,70141,70142,70143,70144,70145,70146,70147,70148,70149,70150,70151,70152,70153,70154,70155,70156,70157,70158,70159,70160,70162,70163,70164,70165,70166,70167,70168,70169,70170,70171,70172,70174,70175,70176,70177,70178,70179,70180,70181,70182,70183,70184,70185,70186,70187,70188,70189,70190,70192,70193,70194,70195,70196,70197,70198,70199,70200,70201,70202,70203,70204,70205,70206,70207,70208,70210,70211,70213,70214,70215,70216,70217,70218,70219,70220,70221,70222,70224,70225,70226,70227,70228,70229,70230,70231,70232,70233,70234,70235,70236,70237,70238,70239,70240,70242,70243,70244,70245,70247,70248,70249,70250,70251,70252,70253,70254,70255,70256,70257,70258,70259,70260,70261,70262,70263,70265,70267,70268,70269,70271,70272,70273,70274,70275,70276,70277,70278,70279,70280,70282,70283,70284,70285,70286,70287,70288,70289,70290,70291,70292,70293,70294,70295,70296,70297,70298,70299,70301,70302,70303,70304,70305,70306,70307,70308,70309,70310,70311,70312,70313,70314,70315,70316,70317,70318,70319,70320,70321,70322,70323,70324,70325,70326,70327,70328,70329,70330,70331,70332,70334,70335,70336,70337,70338,70339,70340,70341,70342,70343,70344,70347,70348,70349,70350,70351,70352,70353,70355,70356,70357,70358,70359,70360,70361,70362,70363,70364,70366,70367,70368,70369,70371,70372,70373,70374,70376,70378,70380,70381,70383,70384,70385,70386,70387,70388,70389,70390,70392,70393,70394,70395,70396,70397,70398,70399,70400,70401,70402,70403,70404,70405,70406,70407,70408,70409,70410,70411,70412,70413,70414,70415,70416,70417,70418,70419,70420,70421,70422,70423,70425,70426,70427,70428,70429,70430,70431,70432,70433,70435,70436,70437,70438,70439,70440,70441,70442,70443,70444,70445,70446,70447,70448,70449,70450,70451,70452,70453,70454,70455,70456,70457,70459,70460,70461,70462,70463,70464,70466,70467,70468,70469,70470,70471,70472,70473,70474,70476,70477,70478,70479,70480,70481,70482,70483,70484,70485,70486,70487,70488,70489,70490,70491,70492,70493,70494,70496,70498,70499,70500,70501,70502,70503,70504,70505,70506,70507,70509,70510,70511,70512,70513,70514,70515,70516,70517,70518,70519,70520,70521,70522,70523,70524,70525,70526,70527,70528,70529,70531,70532,70533,70534,70535,70536,70537,70538,70539,70540,70541,70542,70544,70545,70546,70547,70548,70549,70550,70552,70553,70554,70555,70558,70559,70560,70561,70562,70563,70564,70565,70566,70567,70568,70569,70571,70572,70573,70574,70575,70576,70577,70578,70579,70580,70581,70582,70583}",SDED,2026-03-24 14:41:32.274366+01,gold_establishments_2025,,,,13000832900018,2025,Services de l'Etat,Département,['Haute-Saône'],['Bourgogne-Franche-Comté'],DDT,{70},{27}
4d895944-35be-4df8-bd03-59b4fa21a786,130008501,DDT Haute-Vienne,false,"{87001,87002,87003,87004,87005,87006,87007,87008,87009,87011,87012,87013,87014,87015,87016,87017,87018,87019,87020,87021,87022,87023,87024,87025,87027,87028,87029,87030,87031,87032,87033,87034,87035,87036,87037,87038,87039,87040,87041,87042,87043,87044,87045,87046,87047,87048,87049,87050,87051,87052,87053,87054,87056,87057,87058,87059,87060,87061,87062,87063,87064,87065,87066,87067,87068,87069,87070,87071,87072,87073,87074,87075,87076,87077,87078,87079,87080,87081,87082,87083,87084,87085,87086,87087,87088,87089,87090,87091,87092,87093,87094,87095,87096,87097,87099,87100,87101,87103,87104,87105,87106,87107,87108,87109,87110,87111,87112,87113,87114,87115,87116,87117,87118,87119,87120,87121,87122,87123,87124,87125,87126,87127,87128,87129,87130,87131,87132,87133,87134,87135,87137,87138,87139,87140,87141,87142,87143,87144,87145,87146,87147,87148,87149,87150,87151,87152,87153,87154,87155,87156,87157,87158,87159,87160,87161,87162,87163,87164,87165,87166,87167,87168,87169,87170,87172,87174,87176,87177,87178,87179,87180,87181,87182,87183,87185,87186,87187,87188,87189,87190,87191,87192,87193,87194,87195,87197,87198,87199,87200,87201,87202,87203,87204,87205,87206}",SDED,2026-03-24 14:41:32.274366+01,gold_establishments_2025,,,,13000850100012,2025,Services de l'Etat,Département,['Haute-Vienne'],['Nouvelle-Aquitaine'],DDT,{87},{75}
51297857-1bcd-438a-a390-8b88b99abfbf,130007818,DDT Hautes-Alpes,false,"{05001,05003,05004,05006,05007,05008,05009,05010,05011,05012,05013,05014,05016,05017,05018,05019,05021,05022,05023,05024,05025,05026,05027,05028,05029,05031,05032,05033,05035,05036,05037,05038,05039,05040,05044,05045,05046,05047,05048,05049,05050,05051,05052,05053,05054,05055,05056,05057,05058,05059,05060,05061,05062,05063,05064,05065,05066,05068,05070,05071,05072,05073,05074,05075,05076,05077,05078,05079,05080,05081,05082,05084,05085,05086,05087,05089,05090,05091,05092,05093,05094,05095,05096,05097,05098,05099,05100,05101,05102,05103,05104,05106,05107,05108,05109,05110,05111,05112,05113,05114,05115,05116,05117,05118,05119,05121,05122,05123,05124,05126,05127,05128,05129,05130,05131,05132,05133,05134,05135,05136,05139,05140,05142,05144,05145,05146,05147,05148,05149,05151,05152,05153,05154,05155,05156,05157,05158,05159,05160,05161,05162,05163,05164,05165,05166,05167,05168,05169,05170,05171,05172,05173,05174,05176,05177,05178,05179,05180,05181,05182,05183,05184}",SDED,2026-03-24 14:41:32.274366+01,gold_establishments_2025,,,,13000781800011,2025,Services de l'Etat,Département,['Hautes-Alpes'],['Provence-Alpes-Côte dAzur'],DDT,{05},{93}
43be70c2-1448-45d8-83e0-66c12f34bfe9,130008931,DDT Hautes-Pyrénées,false,"{65001,65002,65003,65004,65005,65006,65007,65009,65010,65011,65012,65013,65014,65015,65016,65017,65018,65019,65020,65021,65022,65023,65024,65025,65026,65028,65029,65031,65032,65033,65034,65035,65036,65037,65038,65039,65040,65041,65042,65043,65044,65045,65046,65047,65048,65049,65050,65051,65052,65053,65054,65055,65056,65057,65058,65059,65060,65061,65062,65063,65064,65065,65066,65067,65068,65069,65070,65071,65072,65073,65074,65075,65076,65077,65078,65079,65080,65081,65082,65083,65084,65085,65086,65087,65088,65089,65090,65091,65092,65093,65094,65095,65096,65097,65098,65099,65100,65101,65102,65103,65104,65105,65106,65107,65108,65109,65110,65111,65112,65113,65114,65115,65116,65117,65118,65119,65120,65121,65123,65124,65125,65126,65127,65128,65129,65130,65131,65132,65133,65134,65135,65136,65137,65138,65139,65140,65141,65142,65143,65144,65145,65146,65147,65148,65149,65150,65151,65153,65154,65155,65156,65157,65158,65159,65160,65161,65162,65163,65164,65165,65166,65167,65168,65169,65170,65171,65172,65173,65174,65175,65176,65177,65178,65179,65180,65181,65182,65183,65184,65185,65186,65187,65189,65190,65191,65192,65193,65194,65195,65196,65197,65198,65199,65200,65201,65202,65203,65204,65205,65206,65207,65208,65209,65210,65211,65212,65213,65214,65215,65216,65217,65218,65219,65220,65221,65222,65223,65224,65225,65226,65228,65229,65230,65231,65232,65233,65234,65235,65236,65237,65238,65239,65240,65241,65242,65243,65244,65245,65247,65248,65249,65250,65251,65252,65253,65254,65255,65256,65257,65258,65259,65260,65261,65262,65263,65264,65265,65266,65267,65268,65269,65270,65271,65272,65273,65274,65275,65276,65277,65278,65279,65280,65281,65282,65283,65284,65285,65286,65287,65288,65289,65290,65291,65292,65293,65294,65295,65296,65297,65298,65299,65300,65301,65303,65304,65305,65306,65307,65308,65309,65310,65311,65313,65314,65315,65316,65317,65318,65319,65320,65321,65322,65323,65324,65325,65326,65327,65328,65329,65330,65331,65332,65333,65334,65335,65336,65337,65338,65339,65340,65341,65342,65343,65344,65345,65346,65347,65348,65349,65350,65351,65352,65353,65354,65355,65356,65357,65358,65359,65360,65361,65362,65363,65364,65366,65367,65368,65369,65370,65371,65372,65373,65374,65375,65376,65377,65378,65379,65380,65381,65382,65383,65384,65385,65386,65387,65388,65389,65390,65391,65392,65393,65394,65395,65396,65397,65398,65399,65400,65401,65402,65403,65404,65405,65406,65407,65408,65409,65410,65411,65412,65413,65414,65415,65416,65417,65418,65419,65420,65421,65422,65423,65424,65425,65426,65427,65428,65429,65430,65431,65432,65433,65435,65436,65437,65438,65439,65440,65441,65442,65443,65444,65445,65446,65447,65448,65449,65450,65451,65452,65453,65454,65455,65456,65457,65458,65459,65460,65461,65462,65463,65464,65465,65466,65467,65468,65469,65470,65471,65472,65473,65474,65475,65476,65477,65478,65479,65481,65482}",SDED,2026-03-24 14:41:32.274366+01,gold_establishments_2025,,,,13000893100011,2025,Services de l'Etat,Département,['Hautes-Pyrénées'],['Occitanie'],DDT,{65},{76}
84096055-3341-4a5e-9dec-b2b64ed0ccc7,130009939,DDT Indre,false,"{36001,36002,36003,36004,36005,36006,36007,36008,36009,36010,36011,36012,36013,36014,36015,36016,36017,36018,36019,36020,36021,36022,36023,36024,36025,36026,36027,36028,36029,36030,36031,36032,36033,36034,36035,36036,36037,36038,36040,36041,36042,36043,36044,36045,36046,36047,36048,36049,36050,36051,36052,36053,36054,36055,36056,36057,36058,36059,36060,36061,36062,36063,36064,36065,36066,36067,36068,36069,36070,36071,36073,36074,36075,36076,36077,36078,36079,36080,36081,36082,36083,36084,36085,36086,36087,36088,36089,36090,36091,36092,36093,36094,36095,36096,36097,36098,36099,36100,36101,36102,36103,36104,36105,36106,36107,36108,36109,36110,36111,36112,36113,36114,36115,36116,36117,36118,36119,36120,36121,36122,36123,36124,36125,36126,36127,36128,36129,36130,36131,36132,36133,36134,36135,36136,36137,36138,36139,36140,36141,36142,36143,36144,36145,36146,36147,36148,36149,36150,36152,36153,36154,36155,36156,36157,36158,36159,36160,36161,36162,36163,36164,36165,36166,36167,36168,36169,36170,36171,36172,36173,36174,36175,36176,36177,36178,36179,36180,36181,36182,36184,36185,36186,36187,36188,36189,36190,36191,36192,36193,36194,36195,36196,36197,36198,36199,36200,36202,36203,36204,36205,36207,36208,36209,36210,36211,36212,36213,36214,36215,36216,36217,36218,36219,36220,36221,36222,36223,36224,36225,36226,36227,36228,36229,36230,36231,36232,36233,36234,36235,36236,36237,36238,36239,36240,36241,36242,36243,36244,36246,36247,36248}",SDED,2026-03-24 14:41:32.274366+01,gold_establishments_2025,,,,13000993900013,2025,Services de l'Etat,Département,['Indre'],['Centre-Val de Loire'],DDT,{36},{24}
264feb1f-ecb4-4e90-bef6-4c8d634164a0,130010275,DDT Indre-et-Loire,false,"{37001,37002,37003,37004,37005,37006,37007,37008,37009,37010,37011,37012,37013,37014,37015,37016,37018,37019,37020,37021,37022,37023,37024,37025,37026,37027,37028,37029,37030,37031,37032,37033,37034,37035,37036,37037,37038,37039,37040,37041,37042,37043,37044,37045,37046,37047,37048,37049,37050,37051,37052,37053,37054,37055,37056,37057,37058,37059,37060,37061,37062,37063,37064,37065,37066,37067,37068,37069,37070,37071,37072,37073,37074,37075,37076,37077,37078,37079,37080,37081,37082,37083,37084,37085,37086,37087,37088,37089,37090,37091,37092,37093,37094,37095,37096,37097,37098,37099,37100,37101,37103,37104,37105,37106,37107,37108,37109,37110,37111,37112,37113,37114,37115,37116,37117,37118,37119,37121,37122,37123,37124,37125,37126,37127,37128,37129,37130,37131,37132,37133,37134,37136,37137,37138,37139,37140,37141,37142,37143,37144,37145,37146,37147,37148,37149,37150,37151,37152,37153,37154,37155,37156,37157,37158,37159,37160,37161,37162,37163,37165,37166,37167,37168,37169,37170,37171,37172,37173,37174,37175,37176,37177,37178,37179,37180,37181,37182,37183,37184,37185,37186,37187,37188,37189,37190,37191,37192,37193,37194,37195,37196,37197,37198,37199,37200,37201,37202,37203,37204,37205,37206,37207,37208,37210,37211,37212,37213,37214,37216,37217,37218,37219,37220,37221,37222,37223,37224,37225,37226,37228,37229,37230,37231,37232,37233,37234,37236,37237,37238,37240,37241,37242,37243,37244,37245,37246,37247,37248,37249,37250,37251,37252,37253,37254,37255,37256,37257,37258,37259,37260,37261,37262,37263,37264,37265,37266,37267,37268,37269,37270,37271,37272,37273,37274,37275,37276,37277,37278,37279,37280,37281,37282}",SDED,2026-03-24 14:41:32.274366+01,gold_establishments_2025,,,,13001027500019,2025,Services de l'Etat,Département,['Indre-et-Loire'],['Centre-Val de Loire'],DDT,{37},{24}
ab210297-aa42-4af6-9f04-ae4c704913fd,130010960,DDT Isère,false,"{38001,38002,38003,38004,38005,38006,38008,38009,38010,38011,38012,38013,38015,38017,38018,38019,38020,38022,38023,38026,38027,38029,38030,38031,38032,38033,38034,38035,38036,38037,38038,38039,38040,38041,38042,38043,38044,38045,38046,38047,38048,38049,38050,38051,38052,38053,38054,38055,38056,38057,38058,38059,38060,38061,38062,38063,38064,38065,38066,38067,38068,38069,38070,38071,38072,38073,38074,38075,38076,38077,38078,38080,38081,38082,38083,38084,38085,38086,38087,38089,38090,38091,38092,38093,38094,38095,38097,38098,38099,38100,38101,38102,38103,38104,38105,38106,38107,38108,38109,38110,38111,38112,38113,38114,38115,38116,38117,38118,38120,38124,38126,38127,38128,38129,38130,38131,38132,38133,38134,38135,38136,38137,38138,38139,38140,38141,38144,38146,38147,38148,38149,38150,38151,38152,38153,38154,38155,38156,38157,38158,38159,38160,38161,38162,38163,38166,38167,38169,38170,38171,38172,38173,38174,38175,38176,38177,38179,38180,38181,38182,38183,38184,38185,38186,38187,38188,38189,38190,38191,38192,38193,38194,38195,38197,38198,38199,38200,38203,38204,38205,38206,38207,38208,38209,38210,38211,38212,38213,38214,38215,38216,38217,38218,38219,38221,38222,38223,38224,38225,38226,38228,38229,38230,38231,38232,38235,38236,38237,38238,38239,38240,38241,38242,38243,38244,38245,38246,38247,38248,38249,38250,38252,38253,38254,38255,38256,38257,38258,38259,38260,38261,38263,38264,38265,38266,38267,38268,38269,38270,38271,38272,38273,38275,38276,38277,38278,38279,38280,38281,38282,38283,38284,38285,38286,38287,38288,38289,38290,38291,38292,38294,38295,38296,38297,38298,38299,38300,38301,38303,38304,38307,38308,38309,38310,38311,38313,38314,38315,38316,38317,38318,38319,38320,38321,38322,38323,38324,38325,38326,38328,38329,38330,38331,38332,38333,38334,38335,38336,38337,38338,38339,38340,38341,38342,38343,38344,38345,38346,38347,38348,38349,38350,38351,38352,38353,38354,38355,38356,38357,38358,38359,38360,38361,38362,38363,38364,38365,38366,38368,38369,38370,38372,38373,38374,38375,38376,38377,38378,38379,38380,38381,38382,38383,38384,38386,38387,38388,38389,38390,38391,38392,38393,38394,38395,38396,38397,38398,38399,38400,38401,38402,38403,38404,38405,38406,38407,38408,38409,38410,38412,38413,38414,38415,38416,38417,38418,38419,38420,38421,38422,38423,38424,38425,38426,38427,38428,38429,38430,38431,38432,38433,38434,38436,38437,38438,38439,38440,38442,38443,38444,38445,38446,38448,38449,38450,38451,38452,38453,38454,38455,38456,38457,38458,38459,38460,38462,38463,38464,38465,38466,38467,38468,38469,38470,38471,38472,38473,38474,38475,38476,38478,38479,38480,38481,38483,38484,38485,38486,38487,38488,38489,38490,38492,38494,38495,38496,38497,38498,38499,38500,38501,38503,38504,38505,38507,38508,38509,38511,38512,38513,38514,38515,38516,38517,38518,38519,38520,38521,38522,38523,38524,38525,38526,38527,38528,38529,38530,38531,38532,38533,38535,38536,38537,38538,38539,38540,38542,38543,38544,38545,38546,38547,38548,38549,38550,38551,38552,38553,38554,38555,38556,38557,38558,38559,38560,38561,38562,38563,38564,38565,38566,38567}",SDED,2026-03-24 14:41:32.274366+01,gold_establishments_2025,,,,13001096000016,2025,Services de l'Etat,Département,['Isère'],['Auvergne-Rhône-Alpes'],DDT,{38},{84}
732b4b81-2730-4f0b-b851-7783b6789ac7,130012602,DDT Jura,false,"{39001,39002,39003,39004,39006,39007,39008,39009,39010,39011,39013,39014,39015,39016,39017,39018,39019,39020,39021,39022,39024,39025,39026,39027,39028,39029,39030,39031,39032,39034,39035,39037,39038,39039,39040,39041,39042,39043,39045,39046,39047,39048,39049,39050,39051,39052,39053,39054,39055,39056,39057,39058,39059,39060,39061,39062,39063,39065,39066,39068,39070,39072,39073,39074,39076,39077,39078,39079,39080,39081,39083,39084,39085,39086,39088,39090,39091,39092,39093,39094,39095,39096,39097,39099,39100,39101,39102,39103,39104,39105,39106,39107,39108,39109,39110,39111,39112,39114,39116,39117,39118,39119,39120,39121,39122,39124,39126,39127,39128,39129,39130,39131,39132,39133,39134,39136,39137,39138,39139,39140,39141,39142,39143,39145,39146,39147,39149,39150,39151,39153,39154,39155,39156,39157,39159,39160,39162,39163,39164,39165,39166,39167,39168,39169,39170,39171,39172,39173,39174,39175,39176,39177,39178,39179,39180,39182,39183,39184,39185,39187,39188,39189,39190,39191,39192,39193,39194,39196,39197,39198,39199,39200,39201,39202,39203,39204,39205,39206,39207,39208,39209,39210,39211,39214,39216,39217,39218,39219,39220,39221,39222,39223,39225,39227,39228,39229,39230,39232,39233,39234,39235,39236,39237,39238,39239,39240,39241,39244,39245,39246,39247,39248,39249,39250,39251,39252,39253,39254,39255,39258,39259,39261,39262,39263,39265,39266,39267,39268,39269,39270,39271,39272,39273,39274,39275,39277,39278,39279,39280,39281,39282,39283,39284,39285,39286,39288,39289,39290,39291,39292,39293,39295,39296,39297,39298,39299,39300,39301,39302,39304,39305,39306,39307,39308,39310,39312,39313,39314,39315,39317,39318,39319,39320,39321,39322,39323,39324,39325,39326,39327,39328,39329,39330,39331,39333,39334,39335,39336,39337,39338,39339,39342,39343,39344,39345,39346,39348,39349,39350,39351,39352,39353,39354,39355,39356,39359,39360,39361,39362,39363,39364,39365,39366,39367,39368,39370,39372,39373,39375,39376,39377,39378,39379,39380,39381,39385,39386,39387,39388,39389,39390,39391,39392,39393,39394,39396,39397,39398,39399,39400,39401,39402,39403,39404,39405,39406,39407,39408,39409,39411,39412,39413,39415,39418,39419,39420,39421,39422,39423,39424,39425,39426,39427,39428,39429,39430,39431,39432,39434,39435,39436,39437,39439,39441,39443,39444,39445,39446,39447,39448,39449,39451,39452,39453,39454,39455,39456,39457,39458,39460,39461,39462,39463,39464,39465,39466,39467,39468,39469,39470,39471,39472,39473,39475,39476,39477,39478,39479,39480,39481,39485,39486,39487,39489,39490,39491,39492,39493,39494,39495,39497,39498,39499,39500,39501,39502,39503,39504,39505,39507,39508,39510,39511,39512,39513,39514,39517,39518,39519,39520,39522,39523,39525,39526,39527,39528,39529,39530,39531,39532,39533,39534,39535,39537,39538,39539,39540,39543,39545,39546,39547,39550,39551,39552,39553,39554,39555,39556,39557,39558,39559,39560,39561,39565,39567,39568,39569,39570,39571,39572,39573,39574,39575,39576,39577,39579,39581,39582,39583,39584,39585,39586}",SDED,2026-03-24 14:41:32.274366+01,gold_establishments_2025,,,,13001260200012,2025,Services de l'Etat,Département,['Jura'],['Bourgogne-Franche-Comté'],DDT,{39},{27}
bb66806c-1f22-4e60-abc4-cf7ce639d13b,130010325,DDT Loir-et-Cher,false,"{41001,41002,41003,41004,41006,41007,41008,41009,41010,41012,41013,41014,41016,41017,41018,41019,41020,41022,41024,41025,41026,41027,41028,41029,41030,41031,41032,41034,41035,41036,41037,41038,41039,41040,41041,41042,41043,41044,41045,41046,41047,41048,41049,41050,41051,41052,41053,41054,41055,41057,41058,41059,41060,41061,41062,41063,41065,41066,41067,41068,41069,41070,41071,41072,41073,41074,41075,41077,41078,41079,41080,41081,41083,41084,41085,41086,41087,41088,41089,41090,41091,41093,41094,41095,41096,41097,41098,41099,41100,41101,41102,41103,41104,41105,41106,41107,41108,41109,41110,41112,41113,41114,41115,41116,41118,41119,41120,41121,41122,41123,41124,41125,41126,41127,41128,41129,41130,41131,41132,41134,41135,41136,41137,41138,41139,41140,41141,41142,41143,41144,41145,41146,41147,41148,41149,41150,41151,41152,41153,41154,41155,41156,41157,41158,41159,41160,41161,41163,41164,41166,41167,41168,41171,41172,41173,41174,41175,41176,41177,41178,41179,41180,41181,41182,41184,41185,41186,41187,41188,41189,41190,41191,41192,41193,41194,41195,41196,41198,41199,41200,41201,41203,41204,41205,41206,41207,41208,41209,41211,41212,41213,41214,41215,41216,41217,41218,41219,41220,41221,41222,41223,41224,41225,41226,41228,41229,41230,41231,41232,41233,41234,41235,41236,41237,41238,41239,41241,41242,41243,41245,41246,41247,41248,41249,41250,41251,41252,41253,41254,41255,41256,41258,41259,41260,41261,41262,41265,41266,41267,41268,41269,41271,41273,41274,41275,41276,41277,41278,41279,41280,41281,41282,41283,41284,41285,41286,41287,41288,41289,41290,41291,41292,41293,41294,41295,41296,41297}",SDED,2026-03-24 14:41:32.274366+01,gold_establishments_2025,,,,13001032500061,2025,Services de l'Etat,Département,['Loir-et-Cher'],['Centre-Val de Loire'],DDT,{41},{24}
3d6426f2-7c16-4ad1-917d-102d021ff8b3,130010622,DDT Loire,false,"{42001,42002,42003,42005,42006,42007,42008,42009,42010,42011,42012,42013,42014,42015,42016,42017,42018,42019,42020,42021,42022,42023,42025,42026,42027,42028,42029,42030,42031,42032,42033,42034,42035,42036,42037,42038,42039,42040,42041,42042,42043,42044,42045,42046,42047,42048,42049,42050,42051,42052,42053,42054,42055,42056,42058,42059,42060,42061,42062,42063,42064,42065,42066,42067,42068,42069,42070,42071,42073,42074,42075,42076,42077,42078,42079,42081,42083,42084,42085,42086,42087,42088,42089,42090,42091,42092,42093,42094,42095,42096,42097,42098,42099,42100,42101,42102,42103,42104,42105,42106,42107,42108,42110,42112,42113,42115,42116,42117,42118,42119,42120,42121,42122,42123,42124,42125,42126,42127,42128,42129,42130,42131,42132,42133,42134,42135,42136,42137,42138,42139,42140,42141,42142,42143,42145,42146,42147,42148,42149,42150,42151,42152,42153,42154,42155,42156,42157,42158,42159,42160,42161,42162,42163,42164,42165,42166,42167,42168,42169,42170,42171,42172,42173,42174,42175,42176,42177,42178,42179,42180,42181,42182,42183,42184,42185,42186,42187,42188,42189,42191,42192,42193,42194,42195,42196,42197,42198,42199,42200,42201,42202,42203,42204,42205,42206,42207,42208,42209,42210,42211,42212,42213,42214,42215,42216,42217,42218,42219,42220,42221,42222,42223,42224,42225,42226,42227,42228,42229,42230,42231,42232,42233,42234,42235,42236,42237,42238,42239,42240,42241,42242,42243,42245,42246,42247,42248,42249,42251,42253,42254,42255,42256,42257,42259,42260,42261,42262,42264,42265,42266,42267,42268,42269,42270,42271,42272,42273,42274,42275,42276,42277,42278,42279,42280,42281,42282,42283,42284,42285,42286,42287,42288,42289,42290,42293,42294,42295,42296,42297,42298,42299,42300,42301,42302,42303,42304,42305,42306,42307,42308,42310,42311,42312,42313,42314,42315,42316,42317,42318,42319,42320,42321,42322,42323,42324,42325,42326,42327,42328,42329,42330,42331,42332,42333,42334,42335,42336,42337,42338,42339}",SDED,2026-03-24 14:41:32.274366+01,gold_establishments_2025,,,,13001062200020,2025,Services de l'Etat,Département,['Loire'],['Auvergne-Rhône-Alpes'],DDT,{42},{84}
6a814ce8-ef33-4c63-9ee9-2e590917413d,130011000,DDT Loiret,false,"{45001,45002,45004,45005,45006,45008,45009,45010,45011,45012,45013,45014,45015,45016,45017,45018,45019,45020,45021,45022,45023,45024,45025,45026,45027,45028,45029,45030,45031,45032,45033,45034,45035,45036,45037,45038,45039,45040,45041,45042,45043,45044,45045,45046,45047,45049,45050,45051,45052,45053,45054,45055,45056,45058,45059,45060,45061,45062,45063,45064,45065,45066,45067,45068,45069,45070,45072,45073,45074,45075,45076,45077,45078,45079,45080,45081,45082,45083,45084,45085,45086,45087,45088,45089,45091,45092,45093,45094,45095,45096,45097,45098,45099,45100,45101,45102,45103,45104,45105,45107,45108,45109,45110,45111,45112,45113,45114,45115,45116,45118,45119,45120,45121,45122,45123,45124,45125,45126,45127,45129,45130,45131,45132,45133,45134,45135,45136,45137,45138,45139,45141,45142,45143,45144,45145,45146,45147,45148,45149,45150,45151,45152,45153,45154,45155,45156,45157,45158,45159,45160,45161,45162,45164,45165,45166,45167,45168,45169,45170,45171,45173,45174,45175,45176,45177,45178,45179,45180,45181,45182,45183,45184,45185,45186,45187,45188,45189,45191,45193,45194,45195,45196,45197,45198,45199,45200,45201,45202,45203,45204,45205,45206,45207,45208,45209,45210,45212,45213,45214,45215,45216,45217,45218,45219,45220,45222,45223,45224,45225,45226,45227,45228,45229,45230,45231,45232,45233,45234,45235,45237,45238,45239,45240,45241,45242,45243,45244,45245,45246,45247,45248,45249,45250,45251,45252,45253,45254,45255,45256,45257,45258,45259,45260,45261,45262,45263,45264,45265,45266,45268,45269,45270,45271,45272,45273,45274,45275,45276,45277,45278,45279,45280,45281,45282,45283,45284,45285,45286,45288,45289,45290,45291,45292,45293,45294,45296,45297,45298,45299,45300,45301,45302,45303,45305,45306,45307,45308,45309,45310,45311,45312,45313,45314,45315,45316,45317,45320,45321,45322,45323,45324,45325,45326,45327,45328,45329,45330,45331,45332,45333,45334,45335,45336,45337,45338,45339,45340,45341,45342,45343,45344,45345,45346,45347,45348}",SDED,2026-03-24 14:41:32.274366+01,gold_establishments_2025,,,,13001100000010,2025,Services de l'Etat,Département,['Loiret'],['Centre-Val de Loire'],DDT,{45},{24}
8a7dbc18-16d2-4ca3-8129-40267a3bc85f,130010408,DDT Lot,false,"{46001,46002,46003,46004,46005,46006,46007,46008,46009,46010,46011,46012,46013,46015,46016,46017,46018,46020,46021,46022,46023,46024,46026,46027,46028,46029,46030,46031,46032,46033,46034,46035,46036,46037,46038,46039,46040,46041,46042,46043,46044,46045,46046,46047,46049,46050,46051,46052,46053,46054,46055,46056,46057,46058,46059,46060,46061,46062,46063,46064,46065,46066,46068,46069,46070,46072,46073,46074,46075,46076,46078,46079,46080,46081,46082,46083,46084,46085,46086,46087,46088,46089,46090,46091,46092,46093,46094,46095,46096,46097,46098,46100,46101,46102,46103,46104,46105,46106,46107,46108,46109,46111,46112,46113,46114,46115,46116,46117,46118,46119,46120,46121,46122,46123,46124,46125,46126,46127,46128,46129,46130,46131,46132,46133,46134,46135,46136,46137,46138,46139,46140,46142,46143,46144,46145,46146,46147,46148,46149,46151,46152,46153,46154,46155,46156,46157,46159,46160,46161,46162,46163,46164,46165,46167,46168,46169,46170,46171,46172,46173,46174,46175,46176,46177,46178,46179,46180,46181,46182,46183,46184,46185,46186,46187,46188,46189,46190,46191,46192,46193,46194,46195,46196,46197,46198,46199,46200,46201,46202,46203,46204,46205,46206,46207,46208,46209,46210,46211,46212,46213,46214,46215,46216,46218,46219,46220,46221,46222,46223,46224,46225,46226,46227,46228,46229,46230,46231,46232,46233,46234,46235,46236,46237,46238,46239,46240,46241,46242,46243,46244,46245,46246,46247,46249,46250,46251,46252,46253,46254,46255,46256,46257,46258,46259,46260,46262,46263,46264,46265,46266,46267,46268,46269,46270,46271,46272,46273,46276,46277,46279,46280,46281,46282,46283,46284,46286,46288,46289,46290,46292,46293,46294,46295,46296,46297,46299,46301,46302,46303,46304,46305,46306,46307,46308,46309,46310,46311,46312,46313,46314,46315,46316,46317,46318,46319,46320,46321,46322,46323,46324,46328,46329,46330,46332,46333,46334,46335,46336,46337,46338,46339,46340}",Service déconcentré de l'État à compétence (inter) départementale,2026-03-24 14:41:32.274366+01,gold_establishments_2025,,,,13001040800016,2025,Services de l'Etat,Département,['Lot'],['Occitanie'],DDT,{46},{76}
6fa4d067-8e35-419c-9f68-670a8b263132,130010523,DDT Lot-et-Garonne,false,"{47001,47002,47003,47004,47005,47006,47007,47008,47009,47010,47011,47012,47013,47014,47015,47016,47017,47018,47019,47020,47021,47022,47023,47024,47025,47026,47027,47028,47029,47030,47031,47032,47033,47034,47035,47036,47037,47038,47039,47040,47041,47042,47043,47044,47045,47046,47047,47048,47049,47050,47051,47052,47053,47054,47055,47056,47057,47058,47059,47060,47061,47062,47063,47064,47065,47066,47067,47068,47069,47070,47071,47072,47073,47074,47075,47076,47077,47078,47079,47080,47081,47082,47083,47084,47085,47086,47087,47088,47089,47090,47091,47092,47093,47094,47095,47096,47097,47098,47099,47100,47101,47102,47103,47104,47105,47106,47107,47108,47109,47110,47111,47112,47113,47114,47115,47117,47118,47119,47120,47121,47122,47123,47124,47125,47126,47127,47128,47129,47130,47131,47132,47133,47134,47135,47136,47137,47138,47139,47140,47141,47142,47143,47144,47145,47146,47147,47148,47150,47151,47152,47154,47155,47156,47157,47158,47159,47160,47161,47162,47163,47164,47165,47167,47168,47169,47170,47171,47172,47173,47174,47175,47176,47177,47178,47179,47180,47181,47182,47183,47184,47185,47186,47187,47188,47189,47190,47191,47192,47193,47194,47195,47196,47197,47198,47199,47200,47201,47202,47203,47204,47205,47206,47207,47208,47209,47210,47211,47212,47213,47214,47215,47216,47217,47218,47219,47220,47221,47222,47223,47224,47225,47226,47227,47228,47229,47230,47231,47232,47233,47234,47235,47236,47237,47238,47239,47240,47241,47242,47244,47245,47246,47247,47248,47249,47250,47251,47252,47253,47254,47255,47256,47257,47258,47259,47260,47262,47263,47264,47265,47266,47267,47269,47271,47272,47273,47274,47275,47276,47277,47278,47279,47280,47281,47282,47283,47284,47285,47286,47287,47288,47289,47290,47291,47292,47293,47294,47295,47296,47297,47298,47299,47300,47301,47302,47303,47304,47305,47306,47307,47308,47309,47310,47311,47312,47313,47314,47315,47316,47317,47318,47319,47320,47321,47323,47324,47325,47326,47327,47328}",SDED,2026-03-24 14:41:32.274366+01,gold_establishments_2025,,,,13001052300012,2025,Services de l'Etat,Département,['Lot-et-Garonne'],['Nouvelle-Aquitaine'],DDT,{47},{75}
ff8261e6-8f88-4e3c-90c1-e70a03c1089c,130011273,DDT Lozère,false,"{48001,48002,48003,48004,48005,48007,48008,48009,48010,48012,48013,48015,48016,48017,48018,48019,48020,48021,48025,48026,48027,48028,48029,48030,48031,48032,48034,48036,48037,48038,48039,48041,48042,48043,48044,48045,48046,48048,48050,48051,48053,48054,48055,48056,48058,48059,48061,48063,48064,48065,48067,48068,48069,48070,48071,48072,48073,48074,48075,48077,48079,48080,48081,48082,48083,48085,48086,48087,48088,48089,48090,48091,48092,48094,48095,48096,48097,48098,48099,48100,48103,48104,48105,48106,48107,48108,48110,48111,48112,48115,48116,48117,48119,48121,48123,48124,48126,48127,48128,48129,48130,48131,48132,48135,48136,48137,48138,48139,48140,48141,48144,48145,48146,48147,48148,48149,48150,48151,48152,48153,48155,48156,48157,48158,48160,48161,48163,48165,48166,48167,48168,48169,48170,48171,48173,48174,48175,48176,48177,48178,48179,48181,48182,48185,48187,48188,48190,48191,48192,48193,48194,48198}",SDED,2026-03-24 14:41:32.274366+01,gold_establishments_2025,,,,13001127300013,2025,Services de l'Etat,Département,['Lozère'],['Occitanie'],DDT,{48},{76}
13c9800e-c727-4c20-98c8-338fa06346d5,130010341,DDT Maine-et-Loire,false,"{49002,49003,49007,49008,49009,49010,49011,49012,49015,49017,49018,49020,49021,49022,49023,49026,49027,49028,49029,49030,49035,49036,49038,49041,49045,49048,49050,49053,49054,49055,49056,49057,49058,49060,49061,49063,49064,49067,49068,49070,49076,49080,49082,49086,49089,49090,49092,49099,49100,49102,49107,49109,49110,49112,49113,49114,49120,49121,49123,49125,49127,49129,49130,49131,49132,49135,49138,49140,49155,49160,49161,49163,49167,49170,49171,49174,49176,49178,49180,49182,49183,49188,49192,49193,49194,49195,49200,49201,49205,49209,49211,49214,49215,49216,49217,49218,49219,49220,49221,49222,49223,49224,49228,49231,49235,49236,49237,49240,49241,49244,49246,49247,49248,49253,49257,49259,49260,49261,49262,49266,49267,49269,49271,49272,49278,49283,49284,49288,49291,49292,49294,49298,49299,49301,49302,49306,49307,49308,49310,49311,49323,49326,49328,49329,49330,49331,49332,49333,49334,49336,49338,49339,49341,49343,49344,49345,49347,49352,49353,49355,49358,49359,49361,49362,49364,49367,49368,49369,49370,49371,49373,49374,49377,49378,49381}",SDED,2026-03-24 14:41:32.274366+01,gold_establishments_2025,,,,13001034100019,2025,Services de l'Etat,Département,['Maine-et-Loire'],['Pays de la Loire'],DDT,{49},{52}
ff5e4096-5d44-472b-a401-920c228e1740,130008527,DDT Marne,false,"{51001,51002,51003,51004,51005,51006,51007,51008,51009,51010,51012,51013,51014,51015,51016,51017,51018,51019,51020,51022,51023,51025,51027,51028,51029,51030,51031,51032,51033,51034,51035,51036,51037,51038,51039,51040,51041,51042,51043,51044,51045,51046,51047,51048,51049,51050,51051,51052,51053,51054,51055,51056,51057,51058,51059,51060,51061,51062,51065,51066,51068,51069,51070,51071,51072,51073,51074,51075,51076,51077,51078,51079,51080,51081,51082,51083,51084,51085,51086,51087,51088,51089,51090,51091,51092,51093,51094,51095,51097,51098,51099,51100,51101,51102,51103,51104,51105,51106,51107,51108,51109,51110,51111,51112,51113,51115,51116,51117,51118,51119,51120,51121,51122,51124,51125,51126,51127,51128,51129,51130,51132,51133,51134,51135,51136,51137,51138,51139,51140,51141,51142,51143,51144,51145,51146,51147,51148,51149,51150,51151,51152,51153,51154,51155,51156,51157,51158,51160,51161,51162,51163,51164,51165,51166,51167,51168,51169,51170,51171,51172,51173,51174,51175,51176,51177,51178,51179,51181,51182,51183,51184,51185,51186,51187,51188,51190,51191,51192,51193,51194,51195,51196,51197,51198,51199,51200,51201,51202,51203,51204,51206,51208,51210,51211,51212,51213,51214,51215,51216,51217,51218,51219,51220,51222,51223,51224,51225,51226,51227,51228,51229,51230,51231,51232,51233,51234,51235,51236,51237,51238,51239,51240,51241,51242,51243,51244,51245,51246,51247,51248,51249,51250,51251,51252,51253,51254,51255,51256,51258,51259,51260,51262,51263,51264,51265,51266,51267,51268,51269,51270,51272,51273,51274,51275,51276,51277,51278,51279,51280,51281,51282,51283,51284,51285,51286,51287,51288,51289,51290,51291,51292,51293,51294,51295,51296,51298,51299,51300,51301,51302,51303,51304,51305,51306,51307,51308,51309,51310,51311,51312,51313,51314,51315,51316,51317,51318,51319,51320,51321,51322,51323,51324,51325,51326,51327,51328,51329,51333,51334,51336,51337,51338,51339,51340,51341,51342,51343,51344,51345,51346,51348,51349,51350,51351,51352,51353,51354,51355,51356,51357,51358,51359,51360,51361,51362,51363,51364,51365,51367,51368,51369,51370,51371,51372,51373,51374,51375,51376,51377,51378,51379,51380,51381,51382,51384,51386,51387,51388,51389,51390,51391,51392,51393,51395,51396,51397,51398,51399,51402,51403,51404,51406,51407,51409,51410,51412,51413,51414,51415,51416,51417,51418,51419,51420,51421,51422,51423,51424,51425,51426,51428,51429,51430,51431,51432,51433,51434,51435,51436,51437,51438,51439,51440,51441,51442,51443,51444,51445,51446,51447,51448,51449,51450,51451,51452,51453,51454,51455,51456,51457,51458,51459,51460,51461,51463,51464,51465,51466,51468,51469,51470,51471,51472,51473,51474,51475,51476,51477,51478,51479,51480,51482,51483,51484,51485,51486,51487,51488,51489,51490,51491,51492,51493,51495,51496,51497,51498,51499,51500,51501,51502,51503,51504,51505,51506,51507,51508,51509,51510,51511,51512,51513,51514,51515,51516,51517,51518,51519,51520,51521,51522,51523,51524,51525,51526,51527,51528,51529,51530,51531,51532,51533,51534,51535,51536,51537,51538,51539,51542,51543,51544,51545,51546,51547,51548,51549,51550,51551,51552,51553,51555,51556,51557,51558,51559,51560,51562,51563,51564,51565,51566,51567,51568,51569,51570,51571,51572,51573,51574,51576,51577,51578,51579,51580,51581,51582,51583,51584,51585,51586,51587,51588,51589,51590,51591,51592,51594,51595,51596,51597,51598,51599,51600,51601,51602,51603,51604,51605,51607,51608,51609,51610,51611,51612,51613,51614,51616,51617,51618,51619,51620,51621,51622,51623,51624,51625,51626,51627,51628,51629,51630,51631,51632,51633,51634,51635,51636,51638,51639,51640,51641,51642,51643,51644,51645,51646,51647,51648,51649,51650,51652,51654,51655,51656,51657,51658,51659,51660,51662,51663}",SDED,2026-03-24 14:41:32.274366+01,gold_establishments_2025,,,,13000852700017,2025,Services de l'Etat,Département,['Marne'],['Grand Est'],DDT,{51},{44}
8e5cbcc3-f1aa-407d-ac5e-76403b7d9c2a,130009806,DDT Mayenne,false,"{53001,53002,53003,53005,53007,53008,53009,53010,53011,53012,53013,53015,53016,53017,53018,53019,53021,53022,53023,53025,53026,53027,53028,53029,53030,53031,53033,53034,53035,53036,53037,53038,53039,53040,53041,53042,53043,53045,53046,53047,53048,53049,53051,53052,53053,53054,53055,53056,53057,53058,53059,53061,53062,53063,53064,53066,53067,53068,53069,53071,53072,53073,53074,53075,53076,53077,53078,53079,53080,53082,53083,53084,53085,53086,53087,53088,53089,53090,53091,53093,53094,53096,53097,53098,53099,53100,53101,53102,53103,53104,53105,53106,53107,53108,53109,53110,53111,53112,53113,53114,53115,53116,53117,53118,53119,53120,53121,53122,53123,53124,53125,53126,53127,53128,53129,53130,53131,53132,53133,53134,53135,53136,53137,53139,53140,53141,53142,53143,53144,53145,53146,53147,53148,53150,53151,53152,53153,53154,53155,53156,53157,53158,53160,53161,53162,53163,53164,53165,53168,53169,53170,53172,53173,53174,53175,53176,53177,53178,53179,53180,53181,53182,53184,53185,53186,53187,53188,53189,53190,53191,53192,53193,53195,53196,53197,53198,53199,53200,53201,53202,53203,53204,53206,53208,53209,53210,53211,53212,53213,53214,53216,53218,53219,53220,53221,53222,53223,53224,53225,53226,53228,53229,53230,53232,53233,53234,53235,53236,53237,53238,53240,53242,53243,53245,53246,53247,53248,53249,53250,53251,53253,53255,53256,53257,53258,53259,53260,53261,53262,53263,53264,53265,53266,53267,53269,53270,53271,53272,53273,53276}",SDED,2026-03-24 14:41:32.274366+01,gold_establishments_2025,,,,13000980600014,2025,Services de l'Etat,Département,['Mayenne'],['Pays de la Loire'],DDT,{53},{52}
65a1ef3c-17e3-4722-854a-939c109e02a5,130010465,DDT Meurthe-et-Moselle,false,"{54001,54002,54003,54004,54005,54006,54007,54008,54009,54010,54011,54012,54013,54014,54015,54016,54017,54018,54019,54020,54021,54022,54023,54024,54025,54026,54027,54028,54029,54030,54031,54032,54033,54034,54035,54036,54037,54038,54039,54040,54041,54042,54043,54044,54045,54046,54047,54048,54049,54050,54051,54052,54053,54054,54055,54056,54057,54058,54059,54060,54061,54062,54063,54064,54065,54066,54067,54068,54069,54070,54071,54072,54073,54074,54075,54076,54077,54078,54079,54080,54081,54082,54083,54084,54085,54086,54087,54088,54089,54090,54091,54092,54093,54094,54095,54096,54097,54098,54099,54100,54101,54102,54103,54104,54105,54106,54107,54108,54109,54110,54111,54112,54113,54114,54115,54116,54117,54118,54119,54120,54121,54122,54123,54124,54125,54126,54127,54128,54129,54130,54131,54132,54133,54134,54135,54136,54137,54138,54139,54140,54141,54142,54143,54144,54145,54146,54147,54148,54149,54150,54151,54152,54153,54154,54155,54156,54157,54158,54159,54160,54161,54162,54163,54164,54165,54166,54167,54168,54169,54170,54171,54172,54173,54174,54175,54176,54177,54178,54179,54180,54181,54182,54183,54184,54185,54186,54187,54188,54189,54190,54191,54192,54193,54194,54195,54196,54197,54198,54199,54200,54201,54202,54203,54204,54205,54206,54207,54208,54209,54210,54211,54212,54213,54214,54215,54216,54217,54218,54219,54220,54221,54222,54223,54224,54225,54226,54227,54228,54229,54230,54231,54232,54233,54234,54235,54236,54237,54238,54239,54240,54241,54242,54243,54244,54245,54246,54247,54248,54249,54250,54251,54252,54253,54254,54255,54256,54257,54258,54259,54260,54261,54262,54263,54264,54265,54266,54268,54269,54270,54271,54272,54273,54274,54275,54276,54277,54278,54279,54280,54281,54282,54283,54284,54285,54286,54287,54288,54289,54290,54291,54292,54293,54294,54295,54296,54297,54298,54299,54300,54301,54302,54303,54304,54305,54306,54307,54308,54309,54310,54311,54312,54313,54314,54315,54316,54317,54318,54320,54321,54322,54323,54324,54325,54326,54327,54328,54329,54330,54331,54332,54333,54334,54335,54336,54337,54338,54339,54340,54343,54344,54345,54346,54348,54349,54350,54351,54352,54353,54354,54355,54356,54357,54358,54359,54360,54362,54363,54364,54365,54366,54367,54368,54369,54370,54371,54372,54373,54374,54375,54376,54377,54378,54379,54380,54381,54382,54383,54385,54386,54387,54388,54389,54390,54391,54392,54393,54394,54395,54396,54397,54398,54399,54400,54401,54402,54403,54404,54405,54406,54407,54408,54409,54410,54411,54412,54413,54414,54415,54416,54417,54418,54419,54420,54421,54422,54423,54424,54425,54426,54427,54428,54429,54430,54431,54432,54433,54434,54435,54436,54437,54438,54439,54440,54441,54442,54443,54444,54445,54446,54447,54449,54450,54451,54452,54453,54455,54456,54457,54458,54459,54460,54461,54462,54463,54464,54465,54466,54467,54468,54469,54470,54471,54472,54473,54474,54475,54476,54477,54478,54479,54480,54481,54482,54483,54484,54485,54486,54487,54488,54489,54490,54491,54492,54493,54494,54495,54496,54497,54498,54499,54500,54501,54502,54504,54505,54507,54508,54509,54510,54511,54512,54513,54514,54515,54516,54517,54518,54519,54520,54521,54522,54523,54524,54525,54526,54527,54528,54529,54530,54531,54532,54533,54534,54535,54536,54537,54538,54539,54540,54541,54542,54543,54544,54545,54546,54547,54548,54549,54550,54551,54552,54553,54554,54555,54556,54557,54558,54559,54560,54561,54562,54563,54564,54565,54566,54567,54568,54569,54570,54571,54572,54573,54574,54575,54576,54577,54578,54579,54580,54581,54582,54583,54584,54585,54586,54587,54588,54589,54590,54591,54592,54593,54594,54595,54596,54597,54598,54599,54600,54601,54602}",SDED,2026-03-24 14:41:32.274366+01,gold_establishments_2025,,,,13001046500032,2025,Services de l'Etat,Département,['Meurthe-et-Moselle'],['Grand Est'],DDT,{54},{44}
f560066c-57bb-47da-8e71-1794554ff412,130009954,DDT Meuse,false,"{55001,55002,55004,55005,55007,55008,55009,55010,55011,55012,55013,55014,55015,55017,55018,55021,55022,55023,55024,55025,55026,55027,55028,55029,55031,55032,55033,55034,55035,55036,55037,55038,55039,55040,55041,55042,55043,55044,55045,55046,55047,55048,55049,55050,55051,55053,55054,55055,55057,55058,55059,55060,55061,55062,55063,55064,55065,55066,55067,55068,55069,55070,55071,55072,55073,55075,55076,55077,55078,55079,55080,55081,55082,55083,55084,55085,55087,55088,55089,55093,55094,55095,55096,55097,55099,55100,55101,55102,55103,55104,55105,55106,55107,55108,55109,55110,55111,55113,55114,55115,55116,55117,55118,55119,55120,55121,55122,55123,55124,55125,55127,55128,55129,55132,55133,55134,55137,55138,55139,55140,55141,55142,55143,55144,55145,55146,55148,55149,55150,55153,55154,55155,55156,55157,55158,55159,55160,55162,55163,55165,55166,55167,55168,55169,55170,55171,55172,55173,55174,55175,55177,55178,55179,55180,55181,55182,55183,55184,55185,55186,55188,55189,55191,55192,55193,55194,55195,55196,55197,55198,55199,55200,55201,55202,55204,55206,55207,55208,55210,55211,55212,55214,55215,55216,55217,55218,55219,55220,55221,55222,55224,55225,55226,55228,55229,55232,55236,55237,55239,55241,55242,55243,55244,55245,55246,55247,55248,55250,55251,55252,55253,55254,55255,55256,55257,55258,55260,55261,55262,55263,55264,55265,55266,55267,55268,55269,55270,55271,55272,55274,55275,55276,55278,55279,55280,55281,55282,55284,55285,55286,55288,55289,55290,55291,55292,55293,55295,55296,55297,55298,55299,55300,55301,55302,55303,55304,55306,55307,55310,55311,55312,55313,55315,55316,55317,55320,55321,55322,55323,55324,55325,55326,55327,55328,55329,55330,55331,55332,55333,55334,55335,55336,55338,55339,55340,55341,55343,55344,55345,55346,55347,55348,55349,55350,55351,55352,55353,55355,55356,55357,55358,55359,55360,55361,55362,55363,55364,55365,55366,55367,55368,55369,55370,55371,55372,55373,55374,55375,55376,55377,55378,55379,55380,55381,55382,55383,55384,55385,55386,55387,55388,55389,55391,55394,55395,55396,55397,55398,55399,55400,55401,55403,55404,55405,55406,55407,55408,55409,55410,55411,55412,55414,55415,55416,55419,55420,55421,55422,55423,55424,55425,55426,55427,55428,55429,55430,55431,55433,55434,55435,55436,55437,55438,55439,55442,55443,55444,55445,55446,55447,55448,55449,55450,55452,55453,55454,55456,55457,55458,55459,55460,55461,55462,55463,55464,55465,55466,55467,55468,55469,55470,55471,55472,55473,55474,55475,55476,55477,55479,55481,55482,55484,55485,55487,55488,55489,55490,55492,55493,55494,55495,55496,55497,55498,55500,55501,55502,55503,55504,55505,55506,55507,55508,55509,55510,55511,55512,55514,55515,55516,55517,55518,55519,55520,55521,55522,55523,55525,55526,55527,55528,55530,55531,55532,55533,55534,55535,55536,55537,55540,55541,55543,55544,55545,55546,55547,55549,55551,55552,55553,55554,55555,55556,55557,55559,55560,55561,55562,55563,55565,55566,55567,55568,55569,55570,55571,55572,55573,55574,55575,55577,55578,55579,55580,55581,55582,55583,55584,55586}",SDED,2026-03-24 14:41:32.274366+01,gold_establishments_2025,,,,13000995400012,2025,Services de l'Etat,Département,['Meuse'],['Grand Est'],DDT,{55},{44}
55e02b44-e6a7-4030-a319-0c7be391b6a0,130010697,DDT Moselle,false,"{57001,57002,57003,57004,57006,57007,57008,57009,57010,57011,57012,57013,57014,57015,57016,57017,57018,57019,57020,57021,57022,57024,57025,57026,57027,57028,57029,57030,57031,57032,57033,57034,57035,57036,57037,57038,57039,57040,57041,57042,57043,57044,57045,57046,57047,57048,57049,57050,57051,57052,57053,57054,57055,57056,57057,57058,57059,57060,57061,57062,57063,57064,57065,57066,57067,57069,57070,57071,57072,57073,57074,57075,57076,57077,57079,57080,57081,57082,57083,57084,57085,57086,57087,57088,57089,57090,57091,57092,57093,57095,57096,57097,57098,57099,57100,57101,57102,57103,57104,57105,57106,57107,57108,57109,57110,57111,57112,57113,57114,57115,57116,57117,57118,57119,57120,57121,57122,57123,57124,57125,57126,57127,57128,57129,57130,57131,57132,57133,57134,57136,57137,57138,57139,57140,57141,57142,57143,57144,57145,57146,57147,57148,57149,57150,57151,57152,57153,57154,57155,57156,57158,57159,57160,57161,57162,57163,57165,57166,57167,57168,57169,57171,57172,57173,57174,57175,57176,57177,57178,57179,57180,57181,57182,57183,57186,57187,57188,57189,57190,57191,57192,57193,57194,57195,57196,57197,57198,57199,57200,57201,57202,57203,57204,57205,57206,57207,57208,57209,57210,57211,57212,57213,57214,57215,57216,57217,57218,57219,57220,57221,57222,57224,57225,57226,57227,57228,57229,57230,57231,57232,57233,57234,57235,57236,57237,57238,57239,57240,57241,57242,57244,57245,57246,57247,57248,57249,57250,57251,57252,57253,57254,57255,57256,57257,57258,57259,57260,57261,57262,57263,57264,57265,57266,57267,57268,57269,57270,57271,57272,57273,57274,57275,57276,57277,57278,57280,57281,57282,57283,57284,57286,57287,57288,57289,57290,57291,57292,57293,57294,57295,57296,57297,57298,57299,57300,57301,57302,57303,57304,57305,57306,57307,57308,57309,57310,57311,57312,57313,57314,57315,57316,57317,57318,57319,57320,57321,57322,57323,57324,57325,57326,57328,57329,57330,57331,57332,57333,57334,57335,57336,57337,57338,57339,57340,57341,57342,57343,57344,57345,57346,57347,57348,57349,57350,57351,57352,57353,57354,57355,57356,57357,57358,57359,57360,57361,57362,57364,57365,57366,57367,57368,57370,57371,57372,57373,57374,57375,57376,57377,57379,57380,57381,57382,57383,57384,57385,57386,57387,57388,57389,57390,57391,57392,57393,57394,57395,57396,57397,57398,57399,57401,57402,57403,57404,57405,57406,57407,57408,57409,57410,57411,57412,57413,57414,57415,57416,57417,57418,57419,57421,57422,57423,57424,57425,57426,57427,57428,57430,57431,57433,57434,57436,57437,57438,57439,57440,57441,57442,57443,57444,57445,57446,57447,57448,57449,57451,57452,57453,57454,57455,57456,57457,57459,57460,57461,57462,57463,57464,57465,57466,57467,57468,57469,57470,57471,57472,57473,57474,57475,57476,57477,57478,57479,57480,57481,57482,57483,57484,57485,57486,57487,57488,57489,57490,57491,57492,57493,57494,57495,57496,57497,57498,57499,57500,57501,57502,57504,57505,57506,57507,57508,57509,57510,57511,57512,57513,57514,57515,57516,57517,57518,57519,57520,57521,57524,57525,57526,57527,57528,57529,57530,57531,57532,57533,57534,57535,57536,57537,57538,57539,57540,57541,57542,57543,57544,57545,57546,57547,57548,57549,57550,57551,57552,57553,57554,57555,57556,57557,57558,57559,57560,57561,57562,57563,57564,57565,57566,57567,57568,57569,57570,57571,57572,57573,57574,57575,57576,57577,57578,57579,57580,57581,57582,57583,57584,57586,57587,57588,57589,57590,57591,57592,57593,57594,57595,57596,57597,57598,57599,57600,57601,57602,57603,57604,57605,57606,57607,57609,57610,57611,57612,57613,57614,57615,57616,57617,57618,57619,57620,57621,57622,57623,57624,57625,57626,57627,57628,57629,57630,57631,57633,57634,57635,57636,57637,57638,57639,57640,57641,57642,57643,57644,57645,57647,57648,57649,57650,57651,57652,57653,57654,57655,57656,57657,57658,57659,57660,57661,57662,57663,57664,57665,57666,57667,57668,57669,57670,57671,57672,57673,57674,57675,57676,57677,57678,57679,57680,57681,57682,57683,57684,57685,57686,57687,57689,57690,57691,57692,57693,57694,57695,57696,57697,57698,57700,57701,57702,57703,57704,57705,57706,57707,57708,57709,57711,57712,57713,57714,57715,57716,57717,57718,57719,57720,57721,57723,57724,57725,57726,57727,57728,57730,57731,57732,57733,57734,57736,57737,57738,57739,57740,57741,57742,57743,57745,57746,57747,57748,57749,57750,57751,57752,57753,57754,57755,57756,57757,57759,57760,57761,57762,57763,57764,57765,57767}",SDED,2026-03-24 14:41:32.274366+01,gold_establishments_2025,,,,13001069700014,2025,Services de l'Etat,Département,['Moselle'],['Grand Est'],DDT,{57},{44}
ac0665cd-149f-4c81-a863-fa005e962ca2,130010572,DDT Nièvre,false,"{58001,58002,58003,58004,58005,58006,58007,58008,58009,58010,58011,58012,58013,58014,58015,58016,58017,58018,58019,58020,58021,58023,58024,58025,58026,58027,58028,58029,58030,58031,58032,58033,58034,58035,58036,58037,58038,58039,58040,58041,58042,58043,58044,58045,58046,58047,58048,58049,58050,58051,58052,58053,58054,58055,58056,58057,58058,58059,58060,58061,58062,58063,58064,58065,58066,58067,58068,58069,58070,58071,58072,58073,58074,58075,58076,58077,58078,58079,58080,58081,58082,58083,58084,58085,58086,58087,58088,58089,58090,58092,58093,58094,58095,58096,58097,58098,58099,58101,58102,58103,58104,58105,58106,58107,58108,58109,58110,58111,58112,58113,58114,58115,58116,58117,58118,58119,58120,58121,58122,58123,58124,58125,58126,58127,58128,58129,58130,58131,58132,58133,58134,58135,58136,58137,58138,58139,58140,58141,58142,58143,58144,58145,58146,58147,58148,58149,58150,58151,58152,58153,58154,58155,58156,58157,58158,58159,58160,58161,58162,58163,58164,58165,58166,58168,58169,58170,58171,58172,58173,58174,58175,58176,58177,58178,58179,58180,58181,58182,58183,58184,58185,58186,58187,58188,58189,58190,58191,58192,58193,58194,58195,58196,58197,58198,58199,58200,58201,58202,58203,58204,58205,58206,58207,58208,58209,58210,58211,58212,58213,58214,58215,58216,58217,58218,58219,58220,58221,58222,58223,58224,58225,58226,58227,58228,58229,58230,58231,58232,58233,58234,58235,58236,58237,58238,58239,58240,58241,58242,58243,58244,58245,58246,58247,58248,58249,58250,58251,58252,58253,58254,58255,58256,58257,58258,58259,58260,58261,58262,58263,58264,58265,58266,58267,58268,58269,58270,58271,58272,58273,58274,58275,58276,58277,58278,58279,58280,58281,58282,58283,58284,58285,58286,58287,58288,58289,58290,58291,58292,58293,58294,58295,58296,58297,58298,58299,58300,58301,58302,58303,58304,58305,58306,58307,58308,58309,58310,58311,58312,58313}",SDED,2026-03-24 14:41:32.274366+01,gold_establishments_2025,,,,13001057200068,2025,Services de l'Etat,Département,['Nièvre'],['Bourgogne-Franche-Comté'],DDT,{58},{27}
ff413545-aa0d-47cd-9ab2-363acada818a,130010853,DDT Oise,false,"{60001,60002,60003,60004,60005,60006,60007,60008,60009,60010,60011,60012,60013,60014,60015,60016,60017,60019,60020,60021,60022,60023,60024,60025,60026,60027,60028,60029,60030,60031,60032,60033,60034,60035,60036,60037,60039,60040,60041,60042,60043,60044,60045,60046,60047,60048,60049,60050,60051,60052,60053,60054,60055,60056,60057,60058,60059,60060,60061,60062,60063,60064,60065,60066,60067,60068,60069,60070,60071,60072,60073,60074,60075,60076,60077,60078,60079,60081,60082,60083,60084,60085,60086,60087,60088,60089,60090,60091,60092,60093,60094,60095,60097,60098,60099,60100,60101,60102,60103,60104,60105,60106,60107,60108,60109,60110,60111,60112,60113,60114,60115,60116,60117,60118,60119,60120,60121,60122,60123,60124,60125,60126,60127,60128,60129,60130,60131,60132,60133,60134,60135,60136,60137,60138,60139,60140,60141,60142,60143,60144,60145,60146,60147,60148,60149,60150,60151,60152,60153,60154,60155,60156,60157,60158,60159,60160,60161,60162,60163,60164,60165,60166,60167,60168,60169,60170,60171,60172,60173,60174,60175,60176,60177,60178,60179,60180,60181,60182,60183,60184,60185,60186,60187,60188,60189,60190,60191,60192,60193,60194,60195,60196,60197,60198,60199,60200,60201,60203,60204,60205,60206,60207,60208,60209,60210,60211,60212,60213,60214,60215,60216,60217,60218,60219,60220,60221,60222,60223,60224,60225,60226,60227,60228,60229,60230,60231,60232,60233,60234,60235,60236,60237,60238,60239,60240,60241,60242,60243,60244,60245,60247,60248,60249,60250,60251,60252,60253,60254,60255,60256,60257,60258,60259,60260,60261,60262,60263,60264,60265,60267,60268,60269,60270,60271,60272,60273,60274,60275,60276,60277,60278,60279,60280,60281,60282,60283,60284,60285,60286,60287,60288,60289,60290,60291,60292,60293,60294,60295,60296,60297,60298,60299,60301,60302,60303,60304,60305,60306,60307,60308,60309,60310,60311,60312,60313,60314,60315,60316,60317,60318,60319,60320,60321,60322,60323,60324,60325,60326,60327,60328,60329,60330,60331,60332,60333,60334,60335,60336,60337,60338,60339,60340,60341,60342,60343,60344,60345,60346,60347,60348,60350,60351,60352,60353,60354,60355,60356,60357,60358,60359,60360,60361,60362,60363,60364,60365,60366,60367,60368,60369,60370,60371,60372,60373,60374,60375,60376,60377,60378,60379,60380,60381,60382,60383,60385,60386,60387,60388,60389,60390,60391,60392,60393,60394,60395,60396,60397,60398,60399,60400,60401,60402,60403,60404,60405,60406,60407,60408,60409,60410,60411,60412,60413,60414,60415,60416,60418,60420,60421,60422,60423,60424,60425,60426,60427,60428,60429,60430,60431,60432,60433,60434,60435,60436,60437,60438,60439,60440,60441,60442,60443,60444,60445,60446,60447,60448,60449,60450,60451,60452,60454,60456,60457,60458,60459,60460,60461,60462,60463,60464,60465,60466,60468,60469,60470,60471,60472,60473,60474,60476,60477,60478,60479,60480,60481,60482,60483,60484,60485,60486,60487,60488,60489,60490,60491,60492,60493,60494,60495,60496,60497,60498,60499,60500,60501,60502,60503,60504,60505,60506,60507,60508,60509,60510,60511,60512,60513,60514,60515,60516,60517,60518,60519,60520,60521,60522,60523,60524,60525,60526,60527,60528,60529,60530,60531,60533,60534,60535,60536,60537,60538,60539,60540,60541,60542,60543,60544,60545,60546,60547,60548,60549,60550,60551,60552,60553,60554,60555,60556,60557,60558,60559,60560,60561,60562,60563,60564,60565,60566,60567,60568,60569,60570,60571,60572,60573,60574,60575,60576,60577,60578,60579,60581,60582,60583,60584,60585,60586,60587,60588,60589,60590,60591,60592,60593,60594,60595,60596,60597,60598,60599,60600,60601,60602,60603,60604,60605,60608,60609,60610,60611,60612,60613,60614,60615,60616,60617,60618,60619,60620,60621,60622,60623,60624,60625,60626,60627,60628,60629,60630,60631,60632,60633,60634,60635,60636,60637,60638,60639,60640,60641,60642,60643,60644,60645,60646,60647,60648,60650,60651,60652,60653,60654,60655,60656,60657,60658,60659,60660,60661,60662,60663,60664,60665,60666,60667,60668,60669,60670,60671,60672,60673,60674,60675,60676,60677,60678,60679,60680,60681,60682,60683,60684,60685,60686,60687,60688,60689,60691,60692,60693,60695,60697,60698,60699,60700,60701,60702,60703}",SDED,2026-03-24 14:41:32.274366+01,gold_establishments_2025,,,,13001085300013,2025,Services de l'Etat,Département,['Oise'],['Hauts-de-France'],DDT,{60},{32}
ea11b9fe-70aa-49cb-95ec-72821b641b4f,130010788,DDT Orne,false,"{61001,61002,61005,61006,61007,61008,61010,61011,61012,61013,61014,61015,61018,61020,61021,61023,61024,61026,61028,61029,61030,61032,61034,61035,61036,61037,61038,61039,61040,61041,61043,61044,61046,61048,61049,61050,61051,61052,61053,61054,61055,61056,61060,61061,61062,61063,61064,61066,61067,61068,61069,61070,61071,61072,61074,61075,61076,61077,61078,61079,61080,61081,61082,61084,61085,61086,61087,61088,61089,61091,61092,61093,61094,61095,61096,61097,61098,61099,61100,61101,61102,61103,61104,61105,61107,61108,61111,61113,61114,61116,61117,61118,61120,61121,61122,61123,61124,61126,61129,61130,61133,61137,61138,61139,61140,61141,61142,61143,61145,61146,61148,61149,61150,61151,61152,61153,61156,61158,61159,61160,61162,61163,61164,61165,61166,61167,61168,61169,61170,61171,61176,61178,61180,61181,61182,61183,61187,61189,61190,61193,61194,61195,61196,61197,61198,61199,61202,61203,61206,61207,61208,61209,61210,61211,61212,61213,61214,61215,61216,61217,61218,61219,61221,61222,61224,61225,61227,61228,61229,61230,61232,61233,61234,61237,61238,61240,61241,61242,61243,61244,61248,61251,61252,61255,61256,61257,61258,61259,61260,61261,61262,61263,61264,61265,61266,61267,61268,61269,61271,61272,61273,61274,61275,61276,61277,61278,61279,61281,61283,61284,61286,61287,61288,61289,61290,61291,61292,61293,61294,61295,61297,61298,61300,61301,61302,61303,61304,61307,61308,61309,61314,61316,61317,61319,61321,61322,61323,61324,61326,61327,61328,61329,61330,61331,61332,61333,61336,61339,61341,61342,61344,61345,61346,61347,61348,61349,61350,61351,61352,61357,61358,61360,61361,61362,61363,61365,61366,61367,61369,61370,61371,61372,61373,61374,61375,61376,61379,61381,61382,61384,61385,61386,61387,61388,61389,61390,61391,61392,61393,61394,61395,61396,61397,61398,61399,61400,61401,61402,61404,61405,61406,61407,61408,61411,61412,61413,61414,61415,61416,61418,61419,61420,61421,61422,61423,61424,61425,61426,61427,61429,61432,61433,61435,61436,61438,61439,61440,61442,61443,61444,61445,61446,61447,61448,61450,61451,61452,61453,61454,61456,61457,61459,61460,61461,61462,61463,61464,61466,61467,61472,61473,61474,61475,61476,61479,61480,61481,61482,61483,61484,61485,61486,61487,61488,61490,61491,61492,61493,61494,61497,61498,61499,61500,61501,61502,61503,61505,61507,61508,61510,61512}",SDED,2026-03-24 14:41:32.274366+01,gold_establishments_2025,,,,13001078800011,2025,Services de l'Etat,Département,['Orne'],['Normandie'],DDT,{61},{28}
fe657f3e-031a-4158-a2a8-95ca33a26faa,130008147,DDT Puy-de-Dôme,false,"{63001,63002,63003,63004,63005,63006,63007,63008,63009,63010,63011,63012,63013,63014,63015,63016,63017,63019,63020,63021,63022,63023,63024,63025,63026,63027,63028,63029,63030,63031,63032,63033,63034,63035,63036,63037,63038,63039,63040,63041,63042,63043,63044,63045,63046,63047,63048,63049,63050,63051,63052,63053,63054,63055,63056,63057,63058,63059,63060,63061,63062,63063,63064,63065,63066,63067,63069,63070,63071,63072,63073,63074,63075,63076,63077,63079,63080,63081,63082,63083,63084,63085,63086,63087,63088,63089,63090,63091,63092,63093,63094,63095,63096,63097,63098,63099,63100,63101,63102,63103,63104,63105,63106,63107,63108,63109,63110,63111,63112,63113,63114,63115,63116,63117,63118,63119,63120,63121,63122,63123,63124,63125,63126,63128,63129,63130,63131,63132,63134,63135,63136,63137,63138,63139,63140,63141,63142,63143,63144,63145,63146,63147,63148,63149,63150,63151,63152,63153,63154,63155,63156,63157,63158,63159,63160,63161,63162,63163,63164,63165,63166,63167,63168,63169,63170,63171,63172,63173,63174,63175,63176,63177,63178,63179,63180,63181,63182,63183,63184,63185,63186,63187,63188,63189,63190,63191,63192,63193,63194,63195,63196,63197,63198,63199,63200,63201,63202,63203,63204,63205,63206,63207,63208,63209,63210,63211,63212,63213,63214,63215,63216,63218,63219,63220,63221,63222,63223,63224,63225,63226,63227,63228,63229,63230,63231,63232,63233,63234,63235,63236,63237,63238,63239,63240,63241,63242,63243,63244,63245,63246,63247,63248,63249,63250,63251,63252,63253,63254,63255,63256,63257,63258,63259,63260,63261,63262,63263,63264,63265,63267,63268,63269,63270,63271,63272,63273,63274,63275,63276,63277,63278,63279,63280,63281,63282,63283,63284,63285,63286,63287,63288,63289,63290,63291,63292,63293,63294,63295,63296,63297,63298,63299,63300,63301,63302,63303,63304,63305,63306,63307,63308,63309,63310,63311,63312,63313,63314,63315,63317,63318,63319,63320,63321,63322,63323,63324,63325,63326,63327,63328,63329,63331,63332,63333,63334,63335,63336,63337,63338,63339,63340,63341,63342,63343,63344,63345,63346,63347,63348,63349,63350,63351,63352,63353,63354,63355,63356,63357,63358,63359,63360,63362,63363,63364,63365,63366,63367,63368,63369,63370,63371,63372,63373,63374,63375,63376,63377,63378,63379,63380,63381,63382,63383,63384,63385,63386,63387,63388,63389,63390,63391,63392,63393,63394,63395,63396,63397,63398,63399,63400,63401,63402,63403,63404,63405,63406,63407,63408,63409,63410,63411,63412,63413,63414,63415,63416,63417,63418,63419,63420,63421,63422,63423,63424,63425,63426,63427,63428,63429,63430,63431,63432,63433,63434,63435,63436,63437,63438,63439,63440,63441,63442,63443,63444,63445,63446,63447,63448,63449,63450,63451,63452,63453,63454,63455,63456,63457,63458,63459,63460,63461,63462,63463,63464,63465,63466,63467,63468,63469,63470,63471,63472,63473}",SDED,2026-03-24 14:41:32.274366+01,gold_establishments_2025,,,,13000814700063,2025,Services de l'Etat,Département,['Puy-de-Dôme'],['Auvergne-Rhône-Alpes'],DDT,{63},{84}
3263f6ef-6900-4715-9f9b-184c6ad1587a,130008493,DDT Rhône,false,"{69001,69002,69003,69004,69005,69006,69007,69008,69009,69010,69012,69013,69014,69016,69017,69018,69019,69020,69021,69022,69023,69024,69026,69027,69028,69029,69030,69031,69032,69033,69034,69035,69036,69037,69038,69039,69040,69042,69043,69044,69045,69046,69047,69049,69050,69051,69052,69053,69054,69055,69056,69057,69058,69059,69060,69061,69062,69063,69064,69065,69066,69067,69068,69069,69070,69071,69072,69074,69075,69076,69077,69078,69080,69081,69082,69083,69084,69085,69086,69087,69088,69089,69090,69091,69092,69093,69094,69095,69096,69097,69098,69099,69100,69102,69103,69104,69105,69106,69107,69108,69109,69110,69111,69112,69113,69115,69116,69117,69118,69119,69120,69121,69122,69123,69124,69125,69126,69127,69130,69131,69132,69133,69134,69135,69136,69137,69138,69139,69140,69141,69142,69143,69145,69148,69149,69151,69153,69154,69155,69156,69157,69160,69161,69162,69163,69164,69165,69166,69167,69168,69169,69170,69171,69172,69173,69174,69175,69176,69177,69178,69179,69180,69181,69182,69183,69184,69186,69187,69188,69189,69190,69191,69192,69193,69194,69196,69197,69198,69199,69200,69201,69202,69203,69204,69205,69206,69207,69208,69209,69212,69214,69215,69216,69217,69218,69219,69220,69225,69227,69228,69229,69230,69231,69233,69234,69235,69236,69238,69239,69240,69241,69242,69243,69244,69245,69246,69248,69249,69250,69252,69253,69254,69255,69256,69257,69258,69259,69260,69261,69263,69264,69265,69266,69267,69268,69269,69270,69271,69272,69273,69275,69276,69277,69278,69279,69280,69281,69282,69283,69284,69285,69286,69287,69288,69289,69290,69291,69292,69293,69294,69295,69296,69297,69298,69299,69381,69382,69383,69384,69385,69386,69387,69388,69389}",SDED,2026-03-24 14:41:32.274366+01,gold_establishments_2025,,,,13000849300020,2025,Services de l'Etat,Département,['Rhône'],['Auvergne-Rhône-Alpes'],DDT,{69},{84}
4f40108c-440e-4584-80df-ec8c3482f59e,130009434,DDT Sarthe,false,"{72001,72002,72003,72004,72005,72006,72007,72008,72009,72010,72011,72012,72013,72015,72016,72017,72018,72019,72020,72021,72022,72023,72024,72025,72026,72027,72028,72029,72031,72032,72034,72035,72036,72037,72038,72039,72040,72041,72042,72043,72044,72045,72046,72047,72048,72049,72050,72051,72052,72053,72054,72056,72057,72058,72059,72060,72061,72062,72064,72065,72066,72067,72068,72070,72071,72072,72073,72074,72075,72076,72077,72078,72079,72080,72083,72084,72085,72086,72087,72088,72089,72090,72091,72093,72094,72095,72096,72098,72099,72100,72101,72102,72103,72104,72105,72106,72107,72109,72110,72111,72112,72113,72114,72115,72118,72119,72120,72121,72122,72123,72124,72125,72126,72127,72128,72129,72130,72131,72132,72133,72134,72135,72136,72137,72138,72139,72141,72142,72143,72144,72145,72146,72147,72148,72149,72150,72151,72152,72153,72154,72155,72156,72157,72158,72160,72161,72163,72164,72165,72166,72167,72168,72169,72170,72171,72172,72173,72174,72175,72176,72177,72178,72179,72180,72181,72182,72183,72184,72185,72186,72187,72188,72189,72190,72191,72192,72193,72194,72195,72196,72197,72198,72199,72200,72201,72202,72204,72205,72208,72209,72210,72211,72212,72213,72214,72215,72216,72217,72218,72219,72220,72221,72222,72223,72224,72225,72226,72227,72228,72229,72230,72231,72232,72233,72234,72235,72236,72237,72238,72239,72241,72243,72244,72245,72246,72247,72248,72249,72250,72251,72252,72253,72254,72255,72256,72257,72259,72260,72261,72262,72264,72265,72266,72267,72268,72269,72270,72271,72272,72273,72274,72275,72276,72277,72278,72279,72280,72281,72282,72283,72286,72289,72290,72291,72292,72293,72294,72295,72296,72297,72299,72300,72302,72303,72305,72306,72307,72308,72309,72310,72311,72312,72313,72314,72315,72316,72317,72319,72320,72321,72322,72323,72324,72325,72326,72327,72328,72329,72330,72331,72332,72333,72334,72335,72336,72337,72338,72339,72340,72341,72342,72343,72344,72345,72346,72347,72348,72349,72350,72351,72352,72353,72354,72355,72356,72357,72358,72359,72360,72361,72362,72363,72364,72366,72367,72368,72369,72370,72372,72373,72374,72375,72376,72377,72378,72379,72380,72381,72382,72383,72385,72386}",SDED,2026-03-24 14:41:32.274366+01,gold_establishments_2025,,,,13000943400023,2025,Services de l'Etat,Département,['Sarthe'],['Pays de la Loire'],DDT,{72},{52}
e7ec210b-96df-452b-a0bf-1b881fdaf2ad,130008246,DDT Savoie,false,"{73001,73003,73004,73005,73006,73007,73008,73010,73011,73012,73013,73014,73015,73017,73018,73019,73020,73021,73022,73023,73024,73025,73026,73027,73028,73029,73030,73031,73032,73033,73034,73036,73039,73040,73041,73042,73043,73047,73048,73049,73050,73051,73052,73053,73054,73055,73057,73058,73059,73061,73063,73064,73065,73067,73068,73069,73070,73071,73072,73073,73074,73075,73076,73077,73078,73079,73081,73082,73083,73084,73085,73086,73087,73088,73089,73090,73091,73092,73094,73095,73096,73097,73098,73099,73100,73101,73103,73104,73105,73106,73107,73109,73110,73113,73114,73116,73117,73119,73120,73121,73122,73123,73124,73128,73129,73130,73131,73132,73133,73135,73137,73138,73139,73140,73141,73142,73145,73146,73147,73149,73150,73151,73152,73153,73154,73155,73156,73157,73159,73160,73161,73162,73164,73166,73168,73170,73171,73173,73175,73176,73177,73178,73179,73180,73181,73182,73183,73184,73186,73187,73188,73189,73190,73191,73192,73193,73194,73196,73197,73200,73201,73202,73204,73205,73206,73207,73208,73210,73211,73212,73213,73214,73215,73216,73217,73218,73219,73220,73221,73222,73223,73224,73225,73226,73227,73228,73229,73230,73231,73232,73233,73234,73235,73236,73237,73240,73241,73242,73243,73245,73246,73247,73248,73249,73250,73252,73253,73254,73255,73256,73257,73258,73259,73261,73262,73263,73265,73267,73268,73269,73270,73271,73272,73273,73274,73275,73276,73277,73278,73280,73281,73282,73283,73284,73285,73286,73288,73289,73290,73292,73293,73294,73296,73297,73298,73299,73300,73301,73302,73303,73304,73306,73307,73308,73309,73310,73311,73312,73313,73314,73315,73316,73317,73318,73320,73322,73323,73324,73326,73327,73328,73329,73330}",SDED,2026-03-24 14:41:32.274366+01,gold_establishments_2025,,,,13000824600014,2025,Services de l'Etat,Département,['Savoie'],['Auvergne-Rhône-Alpes'],DDT,{73},{84}
33bb6e18-2d81-4a94-957e-d727f8a2b93e,130010739,DDT Saône-et-Loire,false,"{71001,71002,71003,71004,71005,71006,71007,71008,71009,71010,71011,71012,71013,71014,71015,71016,71017,71018,71019,71020,71021,71022,71023,71024,71025,71026,71027,71028,71029,71030,71031,71032,71033,71034,71035,71036,71037,71038,71039,71040,71041,71042,71043,71044,71045,71046,71047,71048,71050,71051,71052,71054,71056,71057,71058,71059,71060,71061,71062,71063,71064,71065,71066,71067,71068,71069,71070,71071,71072,71073,71074,71075,71076,71077,71078,71079,71080,71081,71082,71084,71085,71086,71087,71088,71089,71090,71091,71092,71093,71094,71095,71096,71097,71098,71099,71100,71101,71102,71103,71104,71105,71106,71107,71108,71109,71110,71111,71112,71113,71115,71116,71117,71118,71119,71120,71121,71122,71123,71124,71125,71126,71127,71128,71129,71130,71132,71133,71134,71135,71136,71137,71139,71140,71141,71142,71143,71144,71145,71146,71147,71148,71149,71150,71151,71152,71153,71154,71155,71156,71157,71158,71159,71160,71161,71162,71163,71164,71165,71166,71167,71168,71169,71170,71171,71172,71173,71174,71175,71176,71177,71178,71179,71181,71182,71183,71184,71185,71186,71187,71188,71189,71190,71191,71192,71193,71194,71195,71196,71198,71199,71200,71201,71202,71203,71204,71205,71206,71207,71208,71209,71210,71212,71213,71214,71215,71216,71217,71218,71219,71220,71221,71222,71223,71224,71225,71226,71227,71228,71229,71230,71231,71232,71233,71234,71235,71236,71237,71238,71239,71240,71241,71242,71243,71244,71245,71246,71247,71248,71249,71250,71251,71252,71253,71254,71255,71256,71257,71258,71259,71261,71262,71263,71264,71266,71267,71268,71269,71270,71271,71272,71273,71274,71275,71276,71277,71278,71279,71280,71281,71282,71283,71284,71285,71286,71287,71289,71290,71291,71292,71293,71294,71295,71296,71297,71299,71300,71301,71302,71303,71305,71306,71307,71308,71309,71310,71311,71312,71313,71314,71315,71316,71317,71318,71319,71320,71321,71322,71323,71324,71325,71326,71327,71328,71329,71330,71331,71332,71333,71334,71335,71336,71337,71338,71339,71340,71341,71342,71343,71344,71345,71346,71347,71348,71349,71350,71351,71352,71353,71354,71355,71356,71357,71358,71359,71360,71361,71362,71363,71364,71365,71366,71367,71368,71369,71370,71371,71372,71373,71374,71376,71377,71378,71379,71380,71381,71382,71383,71384,71385,71386,71387,71388,71389,71390,71391,71392,71393,71394,71395,71396,71397,71398,71399,71400,71401,71402,71403,71404,71405,71406,71407,71408,71409,71410,71411,71412,71413,71414,71415,71416,71417,71419,71420,71421,71422,71423,71424,71425,71426,71427,71428,71430,71431,71433,71434,71435,71436,71437,71438,71439,71440,71441,71442,71443,71444,71445,71446,71447,71448,71449,71450,71451,71452,71453,71454,71455,71456,71457,71458,71459,71460,71461,71462,71463,71464,71465,71466,71468,71469,71470,71471,71472,71473,71474,71475,71477,71478,71479,71480,71481,71482,71483,71484,71485,71486,71487,71488,71489,71490,71491,71493,71494,71495,71496,71497,71498,71499,71500,71501,71502,71503,71504,71505,71506,71507,71508,71509,71510,71512,71513,71514,71515,71516,71517,71518,71519,71520,71521,71522,71523,71524,71525,71526,71527,71528,71529,71530,71531,71532,71533,71534,71535,71537,71538,71539,71540,71541,71542,71543,71544,71545,71546,71547,71548,71549,71550,71551,71552,71553,71554,71555,71556,71557,71558,71559,71561,71562,71563,71564,71565,71566,71567,71568,71570,71571,71572,71573,71574,71576,71577,71578,71579,71580,71581,71582,71583,71584,71585,71586,71588,71589,71590,71591}",SDED,2026-03-24 14:41:32.274366+01,gold_establishments_2025,,,,13001073900014,2025,Services de l'Etat,Département,['Saône-et-Loire'],['Bourgogne-Franche-Comté'],DDT,{71},{27}
13695541-1ca0-4eb0-83c4-caf56123aa07,130012339,DDT Seine-et-Marne,false,"{77001,77002,77003,77004,77005,77006,77007,77008,77009,77010,77011,77012,77013,77014,77015,77016,77018,77019,77020,77021,77022,77023,77024,77025,77026,77027,77029,77030,77031,77032,77033,77034,77035,77036,77037,77038,77039,77040,77041,77042,77043,77044,77045,77046,77047,77048,77049,77050,77051,77052,77053,77054,77055,77056,77057,77058,77059,77060,77061,77062,77063,77065,77066,77067,77068,77069,77070,77071,77072,77073,77075,77076,77077,77078,77079,77080,77081,77082,77083,77084,77085,77086,77087,77088,77089,77090,77091,77093,77094,77095,77096,77097,77098,77099,77100,77101,77102,77103,77104,77106,77107,77108,77109,77110,77111,77112,77113,77114,77115,77116,77117,77118,77119,77120,77121,77122,77123,77124,77125,77126,77127,77128,77129,77130,77131,77132,77133,77134,77135,77136,77137,77138,77139,77140,77141,77142,77143,77144,77145,77146,77147,77148,77150,77151,77152,77153,77154,77155,77156,77157,77158,77159,77161,77162,77163,77164,77165,77167,77168,77169,77171,77172,77173,77174,77175,77176,77177,77178,77179,77180,77181,77182,77183,77184,77185,77186,77187,77188,77190,77191,77192,77193,77194,77195,77196,77197,77198,77199,77200,77201,77202,77203,77204,77205,77206,77207,77208,77209,77210,77211,77212,77214,77215,77216,77217,77218,77219,77220,77221,77222,77223,77224,77225,77226,77227,77228,77229,77230,77231,77232,77233,77234,77235,77236,77237,77238,77239,77240,77241,77242,77243,77244,77245,77246,77247,77248,77249,77250,77251,77252,77253,77254,77255,77256,77257,77258,77259,77260,77261,77262,77263,77264,77265,77266,77267,77268,77269,77270,77271,77272,77273,77274,77275,77276,77277,77278,77279,77280,77281,77282,77283,77284,77285,77286,77287,77288,77289,77290,77291,77292,77293,77294,77295,77296,77297,77298,77300,77301,77302,77303,77304,77305,77306,77307,77308,77309,77310,77311,77312,77313,77314,77315,77316,77317,77318,77319,77320,77321,77322,77323,77325,77326,77327,77328,77329,77330,77331,77332,77333,77335,77336,77337,77338,77339,77340,77341,77342,77343,77344,77345,77347,77348,77349,77350,77352,77353,77354,77355,77356,77357,77358,77359,77360,77361,77363,77364,77365,77366,77367,77368,77369,77370,77371,77372,77373,77374,77376,77377,77378,77379,77380,77381,77382,77383,77384,77385,77386,77387,77388,77389,77390,77391,77392,77393,77394,77395,77396,77397,77398,77400,77401,77402,77403,77404,77405,77406,77407,77408,77409,77410,77411,77412,77413,77414,77415,77416,77417,77418,77419,77420,77421,77423,77424,77425,77426,77427,77428,77429,77430,77431,77432,77433,77434,77435,77436,77437,77438,77439,77440,77441,77442,77443,77444,77445,77446,77447,77448,77449,77450,77451,77452,77453,77454,77455,77456,77457,77458,77459,77460,77461,77462,77463,77464,77465,77466,77467,77468,77469,77470,77471,77472,77473,77474,77475,77476,77477,77478,77479,77480,77481,77482,77483,77484,77485,77486,77487,77489,77490,77492,77493,77494,77495,77496,77498,77500,77501,77504,77505,77506,77507,77508,77509,77510,77511,77512,77513,77514,77515,77516,77517,77518,77519,77520,77521,77522,77523,77524,77525,77526,77527,77528,77529,77530,77531,77532,77533,77534}",SDED,2026-03-24 14:41:32.274366+01,gold_establishments_2025,,,,13001233900011,2025,Services de l'Etat,Département,['Seine-et-Marne'],['Île-de-France'],DDT,{77},{11}
7b686ccf-2c8e-463b-bc3a-01869387af4f,130008188,DDT Tarn,false,"{81001,81002,81003,81004,81005,81006,81007,81008,81009,81010,81011,81012,81013,81014,81015,81016,81017,81018,81019,81020,81021,81022,81023,81024,81025,81026,81027,81028,81029,81030,81031,81032,81033,81034,81035,81036,81037,81038,81039,81040,81041,81042,81043,81044,81045,81046,81047,81048,81049,81050,81051,81052,81053,81054,81055,81056,81058,81059,81060,81061,81062,81063,81064,81065,81066,81067,81068,81069,81070,81071,81072,81073,81074,81075,81076,81077,81078,81079,81080,81081,81082,81083,81084,81085,81086,81087,81088,81089,81090,81092,81093,81094,81095,81096,81097,81098,81099,81100,81101,81102,81103,81104,81105,81106,81108,81109,81110,81111,81112,81114,81115,81116,81117,81118,81119,81120,81121,81122,81123,81124,81125,81126,81127,81128,81129,81130,81131,81132,81133,81134,81135,81136,81137,81138,81139,81140,81141,81142,81143,81144,81145,81146,81147,81148,81149,81150,81151,81152,81154,81156,81157,81158,81159,81160,81161,81162,81163,81164,81165,81166,81167,81168,81169,81170,81171,81172,81173,81174,81175,81176,81177,81178,81179,81180,81181,81182,81183,81184,81185,81186,81187,81188,81189,81190,81191,81192,81193,81195,81196,81197,81198,81199,81200,81201,81202,81203,81204,81205,81206,81207,81208,81209,81210,81211,81212,81213,81214,81215,81216,81217,81218,81219,81220,81221,81222,81223,81224,81225,81227,81228,81229,81230,81231,81232,81233,81234,81235,81236,81237,81238,81239,81240,81242,81243,81244,81245,81246,81247,81248,81249,81250,81251,81252,81253,81254,81255,81256,81257,81258,81259,81261,81262,81263,81264,81265,81266,81267,81268,81269,81270,81271,81272,81273,81274,81275,81276,81277,81278,81279,81280,81281,81282,81283,81284,81285,81286,81287,81288,81289,81290,81291,81292,81293,81294,81295,81297,81298,81299,81300,81302,81303,81304,81305,81306,81307,81308,81309,81310,81311,81312,81313,81314,81315,81316,81317,81318,81319,81320,81321,81322,81323,81324,81325,81326}",SDED,2026-03-24 14:41:32.274366+01,gold_establishments_2025,,,,13000818800018,2025,Services de l'Etat,Département,['Tarn'],['Occitanie'],DDT,{81},{76}
6ab1743e-9a76-4f2b-8a73-e7803f086254,130011224,DDT Tarn-et-Garonne,false,"{82001,82002,82003,82004,82005,82006,82007,82008,82009,82010,82011,82012,82013,82014,82015,82016,82017,82018,82019,82020,82021,82022,82023,82024,82025,82026,82027,82028,82029,82030,82031,82032,82033,82034,82035,82036,82037,82038,82039,82040,82041,82042,82043,82044,82045,82046,82047,82048,82049,82050,82051,82052,82053,82054,82055,82056,82057,82058,82059,82060,82061,82062,82063,82064,82065,82066,82067,82068,82069,82070,82071,82072,82073,82074,82075,82076,82077,82078,82079,82080,82081,82082,82083,82084,82085,82086,82087,82088,82089,82090,82091,82092,82093,82094,82095,82096,82097,82098,82099,82100,82101,82102,82103,82104,82105,82106,82107,82108,82109,82110,82111,82112,82113,82114,82115,82116,82117,82118,82119,82120,82121,82122,82123,82124,82125,82126,82127,82128,82129,82130,82131,82132,82133,82134,82135,82136,82137,82138,82139,82140,82141,82142,82143,82144,82145,82146,82147,82148,82149,82150,82151,82152,82153,82154,82155,82156,82157,82158,82159,82160,82161,82162,82163,82164,82165,82166,82167,82168,82169,82170,82171,82172,82173,82174,82175,82176,82177,82178,82179,82180,82181,82182,82183,82184,82185,82186,82187,82188,82189,82190,82191,82192,82193,82194,82195}",SDED,2026-03-24 14:41:32.274366+01,gold_establishments_2025,,,,13001122400016,2025,Services de l'Etat,Département,['Tarn-et-Garonne'],['Occitanie'],DDT,{82},{76}
5b8e68b4-1ead-45e8-a40f-05fe7549f698,130011331,DDT Territoire de Belfort,false,"{90001,90002,90003,90004,90005,90006,90007,90008,90009,90010,90011,90012,90013,90014,90015,90016,90017,90018,90019,90020,90021,90022,90023,90024,90025,90026,90027,90028,90029,90030,90031,90032,90033,90034,90035,90036,90037,90039,90041,90042,90043,90044,90045,90046,90047,90048,90049,90050,90051,90052,90053,90054,90055,90056,90057,90058,90059,90060,90061,90062,90063,90064,90065,90066,90067,90068,90069,90070,90071,90072,90074,90075,90076,90077,90078,90079,90080,90081,90082,90083,90084,90085,90086,90087,90088,90089,90090,90091,90093,90094,90095,90096,90097,90098,90099,90100,90101,90102,90103,90104,90105}",SDED,2026-03-24 14:41:32.274366+01,gold_establishments_2025,,,,13001133100019,2025,Services de l'Etat,Département,['Territoire de Belfort'],['Bourgogne-Franche-Comté'],DDT,{90},{27}
3e121668-5837-40c4-b511-7eab9b2efcb5,130012115,DDT Val-dOise,false,"{95002,95008,95011,95012,95014,95018,95019,95023,95024,95026,95028,95039,95040,95042,95046,95051,95052,95054,95055,95056,95058,95059,95060,95061,95063,95074,95078,95088,95091,95094,95101,95102,95110,95116,95119,95120,95127,95134,95139,95141,95142,95144,95149,95150,95151,95154,95157,95166,95169,95170,95176,95177,95181,95183,95197,95199,95203,95205,95210,95211,95212,95213,95214,95218,95219,95229,95241,95250,95252,95253,95254,95256,95257,95258,95268,95270,95271,95277,95280,95287,95288,95295,95298,95301,95303,95304,95306,95308,95309,95313,95316,95323,95328,95331,95341,95348,95351,95352,95353,95355,95365,95369,95370,95371,95379,95387,95388,95392,95394,95395,95409,95422,95424,95426,95427,95428,95429,95430,95436,95438,95445,95446,95447,95450,95452,95456,95459,95462,95476,95480,95483,95487,95488,95489,95491,95492,95493,95500,95504,95509,95510,95523,95527,95529,95535,95539,95541,95543,95554,95555,95563,95566,95572,95574,95580,95582,95584,95585,95592,95594,95598,95604,95607,95610,95611,95612,95625,95627,95628,95633,95637,95641,95651,95652,95656,95658,95660,95675,95676,95678,95680,95682,95690}",SDED,2026-03-24 14:41:32.274366+01,gold_establishments_2025,,,,13001211500015,2025,Services de l'Etat,Département,['Val-dOise'],['Île-de-France'],DDT,{95},{11}
09647b4a-2ba1-4362-954e-0567b4fdec1e,130011398,DDT Vaucluse,false,"{84001,84002,84003,84004,84005,84006,84007,84008,84009,84010,84011,84012,84013,84014,84015,84016,84017,84018,84019,84020,84021,84022,84023,84024,84025,84026,84027,84028,84029,84030,84031,84032,84033,84034,84035,84036,84037,84038,84039,84040,84041,84042,84043,84044,84045,84046,84047,84048,84049,84050,84051,84052,84053,84054,84055,84056,84057,84058,84059,84060,84061,84062,84063,84064,84065,84066,84067,84068,84069,84070,84071,84072,84073,84074,84075,84076,84077,84078,84079,84080,84081,84082,84083,84084,84085,84086,84087,84088,84089,84090,84091,84092,84093,84094,84095,84096,84097,84098,84099,84100,84101,84102,84103,84104,84105,84106,84107,84108,84109,84110,84111,84112,84113,84114,84115,84116,84117,84118,84119,84120,84121,84122,84123,84124,84125,84126,84127,84128,84129,84130,84131,84132,84133,84134,84135,84136,84137,84138,84139,84140,84141,84142,84143,84144,84145,84146,84147,84148,84149,84150,84151}",SDED,2026-03-24 14:41:32.274366+01,gold_establishments_2025,,,,13001139800018,2025,Services de l'Etat,Département,['Vaucluse'],['Provence-Alpes-Côte dAzur'],DDT,{84},{93}
fd826d58-c5fb-4b72-98e6-4b0b59a8f726,130009483,DDT Vienne,false,"{86001,86002,86003,86004,86005,86006,86007,86008,86009,86010,86011,86012,86013,86014,86015,86016,86017,86018,86019,86020,86022,86023,86024,86025,86026,86027,86028,86029,86031,86032,86034,86035,86036,86037,86038,86039,86040,86041,86042,86044,86045,86046,86047,86048,86049,86050,86051,86052,86053,86054,86055,86058,86059,86061,86062,86063,86064,86065,86066,86068,86069,86070,86072,86073,86074,86075,86076,86077,86078,86079,86080,86081,86082,86083,86084,86085,86086,86087,86088,86089,86090,86091,86092,86093,86094,86095,86096,86097,86098,86099,86100,86102,86103,86104,86105,86106,86107,86108,86109,86110,86111,86112,86113,86114,86115,86116,86117,86118,86119,86120,86121,86122,86123,86124,86125,86126,86127,86128,86129,86130,86131,86132,86133,86134,86135,86136,86137,86138,86139,86140,86141,86142,86143,86144,86145,86147,86148,86149,86150,86151,86152,86153,86154,86156,86157,86158,86159,86160,86161,86162,86163,86164,86165,86167,86169,86170,86171,86172,86173,86174,86175,86176,86177,86178,86180,86181,86182,86183,86184,86186,86187,86189,86190,86191,86192,86193,86194,86195,86196,86197,86198,86200,86201,86202,86203,86204,86205,86206,86207,86209,86210,86211,86213,86214,86217,86218,86220,86221,86222,86223,86224,86225,86226,86227,86228,86229,86230,86233,86234,86235,86236,86237,86239,86241,86242,86244,86245,86246,86247,86248,86249,86250,86252,86253,86254,86255,86256,86257,86258,86260,86261,86262,86263,86264,86265,86266,86268,86269,86270,86271,86272,86273,86274,86275,86276,86279,86280,86281,86284,86285,86286,86287,86288,86289,86290,86291,86292,86293,86294,86295,86296,86297,86298,86299,86300}",SDED,2026-03-24 14:41:32.274366+01,gold_establishments_2025,,,,13000948300012,2025,Services de l'Etat,Département,['Vienne'],['Nouvelle-Aquitaine'],DDT,{86},{75}
08b32bc6-5449-457b-adf7-7bbadf4acb75,130008592,DDT Vosges,false,"{88001,88002,88003,88004,88005,88006,88007,88008,88009,88010,88011,88012,88013,88014,88015,88016,88017,88019,88020,88021,88022,88023,88024,88025,88026,88027,88028,88029,88030,88031,88032,88033,88035,88036,88037,88038,88039,88040,88041,88042,88043,88044,88045,88046,88047,88048,88049,88050,88051,88052,88053,88054,88055,88056,88057,88058,88059,88060,88061,88062,88063,88064,88065,88066,88068,88069,88070,88071,88073,88074,88075,88076,88077,88078,88079,88080,88081,88082,88083,88084,88085,88086,88087,88088,88089,88090,88091,88092,88093,88094,88095,88096,88097,88098,88099,88100,88101,88102,88103,88104,88105,88106,88107,88108,88109,88110,88111,88113,88114,88115,88116,88117,88118,88119,88120,88121,88122,88123,88124,88125,88126,88127,88128,88129,88130,88131,88132,88133,88134,88135,88136,88137,88138,88139,88140,88141,88142,88143,88144,88145,88146,88147,88148,88149,88150,88151,88152,88153,88154,88155,88156,88157,88158,88159,88160,88161,88162,88163,88164,88165,88166,88167,88168,88169,88170,88171,88172,88173,88174,88175,88176,88177,88178,88179,88180,88181,88182,88183,88184,88185,88186,88187,88188,88189,88190,88192,88193,88194,88195,88196,88197,88198,88199,88200,88201,88202,88203,88205,88206,88208,88209,88210,88212,88213,88214,88215,88216,88218,88219,88220,88221,88222,88223,88224,88225,88226,88227,88228,88229,88230,88231,88232,88233,88236,88237,88238,88239,88240,88241,88242,88243,88244,88245,88246,88247,88248,88249,88250,88251,88252,88253,88254,88255,88256,88257,88258,88259,88260,88261,88262,88263,88264,88265,88266,88267,88268,88269,88270,88271,88272,88273,88274,88275,88276,88277,88278,88279,88280,88281,88283,88284,88285,88286,88287,88288,88289,88290,88291,88292,88293,88294,88295,88296,88297,88298,88299,88300,88301,88302,88303,88304,88305,88306,88307,88308,88309,88310,88311,88312,88313,88314,88315,88316,88317,88318,88319,88320,88321,88322,88324,88325,88326,88327,88328,88330,88331,88332,88333,88334,88335,88336,88338,88340,88341,88342,88343,88344,88345,88346,88347,88348,88349,88350,88351,88352,88353,88354,88355,88356,88357,88358,88359,88360,88361,88362,88363,88364,88365,88366,88367,88368,88369,88370,88371,88372,88373,88374,88375,88376,88377,88378,88379,88380,88381,88382,88383,88385,88386,88387,88388,88389,88390,88391,88394,88395,88398,88399,88400,88401,88402,88403,88404,88406,88407,88408,88409,88410,88411,88412,88413,88415,88416,88417,88418,88419,88421,88423,88424,88425,88426,88427,88428,88429,88430,88431,88432,88433,88434,88435,88436,88437,88438,88439,88440,88441,88442,88443,88444,88445,88446,88447,88448,88449,88450,88451,88452,88453,88454,88455,88456,88457,88458,88459,88460,88461,88462,88463,88464,88465,88466,88467,88468,88469,88470,88471,88472,88473,88474,88475,88476,88477,88478,88479,88480,88481,88482,88483,88484,88485,88486,88487,88488,88489,88490,88491,88492,88493,88494,88495,88496,88497,88498,88499,88500,88501,88502,88503,88504,88505,88506,88507,88508,88509,88510,88511,88512,88513,88514,88515,88516,88517,88518,88519,88520,88521,88522,88523,88524,88525,88526,88527,88528,88529,88530,88531,88532}",SDED,2026-03-24 14:41:32.274366+01,gold_establishments_2025,,,,13000859200011,2025,Services de l'Etat,Département,['Vosges'],['Grand Est'],DDT,{88},{44}
e532fe1e-e3ba-4c8a-8b98-f731ea6b42fd,130009400,DDT Yonne,false,"{89002,89003,89004,89005,89006,89007,89008,89009,89010,89011,89012,89013,89014,89015,89016,89017,89018,89019,89020,89021,89022,89023,89024,89025,89027,89028,89029,89030,89031,89032,89033,89034,89035,89036,89037,89038,89039,89040,89041,89042,89043,89044,89045,89046,89048,89049,89050,89051,89053,89054,89055,89056,89057,89058,89059,89060,89061,89062,89063,89064,89065,89066,89067,89068,89069,89071,89072,89073,89074,89075,89076,89077,89079,89080,89081,89083,89084,89085,89086,89087,89088,89089,89091,89092,89093,89094,89095,89096,89098,89099,89100,89101,89102,89104,89105,89108,89111,89112,89113,89115,89116,89117,89118,89119,89120,89122,89123,89124,89125,89126,89127,89128,89129,89130,89131,89132,89133,89134,89136,89137,89139,89141,89142,89143,89144,89145,89146,89147,89148,89149,89150,89151,89152,89153,89154,89155,89156,89158,89159,89160,89161,89162,89163,89164,89165,89167,89168,89169,89170,89171,89172,89173,89175,89176,89177,89179,89180,89181,89182,89183,89184,89186,89187,89188,89189,89190,89191,89194,89195,89196,89197,89198,89199,89200,89201,89202,89203,89204,89205,89206,89207,89208,89209,89210,89211,89212,89214,89215,89216,89217,89218,89219,89220,89221,89222,89223,89224,89225,89226,89227,89228,89229,89230,89232,89233,89234,89235,89236,89237,89238,89239,89240,89242,89244,89245,89246,89247,89248,89249,89250,89251,89252,89253,89254,89255,89256,89257,89259,89261,89262,89263,89264,89265,89266,89267,89268,89270,89271,89272,89273,89274,89276,89277,89278,89279,89280,89281,89282,89283,89284,89285,89286,89287,89288,89289,89290,89291,89292,89295,89296,89297,89298,89299,89300,89302,89303,89304,89306,89307,89308,89309,89310,89311,89312,89313,89314,89315,89316,89318,89319,89320,89321,89323,89324,89325,89326,89327,89328,89329,89331,89332,89333,89334,89335,89336,89337,89338,89339,89341,89342,89344,89345,89346,89347,89348,89349,89350,89351,89352,89353,89354,89355,89359,89360,89361,89362,89363,89364,89365,89367,89368,89369,89370,89371,89373,89374,89375,89376,89377,89378,89379,89380,89382,89383,89384,89385,89386,89387,89388,89390,89391,89392,89393,89394,89395,89397,89398,89399,89400,89402,89403,89404,89405,89406,89407,89408,89409,89410,89411,89412,89413,89414,89415,89416,89417,89418,89419,89420,89422,89423,89424,89425,89426,89427,89428,89430,89431,89432,89433,89434,89436,89437,89438,89439,89440,89441,89442,89443,89445,89446,89447,89449,89450,89451,89452,89453,89456,89458,89459,89460,89461,89462,89463,89464,89465,89466,89467,89468,89469,89470,89471,89472,89474,89475,89477,89478,89479,89480,89481,89482,89483,89485,89486}",SDED,2026-03-24 14:41:32.274366+01,gold_establishments_2025,,,,13000940000016,2025,Services de l'Etat,Département,['Yonne'],['Bourgogne-Franche-Comté'],DDT,{89},{27}
cbf9e069-7588-4a6d-a91c-e337a8a56905,130012073,DDT Yvelines,false,"{78003,78005,78006,78007,78009,78010,78013,78015,78020,78029,78030,78031,78033,78034,78036,78043,78048,78049,78050,78053,78057,78062,78068,78070,78071,78072,78073,78076,78077,78082,78084,78087,78089,78090,78092,78096,78104,78107,78108,78113,78117,78118,78120,78123,78124,78125,78126,78128,78133,78138,78140,78143,78146,78147,78152,78158,78160,78162,78163,78164,78165,78168,78171,78172,78185,78188,78189,78190,78192,78193,78194,78196,78202,78206,78208,78209,78217,78220,78224,78227,78230,78231,78233,78234,78236,78237,78238,78239,78242,78245,78246,78255,78261,78262,78263,78264,78265,78267,78269,78276,78278,78281,78283,78285,78289,78290,78291,78296,78297,78299,78300,78302,78305,78307,78310,78311,78314,78317,78320,78321,78322,78324,78325,78327,78329,78334,78335,78337,78343,78344,78346,78349,78350,78354,78356,78358,78361,78362,78364,78366,78367,78368,78372,78380,78381,78382,78383,78384,78385,78389,78391,78396,78397,78398,78401,78402,78403,78404,78406,78407,78410,78413,78415,78416,78417,78418,78420,78423,78431,78437,78439,78440,78442,78443,78444,78451,78455,78460,78464,78465,78466,78470,78472,78474,78475,78478,78481,78484,78486,78490,78497,78498,78499,78501,78502,78505,78506,78513,78516,78517,78518,78520,78522,78528,78530,78531,78536,78537,78545,78548,78550,78551,78557,78558,78559,78561,78562,78564,78565,78567,78569,78571,78575,78576,78586,78588,78590,78591,78597,78601,78605,78606,78608,78609,78615,78616,78618,78620,78621,78623,78624,78638,78640,78642,78643,78644,78646,78647,78650,78653,78655,78668,78672,78674,78677,78681,78683,78686,78688}","",2026-03-24 14:41:32.274366+01,gold_establishments_2025,,,,13001207300016,2025,Services de l'Etat,Département,['Yvelines'],['Île-de-France'],DDT,{78},{11}
ebd97d65-7e77-4631-a247-85027a3497cb,130011232,DDTM Alpes-Maritimes,false,"{06001,06002,06003,06004,06005,06006,06007,06008,06009,06010,06011,06012,06013,06014,06015,06016,06017,06018,06019,06020,06021,06022,06023,06024,06025,06026,06027,06028,06029,06030,06031,06032,06033,06034,06035,06036,06037,06038,06039,06040,06041,06042,06043,06044,06045,06046,06047,06048,06049,06050,06051,06052,06053,06054,06055,06056,06057,06058,06059,06060,06061,06062,06063,06064,06065,06066,06067,06068,06069,06070,06071,06072,06073,06074,06075,06076,06077,06078,06079,06080,06081,06082,06083,06084,06085,06086,06087,06088,06089,06090,06091,06092,06093,06094,06095,06096,06097,06098,06099,06100,06101,06102,06103,06104,06105,06106,06107,06108,06109,06110,06111,06112,06113,06114,06115,06116,06117,06118,06119,06120,06121,06122,06123,06124,06125,06126,06127,06128,06129,06130,06131,06132,06133,06134,06135,06136,06137,06138,06139,06140,06141,06142,06143,06144,06145,06146,06147,06148,06149,06150,06151,06152,06153,06154,06155,06156,06157,06158,06159,06160,06161,06162,06163}",SDED,2026-03-24 14:41:32.274366+01,gold_establishments_2025,,,,13001123200019,2025,Services de l'Etat,Département,['Alpes-Maritimes'],['Provence-Alpes-Côte dAzur'],DDTM,{06},{93}
4d26785d-8246-4d38-a951-5f0c36aad329,130009004,DDTM Aude,false,"{11001,11002,11003,11004,11005,11006,11007,11008,11009,11010,11011,11012,11013,11014,11015,11016,11017,11018,11019,11020,11021,11022,11023,11024,11025,11026,11027,11028,11029,11030,11031,11032,11033,11034,11035,11036,11037,11038,11039,11040,11041,11042,11043,11044,11045,11046,11047,11048,11049,11051,11052,11053,11054,11055,11056,11057,11058,11059,11060,11061,11062,11063,11064,11065,11066,11067,11068,11069,11070,11071,11072,11073,11074,11075,11076,11077,11078,11079,11080,11081,11082,11083,11084,11085,11086,11087,11088,11089,11090,11091,11092,11093,11094,11095,11096,11098,11099,11100,11101,11102,11103,11104,11105,11106,11107,11108,11109,11110,11111,11112,11113,11114,11115,11116,11117,11118,11119,11120,11121,11122,11123,11124,11125,11126,11127,11128,11129,11130,11131,11132,11133,11134,11135,11136,11137,11138,11139,11140,11141,11142,11143,11144,11145,11146,11147,11148,11149,11150,11151,11152,11153,11154,11155,11156,11157,11158,11159,11160,11161,11162,11163,11164,11165,11166,11167,11168,11169,11170,11172,11173,11174,11175,11176,11177,11178,11179,11180,11181,11182,11183,11184,11185,11186,11187,11188,11189,11190,11191,11192,11193,11194,11195,11196,11197,11198,11199,11200,11201,11202,11203,11204,11205,11206,11207,11208,11209,11210,11211,11212,11213,11214,11215,11216,11217,11218,11219,11220,11221,11222,11223,11224,11225,11226,11227,11228,11229,11230,11231,11232,11233,11234,11235,11236,11238,11239,11240,11241,11242,11243,11244,11245,11246,11247,11248,11249,11250,11251,11252,11253,11254,11255,11256,11257,11258,11259,11260,11261,11262,11263,11264,11265,11266,11267,11268,11269,11270,11271,11272,11273,11274,11275,11276,11277,11278,11279,11280,11281,11282,11283,11284,11285,11286,11287,11288,11289,11290,11291,11292,11293,11294,11295,11296,11297,11299,11300,11301,11302,11303,11304,11305,11306,11307,11308,11309,11310,11311,11312,11313,11314,11315,11316,11317,11318,11319,11320,11321,11322,11323,11324,11325,11326,11327,11328,11330,11331,11332,11333,11334,11335,11336,11337,11338,11339,11340,11341,11342,11343,11344,11345,11346,11347,11348,11350,11351,11352,11353,11354,11355,11356,11357,11358,11359,11360,11361,11362,11363,11364,11365,11366,11367,11368,11369,11370,11371,11372,11373,11374,11375,11376,11377,11378,11379,11380,11381,11382,11383,11384,11385,11386,11387,11388,11389,11390,11391,11392,11393,11394,11395,11396,11397,11398,11399,11400,11401,11402,11404,11405,11406,11407,11408,11409,11410,11411,11412,11413,11414,11415,11416,11417,11418,11419,11420,11421,11422,11423,11424,11425,11426,11427,11428,11429,11430,11431,11432,11433,11434,11435,11436,11437,11438,11439,11440,11441}",SDED,2026-03-24 14:41:32.274366+01,gold_establishments_2025,,,,13000900400016,2025,Services de l'Etat,Département,['Aude'],['Occitanie'],DDTM,{11},{76}
17a22729-9c6b-4515-acdc-defff82a442b,130010135,DDTM Bouches-du-Rhône,false,"{13001,13002,13003,13004,13005,13006,13007,13008,13009,13010,13011,13012,13013,13014,13015,13016,13017,13018,13019,13020,13021,13022,13023,13024,13025,13026,13027,13028,13029,13030,13031,13032,13033,13034,13035,13036,13037,13038,13039,13040,13041,13042,13043,13044,13045,13046,13047,13048,13049,13050,13051,13052,13053,13054,13055,13056,13057,13058,13059,13060,13061,13062,13063,13064,13065,13066,13067,13068,13069,13070,13071,13072,13073,13074,13075,13076,13077,13078,13079,13080,13081,13082,13083,13084,13085,13086,13087,13088,13089,13090,13091,13092,13093,13094,13095,13096,13097,13098,13099,13100,13101,13102,13103,13104,13105,13106,13107,13108,13109,13110,13111,13112,13113,13114,13115,13116,13117,13118,13119,13201,13202,13203,13204,13205,13206,13207,13208,13209,13210,13211,13212,13213,13214,13215,13216}",SDED,2026-03-24 14:41:32.274366+01,gold_establishments_2025,,,,13001013500015,2025,Services de l'Etat,Département,['Bouches-du-Rhône'],['Provence-Alpes-Côte dAzur'],DDTM,{13},{93}
15486c19-3188-4495-b5cd-fdec58039c87,130009020,DDTM Calvados,false,"{14001,14003,14005,14006,14007,14009,14012,14014,14015,14016,14019,14020,14021,14022,14023,14024,14025,14026,14027,14030,14032,14033,14034,14035,14036,14037,14038,14039,14040,14041,14042,14043,14044,14045,14046,14047,14049,14050,14053,14054,14055,14057,14059,14060,14061,14062,14063,14064,14066,14068,14069,14070,14076,14077,14078,14079,14080,14082,14083,14084,14085,14086,14087,14088,14089,14090,14091,14092,14093,14096,14097,14098,14100,14101,14102,14103,14104,14106,14107,14110,14111,14116,14117,14118,14119,14120,14121,14122,14123,14124,14125,14126,14127,14130,14131,14132,14134,14135,14136,14137,14138,14140,14141,14143,14145,14146,14147,14149,14150,14159,14160,14161,14162,14163,14165,14166,14167,14168,14169,14171,14172,14173,14174,14175,14177,14179,14180,14181,14182,14183,14184,14190,14191,14193,14194,14195,14196,14197,14198,14200,14202,14203,14204,14205,14206,14207,14209,14211,14214,14215,14216,14218,14220,14221,14223,14224,14225,14226,14227,14228,14229,14230,14231,14232,14236,14237,14238,14239,14240,14241,14242,14243,14244,14245,14246,14248,14249,14250,14251,14252,14254,14256,14257,14258,14260,14261,14266,14269,14270,14271,14272,14273,14274,14275,14276,14277,14278,14280,14281,14282,14283,14284,14285,14286,14287,14288,14289,14290,14291,14293,14297,14298,14299,14301,14302,14303,14304,14305,14306,14308,14309,14310,14311,14312,14316,14318,14319,14320,14322,14325,14326,14327,14328,14329,14332,14333,14334,14335,14336,14337,14338,14341,14342,14343,14344,14345,14346,14347,14348,14349,14352,14353,14354,14355,14357,14358,14360,14362,14364,14365,14366,14367,14368,14369,14370,14371,14374,14375,14377,14378,14379,14380,14381,14383,14384,14385,14389,14390,14391,14393,14394,14396,14397,14398,14399,14400,14401,14402,14403,14404,14405,14406,14407,14408,14409,14410,14411,14412,14419,14421,14424,14425,14426,14427,14430,14431,14435,14436,14437,14438,14439,14445,14446,14448,14449,14452,14453,14454,14455,14456,14457,14458,14460,14461,14465,14466,14467,14468,14469,14473,14474,14475,14476,14478,14480,14482,14483,14484,14486,14487,14488,14491,14492,14494,14495,14496,14497,14498,14499,14500,14501,14502,14504,14506,14509,14510,14511,14512,14514,14515,14516,14519,14520,14522,14524,14527,14528,14529,14530,14531,14533,14534,14535,14536,14538,14540,14541,14542,14543,14546,14547,14550,14552,14554,14555,14556,14557,14558,14559,14562,14563,14565,14566,14569,14570,14571,14572,14574,14575,14576,14578,14579,14582,14586,14587,14588,14589,14590,14591,14592,14593,14595,14598,14601,14602,14603,14605,14606,14607,14609,14610,14613,14614,14619,14620,14621,14622,14625,14626,14627,14630,14635,14637,14639,14640,14643,14644,14645,14646,14648,14649,14650,14651,14652,14654,14656,14657,14658,14659,14660,14661,14663,14664,14665,14666,14667,14668,14669,14672,14674,14675,14676,14677,14678,14679,14680,14681,14682,14684,14685,14687,14689,14692,14694,14698,14699,14700,14701,14705,14706,14707,14708,14709,14710,14711,14712,14713,14714,14715,14716,14719,14720,14721,14723,14724,14726,14728,14731,14732,14733,14734,14735,14737,14738,14739,14740,14741,14742,14743,14744,14745,14747,14748,14751,14752,14753,14754,14755,14756,14758,14759,14760,14761,14762,14764}",SDED,2026-03-24 14:41:32.274366+01,gold_establishments_2025,,,,13000902000012,2025,Services de l'Etat,Département,['Calvados'],['Normandie'],DDTM,{14},{28}
092d73fc-fda5-4764-aabf-2884d2a4cd54,130010291,DDTM Charente-Maritime,false,"{17002,17003,17004,17005,17006,17007,17008,17009,17010,17011,17012,17013,17015,17016,17017,17018,17019,17020,17021,17022,17023,17024,17025,17026,17027,17028,17029,17030,17031,17032,17033,17034,17035,17036,17037,17038,17039,17041,17042,17043,17044,17045,17046,17047,17048,17049,17050,17051,17052,17053,17054,17055,17056,17057,17058,17059,17060,17061,17062,17063,17064,17065,17066,17067,17068,17069,17070,17071,17072,17073,17074,17075,17076,17077,17078,17079,17080,17081,17082,17083,17084,17085,17086,17087,17089,17091,17092,17093,17094,17095,17096,17097,17098,17099,17100,17101,17102,17104,17105,17106,17107,17108,17109,17110,17111,17112,17113,17114,17115,17116,17117,17118,17119,17120,17121,17122,17124,17125,17126,17127,17128,17129,17130,17131,17132,17133,17134,17135,17136,17137,17138,17139,17140,17141,17142,17143,17145,17146,17147,17148,17149,17150,17151,17152,17153,17154,17155,17156,17157,17158,17159,17160,17161,17162,17163,17164,17165,17166,17167,17168,17171,17172,17173,17174,17175,17176,17177,17178,17179,17180,17181,17182,17183,17184,17185,17186,17187,17188,17190,17191,17192,17193,17194,17195,17196,17197,17198,17199,17200,17201,17202,17203,17204,17205,17206,17207,17208,17209,17210,17211,17212,17213,17214,17215,17216,17217,17218,17219,17220,17221,17222,17223,17224,17225,17226,17227,17228,17229,17230,17231,17232,17233,17234,17235,17236,17237,17239,17240,17241,17242,17243,17244,17245,17246,17247,17248,17249,17250,17252,17253,17254,17255,17256,17257,17258,17259,17260,17261,17262,17263,17264,17265,17266,17267,17268,17269,17270,17271,17273,17274,17275,17276,17277,17278,17279,17280,17281,17282,17283,17284,17285,17286,17287,17288,17289,17290,17291,17292,17293,17294,17295,17296,17297,17298,17299,17300,17301,17302,17303,17304,17305,17306,17307,17308,17309,17310,17311,17312,17313,17314,17315,17316,17317,17318,17319,17320,17321,17322,17323,17324,17325,17326,17327,17328,17329,17330,17331,17332,17333,17335,17336,17337,17338,17339,17340,17341,17342,17343,17344,17345,17346,17347,17348,17349,17350,17351,17353,17354,17355,17356,17357,17358,17359,17360,17361,17362,17363,17364,17365,17366,17367,17369,17372,17373,17374,17375,17376,17377,17378,17379,17380,17381,17382,17383,17384,17385,17386,17387,17388,17389,17390,17391,17393,17394,17395,17396,17397,17398,17400,17401,17402,17403,17404,17405,17406,17407,17408,17409,17410,17411,17412,17413,17414,17415,17416,17417,17418,17420,17421,17422,17423,17424,17425,17426,17427,17428,17429,17430,17431,17432,17433,17434,17435,17436,17437,17438,17439,17440,17441,17442,17443,17444,17445,17446,17447,17448,17449,17450,17451,17452,17453,17454,17455,17457,17458,17459,17460,17461,17462,17463,17464,17465,17466,17467,17468,17469,17470,17471,17472,17473,17474,17476,17477,17478,17479,17480,17481,17482,17483,17484,17485,17486}",SDED,2026-03-24 14:41:32.274366+01,gold_establishments_2025,,,,13001029100016,2025,Services de l'Etat,Département,['Charente-Maritime'],['Nouvelle-Aquitaine'],DDTM,{17},{75}
17db6033-0968-4c32-beed-4b6675fc0792,130010671,DDTM Côtes-dArmor,false,"{22001,22002,22003,22004,22005,22006,22008,22009,22011,22012,22013,22014,22015,22016,22018,22019,22020,22021,22023,22024,22025,22026,22028,22029,22030,22031,22032,22033,22034,22035,22036,22037,22039,22040,22041,22042,22044,22045,22046,22047,22048,22049,22050,22052,22053,22054,22055,22056,22057,22059,22060,22061,22062,22063,22064,22065,22067,22068,22069,22070,22071,22072,22073,22074,22075,22076,22077,22079,22081,22082,22083,22084,22085,22086,22087,22088,22090,22091,22092,22093,22094,22095,22096,22097,22098,22099,22101,22103,22104,22105,22106,22107,22108,22109,22110,22111,22112,22113,22114,22115,22116,22117,22118,22119,22121,22122,22124,22126,22127,22128,22129,22131,22132,22133,22134,22135,22136,22137,22138,22139,22140,22141,22143,22144,22145,22146,22147,22148,22149,22150,22152,22153,22155,22156,22157,22158,22160,22161,22162,22163,22164,22165,22166,22168,22169,22170,22171,22172,22174,22175,22176,22177,22178,22179,22180,22181,22182,22183,22184,22185,22186,22187,22188,22189,22190,22193,22194,22195,22196,22197,22198,22199,22201,22202,22203,22204,22205,22206,22207,22208,22209,22210,22211,22212,22213,22214,22215,22216,22217,22218,22219,22220,22221,22222,22223,22224,22225,22226,22227,22228,22229,22231,22232,22233,22234,22235,22236,22237,22238,22239,22240,22241,22242,22243,22244,22245,22246,22248,22249,22250,22251,22254,22255,22256,22257,22258,22259,22260,22261,22262,22263,22264,22265,22266,22267,22268,22269,22271,22272,22273,22274,22275,22276,22277,22278,22279,22280,22281,22282,22283,22284,22285,22286,22287,22288,22289,22291,22293,22294,22295,22296,22299,22300,22302,22304,22305,22306,22307,22308,22310,22311,22312,22313,22314,22315,22316,22317,22318,22319,22320,22321,22322,22323,22324,22325,22326,22327,22328,22330,22331,22332,22333,22334,22335,22337,22338,22339,22340,22341,22342,22343,22344,22345,22346,22347,22348,22349,22350,22351,22352,22353,22354,22356,22358,22359,22360,22361,22362,22363,22364,22365,22366,22368,22369,22370,22371,22372,22373,22375,22376,22377,22378,22379,22380,22381,22383,22384,22385,22386,22387,22388,22389,22390,22391}",SDED,2026-03-24 14:41:32.274366+01,gold_establishments_2025,,,,13001067100019,2025,Services de l'Etat,Département,['Côtes-dArmor'],['Bretagne'],DDTM,{22},{53}
3023e36d-3ea7-4f3d-8980-65eb29f03f30,130010473,DDTM Finistère,false,"{29001,29002,29003,29004,29005,29006,29007,29008,29010,29011,29012,29013,29014,29015,29016,29017,29018,29019,29020,29021,29022,29023,29024,29025,29026,29027,29028,29029,29030,29031,29032,29033,29034,29035,29036,29037,29038,29039,29040,29041,29042,29043,29044,29045,29046,29047,29048,29049,29051,29053,29054,29055,29056,29057,29058,29059,29060,29061,29062,29063,29064,29065,29066,29067,29068,29069,29070,29071,29072,29073,29074,29075,29076,29077,29078,29079,29080,29081,29082,29083,29084,29085,29086,29087,29089,29090,29091,29093,29094,29095,29097,29098,29099,29100,29101,29102,29103,29104,29105,29106,29107,29108,29109,29110,29111,29112,29113,29114,29115,29116,29117,29119,29120,29122,29123,29124,29125,29126,29128,29130,29131,29132,29133,29134,29135,29136,29137,29139,29140,29141,29142,29143,29144,29145,29146,29147,29148,29150,29151,29152,29153,29155,29156,29158,29159,29160,29161,29162,29163,29165,29166,29167,29168,29169,29170,29171,29172,29173,29174,29175,29176,29177,29178,29179,29180,29181,29182,29183,29184,29185,29186,29187,29188,29189,29190,29191,29192,29193,29195,29196,29197,29198,29199,29201,29202,29204,29205,29206,29207,29208,29209,29210,29211,29212,29213,29214,29215,29216,29217,29218,29220,29221,29222,29224,29225,29226,29227,29228,29229,29230,29232,29233,29234,29235,29236,29237,29238,29239,29240,29241,29243,29244,29245,29246,29247,29248,29249,29250,29251,29252,29254,29255,29256,29257,29259,29260,29261,29262,29263,29264,29265,29266,29267,29268,29269,29270,29271,29272,29273,29274,29275,29276,29277,29278,29279,29280,29281,29282,29284,29285,29286,29287,29288,29289,29290,29291,29292,29293,29294,29295,29296,29297,29298,29299,29300,29301,29302}",SDED,2026-03-24 14:41:32.274366+01,gold_establishments_2025,,,,13001047300010,2025,Services de l'Etat,Département,['Finistère'],['Bretagne'],DDTM,{29},{53}
5a7583a2-5fe0-494e-b219-587a75e93962,130010283,DDTM Gard,false,"{30001,30002,30003,30004,30005,30006,30007,30008,30009,30010,30011,30012,30013,30014,30015,30016,30017,30018,30019,30020,30021,30022,30023,30024,30025,30026,30027,30028,30029,30030,30031,30032,30033,30034,30035,30036,30037,30038,30039,30040,30041,30042,30043,30044,30045,30046,30047,30048,30049,30050,30051,30052,30053,30054,30055,30056,30057,30058,30059,30060,30061,30062,30064,30065,30066,30067,30068,30069,30070,30071,30072,30073,30074,30075,30076,30077,30079,30080,30081,30082,30083,30084,30085,30086,30087,30088,30089,30090,30091,30092,30093,30095,30096,30097,30098,30099,30100,30101,30102,30103,30104,30105,30106,30107,30108,30109,30110,30111,30112,30113,30114,30115,30116,30117,30119,30120,30121,30122,30123,30124,30125,30126,30127,30128,30129,30130,30131,30132,30133,30134,30135,30136,30137,30138,30139,30140,30141,30142,30143,30144,30145,30146,30147,30148,30149,30150,30151,30152,30153,30154,30155,30156,30158,30159,30160,30161,30162,30163,30164,30165,30166,30167,30168,30169,30170,30171,30172,30173,30174,30175,30176,30177,30178,30179,30180,30181,30182,30183,30184,30185,30186,30187,30188,30189,30191,30192,30193,30194,30195,30196,30197,30198,30199,30200,30201,30202,30203,30204,30205,30206,30207,30208,30209,30210,30211,30212,30213,30214,30215,30216,30217,30218,30219,30220,30221,30222,30223,30224,30225,30226,30227,30228,30229,30230,30231,30232,30233,30234,30235,30236,30237,30238,30239,30240,30241,30242,30243,30244,30245,30246,30247,30248,30249,30250,30251,30252,30253,30254,30255,30256,30257,30258,30259,30260,30261,30262,30263,30264,30265,30266,30267,30268,30269,30270,30271,30272,30273,30274,30275,30276,30277,30278,30279,30280,30281,30282,30283,30284,30285,30286,30287,30288,30289,30290,30291,30292,30293,30294,30295,30296,30297,30298,30299,30300,30301,30302,30303,30304,30305,30306,30307,30308,30309,30310,30311,30312,30313,30314,30315,30316,30317,30318,30319,30320,30321,30322,30323,30324,30325,30326,30327,30328,30329,30330,30331,30332,30333,30334,30335,30336,30337,30338,30339,30340,30341,30342,30343,30344,30345,30346,30347,30348,30349,30350,30351,30352,30353,30354,30355,30356}",SDED,2026-03-24 14:41:32.274366+01,gold_establishments_2025,,,,13001028300013,2025,Services de l'Etat,Département,['Gard'],['Occitanie'],DDTM,{30},{76}
b5bad2f4-f750-497a-ada9-6ed2c8816091,130011240,DDTM Gironde,false,"{33001,33002,33003,33004,33005,33006,33007,33008,33009,33010,33011,33012,33013,33014,33015,33016,33017,33018,33019,33020,33021,33022,33023,33024,33025,33026,33027,33028,33029,33030,33031,33032,33033,33034,33035,33036,33037,33038,33039,33040,33042,33043,33044,33045,33046,33047,33048,33049,33050,33051,33052,33053,33054,33055,33056,33057,33058,33059,33060,33061,33062,33063,33064,33065,33066,33067,33068,33069,33070,33071,33072,33073,33074,33075,33076,33077,33078,33079,33080,33081,33082,33083,33084,33085,33086,33087,33088,33089,33090,33093,33094,33095,33096,33097,33098,33099,33100,33101,33102,33103,33104,33105,33106,33108,33109,33111,33112,33113,33114,33115,33116,33117,33118,33119,33120,33121,33122,33123,33124,33125,33126,33127,33128,33129,33130,33131,33132,33133,33134,33135,33136,33137,33138,33139,33140,33141,33142,33143,33144,33145,33146,33147,33148,33149,33150,33151,33152,33153,33154,33155,33156,33157,33158,33159,33160,33161,33162,33163,33164,33165,33166,33167,33168,33169,33170,33171,33172,33173,33174,33175,33176,33177,33178,33179,33180,33181,33182,33183,33184,33185,33186,33187,33188,33189,33190,33191,33192,33193,33194,33195,33196,33197,33198,33199,33200,33201,33202,33203,33204,33205,33206,33207,33208,33209,33210,33211,33212,33213,33214,33215,33216,33218,33219,33220,33221,33222,33223,33224,33225,33226,33227,33228,33229,33230,33231,33232,33233,33234,33235,33236,33237,33238,33239,33240,33241,33242,33243,33244,33245,33246,33247,33248,33249,33250,33251,33252,33253,33254,33255,33256,33257,33258,33259,33260,33261,33262,33263,33264,33266,33268,33269,33270,33271,33272,33273,33274,33275,33276,33277,33278,33279,33280,33281,33282,33283,33284,33285,33287,33288,33289,33290,33291,33292,33293,33294,33295,33296,33297,33298,33299,33300,33301,33302,33303,33304,33305,33306,33307,33308,33309,33310,33311,33312,33314,33315,33316,33317,33318,33319,33320,33321,33322,33323,33324,33325,33326,33327,33328,33329,33330,33331,33332,33333,33334,33335,33336,33337,33339,33341,33342,33343,33344,33345,33346,33347,33348,33349,33350,33351,33352,33353,33354,33355,33356,33357,33358,33359,33360,33361,33362,33363,33364,33365,33366,33367,33369,33370,33372,33373,33374,33375,33376,33377,33378,33379,33380,33381,33382,33383,33384,33385,33386,33387,33388,33389,33390,33391,33392,33393,33394,33395,33396,33397,33398,33399,33400,33401,33402,33403,33404,33405,33406,33407,33408,33411,33412,33413,33414,33415,33416,33417,33418,33419,33420,33421,33422,33423,33424,33425,33426,33427,33428,33429,33431,33432,33433,33434,33435,33436,33437,33438,33439,33440,33441,33442,33443,33444,33445,33446,33447,33448,33449,33450,33451,33452,33453,33454,33456,33457,33458,33459,33460,33461,33462,33463,33464,33465,33466,33467,33468,33470,33471,33472,33473,33474,33475,33476,33477,33478,33479,33480,33481,33482,33483,33484,33485,33486,33487,33488,33489,33490,33491,33492,33493,33494,33496,33498,33499,33500,33501,33502,33503,33504,33505,33506,33507,33508,33509,33510,33511,33512,33513,33514,33515,33516,33517,33518,33519,33520,33521,33522,33523,33524,33525,33526,33527,33528,33529,33530,33531,33532,33533,33534,33535,33536,33537,33538,33539,33540,33541,33542,33543,33544,33545,33546,33547,33548,33549,33550,33551,33552,33553,33554,33555}",SDED,2026-03-24 14:41:32.274366+01,gold_establishments_2025,,,,13001124000012,2025,Services de l'Etat,Département,['Gironde'],['Nouvelle-Aquitaine'],DDTM,{33},{75}
e506fa5b-1613-4a98-ac3d-5ab91156fb7f,130008568,DDTM Hérault,false,"{34001,34002,34003,34004,34005,34006,34007,34008,34009,34010,34011,34012,34013,34014,34015,34016,34017,34018,34019,34020,34021,34022,34023,34024,34025,34026,34027,34028,34029,34030,34031,34032,34033,34034,34035,34036,34037,34038,34039,34040,34041,34042,34043,34044,34045,34046,34047,34048,34049,34050,34051,34052,34053,34054,34055,34056,34057,34058,34059,34060,34061,34062,34063,34064,34065,34066,34067,34068,34069,34070,34071,34072,34073,34074,34075,34076,34077,34078,34079,34080,34081,34082,34083,34084,34085,34086,34087,34088,34089,34090,34091,34092,34094,34095,34096,34097,34098,34099,34100,34101,34102,34103,34104,34105,34106,34107,34108,34109,34110,34111,34112,34113,34114,34115,34116,34117,34118,34119,34120,34121,34122,34123,34124,34125,34126,34127,34128,34129,34130,34131,34132,34133,34134,34135,34136,34137,34138,34139,34140,34141,34142,34143,34144,34145,34146,34147,34148,34149,34150,34151,34152,34153,34154,34155,34156,34157,34158,34159,34160,34161,34162,34163,34164,34165,34166,34167,34168,34169,34170,34171,34172,34173,34174,34175,34176,34177,34178,34179,34180,34181,34182,34183,34184,34185,34186,34187,34188,34189,34190,34191,34192,34193,34194,34195,34196,34197,34198,34199,34200,34201,34202,34203,34204,34205,34206,34207,34208,34209,34210,34211,34212,34213,34214,34215,34216,34217,34218,34219,34220,34221,34222,34223,34224,34225,34226,34227,34228,34229,34230,34231,34232,34233,34234,34235,34236,34237,34238,34239,34240,34241,34242,34243,34244,34245,34246,34247,34248,34249,34250,34251,34252,34253,34254,34255,34256,34257,34258,34259,34260,34261,34262,34263,34264,34265,34266,34267,34268,34269,34270,34271,34272,34273,34274,34276,34277,34278,34279,34280,34281,34282,34283,34284,34285,34286,34287,34288,34289,34290,34291,34292,34293,34294,34295,34296,34297,34298,34299,34300,34301,34302,34303,34304,34305,34306,34307,34308,34309,34310,34311,34312,34313,34314,34315,34316,34317,34318,34319,34320,34321,34322,34323,34324,34325,34326,34327,34328,34329,34331,34332,34333,34334,34335,34336,34337,34338,34339,34340,34341,34342,34343,34344}",SDED,2026-03-24 14:41:32.274366+01,gold_establishments_2025,,,,13000856800060,2025,Services de l'Etat,Département,['Hérault'],['Occitanie'],DDTM,{34},{76}
2106c134-fd76-48e1-b31a-004212b15408,130010937,DDTM Ille-et-Vilaine,false,"{35001,35002,35003,35004,35005,35006,35007,35008,35009,35010,35012,35013,35014,35015,35016,35017,35018,35019,35021,35022,35023,35024,35025,35026,35027,35028,35029,35030,35031,35032,35033,35034,35035,35037,35038,35039,35040,35041,35042,35044,35045,35046,35047,35049,35050,35051,35052,35054,35055,35056,35057,35058,35059,35060,35061,35062,35063,35064,35065,35066,35067,35068,35069,35070,35071,35072,35075,35076,35077,35078,35079,35080,35081,35082,35084,35085,35086,35087,35088,35089,35090,35091,35092,35093,35094,35095,35096,35097,35098,35099,35101,35102,35103,35104,35105,35106,35107,35108,35109,35110,35111,35114,35115,35116,35117,35118,35119,35120,35121,35122,35123,35124,35125,35126,35127,35128,35130,35131,35132,35133,35134,35135,35136,35137,35138,35139,35140,35141,35142,35143,35144,35145,35146,35148,35149,35150,35151,35152,35153,35154,35155,35156,35157,35159,35160,35161,35162,35163,35164,35165,35166,35167,35168,35169,35170,35171,35172,35173,35174,35175,35176,35177,35178,35179,35180,35181,35183,35184,35185,35186,35187,35188,35189,35190,35191,35192,35193,35194,35195,35196,35197,35198,35199,35200,35201,35202,35203,35204,35205,35206,35207,35208,35210,35211,35212,35214,35215,35216,35217,35218,35219,35220,35221,35222,35223,35224,35225,35226,35227,35228,35229,35230,35231,35232,35233,35234,35235,35236,35237,35238,35239,35240,35241,35242,35243,35244,35245,35246,35247,35248,35249,35250,35251,35252,35253,35255,35256,35257,35258,35259,35260,35261,35262,35263,35264,35265,35266,35268,35270,35271,35272,35273,35274,35275,35276,35277,35278,35279,35280,35281,35282,35283,35284,35285,35286,35287,35288,35289,35290,35291,35292,35294,35295,35296,35297,35299,35300,35302,35304,35305,35306,35307,35308,35309,35310,35311,35312,35314,35315,35316,35317,35318,35319,35320,35321,35322,35324,35325,35326,35327,35328,35329,35330,35331,35332,35333,35334,35335,35336,35337,35338,35339,35340,35342,35343,35345,35346,35347,35350,35351,35352,35353,35354,35355,35356,35357,35358,35359,35360,35361,35362,35363}",SDED,2026-03-24 14:41:32.274366+01,gold_establishments_2025,,,,13001093700014,2025,Services de l'Etat,Département,['Ille-et-Vilaine'],['Bretagne'],DDTM,{35},{53}
cef35b33-d7cc-41cf-967c-34ebeadb7182,130010481,DDTM Landes,false,"{40001,40002,40003,40004,40005,40006,40007,40008,40011,40012,40013,40014,40015,40016,40017,40018,40019,40020,40021,40022,40023,40024,40025,40026,40027,40028,40029,40030,40031,40032,40033,40034,40035,40036,40037,40038,40039,40040,40041,40042,40043,40044,40046,40047,40049,40050,40051,40052,40053,40054,40055,40056,40057,40058,40059,40060,40061,40062,40063,40064,40065,40066,40067,40068,40069,40070,40071,40072,40073,40074,40075,40076,40077,40078,40079,40080,40081,40082,40083,40084,40085,40086,40087,40088,40089,40090,40091,40092,40093,40094,40095,40096,40097,40098,40099,40100,40101,40102,40103,40104,40105,40106,40108,40109,40110,40111,40112,40113,40114,40115,40116,40117,40118,40119,40120,40121,40122,40123,40124,40125,40126,40127,40128,40129,40130,40131,40132,40133,40134,40135,40136,40137,40138,40139,40140,40141,40142,40143,40144,40145,40146,40147,40148,40149,40150,40151,40152,40153,40154,40155,40156,40157,40158,40159,40160,40161,40162,40163,40164,40165,40166,40167,40168,40169,40170,40171,40172,40173,40174,40175,40176,40177,40178,40179,40180,40181,40182,40183,40184,40185,40186,40187,40188,40189,40190,40191,40192,40193,40194,40195,40196,40197,40198,40199,40200,40201,40202,40203,40204,40205,40206,40207,40208,40209,40210,40211,40212,40213,40214,40215,40216,40217,40218,40219,40220,40221,40222,40223,40224,40225,40226,40227,40228,40229,40230,40231,40232,40233,40234,40235,40236,40237,40238,40239,40240,40242,40243,40244,40245,40246,40247,40248,40249,40250,40251,40252,40253,40254,40255,40256,40257,40258,40259,40260,40261,40262,40263,40264,40265,40266,40267,40268,40269,40270,40271,40272,40273,40274,40275,40276,40277,40278,40279,40280,40281,40282,40283,40284,40285,40286,40287,40288,40289,40290,40291,40292,40293,40294,40295,40296,40297,40298,40299,40300,40301,40303,40304,40305,40306,40307,40308,40309,40310,40311,40312,40313,40314,40315,40316,40317,40318,40319,40320,40321,40322,40323,40324,40325,40326,40327,40328,40329,40330,40331,40332,40333,40334}",SDED,2026-03-24 14:41:32.274366+01,gold_establishments_2025,,,,13001048100013,2025,Services de l'Etat,Département,['Landes'],['Nouvelle-Aquitaine'],DDTM,{40},{75}
24d169b9-6f80-4fdb-977c-ca6479e3db94,130008311,DDTM Loire-Atlantique,false,"{44001,44002,44003,44005,44006,44007,44009,44010,44012,44013,44014,44015,44016,44018,44019,44020,44021,44022,44023,44024,44025,44026,44027,44028,44029,44030,44031,44032,44033,44035,44036,44037,44038,44039,44041,44043,44044,44045,44046,44047,44048,44049,44050,44051,44052,44053,44054,44055,44056,44057,44058,44061,44062,44063,44064,44065,44066,44067,44068,44069,44070,44071,44072,44073,44074,44075,44076,44077,44078,44079,44080,44081,44082,44083,44084,44085,44086,44087,44088,44089,44090,44091,44092,44094,44095,44096,44097,44098,44099,44100,44101,44102,44103,44104,44105,44106,44107,44108,44109,44110,44111,44112,44113,44114,44115,44116,44117,44118,44119,44120,44121,44122,44123,44124,44125,44126,44127,44128,44129,44130,44131,44132,44133,44134,44135,44136,44137,44138,44139,44140,44141,44142,44143,44144,44145,44146,44148,44149,44150,44151,44152,44153,44154,44155,44156,44157,44158,44159,44161,44162,44163,44164,44165,44166,44168,44169,44170,44171,44172,44173,44174,44175,44176,44178,44179,44180,44182,44183,44184,44185,44186,44187,44188,44189,44190,44192,44193,44194,44195,44196,44197,44198,44199,44200,44201,44202,44203,44204,44205,44206,44207,44208,44209,44210,44211,44212,44213,44214,44215,44216,44217,44218,44220,44221,44222,44223,44224}",SDED,2026-03-24 14:41:32.274366+01,gold_establishments_2025,,,,13000831100016,2025,Services de l'Etat,Département,['Loire-Atlantique'],['Pays de la Loire'],DDTM,{44},{52}
d54aa484-727f-401a-9c91-3b3aa32851b9,130008170,DDTM Manche,false,"{50002,50003,50004,50006,50008,50013,50016,50019,50021,50022,50023,50024,50025,50026,50027,50028,50029,50030,50031,50032,50033,50034,50036,50038,50039,50040,50041,50042,50044,50045,50046,50048,50049,50050,50052,50054,50055,50058,50059,50060,50062,50064,50066,50069,50070,50072,50074,50076,50077,50078,50079,50081,50082,50083,50084,50085,50086,50087,50088,50090,50092,50093,50094,50095,50096,50097,50098,50099,50101,50102,50105,50106,50108,50109,50110,50111,50112,50115,50117,50118,50120,50121,50124,50126,50129,50130,50135,50137,50138,50139,50142,50143,50144,50145,50146,50147,50148,50149,50150,50151,50152,50155,50156,50158,50159,50161,50162,50164,50165,50166,50167,50168,50169,50172,50174,50175,50176,50177,50178,50181,50182,50183,50184,50185,50186,50188,50190,50192,50193,50194,50195,50196,50197,50198,50199,50200,50205,50207,50208,50209,50210,50214,50215,50216,50217,50218,50219,50221,50222,50225,50227,50228,50229,50230,50231,50232,50233,50234,50235,50236,50237,50238,50239,50240,50241,50243,50246,50247,50251,50252,50253,50256,50258,50259,50260,50261,50262,50263,50265,50266,50267,50268,50269,50270,50271,50272,50273,50274,50275,50276,50277,50278,50279,50281,50282,50283,50285,50288,50289,50290,50291,50292,50294,50295,50296,50297,50298,50299,50300,50302,50304,50305,50310,50311,50312,50315,50317,50321,50324,50326,50327,50328,50332,50334,50335,50336,50338,50340,50341,50342,50345,50347,50349,50350,50351,50352,50353,50356,50357,50359,50360,50361,50362,50363,50364,50365,50368,50369,50370,50371,50372,50373,50374,50376,50378,50379,50382,50384,50387,50388,50389,50390,50391,50393,50394,50395,50397,50398,50399,50400,50401,50402,50403,50405,50407,50408,50409,50410,50411,50412,50413,50417,50419,50420,50421,50422,50423,50425,50426,50428,50429,50430,50431,50433,50435,50436,50437,50442,50443,50444,50445,50446,50447,50448,50450,50451,50452,50453,50454,50455,50456,50457,50461,50462,50463,50464,50467,50468,50469,50471,50472,50473,50474,50475,50476,50478,50479,50480,50481,50482,50483,50484,50486,50487,50488,50489,50490,50491,50492,50493,50495,50496,50498,50499,50500,50502,50504,50505,50506,50507,50509,50510,50511,50512,50513,50514,50517,50518,50519,50521,50522,50523,50525,50528,50529,50531,50532,50533,50535,50536,50537,50538,50539,50540,50541,50542,50543,50546,50548,50549,50550,50551,50552,50553,50554,50556,50562,50563,50564,50565,50567,50568,50569,50570,50571,50572,50574,50575,50576,50577,50578,50579,50580,50582,50584,50585,50587,50588,50589,50590,50591,50592,50593,50594,50596,50597,50598,50599,50601,50603,50604,50606,50607,50609,50610,50612,50613,50615,50616,50617,50618,50619,50621,50624,50626,50628,50629,50633,50634,50637,50639,50641,50643,50647,50648}",SDED,2026-03-24 14:41:32.274366+01,gold_establishments_2025,,,,13000817000016,2025,Services de l'Etat,Département,['Manche'],['Normandie'],DDTM,{50},{28}
752dec22-68ce-4db7-a524-4e93edc70bca,130008675,DDTM Morbihan,false,"{56001,56002,56003,56004,56005,56006,56007,56008,56009,56010,56011,56012,56013,56014,56015,56017,56018,56019,56020,56021,56022,56023,56024,56025,56026,56027,56028,56029,56030,56031,56032,56033,56034,56035,56036,56039,56040,56041,56042,56043,56044,56045,56046,56047,56048,56050,56051,56052,56053,56054,56055,56056,56057,56058,56060,56061,56062,56063,56065,56066,56067,56068,56069,56070,56071,56072,56073,56074,56075,56076,56077,56078,56079,56080,56081,56082,56083,56084,56085,56086,56087,56088,56089,56090,56091,56092,56093,56094,56096,56097,56098,56099,56100,56101,56102,56103,56104,56105,56106,56107,56108,56109,56110,56111,56112,56113,56114,56115,56116,56117,56118,56119,56120,56121,56122,56123,56124,56125,56126,56127,56128,56129,56130,56131,56132,56133,56134,56135,56136,56137,56139,56140,56141,56143,56144,56145,56146,56147,56148,56149,56151,56152,56153,56154,56155,56156,56157,56158,56159,56160,56161,56162,56163,56164,56165,56166,56167,56168,56169,56170,56171,56172,56173,56174,56175,56176,56177,56178,56179,56180,56181,56182,56184,56185,56186,56188,56189,56190,56191,56193,56194,56195,56196,56197,56198,56199,56200,56201,56202,56203,56204,56205,56206,56207,56208,56209,56210,56211,56212,56213,56214,56215,56216,56218,56219,56220,56221,56222,56223,56224,56225,56226,56227,56228,56229,56230,56231,56232,56233,56234,56236,56237,56238,56239,56240,56241,56242,56243,56244,56245,56246,56247,56248,56249,56250,56251,56252,56253,56254,56255,56256,56257,56258,56259,56260,56261,56262,56263,56264}",SDED,2026-03-24 14:41:32.274366+01,gold_establishments_2025,,,,13000867500188,2025,Services de l'Etat,Département,['Morbihan'],['Bretagne'],DDTM,{56},{53}
66b0171f-ba36-4ed1-bc57-237c3f575adf,130009970,DDTM Nord,false,"{59001,59002,59003,59004,59005,59006,59007,59008,59009,59010,59011,59012,59013,59014,59015,59016,59017,59018,59019,59021,59022,59023,59024,59025,59026,59027,59028,59029,59031,59032,59033,59034,59035,59036,59037,59038,59039,59041,59042,59043,59044,59045,59046,59047,59048,59049,59050,59051,59052,59053,59054,59055,59056,59057,59058,59059,59060,59061,59062,59063,59064,59065,59066,59067,59068,59069,59071,59072,59073,59074,59075,59076,59077,59078,59079,59080,59081,59082,59083,59084,59085,59086,59087,59088,59089,59090,59091,59092,59093,59094,59096,59097,59098,59099,59100,59101,59102,59103,59104,59105,59106,59107,59108,59109,59110,59111,59112,59113,59114,59115,59116,59117,59118,59119,59120,59121,59122,59123,59124,59125,59126,59127,59128,59129,59130,59131,59132,59133,59134,59135,59136,59137,59138,59139,59140,59141,59142,59143,59144,59145,59146,59147,59148,59149,59150,59151,59152,59153,59155,59156,59157,59158,59159,59160,59161,59162,59163,59164,59165,59166,59167,59168,59169,59170,59171,59172,59173,59174,59175,59176,59177,59178,59179,59180,59181,59182,59183,59184,59185,59186,59187,59188,59189,59190,59191,59192,59193,59194,59195,59196,59197,59198,59199,59200,59201,59202,59203,59204,59205,59206,59207,59208,59209,59210,59211,59212,59213,59214,59215,59216,59217,59218,59219,59220,59221,59222,59223,59224,59225,59226,59227,59228,59229,59230,59231,59232,59233,59234,59236,59237,59238,59239,59240,59241,59242,59243,59244,59246,59247,59249,59250,59251,59252,59253,59254,59255,59256,59257,59258,59259,59260,59261,59262,59263,59264,59265,59266,59267,59268,59269,59270,59271,59272,59273,59274,59275,59276,59277,59278,59279,59280,59281,59282,59283,59284,59285,59286,59287,59288,59289,59290,59291,59292,59293,59294,59295,59296,59297,59299,59300,59301,59302,59303,59304,59305,59306,59307,59308,59309,59310,59311,59312,59313,59314,59315,59316,59317,59318,59319,59320,59321,59322,59323,59324,59325,59326,59327,59328,59329,59330,59331,59332,59333,59334,59335,59336,59337,59338,59339,59340,59341,59342,59343,59344,59345,59346,59347,59348,59349,59350,59351,59352,59353,59354,59356,59357,59358,59359,59360,59361,59363,59364,59365,59366,59367,59368,59369,59370,59371,59372,59374,59375,59377,59378,59379,59381,59382,59383,59384,59385,59386,59387,59388,59389,59390,59391,59392,59393,59394,59395,59396,59397,59398,59399,59400,59401,59402,59403,59405,59406,59407,59408,59409,59410,59411,59412,59413,59414,59415,59416,59418,59419,59420,59421,59422,59423,59424,59425,59426,59427,59428,59429,59430,59431,59432,59433,59434,59435,59436,59437,59438,59439,59440,59441,59442,59443,59444,59445,59446,59447,59448,59449,59450,59451,59452,59453,59454,59455,59456,59457,59458,59459,59461,59462,59463,59464,59465,59466,59467,59468,59469,59470,59471,59472,59473,59474,59475,59476,59477,59478,59479,59480,59481,59482,59483,59484,59485,59486,59487,59488,59489,59490,59491,59492,59493,59494,59495,59496,59497,59498,59499,59500,59501,59502,59503,59504,59505,59506,59507,59508,59509,59511,59512,59513,59514,59515,59516,59517,59518,59519,59520,59521,59522,59523,59524,59525,59526,59527,59528,59529,59530,59531,59532,59533,59534,59535,59536,59537,59538,59539,59541,59542,59543,59544,59545,59546,59547,59548,59549,59550,59551,59552,59553,59554,59555,59556,59557,59558,59559,59560,59562,59563,59564,59565,59566,59567,59568,59569,59570,59571,59572,59573,59574,59575,59576,59577,59578,59579,59580,59581,59582,59583,59584,59585,59586,59587,59588,59589,59590,59591,59592,59593,59594,59595,59596,59597,59598,59599,59600,59601,59602,59603,59604,59605,59606,59607,59608,59609,59610,59611,59612,59613,59614,59615,59616,59617,59618,59619,59620,59622,59623,59624,59625,59626,59627,59628,59629,59630,59631,59632,59633,59634,59635,59636,59637,59638,59639,59640,59641,59642,59643,59645,59646,59647,59648,59649,59650,59651,59652,59653,59654,59655,59656,59657,59658,59659,59660,59661,59662,59663,59664,59665,59666,59667,59668,59669,59670}",SDED,2026-03-24 14:41:32.274366+01,gold_establishments_2025,,,,13000997000158,2025,Services de l'Etat,Département,['Nord'],['Hauts-de-France'],DDTM,{59},{32}
5f66c6b8-050a-484c-87f4-370032ce3e37,130010366,DDTM Pas-de-Calais,false,"{62001,62002,62003,62004,62005,62006,62007,62008,62009,62010,62011,62012,62013,62014,62015,62016,62017,62018,62019,62020,62021,62022,62023,62024,62025,62026,62027,62028,62029,62030,62031,62032,62033,62034,62035,62036,62037,62038,62039,62040,62041,62042,62043,62044,62045,62046,62047,62048,62049,62050,62051,62052,62053,62054,62055,62056,62057,62058,62059,62060,62061,62062,62063,62064,62065,62066,62067,62068,62069,62070,62071,62072,62073,62074,62075,62076,62077,62078,62079,62080,62081,62082,62083,62084,62085,62086,62087,62088,62089,62090,62091,62092,62093,62094,62095,62096,62097,62099,62100,62101,62102,62103,62104,62105,62106,62107,62108,62109,62111,62112,62113,62114,62115,62116,62117,62118,62119,62120,62121,62122,62123,62124,62125,62126,62127,62128,62129,62130,62131,62132,62133,62134,62135,62137,62138,62139,62140,62141,62142,62143,62144,62145,62146,62147,62148,62149,62150,62151,62152,62153,62154,62155,62156,62157,62158,62160,62161,62162,62163,62164,62165,62166,62167,62168,62169,62170,62171,62172,62173,62174,62175,62176,62177,62178,62179,62180,62181,62182,62183,62184,62185,62186,62187,62188,62189,62190,62191,62192,62193,62194,62195,62196,62197,62198,62199,62200,62201,62202,62203,62204,62205,62206,62207,62208,62209,62211,62212,62213,62214,62215,62216,62217,62218,62219,62220,62221,62222,62223,62224,62225,62227,62228,62229,62230,62231,62232,62233,62234,62235,62236,62237,62238,62239,62240,62241,62242,62243,62244,62245,62246,62247,62248,62249,62250,62251,62252,62253,62254,62255,62256,62257,62258,62259,62260,62261,62262,62263,62264,62265,62266,62267,62268,62269,62270,62271,62272,62273,62274,62275,62276,62277,62278,62279,62280,62281,62282,62283,62284,62285,62286,62288,62289,62290,62291,62292,62293,62295,62296,62297,62298,62299,62300,62301,62302,62303,62304,62306,62307,62308,62309,62310,62311,62312,62313,62314,62315,62316,62317,62318,62319,62320,62321,62322,62323,62324,62325,62326,62327,62328,62329,62330,62331,62332,62333,62334,62335,62336,62337,62338,62339,62340,62341,62342,62343,62344,62345,62346,62347,62348,62349,62350,62351,62352,62353,62354,62355,62356,62357,62358,62359,62360,62361,62362,62363,62364,62365,62366,62367,62368,62369,62370,62371,62372,62373,62374,62375,62376,62377,62378,62379,62380,62381,62382,62383,62384,62385,62386,62387,62388,62389,62390,62391,62392,62393,62395,62396,62397,62398,62399,62400,62401,62402,62403,62404,62405,62406,62407,62408,62409,62410,62411,62412,62413,62414,62415,62416,62418,62419,62421,62422,62423,62424,62425,62426,62427,62428,62429,62430,62432,62433,62434,62435,62436,62437,62438,62439,62440,62441,62442,62443,62444,62445,62446,62447,62448,62449,62450,62451,62452,62453,62454,62455,62456,62457,62458,62459,62460,62462,62463,62464,62465,62466,62467,62468,62469,62470,62471,62472,62473,62474,62475,62476,62477,62478,62479,62480,62481,62483,62484,62485,62486,62487,62488,62489,62490,62491,62492,62493,62494,62495,62496,62497,62498,62499,62500,62501,62502,62503,62504,62505,62506,62507,62508,62509,62510,62511,62512,62513,62514,62515,62516,62517,62518,62519,62520,62521,62522,62523,62524,62525,62526,62527,62528,62529,62530,62531,62532,62533,62534,62535,62536,62537,62538,62539,62540,62541,62542,62543,62544,62545,62546,62547,62548,62550,62551,62552,62553,62554,62555,62556,62557,62558,62559,62560,62561,62562,62563,62564,62565,62566,62567,62568,62569,62570,62571,62572,62573,62574,62576,62577,62578,62579,62580,62581,62582,62583,62584,62585,62586,62587,62588,62589,62590,62591,62592,62593,62594,62595,62596,62597,62598,62599,62600,62601,62602,62603,62604,62605,62606,62607,62608,62609,62610,62611,62612,62613,62614,62615,62616,62617,62618,62619,62620,62621,62622,62623,62624,62625,62626,62627,62628,62629,62630,62631,62632,62633,62634,62635,62636,62637,62638,62639,62640,62641,62642,62643,62644,62645,62646,62647,62648,62649,62650,62651,62652,62653,62654,62655,62656,62657,62658,62659,62660,62661,62662,62663,62664,62665,62666,62667,62668,62669,62670,62671,62672,62673,62674,62675,62676,62677,62678,62679,62680,62681,62682,62683,62684,62685,62686,62688,62689,62690,62691,62692,62693,62694,62695,62696,62697,62698,62699,62700,62701,62702,62703,62704,62705,62706,62708,62709,62710,62711,62712,62713,62714,62715,62716,62717,62718,62719,62720,62721,62722,62723,62724,62725,62726,62727,62728,62729,62730,62731,62732,62733,62734,62735,62736,62737,62738,62739,62740,62741,62742,62744,62745,62746,62747,62748,62749,62750,62751,62752,62753,62754,62755,62756,62757,62758,62759,62760,62761,62762,62763,62764,62765,62766,62767,62768,62769,62770,62771,62772,62773,62774,62775,62776,62777,62778,62779,62780,62781,62782,62783,62784,62785,62786,62787,62788,62789,62790,62791,62792,62793,62794,62795,62796,62797,62798,62799,62800,62801,62802,62803,62804,62805,62806,62808,62809,62810,62811,62812,62813,62814,62815,62816,62817,62818,62819,62820,62821,62822,62823,62824,62825,62826,62827,62828,62829,62830,62831,62832,62833,62834,62835,62836,62837,62838,62839,62840,62841,62842,62843,62844,62845,62846,62847,62848,62849,62850,62851,62852,62853,62854,62855,62856,62857,62858,62859,62860,62861,62862,62863,62864,62865,62866,62867,62868,62869,62870,62871,62872,62873,62874,62875,62876,62877,62878,62879,62880,62881,62882,62883,62885,62886,62887,62888,62889,62890,62891,62892,62893,62894,62895,62896,62897,62898,62899,62900,62901,62902,62903,62904,62905,62906,62907,62908,62909}",SDED,2026-03-24 14:41:32.274366+01,gold_establishments_2025,,,,13001036600016,2025,Services de l'Etat,Département,['Pas-de-Calais'],['Hauts-de-France'],DDTM,{62},{32}
b230458e-d0f4-4ca9-9c7a-270bdc12401e,130011570,DDTM Pyrénées-Atlantiques,false,"{64001,64002,64003,64004,64005,64006,64007,64008,64009,64010,64011,64012,64013,64014,64015,64016,64017,64018,64019,64021,64022,64023,64024,64025,64026,64027,64028,64029,64031,64032,64033,64034,64035,64036,64037,64038,64039,64040,64041,64042,64043,64044,64045,64046,64047,64048,64049,64050,64051,64052,64053,64054,64056,64057,64058,64059,64060,64061,64062,64063,64064,64065,64066,64067,64068,64069,64070,64071,64072,64073,64074,64075,64077,64078,64079,64080,64081,64082,64083,64084,64085,64086,64087,64088,64089,64090,64091,64092,64093,64094,64095,64096,64097,64098,64099,64100,64101,64102,64103,64104,64105,64106,64107,64108,64109,64110,64111,64112,64113,64114,64115,64116,64117,64118,64119,64120,64121,64122,64123,64124,64125,64126,64127,64128,64129,64130,64131,64132,64133,64134,64135,64136,64137,64138,64139,64140,64141,64142,64143,64144,64145,64146,64147,64148,64149,64150,64151,64152,64153,64154,64155,64156,64157,64158,64159,64160,64161,64162,64165,64166,64167,64168,64170,64171,64172,64173,64174,64175,64176,64177,64178,64179,64180,64181,64182,64183,64184,64185,64186,64187,64188,64189,64190,64191,64192,64193,64194,64195,64196,64197,64198,64199,64200,64201,64202,64203,64204,64205,64206,64207,64208,64209,64210,64211,64212,64213,64214,64215,64216,64217,64218,64219,64220,64221,64222,64223,64224,64225,64226,64227,64228,64229,64230,64231,64232,64233,64234,64235,64236,64237,64238,64239,64240,64241,64242,64243,64244,64245,64246,64247,64249,64250,64251,64252,64253,64254,64255,64256,64257,64258,64259,64260,64261,64262,64263,64264,64265,64266,64267,64268,64269,64270,64271,64272,64273,64274,64275,64276,64277,64279,64280,64281,64282,64283,64284,64285,64286,64287,64288,64289,64290,64291,64292,64293,64294,64295,64296,64297,64298,64299,64300,64301,64302,64303,64304,64305,64306,64307,64308,64309,64310,64311,64312,64313,64314,64315,64316,64317,64318,64319,64320,64321,64322,64323,64324,64325,64326,64327,64328,64329,64330,64331,64332,64334,64335,64336,64337,64338,64339,64340,64341,64342,64343,64344,64345,64346,64347,64348,64349,64350,64351,64352,64353,64354,64355,64356,64357,64358,64359,64360,64361,64362,64363,64364,64365,64366,64367,64368,64369,64370,64371,64372,64373,64374,64375,64376,64377,64378,64379,64380,64381,64382,64383,64385,64386,64387,64388,64389,64390,64391,64392,64393,64394,64395,64396,64397,64398,64399,64400,64401,64403,64404,64405,64406,64407,64408,64409,64410,64411,64412,64413,64414,64415,64416,64417,64418,64419,64420,64421,64422,64423,64424,64425,64426,64427,64428,64429,64430,64431,64432,64433,64434,64435,64436,64437,64438,64439,64440,64441,64442,64443,64444,64445,64446,64447,64448,64449,64450,64451,64452,64453,64454,64455,64456,64457,64458,64459,64460,64461,64462,64463,64464,64465,64466,64467,64468,64469,64470,64471,64472,64473,64474,64475,64476,64477,64478,64479,64480,64481,64482,64483,64484,64485,64486,64487,64488,64489,64490,64491,64492,64493,64494,64495,64496,64498,64499,64500,64501,64502,64503,64504,64505,64506,64507,64508,64509,64510,64511,64512,64513,64514,64515,64516,64517,64518,64519,64520,64521,64522,64523,64524,64525,64526,64527,64528,64529,64530,64531,64532,64533,64534,64535,64536,64537,64538,64539,64540,64542,64543,64544,64545,64546,64547,64548,64549,64550,64551,64552,64554,64555,64556,64557,64558,64559,64560}",SDED,2026-03-24 14:41:32.274366+01,gold_establishments_2025,,,,13001157000012,2025,Services de l'Etat,Département,['Pyrénées-Atlantiques'],['Nouvelle-Aquitaine'],DDTM,{64},{75}
126ef6ef-f546-47c1-8c6a-3f3098ecd9f1,130009095,DDTM Pyrénées-Orientales,false,"{66001,66002,66003,66004,66005,66006,66007,66008,66009,66010,66011,66012,66013,66014,66015,66016,66017,66018,66019,66020,66021,66022,66023,66024,66025,66026,66027,66028,66029,66030,66032,66033,66034,66035,66036,66037,66038,66039,66040,66041,66042,66043,66044,66045,66046,66047,66048,66049,66050,66051,66052,66053,66054,66055,66056,66057,66058,66059,66060,66061,66062,66063,66064,66065,66066,66067,66068,66069,66070,66071,66072,66073,66074,66075,66076,66077,66078,66079,66080,66081,66082,66083,66084,66085,66086,66088,66089,66090,66091,66092,66093,66094,66095,66096,66097,66098,66099,66100,66101,66102,66103,66104,66105,66106,66107,66108,66109,66111,66112,66113,66114,66115,66116,66117,66118,66119,66120,66121,66122,66123,66124,66125,66126,66127,66128,66129,66130,66132,66133,66134,66136,66137,66138,66139,66140,66141,66142,66143,66144,66145,66146,66147,66148,66149,66150,66151,66152,66153,66154,66155,66156,66157,66158,66159,66160,66161,66162,66164,66165,66166,66167,66168,66169,66170,66171,66172,66173,66174,66175,66176,66177,66178,66179,66180,66181,66182,66183,66184,66185,66186,66187,66188,66189,66190,66191,66192,66193,66194,66195,66196,66197,66198,66199,66201,66202,66203,66204,66205,66206,66207,66208,66209,66210,66211,66212,66213,66214,66215,66216,66217,66218,66219,66220,66221,66222,66223,66224,66225,66226,66227,66228,66230,66231,66232,66233,66234}",SDED,2026-03-24 14:41:32.274366+01,gold_establishments_2025,,,,13000909500014,2025,Services de l'Etat,Département,['Pyrénées-Orientales'],['Occitanie'],DDTM,{66},{76}
c6bd9fe7-41f0-47ae-bab1-e8f435529263,130008154,DDTM Seine-Maritime,false,"{76001,76002,76004,76005,76006,76007,76008,76009,76010,76011,76012,76013,76014,76015,76016,76017,76018,76019,76020,76021,76022,76023,76024,76025,76026,76028,76029,76030,76032,76033,76034,76035,76036,76038,76039,76040,76041,76042,76043,76045,76046,76047,76048,76049,76050,76051,76052,76053,76054,76055,76056,76057,76058,76059,76060,76062,76063,76064,76065,76066,76067,76068,76069,76070,76071,76072,76074,76075,76076,76077,76079,76082,76083,76084,76085,76086,76087,76088,76090,76091,76092,76093,76094,76095,76096,76097,76099,76100,76101,76103,76104,76105,76106,76107,76108,76109,76110,76111,76112,76113,76114,76115,76116,76117,76118,76119,76120,76121,76122,76123,76124,76125,76126,76128,76129,76130,76131,76132,76133,76134,76135,76136,76138,76139,76140,76141,76142,76143,76144,76146,76147,76148,76149,76151,76152,76153,76154,76155,76156,76157,76158,76159,76160,76161,76162,76163,76164,76165,76166,76167,76168,76169,76170,76171,76172,76173,76174,76175,76176,76177,76178,76179,76180,76181,76182,76183,76184,76185,76186,76187,76188,76189,76190,76192,76193,76194,76195,76196,76197,76198,76199,76200,76201,76202,76203,76204,76205,76206,76207,76208,76209,76210,76211,76212,76213,76214,76216,76217,76218,76219,76220,76221,76222,76223,76224,76225,76226,76227,76228,76229,76230,76231,76232,76233,76234,76235,76236,76237,76238,76239,76240,76241,76242,76243,76244,76245,76247,76249,76250,76251,76252,76253,76254,76255,76257,76258,76259,76260,76261,76262,76263,76264,76265,76266,76268,76269,76270,76271,76272,76273,76274,76275,76276,76278,76279,76280,76281,76282,76283,76284,76285,76286,76287,76288,76289,76290,76291,76292,76293,76294,76295,76296,76297,76298,76299,76300,76302,76303,76304,76305,76306,76307,76308,76309,76311,76312,76313,76314,76315,76316,76317,76318,76319,76320,76321,76322,76323,76324,76325,76327,76328,76329,76330,76331,76332,76333,76334,76335,76336,76338,76339,76340,76341,76342,76343,76344,76345,76346,76347,76348,76349,76350,76351,76352,76353,76354,76355,76356,76357,76359,76360,76361,76362,76363,76364,76365,76366,76367,76368,76369,76370,76371,76372,76373,76374,76375,76377,76378,76379,76380,76381,76382,76383,76384,76385,76386,76387,76388,76389,76390,76391,76392,76393,76394,76395,76396,76397,76398,76399,76400,76401,76402,76403,76404,76405,76406,76407,76408,76409,76410,76411,76412,76413,76414,76415,76416,76417,76418,76419,76420,76421,76422,76423,76424,76425,76426,76427,76428,76429,76430,76431,76432,76433,76434,76435,76436,76437,76438,76439,76440,76441,76442,76443,76445,76446,76447,76448,76449,76450,76451,76452,76453,76454,76455,76456,76457,76458,76459,76460,76461,76462,76463,76464,76465,76467,76468,76469,76470,76471,76472,76473,76474,76475,76476,76477,76478,76479,76480,76481,76482,76483,76484,76485,76486,76487,76488,76489,76490,76491,76492,76493,76494,76495,76497,76498,76499,76500,76501,76502,76503,76504,76505,76506,76507,76508,76509,76510,76511,76512,76513,76514,76515,76516,76517,76518,76519,76520,76521,76522,76523,76524,76526,76527,76528,76529,76530,76531,76532,76533,76534,76535,76536,76537,76538,76540,76541,76542,76543,76544,76545,76546,76547,76548,76549,76550,76551,76552,76553,76554,76555,76556,76557,76558,76559,76560,76561,76562,76563,76564,76565,76566,76567,76568,76569,76570,76571,76572,76573,76574,76575,76576,76577,76578,76580,76581,76582,76583,76584,76585,76586,76587,76588,76589,76590,76591,76592,76593,76594,76595,76596,76597,76598,76599,76600,76601,76602,76603,76604,76605,76606,76608,76609,76610,76611,76612,76613,76614,76615,76616,76617,76618,76619,76620,76621,76622,76623,76624,76626,76627,76628,76629,76630,76631,76632,76634,76635,76636,76637,76638,76640,76641,76642,76644,76645,76646,76647,76648,76649,76650,76651,76652,76653,76654,76655,76656,76657,76658,76660,76662,76663,76664,76665,76666,76667,76668,76669,76670,76671,76672,76673,76675,76676,76677,76678,76679,76680,76681,76682,76683,76684,76685,76686,76688,76689,76690,76691,76692,76693,76694,76695,76697,76698,76699,76700,76702,76703,76705,76706,76707,76708,76709,76710,76711,76712,76714,76715,76716,76717,76718,76719,76720,76721,76723,76724,76725,76726,76727,76728,76730,76731,76732,76733,76734,76735,76736,76737,76738,76739,76740,76741,76743,76744,76745,76746,76747,76748,76749,76750,76751,76752,76753,76754,76755,76756,76757,76758,76759}",SDED,2026-03-24 14:41:32.274366+01,gold_establishments_2025,,,,13000815400010,2025,Services de l'Etat,Département,['Seine-Maritime'],['Normandie'],DDTM,{76},{28}
7942a6ee-910f-4ceb-80c3-e8b2d681b4b9,130010846,DDTM Somme,false,"{80001,80002,80003,80004,80005,80006,80008,80009,80010,80011,80013,80014,80015,80016,80017,80018,80019,80020,80021,80022,80023,80024,80025,80026,80027,80028,80029,80030,80031,80032,80033,80034,80035,80036,80037,80038,80039,80040,80041,80042,80043,80044,80045,80046,80047,80048,80049,80050,80051,80052,80053,80054,80055,80056,80057,80058,80059,80060,80061,80062,80063,80064,80065,80066,80067,80068,80069,80070,80071,80073,80074,80076,80077,80078,80079,80080,80081,80082,80083,80084,80085,80086,80087,80088,80089,80090,80092,80093,80094,80095,80096,80097,80098,80099,80100,80101,80102,80103,80104,80105,80106,80107,80108,80109,80110,80112,80113,80114,80115,80116,80117,80118,80119,80120,80121,80122,80123,80124,80125,80126,80127,80128,80129,80130,80131,80132,80133,80134,80135,80136,80137,80138,80139,80140,80141,80142,80143,80144,80145,80146,80147,80148,80149,80150,80151,80152,80153,80154,80155,80156,80157,80158,80159,80160,80161,80162,80163,80164,80165,80166,80167,80168,80169,80170,80171,80172,80173,80174,80176,80177,80179,80180,80181,80182,80183,80184,80185,80186,80187,80188,80189,80190,80191,80192,80193,80194,80195,80196,80197,80198,80199,80200,80201,80202,80203,80204,80205,80206,80207,80208,80210,80211,80212,80213,80214,80215,80216,80217,80218,80219,80220,80221,80222,80223,80224,80225,80226,80227,80228,80229,80230,80231,80232,80233,80234,80235,80236,80237,80238,80239,80240,80241,80242,80243,80244,80245,80246,80247,80248,80249,80250,80251,80252,80253,80256,80258,80259,80260,80261,80262,80263,80264,80265,80266,80267,80268,80269,80270,80271,80272,80273,80274,80275,80276,80278,80279,80280,80281,80282,80283,80284,80285,80287,80288,80290,80291,80292,80293,80294,80295,80296,80297,80298,80299,80300,80301,80302,80303,80304,80305,80306,80307,80308,80310,80311,80312,80313,80314,80315,80316,80317,80318,80319,80320,80321,80322,80324,80325,80326,80327,80328,80329,80330,80331,80332,80333,80334,80335,80336,80337,80338,80339,80340,80341,80342,80343,80344,80345,80346,80347,80348,80349,80350,80351,80352,80353,80354,80355,80356,80357,80358,80359,80360,80361,80362,80364,80365,80366,80367,80368,80369,80371,80372,80373,80374,80375,80376,80377,80378,80379,80380,80381,80383,80384,80385,80386,80387,80388,80390,80391,80392,80393,80395,80396,80397,80399,80400,80401,80402,80403,80404,80405,80406,80407,80408,80409,80410,80411,80412,80413,80414,80415,80416,80417,80418,80420,80421,80422,80423,80424,80425,80426,80427,80428,80429,80430,80431,80432,80433,80434,80435,80436,80437,80438,80439,80440,80442,80443,80444,80445,80446,80449,80450,80451,80452,80453,80455,80456,80458,80459,80460,80461,80462,80463,80464,80465,80466,80467,80468,80469,80470,80472,80473,80474,80475,80476,80477,80478,80479,80480,80481,80482,80484,80485,80486,80487,80488,80489,80490,80491,80493,80494,80495,80496,80497,80498,80499,80500,80501,80502,80503,80504,80505,80507,80508,80509,80511,80512,80513,80514,80515,80516,80517,80518,80519,80520,80521,80522,80523,80524,80525,80526,80527,80528,80529,80530,80531,80533,80535,80536,80537,80538,80540,80541,80542,80543,80544,80545,80546,80547,80548,80549,80550,80552,80553,80554,80555,80556,80557,80558,80559,80560,80561,80562,80563,80565,80566,80568,80569,80570,80571,80572,80573,80574,80575,80576,80577,80578,80579,80580,80582,80583,80584,80585,80586,80587,80588,80589,80590,80591,80592,80593,80595,80596,80597,80598,80599,80600,80601,80602,80603,80604,80605,80606,80607,80609,80611,80613,80614,80615,80616,80617,80618,80619,80620,80621,80622,80623,80624,80625,80626,80627,80628,80629,80630,80631,80632,80633,80634,80635,80637,80638,80639,80640,80642,80643,80644,80645,80646,80647,80648,80649,80650,80651,80652,80654,80655,80656,80657,80658,80659,80661,80662,80663,80664,80665,80666,80667,80668,80669,80670,80671,80672,80673,80674,80675,80676,80677,80678,80679,80680,80681,80682,80683,80684,80685,80686,80687,80688,80690,80691,80692,80693,80694,80695,80696,80697,80698,80699,80700,80701,80702,80703,80704,80705,80706,80707,80708,80709,80710,80711,80713,80714,80716,80717,80718,80719,80721,80722,80723,80724,80725,80726,80728,80729,80730,80732,80733,80734,80735,80736,80737,80738,80740,80741,80742,80743,80744,80746,80747,80748,80749,80750,80751,80752,80753,80754,80755,80756,80757,80758,80759,80760,80762,80763,80764,80765,80766,80767,80769,80770,80771,80773,80774,80775,80776,80777,80778,80779,80780,80781,80782,80783,80784,80785,80786,80787,80788,80789,80790,80791,80792,80793,80794,80795,80796,80797,80798,80799,80800,80801,80802,80803,80804,80805,80806,80807,80808,80809,80810,80811,80812,80813,80814,80815,80819,80820,80821,80822,80823,80824,80825,80826,80827,80828,80829,80832,80833,80834,80835,80836}",SDED,2026-03-24 14:41:32.274366+01,gold_establishments_2025,,,,13001084600025,2025,Services de l'Etat,Département,['Somme'],['Hauts-de-France'],DDTM,{80},{32}
14752894-3990-4e87-99cd-379445b87661,130011026,DDTM Var,false,"{83001,83002,83003,83004,83005,83006,83007,83008,83009,83010,83011,83012,83013,83014,83015,83016,83017,83018,83019,83020,83021,83022,83023,83025,83026,83027,83028,83029,83030,83031,83032,83033,83034,83035,83036,83037,83038,83039,83040,83041,83042,83043,83044,83045,83046,83047,83048,83049,83050,83051,83052,83053,83054,83055,83056,83057,83058,83059,83060,83061,83062,83063,83064,83065,83066,83067,83068,83069,83070,83071,83072,83073,83074,83075,83076,83077,83078,83079,83080,83081,83082,83083,83084,83085,83086,83087,83088,83089,83090,83091,83092,83093,83094,83095,83096,83097,83098,83099,83100,83101,83102,83103,83104,83105,83106,83107,83108,83109,83110,83111,83112,83113,83114,83115,83116,83117,83118,83119,83120,83121,83122,83123,83124,83125,83126,83127,83128,83129,83130,83131,83132,83133,83134,83135,83136,83137,83138,83139,83140,83141,83142,83143,83144,83145,83146,83147,83148,83149,83150,83151,83152,83153,83154}",SDED,2026-03-24 14:41:32.274366+01,gold_establishments_2025,,,,13001102600015,2025,Services de l'Etat,Département,['Var'],['Provence-Alpes-Côte dAzur'],DDTM,{83},{93}
31b4b34b-6664-4e5d-8b9f-b05371a593b6,130009111,DDTM Vendée,false,"{85001,85002,85003,85004,85005,85006,85008,85009,85010,85011,85012,85013,85014,85015,85016,85017,85018,85019,85020,85022,85023,85024,85025,85026,85028,85029,85031,85033,85034,85035,85036,85038,85039,85040,85042,85045,85046,85047,85049,85050,85051,85054,85055,85056,85058,85059,85061,85062,85064,85065,85066,85067,85070,85071,85072,85073,85074,85076,85077,85078,85080,85081,85082,85083,85084,85086,85087,85088,85089,85090,85092,85093,85094,85095,85096,85097,85098,85099,85100,85101,85102,85103,85104,85105,85106,85108,85109,85110,85111,85112,85113,85114,85115,85116,85117,85118,85119,85120,85121,85123,85125,85126,85127,85128,85129,85130,85131,85132,85133,85134,85135,85136,85137,85138,85139,85140,85141,85142,85143,85144,85145,85146,85147,85148,85149,85151,85152,85153,85154,85155,85156,85157,85158,85159,85160,85161,85162,85163,85164,85167,85169,85171,85172,85174,85175,85176,85177,85178,85179,85181,85182,85184,85185,85186,85187,85188,85189,85190,85191,85192,85193,85194,85196,85197,85198,85199,85200,85201,85202,85204,85205,85206,85207,85208,85209,85210,85211,85213,85214,85215,85216,85218,85220,85221,85222,85223,85226,85227,85229,85231,85232,85234,85235,85236,85237,85238,85239,85240,85242,85243,85244,85245,85246,85247,85248,85250,85251,85252,85254,85255,85256,85259,85260,85261,85262,85264,85265,85266,85267,85268,85269,85273,85274,85276,85277,85278,85280,85281,85282,85284,85285,85286,85287,85288,85289,85290,85291,85292,85293,85294,85295,85296,85297,85298,85300,85301,85302,85303,85304,85305,85306}",SDED,2026-03-24 14:41:32.274366+01,gold_establishments_2025,,,,13000911100019,2025,Services de l'Etat,Département,['Vendée'],['Pays de la Loire'],DDTM,{85},{52}
3fb1a269-05ff-4842-942c-e9c814810bde,130013915,DEAL Guadeloupe,false,"{97101,97102,97103,97104,97105,97106,97107,97108,97109,97110,97111,97112,97113,97114,97115,97116,97117,97118,97119,97120,97121,97122,97124,97125,97126,97128,97129,97130,97131,97132,97133,97134}",SDER,2026-03-24 14:41:32.274366+01,gold_establishments_2025,,,,13001391500017,2025,Services de l'Etat,Région,['Guadeloupe'],['Guadeloupe'],DEAL,{971},{01}
ccca8603-7a2a-4592-94fa-e72c643ce416,130014368,DEAL La Réunion,false,"{97401,97402,97403,97404,97405,97406,97407,97408,97409,97410,97411,97412,97413,97414,97415,97416,97417,97418,97419,97420,97421,97422,97423,97424}",SDER,2026-03-24 14:41:32.274366+01,gold_establishments_2025,,,,13001436800018,2025,Services de l'Etat,Région,['La Réunion'],['La Réunion'],DEAL,{974},{04}
b039803b-bf3f-49b7-89d1-a85bcd84dd7b,130014236,DEAL Martinique,false,"{97201,97202,97203,97204,97205,97206,97207,97208,97209,97210,97211,97212,97213,97214,97215,97216,97217,97218,97219,97220,97221,97222,97223,97224,97225,97226,97227,97228,97229,97230,97231,97232,97233,97234}",SDER,2026-03-24 14:41:32.274366+01,gold_establishments_2025,,,,13001423600017,2025,Services de l'Etat,Région,['Martinique'],['Martinique'],DEAL,{972},{02}
f4f56d6c-5f5b-4eb3-a903-67f8e5d4f5c7,171302300,DID Bouches-du-Rhône,false,"{13001,13002,13003,13004,13005,13006,13007,13008,13009,13010,13011,13012,13013,13014,13015,13016,13017,13018,13019,13020,13021,13022,13023,13024,13025,13026,13027,13028,13029,13030,13031,13032,13033,13034,13035,13036,13037,13038,13039,13040,13041,13042,13043,13044,13045,13046,13047,13048,13049,13050,13051,13052,13053,13054,13055,13056,13057,13058,13059,13060,13061,13062,13063,13064,13065,13066,13067,13068,13069,13070,13071,13072,13073,13074,13075,13076,13077,13078,13079,13080,13081,13082,13083,13084,13085,13086,13087,13088,13089,13090,13091,13092,13093,13094,13095,13096,13097,13098,13099,13100,13101,13102,13103,13104,13105,13106,13107,13108,13109,13110,13111,13112,13113,13114,13115,13116,13117,13118,13119,13201,13202,13203,13204,13205,13206,13207,13208,13209,13210,13211,13212,13213,13214,13215,13216}","",2026-03-24 14:41:32.274366+01,gold_establishments_2025,,,,17130230000016,2025,Services de l'Etat,Département,['Bouches-du-Rhône'],['Provence-Alpes-Côte dAzur'],DID,{13},{93}
62f052ab-00dd-4061-9aa8-e1a34a46ed09,172102303,DID Côte-dOr,false,"{21001,21002,21003,21004,21005,21006,21007,21008,21009,21010,21011,21012,21013,21014,21015,21016,21017,21018,21020,21021,21022,21023,21024,21025,21026,21027,21028,21029,21030,21031,21032,21033,21034,21035,21036,21037,21038,21039,21040,21041,21042,21043,21044,21045,21046,21047,21048,21049,21050,21051,21052,21053,21054,21055,21056,21057,21058,21059,21060,21061,21062,21063,21064,21065,21066,21067,21068,21069,21070,21071,21072,21074,21075,21076,21077,21078,21079,21080,21081,21082,21083,21084,21085,21086,21087,21088,21089,21090,21091,21092,21093,21094,21095,21096,21097,21098,21099,21100,21101,21102,21103,21104,21105,21106,21107,21108,21109,21110,21111,21112,21113,21114,21115,21116,21117,21118,21119,21120,21121,21122,21123,21124,21125,21126,21127,21128,21129,21130,21131,21132,21133,21134,21135,21136,21137,21138,21139,21140,21141,21142,21143,21144,21145,21146,21147,21148,21149,21150,21151,21152,21153,21154,21155,21156,21157,21158,21159,21160,21161,21162,21163,21164,21165,21166,21167,21168,21169,21170,21171,21172,21173,21175,21176,21177,21178,21179,21180,21181,21182,21183,21184,21185,21186,21187,21189,21190,21191,21192,21193,21194,21195,21196,21197,21198,21199,21200,21201,21202,21203,21204,21205,21207,21208,21209,21210,21211,21212,21214,21215,21216,21217,21218,21219,21220,21221,21222,21223,21224,21225,21226,21227,21228,21229,21230,21231,21232,21233,21234,21235,21236,21237,21238,21239,21240,21241,21242,21243,21244,21245,21246,21247,21248,21249,21250,21251,21252,21253,21254,21255,21256,21257,21258,21259,21260,21261,21262,21263,21264,21265,21266,21267,21268,21269,21270,21271,21272,21273,21274,21275,21276,21277,21278,21279,21280,21281,21282,21283,21284,21285,21286,21287,21288,21289,21290,21291,21292,21293,21294,21295,21296,21297,21298,21299,21300,21301,21302,21303,21304,21305,21306,21307,21308,21309,21310,21311,21312,21313,21314,21315,21316,21317,21319,21320,21321,21322,21323,21324,21325,21326,21327,21328,21329,21330,21331,21332,21333,21334,21335,21336,21337,21338,21339,21340,21341,21342,21343,21344,21345,21346,21347,21348,21349,21350,21351,21352,21353,21354,21355,21356,21357,21358,21359,21360,21361,21362,21363,21364,21365,21366,21367,21368,21369,21370,21371,21372,21373,21374,21375,21376,21377,21378,21379,21380,21381,21382,21383,21384,21385,21386,21387,21388,21389,21390,21391,21392,21393,21394,21395,21396,21397,21398,21399,21400,21401,21402,21403,21404,21405,21406,21407,21408,21409,21410,21411,21412,21413,21414,21415,21416,21417,21418,21419,21420,21421,21422,21423,21424,21425,21426,21427,21428,21429,21430,21431,21432,21433,21434,21435,21436,21437,21438,21439,21440,21441,21442,21444,21445,21446,21447,21448,21449,21450,21451,21452,21454,21455,21456,21457,21458,21459,21460,21461,21462,21463,21464,21465,21466,21467,21468,21469,21470,21471,21472,21473,21474,21475,21476,21477,21478,21479,21480,21481,21482,21483,21484,21485,21487,21488,21489,21490,21491,21492,21493,21494,21495,21496,21497,21498,21499,21500,21501,21502,21503,21504,21505,21506,21508,21510,21511,21512,21514,21515,21516,21517,21518,21519,21520,21521,21522,21523,21524,21525,21526,21527,21528,21529,21530,21531,21532,21533,21534,21535,21536,21537,21538,21539,21540,21541,21542,21543,21544,21545,21546,21547,21548,21549,21550,21552,21553,21554,21555,21556,21557,21558,21559,21560,21561,21562,21563,21564,21565,21566,21567,21568,21569,21570,21571,21572,21573,21574,21575,21576,21577,21578,21579,21580,21581,21582,21583,21584,21585,21586,21587,21588,21589,21590,21591,21592,21593,21594,21595,21596,21597,21598,21599,21600,21601,21602,21603,21604,21605,21606,21607,21608,21609,21610,21611,21612,21613,21614,21615,21616,21617,21618,21619,21620,21622,21623,21624,21625,21626,21627,21628,21629,21630,21631,21632,21633,21634,21635,21636,21637,21638,21639,21640,21641,21642,21643,21644,21645,21646,21647,21648,21649,21650,21651,21652,21653,21655,21656,21657,21659,21660,21661,21662,21663,21664,21665,21666,21667,21669,21670,21671,21672,21673,21674,21675,21676,21677,21678,21679,21680,21681,21682,21683,21684,21685,21686,21687,21688,21689,21690,21691,21692,21693,21694,21695,21696,21698,21699,21700,21701,21702,21703,21704,21705,21706,21707,21708,21709,21710,21711,21712,21713,21714,21715,21716,21717}","",2026-03-24 14:41:32.274366+01,gold_establishments_2025,,,,17210230300010,2025,Services de l'Etat,Département,['Côte-dOr'],['Bourgogne-Franche-Comté'],DID,{21},{27}
e9b84f2b-9b2b-4dad-a2a8-e9fc5a322b1b,173302308,DID Gironde,false,"{33001,33002,33003,33004,33005,33006,33007,33008,33009,33010,33011,33012,33013,33014,33015,33016,33017,33018,33019,33020,33021,33022,33023,33024,33025,33026,33027,33028,33029,33030,33031,33032,33033,33034,33035,33036,33037,33038,33039,33040,33042,33043,33044,33045,33046,33047,33048,33049,33050,33051,33052,33053,33054,33055,33056,33057,33058,33059,33060,33061,33062,33063,33064,33065,33066,33067,33068,33069,33070,33071,33072,33073,33074,33075,33076,33077,33078,33079,33080,33081,33082,33083,33084,33085,33086,33087,33088,33089,33090,33093,33094,33095,33096,33097,33098,33099,33100,33101,33102,33103,33104,33105,33106,33108,33109,33111,33112,33113,33114,33115,33116,33117,33118,33119,33120,33121,33122,33123,33124,33125,33126,33127,33128,33129,33130,33131,33132,33133,33134,33135,33136,33137,33138,33139,33140,33141,33142,33143,33144,33145,33146,33147,33148,33149,33150,33151,33152,33153,33154,33155,33156,33157,33158,33159,33160,33161,33162,33163,33164,33165,33166,33167,33168,33169,33170,33171,33172,33173,33174,33175,33176,33177,33178,33179,33180,33181,33182,33183,33184,33185,33186,33187,33188,33189,33190,33191,33192,33193,33194,33195,33196,33197,33198,33199,33200,33201,33202,33203,33204,33205,33206,33207,33208,33209,33210,33211,33212,33213,33214,33215,33216,33218,33219,33220,33221,33222,33223,33224,33225,33226,33227,33228,33229,33230,33231,33232,33233,33234,33235,33236,33237,33238,33239,33240,33241,33242,33243,33244,33245,33246,33247,33248,33249,33250,33251,33252,33253,33254,33255,33256,33257,33258,33259,33260,33261,33262,33263,33264,33266,33268,33269,33270,33271,33272,33273,33274,33275,33276,33277,33278,33279,33280,33281,33282,33283,33284,33285,33287,33288,33289,33290,33291,33292,33293,33294,33295,33296,33297,33298,33299,33300,33301,33302,33303,33304,33305,33306,33307,33308,33309,33310,33311,33312,33314,33315,33316,33317,33318,33319,33320,33321,33322,33323,33324,33325,33326,33327,33328,33329,33330,33331,33332,33333,33334,33335,33336,33337,33339,33341,33342,33343,33344,33345,33346,33347,33348,33349,33350,33351,33352,33353,33354,33355,33356,33357,33358,33359,33360,33361,33362,33363,33364,33365,33366,33367,33369,33370,33372,33373,33374,33375,33376,33377,33378,33379,33380,33381,33382,33383,33384,33385,33386,33387,33388,33389,33390,33391,33392,33393,33394,33395,33396,33397,33398,33399,33400,33401,33402,33403,33404,33405,33406,33407,33408,33411,33412,33413,33414,33415,33416,33417,33418,33419,33420,33421,33422,33423,33424,33425,33426,33427,33428,33429,33431,33432,33433,33434,33435,33436,33437,33438,33439,33440,33441,33442,33443,33444,33445,33446,33447,33448,33449,33450,33451,33452,33453,33454,33456,33457,33458,33459,33460,33461,33462,33463,33464,33465,33466,33467,33468,33470,33471,33472,33473,33474,33475,33476,33477,33478,33479,33480,33481,33482,33483,33484,33485,33486,33487,33488,33489,33490,33491,33492,33493,33494,33496,33498,33499,33500,33501,33502,33503,33504,33505,33506,33507,33508,33509,33510,33511,33512,33513,33514,33515,33516,33517,33518,33519,33520,33521,33522,33523,33524,33525,33526,33527,33528,33529,33530,33531,33532,33533,33534,33535,33536,33537,33538,33539,33540,33541,33542,33543,33544,33545,33546,33547,33548,33549,33550,33551,33552,33553,33554,33555}","",2026-03-24 14:41:32.274366+01,gold_establishments_2025,,,,17330230800015,2025,Services de l'Etat,Département,['Gironde'],['Nouvelle-Aquitaine'],DID,{33},{75}
f30efb1f-e709-42db-b518-48dce0861461,130001597,DID Hérault,false,"{34001,34002,34003,34004,34005,34006,34007,34008,34009,34010,34011,34012,34013,34014,34015,34016,34017,34018,34019,34020,34021,34022,34023,34024,34025,34026,34027,34028,34029,34030,34031,34032,34033,34034,34035,34036,34037,34038,34039,34040,34041,34042,34043,34044,34045,34046,34047,34048,34049,34050,34051,34052,34053,34054,34055,34056,34057,34058,34059,34060,34061,34062,34063,34064,34065,34066,34067,34068,34069,34070,34071,34072,34073,34074,34075,34076,34077,34078,34079,34080,34081,34082,34083,34084,34085,34086,34087,34088,34089,34090,34091,34092,34094,34095,34096,34097,34098,34099,34100,34101,34102,34103,34104,34105,34106,34107,34108,34109,34110,34111,34112,34113,34114,34115,34116,34117,34118,34119,34120,34121,34122,34123,34124,34125,34126,34127,34128,34129,34130,34131,34132,34133,34134,34135,34136,34137,34138,34139,34140,34141,34142,34143,34144,34145,34146,34147,34148,34149,34150,34151,34152,34153,34154,34155,34156,34157,34158,34159,34160,34161,34162,34163,34164,34165,34166,34167,34168,34169,34170,34171,34172,34173,34174,34175,34176,34177,34178,34179,34180,34181,34182,34183,34184,34185,34186,34187,34188,34189,34190,34191,34192,34193,34194,34195,34196,34197,34198,34199,34200,34201,34202,34203,34204,34205,34206,34207,34208,34209,34210,34211,34212,34213,34214,34215,34216,34217,34218,34219,34220,34221,34222,34223,34224,34225,34226,34227,34228,34229,34230,34231,34232,34233,34234,34235,34236,34237,34238,34239,34240,34241,34242,34243,34244,34245,34246,34247,34248,34249,34250,34251,34252,34253,34254,34255,34256,34257,34258,34259,34260,34261,34262,34263,34264,34265,34266,34267,34268,34269,34270,34271,34272,34273,34274,34276,34277,34278,34279,34280,34281,34282,34283,34284,34285,34286,34287,34288,34289,34290,34291,34292,34293,34294,34295,34296,34297,34298,34299,34300,34301,34302,34303,34304,34305,34306,34307,34308,34309,34310,34311,34312,34313,34314,34315,34316,34317,34318,34319,34320,34321,34322,34323,34324,34325,34326,34327,34328,34329,34331,34332,34333,34334,34335,34336,34337,34338,34339,34340,34341,34342,34343,34344}","",2026-03-24 14:41:32.274366+01,gold_establishments_2025,,,,13000159700017,2025,Services de l'Etat,Département,['Hérault'],['Occitanie'],DID,{34},{76}
f97ede7b-77e1-415d-89bd-4da7ae0e3529,174402305,DID Loire-Atlantique,false,"{44001,44002,44003,44005,44006,44007,44009,44010,44012,44013,44014,44015,44016,44018,44019,44020,44021,44022,44023,44024,44025,44026,44027,44028,44029,44030,44031,44032,44033,44035,44036,44037,44038,44039,44041,44043,44044,44045,44046,44047,44048,44049,44050,44051,44052,44053,44054,44055,44056,44057,44058,44061,44062,44063,44064,44065,44066,44067,44068,44069,44070,44071,44072,44073,44074,44075,44076,44077,44078,44079,44080,44081,44082,44083,44084,44085,44086,44087,44088,44089,44090,44091,44092,44094,44095,44096,44097,44098,44099,44100,44101,44102,44103,44104,44105,44106,44107,44108,44109,44110,44111,44112,44113,44114,44115,44116,44117,44118,44119,44120,44121,44122,44123,44124,44125,44126,44127,44128,44129,44130,44131,44132,44133,44134,44135,44136,44137,44138,44139,44140,44141,44142,44143,44144,44145,44146,44148,44149,44150,44151,44152,44153,44154,44155,44156,44157,44158,44159,44161,44162,44163,44164,44165,44166,44168,44169,44170,44171,44172,44173,44174,44175,44176,44178,44179,44180,44182,44183,44184,44185,44186,44187,44188,44189,44190,44192,44193,44194,44195,44196,44197,44198,44199,44200,44201,44202,44203,44204,44205,44206,44207,44208,44209,44210,44211,44212,44213,44214,44215,44216,44217,44218,44220,44221,44222,44223,44224}","",2026-03-24 14:41:32.274366+01,gold_establishments_2025,,,,17440230500018,2025,Services de l'Etat,Département,['Loire-Atlantique'],['Pays de la Loire'],DID,{44},{52}
9e6d12d6-3a16-45f8-bbc0-6e3d5ce98efa,179727045,DID Martinique,false,"{97201,97202,97203,97204,97205,97206,97207,97208,97209,97210,97211,97212,97213,97214,97215,97216,97217,97218,97219,97220,97221,97222,97223,97224,97225,97226,97227,97228,97229,97230,97231,97232,97233,97234}","",2026-03-24 14:41:32.274366+01,gold_establishments_2025,,,,17972704500017,2025,Services de l'Etat,Département,['Martinique'],['Martinique'],DID,{972},{02}
49fd4d9c-e0fe-40c8-9b8e-19636c0b56a4,175702307,DID Moselle,false,"{57001,57002,57003,57004,57006,57007,57008,57009,57010,57011,57012,57013,57014,57015,57016,57017,57018,57019,57020,57021,57022,57024,57025,57026,57027,57028,57029,57030,57031,57032,57033,57034,57035,57036,57037,57038,57039,57040,57041,57042,57043,57044,57045,57046,57047,57048,57049,57050,57051,57052,57053,57054,57055,57056,57057,57058,57059,57060,57061,57062,57063,57064,57065,57066,57067,57069,57070,57071,57072,57073,57074,57075,57076,57077,57079,57080,57081,57082,57083,57084,57085,57086,57087,57088,57089,57090,57091,57092,57093,57095,57096,57097,57098,57099,57100,57101,57102,57103,57104,57105,57106,57107,57108,57109,57110,57111,57112,57113,57114,57115,57116,57117,57118,57119,57120,57121,57122,57123,57124,57125,57126,57127,57128,57129,57130,57131,57132,57133,57134,57136,57137,57138,57139,57140,57141,57142,57143,57144,57145,57146,57147,57148,57149,57150,57151,57152,57153,57154,57155,57156,57158,57159,57160,57161,57162,57163,57165,57166,57167,57168,57169,57171,57172,57173,57174,57175,57176,57177,57178,57179,57180,57181,57182,57183,57186,57187,57188,57189,57190,57191,57192,57193,57194,57195,57196,57197,57198,57199,57200,57201,57202,57203,57204,57205,57206,57207,57208,57209,57210,57211,57212,57213,57214,57215,57216,57217,57218,57219,57220,57221,57222,57224,57225,57226,57227,57228,57229,57230,57231,57232,57233,57234,57235,57236,57237,57238,57239,57240,57241,57242,57244,57245,57246,57247,57248,57249,57250,57251,57252,57253,57254,57255,57256,57257,57258,57259,57260,57261,57262,57263,57264,57265,57266,57267,57268,57269,57270,57271,57272,57273,57274,57275,57276,57277,57278,57280,57281,57282,57283,57284,57286,57287,57288,57289,57290,57291,57292,57293,57294,57295,57296,57297,57298,57299,57300,57301,57302,57303,57304,57305,57306,57307,57308,57309,57310,57311,57312,57313,57314,57315,57316,57317,57318,57319,57320,57321,57322,57323,57324,57325,57326,57328,57329,57330,57331,57332,57333,57334,57335,57336,57337,57338,57339,57340,57341,57342,57343,57344,57345,57346,57347,57348,57349,57350,57351,57352,57353,57354,57355,57356,57357,57358,57359,57360,57361,57362,57364,57365,57366,57367,57368,57370,57371,57372,57373,57374,57375,57376,57377,57379,57380,57381,57382,57383,57384,57385,57386,57387,57388,57389,57390,57391,57392,57393,57394,57395,57396,57397,57398,57399,57401,57402,57403,57404,57405,57406,57407,57408,57409,57410,57411,57412,57413,57414,57415,57416,57417,57418,57419,57421,57422,57423,57424,57425,57426,57427,57428,57430,57431,57433,57434,57436,57437,57438,57439,57440,57441,57442,57443,57444,57445,57446,57447,57448,57449,57451,57452,57453,57454,57455,57456,57457,57459,57460,57461,57462,57463,57464,57465,57466,57467,57468,57469,57470,57471,57472,57473,57474,57475,57476,57477,57478,57479,57480,57481,57482,57483,57484,57485,57486,57487,57488,57489,57490,57491,57492,57493,57494,57495,57496,57497,57498,57499,57500,57501,57502,57504,57505,57506,57507,57508,57509,57510,57511,57512,57513,57514,57515,57516,57517,57518,57519,57520,57521,57524,57525,57526,57527,57528,57529,57530,57531,57532,57533,57534,57535,57536,57537,57538,57539,57540,57541,57542,57543,57544,57545,57546,57547,57548,57549,57550,57551,57552,57553,57554,57555,57556,57557,57558,57559,57560,57561,57562,57563,57564,57565,57566,57567,57568,57569,57570,57571,57572,57573,57574,57575,57576,57577,57578,57579,57580,57581,57582,57583,57584,57586,57587,57588,57589,57590,57591,57592,57593,57594,57595,57596,57597,57598,57599,57600,57601,57602,57603,57604,57605,57606,57607,57609,57610,57611,57612,57613,57614,57615,57616,57617,57618,57619,57620,57621,57622,57623,57624,57625,57626,57627,57628,57629,57630,57631,57633,57634,57635,57636,57637,57638,57639,57640,57641,57642,57643,57644,57645,57647,57648,57649,57650,57651,57652,57653,57654,57655,57656,57657,57658,57659,57660,57661,57662,57663,57664,57665,57666,57667,57668,57669,57670,57671,57672,57673,57674,57675,57676,57677,57678,57679,57680,57681,57682,57683,57684,57685,57686,57687,57689,57690,57691,57692,57693,57694,57695,57696,57697,57698,57700,57701,57702,57703,57704,57705,57706,57707,57708,57709,57711,57712,57713,57714,57715,57716,57717,57718,57719,57720,57721,57723,57724,57725,57726,57727,57728,57730,57731,57732,57733,57734,57736,57737,57738,57739,57740,57741,57742,57743,57745,57746,57747,57748,57749,57750,57751,57752,57753,57754,57755,57756,57757,57759,57760,57761,57762,57763,57764,57765,57767}","",2026-03-24 14:41:32.274366+01,gold_establishments_2025,,,,17570230700018,2025,Services de l'Etat,Département,['Moselle'],['Grand Est'],DID,{57},{44}
b73cbec1-9779-4d78-9df0-4134e5c5aead,175902303,DID Nord,false,"{59001,59002,59003,59004,59005,59006,59007,59008,59009,59010,59011,59012,59013,59014,59015,59016,59017,59018,59019,59021,59022,59023,59024,59025,59026,59027,59028,59029,59031,59032,59033,59034,59035,59036,59037,59038,59039,59041,59042,59043,59044,59045,59046,59047,59048,59049,59050,59051,59052,59053,59054,59055,59056,59057,59058,59059,59060,59061,59062,59063,59064,59065,59066,59067,59068,59069,59071,59072,59073,59074,59075,59076,59077,59078,59079,59080,59081,59082,59083,59084,59085,59086,59087,59088,59089,59090,59091,59092,59093,59094,59096,59097,59098,59099,59100,59101,59102,59103,59104,59105,59106,59107,59108,59109,59110,59111,59112,59113,59114,59115,59116,59117,59118,59119,59120,59121,59122,59123,59124,59125,59126,59127,59128,59129,59130,59131,59132,59133,59134,59135,59136,59137,59138,59139,59140,59141,59142,59143,59144,59145,59146,59147,59148,59149,59150,59151,59152,59153,59155,59156,59157,59158,59159,59160,59161,59162,59163,59164,59165,59166,59167,59168,59169,59170,59171,59172,59173,59174,59175,59176,59177,59178,59179,59180,59181,59182,59183,59184,59185,59186,59187,59188,59189,59190,59191,59192,59193,59194,59195,59196,59197,59198,59199,59200,59201,59202,59203,59204,59205,59206,59207,59208,59209,59210,59211,59212,59213,59214,59215,59216,59217,59218,59219,59220,59221,59222,59223,59224,59225,59226,59227,59228,59229,59230,59231,59232,59233,59234,59236,59237,59238,59239,59240,59241,59242,59243,59244,59246,59247,59249,59250,59251,59252,59253,59254,59255,59256,59257,59258,59259,59260,59261,59262,59263,59264,59265,59266,59267,59268,59269,59270,59271,59272,59273,59274,59275,59276,59277,59278,59279,59280,59281,59282,59283,59284,59285,59286,59287,59288,59289,59290,59291,59292,59293,59294,59295,59296,59297,59299,59300,59301,59302,59303,59304,59305,59306,59307,59308,59309,59310,59311,59312,59313,59314,59315,59316,59317,59318,59319,59320,59321,59322,59323,59324,59325,59326,59327,59328,59329,59330,59331,59332,59333,59334,59335,59336,59337,59338,59339,59340,59341,59342,59343,59344,59345,59346,59347,59348,59349,59350,59351,59352,59353,59354,59356,59357,59358,59359,59360,59361,59363,59364,59365,59366,59367,59368,59369,59370,59371,59372,59374,59375,59377,59378,59379,59381,59382,59383,59384,59385,59386,59387,59388,59389,59390,59391,59392,59393,59394,59395,59396,59397,59398,59399,59400,59401,59402,59403,59405,59406,59407,59408,59409,59410,59411,59412,59413,59414,59415,59416,59418,59419,59420,59421,59422,59423,59424,59425,59426,59427,59428,59429,59430,59431,59432,59433,59434,59435,59436,59437,59438,59439,59440,59441,59442,59443,59444,59445,59446,59447,59448,59449,59450,59451,59452,59453,59454,59455,59456,59457,59458,59459,59461,59462,59463,59464,59465,59466,59467,59468,59469,59470,59471,59472,59473,59474,59475,59476,59477,59478,59479,59480,59481,59482,59483,59484,59485,59486,59487,59488,59489,59490,59491,59492,59493,59494,59495,59496,59497,59498,59499,59500,59501,59502,59503,59504,59505,59506,59507,59508,59509,59511,59512,59513,59514,59515,59516,59517,59518,59519,59520,59521,59522,59523,59524,59525,59526,59527,59528,59529,59530,59531,59532,59533,59534,59535,59536,59537,59538,59539,59541,59542,59543,59544,59545,59546,59547,59548,59549,59550,59551,59552,59553,59554,59555,59556,59557,59558,59559,59560,59562,59563,59564,59565,59566,59567,59568,59569,59570,59571,59572,59573,59574,59575,59576,59577,59578,59579,59580,59581,59582,59583,59584,59585,59586,59587,59588,59589,59590,59591,59592,59593,59594,59595,59596,59597,59598,59599,59600,59601,59602,59603,59604,59605,59606,59607,59608,59609,59610,59611,59612,59613,59614,59615,59616,59617,59618,59619,59620,59622,59623,59624,59625,59626,59627,59628,59629,59630,59631,59632,59633,59634,59635,59636,59637,59638,59639,59640,59641,59642,59643,59645,59646,59647,59648,59649,59650,59651,59652,59653,59654,59655,59656,59657,59658,59659,59660,59661,59662,59663,59664,59665,59666,59667,59668,59669,59670}","",2026-03-24 14:41:32.274366+01,gold_establishments_2025,,,,17590230300189,2025,Services de l'Etat,Département,['Nord'],['Hauts-de-France'],DID,{59},{32}
ee2cb5a7-66ee-4845-94f4-efbd0d22a544,177502309,DID Paris,false,"{75056,75101,75102,75103,75104,75105,75106,75107,75108,75109,75110,75111,75112,75113,75114,75115,75116,75117,75118,75119,75120}","",2026-03-24 14:41:32.274366+01,gold_establishments_2025,,,,17750230900012,2025,Services de l'Etat,Département,['Paris'],['Île-de-France'],DID,{75},{11}
2c6c3db9-4573-4b3e-81fb-aebc68eb3eab,176902302,DID Rhône,false,"{69001,69002,69003,69004,69005,69006,69007,69008,69009,69010,69012,69013,69014,69016,69017,69018,69019,69020,69021,69022,69023,69024,69026,69027,69028,69029,69030,69031,69032,69033,69034,69035,69036,69037,69038,69039,69040,69042,69043,69044,69045,69046,69047,69049,69050,69051,69052,69053,69054,69055,69056,69057,69058,69059,69060,69061,69062,69063,69064,69065,69066,69067,69068,69069,69070,69071,69072,69074,69075,69076,69077,69078,69080,69081,69082,69083,69084,69085,69086,69087,69088,69089,69090,69091,69092,69093,69094,69095,69096,69097,69098,69099,69100,69102,69103,69104,69105,69106,69107,69108,69109,69110,69111,69112,69113,69115,69116,69117,69118,69119,69120,69121,69122,69123,69124,69125,69126,69127,69130,69131,69132,69133,69134,69135,69136,69137,69138,69139,69140,69141,69142,69143,69145,69148,69149,69151,69153,69154,69155,69156,69157,69160,69161,69162,69163,69164,69165,69166,69167,69168,69169,69170,69171,69172,69173,69174,69175,69176,69177,69178,69179,69180,69181,69182,69183,69184,69186,69187,69188,69189,69190,69191,69192,69193,69194,69196,69197,69198,69199,69200,69201,69202,69203,69204,69205,69206,69207,69208,69209,69212,69214,69215,69216,69217,69218,69219,69220,69225,69227,69228,69229,69230,69231,69233,69234,69235,69236,69238,69239,69240,69241,69242,69243,69244,69245,69246,69248,69249,69250,69252,69253,69254,69255,69256,69257,69258,69259,69260,69261,69263,69264,69265,69266,69267,69268,69269,69270,69271,69272,69273,69275,69276,69277,69278,69279,69280,69281,69282,69283,69284,69285,69286,69287,69288,69289,69290,69291,69292,69293,69294,69295,69296,69297,69298,69299,69381,69382,69383,69384,69385,69386,69387,69388,69389}","",2026-03-24 14:41:32.274366+01,gold_establishments_2025,,,,17690230200015,2025,Services de l'Etat,Département,['Rhône'],['Auvergne-Rhône-Alpes'],DID,{69},{84}
8155aa26-d0e2-408c-80e8-92ec7528b7a8,177602307,DID Seine-Maritime,false,"{76001,76002,76004,76005,76006,76007,76008,76009,76010,76011,76012,76013,76014,76015,76016,76017,76018,76019,76020,76021,76022,76023,76024,76025,76026,76028,76029,76030,76032,76033,76034,76035,76036,76038,76039,76040,76041,76042,76043,76045,76046,76047,76048,76049,76050,76051,76052,76053,76054,76055,76056,76057,76058,76059,76060,76062,76063,76064,76065,76066,76067,76068,76069,76070,76071,76072,76074,76075,76076,76077,76079,76082,76083,76084,76085,76086,76087,76088,76090,76091,76092,76093,76094,76095,76096,76097,76099,76100,76101,76103,76104,76105,76106,76107,76108,76109,76110,76111,76112,76113,76114,76115,76116,76117,76118,76119,76120,76121,76122,76123,76124,76125,76126,76128,76129,76130,76131,76132,76133,76134,76135,76136,76138,76139,76140,76141,76142,76143,76144,76146,76147,76148,76149,76151,76152,76153,76154,76155,76156,76157,76158,76159,76160,76161,76162,76163,76164,76165,76166,76167,76168,76169,76170,76171,76172,76173,76174,76175,76176,76177,76178,76179,76180,76181,76182,76183,76184,76185,76186,76187,76188,76189,76190,76192,76193,76194,76195,76196,76197,76198,76199,76200,76201,76202,76203,76204,76205,76206,76207,76208,76209,76210,76211,76212,76213,76214,76216,76217,76218,76219,76220,76221,76222,76223,76224,76225,76226,76227,76228,76229,76230,76231,76232,76233,76234,76235,76236,76237,76238,76239,76240,76241,76242,76243,76244,76245,76247,76249,76250,76251,76252,76253,76254,76255,76257,76258,76259,76260,76261,76262,76263,76264,76265,76266,76268,76269,76270,76271,76272,76273,76274,76275,76276,76278,76279,76280,76281,76282,76283,76284,76285,76286,76287,76288,76289,76290,76291,76292,76293,76294,76295,76296,76297,76298,76299,76300,76302,76303,76304,76305,76306,76307,76308,76309,76311,76312,76313,76314,76315,76316,76317,76318,76319,76320,76321,76322,76323,76324,76325,76327,76328,76329,76330,76331,76332,76333,76334,76335,76336,76338,76339,76340,76341,76342,76343,76344,76345,76346,76347,76348,76349,76350,76351,76352,76353,76354,76355,76356,76357,76359,76360,76361,76362,76363,76364,76365,76366,76367,76368,76369,76370,76371,76372,76373,76374,76375,76377,76378,76379,76380,76381,76382,76383,76384,76385,76386,76387,76388,76389,76390,76391,76392,76393,76394,76395,76396,76397,76398,76399,76400,76401,76402,76403,76404,76405,76406,76407,76408,76409,76410,76411,76412,76413,76414,76415,76416,76417,76418,76419,76420,76421,76422,76423,76424,76425,76426,76427,76428,76429,76430,76431,76432,76433,76434,76435,76436,76437,76438,76439,76440,76441,76442,76443,76445,76446,76447,76448,76449,76450,76451,76452,76453,76454,76455,76456,76457,76458,76459,76460,76461,76462,76463,76464,76465,76467,76468,76469,76470,76471,76472,76473,76474,76475,76476,76477,76478,76479,76480,76481,76482,76483,76484,76485,76486,76487,76488,76489,76490,76491,76492,76493,76494,76495,76497,76498,76499,76500,76501,76502,76503,76504,76505,76506,76507,76508,76509,76510,76511,76512,76513,76514,76515,76516,76517,76518,76519,76520,76521,76522,76523,76524,76526,76527,76528,76529,76530,76531,76532,76533,76534,76535,76536,76537,76538,76540,76541,76542,76543,76544,76545,76546,76547,76548,76549,76550,76551,76552,76553,76554,76555,76556,76557,76558,76559,76560,76561,76562,76563,76564,76565,76566,76567,76568,76569,76570,76571,76572,76573,76574,76575,76576,76577,76578,76580,76581,76582,76583,76584,76585,76586,76587,76588,76589,76590,76591,76592,76593,76594,76595,76596,76597,76598,76599,76600,76601,76602,76603,76604,76605,76606,76608,76609,76610,76611,76612,76613,76614,76615,76616,76617,76618,76619,76620,76621,76622,76623,76624,76626,76627,76628,76629,76630,76631,76632,76634,76635,76636,76637,76638,76640,76641,76642,76644,76645,76646,76647,76648,76649,76650,76651,76652,76653,76654,76655,76656,76657,76658,76660,76662,76663,76664,76665,76666,76667,76668,76669,76670,76671,76672,76673,76675,76676,76677,76678,76679,76680,76681,76682,76683,76684,76685,76686,76688,76689,76690,76691,76692,76693,76694,76695,76697,76698,76699,76700,76702,76703,76705,76706,76707,76708,76709,76710,76711,76712,76714,76715,76716,76717,76718,76719,76720,76721,76723,76724,76725,76726,76727,76728,76730,76731,76732,76733,76734,76735,76736,76737,76738,76739,76740,76741,76743,76744,76745,76746,76747,76748,76749,76750,76751,76752,76753,76754,76755,76756,76757,76758,76759}","",2026-03-24 14:41:32.274366+01,gold_establishments_2025,,,,17760230700015,2025,Services de l'Etat,Département,['Seine-Maritime'],['Normandie'],DID,{76},{28}
be1b8598-2ce9-4453-b673-9cb6041f12d4,179502307,DID Val-dOise,false,"{95002,95008,95011,95012,95014,95018,95019,95023,95024,95026,95028,95039,95040,95042,95046,95051,95052,95054,95055,95056,95058,95059,95060,95061,95063,95074,95078,95088,95091,95094,95101,95102,95110,95116,95119,95120,95127,95134,95139,95141,95142,95144,95149,95150,95151,95154,95157,95166,95169,95170,95176,95177,95181,95183,95197,95199,95203,95205,95210,95211,95212,95213,95214,95218,95219,95229,95241,95250,95252,95253,95254,95256,95257,95258,95268,95270,95271,95277,95280,95287,95288,95295,95298,95301,95303,95304,95306,95308,95309,95313,95316,95323,95328,95331,95341,95348,95351,95352,95353,95355,95365,95369,95370,95371,95379,95387,95388,95392,95394,95395,95409,95422,95424,95426,95427,95428,95429,95430,95436,95438,95445,95446,95447,95450,95452,95456,95459,95462,95476,95480,95483,95487,95488,95489,95491,95492,95493,95500,95504,95509,95510,95523,95527,95529,95535,95539,95541,95543,95554,95555,95563,95566,95572,95574,95580,95582,95584,95585,95592,95594,95598,95604,95607,95610,95611,95612,95625,95627,95628,95633,95637,95641,95651,95652,95656,95658,95660,95675,95676,95678,95680,95682,95690}","",2026-03-24 14:41:32.274366+01,gold_establishments_2025,,,,17950230700053,2025,Services de l'Etat,Département,['Val-dOise'],['Île-de-France'],DID,{95},{11}
7baef6b4-4ac5-414e-ba65-0865661fdb59,530562693,DIRECTION GENERALE DE L'AMENAGEMENT DU LOGEMENT ET DE LA NATURE - DOM TOM,false,"{97611,97607,97601,97201,97202,97203,97204,97229,97205,97206,97207,97208,97209,97210,97211,97212,97213,97214,97215,97216,97217,97218,97219,97220,97221,97222,97223,97224,97225,97226,97227,97228,97230,97231,97232,97233,97234,97101,97102,97103,97104,97105,97403,97106,97107,97108,97109,97110,97111,97112,97113,97114,97115,97116,97117,97118,97119,97614,97610,97603,97612,97608,97615,97605,97604,97602,97613,97415,97416,97417,97418,97419,97420,97421,97422,97423,97424,97606,97617,97609,97303,97304,97305,97356,97357,97358,97360,97361,97362,97401,97402,97404,97405,97406,97407,97408,97409,97410,97411,97412,97413,97414,97616,97352,97120,97121,97122,97124,97125,97126,97128,97129,97130,97131,97132,97133,97134,97301,97302,97307,97308,97309,97310,97311,97312,97313,97306,97314,97353}",SDER,2025-02-27 17:08:32.429548+01,manual,,,,,,,,,,,,
15636e4a-ce7b-4287-8f96-5f9b6bfbe7be,130006729,DREAL Auvergne-Rhône-Alpes,false,"{01001,01002,01004,01005,01006,01007,01008,01009,01010,01011,01012,01013,01014,01015,01016,01017,01019,01021,01022,01023,01024,01025,01026,01027,01028,01029,01030,01031,01032,01033,01034,01035,01036,01037,01038,01040,01041,01042,01043,01044,01045,01046,01047,01049,01050,01051,01052,01053,01054,01056,01057,01058,01060,01061,01062,01063,01064,01065,01066,01067,01068,01069,01071,01072,01073,01074,01075,01076,01077,01078,01079,01080,01081,01082,01083,01084,01085,01087,01088,01089,01090,01092,01093,01094,01095,01096,01098,01099,01100,01101,01102,01103,01104,01105,01106,01107,01108,01109,01110,01111,01112,01113,01114,01115,01116,01117,01118,01121,01123,01124,01125,01127,01128,01129,01130,01133,01134,01135,01136,01138,01139,01140,01141,01142,01143,01145,01146,01147,01148,01149,01150,01151,01152,01153,01155,01156,01157,01158,01159,01160,01162,01163,01165,01166,01167,01169,01170,01171,01173,01174,01175,01177,01179,01180,01181,01183,01184,01185,01187,01188,01189,01190,01191,01192,01193,01194,01195,01196,01197,01198,01199,01200,01202,01203,01204,01206,01207,01208,01209,01210,01211,01212,01213,01214,01215,01216,01219,01224,01225,01227,01228,01229,01230,01231,01232,01233,01234,01235,01236,01237,01238,01239,01240,01241,01242,01243,01244,01245,01246,01247,01248,01249,01250,01252,01254,01255,01257,01258,01259,01260,01261,01262,01263,01264,01265,01266,01267,01268,01269,01272,01273,01274,01275,01276,01277,01279,01280,01281,01282,01283,01284,01285,01286,01288,01289,01290,01291,01293,01294,01295,01296,01297,01298,01299,01301,01302,01303,01304,01305,01306,01307,01308,01309,01310,01311,01313,01314,01317,01318,01319,01320,01321,01322,01323,01325,01328,01329,01331,01332,01333,01334,01335,01336,01337,01338,01339,01342,01343,01344,01345,01346,01347,01348,01349,01350,01351,01352,01353,01354,01355,01356,01357,01358,01359,01360,01361,01362,01363,01364,01365,01366,01367,01368,01369,01370,01371,01372,01373,01374,01375,01376,01378,01379,01380,01381,01382,01383,01384,01385,01386,01387,01388,01389,01390,01391,01392,01393,01396,01397,01398,01399,01400,01401,01402,01403,01404,01405,01406,01407,01408,01410,01411,01412,01415,01416,01418,01419,01420,01421,01422,01423,01424,01425,01426,01427,01428,01429,01430,01431,01432,01433,01434,01435,01436,01437,01439,01441,01443,01444,01445,01446,01447,01448,01449,01450,01451,01452,01453,01454,01456,01457,03001,03002,03003,03004,03005,03006,03007,03008,03009,03010,03011,03012,03013,03014,03015,03016,03017,03018,03019,03020,03021,03022,03023,03024,03025,03026,03027,03028,03029,03030,03031,03032,03033,03034,03035,03036,03037,03038,03039,03040,03041,03042,03043,03044,03045,03046,03047,03048,03049,03050,03051,03052,03053,03054,03055,03056,03057,03058,03059,03060,03061,03062,03063,03064,03065,03066,03067,03068,03069,03070,03071,03072,03073,03074,03075,03076,03077,03078,03079,03080,03081,03082,03083,03084,03085,03086,03087,03088,03089,03090,03091,03092,03093,03094,03095,03096,03097,03098,03099,03100,03101,03102,03103,03104,03105,03106,03107,03108,03109,03110,03111,03112,03113,03114,03115,03116,03117,03118,03119,03120,03121,03122,03124,03125,03126,03127,03128,03129,03130,03131,03132,03133,03134,03135,03136,03137,03138,03139,03140,03141,03142,03143,03144,03145,03146,03147,03148,03149,03150,03151,03152,03154,03155,03156,03157,03158,03159,03160,03161,03162,03163,03164,03165,03166,03167,03168,03169,03170,03171,03172,03173,03174,03175,03176,03177,03178,03179,03180,03181,03182,03183,03184,03185,03186,03187,03188,03189,03190,03191,03192,03193,03194,03195,03196,03197,03198,03200,03201,03202,03203,03204,03205,03206,03207,03208,03209,03210,03211,03212,03213,03214,03215,03216,03217,03218,03219,03220,03221,03222,03223,03224,03225,03226,03227,03228,03229,03230,03231,03232,03233,03234,03235,03236,03237,03238,03239,03240,03241,03242,03243,03244,03245,03246,03247,03248,03249,03250,03251,03252,03253,03254,03255,03256,03257,03258,03259,03260,03261,03262,03263,03264,03265,03266,03267,03268,03269,03270,03271,03272,03273,03274,03275,03276,03277,03278,03279,03280,03281,03282,03283,03284,03285,03286,03287,03288,03289,03290,03291,03292,03293,03294,03295,03296,03297,03298,03299,03300,03301,03302,03303,03304,03305,03306,03307,03308,03309,03310,03311,03312,03313,03314,03315,03316,03317,03319,03320,03321,07001,07002,07003,07004,07005,07006,07007,07008,07009,07010,07011,07012,07013,07014,07015,07017,07018,07019,07020,07022,07023,07024,07025,07026,07027,07028,07029,07030,07031,07032,07033,07034,07035,07036,07037,07038,07039,07040,07041,07042,07044,07045,07047,07048,07049,07050,07051,07052,07053,07054,07055,07056,07058,07059,07060,07061,07062,07063,07064,07065,07066,07067,07068,07069,07070,07071,07072,07073,07074,07075,07076,07077,07078,07079,07080,07081,07082,07083,07084,07085,07086,07087,07088,07089,07090,07091,07092,07093,07094,07095,07096,07097,07098,07099,07100,07101,07102,07103,07104,07105,07106,07107,07108,07109,07110,07111,07112,07113,07114,07115,07116,07117,07118,07119,07120,07121,07122,07123,07124,07126,07127,07128,07129,07130,07131,07132,07133,07134,07136,07137,07138,07139,07140,07141,07142,07143,07144,07145,07146,07147,07148,07149,07150,07151,07152,07153,07154,07155,07156,07157,07158,07159,07160,07161,07162,07163,07165,07166,07167,07168,07169,07170,07171,07172,07173,07174,07175,07176,07177,07178,07179,07181,07182,07183,07184,07185,07186,07187,07188,07189,07190,07191,07192,07193,07194,07195,07196,07197,07198,07199,07200,07201,07202,07203,07204,07205,07206,07207,07208,07209,07210,07211,07212,07213,07214,07215,07216,07217,07218,07219,07220,07221,07222,07223,07224,07225,07226,07227,07228,07229,07230,07231,07232,07233,07234,07235,07236,07237,07238,07239,07240,07241,07242,07243,07244,07245,07247,07248,07249,07250,07251,07253,07254,07255,07257,07258,07259,07260,07261,07262,07263,07264,07265,07266,07267,07268,07269,07270,07272,07273,07274,07275,07276,07277,07278,07279,07280,07281,07282,07283,07284,07285,07286,07287,07288,07289,07290,07291,07292,07293,07294,07295,07296,07297,07298,07299,07300,07301,07302,07303,07304,07305,07306,07307,07308,07309,07310,07311,07312,07313,07314,07315,07316,07317,07318,07319,07321,07322,07323,07324,07325,07326,07327,07328,07329,07330,07331,07332,07333,07334,07335,07336,07337,07338,07339,07340,07341,07342,07343,07344,07345,07346,07347,07348,07349,15001,15002,15003,15004,15005,15006,15007,15008,15009,15010,15011,15012,15013,15014,15015,15016,15017,15018,15019,15020,15021,15022,15024,15025,15026,15027,15028,15029,15030,15032,15033,15034,15036,15037,15038,15040,15041,15042,15043,15045,15046,15048,15049,15050,15051,15052,15053,15054,15055,15056,15057,15058,15059,15060,15061,15063,15064,15065,15066,15067,15069,15070,15072,15073,15074,15075,15076,15077,15078,15079,15080,15081,15082,15083,15084,15085,15086,15087,15088,15089,15090,15091,15092,15093,15094,15095,15096,15097,15098,15100,15101,15102,15103,15104,15105,15106,15107,15108,15110,15111,15112,15113,15114,15116,15117,15118,15119,15120,15121,15122,15123,15124,15125,15126,15127,15128,15129,15130,15131,15132,15133,15134,15135,15137,15138,15139,15140,15141,15142,15143,15144,15146,15147,15148,15149,15151,15152,15153,15154,15155,15156,15157,15158,15159,15160,15161,15162,15163,15164,15165,15166,15167,15168,15169,15170,15172,15173,15174,15175,15176,15178,15179,15180,15181,15182,15183,15184,15185,15186,15187,15188,15189,15190,15191,15192,15194,15196,15198,15199,15200,15201,15202,15203,15204,15205,15206,15207,15208,15209,15211,15212,15213,15214,15215,15216,15217,15218,15219,15220,15221,15222,15223,15224,15225,15226,15228,15229,15230,15231,15232,15233,15234,15235,15236,15237,15238,15240,15241,15242,15243,15244,15245,15246,15247,15248,15249,15250,15251,15252,15253,15254,15255,15256,15257,15258,15259,15260,15261,15262,15263,15264,15265,15266,15267,15268,15269,26001,26002,26003,26004,26005,26006,26007,26008,26009,26010,26011,26012,26013,26014,26015,26016,26017,26018,26019,26020,26021,26022,26023,26024,26025,26026,26027,26028,26030,26031,26032,26033,26034,26035,26036,26037,26038,26039,26040,26041,26042,26043,26045,26046,26047,26048,26049,26050,26051,26052,26054,26055,26056,26057,26058,26059,26060,26061,26062,26063,26064,26065,26066,26067,26068,26069,26070,26071,26072,26073,26074,26075,26076,26077,26078,26079,26080,26081,26082,26083,26084,26085,26086,26087,26088,26089,26090,26091,26092,26093,26094,26095,26096,26097,26098,26099,26100,26101,26102,26103,26104,26105,26106,26107,26108,26110,26111,26112,26113,26114,26115,26116,26117,26118,26119,26121,26122,26123,26124,26125,26126,26127,26128,26129,26130,26131,26133,26134,26135,26136,26137,26138,26139,26140,26141,26142,26143,26144,26145,26146,26147,26148,26149,26150,26152,26153,26154,26155,26156,26157,26159,26160,26161,26162,26163,26164,26165,26166,26167,26168,26169,26170,26171,26172,26173,26174,26175,26176,26177,26178,26179,26180,26181,26182,26183,26185,26186,26188,26189,26190,26191,26192,26193,26194,26195,26196,26197,26198,26199,26200,26201,26202,26203,26204,26205,26206,26207,26208,26209,26210,26211,26212,26213,26214,26215,26216,26217,26218,26220,26221,26222,26223,26224,26225,26226,26227,26228,26229,26231,26232,26233,26234,26235,26236,26238,26239,26240,26241,26242,26243,26244,26245,26246,26247,26248,26249,26250,26251,26252,26253,26254,26255,26256,26257,26258,26259,26261,26262,26263,26264,26266,26267,26268,26269,26270,26271,26272,26273,26274,26275,26276,26277,26278,26279,26281,26282,26283,26284,26285,26286,26287,26288,26289,26290,26291,26292,26293,26294,26295,26296,26298,26299,26300,26301,26302,26303,26304,26305,26306,26307,26308,26309,26310,26311,26312,26313,26314,26315,26316,26317,26318,26319,26320,26321,26322,26323,26324,26325,26326,26327,26328,26329,26330,26331,26332,26333,26334,26335,26336,26337,26338,26339,26340,26341,26342,26343,26344,26345,26346,26347,26348,26349,26350,26351,26352,26353,26355,26356,26357,26358,26359,26360,26361,26362,26363,26364,26365,26367,26368,26369,26370,26372,26373,26374,26375,26376,26377,26378,26379,26380,26381,26382,38001,38002,38003,38004,38005,38006,38008,38009,38010,38011,38012,38013,38015,38017,38018,38019,38020,38022,38023,38026,38027,38029,38030,38031,38032,38033,38034,38035,38036,38037,38038,38039,38040,38041,38042,38043,38044,38045,38046,38047,38048,38049,38050,38051,38052,38053,38054,38055,38056,38057,38058,38059,38060,38061,38062,38063,38064,38065,38066,38067,38068,38069,38070,38071,38072,38073,38074,38075,38076,38077,38078,38080,38081,38082,38083,38084,38085,38086,38087,38089,38090,38091,38092,38093,38094,38095,38097,38098,38099,38100,38101,38102,38103,38104,38105,38106,38107,38108,38109,38110,38111,38112,38113,38114,38115,38116,38117,38118,38120,38124,38126,38127,38128,38129,38130,38131,38132,38133,38134,38135,38136,38137,38138,38139,38140,38141,38144,38146,38147,38148,38149,38150,38151,38152,38153,38154,38155,38156,38157,38158,38159,38160,38161,38162,38163,38166,38167,38169,38170,38171,38172,38173,38174,38175,38176,38177,38179,38180,38181,38182,38183,38184,38185,38186,38187,38188,38189,38190,38191,38192,38193,38194,38195,38197,38198,38199,38200,38203,38204,38205,38206,38207,38208,38209,38210,38211,38212,38213,38214,38215,38216,38217,38218,38219,38221,38222,38223,38224,38225,38226,38228,38229,38230,38231,38232,38235,38236,38237,38238,38239,38240,38241,38242,38243,38244,38245,38246,38247,38248,38249,38250,38252,38253,38254,38255,38256,38257,38258,38259,38260,38261,38263,38264,38265,38266,38267,38268,38269,38270,38271,38272,38273,38275,38276,38277,38278,38279,38280,38281,38282,38283,38284,38285,38286,38287,38288,38289,38290,38291,38292,38294,38295,38296,38297,38298,38299,38300,38301,38303,38304,38307,38308,38309,38310,38311,38313,38314,38315,38316,38317,38318,38319,38320,38321,38322,38323,38324,38325,38326,38328,38329,38330,38331,38332,38333,38334,38335,38336,38337,38338,38339,38340,38341,38342,38343,38344,38345,38346,38347,38348,38349,38350,38351,38352,38353,38354,38355,38356,38357,38358,38359,38360,38361,38362,38363,38364,38365,38366,38368,38369,38370,38372,38373,38374,38375,38376,38377,38378,38379,38380,38381,38382,38383,38384,38386,38387,38388,38389,38390,38391,38392,38393,38394,38395,38396,38397,38398,38399,38400,38401,38402,38403,38404,38405,38406,38407,38408,38409,38410,38412,38413,38414,38415,38416,38417,38418,38419,38420,38421,38422,38423,38424,38425,38426,38427,38428,38429,38430,38431,38432,38433,38434,38436,38437,38438,38439,38440,38442,38443,38444,38445,38446,38448,38449,38450,38451,38452,38453,38454,38455,38456,38457,38458,38459,38460,38462,38463,38464,38465,38466,38467,38468,38469,38470,38471,38472,38473,38474,38475,38476,38478,38479,38480,38481,38483,38484,38485,38486,38487,38488,38489,38490,38492,38494,38495,38496,38497,38498,38499,38500,38501,38503,38504,38505,38507,38508,38509,38511,38512,38513,38514,38515,38516,38517,38518,38519,38520,38521,38522,38523,38524,38525,38526,38527,38528,38529,38530,38531,38532,38533,38535,38536,38537,38538,38539,38540,38542,38543,38544,38545,38546,38547,38548,38549,38550,38551,38552,38553,38554,38555,38556,38557,38558,38559,38560,38561,38562,38563,38564,38565,38566,38567,42001,42002,42003,42005,42006,42007,42008,42009,42010,42011,42012,42013,42014,42015,42016,42017,42018,42019,42020,42021,42022,42023,42025,42026,42027,42028,42029,42030,42031,42032,42033,42034,42035,42036,42037,42038,42039,42040,42041,42042,42043,42044,42045,42046,42047,42048,42049,42050,42051,42052,42053,42054,42055,42056,42058,42059,42060,42061,42062,42063,42064,42065,42066,42067,42068,42069,42070,42071,42073,42074,42075,42076,42077,42078,42079,42081,42083,42084,42085,42086,42087,42088,42089,42090,42091,42092,42093,42094,42095,42096,42097,42098,42099,42100,42101,42102,42103,42104,42105,42106,42107,42108,42110,42112,42113,42115,42116,42117,42118,42119,42120,42121,42122,42123,42124,42125,42126,42127,42128,42129,42130,42131,42132,42133,42134,42135,42136,42137,42138,42139,42140,42141,42142,42143,42145,42146,42147,42148,42149,42150,42151,42152,42153,42154,42155,42156,42157,42158,42159,42160,42161,42162,42163,42164,42165,42166,42167,42168,42169,42170,42171,42172,42173,42174,42175,42176,42177,42178,42179,42180,42181,42182,42183,42184,42185,42186,42187,42188,42189,42191,42192,42193,42194,42195,42196,42197,42198,42199,42200,42201,42202,42203,42204,42205,42206,42207,42208,42209,42210,42211,42212,42213,42214,42215,42216,42217,42218,42219,42220,42221,42222,42223,42224,42225,42226,42227,42228,42229,42230,42231,42232,42233,42234,42235,42236,42237,42238,42239,42240,42241,42242,42243,42245,42246,42247,42248,42249,42251,42253,42254,42255,42256,42257,42259,42260,42261,42262,42264,42265,42266,42267,42268,42269,42270,42271,42272,42273,42274,42275,42276,42277,42278,42279,42280,42281,42282,42283,42284,42285,42286,42287,42288,42289,42290,42293,42294,42295,42296,42297,42298,42299,42300,42301,42302,42303,42304,42305,42306,42307,42308,42310,42311,42312,42313,42314,42315,42316,42317,42318,42319,42320,42321,42322,42323,42324,42325,42326,42327,42328,42329,42330,42331,42332,42333,42334,42335,42336,42337,42338,42339,43001,43002,43003,43004,43005,43006,43007,43008,43009,43010,43011,43012,43013,43014,43015,43016,43017,43018,43019,43020,43021,43022,43023,43024,43025,43026,43027,43028,43029,43030,43031,43032,43033,43034,43035,43036,43037,43038,43039,43040,43041,43042,43043,43044,43045,43046,43047,43048,43049,43050,43051,43052,43053,43054,43055,43056,43057,43058,43059,43060,43061,43062,43063,43064,43065,43066,43067,43068,43069,43070,43071,43072,43073,43074,43075,43076,43077,43078,43079,43080,43082,43083,43084,43085,43086,43087,43088,43089,43090,43091,43092,43093,43094,43095,43096,43097,43098,43099,43100,43101,43102,43103,43104,43105,43106,43107,43108,43109,43110,43111,43112,43113,43114,43115,43116,43117,43118,43119,43120,43121,43122,43123,43124,43125,43126,43127,43128,43129,43130,43131,43132,43133,43134,43135,43136,43137,43138,43139,43140,43141,43142,43143,43144,43145,43147,43148,43149,43150,43151,43152,43153,43154,43155,43156,43157,43158,43159,43160,43162,43163,43164,43165,43166,43167,43168,43169,43170,43171,43172,43173,43174,43175,43177,43178,43180,43181,43182,43183,43184,43185,43186,43187,43188,43189,43190,43191,43192,43193,43194,43195,43196,43197,43198,43199,43200,43201,43202,43203,43204,43205,43206,43207,43208,43210,43211,43212,43213,43214,43215,43216,43217,43218,43219,43220,43221,43222,43223,43224,43225,43226,43227,43228,43229,43230,43231,43232,43233,43234,43236,43237,43238,43239,43240,43241,43242,43244,43245,43246,43247,43249,43250,43251,43252,43253,43254,43256,43257,43258,43259,43260,43261,43262,43263,43264,43265,43267,43268,63001,63002,63003,63004,63005,63006,63007,63008,63009,63010,63011,63012,63013,63014,63015,63016,63017,63019,63020,63021,63022,63023,63024,63025,63026,63027,63028,63029,63030,63031,63032,63033,63034,63035,63036,63037,63038,63039,63040,63041,63042,63043,63044,63045,63046,63047,63048,63049,63050,63051,63052,63053,63054,63055,63056,63057,63058,63059,63060,63061,63062,63063,63064,63065,63066,63067,63069,63070,63071,63072,63073,63074,63075,63076,63077,63079,63080,63081,63082,63083,63084,63085,63086,63087,63088,63089,63090,63091,63092,63093,63094,63095,63096,63097,63098,63099,63100,63101,63102,63103,63104,63105,63106,63107,63108,63109,63110,63111,63112,63113,63114,63115,63116,63117,63118,63119,63120,63121,63122,63123,63124,63125,63126,63128,63129,63130,63131,63132,63134,63135,63136,63137,63138,63139,63140,63141,63142,63143,63144,63145,63146,63147,63148,63149,63150,63151,63152,63153,63154,63155,63156,63157,63158,63159,63160,63161,63162,63163,63164,63165,63166,63167,63168,63169,63170,63171,63172,63173,63174,63175,63176,63177,63178,63179,63180,63181,63182,63183,63184,63185,63186,63187,63188,63189,63190,63191,63192,63193,63194,63195,63196,63197,63198,63199,63200,63201,63202,63203,63204,63205,63206,63207,63208,63209,63210,63211,63212,63213,63214,63215,63216,63218,63219,63220,63221,63222,63223,63224,63225,63226,63227,63228,63229,63230,63231,63232,63233,63234,63235,63236,63237,63238,63239,63240,63241,63242,63243,63244,63245,63246,63247,63248,63249,63250,63251,63252,63253,63254,63255,63256,63257,63258,63259,63260,63261,63262,63263,63264,63265,63267,63268,63269,63270,63271,63272,63273,63274,63275,63276,63277,63278,63279,63280,63281,63282,63283,63284,63285,63286,63287,63288,63289,63290,63291,63292,63293,63294,63295,63296,63297,63298,63299,63300,63301,63302,63303,63304,63305,63306,63307,63308,63309,63310,63311,63312,63313,63314,63315,63317,63318,63319,63320,63321,63322,63323,63324,63325,63326,63327,63328,63329,63331,63332,63333,63334,63335,63336,63337,63338,63339,63340,63341,63342,63343,63344,63345,63346,63347,63348,63349,63350,63351,63352,63353,63354,63355,63356,63357,63358,63359,63360,63362,63363,63364,63365,63366,63367,63368,63369,63370,63371,63372,63373,63374,63375,63376,63377,63378,63379,63380,63381,63382,63383,63384,63385,63386,63387,63388,63389,63390,63391,63392,63393,63394,63395,63396,63397,63398,63399,63400,63401,63402,63403,63404,63405,63406,63407,63408,63409,63410,63411,63412,63413,63414,63415,63416,63417,63418,63419,63420,63421,63422,63423,63424,63425,63426,63427,63428,63429,63430,63431,63432,63433,63434,63435,63436,63437,63438,63439,63440,63441,63442,63443,63444,63445,63446,63447,63448,63449,63450,63451,63452,63453,63454,63455,63456,63457,63458,63459,63460,63461,63462,63463,63464,63465,63466,63467,63468,63469,63470,63471,63472,63473,69001,69002,69003,69004,69005,69006,69007,69008,69009,69010,69012,69013,69014,69016,69017,69018,69019,69020,69021,69022,69023,69024,69026,69027,69028,69029,69030,69031,69032,69033,69034,69035,69036,69037,69038,69039,69040,69042,69043,69044,69045,69046,69047,69049,69050,69051,69052,69053,69054,69055,69056,69057,69058,69059,69060,69061,69062,69063,69064,69065,69066,69067,69068,69069,69070,69071,69072,69074,69075,69076,69077,69078,69080,69081,69082,69083,69084,69085,69086,69087,69088,69089,69090,69091,69092,69093,69094,69095,69096,69097,69098,69099,69100,69102,69103,69104,69105,69106,69107,69108,69109,69110,69111,69112,69113,69115,69116,69117,69118,69119,69120,69121,69122,69123,69124,69125,69126,69127,69130,69131,69132,69133,69134,69135,69136,69137,69138,69139,69140,69141,69142,69143,69145,69148,69149,69151,69153,69154,69155,69156,69157,69160,69161,69162,69163,69164,69165,69166,69167,69168,69169,69170,69171,69172,69173,69174,69175,69176,69177,69178,69179,69180,69181,69182,69183,69184,69186,69187,69188,69189,69190,69191,69192,69193,69194,69196,69197,69198,69199,69200,69201,69202,69203,69204,69205,69206,69207,69208,69209,69212,69214,69215,69216,69217,69218,69219,69220,69225,69227,69228,69229,69230,69231,69233,69234,69235,69236,69238,69239,69240,69241,69242,69243,69244,69245,69246,69248,69249,69250,69252,69253,69254,69255,69256,69257,69258,69259,69260,69261,69263,69264,69265,69266,69267,69268,69269,69270,69271,69272,69273,69275,69276,69277,69278,69279,69280,69281,69282,69283,69284,69285,69286,69287,69288,69289,69290,69291,69292,69293,69294,69295,69296,69297,69298,69299,69381,69382,69383,69384,69385,69386,69387,69388,69389,73001,73003,73004,73005,73006,73007,73008,73010,73011,73012,73013,73014,73015,73017,73018,73019,73020,73021,73022,73023,73024,73025,73026,73027,73028,73029,73030,73031,73032,73033,73034,73036,73039,73040,73041,73042,73043,73047,73048,73049,73050,73051,73052,73053,73054,73055,73057,73058,73059,73061,73063,73064,73065,73067,73068,73069,73070,73071,73072,73073,73074,73075,73076,73077,73078,73079,73081,73082,73083,73084,73085,73086,73087,73088,73089,73090,73091,73092,73094,73095,73096,73097,73098,73099,73100,73101,73103,73104,73105,73106,73107,73109,73110,73113,73114,73116,73117,73119,73120,73121,73122,73123,73124,73128,73129,73130,73131,73132,73133,73135,73137,73138,73139,73140,73141,73142,73145,73146,73147,73149,73150,73151,73152,73153,73154,73155,73156,73157,73159,73160,73161,73162,73164,73166,73168,73170,73171,73173,73175,73176,73177,73178,73179,73180,73181,73182,73183,73184,73186,73187,73188,73189,73190,73191,73192,73193,73194,73196,73197,73200,73201,73202,73204,73205,73206,73207,73208,73210,73211,73212,73213,73214,73215,73216,73217,73218,73219,73220,73221,73222,73223,73224,73225,73226,73227,73228,73229,73230,73231,73232,73233,73234,73235,73236,73237,73240,73241,73242,73243,73245,73246,73247,73248,73249,73250,73252,73253,73254,73255,73256,73257,73258,73259,73261,73262,73263,73265,73267,73268,73269,73270,73271,73272,73273,73274,73275,73276,73277,73278,73280,73281,73282,73283,73284,73285,73286,73288,73289,73290,73292,73293,73294,73296,73297,73298,73299,73300,73301,73302,73303,73304,73306,73307,73308,73309,73310,73311,73312,73313,73314,73315,73316,73317,73318,73320,73322,73323,73324,73326,73327,73328,73329,73330,74001,74002,74003,74004,74005,74006,74007,74008,74009,74010,74012,74013,74014,74015,74016,74018,74019,74020,74021,74024,74025,74026,74027,74029,74030,74031,74032,74033,74034,74035,74036,74037,74038,74040,74041,74042,74043,74044,74045,74046,74048,74049,74050,74051,74052,74053,74054,74055,74056,74057,74058,74059,74060,74061,74062,74063,74064,74065,74066,74067,74068,74069,74070,74071,74072,74073,74074,74075,74076,74077,74078,74079,74080,74081,74082,74083,74085,74086,74087,74088,74089,74090,74091,74094,74095,74096,74097,74098,74099,74100,74101,74102,74103,74104,74105,74106,74107,74108,74109,74111,74112,74114,74116,74117,74118,74119,74121,74122,74123,74124,74126,74127,74128,74129,74130,74131,74133,74134,74135,74136,74137,74138,74139,74140,74141,74142,74143,74144,74145,74146,74147,74148,74150,74151,74152,74153,74154,74155,74156,74157,74158,74159,74160,74161,74162,74163,74164,74165,74166,74167,74168,74169,74170,74171,74172,74173,74174,74175,74176,74177,74178,74179,74180,74183,74184,74185,74186,74188,74189,74190,74191,74192,74193,74194,74195,74196,74197,74198,74199,74200,74201,74202,74203,74205,74206,74208,74209,74210,74211,74212,74213,74215,74216,74218,74219,74220,74221,74222,74223,74224,74225,74226,74228,74229,74231,74232,74233,74234,74235,74236,74237,74238,74239,74240,74241,74242,74243,74244,74249,74250,74252,74253,74254,74255,74256,74257,74258,74259,74260,74261,74262,74263,74264,74265,74266,74267,74269,74271,74272,74273,74275,74276,74278,74279,74280,74281,74282,74283,74284,74285,74286,74287,74288,74289,74290,74291,74292,74293,74294,74295,74296,74297,74298,74299,74301,74302,74303,74304,74305,74306,74307,74308,74309,74310,74311,74312,74313,74314,74315}",SDER,2026-03-24 14:41:32.274366+01,gold_establishments_2025,,,,13000672900029,2025,Services de l'Etat,Région,"['Ain', 'Allier', 'Ardèche', 'Cantal', 'Drôme', 'Isère', 'Loire', 'Haute-Loire', 'Puy-de-Dôme', 'Rhô",['Auvergne-Rhône-Alpes'],DREAL,"{01,03,07,15,26,38,42,43,63,69,73,74}",{84}
ea648331-8ac2-4220-b9fd-33df236916d0,130009012,DREAL Bourgogne-Franche-Comté,false,"{21001,21002,21003,21004,21005,21006,21007,21008,21009,21010,21011,21012,21013,21014,21015,21016,21017,21018,21020,21021,21022,21023,21024,21025,21026,21027,21028,21029,21030,21031,21032,21033,21034,21035,21036,21037,21038,21039,21040,21041,21042,21043,21044,21045,21046,21047,21048,21049,21050,21051,21052,21053,21054,21055,21056,21057,21058,21059,21060,21061,21062,21063,21064,21065,21066,21067,21068,21069,21070,21071,21072,21074,21075,21076,21077,21078,21079,21080,21081,21082,21083,21084,21085,21086,21087,21088,21089,21090,21091,21092,21093,21094,21095,21096,21097,21098,21099,21100,21101,21102,21103,21104,21105,21106,21107,21108,21109,21110,21111,21112,21113,21114,21115,21116,21117,21118,21119,21120,21121,21122,21123,21124,21125,21126,21127,21128,21129,21130,21131,21132,21133,21134,21135,21136,21137,21138,21139,21140,21141,21142,21143,21144,21145,21146,21147,21148,21149,21150,21151,21152,21153,21154,21155,21156,21157,21158,21159,21160,21161,21162,21163,21164,21165,21166,21167,21168,21169,21170,21171,21172,21173,21175,21176,21177,21178,21179,21180,21181,21182,21183,21184,21185,21186,21187,21189,21190,21191,21192,21193,21194,21195,21196,21197,21198,21199,21200,21201,21202,21203,21204,21205,21207,21208,21209,21210,21211,21212,21214,21215,21216,21217,21218,21219,21220,21221,21222,21223,21224,21225,21226,21227,21228,21229,21230,21231,21232,21233,21234,21235,21236,21237,21238,21239,21240,21241,21242,21243,21244,21245,21246,21247,21248,21249,21250,21251,21252,21253,21254,21255,21256,21257,21258,21259,21260,21261,21262,21263,21264,21265,21266,21267,21268,21269,21270,21271,21272,21273,21274,21275,21276,21277,21278,21279,21280,21281,21282,21283,21284,21285,21286,21287,21288,21289,21290,21291,21292,21293,21294,21295,21296,21297,21298,21299,21300,21301,21302,21303,21304,21305,21306,21307,21308,21309,21310,21311,21312,21313,21314,21315,21316,21317,21319,21320,21321,21322,21323,21324,21325,21326,21327,21328,21329,21330,21331,21332,21333,21334,21335,21336,21337,21338,21339,21340,21341,21342,21343,21344,21345,21346,21347,21348,21349,21350,21351,21352,21353,21354,21355,21356,21357,21358,21359,21360,21361,21362,21363,21364,21365,21366,21367,21368,21369,21370,21371,21372,21373,21374,21375,21376,21377,21378,21379,21380,21381,21382,21383,21384,21385,21386,21387,21388,21389,21390,21391,21392,21393,21394,21395,21396,21397,21398,21399,21400,21401,21402,21403,21404,21405,21406,21407,21408,21409,21410,21411,21412,21413,21414,21415,21416,21417,21418,21419,21420,21421,21422,21423,21424,21425,21426,21427,21428,21429,21430,21431,21432,21433,21434,21435,21436,21437,21438,21439,21440,21441,21442,21444,21445,21446,21447,21448,21449,21450,21451,21452,21454,21455,21456,21457,21458,21459,21460,21461,21462,21463,21464,21465,21466,21467,21468,21469,21470,21471,21472,21473,21474,21475,21476,21477,21478,21479,21480,21481,21482,21483,21484,21485,21487,21488,21489,21490,21491,21492,21493,21494,21495,21496,21497,21498,21499,21500,21501,21502,21503,21504,21505,21506,21508,21510,21511,21512,21514,21515,21516,21517,21518,21519,21520,21521,21522,21523,21524,21525,21526,21527,21528,21529,21530,21531,21532,21533,21534,21535,21536,21537,21538,21539,21540,21541,21542,21543,21544,21545,21546,21547,21548,21549,21550,21552,21553,21554,21555,21556,21557,21558,21559,21560,21561,21562,21563,21564,21565,21566,21567,21568,21569,21570,21571,21572,21573,21574,21575,21576,21577,21578,21579,21580,21581,21582,21583,21584,21585,21586,21587,21588,21589,21590,21591,21592,21593,21594,21595,21596,21597,21598,21599,21600,21601,21602,21603,21604,21605,21606,21607,21608,21609,21610,21611,21612,21613,21614,21615,21616,21617,21618,21619,21620,21622,21623,21624,21625,21626,21627,21628,21629,21630,21631,21632,21633,21634,21635,21636,21637,21638,21639,21640,21641,21642,21643,21644,21645,21646,21647,21648,21649,21650,21651,21652,21653,21655,21656,21657,21659,21660,21661,21662,21663,21664,21665,21666,21667,21669,21670,21671,21672,21673,21674,21675,21676,21677,21678,21679,21680,21681,21682,21683,21684,21685,21686,21687,21688,21689,21690,21691,21692,21693,21694,21695,21696,21698,21699,21700,21701,21702,21703,21704,21705,21706,21707,21708,21709,21710,21711,21712,21713,21714,21715,21716,21717,25001,25002,25003,25004,25005,25006,25007,25008,25009,25011,25012,25013,25014,25015,25016,25017,25018,25019,25020,25021,25022,25024,25025,25026,25029,25030,25031,25032,25033,25035,25036,25038,25039,25040,25041,25042,25043,25044,25045,25046,25047,25048,25049,25050,25051,25052,25053,25054,25055,25056,25057,25058,25059,25060,25061,25062,25063,25065,25066,25067,25070,25071,25072,25073,25074,25075,25077,25078,25079,25082,25083,25084,25085,25086,25087,25088,25089,25090,25091,25092,25093,25094,25095,25096,25097,25098,25099,25100,25101,25102,25103,25104,25105,25106,25107,25108,25109,25110,25111,25112,25113,25114,25115,25116,25117,25119,25120,25121,25122,25124,25125,25126,25127,25129,25130,25131,25132,25133,25136,25138,25139,25141,25142,25143,25145,25147,25148,25149,25150,25151,25152,25153,25154,25155,25156,25157,25159,25160,25161,25162,25163,25164,25166,25170,25171,25172,25173,25174,25175,25176,25177,25178,25179,25180,25181,25182,25183,25184,25185,25186,25187,25188,25189,25190,25191,25192,25193,25194,25195,25196,25197,25198,25199,25200,25201,25202,25203,25204,25207,25208,25209,25210,25211,25212,25213,25214,25215,25216,25217,25218,25219,25220,25221,25222,25223,25224,25225,25226,25227,25228,25229,25230,25231,25232,25233,25234,25235,25236,25237,25238,25239,25240,25241,25242,25243,25244,25245,25246,25247,25248,25249,25251,25252,25253,25254,25255,25256,25257,25258,25259,25261,25262,25263,25264,25265,25266,25267,25268,25269,25270,25271,25273,25274,25275,25276,25277,25278,25279,25280,25281,25283,25284,25285,25286,25287,25288,25289,25290,25293,25295,25296,25298,25299,25300,25301,25304,25305,25306,25307,25308,25309,25310,25311,25312,25313,25314,25315,25316,25317,25318,25320,25321,25322,25323,25324,25325,25326,25327,25328,25329,25330,25331,25332,25333,25334,25335,25336,25338,25339,25340,25341,25342,25343,25344,25345,25346,25348,25349,25350,25351,25354,25355,25356,25357,25359,25360,25361,25362,25364,25365,25366,25367,25368,25369,25370,25371,25372,25373,25374,25375,25376,25377,25378,25379,25380,25381,25382,25383,25384,25385,25386,25387,25388,25389,25390,25391,25392,25393,25394,25395,25397,25400,25401,25402,25403,25404,25405,25406,25408,25410,25411,25413,25414,25415,25416,25417,25418,25419,25420,25421,25422,25424,25425,25426,25427,25428,25429,25430,25431,25432,25433,25434,25435,25436,25437,25438,25439,25440,25441,25442,25443,25444,25445,25446,25447,25448,25449,25450,25451,25452,25453,25454,25455,25456,25457,25458,25459,25460,25461,25462,25463,25464,25465,25466,25467,25468,25469,25470,25471,25472,25473,25474,25475,25476,25477,25478,25479,25481,25482,25483,25485,25486,25487,25488,25489,25490,25491,25492,25493,25494,25495,25496,25497,25498,25499,25500,25501,25502,25503,25504,25505,25506,25507,25508,25510,25511,25512,25513,25514,25515,25516,25517,25518,25519,25520,25521,25522,25523,25524,25525,25526,25527,25528,25529,25532,25534,25535,25536,25537,25538,25539,25540,25541,25542,25544,25545,25546,25547,25548,25550,25551,25552,25553,25554,25555,25556,25557,25558,25559,25560,25561,25562,25563,25564,25565,25566,25567,25569,25570,25571,25572,25573,25574,25575,25578,25579,25580,25582,25583,25584,25586,25588,25589,25590,25591,25592,25594,25595,25596,25597,25598,25599,25600,25601,25602,25604,25605,25607,25608,25609,25611,25612,25613,25614,25615,25616,25617,25618,25619,25621,25622,25623,25624,25625,25626,25627,25629,25630,25631,25632,25633,25634,25635,39001,39002,39003,39004,39006,39007,39008,39009,39010,39011,39013,39014,39015,39016,39017,39018,39019,39020,39021,39022,39024,39025,39026,39027,39028,39029,39030,39031,39032,39034,39035,39037,39038,39039,39040,39041,39042,39043,39045,39046,39047,39048,39049,39050,39051,39052,39053,39054,39055,39056,39057,39058,39059,39060,39061,39062,39063,39065,39066,39068,39070,39072,39073,39074,39076,39077,39078,39079,39080,39081,39083,39084,39085,39086,39088,39090,39091,39092,39093,39094,39095,39096,39097,39099,39100,39101,39102,39103,39104,39105,39106,39107,39108,39109,39110,39111,39112,39114,39116,39117,39118,39119,39120,39121,39122,39124,39126,39127,39128,39129,39130,39131,39132,39133,39134,39136,39137,39138,39139,39140,39141,39142,39143,39145,39146,39147,39149,39150,39151,39153,39154,39155,39156,39157,39159,39160,39162,39163,39164,39165,39166,39167,39168,39169,39170,39171,39172,39173,39174,39175,39176,39177,39178,39179,39180,39182,39183,39184,39185,39187,39188,39189,39190,39191,39192,39193,39194,39196,39197,39198,39199,39200,39201,39202,39203,39204,39205,39206,39207,39208,39209,39210,39211,39214,39216,39217,39218,39219,39220,39221,39222,39223,39225,39227,39228,39229,39230,39232,39233,39234,39235,39236,39237,39238,39239,39240,39241,39244,39245,39246,39247,39248,39249,39250,39251,39252,39253,39254,39255,39258,39259,39261,39262,39263,39265,39266,39267,39268,39269,39270,39271,39272,39273,39274,39275,39277,39278,39279,39280,39281,39282,39283,39284,39285,39286,39288,39289,39290,39291,39292,39293,39295,39296,39297,39298,39299,39300,39301,39302,39304,39305,39306,39307,39308,39310,39312,39313,39314,39315,39317,39318,39319,39320,39321,39322,39323,39324,39325,39326,39327,39328,39329,39330,39331,39333,39334,39335,39336,39337,39338,39339,39342,39343,39344,39345,39346,39348,39349,39350,39351,39352,39353,39354,39355,39356,39359,39360,39361,39362,39363,39364,39365,39366,39367,39368,39370,39372,39373,39375,39376,39377,39378,39379,39380,39381,39385,39386,39387,39388,39389,39390,39391,39392,39393,39394,39396,39397,39398,39399,39400,39401,39402,39403,39404,39405,39406,39407,39408,39409,39411,39412,39413,39415,39418,39419,39420,39421,39422,39423,39424,39425,39426,39427,39428,39429,39430,39431,39432,39434,39435,39436,39437,39439,39441,39443,39444,39445,39446,39447,39448,39449,39451,39452,39453,39454,39455,39456,39457,39458,39460,39461,39462,39463,39464,39465,39466,39467,39468,39469,39470,39471,39472,39473,39475,39476,39477,39478,39479,39480,39481,39485,39486,39487,39489,39490,39491,39492,39493,39494,39495,39497,39498,39499,39500,39501,39502,39503,39504,39505,39507,39508,39510,39511,39512,39513,39514,39517,39518,39519,39520,39522,39523,39525,39526,39527,39528,39529,39530,39531,39532,39533,39534,39535,39537,39538,39539,39540,39543,39545,39546,39547,39550,39551,39552,39553,39554,39555,39556,39557,39558,39559,39560,39561,39565,39567,39568,39569,39570,39571,39572,39573,39574,39575,39576,39577,39579,39581,39582,39583,39584,39585,39586,58001,58002,58003,58004,58005,58006,58007,58008,58009,58010,58011,58012,58013,58014,58015,58016,58017,58018,58019,58020,58021,58023,58024,58025,58026,58027,58028,58029,58030,58031,58032,58033,58034,58035,58036,58037,58038,58039,58040,58041,58042,58043,58044,58045,58046,58047,58048,58049,58050,58051,58052,58053,58054,58055,58056,58057,58058,58059,58060,58061,58062,58063,58064,58065,58066,58067,58068,58069,58070,58071,58072,58073,58074,58075,58076,58077,58078,58079,58080,58081,58082,58083,58084,58085,58086,58087,58088,58089,58090,58092,58093,58094,58095,58096,58097,58098,58099,58101,58102,58103,58104,58105,58106,58107,58108,58109,58110,58111,58112,58113,58114,58115,58116,58117,58118,58119,58120,58121,58122,58123,58124,58125,58126,58127,58128,58129,58130,58131,58132,58133,58134,58135,58136,58137,58138,58139,58140,58141,58142,58143,58144,58145,58146,58147,58148,58149,58150,58151,58152,58153,58154,58155,58156,58157,58158,58159,58160,58161,58162,58163,58164,58165,58166,58168,58169,58170,58171,58172,58173,58174,58175,58176,58177,58178,58179,58180,58181,58182,58183,58184,58185,58186,58187,58188,58189,58190,58191,58192,58193,58194,58195,58196,58197,58198,58199,58200,58201,58202,58203,58204,58205,58206,58207,58208,58209,58210,58211,58212,58213,58214,58215,58216,58217,58218,58219,58220,58221,58222,58223,58224,58225,58226,58227,58228,58229,58230,58231,58232,58233,58234,58235,58236,58237,58238,58239,58240,58241,58242,58243,58244,58245,58246,58247,58248,58249,58250,58251,58252,58253,58254,58255,58256,58257,58258,58259,58260,58261,58262,58263,58264,58265,58266,58267,58268,58269,58270,58271,58272,58273,58274,58275,58276,58277,58278,58279,58280,58281,58282,58283,58284,58285,58286,58287,58288,58289,58290,58291,58292,58293,58294,58295,58296,58297,58298,58299,58300,58301,58302,58303,58304,58305,58306,58307,58308,58309,58310,58311,58312,58313,70001,70002,70003,70004,70005,70006,70007,70008,70009,70010,70011,70012,70013,70014,70015,70016,70017,70018,70019,70020,70021,70022,70023,70024,70025,70026,70027,70028,70029,70030,70031,70032,70035,70036,70037,70038,70039,70040,70041,70042,70043,70044,70045,70046,70047,70048,70049,70050,70051,70052,70053,70054,70055,70056,70057,70058,70059,70060,70061,70062,70063,70064,70065,70066,70067,70069,70070,70071,70072,70074,70075,70076,70077,70078,70079,70080,70081,70082,70083,70084,70085,70086,70087,70088,70089,70090,70091,70092,70093,70094,70095,70096,70097,70098,70099,70100,70101,70102,70103,70104,70105,70106,70107,70109,70111,70112,70113,70114,70115,70116,70117,70118,70119,70120,70121,70122,70124,70125,70126,70127,70128,70129,70130,70132,70133,70134,70135,70136,70137,70138,70140,70141,70142,70143,70144,70145,70146,70147,70148,70149,70150,70151,70152,70153,70154,70155,70156,70157,70158,70159,70160,70162,70163,70164,70165,70166,70167,70168,70169,70170,70171,70172,70174,70175,70176,70177,70178,70179,70180,70181,70182,70183,70184,70185,70186,70187,70188,70189,70190,70192,70193,70194,70195,70196,70197,70198,70199,70200,70201,70202,70203,70204,70205,70206,70207,70208,70210,70211,70213,70214,70215,70216,70217,70218,70219,70220,70221,70222,70224,70225,70226,70227,70228,70229,70230,70231,70232,70233,70234,70235,70236,70237,70238,70239,70240,70242,70243,70244,70245,70247,70248,70249,70250,70251,70252,70253,70254,70255,70256,70257,70258,70259,70260,70261,70262,70263,70265,70267,70268,70269,70271,70272,70273,70274,70275,70276,70277,70278,70279,70280,70282,70283,70284,70285,70286,70287,70288,70289,70290,70291,70292,70293,70294,70295,70296,70297,70298,70299,70301,70302,70303,70304,70305,70306,70307,70308,70309,70310,70311,70312,70313,70314,70315,70316,70317,70318,70319,70320,70321,70322,70323,70324,70325,70326,70327,70328,70329,70330,70331,70332,70334,70335,70336,70337,70338,70339,70340,70341,70342,70343,70344,70347,70348,70349,70350,70351,70352,70353,70355,70356,70357,70358,70359,70360,70361,70362,70363,70364,70366,70367,70368,70369,70371,70372,70373,70374,70376,70378,70380,70381,70383,70384,70385,70386,70387,70388,70389,70390,70392,70393,70394,70395,70396,70397,70398,70399,70400,70401,70402,70403,70404,70405,70406,70407,70408,70409,70410,70411,70412,70413,70414,70415,70416,70417,70418,70419,70420,70421,70422,70423,70425,70426,70427,70428,70429,70430,70431,70432,70433,70435,70436,70437,70438,70439,70440,70441,70442,70443,70444,70445,70446,70447,70448,70449,70450,70451,70452,70453,70454,70455,70456,70457,70459,70460,70461,70462,70463,70464,70466,70467,70468,70469,70470,70471,70472,70473,70474,70476,70477,70478,70479,70480,70481,70482,70483,70484,70485,70486,70487,70488,70489,70490,70491,70492,70493,70494,70496,70498,70499,70500,70501,70502,70503,70504,70505,70506,70507,70509,70510,70511,70512,70513,70514,70515,70516,70517,70518,70519,70520,70521,70522,70523,70524,70525,70526,70527,70528,70529,70531,70532,70533,70534,70535,70536,70537,70538,70539,70540,70541,70542,70544,70545,70546,70547,70548,70549,70550,70552,70553,70554,70555,70558,70559,70560,70561,70562,70563,70564,70565,70566,70567,70568,70569,70571,70572,70573,70574,70575,70576,70577,70578,70579,70580,70581,70582,70583,71001,71002,71003,71004,71005,71006,71007,71008,71009,71010,71011,71012,71013,71014,71015,71016,71017,71018,71019,71020,71021,71022,71023,71024,71025,71026,71027,71028,71029,71030,71031,71032,71033,71034,71035,71036,71037,71038,71039,71040,71041,71042,71043,71044,71045,71046,71047,71048,71050,71051,71052,71054,71056,71057,71058,71059,71060,71061,71062,71063,71064,71065,71066,71067,71068,71069,71070,71071,71072,71073,71074,71075,71076,71077,71078,71079,71080,71081,71082,71084,71085,71086,71087,71088,71089,71090,71091,71092,71093,71094,71095,71096,71097,71098,71099,71100,71101,71102,71103,71104,71105,71106,71107,71108,71109,71110,71111,71112,71113,71115,71116,71117,71118,71119,71120,71121,71122,71123,71124,71125,71126,71127,71128,71129,71130,71132,71133,71134,71135,71136,71137,71139,71140,71141,71142,71143,71144,71145,71146,71147,71148,71149,71150,71151,71152,71153,71154,71155,71156,71157,71158,71159,71160,71161,71162,71163,71164,71165,71166,71167,71168,71169,71170,71171,71172,71173,71174,71175,71176,71177,71178,71179,71181,71182,71183,71184,71185,71186,71187,71188,71189,71190,71191,71192,71193,71194,71195,71196,71198,71199,71200,71201,71202,71203,71204,71205,71206,71207,71208,71209,71210,71212,71213,71214,71215,71216,71217,71218,71219,71220,71221,71222,71223,71224,71225,71226,71227,71228,71229,71230,71231,71232,71233,71234,71235,71236,71237,71238,71239,71240,71241,71242,71243,71244,71245,71246,71247,71248,71249,71250,71251,71252,71253,71254,71255,71256,71257,71258,71259,71261,71262,71263,71264,71266,71267,71268,71269,71270,71271,71272,71273,71274,71275,71276,71277,71278,71279,71280,71281,71282,71283,71284,71285,71286,71287,71289,71290,71291,71292,71293,71294,71295,71296,71297,71299,71300,71301,71302,71303,71305,71306,71307,71308,71309,71310,71311,71312,71313,71314,71315,71316,71317,71318,71319,71320,71321,71322,71323,71324,71325,71326,71327,71328,71329,71330,71331,71332,71333,71334,71335,71336,71337,71338,71339,71340,71341,71342,71343,71344,71345,71346,71347,71348,71349,71350,71351,71352,71353,71354,71355,71356,71357,71358,71359,71360,71361,71362,71363,71364,71365,71366,71367,71368,71369,71370,71371,71372,71373,71374,71376,71377,71378,71379,71380,71381,71382,71383,71384,71385,71386,71387,71388,71389,71390,71391,71392,71393,71394,71395,71396,71397,71398,71399,71400,71401,71402,71403,71404,71405,71406,71407,71408,71409,71410,71411,71412,71413,71414,71415,71416,71417,71419,71420,71421,71422,71423,71424,71425,71426,71427,71428,71430,71431,71433,71434,71435,71436,71437,71438,71439,71440,71441,71442,71443,71444,71445,71446,71447,71448,71449,71450,71451,71452,71453,71454,71455,71456,71457,71458,71459,71460,71461,71462,71463,71464,71465,71466,71468,71469,71470,71471,71472,71473,71474,71475,71477,71478,71479,71480,71481,71482,71483,71484,71485,71486,71487,71488,71489,71490,71491,71493,71494,71495,71496,71497,71498,71499,71500,71501,71502,71503,71504,71505,71506,71507,71508,71509,71510,71512,71513,71514,71515,71516,71517,71518,71519,71520,71521,71522,71523,71524,71525,71526,71527,71528,71529,71530,71531,71532,71533,71534,71535,71537,71538,71539,71540,71541,71542,71543,71544,71545,71546,71547,71548,71549,71550,71551,71552,71553,71554,71555,71556,71557,71558,71559,71561,71562,71563,71564,71565,71566,71567,71568,71570,71571,71572,71573,71574,71576,71577,71578,71579,71580,71581,71582,71583,71584,71585,71586,71588,71589,71590,71591,89002,89003,89004,89005,89006,89007,89008,89009,89010,89011,89012,89013,89014,89015,89016,89017,89018,89019,89020,89021,89022,89023,89024,89025,89027,89028,89029,89030,89031,89032,89033,89034,89035,89036,89037,89038,89039,89040,89041,89042,89043,89044,89045,89046,89048,89049,89050,89051,89053,89054,89055,89056,89057,89058,89059,89060,89061,89062,89063,89064,89065,89066,89067,89068,89069,89071,89072,89073,89074,89075,89076,89077,89079,89080,89081,89083,89084,89085,89086,89087,89088,89089,89091,89092,89093,89094,89095,89096,89098,89099,89100,89101,89102,89104,89105,89108,89111,89112,89113,89115,89116,89117,89118,89119,89120,89122,89123,89124,89125,89126,89127,89128,89129,89130,89131,89132,89133,89134,89136,89137,89139,89141,89142,89143,89144,89145,89146,89147,89148,89149,89150,89151,89152,89153,89154,89155,89156,89158,89159,89160,89161,89162,89163,89164,89165,89167,89168,89169,89170,89171,89172,89173,89175,89176,89177,89179,89180,89181,89182,89183,89184,89186,89187,89188,89189,89190,89191,89194,89195,89196,89197,89198,89199,89200,89201,89202,89203,89204,89205,89206,89207,89208,89209,89210,89211,89212,89214,89215,89216,89217,89218,89219,89220,89221,89222,89223,89224,89225,89226,89227,89228,89229,89230,89232,89233,89234,89235,89236,89237,89238,89239,89240,89242,89244,89245,89246,89247,89248,89249,89250,89251,89252,89253,89254,89255,89256,89257,89259,89261,89262,89263,89264,89265,89266,89267,89268,89270,89271,89272,89273,89274,89276,89277,89278,89279,89280,89281,89282,89283,89284,89285,89286,89287,89288,89289,89290,89291,89292,89295,89296,89297,89298,89299,89300,89302,89303,89304,89306,89307,89308,89309,89310,89311,89312,89313,89314,89315,89316,89318,89319,89320,89321,89323,89324,89325,89326,89327,89328,89329,89331,89332,89333,89334,89335,89336,89337,89338,89339,89341,89342,89344,89345,89346,89347,89348,89349,89350,89351,89352,89353,89354,89355,89359,89360,89361,89362,89363,89364,89365,89367,89368,89369,89370,89371,89373,89374,89375,89376,89377,89378,89379,89380,89382,89383,89384,89385,89386,89387,89388,89390,89391,89392,89393,89394,89395,89397,89398,89399,89400,89402,89403,89404,89405,89406,89407,89408,89409,89410,89411,89412,89413,89414,89415,89416,89417,89418,89419,89420,89422,89423,89424,89425,89426,89427,89428,89430,89431,89432,89433,89434,89436,89437,89438,89439,89440,89441,89442,89443,89445,89446,89447,89449,89450,89451,89452,89453,89456,89458,89459,89460,89461,89462,89463,89464,89465,89466,89467,89468,89469,89470,89471,89472,89474,89475,89477,89478,89479,89480,89481,89482,89483,89485,89486,90001,90002,90003,90004,90005,90006,90007,90008,90009,90010,90011,90012,90013,90014,90015,90016,90017,90018,90019,90020,90021,90022,90023,90024,90025,90026,90027,90028,90029,90030,90031,90032,90033,90034,90035,90036,90037,90039,90041,90042,90043,90044,90045,90046,90047,90048,90049,90050,90051,90052,90053,90054,90055,90056,90057,90058,90059,90060,90061,90062,90063,90064,90065,90066,90067,90068,90069,90070,90071,90072,90074,90075,90076,90077,90078,90079,90080,90081,90082,90083,90084,90085,90086,90087,90088,90089,90090,90091,90093,90094,90095,90096,90097,90098,90099,90100,90101,90102,90103,90104,90105}",SDER,2026-03-24 14:41:32.274366+01,gold_establishments_2025,,,,13000901200167,2025,Services de l'Etat,Région,"['Côte-dOr', 'Doubs', 'Jura', 'Nièvre', 'Haute-Saône', 'Saône-et-Loire', 'Yonne', 'Territoire de Bel",['Bourgogne-Franche-Comté'],DREAL,"{21,25,39,58,70,71,89,90}",{27}
b3dc5e71-c461-4e47-924f-dc20cdd6e47e,130010002,DREAL Bretagne,false,"{22001,22002,22003,22004,22005,22006,22008,22009,22011,22012,22013,22014,22015,22016,22018,22019,22020,22021,22023,22024,22025,22026,22028,22029,22030,22031,22032,22033,22034,22035,22036,22037,22039,22040,22041,22042,22044,22045,22046,22047,22048,22049,22050,22052,22053,22054,22055,22056,22057,22059,22060,22061,22062,22063,22064,22065,22067,22068,22069,22070,22071,22072,22073,22074,22075,22076,22077,22079,22081,22082,22083,22084,22085,22086,22087,22088,22090,22091,22092,22093,22094,22095,22096,22097,22098,22099,22101,22103,22104,22105,22106,22107,22108,22109,22110,22111,22112,22113,22114,22115,22116,22117,22118,22119,22121,22122,22124,22126,22127,22128,22129,22131,22132,22133,22134,22135,22136,22137,22138,22139,22140,22141,22143,22144,22145,22146,22147,22148,22149,22150,22152,22153,22155,22156,22157,22158,22160,22161,22162,22163,22164,22165,22166,22168,22169,22170,22171,22172,22174,22175,22176,22177,22178,22179,22180,22181,22182,22183,22184,22185,22186,22187,22188,22189,22190,22193,22194,22195,22196,22197,22198,22199,22201,22202,22203,22204,22205,22206,22207,22208,22209,22210,22211,22212,22213,22214,22215,22216,22217,22218,22219,22220,22221,22222,22223,22224,22225,22226,22227,22228,22229,22231,22232,22233,22234,22235,22236,22237,22238,22239,22240,22241,22242,22243,22244,22245,22246,22248,22249,22250,22251,22254,22255,22256,22257,22258,22259,22260,22261,22262,22263,22264,22265,22266,22267,22268,22269,22271,22272,22273,22274,22275,22276,22277,22278,22279,22280,22281,22282,22283,22284,22285,22286,22287,22288,22289,22291,22293,22294,22295,22296,22299,22300,22302,22304,22305,22306,22307,22308,22310,22311,22312,22313,22314,22315,22316,22317,22318,22319,22320,22321,22322,22323,22324,22325,22326,22327,22328,22330,22331,22332,22333,22334,22335,22337,22338,22339,22340,22341,22342,22343,22344,22345,22346,22347,22348,22349,22350,22351,22352,22353,22354,22356,22358,22359,22360,22361,22362,22363,22364,22365,22366,22368,22369,22370,22371,22372,22373,22375,22376,22377,22378,22379,22380,22381,22383,22384,22385,22386,22387,22388,22389,22390,22391,29001,29002,29003,29004,29005,29006,29007,29008,29010,29011,29012,29013,29014,29015,29016,29017,29018,29019,29020,29021,29022,29023,29024,29025,29026,29027,29028,29029,29030,29031,29032,29033,29034,29035,29036,29037,29038,29039,29040,29041,29042,29043,29044,29045,29046,29047,29048,29049,29051,29053,29054,29055,29056,29057,29058,29059,29060,29061,29062,29063,29064,29065,29066,29067,29068,29069,29070,29071,29072,29073,29074,29075,29076,29077,29078,29079,29080,29081,29082,29083,29084,29085,29086,29087,29089,29090,29091,29093,29094,29095,29097,29098,29099,29100,29101,29102,29103,29104,29105,29106,29107,29108,29109,29110,29111,29112,29113,29114,29115,29116,29117,29119,29120,29122,29123,29124,29125,29126,29128,29130,29131,29132,29133,29134,29135,29136,29137,29139,29140,29141,29142,29143,29144,29145,29146,29147,29148,29150,29151,29152,29153,29155,29156,29158,29159,29160,29161,29162,29163,29165,29166,29167,29168,29169,29170,29171,29172,29173,29174,29175,29176,29177,29178,29179,29180,29181,29182,29183,29184,29185,29186,29187,29188,29189,29190,29191,29192,29193,29195,29196,29197,29198,29199,29201,29202,29204,29205,29206,29207,29208,29209,29210,29211,29212,29213,29214,29215,29216,29217,29218,29220,29221,29222,29224,29225,29226,29227,29228,29229,29230,29232,29233,29234,29235,29236,29237,29238,29239,29240,29241,29243,29244,29245,29246,29247,29248,29249,29250,29251,29252,29254,29255,29256,29257,29259,29260,29261,29262,29263,29264,29265,29266,29267,29268,29269,29270,29271,29272,29273,29274,29275,29276,29277,29278,29279,29280,29281,29282,29284,29285,29286,29287,29288,29289,29290,29291,29292,29293,29294,29295,29296,29297,29298,29299,29300,29301,29302,35001,35002,35003,35004,35005,35006,35007,35008,35009,35010,35012,35013,35014,35015,35016,35017,35018,35019,35021,35022,35023,35024,35025,35026,35027,35028,35029,35030,35031,35032,35033,35034,35035,35037,35038,35039,35040,35041,35042,35044,35045,35046,35047,35049,35050,35051,35052,35054,35055,35056,35057,35058,35059,35060,35061,35062,35063,35064,35065,35066,35067,35068,35069,35070,35071,35072,35075,35076,35077,35078,35079,35080,35081,35082,35084,35085,35086,35087,35088,35089,35090,35091,35092,35093,35094,35095,35096,35097,35098,35099,35101,35102,35103,35104,35105,35106,35107,35108,35109,35110,35111,35114,35115,35116,35117,35118,35119,35120,35121,35122,35123,35124,35125,35126,35127,35128,35130,35131,35132,35133,35134,35135,35136,35137,35138,35139,35140,35141,35142,35143,35144,35145,35146,35148,35149,35150,35151,35152,35153,35154,35155,35156,35157,35159,35160,35161,35162,35163,35164,35165,35166,35167,35168,35169,35170,35171,35172,35173,35174,35175,35176,35177,35178,35179,35180,35181,35183,35184,35185,35186,35187,35188,35189,35190,35191,35192,35193,35194,35195,35196,35197,35198,35199,35200,35201,35202,35203,35204,35205,35206,35207,35208,35210,35211,35212,35214,35215,35216,35217,35218,35219,35220,35221,35222,35223,35224,35225,35226,35227,35228,35229,35230,35231,35232,35233,35234,35235,35236,35237,35238,35239,35240,35241,35242,35243,35244,35245,35246,35247,35248,35249,35250,35251,35252,35253,35255,35256,35257,35258,35259,35260,35261,35262,35263,35264,35265,35266,35268,35270,35271,35272,35273,35274,35275,35276,35277,35278,35279,35280,35281,35282,35283,35284,35285,35286,35287,35288,35289,35290,35291,35292,35294,35295,35296,35297,35299,35300,35302,35304,35305,35306,35307,35308,35309,35310,35311,35312,35314,35315,35316,35317,35318,35319,35320,35321,35322,35324,35325,35326,35327,35328,35329,35330,35331,35332,35333,35334,35335,35336,35337,35338,35339,35340,35342,35343,35345,35346,35347,35350,35351,35352,35353,35354,35355,35356,35357,35358,35359,35360,35361,35362,35363,56001,56002,56003,56004,56005,56006,56007,56008,56009,56010,56011,56012,56013,56014,56015,56017,56018,56019,56020,56021,56022,56023,56024,56025,56026,56027,56028,56029,56030,56031,56032,56033,56034,56035,56036,56039,56040,56041,56042,56043,56044,56045,56046,56047,56048,56050,56051,56052,56053,56054,56055,56056,56057,56058,56060,56061,56062,56063,56065,56066,56067,56068,56069,56070,56071,56072,56073,56074,56075,56076,56077,56078,56079,56080,56081,56082,56083,56084,56085,56086,56087,56088,56089,56090,56091,56092,56093,56094,56096,56097,56098,56099,56100,56101,56102,56103,56104,56105,56106,56107,56108,56109,56110,56111,56112,56113,56114,56115,56116,56117,56118,56119,56120,56121,56122,56123,56124,56125,56126,56127,56128,56129,56130,56131,56132,56133,56134,56135,56136,56137,56139,56140,56141,56143,56144,56145,56146,56147,56148,56149,56151,56152,56153,56154,56155,56156,56157,56158,56159,56160,56161,56162,56163,56164,56165,56166,56167,56168,56169,56170,56171,56172,56173,56174,56175,56176,56177,56178,56179,56180,56181,56182,56184,56185,56186,56188,56189,56190,56191,56193,56194,56195,56196,56197,56198,56199,56200,56201,56202,56203,56204,56205,56206,56207,56208,56209,56210,56211,56212,56213,56214,56215,56216,56218,56219,56220,56221,56222,56223,56224,56225,56226,56227,56228,56229,56230,56231,56232,56233,56234,56236,56237,56238,56239,56240,56241,56242,56243,56244,56245,56246,56247,56248,56249,56250,56251,56252,56253,56254,56255,56256,56257,56258,56259,56260,56261,56262,56263,56264}",SDER,2026-03-24 14:41:32.274366+01,gold_establishments_2025,,,,13001000200017,2025,Services de l'Etat,Région,"['Côtes-dArmor', 'Finistère', 'Ille-et-Vilaine', 'Morbihan']",['Bretagne'],DREAL,"{22,29,35,56}",{53}
cec00d40-3cdf-4338-b062-f39f28213d7c,130009301,DREAL Centre-Val de Loire,false,"{18001,18002,18003,18004,18005,18006,18007,18008,18009,18010,18011,18012,18013,18014,18015,18016,18017,18018,18019,18020,18021,18022,18023,18024,18025,18026,18027,18028,18029,18030,18031,18032,18033,18034,18035,18036,18037,18038,18039,18040,18041,18042,18043,18044,18045,18046,18047,18048,18049,18050,18051,18052,18053,18054,18055,18056,18057,18058,18059,18060,18061,18062,18063,18064,18065,18066,18067,18068,18069,18070,18071,18072,18073,18074,18075,18076,18077,18078,18079,18080,18081,18082,18083,18084,18085,18086,18087,18088,18089,18090,18091,18092,18093,18094,18095,18096,18097,18098,18099,18100,18101,18102,18103,18104,18105,18106,18107,18108,18109,18110,18111,18112,18113,18114,18115,18116,18117,18118,18119,18120,18121,18122,18124,18125,18126,18127,18128,18129,18130,18132,18133,18134,18135,18136,18137,18138,18139,18140,18141,18142,18143,18144,18145,18146,18147,18148,18149,18150,18151,18152,18153,18154,18155,18156,18157,18158,18159,18160,18161,18162,18163,18164,18165,18166,18167,18168,18169,18170,18171,18172,18173,18174,18175,18176,18177,18178,18179,18180,18181,18182,18183,18184,18185,18186,18187,18188,18189,18190,18191,18192,18193,18194,18195,18196,18197,18198,18199,18200,18201,18202,18203,18204,18205,18206,18207,18208,18209,18210,18211,18212,18213,18214,18215,18216,18217,18218,18219,18220,18221,18223,18224,18225,18226,18227,18228,18229,18230,18231,18232,18233,18234,18235,18236,18237,18238,18240,18241,18242,18243,18244,18245,18246,18247,18248,18249,18250,18251,18252,18253,18254,18255,18256,18257,18258,18259,18260,18261,18262,18263,18264,18265,18266,18267,18268,18269,18270,18271,18272,18273,18274,18275,18276,18277,18278,18279,18280,18281,18282,18283,18284,18285,18286,18287,18288,18289,18290,28001,28003,28004,28005,28006,28007,28008,28009,28010,28012,28013,28014,28015,28016,28018,28019,28021,28022,28023,28024,28026,28027,28028,28029,28030,28031,28032,28033,28034,28035,28036,28037,28038,28039,28040,28041,28045,28046,28047,28048,28049,28050,28051,28052,28053,28054,28055,28056,28057,28058,28059,28060,28061,28062,28064,28065,28067,28068,28070,28071,28072,28073,28074,28075,28076,28077,28078,28079,28080,28081,28082,28084,28085,28086,28087,28088,28089,28090,28091,28092,28094,28095,28096,28098,28099,28100,28102,28103,28104,28105,28106,28107,28108,28109,28110,28111,28113,28114,28116,28117,28118,28119,28120,28121,28122,28123,28124,28126,28127,28128,28129,28130,28132,28134,28135,28136,28137,28139,28140,28141,28142,28143,28144,28146,28147,28148,28149,28151,28153,28154,28155,28156,28157,28158,28159,28160,28161,28162,28163,28164,28166,28167,28168,28169,28170,28171,28172,28173,28175,28176,28177,28178,28180,28182,28183,28184,28185,28187,28188,28189,28190,28191,28192,28193,28194,28195,28196,28197,28198,28199,28200,28201,28202,28203,28206,28207,28208,28209,28210,28211,28212,28213,28214,28215,28216,28217,28218,28219,28220,28221,28222,28223,28225,28226,28227,28229,28230,28231,28232,28233,28234,28235,28236,28237,28239,28240,28242,28243,28245,28246,28247,28248,28249,28251,28252,28253,28254,28255,28256,28257,28259,28260,28261,28263,28264,28265,28267,28268,28269,28270,28271,28272,28273,28274,28275,28277,28278,28279,28280,28281,28282,28283,28284,28285,28286,28287,28289,28290,28291,28292,28293,28294,28296,28298,28299,28300,28301,28302,28303,28304,28305,28306,28308,28309,28310,28312,28313,28314,28315,28316,28317,28319,28321,28322,28323,28324,28325,28326,28327,28329,28330,28331,28332,28333,28334,28335,28336,28337,28339,28341,28342,28343,28344,28346,28347,28348,28349,28350,28351,28352,28353,28354,28355,28357,28358,28359,28360,28362,28363,28364,28365,28366,28367,28368,28369,28370,28371,28372,28373,28374,28375,28377,28378,28379,28380,28382,28383,28385,28386,28387,28388,28389,28390,28391,28392,28393,28394,28395,28396,28397,28398,28400,28401,28403,28404,28405,28406,28407,28408,28409,28410,28411,28414,28415,28417,28418,28419,28421,28422,28423,28424,28425,28426,36001,36002,36003,36004,36005,36006,36007,36008,36009,36010,36011,36012,36013,36014,36015,36016,36017,36018,36019,36020,36021,36022,36023,36024,36025,36026,36027,36028,36029,36030,36031,36032,36033,36034,36035,36036,36037,36038,36040,36041,36042,36043,36044,36045,36046,36047,36048,36049,36050,36051,36052,36053,36054,36055,36056,36057,36058,36059,36060,36061,36062,36063,36064,36065,36066,36067,36068,36069,36070,36071,36073,36074,36075,36076,36077,36078,36079,36080,36081,36082,36083,36084,36085,36086,36087,36088,36089,36090,36091,36092,36093,36094,36095,36096,36097,36098,36099,36100,36101,36102,36103,36104,36105,36106,36107,36108,36109,36110,36111,36112,36113,36114,36115,36116,36117,36118,36119,36120,36121,36122,36123,36124,36125,36126,36127,36128,36129,36130,36131,36132,36133,36134,36135,36136,36137,36138,36139,36140,36141,36142,36143,36144,36145,36146,36147,36148,36149,36150,36152,36153,36154,36155,36156,36157,36158,36159,36160,36161,36162,36163,36164,36165,36166,36167,36168,36169,36170,36171,36172,36173,36174,36175,36176,36177,36178,36179,36180,36181,36182,36184,36185,36186,36187,36188,36189,36190,36191,36192,36193,36194,36195,36196,36197,36198,36199,36200,36202,36203,36204,36205,36207,36208,36209,36210,36211,36212,36213,36214,36215,36216,36217,36218,36219,36220,36221,36222,36223,36224,36225,36226,36227,36228,36229,36230,36231,36232,36233,36234,36235,36236,36237,36238,36239,36240,36241,36242,36243,36244,36246,36247,36248,37001,37002,37003,37004,37005,37006,37007,37008,37009,37010,37011,37012,37013,37014,37015,37016,37018,37019,37020,37021,37022,37023,37024,37025,37026,37027,37028,37029,37030,37031,37032,37033,37034,37035,37036,37037,37038,37039,37040,37041,37042,37043,37044,37045,37046,37047,37048,37049,37050,37051,37052,37053,37054,37055,37056,37057,37058,37059,37060,37061,37062,37063,37064,37065,37066,37067,37068,37069,37070,37071,37072,37073,37074,37075,37076,37077,37078,37079,37080,37081,37082,37083,37084,37085,37086,37087,37088,37089,37090,37091,37092,37093,37094,37095,37096,37097,37098,37099,37100,37101,37103,37104,37105,37106,37107,37108,37109,37110,37111,37112,37113,37114,37115,37116,37117,37118,37119,37121,37122,37123,37124,37125,37126,37127,37128,37129,37130,37131,37132,37133,37134,37136,37137,37138,37139,37140,37141,37142,37143,37144,37145,37146,37147,37148,37149,37150,37151,37152,37153,37154,37155,37156,37157,37158,37159,37160,37161,37162,37163,37165,37166,37167,37168,37169,37170,37171,37172,37173,37174,37175,37176,37177,37178,37179,37180,37181,37182,37183,37184,37185,37186,37187,37188,37189,37190,37191,37192,37193,37194,37195,37196,37197,37198,37199,37200,37201,37202,37203,37204,37205,37206,37207,37208,37210,37211,37212,37213,37214,37216,37217,37218,37219,37220,37221,37222,37223,37224,37225,37226,37228,37229,37230,37231,37232,37233,37234,37236,37237,37238,37240,37241,37242,37243,37244,37245,37246,37247,37248,37249,37250,37251,37252,37253,37254,37255,37256,37257,37258,37259,37260,37261,37262,37263,37264,37265,37266,37267,37268,37269,37270,37271,37272,37273,37274,37275,37276,37277,37278,37279,37280,37281,37282,41001,41002,41003,41004,41006,41007,41008,41009,41010,41012,41013,41014,41016,41017,41018,41019,41020,41022,41024,41025,41026,41027,41028,41029,41030,41031,41032,41034,41035,41036,41037,41038,41039,41040,41041,41042,41043,41044,41045,41046,41047,41048,41049,41050,41051,41052,41053,41054,41055,41057,41058,41059,41060,41061,41062,41063,41065,41066,41067,41068,41069,41070,41071,41072,41073,41074,41075,41077,41078,41079,41080,41081,41083,41084,41085,41086,41087,41088,41089,41090,41091,41093,41094,41095,41096,41097,41098,41099,41100,41101,41102,41103,41104,41105,41106,41107,41108,41109,41110,41112,41113,41114,41115,41116,41118,41119,41120,41121,41122,41123,41124,41125,41126,41127,41128,41129,41130,41131,41132,41134,41135,41136,41137,41138,41139,41140,41141,41142,41143,41144,41145,41146,41147,41148,41149,41150,41151,41152,41153,41154,41155,41156,41157,41158,41159,41160,41161,41163,41164,41166,41167,41168,41171,41172,41173,41174,41175,41176,41177,41178,41179,41180,41181,41182,41184,41185,41186,41187,41188,41189,41190,41191,41192,41193,41194,41195,41196,41198,41199,41200,41201,41203,41204,41205,41206,41207,41208,41209,41211,41212,41213,41214,41215,41216,41217,41218,41219,41220,41221,41222,41223,41224,41225,41226,41228,41229,41230,41231,41232,41233,41234,41235,41236,41237,41238,41239,41241,41242,41243,41245,41246,41247,41248,41249,41250,41251,41252,41253,41254,41255,41256,41258,41259,41260,41261,41262,41265,41266,41267,41268,41269,41271,41273,41274,41275,41276,41277,41278,41279,41280,41281,41282,41283,41284,41285,41286,41287,41288,41289,41290,41291,41292,41293,41294,41295,41296,41297,45001,45002,45004,45005,45006,45008,45009,45010,45011,45012,45013,45014,45015,45016,45017,45018,45019,45020,45021,45022,45023,45024,45025,45026,45027,45028,45029,45030,45031,45032,45033,45034,45035,45036,45037,45038,45039,45040,45041,45042,45043,45044,45045,45046,45047,45049,45050,45051,45052,45053,45054,45055,45056,45058,45059,45060,45061,45062,45063,45064,45065,45066,45067,45068,45069,45070,45072,45073,45074,45075,45076,45077,45078,45079,45080,45081,45082,45083,45084,45085,45086,45087,45088,45089,45091,45092,45093,45094,45095,45096,45097,45098,45099,45100,45101,45102,45103,45104,45105,45107,45108,45109,45110,45111,45112,45113,45114,45115,45116,45118,45119,45120,45121,45122,45123,45124,45125,45126,45127,45129,45130,45131,45132,45133,45134,45135,45136,45137,45138,45139,45141,45142,45143,45144,45145,45146,45147,45148,45149,45150,45151,45152,45153,45154,45155,45156,45157,45158,45159,45160,45161,45162,45164,45165,45166,45167,45168,45169,45170,45171,45173,45174,45175,45176,45177,45178,45179,45180,45181,45182,45183,45184,45185,45186,45187,45188,45189,45191,45193,45194,45195,45196,45197,45198,45199,45200,45201,45202,45203,45204,45205,45206,45207,45208,45209,45210,45212,45213,45214,45215,45216,45217,45218,45219,45220,45222,45223,45224,45225,45226,45227,45228,45229,45230,45231,45232,45233,45234,45235,45237,45238,45239,45240,45241,45242,45243,45244,45245,45246,45247,45248,45249,45250,45251,45252,45253,45254,45255,45256,45257,45258,45259,45260,45261,45262,45263,45264,45265,45266,45268,45269,45270,45271,45272,45273,45274,45275,45276,45277,45278,45279,45280,45281,45282,45283,45284,45285,45286,45288,45289,45290,45291,45292,45293,45294,45296,45297,45298,45299,45300,45301,45302,45303,45305,45306,45307,45308,45309,45310,45311,45312,45313,45314,45315,45316,45317,45320,45321,45322,45323,45324,45325,45326,45327,45328,45329,45330,45331,45332,45333,45334,45335,45336,45337,45338,45339,45340,45341,45342,45343,45344,45345,45346,45347,45348}",SDER,2026-03-24 14:41:32.274366+01,gold_establishments_2025,,,,13000930100016,2025,Services de l'Etat,Région,"['Cher', 'Eure-et-Loir', 'Indre', 'Indre-et-Loire', 'Loir-et-Cher', 'Loiret']",['Centre-Val de Loire'],DREAL,"{18,28,36,37,41,45}",{24}
2c93f20b-65bc-4bc1-9a64-df2b8bb8c6d6,130006596,DREAL Corse,false,"{2A001,2A004,2A006,2A008,2A011,2A014,2A017,2A018,2A019,2A021,2A022,2A024,2A026,2A027,2A028,2A031,2A032,2A035,2A038,2A040,2A041,2A048,2A056,2A060,2A061,2A062,2A064,2A065,2A066,2A070,2A071,2A085,2A089,2A090,2A091,2A092,2A094,2A098,2A099,2A100,2A103,2A104,2A108,2A114,2A115,2A117,2A118,2A119,2A127,2A128,2A129,2A130,2A131,2A132,2A133,2A139,2A141,2A142,2A144,2A146,2A154,2A158,2A160,2A163,2A174,2A181,2A186,2A189,2A191,2A196,2A197,2A198,2A200,2A203,2A204,2A209,2A211,2A212,2A215,2A228,2A232,2A240,2A247,2A249,2A253,2A254,2A258,2A259,2A262,2A266,2A268,2A269,2A270,2A271,2A272,2A276,2A278,2A279,2A282,2A284,2A285,2A288,2A295,2A300,2A308,2A310,2A312,2A322,2A323,2A324,2A326,2A330,2A331,2A336,2A345,2A348,2A349,2A351,2A357,2A358,2A359,2A360,2A362,2A363,2B002,2B003,2B005,2B007,2B009,2B010,2B012,2B013,2B015,2B016,2B020,2B023,2B025,2B029,2B030,2B033,2B034,2B036,2B037,2B039,2B042,2B043,2B045,2B046,2B047,2B049,2B050,2B051,2B052,2B053,2B054,2B055,2B057,2B058,2B059,2B063,2B067,2B068,2B069,2B072,2B073,2B074,2B075,2B077,2B078,2B079,2B080,2B081,2B082,2B083,2B084,2B086,2B087,2B088,2B093,2B095,2B096,2B097,2B101,2B102,2B105,2B106,2B107,2B109,2B110,2B111,2B112,2B113,2B116,2B120,2B121,2B122,2B123,2B124,2B125,2B126,2B134,2B135,2B136,2B137,2B138,2B140,2B143,2B145,2B147,2B148,2B149,2B150,2B152,2B153,2B155,2B156,2B157,2B159,2B161,2B162,2B164,2B165,2B166,2B167,2B168,2B169,2B170,2B171,2B172,2B173,2B175,2B176,2B177,2B178,2B179,2B180,2B182,2B183,2B184,2B185,2B187,2B188,2B190,2B192,2B193,2B194,2B195,2B199,2B201,2B202,2B205,2B206,2B207,2B208,2B210,2B213,2B214,2B216,2B217,2B218,2B219,2B220,2B221,2B222,2B223,2B224,2B225,2B226,2B227,2B229,2B230,2B231,2B233,2B234,2B235,2B236,2B238,2B239,2B241,2B242,2B243,2B244,2B245,2B246,2B248,2B250,2B251,2B252,2B255,2B256,2B257,2B260,2B261,2B263,2B264,2B265,2B267,2B273,2B274,2B275,2B277,2B280,2B281,2B283,2B286,2B287,2B289,2B290,2B291,2B292,2B293,2B296,2B297,2B298,2B299,2B301,2B302,2B303,2B304,2B305,2B306,2B307,2B309,2B311,2B313,2B314,2B315,2B316,2B317,2B318,2B319,2B320,2B321,2B327,2B328,2B329,2B332,2B333,2B334,2B335,2B337,2B338,2B339,2B340,2B341,2B342,2B343,2B344,2B346,2B347,2B350,2B352,2B353,2B354,2B355,2B356,2B361,2B364,2B365,2B366}",SDER,2026-03-24 14:41:32.274366+01,gold_establishments_2025,,,,13000659600030,2025,Services de l'Etat,Région,"['Corse-du-Sud', 'Haute-Corse']",['Corse'],DREAL,"{2A,2B}",{94}
c281e953-0024-4d1d-9b20-853bd6ceb74a,130010259,DREAL Grand Est,false,"{08001,08003,08004,08005,08006,08008,08010,08011,08013,08014,08015,08016,08017,08018,08019,08020,08021,08022,08023,08024,08025,08026,08027,08028,08029,08030,08031,08032,08033,08034,08035,08036,08037,08038,08039,08040,08041,08043,08044,08045,08046,08047,08048,08049,08052,08053,08055,08056,08057,08058,08059,08060,08061,08062,08063,08064,08065,08066,08067,08069,08070,08071,08073,08074,08075,08076,08077,08078,08080,08081,08082,08083,08084,08085,08086,08087,08088,08089,08090,08092,08094,08095,08096,08097,08098,08099,08100,08101,08102,08103,08104,08105,08106,08107,08109,08110,08111,08113,08115,08116,08117,08119,08120,08121,08122,08123,08124,08125,08126,08128,08130,08131,08132,08133,08134,08135,08136,08137,08138,08139,08140,08141,08142,08143,08144,08145,08146,08147,08148,08149,08150,08151,08153,08154,08155,08156,08158,08159,08160,08161,08162,08163,08164,08165,08166,08167,08168,08169,08170,08171,08172,08173,08174,08175,08176,08178,08179,08180,08182,08183,08184,08185,08186,08187,08188,08189,08190,08191,08192,08193,08194,08195,08196,08197,08198,08199,08200,08201,08202,08203,08204,08205,08206,08207,08208,08209,08210,08211,08212,08214,08215,08216,08217,08218,08219,08220,08222,08223,08225,08226,08228,08229,08230,08232,08233,08234,08235,08236,08237,08238,08239,08240,08242,08243,08244,08245,08246,08247,08248,08249,08250,08251,08252,08254,08255,08256,08257,08259,08260,08262,08263,08264,08268,08269,08271,08272,08273,08274,08275,08276,08277,08278,08279,08280,08281,08282,08283,08284,08286,08287,08288,08289,08291,08293,08295,08296,08297,08298,08301,08302,08303,08304,08305,08306,08307,08308,08309,08310,08311,08312,08313,08314,08315,08316,08317,08318,08319,08320,08321,08322,08323,08324,08325,08326,08327,08328,08329,08330,08331,08332,08333,08334,08335,08336,08338,08339,08340,08341,08342,08343,08344,08346,08347,08348,08349,08350,08351,08352,08353,08354,08355,08356,08357,08358,08360,08361,08362,08363,08364,08365,08366,08367,08368,08369,08370,08372,08373,08374,08375,08376,08377,08378,08379,08380,08381,08382,08383,08384,08385,08386,08387,08388,08389,08390,08391,08392,08393,08394,08395,08396,08397,08398,08399,08400,08401,08402,08403,08404,08405,08406,08407,08408,08409,08410,08411,08412,08413,08415,08416,08417,08418,08419,08420,08421,08422,08424,08425,08426,08427,08428,08429,08430,08431,08432,08433,08434,08435,08436,08437,08438,08439,08440,08444,08445,08446,08448,08449,08450,08451,08452,08453,08454,08455,08456,08457,08458,08459,08460,08461,08462,08463,08464,08465,08466,08467,08468,08469,08470,08471,08472,08473,08476,08477,08478,08479,08480,08481,08482,08483,08484,08485,08486,08487,08488,08489,08490,08491,08492,08494,08496,08497,08498,08499,08500,08501,08502,08503,10002,10003,10004,10005,10006,10007,10008,10009,10010,10011,10012,10013,10014,10015,10017,10018,10019,10020,10021,10022,10023,10024,10025,10026,10027,10028,10029,10030,10031,10032,10033,10034,10035,10037,10038,10039,10040,10041,10042,10043,10044,10045,10046,10047,10048,10049,10050,10051,10052,10053,10054,10055,10056,10057,10058,10059,10060,10061,10062,10063,10064,10065,10066,10067,10068,10069,10070,10071,10072,10073,10074,10075,10076,10077,10078,10079,10080,10081,10082,10083,10084,10085,10086,10087,10089,10090,10091,10092,10093,10094,10095,10096,10097,10098,10099,10100,10101,10102,10103,10104,10105,10106,10107,10108,10109,10110,10111,10112,10113,10114,10115,10116,10117,10118,10119,10120,10121,10122,10123,10124,10125,10126,10127,10128,10129,10130,10131,10132,10133,10134,10135,10136,10137,10138,10139,10140,10141,10142,10143,10144,10145,10146,10147,10148,10149,10150,10151,10153,10154,10155,10156,10157,10158,10159,10160,10161,10162,10163,10164,10165,10166,10167,10168,10169,10170,10171,10172,10173,10174,10175,10176,10177,10178,10179,10180,10181,10182,10183,10184,10185,10186,10187,10188,10189,10190,10191,10192,10193,10194,10195,10196,10197,10198,10199,10200,10201,10202,10203,10204,10205,10206,10207,10208,10209,10210,10211,10212,10213,10214,10215,10216,10217,10218,10219,10220,10221,10222,10223,10224,10225,10226,10227,10228,10229,10230,10231,10232,10233,10234,10235,10236,10237,10238,10239,10240,10241,10242,10243,10245,10246,10247,10248,10249,10250,10251,10252,10253,10254,10255,10256,10257,10258,10259,10260,10261,10262,10263,10264,10265,10266,10267,10268,10269,10270,10271,10272,10273,10274,10275,10276,10278,10279,10280,10281,10282,10283,10284,10285,10286,10287,10288,10289,10290,10291,10293,10294,10295,10296,10297,10298,10299,10300,10301,10302,10303,10304,10305,10306,10307,10308,10309,10310,10312,10313,10314,10315,10316,10317,10318,10319,10320,10321,10323,10324,10325,10326,10327,10328,10329,10330,10331,10332,10333,10334,10335,10336,10337,10338,10339,10340,10341,10342,10343,10344,10345,10346,10347,10348,10349,10350,10351,10352,10353,10354,10355,10356,10357,10358,10359,10360,10361,10362,10363,10364,10365,10366,10367,10368,10369,10370,10371,10372,10373,10374,10375,10376,10377,10378,10379,10380,10381,10382,10383,10384,10386,10387,10388,10389,10390,10391,10392,10393,10394,10395,10396,10397,10398,10399,10400,10401,10402,10403,10404,10405,10406,10408,10409,10410,10411,10412,10414,10416,10417,10418,10419,10420,10421,10422,10423,10424,10425,10426,10427,10428,10429,10430,10431,10432,10433,10434,10435,10436,10437,10438,10439,10440,10441,10442,10443,10444,10445,51001,51002,51003,51004,51005,51006,51007,51008,51009,51010,51012,51013,51014,51015,51016,51017,51018,51019,51020,51022,51023,51025,51027,51028,51029,51030,51031,51032,51033,51034,51035,51036,51037,51038,51039,51040,51041,51042,51043,51044,51045,51046,51047,51048,51049,51050,51051,51052,51053,51054,51055,51056,51057,51058,51059,51060,51061,51062,51065,51066,51068,51069,51070,51071,51072,51073,51074,51075,51076,51077,51078,51079,51080,51081,51082,51083,51084,51085,51086,51087,51088,51089,51090,51091,51092,51093,51094,51095,51097,51098,51099,51100,51101,51102,51103,51104,51105,51106,51107,51108,51109,51110,51111,51112,51113,51115,51116,51117,51118,51119,51120,51121,51122,51124,51125,51126,51127,51128,51129,51130,51132,51133,51134,51135,51136,51137,51138,51139,51140,51141,51142,51143,51144,51145,51146,51147,51148,51149,51150,51151,51152,51153,51154,51155,51156,51157,51158,51160,51161,51162,51163,51164,51165,51166,51167,51168,51169,51170,51171,51172,51173,51174,51175,51176,51177,51178,51179,51181,51182,51183,51184,51185,51186,51187,51188,51190,51191,51192,51193,51194,51195,51196,51197,51198,51199,51200,51201,51202,51203,51204,51206,51208,51210,51211,51212,51213,51214,51215,51216,51217,51218,51219,51220,51222,51223,51224,51225,51226,51227,51228,51229,51230,51231,51232,51233,51234,51235,51236,51237,51238,51239,51240,51241,51242,51243,51244,51245,51246,51247,51248,51249,51250,51251,51252,51253,51254,51255,51256,51258,51259,51260,51262,51263,51264,51265,51266,51267,51268,51269,51270,51272,51273,51274,51275,51276,51277,51278,51279,51280,51281,51282,51283,51284,51285,51286,51287,51288,51289,51290,51291,51292,51293,51294,51295,51296,51298,51299,51300,51301,51302,51303,51304,51305,51306,51307,51308,51309,51310,51311,51312,51313,51314,51315,51316,51317,51318,51319,51320,51321,51322,51323,51324,51325,51326,51327,51328,51329,51333,51334,51336,51337,51338,51339,51340,51341,51342,51343,51344,51345,51346,51348,51349,51350,51351,51352,51353,51354,51355,51356,51357,51358,51359,51360,51361,51362,51363,51364,51365,51367,51368,51369,51370,51371,51372,51373,51374,51375,51376,51377,51378,51379,51380,51381,51382,51384,51386,51387,51388,51389,51390,51391,51392,51393,51395,51396,51397,51398,51399,51402,51403,51404,51406,51407,51409,51410,51412,51413,51414,51415,51416,51417,51418,51419,51420,51421,51422,51423,51424,51425,51426,51428,51429,51430,51431,51432,51433,51434,51435,51436,51437,51438,51439,51440,51441,51442,51443,51444,51445,51446,51447,51448,51449,51450,51451,51452,51453,51454,51455,51456,51457,51458,51459,51460,51461,51463,51464,51465,51466,51468,51469,51470,51471,51472,51473,51474,51475,51476,51477,51478,51479,51480,51482,51483,51484,51485,51486,51487,51488,51489,51490,51491,51492,51493,51495,51496,51497,51498,51499,51500,51501,51502,51503,51504,51505,51506,51507,51508,51509,51510,51511,51512,51513,51514,51515,51516,51517,51518,51519,51520,51521,51522,51523,51524,51525,51526,51527,51528,51529,51530,51531,51532,51533,51534,51535,51536,51537,51538,51539,51542,51543,51544,51545,51546,51547,51548,51549,51550,51551,51552,51553,51555,51556,51557,51558,51559,51560,51562,51563,51564,51565,51566,51567,51568,51569,51570,51571,51572,51573,51574,51576,51577,51578,51579,51580,51581,51582,51583,51584,51585,51586,51587,51588,51589,51590,51591,51592,51594,51595,51596,51597,51598,51599,51600,51601,51602,51603,51604,51605,51607,51608,51609,51610,51611,51612,51613,51614,51616,51617,51618,51619,51620,51621,51622,51623,51624,51625,51626,51627,51628,51629,51630,51631,51632,51633,51634,51635,51636,51638,51639,51640,51641,51642,51643,51644,51645,51646,51647,51648,51649,51650,51652,51654,51655,51656,51657,51658,51659,51660,51662,51663,52001,52002,52003,52004,52005,52006,52007,52008,52009,52011,52012,52013,52014,52015,52016,52017,52019,52021,52022,52023,52025,52027,52028,52029,52030,52031,52033,52034,52035,52037,52038,52039,52040,52042,52043,52044,52045,52047,52050,52051,52053,52055,52056,52057,52058,52059,52060,52061,52062,52063,52064,52065,52066,52067,52069,52070,52072,52074,52075,52076,52079,52082,52083,52084,52085,52087,52088,52089,52090,52091,52092,52093,52094,52095,52097,52099,52101,52102,52103,52104,52105,52106,52107,52108,52109,52110,52113,52114,52115,52116,52118,52119,52120,52121,52122,52123,52124,52125,52126,52127,52128,52129,52130,52131,52132,52133,52134,52135,52136,52137,52138,52140,52141,52142,52145,52146,52147,52149,52151,52155,52156,52157,52158,52159,52160,52161,52162,52163,52164,52165,52167,52168,52169,52170,52171,52172,52173,52174,52175,52177,52178,52179,52181,52182,52183,52184,52185,52187,52189,52190,52193,52194,52195,52196,52197,52198,52199,52200,52201,52203,52204,52205,52206,52207,52208,52211,52212,52213,52214,52216,52217,52218,52219,52220,52221,52222,52223,52227,52228,52229,52230,52231,52232,52233,52234,52235,52237,52240,52242,52243,52244,52245,52246,52247,52248,52249,52250,52251,52253,52254,52256,52257,52258,52260,52264,52265,52266,52267,52269,52271,52272,52273,52274,52275,52276,52277,52278,52280,52282,52284,52285,52286,52287,52288,52289,52290,52291,52292,52294,52295,52297,52298,52300,52301,52302,52303,52304,52305,52306,52307,52308,52310,52311,52312,52313,52315,52316,52318,52319,52320,52321,52322,52325,52326,52327,52328,52330,52331,52332,52335,52336,52337,52341,52342,52344,52346,52347,52348,52349,52350,52352,52353,52354,52355,52356,52357,52358,52359,52360,52362,52363,52364,52365,52366,52367,52369,52370,52371,52372,52373,52374,52375,52376,52377,52378,52380,52383,52384,52385,52386,52388,52390,52391,52392,52393,52394,52395,52396,52397,52398,52399,52400,52401,52403,52405,52406,52407,52411,52413,52414,52415,52416,52419,52420,52421,52422,52423,52424,52425,52426,52428,52429,52431,52432,52433,52436,52437,52438,52439,52440,52442,52443,52444,52445,52446,52447,52448,52449,52450,52452,52453,52455,52456,52457,52459,52461,52463,52464,52465,52467,52468,52469,52470,52472,52473,52474,52475,52476,52479,52480,52482,52483,52484,52486,52487,52488,52489,52490,52491,52492,52493,52494,52495,52497,52499,52500,52502,52503,52504,52505,52506,52507,52510,52511,52512,52513,52514,52515,52516,52517,52518,52519,52520,52522,52523,52524,52525,52526,52528,52529,52534,52535,52536,52538,52539,52540,52541,52542,52543,52544,52545,52546,52547,52548,52549,52550,54001,54002,54003,54004,54005,54006,54007,54008,54009,54010,54011,54012,54013,54014,54015,54016,54017,54018,54019,54020,54021,54022,54023,54024,54025,54026,54027,54028,54029,54030,54031,54032,54033,54034,54035,54036,54037,54038,54039,54040,54041,54042,54043,54044,54045,54046,54047,54048,54049,54050,54051,54052,54053,54054,54055,54056,54057,54058,54059,54060,54061,54062,54063,54064,54065,54066,54067,54068,54069,54070,54071,54072,54073,54074,54075,54076,54077,54078,54079,54080,54081,54082,54083,54084,54085,54086,54087,54088,54089,54090,54091,54092,54093,54094,54095,54096,54097,54098,54099,54100,54101,54102,54103,54104,54105,54106,54107,54108,54109,54110,54111,54112,54113,54114,54115,54116,54117,54118,54119,54120,54121,54122,54123,54124,54125,54126,54127,54128,54129,54130,54131,54132,54133,54134,54135,54136,54137,54138,54139,54140,54141,54142,54143,54144,54145,54146,54147,54148,54149,54150,54151,54152,54153,54154,54155,54156,54157,54158,54159,54160,54161,54162,54163,54164,54165,54166,54167,54168,54169,54170,54171,54172,54173,54174,54175,54176,54177,54178,54179,54180,54181,54182,54183,54184,54185,54186,54187,54188,54189,54190,54191,54192,54193,54194,54195,54196,54197,54198,54199,54200,54201,54202,54203,54204,54205,54206,54207,54208,54209,54210,54211,54212,54213,54214,54215,54216,54217,54218,54219,54220,54221,54222,54223,54224,54225,54226,54227,54228,54229,54230,54231,54232,54233,54234,54235,54236,54237,54238,54239,54240,54241,54242,54243,54244,54245,54246,54247,54248,54249,54250,54251,54252,54253,54254,54255,54256,54257,54258,54259,54260,54261,54262,54263,54264,54265,54266,54268,54269,54270,54271,54272,54273,54274,54275,54276,54277,54278,54279,54280,54281,54282,54283,54284,54285,54286,54287,54288,54289,54290,54291,54292,54293,54294,54295,54296,54297,54298,54299,54300,54301,54302,54303,54304,54305,54306,54307,54308,54309,54310,54311,54312,54313,54314,54315,54316,54317,54318,54320,54321,54322,54323,54324,54325,54326,54327,54328,54329,54330,54331,54332,54333,54334,54335,54336,54337,54338,54339,54340,54343,54344,54345,54346,54348,54349,54350,54351,54352,54353,54354,54355,54356,54357,54358,54359,54360,54362,54363,54364,54365,54366,54367,54368,54369,54370,54371,54372,54373,54374,54375,54376,54377,54378,54379,54380,54381,54382,54383,54385,54386,54387,54388,54389,54390,54391,54392,54393,54394,54395,54396,54397,54398,54399,54400,54401,54402,54403,54404,54405,54406,54407,54408,54409,54410,54411,54412,54413,54414,54415,54416,54417,54418,54419,54420,54421,54422,54423,54424,54425,54426,54427,54428,54429,54430,54431,54432,54433,54434,54435,54436,54437,54438,54439,54440,54441,54442,54443,54444,54445,54446,54447,54449,54450,54451,54452,54453,54455,54456,54457,54458,54459,54460,54461,54462,54463,54464,54465,54466,54467,54468,54469,54470,54471,54472,54473,54474,54475,54476,54477,54478,54479,54480,54481,54482,54483,54484,54485,54486,54487,54488,54489,54490,54491,54492,54493,54494,54495,54496,54497,54498,54499,54500,54501,54502,54504,54505,54507,54508,54509,54510,54511,54512,54513,54514,54515,54516,54517,54518,54519,54520,54521,54522,54523,54524,54525,54526,54527,54528,54529,54530,54531,54532,54533,54534,54535,54536,54537,54538,54539,54540,54541,54542,54543,54544,54545,54546,54547,54548,54549,54550,54551,54552,54553,54554,54555,54556,54557,54558,54559,54560,54561,54562,54563,54564,54565,54566,54567,54568,54569,54570,54571,54572,54573,54574,54575,54576,54577,54578,54579,54580,54581,54582,54583,54584,54585,54586,54587,54588,54589,54590,54591,54592,54593,54594,54595,54596,54597,54598,54599,54600,54601,54602,55001,55002,55004,55005,55007,55008,55009,55010,55011,55012,55013,55014,55015,55017,55018,55021,55022,55023,55024,55025,55026,55027,55028,55029,55031,55032,55033,55034,55035,55036,55037,55038,55039,55040,55041,55042,55043,55044,55045,55046,55047,55048,55049,55050,55051,55053,55054,55055,55057,55058,55059,55060,55061,55062,55063,55064,55065,55066,55067,55068,55069,55070,55071,55072,55073,55075,55076,55077,55078,55079,55080,55081,55082,55083,55084,55085,55087,55088,55089,55093,55094,55095,55096,55097,55099,55100,55101,55102,55103,55104,55105,55106,55107,55108,55109,55110,55111,55113,55114,55115,55116,55117,55118,55119,55120,55121,55122,55123,55124,55125,55127,55128,55129,55132,55133,55134,55137,55138,55139,55140,55141,55142,55143,55144,55145,55146,55148,55149,55150,55153,55154,55155,55156,55157,55158,55159,55160,55162,55163,55165,55166,55167,55168,55169,55170,55171,55172,55173,55174,55175,55177,55178,55179,55180,55181,55182,55183,55184,55185,55186,55188,55189,55191,55192,55193,55194,55195,55196,55197,55198,55199,55200,55201,55202,55204,55206,55207,55208,55210,55211,55212,55214,55215,55216,55217,55218,55219,55220,55221,55222,55224,55225,55226,55228,55229,55232,55236,55237,55239,55241,55242,55243,55244,55245,55246,55247,55248,55250,55251,55252,55253,55254,55255,55256,55257,55258,55260,55261,55262,55263,55264,55265,55266,55267,55268,55269,55270,55271,55272,55274,55275,55276,55278,55279,55280,55281,55282,55284,55285,55286,55288,55289,55290,55291,55292,55293,55295,55296,55297,55298,55299,55300,55301,55302,55303,55304,55306,55307,55310,55311,55312,55313,55315,55316,55317,55320,55321,55322,55323,55324,55325,55326,55327,55328,55329,55330,55331,55332,55333,55334,55335,55336,55338,55339,55340,55341,55343,55344,55345,55346,55347,55348,55349,55350,55351,55352,55353,55355,55356,55357,55358,55359,55360,55361,55362,55363,55364,55365,55366,55367,55368,55369,55370,55371,55372,55373,55374,55375,55376,55377,55378,55379,55380,55381,55382,55383,55384,55385,55386,55387,55388,55389,55391,55394,55395,55396,55397,55398,55399,55400,55401,55403,55404,55405,55406,55407,55408,55409,55410,55411,55412,55414,55415,55416,55419,55420,55421,55422,55423,55424,55425,55426,55427,55428,55429,55430,55431,55433,55434,55435,55436,55437,55438,55439,55442,55443,55444,55445,55446,55447,55448,55449,55450,55452,55453,55454,55456,55457,55458,55459,55460,55461,55462,55463,55464,55465,55466,55467,55468,55469,55470,55471,55472,55473,55474,55475,55476,55477,55479,55481,55482,55484,55485,55487,55488,55489,55490,55492,55493,55494,55495,55496,55497,55498,55500,55501,55502,55503,55504,55505,55506,55507,55508,55509,55510,55511,55512,55514,55515,55516,55517,55518,55519,55520,55521,55522,55523,55525,55526,55527,55528,55530,55531,55532,55533,55534,55535,55536,55537,55540,55541,55543,55544,55545,55546,55547,55549,55551,55552,55553,55554,55555,55556,55557,55559,55560,55561,55562,55563,55565,55566,55567,55568,55569,55570,55571,55572,55573,55574,55575,55577,55578,55579,55580,55581,55582,55583,55584,55586,57001,57002,57003,57004,57006,57007,57008,57009,57010,57011,57012,57013,57014,57015,57016,57017,57018,57019,57020,57021,57022,57024,57025,57026,57027,57028,57029,57030,57031,57032,57033,57034,57035,57036,57037,57038,57039,57040,57041,57042,57043,57044,57045,57046,57047,57048,57049,57050,57051,57052,57053,57054,57055,57056,57057,57058,57059,57060,57061,57062,57063,57064,57065,57066,57067,57069,57070,57071,57072,57073,57074,57075,57076,57077,57079,57080,57081,57082,57083,57084,57085,57086,57087,57088,57089,57090,57091,57092,57093,57095,57096,57097,57098,57099,57100,57101,57102,57103,57104,57105,57106,57107,57108,57109,57110,57111,57112,57113,57114,57115,57116,57117,57118,57119,57120,57121,57122,57123,57124,57125,57126,57127,57128,57129,57130,57131,57132,57133,57134,57136,57137,57138,57139,57140,57141,57142,57143,57144,57145,57146,57147,57148,57149,57150,57151,57152,57153,57154,57155,57156,57158,57159,57160,57161,57162,57163,57165,57166,57167,57168,57169,57171,57172,57173,57174,57175,57176,57177,57178,57179,57180,57181,57182,57183,57186,57187,57188,57189,57190,57191,57192,57193,57194,57195,57196,57197,57198,57199,57200,57201,57202,57203,57204,57205,57206,57207,57208,57209,57210,57211,57212,57213,57214,57215,57216,57217,57218,57219,57220,57221,57222,57224,57225,57226,57227,57228,57229,57230,57231,57232,57233,57234,57235,57236,57237,57238,57239,57240,57241,57242,57244,57245,57246,57247,57248,57249,57250,57251,57252,57253,57254,57255,57256,57257,57258,57259,57260,57261,57262,57263,57264,57265,57266,57267,57268,57269,57270,57271,57272,57273,57274,57275,57276,57277,57278,57280,57281,57282,57283,57284,57286,57287,57288,57289,57290,57291,57292,57293,57294,57295,57296,57297,57298,57299,57300,57301,57302,57303,57304,57305,57306,57307,57308,57309,57310,57311,57312,57313,57314,57315,57316,57317,57318,57319,57320,57321,57322,57323,57324,57325,57326,57328,57329,57330,57331,57332,57333,57334,57335,57336,57337,57338,57339,57340,57341,57342,57343,57344,57345,57346,57347,57348,57349,57350,57351,57352,57353,57354,57355,57356,57357,57358,57359,57360,57361,57362,57364,57365,57366,57367,57368,57370,57371,57372,57373,57374,57375,57376,57377,57379,57380,57381,57382,57383,57384,57385,57386,57387,57388,57389,57390,57391,57392,57393,57394,57395,57396,57397,57398,57399,57401,57402,57403,57404,57405,57406,57407,57408,57409,57410,57411,57412,57413,57414,57415,57416,57417,57418,57419,57421,57422,57423,57424,57425,57426,57427,57428,57430,57431,57433,57434,57436,57437,57438,57439,57440,57441,57442,57443,57444,57445,57446,57447,57448,57449,57451,57452,57453,57454,57455,57456,57457,57459,57460,57461,57462,57463,57464,57465,57466,57467,57468,57469,57470,57471,57472,57473,57474,57475,57476,57477,57478,57479,57480,57481,57482,57483,57484,57485,57486,57487,57488,57489,57490,57491,57492,57493,57494,57495,57496,57497,57498,57499,57500,57501,57502,57504,57505,57506,57507,57508,57509,57510,57511,57512,57513,57514,57515,57516,57517,57518,57519,57520,57521,57524,57525,57526,57527,57528,57529,57530,57531,57532,57533,57534,57535,57536,57537,57538,57539,57540,57541,57542,57543,57544,57545,57546,57547,57548,57549,57550,57551,57552,57553,57554,57555,57556,57557,57558,57559,57560,57561,57562,57563,57564,57565,57566,57567,57568,57569,57570,57571,57572,57573,57574,57575,57576,57577,57578,57579,57580,57581,57582,57583,57584,57586,57587,57588,57589,57590,57591,57592,57593,57594,57595,57596,57597,57598,57599,57600,57601,57602,57603,57604,57605,57606,57607,57609,57610,57611,57612,57613,57614,57615,57616,57617,57618,57619,57620,57621,57622,57623,57624,57625,57626,57627,57628,57629,57630,57631,57633,57634,57635,57636,57637,57638,57639,57640,57641,57642,57643,57644,57645,57647,57648,57649,57650,57651,57652,57653,57654,57655,57656,57657,57658,57659,57660,57661,57662,57663,57664,57665,57666,57667,57668,57669,57670,57671,57672,57673,57674,57675,57676,57677,57678,57679,57680,57681,57682,57683,57684,57685,57686,57687,57689,57690,57691,57692,57693,57694,57695,57696,57697,57698,57700,57701,57702,57703,57704,57705,57706,57707,57708,57709,57711,57712,57713,57714,57715,57716,57717,57718,57719,57720,57721,57723,57724,57725,57726,57727,57728,57730,57731,57732,57733,57734,57736,57737,57738,57739,57740,57741,57742,57743,57745,57746,57747,57748,57749,57750,57751,57752,57753,57754,57755,57756,57757,57759,57760,57761,57762,57763,57764,57765,57767,67001,67002,67003,67004,67005,67006,67008,67009,67010,67011,67012,67013,67016,67017,67018,67019,67020,67021,67022,67023,67025,67026,67027,67028,67029,67030,67031,67032,67033,67034,67035,67036,67037,67038,67039,67040,67043,67044,67045,67046,67047,67048,67049,67050,67051,67052,67053,67054,67055,67056,67057,67058,67059,67060,67061,67062,67063,67065,67066,67067,67068,67069,67070,67071,67072,67073,67074,67075,67076,67077,67078,67079,67080,67081,67082,67083,67084,67085,67086,67087,67088,67089,67090,67091,67092,67093,67094,67095,67096,67097,67098,67099,67100,67101,67102,67103,67104,67105,67106,67107,67108,67109,67110,67111,67112,67113,67115,67116,67117,67118,67119,67120,67121,67122,67123,67124,67125,67126,67127,67128,67129,67130,67131,67132,67133,67134,67135,67136,67137,67138,67139,67140,67141,67142,67143,67144,67145,67146,67147,67148,67149,67150,67151,67152,67153,67154,67155,67156,67159,67160,67161,67162,67163,67164,67165,67166,67167,67168,67169,67172,67173,67174,67176,67177,67178,67179,67180,67181,67182,67183,67184,67185,67186,67187,67188,67189,67190,67191,67192,67194,67195,67196,67197,67198,67199,67200,67201,67202,67203,67204,67205,67206,67208,67209,67210,67212,67213,67214,67215,67216,67217,67218,67220,67221,67222,67223,67225,67226,67227,67228,67229,67230,67231,67232,67233,67234,67235,67236,67237,67238,67239,67240,67241,67242,67244,67245,67246,67247,67248,67249,67250,67252,67253,67254,67255,67256,67257,67258,67259,67260,67261,67263,67264,67265,67266,67267,67268,67269,67270,67271,67272,67273,67274,67275,67276,67277,67278,67279,67280,67281,67282,67283,67285,67286,67287,67288,67289,67290,67291,67292,67293,67295,67296,67298,67299,67300,67301,67302,67303,67304,67305,67306,67307,67308,67309,67310,67311,67312,67313,67314,67315,67317,67319,67320,67321,67322,67324,67325,67326,67327,67328,67329,67330,67331,67333,67334,67335,67336,67337,67338,67339,67340,67341,67342,67343,67344,67345,67346,67347,67348,67349,67350,67351,67352,67353,67354,67355,67356,67358,67359,67360,67361,67362,67363,67364,67365,67366,67367,67368,67369,67370,67371,67372,67373,67375,67377,67378,67379,67380,67381,67382,67383,67384,67385,67386,67387,67388,67389,67391,67392,67394,67395,67396,67397,67398,67400,67401,67403,67404,67405,67406,67407,67408,67409,67410,67411,67412,67413,67414,67415,67416,67417,67418,67420,67421,67422,67423,67424,67425,67426,67427,67428,67429,67430,67432,67433,67434,67435,67436,67437,67438,67440,67441,67442,67443,67444,67445,67446,67447,67448,67449,67450,67451,67452,67453,67454,67455,67456,67458,67459,67460,67461,67462,67463,67464,67465,67466,67467,67468,67470,67471,67472,67473,67474,67475,67476,67477,67478,67479,67480,67481,67482,67483,67484,67485,67486,67487,67488,67489,67490,67491,67492,67493,67494,67495,67497,67498,67499,67500,67501,67502,67503,67504,67505,67506,67507,67508,67509,67510,67511,67513,67514,67515,67516,67517,67519,67520,67521,67522,67523,67524,67525,67526,67527,67528,67529,67530,67531,67532,67534,67535,67536,67537,67538,67539,67540,67541,67542,67543,67544,67545,67546,67547,67548,67550,67551,67552,67553,67554,67555,67556,67557,67558,67559,68001,68002,68004,68005,68006,68007,68008,68009,68010,68011,68012,68013,68014,68015,68016,68017,68018,68019,68020,68021,68022,68023,68024,68025,68026,68027,68028,68029,68030,68032,68033,68034,68035,68036,68037,68038,68039,68040,68041,68042,68043,68044,68045,68046,68049,68050,68051,68052,68054,68055,68056,68057,68058,68059,68060,68061,68062,68063,68064,68065,68066,68067,68068,68069,68071,68072,68073,68074,68075,68076,68077,68078,68079,68080,68081,68082,68083,68084,68085,68086,68087,68088,68089,68090,68091,68092,68093,68094,68095,68096,68097,68098,68099,68100,68101,68102,68103,68104,68105,68106,68107,68109,68110,68111,68112,68113,68114,68115,68116,68117,68118,68119,68120,68121,68122,68123,68124,68125,68126,68127,68128,68129,68130,68131,68132,68134,68135,68136,68137,68138,68139,68140,68141,68142,68143,68144,68145,68146,68147,68148,68149,68150,68151,68152,68153,68154,68155,68156,68157,68158,68159,68160,68161,68162,68163,68165,68166,68167,68168,68169,68170,68171,68172,68173,68174,68175,68176,68177,68178,68179,68180,68181,68182,68183,68184,68185,68186,68187,68188,68189,68190,68191,68192,68193,68194,68195,68196,68197,68198,68199,68200,68201,68202,68203,68204,68205,68207,68208,68209,68210,68211,68212,68213,68214,68215,68216,68217,68218,68219,68221,68222,68223,68224,68225,68226,68227,68228,68229,68230,68231,68232,68234,68235,68237,68238,68239,68240,68241,68242,68243,68244,68245,68246,68247,68248,68249,68250,68251,68252,68253,68254,68255,68256,68257,68258,68259,68260,68261,68262,68263,68264,68265,68266,68267,68268,68269,68270,68271,68273,68274,68275,68276,68277,68278,68279,68280,68281,68282,68283,68284,68285,68286,68287,68288,68289,68290,68291,68292,68293,68294,68295,68296,68297,68298,68299,68300,68301,68302,68303,68304,68305,68306,68307,68308,68309,68311,68312,68313,68315,68316,68317,68318,68320,68321,68322,68323,68324,68325,68326,68327,68328,68329,68330,68331,68332,68333,68334,68335,68336,68337,68338,68340,68341,68342,68343,68344,68345,68347,68348,68349,68350,68351,68352,68353,68354,68355,68356,68357,68358,68359,68360,68361,68362,68363,68364,68365,68366,68367,68368,68370,68371,68372,68373,68374,68375,68376,68377,68378,68379,68380,68381,68382,68383,68384,68385,68386,88001,88002,88003,88004,88005,88006,88007,88008,88009,88010,88011,88012,88013,88014,88015,88016,88017,88019,88020,88021,88022,88023,88024,88025,88026,88027,88028,88029,88030,88031,88032,88033,88035,88036,88037,88038,88039,88040,88041,88042,88043,88044,88045,88046,88047,88048,88049,88050,88051,88052,88053,88054,88055,88056,88057,88058,88059,88060,88061,88062,88063,88064,88065,88066,88068,88069,88070,88071,88073,88074,88075,88076,88077,88078,88079,88080,88081,88082,88083,88084,88085,88086,88087,88088,88089,88090,88091,88092,88093,88094,88095,88096,88097,88098,88099,88100,88101,88102,88103,88104,88105,88106,88107,88108,88109,88110,88111,88113,88114,88115,88116,88117,88118,88119,88120,88121,88122,88123,88124,88125,88126,88127,88128,88129,88130,88131,88132,88133,88134,88135,88136,88137,88138,88139,88140,88141,88142,88143,88144,88145,88146,88147,88148,88149,88150,88151,88152,88153,88154,88155,88156,88157,88158,88159,88160,88161,88162,88163,88164,88165,88166,88167,88168,88169,88170,88171,88172,88173,88174,88175,88176,88177,88178,88179,88180,88181,88182,88183,88184,88185,88186,88187,88188,88189,88190,88192,88193,88194,88195,88196,88197,88198,88199,88200,88201,88202,88203,88205,88206,88208,88209,88210,88212,88213,88214,88215,88216,88218,88219,88220,88221,88222,88223,88224,88225,88226,88227,88228,88229,88230,88231,88232,88233,88236,88237,88238,88239,88240,88241,88242,88243,88244,88245,88246,88247,88248,88249,88250,88251,88252,88253,88254,88255,88256,88257,88258,88259,88260,88261,88262,88263,88264,88265,88266,88267,88268,88269,88270,88271,88272,88273,88274,88275,88276,88277,88278,88279,88280,88281,88283,88284,88285,88286,88287,88288,88289,88290,88291,88292,88293,88294,88295,88296,88297,88298,88299,88300,88301,88302,88303,88304,88305,88306,88307,88308,88309,88310,88311,88312,88313,88314,88315,88316,88317,88318,88319,88320,88321,88322,88324,88325,88326,88327,88328,88330,88331,88332,88333,88334,88335,88336,88338,88340,88341,88342,88343,88344,88345,88346,88347,88348,88349,88350,88351,88352,88353,88354,88355,88356,88357,88358,88359,88360,88361,88362,88363,88364,88365,88366,88367,88368,88369,88370,88371,88372,88373,88374,88375,88376,88377,88378,88379,88380,88381,88382,88383,88385,88386,88387,88388,88389,88390,88391,88394,88395,88398,88399,88400,88401,88402,88403,88404,88406,88407,88408,88409,88410,88411,88412,88413,88415,88416,88417,88418,88419,88421,88423,88424,88425,88426,88427,88428,88429,88430,88431,88432,88433,88434,88435,88436,88437,88438,88439,88440,88441,88442,88443,88444,88445,88446,88447,88448,88449,88450,88451,88452,88453,88454,88455,88456,88457,88458,88459,88460,88461,88462,88463,88464,88465,88466,88467,88468,88469,88470,88471,88472,88473,88474,88475,88476,88477,88478,88479,88480,88481,88482,88483,88484,88485,88486,88487,88488,88489,88490,88491,88492,88493,88494,88495,88496,88497,88498,88499,88500,88501,88502,88503,88504,88505,88506,88507,88508,88509,88510,88511,88512,88513,88514,88515,88516,88517,88518,88519,88520,88521,88522,88523,88524,88525,88526,88527,88528,88529,88530,88531,88532}",SDER,2026-03-24 14:41:32.274366+01,gold_establishments_2025,,,,13001025900252,2025,Services de l'Etat,Région,"['Ardennes', 'Aube', 'Marne', 'Haute-Marne', 'Meurthe-et-Moselle', 'Meuse', 'Moselle', 'Bas-Rhin', '",['Grand Est'],DREAL,"{08,10,51,52,54,55,57,67,68,88}",{44}
2b7670fb-c295-4b93-ad5c-f3b131bf0543,130006570,DREAL Hauts-de-France,false,"{02001,02002,02003,02004,02005,02006,02007,02008,02009,02010,02011,02012,02013,02014,02015,02016,02017,02018,02019,02020,02021,02022,02023,02024,02025,02027,02028,02029,02030,02031,02032,02033,02034,02035,02036,02037,02038,02039,02040,02041,02042,02043,02044,02046,02047,02048,02049,02050,02051,02052,02053,02054,02055,02056,02057,02058,02059,02060,02061,02062,02063,02064,02065,02066,02067,02068,02069,02070,02071,02072,02073,02074,02075,02076,02078,02079,02080,02081,02082,02083,02084,02085,02086,02087,02088,02089,02090,02091,02093,02094,02095,02096,02097,02098,02099,02100,02101,02102,02103,02104,02105,02106,02107,02108,02109,02110,02111,02112,02114,02115,02116,02117,02118,02119,02120,02121,02122,02123,02124,02125,02126,02127,02128,02129,02130,02131,02132,02133,02134,02135,02136,02137,02138,02139,02140,02141,02142,02143,02144,02145,02146,02148,02149,02150,02151,02152,02153,02154,02155,02156,02157,02158,02159,02160,02162,02163,02164,02165,02166,02167,02168,02169,02170,02171,02172,02173,02174,02175,02176,02177,02178,02179,02180,02181,02182,02183,02184,02185,02186,02187,02188,02189,02190,02191,02192,02193,02194,02195,02196,02197,02198,02199,02200,02201,02203,02204,02205,02206,02207,02208,02209,02210,02211,02212,02213,02214,02215,02216,02217,02218,02219,02220,02221,02222,02223,02224,02225,02226,02227,02228,02229,02230,02231,02232,02233,02234,02235,02236,02237,02238,02239,02240,02241,02242,02243,02244,02245,02246,02248,02249,02250,02251,02252,02253,02254,02255,02256,02257,02258,02259,02260,02261,02262,02263,02264,02265,02266,02267,02268,02269,02270,02271,02272,02273,02274,02275,02276,02277,02278,02279,02280,02281,02282,02283,02284,02286,02287,02288,02289,02290,02291,02292,02293,02294,02295,02296,02297,02298,02299,02302,02303,02304,02305,02306,02307,02308,02309,02310,02312,02313,02315,02316,02317,02318,02319,02320,02321,02322,02323,02324,02326,02327,02328,02329,02330,02331,02332,02333,02334,02335,02336,02337,02338,02339,02340,02341,02342,02343,02345,02346,02347,02349,02350,02351,02352,02353,02354,02355,02356,02357,02358,02359,02360,02361,02362,02363,02364,02366,02367,02368,02369,02370,02371,02372,02373,02374,02375,02376,02377,02378,02379,02380,02381,02382,02383,02384,02385,02386,02387,02388,02389,02390,02391,02392,02393,02395,02396,02397,02398,02399,02400,02401,02402,02403,02404,02405,02406,02407,02408,02409,02410,02411,02412,02413,02414,02415,02416,02417,02418,02419,02420,02421,02422,02423,02424,02425,02426,02427,02428,02429,02430,02431,02432,02433,02435,02438,02439,02440,02441,02442,02443,02444,02445,02446,02447,02448,02449,02450,02451,02452,02453,02454,02455,02456,02457,02458,02459,02460,02461,02462,02463,02464,02465,02466,02467,02468,02469,02470,02471,02472,02473,02474,02476,02477,02478,02480,02481,02482,02483,02484,02485,02486,02487,02488,02489,02490,02491,02492,02493,02494,02495,02496,02497,02498,02499,02500,02501,02502,02503,02504,02505,02506,02507,02508,02509,02510,02511,02512,02513,02514,02515,02516,02517,02518,02519,02520,02521,02522,02523,02524,02525,02526,02527,02528,02529,02530,02531,02532,02533,02534,02535,02536,02537,02538,02539,02540,02541,02542,02543,02544,02545,02546,02547,02548,02549,02550,02551,02552,02553,02554,02555,02556,02557,02558,02559,02560,02561,02562,02563,02564,02565,02566,02567,02568,02569,02570,02571,02572,02573,02574,02575,02576,02577,02578,02579,02580,02581,02582,02583,02584,02585,02586,02587,02588,02589,02590,02591,02592,02593,02594,02595,02596,02598,02599,02600,02601,02602,02604,02605,02606,02607,02608,02609,02610,02612,02613,02614,02615,02616,02617,02618,02619,02620,02621,02622,02623,02624,02625,02626,02627,02628,02629,02631,02632,02633,02634,02635,02636,02637,02638,02639,02640,02641,02642,02643,02644,02645,02647,02648,02649,02650,02651,02652,02653,02654,02655,02656,02657,02658,02659,02660,02661,02662,02663,02664,02665,02666,02667,02668,02670,02671,02672,02673,02674,02675,02676,02677,02678,02679,02680,02681,02682,02683,02684,02685,02686,02687,02688,02689,02690,02691,02693,02694,02696,02697,02698,02699,02701,02702,02703,02704,02705,02706,02707,02708,02709,02710,02711,02712,02713,02714,02715,02716,02717,02718,02719,02720,02721,02722,02723,02724,02725,02726,02727,02728,02729,02730,02731,02732,02734,02735,02736,02737,02738,02739,02740,02741,02742,02743,02744,02745,02746,02747,02748,02749,02750,02751,02752,02753,02754,02755,02756,02757,02758,02759,02760,02761,02762,02763,02764,02765,02766,02767,02768,02769,02770,02772,02773,02774,02775,02776,02777,02778,02779,02780,02781,02782,02783,02784,02785,02786,02787,02788,02789,02790,02791,02792,02793,02794,02795,02796,02797,02798,02799,02800,02801,02802,02803,02804,02805,02806,02807,02808,02809,02810,02812,02813,02814,02815,02816,02817,02818,02819,02820,02821,02822,02823,02824,02826,02827,02828,02829,02830,02831,02832,02833,02834,59001,59002,59003,59004,59005,59006,59007,59008,59009,59010,59011,59012,59013,59014,59015,59016,59017,59018,59019,59021,59022,59023,59024,59025,59026,59027,59028,59029,59031,59032,59033,59034,59035,59036,59037,59038,59039,59041,59042,59043,59044,59045,59046,59047,59048,59049,59050,59051,59052,59053,59054,59055,59056,59057,59058,59059,59060,59061,59062,59063,59064,59065,59066,59067,59068,59069,59071,59072,59073,59074,59075,59076,59077,59078,59079,59080,59081,59082,59083,59084,59085,59086,59087,59088,59089,59090,59091,59092,59093,59094,59096,59097,59098,59099,59100,59101,59102,59103,59104,59105,59106,59107,59108,59109,59110,59111,59112,59113,59114,59115,59116,59117,59118,59119,59120,59121,59122,59123,59124,59125,59126,59127,59128,59129,59130,59131,59132,59133,59134,59135,59136,59137,59138,59139,59140,59141,59142,59143,59144,59145,59146,59147,59148,59149,59150,59151,59152,59153,59155,59156,59157,59158,59159,59160,59161,59162,59163,59164,59165,59166,59167,59168,59169,59170,59171,59172,59173,59174,59175,59176,59177,59178,59179,59180,59181,59182,59183,59184,59185,59186,59187,59188,59189,59190,59191,59192,59193,59194,59195,59196,59197,59198,59199,59200,59201,59202,59203,59204,59205,59206,59207,59208,59209,59210,59211,59212,59213,59214,59215,59216,59217,59218,59219,59220,59221,59222,59223,59224,59225,59226,59227,59228,59229,59230,59231,59232,59233,59234,59236,59237,59238,59239,59240,59241,59242,59243,59244,59246,59247,59249,59250,59251,59252,59253,59254,59255,59256,59257,59258,59259,59260,59261,59262,59263,59264,59265,59266,59267,59268,59269,59270,59271,59272,59273,59274,59275,59276,59277,59278,59279,59280,59281,59282,59283,59284,59285,59286,59287,59288,59289,59290,59291,59292,59293,59294,59295,59296,59297,59299,59300,59301,59302,59303,59304,59305,59306,59307,59308,59309,59310,59311,59312,59313,59314,59315,59316,59317,59318,59319,59320,59321,59322,59323,59324,59325,59326,59327,59328,59329,59330,59331,59332,59333,59334,59335,59336,59337,59338,59339,59340,59341,59342,59343,59344,59345,59346,59347,59348,59349,59350,59351,59352,59353,59354,59356,59357,59358,59359,59360,59361,59363,59364,59365,59366,59367,59368,59369,59370,59371,59372,59374,59375,59377,59378,59379,59381,59382,59383,59384,59385,59386,59387,59388,59389,59390,59391,59392,59393,59394,59395,59396,59397,59398,59399,59400,59401,59402,59403,59405,59406,59407,59408,59409,59410,59411,59412,59413,59414,59415,59416,59418,59419,59420,59421,59422,59423,59424,59425,59426,59427,59428,59429,59430,59431,59432,59433,59434,59435,59436,59437,59438,59439,59440,59441,59442,59443,59444,59445,59446,59447,59448,59449,59450,59451,59452,59453,59454,59455,59456,59457,59458,59459,59461,59462,59463,59464,59465,59466,59467,59468,59469,59470,59471,59472,59473,59474,59475,59476,59477,59478,59479,59480,59481,59482,59483,59484,59485,59486,59487,59488,59489,59490,59491,59492,59493,59494,59495,59496,59497,59498,59499,59500,59501,59502,59503,59504,59505,59506,59507,59508,59509,59511,59512,59513,59514,59515,59516,59517,59518,59519,59520,59521,59522,59523,59524,59525,59526,59527,59528,59529,59530,59531,59532,59533,59534,59535,59536,59537,59538,59539,59541,59542,59543,59544,59545,59546,59547,59548,59549,59550,59551,59552,59553,59554,59555,59556,59557,59558,59559,59560,59562,59563,59564,59565,59566,59567,59568,59569,59570,59571,59572,59573,59574,59575,59576,59577,59578,59579,59580,59581,59582,59583,59584,59585,59586,59587,59588,59589,59590,59591,59592,59593,59594,59595,59596,59597,59598,59599,59600,59601,59602,59603,59604,59605,59606,59607,59608,59609,59610,59611,59612,59613,59614,59615,59616,59617,59618,59619,59620,59622,59623,59624,59625,59626,59627,59628,59629,59630,59631,59632,59633,59634,59635,59636,59637,59638,59639,59640,59641,59642,59643,59645,59646,59647,59648,59649,59650,59651,59652,59653,59654,59655,59656,59657,59658,59659,59660,59661,59662,59663,59664,59665,59666,59667,59668,59669,59670,60001,60002,60003,60004,60005,60006,60007,60008,60009,60010,60011,60012,60013,60014,60015,60016,60017,60019,60020,60021,60022,60023,60024,60025,60026,60027,60028,60029,60030,60031,60032,60033,60034,60035,60036,60037,60039,60040,60041,60042,60043,60044,60045,60046,60047,60048,60049,60050,60051,60052,60053,60054,60055,60056,60057,60058,60059,60060,60061,60062,60063,60064,60065,60066,60067,60068,60069,60070,60071,60072,60073,60074,60075,60076,60077,60078,60079,60081,60082,60083,60084,60085,60086,60087,60088,60089,60090,60091,60092,60093,60094,60095,60097,60098,60099,60100,60101,60102,60103,60104,60105,60106,60107,60108,60109,60110,60111,60112,60113,60114,60115,60116,60117,60118,60119,60120,60121,60122,60123,60124,60125,60126,60127,60128,60129,60130,60131,60132,60133,60134,60135,60136,60137,60138,60139,60140,60141,60142,60143,60144,60145,60146,60147,60148,60149,60150,60151,60152,60153,60154,60155,60156,60157,60158,60159,60160,60161,60162,60163,60164,60165,60166,60167,60168,60169,60170,60171,60172,60173,60174,60175,60176,60177,60178,60179,60180,60181,60182,60183,60184,60185,60186,60187,60188,60189,60190,60191,60192,60193,60194,60195,60196,60197,60198,60199,60200,60201,60203,60204,60205,60206,60207,60208,60209,60210,60211,60212,60213,60214,60215,60216,60217,60218,60219,60220,60221,60222,60223,60224,60225,60226,60227,60228,60229,60230,60231,60232,60233,60234,60235,60236,60237,60238,60239,60240,60241,60242,60243,60244,60245,60247,60248,60249,60250,60251,60252,60253,60254,60255,60256,60257,60258,60259,60260,60261,60262,60263,60264,60265,60267,60268,60269,60270,60271,60272,60273,60274,60275,60276,60277,60278,60279,60280,60281,60282,60283,60284,60285,60286,60287,60288,60289,60290,60291,60292,60293,60294,60295,60296,60297,60298,60299,60301,60302,60303,60304,60305,60306,60307,60308,60309,60310,60311,60312,60313,60314,60315,60316,60317,60318,60319,60320,60321,60322,60323,60324,60325,60326,60327,60328,60329,60330,60331,60332,60333,60334,60335,60336,60337,60338,60339,60340,60341,60342,60343,60344,60345,60346,60347,60348,60350,60351,60352,60353,60354,60355,60356,60357,60358,60359,60360,60361,60362,60363,60364,60365,60366,60367,60368,60369,60370,60371,60372,60373,60374,60375,60376,60377,60378,60379,60380,60381,60382,60383,60385,60386,60387,60388,60389,60390,60391,60392,60393,60394,60395,60396,60397,60398,60399,60400,60401,60402,60403,60404,60405,60406,60407,60408,60409,60410,60411,60412,60413,60414,60415,60416,60418,60420,60421,60422,60423,60424,60425,60426,60427,60428,60429,60430,60431,60432,60433,60434,60435,60436,60437,60438,60439,60440,60441,60442,60443,60444,60445,60446,60447,60448,60449,60450,60451,60452,60454,60456,60457,60458,60459,60460,60461,60462,60463,60464,60465,60466,60468,60469,60470,60471,60472,60473,60474,60476,60477,60478,60479,60480,60481,60482,60483,60484,60485,60486,60487,60488,60489,60490,60491,60492,60493,60494,60495,60496,60497,60498,60499,60500,60501,60502,60503,60504,60505,60506,60507,60508,60509,60510,60511,60512,60513,60514,60515,60516,60517,60518,60519,60520,60521,60522,60523,60524,60525,60526,60527,60528,60529,60530,60531,60533,60534,60535,60536,60537,60538,60539,60540,60541,60542,60543,60544,60545,60546,60547,60548,60549,60550,60551,60552,60553,60554,60555,60556,60557,60558,60559,60560,60561,60562,60563,60564,60565,60566,60567,60568,60569,60570,60571,60572,60573,60574,60575,60576,60577,60578,60579,60581,60582,60583,60584,60585,60586,60587,60588,60589,60590,60591,60592,60593,60594,60595,60596,60597,60598,60599,60600,60601,60602,60603,60604,60605,60608,60609,60610,60611,60612,60613,60614,60615,60616,60617,60618,60619,60620,60621,60622,60623,60624,60625,60626,60627,60628,60629,60630,60631,60632,60633,60634,60635,60636,60637,60638,60639,60640,60641,60642,60643,60644,60645,60646,60647,60648,60650,60651,60652,60653,60654,60655,60656,60657,60658,60659,60660,60661,60662,60663,60664,60665,60666,60667,60668,60669,60670,60671,60672,60673,60674,60675,60676,60677,60678,60679,60680,60681,60682,60683,60684,60685,60686,60687,60688,60689,60691,60692,60693,60695,60697,60698,60699,60700,60701,60702,60703,62001,62002,62003,62004,62005,62006,62007,62008,62009,62010,62011,62012,62013,62014,62015,62016,62017,62018,62019,62020,62021,62022,62023,62024,62025,62026,62027,62028,62029,62030,62031,62032,62033,62034,62035,62036,62037,62038,62039,62040,62041,62042,62043,62044,62045,62046,62047,62048,62049,62050,62051,62052,62053,62054,62055,62056,62057,62058,62059,62060,62061,62062,62063,62064,62065,62066,62067,62068,62069,62070,62071,62072,62073,62074,62075,62076,62077,62078,62079,62080,62081,62082,62083,62084,62085,62086,62087,62088,62089,62090,62091,62092,62093,62094,62095,62096,62097,62099,62100,62101,62102,62103,62104,62105,62106,62107,62108,62109,62111,62112,62113,62114,62115,62116,62117,62118,62119,62120,62121,62122,62123,62124,62125,62126,62127,62128,62129,62130,62131,62132,62133,62134,62135,62137,62138,62139,62140,62141,62142,62143,62144,62145,62146,62147,62148,62149,62150,62151,62152,62153,62154,62155,62156,62157,62158,62160,62161,62162,62163,62164,62165,62166,62167,62168,62169,62170,62171,62172,62173,62174,62175,62176,62177,62178,62179,62180,62181,62182,62183,62184,62185,62186,62187,62188,62189,62190,62191,62192,62193,62194,62195,62196,62197,62198,62199,62200,62201,62202,62203,62204,62205,62206,62207,62208,62209,62211,62212,62213,62214,62215,62216,62217,62218,62219,62220,62221,62222,62223,62224,62225,62227,62228,62229,62230,62231,62232,62233,62234,62235,62236,62237,62238,62239,62240,62241,62242,62243,62244,62245,62246,62247,62248,62249,62250,62251,62252,62253,62254,62255,62256,62257,62258,62259,62260,62261,62262,62263,62264,62265,62266,62267,62268,62269,62270,62271,62272,62273,62274,62275,62276,62277,62278,62279,62280,62281,62282,62283,62284,62285,62286,62288,62289,62290,62291,62292,62293,62295,62296,62297,62298,62299,62300,62301,62302,62303,62304,62306,62307,62308,62309,62310,62311,62312,62313,62314,62315,62316,62317,62318,62319,62320,62321,62322,62323,62324,62325,62326,62327,62328,62329,62330,62331,62332,62333,62334,62335,62336,62337,62338,62339,62340,62341,62342,62343,62344,62345,62346,62347,62348,62349,62350,62351,62352,62353,62354,62355,62356,62357,62358,62359,62360,62361,62362,62363,62364,62365,62366,62367,62368,62369,62370,62371,62372,62373,62374,62375,62376,62377,62378,62379,62380,62381,62382,62383,62384,62385,62386,62387,62388,62389,62390,62391,62392,62393,62395,62396,62397,62398,62399,62400,62401,62402,62403,62404,62405,62406,62407,62408,62409,62410,62411,62412,62413,62414,62415,62416,62418,62419,62421,62422,62423,62424,62425,62426,62427,62428,62429,62430,62432,62433,62434,62435,62436,62437,62438,62439,62440,62441,62442,62443,62444,62445,62446,62447,62448,62449,62450,62451,62452,62453,62454,62455,62456,62457,62458,62459,62460,62462,62463,62464,62465,62466,62467,62468,62469,62470,62471,62472,62473,62474,62475,62476,62477,62478,62479,62480,62481,62483,62484,62485,62486,62487,62488,62489,62490,62491,62492,62493,62494,62495,62496,62497,62498,62499,62500,62501,62502,62503,62504,62505,62506,62507,62508,62509,62510,62511,62512,62513,62514,62515,62516,62517,62518,62519,62520,62521,62522,62523,62524,62525,62526,62527,62528,62529,62530,62531,62532,62533,62534,62535,62536,62537,62538,62539,62540,62541,62542,62543,62544,62545,62546,62547,62548,62550,62551,62552,62553,62554,62555,62556,62557,62558,62559,62560,62561,62562,62563,62564,62565,62566,62567,62568,62569,62570,62571,62572,62573,62574,62576,62577,62578,62579,62580,62581,62582,62583,62584,62585,62586,62587,62588,62589,62590,62591,62592,62593,62594,62595,62596,62597,62598,62599,62600,62601,62602,62603,62604,62605,62606,62607,62608,62609,62610,62611,62612,62613,62614,62615,62616,62617,62618,62619,62620,62621,62622,62623,62624,62625,62626,62627,62628,62629,62630,62631,62632,62633,62634,62635,62636,62637,62638,62639,62640,62641,62642,62643,62644,62645,62646,62647,62648,62649,62650,62651,62652,62653,62654,62655,62656,62657,62658,62659,62660,62661,62662,62663,62664,62665,62666,62667,62668,62669,62670,62671,62672,62673,62674,62675,62676,62677,62678,62679,62680,62681,62682,62683,62684,62685,62686,62688,62689,62690,62691,62692,62693,62694,62695,62696,62697,62698,62699,62700,62701,62702,62703,62704,62705,62706,62708,62709,62710,62711,62712,62713,62714,62715,62716,62717,62718,62719,62720,62721,62722,62723,62724,62725,62726,62727,62728,62729,62730,62731,62732,62733,62734,62735,62736,62737,62738,62739,62740,62741,62742,62744,62745,62746,62747,62748,62749,62750,62751,62752,62753,62754,62755,62756,62757,62758,62759,62760,62761,62762,62763,62764,62765,62766,62767,62768,62769,62770,62771,62772,62773,62774,62775,62776,62777,62778,62779,62780,62781,62782,62783,62784,62785,62786,62787,62788,62789,62790,62791,62792,62793,62794,62795,62796,62797,62798,62799,62800,62801,62802,62803,62804,62805,62806,62808,62809,62810,62811,62812,62813,62814,62815,62816,62817,62818,62819,62820,62821,62822,62823,62824,62825,62826,62827,62828,62829,62830,62831,62832,62833,62834,62835,62836,62837,62838,62839,62840,62841,62842,62843,62844,62845,62846,62847,62848,62849,62850,62851,62852,62853,62854,62855,62856,62857,62858,62859,62860,62861,62862,62863,62864,62865,62866,62867,62868,62869,62870,62871,62872,62873,62874,62875,62876,62877,62878,62879,62880,62881,62882,62883,62885,62886,62887,62888,62889,62890,62891,62892,62893,62894,62895,62896,62897,62898,62899,62900,62901,62902,62903,62904,62905,62906,62907,62908,62909,80001,80002,80003,80004,80005,80006,80008,80009,80010,80011,80013,80014,80015,80016,80017,80018,80019,80020,80021,80022,80023,80024,80025,80026,80027,80028,80029,80030,80031,80032,80033,80034,80035,80036,80037,80038,80039,80040,80041,80042,80043,80044,80045,80046,80047,80048,80049,80050,80051,80052,80053,80054,80055,80056,80057,80058,80059,80060,80061,80062,80063,80064,80065,80066,80067,80068,80069,80070,80071,80073,80074,80076,80077,80078,80079,80080,80081,80082,80083,80084,80085,80086,80087,80088,80089,80090,80092,80093,80094,80095,80096,80097,80098,80099,80100,80101,80102,80103,80104,80105,80106,80107,80108,80109,80110,80112,80113,80114,80115,80116,80117,80118,80119,80120,80121,80122,80123,80124,80125,80126,80127,80128,80129,80130,80131,80132,80133,80134,80135,80136,80137,80138,80139,80140,80141,80142,80143,80144,80145,80146,80147,80148,80149,80150,80151,80152,80153,80154,80155,80156,80157,80158,80159,80160,80161,80162,80163,80164,80165,80166,80167,80168,80169,80170,80171,80172,80173,80174,80176,80177,80179,80180,80181,80182,80183,80184,80185,80186,80187,80188,80189,80190,80191,80192,80193,80194,80195,80196,80197,80198,80199,80200,80201,80202,80203,80204,80205,80206,80207,80208,80210,80211,80212,80213,80214,80215,80216,80217,80218,80219,80220,80221,80222,80223,80224,80225,80226,80227,80228,80229,80230,80231,80232,80233,80234,80235,80236,80237,80238,80239,80240,80241,80242,80243,80244,80245,80246,80247,80248,80249,80250,80251,80252,80253,80256,80258,80259,80260,80261,80262,80263,80264,80265,80266,80267,80268,80269,80270,80271,80272,80273,80274,80275,80276,80278,80279,80280,80281,80282,80283,80284,80285,80287,80288,80290,80291,80292,80293,80294,80295,80296,80297,80298,80299,80300,80301,80302,80303,80304,80305,80306,80307,80308,80310,80311,80312,80313,80314,80315,80316,80317,80318,80319,80320,80321,80322,80324,80325,80326,80327,80328,80329,80330,80331,80332,80333,80334,80335,80336,80337,80338,80339,80340,80341,80342,80343,80344,80345,80346,80347,80348,80349,80350,80351,80352,80353,80354,80355,80356,80357,80358,80359,80360,80361,80362,80364,80365,80366,80367,80368,80369,80371,80372,80373,80374,80375,80376,80377,80378,80379,80380,80381,80383,80384,80385,80386,80387,80388,80390,80391,80392,80393,80395,80396,80397,80399,80400,80401,80402,80403,80404,80405,80406,80407,80408,80409,80410,80411,80412,80413,80414,80415,80416,80417,80418,80420,80421,80422,80423,80424,80425,80426,80427,80428,80429,80430,80431,80432,80433,80434,80435,80436,80437,80438,80439,80440,80442,80443,80444,80445,80446,80449,80450,80451,80452,80453,80455,80456,80458,80459,80460,80461,80462,80463,80464,80465,80466,80467,80468,80469,80470,80472,80473,80474,80475,80476,80477,80478,80479,80480,80481,80482,80484,80485,80486,80487,80488,80489,80490,80491,80493,80494,80495,80496,80497,80498,80499,80500,80501,80502,80503,80504,80505,80507,80508,80509,80511,80512,80513,80514,80515,80516,80517,80518,80519,80520,80521,80522,80523,80524,80525,80526,80527,80528,80529,80530,80531,80533,80535,80536,80537,80538,80540,80541,80542,80543,80544,80545,80546,80547,80548,80549,80550,80552,80553,80554,80555,80556,80557,80558,80559,80560,80561,80562,80563,80565,80566,80568,80569,80570,80571,80572,80573,80574,80575,80576,80577,80578,80579,80580,80582,80583,80584,80585,80586,80587,80588,80589,80590,80591,80592,80593,80595,80596,80597,80598,80599,80600,80601,80602,80603,80604,80605,80606,80607,80609,80611,80613,80614,80615,80616,80617,80618,80619,80620,80621,80622,80623,80624,80625,80626,80627,80628,80629,80630,80631,80632,80633,80634,80635,80637,80638,80639,80640,80642,80643,80644,80645,80646,80647,80648,80649,80650,80651,80652,80654,80655,80656,80657,80658,80659,80661,80662,80663,80664,80665,80666,80667,80668,80669,80670,80671,80672,80673,80674,80675,80676,80677,80678,80679,80680,80681,80682,80683,80684,80685,80686,80687,80688,80690,80691,80692,80693,80694,80695,80696,80697,80698,80699,80700,80701,80702,80703,80704,80705,80706,80707,80708,80709,80710,80711,80713,80714,80716,80717,80718,80719,80721,80722,80723,80724,80725,80726,80728,80729,80730,80732,80733,80734,80735,80736,80737,80738,80740,80741,80742,80743,80744,80746,80747,80748,80749,80750,80751,80752,80753,80754,80755,80756,80757,80758,80759,80760,80762,80763,80764,80765,80766,80767,80769,80770,80771,80773,80774,80775,80776,80777,80778,80779,80780,80781,80782,80783,80784,80785,80786,80787,80788,80789,80790,80791,80792,80793,80794,80795,80796,80797,80798,80799,80800,80801,80802,80803,80804,80805,80806,80807,80808,80809,80810,80811,80812,80813,80814,80815,80819,80820,80821,80822,80823,80824,80825,80826,80827,80828,80829,80832,80833,80834,80835,80836}",SDER,2026-03-24 14:41:32.274366+01,gold_establishments_2025,,,,13000657000019,2025,Services de l'Etat,Région,"['Aisne', 'Nord', 'Oise', 'Pas-de-Calais', 'Somme']",['Hauts-de-France'],DREAL,"{02,59,60,62,80}",{32}
90128f1a-bf65-4c74-b141-fef34ec5c158,130006265,DREAL Normandie,false,"{14001,14003,14005,14006,14007,14009,14012,14014,14015,14016,14019,14020,14021,14022,14023,14024,14025,14026,14027,14030,14032,14033,14034,14035,14036,14037,14038,14039,14040,14041,14042,14043,14044,14045,14046,14047,14049,14050,14053,14054,14055,14057,14059,14060,14061,14062,14063,14064,14066,14068,14069,14070,14076,14077,14078,14079,14080,14082,14083,14084,14085,14086,14087,14088,14089,14090,14091,14092,14093,14096,14097,14098,14100,14101,14102,14103,14104,14106,14107,14110,14111,14116,14117,14118,14119,14120,14121,14122,14123,14124,14125,14126,14127,14130,14131,14132,14134,14135,14136,14137,14138,14140,14141,14143,14145,14146,14147,14149,14150,14159,14160,14161,14162,14163,14165,14166,14167,14168,14169,14171,14172,14173,14174,14175,14177,14179,14180,14181,14182,14183,14184,14190,14191,14193,14194,14195,14196,14197,14198,14200,14202,14203,14204,14205,14206,14207,14209,14211,14214,14215,14216,14218,14220,14221,14223,14224,14225,14226,14227,14228,14229,14230,14231,14232,14236,14237,14238,14239,14240,14241,14242,14243,14244,14245,14246,14248,14249,14250,14251,14252,14254,14256,14257,14258,14260,14261,14266,14269,14270,14271,14272,14273,14274,14275,14276,14277,14278,14280,14281,14282,14283,14284,14285,14286,14287,14288,14289,14290,14291,14293,14297,14298,14299,14301,14302,14303,14304,14305,14306,14308,14309,14310,14311,14312,14316,14318,14319,14320,14322,14325,14326,14327,14328,14329,14332,14333,14334,14335,14336,14337,14338,14341,14342,14343,14344,14345,14346,14347,14348,14349,14352,14353,14354,14355,14357,14358,14360,14362,14364,14365,14366,14367,14368,14369,14370,14371,14374,14375,14377,14378,14379,14380,14381,14383,14384,14385,14389,14390,14391,14393,14394,14396,14397,14398,14399,14400,14401,14402,14403,14404,14405,14406,14407,14408,14409,14410,14411,14412,14419,14421,14424,14425,14426,14427,14430,14431,14435,14436,14437,14438,14439,14445,14446,14448,14449,14452,14453,14454,14455,14456,14457,14458,14460,14461,14465,14466,14467,14468,14469,14473,14474,14475,14476,14478,14480,14482,14483,14484,14486,14487,14488,14491,14492,14494,14495,14496,14497,14498,14499,14500,14501,14502,14504,14506,14509,14510,14511,14512,14514,14515,14516,14519,14520,14522,14524,14527,14528,14529,14530,14531,14533,14534,14535,14536,14538,14540,14541,14542,14543,14546,14547,14550,14552,14554,14555,14556,14557,14558,14559,14562,14563,14565,14566,14569,14570,14571,14572,14574,14575,14576,14578,14579,14582,14586,14587,14588,14589,14590,14591,14592,14593,14595,14598,14601,14602,14603,14605,14606,14607,14609,14610,14613,14614,14619,14620,14621,14622,14625,14626,14627,14630,14635,14637,14639,14640,14643,14644,14645,14646,14648,14649,14650,14651,14652,14654,14656,14657,14658,14659,14660,14661,14663,14664,14665,14666,14667,14668,14669,14672,14674,14675,14676,14677,14678,14679,14680,14681,14682,14684,14685,14687,14689,14692,14694,14698,14699,14700,14701,14705,14706,14707,14708,14709,14710,14711,14712,14713,14714,14715,14716,14719,14720,14721,14723,14724,14726,14728,14731,14732,14733,14734,14735,14737,14738,14739,14740,14741,14742,14743,14744,14745,14747,14748,14751,14752,14753,14754,14755,14756,14758,14759,14760,14761,14762,14764,27001,27002,27003,27004,27005,27006,27008,27009,27010,27011,27012,27013,27014,27015,27016,27017,27018,27019,27020,27021,27022,27023,27025,27026,27027,27028,27031,27032,27033,27034,27035,27036,27037,27038,27039,27040,27042,27043,27044,27045,27046,27047,27048,27049,27050,27051,27052,27053,27054,27055,27056,27057,27059,27061,27062,27063,27064,27065,27066,27067,27068,27069,27070,27071,27072,27073,27074,27075,27076,27077,27078,27079,27081,27082,27083,27085,27089,27090,27091,27094,27095,27096,27097,27098,27099,27100,27101,27102,27103,27104,27105,27106,27107,27108,27109,27110,27111,27112,27113,27114,27115,27116,27117,27118,27119,27120,27123,27124,27125,27126,27127,27129,27130,27132,27133,27134,27135,27136,27137,27138,27139,27140,27141,27142,27144,27146,27147,27148,27149,27151,27152,27153,27154,27155,27156,27157,27158,27161,27162,27163,27164,27165,27167,27168,27169,27170,27171,27173,27174,27176,27177,27179,27180,27181,27182,27183,27184,27185,27187,27188,27189,27190,27191,27192,27193,27194,27196,27198,27199,27200,27201,27202,27203,27204,27205,27206,27207,27208,27209,27210,27212,27213,27214,27215,27216,27217,27218,27219,27220,27222,27224,27226,27227,27228,27229,27230,27231,27232,27233,27234,27235,27237,27238,27239,27240,27241,27242,27243,27245,27246,27247,27248,27249,27251,27252,27254,27256,27258,27259,27260,27261,27263,27266,27267,27269,27271,27273,27275,27276,27277,27278,27279,27280,27281,27282,27284,27285,27286,27287,27288,27289,27290,27291,27294,27295,27298,27299,27300,27301,27302,27304,27306,27307,27309,27310,27311,27312,27313,27315,27316,27317,27318,27319,27320,27321,27322,27323,27324,27325,27326,27327,27329,27330,27331,27332,27333,27334,27335,27336,27337,27338,27339,27340,27341,27342,27343,27345,27346,27347,27348,27349,27350,27351,27353,27354,27355,27358,27359,27360,27361,27363,27364,27365,27366,27367,27368,27369,27370,27371,27372,27373,27374,27375,27376,27377,27378,27379,27380,27381,27382,27383,27384,27385,27386,27388,27389,27390,27391,27392,27393,27394,27395,27396,27397,27398,27399,27400,27401,27403,27404,27405,27406,27407,27408,27410,27411,27412,27413,27414,27415,27417,27418,27419,27420,27421,27422,27423,27424,27425,27426,27427,27428,27429,27430,27431,27432,27433,27434,27435,27436,27437,27438,27439,27440,27441,27442,27444,27445,27446,27447,27448,27451,27453,27454,27455,27456,27457,27458,27459,27460,27462,27463,27464,27465,27466,27467,27468,27469,27470,27471,27472,27473,27474,27475,27476,27477,27478,27480,27481,27482,27483,27485,27486,27487,27488,27489,27490,27492,27493,27495,27496,27497,27498,27500,27501,27502,27504,27505,27507,27508,27511,27512,27514,27516,27517,27518,27520,27521,27522,27524,27525,27527,27528,27529,27530,27531,27533,27534,27535,27536,27537,27538,27539,27540,27541,27542,27543,27544,27545,27546,27547,27548,27550,27552,27553,27554,27555,27556,27557,27558,27560,27561,27562,27563,27564,27565,27567,27568,27569,27570,27571,27572,27576,27577,27578,27579,27580,27582,27584,27586,27587,27589,27590,27591,27592,27593,27594,27595,27597,27598,27599,27601,27602,27603,27604,27605,27606,27608,27609,27610,27611,27612,27613,27614,27615,27616,27617,27618,27620,27621,27622,27623,27624,27625,27627,27629,27630,27631,27632,27633,27635,27638,27640,27641,27643,27644,27645,27646,27649,27650,27652,27654,27655,27656,27658,27659,27660,27661,27662,27663,27664,27665,27666,27667,27668,27669,27670,27671,27672,27673,27674,27676,27677,27678,27679,27680,27681,27682,27683,27684,27685,27686,27689,27690,27691,27692,27693,27694,27695,27696,27697,27698,27699,27700,27701,50002,50003,50004,50006,50008,50013,50016,50019,50021,50022,50023,50024,50025,50026,50027,50028,50029,50030,50031,50032,50033,50034,50036,50038,50039,50040,50041,50042,50044,50045,50046,50048,50049,50050,50052,50054,50055,50058,50059,50060,50062,50064,50066,50069,50070,50072,50074,50076,50077,50078,50079,50081,50082,50083,50084,50085,50086,50087,50088,50090,50092,50093,50094,50095,50096,50097,50098,50099,50101,50102,50105,50106,50108,50109,50110,50111,50112,50115,50117,50118,50120,50121,50124,50126,50129,50130,50135,50137,50138,50139,50142,50143,50144,50145,50146,50147,50148,50149,50150,50151,50152,50155,50156,50158,50159,50161,50162,50164,50165,50166,50167,50168,50169,50172,50174,50175,50176,50177,50178,50181,50182,50183,50184,50185,50186,50188,50190,50192,50193,50194,50195,50196,50197,50198,50199,50200,50205,50207,50208,50209,50210,50214,50215,50216,50217,50218,50219,50221,50222,50225,50227,50228,50229,50230,50231,50232,50233,50234,50235,50236,50237,50238,50239,50240,50241,50243,50246,50247,50251,50252,50253,50256,50258,50259,50260,50261,50262,50263,50265,50266,50267,50268,50269,50270,50271,50272,50273,50274,50275,50276,50277,50278,50279,50281,50282,50283,50285,50288,50289,50290,50291,50292,50294,50295,50296,50297,50298,50299,50300,50302,50304,50305,50310,50311,50312,50315,50317,50321,50324,50326,50327,50328,50332,50334,50335,50336,50338,50340,50341,50342,50345,50347,50349,50350,50351,50352,50353,50356,50357,50359,50360,50361,50362,50363,50364,50365,50368,50369,50370,50371,50372,50373,50374,50376,50378,50379,50382,50384,50387,50388,50389,50390,50391,50393,50394,50395,50397,50398,50399,50400,50401,50402,50403,50405,50407,50408,50409,50410,50411,50412,50413,50417,50419,50420,50421,50422,50423,50425,50426,50428,50429,50430,50431,50433,50435,50436,50437,50442,50443,50444,50445,50446,50447,50448,50450,50451,50452,50453,50454,50455,50456,50457,50461,50462,50463,50464,50467,50468,50469,50471,50472,50473,50474,50475,50476,50478,50479,50480,50481,50482,50483,50484,50486,50487,50488,50489,50490,50491,50492,50493,50495,50496,50498,50499,50500,50502,50504,50505,50506,50507,50509,50510,50511,50512,50513,50514,50517,50518,50519,50521,50522,50523,50525,50528,50529,50531,50532,50533,50535,50536,50537,50538,50539,50540,50541,50542,50543,50546,50548,50549,50550,50551,50552,50553,50554,50556,50562,50563,50564,50565,50567,50568,50569,50570,50571,50572,50574,50575,50576,50577,50578,50579,50580,50582,50584,50585,50587,50588,50589,50590,50591,50592,50593,50594,50596,50597,50598,50599,50601,50603,50604,50606,50607,50609,50610,50612,50613,50615,50616,50617,50618,50619,50621,50624,50626,50628,50629,50633,50634,50637,50639,50641,50643,50647,50648,61001,61002,61005,61006,61007,61008,61010,61011,61012,61013,61014,61015,61018,61020,61021,61023,61024,61026,61028,61029,61030,61032,61034,61035,61036,61037,61038,61039,61040,61041,61043,61044,61046,61048,61049,61050,61051,61052,61053,61054,61055,61056,61060,61061,61062,61063,61064,61066,61067,61068,61069,61070,61071,61072,61074,61075,61076,61077,61078,61079,61080,61081,61082,61084,61085,61086,61087,61088,61089,61091,61092,61093,61094,61095,61096,61097,61098,61099,61100,61101,61102,61103,61104,61105,61107,61108,61111,61113,61114,61116,61117,61118,61120,61121,61122,61123,61124,61126,61129,61130,61133,61137,61138,61139,61140,61141,61142,61143,61145,61146,61148,61149,61150,61151,61152,61153,61156,61158,61159,61160,61162,61163,61164,61165,61166,61167,61168,61169,61170,61171,61176,61178,61180,61181,61182,61183,61187,61189,61190,61193,61194,61195,61196,61197,61198,61199,61202,61203,61206,61207,61208,61209,61210,61211,61212,61213,61214,61215,61216,61217,61218,61219,61221,61222,61224,61225,61227,61228,61229,61230,61232,61233,61234,61237,61238,61240,61241,61242,61243,61244,61248,61251,61252,61255,61256,61257,61258,61259,61260,61261,61262,61263,61264,61265,61266,61267,61268,61269,61271,61272,61273,61274,61275,61276,61277,61278,61279,61281,61283,61284,61286,61287,61288,61289,61290,61291,61292,61293,61294,61295,61297,61298,61300,61301,61302,61303,61304,61307,61308,61309,61314,61316,61317,61319,61321,61322,61323,61324,61326,61327,61328,61329,61330,61331,61332,61333,61336,61339,61341,61342,61344,61345,61346,61347,61348,61349,61350,61351,61352,61357,61358,61360,61361,61362,61363,61365,61366,61367,61369,61370,61371,61372,61373,61374,61375,61376,61379,61381,61382,61384,61385,61386,61387,61388,61389,61390,61391,61392,61393,61394,61395,61396,61397,61398,61399,61400,61401,61402,61404,61405,61406,61407,61408,61411,61412,61413,61414,61415,61416,61418,61419,61420,61421,61422,61423,61424,61425,61426,61427,61429,61432,61433,61435,61436,61438,61439,61440,61442,61443,61444,61445,61446,61447,61448,61450,61451,61452,61453,61454,61456,61457,61459,61460,61461,61462,61463,61464,61466,61467,61472,61473,61474,61475,61476,61479,61480,61481,61482,61483,61484,61485,61486,61487,61488,61490,61491,61492,61493,61494,61497,61498,61499,61500,61501,61502,61503,61505,61507,61508,61510,61512,76001,76002,76004,76005,76006,76007,76008,76009,76010,76011,76012,76013,76014,76015,76016,76017,76018,76019,76020,76021,76022,76023,76024,76025,76026,76028,76029,76030,76032,76033,76034,76035,76036,76038,76039,76040,76041,76042,76043,76045,76046,76047,76048,76049,76050,76051,76052,76053,76054,76055,76056,76057,76058,76059,76060,76062,76063,76064,76065,76066,76067,76068,76069,76070,76071,76072,76074,76075,76076,76077,76079,76082,76083,76084,76085,76086,76087,76088,76090,76091,76092,76093,76094,76095,76096,76097,76099,76100,76101,76103,76104,76105,76106,76107,76108,76109,76110,76111,76112,76113,76114,76115,76116,76117,76118,76119,76120,76121,76122,76123,76124,76125,76126,76128,76129,76130,76131,76132,76133,76134,76135,76136,76138,76139,76140,76141,76142,76143,76144,76146,76147,76148,76149,76151,76152,76153,76154,76155,76156,76157,76158,76159,76160,76161,76162,76163,76164,76165,76166,76167,76168,76169,76170,76171,76172,76173,76174,76175,76176,76177,76178,76179,76180,76181,76182,76183,76184,76185,76186,76187,76188,76189,76190,76192,76193,76194,76195,76196,76197,76198,76199,76200,76201,76202,76203,76204,76205,76206,76207,76208,76209,76210,76211,76212,76213,76214,76216,76217,76218,76219,76220,76221,76222,76223,76224,76225,76226,76227,76228,76229,76230,76231,76232,76233,76234,76235,76236,76237,76238,76239,76240,76241,76242,76243,76244,76245,76247,76249,76250,76251,76252,76253,76254,76255,76257,76258,76259,76260,76261,76262,76263,76264,76265,76266,76268,76269,76270,76271,76272,76273,76274,76275,76276,76278,76279,76280,76281,76282,76283,76284,76285,76286,76287,76288,76289,76290,76291,76292,76293,76294,76295,76296,76297,76298,76299,76300,76302,76303,76304,76305,76306,76307,76308,76309,76311,76312,76313,76314,76315,76316,76317,76318,76319,76320,76321,76322,76323,76324,76325,76327,76328,76329,76330,76331,76332,76333,76334,76335,76336,76338,76339,76340,76341,76342,76343,76344,76345,76346,76347,76348,76349,76350,76351,76352,76353,76354,76355,76356,76357,76359,76360,76361,76362,76363,76364,76365,76366,76367,76368,76369,76370,76371,76372,76373,76374,76375,76377,76378,76379,76380,76381,76382,76383,76384,76385,76386,76387,76388,76389,76390,76391,76392,76393,76394,76395,76396,76397,76398,76399,76400,76401,76402,76403,76404,76405,76406,76407,76408,76409,76410,76411,76412,76413,76414,76415,76416,76417,76418,76419,76420,76421,76422,76423,76424,76425,76426,76427,76428,76429,76430,76431,76432,76433,76434,76435,76436,76437,76438,76439,76440,76441,76442,76443,76445,76446,76447,76448,76449,76450,76451,76452,76453,76454,76455,76456,76457,76458,76459,76460,76461,76462,76463,76464,76465,76467,76468,76469,76470,76471,76472,76473,76474,76475,76476,76477,76478,76479,76480,76481,76482,76483,76484,76485,76486,76487,76488,76489,76490,76491,76492,76493,76494,76495,76497,76498,76499,76500,76501,76502,76503,76504,76505,76506,76507,76508,76509,76510,76511,76512,76513,76514,76515,76516,76517,76518,76519,76520,76521,76522,76523,76524,76526,76527,76528,76529,76530,76531,76532,76533,76534,76535,76536,76537,76538,76540,76541,76542,76543,76544,76545,76546,76547,76548,76549,76550,76551,76552,76553,76554,76555,76556,76557,76558,76559,76560,76561,76562,76563,76564,76565,76566,76567,76568,76569,76570,76571,76572,76573,76574,76575,76576,76577,76578,76580,76581,76582,76583,76584,76585,76586,76587,76588,76589,76590,76591,76592,76593,76594,76595,76596,76597,76598,76599,76600,76601,76602,76603,76604,76605,76606,76608,76609,76610,76611,76612,76613,76614,76615,76616,76617,76618,76619,76620,76621,76622,76623,76624,76626,76627,76628,76629,76630,76631,76632,76634,76635,76636,76637,76638,76640,76641,76642,76644,76645,76646,76647,76648,76649,76650,76651,76652,76653,76654,76655,76656,76657,76658,76660,76662,76663,76664,76665,76666,76667,76668,76669,76670,76671,76672,76673,76675,76676,76677,76678,76679,76680,76681,76682,76683,76684,76685,76686,76688,76689,76690,76691,76692,76693,76694,76695,76697,76698,76699,76700,76702,76703,76705,76706,76707,76708,76709,76710,76711,76712,76714,76715,76716,76717,76718,76719,76720,76721,76723,76724,76725,76726,76727,76728,76730,76731,76732,76733,76734,76735,76736,76737,76738,76739,76740,76741,76743,76744,76745,76746,76747,76748,76749,76750,76751,76752,76753,76754,76755,76756,76757,76758,76759}",SDER,2026-03-24 14:41:32.274366+01,gold_establishments_2025,,,,13000626500016,2025,Services de l'Etat,Région,"['Calvados', 'Eure', 'Manche', 'Orne', 'Seine-Maritime']",['Normandie'],DREAL,"{14,27,50,61,76}",{28}
ae701bd9-3d49-4403-bdfa-9d54b0107d8f,130010457,DREAL Nouvelle-Aquitaine,false,"{16001,16002,16003,16005,16007,16008,16009,16011,16012,16013,16014,16015,16016,16018,16019,16020,16023,16024,16025,16026,16027,16028,16029,16030,16031,16032,16034,16035,16036,16037,16038,16039,16040,16041,16042,16044,16045,16046,16047,16048,16049,16050,16052,16053,16054,16055,16056,16057,16058,16059,16060,16061,16062,16063,16064,16065,16066,16067,16068,16069,16070,16071,16072,16073,16074,16075,16076,16077,16078,16079,16081,16082,16083,16084,16085,16086,16087,16088,16089,16090,16091,16093,16095,16096,16097,16098,16099,16100,16101,16102,16103,16104,16105,16106,16107,16108,16109,16110,16111,16112,16113,16114,16116,16117,16118,16119,16120,16121,16122,16123,16124,16125,16127,16128,16130,16131,16132,16133,16134,16135,16136,16137,16138,16139,16141,16142,16143,16144,16145,16146,16148,16150,16151,16152,16153,16154,16155,16157,16158,16160,16161,16162,16163,16164,16165,16166,16167,16168,16169,16170,16171,16173,16174,16175,16176,16177,16178,16180,16181,16182,16183,16184,16185,16186,16187,16188,16189,16190,16191,16192,16193,16194,16195,16196,16197,16198,16199,16200,16203,16204,16205,16206,16207,16208,16209,16210,16211,16212,16213,16215,16216,16217,16218,16220,16221,16222,16223,16224,16225,16227,16229,16230,16231,16232,16233,16234,16236,16237,16239,16240,16241,16242,16243,16244,16245,16246,16248,16249,16250,16251,16252,16253,16254,16255,16256,16258,16260,16261,16263,16264,16267,16268,16269,16270,16271,16272,16273,16275,16276,16277,16279,16280,16281,16282,16283,16284,16285,16286,16287,16289,16290,16291,16292,16293,16295,16297,16298,16300,16301,16302,16303,16304,16306,16307,16308,16310,16312,16315,16316,16317,16318,16320,16321,16323,16325,16326,16329,16330,16331,16334,16335,16336,16337,16338,16339,16340,16341,16342,16343,16345,16346,16347,16348,16349,16350,16352,16353,16354,16356,16357,16358,16359,16360,16361,16362,16363,16364,16365,16366,16368,16369,16370,16372,16373,16374,16375,16377,16378,16379,16380,16381,16382,16383,16384,16385,16387,16388,16389,16390,16392,16393,16394,16395,16396,16397,16398,16399,16400,16401,16402,16403,16404,16405,16406,16408,16409,16412,16413,16414,16415,16416,16418,16419,16420,16421,16422,16423,16424,16425,17002,17003,17004,17005,17006,17007,17008,17009,17010,17011,17012,17013,17015,17016,17017,17018,17019,17020,17021,17022,17023,17024,17025,17026,17027,17028,17029,17030,17031,17032,17033,17034,17035,17036,17037,17038,17039,17041,17042,17043,17044,17045,17046,17047,17048,17049,17050,17051,17052,17053,17054,17055,17056,17057,17058,17059,17060,17061,17062,17063,17064,17065,17066,17067,17068,17069,17070,17071,17072,17073,17074,17075,17076,17077,17078,17079,17080,17081,17082,17083,17084,17085,17086,17087,17089,17091,17092,17093,17094,17095,17096,17097,17098,17099,17100,17101,17102,17104,17105,17106,17107,17108,17109,17110,17111,17112,17113,17114,17115,17116,17117,17118,17119,17120,17121,17122,17124,17125,17126,17127,17128,17129,17130,17131,17132,17133,17134,17135,17136,17137,17138,17139,17140,17141,17142,17143,17145,17146,17147,17148,17149,17150,17151,17152,17153,17154,17155,17156,17157,17158,17159,17160,17161,17162,17163,17164,17165,17166,17167,17168,17171,17172,17173,17174,17175,17176,17177,17178,17179,17180,17181,17182,17183,17184,17185,17186,17187,17188,17190,17191,17192,17193,17194,17195,17196,17197,17198,17199,17200,17201,17202,17203,17204,17205,17206,17207,17208,17209,17210,17211,17212,17213,17214,17215,17216,17217,17218,17219,17220,17221,17222,17223,17224,17225,17226,17227,17228,17229,17230,17231,17232,17233,17234,17235,17236,17237,17239,17240,17241,17242,17243,17244,17245,17246,17247,17248,17249,17250,17252,17253,17254,17255,17256,17257,17258,17259,17260,17261,17262,17263,17264,17265,17266,17267,17268,17269,17270,17271,17273,17274,17275,17276,17277,17278,17279,17280,17281,17282,17283,17284,17285,17286,17287,17288,17289,17290,17291,17292,17293,17294,17295,17296,17297,17298,17299,17300,17301,17302,17303,17304,17305,17306,17307,17308,17309,17310,17311,17312,17313,17314,17315,17316,17317,17318,17319,17320,17321,17322,17323,17324,17325,17326,17327,17328,17329,17330,17331,17332,17333,17335,17336,17337,17338,17339,17340,17341,17342,17343,17344,17345,17346,17347,17348,17349,17350,17351,17353,17354,17355,17356,17357,17358,17359,17360,17361,17362,17363,17364,17365,17366,17367,17369,17372,17373,17374,17375,17376,17377,17378,17379,17380,17381,17382,17383,17384,17385,17386,17387,17388,17389,17390,17391,17393,17394,17395,17396,17397,17398,17400,17401,17402,17403,17404,17405,17406,17407,17408,17409,17410,17411,17412,17413,17414,17415,17416,17417,17418,17420,17421,17422,17423,17424,17425,17426,17427,17428,17429,17430,17431,17432,17433,17434,17435,17436,17437,17438,17439,17440,17441,17442,17443,17444,17445,17446,17447,17448,17449,17450,17451,17452,17453,17454,17455,17457,17458,17459,17460,17461,17462,17463,17464,17465,17466,17467,17468,17469,17470,17471,17472,17473,17474,17476,17477,17478,17479,17480,17481,17482,17483,17484,17485,17486,19001,19002,19003,19004,19005,19006,19007,19008,19009,19010,19011,19012,19013,19014,19015,19016,19017,19018,19019,19020,19021,19022,19023,19024,19025,19026,19027,19028,19029,19030,19031,19033,19034,19035,19036,19037,19038,19039,19040,19041,19042,19043,19044,19045,19046,19047,19048,19049,19050,19051,19052,19053,19054,19055,19056,19057,19058,19059,19060,19061,19062,19063,19064,19065,19066,19067,19068,19069,19070,19071,19072,19073,19074,19075,19076,19077,19078,19079,19080,19081,19082,19083,19084,19085,19086,19087,19088,19089,19090,19091,19093,19094,19095,19096,19097,19098,19099,19100,19101,19102,19103,19104,19105,19106,19107,19108,19109,19110,19111,19112,19113,19114,19115,19116,19117,19118,19119,19120,19121,19122,19123,19124,19125,19126,19128,19129,19130,19131,19132,19133,19134,19135,19136,19137,19138,19139,19140,19141,19142,19143,19144,19145,19146,19147,19148,19149,19150,19151,19152,19153,19154,19155,19156,19157,19158,19159,19160,19161,19162,19163,19164,19165,19166,19167,19168,19169,19170,19171,19172,19173,19174,19175,19176,19177,19178,19179,19180,19181,19182,19184,19186,19187,19188,19189,19190,19191,19192,19193,19194,19195,19196,19198,19199,19200,19201,19202,19203,19204,19205,19206,19207,19208,19209,19210,19211,19212,19213,19214,19215,19216,19217,19219,19220,19221,19222,19225,19226,19227,19228,19229,19231,19232,19233,19234,19235,19236,19237,19238,19239,19240,19241,19242,19243,19244,19245,19246,19247,19248,19249,19250,19251,19252,19253,19254,19255,19256,19257,19258,19259,19260,19261,19262,19263,19264,19265,19266,19268,19269,19270,19271,19272,19273,19274,19275,19276,19277,19278,19279,19280,19281,19283,19284,19285,19286,19287,19288,19289,23001,23002,23003,23004,23005,23006,23007,23008,23009,23010,23011,23012,23013,23014,23015,23016,23017,23018,23019,23020,23021,23022,23024,23025,23026,23027,23028,23029,23030,23031,23032,23033,23034,23035,23036,23037,23038,23039,23040,23041,23042,23043,23044,23045,23046,23047,23048,23049,23050,23051,23052,23053,23054,23055,23056,23057,23058,23059,23060,23061,23062,23063,23064,23065,23066,23067,23068,23069,23070,23071,23072,23073,23074,23075,23076,23077,23078,23079,23080,23081,23082,23083,23084,23086,23087,23088,23089,23090,23091,23092,23093,23095,23096,23097,23098,23099,23100,23101,23102,23103,23104,23105,23106,23107,23108,23109,23110,23111,23112,23113,23114,23115,23116,23117,23118,23119,23120,23122,23123,23124,23125,23127,23128,23129,23130,23131,23132,23133,23134,23136,23137,23138,23139,23140,23141,23142,23143,23144,23145,23146,23147,23148,23149,23150,23151,23152,23154,23155,23156,23157,23158,23159,23160,23162,23164,23165,23166,23167,23168,23169,23170,23171,23172,23173,23174,23175,23176,23177,23178,23179,23180,23181,23182,23183,23184,23185,23186,23187,23188,23189,23190,23191,23192,23193,23194,23195,23196,23197,23198,23199,23200,23201,23202,23203,23204,23205,23206,23207,23208,23209,23210,23211,23212,23213,23214,23215,23216,23217,23218,23219,23220,23221,23222,23223,23224,23225,23226,23227,23228,23229,23230,23232,23233,23234,23235,23236,23237,23238,23239,23240,23241,23242,23243,23244,23245,23246,23247,23248,23249,23250,23251,23252,23253,23254,23255,23257,23258,23259,23260,23261,23262,23263,23264,23265,23266,24001,24002,24004,24005,24006,24007,24008,24009,24010,24011,24012,24014,24015,24016,24018,24019,24020,24021,24022,24023,24024,24025,24026,24027,24028,24029,24030,24031,24032,24034,24035,24036,24037,24038,24039,24040,24042,24043,24045,24046,24048,24050,24051,24052,24053,24054,24055,24056,24057,24058,24059,24060,24061,24062,24063,24064,24066,24067,24068,24069,24070,24071,24073,24074,24075,24076,24077,24080,24081,24082,24083,24084,24085,24086,24087,24088,24090,24091,24094,24095,24096,24097,24098,24100,24101,24102,24104,24105,24106,24107,24108,24109,24110,24111,24113,24114,24115,24116,24117,24119,24120,24121,24122,24123,24124,24126,24128,24129,24130,24131,24132,24133,24134,24135,24136,24137,24138,24139,24140,24141,24142,24143,24144,24145,24146,24147,24148,24150,24151,24152,24153,24154,24155,24156,24157,24158,24159,24160,24161,24162,24163,24164,24165,24167,24168,24171,24172,24174,24175,24176,24177,24179,24180,24182,24183,24184,24186,24188,24189,24190,24191,24192,24193,24194,24195,24196,24197,24199,24200,24202,24205,24206,24207,24208,24209,24210,24211,24212,24213,24214,24215,24216,24217,24218,24220,24221,24222,24223,24224,24225,24226,24227,24228,24229,24230,24231,24232,24234,24236,24237,24238,24240,24241,24242,24243,24244,24245,24246,24247,24248,24251,24252,24253,24254,24255,24256,24257,24259,24260,24261,24262,24263,24264,24266,24267,24268,24269,24271,24272,24273,24274,24276,24277,24278,24279,24280,24281,24282,24284,24285,24286,24287,24288,24289,24290,24291,24292,24293,24294,24295,24296,24297,24299,24300,24301,24302,24303,24304,24305,24306,24307,24308,24309,24311,24312,24313,24316,24317,24318,24319,24320,24321,24322,24323,24324,24325,24326,24327,24328,24329,24330,24331,24334,24335,24336,24337,24338,24339,24340,24341,24345,24346,24347,24348,24349,24350,24351,24352,24353,24354,24355,24356,24357,24359,24360,24361,24362,24364,24365,24366,24367,24370,24371,24372,24373,24374,24375,24376,24377,24378,24379,24380,24381,24382,24383,24384,24385,24386,24388,24390,24392,24393,24394,24395,24396,24397,24398,24399,24401,24403,24404,24405,24406,24407,24408,24409,24410,24411,24412,24413,24414,24415,24416,24417,24418,24419,24420,24421,24422,24423,24424,24425,24426,24428,24429,24432,24434,24436,24437,24438,24441,24442,24443,24444,24445,24446,24448,24449,24450,24451,24452,24453,24454,24455,24456,24457,24458,24459,24460,24461,24462,24463,24464,24465,24466,24468,24470,24471,24472,24473,24474,24476,24477,24478,24479,24480,24481,24482,24483,24484,24485,24486,24487,24488,24489,24490,24491,24492,24493,24494,24495,24496,24498,24499,24500,24501,24502,24504,24505,24507,24508,24509,24510,24511,24512,24513,24514,24515,24516,24517,24518,24519,24520,24521,24522,24523,24524,24525,24526,24527,24528,24529,24531,24532,24533,24534,24535,24536,24537,24538,24540,24541,24542,24543,24544,24545,24546,24547,24548,24549,24550,24551,24552,24553,24554,24555,24557,24558,24559,24560,24562,24563,24564,24565,24566,24567,24568,24569,24570,24571,24572,24573,24574,24575,24576,24577,24580,24581,24582,24584,24585,24586,24587,33001,33002,33003,33004,33005,33006,33007,33008,33009,33010,33011,33012,33013,33014,33015,33016,33017,33018,33019,33020,33021,33022,33023,33024,33025,33026,33027,33028,33029,33030,33031,33032,33033,33034,33035,33036,33037,33038,33039,33040,33042,33043,33044,33045,33046,33047,33048,33049,33050,33051,33052,33053,33054,33055,33056,33057,33058,33059,33060,33061,33062,33063,33064,33065,33066,33067,33068,33069,33070,33071,33072,33073,33074,33075,33076,33077,33078,33079,33080,33081,33082,33083,33084,33085,33086,33087,33088,33089,33090,33093,33094,33095,33096,33097,33098,33099,33100,33101,33102,33103,33104,33105,33106,33108,33109,33111,33112,33113,33114,33115,33116,33117,33118,33119,33120,33121,33122,33123,33124,33125,33126,33127,33128,33129,33130,33131,33132,33133,33134,33135,33136,33137,33138,33139,33140,33141,33142,33143,33144,33145,33146,33147,33148,33149,33150,33151,33152,33153,33154,33155,33156,33157,33158,33159,33160,33161,33162,33163,33164,33165,33166,33167,33168,33169,33170,33171,33172,33173,33174,33175,33176,33177,33178,33179,33180,33181,33182,33183,33184,33185,33186,33187,33188,33189,33190,33191,33192,33193,33194,33195,33196,33197,33198,33199,33200,33201,33202,33203,33204,33205,33206,33207,33208,33209,33210,33211,33212,33213,33214,33215,33216,33218,33219,33220,33221,33222,33223,33224,33225,33226,33227,33228,33229,33230,33231,33232,33233,33234,33235,33236,33237,33238,33239,33240,33241,33242,33243,33244,33245,33246,33247,33248,33249,33250,33251,33252,33253,33254,33255,33256,33257,33258,33259,33260,33261,33262,33263,33264,33266,33268,33269,33270,33271,33272,33273,33274,33275,33276,33277,33278,33279,33280,33281,33282,33283,33284,33285,33287,33288,33289,33290,33291,33292,33293,33294,33295,33296,33297,33298,33299,33300,33301,33302,33303,33304,33305,33306,33307,33308,33309,33310,33311,33312,33314,33315,33316,33317,33318,33319,33320,33321,33322,33323,33324,33325,33326,33327,33328,33329,33330,33331,33332,33333,33334,33335,33336,33337,33339,33341,33342,33343,33344,33345,33346,33347,33348,33349,33350,33351,33352,33353,33354,33355,33356,33357,33358,33359,33360,33361,33362,33363,33364,33365,33366,33367,33369,33370,33372,33373,33374,33375,33376,33377,33378,33379,33380,33381,33382,33383,33384,33385,33386,33387,33388,33389,33390,33391,33392,33393,33394,33395,33396,33397,33398,33399,33400,33401,33402,33403,33404,33405,33406,33407,33408,33411,33412,33413,33414,33415,33416,33417,33418,33419,33420,33421,33422,33423,33424,33425,33426,33427,33428,33429,33431,33432,33433,33434,33435,33436,33437,33438,33439,33440,33441,33442,33443,33444,33445,33446,33447,33448,33449,33450,33451,33452,33453,33454,33456,33457,33458,33459,33460,33461,33462,33463,33464,33465,33466,33467,33468,33470,33471,33472,33473,33474,33475,33476,33477,33478,33479,33480,33481,33482,33483,33484,33485,33486,33487,33488,33489,33490,33491,33492,33493,33494,33496,33498,33499,33500,33501,33502,33503,33504,33505,33506,33507,33508,33509,33510,33511,33512,33513,33514,33515,33516,33517,33518,33519,33520,33521,33522,33523,33524,33525,33526,33527,33528,33529,33530,33531,33532,33533,33534,33535,33536,33537,33538,33539,33540,33541,33542,33543,33544,33545,33546,33547,33548,33549,33550,33551,33552,33553,33554,33555,40001,40002,40003,40004,40005,40006,40007,40008,40011,40012,40013,40014,40015,40016,40017,40018,40019,40020,40021,40022,40023,40024,40025,40026,40027,40028,40029,40030,40031,40032,40033,40034,40035,40036,40037,40038,40039,40040,40041,40042,40043,40044,40046,40047,40049,40050,40051,40052,40053,40054,40055,40056,40057,40058,40059,40060,40061,40062,40063,40064,40065,40066,40067,40068,40069,40070,40071,40072,40073,40074,40075,40076,40077,40078,40079,40080,40081,40082,40083,40084,40085,40086,40087,40088,40089,40090,40091,40092,40093,40094,40095,40096,40097,40098,40099,40100,40101,40102,40103,40104,40105,40106,40108,40109,40110,40111,40112,40113,40114,40115,40116,40117,40118,40119,40120,40121,40122,40123,40124,40125,40126,40127,40128,40129,40130,40131,40132,40133,40134,40135,40136,40137,40138,40139,40140,40141,40142,40143,40144,40145,40146,40147,40148,40149,40150,40151,40152,40153,40154,40155,40156,40157,40158,40159,40160,40161,40162,40163,40164,40165,40166,40167,40168,40169,40170,40171,40172,40173,40174,40175,40176,40177,40178,40179,40180,40181,40182,40183,40184,40185,40186,40187,40188,40189,40190,40191,40192,40193,40194,40195,40196,40197,40198,40199,40200,40201,40202,40203,40204,40205,40206,40207,40208,40209,40210,40211,40212,40213,40214,40215,40216,40217,40218,40219,40220,40221,40222,40223,40224,40225,40226,40227,40228,40229,40230,40231,40232,40233,40234,40235,40236,40237,40238,40239,40240,40242,40243,40244,40245,40246,40247,40248,40249,40250,40251,40252,40253,40254,40255,40256,40257,40258,40259,40260,40261,40262,40263,40264,40265,40266,40267,40268,40269,40270,40271,40272,40273,40274,40275,40276,40277,40278,40279,40280,40281,40282,40283,40284,40285,40286,40287,40288,40289,40290,40291,40292,40293,40294,40295,40296,40297,40298,40299,40300,40301,40303,40304,40305,40306,40307,40308,40309,40310,40311,40312,40313,40314,40315,40316,40317,40318,40319,40320,40321,40322,40323,40324,40325,40326,40327,40328,40329,40330,40331,40332,40333,40334,47001,47002,47003,47004,47005,47006,47007,47008,47009,47010,47011,47012,47013,47014,47015,47016,47017,47018,47019,47020,47021,47022,47023,47024,47025,47026,47027,47028,47029,47030,47031,47032,47033,47034,47035,47036,47037,47038,47039,47040,47041,47042,47043,47044,47045,47046,47047,47048,47049,47050,47051,47052,47053,47054,47055,47056,47057,47058,47059,47060,47061,47062,47063,47064,47065,47066,47067,47068,47069,47070,47071,47072,47073,47074,47075,47076,47077,47078,47079,47080,47081,47082,47083,47084,47085,47086,47087,47088,47089,47090,47091,47092,47093,47094,47095,47096,47097,47098,47099,47100,47101,47102,47103,47104,47105,47106,47107,47108,47109,47110,47111,47112,47113,47114,47115,47117,47118,47119,47120,47121,47122,47123,47124,47125,47126,47127,47128,47129,47130,47131,47132,47133,47134,47135,47136,47137,47138,47139,47140,47141,47142,47143,47144,47145,47146,47147,47148,47150,47151,47152,47154,47155,47156,47157,47158,47159,47160,47161,47162,47163,47164,47165,47167,47168,47169,47170,47171,47172,47173,47174,47175,47176,47177,47178,47179,47180,47181,47182,47183,47184,47185,47186,47187,47188,47189,47190,47191,47192,47193,47194,47195,47196,47197,47198,47199,47200,47201,47202,47203,47204,47205,47206,47207,47208,47209,47210,47211,47212,47213,47214,47215,47216,47217,47218,47219,47220,47221,47222,47223,47224,47225,47226,47227,47228,47229,47230,47231,47232,47233,47234,47235,47236,47237,47238,47239,47240,47241,47242,47244,47245,47246,47247,47248,47249,47250,47251,47252,47253,47254,47255,47256,47257,47258,47259,47260,47262,47263,47264,47265,47266,47267,47269,47271,47272,47273,47274,47275,47276,47277,47278,47279,47280,47281,47282,47283,47284,47285,47286,47287,47288,47289,47290,47291,47292,47293,47294,47295,47296,47297,47298,47299,47300,47301,47302,47303,47304,47305,47306,47307,47308,47309,47310,47311,47312,47313,47314,47315,47316,47317,47318,47319,47320,47321,47323,47324,47325,47326,47327,47328,64001,64002,64003,64004,64005,64006,64007,64008,64009,64010,64011,64012,64013,64014,64015,64016,64017,64018,64019,64021,64022,64023,64024,64025,64026,64027,64028,64029,64031,64032,64033,64034,64035,64036,64037,64038,64039,64040,64041,64042,64043,64044,64045,64046,64047,64048,64049,64050,64051,64052,64053,64054,64056,64057,64058,64059,64060,64061,64062,64063,64064,64065,64066,64067,64068,64069,64070,64071,64072,64073,64074,64075,64077,64078,64079,64080,64081,64082,64083,64084,64085,64086,64087,64088,64089,64090,64091,64092,64093,64094,64095,64096,64097,64098,64099,64100,64101,64102,64103,64104,64105,64106,64107,64108,64109,64110,64111,64112,64113,64114,64115,64116,64117,64118,64119,64120,64121,64122,64123,64124,64125,64126,64127,64128,64129,64130,64131,64132,64133,64134,64135,64136,64137,64138,64139,64140,64141,64142,64143,64144,64145,64146,64147,64148,64149,64150,64151,64152,64153,64154,64155,64156,64157,64158,64159,64160,64161,64162,64165,64166,64167,64168,64170,64171,64172,64173,64174,64175,64176,64177,64178,64179,64180,64181,64182,64183,64184,64185,64186,64187,64188,64189,64190,64191,64192,64193,64194,64195,64196,64197,64198,64199,64200,64201,64202,64203,64204,64205,64206,64207,64208,64209,64210,64211,64212,64213,64214,64215,64216,64217,64218,64219,64220,64221,64222,64223,64224,64225,64226,64227,64228,64229,64230,64231,64232,64233,64234,64235,64236,64237,64238,64239,64240,64241,64242,64243,64244,64245,64246,64247,64249,64250,64251,64252,64253,64254,64255,64256,64257,64258,64259,64260,64261,64262,64263,64264,64265,64266,64267,64268,64269,64270,64271,64272,64273,64274,64275,64276,64277,64279,64280,64281,64282,64283,64284,64285,64286,64287,64288,64289,64290,64291,64292,64293,64294,64295,64296,64297,64298,64299,64300,64301,64302,64303,64304,64305,64306,64307,64308,64309,64310,64311,64312,64313,64314,64315,64316,64317,64318,64319,64320,64321,64322,64323,64324,64325,64326,64327,64328,64329,64330,64331,64332,64334,64335,64336,64337,64338,64339,64340,64341,64342,64343,64344,64345,64346,64347,64348,64349,64350,64351,64352,64353,64354,64355,64356,64357,64358,64359,64360,64361,64362,64363,64364,64365,64366,64367,64368,64369,64370,64371,64372,64373,64374,64375,64376,64377,64378,64379,64380,64381,64382,64383,64385,64386,64387,64388,64389,64390,64391,64392,64393,64394,64395,64396,64397,64398,64399,64400,64401,64403,64404,64405,64406,64407,64408,64409,64410,64411,64412,64413,64414,64415,64416,64417,64418,64419,64420,64421,64422,64423,64424,64425,64426,64427,64428,64429,64430,64431,64432,64433,64434,64435,64436,64437,64438,64439,64440,64441,64442,64443,64444,64445,64446,64447,64448,64449,64450,64451,64452,64453,64454,64455,64456,64457,64458,64459,64460,64461,64462,64463,64464,64465,64466,64467,64468,64469,64470,64471,64472,64473,64474,64475,64476,64477,64478,64479,64480,64481,64482,64483,64484,64485,64486,64487,64488,64489,64490,64491,64492,64493,64494,64495,64496,64498,64499,64500,64501,64502,64503,64504,64505,64506,64507,64508,64509,64510,64511,64512,64513,64514,64515,64516,64517,64518,64519,64520,64521,64522,64523,64524,64525,64526,64527,64528,64529,64530,64531,64532,64533,64534,64535,64536,64537,64538,64539,64540,64542,64543,64544,64545,64546,64547,64548,64549,64550,64551,64552,64554,64555,64556,64557,64558,64559,64560,79001,79002,79003,79005,79007,79008,79009,79010,79012,79013,79014,79015,79016,79018,79019,79020,79022,79023,79024,79025,79029,79030,79031,79032,79034,79038,79040,79042,79046,79047,79048,79049,79050,79055,79056,79057,79058,79059,79061,79062,79063,79064,79066,79069,79070,79071,79074,79076,79077,79078,79079,79080,79081,79083,79084,79085,79086,79087,79088,79089,79090,79091,79092,79094,79095,79096,79100,79101,79102,79103,79104,79105,79106,79108,79109,79111,79112,79114,79115,79116,79117,79118,79119,79120,79121,79122,79123,79124,79125,79126,79127,79128,79129,79130,79131,79132,79133,79134,79135,79136,79137,79139,79140,79141,79142,79144,79145,79147,79148,79149,79150,79152,79153,79154,79156,79157,79158,79159,79160,79161,79162,79163,79164,79165,79166,79167,79170,79172,79174,79175,79176,79177,79179,79183,79184,79185,79189,79190,79191,79195,79196,79197,79198,79200,79201,79202,79203,79204,79207,79208,79209,79210,79213,79215,79216,79217,79218,79220,79223,79225,79226,79229,79230,79231,79235,79236,79238,79239,79241,79242,79243,79244,79246,79249,79250,79251,79252,79253,79254,79255,79256,79257,79258,79259,79263,79265,79267,79268,79269,79270,79271,79273,79274,79276,79277,79278,79280,79281,79283,79284,79285,79286,79289,79290,79293,79294,79295,79297,79298,79299,79300,79301,79302,79303,79304,79306,79307,79308,79309,79310,79311,79312,79313,79316,79319,79320,79322,79326,79329,79331,79332,79334,79335,79336,79337,79338,79339,79340,79341,79342,79343,79345,79346,79347,79348,79349,79350,79351,79352,79354,79355,79357,86001,86002,86003,86004,86005,86006,86007,86008,86009,86010,86011,86012,86013,86014,86015,86016,86017,86018,86019,86020,86022,86023,86024,86025,86026,86027,86028,86029,86031,86032,86034,86035,86036,86037,86038,86039,86040,86041,86042,86044,86045,86046,86047,86048,86049,86050,86051,86052,86053,86054,86055,86058,86059,86061,86062,86063,86064,86065,86066,86068,86069,86070,86072,86073,86074,86075,86076,86077,86078,86079,86080,86081,86082,86083,86084,86085,86086,86087,86088,86089,86090,86091,86092,86093,86094,86095,86096,86097,86098,86099,86100,86102,86103,86104,86105,86106,86107,86108,86109,86110,86111,86112,86113,86114,86115,86116,86117,86118,86119,86120,86121,86122,86123,86124,86125,86126,86127,86128,86129,86130,86131,86132,86133,86134,86135,86136,86137,86138,86139,86140,86141,86142,86143,86144,86145,86147,86148,86149,86150,86151,86152,86153,86154,86156,86157,86158,86159,86160,86161,86162,86163,86164,86165,86167,86169,86170,86171,86172,86173,86174,86175,86176,86177,86178,86180,86181,86182,86183,86184,86186,86187,86189,86190,86191,86192,86193,86194,86195,86196,86197,86198,86200,86201,86202,86203,86204,86205,86206,86207,86209,86210,86211,86213,86214,86217,86218,86220,86221,86222,86223,86224,86225,86226,86227,86228,86229,86230,86233,86234,86235,86236,86237,86239,86241,86242,86244,86245,86246,86247,86248,86249,86250,86252,86253,86254,86255,86256,86257,86258,86260,86261,86262,86263,86264,86265,86266,86268,86269,86270,86271,86272,86273,86274,86275,86276,86279,86280,86281,86284,86285,86286,86287,86288,86289,86290,86291,86292,86293,86294,86295,86296,86297,86298,86299,86300,87001,87002,87003,87004,87005,87006,87007,87008,87009,87011,87012,87013,87014,87015,87016,87017,87018,87019,87020,87021,87022,87023,87024,87025,87027,87028,87029,87030,87031,87032,87033,87034,87035,87036,87037,87038,87039,87040,87041,87042,87043,87044,87045,87046,87047,87048,87049,87050,87051,87052,87053,87054,87056,87057,87058,87059,87060,87061,87062,87063,87064,87065,87066,87067,87068,87069,87070,87071,87072,87073,87074,87075,87076,87077,87078,87079,87080,87081,87082,87083,87084,87085,87086,87087,87088,87089,87090,87091,87092,87093,87094,87095,87096,87097,87099,87100,87101,87103,87104,87105,87106,87107,87108,87109,87110,87111,87112,87113,87114,87115,87116,87117,87118,87119,87120,87121,87122,87123,87124,87125,87126,87127,87128,87129,87130,87131,87132,87133,87134,87135,87137,87138,87139,87140,87141,87142,87143,87144,87145,87146,87147,87148,87149,87150,87151,87152,87153,87154,87155,87156,87157,87158,87159,87160,87161,87162,87163,87164,87165,87166,87167,87168,87169,87170,87172,87174,87176,87177,87178,87179,87180,87181,87182,87183,87185,87186,87187,87188,87189,87190,87191,87192,87193,87194,87195,87197,87198,87199,87200,87201,87202,87203,87204,87205,87206}",SDER,2026-03-24 14:41:32.274366+01,gold_establishments_2025,,,,13001045700013,2025,Services de l'Etat,Région,"['Charente', 'Charente-Maritime', 'Corrèze', 'Creuse', 'Dordogne', 'Gironde', 'Landes', 'Lot-et-Garo",['Nouvelle-Aquitaine'],DREAL,"{16,17,19,23,24,33,40,47,64,79,86,87}",{75}
f23d1043-7433-4144-b3de-38e36faefc86,130006091,DREAL Occitanie,false,"{09001,09002,09003,09004,09005,09006,09007,09008,09009,09011,09012,09013,09014,09015,09016,09017,09018,09019,09020,09021,09022,09023,09024,09025,09026,09027,09029,09030,09031,09032,09033,09034,09035,09037,09038,09039,09040,09041,09042,09043,09044,09045,09046,09047,09048,09049,09050,09051,09052,09053,09054,09055,09056,09057,09058,09059,09060,09061,09062,09063,09064,09065,09066,09067,09068,09069,09070,09071,09072,09073,09074,09075,09076,09077,09078,09079,09080,09081,09082,09083,09084,09085,09086,09087,09088,09089,09090,09091,09092,09093,09094,09095,09096,09097,09098,09099,09100,09101,09102,09103,09104,09105,09106,09107,09108,09109,09110,09111,09113,09114,09115,09116,09117,09118,09119,09120,09121,09122,09123,09124,09125,09126,09127,09128,09129,09130,09131,09132,09133,09134,09136,09137,09138,09139,09140,09141,09142,09143,09145,09146,09147,09148,09149,09150,09151,09152,09153,09154,09155,09156,09157,09158,09159,09160,09161,09162,09163,09164,09165,09166,09167,09168,09169,09170,09171,09172,09173,09174,09175,09176,09177,09178,09179,09180,09181,09182,09183,09184,09185,09186,09187,09188,09189,09190,09192,09193,09194,09195,09196,09197,09198,09199,09200,09201,09202,09203,09204,09205,09206,09207,09208,09209,09210,09211,09212,09213,09214,09215,09216,09217,09218,09219,09220,09221,09222,09223,09224,09225,09226,09227,09228,09229,09230,09231,09232,09233,09234,09235,09236,09237,09238,09239,09240,09241,09242,09243,09244,09245,09246,09247,09249,09250,09251,09252,09253,09254,09256,09257,09258,09259,09260,09261,09262,09263,09264,09265,09266,09267,09268,09269,09270,09271,09272,09273,09274,09275,09276,09277,09279,09280,09281,09282,09283,09284,09285,09289,09290,09291,09292,09293,09294,09295,09296,09297,09298,09299,09300,09301,09303,09304,09305,09306,09307,09308,09309,09310,09311,09312,09313,09314,09315,09316,09318,09319,09320,09321,09322,09323,09324,09325,09326,09327,09328,09329,09330,09331,09332,09334,09335,09336,09338,09339,09340,09341,09342,11001,11002,11003,11004,11005,11006,11007,11008,11009,11010,11011,11012,11013,11014,11015,11016,11017,11018,11019,11020,11021,11022,11023,11024,11025,11026,11027,11028,11029,11030,11031,11032,11033,11034,11035,11036,11037,11038,11039,11040,11041,11042,11043,11044,11045,11046,11047,11048,11049,11051,11052,11053,11054,11055,11056,11057,11058,11059,11060,11061,11062,11063,11064,11065,11066,11067,11068,11069,11070,11071,11072,11073,11074,11075,11076,11077,11078,11079,11080,11081,11082,11083,11084,11085,11086,11087,11088,11089,11090,11091,11092,11093,11094,11095,11096,11098,11099,11100,11101,11102,11103,11104,11105,11106,11107,11108,11109,11110,11111,11112,11113,11114,11115,11116,11117,11118,11119,11120,11121,11122,11123,11124,11125,11126,11127,11128,11129,11130,11131,11132,11133,11134,11135,11136,11137,11138,11139,11140,11141,11142,11143,11144,11145,11146,11147,11148,11149,11150,11151,11152,11153,11154,11155,11156,11157,11158,11159,11160,11161,11162,11163,11164,11165,11166,11167,11168,11169,11170,11172,11173,11174,11175,11176,11177,11178,11179,11180,11181,11182,11183,11184,11185,11186,11187,11188,11189,11190,11191,11192,11193,11194,11195,11196,11197,11198,11199,11200,11201,11202,11203,11204,11205,11206,11207,11208,11209,11210,11211,11212,11213,11214,11215,11216,11217,11218,11219,11220,11221,11222,11223,11224,11225,11226,11227,11228,11229,11230,11231,11232,11233,11234,11235,11236,11238,11239,11240,11241,11242,11243,11244,11245,11246,11247,11248,11249,11250,11251,11252,11253,11254,11255,11256,11257,11258,11259,11260,11261,11262,11263,11264,11265,11266,11267,11268,11269,11270,11271,11272,11273,11274,11275,11276,11277,11278,11279,11280,11281,11282,11283,11284,11285,11286,11287,11288,11289,11290,11291,11292,11293,11294,11295,11296,11297,11299,11300,11301,11302,11303,11304,11305,11306,11307,11308,11309,11310,11311,11312,11313,11314,11315,11316,11317,11318,11319,11320,11321,11322,11323,11324,11325,11326,11327,11328,11330,11331,11332,11333,11334,11335,11336,11337,11338,11339,11340,11341,11342,11343,11344,11345,11346,11347,11348,11350,11351,11352,11353,11354,11355,11356,11357,11358,11359,11360,11361,11362,11363,11364,11365,11366,11367,11368,11369,11370,11371,11372,11373,11374,11375,11376,11377,11378,11379,11380,11381,11382,11383,11384,11385,11386,11387,11388,11389,11390,11391,11392,11393,11394,11395,11396,11397,11398,11399,11400,11401,11402,11404,11405,11406,11407,11408,11409,11410,11411,11412,11413,11414,11415,11416,11417,11418,11419,11420,11421,11422,11423,11424,11425,11426,11427,11428,11429,11430,11431,11432,11433,11434,11435,11436,11437,11438,11439,11440,11441,12001,12002,12003,12004,12006,12007,12008,12009,12010,12011,12012,12013,12015,12016,12017,12018,12019,12021,12022,12023,12024,12025,12026,12027,12028,12029,12030,12031,12032,12033,12034,12035,12036,12037,12038,12039,12041,12042,12043,12044,12045,12046,12047,12048,12049,12050,12051,12052,12053,12054,12055,12056,12057,12058,12059,12060,12061,12062,12063,12064,12065,12066,12067,12068,12069,12070,12071,12072,12073,12074,12075,12077,12078,12079,12080,12082,12083,12084,12085,12086,12088,12089,12090,12091,12092,12093,12094,12095,12096,12097,12098,12099,12100,12101,12102,12103,12104,12105,12106,12107,12108,12109,12110,12111,12113,12115,12116,12118,12119,12120,12121,12122,12124,12125,12127,12128,12129,12130,12131,12133,12134,12135,12136,12137,12138,12139,12140,12141,12142,12143,12144,12145,12146,12147,12148,12149,12150,12151,12152,12153,12154,12155,12156,12157,12158,12159,12160,12161,12162,12163,12164,12165,12166,12167,12168,12169,12170,12171,12172,12174,12175,12176,12177,12178,12179,12180,12181,12182,12183,12184,12185,12186,12187,12188,12189,12190,12191,12192,12193,12194,12195,12197,12198,12199,12200,12201,12202,12203,12204,12205,12206,12207,12208,12209,12210,12211,12212,12213,12214,12215,12216,12217,12219,12220,12221,12222,12223,12224,12225,12226,12227,12228,12229,12230,12231,12232,12233,12234,12235,12236,12237,12238,12239,12240,12241,12242,12243,12244,12246,12247,12248,12249,12250,12251,12252,12253,12254,12255,12256,12257,12258,12259,12260,12261,12262,12263,12264,12265,12266,12267,12268,12269,12270,12272,12273,12274,12275,12276,12277,12278,12280,12281,12282,12283,12284,12286,12287,12288,12289,12290,12291,12292,12293,12294,12295,12296,12297,12298,12299,12300,12301,12303,12305,12307,30001,30002,30003,30004,30005,30006,30007,30008,30009,30010,30011,30012,30013,30014,30015,30016,30017,30018,30019,30020,30021,30022,30023,30024,30025,30026,30027,30028,30029,30030,30031,30032,30033,30034,30035,30036,30037,30038,30039,30040,30041,30042,30043,30044,30045,30046,30047,30048,30049,30050,30051,30052,30053,30054,30055,30056,30057,30058,30059,30060,30061,30062,30064,30065,30066,30067,30068,30069,30070,30071,30072,30073,30074,30075,30076,30077,30079,30080,30081,30082,30083,30084,30085,30086,30087,30088,30089,30090,30091,30092,30093,30095,30096,30097,30098,30099,30100,30101,30102,30103,30104,30105,30106,30107,30108,30109,30110,30111,30112,30113,30114,30115,30116,30117,30119,30120,30121,30122,30123,30124,30125,30126,30127,30128,30129,30130,30131,30132,30133,30134,30135,30136,30137,30138,30139,30140,30141,30142,30143,30144,30145,30146,30147,30148,30149,30150,30151,30152,30153,30154,30155,30156,30158,30159,30160,30161,30162,30163,30164,30165,30166,30167,30168,30169,30170,30171,30172,30173,30174,30175,30176,30177,30178,30179,30180,30181,30182,30183,30184,30185,30186,30187,30188,30189,30191,30192,30193,30194,30195,30196,30197,30198,30199,30200,30201,30202,30203,30204,30205,30206,30207,30208,30209,30210,30211,30212,30213,30214,30215,30216,30217,30218,30219,30220,30221,30222,30223,30224,30225,30226,30227,30228,30229,30230,30231,30232,30233,30234,30235,30236,30237,30238,30239,30240,30241,30242,30243,30244,30245,30246,30247,30248,30249,30250,30251,30252,30253,30254,30255,30256,30257,30258,30259,30260,30261,30262,30263,30264,30265,30266,30267,30268,30269,30270,30271,30272,30273,30274,30275,30276,30277,30278,30279,30280,30281,30282,30283,30284,30285,30286,30287,30288,30289,30290,30291,30292,30293,30294,30295,30296,30297,30298,30299,30300,30301,30302,30303,30304,30305,30306,30307,30308,30309,30310,30311,30312,30313,30314,30315,30316,30317,30318,30319,30320,30321,30322,30323,30324,30325,30326,30327,30328,30329,30330,30331,30332,30333,30334,30335,30336,30337,30338,30339,30340,30341,30342,30343,30344,30345,30346,30347,30348,30349,30350,30351,30352,30353,30354,30355,30356,31001,31002,31003,31004,31005,31006,31007,31008,31009,31010,31011,31012,31013,31014,31015,31017,31018,31019,31020,31021,31022,31023,31024,31025,31026,31027,31028,31029,31030,31031,31032,31033,31034,31035,31036,31037,31038,31039,31040,31041,31042,31043,31044,31045,31046,31047,31048,31049,31050,31051,31052,31053,31054,31055,31056,31057,31058,31059,31060,31061,31062,31063,31064,31065,31066,31067,31068,31069,31070,31071,31072,31073,31074,31075,31076,31077,31078,31079,31080,31081,31082,31083,31084,31085,31086,31087,31088,31089,31090,31091,31092,31093,31094,31095,31096,31097,31098,31099,31100,31101,31102,31103,31104,31105,31106,31107,31108,31109,31110,31111,31112,31113,31114,31115,31116,31117,31118,31119,31120,31121,31122,31123,31124,31125,31126,31127,31128,31129,31130,31131,31132,31133,31134,31135,31136,31137,31138,31139,31140,31141,31142,31143,31144,31145,31146,31147,31148,31149,31150,31151,31152,31153,31155,31156,31157,31158,31159,31160,31161,31162,31163,31164,31165,31166,31167,31168,31169,31170,31171,31172,31173,31174,31175,31176,31177,31178,31179,31180,31181,31182,31183,31184,31185,31186,31187,31188,31189,31190,31191,31192,31193,31194,31195,31196,31197,31198,31199,31200,31201,31202,31203,31204,31205,31206,31207,31208,31209,31210,31211,31212,31213,31215,31216,31217,31218,31219,31220,31221,31222,31223,31224,31225,31226,31227,31228,31229,31230,31231,31232,31233,31234,31235,31236,31237,31238,31239,31240,31241,31242,31243,31244,31245,31246,31247,31248,31249,31250,31251,31252,31253,31254,31255,31256,31258,31259,31260,31261,31262,31263,31264,31265,31266,31267,31268,31269,31270,31271,31272,31273,31274,31275,31276,31277,31278,31279,31280,31281,31282,31283,31284,31285,31286,31287,31288,31289,31290,31291,31292,31293,31294,31295,31296,31297,31299,31300,31301,31302,31303,31304,31305,31306,31308,31309,31310,31311,31312,31313,31314,31315,31316,31317,31318,31319,31320,31321,31322,31323,31324,31325,31326,31327,31328,31329,31330,31331,31332,31333,31334,31335,31336,31337,31338,31339,31340,31341,31342,31343,31344,31345,31346,31347,31348,31349,31350,31351,31352,31353,31354,31355,31356,31357,31358,31359,31360,31361,31362,31363,31364,31365,31366,31367,31368,31369,31370,31371,31372,31373,31374,31375,31376,31377,31378,31379,31380,31381,31382,31383,31384,31385,31386,31387,31388,31389,31390,31391,31392,31393,31394,31395,31396,31397,31398,31399,31400,31401,31402,31403,31404,31405,31406,31407,31408,31409,31410,31411,31412,31413,31414,31415,31416,31417,31418,31419,31420,31421,31422,31423,31424,31425,31426,31427,31428,31429,31430,31431,31432,31433,31434,31435,31436,31437,31439,31440,31441,31442,31443,31444,31445,31446,31447,31448,31449,31450,31451,31452,31453,31454,31455,31456,31457,31458,31459,31460,31461,31462,31463,31464,31465,31466,31467,31468,31469,31470,31471,31472,31473,31474,31475,31476,31477,31478,31479,31480,31481,31482,31483,31484,31485,31486,31487,31488,31489,31490,31491,31492,31493,31494,31495,31496,31497,31498,31499,31500,31501,31502,31503,31504,31505,31506,31507,31508,31509,31510,31511,31512,31513,31514,31515,31516,31517,31518,31519,31520,31521,31522,31523,31524,31525,31526,31527,31528,31529,31530,31531,31532,31533,31534,31535,31536,31537,31538,31539,31540,31541,31542,31543,31544,31545,31546,31547,31548,31549,31550,31551,31552,31553,31554,31555,31556,31557,31558,31559,31560,31561,31562,31563,31564,31565,31566,31567,31568,31569,31570,31571,31572,31573,31574,31575,31576,31577,31578,31579,31580,31581,31582,31583,31584,31585,31586,31587,31588,31589,31590,31591,31592,31593,32001,32002,32003,32004,32005,32007,32008,32009,32010,32012,32013,32014,32015,32016,32017,32018,32019,32020,32021,32022,32023,32024,32025,32026,32027,32028,32029,32030,32031,32032,32033,32034,32035,32036,32037,32038,32039,32040,32041,32042,32043,32044,32045,32046,32047,32048,32049,32050,32051,32052,32053,32054,32055,32056,32057,32058,32059,32060,32061,32062,32063,32064,32065,32066,32068,32069,32070,32071,32072,32073,32075,32076,32077,32078,32079,32080,32081,32082,32083,32084,32085,32086,32087,32088,32089,32090,32091,32092,32093,32094,32095,32096,32097,32098,32099,32100,32101,32102,32103,32104,32105,32106,32107,32108,32109,32110,32111,32112,32113,32114,32115,32116,32117,32118,32119,32120,32121,32122,32123,32124,32125,32126,32127,32128,32129,32130,32131,32132,32133,32134,32135,32136,32138,32139,32140,32141,32142,32143,32144,32145,32146,32147,32148,32149,32150,32151,32152,32153,32154,32155,32156,32157,32158,32159,32160,32161,32162,32163,32164,32165,32166,32167,32169,32170,32171,32172,32173,32174,32175,32176,32177,32178,32180,32181,32182,32183,32184,32185,32186,32187,32188,32189,32190,32191,32192,32193,32194,32195,32196,32197,32198,32199,32200,32201,32202,32203,32204,32205,32206,32207,32208,32209,32210,32211,32212,32213,32214,32215,32216,32217,32218,32219,32220,32221,32222,32223,32224,32225,32226,32227,32228,32229,32230,32231,32232,32233,32234,32235,32236,32237,32238,32239,32240,32241,32242,32243,32244,32245,32246,32247,32248,32249,32250,32251,32252,32253,32254,32255,32256,32257,32258,32261,32262,32263,32264,32265,32266,32267,32268,32269,32270,32271,32272,32273,32274,32275,32276,32277,32278,32279,32280,32281,32282,32283,32284,32285,32286,32287,32288,32289,32290,32291,32292,32293,32294,32295,32296,32297,32298,32299,32300,32301,32302,32303,32304,32305,32306,32307,32308,32309,32310,32311,32312,32313,32314,32315,32316,32317,32318,32319,32320,32321,32322,32323,32324,32325,32326,32327,32328,32329,32330,32331,32332,32333,32334,32335,32336,32337,32338,32339,32340,32341,32342,32343,32344,32345,32346,32347,32348,32349,32350,32351,32352,32353,32354,32355,32356,32357,32358,32359,32360,32361,32362,32363,32364,32365,32366,32367,32368,32369,32370,32371,32372,32373,32374,32375,32376,32377,32378,32379,32380,32381,32382,32383,32384,32385,32386,32387,32388,32389,32390,32391,32392,32393,32394,32395,32396,32397,32398,32399,32400,32401,32402,32403,32404,32405,32406,32407,32408,32409,32410,32411,32412,32414,32415,32416,32417,32418,32419,32420,32421,32422,32423,32424,32425,32426,32427,32428,32429,32430,32431,32432,32433,32434,32435,32436,32437,32438,32439,32440,32441,32442,32443,32444,32445,32446,32447,32448,32449,32450,32451,32452,32453,32454,32455,32456,32457,32458,32459,32460,32461,32462,32463,32464,32465,32466,32467,32468,34001,34002,34003,34004,34005,34006,34007,34008,34009,34010,34011,34012,34013,34014,34015,34016,34017,34018,34019,34020,34021,34022,34023,34024,34025,34026,34027,34028,34029,34030,34031,34032,34033,34034,34035,34036,34037,34038,34039,34040,34041,34042,34043,34044,34045,34046,34047,34048,34049,34050,34051,34052,34053,34054,34055,34056,34057,34058,34059,34060,34061,34062,34063,34064,34065,34066,34067,34068,34069,34070,34071,34072,34073,34074,34075,34076,34077,34078,34079,34080,34081,34082,34083,34084,34085,34086,34087,34088,34089,34090,34091,34092,34094,34095,34096,34097,34098,34099,34100,34101,34102,34103,34104,34105,34106,34107,34108,34109,34110,34111,34112,34113,34114,34115,34116,34117,34118,34119,34120,34121,34122,34123,34124,34125,34126,34127,34128,34129,34130,34131,34132,34133,34134,34135,34136,34137,34138,34139,34140,34141,34142,34143,34144,34145,34146,34147,34148,34149,34150,34151,34152,34153,34154,34155,34156,34157,34158,34159,34160,34161,34162,34163,34164,34165,34166,34167,34168,34169,34170,34171,34172,34173,34174,34175,34176,34177,34178,34179,34180,34181,34182,34183,34184,34185,34186,34187,34188,34189,34190,34191,34192,34193,34194,34195,34196,34197,34198,34199,34200,34201,34202,34203,34204,34205,34206,34207,34208,34209,34210,34211,34212,34213,34214,34215,34216,34217,34218,34219,34220,34221,34222,34223,34224,34225,34226,34227,34228,34229,34230,34231,34232,34233,34234,34235,34236,34237,34238,34239,34240,34241,34242,34243,34244,34245,34246,34247,34248,34249,34250,34251,34252,34253,34254,34255,34256,34257,34258,34259,34260,34261,34262,34263,34264,34265,34266,34267,34268,34269,34270,34271,34272,34273,34274,34276,34277,34278,34279,34280,34281,34282,34283,34284,34285,34286,34287,34288,34289,34290,34291,34292,34293,34294,34295,34296,34297,34298,34299,34300,34301,34302,34303,34304,34305,34306,34307,34308,34309,34310,34311,34312,34313,34314,34315,34316,34317,34318,34319,34320,34321,34322,34323,34324,34325,34326,34327,34328,34329,34331,34332,34333,34334,34335,34336,34337,34338,34339,34340,34341,34342,34343,34344,46001,46002,46003,46004,46005,46006,46007,46008,46009,46010,46011,46012,46013,46015,46016,46017,46018,46020,46021,46022,46023,46024,46026,46027,46028,46029,46030,46031,46032,46033,46034,46035,46036,46037,46038,46039,46040,46041,46042,46043,46044,46045,46046,46047,46049,46050,46051,46052,46053,46054,46055,46056,46057,46058,46059,46060,46061,46062,46063,46064,46065,46066,46068,46069,46070,46072,46073,46074,46075,46076,46078,46079,46080,46081,46082,46083,46084,46085,46086,46087,46088,46089,46090,46091,46092,46093,46094,46095,46096,46097,46098,46100,46101,46102,46103,46104,46105,46106,46107,46108,46109,46111,46112,46113,46114,46115,46116,46117,46118,46119,46120,46121,46122,46123,46124,46125,46126,46127,46128,46129,46130,46131,46132,46133,46134,46135,46136,46137,46138,46139,46140,46142,46143,46144,46145,46146,46147,46148,46149,46151,46152,46153,46154,46155,46156,46157,46159,46160,46161,46162,46163,46164,46165,46167,46168,46169,46170,46171,46172,46173,46174,46175,46176,46177,46178,46179,46180,46181,46182,46183,46184,46185,46186,46187,46188,46189,46190,46191,46192,46193,46194,46195,46196,46197,46198,46199,46200,46201,46202,46203,46204,46205,46206,46207,46208,46209,46210,46211,46212,46213,46214,46215,46216,46218,46219,46220,46221,46222,46223,46224,46225,46226,46227,46228,46229,46230,46231,46232,46233,46234,46235,46236,46237,46238,46239,46240,46241,46242,46243,46244,46245,46246,46247,46249,46250,46251,46252,46253,46254,46255,46256,46257,46258,46259,46260,46262,46263,46264,46265,46266,46267,46268,46269,46270,46271,46272,46273,46276,46277,46279,46280,46281,46282,46283,46284,46286,46288,46289,46290,46292,46293,46294,46295,46296,46297,46299,46301,46302,46303,46304,46305,46306,46307,46308,46309,46310,46311,46312,46313,46314,46315,46316,46317,46318,46319,46320,46321,46322,46323,46324,46328,46329,46330,46332,46333,46334,46335,46336,46337,46338,46339,46340,48001,48002,48003,48004,48005,48007,48008,48009,48010,48012,48013,48015,48016,48017,48018,48019,48020,48021,48025,48026,48027,48028,48029,48030,48031,48032,48034,48036,48037,48038,48039,48041,48042,48043,48044,48045,48046,48048,48050,48051,48053,48054,48055,48056,48058,48059,48061,48063,48064,48065,48067,48068,48069,48070,48071,48072,48073,48074,48075,48077,48079,48080,48081,48082,48083,48085,48086,48087,48088,48089,48090,48091,48092,48094,48095,48096,48097,48098,48099,48100,48103,48104,48105,48106,48107,48108,48110,48111,48112,48115,48116,48117,48119,48121,48123,48124,48126,48127,48128,48129,48130,48131,48132,48135,48136,48137,48138,48139,48140,48141,48144,48145,48146,48147,48148,48149,48150,48151,48152,48153,48155,48156,48157,48158,48160,48161,48163,48165,48166,48167,48168,48169,48170,48171,48173,48174,48175,48176,48177,48178,48179,48181,48182,48185,48187,48188,48190,48191,48192,48193,48194,48198,65001,65002,65003,65004,65005,65006,65007,65009,65010,65011,65012,65013,65014,65015,65016,65017,65018,65019,65020,65021,65022,65023,65024,65025,65026,65028,65029,65031,65032,65033,65034,65035,65036,65037,65038,65039,65040,65041,65042,65043,65044,65045,65046,65047,65048,65049,65050,65051,65052,65053,65054,65055,65056,65057,65058,65059,65060,65061,65062,65063,65064,65065,65066,65067,65068,65069,65070,65071,65072,65073,65074,65075,65076,65077,65078,65079,65080,65081,65082,65083,65084,65085,65086,65087,65088,65089,65090,65091,65092,65093,65094,65095,65096,65097,65098,65099,65100,65101,65102,65103,65104,65105,65106,65107,65108,65109,65110,65111,65112,65113,65114,65115,65116,65117,65118,65119,65120,65121,65123,65124,65125,65126,65127,65128,65129,65130,65131,65132,65133,65134,65135,65136,65137,65138,65139,65140,65141,65142,65143,65144,65145,65146,65147,65148,65149,65150,65151,65153,65154,65155,65156,65157,65158,65159,65160,65161,65162,65163,65164,65165,65166,65167,65168,65169,65170,65171,65172,65173,65174,65175,65176,65177,65178,65179,65180,65181,65182,65183,65184,65185,65186,65187,65189,65190,65191,65192,65193,65194,65195,65196,65197,65198,65199,65200,65201,65202,65203,65204,65205,65206,65207,65208,65209,65210,65211,65212,65213,65214,65215,65216,65217,65218,65219,65220,65221,65222,65223,65224,65225,65226,65228,65229,65230,65231,65232,65233,65234,65235,65236,65237,65238,65239,65240,65241,65242,65243,65244,65245,65247,65248,65249,65250,65251,65252,65253,65254,65255,65256,65257,65258,65259,65260,65261,65262,65263,65264,65265,65266,65267,65268,65269,65270,65271,65272,65273,65274,65275,65276,65277,65278,65279,65280,65281,65282,65283,65284,65285,65286,65287,65288,65289,65290,65291,65292,65293,65294,65295,65296,65297,65298,65299,65300,65301,65303,65304,65305,65306,65307,65308,65309,65310,65311,65313,65314,65315,65316,65317,65318,65319,65320,65321,65322,65323,65324,65325,65326,65327,65328,65329,65330,65331,65332,65333,65334,65335,65336,65337,65338,65339,65340,65341,65342,65343,65344,65345,65346,65347,65348,65349,65350,65351,65352,65353,65354,65355,65356,65357,65358,65359,65360,65361,65362,65363,65364,65366,65367,65368,65369,65370,65371,65372,65373,65374,65375,65376,65377,65378,65379,65380,65381,65382,65383,65384,65385,65386,65387,65388,65389,65390,65391,65392,65393,65394,65395,65396,65397,65398,65399,65400,65401,65402,65403,65404,65405,65406,65407,65408,65409,65410,65411,65412,65413,65414,65415,65416,65417,65418,65419,65420,65421,65422,65423,65424,65425,65426,65427,65428,65429,65430,65431,65432,65433,65435,65436,65437,65438,65439,65440,65441,65442,65443,65444,65445,65446,65447,65448,65449,65450,65451,65452,65453,65454,65455,65456,65457,65458,65459,65460,65461,65462,65463,65464,65465,65466,65467,65468,65469,65470,65471,65472,65473,65474,65475,65476,65477,65478,65479,65481,65482,66001,66002,66003,66004,66005,66006,66007,66008,66009,66010,66011,66012,66013,66014,66015,66016,66017,66018,66019,66020,66021,66022,66023,66024,66025,66026,66027,66028,66029,66030,66032,66033,66034,66035,66036,66037,66038,66039,66040,66041,66042,66043,66044,66045,66046,66047,66048,66049,66050,66051,66052,66053,66054,66055,66056,66057,66058,66059,66060,66061,66062,66063,66064,66065,66066,66067,66068,66069,66070,66071,66072,66073,66074,66075,66076,66077,66078,66079,66080,66081,66082,66083,66084,66085,66086,66088,66089,66090,66091,66092,66093,66094,66095,66096,66097,66098,66099,66100,66101,66102,66103,66104,66105,66106,66107,66108,66109,66111,66112,66113,66114,66115,66116,66117,66118,66119,66120,66121,66122,66123,66124,66125,66126,66127,66128,66129,66130,66132,66133,66134,66136,66137,66138,66139,66140,66141,66142,66143,66144,66145,66146,66147,66148,66149,66150,66151,66152,66153,66154,66155,66156,66157,66158,66159,66160,66161,66162,66164,66165,66166,66167,66168,66169,66170,66171,66172,66173,66174,66175,66176,66177,66178,66179,66180,66181,66182,66183,66184,66185,66186,66187,66188,66189,66190,66191,66192,66193,66194,66195,66196,66197,66198,66199,66201,66202,66203,66204,66205,66206,66207,66208,66209,66210,66211,66212,66213,66214,66215,66216,66217,66218,66219,66220,66221,66222,66223,66224,66225,66226,66227,66228,66230,66231,66232,66233,66234,81001,81002,81003,81004,81005,81006,81007,81008,81009,81010,81011,81012,81013,81014,81015,81016,81017,81018,81019,81020,81021,81022,81023,81024,81025,81026,81027,81028,81029,81030,81031,81032,81033,81034,81035,81036,81037,81038,81039,81040,81041,81042,81043,81044,81045,81046,81047,81048,81049,81050,81051,81052,81053,81054,81055,81056,81058,81059,81060,81061,81062,81063,81064,81065,81066,81067,81068,81069,81070,81071,81072,81073,81074,81075,81076,81077,81078,81079,81080,81081,81082,81083,81084,81085,81086,81087,81088,81089,81090,81092,81093,81094,81095,81096,81097,81098,81099,81100,81101,81102,81103,81104,81105,81106,81108,81109,81110,81111,81112,81114,81115,81116,81117,81118,81119,81120,81121,81122,81123,81124,81125,81126,81127,81128,81129,81130,81131,81132,81133,81134,81135,81136,81137,81138,81139,81140,81141,81142,81143,81144,81145,81146,81147,81148,81149,81150,81151,81152,81154,81156,81157,81158,81159,81160,81161,81162,81163,81164,81165,81166,81167,81168,81169,81170,81171,81172,81173,81174,81175,81176,81177,81178,81179,81180,81181,81182,81183,81184,81185,81186,81187,81188,81189,81190,81191,81192,81193,81195,81196,81197,81198,81199,81200,81201,81202,81203,81204,81205,81206,81207,81208,81209,81210,81211,81212,81213,81214,81215,81216,81217,81218,81219,81220,81221,81222,81223,81224,81225,81227,81228,81229,81230,81231,81232,81233,81234,81235,81236,81237,81238,81239,81240,81242,81243,81244,81245,81246,81247,81248,81249,81250,81251,81252,81253,81254,81255,81256,81257,81258,81259,81261,81262,81263,81264,81265,81266,81267,81268,81269,81270,81271,81272,81273,81274,81275,81276,81277,81278,81279,81280,81281,81282,81283,81284,81285,81286,81287,81288,81289,81290,81291,81292,81293,81294,81295,81297,81298,81299,81300,81302,81303,81304,81305,81306,81307,81308,81309,81310,81311,81312,81313,81314,81315,81316,81317,81318,81319,81320,81321,81322,81323,81324,81325,81326,82001,82002,82003,82004,82005,82006,82007,82008,82009,82010,82011,82012,82013,82014,82015,82016,82017,82018,82019,82020,82021,82022,82023,82024,82025,82026,82027,82028,82029,82030,82031,82032,82033,82034,82035,82036,82037,82038,82039,82040,82041,82042,82043,82044,82045,82046,82047,82048,82049,82050,82051,82052,82053,82054,82055,82056,82057,82058,82059,82060,82061,82062,82063,82064,82065,82066,82067,82068,82069,82070,82071,82072,82073,82074,82075,82076,82077,82078,82079,82080,82081,82082,82083,82084,82085,82086,82087,82088,82089,82090,82091,82092,82093,82094,82095,82096,82097,82098,82099,82100,82101,82102,82103,82104,82105,82106,82107,82108,82109,82110,82111,82112,82113,82114,82115,82116,82117,82118,82119,82120,82121,82122,82123,82124,82125,82126,82127,82128,82129,82130,82131,82132,82133,82134,82135,82136,82137,82138,82139,82140,82141,82142,82143,82144,82145,82146,82147,82148,82149,82150,82151,82152,82153,82154,82155,82156,82157,82158,82159,82160,82161,82162,82163,82164,82165,82166,82167,82168,82169,82170,82171,82172,82173,82174,82175,82176,82177,82178,82179,82180,82181,82182,82183,82184,82185,82186,82187,82188,82189,82190,82191,82192,82193,82194,82195}",SDER,2026-03-24 14:41:32.274366+01,gold_establishments_2025,,,,13000609100313,2025,Services de l'Etat,Région,"['Ariège', 'Aude', 'Aveyron', 'Gard', 'Haute-Garonne', 'Gers', 'Hérault', 'Lot', 'Lozère', 'Hautes-P",['Occitanie'],DREAL,"{09,11,12,30,31,32,34,46,48,65,66,81,82}",{76}
36fcae15-410b-4442-88fe-f77e1465dae5,130006109,DREAL Pays de la Loire,false,"{44001,44002,44003,44005,44006,44007,44009,44010,44012,44013,44014,44015,44016,44018,44019,44020,44021,44022,44023,44024,44025,44026,44027,44028,44029,44030,44031,44032,44033,44035,44036,44037,44038,44039,44041,44043,44044,44045,44046,44047,44048,44049,44050,44051,44052,44053,44054,44055,44056,44057,44058,44061,44062,44063,44064,44065,44066,44067,44068,44069,44070,44071,44072,44073,44074,44075,44076,44077,44078,44079,44080,44081,44082,44083,44084,44085,44086,44087,44088,44089,44090,44091,44092,44094,44095,44096,44097,44098,44099,44100,44101,44102,44103,44104,44105,44106,44107,44108,44109,44110,44111,44112,44113,44114,44115,44116,44117,44118,44119,44120,44121,44122,44123,44124,44125,44126,44127,44128,44129,44130,44131,44132,44133,44134,44135,44136,44137,44138,44139,44140,44141,44142,44143,44144,44145,44146,44148,44149,44150,44151,44152,44153,44154,44155,44156,44157,44158,44159,44161,44162,44163,44164,44165,44166,44168,44169,44170,44171,44172,44173,44174,44175,44176,44178,44179,44180,44182,44183,44184,44185,44186,44187,44188,44189,44190,44192,44193,44194,44195,44196,44197,44198,44199,44200,44201,44202,44203,44204,44205,44206,44207,44208,44209,44210,44211,44212,44213,44214,44215,44216,44217,44218,44220,44221,44222,44223,44224,49002,49003,49007,49008,49009,49010,49011,49012,49015,49017,49018,49020,49021,49022,49023,49026,49027,49028,49029,49030,49035,49036,49038,49041,49045,49048,49050,49053,49054,49055,49056,49057,49058,49060,49061,49063,49064,49067,49068,49070,49076,49080,49082,49086,49089,49090,49092,49099,49100,49102,49107,49109,49110,49112,49113,49114,49120,49121,49123,49125,49127,49129,49130,49131,49132,49135,49138,49140,49155,49160,49161,49163,49167,49170,49171,49174,49176,49178,49180,49182,49183,49188,49192,49193,49194,49195,49200,49201,49205,49209,49211,49214,49215,49216,49217,49218,49219,49220,49221,49222,49223,49224,49228,49231,49235,49236,49237,49240,49241,49244,49246,49247,49248,49253,49257,49259,49260,49261,49262,49266,49267,49269,49271,49272,49278,49283,49284,49288,49291,49292,49294,49298,49299,49301,49302,49306,49307,49308,49310,49311,49323,49326,49328,49329,49330,49331,49332,49333,49334,49336,49338,49339,49341,49343,49344,49345,49347,49352,49353,49355,49358,49359,49361,49362,49364,49367,49368,49369,49370,49371,49373,49374,49377,49378,49381,53001,53002,53003,53005,53007,53008,53009,53010,53011,53012,53013,53015,53016,53017,53018,53019,53021,53022,53023,53025,53026,53027,53028,53029,53030,53031,53033,53034,53035,53036,53037,53038,53039,53040,53041,53042,53043,53045,53046,53047,53048,53049,53051,53052,53053,53054,53055,53056,53057,53058,53059,53061,53062,53063,53064,53066,53067,53068,53069,53071,53072,53073,53074,53075,53076,53077,53078,53079,53080,53082,53083,53084,53085,53086,53087,53088,53089,53090,53091,53093,53094,53096,53097,53098,53099,53100,53101,53102,53103,53104,53105,53106,53107,53108,53109,53110,53111,53112,53113,53114,53115,53116,53117,53118,53119,53120,53121,53122,53123,53124,53125,53126,53127,53128,53129,53130,53131,53132,53133,53134,53135,53136,53137,53139,53140,53141,53142,53143,53144,53145,53146,53147,53148,53150,53151,53152,53153,53154,53155,53156,53157,53158,53160,53161,53162,53163,53164,53165,53168,53169,53170,53172,53173,53174,53175,53176,53177,53178,53179,53180,53181,53182,53184,53185,53186,53187,53188,53189,53190,53191,53192,53193,53195,53196,53197,53198,53199,53200,53201,53202,53203,53204,53206,53208,53209,53210,53211,53212,53213,53214,53216,53218,53219,53220,53221,53222,53223,53224,53225,53226,53228,53229,53230,53232,53233,53234,53235,53236,53237,53238,53240,53242,53243,53245,53246,53247,53248,53249,53250,53251,53253,53255,53256,53257,53258,53259,53260,53261,53262,53263,53264,53265,53266,53267,53269,53270,53271,53272,53273,53276,72001,72002,72003,72004,72005,72006,72007,72008,72009,72010,72011,72012,72013,72015,72016,72017,72018,72019,72020,72021,72022,72023,72024,72025,72026,72027,72028,72029,72031,72032,72034,72035,72036,72037,72038,72039,72040,72041,72042,72043,72044,72045,72046,72047,72048,72049,72050,72051,72052,72053,72054,72056,72057,72058,72059,72060,72061,72062,72064,72065,72066,72067,72068,72070,72071,72072,72073,72074,72075,72076,72077,72078,72079,72080,72083,72084,72085,72086,72087,72088,72089,72090,72091,72093,72094,72095,72096,72098,72099,72100,72101,72102,72103,72104,72105,72106,72107,72109,72110,72111,72112,72113,72114,72115,72118,72119,72120,72121,72122,72123,72124,72125,72126,72127,72128,72129,72130,72131,72132,72133,72134,72135,72136,72137,72138,72139,72141,72142,72143,72144,72145,72146,72147,72148,72149,72150,72151,72152,72153,72154,72155,72156,72157,72158,72160,72161,72163,72164,72165,72166,72167,72168,72169,72170,72171,72172,72173,72174,72175,72176,72177,72178,72179,72180,72181,72182,72183,72184,72185,72186,72187,72188,72189,72190,72191,72192,72193,72194,72195,72196,72197,72198,72199,72200,72201,72202,72204,72205,72208,72209,72210,72211,72212,72213,72214,72215,72216,72217,72218,72219,72220,72221,72222,72223,72224,72225,72226,72227,72228,72229,72230,72231,72232,72233,72234,72235,72236,72237,72238,72239,72241,72243,72244,72245,72246,72247,72248,72249,72250,72251,72252,72253,72254,72255,72256,72257,72259,72260,72261,72262,72264,72265,72266,72267,72268,72269,72270,72271,72272,72273,72274,72275,72276,72277,72278,72279,72280,72281,72282,72283,72286,72289,72290,72291,72292,72293,72294,72295,72296,72297,72299,72300,72302,72303,72305,72306,72307,72308,72309,72310,72311,72312,72313,72314,72315,72316,72317,72319,72320,72321,72322,72323,72324,72325,72326,72327,72328,72329,72330,72331,72332,72333,72334,72335,72336,72337,72338,72339,72340,72341,72342,72343,72344,72345,72346,72347,72348,72349,72350,72351,72352,72353,72354,72355,72356,72357,72358,72359,72360,72361,72362,72363,72364,72366,72367,72368,72369,72370,72372,72373,72374,72375,72376,72377,72378,72379,72380,72381,72382,72383,72385,72386,85001,85002,85003,85004,85005,85006,85008,85009,85010,85011,85012,85013,85014,85015,85016,85017,85018,85019,85020,85022,85023,85024,85025,85026,85028,85029,85031,85033,85034,85035,85036,85038,85039,85040,85042,85045,85046,85047,85049,85050,85051,85054,85055,85056,85058,85059,85061,85062,85064,85065,85066,85067,85070,85071,85072,85073,85074,85076,85077,85078,85080,85081,85082,85083,85084,85086,85087,85088,85089,85090,85092,85093,85094,85095,85096,85097,85098,85099,85100,85101,85102,85103,85104,85105,85106,85108,85109,85110,85111,85112,85113,85114,85115,85116,85117,85118,85119,85120,85121,85123,85125,85126,85127,85128,85129,85130,85131,85132,85133,85134,85135,85136,85137,85138,85139,85140,85141,85142,85143,85144,85145,85146,85147,85148,85149,85151,85152,85153,85154,85155,85156,85157,85158,85159,85160,85161,85162,85163,85164,85167,85169,85171,85172,85174,85175,85176,85177,85178,85179,85181,85182,85184,85185,85186,85187,85188,85189,85190,85191,85192,85193,85194,85196,85197,85198,85199,85200,85201,85202,85204,85205,85206,85207,85208,85209,85210,85211,85213,85214,85215,85216,85218,85220,85221,85222,85223,85226,85227,85229,85231,85232,85234,85235,85236,85237,85238,85239,85240,85242,85243,85244,85245,85246,85247,85248,85250,85251,85252,85254,85255,85256,85259,85260,85261,85262,85264,85265,85266,85267,85268,85269,85273,85274,85276,85277,85278,85280,85281,85282,85284,85285,85286,85287,85288,85289,85290,85291,85292,85293,85294,85295,85296,85297,85298,85300,85301,85302,85303,85304,85305,85306}",SDER,2026-03-24 14:41:32.274366+01,gold_establishments_2025,,,,13000610900057,2025,Services de l'Etat,Région,"['Loire-Atlantique', 'Maine-et-Loire', 'Mayenne', 'Sarthe', 'Vendée']",['Pays de la Loire'],DREAL,"{44,49,53,72,85}",{52}
14f42a21-57e0-4312-816c-08f2962d50a1,130006380,DREAL Provence-Alpes-Côte dAzur,false,"{04001,04004,04005,04006,04007,04008,04009,04012,04013,04016,04017,04018,04019,04020,04021,04022,04023,04024,04025,04026,04027,04028,04030,04031,04032,04033,04034,04035,04036,04037,04039,04040,04041,04042,04043,04045,04046,04047,04049,04050,04051,04053,04054,04055,04057,04058,04059,04061,04062,04063,04065,04066,04067,04068,04069,04070,04072,04073,04074,04075,04076,04077,04079,04081,04084,04085,04086,04087,04088,04090,04091,04092,04093,04094,04095,04096,04097,04099,04101,04102,04104,04106,04107,04108,04109,04110,04111,04112,04113,04115,04116,04118,04120,04121,04122,04123,04124,04126,04127,04128,04129,04130,04132,04133,04134,04135,04136,04137,04138,04139,04140,04141,04142,04143,04144,04145,04148,04149,04150,04151,04152,04154,04155,04156,04157,04158,04159,04160,04161,04162,04163,04164,04166,04167,04169,04170,04171,04172,04173,04174,04175,04176,04177,04178,04179,04180,04181,04182,04183,04184,04186,04187,04188,04189,04190,04191,04192,04193,04194,04195,04197,04199,04200,04201,04202,04203,04204,04205,04206,04207,04208,04209,04210,04211,04214,04216,04217,04218,04219,04220,04222,04224,04226,04227,04228,04229,04230,04231,04233,04234,04235,04236,04237,04240,04241,04242,04244,04245,05001,05003,05004,05006,05007,05008,05009,05010,05011,05012,05013,05014,05016,05017,05018,05019,05021,05022,05023,05024,05025,05026,05027,05028,05029,05031,05032,05033,05035,05036,05037,05038,05039,05040,05044,05045,05046,05047,05048,05049,05050,05051,05052,05053,05054,05055,05056,05057,05058,05059,05060,05061,05062,05063,05064,05065,05066,05068,05070,05071,05072,05073,05074,05075,05076,05077,05078,05079,05080,05081,05082,05084,05085,05086,05087,05089,05090,05091,05092,05093,05094,05095,05096,05097,05098,05099,05100,05101,05102,05103,05104,05106,05107,05108,05109,05110,05111,05112,05113,05114,05115,05116,05117,05118,05119,05121,05122,05123,05124,05126,05127,05128,05129,05130,05131,05132,05133,05134,05135,05136,05139,05140,05142,05144,05145,05146,05147,05148,05149,05151,05152,05153,05154,05155,05156,05157,05158,05159,05160,05161,05162,05163,05164,05165,05166,05167,05168,05169,05170,05171,05172,05173,05174,05176,05177,05178,05179,05180,05181,05182,05183,05184,06001,06002,06003,06004,06005,06006,06007,06008,06009,06010,06011,06012,06013,06014,06015,06016,06017,06018,06019,06020,06021,06022,06023,06024,06025,06026,06027,06028,06029,06030,06031,06032,06033,06034,06035,06036,06037,06038,06039,06040,06041,06042,06043,06044,06045,06046,06047,06048,06049,06050,06051,06052,06053,06054,06055,06056,06057,06058,06059,06060,06061,06062,06063,06064,06065,06066,06067,06068,06069,06070,06071,06072,06073,06074,06075,06076,06077,06078,06079,06080,06081,06082,06083,06084,06085,06086,06087,06088,06089,06090,06091,06092,06093,06094,06095,06096,06097,06098,06099,06100,06101,06102,06103,06104,06105,06106,06107,06108,06109,06110,06111,06112,06113,06114,06115,06116,06117,06118,06119,06120,06121,06122,06123,06124,06125,06126,06127,06128,06129,06130,06131,06132,06133,06134,06135,06136,06137,06138,06139,06140,06141,06142,06143,06144,06145,06146,06147,06148,06149,06150,06151,06152,06153,06154,06155,06156,06157,06158,06159,06160,06161,06162,06163,13001,13002,13003,13004,13005,13006,13007,13008,13009,13010,13011,13012,13013,13014,13015,13016,13017,13018,13019,13020,13021,13022,13023,13024,13025,13026,13027,13028,13029,13030,13031,13032,13033,13034,13035,13036,13037,13038,13039,13040,13041,13042,13043,13044,13045,13046,13047,13048,13049,13050,13051,13052,13053,13054,13055,13056,13057,13058,13059,13060,13061,13062,13063,13064,13065,13066,13067,13068,13069,13070,13071,13072,13073,13074,13075,13076,13077,13078,13079,13080,13081,13082,13083,13084,13085,13086,13087,13088,13089,13090,13091,13092,13093,13094,13095,13096,13097,13098,13099,13100,13101,13102,13103,13104,13105,13106,13107,13108,13109,13110,13111,13112,13113,13114,13115,13116,13117,13118,13119,13201,13202,13203,13204,13205,13206,13207,13208,13209,13210,13211,13212,13213,13214,13215,13216,83001,83002,83003,83004,83005,83006,83007,83008,83009,83010,83011,83012,83013,83014,83015,83016,83017,83018,83019,83020,83021,83022,83023,83025,83026,83027,83028,83029,83030,83031,83032,83033,83034,83035,83036,83037,83038,83039,83040,83041,83042,83043,83044,83045,83046,83047,83048,83049,83050,83051,83052,83053,83054,83055,83056,83057,83058,83059,83060,83061,83062,83063,83064,83065,83066,83067,83068,83069,83070,83071,83072,83073,83074,83075,83076,83077,83078,83079,83080,83081,83082,83083,83084,83085,83086,83087,83088,83089,83090,83091,83092,83093,83094,83095,83096,83097,83098,83099,83100,83101,83102,83103,83104,83105,83106,83107,83108,83109,83110,83111,83112,83113,83114,83115,83116,83117,83118,83119,83120,83121,83122,83123,83124,83125,83126,83127,83128,83129,83130,83131,83132,83133,83134,83135,83136,83137,83138,83139,83140,83141,83142,83143,83144,83145,83146,83147,83148,83149,83150,83151,83152,83153,83154,84001,84002,84003,84004,84005,84006,84007,84008,84009,84010,84011,84012,84013,84014,84015,84016,84017,84018,84019,84020,84021,84022,84023,84024,84025,84026,84027,84028,84029,84030,84031,84032,84033,84034,84035,84036,84037,84038,84039,84040,84041,84042,84043,84044,84045,84046,84047,84048,84049,84050,84051,84052,84053,84054,84055,84056,84057,84058,84059,84060,84061,84062,84063,84064,84065,84066,84067,84068,84069,84070,84071,84072,84073,84074,84075,84076,84077,84078,84079,84080,84081,84082,84083,84084,84085,84086,84087,84088,84089,84090,84091,84092,84093,84094,84095,84096,84097,84098,84099,84100,84101,84102,84103,84104,84105,84106,84107,84108,84109,84110,84111,84112,84113,84114,84115,84116,84117,84118,84119,84120,84121,84122,84123,84124,84125,84126,84127,84128,84129,84130,84131,84132,84133,84134,84135,84136,84137,84138,84139,84140,84141,84142,84143,84144,84145,84146,84147,84148,84149,84150,84151}","",2026-03-24 14:41:32.274366+01,gold_establishments_2025,,,,13000638000013,2025,Services de l'Etat,Région,"['Alpes-de-Haute-Provence', 'Hautes-Alpes', 'Alpes-Maritimes', 'Bouches-du-Rhône', 'Var', 'Vaucluse'",['Provence-Alpes-Côte dAzur'],DREAL,"{04,05,06,13,83,84}",{93}
64f2c402-ab94-477b-8605-fb1d19ff276d,130029317,DREETS Auvergne-Rhône-Alpes,false,"{01001,01002,01004,01005,01006,01007,01008,01009,01010,01011,01012,01013,01014,01015,01016,01017,01019,01021,01022,01023,01024,01025,01026,01027,01028,01029,01030,01031,01032,01033,01034,01035,01036,01037,01038,01040,01041,01042,01043,01044,01045,01046,01047,01049,01050,01051,01052,01053,01054,01056,01057,01058,01060,01061,01062,01063,01064,01065,01066,01067,01068,01069,01071,01072,01073,01074,01075,01076,01077,01078,01079,01080,01081,01082,01083,01084,01085,01087,01088,01089,01090,01092,01093,01094,01095,01096,01098,01099,01100,01101,01102,01103,01104,01105,01106,01107,01108,01109,01110,01111,01112,01113,01114,01115,01116,01117,01118,01121,01123,01124,01125,01127,01128,01129,01130,01133,01134,01135,01136,01138,01139,01140,01141,01142,01143,01145,01146,01147,01148,01149,01150,01151,01152,01153,01155,01156,01157,01158,01159,01160,01162,01163,01165,01166,01167,01169,01170,01171,01173,01174,01175,01177,01179,01180,01181,01183,01184,01185,01187,01188,01189,01190,01191,01192,01193,01194,01195,01196,01197,01198,01199,01200,01202,01203,01204,01206,01207,01208,01209,01210,01211,01212,01213,01214,01215,01216,01219,01224,01225,01227,01228,01229,01230,01231,01232,01233,01234,01235,01236,01237,01238,01239,01240,01241,01242,01243,01244,01245,01246,01247,01248,01249,01250,01252,01254,01255,01257,01258,01259,01260,01261,01262,01263,01264,01265,01266,01267,01268,01269,01272,01273,01274,01275,01276,01277,01279,01280,01281,01282,01283,01284,01285,01286,01288,01289,01290,01291,01293,01294,01295,01296,01297,01298,01299,01301,01302,01303,01304,01305,01306,01307,01308,01309,01310,01311,01313,01314,01317,01318,01319,01320,01321,01322,01323,01325,01328,01329,01331,01332,01333,01334,01335,01336,01337,01338,01339,01342,01343,01344,01345,01346,01347,01348,01349,01350,01351,01352,01353,01354,01355,01356,01357,01358,01359,01360,01361,01362,01363,01364,01365,01366,01367,01368,01369,01370,01371,01372,01373,01374,01375,01376,01378,01379,01380,01381,01382,01383,01384,01385,01386,01387,01388,01389,01390,01391,01392,01393,01396,01397,01398,01399,01400,01401,01402,01403,01404,01405,01406,01407,01408,01410,01411,01412,01415,01416,01418,01419,01420,01421,01422,01423,01424,01425,01426,01427,01428,01429,01430,01431,01432,01433,01434,01435,01436,01437,01439,01441,01443,01444,01445,01446,01447,01448,01449,01450,01451,01452,01453,01454,01456,01457,03001,03002,03003,03004,03005,03006,03007,03008,03009,03010,03011,03012,03013,03014,03015,03016,03017,03018,03019,03020,03021,03022,03023,03024,03025,03026,03027,03028,03029,03030,03031,03032,03033,03034,03035,03036,03037,03038,03039,03040,03041,03042,03043,03044,03045,03046,03047,03048,03049,03050,03051,03052,03053,03054,03055,03056,03057,03058,03059,03060,03061,03062,03063,03064,03065,03066,03067,03068,03069,03070,03071,03072,03073,03074,03075,03076,03077,03078,03079,03080,03081,03082,03083,03084,03085,03086,03087,03088,03089,03090,03091,03092,03093,03094,03095,03096,03097,03098,03099,03100,03101,03102,03103,03104,03105,03106,03107,03108,03109,03110,03111,03112,03113,03114,03115,03116,03117,03118,03119,03120,03121,03122,03124,03125,03126,03127,03128,03129,03130,03131,03132,03133,03134,03135,03136,03137,03138,03139,03140,03141,03142,03143,03144,03145,03146,03147,03148,03149,03150,03151,03152,03154,03155,03156,03157,03158,03159,03160,03161,03162,03163,03164,03165,03166,03167,03168,03169,03170,03171,03172,03173,03174,03175,03176,03177,03178,03179,03180,03181,03182,03183,03184,03185,03186,03187,03188,03189,03190,03191,03192,03193,03194,03195,03196,03197,03198,03200,03201,03202,03203,03204,03205,03206,03207,03208,03209,03210,03211,03212,03213,03214,03215,03216,03217,03218,03219,03220,03221,03222,03223,03224,03225,03226,03227,03228,03229,03230,03231,03232,03233,03234,03235,03236,03237,03238,03239,03240,03241,03242,03243,03244,03245,03246,03247,03248,03249,03250,03251,03252,03253,03254,03255,03256,03257,03258,03259,03260,03261,03262,03263,03264,03265,03266,03267,03268,03269,03270,03271,03272,03273,03274,03275,03276,03277,03278,03279,03280,03281,03282,03283,03284,03285,03286,03287,03288,03289,03290,03291,03292,03293,03294,03295,03296,03297,03298,03299,03300,03301,03302,03303,03304,03305,03306,03307,03308,03309,03310,03311,03312,03313,03314,03315,03316,03317,03319,03320,03321,07001,07002,07003,07004,07005,07006,07007,07008,07009,07010,07011,07012,07013,07014,07015,07017,07018,07019,07020,07022,07023,07024,07025,07026,07027,07028,07029,07030,07031,07032,07033,07034,07035,07036,07037,07038,07039,07040,07041,07042,07044,07045,07047,07048,07049,07050,07051,07052,07053,07054,07055,07056,07058,07059,07060,07061,07062,07063,07064,07065,07066,07067,07068,07069,07070,07071,07072,07073,07074,07075,07076,07077,07078,07079,07080,07081,07082,07083,07084,07085,07086,07087,07088,07089,07090,07091,07092,07093,07094,07095,07096,07097,07098,07099,07100,07101,07102,07103,07104,07105,07106,07107,07108,07109,07110,07111,07112,07113,07114,07115,07116,07117,07118,07119,07120,07121,07122,07123,07124,07126,07127,07128,07129,07130,07131,07132,07133,07134,07136,07137,07138,07139,07140,07141,07142,07143,07144,07145,07146,07147,07148,07149,07150,07151,07152,07153,07154,07155,07156,07157,07158,07159,07160,07161,07162,07163,07165,07166,07167,07168,07169,07170,07171,07172,07173,07174,07175,07176,07177,07178,07179,07181,07182,07183,07184,07185,07186,07187,07188,07189,07190,07191,07192,07193,07194,07195,07196,07197,07198,07199,07200,07201,07202,07203,07204,07205,07206,07207,07208,07209,07210,07211,07212,07213,07214,07215,07216,07217,07218,07219,07220,07221,07222,07223,07224,07225,07226,07227,07228,07229,07230,07231,07232,07233,07234,07235,07236,07237,07238,07239,07240,07241,07242,07243,07244,07245,07247,07248,07249,07250,07251,07253,07254,07255,07257,07258,07259,07260,07261,07262,07263,07264,07265,07266,07267,07268,07269,07270,07272,07273,07274,07275,07276,07277,07278,07279,07280,07281,07282,07283,07284,07285,07286,07287,07288,07289,07290,07291,07292,07293,07294,07295,07296,07297,07298,07299,07300,07301,07302,07303,07304,07305,07306,07307,07308,07309,07310,07311,07312,07313,07314,07315,07316,07317,07318,07319,07321,07322,07323,07324,07325,07326,07327,07328,07329,07330,07331,07332,07333,07334,07335,07336,07337,07338,07339,07340,07341,07342,07343,07344,07345,07346,07347,07348,07349,15001,15002,15003,15004,15005,15006,15007,15008,15009,15010,15011,15012,15013,15014,15015,15016,15017,15018,15019,15020,15021,15022,15024,15025,15026,15027,15028,15029,15030,15032,15033,15034,15036,15037,15038,15040,15041,15042,15043,15045,15046,15048,15049,15050,15051,15052,15053,15054,15055,15056,15057,15058,15059,15060,15061,15063,15064,15065,15066,15067,15069,15070,15072,15073,15074,15075,15076,15077,15078,15079,15080,15081,15082,15083,15084,15085,15086,15087,15088,15089,15090,15091,15092,15093,15094,15095,15096,15097,15098,15100,15101,15102,15103,15104,15105,15106,15107,15108,15110,15111,15112,15113,15114,15116,15117,15118,15119,15120,15121,15122,15123,15124,15125,15126,15127,15128,15129,15130,15131,15132,15133,15134,15135,15137,15138,15139,15140,15141,15142,15143,15144,15146,15147,15148,15149,15151,15152,15153,15154,15155,15156,15157,15158,15159,15160,15161,15162,15163,15164,15165,15166,15167,15168,15169,15170,15172,15173,15174,15175,15176,15178,15179,15180,15181,15182,15183,15184,15185,15186,15187,15188,15189,15190,15191,15192,15194,15196,15198,15199,15200,15201,15202,15203,15204,15205,15206,15207,15208,15209,15211,15212,15213,15214,15215,15216,15217,15218,15219,15220,15221,15222,15223,15224,15225,15226,15228,15229,15230,15231,15232,15233,15234,15235,15236,15237,15238,15240,15241,15242,15243,15244,15245,15246,15247,15248,15249,15250,15251,15252,15253,15254,15255,15256,15257,15258,15259,15260,15261,15262,15263,15264,15265,15266,15267,15268,15269,26001,26002,26003,26004,26005,26006,26007,26008,26009,26010,26011,26012,26013,26014,26015,26016,26017,26018,26019,26020,26021,26022,26023,26024,26025,26026,26027,26028,26030,26031,26032,26033,26034,26035,26036,26037,26038,26039,26040,26041,26042,26043,26045,26046,26047,26048,26049,26050,26051,26052,26054,26055,26056,26057,26058,26059,26060,26061,26062,26063,26064,26065,26066,26067,26068,26069,26070,26071,26072,26073,26074,26075,26076,26077,26078,26079,26080,26081,26082,26083,26084,26085,26086,26087,26088,26089,26090,26091,26092,26093,26094,26095,26096,26097,26098,26099,26100,26101,26102,26103,26104,26105,26106,26107,26108,26110,26111,26112,26113,26114,26115,26116,26117,26118,26119,26121,26122,26123,26124,26125,26126,26127,26128,26129,26130,26131,26133,26134,26135,26136,26137,26138,26139,26140,26141,26142,26143,26144,26145,26146,26147,26148,26149,26150,26152,26153,26154,26155,26156,26157,26159,26160,26161,26162,26163,26164,26165,26166,26167,26168,26169,26170,26171,26172,26173,26174,26175,26176,26177,26178,26179,26180,26181,26182,26183,26185,26186,26188,26189,26190,26191,26192,26193,26194,26195,26196,26197,26198,26199,26200,26201,26202,26203,26204,26205,26206,26207,26208,26209,26210,26211,26212,26213,26214,26215,26216,26217,26218,26220,26221,26222,26223,26224,26225,26226,26227,26228,26229,26231,26232,26233,26234,26235,26236,26238,26239,26240,26241,26242,26243,26244,26245,26246,26247,26248,26249,26250,26251,26252,26253,26254,26255,26256,26257,26258,26259,26261,26262,26263,26264,26266,26267,26268,26269,26270,26271,26272,26273,26274,26275,26276,26277,26278,26279,26281,26282,26283,26284,26285,26286,26287,26288,26289,26290,26291,26292,26293,26294,26295,26296,26298,26299,26300,26301,26302,26303,26304,26305,26306,26307,26308,26309,26310,26311,26312,26313,26314,26315,26316,26317,26318,26319,26320,26321,26322,26323,26324,26325,26326,26327,26328,26329,26330,26331,26332,26333,26334,26335,26336,26337,26338,26339,26340,26341,26342,26343,26344,26345,26346,26347,26348,26349,26350,26351,26352,26353,26355,26356,26357,26358,26359,26360,26361,26362,26363,26364,26365,26367,26368,26369,26370,26372,26373,26374,26375,26376,26377,26378,26379,26380,26381,26382,38001,38002,38003,38004,38005,38006,38008,38009,38010,38011,38012,38013,38015,38017,38018,38019,38020,38022,38023,38026,38027,38029,38030,38031,38032,38033,38034,38035,38036,38037,38038,38039,38040,38041,38042,38043,38044,38045,38046,38047,38048,38049,38050,38051,38052,38053,38054,38055,38056,38057,38058,38059,38060,38061,38062,38063,38064,38065,38066,38067,38068,38069,38070,38071,38072,38073,38074,38075,38076,38077,38078,38080,38081,38082,38083,38084,38085,38086,38087,38089,38090,38091,38092,38093,38094,38095,38097,38098,38099,38100,38101,38102,38103,38104,38105,38106,38107,38108,38109,38110,38111,38112,38113,38114,38115,38116,38117,38118,38120,38124,38126,38127,38128,38129,38130,38131,38132,38133,38134,38135,38136,38137,38138,38139,38140,38141,38144,38146,38147,38148,38149,38150,38151,38152,38153,38154,38155,38156,38157,38158,38159,38160,38161,38162,38163,38166,38167,38169,38170,38171,38172,38173,38174,38175,38176,38177,38179,38180,38181,38182,38183,38184,38185,38186,38187,38188,38189,38190,38191,38192,38193,38194,38195,38197,38198,38199,38200,38203,38204,38205,38206,38207,38208,38209,38210,38211,38212,38213,38214,38215,38216,38217,38218,38219,38221,38222,38223,38224,38225,38226,38228,38229,38230,38231,38232,38235,38236,38237,38238,38239,38240,38241,38242,38243,38244,38245,38246,38247,38248,38249,38250,38252,38253,38254,38255,38256,38257,38258,38259,38260,38261,38263,38264,38265,38266,38267,38268,38269,38270,38271,38272,38273,38275,38276,38277,38278,38279,38280,38281,38282,38283,38284,38285,38286,38287,38288,38289,38290,38291,38292,38294,38295,38296,38297,38298,38299,38300,38301,38303,38304,38307,38308,38309,38310,38311,38313,38314,38315,38316,38317,38318,38319,38320,38321,38322,38323,38324,38325,38326,38328,38329,38330,38331,38332,38333,38334,38335,38336,38337,38338,38339,38340,38341,38342,38343,38344,38345,38346,38347,38348,38349,38350,38351,38352,38353,38354,38355,38356,38357,38358,38359,38360,38361,38362,38363,38364,38365,38366,38368,38369,38370,38372,38373,38374,38375,38376,38377,38378,38379,38380,38381,38382,38383,38384,38386,38387,38388,38389,38390,38391,38392,38393,38394,38395,38396,38397,38398,38399,38400,38401,38402,38403,38404,38405,38406,38407,38408,38409,38410,38412,38413,38414,38415,38416,38417,38418,38419,38420,38421,38422,38423,38424,38425,38426,38427,38428,38429,38430,38431,38432,38433,38434,38436,38437,38438,38439,38440,38442,38443,38444,38445,38446,38448,38449,38450,38451,38452,38453,38454,38455,38456,38457,38458,38459,38460,38462,38463,38464,38465,38466,38467,38468,38469,38470,38471,38472,38473,38474,38475,38476,38478,38479,38480,38481,38483,38484,38485,38486,38487,38488,38489,38490,38492,38494,38495,38496,38497,38498,38499,38500,38501,38503,38504,38505,38507,38508,38509,38511,38512,38513,38514,38515,38516,38517,38518,38519,38520,38521,38522,38523,38524,38525,38526,38527,38528,38529,38530,38531,38532,38533,38535,38536,38537,38538,38539,38540,38542,38543,38544,38545,38546,38547,38548,38549,38550,38551,38552,38553,38554,38555,38556,38557,38558,38559,38560,38561,38562,38563,38564,38565,38566,38567,42001,42002,42003,42005,42006,42007,42008,42009,42010,42011,42012,42013,42014,42015,42016,42017,42018,42019,42020,42021,42022,42023,42025,42026,42027,42028,42029,42030,42031,42032,42033,42034,42035,42036,42037,42038,42039,42040,42041,42042,42043,42044,42045,42046,42047,42048,42049,42050,42051,42052,42053,42054,42055,42056,42058,42059,42060,42061,42062,42063,42064,42065,42066,42067,42068,42069,42070,42071,42073,42074,42075,42076,42077,42078,42079,42081,42083,42084,42085,42086,42087,42088,42089,42090,42091,42092,42093,42094,42095,42096,42097,42098,42099,42100,42101,42102,42103,42104,42105,42106,42107,42108,42110,42112,42113,42115,42116,42117,42118,42119,42120,42121,42122,42123,42124,42125,42126,42127,42128,42129,42130,42131,42132,42133,42134,42135,42136,42137,42138,42139,42140,42141,42142,42143,42145,42146,42147,42148,42149,42150,42151,42152,42153,42154,42155,42156,42157,42158,42159,42160,42161,42162,42163,42164,42165,42166,42167,42168,42169,42170,42171,42172,42173,42174,42175,42176,42177,42178,42179,42180,42181,42182,42183,42184,42185,42186,42187,42188,42189,42191,42192,42193,42194,42195,42196,42197,42198,42199,42200,42201,42202,42203,42204,42205,42206,42207,42208,42209,42210,42211,42212,42213,42214,42215,42216,42217,42218,42219,42220,42221,42222,42223,42224,42225,42226,42227,42228,42229,42230,42231,42232,42233,42234,42235,42236,42237,42238,42239,42240,42241,42242,42243,42245,42246,42247,42248,42249,42251,42253,42254,42255,42256,42257,42259,42260,42261,42262,42264,42265,42266,42267,42268,42269,42270,42271,42272,42273,42274,42275,42276,42277,42278,42279,42280,42281,42282,42283,42284,42285,42286,42287,42288,42289,42290,42293,42294,42295,42296,42297,42298,42299,42300,42301,42302,42303,42304,42305,42306,42307,42308,42310,42311,42312,42313,42314,42315,42316,42317,42318,42319,42320,42321,42322,42323,42324,42325,42326,42327,42328,42329,42330,42331,42332,42333,42334,42335,42336,42337,42338,42339,43001,43002,43003,43004,43005,43006,43007,43008,43009,43010,43011,43012,43013,43014,43015,43016,43017,43018,43019,43020,43021,43022,43023,43024,43025,43026,43027,43028,43029,43030,43031,43032,43033,43034,43035,43036,43037,43038,43039,43040,43041,43042,43043,43044,43045,43046,43047,43048,43049,43050,43051,43052,43053,43054,43055,43056,43057,43058,43059,43060,43061,43062,43063,43064,43065,43066,43067,43068,43069,43070,43071,43072,43073,43074,43075,43076,43077,43078,43079,43080,43082,43083,43084,43085,43086,43087,43088,43089,43090,43091,43092,43093,43094,43095,43096,43097,43098,43099,43100,43101,43102,43103,43104,43105,43106,43107,43108,43109,43110,43111,43112,43113,43114,43115,43116,43117,43118,43119,43120,43121,43122,43123,43124,43125,43126,43127,43128,43129,43130,43131,43132,43133,43134,43135,43136,43137,43138,43139,43140,43141,43142,43143,43144,43145,43147,43148,43149,43150,43151,43152,43153,43154,43155,43156,43157,43158,43159,43160,43162,43163,43164,43165,43166,43167,43168,43169,43170,43171,43172,43173,43174,43175,43177,43178,43180,43181,43182,43183,43184,43185,43186,43187,43188,43189,43190,43191,43192,43193,43194,43195,43196,43197,43198,43199,43200,43201,43202,43203,43204,43205,43206,43207,43208,43210,43211,43212,43213,43214,43215,43216,43217,43218,43219,43220,43221,43222,43223,43224,43225,43226,43227,43228,43229,43230,43231,43232,43233,43234,43236,43237,43238,43239,43240,43241,43242,43244,43245,43246,43247,43249,43250,43251,43252,43253,43254,43256,43257,43258,43259,43260,43261,43262,43263,43264,43265,43267,43268,63001,63002,63003,63004,63005,63006,63007,63008,63009,63010,63011,63012,63013,63014,63015,63016,63017,63019,63020,63021,63022,63023,63024,63025,63026,63027,63028,63029,63030,63031,63032,63033,63034,63035,63036,63037,63038,63039,63040,63041,63042,63043,63044,63045,63046,63047,63048,63049,63050,63051,63052,63053,63054,63055,63056,63057,63058,63059,63060,63061,63062,63063,63064,63065,63066,63067,63069,63070,63071,63072,63073,63074,63075,63076,63077,63079,63080,63081,63082,63083,63084,63085,63086,63087,63088,63089,63090,63091,63092,63093,63094,63095,63096,63097,63098,63099,63100,63101,63102,63103,63104,63105,63106,63107,63108,63109,63110,63111,63112,63113,63114,63115,63116,63117,63118,63119,63120,63121,63122,63123,63124,63125,63126,63128,63129,63130,63131,63132,63134,63135,63136,63137,63138,63139,63140,63141,63142,63143,63144,63145,63146,63147,63148,63149,63150,63151,63152,63153,63154,63155,63156,63157,63158,63159,63160,63161,63162,63163,63164,63165,63166,63167,63168,63169,63170,63171,63172,63173,63174,63175,63176,63177,63178,63179,63180,63181,63182,63183,63184,63185,63186,63187,63188,63189,63190,63191,63192,63193,63194,63195,63196,63197,63198,63199,63200,63201,63202,63203,63204,63205,63206,63207,63208,63209,63210,63211,63212,63213,63214,63215,63216,63218,63219,63220,63221,63222,63223,63224,63225,63226,63227,63228,63229,63230,63231,63232,63233,63234,63235,63236,63237,63238,63239,63240,63241,63242,63243,63244,63245,63246,63247,63248,63249,63250,63251,63252,63253,63254,63255,63256,63257,63258,63259,63260,63261,63262,63263,63264,63265,63267,63268,63269,63270,63271,63272,63273,63274,63275,63276,63277,63278,63279,63280,63281,63282,63283,63284,63285,63286,63287,63288,63289,63290,63291,63292,63293,63294,63295,63296,63297,63298,63299,63300,63301,63302,63303,63304,63305,63306,63307,63308,63309,63310,63311,63312,63313,63314,63315,63317,63318,63319,63320,63321,63322,63323,63324,63325,63326,63327,63328,63329,63331,63332,63333,63334,63335,63336,63337,63338,63339,63340,63341,63342,63343,63344,63345,63346,63347,63348,63349,63350,63351,63352,63353,63354,63355,63356,63357,63358,63359,63360,63362,63363,63364,63365,63366,63367,63368,63369,63370,63371,63372,63373,63374,63375,63376,63377,63378,63379,63380,63381,63382,63383,63384,63385,63386,63387,63388,63389,63390,63391,63392,63393,63394,63395,63396,63397,63398,63399,63400,63401,63402,63403,63404,63405,63406,63407,63408,63409,63410,63411,63412,63413,63414,63415,63416,63417,63418,63419,63420,63421,63422,63423,63424,63425,63426,63427,63428,63429,63430,63431,63432,63433,63434,63435,63436,63437,63438,63439,63440,63441,63442,63443,63444,63445,63446,63447,63448,63449,63450,63451,63452,63453,63454,63455,63456,63457,63458,63459,63460,63461,63462,63463,63464,63465,63466,63467,63468,63469,63470,63471,63472,63473,69001,69002,69003,69004,69005,69006,69007,69008,69009,69010,69012,69013,69014,69016,69017,69018,69019,69020,69021,69022,69023,69024,69026,69027,69028,69029,69030,69031,69032,69033,69034,69035,69036,69037,69038,69039,69040,69042,69043,69044,69045,69046,69047,69049,69050,69051,69052,69053,69054,69055,69056,69057,69058,69059,69060,69061,69062,69063,69064,69065,69066,69067,69068,69069,69070,69071,69072,69074,69075,69076,69077,69078,69080,69081,69082,69083,69084,69085,69086,69087,69088,69089,69090,69091,69092,69093,69094,69095,69096,69097,69098,69099,69100,69102,69103,69104,69105,69106,69107,69108,69109,69110,69111,69112,69113,69115,69116,69117,69118,69119,69120,69121,69122,69123,69124,69125,69126,69127,69130,69131,69132,69133,69134,69135,69136,69137,69138,69139,69140,69141,69142,69143,69145,69148,69149,69151,69153,69154,69155,69156,69157,69160,69161,69162,69163,69164,69165,69166,69167,69168,69169,69170,69171,69172,69173,69174,69175,69176,69177,69178,69179,69180,69181,69182,69183,69184,69186,69187,69188,69189,69190,69191,69192,69193,69194,69196,69197,69198,69199,69200,69201,69202,69203,69204,69205,69206,69207,69208,69209,69212,69214,69215,69216,69217,69218,69219,69220,69225,69227,69228,69229,69230,69231,69233,69234,69235,69236,69238,69239,69240,69241,69242,69243,69244,69245,69246,69248,69249,69250,69252,69253,69254,69255,69256,69257,69258,69259,69260,69261,69263,69264,69265,69266,69267,69268,69269,69270,69271,69272,69273,69275,69276,69277,69278,69279,69280,69281,69282,69283,69284,69285,69286,69287,69288,69289,69290,69291,69292,69293,69294,69295,69296,69297,69298,69299,69381,69382,69383,69384,69385,69386,69387,69388,69389,73001,73003,73004,73005,73006,73007,73008,73010,73011,73012,73013,73014,73015,73017,73018,73019,73020,73021,73022,73023,73024,73025,73026,73027,73028,73029,73030,73031,73032,73033,73034,73036,73039,73040,73041,73042,73043,73047,73048,73049,73050,73051,73052,73053,73054,73055,73057,73058,73059,73061,73063,73064,73065,73067,73068,73069,73070,73071,73072,73073,73074,73075,73076,73077,73078,73079,73081,73082,73083,73084,73085,73086,73087,73088,73089,73090,73091,73092,73094,73095,73096,73097,73098,73099,73100,73101,73103,73104,73105,73106,73107,73109,73110,73113,73114,73116,73117,73119,73120,73121,73122,73123,73124,73128,73129,73130,73131,73132,73133,73135,73137,73138,73139,73140,73141,73142,73145,73146,73147,73149,73150,73151,73152,73153,73154,73155,73156,73157,73159,73160,73161,73162,73164,73166,73168,73170,73171,73173,73175,73176,73177,73178,73179,73180,73181,73182,73183,73184,73186,73187,73188,73189,73190,73191,73192,73193,73194,73196,73197,73200,73201,73202,73204,73205,73206,73207,73208,73210,73211,73212,73213,73214,73215,73216,73217,73218,73219,73220,73221,73222,73223,73224,73225,73226,73227,73228,73229,73230,73231,73232,73233,73234,73235,73236,73237,73240,73241,73242,73243,73245,73246,73247,73248,73249,73250,73252,73253,73254,73255,73256,73257,73258,73259,73261,73262,73263,73265,73267,73268,73269,73270,73271,73272,73273,73274,73275,73276,73277,73278,73280,73281,73282,73283,73284,73285,73286,73288,73289,73290,73292,73293,73294,73296,73297,73298,73299,73300,73301,73302,73303,73304,73306,73307,73308,73309,73310,73311,73312,73313,73314,73315,73316,73317,73318,73320,73322,73323,73324,73326,73327,73328,73329,73330,74001,74002,74003,74004,74005,74006,74007,74008,74009,74010,74012,74013,74014,74015,74016,74018,74019,74020,74021,74024,74025,74026,74027,74029,74030,74031,74032,74033,74034,74035,74036,74037,74038,74040,74041,74042,74043,74044,74045,74046,74048,74049,74050,74051,74052,74053,74054,74055,74056,74057,74058,74059,74060,74061,74062,74063,74064,74065,74066,74067,74068,74069,74070,74071,74072,74073,74074,74075,74076,74077,74078,74079,74080,74081,74082,74083,74085,74086,74087,74088,74089,74090,74091,74094,74095,74096,74097,74098,74099,74100,74101,74102,74103,74104,74105,74106,74107,74108,74109,74111,74112,74114,74116,74117,74118,74119,74121,74122,74123,74124,74126,74127,74128,74129,74130,74131,74133,74134,74135,74136,74137,74138,74139,74140,74141,74142,74143,74144,74145,74146,74147,74148,74150,74151,74152,74153,74154,74155,74156,74157,74158,74159,74160,74161,74162,74163,74164,74165,74166,74167,74168,74169,74170,74171,74172,74173,74174,74175,74176,74177,74178,74179,74180,74183,74184,74185,74186,74188,74189,74190,74191,74192,74193,74194,74195,74196,74197,74198,74199,74200,74201,74202,74203,74205,74206,74208,74209,74210,74211,74212,74213,74215,74216,74218,74219,74220,74221,74222,74223,74224,74225,74226,74228,74229,74231,74232,74233,74234,74235,74236,74237,74238,74239,74240,74241,74242,74243,74244,74249,74250,74252,74253,74254,74255,74256,74257,74258,74259,74260,74261,74262,74263,74264,74265,74266,74267,74269,74271,74272,74273,74275,74276,74278,74279,74280,74281,74282,74283,74284,74285,74286,74287,74288,74289,74290,74291,74292,74293,74294,74295,74296,74297,74298,74299,74301,74302,74303,74304,74305,74306,74307,74308,74309,74310,74311,74312,74313,74314,74315}",SDER,2026-03-24 14:41:32.274366+01,gold_establishments_2025,,,,13002931700018,2025,Services de l'Etat,Région,"['Ain', 'Allier', 'Ardèche', 'Cantal', 'Drôme', 'Isère', 'Loire', 'Haute-Loire', 'Puy-de-Dôme', 'Rhô",['Auvergne-Rhône-Alpes'],DREETS,"{01,03,07,15,26,38,42,43,63,69,73,74}",{84}
3c8b00b9-093b-4c3a-8e27-73c6f77d4e7d,130029234,DREETS Bourgogne-Franche-Comté,false,"{21001,21002,21003,21004,21005,21006,21007,21008,21009,21010,21011,21012,21013,21014,21015,21016,21017,21018,21020,21021,21022,21023,21024,21025,21026,21027,21028,21029,21030,21031,21032,21033,21034,21035,21036,21037,21038,21039,21040,21041,21042,21043,21044,21045,21046,21047,21048,21049,21050,21051,21052,21053,21054,21055,21056,21057,21058,21059,21060,21061,21062,21063,21064,21065,21066,21067,21068,21069,21070,21071,21072,21074,21075,21076,21077,21078,21079,21080,21081,21082,21083,21084,21085,21086,21087,21088,21089,21090,21091,21092,21093,21094,21095,21096,21097,21098,21099,21100,21101,21102,21103,21104,21105,21106,21107,21108,21109,21110,21111,21112,21113,21114,21115,21116,21117,21118,21119,21120,21121,21122,21123,21124,21125,21126,21127,21128,21129,21130,21131,21132,21133,21134,21135,21136,21137,21138,21139,21140,21141,21142,21143,21144,21145,21146,21147,21148,21149,21150,21151,21152,21153,21154,21155,21156,21157,21158,21159,21160,21161,21162,21163,21164,21165,21166,21167,21168,21169,21170,21171,21172,21173,21175,21176,21177,21178,21179,21180,21181,21182,21183,21184,21185,21186,21187,21189,21190,21191,21192,21193,21194,21195,21196,21197,21198,21199,21200,21201,21202,21203,21204,21205,21207,21208,21209,21210,21211,21212,21214,21215,21216,21217,21218,21219,21220,21221,21222,21223,21224,21225,21226,21227,21228,21229,21230,21231,21232,21233,21234,21235,21236,21237,21238,21239,21240,21241,21242,21243,21244,21245,21246,21247,21248,21249,21250,21251,21252,21253,21254,21255,21256,21257,21258,21259,21260,21261,21262,21263,21264,21265,21266,21267,21268,21269,21270,21271,21272,21273,21274,21275,21276,21277,21278,21279,21280,21281,21282,21283,21284,21285,21286,21287,21288,21289,21290,21291,21292,21293,21294,21295,21296,21297,21298,21299,21300,21301,21302,21303,21304,21305,21306,21307,21308,21309,21310,21311,21312,21313,21314,21315,21316,21317,21319,21320,21321,21322,21323,21324,21325,21326,21327,21328,21329,21330,21331,21332,21333,21334,21335,21336,21337,21338,21339,21340,21341,21342,21343,21344,21345,21346,21347,21348,21349,21350,21351,21352,21353,21354,21355,21356,21357,21358,21359,21360,21361,21362,21363,21364,21365,21366,21367,21368,21369,21370,21371,21372,21373,21374,21375,21376,21377,21378,21379,21380,21381,21382,21383,21384,21385,21386,21387,21388,21389,21390,21391,21392,21393,21394,21395,21396,21397,21398,21399,21400,21401,21402,21403,21404,21405,21406,21407,21408,21409,21410,21411,21412,21413,21414,21415,21416,21417,21418,21419,21420,21421,21422,21423,21424,21425,21426,21427,21428,21429,21430,21431,21432,21433,21434,21435,21436,21437,21438,21439,21440,21441,21442,21444,21445,21446,21447,21448,21449,21450,21451,21452,21454,21455,21456,21457,21458,21459,21460,21461,21462,21463,21464,21465,21466,21467,21468,21469,21470,21471,21472,21473,21474,21475,21476,21477,21478,21479,21480,21481,21482,21483,21484,21485,21487,21488,21489,21490,21491,21492,21493,21494,21495,21496,21497,21498,21499,21500,21501,21502,21503,21504,21505,21506,21508,21510,21511,21512,21514,21515,21516,21517,21518,21519,21520,21521,21522,21523,21524,21525,21526,21527,21528,21529,21530,21531,21532,21533,21534,21535,21536,21537,21538,21539,21540,21541,21542,21543,21544,21545,21546,21547,21548,21549,21550,21552,21553,21554,21555,21556,21557,21558,21559,21560,21561,21562,21563,21564,21565,21566,21567,21568,21569,21570,21571,21572,21573,21574,21575,21576,21577,21578,21579,21580,21581,21582,21583,21584,21585,21586,21587,21588,21589,21590,21591,21592,21593,21594,21595,21596,21597,21598,21599,21600,21601,21602,21603,21604,21605,21606,21607,21608,21609,21610,21611,21612,21613,21614,21615,21616,21617,21618,21619,21620,21622,21623,21624,21625,21626,21627,21628,21629,21630,21631,21632,21633,21634,21635,21636,21637,21638,21639,21640,21641,21642,21643,21644,21645,21646,21647,21648,21649,21650,21651,21652,21653,21655,21656,21657,21659,21660,21661,21662,21663,21664,21665,21666,21667,21669,21670,21671,21672,21673,21674,21675,21676,21677,21678,21679,21680,21681,21682,21683,21684,21685,21686,21687,21688,21689,21690,21691,21692,21693,21694,21695,21696,21698,21699,21700,21701,21702,21703,21704,21705,21706,21707,21708,21709,21710,21711,21712,21713,21714,21715,21716,21717,25001,25002,25003,25004,25005,25006,25007,25008,25009,25011,25012,25013,25014,25015,25016,25017,25018,25019,25020,25021,25022,25024,25025,25026,25029,25030,25031,25032,25033,25035,25036,25038,25039,25040,25041,25042,25043,25044,25045,25046,25047,25048,25049,25050,25051,25052,25053,25054,25055,25056,25057,25058,25059,25060,25061,25062,25063,25065,25066,25067,25070,25071,25072,25073,25074,25075,25077,25078,25079,25082,25083,25084,25085,25086,25087,25088,25089,25090,25091,25092,25093,25094,25095,25096,25097,25098,25099,25100,25101,25102,25103,25104,25105,25106,25107,25108,25109,25110,25111,25112,25113,25114,25115,25116,25117,25119,25120,25121,25122,25124,25125,25126,25127,25129,25130,25131,25132,25133,25136,25138,25139,25141,25142,25143,25145,25147,25148,25149,25150,25151,25152,25153,25154,25155,25156,25157,25159,25160,25161,25162,25163,25164,25166,25170,25171,25172,25173,25174,25175,25176,25177,25178,25179,25180,25181,25182,25183,25184,25185,25186,25187,25188,25189,25190,25191,25192,25193,25194,25195,25196,25197,25198,25199,25200,25201,25202,25203,25204,25207,25208,25209,25210,25211,25212,25213,25214,25215,25216,25217,25218,25219,25220,25221,25222,25223,25224,25225,25226,25227,25228,25229,25230,25231,25232,25233,25234,25235,25236,25237,25238,25239,25240,25241,25242,25243,25244,25245,25246,25247,25248,25249,25251,25252,25253,25254,25255,25256,25257,25258,25259,25261,25262,25263,25264,25265,25266,25267,25268,25269,25270,25271,25273,25274,25275,25276,25277,25278,25279,25280,25281,25283,25284,25285,25286,25287,25288,25289,25290,25293,25295,25296,25298,25299,25300,25301,25304,25305,25306,25307,25308,25309,25310,25311,25312,25313,25314,25315,25316,25317,25318,25320,25321,25322,25323,25324,25325,25326,25327,25328,25329,25330,25331,25332,25333,25334,25335,25336,25338,25339,25340,25341,25342,25343,25344,25345,25346,25348,25349,25350,25351,25354,25355,25356,25357,25359,25360,25361,25362,25364,25365,25366,25367,25368,25369,25370,25371,25372,25373,25374,25375,25376,25377,25378,25379,25380,25381,25382,25383,25384,25385,25386,25387,25388,25389,25390,25391,25392,25393,25394,25395,25397,25400,25401,25402,25403,25404,25405,25406,25408,25410,25411,25413,25414,25415,25416,25417,25418,25419,25420,25421,25422,25424,25425,25426,25427,25428,25429,25430,25431,25432,25433,25434,25435,25436,25437,25438,25439,25440,25441,25442,25443,25444,25445,25446,25447,25448,25449,25450,25451,25452,25453,25454,25455,25456,25457,25458,25459,25460,25461,25462,25463,25464,25465,25466,25467,25468,25469,25470,25471,25472,25473,25474,25475,25476,25477,25478,25479,25481,25482,25483,25485,25486,25487,25488,25489,25490,25491,25492,25493,25494,25495,25496,25497,25498,25499,25500,25501,25502,25503,25504,25505,25506,25507,25508,25510,25511,25512,25513,25514,25515,25516,25517,25518,25519,25520,25521,25522,25523,25524,25525,25526,25527,25528,25529,25532,25534,25535,25536,25537,25538,25539,25540,25541,25542,25544,25545,25546,25547,25548,25550,25551,25552,25553,25554,25555,25556,25557,25558,25559,25560,25561,25562,25563,25564,25565,25566,25567,25569,25570,25571,25572,25573,25574,25575,25578,25579,25580,25582,25583,25584,25586,25588,25589,25590,25591,25592,25594,25595,25596,25597,25598,25599,25600,25601,25602,25604,25605,25607,25608,25609,25611,25612,25613,25614,25615,25616,25617,25618,25619,25621,25622,25623,25624,25625,25626,25627,25629,25630,25631,25632,25633,25634,25635,39001,39002,39003,39004,39006,39007,39008,39009,39010,39011,39013,39014,39015,39016,39017,39018,39019,39020,39021,39022,39024,39025,39026,39027,39028,39029,39030,39031,39032,39034,39035,39037,39038,39039,39040,39041,39042,39043,39045,39046,39047,39048,39049,39050,39051,39052,39053,39054,39055,39056,39057,39058,39059,39060,39061,39062,39063,39065,39066,39068,39070,39072,39073,39074,39076,39077,39078,39079,39080,39081,39083,39084,39085,39086,39088,39090,39091,39092,39093,39094,39095,39096,39097,39099,39100,39101,39102,39103,39104,39105,39106,39107,39108,39109,39110,39111,39112,39114,39116,39117,39118,39119,39120,39121,39122,39124,39126,39127,39128,39129,39130,39131,39132,39133,39134,39136,39137,39138,39139,39140,39141,39142,39143,39145,39146,39147,39149,39150,39151,39153,39154,39155,39156,39157,39159,39160,39162,39163,39164,39165,39166,39167,39168,39169,39170,39171,39172,39173,39174,39175,39176,39177,39178,39179,39180,39182,39183,39184,39185,39187,39188,39189,39190,39191,39192,39193,39194,39196,39197,39198,39199,39200,39201,39202,39203,39204,39205,39206,39207,39208,39209,39210,39211,39214,39216,39217,39218,39219,39220,39221,39222,39223,39225,39227,39228,39229,39230,39232,39233,39234,39235,39236,39237,39238,39239,39240,39241,39244,39245,39246,39247,39248,39249,39250,39251,39252,39253,39254,39255,39258,39259,39261,39262,39263,39265,39266,39267,39268,39269,39270,39271,39272,39273,39274,39275,39277,39278,39279,39280,39281,39282,39283,39284,39285,39286,39288,39289,39290,39291,39292,39293,39295,39296,39297,39298,39299,39300,39301,39302,39304,39305,39306,39307,39308,39310,39312,39313,39314,39315,39317,39318,39319,39320,39321,39322,39323,39324,39325,39326,39327,39328,39329,39330,39331,39333,39334,39335,39336,39337,39338,39339,39342,39343,39344,39345,39346,39348,39349,39350,39351,39352,39353,39354,39355,39356,39359,39360,39361,39362,39363,39364,39365,39366,39367,39368,39370,39372,39373,39375,39376,39377,39378,39379,39380,39381,39385,39386,39387,39388,39389,39390,39391,39392,39393,39394,39396,39397,39398,39399,39400,39401,39402,39403,39404,39405,39406,39407,39408,39409,39411,39412,39413,39415,39418,39419,39420,39421,39422,39423,39424,39425,39426,39427,39428,39429,39430,39431,39432,39434,39435,39436,39437,39439,39441,39443,39444,39445,39446,39447,39448,39449,39451,39452,39453,39454,39455,39456,39457,39458,39460,39461,39462,39463,39464,39465,39466,39467,39468,39469,39470,39471,39472,39473,39475,39476,39477,39478,39479,39480,39481,39485,39486,39487,39489,39490,39491,39492,39493,39494,39495,39497,39498,39499,39500,39501,39502,39503,39504,39505,39507,39508,39510,39511,39512,39513,39514,39517,39518,39519,39520,39522,39523,39525,39526,39527,39528,39529,39530,39531,39532,39533,39534,39535,39537,39538,39539,39540,39543,39545,39546,39547,39550,39551,39552,39553,39554,39555,39556,39557,39558,39559,39560,39561,39565,39567,39568,39569,39570,39571,39572,39573,39574,39575,39576,39577,39579,39581,39582,39583,39584,39585,39586,58001,58002,58003,58004,58005,58006,58007,58008,58009,58010,58011,58012,58013,58014,58015,58016,58017,58018,58019,58020,58021,58023,58024,58025,58026,58027,58028,58029,58030,58031,58032,58033,58034,58035,58036,58037,58038,58039,58040,58041,58042,58043,58044,58045,58046,58047,58048,58049,58050,58051,58052,58053,58054,58055,58056,58057,58058,58059,58060,58061,58062,58063,58064,58065,58066,58067,58068,58069,58070,58071,58072,58073,58074,58075,58076,58077,58078,58079,58080,58081,58082,58083,58084,58085,58086,58087,58088,58089,58090,58092,58093,58094,58095,58096,58097,58098,58099,58101,58102,58103,58104,58105,58106,58107,58108,58109,58110,58111,58112,58113,58114,58115,58116,58117,58118,58119,58120,58121,58122,58123,58124,58125,58126,58127,58128,58129,58130,58131,58132,58133,58134,58135,58136,58137,58138,58139,58140,58141,58142,58143,58144,58145,58146,58147,58148,58149,58150,58151,58152,58153,58154,58155,58156,58157,58158,58159,58160,58161,58162,58163,58164,58165,58166,58168,58169,58170,58171,58172,58173,58174,58175,58176,58177,58178,58179,58180,58181,58182,58183,58184,58185,58186,58187,58188,58189,58190,58191,58192,58193,58194,58195,58196,58197,58198,58199,58200,58201,58202,58203,58204,58205,58206,58207,58208,58209,58210,58211,58212,58213,58214,58215,58216,58217,58218,58219,58220,58221,58222,58223,58224,58225,58226,58227,58228,58229,58230,58231,58232,58233,58234,58235,58236,58237,58238,58239,58240,58241,58242,58243,58244,58245,58246,58247,58248,58249,58250,58251,58252,58253,58254,58255,58256,58257,58258,58259,58260,58261,58262,58263,58264,58265,58266,58267,58268,58269,58270,58271,58272,58273,58274,58275,58276,58277,58278,58279,58280,58281,58282,58283,58284,58285,58286,58287,58288,58289,58290,58291,58292,58293,58294,58295,58296,58297,58298,58299,58300,58301,58302,58303,58304,58305,58306,58307,58308,58309,58310,58311,58312,58313,70001,70002,70003,70004,70005,70006,70007,70008,70009,70010,70011,70012,70013,70014,70015,70016,70017,70018,70019,70020,70021,70022,70023,70024,70025,70026,70027,70028,70029,70030,70031,70032,70035,70036,70037,70038,70039,70040,70041,70042,70043,70044,70045,70046,70047,70048,70049,70050,70051,70052,70053,70054,70055,70056,70057,70058,70059,70060,70061,70062,70063,70064,70065,70066,70067,70069,70070,70071,70072,70074,70075,70076,70077,70078,70079,70080,70081,70082,70083,70084,70085,70086,70087,70088,70089,70090,70091,70092,70093,70094,70095,70096,70097,70098,70099,70100,70101,70102,70103,70104,70105,70106,70107,70109,70111,70112,70113,70114,70115,70116,70117,70118,70119,70120,70121,70122,70124,70125,70126,70127,70128,70129,70130,70132,70133,70134,70135,70136,70137,70138,70140,70141,70142,70143,70144,70145,70146,70147,70148,70149,70150,70151,70152,70153,70154,70155,70156,70157,70158,70159,70160,70162,70163,70164,70165,70166,70167,70168,70169,70170,70171,70172,70174,70175,70176,70177,70178,70179,70180,70181,70182,70183,70184,70185,70186,70187,70188,70189,70190,70192,70193,70194,70195,70196,70197,70198,70199,70200,70201,70202,70203,70204,70205,70206,70207,70208,70210,70211,70213,70214,70215,70216,70217,70218,70219,70220,70221,70222,70224,70225,70226,70227,70228,70229,70230,70231,70232,70233,70234,70235,70236,70237,70238,70239,70240,70242,70243,70244,70245,70247,70248,70249,70250,70251,70252,70253,70254,70255,70256,70257,70258,70259,70260,70261,70262,70263,70265,70267,70268,70269,70271,70272,70273,70274,70275,70276,70277,70278,70279,70280,70282,70283,70284,70285,70286,70287,70288,70289,70290,70291,70292,70293,70294,70295,70296,70297,70298,70299,70301,70302,70303,70304,70305,70306,70307,70308,70309,70310,70311,70312,70313,70314,70315,70316,70317,70318,70319,70320,70321,70322,70323,70324,70325,70326,70327,70328,70329,70330,70331,70332,70334,70335,70336,70337,70338,70339,70340,70341,70342,70343,70344,70347,70348,70349,70350,70351,70352,70353,70355,70356,70357,70358,70359,70360,70361,70362,70363,70364,70366,70367,70368,70369,70371,70372,70373,70374,70376,70378,70380,70381,70383,70384,70385,70386,70387,70388,70389,70390,70392,70393,70394,70395,70396,70397,70398,70399,70400,70401,70402,70403,70404,70405,70406,70407,70408,70409,70410,70411,70412,70413,70414,70415,70416,70417,70418,70419,70420,70421,70422,70423,70425,70426,70427,70428,70429,70430,70431,70432,70433,70435,70436,70437,70438,70439,70440,70441,70442,70443,70444,70445,70446,70447,70448,70449,70450,70451,70452,70453,70454,70455,70456,70457,70459,70460,70461,70462,70463,70464,70466,70467,70468,70469,70470,70471,70472,70473,70474,70476,70477,70478,70479,70480,70481,70482,70483,70484,70485,70486,70487,70488,70489,70490,70491,70492,70493,70494,70496,70498,70499,70500,70501,70502,70503,70504,70505,70506,70507,70509,70510,70511,70512,70513,70514,70515,70516,70517,70518,70519,70520,70521,70522,70523,70524,70525,70526,70527,70528,70529,70531,70532,70533,70534,70535,70536,70537,70538,70539,70540,70541,70542,70544,70545,70546,70547,70548,70549,70550,70552,70553,70554,70555,70558,70559,70560,70561,70562,70563,70564,70565,70566,70567,70568,70569,70571,70572,70573,70574,70575,70576,70577,70578,70579,70580,70581,70582,70583,71001,71002,71003,71004,71005,71006,71007,71008,71009,71010,71011,71012,71013,71014,71015,71016,71017,71018,71019,71020,71021,71022,71023,71024,71025,71026,71027,71028,71029,71030,71031,71032,71033,71034,71035,71036,71037,71038,71039,71040,71041,71042,71043,71044,71045,71046,71047,71048,71050,71051,71052,71054,71056,71057,71058,71059,71060,71061,71062,71063,71064,71065,71066,71067,71068,71069,71070,71071,71072,71073,71074,71075,71076,71077,71078,71079,71080,71081,71082,71084,71085,71086,71087,71088,71089,71090,71091,71092,71093,71094,71095,71096,71097,71098,71099,71100,71101,71102,71103,71104,71105,71106,71107,71108,71109,71110,71111,71112,71113,71115,71116,71117,71118,71119,71120,71121,71122,71123,71124,71125,71126,71127,71128,71129,71130,71132,71133,71134,71135,71136,71137,71139,71140,71141,71142,71143,71144,71145,71146,71147,71148,71149,71150,71151,71152,71153,71154,71155,71156,71157,71158,71159,71160,71161,71162,71163,71164,71165,71166,71167,71168,71169,71170,71171,71172,71173,71174,71175,71176,71177,71178,71179,71181,71182,71183,71184,71185,71186,71187,71188,71189,71190,71191,71192,71193,71194,71195,71196,71198,71199,71200,71201,71202,71203,71204,71205,71206,71207,71208,71209,71210,71212,71213,71214,71215,71216,71217,71218,71219,71220,71221,71222,71223,71224,71225,71226,71227,71228,71229,71230,71231,71232,71233,71234,71235,71236,71237,71238,71239,71240,71241,71242,71243,71244,71245,71246,71247,71248,71249,71250,71251,71252,71253,71254,71255,71256,71257,71258,71259,71261,71262,71263,71264,71266,71267,71268,71269,71270,71271,71272,71273,71274,71275,71276,71277,71278,71279,71280,71281,71282,71283,71284,71285,71286,71287,71289,71290,71291,71292,71293,71294,71295,71296,71297,71299,71300,71301,71302,71303,71305,71306,71307,71308,71309,71310,71311,71312,71313,71314,71315,71316,71317,71318,71319,71320,71321,71322,71323,71324,71325,71326,71327,71328,71329,71330,71331,71332,71333,71334,71335,71336,71337,71338,71339,71340,71341,71342,71343,71344,71345,71346,71347,71348,71349,71350,71351,71352,71353,71354,71355,71356,71357,71358,71359,71360,71361,71362,71363,71364,71365,71366,71367,71368,71369,71370,71371,71372,71373,71374,71376,71377,71378,71379,71380,71381,71382,71383,71384,71385,71386,71387,71388,71389,71390,71391,71392,71393,71394,71395,71396,71397,71398,71399,71400,71401,71402,71403,71404,71405,71406,71407,71408,71409,71410,71411,71412,71413,71414,71415,71416,71417,71419,71420,71421,71422,71423,71424,71425,71426,71427,71428,71430,71431,71433,71434,71435,71436,71437,71438,71439,71440,71441,71442,71443,71444,71445,71446,71447,71448,71449,71450,71451,71452,71453,71454,71455,71456,71457,71458,71459,71460,71461,71462,71463,71464,71465,71466,71468,71469,71470,71471,71472,71473,71474,71475,71477,71478,71479,71480,71481,71482,71483,71484,71485,71486,71487,71488,71489,71490,71491,71493,71494,71495,71496,71497,71498,71499,71500,71501,71502,71503,71504,71505,71506,71507,71508,71509,71510,71512,71513,71514,71515,71516,71517,71518,71519,71520,71521,71522,71523,71524,71525,71526,71527,71528,71529,71530,71531,71532,71533,71534,71535,71537,71538,71539,71540,71541,71542,71543,71544,71545,71546,71547,71548,71549,71550,71551,71552,71553,71554,71555,71556,71557,71558,71559,71561,71562,71563,71564,71565,71566,71567,71568,71570,71571,71572,71573,71574,71576,71577,71578,71579,71580,71581,71582,71583,71584,71585,71586,71588,71589,71590,71591,89002,89003,89004,89005,89006,89007,89008,89009,89010,89011,89012,89013,89014,89015,89016,89017,89018,89019,89020,89021,89022,89023,89024,89025,89027,89028,89029,89030,89031,89032,89033,89034,89035,89036,89037,89038,89039,89040,89041,89042,89043,89044,89045,89046,89048,89049,89050,89051,89053,89054,89055,89056,89057,89058,89059,89060,89061,89062,89063,89064,89065,89066,89067,89068,89069,89071,89072,89073,89074,89075,89076,89077,89079,89080,89081,89083,89084,89085,89086,89087,89088,89089,89091,89092,89093,89094,89095,89096,89098,89099,89100,89101,89102,89104,89105,89108,89111,89112,89113,89115,89116,89117,89118,89119,89120,89122,89123,89124,89125,89126,89127,89128,89129,89130,89131,89132,89133,89134,89136,89137,89139,89141,89142,89143,89144,89145,89146,89147,89148,89149,89150,89151,89152,89153,89154,89155,89156,89158,89159,89160,89161,89162,89163,89164,89165,89167,89168,89169,89170,89171,89172,89173,89175,89176,89177,89179,89180,89181,89182,89183,89184,89186,89187,89188,89189,89190,89191,89194,89195,89196,89197,89198,89199,89200,89201,89202,89203,89204,89205,89206,89207,89208,89209,89210,89211,89212,89214,89215,89216,89217,89218,89219,89220,89221,89222,89223,89224,89225,89226,89227,89228,89229,89230,89232,89233,89234,89235,89236,89237,89238,89239,89240,89242,89244,89245,89246,89247,89248,89249,89250,89251,89252,89253,89254,89255,89256,89257,89259,89261,89262,89263,89264,89265,89266,89267,89268,89270,89271,89272,89273,89274,89276,89277,89278,89279,89280,89281,89282,89283,89284,89285,89286,89287,89288,89289,89290,89291,89292,89295,89296,89297,89298,89299,89300,89302,89303,89304,89306,89307,89308,89309,89310,89311,89312,89313,89314,89315,89316,89318,89319,89320,89321,89323,89324,89325,89326,89327,89328,89329,89331,89332,89333,89334,89335,89336,89337,89338,89339,89341,89342,89344,89345,89346,89347,89348,89349,89350,89351,89352,89353,89354,89355,89359,89360,89361,89362,89363,89364,89365,89367,89368,89369,89370,89371,89373,89374,89375,89376,89377,89378,89379,89380,89382,89383,89384,89385,89386,89387,89388,89390,89391,89392,89393,89394,89395,89397,89398,89399,89400,89402,89403,89404,89405,89406,89407,89408,89409,89410,89411,89412,89413,89414,89415,89416,89417,89418,89419,89420,89422,89423,89424,89425,89426,89427,89428,89430,89431,89432,89433,89434,89436,89437,89438,89439,89440,89441,89442,89443,89445,89446,89447,89449,89450,89451,89452,89453,89456,89458,89459,89460,89461,89462,89463,89464,89465,89466,89467,89468,89469,89470,89471,89472,89474,89475,89477,89478,89479,89480,89481,89482,89483,89485,89486,90001,90002,90003,90004,90005,90006,90007,90008,90009,90010,90011,90012,90013,90014,90015,90016,90017,90018,90019,90020,90021,90022,90023,90024,90025,90026,90027,90028,90029,90030,90031,90032,90033,90034,90035,90036,90037,90039,90041,90042,90043,90044,90045,90046,90047,90048,90049,90050,90051,90052,90053,90054,90055,90056,90057,90058,90059,90060,90061,90062,90063,90064,90065,90066,90067,90068,90069,90070,90071,90072,90074,90075,90076,90077,90078,90079,90080,90081,90082,90083,90084,90085,90086,90087,90088,90089,90090,90091,90093,90094,90095,90096,90097,90098,90099,90100,90101,90102,90103,90104,90105}",SDER,2026-03-24 14:41:32.274366+01,gold_establishments_2025,,,,13002923400015,2025,Services de l'Etat,Région,"['Côte-dOr', 'Doubs', 'Jura', 'Nièvre', 'Haute-Saône', 'Saône-et-Loire', 'Yonne', 'Territoire de Bel",['Bourgogne-Franche-Comté'],DREETS,"{21,25,39,58,70,71,89,90}",{27}
df57045a-87c6-47cd-a305-85f9bbc55059,130029259,DREETS Bretagne,false,"{22001,22002,22003,22004,22005,22006,22008,22009,22011,22012,22013,22014,22015,22016,22018,22019,22020,22021,22023,22024,22025,22026,22028,22029,22030,22031,22032,22033,22034,22035,22036,22037,22039,22040,22041,22042,22044,22045,22046,22047,22048,22049,22050,22052,22053,22054,22055,22056,22057,22059,22060,22061,22062,22063,22064,22065,22067,22068,22069,22070,22071,22072,22073,22074,22075,22076,22077,22079,22081,22082,22083,22084,22085,22086,22087,22088,22090,22091,22092,22093,22094,22095,22096,22097,22098,22099,22101,22103,22104,22105,22106,22107,22108,22109,22110,22111,22112,22113,22114,22115,22116,22117,22118,22119,22121,22122,22124,22126,22127,22128,22129,22131,22132,22133,22134,22135,22136,22137,22138,22139,22140,22141,22143,22144,22145,22146,22147,22148,22149,22150,22152,22153,22155,22156,22157,22158,22160,22161,22162,22163,22164,22165,22166,22168,22169,22170,22171,22172,22174,22175,22176,22177,22178,22179,22180,22181,22182,22183,22184,22185,22186,22187,22188,22189,22190,22193,22194,22195,22196,22197,22198,22199,22201,22202,22203,22204,22205,22206,22207,22208,22209,22210,22211,22212,22213,22214,22215,22216,22217,22218,22219,22220,22221,22222,22223,22224,22225,22226,22227,22228,22229,22231,22232,22233,22234,22235,22236,22237,22238,22239,22240,22241,22242,22243,22244,22245,22246,22248,22249,22250,22251,22254,22255,22256,22257,22258,22259,22260,22261,22262,22263,22264,22265,22266,22267,22268,22269,22271,22272,22273,22274,22275,22276,22277,22278,22279,22280,22281,22282,22283,22284,22285,22286,22287,22288,22289,22291,22293,22294,22295,22296,22299,22300,22302,22304,22305,22306,22307,22308,22310,22311,22312,22313,22314,22315,22316,22317,22318,22319,22320,22321,22322,22323,22324,22325,22326,22327,22328,22330,22331,22332,22333,22334,22335,22337,22338,22339,22340,22341,22342,22343,22344,22345,22346,22347,22348,22349,22350,22351,22352,22353,22354,22356,22358,22359,22360,22361,22362,22363,22364,22365,22366,22368,22369,22370,22371,22372,22373,22375,22376,22377,22378,22379,22380,22381,22383,22384,22385,22386,22387,22388,22389,22390,22391,29001,29002,29003,29004,29005,29006,29007,29008,29010,29011,29012,29013,29014,29015,29016,29017,29018,29019,29020,29021,29022,29023,29024,29025,29026,29027,29028,29029,29030,29031,29032,29033,29034,29035,29036,29037,29038,29039,29040,29041,29042,29043,29044,29045,29046,29047,29048,29049,29051,29053,29054,29055,29056,29057,29058,29059,29060,29061,29062,29063,29064,29065,29066,29067,29068,29069,29070,29071,29072,29073,29074,29075,29076,29077,29078,29079,29080,29081,29082,29083,29084,29085,29086,29087,29089,29090,29091,29093,29094,29095,29097,29098,29099,29100,29101,29102,29103,29104,29105,29106,29107,29108,29109,29110,29111,29112,29113,29114,29115,29116,29117,29119,29120,29122,29123,29124,29125,29126,29128,29130,29131,29132,29133,29134,29135,29136,29137,29139,29140,29141,29142,29143,29144,29145,29146,29147,29148,29150,29151,29152,29153,29155,29156,29158,29159,29160,29161,29162,29163,29165,29166,29167,29168,29169,29170,29171,29172,29173,29174,29175,29176,29177,29178,29179,29180,29181,29182,29183,29184,29185,29186,29187,29188,29189,29190,29191,29192,29193,29195,29196,29197,29198,29199,29201,29202,29204,29205,29206,29207,29208,29209,29210,29211,29212,29213,29214,29215,29216,29217,29218,29220,29221,29222,29224,29225,29226,29227,29228,29229,29230,29232,29233,29234,29235,29236,29237,29238,29239,29240,29241,29243,29244,29245,29246,29247,29248,29249,29250,29251,29252,29254,29255,29256,29257,29259,29260,29261,29262,29263,29264,29265,29266,29267,29268,29269,29270,29271,29272,29273,29274,29275,29276,29277,29278,29279,29280,29281,29282,29284,29285,29286,29287,29288,29289,29290,29291,29292,29293,29294,29295,29296,29297,29298,29299,29300,29301,29302,35001,35002,35003,35004,35005,35006,35007,35008,35009,35010,35012,35013,35014,35015,35016,35017,35018,35019,35021,35022,35023,35024,35025,35026,35027,35028,35029,35030,35031,35032,35033,35034,35035,35037,35038,35039,35040,35041,35042,35044,35045,35046,35047,35049,35050,35051,35052,35054,35055,35056,35057,35058,35059,35060,35061,35062,35063,35064,35065,35066,35067,35068,35069,35070,35071,35072,35075,35076,35077,35078,35079,35080,35081,35082,35084,35085,35086,35087,35088,35089,35090,35091,35092,35093,35094,35095,35096,35097,35098,35099,35101,35102,35103,35104,35105,35106,35107,35108,35109,35110,35111,35114,35115,35116,35117,35118,35119,35120,35121,35122,35123,35124,35125,35126,35127,35128,35130,35131,35132,35133,35134,35135,35136,35137,35138,35139,35140,35141,35142,35143,35144,35145,35146,35148,35149,35150,35151,35152,35153,35154,35155,35156,35157,35159,35160,35161,35162,35163,35164,35165,35166,35167,35168,35169,35170,35171,35172,35173,35174,35175,35176,35177,35178,35179,35180,35181,35183,35184,35185,35186,35187,35188,35189,35190,35191,35192,35193,35194,35195,35196,35197,35198,35199,35200,35201,35202,35203,35204,35205,35206,35207,35208,35210,35211,35212,35214,35215,35216,35217,35218,35219,35220,35221,35222,35223,35224,35225,35226,35227,35228,35229,35230,35231,35232,35233,35234,35235,35236,35237,35238,35239,35240,35241,35242,35243,35244,35245,35246,35247,35248,35249,35250,35251,35252,35253,35255,35256,35257,35258,35259,35260,35261,35262,35263,35264,35265,35266,35268,35270,35271,35272,35273,35274,35275,35276,35277,35278,35279,35280,35281,35282,35283,35284,35285,35286,35287,35288,35289,35290,35291,35292,35294,35295,35296,35297,35299,35300,35302,35304,35305,35306,35307,35308,35309,35310,35311,35312,35314,35315,35316,35317,35318,35319,35320,35321,35322,35324,35325,35326,35327,35328,35329,35330,35331,35332,35333,35334,35335,35336,35337,35338,35339,35340,35342,35343,35345,35346,35347,35350,35351,35352,35353,35354,35355,35356,35357,35358,35359,35360,35361,35362,35363,56001,56002,56003,56004,56005,56006,56007,56008,56009,56010,56011,56012,56013,56014,56015,56017,56018,56019,56020,56021,56022,56023,56024,56025,56026,56027,56028,56029,56030,56031,56032,56033,56034,56035,56036,56039,56040,56041,56042,56043,56044,56045,56046,56047,56048,56050,56051,56052,56053,56054,56055,56056,56057,56058,56060,56061,56062,56063,56065,56066,56067,56068,56069,56070,56071,56072,56073,56074,56075,56076,56077,56078,56079,56080,56081,56082,56083,56084,56085,56086,56087,56088,56089,56090,56091,56092,56093,56094,56096,56097,56098,56099,56100,56101,56102,56103,56104,56105,56106,56107,56108,56109,56110,56111,56112,56113,56114,56115,56116,56117,56118,56119,56120,56121,56122,56123,56124,56125,56126,56127,56128,56129,56130,56131,56132,56133,56134,56135,56136,56137,56139,56140,56141,56143,56144,56145,56146,56147,56148,56149,56151,56152,56153,56154,56155,56156,56157,56158,56159,56160,56161,56162,56163,56164,56165,56166,56167,56168,56169,56170,56171,56172,56173,56174,56175,56176,56177,56178,56179,56180,56181,56182,56184,56185,56186,56188,56189,56190,56191,56193,56194,56195,56196,56197,56198,56199,56200,56201,56202,56203,56204,56205,56206,56207,56208,56209,56210,56211,56212,56213,56214,56215,56216,56218,56219,56220,56221,56222,56223,56224,56225,56226,56227,56228,56229,56230,56231,56232,56233,56234,56236,56237,56238,56239,56240,56241,56242,56243,56244,56245,56246,56247,56248,56249,56250,56251,56252,56253,56254,56255,56256,56257,56258,56259,56260,56261,56262,56263,56264}",SDER,2026-03-24 14:41:32.274366+01,gold_establishments_2025,,,,13002925900012,2025,Services de l'Etat,Région,"['Côtes-dArmor', 'Finistère', 'Ille-et-Vilaine', 'Morbihan']",['Bretagne'],DREETS,"{22,29,35,56}",{53}
6b6e530b-d6a1-4e53-9f15-b592c3495789,130029242,DREETS Centre-Val de Loire,false,"{18001,18002,18003,18004,18005,18006,18007,18008,18009,18010,18011,18012,18013,18014,18015,18016,18017,18018,18019,18020,18021,18022,18023,18024,18025,18026,18027,18028,18029,18030,18031,18032,18033,18034,18035,18036,18037,18038,18039,18040,18041,18042,18043,18044,18045,18046,18047,18048,18049,18050,18051,18052,18053,18054,18055,18056,18057,18058,18059,18060,18061,18062,18063,18064,18065,18066,18067,18068,18069,18070,18071,18072,18073,18074,18075,18076,18077,18078,18079,18080,18081,18082,18083,18084,18085,18086,18087,18088,18089,18090,18091,18092,18093,18094,18095,18096,18097,18098,18099,18100,18101,18102,18103,18104,18105,18106,18107,18108,18109,18110,18111,18112,18113,18114,18115,18116,18117,18118,18119,18120,18121,18122,18124,18125,18126,18127,18128,18129,18130,18132,18133,18134,18135,18136,18137,18138,18139,18140,18141,18142,18143,18144,18145,18146,18147,18148,18149,18150,18151,18152,18153,18154,18155,18156,18157,18158,18159,18160,18161,18162,18163,18164,18165,18166,18167,18168,18169,18170,18171,18172,18173,18174,18175,18176,18177,18178,18179,18180,18181,18182,18183,18184,18185,18186,18187,18188,18189,18190,18191,18192,18193,18194,18195,18196,18197,18198,18199,18200,18201,18202,18203,18204,18205,18206,18207,18208,18209,18210,18211,18212,18213,18214,18215,18216,18217,18218,18219,18220,18221,18223,18224,18225,18226,18227,18228,18229,18230,18231,18232,18233,18234,18235,18236,18237,18238,18240,18241,18242,18243,18244,18245,18246,18247,18248,18249,18250,18251,18252,18253,18254,18255,18256,18257,18258,18259,18260,18261,18262,18263,18264,18265,18266,18267,18268,18269,18270,18271,18272,18273,18274,18275,18276,18277,18278,18279,18280,18281,18282,18283,18284,18285,18286,18287,18288,18289,18290,28001,28003,28004,28005,28006,28007,28008,28009,28010,28012,28013,28014,28015,28016,28018,28019,28021,28022,28023,28024,28026,28027,28028,28029,28030,28031,28032,28033,28034,28035,28036,28037,28038,28039,28040,28041,28045,28046,28047,28048,28049,28050,28051,28052,28053,28054,28055,28056,28057,28058,28059,28060,28061,28062,28064,28065,28067,28068,28070,28071,28072,28073,28074,28075,28076,28077,28078,28079,28080,28081,28082,28084,28085,28086,28087,28088,28089,28090,28091,28092,28094,28095,28096,28098,28099,28100,28102,28103,28104,28105,28106,28107,28108,28109,28110,28111,28113,28114,28116,28117,28118,28119,28120,28121,28122,28123,28124,28126,28127,28128,28129,28130,28132,28134,28135,28136,28137,28139,28140,28141,28142,28143,28144,28146,28147,28148,28149,28151,28153,28154,28155,28156,28157,28158,28159,28160,28161,28162,28163,28164,28166,28167,28168,28169,28170,28171,28172,28173,28175,28176,28177,28178,28180,28182,28183,28184,28185,28187,28188,28189,28190,28191,28192,28193,28194,28195,28196,28197,28198,28199,28200,28201,28202,28203,28206,28207,28208,28209,28210,28211,28212,28213,28214,28215,28216,28217,28218,28219,28220,28221,28222,28223,28225,28226,28227,28229,28230,28231,28232,28233,28234,28235,28236,28237,28239,28240,28242,28243,28245,28246,28247,28248,28249,28251,28252,28253,28254,28255,28256,28257,28259,28260,28261,28263,28264,28265,28267,28268,28269,28270,28271,28272,28273,28274,28275,28277,28278,28279,28280,28281,28282,28283,28284,28285,28286,28287,28289,28290,28291,28292,28293,28294,28296,28298,28299,28300,28301,28302,28303,28304,28305,28306,28308,28309,28310,28312,28313,28314,28315,28316,28317,28319,28321,28322,28323,28324,28325,28326,28327,28329,28330,28331,28332,28333,28334,28335,28336,28337,28339,28341,28342,28343,28344,28346,28347,28348,28349,28350,28351,28352,28353,28354,28355,28357,28358,28359,28360,28362,28363,28364,28365,28366,28367,28368,28369,28370,28371,28372,28373,28374,28375,28377,28378,28379,28380,28382,28383,28385,28386,28387,28388,28389,28390,28391,28392,28393,28394,28395,28396,28397,28398,28400,28401,28403,28404,28405,28406,28407,28408,28409,28410,28411,28414,28415,28417,28418,28419,28421,28422,28423,28424,28425,28426,36001,36002,36003,36004,36005,36006,36007,36008,36009,36010,36011,36012,36013,36014,36015,36016,36017,36018,36019,36020,36021,36022,36023,36024,36025,36026,36027,36028,36029,36030,36031,36032,36033,36034,36035,36036,36037,36038,36040,36041,36042,36043,36044,36045,36046,36047,36048,36049,36050,36051,36052,36053,36054,36055,36056,36057,36058,36059,36060,36061,36062,36063,36064,36065,36066,36067,36068,36069,36070,36071,36073,36074,36075,36076,36077,36078,36079,36080,36081,36082,36083,36084,36085,36086,36087,36088,36089,36090,36091,36092,36093,36094,36095,36096,36097,36098,36099,36100,36101,36102,36103,36104,36105,36106,36107,36108,36109,36110,36111,36112,36113,36114,36115,36116,36117,36118,36119,36120,36121,36122,36123,36124,36125,36126,36127,36128,36129,36130,36131,36132,36133,36134,36135,36136,36137,36138,36139,36140,36141,36142,36143,36144,36145,36146,36147,36148,36149,36150,36152,36153,36154,36155,36156,36157,36158,36159,36160,36161,36162,36163,36164,36165,36166,36167,36168,36169,36170,36171,36172,36173,36174,36175,36176,36177,36178,36179,36180,36181,36182,36184,36185,36186,36187,36188,36189,36190,36191,36192,36193,36194,36195,36196,36197,36198,36199,36200,36202,36203,36204,36205,36207,36208,36209,36210,36211,36212,36213,36214,36215,36216,36217,36218,36219,36220,36221,36222,36223,36224,36225,36226,36227,36228,36229,36230,36231,36232,36233,36234,36235,36236,36237,36238,36239,36240,36241,36242,36243,36244,36246,36247,36248,37001,37002,37003,37004,37005,37006,37007,37008,37009,37010,37011,37012,37013,37014,37015,37016,37018,37019,37020,37021,37022,37023,37024,37025,37026,37027,37028,37029,37030,37031,37032,37033,37034,37035,37036,37037,37038,37039,37040,37041,37042,37043,37044,37045,37046,37047,37048,37049,37050,37051,37052,37053,37054,37055,37056,37057,37058,37059,37060,37061,37062,37063,37064,37065,37066,37067,37068,37069,37070,37071,37072,37073,37074,37075,37076,37077,37078,37079,37080,37081,37082,37083,37084,37085,37086,37087,37088,37089,37090,37091,37092,37093,37094,37095,37096,37097,37098,37099,37100,37101,37103,37104,37105,37106,37107,37108,37109,37110,37111,37112,37113,37114,37115,37116,37117,37118,37119,37121,37122,37123,37124,37125,37126,37127,37128,37129,37130,37131,37132,37133,37134,37136,37137,37138,37139,37140,37141,37142,37143,37144,37145,37146,37147,37148,37149,37150,37151,37152,37153,37154,37155,37156,37157,37158,37159,37160,37161,37162,37163,37165,37166,37167,37168,37169,37170,37171,37172,37173,37174,37175,37176,37177,37178,37179,37180,37181,37182,37183,37184,37185,37186,37187,37188,37189,37190,37191,37192,37193,37194,37195,37196,37197,37198,37199,37200,37201,37202,37203,37204,37205,37206,37207,37208,37210,37211,37212,37213,37214,37216,37217,37218,37219,37220,37221,37222,37223,37224,37225,37226,37228,37229,37230,37231,37232,37233,37234,37236,37237,37238,37240,37241,37242,37243,37244,37245,37246,37247,37248,37249,37250,37251,37252,37253,37254,37255,37256,37257,37258,37259,37260,37261,37262,37263,37264,37265,37266,37267,37268,37269,37270,37271,37272,37273,37274,37275,37276,37277,37278,37279,37280,37281,37282,41001,41002,41003,41004,41006,41007,41008,41009,41010,41012,41013,41014,41016,41017,41018,41019,41020,41022,41024,41025,41026,41027,41028,41029,41030,41031,41032,41034,41035,41036,41037,41038,41039,41040,41041,41042,41043,41044,41045,41046,41047,41048,41049,41050,41051,41052,41053,41054,41055,41057,41058,41059,41060,41061,41062,41063,41065,41066,41067,41068,41069,41070,41071,41072,41073,41074,41075,41077,41078,41079,41080,41081,41083,41084,41085,41086,41087,41088,41089,41090,41091,41093,41094,41095,41096,41097,41098,41099,41100,41101,41102,41103,41104,41105,41106,41107,41108,41109,41110,41112,41113,41114,41115,41116,41118,41119,41120,41121,41122,41123,41124,41125,41126,41127,41128,41129,41130,41131,41132,41134,41135,41136,41137,41138,41139,41140,41141,41142,41143,41144,41145,41146,41147,41148,41149,41150,41151,41152,41153,41154,41155,41156,41157,41158,41159,41160,41161,41163,41164,41166,41167,41168,41171,41172,41173,41174,41175,41176,41177,41178,41179,41180,41181,41182,41184,41185,41186,41187,41188,41189,41190,41191,41192,41193,41194,41195,41196,41198,41199,41200,41201,41203,41204,41205,41206,41207,41208,41209,41211,41212,41213,41214,41215,41216,41217,41218,41219,41220,41221,41222,41223,41224,41225,41226,41228,41229,41230,41231,41232,41233,41234,41235,41236,41237,41238,41239,41241,41242,41243,41245,41246,41247,41248,41249,41250,41251,41252,41253,41254,41255,41256,41258,41259,41260,41261,41262,41265,41266,41267,41268,41269,41271,41273,41274,41275,41276,41277,41278,41279,41280,41281,41282,41283,41284,41285,41286,41287,41288,41289,41290,41291,41292,41293,41294,41295,41296,41297,45001,45002,45004,45005,45006,45008,45009,45010,45011,45012,45013,45014,45015,45016,45017,45018,45019,45020,45021,45022,45023,45024,45025,45026,45027,45028,45029,45030,45031,45032,45033,45034,45035,45036,45037,45038,45039,45040,45041,45042,45043,45044,45045,45046,45047,45049,45050,45051,45052,45053,45054,45055,45056,45058,45059,45060,45061,45062,45063,45064,45065,45066,45067,45068,45069,45070,45072,45073,45074,45075,45076,45077,45078,45079,45080,45081,45082,45083,45084,45085,45086,45087,45088,45089,45091,45092,45093,45094,45095,45096,45097,45098,45099,45100,45101,45102,45103,45104,45105,45107,45108,45109,45110,45111,45112,45113,45114,45115,45116,45118,45119,45120,45121,45122,45123,45124,45125,45126,45127,45129,45130,45131,45132,45133,45134,45135,45136,45137,45138,45139,45141,45142,45143,45144,45145,45146,45147,45148,45149,45150,45151,45152,45153,45154,45155,45156,45157,45158,45159,45160,45161,45162,45164,45165,45166,45167,45168,45169,45170,45171,45173,45174,45175,45176,45177,45178,45179,45180,45181,45182,45183,45184,45185,45186,45187,45188,45189,45191,45193,45194,45195,45196,45197,45198,45199,45200,45201,45202,45203,45204,45205,45206,45207,45208,45209,45210,45212,45213,45214,45215,45216,45217,45218,45219,45220,45222,45223,45224,45225,45226,45227,45228,45229,45230,45231,45232,45233,45234,45235,45237,45238,45239,45240,45241,45242,45243,45244,45245,45246,45247,45248,45249,45250,45251,45252,45253,45254,45255,45256,45257,45258,45259,45260,45261,45262,45263,45264,45265,45266,45268,45269,45270,45271,45272,45273,45274,45275,45276,45277,45278,45279,45280,45281,45282,45283,45284,45285,45286,45288,45289,45290,45291,45292,45293,45294,45296,45297,45298,45299,45300,45301,45302,45303,45305,45306,45307,45308,45309,45310,45311,45312,45313,45314,45315,45316,45317,45320,45321,45322,45323,45324,45325,45326,45327,45328,45329,45330,45331,45332,45333,45334,45335,45336,45337,45338,45339,45340,45341,45342,45343,45344,45345,45346,45347,45348}",SDER,2026-03-24 14:41:32.274366+01,gold_establishments_2025,,,,13002924200034,2025,Services de l'Etat,Région,"['Cher', 'Eure-et-Loir', 'Indre', 'Indre-et-Loire', 'Loir-et-Cher', 'Loiret']",['Centre-Val de Loire'],DREETS,"{18,28,36,37,41,45}",{24}
35de9c52-efc9-4260-b5d9-b21dcda72b00,130029291,DREETS Corse,false,"{2A001,2A004,2A006,2A008,2A011,2A014,2A017,2A018,2A019,2A021,2A022,2A024,2A026,2A027,2A028,2A031,2A032,2A035,2A038,2A040,2A041,2A048,2A056,2A060,2A061,2A062,2A064,2A065,2A066,2A070,2A071,2A085,2A089,2A090,2A091,2A092,2A094,2A098,2A099,2A100,2A103,2A104,2A108,2A114,2A115,2A117,2A118,2A119,2A127,2A128,2A129,2A130,2A131,2A132,2A133,2A139,2A141,2A142,2A144,2A146,2A154,2A158,2A160,2A163,2A174,2A181,2A186,2A189,2A191,2A196,2A197,2A198,2A200,2A203,2A204,2A209,2A211,2A212,2A215,2A228,2A232,2A240,2A247,2A249,2A253,2A254,2A258,2A259,2A262,2A266,2A268,2A269,2A270,2A271,2A272,2A276,2A278,2A279,2A282,2A284,2A285,2A288,2A295,2A300,2A308,2A310,2A312,2A322,2A323,2A324,2A326,2A330,2A331,2A336,2A345,2A348,2A349,2A351,2A357,2A358,2A359,2A360,2A362,2A363,2B002,2B003,2B005,2B007,2B009,2B010,2B012,2B013,2B015,2B016,2B020,2B023,2B025,2B029,2B030,2B033,2B034,2B036,2B037,2B039,2B042,2B043,2B045,2B046,2B047,2B049,2B050,2B051,2B052,2B053,2B054,2B055,2B057,2B058,2B059,2B063,2B067,2B068,2B069,2B072,2B073,2B074,2B075,2B077,2B078,2B079,2B080,2B081,2B082,2B083,2B084,2B086,2B087,2B088,2B093,2B095,2B096,2B097,2B101,2B102,2B105,2B106,2B107,2B109,2B110,2B111,2B112,2B113,2B116,2B120,2B121,2B122,2B123,2B124,2B125,2B126,2B134,2B135,2B136,2B137,2B138,2B140,2B143,2B145,2B147,2B148,2B149,2B150,2B152,2B153,2B155,2B156,2B157,2B159,2B161,2B162,2B164,2B165,2B166,2B167,2B168,2B169,2B170,2B171,2B172,2B173,2B175,2B176,2B177,2B178,2B179,2B180,2B182,2B183,2B184,2B185,2B187,2B188,2B190,2B192,2B193,2B194,2B195,2B199,2B201,2B202,2B205,2B206,2B207,2B208,2B210,2B213,2B214,2B216,2B217,2B218,2B219,2B220,2B221,2B222,2B223,2B224,2B225,2B226,2B227,2B229,2B230,2B231,2B233,2B234,2B235,2B236,2B238,2B239,2B241,2B242,2B243,2B244,2B245,2B246,2B248,2B250,2B251,2B252,2B255,2B256,2B257,2B260,2B261,2B263,2B264,2B265,2B267,2B273,2B274,2B275,2B277,2B280,2B281,2B283,2B286,2B287,2B289,2B290,2B291,2B292,2B293,2B296,2B297,2B298,2B299,2B301,2B302,2B303,2B304,2B305,2B306,2B307,2B309,2B311,2B313,2B314,2B315,2B316,2B317,2B318,2B319,2B320,2B321,2B327,2B328,2B329,2B332,2B333,2B334,2B335,2B337,2B338,2B339,2B340,2B341,2B342,2B343,2B344,2B346,2B347,2B350,2B352,2B353,2B354,2B355,2B356,2B361,2B364,2B365,2B366}",SDER,2026-03-24 14:41:32.274366+01,gold_establishments_2025,,,,13002929100015,2025,Services de l'Etat,Région,"['Corse-du-Sud', 'Haute-Corse']",['Corse'],DREETS,"{2A,2B}",{94}
afb9d6fc-0e73-4c55-aaa6-b166364ee221,130029192,DREETS Grand Est,false,"{08001,08003,08004,08005,08006,08008,08010,08011,08013,08014,08015,08016,08017,08018,08019,08020,08021,08022,08023,08024,08025,08026,08027,08028,08029,08030,08031,08032,08033,08034,08035,08036,08037,08038,08039,08040,08041,08043,08044,08045,08046,08047,08048,08049,08052,08053,08055,08056,08057,08058,08059,08060,08061,08062,08063,08064,08065,08066,08067,08069,08070,08071,08073,08074,08075,08076,08077,08078,08080,08081,08082,08083,08084,08085,08086,08087,08088,08089,08090,08092,08094,08095,08096,08097,08098,08099,08100,08101,08102,08103,08104,08105,08106,08107,08109,08110,08111,08113,08115,08116,08117,08119,08120,08121,08122,08123,08124,08125,08126,08128,08130,08131,08132,08133,08134,08135,08136,08137,08138,08139,08140,08141,08142,08143,08144,08145,08146,08147,08148,08149,08150,08151,08153,08154,08155,08156,08158,08159,08160,08161,08162,08163,08164,08165,08166,08167,08168,08169,08170,08171,08172,08173,08174,08175,08176,08178,08179,08180,08182,08183,08184,08185,08186,08187,08188,08189,08190,08191,08192,08193,08194,08195,08196,08197,08198,08199,08200,08201,08202,08203,08204,08205,08206,08207,08208,08209,08210,08211,08212,08214,08215,08216,08217,08218,08219,08220,08222,08223,08225,08226,08228,08229,08230,08232,08233,08234,08235,08236,08237,08238,08239,08240,08242,08243,08244,08245,08246,08247,08248,08249,08250,08251,08252,08254,08255,08256,08257,08259,08260,08262,08263,08264,08268,08269,08271,08272,08273,08274,08275,08276,08277,08278,08279,08280,08281,08282,08283,08284,08286,08287,08288,08289,08291,08293,08295,08296,08297,08298,08301,08302,08303,08304,08305,08306,08307,08308,08309,08310,08311,08312,08313,08314,08315,08316,08317,08318,08319,08320,08321,08322,08323,08324,08325,08326,08327,08328,08329,08330,08331,08332,08333,08334,08335,08336,08338,08339,08340,08341,08342,08343,08344,08346,08347,08348,08349,08350,08351,08352,08353,08354,08355,08356,08357,08358,08360,08361,08362,08363,08364,08365,08366,08367,08368,08369,08370,08372,08373,08374,08375,08376,08377,08378,08379,08380,08381,08382,08383,08384,08385,08386,08387,08388,08389,08390,08391,08392,08393,08394,08395,08396,08397,08398,08399,08400,08401,08402,08403,08404,08405,08406,08407,08408,08409,08410,08411,08412,08413,08415,08416,08417,08418,08419,08420,08421,08422,08424,08425,08426,08427,08428,08429,08430,08431,08432,08433,08434,08435,08436,08437,08438,08439,08440,08444,08445,08446,08448,08449,08450,08451,08452,08453,08454,08455,08456,08457,08458,08459,08460,08461,08462,08463,08464,08465,08466,08467,08468,08469,08470,08471,08472,08473,08476,08477,08478,08479,08480,08481,08482,08483,08484,08485,08486,08487,08488,08489,08490,08491,08492,08494,08496,08497,08498,08499,08500,08501,08502,08503,10002,10003,10004,10005,10006,10007,10008,10009,10010,10011,10012,10013,10014,10015,10017,10018,10019,10020,10021,10022,10023,10024,10025,10026,10027,10028,10029,10030,10031,10032,10033,10034,10035,10037,10038,10039,10040,10041,10042,10043,10044,10045,10046,10047,10048,10049,10050,10051,10052,10053,10054,10055,10056,10057,10058,10059,10060,10061,10062,10063,10064,10065,10066,10067,10068,10069,10070,10071,10072,10073,10074,10075,10076,10077,10078,10079,10080,10081,10082,10083,10084,10085,10086,10087,10089,10090,10091,10092,10093,10094,10095,10096,10097,10098,10099,10100,10101,10102,10103,10104,10105,10106,10107,10108,10109,10110,10111,10112,10113,10114,10115,10116,10117,10118,10119,10120,10121,10122,10123,10124,10125,10126,10127,10128,10129,10130,10131,10132,10133,10134,10135,10136,10137,10138,10139,10140,10141,10142,10143,10144,10145,10146,10147,10148,10149,10150,10151,10153,10154,10155,10156,10157,10158,10159,10160,10161,10162,10163,10164,10165,10166,10167,10168,10169,10170,10171,10172,10173,10174,10175,10176,10177,10178,10179,10180,10181,10182,10183,10184,10185,10186,10187,10188,10189,10190,10191,10192,10193,10194,10195,10196,10197,10198,10199,10200,10201,10202,10203,10204,10205,10206,10207,10208,10209,10210,10211,10212,10213,10214,10215,10216,10217,10218,10219,10220,10221,10222,10223,10224,10225,10226,10227,10228,10229,10230,10231,10232,10233,10234,10235,10236,10237,10238,10239,10240,10241,10242,10243,10245,10246,10247,10248,10249,10250,10251,10252,10253,10254,10255,10256,10257,10258,10259,10260,10261,10262,10263,10264,10265,10266,10267,10268,10269,10270,10271,10272,10273,10274,10275,10276,10278,10279,10280,10281,10282,10283,10284,10285,10286,10287,10288,10289,10290,10291,10293,10294,10295,10296,10297,10298,10299,10300,10301,10302,10303,10304,10305,10306,10307,10308,10309,10310,10312,10313,10314,10315,10316,10317,10318,10319,10320,10321,10323,10324,10325,10326,10327,10328,10329,10330,10331,10332,10333,10334,10335,10336,10337,10338,10339,10340,10341,10342,10343,10344,10345,10346,10347,10348,10349,10350,10351,10352,10353,10354,10355,10356,10357,10358,10359,10360,10361,10362,10363,10364,10365,10366,10367,10368,10369,10370,10371,10372,10373,10374,10375,10376,10377,10378,10379,10380,10381,10382,10383,10384,10386,10387,10388,10389,10390,10391,10392,10393,10394,10395,10396,10397,10398,10399,10400,10401,10402,10403,10404,10405,10406,10408,10409,10410,10411,10412,10414,10416,10417,10418,10419,10420,10421,10422,10423,10424,10425,10426,10427,10428,10429,10430,10431,10432,10433,10434,10435,10436,10437,10438,10439,10440,10441,10442,10443,10444,10445,51001,51002,51003,51004,51005,51006,51007,51008,51009,51010,51012,51013,51014,51015,51016,51017,51018,51019,51020,51022,51023,51025,51027,51028,51029,51030,51031,51032,51033,51034,51035,51036,51037,51038,51039,51040,51041,51042,51043,51044,51045,51046,51047,51048,51049,51050,51051,51052,51053,51054,51055,51056,51057,51058,51059,51060,51061,51062,51065,51066,51068,51069,51070,51071,51072,51073,51074,51075,51076,51077,51078,51079,51080,51081,51082,51083,51084,51085,51086,51087,51088,51089,51090,51091,51092,51093,51094,51095,51097,51098,51099,51100,51101,51102,51103,51104,51105,51106,51107,51108,51109,51110,51111,51112,51113,51115,51116,51117,51118,51119,51120,51121,51122,51124,51125,51126,51127,51128,51129,51130,51132,51133,51134,51135,51136,51137,51138,51139,51140,51141,51142,51143,51144,51145,51146,51147,51148,51149,51150,51151,51152,51153,51154,51155,51156,51157,51158,51160,51161,51162,51163,51164,51165,51166,51167,51168,51169,51170,51171,51172,51173,51174,51175,51176,51177,51178,51179,51181,51182,51183,51184,51185,51186,51187,51188,51190,51191,51192,51193,51194,51195,51196,51197,51198,51199,51200,51201,51202,51203,51204,51206,51208,51210,51211,51212,51213,51214,51215,51216,51217,51218,51219,51220,51222,51223,51224,51225,51226,51227,51228,51229,51230,51231,51232,51233,51234,51235,51236,51237,51238,51239,51240,51241,51242,51243,51244,51245,51246,51247,51248,51249,51250,51251,51252,51253,51254,51255,51256,51258,51259,51260,51262,51263,51264,51265,51266,51267,51268,51269,51270,51272,51273,51274,51275,51276,51277,51278,51279,51280,51281,51282,51283,51284,51285,51286,51287,51288,51289,51290,51291,51292,51293,51294,51295,51296,51298,51299,51300,51301,51302,51303,51304,51305,51306,51307,51308,51309,51310,51311,51312,51313,51314,51315,51316,51317,51318,51319,51320,51321,51322,51323,51324,51325,51326,51327,51328,51329,51333,51334,51336,51337,51338,51339,51340,51341,51342,51343,51344,51345,51346,51348,51349,51350,51351,51352,51353,51354,51355,51356,51357,51358,51359,51360,51361,51362,51363,51364,51365,51367,51368,51369,51370,51371,51372,51373,51374,51375,51376,51377,51378,51379,51380,51381,51382,51384,51386,51387,51388,51389,51390,51391,51392,51393,51395,51396,51397,51398,51399,51402,51403,51404,51406,51407,51409,51410,51412,51413,51414,51415,51416,51417,51418,51419,51420,51421,51422,51423,51424,51425,51426,51428,51429,51430,51431,51432,51433,51434,51435,51436,51437,51438,51439,51440,51441,51442,51443,51444,51445,51446,51447,51448,51449,51450,51451,51452,51453,51454,51455,51456,51457,51458,51459,51460,51461,51463,51464,51465,51466,51468,51469,51470,51471,51472,51473,51474,51475,51476,51477,51478,51479,51480,51482,51483,51484,51485,51486,51487,51488,51489,51490,51491,51492,51493,51495,51496,51497,51498,51499,51500,51501,51502,51503,51504,51505,51506,51507,51508,51509,51510,51511,51512,51513,51514,51515,51516,51517,51518,51519,51520,51521,51522,51523,51524,51525,51526,51527,51528,51529,51530,51531,51532,51533,51534,51535,51536,51537,51538,51539,51542,51543,51544,51545,51546,51547,51548,51549,51550,51551,51552,51553,51555,51556,51557,51558,51559,51560,51562,51563,51564,51565,51566,51567,51568,51569,51570,51571,51572,51573,51574,51576,51577,51578,51579,51580,51581,51582,51583,51584,51585,51586,51587,51588,51589,51590,51591,51592,51594,51595,51596,51597,51598,51599,51600,51601,51602,51603,51604,51605,51607,51608,51609,51610,51611,51612,51613,51614,51616,51617,51618,51619,51620,51621,51622,51623,51624,51625,51626,51627,51628,51629,51630,51631,51632,51633,51634,51635,51636,51638,51639,51640,51641,51642,51643,51644,51645,51646,51647,51648,51649,51650,51652,51654,51655,51656,51657,51658,51659,51660,51662,51663,52001,52002,52003,52004,52005,52006,52007,52008,52009,52011,52012,52013,52014,52015,52016,52017,52019,52021,52022,52023,52025,52027,52028,52029,52030,52031,52033,52034,52035,52037,52038,52039,52040,52042,52043,52044,52045,52047,52050,52051,52053,52055,52056,52057,52058,52059,52060,52061,52062,52063,52064,52065,52066,52067,52069,52070,52072,52074,52075,52076,52079,52082,52083,52084,52085,52087,52088,52089,52090,52091,52092,52093,52094,52095,52097,52099,52101,52102,52103,52104,52105,52106,52107,52108,52109,52110,52113,52114,52115,52116,52118,52119,52120,52121,52122,52123,52124,52125,52126,52127,52128,52129,52130,52131,52132,52133,52134,52135,52136,52137,52138,52140,52141,52142,52145,52146,52147,52149,52151,52155,52156,52157,52158,52159,52160,52161,52162,52163,52164,52165,52167,52168,52169,52170,52171,52172,52173,52174,52175,52177,52178,52179,52181,52182,52183,52184,52185,52187,52189,52190,52193,52194,52195,52196,52197,52198,52199,52200,52201,52203,52204,52205,52206,52207,52208,52211,52212,52213,52214,52216,52217,52218,52219,52220,52221,52222,52223,52227,52228,52229,52230,52231,52232,52233,52234,52235,52237,52240,52242,52243,52244,52245,52246,52247,52248,52249,52250,52251,52253,52254,52256,52257,52258,52260,52264,52265,52266,52267,52269,52271,52272,52273,52274,52275,52276,52277,52278,52280,52282,52284,52285,52286,52287,52288,52289,52290,52291,52292,52294,52295,52297,52298,52300,52301,52302,52303,52304,52305,52306,52307,52308,52310,52311,52312,52313,52315,52316,52318,52319,52320,52321,52322,52325,52326,52327,52328,52330,52331,52332,52335,52336,52337,52341,52342,52344,52346,52347,52348,52349,52350,52352,52353,52354,52355,52356,52357,52358,52359,52360,52362,52363,52364,52365,52366,52367,52369,52370,52371,52372,52373,52374,52375,52376,52377,52378,52380,52383,52384,52385,52386,52388,52390,52391,52392,52393,52394,52395,52396,52397,52398,52399,52400,52401,52403,52405,52406,52407,52411,52413,52414,52415,52416,52419,52420,52421,52422,52423,52424,52425,52426,52428,52429,52431,52432,52433,52436,52437,52438,52439,52440,52442,52443,52444,52445,52446,52447,52448,52449,52450,52452,52453,52455,52456,52457,52459,52461,52463,52464,52465,52467,52468,52469,52470,52472,52473,52474,52475,52476,52479,52480,52482,52483,52484,52486,52487,52488,52489,52490,52491,52492,52493,52494,52495,52497,52499,52500,52502,52503,52504,52505,52506,52507,52510,52511,52512,52513,52514,52515,52516,52517,52518,52519,52520,52522,52523,52524,52525,52526,52528,52529,52534,52535,52536,52538,52539,52540,52541,52542,52543,52544,52545,52546,52547,52548,52549,52550,54001,54002,54003,54004,54005,54006,54007,54008,54009,54010,54011,54012,54013,54014,54015,54016,54017,54018,54019,54020,54021,54022,54023,54024,54025,54026,54027,54028,54029,54030,54031,54032,54033,54034,54035,54036,54037,54038,54039,54040,54041,54042,54043,54044,54045,54046,54047,54048,54049,54050,54051,54052,54053,54054,54055,54056,54057,54058,54059,54060,54061,54062,54063,54064,54065,54066,54067,54068,54069,54070,54071,54072,54073,54074,54075,54076,54077,54078,54079,54080,54081,54082,54083,54084,54085,54086,54087,54088,54089,54090,54091,54092,54093,54094,54095,54096,54097,54098,54099,54100,54101,54102,54103,54104,54105,54106,54107,54108,54109,54110,54111,54112,54113,54114,54115,54116,54117,54118,54119,54120,54121,54122,54123,54124,54125,54126,54127,54128,54129,54130,54131,54132,54133,54134,54135,54136,54137,54138,54139,54140,54141,54142,54143,54144,54145,54146,54147,54148,54149,54150,54151,54152,54153,54154,54155,54156,54157,54158,54159,54160,54161,54162,54163,54164,54165,54166,54167,54168,54169,54170,54171,54172,54173,54174,54175,54176,54177,54178,54179,54180,54181,54182,54183,54184,54185,54186,54187,54188,54189,54190,54191,54192,54193,54194,54195,54196,54197,54198,54199,54200,54201,54202,54203,54204,54205,54206,54207,54208,54209,54210,54211,54212,54213,54214,54215,54216,54217,54218,54219,54220,54221,54222,54223,54224,54225,54226,54227,54228,54229,54230,54231,54232,54233,54234,54235,54236,54237,54238,54239,54240,54241,54242,54243,54244,54245,54246,54247,54248,54249,54250,54251,54252,54253,54254,54255,54256,54257,54258,54259,54260,54261,54262,54263,54264,54265,54266,54268,54269,54270,54271,54272,54273,54274,54275,54276,54277,54278,54279,54280,54281,54282,54283,54284,54285,54286,54287,54288,54289,54290,54291,54292,54293,54294,54295,54296,54297,54298,54299,54300,54301,54302,54303,54304,54305,54306,54307,54308,54309,54310,54311,54312,54313,54314,54315,54316,54317,54318,54320,54321,54322,54323,54324,54325,54326,54327,54328,54329,54330,54331,54332,54333,54334,54335,54336,54337,54338,54339,54340,54343,54344,54345,54346,54348,54349,54350,54351,54352,54353,54354,54355,54356,54357,54358,54359,54360,54362,54363,54364,54365,54366,54367,54368,54369,54370,54371,54372,54373,54374,54375,54376,54377,54378,54379,54380,54381,54382,54383,54385,54386,54387,54388,54389,54390,54391,54392,54393,54394,54395,54396,54397,54398,54399,54400,54401,54402,54403,54404,54405,54406,54407,54408,54409,54410,54411,54412,54413,54414,54415,54416,54417,54418,54419,54420,54421,54422,54423,54424,54425,54426,54427,54428,54429,54430,54431,54432,54433,54434,54435,54436,54437,54438,54439,54440,54441,54442,54443,54444,54445,54446,54447,54449,54450,54451,54452,54453,54455,54456,54457,54458,54459,54460,54461,54462,54463,54464,54465,54466,54467,54468,54469,54470,54471,54472,54473,54474,54475,54476,54477,54478,54479,54480,54481,54482,54483,54484,54485,54486,54487,54488,54489,54490,54491,54492,54493,54494,54495,54496,54497,54498,54499,54500,54501,54502,54504,54505,54507,54508,54509,54510,54511,54512,54513,54514,54515,54516,54517,54518,54519,54520,54521,54522,54523,54524,54525,54526,54527,54528,54529,54530,54531,54532,54533,54534,54535,54536,54537,54538,54539,54540,54541,54542,54543,54544,54545,54546,54547,54548,54549,54550,54551,54552,54553,54554,54555,54556,54557,54558,54559,54560,54561,54562,54563,54564,54565,54566,54567,54568,54569,54570,54571,54572,54573,54574,54575,54576,54577,54578,54579,54580,54581,54582,54583,54584,54585,54586,54587,54588,54589,54590,54591,54592,54593,54594,54595,54596,54597,54598,54599,54600,54601,54602,55001,55002,55004,55005,55007,55008,55009,55010,55011,55012,55013,55014,55015,55017,55018,55021,55022,55023,55024,55025,55026,55027,55028,55029,55031,55032,55033,55034,55035,55036,55037,55038,55039,55040,55041,55042,55043,55044,55045,55046,55047,55048,55049,55050,55051,55053,55054,55055,55057,55058,55059,55060,55061,55062,55063,55064,55065,55066,55067,55068,55069,55070,55071,55072,55073,55075,55076,55077,55078,55079,55080,55081,55082,55083,55084,55085,55087,55088,55089,55093,55094,55095,55096,55097,55099,55100,55101,55102,55103,55104,55105,55106,55107,55108,55109,55110,55111,55113,55114,55115,55116,55117,55118,55119,55120,55121,55122,55123,55124,55125,55127,55128,55129,55132,55133,55134,55137,55138,55139,55140,55141,55142,55143,55144,55145,55146,55148,55149,55150,55153,55154,55155,55156,55157,55158,55159,55160,55162,55163,55165,55166,55167,55168,55169,55170,55171,55172,55173,55174,55175,55177,55178,55179,55180,55181,55182,55183,55184,55185,55186,55188,55189,55191,55192,55193,55194,55195,55196,55197,55198,55199,55200,55201,55202,55204,55206,55207,55208,55210,55211,55212,55214,55215,55216,55217,55218,55219,55220,55221,55222,55224,55225,55226,55228,55229,55232,55236,55237,55239,55241,55242,55243,55244,55245,55246,55247,55248,55250,55251,55252,55253,55254,55255,55256,55257,55258,55260,55261,55262,55263,55264,55265,55266,55267,55268,55269,55270,55271,55272,55274,55275,55276,55278,55279,55280,55281,55282,55284,55285,55286,55288,55289,55290,55291,55292,55293,55295,55296,55297,55298,55299,55300,55301,55302,55303,55304,55306,55307,55310,55311,55312,55313,55315,55316,55317,55320,55321,55322,55323,55324,55325,55326,55327,55328,55329,55330,55331,55332,55333,55334,55335,55336,55338,55339,55340,55341,55343,55344,55345,55346,55347,55348,55349,55350,55351,55352,55353,55355,55356,55357,55358,55359,55360,55361,55362,55363,55364,55365,55366,55367,55368,55369,55370,55371,55372,55373,55374,55375,55376,55377,55378,55379,55380,55381,55382,55383,55384,55385,55386,55387,55388,55389,55391,55394,55395,55396,55397,55398,55399,55400,55401,55403,55404,55405,55406,55407,55408,55409,55410,55411,55412,55414,55415,55416,55419,55420,55421,55422,55423,55424,55425,55426,55427,55428,55429,55430,55431,55433,55434,55435,55436,55437,55438,55439,55442,55443,55444,55445,55446,55447,55448,55449,55450,55452,55453,55454,55456,55457,55458,55459,55460,55461,55462,55463,55464,55465,55466,55467,55468,55469,55470,55471,55472,55473,55474,55475,55476,55477,55479,55481,55482,55484,55485,55487,55488,55489,55490,55492,55493,55494,55495,55496,55497,55498,55500,55501,55502,55503,55504,55505,55506,55507,55508,55509,55510,55511,55512,55514,55515,55516,55517,55518,55519,55520,55521,55522,55523,55525,55526,55527,55528,55530,55531,55532,55533,55534,55535,55536,55537,55540,55541,55543,55544,55545,55546,55547,55549,55551,55552,55553,55554,55555,55556,55557,55559,55560,55561,55562,55563,55565,55566,55567,55568,55569,55570,55571,55572,55573,55574,55575,55577,55578,55579,55580,55581,55582,55583,55584,55586,57001,57002,57003,57004,57006,57007,57008,57009,57010,57011,57012,57013,57014,57015,57016,57017,57018,57019,57020,57021,57022,57024,57025,57026,57027,57028,57029,57030,57031,57032,57033,57034,57035,57036,57037,57038,57039,57040,57041,57042,57043,57044,57045,57046,57047,57048,57049,57050,57051,57052,57053,57054,57055,57056,57057,57058,57059,57060,57061,57062,57063,57064,57065,57066,57067,57069,57070,57071,57072,57073,57074,57075,57076,57077,57079,57080,57081,57082,57083,57084,57085,57086,57087,57088,57089,57090,57091,57092,57093,57095,57096,57097,57098,57099,57100,57101,57102,57103,57104,57105,57106,57107,57108,57109,57110,57111,57112,57113,57114,57115,57116,57117,57118,57119,57120,57121,57122,57123,57124,57125,57126,57127,57128,57129,57130,57131,57132,57133,57134,57136,57137,57138,57139,57140,57141,57142,57143,57144,57145,57146,57147,57148,57149,57150,57151,57152,57153,57154,57155,57156,57158,57159,57160,57161,57162,57163,57165,57166,57167,57168,57169,57171,57172,57173,57174,57175,57176,57177,57178,57179,57180,57181,57182,57183,57186,57187,57188,57189,57190,57191,57192,57193,57194,57195,57196,57197,57198,57199,57200,57201,57202,57203,57204,57205,57206,57207,57208,57209,57210,57211,57212,57213,57214,57215,57216,57217,57218,57219,57220,57221,57222,57224,57225,57226,57227,57228,57229,57230,57231,57232,57233,57234,57235,57236,57237,57238,57239,57240,57241,57242,57244,57245,57246,57247,57248,57249,57250,57251,57252,57253,57254,57255,57256,57257,57258,57259,57260,57261,57262,57263,57264,57265,57266,57267,57268,57269,57270,57271,57272,57273,57274,57275,57276,57277,57278,57280,57281,57282,57283,57284,57286,57287,57288,57289,57290,57291,57292,57293,57294,57295,57296,57297,57298,57299,57300,57301,57302,57303,57304,57305,57306,57307,57308,57309,57310,57311,57312,57313,57314,57315,57316,57317,57318,57319,57320,57321,57322,57323,57324,57325,57326,57328,57329,57330,57331,57332,57333,57334,57335,57336,57337,57338,57339,57340,57341,57342,57343,57344,57345,57346,57347,57348,57349,57350,57351,57352,57353,57354,57355,57356,57357,57358,57359,57360,57361,57362,57364,57365,57366,57367,57368,57370,57371,57372,57373,57374,57375,57376,57377,57379,57380,57381,57382,57383,57384,57385,57386,57387,57388,57389,57390,57391,57392,57393,57394,57395,57396,57397,57398,57399,57401,57402,57403,57404,57405,57406,57407,57408,57409,57410,57411,57412,57413,57414,57415,57416,57417,57418,57419,57421,57422,57423,57424,57425,57426,57427,57428,57430,57431,57433,57434,57436,57437,57438,57439,57440,57441,57442,57443,57444,57445,57446,57447,57448,57449,57451,57452,57453,57454,57455,57456,57457,57459,57460,57461,57462,57463,57464,57465,57466,57467,57468,57469,57470,57471,57472,57473,57474,57475,57476,57477,57478,57479,57480,57481,57482,57483,57484,57485,57486,57487,57488,57489,57490,57491,57492,57493,57494,57495,57496,57497,57498,57499,57500,57501,57502,57504,57505,57506,57507,57508,57509,57510,57511,57512,57513,57514,57515,57516,57517,57518,57519,57520,57521,57524,57525,57526,57527,57528,57529,57530,57531,57532,57533,57534,57535,57536,57537,57538,57539,57540,57541,57542,57543,57544,57545,57546,57547,57548,57549,57550,57551,57552,57553,57554,57555,57556,57557,57558,57559,57560,57561,57562,57563,57564,57565,57566,57567,57568,57569,57570,57571,57572,57573,57574,57575,57576,57577,57578,57579,57580,57581,57582,57583,57584,57586,57587,57588,57589,57590,57591,57592,57593,57594,57595,57596,57597,57598,57599,57600,57601,57602,57603,57604,57605,57606,57607,57609,57610,57611,57612,57613,57614,57615,57616,57617,57618,57619,57620,57621,57622,57623,57624,57625,57626,57627,57628,57629,57630,57631,57633,57634,57635,57636,57637,57638,57639,57640,57641,57642,57643,57644,57645,57647,57648,57649,57650,57651,57652,57653,57654,57655,57656,57657,57658,57659,57660,57661,57662,57663,57664,57665,57666,57667,57668,57669,57670,57671,57672,57673,57674,57675,57676,57677,57678,57679,57680,57681,57682,57683,57684,57685,57686,57687,57689,57690,57691,57692,57693,57694,57695,57696,57697,57698,57700,57701,57702,57703,57704,57705,57706,57707,57708,57709,57711,57712,57713,57714,57715,57716,57717,57718,57719,57720,57721,57723,57724,57725,57726,57727,57728,57730,57731,57732,57733,57734,57736,57737,57738,57739,57740,57741,57742,57743,57745,57746,57747,57748,57749,57750,57751,57752,57753,57754,57755,57756,57757,57759,57760,57761,57762,57763,57764,57765,57767,67001,67002,67003,67004,67005,67006,67008,67009,67010,67011,67012,67013,67016,67017,67018,67019,67020,67021,67022,67023,67025,67026,67027,67028,67029,67030,67031,67032,67033,67034,67035,67036,67037,67038,67039,67040,67043,67044,67045,67046,67047,67048,67049,67050,67051,67052,67053,67054,67055,67056,67057,67058,67059,67060,67061,67062,67063,67065,67066,67067,67068,67069,67070,67071,67072,67073,67074,67075,67076,67077,67078,67079,67080,67081,67082,67083,67084,67085,67086,67087,67088,67089,67090,67091,67092,67093,67094,67095,67096,67097,67098,67099,67100,67101,67102,67103,67104,67105,67106,67107,67108,67109,67110,67111,67112,67113,67115,67116,67117,67118,67119,67120,67121,67122,67123,67124,67125,67126,67127,67128,67129,67130,67131,67132,67133,67134,67135,67136,67137,67138,67139,67140,67141,67142,67143,67144,67145,67146,67147,67148,67149,67150,67151,67152,67153,67154,67155,67156,67159,67160,67161,67162,67163,67164,67165,67166,67167,67168,67169,67172,67173,67174,67176,67177,67178,67179,67180,67181,67182,67183,67184,67185,67186,67187,67188,67189,67190,67191,67192,67194,67195,67196,67197,67198,67199,67200,67201,67202,67203,67204,67205,67206,67208,67209,67210,67212,67213,67214,67215,67216,67217,67218,67220,67221,67222,67223,67225,67226,67227,67228,67229,67230,67231,67232,67233,67234,67235,67236,67237,67238,67239,67240,67241,67242,67244,67245,67246,67247,67248,67249,67250,67252,67253,67254,67255,67256,67257,67258,67259,67260,67261,67263,67264,67265,67266,67267,67268,67269,67270,67271,67272,67273,67274,67275,67276,67277,67278,67279,67280,67281,67282,67283,67285,67286,67287,67288,67289,67290,67291,67292,67293,67295,67296,67298,67299,67300,67301,67302,67303,67304,67305,67306,67307,67308,67309,67310,67311,67312,67313,67314,67315,67317,67319,67320,67321,67322,67324,67325,67326,67327,67328,67329,67330,67331,67333,67334,67335,67336,67337,67338,67339,67340,67341,67342,67343,67344,67345,67346,67347,67348,67349,67350,67351,67352,67353,67354,67355,67356,67358,67359,67360,67361,67362,67363,67364,67365,67366,67367,67368,67369,67370,67371,67372,67373,67375,67377,67378,67379,67380,67381,67382,67383,67384,67385,67386,67387,67388,67389,67391,67392,67394,67395,67396,67397,67398,67400,67401,67403,67404,67405,67406,67407,67408,67409,67410,67411,67412,67413,67414,67415,67416,67417,67418,67420,67421,67422,67423,67424,67425,67426,67427,67428,67429,67430,67432,67433,67434,67435,67436,67437,67438,67440,67441,67442,67443,67444,67445,67446,67447,67448,67449,67450,67451,67452,67453,67454,67455,67456,67458,67459,67460,67461,67462,67463,67464,67465,67466,67467,67468,67470,67471,67472,67473,67474,67475,67476,67477,67478,67479,67480,67481,67482,67483,67484,67485,67486,67487,67488,67489,67490,67491,67492,67493,67494,67495,67497,67498,67499,67500,67501,67502,67503,67504,67505,67506,67507,67508,67509,67510,67511,67513,67514,67515,67516,67517,67519,67520,67521,67522,67523,67524,67525,67526,67527,67528,67529,67530,67531,67532,67534,67535,67536,67537,67538,67539,67540,67541,67542,67543,67544,67545,67546,67547,67548,67550,67551,67552,67553,67554,67555,67556,67557,67558,67559,68001,68002,68004,68005,68006,68007,68008,68009,68010,68011,68012,68013,68014,68015,68016,68017,68018,68019,68020,68021,68022,68023,68024,68025,68026,68027,68028,68029,68030,68032,68033,68034,68035,68036,68037,68038,68039,68040,68041,68042,68043,68044,68045,68046,68049,68050,68051,68052,68054,68055,68056,68057,68058,68059,68060,68061,68062,68063,68064,68065,68066,68067,68068,68069,68071,68072,68073,68074,68075,68076,68077,68078,68079,68080,68081,68082,68083,68084,68085,68086,68087,68088,68089,68090,68091,68092,68093,68094,68095,68096,68097,68098,68099,68100,68101,68102,68103,68104,68105,68106,68107,68109,68110,68111,68112,68113,68114,68115,68116,68117,68118,68119,68120,68121,68122,68123,68124,68125,68126,68127,68128,68129,68130,68131,68132,68134,68135,68136,68137,68138,68139,68140,68141,68142,68143,68144,68145,68146,68147,68148,68149,68150,68151,68152,68153,68154,68155,68156,68157,68158,68159,68160,68161,68162,68163,68165,68166,68167,68168,68169,68170,68171,68172,68173,68174,68175,68176,68177,68178,68179,68180,68181,68182,68183,68184,68185,68186,68187,68188,68189,68190,68191,68192,68193,68194,68195,68196,68197,68198,68199,68200,68201,68202,68203,68204,68205,68207,68208,68209,68210,68211,68212,68213,68214,68215,68216,68217,68218,68219,68221,68222,68223,68224,68225,68226,68227,68228,68229,68230,68231,68232,68234,68235,68237,68238,68239,68240,68241,68242,68243,68244,68245,68246,68247,68248,68249,68250,68251,68252,68253,68254,68255,68256,68257,68258,68259,68260,68261,68262,68263,68264,68265,68266,68267,68268,68269,68270,68271,68273,68274,68275,68276,68277,68278,68279,68280,68281,68282,68283,68284,68285,68286,68287,68288,68289,68290,68291,68292,68293,68294,68295,68296,68297,68298,68299,68300,68301,68302,68303,68304,68305,68306,68307,68308,68309,68311,68312,68313,68315,68316,68317,68318,68320,68321,68322,68323,68324,68325,68326,68327,68328,68329,68330,68331,68332,68333,68334,68335,68336,68337,68338,68340,68341,68342,68343,68344,68345,68347,68348,68349,68350,68351,68352,68353,68354,68355,68356,68357,68358,68359,68360,68361,68362,68363,68364,68365,68366,68367,68368,68370,68371,68372,68373,68374,68375,68376,68377,68378,68379,68380,68381,68382,68383,68384,68385,68386,88001,88002,88003,88004,88005,88006,88007,88008,88009,88010,88011,88012,88013,88014,88015,88016,88017,88019,88020,88021,88022,88023,88024,88025,88026,88027,88028,88029,88030,88031,88032,88033,88035,88036,88037,88038,88039,88040,88041,88042,88043,88044,88045,88046,88047,88048,88049,88050,88051,88052,88053,88054,88055,88056,88057,88058,88059,88060,88061,88062,88063,88064,88065,88066,88068,88069,88070,88071,88073,88074,88075,88076,88077,88078,88079,88080,88081,88082,88083,88084,88085,88086,88087,88088,88089,88090,88091,88092,88093,88094,88095,88096,88097,88098,88099,88100,88101,88102,88103,88104,88105,88106,88107,88108,88109,88110,88111,88113,88114,88115,88116,88117,88118,88119,88120,88121,88122,88123,88124,88125,88126,88127,88128,88129,88130,88131,88132,88133,88134,88135,88136,88137,88138,88139,88140,88141,88142,88143,88144,88145,88146,88147,88148,88149,88150,88151,88152,88153,88154,88155,88156,88157,88158,88159,88160,88161,88162,88163,88164,88165,88166,88167,88168,88169,88170,88171,88172,88173,88174,88175,88176,88177,88178,88179,88180,88181,88182,88183,88184,88185,88186,88187,88188,88189,88190,88192,88193,88194,88195,88196,88197,88198,88199,88200,88201,88202,88203,88205,88206,88208,88209,88210,88212,88213,88214,88215,88216,88218,88219,88220,88221,88222,88223,88224,88225,88226,88227,88228,88229,88230,88231,88232,88233,88236,88237,88238,88239,88240,88241,88242,88243,88244,88245,88246,88247,88248,88249,88250,88251,88252,88253,88254,88255,88256,88257,88258,88259,88260,88261,88262,88263,88264,88265,88266,88267,88268,88269,88270,88271,88272,88273,88274,88275,88276,88277,88278,88279,88280,88281,88283,88284,88285,88286,88287,88288,88289,88290,88291,88292,88293,88294,88295,88296,88297,88298,88299,88300,88301,88302,88303,88304,88305,88306,88307,88308,88309,88310,88311,88312,88313,88314,88315,88316,88317,88318,88319,88320,88321,88322,88324,88325,88326,88327,88328,88330,88331,88332,88333,88334,88335,88336,88338,88340,88341,88342,88343,88344,88345,88346,88347,88348,88349,88350,88351,88352,88353,88354,88355,88356,88357,88358,88359,88360,88361,88362,88363,88364,88365,88366,88367,88368,88369,88370,88371,88372,88373,88374,88375,88376,88377,88378,88379,88380,88381,88382,88383,88385,88386,88387,88388,88389,88390,88391,88394,88395,88398,88399,88400,88401,88402,88403,88404,88406,88407,88408,88409,88410,88411,88412,88413,88415,88416,88417,88418,88419,88421,88423,88424,88425,88426,88427,88428,88429,88430,88431,88432,88433,88434,88435,88436,88437,88438,88439,88440,88441,88442,88443,88444,88445,88446,88447,88448,88449,88450,88451,88452,88453,88454,88455,88456,88457,88458,88459,88460,88461,88462,88463,88464,88465,88466,88467,88468,88469,88470,88471,88472,88473,88474,88475,88476,88477,88478,88479,88480,88481,88482,88483,88484,88485,88486,88487,88488,88489,88490,88491,88492,88493,88494,88495,88496,88497,88498,88499,88500,88501,88502,88503,88504,88505,88506,88507,88508,88509,88510,88511,88512,88513,88514,88515,88516,88517,88518,88519,88520,88521,88522,88523,88524,88525,88526,88527,88528,88529,88530,88531,88532}",SDER,2026-03-24 14:41:32.274366+01,gold_establishments_2025,,,,13002919200015,2025,Services de l'Etat,Région,"['Ardennes', 'Aube', 'Marne', 'Haute-Marne', 'Meurthe-et-Moselle', 'Meuse', 'Moselle', 'Bas-Rhin', '",['Grand Est'],DREETS,"{08,10,51,52,54,55,57,67,68,88}",{44}
987fa0ce-8d3d-4e13-bc21-01c35549cecd,130029218,DREETS Hauts-de-France,false,"{02001,02002,02003,02004,02005,02006,02007,02008,02009,02010,02011,02012,02013,02014,02015,02016,02017,02018,02019,02020,02021,02022,02023,02024,02025,02027,02028,02029,02030,02031,02032,02033,02034,02035,02036,02037,02038,02039,02040,02041,02042,02043,02044,02046,02047,02048,02049,02050,02051,02052,02053,02054,02055,02056,02057,02058,02059,02060,02061,02062,02063,02064,02065,02066,02067,02068,02069,02070,02071,02072,02073,02074,02075,02076,02078,02079,02080,02081,02082,02083,02084,02085,02086,02087,02088,02089,02090,02091,02093,02094,02095,02096,02097,02098,02099,02100,02101,02102,02103,02104,02105,02106,02107,02108,02109,02110,02111,02112,02114,02115,02116,02117,02118,02119,02120,02121,02122,02123,02124,02125,02126,02127,02128,02129,02130,02131,02132,02133,02134,02135,02136,02137,02138,02139,02140,02141,02142,02143,02144,02145,02146,02148,02149,02150,02151,02152,02153,02154,02155,02156,02157,02158,02159,02160,02162,02163,02164,02165,02166,02167,02168,02169,02170,02171,02172,02173,02174,02175,02176,02177,02178,02179,02180,02181,02182,02183,02184,02185,02186,02187,02188,02189,02190,02191,02192,02193,02194,02195,02196,02197,02198,02199,02200,02201,02203,02204,02205,02206,02207,02208,02209,02210,02211,02212,02213,02214,02215,02216,02217,02218,02219,02220,02221,02222,02223,02224,02225,02226,02227,02228,02229,02230,02231,02232,02233,02234,02235,02236,02237,02238,02239,02240,02241,02242,02243,02244,02245,02246,02248,02249,02250,02251,02252,02253,02254,02255,02256,02257,02258,02259,02260,02261,02262,02263,02264,02265,02266,02267,02268,02269,02270,02271,02272,02273,02274,02275,02276,02277,02278,02279,02280,02281,02282,02283,02284,02286,02287,02288,02289,02290,02291,02292,02293,02294,02295,02296,02297,02298,02299,02302,02303,02304,02305,02306,02307,02308,02309,02310,02312,02313,02315,02316,02317,02318,02319,02320,02321,02322,02323,02324,02326,02327,02328,02329,02330,02331,02332,02333,02334,02335,02336,02337,02338,02339,02340,02341,02342,02343,02345,02346,02347,02349,02350,02351,02352,02353,02354,02355,02356,02357,02358,02359,02360,02361,02362,02363,02364,02366,02367,02368,02369,02370,02371,02372,02373,02374,02375,02376,02377,02378,02379,02380,02381,02382,02383,02384,02385,02386,02387,02388,02389,02390,02391,02392,02393,02395,02396,02397,02398,02399,02400,02401,02402,02403,02404,02405,02406,02407,02408,02409,02410,02411,02412,02413,02414,02415,02416,02417,02418,02419,02420,02421,02422,02423,02424,02425,02426,02427,02428,02429,02430,02431,02432,02433,02435,02438,02439,02440,02441,02442,02443,02444,02445,02446,02447,02448,02449,02450,02451,02452,02453,02454,02455,02456,02457,02458,02459,02460,02461,02462,02463,02464,02465,02466,02467,02468,02469,02470,02471,02472,02473,02474,02476,02477,02478,02480,02481,02482,02483,02484,02485,02486,02487,02488,02489,02490,02491,02492,02493,02494,02495,02496,02497,02498,02499,02500,02501,02502,02503,02504,02505,02506,02507,02508,02509,02510,02511,02512,02513,02514,02515,02516,02517,02518,02519,02520,02521,02522,02523,02524,02525,02526,02527,02528,02529,02530,02531,02532,02533,02534,02535,02536,02537,02538,02539,02540,02541,02542,02543,02544,02545,02546,02547,02548,02549,02550,02551,02552,02553,02554,02555,02556,02557,02558,02559,02560,02561,02562,02563,02564,02565,02566,02567,02568,02569,02570,02571,02572,02573,02574,02575,02576,02577,02578,02579,02580,02581,02582,02583,02584,02585,02586,02587,02588,02589,02590,02591,02592,02593,02594,02595,02596,02598,02599,02600,02601,02602,02604,02605,02606,02607,02608,02609,02610,02612,02613,02614,02615,02616,02617,02618,02619,02620,02621,02622,02623,02624,02625,02626,02627,02628,02629,02631,02632,02633,02634,02635,02636,02637,02638,02639,02640,02641,02642,02643,02644,02645,02647,02648,02649,02650,02651,02652,02653,02654,02655,02656,02657,02658,02659,02660,02661,02662,02663,02664,02665,02666,02667,02668,02670,02671,02672,02673,02674,02675,02676,02677,02678,02679,02680,02681,02682,02683,02684,02685,02686,02687,02688,02689,02690,02691,02693,02694,02696,02697,02698,02699,02701,02702,02703,02704,02705,02706,02707,02708,02709,02710,02711,02712,02713,02714,02715,02716,02717,02718,02719,02720,02721,02722,02723,02724,02725,02726,02727,02728,02729,02730,02731,02732,02734,02735,02736,02737,02738,02739,02740,02741,02742,02743,02744,02745,02746,02747,02748,02749,02750,02751,02752,02753,02754,02755,02756,02757,02758,02759,02760,02761,02762,02763,02764,02765,02766,02767,02768,02769,02770,02772,02773,02774,02775,02776,02777,02778,02779,02780,02781,02782,02783,02784,02785,02786,02787,02788,02789,02790,02791,02792,02793,02794,02795,02796,02797,02798,02799,02800,02801,02802,02803,02804,02805,02806,02807,02808,02809,02810,02812,02813,02814,02815,02816,02817,02818,02819,02820,02821,02822,02823,02824,02826,02827,02828,02829,02830,02831,02832,02833,02834,59001,59002,59003,59004,59005,59006,59007,59008,59009,59010,59011,59012,59013,59014,59015,59016,59017,59018,59019,59021,59022,59023,59024,59025,59026,59027,59028,59029,59031,59032,59033,59034,59035,59036,59037,59038,59039,59041,59042,59043,59044,59045,59046,59047,59048,59049,59050,59051,59052,59053,59054,59055,59056,59057,59058,59059,59060,59061,59062,59063,59064,59065,59066,59067,59068,59069,59071,59072,59073,59074,59075,59076,59077,59078,59079,59080,59081,59082,59083,59084,59085,59086,59087,59088,59089,59090,59091,59092,59093,59094,59096,59097,59098,59099,59100,59101,59102,59103,59104,59105,59106,59107,59108,59109,59110,59111,59112,59113,59114,59115,59116,59117,59118,59119,59120,59121,59122,59123,59124,59125,59126,59127,59128,59129,59130,59131,59132,59133,59134,59135,59136,59137,59138,59139,59140,59141,59142,59143,59144,59145,59146,59147,59148,59149,59150,59151,59152,59153,59155,59156,59157,59158,59159,59160,59161,59162,59163,59164,59165,59166,59167,59168,59169,59170,59171,59172,59173,59174,59175,59176,59177,59178,59179,59180,59181,59182,59183,59184,59185,59186,59187,59188,59189,59190,59191,59192,59193,59194,59195,59196,59197,59198,59199,59200,59201,59202,59203,59204,59205,59206,59207,59208,59209,59210,59211,59212,59213,59214,59215,59216,59217,59218,59219,59220,59221,59222,59223,59224,59225,59226,59227,59228,59229,59230,59231,59232,59233,59234,59236,59237,59238,59239,59240,59241,59242,59243,59244,59246,59247,59249,59250,59251,59252,59253,59254,59255,59256,59257,59258,59259,59260,59261,59262,59263,59264,59265,59266,59267,59268,59269,59270,59271,59272,59273,59274,59275,59276,59277,59278,59279,59280,59281,59282,59283,59284,59285,59286,59287,59288,59289,59290,59291,59292,59293,59294,59295,59296,59297,59299,59300,59301,59302,59303,59304,59305,59306,59307,59308,59309,59310,59311,59312,59313,59314,59315,59316,59317,59318,59319,59320,59321,59322,59323,59324,59325,59326,59327,59328,59329,59330,59331,59332,59333,59334,59335,59336,59337,59338,59339,59340,59341,59342,59343,59344,59345,59346,59347,59348,59349,59350,59351,59352,59353,59354,59356,59357,59358,59359,59360,59361,59363,59364,59365,59366,59367,59368,59369,59370,59371,59372,59374,59375,59377,59378,59379,59381,59382,59383,59384,59385,59386,59387,59388,59389,59390,59391,59392,59393,59394,59395,59396,59397,59398,59399,59400,59401,59402,59403,59405,59406,59407,59408,59409,59410,59411,59412,59413,59414,59415,59416,59418,59419,59420,59421,59422,59423,59424,59425,59426,59427,59428,59429,59430,59431,59432,59433,59434,59435,59436,59437,59438,59439,59440,59441,59442,59443,59444,59445,59446,59447,59448,59449,59450,59451,59452,59453,59454,59455,59456,59457,59458,59459,59461,59462,59463,59464,59465,59466,59467,59468,59469,59470,59471,59472,59473,59474,59475,59476,59477,59478,59479,59480,59481,59482,59483,59484,59485,59486,59487,59488,59489,59490,59491,59492,59493,59494,59495,59496,59497,59498,59499,59500,59501,59502,59503,59504,59505,59506,59507,59508,59509,59511,59512,59513,59514,59515,59516,59517,59518,59519,59520,59521,59522,59523,59524,59525,59526,59527,59528,59529,59530,59531,59532,59533,59534,59535,59536,59537,59538,59539,59541,59542,59543,59544,59545,59546,59547,59548,59549,59550,59551,59552,59553,59554,59555,59556,59557,59558,59559,59560,59562,59563,59564,59565,59566,59567,59568,59569,59570,59571,59572,59573,59574,59575,59576,59577,59578,59579,59580,59581,59582,59583,59584,59585,59586,59587,59588,59589,59590,59591,59592,59593,59594,59595,59596,59597,59598,59599,59600,59601,59602,59603,59604,59605,59606,59607,59608,59609,59610,59611,59612,59613,59614,59615,59616,59617,59618,59619,59620,59622,59623,59624,59625,59626,59627,59628,59629,59630,59631,59632,59633,59634,59635,59636,59637,59638,59639,59640,59641,59642,59643,59645,59646,59647,59648,59649,59650,59651,59652,59653,59654,59655,59656,59657,59658,59659,59660,59661,59662,59663,59664,59665,59666,59667,59668,59669,59670,60001,60002,60003,60004,60005,60006,60007,60008,60009,60010,60011,60012,60013,60014,60015,60016,60017,60019,60020,60021,60022,60023,60024,60025,60026,60027,60028,60029,60030,60031,60032,60033,60034,60035,60036,60037,60039,60040,60041,60042,60043,60044,60045,60046,60047,60048,60049,60050,60051,60052,60053,60054,60055,60056,60057,60058,60059,60060,60061,60062,60063,60064,60065,60066,60067,60068,60069,60070,60071,60072,60073,60074,60075,60076,60077,60078,60079,60081,60082,60083,60084,60085,60086,60087,60088,60089,60090,60091,60092,60093,60094,60095,60097,60098,60099,60100,60101,60102,60103,60104,60105,60106,60107,60108,60109,60110,60111,60112,60113,60114,60115,60116,60117,60118,60119,60120,60121,60122,60123,60124,60125,60126,60127,60128,60129,60130,60131,60132,60133,60134,60135,60136,60137,60138,60139,60140,60141,60142,60143,60144,60145,60146,60147,60148,60149,60150,60151,60152,60153,60154,60155,60156,60157,60158,60159,60160,60161,60162,60163,60164,60165,60166,60167,60168,60169,60170,60171,60172,60173,60174,60175,60176,60177,60178,60179,60180,60181,60182,60183,60184,60185,60186,60187,60188,60189,60190,60191,60192,60193,60194,60195,60196,60197,60198,60199,60200,60201,60203,60204,60205,60206,60207,60208,60209,60210,60211,60212,60213,60214,60215,60216,60217,60218,60219,60220,60221,60222,60223,60224,60225,60226,60227,60228,60229,60230,60231,60232,60233,60234,60235,60236,60237,60238,60239,60240,60241,60242,60243,60244,60245,60247,60248,60249,60250,60251,60252,60253,60254,60255,60256,60257,60258,60259,60260,60261,60262,60263,60264,60265,60267,60268,60269,60270,60271,60272,60273,60274,60275,60276,60277,60278,60279,60280,60281,60282,60283,60284,60285,60286,60287,60288,60289,60290,60291,60292,60293,60294,60295,60296,60297,60298,60299,60301,60302,60303,60304,60305,60306,60307,60308,60309,60310,60311,60312,60313,60314,60315,60316,60317,60318,60319,60320,60321,60322,60323,60324,60325,60326,60327,60328,60329,60330,60331,60332,60333,60334,60335,60336,60337,60338,60339,60340,60341,60342,60343,60344,60345,60346,60347,60348,60350,60351,60352,60353,60354,60355,60356,60357,60358,60359,60360,60361,60362,60363,60364,60365,60366,60367,60368,60369,60370,60371,60372,60373,60374,60375,60376,60377,60378,60379,60380,60381,60382,60383,60385,60386,60387,60388,60389,60390,60391,60392,60393,60394,60395,60396,60397,60398,60399,60400,60401,60402,60403,60404,60405,60406,60407,60408,60409,60410,60411,60412,60413,60414,60415,60416,60418,60420,60421,60422,60423,60424,60425,60426,60427,60428,60429,60430,60431,60432,60433,60434,60435,60436,60437,60438,60439,60440,60441,60442,60443,60444,60445,60446,60447,60448,60449,60450,60451,60452,60454,60456,60457,60458,60459,60460,60461,60462,60463,60464,60465,60466,60468,60469,60470,60471,60472,60473,60474,60476,60477,60478,60479,60480,60481,60482,60483,60484,60485,60486,60487,60488,60489,60490,60491,60492,60493,60494,60495,60496,60497,60498,60499,60500,60501,60502,60503,60504,60505,60506,60507,60508,60509,60510,60511,60512,60513,60514,60515,60516,60517,60518,60519,60520,60521,60522,60523,60524,60525,60526,60527,60528,60529,60530,60531,60533,60534,60535,60536,60537,60538,60539,60540,60541,60542,60543,60544,60545,60546,60547,60548,60549,60550,60551,60552,60553,60554,60555,60556,60557,60558,60559,60560,60561,60562,60563,60564,60565,60566,60567,60568,60569,60570,60571,60572,60573,60574,60575,60576,60577,60578,60579,60581,60582,60583,60584,60585,60586,60587,60588,60589,60590,60591,60592,60593,60594,60595,60596,60597,60598,60599,60600,60601,60602,60603,60604,60605,60608,60609,60610,60611,60612,60613,60614,60615,60616,60617,60618,60619,60620,60621,60622,60623,60624,60625,60626,60627,60628,60629,60630,60631,60632,60633,60634,60635,60636,60637,60638,60639,60640,60641,60642,60643,60644,60645,60646,60647,60648,60650,60651,60652,60653,60654,60655,60656,60657,60658,60659,60660,60661,60662,60663,60664,60665,60666,60667,60668,60669,60670,60671,60672,60673,60674,60675,60676,60677,60678,60679,60680,60681,60682,60683,60684,60685,60686,60687,60688,60689,60691,60692,60693,60695,60697,60698,60699,60700,60701,60702,60703,62001,62002,62003,62004,62005,62006,62007,62008,62009,62010,62011,62012,62013,62014,62015,62016,62017,62018,62019,62020,62021,62022,62023,62024,62025,62026,62027,62028,62029,62030,62031,62032,62033,62034,62035,62036,62037,62038,62039,62040,62041,62042,62043,62044,62045,62046,62047,62048,62049,62050,62051,62052,62053,62054,62055,62056,62057,62058,62059,62060,62061,62062,62063,62064,62065,62066,62067,62068,62069,62070,62071,62072,62073,62074,62075,62076,62077,62078,62079,62080,62081,62082,62083,62084,62085,62086,62087,62088,62089,62090,62091,62092,62093,62094,62095,62096,62097,62099,62100,62101,62102,62103,62104,62105,62106,62107,62108,62109,62111,62112,62113,62114,62115,62116,62117,62118,62119,62120,62121,62122,62123,62124,62125,62126,62127,62128,62129,62130,62131,62132,62133,62134,62135,62137,62138,62139,62140,62141,62142,62143,62144,62145,62146,62147,62148,62149,62150,62151,62152,62153,62154,62155,62156,62157,62158,62160,62161,62162,62163,62164,62165,62166,62167,62168,62169,62170,62171,62172,62173,62174,62175,62176,62177,62178,62179,62180,62181,62182,62183,62184,62185,62186,62187,62188,62189,62190,62191,62192,62193,62194,62195,62196,62197,62198,62199,62200,62201,62202,62203,62204,62205,62206,62207,62208,62209,62211,62212,62213,62214,62215,62216,62217,62218,62219,62220,62221,62222,62223,62224,62225,62227,62228,62229,62230,62231,62232,62233,62234,62235,62236,62237,62238,62239,62240,62241,62242,62243,62244,62245,62246,62247,62248,62249,62250,62251,62252,62253,62254,62255,62256,62257,62258,62259,62260,62261,62262,62263,62264,62265,62266,62267,62268,62269,62270,62271,62272,62273,62274,62275,62276,62277,62278,62279,62280,62281,62282,62283,62284,62285,62286,62288,62289,62290,62291,62292,62293,62295,62296,62297,62298,62299,62300,62301,62302,62303,62304,62306,62307,62308,62309,62310,62311,62312,62313,62314,62315,62316,62317,62318,62319,62320,62321,62322,62323,62324,62325,62326,62327,62328,62329,62330,62331,62332,62333,62334,62335,62336,62337,62338,62339,62340,62341,62342,62343,62344,62345,62346,62347,62348,62349,62350,62351,62352,62353,62354,62355,62356,62357,62358,62359,62360,62361,62362,62363,62364,62365,62366,62367,62368,62369,62370,62371,62372,62373,62374,62375,62376,62377,62378,62379,62380,62381,62382,62383,62384,62385,62386,62387,62388,62389,62390,62391,62392,62393,62395,62396,62397,62398,62399,62400,62401,62402,62403,62404,62405,62406,62407,62408,62409,62410,62411,62412,62413,62414,62415,62416,62418,62419,62421,62422,62423,62424,62425,62426,62427,62428,62429,62430,62432,62433,62434,62435,62436,62437,62438,62439,62440,62441,62442,62443,62444,62445,62446,62447,62448,62449,62450,62451,62452,62453,62454,62455,62456,62457,62458,62459,62460,62462,62463,62464,62465,62466,62467,62468,62469,62470,62471,62472,62473,62474,62475,62476,62477,62478,62479,62480,62481,62483,62484,62485,62486,62487,62488,62489,62490,62491,62492,62493,62494,62495,62496,62497,62498,62499,62500,62501,62502,62503,62504,62505,62506,62507,62508,62509,62510,62511,62512,62513,62514,62515,62516,62517,62518,62519,62520,62521,62522,62523,62524,62525,62526,62527,62528,62529,62530,62531,62532,62533,62534,62535,62536,62537,62538,62539,62540,62541,62542,62543,62544,62545,62546,62547,62548,62550,62551,62552,62553,62554,62555,62556,62557,62558,62559,62560,62561,62562,62563,62564,62565,62566,62567,62568,62569,62570,62571,62572,62573,62574,62576,62577,62578,62579,62580,62581,62582,62583,62584,62585,62586,62587,62588,62589,62590,62591,62592,62593,62594,62595,62596,62597,62598,62599,62600,62601,62602,62603,62604,62605,62606,62607,62608,62609,62610,62611,62612,62613,62614,62615,62616,62617,62618,62619,62620,62621,62622,62623,62624,62625,62626,62627,62628,62629,62630,62631,62632,62633,62634,62635,62636,62637,62638,62639,62640,62641,62642,62643,62644,62645,62646,62647,62648,62649,62650,62651,62652,62653,62654,62655,62656,62657,62658,62659,62660,62661,62662,62663,62664,62665,62666,62667,62668,62669,62670,62671,62672,62673,62674,62675,62676,62677,62678,62679,62680,62681,62682,62683,62684,62685,62686,62688,62689,62690,62691,62692,62693,62694,62695,62696,62697,62698,62699,62700,62701,62702,62703,62704,62705,62706,62708,62709,62710,62711,62712,62713,62714,62715,62716,62717,62718,62719,62720,62721,62722,62723,62724,62725,62726,62727,62728,62729,62730,62731,62732,62733,62734,62735,62736,62737,62738,62739,62740,62741,62742,62744,62745,62746,62747,62748,62749,62750,62751,62752,62753,62754,62755,62756,62757,62758,62759,62760,62761,62762,62763,62764,62765,62766,62767,62768,62769,62770,62771,62772,62773,62774,62775,62776,62777,62778,62779,62780,62781,62782,62783,62784,62785,62786,62787,62788,62789,62790,62791,62792,62793,62794,62795,62796,62797,62798,62799,62800,62801,62802,62803,62804,62805,62806,62808,62809,62810,62811,62812,62813,62814,62815,62816,62817,62818,62819,62820,62821,62822,62823,62824,62825,62826,62827,62828,62829,62830,62831,62832,62833,62834,62835,62836,62837,62838,62839,62840,62841,62842,62843,62844,62845,62846,62847,62848,62849,62850,62851,62852,62853,62854,62855,62856,62857,62858,62859,62860,62861,62862,62863,62864,62865,62866,62867,62868,62869,62870,62871,62872,62873,62874,62875,62876,62877,62878,62879,62880,62881,62882,62883,62885,62886,62887,62888,62889,62890,62891,62892,62893,62894,62895,62896,62897,62898,62899,62900,62901,62902,62903,62904,62905,62906,62907,62908,62909,80001,80002,80003,80004,80005,80006,80008,80009,80010,80011,80013,80014,80015,80016,80017,80018,80019,80020,80021,80022,80023,80024,80025,80026,80027,80028,80029,80030,80031,80032,80033,80034,80035,80036,80037,80038,80039,80040,80041,80042,80043,80044,80045,80046,80047,80048,80049,80050,80051,80052,80053,80054,80055,80056,80057,80058,80059,80060,80061,80062,80063,80064,80065,80066,80067,80068,80069,80070,80071,80073,80074,80076,80077,80078,80079,80080,80081,80082,80083,80084,80085,80086,80087,80088,80089,80090,80092,80093,80094,80095,80096,80097,80098,80099,80100,80101,80102,80103,80104,80105,80106,80107,80108,80109,80110,80112,80113,80114,80115,80116,80117,80118,80119,80120,80121,80122,80123,80124,80125,80126,80127,80128,80129,80130,80131,80132,80133,80134,80135,80136,80137,80138,80139,80140,80141,80142,80143,80144,80145,80146,80147,80148,80149,80150,80151,80152,80153,80154,80155,80156,80157,80158,80159,80160,80161,80162,80163,80164,80165,80166,80167,80168,80169,80170,80171,80172,80173,80174,80176,80177,80179,80180,80181,80182,80183,80184,80185,80186,80187,80188,80189,80190,80191,80192,80193,80194,80195,80196,80197,80198,80199,80200,80201,80202,80203,80204,80205,80206,80207,80208,80210,80211,80212,80213,80214,80215,80216,80217,80218,80219,80220,80221,80222,80223,80224,80225,80226,80227,80228,80229,80230,80231,80232,80233,80234,80235,80236,80237,80238,80239,80240,80241,80242,80243,80244,80245,80246,80247,80248,80249,80250,80251,80252,80253,80256,80258,80259,80260,80261,80262,80263,80264,80265,80266,80267,80268,80269,80270,80271,80272,80273,80274,80275,80276,80278,80279,80280,80281,80282,80283,80284,80285,80287,80288,80290,80291,80292,80293,80294,80295,80296,80297,80298,80299,80300,80301,80302,80303,80304,80305,80306,80307,80308,80310,80311,80312,80313,80314,80315,80316,80317,80318,80319,80320,80321,80322,80324,80325,80326,80327,80328,80329,80330,80331,80332,80333,80334,80335,80336,80337,80338,80339,80340,80341,80342,80343,80344,80345,80346,80347,80348,80349,80350,80351,80352,80353,80354,80355,80356,80357,80358,80359,80360,80361,80362,80364,80365,80366,80367,80368,80369,80371,80372,80373,80374,80375,80376,80377,80378,80379,80380,80381,80383,80384,80385,80386,80387,80388,80390,80391,80392,80393,80395,80396,80397,80399,80400,80401,80402,80403,80404,80405,80406,80407,80408,80409,80410,80411,80412,80413,80414,80415,80416,80417,80418,80420,80421,80422,80423,80424,80425,80426,80427,80428,80429,80430,80431,80432,80433,80434,80435,80436,80437,80438,80439,80440,80442,80443,80444,80445,80446,80449,80450,80451,80452,80453,80455,80456,80458,80459,80460,80461,80462,80463,80464,80465,80466,80467,80468,80469,80470,80472,80473,80474,80475,80476,80477,80478,80479,80480,80481,80482,80484,80485,80486,80487,80488,80489,80490,80491,80493,80494,80495,80496,80497,80498,80499,80500,80501,80502,80503,80504,80505,80507,80508,80509,80511,80512,80513,80514,80515,80516,80517,80518,80519,80520,80521,80522,80523,80524,80525,80526,80527,80528,80529,80530,80531,80533,80535,80536,80537,80538,80540,80541,80542,80543,80544,80545,80546,80547,80548,80549,80550,80552,80553,80554,80555,80556,80557,80558,80559,80560,80561,80562,80563,80565,80566,80568,80569,80570,80571,80572,80573,80574,80575,80576,80577,80578,80579,80580,80582,80583,80584,80585,80586,80587,80588,80589,80590,80591,80592,80593,80595,80596,80597,80598,80599,80600,80601,80602,80603,80604,80605,80606,80607,80609,80611,80613,80614,80615,80616,80617,80618,80619,80620,80621,80622,80623,80624,80625,80626,80627,80628,80629,80630,80631,80632,80633,80634,80635,80637,80638,80639,80640,80642,80643,80644,80645,80646,80647,80648,80649,80650,80651,80652,80654,80655,80656,80657,80658,80659,80661,80662,80663,80664,80665,80666,80667,80668,80669,80670,80671,80672,80673,80674,80675,80676,80677,80678,80679,80680,80681,80682,80683,80684,80685,80686,80687,80688,80690,80691,80692,80693,80694,80695,80696,80697,80698,80699,80700,80701,80702,80703,80704,80705,80706,80707,80708,80709,80710,80711,80713,80714,80716,80717,80718,80719,80721,80722,80723,80724,80725,80726,80728,80729,80730,80732,80733,80734,80735,80736,80737,80738,80740,80741,80742,80743,80744,80746,80747,80748,80749,80750,80751,80752,80753,80754,80755,80756,80757,80758,80759,80760,80762,80763,80764,80765,80766,80767,80769,80770,80771,80773,80774,80775,80776,80777,80778,80779,80780,80781,80782,80783,80784,80785,80786,80787,80788,80789,80790,80791,80792,80793,80794,80795,80796,80797,80798,80799,80800,80801,80802,80803,80804,80805,80806,80807,80808,80809,80810,80811,80812,80813,80814,80815,80819,80820,80821,80822,80823,80824,80825,80826,80827,80828,80829,80832,80833,80834,80835,80836}",SDER,2026-03-24 14:41:32.274366+01,gold_establishments_2025,,,,13002921800067,2025,Services de l'Etat,Région,"['Aisne', 'Nord', 'Oise', 'Pas-de-Calais', 'Somme']",['Hauts-de-France'],DREETS,"{02,59,60,62,80}",{32}
36a7286f-eb39-4a0f-adfd-3840e6f281a4,130029267,DREETS Normandie,false,"{14001,14003,14005,14006,14007,14009,14012,14014,14015,14016,14019,14020,14021,14022,14023,14024,14025,14026,14027,14030,14032,14033,14034,14035,14036,14037,14038,14039,14040,14041,14042,14043,14044,14045,14046,14047,14049,14050,14053,14054,14055,14057,14059,14060,14061,14062,14063,14064,14066,14068,14069,14070,14076,14077,14078,14079,14080,14082,14083,14084,14085,14086,14087,14088,14089,14090,14091,14092,14093,14096,14097,14098,14100,14101,14102,14103,14104,14106,14107,14110,14111,14116,14117,14118,14119,14120,14121,14122,14123,14124,14125,14126,14127,14130,14131,14132,14134,14135,14136,14137,14138,14140,14141,14143,14145,14146,14147,14149,14150,14159,14160,14161,14162,14163,14165,14166,14167,14168,14169,14171,14172,14173,14174,14175,14177,14179,14180,14181,14182,14183,14184,14190,14191,14193,14194,14195,14196,14197,14198,14200,14202,14203,14204,14205,14206,14207,14209,14211,14214,14215,14216,14218,14220,14221,14223,14224,14225,14226,14227,14228,14229,14230,14231,14232,14236,14237,14238,14239,14240,14241,14242,14243,14244,14245,14246,14248,14249,14250,14251,14252,14254,14256,14257,14258,14260,14261,14266,14269,14270,14271,14272,14273,14274,14275,14276,14277,14278,14280,14281,14282,14283,14284,14285,14286,14287,14288,14289,14290,14291,14293,14297,14298,14299,14301,14302,14303,14304,14305,14306,14308,14309,14310,14311,14312,14316,14318,14319,14320,14322,14325,14326,14327,14328,14329,14332,14333,14334,14335,14336,14337,14338,14341,14342,14343,14344,14345,14346,14347,14348,14349,14352,14353,14354,14355,14357,14358,14360,14362,14364,14365,14366,14367,14368,14369,14370,14371,14374,14375,14377,14378,14379,14380,14381,14383,14384,14385,14389,14390,14391,14393,14394,14396,14397,14398,14399,14400,14401,14402,14403,14404,14405,14406,14407,14408,14409,14410,14411,14412,14419,14421,14424,14425,14426,14427,14430,14431,14435,14436,14437,14438,14439,14445,14446,14448,14449,14452,14453,14454,14455,14456,14457,14458,14460,14461,14465,14466,14467,14468,14469,14473,14474,14475,14476,14478,14480,14482,14483,14484,14486,14487,14488,14491,14492,14494,14495,14496,14497,14498,14499,14500,14501,14502,14504,14506,14509,14510,14511,14512,14514,14515,14516,14519,14520,14522,14524,14527,14528,14529,14530,14531,14533,14534,14535,14536,14538,14540,14541,14542,14543,14546,14547,14550,14552,14554,14555,14556,14557,14558,14559,14562,14563,14565,14566,14569,14570,14571,14572,14574,14575,14576,14578,14579,14582,14586,14587,14588,14589,14590,14591,14592,14593,14595,14598,14601,14602,14603,14605,14606,14607,14609,14610,14613,14614,14619,14620,14621,14622,14625,14626,14627,14630,14635,14637,14639,14640,14643,14644,14645,14646,14648,14649,14650,14651,14652,14654,14656,14657,14658,14659,14660,14661,14663,14664,14665,14666,14667,14668,14669,14672,14674,14675,14676,14677,14678,14679,14680,14681,14682,14684,14685,14687,14689,14692,14694,14698,14699,14700,14701,14705,14706,14707,14708,14709,14710,14711,14712,14713,14714,14715,14716,14719,14720,14721,14723,14724,14726,14728,14731,14732,14733,14734,14735,14737,14738,14739,14740,14741,14742,14743,14744,14745,14747,14748,14751,14752,14753,14754,14755,14756,14758,14759,14760,14761,14762,14764,27001,27002,27003,27004,27005,27006,27008,27009,27010,27011,27012,27013,27014,27015,27016,27017,27018,27019,27020,27021,27022,27023,27025,27026,27027,27028,27031,27032,27033,27034,27035,27036,27037,27038,27039,27040,27042,27043,27044,27045,27046,27047,27048,27049,27050,27051,27052,27053,27054,27055,27056,27057,27059,27061,27062,27063,27064,27065,27066,27067,27068,27069,27070,27071,27072,27073,27074,27075,27076,27077,27078,27079,27081,27082,27083,27085,27089,27090,27091,27094,27095,27096,27097,27098,27099,27100,27101,27102,27103,27104,27105,27106,27107,27108,27109,27110,27111,27112,27113,27114,27115,27116,27117,27118,27119,27120,27123,27124,27125,27126,27127,27129,27130,27132,27133,27134,27135,27136,27137,27138,27139,27140,27141,27142,27144,27146,27147,27148,27149,27151,27152,27153,27154,27155,27156,27157,27158,27161,27162,27163,27164,27165,27167,27168,27169,27170,27171,27173,27174,27176,27177,27179,27180,27181,27182,27183,27184,27185,27187,27188,27189,27190,27191,27192,27193,27194,27196,27198,27199,27200,27201,27202,27203,27204,27205,27206,27207,27208,27209,27210,27212,27213,27214,27215,27216,27217,27218,27219,27220,27222,27224,27226,27227,27228,27229,27230,27231,27232,27233,27234,27235,27237,27238,27239,27240,27241,27242,27243,27245,27246,27247,27248,27249,27251,27252,27254,27256,27258,27259,27260,27261,27263,27266,27267,27269,27271,27273,27275,27276,27277,27278,27279,27280,27281,27282,27284,27285,27286,27287,27288,27289,27290,27291,27294,27295,27298,27299,27300,27301,27302,27304,27306,27307,27309,27310,27311,27312,27313,27315,27316,27317,27318,27319,27320,27321,27322,27323,27324,27325,27326,27327,27329,27330,27331,27332,27333,27334,27335,27336,27337,27338,27339,27340,27341,27342,27343,27345,27346,27347,27348,27349,27350,27351,27353,27354,27355,27358,27359,27360,27361,27363,27364,27365,27366,27367,27368,27369,27370,27371,27372,27373,27374,27375,27376,27377,27378,27379,27380,27381,27382,27383,27384,27385,27386,27388,27389,27390,27391,27392,27393,27394,27395,27396,27397,27398,27399,27400,27401,27403,27404,27405,27406,27407,27408,27410,27411,27412,27413,27414,27415,27417,27418,27419,27420,27421,27422,27423,27424,27425,27426,27427,27428,27429,27430,27431,27432,27433,27434,27435,27436,27437,27438,27439,27440,27441,27442,27444,27445,27446,27447,27448,27451,27453,27454,27455,27456,27457,27458,27459,27460,27462,27463,27464,27465,27466,27467,27468,27469,27470,27471,27472,27473,27474,27475,27476,27477,27478,27480,27481,27482,27483,27485,27486,27487,27488,27489,27490,27492,27493,27495,27496,27497,27498,27500,27501,27502,27504,27505,27507,27508,27511,27512,27514,27516,27517,27518,27520,27521,27522,27524,27525,27527,27528,27529,27530,27531,27533,27534,27535,27536,27537,27538,27539,27540,27541,27542,27543,27544,27545,27546,27547,27548,27550,27552,27553,27554,27555,27556,27557,27558,27560,27561,27562,27563,27564,27565,27567,27568,27569,27570,27571,27572,27576,27577,27578,27579,27580,27582,27584,27586,27587,27589,27590,27591,27592,27593,27594,27595,27597,27598,27599,27601,27602,27603,27604,27605,27606,27608,27609,27610,27611,27612,27613,27614,27615,27616,27617,27618,27620,27621,27622,27623,27624,27625,27627,27629,27630,27631,27632,27633,27635,27638,27640,27641,27643,27644,27645,27646,27649,27650,27652,27654,27655,27656,27658,27659,27660,27661,27662,27663,27664,27665,27666,27667,27668,27669,27670,27671,27672,27673,27674,27676,27677,27678,27679,27680,27681,27682,27683,27684,27685,27686,27689,27690,27691,27692,27693,27694,27695,27696,27697,27698,27699,27700,27701,50002,50003,50004,50006,50008,50013,50016,50019,50021,50022,50023,50024,50025,50026,50027,50028,50029,50030,50031,50032,50033,50034,50036,50038,50039,50040,50041,50042,50044,50045,50046,50048,50049,50050,50052,50054,50055,50058,50059,50060,50062,50064,50066,50069,50070,50072,50074,50076,50077,50078,50079,50081,50082,50083,50084,50085,50086,50087,50088,50090,50092,50093,50094,50095,50096,50097,50098,50099,50101,50102,50105,50106,50108,50109,50110,50111,50112,50115,50117,50118,50120,50121,50124,50126,50129,50130,50135,50137,50138,50139,50142,50143,50144,50145,50146,50147,50148,50149,50150,50151,50152,50155,50156,50158,50159,50161,50162,50164,50165,50166,50167,50168,50169,50172,50174,50175,50176,50177,50178,50181,50182,50183,50184,50185,50186,50188,50190,50192,50193,50194,50195,50196,50197,50198,50199,50200,50205,50207,50208,50209,50210,50214,50215,50216,50217,50218,50219,50221,50222,50225,50227,50228,50229,50230,50231,50232,50233,50234,50235,50236,50237,50238,50239,50240,50241,50243,50246,50247,50251,50252,50253,50256,50258,50259,50260,50261,50262,50263,50265,50266,50267,50268,50269,50270,50271,50272,50273,50274,50275,50276,50277,50278,50279,50281,50282,50283,50285,50288,50289,50290,50291,50292,50294,50295,50296,50297,50298,50299,50300,50302,50304,50305,50310,50311,50312,50315,50317,50321,50324,50326,50327,50328,50332,50334,50335,50336,50338,50340,50341,50342,50345,50347,50349,50350,50351,50352,50353,50356,50357,50359,50360,50361,50362,50363,50364,50365,50368,50369,50370,50371,50372,50373,50374,50376,50378,50379,50382,50384,50387,50388,50389,50390,50391,50393,50394,50395,50397,50398,50399,50400,50401,50402,50403,50405,50407,50408,50409,50410,50411,50412,50413,50417,50419,50420,50421,50422,50423,50425,50426,50428,50429,50430,50431,50433,50435,50436,50437,50442,50443,50444,50445,50446,50447,50448,50450,50451,50452,50453,50454,50455,50456,50457,50461,50462,50463,50464,50467,50468,50469,50471,50472,50473,50474,50475,50476,50478,50479,50480,50481,50482,50483,50484,50486,50487,50488,50489,50490,50491,50492,50493,50495,50496,50498,50499,50500,50502,50504,50505,50506,50507,50509,50510,50511,50512,50513,50514,50517,50518,50519,50521,50522,50523,50525,50528,50529,50531,50532,50533,50535,50536,50537,50538,50539,50540,50541,50542,50543,50546,50548,50549,50550,50551,50552,50553,50554,50556,50562,50563,50564,50565,50567,50568,50569,50570,50571,50572,50574,50575,50576,50577,50578,50579,50580,50582,50584,50585,50587,50588,50589,50590,50591,50592,50593,50594,50596,50597,50598,50599,50601,50603,50604,50606,50607,50609,50610,50612,50613,50615,50616,50617,50618,50619,50621,50624,50626,50628,50629,50633,50634,50637,50639,50641,50643,50647,50648,61001,61002,61005,61006,61007,61008,61010,61011,61012,61013,61014,61015,61018,61020,61021,61023,61024,61026,61028,61029,61030,61032,61034,61035,61036,61037,61038,61039,61040,61041,61043,61044,61046,61048,61049,61050,61051,61052,61053,61054,61055,61056,61060,61061,61062,61063,61064,61066,61067,61068,61069,61070,61071,61072,61074,61075,61076,61077,61078,61079,61080,61081,61082,61084,61085,61086,61087,61088,61089,61091,61092,61093,61094,61095,61096,61097,61098,61099,61100,61101,61102,61103,61104,61105,61107,61108,61111,61113,61114,61116,61117,61118,61120,61121,61122,61123,61124,61126,61129,61130,61133,61137,61138,61139,61140,61141,61142,61143,61145,61146,61148,61149,61150,61151,61152,61153,61156,61158,61159,61160,61162,61163,61164,61165,61166,61167,61168,61169,61170,61171,61176,61178,61180,61181,61182,61183,61187,61189,61190,61193,61194,61195,61196,61197,61198,61199,61202,61203,61206,61207,61208,61209,61210,61211,61212,61213,61214,61215,61216,61217,61218,61219,61221,61222,61224,61225,61227,61228,61229,61230,61232,61233,61234,61237,61238,61240,61241,61242,61243,61244,61248,61251,61252,61255,61256,61257,61258,61259,61260,61261,61262,61263,61264,61265,61266,61267,61268,61269,61271,61272,61273,61274,61275,61276,61277,61278,61279,61281,61283,61284,61286,61287,61288,61289,61290,61291,61292,61293,61294,61295,61297,61298,61300,61301,61302,61303,61304,61307,61308,61309,61314,61316,61317,61319,61321,61322,61323,61324,61326,61327,61328,61329,61330,61331,61332,61333,61336,61339,61341,61342,61344,61345,61346,61347,61348,61349,61350,61351,61352,61357,61358,61360,61361,61362,61363,61365,61366,61367,61369,61370,61371,61372,61373,61374,61375,61376,61379,61381,61382,61384,61385,61386,61387,61388,61389,61390,61391,61392,61393,61394,61395,61396,61397,61398,61399,61400,61401,61402,61404,61405,61406,61407,61408,61411,61412,61413,61414,61415,61416,61418,61419,61420,61421,61422,61423,61424,61425,61426,61427,61429,61432,61433,61435,61436,61438,61439,61440,61442,61443,61444,61445,61446,61447,61448,61450,61451,61452,61453,61454,61456,61457,61459,61460,61461,61462,61463,61464,61466,61467,61472,61473,61474,61475,61476,61479,61480,61481,61482,61483,61484,61485,61486,61487,61488,61490,61491,61492,61493,61494,61497,61498,61499,61500,61501,61502,61503,61505,61507,61508,61510,61512,76001,76002,76004,76005,76006,76007,76008,76009,76010,76011,76012,76013,76014,76015,76016,76017,76018,76019,76020,76021,76022,76023,76024,76025,76026,76028,76029,76030,76032,76033,76034,76035,76036,76038,76039,76040,76041,76042,76043,76045,76046,76047,76048,76049,76050,76051,76052,76053,76054,76055,76056,76057,76058,76059,76060,76062,76063,76064,76065,76066,76067,76068,76069,76070,76071,76072,76074,76075,76076,76077,76079,76082,76083,76084,76085,76086,76087,76088,76090,76091,76092,76093,76094,76095,76096,76097,76099,76100,76101,76103,76104,76105,76106,76107,76108,76109,76110,76111,76112,76113,76114,76115,76116,76117,76118,76119,76120,76121,76122,76123,76124,76125,76126,76128,76129,76130,76131,76132,76133,76134,76135,76136,76138,76139,76140,76141,76142,76143,76144,76146,76147,76148,76149,76151,76152,76153,76154,76155,76156,76157,76158,76159,76160,76161,76162,76163,76164,76165,76166,76167,76168,76169,76170,76171,76172,76173,76174,76175,76176,76177,76178,76179,76180,76181,76182,76183,76184,76185,76186,76187,76188,76189,76190,76192,76193,76194,76195,76196,76197,76198,76199,76200,76201,76202,76203,76204,76205,76206,76207,76208,76209,76210,76211,76212,76213,76214,76216,76217,76218,76219,76220,76221,76222,76223,76224,76225,76226,76227,76228,76229,76230,76231,76232,76233,76234,76235,76236,76237,76238,76239,76240,76241,76242,76243,76244,76245,76247,76249,76250,76251,76252,76253,76254,76255,76257,76258,76259,76260,76261,76262,76263,76264,76265,76266,76268,76269,76270,76271,76272,76273,76274,76275,76276,76278,76279,76280,76281,76282,76283,76284,76285,76286,76287,76288,76289,76290,76291,76292,76293,76294,76295,76296,76297,76298,76299,76300,76302,76303,76304,76305,76306,76307,76308,76309,76311,76312,76313,76314,76315,76316,76317,76318,76319,76320,76321,76322,76323,76324,76325,76327,76328,76329,76330,76331,76332,76333,76334,76335,76336,76338,76339,76340,76341,76342,76343,76344,76345,76346,76347,76348,76349,76350,76351,76352,76353,76354,76355,76356,76357,76359,76360,76361,76362,76363,76364,76365,76366,76367,76368,76369,76370,76371,76372,76373,76374,76375,76377,76378,76379,76380,76381,76382,76383,76384,76385,76386,76387,76388,76389,76390,76391,76392,76393,76394,76395,76396,76397,76398,76399,76400,76401,76402,76403,76404,76405,76406,76407,76408,76409,76410,76411,76412,76413,76414,76415,76416,76417,76418,76419,76420,76421,76422,76423,76424,76425,76426,76427,76428,76429,76430,76431,76432,76433,76434,76435,76436,76437,76438,76439,76440,76441,76442,76443,76445,76446,76447,76448,76449,76450,76451,76452,76453,76454,76455,76456,76457,76458,76459,76460,76461,76462,76463,76464,76465,76467,76468,76469,76470,76471,76472,76473,76474,76475,76476,76477,76478,76479,76480,76481,76482,76483,76484,76485,76486,76487,76488,76489,76490,76491,76492,76493,76494,76495,76497,76498,76499,76500,76501,76502,76503,76504,76505,76506,76507,76508,76509,76510,76511,76512,76513,76514,76515,76516,76517,76518,76519,76520,76521,76522,76523,76524,76526,76527,76528,76529,76530,76531,76532,76533,76534,76535,76536,76537,76538,76540,76541,76542,76543,76544,76545,76546,76547,76548,76549,76550,76551,76552,76553,76554,76555,76556,76557,76558,76559,76560,76561,76562,76563,76564,76565,76566,76567,76568,76569,76570,76571,76572,76573,76574,76575,76576,76577,76578,76580,76581,76582,76583,76584,76585,76586,76587,76588,76589,76590,76591,76592,76593,76594,76595,76596,76597,76598,76599,76600,76601,76602,76603,76604,76605,76606,76608,76609,76610,76611,76612,76613,76614,76615,76616,76617,76618,76619,76620,76621,76622,76623,76624,76626,76627,76628,76629,76630,76631,76632,76634,76635,76636,76637,76638,76640,76641,76642,76644,76645,76646,76647,76648,76649,76650,76651,76652,76653,76654,76655,76656,76657,76658,76660,76662,76663,76664,76665,76666,76667,76668,76669,76670,76671,76672,76673,76675,76676,76677,76678,76679,76680,76681,76682,76683,76684,76685,76686,76688,76689,76690,76691,76692,76693,76694,76695,76697,76698,76699,76700,76702,76703,76705,76706,76707,76708,76709,76710,76711,76712,76714,76715,76716,76717,76718,76719,76720,76721,76723,76724,76725,76726,76727,76728,76730,76731,76732,76733,76734,76735,76736,76737,76738,76739,76740,76741,76743,76744,76745,76746,76747,76748,76749,76750,76751,76752,76753,76754,76755,76756,76757,76758,76759}",SDER,2026-03-24 14:41:32.274366+01,gold_establishments_2025,,,,13002926700056,2025,Services de l'Etat,Région,"['Calvados', 'Eure', 'Manche', 'Orne', 'Seine-Maritime']",['Normandie'],DREETS,"{14,27,50,61,76}",{28}
24d7e637-ef94-470a-8db8-2ac93f336efc,130029275,DREETS Nouvelle-Aquitaine,false,"{16001,16002,16003,16005,16007,16008,16009,16011,16012,16013,16014,16015,16016,16018,16019,16020,16023,16024,16025,16026,16027,16028,16029,16030,16031,16032,16034,16035,16036,16037,16038,16039,16040,16041,16042,16044,16045,16046,16047,16048,16049,16050,16052,16053,16054,16055,16056,16057,16058,16059,16060,16061,16062,16063,16064,16065,16066,16067,16068,16069,16070,16071,16072,16073,16074,16075,16076,16077,16078,16079,16081,16082,16083,16084,16085,16086,16087,16088,16089,16090,16091,16093,16095,16096,16097,16098,16099,16100,16101,16102,16103,16104,16105,16106,16107,16108,16109,16110,16111,16112,16113,16114,16116,16117,16118,16119,16120,16121,16122,16123,16124,16125,16127,16128,16130,16131,16132,16133,16134,16135,16136,16137,16138,16139,16141,16142,16143,16144,16145,16146,16148,16150,16151,16152,16153,16154,16155,16157,16158,16160,16161,16162,16163,16164,16165,16166,16167,16168,16169,16170,16171,16173,16174,16175,16176,16177,16178,16180,16181,16182,16183,16184,16185,16186,16187,16188,16189,16190,16191,16192,16193,16194,16195,16196,16197,16198,16199,16200,16203,16204,16205,16206,16207,16208,16209,16210,16211,16212,16213,16215,16216,16217,16218,16220,16221,16222,16223,16224,16225,16227,16229,16230,16231,16232,16233,16234,16236,16237,16239,16240,16241,16242,16243,16244,16245,16246,16248,16249,16250,16251,16252,16253,16254,16255,16256,16258,16260,16261,16263,16264,16267,16268,16269,16270,16271,16272,16273,16275,16276,16277,16279,16280,16281,16282,16283,16284,16285,16286,16287,16289,16290,16291,16292,16293,16295,16297,16298,16300,16301,16302,16303,16304,16306,16307,16308,16310,16312,16315,16316,16317,16318,16320,16321,16323,16325,16326,16329,16330,16331,16334,16335,16336,16337,16338,16339,16340,16341,16342,16343,16345,16346,16347,16348,16349,16350,16352,16353,16354,16356,16357,16358,16359,16360,16361,16362,16363,16364,16365,16366,16368,16369,16370,16372,16373,16374,16375,16377,16378,16379,16380,16381,16382,16383,16384,16385,16387,16388,16389,16390,16392,16393,16394,16395,16396,16397,16398,16399,16400,16401,16402,16403,16404,16405,16406,16408,16409,16412,16413,16414,16415,16416,16418,16419,16420,16421,16422,16423,16424,16425,17002,17003,17004,17005,17006,17007,17008,17009,17010,17011,17012,17013,17015,17016,17017,17018,17019,17020,17021,17022,17023,17024,17025,17026,17027,17028,17029,17030,17031,17032,17033,17034,17035,17036,17037,17038,17039,17041,17042,17043,17044,17045,17046,17047,17048,17049,17050,17051,17052,17053,17054,17055,17056,17057,17058,17059,17060,17061,17062,17063,17064,17065,17066,17067,17068,17069,17070,17071,17072,17073,17074,17075,17076,17077,17078,17079,17080,17081,17082,17083,17084,17085,17086,17087,17089,17091,17092,17093,17094,17095,17096,17097,17098,17099,17100,17101,17102,17104,17105,17106,17107,17108,17109,17110,17111,17112,17113,17114,17115,17116,17117,17118,17119,17120,17121,17122,17124,17125,17126,17127,17128,17129,17130,17131,17132,17133,17134,17135,17136,17137,17138,17139,17140,17141,17142,17143,17145,17146,17147,17148,17149,17150,17151,17152,17153,17154,17155,17156,17157,17158,17159,17160,17161,17162,17163,17164,17165,17166,17167,17168,17171,17172,17173,17174,17175,17176,17177,17178,17179,17180,17181,17182,17183,17184,17185,17186,17187,17188,17190,17191,17192,17193,17194,17195,17196,17197,17198,17199,17200,17201,17202,17203,17204,17205,17206,17207,17208,17209,17210,17211,17212,17213,17214,17215,17216,17217,17218,17219,17220,17221,17222,17223,17224,17225,17226,17227,17228,17229,17230,17231,17232,17233,17234,17235,17236,17237,17239,17240,17241,17242,17243,17244,17245,17246,17247,17248,17249,17250,17252,17253,17254,17255,17256,17257,17258,17259,17260,17261,17262,17263,17264,17265,17266,17267,17268,17269,17270,17271,17273,17274,17275,17276,17277,17278,17279,17280,17281,17282,17283,17284,17285,17286,17287,17288,17289,17290,17291,17292,17293,17294,17295,17296,17297,17298,17299,17300,17301,17302,17303,17304,17305,17306,17307,17308,17309,17310,17311,17312,17313,17314,17315,17316,17317,17318,17319,17320,17321,17322,17323,17324,17325,17326,17327,17328,17329,17330,17331,17332,17333,17335,17336,17337,17338,17339,17340,17341,17342,17343,17344,17345,17346,17347,17348,17349,17350,17351,17353,17354,17355,17356,17357,17358,17359,17360,17361,17362,17363,17364,17365,17366,17367,17369,17372,17373,17374,17375,17376,17377,17378,17379,17380,17381,17382,17383,17384,17385,17386,17387,17388,17389,17390,17391,17393,17394,17395,17396,17397,17398,17400,17401,17402,17403,17404,17405,17406,17407,17408,17409,17410,17411,17412,17413,17414,17415,17416,17417,17418,17420,17421,17422,17423,17424,17425,17426,17427,17428,17429,17430,17431,17432,17433,17434,17435,17436,17437,17438,17439,17440,17441,17442,17443,17444,17445,17446,17447,17448,17449,17450,17451,17452,17453,17454,17455,17457,17458,17459,17460,17461,17462,17463,17464,17465,17466,17467,17468,17469,17470,17471,17472,17473,17474,17476,17477,17478,17479,17480,17481,17482,17483,17484,17485,17486,19001,19002,19003,19004,19005,19006,19007,19008,19009,19010,19011,19012,19013,19014,19015,19016,19017,19018,19019,19020,19021,19022,19023,19024,19025,19026,19027,19028,19029,19030,19031,19033,19034,19035,19036,19037,19038,19039,19040,19041,19042,19043,19044,19045,19046,19047,19048,19049,19050,19051,19052,19053,19054,19055,19056,19057,19058,19059,19060,19061,19062,19063,19064,19065,19066,19067,19068,19069,19070,19071,19072,19073,19074,19075,19076,19077,19078,19079,19080,19081,19082,19083,19084,19085,19086,19087,19088,19089,19090,19091,19093,19094,19095,19096,19097,19098,19099,19100,19101,19102,19103,19104,19105,19106,19107,19108,19109,19110,19111,19112,19113,19114,19115,19116,19117,19118,19119,19120,19121,19122,19123,19124,19125,19126,19128,19129,19130,19131,19132,19133,19134,19135,19136,19137,19138,19139,19140,19141,19142,19143,19144,19145,19146,19147,19148,19149,19150,19151,19152,19153,19154,19155,19156,19157,19158,19159,19160,19161,19162,19163,19164,19165,19166,19167,19168,19169,19170,19171,19172,19173,19174,19175,19176,19177,19178,19179,19180,19181,19182,19184,19186,19187,19188,19189,19190,19191,19192,19193,19194,19195,19196,19198,19199,19200,19201,19202,19203,19204,19205,19206,19207,19208,19209,19210,19211,19212,19213,19214,19215,19216,19217,19219,19220,19221,19222,19225,19226,19227,19228,19229,19231,19232,19233,19234,19235,19236,19237,19238,19239,19240,19241,19242,19243,19244,19245,19246,19247,19248,19249,19250,19251,19252,19253,19254,19255,19256,19257,19258,19259,19260,19261,19262,19263,19264,19265,19266,19268,19269,19270,19271,19272,19273,19274,19275,19276,19277,19278,19279,19280,19281,19283,19284,19285,19286,19287,19288,19289,23001,23002,23003,23004,23005,23006,23007,23008,23009,23010,23011,23012,23013,23014,23015,23016,23017,23018,23019,23020,23021,23022,23024,23025,23026,23027,23028,23029,23030,23031,23032,23033,23034,23035,23036,23037,23038,23039,23040,23041,23042,23043,23044,23045,23046,23047,23048,23049,23050,23051,23052,23053,23054,23055,23056,23057,23058,23059,23060,23061,23062,23063,23064,23065,23066,23067,23068,23069,23070,23071,23072,23073,23074,23075,23076,23077,23078,23079,23080,23081,23082,23083,23084,23086,23087,23088,23089,23090,23091,23092,23093,23095,23096,23097,23098,23099,23100,23101,23102,23103,23104,23105,23106,23107,23108,23109,23110,23111,23112,23113,23114,23115,23116,23117,23118,23119,23120,23122,23123,23124,23125,23127,23128,23129,23130,23131,23132,23133,23134,23136,23137,23138,23139,23140,23141,23142,23143,23144,23145,23146,23147,23148,23149,23150,23151,23152,23154,23155,23156,23157,23158,23159,23160,23162,23164,23165,23166,23167,23168,23169,23170,23171,23172,23173,23174,23175,23176,23177,23178,23179,23180,23181,23182,23183,23184,23185,23186,23187,23188,23189,23190,23191,23192,23193,23194,23195,23196,23197,23198,23199,23200,23201,23202,23203,23204,23205,23206,23207,23208,23209,23210,23211,23212,23213,23214,23215,23216,23217,23218,23219,23220,23221,23222,23223,23224,23225,23226,23227,23228,23229,23230,23232,23233,23234,23235,23236,23237,23238,23239,23240,23241,23242,23243,23244,23245,23246,23247,23248,23249,23250,23251,23252,23253,23254,23255,23257,23258,23259,23260,23261,23262,23263,23264,23265,23266,24001,24002,24004,24005,24006,24007,24008,24009,24010,24011,24012,24014,24015,24016,24018,24019,24020,24021,24022,24023,24024,24025,24026,24027,24028,24029,24030,24031,24032,24034,24035,24036,24037,24038,24039,24040,24042,24043,24045,24046,24048,24050,24051,24052,24053,24054,24055,24056,24057,24058,24059,24060,24061,24062,24063,24064,24066,24067,24068,24069,24070,24071,24073,24074,24075,24076,24077,24080,24081,24082,24083,24084,24085,24086,24087,24088,24090,24091,24094,24095,24096,24097,24098,24100,24101,24102,24104,24105,24106,24107,24108,24109,24110,24111,24113,24114,24115,24116,24117,24119,24120,24121,24122,24123,24124,24126,24128,24129,24130,24131,24132,24133,24134,24135,24136,24137,24138,24139,24140,24141,24142,24143,24144,24145,24146,24147,24148,24150,24151,24152,24153,24154,24155,24156,24157,24158,24159,24160,24161,24162,24163,24164,24165,24167,24168,24171,24172,24174,24175,24176,24177,24179,24180,24182,24183,24184,24186,24188,24189,24190,24191,24192,24193,24194,24195,24196,24197,24199,24200,24202,24205,24206,24207,24208,24209,24210,24211,24212,24213,24214,24215,24216,24217,24218,24220,24221,24222,24223,24224,24225,24226,24227,24228,24229,24230,24231,24232,24234,24236,24237,24238,24240,24241,24242,24243,24244,24245,24246,24247,24248,24251,24252,24253,24254,24255,24256,24257,24259,24260,24261,24262,24263,24264,24266,24267,24268,24269,24271,24272,24273,24274,24276,24277,24278,24279,24280,24281,24282,24284,24285,24286,24287,24288,24289,24290,24291,24292,24293,24294,24295,24296,24297,24299,24300,24301,24302,24303,24304,24305,24306,24307,24308,24309,24311,24312,24313,24316,24317,24318,24319,24320,24321,24322,24323,24324,24325,24326,24327,24328,24329,24330,24331,24334,24335,24336,24337,24338,24339,24340,24341,24345,24346,24347,24348,24349,24350,24351,24352,24353,24354,24355,24356,24357,24359,24360,24361,24362,24364,24365,24366,24367,24370,24371,24372,24373,24374,24375,24376,24377,24378,24379,24380,24381,24382,24383,24384,24385,24386,24388,24390,24392,24393,24394,24395,24396,24397,24398,24399,24401,24403,24404,24405,24406,24407,24408,24409,24410,24411,24412,24413,24414,24415,24416,24417,24418,24419,24420,24421,24422,24423,24424,24425,24426,24428,24429,24432,24434,24436,24437,24438,24441,24442,24443,24444,24445,24446,24448,24449,24450,24451,24452,24453,24454,24455,24456,24457,24458,24459,24460,24461,24462,24463,24464,24465,24466,24468,24470,24471,24472,24473,24474,24476,24477,24478,24479,24480,24481,24482,24483,24484,24485,24486,24487,24488,24489,24490,24491,24492,24493,24494,24495,24496,24498,24499,24500,24501,24502,24504,24505,24507,24508,24509,24510,24511,24512,24513,24514,24515,24516,24517,24518,24519,24520,24521,24522,24523,24524,24525,24526,24527,24528,24529,24531,24532,24533,24534,24535,24536,24537,24538,24540,24541,24542,24543,24544,24545,24546,24547,24548,24549,24550,24551,24552,24553,24554,24555,24557,24558,24559,24560,24562,24563,24564,24565,24566,24567,24568,24569,24570,24571,24572,24573,24574,24575,24576,24577,24580,24581,24582,24584,24585,24586,24587,33001,33002,33003,33004,33005,33006,33007,33008,33009,33010,33011,33012,33013,33014,33015,33016,33017,33018,33019,33020,33021,33022,33023,33024,33025,33026,33027,33028,33029,33030,33031,33032,33033,33034,33035,33036,33037,33038,33039,33040,33042,33043,33044,33045,33046,33047,33048,33049,33050,33051,33052,33053,33054,33055,33056,33057,33058,33059,33060,33061,33062,33063,33064,33065,33066,33067,33068,33069,33070,33071,33072,33073,33074,33075,33076,33077,33078,33079,33080,33081,33082,33083,33084,33085,33086,33087,33088,33089,33090,33093,33094,33095,33096,33097,33098,33099,33100,33101,33102,33103,33104,33105,33106,33108,33109,33111,33112,33113,33114,33115,33116,33117,33118,33119,33120,33121,33122,33123,33124,33125,33126,33127,33128,33129,33130,33131,33132,33133,33134,33135,33136,33137,33138,33139,33140,33141,33142,33143,33144,33145,33146,33147,33148,33149,33150,33151,33152,33153,33154,33155,33156,33157,33158,33159,33160,33161,33162,33163,33164,33165,33166,33167,33168,33169,33170,33171,33172,33173,33174,33175,33176,33177,33178,33179,33180,33181,33182,33183,33184,33185,33186,33187,33188,33189,33190,33191,33192,33193,33194,33195,33196,33197,33198,33199,33200,33201,33202,33203,33204,33205,33206,33207,33208,33209,33210,33211,33212,33213,33214,33215,33216,33218,33219,33220,33221,33222,33223,33224,33225,33226,33227,33228,33229,33230,33231,33232,33233,33234,33235,33236,33237,33238,33239,33240,33241,33242,33243,33244,33245,33246,33247,33248,33249,33250,33251,33252,33253,33254,33255,33256,33257,33258,33259,33260,33261,33262,33263,33264,33266,33268,33269,33270,33271,33272,33273,33274,33275,33276,33277,33278,33279,33280,33281,33282,33283,33284,33285,33287,33288,33289,33290,33291,33292,33293,33294,33295,33296,33297,33298,33299,33300,33301,33302,33303,33304,33305,33306,33307,33308,33309,33310,33311,33312,33314,33315,33316,33317,33318,33319,33320,33321,33322,33323,33324,33325,33326,33327,33328,33329,33330,33331,33332,33333,33334,33335,33336,33337,33339,33341,33342,33343,33344,33345,33346,33347,33348,33349,33350,33351,33352,33353,33354,33355,33356,33357,33358,33359,33360,33361,33362,33363,33364,33365,33366,33367,33369,33370,33372,33373,33374,33375,33376,33377,33378,33379,33380,33381,33382,33383,33384,33385,33386,33387,33388,33389,33390,33391,33392,33393,33394,33395,33396,33397,33398,33399,33400,33401,33402,33403,33404,33405,33406,33407,33408,33411,33412,33413,33414,33415,33416,33417,33418,33419,33420,33421,33422,33423,33424,33425,33426,33427,33428,33429,33431,33432,33433,33434,33435,33436,33437,33438,33439,33440,33441,33442,33443,33444,33445,33446,33447,33448,33449,33450,33451,33452,33453,33454,33456,33457,33458,33459,33460,33461,33462,33463,33464,33465,33466,33467,33468,33470,33471,33472,33473,33474,33475,33476,33477,33478,33479,33480,33481,33482,33483,33484,33485,33486,33487,33488,33489,33490,33491,33492,33493,33494,33496,33498,33499,33500,33501,33502,33503,33504,33505,33506,33507,33508,33509,33510,33511,33512,33513,33514,33515,33516,33517,33518,33519,33520,33521,33522,33523,33524,33525,33526,33527,33528,33529,33530,33531,33532,33533,33534,33535,33536,33537,33538,33539,33540,33541,33542,33543,33544,33545,33546,33547,33548,33549,33550,33551,33552,33553,33554,33555,40001,40002,40003,40004,40005,40006,40007,40008,40011,40012,40013,40014,40015,40016,40017,40018,40019,40020,40021,40022,40023,40024,40025,40026,40027,40028,40029,40030,40031,40032,40033,40034,40035,40036,40037,40038,40039,40040,40041,40042,40043,40044,40046,40047,40049,40050,40051,40052,40053,40054,40055,40056,40057,40058,40059,40060,40061,40062,40063,40064,40065,40066,40067,40068,40069,40070,40071,40072,40073,40074,40075,40076,40077,40078,40079,40080,40081,40082,40083,40084,40085,40086,40087,40088,40089,40090,40091,40092,40093,40094,40095,40096,40097,40098,40099,40100,40101,40102,40103,40104,40105,40106,40108,40109,40110,40111,40112,40113,40114,40115,40116,40117,40118,40119,40120,40121,40122,40123,40124,40125,40126,40127,40128,40129,40130,40131,40132,40133,40134,40135,40136,40137,40138,40139,40140,40141,40142,40143,40144,40145,40146,40147,40148,40149,40150,40151,40152,40153,40154,40155,40156,40157,40158,40159,40160,40161,40162,40163,40164,40165,40166,40167,40168,40169,40170,40171,40172,40173,40174,40175,40176,40177,40178,40179,40180,40181,40182,40183,40184,40185,40186,40187,40188,40189,40190,40191,40192,40193,40194,40195,40196,40197,40198,40199,40200,40201,40202,40203,40204,40205,40206,40207,40208,40209,40210,40211,40212,40213,40214,40215,40216,40217,40218,40219,40220,40221,40222,40223,40224,40225,40226,40227,40228,40229,40230,40231,40232,40233,40234,40235,40236,40237,40238,40239,40240,40242,40243,40244,40245,40246,40247,40248,40249,40250,40251,40252,40253,40254,40255,40256,40257,40258,40259,40260,40261,40262,40263,40264,40265,40266,40267,40268,40269,40270,40271,40272,40273,40274,40275,40276,40277,40278,40279,40280,40281,40282,40283,40284,40285,40286,40287,40288,40289,40290,40291,40292,40293,40294,40295,40296,40297,40298,40299,40300,40301,40303,40304,40305,40306,40307,40308,40309,40310,40311,40312,40313,40314,40315,40316,40317,40318,40319,40320,40321,40322,40323,40324,40325,40326,40327,40328,40329,40330,40331,40332,40333,40334,47001,47002,47003,47004,47005,47006,47007,47008,47009,47010,47011,47012,47013,47014,47015,47016,47017,47018,47019,47020,47021,47022,47023,47024,47025,47026,47027,47028,47029,47030,47031,47032,47033,47034,47035,47036,47037,47038,47039,47040,47041,47042,47043,47044,47045,47046,47047,47048,47049,47050,47051,47052,47053,47054,47055,47056,47057,47058,47059,47060,47061,47062,47063,47064,47065,47066,47067,47068,47069,47070,47071,47072,47073,47074,47075,47076,47077,47078,47079,47080,47081,47082,47083,47084,47085,47086,47087,47088,47089,47090,47091,47092,47093,47094,47095,47096,47097,47098,47099,47100,47101,47102,47103,47104,47105,47106,47107,47108,47109,47110,47111,47112,47113,47114,47115,47117,47118,47119,47120,47121,47122,47123,47124,47125,47126,47127,47128,47129,47130,47131,47132,47133,47134,47135,47136,47137,47138,47139,47140,47141,47142,47143,47144,47145,47146,47147,47148,47150,47151,47152,47154,47155,47156,47157,47158,47159,47160,47161,47162,47163,47164,47165,47167,47168,47169,47170,47171,47172,47173,47174,47175,47176,47177,47178,47179,47180,47181,47182,47183,47184,47185,47186,47187,47188,47189,47190,47191,47192,47193,47194,47195,47196,47197,47198,47199,47200,47201,47202,47203,47204,47205,47206,47207,47208,47209,47210,47211,47212,47213,47214,47215,47216,47217,47218,47219,47220,47221,47222,47223,47224,47225,47226,47227,47228,47229,47230,47231,47232,47233,47234,47235,47236,47237,47238,47239,47240,47241,47242,47244,47245,47246,47247,47248,47249,47250,47251,47252,47253,47254,47255,47256,47257,47258,47259,47260,47262,47263,47264,47265,47266,47267,47269,47271,47272,47273,47274,47275,47276,47277,47278,47279,47280,47281,47282,47283,47284,47285,47286,47287,47288,47289,47290,47291,47292,47293,47294,47295,47296,47297,47298,47299,47300,47301,47302,47303,47304,47305,47306,47307,47308,47309,47310,47311,47312,47313,47314,47315,47316,47317,47318,47319,47320,47321,47323,47324,47325,47326,47327,47328,64001,64002,64003,64004,64005,64006,64007,64008,64009,64010,64011,64012,64013,64014,64015,64016,64017,64018,64019,64021,64022,64023,64024,64025,64026,64027,64028,64029,64031,64032,64033,64034,64035,64036,64037,64038,64039,64040,64041,64042,64043,64044,64045,64046,64047,64048,64049,64050,64051,64052,64053,64054,64056,64057,64058,64059,64060,64061,64062,64063,64064,64065,64066,64067,64068,64069,64070,64071,64072,64073,64074,64075,64077,64078,64079,64080,64081,64082,64083,64084,64085,64086,64087,64088,64089,64090,64091,64092,64093,64094,64095,64096,64097,64098,64099,64100,64101,64102,64103,64104,64105,64106,64107,64108,64109,64110,64111,64112,64113,64114,64115,64116,64117,64118,64119,64120,64121,64122,64123,64124,64125,64126,64127,64128,64129,64130,64131,64132,64133,64134,64135,64136,64137,64138,64139,64140,64141,64142,64143,64144,64145,64146,64147,64148,64149,64150,64151,64152,64153,64154,64155,64156,64157,64158,64159,64160,64161,64162,64165,64166,64167,64168,64170,64171,64172,64173,64174,64175,64176,64177,64178,64179,64180,64181,64182,64183,64184,64185,64186,64187,64188,64189,64190,64191,64192,64193,64194,64195,64196,64197,64198,64199,64200,64201,64202,64203,64204,64205,64206,64207,64208,64209,64210,64211,64212,64213,64214,64215,64216,64217,64218,64219,64220,64221,64222,64223,64224,64225,64226,64227,64228,64229,64230,64231,64232,64233,64234,64235,64236,64237,64238,64239,64240,64241,64242,64243,64244,64245,64246,64247,64249,64250,64251,64252,64253,64254,64255,64256,64257,64258,64259,64260,64261,64262,64263,64264,64265,64266,64267,64268,64269,64270,64271,64272,64273,64274,64275,64276,64277,64279,64280,64281,64282,64283,64284,64285,64286,64287,64288,64289,64290,64291,64292,64293,64294,64295,64296,64297,64298,64299,64300,64301,64302,64303,64304,64305,64306,64307,64308,64309,64310,64311,64312,64313,64314,64315,64316,64317,64318,64319,64320,64321,64322,64323,64324,64325,64326,64327,64328,64329,64330,64331,64332,64334,64335,64336,64337,64338,64339,64340,64341,64342,64343,64344,64345,64346,64347,64348,64349,64350,64351,64352,64353,64354,64355,64356,64357,64358,64359,64360,64361,64362,64363,64364,64365,64366,64367,64368,64369,64370,64371,64372,64373,64374,64375,64376,64377,64378,64379,64380,64381,64382,64383,64385,64386,64387,64388,64389,64390,64391,64392,64393,64394,64395,64396,64397,64398,64399,64400,64401,64403,64404,64405,64406,64407,64408,64409,64410,64411,64412,64413,64414,64415,64416,64417,64418,64419,64420,64421,64422,64423,64424,64425,64426,64427,64428,64429,64430,64431,64432,64433,64434,64435,64436,64437,64438,64439,64440,64441,64442,64443,64444,64445,64446,64447,64448,64449,64450,64451,64452,64453,64454,64455,64456,64457,64458,64459,64460,64461,64462,64463,64464,64465,64466,64467,64468,64469,64470,64471,64472,64473,64474,64475,64476,64477,64478,64479,64480,64481,64482,64483,64484,64485,64486,64487,64488,64489,64490,64491,64492,64493,64494,64495,64496,64498,64499,64500,64501,64502,64503,64504,64505,64506,64507,64508,64509,64510,64511,64512,64513,64514,64515,64516,64517,64518,64519,64520,64521,64522,64523,64524,64525,64526,64527,64528,64529,64530,64531,64532,64533,64534,64535,64536,64537,64538,64539,64540,64542,64543,64544,64545,64546,64547,64548,64549,64550,64551,64552,64554,64555,64556,64557,64558,64559,64560,79001,79002,79003,79005,79007,79008,79009,79010,79012,79013,79014,79015,79016,79018,79019,79020,79022,79023,79024,79025,79029,79030,79031,79032,79034,79038,79040,79042,79046,79047,79048,79049,79050,79055,79056,79057,79058,79059,79061,79062,79063,79064,79066,79069,79070,79071,79074,79076,79077,79078,79079,79080,79081,79083,79084,79085,79086,79087,79088,79089,79090,79091,79092,79094,79095,79096,79100,79101,79102,79103,79104,79105,79106,79108,79109,79111,79112,79114,79115,79116,79117,79118,79119,79120,79121,79122,79123,79124,79125,79126,79127,79128,79129,79130,79131,79132,79133,79134,79135,79136,79137,79139,79140,79141,79142,79144,79145,79147,79148,79149,79150,79152,79153,79154,79156,79157,79158,79159,79160,79161,79162,79163,79164,79165,79166,79167,79170,79172,79174,79175,79176,79177,79179,79183,79184,79185,79189,79190,79191,79195,79196,79197,79198,79200,79201,79202,79203,79204,79207,79208,79209,79210,79213,79215,79216,79217,79218,79220,79223,79225,79226,79229,79230,79231,79235,79236,79238,79239,79241,79242,79243,79244,79246,79249,79250,79251,79252,79253,79254,79255,79256,79257,79258,79259,79263,79265,79267,79268,79269,79270,79271,79273,79274,79276,79277,79278,79280,79281,79283,79284,79285,79286,79289,79290,79293,79294,79295,79297,79298,79299,79300,79301,79302,79303,79304,79306,79307,79308,79309,79310,79311,79312,79313,79316,79319,79320,79322,79326,79329,79331,79332,79334,79335,79336,79337,79338,79339,79340,79341,79342,79343,79345,79346,79347,79348,79349,79350,79351,79352,79354,79355,79357,86001,86002,86003,86004,86005,86006,86007,86008,86009,86010,86011,86012,86013,86014,86015,86016,86017,86018,86019,86020,86022,86023,86024,86025,86026,86027,86028,86029,86031,86032,86034,86035,86036,86037,86038,86039,86040,86041,86042,86044,86045,86046,86047,86048,86049,86050,86051,86052,86053,86054,86055,86058,86059,86061,86062,86063,86064,86065,86066,86068,86069,86070,86072,86073,86074,86075,86076,86077,86078,86079,86080,86081,86082,86083,86084,86085,86086,86087,86088,86089,86090,86091,86092,86093,86094,86095,86096,86097,86098,86099,86100,86102,86103,86104,86105,86106,86107,86108,86109,86110,86111,86112,86113,86114,86115,86116,86117,86118,86119,86120,86121,86122,86123,86124,86125,86126,86127,86128,86129,86130,86131,86132,86133,86134,86135,86136,86137,86138,86139,86140,86141,86142,86143,86144,86145,86147,86148,86149,86150,86151,86152,86153,86154,86156,86157,86158,86159,86160,86161,86162,86163,86164,86165,86167,86169,86170,86171,86172,86173,86174,86175,86176,86177,86178,86180,86181,86182,86183,86184,86186,86187,86189,86190,86191,86192,86193,86194,86195,86196,86197,86198,86200,86201,86202,86203,86204,86205,86206,86207,86209,86210,86211,86213,86214,86217,86218,86220,86221,86222,86223,86224,86225,86226,86227,86228,86229,86230,86233,86234,86235,86236,86237,86239,86241,86242,86244,86245,86246,86247,86248,86249,86250,86252,86253,86254,86255,86256,86257,86258,86260,86261,86262,86263,86264,86265,86266,86268,86269,86270,86271,86272,86273,86274,86275,86276,86279,86280,86281,86284,86285,86286,86287,86288,86289,86290,86291,86292,86293,86294,86295,86296,86297,86298,86299,86300,87001,87002,87003,87004,87005,87006,87007,87008,87009,87011,87012,87013,87014,87015,87016,87017,87018,87019,87020,87021,87022,87023,87024,87025,87027,87028,87029,87030,87031,87032,87033,87034,87035,87036,87037,87038,87039,87040,87041,87042,87043,87044,87045,87046,87047,87048,87049,87050,87051,87052,87053,87054,87056,87057,87058,87059,87060,87061,87062,87063,87064,87065,87066,87067,87068,87069,87070,87071,87072,87073,87074,87075,87076,87077,87078,87079,87080,87081,87082,87083,87084,87085,87086,87087,87088,87089,87090,87091,87092,87093,87094,87095,87096,87097,87099,87100,87101,87103,87104,87105,87106,87107,87108,87109,87110,87111,87112,87113,87114,87115,87116,87117,87118,87119,87120,87121,87122,87123,87124,87125,87126,87127,87128,87129,87130,87131,87132,87133,87134,87135,87137,87138,87139,87140,87141,87142,87143,87144,87145,87146,87147,87148,87149,87150,87151,87152,87153,87154,87155,87156,87157,87158,87159,87160,87161,87162,87163,87164,87165,87166,87167,87168,87169,87170,87172,87174,87176,87177,87178,87179,87180,87181,87182,87183,87185,87186,87187,87188,87189,87190,87191,87192,87193,87194,87195,87197,87198,87199,87200,87201,87202,87203,87204,87205,87206}",SDER,2026-03-24 14:41:32.274366+01,gold_establishments_2025,,,,13002927500083,2025,Services de l'Etat,Région,"['Charente', 'Charente-Maritime', 'Corrèze', 'Creuse', 'Dordogne', 'Gironde', 'Landes', 'Lot-et-Garo",['Nouvelle-Aquitaine'],DREETS,"{16,17,19,23,24,33,40,47,64,79,86,87}",{75}
d19597a6-114d-4307-b311-3131169b5fa1,130029309,DREETS Occitanie,false,"{09001,09002,09003,09004,09005,09006,09007,09008,09009,09011,09012,09013,09014,09015,09016,09017,09018,09019,09020,09021,09022,09023,09024,09025,09026,09027,09029,09030,09031,09032,09033,09034,09035,09037,09038,09039,09040,09041,09042,09043,09044,09045,09046,09047,09048,09049,09050,09051,09052,09053,09054,09055,09056,09057,09058,09059,09060,09061,09062,09063,09064,09065,09066,09067,09068,09069,09070,09071,09072,09073,09074,09075,09076,09077,09078,09079,09080,09081,09082,09083,09084,09085,09086,09087,09088,09089,09090,09091,09092,09093,09094,09095,09096,09097,09098,09099,09100,09101,09102,09103,09104,09105,09106,09107,09108,09109,09110,09111,09113,09114,09115,09116,09117,09118,09119,09120,09121,09122,09123,09124,09125,09126,09127,09128,09129,09130,09131,09132,09133,09134,09136,09137,09138,09139,09140,09141,09142,09143,09145,09146,09147,09148,09149,09150,09151,09152,09153,09154,09155,09156,09157,09158,09159,09160,09161,09162,09163,09164,09165,09166,09167,09168,09169,09170,09171,09172,09173,09174,09175,09176,09177,09178,09179,09180,09181,09182,09183,09184,09185,09186,09187,09188,09189,09190,09192,09193,09194,09195,09196,09197,09198,09199,09200,09201,09202,09203,09204,09205,09206,09207,09208,09209,09210,09211,09212,09213,09214,09215,09216,09217,09218,09219,09220,09221,09222,09223,09224,09225,09226,09227,09228,09229,09230,09231,09232,09233,09234,09235,09236,09237,09238,09239,09240,09241,09242,09243,09244,09245,09246,09247,09249,09250,09251,09252,09253,09254,09256,09257,09258,09259,09260,09261,09262,09263,09264,09265,09266,09267,09268,09269,09270,09271,09272,09273,09274,09275,09276,09277,09279,09280,09281,09282,09283,09284,09285,09289,09290,09291,09292,09293,09294,09295,09296,09297,09298,09299,09300,09301,09303,09304,09305,09306,09307,09308,09309,09310,09311,09312,09313,09314,09315,09316,09318,09319,09320,09321,09322,09323,09324,09325,09326,09327,09328,09329,09330,09331,09332,09334,09335,09336,09338,09339,09340,09341,09342,11001,11002,11003,11004,11005,11006,11007,11008,11009,11010,11011,11012,11013,11014,11015,11016,11017,11018,11019,11020,11021,11022,11023,11024,11025,11026,11027,11028,11029,11030,11031,11032,11033,11034,11035,11036,11037,11038,11039,11040,11041,11042,11043,11044,11045,11046,11047,11048,11049,11051,11052,11053,11054,11055,11056,11057,11058,11059,11060,11061,11062,11063,11064,11065,11066,11067,11068,11069,11070,11071,11072,11073,11074,11075,11076,11077,11078,11079,11080,11081,11082,11083,11084,11085,11086,11087,11088,11089,11090,11091,11092,11093,11094,11095,11096,11098,11099,11100,11101,11102,11103,11104,11105,11106,11107,11108,11109,11110,11111,11112,11113,11114,11115,11116,11117,11118,11119,11120,11121,11122,11123,11124,11125,11126,11127,11128,11129,11130,11131,11132,11133,11134,11135,11136,11137,11138,11139,11140,11141,11142,11143,11144,11145,11146,11147,11148,11149,11150,11151,11152,11153,11154,11155,11156,11157,11158,11159,11160,11161,11162,11163,11164,11165,11166,11167,11168,11169,11170,11172,11173,11174,11175,11176,11177,11178,11179,11180,11181,11182,11183,11184,11185,11186,11187,11188,11189,11190,11191,11192,11193,11194,11195,11196,11197,11198,11199,11200,11201,11202,11203,11204,11205,11206,11207,11208,11209,11210,11211,11212,11213,11214,11215,11216,11217,11218,11219,11220,11221,11222,11223,11224,11225,11226,11227,11228,11229,11230,11231,11232,11233,11234,11235,11236,11238,11239,11240,11241,11242,11243,11244,11245,11246,11247,11248,11249,11250,11251,11252,11253,11254,11255,11256,11257,11258,11259,11260,11261,11262,11263,11264,11265,11266,11267,11268,11269,11270,11271,11272,11273,11274,11275,11276,11277,11278,11279,11280,11281,11282,11283,11284,11285,11286,11287,11288,11289,11290,11291,11292,11293,11294,11295,11296,11297,11299,11300,11301,11302,11303,11304,11305,11306,11307,11308,11309,11310,11311,11312,11313,11314,11315,11316,11317,11318,11319,11320,11321,11322,11323,11324,11325,11326,11327,11328,11330,11331,11332,11333,11334,11335,11336,11337,11338,11339,11340,11341,11342,11343,11344,11345,11346,11347,11348,11350,11351,11352,11353,11354,11355,11356,11357,11358,11359,11360,11361,11362,11363,11364,11365,11366,11367,11368,11369,11370,11371,11372,11373,11374,11375,11376,11377,11378,11379,11380,11381,11382,11383,11384,11385,11386,11387,11388,11389,11390,11391,11392,11393,11394,11395,11396,11397,11398,11399,11400,11401,11402,11404,11405,11406,11407,11408,11409,11410,11411,11412,11413,11414,11415,11416,11417,11418,11419,11420,11421,11422,11423,11424,11425,11426,11427,11428,11429,11430,11431,11432,11433,11434,11435,11436,11437,11438,11439,11440,11441,12001,12002,12003,12004,12006,12007,12008,12009,12010,12011,12012,12013,12015,12016,12017,12018,12019,12021,12022,12023,12024,12025,12026,12027,12028,12029,12030,12031,12032,12033,12034,12035,12036,12037,12038,12039,12041,12042,12043,12044,12045,12046,12047,12048,12049,12050,12051,12052,12053,12054,12055,12056,12057,12058,12059,12060,12061,12062,12063,12064,12065,12066,12067,12068,12069,12070,12071,12072,12073,12074,12075,12077,12078,12079,12080,12082,12083,12084,12085,12086,12088,12089,12090,12091,12092,12093,12094,12095,12096,12097,12098,12099,12100,12101,12102,12103,12104,12105,12106,12107,12108,12109,12110,12111,12113,12115,12116,12118,12119,12120,12121,12122,12124,12125,12127,12128,12129,12130,12131,12133,12134,12135,12136,12137,12138,12139,12140,12141,12142,12143,12144,12145,12146,12147,12148,12149,12150,12151,12152,12153,12154,12155,12156,12157,12158,12159,12160,12161,12162,12163,12164,12165,12166,12167,12168,12169,12170,12171,12172,12174,12175,12176,12177,12178,12179,12180,12181,12182,12183,12184,12185,12186,12187,12188,12189,12190,12191,12192,12193,12194,12195,12197,12198,12199,12200,12201,12202,12203,12204,12205,12206,12207,12208,12209,12210,12211,12212,12213,12214,12215,12216,12217,12219,12220,12221,12222,12223,12224,12225,12226,12227,12228,12229,12230,12231,12232,12233,12234,12235,12236,12237,12238,12239,12240,12241,12242,12243,12244,12246,12247,12248,12249,12250,12251,12252,12253,12254,12255,12256,12257,12258,12259,12260,12261,12262,12263,12264,12265,12266,12267,12268,12269,12270,12272,12273,12274,12275,12276,12277,12278,12280,12281,12282,12283,12284,12286,12287,12288,12289,12290,12291,12292,12293,12294,12295,12296,12297,12298,12299,12300,12301,12303,12305,12307,30001,30002,30003,30004,30005,30006,30007,30008,30009,30010,30011,30012,30013,30014,30015,30016,30017,30018,30019,30020,30021,30022,30023,30024,30025,30026,30027,30028,30029,30030,30031,30032,30033,30034,30035,30036,30037,30038,30039,30040,30041,30042,30043,30044,30045,30046,30047,30048,30049,30050,30051,30052,30053,30054,30055,30056,30057,30058,30059,30060,30061,30062,30064,30065,30066,30067,30068,30069,30070,30071,30072,30073,30074,30075,30076,30077,30079,30080,30081,30082,30083,30084,30085,30086,30087,30088,30089,30090,30091,30092,30093,30095,30096,30097,30098,30099,30100,30101,30102,30103,30104,30105,30106,30107,30108,30109,30110,30111,30112,30113,30114,30115,30116,30117,30119,30120,30121,30122,30123,30124,30125,30126,30127,30128,30129,30130,30131,30132,30133,30134,30135,30136,30137,30138,30139,30140,30141,30142,30143,30144,30145,30146,30147,30148,30149,30150,30151,30152,30153,30154,30155,30156,30158,30159,30160,30161,30162,30163,30164,30165,30166,30167,30168,30169,30170,30171,30172,30173,30174,30175,30176,30177,30178,30179,30180,30181,30182,30183,30184,30185,30186,30187,30188,30189,30191,30192,30193,30194,30195,30196,30197,30198,30199,30200,30201,30202,30203,30204,30205,30206,30207,30208,30209,30210,30211,30212,30213,30214,30215,30216,30217,30218,30219,30220,30221,30222,30223,30224,30225,30226,30227,30228,30229,30230,30231,30232,30233,30234,30235,30236,30237,30238,30239,30240,30241,30242,30243,30244,30245,30246,30247,30248,30249,30250,30251,30252,30253,30254,30255,30256,30257,30258,30259,30260,30261,30262,30263,30264,30265,30266,30267,30268,30269,30270,30271,30272,30273,30274,30275,30276,30277,30278,30279,30280,30281,30282,30283,30284,30285,30286,30287,30288,30289,30290,30291,30292,30293,30294,30295,30296,30297,30298,30299,30300,30301,30302,30303,30304,30305,30306,30307,30308,30309,30310,30311,30312,30313,30314,30315,30316,30317,30318,30319,30320,30321,30322,30323,30324,30325,30326,30327,30328,30329,30330,30331,30332,30333,30334,30335,30336,30337,30338,30339,30340,30341,30342,30343,30344,30345,30346,30347,30348,30349,30350,30351,30352,30353,30354,30355,30356,31001,31002,31003,31004,31005,31006,31007,31008,31009,31010,31011,31012,31013,31014,31015,31017,31018,31019,31020,31021,31022,31023,31024,31025,31026,31027,31028,31029,31030,31031,31032,31033,31034,31035,31036,31037,31038,31039,31040,31041,31042,31043,31044,31045,31046,31047,31048,31049,31050,31051,31052,31053,31054,31055,31056,31057,31058,31059,31060,31061,31062,31063,31064,31065,31066,31067,31068,31069,31070,31071,31072,31073,31074,31075,31076,31077,31078,31079,31080,31081,31082,31083,31084,31085,31086,31087,31088,31089,31090,31091,31092,31093,31094,31095,31096,31097,31098,31099,31100,31101,31102,31103,31104,31105,31106,31107,31108,31109,31110,31111,31112,31113,31114,31115,31116,31117,31118,31119,31120,31121,31122,31123,31124,31125,31126,31127,31128,31129,31130,31131,31132,31133,31134,31135,31136,31137,31138,31139,31140,31141,31142,31143,31144,31145,31146,31147,31148,31149,31150,31151,31152,31153,31155,31156,31157,31158,31159,31160,31161,31162,31163,31164,31165,31166,31167,31168,31169,31170,31171,31172,31173,31174,31175,31176,31177,31178,31179,31180,31181,31182,31183,31184,31185,31186,31187,31188,31189,31190,31191,31192,31193,31194,31195,31196,31197,31198,31199,31200,31201,31202,31203,31204,31205,31206,31207,31208,31209,31210,31211,31212,31213,31215,31216,31217,31218,31219,31220,31221,31222,31223,31224,31225,31226,31227,31228,31229,31230,31231,31232,31233,31234,31235,31236,31237,31238,31239,31240,31241,31242,31243,31244,31245,31246,31247,31248,31249,31250,31251,31252,31253,31254,31255,31256,31258,31259,31260,31261,31262,31263,31264,31265,31266,31267,31268,31269,31270,31271,31272,31273,31274,31275,31276,31277,31278,31279,31280,31281,31282,31283,31284,31285,31286,31287,31288,31289,31290,31291,31292,31293,31294,31295,31296,31297,31299,31300,31301,31302,31303,31304,31305,31306,31308,31309,31310,31311,31312,31313,31314,31315,31316,31317,31318,31319,31320,31321,31322,31323,31324,31325,31326,31327,31328,31329,31330,31331,31332,31333,31334,31335,31336,31337,31338,31339,31340,31341,31342,31343,31344,31345,31346,31347,31348,31349,31350,31351,31352,31353,31354,31355,31356,31357,31358,31359,31360,31361,31362,31363,31364,31365,31366,31367,31368,31369,31370,31371,31372,31373,31374,31375,31376,31377,31378,31379,31380,31381,31382,31383,31384,31385,31386,31387,31388,31389,31390,31391,31392,31393,31394,31395,31396,31397,31398,31399,31400,31401,31402,31403,31404,31405,31406,31407,31408,31409,31410,31411,31412,31413,31414,31415,31416,31417,31418,31419,31420,31421,31422,31423,31424,31425,31426,31427,31428,31429,31430,31431,31432,31433,31434,31435,31436,31437,31439,31440,31441,31442,31443,31444,31445,31446,31447,31448,31449,31450,31451,31452,31453,31454,31455,31456,31457,31458,31459,31460,31461,31462,31463,31464,31465,31466,31467,31468,31469,31470,31471,31472,31473,31474,31475,31476,31477,31478,31479,31480,31481,31482,31483,31484,31485,31486,31487,31488,31489,31490,31491,31492,31493,31494,31495,31496,31497,31498,31499,31500,31501,31502,31503,31504,31505,31506,31507,31508,31509,31510,31511,31512,31513,31514,31515,31516,31517,31518,31519,31520,31521,31522,31523,31524,31525,31526,31527,31528,31529,31530,31531,31532,31533,31534,31535,31536,31537,31538,31539,31540,31541,31542,31543,31544,31545,31546,31547,31548,31549,31550,31551,31552,31553,31554,31555,31556,31557,31558,31559,31560,31561,31562,31563,31564,31565,31566,31567,31568,31569,31570,31571,31572,31573,31574,31575,31576,31577,31578,31579,31580,31581,31582,31583,31584,31585,31586,31587,31588,31589,31590,31591,31592,31593,32001,32002,32003,32004,32005,32007,32008,32009,32010,32012,32013,32014,32015,32016,32017,32018,32019,32020,32021,32022,32023,32024,32025,32026,32027,32028,32029,32030,32031,32032,32033,32034,32035,32036,32037,32038,32039,32040,32041,32042,32043,32044,32045,32046,32047,32048,32049,32050,32051,32052,32053,32054,32055,32056,32057,32058,32059,32060,32061,32062,32063,32064,32065,32066,32068,32069,32070,32071,32072,32073,32075,32076,32077,32078,32079,32080,32081,32082,32083,32084,32085,32086,32087,32088,32089,32090,32091,32092,32093,32094,32095,32096,32097,32098,32099,32100,32101,32102,32103,32104,32105,32106,32107,32108,32109,32110,32111,32112,32113,32114,32115,32116,32117,32118,32119,32120,32121,32122,32123,32124,32125,32126,32127,32128,32129,32130,32131,32132,32133,32134,32135,32136,32138,32139,32140,32141,32142,32143,32144,32145,32146,32147,32148,32149,32150,32151,32152,32153,32154,32155,32156,32157,32158,32159,32160,32161,32162,32163,32164,32165,32166,32167,32169,32170,32171,32172,32173,32174,32175,32176,32177,32178,32180,32181,32182,32183,32184,32185,32186,32187,32188,32189,32190,32191,32192,32193,32194,32195,32196,32197,32198,32199,32200,32201,32202,32203,32204,32205,32206,32207,32208,32209,32210,32211,32212,32213,32214,32215,32216,32217,32218,32219,32220,32221,32222,32223,32224,32225,32226,32227,32228,32229,32230,32231,32232,32233,32234,32235,32236,32237,32238,32239,32240,32241,32242,32243,32244,32245,32246,32247,32248,32249,32250,32251,32252,32253,32254,32255,32256,32257,32258,32261,32262,32263,32264,32265,32266,32267,32268,32269,32270,32271,32272,32273,32274,32275,32276,32277,32278,32279,32280,32281,32282,32283,32284,32285,32286,32287,32288,32289,32290,32291,32292,32293,32294,32295,32296,32297,32298,32299,32300,32301,32302,32303,32304,32305,32306,32307,32308,32309,32310,32311,32312,32313,32314,32315,32316,32317,32318,32319,32320,32321,32322,32323,32324,32325,32326,32327,32328,32329,32330,32331,32332,32333,32334,32335,32336,32337,32338,32339,32340,32341,32342,32343,32344,32345,32346,32347,32348,32349,32350,32351,32352,32353,32354,32355,32356,32357,32358,32359,32360,32361,32362,32363,32364,32365,32366,32367,32368,32369,32370,32371,32372,32373,32374,32375,32376,32377,32378,32379,32380,32381,32382,32383,32384,32385,32386,32387,32388,32389,32390,32391,32392,32393,32394,32395,32396,32397,32398,32399,32400,32401,32402,32403,32404,32405,32406,32407,32408,32409,32410,32411,32412,32414,32415,32416,32417,32418,32419,32420,32421,32422,32423,32424,32425,32426,32427,32428,32429,32430,32431,32432,32433,32434,32435,32436,32437,32438,32439,32440,32441,32442,32443,32444,32445,32446,32447,32448,32449,32450,32451,32452,32453,32454,32455,32456,32457,32458,32459,32460,32461,32462,32463,32464,32465,32466,32467,32468,34001,34002,34003,34004,34005,34006,34007,34008,34009,34010,34011,34012,34013,34014,34015,34016,34017,34018,34019,34020,34021,34022,34023,34024,34025,34026,34027,34028,34029,34030,34031,34032,34033,34034,34035,34036,34037,34038,34039,34040,34041,34042,34043,34044,34045,34046,34047,34048,34049,34050,34051,34052,34053,34054,34055,34056,34057,34058,34059,34060,34061,34062,34063,34064,34065,34066,34067,34068,34069,34070,34071,34072,34073,34074,34075,34076,34077,34078,34079,34080,34081,34082,34083,34084,34085,34086,34087,34088,34089,34090,34091,34092,34094,34095,34096,34097,34098,34099,34100,34101,34102,34103,34104,34105,34106,34107,34108,34109,34110,34111,34112,34113,34114,34115,34116,34117,34118,34119,34120,34121,34122,34123,34124,34125,34126,34127,34128,34129,34130,34131,34132,34133,34134,34135,34136,34137,34138,34139,34140,34141,34142,34143,34144,34145,34146,34147,34148,34149,34150,34151,34152,34153,34154,34155,34156,34157,34158,34159,34160,34161,34162,34163,34164,34165,34166,34167,34168,34169,34170,34171,34172,34173,34174,34175,34176,34177,34178,34179,34180,34181,34182,34183,34184,34185,34186,34187,34188,34189,34190,34191,34192,34193,34194,34195,34196,34197,34198,34199,34200,34201,34202,34203,34204,34205,34206,34207,34208,34209,34210,34211,34212,34213,34214,34215,34216,34217,34218,34219,34220,34221,34222,34223,34224,34225,34226,34227,34228,34229,34230,34231,34232,34233,34234,34235,34236,34237,34238,34239,34240,34241,34242,34243,34244,34245,34246,34247,34248,34249,34250,34251,34252,34253,34254,34255,34256,34257,34258,34259,34260,34261,34262,34263,34264,34265,34266,34267,34268,34269,34270,34271,34272,34273,34274,34276,34277,34278,34279,34280,34281,34282,34283,34284,34285,34286,34287,34288,34289,34290,34291,34292,34293,34294,34295,34296,34297,34298,34299,34300,34301,34302,34303,34304,34305,34306,34307,34308,34309,34310,34311,34312,34313,34314,34315,34316,34317,34318,34319,34320,34321,34322,34323,34324,34325,34326,34327,34328,34329,34331,34332,34333,34334,34335,34336,34337,34338,34339,34340,34341,34342,34343,34344,46001,46002,46003,46004,46005,46006,46007,46008,46009,46010,46011,46012,46013,46015,46016,46017,46018,46020,46021,46022,46023,46024,46026,46027,46028,46029,46030,46031,46032,46033,46034,46035,46036,46037,46038,46039,46040,46041,46042,46043,46044,46045,46046,46047,46049,46050,46051,46052,46053,46054,46055,46056,46057,46058,46059,46060,46061,46062,46063,46064,46065,46066,46068,46069,46070,46072,46073,46074,46075,46076,46078,46079,46080,46081,46082,46083,46084,46085,46086,46087,46088,46089,46090,46091,46092,46093,46094,46095,46096,46097,46098,46100,46101,46102,46103,46104,46105,46106,46107,46108,46109,46111,46112,46113,46114,46115,46116,46117,46118,46119,46120,46121,46122,46123,46124,46125,46126,46127,46128,46129,46130,46131,46132,46133,46134,46135,46136,46137,46138,46139,46140,46142,46143,46144,46145,46146,46147,46148,46149,46151,46152,46153,46154,46155,46156,46157,46159,46160,46161,46162,46163,46164,46165,46167,46168,46169,46170,46171,46172,46173,46174,46175,46176,46177,46178,46179,46180,46181,46182,46183,46184,46185,46186,46187,46188,46189,46190,46191,46192,46193,46194,46195,46196,46197,46198,46199,46200,46201,46202,46203,46204,46205,46206,46207,46208,46209,46210,46211,46212,46213,46214,46215,46216,46218,46219,46220,46221,46222,46223,46224,46225,46226,46227,46228,46229,46230,46231,46232,46233,46234,46235,46236,46237,46238,46239,46240,46241,46242,46243,46244,46245,46246,46247,46249,46250,46251,46252,46253,46254,46255,46256,46257,46258,46259,46260,46262,46263,46264,46265,46266,46267,46268,46269,46270,46271,46272,46273,46276,46277,46279,46280,46281,46282,46283,46284,46286,46288,46289,46290,46292,46293,46294,46295,46296,46297,46299,46301,46302,46303,46304,46305,46306,46307,46308,46309,46310,46311,46312,46313,46314,46315,46316,46317,46318,46319,46320,46321,46322,46323,46324,46328,46329,46330,46332,46333,46334,46335,46336,46337,46338,46339,46340,48001,48002,48003,48004,48005,48007,48008,48009,48010,48012,48013,48015,48016,48017,48018,48019,48020,48021,48025,48026,48027,48028,48029,48030,48031,48032,48034,48036,48037,48038,48039,48041,48042,48043,48044,48045,48046,48048,48050,48051,48053,48054,48055,48056,48058,48059,48061,48063,48064,48065,48067,48068,48069,48070,48071,48072,48073,48074,48075,48077,48079,48080,48081,48082,48083,48085,48086,48087,48088,48089,48090,48091,48092,48094,48095,48096,48097,48098,48099,48100,48103,48104,48105,48106,48107,48108,48110,48111,48112,48115,48116,48117,48119,48121,48123,48124,48126,48127,48128,48129,48130,48131,48132,48135,48136,48137,48138,48139,48140,48141,48144,48145,48146,48147,48148,48149,48150,48151,48152,48153,48155,48156,48157,48158,48160,48161,48163,48165,48166,48167,48168,48169,48170,48171,48173,48174,48175,48176,48177,48178,48179,48181,48182,48185,48187,48188,48190,48191,48192,48193,48194,48198,65001,65002,65003,65004,65005,65006,65007,65009,65010,65011,65012,65013,65014,65015,65016,65017,65018,65019,65020,65021,65022,65023,65024,65025,65026,65028,65029,65031,65032,65033,65034,65035,65036,65037,65038,65039,65040,65041,65042,65043,65044,65045,65046,65047,65048,65049,65050,65051,65052,65053,65054,65055,65056,65057,65058,65059,65060,65061,65062,65063,65064,65065,65066,65067,65068,65069,65070,65071,65072,65073,65074,65075,65076,65077,65078,65079,65080,65081,65082,65083,65084,65085,65086,65087,65088,65089,65090,65091,65092,65093,65094,65095,65096,65097,65098,65099,65100,65101,65102,65103,65104,65105,65106,65107,65108,65109,65110,65111,65112,65113,65114,65115,65116,65117,65118,65119,65120,65121,65123,65124,65125,65126,65127,65128,65129,65130,65131,65132,65133,65134,65135,65136,65137,65138,65139,65140,65141,65142,65143,65144,65145,65146,65147,65148,65149,65150,65151,65153,65154,65155,65156,65157,65158,65159,65160,65161,65162,65163,65164,65165,65166,65167,65168,65169,65170,65171,65172,65173,65174,65175,65176,65177,65178,65179,65180,65181,65182,65183,65184,65185,65186,65187,65189,65190,65191,65192,65193,65194,65195,65196,65197,65198,65199,65200,65201,65202,65203,65204,65205,65206,65207,65208,65209,65210,65211,65212,65213,65214,65215,65216,65217,65218,65219,65220,65221,65222,65223,65224,65225,65226,65228,65229,65230,65231,65232,65233,65234,65235,65236,65237,65238,65239,65240,65241,65242,65243,65244,65245,65247,65248,65249,65250,65251,65252,65253,65254,65255,65256,65257,65258,65259,65260,65261,65262,65263,65264,65265,65266,65267,65268,65269,65270,65271,65272,65273,65274,65275,65276,65277,65278,65279,65280,65281,65282,65283,65284,65285,65286,65287,65288,65289,65290,65291,65292,65293,65294,65295,65296,65297,65298,65299,65300,65301,65303,65304,65305,65306,65307,65308,65309,65310,65311,65313,65314,65315,65316,65317,65318,65319,65320,65321,65322,65323,65324,65325,65326,65327,65328,65329,65330,65331,65332,65333,65334,65335,65336,65337,65338,65339,65340,65341,65342,65343,65344,65345,65346,65347,65348,65349,65350,65351,65352,65353,65354,65355,65356,65357,65358,65359,65360,65361,65362,65363,65364,65366,65367,65368,65369,65370,65371,65372,65373,65374,65375,65376,65377,65378,65379,65380,65381,65382,65383,65384,65385,65386,65387,65388,65389,65390,65391,65392,65393,65394,65395,65396,65397,65398,65399,65400,65401,65402,65403,65404,65405,65406,65407,65408,65409,65410,65411,65412,65413,65414,65415,65416,65417,65418,65419,65420,65421,65422,65423,65424,65425,65426,65427,65428,65429,65430,65431,65432,65433,65435,65436,65437,65438,65439,65440,65441,65442,65443,65444,65445,65446,65447,65448,65449,65450,65451,65452,65453,65454,65455,65456,65457,65458,65459,65460,65461,65462,65463,65464,65465,65466,65467,65468,65469,65470,65471,65472,65473,65474,65475,65476,65477,65478,65479,65481,65482,66001,66002,66003,66004,66005,66006,66007,66008,66009,66010,66011,66012,66013,66014,66015,66016,66017,66018,66019,66020,66021,66022,66023,66024,66025,66026,66027,66028,66029,66030,66032,66033,66034,66035,66036,66037,66038,66039,66040,66041,66042,66043,66044,66045,66046,66047,66048,66049,66050,66051,66052,66053,66054,66055,66056,66057,66058,66059,66060,66061,66062,66063,66064,66065,66066,66067,66068,66069,66070,66071,66072,66073,66074,66075,66076,66077,66078,66079,66080,66081,66082,66083,66084,66085,66086,66088,66089,66090,66091,66092,66093,66094,66095,66096,66097,66098,66099,66100,66101,66102,66103,66104,66105,66106,66107,66108,66109,66111,66112,66113,66114,66115,66116,66117,66118,66119,66120,66121,66122,66123,66124,66125,66126,66127,66128,66129,66130,66132,66133,66134,66136,66137,66138,66139,66140,66141,66142,66143,66144,66145,66146,66147,66148,66149,66150,66151,66152,66153,66154,66155,66156,66157,66158,66159,66160,66161,66162,66164,66165,66166,66167,66168,66169,66170,66171,66172,66173,66174,66175,66176,66177,66178,66179,66180,66181,66182,66183,66184,66185,66186,66187,66188,66189,66190,66191,66192,66193,66194,66195,66196,66197,66198,66199,66201,66202,66203,66204,66205,66206,66207,66208,66209,66210,66211,66212,66213,66214,66215,66216,66217,66218,66219,66220,66221,66222,66223,66224,66225,66226,66227,66228,66230,66231,66232,66233,66234,81001,81002,81003,81004,81005,81006,81007,81008,81009,81010,81011,81012,81013,81014,81015,81016,81017,81018,81019,81020,81021,81022,81023,81024,81025,81026,81027,81028,81029,81030,81031,81032,81033,81034,81035,81036,81037,81038,81039,81040,81041,81042,81043,81044,81045,81046,81047,81048,81049,81050,81051,81052,81053,81054,81055,81056,81058,81059,81060,81061,81062,81063,81064,81065,81066,81067,81068,81069,81070,81071,81072,81073,81074,81075,81076,81077,81078,81079,81080,81081,81082,81083,81084,81085,81086,81087,81088,81089,81090,81092,81093,81094,81095,81096,81097,81098,81099,81100,81101,81102,81103,81104,81105,81106,81108,81109,81110,81111,81112,81114,81115,81116,81117,81118,81119,81120,81121,81122,81123,81124,81125,81126,81127,81128,81129,81130,81131,81132,81133,81134,81135,81136,81137,81138,81139,81140,81141,81142,81143,81144,81145,81146,81147,81148,81149,81150,81151,81152,81154,81156,81157,81158,81159,81160,81161,81162,81163,81164,81165,81166,81167,81168,81169,81170,81171,81172,81173,81174,81175,81176,81177,81178,81179,81180,81181,81182,81183,81184,81185,81186,81187,81188,81189,81190,81191,81192,81193,81195,81196,81197,81198,81199,81200,81201,81202,81203,81204,81205,81206,81207,81208,81209,81210,81211,81212,81213,81214,81215,81216,81217,81218,81219,81220,81221,81222,81223,81224,81225,81227,81228,81229,81230,81231,81232,81233,81234,81235,81236,81237,81238,81239,81240,81242,81243,81244,81245,81246,81247,81248,81249,81250,81251,81252,81253,81254,81255,81256,81257,81258,81259,81261,81262,81263,81264,81265,81266,81267,81268,81269,81270,81271,81272,81273,81274,81275,81276,81277,81278,81279,81280,81281,81282,81283,81284,81285,81286,81287,81288,81289,81290,81291,81292,81293,81294,81295,81297,81298,81299,81300,81302,81303,81304,81305,81306,81307,81308,81309,81310,81311,81312,81313,81314,81315,81316,81317,81318,81319,81320,81321,81322,81323,81324,81325,81326,82001,82002,82003,82004,82005,82006,82007,82008,82009,82010,82011,82012,82013,82014,82015,82016,82017,82018,82019,82020,82021,82022,82023,82024,82025,82026,82027,82028,82029,82030,82031,82032,82033,82034,82035,82036,82037,82038,82039,82040,82041,82042,82043,82044,82045,82046,82047,82048,82049,82050,82051,82052,82053,82054,82055,82056,82057,82058,82059,82060,82061,82062,82063,82064,82065,82066,82067,82068,82069,82070,82071,82072,82073,82074,82075,82076,82077,82078,82079,82080,82081,82082,82083,82084,82085,82086,82087,82088,82089,82090,82091,82092,82093,82094,82095,82096,82097,82098,82099,82100,82101,82102,82103,82104,82105,82106,82107,82108,82109,82110,82111,82112,82113,82114,82115,82116,82117,82118,82119,82120,82121,82122,82123,82124,82125,82126,82127,82128,82129,82130,82131,82132,82133,82134,82135,82136,82137,82138,82139,82140,82141,82142,82143,82144,82145,82146,82147,82148,82149,82150,82151,82152,82153,82154,82155,82156,82157,82158,82159,82160,82161,82162,82163,82164,82165,82166,82167,82168,82169,82170,82171,82172,82173,82174,82175,82176,82177,82178,82179,82180,82181,82182,82183,82184,82185,82186,82187,82188,82189,82190,82191,82192,82193,82194,82195}",SDER,2026-03-24 14:41:32.274366+01,gold_establishments_2025,,,,13002930900049,2025,Services de l'Etat,Région,"['Ariège', 'Aude', 'Aveyron', 'Gard', 'Haute-Garonne', 'Gers', 'Hérault', 'Lot', 'Lozère', 'Hautes-P",['Occitanie'],DREETS,"{09,11,12,30,31,32,34,46,48,65,66,81,82}",{76}
a61f6ec3-36e5-4775-aa25-9dfd5ede48a9,130029283,DREETS Pays de la Loire,false,"{44001,44002,44003,44005,44006,44007,44009,44010,44012,44013,44014,44015,44016,44018,44019,44020,44021,44022,44023,44024,44025,44026,44027,44028,44029,44030,44031,44032,44033,44035,44036,44037,44038,44039,44041,44043,44044,44045,44046,44047,44048,44049,44050,44051,44052,44053,44054,44055,44056,44057,44058,44061,44062,44063,44064,44065,44066,44067,44068,44069,44070,44071,44072,44073,44074,44075,44076,44077,44078,44079,44080,44081,44082,44083,44084,44085,44086,44087,44088,44089,44090,44091,44092,44094,44095,44096,44097,44098,44099,44100,44101,44102,44103,44104,44105,44106,44107,44108,44109,44110,44111,44112,44113,44114,44115,44116,44117,44118,44119,44120,44121,44122,44123,44124,44125,44126,44127,44128,44129,44130,44131,44132,44133,44134,44135,44136,44137,44138,44139,44140,44141,44142,44143,44144,44145,44146,44148,44149,44150,44151,44152,44153,44154,44155,44156,44157,44158,44159,44161,44162,44163,44164,44165,44166,44168,44169,44170,44171,44172,44173,44174,44175,44176,44178,44179,44180,44182,44183,44184,44185,44186,44187,44188,44189,44190,44192,44193,44194,44195,44196,44197,44198,44199,44200,44201,44202,44203,44204,44205,44206,44207,44208,44209,44210,44211,44212,44213,44214,44215,44216,44217,44218,44220,44221,44222,44223,44224,49002,49003,49007,49008,49009,49010,49011,49012,49015,49017,49018,49020,49021,49022,49023,49026,49027,49028,49029,49030,49035,49036,49038,49041,49045,49048,49050,49053,49054,49055,49056,49057,49058,49060,49061,49063,49064,49067,49068,49070,49076,49080,49082,49086,49089,49090,49092,49099,49100,49102,49107,49109,49110,49112,49113,49114,49120,49121,49123,49125,49127,49129,49130,49131,49132,49135,49138,49140,49155,49160,49161,49163,49167,49170,49171,49174,49176,49178,49180,49182,49183,49188,49192,49193,49194,49195,49200,49201,49205,49209,49211,49214,49215,49216,49217,49218,49219,49220,49221,49222,49223,49224,49228,49231,49235,49236,49237,49240,49241,49244,49246,49247,49248,49253,49257,49259,49260,49261,49262,49266,49267,49269,49271,49272,49278,49283,49284,49288,49291,49292,49294,49298,49299,49301,49302,49306,49307,49308,49310,49311,49323,49326,49328,49329,49330,49331,49332,49333,49334,49336,49338,49339,49341,49343,49344,49345,49347,49352,49353,49355,49358,49359,49361,49362,49364,49367,49368,49369,49370,49371,49373,49374,49377,49378,49381,53001,53002,53003,53005,53007,53008,53009,53010,53011,53012,53013,53015,53016,53017,53018,53019,53021,53022,53023,53025,53026,53027,53028,53029,53030,53031,53033,53034,53035,53036,53037,53038,53039,53040,53041,53042,53043,53045,53046,53047,53048,53049,53051,53052,53053,53054,53055,53056,53057,53058,53059,53061,53062,53063,53064,53066,53067,53068,53069,53071,53072,53073,53074,53075,53076,53077,53078,53079,53080,53082,53083,53084,53085,53086,53087,53088,53089,53090,53091,53093,53094,53096,53097,53098,53099,53100,53101,53102,53103,53104,53105,53106,53107,53108,53109,53110,53111,53112,53113,53114,53115,53116,53117,53118,53119,53120,53121,53122,53123,53124,53125,53126,53127,53128,53129,53130,53131,53132,53133,53134,53135,53136,53137,53139,53140,53141,53142,53143,53144,53145,53146,53147,53148,53150,53151,53152,53153,53154,53155,53156,53157,53158,53160,53161,53162,53163,53164,53165,53168,53169,53170,53172,53173,53174,53175,53176,53177,53178,53179,53180,53181,53182,53184,53185,53186,53187,53188,53189,53190,53191,53192,53193,53195,53196,53197,53198,53199,53200,53201,53202,53203,53204,53206,53208,53209,53210,53211,53212,53213,53214,53216,53218,53219,53220,53221,53222,53223,53224,53225,53226,53228,53229,53230,53232,53233,53234,53235,53236,53237,53238,53240,53242,53243,53245,53246,53247,53248,53249,53250,53251,53253,53255,53256,53257,53258,53259,53260,53261,53262,53263,53264,53265,53266,53267,53269,53270,53271,53272,53273,53276,72001,72002,72003,72004,72005,72006,72007,72008,72009,72010,72011,72012,72013,72015,72016,72017,72018,72019,72020,72021,72022,72023,72024,72025,72026,72027,72028,72029,72031,72032,72034,72035,72036,72037,72038,72039,72040,72041,72042,72043,72044,72045,72046,72047,72048,72049,72050,72051,72052,72053,72054,72056,72057,72058,72059,72060,72061,72062,72064,72065,72066,72067,72068,72070,72071,72072,72073,72074,72075,72076,72077,72078,72079,72080,72083,72084,72085,72086,72087,72088,72089,72090,72091,72093,72094,72095,72096,72098,72099,72100,72101,72102,72103,72104,72105,72106,72107,72109,72110,72111,72112,72113,72114,72115,72118,72119,72120,72121,72122,72123,72124,72125,72126,72127,72128,72129,72130,72131,72132,72133,72134,72135,72136,72137,72138,72139,72141,72142,72143,72144,72145,72146,72147,72148,72149,72150,72151,72152,72153,72154,72155,72156,72157,72158,72160,72161,72163,72164,72165,72166,72167,72168,72169,72170,72171,72172,72173,72174,72175,72176,72177,72178,72179,72180,72181,72182,72183,72184,72185,72186,72187,72188,72189,72190,72191,72192,72193,72194,72195,72196,72197,72198,72199,72200,72201,72202,72204,72205,72208,72209,72210,72211,72212,72213,72214,72215,72216,72217,72218,72219,72220,72221,72222,72223,72224,72225,72226,72227,72228,72229,72230,72231,72232,72233,72234,72235,72236,72237,72238,72239,72241,72243,72244,72245,72246,72247,72248,72249,72250,72251,72252,72253,72254,72255,72256,72257,72259,72260,72261,72262,72264,72265,72266,72267,72268,72269,72270,72271,72272,72273,72274,72275,72276,72277,72278,72279,72280,72281,72282,72283,72286,72289,72290,72291,72292,72293,72294,72295,72296,72297,72299,72300,72302,72303,72305,72306,72307,72308,72309,72310,72311,72312,72313,72314,72315,72316,72317,72319,72320,72321,72322,72323,72324,72325,72326,72327,72328,72329,72330,72331,72332,72333,72334,72335,72336,72337,72338,72339,72340,72341,72342,72343,72344,72345,72346,72347,72348,72349,72350,72351,72352,72353,72354,72355,72356,72357,72358,72359,72360,72361,72362,72363,72364,72366,72367,72368,72369,72370,72372,72373,72374,72375,72376,72377,72378,72379,72380,72381,72382,72383,72385,72386,85001,85002,85003,85004,85005,85006,85008,85009,85010,85011,85012,85013,85014,85015,85016,85017,85018,85019,85020,85022,85023,85024,85025,85026,85028,85029,85031,85033,85034,85035,85036,85038,85039,85040,85042,85045,85046,85047,85049,85050,85051,85054,85055,85056,85058,85059,85061,85062,85064,85065,85066,85067,85070,85071,85072,85073,85074,85076,85077,85078,85080,85081,85082,85083,85084,85086,85087,85088,85089,85090,85092,85093,85094,85095,85096,85097,85098,85099,85100,85101,85102,85103,85104,85105,85106,85108,85109,85110,85111,85112,85113,85114,85115,85116,85117,85118,85119,85120,85121,85123,85125,85126,85127,85128,85129,85130,85131,85132,85133,85134,85135,85136,85137,85138,85139,85140,85141,85142,85143,85144,85145,85146,85147,85148,85149,85151,85152,85153,85154,85155,85156,85157,85158,85159,85160,85161,85162,85163,85164,85167,85169,85171,85172,85174,85175,85176,85177,85178,85179,85181,85182,85184,85185,85186,85187,85188,85189,85190,85191,85192,85193,85194,85196,85197,85198,85199,85200,85201,85202,85204,85205,85206,85207,85208,85209,85210,85211,85213,85214,85215,85216,85218,85220,85221,85222,85223,85226,85227,85229,85231,85232,85234,85235,85236,85237,85238,85239,85240,85242,85243,85244,85245,85246,85247,85248,85250,85251,85252,85254,85255,85256,85259,85260,85261,85262,85264,85265,85266,85267,85268,85269,85273,85274,85276,85277,85278,85280,85281,85282,85284,85285,85286,85287,85288,85289,85290,85291,85292,85293,85294,85295,85296,85297,85298,85300,85301,85302,85303,85304,85305,85306}",SDER,2026-03-24 14:41:32.274366+01,gold_establishments_2025,,,,13002928300012,2025,Services de l'Etat,Région,"['Loire-Atlantique', 'Maine-et-Loire', 'Mayenne', 'Sarthe', 'Vendée']",['Pays de la Loire'],DREETS,"{44,49,53,72,85}",{52}
44d19bda-eb6f-43c1-bf7d-6fd4fdaca390,130029176,DREETS Provence-Alpes-Côte dAzur,false,"{04001,04004,04005,04006,04007,04008,04009,04012,04013,04016,04017,04018,04019,04020,04021,04022,04023,04024,04025,04026,04027,04028,04030,04031,04032,04033,04034,04035,04036,04037,04039,04040,04041,04042,04043,04045,04046,04047,04049,04050,04051,04053,04054,04055,04057,04058,04059,04061,04062,04063,04065,04066,04067,04068,04069,04070,04072,04073,04074,04075,04076,04077,04079,04081,04084,04085,04086,04087,04088,04090,04091,04092,04093,04094,04095,04096,04097,04099,04101,04102,04104,04106,04107,04108,04109,04110,04111,04112,04113,04115,04116,04118,04120,04121,04122,04123,04124,04126,04127,04128,04129,04130,04132,04133,04134,04135,04136,04137,04138,04139,04140,04141,04142,04143,04144,04145,04148,04149,04150,04151,04152,04154,04155,04156,04157,04158,04159,04160,04161,04162,04163,04164,04166,04167,04169,04170,04171,04172,04173,04174,04175,04176,04177,04178,04179,04180,04181,04182,04183,04184,04186,04187,04188,04189,04190,04191,04192,04193,04194,04195,04197,04199,04200,04201,04202,04203,04204,04205,04206,04207,04208,04209,04210,04211,04214,04216,04217,04218,04219,04220,04222,04224,04226,04227,04228,04229,04230,04231,04233,04234,04235,04236,04237,04240,04241,04242,04244,04245,05001,05003,05004,05006,05007,05008,05009,05010,05011,05012,05013,05014,05016,05017,05018,05019,05021,05022,05023,05024,05025,05026,05027,05028,05029,05031,05032,05033,05035,05036,05037,05038,05039,05040,05044,05045,05046,05047,05048,05049,05050,05051,05052,05053,05054,05055,05056,05057,05058,05059,05060,05061,05062,05063,05064,05065,05066,05068,05070,05071,05072,05073,05074,05075,05076,05077,05078,05079,05080,05081,05082,05084,05085,05086,05087,05089,05090,05091,05092,05093,05094,05095,05096,05097,05098,05099,05100,05101,05102,05103,05104,05106,05107,05108,05109,05110,05111,05112,05113,05114,05115,05116,05117,05118,05119,05121,05122,05123,05124,05126,05127,05128,05129,05130,05131,05132,05133,05134,05135,05136,05139,05140,05142,05144,05145,05146,05147,05148,05149,05151,05152,05153,05154,05155,05156,05157,05158,05159,05160,05161,05162,05163,05164,05165,05166,05167,05168,05169,05170,05171,05172,05173,05174,05176,05177,05178,05179,05180,05181,05182,05183,05184,06001,06002,06003,06004,06005,06006,06007,06008,06009,06010,06011,06012,06013,06014,06015,06016,06017,06018,06019,06020,06021,06022,06023,06024,06025,06026,06027,06028,06029,06030,06031,06032,06033,06034,06035,06036,06037,06038,06039,06040,06041,06042,06043,06044,06045,06046,06047,06048,06049,06050,06051,06052,06053,06054,06055,06056,06057,06058,06059,06060,06061,06062,06063,06064,06065,06066,06067,06068,06069,06070,06071,06072,06073,06074,06075,06076,06077,06078,06079,06080,06081,06082,06083,06084,06085,06086,06087,06088,06089,06090,06091,06092,06093,06094,06095,06096,06097,06098,06099,06100,06101,06102,06103,06104,06105,06106,06107,06108,06109,06110,06111,06112,06113,06114,06115,06116,06117,06118,06119,06120,06121,06122,06123,06124,06125,06126,06127,06128,06129,06130,06131,06132,06133,06134,06135,06136,06137,06138,06139,06140,06141,06142,06143,06144,06145,06146,06147,06148,06149,06150,06151,06152,06153,06154,06155,06156,06157,06158,06159,06160,06161,06162,06163,13001,13002,13003,13004,13005,13006,13007,13008,13009,13010,13011,13012,13013,13014,13015,13016,13017,13018,13019,13020,13021,13022,13023,13024,13025,13026,13027,13028,13029,13030,13031,13032,13033,13034,13035,13036,13037,13038,13039,13040,13041,13042,13043,13044,13045,13046,13047,13048,13049,13050,13051,13052,13053,13054,13055,13056,13057,13058,13059,13060,13061,13062,13063,13064,13065,13066,13067,13068,13069,13070,13071,13072,13073,13074,13075,13076,13077,13078,13079,13080,13081,13082,13083,13084,13085,13086,13087,13088,13089,13090,13091,13092,13093,13094,13095,13096,13097,13098,13099,13100,13101,13102,13103,13104,13105,13106,13107,13108,13109,13110,13111,13112,13113,13114,13115,13116,13117,13118,13119,13201,13202,13203,13204,13205,13206,13207,13208,13209,13210,13211,13212,13213,13214,13215,13216,83001,83002,83003,83004,83005,83006,83007,83008,83009,83010,83011,83012,83013,83014,83015,83016,83017,83018,83019,83020,83021,83022,83023,83025,83026,83027,83028,83029,83030,83031,83032,83033,83034,83035,83036,83037,83038,83039,83040,83041,83042,83043,83044,83045,83046,83047,83048,83049,83050,83051,83052,83053,83054,83055,83056,83057,83058,83059,83060,83061,83062,83063,83064,83065,83066,83067,83068,83069,83070,83071,83072,83073,83074,83075,83076,83077,83078,83079,83080,83081,83082,83083,83084,83085,83086,83087,83088,83089,83090,83091,83092,83093,83094,83095,83096,83097,83098,83099,83100,83101,83102,83103,83104,83105,83106,83107,83108,83109,83110,83111,83112,83113,83114,83115,83116,83117,83118,83119,83120,83121,83122,83123,83124,83125,83126,83127,83128,83129,83130,83131,83132,83133,83134,83135,83136,83137,83138,83139,83140,83141,83142,83143,83144,83145,83146,83147,83148,83149,83150,83151,83152,83153,83154,84001,84002,84003,84004,84005,84006,84007,84008,84009,84010,84011,84012,84013,84014,84015,84016,84017,84018,84019,84020,84021,84022,84023,84024,84025,84026,84027,84028,84029,84030,84031,84032,84033,84034,84035,84036,84037,84038,84039,84040,84041,84042,84043,84044,84045,84046,84047,84048,84049,84050,84051,84052,84053,84054,84055,84056,84057,84058,84059,84060,84061,84062,84063,84064,84065,84066,84067,84068,84069,84070,84071,84072,84073,84074,84075,84076,84077,84078,84079,84080,84081,84082,84083,84084,84085,84086,84087,84088,84089,84090,84091,84092,84093,84094,84095,84096,84097,84098,84099,84100,84101,84102,84103,84104,84105,84106,84107,84108,84109,84110,84111,84112,84113,84114,84115,84116,84117,84118,84119,84120,84121,84122,84123,84124,84125,84126,84127,84128,84129,84130,84131,84132,84133,84134,84135,84136,84137,84138,84139,84140,84141,84142,84143,84144,84145,84146,84147,84148,84149,84150,84151}",SDER,2026-03-24 14:41:32.274366+01,gold_establishments_2025,,,,13002917600018,2025,Services de l'Etat,Région,"['Alpes-de-Haute-Provence', 'Hautes-Alpes', 'Alpes-Maritimes', 'Bouches-du-Rhône', 'Var', 'Vaucluse'",['Provence-Alpes-Côte dAzur'],DREETS,"{04,05,06,13,83,84}",{93}
89614897-3e8f-4952-a8fa-d30bdc4f00fa,130010036,DRFIP Auvergne-Rhône-Alpes,false,"{01001,01002,01004,01005,01006,01007,01008,01009,01010,01011,01012,01013,01014,01015,01016,01017,01019,01021,01022,01023,01024,01025,01026,01027,01028,01029,01030,01031,01032,01033,01034,01035,01036,01037,01038,01040,01041,01042,01043,01044,01045,01046,01047,01049,01050,01051,01052,01053,01054,01056,01057,01058,01060,01061,01062,01063,01064,01065,01066,01067,01068,01069,01071,01072,01073,01074,01075,01076,01077,01078,01079,01080,01081,01082,01083,01084,01085,01087,01088,01089,01090,01092,01093,01094,01095,01096,01098,01099,01100,01101,01102,01103,01104,01105,01106,01107,01108,01109,01110,01111,01112,01113,01114,01115,01116,01117,01118,01121,01123,01124,01125,01127,01128,01129,01130,01133,01134,01135,01136,01138,01139,01140,01141,01142,01143,01145,01146,01147,01148,01149,01150,01151,01152,01153,01155,01156,01157,01158,01159,01160,01162,01163,01165,01166,01167,01169,01170,01171,01173,01174,01175,01177,01179,01180,01181,01183,01184,01185,01187,01188,01189,01190,01191,01192,01193,01194,01195,01196,01197,01198,01199,01200,01202,01203,01204,01206,01207,01208,01209,01210,01211,01212,01213,01214,01215,01216,01219,01224,01225,01227,01228,01229,01230,01231,01232,01233,01234,01235,01236,01237,01238,01239,01240,01241,01242,01243,01244,01245,01246,01247,01248,01249,01250,01252,01254,01255,01257,01258,01259,01260,01261,01262,01263,01264,01265,01266,01267,01268,01269,01272,01273,01274,01275,01276,01277,01279,01280,01281,01282,01283,01284,01285,01286,01288,01289,01290,01291,01293,01294,01295,01296,01297,01298,01299,01301,01302,01303,01304,01305,01306,01307,01308,01309,01310,01311,01313,01314,01317,01318,01319,01320,01321,01322,01323,01325,01328,01329,01331,01332,01333,01334,01335,01336,01337,01338,01339,01342,01343,01344,01345,01346,01347,01348,01349,01350,01351,01352,01353,01354,01355,01356,01357,01358,01359,01360,01361,01362,01363,01364,01365,01366,01367,01368,01369,01370,01371,01372,01373,01374,01375,01376,01378,01379,01380,01381,01382,01383,01384,01385,01386,01387,01388,01389,01390,01391,01392,01393,01396,01397,01398,01399,01400,01401,01402,01403,01404,01405,01406,01407,01408,01410,01411,01412,01415,01416,01418,01419,01420,01421,01422,01423,01424,01425,01426,01427,01428,01429,01430,01431,01432,01433,01434,01435,01436,01437,01439,01441,01443,01444,01445,01446,01447,01448,01449,01450,01451,01452,01453,01454,01456,01457,03001,03002,03003,03004,03005,03006,03007,03008,03009,03010,03011,03012,03013,03014,03015,03016,03017,03018,03019,03020,03021,03022,03023,03024,03025,03026,03027,03028,03029,03030,03031,03032,03033,03034,03035,03036,03037,03038,03039,03040,03041,03042,03043,03044,03045,03046,03047,03048,03049,03050,03051,03052,03053,03054,03055,03056,03057,03058,03059,03060,03061,03062,03063,03064,03065,03066,03067,03068,03069,03070,03071,03072,03073,03074,03075,03076,03077,03078,03079,03080,03081,03082,03083,03084,03085,03086,03087,03088,03089,03090,03091,03092,03093,03094,03095,03096,03097,03098,03099,03100,03101,03102,03103,03104,03105,03106,03107,03108,03109,03110,03111,03112,03113,03114,03115,03116,03117,03118,03119,03120,03121,03122,03124,03125,03126,03127,03128,03129,03130,03131,03132,03133,03134,03135,03136,03137,03138,03139,03140,03141,03142,03143,03144,03145,03146,03147,03148,03149,03150,03151,03152,03154,03155,03156,03157,03158,03159,03160,03161,03162,03163,03164,03165,03166,03167,03168,03169,03170,03171,03172,03173,03174,03175,03176,03177,03178,03179,03180,03181,03182,03183,03184,03185,03186,03187,03188,03189,03190,03191,03192,03193,03194,03195,03196,03197,03198,03200,03201,03202,03203,03204,03205,03206,03207,03208,03209,03210,03211,03212,03213,03214,03215,03216,03217,03218,03219,03220,03221,03222,03223,03224,03225,03226,03227,03228,03229,03230,03231,03232,03233,03234,03235,03236,03237,03238,03239,03240,03241,03242,03243,03244,03245,03246,03247,03248,03249,03250,03251,03252,03253,03254,03255,03256,03257,03258,03259,03260,03261,03262,03263,03264,03265,03266,03267,03268,03269,03270,03271,03272,03273,03274,03275,03276,03277,03278,03279,03280,03281,03282,03283,03284,03285,03286,03287,03288,03289,03290,03291,03292,03293,03294,03295,03296,03297,03298,03299,03300,03301,03302,03303,03304,03305,03306,03307,03308,03309,03310,03311,03312,03313,03314,03315,03316,03317,03319,03320,03321,07001,07002,07003,07004,07005,07006,07007,07008,07009,07010,07011,07012,07013,07014,07015,07017,07018,07019,07020,07022,07023,07024,07025,07026,07027,07028,07029,07030,07031,07032,07033,07034,07035,07036,07037,07038,07039,07040,07041,07042,07044,07045,07047,07048,07049,07050,07051,07052,07053,07054,07055,07056,07058,07059,07060,07061,07062,07063,07064,07065,07066,07067,07068,07069,07070,07071,07072,07073,07074,07075,07076,07077,07078,07079,07080,07081,07082,07083,07084,07085,07086,07087,07088,07089,07090,07091,07092,07093,07094,07095,07096,07097,07098,07099,07100,07101,07102,07103,07104,07105,07106,07107,07108,07109,07110,07111,07112,07113,07114,07115,07116,07117,07118,07119,07120,07121,07122,07123,07124,07126,07127,07128,07129,07130,07131,07132,07133,07134,07136,07137,07138,07139,07140,07141,07142,07143,07144,07145,07146,07147,07148,07149,07150,07151,07152,07153,07154,07155,07156,07157,07158,07159,07160,07161,07162,07163,07165,07166,07167,07168,07169,07170,07171,07172,07173,07174,07175,07176,07177,07178,07179,07181,07182,07183,07184,07185,07186,07187,07188,07189,07190,07191,07192,07193,07194,07195,07196,07197,07198,07199,07200,07201,07202,07203,07204,07205,07206,07207,07208,07209,07210,07211,07212,07213,07214,07215,07216,07217,07218,07219,07220,07221,07222,07223,07224,07225,07226,07227,07228,07229,07230,07231,07232,07233,07234,07235,07236,07237,07238,07239,07240,07241,07242,07243,07244,07245,07247,07248,07249,07250,07251,07253,07254,07255,07257,07258,07259,07260,07261,07262,07263,07264,07265,07266,07267,07268,07269,07270,07272,07273,07274,07275,07276,07277,07278,07279,07280,07281,07282,07283,07284,07285,07286,07287,07288,07289,07290,07291,07292,07293,07294,07295,07296,07297,07298,07299,07300,07301,07302,07303,07304,07305,07306,07307,07308,07309,07310,07311,07312,07313,07314,07315,07316,07317,07318,07319,07321,07322,07323,07324,07325,07326,07327,07328,07329,07330,07331,07332,07333,07334,07335,07336,07337,07338,07339,07340,07341,07342,07343,07344,07345,07346,07347,07348,07349,15001,15002,15003,15004,15005,15006,15007,15008,15009,15010,15011,15012,15013,15014,15015,15016,15017,15018,15019,15020,15021,15022,15024,15025,15026,15027,15028,15029,15030,15032,15033,15034,15036,15037,15038,15040,15041,15042,15043,15045,15046,15048,15049,15050,15051,15052,15053,15054,15055,15056,15057,15058,15059,15060,15061,15063,15064,15065,15066,15067,15069,15070,15072,15073,15074,15075,15076,15077,15078,15079,15080,15081,15082,15083,15084,15085,15086,15087,15088,15089,15090,15091,15092,15093,15094,15095,15096,15097,15098,15100,15101,15102,15103,15104,15105,15106,15107,15108,15110,15111,15112,15113,15114,15116,15117,15118,15119,15120,15121,15122,15123,15124,15125,15126,15127,15128,15129,15130,15131,15132,15133,15134,15135,15137,15138,15139,15140,15141,15142,15143,15144,15146,15147,15148,15149,15151,15152,15153,15154,15155,15156,15157,15158,15159,15160,15161,15162,15163,15164,15165,15166,15167,15168,15169,15170,15172,15173,15174,15175,15176,15178,15179,15180,15181,15182,15183,15184,15185,15186,15187,15188,15189,15190,15191,15192,15194,15196,15198,15199,15200,15201,15202,15203,15204,15205,15206,15207,15208,15209,15211,15212,15213,15214,15215,15216,15217,15218,15219,15220,15221,15222,15223,15224,15225,15226,15228,15229,15230,15231,15232,15233,15234,15235,15236,15237,15238,15240,15241,15242,15243,15244,15245,15246,15247,15248,15249,15250,15251,15252,15253,15254,15255,15256,15257,15258,15259,15260,15261,15262,15263,15264,15265,15266,15267,15268,15269,26001,26002,26003,26004,26005,26006,26007,26008,26009,26010,26011,26012,26013,26014,26015,26016,26017,26018,26019,26020,26021,26022,26023,26024,26025,26026,26027,26028,26030,26031,26032,26033,26034,26035,26036,26037,26038,26039,26040,26041,26042,26043,26045,26046,26047,26048,26049,26050,26051,26052,26054,26055,26056,26057,26058,26059,26060,26061,26062,26063,26064,26065,26066,26067,26068,26069,26070,26071,26072,26073,26074,26075,26076,26077,26078,26079,26080,26081,26082,26083,26084,26085,26086,26087,26088,26089,26090,26091,26092,26093,26094,26095,26096,26097,26098,26099,26100,26101,26102,26103,26104,26105,26106,26107,26108,26110,26111,26112,26113,26114,26115,26116,26117,26118,26119,26121,26122,26123,26124,26125,26126,26127,26128,26129,26130,26131,26133,26134,26135,26136,26137,26138,26139,26140,26141,26142,26143,26144,26145,26146,26147,26148,26149,26150,26152,26153,26154,26155,26156,26157,26159,26160,26161,26162,26163,26164,26165,26166,26167,26168,26169,26170,26171,26172,26173,26174,26175,26176,26177,26178,26179,26180,26181,26182,26183,26185,26186,26188,26189,26190,26191,26192,26193,26194,26195,26196,26197,26198,26199,26200,26201,26202,26203,26204,26205,26206,26207,26208,26209,26210,26211,26212,26213,26214,26215,26216,26217,26218,26220,26221,26222,26223,26224,26225,26226,26227,26228,26229,26231,26232,26233,26234,26235,26236,26238,26239,26240,26241,26242,26243,26244,26245,26246,26247,26248,26249,26250,26251,26252,26253,26254,26255,26256,26257,26258,26259,26261,26262,26263,26264,26266,26267,26268,26269,26270,26271,26272,26273,26274,26275,26276,26277,26278,26279,26281,26282,26283,26284,26285,26286,26287,26288,26289,26290,26291,26292,26293,26294,26295,26296,26298,26299,26300,26301,26302,26303,26304,26305,26306,26307,26308,26309,26310,26311,26312,26313,26314,26315,26316,26317,26318,26319,26320,26321,26322,26323,26324,26325,26326,26327,26328,26329,26330,26331,26332,26333,26334,26335,26336,26337,26338,26339,26340,26341,26342,26343,26344,26345,26346,26347,26348,26349,26350,26351,26352,26353,26355,26356,26357,26358,26359,26360,26361,26362,26363,26364,26365,26367,26368,26369,26370,26372,26373,26374,26375,26376,26377,26378,26379,26380,26381,26382,38001,38002,38003,38004,38005,38006,38008,38009,38010,38011,38012,38013,38015,38017,38018,38019,38020,38022,38023,38026,38027,38029,38030,38031,38032,38033,38034,38035,38036,38037,38038,38039,38040,38041,38042,38043,38044,38045,38046,38047,38048,38049,38050,38051,38052,38053,38054,38055,38056,38057,38058,38059,38060,38061,38062,38063,38064,38065,38066,38067,38068,38069,38070,38071,38072,38073,38074,38075,38076,38077,38078,38080,38081,38082,38083,38084,38085,38086,38087,38089,38090,38091,38092,38093,38094,38095,38097,38098,38099,38100,38101,38102,38103,38104,38105,38106,38107,38108,38109,38110,38111,38112,38113,38114,38115,38116,38117,38118,38120,38124,38126,38127,38128,38129,38130,38131,38132,38133,38134,38135,38136,38137,38138,38139,38140,38141,38144,38146,38147,38148,38149,38150,38151,38152,38153,38154,38155,38156,38157,38158,38159,38160,38161,38162,38163,38166,38167,38169,38170,38171,38172,38173,38174,38175,38176,38177,38179,38180,38181,38182,38183,38184,38185,38186,38187,38188,38189,38190,38191,38192,38193,38194,38195,38197,38198,38199,38200,38203,38204,38205,38206,38207,38208,38209,38210,38211,38212,38213,38214,38215,38216,38217,38218,38219,38221,38222,38223,38224,38225,38226,38228,38229,38230,38231,38232,38235,38236,38237,38238,38239,38240,38241,38242,38243,38244,38245,38246,38247,38248,38249,38250,38252,38253,38254,38255,38256,38257,38258,38259,38260,38261,38263,38264,38265,38266,38267,38268,38269,38270,38271,38272,38273,38275,38276,38277,38278,38279,38280,38281,38282,38283,38284,38285,38286,38287,38288,38289,38290,38291,38292,38294,38295,38296,38297,38298,38299,38300,38301,38303,38304,38307,38308,38309,38310,38311,38313,38314,38315,38316,38317,38318,38319,38320,38321,38322,38323,38324,38325,38326,38328,38329,38330,38331,38332,38333,38334,38335,38336,38337,38338,38339,38340,38341,38342,38343,38344,38345,38346,38347,38348,38349,38350,38351,38352,38353,38354,38355,38356,38357,38358,38359,38360,38361,38362,38363,38364,38365,38366,38368,38369,38370,38372,38373,38374,38375,38376,38377,38378,38379,38380,38381,38382,38383,38384,38386,38387,38388,38389,38390,38391,38392,38393,38394,38395,38396,38397,38398,38399,38400,38401,38402,38403,38404,38405,38406,38407,38408,38409,38410,38412,38413,38414,38415,38416,38417,38418,38419,38420,38421,38422,38423,38424,38425,38426,38427,38428,38429,38430,38431,38432,38433,38434,38436,38437,38438,38439,38440,38442,38443,38444,38445,38446,38448,38449,38450,38451,38452,38453,38454,38455,38456,38457,38458,38459,38460,38462,38463,38464,38465,38466,38467,38468,38469,38470,38471,38472,38473,38474,38475,38476,38478,38479,38480,38481,38483,38484,38485,38486,38487,38488,38489,38490,38492,38494,38495,38496,38497,38498,38499,38500,38501,38503,38504,38505,38507,38508,38509,38511,38512,38513,38514,38515,38516,38517,38518,38519,38520,38521,38522,38523,38524,38525,38526,38527,38528,38529,38530,38531,38532,38533,38535,38536,38537,38538,38539,38540,38542,38543,38544,38545,38546,38547,38548,38549,38550,38551,38552,38553,38554,38555,38556,38557,38558,38559,38560,38561,38562,38563,38564,38565,38566,38567,42001,42002,42003,42005,42006,42007,42008,42009,42010,42011,42012,42013,42014,42015,42016,42017,42018,42019,42020,42021,42022,42023,42025,42026,42027,42028,42029,42030,42031,42032,42033,42034,42035,42036,42037,42038,42039,42040,42041,42042,42043,42044,42045,42046,42047,42048,42049,42050,42051,42052,42053,42054,42055,42056,42058,42059,42060,42061,42062,42063,42064,42065,42066,42067,42068,42069,42070,42071,42073,42074,42075,42076,42077,42078,42079,42081,42083,42084,42085,42086,42087,42088,42089,42090,42091,42092,42093,42094,42095,42096,42097,42098,42099,42100,42101,42102,42103,42104,42105,42106,42107,42108,42110,42112,42113,42115,42116,42117,42118,42119,42120,42121,42122,42123,42124,42125,42126,42127,42128,42129,42130,42131,42132,42133,42134,42135,42136,42137,42138,42139,42140,42141,42142,42143,42145,42146,42147,42148,42149,42150,42151,42152,42153,42154,42155,42156,42157,42158,42159,42160,42161,42162,42163,42164,42165,42166,42167,42168,42169,42170,42171,42172,42173,42174,42175,42176,42177,42178,42179,42180,42181,42182,42183,42184,42185,42186,42187,42188,42189,42191,42192,42193,42194,42195,42196,42197,42198,42199,42200,42201,42202,42203,42204,42205,42206,42207,42208,42209,42210,42211,42212,42213,42214,42215,42216,42217,42218,42219,42220,42221,42222,42223,42224,42225,42226,42227,42228,42229,42230,42231,42232,42233,42234,42235,42236,42237,42238,42239,42240,42241,42242,42243,42245,42246,42247,42248,42249,42251,42253,42254,42255,42256,42257,42259,42260,42261,42262,42264,42265,42266,42267,42268,42269,42270,42271,42272,42273,42274,42275,42276,42277,42278,42279,42280,42281,42282,42283,42284,42285,42286,42287,42288,42289,42290,42293,42294,42295,42296,42297,42298,42299,42300,42301,42302,42303,42304,42305,42306,42307,42308,42310,42311,42312,42313,42314,42315,42316,42317,42318,42319,42320,42321,42322,42323,42324,42325,42326,42327,42328,42329,42330,42331,42332,42333,42334,42335,42336,42337,42338,42339,43001,43002,43003,43004,43005,43006,43007,43008,43009,43010,43011,43012,43013,43014,43015,43016,43017,43018,43019,43020,43021,43022,43023,43024,43025,43026,43027,43028,43029,43030,43031,43032,43033,43034,43035,43036,43037,43038,43039,43040,43041,43042,43043,43044,43045,43046,43047,43048,43049,43050,43051,43052,43053,43054,43055,43056,43057,43058,43059,43060,43061,43062,43063,43064,43065,43066,43067,43068,43069,43070,43071,43072,43073,43074,43075,43076,43077,43078,43079,43080,43082,43083,43084,43085,43086,43087,43088,43089,43090,43091,43092,43093,43094,43095,43096,43097,43098,43099,43100,43101,43102,43103,43104,43105,43106,43107,43108,43109,43110,43111,43112,43113,43114,43115,43116,43117,43118,43119,43120,43121,43122,43123,43124,43125,43126,43127,43128,43129,43130,43131,43132,43133,43134,43135,43136,43137,43138,43139,43140,43141,43142,43143,43144,43145,43147,43148,43149,43150,43151,43152,43153,43154,43155,43156,43157,43158,43159,43160,43162,43163,43164,43165,43166,43167,43168,43169,43170,43171,43172,43173,43174,43175,43177,43178,43180,43181,43182,43183,43184,43185,43186,43187,43188,43189,43190,43191,43192,43193,43194,43195,43196,43197,43198,43199,43200,43201,43202,43203,43204,43205,43206,43207,43208,43210,43211,43212,43213,43214,43215,43216,43217,43218,43219,43220,43221,43222,43223,43224,43225,43226,43227,43228,43229,43230,43231,43232,43233,43234,43236,43237,43238,43239,43240,43241,43242,43244,43245,43246,43247,43249,43250,43251,43252,43253,43254,43256,43257,43258,43259,43260,43261,43262,43263,43264,43265,43267,43268,63001,63002,63003,63004,63005,63006,63007,63008,63009,63010,63011,63012,63013,63014,63015,63016,63017,63019,63020,63021,63022,63023,63024,63025,63026,63027,63028,63029,63030,63031,63032,63033,63034,63035,63036,63037,63038,63039,63040,63041,63042,63043,63044,63045,63046,63047,63048,63049,63050,63051,63052,63053,63054,63055,63056,63057,63058,63059,63060,63061,63062,63063,63064,63065,63066,63067,63069,63070,63071,63072,63073,63074,63075,63076,63077,63079,63080,63081,63082,63083,63084,63085,63086,63087,63088,63089,63090,63091,63092,63093,63094,63095,63096,63097,63098,63099,63100,63101,63102,63103,63104,63105,63106,63107,63108,63109,63110,63111,63112,63113,63114,63115,63116,63117,63118,63119,63120,63121,63122,63123,63124,63125,63126,63128,63129,63130,63131,63132,63134,63135,63136,63137,63138,63139,63140,63141,63142,63143,63144,63145,63146,63147,63148,63149,63150,63151,63152,63153,63154,63155,63156,63157,63158,63159,63160,63161,63162,63163,63164,63165,63166,63167,63168,63169,63170,63171,63172,63173,63174,63175,63176,63177,63178,63179,63180,63181,63182,63183,63184,63185,63186,63187,63188,63189,63190,63191,63192,63193,63194,63195,63196,63197,63198,63199,63200,63201,63202,63203,63204,63205,63206,63207,63208,63209,63210,63211,63212,63213,63214,63215,63216,63218,63219,63220,63221,63222,63223,63224,63225,63226,63227,63228,63229,63230,63231,63232,63233,63234,63235,63236,63237,63238,63239,63240,63241,63242,63243,63244,63245,63246,63247,63248,63249,63250,63251,63252,63253,63254,63255,63256,63257,63258,63259,63260,63261,63262,63263,63264,63265,63267,63268,63269,63270,63271,63272,63273,63274,63275,63276,63277,63278,63279,63280,63281,63282,63283,63284,63285,63286,63287,63288,63289,63290,63291,63292,63293,63294,63295,63296,63297,63298,63299,63300,63301,63302,63303,63304,63305,63306,63307,63308,63309,63310,63311,63312,63313,63314,63315,63317,63318,63319,63320,63321,63322,63323,63324,63325,63326,63327,63328,63329,63331,63332,63333,63334,63335,63336,63337,63338,63339,63340,63341,63342,63343,63344,63345,63346,63347,63348,63349,63350,63351,63352,63353,63354,63355,63356,63357,63358,63359,63360,63362,63363,63364,63365,63366,63367,63368,63369,63370,63371,63372,63373,63374,63375,63376,63377,63378,63379,63380,63381,63382,63383,63384,63385,63386,63387,63388,63389,63390,63391,63392,63393,63394,63395,63396,63397,63398,63399,63400,63401,63402,63403,63404,63405,63406,63407,63408,63409,63410,63411,63412,63413,63414,63415,63416,63417,63418,63419,63420,63421,63422,63423,63424,63425,63426,63427,63428,63429,63430,63431,63432,63433,63434,63435,63436,63437,63438,63439,63440,63441,63442,63443,63444,63445,63446,63447,63448,63449,63450,63451,63452,63453,63454,63455,63456,63457,63458,63459,63460,63461,63462,63463,63464,63465,63466,63467,63468,63469,63470,63471,63472,63473,69001,69002,69003,69004,69005,69006,69007,69008,69009,69010,69012,69013,69014,69016,69017,69018,69019,69020,69021,69022,69023,69024,69026,69027,69028,69029,69030,69031,69032,69033,69034,69035,69036,69037,69038,69039,69040,69042,69043,69044,69045,69046,69047,69049,69050,69051,69052,69053,69054,69055,69056,69057,69058,69059,69060,69061,69062,69063,69064,69065,69066,69067,69068,69069,69070,69071,69072,69074,69075,69076,69077,69078,69080,69081,69082,69083,69084,69085,69086,69087,69088,69089,69090,69091,69092,69093,69094,69095,69096,69097,69098,69099,69100,69102,69103,69104,69105,69106,69107,69108,69109,69110,69111,69112,69113,69115,69116,69117,69118,69119,69120,69121,69122,69123,69124,69125,69126,69127,69130,69131,69132,69133,69134,69135,69136,69137,69138,69139,69140,69141,69142,69143,69145,69148,69149,69151,69153,69154,69155,69156,69157,69160,69161,69162,69163,69164,69165,69166,69167,69168,69169,69170,69171,69172,69173,69174,69175,69176,69177,69178,69179,69180,69181,69182,69183,69184,69186,69187,69188,69189,69190,69191,69192,69193,69194,69196,69197,69198,69199,69200,69201,69202,69203,69204,69205,69206,69207,69208,69209,69212,69214,69215,69216,69217,69218,69219,69220,69225,69227,69228,69229,69230,69231,69233,69234,69235,69236,69238,69239,69240,69241,69242,69243,69244,69245,69246,69248,69249,69250,69252,69253,69254,69255,69256,69257,69258,69259,69260,69261,69263,69264,69265,69266,69267,69268,69269,69270,69271,69272,69273,69275,69276,69277,69278,69279,69280,69281,69282,69283,69284,69285,69286,69287,69288,69289,69290,69291,69292,69293,69294,69295,69296,69297,69298,69299,69381,69382,69383,69384,69385,69386,69387,69388,69389,73001,73003,73004,73005,73006,73007,73008,73010,73011,73012,73013,73014,73015,73017,73018,73019,73020,73021,73022,73023,73024,73025,73026,73027,73028,73029,73030,73031,73032,73033,73034,73036,73039,73040,73041,73042,73043,73047,73048,73049,73050,73051,73052,73053,73054,73055,73057,73058,73059,73061,73063,73064,73065,73067,73068,73069,73070,73071,73072,73073,73074,73075,73076,73077,73078,73079,73081,73082,73083,73084,73085,73086,73087,73088,73089,73090,73091,73092,73094,73095,73096,73097,73098,73099,73100,73101,73103,73104,73105,73106,73107,73109,73110,73113,73114,73116,73117,73119,73120,73121,73122,73123,73124,73128,73129,73130,73131,73132,73133,73135,73137,73138,73139,73140,73141,73142,73145,73146,73147,73149,73150,73151,73152,73153,73154,73155,73156,73157,73159,73160,73161,73162,73164,73166,73168,73170,73171,73173,73175,73176,73177,73178,73179,73180,73181,73182,73183,73184,73186,73187,73188,73189,73190,73191,73192,73193,73194,73196,73197,73200,73201,73202,73204,73205,73206,73207,73208,73210,73211,73212,73213,73214,73215,73216,73217,73218,73219,73220,73221,73222,73223,73224,73225,73226,73227,73228,73229,73230,73231,73232,73233,73234,73235,73236,73237,73240,73241,73242,73243,73245,73246,73247,73248,73249,73250,73252,73253,73254,73255,73256,73257,73258,73259,73261,73262,73263,73265,73267,73268,73269,73270,73271,73272,73273,73274,73275,73276,73277,73278,73280,73281,73282,73283,73284,73285,73286,73288,73289,73290,73292,73293,73294,73296,73297,73298,73299,73300,73301,73302,73303,73304,73306,73307,73308,73309,73310,73311,73312,73313,73314,73315,73316,73317,73318,73320,73322,73323,73324,73326,73327,73328,73329,73330,74001,74002,74003,74004,74005,74006,74007,74008,74009,74010,74012,74013,74014,74015,74016,74018,74019,74020,74021,74024,74025,74026,74027,74029,74030,74031,74032,74033,74034,74035,74036,74037,74038,74040,74041,74042,74043,74044,74045,74046,74048,74049,74050,74051,74052,74053,74054,74055,74056,74057,74058,74059,74060,74061,74062,74063,74064,74065,74066,74067,74068,74069,74070,74071,74072,74073,74074,74075,74076,74077,74078,74079,74080,74081,74082,74083,74085,74086,74087,74088,74089,74090,74091,74094,74095,74096,74097,74098,74099,74100,74101,74102,74103,74104,74105,74106,74107,74108,74109,74111,74112,74114,74116,74117,74118,74119,74121,74122,74123,74124,74126,74127,74128,74129,74130,74131,74133,74134,74135,74136,74137,74138,74139,74140,74141,74142,74143,74144,74145,74146,74147,74148,74150,74151,74152,74153,74154,74155,74156,74157,74158,74159,74160,74161,74162,74163,74164,74165,74166,74167,74168,74169,74170,74171,74172,74173,74174,74175,74176,74177,74178,74179,74180,74183,74184,74185,74186,74188,74189,74190,74191,74192,74193,74194,74195,74196,74197,74198,74199,74200,74201,74202,74203,74205,74206,74208,74209,74210,74211,74212,74213,74215,74216,74218,74219,74220,74221,74222,74223,74224,74225,74226,74228,74229,74231,74232,74233,74234,74235,74236,74237,74238,74239,74240,74241,74242,74243,74244,74249,74250,74252,74253,74254,74255,74256,74257,74258,74259,74260,74261,74262,74263,74264,74265,74266,74267,74269,74271,74272,74273,74275,74276,74278,74279,74280,74281,74282,74283,74284,74285,74286,74287,74288,74289,74290,74291,74292,74293,74294,74295,74296,74297,74298,74299,74301,74302,74303,74304,74305,74306,74307,74308,74309,74310,74311,74312,74313,74314,74315}","",2026-03-24 14:41:32.274366+01,gold_establishments_2025,,,,13001003600015,2025,Services de l'Etat,Région,"['Ain', 'Allier', 'Ardèche', 'Cantal', 'Drôme', 'Isère', 'Loire', 'Haute-Loire', 'Puy-de-Dôme', 'Rhô",['Auvergne-Rhône-Alpes'],DRFIP,"{01,03,07,15,26,38,42,43,63,69,73,74}",{84}
baf61fb4-0da9-43c5-8c6f-d9bf94e68695,130007222,DRFIP Bourgogne-Franche-Comté,false,"{21001,21002,21003,21004,21005,21006,21007,21008,21009,21010,21011,21012,21013,21014,21015,21016,21017,21018,21020,21021,21022,21023,21024,21025,21026,21027,21028,21029,21030,21031,21032,21033,21034,21035,21036,21037,21038,21039,21040,21041,21042,21043,21044,21045,21046,21047,21048,21049,21050,21051,21052,21053,21054,21055,21056,21057,21058,21059,21060,21061,21062,21063,21064,21065,21066,21067,21068,21069,21070,21071,21072,21074,21075,21076,21077,21078,21079,21080,21081,21082,21083,21084,21085,21086,21087,21088,21089,21090,21091,21092,21093,21094,21095,21096,21097,21098,21099,21100,21101,21102,21103,21104,21105,21106,21107,21108,21109,21110,21111,21112,21113,21114,21115,21116,21117,21118,21119,21120,21121,21122,21123,21124,21125,21126,21127,21128,21129,21130,21131,21132,21133,21134,21135,21136,21137,21138,21139,21140,21141,21142,21143,21144,21145,21146,21147,21148,21149,21150,21151,21152,21153,21154,21155,21156,21157,21158,21159,21160,21161,21162,21163,21164,21165,21166,21167,21168,21169,21170,21171,21172,21173,21175,21176,21177,21178,21179,21180,21181,21182,21183,21184,21185,21186,21187,21189,21190,21191,21192,21193,21194,21195,21196,21197,21198,21199,21200,21201,21202,21203,21204,21205,21207,21208,21209,21210,21211,21212,21214,21215,21216,21217,21218,21219,21220,21221,21222,21223,21224,21225,21226,21227,21228,21229,21230,21231,21232,21233,21234,21235,21236,21237,21238,21239,21240,21241,21242,21243,21244,21245,21246,21247,21248,21249,21250,21251,21252,21253,21254,21255,21256,21257,21258,21259,21260,21261,21262,21263,21264,21265,21266,21267,21268,21269,21270,21271,21272,21273,21274,21275,21276,21277,21278,21279,21280,21281,21282,21283,21284,21285,21286,21287,21288,21289,21290,21291,21292,21293,21294,21295,21296,21297,21298,21299,21300,21301,21302,21303,21304,21305,21306,21307,21308,21309,21310,21311,21312,21313,21314,21315,21316,21317,21319,21320,21321,21322,21323,21324,21325,21326,21327,21328,21329,21330,21331,21332,21333,21334,21335,21336,21337,21338,21339,21340,21341,21342,21343,21344,21345,21346,21347,21348,21349,21350,21351,21352,21353,21354,21355,21356,21357,21358,21359,21360,21361,21362,21363,21364,21365,21366,21367,21368,21369,21370,21371,21372,21373,21374,21375,21376,21377,21378,21379,21380,21381,21382,21383,21384,21385,21386,21387,21388,21389,21390,21391,21392,21393,21394,21395,21396,21397,21398,21399,21400,21401,21402,21403,21404,21405,21406,21407,21408,21409,21410,21411,21412,21413,21414,21415,21416,21417,21418,21419,21420,21421,21422,21423,21424,21425,21426,21427,21428,21429,21430,21431,21432,21433,21434,21435,21436,21437,21438,21439,21440,21441,21442,21444,21445,21446,21447,21448,21449,21450,21451,21452,21454,21455,21456,21457,21458,21459,21460,21461,21462,21463,21464,21465,21466,21467,21468,21469,21470,21471,21472,21473,21474,21475,21476,21477,21478,21479,21480,21481,21482,21483,21484,21485,21487,21488,21489,21490,21491,21492,21493,21494,21495,21496,21497,21498,21499,21500,21501,21502,21503,21504,21505,21506,21508,21510,21511,21512,21514,21515,21516,21517,21518,21519,21520,21521,21522,21523,21524,21525,21526,21527,21528,21529,21530,21531,21532,21533,21534,21535,21536,21537,21538,21539,21540,21541,21542,21543,21544,21545,21546,21547,21548,21549,21550,21552,21553,21554,21555,21556,21557,21558,21559,21560,21561,21562,21563,21564,21565,21566,21567,21568,21569,21570,21571,21572,21573,21574,21575,21576,21577,21578,21579,21580,21581,21582,21583,21584,21585,21586,21587,21588,21589,21590,21591,21592,21593,21594,21595,21596,21597,21598,21599,21600,21601,21602,21603,21604,21605,21606,21607,21608,21609,21610,21611,21612,21613,21614,21615,21616,21617,21618,21619,21620,21622,21623,21624,21625,21626,21627,21628,21629,21630,21631,21632,21633,21634,21635,21636,21637,21638,21639,21640,21641,21642,21643,21644,21645,21646,21647,21648,21649,21650,21651,21652,21653,21655,21656,21657,21659,21660,21661,21662,21663,21664,21665,21666,21667,21669,21670,21671,21672,21673,21674,21675,21676,21677,21678,21679,21680,21681,21682,21683,21684,21685,21686,21687,21688,21689,21690,21691,21692,21693,21694,21695,21696,21698,21699,21700,21701,21702,21703,21704,21705,21706,21707,21708,21709,21710,21711,21712,21713,21714,21715,21716,21717,25001,25002,25003,25004,25005,25006,25007,25008,25009,25011,25012,25013,25014,25015,25016,25017,25018,25019,25020,25021,25022,25024,25025,25026,25029,25030,25031,25032,25033,25035,25036,25038,25039,25040,25041,25042,25043,25044,25045,25046,25047,25048,25049,25050,25051,25052,25053,25054,25055,25056,25057,25058,25059,25060,25061,25062,25063,25065,25066,25067,25070,25071,25072,25073,25074,25075,25077,25078,25079,25082,25083,25084,25085,25086,25087,25088,25089,25090,25091,25092,25093,25094,25095,25096,25097,25098,25099,25100,25101,25102,25103,25104,25105,25106,25107,25108,25109,25110,25111,25112,25113,25114,25115,25116,25117,25119,25120,25121,25122,25124,25125,25126,25127,25129,25130,25131,25132,25133,25136,25138,25139,25141,25142,25143,25145,25147,25148,25149,25150,25151,25152,25153,25154,25155,25156,25157,25159,25160,25161,25162,25163,25164,25166,25170,25171,25172,25173,25174,25175,25176,25177,25178,25179,25180,25181,25182,25183,25184,25185,25186,25187,25188,25189,25190,25191,25192,25193,25194,25195,25196,25197,25198,25199,25200,25201,25202,25203,25204,25207,25208,25209,25210,25211,25212,25213,25214,25215,25216,25217,25218,25219,25220,25221,25222,25223,25224,25225,25226,25227,25228,25229,25230,25231,25232,25233,25234,25235,25236,25237,25238,25239,25240,25241,25242,25243,25244,25245,25246,25247,25248,25249,25251,25252,25253,25254,25255,25256,25257,25258,25259,25261,25262,25263,25264,25265,25266,25267,25268,25269,25270,25271,25273,25274,25275,25276,25277,25278,25279,25280,25281,25283,25284,25285,25286,25287,25288,25289,25290,25293,25295,25296,25298,25299,25300,25301,25304,25305,25306,25307,25308,25309,25310,25311,25312,25313,25314,25315,25316,25317,25318,25320,25321,25322,25323,25324,25325,25326,25327,25328,25329,25330,25331,25332,25333,25334,25335,25336,25338,25339,25340,25341,25342,25343,25344,25345,25346,25348,25349,25350,25351,25354,25355,25356,25357,25359,25360,25361,25362,25364,25365,25366,25367,25368,25369,25370,25371,25372,25373,25374,25375,25376,25377,25378,25379,25380,25381,25382,25383,25384,25385,25386,25387,25388,25389,25390,25391,25392,25393,25394,25395,25397,25400,25401,25402,25403,25404,25405,25406,25408,25410,25411,25413,25414,25415,25416,25417,25418,25419,25420,25421,25422,25424,25425,25426,25427,25428,25429,25430,25431,25432,25433,25434,25435,25436,25437,25438,25439,25440,25441,25442,25443,25444,25445,25446,25447,25448,25449,25450,25451,25452,25453,25454,25455,25456,25457,25458,25459,25460,25461,25462,25463,25464,25465,25466,25467,25468,25469,25470,25471,25472,25473,25474,25475,25476,25477,25478,25479,25481,25482,25483,25485,25486,25487,25488,25489,25490,25491,25492,25493,25494,25495,25496,25497,25498,25499,25500,25501,25502,25503,25504,25505,25506,25507,25508,25510,25511,25512,25513,25514,25515,25516,25517,25518,25519,25520,25521,25522,25523,25524,25525,25526,25527,25528,25529,25532,25534,25535,25536,25537,25538,25539,25540,25541,25542,25544,25545,25546,25547,25548,25550,25551,25552,25553,25554,25555,25556,25557,25558,25559,25560,25561,25562,25563,25564,25565,25566,25567,25569,25570,25571,25572,25573,25574,25575,25578,25579,25580,25582,25583,25584,25586,25588,25589,25590,25591,25592,25594,25595,25596,25597,25598,25599,25600,25601,25602,25604,25605,25607,25608,25609,25611,25612,25613,25614,25615,25616,25617,25618,25619,25621,25622,25623,25624,25625,25626,25627,25629,25630,25631,25632,25633,25634,25635,39001,39002,39003,39004,39006,39007,39008,39009,39010,39011,39013,39014,39015,39016,39017,39018,39019,39020,39021,39022,39024,39025,39026,39027,39028,39029,39030,39031,39032,39034,39035,39037,39038,39039,39040,39041,39042,39043,39045,39046,39047,39048,39049,39050,39051,39052,39053,39054,39055,39056,39057,39058,39059,39060,39061,39062,39063,39065,39066,39068,39070,39072,39073,39074,39076,39077,39078,39079,39080,39081,39083,39084,39085,39086,39088,39090,39091,39092,39093,39094,39095,39096,39097,39099,39100,39101,39102,39103,39104,39105,39106,39107,39108,39109,39110,39111,39112,39114,39116,39117,39118,39119,39120,39121,39122,39124,39126,39127,39128,39129,39130,39131,39132,39133,39134,39136,39137,39138,39139,39140,39141,39142,39143,39145,39146,39147,39149,39150,39151,39153,39154,39155,39156,39157,39159,39160,39162,39163,39164,39165,39166,39167,39168,39169,39170,39171,39172,39173,39174,39175,39176,39177,39178,39179,39180,39182,39183,39184,39185,39187,39188,39189,39190,39191,39192,39193,39194,39196,39197,39198,39199,39200,39201,39202,39203,39204,39205,39206,39207,39208,39209,39210,39211,39214,39216,39217,39218,39219,39220,39221,39222,39223,39225,39227,39228,39229,39230,39232,39233,39234,39235,39236,39237,39238,39239,39240,39241,39244,39245,39246,39247,39248,39249,39250,39251,39252,39253,39254,39255,39258,39259,39261,39262,39263,39265,39266,39267,39268,39269,39270,39271,39272,39273,39274,39275,39277,39278,39279,39280,39281,39282,39283,39284,39285,39286,39288,39289,39290,39291,39292,39293,39295,39296,39297,39298,39299,39300,39301,39302,39304,39305,39306,39307,39308,39310,39312,39313,39314,39315,39317,39318,39319,39320,39321,39322,39323,39324,39325,39326,39327,39328,39329,39330,39331,39333,39334,39335,39336,39337,39338,39339,39342,39343,39344,39345,39346,39348,39349,39350,39351,39352,39353,39354,39355,39356,39359,39360,39361,39362,39363,39364,39365,39366,39367,39368,39370,39372,39373,39375,39376,39377,39378,39379,39380,39381,39385,39386,39387,39388,39389,39390,39391,39392,39393,39394,39396,39397,39398,39399,39400,39401,39402,39403,39404,39405,39406,39407,39408,39409,39411,39412,39413,39415,39418,39419,39420,39421,39422,39423,39424,39425,39426,39427,39428,39429,39430,39431,39432,39434,39435,39436,39437,39439,39441,39443,39444,39445,39446,39447,39448,39449,39451,39452,39453,39454,39455,39456,39457,39458,39460,39461,39462,39463,39464,39465,39466,39467,39468,39469,39470,39471,39472,39473,39475,39476,39477,39478,39479,39480,39481,39485,39486,39487,39489,39490,39491,39492,39493,39494,39495,39497,39498,39499,39500,39501,39502,39503,39504,39505,39507,39508,39510,39511,39512,39513,39514,39517,39518,39519,39520,39522,39523,39525,39526,39527,39528,39529,39530,39531,39532,39533,39534,39535,39537,39538,39539,39540,39543,39545,39546,39547,39550,39551,39552,39553,39554,39555,39556,39557,39558,39559,39560,39561,39565,39567,39568,39569,39570,39571,39572,39573,39574,39575,39576,39577,39579,39581,39582,39583,39584,39585,39586,58001,58002,58003,58004,58005,58006,58007,58008,58009,58010,58011,58012,58013,58014,58015,58016,58017,58018,58019,58020,58021,58023,58024,58025,58026,58027,58028,58029,58030,58031,58032,58033,58034,58035,58036,58037,58038,58039,58040,58041,58042,58043,58044,58045,58046,58047,58048,58049,58050,58051,58052,58053,58054,58055,58056,58057,58058,58059,58060,58061,58062,58063,58064,58065,58066,58067,58068,58069,58070,58071,58072,58073,58074,58075,58076,58077,58078,58079,58080,58081,58082,58083,58084,58085,58086,58087,58088,58089,58090,58092,58093,58094,58095,58096,58097,58098,58099,58101,58102,58103,58104,58105,58106,58107,58108,58109,58110,58111,58112,58113,58114,58115,58116,58117,58118,58119,58120,58121,58122,58123,58124,58125,58126,58127,58128,58129,58130,58131,58132,58133,58134,58135,58136,58137,58138,58139,58140,58141,58142,58143,58144,58145,58146,58147,58148,58149,58150,58151,58152,58153,58154,58155,58156,58157,58158,58159,58160,58161,58162,58163,58164,58165,58166,58168,58169,58170,58171,58172,58173,58174,58175,58176,58177,58178,58179,58180,58181,58182,58183,58184,58185,58186,58187,58188,58189,58190,58191,58192,58193,58194,58195,58196,58197,58198,58199,58200,58201,58202,58203,58204,58205,58206,58207,58208,58209,58210,58211,58212,58213,58214,58215,58216,58217,58218,58219,58220,58221,58222,58223,58224,58225,58226,58227,58228,58229,58230,58231,58232,58233,58234,58235,58236,58237,58238,58239,58240,58241,58242,58243,58244,58245,58246,58247,58248,58249,58250,58251,58252,58253,58254,58255,58256,58257,58258,58259,58260,58261,58262,58263,58264,58265,58266,58267,58268,58269,58270,58271,58272,58273,58274,58275,58276,58277,58278,58279,58280,58281,58282,58283,58284,58285,58286,58287,58288,58289,58290,58291,58292,58293,58294,58295,58296,58297,58298,58299,58300,58301,58302,58303,58304,58305,58306,58307,58308,58309,58310,58311,58312,58313,70001,70002,70003,70004,70005,70006,70007,70008,70009,70010,70011,70012,70013,70014,70015,70016,70017,70018,70019,70020,70021,70022,70023,70024,70025,70026,70027,70028,70029,70030,70031,70032,70035,70036,70037,70038,70039,70040,70041,70042,70043,70044,70045,70046,70047,70048,70049,70050,70051,70052,70053,70054,70055,70056,70057,70058,70059,70060,70061,70062,70063,70064,70065,70066,70067,70069,70070,70071,70072,70074,70075,70076,70077,70078,70079,70080,70081,70082,70083,70084,70085,70086,70087,70088,70089,70090,70091,70092,70093,70094,70095,70096,70097,70098,70099,70100,70101,70102,70103,70104,70105,70106,70107,70109,70111,70112,70113,70114,70115,70116,70117,70118,70119,70120,70121,70122,70124,70125,70126,70127,70128,70129,70130,70132,70133,70134,70135,70136,70137,70138,70140,70141,70142,70143,70144,70145,70146,70147,70148,70149,70150,70151,70152,70153,70154,70155,70156,70157,70158,70159,70160,70162,70163,70164,70165,70166,70167,70168,70169,70170,70171,70172,70174,70175,70176,70177,70178,70179,70180,70181,70182,70183,70184,70185,70186,70187,70188,70189,70190,70192,70193,70194,70195,70196,70197,70198,70199,70200,70201,70202,70203,70204,70205,70206,70207,70208,70210,70211,70213,70214,70215,70216,70217,70218,70219,70220,70221,70222,70224,70225,70226,70227,70228,70229,70230,70231,70232,70233,70234,70235,70236,70237,70238,70239,70240,70242,70243,70244,70245,70247,70248,70249,70250,70251,70252,70253,70254,70255,70256,70257,70258,70259,70260,70261,70262,70263,70265,70267,70268,70269,70271,70272,70273,70274,70275,70276,70277,70278,70279,70280,70282,70283,70284,70285,70286,70287,70288,70289,70290,70291,70292,70293,70294,70295,70296,70297,70298,70299,70301,70302,70303,70304,70305,70306,70307,70308,70309,70310,70311,70312,70313,70314,70315,70316,70317,70318,70319,70320,70321,70322,70323,70324,70325,70326,70327,70328,70329,70330,70331,70332,70334,70335,70336,70337,70338,70339,70340,70341,70342,70343,70344,70347,70348,70349,70350,70351,70352,70353,70355,70356,70357,70358,70359,70360,70361,70362,70363,70364,70366,70367,70368,70369,70371,70372,70373,70374,70376,70378,70380,70381,70383,70384,70385,70386,70387,70388,70389,70390,70392,70393,70394,70395,70396,70397,70398,70399,70400,70401,70402,70403,70404,70405,70406,70407,70408,70409,70410,70411,70412,70413,70414,70415,70416,70417,70418,70419,70420,70421,70422,70423,70425,70426,70427,70428,70429,70430,70431,70432,70433,70435,70436,70437,70438,70439,70440,70441,70442,70443,70444,70445,70446,70447,70448,70449,70450,70451,70452,70453,70454,70455,70456,70457,70459,70460,70461,70462,70463,70464,70466,70467,70468,70469,70470,70471,70472,70473,70474,70476,70477,70478,70479,70480,70481,70482,70483,70484,70485,70486,70487,70488,70489,70490,70491,70492,70493,70494,70496,70498,70499,70500,70501,70502,70503,70504,70505,70506,70507,70509,70510,70511,70512,70513,70514,70515,70516,70517,70518,70519,70520,70521,70522,70523,70524,70525,70526,70527,70528,70529,70531,70532,70533,70534,70535,70536,70537,70538,70539,70540,70541,70542,70544,70545,70546,70547,70548,70549,70550,70552,70553,70554,70555,70558,70559,70560,70561,70562,70563,70564,70565,70566,70567,70568,70569,70571,70572,70573,70574,70575,70576,70577,70578,70579,70580,70581,70582,70583,71001,71002,71003,71004,71005,71006,71007,71008,71009,71010,71011,71012,71013,71014,71015,71016,71017,71018,71019,71020,71021,71022,71023,71024,71025,71026,71027,71028,71029,71030,71031,71032,71033,71034,71035,71036,71037,71038,71039,71040,71041,71042,71043,71044,71045,71046,71047,71048,71050,71051,71052,71054,71056,71057,71058,71059,71060,71061,71062,71063,71064,71065,71066,71067,71068,71069,71070,71071,71072,71073,71074,71075,71076,71077,71078,71079,71080,71081,71082,71084,71085,71086,71087,71088,71089,71090,71091,71092,71093,71094,71095,71096,71097,71098,71099,71100,71101,71102,71103,71104,71105,71106,71107,71108,71109,71110,71111,71112,71113,71115,71116,71117,71118,71119,71120,71121,71122,71123,71124,71125,71126,71127,71128,71129,71130,71132,71133,71134,71135,71136,71137,71139,71140,71141,71142,71143,71144,71145,71146,71147,71148,71149,71150,71151,71152,71153,71154,71155,71156,71157,71158,71159,71160,71161,71162,71163,71164,71165,71166,71167,71168,71169,71170,71171,71172,71173,71174,71175,71176,71177,71178,71179,71181,71182,71183,71184,71185,71186,71187,71188,71189,71190,71191,71192,71193,71194,71195,71196,71198,71199,71200,71201,71202,71203,71204,71205,71206,71207,71208,71209,71210,71212,71213,71214,71215,71216,71217,71218,71219,71220,71221,71222,71223,71224,71225,71226,71227,71228,71229,71230,71231,71232,71233,71234,71235,71236,71237,71238,71239,71240,71241,71242,71243,71244,71245,71246,71247,71248,71249,71250,71251,71252,71253,71254,71255,71256,71257,71258,71259,71261,71262,71263,71264,71266,71267,71268,71269,71270,71271,71272,71273,71274,71275,71276,71277,71278,71279,71280,71281,71282,71283,71284,71285,71286,71287,71289,71290,71291,71292,71293,71294,71295,71296,71297,71299,71300,71301,71302,71303,71305,71306,71307,71308,71309,71310,71311,71312,71313,71314,71315,71316,71317,71318,71319,71320,71321,71322,71323,71324,71325,71326,71327,71328,71329,71330,71331,71332,71333,71334,71335,71336,71337,71338,71339,71340,71341,71342,71343,71344,71345,71346,71347,71348,71349,71350,71351,71352,71353,71354,71355,71356,71357,71358,71359,71360,71361,71362,71363,71364,71365,71366,71367,71368,71369,71370,71371,71372,71373,71374,71376,71377,71378,71379,71380,71381,71382,71383,71384,71385,71386,71387,71388,71389,71390,71391,71392,71393,71394,71395,71396,71397,71398,71399,71400,71401,71402,71403,71404,71405,71406,71407,71408,71409,71410,71411,71412,71413,71414,71415,71416,71417,71419,71420,71421,71422,71423,71424,71425,71426,71427,71428,71430,71431,71433,71434,71435,71436,71437,71438,71439,71440,71441,71442,71443,71444,71445,71446,71447,71448,71449,71450,71451,71452,71453,71454,71455,71456,71457,71458,71459,71460,71461,71462,71463,71464,71465,71466,71468,71469,71470,71471,71472,71473,71474,71475,71477,71478,71479,71480,71481,71482,71483,71484,71485,71486,71487,71488,71489,71490,71491,71493,71494,71495,71496,71497,71498,71499,71500,71501,71502,71503,71504,71505,71506,71507,71508,71509,71510,71512,71513,71514,71515,71516,71517,71518,71519,71520,71521,71522,71523,71524,71525,71526,71527,71528,71529,71530,71531,71532,71533,71534,71535,71537,71538,71539,71540,71541,71542,71543,71544,71545,71546,71547,71548,71549,71550,71551,71552,71553,71554,71555,71556,71557,71558,71559,71561,71562,71563,71564,71565,71566,71567,71568,71570,71571,71572,71573,71574,71576,71577,71578,71579,71580,71581,71582,71583,71584,71585,71586,71588,71589,71590,71591,89002,89003,89004,89005,89006,89007,89008,89009,89010,89011,89012,89013,89014,89015,89016,89017,89018,89019,89020,89021,89022,89023,89024,89025,89027,89028,89029,89030,89031,89032,89033,89034,89035,89036,89037,89038,89039,89040,89041,89042,89043,89044,89045,89046,89048,89049,89050,89051,89053,89054,89055,89056,89057,89058,89059,89060,89061,89062,89063,89064,89065,89066,89067,89068,89069,89071,89072,89073,89074,89075,89076,89077,89079,89080,89081,89083,89084,89085,89086,89087,89088,89089,89091,89092,89093,89094,89095,89096,89098,89099,89100,89101,89102,89104,89105,89108,89111,89112,89113,89115,89116,89117,89118,89119,89120,89122,89123,89124,89125,89126,89127,89128,89129,89130,89131,89132,89133,89134,89136,89137,89139,89141,89142,89143,89144,89145,89146,89147,89148,89149,89150,89151,89152,89153,89154,89155,89156,89158,89159,89160,89161,89162,89163,89164,89165,89167,89168,89169,89170,89171,89172,89173,89175,89176,89177,89179,89180,89181,89182,89183,89184,89186,89187,89188,89189,89190,89191,89194,89195,89196,89197,89198,89199,89200,89201,89202,89203,89204,89205,89206,89207,89208,89209,89210,89211,89212,89214,89215,89216,89217,89218,89219,89220,89221,89222,89223,89224,89225,89226,89227,89228,89229,89230,89232,89233,89234,89235,89236,89237,89238,89239,89240,89242,89244,89245,89246,89247,89248,89249,89250,89251,89252,89253,89254,89255,89256,89257,89259,89261,89262,89263,89264,89265,89266,89267,89268,89270,89271,89272,89273,89274,89276,89277,89278,89279,89280,89281,89282,89283,89284,89285,89286,89287,89288,89289,89290,89291,89292,89295,89296,89297,89298,89299,89300,89302,89303,89304,89306,89307,89308,89309,89310,89311,89312,89313,89314,89315,89316,89318,89319,89320,89321,89323,89324,89325,89326,89327,89328,89329,89331,89332,89333,89334,89335,89336,89337,89338,89339,89341,89342,89344,89345,89346,89347,89348,89349,89350,89351,89352,89353,89354,89355,89359,89360,89361,89362,89363,89364,89365,89367,89368,89369,89370,89371,89373,89374,89375,89376,89377,89378,89379,89380,89382,89383,89384,89385,89386,89387,89388,89390,89391,89392,89393,89394,89395,89397,89398,89399,89400,89402,89403,89404,89405,89406,89407,89408,89409,89410,89411,89412,89413,89414,89415,89416,89417,89418,89419,89420,89422,89423,89424,89425,89426,89427,89428,89430,89431,89432,89433,89434,89436,89437,89438,89439,89440,89441,89442,89443,89445,89446,89447,89449,89450,89451,89452,89453,89456,89458,89459,89460,89461,89462,89463,89464,89465,89466,89467,89468,89469,89470,89471,89472,89474,89475,89477,89478,89479,89480,89481,89482,89483,89485,89486,90001,90002,90003,90004,90005,90006,90007,90008,90009,90010,90011,90012,90013,90014,90015,90016,90017,90018,90019,90020,90021,90022,90023,90024,90025,90026,90027,90028,90029,90030,90031,90032,90033,90034,90035,90036,90037,90039,90041,90042,90043,90044,90045,90046,90047,90048,90049,90050,90051,90052,90053,90054,90055,90056,90057,90058,90059,90060,90061,90062,90063,90064,90065,90066,90067,90068,90069,90070,90071,90072,90074,90075,90076,90077,90078,90079,90080,90081,90082,90083,90084,90085,90086,90087,90088,90089,90090,90091,90093,90094,90095,90096,90097,90098,90099,90100,90101,90102,90103,90104,90105}","",2026-03-24 14:41:32.274366+01,gold_establishments_2025,,,,13000722200016,2025,Services de l'Etat,Région,"['Côte-dOr', 'Doubs', 'Jura', 'Nièvre', 'Haute-Saône', 'Saône-et-Loire', 'Yonne', 'Territoire de Bel",['Bourgogne-Franche-Comté'],DRFIP,"{21,25,39,58,70,71,89,90}",{27}
1cdc6401-5df3-43c8-b0a6-8575f1c455e2,130014939,DRFIP Bretagne,false,"{22001,22002,22003,22004,22005,22006,22008,22009,22011,22012,22013,22014,22015,22016,22018,22019,22020,22021,22023,22024,22025,22026,22028,22029,22030,22031,22032,22033,22034,22035,22036,22037,22039,22040,22041,22042,22044,22045,22046,22047,22048,22049,22050,22052,22053,22054,22055,22056,22057,22059,22060,22061,22062,22063,22064,22065,22067,22068,22069,22070,22071,22072,22073,22074,22075,22076,22077,22079,22081,22082,22083,22084,22085,22086,22087,22088,22090,22091,22092,22093,22094,22095,22096,22097,22098,22099,22101,22103,22104,22105,22106,22107,22108,22109,22110,22111,22112,22113,22114,22115,22116,22117,22118,22119,22121,22122,22124,22126,22127,22128,22129,22131,22132,22133,22134,22135,22136,22137,22138,22139,22140,22141,22143,22144,22145,22146,22147,22148,22149,22150,22152,22153,22155,22156,22157,22158,22160,22161,22162,22163,22164,22165,22166,22168,22169,22170,22171,22172,22174,22175,22176,22177,22178,22179,22180,22181,22182,22183,22184,22185,22186,22187,22188,22189,22190,22193,22194,22195,22196,22197,22198,22199,22201,22202,22203,22204,22205,22206,22207,22208,22209,22210,22211,22212,22213,22214,22215,22216,22217,22218,22219,22220,22221,22222,22223,22224,22225,22226,22227,22228,22229,22231,22232,22233,22234,22235,22236,22237,22238,22239,22240,22241,22242,22243,22244,22245,22246,22248,22249,22250,22251,22254,22255,22256,22257,22258,22259,22260,22261,22262,22263,22264,22265,22266,22267,22268,22269,22271,22272,22273,22274,22275,22276,22277,22278,22279,22280,22281,22282,22283,22284,22285,22286,22287,22288,22289,22291,22293,22294,22295,22296,22299,22300,22302,22304,22305,22306,22307,22308,22310,22311,22312,22313,22314,22315,22316,22317,22318,22319,22320,22321,22322,22323,22324,22325,22326,22327,22328,22330,22331,22332,22333,22334,22335,22337,22338,22339,22340,22341,22342,22343,22344,22345,22346,22347,22348,22349,22350,22351,22352,22353,22354,22356,22358,22359,22360,22361,22362,22363,22364,22365,22366,22368,22369,22370,22371,22372,22373,22375,22376,22377,22378,22379,22380,22381,22383,22384,22385,22386,22387,22388,22389,22390,22391,29001,29002,29003,29004,29005,29006,29007,29008,29010,29011,29012,29013,29014,29015,29016,29017,29018,29019,29020,29021,29022,29023,29024,29025,29026,29027,29028,29029,29030,29031,29032,29033,29034,29035,29036,29037,29038,29039,29040,29041,29042,29043,29044,29045,29046,29047,29048,29049,29051,29053,29054,29055,29056,29057,29058,29059,29060,29061,29062,29063,29064,29065,29066,29067,29068,29069,29070,29071,29072,29073,29074,29075,29076,29077,29078,29079,29080,29081,29082,29083,29084,29085,29086,29087,29089,29090,29091,29093,29094,29095,29097,29098,29099,29100,29101,29102,29103,29104,29105,29106,29107,29108,29109,29110,29111,29112,29113,29114,29115,29116,29117,29119,29120,29122,29123,29124,29125,29126,29128,29130,29131,29132,29133,29134,29135,29136,29137,29139,29140,29141,29142,29143,29144,29145,29146,29147,29148,29150,29151,29152,29153,29155,29156,29158,29159,29160,29161,29162,29163,29165,29166,29167,29168,29169,29170,29171,29172,29173,29174,29175,29176,29177,29178,29179,29180,29181,29182,29183,29184,29185,29186,29187,29188,29189,29190,29191,29192,29193,29195,29196,29197,29198,29199,29201,29202,29204,29205,29206,29207,29208,29209,29210,29211,29212,29213,29214,29215,29216,29217,29218,29220,29221,29222,29224,29225,29226,29227,29228,29229,29230,29232,29233,29234,29235,29236,29237,29238,29239,29240,29241,29243,29244,29245,29246,29247,29248,29249,29250,29251,29252,29254,29255,29256,29257,29259,29260,29261,29262,29263,29264,29265,29266,29267,29268,29269,29270,29271,29272,29273,29274,29275,29276,29277,29278,29279,29280,29281,29282,29284,29285,29286,29287,29288,29289,29290,29291,29292,29293,29294,29295,29296,29297,29298,29299,29300,29301,29302,35001,35002,35003,35004,35005,35006,35007,35008,35009,35010,35012,35013,35014,35015,35016,35017,35018,35019,35021,35022,35023,35024,35025,35026,35027,35028,35029,35030,35031,35032,35033,35034,35035,35037,35038,35039,35040,35041,35042,35044,35045,35046,35047,35049,35050,35051,35052,35054,35055,35056,35057,35058,35059,35060,35061,35062,35063,35064,35065,35066,35067,35068,35069,35070,35071,35072,35075,35076,35077,35078,35079,35080,35081,35082,35084,35085,35086,35087,35088,35089,35090,35091,35092,35093,35094,35095,35096,35097,35098,35099,35101,35102,35103,35104,35105,35106,35107,35108,35109,35110,35111,35114,35115,35116,35117,35118,35119,35120,35121,35122,35123,35124,35125,35126,35127,35128,35130,35131,35132,35133,35134,35135,35136,35137,35138,35139,35140,35141,35142,35143,35144,35145,35146,35148,35149,35150,35151,35152,35153,35154,35155,35156,35157,35159,35160,35161,35162,35163,35164,35165,35166,35167,35168,35169,35170,35171,35172,35173,35174,35175,35176,35177,35178,35179,35180,35181,35183,35184,35185,35186,35187,35188,35189,35190,35191,35192,35193,35194,35195,35196,35197,35198,35199,35200,35201,35202,35203,35204,35205,35206,35207,35208,35210,35211,35212,35214,35215,35216,35217,35218,35219,35220,35221,35222,35223,35224,35225,35226,35227,35228,35229,35230,35231,35232,35233,35234,35235,35236,35237,35238,35239,35240,35241,35242,35243,35244,35245,35246,35247,35248,35249,35250,35251,35252,35253,35255,35256,35257,35258,35259,35260,35261,35262,35263,35264,35265,35266,35268,35270,35271,35272,35273,35274,35275,35276,35277,35278,35279,35280,35281,35282,35283,35284,35285,35286,35287,35288,35289,35290,35291,35292,35294,35295,35296,35297,35299,35300,35302,35304,35305,35306,35307,35308,35309,35310,35311,35312,35314,35315,35316,35317,35318,35319,35320,35321,35322,35324,35325,35326,35327,35328,35329,35330,35331,35332,35333,35334,35335,35336,35337,35338,35339,35340,35342,35343,35345,35346,35347,35350,35351,35352,35353,35354,35355,35356,35357,35358,35359,35360,35361,35362,35363,56001,56002,56003,56004,56005,56006,56007,56008,56009,56010,56011,56012,56013,56014,56015,56017,56018,56019,56020,56021,56022,56023,56024,56025,56026,56027,56028,56029,56030,56031,56032,56033,56034,56035,56036,56039,56040,56041,56042,56043,56044,56045,56046,56047,56048,56050,56051,56052,56053,56054,56055,56056,56057,56058,56060,56061,56062,56063,56065,56066,56067,56068,56069,56070,56071,56072,56073,56074,56075,56076,56077,56078,56079,56080,56081,56082,56083,56084,56085,56086,56087,56088,56089,56090,56091,56092,56093,56094,56096,56097,56098,56099,56100,56101,56102,56103,56104,56105,56106,56107,56108,56109,56110,56111,56112,56113,56114,56115,56116,56117,56118,56119,56120,56121,56122,56123,56124,56125,56126,56127,56128,56129,56130,56131,56132,56133,56134,56135,56136,56137,56139,56140,56141,56143,56144,56145,56146,56147,56148,56149,56151,56152,56153,56154,56155,56156,56157,56158,56159,56160,56161,56162,56163,56164,56165,56166,56167,56168,56169,56170,56171,56172,56173,56174,56175,56176,56177,56178,56179,56180,56181,56182,56184,56185,56186,56188,56189,56190,56191,56193,56194,56195,56196,56197,56198,56199,56200,56201,56202,56203,56204,56205,56206,56207,56208,56209,56210,56211,56212,56213,56214,56215,56216,56218,56219,56220,56221,56222,56223,56224,56225,56226,56227,56228,56229,56230,56231,56232,56233,56234,56236,56237,56238,56239,56240,56241,56242,56243,56244,56245,56246,56247,56248,56249,56250,56251,56252,56253,56254,56255,56256,56257,56258,56259,56260,56261,56262,56263,56264}","",2026-03-24 14:41:32.274366+01,gold_establishments_2025,,,,13001493900016,2025,Services de l'Etat,Région,"['Côtes-dArmor', 'Finistère', 'Ille-et-Vilaine', 'Morbihan']",['Bretagne'],DRFIP,"{22,29,35,56}",{53}
37cc06f2-3536-43a3-bafd-78a094cb8601,130011059,DRFIP Centre-Val de Loire,false,"{18001,18002,18003,18004,18005,18006,18007,18008,18009,18010,18011,18012,18013,18014,18015,18016,18017,18018,18019,18020,18021,18022,18023,18024,18025,18026,18027,18028,18029,18030,18031,18032,18033,18034,18035,18036,18037,18038,18039,18040,18041,18042,18043,18044,18045,18046,18047,18048,18049,18050,18051,18052,18053,18054,18055,18056,18057,18058,18059,18060,18061,18062,18063,18064,18065,18066,18067,18068,18069,18070,18071,18072,18073,18074,18075,18076,18077,18078,18079,18080,18081,18082,18083,18084,18085,18086,18087,18088,18089,18090,18091,18092,18093,18094,18095,18096,18097,18098,18099,18100,18101,18102,18103,18104,18105,18106,18107,18108,18109,18110,18111,18112,18113,18114,18115,18116,18117,18118,18119,18120,18121,18122,18124,18125,18126,18127,18128,18129,18130,18132,18133,18134,18135,18136,18137,18138,18139,18140,18141,18142,18143,18144,18145,18146,18147,18148,18149,18150,18151,18152,18153,18154,18155,18156,18157,18158,18159,18160,18161,18162,18163,18164,18165,18166,18167,18168,18169,18170,18171,18172,18173,18174,18175,18176,18177,18178,18179,18180,18181,18182,18183,18184,18185,18186,18187,18188,18189,18190,18191,18192,18193,18194,18195,18196,18197,18198,18199,18200,18201,18202,18203,18204,18205,18206,18207,18208,18209,18210,18211,18212,18213,18214,18215,18216,18217,18218,18219,18220,18221,18223,18224,18225,18226,18227,18228,18229,18230,18231,18232,18233,18234,18235,18236,18237,18238,18240,18241,18242,18243,18244,18245,18246,18247,18248,18249,18250,18251,18252,18253,18254,18255,18256,18257,18258,18259,18260,18261,18262,18263,18264,18265,18266,18267,18268,18269,18270,18271,18272,18273,18274,18275,18276,18277,18278,18279,18280,18281,18282,18283,18284,18285,18286,18287,18288,18289,18290,28001,28003,28004,28005,28006,28007,28008,28009,28010,28012,28013,28014,28015,28016,28018,28019,28021,28022,28023,28024,28026,28027,28028,28029,28030,28031,28032,28033,28034,28035,28036,28037,28038,28039,28040,28041,28045,28046,28047,28048,28049,28050,28051,28052,28053,28054,28055,28056,28057,28058,28059,28060,28061,28062,28064,28065,28067,28068,28070,28071,28072,28073,28074,28075,28076,28077,28078,28079,28080,28081,28082,28084,28085,28086,28087,28088,28089,28090,28091,28092,28094,28095,28096,28098,28099,28100,28102,28103,28104,28105,28106,28107,28108,28109,28110,28111,28113,28114,28116,28117,28118,28119,28120,28121,28122,28123,28124,28126,28127,28128,28129,28130,28132,28134,28135,28136,28137,28139,28140,28141,28142,28143,28144,28146,28147,28148,28149,28151,28153,28154,28155,28156,28157,28158,28159,28160,28161,28162,28163,28164,28166,28167,28168,28169,28170,28171,28172,28173,28175,28176,28177,28178,28180,28182,28183,28184,28185,28187,28188,28189,28190,28191,28192,28193,28194,28195,28196,28197,28198,28199,28200,28201,28202,28203,28206,28207,28208,28209,28210,28211,28212,28213,28214,28215,28216,28217,28218,28219,28220,28221,28222,28223,28225,28226,28227,28229,28230,28231,28232,28233,28234,28235,28236,28237,28239,28240,28242,28243,28245,28246,28247,28248,28249,28251,28252,28253,28254,28255,28256,28257,28259,28260,28261,28263,28264,28265,28267,28268,28269,28270,28271,28272,28273,28274,28275,28277,28278,28279,28280,28281,28282,28283,28284,28285,28286,28287,28289,28290,28291,28292,28293,28294,28296,28298,28299,28300,28301,28302,28303,28304,28305,28306,28308,28309,28310,28312,28313,28314,28315,28316,28317,28319,28321,28322,28323,28324,28325,28326,28327,28329,28330,28331,28332,28333,28334,28335,28336,28337,28339,28341,28342,28343,28344,28346,28347,28348,28349,28350,28351,28352,28353,28354,28355,28357,28358,28359,28360,28362,28363,28364,28365,28366,28367,28368,28369,28370,28371,28372,28373,28374,28375,28377,28378,28379,28380,28382,28383,28385,28386,28387,28388,28389,28390,28391,28392,28393,28394,28395,28396,28397,28398,28400,28401,28403,28404,28405,28406,28407,28408,28409,28410,28411,28414,28415,28417,28418,28419,28421,28422,28423,28424,28425,28426,36001,36002,36003,36004,36005,36006,36007,36008,36009,36010,36011,36012,36013,36014,36015,36016,36017,36018,36019,36020,36021,36022,36023,36024,36025,36026,36027,36028,36029,36030,36031,36032,36033,36034,36035,36036,36037,36038,36040,36041,36042,36043,36044,36045,36046,36047,36048,36049,36050,36051,36052,36053,36054,36055,36056,36057,36058,36059,36060,36061,36062,36063,36064,36065,36066,36067,36068,36069,36070,36071,36073,36074,36075,36076,36077,36078,36079,36080,36081,36082,36083,36084,36085,36086,36087,36088,36089,36090,36091,36092,36093,36094,36095,36096,36097,36098,36099,36100,36101,36102,36103,36104,36105,36106,36107,36108,36109,36110,36111,36112,36113,36114,36115,36116,36117,36118,36119,36120,36121,36122,36123,36124,36125,36126,36127,36128,36129,36130,36131,36132,36133,36134,36135,36136,36137,36138,36139,36140,36141,36142,36143,36144,36145,36146,36147,36148,36149,36150,36152,36153,36154,36155,36156,36157,36158,36159,36160,36161,36162,36163,36164,36165,36166,36167,36168,36169,36170,36171,36172,36173,36174,36175,36176,36177,36178,36179,36180,36181,36182,36184,36185,36186,36187,36188,36189,36190,36191,36192,36193,36194,36195,36196,36197,36198,36199,36200,36202,36203,36204,36205,36207,36208,36209,36210,36211,36212,36213,36214,36215,36216,36217,36218,36219,36220,36221,36222,36223,36224,36225,36226,36227,36228,36229,36230,36231,36232,36233,36234,36235,36236,36237,36238,36239,36240,36241,36242,36243,36244,36246,36247,36248,37001,37002,37003,37004,37005,37006,37007,37008,37009,37010,37011,37012,37013,37014,37015,37016,37018,37019,37020,37021,37022,37023,37024,37025,37026,37027,37028,37029,37030,37031,37032,37033,37034,37035,37036,37037,37038,37039,37040,37041,37042,37043,37044,37045,37046,37047,37048,37049,37050,37051,37052,37053,37054,37055,37056,37057,37058,37059,37060,37061,37062,37063,37064,37065,37066,37067,37068,37069,37070,37071,37072,37073,37074,37075,37076,37077,37078,37079,37080,37081,37082,37083,37084,37085,37086,37087,37088,37089,37090,37091,37092,37093,37094,37095,37096,37097,37098,37099,37100,37101,37103,37104,37105,37106,37107,37108,37109,37110,37111,37112,37113,37114,37115,37116,37117,37118,37119,37121,37122,37123,37124,37125,37126,37127,37128,37129,37130,37131,37132,37133,37134,37136,37137,37138,37139,37140,37141,37142,37143,37144,37145,37146,37147,37148,37149,37150,37151,37152,37153,37154,37155,37156,37157,37158,37159,37160,37161,37162,37163,37165,37166,37167,37168,37169,37170,37171,37172,37173,37174,37175,37176,37177,37178,37179,37180,37181,37182,37183,37184,37185,37186,37187,37188,37189,37190,37191,37192,37193,37194,37195,37196,37197,37198,37199,37200,37201,37202,37203,37204,37205,37206,37207,37208,37210,37211,37212,37213,37214,37216,37217,37218,37219,37220,37221,37222,37223,37224,37225,37226,37228,37229,37230,37231,37232,37233,37234,37236,37237,37238,37240,37241,37242,37243,37244,37245,37246,37247,37248,37249,37250,37251,37252,37253,37254,37255,37256,37257,37258,37259,37260,37261,37262,37263,37264,37265,37266,37267,37268,37269,37270,37271,37272,37273,37274,37275,37276,37277,37278,37279,37280,37281,37282,41001,41002,41003,41004,41006,41007,41008,41009,41010,41012,41013,41014,41016,41017,41018,41019,41020,41022,41024,41025,41026,41027,41028,41029,41030,41031,41032,41034,41035,41036,41037,41038,41039,41040,41041,41042,41043,41044,41045,41046,41047,41048,41049,41050,41051,41052,41053,41054,41055,41057,41058,41059,41060,41061,41062,41063,41065,41066,41067,41068,41069,41070,41071,41072,41073,41074,41075,41077,41078,41079,41080,41081,41083,41084,41085,41086,41087,41088,41089,41090,41091,41093,41094,41095,41096,41097,41098,41099,41100,41101,41102,41103,41104,41105,41106,41107,41108,41109,41110,41112,41113,41114,41115,41116,41118,41119,41120,41121,41122,41123,41124,41125,41126,41127,41128,41129,41130,41131,41132,41134,41135,41136,41137,41138,41139,41140,41141,41142,41143,41144,41145,41146,41147,41148,41149,41150,41151,41152,41153,41154,41155,41156,41157,41158,41159,41160,41161,41163,41164,41166,41167,41168,41171,41172,41173,41174,41175,41176,41177,41178,41179,41180,41181,41182,41184,41185,41186,41187,41188,41189,41190,41191,41192,41193,41194,41195,41196,41198,41199,41200,41201,41203,41204,41205,41206,41207,41208,41209,41211,41212,41213,41214,41215,41216,41217,41218,41219,41220,41221,41222,41223,41224,41225,41226,41228,41229,41230,41231,41232,41233,41234,41235,41236,41237,41238,41239,41241,41242,41243,41245,41246,41247,41248,41249,41250,41251,41252,41253,41254,41255,41256,41258,41259,41260,41261,41262,41265,41266,41267,41268,41269,41271,41273,41274,41275,41276,41277,41278,41279,41280,41281,41282,41283,41284,41285,41286,41287,41288,41289,41290,41291,41292,41293,41294,41295,41296,41297,45001,45002,45004,45005,45006,45008,45009,45010,45011,45012,45013,45014,45015,45016,45017,45018,45019,45020,45021,45022,45023,45024,45025,45026,45027,45028,45029,45030,45031,45032,45033,45034,45035,45036,45037,45038,45039,45040,45041,45042,45043,45044,45045,45046,45047,45049,45050,45051,45052,45053,45054,45055,45056,45058,45059,45060,45061,45062,45063,45064,45065,45066,45067,45068,45069,45070,45072,45073,45074,45075,45076,45077,45078,45079,45080,45081,45082,45083,45084,45085,45086,45087,45088,45089,45091,45092,45093,45094,45095,45096,45097,45098,45099,45100,45101,45102,45103,45104,45105,45107,45108,45109,45110,45111,45112,45113,45114,45115,45116,45118,45119,45120,45121,45122,45123,45124,45125,45126,45127,45129,45130,45131,45132,45133,45134,45135,45136,45137,45138,45139,45141,45142,45143,45144,45145,45146,45147,45148,45149,45150,45151,45152,45153,45154,45155,45156,45157,45158,45159,45160,45161,45162,45164,45165,45166,45167,45168,45169,45170,45171,45173,45174,45175,45176,45177,45178,45179,45180,45181,45182,45183,45184,45185,45186,45187,45188,45189,45191,45193,45194,45195,45196,45197,45198,45199,45200,45201,45202,45203,45204,45205,45206,45207,45208,45209,45210,45212,45213,45214,45215,45216,45217,45218,45219,45220,45222,45223,45224,45225,45226,45227,45228,45229,45230,45231,45232,45233,45234,45235,45237,45238,45239,45240,45241,45242,45243,45244,45245,45246,45247,45248,45249,45250,45251,45252,45253,45254,45255,45256,45257,45258,45259,45260,45261,45262,45263,45264,45265,45266,45268,45269,45270,45271,45272,45273,45274,45275,45276,45277,45278,45279,45280,45281,45282,45283,45284,45285,45286,45288,45289,45290,45291,45292,45293,45294,45296,45297,45298,45299,45300,45301,45302,45303,45305,45306,45307,45308,45309,45310,45311,45312,45313,45314,45315,45316,45317,45320,45321,45322,45323,45324,45325,45326,45327,45328,45329,45330,45331,45332,45333,45334,45335,45336,45337,45338,45339,45340,45341,45342,45343,45344,45345,45346,45347,45348}","",2026-03-24 14:41:32.274366+01,gold_establishments_2025,,,,13001105900016,2025,Services de l'Etat,Région,"['Cher', 'Eure-et-Loir', 'Indre', 'Indre-et-Loire', 'Loir-et-Cher', 'Loiret']",['Centre-Val de Loire'],DRFIP,"{18,28,36,37,41,45}",{24}
f0bbda9b-956f-4127-b7a0-f3bab0d9e6e4,130013048,DRFIP Corse,false,"{2A001,2A004,2A006,2A008,2A011,2A014,2A017,2A018,2A019,2A021,2A022,2A024,2A026,2A027,2A028,2A031,2A032,2A035,2A038,2A040,2A041,2A048,2A056,2A060,2A061,2A062,2A064,2A065,2A066,2A070,2A071,2A085,2A089,2A090,2A091,2A092,2A094,2A098,2A099,2A100,2A103,2A104,2A108,2A114,2A115,2A117,2A118,2A119,2A127,2A128,2A129,2A130,2A131,2A132,2A133,2A139,2A141,2A142,2A144,2A146,2A154,2A158,2A160,2A163,2A174,2A181,2A186,2A189,2A191,2A196,2A197,2A198,2A200,2A203,2A204,2A209,2A211,2A212,2A215,2A228,2A232,2A240,2A247,2A249,2A253,2A254,2A258,2A259,2A262,2A266,2A268,2A269,2A270,2A271,2A272,2A276,2A278,2A279,2A282,2A284,2A285,2A288,2A295,2A300,2A308,2A310,2A312,2A322,2A323,2A324,2A326,2A330,2A331,2A336,2A345,2A348,2A349,2A351,2A357,2A358,2A359,2A360,2A362,2A363,2B002,2B003,2B005,2B007,2B009,2B010,2B012,2B013,2B015,2B016,2B020,2B023,2B025,2B029,2B030,2B033,2B034,2B036,2B037,2B039,2B042,2B043,2B045,2B046,2B047,2B049,2B050,2B051,2B052,2B053,2B054,2B055,2B057,2B058,2B059,2B063,2B067,2B068,2B069,2B072,2B073,2B074,2B075,2B077,2B078,2B079,2B080,2B081,2B082,2B083,2B084,2B086,2B087,2B088,2B093,2B095,2B096,2B097,2B101,2B102,2B105,2B106,2B107,2B109,2B110,2B111,2B112,2B113,2B116,2B120,2B121,2B122,2B123,2B124,2B125,2B126,2B134,2B135,2B136,2B137,2B138,2B140,2B143,2B145,2B147,2B148,2B149,2B150,2B152,2B153,2B155,2B156,2B157,2B159,2B161,2B162,2B164,2B165,2B166,2B167,2B168,2B169,2B170,2B171,2B172,2B173,2B175,2B176,2B177,2B178,2B179,2B180,2B182,2B183,2B184,2B185,2B187,2B188,2B190,2B192,2B193,2B194,2B195,2B199,2B201,2B202,2B205,2B206,2B207,2B208,2B210,2B213,2B214,2B216,2B217,2B218,2B219,2B220,2B221,2B222,2B223,2B224,2B225,2B226,2B227,2B229,2B230,2B231,2B233,2B234,2B235,2B236,2B238,2B239,2B241,2B242,2B243,2B244,2B245,2B246,2B248,2B250,2B251,2B252,2B255,2B256,2B257,2B260,2B261,2B263,2B264,2B265,2B267,2B273,2B274,2B275,2B277,2B280,2B281,2B283,2B286,2B287,2B289,2B290,2B291,2B292,2B293,2B296,2B297,2B298,2B299,2B301,2B302,2B303,2B304,2B305,2B306,2B307,2B309,2B311,2B313,2B314,2B315,2B316,2B317,2B318,2B319,2B320,2B321,2B327,2B328,2B329,2B332,2B333,2B334,2B335,2B337,2B338,2B339,2B340,2B341,2B342,2B343,2B344,2B346,2B347,2B350,2B352,2B353,2B354,2B355,2B356,2B361,2B364,2B365,2B366}","",2026-03-24 14:41:32.274366+01,gold_establishments_2025,,,,13001304800017,2025,Services de l'Etat,Région,"['Corse-du-Sud', 'Haute-Corse']",['Corse'],DRFIP,"{2A,2B}",{94}
ea16f85d-f75a-4245-a311-3cf5b5b4145f,130012933,DRFIP Grand Est,false,"{08001,08003,08004,08005,08006,08008,08010,08011,08013,08014,08015,08016,08017,08018,08019,08020,08021,08022,08023,08024,08025,08026,08027,08028,08029,08030,08031,08032,08033,08034,08035,08036,08037,08038,08039,08040,08041,08043,08044,08045,08046,08047,08048,08049,08052,08053,08055,08056,08057,08058,08059,08060,08061,08062,08063,08064,08065,08066,08067,08069,08070,08071,08073,08074,08075,08076,08077,08078,08080,08081,08082,08083,08084,08085,08086,08087,08088,08089,08090,08092,08094,08095,08096,08097,08098,08099,08100,08101,08102,08103,08104,08105,08106,08107,08109,08110,08111,08113,08115,08116,08117,08119,08120,08121,08122,08123,08124,08125,08126,08128,08130,08131,08132,08133,08134,08135,08136,08137,08138,08139,08140,08141,08142,08143,08144,08145,08146,08147,08148,08149,08150,08151,08153,08154,08155,08156,08158,08159,08160,08161,08162,08163,08164,08165,08166,08167,08168,08169,08170,08171,08172,08173,08174,08175,08176,08178,08179,08180,08182,08183,08184,08185,08186,08187,08188,08189,08190,08191,08192,08193,08194,08195,08196,08197,08198,08199,08200,08201,08202,08203,08204,08205,08206,08207,08208,08209,08210,08211,08212,08214,08215,08216,08217,08218,08219,08220,08222,08223,08225,08226,08228,08229,08230,08232,08233,08234,08235,08236,08237,08238,08239,08240,08242,08243,08244,08245,08246,08247,08248,08249,08250,08251,08252,08254,08255,08256,08257,08259,08260,08262,08263,08264,08268,08269,08271,08272,08273,08274,08275,08276,08277,08278,08279,08280,08281,08282,08283,08284,08286,08287,08288,08289,08291,08293,08295,08296,08297,08298,08301,08302,08303,08304,08305,08306,08307,08308,08309,08310,08311,08312,08313,08314,08315,08316,08317,08318,08319,08320,08321,08322,08323,08324,08325,08326,08327,08328,08329,08330,08331,08332,08333,08334,08335,08336,08338,08339,08340,08341,08342,08343,08344,08346,08347,08348,08349,08350,08351,08352,08353,08354,08355,08356,08357,08358,08360,08361,08362,08363,08364,08365,08366,08367,08368,08369,08370,08372,08373,08374,08375,08376,08377,08378,08379,08380,08381,08382,08383,08384,08385,08386,08387,08388,08389,08390,08391,08392,08393,08394,08395,08396,08397,08398,08399,08400,08401,08402,08403,08404,08405,08406,08407,08408,08409,08410,08411,08412,08413,08415,08416,08417,08418,08419,08420,08421,08422,08424,08425,08426,08427,08428,08429,08430,08431,08432,08433,08434,08435,08436,08437,08438,08439,08440,08444,08445,08446,08448,08449,08450,08451,08452,08453,08454,08455,08456,08457,08458,08459,08460,08461,08462,08463,08464,08465,08466,08467,08468,08469,08470,08471,08472,08473,08476,08477,08478,08479,08480,08481,08482,08483,08484,08485,08486,08487,08488,08489,08490,08491,08492,08494,08496,08497,08498,08499,08500,08501,08502,08503,10002,10003,10004,10005,10006,10007,10008,10009,10010,10011,10012,10013,10014,10015,10017,10018,10019,10020,10021,10022,10023,10024,10025,10026,10027,10028,10029,10030,10031,10032,10033,10034,10035,10037,10038,10039,10040,10041,10042,10043,10044,10045,10046,10047,10048,10049,10050,10051,10052,10053,10054,10055,10056,10057,10058,10059,10060,10061,10062,10063,10064,10065,10066,10067,10068,10069,10070,10071,10072,10073,10074,10075,10076,10077,10078,10079,10080,10081,10082,10083,10084,10085,10086,10087,10089,10090,10091,10092,10093,10094,10095,10096,10097,10098,10099,10100,10101,10102,10103,10104,10105,10106,10107,10108,10109,10110,10111,10112,10113,10114,10115,10116,10117,10118,10119,10120,10121,10122,10123,10124,10125,10126,10127,10128,10129,10130,10131,10132,10133,10134,10135,10136,10137,10138,10139,10140,10141,10142,10143,10144,10145,10146,10147,10148,10149,10150,10151,10153,10154,10155,10156,10157,10158,10159,10160,10161,10162,10163,10164,10165,10166,10167,10168,10169,10170,10171,10172,10173,10174,10175,10176,10177,10178,10179,10180,10181,10182,10183,10184,10185,10186,10187,10188,10189,10190,10191,10192,10193,10194,10195,10196,10197,10198,10199,10200,10201,10202,10203,10204,10205,10206,10207,10208,10209,10210,10211,10212,10213,10214,10215,10216,10217,10218,10219,10220,10221,10222,10223,10224,10225,10226,10227,10228,10229,10230,10231,10232,10233,10234,10235,10236,10237,10238,10239,10240,10241,10242,10243,10245,10246,10247,10248,10249,10250,10251,10252,10253,10254,10255,10256,10257,10258,10259,10260,10261,10262,10263,10264,10265,10266,10267,10268,10269,10270,10271,10272,10273,10274,10275,10276,10278,10279,10280,10281,10282,10283,10284,10285,10286,10287,10288,10289,10290,10291,10293,10294,10295,10296,10297,10298,10299,10300,10301,10302,10303,10304,10305,10306,10307,10308,10309,10310,10312,10313,10314,10315,10316,10317,10318,10319,10320,10321,10323,10324,10325,10326,10327,10328,10329,10330,10331,10332,10333,10334,10335,10336,10337,10338,10339,10340,10341,10342,10343,10344,10345,10346,10347,10348,10349,10350,10351,10352,10353,10354,10355,10356,10357,10358,10359,10360,10361,10362,10363,10364,10365,10366,10367,10368,10369,10370,10371,10372,10373,10374,10375,10376,10377,10378,10379,10380,10381,10382,10383,10384,10386,10387,10388,10389,10390,10391,10392,10393,10394,10395,10396,10397,10398,10399,10400,10401,10402,10403,10404,10405,10406,10408,10409,10410,10411,10412,10414,10416,10417,10418,10419,10420,10421,10422,10423,10424,10425,10426,10427,10428,10429,10430,10431,10432,10433,10434,10435,10436,10437,10438,10439,10440,10441,10442,10443,10444,10445,51001,51002,51003,51004,51005,51006,51007,51008,51009,51010,51012,51013,51014,51015,51016,51017,51018,51019,51020,51022,51023,51025,51027,51028,51029,51030,51031,51032,51033,51034,51035,51036,51037,51038,51039,51040,51041,51042,51043,51044,51045,51046,51047,51048,51049,51050,51051,51052,51053,51054,51055,51056,51057,51058,51059,51060,51061,51062,51065,51066,51068,51069,51070,51071,51072,51073,51074,51075,51076,51077,51078,51079,51080,51081,51082,51083,51084,51085,51086,51087,51088,51089,51090,51091,51092,51093,51094,51095,51097,51098,51099,51100,51101,51102,51103,51104,51105,51106,51107,51108,51109,51110,51111,51112,51113,51115,51116,51117,51118,51119,51120,51121,51122,51124,51125,51126,51127,51128,51129,51130,51132,51133,51134,51135,51136,51137,51138,51139,51140,51141,51142,51143,51144,51145,51146,51147,51148,51149,51150,51151,51152,51153,51154,51155,51156,51157,51158,51160,51161,51162,51163,51164,51165,51166,51167,51168,51169,51170,51171,51172,51173,51174,51175,51176,51177,51178,51179,51181,51182,51183,51184,51185,51186,51187,51188,51190,51191,51192,51193,51194,51195,51196,51197,51198,51199,51200,51201,51202,51203,51204,51206,51208,51210,51211,51212,51213,51214,51215,51216,51217,51218,51219,51220,51222,51223,51224,51225,51226,51227,51228,51229,51230,51231,51232,51233,51234,51235,51236,51237,51238,51239,51240,51241,51242,51243,51244,51245,51246,51247,51248,51249,51250,51251,51252,51253,51254,51255,51256,51258,51259,51260,51262,51263,51264,51265,51266,51267,51268,51269,51270,51272,51273,51274,51275,51276,51277,51278,51279,51280,51281,51282,51283,51284,51285,51286,51287,51288,51289,51290,51291,51292,51293,51294,51295,51296,51298,51299,51300,51301,51302,51303,51304,51305,51306,51307,51308,51309,51310,51311,51312,51313,51314,51315,51316,51317,51318,51319,51320,51321,51322,51323,51324,51325,51326,51327,51328,51329,51333,51334,51336,51337,51338,51339,51340,51341,51342,51343,51344,51345,51346,51348,51349,51350,51351,51352,51353,51354,51355,51356,51357,51358,51359,51360,51361,51362,51363,51364,51365,51367,51368,51369,51370,51371,51372,51373,51374,51375,51376,51377,51378,51379,51380,51381,51382,51384,51386,51387,51388,51389,51390,51391,51392,51393,51395,51396,51397,51398,51399,51402,51403,51404,51406,51407,51409,51410,51412,51413,51414,51415,51416,51417,51418,51419,51420,51421,51422,51423,51424,51425,51426,51428,51429,51430,51431,51432,51433,51434,51435,51436,51437,51438,51439,51440,51441,51442,51443,51444,51445,51446,51447,51448,51449,51450,51451,51452,51453,51454,51455,51456,51457,51458,51459,51460,51461,51463,51464,51465,51466,51468,51469,51470,51471,51472,51473,51474,51475,51476,51477,51478,51479,51480,51482,51483,51484,51485,51486,51487,51488,51489,51490,51491,51492,51493,51495,51496,51497,51498,51499,51500,51501,51502,51503,51504,51505,51506,51507,51508,51509,51510,51511,51512,51513,51514,51515,51516,51517,51518,51519,51520,51521,51522,51523,51524,51525,51526,51527,51528,51529,51530,51531,51532,51533,51534,51535,51536,51537,51538,51539,51542,51543,51544,51545,51546,51547,51548,51549,51550,51551,51552,51553,51555,51556,51557,51558,51559,51560,51562,51563,51564,51565,51566,51567,51568,51569,51570,51571,51572,51573,51574,51576,51577,51578,51579,51580,51581,51582,51583,51584,51585,51586,51587,51588,51589,51590,51591,51592,51594,51595,51596,51597,51598,51599,51600,51601,51602,51603,51604,51605,51607,51608,51609,51610,51611,51612,51613,51614,51616,51617,51618,51619,51620,51621,51622,51623,51624,51625,51626,51627,51628,51629,51630,51631,51632,51633,51634,51635,51636,51638,51639,51640,51641,51642,51643,51644,51645,51646,51647,51648,51649,51650,51652,51654,51655,51656,51657,51658,51659,51660,51662,51663,52001,52002,52003,52004,52005,52006,52007,52008,52009,52011,52012,52013,52014,52015,52016,52017,52019,52021,52022,52023,52025,52027,52028,52029,52030,52031,52033,52034,52035,52037,52038,52039,52040,52042,52043,52044,52045,52047,52050,52051,52053,52055,52056,52057,52058,52059,52060,52061,52062,52063,52064,52065,52066,52067,52069,52070,52072,52074,52075,52076,52079,52082,52083,52084,52085,52087,52088,52089,52090,52091,52092,52093,52094,52095,52097,52099,52101,52102,52103,52104,52105,52106,52107,52108,52109,52110,52113,52114,52115,52116,52118,52119,52120,52121,52122,52123,52124,52125,52126,52127,52128,52129,52130,52131,52132,52133,52134,52135,52136,52137,52138,52140,52141,52142,52145,52146,52147,52149,52151,52155,52156,52157,52158,52159,52160,52161,52162,52163,52164,52165,52167,52168,52169,52170,52171,52172,52173,52174,52175,52177,52178,52179,52181,52182,52183,52184,52185,52187,52189,52190,52193,52194,52195,52196,52197,52198,52199,52200,52201,52203,52204,52205,52206,52207,52208,52211,52212,52213,52214,52216,52217,52218,52219,52220,52221,52222,52223,52227,52228,52229,52230,52231,52232,52233,52234,52235,52237,52240,52242,52243,52244,52245,52246,52247,52248,52249,52250,52251,52253,52254,52256,52257,52258,52260,52264,52265,52266,52267,52269,52271,52272,52273,52274,52275,52276,52277,52278,52280,52282,52284,52285,52286,52287,52288,52289,52290,52291,52292,52294,52295,52297,52298,52300,52301,52302,52303,52304,52305,52306,52307,52308,52310,52311,52312,52313,52315,52316,52318,52319,52320,52321,52322,52325,52326,52327,52328,52330,52331,52332,52335,52336,52337,52341,52342,52344,52346,52347,52348,52349,52350,52352,52353,52354,52355,52356,52357,52358,52359,52360,52362,52363,52364,52365,52366,52367,52369,52370,52371,52372,52373,52374,52375,52376,52377,52378,52380,52383,52384,52385,52386,52388,52390,52391,52392,52393,52394,52395,52396,52397,52398,52399,52400,52401,52403,52405,52406,52407,52411,52413,52414,52415,52416,52419,52420,52421,52422,52423,52424,52425,52426,52428,52429,52431,52432,52433,52436,52437,52438,52439,52440,52442,52443,52444,52445,52446,52447,52448,52449,52450,52452,52453,52455,52456,52457,52459,52461,52463,52464,52465,52467,52468,52469,52470,52472,52473,52474,52475,52476,52479,52480,52482,52483,52484,52486,52487,52488,52489,52490,52491,52492,52493,52494,52495,52497,52499,52500,52502,52503,52504,52505,52506,52507,52510,52511,52512,52513,52514,52515,52516,52517,52518,52519,52520,52522,52523,52524,52525,52526,52528,52529,52534,52535,52536,52538,52539,52540,52541,52542,52543,52544,52545,52546,52547,52548,52549,52550,54001,54002,54003,54004,54005,54006,54007,54008,54009,54010,54011,54012,54013,54014,54015,54016,54017,54018,54019,54020,54021,54022,54023,54024,54025,54026,54027,54028,54029,54030,54031,54032,54033,54034,54035,54036,54037,54038,54039,54040,54041,54042,54043,54044,54045,54046,54047,54048,54049,54050,54051,54052,54053,54054,54055,54056,54057,54058,54059,54060,54061,54062,54063,54064,54065,54066,54067,54068,54069,54070,54071,54072,54073,54074,54075,54076,54077,54078,54079,54080,54081,54082,54083,54084,54085,54086,54087,54088,54089,54090,54091,54092,54093,54094,54095,54096,54097,54098,54099,54100,54101,54102,54103,54104,54105,54106,54107,54108,54109,54110,54111,54112,54113,54114,54115,54116,54117,54118,54119,54120,54121,54122,54123,54124,54125,54126,54127,54128,54129,54130,54131,54132,54133,54134,54135,54136,54137,54138,54139,54140,54141,54142,54143,54144,54145,54146,54147,54148,54149,54150,54151,54152,54153,54154,54155,54156,54157,54158,54159,54160,54161,54162,54163,54164,54165,54166,54167,54168,54169,54170,54171,54172,54173,54174,54175,54176,54177,54178,54179,54180,54181,54182,54183,54184,54185,54186,54187,54188,54189,54190,54191,54192,54193,54194,54195,54196,54197,54198,54199,54200,54201,54202,54203,54204,54205,54206,54207,54208,54209,54210,54211,54212,54213,54214,54215,54216,54217,54218,54219,54220,54221,54222,54223,54224,54225,54226,54227,54228,54229,54230,54231,54232,54233,54234,54235,54236,54237,54238,54239,54240,54241,54242,54243,54244,54245,54246,54247,54248,54249,54250,54251,54252,54253,54254,54255,54256,54257,54258,54259,54260,54261,54262,54263,54264,54265,54266,54268,54269,54270,54271,54272,54273,54274,54275,54276,54277,54278,54279,54280,54281,54282,54283,54284,54285,54286,54287,54288,54289,54290,54291,54292,54293,54294,54295,54296,54297,54298,54299,54300,54301,54302,54303,54304,54305,54306,54307,54308,54309,54310,54311,54312,54313,54314,54315,54316,54317,54318,54320,54321,54322,54323,54324,54325,54326,54327,54328,54329,54330,54331,54332,54333,54334,54335,54336,54337,54338,54339,54340,54343,54344,54345,54346,54348,54349,54350,54351,54352,54353,54354,54355,54356,54357,54358,54359,54360,54362,54363,54364,54365,54366,54367,54368,54369,54370,54371,54372,54373,54374,54375,54376,54377,54378,54379,54380,54381,54382,54383,54385,54386,54387,54388,54389,54390,54391,54392,54393,54394,54395,54396,54397,54398,54399,54400,54401,54402,54403,54404,54405,54406,54407,54408,54409,54410,54411,54412,54413,54414,54415,54416,54417,54418,54419,54420,54421,54422,54423,54424,54425,54426,54427,54428,54429,54430,54431,54432,54433,54434,54435,54436,54437,54438,54439,54440,54441,54442,54443,54444,54445,54446,54447,54449,54450,54451,54452,54453,54455,54456,54457,54458,54459,54460,54461,54462,54463,54464,54465,54466,54467,54468,54469,54470,54471,54472,54473,54474,54475,54476,54477,54478,54479,54480,54481,54482,54483,54484,54485,54486,54487,54488,54489,54490,54491,54492,54493,54494,54495,54496,54497,54498,54499,54500,54501,54502,54504,54505,54507,54508,54509,54510,54511,54512,54513,54514,54515,54516,54517,54518,54519,54520,54521,54522,54523,54524,54525,54526,54527,54528,54529,54530,54531,54532,54533,54534,54535,54536,54537,54538,54539,54540,54541,54542,54543,54544,54545,54546,54547,54548,54549,54550,54551,54552,54553,54554,54555,54556,54557,54558,54559,54560,54561,54562,54563,54564,54565,54566,54567,54568,54569,54570,54571,54572,54573,54574,54575,54576,54577,54578,54579,54580,54581,54582,54583,54584,54585,54586,54587,54588,54589,54590,54591,54592,54593,54594,54595,54596,54597,54598,54599,54600,54601,54602,55001,55002,55004,55005,55007,55008,55009,55010,55011,55012,55013,55014,55015,55017,55018,55021,55022,55023,55024,55025,55026,55027,55028,55029,55031,55032,55033,55034,55035,55036,55037,55038,55039,55040,55041,55042,55043,55044,55045,55046,55047,55048,55049,55050,55051,55053,55054,55055,55057,55058,55059,55060,55061,55062,55063,55064,55065,55066,55067,55068,55069,55070,55071,55072,55073,55075,55076,55077,55078,55079,55080,55081,55082,55083,55084,55085,55087,55088,55089,55093,55094,55095,55096,55097,55099,55100,55101,55102,55103,55104,55105,55106,55107,55108,55109,55110,55111,55113,55114,55115,55116,55117,55118,55119,55120,55121,55122,55123,55124,55125,55127,55128,55129,55132,55133,55134,55137,55138,55139,55140,55141,55142,55143,55144,55145,55146,55148,55149,55150,55153,55154,55155,55156,55157,55158,55159,55160,55162,55163,55165,55166,55167,55168,55169,55170,55171,55172,55173,55174,55175,55177,55178,55179,55180,55181,55182,55183,55184,55185,55186,55188,55189,55191,55192,55193,55194,55195,55196,55197,55198,55199,55200,55201,55202,55204,55206,55207,55208,55210,55211,55212,55214,55215,55216,55217,55218,55219,55220,55221,55222,55224,55225,55226,55228,55229,55232,55236,55237,55239,55241,55242,55243,55244,55245,55246,55247,55248,55250,55251,55252,55253,55254,55255,55256,55257,55258,55260,55261,55262,55263,55264,55265,55266,55267,55268,55269,55270,55271,55272,55274,55275,55276,55278,55279,55280,55281,55282,55284,55285,55286,55288,55289,55290,55291,55292,55293,55295,55296,55297,55298,55299,55300,55301,55302,55303,55304,55306,55307,55310,55311,55312,55313,55315,55316,55317,55320,55321,55322,55323,55324,55325,55326,55327,55328,55329,55330,55331,55332,55333,55334,55335,55336,55338,55339,55340,55341,55343,55344,55345,55346,55347,55348,55349,55350,55351,55352,55353,55355,55356,55357,55358,55359,55360,55361,55362,55363,55364,55365,55366,55367,55368,55369,55370,55371,55372,55373,55374,55375,55376,55377,55378,55379,55380,55381,55382,55383,55384,55385,55386,55387,55388,55389,55391,55394,55395,55396,55397,55398,55399,55400,55401,55403,55404,55405,55406,55407,55408,55409,55410,55411,55412,55414,55415,55416,55419,55420,55421,55422,55423,55424,55425,55426,55427,55428,55429,55430,55431,55433,55434,55435,55436,55437,55438,55439,55442,55443,55444,55445,55446,55447,55448,55449,55450,55452,55453,55454,55456,55457,55458,55459,55460,55461,55462,55463,55464,55465,55466,55467,55468,55469,55470,55471,55472,55473,55474,55475,55476,55477,55479,55481,55482,55484,55485,55487,55488,55489,55490,55492,55493,55494,55495,55496,55497,55498,55500,55501,55502,55503,55504,55505,55506,55507,55508,55509,55510,55511,55512,55514,55515,55516,55517,55518,55519,55520,55521,55522,55523,55525,55526,55527,55528,55530,55531,55532,55533,55534,55535,55536,55537,55540,55541,55543,55544,55545,55546,55547,55549,55551,55552,55553,55554,55555,55556,55557,55559,55560,55561,55562,55563,55565,55566,55567,55568,55569,55570,55571,55572,55573,55574,55575,55577,55578,55579,55580,55581,55582,55583,55584,55586,57001,57002,57003,57004,57006,57007,57008,57009,57010,57011,57012,57013,57014,57015,57016,57017,57018,57019,57020,57021,57022,57024,57025,57026,57027,57028,57029,57030,57031,57032,57033,57034,57035,57036,57037,57038,57039,57040,57041,57042,57043,57044,57045,57046,57047,57048,57049,57050,57051,57052,57053,57054,57055,57056,57057,57058,57059,57060,57061,57062,57063,57064,57065,57066,57067,57069,57070,57071,57072,57073,57074,57075,57076,57077,57079,57080,57081,57082,57083,57084,57085,57086,57087,57088,57089,57090,57091,57092,57093,57095,57096,57097,57098,57099,57100,57101,57102,57103,57104,57105,57106,57107,57108,57109,57110,57111,57112,57113,57114,57115,57116,57117,57118,57119,57120,57121,57122,57123,57124,57125,57126,57127,57128,57129,57130,57131,57132,57133,57134,57136,57137,57138,57139,57140,57141,57142,57143,57144,57145,57146,57147,57148,57149,57150,57151,57152,57153,57154,57155,57156,57158,57159,57160,57161,57162,57163,57165,57166,57167,57168,57169,57171,57172,57173,57174,57175,57176,57177,57178,57179,57180,57181,57182,57183,57186,57187,57188,57189,57190,57191,57192,57193,57194,57195,57196,57197,57198,57199,57200,57201,57202,57203,57204,57205,57206,57207,57208,57209,57210,57211,57212,57213,57214,57215,57216,57217,57218,57219,57220,57221,57222,57224,57225,57226,57227,57228,57229,57230,57231,57232,57233,57234,57235,57236,57237,57238,57239,57240,57241,57242,57244,57245,57246,57247,57248,57249,57250,57251,57252,57253,57254,57255,57256,57257,57258,57259,57260,57261,57262,57263,57264,57265,57266,57267,57268,57269,57270,57271,57272,57273,57274,57275,57276,57277,57278,57280,57281,57282,57283,57284,57286,57287,57288,57289,57290,57291,57292,57293,57294,57295,57296,57297,57298,57299,57300,57301,57302,57303,57304,57305,57306,57307,57308,57309,57310,57311,57312,57313,57314,57315,57316,57317,57318,57319,57320,57321,57322,57323,57324,57325,57326,57328,57329,57330,57331,57332,57333,57334,57335,57336,57337,57338,57339,57340,57341,57342,57343,57344,57345,57346,57347,57348,57349,57350,57351,57352,57353,57354,57355,57356,57357,57358,57359,57360,57361,57362,57364,57365,57366,57367,57368,57370,57371,57372,57373,57374,57375,57376,57377,57379,57380,57381,57382,57383,57384,57385,57386,57387,57388,57389,57390,57391,57392,57393,57394,57395,57396,57397,57398,57399,57401,57402,57403,57404,57405,57406,57407,57408,57409,57410,57411,57412,57413,57414,57415,57416,57417,57418,57419,57421,57422,57423,57424,57425,57426,57427,57428,57430,57431,57433,57434,57436,57437,57438,57439,57440,57441,57442,57443,57444,57445,57446,57447,57448,57449,57451,57452,57453,57454,57455,57456,57457,57459,57460,57461,57462,57463,57464,57465,57466,57467,57468,57469,57470,57471,57472,57473,57474,57475,57476,57477,57478,57479,57480,57481,57482,57483,57484,57485,57486,57487,57488,57489,57490,57491,57492,57493,57494,57495,57496,57497,57498,57499,57500,57501,57502,57504,57505,57506,57507,57508,57509,57510,57511,57512,57513,57514,57515,57516,57517,57518,57519,57520,57521,57524,57525,57526,57527,57528,57529,57530,57531,57532,57533,57534,57535,57536,57537,57538,57539,57540,57541,57542,57543,57544,57545,57546,57547,57548,57549,57550,57551,57552,57553,57554,57555,57556,57557,57558,57559,57560,57561,57562,57563,57564,57565,57566,57567,57568,57569,57570,57571,57572,57573,57574,57575,57576,57577,57578,57579,57580,57581,57582,57583,57584,57586,57587,57588,57589,57590,57591,57592,57593,57594,57595,57596,57597,57598,57599,57600,57601,57602,57603,57604,57605,57606,57607,57609,57610,57611,57612,57613,57614,57615,57616,57617,57618,57619,57620,57621,57622,57623,57624,57625,57626,57627,57628,57629,57630,57631,57633,57634,57635,57636,57637,57638,57639,57640,57641,57642,57643,57644,57645,57647,57648,57649,57650,57651,57652,57653,57654,57655,57656,57657,57658,57659,57660,57661,57662,57663,57664,57665,57666,57667,57668,57669,57670,57671,57672,57673,57674,57675,57676,57677,57678,57679,57680,57681,57682,57683,57684,57685,57686,57687,57689,57690,57691,57692,57693,57694,57695,57696,57697,57698,57700,57701,57702,57703,57704,57705,57706,57707,57708,57709,57711,57712,57713,57714,57715,57716,57717,57718,57719,57720,57721,57723,57724,57725,57726,57727,57728,57730,57731,57732,57733,57734,57736,57737,57738,57739,57740,57741,57742,57743,57745,57746,57747,57748,57749,57750,57751,57752,57753,57754,57755,57756,57757,57759,57760,57761,57762,57763,57764,57765,57767,67001,67002,67003,67004,67005,67006,67008,67009,67010,67011,67012,67013,67016,67017,67018,67019,67020,67021,67022,67023,67025,67026,67027,67028,67029,67030,67031,67032,67033,67034,67035,67036,67037,67038,67039,67040,67043,67044,67045,67046,67047,67048,67049,67050,67051,67052,67053,67054,67055,67056,67057,67058,67059,67060,67061,67062,67063,67065,67066,67067,67068,67069,67070,67071,67072,67073,67074,67075,67076,67077,67078,67079,67080,67081,67082,67083,67084,67085,67086,67087,67088,67089,67090,67091,67092,67093,67094,67095,67096,67097,67098,67099,67100,67101,67102,67103,67104,67105,67106,67107,67108,67109,67110,67111,67112,67113,67115,67116,67117,67118,67119,67120,67121,67122,67123,67124,67125,67126,67127,67128,67129,67130,67131,67132,67133,67134,67135,67136,67137,67138,67139,67140,67141,67142,67143,67144,67145,67146,67147,67148,67149,67150,67151,67152,67153,67154,67155,67156,67159,67160,67161,67162,67163,67164,67165,67166,67167,67168,67169,67172,67173,67174,67176,67177,67178,67179,67180,67181,67182,67183,67184,67185,67186,67187,67188,67189,67190,67191,67192,67194,67195,67196,67197,67198,67199,67200,67201,67202,67203,67204,67205,67206,67208,67209,67210,67212,67213,67214,67215,67216,67217,67218,67220,67221,67222,67223,67225,67226,67227,67228,67229,67230,67231,67232,67233,67234,67235,67236,67237,67238,67239,67240,67241,67242,67244,67245,67246,67247,67248,67249,67250,67252,67253,67254,67255,67256,67257,67258,67259,67260,67261,67263,67264,67265,67266,67267,67268,67269,67270,67271,67272,67273,67274,67275,67276,67277,67278,67279,67280,67281,67282,67283,67285,67286,67287,67288,67289,67290,67291,67292,67293,67295,67296,67298,67299,67300,67301,67302,67303,67304,67305,67306,67307,67308,67309,67310,67311,67312,67313,67314,67315,67317,67319,67320,67321,67322,67324,67325,67326,67327,67328,67329,67330,67331,67333,67334,67335,67336,67337,67338,67339,67340,67341,67342,67343,67344,67345,67346,67347,67348,67349,67350,67351,67352,67353,67354,67355,67356,67358,67359,67360,67361,67362,67363,67364,67365,67366,67367,67368,67369,67370,67371,67372,67373,67375,67377,67378,67379,67380,67381,67382,67383,67384,67385,67386,67387,67388,67389,67391,67392,67394,67395,67396,67397,67398,67400,67401,67403,67404,67405,67406,67407,67408,67409,67410,67411,67412,67413,67414,67415,67416,67417,67418,67420,67421,67422,67423,67424,67425,67426,67427,67428,67429,67430,67432,67433,67434,67435,67436,67437,67438,67440,67441,67442,67443,67444,67445,67446,67447,67448,67449,67450,67451,67452,67453,67454,67455,67456,67458,67459,67460,67461,67462,67463,67464,67465,67466,67467,67468,67470,67471,67472,67473,67474,67475,67476,67477,67478,67479,67480,67481,67482,67483,67484,67485,67486,67487,67488,67489,67490,67491,67492,67493,67494,67495,67497,67498,67499,67500,67501,67502,67503,67504,67505,67506,67507,67508,67509,67510,67511,67513,67514,67515,67516,67517,67519,67520,67521,67522,67523,67524,67525,67526,67527,67528,67529,67530,67531,67532,67534,67535,67536,67537,67538,67539,67540,67541,67542,67543,67544,67545,67546,67547,67548,67550,67551,67552,67553,67554,67555,67556,67557,67558,67559,68001,68002,68004,68005,68006,68007,68008,68009,68010,68011,68012,68013,68014,68015,68016,68017,68018,68019,68020,68021,68022,68023,68024,68025,68026,68027,68028,68029,68030,68032,68033,68034,68035,68036,68037,68038,68039,68040,68041,68042,68043,68044,68045,68046,68049,68050,68051,68052,68054,68055,68056,68057,68058,68059,68060,68061,68062,68063,68064,68065,68066,68067,68068,68069,68071,68072,68073,68074,68075,68076,68077,68078,68079,68080,68081,68082,68083,68084,68085,68086,68087,68088,68089,68090,68091,68092,68093,68094,68095,68096,68097,68098,68099,68100,68101,68102,68103,68104,68105,68106,68107,68109,68110,68111,68112,68113,68114,68115,68116,68117,68118,68119,68120,68121,68122,68123,68124,68125,68126,68127,68128,68129,68130,68131,68132,68134,68135,68136,68137,68138,68139,68140,68141,68142,68143,68144,68145,68146,68147,68148,68149,68150,68151,68152,68153,68154,68155,68156,68157,68158,68159,68160,68161,68162,68163,68165,68166,68167,68168,68169,68170,68171,68172,68173,68174,68175,68176,68177,68178,68179,68180,68181,68182,68183,68184,68185,68186,68187,68188,68189,68190,68191,68192,68193,68194,68195,68196,68197,68198,68199,68200,68201,68202,68203,68204,68205,68207,68208,68209,68210,68211,68212,68213,68214,68215,68216,68217,68218,68219,68221,68222,68223,68224,68225,68226,68227,68228,68229,68230,68231,68232,68234,68235,68237,68238,68239,68240,68241,68242,68243,68244,68245,68246,68247,68248,68249,68250,68251,68252,68253,68254,68255,68256,68257,68258,68259,68260,68261,68262,68263,68264,68265,68266,68267,68268,68269,68270,68271,68273,68274,68275,68276,68277,68278,68279,68280,68281,68282,68283,68284,68285,68286,68287,68288,68289,68290,68291,68292,68293,68294,68295,68296,68297,68298,68299,68300,68301,68302,68303,68304,68305,68306,68307,68308,68309,68311,68312,68313,68315,68316,68317,68318,68320,68321,68322,68323,68324,68325,68326,68327,68328,68329,68330,68331,68332,68333,68334,68335,68336,68337,68338,68340,68341,68342,68343,68344,68345,68347,68348,68349,68350,68351,68352,68353,68354,68355,68356,68357,68358,68359,68360,68361,68362,68363,68364,68365,68366,68367,68368,68370,68371,68372,68373,68374,68375,68376,68377,68378,68379,68380,68381,68382,68383,68384,68385,68386,88001,88002,88003,88004,88005,88006,88007,88008,88009,88010,88011,88012,88013,88014,88015,88016,88017,88019,88020,88021,88022,88023,88024,88025,88026,88027,88028,88029,88030,88031,88032,88033,88035,88036,88037,88038,88039,88040,88041,88042,88043,88044,88045,88046,88047,88048,88049,88050,88051,88052,88053,88054,88055,88056,88057,88058,88059,88060,88061,88062,88063,88064,88065,88066,88068,88069,88070,88071,88073,88074,88075,88076,88077,88078,88079,88080,88081,88082,88083,88084,88085,88086,88087,88088,88089,88090,88091,88092,88093,88094,88095,88096,88097,88098,88099,88100,88101,88102,88103,88104,88105,88106,88107,88108,88109,88110,88111,88113,88114,88115,88116,88117,88118,88119,88120,88121,88122,88123,88124,88125,88126,88127,88128,88129,88130,88131,88132,88133,88134,88135,88136,88137,88138,88139,88140,88141,88142,88143,88144,88145,88146,88147,88148,88149,88150,88151,88152,88153,88154,88155,88156,88157,88158,88159,88160,88161,88162,88163,88164,88165,88166,88167,88168,88169,88170,88171,88172,88173,88174,88175,88176,88177,88178,88179,88180,88181,88182,88183,88184,88185,88186,88187,88188,88189,88190,88192,88193,88194,88195,88196,88197,88198,88199,88200,88201,88202,88203,88205,88206,88208,88209,88210,88212,88213,88214,88215,88216,88218,88219,88220,88221,88222,88223,88224,88225,88226,88227,88228,88229,88230,88231,88232,88233,88236,88237,88238,88239,88240,88241,88242,88243,88244,88245,88246,88247,88248,88249,88250,88251,88252,88253,88254,88255,88256,88257,88258,88259,88260,88261,88262,88263,88264,88265,88266,88267,88268,88269,88270,88271,88272,88273,88274,88275,88276,88277,88278,88279,88280,88281,88283,88284,88285,88286,88287,88288,88289,88290,88291,88292,88293,88294,88295,88296,88297,88298,88299,88300,88301,88302,88303,88304,88305,88306,88307,88308,88309,88310,88311,88312,88313,88314,88315,88316,88317,88318,88319,88320,88321,88322,88324,88325,88326,88327,88328,88330,88331,88332,88333,88334,88335,88336,88338,88340,88341,88342,88343,88344,88345,88346,88347,88348,88349,88350,88351,88352,88353,88354,88355,88356,88357,88358,88359,88360,88361,88362,88363,88364,88365,88366,88367,88368,88369,88370,88371,88372,88373,88374,88375,88376,88377,88378,88379,88380,88381,88382,88383,88385,88386,88387,88388,88389,88390,88391,88394,88395,88398,88399,88400,88401,88402,88403,88404,88406,88407,88408,88409,88410,88411,88412,88413,88415,88416,88417,88418,88419,88421,88423,88424,88425,88426,88427,88428,88429,88430,88431,88432,88433,88434,88435,88436,88437,88438,88439,88440,88441,88442,88443,88444,88445,88446,88447,88448,88449,88450,88451,88452,88453,88454,88455,88456,88457,88458,88459,88460,88461,88462,88463,88464,88465,88466,88467,88468,88469,88470,88471,88472,88473,88474,88475,88476,88477,88478,88479,88480,88481,88482,88483,88484,88485,88486,88487,88488,88489,88490,88491,88492,88493,88494,88495,88496,88497,88498,88499,88500,88501,88502,88503,88504,88505,88506,88507,88508,88509,88510,88511,88512,88513,88514,88515,88516,88517,88518,88519,88520,88521,88522,88523,88524,88525,88526,88527,88528,88529,88530,88531,88532}","",2026-03-24 14:41:32.274366+01,gold_establishments_2025,,,,13001293300011,2025,Services de l'Etat,Région,"['Ardennes', 'Aube', 'Marne', 'Haute-Marne', 'Meurthe-et-Moselle', 'Meuse', 'Moselle', 'Bas-Rhin', '",['Grand Est'],DRFIP,"{08,10,51,52,54,55,57,67,68,88}",{44}
d7e8426c-74e2-4578-b531-81e128388326,130011463,DRFIP Guadeloupe,false,"{97101,97102,97103,97104,97105,97106,97107,97108,97109,97110,97111,97112,97113,97114,97115,97116,97117,97118,97119,97120,97121,97122,97124,97125,97126,97128,97129,97130,97131,97132,97133,97134}","",2026-03-24 14:41:32.274366+01,gold_establishments_2025,,,,13001146300614,2025,Services de l'Etat,Région,['Guadeloupe'],['Guadeloupe'],DRFIP,{971},{01}
334035a7-3146-4ae2-ba75-8ab09760662a,130008378,DRFIP Guyane,false,"{97301,97302,97303,97304,97305,97306,97307,97308,97309,97310,97311,97312,97313,97314,97352,97353,97356,97357,97358,97360,97361,97362}","",2026-03-24 14:41:32.274366+01,gold_establishments_2025,,,,13000837800015,2025,Services de l'Etat,Région,['Guyane'],['Guyane'],DRFIP,{973},{03}
0ff1353b-98d9-4d37-8775-d34d97b1bd0e,130007255,DRFIP Hauts-de-France,false,"{02001,02002,02003,02004,02005,02006,02007,02008,02009,02010,02011,02012,02013,02014,02015,02016,02017,02018,02019,02020,02021,02022,02023,02024,02025,02027,02028,02029,02030,02031,02032,02033,02034,02035,02036,02037,02038,02039,02040,02041,02042,02043,02044,02046,02047,02048,02049,02050,02051,02052,02053,02054,02055,02056,02057,02058,02059,02060,02061,02062,02063,02064,02065,02066,02067,02068,02069,02070,02071,02072,02073,02074,02075,02076,02078,02079,02080,02081,02082,02083,02084,02085,02086,02087,02088,02089,02090,02091,02093,02094,02095,02096,02097,02098,02099,02100,02101,02102,02103,02104,02105,02106,02107,02108,02109,02110,02111,02112,02114,02115,02116,02117,02118,02119,02120,02121,02122,02123,02124,02125,02126,02127,02128,02129,02130,02131,02132,02133,02134,02135,02136,02137,02138,02139,02140,02141,02142,02143,02144,02145,02146,02148,02149,02150,02151,02152,02153,02154,02155,02156,02157,02158,02159,02160,02162,02163,02164,02165,02166,02167,02168,02169,02170,02171,02172,02173,02174,02175,02176,02177,02178,02179,02180,02181,02182,02183,02184,02185,02186,02187,02188,02189,02190,02191,02192,02193,02194,02195,02196,02197,02198,02199,02200,02201,02203,02204,02205,02206,02207,02208,02209,02210,02211,02212,02213,02214,02215,02216,02217,02218,02219,02220,02221,02222,02223,02224,02225,02226,02227,02228,02229,02230,02231,02232,02233,02234,02235,02236,02237,02238,02239,02240,02241,02242,02243,02244,02245,02246,02248,02249,02250,02251,02252,02253,02254,02255,02256,02257,02258,02259,02260,02261,02262,02263,02264,02265,02266,02267,02268,02269,02270,02271,02272,02273,02274,02275,02276,02277,02278,02279,02280,02281,02282,02283,02284,02286,02287,02288,02289,02290,02291,02292,02293,02294,02295,02296,02297,02298,02299,02302,02303,02304,02305,02306,02307,02308,02309,02310,02312,02313,02315,02316,02317,02318,02319,02320,02321,02322,02323,02324,02326,02327,02328,02329,02330,02331,02332,02333,02334,02335,02336,02337,02338,02339,02340,02341,02342,02343,02345,02346,02347,02349,02350,02351,02352,02353,02354,02355,02356,02357,02358,02359,02360,02361,02362,02363,02364,02366,02367,02368,02369,02370,02371,02372,02373,02374,02375,02376,02377,02378,02379,02380,02381,02382,02383,02384,02385,02386,02387,02388,02389,02390,02391,02392,02393,02395,02396,02397,02398,02399,02400,02401,02402,02403,02404,02405,02406,02407,02408,02409,02410,02411,02412,02413,02414,02415,02416,02417,02418,02419,02420,02421,02422,02423,02424,02425,02426,02427,02428,02429,02430,02431,02432,02433,02435,02438,02439,02440,02441,02442,02443,02444,02445,02446,02447,02448,02449,02450,02451,02452,02453,02454,02455,02456,02457,02458,02459,02460,02461,02462,02463,02464,02465,02466,02467,02468,02469,02470,02471,02472,02473,02474,02476,02477,02478,02480,02481,02482,02483,02484,02485,02486,02487,02488,02489,02490,02491,02492,02493,02494,02495,02496,02497,02498,02499,02500,02501,02502,02503,02504,02505,02506,02507,02508,02509,02510,02511,02512,02513,02514,02515,02516,02517,02518,02519,02520,02521,02522,02523,02524,02525,02526,02527,02528,02529,02530,02531,02532,02533,02534,02535,02536,02537,02538,02539,02540,02541,02542,02543,02544,02545,02546,02547,02548,02549,02550,02551,02552,02553,02554,02555,02556,02557,02558,02559,02560,02561,02562,02563,02564,02565,02566,02567,02568,02569,02570,02571,02572,02573,02574,02575,02576,02577,02578,02579,02580,02581,02582,02583,02584,02585,02586,02587,02588,02589,02590,02591,02592,02593,02594,02595,02596,02598,02599,02600,02601,02602,02604,02605,02606,02607,02608,02609,02610,02612,02613,02614,02615,02616,02617,02618,02619,02620,02621,02622,02623,02624,02625,02626,02627,02628,02629,02631,02632,02633,02634,02635,02636,02637,02638,02639,02640,02641,02642,02643,02644,02645,02647,02648,02649,02650,02651,02652,02653,02654,02655,02656,02657,02658,02659,02660,02661,02662,02663,02664,02665,02666,02667,02668,02670,02671,02672,02673,02674,02675,02676,02677,02678,02679,02680,02681,02682,02683,02684,02685,02686,02687,02688,02689,02690,02691,02693,02694,02696,02697,02698,02699,02701,02702,02703,02704,02705,02706,02707,02708,02709,02710,02711,02712,02713,02714,02715,02716,02717,02718,02719,02720,02721,02722,02723,02724,02725,02726,02727,02728,02729,02730,02731,02732,02734,02735,02736,02737,02738,02739,02740,02741,02742,02743,02744,02745,02746,02747,02748,02749,02750,02751,02752,02753,02754,02755,02756,02757,02758,02759,02760,02761,02762,02763,02764,02765,02766,02767,02768,02769,02770,02772,02773,02774,02775,02776,02777,02778,02779,02780,02781,02782,02783,02784,02785,02786,02787,02788,02789,02790,02791,02792,02793,02794,02795,02796,02797,02798,02799,02800,02801,02802,02803,02804,02805,02806,02807,02808,02809,02810,02812,02813,02814,02815,02816,02817,02818,02819,02820,02821,02822,02823,02824,02826,02827,02828,02829,02830,02831,02832,02833,02834,59001,59002,59003,59004,59005,59006,59007,59008,59009,59010,59011,59012,59013,59014,59015,59016,59017,59018,59019,59021,59022,59023,59024,59025,59026,59027,59028,59029,59031,59032,59033,59034,59035,59036,59037,59038,59039,59041,59042,59043,59044,59045,59046,59047,59048,59049,59050,59051,59052,59053,59054,59055,59056,59057,59058,59059,59060,59061,59062,59063,59064,59065,59066,59067,59068,59069,59071,59072,59073,59074,59075,59076,59077,59078,59079,59080,59081,59082,59083,59084,59085,59086,59087,59088,59089,59090,59091,59092,59093,59094,59096,59097,59098,59099,59100,59101,59102,59103,59104,59105,59106,59107,59108,59109,59110,59111,59112,59113,59114,59115,59116,59117,59118,59119,59120,59121,59122,59123,59124,59125,59126,59127,59128,59129,59130,59131,59132,59133,59134,59135,59136,59137,59138,59139,59140,59141,59142,59143,59144,59145,59146,59147,59148,59149,59150,59151,59152,59153,59155,59156,59157,59158,59159,59160,59161,59162,59163,59164,59165,59166,59167,59168,59169,59170,59171,59172,59173,59174,59175,59176,59177,59178,59179,59180,59181,59182,59183,59184,59185,59186,59187,59188,59189,59190,59191,59192,59193,59194,59195,59196,59197,59198,59199,59200,59201,59202,59203,59204,59205,59206,59207,59208,59209,59210,59211,59212,59213,59214,59215,59216,59217,59218,59219,59220,59221,59222,59223,59224,59225,59226,59227,59228,59229,59230,59231,59232,59233,59234,59236,59237,59238,59239,59240,59241,59242,59243,59244,59246,59247,59249,59250,59251,59252,59253,59254,59255,59256,59257,59258,59259,59260,59261,59262,59263,59264,59265,59266,59267,59268,59269,59270,59271,59272,59273,59274,59275,59276,59277,59278,59279,59280,59281,59282,59283,59284,59285,59286,59287,59288,59289,59290,59291,59292,59293,59294,59295,59296,59297,59299,59300,59301,59302,59303,59304,59305,59306,59307,59308,59309,59310,59311,59312,59313,59314,59315,59316,59317,59318,59319,59320,59321,59322,59323,59324,59325,59326,59327,59328,59329,59330,59331,59332,59333,59334,59335,59336,59337,59338,59339,59340,59341,59342,59343,59344,59345,59346,59347,59348,59349,59350,59351,59352,59353,59354,59356,59357,59358,59359,59360,59361,59363,59364,59365,59366,59367,59368,59369,59370,59371,59372,59374,59375,59377,59378,59379,59381,59382,59383,59384,59385,59386,59387,59388,59389,59390,59391,59392,59393,59394,59395,59396,59397,59398,59399,59400,59401,59402,59403,59405,59406,59407,59408,59409,59410,59411,59412,59413,59414,59415,59416,59418,59419,59420,59421,59422,59423,59424,59425,59426,59427,59428,59429,59430,59431,59432,59433,59434,59435,59436,59437,59438,59439,59440,59441,59442,59443,59444,59445,59446,59447,59448,59449,59450,59451,59452,59453,59454,59455,59456,59457,59458,59459,59461,59462,59463,59464,59465,59466,59467,59468,59469,59470,59471,59472,59473,59474,59475,59476,59477,59478,59479,59480,59481,59482,59483,59484,59485,59486,59487,59488,59489,59490,59491,59492,59493,59494,59495,59496,59497,59498,59499,59500,59501,59502,59503,59504,59505,59506,59507,59508,59509,59511,59512,59513,59514,59515,59516,59517,59518,59519,59520,59521,59522,59523,59524,59525,59526,59527,59528,59529,59530,59531,59532,59533,59534,59535,59536,59537,59538,59539,59541,59542,59543,59544,59545,59546,59547,59548,59549,59550,59551,59552,59553,59554,59555,59556,59557,59558,59559,59560,59562,59563,59564,59565,59566,59567,59568,59569,59570,59571,59572,59573,59574,59575,59576,59577,59578,59579,59580,59581,59582,59583,59584,59585,59586,59587,59588,59589,59590,59591,59592,59593,59594,59595,59596,59597,59598,59599,59600,59601,59602,59603,59604,59605,59606,59607,59608,59609,59610,59611,59612,59613,59614,59615,59616,59617,59618,59619,59620,59622,59623,59624,59625,59626,59627,59628,59629,59630,59631,59632,59633,59634,59635,59636,59637,59638,59639,59640,59641,59642,59643,59645,59646,59647,59648,59649,59650,59651,59652,59653,59654,59655,59656,59657,59658,59659,59660,59661,59662,59663,59664,59665,59666,59667,59668,59669,59670,60001,60002,60003,60004,60005,60006,60007,60008,60009,60010,60011,60012,60013,60014,60015,60016,60017,60019,60020,60021,60022,60023,60024,60025,60026,60027,60028,60029,60030,60031,60032,60033,60034,60035,60036,60037,60039,60040,60041,60042,60043,60044,60045,60046,60047,60048,60049,60050,60051,60052,60053,60054,60055,60056,60057,60058,60059,60060,60061,60062,60063,60064,60065,60066,60067,60068,60069,60070,60071,60072,60073,60074,60075,60076,60077,60078,60079,60081,60082,60083,60084,60085,60086,60087,60088,60089,60090,60091,60092,60093,60094,60095,60097,60098,60099,60100,60101,60102,60103,60104,60105,60106,60107,60108,60109,60110,60111,60112,60113,60114,60115,60116,60117,60118,60119,60120,60121,60122,60123,60124,60125,60126,60127,60128,60129,60130,60131,60132,60133,60134,60135,60136,60137,60138,60139,60140,60141,60142,60143,60144,60145,60146,60147,60148,60149,60150,60151,60152,60153,60154,60155,60156,60157,60158,60159,60160,60161,60162,60163,60164,60165,60166,60167,60168,60169,60170,60171,60172,60173,60174,60175,60176,60177,60178,60179,60180,60181,60182,60183,60184,60185,60186,60187,60188,60189,60190,60191,60192,60193,60194,60195,60196,60197,60198,60199,60200,60201,60203,60204,60205,60206,60207,60208,60209,60210,60211,60212,60213,60214,60215,60216,60217,60218,60219,60220,60221,60222,60223,60224,60225,60226,60227,60228,60229,60230,60231,60232,60233,60234,60235,60236,60237,60238,60239,60240,60241,60242,60243,60244,60245,60247,60248,60249,60250,60251,60252,60253,60254,60255,60256,60257,60258,60259,60260,60261,60262,60263,60264,60265,60267,60268,60269,60270,60271,60272,60273,60274,60275,60276,60277,60278,60279,60280,60281,60282,60283,60284,60285,60286,60287,60288,60289,60290,60291,60292,60293,60294,60295,60296,60297,60298,60299,60301,60302,60303,60304,60305,60306,60307,60308,60309,60310,60311,60312,60313,60314,60315,60316,60317,60318,60319,60320,60321,60322,60323,60324,60325,60326,60327,60328,60329,60330,60331,60332,60333,60334,60335,60336,60337,60338,60339,60340,60341,60342,60343,60344,60345,60346,60347,60348,60350,60351,60352,60353,60354,60355,60356,60357,60358,60359,60360,60361,60362,60363,60364,60365,60366,60367,60368,60369,60370,60371,60372,60373,60374,60375,60376,60377,60378,60379,60380,60381,60382,60383,60385,60386,60387,60388,60389,60390,60391,60392,60393,60394,60395,60396,60397,60398,60399,60400,60401,60402,60403,60404,60405,60406,60407,60408,60409,60410,60411,60412,60413,60414,60415,60416,60418,60420,60421,60422,60423,60424,60425,60426,60427,60428,60429,60430,60431,60432,60433,60434,60435,60436,60437,60438,60439,60440,60441,60442,60443,60444,60445,60446,60447,60448,60449,60450,60451,60452,60454,60456,60457,60458,60459,60460,60461,60462,60463,60464,60465,60466,60468,60469,60470,60471,60472,60473,60474,60476,60477,60478,60479,60480,60481,60482,60483,60484,60485,60486,60487,60488,60489,60490,60491,60492,60493,60494,60495,60496,60497,60498,60499,60500,60501,60502,60503,60504,60505,60506,60507,60508,60509,60510,60511,60512,60513,60514,60515,60516,60517,60518,60519,60520,60521,60522,60523,60524,60525,60526,60527,60528,60529,60530,60531,60533,60534,60535,60536,60537,60538,60539,60540,60541,60542,60543,60544,60545,60546,60547,60548,60549,60550,60551,60552,60553,60554,60555,60556,60557,60558,60559,60560,60561,60562,60563,60564,60565,60566,60567,60568,60569,60570,60571,60572,60573,60574,60575,60576,60577,60578,60579,60581,60582,60583,60584,60585,60586,60587,60588,60589,60590,60591,60592,60593,60594,60595,60596,60597,60598,60599,60600,60601,60602,60603,60604,60605,60608,60609,60610,60611,60612,60613,60614,60615,60616,60617,60618,60619,60620,60621,60622,60623,60624,60625,60626,60627,60628,60629,60630,60631,60632,60633,60634,60635,60636,60637,60638,60639,60640,60641,60642,60643,60644,60645,60646,60647,60648,60650,60651,60652,60653,60654,60655,60656,60657,60658,60659,60660,60661,60662,60663,60664,60665,60666,60667,60668,60669,60670,60671,60672,60673,60674,60675,60676,60677,60678,60679,60680,60681,60682,60683,60684,60685,60686,60687,60688,60689,60691,60692,60693,60695,60697,60698,60699,60700,60701,60702,60703,62001,62002,62003,62004,62005,62006,62007,62008,62009,62010,62011,62012,62013,62014,62015,62016,62017,62018,62019,62020,62021,62022,62023,62024,62025,62026,62027,62028,62029,62030,62031,62032,62033,62034,62035,62036,62037,62038,62039,62040,62041,62042,62043,62044,62045,62046,62047,62048,62049,62050,62051,62052,62053,62054,62055,62056,62057,62058,62059,62060,62061,62062,62063,62064,62065,62066,62067,62068,62069,62070,62071,62072,62073,62074,62075,62076,62077,62078,62079,62080,62081,62082,62083,62084,62085,62086,62087,62088,62089,62090,62091,62092,62093,62094,62095,62096,62097,62099,62100,62101,62102,62103,62104,62105,62106,62107,62108,62109,62111,62112,62113,62114,62115,62116,62117,62118,62119,62120,62121,62122,62123,62124,62125,62126,62127,62128,62129,62130,62131,62132,62133,62134,62135,62137,62138,62139,62140,62141,62142,62143,62144,62145,62146,62147,62148,62149,62150,62151,62152,62153,62154,62155,62156,62157,62158,62160,62161,62162,62163,62164,62165,62166,62167,62168,62169,62170,62171,62172,62173,62174,62175,62176,62177,62178,62179,62180,62181,62182,62183,62184,62185,62186,62187,62188,62189,62190,62191,62192,62193,62194,62195,62196,62197,62198,62199,62200,62201,62202,62203,62204,62205,62206,62207,62208,62209,62211,62212,62213,62214,62215,62216,62217,62218,62219,62220,62221,62222,62223,62224,62225,62227,62228,62229,62230,62231,62232,62233,62234,62235,62236,62237,62238,62239,62240,62241,62242,62243,62244,62245,62246,62247,62248,62249,62250,62251,62252,62253,62254,62255,62256,62257,62258,62259,62260,62261,62262,62263,62264,62265,62266,62267,62268,62269,62270,62271,62272,62273,62274,62275,62276,62277,62278,62279,62280,62281,62282,62283,62284,62285,62286,62288,62289,62290,62291,62292,62293,62295,62296,62297,62298,62299,62300,62301,62302,62303,62304,62306,62307,62308,62309,62310,62311,62312,62313,62314,62315,62316,62317,62318,62319,62320,62321,62322,62323,62324,62325,62326,62327,62328,62329,62330,62331,62332,62333,62334,62335,62336,62337,62338,62339,62340,62341,62342,62343,62344,62345,62346,62347,62348,62349,62350,62351,62352,62353,62354,62355,62356,62357,62358,62359,62360,62361,62362,62363,62364,62365,62366,62367,62368,62369,62370,62371,62372,62373,62374,62375,62376,62377,62378,62379,62380,62381,62382,62383,62384,62385,62386,62387,62388,62389,62390,62391,62392,62393,62395,62396,62397,62398,62399,62400,62401,62402,62403,62404,62405,62406,62407,62408,62409,62410,62411,62412,62413,62414,62415,62416,62418,62419,62421,62422,62423,62424,62425,62426,62427,62428,62429,62430,62432,62433,62434,62435,62436,62437,62438,62439,62440,62441,62442,62443,62444,62445,62446,62447,62448,62449,62450,62451,62452,62453,62454,62455,62456,62457,62458,62459,62460,62462,62463,62464,62465,62466,62467,62468,62469,62470,62471,62472,62473,62474,62475,62476,62477,62478,62479,62480,62481,62483,62484,62485,62486,62487,62488,62489,62490,62491,62492,62493,62494,62495,62496,62497,62498,62499,62500,62501,62502,62503,62504,62505,62506,62507,62508,62509,62510,62511,62512,62513,62514,62515,62516,62517,62518,62519,62520,62521,62522,62523,62524,62525,62526,62527,62528,62529,62530,62531,62532,62533,62534,62535,62536,62537,62538,62539,62540,62541,62542,62543,62544,62545,62546,62547,62548,62550,62551,62552,62553,62554,62555,62556,62557,62558,62559,62560,62561,62562,62563,62564,62565,62566,62567,62568,62569,62570,62571,62572,62573,62574,62576,62577,62578,62579,62580,62581,62582,62583,62584,62585,62586,62587,62588,62589,62590,62591,62592,62593,62594,62595,62596,62597,62598,62599,62600,62601,62602,62603,62604,62605,62606,62607,62608,62609,62610,62611,62612,62613,62614,62615,62616,62617,62618,62619,62620,62621,62622,62623,62624,62625,62626,62627,62628,62629,62630,62631,62632,62633,62634,62635,62636,62637,62638,62639,62640,62641,62642,62643,62644,62645,62646,62647,62648,62649,62650,62651,62652,62653,62654,62655,62656,62657,62658,62659,62660,62661,62662,62663,62664,62665,62666,62667,62668,62669,62670,62671,62672,62673,62674,62675,62676,62677,62678,62679,62680,62681,62682,62683,62684,62685,62686,62688,62689,62690,62691,62692,62693,62694,62695,62696,62697,62698,62699,62700,62701,62702,62703,62704,62705,62706,62708,62709,62710,62711,62712,62713,62714,62715,62716,62717,62718,62719,62720,62721,62722,62723,62724,62725,62726,62727,62728,62729,62730,62731,62732,62733,62734,62735,62736,62737,62738,62739,62740,62741,62742,62744,62745,62746,62747,62748,62749,62750,62751,62752,62753,62754,62755,62756,62757,62758,62759,62760,62761,62762,62763,62764,62765,62766,62767,62768,62769,62770,62771,62772,62773,62774,62775,62776,62777,62778,62779,62780,62781,62782,62783,62784,62785,62786,62787,62788,62789,62790,62791,62792,62793,62794,62795,62796,62797,62798,62799,62800,62801,62802,62803,62804,62805,62806,62808,62809,62810,62811,62812,62813,62814,62815,62816,62817,62818,62819,62820,62821,62822,62823,62824,62825,62826,62827,62828,62829,62830,62831,62832,62833,62834,62835,62836,62837,62838,62839,62840,62841,62842,62843,62844,62845,62846,62847,62848,62849,62850,62851,62852,62853,62854,62855,62856,62857,62858,62859,62860,62861,62862,62863,62864,62865,62866,62867,62868,62869,62870,62871,62872,62873,62874,62875,62876,62877,62878,62879,62880,62881,62882,62883,62885,62886,62887,62888,62889,62890,62891,62892,62893,62894,62895,62896,62897,62898,62899,62900,62901,62902,62903,62904,62905,62906,62907,62908,62909,80001,80002,80003,80004,80005,80006,80008,80009,80010,80011,80013,80014,80015,80016,80017,80018,80019,80020,80021,80022,80023,80024,80025,80026,80027,80028,80029,80030,80031,80032,80033,80034,80035,80036,80037,80038,80039,80040,80041,80042,80043,80044,80045,80046,80047,80048,80049,80050,80051,80052,80053,80054,80055,80056,80057,80058,80059,80060,80061,80062,80063,80064,80065,80066,80067,80068,80069,80070,80071,80073,80074,80076,80077,80078,80079,80080,80081,80082,80083,80084,80085,80086,80087,80088,80089,80090,80092,80093,80094,80095,80096,80097,80098,80099,80100,80101,80102,80103,80104,80105,80106,80107,80108,80109,80110,80112,80113,80114,80115,80116,80117,80118,80119,80120,80121,80122,80123,80124,80125,80126,80127,80128,80129,80130,80131,80132,80133,80134,80135,80136,80137,80138,80139,80140,80141,80142,80143,80144,80145,80146,80147,80148,80149,80150,80151,80152,80153,80154,80155,80156,80157,80158,80159,80160,80161,80162,80163,80164,80165,80166,80167,80168,80169,80170,80171,80172,80173,80174,80176,80177,80179,80180,80181,80182,80183,80184,80185,80186,80187,80188,80189,80190,80191,80192,80193,80194,80195,80196,80197,80198,80199,80200,80201,80202,80203,80204,80205,80206,80207,80208,80210,80211,80212,80213,80214,80215,80216,80217,80218,80219,80220,80221,80222,80223,80224,80225,80226,80227,80228,80229,80230,80231,80232,80233,80234,80235,80236,80237,80238,80239,80240,80241,80242,80243,80244,80245,80246,80247,80248,80249,80250,80251,80252,80253,80256,80258,80259,80260,80261,80262,80263,80264,80265,80266,80267,80268,80269,80270,80271,80272,80273,80274,80275,80276,80278,80279,80280,80281,80282,80283,80284,80285,80287,80288,80290,80291,80292,80293,80294,80295,80296,80297,80298,80299,80300,80301,80302,80303,80304,80305,80306,80307,80308,80310,80311,80312,80313,80314,80315,80316,80317,80318,80319,80320,80321,80322,80324,80325,80326,80327,80328,80329,80330,80331,80332,80333,80334,80335,80336,80337,80338,80339,80340,80341,80342,80343,80344,80345,80346,80347,80348,80349,80350,80351,80352,80353,80354,80355,80356,80357,80358,80359,80360,80361,80362,80364,80365,80366,80367,80368,80369,80371,80372,80373,80374,80375,80376,80377,80378,80379,80380,80381,80383,80384,80385,80386,80387,80388,80390,80391,80392,80393,80395,80396,80397,80399,80400,80401,80402,80403,80404,80405,80406,80407,80408,80409,80410,80411,80412,80413,80414,80415,80416,80417,80418,80420,80421,80422,80423,80424,80425,80426,80427,80428,80429,80430,80431,80432,80433,80434,80435,80436,80437,80438,80439,80440,80442,80443,80444,80445,80446,80449,80450,80451,80452,80453,80455,80456,80458,80459,80460,80461,80462,80463,80464,80465,80466,80467,80468,80469,80470,80472,80473,80474,80475,80476,80477,80478,80479,80480,80481,80482,80484,80485,80486,80487,80488,80489,80490,80491,80493,80494,80495,80496,80497,80498,80499,80500,80501,80502,80503,80504,80505,80507,80508,80509,80511,80512,80513,80514,80515,80516,80517,80518,80519,80520,80521,80522,80523,80524,80525,80526,80527,80528,80529,80530,80531,80533,80535,80536,80537,80538,80540,80541,80542,80543,80544,80545,80546,80547,80548,80549,80550,80552,80553,80554,80555,80556,80557,80558,80559,80560,80561,80562,80563,80565,80566,80568,80569,80570,80571,80572,80573,80574,80575,80576,80577,80578,80579,80580,80582,80583,80584,80585,80586,80587,80588,80589,80590,80591,80592,80593,80595,80596,80597,80598,80599,80600,80601,80602,80603,80604,80605,80606,80607,80609,80611,80613,80614,80615,80616,80617,80618,80619,80620,80621,80622,80623,80624,80625,80626,80627,80628,80629,80630,80631,80632,80633,80634,80635,80637,80638,80639,80640,80642,80643,80644,80645,80646,80647,80648,80649,80650,80651,80652,80654,80655,80656,80657,80658,80659,80661,80662,80663,80664,80665,80666,80667,80668,80669,80670,80671,80672,80673,80674,80675,80676,80677,80678,80679,80680,80681,80682,80683,80684,80685,80686,80687,80688,80690,80691,80692,80693,80694,80695,80696,80697,80698,80699,80700,80701,80702,80703,80704,80705,80706,80707,80708,80709,80710,80711,80713,80714,80716,80717,80718,80719,80721,80722,80723,80724,80725,80726,80728,80729,80730,80732,80733,80734,80735,80736,80737,80738,80740,80741,80742,80743,80744,80746,80747,80748,80749,80750,80751,80752,80753,80754,80755,80756,80757,80758,80759,80760,80762,80763,80764,80765,80766,80767,80769,80770,80771,80773,80774,80775,80776,80777,80778,80779,80780,80781,80782,80783,80784,80785,80786,80787,80788,80789,80790,80791,80792,80793,80794,80795,80796,80797,80798,80799,80800,80801,80802,80803,80804,80805,80806,80807,80808,80809,80810,80811,80812,80813,80814,80815,80819,80820,80821,80822,80823,80824,80825,80826,80827,80828,80829,80832,80833,80834,80835,80836}","",2026-03-24 14:41:32.274366+01,gold_establishments_2025,,,,13000725500016,2025,Services de l'Etat,Région,"['Aisne', 'Nord', 'Oise', 'Pas-de-Calais', 'Somme']",['Hauts-de-France'],DRFIP,"{02,59,60,62,80}",{32}
58fa31cc-b7ab-4f00-b911-079bb3ca66de,130013329,DRFIP La Réunion,false,"{97401,97402,97403,97404,97405,97406,97407,97408,97409,97410,97411,97412,97413,97414,97415,97416,97417,97418,97419,97420,97421,97422,97423,97424}","",2026-03-24 14:41:32.274366+01,gold_establishments_2025,,,,13001332900011,2025,Services de l'Etat,Région,['La Réunion'],['La Réunion'],DRFIP,{974},{04}
66b0bb5f-2b13-4b72-8d50-62dea16ceba6,130010051,DRFIP Martinique,false,"{97201,97202,97203,97204,97205,97206,97207,97208,97209,97210,97211,97212,97213,97214,97215,97216,97217,97218,97219,97220,97221,97222,97223,97224,97225,97226,97227,97228,97229,97230,97231,97232,97233,97234}","",2026-03-24 14:41:32.274366+01,gold_establishments_2025,,,,13001005100014,2025,Services de l'Etat,Région,['Martinique'],['Martinique'],DRFIP,{972},{02}
eb20970c-26e5-436b-a4ea-8959f72707ea,130017379,DRFIP Mayotte,false,"{97601,97602,97603,97604,97605,97606,97607,97608,97609,97610,97611,97612,97613,97614,97615,97616,97617}","",2026-03-24 14:41:32.274366+01,gold_establishments_2025,,,,13001737900012,2025,Services de l'Etat,Région,['Mayotte'],['Mayotte'],DRFIP,{976},{06}
1b580d6b-237b-43ad-97f9-e84d328d7eca,130008360,DRFIP Normandie,false,"{14001,14003,14005,14006,14007,14009,14012,14014,14015,14016,14019,14020,14021,14022,14023,14024,14025,14026,14027,14030,14032,14033,14034,14035,14036,14037,14038,14039,14040,14041,14042,14043,14044,14045,14046,14047,14049,14050,14053,14054,14055,14057,14059,14060,14061,14062,14063,14064,14066,14068,14069,14070,14076,14077,14078,14079,14080,14082,14083,14084,14085,14086,14087,14088,14089,14090,14091,14092,14093,14096,14097,14098,14100,14101,14102,14103,14104,14106,14107,14110,14111,14116,14117,14118,14119,14120,14121,14122,14123,14124,14125,14126,14127,14130,14131,14132,14134,14135,14136,14137,14138,14140,14141,14143,14145,14146,14147,14149,14150,14159,14160,14161,14162,14163,14165,14166,14167,14168,14169,14171,14172,14173,14174,14175,14177,14179,14180,14181,14182,14183,14184,14190,14191,14193,14194,14195,14196,14197,14198,14200,14202,14203,14204,14205,14206,14207,14209,14211,14214,14215,14216,14218,14220,14221,14223,14224,14225,14226,14227,14228,14229,14230,14231,14232,14236,14237,14238,14239,14240,14241,14242,14243,14244,14245,14246,14248,14249,14250,14251,14252,14254,14256,14257,14258,14260,14261,14266,14269,14270,14271,14272,14273,14274,14275,14276,14277,14278,14280,14281,14282,14283,14284,14285,14286,14287,14288,14289,14290,14291,14293,14297,14298,14299,14301,14302,14303,14304,14305,14306,14308,14309,14310,14311,14312,14316,14318,14319,14320,14322,14325,14326,14327,14328,14329,14332,14333,14334,14335,14336,14337,14338,14341,14342,14343,14344,14345,14346,14347,14348,14349,14352,14353,14354,14355,14357,14358,14360,14362,14364,14365,14366,14367,14368,14369,14370,14371,14374,14375,14377,14378,14379,14380,14381,14383,14384,14385,14389,14390,14391,14393,14394,14396,14397,14398,14399,14400,14401,14402,14403,14404,14405,14406,14407,14408,14409,14410,14411,14412,14419,14421,14424,14425,14426,14427,14430,14431,14435,14436,14437,14438,14439,14445,14446,14448,14449,14452,14453,14454,14455,14456,14457,14458,14460,14461,14465,14466,14467,14468,14469,14473,14474,14475,14476,14478,14480,14482,14483,14484,14486,14487,14488,14491,14492,14494,14495,14496,14497,14498,14499,14500,14501,14502,14504,14506,14509,14510,14511,14512,14514,14515,14516,14519,14520,14522,14524,14527,14528,14529,14530,14531,14533,14534,14535,14536,14538,14540,14541,14542,14543,14546,14547,14550,14552,14554,14555,14556,14557,14558,14559,14562,14563,14565,14566,14569,14570,14571,14572,14574,14575,14576,14578,14579,14582,14586,14587,14588,14589,14590,14591,14592,14593,14595,14598,14601,14602,14603,14605,14606,14607,14609,14610,14613,14614,14619,14620,14621,14622,14625,14626,14627,14630,14635,14637,14639,14640,14643,14644,14645,14646,14648,14649,14650,14651,14652,14654,14656,14657,14658,14659,14660,14661,14663,14664,14665,14666,14667,14668,14669,14672,14674,14675,14676,14677,14678,14679,14680,14681,14682,14684,14685,14687,14689,14692,14694,14698,14699,14700,14701,14705,14706,14707,14708,14709,14710,14711,14712,14713,14714,14715,14716,14719,14720,14721,14723,14724,14726,14728,14731,14732,14733,14734,14735,14737,14738,14739,14740,14741,14742,14743,14744,14745,14747,14748,14751,14752,14753,14754,14755,14756,14758,14759,14760,14761,14762,14764,27001,27002,27003,27004,27005,27006,27008,27009,27010,27011,27012,27013,27014,27015,27016,27017,27018,27019,27020,27021,27022,27023,27025,27026,27027,27028,27031,27032,27033,27034,27035,27036,27037,27038,27039,27040,27042,27043,27044,27045,27046,27047,27048,27049,27050,27051,27052,27053,27054,27055,27056,27057,27059,27061,27062,27063,27064,27065,27066,27067,27068,27069,27070,27071,27072,27073,27074,27075,27076,27077,27078,27079,27081,27082,27083,27085,27089,27090,27091,27094,27095,27096,27097,27098,27099,27100,27101,27102,27103,27104,27105,27106,27107,27108,27109,27110,27111,27112,27113,27114,27115,27116,27117,27118,27119,27120,27123,27124,27125,27126,27127,27129,27130,27132,27133,27134,27135,27136,27137,27138,27139,27140,27141,27142,27144,27146,27147,27148,27149,27151,27152,27153,27154,27155,27156,27157,27158,27161,27162,27163,27164,27165,27167,27168,27169,27170,27171,27173,27174,27176,27177,27179,27180,27181,27182,27183,27184,27185,27187,27188,27189,27190,27191,27192,27193,27194,27196,27198,27199,27200,27201,27202,27203,27204,27205,27206,27207,27208,27209,27210,27212,27213,27214,27215,27216,27217,27218,27219,27220,27222,27224,27226,27227,27228,27229,27230,27231,27232,27233,27234,27235,27237,27238,27239,27240,27241,27242,27243,27245,27246,27247,27248,27249,27251,27252,27254,27256,27258,27259,27260,27261,27263,27266,27267,27269,27271,27273,27275,27276,27277,27278,27279,27280,27281,27282,27284,27285,27286,27287,27288,27289,27290,27291,27294,27295,27298,27299,27300,27301,27302,27304,27306,27307,27309,27310,27311,27312,27313,27315,27316,27317,27318,27319,27320,27321,27322,27323,27324,27325,27326,27327,27329,27330,27331,27332,27333,27334,27335,27336,27337,27338,27339,27340,27341,27342,27343,27345,27346,27347,27348,27349,27350,27351,27353,27354,27355,27358,27359,27360,27361,27363,27364,27365,27366,27367,27368,27369,27370,27371,27372,27373,27374,27375,27376,27377,27378,27379,27380,27381,27382,27383,27384,27385,27386,27388,27389,27390,27391,27392,27393,27394,27395,27396,27397,27398,27399,27400,27401,27403,27404,27405,27406,27407,27408,27410,27411,27412,27413,27414,27415,27417,27418,27419,27420,27421,27422,27423,27424,27425,27426,27427,27428,27429,27430,27431,27432,27433,27434,27435,27436,27437,27438,27439,27440,27441,27442,27444,27445,27446,27447,27448,27451,27453,27454,27455,27456,27457,27458,27459,27460,27462,27463,27464,27465,27466,27467,27468,27469,27470,27471,27472,27473,27474,27475,27476,27477,27478,27480,27481,27482,27483,27485,27486,27487,27488,27489,27490,27492,27493,27495,27496,27497,27498,27500,27501,27502,27504,27505,27507,27508,27511,27512,27514,27516,27517,27518,27520,27521,27522,27524,27525,27527,27528,27529,27530,27531,27533,27534,27535,27536,27537,27538,27539,27540,27541,27542,27543,27544,27545,27546,27547,27548,27550,27552,27553,27554,27555,27556,27557,27558,27560,27561,27562,27563,27564,27565,27567,27568,27569,27570,27571,27572,27576,27577,27578,27579,27580,27582,27584,27586,27587,27589,27590,27591,27592,27593,27594,27595,27597,27598,27599,27601,27602,27603,27604,27605,27606,27608,27609,27610,27611,27612,27613,27614,27615,27616,27617,27618,27620,27621,27622,27623,27624,27625,27627,27629,27630,27631,27632,27633,27635,27638,27640,27641,27643,27644,27645,27646,27649,27650,27652,27654,27655,27656,27658,27659,27660,27661,27662,27663,27664,27665,27666,27667,27668,27669,27670,27671,27672,27673,27674,27676,27677,27678,27679,27680,27681,27682,27683,27684,27685,27686,27689,27690,27691,27692,27693,27694,27695,27696,27697,27698,27699,27700,27701,50002,50003,50004,50006,50008,50013,50016,50019,50021,50022,50023,50024,50025,50026,50027,50028,50029,50030,50031,50032,50033,50034,50036,50038,50039,50040,50041,50042,50044,50045,50046,50048,50049,50050,50052,50054,50055,50058,50059,50060,50062,50064,50066,50069,50070,50072,50074,50076,50077,50078,50079,50081,50082,50083,50084,50085,50086,50087,50088,50090,50092,50093,50094,50095,50096,50097,50098,50099,50101,50102,50105,50106,50108,50109,50110,50111,50112,50115,50117,50118,50120,50121,50124,50126,50129,50130,50135,50137,50138,50139,50142,50143,50144,50145,50146,50147,50148,50149,50150,50151,50152,50155,50156,50158,50159,50161,50162,50164,50165,50166,50167,50168,50169,50172,50174,50175,50176,50177,50178,50181,50182,50183,50184,50185,50186,50188,50190,50192,50193,50194,50195,50196,50197,50198,50199,50200,50205,50207,50208,50209,50210,50214,50215,50216,50217,50218,50219,50221,50222,50225,50227,50228,50229,50230,50231,50232,50233,50234,50235,50236,50237,50238,50239,50240,50241,50243,50246,50247,50251,50252,50253,50256,50258,50259,50260,50261,50262,50263,50265,50266,50267,50268,50269,50270,50271,50272,50273,50274,50275,50276,50277,50278,50279,50281,50282,50283,50285,50288,50289,50290,50291,50292,50294,50295,50296,50297,50298,50299,50300,50302,50304,50305,50310,50311,50312,50315,50317,50321,50324,50326,50327,50328,50332,50334,50335,50336,50338,50340,50341,50342,50345,50347,50349,50350,50351,50352,50353,50356,50357,50359,50360,50361,50362,50363,50364,50365,50368,50369,50370,50371,50372,50373,50374,50376,50378,50379,50382,50384,50387,50388,50389,50390,50391,50393,50394,50395,50397,50398,50399,50400,50401,50402,50403,50405,50407,50408,50409,50410,50411,50412,50413,50417,50419,50420,50421,50422,50423,50425,50426,50428,50429,50430,50431,50433,50435,50436,50437,50442,50443,50444,50445,50446,50447,50448,50450,50451,50452,50453,50454,50455,50456,50457,50461,50462,50463,50464,50467,50468,50469,50471,50472,50473,50474,50475,50476,50478,50479,50480,50481,50482,50483,50484,50486,50487,50488,50489,50490,50491,50492,50493,50495,50496,50498,50499,50500,50502,50504,50505,50506,50507,50509,50510,50511,50512,50513,50514,50517,50518,50519,50521,50522,50523,50525,50528,50529,50531,50532,50533,50535,50536,50537,50538,50539,50540,50541,50542,50543,50546,50548,50549,50550,50551,50552,50553,50554,50556,50562,50563,50564,50565,50567,50568,50569,50570,50571,50572,50574,50575,50576,50577,50578,50579,50580,50582,50584,50585,50587,50588,50589,50590,50591,50592,50593,50594,50596,50597,50598,50599,50601,50603,50604,50606,50607,50609,50610,50612,50613,50615,50616,50617,50618,50619,50621,50624,50626,50628,50629,50633,50634,50637,50639,50641,50643,50647,50648,61001,61002,61005,61006,61007,61008,61010,61011,61012,61013,61014,61015,61018,61020,61021,61023,61024,61026,61028,61029,61030,61032,61034,61035,61036,61037,61038,61039,61040,61041,61043,61044,61046,61048,61049,61050,61051,61052,61053,61054,61055,61056,61060,61061,61062,61063,61064,61066,61067,61068,61069,61070,61071,61072,61074,61075,61076,61077,61078,61079,61080,61081,61082,61084,61085,61086,61087,61088,61089,61091,61092,61093,61094,61095,61096,61097,61098,61099,61100,61101,61102,61103,61104,61105,61107,61108,61111,61113,61114,61116,61117,61118,61120,61121,61122,61123,61124,61126,61129,61130,61133,61137,61138,61139,61140,61141,61142,61143,61145,61146,61148,61149,61150,61151,61152,61153,61156,61158,61159,61160,61162,61163,61164,61165,61166,61167,61168,61169,61170,61171,61176,61178,61180,61181,61182,61183,61187,61189,61190,61193,61194,61195,61196,61197,61198,61199,61202,61203,61206,61207,61208,61209,61210,61211,61212,61213,61214,61215,61216,61217,61218,61219,61221,61222,61224,61225,61227,61228,61229,61230,61232,61233,61234,61237,61238,61240,61241,61242,61243,61244,61248,61251,61252,61255,61256,61257,61258,61259,61260,61261,61262,61263,61264,61265,61266,61267,61268,61269,61271,61272,61273,61274,61275,61276,61277,61278,61279,61281,61283,61284,61286,61287,61288,61289,61290,61291,61292,61293,61294,61295,61297,61298,61300,61301,61302,61303,61304,61307,61308,61309,61314,61316,61317,61319,61321,61322,61323,61324,61326,61327,61328,61329,61330,61331,61332,61333,61336,61339,61341,61342,61344,61345,61346,61347,61348,61349,61350,61351,61352,61357,61358,61360,61361,61362,61363,61365,61366,61367,61369,61370,61371,61372,61373,61374,61375,61376,61379,61381,61382,61384,61385,61386,61387,61388,61389,61390,61391,61392,61393,61394,61395,61396,61397,61398,61399,61400,61401,61402,61404,61405,61406,61407,61408,61411,61412,61413,61414,61415,61416,61418,61419,61420,61421,61422,61423,61424,61425,61426,61427,61429,61432,61433,61435,61436,61438,61439,61440,61442,61443,61444,61445,61446,61447,61448,61450,61451,61452,61453,61454,61456,61457,61459,61460,61461,61462,61463,61464,61466,61467,61472,61473,61474,61475,61476,61479,61480,61481,61482,61483,61484,61485,61486,61487,61488,61490,61491,61492,61493,61494,61497,61498,61499,61500,61501,61502,61503,61505,61507,61508,61510,61512,76001,76002,76004,76005,76006,76007,76008,76009,76010,76011,76012,76013,76014,76015,76016,76017,76018,76019,76020,76021,76022,76023,76024,76025,76026,76028,76029,76030,76032,76033,76034,76035,76036,76038,76039,76040,76041,76042,76043,76045,76046,76047,76048,76049,76050,76051,76052,76053,76054,76055,76056,76057,76058,76059,76060,76062,76063,76064,76065,76066,76067,76068,76069,76070,76071,76072,76074,76075,76076,76077,76079,76082,76083,76084,76085,76086,76087,76088,76090,76091,76092,76093,76094,76095,76096,76097,76099,76100,76101,76103,76104,76105,76106,76107,76108,76109,76110,76111,76112,76113,76114,76115,76116,76117,76118,76119,76120,76121,76122,76123,76124,76125,76126,76128,76129,76130,76131,76132,76133,76134,76135,76136,76138,76139,76140,76141,76142,76143,76144,76146,76147,76148,76149,76151,76152,76153,76154,76155,76156,76157,76158,76159,76160,76161,76162,76163,76164,76165,76166,76167,76168,76169,76170,76171,76172,76173,76174,76175,76176,76177,76178,76179,76180,76181,76182,76183,76184,76185,76186,76187,76188,76189,76190,76192,76193,76194,76195,76196,76197,76198,76199,76200,76201,76202,76203,76204,76205,76206,76207,76208,76209,76210,76211,76212,76213,76214,76216,76217,76218,76219,76220,76221,76222,76223,76224,76225,76226,76227,76228,76229,76230,76231,76232,76233,76234,76235,76236,76237,76238,76239,76240,76241,76242,76243,76244,76245,76247,76249,76250,76251,76252,76253,76254,76255,76257,76258,76259,76260,76261,76262,76263,76264,76265,76266,76268,76269,76270,76271,76272,76273,76274,76275,76276,76278,76279,76280,76281,76282,76283,76284,76285,76286,76287,76288,76289,76290,76291,76292,76293,76294,76295,76296,76297,76298,76299,76300,76302,76303,76304,76305,76306,76307,76308,76309,76311,76312,76313,76314,76315,76316,76317,76318,76319,76320,76321,76322,76323,76324,76325,76327,76328,76329,76330,76331,76332,76333,76334,76335,76336,76338,76339,76340,76341,76342,76343,76344,76345,76346,76347,76348,76349,76350,76351,76352,76353,76354,76355,76356,76357,76359,76360,76361,76362,76363,76364,76365,76366,76367,76368,76369,76370,76371,76372,76373,76374,76375,76377,76378,76379,76380,76381,76382,76383,76384,76385,76386,76387,76388,76389,76390,76391,76392,76393,76394,76395,76396,76397,76398,76399,76400,76401,76402,76403,76404,76405,76406,76407,76408,76409,76410,76411,76412,76413,76414,76415,76416,76417,76418,76419,76420,76421,76422,76423,76424,76425,76426,76427,76428,76429,76430,76431,76432,76433,76434,76435,76436,76437,76438,76439,76440,76441,76442,76443,76445,76446,76447,76448,76449,76450,76451,76452,76453,76454,76455,76456,76457,76458,76459,76460,76461,76462,76463,76464,76465,76467,76468,76469,76470,76471,76472,76473,76474,76475,76476,76477,76478,76479,76480,76481,76482,76483,76484,76485,76486,76487,76488,76489,76490,76491,76492,76493,76494,76495,76497,76498,76499,76500,76501,76502,76503,76504,76505,76506,76507,76508,76509,76510,76511,76512,76513,76514,76515,76516,76517,76518,76519,76520,76521,76522,76523,76524,76526,76527,76528,76529,76530,76531,76532,76533,76534,76535,76536,76537,76538,76540,76541,76542,76543,76544,76545,76546,76547,76548,76549,76550,76551,76552,76553,76554,76555,76556,76557,76558,76559,76560,76561,76562,76563,76564,76565,76566,76567,76568,76569,76570,76571,76572,76573,76574,76575,76576,76577,76578,76580,76581,76582,76583,76584,76585,76586,76587,76588,76589,76590,76591,76592,76593,76594,76595,76596,76597,76598,76599,76600,76601,76602,76603,76604,76605,76606,76608,76609,76610,76611,76612,76613,76614,76615,76616,76617,76618,76619,76620,76621,76622,76623,76624,76626,76627,76628,76629,76630,76631,76632,76634,76635,76636,76637,76638,76640,76641,76642,76644,76645,76646,76647,76648,76649,76650,76651,76652,76653,76654,76655,76656,76657,76658,76660,76662,76663,76664,76665,76666,76667,76668,76669,76670,76671,76672,76673,76675,76676,76677,76678,76679,76680,76681,76682,76683,76684,76685,76686,76688,76689,76690,76691,76692,76693,76694,76695,76697,76698,76699,76700,76702,76703,76705,76706,76707,76708,76709,76710,76711,76712,76714,76715,76716,76717,76718,76719,76720,76721,76723,76724,76725,76726,76727,76728,76730,76731,76732,76733,76734,76735,76736,76737,76738,76739,76740,76741,76743,76744,76745,76746,76747,76748,76749,76750,76751,76752,76753,76754,76755,76756,76757,76758,76759}","",2026-03-24 14:41:32.274366+01,gold_establishments_2025,,,,13000836001326,2025,Services de l'Etat,Région,"['Calvados', 'Eure', 'Manche', 'Orne', 'Seine-Maritime']",['Normandie'],DRFIP,"{14,27,50,61,76}",{28}
4efa0bfc-e606-4936-a73c-9d4c76dc8e1a,130011042,DRFIP Nouvelle-Aquitaine,false,"{16001,16002,16003,16005,16007,16008,16009,16011,16012,16013,16014,16015,16016,16018,16019,16020,16023,16024,16025,16026,16027,16028,16029,16030,16031,16032,16034,16035,16036,16037,16038,16039,16040,16041,16042,16044,16045,16046,16047,16048,16049,16050,16052,16053,16054,16055,16056,16057,16058,16059,16060,16061,16062,16063,16064,16065,16066,16067,16068,16069,16070,16071,16072,16073,16074,16075,16076,16077,16078,16079,16081,16082,16083,16084,16085,16086,16087,16088,16089,16090,16091,16093,16095,16096,16097,16098,16099,16100,16101,16102,16103,16104,16105,16106,16107,16108,16109,16110,16111,16112,16113,16114,16116,16117,16118,16119,16120,16121,16122,16123,16124,16125,16127,16128,16130,16131,16132,16133,16134,16135,16136,16137,16138,16139,16141,16142,16143,16144,16145,16146,16148,16150,16151,16152,16153,16154,16155,16157,16158,16160,16161,16162,16163,16164,16165,16166,16167,16168,16169,16170,16171,16173,16174,16175,16176,16177,16178,16180,16181,16182,16183,16184,16185,16186,16187,16188,16189,16190,16191,16192,16193,16194,16195,16196,16197,16198,16199,16200,16203,16204,16205,16206,16207,16208,16209,16210,16211,16212,16213,16215,16216,16217,16218,16220,16221,16222,16223,16224,16225,16227,16229,16230,16231,16232,16233,16234,16236,16237,16239,16240,16241,16242,16243,16244,16245,16246,16248,16249,16250,16251,16252,16253,16254,16255,16256,16258,16260,16261,16263,16264,16267,16268,16269,16270,16271,16272,16273,16275,16276,16277,16279,16280,16281,16282,16283,16284,16285,16286,16287,16289,16290,16291,16292,16293,16295,16297,16298,16300,16301,16302,16303,16304,16306,16307,16308,16310,16312,16315,16316,16317,16318,16320,16321,16323,16325,16326,16329,16330,16331,16334,16335,16336,16337,16338,16339,16340,16341,16342,16343,16345,16346,16347,16348,16349,16350,16352,16353,16354,16356,16357,16358,16359,16360,16361,16362,16363,16364,16365,16366,16368,16369,16370,16372,16373,16374,16375,16377,16378,16379,16380,16381,16382,16383,16384,16385,16387,16388,16389,16390,16392,16393,16394,16395,16396,16397,16398,16399,16400,16401,16402,16403,16404,16405,16406,16408,16409,16412,16413,16414,16415,16416,16418,16419,16420,16421,16422,16423,16424,16425,17002,17003,17004,17005,17006,17007,17008,17009,17010,17011,17012,17013,17015,17016,17017,17018,17019,17020,17021,17022,17023,17024,17025,17026,17027,17028,17029,17030,17031,17032,17033,17034,17035,17036,17037,17038,17039,17041,17042,17043,17044,17045,17046,17047,17048,17049,17050,17051,17052,17053,17054,17055,17056,17057,17058,17059,17060,17061,17062,17063,17064,17065,17066,17067,17068,17069,17070,17071,17072,17073,17074,17075,17076,17077,17078,17079,17080,17081,17082,17083,17084,17085,17086,17087,17089,17091,17092,17093,17094,17095,17096,17097,17098,17099,17100,17101,17102,17104,17105,17106,17107,17108,17109,17110,17111,17112,17113,17114,17115,17116,17117,17118,17119,17120,17121,17122,17124,17125,17126,17127,17128,17129,17130,17131,17132,17133,17134,17135,17136,17137,17138,17139,17140,17141,17142,17143,17145,17146,17147,17148,17149,17150,17151,17152,17153,17154,17155,17156,17157,17158,17159,17160,17161,17162,17163,17164,17165,17166,17167,17168,17171,17172,17173,17174,17175,17176,17177,17178,17179,17180,17181,17182,17183,17184,17185,17186,17187,17188,17190,17191,17192,17193,17194,17195,17196,17197,17198,17199,17200,17201,17202,17203,17204,17205,17206,17207,17208,17209,17210,17211,17212,17213,17214,17215,17216,17217,17218,17219,17220,17221,17222,17223,17224,17225,17226,17227,17228,17229,17230,17231,17232,17233,17234,17235,17236,17237,17239,17240,17241,17242,17243,17244,17245,17246,17247,17248,17249,17250,17252,17253,17254,17255,17256,17257,17258,17259,17260,17261,17262,17263,17264,17265,17266,17267,17268,17269,17270,17271,17273,17274,17275,17276,17277,17278,17279,17280,17281,17282,17283,17284,17285,17286,17287,17288,17289,17290,17291,17292,17293,17294,17295,17296,17297,17298,17299,17300,17301,17302,17303,17304,17305,17306,17307,17308,17309,17310,17311,17312,17313,17314,17315,17316,17317,17318,17319,17320,17321,17322,17323,17324,17325,17326,17327,17328,17329,17330,17331,17332,17333,17335,17336,17337,17338,17339,17340,17341,17342,17343,17344,17345,17346,17347,17348,17349,17350,17351,17353,17354,17355,17356,17357,17358,17359,17360,17361,17362,17363,17364,17365,17366,17367,17369,17372,17373,17374,17375,17376,17377,17378,17379,17380,17381,17382,17383,17384,17385,17386,17387,17388,17389,17390,17391,17393,17394,17395,17396,17397,17398,17400,17401,17402,17403,17404,17405,17406,17407,17408,17409,17410,17411,17412,17413,17414,17415,17416,17417,17418,17420,17421,17422,17423,17424,17425,17426,17427,17428,17429,17430,17431,17432,17433,17434,17435,17436,17437,17438,17439,17440,17441,17442,17443,17444,17445,17446,17447,17448,17449,17450,17451,17452,17453,17454,17455,17457,17458,17459,17460,17461,17462,17463,17464,17465,17466,17467,17468,17469,17470,17471,17472,17473,17474,17476,17477,17478,17479,17480,17481,17482,17483,17484,17485,17486,19001,19002,19003,19004,19005,19006,19007,19008,19009,19010,19011,19012,19013,19014,19015,19016,19017,19018,19019,19020,19021,19022,19023,19024,19025,19026,19027,19028,19029,19030,19031,19033,19034,19035,19036,19037,19038,19039,19040,19041,19042,19043,19044,19045,19046,19047,19048,19049,19050,19051,19052,19053,19054,19055,19056,19057,19058,19059,19060,19061,19062,19063,19064,19065,19066,19067,19068,19069,19070,19071,19072,19073,19074,19075,19076,19077,19078,19079,19080,19081,19082,19083,19084,19085,19086,19087,19088,19089,19090,19091,19093,19094,19095,19096,19097,19098,19099,19100,19101,19102,19103,19104,19105,19106,19107,19108,19109,19110,19111,19112,19113,19114,19115,19116,19117,19118,19119,19120,19121,19122,19123,19124,19125,19126,19128,19129,19130,19131,19132,19133,19134,19135,19136,19137,19138,19139,19140,19141,19142,19143,19144,19145,19146,19147,19148,19149,19150,19151,19152,19153,19154,19155,19156,19157,19158,19159,19160,19161,19162,19163,19164,19165,19166,19167,19168,19169,19170,19171,19172,19173,19174,19175,19176,19177,19178,19179,19180,19181,19182,19184,19186,19187,19188,19189,19190,19191,19192,19193,19194,19195,19196,19198,19199,19200,19201,19202,19203,19204,19205,19206,19207,19208,19209,19210,19211,19212,19213,19214,19215,19216,19217,19219,19220,19221,19222,19225,19226,19227,19228,19229,19231,19232,19233,19234,19235,19236,19237,19238,19239,19240,19241,19242,19243,19244,19245,19246,19247,19248,19249,19250,19251,19252,19253,19254,19255,19256,19257,19258,19259,19260,19261,19262,19263,19264,19265,19266,19268,19269,19270,19271,19272,19273,19274,19275,19276,19277,19278,19279,19280,19281,19283,19284,19285,19286,19287,19288,19289,23001,23002,23003,23004,23005,23006,23007,23008,23009,23010,23011,23012,23013,23014,23015,23016,23017,23018,23019,23020,23021,23022,23024,23025,23026,23027,23028,23029,23030,23031,23032,23033,23034,23035,23036,23037,23038,23039,23040,23041,23042,23043,23044,23045,23046,23047,23048,23049,23050,23051,23052,23053,23054,23055,23056,23057,23058,23059,23060,23061,23062,23063,23064,23065,23066,23067,23068,23069,23070,23071,23072,23073,23074,23075,23076,23077,23078,23079,23080,23081,23082,23083,23084,23086,23087,23088,23089,23090,23091,23092,23093,23095,23096,23097,23098,23099,23100,23101,23102,23103,23104,23105,23106,23107,23108,23109,23110,23111,23112,23113,23114,23115,23116,23117,23118,23119,23120,23122,23123,23124,23125,23127,23128,23129,23130,23131,23132,23133,23134,23136,23137,23138,23139,23140,23141,23142,23143,23144,23145,23146,23147,23148,23149,23150,23151,23152,23154,23155,23156,23157,23158,23159,23160,23162,23164,23165,23166,23167,23168,23169,23170,23171,23172,23173,23174,23175,23176,23177,23178,23179,23180,23181,23182,23183,23184,23185,23186,23187,23188,23189,23190,23191,23192,23193,23194,23195,23196,23197,23198,23199,23200,23201,23202,23203,23204,23205,23206,23207,23208,23209,23210,23211,23212,23213,23214,23215,23216,23217,23218,23219,23220,23221,23222,23223,23224,23225,23226,23227,23228,23229,23230,23232,23233,23234,23235,23236,23237,23238,23239,23240,23241,23242,23243,23244,23245,23246,23247,23248,23249,23250,23251,23252,23253,23254,23255,23257,23258,23259,23260,23261,23262,23263,23264,23265,23266,24001,24002,24004,24005,24006,24007,24008,24009,24010,24011,24012,24014,24015,24016,24018,24019,24020,24021,24022,24023,24024,24025,24026,24027,24028,24029,24030,24031,24032,24034,24035,24036,24037,24038,24039,24040,24042,24043,24045,24046,24048,24050,24051,24052,24053,24054,24055,24056,24057,24058,24059,24060,24061,24062,24063,24064,24066,24067,24068,24069,24070,24071,24073,24074,24075,24076,24077,24080,24081,24082,24083,24084,24085,24086,24087,24088,24090,24091,24094,24095,24096,24097,24098,24100,24101,24102,24104,24105,24106,24107,24108,24109,24110,24111,24113,24114,24115,24116,24117,24119,24120,24121,24122,24123,24124,24126,24128,24129,24130,24131,24132,24133,24134,24135,24136,24137,24138,24139,24140,24141,24142,24143,24144,24145,24146,24147,24148,24150,24151,24152,24153,24154,24155,24156,24157,24158,24159,24160,24161,24162,24163,24164,24165,24167,24168,24171,24172,24174,24175,24176,24177,24179,24180,24182,24183,24184,24186,24188,24189,24190,24191,24192,24193,24194,24195,24196,24197,24199,24200,24202,24205,24206,24207,24208,24209,24210,24211,24212,24213,24214,24215,24216,24217,24218,24220,24221,24222,24223,24224,24225,24226,24227,24228,24229,24230,24231,24232,24234,24236,24237,24238,24240,24241,24242,24243,24244,24245,24246,24247,24248,24251,24252,24253,24254,24255,24256,24257,24259,24260,24261,24262,24263,24264,24266,24267,24268,24269,24271,24272,24273,24274,24276,24277,24278,24279,24280,24281,24282,24284,24285,24286,24287,24288,24289,24290,24291,24292,24293,24294,24295,24296,24297,24299,24300,24301,24302,24303,24304,24305,24306,24307,24308,24309,24311,24312,24313,24316,24317,24318,24319,24320,24321,24322,24323,24324,24325,24326,24327,24328,24329,24330,24331,24334,24335,24336,24337,24338,24339,24340,24341,24345,24346,24347,24348,24349,24350,24351,24352,24353,24354,24355,24356,24357,24359,24360,24361,24362,24364,24365,24366,24367,24370,24371,24372,24373,24374,24375,24376,24377,24378,24379,24380,24381,24382,24383,24384,24385,24386,24388,24390,24392,24393,24394,24395,24396,24397,24398,24399,24401,24403,24404,24405,24406,24407,24408,24409,24410,24411,24412,24413,24414,24415,24416,24417,24418,24419,24420,24421,24422,24423,24424,24425,24426,24428,24429,24432,24434,24436,24437,24438,24441,24442,24443,24444,24445,24446,24448,24449,24450,24451,24452,24453,24454,24455,24456,24457,24458,24459,24460,24461,24462,24463,24464,24465,24466,24468,24470,24471,24472,24473,24474,24476,24477,24478,24479,24480,24481,24482,24483,24484,24485,24486,24487,24488,24489,24490,24491,24492,24493,24494,24495,24496,24498,24499,24500,24501,24502,24504,24505,24507,24508,24509,24510,24511,24512,24513,24514,24515,24516,24517,24518,24519,24520,24521,24522,24523,24524,24525,24526,24527,24528,24529,24531,24532,24533,24534,24535,24536,24537,24538,24540,24541,24542,24543,24544,24545,24546,24547,24548,24549,24550,24551,24552,24553,24554,24555,24557,24558,24559,24560,24562,24563,24564,24565,24566,24567,24568,24569,24570,24571,24572,24573,24574,24575,24576,24577,24580,24581,24582,24584,24585,24586,24587,33001,33002,33003,33004,33005,33006,33007,33008,33009,33010,33011,33012,33013,33014,33015,33016,33017,33018,33019,33020,33021,33022,33023,33024,33025,33026,33027,33028,33029,33030,33031,33032,33033,33034,33035,33036,33037,33038,33039,33040,33042,33043,33044,33045,33046,33047,33048,33049,33050,33051,33052,33053,33054,33055,33056,33057,33058,33059,33060,33061,33062,33063,33064,33065,33066,33067,33068,33069,33070,33071,33072,33073,33074,33075,33076,33077,33078,33079,33080,33081,33082,33083,33084,33085,33086,33087,33088,33089,33090,33093,33094,33095,33096,33097,33098,33099,33100,33101,33102,33103,33104,33105,33106,33108,33109,33111,33112,33113,33114,33115,33116,33117,33118,33119,33120,33121,33122,33123,33124,33125,33126,33127,33128,33129,33130,33131,33132,33133,33134,33135,33136,33137,33138,33139,33140,33141,33142,33143,33144,33145,33146,33147,33148,33149,33150,33151,33152,33153,33154,33155,33156,33157,33158,33159,33160,33161,33162,33163,33164,33165,33166,33167,33168,33169,33170,33171,33172,33173,33174,33175,33176,33177,33178,33179,33180,33181,33182,33183,33184,33185,33186,33187,33188,33189,33190,33191,33192,33193,33194,33195,33196,33197,33198,33199,33200,33201,33202,33203,33204,33205,33206,33207,33208,33209,33210,33211,33212,33213,33214,33215,33216,33218,33219,33220,33221,33222,33223,33224,33225,33226,33227,33228,33229,33230,33231,33232,33233,33234,33235,33236,33237,33238,33239,33240,33241,33242,33243,33244,33245,33246,33247,33248,33249,33250,33251,33252,33253,33254,33255,33256,33257,33258,33259,33260,33261,33262,33263,33264,33266,33268,33269,33270,33271,33272,33273,33274,33275,33276,33277,33278,33279,33280,33281,33282,33283,33284,33285,33287,33288,33289,33290,33291,33292,33293,33294,33295,33296,33297,33298,33299,33300,33301,33302,33303,33304,33305,33306,33307,33308,33309,33310,33311,33312,33314,33315,33316,33317,33318,33319,33320,33321,33322,33323,33324,33325,33326,33327,33328,33329,33330,33331,33332,33333,33334,33335,33336,33337,33339,33341,33342,33343,33344,33345,33346,33347,33348,33349,33350,33351,33352,33353,33354,33355,33356,33357,33358,33359,33360,33361,33362,33363,33364,33365,33366,33367,33369,33370,33372,33373,33374,33375,33376,33377,33378,33379,33380,33381,33382,33383,33384,33385,33386,33387,33388,33389,33390,33391,33392,33393,33394,33395,33396,33397,33398,33399,33400,33401,33402,33403,33404,33405,33406,33407,33408,33411,33412,33413,33414,33415,33416,33417,33418,33419,33420,33421,33422,33423,33424,33425,33426,33427,33428,33429,33431,33432,33433,33434,33435,33436,33437,33438,33439,33440,33441,33442,33443,33444,33445,33446,33447,33448,33449,33450,33451,33452,33453,33454,33456,33457,33458,33459,33460,33461,33462,33463,33464,33465,33466,33467,33468,33470,33471,33472,33473,33474,33475,33476,33477,33478,33479,33480,33481,33482,33483,33484,33485,33486,33487,33488,33489,33490,33491,33492,33493,33494,33496,33498,33499,33500,33501,33502,33503,33504,33505,33506,33507,33508,33509,33510,33511,33512,33513,33514,33515,33516,33517,33518,33519,33520,33521,33522,33523,33524,33525,33526,33527,33528,33529,33530,33531,33532,33533,33534,33535,33536,33537,33538,33539,33540,33541,33542,33543,33544,33545,33546,33547,33548,33549,33550,33551,33552,33553,33554,33555,40001,40002,40003,40004,40005,40006,40007,40008,40011,40012,40013,40014,40015,40016,40017,40018,40019,40020,40021,40022,40023,40024,40025,40026,40027,40028,40029,40030,40031,40032,40033,40034,40035,40036,40037,40038,40039,40040,40041,40042,40043,40044,40046,40047,40049,40050,40051,40052,40053,40054,40055,40056,40057,40058,40059,40060,40061,40062,40063,40064,40065,40066,40067,40068,40069,40070,40071,40072,40073,40074,40075,40076,40077,40078,40079,40080,40081,40082,40083,40084,40085,40086,40087,40088,40089,40090,40091,40092,40093,40094,40095,40096,40097,40098,40099,40100,40101,40102,40103,40104,40105,40106,40108,40109,40110,40111,40112,40113,40114,40115,40116,40117,40118,40119,40120,40121,40122,40123,40124,40125,40126,40127,40128,40129,40130,40131,40132,40133,40134,40135,40136,40137,40138,40139,40140,40141,40142,40143,40144,40145,40146,40147,40148,40149,40150,40151,40152,40153,40154,40155,40156,40157,40158,40159,40160,40161,40162,40163,40164,40165,40166,40167,40168,40169,40170,40171,40172,40173,40174,40175,40176,40177,40178,40179,40180,40181,40182,40183,40184,40185,40186,40187,40188,40189,40190,40191,40192,40193,40194,40195,40196,40197,40198,40199,40200,40201,40202,40203,40204,40205,40206,40207,40208,40209,40210,40211,40212,40213,40214,40215,40216,40217,40218,40219,40220,40221,40222,40223,40224,40225,40226,40227,40228,40229,40230,40231,40232,40233,40234,40235,40236,40237,40238,40239,40240,40242,40243,40244,40245,40246,40247,40248,40249,40250,40251,40252,40253,40254,40255,40256,40257,40258,40259,40260,40261,40262,40263,40264,40265,40266,40267,40268,40269,40270,40271,40272,40273,40274,40275,40276,40277,40278,40279,40280,40281,40282,40283,40284,40285,40286,40287,40288,40289,40290,40291,40292,40293,40294,40295,40296,40297,40298,40299,40300,40301,40303,40304,40305,40306,40307,40308,40309,40310,40311,40312,40313,40314,40315,40316,40317,40318,40319,40320,40321,40322,40323,40324,40325,40326,40327,40328,40329,40330,40331,40332,40333,40334,47001,47002,47003,47004,47005,47006,47007,47008,47009,47010,47011,47012,47013,47014,47015,47016,47017,47018,47019,47020,47021,47022,47023,47024,47025,47026,47027,47028,47029,47030,47031,47032,47033,47034,47035,47036,47037,47038,47039,47040,47041,47042,47043,47044,47045,47046,47047,47048,47049,47050,47051,47052,47053,47054,47055,47056,47057,47058,47059,47060,47061,47062,47063,47064,47065,47066,47067,47068,47069,47070,47071,47072,47073,47074,47075,47076,47077,47078,47079,47080,47081,47082,47083,47084,47085,47086,47087,47088,47089,47090,47091,47092,47093,47094,47095,47096,47097,47098,47099,47100,47101,47102,47103,47104,47105,47106,47107,47108,47109,47110,47111,47112,47113,47114,47115,47117,47118,47119,47120,47121,47122,47123,47124,47125,47126,47127,47128,47129,47130,47131,47132,47133,47134,47135,47136,47137,47138,47139,47140,47141,47142,47143,47144,47145,47146,47147,47148,47150,47151,47152,47154,47155,47156,47157,47158,47159,47160,47161,47162,47163,47164,47165,47167,47168,47169,47170,47171,47172,47173,47174,47175,47176,47177,47178,47179,47180,47181,47182,47183,47184,47185,47186,47187,47188,47189,47190,47191,47192,47193,47194,47195,47196,47197,47198,47199,47200,47201,47202,47203,47204,47205,47206,47207,47208,47209,47210,47211,47212,47213,47214,47215,47216,47217,47218,47219,47220,47221,47222,47223,47224,47225,47226,47227,47228,47229,47230,47231,47232,47233,47234,47235,47236,47237,47238,47239,47240,47241,47242,47244,47245,47246,47247,47248,47249,47250,47251,47252,47253,47254,47255,47256,47257,47258,47259,47260,47262,47263,47264,47265,47266,47267,47269,47271,47272,47273,47274,47275,47276,47277,47278,47279,47280,47281,47282,47283,47284,47285,47286,47287,47288,47289,47290,47291,47292,47293,47294,47295,47296,47297,47298,47299,47300,47301,47302,47303,47304,47305,47306,47307,47308,47309,47310,47311,47312,47313,47314,47315,47316,47317,47318,47319,47320,47321,47323,47324,47325,47326,47327,47328,64001,64002,64003,64004,64005,64006,64007,64008,64009,64010,64011,64012,64013,64014,64015,64016,64017,64018,64019,64021,64022,64023,64024,64025,64026,64027,64028,64029,64031,64032,64033,64034,64035,64036,64037,64038,64039,64040,64041,64042,64043,64044,64045,64046,64047,64048,64049,64050,64051,64052,64053,64054,64056,64057,64058,64059,64060,64061,64062,64063,64064,64065,64066,64067,64068,64069,64070,64071,64072,64073,64074,64075,64077,64078,64079,64080,64081,64082,64083,64084,64085,64086,64087,64088,64089,64090,64091,64092,64093,64094,64095,64096,64097,64098,64099,64100,64101,64102,64103,64104,64105,64106,64107,64108,64109,64110,64111,64112,64113,64114,64115,64116,64117,64118,64119,64120,64121,64122,64123,64124,64125,64126,64127,64128,64129,64130,64131,64132,64133,64134,64135,64136,64137,64138,64139,64140,64141,64142,64143,64144,64145,64146,64147,64148,64149,64150,64151,64152,64153,64154,64155,64156,64157,64158,64159,64160,64161,64162,64165,64166,64167,64168,64170,64171,64172,64173,64174,64175,64176,64177,64178,64179,64180,64181,64182,64183,64184,64185,64186,64187,64188,64189,64190,64191,64192,64193,64194,64195,64196,64197,64198,64199,64200,64201,64202,64203,64204,64205,64206,64207,64208,64209,64210,64211,64212,64213,64214,64215,64216,64217,64218,64219,64220,64221,64222,64223,64224,64225,64226,64227,64228,64229,64230,64231,64232,64233,64234,64235,64236,64237,64238,64239,64240,64241,64242,64243,64244,64245,64246,64247,64249,64250,64251,64252,64253,64254,64255,64256,64257,64258,64259,64260,64261,64262,64263,64264,64265,64266,64267,64268,64269,64270,64271,64272,64273,64274,64275,64276,64277,64279,64280,64281,64282,64283,64284,64285,64286,64287,64288,64289,64290,64291,64292,64293,64294,64295,64296,64297,64298,64299,64300,64301,64302,64303,64304,64305,64306,64307,64308,64309,64310,64311,64312,64313,64314,64315,64316,64317,64318,64319,64320,64321,64322,64323,64324,64325,64326,64327,64328,64329,64330,64331,64332,64334,64335,64336,64337,64338,64339,64340,64341,64342,64343,64344,64345,64346,64347,64348,64349,64350,64351,64352,64353,64354,64355,64356,64357,64358,64359,64360,64361,64362,64363,64364,64365,64366,64367,64368,64369,64370,64371,64372,64373,64374,64375,64376,64377,64378,64379,64380,64381,64382,64383,64385,64386,64387,64388,64389,64390,64391,64392,64393,64394,64395,64396,64397,64398,64399,64400,64401,64403,64404,64405,64406,64407,64408,64409,64410,64411,64412,64413,64414,64415,64416,64417,64418,64419,64420,64421,64422,64423,64424,64425,64426,64427,64428,64429,64430,64431,64432,64433,64434,64435,64436,64437,64438,64439,64440,64441,64442,64443,64444,64445,64446,64447,64448,64449,64450,64451,64452,64453,64454,64455,64456,64457,64458,64459,64460,64461,64462,64463,64464,64465,64466,64467,64468,64469,64470,64471,64472,64473,64474,64475,64476,64477,64478,64479,64480,64481,64482,64483,64484,64485,64486,64487,64488,64489,64490,64491,64492,64493,64494,64495,64496,64498,64499,64500,64501,64502,64503,64504,64505,64506,64507,64508,64509,64510,64511,64512,64513,64514,64515,64516,64517,64518,64519,64520,64521,64522,64523,64524,64525,64526,64527,64528,64529,64530,64531,64532,64533,64534,64535,64536,64537,64538,64539,64540,64542,64543,64544,64545,64546,64547,64548,64549,64550,64551,64552,64554,64555,64556,64557,64558,64559,64560,79001,79002,79003,79005,79007,79008,79009,79010,79012,79013,79014,79015,79016,79018,79019,79020,79022,79023,79024,79025,79029,79030,79031,79032,79034,79038,79040,79042,79046,79047,79048,79049,79050,79055,79056,79057,79058,79059,79061,79062,79063,79064,79066,79069,79070,79071,79074,79076,79077,79078,79079,79080,79081,79083,79084,79085,79086,79087,79088,79089,79090,79091,79092,79094,79095,79096,79100,79101,79102,79103,79104,79105,79106,79108,79109,79111,79112,79114,79115,79116,79117,79118,79119,79120,79121,79122,79123,79124,79125,79126,79127,79128,79129,79130,79131,79132,79133,79134,79135,79136,79137,79139,79140,79141,79142,79144,79145,79147,79148,79149,79150,79152,79153,79154,79156,79157,79158,79159,79160,79161,79162,79163,79164,79165,79166,79167,79170,79172,79174,79175,79176,79177,79179,79183,79184,79185,79189,79190,79191,79195,79196,79197,79198,79200,79201,79202,79203,79204,79207,79208,79209,79210,79213,79215,79216,79217,79218,79220,79223,79225,79226,79229,79230,79231,79235,79236,79238,79239,79241,79242,79243,79244,79246,79249,79250,79251,79252,79253,79254,79255,79256,79257,79258,79259,79263,79265,79267,79268,79269,79270,79271,79273,79274,79276,79277,79278,79280,79281,79283,79284,79285,79286,79289,79290,79293,79294,79295,79297,79298,79299,79300,79301,79302,79303,79304,79306,79307,79308,79309,79310,79311,79312,79313,79316,79319,79320,79322,79326,79329,79331,79332,79334,79335,79336,79337,79338,79339,79340,79341,79342,79343,79345,79346,79347,79348,79349,79350,79351,79352,79354,79355,79357,86001,86002,86003,86004,86005,86006,86007,86008,86009,86010,86011,86012,86013,86014,86015,86016,86017,86018,86019,86020,86022,86023,86024,86025,86026,86027,86028,86029,86031,86032,86034,86035,86036,86037,86038,86039,86040,86041,86042,86044,86045,86046,86047,86048,86049,86050,86051,86052,86053,86054,86055,86058,86059,86061,86062,86063,86064,86065,86066,86068,86069,86070,86072,86073,86074,86075,86076,86077,86078,86079,86080,86081,86082,86083,86084,86085,86086,86087,86088,86089,86090,86091,86092,86093,86094,86095,86096,86097,86098,86099,86100,86102,86103,86104,86105,86106,86107,86108,86109,86110,86111,86112,86113,86114,86115,86116,86117,86118,86119,86120,86121,86122,86123,86124,86125,86126,86127,86128,86129,86130,86131,86132,86133,86134,86135,86136,86137,86138,86139,86140,86141,86142,86143,86144,86145,86147,86148,86149,86150,86151,86152,86153,86154,86156,86157,86158,86159,86160,86161,86162,86163,86164,86165,86167,86169,86170,86171,86172,86173,86174,86175,86176,86177,86178,86180,86181,86182,86183,86184,86186,86187,86189,86190,86191,86192,86193,86194,86195,86196,86197,86198,86200,86201,86202,86203,86204,86205,86206,86207,86209,86210,86211,86213,86214,86217,86218,86220,86221,86222,86223,86224,86225,86226,86227,86228,86229,86230,86233,86234,86235,86236,86237,86239,86241,86242,86244,86245,86246,86247,86248,86249,86250,86252,86253,86254,86255,86256,86257,86258,86260,86261,86262,86263,86264,86265,86266,86268,86269,86270,86271,86272,86273,86274,86275,86276,86279,86280,86281,86284,86285,86286,86287,86288,86289,86290,86291,86292,86293,86294,86295,86296,86297,86298,86299,86300,87001,87002,87003,87004,87005,87006,87007,87008,87009,87011,87012,87013,87014,87015,87016,87017,87018,87019,87020,87021,87022,87023,87024,87025,87027,87028,87029,87030,87031,87032,87033,87034,87035,87036,87037,87038,87039,87040,87041,87042,87043,87044,87045,87046,87047,87048,87049,87050,87051,87052,87053,87054,87056,87057,87058,87059,87060,87061,87062,87063,87064,87065,87066,87067,87068,87069,87070,87071,87072,87073,87074,87075,87076,87077,87078,87079,87080,87081,87082,87083,87084,87085,87086,87087,87088,87089,87090,87091,87092,87093,87094,87095,87096,87097,87099,87100,87101,87103,87104,87105,87106,87107,87108,87109,87110,87111,87112,87113,87114,87115,87116,87117,87118,87119,87120,87121,87122,87123,87124,87125,87126,87127,87128,87129,87130,87131,87132,87133,87134,87135,87137,87138,87139,87140,87141,87142,87143,87144,87145,87146,87147,87148,87149,87150,87151,87152,87153,87154,87155,87156,87157,87158,87159,87160,87161,87162,87163,87164,87165,87166,87167,87168,87169,87170,87172,87174,87176,87177,87178,87179,87180,87181,87182,87183,87185,87186,87187,87188,87189,87190,87191,87192,87193,87194,87195,87197,87198,87199,87200,87201,87202,87203,87204,87205,87206}","",2026-03-24 14:41:32.274366+01,gold_establishments_2025,,,,13001104200012,2025,Services de l'Etat,Région,"['Charente', 'Charente-Maritime', 'Corrèze', 'Creuse', 'Dordogne', 'Gironde', 'Landes', 'Lot-et-Garo",['Nouvelle-Aquitaine'],DRFIP,"{16,17,19,23,24,33,40,47,64,79,86,87}",{75}
1f23d42a-7672-41e9-82b2-f83212f00fc1,130008352,DRFIP Occitanie,false,"{09001,09002,09003,09004,09005,09006,09007,09008,09009,09011,09012,09013,09014,09015,09016,09017,09018,09019,09020,09021,09022,09023,09024,09025,09026,09027,09029,09030,09031,09032,09033,09034,09035,09037,09038,09039,09040,09041,09042,09043,09044,09045,09046,09047,09048,09049,09050,09051,09052,09053,09054,09055,09056,09057,09058,09059,09060,09061,09062,09063,09064,09065,09066,09067,09068,09069,09070,09071,09072,09073,09074,09075,09076,09077,09078,09079,09080,09081,09082,09083,09084,09085,09086,09087,09088,09089,09090,09091,09092,09093,09094,09095,09096,09097,09098,09099,09100,09101,09102,09103,09104,09105,09106,09107,09108,09109,09110,09111,09113,09114,09115,09116,09117,09118,09119,09120,09121,09122,09123,09124,09125,09126,09127,09128,09129,09130,09131,09132,09133,09134,09136,09137,09138,09139,09140,09141,09142,09143,09145,09146,09147,09148,09149,09150,09151,09152,09153,09154,09155,09156,09157,09158,09159,09160,09161,09162,09163,09164,09165,09166,09167,09168,09169,09170,09171,09172,09173,09174,09175,09176,09177,09178,09179,09180,09181,09182,09183,09184,09185,09186,09187,09188,09189,09190,09192,09193,09194,09195,09196,09197,09198,09199,09200,09201,09202,09203,09204,09205,09206,09207,09208,09209,09210,09211,09212,09213,09214,09215,09216,09217,09218,09219,09220,09221,09222,09223,09224,09225,09226,09227,09228,09229,09230,09231,09232,09233,09234,09235,09236,09237,09238,09239,09240,09241,09242,09243,09244,09245,09246,09247,09249,09250,09251,09252,09253,09254,09256,09257,09258,09259,09260,09261,09262,09263,09264,09265,09266,09267,09268,09269,09270,09271,09272,09273,09274,09275,09276,09277,09279,09280,09281,09282,09283,09284,09285,09289,09290,09291,09292,09293,09294,09295,09296,09297,09298,09299,09300,09301,09303,09304,09305,09306,09307,09308,09309,09310,09311,09312,09313,09314,09315,09316,09318,09319,09320,09321,09322,09323,09324,09325,09326,09327,09328,09329,09330,09331,09332,09334,09335,09336,09338,09339,09340,09341,09342,11001,11002,11003,11004,11005,11006,11007,11008,11009,11010,11011,11012,11013,11014,11015,11016,11017,11018,11019,11020,11021,11022,11023,11024,11025,11026,11027,11028,11029,11030,11031,11032,11033,11034,11035,11036,11037,11038,11039,11040,11041,11042,11043,11044,11045,11046,11047,11048,11049,11051,11052,11053,11054,11055,11056,11057,11058,11059,11060,11061,11062,11063,11064,11065,11066,11067,11068,11069,11070,11071,11072,11073,11074,11075,11076,11077,11078,11079,11080,11081,11082,11083,11084,11085,11086,11087,11088,11089,11090,11091,11092,11093,11094,11095,11096,11098,11099,11100,11101,11102,11103,11104,11105,11106,11107,11108,11109,11110,11111,11112,11113,11114,11115,11116,11117,11118,11119,11120,11121,11122,11123,11124,11125,11126,11127,11128,11129,11130,11131,11132,11133,11134,11135,11136,11137,11138,11139,11140,11141,11142,11143,11144,11145,11146,11147,11148,11149,11150,11151,11152,11153,11154,11155,11156,11157,11158,11159,11160,11161,11162,11163,11164,11165,11166,11167,11168,11169,11170,11172,11173,11174,11175,11176,11177,11178,11179,11180,11181,11182,11183,11184,11185,11186,11187,11188,11189,11190,11191,11192,11193,11194,11195,11196,11197,11198,11199,11200,11201,11202,11203,11204,11205,11206,11207,11208,11209,11210,11211,11212,11213,11214,11215,11216,11217,11218,11219,11220,11221,11222,11223,11224,11225,11226,11227,11228,11229,11230,11231,11232,11233,11234,11235,11236,11238,11239,11240,11241,11242,11243,11244,11245,11246,11247,11248,11249,11250,11251,11252,11253,11254,11255,11256,11257,11258,11259,11260,11261,11262,11263,11264,11265,11266,11267,11268,11269,11270,11271,11272,11273,11274,11275,11276,11277,11278,11279,11280,11281,11282,11283,11284,11285,11286,11287,11288,11289,11290,11291,11292,11293,11294,11295,11296,11297,11299,11300,11301,11302,11303,11304,11305,11306,11307,11308,11309,11310,11311,11312,11313,11314,11315,11316,11317,11318,11319,11320,11321,11322,11323,11324,11325,11326,11327,11328,11330,11331,11332,11333,11334,11335,11336,11337,11338,11339,11340,11341,11342,11343,11344,11345,11346,11347,11348,11350,11351,11352,11353,11354,11355,11356,11357,11358,11359,11360,11361,11362,11363,11364,11365,11366,11367,11368,11369,11370,11371,11372,11373,11374,11375,11376,11377,11378,11379,11380,11381,11382,11383,11384,11385,11386,11387,11388,11389,11390,11391,11392,11393,11394,11395,11396,11397,11398,11399,11400,11401,11402,11404,11405,11406,11407,11408,11409,11410,11411,11412,11413,11414,11415,11416,11417,11418,11419,11420,11421,11422,11423,11424,11425,11426,11427,11428,11429,11430,11431,11432,11433,11434,11435,11436,11437,11438,11439,11440,11441,12001,12002,12003,12004,12006,12007,12008,12009,12010,12011,12012,12013,12015,12016,12017,12018,12019,12021,12022,12023,12024,12025,12026,12027,12028,12029,12030,12031,12032,12033,12034,12035,12036,12037,12038,12039,12041,12042,12043,12044,12045,12046,12047,12048,12049,12050,12051,12052,12053,12054,12055,12056,12057,12058,12059,12060,12061,12062,12063,12064,12065,12066,12067,12068,12069,12070,12071,12072,12073,12074,12075,12077,12078,12079,12080,12082,12083,12084,12085,12086,12088,12089,12090,12091,12092,12093,12094,12095,12096,12097,12098,12099,12100,12101,12102,12103,12104,12105,12106,12107,12108,12109,12110,12111,12113,12115,12116,12118,12119,12120,12121,12122,12124,12125,12127,12128,12129,12130,12131,12133,12134,12135,12136,12137,12138,12139,12140,12141,12142,12143,12144,12145,12146,12147,12148,12149,12150,12151,12152,12153,12154,12155,12156,12157,12158,12159,12160,12161,12162,12163,12164,12165,12166,12167,12168,12169,12170,12171,12172,12174,12175,12176,12177,12178,12179,12180,12181,12182,12183,12184,12185,12186,12187,12188,12189,12190,12191,12192,12193,12194,12195,12197,12198,12199,12200,12201,12202,12203,12204,12205,12206,12207,12208,12209,12210,12211,12212,12213,12214,12215,12216,12217,12219,12220,12221,12222,12223,12224,12225,12226,12227,12228,12229,12230,12231,12232,12233,12234,12235,12236,12237,12238,12239,12240,12241,12242,12243,12244,12246,12247,12248,12249,12250,12251,12252,12253,12254,12255,12256,12257,12258,12259,12260,12261,12262,12263,12264,12265,12266,12267,12268,12269,12270,12272,12273,12274,12275,12276,12277,12278,12280,12281,12282,12283,12284,12286,12287,12288,12289,12290,12291,12292,12293,12294,12295,12296,12297,12298,12299,12300,12301,12303,12305,12307,30001,30002,30003,30004,30005,30006,30007,30008,30009,30010,30011,30012,30013,30014,30015,30016,30017,30018,30019,30020,30021,30022,30023,30024,30025,30026,30027,30028,30029,30030,30031,30032,30033,30034,30035,30036,30037,30038,30039,30040,30041,30042,30043,30044,30045,30046,30047,30048,30049,30050,30051,30052,30053,30054,30055,30056,30057,30058,30059,30060,30061,30062,30064,30065,30066,30067,30068,30069,30070,30071,30072,30073,30074,30075,30076,30077,30079,30080,30081,30082,30083,30084,30085,30086,30087,30088,30089,30090,30091,30092,30093,30095,30096,30097,30098,30099,30100,30101,30102,30103,30104,30105,30106,30107,30108,30109,30110,30111,30112,30113,30114,30115,30116,30117,30119,30120,30121,30122,30123,30124,30125,30126,30127,30128,30129,30130,30131,30132,30133,30134,30135,30136,30137,30138,30139,30140,30141,30142,30143,30144,30145,30146,30147,30148,30149,30150,30151,30152,30153,30154,30155,30156,30158,30159,30160,30161,30162,30163,30164,30165,30166,30167,30168,30169,30170,30171,30172,30173,30174,30175,30176,30177,30178,30179,30180,30181,30182,30183,30184,30185,30186,30187,30188,30189,30191,30192,30193,30194,30195,30196,30197,30198,30199,30200,30201,30202,30203,30204,30205,30206,30207,30208,30209,30210,30211,30212,30213,30214,30215,30216,30217,30218,30219,30220,30221,30222,30223,30224,30225,30226,30227,30228,30229,30230,30231,30232,30233,30234,30235,30236,30237,30238,30239,30240,30241,30242,30243,30244,30245,30246,30247,30248,30249,30250,30251,30252,30253,30254,30255,30256,30257,30258,30259,30260,30261,30262,30263,30264,30265,30266,30267,30268,30269,30270,30271,30272,30273,30274,30275,30276,30277,30278,30279,30280,30281,30282,30283,30284,30285,30286,30287,30288,30289,30290,30291,30292,30293,30294,30295,30296,30297,30298,30299,30300,30301,30302,30303,30304,30305,30306,30307,30308,30309,30310,30311,30312,30313,30314,30315,30316,30317,30318,30319,30320,30321,30322,30323,30324,30325,30326,30327,30328,30329,30330,30331,30332,30333,30334,30335,30336,30337,30338,30339,30340,30341,30342,30343,30344,30345,30346,30347,30348,30349,30350,30351,30352,30353,30354,30355,30356,31001,31002,31003,31004,31005,31006,31007,31008,31009,31010,31011,31012,31013,31014,31015,31017,31018,31019,31020,31021,31022,31023,31024,31025,31026,31027,31028,31029,31030,31031,31032,31033,31034,31035,31036,31037,31038,31039,31040,31041,31042,31043,31044,31045,31046,31047,31048,31049,31050,31051,31052,31053,31054,31055,31056,31057,31058,31059,31060,31061,31062,31063,31064,31065,31066,31067,31068,31069,31070,31071,31072,31073,31074,31075,31076,31077,31078,31079,31080,31081,31082,31083,31084,31085,31086,31087,31088,31089,31090,31091,31092,31093,31094,31095,31096,31097,31098,31099,31100,31101,31102,31103,31104,31105,31106,31107,31108,31109,31110,31111,31112,31113,31114,31115,31116,31117,31118,31119,31120,31121,31122,31123,31124,31125,31126,31127,31128,31129,31130,31131,31132,31133,31134,31135,31136,31137,31138,31139,31140,31141,31142,31143,31144,31145,31146,31147,31148,31149,31150,31151,31152,31153,31155,31156,31157,31158,31159,31160,31161,31162,31163,31164,31165,31166,31167,31168,31169,31170,31171,31172,31173,31174,31175,31176,31177,31178,31179,31180,31181,31182,31183,31184,31185,31186,31187,31188,31189,31190,31191,31192,31193,31194,31195,31196,31197,31198,31199,31200,31201,31202,31203,31204,31205,31206,31207,31208,31209,31210,31211,31212,31213,31215,31216,31217,31218,31219,31220,31221,31222,31223,31224,31225,31226,31227,31228,31229,31230,31231,31232,31233,31234,31235,31236,31237,31238,31239,31240,31241,31242,31243,31244,31245,31246,31247,31248,31249,31250,31251,31252,31253,31254,31255,31256,31258,31259,31260,31261,31262,31263,31264,31265,31266,31267,31268,31269,31270,31271,31272,31273,31274,31275,31276,31277,31278,31279,31280,31281,31282,31283,31284,31285,31286,31287,31288,31289,31290,31291,31292,31293,31294,31295,31296,31297,31299,31300,31301,31302,31303,31304,31305,31306,31308,31309,31310,31311,31312,31313,31314,31315,31316,31317,31318,31319,31320,31321,31322,31323,31324,31325,31326,31327,31328,31329,31330,31331,31332,31333,31334,31335,31336,31337,31338,31339,31340,31341,31342,31343,31344,31345,31346,31347,31348,31349,31350,31351,31352,31353,31354,31355,31356,31357,31358,31359,31360,31361,31362,31363,31364,31365,31366,31367,31368,31369,31370,31371,31372,31373,31374,31375,31376,31377,31378,31379,31380,31381,31382,31383,31384,31385,31386,31387,31388,31389,31390,31391,31392,31393,31394,31395,31396,31397,31398,31399,31400,31401,31402,31403,31404,31405,31406,31407,31408,31409,31410,31411,31412,31413,31414,31415,31416,31417,31418,31419,31420,31421,31422,31423,31424,31425,31426,31427,31428,31429,31430,31431,31432,31433,31434,31435,31436,31437,31439,31440,31441,31442,31443,31444,31445,31446,31447,31448,31449,31450,31451,31452,31453,31454,31455,31456,31457,31458,31459,31460,31461,31462,31463,31464,31465,31466,31467,31468,31469,31470,31471,31472,31473,31474,31475,31476,31477,31478,31479,31480,31481,31482,31483,31484,31485,31486,31487,31488,31489,31490,31491,31492,31493,31494,31495,31496,31497,31498,31499,31500,31501,31502,31503,31504,31505,31506,31507,31508,31509,31510,31511,31512,31513,31514,31515,31516,31517,31518,31519,31520,31521,31522,31523,31524,31525,31526,31527,31528,31529,31530,31531,31532,31533,31534,31535,31536,31537,31538,31539,31540,31541,31542,31543,31544,31545,31546,31547,31548,31549,31550,31551,31552,31553,31554,31555,31556,31557,31558,31559,31560,31561,31562,31563,31564,31565,31566,31567,31568,31569,31570,31571,31572,31573,31574,31575,31576,31577,31578,31579,31580,31581,31582,31583,31584,31585,31586,31587,31588,31589,31590,31591,31592,31593,32001,32002,32003,32004,32005,32007,32008,32009,32010,32012,32013,32014,32015,32016,32017,32018,32019,32020,32021,32022,32023,32024,32025,32026,32027,32028,32029,32030,32031,32032,32033,32034,32035,32036,32037,32038,32039,32040,32041,32042,32043,32044,32045,32046,32047,32048,32049,32050,32051,32052,32053,32054,32055,32056,32057,32058,32059,32060,32061,32062,32063,32064,32065,32066,32068,32069,32070,32071,32072,32073,32075,32076,32077,32078,32079,32080,32081,32082,32083,32084,32085,32086,32087,32088,32089,32090,32091,32092,32093,32094,32095,32096,32097,32098,32099,32100,32101,32102,32103,32104,32105,32106,32107,32108,32109,32110,32111,32112,32113,32114,32115,32116,32117,32118,32119,32120,32121,32122,32123,32124,32125,32126,32127,32128,32129,32130,32131,32132,32133,32134,32135,32136,32138,32139,32140,32141,32142,32143,32144,32145,32146,32147,32148,32149,32150,32151,32152,32153,32154,32155,32156,32157,32158,32159,32160,32161,32162,32163,32164,32165,32166,32167,32169,32170,32171,32172,32173,32174,32175,32176,32177,32178,32180,32181,32182,32183,32184,32185,32186,32187,32188,32189,32190,32191,32192,32193,32194,32195,32196,32197,32198,32199,32200,32201,32202,32203,32204,32205,32206,32207,32208,32209,32210,32211,32212,32213,32214,32215,32216,32217,32218,32219,32220,32221,32222,32223,32224,32225,32226,32227,32228,32229,32230,32231,32232,32233,32234,32235,32236,32237,32238,32239,32240,32241,32242,32243,32244,32245,32246,32247,32248,32249,32250,32251,32252,32253,32254,32255,32256,32257,32258,32261,32262,32263,32264,32265,32266,32267,32268,32269,32270,32271,32272,32273,32274,32275,32276,32277,32278,32279,32280,32281,32282,32283,32284,32285,32286,32287,32288,32289,32290,32291,32292,32293,32294,32295,32296,32297,32298,32299,32300,32301,32302,32303,32304,32305,32306,32307,32308,32309,32310,32311,32312,32313,32314,32315,32316,32317,32318,32319,32320,32321,32322,32323,32324,32325,32326,32327,32328,32329,32330,32331,32332,32333,32334,32335,32336,32337,32338,32339,32340,32341,32342,32343,32344,32345,32346,32347,32348,32349,32350,32351,32352,32353,32354,32355,32356,32357,32358,32359,32360,32361,32362,32363,32364,32365,32366,32367,32368,32369,32370,32371,32372,32373,32374,32375,32376,32377,32378,32379,32380,32381,32382,32383,32384,32385,32386,32387,32388,32389,32390,32391,32392,32393,32394,32395,32396,32397,32398,32399,32400,32401,32402,32403,32404,32405,32406,32407,32408,32409,32410,32411,32412,32414,32415,32416,32417,32418,32419,32420,32421,32422,32423,32424,32425,32426,32427,32428,32429,32430,32431,32432,32433,32434,32435,32436,32437,32438,32439,32440,32441,32442,32443,32444,32445,32446,32447,32448,32449,32450,32451,32452,32453,32454,32455,32456,32457,32458,32459,32460,32461,32462,32463,32464,32465,32466,32467,32468,34001,34002,34003,34004,34005,34006,34007,34008,34009,34010,34011,34012,34013,34014,34015,34016,34017,34018,34019,34020,34021,34022,34023,34024,34025,34026,34027,34028,34029,34030,34031,34032,34033,34034,34035,34036,34037,34038,34039,34040,34041,34042,34043,34044,34045,34046,34047,34048,34049,34050,34051,34052,34053,34054,34055,34056,34057,34058,34059,34060,34061,34062,34063,34064,34065,34066,34067,34068,34069,34070,34071,34072,34073,34074,34075,34076,34077,34078,34079,34080,34081,34082,34083,34084,34085,34086,34087,34088,34089,34090,34091,34092,34094,34095,34096,34097,34098,34099,34100,34101,34102,34103,34104,34105,34106,34107,34108,34109,34110,34111,34112,34113,34114,34115,34116,34117,34118,34119,34120,34121,34122,34123,34124,34125,34126,34127,34128,34129,34130,34131,34132,34133,34134,34135,34136,34137,34138,34139,34140,34141,34142,34143,34144,34145,34146,34147,34148,34149,34150,34151,34152,34153,34154,34155,34156,34157,34158,34159,34160,34161,34162,34163,34164,34165,34166,34167,34168,34169,34170,34171,34172,34173,34174,34175,34176,34177,34178,34179,34180,34181,34182,34183,34184,34185,34186,34187,34188,34189,34190,34191,34192,34193,34194,34195,34196,34197,34198,34199,34200,34201,34202,34203,34204,34205,34206,34207,34208,34209,34210,34211,34212,34213,34214,34215,34216,34217,34218,34219,34220,34221,34222,34223,34224,34225,34226,34227,34228,34229,34230,34231,34232,34233,34234,34235,34236,34237,34238,34239,34240,34241,34242,34243,34244,34245,34246,34247,34248,34249,34250,34251,34252,34253,34254,34255,34256,34257,34258,34259,34260,34261,34262,34263,34264,34265,34266,34267,34268,34269,34270,34271,34272,34273,34274,34276,34277,34278,34279,34280,34281,34282,34283,34284,34285,34286,34287,34288,34289,34290,34291,34292,34293,34294,34295,34296,34297,34298,34299,34300,34301,34302,34303,34304,34305,34306,34307,34308,34309,34310,34311,34312,34313,34314,34315,34316,34317,34318,34319,34320,34321,34322,34323,34324,34325,34326,34327,34328,34329,34331,34332,34333,34334,34335,34336,34337,34338,34339,34340,34341,34342,34343,34344,46001,46002,46003,46004,46005,46006,46007,46008,46009,46010,46011,46012,46013,46015,46016,46017,46018,46020,46021,46022,46023,46024,46026,46027,46028,46029,46030,46031,46032,46033,46034,46035,46036,46037,46038,46039,46040,46041,46042,46043,46044,46045,46046,46047,46049,46050,46051,46052,46053,46054,46055,46056,46057,46058,46059,46060,46061,46062,46063,46064,46065,46066,46068,46069,46070,46072,46073,46074,46075,46076,46078,46079,46080,46081,46082,46083,46084,46085,46086,46087,46088,46089,46090,46091,46092,46093,46094,46095,46096,46097,46098,46100,46101,46102,46103,46104,46105,46106,46107,46108,46109,46111,46112,46113,46114,46115,46116,46117,46118,46119,46120,46121,46122,46123,46124,46125,46126,46127,46128,46129,46130,46131,46132,46133,46134,46135,46136,46137,46138,46139,46140,46142,46143,46144,46145,46146,46147,46148,46149,46151,46152,46153,46154,46155,46156,46157,46159,46160,46161,46162,46163,46164,46165,46167,46168,46169,46170,46171,46172,46173,46174,46175,46176,46177,46178,46179,46180,46181,46182,46183,46184,46185,46186,46187,46188,46189,46190,46191,46192,46193,46194,46195,46196,46197,46198,46199,46200,46201,46202,46203,46204,46205,46206,46207,46208,46209,46210,46211,46212,46213,46214,46215,46216,46218,46219,46220,46221,46222,46223,46224,46225,46226,46227,46228,46229,46230,46231,46232,46233,46234,46235,46236,46237,46238,46239,46240,46241,46242,46243,46244,46245,46246,46247,46249,46250,46251,46252,46253,46254,46255,46256,46257,46258,46259,46260,46262,46263,46264,46265,46266,46267,46268,46269,46270,46271,46272,46273,46276,46277,46279,46280,46281,46282,46283,46284,46286,46288,46289,46290,46292,46293,46294,46295,46296,46297,46299,46301,46302,46303,46304,46305,46306,46307,46308,46309,46310,46311,46312,46313,46314,46315,46316,46317,46318,46319,46320,46321,46322,46323,46324,46328,46329,46330,46332,46333,46334,46335,46336,46337,46338,46339,46340,48001,48002,48003,48004,48005,48007,48008,48009,48010,48012,48013,48015,48016,48017,48018,48019,48020,48021,48025,48026,48027,48028,48029,48030,48031,48032,48034,48036,48037,48038,48039,48041,48042,48043,48044,48045,48046,48048,48050,48051,48053,48054,48055,48056,48058,48059,48061,48063,48064,48065,48067,48068,48069,48070,48071,48072,48073,48074,48075,48077,48079,48080,48081,48082,48083,48085,48086,48087,48088,48089,48090,48091,48092,48094,48095,48096,48097,48098,48099,48100,48103,48104,48105,48106,48107,48108,48110,48111,48112,48115,48116,48117,48119,48121,48123,48124,48126,48127,48128,48129,48130,48131,48132,48135,48136,48137,48138,48139,48140,48141,48144,48145,48146,48147,48148,48149,48150,48151,48152,48153,48155,48156,48157,48158,48160,48161,48163,48165,48166,48167,48168,48169,48170,48171,48173,48174,48175,48176,48177,48178,48179,48181,48182,48185,48187,48188,48190,48191,48192,48193,48194,48198,65001,65002,65003,65004,65005,65006,65007,65009,65010,65011,65012,65013,65014,65015,65016,65017,65018,65019,65020,65021,65022,65023,65024,65025,65026,65028,65029,65031,65032,65033,65034,65035,65036,65037,65038,65039,65040,65041,65042,65043,65044,65045,65046,65047,65048,65049,65050,65051,65052,65053,65054,65055,65056,65057,65058,65059,65060,65061,65062,65063,65064,65065,65066,65067,65068,65069,65070,65071,65072,65073,65074,65075,65076,65077,65078,65079,65080,65081,65082,65083,65084,65085,65086,65087,65088,65089,65090,65091,65092,65093,65094,65095,65096,65097,65098,65099,65100,65101,65102,65103,65104,65105,65106,65107,65108,65109,65110,65111,65112,65113,65114,65115,65116,65117,65118,65119,65120,65121,65123,65124,65125,65126,65127,65128,65129,65130,65131,65132,65133,65134,65135,65136,65137,65138,65139,65140,65141,65142,65143,65144,65145,65146,65147,65148,65149,65150,65151,65153,65154,65155,65156,65157,65158,65159,65160,65161,65162,65163,65164,65165,65166,65167,65168,65169,65170,65171,65172,65173,65174,65175,65176,65177,65178,65179,65180,65181,65182,65183,65184,65185,65186,65187,65189,65190,65191,65192,65193,65194,65195,65196,65197,65198,65199,65200,65201,65202,65203,65204,65205,65206,65207,65208,65209,65210,65211,65212,65213,65214,65215,65216,65217,65218,65219,65220,65221,65222,65223,65224,65225,65226,65228,65229,65230,65231,65232,65233,65234,65235,65236,65237,65238,65239,65240,65241,65242,65243,65244,65245,65247,65248,65249,65250,65251,65252,65253,65254,65255,65256,65257,65258,65259,65260,65261,65262,65263,65264,65265,65266,65267,65268,65269,65270,65271,65272,65273,65274,65275,65276,65277,65278,65279,65280,65281,65282,65283,65284,65285,65286,65287,65288,65289,65290,65291,65292,65293,65294,65295,65296,65297,65298,65299,65300,65301,65303,65304,65305,65306,65307,65308,65309,65310,65311,65313,65314,65315,65316,65317,65318,65319,65320,65321,65322,65323,65324,65325,65326,65327,65328,65329,65330,65331,65332,65333,65334,65335,65336,65337,65338,65339,65340,65341,65342,65343,65344,65345,65346,65347,65348,65349,65350,65351,65352,65353,65354,65355,65356,65357,65358,65359,65360,65361,65362,65363,65364,65366,65367,65368,65369,65370,65371,65372,65373,65374,65375,65376,65377,65378,65379,65380,65381,65382,65383,65384,65385,65386,65387,65388,65389,65390,65391,65392,65393,65394,65395,65396,65397,65398,65399,65400,65401,65402,65403,65404,65405,65406,65407,65408,65409,65410,65411,65412,65413,65414,65415,65416,65417,65418,65419,65420,65421,65422,65423,65424,65425,65426,65427,65428,65429,65430,65431,65432,65433,65435,65436,65437,65438,65439,65440,65441,65442,65443,65444,65445,65446,65447,65448,65449,65450,65451,65452,65453,65454,65455,65456,65457,65458,65459,65460,65461,65462,65463,65464,65465,65466,65467,65468,65469,65470,65471,65472,65473,65474,65475,65476,65477,65478,65479,65481,65482,66001,66002,66003,66004,66005,66006,66007,66008,66009,66010,66011,66012,66013,66014,66015,66016,66017,66018,66019,66020,66021,66022,66023,66024,66025,66026,66027,66028,66029,66030,66032,66033,66034,66035,66036,66037,66038,66039,66040,66041,66042,66043,66044,66045,66046,66047,66048,66049,66050,66051,66052,66053,66054,66055,66056,66057,66058,66059,66060,66061,66062,66063,66064,66065,66066,66067,66068,66069,66070,66071,66072,66073,66074,66075,66076,66077,66078,66079,66080,66081,66082,66083,66084,66085,66086,66088,66089,66090,66091,66092,66093,66094,66095,66096,66097,66098,66099,66100,66101,66102,66103,66104,66105,66106,66107,66108,66109,66111,66112,66113,66114,66115,66116,66117,66118,66119,66120,66121,66122,66123,66124,66125,66126,66127,66128,66129,66130,66132,66133,66134,66136,66137,66138,66139,66140,66141,66142,66143,66144,66145,66146,66147,66148,66149,66150,66151,66152,66153,66154,66155,66156,66157,66158,66159,66160,66161,66162,66164,66165,66166,66167,66168,66169,66170,66171,66172,66173,66174,66175,66176,66177,66178,66179,66180,66181,66182,66183,66184,66185,66186,66187,66188,66189,66190,66191,66192,66193,66194,66195,66196,66197,66198,66199,66201,66202,66203,66204,66205,66206,66207,66208,66209,66210,66211,66212,66213,66214,66215,66216,66217,66218,66219,66220,66221,66222,66223,66224,66225,66226,66227,66228,66230,66231,66232,66233,66234,81001,81002,81003,81004,81005,81006,81007,81008,81009,81010,81011,81012,81013,81014,81015,81016,81017,81018,81019,81020,81021,81022,81023,81024,81025,81026,81027,81028,81029,81030,81031,81032,81033,81034,81035,81036,81037,81038,81039,81040,81041,81042,81043,81044,81045,81046,81047,81048,81049,81050,81051,81052,81053,81054,81055,81056,81058,81059,81060,81061,81062,81063,81064,81065,81066,81067,81068,81069,81070,81071,81072,81073,81074,81075,81076,81077,81078,81079,81080,81081,81082,81083,81084,81085,81086,81087,81088,81089,81090,81092,81093,81094,81095,81096,81097,81098,81099,81100,81101,81102,81103,81104,81105,81106,81108,81109,81110,81111,81112,81114,81115,81116,81117,81118,81119,81120,81121,81122,81123,81124,81125,81126,81127,81128,81129,81130,81131,81132,81133,81134,81135,81136,81137,81138,81139,81140,81141,81142,81143,81144,81145,81146,81147,81148,81149,81150,81151,81152,81154,81156,81157,81158,81159,81160,81161,81162,81163,81164,81165,81166,81167,81168,81169,81170,81171,81172,81173,81174,81175,81176,81177,81178,81179,81180,81181,81182,81183,81184,81185,81186,81187,81188,81189,81190,81191,81192,81193,81195,81196,81197,81198,81199,81200,81201,81202,81203,81204,81205,81206,81207,81208,81209,81210,81211,81212,81213,81214,81215,81216,81217,81218,81219,81220,81221,81222,81223,81224,81225,81227,81228,81229,81230,81231,81232,81233,81234,81235,81236,81237,81238,81239,81240,81242,81243,81244,81245,81246,81247,81248,81249,81250,81251,81252,81253,81254,81255,81256,81257,81258,81259,81261,81262,81263,81264,81265,81266,81267,81268,81269,81270,81271,81272,81273,81274,81275,81276,81277,81278,81279,81280,81281,81282,81283,81284,81285,81286,81287,81288,81289,81290,81291,81292,81293,81294,81295,81297,81298,81299,81300,81302,81303,81304,81305,81306,81307,81308,81309,81310,81311,81312,81313,81314,81315,81316,81317,81318,81319,81320,81321,81322,81323,81324,81325,81326,82001,82002,82003,82004,82005,82006,82007,82008,82009,82010,82011,82012,82013,82014,82015,82016,82017,82018,82019,82020,82021,82022,82023,82024,82025,82026,82027,82028,82029,82030,82031,82032,82033,82034,82035,82036,82037,82038,82039,82040,82041,82042,82043,82044,82045,82046,82047,82048,82049,82050,82051,82052,82053,82054,82055,82056,82057,82058,82059,82060,82061,82062,82063,82064,82065,82066,82067,82068,82069,82070,82071,82072,82073,82074,82075,82076,82077,82078,82079,82080,82081,82082,82083,82084,82085,82086,82087,82088,82089,82090,82091,82092,82093,82094,82095,82096,82097,82098,82099,82100,82101,82102,82103,82104,82105,82106,82107,82108,82109,82110,82111,82112,82113,82114,82115,82116,82117,82118,82119,82120,82121,82122,82123,82124,82125,82126,82127,82128,82129,82130,82131,82132,82133,82134,82135,82136,82137,82138,82139,82140,82141,82142,82143,82144,82145,82146,82147,82148,82149,82150,82151,82152,82153,82154,82155,82156,82157,82158,82159,82160,82161,82162,82163,82164,82165,82166,82167,82168,82169,82170,82171,82172,82173,82174,82175,82176,82177,82178,82179,82180,82181,82182,82183,82184,82185,82186,82187,82188,82189,82190,82191,82192,82193,82194,82195}","",2026-03-24 14:41:32.274366+01,gold_establishments_2025,,,,13000835200010,2025,Services de l'Etat,Région,"['Ariège', 'Aude', 'Aveyron', 'Gard', 'Haute-Garonne', 'Gers', 'Hérault', 'Lot', 'Lozère', 'Hautes-P",['Occitanie'],DRFIP,"{09,11,12,30,31,32,34,46,48,65,66,81,82}",{76}
35749c06-f613-4522-a672-47f1c376e5d1,130012925,DRFIP Pays de la Loire,false,"{44001,44002,44003,44005,44006,44007,44009,44010,44012,44013,44014,44015,44016,44018,44019,44020,44021,44022,44023,44024,44025,44026,44027,44028,44029,44030,44031,44032,44033,44035,44036,44037,44038,44039,44041,44043,44044,44045,44046,44047,44048,44049,44050,44051,44052,44053,44054,44055,44056,44057,44058,44061,44062,44063,44064,44065,44066,44067,44068,44069,44070,44071,44072,44073,44074,44075,44076,44077,44078,44079,44080,44081,44082,44083,44084,44085,44086,44087,44088,44089,44090,44091,44092,44094,44095,44096,44097,44098,44099,44100,44101,44102,44103,44104,44105,44106,44107,44108,44109,44110,44111,44112,44113,44114,44115,44116,44117,44118,44119,44120,44121,44122,44123,44124,44125,44126,44127,44128,44129,44130,44131,44132,44133,44134,44135,44136,44137,44138,44139,44140,44141,44142,44143,44144,44145,44146,44148,44149,44150,44151,44152,44153,44154,44155,44156,44157,44158,44159,44161,44162,44163,44164,44165,44166,44168,44169,44170,44171,44172,44173,44174,44175,44176,44178,44179,44180,44182,44183,44184,44185,44186,44187,44188,44189,44190,44192,44193,44194,44195,44196,44197,44198,44199,44200,44201,44202,44203,44204,44205,44206,44207,44208,44209,44210,44211,44212,44213,44214,44215,44216,44217,44218,44220,44221,44222,44223,44224,49002,49003,49007,49008,49009,49010,49011,49012,49015,49017,49018,49020,49021,49022,49023,49026,49027,49028,49029,49030,49035,49036,49038,49041,49045,49048,49050,49053,49054,49055,49056,49057,49058,49060,49061,49063,49064,49067,49068,49070,49076,49080,49082,49086,49089,49090,49092,49099,49100,49102,49107,49109,49110,49112,49113,49114,49120,49121,49123,49125,49127,49129,49130,49131,49132,49135,49138,49140,49155,49160,49161,49163,49167,49170,49171,49174,49176,49178,49180,49182,49183,49188,49192,49193,49194,49195,49200,49201,49205,49209,49211,49214,49215,49216,49217,49218,49219,49220,49221,49222,49223,49224,49228,49231,49235,49236,49237,49240,49241,49244,49246,49247,49248,49253,49257,49259,49260,49261,49262,49266,49267,49269,49271,49272,49278,49283,49284,49288,49291,49292,49294,49298,49299,49301,49302,49306,49307,49308,49310,49311,49323,49326,49328,49329,49330,49331,49332,49333,49334,49336,49338,49339,49341,49343,49344,49345,49347,49352,49353,49355,49358,49359,49361,49362,49364,49367,49368,49369,49370,49371,49373,49374,49377,49378,49381,53001,53002,53003,53005,53007,53008,53009,53010,53011,53012,53013,53015,53016,53017,53018,53019,53021,53022,53023,53025,53026,53027,53028,53029,53030,53031,53033,53034,53035,53036,53037,53038,53039,53040,53041,53042,53043,53045,53046,53047,53048,53049,53051,53052,53053,53054,53055,53056,53057,53058,53059,53061,53062,53063,53064,53066,53067,53068,53069,53071,53072,53073,53074,53075,53076,53077,53078,53079,53080,53082,53083,53084,53085,53086,53087,53088,53089,53090,53091,53093,53094,53096,53097,53098,53099,53100,53101,53102,53103,53104,53105,53106,53107,53108,53109,53110,53111,53112,53113,53114,53115,53116,53117,53118,53119,53120,53121,53122,53123,53124,53125,53126,53127,53128,53129,53130,53131,53132,53133,53134,53135,53136,53137,53139,53140,53141,53142,53143,53144,53145,53146,53147,53148,53150,53151,53152,53153,53154,53155,53156,53157,53158,53160,53161,53162,53163,53164,53165,53168,53169,53170,53172,53173,53174,53175,53176,53177,53178,53179,53180,53181,53182,53184,53185,53186,53187,53188,53189,53190,53191,53192,53193,53195,53196,53197,53198,53199,53200,53201,53202,53203,53204,53206,53208,53209,53210,53211,53212,53213,53214,53216,53218,53219,53220,53221,53222,53223,53224,53225,53226,53228,53229,53230,53232,53233,53234,53235,53236,53237,53238,53240,53242,53243,53245,53246,53247,53248,53249,53250,53251,53253,53255,53256,53257,53258,53259,53260,53261,53262,53263,53264,53265,53266,53267,53269,53270,53271,53272,53273,53276,72001,72002,72003,72004,72005,72006,72007,72008,72009,72010,72011,72012,72013,72015,72016,72017,72018,72019,72020,72021,72022,72023,72024,72025,72026,72027,72028,72029,72031,72032,72034,72035,72036,72037,72038,72039,72040,72041,72042,72043,72044,72045,72046,72047,72048,72049,72050,72051,72052,72053,72054,72056,72057,72058,72059,72060,72061,72062,72064,72065,72066,72067,72068,72070,72071,72072,72073,72074,72075,72076,72077,72078,72079,72080,72083,72084,72085,72086,72087,72088,72089,72090,72091,72093,72094,72095,72096,72098,72099,72100,72101,72102,72103,72104,72105,72106,72107,72109,72110,72111,72112,72113,72114,72115,72118,72119,72120,72121,72122,72123,72124,72125,72126,72127,72128,72129,72130,72131,72132,72133,72134,72135,72136,72137,72138,72139,72141,72142,72143,72144,72145,72146,72147,72148,72149,72150,72151,72152,72153,72154,72155,72156,72157,72158,72160,72161,72163,72164,72165,72166,72167,72168,72169,72170,72171,72172,72173,72174,72175,72176,72177,72178,72179,72180,72181,72182,72183,72184,72185,72186,72187,72188,72189,72190,72191,72192,72193,72194,72195,72196,72197,72198,72199,72200,72201,72202,72204,72205,72208,72209,72210,72211,72212,72213,72214,72215,72216,72217,72218,72219,72220,72221,72222,72223,72224,72225,72226,72227,72228,72229,72230,72231,72232,72233,72234,72235,72236,72237,72238,72239,72241,72243,72244,72245,72246,72247,72248,72249,72250,72251,72252,72253,72254,72255,72256,72257,72259,72260,72261,72262,72264,72265,72266,72267,72268,72269,72270,72271,72272,72273,72274,72275,72276,72277,72278,72279,72280,72281,72282,72283,72286,72289,72290,72291,72292,72293,72294,72295,72296,72297,72299,72300,72302,72303,72305,72306,72307,72308,72309,72310,72311,72312,72313,72314,72315,72316,72317,72319,72320,72321,72322,72323,72324,72325,72326,72327,72328,72329,72330,72331,72332,72333,72334,72335,72336,72337,72338,72339,72340,72341,72342,72343,72344,72345,72346,72347,72348,72349,72350,72351,72352,72353,72354,72355,72356,72357,72358,72359,72360,72361,72362,72363,72364,72366,72367,72368,72369,72370,72372,72373,72374,72375,72376,72377,72378,72379,72380,72381,72382,72383,72385,72386,85001,85002,85003,85004,85005,85006,85008,85009,85010,85011,85012,85013,85014,85015,85016,85017,85018,85019,85020,85022,85023,85024,85025,85026,85028,85029,85031,85033,85034,85035,85036,85038,85039,85040,85042,85045,85046,85047,85049,85050,85051,85054,85055,85056,85058,85059,85061,85062,85064,85065,85066,85067,85070,85071,85072,85073,85074,85076,85077,85078,85080,85081,85082,85083,85084,85086,85087,85088,85089,85090,85092,85093,85094,85095,85096,85097,85098,85099,85100,85101,85102,85103,85104,85105,85106,85108,85109,85110,85111,85112,85113,85114,85115,85116,85117,85118,85119,85120,85121,85123,85125,85126,85127,85128,85129,85130,85131,85132,85133,85134,85135,85136,85137,85138,85139,85140,85141,85142,85143,85144,85145,85146,85147,85148,85149,85151,85152,85153,85154,85155,85156,85157,85158,85159,85160,85161,85162,85163,85164,85167,85169,85171,85172,85174,85175,85176,85177,85178,85179,85181,85182,85184,85185,85186,85187,85188,85189,85190,85191,85192,85193,85194,85196,85197,85198,85199,85200,85201,85202,85204,85205,85206,85207,85208,85209,85210,85211,85213,85214,85215,85216,85218,85220,85221,85222,85223,85226,85227,85229,85231,85232,85234,85235,85236,85237,85238,85239,85240,85242,85243,85244,85245,85246,85247,85248,85250,85251,85252,85254,85255,85256,85259,85260,85261,85262,85264,85265,85266,85267,85268,85269,85273,85274,85276,85277,85278,85280,85281,85282,85284,85285,85286,85287,85288,85289,85290,85291,85292,85293,85294,85295,85296,85297,85298,85300,85301,85302,85303,85304,85305,85306}","",2026-03-24 14:41:32.274366+01,gold_establishments_2025,,,,13001292500017,2025,Services de l'Etat,Région,"['Loire-Atlantique', 'Maine-et-Loire', 'Mayenne', 'Sarthe', 'Vendée']",['Pays de la Loire'],DRFIP,"{44,49,53,72,85}",{52}
ec5e1b36-0931-40ac-a82d-18f6b2d6d31f,130013030,DRFIP Provence-Alpes-Côte dAzur,false,"{04001,04004,04005,04006,04007,04008,04009,04012,04013,04016,04017,04018,04019,04020,04021,04022,04023,04024,04025,04026,04027,04028,04030,04031,04032,04033,04034,04035,04036,04037,04039,04040,04041,04042,04043,04045,04046,04047,04049,04050,04051,04053,04054,04055,04057,04058,04059,04061,04062,04063,04065,04066,04067,04068,04069,04070,04072,04073,04074,04075,04076,04077,04079,04081,04084,04085,04086,04087,04088,04090,04091,04092,04093,04094,04095,04096,04097,04099,04101,04102,04104,04106,04107,04108,04109,04110,04111,04112,04113,04115,04116,04118,04120,04121,04122,04123,04124,04126,04127,04128,04129,04130,04132,04133,04134,04135,04136,04137,04138,04139,04140,04141,04142,04143,04144,04145,04148,04149,04150,04151,04152,04154,04155,04156,04157,04158,04159,04160,04161,04162,04163,04164,04166,04167,04169,04170,04171,04172,04173,04174,04175,04176,04177,04178,04179,04180,04181,04182,04183,04184,04186,04187,04188,04189,04190,04191,04192,04193,04194,04195,04197,04199,04200,04201,04202,04203,04204,04205,04206,04207,04208,04209,04210,04211,04214,04216,04217,04218,04219,04220,04222,04224,04226,04227,04228,04229,04230,04231,04233,04234,04235,04236,04237,04240,04241,04242,04244,04245,05001,05003,05004,05006,05007,05008,05009,05010,05011,05012,05013,05014,05016,05017,05018,05019,05021,05022,05023,05024,05025,05026,05027,05028,05029,05031,05032,05033,05035,05036,05037,05038,05039,05040,05044,05045,05046,05047,05048,05049,05050,05051,05052,05053,05054,05055,05056,05057,05058,05059,05060,05061,05062,05063,05064,05065,05066,05068,05070,05071,05072,05073,05074,05075,05076,05077,05078,05079,05080,05081,05082,05084,05085,05086,05087,05089,05090,05091,05092,05093,05094,05095,05096,05097,05098,05099,05100,05101,05102,05103,05104,05106,05107,05108,05109,05110,05111,05112,05113,05114,05115,05116,05117,05118,05119,05121,05122,05123,05124,05126,05127,05128,05129,05130,05131,05132,05133,05134,05135,05136,05139,05140,05142,05144,05145,05146,05147,05148,05149,05151,05152,05153,05154,05155,05156,05157,05158,05159,05160,05161,05162,05163,05164,05165,05166,05167,05168,05169,05170,05171,05172,05173,05174,05176,05177,05178,05179,05180,05181,05182,05183,05184,06001,06002,06003,06004,06005,06006,06007,06008,06009,06010,06011,06012,06013,06014,06015,06016,06017,06018,06019,06020,06021,06022,06023,06024,06025,06026,06027,06028,06029,06030,06031,06032,06033,06034,06035,06036,06037,06038,06039,06040,06041,06042,06043,06044,06045,06046,06047,06048,06049,06050,06051,06052,06053,06054,06055,06056,06057,06058,06059,06060,06061,06062,06063,06064,06065,06066,06067,06068,06069,06070,06071,06072,06073,06074,06075,06076,06077,06078,06079,06080,06081,06082,06083,06084,06085,06086,06087,06088,06089,06090,06091,06092,06093,06094,06095,06096,06097,06098,06099,06100,06101,06102,06103,06104,06105,06106,06107,06108,06109,06110,06111,06112,06113,06114,06115,06116,06117,06118,06119,06120,06121,06122,06123,06124,06125,06126,06127,06128,06129,06130,06131,06132,06133,06134,06135,06136,06137,06138,06139,06140,06141,06142,06143,06144,06145,06146,06147,06148,06149,06150,06151,06152,06153,06154,06155,06156,06157,06158,06159,06160,06161,06162,06163,13001,13002,13003,13004,13005,13006,13007,13008,13009,13010,13011,13012,13013,13014,13015,13016,13017,13018,13019,13020,13021,13022,13023,13024,13025,13026,13027,13028,13029,13030,13031,13032,13033,13034,13035,13036,13037,13038,13039,13040,13041,13042,13043,13044,13045,13046,13047,13048,13049,13050,13051,13052,13053,13054,13055,13056,13057,13058,13059,13060,13061,13062,13063,13064,13065,13066,13067,13068,13069,13070,13071,13072,13073,13074,13075,13076,13077,13078,13079,13080,13081,13082,13083,13084,13085,13086,13087,13088,13089,13090,13091,13092,13093,13094,13095,13096,13097,13098,13099,13100,13101,13102,13103,13104,13105,13106,13107,13108,13109,13110,13111,13112,13113,13114,13115,13116,13117,13118,13119,13201,13202,13203,13204,13205,13206,13207,13208,13209,13210,13211,13212,13213,13214,13215,13216,83001,83002,83003,83004,83005,83006,83007,83008,83009,83010,83011,83012,83013,83014,83015,83016,83017,83018,83019,83020,83021,83022,83023,83025,83026,83027,83028,83029,83030,83031,83032,83033,83034,83035,83036,83037,83038,83039,83040,83041,83042,83043,83044,83045,83046,83047,83048,83049,83050,83051,83052,83053,83054,83055,83056,83057,83058,83059,83060,83061,83062,83063,83064,83065,83066,83067,83068,83069,83070,83071,83072,83073,83074,83075,83076,83077,83078,83079,83080,83081,83082,83083,83084,83085,83086,83087,83088,83089,83090,83091,83092,83093,83094,83095,83096,83097,83098,83099,83100,83101,83102,83103,83104,83105,83106,83107,83108,83109,83110,83111,83112,83113,83114,83115,83116,83117,83118,83119,83120,83121,83122,83123,83124,83125,83126,83127,83128,83129,83130,83131,83132,83133,83134,83135,83136,83137,83138,83139,83140,83141,83142,83143,83144,83145,83146,83147,83148,83149,83150,83151,83152,83153,83154,84001,84002,84003,84004,84005,84006,84007,84008,84009,84010,84011,84012,84013,84014,84015,84016,84017,84018,84019,84020,84021,84022,84023,84024,84025,84026,84027,84028,84029,84030,84031,84032,84033,84034,84035,84036,84037,84038,84039,84040,84041,84042,84043,84044,84045,84046,84047,84048,84049,84050,84051,84052,84053,84054,84055,84056,84057,84058,84059,84060,84061,84062,84063,84064,84065,84066,84067,84068,84069,84070,84071,84072,84073,84074,84075,84076,84077,84078,84079,84080,84081,84082,84083,84084,84085,84086,84087,84088,84089,84090,84091,84092,84093,84094,84095,84096,84097,84098,84099,84100,84101,84102,84103,84104,84105,84106,84107,84108,84109,84110,84111,84112,84113,84114,84115,84116,84117,84118,84119,84120,84121,84122,84123,84124,84125,84126,84127,84128,84129,84130,84131,84132,84133,84134,84135,84136,84137,84138,84139,84140,84141,84142,84143,84144,84145,84146,84147,84148,84149,84150,84151}","",2026-03-24 14:41:32.274366+01,gold_establishments_2025,,,,13001303000015,2025,Services de l'Etat,Région,"['Alpes-de-Haute-Provence', 'Hautes-Alpes', 'Alpes-Maritimes', 'Bouches-du-Rhône', 'Var', 'Vaucluse'",['Provence-Alpes-Côte dAzur'],DRFIP,"{04,05,06,13,83,84}",{93}
dff9884c-1e76-469c-bca9-2a3d9cf59f43,130012495,DRFIP Île-de-France,false,"{75056,75101,75102,75103,75104,75105,75106,75107,75108,75109,75110,75111,75112,75113,75114,75115,75116,75117,75118,75119,75120,77001,77002,77003,77004,77005,77006,77007,77008,77009,77010,77011,77012,77013,77014,77015,77016,77018,77019,77020,77021,77022,77023,77024,77025,77026,77027,77029,77030,77031,77032,77033,77034,77035,77036,77037,77038,77039,77040,77041,77042,77043,77044,77045,77046,77047,77048,77049,77050,77051,77052,77053,77054,77055,77056,77057,77058,77059,77060,77061,77062,77063,77065,77066,77067,77068,77069,77070,77071,77072,77073,77075,77076,77077,77078,77079,77080,77081,77082,77083,77084,77085,77086,77087,77088,77089,77090,77091,77093,77094,77095,77096,77097,77098,77099,77100,77101,77102,77103,77104,77106,77107,77108,77109,77110,77111,77112,77113,77114,77115,77116,77117,77118,77119,77120,77121,77122,77123,77124,77125,77126,77127,77128,77129,77130,77131,77132,77133,77134,77135,77136,77137,77138,77139,77140,77141,77142,77143,77144,77145,77146,77147,77148,77150,77151,77152,77153,77154,77155,77156,77157,77158,77159,77161,77162,77163,77164,77165,77167,77168,77169,77171,77172,77173,77174,77175,77176,77177,77178,77179,77180,77181,77182,77183,77184,77185,77186,77187,77188,77190,77191,77192,77193,77194,77195,77196,77197,77198,77199,77200,77201,77202,77203,77204,77205,77206,77207,77208,77209,77210,77211,77212,77214,77215,77216,77217,77218,77219,77220,77221,77222,77223,77224,77225,77226,77227,77228,77229,77230,77231,77232,77233,77234,77235,77236,77237,77238,77239,77240,77241,77242,77243,77244,77245,77246,77247,77248,77249,77250,77251,77252,77253,77254,77255,77256,77257,77258,77259,77260,77261,77262,77263,77264,77265,77266,77267,77268,77269,77270,77271,77272,77273,77274,77275,77276,77277,77278,77279,77280,77281,77282,77283,77284,77285,77286,77287,77288,77289,77290,77291,77292,77293,77294,77295,77296,77297,77298,77300,77301,77302,77303,77304,77305,77306,77307,77308,77309,77310,77311,77312,77313,77314,77315,77316,77317,77318,77319,77320,77321,77322,77323,77325,77326,77327,77328,77329,77330,77331,77332,77333,77335,77336,77337,77338,77339,77340,77341,77342,77343,77344,77345,77347,77348,77349,77350,77352,77353,77354,77355,77356,77357,77358,77359,77360,77361,77363,77364,77365,77366,77367,77368,77369,77370,77371,77372,77373,77374,77376,77377,77378,77379,77380,77381,77382,77383,77384,77385,77386,77387,77388,77389,77390,77391,77392,77393,77394,77395,77396,77397,77398,77400,77401,77402,77403,77404,77405,77406,77407,77408,77409,77410,77411,77412,77413,77414,77415,77416,77417,77418,77419,77420,77421,77423,77424,77425,77426,77427,77428,77429,77430,77431,77432,77433,77434,77435,77436,77437,77438,77439,77440,77441,77442,77443,77444,77445,77446,77447,77448,77449,77450,77451,77452,77453,77454,77455,77456,77457,77458,77459,77460,77461,77462,77463,77464,77465,77466,77467,77468,77469,77470,77471,77472,77473,77474,77475,77476,77477,77478,77479,77480,77481,77482,77483,77484,77485,77486,77487,77489,77490,77492,77493,77494,77495,77496,77498,77500,77501,77504,77505,77506,77507,77508,77509,77510,77511,77512,77513,77514,77515,77516,77517,77518,77519,77520,77521,77522,77523,77524,77525,77526,77527,77528,77529,77530,77531,77532,77533,77534,78003,78005,78006,78007,78009,78010,78013,78015,78020,78029,78030,78031,78033,78034,78036,78043,78048,78049,78050,78053,78057,78062,78068,78070,78071,78072,78073,78076,78077,78082,78084,78087,78089,78090,78092,78096,78104,78107,78108,78113,78117,78118,78120,78123,78124,78125,78126,78128,78133,78138,78140,78143,78146,78147,78152,78158,78160,78162,78163,78164,78165,78168,78171,78172,78185,78188,78189,78190,78192,78193,78194,78196,78202,78206,78208,78209,78217,78220,78224,78227,78230,78231,78233,78234,78236,78237,78238,78239,78242,78245,78246,78255,78261,78262,78263,78264,78265,78267,78269,78276,78278,78281,78283,78285,78289,78290,78291,78296,78297,78299,78300,78302,78305,78307,78310,78311,78314,78317,78320,78321,78322,78324,78325,78327,78329,78334,78335,78337,78343,78344,78346,78349,78350,78354,78356,78358,78361,78362,78364,78366,78367,78368,78372,78380,78381,78382,78383,78384,78385,78389,78391,78396,78397,78398,78401,78402,78403,78404,78406,78407,78410,78413,78415,78416,78417,78418,78420,78423,78431,78437,78439,78440,78442,78443,78444,78451,78455,78460,78464,78465,78466,78470,78472,78474,78475,78478,78481,78484,78486,78490,78497,78498,78499,78501,78502,78505,78506,78513,78516,78517,78518,78520,78522,78528,78530,78531,78536,78537,78545,78548,78550,78551,78557,78558,78559,78561,78562,78564,78565,78567,78569,78571,78575,78576,78586,78588,78590,78591,78597,78601,78605,78606,78608,78609,78615,78616,78618,78620,78621,78623,78624,78638,78640,78642,78643,78644,78646,78647,78650,78653,78655,78668,78672,78674,78677,78681,78683,78686,78688,91001,91016,91017,91021,91022,91027,91035,91037,91038,91041,91044,91045,91047,91064,91067,91069,91075,91079,91080,91081,91085,91086,91093,91095,91097,91098,91099,91100,91103,91105,91106,91109,91111,91112,91114,91115,91121,91122,91129,91130,91131,91132,91135,91136,91137,91145,91148,91156,91159,91161,91174,91175,91179,91180,91184,91186,91191,91195,91198,91200,91201,91204,91207,91215,91216,91223,91225,91226,91228,91232,91235,91240,91243,91244,91247,91248,91249,91272,91273,91274,91275,91284,91286,91292,91293,91294,91312,91315,91318,91319,91326,91330,91332,91333,91338,91339,91340,91345,91347,91359,91363,91374,91376,91377,91378,91386,91390,91393,91399,91405,91408,91411,91412,91414,91421,91425,91432,91433,91434,91435,91441,91457,91458,91461,91463,91468,91469,91471,91473,91477,91479,91482,91494,91495,91507,91508,91511,91514,91519,91521,91525,91526,91533,91534,91538,91540,91544,91546,91547,91549,91552,91553,91556,91560,91568,91570,91573,91577,91578,91579,91581,91587,91589,91593,91599,91600,91602,91613,91617,91619,91629,91630,91631,91634,91635,91639,91645,91648,91649,91654,91657,91659,91661,91662,91665,91666,91667,91671,91679,91685,91687,91689,91691,91692,92002,92004,92007,92009,92012,92014,92019,92020,92022,92023,92024,92025,92026,92032,92033,92035,92036,92040,92044,92046,92047,92048,92049,92050,92051,92060,92062,92063,92064,92071,92072,92073,92075,92076,92077,92078,93001,93005,93006,93007,93008,93010,93013,93014,93015,93027,93029,93030,93031,93032,93033,93039,93045,93046,93047,93048,93049,93050,93051,93053,93055,93057,93061,93062,93063,93064,93066,93070,93071,93072,93073,93074,93077,93078,93079,94001,94002,94003,94004,94011,94015,94016,94017,94018,94019,94021,94022,94028,94033,94034,94037,94038,94041,94042,94043,94044,94046,94047,94048,94052,94053,94054,94055,94056,94058,94059,94060,94065,94067,94068,94069,94070,94071,94073,94074,94075,94076,94077,94078,94079,94080,94081,95002,95008,95011,95012,95014,95018,95019,95023,95024,95026,95028,95039,95040,95042,95046,95051,95052,95054,95055,95056,95058,95059,95060,95061,95063,95074,95078,95088,95091,95094,95101,95102,95110,95116,95119,95120,95127,95134,95139,95141,95142,95144,95149,95150,95151,95154,95157,95166,95169,95170,95176,95177,95181,95183,95197,95199,95203,95205,95210,95211,95212,95213,95214,95218,95219,95229,95241,95250,95252,95253,95254,95256,95257,95258,95268,95270,95271,95277,95280,95287,95288,95295,95298,95301,95303,95304,95306,95308,95309,95313,95316,95323,95328,95331,95341,95348,95351,95352,95353,95355,95365,95369,95370,95371,95379,95387,95388,95392,95394,95395,95409,95422,95424,95426,95427,95428,95429,95430,95436,95438,95445,95446,95447,95450,95452,95456,95459,95462,95476,95480,95483,95487,95488,95489,95491,95492,95493,95500,95504,95509,95510,95523,95527,95529,95535,95539,95541,95543,95554,95555,95563,95566,95572,95574,95580,95582,95584,95585,95592,95594,95598,95604,95607,95610,95611,95612,95625,95627,95628,95633,95637,95641,95651,95652,95656,95658,95660,95675,95676,95678,95680,95682,95690}","",2026-03-24 14:41:32.274366+01,gold_establishments_2025,,,,13001249500011,2025,Services de l'Etat,Région,"['Paris', 'Seine-et-Marne', 'Yvelines', 'Essonne', 'Hauts-de-Seine', 'Seine-Saint-Denis', 'Val-de-Ma",['Île-de-France'],DRFIP,"{75,77,78,91,92,93,94,95}",{11}
53152ea6-0cd5-4885-bf6c-f01c010efe81,130012354,DRIEAT Ile-de-France,false,"{75056,75101,75102,75103,75104,75105,75106,75107,75108,75109,75110,75111,75112,75113,75114,75115,75116,75117,75118,75119,75120,77001,77002,77003,77004,77005,77006,77007,77008,77009,77010,77011,77012,77013,77014,77015,77016,77018,77019,77020,77021,77022,77023,77024,77025,77026,77027,77029,77030,77031,77032,77033,77034,77035,77036,77037,77038,77039,77040,77041,77042,77043,77044,77045,77046,77047,77048,77049,77050,77051,77052,77053,77054,77055,77056,77057,77058,77059,77060,77061,77062,77063,77065,77066,77067,77068,77069,77070,77071,77072,77073,77075,77076,77077,77078,77079,77080,77081,77082,77083,77084,77085,77086,77087,77088,77089,77090,77091,77093,77094,77095,77096,77097,77098,77099,77100,77101,77102,77103,77104,77106,77107,77108,77109,77110,77111,77112,77113,77114,77115,77116,77117,77118,77119,77120,77121,77122,77123,77124,77125,77126,77127,77128,77129,77130,77131,77132,77133,77134,77135,77136,77137,77138,77139,77140,77141,77142,77143,77144,77145,77146,77147,77148,77150,77151,77152,77153,77154,77155,77156,77157,77158,77159,77161,77162,77163,77164,77165,77167,77168,77169,77171,77172,77173,77174,77175,77176,77177,77178,77179,77180,77181,77182,77183,77184,77185,77186,77187,77188,77190,77191,77192,77193,77194,77195,77196,77197,77198,77199,77200,77201,77202,77203,77204,77205,77206,77207,77208,77209,77210,77211,77212,77214,77215,77216,77217,77218,77219,77220,77221,77222,77223,77224,77225,77226,77227,77228,77229,77230,77231,77232,77233,77234,77235,77236,77237,77238,77239,77240,77241,77242,77243,77244,77245,77246,77247,77248,77249,77250,77251,77252,77253,77254,77255,77256,77257,77258,77259,77260,77261,77262,77263,77264,77265,77266,77267,77268,77269,77270,77271,77272,77273,77274,77275,77276,77277,77278,77279,77280,77281,77282,77283,77284,77285,77286,77287,77288,77289,77290,77291,77292,77293,77294,77295,77296,77297,77298,77300,77301,77302,77303,77304,77305,77306,77307,77308,77309,77310,77311,77312,77313,77314,77315,77316,77317,77318,77319,77320,77321,77322,77323,77325,77326,77327,77328,77329,77330,77331,77332,77333,77335,77336,77337,77338,77339,77340,77341,77342,77343,77344,77345,77347,77348,77349,77350,77352,77353,77354,77355,77356,77357,77358,77359,77360,77361,77363,77364,77365,77366,77367,77368,77369,77370,77371,77372,77373,77374,77376,77377,77378,77379,77380,77381,77382,77383,77384,77385,77386,77387,77388,77389,77390,77391,77392,77393,77394,77395,77396,77397,77398,77400,77401,77402,77403,77404,77405,77406,77407,77408,77409,77410,77411,77412,77413,77414,77415,77416,77417,77418,77419,77420,77421,77423,77424,77425,77426,77427,77428,77429,77430,77431,77432,77433,77434,77435,77436,77437,77438,77439,77440,77441,77442,77443,77444,77445,77446,77447,77448,77449,77450,77451,77452,77453,77454,77455,77456,77457,77458,77459,77460,77461,77462,77463,77464,77465,77466,77467,77468,77469,77470,77471,77472,77473,77474,77475,77476,77477,77478,77479,77480,77481,77482,77483,77484,77485,77486,77487,77489,77490,77492,77493,77494,77495,77496,77498,77500,77501,77504,77505,77506,77507,77508,77509,77510,77511,77512,77513,77514,77515,77516,77517,77518,77519,77520,77521,77522,77523,77524,77525,77526,77527,77528,77529,77530,77531,77532,77533,77534,78003,78005,78006,78007,78009,78010,78013,78015,78020,78029,78030,78031,78033,78034,78036,78043,78048,78049,78050,78053,78057,78062,78068,78070,78071,78072,78073,78076,78077,78082,78084,78087,78089,78090,78092,78096,78104,78107,78108,78113,78117,78118,78120,78123,78124,78125,78126,78128,78133,78138,78140,78143,78146,78147,78152,78158,78160,78162,78163,78164,78165,78168,78171,78172,78185,78188,78189,78190,78192,78193,78194,78196,78202,78206,78208,78209,78217,78220,78224,78227,78230,78231,78233,78234,78236,78237,78238,78239,78242,78245,78246,78255,78261,78262,78263,78264,78265,78267,78269,78276,78278,78281,78283,78285,78289,78290,78291,78296,78297,78299,78300,78302,78305,78307,78310,78311,78314,78317,78320,78321,78322,78324,78325,78327,78329,78334,78335,78337,78343,78344,78346,78349,78350,78354,78356,78358,78361,78362,78364,78366,78367,78368,78372,78380,78381,78382,78383,78384,78385,78389,78391,78396,78397,78398,78401,78402,78403,78404,78406,78407,78410,78413,78415,78416,78417,78418,78420,78423,78431,78437,78439,78440,78442,78443,78444,78451,78455,78460,78464,78465,78466,78470,78472,78474,78475,78478,78481,78484,78486,78490,78497,78498,78499,78501,78502,78505,78506,78513,78516,78517,78518,78520,78522,78528,78530,78531,78536,78537,78545,78548,78550,78551,78557,78558,78559,78561,78562,78564,78565,78567,78569,78571,78575,78576,78586,78588,78590,78591,78597,78601,78605,78606,78608,78609,78615,78616,78618,78620,78621,78623,78624,78638,78640,78642,78643,78644,78646,78647,78650,78653,78655,78668,78672,78674,78677,78681,78683,78686,78688,91001,91016,91017,91021,91022,91027,91035,91037,91038,91041,91044,91045,91047,91064,91067,91069,91075,91079,91080,91081,91085,91086,91093,91095,91097,91098,91099,91100,91103,91105,91106,91109,91111,91112,91114,91115,91121,91122,91129,91130,91131,91132,91135,91136,91137,91145,91148,91156,91159,91161,91174,91175,91179,91180,91184,91186,91191,91195,91198,91200,91201,91204,91207,91215,91216,91223,91225,91226,91228,91232,91235,91240,91243,91244,91247,91248,91249,91272,91273,91274,91275,91284,91286,91292,91293,91294,91312,91315,91318,91319,91326,91330,91332,91333,91338,91339,91340,91345,91347,91359,91363,91374,91376,91377,91378,91386,91390,91393,91399,91405,91408,91411,91412,91414,91421,91425,91432,91433,91434,91435,91441,91457,91458,91461,91463,91468,91469,91471,91473,91477,91479,91482,91494,91495,91507,91508,91511,91514,91519,91521,91525,91526,91533,91534,91538,91540,91544,91546,91547,91549,91552,91553,91556,91560,91568,91570,91573,91577,91578,91579,91581,91587,91589,91593,91599,91600,91602,91613,91617,91619,91629,91630,91631,91634,91635,91639,91645,91648,91649,91654,91657,91659,91661,91662,91665,91666,91667,91671,91679,91685,91687,91689,91691,91692,92002,92004,92007,92009,92012,92014,92019,92020,92022,92023,92024,92025,92026,92032,92033,92035,92036,92040,92044,92046,92047,92048,92049,92050,92051,92060,92062,92063,92064,92071,92072,92073,92075,92076,92077,92078,93001,93005,93006,93007,93008,93010,93013,93014,93015,93027,93029,93030,93031,93032,93033,93039,93045,93046,93047,93048,93049,93050,93051,93053,93055,93057,93059,93061,93062,93063,93064,93066,93070,93071,93072,93073,93074,93077,93078,93079,94001,94002,94003,94004,94011,94015,94016,94017,94018,94019,94021,94022,94028,94033,94034,94037,94038,94041,94042,94043,94044,94046,94047,94048,94052,94053,94054,94055,94056,94058,94059,94060,94065,94067,94068,94069,94070,94071,94073,94074,94075,94076,94077,94078,94079,94080,94081,95002,95008,95011,95012,95014,95018,95019,95023,95024,95026,95028,95039,95040,95042,95046,95051,95052,95054,95055,95056,95058,95059,95060,95061,95063,95074,95078,95088,95091,95094,95101,95102,95110,95116,95119,95120,95127,95134,95139,95141,95142,95144,95149,95150,95151,95154,95157,95166,95169,95170,95176,95177,95181,95183,95197,95199,95203,95205,95210,95211,95212,95213,95214,95218,95219,95229,95241,95250,95252,95253,95254,95256,95257,95258,95268,95270,95271,95277,95280,95282,95287,95288,95295,95298,95301,95303,95304,95306,95308,95309,95313,95316,95323,95328,95331,95341,95348,95351,95352,95353,95355,95365,95369,95370,95371,95379,95387,95388,95392,95394,95395,95409,95422,95424,95426,95427,95428,95429,95430,95436,95438,95445,95446,95447,95450,95452,95456,95459,95462,95476,95480,95483,95487,95488,95489,95491,95492,95493,95500,95504,95509,95510,95523,95527,95529,95535,95539,95541,95543,95554,95555,95563,95566,95572,95574,95580,95582,95584,95585,95592,95594,95598,95604,95607,95610,95611,95612,95625,95627,95628,95633,95637,95641,95651,95652,95656,95658,95660,95675,95676,95678,95680,95682,95690}",SDER,2023-12-15 12:09:14.558+01,seed,,,,,,,,,,,,
53e442f8-3b84-493c-8cad-3eec653d1d79,130029325,DRIEAT Île-de-France,false,"{75056,75101,75102,75103,75104,75105,75106,75107,75108,75109,75110,75111,75112,75113,75114,75115,75116,75117,75118,75119,75120,77001,77002,77003,77004,77005,77006,77007,77008,77009,77010,77011,77012,77013,77014,77015,77016,77018,77019,77020,77021,77022,77023,77024,77025,77026,77027,77029,77030,77031,77032,77033,77034,77035,77036,77037,77038,77039,77040,77041,77042,77043,77044,77045,77046,77047,77048,77049,77050,77051,77052,77053,77054,77055,77056,77057,77058,77059,77060,77061,77062,77063,77065,77066,77067,77068,77069,77070,77071,77072,77073,77075,77076,77077,77078,77079,77080,77081,77082,77083,77084,77085,77086,77087,77088,77089,77090,77091,77093,77094,77095,77096,77097,77098,77099,77100,77101,77102,77103,77104,77106,77107,77108,77109,77110,77111,77112,77113,77114,77115,77116,77117,77118,77119,77120,77121,77122,77123,77124,77125,77126,77127,77128,77129,77130,77131,77132,77133,77134,77135,77136,77137,77138,77139,77140,77141,77142,77143,77144,77145,77146,77147,77148,77150,77151,77152,77153,77154,77155,77156,77157,77158,77159,77161,77162,77163,77164,77165,77167,77168,77169,77171,77172,77173,77174,77175,77176,77177,77178,77179,77180,77181,77182,77183,77184,77185,77186,77187,77188,77190,77191,77192,77193,77194,77195,77196,77197,77198,77199,77200,77201,77202,77203,77204,77205,77206,77207,77208,77209,77210,77211,77212,77214,77215,77216,77217,77218,77219,77220,77221,77222,77223,77224,77225,77226,77227,77228,77229,77230,77231,77232,77233,77234,77235,77236,77237,77238,77239,77240,77241,77242,77243,77244,77245,77246,77247,77248,77249,77250,77251,77252,77253,77254,77255,77256,77257,77258,77259,77260,77261,77262,77263,77264,77265,77266,77267,77268,77269,77270,77271,77272,77273,77274,77275,77276,77277,77278,77279,77280,77281,77282,77283,77284,77285,77286,77287,77288,77289,77290,77291,77292,77293,77294,77295,77296,77297,77298,77300,77301,77302,77303,77304,77305,77306,77307,77308,77309,77310,77311,77312,77313,77314,77315,77316,77317,77318,77319,77320,77321,77322,77323,77325,77326,77327,77328,77329,77330,77331,77332,77333,77335,77336,77337,77338,77339,77340,77341,77342,77343,77344,77345,77347,77348,77349,77350,77352,77353,77354,77355,77356,77357,77358,77359,77360,77361,77363,77364,77365,77366,77367,77368,77369,77370,77371,77372,77373,77374,77376,77377,77378,77379,77380,77381,77382,77383,77384,77385,77386,77387,77388,77389,77390,77391,77392,77393,77394,77395,77396,77397,77398,77400,77401,77402,77403,77404,77405,77406,77407,77408,77409,77410,77411,77412,77413,77414,77415,77416,77417,77418,77419,77420,77421,77423,77424,77425,77426,77427,77428,77429,77430,77431,77432,77433,77434,77435,77436,77437,77438,77439,77440,77441,77442,77443,77444,77445,77446,77447,77448,77449,77450,77451,77452,77453,77454,77455,77456,77457,77458,77459,77460,77461,77462,77463,77464,77465,77466,77467,77468,77469,77470,77471,77472,77473,77474,77475,77476,77477,77478,77479,77480,77481,77482,77483,77484,77485,77486,77487,77489,77490,77492,77493,77494,77495,77496,77498,77500,77501,77504,77505,77506,77507,77508,77509,77510,77511,77512,77513,77514,77515,77516,77517,77518,77519,77520,77521,77522,77523,77524,77525,77526,77527,77528,77529,77530,77531,77532,77533,77534,78003,78005,78006,78007,78009,78010,78013,78015,78020,78029,78030,78031,78033,78034,78036,78043,78048,78049,78050,78053,78057,78062,78068,78070,78071,78072,78073,78076,78077,78082,78084,78087,78089,78090,78092,78096,78104,78107,78108,78113,78117,78118,78120,78123,78124,78125,78126,78128,78133,78138,78140,78143,78146,78147,78152,78158,78160,78162,78163,78164,78165,78168,78171,78172,78185,78188,78189,78190,78192,78193,78194,78196,78202,78206,78208,78209,78217,78220,78224,78227,78230,78231,78233,78234,78236,78237,78238,78239,78242,78245,78246,78255,78261,78262,78263,78264,78265,78267,78269,78276,78278,78281,78283,78285,78289,78290,78291,78296,78297,78299,78300,78302,78305,78307,78310,78311,78314,78317,78320,78321,78322,78324,78325,78327,78329,78334,78335,78337,78343,78344,78346,78349,78350,78354,78356,78358,78361,78362,78364,78366,78367,78368,78372,78380,78381,78382,78383,78384,78385,78389,78391,78396,78397,78398,78401,78402,78403,78404,78406,78407,78410,78413,78415,78416,78417,78418,78420,78423,78431,78437,78439,78440,78442,78443,78444,78451,78455,78460,78464,78465,78466,78470,78472,78474,78475,78478,78481,78484,78486,78490,78497,78498,78499,78501,78502,78505,78506,78513,78516,78517,78518,78520,78522,78528,78530,78531,78536,78537,78545,78548,78550,78551,78557,78558,78559,78561,78562,78564,78565,78567,78569,78571,78575,78576,78586,78588,78590,78591,78597,78601,78605,78606,78608,78609,78615,78616,78618,78620,78621,78623,78624,78638,78640,78642,78643,78644,78646,78647,78650,78653,78655,78668,78672,78674,78677,78681,78683,78686,78688,91001,91016,91017,91021,91022,91027,91035,91037,91038,91041,91044,91045,91047,91064,91067,91069,91075,91079,91080,91081,91085,91086,91093,91095,91097,91098,91099,91100,91103,91105,91106,91109,91111,91112,91114,91115,91121,91122,91129,91130,91131,91132,91135,91136,91137,91145,91148,91156,91159,91161,91174,91175,91179,91180,91184,91186,91191,91195,91198,91200,91201,91204,91207,91215,91216,91223,91225,91226,91228,91232,91235,91240,91243,91244,91247,91248,91249,91272,91273,91274,91275,91284,91286,91292,91293,91294,91312,91315,91318,91319,91326,91330,91332,91333,91338,91339,91340,91345,91347,91359,91363,91374,91376,91377,91378,91386,91390,91393,91399,91405,91408,91411,91412,91414,91421,91425,91432,91433,91434,91435,91441,91457,91458,91461,91463,91468,91469,91471,91473,91477,91479,91482,91494,91495,91507,91508,91511,91514,91519,91521,91525,91526,91533,91534,91538,91540,91544,91546,91547,91549,91552,91553,91556,91560,91568,91570,91573,91577,91578,91579,91581,91587,91589,91593,91599,91600,91602,91613,91617,91619,91629,91630,91631,91634,91635,91639,91645,91648,91649,91654,91657,91659,91661,91662,91665,91666,91667,91671,91679,91685,91687,91689,91691,91692,92002,92004,92007,92009,92012,92014,92019,92020,92022,92023,92024,92025,92026,92032,92033,92035,92036,92040,92044,92046,92047,92048,92049,92050,92051,92060,92062,92063,92064,92071,92072,92073,92075,92076,92077,92078,93001,93005,93006,93007,93008,93010,93013,93014,93015,93027,93029,93030,93031,93032,93033,93039,93045,93046,93047,93048,93049,93050,93051,93053,93055,93057,93061,93062,93063,93064,93066,93070,93071,93072,93073,93074,93077,93078,93079,94001,94002,94003,94004,94011,94015,94016,94017,94018,94019,94021,94022,94028,94033,94034,94037,94038,94041,94042,94043,94044,94046,94047,94048,94052,94053,94054,94055,94056,94058,94059,94060,94065,94067,94068,94069,94070,94071,94073,94074,94075,94076,94077,94078,94079,94080,94081,95002,95008,95011,95012,95014,95018,95019,95023,95024,95026,95028,95039,95040,95042,95046,95051,95052,95054,95055,95056,95058,95059,95060,95061,95063,95074,95078,95088,95091,95094,95101,95102,95110,95116,95119,95120,95127,95134,95139,95141,95142,95144,95149,95150,95151,95154,95157,95166,95169,95170,95176,95177,95181,95183,95197,95199,95203,95205,95210,95211,95212,95213,95214,95218,95219,95229,95241,95250,95252,95253,95254,95256,95257,95258,95268,95270,95271,95277,95280,95287,95288,95295,95298,95301,95303,95304,95306,95308,95309,95313,95316,95323,95328,95331,95341,95348,95351,95352,95353,95355,95365,95369,95370,95371,95379,95387,95388,95392,95394,95395,95409,95422,95424,95426,95427,95428,95429,95430,95436,95438,95445,95446,95447,95450,95452,95456,95459,95462,95476,95480,95483,95487,95488,95489,95491,95492,95493,95500,95504,95509,95510,95523,95527,95529,95535,95539,95541,95543,95554,95555,95563,95566,95572,95574,95580,95582,95584,95585,95592,95594,95598,95604,95607,95610,95611,95612,95625,95627,95628,95633,95637,95641,95651,95652,95656,95658,95660,95675,95676,95678,95680,95682,95690}","",2026-03-24 14:41:32.274366+01,gold_establishments_2025,,,,13002932500011,2025,Services de l'Etat,Région,"['Paris', 'Seine-et-Marne', 'Yvelines', 'Essonne', 'Hauts-de-Seine', 'Seine-Saint-Denis', 'Val-de-Ma",['Île-de-France'],DRIEAT,"{75,77,78,91,92,93,94,95}",{11}
ddc6bdb3-a12e-4fc9-9491-fcc364c69429,130029168,DRIEETS Île-de-France,false,"{75056,75101,75102,75103,75104,75105,75106,75107,75108,75109,75110,75111,75112,75113,75114,75115,75116,75117,75118,75119,75120,77001,77002,77003,77004,77005,77006,77007,77008,77009,77010,77011,77012,77013,77014,77015,77016,77018,77019,77020,77021,77022,77023,77024,77025,77026,77027,77029,77030,77031,77032,77033,77034,77035,77036,77037,77038,77039,77040,77041,77042,77043,77044,77045,77046,77047,77048,77049,77050,77051,77052,77053,77054,77055,77056,77057,77058,77059,77060,77061,77062,77063,77065,77066,77067,77068,77069,77070,77071,77072,77073,77075,77076,77077,77078,77079,77080,77081,77082,77083,77084,77085,77086,77087,77088,77089,77090,77091,77093,77094,77095,77096,77097,77098,77099,77100,77101,77102,77103,77104,77106,77107,77108,77109,77110,77111,77112,77113,77114,77115,77116,77117,77118,77119,77120,77121,77122,77123,77124,77125,77126,77127,77128,77129,77130,77131,77132,77133,77134,77135,77136,77137,77138,77139,77140,77141,77142,77143,77144,77145,77146,77147,77148,77150,77151,77152,77153,77154,77155,77156,77157,77158,77159,77161,77162,77163,77164,77165,77167,77168,77169,77171,77172,77173,77174,77175,77176,77177,77178,77179,77180,77181,77182,77183,77184,77185,77186,77187,77188,77190,77191,77192,77193,77194,77195,77196,77197,77198,77199,77200,77201,77202,77203,77204,77205,77206,77207,77208,77209,77210,77211,77212,77214,77215,77216,77217,77218,77219,77220,77221,77222,77223,77224,77225,77226,77227,77228,77229,77230,77231,77232,77233,77234,77235,77236,77237,77238,77239,77240,77241,77242,77243,77244,77245,77246,77247,77248,77249,77250,77251,77252,77253,77254,77255,77256,77257,77258,77259,77260,77261,77262,77263,77264,77265,77266,77267,77268,77269,77270,77271,77272,77273,77274,77275,77276,77277,77278,77279,77280,77281,77282,77283,77284,77285,77286,77287,77288,77289,77290,77291,77292,77293,77294,77295,77296,77297,77298,77300,77301,77302,77303,77304,77305,77306,77307,77308,77309,77310,77311,77312,77313,77314,77315,77316,77317,77318,77319,77320,77321,77322,77323,77325,77326,77327,77328,77329,77330,77331,77332,77333,77335,77336,77337,77338,77339,77340,77341,77342,77343,77344,77345,77347,77348,77349,77350,77352,77353,77354,77355,77356,77357,77358,77359,77360,77361,77363,77364,77365,77366,77367,77368,77369,77370,77371,77372,77373,77374,77376,77377,77378,77379,77380,77381,77382,77383,77384,77385,77386,77387,77388,77389,77390,77391,77392,77393,77394,77395,77396,77397,77398,77400,77401,77402,77403,77404,77405,77406,77407,77408,77409,77410,77411,77412,77413,77414,77415,77416,77417,77418,77419,77420,77421,77423,77424,77425,77426,77427,77428,77429,77430,77431,77432,77433,77434,77435,77436,77437,77438,77439,77440,77441,77442,77443,77444,77445,77446,77447,77448,77449,77450,77451,77452,77453,77454,77455,77456,77457,77458,77459,77460,77461,77462,77463,77464,77465,77466,77467,77468,77469,77470,77471,77472,77473,77474,77475,77476,77477,77478,77479,77480,77481,77482,77483,77484,77485,77486,77487,77489,77490,77492,77493,77494,77495,77496,77498,77500,77501,77504,77505,77506,77507,77508,77509,77510,77511,77512,77513,77514,77515,77516,77517,77518,77519,77520,77521,77522,77523,77524,77525,77526,77527,77528,77529,77530,77531,77532,77533,77534,78003,78005,78006,78007,78009,78010,78013,78015,78020,78029,78030,78031,78033,78034,78036,78043,78048,78049,78050,78053,78057,78062,78068,78070,78071,78072,78073,78076,78077,78082,78084,78087,78089,78090,78092,78096,78104,78107,78108,78113,78117,78118,78120,78123,78124,78125,78126,78128,78133,78138,78140,78143,78146,78147,78152,78158,78160,78162,78163,78164,78165,78168,78171,78172,78185,78188,78189,78190,78192,78193,78194,78196,78202,78206,78208,78209,78217,78220,78224,78227,78230,78231,78233,78234,78236,78237,78238,78239,78242,78245,78246,78255,78261,78262,78263,78264,78265,78267,78269,78276,78278,78281,78283,78285,78289,78290,78291,78296,78297,78299,78300,78302,78305,78307,78310,78311,78314,78317,78320,78321,78322,78324,78325,78327,78329,78334,78335,78337,78343,78344,78346,78349,78350,78354,78356,78358,78361,78362,78364,78366,78367,78368,78372,78380,78381,78382,78383,78384,78385,78389,78391,78396,78397,78398,78401,78402,78403,78404,78406,78407,78410,78413,78415,78416,78417,78418,78420,78423,78431,78437,78439,78440,78442,78443,78444,78451,78455,78460,78464,78465,78466,78470,78472,78474,78475,78478,78481,78484,78486,78490,78497,78498,78499,78501,78502,78505,78506,78513,78516,78517,78518,78520,78522,78528,78530,78531,78536,78537,78545,78548,78550,78551,78557,78558,78559,78561,78562,78564,78565,78567,78569,78571,78575,78576,78586,78588,78590,78591,78597,78601,78605,78606,78608,78609,78615,78616,78618,78620,78621,78623,78624,78638,78640,78642,78643,78644,78646,78647,78650,78653,78655,78668,78672,78674,78677,78681,78683,78686,78688,91001,91016,91017,91021,91022,91027,91035,91037,91038,91041,91044,91045,91047,91064,91067,91069,91075,91079,91080,91081,91085,91086,91093,91095,91097,91098,91099,91100,91103,91105,91106,91109,91111,91112,91114,91115,91121,91122,91129,91130,91131,91132,91135,91136,91137,91145,91148,91156,91159,91161,91174,91175,91179,91180,91184,91186,91191,91195,91198,91200,91201,91204,91207,91215,91216,91223,91225,91226,91228,91232,91235,91240,91243,91244,91247,91248,91249,91272,91273,91274,91275,91284,91286,91292,91293,91294,91312,91315,91318,91319,91326,91330,91332,91333,91338,91339,91340,91345,91347,91359,91363,91374,91376,91377,91378,91386,91390,91393,91399,91405,91408,91411,91412,91414,91421,91425,91432,91433,91434,91435,91441,91457,91458,91461,91463,91468,91469,91471,91473,91477,91479,91482,91494,91495,91507,91508,91511,91514,91519,91521,91525,91526,91533,91534,91538,91540,91544,91546,91547,91549,91552,91553,91556,91560,91568,91570,91573,91577,91578,91579,91581,91587,91589,91593,91599,91600,91602,91613,91617,91619,91629,91630,91631,91634,91635,91639,91645,91648,91649,91654,91657,91659,91661,91662,91665,91666,91667,91671,91679,91685,91687,91689,91691,91692,92002,92004,92007,92009,92012,92014,92019,92020,92022,92023,92024,92025,92026,92032,92033,92035,92036,92040,92044,92046,92047,92048,92049,92050,92051,92060,92062,92063,92064,92071,92072,92073,92075,92076,92077,92078,93001,93005,93006,93007,93008,93010,93013,93014,93015,93027,93029,93030,93031,93032,93033,93039,93045,93046,93047,93048,93049,93050,93051,93053,93055,93057,93061,93062,93063,93064,93066,93070,93071,93072,93073,93074,93077,93078,93079,94001,94002,94003,94004,94011,94015,94016,94017,94018,94019,94021,94022,94028,94033,94034,94037,94038,94041,94042,94043,94044,94046,94047,94048,94052,94053,94054,94055,94056,94058,94059,94060,94065,94067,94068,94069,94070,94071,94073,94074,94075,94076,94077,94078,94079,94080,94081,95002,95008,95011,95012,95014,95018,95019,95023,95024,95026,95028,95039,95040,95042,95046,95051,95052,95054,95055,95056,95058,95059,95060,95061,95063,95074,95078,95088,95091,95094,95101,95102,95110,95116,95119,95120,95127,95134,95139,95141,95142,95144,95149,95150,95151,95154,95157,95166,95169,95170,95176,95177,95181,95183,95197,95199,95203,95205,95210,95211,95212,95213,95214,95218,95219,95229,95241,95250,95252,95253,95254,95256,95257,95258,95268,95270,95271,95277,95280,95287,95288,95295,95298,95301,95303,95304,95306,95308,95309,95313,95316,95323,95328,95331,95341,95348,95351,95352,95353,95355,95365,95369,95370,95371,95379,95387,95388,95392,95394,95395,95409,95422,95424,95426,95427,95428,95429,95430,95436,95438,95445,95446,95447,95450,95452,95456,95459,95462,95476,95480,95483,95487,95488,95489,95491,95492,95493,95500,95504,95509,95510,95523,95527,95529,95535,95539,95541,95543,95554,95555,95563,95566,95572,95574,95580,95582,95584,95585,95592,95594,95598,95604,95607,95610,95611,95612,95625,95627,95628,95633,95637,95641,95651,95652,95656,95658,95660,95675,95676,95678,95680,95682,95690}",SDER,2026-03-24 14:41:32.274366+01,gold_establishments_2025,,,,13002916800171,2025,Services de l'Etat,Région,"['Paris', 'Seine-et-Marne', 'Yvelines', 'Essonne', 'Hauts-de-Seine', 'Seine-Saint-Denis', 'Val-de-Ma",['Île-de-France'],DRIEETS,"{75,77,78,91,92,93,94,95}",{11}
515bd1d5-456b-4cc6-817f-b9be28de2adb,130012628,DRIHL Île-de-France,false,"{75056,75101,75102,75103,75104,75105,75106,75107,75108,75109,75110,75111,75112,75113,75114,75115,75116,75117,75118,75119,75120,77001,77002,77003,77004,77005,77006,77007,77008,77009,77010,77011,77012,77013,77014,77015,77016,77018,77019,77020,77021,77022,77023,77024,77025,77026,77027,77029,77030,77031,77032,77033,77034,77035,77036,77037,77038,77039,77040,77041,77042,77043,77044,77045,77046,77047,77048,77049,77050,77051,77052,77053,77054,77055,77056,77057,77058,77059,77060,77061,77062,77063,77065,77066,77067,77068,77069,77070,77071,77072,77073,77075,77076,77077,77078,77079,77080,77081,77082,77083,77084,77085,77086,77087,77088,77089,77090,77091,77093,77094,77095,77096,77097,77098,77099,77100,77101,77102,77103,77104,77106,77107,77108,77109,77110,77111,77112,77113,77114,77115,77116,77117,77118,77119,77120,77121,77122,77123,77124,77125,77126,77127,77128,77129,77130,77131,77132,77133,77134,77135,77136,77137,77138,77139,77140,77141,77142,77143,77144,77145,77146,77147,77148,77150,77151,77152,77153,77154,77155,77156,77157,77158,77159,77161,77162,77163,77164,77165,77167,77168,77169,77171,77172,77173,77174,77175,77176,77177,77178,77179,77180,77181,77182,77183,77184,77185,77186,77187,77188,77190,77191,77192,77193,77194,77195,77196,77197,77198,77199,77200,77201,77202,77203,77204,77205,77206,77207,77208,77209,77210,77211,77212,77214,77215,77216,77217,77218,77219,77220,77221,77222,77223,77224,77225,77226,77227,77228,77229,77230,77231,77232,77233,77234,77235,77236,77237,77238,77239,77240,77241,77242,77243,77244,77245,77246,77247,77248,77249,77250,77251,77252,77253,77254,77255,77256,77257,77258,77259,77260,77261,77262,77263,77264,77265,77266,77267,77268,77269,77270,77271,77272,77273,77274,77275,77276,77277,77278,77279,77280,77281,77282,77283,77284,77285,77286,77287,77288,77289,77290,77291,77292,77293,77294,77295,77296,77297,77298,77300,77301,77302,77303,77304,77305,77306,77307,77308,77309,77310,77311,77312,77313,77314,77315,77316,77317,77318,77319,77320,77321,77322,77323,77325,77326,77327,77328,77329,77330,77331,77332,77333,77335,77336,77337,77338,77339,77340,77341,77342,77343,77344,77345,77347,77348,77349,77350,77352,77353,77354,77355,77356,77357,77358,77359,77360,77361,77363,77364,77365,77366,77367,77368,77369,77370,77371,77372,77373,77374,77376,77377,77378,77379,77380,77381,77382,77383,77384,77385,77386,77387,77388,77389,77390,77391,77392,77393,77394,77395,77396,77397,77398,77400,77401,77402,77403,77404,77405,77406,77407,77408,77409,77410,77411,77412,77413,77414,77415,77416,77417,77418,77419,77420,77421,77423,77424,77425,77426,77427,77428,77429,77430,77431,77432,77433,77434,77435,77436,77437,77438,77439,77440,77441,77442,77443,77444,77445,77446,77447,77448,77449,77450,77451,77452,77453,77454,77455,77456,77457,77458,77459,77460,77461,77462,77463,77464,77465,77466,77467,77468,77469,77470,77471,77472,77473,77474,77475,77476,77477,77478,77479,77480,77481,77482,77483,77484,77485,77486,77487,77489,77490,77492,77493,77494,77495,77496,77498,77500,77501,77504,77505,77506,77507,77508,77509,77510,77511,77512,77513,77514,77515,77516,77517,77518,77519,77520,77521,77522,77523,77524,77525,77526,77527,77528,77529,77530,77531,77532,77533,77534,78003,78005,78006,78007,78009,78010,78013,78015,78020,78029,78030,78031,78033,78034,78036,78043,78048,78049,78050,78053,78057,78062,78068,78070,78071,78072,78073,78076,78077,78082,78084,78087,78089,78090,78092,78096,78104,78107,78108,78113,78117,78118,78120,78123,78124,78125,78126,78128,78133,78138,78140,78143,78146,78147,78152,78158,78160,78162,78163,78164,78165,78168,78171,78172,78185,78188,78189,78190,78192,78193,78194,78196,78202,78206,78208,78209,78217,78220,78224,78227,78230,78231,78233,78234,78236,78237,78238,78239,78242,78245,78246,78255,78261,78262,78263,78264,78265,78267,78269,78276,78278,78281,78283,78285,78289,78290,78291,78296,78297,78299,78300,78302,78305,78307,78310,78311,78314,78317,78320,78321,78322,78324,78325,78327,78329,78334,78335,78337,78343,78344,78346,78349,78350,78354,78356,78358,78361,78362,78364,78366,78367,78368,78372,78380,78381,78382,78383,78384,78385,78389,78391,78396,78397,78398,78401,78402,78403,78404,78406,78407,78410,78413,78415,78416,78417,78418,78420,78423,78431,78437,78439,78440,78442,78443,78444,78451,78455,78460,78464,78465,78466,78470,78472,78474,78475,78478,78481,78484,78486,78490,78497,78498,78499,78501,78502,78505,78506,78513,78516,78517,78518,78520,78522,78528,78530,78531,78536,78537,78545,78548,78550,78551,78557,78558,78559,78561,78562,78564,78565,78567,78569,78571,78575,78576,78586,78588,78590,78591,78597,78601,78605,78606,78608,78609,78615,78616,78618,78620,78621,78623,78624,78638,78640,78642,78643,78644,78646,78647,78650,78653,78655,78668,78672,78674,78677,78681,78683,78686,78688,91001,91016,91017,91021,91022,91027,91035,91037,91038,91041,91044,91045,91047,91064,91067,91069,91075,91079,91080,91081,91085,91086,91093,91095,91097,91098,91099,91100,91103,91105,91106,91109,91111,91112,91114,91115,91121,91122,91129,91130,91131,91132,91135,91136,91137,91145,91148,91156,91159,91161,91174,91175,91179,91180,91184,91186,91191,91195,91198,91200,91201,91204,91207,91215,91216,91223,91225,91226,91228,91232,91235,91240,91243,91244,91247,91248,91249,91272,91273,91274,91275,91284,91286,91292,91293,91294,91312,91315,91318,91319,91326,91330,91332,91333,91338,91339,91340,91345,91347,91359,91363,91374,91376,91377,91378,91386,91390,91393,91399,91405,91408,91411,91412,91414,91421,91425,91432,91433,91434,91435,91441,91457,91458,91461,91463,91468,91469,91471,91473,91477,91479,91482,91494,91495,91507,91508,91511,91514,91519,91521,91525,91526,91533,91534,91538,91540,91544,91546,91547,91549,91552,91553,91556,91560,91568,91570,91573,91577,91578,91579,91581,91587,91589,91593,91599,91600,91602,91613,91617,91619,91629,91630,91631,91634,91635,91639,91645,91648,91649,91654,91657,91659,91661,91662,91665,91666,91667,91671,91679,91685,91687,91689,91691,91692,92002,92004,92007,92009,92012,92014,92019,92020,92022,92023,92024,92025,92026,92032,92033,92035,92036,92040,92044,92046,92047,92048,92049,92050,92051,92060,92062,92063,92064,92071,92072,92073,92075,92076,92077,92078,93001,93005,93006,93007,93008,93010,93013,93014,93015,93027,93029,93030,93031,93032,93033,93039,93045,93046,93047,93048,93049,93050,93051,93053,93055,93057,93061,93062,93063,93064,93066,93070,93071,93072,93073,93074,93077,93078,93079,94001,94002,94003,94004,94011,94015,94016,94017,94018,94019,94021,94022,94028,94033,94034,94037,94038,94041,94042,94043,94044,94046,94047,94048,94052,94053,94054,94055,94056,94058,94059,94060,94065,94067,94068,94069,94070,94071,94073,94074,94075,94076,94077,94078,94079,94080,94081,95002,95008,95011,95012,95014,95018,95019,95023,95024,95026,95028,95039,95040,95042,95046,95051,95052,95054,95055,95056,95058,95059,95060,95061,95063,95074,95078,95088,95091,95094,95101,95102,95110,95116,95119,95120,95127,95134,95139,95141,95142,95144,95149,95150,95151,95154,95157,95166,95169,95170,95176,95177,95181,95183,95197,95199,95203,95205,95210,95211,95212,95213,95214,95218,95219,95229,95241,95250,95252,95253,95254,95256,95257,95258,95268,95270,95271,95277,95280,95287,95288,95295,95298,95301,95303,95304,95306,95308,95309,95313,95316,95323,95328,95331,95341,95348,95351,95352,95353,95355,95365,95369,95370,95371,95379,95387,95388,95392,95394,95395,95409,95422,95424,95426,95427,95428,95429,95430,95436,95438,95445,95446,95447,95450,95452,95456,95459,95462,95476,95480,95483,95487,95488,95489,95491,95492,95493,95500,95504,95509,95510,95523,95527,95529,95535,95539,95541,95543,95554,95555,95563,95566,95572,95574,95580,95582,95584,95585,95592,95594,95598,95604,95607,95610,95611,95612,95625,95627,95628,95633,95637,95641,95651,95652,95656,95658,95660,95675,95676,95678,95680,95682,95690}",SDER,2026-03-24 14:41:32.274366+01,gold_establishments_2025,,,,13001262800066,2025,Services de l'Etat,Région,"['Paris', 'Seine-et-Marne', 'Yvelines', 'Essonne', 'Hauts-de-Seine', 'Seine-Saint-Denis', 'Val-de-Ma",['Île-de-France'],DRIHL,"{75,77,78,91,92,93,94,95}",{11}
bc6aed32-22da-47fc-b893-67ae686a6ee5,120067012,Dgaln,false,"{28099,80666,70169,17404,32427,35009,19105,09012,34333,02250,65296,88233,21283,2B283,40105,80270,33547,89160,76058,34225,90099,78383,13109,69266,26071,27537,09103,62193,53148,14606,55296,60275,15166,97411,72003,45291,80299,16267,52400,05181,50378,11289,60124,72165,18138,16045,11038,08402,44027,44151,15082,52053,51307,50069,24147,68247,55179,77501,67244,23225,81180,61169,74275,62050,56110,18164,90047,09072,59343,39354,63048,24407,42329,35005,66075,32093,45167,11036,31541,95480,46180,38015,81072,89148,2B126,81029,02337,22220,05152,07148,07187,17140,09294,43222,74162,39179,63276,36240,09084,55236,26282,69228,49302,15189,37230,2A004,81058,76654,30107,80600,59528,54372,36215,46009,18025,08297,50490,25473,70284,25066,10011,89351,55068,10060,22330,50374,10391,71572,10063,80678,83119,12111,51460,38299,14100,53180,51357,17378,74233,35010,55044,95258,76231,87024,82056,55304,57649,73309,05091,27696,43049,59523,65157,71235,49120,39270,70401,27192,46042,38176,59287,61103,56125,69175,77474,18200,51521,08308,80509,14755,57676,53248,32180,91639,13100,31186,32225,50393,80631,80552,62676,02306,08161,67532,78513,31348,12198,88053,38229,73132,22314,88226,55191,87183,76559,86129,26018,11034,80557,62581,21344,38192,10108,07218,22177,64514,31056,09078,34066,73137,39059,54186,60357,82131,30287,84092,39478,38118,76169,32466,33035,82060,02716,77487,33046,59032,02347,31322,80353,88350,85135,28418,86125,31510,36184,76371,80115,16208,52079,86210,62577,24152,28332,21492,80263,35016,88349,07086,97403,21003,36202,09156,25333,53011,63043,57696,74031,42241,91433,52464,85038,62271,82026,45029,95214,25293,48121,76720,78234,36012,29086,47239,82173,11330,33520,54229,33351,41192,36179,55077,51091,07208,48025,67235,31520,62712,26238,18139,27520,80055,02824,52411,84020,97405,79152,61002,80345,85184,46068,61288,15046,12246,35292,51510,69054,40003,24071,67429,17369,63075,73086,65202,06055,66153,67395,64219,64146,03119,65003,88348,89339,63247,35352,02199,02671,48016,88013,65076,58058,76284,35132,93078,84048,62264,38344,70347,60136,23080,02705,27543,59038,54170,42240,89470,85298,45186,31147,60600,48163,51202,34115,72264,73061,26200,60224,35249,47247,26086,28084,37071,74241,77364,40136,22039,64036,11018,25485,29294,35260,35142,14025,11215,30288,59181,69238,68299,09296,65130,67349,27578,52467,67543,06102,28289,21580,33481,90005,80730,44182,54204,54188,88269,11161,43027,23115,80711,72066,03316,62354,68200,53019,45313,57297,28160,32392,45136,14032,15179,55468,70183,01146,88490,50271,51310,27553,78505,79078,27512,68270,97125,41255,62637,11231,76598,73073,02114,56148,70445,09190,22218,05106,21422,32291,18048,47016,55250,68186,24045,24083,39295,60005,07279,71157,35153,35339,23222,58255,60576,57715,68305,68146,36048,73101,19136,29214,41016,60655,88178,95585,35318,24521,70477,43260,24191,19046,95456,36021,52145,51075,73166,08381,03279,19137,15264,17136,32430,07236,54109,43205,35332,53075,02105,27260,59571,17042,54559,61480,51501,26374,70560,58012,27381,11005,21394,46311,59029,07071,52407,51235,07004,08159,26077,10242,91244,39074,67334,79231,90091,16016,17257,48167,41262,80152,43168,53038,57229,02795,43106,33532,45114,68128,02826,18012,81089,14309,55350,51621,52350,52420,62798,12031,62636,07012,57031,95203,95308,88281,07113,17452,11033,51558,01162,22163,62229,71170,86042,42217,85130,67221,83071,21376,51376,60486,89257,08179,89409,71251,88377,74114,05040,64262,49257,08053,91619,70470,46006,61067,35304,30018,51171,19067,19090,21116,01151,16385,34105,79242,50233,26283,50077,21462,31558,70075,08484,38304,66014,60032,81276,24218,89299,29284,89239,43131,44056,46314,33072,25364,19184,07023,66183,09274,57666,27439,57755,36003,33181,80516,46155,10048,55454,21498,64401,03207,25578,51090,26304,76596,67378,52297,71191,72344,33422,52260,85278,74291,80128,11383,50351,60195,11334,51570,89453,11055,32253,69192,60288,66149,04086,18244,36150,02115,80143,38181,45016,2A115,21031,22190,70318,18194,79336,35022,59646,16380,70307,53088,01354,25150,67426,82018,14425,09307,32187,35324,62424,81073,21643,18260,97213,80524,38026,50216,57591,39553,25098,39019,35087,18027,65042,25488,81220,54044,51300,57186,83026,47289,29270,16013,48058,58272,34069,10043,23055,29287,09315,54424,76429,31485,40319,48092,76217,63255,77009,31202,2B136,76160,42226,38475,76124,22205,42212,01431,11441,71233,91671,02140,77358,65239,76449,62117,57652,07007,88410,65018,07055,31275,27074,11273,76056,14569,33339,70217,63345,59375,62335,41166,45311,75108,76452,59439,23159,71426,19020,17387,70352,40025,14742,22122,57087,42171,37142,39252,24527,31580,60388,05035,88065,13032,21553,25569,76018,95409,67227,67299,60569,30263,39251,10266,17114,54447,29215,26239,02594,02505,14175,08242,10051,27158,47310,03202,64415,69264,54475,76154,57259,37068,88450,18232,25055,53052,55502,89050,67281,38193,70528,35084,17062,44131,60011,14430,17167,62605,50004,11077,58234,70418,42225,11197,31035,76692,80624,79010,59283,17045,45078,62858,51233,95510,21205,51517,22254,72121,02572,76417,65186,95059,32017,88210,62352,87140,34071,54360,42013,37217,87076,08403,64189,45261,08033,04073,29229,34107,36015,02772,59344,08395,51641,12254,16113,65171,83099,51034,17421,46283,83066,57109,64058,18187,25512,52174,80685,06100,60307,39402,48119,01349,34026,62164,54387,45346,15085,62414,95430,07286,56107,78382,60496,30147,40176,78003,35126,38559,37236,51031,37117,29190,30312,91191,14522,85199,21559,17333,80040,04152,62619,60198,75118,82128,01302,14283,74003,65436,16336,43133,70362,37148,55243,32104,21063,41204,36100,59048,61207,12073,14121,08069,55163,38268,64068,29301,88296,86062,09101,29001,81141,30039,07075,60498,42260,45137,33305,21680,91577,52529,50352,37018,21092,02816,64469,28415,91386,24143,92071,64506,65066,78305,06154,18179,22180,62095,45173,16187,70510,51287,87047,89276,02756,53026,82187,38002,89039,10212,08201,2B327,10248,11392,11058,54155,39363,59611,44044,80591,62898,58196,24197,66085,80680,61438,37172,02329,39499,11251,28315,21547,29251,40024,32284,95119,76247,07104,37141,79209,11277,51198,30244,15126,38004,67530,77055,28360,21016,22181,84132,24068,33359,42281,70043,40054,05177,52005,30347,66212,41294,66215,16083,57427,31423,09289,63058,17120,74175,02239,22162,12039,31374,65255,41247,28199,19013,22235,57406,23114,02249,67185,69080,77117,18207,55477,51626,67140,28041,62616,51440,39222,30030,58250,2B316,53197,30019,21604,21220,68091,08120,55320,05077,87042,64498,66057,24382,65180,82031,10361,38301,74174,57628,33453,69007,55426,30001,55166,60692,34223,80799,85282,10121,24385,34251,86167,67005,80051,54171,66145,10214,39424,41083,60500,76614,62708,81317,77233,14209,43164,38137,88060,76055,67383,41094,71318,87126,42298,32370,68166,67125,44072,36163,70483,36122,60183,46297,54194,89077,21139,83126,44079,43052,81015,12275,50106,46267,26157,26135,02009,54434,33010,31169,56116,47157,67505,51264,27319,85235,01063,14562,66208,13015,38522,73190,57517,01446,01437,74130,80058,18071,02059,10038,60016,15251,80190,62412,43211,79142,55039,14514,40075,68264,19147,01355,02782,45195,27304,91243,62310,57500,25035,59063,22061,34146,38357,81116,93033,70500,16248,31446,09167,31568,18014,55160,13058,51488,79023,24272,73184,02420,58187,50549,49129,59648,62189,72215,57548,36114,62863,92019,59233,22321,24533,03152,36241,52162,04115,68145,69284,76157,84087,57671,80009,55038,89465,57067,54213,68155,47324,09257,70351,80693,69055,19019,89162,89230,64523,06058,65095,21302,71564,73247,76660,16245,21602,50022,58002,88306,64526,54123,95394,09338,76235,34106,65310,89195,82176,63221,57424,40152,24571,02381,71247,74134,72150,49038,88138,21584,85028,29252,71588,57402,60004,03044,31524,33186,26197,89326,64213,02102,30022,50487,21605,59083,62609,35185,88073,44098,45296,57266,17396,14301,39013,27111,37095,33248,70059,77508,57016,95023,49045,17037,57232,38038,22115,40316,24537,17091,32152,07060,89233,63448,25586,05149,61408,88435,47197,29027,14308,40262,89156,51069,72295,59570,82098,09068,54520,02282,35150,30196,11062,57215,03198,24023,02831,52499,89149,71325,44088,78655,73327,74135,33320,79215,2B057,71223,70509,27022,59054,10410,67089,34301,62597,28012,30201,02729,73047,76272,27238,17101,38364,33474,59617,72306,88107,50064,31320,26358,61494,71577,60088,55361,08048,17131,65359,74212,31286,01360,32331,71556,86186,55447,14411,16345,86187,40198,18156,83081,67117,51166,24308,17397,55473,28180,77209,31250,24451,82002,15211,23052,67314,88461,56073,07183,62064,40087,33212,21360,38536,29210,33281,31312,31581,50395,77275,71121,64089,55313,56081,42132,02372,02613,80367,09202,91378,22300,63137,71242,02769,10084,38398,01245,03035,77164,77470,01166,77522,88236,32263,04149,24362,05131,67312,25327,69074,11145,51619,01087,80319,21023,57210,65163,01029,24411,25032,07200,88184,29185,67277,31358,52444,51208,23048,55467,36089,50283,38255,26253,39201,70106,50291,64470,61373,53119,06033,53216,21191,50085,18083,61309,09253,80181,37007,42265,54175,01230,24490,50294,21233,93010,77436,35125,2A209,49364,31572,73314,54052,33255,59039,30109,63286,38517,11059,79080,03041,60175,72119,04170,86108,50357,02066,17291,54258,17459,50135,55391,62266,87176,11280,83141,19238,69295,39356,14287,85065,64231,38316,19219,27185,52218,71530,60094,24319,49301,55376,60548,84142,89169,40190,55057,46299,19163,58260,54575,57571,01002,76115,02459,50604,22165,74014,28197,76606,37121,30038,28206,19182,51183,89104,34014,38256,74206,42100,09176,24025,65364,39101,23097,39165,79131,45019,67446,48132,61008,93071,27053,52355,57477,60394,17124,84105,70214,76206,69023,28049,64003,41018,76331,30290,10357,70080,43096,46038,21235,49127,23049,22201,62384,57621,54013,23029,83113,68154,63014,81139,87030,28119,74042,2A312,71254,14733,95535,07034,28022,02738,2A330,22223,37258,25354,34165,38538,31017,76334,01420,03218,80815,57495,25394,02830,21593,54210,80150,38450,09153,81094,29233,80296,63087,36052,38351,45109,67539,02672,01375,60591,08162,22318,05037,01304,33162,06108,14022,07275,28377,88500,68267,48198,80291,62377,25154,09183,47071,46094,42049,76481,12307,14731,45290,43080,09200,81136,07158,70093,19202,64489,30279,63100,67119,68197,71320,74080,89198,55145,38473,09224,60553,69170,21420,34252,73200,54008,88170,56156,35047,31070,31194,87080,02638,85128,47176,50572,70486,47291,63046,80327,30339,81303,64254,38280,17246,31077,84003,45068,43074,46028,19175,41086,54588,24055,38086,87009,63033,72166,43247,71082,21102,52110,22338,47282,59395,87075,71354,33375,65067,27348,19124,80536,21439,18256,74192,14711,16284,60362,19232,42070,70566,03258,70385,22016,44081,86145,07110,77350,01100,62873,78561,57281,59208,35346,70409,24557,89437,52548,31536,41256,03315,34248,74256,55162,77029,42232,78092,46135,10124,45141,57564,72032,34264,07287,07225,67473,08229,71093,24312,26176,71095,64412,65169,16136,59325,24248,55411,39021,27232,52308,18026,32099,59055,29235,71154,52266,82170,45251,35244,91568,80297,71491,27331,29130,26150,66051,08392,80192,48028,61307,11114,77220,11217,09280,55437,08405,03018,16405,10305,51201,10085,74252,51251,47215,91482,25075,54265,12201,01333,80041,47042,59052,24108,34067,88532,82185,81062,63366,11016,44092,61398,10019,88080,10323,39558,14714,32072,65250,55114,59550,24199,19087,87133,72037,10434,05128,04097,65424,55584,84095,48147,72314,73226,90021,43167,28156,77309,01313,44140,47114,68041,47142,16395,02383,38338,42074,56014,81093,80717,57734,64491,07022,38264,76325,08178,32332,54152,41144,37046,88212,07203,34212,2B135,02259,54051,14066,14053,81013,25042,46196,39531,85218,47284,51647,79301,14107,49224,72164,2B265,83013,46181,37044,11176,70568,02435,97408,46206,12216,62397,63096,86039,88304,24515,37054,62395,57421,67460,95607,78415,89155,40332,40281,61183,62717,76424,34229,48017,73055,88380,71437,11049,32255,63428,14288,24480,26131,57020,71309,45139,33225,03058,64364,50120,36034,60691,44212,30128,78384,62716,27384,69127,58247,60187,47025,13085,21656,78528,24281,80836,84066,76192,76149,62758,77481,88071,31229,37268,80314,22354,63040,24242,55118,62214,81106,58059,49035,77211,27183,51314,55306,18090,59312,17143,61399,58190,14249,55579,12143,54161,16161,53162,78672,37218,40051,11278,88078,40202,88313,50098,39127,84060,21630,31507,90027,06022,64172,76184,27613,84082,17461,46290,60494,50597,57607,45175,21673,53028,50338,10071,06127,70121,40002,05173,57321,31263,70229,51362,76565,02356,23071,54112,26130,79265,42197,55198,71227,03116,76439,93032,83098,73288,21365,59148,24290,83142,51556,76041,71498,19042,14202,25083,37139,80093,80613,18174,18040,11430,16315,44150,30346,72213,10132,95024,38116,31240,89216,89129,54451,16420,54133,02058,39128,28129,95529,80301,76520,32020,42314,40294,53221,52011,28019,77145,77215,72059,71032,60639,01109,57303,39419,76684,55375,57240,17412,60292,30356,52372,76020,78190,87195,23007,59014,10369,81195,64215,07222,39585,70125,32111,65102,24377,61006,21458,31045,62134,65475,29170,19001,51458,54476,22137,57682,59415,91232,80087,26026,25518,59352,55185,64092,14680,10365,48056,30112,67344,49063,86124,18034,86206,76374,55060,32454,60637,63440,21054,50045,62362,37206,70117,90079,72268,44045,35094,27667,15252,80021,82091,33116,54386,28192,03024,51412,61043,58225,58185,81302,31004,16198,89402,62588,33521,28095,51102,07241,58259,57167,31168,97313,83076,54385,35179,42248,05025,95211,68163,22053,36083,77329,17325,37106,16137,57575,54426,73214,50237,38129,54259,45108,21086,09087,12217,24476,43245,26024,10390,40215,59146,73233,36032,65124,65474,11304,81158,73088,47083,31424,05018,18209,46179,15231,47172,64365,17483,64406,23224,40165,43158,44101,26069,62593,89418,34077,04242,11423,88155,76252,77314,18075,44100,56262,15139,62198,52526,82041,31330,32417,47078,46250,76096,53142,54336,18135,31564,57336,01125,38483,01224,46286,59371,21388,09005,33477,15204,66213,73281,21603,63185,21196,38058,38203,44036,09074,70381,47072,97209,42180,41068,57339,58204,04184,31511,88375,57154,31553,38405,46174,53017,50092,56184,61381,76675,11352,61333,81111,27608,18220,33045,11084,55010,25421,31354,80071,09265,63426,64381,50403,01303,15091,39291,60409,03142,61091,31274,32348,29254,32351,55212,58256,27370,86209,46303,56166,30174,09011,59247,81325,07160,69172,42030,68123,62623,25574,01116,40146,18185,71008,91405,28312,67273,71311,10091,25566,14055,02476,31039,47169,19117,76538,57534,39533,09091,11224,55059,56024,25195,39200,77393,02796,23171,27414,80090,77126,24510,57418,02625,14246,54215,70017,10107,49109,11052,60279,25100,61167,44091,57473,28396,14310,31314,47108,27535,32283,31218,11164,52156,81204,14195,70118,16100,02185,13037,41221,63053,09272,57530,49076,51348,41012,60352,07247,56015,58114,88453,33219,87079,68156,17146,17160,64222,94038,54594,59635,87123,70441,65101,28233,02165,89222,76384,29272,62472,17405,63279,82169,90029,59609,80081,63277,51407,60330,35131,57206,25632,22071,30253,70174,36230,64135,70472,04076,79346,43025,80629,80691,23199,63402,85222,74057,55125,09063,33033,19089,70181,76242,54266,21001,85094,95651,64536,57268,71589,04148,82159,73081,52272,13009,17442,02544,35210,26011,59105,59423,15069,74222,65386,55475,37126,44078,01190,21163,52265,70443,31046,10358,64177,41175,78196,37170,86153,53168,79269,33018,74086,22365,2A092,29188,46029,59075,25105,74209,81056,40101,62584,46091,01388,46138,17234,48003,24155,43036,56027,52463,89188,37229,84119,14398,10183,78643,12119,22116,45112,08394,39552,62465,14639,37034,62710,60699,17271,34339,80648,91095,21380,33114,07283,62235,48170,30100,87006,81128,14458,80788,54119,60418,57562,51312,69137,36116,52518,05154,25621,85009,24077,70491,64352,88239,50030,08100,09336,64481,77531,59082,97124,39160,51569,49018,54158,88256,22213,61137,21053,42317,77228,88335,80107,28079,81234,39313,14172,62029,25375,25625,62660,71088,89172,73151,71383,82115,55293,64454,45024,51652,51072,51618,10430,17007,02789,62742,47156,57496,59229,67494,66004,41148,67164,21013,09192,69214,19190,71190,59533,64375,81193,57038,10416,88292,17216,62628,43090,77444,71447,07029,84038,86287,85207,32024,74151,82075,39296,21236,71460,73103,25339,11407,29080,08204,42058,70332,28060,11039,17198,60095,47307,18241,12032,14396,16293,55489,86291,88105,10377,40269,73064,37249,70498,51323,88483,82070,74063,2A139,55290,36118,60305,32365,59130,26144,79112,70142,19054,54053,25245,59100,49247,52190,81115,57434,62403,80462,24459,78189,95678,60192,44018,60412,89442,14456,24576,50542,28082,37157,57274,89027,67362,52294,61129,62207,97407,42288,65454,63463,87180,07133,50040,24464,63298,59368,26293,42189,08209,84130,18250,15196,10039,60497,02829,65145,56068,82142,11344,19031,33021,54168,36006,57355,59256,12290,2B023,22055,63056,36152,62036,57447,39475,37274,58312,59081,09164,33184,56144,62060,34255,61393,01452,77045,89342,34273,41200,16028,45032,57451,2B145,19237,19062,10086,32458,42093,65353,57015,51145,11109,26088,95252,54585,76282,61426,57299,16358,86163,76128,47123,53220,42149,62612,22070,39359,23076,27410,2A262,68058,41289,59069,51083,48081,17027,38489,37244,25002,65305,08326,65330,87023,31003,51195,12127,27385,54332,17134,12109,32236,02774,65464,17204,33280,28348,76705,44038,09029,05127,50234,47231,10423,21677,97118,32135,33483,08028,22160,12299,46234,76095,26306,32407,15117,30181,36167,59094,62361,09182,60506,60628,37263,51147,12236,59525,64252,12130,09061,02776,19233,22025,57312,49294,59200,71503,63094,19038,40266,88136,89038,24570,55353,24184,24135,32046,81102,72385,10083,12084,33025,42224,13110,62337,92073,88467,58049,87124,27190,62232,58034,92075,52233,17084,62367,35227,68175,38372,27229,02395,77315,18133,02683,77036,21454,72335,25373,59280,55148,88503,12085,46182,68008,35007,39228,61032,33140,50410,44006,29073,14412,21691,47228,63384,64013,55540,79298,83043,37028,85251,65093,16200,2A268,31499,89111,62259,81233,71454,78609,21152,88432,08464,38061,14406,80252,25493,81085,34287,39214,33009,35241,76671,34129,54157,56078,42326,03192,88139,76394,57042,25478,2B353,29247,18097,63304,62536,11182,74263,60399,85059,32218,59349,51489,47315,30292,62238,60049,38194,52413,45151,30069,70228,38139,48182,12046,62169,60347,25070,18251,21291,60450,64511,71330,62470,58023,37265,42140,63317,88327,32034,81249,73067,55537,84056,55202,57344,52342,65183,30032,54146,95127,02718,69133,89143,34132,74229,49299,88146,31404,21051,30091,39404,30075,70199,38384,27227,35359,47031,81206,69279,68302,36041,03073,2B067,87107,14215,07303,62725,07042,50394,84019,23072,21511,68028,62387,55279,60015,33205,22034,47067,31199,38102,02307,13019,04093,04058,32077,21532,14120,55565,39375,04178,65446,35051,47049,28220,61462,89144,55186,09189,27057,48141,80548,27446,01128,32373,22187,62783,17261,07006,68116,74087,30074,77182,14342,74220,57249,67222,62251,11128,07235,50081,57318,35221,28298,28317,61195,44218,68170,11390,76421,74240,14385,39465,50475,77140,32222,89152,30020,83131,64411,46214,70282,45239,64225,81007,07097,59122,14242,94011,88472,81049,22098,15266,28301,33023,07327,65289,65252,18243,12106,28278,27497,10005,51456,64158,21010,64512,86095,64250,59448,56062,32060,38006,23117,76372,27126,2A017,18110,62211,84012,71477,51138,09125,60313,66078,51216,64308,29136,23070,64230,47070,50311,84084,33028,48064,69263,38334,43118,22203,91201,56222,12092,31522,14578,18171,08406,76193,13083,07098,61412,49107,35037,45153,62047,62197,49028,23092,56178,62293,50436,80705,01032,50408,01347,03271,67241,72383,59108,62765,60039,29151,13029,45191,88353,86005,76218,05121,46292,02176,33239,83016,39532,30027,89139,59655,09105,71455,52302,56105,17020,41217,38075,37260,84072,89450,14407,48166,59536,24441,12138,21141,40127,23102,38321,51115,90025,22388,72254,77494,02294,59061,63365,76418,77285,33463,16218,18036,67293,78113,76040,74167,06044,02631,14344,37194,27556,57726,60420,28271,37133,77097,88010,62846,47287,65356,13214,58115,55317,50373,85306,17341,70126,11365,44157,42324,28212,70149,80802,11254,45018,08462,26270,77349,44199,62764,49170,40263,51437,02583,15148,57553,70478,01102,27234,86035,54122,31247,63299,17049,77065,81005,95306,59496,17200,66068,52213,88111,48161,79218,62348,19053,59392,12152,11358,10078,33111,43224,82126,54463,53226,80341,59564,54124,46281,15161,58014,54207,03004,08198,26323,06032,21120,42145,10247,33379,2A359,67516,05076,21349,14047,31397,85201,39556,52120,69217,38333,31246,71146,32320,26222,43076,11401,76549,80634,59445,70260,06002,43057,33078,18009,61141,55327,39346,26123,19118,54033,24095,54118,21413,16154,25043,07096,37038,18065,62774,76435,40130,39464,51280,57116,10412,88378,57051,67259,32010,22077,34043,91689,70245,50500,65427,89471,54263,65165,28290,60413,51003,64227,76646,62830,71550,80633,91174,62894,45111,03066,72104,72212,67528,76201,61501,88355,24375,77199,89250,80437,38377,11125,77317,87054,69057,60448,28369,25380,14519,51020,80046,05006,09238,71475,01350,52042,21106,32237,86010,08193,38230,61454,82118,33125,60163,86292,21635,76711,33054,84031,59488,25203,88115,11008,35178,31316,67061,36045,31150,17221,34017,27214,84070,25490,37162,54086,56224,33240,23196,55312,35078,52540,59066,10186,33204,60041,44012,81170,74195,25067,59306,30110,88056,38051,56220,65028,35161,38563,14230,80026,80162,88063,55431,80834,57709,33413,88121,23211,21445,59416,78646,12097,25141,31336,21140,61505,62186,76673,59580,80515,62680,38281,28390,53072,64396,24259,82029,29161,02168,85281,59172,54106,63065,07092,50238,68097,62756,24278,2B317,04204,54246,02415,02620,52497,65339,65298,71086,2A271,07116,61293,73300,64530,86218,69188,69242,37153,27153,60085,01052,66081,05144,2B341,03257,59262,62811,54323,10257,58307,01210,88426,66146,03140,62732,50079,19040,02693,09081,70002,25085,88284,60539,32410,18228,14643,16052,17289,03298,12012,85175,62133,33139,66062,53129,52437,50243,38017,53109,17079,61233,67020,34200,51616,22228,58209,21582,84044,55094,55217,59232,86016,61395,40066,19212,11415,89076,30131,10260,16234,33244,27336,12168,35060,60599,52257,40297,90028,61507,70138,80421,64008,50499,02804,80156,78238,77084,10384,38032,95554,82093,11089,64165,78638,45009,39581,19072,50505,60083,07009,38373,44064,16044,60213,35201,40030,16239,77373,06115,37084,62160,57301,51062,80293,62739,70107,78475,53260,34253,43246,07315,02016,80396,72141,24104,65300,74069,60003,57250,39022,42245,50568,2B053,77381,28139,2A348,60200,76222,55029,84043,01040,49269,12228,22104,26310,32166,82186,04090,27157,67269,31498,14409,17121,55476,07168,35285,95213,59388,27102,10382,01038,87194,34177,72183,80266,64131,86020,14676,57713,12129,81282,89439,26177,06126,64354,09044,67053,36222,79047,15229,44189,69216,76635,02024,66170,72094,51506,55533,32025,15107,88069,38167,09098,16174,37169,04179,68084,69064,32181,32032,18175,21059,77445,01246,84086,26168,34300,06147,2B205,15254,51623,61286,67311,51356,15048,80213,16348,36001,33070,61170,63389,18056,43226,59527,57658,31110,77212,74186,57389,53228,80829,28023,76209,10129,45044,04157,58021,27422,32384,91570,51032,71034,08040,57098,17138,35258,59593,43156,27066,72247,35243,07058,38393,03114,08117,60407,2B242,51423,24036,69218,14080,66058,17401,77347,21110,89053,64209,68068,84123,54228,39269,80054,62741,57171,64494,64114,67213,60622,41052,53063,97404,32341,69288,40060,82079,21495,12141,63029,10317,21482,80106,35077,78606,02155,14715,95256,21262,14260,58160,30262,82042,01133,56031,69028,57641,69278,01044,88098,56221,33344,12121,59476,21515,21006,32251,16085,45099,63300,26110,54050,50269,22068,27254,41280,27298,39559,41195,62068,24380,32414,62828,51048,62150,88439,01046,59484,77467,19193,04187,57377,63257,11326,16321,42219,06085,87157,55063,46246,53169,28117,76714,59092,01392,42129,26163,2B311,14191,62539,62418,16422,88507,63231,36109,70079,08318,24355,88317,27020,78460,02444,81112,77239,56176,02396,89176,79255,47087,86194,95446,51495,04039,62067,02807,21282,45327,33516,31273,18290,24410,28135,21078,12268,18079,06106,26225,59639,44118,08192,37029,50585,19110,61493,31255,71312,89415,05084,47277,09030,64017,50607,58175,71512,21474,54283,74150,72352,65205,77482,52103,02108,59421,62463,61268,54068,40278,68095,65177,48169,71156,63178,21005,79126,25224,77520,71516,13096,89376,71271,51627,95166,83087,57361,58192,87125,02559,35081,38478,2A089,03300,26066,17226,03094,05024,80491,80273,52116,59583,11255,28029,57412,64557,62586,39104,88382,88066,11311,2B248,89344,40331,76381,03043,62695,07177,11236,54590,77079,67091,74059,60373,55412,45184,47159,25234,02666,86085,70546,59186,24299,64051,12155,83053,08246,12181,80151,97109,54293,77107,67432,51153,22176,31053,41237,39321,69141,15199,66003,67098,55527,27373,2B213,94034,63453,24446,49214,02601,48123,71444,02684,65057,94081,69005,08137,82106,63101,39302,39162,33501,03295,45337,68165,22246,67554,62644,25247,21017,55409,24227,55442,60117,62255,76068,2B281,86109,05117,44052,70006,36155,25101,02702,39454,41284,60385,71428,59332,79059,68090,10140,31551,32265,52385,33034,47212,22129,02150,24158,31204,18007,77372,47199,66023,67379,16236,03317,70471,64543,85176,59259,11361,22065,54145,42238,23202,08287,46154,60306,48174,03139,24074,38529,34024,21184,30203,46289,63337,60051,24452,10072,08018,55492,16389,33508,87052,03309,65016,62051,25560,14732,25532,26368,79137,50426,60043,93014,03106,11093,65195,11320,54178,31519,08480,59473,39282,75056,08174,33374,12225,31277,02682,76734,64441,18147,53270,25089,16193,80621,72114,50066,86144,33550,80473,21149,88263,29265,60355,81109,22277,09027,61146,02164,85171,25525,09324,59184,36195,14040,21157,76550,30236,31236,66184,26167,22231,47098,21267,87105,95219,57133,50553,67099,57425,2B156,36190,11040,89296,11047,09251,82036,62237,80806,28347,31414,36247,67169,56232,47297,02370,15019,71486,60345,45171,31503,08263,07013,21289,31118,89025,33341,51552,17203,32063,46023,51214,57022,52300,72333,01010,55113,24206,42243,07334,60084,72367,14499,22214,85139,62761,78558,2B086,26101,88519,18235,68067,42330,52065,40191,60529,10414,43207,54169,31313,56080,64211,37237,55406,55012,57527,80070,60245,49026,67038,69027,34143,64310,60037,57211,22140,49216,94044,29296,80698,95331,70255,60698,27140,43042,82130,39310,25227,51311,42078,40231,68239,76603,13026,76610,73150,18263,59065,2B223,70170,45023,34180,60097,56003,02231,34217,46258,36013,71163,27568,50397,73276,89430,69241,70449,55153,67547,31203,31461,80230,47314,79125,25430,23152,19263,2B068,45162,70051,70457,60053,34302,21358,37259,39306,80183,62448,71004,80696,32122,68353,60543,50039,52395,33423,61079,54335,79141,81223,41078,88469,40239,80665,60436,41051,38114,07249,24404,18141,48194,97205,18023,17087,64079,72123,41238,72001,08343,37077,77478,70145,78590,36105,06134,30198,27393,62148,27228,38390,63320,64054,76367,18109,14297,46253,42254,38408,41095,79019,16224,83031,51658,12232,65409,38048,32269,23065,10275,29177,84029,67515,63369,14136,25599,27188,73034,70039,80343,46033,22092,53112,26307,36133,77278,27466,69009,51518,64346,71433,89030,57516,38245,81031,17250,01065,31525,04065,38130,67430,68250,39225,71182,57260,35261,68109,48106,36057,78291,34210,70101,36101,38067,36204,02708,70213,84103,57736,49222,31344,70334,08113,73250,14689,57082,80499,67285,27026,76170,72110,22245,12124,45202,55218,42136,27120,10205,60156,31515,42065,31165,88068,54057,77231,14602,15209,18122,24450,80379,71212,31190,14587,72090,58122,87152,88123,95288,34274,17066,28255,02819,03064,21442,55324,41049,54090,86293,10204,49102,27032,01147,61341,67172,22342,19133,18151,19055,73236,77484,08140,63306,26124,67166,70105,30218,81050,01269,33058,72025,50510,22198,80287,80060,26014,46122,08243,01418,02755,02297,85188,23016,40005,78172,02223,54331,09168,55338,22064,39166,16402,91549,05174,10299,12072,64486,91319,83034,67521,07296,10370,77230,80703,38497,29046,14240,60264,62195,52285,88049,2B124,2B080,51073,78310,58084,78381,77447,43256,24337,97611,80003,71019,74238,91600,92077,08021,01169,50086,39476,54490,80052,08446,55184,14576,59090,47004,76516,25228,35251,64140,03223,66115,71338,86131,80482,17187,54012,34002,63169,76103,37056,80681,25107,37064,08437,68009,26334,64040,53131,23074,71573,41234,41220,58282,29030,46022,47196,46200,18219,58295,67308,69235,60470,03113,19252,42333,97222,62908,81130,63181,14305,45241,25521,39194,49228,48090,67054,31011,67455,29159,64467,51050,50590,11216,33484,69227,60002,65372,04113,30079,42081,65151,43047,88456,65193,62853,62801,85024,41043,76264,56246,65166,01139,62079,80167,80030,08271,77514,60555,62066,40265,57545,49262,50090,56239,22108,38519,62585,66112,94019,22006,58305,38354,51099,07251,64343,30215,24372,16339,34135,84127,68351,86270,87132,12272,72167,12185,51384,67187,60141,22232,74237,64324,09231,04188,50290,72321,31287,73249,27215,70203,18042,23040,24529,02470,51167,61133,71201,47173,78350,59659,28033,31349,07107,65414,71393,31033,45074,70361,05103,21518,63321,11181,30265,36110,57340,33479,59658,51217,60335,19002,24037,24238,02670,26186,70091,34288,07266,19088,59443,28354,59591,76708,50601,70536,68212,32005,73192,40327,02467,16191,51168,45338,80587,62639,14145,19194,04177,71349,49231,67441,63039,09001,74287,70389,27168,77379,51068,36018,56115,17142,26090,79176,39197,51439,64071,74144,61158,38511,39333,86201,17376,24566,22341,63363,62806,07027,70412,32334,64540,34233,15249,84140,54180,69019,51169,21607,21290,58157,73155,70325,80031,70094,21571,08208,45275,47192,22169,16357,10269,79213,03015,88109,25486,12151,48021,08368,70451,12259,52546,89037,27659,27212,57054,57596,25199,67465,27156,67030,97229,89175,84089,15106,08327,61483,46162,88116,30139,83108,68051,62534,80511,69255,27148,77208,71194,11199,52436,04036,70287,42125,81312,67373,70468,16143,27502,24305,67127,49176,74236,91198,81046,27567,62666,64159,09198,47127,91347,58141,17433,33315,02224,10232,37036,13076,39020,13082,04085,25550,23100,57745,02042,09334,42305,18168,50137,68244,29071,07181,72077,57549,55425,58055,76657,70432,70297,07255,08301,60377,90033,39244,62030,88196,72196,23107,76388,79297,65411,85137,84080,63222,77406,77277,06088,46252,27490,32461,62065,02793,38266,70289,81294,34191,23139,01115,97119,54290,59378,58195,45343,09174,36033,25324,03195,57013,55123,68112,86070,09147,02382,63088,68204,43023,14649,63243,51463,09022,02331,59587,68221,11063,40287,24253,22091,15016,59239,42130,45204,07344,54252,16041,01239,62261,05079,22001,35330,62163,45268,66174,52229,57613,84036,35156,65041,08125,32188,11417,72180,81142,97615,67163,27632,15224,02746,60571,62166,65327,85096,33273,55048,04072,24424,85244,62205,29147,97409,29221,14360,24262,33546,58170,28147,07215,57014,67006,80318,87043,74038,43058,46041,19070,18039,67550,29039,34124,21179,88036,35120,44176,70271,11340,26258,2B088,60271,64515,89003,60059,24378,30195,91064,71452,08141,79111,68289,66138,21626,85006,59073,21473,67391,92051,66122,26243,64224,87148,21401,61345,16287,27645,01445,44217,60228,80792,70323,62131,76723,15135,77411,48051,84041,32039,21693,60656,64157,52516,61287,34332,52356,30318,86121,68073,08386,56029,23056,34122,2B101,89080,49178,01273,32172,76730,11183,80311,23027,25605,62698,72083,37112,51445,59034,74271,39275,71189,07048,25268,16277,22019,26340,23212,29153,60090,77426,03109,58030,81182,57293,43029,79339,17222,31025,69117,45026,08165,10327,45169,62112,2B049,21676,27301,71384,37127,76368,64372,90056,52008,65159,65069,73186,27492,08248,01393,41010,03229,70030,89046,76479,14592,42300,52251,33369,74099,69197,11327,25084,11301,24284,11264,17306,77386,67338,86276,25056,12050,02449,50356,05096,80429,32117,63386,62634,56254,72187,65229,59103,50455,43216,86127,17482,24229,73243,62646,55438,08037,95199,25280,16152,19229,48098,58262,01430,77371,58201,66197,02253,26108,68300,16102,73206,18067,58230,51344,17330,48087,27389,25433,86159,77473,60265,60670,02473,19146,66065,02471,73237,55005,09199,19191,42335,44074,37174,58016,17068,21121,57763,70037,24553,27083,51542,49237,38421,77311,77432,70415,02405,21142,60446,76156,36120,59230,06067,2B328,19289,76025,76594,48005,60022,76333,80020,08155,35180,27671,18153,02616,24420,54505,21260,68018,38314,21392,66028,12207,33358,63106,14200,35069,63460,76724,11070,27100,34037,64538,62886,11386,17410,08482,38191,35163,52492,51317,86112,53272,63160,55132,23209,48178,12237,21225,60210,51468,17035,36242,39308,64394,15088,33489,86174,68271,06105,50453,76407,39241,14675,39431,80413,71096,64263,22179,56147,70210,55345,11324,32376,78289,67232,26111,30054,33231,72129,21475,54288,57059,25538,27458,62552,43153,39068,68335,24174,77195,71322,60491,25233,07224,16392,07065,2B234,88142,39569,80069,95060,32069,17161,67345,07143,52431,51338,14563,66223,88089,31209,80390,32431,22131,57650,71152,88152,02378,27146,09270,54100,07166,49205,60669,63211,11208,52371,60545,82122,40056,80667,39567,52253,61346,17329,82016,11275,85097,28379,03037,09340,53273,2A272,59149,49057,66176,89417,64129,28286,07010,14595,44087,16231,57474,07172,32088,04110,63407,84054,16185,60364,47200,13215,80670,39096,45084,63280,24507,80375,34265,43258,50117,09250,38060,45037,60664,60073,74253,77337,82082,48013,79162,11353,38212,83116,76599,21333,03233,55129,54415,85157,22047,14492,27313,31138,62165,54097,2B161,50481,62602,47183,15002,17254,88166,22046,67095,70055,10225,66061,14205,02339,87029,46231,68364,11218,42183,73202,46244,53136,40289,71081,35106,16360,76274,76416,28387,67497,29040,59313,09267,01015,85109,31256,67436,11333,69109,38156,80464,51268,85200,03134,69045,45100,08070,17205,80347,57486,65422,76262,10172,95177,02218,81316,30183,59346,67544,45093,22044,14700,15020,39029,62558,14159,64247,76700,05163,25156,13038,60343,55001,37271,55368,69283,67492,55553,33342,60623,21131,2A091,64395,21393,78567,71315,10122,27437,58052,21172,63411,40211,39565,24511,59117,21699,60034,55506,74282,81055,27435,43173,33362,26333,09162,41042,62059,80617,27674,39456,11219,21563,59504,09211,86110,09170,77323,75104,86204,72291,77456,60572,71264,32065,03225,14077,26119,17023,30036,17095,41187,88014,53259,46083,11141,37196,23078,62688,11336,06129,55551,64421,54216,02315,43249,46130,34236,11286,80339,42275,78344,88425,25157,48157,30286,2B332,33425,01436,71380,89459,21015,70476,38368,79055,32223,30272,50055,79154,88185,74005,89431,13010,44210,17473,66134,74012,74313,15260,86279,76249,76269,11017,50349,62057,16184,52250,04063,32195,60244,77130,65326,21444,43108,01450,50514,71540,70004,67220,38474,61411,56132,29011,31253,08016,55397,82030,45054,27643,80716,15245,61339,42063,97311,70198,60063,10130,40309,09085,02586,91345,18072,2A279,71071,63201,25451,83127,53177,38041,50192,51247,79313,69201,83082,50422,72064,34259,55355,13093,33180,88167,62862,14436,25406,02023,88514,77475,77188,18186,97203,24151,57319,44032,16330,63015,57118,59406,91098,30072,74264,14086,31587,18271,31570,55177,71107,89091,57073,40250,37281,02212,27544,08349,67040,19064,77297,68188,70148,44083,51304,90037,77363,44068,58088,25387,45097,30305,83150,51186,54462,59044,81257,80337,85058,73213,10046,41152,18089,46078,03026,08149,12147,04209,38269,24114,67011,01240,65164,58133,60560,50540,35076,36170,02417,85163,08183,55383,81149,58213,65135,57040,17067,14063,63469,61451,88154,10157,39001,72133,54037,72022,70523,09320,19203,02422,12235,33133,51234,51363,45159,83008,05133,16014,76046,17016,33347,08335,06095,25477,10290,25151,45020,31585,2A326,55316,50108,53262,67142,89477,29106,06130,26347,59501,89485,76432,68057,07144,77336,55032,89217,56041,03010,61061,88026,60214,24584,17126,26161,17212,51417,59057,21118,68290,85108,77454,03050,27322,60237,2A071,47084,89371,70437,76091,38452,02268,02647,36029,07199,21627,88383,15111,33426,65368,14542,47037,55332,17469,2A018,19257,13113,57076,18074,76491,88460,78688,17365,57256,79163,30117,42051,41277,26084,59155,88039,37002,34030,97612,16233,76237,51316,72068,37270,24110,33145,41297,88446,62260,37080,21024,07341,14092,02276,19287,68193,70431,70440,27408,77269,36210,46059,80025,70140,67474,36063,32012,11156,62821,10340,43194,77326,39334,03097,29162,36142,27427,10289,31106,64047,02338,72178,05157,09311,14090,2A360,84145,64199,17436,11185,40196,61344,32064,71184,74088,14020,36160,59419,25290,73223,10171,45203,68291,68205,70115,08080,77400,04035,43263,62268,16128,21586,50292,31415,39370,07210,60660,74137,06157,61040,58273,21642,17278,51006,44190,18197,64550,67447,28215,58140,71339,62525,25159,61211,16111,10188,02443,77339,39031,19226,58112,65382,85026,59616,19160,29065,41281,76494,65377,25332,57574,88029,08353,68142,16243,26229,60516,35102,71266,24445,86130,49311,43234,43127,12297,25385,63468,88360,80275,03090,07025,17474,60468,58229,28116,85049,85221,60299,25439,34020,45245,27317,10061,62689,47050,10059,14303,14692,14610,2B096,38020,70215,19027,38205,76188,23128,12048,27191,51288,89270,74234,02136,31174,69006,61292,86198,22132,39519,52479,21669,76391,54536,76291,21231,02182,67153,62116,21701,32170,30136,03224,19061,62520,31040,41108,33462,46323,48074,77157,73005,71501,59628,46222,63102,39448,81267,45248,51278,10425,56230,02229,57672,95241,80182,26114,66113,80602,21435,80042,77511,57310,05048,08078,10356,68113,43120,70135,57706,33063,70336,60328,50174,81078,51629,07250,73271,26099,50188,02635,77241,76131,35218,63380,28275,53118,08319,63314,26042,78296,71371,76039,27678,44057,02138,2B177,02237,64088,14377,01152,33213,64522,73310,15032,62876,63241,57515,57125,06040,70124,22021,80110,32128,09115,41212,18254,28417,64496,91047,37203,12177,60579,94079,25110,16023,58280,61433,65214,62021,70114,64318,42008,88510,83030,43119,82063,42223,04043,45035,16093,69272,44089,34057,76185,26272,88326,56108,89408,27611,10420,91560,42179,62013,74097,95055,24322,72060,08103,27539,63354,77192,62303,55115,38115,86064,76710,60104,80068,57582,89286,76033,22004,41279,68096,02248,62109,63296,26037,14207,07336,77153,31031,85206,26046,18233,80585,44055,62760,65328,06118,56048,41053,61418,61099,71445,10315,12252,45301,49068,68313,67058,77194,46237,14724,32274,25286,71098,44033,64493,14037,31411,10009,29026,33268,42071,27082,62385,95170,59147,57683,32318,21672,38564,27372,80392,14709,07230,08438,42026,78158,38311,77081,54487,78440,25438,15215,14184,25115,57543,07041,27136,16409,64265,22326,34160,02489,46143,26050,62779,89099,31426,21438,24042,40249,39198,55070,67470,02438,30047,64269,04192,02404,62614,88527,53076,59548,59589,84021,80094,27329,07289,43231,69180,65367,19004,70529,46207,60166,27662,57217,68196,12209,57449,79139,54327,56247,64408,03312,41102,58101,16280,76406,32360,77340,62847,46232,07115,33146,86229,56196,33327,60652,87146,26214,89433,45161,64007,72205,31242,81232,21334,43178,60276,02641,08389,51577,29069,29006,31529,17074,17455,26369,24419,02573,54516,22011,02204,21038,58277,52536,79253,66069,38356,23174,76340,84011,38542,59615,59652,97306,65277,03297,08293,48059,79320,08393,53150,18160,68153,30166,31104,52377,45050,07140,80518,64256,39027,18080,27288,65323,21400,41241,81067,21550,11429,02786,54444,39582,02584,89123,16272,45059,46199,08222,19254,08123,03288,70090,94056,95210,35169,47144,11075,23195,02753,11076,31428,04019,72023,11120,88113,56091,23019,54003,02833,60400,40119,71159,89007,63066,30249,28106,62074,61413,63203,53021,86236,97361,01019,39038,94077,62845,11410,32359,17214,77025,14435,81291,15034,51530,88341,02133,59669,80250,62411,87155,26226,54337,11260,87117,31267,67279,70411,78616,31095,21460,45255,57304,43044,30120,60326,57148,89158,54479,62589,69042,01140,27090,08011,05090,54373,39167,62582,97234,62566,64232,26025,47271,26256,09092,57626,39047,91318,16138,57021,40295,74054,16298,52366,33115,24421,31531,55364,52170,89486,51399,18118,52490,72004,50628,31329,57181,22312,31399,76051,14498,48082,13119,79174,02575,32193,30223,24091,56259,91249,95369,87101,77125,76161,60375,05014,03120,2B229,89251,76595,60324,76464,54539,68209,60389,40108,37282,80338,64004,01449,01054,49030,29145,60231,53237,25120,25383,02483,38131,64473,06010,07121,97224,81219,25334,88487,83089,68081,43215,90052,30237,59493,05162,38243,65440,14038,67416,64130,54191,51650,33380,64042,49182,30009,64323,51422,39526,51225,04210,02007,55171,87039,25255,85237,03017,53107,08420,81318,38064,26171,29199,67136,59327,33237,78569,29172,89136,01381,13030,03151,18169,88328,19023,07216,48072,89420,67389,50185,70490,57642,38052,62896,54560,21065,10201,68071,30060,21452,80049,69265,30194,33055,71323,28234,59524,14454,13084,56152,65204,44051,21410,54368,74202,43175,02373,52002,87128,02222,22372,26072,65453,36175,89079,10190,01234,31032,09023,66011,55458,91286,55501,53266,34304,58310,38503,86281,05003,79031,80597,09246,07326,92020,12256,34094,59511,2A276,36019,95625,45247,87151,59642,03291,82109,27115,30188,45073,39268,49010,24257,76410,73171,17030,04234,39281,51112,21210,71586,57356,54093,63308,86096,11172,31379,02535,25265,91067,88009,65017,77073,62785,65216,67023,68179,73225,2B105,87019,11312,07109,59276,25431,21263,16365,47190,07261,80674,50302,11108,16244,70558,54353,71046,01075,38376,03159,34262,35312,57462,57239,51354,68293,10165,54163,40272,74075,77530,24080,67248,11435,19007,37214,07319,32156,78537,34118,25052,31023,07278,62543,23006,69119,02518,63061,08189,58264,13002,45265,78484,31015,21138,09237,34186,64327,38008,27196,24575,04129,09157,63263,89424,64064,64242,18113,10332,43130,58121,21169,38100,04135,28086,11179,82179,78366,32062,25432,33052,73065,21561,51039,23155,11098,10159,37242,62777,58284,33128,49266,42267,04133,54023,16124,79160,21713,70041,45080,77242,59084,17431,69037,16064,77115,68139,41105,65011,39343,24544,33172,62027,25311,27621,16302,29128,75106,60549,89373,13004,76587,82135,03307,79109,34215,41025,24266,63427,51426,70032,08380,36104,38415,25298,62600,57584,77291,37025,38403,40194,26335,01311,76476,62434,64012,40088,68161,10007,53141,78571,56067,36213,76144,31409,21683,52136,64022,44014,60651,69156,12284,74178,80714,44156,64420,63467,48089,62005,39156,76092,49048,50420,74158,02070,22390,61301,63057,51611,09160,57158,59119,50028,35018,88024,2B290,70444,12035,85074,29277,60451,35192,12077,32198,25391,63252,56203,70436,17337,30255,78321,70242,69189,02721,64446,09227,05142,57275,40253,2A129,37059,45070,66228,80783,01021,55464,15200,78410,05066,37204,62118,79114,29018,81084,51562,35160,44110,54211,44075,30206,66187,21319,69276,24300,38136,02547,85265,60337,06005,80089,18084,23108,21579,34164,27508,14221,27382,33499,59222,21113,81147,22121,01014,71070,39510,70218,88261,49053,62567,17113,23248,57485,14486,54208,60676,02496,65072,56028,54543,42086,03107,14402,83074,64460,64264,03306,27209,41151,14502,76551,02556,05029,76664,57524,86114,55009,60626,70016,81275,82158,71196,31318,38050,17373,29246,71134,63250,38189,86052,71033,72018,39318,71481,50341,46095,62627,33275,57063,01259,18163,62376,26061,34309,02526,71353,49272,55321,21173,62839,62462,19266,71277,33079,71215,60368,39540,52033,37022,46027,38109,57392,77446,23132,33039,16273,62390,58008,54376,83120,27404,53130,64544,95253,32178,46256,17139,39539,32247,55331,49345,64276,08415,68185,76067,57407,36234,07227,57507,72035,14161,57010,59633,71099,51469,46015,60233,57012,24329,69243,32428,77254,42229,83100,14182,53223,87084,31249,51642,39056,86262,45015,01006,76146,25630,60422,30264,35118,62157,06114,17162,53229,51516,36075,64208,16054,67319,42137,79349,02657,31237,72323,32059,65080,59157,52442,17299,55448,49193,73212,51116,64459,93070,83017,39050,39529,25456,80835,28164,85266,2B292,71042,42148,11178,08207,76580,76615,62444,08060,22378,81231,60062,67178,62300,51127,2A336,28217,10055,11372,68257,73258,69204,55310,31573,77217,31085,14126,64279,33121,2B134,59467,25174,88513,21570,07005,61015,54507,39352,05060,01345,91105,15212,23226,35354,57375,33099,08358,18104,10187,65215,40068,64461,63375,69026,88347,68304,02183,2B165,59268,14354,71513,39486,37151,50205,65269,15259,04130,14659,76279,64128,54524,81042,22157,84096,11431,10303,04041,58184,67276,32037,81307,51536,78346,70326,05172,37094,14256,54577,24341,84027,35235,88101,78443,89474,01098,07292,68065,81163,76636,71557,33173,37051,62274,62359,51213,58292,69016,10354,67322,52114,38204,73063,56228,21238,36061,14204,79049,54550,24428,76477,53048,38424,57084,45258,54160,03141,07162,70538,38031,02430,67254,30217,65153,13057,88135,40185,38148,09079,34198,01275,38440,25366,76685,54469,29166,27624,36196,24417,24061,10372,31370,86023,29198,12135,89253,85300,02673,11381,36134,39063,53155,32401,54570,25276,63072,04066,76013,47319,50099,17384,28325,40104,77513,56104,07323,14550,78104,88525,2B166,56227,89398,23014,72308,91685,80692,80723,45283,25239,17393,60416,71128,51648,64180,37232,11355,29095,46082,59424,55093,05102,44054,07126,76043,78143,55461,79115,39411,58028,32050,60344,27371,02116,43262,57567,68105,91659,84083,76572,62170,24352,2A011,03007,58304,07014,06143,04176,71317,55241,95641,53091,44207,21430,33194,25348,64447,37152,10443,52522,10199,43199,80023,45144,23005,42177,14637,36014,55301,02412,35032,26345,25619,11225,18199,53178,22261,69280,46321,71414,57112,60188,46201,21214,64235,2B335,83095,26116,24474,81105,46193,80718,67209,27332,77077,27418,60490,54066,11079,63259,26210,86221,67500,29122,62648,39407,25515,35123,24518,57183,80729,88394,33551,24562,83121,15202,89395,01366,09017,70163,88047,78020,86103,66052,27633,25238,57619,28168,65094,43143,60220,52398,08226,07084,31419,87165,43193,79302,57195,36086,39176,95183,16118,95459,59099,11377,31401,45336,02652,31189,43177,49271,91547,26223,61367,33030,25207,43125,76090,57371,37014,71358,60283,86119,32192,60185,27009,73117,08073,61308,95445,69067,56260,09188,62181,60406,41090,81021,31443,33027,77203,71397,31167,12025,24101,17416,81293,07047,51165,27495,63007,31584,68216,02590,36036,40311,76403,42006,59191,78497,84004,18078,39046,30142,24228,39246,39114,26067,57629,40064,25519,70257,59581,18094,86252,24189,76632,04102,40142,46312,46125,80512,25009,68152,14601,33363,31432,76508,65457,82145,54452,43017,35088,27259,80112,54546,31475,26074,25503,43114,01331,16400,07068,11163,54480,56004,14510,70308,25365,21406,05166,76083,33264,64334,54477,59266,42193,88286,78559,47017,17033,63367,37276,59193,44085,06121,79184,04158,05126,29244,40178,14677,23028,61376,11244,60140,57700,35271,47148,78192,81221,50105,34290,70194,30146,42104,91679,10202,31034,62225,45273,59345,42135,04047,30281,59231,31276,89060,62443,21588,70489,08166,08225,77063,02201,77135,71069,08409,07015,26318,28378,46313,87040,60057,16375,30240,26373,51507,15174,61234,50097,39084,80640,56198,45182,57070,88030,19095,67480,47209,65022,45280,03031,11424,26362,35055,81167,74215,70454,53110,04061,17346,24422,62590,51315,50161,64501,60149,68208,31395,62522,64170,82143,87159,79136,30026,67526,77288,33160,57180,90041,33429,28283,37275,62344,72010,81305,60533,16382,58065,33189,64464,02122,28411,08295,65096,76483,77113,52312,14762,33223,67370,05031,38166,44001,72359,85277,37004,02760,64284,27135,89100,60359,60462,88093,26209,10220,52337,91648,62176,50536,39472,71140,01155,78650,90098,21176,25273,70272,31135,54350,42037,52426,66013,25129,21145,42088,01370,08035,07342,47094,59254,50379,50126,01379,10062,72086,03127,67145,17053,49192,31303,63265,08362,03283,91525,62551,33179,50617,86148,34173,85132,51639,50588,59037,29081,32310,51224,90018,68111,67247,06158,85062,70021,03160,29191,97608,81096,12288,60438,55165,86045,53153,35117,50641,11041,68345,44166,97410,59577,51526,88478,22375,09256,88203,44201,14555,62090,22184,67493,77394,14061,77071,89407,02295,37030,05100,63020,65472,34272,51052,88025,97211,71108,09121,2B079,54248,95120,70405,62182,62656,12265,80479,2A288,08378,25208,89352,43202,58202,62608,08276,18016,24200,08410,54193,01238,63431,70435,50613,76455,97603,50027,78138,29056,92002,79191,10408,2A100,70548,36091,62041,62415,56163,46124,76109,62491,64090,32021,57436,77284,03200,57414,32214,24128,65420,26275,27629,10345,34075,34174,27194,10193,15055,77384,68087,16307,27358,21249,77416,03201,91226,53245,2A196,21382,21493,44200,40161,21190,81054,56013,02711,62140,33201,64122,80204,31148,10110,28034,38547,54184,12169,38056,91434,67535,68228,81192,71296,90044,30029,10064,68132,42319,72139,26189,47088,27054,2B286,21622,65064,31304,19221,80590,67043,49082,76536,32389,34061,11126,86058,34113,60547,11157,55237,31185,14320,32242,86136,78398,12233,36224,25590,41209,71483,57611,67012,49218,24121,30345,11374,08245,31243,28341,27173,32388,45152,55370,27489,54381,61404,65032,61012,22134,33020,81152,68227,31012,76382,59131,2B180,23004,42034,02775,67124,27561,46247,62702,73092,57288,54021,57103,33191,94068,46139,31054,88023,53157,77380,02040,88162,43077,54535,33437,14446,80746,70278,59483,26315,69207,43039,39230,39523,33126,57538,54272,82080,70549,27411,77398,39284,02614,60372,77114,70357,34243,57552,73147,57443,79311,36077,47202,55429,21241,42021,21055,23050,35167,31175,57665,89219,76507,54578,28324,77251,86245,38219,38402,13105,76121,60509,69104,76562,52007,76626,51361,80544,59393,33187,76002,79164,57757,10362,86214,82108,05099,73242,85172,33048,07067,21237,85120,44149,54278,64296,21425,70371,43069,80502,86207,18145,2A027,24304,91552,60586,30204,45056,14023,26185,78615,88307,38248,32287,32227,07220,54592,25629,42151,52017,56258,37049,21506,25153,62861,89061,64186,33335,24224,43204,59520,2B030,21311,53066,59370,88043,87113,32121,76163,87096,57492,06001,39477,28398,17458,31233,29087,95304,80185,67361,21245,27290,77320,28053,40154,63123,70269,33257,62837,33226,63381,43159,81027,54340,46178,58303,25526,17331,70580,67152,69275,88250,70501,57100,41218,28195,35333,09108,44222,83140,13207,02266,03157,24367,40197,72134,2B252,03054,56134,32383,64045,71123,46226,89384,50353,51617,71547,29003,79076,68266,45177,59391,40123,41211,38418,83051,03211,02783,16189,59630,25447,50172,64483,92014,14529,55018,08145,38185,02334,54439,60474,64120,38153,63261,67250,36188,59451,40245,59464,71193,55421,50279,64478,88438,55282,51139,60135,62803,01211,21159,39133,76492,62703,61372,60013,17275,48192,62641,49217,16056,62554,01050,66154,62800,61024,13092,21497,57110,35187,64533,39093,65350,16258,74180,67037,52547,17422,57386,64077,37191,08089,10189,49163,86217,42266,02661,95287,14338,87094,48046,32120,45279,01328,68249,60105,70012,37041,25455,91069,52159,56216,01105,38352,10319,26231,74122,86007,34306,59127,47244,70306,34242,65366,37241,77396,80776,59003,02388,88418,65362,76346,90071,76509,59600,31462,55047,58252,76484,02096,05167,27388,27686,87017,17339,23236,88275,14211,77500,65439,52131,02699,61087,37048,71017,82077,10014,71473,25008,76045,45188,80096,42079,54279,15178,60426,89265,62026,2B097,10254,34059,08217,63405,70396,63136,93074,67090,59431,69381,66159,14299,36064,95392,21409,30169,60566,28308,57055,80008,37065,49086,23009,07263,69068,36081,72273,12202,37277,55401,07089,15043,67079,33003,34108,32326,30150,35175,31408,39077,76719,11309,21617,34204,75120,62265,02785,60410,25539,43012,60031,60510,02588,88106,65308,72188,71150,02510,54070,53012,52075,55508,70524,17277,10045,68243,03155,38282,36129,27618,64371,85269,05171,88448,65314,72073,66136,11234,33098,54430,61108,71478,54245,79295,30005,28329,80366,18246,77286,32248,26039,67538,64204,10341,83063,60222,77119,80425,19123,27207,38481,27429,22037,15206,48165,65033,12148,76130,67384,44047,34341,50230,41045,25221,10353,52386,38037,65005,09165,71195,73284,77316,44108,71343,58300,25026,57397,56171,26204,72130,19145,65358,71031,88278,80157,37238,71496,68362,76544,33182,01082,62517,80180,17025,06019,50263,78057,51210,62105,21596,60120,10350,54074,42025,21674,17386,34269,71173,01260,88168,70341,80737,78391,32307,71314,49055,13091,87141,02258,22229,59602,30052,64462,95584,50178,17413,84088,68256,62155,66218,27541,41126,12226,17236,72020,24405,32426,2A066,61041,22239,39434,37085,42127,80109,29124,74050,07309,01344,54425,10432,67017,53139,01225,59046,82120,10226,89022,02280,60675,46072,14533,66101,31398,64392,15180,06090,16034,31548,39263,32378,94076,45102,17122,54561,66060,71206,04214,27592,70047,14220,29211,35273,01403,31327,2B193,19241,21100,09277,58177,33218,07330,04151,38566,50371,57129,63404,88096,46301,21678,77280,46151,58281,73278,85254,75116,69072,71400,77429,31517,2B171,48070,80066,23026,68120,42162,36205,65393,16007,10286,62270,83130,12068,09327,38423,51019,02701,2B287,25323,08461,63267,12211,72173,62673,03095,33434,71112,57350,72380,32340,72256,24288,34018,65121,73027,27108,08146,08052,25322,10396,17274,27282,19215,2B175,28294,17038,47283,88470,60261,27379,10373,21471,64150,72309,87035,56079,10321,09026,17165,71068,76386,01084,62275,25617,86066,26023,32322,70305,33252,19060,60339,70196,80264,51094,65075,54274,94046,71038,36243,80820,24195,64039,64091,76529,49121,01384,68361,47225,94002,09341,38362,21201,88352,63202,71210,97217,88340,31081,07343,54062,04023,18062,62535,14494,81017,08412,01061,73139,70321,31340,27376,67300,31037,60076,21574,21481,57454,28355,40084,45254,38496,46064,62113,08284,31259,19149,21526,08312,95370,50159,30165,64106,51503,62685,51263,59582,66158,11307,17071,37245,27123,11426,42310,93063,41171,41161,37255,27341,51364,50006,12053,33141,14457,11379,83097,54547,27438,65444,79100,91200,77328,04186,86075,51476,89374,02743,10041,83137,55453,70042,32380,59414,60036,70420,47217,68017,63347,68218,35148,39338,02191,02820,03266,89262,16387,60542,15132,34299,58309,53116,32244,2A203,57221,65270,76136,57182,24059,65292,62456,89264,36038,50262,85010,33236,54411,30274,24397,07130,62547,88048,41124,22334,43128,25350,36237,31153,32436,24237,47102,02445,10113,62750,80750,53043,81215,17026,79003,40008,88403,73068,45231,80261,14044,41069,51365,40095,89467,09242,76219,13108,67555,88147,25246,70109,49090,21129,27665,31103,54334,31476,26364,17110,31552,27010,46070,45001,60658,78501,08413,50621,14165,12253,59304,72074,84091,62781,16401,67118,76523,02703,49331,16170,52070,43180,38046,12243,39277,33490,44115,33156,76360,35190,85202,57742,40131,17195,47014,14661,59203,50221,34136,2A345,33256,17052,55015,17232,64009,76666,41181,76226,53236,65390,02126,77056,88485,25270,63438,41003,61257,37125,60074,35361,42022,02214,12276,18193,30311,86298,41278,25445,61105,17471,59450,33157,59165,56158,12197,57337,47111,38225,27001,23172,71262,06027,69125,50468,02011,23110,47240,78640,42182,14089,32096,51571,54220,31113,87161,51308,02724,31208,12002,85087,86180,73123,61342,61485,25074,30315,35265,68080,65077,42141,60132,76653,27327,82021,28336,02617,41145,25589,38267,43200,61159,06162,35130,80265,76143,80565,67217,63170,76085,33415,54473,27564,12136,14593,64457,65392,24541,58269,39364,27390,25579,26322,14162,80828,54296,33391,82121,67122,59091,40204,31308,24100,64376,24106,28070,38076,70274,31066,45282,22031,28257,52137,80188,47080,27342,88229,31080,57727,79074,88480,50088,62080,34125,77083,76178,11117,27043,13049,23106,42067,45312,31444,51504,12238,78163,21428,14045,41087,32379,01016,24409,29275,10259,04195,30259,80073,48038,70144,43139,80526,50360,02326,07163,61156,33440,79116,37019,67033,02513,80235,52193,54017,54429,47130,57457,87091,54456,57056,89263,89386,60129,25482,74006,67256,08237,50276,63189,63307,51177,83056,42066,09060,90059,55428,32346,59477,77483,29104,89338,30167,60645,62460,39182,58090,61443,51190,16206,65059,76413,57247,85054,50362,26295,50095,78520,12144,51130,45031,63470,41296,46050,77032,61069,08074,79258,53199,45116,87021,89284,59598,90035,2B010,52422,49355,84077,08307,40177,30067,13024,89311,27275,60517,06023,10251,10002,38173,68037,32174,15191,38049,72239,15258,64261,11343,58020,50584,33331,58068,15182,21523,29300,28316,85161,49201,03285,01400,70492,38558,38413,21381,55586,31360,31280,82105,33438,74123,67499,27476,10249,51030,89363,51283,68138,17089,76021,50327,86296,25001,88379,47009,78481,76397,54509,31317,47041,39220,09235,30261,14286,77002,51175,42306,14312,27386,55325,02649,86008,89419,52133,27650,40218,83101,18013,58306,83035,55228,40158,69194,01141,56185,54277,63025,51546,36042,29078,68278,39485,70373,85119,35295,70563,67180,69046,60174,30257,79354,52363,78367,12047,44109,30221,89244,78464,42047,24246,45030,69164,21695,92022,71485,27141,41250,82110,08268,10239,62905,01067,74073,39399,80402,64205,24274,74257,27248,23060,54310,73328,51185,08088,25557,86009,88267,70160,08478,40188,84001,44013,36159,50431,10003,62033,39377,88158,41101,40290,77086,48108,11054,12006,17427,51128,78118,63143,57134,60697,50317,62857,16060,64198,62276,57357,38260,66071,22118,38120,24323,74254,50102,40273,59559,60643,22345,14333,66164,09342,84007,29010,61162,39314,67084,18019,59531,21123,2B188,69256,41116,72320,02714,34238,76022,24328,11024,84069,11232,80593,83125,38135,03045,33367,28366,42147,58147,22226,61089,74193,97616,17028,52118,84047,32411,59255,24549,14445,41143,54006,68366,29226,77342,34151,71408,61107,51643,51584,17426,55573,49140,40159,32457,71043,02629,62825,88164,21018,60489,40092,17406,01159,03051,91294,47093,37047,02312,62510,62887,17060,54284,15050,80231,57107,11113,54333,54399,71269,16363,07050,04069,04106,2B244,44037,32453,66092,52231,27124,80086,52066,71279,33080,39504,76106,32343,79268,91099,54369,57391,54400,67253,03293,25390,65257,77307,12262,45229,80758,51321,34072,03158,10250,73315,14365,82178,03182,84081,55269,87085,52487,11188,71336,42016,37207,55292,32103,27005,57214,45125,31341,40027,30114,02017,63069,40225,55571,64456,21531,43195,23216,29031,42338,79167,53121,58274,63140,25614,88471,80825,34239,57144,61203,21352,62017,70448,24359,19097,69244,27401,18202,73076,83123,2B073,52196,10114,73124,27216,77019,78237,52374,89128,58031,81030,70575,47097,59447,21105,21659,85064,65432,89308,52428,12036,33026,30082,31064,28045,55027,27571,81131,51565,60519,31481,80736,28149,16186,02008,71257,50305,41287,37088,10137,62035,87003,61092,62342,34187,68024,40057,89234,74102,89043,70097,26141,14737,76216,89236,76621,57328,21557,76419,07146,42142,62185,62591,85114,08084,01402,50281,89480,89108,56153,25125,60642,57305,15233,02549,69142,80450,72195,59195,54443,11110,61120,22105,38085,39283,28107,90001,49017,42282,89179,67368,16069,26234,02742,60241,11190,25190,45212,50405,11067,65340,26241,09122,71514,80013,91654,39492,02178,70505,25236,59132,47134,73257,77001,68135,71424,97227,71014,63333,72232,57655,86261,55311,07106,24226,2B082,50550,54196,24139,18231,01266,14345,31124,76107,21369,63283,33075,81214,02293,59217,62770,09326,35155,64286,89291,87110,28027,71202,26142,78133,70067,76697,22139,78431,64316,16403,02291,71449,59584,2A032,89151,64378,06064,52092,31179,84098,77219,91027,46268,39439,71102,61297,32302,31102,08350,40200,83144,32038,32066,70243,62439,88388,76079,64162,62228,55329,11214,73317,2B314,25044,76461,78498,17367,77418,50168,58057,38504,03072,92023,74013,68343,55008,97206,27280,24414,90072,05068,90042,47117,43086,25528,45069,42045,39187,65450,44070,77465,34297,89194,08188,92062,60688,03246,88059,46243,39570,88027,55031,02241,12162,62624,50310,17355,69294,24060,66142,71186,67085,59331,63216,80393,87018,25171,65230,38455,71471,59454,35238,30145,84039,21192,58249,57579,69387,38389,61366,68363,30111,79249,50236,15156,2B055,02366,57686,45243,31063,26043,32163,51448,52550,30011,21620,22384,30208,37069,34109,03112,47300,76356,57403,17117,64234,57616,08421,52264,50345,64210,63030,22216,32440,87139,61018,76426,53013,04182,34258,57047,31406,83072,62484,44096,80271,01027,14571,76283,31547,59457,07102,56010,63210,19281,57153,71567,78107,69034,17288,24357,07112,17215,04205,64111,87112,29179,27530,02665,07204,47275,28158,73312,83077,71168,76245,67304,93066,81166,2B122,76677,80388,13087,14083,62416,66209,08422,43137,39175,02278,81311,01397,11239,55251,23186,57431,17398,25093,38359,39298,86113,07253,66100,54247,26320,10148,01093,02690,32207,21045,71076,27366,81289,25019,54238,87068,11373,43092,48020,72250,32196,31334,95633,63175,88032,82149,88486,25602,2B338,52507,63076,64521,35198,61422,56054,46319,60541,01189,2B273,63425,46102,44197,19104,71075,57353,79159,74068,68224,60291,02186,44065,71461,14469,60535,89272,02089,62286,40283,59238,91458,76312,68231,86164,24482,73040,41006,71243,61151,47061,13055,33345,55127,86273,08056,12133,01358,33118,51403,17077,39547,09230,23003,55580,50218,46107,28061,25116,40013,07076,02033,65182,18100,15080,61397,21084,54159,66106,76423,76577,48124,62242,43093,10271,11297,11421,25546,25376,81186,49054,39331,09150,18038,74055,37129,47219,08082,22208,21455,03294,37045,64414,41020,31566,88028,32048,38151,26129,58294,51033,63454,76335,04008,59179,37074,89232,07064,57463,42202,67519,87154,76329,40135,54226,63418,53030,76619,60341,74128,67298,45323,15230,53201,60012,80643,42087,78389,59012,25542,14421,74203,24179,79145,17022,43068,37222,01401,26057,61375,45058,21354,50031,76505,40255,38287,02256,49328,54343,45046,73100,26049,52494,65317,36115,12137,55248,95250,40321,21133,50050,23018,39190,02181,51587,66114,15127,31591,60315,59385,38396,06116,68077,02375,69239,77003,10274,21639,70081,39209,2B172,80637,39142,57625,05085,66102,59452,08239,52230,10125,57163,19265,25580,56063,59166,88007,82038,57242,30303,74103,56089,44178,32106,18057,47185,17438,55389,21154,63122,61064,68333,87134,58159,71299,57146,88209,31269,67150,81245,78120,08135,69389,79263,32033,46045,27546,63328,07196,67203,17266,63041,33068,71092,71110,62714,91184,22194,14726,33498,22199,64112,46016,01208,60520,17465,48050,91589,73013,46186,32116,23170,11342,70119,01235,60456,60635,14214,09117,07294,64477,37128,52106,78261,65315,38546,36176,70230,02595,52187,50433,17477,76111,80197,14590,57689,09015,21611,31430,09093,35257,11338,70288,95351,2A204,38375,68190,65212,41265,27690,51256,47057,17437,34317,18092,28108,22317,15170,28272,70205,32233,21278,25342,74007,81292,80131,39278,12024,92078,53134,51434,52291,80122,42262,01268,62730,72377,78125,61160,09053,64391,30071,01353,54209,63251,21361,25182,42010,72156,78325,11030,70363,17059,62058,30010,49023,14403,36027,76501,80709,72253,24548,80439,01346,51197,29184,51380,21204,63150,17320,11414,76454,58007,26332,77058,09283,74085,33540,79195,89161,50616,39090,80671,56161,97613,31086,17206,2A215,46101,26134,51204,55408,70164,62529,67408,90023,62860,12139,40053,09222,44216,17485,03269,40162,88364,53031,63391,52211,62481,05051,50592,33175,45072,38055,91494,35030,33390,43221,71544,15021,51490,26093,09059,72234,02681,25441,80332,59506,05082,10120,23160,32108,2A103,47033,31119,52219,24580,19126,09131,58211,24494,22193,27164,02030,54574,12193,51528,72049,25545,73318,76306,70176,54455,71442,68040,67240,69082,12188,76159,08404,66116,57513,63162,27616,32234,61427,85104,16067,14620,68301,71401,97357,51351,88458,73011,33285,64331,21357,25437,14131,66005,60170,53203,07318,76506,38360,76662,22350,65167,17287,67143,11010,70078,85056,43059,02333,14118,43259,40033,44208,25138,67476,27529,67252,41013,54116,14369,18111,77013,95422,64119,59614,47273,60342,11121,79094,14103,11057,03001,40284,74314,57267,23250,33494,18063,47081,85248,37124,54219,18280,55523,57155,11243,02243,25565,64351,89370,59401,18158,57269,17115,03164,89218,50382,80790,30096,62124,65341,97302,21449,11346,74221,81148,60289,44153,34318,46293,35204,57282,79034,01207,63152,88219,66002,46126,39436,25460,71518,91538,77004,09181,57151,74018,95438,29005,72105,07008,55065,39094,55053,11147,61202,22097,80315,77477,42201,65467,50507,85287,70527,21554,64066,66169,65410,18086,16210,26336,23168,51010,90076,04237,54134,33287,44206,36143,58145,82096,39479,72202,65207,37176,89365,14589,87143,67013,05080,31149,19236,33439,42336,69229,18277,01236,23093,80084,02137,65084,65416,21108,71062,62514,03047,57216,17280,10213,32432,02064,76295,65245,21625,56208,21217,80701,38112,60687,37189,70092,12190,27118,79229,67126,65185,57482,52367,86176,82172,21500,89023,80239,57746,09003,80449,52525,60383,80004,23177,63121,56051,59590,74146,04201,67044,17379,79165,07139,63209,11419,72084,41208,76353,2B347,52331,39425,78299,24097,02519,06076,36011,36191,76733,57114,25594,88309,88181,34126,01338,08377,09076,77256,71059,34281,19076,10378,54591,52315,2A181,25288,21587,02654,42283,89113,39015,35114,60503,06030,11375,31226,16347,53053,86142,63054,33386,29232,38035,90064,74009,50195,55245,43227,13047,11129,67438,47137,15104,69139,06036,33136,24186,89399,61295,10264,78548,26015,55435,81140,67071,62375,88225,70485,80789,36085,16001,21541,08098,59294,2A090,07033,08489,52015,85155,51106,31450,72175,57207,65141,78242,80485,64474,67485,31471,89115,42099,55493,52223,08097,55339,63187,35098,86032,68055,17354,31439,62530,85240,51477,07039,51568,19213,79121,89210,19125,03137,87067,54587,69299,65131,80329,70128,59437,51267,77471,79278,01443,28231,15058,09035,30268,44071,24190,15205,07111,74315,65228,55140,97418,25061,46036,80824,11143,21389,64356,54132,76485,39168,02292,82103,25338,37163,58062,50569,39446,62799,28388,40296,2B137,14325,64507,80833,83040,77224,43135,63290,17356,40182,50087,80823,67307,76578,54488,57346,76440,59547,60505,76125,59490,80414,62475,71085,21536,54048,17372,21426,68222,17148,01130,41135,27049,51404,05007,59418,01389,03270,44175,56055,01318,61062,10192,29293,01282,46336,03030,74060,02822,55509,65054,50146,80501,95052,46337,40083,56195,46056,03205,55352,25020,31234,64548,11211,60476,25600,12125,32045,18196,17269,17457,59518,40128,46109,68029,51451,72029,11411,14401,46249,21446,15025,47221,16163,42301,80546,10223,39452,54308,28159,52087,61314,80775,45047,09276,02680,33106,13111,92060,67096,14723,87201,28110,50054,19079,55567,68172,82090,77338,45082,27351,50421,56094,88208,03014,22073,46211,27673,11132,36233,25506,80728,55420,19010,74255,71352,35052,21485,25130,40015,57467,68063,64074,21266,70569,51591,25635,80764,58233,02233,67367,21014,60594,54320,57622,45149,89021,45310,25405,51023,52469,43136,62023,88400,51372,29089,03276,60103,46035,40016,42084,42271,61500,79050,11274,74303,70429,10170,54401,76706,02112,76691,32143,16300,41153,29072,15017,38439,10255,2B313,48061,71438,89271,26162,24523,43115,43174,02047,83117,66042,11124,76332,78618,16177,23249,95270,65468,40018,41072,27070,76034,41167,39500,52319,53179,67116,34141,01212,05180,70526,55025,77238,70048,77505,59566,80571,77274,47143,70463,47040,62347,54533,30320,05116,36228,64171,59643,10442,25225,57738,02144,81320,68189,81250,57415,89196,54280,60613,62233,71306,57604,53058,17178,76640,07147,06125,02281,35133,35350,53137,54437,87008,33306,85141,43268,16109,55582,97609,06142,55496,60604,25400,70392,91553,24406,89361,19148,62773,80554,64084,67537,64560,61093,42059,01426,33388,14036,13016,97111,23173,25231,41214,67263,87057,57490,14705,23038,19150,32109,67487,16165,28054,25551,71355,90069,67097,64380,49211,39393,54176,30282,22074,27105,25479,02046,59291,42041,47317,86297,04116,27669,30093,45333,76446,31502,30098,42056,67155,61279,51119,21359,10267,95134,81038,70398,68140,67272,73246,38507,33513,08387,09172,54156,42253,80566,55156,63006,30140,80281,58285,22112,74293,35031,24028,36111,81150,03275,18032,16388,27089,14720,65199,30336,30158,51274,74294,10402,62459,85294,70561,89057,72271,10240,66195,31540,52344,47079,81310,60281,33472,27462,05008,47112,64057,14694,61206,50152,62900,35119,72078,50183,31028,71591,91079,80369,67504,18008,60143,10437,25204,37109,50019,19249,58086,32249,59051,14104,57226,27133,02799,56023,21127,57703,22381,12166,59124,34298,14609,27528,04167,21306,52523,16383,2A363,53084,77112,03217,21600,60338,52082,11095,86037,83152,50231,22391,56109,70571,13081,77024,03019,23046,80588,41014,71348,54054,59350,31272,92044,02128,47052,64475,51359,67481,46183,80530,58015,65142,36231,62355,87063,50539,27008,02166,25200,16176,30313,68150,51012,38523,44120,42166,51237,14015,59626,32086,60256,77295,50328,64409,81160,01107,73289,10243,11354,80500,64015,25435,70086,60165,71097,85216,63188,40106,60593,31198,26284,46213,40151,30322,21326,71171,14068,63449,67215,95298,37272,84078,47201,2B298,79201,71545,02361,23129,09279,52517,78171,86116,02779,59412,53018,70488,30089,08496,21703,60447,54150,79144,14621,30317,42103,16123,64096,27099,11267,04111,80220,01248,82009,60316,65346,61171,57416,51041,39006,85154,42210,66093,22236,21517,80411,59281,57235,17093,68325,26008,02462,34119,33195,52538,34006,49374,78551,81288,57501,25007,27680,17440,33013,01008,25504,83112,09083,03260,46282,54089,52147,67428,21042,27604,70532,11032,81132,27144,10101,31006,24470,55194,80577,72324,2B042,81041,60433,14225,12105,89031,30224,24567,55178,85099,43063,71568,21590,33294,80184,47024,32197,65473,18096,14495,81196,33364,58258,27360,54250,46085,63364,31201,21648,55522,59309,14603,60627,31328,57681,51170,62043,90012,68148,83011,22014,65031,65307,53132,02053,30088,17267,46020,14070,57189,72101,28422,74121,38124,24461,29079,95056,36088,63118,31366,64490,17327,67191,70517,21136,11116,33485,60023,34116,79236,65221,62306,25624,70130,01359,65401,88429,73252,60380,45210,68217,77147,63117,32452,73196,09299,76527,17235,07282,29180,07337,39265,08390,62257,30250,76123,31539,58123,62312,95676,27640,63332,24292,64487,18195,28171,07030,59026,33129,72204,84136,38221,27239,22224,31001,78565,44179,02316,08105,02060,57498,04156,66099,38490,28196,69036,02750,60358,85236,13206,79351,25316,05054,62425,15226,27451,51579,02612,95028,58119,67413,25343,55078,19189,32296,55528,60546,33165,76405,24465,51259,02626,14764,33272,27359,30350,39319,17223,68370,64221,21661,35225,54576,14033,78108,71405,35297,76753,33427,07182,52057,35311,01030,84037,55583,17418,38140,49194,81254,80601,07175,95353,11422,66211,62485,91691,10074,25567,23062,59409,2B033,29224,10282,17362,89414,10399,50407,68294,29222,68075,77532,80050,63360,83084,21578,61196,03259,65174,59413,14251,25274,67280,85088,27424,76366,10156,13075,17173,57352,18155,88493,07281,67452,63156,72360,71456,24481,62438,02226,38111,61102,42064,79316,02537,59198,71118,21478,21012,52269,09312,48019,07179,11253,97223,46168,70383,22211,90043,57081,85078,81240,64041,54198,33470,50370,95523,72244,64113,51148,28408,87077,84110,14497,27266,60537,33381,62720,65363,55387,25021,50610,71500,09040,69069,33137,21256,39076,24498,52475,09067,42215,33138,80047,45240,03231,63229,87097,22023,21373,32442,31534,55517,08439,72355,77210,14625,08354,2A331,86268,27663,55266,14488,25289,65172,12088,31036,77054,23058,16230,55434,28015,29245,28391,68050,61056,82053,38241,82141,81043,76311,43022,02522,51346,07082,53189,88215,12067,27162,77486,34203,34185,73283,07301,55270,39103,11123,38043,54482,27676,10134,39254,50411,15102,80767,88117,33228,21203,11189,72065,29227,14169,54552,31582,30256,65158,17268,39178,85125,25241,64288,40303,53195,27562,61121,11044,57675,55446,62782,35127,51200,26233,94078,24117,97415,55419,71027,73265,18224,17119,55073,71162,14119,80330,30080,66206,53255,35286,15081,80303,76355,66181,31309,15253,50070,2A132,38420,31114,25556,62309,64249,72226,37057,30122,08417,79290,74032,45293,02320,80426,81191,47321,01216,60657,74062,52097,12100,63396,60314,47133,65306,60169,56007,46264,62070,78147,50551,02643,78317,55557,05049,42297,13036,50474,91330,33197,63218,72375,64178,69024,22379,91115,80214,2B159,70133,40220,55180,50266,18058,47292,14016,33538,46307,61416,44171,58005,64528,34181,80531,40125,25222,08216,67340,34329,66104,76680,41128,70253,01422,76470,51320,18229,27044,81028,63390,08175,14399,37040,78043,30353,47293,31454,14753,15181,08432,66015,14482,83103,77141,54084,70521,22145,68157,40073,81011,81315,89397,54432,11440,52313,56050,62686,34244,35310,56074,43240,51284,91461,51176,71369,67283,37104,46197,40308,42308,80295,06045,29292,32468,63377,42273,62704,36067,14050,63325,22110,37253,80333,50619,54015,51118,24393,33214,85285,16003,32240,84049,01013,03074,63294,80189,85029,74224,24564,46024,02446,44007,81133,73215,67303,62436,32243,91661,43191,03003,34137,65325,86157,30297,17305,76694,42218,40143,80572,88308,69167,72346,95436,15248,71283,88151,69111,21337,71474,2B150,79341,54282,14224,64513,24311,63359,88169,04226,10246,32047,22170,14516,08330,32089,46218,41174,24568,21061,37086,2B152,44203,51258,10331,14674,62473,80702,29186,04030,56126,36040,33517,04227,08483,10179,27403,02167,01114,57711,91001,64379,61452,85297,32044,39307,57050,66059,53023,14168,76122,50258,48068,65311,74046,52369,72316,26145,59033,38353,22171,51049,10139,09328,51473,59007,39453,03092,45095,62429,30163,49021,67410,28081,57039,34294,11337,14473,38110,31479,01153,76186,33288,25117,76239,74279,03286,45227,21156,02466,05168,85077,75111,17300,38326,37082,22079,56135,64336,36074,08325,34214,58096,56046,46112,23061,51058,24489,36164,41047,33324,14060,59180,80010,77458,80193,89204,24502,76411,88476,56026,04155,27346,39391,43110,30334,76715,43011,02317,67205,42209,66219,21039,58216,31422,51092,2A324,68061,55133,55193,14391,35049,69205,28057,71350,60067,18191,67194,88452,86111,39344,85174,79241,51100,12066,77509,68337,70324,43239,50034,78442,32036,35026,44025,55072,76629,77492,08333,88424,47091,2B046,86055,64366,14014,56092,43102,88199,63378,37165,39443,62595,88176,22210,30179,85017,28252,30045,09303,12156,70518,77510,19077,17230,67542,36084,86004,13063,39218,86162,52155,32385,63455,89377,55174,34084,30280,72109,74169,35015,37123,68115,55061,16308,86065,72027,26254,48026,54558,33395,19201,2B354,37006,88156,46224,18161,88454,78033,33067,88455,14304,81175,33001,64023,52061,48117,12086,68086,80024,62621,16271,81120,71217,44015,45286,67472,53208,30355,21074,55054,21324,03067,62718,80765,84125,76165,65226,68125,60672,62706,14223,05009,52292,55554,17256,50190,87027,27498,32400,72009,17445,65370,81012,76586,32372,27591,64280,14586,27507,29230,69148,72322,14341,2A142,10395,46163,28048,33088,52091,01104,75117,65013,26357,66207,18028,66053,38487,70275,07078,48100,52484,73313,51151,33247,55341,43095,46176,29155,46223,46277,09038,47165,67192,45049,41147,63171,51512,19109,23131,70171,28132,72067,62502,25261,02318,31128,69253,56170,65089,52341,76542,08418,25544,52107,25142,69286,02427,31561,09179,39083,03089,33130,86161,17285,18002,57257,80508,18268,16148,84114,58117,21609,54300,01264,02071,71520,40292,30182,25344,25410,51358,76563,76009,39233,79014,12118,25500,48083,23020,76290,45089,09086,28030,71143,36186,50186,2A064,80145,07031,26001,38045,72347,60278,60311,91333,53037,40031,27309,44086,08111,54239,17345,50003,79038,51105,51260,55351,57484,70425,78356,21375,70069,31495,33412,65313,07306,37079,33004,83139,82177,58179,54438,23197,63399,44009,68229,88528,86183,33475,39427,91508,28291,86228,56130,91613,91081,39530,90095,16408,14465,88515,19164,33400,94065,80649,38436,73004,58063,56033,19122,56009,62048,89246,10209,39232,35321,72366,26040,02013,30172,89235,08081,80199,24124,54095,32456,46061,73142,19138,54348,89180,27294,57514,23099,69056,04022,40157,50451,69047,04191,26058,76583,62878,31382,52039,57292,46007,35340,36002,77382,52242,55139,53097,97106,57404,91657,43008,07299,07137,33329,89285,70567,92046,27406,38272,02485,50162,38543,87163,63023,45105,90085,23030,24145,68340,62349,57765,17036,82192,57718,35230,72280,42156,41055,90087,78372,58104,33241,41026,21618,51402,39286,34193,59422,29066,69033,97419,25178,47213,26277,80344,14147,80469,08244,29057,87005,31101,89478,54162,65379,27169,27208,76240,60079,54523,67167,64341,83134,45004,59399,60677,62341,45262,21556,68143,63083,67048,47174,59114,86049,17202,63113,52060,76604,01374,33134,11362,52203,16039,91526,28273,46039,25554,69092,39432,53005,13068,97314,59340,25452,02003,08366,76042,54227,61271,65200,42272,80614,43186,09095,68199,33258,34004,15228,57017,31480,39469,50587,10066,53007,40149,60138,71250,19005,24345,54474,43097,04219,74231,50274,62662,67352,64359,67423,31160,57234,39016,11087,44186,87025,64424,12203,12292,74299,02127,43045,70147,69277,32124,39132,88457,10349,31542,57685,08332,41196,82129,89290,12061,02359,57662,69062,11053,01001,25179,61467,70583,87048,33196,08379,10182,33017,12206,23035,65458,23109,31512,30348,64115,89112,42091,31093,23105,30133,30291,52330,55111,62243,63373,27287,62191,14171,21665,39480,39493,15054,89392,2B303,37137,77236,12205,02132,64551,21671,02618,70058,17409,17130,63230,62190,25362,47233,02662,55264,88333,61197,59035,72136,35223,70049,58077,72007,33074,67045,65479,81174,61142,63274,67385,53090,79244,02035,16222,71225,26351,50261,78029,02525,62245,70150,63174,67144,38023,38019,24211,45271,48010,47295,74249,27677,12224,11223,57481,45181,10020,70393,68198,19274,39537,65261,34022,30062,57104,58240,56002,60157,40141,57046,57725,59141,14343,21199,19225,30028,29068,41127,85136,51111,35061,54181,70419,97304,40261,58056,38406,01357,16207,65272,44076,29152,07001,74276,18206,64031,25277,64240,55026,34035,67366,59471,85133,56035,14079,88357,19167,16246,47205,23167,64207,80725,41236,03049,14684,61432,25193,31089,24223,32337,03177,60624,76275,64241,86019,63417,57127,86002,08455,59133,10297,01094,80316,2B002,54253,35353,21476,43241,79198,71253,40098,63451,67198,72011,63246,01007,32305,33528,37205,64480,19140,09004,76588,81203,42255,91017,91463,30260,58207,47181,68348,09145,86036,62657,25564,76441,77240,66026,40052,23228,17382,02802,38456,38080,81304,80161,47096,48104,17047,61348,73010,27078,09220,14368,62601,73094,69020,77322,54321,57659,47039,34312,18088,82153,45094,53190,47220,48065,16253,39323,35336,12042,35066,08184,08029,61423,15261,09240,19239,25025,58029,51538,72313,02271,09116,24379,14739,70356,74272,30076,69088,21298,52178,54472,70507,47158,44099,49333,86088,76389,51125,32288,61028,62754,67238,55150,81256,21083,11305,04127,59120,68062,09049,34158,70175,77293,52022,27646,44003,50138,80771,21706,57061,08102,59024,70355,08134,40314,21362,01206,62282,48176,95612,27478,40026,27369,48080,50456,55405,27514,33442,01188,03122,66044,63138,57030,67184,68149,83037,01307,27552,65337,53185,89288,33101,80583,67109,90062,10175,19022,55204,23214,63344,62495,18132,70293,59517,08230,39249,76139,71282,76566,82094,87144,06017,39396,50175,63270,62366,95012,06163,52028,74184,08132,52227,67417,76012,24109,31490,27394,67021,53067,70141,46005,2B366,21489,08329,72176,50267,09154,24582,66224,28210,52520,95303,30278,39320,53251,61168,88363,17082,63350,70522,91692,63313,59640,59077,59485,42233,21297,02748,02242,51654,51662,62368,03022,63281,63091,10398,62778,32266,28292,03282,17479,67365,27459,24478,81080,57086,87158,02330,84073,35171,63149,14261,72015,07194,28056,80673,81188,10092,09339,07348,51078,73153,86031,14030,09047,59317,51471,62132,57460,08360,91435,10294,05073,36023,62507,46065,21628,54142,60565,56077,54235,76648,69003,34007,15101,62531,18148,23190,68176,51098,15096,30130,50199,91130,02200,77014,41040,67488,13095,73043,33168,50538,80622,50491,60340,25262,02521,72098,25356,57635,68331,19075,39513,04101,56058,71078,80757,39461,88222,60608,42188,64149,63223,53173,73181,64001,10379,76229,51352,62880,26381,2B153,35296,32444,10436,03005,88130,01142,56012,02567,51397,38555,70154,14721,02393,34045,88214,85131,54147,19151,28372,89005,85149,33096,26342,03126,59386,42161,14277,80537,33332,71340,38257,81070,80016,11293,52474,21288,81242,24374,38533,74218,33037,02507,54295,68167,02651,16424,29281,45315,2B291,97606,41066,04145,10285,76077,80706,03221,38414,41062,77270,89237,27582,70461,12172,32145,39041,64404,19078,33476,61096,21414,24026,67434,74147,2B093,34099,40017,54580,45067,72376,89481,58125,80675,88336,32463,34076,42323,88133,64167,61113,87122,41205,52406,14243,21712,62152,27550,61406,38300,46156,26303,81184,62121,74281,38275,08453,61213,88504,61181,24528,54433,95371,14293,80202,51074,57066,43033,55024,66007,88081,14049,93007,70019,39030,41230,05063,14706,08138,12291,19030,80253,30323,77129,80005,80434,19014,80108,88415,23165,51622,24208,57511,71109,89073,83062,12099,79175,92049,91414,16062,14085,12180,74104,72201,40238,32449,76581,25372,64303,14487,70514,11397,21623,02051,91093,68092,21396,73042,38537,74312,13210,17152,08286,03052,17196,50484,32004,41160,62119,55315,15242,61094,73224,62653,27609,73273,71361,84042,56005,17317,40175,72198,89304,62518,45235,49027,86154,62711,89278,52383,01004,37146,29193,52483,2A104,26370,01380,26016,83136,43065,16031,32254,54511,30328,46084,2B340,31413,02585,33200,67382,06068,71050,71295,10057,42054,11003,70331,39011,62835,22158,49209,25079,09107,89116,34130,49131,21011,53233,33289,65136,72186,85145,17021,97301,18041,45303,52014,73306,91363,50093,69115,40100,65019,63258,38033,26143,35237,81082,08136,39151,57721,69236,28127,63228,28089,23088,16304,64503,51273,02387,57719,65299,58254,70311,70279,77155,40305,04218,08488,17462,33461,56083,19021,21366,31363,63080,55281,61488,66118,53213,72012,89177,60526,78126,57539,72070,27061,27068,60390,42018,82138,13017,45208,02001,65147,86024,34276,06104,02162,54529,47211,11174,71422,64200,59384,59216,12131,43005,59552,51529,31029,13070,33456,28018,88522,70168,08473,11271,70074,10304,54557,42003,91273,56127,40226,58158,67301,76517,02342,62856,57306,80749,09204,02232,53064,76030,03253,43219,65276,82027,65264,60685,43237,23243,59470,85002,39163,54564,15029,66217,81125,05132,95042,85101,57529,88244,67138,53085,28219,45002,80097,06006,48037,09088,24140,10126,21689,81045,65258,66020,24334,66017,19025,57394,31533,01215,51254,33488,02482,87160,73297,27594,63275,07321,80229,01363,64326,22087,63013,77506,27245,30141,80494,13209,26095,74311,09335,29004,66221,2B077,08388,40251,76584,74273,75114,15120,51340,07238,10032,88287,27097,29148,24444,12220,62532,76404,71385,63352,19228,61212,31469,05075,59301,17430,37247,28148,2B255,60610,81034,14231,10025,51533,04197,33059,70070,54311,42158,92064,21075,39045,76524,55011,81324,18066,51281,67087,38093,39062,47044,31554,33259,18098,28031,08304,02605,78686,38339,04057,74266,11080,16091,24280,30301,16117,62227,46329,26009,59234,46208,76471,32105,27558,70312,37070,2A019,29181,60432,68274,81273,53120,54498,80627,63420,76644,33554,35326,78128,26255,54309,50139,10161,21505,40113,42334,80427,84134,33142,71064,63028,16297,30332,32141,62288,59408,71063,09006,32434,02148,62724,25513,57724,21548,65357,09295,67230,80497,72279,76735,28351,31451,79252,21585,47038,69094,33450,89468,45225,35322,71307,21504,01112,71487,50118,54572,59551,72300,63095,61244,54064,57504,65331,60322,52094,02257,24217,15144,71386,51386,26267,77366,77259,54375,17466,61082,81314,88437,61187,01427,28114,76510,95500,39386,58137,27666,02360,42277,46161,09321,65140,62738,03280,67168,83047,81009,55189,80065,30031,88496,30351,07195,38184,14509,78076,55169,40102,73039,11398,08347,23151,57330,24500,33506,79347,38322,63395,42186,54264,49330,62301,27125,03068,25330,41017,76612,07324,63225,97201,62723,50247,76758,62383,62442,40115,38550,84115,31518,66192,02767,03125,60678,72148,23150,59062,62333,61328,67018,22332,60125,10069,02025,89362,72113,73015,76737,33411,34148,52448,67509,60148,68276,57471,79085,2B051,51286,68315,71106,2B113,55302,14236,27154,29062,51390,62492,27101,06015,27524,44170,54553,86141,85116,80476,01136,62298,57193,16071,12298,97360,82023,59249,77287,02758,21166,35360,22258,77042,68328,77052,08191,61419,54313,80724,27142,31375,52461,61420,11006,33398,63238,21631,08167,63164,57551,40267,91292,28284,30040,55485,51374,30192,06066,36108,71276,14534,02194,03039,14298,73218,50435,39422,31216,21114,87013,26353,90011,70410,40076,65224,82151,15173,83052,24159,69206,28162,25106,72160,12234,90013,32459,67514,40007,11317,79304,06054,40192,14511,60139,28404,87073,71425,25464,33093,97413,01135,07311,15137,61365,60424,57694,78070,37101,04024,05147,64238,80350,03101,18082,65002,62393,54125,57512,88241,72363,39315,34110,14500,38370,38012,69260,32271,70439,46236,51519,86190,03213,51345,30232,23264,27276,34139,55182,70046,23179,27203,16053,81281,37199,65179,30007,89297,76328,08458,21484,22067,51269,62432,62389,33544,50013,38094,35328,76065,22111,85192,62569,02211,05169,25351,76019,31005,54388,62357,13011,88085,08289,51480,14302,59173,09141,58236,02713,76285,54143,12122,47195,62691,62353,51037,85093,61248,79022,59264,24547,70247,44002,63322,78490,73017,08223,59553,41242,24176,02081,88118,64141,64520,67433,17055,61499,64223,80305,65071,71305,52217,62447,56076,02170,31178,83055,51117,31468,36035,74045,38010,81086,48067,50606,11099,02806,33008,18203,88302,88520,81268,38434,65063,02425,78677,59532,76543,10435,39137,70231,02377,38214,67313,23180,09215,40312,18288,72337,87072,62278,70011,25152,38471,28334,71590,68144,2B261,70256,24499,23112,65413,82155,42284,28077,34179,72106,61241,56251,24512,64532,41073,05112,69112,54325,70534,55088,28010,39376,58286,53098,38346,41194,69105,29225,11230,79185,88252,09297,71051,40179,66082,84018,38040,44058,70304,55285,43187,31020,39379,71221,64029,21433,06144,15168,23066,41288,67355,31527,09282,67325,33401,09269,70207,35021,08451,40195,01296,33308,10015,73272,69013,68202,65146,87198,62561,32084,16055,67056,27306,68052,86089,50364,25111,43238,74108,33406,34027,24172,21067,80356,57433,74008,50194,47056,39462,27013,2A174,87020,88046,13040,80313,55379,57045,51108,2B277,61446,81103,89002,31535,80242,27048,56145,25465,71417,57367,05059,33234,18043,72076,21032,25013,35334,17260,11155,03163,10428,74200,54292,25596,61210,68004,08219,79312,45021,67545,70235,56065,09259,45253,24520,54231,53035,84005,18214,27380,80011,80170,68046,18282,80630,55488,63312,59335,78605,69084,78499,45299,78597,36090,69225,32173,77066,67527,17175,77154,03261,01042,80699,87181,35215,15164,22088,71576,71226,25472,81300,41190,87153,81278,58026,05028,78005,55380,22272,49308,65029,27496,02821,51614,27279,47077,29058,24453,56189,58261,84094,23022,62103,36172,22090,01095,27430,32402,30129,79348,59475,23175,44048,56119,57762,38069,51482,66202,64505,66083,07044,63112,80796,50633,46333,80033,35200,44124,08383,27364,52177,70456,62556,37072,97420,72056,31143,71374,2A099,44184,21522,50574,57430,65143,26375,89436,08015,25368,86105,08470,25033,76361,60035,57254,64358,44104,91086,10197,63412,25616,74040,59458,32113,33202,38170,10288,85209,89004,85215,74001,88061,26045,67289,24136,89323,80451,54234,71084,27471,22222,11287,70446,51044,18093,88270,74205,09263,32335,39199,76168,51464,54087,39458,73026,72312,45215,30154,73077,19244,88255,01011,10080,50228,76050,39355,39362,77434,11315,67502,21119,36189,64044,70201,78314,88342,77443,40222,04228,64154,80117,88447,65234,35314,45331,35268,82051,19285,09273,38340,39007,24505,67072,25185,84034,52021,12194,47053,26178,04032,67482,39177,19063,64537,62611,18101,25633,10417,02068,69182,51173,21370,88320,56190,11201,66231,78335,60513,02426,01342,21399,57563,59022,42027,31262,14254,62729,80401,53047,38404,30025,04081,55157,11094,34319,12176,57026,62083,63398,62391,74244,79183,32013,09055,21229,22144,14520,32415,35193,08457,69058,70053,80061,76203,45278,76140,07346,67369,02235,70479,01083,28050,13098,54403,37119,12247,23044,11285,71488,62107,17403,27572,61118,18144,77415,18108,71310,80726,62578,12115,46081,64187,18181,44097,57165,68214,44066,63182,61463,67258,34232,43030,70071,64133,46003,63397,32052,51636,26244,97122,61258,35064,14427,76347,03167,42112,76017,25090,29266,72087,62891,23183,22296,85113,79319,07178,85189,15165,43100,67225,11319,09052,07274,05110,10293,52370,53187,24086,34218,51375,01033,88095,55561,79046,67070,56075,18180,77289,33199,58064,24442,63084,57600,43064,87137,81047,32257,85011,45270,27421,06146,33203,24156,34133,79117,57028,46011,10375,35256,27205,24268,16350,14747,30352,56113,14535,46152,14656,36149,54393,57408,65320,70547,81177,71116,66086,05052,62001,10035,32216,03251,43078,13048,68317,39205,2A128,28014,02083,02352,59196,70189,63356,76436,38162,26287,80300,12199,49368,24087,18279,56146,16237,23134,79061,34052,82107,64109,11071,74061,89289,46225,35041,39234,02340,59521,26027,2B173,02094,67350,33246,06062,76627,88265,76351,89225,21403,76100,39122,86100,34241,62523,46118,25497,50425,14605,60538,76617,19033,70417,89068,38113,86182,07302,68288,27480,19011,36102,80206,62250,14106,76220,85190,67317,41007,07206,60286,17054,44073,63422,55286,54465,97207,51605,05136,44215,10335,80513,72259,29297,35337,44152,39273,47260,60464,02073,39445,28277,33038,53111,77096,11004,67068,2B201,76490,68141,32238,45196,35128,09126,18051,26257,34313,43121,79243,80358,02560,29276,38361,66188,74083,62509,38073,21321,59251,80760,97617,79238,15125,63443,06122,77098,24318,42256,04245,04055,29037,85023,21148,80198,25335,57003,89211,89306,02536,03249,70263,79106,52258,77007,39002,09120,57090,22387,33245,65223,73307,31494,88428,05064,14021,38552,21279,55229,33227,39248,59067,51355,62683,10245,57123,06057,05086,44188,59491,47184,72149,68385,33083,64302,30258,62906,60363,61352,76324,68178,46169,78385,47030,19153,18127,57351,62733,87179,52358,68069,28124,24254,41100,85276,39210,15219,69193,24260,32191,55430,83135,69107,37145,17083,66038,21284,69059,74176,02263,38172,76465,47003,38082,77043,84147,74269,02784,88021,49160,71366,49215,17441,26330,63254,61037,65351,42154,89355,83032,02346,62168,38070,57194,11207,51277,19270,58116,17231,06092,70302,08275,28140,35176,54322,02084,32393,02453,67348,81099,30184,56136,55497,24196,51441,17304,88253,39297,51231,36022,62479,27137,27482,56261,02481,43105,14614,40144,25524,41059,16167,07026,32399,80459,24015,57644,65399,05184,02006,39507,21421,42096,44154,62020,62859,64037,60641,85246,64330,59647,54586,60030,61442,95566,57508,49260,46053,36125,41119,84022,69173,58235,72348,52414,62815,77082,39052,89319,39405,50196,25306,63403,32464,61240,26359,45132,04128,79331,65047,06110,80067,26005,81208,88361,42321,76348,39149,88354,59500,18029,84006,25124,32289,17340,01073,42163,59123,08497,29002,84108,65175,23118,42046,59465,31391,42187,78516,71470,24330,28137,36211,11314,34286,78285,19154,78320,27300,82123,84150,16192,61387,21076,38057,60014,2A070,11282,29249,08367,47161,22005,85267,24193,54232,65402,71029,32054,62011,76365,78364,02777,54203,81100,02414,02817,80226,02384,21161,08186,46212,62844,24132,17193,22291,49307,02044,66193,31205,07223,60081,54491,72192,69065,57422,74058,22117,02452,57647,36218,27224,27664,71480,81236,65321,18176,60611,56086,07153,70330,76618,56193,14558,58124,49370,27505,57060,21309,61396,01322,19018,32175,34277,68174,16342,61221,25517,05129,49323,21338,71324,33235,72047,27681,02145,88291,65285,84026,76463,62746,77207,34087,81068,42315,15186,88445,58118,64217,62008,31251,81295,49125,89013,86171,17303,35103,82065,56180,24370,37061,64440,51140,28052,27055,73157,74201,82157,21539,63233,47262,41253,57273,08247,07091,80372,71037,47308,30161,12221,61277,57074,23043,76104,27691,42278,89387,27565,32425,64275,81323,14266,89069,56085,53123,41176,58043,56096,03216,72008,88099,42184,54047,2B081,40153,76709,21268,35274,21331,25160,65117,28032,58001,50227,54185,08302,90048,91432,06109,34285,67036,18136,19129,54549,07087,26228,33432,74034,52352,56245,11238,79102,50145,61023,88431,14419,67420,77352,14536,57586,06159,54410,39106,48144,89067,31509,64504,25149,60123,62373,15232,61259,21705,90016,39204,33493,62149,88406,02363,87116,10352,56093,64320,88416,02264,91129,01428,15167,46242,83018,54526,2B037,88518,48168,08003,65104,36007,74298,58152,80683,22028,50428,80171,63074,73030,40059,52365,37032,17314,16065,06014,67546,70582,31098,59586,77463,78162,06112,25058,37027,71175,57255,29102,26113,04162,97308,31365,25072,14001,60078,59300,33163,51549,68360,59043,59662,74089,36028,02757,67182,80259,13077,11350,57614,25187,02072,95271,27117,46270,34206,61450,35270,25516,09094,31305,66191,72297,80298,73089,02472,10149,65301,81322,51543,27340,49112,76725,76547,57409,12146,56175,56160,87036,79230,55278,69135,79303,02639,10316,55274,22029,33100,65061,62254,89238,85127,62802,22217,62772,81190,50359,14227,11160,15250,58035,2A211,01297,89466,03184,51499,62022,21367,23221,74196,31183,57343,07239,25507,61194,60044,2A060,57323,62630,11438,34029,60530,95205,29093,01373,59295,80169,51143,31182,45297,64148,57475,11127,76430,02764,21710,01171,52050,09293,13043,61415,21341,28227,28335,71581,46046,26181,02663,62617,45340,76105,25071,2B187,54458,02504,02324,24183,02619,80589,51018,59377,31402,89059,81246,60242,54085,58153,66025,63445,88319,11200,78255,31227,21385,54260,43101,15255,49353,62740,10203,67115,52535,43107,04121,41292,76362,94069,57139,59308,66152,76459,26298,59060,52311,67146,79202,91338,25257,65244,60190,33215,70258,58291,17163,34128,71024,21638,50256,28182,73217,32007,31055,77095,21079,64425,02135,62901,80766,54214,25469,36060,85143,76631,61153,34159,62267,39579,06021,64416,63108,89427,40230,10359,80732,25004,51154,79170,67427,95309,59267,15157,29019,39322,70096,57615,87202,31197,09332,68296,58290,83092,85301,16356,31176,82112,27501,55137,83147,69085,70512,11180,44123,05182,01258,50401,24168,59182,71028,31579,87192,30035,73099,25188,14384,62135,17157,15008,54349,28279,51276,49244,76278,33174,22206,2A133,23053,46228,38532,62705,82005,45066,11082,80233,77290,10068,91477,13060,71316,30034,56240,41038,24325,31513,76158,19091,09258,11391,60502,30193,52035,67059,26075,55101,61290,27252,32239,09069,40062,88237,82171,14574,78269,63085,62147,73207,54397,59537,2B003,76546,70315,33155,72278,2B121,25102,60048,24514,88473,78188,25264,50149,07285,71087,61388,23215,33095,43035,19069,52549,47316,60171,57695,12030,57326,61054,55525,04231,26078,15018,02706,22260,27547,25548,61350,47257,59319,86134,17005,89120,62167,77237,30207,63081,74216,69086,19214,77344,25474,21322,77132,24551,51009,88312,59387,21007,03222,30239,52346,81297,63003,49361,33032,2B207,41009,54380,31162,37016,24303,83093,47328,24552,43184,59098,62046,39481,27047,71439,85040,07322,21153,76352,12142,88137,95046,79048,48018,51121,30298,17181,80797,77302,71040,25048,97130,32347,67062,44135,65271,77516,59258,80446,35002,27281,65192,50450,34226,50609,31108,50229,60269,16183,65112,46052,10167,77301,91326,80734,86027,16323,84104,29204,21524,59096,06060,64118,64502,38514,30251,14474,48045,42294,02028,81326,41044,07049,70226,68181,70386,67305,32363,80308,59575,14728,80034,59351,11250,11083,2B111,45145,23184,42270,83091,79289,68384,39065,27174,08314,72135,52105,69257,32329,33292,62500,14682,13020,77158,54236,08365,08238,52173,70406,02406,64350,51416,02460,2B147,57188,07105,11090,15153,16318,42173,21090,68263,50580,41075,08429,60523,89428,42011,31333,33531,65286,40103,67016,27059,05111,02834,48115,21684,10296,83046,53029,11142,70384,61222,91662,11056,27400,69014,71410,77060,02622,31151,71013,68177,59554,30155,2A006,61479,47320,01385,12270,86257,61435,55275,28259,27052,56233,01352,09020,82184,37100,76010,10276,07345,08001,65203,77012,17241,68082,60544,60196,54466,61228,94041,35134,76211,60182,14057,74166,72168,34279,40173,51089,09301,21125,77389,2B102,69120,18003,14455,77152,15194,40156,77420,18146,23068,02418,78668,52168,72118,33445,59068,91161,04124,90105,37180,11366,02648,05072,60346,10312,80317,40324,80504,10403,25471,80505,2A258,74226,2B216,76319,46047,51215,46296,07079,55407,78474,80399,31523,62188,04099,14524,27557,01163,67486,01314,80172,85162,68002,57759,72128,76592,65423,38508,51559,51053,21465,54567,62471,76531,54285,78683,58038,02336,97414,35099,73240,60155,95675,82058,50498,07339,41232,21200,28302,70428,34104,54354,76597,72122,89388,25420,21543,2B352,32339,02514,86132,61402,31546,62829,25091,58232,09119,12015,33297,32397,80503,22268,80028,52123,09329,2B222,62548,50324,30205,51161,52470,08321,35006,91228,2B195,69233,71495,13051,58166,30024,38054,31014,61486,65133,32097,44162,03265,66010,71026,67302,63144,29044,59185,17296,01167,13112,25429,28003,73058,53243,24495,02564,77413,29291,76261,54383,69199,86140,77361,10397,64370,08131,32375,68162,02086,21265,54223,76608,80243,72265,62153,82182,62332,74308,30149,62493,07312,45008,08106,33397,78231,16073,15084,12149,88466,59670,22056,65387,44133,16362,01183,40174,72361,60102,02645,55037,2B306,11276,50398,61391,08163,23240,38400,69116,29169,33441,30012,80288,48191,05176,65120,62812,81216,64072,61038,60071,54418,68283,05022,14666,43104,23230,01444,53122,57354,50300,22370,01197,02818,40186,70103,28104,68130,63237,72058,89008,21512,24388,24463,30070,07176,86285,52515,47182,39299,33073,65107,84113,33323,64048,57708,88421,76537,36141,30127,73014,85039,64100,71179,45160,62696,78466,40082,06145,51527,03063,50272,57606,42110,02104,89164,22197,33119,12204,67103,88389,38315,60112,61384,67197,26211,76007,12165,55260,79081,01424,85004,24516,60439,21457,38512,07122,38009,35115,17385,08269,39466,02389,11279,02781,48105,28304,24449,25598,40257,57291,78623,11378,17058,12059,28303,21247,28218,24346,59121,68114,25209,06004,62526,71052,36024,56011,16087,2B339,67086,04216,33276,81060,07093,36165,69292,39155,59008,51245,62659,23037,01391,08047,82019,46302,86195,84002,28314,05113,39490,34257,60528,57172,79062,38065,82011,58189,42138,31223,38289,57049,25017,32115,40029,13099,28326,70403,72048,11302,67418,17449,25466,24522,76558,38544,28359,31131,62542,30175,34324,71255,51004,55146,89085,70394,32344,63331,39117,07100,95387,89383,60465,65144,04217,81154,68060,12170,27500,30006,37273,01009,08234,42124,45309,27606,73222,25448,02653,34270,87058,04028,69052,06161,29067,63194,62866,42113,54010,01339,02454,74173,56226,71389,80738,22362,16303,04203,67028,09290,53209,51302,68180,43051,52234,55214,57316,53071,22273,72181,95452,08199,88182,80445,31376,57286,83005,59538,91556,15074,85232,51465,36117,44077,80611,04137,31258,58107,63172,40298,88220,02589,64311,22339,23189,38480,70113,38567,79300,17075,86235,44062,18167,01068,22322,36162,59441,19059,77412,24090,17420,54366,39092,59663,59322,91544,04202,24024,51459,24282,46288,69083,27116,02428,15038,58072,81225,54305,78034,76268,51406,46136,90084,42121,57509,17359,13086,02029,52335,42052,32150,02659,74143,38454,50181,57096,45086,17450,12080,74235,50296,01310,05140,28251,55574,36026,19279,34142,42033,59472,33460,34153,09185,54117,74101,15187,13033,54496,24563,67110,24426,03241,31072,76752,45174,60700,54556,03264,34320,38548,44128,60570,59438,85182,54261,79251,64452,90086,14648,27365,27071,37267,56032,65049,27441,51187,28040,57654,50564,29259,78437,37008,76114,17031,22368,59019,51339,22149,01284,08087,02021,60662,82089,77161,19084,24021,70102,30115,89229,83007,58126,45266,11031,01077,41274,25325,76071,40124,59252,53115,85255,31206,70519,57161,42172,40313,69145,64179,40219,25045,64436,29114,45197,62049,45220,54584,56088,17424,88443,11399,40183,27672,08170,24509,74015,03273,47118,26356,74280,60602,45199,63109,23229,94073,17150,26355,10206,27333,31084,14026,02509,64069,03099,45330,60087,39180,14397,43172,21624,15064,42293,61510,35154,2A198,89254,73135,30099,32277,54164,55295,69108,08171,54200,89255,12300,22294,08463,76113,28064,10144,17395,30252,72340,38228,73051,71284,15051,10058,81172,78062,25440,18283,47188,14591,31586,11029,62808,58134,69151,45121,27021,76667,14196,07056,33290,52545,69282,38273,95277,57705,71558,12089,54562,11228,56102,34213,73159,77374,78089,59489,59624,22062,71111,52016,81014,38382,88087,85034,65106,86081,32272,74037,62223,04034,62787,26325,01396,47140,02740,29218,76133,62426,03079,76431,22237,19115,62340,80102,52109,54103,86126,46317,03038,21599,79007,82059,63262,27531,06028,38154,77348,62583,59463,25229,03075,22113,21144,24120,68287,70052,01202,44107,88057,80514,27217,80623,40318,70177,76628,73280,65065,88245,78536,42055,77159,04033,21335,80743,67548,65241,18205,38297,82032,21328,54501,23223,19009,32208,76522,47280,71472,71010,02676,07184,25284,10219,69289,71041,02195,02358,54002,85102,31074,14685,27413,10406,39267,88074,71578,50094,53184,28080,28230,03180,63371,89367,77048,11104,09048,41254,71127,67260,87087,81238,42337,08373,81008,62423,02345,03256,16264,72126,95483,01017,27467,62640,21402,21058,49056,30341,22082,71132,04235,31260,65127,02153,32211,28161,60107,62177,89088,70369,28410,35259,67372,38319,30066,40276,50124,26137,60499,49050,53133,82181,17227,64145,88119,64134,42222,65471,63452,59074,14346,57664,80661,67073,64301,59453,22348,02206,24289,61436,85273,80773,26021,50177,64340,18234,26125,63115,71502,59629,42040,52140,72170,77139,52206,84057,14238,02532,55530,84151,66150,80522,25442,31560,32023,76493,01378,60376,72053,59093,30059,06018,88433,44126,63146,52214,55536,14748,32342,03196,11028,38003,89443,58156,25217,33465,22227,24340,39337,47029,78327,79271,27487,45101,34314,70340,88531,36147,60524,59565,47095,28310,29156,57106,11149,72061,10103,50058,76132,57605,02543,62071,14698,51389,86133,28247,54441,22086,91175,86274,54007,73175,80708,30344,64010,45198,58018,33458,37098,65460,41223,60695,46129,84143,59596,90100,03289,53172,14327,72310,89083,81239,24245,61456,21253,39088,18112,07308,65034,86242,32315,59357,2B346,76210,68074,19242,85169,04049,39350,01024,48146,43267,57417,57453,67183,22282,12281,65470,59613,26300,60024,60280,80320,77046,52121,61386,08425,02090,45028,65118,69383,08459,08206,64374,80391,97356,31105,62396,42251,49291,22310,53009,70026,59610,27233,54314,18006,52183,83019,63297,12108,25318,88122,70427,21246,83003,31065,14627,39055,65274,14257,26182,03086,76316,09065,40134,64206,03237,35363,87059,89452,30073,52423,56213,07128,67425,83146,46195,51193,57383,88035,19272,13056,57673,12195,76288,47164,63067,23234,05153,70537,89345,41245,29217,01035,10300,04190,88005,32202,54081,87032,62015,85238,73050,65184,08356,81079,55071,58109,22036,03172,58287,03080,60461,29257,46188,74261,60654,87041,57419,80821,80432,76678,80154,86197,17063,63462,11437,76748,47019,57668,66126,22221,14719,33105,60262,92009,64445,18208,51601,34202,55106,91359,65435,55300,65273,73298,87051,52142,57160,77296,85140,22380,56056,43157,08130,52425,34097,45085,71459,62755,31018,02451,35013,60240,71462,85196,73154,22346,63382,10421,38053,32164,29123,33519,02288,62345,50096,31244,18121,32311,97406,27579,02100,17265,16155,78082,22343,55159,51045,04233,62120,85290,59433,85031,25555,39014,97423,21041,65371,07117,74117,31497,60020,11166,71464,23219,24383,21089,61401,2B025,80104,54573,09241,62322,80222,07257,58279,55346,68088,80533,29141,56231,63249,35275,76395,39078,35046,27538,83064,46192,32366,88370,79343,85153,62572,34054,63444,71030,14311,58099,09210,81255,24493,51560,22026,2B256,88311,25511,63309,61229,50326,46330,63351,76502,25213,60177,16116,54192,72349,69060,64500,68235,54061,91377,27597,82119,84122,24030,57669,64439,80129,24425,28352,39049,34040,73267,58089,46097,09096,31393,89277,10330,83068,01106,72169,27399,80659,19253,25537,69039,70380,72218,29206,38104,68376,91179,57036,71297,48173,89126,54153,63128,50492,31385,33354,80246,35347,07045,41004,59432,55199,56030,76573,07088,28126,03028,66096,76112,12187,71523,18223,27534,21211,56117,42069,84124,42001,10012,67495,01295,14034,88006,35307,65090,45052,03071,16212,80424,60331,55382,39108,55555,68122,61111,11048,08277,33293,81210,21207,70083,46002,57566,47151,09205,59336,64188,55340,53117,78564,31571,71362,51547,61444,64161,90067,36182,21030,16162,91630,27198,45168,04220,65481,58227,71342,89274,60403,68106,56123,57152,41207,84028,33504,59126,38291,26019,32382,08363,31400,64067,82008,52378,10174,03320,48054,59410,27246,47230,84146,31117,80628,10163,57099,69190,59576,73179,19035,67161,15049,33336,76574,76032,76330,39223,51392,84121,62505,46117,80249,59159,11112,59541,60632,25183,08351,47045,80779,21293,01383,34280,57544,24243,62699,86226,91044,80279,27660,86029,14645,46160,58069,66190,30310,48001,51582,35345,59549,38265,58039,64272,27483,64137,73048,52316,68045,88128,49278,39288,02610,45183,81040,48004,03027,61139,57379,86138,82124,21663,80520,60247,10118,62427,31071,12263,25104,33407,89249,11364,30231,86014,02492,86084,65344,45180,57169,88442,72040,21555,23127,55188,71275,34207,91085,80679,76173,11139,61369,11122,17423,51229,07134,50253,62208,44105,33232,30023,31265,50448,71220,76451,28094,11119,66029,70378,58174,51043,03183,10287,48158,30106,02726,08465,68308,65129,88248,57289,08142,28065,06080,80237,69203,15154,53125,09082,01031,57395,03314,52375,62571,88132,42060,55495,59514,12153,50521,60325,67009,16396,59405,42039,52307,09102,61300,69035,30314,73285,57712,51393,54173,34016,46273,04200,43038,10123,47026,45088,71256,67552,88259,80352,55035,83048,10082,11173,59390,79329,32221,08235,40038,45126,17328,10433,52267,25393,50078,22119,76118,2B260,54195,15244,14248,45064,57679,67130,12023,80598,12013,31157,15124,67081,10230,52199,39245,07094,89332,18081,34120,77044,65149,71144,51646,55242,27375,72103,07066,10136,87056,40001,38394,11360,18126,56090,26319,72125,19222,60178,84055,82062,41002,08075,01165,25395,57219,89227,63414,31097,24084,76036,42320,11380,18030,77410,09071,64377,89228,55239,80664,24356,33312,09039,88512,31467,54379,53212,56100,15123,71166,80780,49200,77229,62504,31112,03156,05046,12208,22279,70137,11133,59567,83107,62679,38383,89146,68373,02286,07331,18053,14272,12239,85293,62851,89035,14546,12113,45098,03061,02123,25357,64018,30300,88153,59637,68021,10333,45222,29007,51252,30113,04142,02628,38179,11303,26296,16171,27615,58094,21572,11177,09171,59315,65009,61260,62889,25040,56249,39253,51595,14198,13013,60554,43208,02357,10270,71423,74258,25562,52161,47256,52034,38562,51152,30202,10142,83083,65389,59436,58108,72144,36128,21327,81151,23002,62833,62682,70328,41039,28123,17145,21162,39262,61020,63441,89134,69130,63288,67347,28109,51057,18272,37178,46262,17380,43098,26173,69118,62615,08077,40325,35240,65455,80481,60260,68104,35263,55562,19057,21132,30104,02099,62562,28330,15108,59469,77120,09106,2B246,60648,26055,91122,38479,79267,31532,31281,52019,18225,64418,10104,83022,67371,81209,17321,02707,60702,73023,61014,88330,35305,42328,88434,35111,26079,29142,86011,60411,27464,67359,52376,13031,69012,59620,62789,2B225,31107,09292,31139,01174,59374,01364,62677,08398,22013,83111,02766,52401,38324,29036,07103,76129,25235,16026,77431,45006,77523,55399,33150,11206,40270,66141,70494,78233,81187,76204,50312,59632,33049,03111,89438,19102,74288,88412,65218,11316,52095,48055,54600,76570,41233,58025,85268,77440,22148,02545,31261,69293,82024,64193,25462,62655,63060,51420,48009,77089,83105,77298,36227,89184,76308,65197,31009,14672,57506,02091,2A322,77355,68252,91408,55570,64451,40069,86001,31384,28280,14738,12057,66137,02131,33433,39385,81287,62244,28198,89300,12258,09197,14663,65338,97230,50575,66043,80545,59260,08407,80595,71236,16157,89475,77407,88359,89268,02075,89066,68347,02283,33408,52271,11233,87015,94048,07142,89206,51576,77191,23242,01319,82147,25006,09163,70309,34062,36200,43230,57270,77156,57359,39039,73069,33449,08460,64233,2A259,47242,64143,65375,39139,02761,64258,49171,87164,32002,65290,62175,16353,67046,69050,76303,59271,22150,65405,82035,21408,15118,54217,29132,57168,60106,18198,62474,38358,55033,14657,67218,39451,59137,25219,27363,04140,32199,70268,59341,31500,17348,41107,19231,11268,76052,68355,21640,74168,82194,80400,59285,54110,07284,79040,24062,14679,49058,10400,70358,55545,60434,43197,10033,34189,82048,08316,93031,55142,15087,35164,23158,83118,71252,38159,80378,19261,70007,76087,09166,89441,60495,60303,63245,13003,18068,55049,2B143,02188,06140,28425,70533,54428,68215,13205,50215,62822,64174,90010,22212,30246,61484,63434,10363,77335,70433,17129,24102,33005,59241,62486,61265,89403,26314,10444,39272,14504,62721,57411,72197,15237,21350,39102,87150,32441,82137,08500,89049,80225,31171,37223,80655,57095,28143,12212,47141,66084,83148,2B138,57373,37166,07152,15090,27598,26212,16125,10306,34102,08055,17301,80529,50332,77128,62715,2A114,80744,80312,26183,02500,81016,34088,76265,88479,47301,21195,19280,09266,24073,54459,77424,59171,15175,62748,24009,80669,77023,18050,70224,76254,08424,78404,80754,02621,28037,79280,01329,21258,67093,77425,19196,89413,28202,52495,38494,01241,25136,61010,51014,44117,60008,28374,54408,64082,52165,46245,38213,11249,2B047,45010,02158,60122,63423,04013,60312,09214,60318,26312,04054,71529,64479,14353,86254,86248,31300,85226,11162,43040,33158,63145,45244,62478,57264,10258,86264,80082,78267,21299,62076,25256,23241,33250,33535,52539,54302,01037,02574,15222,17225,11310,28226,02801,80747,41199,19211,43048,38350,27345,31369,03239,33097,62827,29090,25470,62850,58046,42014,26007,21709,15011,77049,39237,82012,88305,71293,19166,80019,76676,60431,88465,17439,60026,64383,80807,08288,68182,51379,67001,71396,33153,32161,08251,65209,01028,54532,60064,32325,10160,41077,80037,57093,72046,57531,88083,07074,32183,64034,72005,11192,44116,59297,16011,38381,60069,55444,36217,95257,60679,73036,82061,11226,35212,44161,39081,47206,02660,88338,52480,57540,25057,62093,27034,83004,22204,62430,59604,48077,30008,41061,70416,06136,40247,59366,35199,36126,32462,38380,11367,76138,41246,64253,57271,14598,64535,29187,17429,02720,27318,33530,88206,59461,71526,07136,77222,91457,03321,89202,24165,46284,02768,65086,05130,51585,50052,54174,28392,52452,42002,08090,43116,89105,81059,55398,71259,14622,02020,65476,61275,90058,47160,30119,15103,90049,66067,08411,37187,17073,17344,32467,04068,14626,55107,21287,39573,2B058,40034,51181,09186,11345,32119,72057,02477,14527,10018,42092,57228,2B005,46279,87200,59080,73098,15105,59307,08133,70236,65398,38387,32364,51610,68126,55326,50376,51557,47286,88230,46055,54177,82191,62156,05026,33447,25249,29051,62106,56164,68377,71199,16020,70555,39336,50556,02792,59293,19058,2B009,52500,70367,25371,52045,01281,29099,21252,51295,76718,39568,52157,80786,33355,62192,64101,91469,33478,67471,79189,76230,45146,46257,08121,60668,38232,51550,63098,67404,69097,53170,56205,89029,15001,79005,02529,62650,54256,03181,34147,16088,08342,57569,54026,60290,76681,55246,65262,81298,60029,15130,52093,59261,63051,23119,79001,70404,59326,57468,95074,02299,02103,51484,29234,45320,59546,68078,25300,16398,51442,64218,73282,60616,55263,55462,74127,46127,95328,60045,58004,89369,52243,25285,54483,74170,74198,51191,74076,51574,18252,10098,31526,38047,22256,59337,40274,88276,04027,33418,63073,52503,85198,35315,91041,02516,60561,58053,25401,87001,43220,77221,56202,14461,62587,21537,80103,43244,22283,64056,46010,29075,62201,10178,17155,33384,39497,17127,68356,29041,43265,37052,09152,21459,89124,49002,71089,62823,59381,77528,82139,54129,16195,21592,31345,57052,62161,71218,63167,15269,47100,27511,08039,65035,57309,42031,76383,08115,77512,51433,72299,30266,76741,09158,48079,74029,38288,80048,03103,04067,27106,10049,12037,02497,09225,57456,15012,25308,51124,67315,63126,49339,76548,63430,40126,07192,69212,62115,50596,25088,79197,52326,65297,61070,25572,55299,43067,10095,77163,65284,08214,72356,34315,38144,09284,25392,44138,72257,88183,24064,37216,65198,26172,71562,25378,85178,07280,60077,94016,82150,28055,52348,57656,43103,35219,48002,62638,29288,16197,28189,08372,61143,76023,76293,31241,88194,33309,72145,66034,27577,69261,19128,73254,32301,27397,54249,08449,63335,54144,69269,08180,55097,25499,52064,16213,62693,51122,22308,42123,12033,05107,13203,74071,58070,58200,32403,27569,46241,57541,56238,14134,33405,57159,11148,73201,02667,35157,73022,02704,27610,08431,64423,33482,32336,27241,19143,03138,21170,35325,36207,66130,2A278,65062,02175,77383,02636,38285,55358,88477,32230,33144,76647,57661,60253,41229,30162,31161,71103,2B307,27171,45185,25147,46215,46074,62252,03062,68076,17286,34091,75103,74190,26242,67177,60650,10081,23042,26232,38332,66040,88190,14334,88149,10146,39330,19036,39066,85144,76270,24232,14408,13074,2B221,50639,83149,84074,59603,28322,11007,21227,45083,41251,08211,67309,23054,88481,37116,78124,08176,71363,51500,63269,2B355,62888,89010,29131,80302,47103,57198,97210,62864,88044,59206,57044,28353,03130,54060,56053,32451,82081,30016,92047,74208,76062,28169,24163,58176,10348,68213,26013,2A266,59178,23262,11205,80793,59394,40184,30285,31061,57441,70022,60629,80525,38091,41063,63161,32085,11167,24471,31144,78624,42247,88318,02152,66033,2B123,89346,64062,03214,21407,35222,76377,59568,01386,60161,76304,08085,80604,26196,77075,03281,42101,11198,17081,75115,57697,64313,10302,57201,80582,33529,47058,41259,02210,22024,54391,52208,34235,50562,21270,76480,81266,57602,57410,76535,47047,32051,89183,14512,63392,18287,01362,74065,76251,81165,2B162,09325,02488,43232,60009,89303,30097,21313,71213,51581,29074,09013,02327,24559,17070,62899,02386,62002,2B007,47131,01072,13102,60508,47154,10210,44187,52301,28414,09016,70098,85086,81071,79120,88524,54534,12060,66117,60351,64314,02495,03077,47290,26138,55215,14329,88140,65189,35174,24519,40096,2B226,78220,43075,63442,67531,38074,80618,65336,81258,91103,88242,17050,79161,51410,45263,88324,73138,62392,13052,2B219,66201,65448,51007,82067,80062,73245,26063,74160,62483,61227,76069,29183,71151,71248,80285,35093,01261,81308,72374,39130,57006,38515,25022,40047,73329,91272,21187,59420,30289,77181,86077,64065,26003,59665,59396,35309,81077,14258,25349,62379,74041,52433,41074,30273,60472,88202,14759,56159,83085,25491,02111,38157,27210,65068,66161,09075,80697,52204,09046,62671,52534,80216,25582,24153,34161,50531,91145,17302,18031,16181,59270,80268,02717,01448,38198,95316,80326,12303,55487,02265,40187,93079,36171,16209,26152,74044,71341,52163,24146,40275,67050,2A048,74035,74105,54358,37192,19283,65097,63260,02736,21312,59168,34344,83042,67468,95144,65243,08397,89131,32140,87011,06107,76744,37155,37212,30271,21636,17069,01305,89205,26382,28260,50413,91479,58228,85012,60562,51444,40209,39271,71119,24313,76172,68103,34051,38524,03128,42307,80741,54137,80474,57314,80146,70060,68183,85211,71430,40074,2A269,37233,10224,35255,16423,67108,56165,33307,16178,25122,14280,80114,22106,05146,55080,38535,50321,62810,57601,15028,54579,76474,91225,80381,53276,47246,53079,07169,88249,02043,34082,40213,24194,14390,07186,76622,63220,14400,69198,77202,69258,64138,51262,19098,65103,38388,43088,36239,06096,31537,14716,15052,25510,60534,76688,53211,80362,72275,03060,70219,56040,21480,63340,60007,54398,38492,25607,77111,57476,52074,25389,16005,16390,79283,77332,86118,60449,66049,88186,64075,19181,28268,76567,62258,79130,14358,08339,76556,89328,51132,62508,11323,27095,67076,23083,95428,80558,84067,38226,47090,90088,63154,32279,76228,89382,35017,22045,39042,69134,38237,69153,54436,36212,11290,57678,49378,67121,65091,30135,50462,09066,82088,65333,95141,84076,26352,35283,33260,52543,70077,47089,08210,08202,97232,28036,24491,12154,2B069,32438,22316,72243,76263,08466,37147,44220,89223,61100,80694,69160,77354,76669,36138,60582,08477,08215,21427,69287,52453,79084,85066,77016,80135,54435,60421,45110,24546,35035,16221,77377,51409,24236,09042,77137,02728,70155,17209,2B210,76656,80144,01193,60216,65099,64525,26052,35181,88427,76716,02004,79281,62747,80733,57687,35205,38540,54140,10177,54324,57097,27065,55514,25541,66182,55168,01111,24188,86128,25254,62544,62713,70089,02076,59641,31521,62099,51293,80006,02517,80307,41008,77356,38001,68093,52001,32465,76378,17190,40229,51136,38186,88365,2B149,11159,62579,19264,07232,67274,51051,67234,35277,21581,18286,41041,23063,65073,86275,59389,77100,78290,71155,36244,71181,54378,41085,26169,97424,64103,76171,30299,79127,14530,72142,77306,42192,62158,38155,67105,13066,74140,47281,53126,87016,60614,05095,47007,85126,62104,24331,65447,01053,44193,73220,62374,33468,30325,17402,33300,63206,64427,07080,92072,49292,88521,54237,80354,19093,77462,27694,57205,08139,38132,24336,62096,85245,61492,27548,39470,62003,17118,35262,60680,27698,59273,40138,95572,35184,55117,35107,12267,67104,30220,27139,77521,01051,02398,37010,25112,56141,31352,59244,26166,55261,28265,70127,25012,34117,95151,33511,39574,27641,73131,56234,62082,60093,97105,09148,16042,03185,78194,16203,41140,42048,91156,73197,79091,76582,43070,67333,88297,57348,74036,32406,65038,80428,29064,54148,62056,72372,88145,31132,2A065,40242,59237,77047,53151,71534,46187,12102,57360,88224,32058,65004,14088,77076,80017,64236,54046,10208,72379,24396,25189,54518,77451,45345,26128,70353,32313,71411,21094,12264,42274,22257,65037,67151,36148,28102,18261,16413,27033,66006,70531,65324,42206,41058,29163,31465,27631,63273,76757,89479,19286,77258,72146,36139,33193,42012,54016,77008,2B251,11184,73106,77367,57048,07197,78030,27213,95563,58203,62327,39342,06119,58271,70348,24096,43145,27019,68127,77281,90045,80719,85033,51088,31166,08370,34216,47129,56191,08182,31090,54286,21464,29061,51341,35014,23246,54111,32395,66022,2B350,03076,62297,71533,88288,54377,56201,02561,62512,71278,41136,21150,59202,27289,38090,23021,28075,65211,59507,95054,59508,68371,19068,36113,65426,2A270,08034,95139,58163,71016,42290,42185,18020,89212,95301,10077,33178,11246,89287,70003,62728,82167,38386,88125,80201,12034,72342,77034,88372,12157,67131,89331,69136,89071,14619,07063,59257,11136,38163,55102,34303,15056,36132,52125,91148,70504,26035,78311,28426,85022,2B059,24115,86234,38018,15243,58010,80635,59015,41103,60459,42102,22152,06111,63116,85264,03145,63387,89033,24029,02289,80123,59666,14322,06124,34166,21387,78224,61077,32162,61487,27226,57636,46032,80292,25024,26378,50200,57488,47191,78531,49155,67451,17258,07240,83054,55581,62028,74030,14150,14006,40268,51299,45113,41022,76253,47252,17153,86018,76271,21363,69181,42199,11014,54240,64321,62081,74259,25181,14630,08249,44113,70064,08110,55371,80550,43034,65381,31489,79088,62386,54091,62184,17180,41206,65384,09136,71105,55474,64389,32292,73001,48137,89012,82083,90082,79294,66185,73183,03274,34144,48130,41046,36076,21374,02429,49064,80139,91137,35159,80205,32139,89200,60550,59427,27199,51590,16369,33446,27682,56209,39058,31472,78368,2B050,80155,13213,59284,04164,80466,50519,12215,71372,23145,65191,2A130,14183,73162,31042,69215,77403,38277,64073,47054,63301,67067,33089,87093,60578,30168,91106,72249,52220,35194,79123,16281,76467,05016,56236,64287,66172,67306,48152,47132,80207,19248,32134,93049,55463,69149,45130,30153,73248,21070,53256,52284,38527,69184,57320,30151,38378,70031,07037,62369,09187,46209,63193,65459,34168,57390,16015,02554,02240,80044,52101,55470,91248,85076,82052,16285,59667,09260,74155,44028,85014,68234,35306,09300,66079,10272,61145,21339,53246,2B344,09089,54005,42077,69163,14281,27617,2B263,86053,58083,27177,32323,44049,71406,23013,16131,97101,31390,77262,69385,29021,36153,71524,40240,81178,31094,90009,94071,63285,31342,25244,27477,54583,53160,28001,59299,05179,35294,62496,57208,51322,02350,93050,73286,60665,67448,02095,15225,60006,86290,89335,73156,51487,23077,49326,07161,77243,16316,62598,80606,12003,12161,38286,56124,88505,21686,57176,58044,59358,57505,33360,46049,60522,56186,01399,80360,54541,50423,55465,30234,77087,24225,47171,60267,81199,22069,51524,51649,81198,52179,89209,52416,66030,66027,38066,70132,16008,39514,02571,70001,55403,56020,32418,28028,60663,52429,59016,58093,51415,25618,72341,03310,77198,37262,62370,89102,77015,51070,15234,01127,57338,36225,56036,86061,68357,39010,18134,02179,21633,10023,55082,43253,32387,51212,85070,61498,51378,40117,40110,81020,40137,09138,87034,70010,58098,97103,54493,64085,48032,51545,12011,11259,52336,10155,97221,12017,38416,50059,76414,80540,53114,33480,21126,23157,17003,79025,47309,88468,22340,95491,31159,02048,79077,70499,59480,73119,01232,28177,68034,30086,58097,46116,04211,37256,76175,53059,33108,01317,24429,76198,51242,02615,62564,23059,08065,40224,49373,65014,77183,84045,63393,51634,10079,68358,76084,02369,18128,35143,50563,57162,28167,29094,07018,71453,63036,63284,59573,40199,17183,83012,42231,39378,39111,70028,76309,57345,59557,04175,42221,2B319,77150,65360,51377,52056,71237,19119,79090,88499,90060,54416,26344,52353,69155,89181,48097,31126,65469,49359,01376,61095,46119,24487,76357,64444,28364,89325,79158,60323,51196,47107,31437,65418,36087,76495,67051,50038,19130,32350,57643,16079,46338,02565,85018,35196,11019,55414,47235,80453,68158,08291,67320,87204,16107,51535,55457,70579,32226,42097,76029,33404,34254,38059,72050,80387,80755,16139,57634,67245,46031,88126,56070,47105,25094,38531,77061,13078,41037,76489,79270,51270,60379,74090,33040,26262,43138,37158,25458,19052,34328,25232,89313,59494,01398,02238,45158,47155,12103,64345,62145,24565,77466,80015,46310,86006,36223,55050,40307,73253,55076,25036,01272,57535,78236,59622,27593,81173,46332,51246,55381,31082,63004,70159,51498,79276,64534,68232,41177,60055,77312,21472,56087,19141,79079,65406,89095,93064,07228,31235,60686,24098,08322,2A117,63458,02391,90020,44134,18281,71057,69087,02478,45107,10364,77449,17366,31193,76434,01447,12294,46004,60142,30156,58251,80241,2B190,91687,31482,66056,16099,28331,02057,2B250,35264,02723,62897,43141,04045,80133,60369,83090,57483,45115,60444,22366,33124,34222,16370,30057,77376,15070,40227,81053,61124,28187,12269,77040,24010,08278,26379,25443,69168,79153,18022,62351,80283,32146,35355,46113,35224,31129,21431,38211,40041,38438,05164,62407,19050,83025,41231,02765,01365,05058,25331,70063,27440,02272,12022,15208,11204,66204,24212,32081,71552,38445,73071,57648,59125,14110,81022,02484,42257,22328,86271,55207,30248,76338,68064,80240,81135,21033,78036,17464,27412,34055,54330,57560,33314,70400,02600,39571,71407,84024,08501,68327,50036,65039,11292,12174,91215,49080,56019,55472,83115,52274,48111,57653,64094,51563,76755,87081,81244,57749,03002,18116,25627,26269,25287,79013,09195,76569,28134,38448,07305,57698,71187,21323,28383,10419,65335,32114,64362,02745,01332,51055,22049,27334,32396,50647,65343,55226,02354,24432,91473,58128,54069,15013,45285,03191,41129,40023,76438,62094,17061,91390,62877,64465,86135,97134,01285,44142,64095,24458,51022,47036,28248,32333,85158,80365,17002,15218,18240,13114,29167,43264,86047,39367,24301,67004,50443,80078,29110,68284,76048,71007,71025,87119,33321,2B167,97307,01233,76162,33509,39449,76533,62321,42036,77294,11175,62826,21477,01194,27035,80342,43073,83039,36107,34145,04079,68016,32352,63104,11266,80769,10168,28122,51107,76630,29263,59560,38431,54299,39349,67173,79129,66227,38244,43206,51502,62546,74091,81235,73164,46017,05151,71382,05087,36112,02468,12055,32075,70277,11308,47015,19168,26047,02523,31492,47147,46060,50336,34237,68336,39397,14557,80410,14713,10283,46088,57393,25253,19017,32262,86225,88331,26054,24244,10135,78077,02486,02139,78264,33330,57576,61263,11013,85146,34240,81051,68279,54255,10109,59036,80563,17242,10440,73121,21143,76281,60681,56084,26085,60353,88240,02341,51238,55085,33537,74283,56223,33050,08487,37024,16325,04159,29053,91412,12065,62767,41097,22377,11060,61394,72085,91519,21383,2B084,38294,41228,91374,46086,38199,77021,80336,34194,34025,71360,74171,08444,32019,41164,63111,59660,45226,62455,72358,39219,31200,24488,61007,29017,02049,25436,54139,76512,68038,58223,08200,70573,15223,25563,02101,15045,53261,66055,51222,52449,77345,16252,85210,17451,33419,39206,47101,58142,71270,62012,11037,95181,80234,64353,82017,57362,39079,22128,65332,19210,88523,30176,30296,48171,77303,2B116,57220,28319,31188,19139,60401,02687,76318,59311,62180,02097,29034,67214,67239,04183,67134,54589,24364,81247,37269,55192,65222,11138,52421,01069,08334,60127,51164,56066,64292,63105,07069,80196,61076,62422,64274,41120,11256,26346,59175,48039,38147,95365,37280,37248,52013,58301,12018,74296,49288,59047,02744,90051,11051,2A253,41168,52438,80211,80105,74153,38345,48036,70008,57166,76063,56243,06013,22207,38087,80149,65225,80324,70187,21685,64260,38325,70480,90103,14378,66001,68344,19262,17390,63022,21651,82117,63042,33464,55518,33220,55298,65170,71245,37243,59619,28039,64342,76297,62187,67123,60592,67541,10105,46227,41179,86079,82163,95348,29298,27481,17353,51228,01058,47010,2B214,50471,54538,64032,88366,30081,28072,50084,10090,32091,39339,38391,36208,69157,38146,55268,11369,59535,50304,71174,21052,09306,60452,83129,41222,50629,33177,68147,42302,36166,81032,39061,09169,21501,22063,80029,2B043,23261,05170,82086,70254,16132,10284,89360,87188,72246,14179,14640,91111,59649,08169,88343,33492,63348,97113,30092,29196,16399,97202,91411,43112,31416,78343,34053,34042,11363,28363,74179,34031,60238,25514,70542,52362,27291,64237,70413,65354,28242,66128,07234,13007,39401,32125,28261,90030,62234,66088,79029,13080,04005,56167,17111,65012,74225,23101,63038,78407,66199,32362,16361,71554,60321,71527,68191,31282,70221,2A094,84009,46191,07157,11069,52175,31373,08196,80682,62350,54025,24027,38240,10070,11300,53040,89404,21050,51597,09057,26115,69071,65070,31487,97120,55208,38039,66046,16283,2B245,64344,17448,48085,78072,39070,26146,40310,24324,18125,08430,63207,34271,59177,33062,17394,12179,17417,81271,17444,78681,71203,27251,62338,44148,16404,28071,53069,10200,88086,07295,64183,15176,33113,21502,70459,80710,35079,95489,81048,56118,93015,08205,13211,43261,44136,39305,24415,45237,11045,77068,60130,86076,24466,33076,83036,11195,49381,02260,31232,53101,51537,62574,31434,37083,48139,13054,05160,28344,18035,08122,19256,32285,11270,45206,81252,61225,59608,87100,35151,49100,34221,03220,62032,06037,90055,60551,57368,85080,69110,64386,32073,60504,80138,23123,18177,48103,74067,29100,62751,10411,2B148,04007,27525,83023,29248,25214,54241,48030,26028,39463,11420,63256,40058,89173,58103,24247,50042,15113,71065,66089,71067,51660,27277,28209,50275,62398,31299,14137,53041,31457,33296,26020,12249,57262,97358,32286,11152,09233,62200,69143,16227,29213,85089,28397,28254,89044,27018,08468,54519,65138,68039,24175,47249,71505,03096,60469,64255,59118,70076,31285,59353,31099,88143,67113,32155,33007,55110,53086,82001,67242,62797,80688,62179,77214,76223,40077,15142,67520,16047,78418,02563,39324,59116,56263,51104,51182,59282,45289,04042,39017,62262,17343,10097,27258,34308,39366,70120,23011,80458,02455,67031,40139,32429,37177,27017,31319,19086,15220,89036,10229,63435,51452,33334,37175,02499,54224,11072,10138,70462,14559,27590,52273,19173,39247,12029,83078,71074,30065,56060,41275,47152,17468,18115,67107,94015,37108,63346,2B107,54427,34234,50552,35299,27042,02411,14449,12021,27046,53234,44146,62311,70095,71036,53042,15268,77072,55568,24392,46295,05159,11088,58155,25192,89461,24230,07258,38303,42017,57008,46340,14024,60386,59324,68134,32231,38029,77193,46219,54056,51243,44172,80553,63372,88008,50239,77030,51291,08384,65024,89446,89130,40043,62203,42116,10328,34282,35288,22008,81224,41142,70469,14375,16057,11296,84015,81126,72044,06046,88172,63024,80438,60075,71222,57179,91293,71164,62077,72089,87053,55041,17478,25176,24040,59428,27247,57764,24161,89423,24113,52359,64098,38034,11158,39520,43072,86175,13201,67453,42242,33514,25283,79103,01244,07276,02809,62669,57732,68025,09130,71158,51172,54329,17080,25186,31210,42038,39086,50537,53082,55084,25481,62171,47124,86073,24462,30101,62016,33505,60428,62881,57502,47005,59139,33190,21346,64155,60693,50463,91021,07307,29125,2A351,25279,91204,37200,19134,30214,71101,50467,35012,04143,17270,82168,63401,74109,46026,21093,03133,14007,27230,70239,80798,44029,17243,43087,02270,67331,27335,36154,94054,72152,35272,31496,95051,29290,42098,35242,12244,23227,15119,52244,42236,42131,80282,61421,07267,2A024,71436,02501,80187,51079,38432,90017,45249,10360,05081,71281,66203,06087,08323,32040,26107,08101,55410,21178,36130,58296,39551,18170,72190,23075,52124,02119,39147,88301,21535,70564,71519,2A001,21384,50495,80770,52275,52113,32455,39460,80038,51325,10151,71001,48150,43037,18259,32358,63268,63457,78608,37266,23208,60052,95088,44119,57581,77227,41109,38335,88012,64559,85105,15004,38238,59539,36020,27433,70540,90093,93051,31051,08313,79008,60243,37132,86022,89141,72235,38133,25326,27112,80164,73052,39154,64484,60150,78168,25434,68368,2A300,41282,68365,58188,50129,52347,27602,41146,31545,51095,01411,86239,55134,28090,86227,76401,70360,71006,60308,01382,89034,41084,60671,30243,65249,46069,78644,28047,51483,63446,27486,76008,56017,16146,16269,28176,64405,83069,02190,77438,09014,66151,33233,43250,51141,23095,45322,11064,77388,76060,14528,17447,24371,70040,32200,70395,77341,14124,02731,19159,38417,03059,42118,12286,09330,89329,56264,06131,61331,51336,77304,25163,47092,27315,70056,72147,42289,77005,25198,44095,30267,84129,67353,66165,62183,51027,15169,64317,04122,89014,70376,21378,64448,69124,39024,51324,77131,45096,93008,88356,73274,55100,57053,24032,21276,47110,78006,41235,51265,88257,59250,35177,10367,80310,54038,85001,63142,36248,18010,24209,77197,81044,27015,76273,49220,21652,57027,62642,90057,72031,37167,50571,50029,05071,38365,21469,01034,10231,68354,11339,41057,27504,69004,27002,68083,08331,80645,64117,40020,89163,24207,82166,11169,15092,52384,59204,76541,08306,57231,05135,59087,63240,33333,52510,22331,44214,80191,24587,62236,33086,60587,52290,54569,01175,32029,15060,2B112,57537,28309,62477,57137,26341,72362,57381,47062,66037,01408,83104,08044,06117,31121,27442,51429,16070,95582,62130,89327,78013,28421,30245,10238,54205,50577,01041,13034,02599,12049,16338,82073,77235,83020,58051,70088,33253,37031,51572,70525,09051,76289,21064,88011,69386,63151,10298,03304,18285,56197,16204,03179,55023,73072,32101,02506,93073,10128,07191,26279,01129,50511,61266,57532,61322,55400,51511,50412,79196,38077,39188,55433,77031,24581,66094,51071,81127,55386,60217,16240,70211,65361,24460,61152,76320,84016,29178,34038,70291,88054,21072,10194,21632,71509,23130,65126,52099,15083,61429,33303,76141,73308,31248,31343,63119,26174,95637,21546,37001,44026,69250,08128,68089,60466,91274,51305,47035,80407,40221,73029,72382,10388,46255,50517,30037,02080,08014,50419,80657,12134,88124,02791,65125,70541,26154,21304,42205,71148,58135,46263,29025,13006,45256,09206,21239,58078,39575,76442,80774,47318,08361,52023,16286,26081,31550,30242,39392,53094,52486,59072,89320,81137,27425,40148,84128,02469,2B170,09331,76571,53103,55535,88017,04091,52511,52127,33299,53156,04174,43132,25172,76197,51602,09268,33019,12062,45298,68131,73109,58275,40039,51137,60440,57405,76473,12250,36169,71145,09316,78164,79246,50523,74139,05045,94001,16095,27431,45326,32055,02039,09024,51329,2B168,47214,53193,54593,53181,38197,11042,64121,26235,11061,51656,01390,23254,35135,25173,14042,50518,54537,47312,12242,66047,78397,91180,45214,61117,80787,03146,82076,26380,43015,56008,19024,23033,22040,08436,81146,71431,17481,59009,59607,24554,01049,80406,77133,07188,87162,57019,76462,50576,31083,15163,67202,74049,71066,72054,54022,65046,55394,80467,08262,33457,47135,32184,17408,61021,21716,02623,33109,39280,80194,59170,56071,48073,47121,95355,61088,24339,65055,01274,39121,61319,06138,25082,38011,70374,89333,31506,14146,25341,77526,51192,33171,33185,68322,35282,33278,54270,81121,58205,66196,25220,80417,80801,81168,76468,33541,63318,65082,16419,60445,58150,08124,06156,22153,83154,50197,57464,88373,10334,76099,93047,59189,03197,74074,45154,14194,24572,28191,38284,15042,70151,55200,21711,02763,24293,64028,63292,28166,70350,57366,63163,19172,50389,25050,65267,57175,95026,32056,82057,14665,21688,25611,89199,61269,01323,66041,94059,16412,70407,21351,80415,80079,64485,39274,55211,58081,02813,16320,87106,73113,14180,39501,62284,64558,59474,68230,35001,85194,39227,74043,82160,27627,19034,15007,31021,56120,06034,70474,49070,57230,77245,80668,14734,68168,67066,57639,59212,09178,25266,50193,24052,62697,62788,60596,76682,31556,38190,68102,08454,26140,08026,15131,36095,52040,11105,11150,46144,51603,76390,26068,77359,81138,17218,35278,64510,45294,76373,80357,88451,59578,48007,85286,17282,59321,68311,67525,46012,82014,09070,02685,33053,45134,33152,67321,40246,55423,31464,69032,84117,36146,70023,62661,37219,08062,08492,26149,38160,72006,83015,15036,21544,43171,62433,51249,26245,25424,21717,78478,38175,62084,47012,53068,32190,80785,24558,16164,43203,38092,47046,2A160,02524,36058,86249,66233,01371,07325,55216,40006,02198,80408,35183,59274,29059,64471,51008,30228,66132,60272,62196,27455,26227,78423,31435,12090,12266,32447,32408,46220,68251,79350,38331,03268,16312,52405,86040,03132,55559,04107,19161,60427,51061,57657,01325,77174,64203,47193,27521,72096,37224,27463,02642,55526,88508,2B230,08027,74262,50142,31474,29256,38099,54058,18172,90090,55449,33553,38106,32374,62458,80351,25336,60634,60249,33525,66168,51301,57117,62709,68010,25508,50365,06078,06150,77417,32217,08433,59021,89092,35122,37202,22244,67186,25175,62902,33015,01157,56001,63305,38453,45217,80219,85181,07077,07151,90077,38283,35357,16122,09143,55104,17407,47099,15201,70188,57246,25476,61389,89341,60086,21516,33291,38098,59013,72115,17213,58130,62454,95592,54499,16012,62406,88367,27434,70054,59634,71285,87203,37261,66123,60144,24540,03102,72220,81122,79156,77144,03098,54120,03305,69285,65394,49367,55201,38292,49135,57465,07118,21128,21137,69246,50198,17174,35025,64399,81284,22095,21514,55452,30189,69183,19179,11020,64027,62204,25612,21272,02385,07002,78140,50151,59018,62498,04189,39557,54362,07051,74306,54485,07314,25201,48190,42312,29243,16415,51158,73230,88243,63232,24133,24273,52038,14370,23258,28051,04194,76212,02555,45234,52457,88223,55096,82072,25210,52051,72238,2B224,59140,14531,10026,24285,44031,88459,61029,24076,44196,65445,74242,33104,58221,38022,25561,45272,87147,18005,26337,29097,02267,34048,95197,02236,60203,47208,28300,50026,02798,35070,36137,44137,30077,77085,77088,65383,10162,25164,73020,43043,55482,07293,66125,02262,51514,04095,24126,33263,21243,01196,59499,60334,27180,68207,32042,03174,77318,71003,54187,66050,25359,53175,02177,57752,33436,27460,72075,62018,21134,25030,71039,68066,63234,30123,13101,05047,71351,07036,62220,21562,34012,34019,67324,76117,44211,50144,90004,62087,79118,17310,27576,65452,74302,14367,31289,23141,76190,76194,53154,11100,56122,86160,45178,77265,61026,85220,33507,02579,76620,60441,12184,54318,22030,09064,77080,83002,62413,2A232,36106,57072,52360,37246,22146,85111,21634,64126,77402,11294,24051,16018,76699,91593,2A056,43147,68121,33389,80805,64472,10094,71228,51470,02423,26136,89314,67475,35234,41163,82136,44165,10131,85071,21316,36047,24004,71060,41191,67147,87127,28401,07211,87089,72158,27256,84144,36203,02313,47198,74232,28395,70487,31271,67377,54040,29022,72286,77252,70192,60111,31038,19029,14448,81197,86222,32312,31392,23239,18248,22248,77390,50554,23051,82125,88015,42286,03219,62882,83065,73057,38108,91131,21177,19246,59661,26246,02490,10106,36079,56129,33151,24295,42107,08259,34015,58067,03085,32129,2B364,34247,21424,32228,73320,21160,54001,24434,48034,01036,59359,53140,22183,48027,19188,59302,25570,62490,25166,04244,36124,11227,58074,09313,10405,69017,61439,41156,56242,47048,85185,57199,15238,76638,80607,34034,08502,40330,01457,88376,63055,17244,12191,82195,24468,78647,28175,17192,32035,39184,80383,54413,64110,01145,62762,02379,17185,19121,37254,34079,2A040,38150,55067,39207,13103,52043,01263,09018,17078,50167,09110,72062,51056,76094,26317,47194,59330,56181,01415,62371,89283,58076,39502,47223,02173,58238,60319,55267,2B243,87083,34311,14078,51436,21583,84090,72112,64547,17364,76712,59079,78575,38444,2B267,67176,81290,02234,77249,62381,47264,54461,35109,74096,02759,08045,60252,73294,24137,36177,17470,74145,27349,03169,2B299,59354,34090,95628,04031,47227,55256,60458,56069,86074,40206,38509,53253,06083,58215,57284,21549,81144,26290,69021,26089,51294,89150,40085,91135,38366,80083,82028,47063,17276,16160,33221,02531,25086,31470,57177,38217,60507,46080,64201,29208,34249,08236,11436,31514,45224,89426,79310,60236,01441,10143,24577,89310,90083,06074,51370,66021,50478,14380,46114,16232,85250,62737,39400,19066,61371,41273,29260,59601,71231,21597,21069,32250,2B297,27187,81248,62402,67290,27518,21679,24213,71373,07081,76076,40118,87069,29262,77050,77300,39361,70165,27383,59210,10166,53192,23232,64153,93057,73168,39053,31290,57572,70552,48156,57546,74223,50594,37066,24043,11257,05012,67466,89221,19003,16306,21124,65044,45051,54082,57723,37103,2B095,80057,46037,62334,35040,57630,72281,01092,19234,01306,06007,06091,09184,39138,29113,02118,97231,89318,27350,25162,64390,29236,81230,69196,33366,68042,63419,37078,01368,16104,10368,14290,02038,26179,43079,21095,70085,54039,70339,72330,40228,71387,25404,30276,01247,17336,60116,62848,53036,57119,32293,09118,64385,41067,36198,73227,07185,26017,77518,10184,04088,60454,36049,11146,11009,24555,39112,13088,50347,31002,88474,10301,55344,85083,89063,26006,45209,71504,08310,39426,39051,91022,38259,58182,11134,62596,81145,63176,42239,14193,90036,50473,07190,46230,57737,80380,21704,27700,34263,25495,69209,88173,39398,62256,59017,45156,29015,02413,2B074,56021,91393,86269,67257,88399,81179,50522,24094,49306,50210,77103,64417,21645,78050,62280,25449,04059,65347,69249,78265,61138,21275,14439,08357,94074,16151,03236,38539,64438,52169,49347,51630,47306,76754,38263,2B013,23245,88386,70018,22141,33424,01170,12091,25087,27200,62793,47011,21619,94043,62313,82069,29082,89170,19276,02054,31060,43140,35086,57372,70359,10147,42160,42181,21610,52085,73114,02464,66048,64156,50541,54032,55122,10263,42120,80521,39535,60536,62871,01023,62643,19251,54080,52289,52069,25281,72102,33372,29032,31436,04120,31488,01124,03150,36229,25299,45264,55120,11394,86092,2B183,52440,33542,40167,12140,73176,19206,60046,69165,36062,64508,88260,16120,76070,01249,38363,68012,32424,01335,53152,51589,71553,33328,81019,89020,49283,66098,21009,83122,28368,16068,79135,51150,60521,71321,80570,51318,44145,62092,30211,17100,81264,19178,42035,92036,2B034,28403,43003,77529,68280,11357,41286,60703,55503,57341,27077,49188,08143,91399,84093,01280,64195,07268,42165,17004,50493,87187,89009,79124,80208,52237,35291,14197,39389,73087,59572,40315,76317,53089,31356,2B361,26261,21259,07335,21234,60145,02441,46170,80195,30324,07059,59150,21575,68330,13023,28380,31019,16049,2A144,93027,76658,63148,2A108,02608,24269,65114,32303,50076,62399,81101,37107,64431,57174,43214,17172,01012,14437,71332,14218,10318,53093,71345,83138,51199,32087,63282,02727,52456,31213,77437,64271,14005,45127,54149,55366,60176,18044,62151,76327,08020,70167,31577,50512,95323,69008,18033,10065,80646,27249,18049,21386,66111,24360,17032,27516,62838,27420,61081,29255,78506,64014,60473,25015,60207,27426,51059,27396,03008,89186,71421,76396,45300,19255,70057,27392,27469,01195,86069,59215,58047,17194,12107,01425,34065,63410,78202,87142,54365,38485,39060,51600,37193,39550,78557,69113,58302,76511,87168,18107,77078,70559,46235,36209,71120,42015,62904,84062,2B321,29049,2A014,89393,52102,15129,12043,07129,86150,77250,62573,52130,27589,71061,18284,19247,07024,51230,53271,22285,21698,50335,71142,40326,02734,51625,51496,68320,15033,15076,59303,77253,58173,24276,60585,16381,33348,21186,83088,03284,62419,12071,34150,07171,40019,62221,21371,01076,54402,01231,89089,18069,54481,57440,31431,35104,51515,27193,46013,11102,59379,27163,03143,95680,63196,28007,09159,33502,14394,84135,87199,61267,62331,59595,42249,77469,52228,57101,32070,73122,09134,58253,31368,27028,61360,72093,62325,39105,16105,08013,83086,2A022,57525,74019,87082,28183,89042,61217,70314,15057,28185,47258,02079,81321,64499,54571,34060,62451,57136,55244,86213,48153,80523,43006,01320,21542,17041,59426,08486,01108,26056,88148,79128,76385,61472,78245,29042,87131,58092,67445,63050,56188,68242,34220,31111,62063,28389,83075,41276,38561,62820,02794,49161,67112,16341,89469,53062,21696,09090,77357,51430,47113,34296,21197,65283,85280,14009,46108,87028,11325,56225,39255,33416,54031,70036,26097,32203,04171,02399,24234,2B227,10387,67077,08144,56157,11194,25411,27267,22182,76380,57612,42280,77427,63406,77321,39290,36219,81228,21099,07173,05004,50626,49362,59657,23203,78117,67287,45040,59113,59606,80435,08099,67412,80812,18269,02569,37060,76176,50208,70317,77093,33510,47189,06041,38343,12009,63010,86087,31338,09080,08346,90007,52076,45170,38308,31364,68194,24144,05061,61390,58217,26065,64519,11263,31127,87062,45166,18165,70204,17229,62217,81306,76472,14635,72041,83059,33318,60583,39543,46133,89458,10262,15061,02788,51174,76375,29168,91045,46320,74295,44094,73006,32437,72017,06082,73054,78576,33378,50509,57428,49336,85288,62867,66156,55575,93046,73025,26100,70294,45135,26188,16241,65128,21340,01421,80433,73007,58045,64294,30212,25355,60423,08218,68374,46058,04150,76486,72177,67154,50643,63049,26164,21147,61459,2B218,13064,2B106,22042,63082,15072,63450,54363,64099,06012,11196,11434,74021,57324,40090,38521,24022,17228,56018,11186,60219,77472,58009,10380,43060,11202,66019,21510,71402,71541,79089,39441,13027,55045,60151,39261,45076,21308,66147,25631,22166,60348,86090,65092,62694,07141,66016,27147,52459,81061,02634,21594,70244,88045,52189,88001,31125,02570,49267,59505,82045,35033,11341,13021,89324,60287,62494,95604,49338,62218,42020,21456,15247,51443,32460,34227,71073,71244,89125,31337,64251,08156,85292,72267,84064,08158,29023,52167,57597,49329,82193,02719,33251,62768,79355,88227,37111,79284,25487,62174,16035,14374,35172,39040,33127,07248,10338,21082,28305,08160,48071,08282,04092,33149,27587,27284,40212,66222,12150,08324,85295,22075,71185,42318,34089,25029,68085,58243,13045,44139,72171,30043,61316,54312,27570,43084,03081,50156,89406,66012,95660,2A026,76726,59106,49246,24119,92032,90104,42195,60054,58162,32267,84061,23015,60296,52455,27181,57331,72329,61447,22364,2A021,87178,71507,2B337,62178,76679,28026,59425,32167,70402,07052,12240,71543,10218,52321,77489,06094,21463,70044,50049,15240,49041,27098,62843,05017,31172,18276,47226,28153,45218,59585,50599,25180,32205,46021,43217,21419,13028,43149,41130,59338,34074,51369,64016,63466,11002,58191,62538,68248,29013,14426,38401,14468,14364,03190,17432,62213,52432,12019,57588,60646,51060,26082,77292,77313,02213,91578,76208,71104,38206,49029,71404,22240,71517,37184,29047,24532,01435,41121,50110,63362,59209,62875,80223,54154,90074,21035,97121,63310,58129,36246,10308,39239,76011,93062,66216,23133,87129,09234,85179,27630,36127,62315,09244,25127,27016,27488,62143,80258,73324,58194,42085,27325,52115,10024,50025,02032,55232,59372,39489,60248,23143,19157,33132,94033,53051,63147,13061,33170,53224,60408,77255,72248,01080,80165,51493,03042,54460,39008,25453,02602,39455,09262,2B016,74297,77327,48127,15172,39430,49060,95656,86211,67080,70520,23182,27343,88205,19174,36094,95280,67008,51388,23032,62786,70576,59275,72131,24513,40116,50368,40264,63432,19170,55265,23140,43010,51179,16168,10401,59599,16048,62618,55377,11106,74213,23017,52197,37211,74156,94028,27338,58048,74131,24162,24486,22255,60589,21675,11170,80121,26251,81274,59278,27242,64060,53267,77395,72319,59128,89084,27684,12116,24067,31295,68094,54136,45281,57329,41173,80137,61392,77109,15138,22156,38089,72381,29117,85003,22287,11043,62555,30329,01308,21077,02245,63271,19065,11229,33269,26156,27218,59104,97352,02217,51326,26285,97422,21440,62457,33394,02069,48175,61256,38270,02110,40248,18183,25483,57479,55436,40201,14069,01113,23081,39025,54339,06101,54364,11240,31180,58180,83044,71079,61294,16153,67386,34321,26215,08309,57589,62736,50074,71224,52390,24472,10268,49310,34008,63293,26062,36174,72225,57191,66074,54494,45164,31145,73259,97605,62885,26127,51398,29140,65400,52172,11165,77142,70062,40279,80584,62044,88295,79210,50184,72157,02557,14687,76257,65431,65190,39134,80603,55225,35152,17186,80306,11068,10141,77268,02440,50082,35089,03053,23149,71117,57126,21230,68382,80576,24148,25467,34268,88094,32330,38254,06071,95493,39468,70122,33131,17102,64307,62645,87182,56106,72326,43170,87130,38425,39538,31367,71287,60180,33523,63385,29133,15203,27493,34335,93053,24069,21681,90101,30283,69126,77276,61068,17116,80804,67478,62319,39153,12175,73241,51017,17009,67032,45025,24057,76179,29220,54098,65412,23176,64160,30233,03209,57578,38460,89094,33207,73090,30170,05134,02056,43169,44046,64546,79147,39119,01090,69099,62328,08168,21111,67286,62834,02353,54029,40050,14760,33056,07304,80713,19177,49036,37198,61150,14735,32232,55335,57218,36071,46034,63311,71238,64123,54230,24006,53099,91114,63326,2B045,04132,63400,72088,02402,37055,67409,34208,89165,30055,63186,77409,40235,27130,87050,01078,87145,09062,38446,32357,23067,15063,60575,60119,59228,34134,11261,79308,37197,10438,88129,43041,71090,78337,02533,21056,57753,22373,09319,63353,39203,60336,11281,37213,37168,50008,62144,54440,30302,74100,60310,31136,64400,25552,19243,51632,91634,16359,52194,46098,2A035,39146,57178,64107,60581,35252,57446,02815,02712,86038,32144,87045,33420,34192,88051,62842,37171,34196,66036,15256,88517,54525,76343,74305,72137,64434,18077,21222,53164,42143,88488,38349,63135,24210,16337,61482,11389,25320,46233,2A158,61502,48086,42115,65376,47068,88497,11402,62553,30178,33210,62281,10342,80076,56172,02063,32133,71441,25536,76350,63159,67228,50182,10176,29173,60511,72339,89208,32031,37113,31326,12210,02735,48053,64524,02754,11015,57442,31477,19116,62326,58082,17112,16352,06065,63079,53077,08375,34284,89245,25092,76750,50479,28154,48063,35208,25096,65025,41215,39293,72161,59290,49358,66171,62277,80639,71484,64019,94075,57627,79274,51353,04207,35284,39266,03235,70014,59088,67467,18166,59050,65396,72174,87109,51206,29077,30327,63339,81169,83038,15067,41149,31371,58289,55288,54517,73083,60374,32241,46132,71208,58311,45157,57071,17029,25427,63092,25374,37087,05011,33486,16025,14174,57227,77110,95014,10037,26032,01257,10173,60480,62445,26031,09318,21612,43183,19186,89256,89224,07349,55572,62100,24316,47027,28059,56162,16141,85291,35338,62752,60099,19043,38177,55479,34011,19039,64373,14476,77138,58210,17154,02448,70408,53144,24349,03319,29289,29207,32131,58257,65466,72028,50447,37160,59005,49343,07298,19101,83151,42119,58293,60234,37228,16190,80460,33428,26148,04001,91080,2B020,59028,19082,24261,21254,88266,38459,95690,69121,54045,67540,90053,60609,21447,47126,27407,52403,64458,27062,67310,65045,88419,33295,18103,19108,14366,38525,73018,76088,17011,47186,05062,72343,02407,34327,46318,24167,80477,62528,67075,72331,72107,76075,95254,05108,65430,73074,57278,22003,61503,58139,40301,59440,23191,57317,67189,32127,65078,72228,60098,84071,51084,25062,86196,33527,47168,52222,03250,68254,21491,88516,40317,11321,62320,88022,21212,88293,80528,51160,85081,80735,62652,97133,28144,29070,57156,89190,85020,57603,10344,86046,71035,39576,21146,76746,27081,52090,62273,49022,10169,50033,22266,29158,22369,26160,61039,21538,05092,63008,54478,67082,39157,81207,24413,73299,44129,77496,32149,18257,33382,63291,47125,40223,76613,09243,74124,21520,09139,38429,78307,22251,42106,22178,88052,88491,56194,78586,23253,74194,10158,86191,78185,50482,59407,65237,63191,45329,42228,03078,60294,45284,88091,28237,60638,47069,16260,77177,50525,14658,26155,43233,90096,59651,54202,02143,2A249,57370,51599,67210,57374,85303,77118,56257,34041,63035,70072,27436,42150,76101,59382,54138,68118,62726,10429,54568,77264,31008,14282,03020,25502,52055,16106,65397,07085,52388,19171,43002,25196,2B155,60047,84133,61214,80088,77524,87012,76478,18236,44090,26250,55552,48151,08086,87189,61066,60115,08233,02274,62893,15122,39428,80740,10236,07028,14379,86173,07072,88020,33216,57092,42276,46339,95462,21591,65374,76591,43154,89133,11111,14758,2B280,49298,35145,60512,24054,25454,57439,63047,51609,42094,61036,68184,89197,11203,91240,51103,62613,59529,19106,03187,90063,03308,73152,02061,54105,50488,65176,15236,58268,68099,88344,08151,23008,71023,53238,2B241,36161,14681,68253,27391,80340,54221,63338,37250,23193,41185,21269,51066,02747,68273,36185,74066,39073,64289,62452,02087,01337,61053,66179,71582,32405,03087,54601,25428,40291,80377,58278,02596,57767,78263,30143,65391,02335,74142,14664,77180,53161,17360,71580,60114,68171,40170,87066,30307,25119,86041,04094,52393,41031,01103,57283,78281,44122,52514,08172,42322,12222,57236,16166,12301,34080,74111,04241,55066,22225,70460,33222,38298,59479,24279,89055,14226,50207,41178,88484,15027,16379,64387,54412,76370,38337,01267,85045,67149,74141,01043,28213,38426,89154,71124,35170,30308,47075,52134,16416,62308,02328,73187,30108,55560,27310,89167,76756,57245,63089,26278,11258,02187,19278,25077,60110,64239,17219,89248,02752,37058,29126,15162,52446,43134,52512,30121,76119,29240,71240,17295,40078,85213,31588,68295,65150,62089,11433,07328,67415,22185,12305,43257,80245,60092,21021,34337,71549,71130,38553,70502,97416,11409,84033,80507,67442,89445,58146,78334,89302,06049,38342,70035,95476,90094,21175,02146,26372,03178,28223,25310,81164,78297,23220,12160,02284,65253,81075,43109,21490,45122,03188,46001,77094,02287,69208,31321,77187,95102,03006,66109,87118,06056,57140,68043,77428,01187,42117,21281,38183,68072,45120,57002,79150,17104,95078,60100,43228,31073,45223,91421,65168,86272,13044,76097,60225,65352,45119,95176,17072,29085,01279,59558,08255,71499,49183,53045,27063,34156,21240,36136,67265,77127,41093,33036,25177,62515,16373,51162,62404,80280,07083,12145,62610,65380,30132,11081,51135,12171,57690,32027,73303,14667,11103,44020,10031,79342,73304,71522,35136,65425,35290,52135,35217,91186,64335,71515,19198,34292,58183,65079,59006,35162,22072,57296,40063,55404,25634,43225,12101,04017,2B318,07265,60683,31478,39325,18024,87038,55034,2A031,32185,95058,76221,17349,05050,38399,54128,31331,86072,23237,55002,65194,17064,32083,73255,80814,76213,54151,54167,31288,27323,59466,83009,33319,88502,35139,39381,28281,47018,57258,79273,69240,18117,74307,32423,31043,24138,52465,77370,31219,67437,60392,78465,80085,68187,67421,89220,03110,81259,82003,22249,95116,25559,71161,27067,38295,08281,18073,64300,61097,55481,57313,90102,60194,77041,77476,44035,45277,88300,18255,90061,76233,51555,58136,01219,19258,71579,87099,10211,76287,52513,55577,88157,52249,41122,06123,80384,31048,91573,14651,2A141,25591,33043,58138,15192,14245,57122,65451,65259,47269,47163,97310,60089,06048,74106,70442,60625,30338,16075,24327,60297,33352,27595,04040,29160,07123,33522,57660,24320,25103,61379,80251,43124,01121,78096,44041,54316,55322,82095,57315,37089,34010,12182,34190,18262,29139,11432,18017,05070,27649,17311,11235,55556,47119,69200,60215,71139,59153,19012,28350,57035,65010,67120,21261,21564,59638,17486,67159,57041,88175,70172,24070,57196,63227,32435,02052,18201,80475,65421,59224,80495,52027,69061,76147,15112,60186,08049,11065,37173,97104,84052,80359,17414,16112,80325,74183,67179,25418,94042,14540,84059,65048,97417,52397,42029,62302,10034,23138,80555,09025,21189,82189,26338,34028,69161,62501,72189,2B052,14756,11107,57684,34033,57674,45131,51266,61252,02085,08434,39360,32345,87092,44202,56034,77196,38499,71198,11026,18258,41258,54542,76689,62516,01064,76232,38501,89411,71274,80742,32206,29115,50384,08083,65309,28118,18142,21294,25313,28141,89282,55372,2A186,81074,65281,10320,54166,23087,07150,43099,33316,69202,97117,59183,67195,74148,43189,45038,43126,35075,80218,54020,46272,25248,66155,76420,69090,33396,77223,57380,40140,63388,45124,89422,77018,30216,65478,21198,62317,80490,84051,03036,28078,07262,74301,25305,54522,09007,71009,52528,21608,58087,44163,65304,32270,36156,70455,06020,61349,28321,01045,24335,46334,40271,53087,89024,23104,62034,34307,24543,57382,63130,55141,28400,34230,37143,63021,17415,43254,37118,53108,17323,51279,09054,71261,53242,59199,60630,37188,72151,42234,89058,2A131,06137,09073,81299,04136,83058,41150,21569,2A284,95388,66133,88189,57398,31155,57265,59562,57536,22186,60482,70372,55328,67327,57554,73059,78439,21450,64315,76364,56103,59462,93072,28239,67551,77459,21081,27201,51223,87104,46093,39191,16223,28128,60273,31196,60404,17207,35138,45242,33552,61303,03093,38044,52380,29174,27554,89086,61264,62052,65433,87169,28009,88127,24401,85008,77090,39169,63045,49099,24008,07189,50278,78009,25243,02604,57138,85289,37186,22048,02553,25053,70136,02587,95611,55058,02812,89019,21429,51129,25360,70100,50315,97610,80092,54065,54075,67358,54108,64363,86078,51479,41131,26122,11247,85302,64059,64243,51016,46076,17374,63439,77167,79293,92012,2B304,87205,29008,59516,65213,69040,72266,31187,89364,11306,63062,76534,21364,25031,60487,33164,24526,03108,35029,62592,58148,60060,51457,97607,34245,34111,28323,57618,79239,60184,57244,02424,10093,34183,78278,18249,02193,29285,16425,32273,39173,60298,55349,02832,65021,33454,33224,46146,28407,40120,92063,24048,31212,38252,28225,55307,31483,02362,50241,62580,31306,27337,19288,02027,80304,59214,71443,64173,60229,64266,24437,03025,17283,25269,57064,71100,10233,74159,50046,02184,86003,65265,76728,16090,04070,80256,2A282,85191,40129,91159,80422,45335,07145,72353,51472,87206,62780,47120,67181,50417,51620,88002,01294,23079,33304,89056,05019,76540,79012,19135,21301,88271,45065,33029,06029,22057,41198,62212,06072,07272,85142,35266,68334,24353,57237,29175,33024,82092,02216,16217,30275,61382,47232,56149,38161,02465,65349,02215,79069,03118,71333,04096,35300,62440,03232,02088,33147,30295,90065,50021,97362,91581,64518,17201,95527,04180,41114,16108,70082,61209,18154,52473,35191,62464,51337,68201,18055,51578,82152,50032,68238,45332,54504,65236,45014,34295,57032,45325,16142,40329,30319,45039,94053,88232,2B109,95039,2B365,10441,10075,21280,76001,33274,66054,02117,42194,02305,76433,14160,49174,45321,39408,39487,11288,94018,50624,45207,63208,14166,08147,34123,04160,93039,14480,03193,56044,35092,61048,38188,31096,60134,33326,46221,48015,21496,16414,09213,16194,62594,30003,76458,03124,25251,34322,65115,52141,21568,95268,59400,17381,76488,83132,48044,62907,38042,03313,55247,82043,76028,21057,45228,55395,44180,54317,78588,67375,28282,08256,07313,31425,58168,58219,63214,82111,42170,18270,76363,81176,69078,31484,38500,76672,38476,62607,72019,36065,90039,45079,31224,19037,54281,33087,03168,02433,25216,38310,39211,17358,57637,02203,85305,39171,91533,30235,68225,65100,62872,38462,27447,79259,87002,17467,2A197,33161,03248,22107,30186,41226,34073,21702,50461,71286,89405,54035,12004,07242,10096,54130,31142,55221,25571,25588,33534,33057,31538,70045,37076,40046,05023,2A038,68321,14229,73012,64033,90002,17166,72127,02319,87115,26363,51396,25523,17197,07333,85274,72230,73293,85016,38180,74157,57499,60492,03129,71497,08491,33471,51594,31339,59664,22361,78208,39345,60556,42043,11332,63011,97602,10337,80647,72194,24192,17065,76300,25494,62684,17048,14125,57396,34231,31324,67261,31589,22325,59246,43032,57478,34340,57308,18157,57043,08419,03247,39518,31123,83010,22250,55347,81110,18149,2B140,33002,17307,60146,88218,53235,71395,44021,62372,79056,80444,64127,42339,53113,05057,80440,23247,77378,11074,16295,56042,81025,77247,17240,66210,62441,64093,07329,61178,27448,54131,58171,2A349,21193,58127,33373,70399,01198,51319,07062,27625,70387,76152,10439,15030,74126,35197,71292,59201,52181,09032,32361,68265,72208,17347,15184,70220,52160,86202,26302,42157,07288,06073,39235,47002,62757,02709,88294,25139,49009,81285,52221,04026,62108,16372,69001,57173,54099,76323,02456,10013,57298,60481,59456,06075,47082,36157,02010,59542,32138,57533,11385,69070,60179,80136,18178,62633,70158,67206,60457,02002,40217,14190,48107,38516,32028,32258,76448,44192,71574,27025,55042,65419,33166,58120,38328,54030,61453,47076,16394,16076,51309,11284,37159,71546,39118,76428,28375,60001,26331,72223,2B315,28382,28253,13106,56072,21025,70335,34266,03204,08197,16279,72328,87004,24531,76745,51275,64407,59135,60552,71241,21008,10010,51282,02149,11405,09175,24271,46202,93029,70262,57730,50452,47122,11252,41189,79309,30227,72231,41267,62137,80578,60268,36004,17315,69022,28100,21273,62570,94055,28419,63236,78545,04236,31353,07229,61358,86258,17125,07019,63429,93030,07316,13001,14003,19131,57760,38169,59167,55181,56182,88498,40072,33081,24251,50222,64061,72229,28270,14163,57222,29176,60235,11191,41123,78417,55046,31207,28235,41115,63190,43113,43062,09207,09203,89072,40322,91376,60484,76005,27475,57290,57707,52332,57311,85234,53034,50612,85167,17476,86184,33337,45055,71506,2B125,94070,28178,31177,61490,64268,50288,44185,64273,30148,77480,62231,08107,70313,04172,73326,2B075,30210,62446,30087,22320,72179,83028,27679,55276,84014,09223,47128,23263,25194,56212,64291,67484,85247,27302,19111,21208,26305,95594,57518,80626,51101,21488,80334,51253,10291,61005,63464,80064,35045,54346,29107,54371,33047,41050,62631,36236,82071,40166,22020,64413,35289,02814,52304,61078,31456,09155,97214,89201,57743,35095,17480,57277,33451,66167,32219,64437,10067,71391,60293,27465,64182,42028,27668,67029,2B238,08057,70515,02309,77331,28365,03046,30046,63120,77517,74033,76519,08280,73049,21221,72038,60329,17158,61323,02664,45216,11241,31491,34068,65134,21048,87166,32316,54028,70180,39126,55255,02371,21068,62382,22307,72199,57480,40091,21158,03023,08212,55494,54067,94037,52072,02109,09218,72071,85025,37138,50024,12287,70453,22263,77106,88362,24454,65098,67414,77279,32182,42296,21415,44213,28405,72051,62004,91223,67511,06086,80423,68285,62766,14228,07070,19045,81083,80650,80431,36197,45232,07226,46008,2A062,01088,07120,62421,80684,12079,76469,37140,09254,32041,09323,59085,60595,69259,12223,76244,36092,21690,54484,17453,39026,31239,74112,60647,21528,32235,39429,60133,40022,10145,62816,61414,69252,34336,65217,46280,80690,21448,05078,36051,35105,70024,17294,28024,19277,61321,15158,36145,02668,08150,37026,82148,76703,35059,42311,62272,88192,89240,68269,86280,12296,60396,62651,32110,79042,28008,45257,81026,57620,60230,43009,38495,50130,32215,94003,33301,51655,71308,12295,15116,51395,80116,55291,55036,14710,26348,14173,64382,58154,74292,27347,64329,17106,23213,72296,25099,47294,02244,46159,24134,55541,10235,62476,24002,11412,62647,67477,60370,63099,28393,25328,10222,85304,03033,04206,31410,64104,63374,38468,89054,65329,26309,2A127,31027,67137,81087,63459,62841,80721,46148,54581,95450,63213,91599,31100,34343,39174,77455,57385,40234,05156,35108,30316,79086,52198,28103,26064,39018,95218,06063,54189,64166,97219,61049,34184,58095,23218,52305,67458,60371,59316,16121,62559,64102,12051,32132,52542,62453,81181,24111,65415,91075,25413,42313,38117,42044,39373,88530,70087,87007,76236,79216,65206,50388,54043,88088,03083,37099,69102,18204,68303,25223,17324,21171,73211,57342,39388,68192,22347,52164,63052,31563,22358,52349,37093,2A118,37201,86247,45230,82022,25065,62565,32246,31044,67135,24376,67461,64087,24395,21466,14252,78674,67522,76199,01255,62401,59627,88246,59594,31221,45348,09196,60667,21181,09099,84097,58033,31347,64144,07291,88159,03240,85067,08252,11331,22126,37013,16354,21219,42235,57510,14102,50277,16046,11265,77369,57142,84100,2B342,80224,82100,21614,64108,17208,55064,60615,41028,02439,58265,57731,37063,41225,71388,30068,73221,25520,78227,23047,51042,79177,35316,21040,70577,51036,47043,04062,58032,64070,65111,56140,43252,60387,80651,50147,41139,59042,62700,2B208,59107,50299,54540,56200,64142,90003,02180,26266,89295,10343,41118,08494,31315,10374,88495,21049,88251,87046,33061,22306,80247,19112,18018,44159,50582,76456,82025,22386,72338,77216,62744,32061,76609,39091,71137,02421,60674,38330,43056,27075,35042,18230,11001,04053,60640,85015,67027,31222,02279,33243,32298,74002,88385,31505,64393,36119,33014,39240,86123,10100,97312,13050,92004,02364,95682,39301,48177,49235,86177,32338,25109,55262,70206,51163,22127,34267,34098,09077,15128,28088,03215,44103,17253,81159,33518,46105,2B083,09229,31068,51248,57224,58169,41219,62763,16275,06133,55095,65148,59161,02773,54595,64025,80632,85260,55119,34338,61237,31079,85197,29063,80179,08355,07201,76059,16114,70296,57200,59526,85231,28188,39528,50246,76126,76202,54243,16374,03206,76177,85036,16127,71493,81033,28021,89347,67026,47145,85035,22138,31458,47304,10393,18045,14059,29035,33325,01181,50268,42105,76695,33350,2B029,22155,63472,59086,76503,50041,72386,12044,88279,21115,87090,62248,57325,16158,02762,2A247,12098,57025,24240,27320,77099,72289,26175,76457,64339,32094,37037,03243,80397,35024,76286,81309,21461,88076,57213,77430,11299,03290,89041,55466,59512,77136,52246,35195,41182,16292,2B054,25003,19158,72016,70152,14116,25275,12274,77441,80027,36068,88262,58288,61199,85050,02134,80443,21285,87033,46216,46090,38249,85296,34005,43031,73268,18216,10314,70349,50502,37073,11220,62735,39372,16169,32409,53104,53147,62701,73262,85117,59592,49371,34170,51097,19271,81069,59207,13202,21503,14084,59056,54055,27656,24366,14127,59411,03263,57677,71214,60251,66129,88351,76683,2B179,15022,32319,01101,25063,80463,82180,69281,50400,48094,2B333,71490,57750,75105,28136,21330,72034,44005,21565,39003,60118,97215,82116,31047,25005,68011,36180,47216,55079,02552,54374,32130,14064,09304,07244,27278,85259,71219,68023,88430,56255,17332,18087,34114,19008,46335,63198,74079,10234,22094,23169,02803,44016,11269,36192,57740,63173,39097,48069,04006,62665,41248,86181,02171,79058,30103,62819,62125,64298,62142,14466,27432,13041,57105,21091,59190,39577,53124,32356,63063,03208,46167,68318,14337,58050,02124,76553,05010,64290,27202,12008,71289,88254,01369,95142,40258,2A308,65319,10253,57248,76731,41157,35097,57075,41091,39412,77143,68137,53145,24448,26048,63461,13035,50225,49011,47139,31516,06149,34036,21411,80022,27011,88440,41224,60584,85214,63034,70285,46304,30342,26118,44141,76450,02515,46057,80782,59446,54596,43026,60525,74185,33082,50444,76183,88368,36181,86250,31412,62560,63132,51628,15262,51640,40147,12273,55224,03234,08148,59334,14130,23206,67398,11283,30229,37150,22175,46111,27474,76298,41029,62664,61425,61273,31217,18289,03105,65294,08185,21412,73116,16289,87037,67449,76498,57209,17137,33403,31057,25038,65355,76057,86265,23238,51604,17076,83061,15014,02172,25459,02658,21390,79204,65342,52445,71258,89390,54344,58132,66108,30337,26195,60402,17012,74116,21527,02539,38412,32204,80140,76024,25329,39420,57747,46316,67196,76214,84058,51531,39421,27312,42023,83073,51093,77011,67034,13014,80418,95002,72219,57033,27003,86091,66225,84017,59339,03287,62086,26273,44125,05036,73084,34064,42108,69245,40256,08391,58061,79277,57526,14101,77282,18264,62122,16406,59226,21085,02538,39285,26060,51047,91587,39584,02098,55566,71337,21332,80095,01138,26159,72370,48181,70421,46185,45302,28221,79250,31293,13069,80236,38005,63129,25501,08499,35302,10394,30124,89062,37257,13067,31325,61165,59089,88315,51657,2A191,56174,25361,57187,15159,90024,33277,56214,88277,76015,27605,71204,02624,35362,81117,11221,43213,57102,18124,25498,08008,57487,62796,45017,71468,76555,60211,63097,54019,29238,11388,52063,54351,16331,59333,60415,59631,52004,2B236,25386,88417,07154,60167,23162,04104,74177,13042,14579,06120,37231,2A200,02321,64531,08471,31380,52254,2A362,29274,61475,21682,14357,56131,80099,60701,69091,58144,32264,21707,62620,45288,65477,92025,21232,35327,60259,52544,62674,29165,88102,14012,21020,76443,33044,11347,55297,39185,50060,90081,09142,80791,51368,12200,80756,39423,40055,64338,64388,30209,62296,38392,23265,10076,61051,61238,60557,34063,38433,50430,59112,70319,50589,01277,69138,84148,55415,32220,12094,59059,78276,35121,89337,57065,22052,33515,89203,82144,05158,58263,09264,35116,23188,25426,68286,29028,76702,51082,69291,62692,78416,89298,62537,11318,17309,12183,31283,02050,02261,51087,11245,77343,46096,38470,07127,51085,87095,78146,58197,62790,71403,33548,78123,10427,76342,80284,59481,65318,31562,73070,80002,84085,51306,76399,91617,10028,11137,82146,31059,51644,80294,05032,68381,26033,89348,02679,77405,88092,42164,42213,67435,42299,30269,32102,73232,57640,77310,62075,47210,51539,79179,33262,57751,71002,17388,24001,85046,47051,47032,69049,67129,14117,61370,14410,26339,43185,70251,59263,70038,59482,02606,84023,89045,61190,08428,11011,53002,86299,27652,71440,50446,57555,32153,24182,65240,2B309,12251,39057,22337,80592,57590,72336,58193,19217,10198,48110,07156,77387,67092,08096,57638,43111,82004,09194,80487,48029,08336,35308,61176,67491,12261,72224,31291,59041,62649,63157,38290,71539,47278,27419,16199,71234,59269,15133,12016,40132,2A119,45061,47008,25369,62216,07040,62215,05119,80809,60121,88174,72354,39221,73205,05101,51046,79087,03057,17319,31173,60673,56244,49007,22195,32308,62045,21479,61086,01351,54566,24085,08232,85098,56006,60531,50270,04224,54242,63415,02015,01299,25622,17010,51227,15098,24034,95110,02633,39473,54036,76557,2B199,46269,56137,89307,07212,62519,62285,28184,15217,27701,65162,62025,88273,46306,89334,30354,45142,65040,25131,10307,38141,61166,27110,66105,61363,77037,77102,57113,25535,08311,07217,06025,14232,51624,61071,72276,19204,37090,89127,88120,14122,11073,08190,16103,39494,68255,69030,03278,52119,59134,27129,85095,60619,03055,80349,40070,72351,19192,36226,62855,80620,51054,46063,09212,24294,74004,62489,57704,55510,14556,88464,42062,39035,51492,28394,03212,52006,70267,47325,12280,09161,43020,50437,09236,95149,32297,74165,66009,62794,35019,67296,21694,43053,27542,80331,32151,27127,45276,43024,51447,70466,44143,54179,62895,86165,77308,68312,54251,12282,30277,63166,57202,02408,19074,24050,57493,10044,21164,25309,35008,47326,26268,88165,83124,03088,58298,80808,64168,25529,32229,54121,89321,27104,16225,97614,62316,28142,81202,65334,02255,67231,87193,17259,16059,30084,76402,40205,85110,23154,56082,38530,30002,31389,33102,52282,87174,54396,73091,37067,25595,28269,09050,77485,54338,83080,08173,52394,02251,55105,08017,47251,94067,71548,28087,61400,27321,45341,77442,59221,71532,68349,39196,59205,47245,43144,23073,50112,69029,65050,52247,58110,80484,51203,55504,39159,15059,89440,82055,32422,14575,76575,80321,59487,50442,08153,35082,24264,60437,79157,24035,12163,52200,66024,66177,60010,61324,28074,61075,60066,38554,12083,74078,76180,02322,78165,72193,61060,2B012,80472,37264,71280,45305,67490,2B231,81036,65083,38063,38309,54405,64297,45269,25073,53106,32300,91495,88310,17182,25522,81129,52062,22002,65417,21274,21670,62775,17043,41106,02527,88177,38307,72120,26139,38518,27472,59158,02209,63009,59522,95555,67351,33353,67341,95295,16145,34092,31297,53055,43212,10195,11118,55498,16180,02780,71326,72245,87191,77495,54513,86143,53188,60255,42155,25240,76642,61302,26199,52158,55258,40285,30042,94080,91284,54014,66121,11085,10054,01199,72294,26080,72270,09322,02474,06011,58248,62224,63272,06155,74219,45260,80032,80126,18211,56133,25553,19250,39129,65404,31455,08376,59318,86098,43196,26198,21096,67392,57335,31377,23146,57459,35140,28096,70249,88221,82162,89483,68329,12293,62343,18189,32018,81088,80272,28256,71510,56025,22302,61278,13012,77206,40306,61074,60232,62410,22304,27012,18011,02397,62246,52216,59497,25408,11439,88213,39317,45306,21080,52245,42269,60597,40288,79132,63358,09239,23201,01412,54392,35062,76427,59227,50176,63037,51144,08058,39418,54289,33545,12167,65196,44106,38317,05165,56207,35080,17039,76487,77165,80456,88160,81023,30033,86233,08063,55210,52146,02169,52392,09208,54135,16205,47023,34021,69290,63139,69171,71525,69271,31052,17224,24306,61193,24361,45118,41048,05183,74094,37053,77010,65248,59272,67536,03056,17018,67381,50259,80625,45334,48131,16276,03154,21397,59053,64347,25444,22286,47022,61052,55183,65220,60631,33209,32412,77146,21047,16040,65132,90031,06160,40320,28214,59211,64197,39028,02403,42237,81037,73149,59279,31421,52493,26051,61163,68241,89168,35203,62219,50567,08154,88195,80547,60254,61230,16036,21216,14043,63192,71172,41216,21687,71528,76259,71465,10073,46294,65256,24390,60332,10381,40114,91441,2B206,80753,72282,22041,09123,70535,59163,91514,61050,47065,55369,39238,71192,34326,38318,21418,80403,80478,38419,77457,57444,53074,07193,02227,82140,54468,07277,63212,65081,59296,85112,89316,27231,14506,81002,04181,59058,72293,12178,01439,14306,02205,22238,17273,48008,70179,62304,81124,97114,32053,07270,15190,55422,36235,31405,30330,31417,76739,67188,18242,01200,65208,87167,25126,02609,52310,08416,62818,53249,14111,31170,89462,47274,02419,31266,70503,43198,17335,13065,82101,59398,29076,70506,14460,76497,85061,80063,28013,37226,81222,59097,44132,46173,71246,24066,51133,57413,23113,89122,09149,01228,64428,57470,13053,21558,70162,63012,07035,92026,33176,59356,06026,15146,26092,38171,29212,59543,67003,51109,62290,11027,52003,31362,73146,33512,59530,54356,45179,60221,34138,62111,56206,06003,02141,24296,2B233,38329,53210,12064,60302,55021,07198,68281,70511,23137,21606,80752,31387,63302,14076,18047,01348,77319,27654,56210,89247,72184,2B305,08228,35342,86139,70182,50214,24418,03117,83014,72132,65043,56097,63408,34009,67229,05123,91121,40286,81313,33399,91275,14332,60598,02498,65155,83096,60065,02022,31191,17107,18245,02644,36193,35329,33343,62039,30144,11291,38250,17184,80795,27522,77148,30185,31578,12260,39348,80405,26294,74310,76504,38215,25601,60356,29135,36005,14478,62540,77479,16096,22012,16032,93013,89101,09217,16134,41070,60621,71565,02578,80018,27540,06024,22242,65266,55155,71555,22349,72026,65247,64139,02491,18021,76266,62722,55445,18227,31557,26324,51350,63253,02431,76751,58165,51255,47180,54404,60162,68005,70473,71021,2A146,62323,12227,30294,85118,62511,80609,17443,85204,88238,32278,15140,81064,51013,64220,78358,38103,14097,02722,27243,27165,95008,08076,77168,82164,26094,76561,91579,07264,69298,34293,61491,67267,22305,11154,80559,21613,13094,22295,67035,2A357,77525,2B274,16256,14566,76568,82099,86054,81090,60564,57592,37050,25170,38369,40160,28299,61351,80077,27655,72124,68110,35028,09111,27339,77271,64229,45328,28085,14565,12241,76205,27395,09041,09043,55362,43061,27103,16058,24508,60168,08341,02637,80542,55578,33012,61317,08257,2B257,45104,60644,02082,65020,59574,66234,56154,34182,14326,06059,62869,55144,32165,07269,16393,72303,42032,23148,57251,90078,24020,70197,17391,34083,01123,89425,50486,25461,29143,02677,57610,79326,62603,01429,57376,95539,72154,25304,49261,59011,29103,13107,70013,87156,61327,76074,54102,34103,87149,06016,39037,37134,10050,71390,16150,51334,61474,29195,78073,47073,51218,06093,51155,61098,51184,41252,39546,28306,27273,62069,72072,57295,24129,2B264,42089,01062,24408,40014,53182,34310,82175,77365,22299,49110,61385,16081,22281,89410,24524,34175,21087,79208,60173,62670,39140,54395,77507,85164,47203,02410,14273,28222,33387,02607,47241,67100,06031,58143,19260,61281,53269,71239,80074,81277,88290,2B176,89051,19132,24534,76652,33117,27456,30021,03032,31301,45155,39312,52025,72039,24046,86256,43085,63183,54034,60282,04018,21264,43004,41099,16291,49253,03131,72222,88374,60327,73323,47285,70116,36093,21664,32213,42207,67160,31575,65408,03210,77172,75107,54450,21103,51038,40004,23164,58013,82047,87070,29045,21368,88303,64152,33417,27206,59459,81189,78486,03262,17135,57085,55385,45307,24351,2A163,67101,80232,08479,67223,95598,54041,55124,68054,02225,35034,49003,57437,58131,78160,33084,61407,21467,59623,10347,31420,38395,06051,14552,25041,50648,66070,89040,32433,57399,88079,38488,2B072,53105,21314,34044,97131,54545,44114,64433,12075,49241,48179,02580,21097,02142,46271,66139,16030,31024,86083,67411,70184,71508,76148,49344,02577,73082,52502,66120,73330,63019,56098,89187,65181,17326,28208,31332,58017,44174,27184,71207,71394,59242,14607,60477,2B078,70572,88423,14135,24373,62202,27299,53174,42196,02749,95154,27023,37033,46092,24350,63315,33421,10339,17191,54315,30051,39444,87172,31268,63077,42076,29048,51076,42268,76602,26208,58079,77204,62378,68129,68173,52277,72111,27286,34197,04123,32160,84102,86086,73133,24538,28371,69002,07131,64449,85072,01433,67401,77498,22189,67226,50391,59364,02277,16078,76047,48128,16082,67047,74048,88280,11115,10181,03135,71370,61116,80416,54088,44164,68341,89028,21130,62870,14278,22262,43210,64050,46051,01361,68015,34334,54467,67328,81213,82097,27161,32294,37091,74026,85187,46040,46075,2A212,55511,32176,54502,51455,92050,02014,73296,2B293,02698,34323,88040,29209,54359,01356,62024,66173,18190,79057,03115,65233,71045,06077,26022,32282,62241,24082,52195,89132,24157,71531,07038,80810,33487,80704,77091,24365,89153,26059,26361,94022,60158,32142,67354,64124,66072,27658,88441,08445,72080,17290,85090,43014,80759,03245,77504,78361,28155,84099,04051,93045,29083,49012,79220,52212,77461,08427,50295,52419,32079,63334,74052,14570,40168,01185,37195,23210,28327,91468,54352,50533,73256,82134,63357,79070,23260,84032,51497,54394,17044,89315,34246,66077,02568,02107,27374,41030,40061,80686,91521,76120,10261,31357,65056,14203,64285,26377,84040,36073,23090,24123,76135,54551,38068,62541,02827,59101,26193,27563,62295,56121,56215,24263,33298,36103,65201,65109,17237,57079,26299,54431,22015,78152,77169,43152,25315,51219,05155,59144,79299,08399,87103,17024,56101,34046,67078,11328,70166,51236,10185,19047,90015,57519,23181,72153,78403,35056,86147,2A085,01227,16063,68352,80489,70005,88019,12074,84013,68036,44121,53258,60109,21037,65437,26264,30199,39229,45063,58085,51645,64337,53039,21303,73231,46044,51509,60082,68124,32394,47106,34095,08296,45274,80412,2B036,62283,33536,74010,21521,80619,85051,38222,38218,71018,04074,15009,01203,71048,70343,22315,30090,05145,81081,24164,86082,19142,54514,51608,67295,29029,24171,12027,88272,01250,62813,24338,72099,35039,25252,12010,91112,71077,79063,47276,21566,56169,62849,53143,68020,80100,55149,47302,38498,40042,62629,54165,62890,28073,58172,56248,21002,57349,28098,32280,24150,67162,62292,61274,70029,22233,43019,76110,67534,70337,73041,76049,60277,80687,24586,42090,89242,12096,60577,59151,14316,57577,65441,47175,63026,11348,27004,57069,43181,57238,55253,36216,76322,26218,03069,50543,22275,57756,97228,69254,73322,42128,67529,14483,08408,10227,14712,95488,39545,82113,61329,32107,06132,73003,47187,15114,25014,41032,21104,52151,13005,81010,46315,60317,58149,70248,63114,87061,37279,18210,10329,08476,22271,43155,25397,60527,14062,79340,14123,25049,81066,63239,71177,80517,27064,84079,89137,39124,62154,03238,40150,13046,89087,95492,21022,23001,27119,25450,02409,51453,88371,09100,40328,73229,09221,95427,59136,25211,37114,54419,64245,87086,60488,55051,17159,60274,69044,62854,64309,54018,08298,61114,80014,64228,21567,59292,67174,46259,78402,42169,40099,71125,57018,51635,67510,97110,29302,43162,02062,77244,56057,01057,64049,50101,95541,86102,63215,02715,46266,80748,72368,12192,59143,70146,07297,24277,21244,42246,03272,62831,01321,63110,21530,67336,63179,01118,47303,35247,57748,70316,91037,76749,63155,09137,25415,80173,26087,18253,39150,89065,27355,50591,68098,91540,03277,80656,67501,47034,35281,52083,72191,12257,03255,21342,41079,71413,27473,55363,86224,13079,26301,88144,76690,67133,77360,33283,03299,47086,61034,47279,30219,87049,25377,31429,77263,57384,32112,14054,60360,67489,55469,33452,55505,76006,59369,63278,30004,71200,26192,19235,23266,68219,54076,42208,2B356,42005,60558,52012,67249,18052,02640,85103,39467,09226,29216,50340,79140,61255,17132,67237,58042,21109,29271,50164,80269,51435,17188,55500,59110,80328,35287,84112,45347,25613,64147,74278,55471,65160,80159,74136,34211,03091,15185,57077,64270,80221,21647,33206,27354,47299,62318,60191,14328,25583,70366,57550,44144,86152,70286,85261,05013,54063,23235,73130,86106,39390,86051,93006,61457,28339,50002,27152,85262,26165,54464,19049,50504,11359,70303,03070,38105,78209,16084,14547,51226,51522,24317,14270,88268,23010,11406,11140,80672,28203,02558,19273,69384,67405,64539,81063,36168,01416,67063,10325,27114,50169,46030,15066,85186,21641,61085,11295,21662,52306,60239,06151,34162,46103,76227,33392,86028,72036,31140,54326,23251,55280,38422,88526,85100,15015,53222,67454,14699,76408,02447,27661,29150,51005,87138,28062,61289,86122,35317,19268,65087,17096,60070,10424,14467,80385,2A061,67216,40071,81092,60666,25475,56179,41172,08401,78068,68056,80120,32123,95627,85092,60661,32080,87197,78007,02130,81251,49195,80574,50083,51373,59045,80200,2B275,68007,08023,41188,31030,33183,80176,83027,95011,14035,86017,62675,55089,64277,64443,89011,33242,59023,51659,54094,25011,32201,27444,2B217,89147,42176,74152,89118,54083,53218,01367,63197,33270,83070,2A358,72334,09127,17411,59236,02197,01293,14496,27096,08264,79172,86156,31156,89380,21117,39100,45238,31407,67065,46204,27695,68383,55099,55116,80276,90089,76064,67346,67200,88134,57651,08452,2A285,15065,64542,21487,41295,65260,45324,02540,76707,38278,55374,29119,73097,81211,53016,69231,52276,71463,17156,84068,27415,29033,42211,77246,21165,88016,86068,44198,80573,88193,50565,41159,54079,67236,80409,16268,55396,57445,40203,46189,70027,27378,71335,57300,52030,08369,03082,63433,44158,60257,63287,27240,17389,64332,59329,22096,41132,70261,60226,53078,12093,07003,60021,66076,73193,58206,43089,59310,02208,69095,52491,26112,58226,29239,80203,32268,24479,15093,03165,57190,03009,25148,85042,24545,29286,34039,17051,91666,60212,30306,01406,51002,71571,71122,56211,44043,21028,13208,71294,76349,67517,35228,38296,16270,01117,25527,72155,28358,16343,09291,38253,46164,67022,46089,60333,63465,44169,22289,02416,81243,78406,30116,27545,79352,02739,01089,22385,62123,63093,29205,74024,02037,10089,37097,71232,26201,01243,62314,69388,31449,46142,32369,59367,35232,32209,65429,64529,02160,41112,88316,01156,89385,43163,39406,40277,71205,33322,38313,65461,67363,32118,65462,50282,72332,84035,37252,19156,50369,47115,51149,21666,80080,40037,35067,02530,83110,64190,07213,28201,56143,46175,77020,54297,01074,59138,64259,06141,72079,25573,30061,17434,95101,85115,05098,02576,02207,84139,50297,62667,07300,57261,55507,10221,81097,01099,04139,09129,82040,38030,45292,42264,04046,70574,53010,66039,59001,62654,54225,38463,03302,89368,50476,68226,57528,74164,26288,51466,22259,66063,80141,68014,27689,11022,63323,95509,41291,38036,81270,16366,23064,14239,76354,02797,55175,61148,89252,70422,80480,32186,27555,38072,38565,12052,65348,41184,73024,62037,73235,39522,33261,24220,41035,62128,35335,07260,77108,21494,42327,41065,60204,31323,65154,21483,27036,42159,32136,51548,08019,17400,65232,85159,42261,57088,88463,73261,13059,80562,67083,67255,67508,52059,27222,80059,07061,42325,16019,17252,49113,60017,28146,88264,38457,78396,70129,95504,87185,31396,59218,08352,10376,03013,79134,09124,55170,45308,88404,23124,77460,02012,14143,28105,17425,67060,08396,43046,13117,78518,60208,50372,80148,93048,14237,31163,22083,81265,25592,23200,57115,46123,88494,80166,02655,81161,57302,94052,22234,64368,59328,14093,26034,40259,94060,14087,48160,76299,35173,69191,30284,80228,02710,23259,21657,29171,71537,73053,73145,83021,03011,68006,15214,39495,76698,42200,34096,81200,41137,36046,41268,40011,27261,26216,44204,71334,27377,21112,45344,48138,04012,43083,89350,77305,38210,2A228,76038,30015,77453,21046,97129,54414,40244,82165,51446,61180,16329,27622,01110,76447,01179,69043,16097,28229,03136,56204,12164,77185,34342,42230,25425,62524,80538,85073,76422,57388,60154,23255,59348,68022,43071,84126,82127,80549,31181,69382,26002,10119,92076,57716,80132,46137,33249,06153,07032,02688,33169,31576,88283,43028,14349,66178,24252,26147,38467,55357,80778,55360,55206,32367,16334,80248,31448,60682,74119,37136,17375,53196,02512,46140,02686,34140,64556,22103,40214,69122,61001,45045,33526,65036,89463,51454,06047,86093,65263,60263,15094,34127,88038,14475,76686,62091,86289,88110,89119,52541,44050,56039,10154,29282,68160,17017,47178,14355,32212,78217,18037,34305,25295,08067,87074,72211,80596,23217,09249,52044,57108,46194,58313,31141,68342,95063,01262,26030,14167,03292,67388,68277,09058,70467,43188,2B302,15010,82037,25307,59397,86063,59360,2B169,67292,69166,24005,63005,21029,02154,63319,55196,47311,15188,50252,02019,69063,16101,04166,77464,69093,25496,70299,23120,81114,25419,90046,64361,26247,70200,23205,08456,24018,79030,27076,19083,2B289,39131,66144,39145,31252,34316,88104,64432,27685,60463,34291,62604,47272,11400,79217,47162,68151,54011,77035,75109,18218,64426,08032,11131,31278,33060,72045,37183,34278,28243,49132,42126,16397,25317,04004,37043,57717,21417,66119,2B220,84109,60126,43001,32159,91534,25314,52126,86013,87108,35165,05027,57004,54190,80605,59288,52482,02273,40252,18140,02732,10371,77493,62358,30238,44112,24130,55014,35233,67069,71267,58220,44030,76189,90022,17316,11313,40109,60304,21305,22356,87064,35248,26091,74172,43192,50506,78621,58231,15121,42153,91471,80355,68372,44022,56047,69106,80260,68375,80374,84010,02065,56114,05001,89017,76655,69096,30230,27134,88506,89075,13022,35331,60033,62668,49089,37149,65156,30056,88033,07165,59225,74197,31264,2A028,57150,50342,76305,66066,64516,52088,52235,51449,89191,80832,38101,07273,57438,41060,86246,15005,34261,29084,47253,05122,50165,14751,76415,21404,59486,08382,89375,35044,49377,68035,14276,33103,59314,67190,02392,16263,11101,88077,32100,70066,09180,88216,91038,80498,30254,19208,60361,35071,77450,57212,79357,41001,57365,84008,78591,15040,58006,82054,43251,45200,40122,26259,76344,46165,47136,02254,26190,80568,78324,26249,78653,16335,63324,80452,04050,68169,54092,41193,21646,35202,16133,12054,03021,57741,60227,90075,48091,61122,33159,01079,70545,70025,08119,70193,80519,77404,38410,22269,77069,40237,76475,88411,71249,45165,12186,55219,71020,55547,24484,23198,40097,12255,64367,70259,26213,14515,32071,18221,89261,26224,80053,23136,88103,19144,07138,34131,82183,30270,79334,27151,21315,39409,62199,80800,43182,45123,72345,61215,78300,58060,81156,36031,11370,59515,88436,03029,71058,26376,89279,37210,80119,54531,10313,45060,06035,62336,71469,81098,91136,24039,35320,31284,24214,04222,23144,36059,30293,01047,38469,25417,73204,80642,14039,66143,33122,26180,88509,22135,65113,27614,36135,80420,16135,59194,16038,86286,65137,26121,54421,49240,71376,38323,17377,25215,09034,39258,22327,95379,02697,89171,59403,32126,47222,14668,57204,01060,53135,84116,21601,30187,53198,21377,70050,51178,30304,17015,56229,72172,82114,37062,62749,28200,52089,10336,17211,16364,02541,35188,44039,65388,26206,73008,81119,53061,23041,24088,65231,58181,27091,49015,65465,50445,73031,55081,39043,83067,64052,21185,65449,91016,38107,90097,97212,09308,38084,80663,2B178,69186,69131,64325,65015,53165,61126,48099,85193,31361,45219,25271,93055,91667,18237,21589,58237,63264,63044,01184,30064,29264,14453,25379,61405,11416,73180,10017,84141,70322,76116,42285,31351,38239,76564,95429,28067,67275,61216,45062,08254,53001,31292,06135,40080,16211,52149,73107,62009,16261,62435,83079,50361,01298,10112,12056,62437,63383,79108,55013,65403,37131,88387,04229,28016,59289,89015,12063,42007,19187,33467,23034,38348,73105,73234,76521,61298,85177,60250,63002,57557,62360,22323,51250,76359,31296,24550,08024,27367,68032,17454,78455,39164,41271,24585,78193,02067,17098,61326,14206,50044,40021,08272,48116,33065,68030,31381,27324,57034,62269,28333,41283,57633,71005,77325,78206,87170,15267,76174,65187,45189,71479,39583,74250,51450,06089,51065,21644,59176,77401,60181,34224,42204,31530,63195,58276,11091,58036,54406,88409,28005,91097,87177,33311,68359,32327,30014,65251,51553,55367,19080,14754,55128,85084,47204,64081,70104,81039,35058,61011,54521,69178,62852,14543,41024,10418,51520,72216,57128,37023,14383,24014,61084,31091,05148,89267,72233,24398,63447,28296,21441,62364,67523,24081,46265,66226,32324,24007,32443,2B063,21277,55334,83102,17149,06039,54598,24056,25296,17255,62222,01454,24504,70342,02351,84149,23084,27603,02349,02725,68316,76693,64360,10445,34001,25113,85013,62468,53083,30137,40145,86203,09310,40323,26276,97116,67360,26103,55384,18095,80575,05021,46276,70539,11425,93001,31452,68119,30083,35211,24287,36030,29014,82034,74191,88529,47327,07099,21637,84050,27533,12045,40079,62690,59492,52207,95091,55167,41285,24536,49067,24569,81123,12104,54096,58037,08338,84107,50496,17151,11382,38207,51387,36055,22161,76035,71458,69010,02808,38083,42009,81279,02632,28240,64495,82013,39107,38195,74020,54182,41089,51513,47013,27219,02323,67397,84025,22243,69051,27295,18274,71427,59383,22319,78601,80278,44084,85152,88332,40040,88247,44023,32371,39511,57594,35236,32377,26041,72315,02503,27045,57461,41125,32098,76164,52506,19041,77051,18265,62127,31311,21320,59187,57466,10111,67400,31220,10127,85147,59569,66140,36025,25097,67326,02220,29098,80541,44155,80781,81024,73277,76196,62072,23187,51592,44183,24291,70240,82007,39508,62038,49114,31238,76663,74289,56111,25267,60514,24560,64527,28343,21345,76072,14541,31378,70237,51633,82084,10409,22264,60301,13212,33500,72311,59064,47263,31279,50023,22035,91109,22241,38246,62635,80118,21098,03226,14271,45316,46322,62097,76241,10278,08126,10117,54206,53073,75101,25340,37092,09002,28173,50618,14554,76717,19169,89354,47167,06128,77200,17247,51631,24525,57587,53263,71129,89064,58073,43129,77408,53214,25505,51239,33357,03100,78239,81286,71209,92048,69296,77452,36016,65053,46190,15006,74095,67233,17284,68195,40208,86149,03242,42168,03301,60137,74243,71176,01410,33143,71365,39554,49008,62126,59513,39525,67165,19207,67288,34250,23091,33385,39471,79064,2B039,33524,89081,09109,64545,73033,51241,66160,34100,54298,55356,25039,23166,81076,35280,95229,31346,57701,51491,79235,52447,71230,51663,77039,71409,18130,19162,73028,01192,71303,14452,88114,61140,21372,59434,70364,09201,08374,60618,42061,70265,18159,57147,79020,62663,34289,71300,86026,67556,52122,29101,31058,26343,52067,58283,70414,09008,02581,24347,63295,34023,27330,68379,12229,01150,51081,64244,54563,29295,29105,54218,19051,07108,03173,04138,54328,45317,29012,27235,32043,05161,29116,49248,59545,64184,62550,67268,47138,64181,31164,36050,15086,05109,06081,83133,41138,65006,28157,72369,18004,32189,21107,62506,72024,08030,09173,88407,50402,57469,97216,06148,57197,11322,78015,54442,16173,74188,90019,60684,76500,33349,82015,82102,45129,62568,79133,10053,58299,43082,24384,40243,69220,16255,62263,63343,70452,79119,07205,61063,65278,26291,79009,16229,58270,73311,38427,68101,50350,19199,66073,11209,10087,78031,67094,86300,60460,17086,86137,09037,39080,31294,01180,46198,02511,26217,81134,51134,12248,74260,43229,52108,37161,79332,55532,65395,73210,93077,74161,22050,77232,07221,39435,57595,14371,70238,31254,32245,27612,08317,22353,57714,34178,08450,39109,19284,38247,76234,68026,47207,86115,51035,39004,31116,25132,63031,90034,87071,68307,51285,63158,21660,27326,17293,16002,33393,57521,06050,02650,51413,79226,79066,47060,34283,12213,69230,33120,21355,71153,15198,04077,76641,51001,67074,89074,62172,03040,18150,77104,09305,16098,53232,07119,61251,32445,21714,23244,38271,69075,15095,50072,05053,21295,08472,55512,57149,47313,19180,78283,14538,27457,50579,70099,22084,25059,68027,78562,10030,77226,40233,72217,83060,67364,59240,14484,80186,80373,89142,05039,95543,71412,53191,36010,01149,94004,24011,07209,57558,44067,43218,34049,76727,67132,32349,85148,42214,21540,89309,83029,63153,51428,62632,33444,14381,12058,63226,78620,63184,74210,62230,86237,69268,77116,70464,80486,57276,07310,64125,60050,63027,29054,59645,21708,62469,75102,40181,81171,01081,50251,88492,31504,19006,72221,64185,21416,40028,14431,12082,50273,31049,12289,72325,22265,71415,60108,64509,34081,61291,72043,63413,59444,62449,16340,76425,60636,10389,11262,10027,62681,24231,76552,54027,57124,60160,34121,72302,31092,60391,46305,51421,72290,02296,03254,63180,07054,83001,33208,86044,08064,34171,80695,45176,66127,15147,15079,59435,62330,42134,01405,57029,70581,28424,97218,88188,74228,22032,86220,54449,08036,55108,57141,62563,31383,38397,36097,81018,26203,72182,70084,2B343,33042,62054,32391,39505,38242,36131,50457,61080,80826,01160,64555,36053,71147,02480,77385,50598,11210,02310,41113,39300,77333,51156,76545,36044,37003,54072,22054,78071,71290,64299,02551,40036,68117,77179,25626,59004,91645,39517,95157,89456,57623,24255,81280,88058,61347,76611,30044,08273,86284,17383,54301,62450,01085,39192,24307,01407,51029,61330,56112,21026,33051,79200,34201,11413,39560,38472,74133,21529,2B164,33361,14318,53240,32014,68380,64482,76398,24221,60320,52184,48048,27263,61149,11046,76250,16119,40171,29201,63205,42122,27361,50111,68338,62545,55543,03230,62173,77121,22389,24141,54420,25258,76499,38276,07020,44111,02675,51566,11368,21151,81118,72138,57624,39368,51508,42198,35141,57568,40300,30017,19216,97132,70438,58241,70292,69100,14352,48188,01143,07170,76518,63017,08104,22099,25492,16029,16077,76142,26194,48135,31493,26126,63244,14269,61072,26004,77519,91629,48149,32078,67148,13116,06097,39236,82046,65291,59253,31549,71291,67337,21576,38407,69270,21519,07347,70250,79256,03244,67049,71302,02304,31473,73188,80819,62141,77266,09097,88231,47064,30050,55087,15037,42216,62428,70153,72274,59363,32386,08059,95395,21598,11242,40133,31146,67208,23012,57423,18213,05118,37156,07101,50334,91425,54212,62073,59213,89117,51461,32158,01404,82133,80035,89006,07167,38458,91631,65105,66032,09219,12158,15026,27050,81185,21168,33077,24267,57280,64293,24386,67266,17292,97226,25558,62776,64403,57489,26311,52472,38347,10116,28346,66008,24180,88041,60072,61424,77419,55272,17463,18015,80348,51612,82068,60414,58071,80586,58198,85123,25468,67141,54115,35231,76014,02694,80535,80130,57143,35229,64419,60164,38182,19028,14743,27683,52104,12041,26252,62497,37042,02463,28194,50469,62734,08385,44053,31388,15053,21525,11135,50570,71346,88274,88228,55563,78401,09285,17308,17446,54555,88285,89432,59365,38174,21405,11418,34154,02368,2B120,80707,29137,88070,64086,34331,78084,81272,91235,03186,18061,90070,50260,21122,27670,17006,64046,63456,40180,57062,25381,40232,44221,54470,57491,57691,57733,70190,21300,78262,92024,10207,73178,59430,90026,40172,06052,38520,35124,19048,87044,61362,64038,42083,52232,22383,35065,82161,62400,02656,14027,40089,61208,39048,62466,61473,02627,30105,31543,31590,27179,07332,80056,35096,27037,02546,01134,83143,38235,68275,64078,85256,34176,28038,60485,37122,49123,02156,08250,12283,86230,36232,51613,72237,19269,02790,94021,08187,35358,04084,10022,50528,08344,41141,46177,64282,46134,88201,30326,74082,30349,97225,38556,29108,77027,47055,45077,53257,02678,91207,66230,02192,35146,06139,26133,45053,71188,67199,88064,71011,54244,22133,43018,60091,62836,61101,33154,05044,72364,70276,02230,50548,57120,61512,32157,57364,18046,24031,66045,46238,45213,63336,54172,73161,39032,22085,76225,67443,52182,32030,64304,57080,70009,24399,72052,25489,58066,88462,10215,62339,23089,19195,25046,17245,28068,28285,73128,32306,74064,36037,70301,88004,60209,76321,51303,50219,82132,26221,63177,31508,74154,57024,49180,81157,33414,57598,73140,59223,71344,59145,26070,53054,38341,58266,53230,46128,71135,11335,32016,71566,71559,62521,80036,65058,21135,59071,66064,17220,26281,77201,09309,11151,62019,25346,93061,74072,68033,28092,02157,71570,11396,33112,44173,23082,21434,19103,80395,28373,59455,26292,51485,34163,24443,16027,31067,25540,61242,71446,80043,60218,64196,09298,95652,39292,76336,30102,21255,02450,26102,60101,87190,18188,32276,63342,86244,26367,87060,39193,10346,59031,58102,82154,64429,38149,60568,76530,64192,32003,91511,81227,76513,41098,25403,49130,26036,86107,71115,71044,73302,62380,53128,13090,02778,86266,39503,13104,97204,86094,50483,16086,04144,34195,58242,50048,68107,76651,2B320,61055,86255,28409,19081,2B239,64450,24302,36140,16317,72277,41186,40299,59668,68079,40169,40189,52132,31230,85055,45033,25301,78246,28245,50634,01301,78049,77178,14501,33317,51432,27368,55303,18184,08203,45193,71420,55416,59192,62409,60478,04173,27271,76066,29202,08025,26286,52288,76409,22276,64488,02005,44102,60689,73120,17318,52298,16368,01289,29269,54446,21226,28263,51596,69154,39304,60285,60659,57570,09019,46149,40163,70290,60367,89451,34209,25382,25054,88179,16282,43166,62194,45133,70065,30164,65110,72210,80762,10326,51086,27167,61476,54141,70015,70327,60365,22288,02461,89018,60350,11213,64214,79338,90014,77225,80210,33539,45075,09031,54544,65373,52171,52488,54199,76181,31593,48042,62814,17099,23122,03016,77527,01334,80142,62139,40093,76294,59402,77392,18143,40112,30225,82044,34086,55460,23045,64552,51381,26153,46087,61243,71377,61224,64283,59115,87078,21577,63125,24131,55055,41290,70143,51126,25345,54104,27353,86172,45092,55103,23086,37130,71451,36078,59653,21715,36121,46073,67356,27586,31133,01419,32009,62804,17094,21182,95580,70426,39009,50158,21653,51313,55439,35050,23192,84053,17239,10217,40155,34155,60515,57547,73019,22143,46131,54303,83106,69076,45022,52322,81162,28423,41239,39498,76182,28058,68323,45042,52029,01265,52286,43150,09151,76460,62324,24116,62817,85138,38187,54127,01309,28367,97128,88325,66162,31270,46157,86151,61464,25155,70397,71113,09261,78322,63409,82006,59612,65385,13097,89032,02252,87031,86015,12069,80654,39250,16050,60131,65369,03176,2A189,22209,10004,88163,60381,84030,23233,59111,72252,64455,01276,53027,33198,38464,62892,72378,72373,52256,57322,15241,09128,92040,47006,76341,56045,19094,36099,59449,12028,09281,59478,24215,87120,41269,62014,88062,02542,74081,15003,37181,45201,74129,52364,08364,08283,28211,17322,12278,30159,04108,19056,29043,70430,87135,85284,07219,31583,97108,27027,19071,62329,62622,16130,07231,72227,31050,59556,25016,43007,55069,24436,24205,48112,76276,52205,95424,22093,51425,77124,78530,80322,39351,02534,32169,54073,09021,41134,70273,67057,72214,74053,07254,65139,30247,55516,70578,46210,08303,07159,06079,45005,60540,18114,17484,02374,08092,37110,57334,65279,79096,40035,60479,52396,76743,64312,01336,63379,18064,14654,54254,41180,59534,61030,01191,80134,30213,66090,02592,03267,23125,24177,45011,79105,64435,51025,80644,82188,58113,53146,10252,64442,04230,02582,58105,91507,16072,51474,24012,77173,77368,81006,71368,91247,32154,07174,71229,57333,28130,08467,27269,02390,24574,54565,02228,30134,49138,46328,02343,01290,25230,32439,76526,68019,60397,02355,38355,02689,80001,45103,57083,65322,64468,04169,76339,67330,35206,62010,86253,25597,35276,64006,15143,67335,38374,72350,73216,46239,17164,82039,34013,06070,28370,01158,57455,33229,88482,51298,04112,25402,89447,19209,19016,42304,11096,62365,02298,60603,67506,47298,54201,14138,47238,91332,22376,27428,56256,27580,62102,90054,71419,84111,77433,22009,54422,25202,02400,54294,32317,27398,50637,01209,2B192,72241,35004,51113,65007,14291,24455,30085,25263,27644,71273,76387,55257,18119,63370,62576,33069,44019,51157,43148,62503,25457,24058,34219,26083,22136,71434,11168,55284,53056,26274,71356,67424,04163,54512,37020,08426,29299,33555,47255,63424,90006,38078,38443,54407,72283,31441,67403,73228,47146,31359,10133,54222,09104,17357,39512,53264,71392,51544,39170,71583,88097,33370,76016,21437,27040,04240,21353,17298,16290,69219,28216,10310,52129,45339,80124,48031,14181,39189,89416,45034,33376,36178,88084,38081,89281,33282,79092,63421,50121,88003,26326,04016,94047,82033,85243,09056,67039,39586,14347,32147,51272,03194,10392,35068,28076,57542,03252,50166,54367,43122,63071,85019,17279,24416,60028,76345,02566,36054,45091,54597,78329,33271,47234,74070,68049,41104,01286,91216,30138,58040,10366,03148,57387,83128,10431,80468,64024,63086,67342,14678,80174,70338,39572,36096,79016,82078,34188,59164,67139,28113,29016,62053,79018,34325,19200,71482,09271,42279,63134,86048,97309,66166,76151,89016,33064,62731,76650,70061,65288,81095,19085,37221,33346,56250,48129,02674,71379,83057,02787,31592,60620,44168,25237,32224,97102,27149,10191,82050,76166,36199,53163,40260,76453,38216,35351,58245,61262,61182,58267,02730,86241,52439,89145,15221,22311,25370,85242,28006,76296,55197,17056,81205,39183,21595,05089,37009,65303,30053,89182,50109,21292,59429,31192,48096,13118,28349,22344,36056,62658,19275,62753,47296,81269,80163,29055,84101,27176,55569,21257,59265,28267,58151,02528,28293,67459,23036,31440,64176,81003,39457,88131,88180,02770,31418,40081,09177,12026,07124,54389,30048,07149,28046,2A041,80045,62408,76369,70233,77468,62784,18102,33148,36008,21310,16310,54527,24457,34047,59323,55271,43094,69098,59342,31463,97601,22280,69089,85082,65088,18217,36066,10256,32022,26240,09193,86120,26098,56128,50115,73078,77006,70202,78522,63248,46100,21034,71072,35149,15075,83145,42191,11092,54273,02129,39208,14646,24438,40121,76082,24492,14669,01288,59277,64097,71399,89394,14082,17176,79285,14491,34167,44061,42068,14745,09146,17128,34256,55365,32148,17147,31078,14096,37185,68245,17248,88200,59174,78470,71091,62727,15024,40094,25416,21248,89273,54528,78302,25145,71364,61497,22101,41261,12277,03149,37075,01252,64357,71563,90068,38208,78472,18192,89336,46229,51211,58003,62129,59188,24202,56022,27094,29038,02508,31211,74285,68326,36009,80430,73191,83033,22196,02219,60058,54409,21470,51475,31022,65235,62388,70185,56177,42331,77053,43123,74138,71183,25197,76649,87121,11193,05124,21347,59555,77515,21545,62832,80098,54268,89353,24483,54269,32057,04075,65161,65275,61164,35279,77330,02502,39289,46324,72261,40032,14284,25584,09009,59010,57132,26365,48088,06099,64422,61361,43117,93005,61284,57580,67010,70368,65116,80290,95212,02548,53057,33031,40254,42332,16377,51077,22033,01025,54508,54382,65173,71149,25047,02696,28246,83041,80244,58218,51598,60152,55172,86260,55075,32353,31350,32281,54009,62239,14244,10237,46062,33167,32309,80543,14752,25161,70157,67380,25388,74309,50387,83050,50513,12159,64194,76053,03171,31386,89098,65023,66018,54276,74051,46120,19240,61046,26205,65345,80658,71080,39365,64005,97233,41034,80215,27051,02376,57225,64430,64410,63141,26308,22363,84065,60395,46066,23103,32304,2A254,37234,54417,39328,57573,80599,52399,76195,72327,70344,25575,62805,67270,53225,47288,38200,55531,41154,81104,53265,38279,36158,72255,60429,37015,29024,48187,50016,52424,50240,31184,50209,01005,28120,52443,60405,39329,71367,70496,19120,23025,2A295,55083,33011,59078,51532,17008,30340,31501,32026,44224,63070,37278,32290,64369,55450,76732,46147,35216,08240,08490,47218,64002,2B235,25143,22202,27307,63376,39326,01066,67052,21423,29237,63064,52047,10056,08004,34003,32082,89312,76528,69248,21329,39217,24354,55154,39143,76093,62299,40164,26316,31486,83006,76379,59220,29278,09275,11384,42146,62791,27204,34199,56253,30191,46184,95313,21215,48145,22219,70222,62809,57520,64035,52240,21224,26248,67002,28385,39491,63341,80168,80160,55220,57448,02520,64267,69179,41155,86050,08328,59347,2B194,48140,80368,46115,37096,76134,08498,78550,71056,19114,56061,76086,30331,17217,80465,70283,02800,39120,54113,79322,25051,67246,67019,14389,71015,73075,80652,30041,31062,95150,59027,12095,64517,73316,53080,73170,67264,71329,30197,08061,61013,43054,58308,35356,02269,27220,06043,34085,26076,11408,92035,51382,80335,07259,04161,78349,62487,31195,32381,51586,10153,44130,02432,24297,80527,39327,76224,65280,02034,18076,06103,88141,73160,57091,76736,71327,23204,72200,23039,03162,17092,31459,14582,86059,35023,32015,46240,21036,31394,02550,60258,60153,07155,42259,64257,16254,33448,38513,52320,07095,57599,07202,77490,13073,58106,55143,60567,39279,08095,57241,71331,07317,35063,65242,52504,32001,18106,97303,78517,55109,63329,31460,23147,15134,64132,04009,63204,39116,32446,71435,70216,65407,14132,17361,58019,83045,38320,51505,28035,08010,72021,80361,74286,48155,37144,45187,75113,54471,34078,77184,14652,72260,67201,82104,67553,71538,33302,81143,22313,68324,14141,95487,01204,54582,55459,47177,68240,02121,30049,42019,56168,62249,02591,16250,63416,71466,85227,27138,06084,26191,31453,08038,33284,80488,70390,33549,40207,78420,31137,35220,80763,47109,81253,76307,18060,77059,60159,77273,41081,21700,12189,77176,39413,71521,12078,12110,81201,38526,59544,73032,33192,39054,27056,33006,64063,21379,48148,55519,70544,21649,62480,34112,35027,50535,54059,19113,40304,22360,02221,62795,23257,02302,45205,41203,62088,10426,34149,21027,16215,21468,67479,47028,26207,40111,33533,95574,81263,11078,76637,30058,2A154,14362,76554,62499,14707,15246,50593,77038,60068,86080,71585,91035,32295,22278,25446,23024,02805,10404,72292,60040,31569,39380,02151,29273,72091,38126,32419,27039,62874,80113,27107,55252,70178,80404,02741,2B185,09209,86117,59361,77423,31076,45012,66097,70562,14740,61357,85121,05114,51391,17109,65254,35166,80722,68211,38128,62903,08400,24326,21692,18273,18267,55007,76560,24160,91665,16188,27073,79254,80676,15141,63016,92033,02367,21194,27069,59152,28004,57631,35072,79337,42095,77283,86025,73141,16089,74056,11025,68332,04126,65378,57294,37039,26220,17313,54486,54071,31427,07245,35246,69123,67557,54107,54457,89482,88449,79257,34260,88395,60366,55424,22352,76108,21317,21242,10115,71561,21508,90050,27697,11371,52489,62769,57253,05094,33473,71272,51580,33066,61219,08005,59025,53247,60042,38231,55043,43160,78642,07207,18129,28193,11023,26349,54357,66180,08195,76759,48126,54390,35054,67396,31372,84137,41096,11066,33090,57009,31013,65482,71398,88042,05074,34205,85229,34157,54548,71160,49341,17297,04118,50150,51015,57583,67498,81212,51040,31041,74290,62865,68246,02493,83109,76445,29112,76670,59656,79207,80039,80811,54497,23156,11130,76740,10309,80813,16249,31447,32416,49284,46054,51534,39561,17105,24394,51424,97208,68298,49259,55336,59509,13018,82010,02823,06113,62162,67343,52325,86034,66186,16196,25422,25534,62040,46309,21155,15216,60284,60309,02458,73275,63235,43013,17057,63368,60393,38379,62356,22114,56173,22293,35168,61440,30333,15160,57007,77267,08046,29228,43242,66232,09033,17428,51371,53202,42287,33431,73189,21202,79024,62114,50532,92007,88369,67102,71347,62247,73208,89292,16061,52287,13204,79345,88511,72269,88381,88322,63394,54453,52476,40049,95610,17281,13008,26263,08435,50363,88187,28249,53186,09114,04134,50265,89266,62745,53176,62719,86178,64043,47248,68136,54183,32404,05097,21307,77272,27468,38134,30173,53008,47104,53100,91339,88501,47236,02055,57263,21062,45314,10383,69174,58186,17085,69162,37251,66214,2B157,19220,57761,64319,35110,82174,60189,80580,60471,64053,03121,32090,63473,40282,71012,24423,60205,50217,80442,14438,65052,21271,15149,31007,54515,79083,89093,27316,17199,53102,23252,73270,25278,59498,38437,54554,52468,33491,80346,62909,47265,58224,73096,36173,14041,02074,76392,07338,41054,63437,42303,79225,87088,27072,52303,38236,39394,88314,68001,39527,67278,80616,10102,57272,66220,54304,24348,31335,09232,89207,76200,02246,88100,76437,54024,18137,35091,32068,70186,15155,33094,35343,45148,78451,21432,89048,84138,14613,39259,38505,18238,19259,77190,08116,52128,26096,03048,83114,71136,95658,67282,61276,51333,64549,05178,59519,62346,57494,25191,14588,17108,47229,32299,60019,74304,24517,81237,27014,80274,60612,57593,71457,71169,27189,77391,01387,21398,02031,31442,14404,59654,46079,58244,19176,55028,80700,08348,35085,25604,65295,95447,89096,80153,80267,80677,24154,85005,27079,41110,08315,25367,37012,06053,10047,81261,79122,60147,60653,42053,50615,62209,02562,26012,02036,21655,35090,68260,25184,27454,60425,33135,74118,25259,76589,95169,70252,69234,27085,88055,88475,50464,49369,71381,10386,65456,21336,01453,40216,01148,14761,85047,67507,47021,14572,21071,88358,23194,62533,45043,24256,39141,67055,50454,45036,70134,38442,23031,33310,71450,91315,61044,80158,07053,30152,55040,46203,64295,66205,57121,02737,61448,55456,88299,22324,33188,55521,74211,77057,70111,34058,08220,33377,46254,63199,70484,48041,21552,01343,21533,18059,35319,71416,76624,90008,17363,81218,80371,87022,62055,54599,15077,51232,33279,21343,27417,76393,63349,80125,15100,04208,71167,14019,43066,73263,70554,44209,25095,59502,55330,81183,32261,10196,45250,45233,02691,35101,71542,64226,49061,31228,12007,64202,80386,24075,36194,74189,11351,56052,65026,17210,62031,70295,56219,42178,91649,22109,02308,65123,03161,46205,30177,22359,47085,59636,54355,76668,11356,41027,04037,76187,28163,57130,21183,64212,49334,41019,77026,81004,77171,60025,86205,33266,56199,51296,07237,73290,74284,84131,37035,32448,32368,77186,24456,34169,77397,91132,51327,50399,57609,11035,35239,26202,17264,48075,77534,10265,68059,76258,08071,38484,60113,80493,64453,43190,55490,70329,62253,55333,89280,69140,60605,54275,88108,27601,80777,36082,14285,27638,65219,62101,69077,21286,80751,02494,47224,42316,28190,18120,34056,68261,47179,80227,58011,51194,42152,70513,86193,62879,47150,18226,24053,25463,39202,62606,15257,73219,2B110,71535,12219,01026,19073,65316,32275,76600,06009,26106,76155,77234,14708,57670,27699,61232,62146,76738,64349,63032,01022,57111,2B087,08066,95061,60172,69187,88298,17046,66107,61261,46171,64397,58208,33071,32256,68262,95341,41293,68044,03175,51290,79149,54233,77257,14336,58080,17249,01229,85160,01432,74025,86200,29279,24403,2A323,80262,72307,64328,02275,07090,30343,36187,30171,72002,68386,50529,27453,39172,30309,82066,59142,26170,17262,91546,40193,03296,42203,59129,05055,49332,67406,25133,88198,47001,16175,38097,84046,71359,51486,55289,30126,64281,82190,62625,54495,53204,12038,59102,32328,76255,31130,19205,33503,10351,14741,19015,27536,38152,19100,77353,01291,76026,57401,62883,36069,56241,87186,37005,05038,30241,63168,72236,80461,47323,03170,80127,39534,24535,30226,58199,26117,57037,16242,54126,86158,30160,63242,45246,65119,88345,15265,64476,24105,64398,53003,30200,47267,39555,56155,68100,69018,45252,57556,50062,02593,18070,25226,59650,48136,54114,72163,65438,2B015,46251,45147,08031,88398,60201,24038,14660,76532,89349,62138,2B301,44127,38158,16326,80827,25218,16066,55443,54004,76605,41080,54602,16074,31433,46043,10280,32450,78380,25060,54445,18275,59002,76167,40067,58214,69031,14744,2A240,02751,76243,14216,71328,08320,79095,79101,28386,27692,40065,39335,59156,67559,03311,59286,28337,60056,18152,39099,60442,39387,24412,69177,79223,56252,31158,51342,37182,97305,64355,65178,28406,82074,42139,43223,33496,21616,36221,76515,90080,41260,08260,53206,25312,29111,33211,61508,87111,01237,38557,51588,08194,90032,10099,88401,84075,51360,80455,31122,87065,18054,23142,50390,26073,57203,64306,56151,62042,79166,34228,73079,67463,51142,35186,31109,15097,74163,29144,11376,85205,34032,38451,22018,62289,02380,62488,16182,51240,02041,55017,07132,13072,26104,05093,47266,17177,21060,37179,43142,64466,63327,57497,80638,08305,33016,59076,25078,76747,76514,77260,39095,67558,21180,95352,37225,61460,45150,23178,70225,85156,21325,03166,24309,14275,68282,83049,39353,19096,26105,07017,67422,14250,48095,82049,01173,61104,64305,01214,38062,71216,27132,54287,57693,38336,38560,57252,56099,51289,21615,22351,22076,38466,47305,36080,28357,32171,61283,79104,57728,62824,68013,70450,11153,27113,88197,51080,27155,03012,62206,21534,21004,78230,23057,86170,69081,36220,41249,45041,81108,51419,77248,25114,08279,17019,97112,27623,09045,21209,89400,02828,07243,21499,77421,32314,54370,38071,87114,51292,64011,82156,17097,23096,47254,2B182,05056,67212,08274,59597,21043,77070,57720,80238,14319,61332,25608,51573,16251,16009,68237,69176,52280,60128,08485,68159,60354,16384,42133,53033,57617,03227,43021,36043,53022,55378,08041,50546,89412,80556,01372,14348,94017,25108,12214,55427,71494,33254,22174,32421,43236,13039,27485,88289,69273,50155,88334,62062,37190,29267,70156,46106,57131,97421,86294,39403,76585,86099,38551,36214,16037,03034,71133,89464,03147,17312,39216,80436,10029,52415,86288,86097,32076,64026,62279,09140,43091,16421,21629,17171,49221,56237,59169,71357,80569,21088,71054,36070,36144,59579,09132,89226,54492,75112,32321,18099,50143,09252,13115,29261,88150,01283,88075,38027,11387,84118,71313,02018,67106,15213,59563,71022,70298,24501,28287,71301,86189,58054,14091,23111,46145,33238,31574,46153,78362,35245,85129,23069,70516,70320,51607,55373,08022,42175,81283,62240,25242,03189,77033,49092,24485,61336,59468,08469,71551,52278,33466,64554,36123,38224,43055,67025,50480,80101,18162,77261,88171,70423,16378,68268,23116,09228,39072,19099,54257,61123,42220,80217,81262,2A310,28362,47237,76207,29060,62626,67483,24496,23207,17338,41036,62307,14405,73095,50409,91312,89215,25384,67271,51551,10180,13071,10281,75119,22081,30125,55520,34172,31069,24142,21436,64151,52524,18173,10052,77175,66198,88090,02120,71126,81001,25321,88408,55544,86223,26271,17179,70565,59160,53158,06098,27693,28172,55484,89189,32095,25547,78444,02457,32354,47020,65463,07340,63224,80662,21101,22188,31075,27311,2B202,38545,58222,60588,41158,59109,01213,72042,52295,77134,18247,51583,48043,25414,74027,13025,65210,70550,34152,51418,65051,38223,78354,59495,54078,53250,89449,55254,37021,86295,80560,26360,64348,11021,78413,50298,11428,38127,61461,50472,68259,54423,80615,45138,71094,64322,39085,47074,05065,70234,2B184,33383,47259,72185,73110,51638,22060,31565,60483,71448,86012,28232,18215,24542,72272,17133,21167,80561,80496,53200,70481,72013,95426,28313,67128,02442,79335,91602,74107,53219,60061,14177,38486,06061,84120,29189,70310,89472,68350,74077,62061,05139,72100,61218,10216,02174,22274,29120,78502,24477,14149,18001,71178,63471,25623,65108,89379,10021,15089,77062,44223,18266,54500,19155,32092,80147,55121,17351,31544,58246,59588,38138,17233,31559,54291,04193,39437,73292,08006,19227,51220,46308,82087,02810,29146,52185,30013,21451,55222,34070,39034,24241,89391,64246,80212,07114,02106,68306,54197,35189,76601,82064,55348,35057,27109,12231,57472,73129,66080,26236,89159,66148,2B329,71141,69267,45194,57680,60501,68258,71263,32252,76665,13089,33356,51523,07290,49236,02332,44205,70388,16418,57565,32390,11187,80794,22147,27599,80803,60027,54042,53025,97220,43016,22333,79307,03203,62513,05104,42075,33543,86104,19165,88444,50289,91635,62006,77022,31010,41088,65428,37208,76634,08448,57192,79148,60430,95019,35250,31403,26321,01451,25212,72209,59305,88321,02159,60193,63059,88050,43151,58297,47066,82020,16024,08503,64136,35207,33435,52450,29109,59618,62078,21296,46104,19245,29192,30222,83094,12230,67462,81217,15110,53049,59197,84063,63289,76280,44082,28236,69297,73269,60518,30095,14241,35253,67513,17034,27560,69038,07073,01434,73182,04020,42073,65268,09314,78048,60590,01423,06038,18091,09113,76054,63131,04087,26329,72317,33123,88082,11395,02401,63001,55359,61374,07233,95018,67450,31115,54077,52201,57426,14650,40086,63219,14701,68297,76302,70280,11393,21218,06008,71584,09245,68292,16110,27584,57645,88258,60295,14393,10324,25018,01056,29134,37115,76590,01242,77533,52318,21228,10164,62840,77123,65238,81065,02189,70208,83153,64105,80579,76314,70227,31134,45013,01456,33022,14335,24473,02093,63124,31215,21348,51146,21391,50578,15235,90066,85208,21573,02125,38465,63355,67291,62672,51478,24216,2A098,15207,74016,31528,41071,49167,16220,42042,28342,70020,57692,40293,12128,86263,67524,05033,85134,04025,14046,08043,24019,65443,88391,44024,28264,63107,59219,39447,54307,19152,68210,65060,40044,60398,17435,24063,78087,89460,32194,32420,29182,35038,54345,10150,81229,63090,69132,58041,62557,67394,84106,36017,80364,65287,63436,72262,67407,70553,29280,62599,77162,50148,67329,11222,10279,29197,64492,17460,88161,79071,67156,65442,21650,58075,52519,40280,04154,76153,43201,50429,76315,07011,55004,70447,66189,14424,66103,57663,63303,45342,26327,59625,09133,24321,72305,45027,68367,16346,57754,51028,69053,19044,65085,28111,88413,24122,06069,40236,26313,73085,54262,76313,55173,16144,29250,52373,03084,31026,62792,70232,37081,77101,03144,64116,27423,39415,85151,38430,47170,45143,70195,65074,40012,17472,57287,25121,18182,17263,28170,32210,17013,60633,51110,04141,81035,65282,86169,14289,60573,78010,54510,57001,12120,58111,76238,51120,57307,97401,60559,32008,14274,72095,34050,55323,46121,61272,54530,57089,15263,12070,52084,31225,88489,72357,87014,14140,66175,59503,11012,28151,74239,35144,24573,38095,64080,22059,71489,38528,76616,51431,50232,97115,27470,77439,57667,48185,13062,71165,31302,18212,51438,13216,37105,62291,76004,67444,66124,71047,27285,79015,11212,60382,62678,06152,22284,54306,32177,51328,88037,35003,67464,97402,55546,57561,86192,17168,79306,61130,57739,58239,42227,10355,24222,36098,40333,26328,27038,52327,79002,66035,27031,57057,62771,21066,03303,15041,32355,27170,27635,60206,38409,62405,73021,64083,73301,44194,89359,14644,57058,57347,52328,67456,76260,55534,09247,37240,68378,11427,81319,59442,43050,29091,31310,59605,52357,44080,03065,31087,60493,22124,15073,51343,10295,29268,72251,31245,31152,01096,61035,69066,33443,60574,57011,26038,60223,33459,15078,97353,60199,67204,53046,58164,58024,37011,18105,39110,31445,49020,74199,73177,67088,65001,69169,22215,54271,57145,31355,47250,75110,73173,58027,40334,27527,89434,88031,24016,08340,79286,23185,26350,57358,15152,55515,35137,02487,44195,58212,80822,11086,70493,31555,30321,21395,54101,80177,45081,32398,08481,63200,16301,49223,22267,34101,52354,53127,77067,33365,68223,72143,73194,55062,22168,52031,80470,03228,51188,59162,62085,09216,2B296,23098,30180,59049,53096,77414,30335,21223,28274,97126,62868,04109,62007,78053,01071,41213,64175,60197,57332,53015,64191,04021,60378,61198,11248,77218,46018,10228,41266,19107,42050,52505,64463,17342,91195,55138,22164,85239,61304,10241,54489,49352,38449,27445,48012,51567,79032,55549,76576,06042,60617,40210,21044,85252,57452,45087,97412,94058,50489,07214,02598,03104,27405,60270,24286,38013,11404,49219,27620,55195,22371,41201,46260,58161,55388,11144,08164,71378,44010,16349,41243,67339,11272,31466,74265,47059,89378,76593,51564,02078,55343,2B334,60563,66091,42295,57702,02196,76400,89214,81052,57559,45259,46172,91100,77205,78090,52248,02290,51525,82085,70482,24381,42167,25609,02163,61445,39136,88402,70112,66157,89259,16216,18085,74267,10040,68203,50235,21667,22335,35214,17350,10422,48193,73104,24107,31088,74098,79203,91340,62363,08440,14098,60435,77122,37220,26010,79190,77435,50285,25615,08109,55022,29020,52391,28121,02303,76645,76623,12001,42174,62467,76292,10006,54049,28091,52058,04199,76721,59320,71319,10273,27182,60601,97604,65293,85223,51244,28207,69103,76412,18278,27517,35226,55158,2A008,33402,63103,31231,38209,67440,22172,64021,01177,77448,67111,66095,56043,27237,21251,10042,44063,33085,36238,76482,95094,88346,08094,32049,62759,60443,17141,56139,67387,77151,66194,27006,05115,57233,88390,44069,21356,43165,56218,19026,26289,52138,51367,68309,15151,29241,10008,51414,31567,21250,63165,59243,71268,50603,62527,95040,01254,97107,58178,80376,80784,64216,38261,31120,52037,21560,15183,61189,37154,61466,52009,33230,61481,85106,67503,38258,51349,38428,38549}",SDER,2026-03-24 14:41:32.274366+01,gold_establishments_2025,,,,12006701200027,2025,Services de l'Etat,National,"['Ain', 'Aisne', 'Allier', 'Alpes-de-Haute-Provence', 'Hautes-Alpes', 'Alpes-Maritimes', 'Ardèche', ","['Guadeloupe', 'Martinique', 'Guyane', 'La Réunion', 'Mayotte', 'Île-de-France', 'Centre-Val de Loir",ADMIN,"{01,02,03,04,05,06,07,08,09,10,11,12,13,14,15,16,17,18,19,21,22,23,24,25,26,27,28,29,2A,2B,30,31,32,33,34,35,36,37,38,39,40,41,42,43,44,45,46,47,48,49,50,51,52,53,54,55,56,57,58,59,60,61,62,63,64,65,66,67,68,69,70,71,72,73,74,75,76,77,78,79,80,81,82,83,84,85,86,87,88,89,90,91,92,93,94,95,971,972,973,974,976}","{01,02,03,04,06,11,24,27,28,32,44,52,53,75,76,84,93,94}"
b88010b4-5730-4295-8020-5af18780b413,130004955,Dgfip,false,"{28099,80666,70169,17404,32427,35009,19105,09012,34333,02250,65296,88233,21283,2B283,40105,80270,33547,89160,76058,34225,90099,78383,13109,69266,26071,27537,09103,62193,53148,14606,55296,60275,15166,97411,72003,45291,80299,16267,52400,05181,50378,11289,60124,72165,18138,16045,11038,08402,44027,44151,15082,52053,51307,50069,24147,68247,55179,77501,67244,23225,81180,61169,74275,62050,56110,18164,90047,09072,59343,39354,63048,24407,42329,35005,66075,32093,45167,11036,31541,95480,46180,38015,81072,89148,2B126,81029,02337,22220,05152,07148,07187,17140,09294,43222,74162,39179,63276,36240,09084,55236,26282,69228,49302,15189,37230,2A004,81058,76654,30107,80600,59528,54372,36215,46009,18025,08297,50490,25473,70284,25066,10011,89351,55068,10060,22330,50374,10391,71572,10063,80678,83119,12111,51460,38299,14100,53180,51357,17378,74233,35010,55044,95258,76231,87024,82056,55304,57649,73309,05091,27696,43049,59523,65157,71235,49120,39270,70401,27192,46042,38176,59287,61103,56125,69175,77474,18200,51521,08308,80509,14755,57676,53248,32180,91639,13100,31186,32225,50393,80631,80552,62676,02306,08161,67532,78513,31348,12198,88053,38229,73132,22314,88226,55191,87183,76559,86129,26018,11034,80557,62581,21344,38192,10108,07218,22177,64514,31056,09078,34066,73137,39059,54186,60357,82131,30287,84092,39478,38118,76169,32466,33035,82060,02716,77487,33046,59032,02347,31322,80353,88350,85135,28418,86125,31510,36184,76371,80115,16208,52079,86210,62577,24152,28332,21492,80263,35016,88349,07086,97403,21003,36202,09156,25333,53011,63043,57696,74031,42241,91433,52464,85038,62271,82026,45029,95214,25293,48121,76720,78234,36012,29086,47239,82173,11330,33520,54229,33351,41192,36179,55077,51091,07208,48025,67235,31520,62712,26238,18139,27520,80055,02824,52411,84020,97405,79152,61002,80345,85184,46068,61288,15046,12246,35292,51510,69054,40003,24071,67429,17369,63075,73086,65202,06055,66153,67395,64219,64146,03119,65003,88348,89339,63247,35352,02199,02671,48016,88013,65076,58058,76284,35132,93078,84048,62264,38344,70347,60136,23080,02705,27543,59038,54170,42240,89470,85298,45186,31147,60600,48163,51202,34115,72264,73061,26200,60224,35249,47247,26086,28084,37071,74241,77364,40136,22039,64036,11018,25485,29294,35260,35142,14025,11215,30288,59181,69238,68299,09296,65130,67349,27578,52467,67543,06102,28289,21580,33481,90005,80730,44182,54204,54188,88269,11161,43027,23115,80711,72066,03316,62354,68200,53019,45313,57297,28160,32392,45136,14032,15179,55468,70183,01146,88490,50271,51310,27553,78505,79078,27512,68270,97125,41255,62637,11231,76598,73073,02114,56148,70445,09190,22218,05106,21422,32291,18048,47016,55250,68186,24045,24083,39295,60005,07279,71157,35153,35339,23222,58255,60576,57715,68305,68146,36048,73101,19136,29214,41016,60655,88178,95585,35318,24521,70477,43260,24191,19046,95456,36021,52145,51075,73166,08381,03279,19137,15264,17136,32430,07236,54109,43205,35332,53075,02105,27260,59571,17042,54559,61480,51501,26374,70560,58012,27381,11005,21394,46311,59029,07071,52407,51235,07004,08159,26077,10242,91244,39074,67334,79231,90091,16016,17257,48167,41262,80152,43168,53038,57229,02795,43106,33532,45114,68128,02826,18012,81089,14309,55350,51621,52350,52420,62798,12031,62636,07012,57031,95203,95308,88281,07113,17452,11033,51558,01162,22163,62229,71170,86042,42217,85130,67221,83071,21376,51376,60486,89257,08179,89409,71251,88377,74114,05040,64262,49257,08053,91619,70470,46006,61067,35304,30018,51171,19067,19090,21116,01151,16385,34105,79242,50233,26283,50077,21462,31558,70075,08484,38304,66014,60032,81276,24218,89299,29284,89239,43131,44056,46314,33072,25364,19184,07023,66183,09274,57666,27439,57755,36003,33181,80516,46155,10048,55454,21498,64401,03207,25578,51090,26304,76596,67378,52297,71191,72344,33422,52260,85278,74291,80128,11383,50351,60195,11334,51570,89453,11055,32253,69192,60288,66149,04086,18244,36150,02115,80143,38181,45016,2A115,21031,22190,70318,18194,79336,35022,59646,16380,70307,53088,01354,25150,67426,82018,14425,09307,32187,35324,62424,81073,21643,18260,97213,80524,38026,50216,57591,39553,25098,39019,35087,18027,65042,25488,81220,54044,51300,57186,83026,47289,29270,16013,48058,58272,34069,10043,23055,29287,09315,54424,76429,31485,40319,48092,76217,63255,77009,31202,2B136,76160,42226,38475,76124,22205,42212,01431,11441,71233,91671,02140,77358,65239,76449,62117,57652,07007,88410,65018,07055,31275,27074,11273,76056,14569,33339,70217,63345,59375,62335,41166,45311,75108,76452,59439,23159,71426,19020,17387,70352,40025,14742,22122,57087,42171,37142,39252,24527,31580,60388,05035,88065,13032,21553,25569,76018,95409,67227,67299,60569,30263,39251,10266,17114,54447,29215,26239,02594,02505,14175,08242,10051,27158,47310,03202,64415,69264,54475,76154,57259,37068,88450,18232,25055,53052,55502,89050,67281,38193,70528,35084,17062,44131,60011,14430,17167,62605,50004,11077,58234,70418,42225,11197,31035,76692,80624,79010,59283,17045,45078,62858,51233,95510,21205,51517,22254,72121,02572,76417,65186,95059,32017,88210,62352,87140,34071,54360,42013,37217,87076,08403,64189,45261,08033,04073,29229,34107,36015,02772,59344,08395,51641,12254,16113,65171,83099,51034,17421,46283,83066,57109,64058,18187,25512,52174,80685,06100,60307,39402,48119,01349,34026,62164,54387,45346,15085,62414,95430,07286,56107,78382,60496,30147,40176,78003,35126,38559,37236,51031,37117,29190,30312,91191,14522,85199,21559,17333,80040,04152,62619,60198,75118,82128,01302,14283,74003,65436,16336,43133,70362,37148,55243,32104,21063,41204,36100,59048,61207,12073,14121,08069,55163,38268,64068,29301,88296,86062,09101,29001,81141,30039,07075,60498,42260,45137,33305,21680,91577,52529,50352,37018,21092,02816,64469,28415,91386,24143,92071,64506,65066,78305,06154,18179,22180,62095,45173,16187,70510,51287,87047,89276,02756,53026,82187,38002,89039,10212,08201,2B327,10248,11392,11058,54155,39363,59611,44044,80591,62898,58196,24197,66085,80680,61438,37172,02329,39499,11251,28315,21547,29251,40024,32284,95119,76247,07104,37141,79209,11277,51198,30244,15126,38004,67530,77055,28360,21016,22181,84132,24068,33359,42281,70043,40054,05177,52005,30347,66212,41294,66215,16083,57427,31423,09289,63058,17120,74175,02239,22162,12039,31374,65255,41247,28199,19013,22235,57406,23114,02249,67185,69080,77117,18207,55477,51626,67140,28041,62616,51440,39222,30030,58250,2B316,53197,30019,21604,21220,68091,08120,55320,05077,87042,64498,66057,24382,65180,82031,10361,38301,74174,57628,33453,69007,55426,30001,55166,60692,34223,80799,85282,10121,24385,34251,86167,67005,80051,54171,66145,10214,39424,41083,60500,76614,62708,81317,77233,14209,43164,38137,88060,76055,67383,41094,71318,87126,42298,32370,68166,67125,44072,36163,70483,36122,60183,46297,54194,89077,21139,83126,44079,43052,81015,12275,50106,46267,26157,26135,02009,54434,33010,31169,56116,47157,67505,51264,27319,85235,01063,14562,66208,13015,38522,73190,57517,01446,01437,74130,80058,18071,02059,10038,60016,15251,80190,62412,43211,79142,55039,14514,40075,68264,19147,01355,02782,45195,27304,91243,62310,57500,25035,59063,22061,34146,38357,81116,93033,70500,16248,31446,09167,31568,18014,55160,13058,51488,79023,24272,73184,02420,58187,50549,49129,59648,62189,72215,57548,36114,62863,92019,59233,22321,24533,03152,36241,52162,04115,68145,69284,76157,84087,57671,80009,55038,89465,57067,54213,68155,47324,09257,70351,80693,69055,19019,89162,89230,64523,06058,65095,21302,71564,73247,76660,16245,21602,50022,58002,88306,64526,54123,95394,09338,76235,34106,65310,89195,82176,63221,57424,40152,24571,02381,71247,74134,72150,49038,88138,21584,85028,29252,71588,57402,60004,03044,31524,33186,26197,89326,64213,02102,30022,50487,21605,59083,62609,35185,88073,44098,45296,57266,17396,14301,39013,27111,37095,33248,70059,77508,57016,95023,49045,17037,57232,38038,22115,40316,24537,17091,32152,07060,89233,63448,25586,05149,61408,88435,47197,29027,14308,40262,89156,51069,72295,59570,82098,09068,54520,02282,35150,30196,11062,57215,03198,24023,02831,52499,89149,71325,44088,78655,73327,74135,33320,79215,2B057,71223,70509,27022,59054,10410,67089,34301,62597,28012,30201,02729,73047,76272,27238,17101,38364,33474,59617,72306,88107,50064,31320,26358,61494,71577,60088,55361,08048,17131,65359,74212,31286,01360,32331,71556,86186,55447,14411,16345,86187,40198,18156,83081,67117,51166,24308,17397,55473,28180,77209,31250,24451,82002,15211,23052,67314,88461,56073,07183,62064,40087,33212,21360,38536,29210,33281,31312,31581,50395,77275,71121,64089,55313,56081,42132,02372,02613,80367,09202,91378,22300,63137,71242,02769,10084,38398,01245,03035,77164,77470,01166,77522,88236,32263,04149,24362,05131,67312,25327,69074,11145,51619,01087,80319,21023,57210,65163,01029,24411,25032,07200,88184,29185,67277,31358,52444,51208,23048,55467,36089,50283,38255,26253,39201,70106,50291,64470,61373,53119,06033,53216,21191,50085,18083,61309,09253,80181,37007,42265,54175,01230,24490,50294,21233,93010,77436,35125,2A209,49364,31572,73314,54052,33255,59039,30109,63286,38517,11059,79080,03041,60175,72119,04170,86108,50357,02066,17291,54258,17459,50135,55391,62266,87176,11280,83141,19238,69295,39356,14287,85065,64231,38316,19219,27185,52218,71530,60094,24319,49301,55376,60548,84142,89169,40190,55057,46299,19163,58260,54575,57571,01002,76115,02459,50604,22165,74014,28197,76606,37121,30038,28206,19182,51183,89104,34014,38256,74206,42100,09176,24025,65364,39101,23097,39165,79131,45019,67446,48132,61008,93071,27053,52355,57477,60394,17124,84105,70214,76206,69023,28049,64003,41018,76331,30290,10357,70080,43096,46038,21235,49127,23049,22201,62384,57621,54013,23029,83113,68154,63014,81139,87030,28119,74042,2A312,71254,14733,95535,07034,28022,02738,2A330,22223,37258,25354,34165,38538,31017,76334,01420,03218,80815,57495,25394,02830,21593,54210,80150,38450,09153,81094,29233,80296,63087,36052,38351,45109,67539,02672,01375,60591,08162,22318,05037,01304,33162,06108,14022,07275,28377,88500,68267,48198,80291,62377,25154,09183,47071,46094,42049,76481,12307,14731,45290,43080,09200,81136,07158,70093,19202,64489,30279,63100,67119,68197,71320,74080,89198,55145,38473,09224,60553,69170,21420,34252,73200,54008,88170,56156,35047,31070,31194,87080,02638,85128,47176,50572,70486,47291,63046,80327,30339,81303,64254,38280,17246,31077,84003,45068,43074,46028,19175,41086,54588,24055,38086,87009,63033,72166,43247,71082,21102,52110,22338,47282,59395,87075,71354,33375,65067,27348,19124,80536,21439,18256,74192,14711,16284,60362,19232,42070,70566,03258,70385,22016,44081,86145,07110,77350,01100,62873,78561,57281,59208,35346,70409,24557,89437,52548,31536,41256,03315,34248,74256,55162,77029,42232,78092,46135,10124,45141,57564,72032,34264,07287,07225,67473,08229,71093,24312,26176,71095,64412,65169,16136,59325,24248,55411,39021,27232,52308,18026,32099,59055,29235,71154,52266,82170,45251,35244,91568,80297,71491,27331,29130,26150,66051,08392,80192,48028,61307,11114,77220,11217,09280,55437,08405,03018,16405,10305,51201,10085,74252,51251,47215,91482,25075,54265,12201,01333,80041,47042,59052,24108,34067,88532,82185,81062,63366,11016,44092,61398,10019,88080,10323,39558,14714,32072,65250,55114,59550,24199,19087,87133,72037,10434,05128,04097,65424,55584,84095,48147,72314,73226,90021,43167,28156,77309,01313,44140,47114,68041,47142,16395,02383,38338,42074,56014,81093,80717,57734,64491,07022,38264,76325,08178,32332,54152,41144,37046,88212,07203,34212,2B135,02259,54051,14066,14053,81013,25042,46196,39531,85218,47284,51647,79301,14107,49224,72164,2B265,83013,46181,37044,11176,70568,02435,97408,46206,12216,62397,63096,86039,88304,24515,37054,62395,57421,67460,95607,78415,89155,40332,40281,61183,62717,76424,34229,48017,73055,88380,71437,11049,32255,63428,14288,24480,26131,57020,71309,45139,33225,03058,64364,50120,36034,60691,44212,30128,78384,62716,27384,69127,58247,60187,47025,13085,21656,78528,24281,80836,84066,76192,76149,62758,77481,88071,31229,37268,80314,22354,63040,24242,55118,62214,81106,58059,49035,77211,27183,51314,55306,18090,59312,17143,61399,58190,14249,55579,12143,54161,16161,53162,78672,37218,40051,11278,88078,40202,88313,50098,39127,84060,21630,31507,90027,06022,64172,76184,27613,84082,17461,46290,60494,50597,57607,45175,21673,53028,50338,10071,06127,70121,40002,05173,57321,31263,70229,51362,76565,02356,23071,54112,26130,79265,42197,55198,71227,03116,76439,93032,83098,73288,21365,59148,24290,83142,51556,76041,71498,19042,14202,25083,37139,80093,80613,18174,18040,11430,16315,44150,30346,72213,10132,95024,38116,31240,89216,89129,54451,16420,54133,02058,39128,28129,95529,80301,76520,32020,42314,40294,53221,52011,28019,77145,77215,72059,71032,60639,01109,57303,39419,76684,55375,57240,17412,60292,30356,52372,76020,78190,87195,23007,59014,10369,81195,64215,07222,39585,70125,32111,65102,24377,61006,21458,31045,62134,65475,29170,19001,51458,54476,22137,57682,59415,91232,80087,26026,25518,59352,55185,64092,14680,10365,48056,30112,67344,49063,86124,18034,86206,76374,55060,32454,60637,63440,21054,50045,62362,37206,70117,90079,72268,44045,35094,27667,15252,80021,82091,33116,54386,28192,03024,51412,61043,58225,58185,81302,31004,16198,89402,62588,33521,28095,51102,07241,58259,57167,31168,97313,83076,54385,35179,42248,05025,95211,68163,22053,36083,77329,17325,37106,16137,57575,54426,73214,50237,38129,54259,45108,21086,09087,12217,24476,43245,26024,10390,40215,59146,73233,36032,65124,65474,11304,81158,73088,47083,31424,05018,18209,46179,15231,47172,64365,17483,64406,23224,40165,43158,44101,26069,62593,89418,34077,04242,11423,88155,76252,77314,18075,44100,56262,15139,62198,52526,82041,31330,32417,47078,46250,76096,53142,54336,18135,31564,57336,01125,38483,01224,46286,59371,21388,09005,33477,15204,66213,73281,21603,63185,21196,38058,38203,44036,09074,70381,47072,97209,42180,41068,57339,58204,04184,31511,88375,57154,31553,38405,46174,53017,50092,56184,61381,76675,11352,61333,81111,27608,18220,33045,11084,55010,25421,31354,80071,09265,63426,64381,50403,01303,15091,39291,60409,03142,61091,31274,32348,29254,32351,55212,58256,27370,86209,46303,56166,30174,09011,59247,81325,07160,69172,42030,68123,62623,25574,01116,40146,18185,71008,91405,28312,67273,71311,10091,25566,14055,02476,31039,47169,19117,76538,57534,39533,09091,11224,55059,56024,25195,39200,77393,02796,23171,27414,80090,77126,24510,57418,02625,14246,54215,70017,10107,49109,11052,60279,25100,61167,44091,57473,28396,14310,31314,47108,27535,32283,31218,11164,52156,81204,14195,70118,16100,02185,13037,41221,63053,09272,57530,49076,51348,41012,60352,07247,56015,58114,88453,33219,87079,68156,17146,17160,64222,94038,54594,59635,87123,70441,65101,28233,02165,89222,76384,29272,62472,17405,63279,82169,90029,59609,80081,63277,51407,60330,35131,57206,25632,22071,30253,70174,36230,64135,70472,04076,79346,43025,80629,80691,23199,63402,85222,74057,55125,09063,33033,19089,70181,76242,54266,21001,85094,95651,64536,57268,71589,04148,82159,73081,52272,13009,17442,02544,35210,26011,59105,59423,15069,74222,65386,55475,37126,44078,01190,21163,52265,70443,31046,10358,64177,41175,78196,37170,86153,53168,79269,33018,74086,22365,2A092,29188,46029,59075,25105,74209,81056,40101,62584,46091,01388,46138,17234,48003,24155,43036,56027,52463,89188,37229,84119,14398,10183,78643,12119,22116,45112,08394,39552,62465,14639,37034,62710,60699,17271,34339,80648,91095,21380,33114,07283,62235,48170,30100,87006,81128,14458,80788,54119,60418,57562,51312,69137,36116,52518,05154,25621,85009,24077,70491,64352,88239,50030,08100,09336,64481,77531,59082,97124,39160,51569,49018,54158,88256,22213,61137,21053,42317,77228,88335,80107,28079,81234,39313,14172,62029,25375,25625,62660,71088,89172,73151,71383,82115,55293,64454,45024,51652,51072,51618,10430,17007,02789,62742,47156,57496,59229,67494,66004,41148,67164,21013,09192,69214,19190,71190,59533,64375,81193,57038,10416,88292,17216,62628,43090,77444,71447,07029,84038,86287,85207,32024,74151,82075,39296,21236,71460,73103,25339,11407,29080,08204,42058,70332,28060,11039,17198,60095,47307,18241,12032,14396,16293,55489,86291,88105,10377,40269,73064,37249,70498,51323,88483,82070,74063,2A139,55290,36118,60305,32365,59130,26144,79112,70142,19054,54053,25245,59100,49247,52190,81115,57434,62403,80462,24459,78189,95678,60192,44018,60412,89442,14456,24576,50542,28082,37157,57274,89027,67362,52294,61129,62207,97407,42288,65454,63463,87180,07133,50040,24464,63298,59368,26293,42189,08209,84130,18250,15196,10039,60497,02829,65145,56068,82142,11344,19031,33021,54168,36006,57355,59256,12290,2B023,22055,63056,36152,62036,57447,39475,37274,58312,59081,09164,33184,56144,62060,34255,61393,01452,77045,89342,34273,41200,16028,45032,57451,2B145,19237,19062,10086,32458,42093,65353,57015,51145,11109,26088,95252,54585,76282,61426,57299,16358,86163,76128,47123,53220,42149,62612,22070,39359,23076,27410,2A262,68058,41289,59069,51083,48081,17027,38489,37244,25002,65305,08326,65330,87023,31003,51195,12127,27385,54332,17134,12109,32236,02774,65464,17204,33280,28348,76705,44038,09029,05127,50234,47231,10423,21677,97118,32135,33483,08028,22160,12299,46234,76095,26306,32407,15117,30181,36167,59094,62361,09182,60506,60628,37263,51147,12236,59525,64252,12130,09061,02776,19233,22025,57312,49294,59200,71503,63094,19038,40266,88136,89038,24570,55353,24184,24135,32046,81102,72385,10083,12084,33025,42224,13110,62337,92073,88467,58049,87124,27190,62232,58034,92075,52233,17084,62367,35227,68175,38372,27229,02395,77315,18133,02683,77036,21454,72335,25373,59280,55148,88503,12085,46182,68008,35007,39228,61032,33140,50410,44006,29073,14412,21691,47228,63384,64013,55540,79298,83043,37028,85251,65093,16200,2A268,31499,89111,62259,81233,71454,78609,21152,88432,08464,38061,14406,80252,25493,81085,34287,39214,33009,35241,76671,34129,54157,56078,42326,03192,88139,76394,57042,25478,2B353,29247,18097,63304,62536,11182,74263,60399,85059,32218,59349,51489,47315,30292,62238,60049,38194,52413,45151,30069,70228,38139,48182,12046,62169,60347,25070,18251,21291,60450,64511,71330,62470,58023,37265,42140,63317,88327,32034,81249,73067,55537,84056,55202,57344,52342,65183,30032,54146,95127,02718,69133,89143,34132,74229,49299,88146,31404,21051,30091,39404,30075,70199,38384,27227,35359,47031,81206,69279,68302,36041,03073,2B067,87107,14215,07303,62725,07042,50394,84019,23072,21511,68028,62387,55279,60015,33205,22034,47067,31199,38102,02307,13019,04093,04058,32077,21532,14120,55565,39375,04178,65446,35051,47049,28220,61462,89144,55186,09189,27057,48141,80548,27446,01128,32373,22187,62783,17261,07006,68116,74087,30074,77182,14342,74220,57249,67222,62251,11128,07235,50081,57318,35221,28298,28317,61195,44218,68170,11390,76421,74240,14385,39465,50475,77140,32222,89152,30020,83131,64411,46214,70282,45239,64225,81007,07097,59122,14242,94011,88472,81049,22098,15266,28301,33023,07327,65289,65252,18243,12106,28278,27497,10005,51456,64158,21010,64512,86095,64250,59448,56062,32060,38006,23117,76372,27126,2A017,18110,62211,84012,71477,51138,09125,60313,66078,51216,64308,29136,23070,64230,47070,50311,84084,33028,48064,69263,38334,43118,22203,91201,56222,12092,31522,14578,18171,08406,76193,13083,07098,61412,49107,35037,45153,62047,62197,49028,23092,56178,62293,50436,80705,01032,50408,01347,03271,67241,72383,59108,62765,60039,29151,13029,45191,88353,86005,76218,05121,46292,02176,33239,83016,39532,30027,89139,59655,09105,71455,52302,56105,17020,41217,38075,37260,84072,89450,14407,48166,59536,24441,12138,21141,40127,23102,38321,51115,90025,22388,72254,77494,02294,59061,63365,76418,77285,33463,16218,18036,67293,78113,76040,74167,06044,02631,14344,37194,27556,57726,60420,28271,37133,77097,88010,62846,47287,65356,13214,58115,55317,50373,85306,17341,70126,11365,44157,42324,28212,70149,80802,11254,45018,08462,26270,77349,44199,62764,49170,40263,51437,02583,15148,57553,70478,01102,27234,86035,54122,31247,63299,17049,77065,81005,95306,59496,17200,66068,52213,88111,48161,79218,62348,19053,59392,12152,11358,10078,33111,43224,82126,54463,53226,80341,59564,54124,46281,15161,58014,54207,03004,08198,26323,06032,21120,42145,10247,33379,2A359,67516,05076,21349,14047,31397,85201,39556,52120,69217,38333,31246,71146,32320,26222,43076,11401,76549,80634,59445,70260,06002,43057,33078,18009,61141,55327,39346,26123,19118,54033,24095,54118,21413,16154,25043,07096,37038,18065,62774,76435,40130,39464,51280,57116,10412,88378,57051,67259,32010,22077,34043,91689,70245,50500,65427,89471,54263,65165,28290,60413,51003,64227,76646,62830,71550,80633,91174,62894,45111,03066,72104,72212,67528,76201,61501,88355,24375,77199,89250,80437,38377,11125,77317,87054,69057,60448,28369,25380,14519,51020,80046,05006,09238,71475,01350,52042,21106,32237,86010,08193,38230,61454,82118,33125,60163,86292,21635,76711,33054,84031,59488,25203,88115,11008,35178,31316,67061,36045,31150,17221,34017,27214,84070,25490,37162,54086,56224,33240,23196,55312,35078,52540,59066,10186,33204,60041,44012,81170,74195,25067,59306,30110,88056,38051,56220,65028,35161,38563,14230,80026,80162,88063,55431,80834,57709,33413,88121,23211,21445,59416,78646,12097,25141,31336,21140,61505,62186,76673,59580,80515,62680,38281,28390,53072,64396,24259,82029,29161,02168,85281,59172,54106,63065,07092,50238,68097,62756,24278,2B317,04204,54246,02415,02620,52497,65339,65298,71086,2A271,07116,61293,73300,64530,86218,69188,69242,37153,27153,60085,01052,66081,05144,2B341,03257,59262,62811,54323,10257,58307,01210,88426,66146,03140,62732,50079,19040,02693,09081,70002,25085,88284,60539,32410,18228,14643,16052,17289,03298,12012,85175,62133,33139,66062,53129,52437,50243,38017,53109,17079,61233,67020,34200,51616,22228,58209,21582,84044,55094,55217,59232,86016,61395,40066,19212,11415,89076,30131,10260,16234,33244,27336,12168,35060,60599,52257,40297,90028,61507,70138,80421,64008,50499,02804,80156,78238,77084,10384,38032,95554,82093,11089,64165,78638,45009,39581,19072,50505,60083,07009,38373,44064,16044,60213,35201,40030,16239,77373,06115,37084,62160,57301,51062,80293,62739,70107,78475,53260,34253,43246,07315,02016,80396,72141,24104,65300,74069,60003,57250,39022,42245,50568,2B053,77381,28139,2A348,60200,76222,55029,84043,01040,49269,12228,22104,26310,32166,82186,04090,27157,67269,31498,14409,17121,55476,07168,35285,95213,59388,27102,10382,01038,87194,34177,72183,80266,64131,86020,14676,57713,12129,81282,89439,26177,06126,64354,09044,67053,36222,79047,15229,44189,69216,76635,02024,66170,72094,51506,55533,32025,15107,88069,38167,09098,16174,37169,04179,68084,69064,32181,32032,18175,21059,77445,01246,84086,26168,34300,06147,2B205,15254,51623,61286,67311,51356,15048,80213,16348,36001,33070,61170,63389,18056,43226,59527,57658,31110,77212,74186,57389,53228,80829,28023,76209,10129,45044,04157,58021,27422,32384,91570,51032,71034,08040,57098,17138,35258,59593,43156,27066,72247,35243,07058,38393,03114,08117,60407,2B242,51423,24036,69218,14080,66058,17401,77347,21110,89053,64209,68068,84123,54228,39269,80054,62741,57171,64494,64114,67213,60622,41052,53063,97404,32341,69288,40060,82079,21495,12141,63029,10317,21482,80106,35077,78606,02155,14715,95256,21262,14260,58160,30262,82042,01133,56031,69028,57641,69278,01044,88098,56221,33344,12121,59476,21515,21006,32251,16085,45099,63300,26110,54050,50269,22068,27254,41280,27298,39559,41195,62068,24380,32414,62828,51048,62150,88439,01046,59484,77467,19193,04187,57377,63257,11326,16321,42219,06085,87157,55063,46246,53169,28117,76714,59092,01392,42129,26163,2B311,14191,62539,62418,16422,88507,63231,36109,70079,08318,24355,88317,27020,78460,02444,81112,77239,56176,02396,89176,79255,47087,86194,95446,51495,04039,62067,02807,21282,45327,33516,31273,18290,24410,28135,21078,12268,18079,06106,26225,59639,44118,08192,37029,50585,19110,61493,31255,71312,89415,05084,47277,09030,64017,50607,58175,71512,21474,54283,74150,72352,65205,77482,52103,02108,59421,62463,61268,54068,40278,68095,65177,48169,71156,63178,21005,79126,25224,77520,71516,13096,89376,71271,51627,95166,83087,57361,58192,87125,02559,35081,38478,2A089,03300,26066,17226,03094,05024,80491,80273,52116,59583,11255,28029,57412,64557,62586,39104,88382,88066,11311,2B248,89344,40331,76381,03043,62695,07177,11236,54590,77079,67091,74059,60373,55412,45184,47159,25234,02666,86085,70546,59186,24299,64051,12155,83053,08246,12181,80151,97109,54293,77107,67432,51153,22176,31053,41237,39321,69141,15199,66003,67098,55527,27373,2B213,94034,63453,24446,49214,02601,48123,71444,02684,65057,94081,69005,08137,82106,63101,39302,39162,33501,03295,45337,68165,22246,67554,62644,25247,21017,55409,24227,55442,60117,62255,76068,2B281,86109,05117,44052,70006,36155,25101,02702,39454,41284,60385,71428,59332,79059,68090,10140,31551,32265,52385,33034,47212,22129,02150,24158,31204,18007,77372,47199,66023,67379,16236,03317,70471,64543,85176,59259,11361,22065,54145,42238,23202,08287,46154,60306,48174,03139,24074,38529,34024,21184,30203,46289,63337,60051,24452,10072,08018,55492,16389,33508,87052,03309,65016,62051,25560,14732,25532,26368,79137,50426,60043,93014,03106,11093,65195,11320,54178,31519,08480,59473,39282,75056,08174,33374,12225,31277,02682,76734,64441,18147,53270,25089,16193,80621,72114,50066,86144,33550,80473,21149,88263,29265,60355,81109,22277,09027,61146,02164,85171,25525,09324,59184,36195,14040,21157,76550,30236,31236,66184,26167,22231,47098,21267,87105,95219,57133,50553,67099,57425,2B156,36190,11040,89296,11047,09251,82036,62237,80806,28347,31414,36247,67169,56232,47297,02370,15019,71486,60345,45171,31503,08263,07013,21289,31118,89025,33341,51552,17203,32063,46023,51214,57022,52300,72333,01010,55113,24206,42243,07334,60084,72367,14499,22214,85139,62761,78558,2B086,26101,88519,18235,68067,42330,52065,40191,60529,10414,43207,54169,31313,56080,64211,37237,55406,55012,57527,80070,60245,49026,67038,69027,34143,64310,60037,57211,22140,49216,94044,29296,80698,95331,70255,60698,27140,43042,82130,39310,25227,51311,42078,40231,68239,76603,13026,76610,73150,18263,59065,2B223,70170,45023,34180,60097,56003,02231,34217,46258,36013,71163,27568,50397,73276,89430,69241,70449,55153,67547,31203,31461,80230,47314,79125,25430,23152,19263,2B068,45162,70051,70457,60053,34302,21358,37259,39306,80183,62448,71004,80696,32122,68353,60543,50039,52395,33423,61079,54335,79141,81223,41078,88469,40239,80665,60436,41051,38114,07249,24404,18141,48194,97205,18023,17087,64079,72123,41238,72001,08343,37077,77478,70145,78590,36105,06134,30198,27393,62148,27228,38390,63320,64054,76367,18109,14297,46253,42254,38408,41095,79019,16224,83031,51658,12232,65409,38048,32269,23065,10275,29177,84029,67515,63369,14136,25599,27188,73034,70039,80343,46033,22092,53112,26307,36133,77278,27466,69009,51518,64346,71433,89030,57516,38245,81031,17250,01065,31525,04065,38130,67430,68250,39225,71182,57260,35261,68109,48106,36057,78291,34210,70101,36101,38067,36204,02708,70213,84103,57736,49222,31344,70334,08113,73250,14689,57082,80499,67285,27026,76170,72110,22245,12124,45202,55218,42136,27120,10205,60156,31515,42065,31165,88068,54057,77231,14602,15209,18122,24450,80379,71212,31190,14587,72090,58122,87152,88123,95288,34274,17066,28255,02819,03064,21442,55324,41049,54090,86293,10204,49102,27032,01147,61341,67172,22342,19133,18151,19055,73236,77484,08140,63306,26124,67166,70105,30218,81050,01269,33058,72025,50510,22198,80287,80060,26014,46122,08243,01418,02755,02297,85188,23016,40005,78172,02223,54331,09168,55338,22064,39166,16402,91549,05174,10299,12072,64486,91319,83034,67521,07296,10370,77230,80703,38497,29046,14240,60264,62195,52285,88049,2B124,2B080,51073,78310,58084,78381,77447,43256,24337,97611,80003,71019,74238,91600,92077,08021,01169,50086,39476,54490,80052,08446,55184,14576,59090,47004,76516,25228,35251,64140,03223,66115,71338,86131,80482,17187,54012,34002,63169,76103,37056,80681,25107,37064,08437,68009,26334,64040,53131,23074,71573,41234,41220,58282,29030,46022,47196,46200,18219,58295,67308,69235,60470,03113,19252,42333,97222,62908,81130,63181,14305,45241,25521,39194,49228,48090,67054,31011,67455,29159,64467,51050,50590,11216,33484,69227,60002,65372,04113,30079,42081,65151,43047,88456,65193,62853,62801,85024,41043,76264,56246,65166,01139,62079,80167,80030,08271,77514,60555,62066,40265,57545,49262,50090,56239,22108,38519,62585,66112,94019,22006,58305,38354,51099,07251,64343,30215,24372,16339,34135,84127,68351,86270,87132,12272,72167,12185,51384,67187,60141,22232,74237,64324,09231,04188,50290,72321,31287,73249,27215,70203,18042,23040,24529,02470,51167,61133,71201,47173,78350,59659,28033,31349,07107,65414,71393,31033,45074,70361,05103,21518,63321,11181,30265,36110,57340,33479,59658,51217,60335,19002,24037,24238,02670,26186,70091,34288,07266,19088,59443,28354,59591,76708,50601,70536,68212,32005,73192,40327,02467,16191,51168,45338,80587,62639,14145,19194,04177,71349,49231,67441,63039,09001,74287,70389,27168,77379,51068,36018,56115,17142,26090,79176,39197,51439,64071,74144,61158,38511,39333,86201,17376,24566,22341,63363,62806,07027,70412,32334,64540,34233,15249,84140,54180,69019,51169,21607,21290,58157,73155,70325,80031,70094,21571,08208,45275,47192,22169,16357,10269,79213,03015,88109,25486,12151,48021,08368,70451,12259,52546,89037,27659,27212,57054,57596,25199,67465,27156,67030,97229,89175,84089,15106,08327,61483,46162,88116,30139,83108,68051,62534,80511,69255,27148,77208,71194,11199,52436,04036,70287,42125,81312,67373,70468,16143,27502,24305,67127,49176,74236,91198,81046,27567,62666,64159,09198,47127,91347,58141,17433,33315,02224,10232,37036,13076,39020,13082,04085,25550,23100,57745,02042,09334,42305,18168,50137,68244,29071,07181,72077,57549,55425,58055,76657,70432,70297,07255,08301,60377,90033,39244,62030,88196,72196,23107,76388,79297,65411,85137,84080,63222,77406,77277,06088,46252,27490,32461,62065,02793,38266,70289,81294,34191,23139,01115,97119,54290,59378,58195,45343,09174,36033,25324,03195,57013,55123,68112,86070,09147,02382,63088,68204,43023,14649,63243,51463,09022,02331,59587,68221,11063,40287,24253,22091,15016,59239,42130,45204,07344,54252,16041,01239,62261,05079,22001,35330,62163,45268,66174,52229,57613,84036,35156,65041,08125,32188,11417,72180,81142,97615,67163,27632,15224,02746,60571,62166,65327,85096,33273,55048,04072,24424,85244,62205,29147,97409,29221,14360,24262,33546,58170,28147,07215,57014,67006,80318,87043,74038,43058,46041,19070,18039,67550,29039,34124,21179,88036,35120,44176,70271,11340,26258,2B088,60271,64515,89003,60059,24378,30195,91064,71452,08141,79111,68289,66138,21626,85006,59073,21473,67391,92051,66122,26243,64224,87148,21401,61345,16287,27645,01445,44217,60228,80792,70323,62131,76723,15135,77411,48051,84041,32039,21693,60656,64157,52516,61287,34332,52356,30318,86121,68073,08386,56029,23056,34122,2B101,89080,49178,01273,32172,76730,11183,80311,23027,25605,62698,72083,37112,51445,59034,74271,39275,71189,07048,25268,16277,22019,26340,23212,29153,60090,77426,03109,58030,81182,57293,43029,79339,17222,31025,69117,45026,08165,10327,45169,62112,2B049,21676,27301,71384,37127,76368,64372,90056,52008,65159,65069,73186,27492,08248,01393,41010,03229,70030,89046,76479,14592,42300,52251,33369,74099,69197,11327,25084,11301,24284,11264,17306,77386,67338,86276,25056,12050,02449,50356,05096,80429,32117,63386,62634,56254,72187,65229,59103,50455,43216,86127,17482,24229,73243,62646,55438,08037,95199,25280,16152,19229,48098,58262,01430,77371,58201,66197,02253,26108,68300,16102,73206,18067,58230,51344,17330,48087,27389,25433,86159,77473,60265,60670,02473,19146,66065,02471,73237,55005,09199,19191,42335,44074,37174,58016,17068,21121,57763,70037,24553,27083,51542,49237,38421,77311,77432,70415,02405,21142,60446,76156,36120,59230,06067,2B328,19289,76025,76594,48005,60022,76333,80020,08155,35180,27671,18153,02616,24420,54505,21260,68018,38314,21392,66028,12207,33358,63106,14200,35069,63460,76724,11070,27100,34037,64538,62886,11386,17410,08482,38191,35163,52492,51317,86112,53272,63160,55132,23209,48178,12237,21225,60210,51468,17035,36242,39308,64394,15088,33489,86174,68271,06105,50453,76407,39241,14675,39431,80413,71096,64263,22179,56147,70210,55345,11324,32376,78289,67232,26111,30054,33231,72129,21475,54288,57059,25538,27458,62552,43153,39068,68335,24174,77195,71322,60491,25233,07224,16392,07065,2B234,88142,39569,80069,95060,32069,17161,67345,07143,52431,51338,14563,66223,88089,31209,80390,32431,22131,57650,71152,88152,02378,27146,09270,54100,07166,49205,60669,63211,11208,52371,60545,82122,40056,80667,39567,52253,61346,17329,82016,11275,85097,28379,03037,09340,53273,2A272,59149,49057,66176,89417,64129,28286,07010,14595,44087,16231,57474,07172,32088,04110,63407,84054,16185,60364,47200,13215,80670,39096,45084,63280,24507,80375,34265,43258,50117,09250,38060,45037,60664,60073,74253,77337,82082,48013,79162,11353,38212,83116,76599,21333,03233,55129,54415,85157,22047,14492,27313,31138,62165,54097,2B161,50481,62602,47183,15002,17254,88166,22046,67095,70055,10225,66061,14205,02339,87029,46231,68364,11218,42183,73202,46244,53136,40289,71081,35106,16360,76274,76416,28387,67497,29040,59313,09267,01015,85109,31256,67436,11333,69109,38156,80464,51268,85200,03134,69045,45100,08070,17205,80347,57486,65422,76262,10172,95177,02218,81316,30183,59346,67544,45093,22044,14700,15020,39029,62558,14159,64247,76700,05163,25156,13038,60343,55001,37271,55368,69283,67492,55553,33342,60623,21131,2A091,64395,21393,78567,71315,10122,27437,58052,21172,63411,40211,39565,24511,59117,21699,60034,55506,74282,81055,27435,43173,33362,26333,09162,41042,62059,80617,27674,39456,11219,21563,59504,09211,86110,09170,77323,75104,86204,72291,77456,60572,71264,32065,03225,14077,26119,17023,30036,17095,41187,88014,53259,46083,11141,37196,23078,62688,11336,06129,55551,64421,54216,02315,43249,46130,34236,11286,80339,42275,78344,88425,25157,48157,30286,2B332,33425,01436,71380,89459,21015,70476,38368,79055,32223,30272,50055,79154,88185,74005,89431,13010,44210,17473,66134,74012,74313,15260,86279,76249,76269,11017,50349,62057,16184,52250,04063,32195,60244,77130,65326,21444,43108,01450,50514,71540,70004,67220,38474,61411,56132,29011,31253,08016,55397,82030,45054,27643,80716,15245,61339,42063,97311,70198,60063,10130,40309,09085,02586,91345,18072,2A279,71071,63201,25451,83127,53177,38041,50192,51247,79313,69201,83082,50422,72064,34259,55355,13093,33180,88167,62862,14436,25406,02023,88514,77475,77188,18186,97203,24151,57319,44032,16330,63015,57118,59406,91098,30072,74264,14086,31587,18271,31570,55177,71107,89091,57073,40250,37281,02212,27544,08349,67040,19064,77297,68188,70148,44083,51304,90037,77363,44068,58088,25387,45097,30305,83150,51186,54462,59044,81257,80337,85058,73213,10046,41152,18089,46078,03026,08149,12147,04209,38269,24114,67011,01240,65164,58133,60560,50540,35076,36170,02417,85163,08183,55383,81149,58213,65135,57040,17067,14063,63469,61451,88154,10157,39001,72133,54037,72022,70523,09320,19203,02422,12235,33133,51234,51363,45159,83008,05133,16014,76046,17016,33347,08335,06095,25477,10290,25151,45020,31585,2A326,55316,50108,53262,67142,89477,29106,06130,26347,59501,89485,76432,68057,07144,77336,55032,89217,56041,03010,61061,88026,60214,24584,17126,26161,17212,51417,59057,21118,68290,85108,77454,03050,27322,60237,2A071,47084,89371,70437,76091,38452,02268,02647,36029,07199,21627,88383,15111,33426,65368,14542,47037,55332,17469,2A018,19257,13113,57076,18074,76491,88460,78688,17365,57256,79163,30117,42051,41277,26084,59155,88039,37002,34030,97612,16233,76237,51316,72068,37270,24110,33145,41297,88446,62260,37080,21024,07341,14092,02276,19287,68193,70431,70440,27408,77269,36210,46059,80025,70140,67474,36063,32012,11156,62821,10340,43194,77326,39334,03097,29162,36142,27427,10289,31106,64047,02338,72178,05157,09311,14090,2A360,84145,64199,17436,11185,40196,61344,32064,71184,74088,14020,36160,59419,25290,73223,10171,45203,68291,68205,70115,08080,77400,04035,43263,62268,16128,21586,50292,31415,39370,07210,60660,74137,06157,61040,58273,21642,17278,51006,44190,18197,64550,67447,28215,58140,71339,62525,25159,61211,16111,10188,02443,77339,39031,19226,58112,65382,85026,59616,19160,29065,41281,76494,65377,25332,57574,88029,08353,68142,16243,26229,60516,35102,71266,24445,86130,49311,43234,43127,12297,25385,63468,88360,80275,03090,07025,17474,60468,58229,28116,85049,85221,60299,25439,34020,45245,27317,10061,62689,47050,10059,14303,14692,14610,2B096,38020,70215,19027,38205,76188,23128,12048,27191,51288,89270,74234,02136,31174,69006,61292,86198,22132,39519,52479,21669,76391,54536,76291,21231,02182,67153,62116,21701,32170,30136,03224,19061,62520,31040,41108,33462,46323,48074,77157,73005,71501,59628,46222,63102,39448,81267,45248,51278,10425,56230,02229,57672,95241,80182,26114,66113,80602,21435,80042,77511,57310,05048,08078,10356,68113,43120,70135,57706,33063,70336,60328,50174,81078,51629,07250,73271,26099,50188,02635,77241,76131,35218,63380,28275,53118,08319,63314,26042,78296,71371,76039,27678,44057,02138,2B177,02237,64088,14377,01152,33213,64522,73310,15032,62876,63241,57515,57125,06040,70124,22021,80110,32128,09115,41212,18254,28417,64496,91047,37203,12177,60579,94079,25110,16023,58280,61433,65214,62021,70114,64318,42008,88510,83030,43119,82063,42223,04043,45035,16093,69272,44089,34057,76185,26272,88326,56108,89408,27611,10420,91560,42179,62013,74097,95055,24322,72060,08103,27539,63354,77192,62303,55115,38115,86064,76710,60104,80068,57582,89286,76033,22004,41279,68096,02248,62109,63296,26037,14207,07336,77153,31031,85206,26046,18233,80585,44055,62760,65328,06118,56048,41053,61418,61099,71445,10315,12252,45301,49068,68313,67058,77194,46237,14724,32274,25286,71098,44033,64493,14037,31411,10009,29026,33268,42071,27082,62385,95170,59147,57683,32318,21672,38564,27372,80392,14709,07230,08438,42026,78158,38311,77081,54487,78440,25438,15215,14184,25115,57543,07041,27136,16409,64265,22326,34160,02489,46143,26050,62779,89099,31426,21438,24042,40249,39198,55070,67470,02438,30047,64269,04192,02404,62614,88527,53076,59548,59589,84021,80094,27329,07289,43231,69180,65367,19004,70529,46207,60166,27662,57217,68196,12209,57449,79139,54327,56247,64408,03312,41102,58101,16280,76406,32360,77340,62847,46232,07115,33146,86229,56196,33327,60652,87146,26214,89433,45161,64007,72205,31242,81232,21334,43178,60276,02641,08389,51577,29069,29006,31529,17074,17455,26369,24419,02573,54516,22011,02204,21038,58277,52536,79253,66069,38356,23174,76340,84011,38542,59615,59652,97306,65277,03297,08293,48059,79320,08393,53150,18160,68153,30166,31104,52377,45050,07140,80518,64256,39027,18080,27288,65323,21400,41241,81067,21550,11429,02786,54444,39582,02584,89123,16272,45059,46199,08222,19254,08123,03288,70090,94056,95210,35169,47144,11075,23195,02753,11076,31428,04019,72023,11120,88113,56091,23019,54003,02833,60400,40119,71159,89007,63066,30249,28106,62074,61413,63203,53021,86236,97361,01019,39038,94077,62845,11410,32359,17214,77025,14435,81291,15034,51530,88341,02133,59669,80250,62411,87155,26226,54337,11260,87117,31267,67279,70411,78616,31095,21460,45255,57304,43044,30120,60326,57148,89158,54479,62589,69042,01140,27090,08011,05090,54373,39167,62582,97234,62566,64232,26025,47271,26256,09092,57626,39047,91318,16138,57021,40295,74054,16298,52366,33115,24421,31531,55364,52170,89486,51399,18118,52490,72004,50628,31329,57181,22312,31399,76051,14498,48082,13119,79174,02575,32193,30223,24091,56259,91249,95369,87101,77125,76161,60375,05014,03120,2B229,89251,76595,60324,76464,54539,68209,60389,40108,37282,80338,64004,01449,01054,49030,29145,60231,53237,25120,25383,02483,38131,64473,06010,07121,97224,81219,25334,88487,83089,68081,43215,90052,30237,59493,05162,38243,65440,14038,67416,64130,54191,51650,33380,64042,49182,30009,64323,51422,39526,51225,04210,02007,55171,87039,25255,85237,03017,53107,08420,81318,38064,26171,29199,67136,59327,33237,78569,29172,89136,01381,13030,03151,18169,88328,19023,07216,48072,89420,67389,50185,70490,57642,38052,62896,54560,21065,10201,68071,30060,21452,80049,69265,30194,33055,71323,28234,59524,14454,13084,56152,65204,44051,21410,54368,74202,43175,02373,52002,87128,02222,22372,26072,65453,36175,89079,10190,01234,31032,09023,66011,55458,91286,55501,53266,34304,58310,38503,86281,05003,79031,80597,09246,07326,92020,12256,34094,59511,2A276,36019,95625,45247,87151,59642,03291,82109,27115,30188,45073,39268,49010,24257,76410,73171,17030,04234,39281,51112,21210,71586,57356,54093,63308,86096,11172,31379,02535,25265,91067,88009,65017,77073,62785,65216,67023,68179,73225,2B105,87019,11312,07109,59276,25431,21263,16365,47190,07261,80674,50302,11108,16244,70558,54353,71046,01075,38376,03159,34262,35312,57462,57239,51354,68293,10165,54163,40272,74075,77530,24080,67248,11435,19007,37214,07319,32156,78537,34118,25052,31023,07278,62543,23006,69119,02518,63061,08189,58264,13002,45265,78484,31015,21138,09237,34186,64327,38008,27196,24575,04129,09157,63263,89424,64064,64242,18113,10332,43130,58121,21169,38100,04135,28086,11179,82179,78366,32062,25432,33052,73065,21561,51039,23155,11098,10159,37242,62777,58284,33128,49266,42267,04133,54023,16124,79160,21713,70041,45080,77242,59084,17431,69037,16064,77115,68139,41105,65011,39343,24544,33172,62027,25311,27621,16302,29128,75106,60549,89373,13004,76587,82135,03307,79109,34215,41025,24266,63427,51426,70032,08380,36104,38415,25298,62600,57584,77291,37025,38403,40194,26335,01311,76476,62434,64012,40088,68161,10007,53141,78571,56067,36213,76144,31409,21683,52136,64022,44014,60651,69156,12284,74178,80714,44156,64420,63467,48089,62005,39156,76092,49048,50420,74158,02070,22390,61301,63057,51611,09160,57158,59119,50028,35018,88024,2B290,70444,12035,85074,29277,60451,35192,12077,32198,25391,63252,56203,70436,17337,30255,78321,70242,69189,02721,64446,09227,05142,57275,40253,2A129,37059,45070,66228,80783,01021,55464,15200,78410,05066,37204,62118,79114,29018,81084,51562,35160,44110,54211,44075,30206,66187,21319,69276,24300,38136,02547,85265,60337,06005,80089,18084,23108,21579,34164,27508,14221,27382,33499,59222,21113,81147,22121,01014,71070,39510,70218,88261,49053,62567,17113,23248,57485,14486,54208,60676,02496,65072,56028,54543,42086,03107,14402,83074,64460,64264,03306,27209,41151,14502,76551,02556,05029,76664,57524,86114,55009,60626,70016,81275,82158,71196,31318,38050,17373,29246,71134,63250,38189,86052,71033,72018,39318,71481,50341,46095,62627,33275,57063,01259,18163,62376,26061,34309,02526,71353,49272,55321,21173,62839,62462,19266,71277,33079,71215,60368,39540,52033,37022,46027,38109,57392,77446,23132,33039,16273,62390,58008,54376,83120,27404,53130,64544,95253,32178,46256,17139,39539,32247,55331,49345,64276,08415,68185,76067,57407,36234,07227,57507,72035,14161,57010,59633,71099,51469,46015,60233,57012,24329,69243,32428,77254,42229,83100,14182,53223,87084,31249,51642,39056,86262,45015,01006,76146,25630,60422,30264,35118,62157,06114,17162,53229,51516,36075,64208,16054,67319,42137,79349,02657,31237,72323,32059,65080,59157,52442,17299,55448,49193,73212,51116,64459,93070,83017,39050,39529,25456,80835,28164,85266,2B292,71042,42148,11178,08207,76580,76615,62444,08060,22378,81231,60062,67178,62300,51127,2A336,28217,10055,11372,68257,73258,69204,55310,31573,77217,31085,14126,64279,33121,2B134,59467,25174,88513,21570,07005,61015,54507,39352,05060,01345,91105,15212,23226,35354,57375,33099,08358,18104,10187,65215,40068,64461,63375,69026,88347,68304,02183,2B165,59268,14354,71513,39486,37151,50205,65269,15259,04130,14659,76279,64128,54524,81042,22157,84096,11431,10303,04041,58184,67276,32037,81307,51536,78346,70326,05172,37094,14256,54577,24341,84027,35235,88101,78443,89474,01098,07292,68065,81163,76636,71557,33173,37051,62274,62359,51213,58292,69016,10354,67322,52114,38204,73063,56228,21238,36061,14204,79049,54550,24428,76477,53048,38424,57084,45258,54160,03141,07162,70538,38031,02430,67254,30217,65153,13057,88135,40185,38148,09079,34198,01275,38440,25366,76685,54469,29166,27624,36196,24417,24061,10372,31370,86023,29198,12135,89253,85300,02673,11381,36134,39063,53155,32401,54570,25276,63072,04066,76013,47319,50099,17384,28325,40104,77513,56104,07323,14550,78104,88525,2B166,56227,89398,23014,72308,91685,80692,80723,45283,25239,17393,60416,71128,51648,64180,37232,11355,29095,46082,59424,55093,05102,44054,07126,76043,78143,55461,79115,39411,58028,32050,60344,27371,02116,43262,57567,68105,91659,84083,76572,62170,24352,2A011,03007,58304,07014,06143,04176,71317,55241,95641,53091,44207,21430,33194,25348,64447,37152,10443,52522,10199,43199,80023,45144,23005,42177,14637,36014,55301,02412,35032,26345,25619,11225,18199,53178,22261,69280,46321,71414,57112,60188,46201,21214,64235,2B335,83095,26116,24474,81105,46193,80718,67209,27332,77077,27418,60490,54066,11079,63259,26210,86221,67500,29122,62648,39407,25515,35123,24518,57183,80729,88394,33551,24562,83121,15202,89395,01366,09017,70163,88047,78020,86103,66052,27633,25238,57619,28168,65094,43143,60220,52398,08226,07084,31419,87165,43193,79302,57195,36086,39176,95183,16118,95459,59099,11377,31401,45336,02652,31189,43177,49271,91547,26223,61367,33030,25207,43125,76090,57371,37014,71358,60283,86119,32192,60185,27009,73117,08073,61308,95445,69067,56260,09188,62181,60406,41090,81021,31443,33027,77203,71397,31167,12025,24101,17416,81293,07047,51165,27495,63007,31584,68216,02590,36036,40311,76403,42006,59191,78497,84004,18078,39046,30142,24228,39246,39114,26067,57629,40064,25519,70257,59581,18094,86252,24189,76632,04102,40142,46312,46125,80512,25009,68152,14601,33363,31432,76508,65457,82145,54452,43017,35088,27259,80112,54546,31475,26074,25503,43114,01331,16400,07068,11163,54480,56004,14510,70308,25365,21406,05166,76083,33264,64334,54477,59266,42193,88286,78559,47017,17033,63367,37276,59193,44085,06121,79184,04158,05126,29244,40178,14677,23028,61376,11244,60140,57700,35271,47148,78192,81221,50105,34290,70194,30146,42104,91679,10202,31034,62225,45273,59345,42135,04047,30281,59231,31276,89060,62443,21588,70489,08166,08225,77063,02201,77135,71069,08409,07015,26318,28378,46313,87040,60057,16375,30240,26373,51507,15174,61234,50097,39084,80640,56198,45182,57070,88030,19095,67480,47209,65022,45280,03031,11424,26362,35055,81167,74215,70454,53110,04061,17346,24422,62590,51315,50161,64501,60149,68208,31395,62522,64170,82143,87159,79136,30026,67526,77288,33160,57180,90041,33429,28283,37275,62344,72010,81305,60533,16382,58065,33189,64464,02122,28411,08295,65096,76483,77113,52312,14762,33223,67370,05031,38166,44001,72359,85277,37004,02760,64284,27135,89100,60359,60462,88093,26209,10220,52337,91648,62176,50536,39472,71140,01155,78650,90098,21176,25273,70272,31135,54350,42037,52426,66013,25129,21145,42088,01370,08035,07342,47094,59254,50379,50126,01379,10062,72086,03127,67145,17053,49192,31303,63265,08362,03283,91525,62551,33179,50617,86148,34173,85132,51639,50588,59037,29081,32310,51224,90018,68111,67247,06158,85062,70021,03160,29191,97608,81096,12288,60438,55165,86045,53153,35117,50641,11041,68345,44166,97410,59577,51526,88478,22375,09256,88203,44201,14555,62090,22184,67493,77394,14061,77071,89407,02295,37030,05100,63020,65472,34272,51052,88025,97211,71108,09121,2B079,54248,95120,70405,62182,62656,12265,80479,2A288,08378,25208,89352,43202,58202,62608,08276,18016,24200,08410,54193,01238,63431,70435,50613,76455,97603,50027,78138,29056,92002,79191,10408,2A100,70548,36091,62041,62415,56163,46124,76109,62491,64090,32021,57436,77284,03200,57414,32214,24128,65420,26275,27629,10345,34075,34174,27194,10193,15055,77384,68087,16307,27358,21249,77416,03201,91226,53245,2A196,21382,21493,44200,40161,21190,81054,56013,02711,62140,33201,64122,80204,31148,10110,28034,38547,54184,12169,38056,91434,67535,68228,81192,71296,90044,30029,10064,68132,42319,72139,26189,47088,27054,2B286,21622,65064,31304,19221,80590,67043,49082,76536,32389,34061,11126,86058,34113,60547,11157,55237,31185,14320,32242,86136,78398,12233,36224,25590,41209,71483,57611,67012,49218,24121,30345,11374,08245,31243,28341,27173,32388,45152,55370,27489,54381,61404,65032,61012,22134,33020,81152,68227,31012,76382,59131,2B180,23004,42034,02775,67124,27561,46247,62702,73092,57288,54021,57103,33191,94068,46139,31054,88023,53157,77380,02040,88162,43077,54535,33437,14446,80746,70278,59483,26315,69207,43039,39230,39523,33126,57538,54272,82080,70549,27411,77398,39284,02614,60372,77114,70357,34243,57552,73147,57443,79311,36077,47202,55429,21241,42021,21055,23050,35167,31175,57665,89219,76507,54578,28324,77251,86245,38219,38402,13105,76121,60509,69104,76562,52007,76626,51361,80544,59393,33187,76002,79164,57757,10362,86214,82108,05099,73242,85172,33048,07067,21237,85120,44149,54278,64296,21425,70371,43069,80502,86207,18145,2A027,24304,91552,60586,30204,45056,14023,26185,78615,88307,38248,32287,32227,07220,54592,25629,42151,52017,56258,37049,21506,25153,62861,89061,64186,33335,24224,43204,59520,2B030,21311,53066,59370,88043,87113,32121,76163,87096,57492,06001,39477,28398,17458,31233,29087,95304,80185,67361,21245,27290,77320,28053,40154,63123,70269,33257,62837,33226,63381,43159,81027,54340,46178,58303,25526,17331,70580,67152,69275,88250,70501,57100,41218,28195,35333,09108,44222,83140,13207,02266,03157,24367,40197,72134,2B252,03054,56134,32383,64045,71123,46226,89384,50353,51617,71547,29003,79076,68266,45177,59391,40123,41211,38418,83051,03211,02783,16189,59630,25447,50172,64483,92014,14529,55018,08145,38185,02334,54439,60474,64120,38153,63261,67250,36188,59451,40245,59464,71193,55421,50279,64478,88438,55282,51139,60135,62803,01211,21159,39133,76492,62703,61372,60013,17275,48192,62641,49217,16056,62554,01050,66154,62800,61024,13092,21497,57110,35187,64533,39093,65350,16258,74180,67037,52547,17422,57386,64077,37191,08089,10189,49163,86217,42266,02661,95287,14338,87094,48046,32120,45279,01328,68249,60105,70012,37041,25455,91069,52159,56216,01105,38352,10319,26231,74122,86007,34306,59127,47244,70306,34242,65366,37241,77396,80776,59003,02388,88418,65362,76346,90071,76509,59600,31462,55047,58252,76484,02096,05167,27388,27686,87017,17339,23236,88275,14211,77500,65439,52131,02699,61087,37048,71017,82077,10014,71473,25008,76045,45188,80096,42079,54279,15178,60426,89265,62026,2B097,10254,34059,08217,63405,70396,63136,93074,67090,59431,69381,66159,14299,36064,95392,21409,30169,60566,28308,57055,80008,37065,49086,23009,07263,69068,36081,72273,12202,37277,55401,07089,15043,67079,33003,34108,32326,30150,35175,31408,39077,76719,11309,21617,34204,75120,62265,02785,60410,25539,43012,60031,60510,02588,88106,65308,72188,71150,02510,54070,53012,52075,55508,70524,17277,10045,68243,03155,38282,36129,27618,64371,85269,05171,88448,65314,72073,66136,11234,33098,54430,61108,71478,54245,79295,30005,28329,80366,18246,77286,32248,26039,67538,64204,10341,83063,60222,77119,80425,19123,27207,38481,27429,22037,15206,48165,65033,12148,76130,67384,44047,34341,50230,41045,25221,10353,52386,38037,65005,09165,71195,73284,77316,44108,71343,58300,25026,57397,56171,26204,72130,19145,65358,71031,88278,80157,37238,71496,68362,76544,33182,01082,62517,80180,17025,06019,50263,78057,51210,62105,21596,60120,10350,54074,42025,21674,17386,34269,71173,01260,88168,70341,80737,78391,32307,71314,49055,13091,87141,02258,22229,59602,30052,64462,95584,50178,17413,84088,68256,62155,66218,27541,41126,12226,17236,72020,24405,32426,2A066,61041,22239,39434,37085,42127,80109,29124,74050,07309,01344,54425,10432,67017,53139,01225,59046,82120,10226,89022,02280,60675,46072,14533,66101,31398,64392,15180,06090,16034,31548,39263,32378,94076,45102,17122,54561,66060,71206,04214,27592,70047,14220,29211,35273,01403,31327,2B193,19241,21100,09277,58177,33218,07330,04151,38566,50371,57129,63404,88096,46301,21678,77280,46151,58281,73278,85254,75116,69072,71400,77429,31517,2B171,48070,80066,23026,68120,42162,36205,65393,16007,10286,62270,83130,12068,09327,38423,51019,02701,2B287,25323,08461,63267,12211,72173,62673,03095,33434,71112,57350,72380,32340,72256,24288,34018,65121,73027,27108,08146,08052,25322,10396,17274,27282,19215,2B175,28294,17038,47283,88470,60261,27379,10373,21471,64150,72309,87035,56079,10321,09026,17165,71068,76386,01084,62275,25617,86066,26023,32322,70305,33252,19060,60339,70196,80264,51094,65075,54274,94046,71038,36243,80820,24195,64039,64091,76529,49121,01384,68361,47225,94002,09341,38362,21201,88352,63202,71210,97217,88340,31081,07343,54062,04023,18062,62535,14494,81017,08412,01061,73139,70321,31340,27376,67300,31037,60076,21574,21481,57454,28355,40084,45254,38496,46064,62113,08284,31259,19149,21526,08312,95370,50159,30165,64106,51503,62685,51263,59582,66158,11307,17071,37245,27123,11426,42310,93063,41171,41161,37255,27341,51364,50006,12053,33141,14457,11379,83097,54547,27438,65444,79100,91200,77328,04186,86075,51476,89374,02743,10041,83137,55453,70042,32380,59414,60036,70420,47217,68017,63347,68218,35148,39338,02191,02820,03266,89262,16387,60542,15132,34299,58309,53116,32244,2A203,57221,65270,76136,57182,24059,65292,62456,89264,36038,50262,85010,33236,54411,30274,24397,07130,62547,88048,41124,22334,43128,25350,36237,31153,32436,24237,47102,02445,10113,62750,80750,53043,81215,17026,79003,40008,88403,73068,45231,80261,14044,41069,51365,40095,89467,09242,76219,13108,67555,88147,25246,70109,49090,21129,27665,31103,54334,31476,26364,17110,31552,27010,46070,45001,60658,78501,08413,50621,14165,12253,59304,72074,84091,62781,16401,67118,76523,02703,49331,16170,52070,43180,38046,12243,39277,33490,44115,33156,76360,35190,85202,57742,40131,17195,47014,14661,59203,50221,34136,2A345,33256,17052,55015,17232,64009,76666,41181,76226,53236,65390,02126,77056,88485,25270,63438,41003,61257,37125,60074,35361,42022,02214,12276,18193,30311,86298,41278,25445,61105,17471,59450,33157,59165,56158,12197,57337,47111,38225,27001,23172,71262,06027,69125,50468,02011,23110,47240,78640,42182,14089,32096,51571,54220,31113,87161,51308,02724,31208,12002,85087,86180,73123,61342,61485,25074,30315,35265,68080,65077,42141,60132,76653,27327,82021,28336,02617,41145,25589,38267,43200,61159,06162,35130,80265,76143,80565,67217,63170,76085,33415,54473,27564,12136,14593,64457,65392,24541,58269,39364,27390,25579,26322,14162,80828,54296,33391,82121,67122,59091,40204,31308,24100,64376,24106,28070,38076,70274,31066,45282,22031,28257,52137,80188,47080,27342,88229,31080,57727,79074,88480,50088,62080,34125,77083,76178,11117,27043,13049,23106,42067,45312,31444,51504,12238,78163,21428,14045,41087,32379,01016,24409,29275,10259,04195,30259,80073,48038,70144,43139,80526,50360,02326,07163,61156,33440,79116,37019,67033,02513,80235,52193,54017,54429,47130,57457,87091,54456,57056,89263,89386,60129,25482,74006,67256,08237,50276,63189,63307,51177,83056,42066,09060,90059,55428,32346,59477,77483,29104,89338,30167,60645,62460,39182,58090,61443,51190,16206,65059,76413,57247,85054,50362,26295,50095,78520,12144,51130,45031,63470,41296,46050,77032,61069,08074,79258,53199,45116,87021,89284,59598,90035,2B010,52422,49355,84077,08307,40177,30067,13024,89311,27275,60517,06023,10251,10002,38173,68037,32174,15191,38049,72239,15258,64261,11343,58020,50584,33331,58068,15182,21523,29300,28316,85161,49201,03285,01400,70492,38558,38413,21381,55586,31360,31280,82105,33438,74123,67499,27476,10249,51030,89363,51283,68138,17089,76021,50327,86296,25001,88379,47009,78481,76397,54509,31317,47041,39220,09235,30261,14286,77002,51175,42306,14312,27386,55325,02649,86008,89419,52133,27650,40218,83101,18013,58306,83035,55228,40158,69194,01141,56185,54277,63025,51546,36042,29078,68278,39485,70373,85119,35295,70563,67180,69046,60174,30257,79354,52363,78367,12047,44109,30221,89244,78464,42047,24246,45030,69164,21695,92022,71485,27141,41250,82110,08268,10239,62905,01067,74073,39399,80402,64205,24274,74257,27248,23060,54310,73328,51185,08088,25557,86009,88267,70160,08478,40188,84001,44013,36159,50431,10003,62033,39377,88158,41101,40290,77086,48108,11054,12006,17427,51128,78118,63143,57134,60697,50317,62857,16060,64198,62276,57357,38260,66071,22118,38120,24323,74254,50102,40273,59559,60643,22345,14333,66164,09342,84007,29010,61162,39314,67084,18019,59531,21123,2B188,69256,41116,72320,02714,34238,76022,24328,11024,84069,11232,80593,83125,38135,03045,33367,28366,42147,58147,22226,61089,74193,97616,17028,52118,84047,32411,59255,24549,14445,41143,54006,68366,29226,77342,34151,71408,61107,51643,51584,17426,55573,49140,40159,32457,71043,02629,62825,88164,21018,60489,40092,17406,01159,03051,91294,47093,37047,02312,62510,62887,17060,54284,15050,80231,57107,11113,54333,54399,71269,16363,07050,04069,04106,2B244,44037,32453,66092,52231,27124,80086,52066,71279,33080,39504,76106,32343,79268,91099,54369,57391,54400,67253,03293,25390,65257,77307,12262,45229,80758,51321,34072,03158,10250,73315,14365,82178,03182,84081,55269,87085,52487,11188,71336,42016,37207,55292,32103,27005,57214,45125,31341,40027,30114,02017,63069,40225,55571,64456,21531,43195,23216,29031,42338,79167,53121,58274,63140,25614,88471,80825,34239,57144,61203,21352,62017,70448,24359,19097,69244,27401,18202,73076,83123,2B073,52196,10114,73124,27216,77019,78237,52374,89128,58031,81030,70575,47097,59447,21105,21659,85064,65432,89308,52428,12036,33026,30082,31064,28045,55027,27571,81131,51565,60519,31481,80736,28149,16186,02008,71257,50305,41287,37088,10137,62035,87003,61092,62342,34187,68024,40057,89234,74102,89043,70097,26141,14737,76216,89236,76621,57328,21557,76419,07146,42142,62185,62591,85114,08084,01402,50281,89480,89108,56153,25125,60642,57305,15233,02549,69142,80450,72195,59195,54443,11110,61120,22105,38085,39283,28107,90001,49017,42282,89179,67368,16069,26234,02742,60241,11190,25190,45212,50405,11067,65340,26241,09122,71514,80013,91654,39492,02178,70505,25236,59132,47134,73257,77001,68135,71424,97227,71014,63333,72232,57655,86261,55311,07106,24226,2B082,50550,54196,24139,18231,01266,14345,31124,76107,21369,63283,33075,81214,02293,59217,62770,09326,35155,64286,89291,87110,28027,71202,26142,78133,70067,76697,22139,78431,64316,16403,02291,71449,59584,2A032,89151,64378,06064,52092,31179,84098,77219,91027,46268,39439,71102,61297,32302,31102,08350,40200,83144,32038,32066,70243,62439,88388,76079,64162,62228,55329,11214,73317,2B314,25044,76461,78498,17367,77418,50168,58057,38504,03072,92023,74013,68343,55008,97206,27280,24414,90072,05068,90042,47117,43086,25528,45069,42045,39187,65450,44070,77465,34297,89194,08188,92062,60688,03246,88059,46243,39570,88027,55031,02241,12162,62624,50310,17355,69294,24060,66142,71186,67085,59331,63216,80393,87018,25171,65230,38455,71471,59454,35238,30145,84039,21192,58249,57579,69387,38389,61366,68363,30111,79249,50236,15156,2B055,02366,57686,45243,31063,26043,32163,51448,52550,30011,21620,22384,30208,37069,34109,03112,47300,76356,57403,17117,64234,57616,08421,52264,50345,64210,63030,22216,32440,87139,61018,76426,53013,04182,34258,57047,31406,83072,62484,44096,80271,01027,14571,76283,31547,59457,07102,56010,63210,19281,57153,71567,78107,69034,17288,24357,07112,17215,04205,64111,87112,29179,27530,02665,07204,47275,28158,73312,83077,71168,76245,67304,93066,81166,2B122,76677,80388,13087,14083,62416,66209,08422,43137,39175,02278,81311,01397,11239,55251,23186,57431,17398,25093,38359,39298,86113,07253,66100,54247,26320,10148,01093,02690,32207,21045,71076,27366,81289,25019,54238,87068,11373,43092,48020,72250,32196,31334,95633,63175,88032,82149,88486,25602,2B338,52507,63076,64521,35198,61422,56054,46319,60541,01189,2B273,63425,46102,44197,19104,71075,57353,79159,74068,68224,60291,02186,44065,71461,14469,60535,89272,02089,62286,40283,59238,91458,76312,68231,86164,24482,73040,41006,71243,61151,47061,13055,33345,55127,86273,08056,12133,01358,33118,51403,17077,39547,09230,23003,55580,50218,46107,28061,25116,40013,07076,02033,65182,18100,15080,61397,21084,54159,66106,76423,76577,48124,62242,43093,10271,11297,11421,25546,25376,81186,49054,39331,09150,18038,74055,37129,47219,08082,22208,21455,03294,37045,64414,41020,31566,88028,32048,38151,26129,58294,51033,63454,76335,04008,59179,37074,89232,07064,57463,42202,67519,87154,76329,40135,54226,63418,53030,76619,60341,74128,67298,45323,15230,53201,60012,80643,42087,78389,59012,25542,14421,74203,24179,79145,17022,43068,37222,01401,26057,61375,45058,21354,50031,76505,40255,38287,02256,49328,54343,45046,73100,26049,52494,65317,36115,12137,55248,95250,40321,21133,50050,23018,39190,02181,51587,66114,15127,31591,60315,59385,38396,06116,68077,02375,69239,77003,10274,21639,70081,39209,2B172,80637,39142,57625,05085,66102,59452,08239,52230,10125,57163,19265,25580,56063,59166,88007,82038,57242,30303,74103,56089,44178,32106,18057,47185,17438,55389,21154,63122,61064,68333,87134,58159,71299,57146,88209,31269,67150,81245,78120,08135,69389,79263,32033,46045,27546,63328,07196,67203,17266,63041,33068,71092,71110,62714,91184,22194,14726,33498,22199,64112,46016,01208,60520,17465,48050,91589,73013,46186,32116,23170,11342,70119,01235,60456,60635,14214,09117,07294,64477,37128,52106,78261,65315,38546,36176,70230,02595,52187,50433,17477,76111,80197,14590,57689,09015,21611,31430,09093,35257,11338,70288,95351,2A204,38375,68190,65212,41265,27690,51256,47057,17437,34317,18092,28108,22317,15170,28272,70205,32233,21278,25342,74007,81292,80131,39278,12024,92078,53134,51434,52291,80122,42262,01268,62730,72377,78125,61160,09053,64391,30071,01353,54209,63251,21361,25182,42010,72156,78325,11030,70363,17059,62058,30010,49023,14403,36027,76501,80709,72253,24548,80439,01346,51197,29184,51380,21204,63150,17320,11414,76454,58007,26332,77058,09283,74085,33540,79195,89161,50616,39090,80671,56161,97613,31086,17206,2A215,46101,26134,51204,55408,70164,62529,67408,90023,62860,12139,40053,09222,44216,17485,03269,40162,88364,53031,63391,52211,62481,05051,50592,33175,45072,38055,91494,35030,33390,43221,71544,15021,51490,26093,09059,72234,02681,25441,80332,59506,05082,10120,23160,32108,2A103,47033,31119,52219,24580,19126,09131,58211,24494,22193,27164,02030,54574,12193,51528,72049,25545,73318,76306,70176,54455,71442,68040,67240,69082,12188,76159,08404,66116,57513,63162,27616,32234,61427,85104,16067,14620,68301,71401,97357,51351,88458,73011,33285,64331,21357,25437,14131,66005,60170,53203,07318,76506,38360,76662,22350,65167,17287,67143,11010,70078,85056,43059,02333,14118,43259,40033,44208,25138,67476,27529,67252,41013,54116,14369,18111,77013,95422,64119,59614,47273,60342,11121,79094,14103,11057,03001,40284,74314,57267,23250,33494,18063,47081,85248,37124,54219,18280,55523,57155,11243,02243,25565,64351,89370,59401,18158,57269,17115,03164,89218,50382,80790,30096,62124,65341,97302,21449,11346,74221,81148,60289,44153,34318,46293,35204,57282,79034,01207,63152,88219,66002,46126,39436,25460,71518,91538,77004,09181,57151,74018,95438,29005,72105,07008,55065,39094,55053,11147,61202,22097,80315,77477,42201,65467,50507,85287,70527,21554,64066,66169,65410,18086,16210,26336,23168,51010,90076,04237,54134,33287,44206,36143,58145,82096,39479,72202,65207,37176,89365,14589,87143,67013,05080,31149,19236,33439,42336,69229,18277,01236,23093,80084,02137,65084,65416,21108,71062,62514,03047,57216,17280,10213,32432,02064,76295,65245,21625,56208,21217,80701,38112,60687,37189,70092,12190,27118,79229,67126,65185,57482,52367,86176,82172,21500,89023,80239,57746,09003,80449,52525,60383,80004,23177,63121,56051,59590,74146,04201,67044,17379,79165,07139,63209,11419,72084,41208,76353,2B347,52331,39425,78299,24097,02519,06076,36011,36191,76733,57114,25594,88309,88181,34126,01338,08377,09076,77256,71059,34281,19076,10378,54591,52315,2A181,25288,21587,02654,42283,89113,39015,35114,60503,06030,11375,31226,16347,53053,86142,63054,33386,29232,38035,90064,74009,50195,55245,43227,13047,11129,67438,47137,15104,69139,06036,33136,24186,89399,61295,10264,78548,26015,55435,81140,67071,62375,88225,70485,80789,36085,16001,21541,08098,59294,2A090,07033,08489,52015,85155,51106,31450,72175,57207,65141,78242,80485,64474,67485,31471,89115,42099,55493,52223,08097,55339,63187,35098,86032,68055,17354,31439,62530,85240,51477,07039,51568,19213,79121,89210,19125,03137,87067,54587,69299,65131,80329,70128,59437,51267,77471,79278,01443,28231,15058,09035,30268,44071,24190,15205,07111,74315,65228,55140,97418,25061,46036,80824,11143,21389,64356,54132,76485,39168,02292,82103,25338,37163,58062,50569,39446,62799,28388,40296,2B137,14325,64507,80833,83040,77224,43135,63290,17356,40182,50087,80823,67307,76578,54488,57346,76440,59547,60505,76125,59490,80414,62475,71085,21536,54048,17372,21426,68222,17148,01130,41135,27049,51404,05007,59418,01389,03270,44175,56055,01318,61062,10192,29293,01282,46336,03030,74060,02822,55509,65054,50146,80501,95052,46337,40083,56195,46056,03205,55352,25020,31234,64548,11211,60476,25600,12125,32045,18196,17269,17457,59518,40128,46109,68029,51451,72029,11411,14401,46249,21446,15025,47221,16163,42301,80546,10223,39452,54308,28159,52087,61314,80775,45047,09276,02680,33106,13111,92060,67096,14723,87201,28110,50054,19079,55567,68172,82090,77338,45082,27351,50421,56094,88208,03014,22073,46211,27673,11132,36233,25506,80728,55420,19010,74255,71352,35052,21485,25130,40015,57467,68063,64074,21266,70569,51591,25635,80764,58233,02233,67367,21014,60594,54320,57622,45149,89021,45310,25405,51023,52469,43136,62023,88400,51372,29089,03276,60103,46035,40016,42084,42271,61500,79050,11274,74303,70429,10170,54401,76706,02112,76691,32143,16300,41153,29072,15017,38439,10255,2B313,48061,71438,89271,26162,24523,43115,43174,02047,83117,66042,11124,76332,78618,16177,23249,95270,65468,40018,41072,27070,76034,41167,39500,52319,53179,67116,34141,01212,05180,70526,55025,77238,70048,77505,59566,80571,77274,47143,70463,47040,62347,54533,30320,05116,36228,64171,59643,10442,25225,57738,02144,81320,68189,81250,57415,89196,54280,60613,62233,71306,57604,53058,17178,76640,07147,06125,02281,35133,35350,53137,54437,87008,33306,85141,43268,16109,55582,97609,06142,55496,60604,25400,70392,91553,24406,89361,19148,62773,80554,64084,67537,64560,61093,42059,01426,33388,14036,13016,97111,23173,25231,41214,67263,87057,57490,14705,23038,19150,32109,67487,16165,28054,25551,71355,90069,67097,64380,49211,39393,54176,30282,22074,27105,25479,02046,59291,42041,47317,86297,04116,27669,30093,45333,76446,31502,30098,42056,67155,61279,51119,21359,10267,95134,81038,70398,68140,67272,73246,38507,33513,08387,09172,54156,42253,80566,55156,63006,30140,80281,58285,22112,74293,35031,24028,36111,81150,03275,18032,16388,27089,14720,65199,30336,30158,51274,74294,10402,62459,85294,70561,89057,72271,10240,66195,31540,52344,47079,81310,60281,33472,27462,05008,47112,64057,14694,61206,50152,62900,35119,72078,50183,31028,71591,91079,80369,67504,18008,60143,10437,25204,37109,50019,19249,58086,32249,59051,14104,57226,27133,02799,56023,21127,57703,22381,12166,59124,34298,14609,27528,04167,21306,52523,16383,2A363,53084,77112,03217,21600,60338,52082,11095,86037,83152,50231,22391,56109,70571,13081,77024,03019,23046,80588,41014,71348,54054,59350,31272,92044,02128,47052,64475,51359,67481,46183,80530,58015,65142,36231,62355,87063,50539,27008,02166,25200,16176,30313,68150,51012,38523,44120,42166,51237,14015,59626,32086,60256,77295,50328,64409,81160,01107,73289,10243,11354,80500,64015,25435,70086,60165,71097,85216,63188,40106,60593,31198,26284,46213,40151,30322,21326,71171,14068,63449,67215,95298,37272,84078,47201,2B298,79201,71545,02361,23129,09279,52517,78171,86116,02779,59412,53018,70488,30089,08496,21703,60447,54150,79144,14621,30317,42103,16123,64096,27099,11267,04111,80220,01248,82009,60316,65346,61171,57416,51041,39006,85154,42210,66093,22236,21517,80411,59281,57235,17093,68325,26008,02462,34119,33195,52538,34006,49374,78551,81288,57501,25007,27680,17440,33013,01008,25504,83112,09083,03260,46282,54089,52147,67428,21042,27604,70532,11032,81132,27144,10101,31006,24470,55194,80577,72324,2B042,81041,60433,14225,12105,89031,30224,24567,55178,85099,43063,71568,21590,33294,80184,47024,32197,65473,18096,14495,81196,33364,58258,27360,54250,46085,63364,31201,21648,55522,59309,14603,60627,31328,57681,51170,62043,90012,68148,83011,22014,65031,65307,53132,02053,30088,17267,46020,14070,57189,72101,28422,74121,38124,24461,29079,95056,36088,63118,31366,64490,17327,67191,70517,21136,11116,33485,60023,34116,79236,65221,62306,25624,70130,01359,65401,88429,73252,60380,45210,68217,77147,63117,32452,73196,09299,76527,17235,07282,29180,07337,39265,08390,62257,30250,76123,31539,58123,62312,95676,27640,63332,24292,64487,18195,28171,07030,59026,33129,72204,84136,38221,27239,22224,31001,78565,44179,02316,08105,02060,57498,04156,66099,38490,28196,69036,02750,60358,85236,13206,79351,25316,05054,62425,15226,27451,51579,02612,95028,58119,67413,25343,55078,19189,32296,55528,60546,33165,76405,24465,51259,02626,14764,33272,27359,30350,39319,17223,68370,64221,21661,35225,54576,14033,78108,71405,35297,76753,33427,07182,52057,35311,01030,84037,55583,17418,38140,49194,81254,80601,07175,95353,11422,66211,62485,91691,10074,25567,23062,59409,2B033,29224,10282,17362,89414,10399,50407,68294,29222,68075,77532,80050,63360,83084,21578,61196,03259,65174,59413,14251,25274,67280,85088,27424,76366,10156,13075,17173,57352,18155,88493,07281,67452,63156,72360,71456,24481,62438,02226,38111,61102,42064,79316,02537,59198,71118,21478,21012,52269,09312,48019,07179,11253,97223,46168,70383,22211,90043,57081,85078,81240,64041,54198,33470,50370,95523,72244,64113,51148,28408,87077,84110,14497,27266,60537,33381,62720,65363,55387,25021,50610,71500,09040,69069,33137,21256,39076,24498,52475,09067,42215,33138,80047,45240,03231,63229,87097,22023,21373,32442,31534,55517,08439,72355,77210,14625,08354,2A331,86268,27663,55266,14488,25289,65172,12088,31036,77054,23058,16230,55434,28015,29245,28391,68050,61056,82053,38241,82141,81043,76311,43022,02522,51346,07082,53189,88215,12067,27162,77486,34203,34185,73283,07301,55270,39103,11123,38043,54482,27676,10134,39254,50411,15102,80767,88117,33228,21203,11189,72065,29227,14169,54552,31582,30256,65158,17268,39178,85125,25241,64288,40303,53195,27562,61121,11044,57675,55446,62782,35127,51200,26233,94078,24117,97415,55419,71027,73265,18224,17119,55073,71162,14119,80330,30080,66206,53255,35286,15081,80303,76355,66181,31309,15253,50070,2A132,38420,31114,25556,62309,64249,72226,37057,30122,08417,79290,74032,45293,02320,80426,81191,47321,01216,60657,74062,52097,12100,63396,60314,47133,65306,60169,56007,46264,62070,78147,50551,02643,78317,55557,05049,42297,13036,50474,91330,33197,63218,72375,64178,69024,22379,91115,80214,2B159,70133,40220,55180,50266,18058,47292,14016,33538,46307,61416,44171,58005,64528,34181,80531,40125,25222,08216,67340,34329,66104,76680,41128,70253,01422,76470,51320,18229,27044,81028,63390,08175,14399,37040,78043,30353,47293,31454,14753,15181,08432,66015,14482,83103,77141,54084,70521,22145,68157,40073,81011,81315,89397,54432,11440,52313,56050,62686,34244,35310,56074,43240,51284,91461,51176,71369,67283,37104,46197,40308,42308,80295,06045,29292,32468,63377,42273,62704,36067,14050,63325,22110,37253,80333,50619,54015,51118,24393,33214,85285,16003,32240,84049,01013,03074,63294,80189,85029,74224,24564,46024,02446,44007,81133,73215,67303,62436,32243,91661,43191,03003,34137,65325,86157,30297,17305,76694,42218,40143,80572,88308,69167,72346,95436,15248,71283,88151,69111,21337,71474,2B150,79341,54282,14224,64513,24311,63359,88169,04226,10246,32047,22170,14516,08330,32089,46218,41174,24568,21061,37086,2B152,44203,51258,10331,14674,62473,80702,29186,04030,56126,36040,33517,04227,08483,10179,27403,02167,01114,57711,91001,64379,61452,85297,32044,39307,57050,66059,53023,14168,76122,50258,48068,65311,74046,52369,72316,26145,59033,38353,22171,51049,10139,09328,51473,59007,39453,03092,45095,62429,30163,49021,67410,28081,57039,34294,11337,14473,38110,31479,01153,76186,33288,25117,76239,74279,03286,45227,21156,02466,05168,85077,75111,17300,38326,37082,22079,56135,64336,36074,08325,34214,58096,56046,46112,23061,51058,24489,36164,41047,33324,14060,59180,80010,77458,80193,89204,24502,76411,88476,56026,04155,27346,39391,43110,30334,76715,43011,02317,67205,42209,66219,21039,58216,31422,51092,2A324,68061,55133,55193,14391,35049,69205,28057,71350,60067,18191,67194,88452,86111,39344,85174,79241,51100,12066,77509,68337,70324,43239,50034,78442,32036,35026,44025,55072,76629,77492,08333,88424,47091,2B046,86055,64366,14014,56092,43102,88199,63378,37165,39443,62595,88176,22210,30179,85017,28252,30045,09303,12156,70518,77510,19077,17230,67542,36084,86004,13063,39218,86162,52155,32385,63455,89377,55174,34084,30280,72109,74169,35015,37123,68115,55061,16308,86065,72027,26254,48026,54558,33395,19201,2B354,37006,88156,46224,18161,88454,78033,33067,88455,14304,81175,33001,64023,52061,48117,12086,68086,80024,62621,16271,81120,71217,44015,45286,67472,53208,30355,21074,55054,21324,03067,62718,80765,84125,76165,65226,68125,60672,62706,14223,05009,52292,55554,17256,50190,87027,27498,32400,72009,17445,65370,81012,76586,32372,27591,64280,14586,27507,29230,69148,72322,14341,2A142,10395,46163,28048,33088,52091,01104,75117,65013,26357,66207,18028,66053,38487,70275,07078,48100,52484,73313,51151,33247,55341,43095,46176,29155,46223,46277,09038,47165,67192,45049,41147,63171,51512,19109,23131,70171,28132,72067,62502,25261,02318,31128,69253,56170,65089,52341,76542,08418,25544,52107,25142,69286,02427,31561,09179,39083,03089,33130,86161,17285,18002,57257,80508,18268,16148,84114,58117,21609,54300,01264,02071,71520,40292,30182,25344,25410,51358,76563,76009,39233,79014,12118,25500,48083,23020,76290,45089,09086,28030,71143,36186,50186,2A064,80145,07031,26001,38045,72347,60278,60311,91333,53037,40031,27309,44086,08111,54239,17345,50003,79038,51105,51260,55351,57484,70425,78356,21375,70069,31495,33412,65313,07306,37079,33004,83139,82177,58179,54438,23197,63399,44009,68229,88528,86183,33475,39427,91508,28291,86228,56130,91613,91081,39530,90095,16408,14465,88515,19164,33400,94065,80649,38436,73004,58063,56033,19122,56009,62048,89246,10209,39232,35321,72366,26040,02013,30172,89235,08081,80199,24124,54095,32456,46061,73142,19138,54348,89180,27294,57514,23099,69056,04022,40157,50451,69047,04191,26058,76583,62878,31382,52039,57292,46007,35340,36002,77382,52242,55139,53097,97106,57404,91657,43008,07299,07137,33329,89285,70567,92046,27406,38272,02485,50162,38543,87163,63023,45105,90085,23030,24145,68340,62349,57765,17036,82192,57718,35230,72280,42156,41055,90087,78372,58104,33241,41026,21618,51402,39286,34193,59422,29066,69033,97419,25178,47213,26277,80344,14147,80469,08244,29057,87005,31101,89478,54162,65379,27169,27208,76240,60079,54523,67167,64341,83134,45004,59399,60677,62341,45262,21556,68143,63083,67048,47174,59114,86049,17202,63113,52060,76604,01374,33134,11362,52203,16039,91526,28273,46039,25554,69092,39432,53005,13068,97314,59340,25452,02003,08366,76042,54227,61271,65200,42272,80614,43186,09095,68199,33258,34004,15228,57017,31480,39469,50587,10066,53007,40149,60138,71250,19005,24345,54474,43097,04219,74231,50274,62662,67352,64359,67423,31160,57234,39016,11087,44186,87025,64424,12203,12292,74299,02127,43045,70147,69277,32124,39132,88457,10349,31542,57685,08332,41196,82129,89290,12061,02359,57662,69062,11053,01001,25179,61467,70583,87048,33196,08379,10182,33017,12206,23035,65458,23109,31512,30348,64115,89112,42091,31093,23105,30133,30291,52330,55111,62243,63373,27287,62191,14171,21665,39480,39493,15054,89392,2B303,37137,77236,12205,02132,64551,21671,02618,70058,17409,17130,63230,62190,25362,47233,02662,55264,88333,61197,59035,72136,35223,70049,58077,72007,33074,67045,65479,81174,61142,63274,67385,53090,79244,02035,16222,71225,26351,50261,78029,02525,62245,70150,63174,67144,38023,38019,24211,45271,48010,47295,74249,27677,12224,11223,57481,45181,10020,70393,68198,19274,39537,65261,34022,30062,57104,58240,56002,60157,40141,57046,57725,59141,14343,21199,19225,30028,29068,41127,85136,51111,35061,54181,70419,97304,40261,58056,38406,01357,16207,65272,44076,29152,07001,74276,18206,64031,25277,64240,55026,34035,67366,59471,85133,56035,14079,88357,19167,16246,47205,23167,64207,80725,41236,03049,14684,61432,25193,31089,24223,32337,03177,60624,76275,64241,86019,63417,57127,86002,08455,59133,10297,01094,80316,2B002,54253,35353,21476,43241,79198,71253,40098,63451,67198,72011,63246,01007,32305,33528,37205,64480,19140,09004,76588,81203,42255,91017,91463,30260,58207,47181,68348,09145,86036,62657,25564,76441,77240,66026,40052,23228,17382,02802,38456,38080,81304,80161,47096,48104,17047,61348,73010,27078,09220,14368,62601,73094,69020,77322,54321,57659,47039,34312,18088,82153,45094,53190,47220,48065,16253,39323,35336,12042,35066,08184,08029,61423,15261,09240,19239,25025,58029,51538,72313,02271,09116,24379,14739,70356,74272,30076,69088,21298,52178,54472,70507,47158,44099,49333,86088,76389,51125,32288,61028,62754,67238,55150,81256,21083,11305,04127,59120,68062,09049,34158,70175,77293,52022,27646,44003,50138,80771,21706,57061,08102,59024,70355,08134,40314,21362,01206,62282,48176,95612,27478,40026,27369,48080,50456,55405,27514,33442,01188,03122,66044,63138,57030,67184,68149,83037,01307,27552,65337,53185,89288,33101,80583,67109,90062,10175,19022,55204,23214,63344,62495,18132,70293,59517,08230,39249,76139,71282,76566,82094,87144,06017,39396,50175,63270,62366,95012,06163,52028,74184,08132,52227,67417,76012,24109,31490,27394,67021,53067,70141,46005,2B366,21489,08329,72176,50267,09154,24582,66224,28210,52520,95303,30278,39320,53251,61168,88363,17082,63350,70522,91692,63313,59640,59077,59485,42233,21297,02748,02242,51654,51662,62368,03022,63281,63091,10398,62778,32266,28292,03282,17479,67365,27459,24478,81080,57086,87158,02330,84073,35171,63149,14261,72015,07194,28056,80673,81188,10092,09339,07348,51078,73153,86031,14030,09047,59317,51471,62132,57460,08360,91435,10294,05073,36023,62507,46065,21628,54142,60565,56077,54235,76648,69003,34007,15101,62531,18148,23190,68176,51098,15096,30130,50199,91130,02200,77014,41040,67488,13095,73043,33168,50538,80622,50491,60340,25262,02521,72098,25356,57635,68331,19075,39513,04101,56058,71078,80757,39461,88222,60608,42188,64149,63223,53173,73181,64001,10379,76229,51352,62880,26381,2B153,35296,32444,10436,03005,88130,01142,56012,02567,51397,38555,70154,14721,02393,34045,88214,85131,54147,19151,28372,89005,85149,33096,26342,03126,59386,42161,14277,80537,33332,71340,38257,81070,80016,11293,52474,21288,81242,24374,38533,74218,33037,02507,54295,68167,02651,16424,29281,45315,2B291,97606,41066,04145,10285,76077,80706,03221,38414,41062,77270,89237,27582,70461,12172,32145,39041,64404,19078,33476,61096,21414,24026,67434,74147,2B093,34099,40017,54580,45067,72376,89481,58125,80675,88336,32463,34076,42323,88133,64167,61113,87122,41205,52406,14243,21712,62152,27550,61406,38300,46156,26303,81184,62121,74281,38275,08453,61213,88504,61181,24528,54433,95371,14293,80202,51074,57066,43033,55024,66007,88081,14049,93007,70019,39030,41230,05063,14706,08138,12291,19030,80253,30323,77129,80005,80434,19014,80108,88415,23165,51622,24208,57511,71109,89073,83062,12099,79175,92049,91414,16062,14085,12180,74104,72201,40238,32449,76581,25372,64303,14487,70514,11397,21623,02051,91093,68092,21396,73042,38537,74312,13210,17152,08286,03052,17196,50484,32004,41160,62119,55315,15242,61094,73224,62653,27609,73273,71361,84042,56005,17317,40175,72198,89304,62518,45235,49027,86154,62711,89278,52383,01004,37146,29193,52483,2A104,26370,01380,26016,83136,43065,16031,32254,54511,30328,46084,2B340,31413,02585,33200,67382,06068,71050,71295,10057,42054,11003,70331,39011,62835,22158,49209,25079,09107,89116,34130,49131,21011,53233,33289,65136,72186,85145,17021,97301,18041,45303,52014,73306,91363,50093,69115,40100,65019,63258,38033,26143,35237,81082,08136,39151,57721,69236,28127,63228,28089,23088,16304,64503,51273,02387,57719,65299,58254,70311,70279,77155,40305,04218,08488,17462,33461,56083,19021,21366,31363,63080,55281,61488,66118,53213,72012,89177,60526,78126,57539,72070,27061,27068,60390,42018,82138,13017,45208,02001,65147,86024,34276,06104,02162,54529,47211,11174,71422,64200,59384,59216,12131,43005,59552,51529,31029,13070,33456,28018,88522,70168,08473,11271,70074,10304,54557,42003,91273,56127,40226,58158,67301,76517,02342,62856,57306,80749,09204,02232,53064,76030,03253,43219,65276,82027,65264,60685,43237,23243,59470,85002,39163,54564,15029,66217,81125,05132,95042,85101,57529,88244,67138,53085,28219,45002,80097,06006,48037,09088,24140,10126,21689,81045,65258,66020,24334,66017,19025,57394,31533,01215,51254,33488,02482,87160,73297,27594,63275,07321,80229,01363,64326,22087,63013,77506,27245,30141,80494,13209,26095,74311,09335,29004,66221,2B077,08388,40251,76584,74273,75114,15120,51340,07238,10032,88287,27097,29148,24444,12220,62532,76404,71385,63352,19228,61212,31469,05075,59301,17430,37247,28148,2B255,60610,81034,14231,10025,51533,04197,33059,70070,54311,42158,92064,21075,39045,76524,55011,81324,18066,51281,67087,38093,39062,47044,31554,33259,18098,28031,08304,02605,78686,38339,04057,74266,11080,16091,24280,30301,16117,62227,46329,26009,59234,46208,76471,32105,27558,70312,37070,2A019,29181,60432,68274,81273,53120,54498,80627,63420,76644,33554,35326,78128,26255,54309,50139,10161,21505,40113,42334,80427,84134,33142,71064,63028,16297,30332,32141,62288,59408,71063,09006,32434,02148,62724,25513,57724,21548,65357,09295,67230,80497,72279,76735,28351,31451,79252,21585,47038,69094,33450,89468,45225,35322,71307,21504,01112,71487,50118,54572,59551,72300,63095,61244,54064,57504,65331,60322,52094,02257,24217,15144,71386,51386,26267,77366,77259,54375,17466,61082,81314,88437,61187,01427,28114,76510,95500,39386,58137,27666,02360,42277,46161,09321,65140,62738,03280,67168,83047,81009,55189,80065,30031,88496,30351,07195,38184,14509,78076,55169,40102,73039,11398,08347,23151,57330,24500,33506,79347,38322,63395,42186,54264,49330,62301,27125,03068,25330,41017,76612,07324,63225,97201,62723,50247,76758,62383,62442,40115,38550,84115,31518,66192,02767,03125,60678,72148,23150,59062,62333,61328,67018,22332,60125,10069,02025,89362,72113,73015,76737,33411,34148,52448,67509,60148,68276,57471,79085,2B051,51286,68315,71106,2B113,55302,14236,27154,29062,51390,62492,27101,06015,27524,44170,54553,86141,85116,80476,01136,62298,57193,16071,12298,97360,82023,59249,77287,02758,21166,35360,22258,77042,68328,77052,08191,61419,54313,80724,27142,31375,52461,61420,11006,33398,63238,21631,08167,63164,57551,40267,91292,28284,30040,55485,51374,30192,06066,36108,71276,14534,02194,03039,14298,73218,50435,39422,31216,21114,87013,26353,90011,70410,40076,65224,82151,15173,83052,24159,69206,28162,25106,72160,12234,90013,32459,67514,40007,11317,79304,06054,40192,14511,60139,28404,87073,71425,25464,33093,97413,01135,07311,15137,61365,60424,57694,78070,37101,04024,05147,64238,80350,03101,18082,65002,62393,54125,57512,88241,72363,39315,34110,14500,38370,38012,69260,32271,70439,46236,51519,86190,03213,51345,30232,23264,27276,34139,55182,70046,23179,27203,16053,81281,37199,65179,30007,89297,76328,08458,21484,22067,51269,62432,62389,33544,50013,38094,35328,76065,22111,85192,62569,02211,05169,25351,76019,31005,54388,62357,13011,88085,08289,51480,14302,59173,09141,58236,02713,76285,54143,12122,47195,62691,62353,51037,85093,61248,79022,59264,24547,70247,44002,63322,78490,73017,08223,59553,41242,24176,02081,88118,64141,64520,67433,17055,61499,64223,80305,65071,71305,52217,62447,56076,02170,31178,83055,51117,31468,36035,74045,38010,81086,48067,50606,11099,02806,33008,18203,88302,88520,81268,38434,65063,02425,78677,59532,76543,10435,39137,70231,02377,38214,67313,23180,09215,40312,18288,72337,87072,62278,70011,25152,38471,28334,71590,68144,2B261,70256,24499,23112,65413,82155,42284,28077,34179,72106,61241,56251,24512,64532,41073,05112,69112,54325,70534,55088,28010,39376,58286,53098,38346,41194,69105,29225,11230,79185,88252,09297,71051,40179,66082,84018,38040,44058,70304,55285,43187,31020,39379,71221,64029,21433,06144,15168,23066,41288,67355,31527,09282,67325,33401,09269,70207,35021,08451,40195,01296,33308,10015,73272,69013,68202,65146,87198,62561,32084,16055,67056,27306,68052,86089,50364,25111,43238,74108,33406,34027,24172,21067,80356,57433,74008,50194,47056,39462,27013,2A174,87020,88046,13040,80313,55379,57045,51108,2B277,61446,81103,89002,31535,80242,27048,56145,25465,71417,57367,05059,33234,18043,72076,21032,25013,35334,17260,11155,03163,10428,74200,54292,25596,61210,68004,08219,79312,45021,67545,70235,56065,09259,45253,24520,54231,53035,84005,18214,27380,80011,80170,68046,18282,80630,55488,63312,59335,78605,69084,78499,45299,78597,36090,69225,32173,77066,67527,17175,77154,03261,01042,80699,87181,35215,15164,22088,71576,71226,25472,81300,41190,87153,81278,58026,05028,78005,55380,22272,49308,65029,27496,02821,51614,27279,47077,29058,24453,56189,58261,84094,23022,62103,36172,22090,01095,27430,32402,30129,79348,59475,23175,44048,56119,57762,38069,51482,66202,64505,66083,07044,63112,80796,50633,46333,80033,35200,44124,08383,27364,52177,70456,62556,37072,97420,72056,31143,71374,2A099,44184,21522,50574,57430,65143,26375,89436,08015,25368,86105,08470,25033,76361,60035,57254,64358,44104,91086,10197,63412,25616,74040,59458,32113,33202,38170,10288,85209,89004,85215,74001,88061,26045,67289,24136,89323,80451,54234,71084,27471,22222,11287,70446,51044,18093,88270,74205,09263,32335,39199,76168,51464,54087,39458,73026,72312,45215,30154,73077,19244,88255,01011,10080,50228,76050,39355,39362,77434,11315,67502,21119,36189,64044,70201,78314,88342,77443,40222,04228,64154,80117,88447,65234,35314,45331,35268,82051,19285,09273,38340,39007,24505,67072,25185,84034,52021,12194,47053,26178,04032,67482,39177,19063,64537,62611,18101,25633,10417,02068,69182,51173,21370,88320,56190,11201,66231,78335,60513,02426,01342,21399,57563,59022,42027,31262,14254,62729,80401,53047,38404,30025,04081,55157,11094,34319,12176,57026,62083,63398,62391,74244,79183,32013,09055,21229,22144,14520,32415,35193,08457,69058,70053,80061,76203,45278,76140,07346,67369,02235,70479,01083,28050,13098,54403,37119,12247,23044,11285,71488,62107,17403,27572,61118,18144,77415,18108,71310,80726,62578,12115,46081,64187,18181,44097,57165,68214,44066,63182,61463,67258,34232,43030,70071,64133,46003,63397,32052,51636,26244,97122,61258,35064,14427,76347,03167,42112,76017,25090,29266,72087,62891,23183,22296,85113,79319,07178,85189,15165,43100,67225,11319,09052,07274,05110,10293,52370,53187,24086,34218,51375,01033,88095,55561,79046,67070,56075,18180,77289,33199,58064,24442,63084,57600,43064,87137,81047,32257,85011,45270,27421,06146,33203,24156,34133,79117,57028,46011,10375,35256,27205,24268,16350,14747,30352,56113,14535,46152,14656,36149,54393,57408,65320,70547,81177,71116,66086,05052,62001,10035,32216,03251,43078,13048,68317,39205,2A128,28014,02083,02352,59196,70189,63356,76436,38162,26287,80300,12199,49368,24087,18279,56146,16237,23134,79061,34052,82107,64109,11071,74061,89289,46225,35041,39234,02340,59521,26027,2B173,02094,67350,33246,06062,76627,88265,76351,89225,21403,76100,39122,86100,34241,62523,46118,25497,50425,14605,60538,76617,19033,70417,89068,38113,86182,07302,68288,27480,19011,36102,80206,62250,14106,76220,85190,67317,41007,07206,60286,17054,44073,63422,55286,54465,97207,51605,05136,44215,10335,80513,72259,29297,35337,44152,39273,47260,60464,02073,39445,28277,33038,53111,77096,11004,67068,2B201,76490,68141,32238,45196,35128,09126,18051,26257,34313,43121,79243,80358,02560,29276,38361,66188,74083,62509,38073,21321,59251,80760,97617,79238,15125,63443,06122,77098,24318,42256,04245,04055,29037,85023,21148,80198,25335,57003,89211,89306,02536,03249,70263,79106,52258,77007,39002,09120,57090,22387,33245,65223,73307,31494,88428,05064,14021,38552,21279,55229,33227,39248,59067,51355,62683,10245,57123,06057,05086,44188,59491,47184,72149,68385,33083,64302,30258,62906,60363,61352,76324,68178,46169,78385,47030,19153,18127,57351,62733,87179,52358,68069,28124,24254,41100,85276,39210,15219,69193,24260,32191,55430,83135,69107,37145,17083,66038,21284,69059,74176,02263,38172,76465,47003,38082,77043,84147,74269,02784,88021,49160,71366,49215,17441,26330,63254,61037,65351,42154,89355,83032,02346,62168,38070,57194,11207,51277,19270,58116,17231,06092,70302,08275,28140,35176,54322,02084,32393,02453,67348,81099,30184,56136,55497,24196,51441,17304,88253,39297,51231,36022,62479,27137,27482,56261,02481,43105,14614,40144,25524,41059,16167,07026,32399,80459,24015,57644,65399,05184,02006,39507,21421,42096,44154,62020,62859,64037,60641,85246,64330,59647,54586,60030,61442,95566,57508,49260,46053,36125,41119,84022,69173,58235,72348,52414,62815,77082,39052,89319,39405,50196,25306,63403,32464,61240,26359,45132,04128,79331,65047,06110,80067,26005,81208,88361,42321,76348,39149,88354,59500,18029,84006,25124,32289,17340,01073,42163,59123,08497,29002,84108,65175,23118,42046,59465,31391,42187,78516,71470,24330,28137,36211,11314,34286,78285,19154,78320,27300,82123,84150,16192,61387,21076,38057,60014,2A070,11282,29249,08367,47161,22005,85267,24193,54232,65402,71029,32054,62011,76365,78364,02777,54203,81100,02414,02817,80226,02384,21161,08186,46212,62844,24132,17193,22291,49307,02044,66193,31205,07223,60081,54491,72192,69065,57422,74058,22117,02452,57647,36218,27224,27664,71480,81236,65321,18176,60611,56086,07153,70330,76618,56193,14558,58124,49370,27505,57060,21309,61396,01322,19018,32175,34277,68174,16342,61221,25517,05129,49323,21338,71324,33235,72047,27681,02145,88291,65285,84026,76463,62746,77207,34087,81068,42315,15186,88445,58118,64217,62008,31251,81295,49125,89013,86171,17303,35103,82065,56180,24370,37061,64440,51140,28052,27055,73157,74201,82157,21539,63233,47262,41253,57273,08247,07091,80372,71037,47308,30161,12221,61277,57074,23043,76104,27691,42278,89387,27565,32425,64275,81323,14266,89069,56085,53123,41176,58043,56096,03216,72008,88099,42184,54047,2B081,40153,76709,21268,35274,21331,25160,65117,28032,58001,50227,54185,08302,90048,91432,06109,34285,67036,18136,19129,54549,07087,26228,33432,74034,52352,56245,11238,79102,50145,61023,88431,14419,67420,77352,14536,57586,06159,54410,39106,48144,89067,31509,64504,25149,60123,62373,15232,61259,21705,90016,39204,33493,62149,88406,02363,87116,10352,56093,64320,88416,02264,91129,01428,15167,46242,83018,54526,2B037,88518,48168,08003,65104,36007,74298,58152,80683,22028,50428,80171,63074,73030,40059,52365,37032,17314,16065,06014,67546,70582,31098,59586,77463,78162,06112,25058,37027,71175,57255,29102,26113,04162,97308,31365,25072,14001,60078,59300,33163,51549,68360,59043,59662,74089,36028,02757,67182,80259,13077,11350,57614,25187,02072,95271,27117,46270,34206,61450,35270,25516,09094,31305,66191,72297,80298,73089,02472,10149,65301,81322,51543,27340,49112,76725,76547,57409,12146,56175,56160,87036,79230,55278,69135,79303,02639,10316,55274,22029,33100,65061,62254,89238,85127,62802,22217,62772,81190,50359,14227,11160,15250,58035,2A211,01297,89466,03184,51499,62022,21367,23221,74196,31183,57343,07239,25507,61194,60044,2A060,57323,62630,11438,34029,60530,95205,29093,01373,59295,80169,51143,31182,45297,64148,57475,11127,76430,02764,21710,01171,52050,09293,13043,61415,21341,28227,28335,71581,46046,26181,02663,62617,45340,76105,25071,2B187,54458,02504,02324,24183,02619,80589,51018,59377,31402,89059,81246,60242,54085,58153,66025,63445,88319,11200,78255,31227,21385,54260,43101,15255,49353,62740,10203,67115,52535,43107,04121,41292,76362,94069,57139,59308,66152,76459,26298,59060,52311,67146,79202,91338,25257,65244,60190,33215,70258,58291,17163,34128,71024,21638,50256,28182,73217,32007,31055,77095,21079,64425,02135,62901,80766,54214,25469,36060,85143,76631,61153,34159,62267,39579,06021,64416,63108,89427,40230,10359,80732,25004,51154,79170,67427,95309,59267,15157,29019,39322,70096,57615,87202,31197,09332,68296,58290,83092,85301,16356,31176,82112,27501,55137,83147,69085,70512,11180,44123,05182,01258,50401,24168,59182,71028,31579,87192,30035,73099,25188,14384,62135,17157,15008,54349,28279,51276,49244,76278,33174,22206,2A133,23053,46228,38532,62705,82005,45066,11082,80233,77290,10068,91477,13060,71316,30034,56240,41038,24325,31513,76158,19091,09258,11391,60502,30193,52035,67059,26075,55101,61290,27252,32239,09069,40062,88237,82171,14574,78269,63085,62147,73207,54397,59537,2B003,76546,70315,33155,72278,2B121,25102,60048,24514,88473,78188,25264,50149,07285,71087,61388,23215,33095,43035,19069,52549,47316,60171,57695,12030,57326,61054,55525,04231,26078,15018,02706,22260,27547,25548,61350,47257,59319,86134,17005,89120,62167,77237,30207,63081,74216,69086,19214,77344,25474,21322,77132,24551,51009,88312,59387,21007,03222,30239,52346,81297,63003,49361,33032,2B207,41009,54380,31162,37016,24303,83093,47328,24552,43184,59098,62046,39481,27047,71439,85040,07322,21153,76352,12142,88137,95046,79048,48018,51121,30298,17181,80797,77302,71040,25048,97130,32347,67062,44135,65271,77516,59258,80446,35002,27281,65192,50450,34226,50609,31108,50229,60269,16183,65112,46052,10167,77301,91326,80734,86027,16323,84104,29204,21524,59096,06060,64118,64502,38514,30251,14474,48045,42294,02028,81326,41044,07049,70226,68181,70386,67305,32363,80308,59575,14728,80034,59351,11250,11083,2B111,45145,23184,42270,83091,79289,68384,39065,27174,08314,72135,52105,69257,32329,33292,62500,14682,13020,77158,54236,08365,08238,52173,70406,02406,64350,51416,02460,2B147,57188,07105,11090,15153,16318,42173,21090,68263,50580,41075,08429,60523,89428,42011,31333,33531,65286,40103,67016,27059,05111,02834,48115,21684,10296,83046,53029,11142,70384,61222,91662,11056,27400,69014,71410,77060,02622,31151,71013,68177,59554,30155,2A006,61479,47320,01385,12270,86257,61435,55275,28259,27052,56233,01352,09020,82184,37100,76010,10276,07345,08001,65203,77012,17241,68082,60544,60196,54466,61228,94041,35134,76211,60182,14057,74166,72168,34279,40173,51089,09301,21125,77389,2B102,69120,18003,14455,77152,15194,40156,77420,18146,23068,02418,78668,52168,72118,33445,59068,91161,04124,90105,37180,11366,02648,05072,60346,10312,80317,40324,80504,10403,25471,80505,2A258,74226,2B216,76319,46047,51215,46296,07079,55407,78474,80399,31523,62188,04099,14524,27557,01163,67486,01314,80172,85162,68002,57759,72128,76592,65423,38508,51559,51053,21465,54567,62471,76531,54285,78683,58038,02336,97414,35099,73240,60155,95675,82058,50498,07339,41232,21200,28302,70428,34104,54354,76597,72122,89388,25420,21543,2B352,32339,02514,86132,61402,31546,62829,25091,58232,09119,12015,33297,32397,80503,22268,80028,52123,09329,2B222,62548,50324,30205,51161,52470,08321,35006,91228,2B195,69233,71495,13051,58166,30024,38054,31014,61486,65133,32097,44162,03265,66010,71026,67302,63144,29044,59185,17296,01167,13112,25429,28003,73058,53243,24495,02564,77413,29291,76261,54383,69199,86140,77361,10397,64370,08131,32375,68162,02086,21265,54223,76608,80243,72265,62153,82182,62332,74308,30149,62493,07312,45008,08106,33397,78231,16073,15084,12149,88466,59670,22056,65387,44133,16362,01183,40174,72361,60102,02645,55037,2B306,11276,50398,61391,08163,23240,38400,69116,29169,33441,30012,80288,48191,05176,65120,62812,81216,64072,61038,60071,54418,68283,05022,14666,43104,23230,01444,53122,57354,50300,22370,01197,02818,40186,70103,28104,68130,63237,72058,89008,21512,24388,24463,30070,07176,86285,52515,47182,39299,33073,65107,84113,33323,64048,57708,88421,76537,36141,30127,73014,85039,64100,71179,45160,62696,78466,40082,06145,51527,03063,50272,57606,42110,02104,89164,22197,33119,12204,67103,88389,38315,60112,61384,67197,26211,76007,12165,55260,79081,01424,85004,24516,60439,21457,38512,07122,38009,35115,17385,08269,39466,02389,11279,02781,48105,28304,24449,25598,40257,57291,78623,11378,17058,12059,28303,21247,28218,24346,59121,68114,25209,06004,62526,71052,36024,56011,16087,2B339,67086,04216,33276,81060,07093,36165,69292,39155,59008,51245,62659,23037,01391,08047,82019,46302,86195,84002,28314,05113,39490,34257,60528,57172,79062,38065,82011,58189,42138,31223,38289,57049,25017,32115,40029,13099,28326,70403,72048,11302,67418,17449,25466,24522,76558,38544,28359,31131,62542,30175,34324,71255,51004,55146,89085,70394,32344,63331,39117,07100,95387,89383,60465,65144,04217,81154,68060,12170,27500,30006,37273,01009,08234,42124,45309,27606,73222,25448,02653,34270,87058,04028,69052,06161,29067,63194,62866,42113,54010,01339,02454,74173,56226,71389,80738,22362,16303,04203,67028,09290,53209,51302,68180,43051,52234,55214,57316,53071,22273,72181,95452,08199,88182,80445,31376,57286,83005,59538,91556,15074,85232,51465,36117,44077,80611,04137,31258,58107,63172,40298,88220,02589,64311,22339,23189,38480,70113,38567,79300,17075,86235,44062,18167,01068,22322,36162,59441,19059,77412,24090,17420,54366,39092,59663,59322,91544,04202,24024,51459,24282,46288,69083,27116,02428,15038,58072,81225,54305,78034,76268,51406,46136,90084,42121,57509,17359,13086,02029,52335,42052,32150,02659,74143,38454,50181,57096,45086,17450,12080,74235,50296,01310,05140,28251,55574,36026,19279,34142,42033,59472,33460,34153,09185,54117,74101,15187,13033,54496,24563,67110,24426,03241,31072,76752,45174,60700,54556,03264,34320,38548,44128,60570,59438,85182,54261,79251,64452,90086,14648,27365,27071,37267,56032,65049,27441,51187,28040,57654,50564,29259,78437,37008,76114,17031,22368,59019,51339,22149,01284,08087,02021,60662,82089,77161,19084,24021,70102,30115,89229,83007,58126,45266,11031,01077,41274,25325,76071,40124,59252,53115,85255,31206,70519,57161,42172,40313,69145,64179,40219,25045,64436,29114,45197,62049,45220,54584,56088,17424,88443,11399,40183,27672,08170,24509,74015,03273,47118,26356,74280,60602,45199,63109,23229,94073,17150,26355,10206,27333,31084,14026,02509,64069,03099,45330,60087,39180,14397,43172,21624,15064,42293,61510,35154,2A198,89254,73135,30099,32277,54164,55295,69108,08171,54200,89255,12300,22294,08463,76113,28064,10144,17395,30252,72340,38228,73051,71284,15051,10058,81172,78062,25440,18283,47188,14591,31586,11029,62808,58134,69151,45121,27021,76667,14196,07056,33290,52545,69282,38273,95277,57705,71558,12089,54562,11228,56102,34213,73159,77374,78089,59489,59624,22062,71111,52016,81014,38382,88087,85034,65106,86081,32272,74037,62223,04034,62787,26325,01396,47140,02740,29218,76133,62426,03079,76431,22237,19115,62340,80102,52109,54103,86126,46317,03038,21599,79007,82059,63262,27531,06028,38154,77348,62583,59463,25229,03075,22113,21144,24120,68287,70052,01202,44107,88057,80514,27217,80623,40318,70177,76628,73280,65065,88245,78536,42055,77159,04033,21335,80743,67548,65241,18205,38297,82032,21328,54501,23223,19009,32208,76522,47280,71472,71010,02676,07184,25284,10219,69289,71041,02195,02358,54002,85102,31074,14685,27413,10406,39267,88074,71578,50094,53184,28080,28230,03180,63371,89367,77048,11104,09048,41254,71127,67260,87087,81238,42337,08373,81008,62423,02345,03256,16264,72126,95483,01017,27467,62640,21402,21058,49056,30341,22082,71132,04235,31260,65127,02153,32211,28161,60107,62177,89088,70369,28410,35259,67372,38319,30066,40276,50124,26137,60499,49050,53133,82181,17227,64145,88119,64134,42222,65471,63452,59074,14346,57664,80661,67073,64301,59453,22348,02206,24289,61436,85273,80773,26021,50177,64340,18234,26125,63115,71502,59629,42040,52140,72170,77139,52206,84057,14238,02532,55530,84151,66150,80522,25442,31560,32023,76493,01378,60376,72053,59093,30059,06018,88433,44126,63146,52214,55536,14748,32342,03196,11028,38003,89443,58156,25217,33465,22227,24340,39337,47029,78327,79271,27487,45101,34314,70340,88531,36147,60524,59565,47095,28310,29156,57106,11149,72061,10103,50058,76132,57605,02543,62071,14698,51389,86133,28247,54441,22086,91175,86274,54007,73175,80708,30344,64010,45198,58018,33458,37098,65460,41223,60695,46129,84143,59596,90100,03289,53172,14327,72310,89083,81239,24245,61456,21253,39088,18112,07308,65034,86242,32315,59357,2B346,76210,68074,19242,85169,04049,39350,01024,48146,43267,57417,57453,67183,22282,12281,65470,59613,26300,60024,60280,80320,77046,52121,61386,08425,02090,45028,65118,69383,08459,08206,64374,80391,97356,31105,62396,42251,49291,22310,53009,70026,59610,27233,54314,18006,52183,83019,63297,12108,25318,88122,70427,21246,83003,31065,14627,39055,65274,14257,26182,03086,76316,09065,40134,64206,03237,35363,87059,89452,30073,52423,56213,07128,67425,83146,46195,51193,57383,88035,19272,13056,57673,12195,76288,47164,63067,23234,05153,70537,89345,41245,29217,01035,10300,04190,88005,32202,54081,87032,62015,85238,73050,65184,08356,81079,55071,58109,22036,03172,58287,03080,60461,29257,46188,74261,60654,87041,57419,80821,80432,76678,80154,86197,17063,63462,11437,76748,47019,57668,66126,22221,14719,33105,60262,92009,64445,18208,51601,34202,55106,91359,65435,55300,65273,73298,87051,52142,57160,77296,85140,22380,56056,43157,08130,52425,34097,45085,71459,62755,31018,02451,35013,60240,71462,85196,73154,22346,63382,10421,38053,32164,29123,33519,02288,62345,50096,31244,18121,32311,97406,27579,02100,17265,16155,78082,22343,55159,51045,04233,62120,85290,59433,85031,25555,39014,97423,21041,65371,07117,74117,31497,60020,11166,71464,23219,24383,21089,61401,2B025,80104,54573,09241,62322,80222,07257,58279,55346,68088,80533,29141,56231,63249,35275,76395,39078,35046,27538,83064,46192,32366,88370,79343,85153,62572,34054,63444,71030,14311,58099,09210,81255,24493,51560,22026,2B256,88311,25511,63309,61229,50326,46330,63351,76502,25213,60177,16116,54192,72349,69060,64500,68235,54061,91377,27597,82119,84122,24030,57669,64439,80129,24425,28352,39049,34040,73267,58089,46097,09096,31393,89277,10330,83068,01106,72169,27399,80659,19253,25537,69039,70380,72218,29206,38104,68376,91179,57036,71297,48173,89126,54153,63128,50492,31385,33354,80246,35347,07045,41004,59432,55199,56030,76573,07088,28126,03028,66096,76112,12187,71523,18223,27534,21211,56117,42069,84124,42001,10012,67495,01295,14034,88006,35307,65090,45052,03071,16212,80424,60331,55382,39108,55555,68122,61111,11048,08277,33293,81210,21207,70083,46002,57566,47151,09205,59336,64188,55340,53117,78564,31571,71362,51547,61444,64161,90067,36182,21030,16162,91630,27198,45168,04220,65481,58227,71342,89274,60403,68106,56123,57152,41207,84028,33504,59126,38291,26019,32382,08363,31400,64067,82008,52378,10174,03320,48054,59410,27246,47230,84146,31117,80628,10163,57099,69190,59576,73179,19035,67161,15049,33336,76574,76032,76330,39223,51392,84121,62505,46117,80249,59159,11112,59541,60632,25183,08351,47045,80779,21293,01383,34280,57544,24243,62699,86226,91044,80279,27660,86029,14645,46160,58069,66190,30310,48001,51582,35345,59549,38265,58039,64272,27483,64137,73048,52316,68045,88128,49278,39288,02610,45183,81040,48004,03027,61139,57379,86138,82124,21663,80520,60247,10118,62427,31071,12263,25104,33407,89249,11364,30231,86014,02492,86084,65344,45180,57169,88442,72040,21555,23127,55188,71275,34207,91085,80679,76173,11139,61369,11122,17423,51229,07134,50253,62208,44105,33232,30023,31265,50448,71220,76451,28094,11119,66029,70378,58174,51043,03183,10287,48158,30106,02726,08465,68308,65129,88248,57289,08142,28065,06080,80237,69203,15154,53125,09082,01031,57395,03314,52375,62571,88132,42060,55495,59514,12153,50521,60325,67009,16396,59405,42039,52307,09102,61300,69035,30314,73285,57712,51393,54173,34016,46273,04200,43038,10123,47026,45088,71256,67552,88259,80352,55035,83048,10082,11173,59390,79329,32221,08235,40038,45126,17328,10433,52267,25393,50078,22119,76118,2B260,54195,15244,14248,45064,57679,67130,12023,80598,12013,31157,15124,67081,10230,52199,39245,07094,89332,18081,34120,77044,65149,71144,51646,55242,27375,72103,07066,10136,87056,40001,38394,11360,18126,56090,26319,72125,19222,60178,84055,82062,41002,08075,01165,25395,57219,89227,63414,31097,24084,76036,42320,11380,18030,77410,09071,64377,89228,55239,80664,24356,33312,09039,88512,31467,54379,53212,56100,15123,71166,80780,49200,77229,62504,31112,03156,05046,12208,22279,70137,11133,59567,83107,62679,38383,89146,68373,02286,07331,18053,14272,12239,85293,62851,89035,14546,12113,45098,03061,02123,25357,64018,30300,88153,59637,68021,10333,45222,29007,51252,30113,04142,02628,38179,11303,26296,16171,27615,58094,21572,11177,09171,59315,65009,61260,62889,25040,56249,39253,51595,14198,13013,60554,43208,02357,10270,71423,74258,25562,52161,47256,52034,38562,51152,30202,10142,83083,65389,59436,58108,72144,36128,21327,81151,23002,62833,62682,70328,41039,28123,17145,21162,39262,61020,63441,89134,69130,63288,67347,28109,51057,18272,37178,46262,17380,43098,26173,69118,62615,08077,40325,35240,65455,80481,60260,68104,35263,55562,19057,21132,30104,02099,62562,28330,15108,59469,77120,09106,2B246,60648,26055,91122,38479,79267,31532,31281,52019,18225,64418,10104,83022,67371,81209,17321,02707,60702,73023,61014,88330,35305,42328,88434,35111,26079,29142,86011,60411,27464,67359,52376,13031,69012,59620,62789,2B225,31107,09292,31139,01174,59374,01364,62677,08398,22013,83111,02766,52401,38324,29036,07103,76129,25235,16026,77431,45006,77523,55399,33150,11206,40270,66141,70494,78233,81187,76204,50312,59632,33049,03111,89438,19102,74288,88412,65218,11316,52095,48055,54600,76570,41233,58025,85268,77440,22148,02545,31261,69293,82024,64193,25462,62655,63060,51420,48009,77089,83105,77298,36227,89184,76308,65197,31009,14672,57506,02091,2A322,77355,68252,91408,55570,64451,40069,86001,31384,28280,14738,12057,66137,02131,33433,39385,81287,62244,28198,89300,12258,09197,14663,65338,97230,50575,66043,80545,59260,08407,80595,71236,16157,89475,77407,88359,89268,02075,89066,68347,02283,33408,52271,11233,87015,94048,07142,89206,51576,77191,23242,01319,82147,25006,09163,70309,34062,36200,43230,57270,77156,57359,39039,73069,33449,08460,64233,2A259,47242,64143,65375,39139,02761,64258,49171,87164,32002,65290,62175,16353,67046,69050,76303,59271,22150,65405,82035,21408,15118,54217,29132,57168,60106,18198,62474,38358,55033,14657,67218,39451,59137,25219,27363,04140,32199,70268,59341,31500,17348,41107,19231,11268,76052,68355,21640,74168,82194,80400,59285,54110,07284,79040,24062,14679,49058,10400,70358,55545,60434,43197,10033,34189,82048,08316,93031,55142,15087,35164,23158,83118,71252,38159,80378,19261,70007,76087,09166,89441,60495,60303,63245,13003,18068,55049,2B143,02188,06140,28425,70533,54428,68215,13205,50215,62822,64174,90010,22212,30246,61484,63434,10363,77335,70433,17129,24102,33005,59241,62486,61265,89403,26314,10444,39272,14504,62721,57411,72197,15237,21350,39102,87150,32441,82137,08500,89049,80225,31171,37223,80655,57095,28143,12212,47141,66084,83148,2B138,57373,37166,07152,15090,27598,26212,16125,10306,34102,08055,17301,80529,50332,77128,62715,2A114,80744,80312,26183,02500,81016,34088,76265,88479,47301,21195,19280,09266,24073,54459,77424,59171,15175,62748,24009,80669,77023,18050,70224,76254,08424,78404,80754,02621,28037,79280,01329,21258,67093,77425,19196,89413,28202,52495,38494,01241,25136,61010,51014,44117,60008,28374,54408,64082,52165,46245,38213,11249,2B047,45010,02158,60122,63423,04013,60312,09214,60318,26312,04054,71529,64479,14353,86254,86248,31300,85226,11162,43040,33158,63145,45244,62478,57264,10258,86264,80082,78267,21299,62076,25256,23241,33250,33535,52539,54302,01037,02574,15222,17225,11310,28226,02801,80747,41199,19211,43048,38350,27345,31369,03239,33097,62827,29090,25470,62850,58046,42014,26007,21709,15011,77049,39237,82012,88305,71293,19166,80019,76676,60431,88465,17439,60026,64383,80807,08288,68182,51379,67001,71396,33153,32161,08251,65209,01028,54532,60064,32325,10160,41077,80037,57093,72046,57531,88083,07074,32183,64034,72005,11192,44116,59297,16011,38381,60069,55444,36217,95257,60679,73036,82061,11226,35212,44161,39081,47206,02660,88338,52480,57540,25057,62093,27034,83004,22204,62430,59604,48077,30008,41061,70416,06136,40247,59366,35199,36126,32462,38380,11367,76138,41246,64253,57271,14598,64535,29187,17429,02720,27318,33530,88206,59461,71526,07136,77222,91457,03321,89202,24165,46284,02768,65086,05130,51585,50052,54174,28392,52452,42002,08090,43116,89105,81059,55398,71259,14622,02020,65476,61275,90058,47160,30119,15103,90049,66067,08411,37187,17073,17344,32467,04068,14626,55107,21287,39573,2B058,40034,51181,09186,11345,32119,72057,02477,14527,10018,42092,57228,2B005,46279,87200,59080,73098,15105,59307,08133,70236,65398,38387,32364,51610,68126,55326,50376,51557,47286,88230,46055,54177,82191,62156,05026,33447,25249,29051,62106,56164,68377,71199,16020,70555,39336,50556,02792,59293,19058,2B009,52500,70367,25371,52045,01281,29099,21252,51295,76718,39568,52157,80786,33355,62192,64101,91469,33478,67471,79189,76230,45146,46257,08121,60668,38232,51550,63098,67404,69097,53170,56205,89029,15001,79005,02529,62650,54256,03181,34147,16088,08342,57569,54026,60290,76681,55246,65262,81298,60029,15130,52093,59261,63051,23119,79001,70404,59326,57468,95074,02299,02103,51484,29234,45320,59546,68078,25300,16398,51442,64218,73282,60616,55263,55462,74127,46127,95328,60045,58004,89369,52243,25285,54483,74170,74198,51191,74076,51574,18252,10098,31526,38047,22256,59337,40274,88276,04027,33418,63073,52503,85198,35315,91041,02516,60561,58053,25401,87001,43220,77221,56202,14461,62587,21537,80103,43244,22283,64056,46010,29075,62201,10178,17155,33384,39497,17127,68356,29041,43265,37052,09152,21459,89124,49002,71089,62823,59381,77528,82139,54129,16195,21592,31345,57052,62161,71218,63167,15269,47100,27511,08039,65035,57309,42031,76383,08115,77512,51433,72299,30266,76741,09158,48079,74029,38288,80048,03103,04067,27106,10049,12037,02497,09225,57456,15012,25308,51124,67315,63126,49339,76548,63430,40126,07192,69212,62115,50596,25088,79197,52326,65297,61070,25572,55299,43067,10095,77163,65284,08214,72356,34315,38144,09284,25392,44138,72257,88183,24064,37216,65198,26172,71562,25378,85178,07280,60077,94016,82150,28055,52348,57656,43103,35219,48002,62638,29288,16197,28189,08372,61143,76023,76293,31241,88194,33309,72145,66034,27577,69261,19128,73254,32301,27397,54249,08449,63335,54144,69269,08180,55097,25499,52064,16213,62693,51122,22308,42123,12033,05107,13203,74071,58070,58200,32403,27569,46241,57541,56238,14134,33405,57159,11148,73201,02667,35157,73022,02704,27610,08431,64423,33482,32336,27241,19143,03138,21170,35325,36207,66130,2A278,65062,02175,77383,02636,38285,55358,88477,32230,33144,76647,57661,60253,41229,30162,31161,71103,2B307,27171,45185,25147,46215,46074,62252,03062,68076,17286,34091,75103,74190,26242,67177,60650,10081,23042,26232,38332,66040,88190,14334,88149,10146,39330,19036,39066,85144,76270,24232,14408,13074,2B221,50639,83149,84074,59603,28322,11007,21227,45083,41251,08211,67309,23054,88481,37116,78124,08176,71363,51500,63269,2B355,62888,89010,29131,80302,47103,57198,97210,62864,88044,59206,57044,28353,03130,54060,56053,32451,82081,30016,92047,74208,76062,28169,24163,58176,10348,68213,26013,2A266,59178,23262,11205,80793,59394,40184,30285,31061,57441,70022,60629,80525,38091,41063,63161,32085,11167,24471,31144,78624,42247,88318,02152,66033,2B123,89346,64062,03214,21407,35222,76377,59568,01386,60161,76304,08085,80604,26196,77075,03281,42101,11198,17081,75115,57697,64313,10302,57201,80582,33529,47058,41259,02210,22024,54391,52208,34235,50562,21270,76480,81266,57602,57410,76535,47047,32051,89183,14512,63392,18287,01362,74065,76251,81165,2B162,09325,02488,43232,60009,89303,30097,21313,71213,51581,29074,09013,02327,24559,17070,62899,02386,62002,2B007,47131,01072,13102,60508,47154,10210,44187,52301,28414,09016,70098,85086,81071,79120,88524,54534,12060,66117,60351,64314,02495,03077,47290,26138,55215,14329,88140,65189,35174,24519,40096,2B226,78220,43075,63442,67531,38074,80618,65336,81258,91103,88242,17050,79161,51410,45263,88324,73138,62392,13052,2B219,66201,65448,51007,82067,80062,73245,26063,74160,62483,61227,76069,29183,71151,71248,80285,35093,01261,81308,72374,39130,57006,38515,25022,40047,73329,91272,21187,59420,30289,77181,86077,64065,26003,59665,59396,35309,81077,14258,25349,62379,74041,52433,41074,30273,60472,88202,14759,56159,83085,25491,02111,38157,27210,65068,66161,09075,80697,52204,09046,62671,52534,80216,25582,24153,34161,50531,91145,17302,18031,16181,59270,80268,02717,01448,38198,95316,80326,12303,55487,02265,40187,93079,36171,16209,26152,74044,71341,52163,24146,40275,67050,2A048,74035,74105,54358,37192,19283,65097,63260,02736,21312,59168,34344,83042,67468,95144,65243,08397,89131,32140,87011,06107,76744,37155,37212,30271,21636,17069,01305,89205,26382,28260,50413,91479,58228,85012,60562,51444,40209,39271,71119,24313,76172,68103,34051,38524,03128,42307,80741,54137,80474,57314,80146,70060,68183,85211,71430,40074,2A269,37233,10224,35255,16423,67108,56165,33307,16178,25122,14280,80114,22106,05146,55080,38535,50321,62810,57601,15028,54579,76474,91225,80381,53276,47246,53079,07169,88249,02043,34082,40213,24194,14390,07186,76622,63220,14400,69198,77202,69258,64138,51262,19098,65103,38388,43088,36239,06096,31537,14716,15052,25510,60534,76688,53211,80362,72275,03060,70219,56040,21480,63340,60007,54398,38492,25607,77111,57476,52074,25389,16005,16390,79283,77332,86118,60449,66049,88186,64075,19181,28268,76567,62258,79130,14358,08339,76556,89328,51132,62508,11323,27095,67076,23083,95428,80558,84067,38226,47090,90088,63154,32279,76228,89382,35017,22045,39042,69134,38237,69153,54436,36212,11290,57678,49378,67121,65091,30135,50462,09066,82088,65333,95141,84076,26352,35283,33260,52543,70077,47089,08210,08202,97232,28036,24491,12154,2B069,32438,22316,72243,76263,08466,37147,44220,89223,61100,80694,69160,77354,76669,36138,60582,08477,08215,21427,69287,52453,79084,85066,77016,80135,54435,60421,45110,24546,35035,16221,77377,51409,24236,09042,77137,02728,70155,17209,2B210,76656,80144,01193,60216,65099,64525,26052,35181,88427,76716,02004,79281,62747,80733,57687,35205,38540,54140,10177,54324,57097,27065,55514,25541,66182,55168,01111,24188,86128,25254,62544,62713,70089,02076,59641,31521,62099,51293,80006,02517,80307,41008,77356,38001,68093,52001,32465,76378,17190,40229,51136,38186,88365,2B149,11159,62579,19264,07232,67274,51051,67234,35277,21581,18286,41041,23063,65073,86275,59389,77100,78290,71155,36244,71181,54378,41085,26169,97424,64103,76171,30299,79127,14530,72142,77306,42192,62158,38155,67105,13066,74140,47281,53126,87016,60614,05095,47007,85126,62104,24331,65447,01053,44193,73220,62374,33468,30325,17402,33300,63206,64427,07080,92072,49292,88521,54237,80354,19093,77462,27694,57205,08139,38132,24336,62096,85245,61492,27548,39470,62003,17118,35262,60680,27698,59273,40138,95572,35184,55117,35107,12267,67104,30220,27139,77521,01051,02398,37010,25112,56141,31352,59244,26166,55261,28265,70127,25012,34117,95151,33511,39574,27641,73131,56234,62082,60093,97105,09148,16042,03185,78194,16203,41140,42048,91156,73197,79091,76582,43070,67333,88297,57348,74036,32406,65038,80428,29064,54148,62056,72372,88145,31132,2A065,40242,59237,77047,53151,71534,46187,12102,57360,88224,32058,65004,14088,77076,80017,64236,54046,10208,72379,24396,25189,54518,77451,45345,26128,70353,32313,71411,21094,12264,42274,22257,65037,67151,36148,28102,18261,16413,27033,66006,70531,65324,42206,41058,29163,31465,27631,63273,76757,89479,19286,77258,72146,36139,33193,42012,54016,77008,2B251,11184,73106,77367,57048,07197,78030,27213,95563,58203,62327,39342,06119,58271,70348,24096,43145,27019,68127,77281,90045,80719,85033,51088,31166,08370,34216,47129,56191,08182,31090,54286,21464,29061,51341,35014,23246,54111,32395,66022,2B350,03076,62297,71533,88288,54377,56201,02561,62512,71278,41136,21150,59202,27289,38090,23021,28075,65211,59507,95054,59508,68371,19068,36113,65426,2A270,08034,95139,58163,71016,42290,42185,18020,89212,95301,10077,33178,11246,89287,70003,62728,82167,38386,88125,80201,12034,72342,77034,88372,12157,67131,89331,69136,89071,14619,07063,59257,11136,38163,55102,34303,15056,36132,52125,91148,70504,26035,78311,28426,85022,2B059,24115,86234,38018,15243,58010,80635,59015,41103,60459,42102,22152,06111,63116,85264,03145,63387,89033,24029,02289,80123,59666,14322,06124,34166,21387,78224,61077,32162,61487,27226,57636,46032,80292,25024,26378,50200,57488,47191,78531,49155,67451,17258,07240,83054,55581,62028,74030,14150,14006,40268,51299,45113,41022,76253,47252,17153,86018,76271,21363,69181,42199,11014,54240,64321,62081,74259,25181,14630,08249,44113,70064,08110,55371,80550,43034,65381,31489,79088,62386,54091,62184,17180,41206,65384,09136,71105,55474,64389,32292,73001,48137,89012,82083,90082,79294,66185,73183,03274,34144,48130,41046,36076,21374,02429,49064,80139,91137,35159,80205,32139,89200,60550,59427,27199,51590,16369,33446,27682,56209,39058,31472,78368,2B050,80155,13213,59284,04164,80466,50519,12215,71372,23145,65191,2A130,14183,73162,31042,69215,77403,38277,64073,47054,63301,67067,33089,87093,60578,30168,91106,72249,52220,35194,79123,16281,76467,05016,56236,64287,66172,67306,48152,47132,80207,19248,32134,93049,55463,69149,45130,30153,73248,21070,53256,52284,38527,69184,57320,30151,38378,70031,07037,62369,09187,46209,63193,65459,34168,57390,16015,02554,02240,80044,52101,55470,91248,85076,82052,16285,59667,09260,74155,44028,85014,68234,35306,09300,66079,10272,61145,21339,53246,2B344,09089,54005,42077,69163,14281,27617,2B263,86053,58083,27177,32323,44049,71406,23013,16131,97101,31390,77262,69385,29021,36153,71524,40240,81178,31094,90009,94071,63285,31342,25244,27477,54583,53160,28001,59299,05179,35294,62496,57208,51322,02350,93050,73286,60665,67448,02095,15225,60006,86290,89335,73156,51487,23077,49326,07161,77243,16316,62598,80606,12003,12161,38286,56124,88505,21686,57176,58044,59358,57505,33360,46049,60522,56186,01399,80360,54541,50423,55465,30234,77087,24225,47171,60267,81199,22069,51524,51649,81198,52179,89209,52416,66030,66027,38066,70132,16008,39514,02571,70001,55403,56020,32418,28028,60663,52429,59016,58093,51415,25618,72341,03310,77198,37262,62370,89102,77015,51070,15234,01127,57338,36225,56036,86061,68357,39010,18134,02179,21633,10023,55082,43253,32387,51212,85070,61498,51378,40117,40110,81020,40137,09138,87034,70010,58098,97103,54493,64085,48032,51545,12011,11259,52336,10155,97221,12017,38416,50059,76414,80540,53114,33480,21126,23157,17003,79025,47309,88468,22340,95491,31159,02048,79077,70499,59480,73119,01232,28177,68034,30086,58097,46116,04211,37256,76175,53059,33108,01317,24429,76198,51242,02615,62564,23059,08065,40224,49373,65014,77183,84045,63393,51634,10079,68358,76084,02369,18128,35143,50563,57162,28167,29094,07018,71453,63036,63284,59573,40199,17183,83012,42231,39378,39111,70028,76309,57345,59557,04175,42221,2B319,77150,65360,51377,52056,71237,19119,79090,88499,90060,54416,26344,52353,69155,89181,48097,31126,65469,49359,01376,61095,46119,24487,76357,64444,28364,89325,79158,60323,51196,47107,31437,65418,36087,76495,67051,50038,19130,32350,57643,16079,46338,02565,85018,35196,11019,55414,47235,80453,68158,08291,67320,87204,16107,51535,55457,70579,32226,42097,76029,33404,34254,38059,72050,80387,80755,16139,57634,67245,46031,88126,56070,47105,25094,38531,77061,13078,41037,76489,79270,51270,60379,74090,33040,26262,43138,37158,25458,19052,34328,25232,89313,59494,01398,02238,45158,47155,12103,64345,62145,24565,77466,80015,46310,86006,36223,55050,40307,73253,55076,25036,01272,57535,78236,59622,27593,81173,46332,51246,55381,31082,63004,70159,51498,79276,64534,68232,41177,60055,77312,21472,56087,19141,79079,65406,89095,93064,07228,31235,60686,24098,08322,2A117,63458,02391,90020,44134,18281,71057,69087,02478,45107,10364,77449,17366,31193,76434,01447,12294,46004,60142,30156,58251,80241,2B190,91687,31482,66056,16099,28331,02057,2B250,35264,02723,62897,43141,04045,80133,60369,83090,57483,45115,60444,22366,33124,34222,16370,30057,77376,15070,40227,81053,61124,28187,12269,77040,24010,08278,26379,25443,69168,79153,18022,62351,80283,32146,35355,46113,35224,31129,21431,38211,40041,38438,05164,62407,19050,83025,41231,02765,01365,05058,25331,70063,27440,02272,12022,15208,11204,66204,24212,32081,71552,38445,73071,57648,59125,14110,81022,02484,42257,22328,86271,55207,30248,76338,68064,80240,81135,21033,78036,17464,27412,34055,54330,57560,33314,70400,02600,39571,71407,84024,08501,68327,50036,65039,11292,12174,91215,49080,56019,55472,83115,52274,48111,57653,64094,51563,76755,87081,81244,57749,03002,18116,25627,26269,25287,79013,09195,76569,28134,38448,07305,57698,71187,21323,28383,10419,65335,32114,64362,02745,01332,51055,22049,27334,32396,50647,65343,55226,02354,24432,91473,58128,54069,15013,45285,03191,41129,40023,76438,62094,17061,91390,62877,64465,86135,97134,01285,44142,64095,24458,51022,47036,28248,32333,85158,80365,17002,15218,18240,13114,29167,43264,86047,39367,24301,67004,50443,80078,29110,68284,76048,71007,71025,87119,33321,2B167,97307,01233,76162,33509,39449,76533,62321,42036,77294,11175,62826,21477,01194,27035,80342,43073,83039,36107,34145,04079,68016,32352,63104,11266,80769,10168,28122,51107,76630,29263,59560,38431,54299,39349,67173,79129,66227,38244,43206,51502,62546,74091,81235,73164,46017,05151,71382,05087,36112,02468,12055,32075,70277,11308,47015,19168,26047,02523,31492,47147,46060,50336,34237,68336,39397,14557,80410,14713,10283,46088,57393,25253,19017,32262,86225,88331,26054,24244,10135,78077,02486,02139,78264,33330,57576,61263,11013,85146,34240,81051,68279,54255,10109,59036,80563,17242,10440,73121,21143,76281,60681,56084,26085,60353,88240,02341,51238,55085,33537,74283,56223,33050,08487,37024,16325,04159,29053,91412,12065,62767,41097,22377,11060,61394,72085,91519,21383,2B084,38294,41228,91374,46086,38199,77021,80336,34194,34025,71360,74171,08444,32019,41164,63111,59660,45226,62455,72358,39219,31200,24488,61007,29017,02049,25436,54139,76512,68038,58223,08200,70573,15223,25563,02101,15045,53261,66055,51222,52449,77345,16252,85210,17451,33419,39206,47101,58142,71270,62012,11037,95181,80234,64353,82017,57362,39079,22128,65332,19210,88523,30176,30296,48171,77303,2B116,57220,28319,31188,19139,60401,02687,76318,59311,62180,02097,29034,67214,67239,04183,67134,54589,24364,81247,37269,55192,65222,11138,52421,01069,08334,60127,51164,56066,64292,63105,07069,80196,61076,62422,64274,41120,11256,26346,59175,48039,38147,95365,37280,37248,52013,58301,12018,74296,49288,59047,02744,90051,11051,2A253,41168,52438,80211,80105,74153,38345,48036,70008,57166,76063,56243,06013,22207,38087,80149,65225,80324,70187,21685,64260,38325,70480,90103,14378,66001,68344,19262,17390,63022,21651,82117,63042,33464,55518,33220,55298,65170,71245,37243,59619,28039,64342,76297,62187,67123,60592,67541,10105,46227,41179,86079,82163,95348,29298,27481,17353,51228,01058,47010,2B214,50471,54538,64032,88366,30081,28072,50084,10090,32091,39339,38391,36208,69157,38146,55268,11369,59535,50304,71174,21052,09306,60452,83129,41222,50629,33177,68147,42302,36166,81032,39061,09169,21501,22063,80029,2B043,23261,05170,82086,70254,16132,10284,89360,87188,72246,14179,14640,91111,59649,08169,88343,33492,63348,97113,30092,29196,16399,97202,91411,43112,31416,78343,34053,34042,11363,28363,74179,34031,60238,25514,70542,52362,27291,64237,70413,65354,28242,66128,07234,13007,39401,32125,28261,90030,62234,66088,79029,13080,04005,56167,17111,65012,74225,23101,63038,78407,66199,32362,16361,71554,60321,71527,68191,31282,70221,2A094,84009,46191,07157,11069,52175,31373,08196,80682,62350,54025,24027,38240,10070,11300,53040,89404,21050,51597,09057,26115,69071,65070,31487,97120,55208,38039,66046,16283,2B245,64344,17448,48085,78072,39070,26146,40310,24324,18125,08430,63207,34271,59177,33062,17394,12179,17417,81271,17444,78681,71203,27251,62338,44148,16404,28071,53069,10200,88086,07295,64183,15176,33113,21502,70459,80710,35079,95489,81048,56118,93015,08205,13211,43261,44136,39305,24415,45237,11045,77068,60130,86076,24466,33076,83036,11195,49381,02260,31232,53101,51537,62574,31434,37083,48139,13054,05160,28344,18035,08122,19256,32285,11270,45206,81252,61225,59608,87100,35151,49100,34221,03220,62032,06037,90055,60551,57368,85080,69110,64386,32073,60504,80138,23123,18177,48103,74067,29100,62751,10411,2B148,04007,27525,83023,29248,25214,54241,48030,26028,39463,11420,63256,40058,89173,58103,24247,50042,15113,71065,66089,71067,51660,27277,28209,50275,62398,31299,14137,53041,31457,33296,26020,12249,57262,97358,32286,11152,09233,62200,69143,16227,29213,85089,28397,28254,89044,27018,08468,54519,65138,68039,24175,47249,71505,03096,60469,64255,59118,70076,31285,59353,31099,88143,67113,32155,33007,55110,53086,82001,67242,62797,80688,62179,77214,76223,40077,15142,67520,16047,78418,02563,39324,59116,56263,51104,51182,59282,45289,04042,39017,62262,17343,10097,27258,34308,39366,70120,23011,80458,02455,67031,40139,32429,37177,27017,31319,19086,15220,89036,10229,63435,51452,33334,37175,02499,54224,11072,10138,70462,14559,27590,52273,19173,39247,12029,83078,71074,30065,56060,41275,47152,17468,18115,67107,94015,37108,63346,2B107,54427,34234,50552,35299,27042,02411,14449,12021,27046,53234,44146,62311,70095,71036,53042,15268,77072,55568,24392,46295,05159,11088,58155,25192,89461,24230,07258,38303,42017,57008,46340,14024,60386,59324,68134,32231,38029,77193,46219,54056,51243,44172,80553,63372,88008,50239,77030,51291,08384,65024,89446,89130,40043,62203,42116,10328,34282,35288,22008,81224,41142,70469,14375,16057,11296,84015,81126,72044,06046,88172,63024,80438,60075,71222,57179,91293,71164,62077,72089,87053,55041,17478,25176,24040,59428,27247,57764,24161,89423,24113,52359,64098,38034,11158,39520,43072,86175,13201,67453,42242,33514,25283,79103,01244,07276,02809,62669,57732,68025,09130,71158,51172,54329,17080,25186,31210,42038,39086,50537,53082,55084,25481,62171,47124,86073,24462,30101,62016,33505,60428,62881,57502,47005,59139,33190,21346,64155,60693,50463,91021,07307,29125,2A351,25279,91204,37200,19134,30214,71101,50467,35012,04143,17270,82168,63401,74109,46026,21093,03133,14007,27230,70239,80798,44029,17243,43087,02270,67331,27335,36154,94054,72152,35272,31496,95051,29290,42098,35242,12244,23227,15119,52244,42236,42131,80282,61421,07267,2A024,71436,02501,80187,51079,38432,90017,45249,10360,05081,71281,66203,06087,08323,32040,26107,08101,55410,21178,36130,58296,39551,18170,72190,23075,52124,02119,39147,88301,21535,70564,71519,2A001,21384,50495,80770,52275,52113,32455,39460,80038,51325,10151,71001,48150,43037,18259,32358,63268,63457,78608,37266,23208,60052,95088,44119,57581,77227,41109,38335,88012,64559,85105,15004,38238,59539,36020,27433,70540,90093,93051,31051,08313,79008,60243,37132,86022,89141,72235,38133,25326,27112,80164,73052,39154,64484,60150,78168,25434,68368,2A300,41282,68365,58188,50129,52347,27602,41146,31545,51095,01411,86239,55134,28090,86227,76401,70360,71006,60308,01382,89034,41084,60671,30243,65249,46069,78644,28047,51483,63446,27486,76008,56017,16146,16269,28176,64405,83069,02190,77438,09014,66151,33233,43250,51141,23095,45322,11064,77388,76060,14528,17447,24371,70040,32200,70395,77341,14124,02731,19159,38417,03059,42118,12286,09330,89329,56264,06131,61331,51336,77304,25163,47092,27315,70056,72147,42289,77005,25198,44095,30267,84129,67353,66165,62183,51027,15169,64317,04122,89014,70376,21378,64448,69124,39024,51324,77131,45096,93008,88356,73274,55100,57053,24032,21276,47110,78006,41235,51265,88257,59250,35177,10367,80310,54038,85001,63142,36248,18010,24209,77197,81044,27015,76273,49220,21652,57027,62642,90057,72031,37167,50571,50029,05071,38365,21469,01034,10231,68354,11339,41057,27504,69004,27002,68083,08331,80645,64117,40020,89163,24207,82166,11169,15092,52384,59204,76541,08306,57231,05135,59087,63240,33333,52510,22331,44214,80191,24587,62236,33086,60587,52290,54569,01175,32029,15060,2B112,57537,28309,62477,57137,26341,72362,57381,47062,66037,01408,83104,08044,06117,31121,27442,51429,16070,95582,62130,89327,78013,28421,30245,10238,54205,50577,01041,13034,02599,12049,16338,82073,77235,83020,58051,70088,33253,37031,51572,70525,09051,76289,21064,88011,69386,63151,10298,03304,18285,56197,16204,03179,55023,73072,32101,02506,93073,10128,07191,26279,01129,50511,61266,57532,61322,55400,51511,50412,79196,38077,39188,55433,77031,24581,66094,51071,81127,55386,60217,16240,70211,65361,24460,61152,76320,84016,29178,34038,70291,88054,21072,10194,21632,71509,23130,65126,52099,15083,61429,33303,76141,73308,31248,31343,63119,26174,95637,21546,37001,44026,69250,08128,68089,60466,91274,51305,47035,80407,40221,73029,72382,10388,46255,50517,30037,02080,08014,50419,80657,12134,88124,02791,65125,70541,26154,21304,42205,71148,58135,46263,29025,13006,45256,09206,21239,58078,39575,76442,80774,47318,08361,52023,16286,26081,31550,30242,39392,53094,52486,59072,89320,81137,27425,40148,84128,02469,2B170,09331,76571,53103,55535,88017,04091,52511,52127,33299,53156,04174,43132,25172,76197,51602,09268,33019,12062,45298,68131,73109,58275,40039,51137,60440,57405,76473,12250,36169,71145,09316,78164,79246,50523,74139,05045,94001,16095,27431,45326,32055,02039,09024,51329,2B168,47214,53193,54593,53181,38197,11042,64121,26235,11061,51656,01390,23254,35135,25173,14042,50518,54537,47312,12242,66047,78397,91180,45214,61117,80787,03146,82076,26380,43015,56008,19024,23033,22040,08436,81146,71431,17481,59009,59607,24554,01049,80406,77133,07188,87162,57019,76462,50576,31083,15163,67202,74049,71066,72054,54022,65046,55394,80467,08262,33457,47135,32184,17408,61021,21716,02623,33109,39280,80194,59170,56071,48073,47121,95355,61088,24339,65055,01274,39121,61319,06138,25082,38011,70374,89333,31506,14146,25341,77526,51192,33171,33185,68322,35282,33278,54270,81121,58205,66196,25220,80417,80801,81168,76468,33541,63318,65082,16419,60445,58150,08124,06156,22153,83154,50197,57464,88373,10334,76099,93047,59189,03197,74074,45154,14194,24572,28191,38284,15042,70151,55200,21711,02763,24293,64028,63292,28166,70350,57366,63163,19172,50389,25050,65267,57175,95026,32056,82057,14665,21688,25611,89199,61269,01323,66041,94059,16412,70407,21351,80415,80079,64485,39274,55211,58081,02813,16320,87106,73113,14180,39501,62284,64558,59474,68230,35001,85194,39227,74043,82160,27627,19034,15007,31021,56120,06034,70474,49070,57230,77245,80668,14734,68168,67066,57639,59212,09178,25266,50193,24052,62697,62788,60596,76682,31556,38190,68102,08454,26140,08026,15131,36095,52040,11105,11150,46144,51603,76390,26068,77359,81138,17218,35278,64510,45294,76373,80357,88451,59578,48007,85286,17282,59321,68311,67525,46012,82014,09070,02685,33053,45134,33152,67321,40246,55423,31464,69032,84117,36146,70023,62661,37219,08062,08492,26149,38160,72006,83015,15036,21544,43171,62433,51249,26245,25424,21717,78478,38175,62084,47012,53068,32190,80785,24558,16164,43203,38092,47046,2A160,02524,36058,86249,66233,01371,07325,55216,40006,02198,80408,35183,59274,29059,64471,51008,30228,66132,60272,62196,27455,26227,78423,31435,12090,12266,32447,32408,46220,68251,79350,38331,03268,16312,52405,86040,03132,55559,04107,19161,60427,51061,57657,01325,77174,64203,47193,27521,72096,37224,27463,02642,55526,88508,2B230,08027,74262,50142,31474,29256,38099,54058,18172,90090,55449,33553,38106,32374,62458,80351,25336,60634,60249,33525,66168,51301,57117,62709,68010,25508,50365,06078,06150,77417,32217,08433,59021,89092,35122,37202,22244,67186,25175,62902,33015,01157,56001,63305,38453,45217,80219,85181,07077,07151,90077,38283,35357,16122,09143,55104,17407,47099,15201,70188,57246,25476,61389,89341,60086,21516,33291,38098,59013,72115,17213,58130,62454,95592,54499,16012,62406,88367,27434,70054,59634,71285,87203,37261,66123,60144,24540,03102,72220,81122,79156,77144,03098,54120,03305,69285,65394,49367,55201,38292,49135,57465,07118,21128,21137,69246,50198,17174,35025,64399,81284,22095,21514,55452,30189,69183,19179,11020,64027,62204,25612,21272,02385,07002,78140,50151,59018,62498,04189,39557,54362,07051,74306,54485,07314,25201,48190,42312,29243,16415,51158,73230,88243,63232,24133,24273,52038,14370,23258,28051,04194,76212,02555,45234,52457,88223,55096,82072,25210,52051,72238,2B224,59140,14531,10026,24285,44031,88459,61029,24076,44196,65445,74242,33104,58221,38022,25561,45272,87147,18005,26337,29097,02267,34048,95197,02236,60203,47208,28300,50026,02798,35070,36137,44137,30077,77085,77088,65383,10162,25164,73020,43043,55482,07293,66125,02262,51514,04095,24126,33263,21243,01196,59499,60334,27180,68207,32042,03174,77318,71003,54187,66050,25359,53175,02177,57752,33436,27460,72075,62018,21134,25030,71039,68066,63234,30123,13101,05047,71351,07036,62220,21562,34012,34019,67324,76117,44211,50144,90004,62087,79118,17310,27576,65452,74302,14367,31289,23141,76190,76194,53154,11100,56122,86160,45178,77265,61026,85220,33507,02579,76620,60441,12184,54318,22030,09064,77080,83002,62413,2A232,36106,57072,52360,37246,22146,85111,21634,64126,77402,11294,24051,16018,76699,91593,2A056,43147,68121,33389,80805,64472,10094,71228,51470,02423,26136,89314,67475,35234,41163,82136,44165,10131,85071,21316,36047,24004,71060,41191,67147,87127,28401,07211,87089,72158,27256,84144,36203,02313,47198,74232,28395,70487,31271,67377,54040,29022,72286,77252,70192,60111,31038,19029,14448,81197,86222,32312,31392,23239,18248,22248,77390,50554,23051,82125,88015,42286,03219,62882,83065,73057,38108,91131,21177,19246,59661,26246,02490,10106,36079,56129,33151,24295,42107,08259,34015,58067,03085,32129,2B364,34247,21424,32228,73320,21160,54001,24434,48034,01036,59359,53140,22183,48027,19188,59302,25570,62490,25166,04244,36124,11227,58074,09313,10405,69017,61439,41156,56242,47048,85185,57199,15238,76638,80607,34034,08502,40330,01457,88376,63055,17244,12191,82195,24468,78647,28175,17192,32035,39184,80383,54413,64110,01145,62762,02379,17185,19121,37254,34079,2A040,38150,55067,39207,13103,52043,01263,09018,17078,50167,09110,72062,51056,76094,26317,47194,59330,56181,01415,62371,89283,58076,39502,47223,02173,58238,60319,55267,2B243,87083,34311,14078,51436,21583,84090,72112,64547,17364,76712,59079,78575,38444,2B267,67176,81290,02234,77249,62381,47264,54461,35109,74096,02759,08045,60252,73294,24137,36177,17470,74145,27349,03169,2B299,59354,34090,95628,04031,47227,55256,60458,56069,86074,40206,38509,53253,06083,58215,57284,21549,81144,26290,69021,26089,51294,89150,40085,91135,38366,80083,82028,47063,17276,16160,33221,02531,25086,31470,57177,38217,60507,46080,64201,29208,34249,08236,11436,31514,45224,89426,79310,60236,01441,10143,24577,89310,90083,06074,51370,66021,50478,14380,46114,16232,85250,62737,39400,19066,61371,41273,29260,59601,71231,21597,21069,32250,2B297,27187,81248,62402,67290,27518,21679,24213,71373,07081,76076,40118,87069,29262,77050,77300,39361,70165,27383,59210,10166,53192,23232,64153,93057,73168,39053,31290,57572,70552,48156,57546,74223,50594,37066,24043,11257,05012,67466,89221,19003,16306,21124,65044,45051,54082,57723,37103,2B095,80057,46037,62334,35040,57630,72281,01092,19234,01306,06007,06091,09184,39138,29113,02118,97231,89318,27350,25162,64390,29236,81230,69196,33366,68042,63419,37078,01368,16104,10368,14290,02038,26179,43079,21095,70085,54039,70339,72330,40228,71387,25404,30276,01247,17336,60116,62848,53036,57119,32293,09118,64385,41067,36198,73227,07185,26017,77518,10184,04088,60454,36049,11146,11009,24555,39112,13088,50347,31002,88474,10301,55344,85083,89063,26006,45209,71504,08310,39426,39051,91022,38259,58182,11134,62596,81145,63176,42239,14193,90036,50473,07190,46230,57737,80380,21704,27700,34263,25495,69209,88173,39398,62256,59017,45156,29015,02413,2B074,56021,91393,86269,67257,88399,81179,50522,24094,49306,50210,77103,64417,21645,78050,62280,25449,04059,65347,69249,78265,61138,21275,14439,08357,94074,16151,03236,38539,64438,52169,49347,51630,47306,76754,38263,2B013,23245,88386,70018,22141,33424,01170,12091,25087,27200,62793,47011,21619,94043,62313,82069,29082,89170,19276,02054,31060,43140,35086,57372,70359,10147,42160,42181,21610,52085,73114,02464,66048,64156,50541,54032,55122,10263,42120,80521,39535,60536,62871,01023,62643,19251,54080,52289,52069,25281,72102,33372,29032,31436,04120,31488,01124,03150,36229,25299,45264,55120,11394,86092,2B183,52440,33542,40167,12140,73176,19206,60046,69165,36062,64508,88260,16120,76070,01249,38363,68012,32424,01335,53152,51589,71553,33328,81019,89020,49283,66098,21009,83122,28368,16068,79135,51150,60521,71321,80570,51318,44145,62092,30211,17100,81264,19178,42035,92036,2B034,28403,43003,77529,68280,11357,41286,60703,55503,57341,27077,49188,08143,91399,84093,01280,64195,07268,42165,17004,50493,87187,89009,79124,80208,52237,35291,14197,39389,73087,59572,40315,76317,53089,31356,2B361,26261,21259,07335,21234,60145,02441,46170,80195,30324,07059,59150,21575,68330,13023,28380,31019,16049,2A144,93027,76658,63148,2A108,02608,24269,65114,32303,50076,62399,81101,37107,64431,57174,43214,17172,01012,14437,71332,14218,10318,53093,71345,83138,51199,32087,63282,02727,52456,31213,77437,64271,14005,45127,54149,55366,60176,18044,62151,76327,08020,70167,31577,50512,95323,69008,18033,10065,80646,27249,18049,21386,66111,24360,17032,27516,62838,27420,61081,29255,78506,64014,60473,25015,60207,27426,51059,27396,03008,89186,71421,76396,45300,19255,70057,27392,27469,01195,86069,59215,58047,17194,12107,01425,34065,63410,78202,87142,54365,38485,39060,51600,37193,39550,78557,69113,58302,76511,87168,18107,77078,70559,46235,36209,71120,42015,62904,84062,2B321,29049,2A014,89393,52102,15129,12043,07129,86150,77250,62573,52130,27589,71061,18284,19247,07024,51230,53271,22285,21698,50335,71142,40326,02734,51625,51496,68320,15033,15076,59303,77253,58173,24276,60585,16381,33348,21186,83088,03284,62419,12071,34150,07171,40019,62221,21371,01076,54402,01231,89089,18069,54481,57440,31431,35104,51515,27193,46013,11102,59379,27163,03143,95680,63196,28007,09159,33502,14394,84135,87199,61267,62331,59595,42249,77469,52228,57101,32070,73122,09134,58253,31368,27028,61360,72093,62325,39105,16105,08013,83086,2A022,57525,74019,87082,28183,89042,61217,70314,15057,28185,47258,02079,81321,64499,54571,34060,62451,57136,55244,86213,48153,80523,43006,01320,21542,17041,59426,08486,01108,26056,88148,79128,76385,61472,78245,29042,87131,58092,67445,63050,56188,68242,34220,31111,62063,28389,83075,41276,38561,62820,02794,49161,67112,16341,89469,53062,21696,09090,77357,51430,47113,34296,21197,65283,85280,14009,46108,87028,11325,56225,39255,33416,54031,70036,26097,32203,04171,02399,24234,2B227,10387,67077,08144,56157,11194,25411,27267,22182,76380,57612,42280,77427,63406,77321,39290,36219,81228,21099,07173,05004,50626,49362,59657,23203,78117,67287,45040,59113,59606,80435,08099,67412,80812,18269,02569,37060,76176,50208,70317,77093,33510,47189,06041,38343,12009,63010,86087,31338,09080,08346,90007,52076,45170,38308,31364,68194,24144,05061,61390,58217,26065,64519,11263,31127,87062,45166,18165,70204,17229,62217,81306,76472,14635,72041,83059,33318,60583,39543,46133,89458,10262,15061,02788,51174,76375,29168,91045,46320,74295,44094,73006,32437,72017,06082,73054,78576,33378,50509,57428,49336,85288,62867,66156,55575,93046,73025,26100,70294,45135,26188,16241,65128,21340,01421,80433,73007,58045,64294,30212,25355,60423,08218,68374,46058,04150,76486,72177,67154,50643,63049,26164,21147,61459,2B218,13064,2B106,22042,63082,15072,63450,54363,64099,06012,11196,11434,74021,57324,40090,38521,24022,17228,56018,11186,60219,77472,58009,10380,43060,11202,66019,21510,71402,71541,79089,39441,13027,55045,60151,39261,45076,21308,66147,25631,22166,60348,86090,65092,62694,07141,66016,27147,52459,81061,02634,21594,70244,88045,52189,88001,31125,02570,49267,59505,82045,35033,11341,13021,89324,60287,62494,95604,49338,62218,42020,21456,15247,51443,32460,34227,71073,71244,89125,31337,64251,08156,85292,72267,84064,08158,29023,52167,57597,49329,82193,02719,33251,62768,79355,88227,37111,79284,25487,62174,16035,14374,35172,39040,33127,07248,10338,21082,28305,08160,48071,08282,04092,33149,27587,27284,40212,66222,12150,08324,85295,22075,71185,42318,34089,25029,68085,58243,13045,44139,72171,30043,61316,54312,27570,43084,03081,50156,89406,66012,95660,2A026,76726,59106,49246,24119,92032,90104,42195,60054,58162,32267,84061,23015,60296,52455,27181,57331,72329,61447,22364,2A021,87178,71507,2B337,62178,76679,28026,59425,32167,70402,07052,12240,71543,10218,52321,77489,06094,21463,70044,50049,15240,49041,27098,62843,05017,31172,18276,47226,28153,45218,59585,50599,25180,32205,46021,43217,21419,13028,43149,41130,59338,34074,51369,64016,63466,11002,58191,62538,68248,29013,14426,38401,14468,14364,03190,17432,62213,52432,12019,57588,60646,51060,26082,77292,77313,02213,91578,76208,71104,38206,49029,71404,22240,71517,37184,29047,24532,01435,41121,50110,63362,59209,62875,80223,54154,90074,21035,97121,63310,58129,36246,10308,39239,76011,93062,66216,23133,87129,09234,85179,27630,36127,62315,09244,25127,27016,27488,62143,80258,73324,58194,42085,27325,52115,10024,50025,02032,55232,59372,39489,60248,23143,19157,33132,94033,53051,63147,13061,33170,53224,60408,77255,72248,01080,80165,51493,03042,54460,39008,25453,02602,39455,09262,2B016,74297,77327,48127,15172,39430,49060,95656,86211,67080,70520,23182,27343,88205,19174,36094,95280,67008,51388,23032,62786,70576,59275,72131,24513,40116,50368,40264,63432,19170,55265,23140,43010,51179,16168,10401,59599,16048,62618,55377,11106,74213,23017,52197,37211,74156,94028,27338,58048,74131,24162,24486,22255,60589,21675,11170,80121,26251,81274,59278,27242,64060,53267,77395,72319,59128,89084,27684,12116,24067,31295,68094,54136,45281,57329,41173,80137,61392,77109,15138,22156,38089,72381,29117,85003,22287,11043,62555,30329,01308,21077,02245,63271,19065,11229,33269,26156,27218,59104,97352,02217,51326,26285,97422,21440,62457,33394,02069,48175,61256,38270,02110,40248,18183,25483,57479,55436,40201,14069,01113,23081,39025,54339,06101,54364,11240,31180,58180,83044,71079,61294,16153,67386,34321,26215,08309,57589,62736,50074,71224,52390,24472,10268,49310,34008,63293,26062,36174,72225,57191,66074,54494,45164,31145,73259,97605,62885,26127,51398,29140,65400,52172,11165,77142,70062,40279,80584,62044,88295,79210,50184,72157,02557,14687,76257,65431,65190,39134,80603,55225,35152,17186,80306,11068,10141,77268,02440,50082,35089,03053,23149,71117,57126,21230,68382,80576,24148,25467,34268,88094,32330,38254,06071,95493,39468,70122,33131,17102,64307,62645,87182,56106,72326,43170,87130,38425,39538,31367,71287,60180,33523,63385,29133,15203,27493,34335,93053,24069,21681,90101,30283,69126,77276,61068,17116,80804,67478,62319,39153,12175,73241,51017,17009,67032,45025,24057,76179,29220,54098,65412,23176,64160,30233,03209,57578,38460,89094,33207,73090,30170,05134,02056,43169,44046,64546,79147,39119,01090,69099,62328,08168,21111,67286,62834,02353,54029,40050,14760,33056,07304,80713,19177,49036,37198,61150,14735,32232,55335,57218,36071,46034,63311,71238,64123,54230,24006,53099,91114,63326,2B045,04132,63400,72088,02402,37055,67409,34208,89165,30055,63186,77409,40235,27130,87050,01078,87145,09062,38446,32357,23067,15063,60575,60119,59228,34134,11261,79308,37197,10438,88129,43041,71090,78337,02533,21056,57753,22373,09319,63353,39203,60336,11281,37213,37168,50008,62144,54440,30302,74100,60310,31136,64400,25552,19243,51632,91634,16359,52194,46098,2A035,39146,57178,64107,60581,35252,57446,02815,02712,86038,32144,87045,33420,34192,88051,62842,37171,34196,66036,15256,88517,54525,76343,74305,72137,64434,18077,21222,53164,42143,88488,38349,63135,24210,16337,61482,11389,25320,46233,2A158,61502,48086,42115,65376,47068,88497,11402,62553,30178,33210,62281,10342,80076,56172,02063,32133,71441,25536,76350,63159,67228,50182,10176,29173,60511,72339,89208,32031,37113,31326,12210,02735,48053,64524,02754,11015,57442,31477,19116,62326,58082,17112,16352,06065,63079,53077,08375,34284,89245,25092,76750,50479,28154,48063,35208,25096,65025,41215,39293,72161,59290,49358,66171,62277,80639,71484,64019,94075,57627,79274,51353,04207,35284,39266,03235,70014,59088,67467,18166,59050,65396,72174,87109,51206,29077,30327,63339,81169,83038,15067,41149,31371,58289,55288,54517,73083,60374,32241,46132,71208,58311,45157,57071,17029,25427,63092,25374,37087,05011,33486,16025,14174,57227,77110,95014,10037,26032,01257,10173,60480,62445,26031,09318,21612,43183,19186,89256,89224,07349,55572,62100,24316,47027,28059,56162,16141,85291,35338,62752,60099,19043,38177,55479,34011,19039,64373,14476,77138,58210,17154,02448,70408,53144,24349,03319,29289,29207,32131,58257,65466,72028,50447,37160,59005,49343,07298,19101,83151,42119,58293,60234,37228,16190,80460,33428,26148,04001,91080,2B020,59028,19082,24261,21254,88266,38459,95690,69121,54045,67540,90053,60609,21447,47126,27407,52403,64458,27062,67310,65045,88419,33295,18103,19108,14366,38525,73018,76088,17011,47186,05062,72343,02407,34327,46318,24167,80477,62528,67075,72331,72107,76075,95254,05108,65430,73074,57278,22003,61503,58139,40301,59440,23191,57317,67189,32127,65078,72228,60098,84071,51084,25062,86196,33527,47168,52222,03250,68254,21491,88516,40317,11321,62320,88022,21212,88293,80528,51160,85081,80735,62652,97133,28144,29070,57156,89190,85020,57603,10344,86046,71035,39576,21146,76746,27081,52090,62273,49022,10169,50033,22266,29158,22369,26160,61039,21538,05092,63008,54478,67082,39157,81207,24413,73299,44129,77496,32149,18257,33382,63291,47125,40223,76613,09243,74124,21520,09139,38429,78307,22251,42106,22178,88052,88491,56194,78586,23253,74194,10158,86191,78185,50482,59407,65237,63191,45329,42228,03078,60294,45284,88091,28237,60638,47069,16260,77177,50525,14658,26155,43233,90096,59651,54202,02143,2A249,57370,51599,67210,57374,85303,77118,56257,34041,63035,70072,27436,42150,76101,59382,54138,68118,62726,10429,54568,77264,31008,14282,03020,25502,52055,16106,65397,07085,52388,19171,43002,25196,2B155,60047,84133,61214,80088,77524,87012,76478,18236,44090,26250,55552,48151,08086,87189,61066,60115,08233,02274,62893,15122,39428,80740,10236,07028,14379,86173,07072,88020,33216,57092,42276,46339,95462,21591,65374,76591,43154,89133,11111,14758,2B280,49298,35145,60512,24054,25454,57439,63047,51609,42094,61036,68184,89197,11203,91240,51103,62613,59529,19106,03187,90063,03308,73152,02061,54105,50488,65176,15236,58268,68099,88344,08151,23008,71023,53238,2B241,36161,14681,68253,27391,80340,54221,63338,37250,23193,41185,21269,51066,02747,68273,36185,74066,39073,64289,62452,02087,01337,61053,66179,71582,32405,03087,54601,25428,40291,80377,58278,02596,57767,78263,30143,65391,02335,74142,14664,77180,53161,17360,71580,60114,68171,40170,87066,30307,25119,86041,04094,52393,41031,01103,57283,78281,44122,52514,08172,42322,12222,57236,16166,12301,34080,74111,04241,55066,22225,70460,33222,38298,59479,24279,89055,14226,50207,41178,88484,15027,16379,64387,54412,76370,38337,01267,85045,67149,74141,01043,28213,38426,89154,71124,35170,30308,47075,52134,16416,62308,02328,73187,30108,55560,27310,89167,76756,57245,63089,26278,11258,02187,19278,25077,60110,64239,17219,89248,02752,37058,29126,15162,52446,43134,52512,30121,76119,29240,71240,17295,40078,85213,31588,68295,65150,62089,11433,07328,67415,22185,12305,43257,80245,60092,21021,34337,71549,71130,38553,70502,97416,11409,84033,80507,67442,89445,58146,78334,89302,06049,38342,70035,95476,90094,21175,02146,26372,03178,28223,25310,81164,78297,23220,12160,02284,65253,81075,43109,21490,45122,03188,46001,77094,02287,69208,31321,77187,95102,03006,66109,87118,06056,57140,68043,77428,01187,42117,21281,38183,68072,45120,57002,79150,17104,95078,60100,43228,31073,45223,91421,65168,86272,13044,76097,60225,65352,45119,95176,17072,29085,01279,59558,08255,71499,49183,53045,27063,34156,21240,36136,67265,77127,41093,33036,25177,62515,16373,51162,62404,80280,07083,12145,62610,65380,30132,11081,51135,12171,57690,32027,73303,14667,11103,44020,10031,79342,73304,71522,35136,65425,35290,52135,35217,91186,64335,71515,19198,34292,58183,65079,59006,35162,22072,57296,40063,55404,25634,43225,12101,04017,2B318,07265,60683,31478,39325,18024,87038,55034,2A031,32185,95058,76221,17349,05050,38399,54128,31331,86072,23237,55002,65194,17064,32083,73255,80814,76213,54151,54167,31288,27323,59466,83009,33319,88502,35139,39381,28281,47018,57258,79273,69240,18117,74307,32423,31043,24138,52465,77370,31219,67437,60392,78465,80085,68187,67421,89220,03110,81259,82003,22249,95116,25559,71161,27067,38295,08281,18073,64300,61097,55481,57313,90102,60194,77041,77476,44035,45277,88300,18255,90061,76233,51555,58136,01219,19258,71579,87099,10211,76287,52513,55577,88157,52249,41122,06123,80384,31048,91573,14651,2A141,25591,33043,58138,15192,14245,57122,65451,65259,47269,47163,97310,60089,06048,74106,70442,60625,30338,16075,24327,60297,33352,27595,04040,29160,07123,33522,57660,24320,25103,61379,80251,43124,01121,78096,44041,54316,55322,82095,57315,37089,34010,12182,34190,18262,29139,11432,18017,05070,27649,17311,11235,55556,47119,69200,60215,71139,59153,19012,28350,57035,65010,67120,21261,21564,59638,17486,67159,57041,88175,70172,24070,57196,63227,32435,02052,18201,80475,65421,59224,80495,52027,69061,76147,15112,60186,08049,11065,37173,97104,84052,80359,17414,16112,80325,74183,67179,25418,94042,14540,84059,65048,97417,52397,42029,62302,10034,23138,80555,09025,21189,82189,26338,34028,69161,62501,72189,2B052,14756,11107,57684,34033,57674,45131,51266,61252,02085,08434,39360,32345,87092,44202,56034,77196,38499,71198,11026,18258,41258,54542,76689,62516,01064,76232,38501,89411,71274,80742,32206,29115,50384,08083,65309,28118,18142,21294,25313,28141,89282,55372,2A186,81074,65281,10320,54166,23087,07150,43099,33316,69202,97117,59183,67195,74148,43189,45038,43126,35075,80218,54020,46272,25248,66155,76420,69090,33396,77223,57380,40140,63388,45124,89422,77018,30216,65478,21198,62317,80490,84051,03036,28078,07262,74301,25305,54522,09007,71009,52528,21608,58087,44163,65304,32270,36156,70455,06020,61349,28321,01045,24335,46334,40271,53087,89024,23104,62034,34307,24543,57382,63130,55141,28400,34230,37143,63021,17415,43254,37118,53108,17323,51279,09054,71261,53242,59199,60630,37188,72151,42234,89058,2A131,06137,09073,81299,04136,83058,41150,21569,2A284,95388,66133,88189,57398,31155,57265,59562,57536,22186,60482,70372,55328,67327,57554,73059,78439,21450,64315,76364,56103,59462,93072,28239,67551,77459,21081,27201,51223,87104,46093,39191,16223,28128,60273,31196,60404,17207,35138,45242,33552,61303,03093,38044,52380,29174,27554,89086,61264,62052,65433,87169,28009,88127,24401,85008,77090,39169,63045,49099,24008,07189,50278,78009,25243,02604,57138,85289,37186,22048,02553,25053,70136,02587,95611,55058,02812,89019,21429,51129,25360,70100,50315,97610,80092,54065,54075,67358,54108,64363,86078,51479,41131,26122,11247,85302,64059,64243,51016,46076,17374,63439,77167,79293,92012,2B304,87205,29008,59516,65213,69040,72266,31187,89364,11306,63062,76534,21364,25031,60487,33164,24526,03108,35029,62592,58148,60060,51457,97607,34245,34111,28323,57618,79239,60184,57244,02424,10093,34183,78278,18249,02193,29285,16425,32273,39173,60298,55349,02832,65021,33454,33224,46146,28407,40120,92063,24048,31212,38252,28225,55307,31483,02362,50241,62580,31306,27337,19288,02027,80304,59214,71443,64173,60229,64266,24437,03025,17283,25269,57064,71100,10233,74159,50046,02184,86003,65265,76728,16090,04070,80256,2A282,85191,40129,91159,80422,45335,07145,72353,51472,87206,62780,47120,67181,50417,51620,88002,01294,23079,33304,89056,05019,76540,79012,19135,21301,88271,45065,33029,06029,22057,41198,62212,06072,07272,85142,35266,68334,24353,57237,29175,33024,82092,02216,16217,30275,61382,47232,56149,38161,02465,65349,02215,79069,03118,71333,04096,35300,62440,03232,02088,33147,30295,90065,50021,97362,91581,64518,17201,95527,04180,41114,16108,70082,61209,18154,52473,35191,62464,51337,68201,18055,51578,82152,50032,68238,45332,54504,65236,45014,34295,57032,45325,16142,40329,30319,45039,94053,88232,2B109,95039,2B365,10441,10075,21280,76001,33274,66054,02117,42194,02305,76433,14160,49174,45321,39408,39487,11288,94018,50624,45207,63208,14166,08147,34123,04160,93039,14480,03193,56044,35092,61048,38188,31096,60134,33326,46221,48015,21496,16414,09213,16194,62594,30003,76458,03124,25251,34322,65115,52141,21568,95268,59400,17381,76488,83132,48044,62907,38042,03313,55247,82043,76028,21057,45228,55395,44180,54317,78588,67375,28282,08256,07313,31425,58168,58219,63214,82111,42170,18270,76363,81176,69078,31484,38500,76672,38476,62607,72019,36065,90039,45079,31224,19037,54281,33087,03168,02433,25216,38310,39211,17358,57637,02203,85305,39171,91533,30235,68225,65100,62872,38462,27447,79259,87002,17467,2A197,33161,03248,22107,30186,41226,34073,21702,50461,71286,89405,54035,12004,07242,10096,54130,31142,55221,25571,25588,33534,33057,31538,70045,37076,40046,05023,2A038,68321,14229,73012,64033,90002,17166,72127,02319,87115,26363,51396,25523,17197,07333,85274,72230,73293,85016,38180,74157,57499,60492,03129,71497,08491,33471,51594,31339,59664,22361,78208,39345,60556,42043,11332,63011,97602,10337,80647,72194,24192,17065,76300,25494,62684,17048,14125,57396,34231,31324,67261,31589,22325,59246,43032,57478,34340,57308,18157,57043,08419,03247,39518,31123,83010,22250,55347,81110,18149,2B140,33002,17307,60146,88218,53235,71395,44021,62372,79056,80444,64127,42339,53113,05057,80440,23247,77378,11074,16295,56042,81025,77247,17240,66210,62441,64093,07329,61178,27448,54131,58171,2A349,21193,58127,33373,70399,01198,51319,07062,27625,70387,76152,10439,15030,74126,35197,71292,59201,52181,09032,32361,68265,72208,17347,15184,70220,52160,86202,26302,42157,07288,06073,39235,47002,62757,02709,88294,25139,49009,81285,52221,04026,62108,16372,69001,57173,54099,76323,02456,10013,57298,60481,59456,06075,47082,36157,02010,59542,32138,57533,11385,69070,60179,80136,18178,62633,70158,67206,60457,02002,40217,14190,48107,38516,32028,32258,76448,44192,71574,27025,55042,65419,33166,58120,38328,54030,61453,47076,16394,16076,51309,11284,37159,71546,39118,76428,28375,60001,26331,72223,2B315,28382,28253,13106,56072,21025,70335,34266,03204,08197,16279,72328,87004,24531,76745,51275,64407,59135,60552,71241,21008,10010,51282,02149,11405,09175,24271,46202,93029,70262,57730,50452,47122,11252,41189,79309,30227,72231,41267,62137,80578,60268,36004,17315,69022,28100,21273,62570,94055,28419,63236,78545,04236,31353,07229,61358,86258,17125,07019,63429,93030,07316,13001,14003,19131,57760,38169,59167,55181,56182,88498,40072,33081,24251,50222,64061,72229,28270,14163,57222,29176,60235,11191,41123,78417,55046,31207,28235,41115,63190,43113,43062,09207,09203,89072,40322,91376,60484,76005,27475,57290,57707,52332,57311,85234,53034,50612,85167,17476,86184,33337,45055,71506,2B125,94070,28178,31177,61490,64268,50288,44185,64273,30148,77480,62231,08107,70313,04172,73326,2B075,30210,62446,30087,22320,72179,83028,27679,55276,84014,09223,47128,23263,25194,56212,64291,67484,85247,27302,19111,21208,26305,95594,57518,80626,51101,21488,80334,51253,10291,61005,63464,80064,35045,54346,29107,54371,33047,41050,62631,36236,82071,40166,22020,64413,35289,02814,52304,61078,31456,09155,97214,89201,57743,35095,17480,57277,33451,66167,32219,64437,10067,71391,60293,27465,64182,42028,27668,67029,2B238,08057,70515,02309,77331,28365,03046,30046,63120,77517,74033,76519,08280,73049,21221,72038,60329,17158,61323,02664,45216,11241,31491,34068,65134,21048,87166,32316,54028,70180,39126,55255,02371,21068,62382,22307,72199,57480,40091,21158,03023,08212,55494,54067,94037,52072,02109,09218,72071,85025,37138,50024,12287,70453,22263,77106,88362,24454,65098,67414,77279,32182,42296,21415,44213,28405,72051,62004,91223,67511,06086,80423,68285,62766,14228,07070,19045,81083,80650,80431,36197,45232,07226,46008,2A062,01088,07120,62421,80684,12079,76469,37140,09254,32041,09323,59085,60595,69259,12223,76244,36092,21690,54484,17453,39026,31239,74112,60647,21528,32235,39429,60133,40022,10145,62816,61414,69252,34336,65217,46280,80690,21448,05078,36051,35105,70024,17294,28024,19277,61321,15158,36145,02668,08150,37026,82148,76703,35059,42311,62272,88192,89240,68269,86280,12296,60396,62651,32110,79042,28008,45257,81026,57620,60230,43009,38495,50130,32215,94003,33301,51655,71308,12295,15116,51395,80116,55291,55036,14710,26348,14173,64382,58154,74292,27347,64329,17106,23213,72296,25099,47294,02244,46159,24134,55541,10235,62476,24002,11412,62647,67477,60370,63099,28393,25328,10222,85304,03033,04206,31410,64104,63374,38468,89054,65329,26309,2A127,31027,67137,81087,63459,62841,80721,46148,54581,95450,63213,91599,31100,34343,39174,77455,57385,40234,05156,35108,30316,79086,52198,28103,26064,39018,95218,06063,54189,64166,97219,61049,34184,58095,23218,52305,67458,60371,59316,16121,62559,64102,12051,32132,52542,62453,81181,24111,65415,91075,25413,42313,38117,42044,39373,88530,70087,87007,76236,79216,65206,50388,54043,88088,03083,37099,69102,18204,68303,25223,17324,21171,73211,57342,39388,68192,22347,52164,63052,31563,22358,52349,37093,2A118,37201,86247,45230,82022,25065,62565,32246,31044,67135,24376,67461,64087,24395,21466,14252,78674,67522,76199,01255,62401,59627,88246,59594,31221,45348,09196,60667,21181,09099,84097,58033,31347,64144,07291,88159,03240,85067,08252,11331,22126,37013,16354,21219,42235,57510,14102,50277,16046,11265,77369,57142,84100,2B342,80224,82100,21614,64108,17208,55064,60615,41028,02439,58265,57731,37063,41225,71388,30068,73221,25520,78227,23047,51042,79177,35316,21040,70577,51036,47043,04062,58032,64070,65111,56140,43252,60387,80651,50147,41139,59042,62700,2B208,59107,50299,54540,56200,64142,90003,02180,26266,89295,10343,41118,08494,31315,10374,88495,21049,88251,87046,33061,22306,80247,19112,18018,44159,50582,76456,82025,22386,72338,77216,62744,32061,76609,39091,71137,02421,60674,38330,43056,27075,35042,18230,11001,04053,60640,85015,67027,31222,02279,33243,32298,74002,88385,31505,64393,36119,33014,39240,86123,10100,97312,13050,92004,02364,95682,39301,48177,49235,86177,32338,25109,55262,70206,51163,22127,34267,34098,09077,15128,28088,03215,44103,17253,81159,33518,46105,2B083,09229,31068,51248,57224,58169,41219,62763,16275,06133,55095,65148,59161,02773,54595,64025,80632,85260,55119,34338,61237,31079,85197,29063,80179,08355,07201,76059,16114,70296,57200,59526,85231,28188,39528,50246,76126,76202,54243,16374,03206,76177,85036,16127,71493,81033,28021,89347,67026,47145,85035,22138,31458,47304,10393,18045,14059,29035,33325,01181,50268,42105,76695,33350,2B029,22155,63472,59086,76503,50041,72386,12044,88279,21115,87090,62248,57325,16158,02762,2A247,12098,57025,24240,27320,77099,72289,26175,76457,64339,32094,37037,03243,80397,35024,76286,81309,21461,88076,57213,77430,11299,03290,89041,55466,59512,77136,52246,35195,41182,16292,2B054,25003,19158,72016,70152,14116,25275,12274,77441,80027,36068,88262,58288,61199,85050,02134,80443,21285,87033,46216,46090,38249,85296,34005,43031,73268,18216,10314,70349,50502,37073,11220,62735,39372,16169,32409,53104,53147,62701,73262,85117,59592,49371,34170,51097,19271,81069,59207,13202,21503,14084,59056,54055,27656,24366,14127,59411,03263,57677,71214,60251,66129,88351,76683,2B179,15022,32319,01101,25063,80463,82180,69281,50400,48094,2B333,71490,57750,75105,28136,21330,72034,44005,21565,39003,60118,97215,82116,31047,25005,68011,36180,47216,55079,02552,54374,32130,14064,09304,07244,27278,85259,71219,68023,88430,56255,17332,18087,34114,19008,46335,63198,74079,10234,22094,23169,02803,44016,11269,36192,57740,63173,39097,48069,04006,62665,41248,86181,02171,79058,30103,62819,62125,64298,62142,14466,27432,13041,57105,21091,59190,39577,53124,32356,63063,03208,46167,68318,14337,58050,02124,76553,05010,64290,27202,12008,71289,88254,01369,95142,40258,2A308,65319,10253,57248,76731,41157,35097,57075,41091,39412,77143,68137,53145,24448,26048,63461,13035,50225,49011,47139,31516,06149,34036,21411,80022,27011,88440,41224,60584,85214,63034,70285,46304,30342,26118,44141,76450,02515,46057,80782,59446,54596,43026,60525,74185,33082,50444,76183,88368,36181,86250,31412,62560,63132,51628,15262,51640,40147,12273,55224,03234,08148,59334,14130,23206,67398,11283,30229,37150,22175,46111,27474,76298,41029,62664,61425,61273,31217,18289,03105,65294,08185,21412,73116,16289,87037,67449,76498,57209,17137,33403,31057,25038,65355,76057,86265,23238,51604,17076,83061,15014,02172,25459,02658,21390,79204,65342,52445,71258,89390,54344,58132,66108,30337,26195,60402,17012,74116,21527,02539,38412,32204,80140,76024,25329,39420,57747,46316,67196,76214,84058,51531,39421,27312,42023,83073,51093,77011,67034,13014,80418,95002,72219,57033,27003,86091,66225,84017,59339,03287,62086,26273,44125,05036,73084,34064,42108,69245,40256,08391,58061,79277,57526,14101,77282,18264,62122,16406,59226,21085,02538,39285,26060,51047,91587,39584,02098,55566,71337,21332,80095,01138,26159,72370,48181,70421,46185,45302,28221,79250,31293,13069,80236,38005,63129,25501,08499,35302,10394,30124,89062,37257,13067,31325,61165,59089,88315,51657,2A191,56174,25361,57187,15159,90024,33277,56214,88277,76015,27605,71204,02624,35362,81117,11221,43213,57102,18124,25498,08008,57487,62796,45017,71468,76555,60211,63097,54019,29238,11388,52063,54351,16331,59333,60415,59631,52004,2B236,25386,88417,07154,60167,23162,04104,74177,13042,14579,06120,37231,2A200,02321,64531,08471,31380,52254,2A362,29274,61475,21682,14357,56131,80099,60701,69091,58144,32264,21707,62620,45288,65477,92025,21232,35327,60259,52544,62674,29165,88102,14012,21020,76443,33044,11347,55297,39185,50060,90081,09142,80791,51368,12200,80756,39423,40055,64338,64388,30209,62296,38392,23265,10076,61051,61238,60557,34063,38433,50430,59112,70319,50589,01277,69138,84148,55415,32220,12094,59059,78276,35121,89337,57065,22052,33515,89203,82144,05158,58263,09264,35116,23188,25426,68286,29028,76702,51082,69291,62692,78416,89298,62537,11318,17309,12183,31283,02050,02261,51087,11245,77343,46096,38470,07127,51085,87095,78146,58197,62790,71403,33548,78123,10427,76342,80284,59481,65318,31562,73070,80002,84085,51306,76399,91617,10028,11137,82146,31059,51644,80294,05032,68381,26033,89348,02679,77405,88092,42164,42213,67435,42299,30269,32102,73232,57640,77310,62075,47210,51539,79179,33262,57751,71002,17388,24001,85046,47051,47032,69049,67129,14117,61370,14410,26339,43185,70251,59263,70038,59482,02606,84023,89045,61190,08428,11011,53002,86299,27652,71440,50446,57555,32153,24182,65240,2B309,12251,39057,22337,80592,57590,72336,58193,19217,10198,48110,07156,77387,67092,08096,57638,43111,82004,09194,80487,48029,08336,35308,61176,67491,12261,72224,31291,59041,62649,63157,38290,71539,47278,27419,16199,71234,59269,15133,12016,40132,2A119,45061,47008,25369,62216,07040,62215,05119,80809,60121,88174,72354,39221,73205,05101,51046,79087,03057,17319,31173,60673,56244,49007,22195,32308,62045,21479,61086,01351,54566,24085,08232,85098,56006,60531,50270,04224,54242,63415,02015,01299,25622,17010,51227,15098,24034,95110,02633,39473,54036,76557,2B199,46269,56137,89307,07212,62519,62285,28184,15217,27701,65162,62025,88273,46306,89334,30354,45142,65040,25131,10307,38141,61166,27110,66105,61363,77037,77102,57113,25535,08311,07217,06025,14232,51624,61071,72276,19204,37090,89127,88120,14122,11073,08190,16103,39494,68255,69030,03278,52119,59134,27129,85095,60619,03055,80349,40070,72351,19192,36226,62855,80620,51054,46063,09212,24294,74004,62489,57704,55510,14556,88464,42062,39035,51492,28394,03212,52006,70267,47325,12280,09161,43020,50437,09236,95149,32297,74165,66009,62794,35019,67296,21694,43053,27542,80331,32151,27127,45276,43024,51447,70466,44143,54179,62895,86165,77308,68312,54251,12282,30277,63166,57202,02408,19074,24050,57493,10044,21164,25309,35008,47326,26268,88165,83124,03088,58298,80808,64168,25529,32229,54121,89321,27104,16225,97614,62316,28142,81202,65334,02255,67231,87193,17259,16059,30084,76402,40205,85110,23154,56082,38530,30002,31389,33102,52282,87174,54396,73091,37067,25595,28269,09050,77485,54338,83080,08173,52394,02251,55105,08017,47251,94067,71548,28087,61400,27321,45341,77442,59221,71532,68349,39196,59205,47245,43144,23073,50112,69029,65050,52247,58110,80484,51203,55504,39159,15059,89440,82055,32422,14575,76575,80321,59487,50442,08153,35082,24264,60437,79157,24035,12163,52200,66024,66177,60010,61324,28074,61075,60066,38554,12083,74078,76180,02322,78165,72193,61060,2B012,80472,37264,71280,45305,67490,2B231,81036,65083,38063,38309,54405,64297,45269,25073,53106,32300,91495,88310,17182,25522,81129,52062,22002,65417,21274,21670,62775,17043,41106,02527,88177,38307,72120,26139,38518,27472,59158,02209,63009,59522,95555,67351,33353,67341,95295,16145,34092,31297,53055,43212,10195,11118,55498,16180,02780,71326,72245,87191,77495,54513,86143,53188,60255,42155,25240,76642,61302,26199,52158,55258,40285,30042,94080,91284,54014,66121,11085,10054,01199,72294,26080,72270,09322,02474,06011,58248,62224,63272,06155,74219,45260,80032,80126,18211,56133,25553,19250,39129,65404,31455,08376,59318,86098,43196,26198,21096,67392,57335,31377,23146,57459,35140,28096,70249,88221,82162,89483,68329,12293,62343,18189,32018,81088,80272,28256,71510,56025,22302,61278,13012,77206,40306,61074,60232,62410,22304,27012,18011,02397,62246,52216,59497,25408,11439,88213,39317,45306,21080,52245,42269,60597,40288,79132,63358,09239,23201,01412,54392,35062,76427,59227,50176,63037,51144,08058,39418,54289,33545,12167,65196,44106,38317,05165,56207,35080,17039,76487,77165,80456,88160,81023,30033,86233,08063,55210,52146,02169,52392,09208,54135,16205,47023,34021,69290,63139,69171,71525,69271,31052,17224,24306,61193,24361,45118,41048,05183,74094,37053,77010,65248,59272,67536,03056,17018,67381,50259,80625,45334,48131,16276,03154,21397,59053,64347,25444,22286,47022,61052,55183,65220,60631,33209,32412,77146,21047,16040,65132,90031,06160,40320,28214,59211,64197,39028,02403,42237,81037,73149,59279,31421,52493,26051,61163,68241,89168,35203,62219,50567,08154,88195,80547,60254,61230,16036,21216,14043,63192,71172,41216,21687,71528,76259,71465,10073,46294,65256,24390,60332,10381,40114,91441,2B206,80753,72282,22041,09123,70535,59163,91514,61050,47065,55369,39238,71192,34326,38318,21418,80403,80478,38419,77457,57444,53074,07193,02227,82140,54468,07277,63212,65081,59296,85112,89316,27231,14506,81002,04181,59058,72293,12178,01439,14306,02205,22238,17273,48008,70179,62304,81124,97114,32053,07270,15190,55422,36235,31405,30330,31417,76739,67188,18242,01200,65208,87167,25126,02609,52310,08416,62818,53249,14111,31170,89462,47274,02419,31266,70503,43198,17335,13065,82101,59398,29076,70506,14460,76497,85061,80063,28013,37226,81222,59097,44132,46173,71246,24066,51133,57413,23113,89122,09149,01228,64428,57470,13053,21558,70162,63012,07035,92026,33176,59356,06026,15146,26092,38171,29212,59543,67003,51109,62290,11027,52003,31362,73146,33512,59530,54356,45179,60221,34138,62111,56206,06003,02141,24296,2B233,38329,53210,12064,60302,55021,07198,68281,70511,23137,21606,80752,31387,63302,14076,18047,01348,77319,27654,56210,89247,72184,2B305,08228,35342,86139,70182,50214,24418,03117,83014,72132,65043,56097,63408,34009,67229,05123,91121,40286,81313,33399,91275,14332,60598,02498,65155,83096,60065,02022,31191,17107,18245,02644,36193,35329,33343,62039,30144,11291,38250,17184,80795,27522,77148,30185,31578,12260,39348,80405,26294,74310,76504,38215,25601,60356,29135,36005,14478,62540,77479,16096,22012,16032,93013,89101,09217,16134,41070,60621,71565,02578,80018,27540,06024,22242,65266,55155,71555,22349,72026,65247,64139,02491,18021,76266,62722,55445,18227,31557,26324,51350,63253,02431,76751,58165,51255,47180,54404,60162,68005,70473,71021,2A146,62323,12227,30294,85118,62511,80609,17443,85204,88238,32278,15140,81064,51013,64220,78358,38103,14097,02722,27243,27165,95008,08076,77168,82164,26094,76561,91579,07264,69298,34293,61491,67267,22305,11154,80559,21613,13094,22295,67035,2A357,77525,2B274,16256,14566,76568,82099,86054,81090,60564,57592,37050,25170,38369,40160,28299,61351,80077,27655,72124,68110,35028,09111,27339,77271,64229,45328,28085,14565,12241,76205,27395,09041,09043,55362,43061,27103,16058,24508,60168,08341,02637,80542,55578,33012,61317,08257,2B257,45104,60644,02082,65020,59574,66234,56154,34182,14326,06059,62869,55144,32165,07269,16393,72303,42032,23148,57251,90078,24020,70197,17391,34083,01123,89425,50486,25461,29143,02677,57610,79326,62603,01429,57376,95539,72154,25304,49261,59011,29103,13107,70013,87156,61327,76074,54102,34103,87149,06016,39037,37134,10050,71390,16150,51334,61474,29195,78073,47073,51218,06093,51155,61098,51184,41252,39546,28306,27273,62069,72072,57295,24129,2B264,42089,01062,24408,40014,53182,34310,82175,77365,22299,49110,61385,16081,22281,89410,24524,34175,21087,79208,60173,62670,39140,54395,77507,85164,47203,02410,14273,28222,33387,02607,47241,67100,06031,58143,19260,61281,53269,71239,80074,81277,88290,2B176,89051,19132,24534,76652,33117,27456,30021,03032,31301,45155,39312,52025,72039,24046,86256,43085,63183,54034,60282,04018,21264,43004,41099,16291,49253,03131,72222,88374,60327,73323,47285,70116,36093,21664,32213,42207,67160,31575,65408,03210,77172,75107,54450,21103,51038,40004,23164,58013,82047,87070,29045,21368,88303,64152,33417,27206,59459,81189,78486,03262,17135,57085,55385,45307,24351,2A163,67101,80232,08479,67223,95598,54041,55124,68054,02225,35034,49003,57437,58131,78160,33084,61407,21467,59623,10347,31420,38395,06051,14552,25041,50648,66070,89040,32433,57399,88079,38488,2B072,53105,21314,34044,97131,54545,44114,64433,12075,49241,48179,02580,21097,02142,46271,66139,16030,31024,86083,67411,70184,71508,76148,49344,02577,73082,52502,66120,73330,63019,56098,89187,65181,17326,28208,31332,58017,44174,27184,71207,71394,59242,14607,60477,2B078,70572,88423,14135,24373,62202,27299,53174,42196,02749,95154,27023,37033,46092,24350,63315,33421,10339,17191,54315,30051,39444,87172,31268,63077,42076,29048,51076,42268,76602,26208,58079,77204,62378,68129,68173,52277,72111,27286,34197,04123,32160,84102,86086,73133,24538,28371,69002,07131,64449,85072,01433,67401,77498,22189,67226,50391,59364,02277,16078,76047,48128,16082,67047,74048,88280,11115,10181,03135,71370,61116,80416,54088,44164,68341,89028,21130,62870,14278,22262,43210,64050,46051,01361,68015,34334,54467,67328,81213,82097,27161,32294,37091,74026,85187,46040,46075,2A212,55511,32176,54502,51455,92050,02014,73296,2B293,02698,34323,88040,29209,54359,01356,62024,66173,18190,79057,03115,65233,71045,06077,26022,32282,62241,24082,52195,89132,24157,71531,07038,80810,33487,80704,77091,24365,89153,26059,26361,94022,60158,32142,67354,64124,66072,27658,88441,08445,72080,17290,85090,43014,80759,03245,77504,78361,28155,84099,04051,93045,29083,49012,79220,52212,77461,08427,50295,52419,32079,63334,74052,14570,40168,01185,37195,23210,28327,91468,54352,50533,73256,82134,63357,79070,23260,84032,51497,54394,17044,89315,34246,66077,02568,02107,27374,41030,40061,80686,91521,76120,10261,31357,65056,14203,64285,26377,84040,36073,23090,24123,76135,54551,38068,62541,02827,59101,26193,27563,62295,56121,56215,24263,33298,36103,65201,65109,17237,57079,26299,54431,22015,78152,77169,43152,25315,51219,05155,59144,79299,08399,87103,17024,56101,34046,67078,11328,70166,51236,10185,19047,90015,57519,23181,72153,78403,35056,86147,2A085,01227,16063,68352,80489,70005,88019,12074,84013,68036,44121,53258,60109,21037,65437,26264,30199,39229,45063,58085,51645,64337,53039,21303,73231,46044,51509,60082,68124,32394,47106,34095,08296,45274,80412,2B036,62283,33536,74010,21521,80619,85051,38222,38218,71018,04074,15009,01203,71048,70343,22315,30090,05145,81081,24164,86082,19142,54514,51608,67295,29029,24171,12027,88272,01250,62813,24338,72099,35039,25252,12010,91112,71077,79063,47276,21566,56169,62849,53143,68020,80100,55149,47302,38498,40042,62629,54165,62890,28073,58172,56248,21002,57349,28098,32280,24150,67162,62292,61274,70029,22233,43019,76110,67534,70337,73041,76049,60277,80687,24586,42090,89242,12096,60577,59151,14316,57577,65441,47175,63026,11348,27004,57069,43181,57238,55253,36216,76322,26218,03069,50543,22275,57756,97228,69254,73322,42128,67529,14483,08408,10227,14712,95488,39545,82113,61329,32107,06132,73003,47187,15114,25014,41032,21104,52151,13005,81010,46315,60317,58149,70248,63114,87061,37279,18210,10329,08476,22271,43155,25397,60527,14062,79340,14123,25049,81066,63239,71177,80517,27064,84079,89137,39124,62154,03238,40150,13046,89087,95492,21022,23001,27119,25450,02409,51453,88371,09100,40328,73229,09221,95427,59136,25211,37114,54419,64245,87086,60488,55051,17159,60274,69044,62854,64309,54018,08298,61114,80014,64228,21567,59292,67174,46259,78402,42169,40099,71125,57018,51635,67510,97110,29302,43162,02062,77244,56057,01057,64049,50101,95541,86102,63215,02715,46266,80748,72368,12192,59143,70146,07297,24277,21244,42246,03272,62831,01321,63110,21530,67336,63179,01118,47303,35247,57748,70316,91037,76749,63155,09137,25415,80173,26087,18253,39150,89065,27355,50591,68098,91540,03277,80656,67501,47034,35281,52083,72191,12257,03255,21342,41079,71413,27473,55363,86224,13079,26301,88144,76690,67133,77360,33283,03299,47086,61034,47279,30219,87049,25377,31429,77263,57384,32112,14054,60360,67489,55469,33452,55505,76006,59369,63278,30004,71200,26192,19235,23266,68219,54076,42208,2B356,42005,60558,52012,67249,18052,02640,85103,39467,09226,29216,50340,79140,61255,17132,67237,58042,21109,29271,50164,80269,51435,17188,55500,59110,80328,35287,84112,45347,25613,64147,74278,55471,65160,80159,74136,34211,03091,15185,57077,64270,80221,21647,33206,27354,47299,62318,60191,14328,25583,70366,57550,44144,86152,70286,85261,05013,54063,23235,73130,86106,39390,86051,93006,61457,28339,50002,27152,85262,26165,54464,19049,50504,11359,70303,03070,38105,78209,16084,14547,51226,51522,24317,14270,88268,23010,11406,11140,80672,28203,02558,19273,69384,67405,64539,81063,36168,01416,67063,10325,27114,50169,46030,15066,85186,21641,61085,11295,21662,52306,60239,06151,34162,46103,76227,33392,86028,72036,31140,54326,23251,55280,38422,88526,85100,15015,53222,67454,14699,76408,02447,27661,29150,51005,87138,28062,61289,86122,35317,19268,65087,17096,60070,10424,14467,80385,2A061,67216,40071,81092,60666,25475,56179,41172,08401,78068,68056,80120,32123,95627,85092,60661,32080,87197,78007,02130,81251,49195,80574,50083,51373,59045,80200,2B275,68007,08023,41188,31030,33183,80176,83027,95011,14035,86017,62675,55089,64277,64443,89011,33242,59023,51659,54094,25011,32201,27444,2B217,89147,42176,74152,89118,54083,53218,01367,63197,33270,83070,2A358,72334,09127,17411,59236,02197,01293,14496,27096,08264,79172,86156,31156,89380,21117,39100,45238,31407,67065,46204,27695,68383,55099,55116,80276,90089,76064,67346,67200,88134,57651,08452,2A285,15065,64542,21487,41295,65260,45324,02540,76707,38278,55374,29119,73097,81211,53016,69231,52276,71463,17156,84068,27415,29033,42211,77246,21165,88016,86068,44198,80573,88193,50565,41159,54079,67236,80409,16268,55396,57445,40203,46189,70027,27378,71335,57300,52030,08369,03082,63433,44158,60257,63287,27240,17389,64332,59329,22096,41132,70261,60226,53078,12093,07003,60021,66076,73193,58206,43089,59310,02208,69095,52491,26112,58226,29239,80203,32268,24479,15093,03165,57190,03009,25148,85042,24545,29286,34039,17051,91666,60212,30306,01406,51002,71571,71122,56211,44043,21028,13208,71294,76349,67517,35228,38296,16270,01117,25527,72155,28358,16343,09291,38253,46164,67022,46089,60333,63465,44169,22289,02416,81243,78406,30116,27545,79352,02739,01089,22385,62123,63093,29205,74024,02037,10089,37097,71232,26201,01243,62314,69388,31449,46142,32369,59367,35232,32209,65429,64529,02160,41112,88316,01156,89385,43163,39406,40277,71205,33322,38313,65461,67363,32118,65462,50282,72332,84035,37252,19156,50369,47115,51149,21666,80080,40037,35067,02530,83110,64190,07213,28201,56143,46175,77020,54297,01074,59138,64259,06141,72079,25573,30061,17434,95101,85115,05098,02576,02207,84139,50297,62667,07300,57261,55507,10221,81097,01099,04139,09129,82040,38030,45292,42264,04046,70574,53010,66039,59001,62654,54225,38463,03302,89368,50476,68226,57528,74164,26288,51466,22259,66063,80141,68014,27689,11022,63323,95509,41291,38036,81270,16366,23064,14239,76354,02797,55175,61148,89252,70422,80480,32186,27555,38072,38565,12052,65348,41184,73024,62037,73235,39522,33261,24220,41035,62128,35335,07260,77108,21494,42327,41065,60204,31323,65154,21483,27036,42159,32136,51548,08019,17400,65232,85159,42261,57088,88463,73261,13059,80562,67083,67255,67508,52059,27222,80059,07061,42325,16019,17252,49113,60017,28146,88264,38457,78396,70129,95504,87185,31396,59218,08352,10376,03013,79134,09124,55170,45308,88404,23124,77460,02012,14143,28105,17425,67060,08396,43046,13117,78518,60208,50372,80148,93048,14237,31163,22083,81265,25592,23200,57115,46123,88494,80166,02655,81161,57302,94052,22234,64368,59328,14093,26034,40259,94060,14087,48160,76299,35173,69191,30284,80228,02710,23259,21657,29171,71537,73053,73145,83021,03011,68006,15214,39495,76698,42200,34096,81200,41137,36046,41268,40011,27261,26216,44204,71334,27377,21112,45344,48138,04012,43083,89350,77305,38210,2A228,76038,30015,77453,21046,97129,54414,40244,82165,51446,61180,16329,27622,01110,76447,01179,69043,16097,28229,03136,56204,12164,77185,34342,42230,25425,62524,80538,85073,76422,57388,60154,23255,59348,68022,43071,84126,82127,80549,31181,69382,26002,10119,92076,57716,80132,46137,33249,06153,07032,02688,33169,31576,88283,43028,14349,66178,24252,26147,38467,55357,80778,55360,55206,32367,16334,80248,31448,60682,74119,37136,17375,53196,02512,46140,02686,34140,64556,22103,40214,69122,61001,45045,33526,65036,89463,51454,06047,86093,65263,60263,15094,34127,88038,14475,76686,62091,86289,88110,89119,52541,44050,56039,10154,29282,68160,17017,47178,14355,32212,78217,18037,34305,25295,08067,87074,72211,80596,23217,09249,52044,57108,46194,58313,31141,68342,95063,01262,26030,14167,03292,67388,68277,09058,70467,43188,2B302,15010,82037,25307,59397,86063,59360,2B169,67292,69166,24005,63005,21029,02154,63319,55196,47311,15188,50252,02019,69063,16101,04166,77464,69093,25496,70299,23120,81114,25419,90046,64361,26247,70200,23205,08456,24018,79030,27076,19083,2B289,39131,66144,39145,31252,34316,88104,64432,27685,60463,34291,62604,47272,11400,79217,47162,68151,54011,77035,75109,18218,64426,08032,11131,31278,33060,72045,37183,34278,28243,49132,42126,16397,25317,04004,37043,57717,21417,66119,2B220,84109,60126,43001,32159,91534,25314,52126,86013,87108,35165,05027,57004,54190,80605,59288,52482,02273,40252,18140,02732,10371,77493,62358,30238,44112,24130,55014,35233,67069,71267,58220,44030,76189,90022,17316,11313,40109,60304,21305,22356,87064,35248,26091,74172,43192,50506,78621,58231,15121,42153,91471,80355,68372,44022,56047,69106,80260,68375,80374,84010,02065,56114,05001,89017,76655,69096,30230,27134,88506,89075,13022,35331,60033,62668,49089,37149,65156,30056,88033,07165,59225,74197,31264,2A028,57150,50342,76305,66066,64516,52088,52235,51449,89191,80832,38101,07273,57438,41060,86246,15005,34261,29084,47253,05122,50165,14751,76415,21404,59486,08382,89375,35044,49377,68035,14276,33103,59314,67190,02392,16263,11101,88077,32100,70066,09180,88216,91038,80498,30254,19208,60361,35071,77450,57212,79357,41001,57365,84008,78591,15040,58006,82054,43251,45200,40122,26259,76344,46165,47136,02254,26190,80568,78324,26249,78653,16335,63324,80452,04050,68169,54092,41193,21646,35202,16133,12054,03021,57741,60227,90075,48091,61122,33159,01079,70545,70025,08119,70193,80519,77404,38410,22269,77069,40237,76475,88411,71249,45165,12186,55219,71020,55547,24484,23198,40097,12255,64367,70259,26213,14515,32071,18221,89261,26224,80053,23136,88103,19144,07138,34131,82183,30270,79334,27151,21315,39409,62199,80800,43182,45123,72345,61215,78300,58060,81156,36031,11370,59515,88436,03029,71058,26376,89279,37210,80119,54531,10313,45060,06035,62336,71469,81098,91136,24039,35320,31284,24214,04222,23144,36059,30293,01047,38469,25417,73204,80642,14039,66143,33122,26180,88509,22135,65113,27614,36135,80420,16135,59194,16038,86286,65137,26121,54421,49240,71376,38323,17377,25215,09034,39258,22327,95379,02697,89171,59403,32126,47222,14668,57204,01060,53135,84116,21601,30187,53198,21377,70050,51178,30304,17015,56229,72172,82114,37062,62749,28200,52089,10336,17211,16364,02541,35188,44039,65388,26206,73008,81119,53061,23041,24088,65231,58181,27091,49015,65465,50445,73031,55081,39043,83067,64052,21185,65449,91016,38107,90097,97212,09308,38084,80663,2B178,69186,69131,64325,65015,53165,61126,48099,85193,31361,45219,25271,93055,91667,18237,21589,58237,63264,63044,01184,30064,29264,14453,25379,61405,11416,73180,10017,84141,70322,76116,42285,31351,38239,76564,95429,28067,67275,61216,45062,08254,53001,31292,06135,40080,16211,52149,73107,62009,16261,62435,83079,50361,01298,10112,12056,62437,63383,79108,55013,65403,37131,88387,04229,28016,59289,89015,12063,42007,19187,33467,23034,38348,73105,73234,76521,61298,85177,60250,63002,57557,62360,22323,51250,76359,31296,24550,08024,27367,68032,17454,78455,39164,41271,24585,78193,02067,17098,61326,14206,50044,40021,08272,48116,33065,68030,31381,27324,57034,62269,28333,41283,57633,71005,77325,78206,87170,15267,76174,65187,45189,71479,39583,74250,51450,06089,51065,21644,59176,77401,60181,34224,42204,31530,63195,58276,11091,58036,54406,88409,28005,91097,87177,33311,68359,32327,30014,65251,51553,55367,19080,14754,55128,85084,47204,64081,70104,81039,35058,61011,54521,69178,62852,14543,41024,10418,51520,72216,57128,37023,14383,24014,61084,31091,05148,89267,72233,24398,63447,28296,21441,62364,67523,24081,46265,66226,32324,24007,32443,2B063,21277,55334,83102,17149,06039,54598,24056,25296,17255,62222,01454,24504,70342,02351,84149,23084,27603,02349,02725,68316,76693,64360,10445,34001,25113,85013,62468,53083,30137,40145,86203,09310,40323,26276,97116,67360,26103,55384,18095,80575,05021,46276,70539,11425,93001,31452,68119,30083,35211,24287,36030,29014,82034,74191,88529,47327,07099,21637,84050,27533,12045,40079,62690,59492,52207,95091,55167,41285,24536,49067,24569,81123,12104,54096,58037,08338,84107,50496,17151,11382,38207,51387,36055,22161,76035,71458,69010,02808,38083,42009,81279,02632,28240,64495,82013,39107,38195,74020,54182,41089,51513,47013,27219,02323,67397,84025,22243,69051,27295,18274,71427,59383,22319,78601,80278,44084,85152,88332,40040,88247,44023,32371,39511,57594,35236,32377,26041,72315,02503,27045,57461,41125,32098,76164,52506,19041,77051,18265,62127,31311,21320,59187,57466,10111,67400,31220,10127,85147,59569,66140,36025,25097,67326,02220,29098,80541,44155,80781,81024,73277,76196,62072,23187,51592,44183,24291,70240,82007,39508,62038,49114,31238,76663,74289,56111,25267,60514,24560,64527,28343,21345,76072,14541,31378,70237,51633,82084,10409,22264,60301,13212,33500,72311,59064,47263,31279,50023,22035,91109,22241,38246,62635,80118,21098,03226,14271,45316,46322,62097,76241,10278,08126,10117,54206,53073,75101,25340,37092,09002,28173,50618,14554,76717,19169,89354,47167,06128,77200,17247,51631,24525,57587,53263,71129,89064,58073,43129,77408,53214,25505,51239,33357,03100,78239,81286,71209,92048,69296,77452,36016,65053,46190,15006,74095,67233,17284,68195,40208,86149,03242,42168,03301,60137,74243,71176,01410,33143,71365,39554,49008,62126,59513,39525,67165,19207,67288,34250,23091,33385,39471,79064,2B039,33524,89081,09109,64545,73033,51241,66160,34100,54298,55356,25039,23166,81076,35280,95229,31346,57701,51491,79235,52447,71230,51663,77039,71409,18130,19162,73028,01192,71303,14452,88114,61140,21372,59434,70364,09201,08374,60618,42061,70265,18159,57147,79020,62663,34289,71300,86026,67556,52122,29101,31058,26343,52067,58283,70414,09008,02581,24347,63295,34023,27330,68379,12229,01150,51081,64244,54563,29295,29105,54218,19051,07108,03173,04138,54328,45317,29012,27235,32043,05161,29116,49248,59545,64184,62550,67268,47138,64181,31164,36050,15086,05109,06081,83133,41138,65006,28157,72369,18004,32189,21107,62506,72024,08030,09173,88407,50402,57469,97216,06148,57197,11322,78015,54442,16173,74188,90019,60684,76500,33349,82015,82102,45129,62568,79133,10053,58299,43082,24384,40243,69220,16255,62263,63343,70452,79119,07205,61063,65278,26291,79009,16229,58270,73311,38427,68101,50350,19199,66073,11209,10087,78031,67094,86300,60460,17086,86137,09037,39080,31294,01180,46198,02511,26217,81134,51134,12248,74260,43229,52108,37161,79332,55532,65395,73210,93077,74161,22050,77232,07221,39435,57595,14371,70238,31254,32245,27612,08317,22353,57714,34178,08450,39109,19284,38247,76234,68026,47207,86115,51035,39004,31116,25132,63031,90034,87071,68307,51285,63158,21660,27326,17293,16002,33393,57521,06050,02650,51413,79226,79066,47060,34283,12213,69230,33120,21355,71153,15198,04077,76641,51001,67074,89074,62172,03040,18150,77104,09305,16098,53232,07119,61251,32445,21714,23244,38271,69075,15095,50072,05053,21295,08472,55512,57149,47313,19180,78283,14538,27457,50579,70099,22084,25059,68027,78562,10030,77226,40233,72217,83060,67364,59240,14484,80186,80373,89142,05039,95543,71412,53191,36010,01149,94004,24011,07209,57558,44067,43218,34049,76727,67132,32349,85148,42214,21540,89309,83029,63153,51428,62632,33444,14381,12058,63226,78620,63184,74210,62230,86237,69268,77116,70464,80486,57276,07310,64125,60050,63027,29054,59645,21708,62469,75102,40181,81171,01081,50251,88492,31504,19006,72221,64185,21416,40028,14431,12082,50273,31049,12289,72325,22265,71415,60108,64509,34081,61291,72043,63413,59444,62449,16340,76425,60636,10389,11262,10027,62681,24231,76552,54027,57124,60160,34121,72302,31092,60391,46305,51421,72290,02296,03254,63180,07054,83001,33208,86044,08064,34171,80695,45176,66127,15147,15079,59435,62330,42134,01405,57029,70581,28424,97218,88188,74228,22032,86220,54449,08036,55108,57141,62563,31383,38397,36097,81018,26203,72182,70084,2B343,33042,62054,32391,39505,38242,36131,50457,61080,80826,01160,64555,36053,71147,02480,77385,50598,11210,02310,41113,39300,77333,51156,76545,36044,37003,54072,22054,78071,71290,64299,02551,40036,68117,77179,25626,59004,91645,39517,95157,89456,57623,24255,81280,88058,61347,76611,30044,08273,86284,17383,54301,62450,01085,39192,24307,01407,51029,61330,56112,21026,33051,79200,34201,11413,39560,38472,74133,21529,2B164,33361,14318,53240,32014,68380,64482,76398,24221,60320,52184,48048,27263,61149,11046,76250,16119,40171,29201,63205,42122,27361,50111,68338,62545,55543,03230,62173,77121,22389,24141,54420,25258,76499,38276,07020,44111,02675,51566,11368,21151,81118,72138,57624,39368,51508,42198,35141,57568,40300,30017,19216,97132,70438,58241,70292,69100,14352,48188,01143,07170,76518,63017,08104,22099,25492,16029,16077,76142,26194,48135,31493,26126,63244,14269,61072,26004,77519,91629,48149,32078,67148,13116,06097,39236,82046,65291,59253,31549,71291,67337,21576,38407,69270,21519,07347,70250,79256,03244,67049,71302,02304,31473,73188,80819,62141,77266,09097,88231,47064,30050,55087,15037,42216,62428,70153,72274,59363,32386,08059,95395,21598,11242,40133,31146,67208,23012,57423,18213,05118,37156,07101,50334,91425,54212,62073,59213,89117,51461,32158,01404,82133,80035,89006,07167,38458,91631,65105,66032,09219,12158,15026,27050,81185,21168,33077,24267,57280,64293,24386,67266,17292,97226,25558,62776,64403,57489,26311,52472,38347,10116,28346,66008,24180,88041,60072,61424,77419,55272,17463,18015,80348,51612,82068,60414,58071,80586,58198,85123,25468,67141,54115,35231,76014,02694,80535,80130,57143,35229,64419,60164,38182,19028,14743,27683,52104,12041,26252,62497,37042,02463,28194,50469,62734,08385,44053,31388,15053,21525,11135,50570,71346,88274,88228,55563,78401,09285,17308,17446,54555,88285,89432,59365,38174,21405,11418,34154,02368,2B120,80707,29137,88070,64086,34331,78084,81272,91235,03186,18061,90070,50260,21122,27670,17006,64046,63456,40180,57062,25381,40232,44221,54470,57491,57691,57733,70190,21300,78262,92024,10207,73178,59430,90026,40172,06052,38520,35124,19048,87044,61362,64038,42083,52232,22383,35065,82161,62400,02656,14027,40089,61208,39048,62466,61473,02627,30105,31543,31590,27179,07332,80056,35096,27037,02546,01134,83143,38235,68275,64078,85256,34176,28038,60485,37122,49123,02156,08250,12283,86230,36232,51613,72237,19269,02790,94021,08187,35358,04084,10022,50528,08344,41141,46177,64282,46134,88201,30326,74082,30349,97225,38556,29108,77027,47055,45077,53257,02678,91207,66230,02192,35146,06139,26133,45053,71188,67199,88064,71011,54244,22133,43018,60091,62836,61101,33154,05044,72364,70276,02230,50548,57120,61512,32157,57364,18046,24031,66045,46238,45213,63336,54172,73161,39032,22085,76225,67443,52182,32030,64304,57080,70009,24399,72052,25489,58066,88462,10215,62339,23089,19195,25046,17245,28068,28285,73128,32306,74064,36037,70301,88004,60209,76321,51303,50219,82132,26221,63177,31508,74154,57024,49180,81157,33414,57598,73140,59223,71344,59145,26070,53054,38341,58266,53230,46128,71135,11335,32016,71566,71559,62521,80036,65058,21135,59071,66064,17220,26281,77201,09309,11151,62019,25346,93061,74072,68033,28092,02157,71570,11396,33112,44173,23082,21434,19103,80395,28373,59455,26292,51485,34163,24443,16027,31067,25540,61242,71446,80043,60218,64196,09298,95652,39292,76336,30102,21255,02450,26102,60101,87190,18188,32276,63342,86244,26367,87060,39193,10346,59031,58102,82154,64429,38149,60568,76530,64192,32003,91511,81227,76513,41098,25403,49130,26036,86107,71115,71044,73302,62380,53128,13090,02778,86266,39503,13104,97204,86094,50483,16086,04144,34195,58242,50048,68107,76651,2B320,61055,86255,28409,19081,2B239,64450,24302,36140,16317,72277,41186,40299,59668,68079,40169,40189,52132,31230,85055,45033,25301,78246,28245,50634,01301,78049,77178,14501,33317,51432,27368,55303,18184,08203,45193,71420,55416,59192,62409,60478,04173,27271,76066,29202,08025,26286,52288,76409,22276,64488,02005,44102,60689,73120,17318,52298,16368,01289,29269,54446,21226,28263,51596,69154,39304,60285,60659,57570,09019,46149,40163,70290,60367,89451,34209,25382,25054,88179,16282,43166,62194,45133,70065,30164,65110,72210,80762,10326,51086,27167,61476,54141,70015,70327,60365,22288,02461,89018,60350,11213,64214,79338,90014,77225,80210,33539,45075,09031,54544,65373,52171,52488,54199,76181,31593,48042,62814,17099,23122,03016,77527,01334,80142,62139,40093,76294,59402,77392,18143,40112,30225,82044,34086,55460,23045,64552,51381,26153,46087,61243,71377,61224,64283,59115,87078,21577,63125,24131,55055,41290,70143,51126,25345,54104,27353,86172,45092,55103,23086,37130,71451,36078,59653,21715,36121,46073,67356,27586,31133,01419,32009,62804,17094,21182,95580,70426,39009,50158,21653,51313,55439,35050,23192,84053,17239,10217,40155,34155,60515,57547,73019,22143,46131,54303,83106,69076,45022,52322,81162,28423,41239,39498,76182,28058,68323,45042,52029,01265,52286,43150,09151,76460,62324,24116,62817,85138,38187,54127,01309,28367,97128,88325,66162,31270,46157,86151,61464,25155,70397,71113,09261,78322,63409,82006,59612,65385,13097,89032,02252,87031,86015,12069,80654,39250,16050,60131,65369,03176,2A189,22209,10004,88163,60381,84030,23233,59111,72252,64455,01276,53027,33198,38464,62892,72378,72373,52256,57322,15241,09128,92040,47006,76341,56045,19094,36099,59449,12028,09281,59478,24215,87120,41269,62014,88062,02542,74081,15003,37181,45201,74129,52364,08364,08283,28211,17322,12278,30159,04108,19056,29043,70430,87135,85284,07219,31583,97108,27027,19071,62329,62622,16130,07231,72227,31050,59556,25016,43007,55069,24436,24205,48112,76276,52205,95424,22093,51425,77124,78530,80322,39351,02534,32169,54073,09021,41134,70273,67057,72214,74053,07254,65139,30247,55516,70578,46210,08303,07159,06079,45005,60540,18114,17484,02374,08092,37110,57334,65279,79096,40035,60479,52396,76743,64312,01336,63379,18064,14654,54254,41180,59534,61030,01191,80134,30213,66090,02592,03267,23125,24177,45011,79105,64435,51025,80644,82188,58113,53146,10252,64442,04230,02582,58105,91507,16072,51474,24012,77173,77368,81006,71368,91247,32154,07174,71229,57333,28130,08467,27269,02390,24574,54565,02228,30134,49138,46328,02343,01290,25230,32439,76526,68019,60397,02355,38355,02689,80001,45103,57083,65322,64468,04169,76339,67330,35206,62010,86253,25597,35276,64006,15143,67335,38374,72350,73216,46239,17164,82039,34013,06070,28370,01158,57455,33229,88482,51298,04112,25402,89447,19209,19016,42304,11096,62365,02298,60603,67506,47298,54201,14138,47238,91332,22376,27428,56256,27580,62102,90054,71419,84111,77433,22009,54422,25202,02400,54294,32317,27398,50637,01209,2B192,72241,35004,51113,65007,14291,24455,30085,25263,27644,71273,76387,55257,18119,63370,62576,33069,44019,51157,43148,62503,25457,24058,34219,26083,22136,71434,11168,55284,53056,26274,71356,67424,04163,54512,37020,08426,29299,33555,47255,63424,90006,38078,38443,54407,72283,31441,67403,73228,47146,31359,10133,54222,09104,17357,39512,53264,71392,51544,39170,71583,88097,33370,76016,21437,27040,04240,21353,17298,16290,69219,28216,10310,52129,45339,80124,48031,14181,39189,89416,45034,33376,36178,88084,38081,89281,33282,79092,63421,50121,88003,26326,04016,94047,82033,85243,09056,67039,39586,14347,32147,51272,03194,10392,35068,28076,57542,03252,50166,54367,43122,63071,85019,17279,24416,60028,76345,02566,36054,45091,54597,78329,33271,47234,74070,68049,41104,01286,91216,30138,58040,10366,03148,57387,83128,10431,80468,64024,63086,67342,14678,80174,70338,39572,36096,79016,82078,34188,59164,67139,28113,29016,62053,79018,34325,19200,71482,09271,42279,63134,86048,97309,66166,76151,89016,33064,62731,76650,70061,65288,81095,19085,37221,33346,56250,48129,02674,71379,83057,02787,31592,60620,44168,25237,32224,97102,27149,10191,82050,76166,36199,53163,40260,76453,38216,35351,58245,61262,61182,58267,02730,86241,52439,89145,15221,22311,25370,85242,28006,76296,55197,17056,81205,39183,21595,05089,37009,65303,30053,89182,50109,21292,59429,31192,48096,13118,28349,22344,36056,62658,19275,62753,47296,81269,80163,29055,84101,27176,55569,21257,59265,28267,58151,02528,28293,67459,23036,31440,64176,81003,39457,88131,88180,02770,31418,40081,09177,12026,07124,54389,30048,07149,28046,2A041,80045,62408,76369,70233,77468,62784,18102,33148,36008,21310,16310,54527,24457,34047,59323,55271,43094,69098,59342,31463,97601,22280,69089,85082,65088,18217,36066,10256,32022,26240,09193,86120,26098,56128,50115,73078,77006,70202,78522,63248,46100,21034,71072,35149,15075,83145,42191,11092,54273,02129,39208,14646,24438,40121,76082,24492,14669,01288,59277,64097,71399,89394,14082,17176,79285,14491,34167,44061,42068,14745,09146,17128,34256,55365,32148,17147,31078,14096,37185,68245,17248,88200,59174,78470,71091,62727,15024,40094,25416,21248,89273,54528,78302,25145,71364,61497,22101,41261,12277,03149,37075,01252,64357,71563,90068,38208,78472,18192,89336,46229,51211,58003,62129,59188,24202,56022,27094,29038,02508,31211,74285,68326,36009,80430,73191,83033,22196,02219,60058,54409,21470,51475,31022,65235,62388,70185,56177,42331,77053,43123,74138,71183,25197,76649,87121,11193,05124,21347,59555,77515,21545,62832,80098,54268,89353,24483,54269,32057,04075,65161,65275,61164,35279,77330,02502,39289,46324,72261,40032,14284,25584,09009,59010,57132,26365,48088,06099,64422,61361,43117,93005,61284,57580,67010,70368,65116,80290,95212,02548,53057,33031,40254,42332,16377,51077,22033,01025,54508,54382,65173,71149,25047,02696,28246,83041,80244,58218,51598,60152,55172,86260,55075,32353,31350,32281,54009,62239,14244,10237,46062,33167,32309,80543,14752,25161,70157,67380,25388,74309,50387,83050,50513,12159,64194,76053,03171,31386,89098,65023,66018,54276,74051,46120,19240,61046,26205,65345,80658,71080,39365,64005,97233,41034,80215,27051,02376,57225,64430,64410,63141,26308,22363,84065,60395,46066,23103,32304,2A254,37234,54417,39328,57573,80599,52399,76195,72327,70344,25575,62805,67270,53225,47288,38200,55531,41154,81104,53265,38279,36158,72255,60429,37015,29024,48187,50016,52424,50240,31184,50209,01005,28120,52443,60405,39329,71367,70496,19120,23025,2A295,55083,33011,59078,51532,17008,30340,31501,32026,44224,63070,37278,32290,64369,55450,76732,46147,35216,08240,08490,47218,64002,2B235,25143,22202,27307,63376,39326,01066,67052,21423,29237,63064,52047,10056,08004,34003,32082,89312,76528,69248,21329,39217,24354,55154,39143,76093,62299,40164,26316,31486,83006,76379,59220,29278,09275,11384,42146,62791,27204,34199,56253,30191,46184,95313,21215,48145,22219,70222,62809,57520,64035,52240,21224,26248,67002,28385,39491,63341,80168,80160,55220,57448,02520,64267,69179,41155,86050,08328,59347,2B194,48140,80368,46115,37096,76134,08498,78550,71056,19114,56061,76086,30331,17217,80465,70283,02800,39120,54113,79322,25051,67246,67019,14389,71015,73075,80652,30041,31062,95150,59027,12095,64517,73316,53080,73170,67264,71329,30197,08061,61013,43054,58308,35356,02269,27220,06043,34085,26076,11408,92035,51382,80335,07259,04161,78349,62487,31195,32381,51586,10153,44130,02432,24297,80527,39327,76224,65280,02034,18076,06103,88141,73160,57091,76736,71327,23204,72200,23039,03162,17092,31459,14582,86059,35023,32015,46240,21036,31394,02550,60258,60153,07155,42259,64257,16254,33448,38513,52320,07095,57599,07202,77490,13073,58106,55143,60567,39279,08095,57241,71331,07317,35063,65242,52504,32001,18106,97303,78517,55109,63329,31460,23147,15134,64132,04009,63204,39116,32446,71435,70216,65407,14132,17361,58019,83045,38320,51505,28035,08010,72021,80361,74286,48155,37144,45187,75113,54471,34078,77184,14652,72260,67201,82104,67553,71538,33302,81143,22313,68324,14141,95487,01204,54582,55459,47177,68240,02121,30049,42019,56168,62249,02591,16250,63416,71466,85227,27138,06084,26191,31453,08038,33284,80488,70390,33549,40207,78420,31137,35220,80763,47109,81253,76307,18060,77059,60159,77273,41081,21700,12189,77176,39413,71521,12078,12110,81201,38526,59544,73032,33192,39054,27056,33006,64063,21379,48148,55519,70544,21649,62480,34112,35027,50535,54059,19113,40304,22360,02221,62795,23257,02302,45205,41203,62088,10426,34149,21027,16215,21468,67479,47028,26207,40111,33533,95574,81263,11078,76637,30058,2A154,14362,76554,62499,14707,15246,50593,77038,60068,86080,71585,91035,32295,22278,25446,23024,02805,10404,72292,60040,31569,39380,02151,29273,72091,38126,32419,27039,62874,80113,27107,55252,70178,80404,02741,2B185,09209,86117,59361,77423,31076,45012,66097,70562,14740,61357,85121,05114,51391,17109,65254,35166,80722,68211,38128,62903,08400,24326,21692,18273,18267,55007,76560,24160,91665,16188,27073,79254,80676,15141,63016,92033,02367,21194,27069,59152,28004,57631,35072,79337,42095,77283,86025,73141,16089,74056,11025,68332,04126,65378,57294,37039,26220,17313,54486,54071,31427,07245,35246,69123,67557,54107,54457,89482,88449,79257,34260,88395,60366,55424,22352,76108,21317,21242,10115,71561,21508,90050,27697,11371,52489,62769,57253,05094,33473,71272,51580,33066,61219,08005,59025,53247,60042,38231,55043,43160,78642,07207,18129,28193,11023,26349,54357,66180,08195,76759,48126,54390,35054,67396,31372,84137,41096,11066,33090,57009,31013,65482,71398,88042,05074,34205,85229,34157,54548,71160,49341,17297,04118,50150,51015,57583,67498,81212,51040,31041,74290,62865,68246,02493,83109,76445,29112,76670,59656,79207,80039,80811,54497,23156,11130,76740,10309,80813,16249,31447,32416,49284,46054,51534,39561,17105,24394,51424,97208,68298,49259,55336,59509,13018,82010,02823,06113,62162,67343,52325,86034,66186,16196,25422,25534,62040,46309,21155,15216,60284,60309,02458,73275,63235,43013,17057,63368,60393,38379,62356,22114,56173,22293,35168,61440,30333,15160,57007,77267,08046,29228,43242,66232,09033,17428,51371,53202,42287,33431,73189,21202,79024,62114,50532,92007,88369,67102,71347,62247,73208,89292,16061,52287,13204,79345,88511,72269,88381,88322,63394,54453,52476,40049,95610,17281,13008,26263,08435,50363,88187,28249,53186,09114,04134,50265,89266,62745,53176,62719,86178,64043,47248,68136,54183,32404,05097,21307,77272,27468,38134,30173,53008,47104,53100,91339,88501,47236,02055,57263,21062,45314,10383,69174,58186,17085,69162,37251,66214,2B157,19220,57761,64319,35110,82174,60189,80580,60471,64053,03121,32090,63473,40282,71012,24423,60205,50217,80442,14438,65052,21271,15149,31007,54515,79083,89093,27316,17199,53102,23252,73270,25278,59498,38437,54554,52468,33491,80346,62909,47265,58224,73096,36173,14041,02074,76392,07338,41054,63437,42303,79225,87088,27072,52303,38236,39394,88314,68001,39527,67278,80616,10102,57272,66220,54304,24348,31335,09232,89207,76200,02246,88100,76437,54024,18137,35091,32068,70186,15155,33094,35343,45148,78451,21432,89048,84138,14613,39259,38505,18238,19259,77190,08116,52128,26096,03048,83114,71136,95658,67282,61276,51333,64549,05178,59519,62346,57494,25191,14588,17108,47229,32299,60019,74304,24517,81237,27014,80274,60612,57593,71457,71169,27189,77391,01387,21398,02031,31442,14404,59654,46079,58244,19176,55028,80700,08348,35085,25604,65295,95447,89096,80153,80267,80677,24154,85005,27079,41110,08315,25367,37012,06053,10047,81261,79122,60147,60653,42053,50615,62209,02562,26012,02036,21655,35090,68260,25184,27454,60425,33135,74118,25259,76589,95169,70252,69234,27085,88055,88475,50464,49369,71381,10386,65456,21336,01453,40216,01148,14761,85047,67507,47021,14572,21071,88358,23194,62533,45043,24256,39141,67055,50454,45036,70134,38442,23031,33310,71450,91315,61044,80158,07053,30152,55040,46203,64295,66205,57121,02737,61448,55456,88299,22324,33188,55521,74211,77057,70111,34058,08220,33377,46254,63199,70484,48041,21552,01343,21533,18059,35319,71416,76624,90008,17363,81218,80371,87022,62055,54599,15077,51232,33279,21343,27417,76393,63349,80125,15100,04208,71167,14019,43066,73263,70554,44209,25095,59502,55330,81183,32261,10196,45250,45233,02691,35101,71542,64226,49061,31228,12007,64202,80386,24075,36194,74189,11351,56052,65026,17210,62031,70295,56219,42178,91649,22109,02308,65123,03161,46205,30177,22359,47085,59636,54355,76668,11356,41027,04037,76187,28163,57130,21183,64212,49334,41019,77026,81004,77171,60025,86205,33266,56199,51296,07237,73290,74284,84131,37035,32448,32368,77186,24456,34169,77397,91132,51327,50399,57609,11035,35239,26202,17264,48075,77534,10265,68059,76258,08071,38484,60113,80493,64453,43190,55490,70329,62253,55333,89280,69140,60605,54275,88108,27601,80777,36082,14285,27638,65219,62101,69077,21286,80751,02494,47224,42316,28190,18120,34056,68261,47179,80227,58011,51194,42152,70513,86193,62879,47150,18226,24053,25463,39202,62606,15257,73219,2B110,71535,12219,01026,19073,65316,32275,76600,06009,26106,76155,77234,14708,57670,27699,61232,62146,76738,64349,63032,01022,57111,2B087,08066,95061,60172,69187,88298,17046,66107,61261,46171,64397,58208,33071,32256,68262,95341,41293,68044,03175,51290,79149,54233,77257,14336,58080,17249,01229,85160,01432,74025,86200,29279,24403,2A323,80262,72307,64328,02275,07090,30343,36187,30171,72002,68386,50529,27453,39172,30309,82066,59142,26170,17262,91546,40193,03296,42203,59129,05055,49332,67406,25133,88198,47001,16175,38097,84046,71359,51486,55289,30126,64281,82190,62625,54495,53204,12038,59102,32328,76255,31130,19205,33503,10351,14741,19015,27536,38152,19100,77353,01291,76026,57401,62883,36069,56241,87186,37005,05038,30241,63168,72236,80461,47323,03170,80127,39534,24535,30226,58199,26117,57037,16242,54126,86158,30160,63242,45246,65119,88345,15265,64476,24105,64398,53003,30200,47267,39555,56155,68100,69018,45252,57556,50062,02593,18070,25226,59650,48136,54114,72163,65438,2B015,46251,45147,08031,88398,60201,24038,14660,76532,89349,62138,2B301,44127,38158,16326,80827,25218,16066,55443,54004,76605,41080,54602,16074,31433,46043,10280,32450,78380,25060,54445,18275,59002,76167,40067,58214,69031,14744,2A240,02751,76243,14216,71328,08320,79095,79101,28386,27692,40065,39335,59156,67559,03311,59286,28337,60056,18152,39099,60442,39387,24412,69177,79223,56252,31158,51342,37182,97305,64355,65178,28406,82074,42139,43223,33496,21616,36221,76515,90080,41260,08260,53206,25312,29111,33211,61508,87111,01237,38557,51588,08194,90032,10099,88401,84075,51360,80455,31122,87065,18054,23142,50390,26073,57203,64306,56151,62042,79166,34228,73079,67463,51142,35186,31109,15097,74163,29144,11376,85205,34032,38451,22018,62289,02380,62488,16182,51240,02041,55017,07132,13072,26104,05093,47266,17177,21060,37179,43142,64466,63327,57497,80638,08305,33016,59076,25078,76747,76514,77260,39095,67558,21180,95352,37225,61460,45150,23178,70225,85156,21325,03166,24309,14275,68282,83049,39353,19096,26105,07017,67422,14250,48095,82049,01173,61104,64305,01214,38062,71216,27132,54287,57693,38336,38560,57252,56099,51289,21615,22351,22076,38466,47305,36080,28357,32171,61283,79104,57728,62824,68013,70450,11153,27113,88197,51080,27155,03012,62206,21534,21004,78230,23057,86170,69081,36220,41249,45041,81108,51419,77248,25114,08279,17019,97112,27623,09045,21209,89400,02828,07243,21499,77421,32314,54370,38071,87114,51292,64011,82156,17097,23096,47254,2B182,05056,67212,08274,59597,21043,77070,57720,80238,14319,61332,25608,51573,16251,16009,68237,69176,52280,60128,08485,68159,60354,16384,42133,53033,57617,03227,43021,36043,53022,55378,08041,50546,89412,80556,01372,14348,94017,25108,12214,55427,71494,33254,22174,32421,43236,13039,27485,88289,69273,50155,88334,62062,37190,29267,70156,46106,57131,97421,86294,39403,76585,86099,38551,36214,16037,03034,71133,89464,03147,17312,39216,80436,10029,52415,86288,86097,32076,64026,62279,09140,43091,16421,21629,17171,49221,56237,59169,71357,80569,21088,71054,36070,36144,59579,09132,89226,54492,75112,32321,18099,50143,09252,13115,29261,88150,01283,88075,38027,11387,84118,71313,02018,67106,15213,59563,71022,70298,24501,28287,71301,86189,58054,14091,23111,46145,33238,31574,46153,78362,35245,85129,23069,70516,70320,51607,55373,08022,42175,81283,62240,25242,03189,77033,49092,24485,61336,59468,08469,71551,52278,33466,64554,36123,38224,43055,67025,50480,80101,18162,77261,88171,70423,16378,68268,23116,09228,39072,19099,54257,61123,42220,80217,81262,2A310,28362,47237,76207,29060,62626,67483,24496,23207,17338,41036,62307,14405,73095,50409,91312,89215,25384,67271,51551,10180,13071,10281,75119,22081,30125,55520,34172,31069,24142,21436,64151,52524,18173,10052,77175,66198,88090,02120,71126,81001,25321,88408,55544,86223,26271,17179,70565,59160,53158,06098,27693,28172,55484,89189,32095,25547,78444,02457,32354,47020,65463,07340,63224,80662,21101,22188,31075,27311,2B202,38545,58222,60588,41158,59109,01213,72042,52295,77134,18247,51583,48043,25414,74027,13025,65210,70550,34152,51418,65051,38223,78354,59495,54078,53250,89449,55254,37021,86295,80560,26360,64348,11021,78413,50298,11428,38127,61461,50472,68259,54423,80615,45138,71094,64322,39085,47074,05065,70234,2B184,33383,47259,72185,73110,51638,22060,31565,60483,71448,86012,28232,18215,24542,72272,17133,21167,80561,80496,53200,70481,72013,95426,28313,67128,02442,79335,91602,74107,53219,60061,14177,38486,06061,84120,29189,70310,89472,68350,74077,62061,05139,72100,61218,10216,02174,22274,29120,78502,24477,14149,18001,71178,63471,25623,65108,89379,10021,15089,77062,44223,18266,54500,19155,32092,80147,55121,17351,31544,58246,59588,38138,17233,31559,54291,04193,39437,73292,08006,19227,51220,46308,82087,02810,29146,52185,30013,21451,55222,34070,39034,24241,89391,64246,80212,07114,02106,68306,54197,35189,76601,82064,55348,35057,27109,12231,57472,73129,66080,26236,89159,66148,2B329,71141,69267,45194,57680,60501,68258,71263,32252,76665,13089,33356,51523,07290,49236,02332,44205,70388,16418,57565,32390,11187,80794,22147,27599,80803,60027,54042,53025,97220,43016,22333,79307,03203,62513,05104,42075,33543,86104,19165,88444,50289,91635,62006,77022,31010,41088,65428,37208,76634,08448,57192,79148,60430,95019,35250,31403,26321,01451,25212,72209,59305,88321,02159,60193,63059,88050,43151,58297,47066,82020,16024,08503,64136,35207,33435,52450,29109,59618,62078,21296,46104,19245,29192,30222,83094,12230,67462,81217,15110,53049,59197,84063,63289,76280,44082,28236,69297,73269,60518,30095,14241,35253,67513,17034,27560,69038,07073,01434,73182,04020,42073,65268,09314,78048,60590,01423,06038,18091,09113,76054,63131,04087,26329,72317,33123,88082,11395,02401,63001,55359,61374,07233,95018,67450,31115,54077,52201,57426,14650,40086,63219,14701,68297,76302,70280,11393,21218,06008,71584,09245,68292,16110,27584,57645,88258,60295,14393,10324,25018,01056,29134,37115,76590,01242,77533,52318,21228,10164,62840,77123,65238,81065,02189,70208,83153,64105,80579,76314,70227,31134,45013,01456,33022,14335,24473,02093,63124,31215,21348,51146,21391,50578,15235,90066,85208,21573,02125,38465,63355,67291,62672,51478,24216,2A098,15207,74016,31528,41071,49167,16220,42042,28342,70020,57692,40293,12128,86263,67524,05033,85134,04025,14046,08043,24019,65443,88391,44024,28264,63107,59219,39447,54307,19152,68210,65060,40044,60398,17435,24063,78087,89460,32194,32420,29182,35038,54345,10150,81229,63090,69132,58041,62557,67394,84106,36017,80364,65287,63436,72262,67407,70553,29280,62599,77162,50148,67329,11222,10279,29197,64492,17460,88161,79071,67156,65442,21650,58075,52519,40280,04154,76153,43201,50429,76315,07011,55004,70447,66189,14424,66103,57663,63303,45342,26327,59625,09133,24321,72305,45027,68367,16346,57754,51028,69053,19044,65085,28111,88413,24122,06069,40236,26313,73085,54262,76313,55173,16144,29250,52373,03084,31026,62792,70232,37081,77101,03144,64116,27423,39415,85151,38430,47170,45143,70195,65074,40012,17472,57287,25121,18182,17263,28170,32210,17013,60633,51110,04141,81035,65282,86169,14289,60573,78010,54510,57001,12120,58111,76238,51120,57307,97401,60559,32008,14274,72095,34050,55323,46121,61272,54530,57089,15263,12070,52084,31225,88489,72357,87014,14140,66175,59503,11012,28151,74239,35144,24573,38095,64080,22059,71489,38528,76616,51431,50232,97115,27470,77439,57667,48185,13062,71165,31302,18212,51438,13216,37105,62291,76004,67444,66124,71047,27285,79015,11212,60382,62678,06152,22284,54306,32177,51328,88037,35003,67464,97402,55546,57561,86192,17168,79306,61130,57739,58239,42227,10355,24222,36098,40333,26328,27038,52327,79002,66035,27031,57057,62771,21066,03303,15041,32355,27170,27635,60206,38409,62405,73021,64083,73301,44194,89359,14644,57058,57347,52328,67456,76260,55534,09247,37240,68378,11427,81319,59442,43050,29091,31310,59605,52357,44080,03065,31087,60493,22124,15073,51343,10295,29268,72251,31245,31152,01096,61035,69066,33443,60574,57011,26038,60223,33459,15078,97353,60199,67204,53046,58164,58024,37011,18105,39110,31445,49020,74199,73177,67088,65001,69169,22215,54271,57145,31355,47250,75110,73173,58027,40334,27527,89434,88031,24016,08340,79286,23185,26350,57358,15152,55515,35137,02487,44195,58212,80822,11086,70493,31555,30321,21395,54101,80177,45081,32398,08481,63200,16301,49223,22267,34101,52354,53127,77067,33365,68223,72143,73194,55062,22168,52031,80470,03228,51188,59162,62085,09216,2B296,23098,30180,59049,53096,77414,30335,21223,28274,97126,62868,04109,62007,78053,01071,41213,64175,60197,57332,53015,64191,04021,60378,61198,11248,77218,46018,10228,41266,19107,42050,52505,64463,17342,91195,55138,22164,85239,61304,10241,54489,49352,38449,27445,48012,51567,79032,55549,76576,06042,60617,40210,21044,85252,57452,45087,97412,94058,50489,07214,02598,03104,27405,60270,24286,38013,11404,49219,27620,55195,22371,41201,46260,58161,55388,11144,08164,71378,44010,16349,41243,67339,11272,31466,74265,47059,89378,76593,51564,02078,55343,2B334,60563,66091,42295,57702,02196,76400,89214,81052,57559,45259,46172,91100,77205,78090,52248,02290,51525,82085,70482,24381,42167,25609,02163,61445,39136,88402,70112,66157,89259,16216,18085,74267,10040,68203,50235,21667,22335,35214,17350,10422,48193,73104,24107,31088,74098,79203,91340,62363,08440,14098,60435,77122,37220,26010,79190,77435,50285,25615,08109,55022,29020,52391,28121,02303,76645,76623,12001,42174,62467,76292,10006,54049,28091,52058,04199,76721,59320,71319,10273,27182,60601,97604,65293,85223,51244,28207,69103,76412,18278,27517,35226,55158,2A008,33402,63103,31231,38209,67440,22172,64021,01177,77448,67111,66095,56043,27237,21251,10042,44063,33085,36238,76482,95094,88346,08094,32049,62759,60443,17141,56139,67387,77151,66194,27006,05115,57233,88390,44069,21356,43165,56218,19026,26289,52138,51367,68309,15151,29241,10008,51414,31567,21250,63165,59243,71268,50603,62527,95040,01254,97107,58178,80376,80784,64216,38261,31120,52037,21560,15183,61189,37154,61466,52009,33230,61481,85106,67503,38258,51349,38428,38549}","",2026-03-24 14:41:32.274366+01,gold_establishments_2025,,,,13000495500014,2025,Services de l'Etat,National,"['Ain', 'Aisne', 'Allier', 'Alpes-de-Haute-Provence', 'Hautes-Alpes', 'Alpes-Maritimes', 'Ardèche', ","['Guadeloupe', 'Martinique', 'Guyane', 'La Réunion', 'Mayotte', 'Île-de-France', 'Centre-Val de Loir",ADMIN,"{01,02,03,04,05,06,07,08,09,10,11,12,13,14,15,16,17,18,19,21,22,23,24,25,26,27,28,29,2A,2B,30,31,32,33,34,35,36,37,38,39,40,41,42,43,44,45,46,47,48,49,50,51,52,53,54,55,56,57,58,59,60,61,62,63,64,65,66,67,68,69,70,71,72,73,74,75,76,77,78,79,80,81,82,83,84,85,86,87,88,89,90,91,92,93,94,95,971,972,973,974,976}","{01,02,03,04,06,11,24,27,28,32,44,52,53,75,76,84,93,94}"
35a1f19b-7e48-4bdf-9a5a-f1c5f49a6aed,130012693,Dgom,false,"{97411,97403,97405,97125,97213,97408,97313,97209,97124,97407,97118,97404,97109,97205,97611,97222,97229,97119,97615,97409,97311,97203,97612,97306,97361,97234,97224,97608,97410,97211,97603,97217,97616,97227,97206,97613,97357,97302,97418,97609,97111,97223,97415,97106,97419,97314,97304,97606,97301,97201,97360,97413,97420,97122,97207,97617,97308,97130,97414,97356,97406,97423,97230,97210,97232,97424,97105,97101,97103,97221,97134,97307,97113,97202,97120,97358,97231,97121,97352,97422,97605,97133,97416,97310,97104,97417,97117,97610,97607,97362,97602,97214,97219,97312,97215,97614,97114,97131,97228,97110,97129,97212,97116,97216,97218,97132,97226,97225,97204,97128,97108,97309,97102,97601,97233,97303,97208,97305,97112,97421,97220,97401,97115,97402,97353,97126,97412,97604,97107}",SDER,2026-03-24 14:41:32.274366+01,gold_establishments_2025,,,,13001269300011,2025,Services de l'Etat,National,"['Ain', 'Aisne', 'Allier', 'Alpes-de-Haute-Provence', 'Hautes-Alpes', 'Alpes-Maritimes', 'Ardèche', ","['Guadeloupe', 'Martinique', 'Guyane', 'La Réunion', 'Mayotte', 'Île-de-France', 'Centre-Val de Loir",ADMIN,"{01,02,03,04,05,06,07,08,09,10,11,12,13,14,15,16,17,18,19,21,22,23,24,25,26,27,28,29,2A,2B,30,31,32,33,34,35,36,37,38,39,40,41,42,43,44,45,46,47,48,49,50,51,52,53,54,55,56,57,58,59,60,61,62,63,64,65,66,67,68,69,70,71,72,73,74,75,76,77,78,79,80,81,82,83,84,85,86,87,88,89,90,91,92,93,94,95,971,972,973,974,976}","{01,02,03,04,06,11,24,27,28,32,44,52,53,75,76,84,93,94}"
d01f254f-0f91-46e2-ad65-b3fc185b588f,120000328,Dgt,false,"{28099,80666,70169,17404,32427,35009,19105,09012,34333,02250,65296,88233,21283,2B283,40105,80270,33547,89160,76058,34225,90099,78383,13109,69266,26071,27537,09103,62193,53148,14606,55296,60275,15166,97411,72003,45291,80299,16267,52400,05181,50378,11289,60124,72165,18138,16045,11038,08402,44027,44151,15082,52053,51307,50069,24147,68247,55179,77501,67244,23225,81180,61169,74275,62050,56110,18164,90047,09072,59343,39354,63048,24407,42329,35005,66075,32093,45167,11036,31541,95480,46180,38015,81072,89148,2B126,81029,02337,22220,05152,07148,07187,17140,09294,43222,74162,39179,63276,36240,09084,55236,26282,69228,49302,15189,37230,2A004,81058,76654,30107,80600,59528,54372,36215,46009,18025,08297,50490,25473,70284,25066,10011,89351,55068,10060,22330,50374,10391,71572,10063,80678,83119,12111,51460,38299,14100,53180,51357,17378,74233,35010,55044,95258,76231,87024,82056,55304,57649,73309,05091,27696,43049,59523,65157,71235,49120,39270,70401,27192,46042,38176,59287,61103,56125,69175,77474,18200,51521,08308,80509,14755,57676,53248,32180,91639,13100,31186,32225,50393,80631,80552,62676,02306,08161,67532,78513,31348,12198,88053,38229,73132,22314,88226,55191,87183,76559,86129,26018,11034,80557,62581,21344,38192,10108,07218,22177,64514,31056,09078,34066,73137,39059,54186,60357,82131,30287,84092,39478,38118,76169,32466,33035,82060,02716,77487,33046,59032,02347,31322,80353,88350,85135,28418,86125,31510,36184,76371,80115,16208,52079,86210,62577,24152,28332,21492,80263,35016,88349,07086,97403,21003,36202,09156,25333,53011,63043,57696,74031,42241,91433,52464,85038,62271,82026,45029,95214,25293,48121,76720,78234,36012,29086,47239,82173,11330,33520,54229,33351,41192,36179,55077,51091,07208,48025,67235,31520,62712,26238,18139,27520,80055,02824,52411,84020,97405,79152,61002,80345,85184,46068,61288,15046,12246,35292,51510,69054,40003,24071,67429,17369,63075,73086,65202,06055,66153,67395,64219,64146,03119,65003,88348,89339,63247,35352,02199,02671,48016,88013,65076,58058,76284,35132,93078,84048,62264,38344,70347,60136,23080,02705,27543,59038,54170,42240,89470,85298,45186,31147,60600,48163,51202,34115,72264,73061,26200,60224,35249,47247,26086,28084,37071,74241,77364,40136,22039,64036,11018,25485,29294,35260,35142,14025,11215,30288,59181,69238,68299,09296,65130,67349,27578,52467,67543,06102,28289,21580,33481,90005,80730,44182,54204,54188,88269,11161,43027,23115,80711,72066,03316,62354,68200,53019,45313,57297,28160,32392,45136,14032,15179,55468,70183,01146,88490,50271,51310,27553,78505,79078,27512,68270,97125,41255,62637,11231,76598,73073,02114,56148,70445,09190,22218,05106,21422,32291,18048,47016,55250,68186,24045,24083,39295,60005,07279,71157,35153,35339,23222,58255,60576,57715,68305,68146,36048,73101,19136,29214,41016,60655,88178,95585,35318,24521,70477,43260,24191,19046,95456,36021,52145,51075,73166,08381,03279,19137,15264,17136,32430,07236,54109,43205,35332,53075,02105,27260,59571,17042,54559,61480,51501,26374,70560,58012,27381,11005,21394,46311,59029,07071,52407,51235,07004,08159,26077,10242,91244,39074,67334,79231,90091,16016,17257,48167,41262,80152,43168,53038,57229,02795,43106,33532,45114,68128,02826,18012,81089,14309,55350,51621,52350,52420,62798,12031,62636,07012,57031,95203,95308,88281,07113,17452,11033,51558,01162,22163,62229,71170,86042,42217,85130,67221,83071,21376,51376,60486,89257,08179,89409,71251,88377,74114,05040,64262,49257,08053,91619,70470,46006,61067,35304,30018,51171,19067,19090,21116,01151,16385,34105,79242,50233,26283,50077,21462,31558,70075,08484,38304,66014,60032,81276,24218,89299,29284,89239,43131,44056,46314,33072,25364,19184,07023,66183,09274,57666,27439,57755,36003,33181,80516,46155,10048,55454,21498,64401,03207,25578,51090,26304,76596,67378,52297,71191,72344,33422,52260,85278,74291,80128,11383,50351,60195,11334,51570,89453,11055,32253,69192,60288,66149,04086,18244,36150,02115,80143,38181,45016,2A115,21031,22190,70318,18194,79336,35022,59646,16380,70307,53088,01354,25150,67426,82018,14425,09307,32187,35324,62424,81073,21643,18260,97213,80524,38026,50216,57591,39553,25098,39019,35087,18027,65042,25488,81220,54044,51300,57186,83026,47289,29270,16013,48058,58272,34069,10043,23055,29287,09315,54424,76429,31485,40319,48092,76217,63255,77009,31202,2B136,76160,42226,38475,76124,22205,42212,01431,11441,71233,91671,02140,77358,65239,76449,62117,57652,07007,88410,65018,07055,31275,27074,11273,76056,14569,33339,70217,63345,59375,62335,41166,45311,75108,76452,59439,23159,71426,19020,17387,70352,40025,14742,22122,57087,42171,37142,39252,24527,31580,60388,05035,88065,13032,21553,25569,76018,95409,67227,67299,60569,30263,39251,10266,17114,54447,29215,26239,02594,02505,14175,08242,10051,27158,47310,03202,64415,69264,54475,76154,57259,37068,88450,18232,25055,53052,55502,89050,67281,38193,70528,35084,17062,44131,60011,14430,17167,62605,50004,11077,58234,70418,42225,11197,31035,76692,80624,79010,59283,17045,45078,62858,51233,95510,21205,51517,22254,72121,02572,76417,65186,95059,32017,88210,62352,87140,34071,54360,42013,37217,87076,08403,64189,45261,08033,04073,29229,34107,36015,02772,59344,08395,51641,12254,16113,65171,83099,51034,17421,46283,83066,57109,64058,18187,25512,52174,80685,06100,60307,39402,48119,01349,34026,62164,54387,45346,15085,62414,95430,07286,56107,78382,60496,30147,40176,78003,35126,38559,37236,51031,37117,29190,30312,91191,14522,85199,21559,17333,80040,04152,62619,60198,75118,82128,01302,14283,74003,65436,16336,43133,70362,37148,55243,32104,21063,41204,36100,59048,61207,12073,14121,08069,55163,38268,64068,29301,88296,86062,09101,29001,81141,30039,07075,60498,42260,45137,33305,21680,91577,52529,50352,37018,21092,02816,64469,28415,91386,24143,92071,64506,65066,78305,06154,18179,22180,62095,45173,16187,70510,51287,87047,89276,02756,53026,82187,38002,89039,10212,08201,2B327,10248,11392,11058,54155,39363,59611,44044,80591,62898,58196,24197,66085,80680,61438,37172,02329,39499,11251,28315,21547,29251,40024,32284,95119,76247,07104,37141,79209,11277,51198,30244,15126,38004,67530,77055,28360,21016,22181,84132,24068,33359,42281,70043,40054,05177,52005,30347,66212,41294,66215,16083,57427,31423,09289,63058,17120,74175,02239,22162,12039,31374,65255,41247,28199,19013,22235,57406,23114,02249,67185,69080,77117,18207,55477,51626,67140,28041,62616,51440,39222,30030,58250,2B316,53197,30019,21604,21220,68091,08120,55320,05077,87042,64498,66057,24382,65180,82031,10361,38301,74174,57628,33453,69007,55426,30001,55166,60692,34223,80799,85282,10121,24385,34251,86167,67005,80051,54171,66145,10214,39424,41083,60500,76614,62708,81317,77233,14209,43164,38137,88060,76055,67383,41094,71318,87126,42298,32370,68166,67125,44072,36163,70483,36122,60183,46297,54194,89077,21139,83126,44079,43052,81015,12275,50106,46267,26157,26135,02009,54434,33010,31169,56116,47157,67505,51264,27319,85235,01063,14562,66208,13015,38522,73190,57517,01446,01437,74130,80058,18071,02059,10038,60016,15251,80190,62412,43211,79142,55039,14514,40075,68264,19147,01355,02782,45195,27304,91243,62310,57500,25035,59063,22061,34146,38357,81116,93033,70500,16248,31446,09167,31568,18014,55160,13058,51488,79023,24272,73184,02420,58187,50549,49129,59648,62189,72215,57548,36114,62863,92019,59233,22321,24533,03152,36241,52162,04115,68145,69284,76157,84087,57671,80009,55038,89465,57067,54213,68155,47324,09257,70351,80693,69055,19019,89162,89230,64523,06058,65095,21302,71564,73247,76660,16245,21602,50022,58002,88306,64526,54123,95394,09338,76235,34106,65310,89195,82176,63221,57424,40152,24571,02381,71247,74134,72150,49038,88138,21584,85028,29252,71588,57402,60004,03044,31524,33186,26197,89326,64213,02102,30022,50487,21605,59083,62609,35185,88073,44098,45296,57266,17396,14301,39013,27111,37095,33248,70059,77508,57016,95023,49045,17037,57232,38038,22115,40316,24537,17091,32152,07060,89233,63448,25586,05149,61408,88435,47197,29027,14308,40262,89156,51069,72295,59570,82098,09068,54520,02282,35150,30196,11062,57215,03198,24023,02831,52499,89149,71325,44088,78655,73327,74135,33320,79215,2B057,71223,70509,27022,59054,10410,67089,34301,62597,28012,30201,02729,73047,76272,27238,17101,38364,33474,59617,72306,88107,50064,31320,26358,61494,71577,60088,55361,08048,17131,65359,74212,31286,01360,32331,71556,86186,55447,14411,16345,86187,40198,18156,83081,67117,51166,24308,17397,55473,28180,77209,31250,24451,82002,15211,23052,67314,88461,56073,07183,62064,40087,33212,21360,38536,29210,33281,31312,31581,50395,77275,71121,64089,55313,56081,42132,02372,02613,80367,09202,91378,22300,63137,71242,02769,10084,38398,01245,03035,77164,77470,01166,77522,88236,32263,04149,24362,05131,67312,25327,69074,11145,51619,01087,80319,21023,57210,65163,01029,24411,25032,07200,88184,29185,67277,31358,52444,51208,23048,55467,36089,50283,38255,26253,39201,70106,50291,64470,61373,53119,06033,53216,21191,50085,18083,61309,09253,80181,37007,42265,54175,01230,24490,50294,21233,93010,77436,35125,2A209,49364,31572,73314,54052,33255,59039,30109,63286,38517,11059,79080,03041,60175,72119,04170,86108,50357,02066,17291,54258,17459,50135,55391,62266,87176,11280,83141,19238,69295,39356,14287,85065,64231,38316,19219,27185,52218,71530,60094,24319,49301,55376,60548,84142,89169,40190,55057,46299,19163,58260,54575,57571,01002,76115,02459,50604,22165,74014,28197,76606,37121,30038,28206,19182,51183,89104,34014,38256,74206,42100,09176,24025,65364,39101,23097,39165,79131,45019,67446,48132,61008,93071,27053,52355,57477,60394,17124,84105,70214,76206,69023,28049,64003,41018,76331,30290,10357,70080,43096,46038,21235,49127,23049,22201,62384,57621,54013,23029,83113,68154,63014,81139,87030,28119,74042,2A312,71254,14733,95535,07034,28022,02738,2A330,22223,37258,25354,34165,38538,31017,76334,01420,03218,80815,57495,25394,02830,21593,54210,80150,38450,09153,81094,29233,80296,63087,36052,38351,45109,67539,02672,01375,60591,08162,22318,05037,01304,33162,06108,14022,07275,28377,88500,68267,48198,80291,62377,25154,09183,47071,46094,42049,76481,12307,14731,45290,43080,09200,81136,07158,70093,19202,64489,30279,63100,67119,68197,71320,74080,89198,55145,38473,09224,60553,69170,21420,34252,73200,54008,88170,56156,35047,31070,31194,87080,02638,85128,47176,50572,70486,47291,63046,80327,30339,81303,64254,38280,17246,31077,84003,45068,43074,46028,19175,41086,54588,24055,38086,87009,63033,72166,43247,71082,21102,52110,22338,47282,59395,87075,71354,33375,65067,27348,19124,80536,21439,18256,74192,14711,16284,60362,19232,42070,70566,03258,70385,22016,44081,86145,07110,77350,01100,62873,78561,57281,59208,35346,70409,24557,89437,52548,31536,41256,03315,34248,74256,55162,77029,42232,78092,46135,10124,45141,57564,72032,34264,07287,07225,67473,08229,71093,24312,26176,71095,64412,65169,16136,59325,24248,55411,39021,27232,52308,18026,32099,59055,29235,71154,52266,82170,45251,35244,91568,80297,71491,27331,29130,26150,66051,08392,80192,48028,61307,11114,77220,11217,09280,55437,08405,03018,16405,10305,51201,10085,74252,51251,47215,91482,25075,54265,12201,01333,80041,47042,59052,24108,34067,88532,82185,81062,63366,11016,44092,61398,10019,88080,10323,39558,14714,32072,65250,55114,59550,24199,19087,87133,72037,10434,05128,04097,65424,55584,84095,48147,72314,73226,90021,43167,28156,77309,01313,44140,47114,68041,47142,16395,02383,38338,42074,56014,81093,80717,57734,64491,07022,38264,76325,08178,32332,54152,41144,37046,88212,07203,34212,2B135,02259,54051,14066,14053,81013,25042,46196,39531,85218,47284,51647,79301,14107,49224,72164,2B265,83013,46181,37044,11176,70568,02435,97408,46206,12216,62397,63096,86039,88304,24515,37054,62395,57421,67460,95607,78415,89155,40332,40281,61183,62717,76424,34229,48017,73055,88380,71437,11049,32255,63428,14288,24480,26131,57020,71309,45139,33225,03058,64364,50120,36034,60691,44212,30128,78384,62716,27384,69127,58247,60187,47025,13085,21656,78528,24281,80836,84066,76192,76149,62758,77481,88071,31229,37268,80314,22354,63040,24242,55118,62214,81106,58059,49035,77211,27183,51314,55306,18090,59312,17143,61399,58190,14249,55579,12143,54161,16161,53162,78672,37218,40051,11278,88078,40202,88313,50098,39127,84060,21630,31507,90027,06022,64172,76184,27613,84082,17461,46290,60494,50597,57607,45175,21673,53028,50338,10071,06127,70121,40002,05173,57321,31263,70229,51362,76565,02356,23071,54112,26130,79265,42197,55198,71227,03116,76439,93032,83098,73288,21365,59148,24290,83142,51556,76041,71498,19042,14202,25083,37139,80093,80613,18174,18040,11430,16315,44150,30346,72213,10132,95024,38116,31240,89216,89129,54451,16420,54133,02058,39128,28129,95529,80301,76520,32020,42314,40294,53221,52011,28019,77145,77215,72059,71032,60639,01109,57303,39419,76684,55375,57240,17412,60292,30356,52372,76020,78190,87195,23007,59014,10369,81195,64215,07222,39585,70125,32111,65102,24377,61006,21458,31045,62134,65475,29170,19001,51458,54476,22137,57682,59415,91232,80087,26026,25518,59352,55185,64092,14680,10365,48056,30112,67344,49063,86124,18034,86206,76374,55060,32454,60637,63440,21054,50045,62362,37206,70117,90079,72268,44045,35094,27667,15252,80021,82091,33116,54386,28192,03024,51412,61043,58225,58185,81302,31004,16198,89402,62588,33521,28095,51102,07241,58259,57167,31168,97313,83076,54385,35179,42248,05025,95211,68163,22053,36083,77329,17325,37106,16137,57575,54426,73214,50237,38129,54259,45108,21086,09087,12217,24476,43245,26024,10390,40215,59146,73233,36032,65124,65474,11304,81158,73088,47083,31424,05018,18209,46179,15231,47172,64365,17483,64406,23224,40165,43158,44101,26069,62593,89418,34077,04242,11423,88155,76252,77314,18075,44100,56262,15139,62198,52526,82041,31330,32417,47078,46250,76096,53142,54336,18135,31564,57336,01125,38483,01224,46286,59371,21388,09005,33477,15204,66213,73281,21603,63185,21196,38058,38203,44036,09074,70381,47072,97209,42180,41068,57339,58204,04184,31511,88375,57154,31553,38405,46174,53017,50092,56184,61381,76675,11352,61333,81111,27608,18220,33045,11084,55010,25421,31354,80071,09265,63426,64381,50403,01303,15091,39291,60409,03142,61091,31274,32348,29254,32351,55212,58256,27370,86209,46303,56166,30174,09011,59247,81325,07160,69172,42030,68123,62623,25574,01116,40146,18185,71008,91405,28312,67273,71311,10091,25566,14055,02476,31039,47169,19117,76538,57534,39533,09091,11224,55059,56024,25195,39200,77393,02796,23171,27414,80090,77126,24510,57418,02625,14246,54215,70017,10107,49109,11052,60279,25100,61167,44091,57473,28396,14310,31314,47108,27535,32283,31218,11164,52156,81204,14195,70118,16100,02185,13037,41221,63053,09272,57530,49076,51348,41012,60352,07247,56015,58114,88453,33219,87079,68156,17146,17160,64222,94038,54594,59635,87123,70441,65101,28233,02165,89222,76384,29272,62472,17405,63279,82169,90029,59609,80081,63277,51407,60330,35131,57206,25632,22071,30253,70174,36230,64135,70472,04076,79346,43025,80629,80691,23199,63402,85222,74057,55125,09063,33033,19089,70181,76242,54266,21001,85094,95651,64536,57268,71589,04148,82159,73081,52272,13009,17442,02544,35210,26011,59105,59423,15069,74222,65386,55475,37126,44078,01190,21163,52265,70443,31046,10358,64177,41175,78196,37170,86153,53168,79269,33018,74086,22365,2A092,29188,46029,59075,25105,74209,81056,40101,62584,46091,01388,46138,17234,48003,24155,43036,56027,52463,89188,37229,84119,14398,10183,78643,12119,22116,45112,08394,39552,62465,14639,37034,62710,60699,17271,34339,80648,91095,21380,33114,07283,62235,48170,30100,87006,81128,14458,80788,54119,60418,57562,51312,69137,36116,52518,05154,25621,85009,24077,70491,64352,88239,50030,08100,09336,64481,77531,59082,97124,39160,51569,49018,54158,88256,22213,61137,21053,42317,77228,88335,80107,28079,81234,39313,14172,62029,25375,25625,62660,71088,89172,73151,71383,82115,55293,64454,45024,51652,51072,51618,10430,17007,02789,62742,47156,57496,59229,67494,66004,41148,67164,21013,09192,69214,19190,71190,59533,64375,81193,57038,10416,88292,17216,62628,43090,77444,71447,07029,84038,86287,85207,32024,74151,82075,39296,21236,71460,73103,25339,11407,29080,08204,42058,70332,28060,11039,17198,60095,47307,18241,12032,14396,16293,55489,86291,88105,10377,40269,73064,37249,70498,51323,88483,82070,74063,2A139,55290,36118,60305,32365,59130,26144,79112,70142,19054,54053,25245,59100,49247,52190,81115,57434,62403,80462,24459,78189,95678,60192,44018,60412,89442,14456,24576,50542,28082,37157,57274,89027,67362,52294,61129,62207,97407,42288,65454,63463,87180,07133,50040,24464,63298,59368,26293,42189,08209,84130,18250,15196,10039,60497,02829,65145,56068,82142,11344,19031,33021,54168,36006,57355,59256,12290,2B023,22055,63056,36152,62036,57447,39475,37274,58312,59081,09164,33184,56144,62060,34255,61393,01452,77045,89342,34273,41200,16028,45032,57451,2B145,19237,19062,10086,32458,42093,65353,57015,51145,11109,26088,95252,54585,76282,61426,57299,16358,86163,76128,47123,53220,42149,62612,22070,39359,23076,27410,2A262,68058,41289,59069,51083,48081,17027,38489,37244,25002,65305,08326,65330,87023,31003,51195,12127,27385,54332,17134,12109,32236,02774,65464,17204,33280,28348,76705,44038,09029,05127,50234,47231,10423,21677,97118,32135,33483,08028,22160,12299,46234,76095,26306,32407,15117,30181,36167,59094,62361,09182,60506,60628,37263,51147,12236,59525,64252,12130,09061,02776,19233,22025,57312,49294,59200,71503,63094,19038,40266,88136,89038,24570,55353,24184,24135,32046,81102,72385,10083,12084,33025,42224,13110,62337,92073,88467,58049,87124,27190,62232,58034,92075,52233,17084,62367,35227,68175,38372,27229,02395,77315,18133,02683,77036,21454,72335,25373,59280,55148,88503,12085,46182,68008,35007,39228,61032,33140,50410,44006,29073,14412,21691,47228,63384,64013,55540,79298,83043,37028,85251,65093,16200,2A268,31499,89111,62259,81233,71454,78609,21152,88432,08464,38061,14406,80252,25493,81085,34287,39214,33009,35241,76671,34129,54157,56078,42326,03192,88139,76394,57042,25478,2B353,29247,18097,63304,62536,11182,74263,60399,85059,32218,59349,51489,47315,30292,62238,60049,38194,52413,45151,30069,70228,38139,48182,12046,62169,60347,25070,18251,21291,60450,64511,71330,62470,58023,37265,42140,63317,88327,32034,81249,73067,55537,84056,55202,57344,52342,65183,30032,54146,95127,02718,69133,89143,34132,74229,49299,88146,31404,21051,30091,39404,30075,70199,38384,27227,35359,47031,81206,69279,68302,36041,03073,2B067,87107,14215,07303,62725,07042,50394,84019,23072,21511,68028,62387,55279,60015,33205,22034,47067,31199,38102,02307,13019,04093,04058,32077,21532,14120,55565,39375,04178,65446,35051,47049,28220,61462,89144,55186,09189,27057,48141,80548,27446,01128,32373,22187,62783,17261,07006,68116,74087,30074,77182,14342,74220,57249,67222,62251,11128,07235,50081,57318,35221,28298,28317,61195,44218,68170,11390,76421,74240,14385,39465,50475,77140,32222,89152,30020,83131,64411,46214,70282,45239,64225,81007,07097,59122,14242,94011,88472,81049,22098,15266,28301,33023,07327,65289,65252,18243,12106,28278,27497,10005,51456,64158,21010,64512,86095,64250,59448,56062,32060,38006,23117,76372,27126,2A017,18110,62211,84012,71477,51138,09125,60313,66078,51216,64308,29136,23070,64230,47070,50311,84084,33028,48064,69263,38334,43118,22203,91201,56222,12092,31522,14578,18171,08406,76193,13083,07098,61412,49107,35037,45153,62047,62197,49028,23092,56178,62293,50436,80705,01032,50408,01347,03271,67241,72383,59108,62765,60039,29151,13029,45191,88353,86005,76218,05121,46292,02176,33239,83016,39532,30027,89139,59655,09105,71455,52302,56105,17020,41217,38075,37260,84072,89450,14407,48166,59536,24441,12138,21141,40127,23102,38321,51115,90025,22388,72254,77494,02294,59061,63365,76418,77285,33463,16218,18036,67293,78113,76040,74167,06044,02631,14344,37194,27556,57726,60420,28271,37133,77097,88010,62846,47287,65356,13214,58115,55317,50373,85306,17341,70126,11365,44157,42324,28212,70149,80802,11254,45018,08462,26270,77349,44199,62764,49170,40263,51437,02583,15148,57553,70478,01102,27234,86035,54122,31247,63299,17049,77065,81005,95306,59496,17200,66068,52213,88111,48161,79218,62348,19053,59392,12152,11358,10078,33111,43224,82126,54463,53226,80341,59564,54124,46281,15161,58014,54207,03004,08198,26323,06032,21120,42145,10247,33379,2A359,67516,05076,21349,14047,31397,85201,39556,52120,69217,38333,31246,71146,32320,26222,43076,11401,76549,80634,59445,70260,06002,43057,33078,18009,61141,55327,39346,26123,19118,54033,24095,54118,21413,16154,25043,07096,37038,18065,62774,76435,40130,39464,51280,57116,10412,88378,57051,67259,32010,22077,34043,91689,70245,50500,65427,89471,54263,65165,28290,60413,51003,64227,76646,62830,71550,80633,91174,62894,45111,03066,72104,72212,67528,76201,61501,88355,24375,77199,89250,80437,38377,11125,77317,87054,69057,60448,28369,25380,14519,51020,80046,05006,09238,71475,01350,52042,21106,32237,86010,08193,38230,61454,82118,33125,60163,86292,21635,76711,33054,84031,59488,25203,88115,11008,35178,31316,67061,36045,31150,17221,34017,27214,84070,25490,37162,54086,56224,33240,23196,55312,35078,52540,59066,10186,33204,60041,44012,81170,74195,25067,59306,30110,88056,38051,56220,65028,35161,38563,14230,80026,80162,88063,55431,80834,57709,33413,88121,23211,21445,59416,78646,12097,25141,31336,21140,61505,62186,76673,59580,80515,62680,38281,28390,53072,64396,24259,82029,29161,02168,85281,59172,54106,63065,07092,50238,68097,62756,24278,2B317,04204,54246,02415,02620,52497,65339,65298,71086,2A271,07116,61293,73300,64530,86218,69188,69242,37153,27153,60085,01052,66081,05144,2B341,03257,59262,62811,54323,10257,58307,01210,88426,66146,03140,62732,50079,19040,02693,09081,70002,25085,88284,60539,32410,18228,14643,16052,17289,03298,12012,85175,62133,33139,66062,53129,52437,50243,38017,53109,17079,61233,67020,34200,51616,22228,58209,21582,84044,55094,55217,59232,86016,61395,40066,19212,11415,89076,30131,10260,16234,33244,27336,12168,35060,60599,52257,40297,90028,61507,70138,80421,64008,50499,02804,80156,78238,77084,10384,38032,95554,82093,11089,64165,78638,45009,39581,19072,50505,60083,07009,38373,44064,16044,60213,35201,40030,16239,77373,06115,37084,62160,57301,51062,80293,62739,70107,78475,53260,34253,43246,07315,02016,80396,72141,24104,65300,74069,60003,57250,39022,42245,50568,2B053,77381,28139,2A348,60200,76222,55029,84043,01040,49269,12228,22104,26310,32166,82186,04090,27157,67269,31498,14409,17121,55476,07168,35285,95213,59388,27102,10382,01038,87194,34177,72183,80266,64131,86020,14676,57713,12129,81282,89439,26177,06126,64354,09044,67053,36222,79047,15229,44189,69216,76635,02024,66170,72094,51506,55533,32025,15107,88069,38167,09098,16174,37169,04179,68084,69064,32181,32032,18175,21059,77445,01246,84086,26168,34300,06147,2B205,15254,51623,61286,67311,51356,15048,80213,16348,36001,33070,61170,63389,18056,43226,59527,57658,31110,77212,74186,57389,53228,80829,28023,76209,10129,45044,04157,58021,27422,32384,91570,51032,71034,08040,57098,17138,35258,59593,43156,27066,72247,35243,07058,38393,03114,08117,60407,2B242,51423,24036,69218,14080,66058,17401,77347,21110,89053,64209,68068,84123,54228,39269,80054,62741,57171,64494,64114,67213,60622,41052,53063,97404,32341,69288,40060,82079,21495,12141,63029,10317,21482,80106,35077,78606,02155,14715,95256,21262,14260,58160,30262,82042,01133,56031,69028,57641,69278,01044,88098,56221,33344,12121,59476,21515,21006,32251,16085,45099,63300,26110,54050,50269,22068,27254,41280,27298,39559,41195,62068,24380,32414,62828,51048,62150,88439,01046,59484,77467,19193,04187,57377,63257,11326,16321,42219,06085,87157,55063,46246,53169,28117,76714,59092,01392,42129,26163,2B311,14191,62539,62418,16422,88507,63231,36109,70079,08318,24355,88317,27020,78460,02444,81112,77239,56176,02396,89176,79255,47087,86194,95446,51495,04039,62067,02807,21282,45327,33516,31273,18290,24410,28135,21078,12268,18079,06106,26225,59639,44118,08192,37029,50585,19110,61493,31255,71312,89415,05084,47277,09030,64017,50607,58175,71512,21474,54283,74150,72352,65205,77482,52103,02108,59421,62463,61268,54068,40278,68095,65177,48169,71156,63178,21005,79126,25224,77520,71516,13096,89376,71271,51627,95166,83087,57361,58192,87125,02559,35081,38478,2A089,03300,26066,17226,03094,05024,80491,80273,52116,59583,11255,28029,57412,64557,62586,39104,88382,88066,11311,2B248,89344,40331,76381,03043,62695,07177,11236,54590,77079,67091,74059,60373,55412,45184,47159,25234,02666,86085,70546,59186,24299,64051,12155,83053,08246,12181,80151,97109,54293,77107,67432,51153,22176,31053,41237,39321,69141,15199,66003,67098,55527,27373,2B213,94034,63453,24446,49214,02601,48123,71444,02684,65057,94081,69005,08137,82106,63101,39302,39162,33501,03295,45337,68165,22246,67554,62644,25247,21017,55409,24227,55442,60117,62255,76068,2B281,86109,05117,44052,70006,36155,25101,02702,39454,41284,60385,71428,59332,79059,68090,10140,31551,32265,52385,33034,47212,22129,02150,24158,31204,18007,77372,47199,66023,67379,16236,03317,70471,64543,85176,59259,11361,22065,54145,42238,23202,08287,46154,60306,48174,03139,24074,38529,34024,21184,30203,46289,63337,60051,24452,10072,08018,55492,16389,33508,87052,03309,65016,62051,25560,14732,25532,26368,79137,50426,60043,93014,03106,11093,65195,11320,54178,31519,08480,59473,39282,75056,08174,33374,12225,31277,02682,76734,64441,18147,53270,25089,16193,80621,72114,50066,86144,33550,80473,21149,88263,29265,60355,81109,22277,09027,61146,02164,85171,25525,09324,59184,36195,14040,21157,76550,30236,31236,66184,26167,22231,47098,21267,87105,95219,57133,50553,67099,57425,2B156,36190,11040,89296,11047,09251,82036,62237,80806,28347,31414,36247,67169,56232,47297,02370,15019,71486,60345,45171,31503,08263,07013,21289,31118,89025,33341,51552,17203,32063,46023,51214,57022,52300,72333,01010,55113,24206,42243,07334,60084,72367,14499,22214,85139,62761,78558,2B086,26101,88519,18235,68067,42330,52065,40191,60529,10414,43207,54169,31313,56080,64211,37237,55406,55012,57527,80070,60245,49026,67038,69027,34143,64310,60037,57211,22140,49216,94044,29296,80698,95331,70255,60698,27140,43042,82130,39310,25227,51311,42078,40231,68239,76603,13026,76610,73150,18263,59065,2B223,70170,45023,34180,60097,56003,02231,34217,46258,36013,71163,27568,50397,73276,89430,69241,70449,55153,67547,31203,31461,80230,47314,79125,25430,23152,19263,2B068,45162,70051,70457,60053,34302,21358,37259,39306,80183,62448,71004,80696,32122,68353,60543,50039,52395,33423,61079,54335,79141,81223,41078,88469,40239,80665,60436,41051,38114,07249,24404,18141,48194,97205,18023,17087,64079,72123,41238,72001,08343,37077,77478,70145,78590,36105,06134,30198,27393,62148,27228,38390,63320,64054,76367,18109,14297,46253,42254,38408,41095,79019,16224,83031,51658,12232,65409,38048,32269,23065,10275,29177,84029,67515,63369,14136,25599,27188,73034,70039,80343,46033,22092,53112,26307,36133,77278,27466,69009,51518,64346,71433,89030,57516,38245,81031,17250,01065,31525,04065,38130,67430,68250,39225,71182,57260,35261,68109,48106,36057,78291,34210,70101,36101,38067,36204,02708,70213,84103,57736,49222,31344,70334,08113,73250,14689,57082,80499,67285,27026,76170,72110,22245,12124,45202,55218,42136,27120,10205,60156,31515,42065,31165,88068,54057,77231,14602,15209,18122,24450,80379,71212,31190,14587,72090,58122,87152,88123,95288,34274,17066,28255,02819,03064,21442,55324,41049,54090,86293,10204,49102,27032,01147,61341,67172,22342,19133,18151,19055,73236,77484,08140,63306,26124,67166,70105,30218,81050,01269,33058,72025,50510,22198,80287,80060,26014,46122,08243,01418,02755,02297,85188,23016,40005,78172,02223,54331,09168,55338,22064,39166,16402,91549,05174,10299,12072,64486,91319,83034,67521,07296,10370,77230,80703,38497,29046,14240,60264,62195,52285,88049,2B124,2B080,51073,78310,58084,78381,77447,43256,24337,97611,80003,71019,74238,91600,92077,08021,01169,50086,39476,54490,80052,08446,55184,14576,59090,47004,76516,25228,35251,64140,03223,66115,71338,86131,80482,17187,54012,34002,63169,76103,37056,80681,25107,37064,08437,68009,26334,64040,53131,23074,71573,41234,41220,58282,29030,46022,47196,46200,18219,58295,67308,69235,60470,03113,19252,42333,97222,62908,81130,63181,14305,45241,25521,39194,49228,48090,67054,31011,67455,29159,64467,51050,50590,11216,33484,69227,60002,65372,04113,30079,42081,65151,43047,88456,65193,62853,62801,85024,41043,76264,56246,65166,01139,62079,80167,80030,08271,77514,60555,62066,40265,57545,49262,50090,56239,22108,38519,62585,66112,94019,22006,58305,38354,51099,07251,64343,30215,24372,16339,34135,84127,68351,86270,87132,12272,72167,12185,51384,67187,60141,22232,74237,64324,09231,04188,50290,72321,31287,73249,27215,70203,18042,23040,24529,02470,51167,61133,71201,47173,78350,59659,28033,31349,07107,65414,71393,31033,45074,70361,05103,21518,63321,11181,30265,36110,57340,33479,59658,51217,60335,19002,24037,24238,02670,26186,70091,34288,07266,19088,59443,28354,59591,76708,50601,70536,68212,32005,73192,40327,02467,16191,51168,45338,80587,62639,14145,19194,04177,71349,49231,67441,63039,09001,74287,70389,27168,77379,51068,36018,56115,17142,26090,79176,39197,51439,64071,74144,61158,38511,39333,86201,17376,24566,22341,63363,62806,07027,70412,32334,64540,34233,15249,84140,54180,69019,51169,21607,21290,58157,73155,70325,80031,70094,21571,08208,45275,47192,22169,16357,10269,79213,03015,88109,25486,12151,48021,08368,70451,12259,52546,89037,27659,27212,57054,57596,25199,67465,27156,67030,97229,89175,84089,15106,08327,61483,46162,88116,30139,83108,68051,62534,80511,69255,27148,77208,71194,11199,52436,04036,70287,42125,81312,67373,70468,16143,27502,24305,67127,49176,74236,91198,81046,27567,62666,64159,09198,47127,91347,58141,17433,33315,02224,10232,37036,13076,39020,13082,04085,25550,23100,57745,02042,09334,42305,18168,50137,68244,29071,07181,72077,57549,55425,58055,76657,70432,70297,07255,08301,60377,90033,39244,62030,88196,72196,23107,76388,79297,65411,85137,84080,63222,77406,77277,06088,46252,27490,32461,62065,02793,38266,70289,81294,34191,23139,01115,97119,54290,59378,58195,45343,09174,36033,25324,03195,57013,55123,68112,86070,09147,02382,63088,68204,43023,14649,63243,51463,09022,02331,59587,68221,11063,40287,24253,22091,15016,59239,42130,45204,07344,54252,16041,01239,62261,05079,22001,35330,62163,45268,66174,52229,57613,84036,35156,65041,08125,32188,11417,72180,81142,97615,67163,27632,15224,02746,60571,62166,65327,85096,33273,55048,04072,24424,85244,62205,29147,97409,29221,14360,24262,33546,58170,28147,07215,57014,67006,80318,87043,74038,43058,46041,19070,18039,67550,29039,34124,21179,88036,35120,44176,70271,11340,26258,2B088,60271,64515,89003,60059,24378,30195,91064,71452,08141,79111,68289,66138,21626,85006,59073,21473,67391,92051,66122,26243,64224,87148,21401,61345,16287,27645,01445,44217,60228,80792,70323,62131,76723,15135,77411,48051,84041,32039,21693,60656,64157,52516,61287,34332,52356,30318,86121,68073,08386,56029,23056,34122,2B101,89080,49178,01273,32172,76730,11183,80311,23027,25605,62698,72083,37112,51445,59034,74271,39275,71189,07048,25268,16277,22019,26340,23212,29153,60090,77426,03109,58030,81182,57293,43029,79339,17222,31025,69117,45026,08165,10327,45169,62112,2B049,21676,27301,71384,37127,76368,64372,90056,52008,65159,65069,73186,27492,08248,01393,41010,03229,70030,89046,76479,14592,42300,52251,33369,74099,69197,11327,25084,11301,24284,11264,17306,77386,67338,86276,25056,12050,02449,50356,05096,80429,32117,63386,62634,56254,72187,65229,59103,50455,43216,86127,17482,24229,73243,62646,55438,08037,95199,25280,16152,19229,48098,58262,01430,77371,58201,66197,02253,26108,68300,16102,73206,18067,58230,51344,17330,48087,27389,25433,86159,77473,60265,60670,02473,19146,66065,02471,73237,55005,09199,19191,42335,44074,37174,58016,17068,21121,57763,70037,24553,27083,51542,49237,38421,77311,77432,70415,02405,21142,60446,76156,36120,59230,06067,2B328,19289,76025,76594,48005,60022,76333,80020,08155,35180,27671,18153,02616,24420,54505,21260,68018,38314,21392,66028,12207,33358,63106,14200,35069,63460,76724,11070,27100,34037,64538,62886,11386,17410,08482,38191,35163,52492,51317,86112,53272,63160,55132,23209,48178,12237,21225,60210,51468,17035,36242,39308,64394,15088,33489,86174,68271,06105,50453,76407,39241,14675,39431,80413,71096,64263,22179,56147,70210,55345,11324,32376,78289,67232,26111,30054,33231,72129,21475,54288,57059,25538,27458,62552,43153,39068,68335,24174,77195,71322,60491,25233,07224,16392,07065,2B234,88142,39569,80069,95060,32069,17161,67345,07143,52431,51338,14563,66223,88089,31209,80390,32431,22131,57650,71152,88152,02378,27146,09270,54100,07166,49205,60669,63211,11208,52371,60545,82122,40056,80667,39567,52253,61346,17329,82016,11275,85097,28379,03037,09340,53273,2A272,59149,49057,66176,89417,64129,28286,07010,14595,44087,16231,57474,07172,32088,04110,63407,84054,16185,60364,47200,13215,80670,39096,45084,63280,24507,80375,34265,43258,50117,09250,38060,45037,60664,60073,74253,77337,82082,48013,79162,11353,38212,83116,76599,21333,03233,55129,54415,85157,22047,14492,27313,31138,62165,54097,2B161,50481,62602,47183,15002,17254,88166,22046,67095,70055,10225,66061,14205,02339,87029,46231,68364,11218,42183,73202,46244,53136,40289,71081,35106,16360,76274,76416,28387,67497,29040,59313,09267,01015,85109,31256,67436,11333,69109,38156,80464,51268,85200,03134,69045,45100,08070,17205,80347,57486,65422,76262,10172,95177,02218,81316,30183,59346,67544,45093,22044,14700,15020,39029,62558,14159,64247,76700,05163,25156,13038,60343,55001,37271,55368,69283,67492,55553,33342,60623,21131,2A091,64395,21393,78567,71315,10122,27437,58052,21172,63411,40211,39565,24511,59117,21699,60034,55506,74282,81055,27435,43173,33362,26333,09162,41042,62059,80617,27674,39456,11219,21563,59504,09211,86110,09170,77323,75104,86204,72291,77456,60572,71264,32065,03225,14077,26119,17023,30036,17095,41187,88014,53259,46083,11141,37196,23078,62688,11336,06129,55551,64421,54216,02315,43249,46130,34236,11286,80339,42275,78344,88425,25157,48157,30286,2B332,33425,01436,71380,89459,21015,70476,38368,79055,32223,30272,50055,79154,88185,74005,89431,13010,44210,17473,66134,74012,74313,15260,86279,76249,76269,11017,50349,62057,16184,52250,04063,32195,60244,77130,65326,21444,43108,01450,50514,71540,70004,67220,38474,61411,56132,29011,31253,08016,55397,82030,45054,27643,80716,15245,61339,42063,97311,70198,60063,10130,40309,09085,02586,91345,18072,2A279,71071,63201,25451,83127,53177,38041,50192,51247,79313,69201,83082,50422,72064,34259,55355,13093,33180,88167,62862,14436,25406,02023,88514,77475,77188,18186,97203,24151,57319,44032,16330,63015,57118,59406,91098,30072,74264,14086,31587,18271,31570,55177,71107,89091,57073,40250,37281,02212,27544,08349,67040,19064,77297,68188,70148,44083,51304,90037,77363,44068,58088,25387,45097,30305,83150,51186,54462,59044,81257,80337,85058,73213,10046,41152,18089,46078,03026,08149,12147,04209,38269,24114,67011,01240,65164,58133,60560,50540,35076,36170,02417,85163,08183,55383,81149,58213,65135,57040,17067,14063,63469,61451,88154,10157,39001,72133,54037,72022,70523,09320,19203,02422,12235,33133,51234,51363,45159,83008,05133,16014,76046,17016,33347,08335,06095,25477,10290,25151,45020,31585,2A326,55316,50108,53262,67142,89477,29106,06130,26347,59501,89485,76432,68057,07144,77336,55032,89217,56041,03010,61061,88026,60214,24584,17126,26161,17212,51417,59057,21118,68290,85108,77454,03050,27322,60237,2A071,47084,89371,70437,76091,38452,02268,02647,36029,07199,21627,88383,15111,33426,65368,14542,47037,55332,17469,2A018,19257,13113,57076,18074,76491,88460,78688,17365,57256,79163,30117,42051,41277,26084,59155,88039,37002,34030,97612,16233,76237,51316,72068,37270,24110,33145,41297,88446,62260,37080,21024,07341,14092,02276,19287,68193,70431,70440,27408,77269,36210,46059,80025,70140,67474,36063,32012,11156,62821,10340,43194,77326,39334,03097,29162,36142,27427,10289,31106,64047,02338,72178,05157,09311,14090,2A360,84145,64199,17436,11185,40196,61344,32064,71184,74088,14020,36160,59419,25290,73223,10171,45203,68291,68205,70115,08080,77400,04035,43263,62268,16128,21586,50292,31415,39370,07210,60660,74137,06157,61040,58273,21642,17278,51006,44190,18197,64550,67447,28215,58140,71339,62525,25159,61211,16111,10188,02443,77339,39031,19226,58112,65382,85026,59616,19160,29065,41281,76494,65377,25332,57574,88029,08353,68142,16243,26229,60516,35102,71266,24445,86130,49311,43234,43127,12297,25385,63468,88360,80275,03090,07025,17474,60468,58229,28116,85049,85221,60299,25439,34020,45245,27317,10061,62689,47050,10059,14303,14692,14610,2B096,38020,70215,19027,38205,76188,23128,12048,27191,51288,89270,74234,02136,31174,69006,61292,86198,22132,39519,52479,21669,76391,54536,76291,21231,02182,67153,62116,21701,32170,30136,03224,19061,62520,31040,41108,33462,46323,48074,77157,73005,71501,59628,46222,63102,39448,81267,45248,51278,10425,56230,02229,57672,95241,80182,26114,66113,80602,21435,80042,77511,57310,05048,08078,10356,68113,43120,70135,57706,33063,70336,60328,50174,81078,51629,07250,73271,26099,50188,02635,77241,76131,35218,63380,28275,53118,08319,63314,26042,78296,71371,76039,27678,44057,02138,2B177,02237,64088,14377,01152,33213,64522,73310,15032,62876,63241,57515,57125,06040,70124,22021,80110,32128,09115,41212,18254,28417,64496,91047,37203,12177,60579,94079,25110,16023,58280,61433,65214,62021,70114,64318,42008,88510,83030,43119,82063,42223,04043,45035,16093,69272,44089,34057,76185,26272,88326,56108,89408,27611,10420,91560,42179,62013,74097,95055,24322,72060,08103,27539,63354,77192,62303,55115,38115,86064,76710,60104,80068,57582,89286,76033,22004,41279,68096,02248,62109,63296,26037,14207,07336,77153,31031,85206,26046,18233,80585,44055,62760,65328,06118,56048,41053,61418,61099,71445,10315,12252,45301,49068,68313,67058,77194,46237,14724,32274,25286,71098,44033,64493,14037,31411,10009,29026,33268,42071,27082,62385,95170,59147,57683,32318,21672,38564,27372,80392,14709,07230,08438,42026,78158,38311,77081,54487,78440,25438,15215,14184,25115,57543,07041,27136,16409,64265,22326,34160,02489,46143,26050,62779,89099,31426,21438,24042,40249,39198,55070,67470,02438,30047,64269,04192,02404,62614,88527,53076,59548,59589,84021,80094,27329,07289,43231,69180,65367,19004,70529,46207,60166,27662,57217,68196,12209,57449,79139,54327,56247,64408,03312,41102,58101,16280,76406,32360,77340,62847,46232,07115,33146,86229,56196,33327,60652,87146,26214,89433,45161,64007,72205,31242,81232,21334,43178,60276,02641,08389,51577,29069,29006,31529,17074,17455,26369,24419,02573,54516,22011,02204,21038,58277,52536,79253,66069,38356,23174,76340,84011,38542,59615,59652,97306,65277,03297,08293,48059,79320,08393,53150,18160,68153,30166,31104,52377,45050,07140,80518,64256,39027,18080,27288,65323,21400,41241,81067,21550,11429,02786,54444,39582,02584,89123,16272,45059,46199,08222,19254,08123,03288,70090,94056,95210,35169,47144,11075,23195,02753,11076,31428,04019,72023,11120,88113,56091,23019,54003,02833,60400,40119,71159,89007,63066,30249,28106,62074,61413,63203,53021,86236,97361,01019,39038,94077,62845,11410,32359,17214,77025,14435,81291,15034,51530,88341,02133,59669,80250,62411,87155,26226,54337,11260,87117,31267,67279,70411,78616,31095,21460,45255,57304,43044,30120,60326,57148,89158,54479,62589,69042,01140,27090,08011,05090,54373,39167,62582,97234,62566,64232,26025,47271,26256,09092,57626,39047,91318,16138,57021,40295,74054,16298,52366,33115,24421,31531,55364,52170,89486,51399,18118,52490,72004,50628,31329,57181,22312,31399,76051,14498,48082,13119,79174,02575,32193,30223,24091,56259,91249,95369,87101,77125,76161,60375,05014,03120,2B229,89251,76595,60324,76464,54539,68209,60389,40108,37282,80338,64004,01449,01054,49030,29145,60231,53237,25120,25383,02483,38131,64473,06010,07121,97224,81219,25334,88487,83089,68081,43215,90052,30237,59493,05162,38243,65440,14038,67416,64130,54191,51650,33380,64042,49182,30009,64323,51422,39526,51225,04210,02007,55171,87039,25255,85237,03017,53107,08420,81318,38064,26171,29199,67136,59327,33237,78569,29172,89136,01381,13030,03151,18169,88328,19023,07216,48072,89420,67389,50185,70490,57642,38052,62896,54560,21065,10201,68071,30060,21452,80049,69265,30194,33055,71323,28234,59524,14454,13084,56152,65204,44051,21410,54368,74202,43175,02373,52002,87128,02222,22372,26072,65453,36175,89079,10190,01234,31032,09023,66011,55458,91286,55501,53266,34304,58310,38503,86281,05003,79031,80597,09246,07326,92020,12256,34094,59511,2A276,36019,95625,45247,87151,59642,03291,82109,27115,30188,45073,39268,49010,24257,76410,73171,17030,04234,39281,51112,21210,71586,57356,54093,63308,86096,11172,31379,02535,25265,91067,88009,65017,77073,62785,65216,67023,68179,73225,2B105,87019,11312,07109,59276,25431,21263,16365,47190,07261,80674,50302,11108,16244,70558,54353,71046,01075,38376,03159,34262,35312,57462,57239,51354,68293,10165,54163,40272,74075,77530,24080,67248,11435,19007,37214,07319,32156,78537,34118,25052,31023,07278,62543,23006,69119,02518,63061,08189,58264,13002,45265,78484,31015,21138,09237,34186,64327,38008,27196,24575,04129,09157,63263,89424,64064,64242,18113,10332,43130,58121,21169,38100,04135,28086,11179,82179,78366,32062,25432,33052,73065,21561,51039,23155,11098,10159,37242,62777,58284,33128,49266,42267,04133,54023,16124,79160,21713,70041,45080,77242,59084,17431,69037,16064,77115,68139,41105,65011,39343,24544,33172,62027,25311,27621,16302,29128,75106,60549,89373,13004,76587,82135,03307,79109,34215,41025,24266,63427,51426,70032,08380,36104,38415,25298,62600,57584,77291,37025,38403,40194,26335,01311,76476,62434,64012,40088,68161,10007,53141,78571,56067,36213,76144,31409,21683,52136,64022,44014,60651,69156,12284,74178,80714,44156,64420,63467,48089,62005,39156,76092,49048,50420,74158,02070,22390,61301,63057,51611,09160,57158,59119,50028,35018,88024,2B290,70444,12035,85074,29277,60451,35192,12077,32198,25391,63252,56203,70436,17337,30255,78321,70242,69189,02721,64446,09227,05142,57275,40253,2A129,37059,45070,66228,80783,01021,55464,15200,78410,05066,37204,62118,79114,29018,81084,51562,35160,44110,54211,44075,30206,66187,21319,69276,24300,38136,02547,85265,60337,06005,80089,18084,23108,21579,34164,27508,14221,27382,33499,59222,21113,81147,22121,01014,71070,39510,70218,88261,49053,62567,17113,23248,57485,14486,54208,60676,02496,65072,56028,54543,42086,03107,14402,83074,64460,64264,03306,27209,41151,14502,76551,02556,05029,76664,57524,86114,55009,60626,70016,81275,82158,71196,31318,38050,17373,29246,71134,63250,38189,86052,71033,72018,39318,71481,50341,46095,62627,33275,57063,01259,18163,62376,26061,34309,02526,71353,49272,55321,21173,62839,62462,19266,71277,33079,71215,60368,39540,52033,37022,46027,38109,57392,77446,23132,33039,16273,62390,58008,54376,83120,27404,53130,64544,95253,32178,46256,17139,39539,32247,55331,49345,64276,08415,68185,76067,57407,36234,07227,57507,72035,14161,57010,59633,71099,51469,46015,60233,57012,24329,69243,32428,77254,42229,83100,14182,53223,87084,31249,51642,39056,86262,45015,01006,76146,25630,60422,30264,35118,62157,06114,17162,53229,51516,36075,64208,16054,67319,42137,79349,02657,31237,72323,32059,65080,59157,52442,17299,55448,49193,73212,51116,64459,93070,83017,39050,39529,25456,80835,28164,85266,2B292,71042,42148,11178,08207,76580,76615,62444,08060,22378,81231,60062,67178,62300,51127,2A336,28217,10055,11372,68257,73258,69204,55310,31573,77217,31085,14126,64279,33121,2B134,59467,25174,88513,21570,07005,61015,54507,39352,05060,01345,91105,15212,23226,35354,57375,33099,08358,18104,10187,65215,40068,64461,63375,69026,88347,68304,02183,2B165,59268,14354,71513,39486,37151,50205,65269,15259,04130,14659,76279,64128,54524,81042,22157,84096,11431,10303,04041,58184,67276,32037,81307,51536,78346,70326,05172,37094,14256,54577,24341,84027,35235,88101,78443,89474,01098,07292,68065,81163,76636,71557,33173,37051,62274,62359,51213,58292,69016,10354,67322,52114,38204,73063,56228,21238,36061,14204,79049,54550,24428,76477,53048,38424,57084,45258,54160,03141,07162,70538,38031,02430,67254,30217,65153,13057,88135,40185,38148,09079,34198,01275,38440,25366,76685,54469,29166,27624,36196,24417,24061,10372,31370,86023,29198,12135,89253,85300,02673,11381,36134,39063,53155,32401,54570,25276,63072,04066,76013,47319,50099,17384,28325,40104,77513,56104,07323,14550,78104,88525,2B166,56227,89398,23014,72308,91685,80692,80723,45283,25239,17393,60416,71128,51648,64180,37232,11355,29095,46082,59424,55093,05102,44054,07126,76043,78143,55461,79115,39411,58028,32050,60344,27371,02116,43262,57567,68105,91659,84083,76572,62170,24352,2A011,03007,58304,07014,06143,04176,71317,55241,95641,53091,44207,21430,33194,25348,64447,37152,10443,52522,10199,43199,80023,45144,23005,42177,14637,36014,55301,02412,35032,26345,25619,11225,18199,53178,22261,69280,46321,71414,57112,60188,46201,21214,64235,2B335,83095,26116,24474,81105,46193,80718,67209,27332,77077,27418,60490,54066,11079,63259,26210,86221,67500,29122,62648,39407,25515,35123,24518,57183,80729,88394,33551,24562,83121,15202,89395,01366,09017,70163,88047,78020,86103,66052,27633,25238,57619,28168,65094,43143,60220,52398,08226,07084,31419,87165,43193,79302,57195,36086,39176,95183,16118,95459,59099,11377,31401,45336,02652,31189,43177,49271,91547,26223,61367,33030,25207,43125,76090,57371,37014,71358,60283,86119,32192,60185,27009,73117,08073,61308,95445,69067,56260,09188,62181,60406,41090,81021,31443,33027,77203,71397,31167,12025,24101,17416,81293,07047,51165,27495,63007,31584,68216,02590,36036,40311,76403,42006,59191,78497,84004,18078,39046,30142,24228,39246,39114,26067,57629,40064,25519,70257,59581,18094,86252,24189,76632,04102,40142,46312,46125,80512,25009,68152,14601,33363,31432,76508,65457,82145,54452,43017,35088,27259,80112,54546,31475,26074,25503,43114,01331,16400,07068,11163,54480,56004,14510,70308,25365,21406,05166,76083,33264,64334,54477,59266,42193,88286,78559,47017,17033,63367,37276,59193,44085,06121,79184,04158,05126,29244,40178,14677,23028,61376,11244,60140,57700,35271,47148,78192,81221,50105,34290,70194,30146,42104,91679,10202,31034,62225,45273,59345,42135,04047,30281,59231,31276,89060,62443,21588,70489,08166,08225,77063,02201,77135,71069,08409,07015,26318,28378,46313,87040,60057,16375,30240,26373,51507,15174,61234,50097,39084,80640,56198,45182,57070,88030,19095,67480,47209,65022,45280,03031,11424,26362,35055,81167,74215,70454,53110,04061,17346,24422,62590,51315,50161,64501,60149,68208,31395,62522,64170,82143,87159,79136,30026,67526,77288,33160,57180,90041,33429,28283,37275,62344,72010,81305,60533,16382,58065,33189,64464,02122,28411,08295,65096,76483,77113,52312,14762,33223,67370,05031,38166,44001,72359,85277,37004,02760,64284,27135,89100,60359,60462,88093,26209,10220,52337,91648,62176,50536,39472,71140,01155,78650,90098,21176,25273,70272,31135,54350,42037,52426,66013,25129,21145,42088,01370,08035,07342,47094,59254,50379,50126,01379,10062,72086,03127,67145,17053,49192,31303,63265,08362,03283,91525,62551,33179,50617,86148,34173,85132,51639,50588,59037,29081,32310,51224,90018,68111,67247,06158,85062,70021,03160,29191,97608,81096,12288,60438,55165,86045,53153,35117,50641,11041,68345,44166,97410,59577,51526,88478,22375,09256,88203,44201,14555,62090,22184,67493,77394,14061,77071,89407,02295,37030,05100,63020,65472,34272,51052,88025,97211,71108,09121,2B079,54248,95120,70405,62182,62656,12265,80479,2A288,08378,25208,89352,43202,58202,62608,08276,18016,24200,08410,54193,01238,63431,70435,50613,76455,97603,50027,78138,29056,92002,79191,10408,2A100,70548,36091,62041,62415,56163,46124,76109,62491,64090,32021,57436,77284,03200,57414,32214,24128,65420,26275,27629,10345,34075,34174,27194,10193,15055,77384,68087,16307,27358,21249,77416,03201,91226,53245,2A196,21382,21493,44200,40161,21190,81054,56013,02711,62140,33201,64122,80204,31148,10110,28034,38547,54184,12169,38056,91434,67535,68228,81192,71296,90044,30029,10064,68132,42319,72139,26189,47088,27054,2B286,21622,65064,31304,19221,80590,67043,49082,76536,32389,34061,11126,86058,34113,60547,11157,55237,31185,14320,32242,86136,78398,12233,36224,25590,41209,71483,57611,67012,49218,24121,30345,11374,08245,31243,28341,27173,32388,45152,55370,27489,54381,61404,65032,61012,22134,33020,81152,68227,31012,76382,59131,2B180,23004,42034,02775,67124,27561,46247,62702,73092,57288,54021,57103,33191,94068,46139,31054,88023,53157,77380,02040,88162,43077,54535,33437,14446,80746,70278,59483,26315,69207,43039,39230,39523,33126,57538,54272,82080,70549,27411,77398,39284,02614,60372,77114,70357,34243,57552,73147,57443,79311,36077,47202,55429,21241,42021,21055,23050,35167,31175,57665,89219,76507,54578,28324,77251,86245,38219,38402,13105,76121,60509,69104,76562,52007,76626,51361,80544,59393,33187,76002,79164,57757,10362,86214,82108,05099,73242,85172,33048,07067,21237,85120,44149,54278,64296,21425,70371,43069,80502,86207,18145,2A027,24304,91552,60586,30204,45056,14023,26185,78615,88307,38248,32287,32227,07220,54592,25629,42151,52017,56258,37049,21506,25153,62861,89061,64186,33335,24224,43204,59520,2B030,21311,53066,59370,88043,87113,32121,76163,87096,57492,06001,39477,28398,17458,31233,29087,95304,80185,67361,21245,27290,77320,28053,40154,63123,70269,33257,62837,33226,63381,43159,81027,54340,46178,58303,25526,17331,70580,67152,69275,88250,70501,57100,41218,28195,35333,09108,44222,83140,13207,02266,03157,24367,40197,72134,2B252,03054,56134,32383,64045,71123,46226,89384,50353,51617,71547,29003,79076,68266,45177,59391,40123,41211,38418,83051,03211,02783,16189,59630,25447,50172,64483,92014,14529,55018,08145,38185,02334,54439,60474,64120,38153,63261,67250,36188,59451,40245,59464,71193,55421,50279,64478,88438,55282,51139,60135,62803,01211,21159,39133,76492,62703,61372,60013,17275,48192,62641,49217,16056,62554,01050,66154,62800,61024,13092,21497,57110,35187,64533,39093,65350,16258,74180,67037,52547,17422,57386,64077,37191,08089,10189,49163,86217,42266,02661,95287,14338,87094,48046,32120,45279,01328,68249,60105,70012,37041,25455,91069,52159,56216,01105,38352,10319,26231,74122,86007,34306,59127,47244,70306,34242,65366,37241,77396,80776,59003,02388,88418,65362,76346,90071,76509,59600,31462,55047,58252,76484,02096,05167,27388,27686,87017,17339,23236,88275,14211,77500,65439,52131,02699,61087,37048,71017,82077,10014,71473,25008,76045,45188,80096,42079,54279,15178,60426,89265,62026,2B097,10254,34059,08217,63405,70396,63136,93074,67090,59431,69381,66159,14299,36064,95392,21409,30169,60566,28308,57055,80008,37065,49086,23009,07263,69068,36081,72273,12202,37277,55401,07089,15043,67079,33003,34108,32326,30150,35175,31408,39077,76719,11309,21617,34204,75120,62265,02785,60410,25539,43012,60031,60510,02588,88106,65308,72188,71150,02510,54070,53012,52075,55508,70524,17277,10045,68243,03155,38282,36129,27618,64371,85269,05171,88448,65314,72073,66136,11234,33098,54430,61108,71478,54245,79295,30005,28329,80366,18246,77286,32248,26039,67538,64204,10341,83063,60222,77119,80425,19123,27207,38481,27429,22037,15206,48165,65033,12148,76130,67384,44047,34341,50230,41045,25221,10353,52386,38037,65005,09165,71195,73284,77316,44108,71343,58300,25026,57397,56171,26204,72130,19145,65358,71031,88278,80157,37238,71496,68362,76544,33182,01082,62517,80180,17025,06019,50263,78057,51210,62105,21596,60120,10350,54074,42025,21674,17386,34269,71173,01260,88168,70341,80737,78391,32307,71314,49055,13091,87141,02258,22229,59602,30052,64462,95584,50178,17413,84088,68256,62155,66218,27541,41126,12226,17236,72020,24405,32426,2A066,61041,22239,39434,37085,42127,80109,29124,74050,07309,01344,54425,10432,67017,53139,01225,59046,82120,10226,89022,02280,60675,46072,14533,66101,31398,64392,15180,06090,16034,31548,39263,32378,94076,45102,17122,54561,66060,71206,04214,27592,70047,14220,29211,35273,01403,31327,2B193,19241,21100,09277,58177,33218,07330,04151,38566,50371,57129,63404,88096,46301,21678,77280,46151,58281,73278,85254,75116,69072,71400,77429,31517,2B171,48070,80066,23026,68120,42162,36205,65393,16007,10286,62270,83130,12068,09327,38423,51019,02701,2B287,25323,08461,63267,12211,72173,62673,03095,33434,71112,57350,72380,32340,72256,24288,34018,65121,73027,27108,08146,08052,25322,10396,17274,27282,19215,2B175,28294,17038,47283,88470,60261,27379,10373,21471,64150,72309,87035,56079,10321,09026,17165,71068,76386,01084,62275,25617,86066,26023,32322,70305,33252,19060,60339,70196,80264,51094,65075,54274,94046,71038,36243,80820,24195,64039,64091,76529,49121,01384,68361,47225,94002,09341,38362,21201,88352,63202,71210,97217,88340,31081,07343,54062,04023,18062,62535,14494,81017,08412,01061,73139,70321,31340,27376,67300,31037,60076,21574,21481,57454,28355,40084,45254,38496,46064,62113,08284,31259,19149,21526,08312,95370,50159,30165,64106,51503,62685,51263,59582,66158,11307,17071,37245,27123,11426,42310,93063,41171,41161,37255,27341,51364,50006,12053,33141,14457,11379,83097,54547,27438,65444,79100,91200,77328,04186,86075,51476,89374,02743,10041,83137,55453,70042,32380,59414,60036,70420,47217,68017,63347,68218,35148,39338,02191,02820,03266,89262,16387,60542,15132,34299,58309,53116,32244,2A203,57221,65270,76136,57182,24059,65292,62456,89264,36038,50262,85010,33236,54411,30274,24397,07130,62547,88048,41124,22334,43128,25350,36237,31153,32436,24237,47102,02445,10113,62750,80750,53043,81215,17026,79003,40008,88403,73068,45231,80261,14044,41069,51365,40095,89467,09242,76219,13108,67555,88147,25246,70109,49090,21129,27665,31103,54334,31476,26364,17110,31552,27010,46070,45001,60658,78501,08413,50621,14165,12253,59304,72074,84091,62781,16401,67118,76523,02703,49331,16170,52070,43180,38046,12243,39277,33490,44115,33156,76360,35190,85202,57742,40131,17195,47014,14661,59203,50221,34136,2A345,33256,17052,55015,17232,64009,76666,41181,76226,53236,65390,02126,77056,88485,25270,63438,41003,61257,37125,60074,35361,42022,02214,12276,18193,30311,86298,41278,25445,61105,17471,59450,33157,59165,56158,12197,57337,47111,38225,27001,23172,71262,06027,69125,50468,02011,23110,47240,78640,42182,14089,32096,51571,54220,31113,87161,51308,02724,31208,12002,85087,86180,73123,61342,61485,25074,30315,35265,68080,65077,42141,60132,76653,27327,82021,28336,02617,41145,25589,38267,43200,61159,06162,35130,80265,76143,80565,67217,63170,76085,33415,54473,27564,12136,14593,64457,65392,24541,58269,39364,27390,25579,26322,14162,80828,54296,33391,82121,67122,59091,40204,31308,24100,64376,24106,28070,38076,70274,31066,45282,22031,28257,52137,80188,47080,27342,88229,31080,57727,79074,88480,50088,62080,34125,77083,76178,11117,27043,13049,23106,42067,45312,31444,51504,12238,78163,21428,14045,41087,32379,01016,24409,29275,10259,04195,30259,80073,48038,70144,43139,80526,50360,02326,07163,61156,33440,79116,37019,67033,02513,80235,52193,54017,54429,47130,57457,87091,54456,57056,89263,89386,60129,25482,74006,67256,08237,50276,63189,63307,51177,83056,42066,09060,90059,55428,32346,59477,77483,29104,89338,30167,60645,62460,39182,58090,61443,51190,16206,65059,76413,57247,85054,50362,26295,50095,78520,12144,51130,45031,63470,41296,46050,77032,61069,08074,79258,53199,45116,87021,89284,59598,90035,2B010,52422,49355,84077,08307,40177,30067,13024,89311,27275,60517,06023,10251,10002,38173,68037,32174,15191,38049,72239,15258,64261,11343,58020,50584,33331,58068,15182,21523,29300,28316,85161,49201,03285,01400,70492,38558,38413,21381,55586,31360,31280,82105,33438,74123,67499,27476,10249,51030,89363,51283,68138,17089,76021,50327,86296,25001,88379,47009,78481,76397,54509,31317,47041,39220,09235,30261,14286,77002,51175,42306,14312,27386,55325,02649,86008,89419,52133,27650,40218,83101,18013,58306,83035,55228,40158,69194,01141,56185,54277,63025,51546,36042,29078,68278,39485,70373,85119,35295,70563,67180,69046,60174,30257,79354,52363,78367,12047,44109,30221,89244,78464,42047,24246,45030,69164,21695,92022,71485,27141,41250,82110,08268,10239,62905,01067,74073,39399,80402,64205,24274,74257,27248,23060,54310,73328,51185,08088,25557,86009,88267,70160,08478,40188,84001,44013,36159,50431,10003,62033,39377,88158,41101,40290,77086,48108,11054,12006,17427,51128,78118,63143,57134,60697,50317,62857,16060,64198,62276,57357,38260,66071,22118,38120,24323,74254,50102,40273,59559,60643,22345,14333,66164,09342,84007,29010,61162,39314,67084,18019,59531,21123,2B188,69256,41116,72320,02714,34238,76022,24328,11024,84069,11232,80593,83125,38135,03045,33367,28366,42147,58147,22226,61089,74193,97616,17028,52118,84047,32411,59255,24549,14445,41143,54006,68366,29226,77342,34151,71408,61107,51643,51584,17426,55573,49140,40159,32457,71043,02629,62825,88164,21018,60489,40092,17406,01159,03051,91294,47093,37047,02312,62510,62887,17060,54284,15050,80231,57107,11113,54333,54399,71269,16363,07050,04069,04106,2B244,44037,32453,66092,52231,27124,80086,52066,71279,33080,39504,76106,32343,79268,91099,54369,57391,54400,67253,03293,25390,65257,77307,12262,45229,80758,51321,34072,03158,10250,73315,14365,82178,03182,84081,55269,87085,52487,11188,71336,42016,37207,55292,32103,27005,57214,45125,31341,40027,30114,02017,63069,40225,55571,64456,21531,43195,23216,29031,42338,79167,53121,58274,63140,25614,88471,80825,34239,57144,61203,21352,62017,70448,24359,19097,69244,27401,18202,73076,83123,2B073,52196,10114,73124,27216,77019,78237,52374,89128,58031,81030,70575,47097,59447,21105,21659,85064,65432,89308,52428,12036,33026,30082,31064,28045,55027,27571,81131,51565,60519,31481,80736,28149,16186,02008,71257,50305,41287,37088,10137,62035,87003,61092,62342,34187,68024,40057,89234,74102,89043,70097,26141,14737,76216,89236,76621,57328,21557,76419,07146,42142,62185,62591,85114,08084,01402,50281,89480,89108,56153,25125,60642,57305,15233,02549,69142,80450,72195,59195,54443,11110,61120,22105,38085,39283,28107,90001,49017,42282,89179,67368,16069,26234,02742,60241,11190,25190,45212,50405,11067,65340,26241,09122,71514,80013,91654,39492,02178,70505,25236,59132,47134,73257,77001,68135,71424,97227,71014,63333,72232,57655,86261,55311,07106,24226,2B082,50550,54196,24139,18231,01266,14345,31124,76107,21369,63283,33075,81214,02293,59217,62770,09326,35155,64286,89291,87110,28027,71202,26142,78133,70067,76697,22139,78431,64316,16403,02291,71449,59584,2A032,89151,64378,06064,52092,31179,84098,77219,91027,46268,39439,71102,61297,32302,31102,08350,40200,83144,32038,32066,70243,62439,88388,76079,64162,62228,55329,11214,73317,2B314,25044,76461,78498,17367,77418,50168,58057,38504,03072,92023,74013,68343,55008,97206,27280,24414,90072,05068,90042,47117,43086,25528,45069,42045,39187,65450,44070,77465,34297,89194,08188,92062,60688,03246,88059,46243,39570,88027,55031,02241,12162,62624,50310,17355,69294,24060,66142,71186,67085,59331,63216,80393,87018,25171,65230,38455,71471,59454,35238,30145,84039,21192,58249,57579,69387,38389,61366,68363,30111,79249,50236,15156,2B055,02366,57686,45243,31063,26043,32163,51448,52550,30011,21620,22384,30208,37069,34109,03112,47300,76356,57403,17117,64234,57616,08421,52264,50345,64210,63030,22216,32440,87139,61018,76426,53013,04182,34258,57047,31406,83072,62484,44096,80271,01027,14571,76283,31547,59457,07102,56010,63210,19281,57153,71567,78107,69034,17288,24357,07112,17215,04205,64111,87112,29179,27530,02665,07204,47275,28158,73312,83077,71168,76245,67304,93066,81166,2B122,76677,80388,13087,14083,62416,66209,08422,43137,39175,02278,81311,01397,11239,55251,23186,57431,17398,25093,38359,39298,86113,07253,66100,54247,26320,10148,01093,02690,32207,21045,71076,27366,81289,25019,54238,87068,11373,43092,48020,72250,32196,31334,95633,63175,88032,82149,88486,25602,2B338,52507,63076,64521,35198,61422,56054,46319,60541,01189,2B273,63425,46102,44197,19104,71075,57353,79159,74068,68224,60291,02186,44065,71461,14469,60535,89272,02089,62286,40283,59238,91458,76312,68231,86164,24482,73040,41006,71243,61151,47061,13055,33345,55127,86273,08056,12133,01358,33118,51403,17077,39547,09230,23003,55580,50218,46107,28061,25116,40013,07076,02033,65182,18100,15080,61397,21084,54159,66106,76423,76577,48124,62242,43093,10271,11297,11421,25546,25376,81186,49054,39331,09150,18038,74055,37129,47219,08082,22208,21455,03294,37045,64414,41020,31566,88028,32048,38151,26129,58294,51033,63454,76335,04008,59179,37074,89232,07064,57463,42202,67519,87154,76329,40135,54226,63418,53030,76619,60341,74128,67298,45323,15230,53201,60012,80643,42087,78389,59012,25542,14421,74203,24179,79145,17022,43068,37222,01401,26057,61375,45058,21354,50031,76505,40255,38287,02256,49328,54343,45046,73100,26049,52494,65317,36115,12137,55248,95250,40321,21133,50050,23018,39190,02181,51587,66114,15127,31591,60315,59385,38396,06116,68077,02375,69239,77003,10274,21639,70081,39209,2B172,80637,39142,57625,05085,66102,59452,08239,52230,10125,57163,19265,25580,56063,59166,88007,82038,57242,30303,74103,56089,44178,32106,18057,47185,17438,55389,21154,63122,61064,68333,87134,58159,71299,57146,88209,31269,67150,81245,78120,08135,69389,79263,32033,46045,27546,63328,07196,67203,17266,63041,33068,71092,71110,62714,91184,22194,14726,33498,22199,64112,46016,01208,60520,17465,48050,91589,73013,46186,32116,23170,11342,70119,01235,60456,60635,14214,09117,07294,64477,37128,52106,78261,65315,38546,36176,70230,02595,52187,50433,17477,76111,80197,14590,57689,09015,21611,31430,09093,35257,11338,70288,95351,2A204,38375,68190,65212,41265,27690,51256,47057,17437,34317,18092,28108,22317,15170,28272,70205,32233,21278,25342,74007,81292,80131,39278,12024,92078,53134,51434,52291,80122,42262,01268,62730,72377,78125,61160,09053,64391,30071,01353,54209,63251,21361,25182,42010,72156,78325,11030,70363,17059,62058,30010,49023,14403,36027,76501,80709,72253,24548,80439,01346,51197,29184,51380,21204,63150,17320,11414,76454,58007,26332,77058,09283,74085,33540,79195,89161,50616,39090,80671,56161,97613,31086,17206,2A215,46101,26134,51204,55408,70164,62529,67408,90023,62860,12139,40053,09222,44216,17485,03269,40162,88364,53031,63391,52211,62481,05051,50592,33175,45072,38055,91494,35030,33390,43221,71544,15021,51490,26093,09059,72234,02681,25441,80332,59506,05082,10120,23160,32108,2A103,47033,31119,52219,24580,19126,09131,58211,24494,22193,27164,02030,54574,12193,51528,72049,25545,73318,76306,70176,54455,71442,68040,67240,69082,12188,76159,08404,66116,57513,63162,27616,32234,61427,85104,16067,14620,68301,71401,97357,51351,88458,73011,33285,64331,21357,25437,14131,66005,60170,53203,07318,76506,38360,76662,22350,65167,17287,67143,11010,70078,85056,43059,02333,14118,43259,40033,44208,25138,67476,27529,67252,41013,54116,14369,18111,77013,95422,64119,59614,47273,60342,11121,79094,14103,11057,03001,40284,74314,57267,23250,33494,18063,47081,85248,37124,54219,18280,55523,57155,11243,02243,25565,64351,89370,59401,18158,57269,17115,03164,89218,50382,80790,30096,62124,65341,97302,21449,11346,74221,81148,60289,44153,34318,46293,35204,57282,79034,01207,63152,88219,66002,46126,39436,25460,71518,91538,77004,09181,57151,74018,95438,29005,72105,07008,55065,39094,55053,11147,61202,22097,80315,77477,42201,65467,50507,85287,70527,21554,64066,66169,65410,18086,16210,26336,23168,51010,90076,04237,54134,33287,44206,36143,58145,82096,39479,72202,65207,37176,89365,14589,87143,67013,05080,31149,19236,33439,42336,69229,18277,01236,23093,80084,02137,65084,65416,21108,71062,62514,03047,57216,17280,10213,32432,02064,76295,65245,21625,56208,21217,80701,38112,60687,37189,70092,12190,27118,79229,67126,65185,57482,52367,86176,82172,21500,89023,80239,57746,09003,80449,52525,60383,80004,23177,63121,56051,59590,74146,04201,67044,17379,79165,07139,63209,11419,72084,41208,76353,2B347,52331,39425,78299,24097,02519,06076,36011,36191,76733,57114,25594,88309,88181,34126,01338,08377,09076,77256,71059,34281,19076,10378,54591,52315,2A181,25288,21587,02654,42283,89113,39015,35114,60503,06030,11375,31226,16347,53053,86142,63054,33386,29232,38035,90064,74009,50195,55245,43227,13047,11129,67438,47137,15104,69139,06036,33136,24186,89399,61295,10264,78548,26015,55435,81140,67071,62375,88225,70485,80789,36085,16001,21541,08098,59294,2A090,07033,08489,52015,85155,51106,31450,72175,57207,65141,78242,80485,64474,67485,31471,89115,42099,55493,52223,08097,55339,63187,35098,86032,68055,17354,31439,62530,85240,51477,07039,51568,19213,79121,89210,19125,03137,87067,54587,69299,65131,80329,70128,59437,51267,77471,79278,01443,28231,15058,09035,30268,44071,24190,15205,07111,74315,65228,55140,97418,25061,46036,80824,11143,21389,64356,54132,76485,39168,02292,82103,25338,37163,58062,50569,39446,62799,28388,40296,2B137,14325,64507,80833,83040,77224,43135,63290,17356,40182,50087,80823,67307,76578,54488,57346,76440,59547,60505,76125,59490,80414,62475,71085,21536,54048,17372,21426,68222,17148,01130,41135,27049,51404,05007,59418,01389,03270,44175,56055,01318,61062,10192,29293,01282,46336,03030,74060,02822,55509,65054,50146,80501,95052,46337,40083,56195,46056,03205,55352,25020,31234,64548,11211,60476,25600,12125,32045,18196,17269,17457,59518,40128,46109,68029,51451,72029,11411,14401,46249,21446,15025,47221,16163,42301,80546,10223,39452,54308,28159,52087,61314,80775,45047,09276,02680,33106,13111,92060,67096,14723,87201,28110,50054,19079,55567,68172,82090,77338,45082,27351,50421,56094,88208,03014,22073,46211,27673,11132,36233,25506,80728,55420,19010,74255,71352,35052,21485,25130,40015,57467,68063,64074,21266,70569,51591,25635,80764,58233,02233,67367,21014,60594,54320,57622,45149,89021,45310,25405,51023,52469,43136,62023,88400,51372,29089,03276,60103,46035,40016,42084,42271,61500,79050,11274,74303,70429,10170,54401,76706,02112,76691,32143,16300,41153,29072,15017,38439,10255,2B313,48061,71438,89271,26162,24523,43115,43174,02047,83117,66042,11124,76332,78618,16177,23249,95270,65468,40018,41072,27070,76034,41167,39500,52319,53179,67116,34141,01212,05180,70526,55025,77238,70048,77505,59566,80571,77274,47143,70463,47040,62347,54533,30320,05116,36228,64171,59643,10442,25225,57738,02144,81320,68189,81250,57415,89196,54280,60613,62233,71306,57604,53058,17178,76640,07147,06125,02281,35133,35350,53137,54437,87008,33306,85141,43268,16109,55582,97609,06142,55496,60604,25400,70392,91553,24406,89361,19148,62773,80554,64084,67537,64560,61093,42059,01426,33388,14036,13016,97111,23173,25231,41214,67263,87057,57490,14705,23038,19150,32109,67487,16165,28054,25551,71355,90069,67097,64380,49211,39393,54176,30282,22074,27105,25479,02046,59291,42041,47317,86297,04116,27669,30093,45333,76446,31502,30098,42056,67155,61279,51119,21359,10267,95134,81038,70398,68140,67272,73246,38507,33513,08387,09172,54156,42253,80566,55156,63006,30140,80281,58285,22112,74293,35031,24028,36111,81150,03275,18032,16388,27089,14720,65199,30336,30158,51274,74294,10402,62459,85294,70561,89057,72271,10240,66195,31540,52344,47079,81310,60281,33472,27462,05008,47112,64057,14694,61206,50152,62900,35119,72078,50183,31028,71591,91079,80369,67504,18008,60143,10437,25204,37109,50019,19249,58086,32249,59051,14104,57226,27133,02799,56023,21127,57703,22381,12166,59124,34298,14609,27528,04167,21306,52523,16383,2A363,53084,77112,03217,21600,60338,52082,11095,86037,83152,50231,22391,56109,70571,13081,77024,03019,23046,80588,41014,71348,54054,59350,31272,92044,02128,47052,64475,51359,67481,46183,80530,58015,65142,36231,62355,87063,50539,27008,02166,25200,16176,30313,68150,51012,38523,44120,42166,51237,14015,59626,32086,60256,77295,50328,64409,81160,01107,73289,10243,11354,80500,64015,25435,70086,60165,71097,85216,63188,40106,60593,31198,26284,46213,40151,30322,21326,71171,14068,63449,67215,95298,37272,84078,47201,2B298,79201,71545,02361,23129,09279,52517,78171,86116,02779,59412,53018,70488,30089,08496,21703,60447,54150,79144,14621,30317,42103,16123,64096,27099,11267,04111,80220,01248,82009,60316,65346,61171,57416,51041,39006,85154,42210,66093,22236,21517,80411,59281,57235,17093,68325,26008,02462,34119,33195,52538,34006,49374,78551,81288,57501,25007,27680,17440,33013,01008,25504,83112,09083,03260,46282,54089,52147,67428,21042,27604,70532,11032,81132,27144,10101,31006,24470,55194,80577,72324,2B042,81041,60433,14225,12105,89031,30224,24567,55178,85099,43063,71568,21590,33294,80184,47024,32197,65473,18096,14495,81196,33364,58258,27360,54250,46085,63364,31201,21648,55522,59309,14603,60627,31328,57681,51170,62043,90012,68148,83011,22014,65031,65307,53132,02053,30088,17267,46020,14070,57189,72101,28422,74121,38124,24461,29079,95056,36088,63118,31366,64490,17327,67191,70517,21136,11116,33485,60023,34116,79236,65221,62306,25624,70130,01359,65401,88429,73252,60380,45210,68217,77147,63117,32452,73196,09299,76527,17235,07282,29180,07337,39265,08390,62257,30250,76123,31539,58123,62312,95676,27640,63332,24292,64487,18195,28171,07030,59026,33129,72204,84136,38221,27239,22224,31001,78565,44179,02316,08105,02060,57498,04156,66099,38490,28196,69036,02750,60358,85236,13206,79351,25316,05054,62425,15226,27451,51579,02612,95028,58119,67413,25343,55078,19189,32296,55528,60546,33165,76405,24465,51259,02626,14764,33272,27359,30350,39319,17223,68370,64221,21661,35225,54576,14033,78108,71405,35297,76753,33427,07182,52057,35311,01030,84037,55583,17418,38140,49194,81254,80601,07175,95353,11422,66211,62485,91691,10074,25567,23062,59409,2B033,29224,10282,17362,89414,10399,50407,68294,29222,68075,77532,80050,63360,83084,21578,61196,03259,65174,59413,14251,25274,67280,85088,27424,76366,10156,13075,17173,57352,18155,88493,07281,67452,63156,72360,71456,24481,62438,02226,38111,61102,42064,79316,02537,59198,71118,21478,21012,52269,09312,48019,07179,11253,97223,46168,70383,22211,90043,57081,85078,81240,64041,54198,33470,50370,95523,72244,64113,51148,28408,87077,84110,14497,27266,60537,33381,62720,65363,55387,25021,50610,71500,09040,69069,33137,21256,39076,24498,52475,09067,42215,33138,80047,45240,03231,63229,87097,22023,21373,32442,31534,55517,08439,72355,77210,14625,08354,2A331,86268,27663,55266,14488,25289,65172,12088,31036,77054,23058,16230,55434,28015,29245,28391,68050,61056,82053,38241,82141,81043,76311,43022,02522,51346,07082,53189,88215,12067,27162,77486,34203,34185,73283,07301,55270,39103,11123,38043,54482,27676,10134,39254,50411,15102,80767,88117,33228,21203,11189,72065,29227,14169,54552,31582,30256,65158,17268,39178,85125,25241,64288,40303,53195,27562,61121,11044,57675,55446,62782,35127,51200,26233,94078,24117,97415,55419,71027,73265,18224,17119,55073,71162,14119,80330,30080,66206,53255,35286,15081,80303,76355,66181,31309,15253,50070,2A132,38420,31114,25556,62309,64249,72226,37057,30122,08417,79290,74032,45293,02320,80426,81191,47321,01216,60657,74062,52097,12100,63396,60314,47133,65306,60169,56007,46264,62070,78147,50551,02643,78317,55557,05049,42297,13036,50474,91330,33197,63218,72375,64178,69024,22379,91115,80214,2B159,70133,40220,55180,50266,18058,47292,14016,33538,46307,61416,44171,58005,64528,34181,80531,40125,25222,08216,67340,34329,66104,76680,41128,70253,01422,76470,51320,18229,27044,81028,63390,08175,14399,37040,78043,30353,47293,31454,14753,15181,08432,66015,14482,83103,77141,54084,70521,22145,68157,40073,81011,81315,89397,54432,11440,52313,56050,62686,34244,35310,56074,43240,51284,91461,51176,71369,67283,37104,46197,40308,42308,80295,06045,29292,32468,63377,42273,62704,36067,14050,63325,22110,37253,80333,50619,54015,51118,24393,33214,85285,16003,32240,84049,01013,03074,63294,80189,85029,74224,24564,46024,02446,44007,81133,73215,67303,62436,32243,91661,43191,03003,34137,65325,86157,30297,17305,76694,42218,40143,80572,88308,69167,72346,95436,15248,71283,88151,69111,21337,71474,2B150,79341,54282,14224,64513,24311,63359,88169,04226,10246,32047,22170,14516,08330,32089,46218,41174,24568,21061,37086,2B152,44203,51258,10331,14674,62473,80702,29186,04030,56126,36040,33517,04227,08483,10179,27403,02167,01114,57711,91001,64379,61452,85297,32044,39307,57050,66059,53023,14168,76122,50258,48068,65311,74046,52369,72316,26145,59033,38353,22171,51049,10139,09328,51473,59007,39453,03092,45095,62429,30163,49021,67410,28081,57039,34294,11337,14473,38110,31479,01153,76186,33288,25117,76239,74279,03286,45227,21156,02466,05168,85077,75111,17300,38326,37082,22079,56135,64336,36074,08325,34214,58096,56046,46112,23061,51058,24489,36164,41047,33324,14060,59180,80010,77458,80193,89204,24502,76411,88476,56026,04155,27346,39391,43110,30334,76715,43011,02317,67205,42209,66219,21039,58216,31422,51092,2A324,68061,55133,55193,14391,35049,69205,28057,71350,60067,18191,67194,88452,86111,39344,85174,79241,51100,12066,77509,68337,70324,43239,50034,78442,32036,35026,44025,55072,76629,77492,08333,88424,47091,2B046,86055,64366,14014,56092,43102,88199,63378,37165,39443,62595,88176,22210,30179,85017,28252,30045,09303,12156,70518,77510,19077,17230,67542,36084,86004,13063,39218,86162,52155,32385,63455,89377,55174,34084,30280,72109,74169,35015,37123,68115,55061,16308,86065,72027,26254,48026,54558,33395,19201,2B354,37006,88156,46224,18161,88454,78033,33067,88455,14304,81175,33001,64023,52061,48117,12086,68086,80024,62621,16271,81120,71217,44015,45286,67472,53208,30355,21074,55054,21324,03067,62718,80765,84125,76165,65226,68125,60672,62706,14223,05009,52292,55554,17256,50190,87027,27498,32400,72009,17445,65370,81012,76586,32372,27591,64280,14586,27507,29230,69148,72322,14341,2A142,10395,46163,28048,33088,52091,01104,75117,65013,26357,66207,18028,66053,38487,70275,07078,48100,52484,73313,51151,33247,55341,43095,46176,29155,46223,46277,09038,47165,67192,45049,41147,63171,51512,19109,23131,70171,28132,72067,62502,25261,02318,31128,69253,56170,65089,52341,76542,08418,25544,52107,25142,69286,02427,31561,09179,39083,03089,33130,86161,17285,18002,57257,80508,18268,16148,84114,58117,21609,54300,01264,02071,71520,40292,30182,25344,25410,51358,76563,76009,39233,79014,12118,25500,48083,23020,76290,45089,09086,28030,71143,36186,50186,2A064,80145,07031,26001,38045,72347,60278,60311,91333,53037,40031,27309,44086,08111,54239,17345,50003,79038,51105,51260,55351,57484,70425,78356,21375,70069,31495,33412,65313,07306,37079,33004,83139,82177,58179,54438,23197,63399,44009,68229,88528,86183,33475,39427,91508,28291,86228,56130,91613,91081,39530,90095,16408,14465,88515,19164,33400,94065,80649,38436,73004,58063,56033,19122,56009,62048,89246,10209,39232,35321,72366,26040,02013,30172,89235,08081,80199,24124,54095,32456,46061,73142,19138,54348,89180,27294,57514,23099,69056,04022,40157,50451,69047,04191,26058,76583,62878,31382,52039,57292,46007,35340,36002,77382,52242,55139,53097,97106,57404,91657,43008,07299,07137,33329,89285,70567,92046,27406,38272,02485,50162,38543,87163,63023,45105,90085,23030,24145,68340,62349,57765,17036,82192,57718,35230,72280,42156,41055,90087,78372,58104,33241,41026,21618,51402,39286,34193,59422,29066,69033,97419,25178,47213,26277,80344,14147,80469,08244,29057,87005,31101,89478,54162,65379,27169,27208,76240,60079,54523,67167,64341,83134,45004,59399,60677,62341,45262,21556,68143,63083,67048,47174,59114,86049,17202,63113,52060,76604,01374,33134,11362,52203,16039,91526,28273,46039,25554,69092,39432,53005,13068,97314,59340,25452,02003,08366,76042,54227,61271,65200,42272,80614,43186,09095,68199,33258,34004,15228,57017,31480,39469,50587,10066,53007,40149,60138,71250,19005,24345,54474,43097,04219,74231,50274,62662,67352,64359,67423,31160,57234,39016,11087,44186,87025,64424,12203,12292,74299,02127,43045,70147,69277,32124,39132,88457,10349,31542,57685,08332,41196,82129,89290,12061,02359,57662,69062,11053,01001,25179,61467,70583,87048,33196,08379,10182,33017,12206,23035,65458,23109,31512,30348,64115,89112,42091,31093,23105,30133,30291,52330,55111,62243,63373,27287,62191,14171,21665,39480,39493,15054,89392,2B303,37137,77236,12205,02132,64551,21671,02618,70058,17409,17130,63230,62190,25362,47233,02662,55264,88333,61197,59035,72136,35223,70049,58077,72007,33074,67045,65479,81174,61142,63274,67385,53090,79244,02035,16222,71225,26351,50261,78029,02525,62245,70150,63174,67144,38023,38019,24211,45271,48010,47295,74249,27677,12224,11223,57481,45181,10020,70393,68198,19274,39537,65261,34022,30062,57104,58240,56002,60157,40141,57046,57725,59141,14343,21199,19225,30028,29068,41127,85136,51111,35061,54181,70419,97304,40261,58056,38406,01357,16207,65272,44076,29152,07001,74276,18206,64031,25277,64240,55026,34035,67366,59471,85133,56035,14079,88357,19167,16246,47205,23167,64207,80725,41236,03049,14684,61432,25193,31089,24223,32337,03177,60624,76275,64241,86019,63417,57127,86002,08455,59133,10297,01094,80316,2B002,54253,35353,21476,43241,79198,71253,40098,63451,67198,72011,63246,01007,32305,33528,37205,64480,19140,09004,76588,81203,42255,91017,91463,30260,58207,47181,68348,09145,86036,62657,25564,76441,77240,66026,40052,23228,17382,02802,38456,38080,81304,80161,47096,48104,17047,61348,73010,27078,09220,14368,62601,73094,69020,77322,54321,57659,47039,34312,18088,82153,45094,53190,47220,48065,16253,39323,35336,12042,35066,08184,08029,61423,15261,09240,19239,25025,58029,51538,72313,02271,09116,24379,14739,70356,74272,30076,69088,21298,52178,54472,70507,47158,44099,49333,86088,76389,51125,32288,61028,62754,67238,55150,81256,21083,11305,04127,59120,68062,09049,34158,70175,77293,52022,27646,44003,50138,80771,21706,57061,08102,59024,70355,08134,40314,21362,01206,62282,48176,95612,27478,40026,27369,48080,50456,55405,27514,33442,01188,03122,66044,63138,57030,67184,68149,83037,01307,27552,65337,53185,89288,33101,80583,67109,90062,10175,19022,55204,23214,63344,62495,18132,70293,59517,08230,39249,76139,71282,76566,82094,87144,06017,39396,50175,63270,62366,95012,06163,52028,74184,08132,52227,67417,76012,24109,31490,27394,67021,53067,70141,46005,2B366,21489,08329,72176,50267,09154,24582,66224,28210,52520,95303,30278,39320,53251,61168,88363,17082,63350,70522,91692,63313,59640,59077,59485,42233,21297,02748,02242,51654,51662,62368,03022,63281,63091,10398,62778,32266,28292,03282,17479,67365,27459,24478,81080,57086,87158,02330,84073,35171,63149,14261,72015,07194,28056,80673,81188,10092,09339,07348,51078,73153,86031,14030,09047,59317,51471,62132,57460,08360,91435,10294,05073,36023,62507,46065,21628,54142,60565,56077,54235,76648,69003,34007,15101,62531,18148,23190,68176,51098,15096,30130,50199,91130,02200,77014,41040,67488,13095,73043,33168,50538,80622,50491,60340,25262,02521,72098,25356,57635,68331,19075,39513,04101,56058,71078,80757,39461,88222,60608,42188,64149,63223,53173,73181,64001,10379,76229,51352,62880,26381,2B153,35296,32444,10436,03005,88130,01142,56012,02567,51397,38555,70154,14721,02393,34045,88214,85131,54147,19151,28372,89005,85149,33096,26342,03126,59386,42161,14277,80537,33332,71340,38257,81070,80016,11293,52474,21288,81242,24374,38533,74218,33037,02507,54295,68167,02651,16424,29281,45315,2B291,97606,41066,04145,10285,76077,80706,03221,38414,41062,77270,89237,27582,70461,12172,32145,39041,64404,19078,33476,61096,21414,24026,67434,74147,2B093,34099,40017,54580,45067,72376,89481,58125,80675,88336,32463,34076,42323,88133,64167,61113,87122,41205,52406,14243,21712,62152,27550,61406,38300,46156,26303,81184,62121,74281,38275,08453,61213,88504,61181,24528,54433,95371,14293,80202,51074,57066,43033,55024,66007,88081,14049,93007,70019,39030,41230,05063,14706,08138,12291,19030,80253,30323,77129,80005,80434,19014,80108,88415,23165,51622,24208,57511,71109,89073,83062,12099,79175,92049,91414,16062,14085,12180,74104,72201,40238,32449,76581,25372,64303,14487,70514,11397,21623,02051,91093,68092,21396,73042,38537,74312,13210,17152,08286,03052,17196,50484,32004,41160,62119,55315,15242,61094,73224,62653,27609,73273,71361,84042,56005,17317,40175,72198,89304,62518,45235,49027,86154,62711,89278,52383,01004,37146,29193,52483,2A104,26370,01380,26016,83136,43065,16031,32254,54511,30328,46084,2B340,31413,02585,33200,67382,06068,71050,71295,10057,42054,11003,70331,39011,62835,22158,49209,25079,09107,89116,34130,49131,21011,53233,33289,65136,72186,85145,17021,97301,18041,45303,52014,73306,91363,50093,69115,40100,65019,63258,38033,26143,35237,81082,08136,39151,57721,69236,28127,63228,28089,23088,16304,64503,51273,02387,57719,65299,58254,70311,70279,77155,40305,04218,08488,17462,33461,56083,19021,21366,31363,63080,55281,61488,66118,53213,72012,89177,60526,78126,57539,72070,27061,27068,60390,42018,82138,13017,45208,02001,65147,86024,34276,06104,02162,54529,47211,11174,71422,64200,59384,59216,12131,43005,59552,51529,31029,13070,33456,28018,88522,70168,08473,11271,70074,10304,54557,42003,91273,56127,40226,58158,67301,76517,02342,62856,57306,80749,09204,02232,53064,76030,03253,43219,65276,82027,65264,60685,43237,23243,59470,85002,39163,54564,15029,66217,81125,05132,95042,85101,57529,88244,67138,53085,28219,45002,80097,06006,48037,09088,24140,10126,21689,81045,65258,66020,24334,66017,19025,57394,31533,01215,51254,33488,02482,87160,73297,27594,63275,07321,80229,01363,64326,22087,63013,77506,27245,30141,80494,13209,26095,74311,09335,29004,66221,2B077,08388,40251,76584,74273,75114,15120,51340,07238,10032,88287,27097,29148,24444,12220,62532,76404,71385,63352,19228,61212,31469,05075,59301,17430,37247,28148,2B255,60610,81034,14231,10025,51533,04197,33059,70070,54311,42158,92064,21075,39045,76524,55011,81324,18066,51281,67087,38093,39062,47044,31554,33259,18098,28031,08304,02605,78686,38339,04057,74266,11080,16091,24280,30301,16117,62227,46329,26009,59234,46208,76471,32105,27558,70312,37070,2A019,29181,60432,68274,81273,53120,54498,80627,63420,76644,33554,35326,78128,26255,54309,50139,10161,21505,40113,42334,80427,84134,33142,71064,63028,16297,30332,32141,62288,59408,71063,09006,32434,02148,62724,25513,57724,21548,65357,09295,67230,80497,72279,76735,28351,31451,79252,21585,47038,69094,33450,89468,45225,35322,71307,21504,01112,71487,50118,54572,59551,72300,63095,61244,54064,57504,65331,60322,52094,02257,24217,15144,71386,51386,26267,77366,77259,54375,17466,61082,81314,88437,61187,01427,28114,76510,95500,39386,58137,27666,02360,42277,46161,09321,65140,62738,03280,67168,83047,81009,55189,80065,30031,88496,30351,07195,38184,14509,78076,55169,40102,73039,11398,08347,23151,57330,24500,33506,79347,38322,63395,42186,54264,49330,62301,27125,03068,25330,41017,76612,07324,63225,97201,62723,50247,76758,62383,62442,40115,38550,84115,31518,66192,02767,03125,60678,72148,23150,59062,62333,61328,67018,22332,60125,10069,02025,89362,72113,73015,76737,33411,34148,52448,67509,60148,68276,57471,79085,2B051,51286,68315,71106,2B113,55302,14236,27154,29062,51390,62492,27101,06015,27524,44170,54553,86141,85116,80476,01136,62298,57193,16071,12298,97360,82023,59249,77287,02758,21166,35360,22258,77042,68328,77052,08191,61419,54313,80724,27142,31375,52461,61420,11006,33398,63238,21631,08167,63164,57551,40267,91292,28284,30040,55485,51374,30192,06066,36108,71276,14534,02194,03039,14298,73218,50435,39422,31216,21114,87013,26353,90011,70410,40076,65224,82151,15173,83052,24159,69206,28162,25106,72160,12234,90013,32459,67514,40007,11317,79304,06054,40192,14511,60139,28404,87073,71425,25464,33093,97413,01135,07311,15137,61365,60424,57694,78070,37101,04024,05147,64238,80350,03101,18082,65002,62393,54125,57512,88241,72363,39315,34110,14500,38370,38012,69260,32271,70439,46236,51519,86190,03213,51345,30232,23264,27276,34139,55182,70046,23179,27203,16053,81281,37199,65179,30007,89297,76328,08458,21484,22067,51269,62432,62389,33544,50013,38094,35328,76065,22111,85192,62569,02211,05169,25351,76019,31005,54388,62357,13011,88085,08289,51480,14302,59173,09141,58236,02713,76285,54143,12122,47195,62691,62353,51037,85093,61248,79022,59264,24547,70247,44002,63322,78490,73017,08223,59553,41242,24176,02081,88118,64141,64520,67433,17055,61499,64223,80305,65071,71305,52217,62447,56076,02170,31178,83055,51117,31468,36035,74045,38010,81086,48067,50606,11099,02806,33008,18203,88302,88520,81268,38434,65063,02425,78677,59532,76543,10435,39137,70231,02377,38214,67313,23180,09215,40312,18288,72337,87072,62278,70011,25152,38471,28334,71590,68144,2B261,70256,24499,23112,65413,82155,42284,28077,34179,72106,61241,56251,24512,64532,41073,05112,69112,54325,70534,55088,28010,39376,58286,53098,38346,41194,69105,29225,11230,79185,88252,09297,71051,40179,66082,84018,38040,44058,70304,55285,43187,31020,39379,71221,64029,21433,06144,15168,23066,41288,67355,31527,09282,67325,33401,09269,70207,35021,08451,40195,01296,33308,10015,73272,69013,68202,65146,87198,62561,32084,16055,67056,27306,68052,86089,50364,25111,43238,74108,33406,34027,24172,21067,80356,57433,74008,50194,47056,39462,27013,2A174,87020,88046,13040,80313,55379,57045,51108,2B277,61446,81103,89002,31535,80242,27048,56145,25465,71417,57367,05059,33234,18043,72076,21032,25013,35334,17260,11155,03163,10428,74200,54292,25596,61210,68004,08219,79312,45021,67545,70235,56065,09259,45253,24520,54231,53035,84005,18214,27380,80011,80170,68046,18282,80630,55488,63312,59335,78605,69084,78499,45299,78597,36090,69225,32173,77066,67527,17175,77154,03261,01042,80699,87181,35215,15164,22088,71576,71226,25472,81300,41190,87153,81278,58026,05028,78005,55380,22272,49308,65029,27496,02821,51614,27279,47077,29058,24453,56189,58261,84094,23022,62103,36172,22090,01095,27430,32402,30129,79348,59475,23175,44048,56119,57762,38069,51482,66202,64505,66083,07044,63112,80796,50633,46333,80033,35200,44124,08383,27364,52177,70456,62556,37072,97420,72056,31143,71374,2A099,44184,21522,50574,57430,65143,26375,89436,08015,25368,86105,08470,25033,76361,60035,57254,64358,44104,91086,10197,63412,25616,74040,59458,32113,33202,38170,10288,85209,89004,85215,74001,88061,26045,67289,24136,89323,80451,54234,71084,27471,22222,11287,70446,51044,18093,88270,74205,09263,32335,39199,76168,51464,54087,39458,73026,72312,45215,30154,73077,19244,88255,01011,10080,50228,76050,39355,39362,77434,11315,67502,21119,36189,64044,70201,78314,88342,77443,40222,04228,64154,80117,88447,65234,35314,45331,35268,82051,19285,09273,38340,39007,24505,67072,25185,84034,52021,12194,47053,26178,04032,67482,39177,19063,64537,62611,18101,25633,10417,02068,69182,51173,21370,88320,56190,11201,66231,78335,60513,02426,01342,21399,57563,59022,42027,31262,14254,62729,80401,53047,38404,30025,04081,55157,11094,34319,12176,57026,62083,63398,62391,74244,79183,32013,09055,21229,22144,14520,32415,35193,08457,69058,70053,80061,76203,45278,76140,07346,67369,02235,70479,01083,28050,13098,54403,37119,12247,23044,11285,71488,62107,17403,27572,61118,18144,77415,18108,71310,80726,62578,12115,46081,64187,18181,44097,57165,68214,44066,63182,61463,67258,34232,43030,70071,64133,46003,63397,32052,51636,26244,97122,61258,35064,14427,76347,03167,42112,76017,25090,29266,72087,62891,23183,22296,85113,79319,07178,85189,15165,43100,67225,11319,09052,07274,05110,10293,52370,53187,24086,34218,51375,01033,88095,55561,79046,67070,56075,18180,77289,33199,58064,24442,63084,57600,43064,87137,81047,32257,85011,45270,27421,06146,33203,24156,34133,79117,57028,46011,10375,35256,27205,24268,16350,14747,30352,56113,14535,46152,14656,36149,54393,57408,65320,70547,81177,71116,66086,05052,62001,10035,32216,03251,43078,13048,68317,39205,2A128,28014,02083,02352,59196,70189,63356,76436,38162,26287,80300,12199,49368,24087,18279,56146,16237,23134,79061,34052,82107,64109,11071,74061,89289,46225,35041,39234,02340,59521,26027,2B173,02094,67350,33246,06062,76627,88265,76351,89225,21403,76100,39122,86100,34241,62523,46118,25497,50425,14605,60538,76617,19033,70417,89068,38113,86182,07302,68288,27480,19011,36102,80206,62250,14106,76220,85190,67317,41007,07206,60286,17054,44073,63422,55286,54465,97207,51605,05136,44215,10335,80513,72259,29297,35337,44152,39273,47260,60464,02073,39445,28277,33038,53111,77096,11004,67068,2B201,76490,68141,32238,45196,35128,09126,18051,26257,34313,43121,79243,80358,02560,29276,38361,66188,74083,62509,38073,21321,59251,80760,97617,79238,15125,63443,06122,77098,24318,42256,04245,04055,29037,85023,21148,80198,25335,57003,89211,89306,02536,03249,70263,79106,52258,77007,39002,09120,57090,22387,33245,65223,73307,31494,88428,05064,14021,38552,21279,55229,33227,39248,59067,51355,62683,10245,57123,06057,05086,44188,59491,47184,72149,68385,33083,64302,30258,62906,60363,61352,76324,68178,46169,78385,47030,19153,18127,57351,62733,87179,52358,68069,28124,24254,41100,85276,39210,15219,69193,24260,32191,55430,83135,69107,37145,17083,66038,21284,69059,74176,02263,38172,76465,47003,38082,77043,84147,74269,02784,88021,49160,71366,49215,17441,26330,63254,61037,65351,42154,89355,83032,02346,62168,38070,57194,11207,51277,19270,58116,17231,06092,70302,08275,28140,35176,54322,02084,32393,02453,67348,81099,30184,56136,55497,24196,51441,17304,88253,39297,51231,36022,62479,27137,27482,56261,02481,43105,14614,40144,25524,41059,16167,07026,32399,80459,24015,57644,65399,05184,02006,39507,21421,42096,44154,62020,62859,64037,60641,85246,64330,59647,54586,60030,61442,95566,57508,49260,46053,36125,41119,84022,69173,58235,72348,52414,62815,77082,39052,89319,39405,50196,25306,63403,32464,61240,26359,45132,04128,79331,65047,06110,80067,26005,81208,88361,42321,76348,39149,88354,59500,18029,84006,25124,32289,17340,01073,42163,59123,08497,29002,84108,65175,23118,42046,59465,31391,42187,78516,71470,24330,28137,36211,11314,34286,78285,19154,78320,27300,82123,84150,16192,61387,21076,38057,60014,2A070,11282,29249,08367,47161,22005,85267,24193,54232,65402,71029,32054,62011,76365,78364,02777,54203,81100,02414,02817,80226,02384,21161,08186,46212,62844,24132,17193,22291,49307,02044,66193,31205,07223,60081,54491,72192,69065,57422,74058,22117,02452,57647,36218,27224,27664,71480,81236,65321,18176,60611,56086,07153,70330,76618,56193,14558,58124,49370,27505,57060,21309,61396,01322,19018,32175,34277,68174,16342,61221,25517,05129,49323,21338,71324,33235,72047,27681,02145,88291,65285,84026,76463,62746,77207,34087,81068,42315,15186,88445,58118,64217,62008,31251,81295,49125,89013,86171,17303,35103,82065,56180,24370,37061,64440,51140,28052,27055,73157,74201,82157,21539,63233,47262,41253,57273,08247,07091,80372,71037,47308,30161,12221,61277,57074,23043,76104,27691,42278,89387,27565,32425,64275,81323,14266,89069,56085,53123,41176,58043,56096,03216,72008,88099,42184,54047,2B081,40153,76709,21268,35274,21331,25160,65117,28032,58001,50227,54185,08302,90048,91432,06109,34285,67036,18136,19129,54549,07087,26228,33432,74034,52352,56245,11238,79102,50145,61023,88431,14419,67420,77352,14536,57586,06159,54410,39106,48144,89067,31509,64504,25149,60123,62373,15232,61259,21705,90016,39204,33493,62149,88406,02363,87116,10352,56093,64320,88416,02264,91129,01428,15167,46242,83018,54526,2B037,88518,48168,08003,65104,36007,74298,58152,80683,22028,50428,80171,63074,73030,40059,52365,37032,17314,16065,06014,67546,70582,31098,59586,77463,78162,06112,25058,37027,71175,57255,29102,26113,04162,97308,31365,25072,14001,60078,59300,33163,51549,68360,59043,59662,74089,36028,02757,67182,80259,13077,11350,57614,25187,02072,95271,27117,46270,34206,61450,35270,25516,09094,31305,66191,72297,80298,73089,02472,10149,65301,81322,51543,27340,49112,76725,76547,57409,12146,56175,56160,87036,79230,55278,69135,79303,02639,10316,55274,22029,33100,65061,62254,89238,85127,62802,22217,62772,81190,50359,14227,11160,15250,58035,2A211,01297,89466,03184,51499,62022,21367,23221,74196,31183,57343,07239,25507,61194,60044,2A060,57323,62630,11438,34029,60530,95205,29093,01373,59295,80169,51143,31182,45297,64148,57475,11127,76430,02764,21710,01171,52050,09293,13043,61415,21341,28227,28335,71581,46046,26181,02663,62617,45340,76105,25071,2B187,54458,02504,02324,24183,02619,80589,51018,59377,31402,89059,81246,60242,54085,58153,66025,63445,88319,11200,78255,31227,21385,54260,43101,15255,49353,62740,10203,67115,52535,43107,04121,41292,76362,94069,57139,59308,66152,76459,26298,59060,52311,67146,79202,91338,25257,65244,60190,33215,70258,58291,17163,34128,71024,21638,50256,28182,73217,32007,31055,77095,21079,64425,02135,62901,80766,54214,25469,36060,85143,76631,61153,34159,62267,39579,06021,64416,63108,89427,40230,10359,80732,25004,51154,79170,67427,95309,59267,15157,29019,39322,70096,57615,87202,31197,09332,68296,58290,83092,85301,16356,31176,82112,27501,55137,83147,69085,70512,11180,44123,05182,01258,50401,24168,59182,71028,31579,87192,30035,73099,25188,14384,62135,17157,15008,54349,28279,51276,49244,76278,33174,22206,2A133,23053,46228,38532,62705,82005,45066,11082,80233,77290,10068,91477,13060,71316,30034,56240,41038,24325,31513,76158,19091,09258,11391,60502,30193,52035,67059,26075,55101,61290,27252,32239,09069,40062,88237,82171,14574,78269,63085,62147,73207,54397,59537,2B003,76546,70315,33155,72278,2B121,25102,60048,24514,88473,78188,25264,50149,07285,71087,61388,23215,33095,43035,19069,52549,47316,60171,57695,12030,57326,61054,55525,04231,26078,15018,02706,22260,27547,25548,61350,47257,59319,86134,17005,89120,62167,77237,30207,63081,74216,69086,19214,77344,25474,21322,77132,24551,51009,88312,59387,21007,03222,30239,52346,81297,63003,49361,33032,2B207,41009,54380,31162,37016,24303,83093,47328,24552,43184,59098,62046,39481,27047,71439,85040,07322,21153,76352,12142,88137,95046,79048,48018,51121,30298,17181,80797,77302,71040,25048,97130,32347,67062,44135,65271,77516,59258,80446,35002,27281,65192,50450,34226,50609,31108,50229,60269,16183,65112,46052,10167,77301,91326,80734,86027,16323,84104,29204,21524,59096,06060,64118,64502,38514,30251,14474,48045,42294,02028,81326,41044,07049,70226,68181,70386,67305,32363,80308,59575,14728,80034,59351,11250,11083,2B111,45145,23184,42270,83091,79289,68384,39065,27174,08314,72135,52105,69257,32329,33292,62500,14682,13020,77158,54236,08365,08238,52173,70406,02406,64350,51416,02460,2B147,57188,07105,11090,15153,16318,42173,21090,68263,50580,41075,08429,60523,89428,42011,31333,33531,65286,40103,67016,27059,05111,02834,48115,21684,10296,83046,53029,11142,70384,61222,91662,11056,27400,69014,71410,77060,02622,31151,71013,68177,59554,30155,2A006,61479,47320,01385,12270,86257,61435,55275,28259,27052,56233,01352,09020,82184,37100,76010,10276,07345,08001,65203,77012,17241,68082,60544,60196,54466,61228,94041,35134,76211,60182,14057,74166,72168,34279,40173,51089,09301,21125,77389,2B102,69120,18003,14455,77152,15194,40156,77420,18146,23068,02418,78668,52168,72118,33445,59068,91161,04124,90105,37180,11366,02648,05072,60346,10312,80317,40324,80504,10403,25471,80505,2A258,74226,2B216,76319,46047,51215,46296,07079,55407,78474,80399,31523,62188,04099,14524,27557,01163,67486,01314,80172,85162,68002,57759,72128,76592,65423,38508,51559,51053,21465,54567,62471,76531,54285,78683,58038,02336,97414,35099,73240,60155,95675,82058,50498,07339,41232,21200,28302,70428,34104,54354,76597,72122,89388,25420,21543,2B352,32339,02514,86132,61402,31546,62829,25091,58232,09119,12015,33297,32397,80503,22268,80028,52123,09329,2B222,62548,50324,30205,51161,52470,08321,35006,91228,2B195,69233,71495,13051,58166,30024,38054,31014,61486,65133,32097,44162,03265,66010,71026,67302,63144,29044,59185,17296,01167,13112,25429,28003,73058,53243,24495,02564,77413,29291,76261,54383,69199,86140,77361,10397,64370,08131,32375,68162,02086,21265,54223,76608,80243,72265,62153,82182,62332,74308,30149,62493,07312,45008,08106,33397,78231,16073,15084,12149,88466,59670,22056,65387,44133,16362,01183,40174,72361,60102,02645,55037,2B306,11276,50398,61391,08163,23240,38400,69116,29169,33441,30012,80288,48191,05176,65120,62812,81216,64072,61038,60071,54418,68283,05022,14666,43104,23230,01444,53122,57354,50300,22370,01197,02818,40186,70103,28104,68130,63237,72058,89008,21512,24388,24463,30070,07176,86285,52515,47182,39299,33073,65107,84113,33323,64048,57708,88421,76537,36141,30127,73014,85039,64100,71179,45160,62696,78466,40082,06145,51527,03063,50272,57606,42110,02104,89164,22197,33119,12204,67103,88389,38315,60112,61384,67197,26211,76007,12165,55260,79081,01424,85004,24516,60439,21457,38512,07122,38009,35115,17385,08269,39466,02389,11279,02781,48105,28304,24449,25598,40257,57291,78623,11378,17058,12059,28303,21247,28218,24346,59121,68114,25209,06004,62526,71052,36024,56011,16087,2B339,67086,04216,33276,81060,07093,36165,69292,39155,59008,51245,62659,23037,01391,08047,82019,46302,86195,84002,28314,05113,39490,34257,60528,57172,79062,38065,82011,58189,42138,31223,38289,57049,25017,32115,40029,13099,28326,70403,72048,11302,67418,17449,25466,24522,76558,38544,28359,31131,62542,30175,34324,71255,51004,55146,89085,70394,32344,63331,39117,07100,95387,89383,60465,65144,04217,81154,68060,12170,27500,30006,37273,01009,08234,42124,45309,27606,73222,25448,02653,34270,87058,04028,69052,06161,29067,63194,62866,42113,54010,01339,02454,74173,56226,71389,80738,22362,16303,04203,67028,09290,53209,51302,68180,43051,52234,55214,57316,53071,22273,72181,95452,08199,88182,80445,31376,57286,83005,59538,91556,15074,85232,51465,36117,44077,80611,04137,31258,58107,63172,40298,88220,02589,64311,22339,23189,38480,70113,38567,79300,17075,86235,44062,18167,01068,22322,36162,59441,19059,77412,24090,17420,54366,39092,59663,59322,91544,04202,24024,51459,24282,46288,69083,27116,02428,15038,58072,81225,54305,78034,76268,51406,46136,90084,42121,57509,17359,13086,02029,52335,42052,32150,02659,74143,38454,50181,57096,45086,17450,12080,74235,50296,01310,05140,28251,55574,36026,19279,34142,42033,59472,33460,34153,09185,54117,74101,15187,13033,54496,24563,67110,24426,03241,31072,76752,45174,60700,54556,03264,34320,38548,44128,60570,59438,85182,54261,79251,64452,90086,14648,27365,27071,37267,56032,65049,27441,51187,28040,57654,50564,29259,78437,37008,76114,17031,22368,59019,51339,22149,01284,08087,02021,60662,82089,77161,19084,24021,70102,30115,89229,83007,58126,45266,11031,01077,41274,25325,76071,40124,59252,53115,85255,31206,70519,57161,42172,40313,69145,64179,40219,25045,64436,29114,45197,62049,45220,54584,56088,17424,88443,11399,40183,27672,08170,24509,74015,03273,47118,26356,74280,60602,45199,63109,23229,94073,17150,26355,10206,27333,31084,14026,02509,64069,03099,45330,60087,39180,14397,43172,21624,15064,42293,61510,35154,2A198,89254,73135,30099,32277,54164,55295,69108,08171,54200,89255,12300,22294,08463,76113,28064,10144,17395,30252,72340,38228,73051,71284,15051,10058,81172,78062,25440,18283,47188,14591,31586,11029,62808,58134,69151,45121,27021,76667,14196,07056,33290,52545,69282,38273,95277,57705,71558,12089,54562,11228,56102,34213,73159,77374,78089,59489,59624,22062,71111,52016,81014,38382,88087,85034,65106,86081,32272,74037,62223,04034,62787,26325,01396,47140,02740,29218,76133,62426,03079,76431,22237,19115,62340,80102,52109,54103,86126,46317,03038,21599,79007,82059,63262,27531,06028,38154,77348,62583,59463,25229,03075,22113,21144,24120,68287,70052,01202,44107,88057,80514,27217,80623,40318,70177,76628,73280,65065,88245,78536,42055,77159,04033,21335,80743,67548,65241,18205,38297,82032,21328,54501,23223,19009,32208,76522,47280,71472,71010,02676,07184,25284,10219,69289,71041,02195,02358,54002,85102,31074,14685,27413,10406,39267,88074,71578,50094,53184,28080,28230,03180,63371,89367,77048,11104,09048,41254,71127,67260,87087,81238,42337,08373,81008,62423,02345,03256,16264,72126,95483,01017,27467,62640,21402,21058,49056,30341,22082,71132,04235,31260,65127,02153,32211,28161,60107,62177,89088,70369,28410,35259,67372,38319,30066,40276,50124,26137,60499,49050,53133,82181,17227,64145,88119,64134,42222,65471,63452,59074,14346,57664,80661,67073,64301,59453,22348,02206,24289,61436,85273,80773,26021,50177,64340,18234,26125,63115,71502,59629,42040,52140,72170,77139,52206,84057,14238,02532,55530,84151,66150,80522,25442,31560,32023,76493,01378,60376,72053,59093,30059,06018,88433,44126,63146,52214,55536,14748,32342,03196,11028,38003,89443,58156,25217,33465,22227,24340,39337,47029,78327,79271,27487,45101,34314,70340,88531,36147,60524,59565,47095,28310,29156,57106,11149,72061,10103,50058,76132,57605,02543,62071,14698,51389,86133,28247,54441,22086,91175,86274,54007,73175,80708,30344,64010,45198,58018,33458,37098,65460,41223,60695,46129,84143,59596,90100,03289,53172,14327,72310,89083,81239,24245,61456,21253,39088,18112,07308,65034,86242,32315,59357,2B346,76210,68074,19242,85169,04049,39350,01024,48146,43267,57417,57453,67183,22282,12281,65470,59613,26300,60024,60280,80320,77046,52121,61386,08425,02090,45028,65118,69383,08459,08206,64374,80391,97356,31105,62396,42251,49291,22310,53009,70026,59610,27233,54314,18006,52183,83019,63297,12108,25318,88122,70427,21246,83003,31065,14627,39055,65274,14257,26182,03086,76316,09065,40134,64206,03237,35363,87059,89452,30073,52423,56213,07128,67425,83146,46195,51193,57383,88035,19272,13056,57673,12195,76288,47164,63067,23234,05153,70537,89345,41245,29217,01035,10300,04190,88005,32202,54081,87032,62015,85238,73050,65184,08356,81079,55071,58109,22036,03172,58287,03080,60461,29257,46188,74261,60654,87041,57419,80821,80432,76678,80154,86197,17063,63462,11437,76748,47019,57668,66126,22221,14719,33105,60262,92009,64445,18208,51601,34202,55106,91359,65435,55300,65273,73298,87051,52142,57160,77296,85140,22380,56056,43157,08130,52425,34097,45085,71459,62755,31018,02451,35013,60240,71462,85196,73154,22346,63382,10421,38053,32164,29123,33519,02288,62345,50096,31244,18121,32311,97406,27579,02100,17265,16155,78082,22343,55159,51045,04233,62120,85290,59433,85031,25555,39014,97423,21041,65371,07117,74117,31497,60020,11166,71464,23219,24383,21089,61401,2B025,80104,54573,09241,62322,80222,07257,58279,55346,68088,80533,29141,56231,63249,35275,76395,39078,35046,27538,83064,46192,32366,88370,79343,85153,62572,34054,63444,71030,14311,58099,09210,81255,24493,51560,22026,2B256,88311,25511,63309,61229,50326,46330,63351,76502,25213,60177,16116,54192,72349,69060,64500,68235,54061,91377,27597,82119,84122,24030,57669,64439,80129,24425,28352,39049,34040,73267,58089,46097,09096,31393,89277,10330,83068,01106,72169,27399,80659,19253,25537,69039,70380,72218,29206,38104,68376,91179,57036,71297,48173,89126,54153,63128,50492,31385,33354,80246,35347,07045,41004,59432,55199,56030,76573,07088,28126,03028,66096,76112,12187,71523,18223,27534,21211,56117,42069,84124,42001,10012,67495,01295,14034,88006,35307,65090,45052,03071,16212,80424,60331,55382,39108,55555,68122,61111,11048,08277,33293,81210,21207,70083,46002,57566,47151,09205,59336,64188,55340,53117,78564,31571,71362,51547,61444,64161,90067,36182,21030,16162,91630,27198,45168,04220,65481,58227,71342,89274,60403,68106,56123,57152,41207,84028,33504,59126,38291,26019,32382,08363,31400,64067,82008,52378,10174,03320,48054,59410,27246,47230,84146,31117,80628,10163,57099,69190,59576,73179,19035,67161,15049,33336,76574,76032,76330,39223,51392,84121,62505,46117,80249,59159,11112,59541,60632,25183,08351,47045,80779,21293,01383,34280,57544,24243,62699,86226,91044,80279,27660,86029,14645,46160,58069,66190,30310,48001,51582,35345,59549,38265,58039,64272,27483,64137,73048,52316,68045,88128,49278,39288,02610,45183,81040,48004,03027,61139,57379,86138,82124,21663,80520,60247,10118,62427,31071,12263,25104,33407,89249,11364,30231,86014,02492,86084,65344,45180,57169,88442,72040,21555,23127,55188,71275,34207,91085,80679,76173,11139,61369,11122,17423,51229,07134,50253,62208,44105,33232,30023,31265,50448,71220,76451,28094,11119,66029,70378,58174,51043,03183,10287,48158,30106,02726,08465,68308,65129,88248,57289,08142,28065,06080,80237,69203,15154,53125,09082,01031,57395,03314,52375,62571,88132,42060,55495,59514,12153,50521,60325,67009,16396,59405,42039,52307,09102,61300,69035,30314,73285,57712,51393,54173,34016,46273,04200,43038,10123,47026,45088,71256,67552,88259,80352,55035,83048,10082,11173,59390,79329,32221,08235,40038,45126,17328,10433,52267,25393,50078,22119,76118,2B260,54195,15244,14248,45064,57679,67130,12023,80598,12013,31157,15124,67081,10230,52199,39245,07094,89332,18081,34120,77044,65149,71144,51646,55242,27375,72103,07066,10136,87056,40001,38394,11360,18126,56090,26319,72125,19222,60178,84055,82062,41002,08075,01165,25395,57219,89227,63414,31097,24084,76036,42320,11380,18030,77410,09071,64377,89228,55239,80664,24356,33312,09039,88512,31467,54379,53212,56100,15123,71166,80780,49200,77229,62504,31112,03156,05046,12208,22279,70137,11133,59567,83107,62679,38383,89146,68373,02286,07331,18053,14272,12239,85293,62851,89035,14546,12113,45098,03061,02123,25357,64018,30300,88153,59637,68021,10333,45222,29007,51252,30113,04142,02628,38179,11303,26296,16171,27615,58094,21572,11177,09171,59315,65009,61260,62889,25040,56249,39253,51595,14198,13013,60554,43208,02357,10270,71423,74258,25562,52161,47256,52034,38562,51152,30202,10142,83083,65389,59436,58108,72144,36128,21327,81151,23002,62833,62682,70328,41039,28123,17145,21162,39262,61020,63441,89134,69130,63288,67347,28109,51057,18272,37178,46262,17380,43098,26173,69118,62615,08077,40325,35240,65455,80481,60260,68104,35263,55562,19057,21132,30104,02099,62562,28330,15108,59469,77120,09106,2B246,60648,26055,91122,38479,79267,31532,31281,52019,18225,64418,10104,83022,67371,81209,17321,02707,60702,73023,61014,88330,35305,42328,88434,35111,26079,29142,86011,60411,27464,67359,52376,13031,69012,59620,62789,2B225,31107,09292,31139,01174,59374,01364,62677,08398,22013,83111,02766,52401,38324,29036,07103,76129,25235,16026,77431,45006,77523,55399,33150,11206,40270,66141,70494,78233,81187,76204,50312,59632,33049,03111,89438,19102,74288,88412,65218,11316,52095,48055,54600,76570,41233,58025,85268,77440,22148,02545,31261,69293,82024,64193,25462,62655,63060,51420,48009,77089,83105,77298,36227,89184,76308,65197,31009,14672,57506,02091,2A322,77355,68252,91408,55570,64451,40069,86001,31384,28280,14738,12057,66137,02131,33433,39385,81287,62244,28198,89300,12258,09197,14663,65338,97230,50575,66043,80545,59260,08407,80595,71236,16157,89475,77407,88359,89268,02075,89066,68347,02283,33408,52271,11233,87015,94048,07142,89206,51576,77191,23242,01319,82147,25006,09163,70309,34062,36200,43230,57270,77156,57359,39039,73069,33449,08460,64233,2A259,47242,64143,65375,39139,02761,64258,49171,87164,32002,65290,62175,16353,67046,69050,76303,59271,22150,65405,82035,21408,15118,54217,29132,57168,60106,18198,62474,38358,55033,14657,67218,39451,59137,25219,27363,04140,32199,70268,59341,31500,17348,41107,19231,11268,76052,68355,21640,74168,82194,80400,59285,54110,07284,79040,24062,14679,49058,10400,70358,55545,60434,43197,10033,34189,82048,08316,93031,55142,15087,35164,23158,83118,71252,38159,80378,19261,70007,76087,09166,89441,60495,60303,63245,13003,18068,55049,2B143,02188,06140,28425,70533,54428,68215,13205,50215,62822,64174,90010,22212,30246,61484,63434,10363,77335,70433,17129,24102,33005,59241,62486,61265,89403,26314,10444,39272,14504,62721,57411,72197,15237,21350,39102,87150,32441,82137,08500,89049,80225,31171,37223,80655,57095,28143,12212,47141,66084,83148,2B138,57373,37166,07152,15090,27598,26212,16125,10306,34102,08055,17301,80529,50332,77128,62715,2A114,80744,80312,26183,02500,81016,34088,76265,88479,47301,21195,19280,09266,24073,54459,77424,59171,15175,62748,24009,80669,77023,18050,70224,76254,08424,78404,80754,02621,28037,79280,01329,21258,67093,77425,19196,89413,28202,52495,38494,01241,25136,61010,51014,44117,60008,28374,54408,64082,52165,46245,38213,11249,2B047,45010,02158,60122,63423,04013,60312,09214,60318,26312,04054,71529,64479,14353,86254,86248,31300,85226,11162,43040,33158,63145,45244,62478,57264,10258,86264,80082,78267,21299,62076,25256,23241,33250,33535,52539,54302,01037,02574,15222,17225,11310,28226,02801,80747,41199,19211,43048,38350,27345,31369,03239,33097,62827,29090,25470,62850,58046,42014,26007,21709,15011,77049,39237,82012,88305,71293,19166,80019,76676,60431,88465,17439,60026,64383,80807,08288,68182,51379,67001,71396,33153,32161,08251,65209,01028,54532,60064,32325,10160,41077,80037,57093,72046,57531,88083,07074,32183,64034,72005,11192,44116,59297,16011,38381,60069,55444,36217,95257,60679,73036,82061,11226,35212,44161,39081,47206,02660,88338,52480,57540,25057,62093,27034,83004,22204,62430,59604,48077,30008,41061,70416,06136,40247,59366,35199,36126,32462,38380,11367,76138,41246,64253,57271,14598,64535,29187,17429,02720,27318,33530,88206,59461,71526,07136,77222,91457,03321,89202,24165,46284,02768,65086,05130,51585,50052,54174,28392,52452,42002,08090,43116,89105,81059,55398,71259,14622,02020,65476,61275,90058,47160,30119,15103,90049,66067,08411,37187,17073,17344,32467,04068,14626,55107,21287,39573,2B058,40034,51181,09186,11345,32119,72057,02477,14527,10018,42092,57228,2B005,46279,87200,59080,73098,15105,59307,08133,70236,65398,38387,32364,51610,68126,55326,50376,51557,47286,88230,46055,54177,82191,62156,05026,33447,25249,29051,62106,56164,68377,71199,16020,70555,39336,50556,02792,59293,19058,2B009,52500,70367,25371,52045,01281,29099,21252,51295,76718,39568,52157,80786,33355,62192,64101,91469,33478,67471,79189,76230,45146,46257,08121,60668,38232,51550,63098,67404,69097,53170,56205,89029,15001,79005,02529,62650,54256,03181,34147,16088,08342,57569,54026,60290,76681,55246,65262,81298,60029,15130,52093,59261,63051,23119,79001,70404,59326,57468,95074,02299,02103,51484,29234,45320,59546,68078,25300,16398,51442,64218,73282,60616,55263,55462,74127,46127,95328,60045,58004,89369,52243,25285,54483,74170,74198,51191,74076,51574,18252,10098,31526,38047,22256,59337,40274,88276,04027,33418,63073,52503,85198,35315,91041,02516,60561,58053,25401,87001,43220,77221,56202,14461,62587,21537,80103,43244,22283,64056,46010,29075,62201,10178,17155,33384,39497,17127,68356,29041,43265,37052,09152,21459,89124,49002,71089,62823,59381,77528,82139,54129,16195,21592,31345,57052,62161,71218,63167,15269,47100,27511,08039,65035,57309,42031,76383,08115,77512,51433,72299,30266,76741,09158,48079,74029,38288,80048,03103,04067,27106,10049,12037,02497,09225,57456,15012,25308,51124,67315,63126,49339,76548,63430,40126,07192,69212,62115,50596,25088,79197,52326,65297,61070,25572,55299,43067,10095,77163,65284,08214,72356,34315,38144,09284,25392,44138,72257,88183,24064,37216,65198,26172,71562,25378,85178,07280,60077,94016,82150,28055,52348,57656,43103,35219,48002,62638,29288,16197,28189,08372,61143,76023,76293,31241,88194,33309,72145,66034,27577,69261,19128,73254,32301,27397,54249,08449,63335,54144,69269,08180,55097,25499,52064,16213,62693,51122,22308,42123,12033,05107,13203,74071,58070,58200,32403,27569,46241,57541,56238,14134,33405,57159,11148,73201,02667,35157,73022,02704,27610,08431,64423,33482,32336,27241,19143,03138,21170,35325,36207,66130,2A278,65062,02175,77383,02636,38285,55358,88477,32230,33144,76647,57661,60253,41229,30162,31161,71103,2B307,27171,45185,25147,46215,46074,62252,03062,68076,17286,34091,75103,74190,26242,67177,60650,10081,23042,26232,38332,66040,88190,14334,88149,10146,39330,19036,39066,85144,76270,24232,14408,13074,2B221,50639,83149,84074,59603,28322,11007,21227,45083,41251,08211,67309,23054,88481,37116,78124,08176,71363,51500,63269,2B355,62888,89010,29131,80302,47103,57198,97210,62864,88044,59206,57044,28353,03130,54060,56053,32451,82081,30016,92047,74208,76062,28169,24163,58176,10348,68213,26013,2A266,59178,23262,11205,80793,59394,40184,30285,31061,57441,70022,60629,80525,38091,41063,63161,32085,11167,24471,31144,78624,42247,88318,02152,66033,2B123,89346,64062,03214,21407,35222,76377,59568,01386,60161,76304,08085,80604,26196,77075,03281,42101,11198,17081,75115,57697,64313,10302,57201,80582,33529,47058,41259,02210,22024,54391,52208,34235,50562,21270,76480,81266,57602,57410,76535,47047,32051,89183,14512,63392,18287,01362,74065,76251,81165,2B162,09325,02488,43232,60009,89303,30097,21313,71213,51581,29074,09013,02327,24559,17070,62899,02386,62002,2B007,47131,01072,13102,60508,47154,10210,44187,52301,28414,09016,70098,85086,81071,79120,88524,54534,12060,66117,60351,64314,02495,03077,47290,26138,55215,14329,88140,65189,35174,24519,40096,2B226,78220,43075,63442,67531,38074,80618,65336,81258,91103,88242,17050,79161,51410,45263,88324,73138,62392,13052,2B219,66201,65448,51007,82067,80062,73245,26063,74160,62483,61227,76069,29183,71151,71248,80285,35093,01261,81308,72374,39130,57006,38515,25022,40047,73329,91272,21187,59420,30289,77181,86077,64065,26003,59665,59396,35309,81077,14258,25349,62379,74041,52433,41074,30273,60472,88202,14759,56159,83085,25491,02111,38157,27210,65068,66161,09075,80697,52204,09046,62671,52534,80216,25582,24153,34161,50531,91145,17302,18031,16181,59270,80268,02717,01448,38198,95316,80326,12303,55487,02265,40187,93079,36171,16209,26152,74044,71341,52163,24146,40275,67050,2A048,74035,74105,54358,37192,19283,65097,63260,02736,21312,59168,34344,83042,67468,95144,65243,08397,89131,32140,87011,06107,76744,37155,37212,30271,21636,17069,01305,89205,26382,28260,50413,91479,58228,85012,60562,51444,40209,39271,71119,24313,76172,68103,34051,38524,03128,42307,80741,54137,80474,57314,80146,70060,68183,85211,71430,40074,2A269,37233,10224,35255,16423,67108,56165,33307,16178,25122,14280,80114,22106,05146,55080,38535,50321,62810,57601,15028,54579,76474,91225,80381,53276,47246,53079,07169,88249,02043,34082,40213,24194,14390,07186,76622,63220,14400,69198,77202,69258,64138,51262,19098,65103,38388,43088,36239,06096,31537,14716,15052,25510,60534,76688,53211,80362,72275,03060,70219,56040,21480,63340,60007,54398,38492,25607,77111,57476,52074,25389,16005,16390,79283,77332,86118,60449,66049,88186,64075,19181,28268,76567,62258,79130,14358,08339,76556,89328,51132,62508,11323,27095,67076,23083,95428,80558,84067,38226,47090,90088,63154,32279,76228,89382,35017,22045,39042,69134,38237,69153,54436,36212,11290,57678,49378,67121,65091,30135,50462,09066,82088,65333,95141,84076,26352,35283,33260,52543,70077,47089,08210,08202,97232,28036,24491,12154,2B069,32438,22316,72243,76263,08466,37147,44220,89223,61100,80694,69160,77354,76669,36138,60582,08477,08215,21427,69287,52453,79084,85066,77016,80135,54435,60421,45110,24546,35035,16221,77377,51409,24236,09042,77137,02728,70155,17209,2B210,76656,80144,01193,60216,65099,64525,26052,35181,88427,76716,02004,79281,62747,80733,57687,35205,38540,54140,10177,54324,57097,27065,55514,25541,66182,55168,01111,24188,86128,25254,62544,62713,70089,02076,59641,31521,62099,51293,80006,02517,80307,41008,77356,38001,68093,52001,32465,76378,17190,40229,51136,38186,88365,2B149,11159,62579,19264,07232,67274,51051,67234,35277,21581,18286,41041,23063,65073,86275,59389,77100,78290,71155,36244,71181,54378,41085,26169,97424,64103,76171,30299,79127,14530,72142,77306,42192,62158,38155,67105,13066,74140,47281,53126,87016,60614,05095,47007,85126,62104,24331,65447,01053,44193,73220,62374,33468,30325,17402,33300,63206,64427,07080,92072,49292,88521,54237,80354,19093,77462,27694,57205,08139,38132,24336,62096,85245,61492,27548,39470,62003,17118,35262,60680,27698,59273,40138,95572,35184,55117,35107,12267,67104,30220,27139,77521,01051,02398,37010,25112,56141,31352,59244,26166,55261,28265,70127,25012,34117,95151,33511,39574,27641,73131,56234,62082,60093,97105,09148,16042,03185,78194,16203,41140,42048,91156,73197,79091,76582,43070,67333,88297,57348,74036,32406,65038,80428,29064,54148,62056,72372,88145,31132,2A065,40242,59237,77047,53151,71534,46187,12102,57360,88224,32058,65004,14088,77076,80017,64236,54046,10208,72379,24396,25189,54518,77451,45345,26128,70353,32313,71411,21094,12264,42274,22257,65037,67151,36148,28102,18261,16413,27033,66006,70531,65324,42206,41058,29163,31465,27631,63273,76757,89479,19286,77258,72146,36139,33193,42012,54016,77008,2B251,11184,73106,77367,57048,07197,78030,27213,95563,58203,62327,39342,06119,58271,70348,24096,43145,27019,68127,77281,90045,80719,85033,51088,31166,08370,34216,47129,56191,08182,31090,54286,21464,29061,51341,35014,23246,54111,32395,66022,2B350,03076,62297,71533,88288,54377,56201,02561,62512,71278,41136,21150,59202,27289,38090,23021,28075,65211,59507,95054,59508,68371,19068,36113,65426,2A270,08034,95139,58163,71016,42290,42185,18020,89212,95301,10077,33178,11246,89287,70003,62728,82167,38386,88125,80201,12034,72342,77034,88372,12157,67131,89331,69136,89071,14619,07063,59257,11136,38163,55102,34303,15056,36132,52125,91148,70504,26035,78311,28426,85022,2B059,24115,86234,38018,15243,58010,80635,59015,41103,60459,42102,22152,06111,63116,85264,03145,63387,89033,24029,02289,80123,59666,14322,06124,34166,21387,78224,61077,32162,61487,27226,57636,46032,80292,25024,26378,50200,57488,47191,78531,49155,67451,17258,07240,83054,55581,62028,74030,14150,14006,40268,51299,45113,41022,76253,47252,17153,86018,76271,21363,69181,42199,11014,54240,64321,62081,74259,25181,14630,08249,44113,70064,08110,55371,80550,43034,65381,31489,79088,62386,54091,62184,17180,41206,65384,09136,71105,55474,64389,32292,73001,48137,89012,82083,90082,79294,66185,73183,03274,34144,48130,41046,36076,21374,02429,49064,80139,91137,35159,80205,32139,89200,60550,59427,27199,51590,16369,33446,27682,56209,39058,31472,78368,2B050,80155,13213,59284,04164,80466,50519,12215,71372,23145,65191,2A130,14183,73162,31042,69215,77403,38277,64073,47054,63301,67067,33089,87093,60578,30168,91106,72249,52220,35194,79123,16281,76467,05016,56236,64287,66172,67306,48152,47132,80207,19248,32134,93049,55463,69149,45130,30153,73248,21070,53256,52284,38527,69184,57320,30151,38378,70031,07037,62369,09187,46209,63193,65459,34168,57390,16015,02554,02240,80044,52101,55470,91248,85076,82052,16285,59667,09260,74155,44028,85014,68234,35306,09300,66079,10272,61145,21339,53246,2B344,09089,54005,42077,69163,14281,27617,2B263,86053,58083,27177,32323,44049,71406,23013,16131,97101,31390,77262,69385,29021,36153,71524,40240,81178,31094,90009,94071,63285,31342,25244,27477,54583,53160,28001,59299,05179,35294,62496,57208,51322,02350,93050,73286,60665,67448,02095,15225,60006,86290,89335,73156,51487,23077,49326,07161,77243,16316,62598,80606,12003,12161,38286,56124,88505,21686,57176,58044,59358,57505,33360,46049,60522,56186,01399,80360,54541,50423,55465,30234,77087,24225,47171,60267,81199,22069,51524,51649,81198,52179,89209,52416,66030,66027,38066,70132,16008,39514,02571,70001,55403,56020,32418,28028,60663,52429,59016,58093,51415,25618,72341,03310,77198,37262,62370,89102,77015,51070,15234,01127,57338,36225,56036,86061,68357,39010,18134,02179,21633,10023,55082,43253,32387,51212,85070,61498,51378,40117,40110,81020,40137,09138,87034,70010,58098,97103,54493,64085,48032,51545,12011,11259,52336,10155,97221,12017,38416,50059,76414,80540,53114,33480,21126,23157,17003,79025,47309,88468,22340,95491,31159,02048,79077,70499,59480,73119,01232,28177,68034,30086,58097,46116,04211,37256,76175,53059,33108,01317,24429,76198,51242,02615,62564,23059,08065,40224,49373,65014,77183,84045,63393,51634,10079,68358,76084,02369,18128,35143,50563,57162,28167,29094,07018,71453,63036,63284,59573,40199,17183,83012,42231,39378,39111,70028,76309,57345,59557,04175,42221,2B319,77150,65360,51377,52056,71237,19119,79090,88499,90060,54416,26344,52353,69155,89181,48097,31126,65469,49359,01376,61095,46119,24487,76357,64444,28364,89325,79158,60323,51196,47107,31437,65418,36087,76495,67051,50038,19130,32350,57643,16079,46338,02565,85018,35196,11019,55414,47235,80453,68158,08291,67320,87204,16107,51535,55457,70579,32226,42097,76029,33404,34254,38059,72050,80387,80755,16139,57634,67245,46031,88126,56070,47105,25094,38531,77061,13078,41037,76489,79270,51270,60379,74090,33040,26262,43138,37158,25458,19052,34328,25232,89313,59494,01398,02238,45158,47155,12103,64345,62145,24565,77466,80015,46310,86006,36223,55050,40307,73253,55076,25036,01272,57535,78236,59622,27593,81173,46332,51246,55381,31082,63004,70159,51498,79276,64534,68232,41177,60055,77312,21472,56087,19141,79079,65406,89095,93064,07228,31235,60686,24098,08322,2A117,63458,02391,90020,44134,18281,71057,69087,02478,45107,10364,77449,17366,31193,76434,01447,12294,46004,60142,30156,58251,80241,2B190,91687,31482,66056,16099,28331,02057,2B250,35264,02723,62897,43141,04045,80133,60369,83090,57483,45115,60444,22366,33124,34222,16370,30057,77376,15070,40227,81053,61124,28187,12269,77040,24010,08278,26379,25443,69168,79153,18022,62351,80283,32146,35355,46113,35224,31129,21431,38211,40041,38438,05164,62407,19050,83025,41231,02765,01365,05058,25331,70063,27440,02272,12022,15208,11204,66204,24212,32081,71552,38445,73071,57648,59125,14110,81022,02484,42257,22328,86271,55207,30248,76338,68064,80240,81135,21033,78036,17464,27412,34055,54330,57560,33314,70400,02600,39571,71407,84024,08501,68327,50036,65039,11292,12174,91215,49080,56019,55472,83115,52274,48111,57653,64094,51563,76755,87081,81244,57749,03002,18116,25627,26269,25287,79013,09195,76569,28134,38448,07305,57698,71187,21323,28383,10419,65335,32114,64362,02745,01332,51055,22049,27334,32396,50647,65343,55226,02354,24432,91473,58128,54069,15013,45285,03191,41129,40023,76438,62094,17061,91390,62877,64465,86135,97134,01285,44142,64095,24458,51022,47036,28248,32333,85158,80365,17002,15218,18240,13114,29167,43264,86047,39367,24301,67004,50443,80078,29110,68284,76048,71007,71025,87119,33321,2B167,97307,01233,76162,33509,39449,76533,62321,42036,77294,11175,62826,21477,01194,27035,80342,43073,83039,36107,34145,04079,68016,32352,63104,11266,80769,10168,28122,51107,76630,29263,59560,38431,54299,39349,67173,79129,66227,38244,43206,51502,62546,74091,81235,73164,46017,05151,71382,05087,36112,02468,12055,32075,70277,11308,47015,19168,26047,02523,31492,47147,46060,50336,34237,68336,39397,14557,80410,14713,10283,46088,57393,25253,19017,32262,86225,88331,26054,24244,10135,78077,02486,02139,78264,33330,57576,61263,11013,85146,34240,81051,68279,54255,10109,59036,80563,17242,10440,73121,21143,76281,60681,56084,26085,60353,88240,02341,51238,55085,33537,74283,56223,33050,08487,37024,16325,04159,29053,91412,12065,62767,41097,22377,11060,61394,72085,91519,21383,2B084,38294,41228,91374,46086,38199,77021,80336,34194,34025,71360,74171,08444,32019,41164,63111,59660,45226,62455,72358,39219,31200,24488,61007,29017,02049,25436,54139,76512,68038,58223,08200,70573,15223,25563,02101,15045,53261,66055,51222,52449,77345,16252,85210,17451,33419,39206,47101,58142,71270,62012,11037,95181,80234,64353,82017,57362,39079,22128,65332,19210,88523,30176,30296,48171,77303,2B116,57220,28319,31188,19139,60401,02687,76318,59311,62180,02097,29034,67214,67239,04183,67134,54589,24364,81247,37269,55192,65222,11138,52421,01069,08334,60127,51164,56066,64292,63105,07069,80196,61076,62422,64274,41120,11256,26346,59175,48039,38147,95365,37280,37248,52013,58301,12018,74296,49288,59047,02744,90051,11051,2A253,41168,52438,80211,80105,74153,38345,48036,70008,57166,76063,56243,06013,22207,38087,80149,65225,80324,70187,21685,64260,38325,70480,90103,14378,66001,68344,19262,17390,63022,21651,82117,63042,33464,55518,33220,55298,65170,71245,37243,59619,28039,64342,76297,62187,67123,60592,67541,10105,46227,41179,86079,82163,95348,29298,27481,17353,51228,01058,47010,2B214,50471,54538,64032,88366,30081,28072,50084,10090,32091,39339,38391,36208,69157,38146,55268,11369,59535,50304,71174,21052,09306,60452,83129,41222,50629,33177,68147,42302,36166,81032,39061,09169,21501,22063,80029,2B043,23261,05170,82086,70254,16132,10284,89360,87188,72246,14179,14640,91111,59649,08169,88343,33492,63348,97113,30092,29196,16399,97202,91411,43112,31416,78343,34053,34042,11363,28363,74179,34031,60238,25514,70542,52362,27291,64237,70413,65354,28242,66128,07234,13007,39401,32125,28261,90030,62234,66088,79029,13080,04005,56167,17111,65012,74225,23101,63038,78407,66199,32362,16361,71554,60321,71527,68191,31282,70221,2A094,84009,46191,07157,11069,52175,31373,08196,80682,62350,54025,24027,38240,10070,11300,53040,89404,21050,51597,09057,26115,69071,65070,31487,97120,55208,38039,66046,16283,2B245,64344,17448,48085,78072,39070,26146,40310,24324,18125,08430,63207,34271,59177,33062,17394,12179,17417,81271,17444,78681,71203,27251,62338,44148,16404,28071,53069,10200,88086,07295,64183,15176,33113,21502,70459,80710,35079,95489,81048,56118,93015,08205,13211,43261,44136,39305,24415,45237,11045,77068,60130,86076,24466,33076,83036,11195,49381,02260,31232,53101,51537,62574,31434,37083,48139,13054,05160,28344,18035,08122,19256,32285,11270,45206,81252,61225,59608,87100,35151,49100,34221,03220,62032,06037,90055,60551,57368,85080,69110,64386,32073,60504,80138,23123,18177,48103,74067,29100,62751,10411,2B148,04007,27525,83023,29248,25214,54241,48030,26028,39463,11420,63256,40058,89173,58103,24247,50042,15113,71065,66089,71067,51660,27277,28209,50275,62398,31299,14137,53041,31457,33296,26020,12249,57262,97358,32286,11152,09233,62200,69143,16227,29213,85089,28397,28254,89044,27018,08468,54519,65138,68039,24175,47249,71505,03096,60469,64255,59118,70076,31285,59353,31099,88143,67113,32155,33007,55110,53086,82001,67242,62797,80688,62179,77214,76223,40077,15142,67520,16047,78418,02563,39324,59116,56263,51104,51182,59282,45289,04042,39017,62262,17343,10097,27258,34308,39366,70120,23011,80458,02455,67031,40139,32429,37177,27017,31319,19086,15220,89036,10229,63435,51452,33334,37175,02499,54224,11072,10138,70462,14559,27590,52273,19173,39247,12029,83078,71074,30065,56060,41275,47152,17468,18115,67107,94015,37108,63346,2B107,54427,34234,50552,35299,27042,02411,14449,12021,27046,53234,44146,62311,70095,71036,53042,15268,77072,55568,24392,46295,05159,11088,58155,25192,89461,24230,07258,38303,42017,57008,46340,14024,60386,59324,68134,32231,38029,77193,46219,54056,51243,44172,80553,63372,88008,50239,77030,51291,08384,65024,89446,89130,40043,62203,42116,10328,34282,35288,22008,81224,41142,70469,14375,16057,11296,84015,81126,72044,06046,88172,63024,80438,60075,71222,57179,91293,71164,62077,72089,87053,55041,17478,25176,24040,59428,27247,57764,24161,89423,24113,52359,64098,38034,11158,39520,43072,86175,13201,67453,42242,33514,25283,79103,01244,07276,02809,62669,57732,68025,09130,71158,51172,54329,17080,25186,31210,42038,39086,50537,53082,55084,25481,62171,47124,86073,24462,30101,62016,33505,60428,62881,57502,47005,59139,33190,21346,64155,60693,50463,91021,07307,29125,2A351,25279,91204,37200,19134,30214,71101,50467,35012,04143,17270,82168,63401,74109,46026,21093,03133,14007,27230,70239,80798,44029,17243,43087,02270,67331,27335,36154,94054,72152,35272,31496,95051,29290,42098,35242,12244,23227,15119,52244,42236,42131,80282,61421,07267,2A024,71436,02501,80187,51079,38432,90017,45249,10360,05081,71281,66203,06087,08323,32040,26107,08101,55410,21178,36130,58296,39551,18170,72190,23075,52124,02119,39147,88301,21535,70564,71519,2A001,21384,50495,80770,52275,52113,32455,39460,80038,51325,10151,71001,48150,43037,18259,32358,63268,63457,78608,37266,23208,60052,95088,44119,57581,77227,41109,38335,88012,64559,85105,15004,38238,59539,36020,27433,70540,90093,93051,31051,08313,79008,60243,37132,86022,89141,72235,38133,25326,27112,80164,73052,39154,64484,60150,78168,25434,68368,2A300,41282,68365,58188,50129,52347,27602,41146,31545,51095,01411,86239,55134,28090,86227,76401,70360,71006,60308,01382,89034,41084,60671,30243,65249,46069,78644,28047,51483,63446,27486,76008,56017,16146,16269,28176,64405,83069,02190,77438,09014,66151,33233,43250,51141,23095,45322,11064,77388,76060,14528,17447,24371,70040,32200,70395,77341,14124,02731,19159,38417,03059,42118,12286,09330,89329,56264,06131,61331,51336,77304,25163,47092,27315,70056,72147,42289,77005,25198,44095,30267,84129,67353,66165,62183,51027,15169,64317,04122,89014,70376,21378,64448,69124,39024,51324,77131,45096,93008,88356,73274,55100,57053,24032,21276,47110,78006,41235,51265,88257,59250,35177,10367,80310,54038,85001,63142,36248,18010,24209,77197,81044,27015,76273,49220,21652,57027,62642,90057,72031,37167,50571,50029,05071,38365,21469,01034,10231,68354,11339,41057,27504,69004,27002,68083,08331,80645,64117,40020,89163,24207,82166,11169,15092,52384,59204,76541,08306,57231,05135,59087,63240,33333,52510,22331,44214,80191,24587,62236,33086,60587,52290,54569,01175,32029,15060,2B112,57537,28309,62477,57137,26341,72362,57381,47062,66037,01408,83104,08044,06117,31121,27442,51429,16070,95582,62130,89327,78013,28421,30245,10238,54205,50577,01041,13034,02599,12049,16338,82073,77235,83020,58051,70088,33253,37031,51572,70525,09051,76289,21064,88011,69386,63151,10298,03304,18285,56197,16204,03179,55023,73072,32101,02506,93073,10128,07191,26279,01129,50511,61266,57532,61322,55400,51511,50412,79196,38077,39188,55433,77031,24581,66094,51071,81127,55386,60217,16240,70211,65361,24460,61152,76320,84016,29178,34038,70291,88054,21072,10194,21632,71509,23130,65126,52099,15083,61429,33303,76141,73308,31248,31343,63119,26174,95637,21546,37001,44026,69250,08128,68089,60466,91274,51305,47035,80407,40221,73029,72382,10388,46255,50517,30037,02080,08014,50419,80657,12134,88124,02791,65125,70541,26154,21304,42205,71148,58135,46263,29025,13006,45256,09206,21239,58078,39575,76442,80774,47318,08361,52023,16286,26081,31550,30242,39392,53094,52486,59072,89320,81137,27425,40148,84128,02469,2B170,09331,76571,53103,55535,88017,04091,52511,52127,33299,53156,04174,43132,25172,76197,51602,09268,33019,12062,45298,68131,73109,58275,40039,51137,60440,57405,76473,12250,36169,71145,09316,78164,79246,50523,74139,05045,94001,16095,27431,45326,32055,02039,09024,51329,2B168,47214,53193,54593,53181,38197,11042,64121,26235,11061,51656,01390,23254,35135,25173,14042,50518,54537,47312,12242,66047,78397,91180,45214,61117,80787,03146,82076,26380,43015,56008,19024,23033,22040,08436,81146,71431,17481,59009,59607,24554,01049,80406,77133,07188,87162,57019,76462,50576,31083,15163,67202,74049,71066,72054,54022,65046,55394,80467,08262,33457,47135,32184,17408,61021,21716,02623,33109,39280,80194,59170,56071,48073,47121,95355,61088,24339,65055,01274,39121,61319,06138,25082,38011,70374,89333,31506,14146,25341,77526,51192,33171,33185,68322,35282,33278,54270,81121,58205,66196,25220,80417,80801,81168,76468,33541,63318,65082,16419,60445,58150,08124,06156,22153,83154,50197,57464,88373,10334,76099,93047,59189,03197,74074,45154,14194,24572,28191,38284,15042,70151,55200,21711,02763,24293,64028,63292,28166,70350,57366,63163,19172,50389,25050,65267,57175,95026,32056,82057,14665,21688,25611,89199,61269,01323,66041,94059,16412,70407,21351,80415,80079,64485,39274,55211,58081,02813,16320,87106,73113,14180,39501,62284,64558,59474,68230,35001,85194,39227,74043,82160,27627,19034,15007,31021,56120,06034,70474,49070,57230,77245,80668,14734,68168,67066,57639,59212,09178,25266,50193,24052,62697,62788,60596,76682,31556,38190,68102,08454,26140,08026,15131,36095,52040,11105,11150,46144,51603,76390,26068,77359,81138,17218,35278,64510,45294,76373,80357,88451,59578,48007,85286,17282,59321,68311,67525,46012,82014,09070,02685,33053,45134,33152,67321,40246,55423,31464,69032,84117,36146,70023,62661,37219,08062,08492,26149,38160,72006,83015,15036,21544,43171,62433,51249,26245,25424,21717,78478,38175,62084,47012,53068,32190,80785,24558,16164,43203,38092,47046,2A160,02524,36058,86249,66233,01371,07325,55216,40006,02198,80408,35183,59274,29059,64471,51008,30228,66132,60272,62196,27455,26227,78423,31435,12090,12266,32447,32408,46220,68251,79350,38331,03268,16312,52405,86040,03132,55559,04107,19161,60427,51061,57657,01325,77174,64203,47193,27521,72096,37224,27463,02642,55526,88508,2B230,08027,74262,50142,31474,29256,38099,54058,18172,90090,55449,33553,38106,32374,62458,80351,25336,60634,60249,33525,66168,51301,57117,62709,68010,25508,50365,06078,06150,77417,32217,08433,59021,89092,35122,37202,22244,67186,25175,62902,33015,01157,56001,63305,38453,45217,80219,85181,07077,07151,90077,38283,35357,16122,09143,55104,17407,47099,15201,70188,57246,25476,61389,89341,60086,21516,33291,38098,59013,72115,17213,58130,62454,95592,54499,16012,62406,88367,27434,70054,59634,71285,87203,37261,66123,60144,24540,03102,72220,81122,79156,77144,03098,54120,03305,69285,65394,49367,55201,38292,49135,57465,07118,21128,21137,69246,50198,17174,35025,64399,81284,22095,21514,55452,30189,69183,19179,11020,64027,62204,25612,21272,02385,07002,78140,50151,59018,62498,04189,39557,54362,07051,74306,54485,07314,25201,48190,42312,29243,16415,51158,73230,88243,63232,24133,24273,52038,14370,23258,28051,04194,76212,02555,45234,52457,88223,55096,82072,25210,52051,72238,2B224,59140,14531,10026,24285,44031,88459,61029,24076,44196,65445,74242,33104,58221,38022,25561,45272,87147,18005,26337,29097,02267,34048,95197,02236,60203,47208,28300,50026,02798,35070,36137,44137,30077,77085,77088,65383,10162,25164,73020,43043,55482,07293,66125,02262,51514,04095,24126,33263,21243,01196,59499,60334,27180,68207,32042,03174,77318,71003,54187,66050,25359,53175,02177,57752,33436,27460,72075,62018,21134,25030,71039,68066,63234,30123,13101,05047,71351,07036,62220,21562,34012,34019,67324,76117,44211,50144,90004,62087,79118,17310,27576,65452,74302,14367,31289,23141,76190,76194,53154,11100,56122,86160,45178,77265,61026,85220,33507,02579,76620,60441,12184,54318,22030,09064,77080,83002,62413,2A232,36106,57072,52360,37246,22146,85111,21634,64126,77402,11294,24051,16018,76699,91593,2A056,43147,68121,33389,80805,64472,10094,71228,51470,02423,26136,89314,67475,35234,41163,82136,44165,10131,85071,21316,36047,24004,71060,41191,67147,87127,28401,07211,87089,72158,27256,84144,36203,02313,47198,74232,28395,70487,31271,67377,54040,29022,72286,77252,70192,60111,31038,19029,14448,81197,86222,32312,31392,23239,18248,22248,77390,50554,23051,82125,88015,42286,03219,62882,83065,73057,38108,91131,21177,19246,59661,26246,02490,10106,36079,56129,33151,24295,42107,08259,34015,58067,03085,32129,2B364,34247,21424,32228,73320,21160,54001,24434,48034,01036,59359,53140,22183,48027,19188,59302,25570,62490,25166,04244,36124,11227,58074,09313,10405,69017,61439,41156,56242,47048,85185,57199,15238,76638,80607,34034,08502,40330,01457,88376,63055,17244,12191,82195,24468,78647,28175,17192,32035,39184,80383,54413,64110,01145,62762,02379,17185,19121,37254,34079,2A040,38150,55067,39207,13103,52043,01263,09018,17078,50167,09110,72062,51056,76094,26317,47194,59330,56181,01415,62371,89283,58076,39502,47223,02173,58238,60319,55267,2B243,87083,34311,14078,51436,21583,84090,72112,64547,17364,76712,59079,78575,38444,2B267,67176,81290,02234,77249,62381,47264,54461,35109,74096,02759,08045,60252,73294,24137,36177,17470,74145,27349,03169,2B299,59354,34090,95628,04031,47227,55256,60458,56069,86074,40206,38509,53253,06083,58215,57284,21549,81144,26290,69021,26089,51294,89150,40085,91135,38366,80083,82028,47063,17276,16160,33221,02531,25086,31470,57177,38217,60507,46080,64201,29208,34249,08236,11436,31514,45224,89426,79310,60236,01441,10143,24577,89310,90083,06074,51370,66021,50478,14380,46114,16232,85250,62737,39400,19066,61371,41273,29260,59601,71231,21597,21069,32250,2B297,27187,81248,62402,67290,27518,21679,24213,71373,07081,76076,40118,87069,29262,77050,77300,39361,70165,27383,59210,10166,53192,23232,64153,93057,73168,39053,31290,57572,70552,48156,57546,74223,50594,37066,24043,11257,05012,67466,89221,19003,16306,21124,65044,45051,54082,57723,37103,2B095,80057,46037,62334,35040,57630,72281,01092,19234,01306,06007,06091,09184,39138,29113,02118,97231,89318,27350,25162,64390,29236,81230,69196,33366,68042,63419,37078,01368,16104,10368,14290,02038,26179,43079,21095,70085,54039,70339,72330,40228,71387,25404,30276,01247,17336,60116,62848,53036,57119,32293,09118,64385,41067,36198,73227,07185,26017,77518,10184,04088,60454,36049,11146,11009,24555,39112,13088,50347,31002,88474,10301,55344,85083,89063,26006,45209,71504,08310,39426,39051,91022,38259,58182,11134,62596,81145,63176,42239,14193,90036,50473,07190,46230,57737,80380,21704,27700,34263,25495,69209,88173,39398,62256,59017,45156,29015,02413,2B074,56021,91393,86269,67257,88399,81179,50522,24094,49306,50210,77103,64417,21645,78050,62280,25449,04059,65347,69249,78265,61138,21275,14439,08357,94074,16151,03236,38539,64438,52169,49347,51630,47306,76754,38263,2B013,23245,88386,70018,22141,33424,01170,12091,25087,27200,62793,47011,21619,94043,62313,82069,29082,89170,19276,02054,31060,43140,35086,57372,70359,10147,42160,42181,21610,52085,73114,02464,66048,64156,50541,54032,55122,10263,42120,80521,39535,60536,62871,01023,62643,19251,54080,52289,52069,25281,72102,33372,29032,31436,04120,31488,01124,03150,36229,25299,45264,55120,11394,86092,2B183,52440,33542,40167,12140,73176,19206,60046,69165,36062,64508,88260,16120,76070,01249,38363,68012,32424,01335,53152,51589,71553,33328,81019,89020,49283,66098,21009,83122,28368,16068,79135,51150,60521,71321,80570,51318,44145,62092,30211,17100,81264,19178,42035,92036,2B034,28403,43003,77529,68280,11357,41286,60703,55503,57341,27077,49188,08143,91399,84093,01280,64195,07268,42165,17004,50493,87187,89009,79124,80208,52237,35291,14197,39389,73087,59572,40315,76317,53089,31356,2B361,26261,21259,07335,21234,60145,02441,46170,80195,30324,07059,59150,21575,68330,13023,28380,31019,16049,2A144,93027,76658,63148,2A108,02608,24269,65114,32303,50076,62399,81101,37107,64431,57174,43214,17172,01012,14437,71332,14218,10318,53093,71345,83138,51199,32087,63282,02727,52456,31213,77437,64271,14005,45127,54149,55366,60176,18044,62151,76327,08020,70167,31577,50512,95323,69008,18033,10065,80646,27249,18049,21386,66111,24360,17032,27516,62838,27420,61081,29255,78506,64014,60473,25015,60207,27426,51059,27396,03008,89186,71421,76396,45300,19255,70057,27392,27469,01195,86069,59215,58047,17194,12107,01425,34065,63410,78202,87142,54365,38485,39060,51600,37193,39550,78557,69113,58302,76511,87168,18107,77078,70559,46235,36209,71120,42015,62904,84062,2B321,29049,2A014,89393,52102,15129,12043,07129,86150,77250,62573,52130,27589,71061,18284,19247,07024,51230,53271,22285,21698,50335,71142,40326,02734,51625,51496,68320,15033,15076,59303,77253,58173,24276,60585,16381,33348,21186,83088,03284,62419,12071,34150,07171,40019,62221,21371,01076,54402,01231,89089,18069,54481,57440,31431,35104,51515,27193,46013,11102,59379,27163,03143,95680,63196,28007,09159,33502,14394,84135,87199,61267,62331,59595,42249,77469,52228,57101,32070,73122,09134,58253,31368,27028,61360,72093,62325,39105,16105,08013,83086,2A022,57525,74019,87082,28183,89042,61217,70314,15057,28185,47258,02079,81321,64499,54571,34060,62451,57136,55244,86213,48153,80523,43006,01320,21542,17041,59426,08486,01108,26056,88148,79128,76385,61472,78245,29042,87131,58092,67445,63050,56188,68242,34220,31111,62063,28389,83075,41276,38561,62820,02794,49161,67112,16341,89469,53062,21696,09090,77357,51430,47113,34296,21197,65283,85280,14009,46108,87028,11325,56225,39255,33416,54031,70036,26097,32203,04171,02399,24234,2B227,10387,67077,08144,56157,11194,25411,27267,22182,76380,57612,42280,77427,63406,77321,39290,36219,81228,21099,07173,05004,50626,49362,59657,23203,78117,67287,45040,59113,59606,80435,08099,67412,80812,18269,02569,37060,76176,50208,70317,77093,33510,47189,06041,38343,12009,63010,86087,31338,09080,08346,90007,52076,45170,38308,31364,68194,24144,05061,61390,58217,26065,64519,11263,31127,87062,45166,18165,70204,17229,62217,81306,76472,14635,72041,83059,33318,60583,39543,46133,89458,10262,15061,02788,51174,76375,29168,91045,46320,74295,44094,73006,32437,72017,06082,73054,78576,33378,50509,57428,49336,85288,62867,66156,55575,93046,73025,26100,70294,45135,26188,16241,65128,21340,01421,80433,73007,58045,64294,30212,25355,60423,08218,68374,46058,04150,76486,72177,67154,50643,63049,26164,21147,61459,2B218,13064,2B106,22042,63082,15072,63450,54363,64099,06012,11196,11434,74021,57324,40090,38521,24022,17228,56018,11186,60219,77472,58009,10380,43060,11202,66019,21510,71402,71541,79089,39441,13027,55045,60151,39261,45076,21308,66147,25631,22166,60348,86090,65092,62694,07141,66016,27147,52459,81061,02634,21594,70244,88045,52189,88001,31125,02570,49267,59505,82045,35033,11341,13021,89324,60287,62494,95604,49338,62218,42020,21456,15247,51443,32460,34227,71073,71244,89125,31337,64251,08156,85292,72267,84064,08158,29023,52167,57597,49329,82193,02719,33251,62768,79355,88227,37111,79284,25487,62174,16035,14374,35172,39040,33127,07248,10338,21082,28305,08160,48071,08282,04092,33149,27587,27284,40212,66222,12150,08324,85295,22075,71185,42318,34089,25029,68085,58243,13045,44139,72171,30043,61316,54312,27570,43084,03081,50156,89406,66012,95660,2A026,76726,59106,49246,24119,92032,90104,42195,60054,58162,32267,84061,23015,60296,52455,27181,57331,72329,61447,22364,2A021,87178,71507,2B337,62178,76679,28026,59425,32167,70402,07052,12240,71543,10218,52321,77489,06094,21463,70044,50049,15240,49041,27098,62843,05017,31172,18276,47226,28153,45218,59585,50599,25180,32205,46021,43217,21419,13028,43149,41130,59338,34074,51369,64016,63466,11002,58191,62538,68248,29013,14426,38401,14468,14364,03190,17432,62213,52432,12019,57588,60646,51060,26082,77292,77313,02213,91578,76208,71104,38206,49029,71404,22240,71517,37184,29047,24532,01435,41121,50110,63362,59209,62875,80223,54154,90074,21035,97121,63310,58129,36246,10308,39239,76011,93062,66216,23133,87129,09234,85179,27630,36127,62315,09244,25127,27016,27488,62143,80258,73324,58194,42085,27325,52115,10024,50025,02032,55232,59372,39489,60248,23143,19157,33132,94033,53051,63147,13061,33170,53224,60408,77255,72248,01080,80165,51493,03042,54460,39008,25453,02602,39455,09262,2B016,74297,77327,48127,15172,39430,49060,95656,86211,67080,70520,23182,27343,88205,19174,36094,95280,67008,51388,23032,62786,70576,59275,72131,24513,40116,50368,40264,63432,19170,55265,23140,43010,51179,16168,10401,59599,16048,62618,55377,11106,74213,23017,52197,37211,74156,94028,27338,58048,74131,24162,24486,22255,60589,21675,11170,80121,26251,81274,59278,27242,64060,53267,77395,72319,59128,89084,27684,12116,24067,31295,68094,54136,45281,57329,41173,80137,61392,77109,15138,22156,38089,72381,29117,85003,22287,11043,62555,30329,01308,21077,02245,63271,19065,11229,33269,26156,27218,59104,97352,02217,51326,26285,97422,21440,62457,33394,02069,48175,61256,38270,02110,40248,18183,25483,57479,55436,40201,14069,01113,23081,39025,54339,06101,54364,11240,31180,58180,83044,71079,61294,16153,67386,34321,26215,08309,57589,62736,50074,71224,52390,24472,10268,49310,34008,63293,26062,36174,72225,57191,66074,54494,45164,31145,73259,97605,62885,26127,51398,29140,65400,52172,11165,77142,70062,40279,80584,62044,88295,79210,50184,72157,02557,14687,76257,65431,65190,39134,80603,55225,35152,17186,80306,11068,10141,77268,02440,50082,35089,03053,23149,71117,57126,21230,68382,80576,24148,25467,34268,88094,32330,38254,06071,95493,39468,70122,33131,17102,64307,62645,87182,56106,72326,43170,87130,38425,39538,31367,71287,60180,33523,63385,29133,15203,27493,34335,93053,24069,21681,90101,30283,69126,77276,61068,17116,80804,67478,62319,39153,12175,73241,51017,17009,67032,45025,24057,76179,29220,54098,65412,23176,64160,30233,03209,57578,38460,89094,33207,73090,30170,05134,02056,43169,44046,64546,79147,39119,01090,69099,62328,08168,21111,67286,62834,02353,54029,40050,14760,33056,07304,80713,19177,49036,37198,61150,14735,32232,55335,57218,36071,46034,63311,71238,64123,54230,24006,53099,91114,63326,2B045,04132,63400,72088,02402,37055,67409,34208,89165,30055,63186,77409,40235,27130,87050,01078,87145,09062,38446,32357,23067,15063,60575,60119,59228,34134,11261,79308,37197,10438,88129,43041,71090,78337,02533,21056,57753,22373,09319,63353,39203,60336,11281,37213,37168,50008,62144,54440,30302,74100,60310,31136,64400,25552,19243,51632,91634,16359,52194,46098,2A035,39146,57178,64107,60581,35252,57446,02815,02712,86038,32144,87045,33420,34192,88051,62842,37171,34196,66036,15256,88517,54525,76343,74305,72137,64434,18077,21222,53164,42143,88488,38349,63135,24210,16337,61482,11389,25320,46233,2A158,61502,48086,42115,65376,47068,88497,11402,62553,30178,33210,62281,10342,80076,56172,02063,32133,71441,25536,76350,63159,67228,50182,10176,29173,60511,72339,89208,32031,37113,31326,12210,02735,48053,64524,02754,11015,57442,31477,19116,62326,58082,17112,16352,06065,63079,53077,08375,34284,89245,25092,76750,50479,28154,48063,35208,25096,65025,41215,39293,72161,59290,49358,66171,62277,80639,71484,64019,94075,57627,79274,51353,04207,35284,39266,03235,70014,59088,67467,18166,59050,65396,72174,87109,51206,29077,30327,63339,81169,83038,15067,41149,31371,58289,55288,54517,73083,60374,32241,46132,71208,58311,45157,57071,17029,25427,63092,25374,37087,05011,33486,16025,14174,57227,77110,95014,10037,26032,01257,10173,60480,62445,26031,09318,21612,43183,19186,89256,89224,07349,55572,62100,24316,47027,28059,56162,16141,85291,35338,62752,60099,19043,38177,55479,34011,19039,64373,14476,77138,58210,17154,02448,70408,53144,24349,03319,29289,29207,32131,58257,65466,72028,50447,37160,59005,49343,07298,19101,83151,42119,58293,60234,37228,16190,80460,33428,26148,04001,91080,2B020,59028,19082,24261,21254,88266,38459,95690,69121,54045,67540,90053,60609,21447,47126,27407,52403,64458,27062,67310,65045,88419,33295,18103,19108,14366,38525,73018,76088,17011,47186,05062,72343,02407,34327,46318,24167,80477,62528,67075,72331,72107,76075,95254,05108,65430,73074,57278,22003,61503,58139,40301,59440,23191,57317,67189,32127,65078,72228,60098,84071,51084,25062,86196,33527,47168,52222,03250,68254,21491,88516,40317,11321,62320,88022,21212,88293,80528,51160,85081,80735,62652,97133,28144,29070,57156,89190,85020,57603,10344,86046,71035,39576,21146,76746,27081,52090,62273,49022,10169,50033,22266,29158,22369,26160,61039,21538,05092,63008,54478,67082,39157,81207,24413,73299,44129,77496,32149,18257,33382,63291,47125,40223,76613,09243,74124,21520,09139,38429,78307,22251,42106,22178,88052,88491,56194,78586,23253,74194,10158,86191,78185,50482,59407,65237,63191,45329,42228,03078,60294,45284,88091,28237,60638,47069,16260,77177,50525,14658,26155,43233,90096,59651,54202,02143,2A249,57370,51599,67210,57374,85303,77118,56257,34041,63035,70072,27436,42150,76101,59382,54138,68118,62726,10429,54568,77264,31008,14282,03020,25502,52055,16106,65397,07085,52388,19171,43002,25196,2B155,60047,84133,61214,80088,77524,87012,76478,18236,44090,26250,55552,48151,08086,87189,61066,60115,08233,02274,62893,15122,39428,80740,10236,07028,14379,86173,07072,88020,33216,57092,42276,46339,95462,21591,65374,76591,43154,89133,11111,14758,2B280,49298,35145,60512,24054,25454,57439,63047,51609,42094,61036,68184,89197,11203,91240,51103,62613,59529,19106,03187,90063,03308,73152,02061,54105,50488,65176,15236,58268,68099,88344,08151,23008,71023,53238,2B241,36161,14681,68253,27391,80340,54221,63338,37250,23193,41185,21269,51066,02747,68273,36185,74066,39073,64289,62452,02087,01337,61053,66179,71582,32405,03087,54601,25428,40291,80377,58278,02596,57767,78263,30143,65391,02335,74142,14664,77180,53161,17360,71580,60114,68171,40170,87066,30307,25119,86041,04094,52393,41031,01103,57283,78281,44122,52514,08172,42322,12222,57236,16166,12301,34080,74111,04241,55066,22225,70460,33222,38298,59479,24279,89055,14226,50207,41178,88484,15027,16379,64387,54412,76370,38337,01267,85045,67149,74141,01043,28213,38426,89154,71124,35170,30308,47075,52134,16416,62308,02328,73187,30108,55560,27310,89167,76756,57245,63089,26278,11258,02187,19278,25077,60110,64239,17219,89248,02752,37058,29126,15162,52446,43134,52512,30121,76119,29240,71240,17295,40078,85213,31588,68295,65150,62089,11433,07328,67415,22185,12305,43257,80245,60092,21021,34337,71549,71130,38553,70502,97416,11409,84033,80507,67442,89445,58146,78334,89302,06049,38342,70035,95476,90094,21175,02146,26372,03178,28223,25310,81164,78297,23220,12160,02284,65253,81075,43109,21490,45122,03188,46001,77094,02287,69208,31321,77187,95102,03006,66109,87118,06056,57140,68043,77428,01187,42117,21281,38183,68072,45120,57002,79150,17104,95078,60100,43228,31073,45223,91421,65168,86272,13044,76097,60225,65352,45119,95176,17072,29085,01279,59558,08255,71499,49183,53045,27063,34156,21240,36136,67265,77127,41093,33036,25177,62515,16373,51162,62404,80280,07083,12145,62610,65380,30132,11081,51135,12171,57690,32027,73303,14667,11103,44020,10031,79342,73304,71522,35136,65425,35290,52135,35217,91186,64335,71515,19198,34292,58183,65079,59006,35162,22072,57296,40063,55404,25634,43225,12101,04017,2B318,07265,60683,31478,39325,18024,87038,55034,2A031,32185,95058,76221,17349,05050,38399,54128,31331,86072,23237,55002,65194,17064,32083,73255,80814,76213,54151,54167,31288,27323,59466,83009,33319,88502,35139,39381,28281,47018,57258,79273,69240,18117,74307,32423,31043,24138,52465,77370,31219,67437,60392,78465,80085,68187,67421,89220,03110,81259,82003,22249,95116,25559,71161,27067,38295,08281,18073,64300,61097,55481,57313,90102,60194,77041,77476,44035,45277,88300,18255,90061,76233,51555,58136,01219,19258,71579,87099,10211,76287,52513,55577,88157,52249,41122,06123,80384,31048,91573,14651,2A141,25591,33043,58138,15192,14245,57122,65451,65259,47269,47163,97310,60089,06048,74106,70442,60625,30338,16075,24327,60297,33352,27595,04040,29160,07123,33522,57660,24320,25103,61379,80251,43124,01121,78096,44041,54316,55322,82095,57315,37089,34010,12182,34190,18262,29139,11432,18017,05070,27649,17311,11235,55556,47119,69200,60215,71139,59153,19012,28350,57035,65010,67120,21261,21564,59638,17486,67159,57041,88175,70172,24070,57196,63227,32435,02052,18201,80475,65421,59224,80495,52027,69061,76147,15112,60186,08049,11065,37173,97104,84052,80359,17414,16112,80325,74183,67179,25418,94042,14540,84059,65048,97417,52397,42029,62302,10034,23138,80555,09025,21189,82189,26338,34028,69161,62501,72189,2B052,14756,11107,57684,34033,57674,45131,51266,61252,02085,08434,39360,32345,87092,44202,56034,77196,38499,71198,11026,18258,41258,54542,76689,62516,01064,76232,38501,89411,71274,80742,32206,29115,50384,08083,65309,28118,18142,21294,25313,28141,89282,55372,2A186,81074,65281,10320,54166,23087,07150,43099,33316,69202,97117,59183,67195,74148,43189,45038,43126,35075,80218,54020,46272,25248,66155,76420,69090,33396,77223,57380,40140,63388,45124,89422,77018,30216,65478,21198,62317,80490,84051,03036,28078,07262,74301,25305,54522,09007,71009,52528,21608,58087,44163,65304,32270,36156,70455,06020,61349,28321,01045,24335,46334,40271,53087,89024,23104,62034,34307,24543,57382,63130,55141,28400,34230,37143,63021,17415,43254,37118,53108,17323,51279,09054,71261,53242,59199,60630,37188,72151,42234,89058,2A131,06137,09073,81299,04136,83058,41150,21569,2A284,95388,66133,88189,57398,31155,57265,59562,57536,22186,60482,70372,55328,67327,57554,73059,78439,21450,64315,76364,56103,59462,93072,28239,67551,77459,21081,27201,51223,87104,46093,39191,16223,28128,60273,31196,60404,17207,35138,45242,33552,61303,03093,38044,52380,29174,27554,89086,61264,62052,65433,87169,28009,88127,24401,85008,77090,39169,63045,49099,24008,07189,50278,78009,25243,02604,57138,85289,37186,22048,02553,25053,70136,02587,95611,55058,02812,89019,21429,51129,25360,70100,50315,97610,80092,54065,54075,67358,54108,64363,86078,51479,41131,26122,11247,85302,64059,64243,51016,46076,17374,63439,77167,79293,92012,2B304,87205,29008,59516,65213,69040,72266,31187,89364,11306,63062,76534,21364,25031,60487,33164,24526,03108,35029,62592,58148,60060,51457,97607,34245,34111,28323,57618,79239,60184,57244,02424,10093,34183,78278,18249,02193,29285,16425,32273,39173,60298,55349,02832,65021,33454,33224,46146,28407,40120,92063,24048,31212,38252,28225,55307,31483,02362,50241,62580,31306,27337,19288,02027,80304,59214,71443,64173,60229,64266,24437,03025,17283,25269,57064,71100,10233,74159,50046,02184,86003,65265,76728,16090,04070,80256,2A282,85191,40129,91159,80422,45335,07145,72353,51472,87206,62780,47120,67181,50417,51620,88002,01294,23079,33304,89056,05019,76540,79012,19135,21301,88271,45065,33029,06029,22057,41198,62212,06072,07272,85142,35266,68334,24353,57237,29175,33024,82092,02216,16217,30275,61382,47232,56149,38161,02465,65349,02215,79069,03118,71333,04096,35300,62440,03232,02088,33147,30295,90065,50021,97362,91581,64518,17201,95527,04180,41114,16108,70082,61209,18154,52473,35191,62464,51337,68201,18055,51578,82152,50032,68238,45332,54504,65236,45014,34295,57032,45325,16142,40329,30319,45039,94053,88232,2B109,95039,2B365,10441,10075,21280,76001,33274,66054,02117,42194,02305,76433,14160,49174,45321,39408,39487,11288,94018,50624,45207,63208,14166,08147,34123,04160,93039,14480,03193,56044,35092,61048,38188,31096,60134,33326,46221,48015,21496,16414,09213,16194,62594,30003,76458,03124,25251,34322,65115,52141,21568,95268,59400,17381,76488,83132,48044,62907,38042,03313,55247,82043,76028,21057,45228,55395,44180,54317,78588,67375,28282,08256,07313,31425,58168,58219,63214,82111,42170,18270,76363,81176,69078,31484,38500,76672,38476,62607,72019,36065,90039,45079,31224,19037,54281,33087,03168,02433,25216,38310,39211,17358,57637,02203,85305,39171,91533,30235,68225,65100,62872,38462,27447,79259,87002,17467,2A197,33161,03248,22107,30186,41226,34073,21702,50461,71286,89405,54035,12004,07242,10096,54130,31142,55221,25571,25588,33534,33057,31538,70045,37076,40046,05023,2A038,68321,14229,73012,64033,90002,17166,72127,02319,87115,26363,51396,25523,17197,07333,85274,72230,73293,85016,38180,74157,57499,60492,03129,71497,08491,33471,51594,31339,59664,22361,78208,39345,60556,42043,11332,63011,97602,10337,80647,72194,24192,17065,76300,25494,62684,17048,14125,57396,34231,31324,67261,31589,22325,59246,43032,57478,34340,57308,18157,57043,08419,03247,39518,31123,83010,22250,55347,81110,18149,2B140,33002,17307,60146,88218,53235,71395,44021,62372,79056,80444,64127,42339,53113,05057,80440,23247,77378,11074,16295,56042,81025,77247,17240,66210,62441,64093,07329,61178,27448,54131,58171,2A349,21193,58127,33373,70399,01198,51319,07062,27625,70387,76152,10439,15030,74126,35197,71292,59201,52181,09032,32361,68265,72208,17347,15184,70220,52160,86202,26302,42157,07288,06073,39235,47002,62757,02709,88294,25139,49009,81285,52221,04026,62108,16372,69001,57173,54099,76323,02456,10013,57298,60481,59456,06075,47082,36157,02010,59542,32138,57533,11385,69070,60179,80136,18178,62633,70158,67206,60457,02002,40217,14190,48107,38516,32028,32258,76448,44192,71574,27025,55042,65419,33166,58120,38328,54030,61453,47076,16394,16076,51309,11284,37159,71546,39118,76428,28375,60001,26331,72223,2B315,28382,28253,13106,56072,21025,70335,34266,03204,08197,16279,72328,87004,24531,76745,51275,64407,59135,60552,71241,21008,10010,51282,02149,11405,09175,24271,46202,93029,70262,57730,50452,47122,11252,41189,79309,30227,72231,41267,62137,80578,60268,36004,17315,69022,28100,21273,62570,94055,28419,63236,78545,04236,31353,07229,61358,86258,17125,07019,63429,93030,07316,13001,14003,19131,57760,38169,59167,55181,56182,88498,40072,33081,24251,50222,64061,72229,28270,14163,57222,29176,60235,11191,41123,78417,55046,31207,28235,41115,63190,43113,43062,09207,09203,89072,40322,91376,60484,76005,27475,57290,57707,52332,57311,85234,53034,50612,85167,17476,86184,33337,45055,71506,2B125,94070,28178,31177,61490,64268,50288,44185,64273,30148,77480,62231,08107,70313,04172,73326,2B075,30210,62446,30087,22320,72179,83028,27679,55276,84014,09223,47128,23263,25194,56212,64291,67484,85247,27302,19111,21208,26305,95594,57518,80626,51101,21488,80334,51253,10291,61005,63464,80064,35045,54346,29107,54371,33047,41050,62631,36236,82071,40166,22020,64413,35289,02814,52304,61078,31456,09155,97214,89201,57743,35095,17480,57277,33451,66167,32219,64437,10067,71391,60293,27465,64182,42028,27668,67029,2B238,08057,70515,02309,77331,28365,03046,30046,63120,77517,74033,76519,08280,73049,21221,72038,60329,17158,61323,02664,45216,11241,31491,34068,65134,21048,87166,32316,54028,70180,39126,55255,02371,21068,62382,22307,72199,57480,40091,21158,03023,08212,55494,54067,94037,52072,02109,09218,72071,85025,37138,50024,12287,70453,22263,77106,88362,24454,65098,67414,77279,32182,42296,21415,44213,28405,72051,62004,91223,67511,06086,80423,68285,62766,14228,07070,19045,81083,80650,80431,36197,45232,07226,46008,2A062,01088,07120,62421,80684,12079,76469,37140,09254,32041,09323,59085,60595,69259,12223,76244,36092,21690,54484,17453,39026,31239,74112,60647,21528,32235,39429,60133,40022,10145,62816,61414,69252,34336,65217,46280,80690,21448,05078,36051,35105,70024,17294,28024,19277,61321,15158,36145,02668,08150,37026,82148,76703,35059,42311,62272,88192,89240,68269,86280,12296,60396,62651,32110,79042,28008,45257,81026,57620,60230,43009,38495,50130,32215,94003,33301,51655,71308,12295,15116,51395,80116,55291,55036,14710,26348,14173,64382,58154,74292,27347,64329,17106,23213,72296,25099,47294,02244,46159,24134,55541,10235,62476,24002,11412,62647,67477,60370,63099,28393,25328,10222,85304,03033,04206,31410,64104,63374,38468,89054,65329,26309,2A127,31027,67137,81087,63459,62841,80721,46148,54581,95450,63213,91599,31100,34343,39174,77455,57385,40234,05156,35108,30316,79086,52198,28103,26064,39018,95218,06063,54189,64166,97219,61049,34184,58095,23218,52305,67458,60371,59316,16121,62559,64102,12051,32132,52542,62453,81181,24111,65415,91075,25413,42313,38117,42044,39373,88530,70087,87007,76236,79216,65206,50388,54043,88088,03083,37099,69102,18204,68303,25223,17324,21171,73211,57342,39388,68192,22347,52164,63052,31563,22358,52349,37093,2A118,37201,86247,45230,82022,25065,62565,32246,31044,67135,24376,67461,64087,24395,21466,14252,78674,67522,76199,01255,62401,59627,88246,59594,31221,45348,09196,60667,21181,09099,84097,58033,31347,64144,07291,88159,03240,85067,08252,11331,22126,37013,16354,21219,42235,57510,14102,50277,16046,11265,77369,57142,84100,2B342,80224,82100,21614,64108,17208,55064,60615,41028,02439,58265,57731,37063,41225,71388,30068,73221,25520,78227,23047,51042,79177,35316,21040,70577,51036,47043,04062,58032,64070,65111,56140,43252,60387,80651,50147,41139,59042,62700,2B208,59107,50299,54540,56200,64142,90003,02180,26266,89295,10343,41118,08494,31315,10374,88495,21049,88251,87046,33061,22306,80247,19112,18018,44159,50582,76456,82025,22386,72338,77216,62744,32061,76609,39091,71137,02421,60674,38330,43056,27075,35042,18230,11001,04053,60640,85015,67027,31222,02279,33243,32298,74002,88385,31505,64393,36119,33014,39240,86123,10100,97312,13050,92004,02364,95682,39301,48177,49235,86177,32338,25109,55262,70206,51163,22127,34267,34098,09077,15128,28088,03215,44103,17253,81159,33518,46105,2B083,09229,31068,51248,57224,58169,41219,62763,16275,06133,55095,65148,59161,02773,54595,64025,80632,85260,55119,34338,61237,31079,85197,29063,80179,08355,07201,76059,16114,70296,57200,59526,85231,28188,39528,50246,76126,76202,54243,16374,03206,76177,85036,16127,71493,81033,28021,89347,67026,47145,85035,22138,31458,47304,10393,18045,14059,29035,33325,01181,50268,42105,76695,33350,2B029,22155,63472,59086,76503,50041,72386,12044,88279,21115,87090,62248,57325,16158,02762,2A247,12098,57025,24240,27320,77099,72289,26175,76457,64339,32094,37037,03243,80397,35024,76286,81309,21461,88076,57213,77430,11299,03290,89041,55466,59512,77136,52246,35195,41182,16292,2B054,25003,19158,72016,70152,14116,25275,12274,77441,80027,36068,88262,58288,61199,85050,02134,80443,21285,87033,46216,46090,38249,85296,34005,43031,73268,18216,10314,70349,50502,37073,11220,62735,39372,16169,32409,53104,53147,62701,73262,85117,59592,49371,34170,51097,19271,81069,59207,13202,21503,14084,59056,54055,27656,24366,14127,59411,03263,57677,71214,60251,66129,88351,76683,2B179,15022,32319,01101,25063,80463,82180,69281,50400,48094,2B333,71490,57750,75105,28136,21330,72034,44005,21565,39003,60118,97215,82116,31047,25005,68011,36180,47216,55079,02552,54374,32130,14064,09304,07244,27278,85259,71219,68023,88430,56255,17332,18087,34114,19008,46335,63198,74079,10234,22094,23169,02803,44016,11269,36192,57740,63173,39097,48069,04006,62665,41248,86181,02171,79058,30103,62819,62125,64298,62142,14466,27432,13041,57105,21091,59190,39577,53124,32356,63063,03208,46167,68318,14337,58050,02124,76553,05010,64290,27202,12008,71289,88254,01369,95142,40258,2A308,65319,10253,57248,76731,41157,35097,57075,41091,39412,77143,68137,53145,24448,26048,63461,13035,50225,49011,47139,31516,06149,34036,21411,80022,27011,88440,41224,60584,85214,63034,70285,46304,30342,26118,44141,76450,02515,46057,80782,59446,54596,43026,60525,74185,33082,50444,76183,88368,36181,86250,31412,62560,63132,51628,15262,51640,40147,12273,55224,03234,08148,59334,14130,23206,67398,11283,30229,37150,22175,46111,27474,76298,41029,62664,61425,61273,31217,18289,03105,65294,08185,21412,73116,16289,87037,67449,76498,57209,17137,33403,31057,25038,65355,76057,86265,23238,51604,17076,83061,15014,02172,25459,02658,21390,79204,65342,52445,71258,89390,54344,58132,66108,30337,26195,60402,17012,74116,21527,02539,38412,32204,80140,76024,25329,39420,57747,46316,67196,76214,84058,51531,39421,27312,42023,83073,51093,77011,67034,13014,80418,95002,72219,57033,27003,86091,66225,84017,59339,03287,62086,26273,44125,05036,73084,34064,42108,69245,40256,08391,58061,79277,57526,14101,77282,18264,62122,16406,59226,21085,02538,39285,26060,51047,91587,39584,02098,55566,71337,21332,80095,01138,26159,72370,48181,70421,46185,45302,28221,79250,31293,13069,80236,38005,63129,25501,08499,35302,10394,30124,89062,37257,13067,31325,61165,59089,88315,51657,2A191,56174,25361,57187,15159,90024,33277,56214,88277,76015,27605,71204,02624,35362,81117,11221,43213,57102,18124,25498,08008,57487,62796,45017,71468,76555,60211,63097,54019,29238,11388,52063,54351,16331,59333,60415,59631,52004,2B236,25386,88417,07154,60167,23162,04104,74177,13042,14579,06120,37231,2A200,02321,64531,08471,31380,52254,2A362,29274,61475,21682,14357,56131,80099,60701,69091,58144,32264,21707,62620,45288,65477,92025,21232,35327,60259,52544,62674,29165,88102,14012,21020,76443,33044,11347,55297,39185,50060,90081,09142,80791,51368,12200,80756,39423,40055,64338,64388,30209,62296,38392,23265,10076,61051,61238,60557,34063,38433,50430,59112,70319,50589,01277,69138,84148,55415,32220,12094,59059,78276,35121,89337,57065,22052,33515,89203,82144,05158,58263,09264,35116,23188,25426,68286,29028,76702,51082,69291,62692,78416,89298,62537,11318,17309,12183,31283,02050,02261,51087,11245,77343,46096,38470,07127,51085,87095,78146,58197,62790,71403,33548,78123,10427,76342,80284,59481,65318,31562,73070,80002,84085,51306,76399,91617,10028,11137,82146,31059,51644,80294,05032,68381,26033,89348,02679,77405,88092,42164,42213,67435,42299,30269,32102,73232,57640,77310,62075,47210,51539,79179,33262,57751,71002,17388,24001,85046,47051,47032,69049,67129,14117,61370,14410,26339,43185,70251,59263,70038,59482,02606,84023,89045,61190,08428,11011,53002,86299,27652,71440,50446,57555,32153,24182,65240,2B309,12251,39057,22337,80592,57590,72336,58193,19217,10198,48110,07156,77387,67092,08096,57638,43111,82004,09194,80487,48029,08336,35308,61176,67491,12261,72224,31291,59041,62649,63157,38290,71539,47278,27419,16199,71234,59269,15133,12016,40132,2A119,45061,47008,25369,62216,07040,62215,05119,80809,60121,88174,72354,39221,73205,05101,51046,79087,03057,17319,31173,60673,56244,49007,22195,32308,62045,21479,61086,01351,54566,24085,08232,85098,56006,60531,50270,04224,54242,63415,02015,01299,25622,17010,51227,15098,24034,95110,02633,39473,54036,76557,2B199,46269,56137,89307,07212,62519,62285,28184,15217,27701,65162,62025,88273,46306,89334,30354,45142,65040,25131,10307,38141,61166,27110,66105,61363,77037,77102,57113,25535,08311,07217,06025,14232,51624,61071,72276,19204,37090,89127,88120,14122,11073,08190,16103,39494,68255,69030,03278,52119,59134,27129,85095,60619,03055,80349,40070,72351,19192,36226,62855,80620,51054,46063,09212,24294,74004,62489,57704,55510,14556,88464,42062,39035,51492,28394,03212,52006,70267,47325,12280,09161,43020,50437,09236,95149,32297,74165,66009,62794,35019,67296,21694,43053,27542,80331,32151,27127,45276,43024,51447,70466,44143,54179,62895,86165,77308,68312,54251,12282,30277,63166,57202,02408,19074,24050,57493,10044,21164,25309,35008,47326,26268,88165,83124,03088,58298,80808,64168,25529,32229,54121,89321,27104,16225,97614,62316,28142,81202,65334,02255,67231,87193,17259,16059,30084,76402,40205,85110,23154,56082,38530,30002,31389,33102,52282,87174,54396,73091,37067,25595,28269,09050,77485,54338,83080,08173,52394,02251,55105,08017,47251,94067,71548,28087,61400,27321,45341,77442,59221,71532,68349,39196,59205,47245,43144,23073,50112,69029,65050,52247,58110,80484,51203,55504,39159,15059,89440,82055,32422,14575,76575,80321,59487,50442,08153,35082,24264,60437,79157,24035,12163,52200,66024,66177,60010,61324,28074,61075,60066,38554,12083,74078,76180,02322,78165,72193,61060,2B012,80472,37264,71280,45305,67490,2B231,81036,65083,38063,38309,54405,64297,45269,25073,53106,32300,91495,88310,17182,25522,81129,52062,22002,65417,21274,21670,62775,17043,41106,02527,88177,38307,72120,26139,38518,27472,59158,02209,63009,59522,95555,67351,33353,67341,95295,16145,34092,31297,53055,43212,10195,11118,55498,16180,02780,71326,72245,87191,77495,54513,86143,53188,60255,42155,25240,76642,61302,26199,52158,55258,40285,30042,94080,91284,54014,66121,11085,10054,01199,72294,26080,72270,09322,02474,06011,58248,62224,63272,06155,74219,45260,80032,80126,18211,56133,25553,19250,39129,65404,31455,08376,59318,86098,43196,26198,21096,67392,57335,31377,23146,57459,35140,28096,70249,88221,82162,89483,68329,12293,62343,18189,32018,81088,80272,28256,71510,56025,22302,61278,13012,77206,40306,61074,60232,62410,22304,27012,18011,02397,62246,52216,59497,25408,11439,88213,39317,45306,21080,52245,42269,60597,40288,79132,63358,09239,23201,01412,54392,35062,76427,59227,50176,63037,51144,08058,39418,54289,33545,12167,65196,44106,38317,05165,56207,35080,17039,76487,77165,80456,88160,81023,30033,86233,08063,55210,52146,02169,52392,09208,54135,16205,47023,34021,69290,63139,69171,71525,69271,31052,17224,24306,61193,24361,45118,41048,05183,74094,37053,77010,65248,59272,67536,03056,17018,67381,50259,80625,45334,48131,16276,03154,21397,59053,64347,25444,22286,47022,61052,55183,65220,60631,33209,32412,77146,21047,16040,65132,90031,06160,40320,28214,59211,64197,39028,02403,42237,81037,73149,59279,31421,52493,26051,61163,68241,89168,35203,62219,50567,08154,88195,80547,60254,61230,16036,21216,14043,63192,71172,41216,21687,71528,76259,71465,10073,46294,65256,24390,60332,10381,40114,91441,2B206,80753,72282,22041,09123,70535,59163,91514,61050,47065,55369,39238,71192,34326,38318,21418,80403,80478,38419,77457,57444,53074,07193,02227,82140,54468,07277,63212,65081,59296,85112,89316,27231,14506,81002,04181,59058,72293,12178,01439,14306,02205,22238,17273,48008,70179,62304,81124,97114,32053,07270,15190,55422,36235,31405,30330,31417,76739,67188,18242,01200,65208,87167,25126,02609,52310,08416,62818,53249,14111,31170,89462,47274,02419,31266,70503,43198,17335,13065,82101,59398,29076,70506,14460,76497,85061,80063,28013,37226,81222,59097,44132,46173,71246,24066,51133,57413,23113,89122,09149,01228,64428,57470,13053,21558,70162,63012,07035,92026,33176,59356,06026,15146,26092,38171,29212,59543,67003,51109,62290,11027,52003,31362,73146,33512,59530,54356,45179,60221,34138,62111,56206,06003,02141,24296,2B233,38329,53210,12064,60302,55021,07198,68281,70511,23137,21606,80752,31387,63302,14076,18047,01348,77319,27654,56210,89247,72184,2B305,08228,35342,86139,70182,50214,24418,03117,83014,72132,65043,56097,63408,34009,67229,05123,91121,40286,81313,33399,91275,14332,60598,02498,65155,83096,60065,02022,31191,17107,18245,02644,36193,35329,33343,62039,30144,11291,38250,17184,80795,27522,77148,30185,31578,12260,39348,80405,26294,74310,76504,38215,25601,60356,29135,36005,14478,62540,77479,16096,22012,16032,93013,89101,09217,16134,41070,60621,71565,02578,80018,27540,06024,22242,65266,55155,71555,22349,72026,65247,64139,02491,18021,76266,62722,55445,18227,31557,26324,51350,63253,02431,76751,58165,51255,47180,54404,60162,68005,70473,71021,2A146,62323,12227,30294,85118,62511,80609,17443,85204,88238,32278,15140,81064,51013,64220,78358,38103,14097,02722,27243,27165,95008,08076,77168,82164,26094,76561,91579,07264,69298,34293,61491,67267,22305,11154,80559,21613,13094,22295,67035,2A357,77525,2B274,16256,14566,76568,82099,86054,81090,60564,57592,37050,25170,38369,40160,28299,61351,80077,27655,72124,68110,35028,09111,27339,77271,64229,45328,28085,14565,12241,76205,27395,09041,09043,55362,43061,27103,16058,24508,60168,08341,02637,80542,55578,33012,61317,08257,2B257,45104,60644,02082,65020,59574,66234,56154,34182,14326,06059,62869,55144,32165,07269,16393,72303,42032,23148,57251,90078,24020,70197,17391,34083,01123,89425,50486,25461,29143,02677,57610,79326,62603,01429,57376,95539,72154,25304,49261,59011,29103,13107,70013,87156,61327,76074,54102,34103,87149,06016,39037,37134,10050,71390,16150,51334,61474,29195,78073,47073,51218,06093,51155,61098,51184,41252,39546,28306,27273,62069,72072,57295,24129,2B264,42089,01062,24408,40014,53182,34310,82175,77365,22299,49110,61385,16081,22281,89410,24524,34175,21087,79208,60173,62670,39140,54395,77507,85164,47203,02410,14273,28222,33387,02607,47241,67100,06031,58143,19260,61281,53269,71239,80074,81277,88290,2B176,89051,19132,24534,76652,33117,27456,30021,03032,31301,45155,39312,52025,72039,24046,86256,43085,63183,54034,60282,04018,21264,43004,41099,16291,49253,03131,72222,88374,60327,73323,47285,70116,36093,21664,32213,42207,67160,31575,65408,03210,77172,75107,54450,21103,51038,40004,23164,58013,82047,87070,29045,21368,88303,64152,33417,27206,59459,81189,78486,03262,17135,57085,55385,45307,24351,2A163,67101,80232,08479,67223,95598,54041,55124,68054,02225,35034,49003,57437,58131,78160,33084,61407,21467,59623,10347,31420,38395,06051,14552,25041,50648,66070,89040,32433,57399,88079,38488,2B072,53105,21314,34044,97131,54545,44114,64433,12075,49241,48179,02580,21097,02142,46271,66139,16030,31024,86083,67411,70184,71508,76148,49344,02577,73082,52502,66120,73330,63019,56098,89187,65181,17326,28208,31332,58017,44174,27184,71207,71394,59242,14607,60477,2B078,70572,88423,14135,24373,62202,27299,53174,42196,02749,95154,27023,37033,46092,24350,63315,33421,10339,17191,54315,30051,39444,87172,31268,63077,42076,29048,51076,42268,76602,26208,58079,77204,62378,68129,68173,52277,72111,27286,34197,04123,32160,84102,86086,73133,24538,28371,69002,07131,64449,85072,01433,67401,77498,22189,67226,50391,59364,02277,16078,76047,48128,16082,67047,74048,88280,11115,10181,03135,71370,61116,80416,54088,44164,68341,89028,21130,62870,14278,22262,43210,64050,46051,01361,68015,34334,54467,67328,81213,82097,27161,32294,37091,74026,85187,46040,46075,2A212,55511,32176,54502,51455,92050,02014,73296,2B293,02698,34323,88040,29209,54359,01356,62024,66173,18190,79057,03115,65233,71045,06077,26022,32282,62241,24082,52195,89132,24157,71531,07038,80810,33487,80704,77091,24365,89153,26059,26361,94022,60158,32142,67354,64124,66072,27658,88441,08445,72080,17290,85090,43014,80759,03245,77504,78361,28155,84099,04051,93045,29083,49012,79220,52212,77461,08427,50295,52419,32079,63334,74052,14570,40168,01185,37195,23210,28327,91468,54352,50533,73256,82134,63357,79070,23260,84032,51497,54394,17044,89315,34246,66077,02568,02107,27374,41030,40061,80686,91521,76120,10261,31357,65056,14203,64285,26377,84040,36073,23090,24123,76135,54551,38068,62541,02827,59101,26193,27563,62295,56121,56215,24263,33298,36103,65201,65109,17237,57079,26299,54431,22015,78152,77169,43152,25315,51219,05155,59144,79299,08399,87103,17024,56101,34046,67078,11328,70166,51236,10185,19047,90015,57519,23181,72153,78403,35056,86147,2A085,01227,16063,68352,80489,70005,88019,12074,84013,68036,44121,53258,60109,21037,65437,26264,30199,39229,45063,58085,51645,64337,53039,21303,73231,46044,51509,60082,68124,32394,47106,34095,08296,45274,80412,2B036,62283,33536,74010,21521,80619,85051,38222,38218,71018,04074,15009,01203,71048,70343,22315,30090,05145,81081,24164,86082,19142,54514,51608,67295,29029,24171,12027,88272,01250,62813,24338,72099,35039,25252,12010,91112,71077,79063,47276,21566,56169,62849,53143,68020,80100,55149,47302,38498,40042,62629,54165,62890,28073,58172,56248,21002,57349,28098,32280,24150,67162,62292,61274,70029,22233,43019,76110,67534,70337,73041,76049,60277,80687,24586,42090,89242,12096,60577,59151,14316,57577,65441,47175,63026,11348,27004,57069,43181,57238,55253,36216,76322,26218,03069,50543,22275,57756,97228,69254,73322,42128,67529,14483,08408,10227,14712,95488,39545,82113,61329,32107,06132,73003,47187,15114,25014,41032,21104,52151,13005,81010,46315,60317,58149,70248,63114,87061,37279,18210,10329,08476,22271,43155,25397,60527,14062,79340,14123,25049,81066,63239,71177,80517,27064,84079,89137,39124,62154,03238,40150,13046,89087,95492,21022,23001,27119,25450,02409,51453,88371,09100,40328,73229,09221,95427,59136,25211,37114,54419,64245,87086,60488,55051,17159,60274,69044,62854,64309,54018,08298,61114,80014,64228,21567,59292,67174,46259,78402,42169,40099,71125,57018,51635,67510,97110,29302,43162,02062,77244,56057,01057,64049,50101,95541,86102,63215,02715,46266,80748,72368,12192,59143,70146,07297,24277,21244,42246,03272,62831,01321,63110,21530,67336,63179,01118,47303,35247,57748,70316,91037,76749,63155,09137,25415,80173,26087,18253,39150,89065,27355,50591,68098,91540,03277,80656,67501,47034,35281,52083,72191,12257,03255,21342,41079,71413,27473,55363,86224,13079,26301,88144,76690,67133,77360,33283,03299,47086,61034,47279,30219,87049,25377,31429,77263,57384,32112,14054,60360,67489,55469,33452,55505,76006,59369,63278,30004,71200,26192,19235,23266,68219,54076,42208,2B356,42005,60558,52012,67249,18052,02640,85103,39467,09226,29216,50340,79140,61255,17132,67237,58042,21109,29271,50164,80269,51435,17188,55500,59110,80328,35287,84112,45347,25613,64147,74278,55471,65160,80159,74136,34211,03091,15185,57077,64270,80221,21647,33206,27354,47299,62318,60191,14328,25583,70366,57550,44144,86152,70286,85261,05013,54063,23235,73130,86106,39390,86051,93006,61457,28339,50002,27152,85262,26165,54464,19049,50504,11359,70303,03070,38105,78209,16084,14547,51226,51522,24317,14270,88268,23010,11406,11140,80672,28203,02558,19273,69384,67405,64539,81063,36168,01416,67063,10325,27114,50169,46030,15066,85186,21641,61085,11295,21662,52306,60239,06151,34162,46103,76227,33392,86028,72036,31140,54326,23251,55280,38422,88526,85100,15015,53222,67454,14699,76408,02447,27661,29150,51005,87138,28062,61289,86122,35317,19268,65087,17096,60070,10424,14467,80385,2A061,67216,40071,81092,60666,25475,56179,41172,08401,78068,68056,80120,32123,95627,85092,60661,32080,87197,78007,02130,81251,49195,80574,50083,51373,59045,80200,2B275,68007,08023,41188,31030,33183,80176,83027,95011,14035,86017,62675,55089,64277,64443,89011,33242,59023,51659,54094,25011,32201,27444,2B217,89147,42176,74152,89118,54083,53218,01367,63197,33270,83070,2A358,72334,09127,17411,59236,02197,01293,14496,27096,08264,79172,86156,31156,89380,21117,39100,45238,31407,67065,46204,27695,68383,55099,55116,80276,90089,76064,67346,67200,88134,57651,08452,2A285,15065,64542,21487,41295,65260,45324,02540,76707,38278,55374,29119,73097,81211,53016,69231,52276,71463,17156,84068,27415,29033,42211,77246,21165,88016,86068,44198,80573,88193,50565,41159,54079,67236,80409,16268,55396,57445,40203,46189,70027,27378,71335,57300,52030,08369,03082,63433,44158,60257,63287,27240,17389,64332,59329,22096,41132,70261,60226,53078,12093,07003,60021,66076,73193,58206,43089,59310,02208,69095,52491,26112,58226,29239,80203,32268,24479,15093,03165,57190,03009,25148,85042,24545,29286,34039,17051,91666,60212,30306,01406,51002,71571,71122,56211,44043,21028,13208,71294,76349,67517,35228,38296,16270,01117,25527,72155,28358,16343,09291,38253,46164,67022,46089,60333,63465,44169,22289,02416,81243,78406,30116,27545,79352,02739,01089,22385,62123,63093,29205,74024,02037,10089,37097,71232,26201,01243,62314,69388,31449,46142,32369,59367,35232,32209,65429,64529,02160,41112,88316,01156,89385,43163,39406,40277,71205,33322,38313,65461,67363,32118,65462,50282,72332,84035,37252,19156,50369,47115,51149,21666,80080,40037,35067,02530,83110,64190,07213,28201,56143,46175,77020,54297,01074,59138,64259,06141,72079,25573,30061,17434,95101,85115,05098,02576,02207,84139,50297,62667,07300,57261,55507,10221,81097,01099,04139,09129,82040,38030,45292,42264,04046,70574,53010,66039,59001,62654,54225,38463,03302,89368,50476,68226,57528,74164,26288,51466,22259,66063,80141,68014,27689,11022,63323,95509,41291,38036,81270,16366,23064,14239,76354,02797,55175,61148,89252,70422,80480,32186,27555,38072,38565,12052,65348,41184,73024,62037,73235,39522,33261,24220,41035,62128,35335,07260,77108,21494,42327,41065,60204,31323,65154,21483,27036,42159,32136,51548,08019,17400,65232,85159,42261,57088,88463,73261,13059,80562,67083,67255,67508,52059,27222,80059,07061,42325,16019,17252,49113,60017,28146,88264,38457,78396,70129,95504,87185,31396,59218,08352,10376,03013,79134,09124,55170,45308,88404,23124,77460,02012,14143,28105,17425,67060,08396,43046,13117,78518,60208,50372,80148,93048,14237,31163,22083,81265,25592,23200,57115,46123,88494,80166,02655,81161,57302,94052,22234,64368,59328,14093,26034,40259,94060,14087,48160,76299,35173,69191,30284,80228,02710,23259,21657,29171,71537,73053,73145,83021,03011,68006,15214,39495,76698,42200,34096,81200,41137,36046,41268,40011,27261,26216,44204,71334,27377,21112,45344,48138,04012,43083,89350,77305,38210,2A228,76038,30015,77453,21046,97129,54414,40244,82165,51446,61180,16329,27622,01110,76447,01179,69043,16097,28229,03136,56204,12164,77185,34342,42230,25425,62524,80538,85073,76422,57388,60154,23255,59348,68022,43071,84126,82127,80549,31181,69382,26002,10119,92076,57716,80132,46137,33249,06153,07032,02688,33169,31576,88283,43028,14349,66178,24252,26147,38467,55357,80778,55360,55206,32367,16334,80248,31448,60682,74119,37136,17375,53196,02512,46140,02686,34140,64556,22103,40214,69122,61001,45045,33526,65036,89463,51454,06047,86093,65263,60263,15094,34127,88038,14475,76686,62091,86289,88110,89119,52541,44050,56039,10154,29282,68160,17017,47178,14355,32212,78217,18037,34305,25295,08067,87074,72211,80596,23217,09249,52044,57108,46194,58313,31141,68342,95063,01262,26030,14167,03292,67388,68277,09058,70467,43188,2B302,15010,82037,25307,59397,86063,59360,2B169,67292,69166,24005,63005,21029,02154,63319,55196,47311,15188,50252,02019,69063,16101,04166,77464,69093,25496,70299,23120,81114,25419,90046,64361,26247,70200,23205,08456,24018,79030,27076,19083,2B289,39131,66144,39145,31252,34316,88104,64432,27685,60463,34291,62604,47272,11400,79217,47162,68151,54011,77035,75109,18218,64426,08032,11131,31278,33060,72045,37183,34278,28243,49132,42126,16397,25317,04004,37043,57717,21417,66119,2B220,84109,60126,43001,32159,91534,25314,52126,86013,87108,35165,05027,57004,54190,80605,59288,52482,02273,40252,18140,02732,10371,77493,62358,30238,44112,24130,55014,35233,67069,71267,58220,44030,76189,90022,17316,11313,40109,60304,21305,22356,87064,35248,26091,74172,43192,50506,78621,58231,15121,42153,91471,80355,68372,44022,56047,69106,80260,68375,80374,84010,02065,56114,05001,89017,76655,69096,30230,27134,88506,89075,13022,35331,60033,62668,49089,37149,65156,30056,88033,07165,59225,74197,31264,2A028,57150,50342,76305,66066,64516,52088,52235,51449,89191,80832,38101,07273,57438,41060,86246,15005,34261,29084,47253,05122,50165,14751,76415,21404,59486,08382,89375,35044,49377,68035,14276,33103,59314,67190,02392,16263,11101,88077,32100,70066,09180,88216,91038,80498,30254,19208,60361,35071,77450,57212,79357,41001,57365,84008,78591,15040,58006,82054,43251,45200,40122,26259,76344,46165,47136,02254,26190,80568,78324,26249,78653,16335,63324,80452,04050,68169,54092,41193,21646,35202,16133,12054,03021,57741,60227,90075,48091,61122,33159,01079,70545,70025,08119,70193,80519,77404,38410,22269,77069,40237,76475,88411,71249,45165,12186,55219,71020,55547,24484,23198,40097,12255,64367,70259,26213,14515,32071,18221,89261,26224,80053,23136,88103,19144,07138,34131,82183,30270,79334,27151,21315,39409,62199,80800,43182,45123,72345,61215,78300,58060,81156,36031,11370,59515,88436,03029,71058,26376,89279,37210,80119,54531,10313,45060,06035,62336,71469,81098,91136,24039,35320,31284,24214,04222,23144,36059,30293,01047,38469,25417,73204,80642,14039,66143,33122,26180,88509,22135,65113,27614,36135,80420,16135,59194,16038,86286,65137,26121,54421,49240,71376,38323,17377,25215,09034,39258,22327,95379,02697,89171,59403,32126,47222,14668,57204,01060,53135,84116,21601,30187,53198,21377,70050,51178,30304,17015,56229,72172,82114,37062,62749,28200,52089,10336,17211,16364,02541,35188,44039,65388,26206,73008,81119,53061,23041,24088,65231,58181,27091,49015,65465,50445,73031,55081,39043,83067,64052,21185,65449,91016,38107,90097,97212,09308,38084,80663,2B178,69186,69131,64325,65015,53165,61126,48099,85193,31361,45219,25271,93055,91667,18237,21589,58237,63264,63044,01184,30064,29264,14453,25379,61405,11416,73180,10017,84141,70322,76116,42285,31351,38239,76564,95429,28067,67275,61216,45062,08254,53001,31292,06135,40080,16211,52149,73107,62009,16261,62435,83079,50361,01298,10112,12056,62437,63383,79108,55013,65403,37131,88387,04229,28016,59289,89015,12063,42007,19187,33467,23034,38348,73105,73234,76521,61298,85177,60250,63002,57557,62360,22323,51250,76359,31296,24550,08024,27367,68032,17454,78455,39164,41271,24585,78193,02067,17098,61326,14206,50044,40021,08272,48116,33065,68030,31381,27324,57034,62269,28333,41283,57633,71005,77325,78206,87170,15267,76174,65187,45189,71479,39583,74250,51450,06089,51065,21644,59176,77401,60181,34224,42204,31530,63195,58276,11091,58036,54406,88409,28005,91097,87177,33311,68359,32327,30014,65251,51553,55367,19080,14754,55128,85084,47204,64081,70104,81039,35058,61011,54521,69178,62852,14543,41024,10418,51520,72216,57128,37023,14383,24014,61084,31091,05148,89267,72233,24398,63447,28296,21441,62364,67523,24081,46265,66226,32324,24007,32443,2B063,21277,55334,83102,17149,06039,54598,24056,25296,17255,62222,01454,24504,70342,02351,84149,23084,27603,02349,02725,68316,76693,64360,10445,34001,25113,85013,62468,53083,30137,40145,86203,09310,40323,26276,97116,67360,26103,55384,18095,80575,05021,46276,70539,11425,93001,31452,68119,30083,35211,24287,36030,29014,82034,74191,88529,47327,07099,21637,84050,27533,12045,40079,62690,59492,52207,95091,55167,41285,24536,49067,24569,81123,12104,54096,58037,08338,84107,50496,17151,11382,38207,51387,36055,22161,76035,71458,69010,02808,38083,42009,81279,02632,28240,64495,82013,39107,38195,74020,54182,41089,51513,47013,27219,02323,67397,84025,22243,69051,27295,18274,71427,59383,22319,78601,80278,44084,85152,88332,40040,88247,44023,32371,39511,57594,35236,32377,26041,72315,02503,27045,57461,41125,32098,76164,52506,19041,77051,18265,62127,31311,21320,59187,57466,10111,67400,31220,10127,85147,59569,66140,36025,25097,67326,02220,29098,80541,44155,80781,81024,73277,76196,62072,23187,51592,44183,24291,70240,82007,39508,62038,49114,31238,76663,74289,56111,25267,60514,24560,64527,28343,21345,76072,14541,31378,70237,51633,82084,10409,22264,60301,13212,33500,72311,59064,47263,31279,50023,22035,91109,22241,38246,62635,80118,21098,03226,14271,45316,46322,62097,76241,10278,08126,10117,54206,53073,75101,25340,37092,09002,28173,50618,14554,76717,19169,89354,47167,06128,77200,17247,51631,24525,57587,53263,71129,89064,58073,43129,77408,53214,25505,51239,33357,03100,78239,81286,71209,92048,69296,77452,36016,65053,46190,15006,74095,67233,17284,68195,40208,86149,03242,42168,03301,60137,74243,71176,01410,33143,71365,39554,49008,62126,59513,39525,67165,19207,67288,34250,23091,33385,39471,79064,2B039,33524,89081,09109,64545,73033,51241,66160,34100,54298,55356,25039,23166,81076,35280,95229,31346,57701,51491,79235,52447,71230,51663,77039,71409,18130,19162,73028,01192,71303,14452,88114,61140,21372,59434,70364,09201,08374,60618,42061,70265,18159,57147,79020,62663,34289,71300,86026,67556,52122,29101,31058,26343,52067,58283,70414,09008,02581,24347,63295,34023,27330,68379,12229,01150,51081,64244,54563,29295,29105,54218,19051,07108,03173,04138,54328,45317,29012,27235,32043,05161,29116,49248,59545,64184,62550,67268,47138,64181,31164,36050,15086,05109,06081,83133,41138,65006,28157,72369,18004,32189,21107,62506,72024,08030,09173,88407,50402,57469,97216,06148,57197,11322,78015,54442,16173,74188,90019,60684,76500,33349,82015,82102,45129,62568,79133,10053,58299,43082,24384,40243,69220,16255,62263,63343,70452,79119,07205,61063,65278,26291,79009,16229,58270,73311,38427,68101,50350,19199,66073,11209,10087,78031,67094,86300,60460,17086,86137,09037,39080,31294,01180,46198,02511,26217,81134,51134,12248,74260,43229,52108,37161,79332,55532,65395,73210,93077,74161,22050,77232,07221,39435,57595,14371,70238,31254,32245,27612,08317,22353,57714,34178,08450,39109,19284,38247,76234,68026,47207,86115,51035,39004,31116,25132,63031,90034,87071,68307,51285,63158,21660,27326,17293,16002,33393,57521,06050,02650,51413,79226,79066,47060,34283,12213,69230,33120,21355,71153,15198,04077,76641,51001,67074,89074,62172,03040,18150,77104,09305,16098,53232,07119,61251,32445,21714,23244,38271,69075,15095,50072,05053,21295,08472,55512,57149,47313,19180,78283,14538,27457,50579,70099,22084,25059,68027,78562,10030,77226,40233,72217,83060,67364,59240,14484,80186,80373,89142,05039,95543,71412,53191,36010,01149,94004,24011,07209,57558,44067,43218,34049,76727,67132,32349,85148,42214,21540,89309,83029,63153,51428,62632,33444,14381,12058,63226,78620,63184,74210,62230,86237,69268,77116,70464,80486,57276,07310,64125,60050,63027,29054,59645,21708,62469,75102,40181,81171,01081,50251,88492,31504,19006,72221,64185,21416,40028,14431,12082,50273,31049,12289,72325,22265,71415,60108,64509,34081,61291,72043,63413,59444,62449,16340,76425,60636,10389,11262,10027,62681,24231,76552,54027,57124,60160,34121,72302,31092,60391,46305,51421,72290,02296,03254,63180,07054,83001,33208,86044,08064,34171,80695,45176,66127,15147,15079,59435,62330,42134,01405,57029,70581,28424,97218,88188,74228,22032,86220,54449,08036,55108,57141,62563,31383,38397,36097,81018,26203,72182,70084,2B343,33042,62054,32391,39505,38242,36131,50457,61080,80826,01160,64555,36053,71147,02480,77385,50598,11210,02310,41113,39300,77333,51156,76545,36044,37003,54072,22054,78071,71290,64299,02551,40036,68117,77179,25626,59004,91645,39517,95157,89456,57623,24255,81280,88058,61347,76611,30044,08273,86284,17383,54301,62450,01085,39192,24307,01407,51029,61330,56112,21026,33051,79200,34201,11413,39560,38472,74133,21529,2B164,33361,14318,53240,32014,68380,64482,76398,24221,60320,52184,48048,27263,61149,11046,76250,16119,40171,29201,63205,42122,27361,50111,68338,62545,55543,03230,62173,77121,22389,24141,54420,25258,76499,38276,07020,44111,02675,51566,11368,21151,81118,72138,57624,39368,51508,42198,35141,57568,40300,30017,19216,97132,70438,58241,70292,69100,14352,48188,01143,07170,76518,63017,08104,22099,25492,16029,16077,76142,26194,48135,31493,26126,63244,14269,61072,26004,77519,91629,48149,32078,67148,13116,06097,39236,82046,65291,59253,31549,71291,67337,21576,38407,69270,21519,07347,70250,79256,03244,67049,71302,02304,31473,73188,80819,62141,77266,09097,88231,47064,30050,55087,15037,42216,62428,70153,72274,59363,32386,08059,95395,21598,11242,40133,31146,67208,23012,57423,18213,05118,37156,07101,50334,91425,54212,62073,59213,89117,51461,32158,01404,82133,80035,89006,07167,38458,91631,65105,66032,09219,12158,15026,27050,81185,21168,33077,24267,57280,64293,24386,67266,17292,97226,25558,62776,64403,57489,26311,52472,38347,10116,28346,66008,24180,88041,60072,61424,77419,55272,17463,18015,80348,51612,82068,60414,58071,80586,58198,85123,25468,67141,54115,35231,76014,02694,80535,80130,57143,35229,64419,60164,38182,19028,14743,27683,52104,12041,26252,62497,37042,02463,28194,50469,62734,08385,44053,31388,15053,21525,11135,50570,71346,88274,88228,55563,78401,09285,17308,17446,54555,88285,89432,59365,38174,21405,11418,34154,02368,2B120,80707,29137,88070,64086,34331,78084,81272,91235,03186,18061,90070,50260,21122,27670,17006,64046,63456,40180,57062,25381,40232,44221,54470,57491,57691,57733,70190,21300,78262,92024,10207,73178,59430,90026,40172,06052,38520,35124,19048,87044,61362,64038,42083,52232,22383,35065,82161,62400,02656,14027,40089,61208,39048,62466,61473,02627,30105,31543,31590,27179,07332,80056,35096,27037,02546,01134,83143,38235,68275,64078,85256,34176,28038,60485,37122,49123,02156,08250,12283,86230,36232,51613,72237,19269,02790,94021,08187,35358,04084,10022,50528,08344,41141,46177,64282,46134,88201,30326,74082,30349,97225,38556,29108,77027,47055,45077,53257,02678,91207,66230,02192,35146,06139,26133,45053,71188,67199,88064,71011,54244,22133,43018,60091,62836,61101,33154,05044,72364,70276,02230,50548,57120,61512,32157,57364,18046,24031,66045,46238,45213,63336,54172,73161,39032,22085,76225,67443,52182,32030,64304,57080,70009,24399,72052,25489,58066,88462,10215,62339,23089,19195,25046,17245,28068,28285,73128,32306,74064,36037,70301,88004,60209,76321,51303,50219,82132,26221,63177,31508,74154,57024,49180,81157,33414,57598,73140,59223,71344,59145,26070,53054,38341,58266,53230,46128,71135,11335,32016,71566,71559,62521,80036,65058,21135,59071,66064,17220,26281,77201,09309,11151,62019,25346,93061,74072,68033,28092,02157,71570,11396,33112,44173,23082,21434,19103,80395,28373,59455,26292,51485,34163,24443,16027,31067,25540,61242,71446,80043,60218,64196,09298,95652,39292,76336,30102,21255,02450,26102,60101,87190,18188,32276,63342,86244,26367,87060,39193,10346,59031,58102,82154,64429,38149,60568,76530,64192,32003,91511,81227,76513,41098,25403,49130,26036,86107,71115,71044,73302,62380,53128,13090,02778,86266,39503,13104,97204,86094,50483,16086,04144,34195,58242,50048,68107,76651,2B320,61055,86255,28409,19081,2B239,64450,24302,36140,16317,72277,41186,40299,59668,68079,40169,40189,52132,31230,85055,45033,25301,78246,28245,50634,01301,78049,77178,14501,33317,51432,27368,55303,18184,08203,45193,71420,55416,59192,62409,60478,04173,27271,76066,29202,08025,26286,52288,76409,22276,64488,02005,44102,60689,73120,17318,52298,16368,01289,29269,54446,21226,28263,51596,69154,39304,60285,60659,57570,09019,46149,40163,70290,60367,89451,34209,25382,25054,88179,16282,43166,62194,45133,70065,30164,65110,72210,80762,10326,51086,27167,61476,54141,70015,70327,60365,22288,02461,89018,60350,11213,64214,79338,90014,77225,80210,33539,45075,09031,54544,65373,52171,52488,54199,76181,31593,48042,62814,17099,23122,03016,77527,01334,80142,62139,40093,76294,59402,77392,18143,40112,30225,82044,34086,55460,23045,64552,51381,26153,46087,61243,71377,61224,64283,59115,87078,21577,63125,24131,55055,41290,70143,51126,25345,54104,27353,86172,45092,55103,23086,37130,71451,36078,59653,21715,36121,46073,67356,27586,31133,01419,32009,62804,17094,21182,95580,70426,39009,50158,21653,51313,55439,35050,23192,84053,17239,10217,40155,34155,60515,57547,73019,22143,46131,54303,83106,69076,45022,52322,81162,28423,41239,39498,76182,28058,68323,45042,52029,01265,52286,43150,09151,76460,62324,24116,62817,85138,38187,54127,01309,28367,97128,88325,66162,31270,46157,86151,61464,25155,70397,71113,09261,78322,63409,82006,59612,65385,13097,89032,02252,87031,86015,12069,80654,39250,16050,60131,65369,03176,2A189,22209,10004,88163,60381,84030,23233,59111,72252,64455,01276,53027,33198,38464,62892,72378,72373,52256,57322,15241,09128,92040,47006,76341,56045,19094,36099,59449,12028,09281,59478,24215,87120,41269,62014,88062,02542,74081,15003,37181,45201,74129,52364,08364,08283,28211,17322,12278,30159,04108,19056,29043,70430,87135,85284,07219,31583,97108,27027,19071,62329,62622,16130,07231,72227,31050,59556,25016,43007,55069,24436,24205,48112,76276,52205,95424,22093,51425,77124,78530,80322,39351,02534,32169,54073,09021,41134,70273,67057,72214,74053,07254,65139,30247,55516,70578,46210,08303,07159,06079,45005,60540,18114,17484,02374,08092,37110,57334,65279,79096,40035,60479,52396,76743,64312,01336,63379,18064,14654,54254,41180,59534,61030,01191,80134,30213,66090,02592,03267,23125,24177,45011,79105,64435,51025,80644,82188,58113,53146,10252,64442,04230,02582,58105,91507,16072,51474,24012,77173,77368,81006,71368,91247,32154,07174,71229,57333,28130,08467,27269,02390,24574,54565,02228,30134,49138,46328,02343,01290,25230,32439,76526,68019,60397,02355,38355,02689,80001,45103,57083,65322,64468,04169,76339,67330,35206,62010,86253,25597,35276,64006,15143,67335,38374,72350,73216,46239,17164,82039,34013,06070,28370,01158,57455,33229,88482,51298,04112,25402,89447,19209,19016,42304,11096,62365,02298,60603,67506,47298,54201,14138,47238,91332,22376,27428,56256,27580,62102,90054,71419,84111,77433,22009,54422,25202,02400,54294,32317,27398,50637,01209,2B192,72241,35004,51113,65007,14291,24455,30085,25263,27644,71273,76387,55257,18119,63370,62576,33069,44019,51157,43148,62503,25457,24058,34219,26083,22136,71434,11168,55284,53056,26274,71356,67424,04163,54512,37020,08426,29299,33555,47255,63424,90006,38078,38443,54407,72283,31441,67403,73228,47146,31359,10133,54222,09104,17357,39512,53264,71392,51544,39170,71583,88097,33370,76016,21437,27040,04240,21353,17298,16290,69219,28216,10310,52129,45339,80124,48031,14181,39189,89416,45034,33376,36178,88084,38081,89281,33282,79092,63421,50121,88003,26326,04016,94047,82033,85243,09056,67039,39586,14347,32147,51272,03194,10392,35068,28076,57542,03252,50166,54367,43122,63071,85019,17279,24416,60028,76345,02566,36054,45091,54597,78329,33271,47234,74070,68049,41104,01286,91216,30138,58040,10366,03148,57387,83128,10431,80468,64024,63086,67342,14678,80174,70338,39572,36096,79016,82078,34188,59164,67139,28113,29016,62053,79018,34325,19200,71482,09271,42279,63134,86048,97309,66166,76151,89016,33064,62731,76650,70061,65288,81095,19085,37221,33346,56250,48129,02674,71379,83057,02787,31592,60620,44168,25237,32224,97102,27149,10191,82050,76166,36199,53163,40260,76453,38216,35351,58245,61262,61182,58267,02730,86241,52439,89145,15221,22311,25370,85242,28006,76296,55197,17056,81205,39183,21595,05089,37009,65303,30053,89182,50109,21292,59429,31192,48096,13118,28349,22344,36056,62658,19275,62753,47296,81269,80163,29055,84101,27176,55569,21257,59265,28267,58151,02528,28293,67459,23036,31440,64176,81003,39457,88131,88180,02770,31418,40081,09177,12026,07124,54389,30048,07149,28046,2A041,80045,62408,76369,70233,77468,62784,18102,33148,36008,21310,16310,54527,24457,34047,59323,55271,43094,69098,59342,31463,97601,22280,69089,85082,65088,18217,36066,10256,32022,26240,09193,86120,26098,56128,50115,73078,77006,70202,78522,63248,46100,21034,71072,35149,15075,83145,42191,11092,54273,02129,39208,14646,24438,40121,76082,24492,14669,01288,59277,64097,71399,89394,14082,17176,79285,14491,34167,44061,42068,14745,09146,17128,34256,55365,32148,17147,31078,14096,37185,68245,17248,88200,59174,78470,71091,62727,15024,40094,25416,21248,89273,54528,78302,25145,71364,61497,22101,41261,12277,03149,37075,01252,64357,71563,90068,38208,78472,18192,89336,46229,51211,58003,62129,59188,24202,56022,27094,29038,02508,31211,74285,68326,36009,80430,73191,83033,22196,02219,60058,54409,21470,51475,31022,65235,62388,70185,56177,42331,77053,43123,74138,71183,25197,76649,87121,11193,05124,21347,59555,77515,21545,62832,80098,54268,89353,24483,54269,32057,04075,65161,65275,61164,35279,77330,02502,39289,46324,72261,40032,14284,25584,09009,59010,57132,26365,48088,06099,64422,61361,43117,93005,61284,57580,67010,70368,65116,80290,95212,02548,53057,33031,40254,42332,16377,51077,22033,01025,54508,54382,65173,71149,25047,02696,28246,83041,80244,58218,51598,60152,55172,86260,55075,32353,31350,32281,54009,62239,14244,10237,46062,33167,32309,80543,14752,25161,70157,67380,25388,74309,50387,83050,50513,12159,64194,76053,03171,31386,89098,65023,66018,54276,74051,46120,19240,61046,26205,65345,80658,71080,39365,64005,97233,41034,80215,27051,02376,57225,64430,64410,63141,26308,22363,84065,60395,46066,23103,32304,2A254,37234,54417,39328,57573,80599,52399,76195,72327,70344,25575,62805,67270,53225,47288,38200,55531,41154,81104,53265,38279,36158,72255,60429,37015,29024,48187,50016,52424,50240,31184,50209,01005,28120,52443,60405,39329,71367,70496,19120,23025,2A295,55083,33011,59078,51532,17008,30340,31501,32026,44224,63070,37278,32290,64369,55450,76732,46147,35216,08240,08490,47218,64002,2B235,25143,22202,27307,63376,39326,01066,67052,21423,29237,63064,52047,10056,08004,34003,32082,89312,76528,69248,21329,39217,24354,55154,39143,76093,62299,40164,26316,31486,83006,76379,59220,29278,09275,11384,42146,62791,27204,34199,56253,30191,46184,95313,21215,48145,22219,70222,62809,57520,64035,52240,21224,26248,67002,28385,39491,63341,80168,80160,55220,57448,02520,64267,69179,41155,86050,08328,59347,2B194,48140,80368,46115,37096,76134,08498,78550,71056,19114,56061,76086,30331,17217,80465,70283,02800,39120,54113,79322,25051,67246,67019,14389,71015,73075,80652,30041,31062,95150,59027,12095,64517,73316,53080,73170,67264,71329,30197,08061,61013,43054,58308,35356,02269,27220,06043,34085,26076,11408,92035,51382,80335,07259,04161,78349,62487,31195,32381,51586,10153,44130,02432,24297,80527,39327,76224,65280,02034,18076,06103,88141,73160,57091,76736,71327,23204,72200,23039,03162,17092,31459,14582,86059,35023,32015,46240,21036,31394,02550,60258,60153,07155,42259,64257,16254,33448,38513,52320,07095,57599,07202,77490,13073,58106,55143,60567,39279,08095,57241,71331,07317,35063,65242,52504,32001,18106,97303,78517,55109,63329,31460,23147,15134,64132,04009,63204,39116,32446,71435,70216,65407,14132,17361,58019,83045,38320,51505,28035,08010,72021,80361,74286,48155,37144,45187,75113,54471,34078,77184,14652,72260,67201,82104,67553,71538,33302,81143,22313,68324,14141,95487,01204,54582,55459,47177,68240,02121,30049,42019,56168,62249,02591,16250,63416,71466,85227,27138,06084,26191,31453,08038,33284,80488,70390,33549,40207,78420,31137,35220,80763,47109,81253,76307,18060,77059,60159,77273,41081,21700,12189,77176,39413,71521,12078,12110,81201,38526,59544,73032,33192,39054,27056,33006,64063,21379,48148,55519,70544,21649,62480,34112,35027,50535,54059,19113,40304,22360,02221,62795,23257,02302,45205,41203,62088,10426,34149,21027,16215,21468,67479,47028,26207,40111,33533,95574,81263,11078,76637,30058,2A154,14362,76554,62499,14707,15246,50593,77038,60068,86080,71585,91035,32295,22278,25446,23024,02805,10404,72292,60040,31569,39380,02151,29273,72091,38126,32419,27039,62874,80113,27107,55252,70178,80404,02741,2B185,09209,86117,59361,77423,31076,45012,66097,70562,14740,61357,85121,05114,51391,17109,65254,35166,80722,68211,38128,62903,08400,24326,21692,18273,18267,55007,76560,24160,91665,16188,27073,79254,80676,15141,63016,92033,02367,21194,27069,59152,28004,57631,35072,79337,42095,77283,86025,73141,16089,74056,11025,68332,04126,65378,57294,37039,26220,17313,54486,54071,31427,07245,35246,69123,67557,54107,54457,89482,88449,79257,34260,88395,60366,55424,22352,76108,21317,21242,10115,71561,21508,90050,27697,11371,52489,62769,57253,05094,33473,71272,51580,33066,61219,08005,59025,53247,60042,38231,55043,43160,78642,07207,18129,28193,11023,26349,54357,66180,08195,76759,48126,54390,35054,67396,31372,84137,41096,11066,33090,57009,31013,65482,71398,88042,05074,34205,85229,34157,54548,71160,49341,17297,04118,50150,51015,57583,67498,81212,51040,31041,74290,62865,68246,02493,83109,76445,29112,76670,59656,79207,80039,80811,54497,23156,11130,76740,10309,80813,16249,31447,32416,49284,46054,51534,39561,17105,24394,51424,97208,68298,49259,55336,59509,13018,82010,02823,06113,62162,67343,52325,86034,66186,16196,25422,25534,62040,46309,21155,15216,60284,60309,02458,73275,63235,43013,17057,63368,60393,38379,62356,22114,56173,22293,35168,61440,30333,15160,57007,77267,08046,29228,43242,66232,09033,17428,51371,53202,42287,33431,73189,21202,79024,62114,50532,92007,88369,67102,71347,62247,73208,89292,16061,52287,13204,79345,88511,72269,88381,88322,63394,54453,52476,40049,95610,17281,13008,26263,08435,50363,88187,28249,53186,09114,04134,50265,89266,62745,53176,62719,86178,64043,47248,68136,54183,32404,05097,21307,77272,27468,38134,30173,53008,47104,53100,91339,88501,47236,02055,57263,21062,45314,10383,69174,58186,17085,69162,37251,66214,2B157,19220,57761,64319,35110,82174,60189,80580,60471,64053,03121,32090,63473,40282,71012,24423,60205,50217,80442,14438,65052,21271,15149,31007,54515,79083,89093,27316,17199,53102,23252,73270,25278,59498,38437,54554,52468,33491,80346,62909,47265,58224,73096,36173,14041,02074,76392,07338,41054,63437,42303,79225,87088,27072,52303,38236,39394,88314,68001,39527,67278,80616,10102,57272,66220,54304,24348,31335,09232,89207,76200,02246,88100,76437,54024,18137,35091,32068,70186,15155,33094,35343,45148,78451,21432,89048,84138,14613,39259,38505,18238,19259,77190,08116,52128,26096,03048,83114,71136,95658,67282,61276,51333,64549,05178,59519,62346,57494,25191,14588,17108,47229,32299,60019,74304,24517,81237,27014,80274,60612,57593,71457,71169,27189,77391,01387,21398,02031,31442,14404,59654,46079,58244,19176,55028,80700,08348,35085,25604,65295,95447,89096,80153,80267,80677,24154,85005,27079,41110,08315,25367,37012,06053,10047,81261,79122,60147,60653,42053,50615,62209,02562,26012,02036,21655,35090,68260,25184,27454,60425,33135,74118,25259,76589,95169,70252,69234,27085,88055,88475,50464,49369,71381,10386,65456,21336,01453,40216,01148,14761,85047,67507,47021,14572,21071,88358,23194,62533,45043,24256,39141,67055,50454,45036,70134,38442,23031,33310,71450,91315,61044,80158,07053,30152,55040,46203,64295,66205,57121,02737,61448,55456,88299,22324,33188,55521,74211,77057,70111,34058,08220,33377,46254,63199,70484,48041,21552,01343,21533,18059,35319,71416,76624,90008,17363,81218,80371,87022,62055,54599,15077,51232,33279,21343,27417,76393,63349,80125,15100,04208,71167,14019,43066,73263,70554,44209,25095,59502,55330,81183,32261,10196,45250,45233,02691,35101,71542,64226,49061,31228,12007,64202,80386,24075,36194,74189,11351,56052,65026,17210,62031,70295,56219,42178,91649,22109,02308,65123,03161,46205,30177,22359,47085,59636,54355,76668,11356,41027,04037,76187,28163,57130,21183,64212,49334,41019,77026,81004,77171,60025,86205,33266,56199,51296,07237,73290,74284,84131,37035,32448,32368,77186,24456,34169,77397,91132,51327,50399,57609,11035,35239,26202,17264,48075,77534,10265,68059,76258,08071,38484,60113,80493,64453,43190,55490,70329,62253,55333,89280,69140,60605,54275,88108,27601,80777,36082,14285,27638,65219,62101,69077,21286,80751,02494,47224,42316,28190,18120,34056,68261,47179,80227,58011,51194,42152,70513,86193,62879,47150,18226,24053,25463,39202,62606,15257,73219,2B110,71535,12219,01026,19073,65316,32275,76600,06009,26106,76155,77234,14708,57670,27699,61232,62146,76738,64349,63032,01022,57111,2B087,08066,95061,60172,69187,88298,17046,66107,61261,46171,64397,58208,33071,32256,68262,95341,41293,68044,03175,51290,79149,54233,77257,14336,58080,17249,01229,85160,01432,74025,86200,29279,24403,2A323,80262,72307,64328,02275,07090,30343,36187,30171,72002,68386,50529,27453,39172,30309,82066,59142,26170,17262,91546,40193,03296,42203,59129,05055,49332,67406,25133,88198,47001,16175,38097,84046,71359,51486,55289,30126,64281,82190,62625,54495,53204,12038,59102,32328,76255,31130,19205,33503,10351,14741,19015,27536,38152,19100,77353,01291,76026,57401,62883,36069,56241,87186,37005,05038,30241,63168,72236,80461,47323,03170,80127,39534,24535,30226,58199,26117,57037,16242,54126,86158,30160,63242,45246,65119,88345,15265,64476,24105,64398,53003,30200,47267,39555,56155,68100,69018,45252,57556,50062,02593,18070,25226,59650,48136,54114,72163,65438,2B015,46251,45147,08031,88398,60201,24038,14660,76532,89349,62138,2B301,44127,38158,16326,80827,25218,16066,55443,54004,76605,41080,54602,16074,31433,46043,10280,32450,78380,25060,54445,18275,59002,76167,40067,58214,69031,14744,2A240,02751,76243,14216,71328,08320,79095,79101,28386,27692,40065,39335,59156,67559,03311,59286,28337,60056,18152,39099,60442,39387,24412,69177,79223,56252,31158,51342,37182,97305,64355,65178,28406,82074,42139,43223,33496,21616,36221,76515,90080,41260,08260,53206,25312,29111,33211,61508,87111,01237,38557,51588,08194,90032,10099,88401,84075,51360,80455,31122,87065,18054,23142,50390,26073,57203,64306,56151,62042,79166,34228,73079,67463,51142,35186,31109,15097,74163,29144,11376,85205,34032,38451,22018,62289,02380,62488,16182,51240,02041,55017,07132,13072,26104,05093,47266,17177,21060,37179,43142,64466,63327,57497,80638,08305,33016,59076,25078,76747,76514,77260,39095,67558,21180,95352,37225,61460,45150,23178,70225,85156,21325,03166,24309,14275,68282,83049,39353,19096,26105,07017,67422,14250,48095,82049,01173,61104,64305,01214,38062,71216,27132,54287,57693,38336,38560,57252,56099,51289,21615,22351,22076,38466,47305,36080,28357,32171,61283,79104,57728,62824,68013,70450,11153,27113,88197,51080,27155,03012,62206,21534,21004,78230,23057,86170,69081,36220,41249,45041,81108,51419,77248,25114,08279,17019,97112,27623,09045,21209,89400,02828,07243,21499,77421,32314,54370,38071,87114,51292,64011,82156,17097,23096,47254,2B182,05056,67212,08274,59597,21043,77070,57720,80238,14319,61332,25608,51573,16251,16009,68237,69176,52280,60128,08485,68159,60354,16384,42133,53033,57617,03227,43021,36043,53022,55378,08041,50546,89412,80556,01372,14348,94017,25108,12214,55427,71494,33254,22174,32421,43236,13039,27485,88289,69273,50155,88334,62062,37190,29267,70156,46106,57131,97421,86294,39403,76585,86099,38551,36214,16037,03034,71133,89464,03147,17312,39216,80436,10029,52415,86288,86097,32076,64026,62279,09140,43091,16421,21629,17171,49221,56237,59169,71357,80569,21088,71054,36070,36144,59579,09132,89226,54492,75112,32321,18099,50143,09252,13115,29261,88150,01283,88075,38027,11387,84118,71313,02018,67106,15213,59563,71022,70298,24501,28287,71301,86189,58054,14091,23111,46145,33238,31574,46153,78362,35245,85129,23069,70516,70320,51607,55373,08022,42175,81283,62240,25242,03189,77033,49092,24485,61336,59468,08469,71551,52278,33466,64554,36123,38224,43055,67025,50480,80101,18162,77261,88171,70423,16378,68268,23116,09228,39072,19099,54257,61123,42220,80217,81262,2A310,28362,47237,76207,29060,62626,67483,24496,23207,17338,41036,62307,14405,73095,50409,91312,89215,25384,67271,51551,10180,13071,10281,75119,22081,30125,55520,34172,31069,24142,21436,64151,52524,18173,10052,77175,66198,88090,02120,71126,81001,25321,88408,55544,86223,26271,17179,70565,59160,53158,06098,27693,28172,55484,89189,32095,25547,78444,02457,32354,47020,65463,07340,63224,80662,21101,22188,31075,27311,2B202,38545,58222,60588,41158,59109,01213,72042,52295,77134,18247,51583,48043,25414,74027,13025,65210,70550,34152,51418,65051,38223,78354,59495,54078,53250,89449,55254,37021,86295,80560,26360,64348,11021,78413,50298,11428,38127,61461,50472,68259,54423,80615,45138,71094,64322,39085,47074,05065,70234,2B184,33383,47259,72185,73110,51638,22060,31565,60483,71448,86012,28232,18215,24542,72272,17133,21167,80561,80496,53200,70481,72013,95426,28313,67128,02442,79335,91602,74107,53219,60061,14177,38486,06061,84120,29189,70310,89472,68350,74077,62061,05139,72100,61218,10216,02174,22274,29120,78502,24477,14149,18001,71178,63471,25623,65108,89379,10021,15089,77062,44223,18266,54500,19155,32092,80147,55121,17351,31544,58246,59588,38138,17233,31559,54291,04193,39437,73292,08006,19227,51220,46308,82087,02810,29146,52185,30013,21451,55222,34070,39034,24241,89391,64246,80212,07114,02106,68306,54197,35189,76601,82064,55348,35057,27109,12231,57472,73129,66080,26236,89159,66148,2B329,71141,69267,45194,57680,60501,68258,71263,32252,76665,13089,33356,51523,07290,49236,02332,44205,70388,16418,57565,32390,11187,80794,22147,27599,80803,60027,54042,53025,97220,43016,22333,79307,03203,62513,05104,42075,33543,86104,19165,88444,50289,91635,62006,77022,31010,41088,65428,37208,76634,08448,57192,79148,60430,95019,35250,31403,26321,01451,25212,72209,59305,88321,02159,60193,63059,88050,43151,58297,47066,82020,16024,08503,64136,35207,33435,52450,29109,59618,62078,21296,46104,19245,29192,30222,83094,12230,67462,81217,15110,53049,59197,84063,63289,76280,44082,28236,69297,73269,60518,30095,14241,35253,67513,17034,27560,69038,07073,01434,73182,04020,42073,65268,09314,78048,60590,01423,06038,18091,09113,76054,63131,04087,26329,72317,33123,88082,11395,02401,63001,55359,61374,07233,95018,67450,31115,54077,52201,57426,14650,40086,63219,14701,68297,76302,70280,11393,21218,06008,71584,09245,68292,16110,27584,57645,88258,60295,14393,10324,25018,01056,29134,37115,76590,01242,77533,52318,21228,10164,62840,77123,65238,81065,02189,70208,83153,64105,80579,76314,70227,31134,45013,01456,33022,14335,24473,02093,63124,31215,21348,51146,21391,50578,15235,90066,85208,21573,02125,38465,63355,67291,62672,51478,24216,2A098,15207,74016,31528,41071,49167,16220,42042,28342,70020,57692,40293,12128,86263,67524,05033,85134,04025,14046,08043,24019,65443,88391,44024,28264,63107,59219,39447,54307,19152,68210,65060,40044,60398,17435,24063,78087,89460,32194,32420,29182,35038,54345,10150,81229,63090,69132,58041,62557,67394,84106,36017,80364,65287,63436,72262,67407,70553,29280,62599,77162,50148,67329,11222,10279,29197,64492,17460,88161,79071,67156,65442,21650,58075,52519,40280,04154,76153,43201,50429,76315,07011,55004,70447,66189,14424,66103,57663,63303,45342,26327,59625,09133,24321,72305,45027,68367,16346,57754,51028,69053,19044,65085,28111,88413,24122,06069,40236,26313,73085,54262,76313,55173,16144,29250,52373,03084,31026,62792,70232,37081,77101,03144,64116,27423,39415,85151,38430,47170,45143,70195,65074,40012,17472,57287,25121,18182,17263,28170,32210,17013,60633,51110,04141,81035,65282,86169,14289,60573,78010,54510,57001,12120,58111,76238,51120,57307,97401,60559,32008,14274,72095,34050,55323,46121,61272,54530,57089,15263,12070,52084,31225,88489,72357,87014,14140,66175,59503,11012,28151,74239,35144,24573,38095,64080,22059,71489,38528,76616,51431,50232,97115,27470,77439,57667,48185,13062,71165,31302,18212,51438,13216,37105,62291,76004,67444,66124,71047,27285,79015,11212,60382,62678,06152,22284,54306,32177,51328,88037,35003,67464,97402,55546,57561,86192,17168,79306,61130,57739,58239,42227,10355,24222,36098,40333,26328,27038,52327,79002,66035,27031,57057,62771,21066,03303,15041,32355,27170,27635,60206,38409,62405,73021,64083,73301,44194,89359,14644,57058,57347,52328,67456,76260,55534,09247,37240,68378,11427,81319,59442,43050,29091,31310,59605,52357,44080,03065,31087,60493,22124,15073,51343,10295,29268,72251,31245,31152,01096,61035,69066,33443,60574,57011,26038,60223,33459,15078,97353,60199,67204,53046,58164,58024,37011,18105,39110,31445,49020,74199,73177,67088,65001,69169,22215,54271,57145,31355,47250,75110,73173,58027,40334,27527,89434,88031,24016,08340,79286,23185,26350,57358,15152,55515,35137,02487,44195,58212,80822,11086,70493,31555,30321,21395,54101,80177,45081,32398,08481,63200,16301,49223,22267,34101,52354,53127,77067,33365,68223,72143,73194,55062,22168,52031,80470,03228,51188,59162,62085,09216,2B296,23098,30180,59049,53096,77414,30335,21223,28274,97126,62868,04109,62007,78053,01071,41213,64175,60197,57332,53015,64191,04021,60378,61198,11248,77218,46018,10228,41266,19107,42050,52505,64463,17342,91195,55138,22164,85239,61304,10241,54489,49352,38449,27445,48012,51567,79032,55549,76576,06042,60617,40210,21044,85252,57452,45087,97412,94058,50489,07214,02598,03104,27405,60270,24286,38013,11404,49219,27620,55195,22371,41201,46260,58161,55388,11144,08164,71378,44010,16349,41243,67339,11272,31466,74265,47059,89378,76593,51564,02078,55343,2B334,60563,66091,42295,57702,02196,76400,89214,81052,57559,45259,46172,91100,77205,78090,52248,02290,51525,82085,70482,24381,42167,25609,02163,61445,39136,88402,70112,66157,89259,16216,18085,74267,10040,68203,50235,21667,22335,35214,17350,10422,48193,73104,24107,31088,74098,79203,91340,62363,08440,14098,60435,77122,37220,26010,79190,77435,50285,25615,08109,55022,29020,52391,28121,02303,76645,76623,12001,42174,62467,76292,10006,54049,28091,52058,04199,76721,59320,71319,10273,27182,60601,97604,65293,85223,51244,28207,69103,76412,18278,27517,35226,55158,2A008,33402,63103,31231,38209,67440,22172,64021,01177,77448,67111,66095,56043,27237,21251,10042,44063,33085,36238,76482,95094,88346,08094,32049,62759,60443,17141,56139,67387,77151,66194,27006,05115,57233,88390,44069,21356,43165,56218,19026,26289,52138,51367,68309,15151,29241,10008,51414,31567,21250,63165,59243,71268,50603,62527,95040,01254,97107,58178,80376,80784,64216,38261,31120,52037,21560,15183,61189,37154,61466,52009,33230,61481,85106,67503,38258,51349,38428,38549}","",2026-03-24 14:41:32.274366+01,gold_establishments_2025,,,,12000032800019,2025,Services de l'Etat,National,"['Ain', 'Aisne', 'Allier', 'Alpes-de-Haute-Provence', 'Hautes-Alpes', 'Alpes-Maritimes', 'Ardèche', ","['Guadeloupe', 'Martinique', 'Guyane', 'La Réunion', 'Mayotte', 'Île-de-France', 'Centre-Val de Loir",ADMIN,"{01,02,03,04,05,06,07,08,09,10,11,12,13,14,15,16,17,18,19,21,22,23,24,25,26,27,28,29,2A,2B,30,31,32,33,34,35,36,37,38,39,40,41,42,43,44,45,46,47,48,49,50,51,52,53,54,55,56,57,58,59,60,61,62,63,64,65,66,67,68,69,70,71,72,73,74,75,76,77,78,79,80,81,82,83,84,85,86,87,88,89,90,91,92,93,94,95,971,972,973,974,976}","{01,02,03,04,06,11,24,27,28,32,44,52,53,75,76,84,93,94}"
f9cf5c4a-3c08-42d3-bd29-8c426405b471,242100410,Dijon Métropole (21),false,"{21003,21105,21106,21166,21171,21192,21223,21231,21263,21270,21278,21315,21355,21370,21390,21452,21473,21481,21485,21515,21540,21605,21617}",ME,2026-03-24 14:41:49.581307+01,gold_establishments_2025,,,,24210041000123,2025,Collectivité Territoriale,Intercommunalité,"[""Côte-d'Or""]",['Bourgogne-Franche-Comté'],METRO,{21},{27}
de2be9a0-b582-4560-9a94-d43d23e59d08,220100010,Département Ain,false,"{01001,01002,01004,01005,01006,01007,01008,01009,01010,01011,01012,01013,01014,01015,01016,01017,01019,01021,01022,01023,01024,01025,01026,01027,01028,01029,01030,01031,01032,01033,01034,01035,01036,01037,01038,01040,01041,01042,01043,01044,01045,01046,01047,01049,01050,01051,01052,01053,01054,01056,01057,01058,01060,01061,01062,01063,01064,01065,01066,01067,01068,01069,01071,01072,01073,01074,01075,01076,01077,01078,01079,01080,01081,01082,01083,01084,01085,01087,01088,01089,01090,01092,01093,01094,01095,01096,01098,01099,01100,01101,01102,01103,01104,01105,01106,01107,01108,01109,01110,01111,01112,01113,01114,01115,01116,01117,01118,01121,01123,01124,01125,01127,01128,01129,01130,01133,01134,01135,01136,01138,01139,01140,01141,01142,01143,01145,01146,01147,01148,01149,01150,01151,01152,01153,01155,01156,01157,01158,01159,01160,01162,01163,01165,01166,01167,01169,01170,01171,01173,01174,01175,01177,01179,01180,01181,01183,01184,01185,01187,01188,01189,01190,01191,01192,01193,01194,01195,01196,01197,01198,01199,01200,01202,01203,01204,01206,01207,01208,01209,01210,01211,01212,01213,01214,01215,01216,01219,01224,01225,01227,01228,01229,01230,01231,01232,01233,01234,01235,01236,01237,01238,01239,01240,01241,01242,01243,01244,01245,01246,01247,01248,01249,01250,01252,01254,01255,01257,01258,01259,01260,01261,01262,01263,01264,01265,01266,01267,01268,01269,01272,01273,01274,01275,01276,01277,01279,01280,01281,01282,01283,01284,01285,01286,01288,01289,01290,01291,01293,01294,01295,01296,01297,01298,01299,01301,01302,01303,01304,01305,01306,01307,01308,01309,01310,01311,01313,01314,01317,01318,01319,01320,01321,01322,01323,01325,01328,01329,01331,01332,01333,01334,01335,01336,01337,01338,01339,01342,01343,01344,01345,01346,01347,01348,01349,01350,01351,01352,01353,01354,01355,01356,01357,01358,01359,01360,01361,01362,01363,01364,01365,01366,01367,01368,01369,01370,01371,01372,01373,01374,01375,01376,01378,01379,01380,01381,01382,01383,01384,01385,01386,01387,01388,01389,01390,01391,01392,01393,01396,01397,01398,01399,01400,01401,01402,01403,01404,01405,01406,01407,01408,01410,01411,01412,01415,01416,01418,01419,01420,01421,01422,01423,01424,01425,01426,01427,01428,01429,01430,01431,01432,01433,01434,01435,01436,01437,01439,01441,01443,01444,01445,01446,01447,01448,01449,01450,01451,01452,01453,01454,01456,01457}",DEP,2026-03-24 14:41:49.581307+01,gold_establishments_2025,,,,22010001000010,2025,Collectivité Territoriale,Département,['Ain'],['Auvergne-Rhône-Alpes'],DEP,{01},{84}
4759793f-e5ef-46e0-98c2-697498e2a2d8,220200026,Département Aisne,false,"{02001,02002,02003,02004,02005,02006,02007,02008,02009,02010,02011,02012,02013,02014,02015,02016,02017,02018,02019,02020,02021,02022,02023,02024,02025,02027,02028,02029,02030,02031,02032,02033,02034,02035,02036,02037,02038,02039,02040,02041,02042,02043,02044,02046,02047,02048,02049,02050,02051,02052,02053,02054,02055,02056,02057,02058,02059,02060,02061,02062,02063,02064,02065,02066,02067,02068,02069,02070,02071,02072,02073,02074,02075,02076,02078,02079,02080,02081,02082,02083,02084,02085,02086,02087,02088,02089,02090,02091,02093,02094,02095,02096,02097,02098,02099,02100,02101,02102,02103,02104,02105,02106,02107,02108,02109,02110,02111,02112,02114,02115,02116,02117,02118,02119,02120,02121,02122,02123,02124,02125,02126,02127,02128,02129,02130,02131,02132,02133,02134,02135,02136,02137,02138,02139,02140,02141,02142,02143,02144,02145,02146,02148,02149,02150,02151,02152,02153,02154,02155,02156,02157,02158,02159,02160,02162,02163,02164,02165,02166,02167,02168,02169,02170,02171,02172,02173,02174,02175,02176,02177,02178,02179,02180,02181,02182,02183,02184,02185,02186,02187,02188,02189,02190,02191,02192,02193,02194,02195,02196,02197,02198,02199,02200,02201,02203,02204,02205,02206,02207,02208,02209,02210,02211,02212,02213,02214,02215,02216,02217,02218,02219,02220,02221,02222,02223,02224,02225,02226,02227,02228,02229,02230,02231,02232,02233,02234,02235,02236,02237,02238,02239,02240,02241,02242,02243,02244,02245,02246,02248,02249,02250,02251,02252,02253,02254,02255,02256,02257,02258,02259,02260,02261,02262,02263,02264,02265,02266,02267,02268,02269,02270,02271,02272,02273,02274,02275,02276,02277,02278,02279,02280,02281,02282,02283,02284,02286,02287,02288,02289,02290,02291,02292,02293,02294,02295,02296,02297,02298,02299,02302,02303,02304,02305,02306,02307,02308,02309,02310,02312,02313,02315,02316,02317,02318,02319,02320,02321,02322,02323,02324,02326,02327,02328,02329,02330,02331,02332,02333,02334,02335,02336,02337,02338,02339,02340,02341,02342,02343,02345,02346,02347,02349,02350,02351,02352,02353,02354,02355,02356,02357,02358,02359,02360,02361,02362,02363,02364,02366,02367,02368,02369,02370,02371,02372,02373,02374,02375,02376,02377,02378,02379,02380,02381,02382,02383,02384,02385,02386,02387,02388,02389,02390,02391,02392,02393,02395,02396,02397,02398,02399,02400,02401,02402,02403,02404,02405,02406,02407,02408,02409,02410,02411,02412,02413,02414,02415,02416,02417,02418,02419,02420,02421,02422,02423,02424,02425,02426,02427,02428,02429,02430,02431,02432,02433,02435,02438,02439,02440,02441,02442,02443,02444,02445,02446,02447,02448,02449,02450,02451,02452,02453,02454,02455,02456,02457,02458,02459,02460,02461,02462,02463,02464,02465,02466,02467,02468,02469,02470,02471,02472,02473,02474,02476,02477,02478,02480,02481,02482,02483,02484,02485,02486,02487,02488,02489,02490,02491,02492,02493,02494,02495,02496,02497,02498,02499,02500,02501,02502,02503,02504,02505,02506,02507,02508,02509,02510,02511,02512,02513,02514,02515,02516,02517,02518,02519,02520,02521,02522,02523,02524,02525,02526,02527,02528,02529,02530,02531,02532,02533,02534,02535,02536,02537,02538,02539,02540,02541,02542,02543,02544,02545,02546,02547,02548,02549,02550,02551,02552,02553,02554,02555,02556,02557,02558,02559,02560,02561,02562,02563,02564,02565,02566,02567,02568,02569,02570,02571,02572,02573,02574,02575,02576,02577,02578,02579,02580,02581,02582,02583,02584,02585,02586,02587,02588,02589,02590,02591,02592,02593,02594,02595,02596,02598,02599,02600,02601,02602,02604,02605,02606,02607,02608,02609,02610,02612,02613,02614,02615,02616,02617,02618,02619,02620,02621,02622,02623,02624,02625,02626,02627,02628,02629,02631,02632,02633,02634,02635,02636,02637,02638,02639,02640,02641,02642,02643,02644,02645,02647,02648,02649,02650,02651,02652,02653,02654,02655,02656,02657,02658,02659,02660,02661,02662,02663,02664,02665,02666,02667,02668,02670,02671,02672,02673,02674,02675,02676,02677,02678,02679,02680,02681,02682,02683,02684,02685,02686,02687,02688,02689,02690,02691,02693,02694,02696,02697,02698,02699,02701,02702,02703,02704,02705,02706,02707,02708,02709,02710,02711,02712,02713,02714,02715,02716,02717,02718,02719,02720,02721,02722,02723,02724,02725,02726,02727,02728,02729,02730,02731,02732,02734,02735,02736,02737,02738,02739,02740,02741,02742,02743,02744,02745,02746,02747,02748,02749,02750,02751,02752,02753,02754,02755,02756,02757,02758,02759,02760,02761,02762,02763,02764,02765,02766,02767,02768,02769,02770,02772,02773,02774,02775,02776,02777,02778,02779,02780,02781,02782,02783,02784,02785,02786,02787,02788,02789,02790,02791,02792,02793,02794,02795,02796,02797,02798,02799,02800,02801,02802,02803,02804,02805,02806,02807,02808,02809,02810,02812,02813,02814,02815,02816,02817,02818,02819,02820,02821,02822,02823,02824,02826,02827,02828,02829,02830,02831,02832,02833,02834}",DEP,2026-03-24 14:41:49.581307+01,gold_establishments_2025,,,,22020002600015,2025,Collectivité Territoriale,Département,['Aisne'],['Hauts-de-France'],DEP,{02},{32}
5ac79c48-ca9f-41bc-9fe2-0de6c4297ad8,220300016,Département Allier,false,"{03001,03002,03003,03004,03005,03006,03007,03008,03009,03010,03011,03012,03013,03014,03015,03016,03017,03018,03019,03020,03021,03022,03023,03024,03025,03026,03027,03028,03029,03030,03031,03032,03033,03034,03035,03036,03037,03038,03039,03040,03041,03042,03043,03044,03045,03046,03047,03048,03049,03050,03051,03052,03053,03054,03055,03056,03057,03058,03059,03060,03061,03062,03063,03064,03065,03066,03067,03068,03069,03070,03071,03072,03073,03074,03075,03076,03077,03078,03079,03080,03081,03082,03083,03084,03085,03086,03087,03088,03089,03090,03091,03092,03093,03094,03095,03096,03097,03098,03099,03100,03101,03102,03103,03104,03105,03106,03107,03108,03109,03110,03111,03112,03113,03114,03115,03116,03117,03118,03119,03120,03121,03122,03124,03125,03126,03127,03128,03129,03130,03131,03132,03133,03134,03135,03136,03137,03138,03139,03140,03141,03142,03143,03144,03145,03146,03147,03148,03149,03150,03151,03152,03154,03155,03156,03157,03158,03159,03160,03161,03162,03163,03164,03165,03166,03167,03168,03169,03170,03171,03172,03173,03174,03175,03176,03177,03178,03179,03180,03181,03182,03183,03184,03185,03186,03187,03188,03189,03190,03191,03192,03193,03194,03195,03196,03197,03198,03200,03201,03202,03203,03204,03205,03206,03207,03208,03209,03210,03211,03212,03213,03214,03215,03216,03217,03218,03219,03220,03221,03222,03223,03224,03225,03226,03227,03228,03229,03230,03231,03232,03233,03234,03235,03236,03237,03238,03239,03240,03241,03242,03243,03244,03245,03246,03247,03248,03249,03250,03251,03252,03253,03254,03255,03256,03257,03258,03259,03260,03261,03262,03263,03264,03265,03266,03267,03268,03269,03270,03271,03272,03273,03274,03275,03276,03277,03278,03279,03280,03281,03282,03283,03284,03285,03286,03287,03288,03289,03290,03291,03292,03293,03294,03295,03296,03297,03298,03299,03300,03301,03302,03303,03304,03305,03306,03307,03308,03309,03310,03311,03312,03313,03314,03315,03316,03317,03319,03320,03321}",DEP,2026-03-24 14:41:49.581307+01,gold_establishments_2025,,,,22030001600080,2025,Collectivité Territoriale,Département,['Allier'],['Auvergne-Rhône-Alpes'],DEP,{03},{84}
382659e6-d77a-4e05-a374-87118d32bef9,220600019,Département Alpes-Maritimes,false,"{06001,06002,06003,06004,06005,06006,06007,06008,06009,06010,06011,06012,06013,06014,06015,06016,06017,06018,06019,06020,06021,06022,06023,06024,06025,06026,06027,06028,06029,06030,06031,06032,06033,06034,06035,06036,06037,06038,06039,06040,06041,06042,06043,06044,06045,06046,06047,06048,06049,06050,06051,06052,06053,06054,06055,06056,06057,06058,06059,06060,06061,06062,06063,06064,06065,06066,06067,06068,06069,06070,06071,06072,06073,06074,06075,06076,06077,06078,06079,06080,06081,06082,06083,06084,06085,06086,06087,06088,06089,06090,06091,06092,06093,06094,06095,06096,06097,06098,06099,06100,06101,06102,06103,06104,06105,06106,06107,06108,06109,06110,06111,06112,06113,06114,06115,06116,06117,06118,06119,06120,06121,06122,06123,06124,06125,06126,06127,06128,06129,06130,06131,06132,06133,06134,06135,06136,06137,06138,06139,06140,06141,06142,06143,06144,06145,06146,06147,06148,06149,06150,06151,06152,06153,06154,06155,06156,06157,06158,06159,06160,06161,06162,06163}",DEP,2026-03-24 14:41:49.581307+01,gold_establishments_2025,,,,22060001900016,2025,Collectivité Territoriale,Département,['Alpes-Maritimes'],"[""Provence-Alpes-Côte d'Azur""]",DEP,{06},{93}
057601a0-f7e1-45a1-b98a-2ae52ba84360,220400014,Département Alpes-de-Haute-Provence,false,"{04001,04004,04005,04006,04007,04008,04009,04012,04013,04016,04017,04018,04019,04020,04021,04022,04023,04024,04025,04026,04027,04028,04030,04031,04032,04033,04034,04035,04036,04037,04039,04040,04041,04042,04043,04045,04046,04047,04049,04050,04051,04053,04054,04055,04057,04058,04059,04061,04062,04063,04065,04066,04067,04068,04069,04070,04072,04073,04074,04075,04076,04077,04079,04081,04084,04085,04086,04087,04088,04090,04091,04092,04093,04094,04095,04096,04097,04099,04101,04102,04104,04106,04107,04108,04109,04110,04111,04112,04113,04115,04116,04118,04120,04121,04122,04123,04124,04126,04127,04128,04129,04130,04132,04133,04134,04135,04136,04137,04138,04139,04140,04141,04142,04143,04144,04145,04148,04149,04150,04151,04152,04154,04155,04156,04157,04158,04159,04160,04161,04162,04163,04164,04166,04167,04169,04170,04171,04172,04173,04174,04175,04176,04177,04178,04179,04180,04181,04182,04183,04184,04186,04187,04188,04189,04190,04191,04192,04193,04194,04195,04197,04199,04200,04201,04202,04203,04204,04205,04206,04207,04208,04209,04210,04211,04214,04216,04217,04218,04219,04220,04222,04224,04226,04227,04228,04229,04230,04231,04233,04234,04235,04236,04237,04240,04241,04242,04244,04245}",DEP,2026-03-24 14:41:49.581307+01,gold_establishments_2025,,,,22040001400019,2025,Collectivité Territoriale,Département,['Alpes-de-Haute-Provence'],"[""Provence-Alpes-Côte d'Azur""]",DEP,{04},{93}
4d007391-59dc-49ad-a8ef-ac8f80b442b2,220800049,Département Ardennes,false,"{08001,08003,08004,08005,08006,08008,08010,08011,08013,08014,08015,08016,08017,08018,08019,08020,08021,08022,08023,08024,08025,08026,08027,08028,08029,08030,08031,08032,08033,08034,08035,08036,08037,08038,08039,08040,08041,08043,08044,08045,08046,08047,08048,08049,08052,08053,08055,08056,08057,08058,08059,08060,08061,08062,08063,08064,08065,08066,08067,08069,08070,08071,08073,08074,08075,08076,08077,08078,08080,08081,08082,08083,08084,08085,08086,08087,08088,08089,08090,08092,08094,08095,08096,08097,08098,08099,08100,08101,08102,08103,08104,08105,08106,08107,08109,08110,08111,08113,08115,08116,08117,08119,08120,08121,08122,08123,08124,08125,08126,08128,08130,08131,08132,08133,08134,08135,08136,08137,08138,08139,08140,08141,08142,08143,08144,08145,08146,08147,08148,08149,08150,08151,08153,08154,08155,08156,08158,08159,08160,08161,08162,08163,08164,08165,08166,08167,08168,08169,08170,08171,08172,08173,08174,08175,08176,08178,08179,08180,08182,08183,08184,08185,08186,08187,08188,08189,08190,08191,08192,08193,08194,08195,08196,08197,08198,08199,08200,08201,08202,08203,08204,08205,08206,08207,08208,08209,08210,08211,08212,08214,08215,08216,08217,08218,08219,08220,08222,08223,08225,08226,08228,08229,08230,08232,08233,08234,08235,08236,08237,08238,08239,08240,08242,08243,08244,08245,08246,08247,08248,08249,08250,08251,08252,08254,08255,08256,08257,08259,08260,08262,08263,08264,08268,08269,08271,08272,08273,08274,08275,08276,08277,08278,08279,08280,08281,08282,08283,08284,08286,08287,08288,08289,08291,08293,08295,08296,08297,08298,08301,08302,08303,08304,08305,08306,08307,08308,08309,08310,08311,08312,08313,08314,08315,08316,08317,08318,08319,08320,08321,08322,08323,08324,08325,08326,08327,08328,08329,08330,08331,08332,08333,08334,08335,08336,08338,08339,08340,08341,08342,08343,08344,08346,08347,08348,08349,08350,08351,08352,08353,08354,08355,08356,08357,08358,08360,08361,08362,08363,08364,08365,08366,08367,08368,08369,08370,08372,08373,08374,08375,08376,08377,08378,08379,08380,08381,08382,08383,08384,08385,08386,08387,08388,08389,08390,08391,08392,08393,08394,08395,08396,08397,08398,08399,08400,08401,08402,08403,08404,08405,08406,08407,08408,08409,08410,08411,08412,08413,08415,08416,08417,08418,08419,08420,08421,08422,08424,08425,08426,08427,08428,08429,08430,08431,08432,08433,08434,08435,08436,08437,08438,08439,08440,08444,08445,08446,08448,08449,08450,08451,08452,08453,08454,08455,08456,08457,08458,08459,08460,08461,08462,08463,08464,08465,08466,08467,08468,08469,08470,08471,08472,08473,08476,08477,08478,08479,08480,08481,08482,08483,08484,08485,08486,08487,08488,08489,08490,08491,08492,08494,08496,08497,08498,08499,08500,08501,08502,08503}",DEP,2026-03-24 14:41:49.581307+01,gold_establishments_2025,,,,22080004900011,2025,Collectivité Territoriale,Département,['Ardennes'],['Grand Est'],DEP,{08},{44}
c064d178-22c1-435c-87be-9f5f06ebcafb,220700017,Département Ardèche,false,"{07001,07002,07003,07004,07005,07006,07007,07008,07009,07010,07011,07012,07013,07014,07015,07017,07018,07019,07020,07022,07023,07024,07025,07026,07027,07028,07029,07030,07031,07032,07033,07034,07035,07036,07037,07038,07039,07040,07041,07042,07044,07045,07047,07048,07049,07050,07051,07052,07053,07054,07055,07056,07058,07059,07060,07061,07062,07063,07064,07065,07066,07067,07068,07069,07070,07071,07072,07073,07074,07075,07076,07077,07078,07079,07080,07081,07082,07083,07084,07085,07086,07087,07088,07089,07090,07091,07092,07093,07094,07095,07096,07097,07098,07099,07100,07101,07102,07103,07104,07105,07106,07107,07108,07109,07110,07111,07112,07113,07114,07115,07116,07117,07118,07119,07120,07121,07122,07123,07124,07126,07127,07128,07129,07130,07131,07132,07133,07134,07136,07137,07138,07139,07140,07141,07142,07143,07144,07145,07146,07147,07148,07149,07150,07151,07152,07153,07154,07155,07156,07157,07158,07159,07160,07161,07162,07163,07165,07166,07167,07168,07169,07170,07171,07172,07173,07174,07175,07176,07177,07178,07179,07181,07182,07183,07184,07185,07186,07187,07188,07189,07190,07191,07192,07193,07194,07195,07196,07197,07198,07199,07200,07201,07202,07203,07204,07205,07206,07207,07208,07209,07210,07211,07212,07213,07214,07215,07216,07217,07218,07219,07220,07221,07222,07223,07224,07225,07226,07227,07228,07229,07230,07231,07232,07233,07234,07235,07236,07237,07238,07239,07240,07241,07242,07243,07244,07245,07247,07248,07249,07250,07251,07253,07254,07255,07257,07258,07259,07260,07261,07262,07263,07264,07265,07266,07267,07268,07269,07270,07272,07273,07274,07275,07276,07277,07278,07279,07280,07281,07282,07283,07284,07285,07286,07287,07288,07289,07290,07291,07292,07293,07294,07295,07296,07297,07298,07299,07300,07301,07302,07303,07304,07305,07306,07307,07308,07309,07310,07311,07312,07313,07314,07315,07316,07317,07318,07319,07321,07322,07323,07324,07325,07326,07327,07328,07329,07330,07331,07332,07333,07334,07335,07336,07337,07338,07339,07340,07341,07342,07343,07344,07345,07346,07347,07348,07349}",DEP,2026-03-24 14:41:49.581307+01,gold_establishments_2025,,,,22070001700019,2025,Collectivité Territoriale,Département,['Ardèche'],['Auvergne-Rhône-Alpes'],DEP,{07},{84}
9a85417f-8c89-424d-aa5c-cbabc60005aa,220900013,Département Ariège,false,"{09001,09002,09003,09004,09005,09006,09007,09008,09009,09011,09012,09013,09014,09015,09016,09017,09018,09019,09020,09021,09022,09023,09024,09025,09026,09027,09029,09030,09031,09032,09033,09034,09035,09037,09038,09039,09040,09041,09042,09043,09044,09045,09046,09047,09048,09049,09050,09051,09052,09053,09054,09055,09056,09057,09058,09059,09060,09061,09062,09063,09064,09065,09066,09067,09068,09069,09070,09071,09072,09073,09074,09075,09076,09077,09078,09079,09080,09081,09082,09083,09084,09085,09086,09087,09088,09089,09090,09091,09092,09093,09094,09095,09096,09097,09098,09099,09100,09101,09102,09103,09104,09105,09106,09107,09108,09109,09110,09111,09113,09114,09115,09116,09117,09118,09119,09120,09121,09122,09123,09124,09125,09126,09127,09128,09129,09130,09131,09132,09133,09134,09136,09137,09138,09139,09140,09141,09142,09143,09145,09146,09147,09148,09149,09150,09151,09152,09153,09154,09155,09156,09157,09158,09159,09160,09161,09162,09163,09164,09165,09166,09167,09168,09169,09170,09171,09172,09173,09174,09175,09176,09177,09178,09179,09180,09181,09182,09183,09184,09185,09186,09187,09188,09189,09190,09192,09193,09194,09195,09196,09197,09198,09199,09200,09201,09202,09203,09204,09205,09206,09207,09208,09209,09210,09211,09212,09213,09214,09215,09216,09217,09218,09219,09220,09221,09222,09223,09224,09225,09226,09227,09228,09229,09230,09231,09232,09233,09234,09235,09236,09237,09238,09239,09240,09241,09242,09243,09244,09245,09246,09247,09249,09250,09251,09252,09253,09254,09256,09257,09258,09259,09260,09261,09262,09263,09264,09265,09266,09267,09268,09269,09270,09271,09272,09273,09274,09275,09276,09277,09279,09280,09281,09282,09283,09284,09285,09289,09290,09291,09292,09293,09294,09295,09296,09297,09298,09299,09300,09301,09303,09304,09305,09306,09307,09308,09309,09310,09311,09312,09313,09314,09315,09316,09318,09319,09320,09321,09322,09323,09324,09325,09326,09327,09328,09329,09330,09331,09332,09334,09335,09336,09338,09339,09340,09341,09342}",DEP,2026-03-24 14:41:49.581307+01,gold_establishments_2025,,,,22090001300016,2025,Collectivité Territoriale,Département,['Ariège'],['Occitanie'],DEP,{09},{76}
d71a8224-acff-472c-8912-b64815145ce3,221000052,Département Aube,false,"{10002,10003,10004,10005,10006,10007,10008,10009,10010,10011,10012,10013,10014,10015,10017,10018,10019,10020,10021,10022,10023,10024,10025,10026,10027,10028,10029,10030,10031,10032,10033,10034,10035,10037,10038,10039,10040,10041,10042,10043,10044,10045,10046,10047,10048,10049,10050,10051,10052,10053,10054,10055,10056,10057,10058,10059,10060,10061,10062,10063,10064,10065,10066,10067,10068,10069,10070,10071,10072,10073,10074,10075,10076,10077,10078,10079,10080,10081,10082,10083,10084,10085,10086,10087,10089,10090,10091,10092,10093,10094,10095,10096,10097,10098,10099,10100,10101,10102,10103,10104,10105,10106,10107,10108,10109,10110,10111,10112,10113,10114,10115,10116,10117,10118,10119,10120,10121,10122,10123,10124,10125,10126,10127,10128,10129,10130,10131,10132,10133,10134,10135,10136,10137,10138,10139,10140,10141,10142,10143,10144,10145,10146,10147,10148,10149,10150,10151,10153,10154,10155,10156,10157,10158,10159,10160,10161,10162,10163,10164,10165,10166,10167,10168,10169,10170,10171,10172,10173,10174,10175,10176,10177,10178,10179,10180,10181,10182,10183,10184,10185,10186,10187,10188,10189,10190,10191,10192,10193,10194,10195,10196,10197,10198,10199,10200,10201,10202,10203,10204,10205,10206,10207,10208,10209,10210,10211,10212,10213,10214,10215,10216,10217,10218,10219,10220,10221,10222,10223,10224,10225,10226,10227,10228,10229,10230,10231,10232,10233,10234,10235,10236,10237,10238,10239,10240,10241,10242,10243,10245,10246,10247,10248,10249,10250,10251,10252,10253,10254,10255,10256,10257,10258,10259,10260,10261,10262,10263,10264,10265,10266,10267,10268,10269,10270,10271,10272,10273,10274,10275,10276,10278,10279,10280,10281,10282,10283,10284,10285,10286,10287,10288,10289,10290,10291,10293,10294,10295,10296,10297,10298,10299,10300,10301,10302,10303,10304,10305,10306,10307,10308,10309,10310,10312,10313,10314,10315,10316,10317,10318,10319,10320,10321,10323,10324,10325,10326,10327,10328,10329,10330,10331,10332,10333,10334,10335,10336,10337,10338,10339,10340,10341,10342,10343,10344,10345,10346,10347,10348,10349,10350,10351,10352,10353,10354,10355,10356,10357,10358,10359,10360,10361,10362,10363,10364,10365,10366,10367,10368,10369,10370,10371,10372,10373,10374,10375,10376,10377,10378,10379,10380,10381,10382,10383,10384,10386,10387,10388,10389,10390,10391,10392,10393,10394,10395,10396,10397,10398,10399,10400,10401,10402,10403,10404,10405,10406,10408,10409,10410,10411,10412,10414,10416,10417,10418,10419,10420,10421,10422,10423,10424,10425,10426,10427,10428,10429,10430,10431,10432,10433,10434,10435,10436,10437,10438,10439,10440,10441,10442,10443,10444,10445}",DEP,2026-03-24 14:41:49.581307+01,gold_establishments_2025,,,,22100005200011,2025,Collectivité Territoriale,Département,['Aube'],['Grand Est'],DEP,{10},{44}
c71c914c-5ea2-40ba-925f-a2b731573dfb,221100019,Département Aude,false,"{11001,11002,11003,11004,11005,11006,11007,11008,11009,11010,11011,11012,11013,11014,11015,11016,11017,11018,11019,11020,11021,11022,11023,11024,11025,11026,11027,11028,11029,11030,11031,11032,11033,11034,11035,11036,11037,11038,11039,11040,11041,11042,11043,11044,11045,11046,11047,11048,11049,11051,11052,11053,11054,11055,11056,11057,11058,11059,11060,11061,11062,11063,11064,11065,11066,11067,11068,11069,11070,11071,11072,11073,11074,11075,11076,11077,11078,11079,11080,11081,11082,11083,11084,11085,11086,11087,11088,11089,11090,11091,11092,11093,11094,11095,11096,11098,11099,11100,11101,11102,11103,11104,11105,11106,11107,11108,11109,11110,11111,11112,11113,11114,11115,11116,11117,11118,11119,11120,11121,11122,11123,11124,11125,11126,11127,11128,11129,11130,11131,11132,11133,11134,11135,11136,11137,11138,11139,11140,11141,11142,11143,11144,11145,11146,11147,11148,11149,11150,11151,11152,11153,11154,11155,11156,11157,11158,11159,11160,11161,11162,11163,11164,11165,11166,11167,11168,11169,11170,11172,11173,11174,11175,11176,11177,11178,11179,11180,11181,11182,11183,11184,11185,11186,11187,11188,11189,11190,11191,11192,11193,11194,11195,11196,11197,11198,11199,11200,11201,11202,11203,11204,11205,11206,11207,11208,11209,11210,11211,11212,11213,11214,11215,11216,11217,11218,11219,11220,11221,11222,11223,11224,11225,11226,11227,11228,11229,11230,11231,11232,11233,11234,11235,11236,11238,11239,11240,11241,11242,11243,11244,11245,11246,11247,11248,11249,11250,11251,11252,11253,11254,11255,11256,11257,11258,11259,11260,11261,11262,11263,11264,11265,11266,11267,11268,11269,11270,11271,11272,11273,11274,11275,11276,11277,11278,11279,11280,11281,11282,11283,11284,11285,11286,11287,11288,11289,11290,11291,11292,11293,11294,11295,11296,11297,11299,11300,11301,11302,11303,11304,11305,11306,11307,11308,11309,11310,11311,11312,11313,11314,11315,11316,11317,11318,11319,11320,11321,11322,11323,11324,11325,11326,11327,11328,11330,11331,11332,11333,11334,11335,11336,11337,11338,11339,11340,11341,11342,11343,11344,11345,11346,11347,11348,11350,11351,11352,11353,11354,11355,11356,11357,11358,11359,11360,11361,11362,11363,11364,11365,11366,11367,11368,11369,11370,11371,11372,11373,11374,11375,11376,11377,11378,11379,11380,11381,11382,11383,11384,11385,11386,11387,11388,11389,11390,11391,11392,11393,11394,11395,11396,11397,11398,11399,11400,11401,11402,11404,11405,11406,11407,11408,11409,11410,11411,11412,11413,11414,11415,11416,11417,11418,11419,11420,11421,11422,11423,11424,11425,11426,11427,11428,11429,11430,11431,11432,11433,11434,11435,11436,11437,11438,11439,11440,11441}",DEP,2026-03-24 14:41:49.581307+01,gold_establishments_2025,,,,22110001900019,2025,Collectivité Territoriale,Département,['Aude'],['Occitanie'],DEP,{11},{76}
445769d4-2474-418e-b395-d64078f83e66,221200017,Département Aveyron,false,"{12001,12002,12003,12004,12006,12007,12008,12009,12010,12011,12012,12013,12015,12016,12017,12018,12019,12021,12022,12023,12024,12025,12026,12027,12028,12029,12030,12031,12032,12033,12034,12035,12036,12037,12038,12039,12041,12042,12043,12044,12045,12046,12047,12048,12049,12050,12051,12052,12053,12054,12055,12056,12057,12058,12059,12060,12061,12062,12063,12064,12065,12066,12067,12068,12069,12070,12071,12072,12073,12074,12075,12077,12078,12079,12080,12082,12083,12084,12085,12086,12088,12089,12090,12091,12092,12093,12094,12095,12096,12097,12098,12099,12100,12101,12102,12103,12104,12105,12106,12107,12108,12109,12110,12111,12113,12115,12116,12118,12119,12120,12121,12122,12124,12125,12127,12128,12129,12130,12131,12133,12134,12135,12136,12137,12138,12139,12140,12141,12142,12143,12144,12145,12146,12147,12148,12149,12150,12151,12152,12153,12154,12155,12156,12157,12158,12159,12160,12161,12162,12163,12164,12165,12166,12167,12168,12169,12170,12171,12172,12174,12175,12176,12177,12178,12179,12180,12181,12182,12183,12184,12185,12186,12187,12188,12189,12190,12191,12192,12193,12194,12195,12197,12198,12199,12200,12201,12202,12203,12204,12205,12206,12207,12208,12209,12210,12211,12212,12213,12214,12215,12216,12217,12219,12220,12221,12222,12223,12224,12225,12226,12227,12228,12229,12230,12231,12232,12233,12234,12235,12236,12237,12238,12239,12240,12241,12242,12243,12244,12246,12247,12248,12249,12250,12251,12252,12253,12254,12255,12256,12257,12258,12259,12260,12261,12262,12263,12264,12265,12266,12267,12268,12269,12270,12272,12273,12274,12275,12276,12277,12278,12280,12281,12282,12283,12284,12286,12287,12288,12289,12290,12291,12292,12293,12294,12295,12296,12297,12298,12299,12300,12301,12303,12305,12307}",DEP,2026-03-24 14:41:49.581307+01,gold_establishments_2025,,,,22120001700012,2025,Collectivité Territoriale,Département,['Aveyron'],['Occitanie'],DEP,{12},{76}
0acd94ae-9510-45a8-b9e5-b64b84390d62,221300015,Département Bouches-du-Rhône,false,"{13001,13002,13003,13004,13005,13006,13007,13008,13009,13010,13011,13012,13013,13014,13015,13016,13017,13018,13019,13020,13021,13022,13023,13024,13025,13026,13027,13028,13029,13030,13031,13032,13033,13034,13035,13036,13037,13038,13039,13040,13041,13042,13043,13044,13045,13046,13047,13048,13049,13050,13051,13052,13053,13054,13055,13056,13057,13058,13059,13060,13061,13062,13063,13064,13065,13066,13067,13068,13069,13070,13071,13072,13073,13074,13075,13076,13077,13078,13079,13080,13081,13082,13083,13084,13085,13086,13087,13088,13089,13090,13091,13092,13093,13094,13095,13096,13097,13098,13099,13100,13101,13102,13103,13104,13105,13106,13107,13108,13109,13110,13111,13112,13113,13114,13115,13116,13117,13118,13119,13201,13202,13203,13204,13205,13206,13207,13208,13209,13210,13211,13212,13213,13214,13215,13216}",DEP,2026-03-24 14:41:49.581307+01,gold_establishments_2025,,,,22130001500247,2025,Collectivité Territoriale,Département,['Bouches-du-Rhône'],"[""Provence-Alpes-Côte d'Azur""]",DEP,{13},{93}
79e7ec16-287b-44d7-9416-5079bae43e09,221401185,Département Calvados,false,"{14001,14003,14005,14006,14007,14009,14012,14014,14015,14016,14019,14020,14021,14022,14023,14024,14025,14026,14027,14030,14032,14033,14034,14035,14036,14037,14038,14039,14040,14041,14042,14043,14044,14045,14046,14047,14049,14050,14053,14054,14055,14057,14059,14060,14061,14062,14063,14064,14066,14068,14069,14070,14076,14077,14078,14079,14080,14082,14083,14084,14085,14086,14087,14088,14089,14090,14091,14092,14093,14096,14097,14098,14100,14101,14102,14103,14104,14106,14107,14110,14111,14116,14117,14118,14119,14120,14121,14122,14123,14124,14125,14126,14127,14130,14131,14132,14134,14135,14136,14137,14138,14140,14141,14143,14145,14146,14147,14149,14150,14159,14160,14161,14162,14163,14165,14166,14167,14168,14169,14171,14172,14173,14174,14175,14177,14179,14180,14181,14182,14183,14184,14190,14191,14193,14194,14195,14196,14197,14198,14200,14202,14203,14204,14205,14206,14207,14209,14211,14214,14215,14216,14218,14220,14221,14223,14224,14225,14226,14227,14228,14229,14230,14231,14232,14236,14237,14238,14239,14240,14241,14242,14243,14244,14245,14246,14248,14249,14250,14251,14252,14254,14256,14257,14258,14260,14261,14266,14269,14270,14271,14272,14273,14274,14275,14276,14277,14278,14280,14281,14282,14283,14284,14285,14286,14287,14288,14289,14290,14291,14293,14297,14298,14299,14301,14302,14303,14304,14305,14306,14308,14309,14310,14311,14312,14316,14318,14319,14320,14322,14325,14326,14327,14328,14329,14332,14333,14334,14335,14336,14337,14338,14341,14342,14343,14344,14345,14346,14347,14348,14349,14352,14353,14354,14355,14357,14358,14360,14362,14364,14365,14366,14367,14368,14369,14370,14371,14374,14375,14377,14378,14379,14380,14381,14383,14384,14385,14389,14390,14391,14393,14394,14396,14397,14398,14399,14400,14401,14402,14403,14404,14405,14406,14407,14408,14409,14410,14411,14412,14419,14421,14424,14425,14426,14427,14430,14431,14435,14436,14437,14438,14439,14445,14446,14448,14449,14452,14453,14454,14455,14456,14457,14458,14460,14461,14465,14466,14467,14468,14469,14473,14474,14475,14476,14478,14480,14482,14483,14484,14486,14487,14488,14491,14492,14494,14495,14496,14497,14498,14499,14500,14501,14502,14504,14506,14509,14510,14511,14512,14514,14515,14516,14519,14520,14522,14524,14527,14528,14529,14530,14531,14533,14534,14535,14536,14538,14540,14541,14542,14543,14546,14547,14550,14552,14554,14555,14556,14557,14558,14559,14562,14563,14565,14566,14569,14570,14571,14572,14574,14575,14576,14578,14579,14582,14586,14587,14588,14589,14590,14591,14592,14593,14595,14598,14601,14602,14603,14605,14606,14607,14609,14610,14613,14614,14619,14620,14621,14622,14625,14626,14627,14630,14635,14637,14639,14640,14643,14644,14645,14646,14648,14649,14650,14651,14652,14654,14656,14657,14658,14659,14660,14661,14663,14664,14665,14666,14667,14668,14669,14672,14674,14675,14676,14677,14678,14679,14680,14681,14682,14684,14685,14687,14689,14692,14694,14698,14699,14700,14701,14705,14706,14707,14708,14709,14710,14711,14712,14713,14714,14715,14716,14719,14720,14721,14723,14724,14726,14728,14731,14732,14733,14734,14735,14737,14738,14739,14740,14741,14742,14743,14744,14745,14747,14748,14751,14752,14753,14754,14755,14756,14758,14759,14760,14761,14762,14764}",DEP,2026-03-24 14:41:49.581307+01,gold_establishments_2025,,,,22140118500014,2025,Collectivité Territoriale,Département,['Calvados'],['Normandie'],DEP,{14},{28}
af79dc36-da0a-4606-bcc9-5589a9741e7d,221500010,Département Cantal,false,"{15001,15002,15003,15004,15005,15006,15007,15008,15009,15010,15011,15012,15013,15014,15015,15016,15017,15018,15019,15020,15021,15022,15024,15025,15026,15027,15028,15029,15030,15032,15033,15034,15036,15037,15038,15040,15041,15042,15043,15045,15046,15048,15049,15050,15051,15052,15053,15054,15055,15056,15057,15058,15059,15060,15061,15063,15064,15065,15066,15067,15069,15070,15072,15073,15074,15075,15076,15077,15078,15079,15080,15081,15082,15083,15084,15085,15086,15087,15088,15089,15090,15091,15092,15093,15094,15095,15096,15097,15098,15100,15101,15102,15103,15104,15105,15106,15107,15108,15110,15111,15112,15113,15114,15116,15117,15118,15119,15120,15121,15122,15123,15124,15125,15126,15127,15128,15129,15130,15131,15132,15133,15134,15135,15137,15138,15139,15140,15141,15142,15143,15144,15146,15147,15148,15149,15151,15152,15153,15154,15155,15156,15157,15158,15159,15160,15161,15162,15163,15164,15165,15166,15167,15168,15169,15170,15172,15173,15174,15175,15176,15178,15179,15180,15181,15182,15183,15184,15185,15186,15187,15188,15189,15190,15191,15192,15194,15196,15198,15199,15200,15201,15202,15203,15204,15205,15206,15207,15208,15209,15211,15212,15213,15214,15215,15216,15217,15218,15219,15220,15221,15222,15223,15224,15225,15226,15228,15229,15230,15231,15232,15233,15234,15235,15236,15237,15238,15240,15241,15242,15243,15244,15245,15246,15247,15248,15249,15250,15251,15252,15253,15254,15255,15256,15257,15258,15259,15260,15261,15262,15263,15264,15265,15266,15267,15268,15269}",DEP,2026-03-24 14:41:49.581307+01,gold_establishments_2025,,,,22150001000014,2025,Collectivité Territoriale,Département,['Cantal'],['Auvergne-Rhône-Alpes'],DEP,{15},{84}
74d261e6-8fa2-4429-89b9-2490b4592811,221600018,Département Charente,false,"{16001,16002,16003,16005,16007,16008,16009,16011,16012,16013,16014,16015,16016,16018,16019,16020,16023,16024,16025,16026,16027,16028,16029,16030,16031,16032,16034,16035,16036,16037,16038,16039,16040,16041,16042,16044,16045,16046,16047,16048,16049,16050,16052,16053,16054,16055,16056,16057,16058,16059,16060,16061,16062,16063,16064,16065,16066,16067,16068,16069,16070,16071,16072,16073,16074,16075,16076,16077,16078,16079,16081,16082,16083,16084,16085,16086,16087,16088,16089,16090,16091,16093,16095,16096,16097,16098,16099,16100,16101,16102,16103,16104,16105,16106,16107,16108,16109,16110,16111,16112,16113,16114,16116,16117,16118,16119,16120,16121,16122,16123,16124,16125,16127,16128,16130,16131,16132,16133,16134,16135,16136,16137,16138,16139,16141,16142,16143,16144,16145,16146,16148,16150,16151,16152,16153,16154,16155,16157,16158,16160,16161,16162,16163,16164,16165,16166,16167,16168,16169,16170,16171,16173,16174,16175,16176,16177,16178,16180,16181,16182,16183,16184,16185,16186,16187,16188,16189,16190,16191,16192,16193,16194,16195,16196,16197,16198,16199,16200,16203,16204,16205,16206,16207,16208,16209,16210,16211,16212,16213,16215,16216,16217,16218,16220,16221,16222,16223,16224,16225,16227,16229,16230,16231,16232,16233,16234,16236,16237,16239,16240,16241,16242,16243,16244,16245,16246,16248,16249,16250,16251,16252,16253,16254,16255,16256,16258,16260,16261,16263,16264,16267,16268,16269,16270,16271,16272,16273,16275,16276,16277,16279,16280,16281,16282,16283,16284,16285,16286,16287,16289,16290,16291,16292,16293,16295,16297,16298,16300,16301,16302,16303,16304,16306,16307,16308,16310,16312,16315,16316,16317,16318,16320,16321,16323,16325,16326,16329,16330,16331,16334,16335,16336,16337,16338,16339,16340,16341,16342,16343,16345,16346,16347,16348,16349,16350,16352,16353,16354,16356,16357,16358,16359,16360,16361,16362,16363,16364,16365,16366,16368,16369,16370,16372,16373,16374,16375,16377,16378,16379,16380,16381,16382,16383,16384,16385,16387,16388,16389,16390,16392,16393,16394,16395,16396,16397,16398,16399,16400,16401,16402,16403,16404,16405,16406,16408,16409,16412,16413,16414,16415,16416,16418,16419,16420,16421,16422,16423,16424,16425}",DEP,2026-03-24 14:41:49.581307+01,gold_establishments_2025,,,,22160001800016,2025,Collectivité Territoriale,Département,['Charente'],['Nouvelle-Aquitaine'],DEP,{16},{75}
e3dba514-8f2b-4499-a001-d5bee8ecbc2e,221700016,Département Charente-Maritime,false,"{17002,17003,17004,17005,17006,17007,17008,17009,17010,17011,17012,17013,17015,17016,17017,17018,17019,17020,17021,17022,17023,17024,17025,17026,17027,17028,17029,17030,17031,17032,17033,17034,17035,17036,17037,17038,17039,17041,17042,17043,17044,17045,17046,17047,17048,17049,17050,17051,17052,17053,17054,17055,17056,17057,17058,17059,17060,17061,17062,17063,17064,17065,17066,17067,17068,17069,17070,17071,17072,17073,17074,17075,17076,17077,17078,17079,17080,17081,17082,17083,17084,17085,17086,17087,17089,17091,17092,17093,17094,17095,17096,17097,17098,17099,17100,17101,17102,17104,17105,17106,17107,17108,17109,17110,17111,17112,17113,17114,17115,17116,17117,17118,17119,17120,17121,17122,17124,17125,17126,17127,17128,17129,17130,17131,17132,17133,17134,17135,17136,17137,17138,17139,17140,17141,17142,17143,17145,17146,17147,17148,17149,17150,17151,17152,17153,17154,17155,17156,17157,17158,17159,17160,17161,17162,17163,17164,17165,17166,17167,17168,17171,17172,17173,17174,17175,17176,17177,17178,17179,17180,17181,17182,17183,17184,17185,17186,17187,17188,17190,17191,17192,17193,17194,17195,17196,17197,17198,17199,17200,17201,17202,17203,17204,17205,17206,17207,17208,17209,17210,17211,17212,17213,17214,17215,17216,17217,17218,17219,17220,17221,17222,17223,17224,17225,17226,17227,17228,17229,17230,17231,17232,17233,17234,17235,17236,17237,17239,17240,17241,17242,17243,17244,17245,17246,17247,17248,17249,17250,17252,17253,17254,17255,17256,17257,17258,17259,17260,17261,17262,17263,17264,17265,17266,17267,17268,17269,17270,17271,17273,17274,17275,17276,17277,17278,17279,17280,17281,17282,17283,17284,17285,17286,17287,17288,17289,17290,17291,17292,17293,17294,17295,17296,17297,17298,17299,17300,17301,17302,17303,17304,17305,17306,17307,17308,17309,17310,17311,17312,17313,17314,17315,17316,17317,17318,17319,17320,17321,17322,17323,17324,17325,17326,17327,17328,17329,17330,17331,17332,17333,17335,17336,17337,17338,17339,17340,17341,17342,17343,17344,17345,17346,17347,17348,17349,17350,17351,17353,17354,17355,17356,17357,17358,17359,17360,17361,17362,17363,17364,17365,17366,17367,17369,17372,17373,17374,17375,17376,17377,17378,17379,17380,17381,17382,17383,17384,17385,17386,17387,17388,17389,17390,17391,17393,17394,17395,17396,17397,17398,17400,17401,17402,17403,17404,17405,17406,17407,17408,17409,17410,17411,17412,17413,17414,17415,17416,17417,17418,17420,17421,17422,17423,17424,17425,17426,17427,17428,17429,17430,17431,17432,17433,17434,17435,17436,17437,17438,17439,17440,17441,17442,17443,17444,17445,17446,17447,17448,17449,17450,17451,17452,17453,17454,17455,17457,17458,17459,17460,17461,17462,17463,17464,17465,17466,17467,17468,17469,17470,17471,17472,17473,17474,17476,17477,17478,17479,17480,17481,17482,17483,17484,17485,17486}",DEP,2026-03-24 14:41:49.581307+01,gold_establishments_2025,,,,22170001600738,2025,Collectivité Territoriale,Département,['Charente-Maritime'],['Nouvelle-Aquitaine'],DEP,{17},{75}
ecd460f3-7626-495e-bc35-689bdb9d6364,221800014,Département Cher,false,"{18001,18002,18003,18004,18005,18006,18007,18008,18009,18010,18011,18012,18013,18014,18015,18016,18017,18018,18019,18020,18021,18022,18023,18024,18025,18026,18027,18028,18029,18030,18031,18032,18033,18034,18035,18036,18037,18038,18039,18040,18041,18042,18043,18044,18045,18046,18047,18048,18049,18050,18051,18052,18053,18054,18055,18056,18057,18058,18059,18060,18061,18062,18063,18064,18065,18066,18067,18068,18069,18070,18071,18072,18073,18074,18075,18076,18077,18078,18079,18080,18081,18082,18083,18084,18085,18086,18087,18088,18089,18090,18091,18092,18093,18094,18095,18096,18097,18098,18099,18100,18101,18102,18103,18104,18105,18106,18107,18108,18109,18110,18111,18112,18113,18114,18115,18116,18117,18118,18119,18120,18121,18122,18124,18125,18126,18127,18128,18129,18130,18132,18133,18134,18135,18136,18137,18138,18139,18140,18141,18142,18143,18144,18145,18146,18147,18148,18149,18150,18151,18152,18153,18154,18155,18156,18157,18158,18159,18160,18161,18162,18163,18164,18165,18166,18167,18168,18169,18170,18171,18172,18173,18174,18175,18176,18177,18178,18179,18180,18181,18182,18183,18184,18185,18186,18187,18188,18189,18190,18191,18192,18193,18194,18195,18196,18197,18198,18199,18200,18201,18202,18203,18204,18205,18206,18207,18208,18209,18210,18211,18212,18213,18214,18215,18216,18217,18218,18219,18220,18221,18223,18224,18225,18226,18227,18228,18229,18230,18231,18232,18233,18234,18235,18236,18237,18238,18240,18241,18242,18243,18244,18245,18246,18247,18248,18249,18250,18251,18252,18253,18254,18255,18256,18257,18258,18259,18260,18261,18262,18263,18264,18265,18266,18267,18268,18269,18270,18271,18272,18273,18274,18275,18276,18277,18278,18279,18280,18281,18282,18283,18284,18285,18286,18287,18288,18289,18290}",DEP,2026-03-24 14:41:49.581307+01,gold_establishments_2025,,,,22180001400013,2025,Collectivité Territoriale,Département,['Cher'],['Centre-Val de Loire'],DEP,{18},{24}
d12888d7-3428-4c21-a903-a63a74b1469d,221927205,Département Corrèze,false,"{19001,19002,19003,19004,19005,19006,19007,19008,19009,19010,19011,19012,19013,19014,19015,19016,19017,19018,19019,19020,19021,19022,19023,19024,19025,19026,19027,19028,19029,19030,19031,19033,19034,19035,19036,19037,19038,19039,19040,19041,19042,19043,19044,19045,19046,19047,19048,19049,19050,19051,19052,19053,19054,19055,19056,19057,19058,19059,19060,19061,19062,19063,19064,19065,19066,19067,19068,19069,19070,19071,19072,19073,19074,19075,19076,19077,19078,19079,19080,19081,19082,19083,19084,19085,19086,19087,19088,19089,19090,19091,19093,19094,19095,19096,19097,19098,19099,19100,19101,19102,19103,19104,19105,19106,19107,19108,19109,19110,19111,19112,19113,19114,19115,19116,19117,19118,19119,19120,19121,19122,19123,19124,19125,19126,19128,19129,19130,19131,19132,19133,19134,19135,19136,19137,19138,19139,19140,19141,19142,19143,19144,19145,19146,19147,19148,19149,19150,19151,19152,19153,19154,19155,19156,19157,19158,19159,19160,19161,19162,19163,19164,19165,19166,19167,19168,19169,19170,19171,19172,19173,19174,19175,19176,19177,19178,19179,19180,19181,19182,19184,19186,19187,19188,19189,19190,19191,19192,19193,19194,19195,19196,19198,19199,19200,19201,19202,19203,19204,19205,19206,19207,19208,19209,19210,19211,19212,19213,19214,19215,19216,19217,19219,19220,19221,19222,19225,19226,19227,19228,19229,19231,19232,19233,19234,19235,19236,19237,19238,19239,19240,19241,19242,19243,19244,19245,19246,19247,19248,19249,19250,19251,19252,19253,19254,19255,19256,19257,19258,19259,19260,19261,19262,19263,19264,19265,19266,19268,19269,19270,19271,19272,19273,19274,19275,19276,19277,19278,19279,19280,19281,19283,19284,19285,19286,19287,19288,19289}",SDED,2026-03-24 14:41:49.581307+01,gold_establishments_2025,,,,22192720500197,2025,Collectivité Territoriale,Département,['Corrèze'],['Nouvelle-Aquitaine'],DEP,{19},{75}
45e42b01-0572-4ede-9bfc-88837e4afc61,222309627,Département Creuse,false,"{23001,23002,23003,23004,23005,23006,23007,23008,23009,23010,23011,23012,23013,23014,23015,23016,23017,23018,23019,23020,23021,23022,23024,23025,23026,23027,23028,23029,23030,23031,23032,23033,23034,23035,23036,23037,23038,23039,23040,23041,23042,23043,23044,23045,23046,23047,23048,23049,23050,23051,23052,23053,23054,23055,23056,23057,23058,23059,23060,23061,23062,23063,23064,23065,23066,23067,23068,23069,23070,23071,23072,23073,23074,23075,23076,23077,23078,23079,23080,23081,23082,23083,23084,23086,23087,23088,23089,23090,23091,23092,23093,23095,23096,23097,23098,23099,23100,23101,23102,23103,23104,23105,23106,23107,23108,23109,23110,23111,23112,23113,23114,23115,23116,23117,23118,23119,23120,23122,23123,23124,23125,23127,23128,23129,23130,23131,23132,23133,23134,23136,23137,23138,23139,23140,23141,23142,23143,23144,23145,23146,23147,23148,23149,23150,23151,23152,23154,23155,23156,23157,23158,23159,23160,23162,23164,23165,23166,23167,23168,23169,23170,23171,23172,23173,23174,23175,23176,23177,23178,23179,23180,23181,23182,23183,23184,23185,23186,23187,23188,23189,23190,23191,23192,23193,23194,23195,23196,23197,23198,23199,23200,23201,23202,23203,23204,23205,23206,23207,23208,23209,23210,23211,23212,23213,23214,23215,23216,23217,23218,23219,23220,23221,23222,23223,23224,23225,23226,23227,23228,23229,23230,23232,23233,23234,23235,23236,23237,23238,23239,23240,23241,23242,23243,23244,23245,23246,23247,23248,23249,23250,23251,23252,23253,23254,23255,23257,23258,23259,23260,23261,23262,23263,23264,23265,23266}",DEP,2026-03-24 14:41:49.581307+01,gold_establishments_2025,,,,22230962700016,2025,Collectivité Territoriale,Département,['Creuse'],['Nouvelle-Aquitaine'],DEP,{23},{75}
d6499015-9505-4c66-a11c-55a296de4ad3,222100018,Département Côte-d'Or,false,"{21001,21002,21003,21004,21005,21006,21007,21008,21009,21010,21011,21012,21013,21014,21015,21016,21017,21018,21020,21021,21022,21023,21024,21025,21026,21027,21028,21029,21030,21031,21032,21033,21034,21035,21036,21037,21038,21039,21040,21041,21042,21043,21044,21045,21046,21047,21048,21049,21050,21051,21052,21053,21054,21055,21056,21057,21058,21059,21060,21061,21062,21063,21064,21065,21066,21067,21068,21069,21070,21071,21072,21074,21075,21076,21077,21078,21079,21080,21081,21082,21083,21084,21085,21086,21087,21088,21089,21090,21091,21092,21093,21094,21095,21096,21097,21098,21099,21100,21101,21102,21103,21104,21105,21106,21107,21108,21109,21110,21111,21112,21113,21114,21115,21116,21117,21118,21119,21120,21121,21122,21123,21124,21125,21126,21127,21128,21129,21130,21131,21132,21133,21134,21135,21136,21137,21138,21139,21140,21141,21142,21143,21144,21145,21146,21147,21148,21149,21150,21151,21152,21153,21154,21155,21156,21157,21158,21159,21160,21161,21162,21163,21164,21165,21166,21167,21168,21169,21170,21171,21172,21173,21175,21176,21177,21178,21179,21180,21181,21182,21183,21184,21185,21186,21187,21189,21190,21191,21192,21193,21194,21195,21196,21197,21198,21199,21200,21201,21202,21203,21204,21205,21207,21208,21209,21210,21211,21212,21214,21215,21216,21217,21218,21219,21220,21221,21222,21223,21224,21225,21226,21227,21228,21229,21230,21231,21232,21233,21234,21235,21236,21237,21238,21239,21240,21241,21242,21243,21244,21245,21246,21247,21248,21249,21250,21251,21252,21253,21254,21255,21256,21257,21258,21259,21260,21261,21262,21263,21264,21265,21266,21267,21268,21269,21270,21271,21272,21273,21274,21275,21276,21277,21278,21279,21280,21281,21282,21283,21284,21285,21286,21287,21288,21289,21290,21291,21292,21293,21294,21295,21296,21297,21298,21299,21300,21301,21302,21303,21304,21305,21306,21307,21308,21309,21310,21311,21312,21313,21314,21315,21316,21317,21319,21320,21321,21322,21323,21324,21325,21326,21327,21328,21329,21330,21331,21332,21333,21334,21335,21336,21337,21338,21339,21340,21341,21342,21343,21344,21345,21346,21347,21348,21349,21350,21351,21352,21353,21354,21355,21356,21357,21358,21359,21360,21361,21362,21363,21364,21365,21366,21367,21368,21369,21370,21371,21372,21373,21374,21375,21376,21377,21378,21379,21380,21381,21382,21383,21384,21385,21386,21387,21388,21389,21390,21391,21392,21393,21394,21395,21396,21397,21398,21399,21400,21401,21402,21403,21404,21405,21406,21407,21408,21409,21410,21411,21412,21413,21414,21415,21416,21417,21418,21419,21420,21421,21422,21423,21424,21425,21426,21427,21428,21429,21430,21431,21432,21433,21434,21435,21436,21437,21438,21439,21440,21441,21442,21444,21445,21446,21447,21448,21449,21450,21451,21452,21454,21455,21456,21457,21458,21459,21460,21461,21462,21463,21464,21465,21466,21467,21468,21469,21470,21471,21472,21473,21474,21475,21476,21477,21478,21479,21480,21481,21482,21483,21484,21485,21487,21488,21489,21490,21491,21492,21493,21494,21495,21496,21497,21498,21499,21500,21501,21502,21503,21504,21505,21506,21508,21510,21511,21512,21514,21515,21516,21517,21518,21519,21520,21521,21522,21523,21524,21525,21526,21527,21528,21529,21530,21531,21532,21533,21534,21535,21536,21537,21538,21539,21540,21541,21542,21543,21544,21545,21546,21547,21548,21549,21550,21552,21553,21554,21555,21556,21557,21558,21559,21560,21561,21562,21563,21564,21565,21566,21567,21568,21569,21570,21571,21572,21573,21574,21575,21576,21577,21578,21579,21580,21581,21582,21583,21584,21585,21586,21587,21588,21589,21590,21591,21592,21593,21594,21595,21596,21597,21598,21599,21600,21601,21602,21603,21604,21605,21606,21607,21608,21609,21610,21611,21612,21613,21614,21615,21616,21617,21618,21619,21620,21622,21623,21624,21625,21626,21627,21628,21629,21630,21631,21632,21633,21634,21635,21636,21637,21638,21639,21640,21641,21642,21643,21644,21645,21646,21647,21648,21649,21650,21651,21652,21653,21655,21656,21657,21659,21660,21661,21662,21663,21664,21665,21666,21667,21669,21670,21671,21672,21673,21674,21675,21676,21677,21678,21679,21680,21681,21682,21683,21684,21685,21686,21687,21688,21689,21690,21691,21692,21693,21694,21695,21696,21698,21699,21700,21701,21702,21703,21704,21705,21706,21707,21708,21709,21710,21711,21712,21713,21714,21715,21716,21717}",DEP,2026-03-24 14:41:49.581307+01,gold_establishments_2025,,,,22210001800019,2025,Collectivité Territoriale,Département,"[""Côte-d'Or""]",['Bourgogne-Franche-Comté'],DEP,{21},{27}
8f0ce51a-b7d9-4fee-8226-f99984a75dbd,222200016,Département Côtes-d'Armor,false,"{22001,22002,22003,22004,22005,22006,22008,22009,22011,22012,22013,22014,22015,22016,22018,22019,22020,22021,22023,22024,22025,22026,22028,22029,22030,22031,22032,22033,22034,22035,22036,22037,22039,22040,22041,22042,22044,22045,22046,22047,22048,22049,22050,22052,22053,22054,22055,22056,22057,22059,22060,22061,22062,22063,22064,22065,22067,22068,22069,22070,22071,22072,22073,22074,22075,22076,22077,22079,22081,22082,22083,22084,22085,22086,22087,22088,22090,22091,22092,22093,22094,22095,22096,22097,22098,22099,22101,22103,22104,22105,22106,22107,22108,22109,22110,22111,22112,22113,22114,22115,22116,22117,22118,22119,22121,22122,22124,22126,22127,22128,22129,22131,22132,22133,22134,22135,22136,22137,22138,22139,22140,22141,22143,22144,22145,22146,22147,22148,22149,22150,22152,22153,22155,22156,22157,22158,22160,22161,22162,22163,22164,22165,22166,22168,22169,22170,22171,22172,22174,22175,22176,22177,22178,22179,22180,22181,22182,22183,22184,22185,22186,22187,22188,22189,22190,22193,22194,22195,22196,22197,22198,22199,22201,22202,22203,22204,22205,22206,22207,22208,22209,22210,22211,22212,22213,22214,22215,22216,22217,22218,22219,22220,22221,22222,22223,22224,22225,22226,22227,22228,22229,22231,22232,22233,22234,22235,22236,22237,22238,22239,22240,22241,22242,22243,22244,22245,22246,22248,22249,22250,22251,22254,22255,22256,22257,22258,22259,22260,22261,22262,22263,22264,22265,22266,22267,22268,22269,22271,22272,22273,22274,22275,22276,22277,22278,22279,22280,22281,22282,22283,22284,22285,22286,22287,22288,22289,22291,22293,22294,22295,22296,22299,22300,22302,22304,22305,22306,22307,22308,22310,22311,22312,22313,22314,22315,22316,22317,22318,22319,22320,22321,22322,22323,22324,22325,22326,22327,22328,22330,22331,22332,22333,22334,22335,22337,22338,22339,22340,22341,22342,22343,22344,22345,22346,22347,22348,22349,22350,22351,22352,22353,22354,22356,22358,22359,22360,22361,22362,22363,22364,22365,22366,22368,22369,22370,22371,22372,22373,22375,22376,22377,22378,22379,22380,22381,22383,22384,22385,22386,22387,22388,22389,22390,22391}",DEP,2026-03-24 14:41:49.581307+01,gold_establishments_2025,,,,22220001600327,2025,Collectivité Territoriale,Département,"[""Côtes-d'Armor""]",['Bretagne'],DEP,{22},{53}
f96a8158-28f0-4978-8880-c4789d085b16,227900016,Département Deux-Sèvres,false,"{79001,79002,79003,79005,79007,79008,79009,79010,79012,79013,79014,79015,79016,79018,79019,79020,79022,79023,79024,79025,79029,79030,79031,79032,79034,79038,79040,79042,79046,79047,79048,79049,79050,79055,79056,79057,79058,79059,79061,79062,79063,79064,79066,79069,79070,79071,79074,79076,79077,79078,79079,79080,79081,79083,79084,79085,79086,79087,79088,79089,79090,79091,79092,79094,79095,79096,79100,79101,79102,79103,79104,79105,79106,79108,79109,79111,79112,79114,79115,79116,79117,79118,79119,79120,79121,79122,79123,79124,79125,79126,79127,79128,79129,79130,79131,79132,79133,79134,79135,79136,79137,79139,79140,79141,79142,79144,79145,79147,79148,79149,79150,79152,79153,79154,79156,79157,79158,79159,79160,79161,79162,79163,79164,79165,79166,79167,79170,79172,79174,79175,79176,79177,79179,79183,79184,79185,79189,79190,79191,79195,79196,79197,79198,79200,79201,79202,79203,79204,79207,79208,79209,79210,79213,79215,79216,79217,79218,79220,79223,79225,79226,79229,79230,79231,79235,79236,79238,79239,79241,79242,79243,79244,79246,79249,79250,79251,79252,79253,79254,79255,79256,79257,79258,79259,79263,79265,79267,79268,79269,79270,79271,79273,79274,79276,79277,79278,79280,79281,79283,79284,79285,79286,79289,79290,79293,79294,79295,79297,79298,79299,79300,79301,79302,79303,79304,79306,79307,79308,79309,79310,79311,79312,79313,79316,79319,79320,79322,79326,79329,79331,79332,79334,79335,79336,79337,79338,79339,79340,79341,79342,79343,79345,79346,79347,79348,79349,79350,79351,79352,79354,79355,79357}",DEP,2026-03-24 14:41:49.581307+01,gold_establishments_2025,,,,22790001600352,2025,Collectivité Territoriale,Département,['Deux-Sèvres'],['Nouvelle-Aquitaine'],DEP,{79},{75}
ca408d23-f0f4-4ba7-ac19-e815eaf26667,222400012,Département Dordogne,false,"{24001,24002,24004,24005,24006,24007,24008,24009,24010,24011,24012,24014,24015,24016,24018,24019,24020,24021,24022,24023,24024,24025,24026,24027,24028,24029,24030,24031,24032,24034,24035,24036,24037,24038,24039,24040,24042,24043,24045,24046,24048,24050,24051,24052,24053,24054,24055,24056,24057,24058,24059,24060,24061,24062,24063,24064,24066,24067,24068,24069,24070,24071,24073,24074,24075,24076,24077,24080,24081,24082,24083,24084,24085,24086,24087,24088,24090,24091,24094,24095,24096,24097,24098,24100,24101,24102,24104,24105,24106,24107,24108,24109,24110,24111,24113,24114,24115,24116,24117,24119,24120,24121,24122,24123,24124,24126,24128,24129,24130,24131,24132,24133,24134,24135,24136,24137,24138,24139,24140,24141,24142,24143,24144,24145,24146,24147,24148,24150,24151,24152,24153,24154,24155,24156,24157,24158,24159,24160,24161,24162,24163,24164,24165,24167,24168,24171,24172,24174,24175,24176,24177,24179,24180,24182,24183,24184,24186,24188,24189,24190,24191,24192,24193,24194,24195,24196,24197,24199,24200,24202,24205,24206,24207,24208,24209,24210,24211,24212,24213,24214,24215,24216,24217,24218,24220,24221,24222,24223,24224,24225,24226,24227,24228,24229,24230,24231,24232,24234,24236,24237,24238,24240,24241,24242,24243,24244,24245,24246,24247,24248,24251,24252,24253,24254,24255,24256,24257,24259,24260,24261,24262,24263,24264,24266,24267,24268,24269,24271,24272,24273,24274,24276,24277,24278,24279,24280,24281,24282,24284,24285,24286,24287,24288,24289,24290,24291,24292,24293,24294,24295,24296,24297,24299,24300,24301,24302,24303,24304,24305,24306,24307,24308,24309,24311,24312,24313,24316,24317,24318,24319,24320,24321,24322,24323,24324,24325,24326,24327,24328,24329,24330,24331,24334,24335,24336,24337,24338,24339,24340,24341,24345,24346,24347,24348,24349,24350,24351,24352,24353,24354,24355,24356,24357,24359,24360,24361,24362,24364,24365,24366,24367,24370,24371,24372,24373,24374,24375,24376,24377,24378,24379,24380,24381,24382,24383,24384,24385,24386,24388,24390,24392,24393,24394,24395,24396,24397,24398,24399,24401,24403,24404,24405,24406,24407,24408,24409,24410,24411,24412,24413,24414,24415,24416,24417,24418,24419,24420,24421,24422,24423,24424,24425,24426,24428,24429,24432,24434,24436,24437,24438,24441,24442,24443,24444,24445,24446,24448,24449,24450,24451,24452,24453,24454,24455,24456,24457,24458,24459,24460,24461,24462,24463,24464,24465,24466,24468,24470,24471,24472,24473,24474,24476,24477,24478,24479,24480,24481,24482,24483,24484,24485,24486,24487,24488,24489,24490,24491,24492,24493,24494,24495,24496,24498,24499,24500,24501,24502,24504,24505,24507,24508,24509,24510,24511,24512,24513,24514,24515,24516,24517,24518,24519,24520,24521,24522,24523,24524,24525,24526,24527,24528,24529,24531,24532,24533,24534,24535,24536,24537,24538,24540,24541,24542,24543,24544,24545,24546,24547,24548,24549,24550,24551,24552,24553,24554,24555,24557,24558,24559,24560,24562,24563,24564,24565,24566,24567,24568,24569,24570,24571,24572,24573,24574,24575,24576,24577,24580,24581,24582,24584,24585,24586,24587}",DEP,2026-03-24 14:41:49.581307+01,gold_establishments_2025,,,,22240001200019,2025,Collectivité Territoriale,Département,['Dordogne'],['Nouvelle-Aquitaine'],DEP,{24},{75}
ac0c0a50-fbdc-435d-922a-e56c76c0f47f,222500019,Département Doubs,false,"{25001,25002,25003,25004,25005,25006,25007,25008,25009,25011,25012,25013,25014,25015,25016,25017,25018,25019,25020,25021,25022,25024,25025,25026,25029,25030,25031,25032,25033,25035,25036,25038,25039,25040,25041,25042,25043,25044,25045,25046,25047,25048,25049,25050,25051,25052,25053,25054,25055,25056,25057,25058,25059,25060,25061,25062,25063,25065,25066,25067,25070,25071,25072,25073,25074,25075,25077,25078,25079,25082,25083,25084,25085,25086,25087,25088,25089,25090,25091,25092,25093,25094,25095,25096,25097,25098,25099,25100,25101,25102,25103,25104,25105,25106,25107,25108,25109,25110,25111,25112,25113,25114,25115,25116,25117,25119,25120,25121,25122,25124,25125,25126,25127,25129,25130,25131,25132,25133,25136,25138,25139,25141,25142,25143,25145,25147,25148,25149,25150,25151,25152,25153,25154,25155,25156,25157,25159,25160,25161,25162,25163,25164,25166,25170,25171,25172,25173,25174,25175,25176,25177,25178,25179,25180,25181,25182,25183,25184,25185,25186,25187,25188,25189,25190,25191,25192,25193,25194,25195,25196,25197,25198,25199,25200,25201,25202,25203,25204,25207,25208,25209,25210,25211,25212,25213,25214,25215,25216,25217,25218,25219,25220,25221,25222,25223,25224,25225,25226,25227,25228,25229,25230,25231,25232,25233,25234,25235,25236,25237,25238,25239,25240,25241,25242,25243,25244,25245,25246,25247,25248,25249,25251,25252,25253,25254,25255,25256,25257,25258,25259,25261,25262,25263,25264,25265,25266,25267,25268,25269,25270,25271,25273,25274,25275,25276,25277,25278,25279,25280,25281,25283,25284,25285,25286,25287,25288,25289,25290,25293,25295,25296,25298,25299,25300,25301,25304,25305,25306,25307,25308,25309,25310,25311,25312,25313,25314,25315,25316,25317,25318,25320,25321,25322,25323,25324,25325,25326,25327,25328,25329,25330,25331,25332,25333,25334,25335,25336,25338,25339,25340,25341,25342,25343,25344,25345,25346,25348,25349,25350,25351,25354,25355,25356,25357,25359,25360,25361,25362,25364,25365,25366,25367,25368,25369,25370,25371,25372,25373,25374,25375,25376,25377,25378,25379,25380,25381,25382,25383,25384,25385,25386,25387,25388,25389,25390,25391,25392,25393,25394,25395,25397,25400,25401,25402,25403,25404,25405,25406,25408,25410,25411,25413,25414,25415,25416,25417,25418,25419,25420,25421,25422,25424,25425,25426,25427,25428,25429,25430,25431,25432,25433,25434,25435,25436,25437,25438,25439,25440,25441,25442,25443,25444,25445,25446,25447,25448,25449,25450,25451,25452,25453,25454,25455,25456,25457,25458,25459,25460,25461,25462,25463,25464,25465,25466,25467,25468,25469,25470,25471,25472,25473,25474,25475,25476,25477,25478,25479,25481,25482,25483,25485,25486,25487,25488,25489,25490,25491,25492,25493,25494,25495,25496,25497,25498,25499,25500,25501,25502,25503,25504,25505,25506,25507,25508,25510,25511,25512,25513,25514,25515,25516,25517,25518,25519,25520,25521,25522,25523,25524,25525,25526,25527,25528,25529,25532,25534,25535,25536,25537,25538,25539,25540,25541,25542,25544,25545,25546,25547,25548,25550,25551,25552,25553,25554,25555,25556,25557,25558,25559,25560,25561,25562,25563,25564,25565,25566,25567,25569,25570,25571,25572,25573,25574,25575,25578,25579,25580,25582,25583,25584,25586,25588,25589,25590,25591,25592,25594,25595,25596,25597,25598,25599,25600,25601,25602,25604,25605,25607,25608,25609,25611,25612,25613,25614,25615,25616,25617,25618,25619,25621,25622,25623,25624,25625,25626,25627,25629,25630,25631,25632,25633,25634,25635}",DEP,2026-03-24 14:41:49.581307+01,gold_establishments_2025,,,,22250001900013,2025,Collectivité Territoriale,Département,['Doubs'],['Bourgogne-Franche-Comté'],DEP,{25},{27}
41b66e01-901c-457e-962c-b6447c31664c,222600017,Département Drôme,false,"{26001,26002,26003,26004,26005,26006,26007,26008,26009,26010,26011,26012,26013,26014,26015,26016,26017,26018,26019,26020,26021,26022,26023,26024,26025,26026,26027,26028,26030,26031,26032,26033,26034,26035,26036,26037,26038,26039,26040,26041,26042,26043,26045,26046,26047,26048,26049,26050,26051,26052,26054,26055,26056,26057,26058,26059,26060,26061,26062,26063,26064,26065,26066,26067,26068,26069,26070,26071,26072,26073,26074,26075,26076,26077,26078,26079,26080,26081,26082,26083,26084,26085,26086,26087,26088,26089,26090,26091,26092,26093,26094,26095,26096,26097,26098,26099,26100,26101,26102,26103,26104,26105,26106,26107,26108,26110,26111,26112,26113,26114,26115,26116,26117,26118,26119,26121,26122,26123,26124,26125,26126,26127,26128,26129,26130,26131,26133,26134,26135,26136,26137,26138,26139,26140,26141,26142,26143,26144,26145,26146,26147,26148,26149,26150,26152,26153,26154,26155,26156,26157,26159,26160,26161,26162,26163,26164,26165,26166,26167,26168,26169,26170,26171,26172,26173,26174,26175,26176,26177,26178,26179,26180,26181,26182,26183,26185,26186,26188,26189,26190,26191,26192,26193,26194,26195,26196,26197,26198,26199,26200,26201,26202,26203,26204,26205,26206,26207,26208,26209,26210,26211,26212,26213,26214,26215,26216,26217,26218,26220,26221,26222,26223,26224,26225,26226,26227,26228,26229,26231,26232,26233,26234,26235,26236,26238,26239,26240,26241,26242,26243,26244,26245,26246,26247,26248,26249,26250,26251,26252,26253,26254,26255,26256,26257,26258,26259,26261,26262,26263,26264,26266,26267,26268,26269,26270,26271,26272,26273,26274,26275,26276,26277,26278,26279,26281,26282,26283,26284,26285,26286,26287,26288,26289,26290,26291,26292,26293,26294,26295,26296,26298,26299,26300,26301,26302,26303,26304,26305,26306,26307,26308,26309,26310,26311,26312,26313,26314,26315,26316,26317,26318,26319,26320,26321,26322,26323,26324,26325,26326,26327,26328,26329,26330,26331,26332,26333,26334,26335,26336,26337,26338,26339,26340,26341,26342,26343,26344,26345,26346,26347,26348,26349,26350,26351,26352,26353,26355,26356,26357,26358,26359,26360,26361,26362,26363,26364,26365,26367,26368,26369,26370,26372,26373,26374,26375,26376,26377,26378,26379,26380,26381,26382}",DEP,2026-03-24 14:41:49.581307+01,gold_establishments_2025,,,,22260001700016,2025,Collectivité Territoriale,Département,['Drôme'],['Auvergne-Rhône-Alpes'],DEP,{26},{84}
72ec2396-1572-48c8-840e-0b2128e11198,229102280,Département Essonne,false,"{91001,91016,91017,91021,91022,91027,91035,91037,91038,91041,91044,91045,91047,91064,91067,91069,91075,91079,91080,91081,91085,91086,91093,91095,91097,91098,91099,91100,91103,91105,91106,91109,91111,91112,91114,91115,91121,91122,91129,91130,91131,91132,91135,91136,91137,91145,91148,91156,91159,91161,91174,91175,91179,91180,91184,91186,91191,91195,91198,91200,91201,91204,91207,91215,91216,91223,91225,91226,91228,91232,91235,91240,91243,91244,91247,91248,91249,91272,91273,91274,91275,91284,91286,91292,91293,91294,91312,91315,91318,91319,91326,91330,91332,91333,91338,91339,91340,91345,91347,91359,91363,91374,91376,91377,91378,91386,91390,91393,91399,91405,91408,91411,91412,91414,91421,91425,91432,91433,91434,91435,91441,91457,91458,91461,91463,91468,91469,91471,91473,91477,91479,91482,91494,91495,91507,91508,91511,91514,91519,91521,91525,91526,91533,91534,91538,91540,91544,91546,91547,91549,91552,91553,91556,91560,91568,91570,91573,91577,91578,91579,91581,91587,91589,91593,91599,91600,91602,91613,91617,91619,91629,91630,91631,91634,91635,91639,91645,91648,91649,91654,91657,91659,91661,91662,91665,91666,91667,91671,91679,91685,91687,91689,91691,91692}",DEP,2026-03-24 14:41:49.581307+01,gold_establishments_2025,,,,22910228000018,2025,Collectivité Territoriale,Département,['Essonne'],['Île-de-France'],DEP,{91},{11}
68227550-298c-4eb6-83d0-77c185e3511b,222702292,Département Eure,false,"{27001,27002,27003,27004,27005,27006,27008,27009,27010,27011,27012,27013,27014,27015,27016,27017,27018,27019,27020,27021,27022,27023,27025,27026,27027,27028,27031,27032,27033,27034,27035,27036,27037,27038,27039,27040,27042,27043,27044,27045,27046,27047,27048,27049,27050,27051,27052,27053,27054,27055,27056,27057,27059,27061,27062,27063,27064,27065,27066,27067,27068,27069,27070,27071,27072,27073,27074,27075,27076,27077,27078,27079,27081,27082,27083,27085,27089,27090,27091,27094,27095,27096,27097,27098,27099,27100,27101,27102,27103,27104,27105,27106,27107,27108,27109,27110,27111,27112,27113,27114,27115,27116,27117,27118,27119,27120,27123,27124,27125,27126,27127,27129,27130,27132,27133,27134,27135,27136,27137,27138,27139,27140,27141,27142,27144,27146,27147,27148,27149,27151,27152,27153,27154,27155,27156,27157,27158,27161,27162,27163,27164,27165,27167,27168,27169,27170,27171,27173,27174,27176,27177,27179,27180,27181,27182,27183,27184,27185,27187,27188,27189,27190,27191,27192,27193,27194,27196,27198,27199,27200,27201,27202,27203,27204,27205,27206,27207,27208,27209,27210,27212,27213,27214,27215,27216,27217,27218,27219,27220,27222,27224,27226,27227,27228,27229,27230,27231,27232,27233,27234,27235,27237,27238,27239,27240,27241,27242,27243,27245,27246,27247,27248,27249,27251,27252,27254,27256,27258,27259,27260,27261,27263,27266,27267,27269,27271,27273,27275,27276,27277,27278,27279,27280,27281,27282,27284,27285,27286,27287,27288,27289,27290,27291,27294,27295,27298,27299,27300,27301,27302,27304,27306,27307,27309,27310,27311,27312,27313,27315,27316,27317,27318,27319,27320,27321,27322,27323,27324,27325,27326,27327,27329,27330,27331,27332,27333,27334,27335,27336,27337,27338,27339,27340,27341,27342,27343,27345,27346,27347,27348,27349,27350,27351,27353,27354,27355,27358,27359,27360,27361,27363,27364,27365,27366,27367,27368,27369,27370,27371,27372,27373,27374,27375,27376,27377,27378,27379,27380,27381,27382,27383,27384,27385,27386,27388,27389,27390,27391,27392,27393,27394,27395,27396,27397,27398,27399,27400,27401,27403,27404,27405,27406,27407,27408,27410,27411,27412,27413,27414,27415,27417,27418,27419,27420,27421,27422,27423,27424,27425,27426,27427,27428,27429,27430,27431,27432,27433,27434,27435,27436,27437,27438,27439,27440,27441,27442,27444,27445,27446,27447,27448,27451,27453,27454,27455,27456,27457,27458,27459,27460,27462,27463,27464,27465,27466,27467,27468,27469,27470,27471,27472,27473,27474,27475,27476,27477,27478,27480,27481,27482,27483,27485,27486,27487,27488,27489,27490,27492,27493,27495,27496,27497,27498,27500,27501,27502,27504,27505,27507,27508,27511,27512,27514,27516,27517,27518,27520,27521,27522,27524,27525,27527,27528,27529,27530,27531,27533,27534,27535,27536,27537,27538,27539,27540,27541,27542,27543,27544,27545,27546,27547,27548,27550,27552,27553,27554,27555,27556,27557,27558,27560,27561,27562,27563,27564,27565,27567,27568,27569,27570,27571,27572,27576,27577,27578,27579,27580,27582,27584,27586,27587,27589,27590,27591,27592,27593,27594,27595,27597,27598,27599,27601,27602,27603,27604,27605,27606,27608,27609,27610,27611,27612,27613,27614,27615,27616,27617,27618,27620,27621,27622,27623,27624,27625,27627,27629,27630,27631,27632,27633,27635,27638,27640,27641,27643,27644,27645,27646,27649,27650,27652,27654,27655,27656,27658,27659,27660,27661,27662,27663,27664,27665,27666,27667,27668,27669,27670,27671,27672,27673,27674,27676,27677,27678,27679,27680,27681,27682,27683,27684,27685,27686,27689,27690,27691,27692,27693,27694,27695,27696,27697,27698,27699,27700,27701}",DEP,2026-03-24 14:41:49.581307+01,gold_establishments_2025,,,,22270229200012,2025,Collectivité Territoriale,Département,['Eure'],['Normandie'],DEP,{27},{28}
b78997c8-cdc9-49a4-b9ec-e340fc240d60,222800013,Département Eure-et-Loir,false,"{28001,28003,28004,28005,28006,28007,28008,28009,28010,28012,28013,28014,28015,28016,28018,28019,28021,28022,28023,28024,28026,28027,28028,28029,28030,28031,28032,28033,28034,28035,28036,28037,28038,28039,28040,28041,28045,28046,28047,28048,28049,28050,28051,28052,28053,28054,28055,28056,28057,28058,28059,28060,28061,28062,28064,28065,28067,28068,28070,28071,28072,28073,28074,28075,28076,28077,28078,28079,28080,28081,28082,28084,28085,28086,28087,28088,28089,28090,28091,28092,28094,28095,28096,28098,28099,28100,28102,28103,28104,28105,28106,28107,28108,28109,28110,28111,28113,28114,28116,28117,28118,28119,28120,28121,28122,28123,28124,28126,28127,28128,28129,28130,28132,28134,28135,28136,28137,28139,28140,28141,28142,28143,28144,28146,28147,28148,28149,28151,28153,28154,28155,28156,28157,28158,28159,28160,28161,28162,28163,28164,28166,28167,28168,28169,28170,28171,28172,28173,28175,28176,28177,28178,28180,28182,28183,28184,28185,28187,28188,28189,28190,28191,28192,28193,28194,28195,28196,28197,28198,28199,28200,28201,28202,28203,28206,28207,28208,28209,28210,28211,28212,28213,28214,28215,28216,28217,28218,28219,28220,28221,28222,28223,28225,28226,28227,28229,28230,28231,28232,28233,28234,28235,28236,28237,28239,28240,28242,28243,28245,28246,28247,28248,28249,28251,28252,28253,28254,28255,28256,28257,28259,28260,28261,28263,28264,28265,28267,28268,28269,28270,28271,28272,28273,28274,28275,28277,28278,28279,28280,28281,28282,28283,28284,28285,28286,28287,28289,28290,28291,28292,28293,28294,28296,28298,28299,28300,28301,28302,28303,28304,28305,28306,28308,28309,28310,28312,28313,28314,28315,28316,28317,28319,28321,28322,28323,28324,28325,28326,28327,28329,28330,28331,28332,28333,28334,28335,28336,28337,28339,28341,28342,28343,28344,28346,28347,28348,28349,28350,28351,28352,28353,28354,28355,28357,28358,28359,28360,28362,28363,28364,28365,28366,28367,28368,28369,28370,28371,28372,28373,28374,28375,28377,28378,28379,28380,28382,28383,28385,28386,28387,28388,28389,28390,28391,28392,28393,28394,28395,28396,28397,28398,28400,28401,28403,28404,28405,28406,28407,28408,28409,28410,28411,28414,28415,28417,28418,28419,28421,28422,28423,28424,28425,28426}",DEP,2026-03-24 14:41:49.581307+01,gold_establishments_2025,,,,22280001300013,2025,Collectivité Territoriale,Département,['Eure-et-Loir'],['Centre-Val de Loire'],DEP,{28},{24}
ecc3a4bc-5077-4106-b013-1e6aa46a96a3,222900011,Département Finistère,false,"{29001,29002,29003,29004,29005,29006,29007,29008,29010,29011,29012,29013,29014,29015,29016,29017,29018,29019,29020,29021,29022,29023,29024,29025,29026,29027,29028,29029,29030,29031,29032,29033,29034,29035,29036,29037,29038,29039,29040,29041,29042,29043,29044,29045,29046,29047,29048,29049,29051,29053,29054,29055,29056,29057,29058,29059,29060,29061,29062,29063,29064,29065,29066,29067,29068,29069,29070,29071,29072,29073,29074,29075,29076,29077,29078,29079,29080,29081,29082,29083,29084,29085,29086,29087,29089,29090,29091,29093,29094,29095,29097,29098,29099,29100,29101,29102,29103,29104,29105,29106,29107,29108,29109,29110,29111,29112,29113,29114,29115,29116,29117,29119,29120,29122,29123,29124,29125,29126,29128,29130,29131,29132,29133,29134,29135,29136,29137,29139,29140,29141,29142,29143,29144,29145,29146,29147,29148,29150,29151,29152,29153,29155,29156,29158,29159,29160,29161,29162,29163,29165,29166,29167,29168,29169,29170,29171,29172,29173,29174,29175,29176,29177,29178,29179,29180,29181,29182,29183,29184,29185,29186,29187,29188,29189,29190,29191,29192,29193,29195,29196,29197,29198,29199,29201,29202,29204,29205,29206,29207,29208,29209,29210,29211,29212,29213,29214,29215,29216,29217,29218,29220,29221,29222,29224,29225,29226,29227,29228,29229,29230,29232,29233,29234,29235,29236,29237,29238,29239,29240,29241,29243,29244,29245,29246,29247,29248,29249,29250,29251,29252,29254,29255,29256,29257,29259,29260,29261,29262,29263,29264,29265,29266,29267,29268,29269,29270,29271,29272,29273,29274,29275,29276,29277,29278,29279,29280,29281,29282,29284,29285,29286,29287,29288,29289,29290,29291,29292,29293,29294,29295,29296,29297,29298,29299,29300,29301,29302}",DEP,2026-03-24 14:41:49.581307+01,gold_establishments_2025,,,,22290001100016,2025,Collectivité Territoriale,Département,['Finistère'],['Bretagne'],DEP,{29},{53}
0a592211-61f7-4796-8498-b79b1742b61f,223000019,Département Gard,false,"{30001,30002,30003,30004,30005,30006,30007,30008,30009,30010,30011,30012,30013,30014,30015,30016,30017,30018,30019,30020,30021,30022,30023,30024,30025,30026,30027,30028,30029,30030,30031,30032,30033,30034,30035,30036,30037,30038,30039,30040,30041,30042,30043,30044,30045,30046,30047,30048,30049,30050,30051,30052,30053,30054,30055,30056,30057,30058,30059,30060,30061,30062,30064,30065,30066,30067,30068,30069,30070,30071,30072,30073,30074,30075,30076,30077,30079,30080,30081,30082,30083,30084,30085,30086,30087,30088,30089,30090,30091,30092,30093,30095,30096,30097,30098,30099,30100,30101,30102,30103,30104,30105,30106,30107,30108,30109,30110,30111,30112,30113,30114,30115,30116,30117,30119,30120,30121,30122,30123,30124,30125,30126,30127,30128,30129,30130,30131,30132,30133,30134,30135,30136,30137,30138,30139,30140,30141,30142,30143,30144,30145,30146,30147,30148,30149,30150,30151,30152,30153,30154,30155,30156,30158,30159,30160,30161,30162,30163,30164,30165,30166,30167,30168,30169,30170,30171,30172,30173,30174,30175,30176,30177,30178,30179,30180,30181,30182,30183,30184,30185,30186,30187,30188,30189,30191,30192,30193,30194,30195,30196,30197,30198,30199,30200,30201,30202,30203,30204,30205,30206,30207,30208,30209,30210,30211,30212,30213,30214,30215,30216,30217,30218,30219,30220,30221,30222,30223,30224,30225,30226,30227,30228,30229,30230,30231,30232,30233,30234,30235,30236,30237,30238,30239,30240,30241,30242,30243,30244,30245,30246,30247,30248,30249,30250,30251,30252,30253,30254,30255,30256,30257,30258,30259,30260,30261,30262,30263,30264,30265,30266,30267,30268,30269,30270,30271,30272,30273,30274,30275,30276,30277,30278,30279,30280,30281,30282,30283,30284,30285,30286,30287,30288,30289,30290,30291,30292,30293,30294,30295,30296,30297,30298,30299,30300,30301,30302,30303,30304,30305,30306,30307,30308,30309,30310,30311,30312,30313,30314,30315,30316,30317,30318,30319,30320,30321,30322,30323,30324,30325,30326,30327,30328,30329,30330,30331,30332,30333,30334,30335,30336,30337,30338,30339,30340,30341,30342,30343,30344,30345,30346,30347,30348,30349,30350,30351,30352,30353,30354,30355,30356}",DEP,2026-03-24 14:41:49.581307+01,gold_establishments_2025,,,,22300001900073,2025,Collectivité Territoriale,Département,['Gard'],['Occitanie'],DEP,{30},{76}
5d29e0d1-af75-41bf-b31f-943903f155b0,223200015,Département Gers,false,"{32001,32002,32003,32004,32005,32007,32008,32009,32010,32012,32013,32014,32015,32016,32017,32018,32019,32020,32021,32022,32023,32024,32025,32026,32027,32028,32029,32030,32031,32032,32033,32034,32035,32036,32037,32038,32039,32040,32041,32042,32043,32044,32045,32046,32047,32048,32049,32050,32051,32052,32053,32054,32055,32056,32057,32058,32059,32060,32061,32062,32063,32064,32065,32066,32068,32069,32070,32071,32072,32073,32075,32076,32077,32078,32079,32080,32081,32082,32083,32084,32085,32086,32087,32088,32089,32090,32091,32092,32093,32094,32095,32096,32097,32098,32099,32100,32101,32102,32103,32104,32105,32106,32107,32108,32109,32110,32111,32112,32113,32114,32115,32116,32117,32118,32119,32120,32121,32122,32123,32124,32125,32126,32127,32128,32129,32130,32131,32132,32133,32134,32135,32136,32138,32139,32140,32141,32142,32143,32144,32145,32146,32147,32148,32149,32150,32151,32152,32153,32154,32155,32156,32157,32158,32159,32160,32161,32162,32163,32164,32165,32166,32167,32169,32170,32171,32172,32173,32174,32175,32176,32177,32178,32180,32181,32182,32183,32184,32185,32186,32187,32188,32189,32190,32191,32192,32193,32194,32195,32196,32197,32198,32199,32200,32201,32202,32203,32204,32205,32206,32207,32208,32209,32210,32211,32212,32213,32214,32215,32216,32217,32218,32219,32220,32221,32222,32223,32224,32225,32226,32227,32228,32229,32230,32231,32232,32233,32234,32235,32236,32237,32238,32239,32240,32241,32242,32243,32244,32245,32246,32247,32248,32249,32250,32251,32252,32253,32254,32255,32256,32257,32258,32261,32262,32263,32264,32265,32266,32267,32268,32269,32270,32271,32272,32273,32274,32275,32276,32277,32278,32279,32280,32281,32282,32283,32284,32285,32286,32287,32288,32289,32290,32291,32292,32293,32294,32295,32296,32297,32298,32299,32300,32301,32302,32303,32304,32305,32306,32307,32308,32309,32310,32311,32312,32313,32314,32315,32316,32317,32318,32319,32320,32321,32322,32323,32324,32325,32326,32327,32328,32329,32330,32331,32332,32333,32334,32335,32336,32337,32338,32339,32340,32341,32342,32343,32344,32345,32346,32347,32348,32349,32350,32351,32352,32353,32354,32355,32356,32357,32358,32359,32360,32361,32362,32363,32364,32365,32366,32367,32368,32369,32370,32371,32372,32373,32374,32375,32376,32377,32378,32379,32380,32381,32382,32383,32384,32385,32386,32387,32388,32389,32390,32391,32392,32393,32394,32395,32396,32397,32398,32399,32400,32401,32402,32403,32404,32405,32406,32407,32408,32409,32410,32411,32412,32414,32415,32416,32417,32418,32419,32420,32421,32422,32423,32424,32425,32426,32427,32428,32429,32430,32431,32432,32433,32434,32435,32436,32437,32438,32439,32440,32441,32442,32443,32444,32445,32446,32447,32448,32449,32450,32451,32452,32453,32454,32455,32456,32457,32458,32459,32460,32461,32462,32463,32464,32465,32466,32467,32468}",DEP,2026-03-24 14:41:49.581307+01,gold_establishments_2025,,,,22320001500012,2025,Collectivité Territoriale,Département,['Gers'],['Occitanie'],DEP,{32},{76}
4ce0f58a-fdd3-482a-8e5f-9d3d769a79ce,223300013,Département Gironde,false,"{33001,33002,33003,33004,33005,33006,33007,33008,33009,33010,33011,33012,33013,33014,33015,33016,33017,33018,33019,33020,33021,33022,33023,33024,33025,33026,33027,33028,33029,33030,33031,33032,33033,33034,33035,33036,33037,33038,33039,33040,33042,33043,33044,33045,33046,33047,33048,33049,33050,33051,33052,33053,33054,33055,33056,33057,33058,33059,33060,33061,33062,33063,33064,33065,33066,33067,33068,33069,33070,33071,33072,33073,33074,33075,33076,33077,33078,33079,33080,33081,33082,33083,33084,33085,33086,33087,33088,33089,33090,33093,33094,33095,33096,33097,33098,33099,33100,33101,33102,33103,33104,33105,33106,33108,33109,33111,33112,33113,33114,33115,33116,33117,33118,33119,33120,33121,33122,33123,33124,33125,33126,33127,33128,33129,33130,33131,33132,33133,33134,33135,33136,33137,33138,33139,33140,33141,33142,33143,33144,33145,33146,33147,33148,33149,33150,33151,33152,33153,33154,33155,33156,33157,33158,33159,33160,33161,33162,33163,33164,33165,33166,33167,33168,33169,33170,33171,33172,33173,33174,33175,33176,33177,33178,33179,33180,33181,33182,33183,33184,33185,33186,33187,33188,33189,33190,33191,33192,33193,33194,33195,33196,33197,33198,33199,33200,33201,33202,33203,33204,33205,33206,33207,33208,33209,33210,33211,33212,33213,33214,33215,33216,33218,33219,33220,33221,33222,33223,33224,33225,33226,33227,33228,33229,33230,33231,33232,33233,33234,33235,33236,33237,33238,33239,33240,33241,33242,33243,33244,33245,33246,33247,33248,33249,33250,33251,33252,33253,33254,33255,33256,33257,33258,33259,33260,33261,33262,33263,33264,33266,33268,33269,33270,33271,33272,33273,33274,33275,33276,33277,33278,33279,33280,33281,33282,33283,33284,33285,33287,33288,33289,33290,33291,33292,33293,33294,33295,33296,33297,33298,33299,33300,33301,33302,33303,33304,33305,33306,33307,33308,33309,33310,33311,33312,33314,33315,33316,33317,33318,33319,33320,33321,33322,33323,33324,33325,33326,33327,33328,33329,33330,33331,33332,33333,33334,33335,33336,33337,33339,33341,33342,33343,33344,33345,33346,33347,33348,33349,33350,33351,33352,33353,33354,33355,33356,33357,33358,33359,33360,33361,33362,33363,33364,33365,33366,33367,33369,33370,33372,33373,33374,33375,33376,33377,33378,33379,33380,33381,33382,33383,33384,33385,33386,33387,33388,33389,33390,33391,33392,33393,33394,33395,33396,33397,33398,33399,33400,33401,33402,33403,33404,33405,33406,33407,33408,33411,33412,33413,33414,33415,33416,33417,33418,33419,33420,33421,33422,33423,33424,33425,33426,33427,33428,33429,33431,33432,33433,33434,33435,33436,33437,33438,33439,33440,33441,33442,33443,33444,33445,33446,33447,33448,33449,33450,33451,33452,33453,33454,33456,33457,33458,33459,33460,33461,33462,33463,33464,33465,33466,33467,33468,33470,33471,33472,33473,33474,33475,33476,33477,33478,33479,33480,33481,33482,33483,33484,33485,33486,33487,33488,33489,33490,33491,33492,33493,33494,33496,33498,33499,33500,33501,33502,33503,33504,33505,33506,33507,33508,33509,33510,33511,33512,33513,33514,33515,33516,33517,33518,33519,33520,33521,33522,33523,33524,33525,33526,33527,33528,33529,33530,33531,33532,33533,33534,33535,33536,33537,33538,33539,33540,33541,33542,33543,33544,33545,33546,33547,33548,33549,33550,33551,33552,33553,33554,33555}",DEP,2026-03-24 14:41:49.581307+01,gold_establishments_2025,,,,22330001300016,2025,Collectivité Territoriale,Département,['Gironde'],['Nouvelle-Aquitaine'],DEP,{33},{75}
d33d1cdf-3c50-4672-b5a1-b28551a88c7c,229710017,Département Guadeloupe,false,"{97101,97102,97103,97104,97105,97106,97107,97108,97109,97110,97111,97112,97113,97114,97115,97116,97117,97118,97119,97120,97121,97122,97124,97125,97126,97128,97129,97130,97131,97132,97133,97134}",DEP,2026-03-24 14:41:49.581307+01,gold_establishments_2025,,,,22971001700018,2025,Collectivité Territoriale,Département,['Guadeloupe'],['Guadeloupe'],DEP,{971},{01}
f7d27d2a-f81a-4c79-b457-58a5c358fb2a,223100017,Département Haute-Garonne,false,"{31001,31002,31003,31004,31005,31006,31007,31008,31009,31010,31011,31012,31013,31014,31015,31017,31018,31019,31020,31021,31022,31023,31024,31025,31026,31027,31028,31029,31030,31031,31032,31033,31034,31035,31036,31037,31038,31039,31040,31041,31042,31043,31044,31045,31046,31047,31048,31049,31050,31051,31052,31053,31054,31055,31056,31057,31058,31059,31060,31061,31062,31063,31064,31065,31066,31067,31068,31069,31070,31071,31072,31073,31074,31075,31076,31077,31078,31079,31080,31081,31082,31083,31084,31085,31086,31087,31088,31089,31090,31091,31092,31093,31094,31095,31096,31097,31098,31099,31100,31101,31102,31103,31104,31105,31106,31107,31108,31109,31110,31111,31112,31113,31114,31115,31116,31117,31118,31119,31120,31121,31122,31123,31124,31125,31126,31127,31128,31129,31130,31131,31132,31133,31134,31135,31136,31137,31138,31139,31140,31141,31142,31143,31144,31145,31146,31147,31148,31149,31150,31151,31152,31153,31155,31156,31157,31158,31159,31160,31161,31162,31163,31164,31165,31166,31167,31168,31169,31170,31171,31172,31173,31174,31175,31176,31177,31178,31179,31180,31181,31182,31183,31184,31185,31186,31187,31188,31189,31190,31191,31192,31193,31194,31195,31196,31197,31198,31199,31200,31201,31202,31203,31204,31205,31206,31207,31208,31209,31210,31211,31212,31213,31215,31216,31217,31218,31219,31220,31221,31222,31223,31224,31225,31226,31227,31228,31229,31230,31231,31232,31233,31234,31235,31236,31237,31238,31239,31240,31241,31242,31243,31244,31245,31246,31247,31248,31249,31250,31251,31252,31253,31254,31255,31256,31258,31259,31260,31261,31262,31263,31264,31265,31266,31267,31268,31269,31270,31271,31272,31273,31274,31275,31276,31277,31278,31279,31280,31281,31282,31283,31284,31285,31286,31287,31288,31289,31290,31291,31292,31293,31294,31295,31296,31297,31299,31300,31301,31302,31303,31304,31305,31306,31308,31309,31310,31311,31312,31313,31314,31315,31316,31317,31318,31319,31320,31321,31322,31323,31324,31325,31326,31327,31328,31329,31330,31331,31332,31333,31334,31335,31336,31337,31338,31339,31340,31341,31342,31343,31344,31345,31346,31347,31348,31349,31350,31351,31352,31353,31354,31355,31356,31357,31358,31359,31360,31361,31362,31363,31364,31365,31366,31367,31368,31369,31370,31371,31372,31373,31374,31375,31376,31377,31378,31379,31380,31381,31382,31383,31384,31385,31386,31387,31388,31389,31390,31391,31392,31393,31394,31395,31396,31397,31398,31399,31400,31401,31402,31403,31404,31405,31406,31407,31408,31409,31410,31411,31412,31413,31414,31415,31416,31417,31418,31419,31420,31421,31422,31423,31424,31425,31426,31427,31428,31429,31430,31431,31432,31433,31434,31435,31436,31437,31439,31440,31441,31442,31443,31444,31445,31446,31447,31448,31449,31450,31451,31452,31453,31454,31455,31456,31457,31458,31459,31460,31461,31462,31463,31464,31465,31466,31467,31468,31469,31470,31471,31472,31473,31474,31475,31476,31477,31478,31479,31480,31481,31482,31483,31484,31485,31486,31487,31488,31489,31490,31491,31492,31493,31494,31495,31496,31497,31498,31499,31500,31501,31502,31503,31504,31505,31506,31507,31508,31509,31510,31511,31512,31513,31514,31515,31516,31517,31518,31519,31520,31521,31522,31523,31524,31525,31526,31527,31528,31529,31530,31531,31532,31533,31534,31535,31536,31537,31538,31539,31540,31541,31542,31543,31544,31545,31546,31547,31548,31549,31550,31551,31552,31553,31554,31555,31556,31557,31558,31559,31560,31561,31562,31563,31564,31565,31566,31567,31568,31569,31570,31571,31572,31573,31574,31575,31576,31577,31578,31579,31580,31581,31582,31583,31584,31585,31586,31587,31588,31589,31590,31591,31592,31593}",DEP,2026-03-24 14:41:49.581307+01,gold_establishments_2025,,,,22310001700423,2025,Collectivité Territoriale,Département,['Haute-Garonne'],['Occitanie'],DEP,{31},{76}
4b5a1693-7166-478f-88c5-c1992356539a,224300012,Département Haute-Loire,false,"{43001,43002,43003,43004,43005,43006,43007,43008,43009,43010,43011,43012,43013,43014,43015,43016,43017,43018,43019,43020,43021,43022,43023,43024,43025,43026,43027,43028,43029,43030,43031,43032,43033,43034,43035,43036,43037,43038,43039,43040,43041,43042,43043,43044,43045,43046,43047,43048,43049,43050,43051,43052,43053,43054,43055,43056,43057,43058,43059,43060,43061,43062,43063,43064,43065,43066,43067,43068,43069,43070,43071,43072,43073,43074,43075,43076,43077,43078,43079,43080,43082,43083,43084,43085,43086,43087,43088,43089,43090,43091,43092,43093,43094,43095,43096,43097,43098,43099,43100,43101,43102,43103,43104,43105,43106,43107,43108,43109,43110,43111,43112,43113,43114,43115,43116,43117,43118,43119,43120,43121,43122,43123,43124,43125,43126,43127,43128,43129,43130,43131,43132,43133,43134,43135,43136,43137,43138,43139,43140,43141,43142,43143,43144,43145,43147,43148,43149,43150,43151,43152,43153,43154,43155,43156,43157,43158,43159,43160,43162,43163,43164,43165,43166,43167,43168,43169,43170,43171,43172,43173,43174,43175,43177,43178,43180,43181,43182,43183,43184,43185,43186,43187,43188,43189,43190,43191,43192,43193,43194,43195,43196,43197,43198,43199,43200,43201,43202,43203,43204,43205,43206,43207,43208,43210,43211,43212,43213,43214,43215,43216,43217,43218,43219,43220,43221,43222,43223,43224,43225,43226,43227,43228,43229,43230,43231,43232,43233,43234,43236,43237,43238,43239,43240,43241,43242,43244,43245,43246,43247,43249,43250,43251,43252,43253,43254,43256,43257,43258,43259,43260,43261,43262,43263,43264,43265,43267,43268}",DEP,2026-03-24 14:41:49.581307+01,gold_establishments_2025,,,,22430001200016,2025,Collectivité Territoriale,Département,['Haute-Loire'],['Auvergne-Rhône-Alpes'],DEP,{43},{84}
56490795-2dd1-40cc-9fb6-c051c2683080,225200013,Département Haute-Marne,false,"{52001,52002,52003,52004,52005,52006,52007,52008,52009,52011,52012,52013,52014,52015,52016,52017,52019,52021,52022,52023,52025,52027,52028,52029,52030,52031,52033,52034,52035,52037,52038,52039,52040,52042,52043,52044,52045,52047,52050,52051,52053,52055,52056,52057,52058,52059,52060,52061,52062,52063,52064,52065,52066,52067,52069,52070,52072,52074,52075,52076,52079,52082,52083,52084,52085,52087,52088,52089,52090,52091,52092,52093,52094,52095,52097,52099,52101,52102,52103,52104,52105,52106,52107,52108,52109,52110,52113,52114,52115,52116,52118,52119,52120,52121,52122,52123,52124,52125,52126,52127,52128,52129,52130,52131,52132,52133,52134,52135,52136,52137,52138,52140,52141,52142,52145,52146,52147,52149,52151,52155,52156,52157,52158,52159,52160,52161,52162,52163,52164,52165,52167,52168,52169,52170,52171,52172,52173,52174,52175,52177,52178,52179,52181,52182,52183,52184,52185,52187,52189,52190,52193,52194,52195,52196,52197,52198,52199,52200,52201,52203,52204,52205,52206,52207,52208,52211,52212,52213,52214,52216,52217,52218,52219,52220,52221,52222,52223,52227,52228,52229,52230,52231,52232,52233,52234,52235,52237,52240,52242,52243,52244,52245,52246,52247,52248,52249,52250,52251,52253,52254,52256,52257,52258,52260,52264,52265,52266,52267,52269,52271,52272,52273,52274,52275,52276,52277,52278,52280,52282,52284,52285,52286,52287,52288,52289,52290,52291,52292,52294,52295,52297,52298,52300,52301,52302,52303,52304,52305,52306,52307,52308,52310,52311,52312,52313,52315,52316,52318,52319,52320,52321,52322,52325,52326,52327,52328,52330,52331,52332,52335,52336,52337,52341,52342,52344,52346,52347,52348,52349,52350,52352,52353,52354,52355,52356,52357,52358,52359,52360,52362,52363,52364,52365,52366,52367,52369,52370,52371,52372,52373,52374,52375,52376,52377,52378,52380,52383,52384,52385,52386,52388,52390,52391,52392,52393,52394,52395,52396,52397,52398,52399,52400,52401,52403,52405,52406,52407,52411,52413,52414,52415,52416,52419,52420,52421,52422,52423,52424,52425,52426,52428,52429,52431,52432,52433,52436,52437,52438,52439,52440,52442,52443,52444,52445,52446,52447,52448,52449,52450,52452,52453,52455,52456,52457,52459,52461,52463,52464,52465,52467,52468,52469,52470,52472,52473,52474,52475,52476,52479,52480,52482,52483,52484,52486,52487,52488,52489,52490,52491,52492,52493,52494,52495,52497,52499,52500,52502,52503,52504,52505,52506,52507,52510,52511,52512,52513,52514,52515,52516,52517,52518,52519,52520,52522,52523,52524,52525,52526,52528,52529,52534,52535,52536,52538,52539,52540,52541,52542,52543,52544,52545,52546,52547,52548,52549,52550}",DEP,2026-03-24 14:41:49.581307+01,gold_establishments_2025,,,,22520001300012,2025,Collectivité Territoriale,Département,['Haute-Marne'],['Grand Est'],DEP,{52},{44}
1deea78e-bac0-4f59-8c48-553faa660c1f,227400017,Département Haute-Savoie,false,"{74001,74002,74003,74004,74005,74006,74007,74008,74009,74010,74012,74013,74014,74015,74016,74018,74019,74020,74021,74024,74025,74026,74027,74029,74030,74031,74032,74033,74034,74035,74036,74037,74038,74040,74041,74042,74043,74044,74045,74046,74048,74049,74050,74051,74052,74053,74054,74055,74056,74057,74058,74059,74060,74061,74062,74063,74064,74065,74066,74067,74068,74069,74070,74071,74072,74073,74074,74075,74076,74077,74078,74079,74080,74081,74082,74083,74085,74086,74087,74088,74089,74090,74091,74094,74095,74096,74097,74098,74099,74100,74101,74102,74103,74104,74105,74106,74107,74108,74109,74111,74112,74114,74116,74117,74118,74119,74121,74122,74123,74124,74126,74127,74128,74129,74130,74131,74133,74134,74135,74136,74137,74138,74139,74140,74141,74142,74143,74144,74145,74146,74147,74148,74150,74151,74152,74153,74154,74155,74156,74157,74158,74159,74160,74161,74162,74163,74164,74165,74166,74167,74168,74169,74170,74171,74172,74173,74174,74175,74176,74177,74178,74179,74180,74183,74184,74185,74186,74188,74189,74190,74191,74192,74193,74194,74195,74196,74197,74198,74199,74200,74201,74202,74203,74205,74206,74208,74209,74210,74211,74212,74213,74215,74216,74218,74219,74220,74221,74222,74223,74224,74225,74226,74228,74229,74231,74232,74233,74234,74235,74236,74237,74238,74239,74240,74241,74242,74243,74244,74249,74250,74252,74253,74254,74255,74256,74257,74258,74259,74260,74261,74262,74263,74264,74265,74266,74267,74269,74271,74272,74273,74275,74276,74278,74279,74280,74281,74282,74283,74284,74285,74286,74287,74288,74289,74290,74291,74292,74293,74294,74295,74296,74297,74298,74299,74301,74302,74303,74304,74305,74306,74307,74308,74309,74310,74311,74312,74313,74314,74315}",DEP,2026-03-24 14:41:49.581307+01,gold_establishments_2025,,,,22740001700074,2025,Collectivité Territoriale,Département,['Haute-Savoie'],['Auvergne-Rhône-Alpes'],DEP,{74},{84}
bf0c7f8f-bfbe-4081-b82f-42b95c3335e7,227000015,Département Haute-Saône,false,"{70001,70002,70003,70004,70005,70006,70007,70008,70009,70010,70011,70012,70013,70014,70015,70016,70017,70018,70019,70020,70021,70022,70023,70024,70025,70026,70027,70028,70029,70030,70031,70032,70035,70036,70037,70038,70039,70040,70041,70042,70043,70044,70045,70046,70047,70048,70049,70050,70051,70052,70053,70054,70055,70056,70057,70058,70059,70060,70061,70062,70063,70064,70065,70066,70067,70069,70070,70071,70072,70074,70075,70076,70077,70078,70079,70080,70081,70082,70083,70084,70085,70086,70087,70088,70089,70090,70091,70092,70093,70094,70095,70096,70097,70098,70099,70100,70101,70102,70103,70104,70105,70106,70107,70109,70111,70112,70113,70114,70115,70116,70117,70118,70119,70120,70121,70122,70124,70125,70126,70127,70128,70129,70130,70132,70133,70134,70135,70136,70137,70138,70140,70141,70142,70143,70144,70145,70146,70147,70148,70149,70150,70151,70152,70153,70154,70155,70156,70157,70158,70159,70160,70162,70163,70164,70165,70166,70167,70168,70169,70170,70171,70172,70174,70175,70176,70177,70178,70179,70180,70181,70182,70183,70184,70185,70186,70187,70188,70189,70190,70192,70193,70194,70195,70196,70197,70198,70199,70200,70201,70202,70203,70204,70205,70206,70207,70208,70210,70211,70213,70214,70215,70216,70217,70218,70219,70220,70221,70222,70224,70225,70226,70227,70228,70229,70230,70231,70232,70233,70234,70235,70236,70237,70238,70239,70240,70242,70243,70244,70245,70247,70248,70249,70250,70251,70252,70253,70254,70255,70256,70257,70258,70259,70260,70261,70262,70263,70265,70267,70268,70269,70271,70272,70273,70274,70275,70276,70277,70278,70279,70280,70282,70283,70284,70285,70286,70287,70288,70289,70290,70291,70292,70293,70294,70295,70296,70297,70298,70299,70301,70302,70303,70304,70305,70306,70307,70308,70309,70310,70311,70312,70313,70314,70315,70316,70317,70318,70319,70320,70321,70322,70323,70324,70325,70326,70327,70328,70329,70330,70331,70332,70334,70335,70336,70337,70338,70339,70340,70341,70342,70343,70344,70347,70348,70349,70350,70351,70352,70353,70355,70356,70357,70358,70359,70360,70361,70362,70363,70364,70366,70367,70368,70369,70371,70372,70373,70374,70376,70378,70380,70381,70383,70384,70385,70386,70387,70388,70389,70390,70392,70393,70394,70395,70396,70397,70398,70399,70400,70401,70402,70403,70404,70405,70406,70407,70408,70409,70410,70411,70412,70413,70414,70415,70416,70417,70418,70419,70420,70421,70422,70423,70425,70426,70427,70428,70429,70430,70431,70432,70433,70435,70436,70437,70438,70439,70440,70441,70442,70443,70444,70445,70446,70447,70448,70449,70450,70451,70452,70453,70454,70455,70456,70457,70459,70460,70461,70462,70463,70464,70466,70467,70468,70469,70470,70471,70472,70473,70474,70476,70477,70478,70479,70480,70481,70482,70483,70484,70485,70486,70487,70488,70489,70490,70491,70492,70493,70494,70496,70498,70499,70500,70501,70502,70503,70504,70505,70506,70507,70509,70510,70511,70512,70513,70514,70515,70516,70517,70518,70519,70520,70521,70522,70523,70524,70525,70526,70527,70528,70529,70531,70532,70533,70534,70535,70536,70537,70538,70539,70540,70541,70542,70544,70545,70546,70547,70548,70549,70550,70552,70553,70554,70555,70558,70559,70560,70561,70562,70563,70564,70565,70566,70567,70568,70569,70571,70572,70573,70574,70575,70576,70577,70578,70579,70580,70581,70582,70583}",DEP,2026-03-24 14:41:49.581307+01,gold_establishments_2025,,,,22700001500015,2025,Collectivité Territoriale,Département,['Haute-Saône'],['Bourgogne-Franche-Comté'],DEP,{70},{27}
0bb6269e-9543-437a-b8d1-2e989c487bd6,228708517,Département Haute-Vienne,false,"{87001,87002,87003,87004,87005,87006,87007,87008,87009,87011,87012,87013,87014,87015,87016,87017,87018,87019,87020,87021,87022,87023,87024,87025,87027,87028,87029,87030,87031,87032,87033,87034,87035,87036,87037,87038,87039,87040,87041,87042,87043,87044,87045,87046,87047,87048,87049,87050,87051,87052,87053,87054,87056,87057,87058,87059,87060,87061,87062,87063,87064,87065,87066,87067,87068,87069,87070,87071,87072,87073,87074,87075,87076,87077,87078,87079,87080,87081,87082,87083,87084,87085,87086,87087,87088,87089,87090,87091,87092,87093,87094,87095,87096,87097,87099,87100,87101,87103,87104,87105,87106,87107,87108,87109,87110,87111,87112,87113,87114,87115,87116,87117,87118,87119,87120,87121,87122,87123,87124,87125,87126,87127,87128,87129,87130,87131,87132,87133,87134,87135,87137,87138,87139,87140,87141,87142,87143,87144,87145,87146,87147,87148,87149,87150,87151,87152,87153,87154,87155,87156,87157,87158,87159,87160,87161,87162,87163,87164,87165,87166,87167,87168,87169,87170,87172,87174,87176,87177,87178,87179,87180,87181,87182,87183,87185,87186,87187,87188,87189,87190,87191,87192,87193,87194,87195,87197,87198,87199,87200,87201,87202,87203,87204,87205,87206}",DEP,2026-03-24 14:41:49.581307+01,gold_establishments_2025,,,,22870851700989,2025,Collectivité Territoriale,Département,['Haute-Vienne'],['Nouvelle-Aquitaine'],DEP,{87},{75}
6576ab4a-9f11-45dc-92ec-3a059145ac2d,220500011,Département Hautes-Alpes,false,"{05001,05003,05004,05006,05007,05008,05009,05010,05011,05012,05013,05014,05016,05017,05018,05019,05021,05022,05023,05024,05025,05026,05027,05028,05029,05031,05032,05033,05035,05036,05037,05038,05039,05040,05044,05045,05046,05047,05048,05049,05050,05051,05052,05053,05054,05055,05056,05057,05058,05059,05060,05061,05062,05063,05064,05065,05066,05068,05070,05071,05072,05073,05074,05075,05076,05077,05078,05079,05080,05081,05082,05084,05085,05086,05087,05089,05090,05091,05092,05093,05094,05095,05096,05097,05098,05099,05100,05101,05102,05103,05104,05106,05107,05108,05109,05110,05111,05112,05113,05114,05115,05116,05117,05118,05119,05121,05122,05123,05124,05126,05127,05128,05129,05130,05131,05132,05133,05134,05135,05136,05139,05140,05142,05144,05145,05146,05147,05148,05149,05151,05152,05153,05154,05155,05156,05157,05158,05159,05160,05161,05162,05163,05164,05165,05166,05167,05168,05169,05170,05171,05172,05173,05174,05176,05177,05178,05179,05180,05181,05182,05183,05184}",DEP,2026-03-24 14:41:49.581307+01,gold_establishments_2025,,,,22050001100089,2025,Collectivité Territoriale,Département,['Hautes-Alpes'],"[""Provence-Alpes-Côte d'Azur""]",DEP,{05},{93}
b397b058-c619-46a9-a271-4379bdf99ab2,226500015,Département Hautes-Pyrénées,false,"{65001,65002,65003,65004,65005,65006,65007,65009,65010,65011,65012,65013,65014,65015,65016,65017,65018,65019,65020,65021,65022,65023,65024,65025,65026,65028,65029,65031,65032,65033,65034,65035,65036,65037,65038,65039,65040,65041,65042,65043,65044,65045,65046,65047,65048,65049,65050,65051,65052,65053,65054,65055,65056,65057,65058,65059,65060,65061,65062,65063,65064,65065,65066,65067,65068,65069,65070,65071,65072,65073,65074,65075,65076,65077,65078,65079,65080,65081,65082,65083,65084,65085,65086,65087,65088,65089,65090,65091,65092,65093,65094,65095,65096,65097,65098,65099,65100,65101,65102,65103,65104,65105,65106,65107,65108,65109,65110,65111,65112,65113,65114,65115,65116,65117,65118,65119,65120,65121,65123,65124,65125,65126,65127,65128,65129,65130,65131,65132,65133,65134,65135,65136,65137,65138,65139,65140,65141,65142,65143,65144,65145,65146,65147,65148,65149,65150,65151,65153,65154,65155,65156,65157,65158,65159,65160,65161,65162,65163,65164,65165,65166,65167,65168,65169,65170,65171,65172,65173,65174,65175,65176,65177,65178,65179,65180,65181,65182,65183,65184,65185,65186,65187,65189,65190,65191,65192,65193,65194,65195,65196,65197,65198,65199,65200,65201,65202,65203,65204,65205,65206,65207,65208,65209,65210,65211,65212,65213,65214,65215,65216,65217,65218,65219,65220,65221,65222,65223,65224,65225,65226,65228,65229,65230,65231,65232,65233,65234,65235,65236,65237,65238,65239,65240,65241,65242,65243,65244,65245,65247,65248,65249,65250,65251,65252,65253,65254,65255,65256,65257,65258,65259,65260,65261,65262,65263,65264,65265,65266,65267,65268,65269,65270,65271,65272,65273,65274,65275,65276,65277,65278,65279,65280,65281,65282,65283,65284,65285,65286,65287,65288,65289,65290,65291,65292,65293,65294,65295,65296,65297,65298,65299,65300,65301,65303,65304,65305,65306,65307,65308,65309,65310,65311,65313,65314,65315,65316,65317,65318,65319,65320,65321,65322,65323,65324,65325,65326,65327,65328,65329,65330,65331,65332,65333,65334,65335,65336,65337,65338,65339,65340,65341,65342,65343,65344,65345,65346,65347,65348,65349,65350,65351,65352,65353,65354,65355,65356,65357,65358,65359,65360,65361,65362,65363,65364,65366,65367,65368,65369,65370,65371,65372,65373,65374,65375,65376,65377,65378,65379,65380,65381,65382,65383,65384,65385,65386,65387,65388,65389,65390,65391,65392,65393,65394,65395,65396,65397,65398,65399,65400,65401,65402,65403,65404,65405,65406,65407,65408,65409,65410,65411,65412,65413,65414,65415,65416,65417,65418,65419,65420,65421,65422,65423,65424,65425,65426,65427,65428,65429,65430,65431,65432,65433,65435,65436,65437,65438,65439,65440,65441,65442,65443,65444,65445,65446,65447,65448,65449,65450,65451,65452,65453,65454,65455,65456,65457,65458,65459,65460,65461,65462,65463,65464,65465,65466,65467,65468,65469,65470,65471,65472,65473,65474,65475,65476,65477,65478,65479,65481,65482}",DEP,2026-03-24 14:41:49.581307+01,gold_establishments_2025,,,,22650001500012,2025,Collectivité Territoriale,Département,['Hautes-Pyrénées'],['Occitanie'],DEP,{65},{76}
362856e4-0122-4348-9e47-e0727ceaf948,229200506,Département Hauts-de-Seine,false,"{92002,92004,92007,92009,92012,92014,92019,92020,92022,92023,92024,92025,92026,92032,92033,92035,92036,92040,92044,92046,92047,92048,92049,92050,92051,92060,92062,92063,92064,92071,92072,92073,92075,92076,92077,92078}",DEP,2026-03-24 14:41:49.581307+01,gold_establishments_2025,,,,22920050600611,2025,Collectivité Territoriale,Département,['Hauts-de-Seine'],['Île-de-France'],DEP,{92},{11}
bc23c4dd-9868-4894-97f1-74537a4a1b24,223400011,Département Hérault,false,"{34001,34002,34003,34004,34005,34006,34007,34008,34009,34010,34011,34012,34013,34014,34015,34016,34017,34018,34019,34020,34021,34022,34023,34024,34025,34026,34027,34028,34029,34030,34031,34032,34033,34034,34035,34036,34037,34038,34039,34040,34041,34042,34043,34044,34045,34046,34047,34048,34049,34050,34051,34052,34053,34054,34055,34056,34057,34058,34059,34060,34061,34062,34063,34064,34065,34066,34067,34068,34069,34070,34071,34072,34073,34074,34075,34076,34077,34078,34079,34080,34081,34082,34083,34084,34085,34086,34087,34088,34089,34090,34091,34092,34094,34095,34096,34097,34098,34099,34100,34101,34102,34103,34104,34105,34106,34107,34108,34109,34110,34111,34112,34113,34114,34115,34116,34117,34118,34119,34120,34121,34122,34123,34124,34125,34126,34127,34128,34129,34130,34131,34132,34133,34134,34135,34136,34137,34138,34139,34140,34141,34142,34143,34144,34145,34146,34147,34148,34149,34150,34151,34152,34153,34154,34155,34156,34157,34158,34159,34160,34161,34162,34163,34164,34165,34166,34167,34168,34169,34170,34171,34172,34173,34174,34175,34176,34177,34178,34179,34180,34181,34182,34183,34184,34185,34186,34187,34188,34189,34190,34191,34192,34193,34194,34195,34196,34197,34198,34199,34200,34201,34202,34203,34204,34205,34206,34207,34208,34209,34210,34211,34212,34213,34214,34215,34216,34217,34218,34219,34220,34221,34222,34223,34224,34225,34226,34227,34228,34229,34230,34231,34232,34233,34234,34235,34236,34237,34238,34239,34240,34241,34242,34243,34244,34245,34246,34247,34248,34249,34250,34251,34252,34253,34254,34255,34256,34257,34258,34259,34260,34261,34262,34263,34264,34265,34266,34267,34268,34269,34270,34271,34272,34273,34274,34276,34277,34278,34279,34280,34281,34282,34283,34284,34285,34286,34287,34288,34289,34290,34291,34292,34293,34294,34295,34296,34297,34298,34299,34300,34301,34302,34303,34304,34305,34306,34307,34308,34309,34310,34311,34312,34313,34314,34315,34316,34317,34318,34319,34320,34321,34322,34323,34324,34325,34326,34327,34328,34329,34331,34332,34333,34334,34335,34336,34337,34338,34339,34340,34341,34342,34343,34344}",DEP,2026-03-24 14:41:49.581307+01,gold_establishments_2025,,,,22340001100076,2025,Collectivité Territoriale,Département,['Hérault'],['Occitanie'],DEP,{34},{76}
28dbcaea-7d58-4f77-9224-a950bf0be326,223500018,Département Ille-et-Vilaine,false,"{35001,35002,35003,35004,35005,35006,35007,35008,35009,35010,35012,35013,35014,35015,35016,35017,35018,35019,35021,35022,35023,35024,35025,35026,35027,35028,35029,35030,35031,35032,35033,35034,35035,35037,35038,35039,35040,35041,35042,35044,35045,35046,35047,35049,35050,35051,35052,35054,35055,35056,35057,35058,35059,35060,35061,35062,35063,35064,35065,35066,35067,35068,35069,35070,35071,35072,35075,35076,35077,35078,35079,35080,35081,35082,35084,35085,35086,35087,35088,35089,35090,35091,35092,35093,35094,35095,35096,35097,35098,35099,35101,35102,35103,35104,35105,35106,35107,35108,35109,35110,35111,35114,35115,35116,35117,35118,35119,35120,35121,35122,35123,35124,35125,35126,35127,35128,35130,35131,35132,35133,35134,35135,35136,35137,35138,35139,35140,35141,35142,35143,35144,35145,35146,35148,35149,35150,35151,35152,35153,35154,35155,35156,35157,35159,35160,35161,35162,35163,35164,35165,35166,35167,35168,35169,35170,35171,35172,35173,35174,35175,35176,35177,35178,35179,35180,35181,35183,35184,35185,35186,35187,35188,35189,35190,35191,35192,35193,35194,35195,35196,35197,35198,35199,35200,35201,35202,35203,35204,35205,35206,35207,35208,35210,35211,35212,35214,35215,35216,35217,35218,35219,35220,35221,35222,35223,35224,35225,35226,35227,35228,35229,35230,35231,35232,35233,35234,35235,35236,35237,35238,35239,35240,35241,35242,35243,35244,35245,35246,35247,35248,35249,35250,35251,35252,35253,35255,35256,35257,35258,35259,35260,35261,35262,35263,35264,35265,35266,35268,35270,35271,35272,35273,35274,35275,35276,35277,35278,35279,35280,35281,35282,35283,35284,35285,35286,35287,35288,35289,35290,35291,35292,35294,35295,35296,35297,35299,35300,35302,35304,35305,35306,35307,35308,35309,35310,35311,35312,35314,35315,35316,35317,35318,35319,35320,35321,35322,35324,35325,35326,35327,35328,35329,35330,35331,35332,35333,35334,35335,35336,35337,35338,35339,35340,35342,35343,35345,35346,35347,35350,35351,35352,35353,35354,35355,35356,35357,35358,35359,35360,35361,35362,35363}",DEP,2026-03-24 14:41:49.581307+01,gold_establishments_2025,,,,22350001800013,2025,Collectivité Territoriale,Département,['Ille-et-Vilaine'],['Bretagne'],DEP,{35},{53}
d3dc32ef-780e-49db-959f-d0b16319ce14,223600016,Département Indre,false,"{36001,36002,36003,36004,36005,36006,36007,36008,36009,36010,36011,36012,36013,36014,36015,36016,36017,36018,36019,36020,36021,36022,36023,36024,36025,36026,36027,36028,36029,36030,36031,36032,36033,36034,36035,36036,36037,36038,36040,36041,36042,36043,36044,36045,36046,36047,36048,36049,36050,36051,36052,36053,36054,36055,36056,36057,36058,36059,36060,36061,36062,36063,36064,36065,36066,36067,36068,36069,36070,36071,36073,36074,36075,36076,36077,36078,36079,36080,36081,36082,36083,36084,36085,36086,36087,36088,36089,36090,36091,36092,36093,36094,36095,36096,36097,36098,36099,36100,36101,36102,36103,36104,36105,36106,36107,36108,36109,36110,36111,36112,36113,36114,36115,36116,36117,36118,36119,36120,36121,36122,36123,36124,36125,36126,36127,36128,36129,36130,36131,36132,36133,36134,36135,36136,36137,36138,36139,36140,36141,36142,36143,36144,36145,36146,36147,36148,36149,36150,36152,36153,36154,36155,36156,36157,36158,36159,36160,36161,36162,36163,36164,36165,36166,36167,36168,36169,36170,36171,36172,36173,36174,36175,36176,36177,36178,36179,36180,36181,36182,36184,36185,36186,36187,36188,36189,36190,36191,36192,36193,36194,36195,36196,36197,36198,36199,36200,36202,36203,36204,36205,36207,36208,36209,36210,36211,36212,36213,36214,36215,36216,36217,36218,36219,36220,36221,36222,36223,36224,36225,36226,36227,36228,36229,36230,36231,36232,36233,36234,36235,36236,36237,36238,36239,36240,36241,36242,36243,36244,36246,36247,36248}",DEP,2026-03-24 14:41:49.581307+01,gold_establishments_2025,,,,22360001600016,2025,Collectivité Territoriale,Département,['Indre'],['Centre-Val de Loire'],DEP,{36},{24}
5b899b55-dfa7-497d-8193-67d411f6b2b6,223700014,Département Indre-et-Loire,false,"{37001,37002,37003,37004,37005,37006,37007,37008,37009,37010,37011,37012,37013,37014,37015,37016,37018,37019,37020,37021,37022,37023,37024,37025,37026,37027,37028,37029,37030,37031,37032,37033,37034,37035,37036,37037,37038,37039,37040,37041,37042,37043,37044,37045,37046,37047,37048,37049,37050,37051,37052,37053,37054,37055,37056,37057,37058,37059,37060,37061,37062,37063,37064,37065,37066,37067,37068,37069,37070,37071,37072,37073,37074,37075,37076,37077,37078,37079,37080,37081,37082,37083,37084,37085,37086,37087,37088,37089,37090,37091,37092,37093,37094,37095,37096,37097,37098,37099,37100,37101,37103,37104,37105,37106,37107,37108,37109,37110,37111,37112,37113,37114,37115,37116,37117,37118,37119,37121,37122,37123,37124,37125,37126,37127,37128,37129,37130,37131,37132,37133,37134,37136,37137,37138,37139,37140,37141,37142,37143,37144,37145,37146,37147,37148,37149,37150,37151,37152,37153,37154,37155,37156,37157,37158,37159,37160,37161,37162,37163,37165,37166,37167,37168,37169,37170,37171,37172,37173,37174,37175,37176,37177,37178,37179,37180,37181,37182,37183,37184,37185,37186,37187,37188,37189,37190,37191,37192,37193,37194,37195,37196,37197,37198,37199,37200,37201,37202,37203,37204,37205,37206,37207,37208,37210,37211,37212,37213,37214,37216,37217,37218,37219,37220,37221,37222,37223,37224,37225,37226,37228,37229,37230,37231,37232,37233,37234,37236,37237,37238,37240,37241,37242,37243,37244,37245,37246,37247,37248,37249,37250,37251,37252,37253,37254,37255,37256,37257,37258,37259,37260,37261,37262,37263,37264,37265,37266,37267,37268,37269,37270,37271,37272,37273,37274,37275,37276,37277,37278,37279,37280,37281,37282}",DEP,2026-03-24 14:41:49.581307+01,gold_establishments_2025,,,,22370001400010,2025,Collectivité Territoriale,Département,['Indre-et-Loire'],['Centre-Val de Loire'],DEP,{37},{24}
4e711a25-ce70-47a7-81f1-fd49875c4624,223800012,Département Isère,false,"{38001,38002,38003,38004,38005,38006,38008,38009,38010,38011,38012,38013,38015,38017,38018,38019,38020,38022,38023,38026,38027,38029,38030,38031,38032,38033,38034,38035,38036,38037,38038,38039,38040,38041,38042,38043,38044,38045,38046,38047,38048,38049,38050,38051,38052,38053,38054,38055,38056,38057,38058,38059,38060,38061,38062,38063,38064,38065,38066,38067,38068,38069,38070,38071,38072,38073,38074,38075,38076,38077,38078,38080,38081,38082,38083,38084,38085,38086,38087,38089,38090,38091,38092,38093,38094,38095,38097,38098,38099,38100,38101,38102,38103,38104,38105,38106,38107,38108,38109,38110,38111,38112,38113,38114,38115,38116,38117,38118,38120,38124,38126,38127,38128,38129,38130,38131,38132,38133,38134,38135,38136,38137,38138,38139,38140,38141,38144,38146,38147,38148,38149,38150,38151,38152,38153,38154,38155,38156,38157,38158,38159,38160,38161,38162,38163,38166,38167,38169,38170,38171,38172,38173,38174,38175,38176,38177,38179,38180,38181,38182,38183,38184,38185,38186,38187,38188,38189,38190,38191,38192,38193,38194,38195,38197,38198,38199,38200,38203,38204,38205,38206,38207,38208,38209,38210,38211,38212,38213,38214,38215,38216,38217,38218,38219,38221,38222,38223,38224,38225,38226,38228,38229,38230,38231,38232,38235,38236,38237,38238,38239,38240,38241,38242,38243,38244,38245,38246,38247,38248,38249,38250,38252,38253,38254,38255,38256,38257,38258,38259,38260,38261,38263,38264,38265,38266,38267,38268,38269,38270,38271,38272,38273,38275,38276,38277,38278,38279,38280,38281,38282,38283,38284,38285,38286,38287,38288,38289,38290,38291,38292,38294,38295,38296,38297,38298,38299,38300,38301,38303,38304,38307,38308,38309,38310,38311,38313,38314,38315,38316,38317,38318,38319,38320,38321,38322,38323,38324,38325,38326,38328,38329,38330,38331,38332,38333,38334,38335,38336,38337,38338,38339,38340,38341,38342,38343,38344,38345,38346,38347,38348,38349,38350,38351,38352,38353,38354,38355,38356,38357,38358,38359,38360,38361,38362,38363,38364,38365,38366,38368,38369,38370,38372,38373,38374,38375,38376,38377,38378,38379,38380,38381,38382,38383,38384,38386,38387,38388,38389,38390,38391,38392,38393,38394,38395,38396,38397,38398,38399,38400,38401,38402,38403,38404,38405,38406,38407,38408,38409,38410,38412,38413,38414,38415,38416,38417,38418,38419,38420,38421,38422,38423,38424,38425,38426,38427,38428,38429,38430,38431,38432,38433,38434,38436,38437,38438,38439,38440,38442,38443,38444,38445,38446,38448,38449,38450,38451,38452,38453,38454,38455,38456,38457,38458,38459,38460,38462,38463,38464,38465,38466,38467,38468,38469,38470,38471,38472,38473,38474,38475,38476,38478,38479,38480,38481,38483,38484,38485,38486,38487,38488,38489,38490,38492,38494,38495,38496,38497,38498,38499,38500,38501,38503,38504,38505,38507,38508,38509,38511,38512,38513,38514,38515,38516,38517,38518,38519,38520,38521,38522,38523,38524,38525,38526,38527,38528,38529,38530,38531,38532,38533,38535,38536,38537,38538,38539,38540,38542,38543,38544,38545,38546,38547,38548,38549,38550,38551,38552,38553,38554,38555,38556,38557,38558,38559,38560,38561,38562,38563,38564,38565,38566,38567}",DEP,2026-03-24 14:41:49.581307+01,gold_establishments_2025,,,,22380001200013,2025,Collectivité Territoriale,Département,['Isère'],['Auvergne-Rhône-Alpes'],DEP,{38},{84}
33201790-22a8-45a1-ae29-b03dc358d3c8,223900010,Département Jura,false,"{39001,39002,39003,39004,39006,39007,39008,39009,39010,39011,39013,39014,39015,39016,39017,39018,39019,39020,39021,39022,39024,39025,39026,39027,39028,39029,39030,39031,39032,39034,39035,39037,39038,39039,39040,39041,39042,39043,39045,39046,39047,39048,39049,39050,39051,39052,39053,39054,39055,39056,39057,39058,39059,39060,39061,39062,39063,39065,39066,39068,39070,39072,39073,39074,39076,39077,39078,39079,39080,39081,39083,39084,39085,39086,39088,39090,39091,39092,39093,39094,39095,39096,39097,39099,39100,39101,39102,39103,39104,39105,39106,39107,39108,39109,39110,39111,39112,39114,39116,39117,39118,39119,39120,39121,39122,39124,39126,39127,39128,39129,39130,39131,39132,39133,39134,39136,39137,39138,39139,39140,39141,39142,39143,39145,39146,39147,39149,39150,39151,39153,39154,39155,39156,39157,39159,39160,39162,39163,39164,39165,39166,39167,39168,39169,39170,39171,39172,39173,39174,39175,39176,39177,39178,39179,39180,39182,39183,39184,39185,39187,39188,39189,39190,39191,39192,39193,39194,39196,39197,39198,39199,39200,39201,39202,39203,39204,39205,39206,39207,39208,39209,39210,39211,39214,39216,39217,39218,39219,39220,39221,39222,39223,39225,39227,39228,39229,39230,39232,39233,39234,39235,39236,39237,39238,39239,39240,39241,39244,39245,39246,39247,39248,39249,39250,39251,39252,39253,39254,39255,39258,39259,39261,39262,39263,39265,39266,39267,39268,39269,39270,39271,39272,39273,39274,39275,39277,39278,39279,39280,39281,39282,39283,39284,39285,39286,39288,39289,39290,39291,39292,39293,39295,39296,39297,39298,39299,39300,39301,39302,39304,39305,39306,39307,39308,39310,39312,39313,39314,39315,39317,39318,39319,39320,39321,39322,39323,39324,39325,39326,39327,39328,39329,39330,39331,39333,39334,39335,39336,39337,39338,39339,39342,39343,39344,39345,39346,39348,39349,39350,39351,39352,39353,39354,39355,39356,39359,39360,39361,39362,39363,39364,39365,39366,39367,39368,39370,39372,39373,39375,39376,39377,39378,39379,39380,39381,39385,39386,39387,39388,39389,39390,39391,39392,39393,39394,39396,39397,39398,39399,39400,39401,39402,39403,39404,39405,39406,39407,39408,39409,39411,39412,39413,39415,39418,39419,39420,39421,39422,39423,39424,39425,39426,39427,39428,39429,39430,39431,39432,39434,39435,39436,39437,39439,39441,39443,39444,39445,39446,39447,39448,39449,39451,39452,39453,39454,39455,39456,39457,39458,39460,39461,39462,39463,39464,39465,39466,39467,39468,39469,39470,39471,39472,39473,39475,39476,39477,39478,39479,39480,39481,39485,39486,39487,39489,39490,39491,39492,39493,39494,39495,39497,39498,39499,39500,39501,39502,39503,39504,39505,39507,39508,39510,39511,39512,39513,39514,39517,39518,39519,39520,39522,39523,39525,39526,39527,39528,39529,39530,39531,39532,39533,39534,39535,39537,39538,39539,39540,39543,39545,39546,39547,39550,39551,39552,39553,39554,39555,39556,39557,39558,39559,39560,39561,39565,39567,39568,39569,39570,39571,39572,39573,39574,39575,39576,39577,39579,39581,39582,39583,39584,39585,39586}",DEP,2026-03-24 14:41:49.581307+01,gold_establishments_2025,,,,22390001000362,2025,Collectivité Territoriale,Département,['Jura'],['Bourgogne-Franche-Comté'],DEP,{39},{27}
c99639a1-2479-4580-941b-554de4c19dc9,229740014,Département La Réunion,false,"{97401,97402,97403,97404,97405,97406,97407,97408,97409,97410,97411,97412,97413,97414,97415,97416,97417,97418,97419,97420,97421,97422,97423,97424}",DEP,2026-03-24 14:41:49.581307+01,gold_establishments_2025,,,,22974001400019,2025,Collectivité Territoriale,Département,['La Réunion'],['La Réunion'],DEP,{974},{04}
a8c64e02-cac3-475c-a480-596d1ada58dd,224000018,Département Landes,false,"{40001,40002,40003,40004,40005,40006,40007,40008,40011,40012,40013,40014,40015,40016,40017,40018,40019,40020,40021,40022,40023,40024,40025,40026,40027,40028,40029,40030,40031,40032,40033,40034,40035,40036,40037,40038,40039,40040,40041,40042,40043,40044,40046,40047,40049,40050,40051,40052,40053,40054,40055,40056,40057,40058,40059,40060,40061,40062,40063,40064,40065,40066,40067,40068,40069,40070,40071,40072,40073,40074,40075,40076,40077,40078,40079,40080,40081,40082,40083,40084,40085,40086,40087,40088,40089,40090,40091,40092,40093,40094,40095,40096,40097,40098,40099,40100,40101,40102,40103,40104,40105,40106,40108,40109,40110,40111,40112,40113,40114,40115,40116,40117,40118,40119,40120,40121,40122,40123,40124,40125,40126,40127,40128,40129,40130,40131,40132,40133,40134,40135,40136,40137,40138,40139,40140,40141,40142,40143,40144,40145,40146,40147,40148,40149,40150,40151,40152,40153,40154,40155,40156,40157,40158,40159,40160,40161,40162,40163,40164,40165,40166,40167,40168,40169,40170,40171,40172,40173,40174,40175,40176,40177,40178,40179,40180,40181,40182,40183,40184,40185,40186,40187,40188,40189,40190,40191,40192,40193,40194,40195,40196,40197,40198,40199,40200,40201,40202,40203,40204,40205,40206,40207,40208,40209,40210,40211,40212,40213,40214,40215,40216,40217,40218,40219,40220,40221,40222,40223,40224,40225,40226,40227,40228,40229,40230,40231,40232,40233,40234,40235,40236,40237,40238,40239,40240,40242,40243,40244,40245,40246,40247,40248,40249,40250,40251,40252,40253,40254,40255,40256,40257,40258,40259,40260,40261,40262,40263,40264,40265,40266,40267,40268,40269,40270,40271,40272,40273,40274,40275,40276,40277,40278,40279,40280,40281,40282,40283,40284,40285,40286,40287,40288,40289,40290,40291,40292,40293,40294,40295,40296,40297,40298,40299,40300,40301,40303,40304,40305,40306,40307,40308,40309,40310,40311,40312,40313,40314,40315,40316,40317,40318,40319,40320,40321,40322,40323,40324,40325,40326,40327,40328,40329,40330,40331,40332,40333,40334}",DEP,2026-03-24 14:41:49.581307+01,gold_establishments_2025,,,,22400001800016,2025,Collectivité Territoriale,Département,['Landes'],['Nouvelle-Aquitaine'],DEP,{40},{75}
f359b214-0bf2-45bc-8f9d-5aed2cd8420d,224100016,Département Loir-et-Cher,false,"{41001,41002,41003,41004,41006,41007,41008,41009,41010,41012,41013,41014,41016,41017,41018,41019,41020,41022,41024,41025,41026,41027,41028,41029,41030,41031,41032,41034,41035,41036,41037,41038,41039,41040,41041,41042,41043,41044,41045,41046,41047,41048,41049,41050,41051,41052,41053,41054,41055,41057,41058,41059,41060,41061,41062,41063,41065,41066,41067,41068,41069,41070,41071,41072,41073,41074,41075,41077,41078,41079,41080,41081,41083,41084,41085,41086,41087,41088,41089,41090,41091,41093,41094,41095,41096,41097,41098,41099,41100,41101,41102,41103,41104,41105,41106,41107,41108,41109,41110,41112,41113,41114,41115,41116,41118,41119,41120,41121,41122,41123,41124,41125,41126,41127,41128,41129,41130,41131,41132,41134,41135,41136,41137,41138,41139,41140,41141,41142,41143,41144,41145,41146,41147,41148,41149,41150,41151,41152,41153,41154,41155,41156,41157,41158,41159,41160,41161,41163,41164,41166,41167,41168,41171,41172,41173,41174,41175,41176,41177,41178,41179,41180,41181,41182,41184,41185,41186,41187,41188,41189,41190,41191,41192,41193,41194,41195,41196,41198,41199,41200,41201,41203,41204,41205,41206,41207,41208,41209,41211,41212,41213,41214,41215,41216,41217,41218,41219,41220,41221,41222,41223,41224,41225,41226,41228,41229,41230,41231,41232,41233,41234,41235,41236,41237,41238,41239,41241,41242,41243,41245,41246,41247,41248,41249,41250,41251,41252,41253,41254,41255,41256,41258,41259,41260,41261,41262,41265,41266,41267,41268,41269,41271,41273,41274,41275,41276,41277,41278,41279,41280,41281,41282,41283,41284,41285,41286,41287,41288,41289,41290,41291,41292,41293,41294,41295,41296,41297}",DEP,2026-03-24 14:41:49.581307+01,gold_establishments_2025,,,,22410001600019,2025,Collectivité Territoriale,Département,['Loir-et-Cher'],['Centre-Val de Loire'],DEP,{41},{24}
8735fb5f-1f2b-49c9-b069-d54e7e621a48,224200014,Département Loire,false,"{42001,42002,42003,42005,42006,42007,42008,42009,42010,42011,42012,42013,42014,42015,42016,42017,42018,42019,42020,42021,42022,42023,42025,42026,42027,42028,42029,42030,42031,42032,42033,42034,42035,42036,42037,42038,42039,42040,42041,42042,42043,42044,42045,42046,42047,42048,42049,42050,42051,42052,42053,42054,42055,42056,42058,42059,42060,42061,42062,42063,42064,42065,42066,42067,42068,42069,42070,42071,42073,42074,42075,42076,42077,42078,42079,42081,42083,42084,42085,42086,42087,42088,42089,42090,42091,42092,42093,42094,42095,42096,42097,42098,42099,42100,42101,42102,42103,42104,42105,42106,42107,42108,42110,42112,42113,42115,42116,42117,42118,42119,42120,42121,42122,42123,42124,42125,42126,42127,42128,42129,42130,42131,42132,42133,42134,42135,42136,42137,42138,42139,42140,42141,42142,42143,42145,42146,42147,42148,42149,42150,42151,42152,42153,42154,42155,42156,42157,42158,42159,42160,42161,42162,42163,42164,42165,42166,42167,42168,42169,42170,42171,42172,42173,42174,42175,42176,42177,42178,42179,42180,42181,42182,42183,42184,42185,42186,42187,42188,42189,42191,42192,42193,42194,42195,42196,42197,42198,42199,42200,42201,42202,42203,42204,42205,42206,42207,42208,42209,42210,42211,42212,42213,42214,42215,42216,42217,42218,42219,42220,42221,42222,42223,42224,42225,42226,42227,42228,42229,42230,42231,42232,42233,42234,42235,42236,42237,42238,42239,42240,42241,42242,42243,42245,42246,42247,42248,42249,42251,42253,42254,42255,42256,42257,42259,42260,42261,42262,42264,42265,42266,42267,42268,42269,42270,42271,42272,42273,42274,42275,42276,42277,42278,42279,42280,42281,42282,42283,42284,42285,42286,42287,42288,42289,42290,42293,42294,42295,42296,42297,42298,42299,42300,42301,42302,42303,42304,42305,42306,42307,42308,42310,42311,42312,42313,42314,42315,42316,42317,42318,42319,42320,42321,42322,42323,42324,42325,42326,42327,42328,42329,42330,42331,42332,42333,42334,42335,42336,42337,42338,42339}",DEP,2026-03-24 14:41:49.581307+01,gold_establishments_2025,,,,22420001400013,2025,Collectivité Territoriale,Département,['Loire'],['Auvergne-Rhône-Alpes'],DEP,{42},{84}
8b7d11a8-8199-42fa-a410-927aa7d1d3de,224400028,Département Loire-Atlantique,false,"{44001,44002,44003,44005,44006,44007,44009,44010,44012,44013,44014,44015,44016,44018,44019,44020,44021,44022,44023,44024,44025,44026,44027,44028,44029,44030,44031,44032,44033,44035,44036,44037,44038,44039,44041,44043,44044,44045,44046,44047,44048,44049,44050,44051,44052,44053,44054,44055,44056,44057,44058,44061,44062,44063,44064,44065,44066,44067,44068,44069,44070,44071,44072,44073,44074,44075,44076,44077,44078,44079,44080,44081,44082,44083,44084,44085,44086,44087,44088,44089,44090,44091,44092,44094,44095,44096,44097,44098,44099,44100,44101,44102,44103,44104,44105,44106,44107,44108,44109,44110,44111,44112,44113,44114,44115,44116,44117,44118,44119,44120,44121,44122,44123,44124,44125,44126,44127,44128,44129,44130,44131,44132,44133,44134,44135,44136,44137,44138,44139,44140,44141,44142,44143,44144,44145,44146,44148,44149,44150,44151,44152,44153,44154,44155,44156,44157,44158,44159,44161,44162,44163,44164,44165,44166,44168,44169,44170,44171,44172,44173,44174,44175,44176,44178,44179,44180,44182,44183,44184,44185,44186,44187,44188,44189,44190,44192,44193,44194,44195,44196,44197,44198,44199,44200,44201,44202,44203,44204,44205,44206,44207,44208,44209,44210,44211,44212,44213,44214,44215,44216,44217,44218,44220,44221,44222,44223,44224}",DEP,2026-03-24 14:41:49.581307+01,gold_establishments_2025,,,,22440002800011,2025,Collectivité Territoriale,Département,['Loire-Atlantique'],['Pays de la Loire'],DEP,{44},{52}
27252754-45b6-4453-948e-0b0fb045e858,224500017,Département Loiret,false,"{45001,45002,45004,45005,45006,45008,45009,45010,45011,45012,45013,45014,45015,45016,45017,45018,45019,45020,45021,45022,45023,45024,45025,45026,45027,45028,45029,45030,45031,45032,45033,45034,45035,45036,45037,45038,45039,45040,45041,45042,45043,45044,45045,45046,45047,45049,45050,45051,45052,45053,45054,45055,45056,45058,45059,45060,45061,45062,45063,45064,45065,45066,45067,45068,45069,45070,45072,45073,45074,45075,45076,45077,45078,45079,45080,45081,45082,45083,45084,45085,45086,45087,45088,45089,45091,45092,45093,45094,45095,45096,45097,45098,45099,45100,45101,45102,45103,45104,45105,45107,45108,45109,45110,45111,45112,45113,45114,45115,45116,45118,45119,45120,45121,45122,45123,45124,45125,45126,45127,45129,45130,45131,45132,45133,45134,45135,45136,45137,45138,45139,45141,45142,45143,45144,45145,45146,45147,45148,45149,45150,45151,45152,45153,45154,45155,45156,45157,45158,45159,45160,45161,45162,45164,45165,45166,45167,45168,45169,45170,45171,45173,45174,45175,45176,45177,45178,45179,45180,45181,45182,45183,45184,45185,45186,45187,45188,45189,45191,45193,45194,45195,45196,45197,45198,45199,45200,45201,45202,45203,45204,45205,45206,45207,45208,45209,45210,45212,45213,45214,45215,45216,45217,45218,45219,45220,45222,45223,45224,45225,45226,45227,45228,45229,45230,45231,45232,45233,45234,45235,45237,45238,45239,45240,45241,45242,45243,45244,45245,45246,45247,45248,45249,45250,45251,45252,45253,45254,45255,45256,45257,45258,45259,45260,45261,45262,45263,45264,45265,45266,45268,45269,45270,45271,45272,45273,45274,45275,45276,45277,45278,45279,45280,45281,45282,45283,45284,45285,45286,45288,45289,45290,45291,45292,45293,45294,45296,45297,45298,45299,45300,45301,45302,45303,45305,45306,45307,45308,45309,45310,45311,45312,45313,45314,45315,45316,45317,45320,45321,45322,45323,45324,45325,45326,45327,45328,45329,45330,45331,45332,45333,45334,45335,45336,45337,45338,45339,45340,45341,45342,45343,45344,45345,45346,45347,45348}",DEP,2026-03-24 14:41:49.581307+01,gold_establishments_2025,,,,22450001700013,2025,Collectivité Territoriale,Département,['Loiret'],['Centre-Val de Loire'],DEP,{45},{24}
9aaaf38e-47de-4137-b9c2-44005c5ac0fd,224600015,Département Lot,false,"{46001,46002,46003,46004,46005,46006,46007,46008,46009,46010,46011,46012,46013,46015,46016,46017,46018,46020,46021,46022,46023,46024,46026,46027,46028,46029,46030,46031,46032,46033,46034,46035,46036,46037,46038,46039,46040,46041,46042,46043,46044,46045,46046,46047,46049,46050,46051,46052,46053,46054,46055,46056,46057,46058,46059,46060,46061,46062,46063,46064,46065,46066,46068,46069,46070,46072,46073,46074,46075,46076,46078,46079,46080,46081,46082,46083,46084,46085,46086,46087,46088,46089,46090,46091,46092,46093,46094,46095,46096,46097,46098,46100,46101,46102,46103,46104,46105,46106,46107,46108,46109,46111,46112,46113,46114,46115,46116,46117,46118,46119,46120,46121,46122,46123,46124,46125,46126,46127,46128,46129,46130,46131,46132,46133,46134,46135,46136,46137,46138,46139,46140,46142,46143,46144,46145,46146,46147,46148,46149,46151,46152,46153,46154,46155,46156,46157,46159,46160,46161,46162,46163,46164,46165,46167,46168,46169,46170,46171,46172,46173,46174,46175,46176,46177,46178,46179,46180,46181,46182,46183,46184,46185,46186,46187,46188,46189,46190,46191,46192,46193,46194,46195,46196,46197,46198,46199,46200,46201,46202,46203,46204,46205,46206,46207,46208,46209,46210,46211,46212,46213,46214,46215,46216,46218,46219,46220,46221,46222,46223,46224,46225,46226,46227,46228,46229,46230,46231,46232,46233,46234,46235,46236,46237,46238,46239,46240,46241,46242,46243,46244,46245,46246,46247,46249,46250,46251,46252,46253,46254,46255,46256,46257,46258,46259,46260,46262,46263,46264,46265,46266,46267,46268,46269,46270,46271,46272,46273,46276,46277,46279,46280,46281,46282,46283,46284,46286,46288,46289,46290,46292,46293,46294,46295,46296,46297,46299,46301,46302,46303,46304,46305,46306,46307,46308,46309,46310,46311,46312,46313,46314,46315,46316,46317,46318,46319,46320,46321,46322,46323,46324,46328,46329,46330,46332,46333,46334,46335,46336,46337,46338,46339,46340}",DEP,2026-03-24 14:41:49.581307+01,gold_establishments_2025,,,,22460001500511,2025,Collectivité Territoriale,Département,['Lot'],['Occitanie'],DEP,{46},{76}
ed77e7ce-5913-48f3-9c6e-f6982f959338,224700013,Département Lot-et-Garonne,false,"{47001,47002,47003,47004,47005,47006,47007,47008,47009,47010,47011,47012,47013,47014,47015,47016,47017,47018,47019,47020,47021,47022,47023,47024,47025,47026,47027,47028,47029,47030,47031,47032,47033,47034,47035,47036,47037,47038,47039,47040,47041,47042,47043,47044,47045,47046,47047,47048,47049,47050,47051,47052,47053,47054,47055,47056,47057,47058,47059,47060,47061,47062,47063,47064,47065,47066,47067,47068,47069,47070,47071,47072,47073,47074,47075,47076,47077,47078,47079,47080,47081,47082,47083,47084,47085,47086,47087,47088,47089,47090,47091,47092,47093,47094,47095,47096,47097,47098,47099,47100,47101,47102,47103,47104,47105,47106,47107,47108,47109,47110,47111,47112,47113,47114,47115,47117,47118,47119,47120,47121,47122,47123,47124,47125,47126,47127,47128,47129,47130,47131,47132,47133,47134,47135,47136,47137,47138,47139,47140,47141,47142,47143,47144,47145,47146,47147,47148,47150,47151,47152,47154,47155,47156,47157,47158,47159,47160,47161,47162,47163,47164,47165,47167,47168,47169,47170,47171,47172,47173,47174,47175,47176,47177,47178,47179,47180,47181,47182,47183,47184,47185,47186,47187,47188,47189,47190,47191,47192,47193,47194,47195,47196,47197,47198,47199,47200,47201,47202,47203,47204,47205,47206,47207,47208,47209,47210,47211,47212,47213,47214,47215,47216,47217,47218,47219,47220,47221,47222,47223,47224,47225,47226,47227,47228,47229,47230,47231,47232,47233,47234,47235,47236,47237,47238,47239,47240,47241,47242,47244,47245,47246,47247,47248,47249,47250,47251,47252,47253,47254,47255,47256,47257,47258,47259,47260,47262,47263,47264,47265,47266,47267,47269,47271,47272,47273,47274,47275,47276,47277,47278,47279,47280,47281,47282,47283,47284,47285,47286,47287,47288,47289,47290,47291,47292,47293,47294,47295,47296,47297,47298,47299,47300,47301,47302,47303,47304,47305,47306,47307,47308,47309,47310,47311,47312,47313,47314,47315,47316,47317,47318,47319,47320,47321,47323,47324,47325,47326,47327,47328}",DEP,2026-03-24 14:41:49.581307+01,gold_establishments_2025,,,,22470001300424,2025,Collectivité Territoriale,Département,['Lot-et-Garonne'],['Nouvelle-Aquitaine'],DEP,{47},{75}
44a7c131-9fe7-40b7-bf23-e50e1c3f4234,224800011,Département Lozère,false,"{48001,48002,48003,48004,48005,48007,48008,48009,48010,48012,48013,48015,48016,48017,48018,48019,48020,48021,48025,48026,48027,48028,48029,48030,48031,48032,48034,48036,48037,48038,48039,48041,48042,48043,48044,48045,48046,48048,48050,48051,48053,48054,48055,48056,48058,48059,48061,48063,48064,48065,48067,48068,48069,48070,48071,48072,48073,48074,48075,48077,48079,48080,48081,48082,48083,48085,48086,48087,48088,48089,48090,48091,48092,48094,48095,48096,48097,48098,48099,48100,48103,48104,48105,48106,48107,48108,48110,48111,48112,48115,48116,48117,48119,48121,48123,48124,48126,48127,48128,48129,48130,48131,48132,48135,48136,48137,48138,48139,48140,48141,48144,48145,48146,48147,48148,48149,48150,48151,48152,48153,48155,48156,48157,48158,48160,48161,48163,48165,48166,48167,48168,48169,48170,48171,48173,48174,48175,48176,48177,48178,48179,48181,48182,48185,48187,48188,48190,48191,48192,48193,48194,48198}",DEP,2026-03-24 14:41:49.581307+01,gold_establishments_2025,,,,22480001100013,2025,Collectivité Territoriale,Département,['Lozère'],['Occitanie'],DEP,{48},{76}
f5190211-6628-40e0-bcd9-2acf8584830d,224900019,Département Maine-et-Loire,false,"{49002,49003,49007,49008,49009,49010,49011,49012,49015,49017,49018,49020,49021,49022,49023,49026,49027,49028,49029,49030,49035,49036,49038,49041,49045,49048,49050,49053,49054,49055,49056,49057,49058,49060,49061,49063,49064,49067,49068,49070,49076,49080,49082,49086,49089,49090,49092,49099,49100,49102,49107,49109,49110,49112,49113,49114,49120,49121,49123,49125,49127,49129,49130,49131,49132,49135,49138,49140,49155,49160,49161,49163,49167,49170,49171,49174,49176,49178,49180,49182,49183,49188,49192,49193,49194,49195,49200,49201,49205,49209,49211,49214,49215,49216,49217,49218,49219,49220,49221,49222,49223,49224,49228,49231,49235,49236,49237,49240,49241,49244,49246,49247,49248,49253,49257,49259,49260,49261,49262,49266,49267,49269,49271,49272,49278,49283,49284,49288,49291,49292,49294,49298,49299,49301,49302,49306,49307,49308,49310,49311,49323,49326,49328,49329,49330,49331,49332,49333,49334,49336,49338,49339,49341,49343,49344,49345,49347,49352,49353,49355,49358,49359,49361,49362,49364,49367,49368,49369,49370,49371,49373,49374,49377,49378,49381}",DEP,2026-03-24 14:41:49.581307+01,gold_establishments_2025,,,,22490001900015,2025,Collectivité Territoriale,Département,['Maine-et-Loire'],['Pays de la Loire'],DEP,{49},{52}
82410f6f-76c5-4fd7-9436-79cce443b62d,225005024,Département Manche,false,"{50002,50003,50004,50006,50008,50013,50016,50019,50021,50022,50023,50024,50025,50026,50027,50028,50029,50030,50031,50032,50033,50034,50036,50038,50039,50040,50041,50042,50044,50045,50046,50048,50049,50050,50052,50054,50055,50058,50059,50060,50062,50064,50066,50069,50070,50072,50074,50076,50077,50078,50079,50081,50082,50083,50084,50085,50086,50087,50088,50090,50092,50093,50094,50095,50096,50097,50098,50099,50101,50102,50105,50106,50108,50109,50110,50111,50112,50115,50117,50118,50120,50121,50124,50126,50129,50130,50135,50137,50138,50139,50142,50143,50144,50145,50146,50147,50148,50149,50150,50151,50152,50155,50156,50158,50159,50161,50162,50164,50165,50166,50167,50168,50169,50172,50174,50175,50176,50177,50178,50181,50182,50183,50184,50185,50186,50188,50190,50192,50193,50194,50195,50196,50197,50198,50199,50200,50205,50207,50208,50209,50210,50214,50215,50216,50217,50218,50219,50221,50222,50225,50227,50228,50229,50230,50231,50232,50233,50234,50235,50236,50237,50238,50239,50240,50241,50243,50246,50247,50251,50252,50253,50256,50258,50259,50260,50261,50262,50263,50265,50266,50267,50268,50269,50270,50271,50272,50273,50274,50275,50276,50277,50278,50279,50281,50282,50283,50285,50288,50289,50290,50291,50292,50294,50295,50296,50297,50298,50299,50300,50302,50304,50305,50310,50311,50312,50315,50317,50321,50324,50326,50327,50328,50332,50334,50335,50336,50338,50340,50341,50342,50345,50347,50349,50350,50351,50352,50353,50356,50357,50359,50360,50361,50362,50363,50364,50365,50368,50369,50370,50371,50372,50373,50374,50376,50378,50379,50382,50384,50387,50388,50389,50390,50391,50393,50394,50395,50397,50398,50399,50400,50401,50402,50403,50405,50407,50408,50409,50410,50411,50412,50413,50417,50419,50420,50421,50422,50423,50425,50426,50428,50429,50430,50431,50433,50435,50436,50437,50442,50443,50444,50445,50446,50447,50448,50450,50451,50452,50453,50454,50455,50456,50457,50461,50462,50463,50464,50467,50468,50469,50471,50472,50473,50474,50475,50476,50478,50479,50480,50481,50482,50483,50484,50486,50487,50488,50489,50490,50491,50492,50493,50495,50496,50498,50499,50500,50502,50504,50505,50506,50507,50509,50510,50511,50512,50513,50514,50517,50518,50519,50521,50522,50523,50525,50528,50529,50531,50532,50533,50535,50536,50537,50538,50539,50540,50541,50542,50543,50546,50548,50549,50550,50551,50552,50553,50554,50556,50562,50563,50564,50565,50567,50568,50569,50570,50571,50572,50574,50575,50576,50577,50578,50579,50580,50582,50584,50585,50587,50588,50589,50590,50591,50592,50593,50594,50596,50597,50598,50599,50601,50603,50604,50606,50607,50609,50610,50612,50613,50615,50616,50617,50618,50619,50621,50624,50626,50628,50629,50633,50634,50637,50639,50641,50643,50647,50648}",DEP,2026-03-24 14:41:49.581307+01,gold_establishments_2025,,,,22500502400081,2025,Collectivité Territoriale,Département,['Manche'],['Normandie'],DEP,{50},{28}
19a91df8-75c9-4051-9ba3-e6b86c5357b2,225100015,Département Marne,false,"{51001,51002,51003,51004,51005,51006,51007,51008,51009,51010,51012,51013,51014,51015,51016,51017,51018,51019,51020,51022,51023,51025,51027,51028,51029,51030,51031,51032,51033,51034,51035,51036,51037,51038,51039,51040,51041,51042,51043,51044,51045,51046,51047,51048,51049,51050,51051,51052,51053,51054,51055,51056,51057,51058,51059,51060,51061,51062,51065,51066,51068,51069,51070,51071,51072,51073,51074,51075,51076,51077,51078,51079,51080,51081,51082,51083,51084,51085,51086,51087,51088,51089,51090,51091,51092,51093,51094,51095,51097,51098,51099,51100,51101,51102,51103,51104,51105,51106,51107,51108,51109,51110,51111,51112,51113,51115,51116,51117,51118,51119,51120,51121,51122,51124,51125,51126,51127,51128,51129,51130,51132,51133,51134,51135,51136,51137,51138,51139,51140,51141,51142,51143,51144,51145,51146,51147,51148,51149,51150,51151,51152,51153,51154,51155,51156,51157,51158,51160,51161,51162,51163,51164,51165,51166,51167,51168,51169,51170,51171,51172,51173,51174,51175,51176,51177,51178,51179,51181,51182,51183,51184,51185,51186,51187,51188,51190,51191,51192,51193,51194,51195,51196,51197,51198,51199,51200,51201,51202,51203,51204,51206,51208,51210,51211,51212,51213,51214,51215,51216,51217,51218,51219,51220,51222,51223,51224,51225,51226,51227,51228,51229,51230,51231,51232,51233,51234,51235,51236,51237,51238,51239,51240,51241,51242,51243,51244,51245,51246,51247,51248,51249,51250,51251,51252,51253,51254,51255,51256,51258,51259,51260,51262,51263,51264,51265,51266,51267,51268,51269,51270,51272,51273,51274,51275,51276,51277,51278,51279,51280,51281,51282,51283,51284,51285,51286,51287,51288,51289,51290,51291,51292,51293,51294,51295,51296,51298,51299,51300,51301,51302,51303,51304,51305,51306,51307,51308,51309,51310,51311,51312,51313,51314,51315,51316,51317,51318,51319,51320,51321,51322,51323,51324,51325,51326,51327,51328,51329,51333,51334,51336,51337,51338,51339,51340,51341,51342,51343,51344,51345,51346,51348,51349,51350,51351,51352,51353,51354,51355,51356,51357,51358,51359,51360,51361,51362,51363,51364,51365,51367,51368,51369,51370,51371,51372,51373,51374,51375,51376,51377,51378,51379,51380,51381,51382,51384,51386,51387,51388,51389,51390,51391,51392,51393,51395,51396,51397,51398,51399,51402,51403,51404,51406,51407,51409,51410,51412,51413,51414,51415,51416,51417,51418,51419,51420,51421,51422,51423,51424,51425,51426,51428,51429,51430,51431,51432,51433,51434,51435,51436,51437,51438,51439,51440,51441,51442,51443,51444,51445,51446,51447,51448,51449,51450,51451,51452,51453,51454,51455,51456,51457,51458,51459,51460,51461,51463,51464,51465,51466,51468,51469,51470,51471,51472,51473,51474,51475,51476,51477,51478,51479,51480,51482,51483,51484,51485,51486,51487,51488,51489,51490,51491,51492,51493,51495,51496,51497,51498,51499,51500,51501,51502,51503,51504,51505,51506,51507,51508,51509,51510,51511,51512,51513,51514,51515,51516,51517,51518,51519,51520,51521,51522,51523,51524,51525,51526,51527,51528,51529,51530,51531,51532,51533,51534,51535,51536,51537,51538,51539,51542,51543,51544,51545,51546,51547,51548,51549,51550,51551,51552,51553,51555,51556,51557,51558,51559,51560,51562,51563,51564,51565,51566,51567,51568,51569,51570,51571,51572,51573,51574,51576,51577,51578,51579,51580,51581,51582,51583,51584,51585,51586,51587,51588,51589,51590,51591,51592,51594,51595,51596,51597,51598,51599,51600,51601,51602,51603,51604,51605,51607,51608,51609,51610,51611,51612,51613,51614,51616,51617,51618,51619,51620,51621,51622,51623,51624,51625,51626,51627,51628,51629,51630,51631,51632,51633,51634,51635,51636,51638,51639,51640,51641,51642,51643,51644,51645,51646,51647,51648,51649,51650,51652,51654,51655,51656,51657,51658,51659,51660,51662,51663}",DEP,2026-03-24 14:41:49.581307+01,gold_establishments_2025,,,,22510001500018,2025,Collectivité Territoriale,Département,['Marne'],['Grand Est'],DEP,{51},{44}
ae4b35d2-a018-479e-8dcd-20588ec37ffa,225300011,Département Mayenne,false,"{53001,53002,53003,53005,53007,53008,53009,53010,53011,53012,53013,53015,53016,53017,53018,53019,53021,53022,53023,53025,53026,53027,53028,53029,53030,53031,53033,53034,53035,53036,53037,53038,53039,53040,53041,53042,53043,53045,53046,53047,53048,53049,53051,53052,53053,53054,53055,53056,53057,53058,53059,53061,53062,53063,53064,53066,53067,53068,53069,53071,53072,53073,53074,53075,53076,53077,53078,53079,53080,53082,53083,53084,53085,53086,53087,53088,53089,53090,53091,53093,53094,53096,53097,53098,53099,53100,53101,53102,53103,53104,53105,53106,53107,53108,53109,53110,53111,53112,53113,53114,53115,53116,53117,53118,53119,53120,53121,53122,53123,53124,53125,53126,53127,53128,53129,53130,53131,53132,53133,53134,53135,53136,53137,53139,53140,53141,53142,53143,53144,53145,53146,53147,53148,53150,53151,53152,53153,53154,53155,53156,53157,53158,53160,53161,53162,53163,53164,53165,53168,53169,53170,53172,53173,53174,53175,53176,53177,53178,53179,53180,53181,53182,53184,53185,53186,53187,53188,53189,53190,53191,53192,53193,53195,53196,53197,53198,53199,53200,53201,53202,53203,53204,53206,53208,53209,53210,53211,53212,53213,53214,53216,53218,53219,53220,53221,53222,53223,53224,53225,53226,53228,53229,53230,53232,53233,53234,53235,53236,53237,53238,53240,53242,53243,53245,53246,53247,53248,53249,53250,53251,53253,53255,53256,53257,53258,53259,53260,53261,53262,53263,53264,53265,53266,53267,53269,53270,53271,53272,53273,53276}",DEP,2026-03-24 14:41:49.581307+01,gold_establishments_2025,,,,22530001100015,2025,Collectivité Territoriale,Département,['Mayenne'],['Pays de la Loire'],DEP,{53},{52}
58f3b527-3fc3-475b-89ef-473c5664b158,229850003,Département Mayotte,false,"{97601,97602,97603,97604,97605,97606,97607,97608,97609,97610,97611,97612,97613,97614,97615,97616,97617}",DEP,2026-03-24 14:41:49.581307+01,gold_establishments_2025,,,,22985000300018,2025,Collectivité Territoriale,Département,['Mayotte'],['Mayotte'],DEP,{976},{06}
34714bd8-e40b-49fd-bb90-6aaaa2c5188e,225400019,Département Meurthe-et-Moselle,false,"{54001,54002,54003,54004,54005,54006,54007,54008,54009,54010,54011,54012,54013,54014,54015,54016,54017,54018,54019,54020,54021,54022,54023,54024,54025,54026,54027,54028,54029,54030,54031,54032,54033,54034,54035,54036,54037,54038,54039,54040,54041,54042,54043,54044,54045,54046,54047,54048,54049,54050,54051,54052,54053,54054,54055,54056,54057,54058,54059,54060,54061,54062,54063,54064,54065,54066,54067,54068,54069,54070,54071,54072,54073,54074,54075,54076,54077,54078,54079,54080,54081,54082,54083,54084,54085,54086,54087,54088,54089,54090,54091,54092,54093,54094,54095,54096,54097,54098,54099,54100,54101,54102,54103,54104,54105,54106,54107,54108,54109,54110,54111,54112,54113,54114,54115,54116,54117,54118,54119,54120,54121,54122,54123,54124,54125,54126,54127,54128,54129,54130,54131,54132,54133,54134,54135,54136,54137,54138,54139,54140,54141,54142,54143,54144,54145,54146,54147,54148,54149,54150,54151,54152,54153,54154,54155,54156,54157,54158,54159,54160,54161,54162,54163,54164,54165,54166,54167,54168,54169,54170,54171,54172,54173,54174,54175,54176,54177,54178,54179,54180,54181,54182,54183,54184,54185,54186,54187,54188,54189,54190,54191,54192,54193,54194,54195,54196,54197,54198,54199,54200,54201,54202,54203,54204,54205,54206,54207,54208,54209,54210,54211,54212,54213,54214,54215,54216,54217,54218,54219,54220,54221,54222,54223,54224,54225,54226,54227,54228,54229,54230,54231,54232,54233,54234,54235,54236,54237,54238,54239,54240,54241,54242,54243,54244,54245,54246,54247,54248,54249,54250,54251,54252,54253,54254,54255,54256,54257,54258,54259,54260,54261,54262,54263,54264,54265,54266,54268,54269,54270,54271,54272,54273,54274,54275,54276,54277,54278,54279,54280,54281,54282,54283,54284,54285,54286,54287,54288,54289,54290,54291,54292,54293,54294,54295,54296,54297,54298,54299,54300,54301,54302,54303,54304,54305,54306,54307,54308,54309,54310,54311,54312,54313,54314,54315,54316,54317,54318,54320,54321,54322,54323,54324,54325,54326,54327,54328,54329,54330,54331,54332,54333,54334,54335,54336,54337,54338,54339,54340,54343,54344,54345,54346,54348,54349,54350,54351,54352,54353,54354,54355,54356,54357,54358,54359,54360,54362,54363,54364,54365,54366,54367,54368,54369,54370,54371,54372,54373,54374,54375,54376,54377,54378,54379,54380,54381,54382,54383,54385,54386,54387,54388,54389,54390,54391,54392,54393,54394,54395,54396,54397,54398,54399,54400,54401,54402,54403,54404,54405,54406,54407,54408,54409,54410,54411,54412,54413,54414,54415,54416,54417,54418,54419,54420,54421,54422,54423,54424,54425,54426,54427,54428,54429,54430,54431,54432,54433,54434,54435,54436,54437,54438,54439,54440,54441,54442,54443,54444,54445,54446,54447,54449,54450,54451,54452,54453,54455,54456,54457,54458,54459,54460,54461,54462,54463,54464,54465,54466,54467,54468,54469,54470,54471,54472,54473,54474,54475,54476,54477,54478,54479,54480,54481,54482,54483,54484,54485,54486,54487,54488,54489,54490,54491,54492,54493,54494,54495,54496,54497,54498,54499,54500,54501,54502,54504,54505,54507,54508,54509,54510,54511,54512,54513,54514,54515,54516,54517,54518,54519,54520,54521,54522,54523,54524,54525,54526,54527,54528,54529,54530,54531,54532,54533,54534,54535,54536,54537,54538,54539,54540,54541,54542,54543,54544,54545,54546,54547,54548,54549,54550,54551,54552,54553,54554,54555,54556,54557,54558,54559,54560,54561,54562,54563,54564,54565,54566,54567,54568,54569,54570,54571,54572,54573,54574,54575,54576,54577,54578,54579,54580,54581,54582,54583,54584,54585,54586,54587,54588,54589,54590,54591,54592,54593,54594,54595,54596,54597,54598,54599,54600,54601,54602}",DEP,2026-03-24 14:41:49.581307+01,gold_establishments_2025,,,,22540001900785,2025,Collectivité Territoriale,Département,['Meurthe-et-Moselle'],['Grand Est'],DEP,{54},{44}
cf5b76a7-50ba-430e-8513-8f3b2b3e9261,225500016,Département Meuse,false,"{55001,55002,55004,55005,55007,55008,55009,55010,55011,55012,55013,55014,55015,55017,55018,55021,55022,55023,55024,55025,55026,55027,55028,55029,55031,55032,55033,55034,55035,55036,55037,55038,55039,55040,55041,55042,55043,55044,55045,55046,55047,55048,55049,55050,55051,55053,55054,55055,55057,55058,55059,55060,55061,55062,55063,55064,55065,55066,55067,55068,55069,55070,55071,55072,55073,55075,55076,55077,55078,55079,55080,55081,55082,55083,55084,55085,55087,55088,55089,55093,55094,55095,55096,55097,55099,55100,55101,55102,55103,55104,55105,55106,55107,55108,55109,55110,55111,55113,55114,55115,55116,55117,55118,55119,55120,55121,55122,55123,55124,55125,55127,55128,55129,55132,55133,55134,55137,55138,55139,55140,55141,55142,55143,55144,55145,55146,55148,55149,55150,55153,55154,55155,55156,55157,55158,55159,55160,55162,55163,55165,55166,55167,55168,55169,55170,55171,55172,55173,55174,55175,55177,55178,55179,55180,55181,55182,55183,55184,55185,55186,55188,55189,55191,55192,55193,55194,55195,55196,55197,55198,55199,55200,55201,55202,55204,55206,55207,55208,55210,55211,55212,55214,55215,55216,55217,55218,55219,55220,55221,55222,55224,55225,55226,55228,55229,55232,55236,55237,55239,55241,55242,55243,55244,55245,55246,55247,55248,55250,55251,55252,55253,55254,55255,55256,55257,55258,55260,55261,55262,55263,55264,55265,55266,55267,55268,55269,55270,55271,55272,55274,55275,55276,55278,55279,55280,55281,55282,55284,55285,55286,55288,55289,55290,55291,55292,55293,55295,55296,55297,55298,55299,55300,55301,55302,55303,55304,55306,55307,55310,55311,55312,55313,55315,55316,55317,55320,55321,55322,55323,55324,55325,55326,55327,55328,55329,55330,55331,55332,55333,55334,55335,55336,55338,55339,55340,55341,55343,55344,55345,55346,55347,55348,55349,55350,55351,55352,55353,55355,55356,55357,55358,55359,55360,55361,55362,55363,55364,55365,55366,55367,55368,55369,55370,55371,55372,55373,55374,55375,55376,55377,55378,55379,55380,55381,55382,55383,55384,55385,55386,55387,55388,55389,55391,55394,55395,55396,55397,55398,55399,55400,55401,55403,55404,55405,55406,55407,55408,55409,55410,55411,55412,55414,55415,55416,55419,55420,55421,55422,55423,55424,55425,55426,55427,55428,55429,55430,55431,55433,55434,55435,55436,55437,55438,55439,55442,55443,55444,55445,55446,55447,55448,55449,55450,55452,55453,55454,55456,55457,55458,55459,55460,55461,55462,55463,55464,55465,55466,55467,55468,55469,55470,55471,55472,55473,55474,55475,55476,55477,55479,55481,55482,55484,55485,55487,55488,55489,55490,55492,55493,55494,55495,55496,55497,55498,55500,55501,55502,55503,55504,55505,55506,55507,55508,55509,55510,55511,55512,55514,55515,55516,55517,55518,55519,55520,55521,55522,55523,55525,55526,55527,55528,55530,55531,55532,55533,55534,55535,55536,55537,55540,55541,55543,55544,55545,55546,55547,55549,55551,55552,55553,55554,55555,55556,55557,55559,55560,55561,55562,55563,55565,55566,55567,55568,55569,55570,55571,55572,55573,55574,55575,55577,55578,55579,55580,55581,55582,55583,55584,55586}",DEP,2026-03-24 14:41:49.581307+01,gold_establishments_2025,,,,22550001600152,2025,Collectivité Territoriale,Département,['Meuse'],['Grand Est'],DEP,{55},{44}
6ffc0766-59eb-4b48-8dec-43465ed72ab3,225600014,Département Morbihan,false,"{56001,56002,56003,56004,56005,56006,56007,56008,56009,56010,56011,56012,56013,56014,56015,56017,56018,56019,56020,56021,56022,56023,56024,56025,56026,56027,56028,56029,56030,56031,56032,56033,56034,56035,56036,56039,56040,56041,56042,56043,56044,56045,56046,56047,56048,56050,56051,56052,56053,56054,56055,56056,56057,56058,56060,56061,56062,56063,56065,56066,56067,56068,56069,56070,56071,56072,56073,56074,56075,56076,56077,56078,56079,56080,56081,56082,56083,56084,56085,56086,56087,56088,56089,56090,56091,56092,56093,56094,56096,56097,56098,56099,56100,56101,56102,56103,56104,56105,56106,56107,56108,56109,56110,56111,56112,56113,56114,56115,56116,56117,56118,56119,56120,56121,56122,56123,56124,56125,56126,56127,56128,56129,56130,56131,56132,56133,56134,56135,56136,56137,56139,56140,56141,56143,56144,56145,56146,56147,56148,56149,56151,56152,56153,56154,56155,56156,56157,56158,56159,56160,56161,56162,56163,56164,56165,56166,56167,56168,56169,56170,56171,56172,56173,56174,56175,56176,56177,56178,56179,56180,56181,56182,56184,56185,56186,56188,56189,56190,56191,56193,56194,56195,56196,56197,56198,56199,56200,56201,56202,56203,56204,56205,56206,56207,56208,56209,56210,56211,56212,56213,56214,56215,56216,56218,56219,56220,56221,56222,56223,56224,56225,56226,56227,56228,56229,56230,56231,56232,56233,56234,56236,56237,56238,56239,56240,56241,56242,56243,56244,56245,56246,56247,56248,56249,56250,56251,56252,56253,56254,56255,56256,56257,56258,56259,56260,56261,56262,56263,56264}",DEP,2026-03-24 14:41:49.581307+01,gold_establishments_2025,,,,22560001400016,2025,Collectivité Territoriale,Département,['Morbihan'],['Bretagne'],DEP,{56},{53}
6e107a00-5fd4-4790-b202-39d154be06c3,225700012,Département Moselle,false,"{57001,57002,57003,57004,57006,57007,57008,57009,57010,57011,57012,57013,57014,57015,57016,57017,57018,57019,57020,57021,57022,57024,57025,57026,57027,57028,57029,57030,57031,57032,57033,57034,57035,57036,57037,57038,57039,57040,57041,57042,57043,57044,57045,57046,57047,57048,57049,57050,57051,57052,57053,57054,57055,57056,57057,57058,57059,57060,57061,57062,57063,57064,57065,57066,57067,57069,57070,57071,57072,57073,57074,57075,57076,57077,57079,57080,57081,57082,57083,57084,57085,57086,57087,57088,57089,57090,57091,57092,57093,57095,57096,57097,57098,57099,57100,57101,57102,57103,57104,57105,57106,57107,57108,57109,57110,57111,57112,57113,57114,57115,57116,57117,57118,57119,57120,57121,57122,57123,57124,57125,57126,57127,57128,57129,57130,57131,57132,57133,57134,57136,57137,57138,57139,57140,57141,57142,57143,57144,57145,57146,57147,57148,57149,57150,57151,57152,57153,57154,57155,57156,57158,57159,57160,57161,57162,57163,57165,57166,57167,57168,57169,57171,57172,57173,57174,57175,57176,57177,57178,57179,57180,57181,57182,57183,57186,57187,57188,57189,57190,57191,57192,57193,57194,57195,57196,57197,57198,57199,57200,57201,57202,57203,57204,57205,57206,57207,57208,57209,57210,57211,57212,57213,57214,57215,57216,57217,57218,57219,57220,57221,57222,57224,57225,57226,57227,57228,57229,57230,57231,57232,57233,57234,57235,57236,57237,57238,57239,57240,57241,57242,57244,57245,57246,57247,57248,57249,57250,57251,57252,57253,57254,57255,57256,57257,57258,57259,57260,57261,57262,57263,57264,57265,57266,57267,57268,57269,57270,57271,57272,57273,57274,57275,57276,57277,57278,57280,57281,57282,57283,57284,57286,57287,57288,57289,57290,57291,57292,57293,57294,57295,57296,57297,57298,57299,57300,57301,57302,57303,57304,57305,57306,57307,57308,57309,57310,57311,57312,57313,57314,57315,57316,57317,57318,57319,57320,57321,57322,57323,57324,57325,57326,57328,57329,57330,57331,57332,57333,57334,57335,57336,57337,57338,57339,57340,57341,57342,57343,57344,57345,57346,57347,57348,57349,57350,57351,57352,57353,57354,57355,57356,57357,57358,57359,57360,57361,57362,57364,57365,57366,57367,57368,57370,57371,57372,57373,57374,57375,57376,57377,57379,57380,57381,57382,57383,57384,57385,57386,57387,57388,57389,57390,57391,57392,57393,57394,57395,57396,57397,57398,57399,57401,57402,57403,57404,57405,57406,57407,57408,57409,57410,57411,57412,57413,57414,57415,57416,57417,57418,57419,57421,57422,57423,57424,57425,57426,57427,57428,57430,57431,57433,57434,57436,57437,57438,57439,57440,57441,57442,57443,57444,57445,57446,57447,57448,57449,57451,57452,57453,57454,57455,57456,57457,57459,57460,57461,57462,57463,57464,57465,57466,57467,57468,57469,57470,57471,57472,57473,57474,57475,57476,57477,57478,57479,57480,57481,57482,57483,57484,57485,57486,57487,57488,57489,57490,57491,57492,57493,57494,57495,57496,57497,57498,57499,57500,57501,57502,57504,57505,57506,57507,57508,57509,57510,57511,57512,57513,57514,57515,57516,57517,57518,57519,57520,57521,57524,57525,57526,57527,57528,57529,57530,57531,57532,57533,57534,57535,57536,57537,57538,57539,57540,57541,57542,57543,57544,57545,57546,57547,57548,57549,57550,57551,57552,57553,57554,57555,57556,57557,57558,57559,57560,57561,57562,57563,57564,57565,57566,57567,57568,57569,57570,57571,57572,57573,57574,57575,57576,57577,57578,57579,57580,57581,57582,57583,57584,57586,57587,57588,57589,57590,57591,57592,57593,57594,57595,57596,57597,57598,57599,57600,57601,57602,57603,57604,57605,57606,57607,57609,57610,57611,57612,57613,57614,57615,57616,57617,57618,57619,57620,57621,57622,57623,57624,57625,57626,57627,57628,57629,57630,57631,57633,57634,57635,57636,57637,57638,57639,57640,57641,57642,57643,57644,57645,57647,57648,57649,57650,57651,57652,57653,57654,57655,57656,57657,57658,57659,57660,57661,57662,57663,57664,57665,57666,57667,57668,57669,57670,57671,57672,57673,57674,57675,57676,57677,57678,57679,57680,57681,57682,57683,57684,57685,57686,57687,57689,57690,57691,57692,57693,57694,57695,57696,57697,57698,57700,57701,57702,57703,57704,57705,57706,57707,57708,57709,57711,57712,57713,57714,57715,57716,57717,57718,57719,57720,57721,57723,57724,57725,57726,57727,57728,57730,57731,57732,57733,57734,57736,57737,57738,57739,57740,57741,57742,57743,57745,57746,57747,57748,57749,57750,57751,57752,57753,57754,57755,57756,57757,57759,57760,57761,57762,57763,57764,57765,57767}",DEP,2026-03-24 14:41:49.581307+01,gold_establishments_2025,,,,22570001200019,2025,Collectivité Territoriale,Département,['Moselle'],['Grand Est'],DEP,{57},{44}
1a8810ff-6dbc-4974-be69-036048e585ae,225800010,Département Nièvre,false,"{58001,58002,58003,58004,58005,58006,58007,58008,58009,58010,58011,58012,58013,58014,58015,58016,58017,58018,58019,58020,58021,58023,58024,58025,58026,58027,58028,58029,58030,58031,58032,58033,58034,58035,58036,58037,58038,58039,58040,58041,58042,58043,58044,58045,58046,58047,58048,58049,58050,58051,58052,58053,58054,58055,58056,58057,58058,58059,58060,58061,58062,58063,58064,58065,58066,58067,58068,58069,58070,58071,58072,58073,58074,58075,58076,58077,58078,58079,58080,58081,58082,58083,58084,58085,58086,58087,58088,58089,58090,58092,58093,58094,58095,58096,58097,58098,58099,58101,58102,58103,58104,58105,58106,58107,58108,58109,58110,58111,58112,58113,58114,58115,58116,58117,58118,58119,58120,58121,58122,58123,58124,58125,58126,58127,58128,58129,58130,58131,58132,58133,58134,58135,58136,58137,58138,58139,58140,58141,58142,58143,58144,58145,58146,58147,58148,58149,58150,58151,58152,58153,58154,58155,58156,58157,58158,58159,58160,58161,58162,58163,58164,58165,58166,58168,58169,58170,58171,58172,58173,58174,58175,58176,58177,58178,58179,58180,58181,58182,58183,58184,58185,58186,58187,58188,58189,58190,58191,58192,58193,58194,58195,58196,58197,58198,58199,58200,58201,58202,58203,58204,58205,58206,58207,58208,58209,58210,58211,58212,58213,58214,58215,58216,58217,58218,58219,58220,58221,58222,58223,58224,58225,58226,58227,58228,58229,58230,58231,58232,58233,58234,58235,58236,58237,58238,58239,58240,58241,58242,58243,58244,58245,58246,58247,58248,58249,58250,58251,58252,58253,58254,58255,58256,58257,58258,58259,58260,58261,58262,58263,58264,58265,58266,58267,58268,58269,58270,58271,58272,58273,58274,58275,58276,58277,58278,58279,58280,58281,58282,58283,58284,58285,58286,58287,58288,58289,58290,58291,58292,58293,58294,58295,58296,58297,58298,58299,58300,58301,58302,58303,58304,58305,58306,58307,58308,58309,58310,58311,58312,58313}",DEP,2026-03-24 14:41:49.581307+01,gold_establishments_2025,,,,22580001000012,2025,Collectivité Territoriale,Département,['Nièvre'],['Bourgogne-Franche-Comté'],DEP,{58},{27}
3c8ce832-bbdf-4c78-9526-1b34e7092094,225900018,Département Nord,false,"{59001,59002,59003,59004,59005,59006,59007,59008,59009,59010,59011,59012,59013,59014,59015,59016,59017,59018,59019,59021,59022,59023,59024,59025,59026,59027,59028,59029,59031,59032,59033,59034,59035,59036,59037,59038,59039,59041,59042,59043,59044,59045,59046,59047,59048,59049,59050,59051,59052,59053,59054,59055,59056,59057,59058,59059,59060,59061,59062,59063,59064,59065,59066,59067,59068,59069,59071,59072,59073,59074,59075,59076,59077,59078,59079,59080,59081,59082,59083,59084,59085,59086,59087,59088,59089,59090,59091,59092,59093,59094,59096,59097,59098,59099,59100,59101,59102,59103,59104,59105,59106,59107,59108,59109,59110,59111,59112,59113,59114,59115,59116,59117,59118,59119,59120,59121,59122,59123,59124,59125,59126,59127,59128,59129,59130,59131,59132,59133,59134,59135,59136,59137,59138,59139,59140,59141,59142,59143,59144,59145,59146,59147,59148,59149,59150,59151,59152,59153,59155,59156,59157,59158,59159,59160,59161,59162,59163,59164,59165,59166,59167,59168,59169,59170,59171,59172,59173,59174,59175,59176,59177,59178,59179,59180,59181,59182,59183,59184,59185,59186,59187,59188,59189,59190,59191,59192,59193,59194,59195,59196,59197,59198,59199,59200,59201,59202,59203,59204,59205,59206,59207,59208,59209,59210,59211,59212,59213,59214,59215,59216,59217,59218,59219,59220,59221,59222,59223,59224,59225,59226,59227,59228,59229,59230,59231,59232,59233,59234,59236,59237,59238,59239,59240,59241,59242,59243,59244,59246,59247,59249,59250,59251,59252,59253,59254,59255,59256,59257,59258,59259,59260,59261,59262,59263,59264,59265,59266,59267,59268,59269,59270,59271,59272,59273,59274,59275,59276,59277,59278,59279,59280,59281,59282,59283,59284,59285,59286,59287,59288,59289,59290,59291,59292,59293,59294,59295,59296,59297,59299,59300,59301,59302,59303,59304,59305,59306,59307,59308,59309,59310,59311,59312,59313,59314,59315,59316,59317,59318,59319,59320,59321,59322,59323,59324,59325,59326,59327,59328,59329,59330,59331,59332,59333,59334,59335,59336,59337,59338,59339,59340,59341,59342,59343,59344,59345,59346,59347,59348,59349,59350,59351,59352,59353,59354,59356,59357,59358,59359,59360,59361,59363,59364,59365,59366,59367,59368,59369,59370,59371,59372,59374,59375,59377,59378,59379,59381,59382,59383,59384,59385,59386,59387,59388,59389,59390,59391,59392,59393,59394,59395,59396,59397,59398,59399,59400,59401,59402,59403,59405,59406,59407,59408,59409,59410,59411,59412,59413,59414,59415,59416,59418,59419,59420,59421,59422,59423,59424,59425,59426,59427,59428,59429,59430,59431,59432,59433,59434,59435,59436,59437,59438,59439,59440,59441,59442,59443,59444,59445,59446,59447,59448,59449,59450,59451,59452,59453,59454,59455,59456,59457,59458,59459,59461,59462,59463,59464,59465,59466,59467,59468,59469,59470,59471,59472,59473,59474,59475,59476,59477,59478,59479,59480,59481,59482,59483,59484,59485,59486,59487,59488,59489,59490,59491,59492,59493,59494,59495,59496,59497,59498,59499,59500,59501,59502,59503,59504,59505,59506,59507,59508,59509,59511,59512,59513,59514,59515,59516,59517,59518,59519,59520,59521,59522,59523,59524,59525,59526,59527,59528,59529,59530,59531,59532,59533,59534,59535,59536,59537,59538,59539,59541,59542,59543,59544,59545,59546,59547,59548,59549,59550,59551,59552,59553,59554,59555,59556,59557,59558,59559,59560,59562,59563,59564,59565,59566,59567,59568,59569,59570,59571,59572,59573,59574,59575,59576,59577,59578,59579,59580,59581,59582,59583,59584,59585,59586,59587,59588,59589,59590,59591,59592,59593,59594,59595,59596,59597,59598,59599,59600,59601,59602,59603,59604,59605,59606,59607,59608,59609,59610,59611,59612,59613,59614,59615,59616,59617,59618,59619,59620,59622,59623,59624,59625,59626,59627,59628,59629,59630,59631,59632,59633,59634,59635,59636,59637,59638,59639,59640,59641,59642,59643,59645,59646,59647,59648,59649,59650,59651,59652,59653,59654,59655,59656,59657,59658,59659,59660,59661,59662,59663,59664,59665,59666,59667,59668,59669,59670}",DEP,2026-03-24 14:41:49.581307+01,gold_establishments_2025,,,,22590001801244,2025,Collectivité Territoriale,Département,['Nord'],['Hauts-de-France'],DEP,{59},{32}
85d277ba-d5e7-4c9c-8403-6937c4546a9a,226000016,Département Oise,false,"{60001,60002,60003,60004,60005,60006,60007,60008,60009,60010,60011,60012,60013,60014,60015,60016,60017,60019,60020,60021,60022,60023,60024,60025,60026,60027,60028,60029,60030,60031,60032,60033,60034,60035,60036,60037,60039,60040,60041,60042,60043,60044,60045,60046,60047,60048,60049,60050,60051,60052,60053,60054,60055,60056,60057,60058,60059,60060,60061,60062,60063,60064,60065,60066,60067,60068,60069,60070,60071,60072,60073,60074,60075,60076,60077,60078,60079,60081,60082,60083,60084,60085,60086,60087,60088,60089,60090,60091,60092,60093,60094,60095,60097,60098,60099,60100,60101,60102,60103,60104,60105,60106,60107,60108,60109,60110,60111,60112,60113,60114,60115,60116,60117,60118,60119,60120,60121,60122,60123,60124,60125,60126,60127,60128,60129,60130,60131,60132,60133,60134,60135,60136,60137,60138,60139,60140,60141,60142,60143,60144,60145,60146,60147,60148,60149,60150,60151,60152,60153,60154,60155,60156,60157,60158,60159,60160,60161,60162,60163,60164,60165,60166,60167,60168,60169,60170,60171,60172,60173,60174,60175,60176,60177,60178,60179,60180,60181,60182,60183,60184,60185,60186,60187,60188,60189,60190,60191,60192,60193,60194,60195,60196,60197,60198,60199,60200,60201,60203,60204,60205,60206,60207,60208,60209,60210,60211,60212,60213,60214,60215,60216,60217,60218,60219,60220,60221,60222,60223,60224,60225,60226,60227,60228,60229,60230,60231,60232,60233,60234,60235,60236,60237,60238,60239,60240,60241,60242,60243,60244,60245,60247,60248,60249,60250,60251,60252,60253,60254,60255,60256,60257,60258,60259,60260,60261,60262,60263,60264,60265,60267,60268,60269,60270,60271,60272,60273,60274,60275,60276,60277,60278,60279,60280,60281,60282,60283,60284,60285,60286,60287,60288,60289,60290,60291,60292,60293,60294,60295,60296,60297,60298,60299,60301,60302,60303,60304,60305,60306,60307,60308,60309,60310,60311,60312,60313,60314,60315,60316,60317,60318,60319,60320,60321,60322,60323,60324,60325,60326,60327,60328,60329,60330,60331,60332,60333,60334,60335,60336,60337,60338,60339,60340,60341,60342,60343,60344,60345,60346,60347,60348,60350,60351,60352,60353,60354,60355,60356,60357,60358,60359,60360,60361,60362,60363,60364,60365,60366,60367,60368,60369,60370,60371,60372,60373,60374,60375,60376,60377,60378,60379,60380,60381,60382,60383,60385,60386,60387,60388,60389,60390,60391,60392,60393,60394,60395,60396,60397,60398,60399,60400,60401,60402,60403,60404,60405,60406,60407,60408,60409,60410,60411,60412,60413,60414,60415,60416,60418,60420,60421,60422,60423,60424,60425,60426,60427,60428,60429,60430,60431,60432,60433,60434,60435,60436,60437,60438,60439,60440,60441,60442,60443,60444,60445,60446,60447,60448,60449,60450,60451,60452,60454,60456,60457,60458,60459,60460,60461,60462,60463,60464,60465,60466,60468,60469,60470,60471,60472,60473,60474,60476,60477,60478,60479,60480,60481,60482,60483,60484,60485,60486,60487,60488,60489,60490,60491,60492,60493,60494,60495,60496,60497,60498,60499,60500,60501,60502,60503,60504,60505,60506,60507,60508,60509,60510,60511,60512,60513,60514,60515,60516,60517,60518,60519,60520,60521,60522,60523,60524,60525,60526,60527,60528,60529,60530,60531,60533,60534,60535,60536,60537,60538,60539,60540,60541,60542,60543,60544,60545,60546,60547,60548,60549,60550,60551,60552,60553,60554,60555,60556,60557,60558,60559,60560,60561,60562,60563,60564,60565,60566,60567,60568,60569,60570,60571,60572,60573,60574,60575,60576,60577,60578,60579,60581,60582,60583,60584,60585,60586,60587,60588,60589,60590,60591,60592,60593,60594,60595,60596,60597,60598,60599,60600,60601,60602,60603,60604,60605,60608,60609,60610,60611,60612,60613,60614,60615,60616,60617,60618,60619,60620,60621,60622,60623,60624,60625,60626,60627,60628,60629,60630,60631,60632,60633,60634,60635,60636,60637,60638,60639,60640,60641,60642,60643,60644,60645,60646,60647,60648,60650,60651,60652,60653,60654,60655,60656,60657,60658,60659,60660,60661,60662,60663,60664,60665,60666,60667,60668,60669,60670,60671,60672,60673,60674,60675,60676,60677,60678,60679,60680,60681,60682,60683,60684,60685,60686,60687,60688,60689,60691,60692,60693,60695,60697,60698,60699,60700,60701,60702,60703}",DEP,2026-03-24 14:41:49.581307+01,gold_establishments_2025,,,,22600001600403,2025,Collectivité Territoriale,Département,['Oise'],['Hauts-de-France'],DEP,{60},{32}
d43c6f77-06b3-4889-b678-f0a8fe22aec3,226100014,Département Orne,false,"{61001,61002,61005,61006,61007,61008,61010,61011,61012,61013,61014,61015,61018,61020,61021,61023,61024,61026,61028,61029,61030,61032,61034,61035,61036,61037,61038,61039,61040,61041,61043,61044,61046,61048,61049,61050,61051,61052,61053,61054,61055,61056,61060,61061,61062,61063,61064,61066,61067,61068,61069,61070,61071,61072,61074,61075,61076,61077,61078,61079,61080,61081,61082,61084,61085,61086,61087,61088,61089,61091,61092,61093,61094,61095,61096,61097,61098,61099,61100,61101,61102,61103,61104,61105,61107,61108,61111,61113,61114,61116,61117,61118,61120,61121,61122,61123,61124,61126,61129,61130,61133,61137,61138,61139,61140,61141,61142,61143,61145,61146,61148,61149,61150,61151,61152,61153,61156,61158,61159,61160,61162,61163,61164,61165,61166,61167,61168,61169,61170,61171,61176,61178,61180,61181,61182,61183,61187,61189,61190,61193,61194,61195,61196,61197,61198,61199,61202,61203,61206,61207,61208,61209,61210,61211,61212,61213,61214,61215,61216,61217,61218,61219,61221,61222,61224,61225,61227,61228,61229,61230,61232,61233,61234,61237,61238,61240,61241,61242,61243,61244,61248,61251,61252,61255,61256,61257,61258,61259,61260,61261,61262,61263,61264,61265,61266,61267,61268,61269,61271,61272,61273,61274,61275,61276,61277,61278,61279,61281,61283,61284,61286,61287,61288,61289,61290,61291,61292,61293,61294,61295,61297,61298,61300,61301,61302,61303,61304,61307,61308,61309,61314,61316,61317,61319,61321,61322,61323,61324,61326,61327,61328,61329,61330,61331,61332,61333,61336,61339,61341,61342,61344,61345,61346,61347,61348,61349,61350,61351,61352,61357,61358,61360,61361,61362,61363,61365,61366,61367,61369,61370,61371,61372,61373,61374,61375,61376,61379,61381,61382,61384,61385,61386,61387,61388,61389,61390,61391,61392,61393,61394,61395,61396,61397,61398,61399,61400,61401,61402,61404,61405,61406,61407,61408,61411,61412,61413,61414,61415,61416,61418,61419,61420,61421,61422,61423,61424,61425,61426,61427,61429,61432,61433,61435,61436,61438,61439,61440,61442,61443,61444,61445,61446,61447,61448,61450,61451,61452,61453,61454,61456,61457,61459,61460,61461,61462,61463,61464,61466,61467,61472,61473,61474,61475,61476,61479,61480,61481,61482,61483,61484,61485,61486,61487,61488,61490,61491,61492,61493,61494,61497,61498,61499,61500,61501,61502,61503,61505,61507,61508,61510,61512}",DEP,2026-03-24 14:41:49.581307+01,gold_establishments_2025,,,,22610001400134,2025,Collectivité Territoriale,Département,['Orne'],['Normandie'],DEP,{61},{28}
23c5c647-1d54-4375-9d8b-b85619a92926,226200012,Département Pas-de-Calais,false,"{62001,62002,62003,62004,62005,62006,62007,62008,62009,62010,62011,62012,62013,62014,62015,62016,62017,62018,62019,62020,62021,62022,62023,62024,62025,62026,62027,62028,62029,62030,62031,62032,62033,62034,62035,62036,62037,62038,62039,62040,62041,62042,62043,62044,62045,62046,62047,62048,62049,62050,62051,62052,62053,62054,62055,62056,62057,62058,62059,62060,62061,62062,62063,62064,62065,62066,62067,62068,62069,62070,62071,62072,62073,62074,62075,62076,62077,62078,62079,62080,62081,62082,62083,62084,62085,62086,62087,62088,62089,62090,62091,62092,62093,62094,62095,62096,62097,62099,62100,62101,62102,62103,62104,62105,62106,62107,62108,62109,62111,62112,62113,62114,62115,62116,62117,62118,62119,62120,62121,62122,62123,62124,62125,62126,62127,62128,62129,62130,62131,62132,62133,62134,62135,62137,62138,62139,62140,62141,62142,62143,62144,62145,62146,62147,62148,62149,62150,62151,62152,62153,62154,62155,62156,62157,62158,62160,62161,62162,62163,62164,62165,62166,62167,62168,62169,62170,62171,62172,62173,62174,62175,62176,62177,62178,62179,62180,62181,62182,62183,62184,62185,62186,62187,62188,62189,62190,62191,62192,62193,62194,62195,62196,62197,62198,62199,62200,62201,62202,62203,62204,62205,62206,62207,62208,62209,62211,62212,62213,62214,62215,62216,62217,62218,62219,62220,62221,62222,62223,62224,62225,62227,62228,62229,62230,62231,62232,62233,62234,62235,62236,62237,62238,62239,62240,62241,62242,62243,62244,62245,62246,62247,62248,62249,62250,62251,62252,62253,62254,62255,62256,62257,62258,62259,62260,62261,62262,62263,62264,62265,62266,62267,62268,62269,62270,62271,62272,62273,62274,62275,62276,62277,62278,62279,62280,62281,62282,62283,62284,62285,62286,62288,62289,62290,62291,62292,62293,62295,62296,62297,62298,62299,62300,62301,62302,62303,62304,62306,62307,62308,62309,62310,62311,62312,62313,62314,62315,62316,62317,62318,62319,62320,62321,62322,62323,62324,62325,62326,62327,62328,62329,62330,62331,62332,62333,62334,62335,62336,62337,62338,62339,62340,62341,62342,62343,62344,62345,62346,62347,62348,62349,62350,62351,62352,62353,62354,62355,62356,62357,62358,62359,62360,62361,62362,62363,62364,62365,62366,62367,62368,62369,62370,62371,62372,62373,62374,62375,62376,62377,62378,62379,62380,62381,62382,62383,62384,62385,62386,62387,62388,62389,62390,62391,62392,62393,62395,62396,62397,62398,62399,62400,62401,62402,62403,62404,62405,62406,62407,62408,62409,62410,62411,62412,62413,62414,62415,62416,62418,62419,62421,62422,62423,62424,62425,62426,62427,62428,62429,62430,62432,62433,62434,62435,62436,62437,62438,62439,62440,62441,62442,62443,62444,62445,62446,62447,62448,62449,62450,62451,62452,62453,62454,62455,62456,62457,62458,62459,62460,62462,62463,62464,62465,62466,62467,62468,62469,62470,62471,62472,62473,62474,62475,62476,62477,62478,62479,62480,62481,62483,62484,62485,62486,62487,62488,62489,62490,62491,62492,62493,62494,62495,62496,62497,62498,62499,62500,62501,62502,62503,62504,62505,62506,62507,62508,62509,62510,62511,62512,62513,62514,62515,62516,62517,62518,62519,62520,62521,62522,62523,62524,62525,62526,62527,62528,62529,62530,62531,62532,62533,62534,62535,62536,62537,62538,62539,62540,62541,62542,62543,62544,62545,62546,62547,62548,62550,62551,62552,62553,62554,62555,62556,62557,62558,62559,62560,62561,62562,62563,62564,62565,62566,62567,62568,62569,62570,62571,62572,62573,62574,62576,62577,62578,62579,62580,62581,62582,62583,62584,62585,62586,62587,62588,62589,62590,62591,62592,62593,62594,62595,62596,62597,62598,62599,62600,62601,62602,62603,62604,62605,62606,62607,62608,62609,62610,62611,62612,62613,62614,62615,62616,62617,62618,62619,62620,62621,62622,62623,62624,62625,62626,62627,62628,62629,62630,62631,62632,62633,62634,62635,62636,62637,62638,62639,62640,62641,62642,62643,62644,62645,62646,62647,62648,62649,62650,62651,62652,62653,62654,62655,62656,62657,62658,62659,62660,62661,62662,62663,62664,62665,62666,62667,62668,62669,62670,62671,62672,62673,62674,62675,62676,62677,62678,62679,62680,62681,62682,62683,62684,62685,62686,62688,62689,62690,62691,62692,62693,62694,62695,62696,62697,62698,62699,62700,62701,62702,62703,62704,62705,62706,62708,62709,62710,62711,62712,62713,62714,62715,62716,62717,62718,62719,62720,62721,62722,62723,62724,62725,62726,62727,62728,62729,62730,62731,62732,62733,62734,62735,62736,62737,62738,62739,62740,62741,62742,62744,62745,62746,62747,62748,62749,62750,62751,62752,62753,62754,62755,62756,62757,62758,62759,62760,62761,62762,62763,62764,62765,62766,62767,62768,62769,62770,62771,62772,62773,62774,62775,62776,62777,62778,62779,62780,62781,62782,62783,62784,62785,62786,62787,62788,62789,62790,62791,62792,62793,62794,62795,62796,62797,62798,62799,62800,62801,62802,62803,62804,62805,62806,62808,62809,62810,62811,62812,62813,62814,62815,62816,62817,62818,62819,62820,62821,62822,62823,62824,62825,62826,62827,62828,62829,62830,62831,62832,62833,62834,62835,62836,62837,62838,62839,62840,62841,62842,62843,62844,62845,62846,62847,62848,62849,62850,62851,62852,62853,62854,62855,62856,62857,62858,62859,62860,62861,62862,62863,62864,62865,62866,62867,62868,62869,62870,62871,62872,62873,62874,62875,62876,62877,62878,62879,62880,62881,62882,62883,62885,62886,62887,62888,62889,62890,62891,62892,62893,62894,62895,62896,62897,62898,62899,62900,62901,62902,62903,62904,62905,62906,62907,62908,62909}",DEP,2026-03-24 14:41:49.581307+01,gold_establishments_2025,,,,22620001200012,2025,Collectivité Territoriale,Département,['Pas-de-Calais'],['Hauts-de-France'],DEP,{62},{32}
0cd1ec57-756d-4fa9-8430-7477b5b3f19c,226300010,Département Puy-de-Dôme,false,"{63001,63002,63003,63004,63005,63006,63007,63008,63009,63010,63011,63012,63013,63014,63015,63016,63017,63019,63020,63021,63022,63023,63024,63025,63026,63027,63028,63029,63030,63031,63032,63033,63034,63035,63036,63037,63038,63039,63040,63041,63042,63043,63044,63045,63046,63047,63048,63049,63050,63051,63052,63053,63054,63055,63056,63057,63058,63059,63060,63061,63062,63063,63064,63065,63066,63067,63069,63070,63071,63072,63073,63074,63075,63076,63077,63079,63080,63081,63082,63083,63084,63085,63086,63087,63088,63089,63090,63091,63092,63093,63094,63095,63096,63097,63098,63099,63100,63101,63102,63103,63104,63105,63106,63107,63108,63109,63110,63111,63112,63113,63114,63115,63116,63117,63118,63119,63120,63121,63122,63123,63124,63125,63126,63128,63129,63130,63131,63132,63134,63135,63136,63137,63138,63139,63140,63141,63142,63143,63144,63145,63146,63147,63148,63149,63150,63151,63152,63153,63154,63155,63156,63157,63158,63159,63160,63161,63162,63163,63164,63165,63166,63167,63168,63169,63170,63171,63172,63173,63174,63175,63176,63177,63178,63179,63180,63181,63182,63183,63184,63185,63186,63187,63188,63189,63190,63191,63192,63193,63194,63195,63196,63197,63198,63199,63200,63201,63202,63203,63204,63205,63206,63207,63208,63209,63210,63211,63212,63213,63214,63215,63216,63218,63219,63220,63221,63222,63223,63224,63225,63226,63227,63228,63229,63230,63231,63232,63233,63234,63235,63236,63237,63238,63239,63240,63241,63242,63243,63244,63245,63246,63247,63248,63249,63250,63251,63252,63253,63254,63255,63256,63257,63258,63259,63260,63261,63262,63263,63264,63265,63267,63268,63269,63270,63271,63272,63273,63274,63275,63276,63277,63278,63279,63280,63281,63282,63283,63284,63285,63286,63287,63288,63289,63290,63291,63292,63293,63294,63295,63296,63297,63298,63299,63300,63301,63302,63303,63304,63305,63306,63307,63308,63309,63310,63311,63312,63313,63314,63315,63317,63318,63319,63320,63321,63322,63323,63324,63325,63326,63327,63328,63329,63331,63332,63333,63334,63335,63336,63337,63338,63339,63340,63341,63342,63343,63344,63345,63346,63347,63348,63349,63350,63351,63352,63353,63354,63355,63356,63357,63358,63359,63360,63362,63363,63364,63365,63366,63367,63368,63369,63370,63371,63372,63373,63374,63375,63376,63377,63378,63379,63380,63381,63382,63383,63384,63385,63386,63387,63388,63389,63390,63391,63392,63393,63394,63395,63396,63397,63398,63399,63400,63401,63402,63403,63404,63405,63406,63407,63408,63409,63410,63411,63412,63413,63414,63415,63416,63417,63418,63419,63420,63421,63422,63423,63424,63425,63426,63427,63428,63429,63430,63431,63432,63433,63434,63435,63436,63437,63438,63439,63440,63441,63442,63443,63444,63445,63446,63447,63448,63449,63450,63451,63452,63453,63454,63455,63456,63457,63458,63459,63460,63461,63462,63463,63464,63465,63466,63467,63468,63469,63470,63471,63472,63473}",DEP,2026-03-24 14:41:49.581307+01,gold_establishments_2025,,,,22630001000015,2025,Collectivité Territoriale,Département,['Puy-de-Dôme'],['Auvergne-Rhône-Alpes'],DEP,{63},{84}
b90dffad-e3c0-4d28-a47c-db3fde47ecb5,226400018,Département Pyrénées-Atlantiques,false,"{64001,64002,64003,64004,64005,64006,64007,64008,64009,64010,64011,64012,64013,64014,64015,64016,64017,64018,64019,64021,64022,64023,64024,64025,64026,64027,64028,64029,64031,64032,64033,64034,64035,64036,64037,64038,64039,64040,64041,64042,64043,64044,64045,64046,64047,64048,64049,64050,64051,64052,64053,64054,64056,64057,64058,64059,64060,64061,64062,64063,64064,64065,64066,64067,64068,64069,64070,64071,64072,64073,64074,64075,64077,64078,64079,64080,64081,64082,64083,64084,64085,64086,64087,64088,64089,64090,64091,64092,64093,64094,64095,64096,64097,64098,64099,64100,64101,64102,64103,64104,64105,64106,64107,64108,64109,64110,64111,64112,64113,64114,64115,64116,64117,64118,64119,64120,64121,64122,64123,64124,64125,64126,64127,64128,64129,64130,64131,64132,64133,64134,64135,64136,64137,64138,64139,64140,64141,64142,64143,64144,64145,64146,64147,64148,64149,64150,64151,64152,64153,64154,64155,64156,64157,64158,64159,64160,64161,64162,64165,64166,64167,64168,64170,64171,64172,64173,64174,64175,64176,64177,64178,64179,64180,64181,64182,64183,64184,64185,64186,64187,64188,64189,64190,64191,64192,64193,64194,64195,64196,64197,64198,64199,64200,64201,64202,64203,64204,64205,64206,64207,64208,64209,64210,64211,64212,64213,64214,64215,64216,64217,64218,64219,64220,64221,64222,64223,64224,64225,64226,64227,64228,64229,64230,64231,64232,64233,64234,64235,64236,64237,64238,64239,64240,64241,64242,64243,64244,64245,64246,64247,64249,64250,64251,64252,64253,64254,64255,64256,64257,64258,64259,64260,64261,64262,64263,64264,64265,64266,64267,64268,64269,64270,64271,64272,64273,64274,64275,64276,64277,64279,64280,64281,64282,64283,64284,64285,64286,64287,64288,64289,64290,64291,64292,64293,64294,64295,64296,64297,64298,64299,64300,64301,64302,64303,64304,64305,64306,64307,64308,64309,64310,64311,64312,64313,64314,64315,64316,64317,64318,64319,64320,64321,64322,64323,64324,64325,64326,64327,64328,64329,64330,64331,64332,64334,64335,64336,64337,64338,64339,64340,64341,64342,64343,64344,64345,64346,64347,64348,64349,64350,64351,64352,64353,64354,64355,64356,64357,64358,64359,64360,64361,64362,64363,64364,64365,64366,64367,64368,64369,64370,64371,64372,64373,64374,64375,64376,64377,64378,64379,64380,64381,64382,64383,64385,64386,64387,64388,64389,64390,64391,64392,64393,64394,64395,64396,64397,64398,64399,64400,64401,64403,64404,64405,64406,64407,64408,64409,64410,64411,64412,64413,64414,64415,64416,64417,64418,64419,64420,64421,64422,64423,64424,64425,64426,64427,64428,64429,64430,64431,64432,64433,64434,64435,64436,64437,64438,64439,64440,64441,64442,64443,64444,64445,64446,64447,64448,64449,64450,64451,64452,64453,64454,64455,64456,64457,64458,64459,64460,64461,64462,64463,64464,64465,64466,64467,64468,64469,64470,64471,64472,64473,64474,64475,64476,64477,64478,64479,64480,64481,64482,64483,64484,64485,64486,64487,64488,64489,64490,64491,64492,64493,64494,64495,64496,64498,64499,64500,64501,64502,64503,64504,64505,64506,64507,64508,64509,64510,64511,64512,64513,64514,64515,64516,64517,64518,64519,64520,64521,64522,64523,64524,64525,64526,64527,64528,64529,64530,64531,64532,64533,64534,64535,64536,64537,64538,64539,64540,64542,64543,64544,64545,64546,64547,64548,64549,64550,64551,64552,64554,64555,64556,64557,64558,64559,64560}",DEP,2026-03-24 14:41:49.581307+01,gold_establishments_2025,,,,22640001800876,2025,Collectivité Territoriale,Département,['Pyrénées-Atlantiques'],['Nouvelle-Aquitaine'],DEP,{64},{75}
01e740ea-693d-418c-b42b-9b0e4fe1368d,226600013,Département Pyrénées-Orientales,false,"{66001,66002,66003,66004,66005,66006,66007,66008,66009,66010,66011,66012,66013,66014,66015,66016,66017,66018,66019,66020,66021,66022,66023,66024,66025,66026,66027,66028,66029,66030,66032,66033,66034,66035,66036,66037,66038,66039,66040,66041,66042,66043,66044,66045,66046,66047,66048,66049,66050,66051,66052,66053,66054,66055,66056,66057,66058,66059,66060,66061,66062,66063,66064,66065,66066,66067,66068,66069,66070,66071,66072,66073,66074,66075,66076,66077,66078,66079,66080,66081,66082,66083,66084,66085,66086,66088,66089,66090,66091,66092,66093,66094,66095,66096,66097,66098,66099,66100,66101,66102,66103,66104,66105,66106,66107,66108,66109,66111,66112,66113,66114,66115,66116,66117,66118,66119,66120,66121,66122,66123,66124,66125,66126,66127,66128,66129,66130,66132,66133,66134,66136,66137,66138,66139,66140,66141,66142,66143,66144,66145,66146,66147,66148,66149,66150,66151,66152,66153,66154,66155,66156,66157,66158,66159,66160,66161,66162,66164,66165,66166,66167,66168,66169,66170,66171,66172,66173,66174,66175,66176,66177,66178,66179,66180,66181,66182,66183,66184,66185,66186,66187,66188,66189,66190,66191,66192,66193,66194,66195,66196,66197,66198,66199,66201,66202,66203,66204,66205,66206,66207,66208,66209,66210,66211,66212,66213,66214,66215,66216,66217,66218,66219,66220,66221,66222,66223,66224,66225,66226,66227,66228,66230,66231,66232,66233,66234}",DEP,2026-03-24 14:41:49.581307+01,gold_establishments_2025,,,,22660001300016,2025,Collectivité Territoriale,Département,['Pyrénées-Orientales'],['Occitanie'],DEP,{66},{76}
8ddb4021-80fe-4208-9bd9-84a8ebab186a,226900017,Département Rhône,false,"{69001,69002,69003,69004,69005,69006,69007,69008,69009,69010,69012,69013,69014,69016,69017,69018,69019,69020,69021,69022,69023,69024,69026,69027,69028,69029,69030,69031,69032,69033,69034,69035,69036,69037,69038,69039,69040,69042,69043,69044,69045,69046,69047,69049,69050,69051,69052,69053,69054,69055,69056,69057,69058,69059,69060,69061,69062,69063,69064,69065,69066,69067,69068,69069,69070,69071,69072,69074,69075,69076,69077,69078,69080,69081,69082,69083,69084,69085,69086,69087,69088,69089,69090,69091,69092,69093,69094,69095,69096,69097,69098,69099,69100,69102,69103,69104,69105,69106,69107,69108,69109,69110,69111,69112,69113,69115,69116,69117,69118,69119,69120,69121,69122,69123,69124,69125,69126,69127,69130,69131,69132,69133,69134,69135,69136,69137,69138,69139,69140,69141,69142,69143,69145,69148,69149,69151,69153,69154,69155,69156,69157,69160,69161,69162,69163,69164,69165,69166,69167,69168,69169,69170,69171,69172,69173,69174,69175,69176,69177,69178,69179,69180,69181,69182,69183,69184,69186,69187,69188,69189,69190,69191,69192,69193,69194,69196,69197,69198,69199,69200,69201,69202,69203,69204,69205,69206,69207,69208,69209,69212,69214,69215,69216,69217,69218,69219,69220,69225,69227,69228,69229,69230,69231,69233,69234,69235,69236,69238,69239,69240,69241,69242,69243,69244,69245,69246,69248,69249,69250,69252,69253,69254,69255,69256,69257,69258,69259,69260,69261,69263,69264,69265,69266,69267,69268,69269,69270,69271,69272,69273,69275,69276,69277,69278,69279,69280,69281,69282,69283,69284,69285,69286,69287,69288,69289,69290,69291,69292,69293,69294,69295,69296,69297,69298,69299,69381,69382,69383,69384,69385,69386,69387,69388,69389}",DEP,2026-03-24 14:41:49.581307+01,gold_establishments_2025,,,,22690001700014,2025,Collectivité Territoriale,Département,['Rhône'],['Auvergne-Rhône-Alpes'],DEP,{69},{84}
b24ffb04-3797-468d-af0f-a93a2a2ff136,227200029,Département Sarthe,false,"{72001,72002,72003,72004,72005,72006,72007,72008,72009,72010,72011,72012,72013,72015,72016,72017,72018,72019,72020,72021,72022,72023,72024,72025,72026,72027,72028,72029,72031,72032,72034,72035,72036,72037,72038,72039,72040,72041,72042,72043,72044,72045,72046,72047,72048,72049,72050,72051,72052,72053,72054,72056,72057,72058,72059,72060,72061,72062,72064,72065,72066,72067,72068,72070,72071,72072,72073,72074,72075,72076,72077,72078,72079,72080,72083,72084,72085,72086,72087,72088,72089,72090,72091,72093,72094,72095,72096,72098,72099,72100,72101,72102,72103,72104,72105,72106,72107,72109,72110,72111,72112,72113,72114,72115,72118,72119,72120,72121,72122,72123,72124,72125,72126,72127,72128,72129,72130,72131,72132,72133,72134,72135,72136,72137,72138,72139,72141,72142,72143,72144,72145,72146,72147,72148,72149,72150,72151,72152,72153,72154,72155,72156,72157,72158,72160,72161,72163,72164,72165,72166,72167,72168,72169,72170,72171,72172,72173,72174,72175,72176,72177,72178,72179,72180,72181,72182,72183,72184,72185,72186,72187,72188,72189,72190,72191,72192,72193,72194,72195,72196,72197,72198,72199,72200,72201,72202,72204,72205,72208,72209,72210,72211,72212,72213,72214,72215,72216,72217,72218,72219,72220,72221,72222,72223,72224,72225,72226,72227,72228,72229,72230,72231,72232,72233,72234,72235,72236,72237,72238,72239,72241,72243,72244,72245,72246,72247,72248,72249,72250,72251,72252,72253,72254,72255,72256,72257,72259,72260,72261,72262,72264,72265,72266,72267,72268,72269,72270,72271,72272,72273,72274,72275,72276,72277,72278,72279,72280,72281,72282,72283,72286,72289,72290,72291,72292,72293,72294,72295,72296,72297,72299,72300,72302,72303,72305,72306,72307,72308,72309,72310,72311,72312,72313,72314,72315,72316,72317,72319,72320,72321,72322,72323,72324,72325,72326,72327,72328,72329,72330,72331,72332,72333,72334,72335,72336,72337,72338,72339,72340,72341,72342,72343,72344,72345,72346,72347,72348,72349,72350,72351,72352,72353,72354,72355,72356,72357,72358,72359,72360,72361,72362,72363,72364,72366,72367,72368,72369,72370,72372,72373,72374,72375,72376,72377,72378,72379,72380,72381,72382,72383,72385,72386}",DEP,2026-03-24 14:41:49.581307+01,gold_establishments_2025,,,,22720002900014,2025,Collectivité Territoriale,Département,['Sarthe'],['Pays de la Loire'],DEP,{72},{52}
472b5440-d9af-4b87-93ab-9e0511d9e1a9,227300019,Département Savoie,false,"{73001,73003,73004,73005,73006,73007,73008,73010,73011,73012,73013,73014,73015,73017,73018,73019,73020,73021,73022,73023,73024,73025,73026,73027,73028,73029,73030,73031,73032,73033,73034,73036,73039,73040,73041,73042,73043,73047,73048,73049,73050,73051,73052,73053,73054,73055,73057,73058,73059,73061,73063,73064,73065,73067,73068,73069,73070,73071,73072,73073,73074,73075,73076,73077,73078,73079,73081,73082,73083,73084,73085,73086,73087,73088,73089,73090,73091,73092,73094,73095,73096,73097,73098,73099,73100,73101,73103,73104,73105,73106,73107,73109,73110,73113,73114,73116,73117,73119,73120,73121,73122,73123,73124,73128,73129,73130,73131,73132,73133,73135,73137,73138,73139,73140,73141,73142,73145,73146,73147,73149,73150,73151,73152,73153,73154,73155,73156,73157,73159,73160,73161,73162,73164,73166,73168,73170,73171,73173,73175,73176,73177,73178,73179,73180,73181,73182,73183,73184,73186,73187,73188,73189,73190,73191,73192,73193,73194,73196,73197,73200,73201,73202,73204,73205,73206,73207,73208,73210,73211,73212,73213,73214,73215,73216,73217,73218,73219,73220,73221,73222,73223,73224,73225,73226,73227,73228,73229,73230,73231,73232,73233,73234,73235,73236,73237,73240,73241,73242,73243,73245,73246,73247,73248,73249,73250,73252,73253,73254,73255,73256,73257,73258,73259,73261,73262,73263,73265,73267,73268,73269,73270,73271,73272,73273,73274,73275,73276,73277,73278,73280,73281,73282,73283,73284,73285,73286,73288,73289,73290,73292,73293,73294,73296,73297,73298,73299,73300,73301,73302,73303,73304,73306,73307,73308,73309,73310,73311,73312,73313,73314,73315,73316,73317,73318,73320,73322,73323,73324,73326,73327,73328,73329,73330}",DEP,2026-03-24 14:41:49.581307+01,gold_establishments_2025,,,,22730001900014,2025,Collectivité Territoriale,Département,['Savoie'],['Auvergne-Rhône-Alpes'],DEP,{73},{84}
61816735-19cd-4470-82d2-70e7c83321b4,227100013,Département Saône-et-Loire,false,"{71001,71002,71003,71004,71005,71006,71007,71008,71009,71010,71011,71012,71013,71014,71015,71016,71017,71018,71019,71020,71021,71022,71023,71024,71025,71026,71027,71028,71029,71030,71031,71032,71033,71034,71035,71036,71037,71038,71039,71040,71041,71042,71043,71044,71045,71046,71047,71048,71050,71051,71052,71054,71056,71057,71058,71059,71060,71061,71062,71063,71064,71065,71066,71067,71068,71069,71070,71071,71072,71073,71074,71075,71076,71077,71078,71079,71080,71081,71082,71084,71085,71086,71087,71088,71089,71090,71091,71092,71093,71094,71095,71096,71097,71098,71099,71100,71101,71102,71103,71104,71105,71106,71107,71108,71109,71110,71111,71112,71113,71115,71116,71117,71118,71119,71120,71121,71122,71123,71124,71125,71126,71127,71128,71129,71130,71132,71133,71134,71135,71136,71137,71139,71140,71141,71142,71143,71144,71145,71146,71147,71148,71149,71150,71151,71152,71153,71154,71155,71156,71157,71158,71159,71160,71161,71162,71163,71164,71165,71166,71167,71168,71169,71170,71171,71172,71173,71174,71175,71176,71177,71178,71179,71181,71182,71183,71184,71185,71186,71187,71188,71189,71190,71191,71192,71193,71194,71195,71196,71198,71199,71200,71201,71202,71203,71204,71205,71206,71207,71208,71209,71210,71212,71213,71214,71215,71216,71217,71218,71219,71220,71221,71222,71223,71224,71225,71226,71227,71228,71229,71230,71231,71232,71233,71234,71235,71236,71237,71238,71239,71240,71241,71242,71243,71244,71245,71246,71247,71248,71249,71250,71251,71252,71253,71254,71255,71256,71257,71258,71259,71261,71262,71263,71264,71266,71267,71268,71269,71270,71271,71272,71273,71274,71275,71276,71277,71278,71279,71280,71281,71282,71283,71284,71285,71286,71287,71289,71290,71291,71292,71293,71294,71295,71296,71297,71299,71300,71301,71302,71303,71305,71306,71307,71308,71309,71310,71311,71312,71313,71314,71315,71316,71317,71318,71319,71320,71321,71322,71323,71324,71325,71326,71327,71328,71329,71330,71331,71332,71333,71334,71335,71336,71337,71338,71339,71340,71341,71342,71343,71344,71345,71346,71347,71348,71349,71350,71351,71352,71353,71354,71355,71356,71357,71358,71359,71360,71361,71362,71363,71364,71365,71366,71367,71368,71369,71370,71371,71372,71373,71374,71376,71377,71378,71379,71380,71381,71382,71383,71384,71385,71386,71387,71388,71389,71390,71391,71392,71393,71394,71395,71396,71397,71398,71399,71400,71401,71402,71403,71404,71405,71406,71407,71408,71409,71410,71411,71412,71413,71414,71415,71416,71417,71419,71420,71421,71422,71423,71424,71425,71426,71427,71428,71430,71431,71433,71434,71435,71436,71437,71438,71439,71440,71441,71442,71443,71444,71445,71446,71447,71448,71449,71450,71451,71452,71453,71454,71455,71456,71457,71458,71459,71460,71461,71462,71463,71464,71465,71466,71468,71469,71470,71471,71472,71473,71474,71475,71477,71478,71479,71480,71481,71482,71483,71484,71485,71486,71487,71488,71489,71490,71491,71493,71494,71495,71496,71497,71498,71499,71500,71501,71502,71503,71504,71505,71506,71507,71508,71509,71510,71512,71513,71514,71515,71516,71517,71518,71519,71520,71521,71522,71523,71524,71525,71526,71527,71528,71529,71530,71531,71532,71533,71534,71535,71537,71538,71539,71540,71541,71542,71543,71544,71545,71546,71547,71548,71549,71550,71551,71552,71553,71554,71555,71556,71557,71558,71559,71561,71562,71563,71564,71565,71566,71567,71568,71570,71571,71572,71573,71574,71576,71577,71578,71579,71580,71581,71582,71583,71584,71585,71586,71588,71589,71590,71591}",DEP,2026-03-24 14:41:49.581307+01,gold_establishments_2025,,,,22710001300688,2025,Collectivité Territoriale,Département,['Saône-et-Loire'],['Bourgogne-Franche-Comté'],DEP,{71},{27}
43496911-1da1-449d-9916-ed2aaf75b938,227605409,Département Seine-Maritime,false,"{76001,76002,76004,76005,76006,76007,76008,76009,76010,76011,76012,76013,76014,76015,76016,76017,76018,76019,76020,76021,76022,76023,76024,76025,76026,76028,76029,76030,76032,76033,76034,76035,76036,76038,76039,76040,76041,76042,76043,76045,76046,76047,76048,76049,76050,76051,76052,76053,76054,76055,76056,76057,76058,76059,76060,76062,76063,76064,76065,76066,76067,76068,76069,76070,76071,76072,76074,76075,76076,76077,76079,76082,76083,76084,76085,76086,76087,76088,76090,76091,76092,76093,76094,76095,76096,76097,76099,76100,76101,76103,76104,76105,76106,76107,76108,76109,76110,76111,76112,76113,76114,76115,76116,76117,76118,76119,76120,76121,76122,76123,76124,76125,76126,76128,76129,76130,76131,76132,76133,76134,76135,76136,76138,76139,76140,76141,76142,76143,76144,76146,76147,76148,76149,76151,76152,76153,76154,76155,76156,76157,76158,76159,76160,76161,76162,76163,76164,76165,76166,76167,76168,76169,76170,76171,76172,76173,76174,76175,76176,76177,76178,76179,76180,76181,76182,76183,76184,76185,76186,76187,76188,76189,76190,76192,76193,76194,76195,76196,76197,76198,76199,76200,76201,76202,76203,76204,76205,76206,76207,76208,76209,76210,76211,76212,76213,76214,76216,76217,76218,76219,76220,76221,76222,76223,76224,76225,76226,76227,76228,76229,76230,76231,76232,76233,76234,76235,76236,76237,76238,76239,76240,76241,76242,76243,76244,76245,76247,76249,76250,76251,76252,76253,76254,76255,76257,76258,76259,76260,76261,76262,76263,76264,76265,76266,76268,76269,76270,76271,76272,76273,76274,76275,76276,76278,76279,76280,76281,76282,76283,76284,76285,76286,76287,76288,76289,76290,76291,76292,76293,76294,76295,76296,76297,76298,76299,76300,76302,76303,76304,76305,76306,76307,76308,76309,76311,76312,76313,76314,76315,76316,76317,76318,76319,76320,76321,76322,76323,76324,76325,76327,76328,76329,76330,76331,76332,76333,76334,76335,76336,76338,76339,76340,76341,76342,76343,76344,76345,76346,76347,76348,76349,76350,76351,76352,76353,76354,76355,76356,76357,76359,76360,76361,76362,76363,76364,76365,76366,76367,76368,76369,76370,76371,76372,76373,76374,76375,76377,76378,76379,76380,76381,76382,76383,76384,76385,76386,76387,76388,76389,76390,76391,76392,76393,76394,76395,76396,76397,76398,76399,76400,76401,76402,76403,76404,76405,76406,76407,76408,76409,76410,76411,76412,76413,76414,76415,76416,76417,76418,76419,76420,76421,76422,76423,76424,76425,76426,76427,76428,76429,76430,76431,76432,76433,76434,76435,76436,76437,76438,76439,76440,76441,76442,76443,76445,76446,76447,76448,76449,76450,76451,76452,76453,76454,76455,76456,76457,76458,76459,76460,76461,76462,76463,76464,76465,76467,76468,76469,76470,76471,76472,76473,76474,76475,76476,76477,76478,76479,76480,76481,76482,76483,76484,76485,76486,76487,76488,76489,76490,76491,76492,76493,76494,76495,76497,76498,76499,76500,76501,76502,76503,76504,76505,76506,76507,76508,76509,76510,76511,76512,76513,76514,76515,76516,76517,76518,76519,76520,76521,76522,76523,76524,76526,76527,76528,76529,76530,76531,76532,76533,76534,76535,76536,76537,76538,76540,76541,76542,76543,76544,76545,76546,76547,76548,76549,76550,76551,76552,76553,76554,76555,76556,76557,76558,76559,76560,76561,76562,76563,76564,76565,76566,76567,76568,76569,76570,76571,76572,76573,76574,76575,76576,76577,76578,76580,76581,76582,76583,76584,76585,76586,76587,76588,76589,76590,76591,76592,76593,76594,76595,76596,76597,76598,76599,76600,76601,76602,76603,76604,76605,76606,76608,76609,76610,76611,76612,76613,76614,76615,76616,76617,76618,76619,76620,76621,76622,76623,76624,76626,76627,76628,76629,76630,76631,76632,76634,76635,76636,76637,76638,76640,76641,76642,76644,76645,76646,76647,76648,76649,76650,76651,76652,76653,76654,76655,76656,76657,76658,76660,76662,76663,76664,76665,76666,76667,76668,76669,76670,76671,76672,76673,76675,76676,76677,76678,76679,76680,76681,76682,76683,76684,76685,76686,76688,76689,76690,76691,76692,76693,76694,76695,76697,76698,76699,76700,76702,76703,76705,76706,76707,76708,76709,76710,76711,76712,76714,76715,76716,76717,76718,76719,76720,76721,76723,76724,76725,76726,76727,76728,76730,76731,76732,76733,76734,76735,76736,76737,76738,76739,76740,76741,76743,76744,76745,76746,76747,76748,76749,76750,76751,76752,76753,76754,76755,76756,76757,76758,76759}",DEP,2026-03-24 14:41:49.581307+01,gold_establishments_2025,,,,22760540900019,2025,Collectivité Territoriale,Département,['Seine-Maritime'],['Normandie'],DEP,{76},{28}
3b019a1f-e3e7-495b-b9cd-691f749b04e4,229300082,Département Seine-Saint-Denis,false,"{93001,93005,93006,93007,93008,93010,93013,93014,93015,93027,93029,93030,93031,93032,93033,93039,93045,93046,93047,93048,93049,93050,93051,93053,93055,93057,93061,93062,93063,93064,93066,93070,93071,93072,93073,93074,93077,93078,93079}",DEP,2026-03-24 14:41:49.581307+01,gold_establishments_2025,,,,22930008201453,2025,Collectivité Territoriale,Département,['Seine-Saint-Denis'],['Île-de-France'],DEP,{93},{11}
befb152e-a965-44e6-bb29-84335c3ab2c4,227700010,Département Seine-et-Marne,false,"{77001,77002,77003,77004,77005,77006,77007,77008,77009,77010,77011,77012,77013,77014,77015,77016,77018,77019,77020,77021,77022,77023,77024,77025,77026,77027,77029,77030,77031,77032,77033,77034,77035,77036,77037,77038,77039,77040,77041,77042,77043,77044,77045,77046,77047,77048,77049,77050,77051,77052,77053,77054,77055,77056,77057,77058,77059,77060,77061,77062,77063,77065,77066,77067,77068,77069,77070,77071,77072,77073,77075,77076,77077,77078,77079,77080,77081,77082,77083,77084,77085,77086,77087,77088,77089,77090,77091,77093,77094,77095,77096,77097,77098,77099,77100,77101,77102,77103,77104,77106,77107,77108,77109,77110,77111,77112,77113,77114,77115,77116,77117,77118,77119,77120,77121,77122,77123,77124,77125,77126,77127,77128,77129,77130,77131,77132,77133,77134,77135,77136,77137,77138,77139,77140,77141,77142,77143,77144,77145,77146,77147,77148,77150,77151,77152,77153,77154,77155,77156,77157,77158,77159,77161,77162,77163,77164,77165,77167,77168,77169,77171,77172,77173,77174,77175,77176,77177,77178,77179,77180,77181,77182,77183,77184,77185,77186,77187,77188,77190,77191,77192,77193,77194,77195,77196,77197,77198,77199,77200,77201,77202,77203,77204,77205,77206,77207,77208,77209,77210,77211,77212,77214,77215,77216,77217,77218,77219,77220,77221,77222,77223,77224,77225,77226,77227,77228,77229,77230,77231,77232,77233,77234,77235,77236,77237,77238,77239,77240,77241,77242,77243,77244,77245,77246,77247,77248,77249,77250,77251,77252,77253,77254,77255,77256,77257,77258,77259,77260,77261,77262,77263,77264,77265,77266,77267,77268,77269,77270,77271,77272,77273,77274,77275,77276,77277,77278,77279,77280,77281,77282,77283,77284,77285,77286,77287,77288,77289,77290,77291,77292,77293,77294,77295,77296,77297,77298,77300,77301,77302,77303,77304,77305,77306,77307,77308,77309,77310,77311,77312,77313,77314,77315,77316,77317,77318,77319,77320,77321,77322,77323,77325,77326,77327,77328,77329,77330,77331,77332,77333,77335,77336,77337,77338,77339,77340,77341,77342,77343,77344,77345,77347,77348,77349,77350,77352,77353,77354,77355,77356,77357,77358,77359,77360,77361,77363,77364,77365,77366,77367,77368,77369,77370,77371,77372,77373,77374,77376,77377,77378,77379,77380,77381,77382,77383,77384,77385,77386,77387,77388,77389,77390,77391,77392,77393,77394,77395,77396,77397,77398,77400,77401,77402,77403,77404,77405,77406,77407,77408,77409,77410,77411,77412,77413,77414,77415,77416,77417,77418,77419,77420,77421,77423,77424,77425,77426,77427,77428,77429,77430,77431,77432,77433,77434,77435,77436,77437,77438,77439,77440,77441,77442,77443,77444,77445,77446,77447,77448,77449,77450,77451,77452,77453,77454,77455,77456,77457,77458,77459,77460,77461,77462,77463,77464,77465,77466,77467,77468,77469,77470,77471,77472,77473,77474,77475,77476,77477,77478,77479,77480,77481,77482,77483,77484,77485,77486,77487,77489,77490,77492,77493,77494,77495,77496,77498,77500,77501,77504,77505,77506,77507,77508,77509,77510,77511,77512,77513,77514,77515,77516,77517,77518,77519,77520,77521,77522,77523,77524,77525,77526,77527,77528,77529,77530,77531,77532,77533,77534}",DEP,2026-03-24 14:41:49.581307+01,gold_establishments_2025,,,,22770001000019,2025,Collectivité Territoriale,Département,['Seine-et-Marne'],['Île-de-France'],DEP,{77},{11}
8597a09c-66d4-409c-be8b-61d9755660e5,228000014,Département Somme,false,"{80001,80002,80003,80004,80005,80006,80008,80009,80010,80011,80013,80014,80015,80016,80017,80018,80019,80020,80021,80022,80023,80024,80025,80026,80027,80028,80029,80030,80031,80032,80033,80034,80035,80036,80037,80038,80039,80040,80041,80042,80043,80044,80045,80046,80047,80048,80049,80050,80051,80052,80053,80054,80055,80056,80057,80058,80059,80060,80061,80062,80063,80064,80065,80066,80067,80068,80069,80070,80071,80073,80074,80076,80077,80078,80079,80080,80081,80082,80083,80084,80085,80086,80087,80088,80089,80090,80092,80093,80094,80095,80096,80097,80098,80099,80100,80101,80102,80103,80104,80105,80106,80107,80108,80109,80110,80112,80113,80114,80115,80116,80117,80118,80119,80120,80121,80122,80123,80124,80125,80126,80127,80128,80129,80130,80131,80132,80133,80134,80135,80136,80137,80138,80139,80140,80141,80142,80143,80144,80145,80146,80147,80148,80149,80150,80151,80152,80153,80154,80155,80156,80157,80158,80159,80160,80161,80162,80163,80164,80165,80166,80167,80168,80169,80170,80171,80172,80173,80174,80176,80177,80179,80180,80181,80182,80183,80184,80185,80186,80187,80188,80189,80190,80191,80192,80193,80194,80195,80196,80197,80198,80199,80200,80201,80202,80203,80204,80205,80206,80207,80208,80210,80211,80212,80213,80214,80215,80216,80217,80218,80219,80220,80221,80222,80223,80224,80225,80226,80227,80228,80229,80230,80231,80232,80233,80234,80235,80236,80237,80238,80239,80240,80241,80242,80243,80244,80245,80246,80247,80248,80249,80250,80251,80252,80253,80256,80258,80259,80260,80261,80262,80263,80264,80265,80266,80267,80268,80269,80270,80271,80272,80273,80274,80275,80276,80278,80279,80280,80281,80282,80283,80284,80285,80287,80288,80290,80291,80292,80293,80294,80295,80296,80297,80298,80299,80300,80301,80302,80303,80304,80305,80306,80307,80308,80310,80311,80312,80313,80314,80315,80316,80317,80318,80319,80320,80321,80322,80324,80325,80326,80327,80328,80329,80330,80331,80332,80333,80334,80335,80336,80337,80338,80339,80340,80341,80342,80343,80344,80345,80346,80347,80348,80349,80350,80351,80352,80353,80354,80355,80356,80357,80358,80359,80360,80361,80362,80364,80365,80366,80367,80368,80369,80371,80372,80373,80374,80375,80376,80377,80378,80379,80380,80381,80383,80384,80385,80386,80387,80388,80390,80391,80392,80393,80395,80396,80397,80399,80400,80401,80402,80403,80404,80405,80406,80407,80408,80409,80410,80411,80412,80413,80414,80415,80416,80417,80418,80420,80421,80422,80423,80424,80425,80426,80427,80428,80429,80430,80431,80432,80433,80434,80435,80436,80437,80438,80439,80440,80442,80443,80444,80445,80446,80449,80450,80451,80452,80453,80455,80456,80458,80459,80460,80461,80462,80463,80464,80465,80466,80467,80468,80469,80470,80472,80473,80474,80475,80476,80477,80478,80479,80480,80481,80482,80484,80485,80486,80487,80488,80489,80490,80491,80493,80494,80495,80496,80497,80498,80499,80500,80501,80502,80503,80504,80505,80507,80508,80509,80511,80512,80513,80514,80515,80516,80517,80518,80519,80520,80521,80522,80523,80524,80525,80526,80527,80528,80529,80530,80531,80533,80535,80536,80537,80538,80540,80541,80542,80543,80544,80545,80546,80547,80548,80549,80550,80552,80553,80554,80555,80556,80557,80558,80559,80560,80561,80562,80563,80565,80566,80568,80569,80570,80571,80572,80573,80574,80575,80576,80577,80578,80579,80580,80582,80583,80584,80585,80586,80587,80588,80589,80590,80591,80592,80593,80595,80596,80597,80598,80599,80600,80601,80602,80603,80604,80605,80606,80607,80609,80611,80613,80614,80615,80616,80617,80618,80619,80620,80621,80622,80623,80624,80625,80626,80627,80628,80629,80630,80631,80632,80633,80634,80635,80637,80638,80639,80640,80642,80643,80644,80645,80646,80647,80648,80649,80650,80651,80652,80654,80655,80656,80657,80658,80659,80661,80662,80663,80664,80665,80666,80667,80668,80669,80670,80671,80672,80673,80674,80675,80676,80677,80678,80679,80680,80681,80682,80683,80684,80685,80686,80687,80688,80690,80691,80692,80693,80694,80695,80696,80697,80698,80699,80700,80701,80702,80703,80704,80705,80706,80707,80708,80709,80710,80711,80713,80714,80716,80717,80718,80719,80721,80722,80723,80724,80725,80726,80728,80729,80730,80732,80733,80734,80735,80736,80737,80738,80740,80741,80742,80743,80744,80746,80747,80748,80749,80750,80751,80752,80753,80754,80755,80756,80757,80758,80759,80760,80762,80763,80764,80765,80766,80767,80769,80770,80771,80773,80774,80775,80776,80777,80778,80779,80780,80781,80782,80783,80784,80785,80786,80787,80788,80789,80790,80791,80792,80793,80794,80795,80796,80797,80798,80799,80800,80801,80802,80803,80804,80805,80806,80807,80808,80809,80810,80811,80812,80813,80814,80815,80819,80820,80821,80822,80823,80824,80825,80826,80827,80828,80829,80832,80833,80834,80835,80836}",DEP,2026-03-24 14:41:49.581307+01,gold_establishments_2025,,,,22800001400016,2025,Collectivité Territoriale,Département,['Somme'],['Hauts-de-France'],DEP,{80},{32}
4ff1297f-93a3-41f1-abde-c35b0d00ee16,228100012,Département Tarn,false,"{81001,81002,81003,81004,81005,81006,81007,81008,81009,81010,81011,81012,81013,81014,81015,81016,81017,81018,81019,81020,81021,81022,81023,81024,81025,81026,81027,81028,81029,81030,81031,81032,81033,81034,81035,81036,81037,81038,81039,81040,81041,81042,81043,81044,81045,81046,81047,81048,81049,81050,81051,81052,81053,81054,81055,81056,81058,81059,81060,81061,81062,81063,81064,81065,81066,81067,81068,81069,81070,81071,81072,81073,81074,81075,81076,81077,81078,81079,81080,81081,81082,81083,81084,81085,81086,81087,81088,81089,81090,81092,81093,81094,81095,81096,81097,81098,81099,81100,81101,81102,81103,81104,81105,81106,81108,81109,81110,81111,81112,81114,81115,81116,81117,81118,81119,81120,81121,81122,81123,81124,81125,81126,81127,81128,81129,81130,81131,81132,81133,81134,81135,81136,81137,81138,81139,81140,81141,81142,81143,81144,81145,81146,81147,81148,81149,81150,81151,81152,81154,81156,81157,81158,81159,81160,81161,81162,81163,81164,81165,81166,81167,81168,81169,81170,81171,81172,81173,81174,81175,81176,81177,81178,81179,81180,81181,81182,81183,81184,81185,81186,81187,81188,81189,81190,81191,81192,81193,81195,81196,81197,81198,81199,81200,81201,81202,81203,81204,81205,81206,81207,81208,81209,81210,81211,81212,81213,81214,81215,81216,81217,81218,81219,81220,81221,81222,81223,81224,81225,81227,81228,81229,81230,81231,81232,81233,81234,81235,81236,81237,81238,81239,81240,81242,81243,81244,81245,81246,81247,81248,81249,81250,81251,81252,81253,81254,81255,81256,81257,81258,81259,81261,81262,81263,81264,81265,81266,81267,81268,81269,81270,81271,81272,81273,81274,81275,81276,81277,81278,81279,81280,81281,81282,81283,81284,81285,81286,81287,81288,81289,81290,81291,81292,81293,81294,81295,81297,81298,81299,81300,81302,81303,81304,81305,81306,81307,81308,81309,81310,81311,81312,81313,81314,81315,81316,81317,81318,81319,81320,81321,81322,81323,81324,81325,81326}",DEP,2026-03-24 14:41:49.581307+01,gold_establishments_2025,,,,22810001200019,2025,Collectivité Territoriale,Département,['Tarn'],['Occitanie'],DEP,{81},{76}
031f61a4-8877-44f6-b444-f466473629db,228200010,Département Tarn-et-Garonne,false,"{82001,82002,82003,82004,82005,82006,82007,82008,82009,82010,82011,82012,82013,82014,82015,82016,82017,82018,82019,82020,82021,82022,82023,82024,82025,82026,82027,82028,82029,82030,82031,82032,82033,82034,82035,82036,82037,82038,82039,82040,82041,82042,82043,82044,82045,82046,82047,82048,82049,82050,82051,82052,82053,82054,82055,82056,82057,82058,82059,82060,82061,82062,82063,82064,82065,82066,82067,82068,82069,82070,82071,82072,82073,82074,82075,82076,82077,82078,82079,82080,82081,82082,82083,82084,82085,82086,82087,82088,82089,82090,82091,82092,82093,82094,82095,82096,82097,82098,82099,82100,82101,82102,82103,82104,82105,82106,82107,82108,82109,82110,82111,82112,82113,82114,82115,82116,82117,82118,82119,82120,82121,82122,82123,82124,82125,82126,82127,82128,82129,82130,82131,82132,82133,82134,82135,82136,82137,82138,82139,82140,82141,82142,82143,82144,82145,82146,82147,82148,82149,82150,82151,82152,82153,82154,82155,82156,82157,82158,82159,82160,82161,82162,82163,82164,82165,82166,82167,82168,82169,82170,82171,82172,82173,82174,82175,82176,82177,82178,82179,82180,82181,82182,82183,82184,82185,82186,82187,82188,82189,82190,82191,82192,82193,82194,82195}",DEP,2026-03-24 14:41:49.581307+01,gold_establishments_2025,,,,22820001000012,2025,Collectivité Territoriale,Département,['Tarn-et-Garonne'],['Occitanie'],DEP,{82},{76}
ecc54ead-40dc-4951-9a73-5616dd8bbf41,229000013,Département Territoire de Belfort,false,"{90001,90002,90003,90004,90005,90006,90007,90008,90009,90010,90011,90012,90013,90014,90015,90016,90017,90018,90019,90020,90021,90022,90023,90024,90025,90026,90027,90028,90029,90030,90031,90032,90033,90034,90035,90036,90037,90039,90041,90042,90043,90044,90045,90046,90047,90048,90049,90050,90051,90052,90053,90054,90055,90056,90057,90058,90059,90060,90061,90062,90063,90064,90065,90066,90067,90068,90069,90070,90071,90072,90074,90075,90076,90077,90078,90079,90080,90081,90082,90083,90084,90085,90086,90087,90088,90089,90090,90091,90093,90094,90095,90096,90097,90098,90099,90100,90101,90102,90103,90104,90105}",DEP,2026-03-24 14:41:49.581307+01,gold_establishments_2025,,,,22900001300040,2025,Collectivité Territoriale,Département,['Territoire de Belfort'],['Bourgogne-Franche-Comté'],DEP,{90},{27}
c96a561f-d69e-4018-b8b2-e2a7f80911eb,229501275,Département Val-d'Oise,false,"{95002,95008,95011,95012,95014,95018,95019,95023,95024,95026,95028,95039,95040,95042,95046,95051,95052,95054,95055,95056,95058,95059,95060,95061,95063,95074,95078,95088,95091,95094,95101,95102,95110,95116,95119,95120,95127,95134,95139,95141,95142,95144,95149,95150,95151,95154,95157,95166,95169,95170,95176,95177,95181,95183,95197,95199,95203,95205,95210,95211,95212,95213,95214,95218,95219,95229,95241,95250,95252,95253,95254,95256,95257,95258,95268,95270,95271,95277,95280,95287,95288,95295,95298,95301,95303,95304,95306,95308,95309,95313,95316,95323,95328,95331,95341,95348,95351,95352,95353,95355,95365,95369,95370,95371,95379,95387,95388,95392,95394,95395,95409,95422,95424,95426,95427,95428,95429,95430,95436,95438,95445,95446,95447,95450,95452,95456,95459,95462,95476,95480,95483,95487,95488,95489,95491,95492,95493,95500,95504,95509,95510,95523,95527,95529,95535,95539,95541,95543,95554,95555,95563,95566,95572,95574,95580,95582,95584,95585,95592,95594,95598,95604,95607,95610,95611,95612,95625,95627,95628,95633,95637,95641,95651,95652,95656,95658,95660,95675,95676,95678,95680,95682,95690}",DEP,2026-03-24 14:41:49.581307+01,gold_establishments_2025,,,,22950127500015,2025,Collectivité Territoriale,Département,"[""Val-d'Oise""]",['Île-de-France'],DEP,{95},{11}
910e5690-55d6-4ec7-8d65-cb358ce1d967,229400288,Département Val-de-Marne,false,"{94001,94002,94003,94004,94011,94015,94016,94017,94018,94019,94021,94022,94028,94033,94034,94037,94038,94041,94042,94043,94044,94046,94047,94048,94052,94053,94054,94055,94056,94058,94059,94060,94065,94067,94068,94069,94070,94071,94073,94074,94075,94076,94077,94078,94079,94080,94081}",DEP,2026-03-24 14:41:49.581307+01,gold_establishments_2025,,,,22940028800010,2025,Collectivité Territoriale,Département,['Val-de-Marne'],['Île-de-France'],DEP,{94},{11}
b303385a-62eb-4e5f-9469-35598cb05d3a,228300018,Département Var,false,"{83001,83002,83003,83004,83005,83006,83007,83008,83009,83010,83011,83012,83013,83014,83015,83016,83017,83018,83019,83020,83021,83022,83023,83025,83026,83027,83028,83029,83030,83031,83032,83033,83034,83035,83036,83037,83038,83039,83040,83041,83042,83043,83044,83045,83046,83047,83048,83049,83050,83051,83052,83053,83054,83055,83056,83057,83058,83059,83060,83061,83062,83063,83064,83065,83066,83067,83068,83069,83070,83071,83072,83073,83074,83075,83076,83077,83078,83079,83080,83081,83082,83083,83084,83085,83086,83087,83088,83089,83090,83091,83092,83093,83094,83095,83096,83097,83098,83099,83100,83101,83102,83103,83104,83105,83106,83107,83108,83109,83110,83111,83112,83113,83114,83115,83116,83117,83118,83119,83120,83121,83122,83123,83124,83125,83126,83127,83128,83129,83130,83131,83132,83133,83134,83135,83136,83137,83138,83139,83140,83141,83142,83143,83144,83145,83146,83147,83148,83149,83150,83151,83152,83153,83154}",DEP,2026-03-24 14:41:49.581307+01,gold_establishments_2025,,,,22830001800113,2025,Collectivité Territoriale,Département,['Var'],"[""Provence-Alpes-Côte d'Azur""]",DEP,{83},{93}
e288b98a-82dd-4d84-8533-ed0baa065c73,228400016,Département Vaucluse,false,"{84001,84002,84003,84004,84005,84006,84007,84008,84009,84010,84011,84012,84013,84014,84015,84016,84017,84018,84019,84020,84021,84022,84023,84024,84025,84026,84027,84028,84029,84030,84031,84032,84033,84034,84035,84036,84037,84038,84039,84040,84041,84042,84043,84044,84045,84046,84047,84048,84049,84050,84051,84052,84053,84054,84055,84056,84057,84058,84059,84060,84061,84062,84063,84064,84065,84066,84067,84068,84069,84070,84071,84072,84073,84074,84075,84076,84077,84078,84079,84080,84081,84082,84083,84084,84085,84086,84087,84088,84089,84090,84091,84092,84093,84094,84095,84096,84097,84098,84099,84100,84101,84102,84103,84104,84105,84106,84107,84108,84109,84110,84111,84112,84113,84114,84115,84116,84117,84118,84119,84120,84121,84122,84123,84124,84125,84126,84127,84128,84129,84130,84131,84132,84133,84134,84135,84136,84137,84138,84139,84140,84141,84142,84143,84144,84145,84146,84147,84148,84149,84150,84151}",DEP,2026-03-24 14:41:49.581307+01,gold_establishments_2025,,,,22840001600017,2025,Collectivité Territoriale,Département,['Vaucluse'],"[""Provence-Alpes-Côte d'Azur""]",DEP,{84},{93}
5ece725d-1bed-461f-b24f-ea46058ed520,228500013,Département Vendée,false,"{85001,85002,85003,85004,85005,85006,85008,85009,85010,85011,85012,85013,85014,85015,85016,85017,85018,85019,85020,85022,85023,85024,85025,85026,85028,85029,85031,85033,85034,85035,85036,85038,85039,85040,85042,85045,85046,85047,85049,85050,85051,85054,85055,85056,85058,85059,85061,85062,85064,85065,85066,85067,85070,85071,85072,85073,85074,85076,85077,85078,85080,85081,85082,85083,85084,85086,85087,85088,85089,85090,85092,85093,85094,85095,85096,85097,85098,85099,85100,85101,85102,85103,85104,85105,85106,85108,85109,85110,85111,85112,85113,85114,85115,85116,85117,85118,85119,85120,85121,85123,85125,85126,85127,85128,85129,85130,85131,85132,85133,85134,85135,85136,85137,85138,85139,85140,85141,85142,85143,85144,85145,85146,85147,85148,85149,85151,85152,85153,85154,85155,85156,85157,85158,85159,85160,85161,85162,85163,85164,85167,85169,85171,85172,85174,85175,85176,85177,85178,85179,85181,85182,85184,85185,85186,85187,85188,85189,85190,85191,85192,85193,85194,85196,85197,85198,85199,85200,85201,85202,85204,85205,85206,85207,85208,85209,85210,85211,85213,85214,85215,85216,85218,85220,85221,85222,85223,85226,85227,85229,85231,85232,85234,85235,85236,85237,85238,85239,85240,85242,85243,85244,85245,85246,85247,85248,85250,85251,85252,85254,85255,85256,85259,85260,85261,85262,85264,85265,85266,85267,85268,85269,85273,85274,85276,85277,85278,85280,85281,85282,85284,85285,85286,85287,85288,85289,85290,85291,85292,85293,85294,85295,85296,85297,85298,85300,85301,85302,85303,85304,85305,85306}",DEP,2026-03-24 14:41:49.581307+01,gold_establishments_2025,,,,22850001300658,2025,Collectivité Territoriale,Département,['Vendée'],['Pays de la Loire'],DEP,{85},{52}
005e0f30-c1be-49f3-ad55-bcec3a50f6ef,228600011,Département Vienne,false,"{86001,86002,86003,86004,86005,86006,86007,86008,86009,86010,86011,86012,86013,86014,86015,86016,86017,86018,86019,86020,86022,86023,86024,86025,86026,86027,86028,86029,86031,86032,86034,86035,86036,86037,86038,86039,86040,86041,86042,86044,86045,86046,86047,86048,86049,86050,86051,86052,86053,86054,86055,86058,86059,86061,86062,86063,86064,86065,86066,86068,86069,86070,86072,86073,86074,86075,86076,86077,86078,86079,86080,86081,86082,86083,86084,86085,86086,86087,86088,86089,86090,86091,86092,86093,86094,86095,86096,86097,86098,86099,86100,86102,86103,86104,86105,86106,86107,86108,86109,86110,86111,86112,86113,86114,86115,86116,86117,86118,86119,86120,86121,86122,86123,86124,86125,86126,86127,86128,86129,86130,86131,86132,86133,86134,86135,86136,86137,86138,86139,86140,86141,86142,86143,86144,86145,86147,86148,86149,86150,86151,86152,86153,86154,86156,86157,86158,86159,86160,86161,86162,86163,86164,86165,86167,86169,86170,86171,86172,86173,86174,86175,86176,86177,86178,86180,86181,86182,86183,86184,86186,86187,86189,86190,86191,86192,86193,86194,86195,86196,86197,86198,86200,86201,86202,86203,86204,86205,86206,86207,86209,86210,86211,86213,86214,86217,86218,86220,86221,86222,86223,86224,86225,86226,86227,86228,86229,86230,86233,86234,86235,86236,86237,86239,86241,86242,86244,86245,86246,86247,86248,86249,86250,86252,86253,86254,86255,86256,86257,86258,86260,86261,86262,86263,86264,86265,86266,86268,86269,86270,86271,86272,86273,86274,86275,86276,86279,86280,86281,86284,86285,86286,86287,86288,86289,86290,86291,86292,86293,86294,86295,86296,86297,86298,86299,86300}",DEP,2026-03-24 14:41:49.581307+01,gold_establishments_2025,,,,22860001100016,2025,Collectivité Territoriale,Département,['Vienne'],['Nouvelle-Aquitaine'],DEP,{86},{75}
80b423de-50d6-4aa9-861d-bfcec3d9d090,228800017,Département Vosges,false,"{88001,88002,88003,88004,88005,88006,88007,88008,88009,88010,88011,88012,88013,88014,88015,88016,88017,88019,88020,88021,88022,88023,88024,88025,88026,88027,88028,88029,88030,88031,88032,88033,88035,88036,88037,88038,88039,88040,88041,88042,88043,88044,88045,88046,88047,88048,88049,88050,88051,88052,88053,88054,88055,88056,88057,88058,88059,88060,88061,88062,88063,88064,88065,88066,88068,88069,88070,88071,88073,88074,88075,88076,88077,88078,88079,88080,88081,88082,88083,88084,88085,88086,88087,88088,88089,88090,88091,88092,88093,88094,88095,88096,88097,88098,88099,88100,88101,88102,88103,88104,88105,88106,88107,88108,88109,88110,88111,88113,88114,88115,88116,88117,88118,88119,88120,88121,88122,88123,88124,88125,88126,88127,88128,88129,88130,88131,88132,88133,88134,88135,88136,88137,88138,88139,88140,88141,88142,88143,88144,88145,88146,88147,88148,88149,88150,88151,88152,88153,88154,88155,88156,88157,88158,88159,88160,88161,88162,88163,88164,88165,88166,88167,88168,88169,88170,88171,88172,88173,88174,88175,88176,88177,88178,88179,88180,88181,88182,88183,88184,88185,88186,88187,88188,88189,88190,88192,88193,88194,88195,88196,88197,88198,88199,88200,88201,88202,88203,88205,88206,88208,88209,88210,88212,88213,88214,88215,88216,88218,88219,88220,88221,88222,88223,88224,88225,88226,88227,88228,88229,88230,88231,88232,88233,88236,88237,88238,88239,88240,88241,88242,88243,88244,88245,88246,88247,88248,88249,88250,88251,88252,88253,88254,88255,88256,88257,88258,88259,88260,88261,88262,88263,88264,88265,88266,88267,88268,88269,88270,88271,88272,88273,88274,88275,88276,88277,88278,88279,88280,88281,88283,88284,88285,88286,88287,88288,88289,88290,88291,88292,88293,88294,88295,88296,88297,88298,88299,88300,88301,88302,88303,88304,88305,88306,88307,88308,88309,88310,88311,88312,88313,88314,88315,88316,88317,88318,88319,88320,88321,88322,88324,88325,88326,88327,88328,88330,88331,88332,88333,88334,88335,88336,88338,88340,88341,88342,88343,88344,88345,88346,88347,88348,88349,88350,88351,88352,88353,88354,88355,88356,88357,88358,88359,88360,88361,88362,88363,88364,88365,88366,88367,88368,88369,88370,88371,88372,88373,88374,88375,88376,88377,88378,88379,88380,88381,88382,88383,88385,88386,88387,88388,88389,88390,88391,88394,88395,88398,88399,88400,88401,88402,88403,88404,88406,88407,88408,88409,88410,88411,88412,88413,88415,88416,88417,88418,88419,88421,88423,88424,88425,88426,88427,88428,88429,88430,88431,88432,88433,88434,88435,88436,88437,88438,88439,88440,88441,88442,88443,88444,88445,88446,88447,88448,88449,88450,88451,88452,88453,88454,88455,88456,88457,88458,88459,88460,88461,88462,88463,88464,88465,88466,88467,88468,88469,88470,88471,88472,88473,88474,88475,88476,88477,88478,88479,88480,88481,88482,88483,88484,88485,88486,88487,88488,88489,88490,88491,88492,88493,88494,88495,88496,88497,88498,88499,88500,88501,88502,88503,88504,88505,88506,88507,88508,88509,88510,88511,88512,88513,88514,88515,88516,88517,88518,88519,88520,88521,88522,88523,88524,88525,88526,88527,88528,88529,88530,88531,88532}",DEP,2026-03-24 14:41:49.581307+01,gold_establishments_2025,,,,22880001700011,2025,Collectivité Territoriale,Département,['Vosges'],['Grand Est'],DEP,{88},{44}
4a3863a7-5546-447a-83d9-3c2da9b38484,228900015,Département Yonne,false,"{89002,89003,89004,89005,89006,89007,89008,89009,89010,89011,89012,89013,89014,89015,89016,89017,89018,89019,89020,89021,89022,89023,89024,89025,89027,89028,89029,89030,89031,89032,89033,89034,89035,89036,89037,89038,89039,89040,89041,89042,89043,89044,89045,89046,89048,89049,89050,89051,89053,89054,89055,89056,89057,89058,89059,89060,89061,89062,89063,89064,89065,89066,89067,89068,89069,89071,89072,89073,89074,89075,89076,89077,89079,89080,89081,89083,89084,89085,89086,89087,89088,89089,89091,89092,89093,89094,89095,89096,89098,89099,89100,89101,89102,89104,89105,89108,89111,89112,89113,89115,89116,89117,89118,89119,89120,89122,89123,89124,89125,89126,89127,89128,89129,89130,89131,89132,89133,89134,89136,89137,89139,89141,89142,89143,89144,89145,89146,89147,89148,89149,89150,89151,89152,89153,89154,89155,89156,89158,89159,89160,89161,89162,89163,89164,89165,89167,89168,89169,89170,89171,89172,89173,89175,89176,89177,89179,89180,89181,89182,89183,89184,89186,89187,89188,89189,89190,89191,89194,89195,89196,89197,89198,89199,89200,89201,89202,89203,89204,89205,89206,89207,89208,89209,89210,89211,89212,89214,89215,89216,89217,89218,89219,89220,89221,89222,89223,89224,89225,89226,89227,89228,89229,89230,89232,89233,89234,89235,89236,89237,89238,89239,89240,89242,89244,89245,89246,89247,89248,89249,89250,89251,89252,89253,89254,89255,89256,89257,89259,89261,89262,89263,89264,89265,89266,89267,89268,89270,89271,89272,89273,89274,89276,89277,89278,89279,89280,89281,89282,89283,89284,89285,89286,89287,89288,89289,89290,89291,89292,89295,89296,89297,89298,89299,89300,89302,89303,89304,89306,89307,89308,89309,89310,89311,89312,89313,89314,89315,89316,89318,89319,89320,89321,89323,89324,89325,89326,89327,89328,89329,89331,89332,89333,89334,89335,89336,89337,89338,89339,89341,89342,89344,89345,89346,89347,89348,89349,89350,89351,89352,89353,89354,89355,89359,89360,89361,89362,89363,89364,89365,89367,89368,89369,89370,89371,89373,89374,89375,89376,89377,89378,89379,89380,89382,89383,89384,89385,89386,89387,89388,89390,89391,89392,89393,89394,89395,89397,89398,89399,89400,89402,89403,89404,89405,89406,89407,89408,89409,89410,89411,89412,89413,89414,89415,89416,89417,89418,89419,89420,89422,89423,89424,89425,89426,89427,89428,89430,89431,89432,89433,89434,89436,89437,89438,89439,89440,89441,89442,89443,89445,89446,89447,89449,89450,89451,89452,89453,89456,89458,89459,89460,89461,89462,89463,89464,89465,89466,89467,89468,89469,89470,89471,89472,89474,89475,89477,89478,89479,89480,89481,89482,89483,89485,89486}",DEP,2026-03-24 14:41:49.581307+01,gold_establishments_2025,,,,22890001500238,2025,Collectivité Territoriale,Département,['Yonne'],['Bourgogne-Franche-Comté'],DEP,{89},{27}
5f25adbe-0f9b-4643-8f60-39113c37562d,227806460,Département Yvelines,false,"{78003,78005,78006,78007,78009,78010,78013,78015,78020,78029,78030,78031,78033,78034,78036,78043,78048,78049,78050,78053,78057,78062,78068,78070,78071,78072,78073,78076,78077,78082,78084,78087,78089,78090,78092,78096,78104,78107,78108,78113,78117,78118,78120,78123,78124,78125,78126,78128,78133,78138,78140,78143,78146,78147,78152,78158,78160,78162,78163,78164,78165,78168,78171,78172,78185,78188,78189,78190,78192,78193,78194,78196,78202,78206,78208,78209,78217,78220,78224,78227,78230,78231,78233,78234,78236,78237,78238,78239,78242,78245,78246,78255,78261,78262,78263,78264,78265,78267,78269,78276,78278,78281,78283,78285,78289,78290,78291,78296,78297,78299,78300,78302,78305,78307,78310,78311,78314,78317,78320,78321,78322,78324,78325,78327,78329,78334,78335,78337,78343,78344,78346,78349,78350,78354,78356,78358,78361,78362,78364,78366,78367,78368,78372,78380,78381,78382,78383,78384,78385,78389,78391,78396,78397,78398,78401,78402,78403,78404,78406,78407,78410,78413,78415,78416,78417,78418,78420,78423,78431,78437,78439,78440,78442,78443,78444,78451,78455,78460,78464,78465,78466,78470,78472,78474,78475,78478,78481,78484,78486,78490,78497,78498,78499,78501,78502,78505,78506,78513,78516,78517,78518,78520,78522,78528,78530,78531,78536,78537,78545,78548,78550,78551,78557,78558,78559,78561,78562,78564,78565,78567,78569,78571,78575,78576,78586,78588,78590,78591,78597,78601,78605,78606,78608,78609,78615,78616,78618,78620,78621,78623,78624,78638,78640,78642,78643,78644,78646,78647,78650,78653,78655,78668,78672,78674,78677,78681,78683,78686,78688}",DEP,2026-03-24 14:41:49.581307+01,gold_establishments_2025,,,,22780646000019,2025,Collectivité Territoriale,Département,['Yvelines'],['Île-de-France'],DEP,{78},{11}
e17868ab-4937-4934-bb45-9f3d15b6d9b9,200057990,EPT Boucle Nord de Seine,false,"{92004,92009,92024,92025,92036,92078,95018}",SIVOM,2026-03-24 14:41:49.581307+01,gold_establishments_2025,,,,20005799000034,2025,Collectivité Territoriale,Intercommunalité,"['Hauts-de-Seine', ""Val-d'Oise""]",['Île-de-France'],EPT,"{92,95}",{11}
13c94f4d-1926-4314-a89d-5b84e7cda752,200057875,EPT Est Ensemble,false,"{93006,93008,93010,93045,93048,93053,93055,93061,93063}",SIVOM,2026-03-24 14:41:49.581307+01,gold_establishments_2025,,,,20005787500011,2025,Collectivité Territoriale,Intercommunalité,['Seine-Saint-Denis'],['Île-de-France'],EPT,{93},{11}
29636624-5b11-4e96-9ec9-cf52d9208332,200058790,EPT Grand Paris Grand Est,false,"{93014,93015,93032,93033,93046,93047,93049,93050,93051,93057,93062,93064,93074,93077}",SIVOM,2026-03-24 14:41:49.581307+01,gold_establishments_2025,,,,20005879000011,2025,Collectivité Territoriale,Intercommunalité,['Seine-Saint-Denis'],['Île-de-France'],EPT,{93},{11}
5d21967d-4a5d-4eb5-9607-588525cd63be,200057974,EPT Grand Paris Seine Ouest,false,"{92012,92022,92040,92047,92048,92072,92075,92077}",SIVOM,2026-03-24 14:41:49.581307+01,gold_establishments_2025,,,,20005797400012,2025,Collectivité Territoriale,Intercommunalité,['Hauts-de-Seine'],['Île-de-France'],EPT,{92},{11}
18d93071-bc25-479e-bfdc-df01deda4311,200058006,EPT Grand Paris Sud Est Avenir,false,"{94002,94004,94011,94019,94028,94044,94047,94048,94053,94055,94056,94059,94060,94070,94071,94075}",SIVOM,2026-03-24 14:41:49.581307+01,gold_establishments_2025,,,,20005800600061,2025,Collectivité Territoriale,Intercommunalité,['Val-de-Marne'],['Île-de-France'],EPT,{94},{11}
0a22bf55-0985-4251-81bd-bf097bca0661,200058014,EPT Grand-Orly Seine Bièvre,false,"{91027,91326,91432,91479,91589,91687,94001,94003,94016,94021,94022,94034,94037,94038,94041,94043,94054,94065,94073,94074,94076,94077,94078,94081}",SIVOM,2026-03-24 14:41:49.581307+01,gold_establishments_2025,,,,20005801400016,2025,Collectivité Territoriale,Intercommunalité,"['Essonne', 'Val-de-Marne']",['Île-de-France'],EPT,"{91,94}",{11}
87b26d17-931f-4f5a-a20d-5171b3155873,200057941,EPT Paris Est Marne et Bois,false,"{94015,94017,94018,94033,94042,94046,94052,94058,94067,94068,94069,94079,94080}",SIVOM,2026-03-24 14:41:49.581307+01,gold_establishments_2025,,,,20005794100011,2025,Collectivité Territoriale,Intercommunalité,['Val-de-Marne'],['Île-de-France'],EPT,{94},{11}
bdcb47a2-70e8-429c-9711-f2d92e9d6523,200057982,EPT Paris Ouest La Défense,false,"{92026,92033,92035,92044,92050,92051,92062,92063,92064,92073,92076}",SIVOM,2026-03-24 14:41:49.581307+01,gold_establishments_2025,,,,20005798200015,2025,Collectivité Territoriale,Intercommunalité,['Hauts-de-Seine'],['Île-de-France'],EPT,{92},{11}
b6185bef-4642-4c13-8e57-f7939a67ec35,200058097,EPT Paris Terres d'Envol,false,"{93005,93007,93013,93029,93030,93071,93073,93078}",SIVOM,2026-03-24 14:41:49.581307+01,gold_establishments_2025,,,,20005809700011,2025,Collectivité Territoriale,Intercommunalité,['Seine-Saint-Denis'],['Île-de-France'],EPT,{93},{11}
d973b53b-6d9d-4669-a80f-9d2ae49c113c,200057867,EPT Plaine Commune,false,"{93001,93027,93031,93039,93066,93070,93072,93079}",SIVOM,2026-03-24 14:41:49.581307+01,gold_establishments_2025,,,,20005786700018,2025,Collectivité Territoriale,Intercommunalité,['Seine-Saint-Denis'],['Île-de-France'],EPT,{93},{11}
c8399198-2770-4932-bd7e-94c02c072f71,200057966,EPT Vallée Sud-Grand Paris,false,"{92002,92007,92014,92019,92020,92023,92032,92046,92049,92060,92071}",SIVOM,2026-03-24 14:41:49.581307+01,gold_establishments_2025,,,,20005796600018,2025,Collectivité Territoriale,Intercommunalité,['Hauts-de-Seine'],['Île-de-France'],EPT,{92},{11}
2d132bdb-74cf-496a-b392-fa88f11c0cb8,246700488,Eurométropole de Strasbourg (67),false,"{67001,67043,67049,67065,67118,67119,67124,67131,67137,67152,67182,67204,67212,67218,67247,67256,67267,67268,67296,67309,67326,67343,67350,67363,67365,67378,67389,67447,67471,67482,67506,67519,67551}",ME,2026-03-24 14:41:51.447482+01,gold_establishments_2025,,,,24670048800017,2025,Collectivité Territoriale,Intercommunalité,['Bas-Rhin'],['Grand Est'],METRO,{67},{44}
744c7905-451a-4744-8102-de32107e03b6,200040715,Grenoble-Alpes-Métropole (38),false,"{38057,38059,38068,38071,38111,38126,38150,38151,38158,38169,38170,38179,38185,38187,38188,38200,38229,38235,38252,38258,38271,38277,38279,38281,38309,38317,38325,38328,38364,38382,38388,38421,38423,38436,38445,38471,38472,38474,38478,38485,38486,38516,38524,38528,38529,38533,38540,38545,38562}",ME,2026-03-24 14:41:49.581307+01,gold_establishments_2025,,,,20004071500019,2025,Collectivité Territoriale,Intercommunalité,['Isère'],['Auvergne-Rhône-Alpes'],METRO,{38},{84}
6f11613c-29b0-4e9c-8c63-71b6defc9b66,130019995,Igedd,false,"{28099,80666,70169,17404,32427,35009,19105,09012,34333,02250,65296,88233,21283,2B283,40105,80270,33547,89160,76058,34225,90099,78383,13109,69266,26071,27537,09103,62193,53148,14606,55296,60275,15166,97411,72003,45291,80299,16267,52400,05181,50378,11289,60124,72165,18138,16045,11038,08402,44027,44151,15082,52053,51307,50069,24147,68247,55179,77501,67244,23225,81180,61169,74275,62050,56110,18164,90047,09072,59343,39354,63048,24407,42329,35005,66075,32093,45167,11036,31541,95480,46180,38015,81072,89148,2B126,81029,02337,22220,05152,07148,07187,17140,09294,43222,74162,39179,63276,36240,09084,55236,26282,69228,49302,15189,37230,2A004,81058,76654,30107,80600,59528,54372,36215,46009,18025,08297,50490,25473,70284,25066,10011,89351,55068,10060,22330,50374,10391,71572,10063,80678,83119,12111,51460,38299,14100,53180,51357,17378,74233,35010,55044,95258,76231,87024,82056,55304,57649,73309,05091,27696,43049,59523,65157,71235,49120,39270,70401,27192,46042,38176,59287,61103,56125,69175,77474,18200,51521,08308,80509,14755,57676,53248,32180,91639,13100,31186,32225,50393,80631,80552,62676,02306,08161,67532,78513,31348,12198,88053,38229,73132,22314,88226,55191,87183,76559,86129,26018,11034,80557,62581,21344,38192,10108,07218,22177,64514,31056,09078,34066,73137,39059,54186,60357,82131,30287,84092,39478,38118,76169,32466,33035,82060,02716,77487,33046,59032,02347,31322,80353,88350,85135,28418,86125,31510,36184,76371,80115,16208,52079,86210,62577,24152,28332,21492,80263,35016,88349,07086,97403,21003,36202,09156,25333,53011,63043,57696,74031,42241,91433,52464,85038,62271,82026,45029,95214,25293,48121,76720,78234,36012,29086,47239,82173,11330,33520,54229,33351,41192,36179,55077,51091,07208,48025,67235,31520,62712,26238,18139,27520,80055,02824,52411,84020,97405,79152,61002,80345,85184,46068,61288,15046,12246,35292,51510,69054,40003,24071,67429,17369,63075,73086,65202,06055,66153,67395,64219,64146,03119,65003,88348,89339,63247,35352,02199,02671,48016,88013,65076,58058,76284,35132,93078,84048,62264,38344,70347,60136,23080,02705,27543,59038,54170,42240,89470,85298,45186,31147,60600,48163,51202,34115,72264,73061,26200,60224,35249,47247,26086,28084,37071,74241,77364,40136,22039,64036,11018,25485,29294,35260,35142,14025,11215,30288,59181,69238,68299,09296,65130,67349,27578,52467,67543,06102,28289,21580,33481,90005,80730,44182,54204,54188,88269,11161,43027,23115,80711,72066,03316,62354,68200,53019,45313,57297,28160,32392,45136,14032,15179,55468,70183,01146,88490,50271,51310,27553,78505,79078,27512,68270,97125,41255,62637,11231,76598,73073,02114,56148,70445,09190,22218,05106,21422,32291,18048,47016,55250,68186,24045,24083,39295,60005,07279,71157,35153,35339,23222,58255,60576,57715,68305,68146,36048,73101,19136,29214,41016,60655,88178,95585,35318,24521,70477,43260,24191,19046,95456,36021,52145,51075,73166,08381,03279,19137,15264,17136,32430,07236,54109,43205,35332,53075,02105,27260,59571,17042,54559,61480,51501,26374,70560,58012,27381,11005,21394,46311,59029,07071,52407,51235,07004,08159,26077,10242,91244,39074,67334,79231,90091,16016,17257,48167,41262,80152,43168,53038,57229,02795,43106,33532,45114,68128,02826,18012,81089,14309,55350,51621,52350,52420,62798,12031,62636,07012,57031,95203,95308,88281,07113,17452,11033,51558,01162,22163,62229,71170,86042,42217,85130,67221,83071,21376,51376,60486,89257,08179,89409,71251,88377,74114,05040,64262,49257,08053,91619,70470,46006,61067,35304,30018,51171,19067,19090,21116,01151,16385,34105,79242,50233,26283,50077,21462,31558,70075,08484,38304,66014,60032,81276,24218,89299,29284,89239,43131,44056,46314,33072,25364,19184,07023,66183,09274,57666,27439,57755,36003,33181,80516,46155,10048,55454,21498,64401,03207,25578,51090,26304,76596,67378,52297,71191,72344,33422,52260,85278,74291,80128,11383,50351,60195,11334,51570,89453,11055,32253,69192,60288,66149,04086,18244,36150,02115,80143,38181,45016,2A115,21031,22190,70318,18194,79336,35022,59646,16380,70307,53088,01354,25150,67426,82018,14425,09307,32187,35324,62424,81073,21643,18260,97213,80524,38026,50216,57591,39553,25098,39019,35087,18027,65042,25488,81220,54044,51300,57186,83026,47289,29270,16013,48058,58272,34069,10043,23055,29287,09315,54424,76429,31485,40319,48092,76217,63255,77009,31202,2B136,76160,42226,38475,76124,22205,42212,01431,11441,71233,91671,02140,77358,65239,76449,62117,57652,07007,88410,65018,07055,31275,27074,11273,76056,14569,33339,70217,63345,59375,62335,41166,45311,75108,76452,59439,23159,71426,19020,17387,70352,40025,14742,22122,57087,42171,37142,39252,24527,31580,60388,05035,88065,13032,21553,25569,76018,95409,67227,67299,60569,30263,39251,10266,17114,54447,29215,26239,02594,02505,14175,08242,10051,27158,47310,03202,64415,69264,54475,76154,57259,37068,88450,18232,25055,53052,55502,89050,67281,38193,70528,35084,17062,44131,60011,14430,17167,62605,50004,11077,58234,70418,42225,11197,31035,76692,80624,79010,59283,17045,45078,62858,51233,95510,21205,51517,22254,72121,02572,76417,65186,95059,32017,88210,62352,87140,34071,54360,42013,37217,87076,08403,64189,45261,08033,04073,29229,34107,36015,02772,59344,08395,51641,12254,16113,65171,83099,51034,17421,46283,83066,57109,64058,18187,25512,52174,80685,06100,60307,39402,48119,01349,34026,62164,54387,45346,15085,62414,95430,07286,56107,78382,60496,30147,40176,78003,35126,38559,37236,51031,37117,29190,30312,91191,14522,85199,21559,17333,80040,04152,62619,60198,75118,82128,01302,14283,74003,65436,16336,43133,70362,37148,55243,32104,21063,41204,36100,59048,61207,12073,14121,08069,55163,38268,64068,29301,88296,86062,09101,29001,81141,30039,07075,60498,42260,45137,33305,21680,91577,52529,50352,37018,21092,02816,64469,28415,91386,24143,92071,64506,65066,78305,06154,18179,22180,62095,45173,16187,70510,51287,87047,89276,02756,53026,82187,38002,89039,10212,08201,2B327,10248,11392,11058,54155,39363,59611,44044,80591,62898,58196,24197,66085,80680,61438,37172,02329,39499,11251,28315,21547,29251,40024,32284,95119,76247,07104,37141,79209,11277,51198,30244,15126,38004,67530,77055,28360,21016,22181,84132,24068,33359,42281,70043,40054,05177,52005,30347,66212,41294,66215,16083,57427,31423,09289,63058,17120,74175,02239,22162,12039,31374,65255,41247,28199,19013,22235,57406,23114,02249,67185,69080,77117,18207,55477,51626,67140,28041,62616,51440,39222,30030,58250,2B316,53197,30019,21604,21220,68091,08120,55320,05077,87042,64498,66057,24382,65180,82031,10361,38301,74174,57628,33453,69007,55426,30001,55166,60692,34223,80799,85282,10121,24385,34251,86167,67005,80051,54171,66145,10214,39424,41083,60500,76614,62708,81317,77233,14209,43164,38137,88060,76055,67383,41094,71318,87126,42298,32370,68166,67125,44072,36163,70483,36122,60183,46297,54194,89077,21139,83126,44079,43052,81015,12275,50106,46267,26157,26135,02009,54434,33010,31169,56116,47157,67505,51264,27319,85235,01063,14562,66208,13015,38522,73190,57517,01446,01437,74130,80058,18071,02059,10038,60016,15251,80190,62412,43211,79142,55039,14514,40075,68264,19147,01355,02782,45195,27304,91243,62310,57500,25035,59063,22061,34146,38357,81116,93033,70500,16248,31446,09167,31568,18014,55160,13058,51488,79023,24272,73184,02420,58187,50549,49129,59648,62189,72215,57548,36114,62863,92019,59233,22321,24533,03152,36241,52162,04115,68145,69284,76157,84087,57671,80009,55038,89465,57067,54213,68155,47324,09257,70351,80693,69055,19019,89162,89230,64523,06058,65095,21302,71564,73247,76660,16245,21602,50022,58002,88306,64526,54123,95394,09338,76235,34106,65310,89195,82176,63221,57424,40152,24571,02381,71247,74134,72150,49038,88138,21584,85028,29252,71588,57402,60004,03044,31524,33186,26197,89326,64213,02102,30022,50487,21605,59083,62609,35185,88073,44098,45296,57266,17396,14301,39013,27111,37095,33248,70059,77508,57016,95023,49045,17037,57232,38038,22115,40316,24537,17091,32152,07060,89233,63448,25586,05149,61408,88435,47197,29027,14308,40262,89156,51069,72295,59570,82098,09068,54520,02282,35150,30196,11062,57215,03198,24023,02831,52499,89149,71325,44088,78655,73327,74135,33320,79215,2B057,71223,70509,27022,59054,10410,67089,34301,62597,28012,30201,02729,73047,76272,27238,17101,38364,33474,59617,72306,88107,50064,31320,26358,61494,71577,60088,55361,08048,17131,65359,74212,31286,01360,32331,71556,86186,55447,14411,16345,86187,40198,18156,83081,67117,51166,24308,17397,55473,28180,77209,31250,24451,82002,15211,23052,67314,88461,56073,07183,62064,40087,33212,21360,38536,29210,33281,31312,31581,50395,77275,71121,64089,55313,56081,42132,02372,02613,80367,09202,91378,22300,63137,71242,02769,10084,38398,01245,03035,77164,77470,01166,77522,88236,32263,04149,24362,05131,67312,25327,69074,11145,51619,01087,80319,21023,57210,65163,01029,24411,25032,07200,88184,29185,67277,31358,52444,51208,23048,55467,36089,50283,38255,26253,39201,70106,50291,64470,61373,53119,06033,53216,21191,50085,18083,61309,09253,80181,37007,42265,54175,01230,24490,50294,21233,93010,77436,35125,2A209,49364,31572,73314,54052,33255,59039,30109,63286,38517,11059,79080,03041,60175,72119,04170,86108,50357,02066,17291,54258,17459,50135,55391,62266,87176,11280,83141,19238,69295,39356,14287,85065,64231,38316,19219,27185,52218,71530,60094,24319,49301,55376,60548,84142,89169,40190,55057,46299,19163,58260,54575,57571,01002,76115,02459,50604,22165,74014,28197,76606,37121,30038,28206,19182,51183,89104,34014,38256,74206,42100,09176,24025,65364,39101,23097,39165,79131,45019,67446,48132,61008,93071,27053,52355,57477,60394,17124,84105,70214,76206,69023,28049,64003,41018,76331,30290,10357,70080,43096,46038,21235,49127,23049,22201,62384,57621,54013,23029,83113,68154,63014,81139,87030,28119,74042,2A312,71254,14733,95535,07034,28022,02738,2A330,22223,37258,25354,34165,38538,31017,76334,01420,03218,80815,57495,25394,02830,21593,54210,80150,38450,09153,81094,29233,80296,63087,36052,38351,45109,67539,02672,01375,60591,08162,22318,05037,01304,33162,06108,14022,07275,28377,88500,68267,48198,80291,62377,25154,09183,47071,46094,42049,76481,12307,14731,45290,43080,09200,81136,07158,70093,19202,64489,30279,63100,67119,68197,71320,74080,89198,55145,38473,09224,60553,69170,21420,34252,73200,54008,88170,56156,35047,31070,31194,87080,02638,85128,47176,50572,70486,47291,63046,80327,30339,81303,64254,38280,17246,31077,84003,45068,43074,46028,19175,41086,54588,24055,38086,87009,63033,72166,43247,71082,21102,52110,22338,47282,59395,87075,71354,33375,65067,27348,19124,80536,21439,18256,74192,14711,16284,60362,19232,42070,70566,03258,70385,22016,44081,86145,07110,77350,01100,62873,78561,57281,59208,35346,70409,24557,89437,52548,31536,41256,03315,34248,74256,55162,77029,42232,78092,46135,10124,45141,57564,72032,34264,07287,07225,67473,08229,71093,24312,26176,71095,64412,65169,16136,59325,24248,55411,39021,27232,52308,18026,32099,59055,29235,71154,52266,82170,45251,35244,91568,80297,71491,27331,29130,26150,66051,08392,80192,48028,61307,11114,77220,11217,09280,55437,08405,03018,16405,10305,51201,10085,74252,51251,47215,91482,25075,54265,12201,01333,80041,47042,59052,24108,34067,88532,82185,81062,63366,11016,44092,61398,10019,88080,10323,39558,14714,32072,65250,55114,59550,24199,19087,87133,72037,10434,05128,04097,65424,55584,84095,48147,72314,73226,90021,43167,28156,77309,01313,44140,47114,68041,47142,16395,02383,38338,42074,56014,81093,80717,57734,64491,07022,38264,76325,08178,32332,54152,41144,37046,88212,07203,34212,2B135,02259,54051,14066,14053,81013,25042,46196,39531,85218,47284,51647,79301,14107,49224,72164,2B265,83013,46181,37044,11176,70568,02435,97408,46206,12216,62397,63096,86039,88304,24515,37054,62395,57421,67460,95607,78415,89155,40332,40281,61183,62717,76424,34229,48017,73055,88380,71437,11049,32255,63428,14288,24480,26131,57020,71309,45139,33225,03058,64364,50120,36034,60691,44212,30128,78384,62716,27384,69127,58247,60187,47025,13085,21656,78528,24281,80836,84066,76192,76149,62758,77481,88071,31229,37268,80314,22354,63040,24242,55118,62214,81106,58059,49035,77211,27183,51314,55306,18090,59312,17143,61399,58190,14249,55579,12143,54161,16161,53162,78672,37218,40051,11278,88078,40202,88313,50098,39127,84060,21630,31507,90027,06022,64172,76184,27613,84082,17461,46290,60494,50597,57607,45175,21673,53028,50338,10071,06127,70121,40002,05173,57321,31263,70229,51362,76565,02356,23071,54112,26130,79265,42197,55198,71227,03116,76439,93032,83098,73288,21365,59148,24290,83142,51556,76041,71498,19042,14202,25083,37139,80093,80613,18174,18040,11430,16315,44150,30346,72213,10132,95024,38116,31240,89216,89129,54451,16420,54133,02058,39128,28129,95529,80301,76520,32020,42314,40294,53221,52011,28019,77145,77215,72059,71032,60639,01109,57303,39419,76684,55375,57240,17412,60292,30356,52372,76020,78190,87195,23007,59014,10369,81195,64215,07222,39585,70125,32111,65102,24377,61006,21458,31045,62134,65475,29170,19001,51458,54476,22137,57682,59415,91232,80087,26026,25518,59352,55185,64092,14680,10365,48056,30112,67344,49063,86124,18034,86206,76374,55060,32454,60637,63440,21054,50045,62362,37206,70117,90079,72268,44045,35094,27667,15252,80021,82091,33116,54386,28192,03024,51412,61043,58225,58185,81302,31004,16198,89402,62588,33521,28095,51102,07241,58259,57167,31168,97313,83076,54385,35179,42248,05025,95211,68163,22053,36083,77329,17325,37106,16137,57575,54426,73214,50237,38129,54259,45108,21086,09087,12217,24476,43245,26024,10390,40215,59146,73233,36032,65124,65474,11304,81158,73088,47083,31424,05018,18209,46179,15231,47172,64365,17483,64406,23224,40165,43158,44101,26069,62593,89418,34077,04242,11423,88155,76252,77314,18075,44100,56262,15139,62198,52526,82041,31330,32417,47078,46250,76096,53142,54336,18135,31564,57336,01125,38483,01224,46286,59371,21388,09005,33477,15204,66213,73281,21603,63185,21196,38058,38203,44036,09074,70381,47072,97209,42180,41068,57339,58204,04184,31511,88375,57154,31553,38405,46174,53017,50092,56184,61381,76675,11352,61333,81111,27608,18220,33045,11084,55010,25421,31354,80071,09265,63426,64381,50403,01303,15091,39291,60409,03142,61091,31274,32348,29254,32351,55212,58256,27370,86209,46303,56166,30174,09011,59247,81325,07160,69172,42030,68123,62623,25574,01116,40146,18185,71008,91405,28312,67273,71311,10091,25566,14055,02476,31039,47169,19117,76538,57534,39533,09091,11224,55059,56024,25195,39200,77393,02796,23171,27414,80090,77126,24510,57418,02625,14246,54215,70017,10107,49109,11052,60279,25100,61167,44091,57473,28396,14310,31314,47108,27535,32283,31218,11164,52156,81204,14195,70118,16100,02185,13037,41221,63053,09272,57530,49076,51348,41012,60352,07247,56015,58114,88453,33219,87079,68156,17146,17160,64222,94038,54594,59635,87123,70441,65101,28233,02165,89222,76384,29272,62472,17405,63279,82169,90029,59609,80081,63277,51407,60330,35131,57206,25632,22071,30253,70174,36230,64135,70472,04076,79346,43025,80629,80691,23199,63402,85222,74057,55125,09063,33033,19089,70181,76242,54266,21001,85094,95651,64536,57268,71589,04148,82159,73081,52272,13009,17442,02544,35210,26011,59105,59423,15069,74222,65386,55475,37126,44078,01190,21163,52265,70443,31046,10358,64177,41175,78196,37170,86153,53168,79269,33018,74086,22365,2A092,29188,46029,59075,25105,74209,81056,40101,62584,46091,01388,46138,17234,48003,24155,43036,56027,52463,89188,37229,84119,14398,10183,78643,12119,22116,45112,08394,39552,62465,14639,37034,62710,60699,17271,34339,80648,91095,21380,33114,07283,62235,48170,30100,87006,81128,14458,80788,54119,60418,57562,51312,69137,36116,52518,05154,25621,85009,24077,70491,64352,88239,50030,08100,09336,64481,77531,59082,97124,39160,51569,49018,54158,88256,22213,61137,21053,42317,77228,88335,80107,28079,81234,39313,14172,62029,25375,25625,62660,71088,89172,73151,71383,82115,55293,64454,45024,51652,51072,51618,10430,17007,02789,62742,47156,57496,59229,67494,66004,41148,67164,21013,09192,69214,19190,71190,59533,64375,81193,57038,10416,88292,17216,62628,43090,77444,71447,07029,84038,86287,85207,32024,74151,82075,39296,21236,71460,73103,25339,11407,29080,08204,42058,70332,28060,11039,17198,60095,47307,18241,12032,14396,16293,55489,86291,88105,10377,40269,73064,37249,70498,51323,88483,82070,74063,2A139,55290,36118,60305,32365,59130,26144,79112,70142,19054,54053,25245,59100,49247,52190,81115,57434,62403,80462,24459,78189,95678,60192,44018,60412,89442,14456,24576,50542,28082,37157,57274,89027,67362,52294,61129,62207,97407,42288,65454,63463,87180,07133,50040,24464,63298,59368,26293,42189,08209,84130,18250,15196,10039,60497,02829,65145,56068,82142,11344,19031,33021,54168,36006,57355,59256,12290,2B023,22055,63056,36152,62036,57447,39475,37274,58312,59081,09164,33184,56144,62060,34255,61393,01452,77045,89342,34273,41200,16028,45032,57451,2B145,19237,19062,10086,32458,42093,65353,57015,51145,11109,26088,95252,54585,76282,61426,57299,16358,86163,76128,47123,53220,42149,62612,22070,39359,23076,27410,2A262,68058,41289,59069,51083,48081,17027,38489,37244,25002,65305,08326,65330,87023,31003,51195,12127,27385,54332,17134,12109,32236,02774,65464,17204,33280,28348,76705,44038,09029,05127,50234,47231,10423,21677,97118,32135,33483,08028,22160,12299,46234,76095,26306,32407,15117,30181,36167,59094,62361,09182,60506,60628,37263,51147,12236,59525,64252,12130,09061,02776,19233,22025,57312,49294,59200,71503,63094,19038,40266,88136,89038,24570,55353,24184,24135,32046,81102,72385,10083,12084,33025,42224,13110,62337,92073,88467,58049,87124,27190,62232,58034,92075,52233,17084,62367,35227,68175,38372,27229,02395,77315,18133,02683,77036,21454,72335,25373,59280,55148,88503,12085,46182,68008,35007,39228,61032,33140,50410,44006,29073,14412,21691,47228,63384,64013,55540,79298,83043,37028,85251,65093,16200,2A268,31499,89111,62259,81233,71454,78609,21152,88432,08464,38061,14406,80252,25493,81085,34287,39214,33009,35241,76671,34129,54157,56078,42326,03192,88139,76394,57042,25478,2B353,29247,18097,63304,62536,11182,74263,60399,85059,32218,59349,51489,47315,30292,62238,60049,38194,52413,45151,30069,70228,38139,48182,12046,62169,60347,25070,18251,21291,60450,64511,71330,62470,58023,37265,42140,63317,88327,32034,81249,73067,55537,84056,55202,57344,52342,65183,30032,54146,95127,02718,69133,89143,34132,74229,49299,88146,31404,21051,30091,39404,30075,70199,38384,27227,35359,47031,81206,69279,68302,36041,03073,2B067,87107,14215,07303,62725,07042,50394,84019,23072,21511,68028,62387,55279,60015,33205,22034,47067,31199,38102,02307,13019,04093,04058,32077,21532,14120,55565,39375,04178,65446,35051,47049,28220,61462,89144,55186,09189,27057,48141,80548,27446,01128,32373,22187,62783,17261,07006,68116,74087,30074,77182,14342,74220,57249,67222,62251,11128,07235,50081,57318,35221,28298,28317,61195,44218,68170,11390,76421,74240,14385,39465,50475,77140,32222,89152,30020,83131,64411,46214,70282,45239,64225,81007,07097,59122,14242,94011,88472,81049,22098,15266,28301,33023,07327,65289,65252,18243,12106,28278,27497,10005,51456,64158,21010,64512,86095,64250,59448,56062,32060,38006,23117,76372,27126,2A017,18110,62211,84012,71477,51138,09125,60313,66078,51216,64308,29136,23070,64230,47070,50311,84084,33028,48064,69263,38334,43118,22203,91201,56222,12092,31522,14578,18171,08406,76193,13083,07098,61412,49107,35037,45153,62047,62197,49028,23092,56178,62293,50436,80705,01032,50408,01347,03271,67241,72383,59108,62765,60039,29151,13029,45191,88353,86005,76218,05121,46292,02176,33239,83016,39532,30027,89139,59655,09105,71455,52302,56105,17020,41217,38075,37260,84072,89450,14407,48166,59536,24441,12138,21141,40127,23102,38321,51115,90025,22388,72254,77494,02294,59061,63365,76418,77285,33463,16218,18036,67293,78113,76040,74167,06044,02631,14344,37194,27556,57726,60420,28271,37133,77097,88010,62846,47287,65356,13214,58115,55317,50373,85306,17341,70126,11365,44157,42324,28212,70149,80802,11254,45018,08462,26270,77349,44199,62764,49170,40263,51437,02583,15148,57553,70478,01102,27234,86035,54122,31247,63299,17049,77065,81005,95306,59496,17200,66068,52213,88111,48161,79218,62348,19053,59392,12152,11358,10078,33111,43224,82126,54463,53226,80341,59564,54124,46281,15161,58014,54207,03004,08198,26323,06032,21120,42145,10247,33379,2A359,67516,05076,21349,14047,31397,85201,39556,52120,69217,38333,31246,71146,32320,26222,43076,11401,76549,80634,59445,70260,06002,43057,33078,18009,61141,55327,39346,26123,19118,54033,24095,54118,21413,16154,25043,07096,37038,18065,62774,76435,40130,39464,51280,57116,10412,88378,57051,67259,32010,22077,34043,91689,70245,50500,65427,89471,54263,65165,28290,60413,51003,64227,76646,62830,71550,80633,91174,62894,45111,03066,72104,72212,67528,76201,61501,88355,24375,77199,89250,80437,38377,11125,77317,87054,69057,60448,28369,25380,14519,51020,80046,05006,09238,71475,01350,52042,21106,32237,86010,08193,38230,61454,82118,33125,60163,86292,21635,76711,33054,84031,59488,25203,88115,11008,35178,31316,67061,36045,31150,17221,34017,27214,84070,25490,37162,54086,56224,33240,23196,55312,35078,52540,59066,10186,33204,60041,44012,81170,74195,25067,59306,30110,88056,38051,56220,65028,35161,38563,14230,80026,80162,88063,55431,80834,57709,33413,88121,23211,21445,59416,78646,12097,25141,31336,21140,61505,62186,76673,59580,80515,62680,38281,28390,53072,64396,24259,82029,29161,02168,85281,59172,54106,63065,07092,50238,68097,62756,24278,2B317,04204,54246,02415,02620,52497,65339,65298,71086,2A271,07116,61293,73300,64530,86218,69188,69242,37153,27153,60085,01052,66081,05144,2B341,03257,59262,62811,54323,10257,58307,01210,88426,66146,03140,62732,50079,19040,02693,09081,70002,25085,88284,60539,32410,18228,14643,16052,17289,03298,12012,85175,62133,33139,66062,53129,52437,50243,38017,53109,17079,61233,67020,34200,51616,22228,58209,21582,84044,55094,55217,59232,86016,61395,40066,19212,11415,89076,30131,10260,16234,33244,27336,12168,35060,60599,52257,40297,90028,61507,70138,80421,64008,50499,02804,80156,78238,77084,10384,38032,95554,82093,11089,64165,78638,45009,39581,19072,50505,60083,07009,38373,44064,16044,60213,35201,40030,16239,77373,06115,37084,62160,57301,51062,80293,62739,70107,78475,53260,34253,43246,07315,02016,80396,72141,24104,65300,74069,60003,57250,39022,42245,50568,2B053,77381,28139,2A348,60200,76222,55029,84043,01040,49269,12228,22104,26310,32166,82186,04090,27157,67269,31498,14409,17121,55476,07168,35285,95213,59388,27102,10382,01038,87194,34177,72183,80266,64131,86020,14676,57713,12129,81282,89439,26177,06126,64354,09044,67053,36222,79047,15229,44189,69216,76635,02024,66170,72094,51506,55533,32025,15107,88069,38167,09098,16174,37169,04179,68084,69064,32181,32032,18175,21059,77445,01246,84086,26168,34300,06147,2B205,15254,51623,61286,67311,51356,15048,80213,16348,36001,33070,61170,63389,18056,43226,59527,57658,31110,77212,74186,57389,53228,80829,28023,76209,10129,45044,04157,58021,27422,32384,91570,51032,71034,08040,57098,17138,35258,59593,43156,27066,72247,35243,07058,38393,03114,08117,60407,2B242,51423,24036,69218,14080,66058,17401,77347,21110,89053,64209,68068,84123,54228,39269,80054,62741,57171,64494,64114,67213,60622,41052,53063,97404,32341,69288,40060,82079,21495,12141,63029,10317,21482,80106,35077,78606,02155,14715,95256,21262,14260,58160,30262,82042,01133,56031,69028,57641,69278,01044,88098,56221,33344,12121,59476,21515,21006,32251,16085,45099,63300,26110,54050,50269,22068,27254,41280,27298,39559,41195,62068,24380,32414,62828,51048,62150,88439,01046,59484,77467,19193,04187,57377,63257,11326,16321,42219,06085,87157,55063,46246,53169,28117,76714,59092,01392,42129,26163,2B311,14191,62539,62418,16422,88507,63231,36109,70079,08318,24355,88317,27020,78460,02444,81112,77239,56176,02396,89176,79255,47087,86194,95446,51495,04039,62067,02807,21282,45327,33516,31273,18290,24410,28135,21078,12268,18079,06106,26225,59639,44118,08192,37029,50585,19110,61493,31255,71312,89415,05084,47277,09030,64017,50607,58175,71512,21474,54283,74150,72352,65205,77482,52103,02108,59421,62463,61268,54068,40278,68095,65177,48169,71156,63178,21005,79126,25224,77520,71516,13096,89376,71271,51627,95166,83087,57361,58192,87125,02559,35081,38478,2A089,03300,26066,17226,03094,05024,80491,80273,52116,59583,11255,28029,57412,64557,62586,39104,88382,88066,11311,2B248,89344,40331,76381,03043,62695,07177,11236,54590,77079,67091,74059,60373,55412,45184,47159,25234,02666,86085,70546,59186,24299,64051,12155,83053,08246,12181,80151,97109,54293,77107,67432,51153,22176,31053,41237,39321,69141,15199,66003,67098,55527,27373,2B213,94034,63453,24446,49214,02601,48123,71444,02684,65057,94081,69005,08137,82106,63101,39302,39162,33501,03295,45337,68165,22246,67554,62644,25247,21017,55409,24227,55442,60117,62255,76068,2B281,86109,05117,44052,70006,36155,25101,02702,39454,41284,60385,71428,59332,79059,68090,10140,31551,32265,52385,33034,47212,22129,02150,24158,31204,18007,77372,47199,66023,67379,16236,03317,70471,64543,85176,59259,11361,22065,54145,42238,23202,08287,46154,60306,48174,03139,24074,38529,34024,21184,30203,46289,63337,60051,24452,10072,08018,55492,16389,33508,87052,03309,65016,62051,25560,14732,25532,26368,79137,50426,60043,93014,03106,11093,65195,11320,54178,31519,08480,59473,39282,75056,08174,33374,12225,31277,02682,76734,64441,18147,53270,25089,16193,80621,72114,50066,86144,33550,80473,21149,88263,29265,60355,81109,22277,09027,61146,02164,85171,25525,09324,59184,36195,14040,21157,76550,30236,31236,66184,26167,22231,47098,21267,87105,95219,57133,50553,67099,57425,2B156,36190,11040,89296,11047,09251,82036,62237,80806,28347,31414,36247,67169,56232,47297,02370,15019,71486,60345,45171,31503,08263,07013,21289,31118,89025,33341,51552,17203,32063,46023,51214,57022,52300,72333,01010,55113,24206,42243,07334,60084,72367,14499,22214,85139,62761,78558,2B086,26101,88519,18235,68067,42330,52065,40191,60529,10414,43207,54169,31313,56080,64211,37237,55406,55012,57527,80070,60245,49026,67038,69027,34143,64310,60037,57211,22140,49216,94044,29296,80698,95331,70255,60698,27140,43042,82130,39310,25227,51311,42078,40231,68239,76603,13026,76610,73150,18263,59065,2B223,70170,45023,34180,60097,56003,02231,34217,46258,36013,71163,27568,50397,73276,89430,69241,70449,55153,67547,31203,31461,80230,47314,79125,25430,23152,19263,2B068,45162,70051,70457,60053,34302,21358,37259,39306,80183,62448,71004,80696,32122,68353,60543,50039,52395,33423,61079,54335,79141,81223,41078,88469,40239,80665,60436,41051,38114,07249,24404,18141,48194,97205,18023,17087,64079,72123,41238,72001,08343,37077,77478,70145,78590,36105,06134,30198,27393,62148,27228,38390,63320,64054,76367,18109,14297,46253,42254,38408,41095,79019,16224,83031,51658,12232,65409,38048,32269,23065,10275,29177,84029,67515,63369,14136,25599,27188,73034,70039,80343,46033,22092,53112,26307,36133,77278,27466,69009,51518,64346,71433,89030,57516,38245,81031,17250,01065,31525,04065,38130,67430,68250,39225,71182,57260,35261,68109,48106,36057,78291,34210,70101,36101,38067,36204,02708,70213,84103,57736,49222,31344,70334,08113,73250,14689,57082,80499,67285,27026,76170,72110,22245,12124,45202,55218,42136,27120,10205,60156,31515,42065,31165,88068,54057,77231,14602,15209,18122,24450,80379,71212,31190,14587,72090,58122,87152,88123,95288,34274,17066,28255,02819,03064,21442,55324,41049,54090,86293,10204,49102,27032,01147,61341,67172,22342,19133,18151,19055,73236,77484,08140,63306,26124,67166,70105,30218,81050,01269,33058,72025,50510,22198,80287,80060,26014,46122,08243,01418,02755,02297,85188,23016,40005,78172,02223,54331,09168,55338,22064,39166,16402,91549,05174,10299,12072,64486,91319,83034,67521,07296,10370,77230,80703,38497,29046,14240,60264,62195,52285,88049,2B124,2B080,51073,78310,58084,78381,77447,43256,24337,97611,80003,71019,74238,91600,92077,08021,01169,50086,39476,54490,80052,08446,55184,14576,59090,47004,76516,25228,35251,64140,03223,66115,71338,86131,80482,17187,54012,34002,63169,76103,37056,80681,25107,37064,08437,68009,26334,64040,53131,23074,71573,41234,41220,58282,29030,46022,47196,46200,18219,58295,67308,69235,60470,03113,19252,42333,97222,62908,81130,63181,14305,45241,25521,39194,49228,48090,67054,31011,67455,29159,64467,51050,50590,11216,33484,69227,60002,65372,04113,30079,42081,65151,43047,88456,65193,62853,62801,85024,41043,76264,56246,65166,01139,62079,80167,80030,08271,77514,60555,62066,40265,57545,49262,50090,56239,22108,38519,62585,66112,94019,22006,58305,38354,51099,07251,64343,30215,24372,16339,34135,84127,68351,86270,87132,12272,72167,12185,51384,67187,60141,22232,74237,64324,09231,04188,50290,72321,31287,73249,27215,70203,18042,23040,24529,02470,51167,61133,71201,47173,78350,59659,28033,31349,07107,65414,71393,31033,45074,70361,05103,21518,63321,11181,30265,36110,57340,33479,59658,51217,60335,19002,24037,24238,02670,26186,70091,34288,07266,19088,59443,28354,59591,76708,50601,70536,68212,32005,73192,40327,02467,16191,51168,45338,80587,62639,14145,19194,04177,71349,49231,67441,63039,09001,74287,70389,27168,77379,51068,36018,56115,17142,26090,79176,39197,51439,64071,74144,61158,38511,39333,86201,17376,24566,22341,63363,62806,07027,70412,32334,64540,34233,15249,84140,54180,69019,51169,21607,21290,58157,73155,70325,80031,70094,21571,08208,45275,47192,22169,16357,10269,79213,03015,88109,25486,12151,48021,08368,70451,12259,52546,89037,27659,27212,57054,57596,25199,67465,27156,67030,97229,89175,84089,15106,08327,61483,46162,88116,30139,83108,68051,62534,80511,69255,27148,77208,71194,11199,52436,04036,70287,42125,81312,67373,70468,16143,27502,24305,67127,49176,74236,91198,81046,27567,62666,64159,09198,47127,91347,58141,17433,33315,02224,10232,37036,13076,39020,13082,04085,25550,23100,57745,02042,09334,42305,18168,50137,68244,29071,07181,72077,57549,55425,58055,76657,70432,70297,07255,08301,60377,90033,39244,62030,88196,72196,23107,76388,79297,65411,85137,84080,63222,77406,77277,06088,46252,27490,32461,62065,02793,38266,70289,81294,34191,23139,01115,97119,54290,59378,58195,45343,09174,36033,25324,03195,57013,55123,68112,86070,09147,02382,63088,68204,43023,14649,63243,51463,09022,02331,59587,68221,11063,40287,24253,22091,15016,59239,42130,45204,07344,54252,16041,01239,62261,05079,22001,35330,62163,45268,66174,52229,57613,84036,35156,65041,08125,32188,11417,72180,81142,97615,67163,27632,15224,02746,60571,62166,65327,85096,33273,55048,04072,24424,85244,62205,29147,97409,29221,14360,24262,33546,58170,28147,07215,57014,67006,80318,87043,74038,43058,46041,19070,18039,67550,29039,34124,21179,88036,35120,44176,70271,11340,26258,2B088,60271,64515,89003,60059,24378,30195,91064,71452,08141,79111,68289,66138,21626,85006,59073,21473,67391,92051,66122,26243,64224,87148,21401,61345,16287,27645,01445,44217,60228,80792,70323,62131,76723,15135,77411,48051,84041,32039,21693,60656,64157,52516,61287,34332,52356,30318,86121,68073,08386,56029,23056,34122,2B101,89080,49178,01273,32172,76730,11183,80311,23027,25605,62698,72083,37112,51445,59034,74271,39275,71189,07048,25268,16277,22019,26340,23212,29153,60090,77426,03109,58030,81182,57293,43029,79339,17222,31025,69117,45026,08165,10327,45169,62112,2B049,21676,27301,71384,37127,76368,64372,90056,52008,65159,65069,73186,27492,08248,01393,41010,03229,70030,89046,76479,14592,42300,52251,33369,74099,69197,11327,25084,11301,24284,11264,17306,77386,67338,86276,25056,12050,02449,50356,05096,80429,32117,63386,62634,56254,72187,65229,59103,50455,43216,86127,17482,24229,73243,62646,55438,08037,95199,25280,16152,19229,48098,58262,01430,77371,58201,66197,02253,26108,68300,16102,73206,18067,58230,51344,17330,48087,27389,25433,86159,77473,60265,60670,02473,19146,66065,02471,73237,55005,09199,19191,42335,44074,37174,58016,17068,21121,57763,70037,24553,27083,51542,49237,38421,77311,77432,70415,02405,21142,60446,76156,36120,59230,06067,2B328,19289,76025,76594,48005,60022,76333,80020,08155,35180,27671,18153,02616,24420,54505,21260,68018,38314,21392,66028,12207,33358,63106,14200,35069,63460,76724,11070,27100,34037,64538,62886,11386,17410,08482,38191,35163,52492,51317,86112,53272,63160,55132,23209,48178,12237,21225,60210,51468,17035,36242,39308,64394,15088,33489,86174,68271,06105,50453,76407,39241,14675,39431,80413,71096,64263,22179,56147,70210,55345,11324,32376,78289,67232,26111,30054,33231,72129,21475,54288,57059,25538,27458,62552,43153,39068,68335,24174,77195,71322,60491,25233,07224,16392,07065,2B234,88142,39569,80069,95060,32069,17161,67345,07143,52431,51338,14563,66223,88089,31209,80390,32431,22131,57650,71152,88152,02378,27146,09270,54100,07166,49205,60669,63211,11208,52371,60545,82122,40056,80667,39567,52253,61346,17329,82016,11275,85097,28379,03037,09340,53273,2A272,59149,49057,66176,89417,64129,28286,07010,14595,44087,16231,57474,07172,32088,04110,63407,84054,16185,60364,47200,13215,80670,39096,45084,63280,24507,80375,34265,43258,50117,09250,38060,45037,60664,60073,74253,77337,82082,48013,79162,11353,38212,83116,76599,21333,03233,55129,54415,85157,22047,14492,27313,31138,62165,54097,2B161,50481,62602,47183,15002,17254,88166,22046,67095,70055,10225,66061,14205,02339,87029,46231,68364,11218,42183,73202,46244,53136,40289,71081,35106,16360,76274,76416,28387,67497,29040,59313,09267,01015,85109,31256,67436,11333,69109,38156,80464,51268,85200,03134,69045,45100,08070,17205,80347,57486,65422,76262,10172,95177,02218,81316,30183,59346,67544,45093,22044,14700,15020,39029,62558,14159,64247,76700,05163,25156,13038,60343,55001,37271,55368,69283,67492,55553,33342,60623,21131,2A091,64395,21393,78567,71315,10122,27437,58052,21172,63411,40211,39565,24511,59117,21699,60034,55506,74282,81055,27435,43173,33362,26333,09162,41042,62059,80617,27674,39456,11219,21563,59504,09211,86110,09170,77323,75104,86204,72291,77456,60572,71264,32065,03225,14077,26119,17023,30036,17095,41187,88014,53259,46083,11141,37196,23078,62688,11336,06129,55551,64421,54216,02315,43249,46130,34236,11286,80339,42275,78344,88425,25157,48157,30286,2B332,33425,01436,71380,89459,21015,70476,38368,79055,32223,30272,50055,79154,88185,74005,89431,13010,44210,17473,66134,74012,74313,15260,86279,76249,76269,11017,50349,62057,16184,52250,04063,32195,60244,77130,65326,21444,43108,01450,50514,71540,70004,67220,38474,61411,56132,29011,31253,08016,55397,82030,45054,27643,80716,15245,61339,42063,97311,70198,60063,10130,40309,09085,02586,91345,18072,2A279,71071,63201,25451,83127,53177,38041,50192,51247,79313,69201,83082,50422,72064,34259,55355,13093,33180,88167,62862,14436,25406,02023,88514,77475,77188,18186,97203,24151,57319,44032,16330,63015,57118,59406,91098,30072,74264,14086,31587,18271,31570,55177,71107,89091,57073,40250,37281,02212,27544,08349,67040,19064,77297,68188,70148,44083,51304,90037,77363,44068,58088,25387,45097,30305,83150,51186,54462,59044,81257,80337,85058,73213,10046,41152,18089,46078,03026,08149,12147,04209,38269,24114,67011,01240,65164,58133,60560,50540,35076,36170,02417,85163,08183,55383,81149,58213,65135,57040,17067,14063,63469,61451,88154,10157,39001,72133,54037,72022,70523,09320,19203,02422,12235,33133,51234,51363,45159,83008,05133,16014,76046,17016,33347,08335,06095,25477,10290,25151,45020,31585,2A326,55316,50108,53262,67142,89477,29106,06130,26347,59501,89485,76432,68057,07144,77336,55032,89217,56041,03010,61061,88026,60214,24584,17126,26161,17212,51417,59057,21118,68290,85108,77454,03050,27322,60237,2A071,47084,89371,70437,76091,38452,02268,02647,36029,07199,21627,88383,15111,33426,65368,14542,47037,55332,17469,2A018,19257,13113,57076,18074,76491,88460,78688,17365,57256,79163,30117,42051,41277,26084,59155,88039,37002,34030,97612,16233,76237,51316,72068,37270,24110,33145,41297,88446,62260,37080,21024,07341,14092,02276,19287,68193,70431,70440,27408,77269,36210,46059,80025,70140,67474,36063,32012,11156,62821,10340,43194,77326,39334,03097,29162,36142,27427,10289,31106,64047,02338,72178,05157,09311,14090,2A360,84145,64199,17436,11185,40196,61344,32064,71184,74088,14020,36160,59419,25290,73223,10171,45203,68291,68205,70115,08080,77400,04035,43263,62268,16128,21586,50292,31415,39370,07210,60660,74137,06157,61040,58273,21642,17278,51006,44190,18197,64550,67447,28215,58140,71339,62525,25159,61211,16111,10188,02443,77339,39031,19226,58112,65382,85026,59616,19160,29065,41281,76494,65377,25332,57574,88029,08353,68142,16243,26229,60516,35102,71266,24445,86130,49311,43234,43127,12297,25385,63468,88360,80275,03090,07025,17474,60468,58229,28116,85049,85221,60299,25439,34020,45245,27317,10061,62689,47050,10059,14303,14692,14610,2B096,38020,70215,19027,38205,76188,23128,12048,27191,51288,89270,74234,02136,31174,69006,61292,86198,22132,39519,52479,21669,76391,54536,76291,21231,02182,67153,62116,21701,32170,30136,03224,19061,62520,31040,41108,33462,46323,48074,77157,73005,71501,59628,46222,63102,39448,81267,45248,51278,10425,56230,02229,57672,95241,80182,26114,66113,80602,21435,80042,77511,57310,05048,08078,10356,68113,43120,70135,57706,33063,70336,60328,50174,81078,51629,07250,73271,26099,50188,02635,77241,76131,35218,63380,28275,53118,08319,63314,26042,78296,71371,76039,27678,44057,02138,2B177,02237,64088,14377,01152,33213,64522,73310,15032,62876,63241,57515,57125,06040,70124,22021,80110,32128,09115,41212,18254,28417,64496,91047,37203,12177,60579,94079,25110,16023,58280,61433,65214,62021,70114,64318,42008,88510,83030,43119,82063,42223,04043,45035,16093,69272,44089,34057,76185,26272,88326,56108,89408,27611,10420,91560,42179,62013,74097,95055,24322,72060,08103,27539,63354,77192,62303,55115,38115,86064,76710,60104,80068,57582,89286,76033,22004,41279,68096,02248,62109,63296,26037,14207,07336,77153,31031,85206,26046,18233,80585,44055,62760,65328,06118,56048,41053,61418,61099,71445,10315,12252,45301,49068,68313,67058,77194,46237,14724,32274,25286,71098,44033,64493,14037,31411,10009,29026,33268,42071,27082,62385,95170,59147,57683,32318,21672,38564,27372,80392,14709,07230,08438,42026,78158,38311,77081,54487,78440,25438,15215,14184,25115,57543,07041,27136,16409,64265,22326,34160,02489,46143,26050,62779,89099,31426,21438,24042,40249,39198,55070,67470,02438,30047,64269,04192,02404,62614,88527,53076,59548,59589,84021,80094,27329,07289,43231,69180,65367,19004,70529,46207,60166,27662,57217,68196,12209,57449,79139,54327,56247,64408,03312,41102,58101,16280,76406,32360,77340,62847,46232,07115,33146,86229,56196,33327,60652,87146,26214,89433,45161,64007,72205,31242,81232,21334,43178,60276,02641,08389,51577,29069,29006,31529,17074,17455,26369,24419,02573,54516,22011,02204,21038,58277,52536,79253,66069,38356,23174,76340,84011,38542,59615,59652,97306,65277,03297,08293,48059,79320,08393,53150,18160,68153,30166,31104,52377,45050,07140,80518,64256,39027,18080,27288,65323,21400,41241,81067,21550,11429,02786,54444,39582,02584,89123,16272,45059,46199,08222,19254,08123,03288,70090,94056,95210,35169,47144,11075,23195,02753,11076,31428,04019,72023,11120,88113,56091,23019,54003,02833,60400,40119,71159,89007,63066,30249,28106,62074,61413,63203,53021,86236,97361,01019,39038,94077,62845,11410,32359,17214,77025,14435,81291,15034,51530,88341,02133,59669,80250,62411,87155,26226,54337,11260,87117,31267,67279,70411,78616,31095,21460,45255,57304,43044,30120,60326,57148,89158,54479,62589,69042,01140,27090,08011,05090,54373,39167,62582,97234,62566,64232,26025,47271,26256,09092,57626,39047,91318,16138,57021,40295,74054,16298,52366,33115,24421,31531,55364,52170,89486,51399,18118,52490,72004,50628,31329,57181,22312,31399,76051,14498,48082,13119,79174,02575,32193,30223,24091,56259,91249,95369,87101,77125,76161,60375,05014,03120,2B229,89251,76595,60324,76464,54539,68209,60389,40108,37282,80338,64004,01449,01054,49030,29145,60231,53237,25120,25383,02483,38131,64473,06010,07121,97224,81219,25334,88487,83089,68081,43215,90052,30237,59493,05162,38243,65440,14038,67416,64130,54191,51650,33380,64042,49182,30009,64323,51422,39526,51225,04210,02007,55171,87039,25255,85237,03017,53107,08420,81318,38064,26171,29199,67136,59327,33237,78569,29172,89136,01381,13030,03151,18169,88328,19023,07216,48072,89420,67389,50185,70490,57642,38052,62896,54560,21065,10201,68071,30060,21452,80049,69265,30194,33055,71323,28234,59524,14454,13084,56152,65204,44051,21410,54368,74202,43175,02373,52002,87128,02222,22372,26072,65453,36175,89079,10190,01234,31032,09023,66011,55458,91286,55501,53266,34304,58310,38503,86281,05003,79031,80597,09246,07326,92020,12256,34094,59511,2A276,36019,95625,45247,87151,59642,03291,82109,27115,30188,45073,39268,49010,24257,76410,73171,17030,04234,39281,51112,21210,71586,57356,54093,63308,86096,11172,31379,02535,25265,91067,88009,65017,77073,62785,65216,67023,68179,73225,2B105,87019,11312,07109,59276,25431,21263,16365,47190,07261,80674,50302,11108,16244,70558,54353,71046,01075,38376,03159,34262,35312,57462,57239,51354,68293,10165,54163,40272,74075,77530,24080,67248,11435,19007,37214,07319,32156,78537,34118,25052,31023,07278,62543,23006,69119,02518,63061,08189,58264,13002,45265,78484,31015,21138,09237,34186,64327,38008,27196,24575,04129,09157,63263,89424,64064,64242,18113,10332,43130,58121,21169,38100,04135,28086,11179,82179,78366,32062,25432,33052,73065,21561,51039,23155,11098,10159,37242,62777,58284,33128,49266,42267,04133,54023,16124,79160,21713,70041,45080,77242,59084,17431,69037,16064,77115,68139,41105,65011,39343,24544,33172,62027,25311,27621,16302,29128,75106,60549,89373,13004,76587,82135,03307,79109,34215,41025,24266,63427,51426,70032,08380,36104,38415,25298,62600,57584,77291,37025,38403,40194,26335,01311,76476,62434,64012,40088,68161,10007,53141,78571,56067,36213,76144,31409,21683,52136,64022,44014,60651,69156,12284,74178,80714,44156,64420,63467,48089,62005,39156,76092,49048,50420,74158,02070,22390,61301,63057,51611,09160,57158,59119,50028,35018,88024,2B290,70444,12035,85074,29277,60451,35192,12077,32198,25391,63252,56203,70436,17337,30255,78321,70242,69189,02721,64446,09227,05142,57275,40253,2A129,37059,45070,66228,80783,01021,55464,15200,78410,05066,37204,62118,79114,29018,81084,51562,35160,44110,54211,44075,30206,66187,21319,69276,24300,38136,02547,85265,60337,06005,80089,18084,23108,21579,34164,27508,14221,27382,33499,59222,21113,81147,22121,01014,71070,39510,70218,88261,49053,62567,17113,23248,57485,14486,54208,60676,02496,65072,56028,54543,42086,03107,14402,83074,64460,64264,03306,27209,41151,14502,76551,02556,05029,76664,57524,86114,55009,60626,70016,81275,82158,71196,31318,38050,17373,29246,71134,63250,38189,86052,71033,72018,39318,71481,50341,46095,62627,33275,57063,01259,18163,62376,26061,34309,02526,71353,49272,55321,21173,62839,62462,19266,71277,33079,71215,60368,39540,52033,37022,46027,38109,57392,77446,23132,33039,16273,62390,58008,54376,83120,27404,53130,64544,95253,32178,46256,17139,39539,32247,55331,49345,64276,08415,68185,76067,57407,36234,07227,57507,72035,14161,57010,59633,71099,51469,46015,60233,57012,24329,69243,32428,77254,42229,83100,14182,53223,87084,31249,51642,39056,86262,45015,01006,76146,25630,60422,30264,35118,62157,06114,17162,53229,51516,36075,64208,16054,67319,42137,79349,02657,31237,72323,32059,65080,59157,52442,17299,55448,49193,73212,51116,64459,93070,83017,39050,39529,25456,80835,28164,85266,2B292,71042,42148,11178,08207,76580,76615,62444,08060,22378,81231,60062,67178,62300,51127,2A336,28217,10055,11372,68257,73258,69204,55310,31573,77217,31085,14126,64279,33121,2B134,59467,25174,88513,21570,07005,61015,54507,39352,05060,01345,91105,15212,23226,35354,57375,33099,08358,18104,10187,65215,40068,64461,63375,69026,88347,68304,02183,2B165,59268,14354,71513,39486,37151,50205,65269,15259,04130,14659,76279,64128,54524,81042,22157,84096,11431,10303,04041,58184,67276,32037,81307,51536,78346,70326,05172,37094,14256,54577,24341,84027,35235,88101,78443,89474,01098,07292,68065,81163,76636,71557,33173,37051,62274,62359,51213,58292,69016,10354,67322,52114,38204,73063,56228,21238,36061,14204,79049,54550,24428,76477,53048,38424,57084,45258,54160,03141,07162,70538,38031,02430,67254,30217,65153,13057,88135,40185,38148,09079,34198,01275,38440,25366,76685,54469,29166,27624,36196,24417,24061,10372,31370,86023,29198,12135,89253,85300,02673,11381,36134,39063,53155,32401,54570,25276,63072,04066,76013,47319,50099,17384,28325,40104,77513,56104,07323,14550,78104,88525,2B166,56227,89398,23014,72308,91685,80692,80723,45283,25239,17393,60416,71128,51648,64180,37232,11355,29095,46082,59424,55093,05102,44054,07126,76043,78143,55461,79115,39411,58028,32050,60344,27371,02116,43262,57567,68105,91659,84083,76572,62170,24352,2A011,03007,58304,07014,06143,04176,71317,55241,95641,53091,44207,21430,33194,25348,64447,37152,10443,52522,10199,43199,80023,45144,23005,42177,14637,36014,55301,02412,35032,26345,25619,11225,18199,53178,22261,69280,46321,71414,57112,60188,46201,21214,64235,2B335,83095,26116,24474,81105,46193,80718,67209,27332,77077,27418,60490,54066,11079,63259,26210,86221,67500,29122,62648,39407,25515,35123,24518,57183,80729,88394,33551,24562,83121,15202,89395,01366,09017,70163,88047,78020,86103,66052,27633,25238,57619,28168,65094,43143,60220,52398,08226,07084,31419,87165,43193,79302,57195,36086,39176,95183,16118,95459,59099,11377,31401,45336,02652,31189,43177,49271,91547,26223,61367,33030,25207,43125,76090,57371,37014,71358,60283,86119,32192,60185,27009,73117,08073,61308,95445,69067,56260,09188,62181,60406,41090,81021,31443,33027,77203,71397,31167,12025,24101,17416,81293,07047,51165,27495,63007,31584,68216,02590,36036,40311,76403,42006,59191,78497,84004,18078,39046,30142,24228,39246,39114,26067,57629,40064,25519,70257,59581,18094,86252,24189,76632,04102,40142,46312,46125,80512,25009,68152,14601,33363,31432,76508,65457,82145,54452,43017,35088,27259,80112,54546,31475,26074,25503,43114,01331,16400,07068,11163,54480,56004,14510,70308,25365,21406,05166,76083,33264,64334,54477,59266,42193,88286,78559,47017,17033,63367,37276,59193,44085,06121,79184,04158,05126,29244,40178,14677,23028,61376,11244,60140,57700,35271,47148,78192,81221,50105,34290,70194,30146,42104,91679,10202,31034,62225,45273,59345,42135,04047,30281,59231,31276,89060,62443,21588,70489,08166,08225,77063,02201,77135,71069,08409,07015,26318,28378,46313,87040,60057,16375,30240,26373,51507,15174,61234,50097,39084,80640,56198,45182,57070,88030,19095,67480,47209,65022,45280,03031,11424,26362,35055,81167,74215,70454,53110,04061,17346,24422,62590,51315,50161,64501,60149,68208,31395,62522,64170,82143,87159,79136,30026,67526,77288,33160,57180,90041,33429,28283,37275,62344,72010,81305,60533,16382,58065,33189,64464,02122,28411,08295,65096,76483,77113,52312,14762,33223,67370,05031,38166,44001,72359,85277,37004,02760,64284,27135,89100,60359,60462,88093,26209,10220,52337,91648,62176,50536,39472,71140,01155,78650,90098,21176,25273,70272,31135,54350,42037,52426,66013,25129,21145,42088,01370,08035,07342,47094,59254,50379,50126,01379,10062,72086,03127,67145,17053,49192,31303,63265,08362,03283,91525,62551,33179,50617,86148,34173,85132,51639,50588,59037,29081,32310,51224,90018,68111,67247,06158,85062,70021,03160,29191,97608,81096,12288,60438,55165,86045,53153,35117,50641,11041,68345,44166,97410,59577,51526,88478,22375,09256,88203,44201,14555,62090,22184,67493,77394,14061,77071,89407,02295,37030,05100,63020,65472,34272,51052,88025,97211,71108,09121,2B079,54248,95120,70405,62182,62656,12265,80479,2A288,08378,25208,89352,43202,58202,62608,08276,18016,24200,08410,54193,01238,63431,70435,50613,76455,97603,50027,78138,29056,92002,79191,10408,2A100,70548,36091,62041,62415,56163,46124,76109,62491,64090,32021,57436,77284,03200,57414,32214,24128,65420,26275,27629,10345,34075,34174,27194,10193,15055,77384,68087,16307,27358,21249,77416,03201,91226,53245,2A196,21382,21493,44200,40161,21190,81054,56013,02711,62140,33201,64122,80204,31148,10110,28034,38547,54184,12169,38056,91434,67535,68228,81192,71296,90044,30029,10064,68132,42319,72139,26189,47088,27054,2B286,21622,65064,31304,19221,80590,67043,49082,76536,32389,34061,11126,86058,34113,60547,11157,55237,31185,14320,32242,86136,78398,12233,36224,25590,41209,71483,57611,67012,49218,24121,30345,11374,08245,31243,28341,27173,32388,45152,55370,27489,54381,61404,65032,61012,22134,33020,81152,68227,31012,76382,59131,2B180,23004,42034,02775,67124,27561,46247,62702,73092,57288,54021,57103,33191,94068,46139,31054,88023,53157,77380,02040,88162,43077,54535,33437,14446,80746,70278,59483,26315,69207,43039,39230,39523,33126,57538,54272,82080,70549,27411,77398,39284,02614,60372,77114,70357,34243,57552,73147,57443,79311,36077,47202,55429,21241,42021,21055,23050,35167,31175,57665,89219,76507,54578,28324,77251,86245,38219,38402,13105,76121,60509,69104,76562,52007,76626,51361,80544,59393,33187,76002,79164,57757,10362,86214,82108,05099,73242,85172,33048,07067,21237,85120,44149,54278,64296,21425,70371,43069,80502,86207,18145,2A027,24304,91552,60586,30204,45056,14023,26185,78615,88307,38248,32287,32227,07220,54592,25629,42151,52017,56258,37049,21506,25153,62861,89061,64186,33335,24224,43204,59520,2B030,21311,53066,59370,88043,87113,32121,76163,87096,57492,06001,39477,28398,17458,31233,29087,95304,80185,67361,21245,27290,77320,28053,40154,63123,70269,33257,62837,33226,63381,43159,81027,54340,46178,58303,25526,17331,70580,67152,69275,88250,70501,57100,41218,28195,35333,09108,44222,83140,13207,02266,03157,24367,40197,72134,2B252,03054,56134,32383,64045,71123,46226,89384,50353,51617,71547,29003,79076,68266,45177,59391,40123,41211,38418,83051,03211,02783,16189,59630,25447,50172,64483,92014,14529,55018,08145,38185,02334,54439,60474,64120,38153,63261,67250,36188,59451,40245,59464,71193,55421,50279,64478,88438,55282,51139,60135,62803,01211,21159,39133,76492,62703,61372,60013,17275,48192,62641,49217,16056,62554,01050,66154,62800,61024,13092,21497,57110,35187,64533,39093,65350,16258,74180,67037,52547,17422,57386,64077,37191,08089,10189,49163,86217,42266,02661,95287,14338,87094,48046,32120,45279,01328,68249,60105,70012,37041,25455,91069,52159,56216,01105,38352,10319,26231,74122,86007,34306,59127,47244,70306,34242,65366,37241,77396,80776,59003,02388,88418,65362,76346,90071,76509,59600,31462,55047,58252,76484,02096,05167,27388,27686,87017,17339,23236,88275,14211,77500,65439,52131,02699,61087,37048,71017,82077,10014,71473,25008,76045,45188,80096,42079,54279,15178,60426,89265,62026,2B097,10254,34059,08217,63405,70396,63136,93074,67090,59431,69381,66159,14299,36064,95392,21409,30169,60566,28308,57055,80008,37065,49086,23009,07263,69068,36081,72273,12202,37277,55401,07089,15043,67079,33003,34108,32326,30150,35175,31408,39077,76719,11309,21617,34204,75120,62265,02785,60410,25539,43012,60031,60510,02588,88106,65308,72188,71150,02510,54070,53012,52075,55508,70524,17277,10045,68243,03155,38282,36129,27618,64371,85269,05171,88448,65314,72073,66136,11234,33098,54430,61108,71478,54245,79295,30005,28329,80366,18246,77286,32248,26039,67538,64204,10341,83063,60222,77119,80425,19123,27207,38481,27429,22037,15206,48165,65033,12148,76130,67384,44047,34341,50230,41045,25221,10353,52386,38037,65005,09165,71195,73284,77316,44108,71343,58300,25026,57397,56171,26204,72130,19145,65358,71031,88278,80157,37238,71496,68362,76544,33182,01082,62517,80180,17025,06019,50263,78057,51210,62105,21596,60120,10350,54074,42025,21674,17386,34269,71173,01260,88168,70341,80737,78391,32307,71314,49055,13091,87141,02258,22229,59602,30052,64462,95584,50178,17413,84088,68256,62155,66218,27541,41126,12226,17236,72020,24405,32426,2A066,61041,22239,39434,37085,42127,80109,29124,74050,07309,01344,54425,10432,67017,53139,01225,59046,82120,10226,89022,02280,60675,46072,14533,66101,31398,64392,15180,06090,16034,31548,39263,32378,94076,45102,17122,54561,66060,71206,04214,27592,70047,14220,29211,35273,01403,31327,2B193,19241,21100,09277,58177,33218,07330,04151,38566,50371,57129,63404,88096,46301,21678,77280,46151,58281,73278,85254,75116,69072,71400,77429,31517,2B171,48070,80066,23026,68120,42162,36205,65393,16007,10286,62270,83130,12068,09327,38423,51019,02701,2B287,25323,08461,63267,12211,72173,62673,03095,33434,71112,57350,72380,32340,72256,24288,34018,65121,73027,27108,08146,08052,25322,10396,17274,27282,19215,2B175,28294,17038,47283,88470,60261,27379,10373,21471,64150,72309,87035,56079,10321,09026,17165,71068,76386,01084,62275,25617,86066,26023,32322,70305,33252,19060,60339,70196,80264,51094,65075,54274,94046,71038,36243,80820,24195,64039,64091,76529,49121,01384,68361,47225,94002,09341,38362,21201,88352,63202,71210,97217,88340,31081,07343,54062,04023,18062,62535,14494,81017,08412,01061,73139,70321,31340,27376,67300,31037,60076,21574,21481,57454,28355,40084,45254,38496,46064,62113,08284,31259,19149,21526,08312,95370,50159,30165,64106,51503,62685,51263,59582,66158,11307,17071,37245,27123,11426,42310,93063,41171,41161,37255,27341,51364,50006,12053,33141,14457,11379,83097,54547,27438,65444,79100,91200,77328,04186,86075,51476,89374,02743,10041,83137,55453,70042,32380,59414,60036,70420,47217,68017,63347,68218,35148,39338,02191,02820,03266,89262,16387,60542,15132,34299,58309,53116,32244,2A203,57221,65270,76136,57182,24059,65292,62456,89264,36038,50262,85010,33236,54411,30274,24397,07130,62547,88048,41124,22334,43128,25350,36237,31153,32436,24237,47102,02445,10113,62750,80750,53043,81215,17026,79003,40008,88403,73068,45231,80261,14044,41069,51365,40095,89467,09242,76219,13108,67555,88147,25246,70109,49090,21129,27665,31103,54334,31476,26364,17110,31552,27010,46070,45001,60658,78501,08413,50621,14165,12253,59304,72074,84091,62781,16401,67118,76523,02703,49331,16170,52070,43180,38046,12243,39277,33490,44115,33156,76360,35190,85202,57742,40131,17195,47014,14661,59203,50221,34136,2A345,33256,17052,55015,17232,64009,76666,41181,76226,53236,65390,02126,77056,88485,25270,63438,41003,61257,37125,60074,35361,42022,02214,12276,18193,30311,86298,41278,25445,61105,17471,59450,33157,59165,56158,12197,57337,47111,38225,27001,23172,71262,06027,69125,50468,02011,23110,47240,78640,42182,14089,32096,51571,54220,31113,87161,51308,02724,31208,12002,85087,86180,73123,61342,61485,25074,30315,35265,68080,65077,42141,60132,76653,27327,82021,28336,02617,41145,25589,38267,43200,61159,06162,35130,80265,76143,80565,67217,63170,76085,33415,54473,27564,12136,14593,64457,65392,24541,58269,39364,27390,25579,26322,14162,80828,54296,33391,82121,67122,59091,40204,31308,24100,64376,24106,28070,38076,70274,31066,45282,22031,28257,52137,80188,47080,27342,88229,31080,57727,79074,88480,50088,62080,34125,77083,76178,11117,27043,13049,23106,42067,45312,31444,51504,12238,78163,21428,14045,41087,32379,01016,24409,29275,10259,04195,30259,80073,48038,70144,43139,80526,50360,02326,07163,61156,33440,79116,37019,67033,02513,80235,52193,54017,54429,47130,57457,87091,54456,57056,89263,89386,60129,25482,74006,67256,08237,50276,63189,63307,51177,83056,42066,09060,90059,55428,32346,59477,77483,29104,89338,30167,60645,62460,39182,58090,61443,51190,16206,65059,76413,57247,85054,50362,26295,50095,78520,12144,51130,45031,63470,41296,46050,77032,61069,08074,79258,53199,45116,87021,89284,59598,90035,2B010,52422,49355,84077,08307,40177,30067,13024,89311,27275,60517,06023,10251,10002,38173,68037,32174,15191,38049,72239,15258,64261,11343,58020,50584,33331,58068,15182,21523,29300,28316,85161,49201,03285,01400,70492,38558,38413,21381,55586,31360,31280,82105,33438,74123,67499,27476,10249,51030,89363,51283,68138,17089,76021,50327,86296,25001,88379,47009,78481,76397,54509,31317,47041,39220,09235,30261,14286,77002,51175,42306,14312,27386,55325,02649,86008,89419,52133,27650,40218,83101,18013,58306,83035,55228,40158,69194,01141,56185,54277,63025,51546,36042,29078,68278,39485,70373,85119,35295,70563,67180,69046,60174,30257,79354,52363,78367,12047,44109,30221,89244,78464,42047,24246,45030,69164,21695,92022,71485,27141,41250,82110,08268,10239,62905,01067,74073,39399,80402,64205,24274,74257,27248,23060,54310,73328,51185,08088,25557,86009,88267,70160,08478,40188,84001,44013,36159,50431,10003,62033,39377,88158,41101,40290,77086,48108,11054,12006,17427,51128,78118,63143,57134,60697,50317,62857,16060,64198,62276,57357,38260,66071,22118,38120,24323,74254,50102,40273,59559,60643,22345,14333,66164,09342,84007,29010,61162,39314,67084,18019,59531,21123,2B188,69256,41116,72320,02714,34238,76022,24328,11024,84069,11232,80593,83125,38135,03045,33367,28366,42147,58147,22226,61089,74193,97616,17028,52118,84047,32411,59255,24549,14445,41143,54006,68366,29226,77342,34151,71408,61107,51643,51584,17426,55573,49140,40159,32457,71043,02629,62825,88164,21018,60489,40092,17406,01159,03051,91294,47093,37047,02312,62510,62887,17060,54284,15050,80231,57107,11113,54333,54399,71269,16363,07050,04069,04106,2B244,44037,32453,66092,52231,27124,80086,52066,71279,33080,39504,76106,32343,79268,91099,54369,57391,54400,67253,03293,25390,65257,77307,12262,45229,80758,51321,34072,03158,10250,73315,14365,82178,03182,84081,55269,87085,52487,11188,71336,42016,37207,55292,32103,27005,57214,45125,31341,40027,30114,02017,63069,40225,55571,64456,21531,43195,23216,29031,42338,79167,53121,58274,63140,25614,88471,80825,34239,57144,61203,21352,62017,70448,24359,19097,69244,27401,18202,73076,83123,2B073,52196,10114,73124,27216,77019,78237,52374,89128,58031,81030,70575,47097,59447,21105,21659,85064,65432,89308,52428,12036,33026,30082,31064,28045,55027,27571,81131,51565,60519,31481,80736,28149,16186,02008,71257,50305,41287,37088,10137,62035,87003,61092,62342,34187,68024,40057,89234,74102,89043,70097,26141,14737,76216,89236,76621,57328,21557,76419,07146,42142,62185,62591,85114,08084,01402,50281,89480,89108,56153,25125,60642,57305,15233,02549,69142,80450,72195,59195,54443,11110,61120,22105,38085,39283,28107,90001,49017,42282,89179,67368,16069,26234,02742,60241,11190,25190,45212,50405,11067,65340,26241,09122,71514,80013,91654,39492,02178,70505,25236,59132,47134,73257,77001,68135,71424,97227,71014,63333,72232,57655,86261,55311,07106,24226,2B082,50550,54196,24139,18231,01266,14345,31124,76107,21369,63283,33075,81214,02293,59217,62770,09326,35155,64286,89291,87110,28027,71202,26142,78133,70067,76697,22139,78431,64316,16403,02291,71449,59584,2A032,89151,64378,06064,52092,31179,84098,77219,91027,46268,39439,71102,61297,32302,31102,08350,40200,83144,32038,32066,70243,62439,88388,76079,64162,62228,55329,11214,73317,2B314,25044,76461,78498,17367,77418,50168,58057,38504,03072,92023,74013,68343,55008,97206,27280,24414,90072,05068,90042,47117,43086,25528,45069,42045,39187,65450,44070,77465,34297,89194,08188,92062,60688,03246,88059,46243,39570,88027,55031,02241,12162,62624,50310,17355,69294,24060,66142,71186,67085,59331,63216,80393,87018,25171,65230,38455,71471,59454,35238,30145,84039,21192,58249,57579,69387,38389,61366,68363,30111,79249,50236,15156,2B055,02366,57686,45243,31063,26043,32163,51448,52550,30011,21620,22384,30208,37069,34109,03112,47300,76356,57403,17117,64234,57616,08421,52264,50345,64210,63030,22216,32440,87139,61018,76426,53013,04182,34258,57047,31406,83072,62484,44096,80271,01027,14571,76283,31547,59457,07102,56010,63210,19281,57153,71567,78107,69034,17288,24357,07112,17215,04205,64111,87112,29179,27530,02665,07204,47275,28158,73312,83077,71168,76245,67304,93066,81166,2B122,76677,80388,13087,14083,62416,66209,08422,43137,39175,02278,81311,01397,11239,55251,23186,57431,17398,25093,38359,39298,86113,07253,66100,54247,26320,10148,01093,02690,32207,21045,71076,27366,81289,25019,54238,87068,11373,43092,48020,72250,32196,31334,95633,63175,88032,82149,88486,25602,2B338,52507,63076,64521,35198,61422,56054,46319,60541,01189,2B273,63425,46102,44197,19104,71075,57353,79159,74068,68224,60291,02186,44065,71461,14469,60535,89272,02089,62286,40283,59238,91458,76312,68231,86164,24482,73040,41006,71243,61151,47061,13055,33345,55127,86273,08056,12133,01358,33118,51403,17077,39547,09230,23003,55580,50218,46107,28061,25116,40013,07076,02033,65182,18100,15080,61397,21084,54159,66106,76423,76577,48124,62242,43093,10271,11297,11421,25546,25376,81186,49054,39331,09150,18038,74055,37129,47219,08082,22208,21455,03294,37045,64414,41020,31566,88028,32048,38151,26129,58294,51033,63454,76335,04008,59179,37074,89232,07064,57463,42202,67519,87154,76329,40135,54226,63418,53030,76619,60341,74128,67298,45323,15230,53201,60012,80643,42087,78389,59012,25542,14421,74203,24179,79145,17022,43068,37222,01401,26057,61375,45058,21354,50031,76505,40255,38287,02256,49328,54343,45046,73100,26049,52494,65317,36115,12137,55248,95250,40321,21133,50050,23018,39190,02181,51587,66114,15127,31591,60315,59385,38396,06116,68077,02375,69239,77003,10274,21639,70081,39209,2B172,80637,39142,57625,05085,66102,59452,08239,52230,10125,57163,19265,25580,56063,59166,88007,82038,57242,30303,74103,56089,44178,32106,18057,47185,17438,55389,21154,63122,61064,68333,87134,58159,71299,57146,88209,31269,67150,81245,78120,08135,69389,79263,32033,46045,27546,63328,07196,67203,17266,63041,33068,71092,71110,62714,91184,22194,14726,33498,22199,64112,46016,01208,60520,17465,48050,91589,73013,46186,32116,23170,11342,70119,01235,60456,60635,14214,09117,07294,64477,37128,52106,78261,65315,38546,36176,70230,02595,52187,50433,17477,76111,80197,14590,57689,09015,21611,31430,09093,35257,11338,70288,95351,2A204,38375,68190,65212,41265,27690,51256,47057,17437,34317,18092,28108,22317,15170,28272,70205,32233,21278,25342,74007,81292,80131,39278,12024,92078,53134,51434,52291,80122,42262,01268,62730,72377,78125,61160,09053,64391,30071,01353,54209,63251,21361,25182,42010,72156,78325,11030,70363,17059,62058,30010,49023,14403,36027,76501,80709,72253,24548,80439,01346,51197,29184,51380,21204,63150,17320,11414,76454,58007,26332,77058,09283,74085,33540,79195,89161,50616,39090,80671,56161,97613,31086,17206,2A215,46101,26134,51204,55408,70164,62529,67408,90023,62860,12139,40053,09222,44216,17485,03269,40162,88364,53031,63391,52211,62481,05051,50592,33175,45072,38055,91494,35030,33390,43221,71544,15021,51490,26093,09059,72234,02681,25441,80332,59506,05082,10120,23160,32108,2A103,47033,31119,52219,24580,19126,09131,58211,24494,22193,27164,02030,54574,12193,51528,72049,25545,73318,76306,70176,54455,71442,68040,67240,69082,12188,76159,08404,66116,57513,63162,27616,32234,61427,85104,16067,14620,68301,71401,97357,51351,88458,73011,33285,64331,21357,25437,14131,66005,60170,53203,07318,76506,38360,76662,22350,65167,17287,67143,11010,70078,85056,43059,02333,14118,43259,40033,44208,25138,67476,27529,67252,41013,54116,14369,18111,77013,95422,64119,59614,47273,60342,11121,79094,14103,11057,03001,40284,74314,57267,23250,33494,18063,47081,85248,37124,54219,18280,55523,57155,11243,02243,25565,64351,89370,59401,18158,57269,17115,03164,89218,50382,80790,30096,62124,65341,97302,21449,11346,74221,81148,60289,44153,34318,46293,35204,57282,79034,01207,63152,88219,66002,46126,39436,25460,71518,91538,77004,09181,57151,74018,95438,29005,72105,07008,55065,39094,55053,11147,61202,22097,80315,77477,42201,65467,50507,85287,70527,21554,64066,66169,65410,18086,16210,26336,23168,51010,90076,04237,54134,33287,44206,36143,58145,82096,39479,72202,65207,37176,89365,14589,87143,67013,05080,31149,19236,33439,42336,69229,18277,01236,23093,80084,02137,65084,65416,21108,71062,62514,03047,57216,17280,10213,32432,02064,76295,65245,21625,56208,21217,80701,38112,60687,37189,70092,12190,27118,79229,67126,65185,57482,52367,86176,82172,21500,89023,80239,57746,09003,80449,52525,60383,80004,23177,63121,56051,59590,74146,04201,67044,17379,79165,07139,63209,11419,72084,41208,76353,2B347,52331,39425,78299,24097,02519,06076,36011,36191,76733,57114,25594,88309,88181,34126,01338,08377,09076,77256,71059,34281,19076,10378,54591,52315,2A181,25288,21587,02654,42283,89113,39015,35114,60503,06030,11375,31226,16347,53053,86142,63054,33386,29232,38035,90064,74009,50195,55245,43227,13047,11129,67438,47137,15104,69139,06036,33136,24186,89399,61295,10264,78548,26015,55435,81140,67071,62375,88225,70485,80789,36085,16001,21541,08098,59294,2A090,07033,08489,52015,85155,51106,31450,72175,57207,65141,78242,80485,64474,67485,31471,89115,42099,55493,52223,08097,55339,63187,35098,86032,68055,17354,31439,62530,85240,51477,07039,51568,19213,79121,89210,19125,03137,87067,54587,69299,65131,80329,70128,59437,51267,77471,79278,01443,28231,15058,09035,30268,44071,24190,15205,07111,74315,65228,55140,97418,25061,46036,80824,11143,21389,64356,54132,76485,39168,02292,82103,25338,37163,58062,50569,39446,62799,28388,40296,2B137,14325,64507,80833,83040,77224,43135,63290,17356,40182,50087,80823,67307,76578,54488,57346,76440,59547,60505,76125,59490,80414,62475,71085,21536,54048,17372,21426,68222,17148,01130,41135,27049,51404,05007,59418,01389,03270,44175,56055,01318,61062,10192,29293,01282,46336,03030,74060,02822,55509,65054,50146,80501,95052,46337,40083,56195,46056,03205,55352,25020,31234,64548,11211,60476,25600,12125,32045,18196,17269,17457,59518,40128,46109,68029,51451,72029,11411,14401,46249,21446,15025,47221,16163,42301,80546,10223,39452,54308,28159,52087,61314,80775,45047,09276,02680,33106,13111,92060,67096,14723,87201,28110,50054,19079,55567,68172,82090,77338,45082,27351,50421,56094,88208,03014,22073,46211,27673,11132,36233,25506,80728,55420,19010,74255,71352,35052,21485,25130,40015,57467,68063,64074,21266,70569,51591,25635,80764,58233,02233,67367,21014,60594,54320,57622,45149,89021,45310,25405,51023,52469,43136,62023,88400,51372,29089,03276,60103,46035,40016,42084,42271,61500,79050,11274,74303,70429,10170,54401,76706,02112,76691,32143,16300,41153,29072,15017,38439,10255,2B313,48061,71438,89271,26162,24523,43115,43174,02047,83117,66042,11124,76332,78618,16177,23249,95270,65468,40018,41072,27070,76034,41167,39500,52319,53179,67116,34141,01212,05180,70526,55025,77238,70048,77505,59566,80571,77274,47143,70463,47040,62347,54533,30320,05116,36228,64171,59643,10442,25225,57738,02144,81320,68189,81250,57415,89196,54280,60613,62233,71306,57604,53058,17178,76640,07147,06125,02281,35133,35350,53137,54437,87008,33306,85141,43268,16109,55582,97609,06142,55496,60604,25400,70392,91553,24406,89361,19148,62773,80554,64084,67537,64560,61093,42059,01426,33388,14036,13016,97111,23173,25231,41214,67263,87057,57490,14705,23038,19150,32109,67487,16165,28054,25551,71355,90069,67097,64380,49211,39393,54176,30282,22074,27105,25479,02046,59291,42041,47317,86297,04116,27669,30093,45333,76446,31502,30098,42056,67155,61279,51119,21359,10267,95134,81038,70398,68140,67272,73246,38507,33513,08387,09172,54156,42253,80566,55156,63006,30140,80281,58285,22112,74293,35031,24028,36111,81150,03275,18032,16388,27089,14720,65199,30336,30158,51274,74294,10402,62459,85294,70561,89057,72271,10240,66195,31540,52344,47079,81310,60281,33472,27462,05008,47112,64057,14694,61206,50152,62900,35119,72078,50183,31028,71591,91079,80369,67504,18008,60143,10437,25204,37109,50019,19249,58086,32249,59051,14104,57226,27133,02799,56023,21127,57703,22381,12166,59124,34298,14609,27528,04167,21306,52523,16383,2A363,53084,77112,03217,21600,60338,52082,11095,86037,83152,50231,22391,56109,70571,13081,77024,03019,23046,80588,41014,71348,54054,59350,31272,92044,02128,47052,64475,51359,67481,46183,80530,58015,65142,36231,62355,87063,50539,27008,02166,25200,16176,30313,68150,51012,38523,44120,42166,51237,14015,59626,32086,60256,77295,50328,64409,81160,01107,73289,10243,11354,80500,64015,25435,70086,60165,71097,85216,63188,40106,60593,31198,26284,46213,40151,30322,21326,71171,14068,63449,67215,95298,37272,84078,47201,2B298,79201,71545,02361,23129,09279,52517,78171,86116,02779,59412,53018,70488,30089,08496,21703,60447,54150,79144,14621,30317,42103,16123,64096,27099,11267,04111,80220,01248,82009,60316,65346,61171,57416,51041,39006,85154,42210,66093,22236,21517,80411,59281,57235,17093,68325,26008,02462,34119,33195,52538,34006,49374,78551,81288,57501,25007,27680,17440,33013,01008,25504,83112,09083,03260,46282,54089,52147,67428,21042,27604,70532,11032,81132,27144,10101,31006,24470,55194,80577,72324,2B042,81041,60433,14225,12105,89031,30224,24567,55178,85099,43063,71568,21590,33294,80184,47024,32197,65473,18096,14495,81196,33364,58258,27360,54250,46085,63364,31201,21648,55522,59309,14603,60627,31328,57681,51170,62043,90012,68148,83011,22014,65031,65307,53132,02053,30088,17267,46020,14070,57189,72101,28422,74121,38124,24461,29079,95056,36088,63118,31366,64490,17327,67191,70517,21136,11116,33485,60023,34116,79236,65221,62306,25624,70130,01359,65401,88429,73252,60380,45210,68217,77147,63117,32452,73196,09299,76527,17235,07282,29180,07337,39265,08390,62257,30250,76123,31539,58123,62312,95676,27640,63332,24292,64487,18195,28171,07030,59026,33129,72204,84136,38221,27239,22224,31001,78565,44179,02316,08105,02060,57498,04156,66099,38490,28196,69036,02750,60358,85236,13206,79351,25316,05054,62425,15226,27451,51579,02612,95028,58119,67413,25343,55078,19189,32296,55528,60546,33165,76405,24465,51259,02626,14764,33272,27359,30350,39319,17223,68370,64221,21661,35225,54576,14033,78108,71405,35297,76753,33427,07182,52057,35311,01030,84037,55583,17418,38140,49194,81254,80601,07175,95353,11422,66211,62485,91691,10074,25567,23062,59409,2B033,29224,10282,17362,89414,10399,50407,68294,29222,68075,77532,80050,63360,83084,21578,61196,03259,65174,59413,14251,25274,67280,85088,27424,76366,10156,13075,17173,57352,18155,88493,07281,67452,63156,72360,71456,24481,62438,02226,38111,61102,42064,79316,02537,59198,71118,21478,21012,52269,09312,48019,07179,11253,97223,46168,70383,22211,90043,57081,85078,81240,64041,54198,33470,50370,95523,72244,64113,51148,28408,87077,84110,14497,27266,60537,33381,62720,65363,55387,25021,50610,71500,09040,69069,33137,21256,39076,24498,52475,09067,42215,33138,80047,45240,03231,63229,87097,22023,21373,32442,31534,55517,08439,72355,77210,14625,08354,2A331,86268,27663,55266,14488,25289,65172,12088,31036,77054,23058,16230,55434,28015,29245,28391,68050,61056,82053,38241,82141,81043,76311,43022,02522,51346,07082,53189,88215,12067,27162,77486,34203,34185,73283,07301,55270,39103,11123,38043,54482,27676,10134,39254,50411,15102,80767,88117,33228,21203,11189,72065,29227,14169,54552,31582,30256,65158,17268,39178,85125,25241,64288,40303,53195,27562,61121,11044,57675,55446,62782,35127,51200,26233,94078,24117,97415,55419,71027,73265,18224,17119,55073,71162,14119,80330,30080,66206,53255,35286,15081,80303,76355,66181,31309,15253,50070,2A132,38420,31114,25556,62309,64249,72226,37057,30122,08417,79290,74032,45293,02320,80426,81191,47321,01216,60657,74062,52097,12100,63396,60314,47133,65306,60169,56007,46264,62070,78147,50551,02643,78317,55557,05049,42297,13036,50474,91330,33197,63218,72375,64178,69024,22379,91115,80214,2B159,70133,40220,55180,50266,18058,47292,14016,33538,46307,61416,44171,58005,64528,34181,80531,40125,25222,08216,67340,34329,66104,76680,41128,70253,01422,76470,51320,18229,27044,81028,63390,08175,14399,37040,78043,30353,47293,31454,14753,15181,08432,66015,14482,83103,77141,54084,70521,22145,68157,40073,81011,81315,89397,54432,11440,52313,56050,62686,34244,35310,56074,43240,51284,91461,51176,71369,67283,37104,46197,40308,42308,80295,06045,29292,32468,63377,42273,62704,36067,14050,63325,22110,37253,80333,50619,54015,51118,24393,33214,85285,16003,32240,84049,01013,03074,63294,80189,85029,74224,24564,46024,02446,44007,81133,73215,67303,62436,32243,91661,43191,03003,34137,65325,86157,30297,17305,76694,42218,40143,80572,88308,69167,72346,95436,15248,71283,88151,69111,21337,71474,2B150,79341,54282,14224,64513,24311,63359,88169,04226,10246,32047,22170,14516,08330,32089,46218,41174,24568,21061,37086,2B152,44203,51258,10331,14674,62473,80702,29186,04030,56126,36040,33517,04227,08483,10179,27403,02167,01114,57711,91001,64379,61452,85297,32044,39307,57050,66059,53023,14168,76122,50258,48068,65311,74046,52369,72316,26145,59033,38353,22171,51049,10139,09328,51473,59007,39453,03092,45095,62429,30163,49021,67410,28081,57039,34294,11337,14473,38110,31479,01153,76186,33288,25117,76239,74279,03286,45227,21156,02466,05168,85077,75111,17300,38326,37082,22079,56135,64336,36074,08325,34214,58096,56046,46112,23061,51058,24489,36164,41047,33324,14060,59180,80010,77458,80193,89204,24502,76411,88476,56026,04155,27346,39391,43110,30334,76715,43011,02317,67205,42209,66219,21039,58216,31422,51092,2A324,68061,55133,55193,14391,35049,69205,28057,71350,60067,18191,67194,88452,86111,39344,85174,79241,51100,12066,77509,68337,70324,43239,50034,78442,32036,35026,44025,55072,76629,77492,08333,88424,47091,2B046,86055,64366,14014,56092,43102,88199,63378,37165,39443,62595,88176,22210,30179,85017,28252,30045,09303,12156,70518,77510,19077,17230,67542,36084,86004,13063,39218,86162,52155,32385,63455,89377,55174,34084,30280,72109,74169,35015,37123,68115,55061,16308,86065,72027,26254,48026,54558,33395,19201,2B354,37006,88156,46224,18161,88454,78033,33067,88455,14304,81175,33001,64023,52061,48117,12086,68086,80024,62621,16271,81120,71217,44015,45286,67472,53208,30355,21074,55054,21324,03067,62718,80765,84125,76165,65226,68125,60672,62706,14223,05009,52292,55554,17256,50190,87027,27498,32400,72009,17445,65370,81012,76586,32372,27591,64280,14586,27507,29230,69148,72322,14341,2A142,10395,46163,28048,33088,52091,01104,75117,65013,26357,66207,18028,66053,38487,70275,07078,48100,52484,73313,51151,33247,55341,43095,46176,29155,46223,46277,09038,47165,67192,45049,41147,63171,51512,19109,23131,70171,28132,72067,62502,25261,02318,31128,69253,56170,65089,52341,76542,08418,25544,52107,25142,69286,02427,31561,09179,39083,03089,33130,86161,17285,18002,57257,80508,18268,16148,84114,58117,21609,54300,01264,02071,71520,40292,30182,25344,25410,51358,76563,76009,39233,79014,12118,25500,48083,23020,76290,45089,09086,28030,71143,36186,50186,2A064,80145,07031,26001,38045,72347,60278,60311,91333,53037,40031,27309,44086,08111,54239,17345,50003,79038,51105,51260,55351,57484,70425,78356,21375,70069,31495,33412,65313,07306,37079,33004,83139,82177,58179,54438,23197,63399,44009,68229,88528,86183,33475,39427,91508,28291,86228,56130,91613,91081,39530,90095,16408,14465,88515,19164,33400,94065,80649,38436,73004,58063,56033,19122,56009,62048,89246,10209,39232,35321,72366,26040,02013,30172,89235,08081,80199,24124,54095,32456,46061,73142,19138,54348,89180,27294,57514,23099,69056,04022,40157,50451,69047,04191,26058,76583,62878,31382,52039,57292,46007,35340,36002,77382,52242,55139,53097,97106,57404,91657,43008,07299,07137,33329,89285,70567,92046,27406,38272,02485,50162,38543,87163,63023,45105,90085,23030,24145,68340,62349,57765,17036,82192,57718,35230,72280,42156,41055,90087,78372,58104,33241,41026,21618,51402,39286,34193,59422,29066,69033,97419,25178,47213,26277,80344,14147,80469,08244,29057,87005,31101,89478,54162,65379,27169,27208,76240,60079,54523,67167,64341,83134,45004,59399,60677,62341,45262,21556,68143,63083,67048,47174,59114,86049,17202,63113,52060,76604,01374,33134,11362,52203,16039,91526,28273,46039,25554,69092,39432,53005,13068,97314,59340,25452,02003,08366,76042,54227,61271,65200,42272,80614,43186,09095,68199,33258,34004,15228,57017,31480,39469,50587,10066,53007,40149,60138,71250,19005,24345,54474,43097,04219,74231,50274,62662,67352,64359,67423,31160,57234,39016,11087,44186,87025,64424,12203,12292,74299,02127,43045,70147,69277,32124,39132,88457,10349,31542,57685,08332,41196,82129,89290,12061,02359,57662,69062,11053,01001,25179,61467,70583,87048,33196,08379,10182,33017,12206,23035,65458,23109,31512,30348,64115,89112,42091,31093,23105,30133,30291,52330,55111,62243,63373,27287,62191,14171,21665,39480,39493,15054,89392,2B303,37137,77236,12205,02132,64551,21671,02618,70058,17409,17130,63230,62190,25362,47233,02662,55264,88333,61197,59035,72136,35223,70049,58077,72007,33074,67045,65479,81174,61142,63274,67385,53090,79244,02035,16222,71225,26351,50261,78029,02525,62245,70150,63174,67144,38023,38019,24211,45271,48010,47295,74249,27677,12224,11223,57481,45181,10020,70393,68198,19274,39537,65261,34022,30062,57104,58240,56002,60157,40141,57046,57725,59141,14343,21199,19225,30028,29068,41127,85136,51111,35061,54181,70419,97304,40261,58056,38406,01357,16207,65272,44076,29152,07001,74276,18206,64031,25277,64240,55026,34035,67366,59471,85133,56035,14079,88357,19167,16246,47205,23167,64207,80725,41236,03049,14684,61432,25193,31089,24223,32337,03177,60624,76275,64241,86019,63417,57127,86002,08455,59133,10297,01094,80316,2B002,54253,35353,21476,43241,79198,71253,40098,63451,67198,72011,63246,01007,32305,33528,37205,64480,19140,09004,76588,81203,42255,91017,91463,30260,58207,47181,68348,09145,86036,62657,25564,76441,77240,66026,40052,23228,17382,02802,38456,38080,81304,80161,47096,48104,17047,61348,73010,27078,09220,14368,62601,73094,69020,77322,54321,57659,47039,34312,18088,82153,45094,53190,47220,48065,16253,39323,35336,12042,35066,08184,08029,61423,15261,09240,19239,25025,58029,51538,72313,02271,09116,24379,14739,70356,74272,30076,69088,21298,52178,54472,70507,47158,44099,49333,86088,76389,51125,32288,61028,62754,67238,55150,81256,21083,11305,04127,59120,68062,09049,34158,70175,77293,52022,27646,44003,50138,80771,21706,57061,08102,59024,70355,08134,40314,21362,01206,62282,48176,95612,27478,40026,27369,48080,50456,55405,27514,33442,01188,03122,66044,63138,57030,67184,68149,83037,01307,27552,65337,53185,89288,33101,80583,67109,90062,10175,19022,55204,23214,63344,62495,18132,70293,59517,08230,39249,76139,71282,76566,82094,87144,06017,39396,50175,63270,62366,95012,06163,52028,74184,08132,52227,67417,76012,24109,31490,27394,67021,53067,70141,46005,2B366,21489,08329,72176,50267,09154,24582,66224,28210,52520,95303,30278,39320,53251,61168,88363,17082,63350,70522,91692,63313,59640,59077,59485,42233,21297,02748,02242,51654,51662,62368,03022,63281,63091,10398,62778,32266,28292,03282,17479,67365,27459,24478,81080,57086,87158,02330,84073,35171,63149,14261,72015,07194,28056,80673,81188,10092,09339,07348,51078,73153,86031,14030,09047,59317,51471,62132,57460,08360,91435,10294,05073,36023,62507,46065,21628,54142,60565,56077,54235,76648,69003,34007,15101,62531,18148,23190,68176,51098,15096,30130,50199,91130,02200,77014,41040,67488,13095,73043,33168,50538,80622,50491,60340,25262,02521,72098,25356,57635,68331,19075,39513,04101,56058,71078,80757,39461,88222,60608,42188,64149,63223,53173,73181,64001,10379,76229,51352,62880,26381,2B153,35296,32444,10436,03005,88130,01142,56012,02567,51397,38555,70154,14721,02393,34045,88214,85131,54147,19151,28372,89005,85149,33096,26342,03126,59386,42161,14277,80537,33332,71340,38257,81070,80016,11293,52474,21288,81242,24374,38533,74218,33037,02507,54295,68167,02651,16424,29281,45315,2B291,97606,41066,04145,10285,76077,80706,03221,38414,41062,77270,89237,27582,70461,12172,32145,39041,64404,19078,33476,61096,21414,24026,67434,74147,2B093,34099,40017,54580,45067,72376,89481,58125,80675,88336,32463,34076,42323,88133,64167,61113,87122,41205,52406,14243,21712,62152,27550,61406,38300,46156,26303,81184,62121,74281,38275,08453,61213,88504,61181,24528,54433,95371,14293,80202,51074,57066,43033,55024,66007,88081,14049,93007,70019,39030,41230,05063,14706,08138,12291,19030,80253,30323,77129,80005,80434,19014,80108,88415,23165,51622,24208,57511,71109,89073,83062,12099,79175,92049,91414,16062,14085,12180,74104,72201,40238,32449,76581,25372,64303,14487,70514,11397,21623,02051,91093,68092,21396,73042,38537,74312,13210,17152,08286,03052,17196,50484,32004,41160,62119,55315,15242,61094,73224,62653,27609,73273,71361,84042,56005,17317,40175,72198,89304,62518,45235,49027,86154,62711,89278,52383,01004,37146,29193,52483,2A104,26370,01380,26016,83136,43065,16031,32254,54511,30328,46084,2B340,31413,02585,33200,67382,06068,71050,71295,10057,42054,11003,70331,39011,62835,22158,49209,25079,09107,89116,34130,49131,21011,53233,33289,65136,72186,85145,17021,97301,18041,45303,52014,73306,91363,50093,69115,40100,65019,63258,38033,26143,35237,81082,08136,39151,57721,69236,28127,63228,28089,23088,16304,64503,51273,02387,57719,65299,58254,70311,70279,77155,40305,04218,08488,17462,33461,56083,19021,21366,31363,63080,55281,61488,66118,53213,72012,89177,60526,78126,57539,72070,27061,27068,60390,42018,82138,13017,45208,02001,65147,86024,34276,06104,02162,54529,47211,11174,71422,64200,59384,59216,12131,43005,59552,51529,31029,13070,33456,28018,88522,70168,08473,11271,70074,10304,54557,42003,91273,56127,40226,58158,67301,76517,02342,62856,57306,80749,09204,02232,53064,76030,03253,43219,65276,82027,65264,60685,43237,23243,59470,85002,39163,54564,15029,66217,81125,05132,95042,85101,57529,88244,67138,53085,28219,45002,80097,06006,48037,09088,24140,10126,21689,81045,65258,66020,24334,66017,19025,57394,31533,01215,51254,33488,02482,87160,73297,27594,63275,07321,80229,01363,64326,22087,63013,77506,27245,30141,80494,13209,26095,74311,09335,29004,66221,2B077,08388,40251,76584,74273,75114,15120,51340,07238,10032,88287,27097,29148,24444,12220,62532,76404,71385,63352,19228,61212,31469,05075,59301,17430,37247,28148,2B255,60610,81034,14231,10025,51533,04197,33059,70070,54311,42158,92064,21075,39045,76524,55011,81324,18066,51281,67087,38093,39062,47044,31554,33259,18098,28031,08304,02605,78686,38339,04057,74266,11080,16091,24280,30301,16117,62227,46329,26009,59234,46208,76471,32105,27558,70312,37070,2A019,29181,60432,68274,81273,53120,54498,80627,63420,76644,33554,35326,78128,26255,54309,50139,10161,21505,40113,42334,80427,84134,33142,71064,63028,16297,30332,32141,62288,59408,71063,09006,32434,02148,62724,25513,57724,21548,65357,09295,67230,80497,72279,76735,28351,31451,79252,21585,47038,69094,33450,89468,45225,35322,71307,21504,01112,71487,50118,54572,59551,72300,63095,61244,54064,57504,65331,60322,52094,02257,24217,15144,71386,51386,26267,77366,77259,54375,17466,61082,81314,88437,61187,01427,28114,76510,95500,39386,58137,27666,02360,42277,46161,09321,65140,62738,03280,67168,83047,81009,55189,80065,30031,88496,30351,07195,38184,14509,78076,55169,40102,73039,11398,08347,23151,57330,24500,33506,79347,38322,63395,42186,54264,49330,62301,27125,03068,25330,41017,76612,07324,63225,97201,62723,50247,76758,62383,62442,40115,38550,84115,31518,66192,02767,03125,60678,72148,23150,59062,62333,61328,67018,22332,60125,10069,02025,89362,72113,73015,76737,33411,34148,52448,67509,60148,68276,57471,79085,2B051,51286,68315,71106,2B113,55302,14236,27154,29062,51390,62492,27101,06015,27524,44170,54553,86141,85116,80476,01136,62298,57193,16071,12298,97360,82023,59249,77287,02758,21166,35360,22258,77042,68328,77052,08191,61419,54313,80724,27142,31375,52461,61420,11006,33398,63238,21631,08167,63164,57551,40267,91292,28284,30040,55485,51374,30192,06066,36108,71276,14534,02194,03039,14298,73218,50435,39422,31216,21114,87013,26353,90011,70410,40076,65224,82151,15173,83052,24159,69206,28162,25106,72160,12234,90013,32459,67514,40007,11317,79304,06054,40192,14511,60139,28404,87073,71425,25464,33093,97413,01135,07311,15137,61365,60424,57694,78070,37101,04024,05147,64238,80350,03101,18082,65002,62393,54125,57512,88241,72363,39315,34110,14500,38370,38012,69260,32271,70439,46236,51519,86190,03213,51345,30232,23264,27276,34139,55182,70046,23179,27203,16053,81281,37199,65179,30007,89297,76328,08458,21484,22067,51269,62432,62389,33544,50013,38094,35328,76065,22111,85192,62569,02211,05169,25351,76019,31005,54388,62357,13011,88085,08289,51480,14302,59173,09141,58236,02713,76285,54143,12122,47195,62691,62353,51037,85093,61248,79022,59264,24547,70247,44002,63322,78490,73017,08223,59553,41242,24176,02081,88118,64141,64520,67433,17055,61499,64223,80305,65071,71305,52217,62447,56076,02170,31178,83055,51117,31468,36035,74045,38010,81086,48067,50606,11099,02806,33008,18203,88302,88520,81268,38434,65063,02425,78677,59532,76543,10435,39137,70231,02377,38214,67313,23180,09215,40312,18288,72337,87072,62278,70011,25152,38471,28334,71590,68144,2B261,70256,24499,23112,65413,82155,42284,28077,34179,72106,61241,56251,24512,64532,41073,05112,69112,54325,70534,55088,28010,39376,58286,53098,38346,41194,69105,29225,11230,79185,88252,09297,71051,40179,66082,84018,38040,44058,70304,55285,43187,31020,39379,71221,64029,21433,06144,15168,23066,41288,67355,31527,09282,67325,33401,09269,70207,35021,08451,40195,01296,33308,10015,73272,69013,68202,65146,87198,62561,32084,16055,67056,27306,68052,86089,50364,25111,43238,74108,33406,34027,24172,21067,80356,57433,74008,50194,47056,39462,27013,2A174,87020,88046,13040,80313,55379,57045,51108,2B277,61446,81103,89002,31535,80242,27048,56145,25465,71417,57367,05059,33234,18043,72076,21032,25013,35334,17260,11155,03163,10428,74200,54292,25596,61210,68004,08219,79312,45021,67545,70235,56065,09259,45253,24520,54231,53035,84005,18214,27380,80011,80170,68046,18282,80630,55488,63312,59335,78605,69084,78499,45299,78597,36090,69225,32173,77066,67527,17175,77154,03261,01042,80699,87181,35215,15164,22088,71576,71226,25472,81300,41190,87153,81278,58026,05028,78005,55380,22272,49308,65029,27496,02821,51614,27279,47077,29058,24453,56189,58261,84094,23022,62103,36172,22090,01095,27430,32402,30129,79348,59475,23175,44048,56119,57762,38069,51482,66202,64505,66083,07044,63112,80796,50633,46333,80033,35200,44124,08383,27364,52177,70456,62556,37072,97420,72056,31143,71374,2A099,44184,21522,50574,57430,65143,26375,89436,08015,25368,86105,08470,25033,76361,60035,57254,64358,44104,91086,10197,63412,25616,74040,59458,32113,33202,38170,10288,85209,89004,85215,74001,88061,26045,67289,24136,89323,80451,54234,71084,27471,22222,11287,70446,51044,18093,88270,74205,09263,32335,39199,76168,51464,54087,39458,73026,72312,45215,30154,73077,19244,88255,01011,10080,50228,76050,39355,39362,77434,11315,67502,21119,36189,64044,70201,78314,88342,77443,40222,04228,64154,80117,88447,65234,35314,45331,35268,82051,19285,09273,38340,39007,24505,67072,25185,84034,52021,12194,47053,26178,04032,67482,39177,19063,64537,62611,18101,25633,10417,02068,69182,51173,21370,88320,56190,11201,66231,78335,60513,02426,01342,21399,57563,59022,42027,31262,14254,62729,80401,53047,38404,30025,04081,55157,11094,34319,12176,57026,62083,63398,62391,74244,79183,32013,09055,21229,22144,14520,32415,35193,08457,69058,70053,80061,76203,45278,76140,07346,67369,02235,70479,01083,28050,13098,54403,37119,12247,23044,11285,71488,62107,17403,27572,61118,18144,77415,18108,71310,80726,62578,12115,46081,64187,18181,44097,57165,68214,44066,63182,61463,67258,34232,43030,70071,64133,46003,63397,32052,51636,26244,97122,61258,35064,14427,76347,03167,42112,76017,25090,29266,72087,62891,23183,22296,85113,79319,07178,85189,15165,43100,67225,11319,09052,07274,05110,10293,52370,53187,24086,34218,51375,01033,88095,55561,79046,67070,56075,18180,77289,33199,58064,24442,63084,57600,43064,87137,81047,32257,85011,45270,27421,06146,33203,24156,34133,79117,57028,46011,10375,35256,27205,24268,16350,14747,30352,56113,14535,46152,14656,36149,54393,57408,65320,70547,81177,71116,66086,05052,62001,10035,32216,03251,43078,13048,68317,39205,2A128,28014,02083,02352,59196,70189,63356,76436,38162,26287,80300,12199,49368,24087,18279,56146,16237,23134,79061,34052,82107,64109,11071,74061,89289,46225,35041,39234,02340,59521,26027,2B173,02094,67350,33246,06062,76627,88265,76351,89225,21403,76100,39122,86100,34241,62523,46118,25497,50425,14605,60538,76617,19033,70417,89068,38113,86182,07302,68288,27480,19011,36102,80206,62250,14106,76220,85190,67317,41007,07206,60286,17054,44073,63422,55286,54465,97207,51605,05136,44215,10335,80513,72259,29297,35337,44152,39273,47260,60464,02073,39445,28277,33038,53111,77096,11004,67068,2B201,76490,68141,32238,45196,35128,09126,18051,26257,34313,43121,79243,80358,02560,29276,38361,66188,74083,62509,38073,21321,59251,80760,97617,79238,15125,63443,06122,77098,24318,42256,04245,04055,29037,85023,21148,80198,25335,57003,89211,89306,02536,03249,70263,79106,52258,77007,39002,09120,57090,22387,33245,65223,73307,31494,88428,05064,14021,38552,21279,55229,33227,39248,59067,51355,62683,10245,57123,06057,05086,44188,59491,47184,72149,68385,33083,64302,30258,62906,60363,61352,76324,68178,46169,78385,47030,19153,18127,57351,62733,87179,52358,68069,28124,24254,41100,85276,39210,15219,69193,24260,32191,55430,83135,69107,37145,17083,66038,21284,69059,74176,02263,38172,76465,47003,38082,77043,84147,74269,02784,88021,49160,71366,49215,17441,26330,63254,61037,65351,42154,89355,83032,02346,62168,38070,57194,11207,51277,19270,58116,17231,06092,70302,08275,28140,35176,54322,02084,32393,02453,67348,81099,30184,56136,55497,24196,51441,17304,88253,39297,51231,36022,62479,27137,27482,56261,02481,43105,14614,40144,25524,41059,16167,07026,32399,80459,24015,57644,65399,05184,02006,39507,21421,42096,44154,62020,62859,64037,60641,85246,64330,59647,54586,60030,61442,95566,57508,49260,46053,36125,41119,84022,69173,58235,72348,52414,62815,77082,39052,89319,39405,50196,25306,63403,32464,61240,26359,45132,04128,79331,65047,06110,80067,26005,81208,88361,42321,76348,39149,88354,59500,18029,84006,25124,32289,17340,01073,42163,59123,08497,29002,84108,65175,23118,42046,59465,31391,42187,78516,71470,24330,28137,36211,11314,34286,78285,19154,78320,27300,82123,84150,16192,61387,21076,38057,60014,2A070,11282,29249,08367,47161,22005,85267,24193,54232,65402,71029,32054,62011,76365,78364,02777,54203,81100,02414,02817,80226,02384,21161,08186,46212,62844,24132,17193,22291,49307,02044,66193,31205,07223,60081,54491,72192,69065,57422,74058,22117,02452,57647,36218,27224,27664,71480,81236,65321,18176,60611,56086,07153,70330,76618,56193,14558,58124,49370,27505,57060,21309,61396,01322,19018,32175,34277,68174,16342,61221,25517,05129,49323,21338,71324,33235,72047,27681,02145,88291,65285,84026,76463,62746,77207,34087,81068,42315,15186,88445,58118,64217,62008,31251,81295,49125,89013,86171,17303,35103,82065,56180,24370,37061,64440,51140,28052,27055,73157,74201,82157,21539,63233,47262,41253,57273,08247,07091,80372,71037,47308,30161,12221,61277,57074,23043,76104,27691,42278,89387,27565,32425,64275,81323,14266,89069,56085,53123,41176,58043,56096,03216,72008,88099,42184,54047,2B081,40153,76709,21268,35274,21331,25160,65117,28032,58001,50227,54185,08302,90048,91432,06109,34285,67036,18136,19129,54549,07087,26228,33432,74034,52352,56245,11238,79102,50145,61023,88431,14419,67420,77352,14536,57586,06159,54410,39106,48144,89067,31509,64504,25149,60123,62373,15232,61259,21705,90016,39204,33493,62149,88406,02363,87116,10352,56093,64320,88416,02264,91129,01428,15167,46242,83018,54526,2B037,88518,48168,08003,65104,36007,74298,58152,80683,22028,50428,80171,63074,73030,40059,52365,37032,17314,16065,06014,67546,70582,31098,59586,77463,78162,06112,25058,37027,71175,57255,29102,26113,04162,97308,31365,25072,14001,60078,59300,33163,51549,68360,59043,59662,74089,36028,02757,67182,80259,13077,11350,57614,25187,02072,95271,27117,46270,34206,61450,35270,25516,09094,31305,66191,72297,80298,73089,02472,10149,65301,81322,51543,27340,49112,76725,76547,57409,12146,56175,56160,87036,79230,55278,69135,79303,02639,10316,55274,22029,33100,65061,62254,89238,85127,62802,22217,62772,81190,50359,14227,11160,15250,58035,2A211,01297,89466,03184,51499,62022,21367,23221,74196,31183,57343,07239,25507,61194,60044,2A060,57323,62630,11438,34029,60530,95205,29093,01373,59295,80169,51143,31182,45297,64148,57475,11127,76430,02764,21710,01171,52050,09293,13043,61415,21341,28227,28335,71581,46046,26181,02663,62617,45340,76105,25071,2B187,54458,02504,02324,24183,02619,80589,51018,59377,31402,89059,81246,60242,54085,58153,66025,63445,88319,11200,78255,31227,21385,54260,43101,15255,49353,62740,10203,67115,52535,43107,04121,41292,76362,94069,57139,59308,66152,76459,26298,59060,52311,67146,79202,91338,25257,65244,60190,33215,70258,58291,17163,34128,71024,21638,50256,28182,73217,32007,31055,77095,21079,64425,02135,62901,80766,54214,25469,36060,85143,76631,61153,34159,62267,39579,06021,64416,63108,89427,40230,10359,80732,25004,51154,79170,67427,95309,59267,15157,29019,39322,70096,57615,87202,31197,09332,68296,58290,83092,85301,16356,31176,82112,27501,55137,83147,69085,70512,11180,44123,05182,01258,50401,24168,59182,71028,31579,87192,30035,73099,25188,14384,62135,17157,15008,54349,28279,51276,49244,76278,33174,22206,2A133,23053,46228,38532,62705,82005,45066,11082,80233,77290,10068,91477,13060,71316,30034,56240,41038,24325,31513,76158,19091,09258,11391,60502,30193,52035,67059,26075,55101,61290,27252,32239,09069,40062,88237,82171,14574,78269,63085,62147,73207,54397,59537,2B003,76546,70315,33155,72278,2B121,25102,60048,24514,88473,78188,25264,50149,07285,71087,61388,23215,33095,43035,19069,52549,47316,60171,57695,12030,57326,61054,55525,04231,26078,15018,02706,22260,27547,25548,61350,47257,59319,86134,17005,89120,62167,77237,30207,63081,74216,69086,19214,77344,25474,21322,77132,24551,51009,88312,59387,21007,03222,30239,52346,81297,63003,49361,33032,2B207,41009,54380,31162,37016,24303,83093,47328,24552,43184,59098,62046,39481,27047,71439,85040,07322,21153,76352,12142,88137,95046,79048,48018,51121,30298,17181,80797,77302,71040,25048,97130,32347,67062,44135,65271,77516,59258,80446,35002,27281,65192,50450,34226,50609,31108,50229,60269,16183,65112,46052,10167,77301,91326,80734,86027,16323,84104,29204,21524,59096,06060,64118,64502,38514,30251,14474,48045,42294,02028,81326,41044,07049,70226,68181,70386,67305,32363,80308,59575,14728,80034,59351,11250,11083,2B111,45145,23184,42270,83091,79289,68384,39065,27174,08314,72135,52105,69257,32329,33292,62500,14682,13020,77158,54236,08365,08238,52173,70406,02406,64350,51416,02460,2B147,57188,07105,11090,15153,16318,42173,21090,68263,50580,41075,08429,60523,89428,42011,31333,33531,65286,40103,67016,27059,05111,02834,48115,21684,10296,83046,53029,11142,70384,61222,91662,11056,27400,69014,71410,77060,02622,31151,71013,68177,59554,30155,2A006,61479,47320,01385,12270,86257,61435,55275,28259,27052,56233,01352,09020,82184,37100,76010,10276,07345,08001,65203,77012,17241,68082,60544,60196,54466,61228,94041,35134,76211,60182,14057,74166,72168,34279,40173,51089,09301,21125,77389,2B102,69120,18003,14455,77152,15194,40156,77420,18146,23068,02418,78668,52168,72118,33445,59068,91161,04124,90105,37180,11366,02648,05072,60346,10312,80317,40324,80504,10403,25471,80505,2A258,74226,2B216,76319,46047,51215,46296,07079,55407,78474,80399,31523,62188,04099,14524,27557,01163,67486,01314,80172,85162,68002,57759,72128,76592,65423,38508,51559,51053,21465,54567,62471,76531,54285,78683,58038,02336,97414,35099,73240,60155,95675,82058,50498,07339,41232,21200,28302,70428,34104,54354,76597,72122,89388,25420,21543,2B352,32339,02514,86132,61402,31546,62829,25091,58232,09119,12015,33297,32397,80503,22268,80028,52123,09329,2B222,62548,50324,30205,51161,52470,08321,35006,91228,2B195,69233,71495,13051,58166,30024,38054,31014,61486,65133,32097,44162,03265,66010,71026,67302,63144,29044,59185,17296,01167,13112,25429,28003,73058,53243,24495,02564,77413,29291,76261,54383,69199,86140,77361,10397,64370,08131,32375,68162,02086,21265,54223,76608,80243,72265,62153,82182,62332,74308,30149,62493,07312,45008,08106,33397,78231,16073,15084,12149,88466,59670,22056,65387,44133,16362,01183,40174,72361,60102,02645,55037,2B306,11276,50398,61391,08163,23240,38400,69116,29169,33441,30012,80288,48191,05176,65120,62812,81216,64072,61038,60071,54418,68283,05022,14666,43104,23230,01444,53122,57354,50300,22370,01197,02818,40186,70103,28104,68130,63237,72058,89008,21512,24388,24463,30070,07176,86285,52515,47182,39299,33073,65107,84113,33323,64048,57708,88421,76537,36141,30127,73014,85039,64100,71179,45160,62696,78466,40082,06145,51527,03063,50272,57606,42110,02104,89164,22197,33119,12204,67103,88389,38315,60112,61384,67197,26211,76007,12165,55260,79081,01424,85004,24516,60439,21457,38512,07122,38009,35115,17385,08269,39466,02389,11279,02781,48105,28304,24449,25598,40257,57291,78623,11378,17058,12059,28303,21247,28218,24346,59121,68114,25209,06004,62526,71052,36024,56011,16087,2B339,67086,04216,33276,81060,07093,36165,69292,39155,59008,51245,62659,23037,01391,08047,82019,46302,86195,84002,28314,05113,39490,34257,60528,57172,79062,38065,82011,58189,42138,31223,38289,57049,25017,32115,40029,13099,28326,70403,72048,11302,67418,17449,25466,24522,76558,38544,28359,31131,62542,30175,34324,71255,51004,55146,89085,70394,32344,63331,39117,07100,95387,89383,60465,65144,04217,81154,68060,12170,27500,30006,37273,01009,08234,42124,45309,27606,73222,25448,02653,34270,87058,04028,69052,06161,29067,63194,62866,42113,54010,01339,02454,74173,56226,71389,80738,22362,16303,04203,67028,09290,53209,51302,68180,43051,52234,55214,57316,53071,22273,72181,95452,08199,88182,80445,31376,57286,83005,59538,91556,15074,85232,51465,36117,44077,80611,04137,31258,58107,63172,40298,88220,02589,64311,22339,23189,38480,70113,38567,79300,17075,86235,44062,18167,01068,22322,36162,59441,19059,77412,24090,17420,54366,39092,59663,59322,91544,04202,24024,51459,24282,46288,69083,27116,02428,15038,58072,81225,54305,78034,76268,51406,46136,90084,42121,57509,17359,13086,02029,52335,42052,32150,02659,74143,38454,50181,57096,45086,17450,12080,74235,50296,01310,05140,28251,55574,36026,19279,34142,42033,59472,33460,34153,09185,54117,74101,15187,13033,54496,24563,67110,24426,03241,31072,76752,45174,60700,54556,03264,34320,38548,44128,60570,59438,85182,54261,79251,64452,90086,14648,27365,27071,37267,56032,65049,27441,51187,28040,57654,50564,29259,78437,37008,76114,17031,22368,59019,51339,22149,01284,08087,02021,60662,82089,77161,19084,24021,70102,30115,89229,83007,58126,45266,11031,01077,41274,25325,76071,40124,59252,53115,85255,31206,70519,57161,42172,40313,69145,64179,40219,25045,64436,29114,45197,62049,45220,54584,56088,17424,88443,11399,40183,27672,08170,24509,74015,03273,47118,26356,74280,60602,45199,63109,23229,94073,17150,26355,10206,27333,31084,14026,02509,64069,03099,45330,60087,39180,14397,43172,21624,15064,42293,61510,35154,2A198,89254,73135,30099,32277,54164,55295,69108,08171,54200,89255,12300,22294,08463,76113,28064,10144,17395,30252,72340,38228,73051,71284,15051,10058,81172,78062,25440,18283,47188,14591,31586,11029,62808,58134,69151,45121,27021,76667,14196,07056,33290,52545,69282,38273,95277,57705,71558,12089,54562,11228,56102,34213,73159,77374,78089,59489,59624,22062,71111,52016,81014,38382,88087,85034,65106,86081,32272,74037,62223,04034,62787,26325,01396,47140,02740,29218,76133,62426,03079,76431,22237,19115,62340,80102,52109,54103,86126,46317,03038,21599,79007,82059,63262,27531,06028,38154,77348,62583,59463,25229,03075,22113,21144,24120,68287,70052,01202,44107,88057,80514,27217,80623,40318,70177,76628,73280,65065,88245,78536,42055,77159,04033,21335,80743,67548,65241,18205,38297,82032,21328,54501,23223,19009,32208,76522,47280,71472,71010,02676,07184,25284,10219,69289,71041,02195,02358,54002,85102,31074,14685,27413,10406,39267,88074,71578,50094,53184,28080,28230,03180,63371,89367,77048,11104,09048,41254,71127,67260,87087,81238,42337,08373,81008,62423,02345,03256,16264,72126,95483,01017,27467,62640,21402,21058,49056,30341,22082,71132,04235,31260,65127,02153,32211,28161,60107,62177,89088,70369,28410,35259,67372,38319,30066,40276,50124,26137,60499,49050,53133,82181,17227,64145,88119,64134,42222,65471,63452,59074,14346,57664,80661,67073,64301,59453,22348,02206,24289,61436,85273,80773,26021,50177,64340,18234,26125,63115,71502,59629,42040,52140,72170,77139,52206,84057,14238,02532,55530,84151,66150,80522,25442,31560,32023,76493,01378,60376,72053,59093,30059,06018,88433,44126,63146,52214,55536,14748,32342,03196,11028,38003,89443,58156,25217,33465,22227,24340,39337,47029,78327,79271,27487,45101,34314,70340,88531,36147,60524,59565,47095,28310,29156,57106,11149,72061,10103,50058,76132,57605,02543,62071,14698,51389,86133,28247,54441,22086,91175,86274,54007,73175,80708,30344,64010,45198,58018,33458,37098,65460,41223,60695,46129,84143,59596,90100,03289,53172,14327,72310,89083,81239,24245,61456,21253,39088,18112,07308,65034,86242,32315,59357,2B346,76210,68074,19242,85169,04049,39350,01024,48146,43267,57417,57453,67183,22282,12281,65470,59613,26300,60024,60280,80320,77046,52121,61386,08425,02090,45028,65118,69383,08459,08206,64374,80391,97356,31105,62396,42251,49291,22310,53009,70026,59610,27233,54314,18006,52183,83019,63297,12108,25318,88122,70427,21246,83003,31065,14627,39055,65274,14257,26182,03086,76316,09065,40134,64206,03237,35363,87059,89452,30073,52423,56213,07128,67425,83146,46195,51193,57383,88035,19272,13056,57673,12195,76288,47164,63067,23234,05153,70537,89345,41245,29217,01035,10300,04190,88005,32202,54081,87032,62015,85238,73050,65184,08356,81079,55071,58109,22036,03172,58287,03080,60461,29257,46188,74261,60654,87041,57419,80821,80432,76678,80154,86197,17063,63462,11437,76748,47019,57668,66126,22221,14719,33105,60262,92009,64445,18208,51601,34202,55106,91359,65435,55300,65273,73298,87051,52142,57160,77296,85140,22380,56056,43157,08130,52425,34097,45085,71459,62755,31018,02451,35013,60240,71462,85196,73154,22346,63382,10421,38053,32164,29123,33519,02288,62345,50096,31244,18121,32311,97406,27579,02100,17265,16155,78082,22343,55159,51045,04233,62120,85290,59433,85031,25555,39014,97423,21041,65371,07117,74117,31497,60020,11166,71464,23219,24383,21089,61401,2B025,80104,54573,09241,62322,80222,07257,58279,55346,68088,80533,29141,56231,63249,35275,76395,39078,35046,27538,83064,46192,32366,88370,79343,85153,62572,34054,63444,71030,14311,58099,09210,81255,24493,51560,22026,2B256,88311,25511,63309,61229,50326,46330,63351,76502,25213,60177,16116,54192,72349,69060,64500,68235,54061,91377,27597,82119,84122,24030,57669,64439,80129,24425,28352,39049,34040,73267,58089,46097,09096,31393,89277,10330,83068,01106,72169,27399,80659,19253,25537,69039,70380,72218,29206,38104,68376,91179,57036,71297,48173,89126,54153,63128,50492,31385,33354,80246,35347,07045,41004,59432,55199,56030,76573,07088,28126,03028,66096,76112,12187,71523,18223,27534,21211,56117,42069,84124,42001,10012,67495,01295,14034,88006,35307,65090,45052,03071,16212,80424,60331,55382,39108,55555,68122,61111,11048,08277,33293,81210,21207,70083,46002,57566,47151,09205,59336,64188,55340,53117,78564,31571,71362,51547,61444,64161,90067,36182,21030,16162,91630,27198,45168,04220,65481,58227,71342,89274,60403,68106,56123,57152,41207,84028,33504,59126,38291,26019,32382,08363,31400,64067,82008,52378,10174,03320,48054,59410,27246,47230,84146,31117,80628,10163,57099,69190,59576,73179,19035,67161,15049,33336,76574,76032,76330,39223,51392,84121,62505,46117,80249,59159,11112,59541,60632,25183,08351,47045,80779,21293,01383,34280,57544,24243,62699,86226,91044,80279,27660,86029,14645,46160,58069,66190,30310,48001,51582,35345,59549,38265,58039,64272,27483,64137,73048,52316,68045,88128,49278,39288,02610,45183,81040,48004,03027,61139,57379,86138,82124,21663,80520,60247,10118,62427,31071,12263,25104,33407,89249,11364,30231,86014,02492,86084,65344,45180,57169,88442,72040,21555,23127,55188,71275,34207,91085,80679,76173,11139,61369,11122,17423,51229,07134,50253,62208,44105,33232,30023,31265,50448,71220,76451,28094,11119,66029,70378,58174,51043,03183,10287,48158,30106,02726,08465,68308,65129,88248,57289,08142,28065,06080,80237,69203,15154,53125,09082,01031,57395,03314,52375,62571,88132,42060,55495,59514,12153,50521,60325,67009,16396,59405,42039,52307,09102,61300,69035,30314,73285,57712,51393,54173,34016,46273,04200,43038,10123,47026,45088,71256,67552,88259,80352,55035,83048,10082,11173,59390,79329,32221,08235,40038,45126,17328,10433,52267,25393,50078,22119,76118,2B260,54195,15244,14248,45064,57679,67130,12023,80598,12013,31157,15124,67081,10230,52199,39245,07094,89332,18081,34120,77044,65149,71144,51646,55242,27375,72103,07066,10136,87056,40001,38394,11360,18126,56090,26319,72125,19222,60178,84055,82062,41002,08075,01165,25395,57219,89227,63414,31097,24084,76036,42320,11380,18030,77410,09071,64377,89228,55239,80664,24356,33312,09039,88512,31467,54379,53212,56100,15123,71166,80780,49200,77229,62504,31112,03156,05046,12208,22279,70137,11133,59567,83107,62679,38383,89146,68373,02286,07331,18053,14272,12239,85293,62851,89035,14546,12113,45098,03061,02123,25357,64018,30300,88153,59637,68021,10333,45222,29007,51252,30113,04142,02628,38179,11303,26296,16171,27615,58094,21572,11177,09171,59315,65009,61260,62889,25040,56249,39253,51595,14198,13013,60554,43208,02357,10270,71423,74258,25562,52161,47256,52034,38562,51152,30202,10142,83083,65389,59436,58108,72144,36128,21327,81151,23002,62833,62682,70328,41039,28123,17145,21162,39262,61020,63441,89134,69130,63288,67347,28109,51057,18272,37178,46262,17380,43098,26173,69118,62615,08077,40325,35240,65455,80481,60260,68104,35263,55562,19057,21132,30104,02099,62562,28330,15108,59469,77120,09106,2B246,60648,26055,91122,38479,79267,31532,31281,52019,18225,64418,10104,83022,67371,81209,17321,02707,60702,73023,61014,88330,35305,42328,88434,35111,26079,29142,86011,60411,27464,67359,52376,13031,69012,59620,62789,2B225,31107,09292,31139,01174,59374,01364,62677,08398,22013,83111,02766,52401,38324,29036,07103,76129,25235,16026,77431,45006,77523,55399,33150,11206,40270,66141,70494,78233,81187,76204,50312,59632,33049,03111,89438,19102,74288,88412,65218,11316,52095,48055,54600,76570,41233,58025,85268,77440,22148,02545,31261,69293,82024,64193,25462,62655,63060,51420,48009,77089,83105,77298,36227,89184,76308,65197,31009,14672,57506,02091,2A322,77355,68252,91408,55570,64451,40069,86001,31384,28280,14738,12057,66137,02131,33433,39385,81287,62244,28198,89300,12258,09197,14663,65338,97230,50575,66043,80545,59260,08407,80595,71236,16157,89475,77407,88359,89268,02075,89066,68347,02283,33408,52271,11233,87015,94048,07142,89206,51576,77191,23242,01319,82147,25006,09163,70309,34062,36200,43230,57270,77156,57359,39039,73069,33449,08460,64233,2A259,47242,64143,65375,39139,02761,64258,49171,87164,32002,65290,62175,16353,67046,69050,76303,59271,22150,65405,82035,21408,15118,54217,29132,57168,60106,18198,62474,38358,55033,14657,67218,39451,59137,25219,27363,04140,32199,70268,59341,31500,17348,41107,19231,11268,76052,68355,21640,74168,82194,80400,59285,54110,07284,79040,24062,14679,49058,10400,70358,55545,60434,43197,10033,34189,82048,08316,93031,55142,15087,35164,23158,83118,71252,38159,80378,19261,70007,76087,09166,89441,60495,60303,63245,13003,18068,55049,2B143,02188,06140,28425,70533,54428,68215,13205,50215,62822,64174,90010,22212,30246,61484,63434,10363,77335,70433,17129,24102,33005,59241,62486,61265,89403,26314,10444,39272,14504,62721,57411,72197,15237,21350,39102,87150,32441,82137,08500,89049,80225,31171,37223,80655,57095,28143,12212,47141,66084,83148,2B138,57373,37166,07152,15090,27598,26212,16125,10306,34102,08055,17301,80529,50332,77128,62715,2A114,80744,80312,26183,02500,81016,34088,76265,88479,47301,21195,19280,09266,24073,54459,77424,59171,15175,62748,24009,80669,77023,18050,70224,76254,08424,78404,80754,02621,28037,79280,01329,21258,67093,77425,19196,89413,28202,52495,38494,01241,25136,61010,51014,44117,60008,28374,54408,64082,52165,46245,38213,11249,2B047,45010,02158,60122,63423,04013,60312,09214,60318,26312,04054,71529,64479,14353,86254,86248,31300,85226,11162,43040,33158,63145,45244,62478,57264,10258,86264,80082,78267,21299,62076,25256,23241,33250,33535,52539,54302,01037,02574,15222,17225,11310,28226,02801,80747,41199,19211,43048,38350,27345,31369,03239,33097,62827,29090,25470,62850,58046,42014,26007,21709,15011,77049,39237,82012,88305,71293,19166,80019,76676,60431,88465,17439,60026,64383,80807,08288,68182,51379,67001,71396,33153,32161,08251,65209,01028,54532,60064,32325,10160,41077,80037,57093,72046,57531,88083,07074,32183,64034,72005,11192,44116,59297,16011,38381,60069,55444,36217,95257,60679,73036,82061,11226,35212,44161,39081,47206,02660,88338,52480,57540,25057,62093,27034,83004,22204,62430,59604,48077,30008,41061,70416,06136,40247,59366,35199,36126,32462,38380,11367,76138,41246,64253,57271,14598,64535,29187,17429,02720,27318,33530,88206,59461,71526,07136,77222,91457,03321,89202,24165,46284,02768,65086,05130,51585,50052,54174,28392,52452,42002,08090,43116,89105,81059,55398,71259,14622,02020,65476,61275,90058,47160,30119,15103,90049,66067,08411,37187,17073,17344,32467,04068,14626,55107,21287,39573,2B058,40034,51181,09186,11345,32119,72057,02477,14527,10018,42092,57228,2B005,46279,87200,59080,73098,15105,59307,08133,70236,65398,38387,32364,51610,68126,55326,50376,51557,47286,88230,46055,54177,82191,62156,05026,33447,25249,29051,62106,56164,68377,71199,16020,70555,39336,50556,02792,59293,19058,2B009,52500,70367,25371,52045,01281,29099,21252,51295,76718,39568,52157,80786,33355,62192,64101,91469,33478,67471,79189,76230,45146,46257,08121,60668,38232,51550,63098,67404,69097,53170,56205,89029,15001,79005,02529,62650,54256,03181,34147,16088,08342,57569,54026,60290,76681,55246,65262,81298,60029,15130,52093,59261,63051,23119,79001,70404,59326,57468,95074,02299,02103,51484,29234,45320,59546,68078,25300,16398,51442,64218,73282,60616,55263,55462,74127,46127,95328,60045,58004,89369,52243,25285,54483,74170,74198,51191,74076,51574,18252,10098,31526,38047,22256,59337,40274,88276,04027,33418,63073,52503,85198,35315,91041,02516,60561,58053,25401,87001,43220,77221,56202,14461,62587,21537,80103,43244,22283,64056,46010,29075,62201,10178,17155,33384,39497,17127,68356,29041,43265,37052,09152,21459,89124,49002,71089,62823,59381,77528,82139,54129,16195,21592,31345,57052,62161,71218,63167,15269,47100,27511,08039,65035,57309,42031,76383,08115,77512,51433,72299,30266,76741,09158,48079,74029,38288,80048,03103,04067,27106,10049,12037,02497,09225,57456,15012,25308,51124,67315,63126,49339,76548,63430,40126,07192,69212,62115,50596,25088,79197,52326,65297,61070,25572,55299,43067,10095,77163,65284,08214,72356,34315,38144,09284,25392,44138,72257,88183,24064,37216,65198,26172,71562,25378,85178,07280,60077,94016,82150,28055,52348,57656,43103,35219,48002,62638,29288,16197,28189,08372,61143,76023,76293,31241,88194,33309,72145,66034,27577,69261,19128,73254,32301,27397,54249,08449,63335,54144,69269,08180,55097,25499,52064,16213,62693,51122,22308,42123,12033,05107,13203,74071,58070,58200,32403,27569,46241,57541,56238,14134,33405,57159,11148,73201,02667,35157,73022,02704,27610,08431,64423,33482,32336,27241,19143,03138,21170,35325,36207,66130,2A278,65062,02175,77383,02636,38285,55358,88477,32230,33144,76647,57661,60253,41229,30162,31161,71103,2B307,27171,45185,25147,46215,46074,62252,03062,68076,17286,34091,75103,74190,26242,67177,60650,10081,23042,26232,38332,66040,88190,14334,88149,10146,39330,19036,39066,85144,76270,24232,14408,13074,2B221,50639,83149,84074,59603,28322,11007,21227,45083,41251,08211,67309,23054,88481,37116,78124,08176,71363,51500,63269,2B355,62888,89010,29131,80302,47103,57198,97210,62864,88044,59206,57044,28353,03130,54060,56053,32451,82081,30016,92047,74208,76062,28169,24163,58176,10348,68213,26013,2A266,59178,23262,11205,80793,59394,40184,30285,31061,57441,70022,60629,80525,38091,41063,63161,32085,11167,24471,31144,78624,42247,88318,02152,66033,2B123,89346,64062,03214,21407,35222,76377,59568,01386,60161,76304,08085,80604,26196,77075,03281,42101,11198,17081,75115,57697,64313,10302,57201,80582,33529,47058,41259,02210,22024,54391,52208,34235,50562,21270,76480,81266,57602,57410,76535,47047,32051,89183,14512,63392,18287,01362,74065,76251,81165,2B162,09325,02488,43232,60009,89303,30097,21313,71213,51581,29074,09013,02327,24559,17070,62899,02386,62002,2B007,47131,01072,13102,60508,47154,10210,44187,52301,28414,09016,70098,85086,81071,79120,88524,54534,12060,66117,60351,64314,02495,03077,47290,26138,55215,14329,88140,65189,35174,24519,40096,2B226,78220,43075,63442,67531,38074,80618,65336,81258,91103,88242,17050,79161,51410,45263,88324,73138,62392,13052,2B219,66201,65448,51007,82067,80062,73245,26063,74160,62483,61227,76069,29183,71151,71248,80285,35093,01261,81308,72374,39130,57006,38515,25022,40047,73329,91272,21187,59420,30289,77181,86077,64065,26003,59665,59396,35309,81077,14258,25349,62379,74041,52433,41074,30273,60472,88202,14759,56159,83085,25491,02111,38157,27210,65068,66161,09075,80697,52204,09046,62671,52534,80216,25582,24153,34161,50531,91145,17302,18031,16181,59270,80268,02717,01448,38198,95316,80326,12303,55487,02265,40187,93079,36171,16209,26152,74044,71341,52163,24146,40275,67050,2A048,74035,74105,54358,37192,19283,65097,63260,02736,21312,59168,34344,83042,67468,95144,65243,08397,89131,32140,87011,06107,76744,37155,37212,30271,21636,17069,01305,89205,26382,28260,50413,91479,58228,85012,60562,51444,40209,39271,71119,24313,76172,68103,34051,38524,03128,42307,80741,54137,80474,57314,80146,70060,68183,85211,71430,40074,2A269,37233,10224,35255,16423,67108,56165,33307,16178,25122,14280,80114,22106,05146,55080,38535,50321,62810,57601,15028,54579,76474,91225,80381,53276,47246,53079,07169,88249,02043,34082,40213,24194,14390,07186,76622,63220,14400,69198,77202,69258,64138,51262,19098,65103,38388,43088,36239,06096,31537,14716,15052,25510,60534,76688,53211,80362,72275,03060,70219,56040,21480,63340,60007,54398,38492,25607,77111,57476,52074,25389,16005,16390,79283,77332,86118,60449,66049,88186,64075,19181,28268,76567,62258,79130,14358,08339,76556,89328,51132,62508,11323,27095,67076,23083,95428,80558,84067,38226,47090,90088,63154,32279,76228,89382,35017,22045,39042,69134,38237,69153,54436,36212,11290,57678,49378,67121,65091,30135,50462,09066,82088,65333,95141,84076,26352,35283,33260,52543,70077,47089,08210,08202,97232,28036,24491,12154,2B069,32438,22316,72243,76263,08466,37147,44220,89223,61100,80694,69160,77354,76669,36138,60582,08477,08215,21427,69287,52453,79084,85066,77016,80135,54435,60421,45110,24546,35035,16221,77377,51409,24236,09042,77137,02728,70155,17209,2B210,76656,80144,01193,60216,65099,64525,26052,35181,88427,76716,02004,79281,62747,80733,57687,35205,38540,54140,10177,54324,57097,27065,55514,25541,66182,55168,01111,24188,86128,25254,62544,62713,70089,02076,59641,31521,62099,51293,80006,02517,80307,41008,77356,38001,68093,52001,32465,76378,17190,40229,51136,38186,88365,2B149,11159,62579,19264,07232,67274,51051,67234,35277,21581,18286,41041,23063,65073,86275,59389,77100,78290,71155,36244,71181,54378,41085,26169,97424,64103,76171,30299,79127,14530,72142,77306,42192,62158,38155,67105,13066,74140,47281,53126,87016,60614,05095,47007,85126,62104,24331,65447,01053,44193,73220,62374,33468,30325,17402,33300,63206,64427,07080,92072,49292,88521,54237,80354,19093,77462,27694,57205,08139,38132,24336,62096,85245,61492,27548,39470,62003,17118,35262,60680,27698,59273,40138,95572,35184,55117,35107,12267,67104,30220,27139,77521,01051,02398,37010,25112,56141,31352,59244,26166,55261,28265,70127,25012,34117,95151,33511,39574,27641,73131,56234,62082,60093,97105,09148,16042,03185,78194,16203,41140,42048,91156,73197,79091,76582,43070,67333,88297,57348,74036,32406,65038,80428,29064,54148,62056,72372,88145,31132,2A065,40242,59237,77047,53151,71534,46187,12102,57360,88224,32058,65004,14088,77076,80017,64236,54046,10208,72379,24396,25189,54518,77451,45345,26128,70353,32313,71411,21094,12264,42274,22257,65037,67151,36148,28102,18261,16413,27033,66006,70531,65324,42206,41058,29163,31465,27631,63273,76757,89479,19286,77258,72146,36139,33193,42012,54016,77008,2B251,11184,73106,77367,57048,07197,78030,27213,95563,58203,62327,39342,06119,58271,70348,24096,43145,27019,68127,77281,90045,80719,85033,51088,31166,08370,34216,47129,56191,08182,31090,54286,21464,29061,51341,35014,23246,54111,32395,66022,2B350,03076,62297,71533,88288,54377,56201,02561,62512,71278,41136,21150,59202,27289,38090,23021,28075,65211,59507,95054,59508,68371,19068,36113,65426,2A270,08034,95139,58163,71016,42290,42185,18020,89212,95301,10077,33178,11246,89287,70003,62728,82167,38386,88125,80201,12034,72342,77034,88372,12157,67131,89331,69136,89071,14619,07063,59257,11136,38163,55102,34303,15056,36132,52125,91148,70504,26035,78311,28426,85022,2B059,24115,86234,38018,15243,58010,80635,59015,41103,60459,42102,22152,06111,63116,85264,03145,63387,89033,24029,02289,80123,59666,14322,06124,34166,21387,78224,61077,32162,61487,27226,57636,46032,80292,25024,26378,50200,57488,47191,78531,49155,67451,17258,07240,83054,55581,62028,74030,14150,14006,40268,51299,45113,41022,76253,47252,17153,86018,76271,21363,69181,42199,11014,54240,64321,62081,74259,25181,14630,08249,44113,70064,08110,55371,80550,43034,65381,31489,79088,62386,54091,62184,17180,41206,65384,09136,71105,55474,64389,32292,73001,48137,89012,82083,90082,79294,66185,73183,03274,34144,48130,41046,36076,21374,02429,49064,80139,91137,35159,80205,32139,89200,60550,59427,27199,51590,16369,33446,27682,56209,39058,31472,78368,2B050,80155,13213,59284,04164,80466,50519,12215,71372,23145,65191,2A130,14183,73162,31042,69215,77403,38277,64073,47054,63301,67067,33089,87093,60578,30168,91106,72249,52220,35194,79123,16281,76467,05016,56236,64287,66172,67306,48152,47132,80207,19248,32134,93049,55463,69149,45130,30153,73248,21070,53256,52284,38527,69184,57320,30151,38378,70031,07037,62369,09187,46209,63193,65459,34168,57390,16015,02554,02240,80044,52101,55470,91248,85076,82052,16285,59667,09260,74155,44028,85014,68234,35306,09300,66079,10272,61145,21339,53246,2B344,09089,54005,42077,69163,14281,27617,2B263,86053,58083,27177,32323,44049,71406,23013,16131,97101,31390,77262,69385,29021,36153,71524,40240,81178,31094,90009,94071,63285,31342,25244,27477,54583,53160,28001,59299,05179,35294,62496,57208,51322,02350,93050,73286,60665,67448,02095,15225,60006,86290,89335,73156,51487,23077,49326,07161,77243,16316,62598,80606,12003,12161,38286,56124,88505,21686,57176,58044,59358,57505,33360,46049,60522,56186,01399,80360,54541,50423,55465,30234,77087,24225,47171,60267,81199,22069,51524,51649,81198,52179,89209,52416,66030,66027,38066,70132,16008,39514,02571,70001,55403,56020,32418,28028,60663,52429,59016,58093,51415,25618,72341,03310,77198,37262,62370,89102,77015,51070,15234,01127,57338,36225,56036,86061,68357,39010,18134,02179,21633,10023,55082,43253,32387,51212,85070,61498,51378,40117,40110,81020,40137,09138,87034,70010,58098,97103,54493,64085,48032,51545,12011,11259,52336,10155,97221,12017,38416,50059,76414,80540,53114,33480,21126,23157,17003,79025,47309,88468,22340,95491,31159,02048,79077,70499,59480,73119,01232,28177,68034,30086,58097,46116,04211,37256,76175,53059,33108,01317,24429,76198,51242,02615,62564,23059,08065,40224,49373,65014,77183,84045,63393,51634,10079,68358,76084,02369,18128,35143,50563,57162,28167,29094,07018,71453,63036,63284,59573,40199,17183,83012,42231,39378,39111,70028,76309,57345,59557,04175,42221,2B319,77150,65360,51377,52056,71237,19119,79090,88499,90060,54416,26344,52353,69155,89181,48097,31126,65469,49359,01376,61095,46119,24487,76357,64444,28364,89325,79158,60323,51196,47107,31437,65418,36087,76495,67051,50038,19130,32350,57643,16079,46338,02565,85018,35196,11019,55414,47235,80453,68158,08291,67320,87204,16107,51535,55457,70579,32226,42097,76029,33404,34254,38059,72050,80387,80755,16139,57634,67245,46031,88126,56070,47105,25094,38531,77061,13078,41037,76489,79270,51270,60379,74090,33040,26262,43138,37158,25458,19052,34328,25232,89313,59494,01398,02238,45158,47155,12103,64345,62145,24565,77466,80015,46310,86006,36223,55050,40307,73253,55076,25036,01272,57535,78236,59622,27593,81173,46332,51246,55381,31082,63004,70159,51498,79276,64534,68232,41177,60055,77312,21472,56087,19141,79079,65406,89095,93064,07228,31235,60686,24098,08322,2A117,63458,02391,90020,44134,18281,71057,69087,02478,45107,10364,77449,17366,31193,76434,01447,12294,46004,60142,30156,58251,80241,2B190,91687,31482,66056,16099,28331,02057,2B250,35264,02723,62897,43141,04045,80133,60369,83090,57483,45115,60444,22366,33124,34222,16370,30057,77376,15070,40227,81053,61124,28187,12269,77040,24010,08278,26379,25443,69168,79153,18022,62351,80283,32146,35355,46113,35224,31129,21431,38211,40041,38438,05164,62407,19050,83025,41231,02765,01365,05058,25331,70063,27440,02272,12022,15208,11204,66204,24212,32081,71552,38445,73071,57648,59125,14110,81022,02484,42257,22328,86271,55207,30248,76338,68064,80240,81135,21033,78036,17464,27412,34055,54330,57560,33314,70400,02600,39571,71407,84024,08501,68327,50036,65039,11292,12174,91215,49080,56019,55472,83115,52274,48111,57653,64094,51563,76755,87081,81244,57749,03002,18116,25627,26269,25287,79013,09195,76569,28134,38448,07305,57698,71187,21323,28383,10419,65335,32114,64362,02745,01332,51055,22049,27334,32396,50647,65343,55226,02354,24432,91473,58128,54069,15013,45285,03191,41129,40023,76438,62094,17061,91390,62877,64465,86135,97134,01285,44142,64095,24458,51022,47036,28248,32333,85158,80365,17002,15218,18240,13114,29167,43264,86047,39367,24301,67004,50443,80078,29110,68284,76048,71007,71025,87119,33321,2B167,97307,01233,76162,33509,39449,76533,62321,42036,77294,11175,62826,21477,01194,27035,80342,43073,83039,36107,34145,04079,68016,32352,63104,11266,80769,10168,28122,51107,76630,29263,59560,38431,54299,39349,67173,79129,66227,38244,43206,51502,62546,74091,81235,73164,46017,05151,71382,05087,36112,02468,12055,32075,70277,11308,47015,19168,26047,02523,31492,47147,46060,50336,34237,68336,39397,14557,80410,14713,10283,46088,57393,25253,19017,32262,86225,88331,26054,24244,10135,78077,02486,02139,78264,33330,57576,61263,11013,85146,34240,81051,68279,54255,10109,59036,80563,17242,10440,73121,21143,76281,60681,56084,26085,60353,88240,02341,51238,55085,33537,74283,56223,33050,08487,37024,16325,04159,29053,91412,12065,62767,41097,22377,11060,61394,72085,91519,21383,2B084,38294,41228,91374,46086,38199,77021,80336,34194,34025,71360,74171,08444,32019,41164,63111,59660,45226,62455,72358,39219,31200,24488,61007,29017,02049,25436,54139,76512,68038,58223,08200,70573,15223,25563,02101,15045,53261,66055,51222,52449,77345,16252,85210,17451,33419,39206,47101,58142,71270,62012,11037,95181,80234,64353,82017,57362,39079,22128,65332,19210,88523,30176,30296,48171,77303,2B116,57220,28319,31188,19139,60401,02687,76318,59311,62180,02097,29034,67214,67239,04183,67134,54589,24364,81247,37269,55192,65222,11138,52421,01069,08334,60127,51164,56066,64292,63105,07069,80196,61076,62422,64274,41120,11256,26346,59175,48039,38147,95365,37280,37248,52013,58301,12018,74296,49288,59047,02744,90051,11051,2A253,41168,52438,80211,80105,74153,38345,48036,70008,57166,76063,56243,06013,22207,38087,80149,65225,80324,70187,21685,64260,38325,70480,90103,14378,66001,68344,19262,17390,63022,21651,82117,63042,33464,55518,33220,55298,65170,71245,37243,59619,28039,64342,76297,62187,67123,60592,67541,10105,46227,41179,86079,82163,95348,29298,27481,17353,51228,01058,47010,2B214,50471,54538,64032,88366,30081,28072,50084,10090,32091,39339,38391,36208,69157,38146,55268,11369,59535,50304,71174,21052,09306,60452,83129,41222,50629,33177,68147,42302,36166,81032,39061,09169,21501,22063,80029,2B043,23261,05170,82086,70254,16132,10284,89360,87188,72246,14179,14640,91111,59649,08169,88343,33492,63348,97113,30092,29196,16399,97202,91411,43112,31416,78343,34053,34042,11363,28363,74179,34031,60238,25514,70542,52362,27291,64237,70413,65354,28242,66128,07234,13007,39401,32125,28261,90030,62234,66088,79029,13080,04005,56167,17111,65012,74225,23101,63038,78407,66199,32362,16361,71554,60321,71527,68191,31282,70221,2A094,84009,46191,07157,11069,52175,31373,08196,80682,62350,54025,24027,38240,10070,11300,53040,89404,21050,51597,09057,26115,69071,65070,31487,97120,55208,38039,66046,16283,2B245,64344,17448,48085,78072,39070,26146,40310,24324,18125,08430,63207,34271,59177,33062,17394,12179,17417,81271,17444,78681,71203,27251,62338,44148,16404,28071,53069,10200,88086,07295,64183,15176,33113,21502,70459,80710,35079,95489,81048,56118,93015,08205,13211,43261,44136,39305,24415,45237,11045,77068,60130,86076,24466,33076,83036,11195,49381,02260,31232,53101,51537,62574,31434,37083,48139,13054,05160,28344,18035,08122,19256,32285,11270,45206,81252,61225,59608,87100,35151,49100,34221,03220,62032,06037,90055,60551,57368,85080,69110,64386,32073,60504,80138,23123,18177,48103,74067,29100,62751,10411,2B148,04007,27525,83023,29248,25214,54241,48030,26028,39463,11420,63256,40058,89173,58103,24247,50042,15113,71065,66089,71067,51660,27277,28209,50275,62398,31299,14137,53041,31457,33296,26020,12249,57262,97358,32286,11152,09233,62200,69143,16227,29213,85089,28397,28254,89044,27018,08468,54519,65138,68039,24175,47249,71505,03096,60469,64255,59118,70076,31285,59353,31099,88143,67113,32155,33007,55110,53086,82001,67242,62797,80688,62179,77214,76223,40077,15142,67520,16047,78418,02563,39324,59116,56263,51104,51182,59282,45289,04042,39017,62262,17343,10097,27258,34308,39366,70120,23011,80458,02455,67031,40139,32429,37177,27017,31319,19086,15220,89036,10229,63435,51452,33334,37175,02499,54224,11072,10138,70462,14559,27590,52273,19173,39247,12029,83078,71074,30065,56060,41275,47152,17468,18115,67107,94015,37108,63346,2B107,54427,34234,50552,35299,27042,02411,14449,12021,27046,53234,44146,62311,70095,71036,53042,15268,77072,55568,24392,46295,05159,11088,58155,25192,89461,24230,07258,38303,42017,57008,46340,14024,60386,59324,68134,32231,38029,77193,46219,54056,51243,44172,80553,63372,88008,50239,77030,51291,08384,65024,89446,89130,40043,62203,42116,10328,34282,35288,22008,81224,41142,70469,14375,16057,11296,84015,81126,72044,06046,88172,63024,80438,60075,71222,57179,91293,71164,62077,72089,87053,55041,17478,25176,24040,59428,27247,57764,24161,89423,24113,52359,64098,38034,11158,39520,43072,86175,13201,67453,42242,33514,25283,79103,01244,07276,02809,62669,57732,68025,09130,71158,51172,54329,17080,25186,31210,42038,39086,50537,53082,55084,25481,62171,47124,86073,24462,30101,62016,33505,60428,62881,57502,47005,59139,33190,21346,64155,60693,50463,91021,07307,29125,2A351,25279,91204,37200,19134,30214,71101,50467,35012,04143,17270,82168,63401,74109,46026,21093,03133,14007,27230,70239,80798,44029,17243,43087,02270,67331,27335,36154,94054,72152,35272,31496,95051,29290,42098,35242,12244,23227,15119,52244,42236,42131,80282,61421,07267,2A024,71436,02501,80187,51079,38432,90017,45249,10360,05081,71281,66203,06087,08323,32040,26107,08101,55410,21178,36130,58296,39551,18170,72190,23075,52124,02119,39147,88301,21535,70564,71519,2A001,21384,50495,80770,52275,52113,32455,39460,80038,51325,10151,71001,48150,43037,18259,32358,63268,63457,78608,37266,23208,60052,95088,44119,57581,77227,41109,38335,88012,64559,85105,15004,38238,59539,36020,27433,70540,90093,93051,31051,08313,79008,60243,37132,86022,89141,72235,38133,25326,27112,80164,73052,39154,64484,60150,78168,25434,68368,2A300,41282,68365,58188,50129,52347,27602,41146,31545,51095,01411,86239,55134,28090,86227,76401,70360,71006,60308,01382,89034,41084,60671,30243,65249,46069,78644,28047,51483,63446,27486,76008,56017,16146,16269,28176,64405,83069,02190,77438,09014,66151,33233,43250,51141,23095,45322,11064,77388,76060,14528,17447,24371,70040,32200,70395,77341,14124,02731,19159,38417,03059,42118,12286,09330,89329,56264,06131,61331,51336,77304,25163,47092,27315,70056,72147,42289,77005,25198,44095,30267,84129,67353,66165,62183,51027,15169,64317,04122,89014,70376,21378,64448,69124,39024,51324,77131,45096,93008,88356,73274,55100,57053,24032,21276,47110,78006,41235,51265,88257,59250,35177,10367,80310,54038,85001,63142,36248,18010,24209,77197,81044,27015,76273,49220,21652,57027,62642,90057,72031,37167,50571,50029,05071,38365,21469,01034,10231,68354,11339,41057,27504,69004,27002,68083,08331,80645,64117,40020,89163,24207,82166,11169,15092,52384,59204,76541,08306,57231,05135,59087,63240,33333,52510,22331,44214,80191,24587,62236,33086,60587,52290,54569,01175,32029,15060,2B112,57537,28309,62477,57137,26341,72362,57381,47062,66037,01408,83104,08044,06117,31121,27442,51429,16070,95582,62130,89327,78013,28421,30245,10238,54205,50577,01041,13034,02599,12049,16338,82073,77235,83020,58051,70088,33253,37031,51572,70525,09051,76289,21064,88011,69386,63151,10298,03304,18285,56197,16204,03179,55023,73072,32101,02506,93073,10128,07191,26279,01129,50511,61266,57532,61322,55400,51511,50412,79196,38077,39188,55433,77031,24581,66094,51071,81127,55386,60217,16240,70211,65361,24460,61152,76320,84016,29178,34038,70291,88054,21072,10194,21632,71509,23130,65126,52099,15083,61429,33303,76141,73308,31248,31343,63119,26174,95637,21546,37001,44026,69250,08128,68089,60466,91274,51305,47035,80407,40221,73029,72382,10388,46255,50517,30037,02080,08014,50419,80657,12134,88124,02791,65125,70541,26154,21304,42205,71148,58135,46263,29025,13006,45256,09206,21239,58078,39575,76442,80774,47318,08361,52023,16286,26081,31550,30242,39392,53094,52486,59072,89320,81137,27425,40148,84128,02469,2B170,09331,76571,53103,55535,88017,04091,52511,52127,33299,53156,04174,43132,25172,76197,51602,09268,33019,12062,45298,68131,73109,58275,40039,51137,60440,57405,76473,12250,36169,71145,09316,78164,79246,50523,74139,05045,94001,16095,27431,45326,32055,02039,09024,51329,2B168,47214,53193,54593,53181,38197,11042,64121,26235,11061,51656,01390,23254,35135,25173,14042,50518,54537,47312,12242,66047,78397,91180,45214,61117,80787,03146,82076,26380,43015,56008,19024,23033,22040,08436,81146,71431,17481,59009,59607,24554,01049,80406,77133,07188,87162,57019,76462,50576,31083,15163,67202,74049,71066,72054,54022,65046,55394,80467,08262,33457,47135,32184,17408,61021,21716,02623,33109,39280,80194,59170,56071,48073,47121,95355,61088,24339,65055,01274,39121,61319,06138,25082,38011,70374,89333,31506,14146,25341,77526,51192,33171,33185,68322,35282,33278,54270,81121,58205,66196,25220,80417,80801,81168,76468,33541,63318,65082,16419,60445,58150,08124,06156,22153,83154,50197,57464,88373,10334,76099,93047,59189,03197,74074,45154,14194,24572,28191,38284,15042,70151,55200,21711,02763,24293,64028,63292,28166,70350,57366,63163,19172,50389,25050,65267,57175,95026,32056,82057,14665,21688,25611,89199,61269,01323,66041,94059,16412,70407,21351,80415,80079,64485,39274,55211,58081,02813,16320,87106,73113,14180,39501,62284,64558,59474,68230,35001,85194,39227,74043,82160,27627,19034,15007,31021,56120,06034,70474,49070,57230,77245,80668,14734,68168,67066,57639,59212,09178,25266,50193,24052,62697,62788,60596,76682,31556,38190,68102,08454,26140,08026,15131,36095,52040,11105,11150,46144,51603,76390,26068,77359,81138,17218,35278,64510,45294,76373,80357,88451,59578,48007,85286,17282,59321,68311,67525,46012,82014,09070,02685,33053,45134,33152,67321,40246,55423,31464,69032,84117,36146,70023,62661,37219,08062,08492,26149,38160,72006,83015,15036,21544,43171,62433,51249,26245,25424,21717,78478,38175,62084,47012,53068,32190,80785,24558,16164,43203,38092,47046,2A160,02524,36058,86249,66233,01371,07325,55216,40006,02198,80408,35183,59274,29059,64471,51008,30228,66132,60272,62196,27455,26227,78423,31435,12090,12266,32447,32408,46220,68251,79350,38331,03268,16312,52405,86040,03132,55559,04107,19161,60427,51061,57657,01325,77174,64203,47193,27521,72096,37224,27463,02642,55526,88508,2B230,08027,74262,50142,31474,29256,38099,54058,18172,90090,55449,33553,38106,32374,62458,80351,25336,60634,60249,33525,66168,51301,57117,62709,68010,25508,50365,06078,06150,77417,32217,08433,59021,89092,35122,37202,22244,67186,25175,62902,33015,01157,56001,63305,38453,45217,80219,85181,07077,07151,90077,38283,35357,16122,09143,55104,17407,47099,15201,70188,57246,25476,61389,89341,60086,21516,33291,38098,59013,72115,17213,58130,62454,95592,54499,16012,62406,88367,27434,70054,59634,71285,87203,37261,66123,60144,24540,03102,72220,81122,79156,77144,03098,54120,03305,69285,65394,49367,55201,38292,49135,57465,07118,21128,21137,69246,50198,17174,35025,64399,81284,22095,21514,55452,30189,69183,19179,11020,64027,62204,25612,21272,02385,07002,78140,50151,59018,62498,04189,39557,54362,07051,74306,54485,07314,25201,48190,42312,29243,16415,51158,73230,88243,63232,24133,24273,52038,14370,23258,28051,04194,76212,02555,45234,52457,88223,55096,82072,25210,52051,72238,2B224,59140,14531,10026,24285,44031,88459,61029,24076,44196,65445,74242,33104,58221,38022,25561,45272,87147,18005,26337,29097,02267,34048,95197,02236,60203,47208,28300,50026,02798,35070,36137,44137,30077,77085,77088,65383,10162,25164,73020,43043,55482,07293,66125,02262,51514,04095,24126,33263,21243,01196,59499,60334,27180,68207,32042,03174,77318,71003,54187,66050,25359,53175,02177,57752,33436,27460,72075,62018,21134,25030,71039,68066,63234,30123,13101,05047,71351,07036,62220,21562,34012,34019,67324,76117,44211,50144,90004,62087,79118,17310,27576,65452,74302,14367,31289,23141,76190,76194,53154,11100,56122,86160,45178,77265,61026,85220,33507,02579,76620,60441,12184,54318,22030,09064,77080,83002,62413,2A232,36106,57072,52360,37246,22146,85111,21634,64126,77402,11294,24051,16018,76699,91593,2A056,43147,68121,33389,80805,64472,10094,71228,51470,02423,26136,89314,67475,35234,41163,82136,44165,10131,85071,21316,36047,24004,71060,41191,67147,87127,28401,07211,87089,72158,27256,84144,36203,02313,47198,74232,28395,70487,31271,67377,54040,29022,72286,77252,70192,60111,31038,19029,14448,81197,86222,32312,31392,23239,18248,22248,77390,50554,23051,82125,88015,42286,03219,62882,83065,73057,38108,91131,21177,19246,59661,26246,02490,10106,36079,56129,33151,24295,42107,08259,34015,58067,03085,32129,2B364,34247,21424,32228,73320,21160,54001,24434,48034,01036,59359,53140,22183,48027,19188,59302,25570,62490,25166,04244,36124,11227,58074,09313,10405,69017,61439,41156,56242,47048,85185,57199,15238,76638,80607,34034,08502,40330,01457,88376,63055,17244,12191,82195,24468,78647,28175,17192,32035,39184,80383,54413,64110,01145,62762,02379,17185,19121,37254,34079,2A040,38150,55067,39207,13103,52043,01263,09018,17078,50167,09110,72062,51056,76094,26317,47194,59330,56181,01415,62371,89283,58076,39502,47223,02173,58238,60319,55267,2B243,87083,34311,14078,51436,21583,84090,72112,64547,17364,76712,59079,78575,38444,2B267,67176,81290,02234,77249,62381,47264,54461,35109,74096,02759,08045,60252,73294,24137,36177,17470,74145,27349,03169,2B299,59354,34090,95628,04031,47227,55256,60458,56069,86074,40206,38509,53253,06083,58215,57284,21549,81144,26290,69021,26089,51294,89150,40085,91135,38366,80083,82028,47063,17276,16160,33221,02531,25086,31470,57177,38217,60507,46080,64201,29208,34249,08236,11436,31514,45224,89426,79310,60236,01441,10143,24577,89310,90083,06074,51370,66021,50478,14380,46114,16232,85250,62737,39400,19066,61371,41273,29260,59601,71231,21597,21069,32250,2B297,27187,81248,62402,67290,27518,21679,24213,71373,07081,76076,40118,87069,29262,77050,77300,39361,70165,27383,59210,10166,53192,23232,64153,93057,73168,39053,31290,57572,70552,48156,57546,74223,50594,37066,24043,11257,05012,67466,89221,19003,16306,21124,65044,45051,54082,57723,37103,2B095,80057,46037,62334,35040,57630,72281,01092,19234,01306,06007,06091,09184,39138,29113,02118,97231,89318,27350,25162,64390,29236,81230,69196,33366,68042,63419,37078,01368,16104,10368,14290,02038,26179,43079,21095,70085,54039,70339,72330,40228,71387,25404,30276,01247,17336,60116,62848,53036,57119,32293,09118,64385,41067,36198,73227,07185,26017,77518,10184,04088,60454,36049,11146,11009,24555,39112,13088,50347,31002,88474,10301,55344,85083,89063,26006,45209,71504,08310,39426,39051,91022,38259,58182,11134,62596,81145,63176,42239,14193,90036,50473,07190,46230,57737,80380,21704,27700,34263,25495,69209,88173,39398,62256,59017,45156,29015,02413,2B074,56021,91393,86269,67257,88399,81179,50522,24094,49306,50210,77103,64417,21645,78050,62280,25449,04059,65347,69249,78265,61138,21275,14439,08357,94074,16151,03236,38539,64438,52169,49347,51630,47306,76754,38263,2B013,23245,88386,70018,22141,33424,01170,12091,25087,27200,62793,47011,21619,94043,62313,82069,29082,89170,19276,02054,31060,43140,35086,57372,70359,10147,42160,42181,21610,52085,73114,02464,66048,64156,50541,54032,55122,10263,42120,80521,39535,60536,62871,01023,62643,19251,54080,52289,52069,25281,72102,33372,29032,31436,04120,31488,01124,03150,36229,25299,45264,55120,11394,86092,2B183,52440,33542,40167,12140,73176,19206,60046,69165,36062,64508,88260,16120,76070,01249,38363,68012,32424,01335,53152,51589,71553,33328,81019,89020,49283,66098,21009,83122,28368,16068,79135,51150,60521,71321,80570,51318,44145,62092,30211,17100,81264,19178,42035,92036,2B034,28403,43003,77529,68280,11357,41286,60703,55503,57341,27077,49188,08143,91399,84093,01280,64195,07268,42165,17004,50493,87187,89009,79124,80208,52237,35291,14197,39389,73087,59572,40315,76317,53089,31356,2B361,26261,21259,07335,21234,60145,02441,46170,80195,30324,07059,59150,21575,68330,13023,28380,31019,16049,2A144,93027,76658,63148,2A108,02608,24269,65114,32303,50076,62399,81101,37107,64431,57174,43214,17172,01012,14437,71332,14218,10318,53093,71345,83138,51199,32087,63282,02727,52456,31213,77437,64271,14005,45127,54149,55366,60176,18044,62151,76327,08020,70167,31577,50512,95323,69008,18033,10065,80646,27249,18049,21386,66111,24360,17032,27516,62838,27420,61081,29255,78506,64014,60473,25015,60207,27426,51059,27396,03008,89186,71421,76396,45300,19255,70057,27392,27469,01195,86069,59215,58047,17194,12107,01425,34065,63410,78202,87142,54365,38485,39060,51600,37193,39550,78557,69113,58302,76511,87168,18107,77078,70559,46235,36209,71120,42015,62904,84062,2B321,29049,2A014,89393,52102,15129,12043,07129,86150,77250,62573,52130,27589,71061,18284,19247,07024,51230,53271,22285,21698,50335,71142,40326,02734,51625,51496,68320,15033,15076,59303,77253,58173,24276,60585,16381,33348,21186,83088,03284,62419,12071,34150,07171,40019,62221,21371,01076,54402,01231,89089,18069,54481,57440,31431,35104,51515,27193,46013,11102,59379,27163,03143,95680,63196,28007,09159,33502,14394,84135,87199,61267,62331,59595,42249,77469,52228,57101,32070,73122,09134,58253,31368,27028,61360,72093,62325,39105,16105,08013,83086,2A022,57525,74019,87082,28183,89042,61217,70314,15057,28185,47258,02079,81321,64499,54571,34060,62451,57136,55244,86213,48153,80523,43006,01320,21542,17041,59426,08486,01108,26056,88148,79128,76385,61472,78245,29042,87131,58092,67445,63050,56188,68242,34220,31111,62063,28389,83075,41276,38561,62820,02794,49161,67112,16341,89469,53062,21696,09090,77357,51430,47113,34296,21197,65283,85280,14009,46108,87028,11325,56225,39255,33416,54031,70036,26097,32203,04171,02399,24234,2B227,10387,67077,08144,56157,11194,25411,27267,22182,76380,57612,42280,77427,63406,77321,39290,36219,81228,21099,07173,05004,50626,49362,59657,23203,78117,67287,45040,59113,59606,80435,08099,67412,80812,18269,02569,37060,76176,50208,70317,77093,33510,47189,06041,38343,12009,63010,86087,31338,09080,08346,90007,52076,45170,38308,31364,68194,24144,05061,61390,58217,26065,64519,11263,31127,87062,45166,18165,70204,17229,62217,81306,76472,14635,72041,83059,33318,60583,39543,46133,89458,10262,15061,02788,51174,76375,29168,91045,46320,74295,44094,73006,32437,72017,06082,73054,78576,33378,50509,57428,49336,85288,62867,66156,55575,93046,73025,26100,70294,45135,26188,16241,65128,21340,01421,80433,73007,58045,64294,30212,25355,60423,08218,68374,46058,04150,76486,72177,67154,50643,63049,26164,21147,61459,2B218,13064,2B106,22042,63082,15072,63450,54363,64099,06012,11196,11434,74021,57324,40090,38521,24022,17228,56018,11186,60219,77472,58009,10380,43060,11202,66019,21510,71402,71541,79089,39441,13027,55045,60151,39261,45076,21308,66147,25631,22166,60348,86090,65092,62694,07141,66016,27147,52459,81061,02634,21594,70244,88045,52189,88001,31125,02570,49267,59505,82045,35033,11341,13021,89324,60287,62494,95604,49338,62218,42020,21456,15247,51443,32460,34227,71073,71244,89125,31337,64251,08156,85292,72267,84064,08158,29023,52167,57597,49329,82193,02719,33251,62768,79355,88227,37111,79284,25487,62174,16035,14374,35172,39040,33127,07248,10338,21082,28305,08160,48071,08282,04092,33149,27587,27284,40212,66222,12150,08324,85295,22075,71185,42318,34089,25029,68085,58243,13045,44139,72171,30043,61316,54312,27570,43084,03081,50156,89406,66012,95660,2A026,76726,59106,49246,24119,92032,90104,42195,60054,58162,32267,84061,23015,60296,52455,27181,57331,72329,61447,22364,2A021,87178,71507,2B337,62178,76679,28026,59425,32167,70402,07052,12240,71543,10218,52321,77489,06094,21463,70044,50049,15240,49041,27098,62843,05017,31172,18276,47226,28153,45218,59585,50599,25180,32205,46021,43217,21419,13028,43149,41130,59338,34074,51369,64016,63466,11002,58191,62538,68248,29013,14426,38401,14468,14364,03190,17432,62213,52432,12019,57588,60646,51060,26082,77292,77313,02213,91578,76208,71104,38206,49029,71404,22240,71517,37184,29047,24532,01435,41121,50110,63362,59209,62875,80223,54154,90074,21035,97121,63310,58129,36246,10308,39239,76011,93062,66216,23133,87129,09234,85179,27630,36127,62315,09244,25127,27016,27488,62143,80258,73324,58194,42085,27325,52115,10024,50025,02032,55232,59372,39489,60248,23143,19157,33132,94033,53051,63147,13061,33170,53224,60408,77255,72248,01080,80165,51493,03042,54460,39008,25453,02602,39455,09262,2B016,74297,77327,48127,15172,39430,49060,95656,86211,67080,70520,23182,27343,88205,19174,36094,95280,67008,51388,23032,62786,70576,59275,72131,24513,40116,50368,40264,63432,19170,55265,23140,43010,51179,16168,10401,59599,16048,62618,55377,11106,74213,23017,52197,37211,74156,94028,27338,58048,74131,24162,24486,22255,60589,21675,11170,80121,26251,81274,59278,27242,64060,53267,77395,72319,59128,89084,27684,12116,24067,31295,68094,54136,45281,57329,41173,80137,61392,77109,15138,22156,38089,72381,29117,85003,22287,11043,62555,30329,01308,21077,02245,63271,19065,11229,33269,26156,27218,59104,97352,02217,51326,26285,97422,21440,62457,33394,02069,48175,61256,38270,02110,40248,18183,25483,57479,55436,40201,14069,01113,23081,39025,54339,06101,54364,11240,31180,58180,83044,71079,61294,16153,67386,34321,26215,08309,57589,62736,50074,71224,52390,24472,10268,49310,34008,63293,26062,36174,72225,57191,66074,54494,45164,31145,73259,97605,62885,26127,51398,29140,65400,52172,11165,77142,70062,40279,80584,62044,88295,79210,50184,72157,02557,14687,76257,65431,65190,39134,80603,55225,35152,17186,80306,11068,10141,77268,02440,50082,35089,03053,23149,71117,57126,21230,68382,80576,24148,25467,34268,88094,32330,38254,06071,95493,39468,70122,33131,17102,64307,62645,87182,56106,72326,43170,87130,38425,39538,31367,71287,60180,33523,63385,29133,15203,27493,34335,93053,24069,21681,90101,30283,69126,77276,61068,17116,80804,67478,62319,39153,12175,73241,51017,17009,67032,45025,24057,76179,29220,54098,65412,23176,64160,30233,03209,57578,38460,89094,33207,73090,30170,05134,02056,43169,44046,64546,79147,39119,01090,69099,62328,08168,21111,67286,62834,02353,54029,40050,14760,33056,07304,80713,19177,49036,37198,61150,14735,32232,55335,57218,36071,46034,63311,71238,64123,54230,24006,53099,91114,63326,2B045,04132,63400,72088,02402,37055,67409,34208,89165,30055,63186,77409,40235,27130,87050,01078,87145,09062,38446,32357,23067,15063,60575,60119,59228,34134,11261,79308,37197,10438,88129,43041,71090,78337,02533,21056,57753,22373,09319,63353,39203,60336,11281,37213,37168,50008,62144,54440,30302,74100,60310,31136,64400,25552,19243,51632,91634,16359,52194,46098,2A035,39146,57178,64107,60581,35252,57446,02815,02712,86038,32144,87045,33420,34192,88051,62842,37171,34196,66036,15256,88517,54525,76343,74305,72137,64434,18077,21222,53164,42143,88488,38349,63135,24210,16337,61482,11389,25320,46233,2A158,61502,48086,42115,65376,47068,88497,11402,62553,30178,33210,62281,10342,80076,56172,02063,32133,71441,25536,76350,63159,67228,50182,10176,29173,60511,72339,89208,32031,37113,31326,12210,02735,48053,64524,02754,11015,57442,31477,19116,62326,58082,17112,16352,06065,63079,53077,08375,34284,89245,25092,76750,50479,28154,48063,35208,25096,65025,41215,39293,72161,59290,49358,66171,62277,80639,71484,64019,94075,57627,79274,51353,04207,35284,39266,03235,70014,59088,67467,18166,59050,65396,72174,87109,51206,29077,30327,63339,81169,83038,15067,41149,31371,58289,55288,54517,73083,60374,32241,46132,71208,58311,45157,57071,17029,25427,63092,25374,37087,05011,33486,16025,14174,57227,77110,95014,10037,26032,01257,10173,60480,62445,26031,09318,21612,43183,19186,89256,89224,07349,55572,62100,24316,47027,28059,56162,16141,85291,35338,62752,60099,19043,38177,55479,34011,19039,64373,14476,77138,58210,17154,02448,70408,53144,24349,03319,29289,29207,32131,58257,65466,72028,50447,37160,59005,49343,07298,19101,83151,42119,58293,60234,37228,16190,80460,33428,26148,04001,91080,2B020,59028,19082,24261,21254,88266,38459,95690,69121,54045,67540,90053,60609,21447,47126,27407,52403,64458,27062,67310,65045,88419,33295,18103,19108,14366,38525,73018,76088,17011,47186,05062,72343,02407,34327,46318,24167,80477,62528,67075,72331,72107,76075,95254,05108,65430,73074,57278,22003,61503,58139,40301,59440,23191,57317,67189,32127,65078,72228,60098,84071,51084,25062,86196,33527,47168,52222,03250,68254,21491,88516,40317,11321,62320,88022,21212,88293,80528,51160,85081,80735,62652,97133,28144,29070,57156,89190,85020,57603,10344,86046,71035,39576,21146,76746,27081,52090,62273,49022,10169,50033,22266,29158,22369,26160,61039,21538,05092,63008,54478,67082,39157,81207,24413,73299,44129,77496,32149,18257,33382,63291,47125,40223,76613,09243,74124,21520,09139,38429,78307,22251,42106,22178,88052,88491,56194,78586,23253,74194,10158,86191,78185,50482,59407,65237,63191,45329,42228,03078,60294,45284,88091,28237,60638,47069,16260,77177,50525,14658,26155,43233,90096,59651,54202,02143,2A249,57370,51599,67210,57374,85303,77118,56257,34041,63035,70072,27436,42150,76101,59382,54138,68118,62726,10429,54568,77264,31008,14282,03020,25502,52055,16106,65397,07085,52388,19171,43002,25196,2B155,60047,84133,61214,80088,77524,87012,76478,18236,44090,26250,55552,48151,08086,87189,61066,60115,08233,02274,62893,15122,39428,80740,10236,07028,14379,86173,07072,88020,33216,57092,42276,46339,95462,21591,65374,76591,43154,89133,11111,14758,2B280,49298,35145,60512,24054,25454,57439,63047,51609,42094,61036,68184,89197,11203,91240,51103,62613,59529,19106,03187,90063,03308,73152,02061,54105,50488,65176,15236,58268,68099,88344,08151,23008,71023,53238,2B241,36161,14681,68253,27391,80340,54221,63338,37250,23193,41185,21269,51066,02747,68273,36185,74066,39073,64289,62452,02087,01337,61053,66179,71582,32405,03087,54601,25428,40291,80377,58278,02596,57767,78263,30143,65391,02335,74142,14664,77180,53161,17360,71580,60114,68171,40170,87066,30307,25119,86041,04094,52393,41031,01103,57283,78281,44122,52514,08172,42322,12222,57236,16166,12301,34080,74111,04241,55066,22225,70460,33222,38298,59479,24279,89055,14226,50207,41178,88484,15027,16379,64387,54412,76370,38337,01267,85045,67149,74141,01043,28213,38426,89154,71124,35170,30308,47075,52134,16416,62308,02328,73187,30108,55560,27310,89167,76756,57245,63089,26278,11258,02187,19278,25077,60110,64239,17219,89248,02752,37058,29126,15162,52446,43134,52512,30121,76119,29240,71240,17295,40078,85213,31588,68295,65150,62089,11433,07328,67415,22185,12305,43257,80245,60092,21021,34337,71549,71130,38553,70502,97416,11409,84033,80507,67442,89445,58146,78334,89302,06049,38342,70035,95476,90094,21175,02146,26372,03178,28223,25310,81164,78297,23220,12160,02284,65253,81075,43109,21490,45122,03188,46001,77094,02287,69208,31321,77187,95102,03006,66109,87118,06056,57140,68043,77428,01187,42117,21281,38183,68072,45120,57002,79150,17104,95078,60100,43228,31073,45223,91421,65168,86272,13044,76097,60225,65352,45119,95176,17072,29085,01279,59558,08255,71499,49183,53045,27063,34156,21240,36136,67265,77127,41093,33036,25177,62515,16373,51162,62404,80280,07083,12145,62610,65380,30132,11081,51135,12171,57690,32027,73303,14667,11103,44020,10031,79342,73304,71522,35136,65425,35290,52135,35217,91186,64335,71515,19198,34292,58183,65079,59006,35162,22072,57296,40063,55404,25634,43225,12101,04017,2B318,07265,60683,31478,39325,18024,87038,55034,2A031,32185,95058,76221,17349,05050,38399,54128,31331,86072,23237,55002,65194,17064,32083,73255,80814,76213,54151,54167,31288,27323,59466,83009,33319,88502,35139,39381,28281,47018,57258,79273,69240,18117,74307,32423,31043,24138,52465,77370,31219,67437,60392,78465,80085,68187,67421,89220,03110,81259,82003,22249,95116,25559,71161,27067,38295,08281,18073,64300,61097,55481,57313,90102,60194,77041,77476,44035,45277,88300,18255,90061,76233,51555,58136,01219,19258,71579,87099,10211,76287,52513,55577,88157,52249,41122,06123,80384,31048,91573,14651,2A141,25591,33043,58138,15192,14245,57122,65451,65259,47269,47163,97310,60089,06048,74106,70442,60625,30338,16075,24327,60297,33352,27595,04040,29160,07123,33522,57660,24320,25103,61379,80251,43124,01121,78096,44041,54316,55322,82095,57315,37089,34010,12182,34190,18262,29139,11432,18017,05070,27649,17311,11235,55556,47119,69200,60215,71139,59153,19012,28350,57035,65010,67120,21261,21564,59638,17486,67159,57041,88175,70172,24070,57196,63227,32435,02052,18201,80475,65421,59224,80495,52027,69061,76147,15112,60186,08049,11065,37173,97104,84052,80359,17414,16112,80325,74183,67179,25418,94042,14540,84059,65048,97417,52397,42029,62302,10034,23138,80555,09025,21189,82189,26338,34028,69161,62501,72189,2B052,14756,11107,57684,34033,57674,45131,51266,61252,02085,08434,39360,32345,87092,44202,56034,77196,38499,71198,11026,18258,41258,54542,76689,62516,01064,76232,38501,89411,71274,80742,32206,29115,50384,08083,65309,28118,18142,21294,25313,28141,89282,55372,2A186,81074,65281,10320,54166,23087,07150,43099,33316,69202,97117,59183,67195,74148,43189,45038,43126,35075,80218,54020,46272,25248,66155,76420,69090,33396,77223,57380,40140,63388,45124,89422,77018,30216,65478,21198,62317,80490,84051,03036,28078,07262,74301,25305,54522,09007,71009,52528,21608,58087,44163,65304,32270,36156,70455,06020,61349,28321,01045,24335,46334,40271,53087,89024,23104,62034,34307,24543,57382,63130,55141,28400,34230,37143,63021,17415,43254,37118,53108,17323,51279,09054,71261,53242,59199,60630,37188,72151,42234,89058,2A131,06137,09073,81299,04136,83058,41150,21569,2A284,95388,66133,88189,57398,31155,57265,59562,57536,22186,60482,70372,55328,67327,57554,73059,78439,21450,64315,76364,56103,59462,93072,28239,67551,77459,21081,27201,51223,87104,46093,39191,16223,28128,60273,31196,60404,17207,35138,45242,33552,61303,03093,38044,52380,29174,27554,89086,61264,62052,65433,87169,28009,88127,24401,85008,77090,39169,63045,49099,24008,07189,50278,78009,25243,02604,57138,85289,37186,22048,02553,25053,70136,02587,95611,55058,02812,89019,21429,51129,25360,70100,50315,97610,80092,54065,54075,67358,54108,64363,86078,51479,41131,26122,11247,85302,64059,64243,51016,46076,17374,63439,77167,79293,92012,2B304,87205,29008,59516,65213,69040,72266,31187,89364,11306,63062,76534,21364,25031,60487,33164,24526,03108,35029,62592,58148,60060,51457,97607,34245,34111,28323,57618,79239,60184,57244,02424,10093,34183,78278,18249,02193,29285,16425,32273,39173,60298,55349,02832,65021,33454,33224,46146,28407,40120,92063,24048,31212,38252,28225,55307,31483,02362,50241,62580,31306,27337,19288,02027,80304,59214,71443,64173,60229,64266,24437,03025,17283,25269,57064,71100,10233,74159,50046,02184,86003,65265,76728,16090,04070,80256,2A282,85191,40129,91159,80422,45335,07145,72353,51472,87206,62780,47120,67181,50417,51620,88002,01294,23079,33304,89056,05019,76540,79012,19135,21301,88271,45065,33029,06029,22057,41198,62212,06072,07272,85142,35266,68334,24353,57237,29175,33024,82092,02216,16217,30275,61382,47232,56149,38161,02465,65349,02215,79069,03118,71333,04096,35300,62440,03232,02088,33147,30295,90065,50021,97362,91581,64518,17201,95527,04180,41114,16108,70082,61209,18154,52473,35191,62464,51337,68201,18055,51578,82152,50032,68238,45332,54504,65236,45014,34295,57032,45325,16142,40329,30319,45039,94053,88232,2B109,95039,2B365,10441,10075,21280,76001,33274,66054,02117,42194,02305,76433,14160,49174,45321,39408,39487,11288,94018,50624,45207,63208,14166,08147,34123,04160,93039,14480,03193,56044,35092,61048,38188,31096,60134,33326,46221,48015,21496,16414,09213,16194,62594,30003,76458,03124,25251,34322,65115,52141,21568,95268,59400,17381,76488,83132,48044,62907,38042,03313,55247,82043,76028,21057,45228,55395,44180,54317,78588,67375,28282,08256,07313,31425,58168,58219,63214,82111,42170,18270,76363,81176,69078,31484,38500,76672,38476,62607,72019,36065,90039,45079,31224,19037,54281,33087,03168,02433,25216,38310,39211,17358,57637,02203,85305,39171,91533,30235,68225,65100,62872,38462,27447,79259,87002,17467,2A197,33161,03248,22107,30186,41226,34073,21702,50461,71286,89405,54035,12004,07242,10096,54130,31142,55221,25571,25588,33534,33057,31538,70045,37076,40046,05023,2A038,68321,14229,73012,64033,90002,17166,72127,02319,87115,26363,51396,25523,17197,07333,85274,72230,73293,85016,38180,74157,57499,60492,03129,71497,08491,33471,51594,31339,59664,22361,78208,39345,60556,42043,11332,63011,97602,10337,80647,72194,24192,17065,76300,25494,62684,17048,14125,57396,34231,31324,67261,31589,22325,59246,43032,57478,34340,57308,18157,57043,08419,03247,39518,31123,83010,22250,55347,81110,18149,2B140,33002,17307,60146,88218,53235,71395,44021,62372,79056,80444,64127,42339,53113,05057,80440,23247,77378,11074,16295,56042,81025,77247,17240,66210,62441,64093,07329,61178,27448,54131,58171,2A349,21193,58127,33373,70399,01198,51319,07062,27625,70387,76152,10439,15030,74126,35197,71292,59201,52181,09032,32361,68265,72208,17347,15184,70220,52160,86202,26302,42157,07288,06073,39235,47002,62757,02709,88294,25139,49009,81285,52221,04026,62108,16372,69001,57173,54099,76323,02456,10013,57298,60481,59456,06075,47082,36157,02010,59542,32138,57533,11385,69070,60179,80136,18178,62633,70158,67206,60457,02002,40217,14190,48107,38516,32028,32258,76448,44192,71574,27025,55042,65419,33166,58120,38328,54030,61453,47076,16394,16076,51309,11284,37159,71546,39118,76428,28375,60001,26331,72223,2B315,28382,28253,13106,56072,21025,70335,34266,03204,08197,16279,72328,87004,24531,76745,51275,64407,59135,60552,71241,21008,10010,51282,02149,11405,09175,24271,46202,93029,70262,57730,50452,47122,11252,41189,79309,30227,72231,41267,62137,80578,60268,36004,17315,69022,28100,21273,62570,94055,28419,63236,78545,04236,31353,07229,61358,86258,17125,07019,63429,93030,07316,13001,14003,19131,57760,38169,59167,55181,56182,88498,40072,33081,24251,50222,64061,72229,28270,14163,57222,29176,60235,11191,41123,78417,55046,31207,28235,41115,63190,43113,43062,09207,09203,89072,40322,91376,60484,76005,27475,57290,57707,52332,57311,85234,53034,50612,85167,17476,86184,33337,45055,71506,2B125,94070,28178,31177,61490,64268,50288,44185,64273,30148,77480,62231,08107,70313,04172,73326,2B075,30210,62446,30087,22320,72179,83028,27679,55276,84014,09223,47128,23263,25194,56212,64291,67484,85247,27302,19111,21208,26305,95594,57518,80626,51101,21488,80334,51253,10291,61005,63464,80064,35045,54346,29107,54371,33047,41050,62631,36236,82071,40166,22020,64413,35289,02814,52304,61078,31456,09155,97214,89201,57743,35095,17480,57277,33451,66167,32219,64437,10067,71391,60293,27465,64182,42028,27668,67029,2B238,08057,70515,02309,77331,28365,03046,30046,63120,77517,74033,76519,08280,73049,21221,72038,60329,17158,61323,02664,45216,11241,31491,34068,65134,21048,87166,32316,54028,70180,39126,55255,02371,21068,62382,22307,72199,57480,40091,21158,03023,08212,55494,54067,94037,52072,02109,09218,72071,85025,37138,50024,12287,70453,22263,77106,88362,24454,65098,67414,77279,32182,42296,21415,44213,28405,72051,62004,91223,67511,06086,80423,68285,62766,14228,07070,19045,81083,80650,80431,36197,45232,07226,46008,2A062,01088,07120,62421,80684,12079,76469,37140,09254,32041,09323,59085,60595,69259,12223,76244,36092,21690,54484,17453,39026,31239,74112,60647,21528,32235,39429,60133,40022,10145,62816,61414,69252,34336,65217,46280,80690,21448,05078,36051,35105,70024,17294,28024,19277,61321,15158,36145,02668,08150,37026,82148,76703,35059,42311,62272,88192,89240,68269,86280,12296,60396,62651,32110,79042,28008,45257,81026,57620,60230,43009,38495,50130,32215,94003,33301,51655,71308,12295,15116,51395,80116,55291,55036,14710,26348,14173,64382,58154,74292,27347,64329,17106,23213,72296,25099,47294,02244,46159,24134,55541,10235,62476,24002,11412,62647,67477,60370,63099,28393,25328,10222,85304,03033,04206,31410,64104,63374,38468,89054,65329,26309,2A127,31027,67137,81087,63459,62841,80721,46148,54581,95450,63213,91599,31100,34343,39174,77455,57385,40234,05156,35108,30316,79086,52198,28103,26064,39018,95218,06063,54189,64166,97219,61049,34184,58095,23218,52305,67458,60371,59316,16121,62559,64102,12051,32132,52542,62453,81181,24111,65415,91075,25413,42313,38117,42044,39373,88530,70087,87007,76236,79216,65206,50388,54043,88088,03083,37099,69102,18204,68303,25223,17324,21171,73211,57342,39388,68192,22347,52164,63052,31563,22358,52349,37093,2A118,37201,86247,45230,82022,25065,62565,32246,31044,67135,24376,67461,64087,24395,21466,14252,78674,67522,76199,01255,62401,59627,88246,59594,31221,45348,09196,60667,21181,09099,84097,58033,31347,64144,07291,88159,03240,85067,08252,11331,22126,37013,16354,21219,42235,57510,14102,50277,16046,11265,77369,57142,84100,2B342,80224,82100,21614,64108,17208,55064,60615,41028,02439,58265,57731,37063,41225,71388,30068,73221,25520,78227,23047,51042,79177,35316,21040,70577,51036,47043,04062,58032,64070,65111,56140,43252,60387,80651,50147,41139,59042,62700,2B208,59107,50299,54540,56200,64142,90003,02180,26266,89295,10343,41118,08494,31315,10374,88495,21049,88251,87046,33061,22306,80247,19112,18018,44159,50582,76456,82025,22386,72338,77216,62744,32061,76609,39091,71137,02421,60674,38330,43056,27075,35042,18230,11001,04053,60640,85015,67027,31222,02279,33243,32298,74002,88385,31505,64393,36119,33014,39240,86123,10100,97312,13050,92004,02364,95682,39301,48177,49235,86177,32338,25109,55262,70206,51163,22127,34267,34098,09077,15128,28088,03215,44103,17253,81159,33518,46105,2B083,09229,31068,51248,57224,58169,41219,62763,16275,06133,55095,65148,59161,02773,54595,64025,80632,85260,55119,34338,61237,31079,85197,29063,80179,08355,07201,76059,16114,70296,57200,59526,85231,28188,39528,50246,76126,76202,54243,16374,03206,76177,85036,16127,71493,81033,28021,89347,67026,47145,85035,22138,31458,47304,10393,18045,14059,29035,33325,01181,50268,42105,76695,33350,2B029,22155,63472,59086,76503,50041,72386,12044,88279,21115,87090,62248,57325,16158,02762,2A247,12098,57025,24240,27320,77099,72289,26175,76457,64339,32094,37037,03243,80397,35024,76286,81309,21461,88076,57213,77430,11299,03290,89041,55466,59512,77136,52246,35195,41182,16292,2B054,25003,19158,72016,70152,14116,25275,12274,77441,80027,36068,88262,58288,61199,85050,02134,80443,21285,87033,46216,46090,38249,85296,34005,43031,73268,18216,10314,70349,50502,37073,11220,62735,39372,16169,32409,53104,53147,62701,73262,85117,59592,49371,34170,51097,19271,81069,59207,13202,21503,14084,59056,54055,27656,24366,14127,59411,03263,57677,71214,60251,66129,88351,76683,2B179,15022,32319,01101,25063,80463,82180,69281,50400,48094,2B333,71490,57750,75105,28136,21330,72034,44005,21565,39003,60118,97215,82116,31047,25005,68011,36180,47216,55079,02552,54374,32130,14064,09304,07244,27278,85259,71219,68023,88430,56255,17332,18087,34114,19008,46335,63198,74079,10234,22094,23169,02803,44016,11269,36192,57740,63173,39097,48069,04006,62665,41248,86181,02171,79058,30103,62819,62125,64298,62142,14466,27432,13041,57105,21091,59190,39577,53124,32356,63063,03208,46167,68318,14337,58050,02124,76553,05010,64290,27202,12008,71289,88254,01369,95142,40258,2A308,65319,10253,57248,76731,41157,35097,57075,41091,39412,77143,68137,53145,24448,26048,63461,13035,50225,49011,47139,31516,06149,34036,21411,80022,27011,88440,41224,60584,85214,63034,70285,46304,30342,26118,44141,76450,02515,46057,80782,59446,54596,43026,60525,74185,33082,50444,76183,88368,36181,86250,31412,62560,63132,51628,15262,51640,40147,12273,55224,03234,08148,59334,14130,23206,67398,11283,30229,37150,22175,46111,27474,76298,41029,62664,61425,61273,31217,18289,03105,65294,08185,21412,73116,16289,87037,67449,76498,57209,17137,33403,31057,25038,65355,76057,86265,23238,51604,17076,83061,15014,02172,25459,02658,21390,79204,65342,52445,71258,89390,54344,58132,66108,30337,26195,60402,17012,74116,21527,02539,38412,32204,80140,76024,25329,39420,57747,46316,67196,76214,84058,51531,39421,27312,42023,83073,51093,77011,67034,13014,80418,95002,72219,57033,27003,86091,66225,84017,59339,03287,62086,26273,44125,05036,73084,34064,42108,69245,40256,08391,58061,79277,57526,14101,77282,18264,62122,16406,59226,21085,02538,39285,26060,51047,91587,39584,02098,55566,71337,21332,80095,01138,26159,72370,48181,70421,46185,45302,28221,79250,31293,13069,80236,38005,63129,25501,08499,35302,10394,30124,89062,37257,13067,31325,61165,59089,88315,51657,2A191,56174,25361,57187,15159,90024,33277,56214,88277,76015,27605,71204,02624,35362,81117,11221,43213,57102,18124,25498,08008,57487,62796,45017,71468,76555,60211,63097,54019,29238,11388,52063,54351,16331,59333,60415,59631,52004,2B236,25386,88417,07154,60167,23162,04104,74177,13042,14579,06120,37231,2A200,02321,64531,08471,31380,52254,2A362,29274,61475,21682,14357,56131,80099,60701,69091,58144,32264,21707,62620,45288,65477,92025,21232,35327,60259,52544,62674,29165,88102,14012,21020,76443,33044,11347,55297,39185,50060,90081,09142,80791,51368,12200,80756,39423,40055,64338,64388,30209,62296,38392,23265,10076,61051,61238,60557,34063,38433,50430,59112,70319,50589,01277,69138,84148,55415,32220,12094,59059,78276,35121,89337,57065,22052,33515,89203,82144,05158,58263,09264,35116,23188,25426,68286,29028,76702,51082,69291,62692,78416,89298,62537,11318,17309,12183,31283,02050,02261,51087,11245,77343,46096,38470,07127,51085,87095,78146,58197,62790,71403,33548,78123,10427,76342,80284,59481,65318,31562,73070,80002,84085,51306,76399,91617,10028,11137,82146,31059,51644,80294,05032,68381,26033,89348,02679,77405,88092,42164,42213,67435,42299,30269,32102,73232,57640,77310,62075,47210,51539,79179,33262,57751,71002,17388,24001,85046,47051,47032,69049,67129,14117,61370,14410,26339,43185,70251,59263,70038,59482,02606,84023,89045,61190,08428,11011,53002,86299,27652,71440,50446,57555,32153,24182,65240,2B309,12251,39057,22337,80592,57590,72336,58193,19217,10198,48110,07156,77387,67092,08096,57638,43111,82004,09194,80487,48029,08336,35308,61176,67491,12261,72224,31291,59041,62649,63157,38290,71539,47278,27419,16199,71234,59269,15133,12016,40132,2A119,45061,47008,25369,62216,07040,62215,05119,80809,60121,88174,72354,39221,73205,05101,51046,79087,03057,17319,31173,60673,56244,49007,22195,32308,62045,21479,61086,01351,54566,24085,08232,85098,56006,60531,50270,04224,54242,63415,02015,01299,25622,17010,51227,15098,24034,95110,02633,39473,54036,76557,2B199,46269,56137,89307,07212,62519,62285,28184,15217,27701,65162,62025,88273,46306,89334,30354,45142,65040,25131,10307,38141,61166,27110,66105,61363,77037,77102,57113,25535,08311,07217,06025,14232,51624,61071,72276,19204,37090,89127,88120,14122,11073,08190,16103,39494,68255,69030,03278,52119,59134,27129,85095,60619,03055,80349,40070,72351,19192,36226,62855,80620,51054,46063,09212,24294,74004,62489,57704,55510,14556,88464,42062,39035,51492,28394,03212,52006,70267,47325,12280,09161,43020,50437,09236,95149,32297,74165,66009,62794,35019,67296,21694,43053,27542,80331,32151,27127,45276,43024,51447,70466,44143,54179,62895,86165,77308,68312,54251,12282,30277,63166,57202,02408,19074,24050,57493,10044,21164,25309,35008,47326,26268,88165,83124,03088,58298,80808,64168,25529,32229,54121,89321,27104,16225,97614,62316,28142,81202,65334,02255,67231,87193,17259,16059,30084,76402,40205,85110,23154,56082,38530,30002,31389,33102,52282,87174,54396,73091,37067,25595,28269,09050,77485,54338,83080,08173,52394,02251,55105,08017,47251,94067,71548,28087,61400,27321,45341,77442,59221,71532,68349,39196,59205,47245,43144,23073,50112,69029,65050,52247,58110,80484,51203,55504,39159,15059,89440,82055,32422,14575,76575,80321,59487,50442,08153,35082,24264,60437,79157,24035,12163,52200,66024,66177,60010,61324,28074,61075,60066,38554,12083,74078,76180,02322,78165,72193,61060,2B012,80472,37264,71280,45305,67490,2B231,81036,65083,38063,38309,54405,64297,45269,25073,53106,32300,91495,88310,17182,25522,81129,52062,22002,65417,21274,21670,62775,17043,41106,02527,88177,38307,72120,26139,38518,27472,59158,02209,63009,59522,95555,67351,33353,67341,95295,16145,34092,31297,53055,43212,10195,11118,55498,16180,02780,71326,72245,87191,77495,54513,86143,53188,60255,42155,25240,76642,61302,26199,52158,55258,40285,30042,94080,91284,54014,66121,11085,10054,01199,72294,26080,72270,09322,02474,06011,58248,62224,63272,06155,74219,45260,80032,80126,18211,56133,25553,19250,39129,65404,31455,08376,59318,86098,43196,26198,21096,67392,57335,31377,23146,57459,35140,28096,70249,88221,82162,89483,68329,12293,62343,18189,32018,81088,80272,28256,71510,56025,22302,61278,13012,77206,40306,61074,60232,62410,22304,27012,18011,02397,62246,52216,59497,25408,11439,88213,39317,45306,21080,52245,42269,60597,40288,79132,63358,09239,23201,01412,54392,35062,76427,59227,50176,63037,51144,08058,39418,54289,33545,12167,65196,44106,38317,05165,56207,35080,17039,76487,77165,80456,88160,81023,30033,86233,08063,55210,52146,02169,52392,09208,54135,16205,47023,34021,69290,63139,69171,71525,69271,31052,17224,24306,61193,24361,45118,41048,05183,74094,37053,77010,65248,59272,67536,03056,17018,67381,50259,80625,45334,48131,16276,03154,21397,59053,64347,25444,22286,47022,61052,55183,65220,60631,33209,32412,77146,21047,16040,65132,90031,06160,40320,28214,59211,64197,39028,02403,42237,81037,73149,59279,31421,52493,26051,61163,68241,89168,35203,62219,50567,08154,88195,80547,60254,61230,16036,21216,14043,63192,71172,41216,21687,71528,76259,71465,10073,46294,65256,24390,60332,10381,40114,91441,2B206,80753,72282,22041,09123,70535,59163,91514,61050,47065,55369,39238,71192,34326,38318,21418,80403,80478,38419,77457,57444,53074,07193,02227,82140,54468,07277,63212,65081,59296,85112,89316,27231,14506,81002,04181,59058,72293,12178,01439,14306,02205,22238,17273,48008,70179,62304,81124,97114,32053,07270,15190,55422,36235,31405,30330,31417,76739,67188,18242,01200,65208,87167,25126,02609,52310,08416,62818,53249,14111,31170,89462,47274,02419,31266,70503,43198,17335,13065,82101,59398,29076,70506,14460,76497,85061,80063,28013,37226,81222,59097,44132,46173,71246,24066,51133,57413,23113,89122,09149,01228,64428,57470,13053,21558,70162,63012,07035,92026,33176,59356,06026,15146,26092,38171,29212,59543,67003,51109,62290,11027,52003,31362,73146,33512,59530,54356,45179,60221,34138,62111,56206,06003,02141,24296,2B233,38329,53210,12064,60302,55021,07198,68281,70511,23137,21606,80752,31387,63302,14076,18047,01348,77319,27654,56210,89247,72184,2B305,08228,35342,86139,70182,50214,24418,03117,83014,72132,65043,56097,63408,34009,67229,05123,91121,40286,81313,33399,91275,14332,60598,02498,65155,83096,60065,02022,31191,17107,18245,02644,36193,35329,33343,62039,30144,11291,38250,17184,80795,27522,77148,30185,31578,12260,39348,80405,26294,74310,76504,38215,25601,60356,29135,36005,14478,62540,77479,16096,22012,16032,93013,89101,09217,16134,41070,60621,71565,02578,80018,27540,06024,22242,65266,55155,71555,22349,72026,65247,64139,02491,18021,76266,62722,55445,18227,31557,26324,51350,63253,02431,76751,58165,51255,47180,54404,60162,68005,70473,71021,2A146,62323,12227,30294,85118,62511,80609,17443,85204,88238,32278,15140,81064,51013,64220,78358,38103,14097,02722,27243,27165,95008,08076,77168,82164,26094,76561,91579,07264,69298,34293,61491,67267,22305,11154,80559,21613,13094,22295,67035,2A357,77525,2B274,16256,14566,76568,82099,86054,81090,60564,57592,37050,25170,38369,40160,28299,61351,80077,27655,72124,68110,35028,09111,27339,77271,64229,45328,28085,14565,12241,76205,27395,09041,09043,55362,43061,27103,16058,24508,60168,08341,02637,80542,55578,33012,61317,08257,2B257,45104,60644,02082,65020,59574,66234,56154,34182,14326,06059,62869,55144,32165,07269,16393,72303,42032,23148,57251,90078,24020,70197,17391,34083,01123,89425,50486,25461,29143,02677,57610,79326,62603,01429,57376,95539,72154,25304,49261,59011,29103,13107,70013,87156,61327,76074,54102,34103,87149,06016,39037,37134,10050,71390,16150,51334,61474,29195,78073,47073,51218,06093,51155,61098,51184,41252,39546,28306,27273,62069,72072,57295,24129,2B264,42089,01062,24408,40014,53182,34310,82175,77365,22299,49110,61385,16081,22281,89410,24524,34175,21087,79208,60173,62670,39140,54395,77507,85164,47203,02410,14273,28222,33387,02607,47241,67100,06031,58143,19260,61281,53269,71239,80074,81277,88290,2B176,89051,19132,24534,76652,33117,27456,30021,03032,31301,45155,39312,52025,72039,24046,86256,43085,63183,54034,60282,04018,21264,43004,41099,16291,49253,03131,72222,88374,60327,73323,47285,70116,36093,21664,32213,42207,67160,31575,65408,03210,77172,75107,54450,21103,51038,40004,23164,58013,82047,87070,29045,21368,88303,64152,33417,27206,59459,81189,78486,03262,17135,57085,55385,45307,24351,2A163,67101,80232,08479,67223,95598,54041,55124,68054,02225,35034,49003,57437,58131,78160,33084,61407,21467,59623,10347,31420,38395,06051,14552,25041,50648,66070,89040,32433,57399,88079,38488,2B072,53105,21314,34044,97131,54545,44114,64433,12075,49241,48179,02580,21097,02142,46271,66139,16030,31024,86083,67411,70184,71508,76148,49344,02577,73082,52502,66120,73330,63019,56098,89187,65181,17326,28208,31332,58017,44174,27184,71207,71394,59242,14607,60477,2B078,70572,88423,14135,24373,62202,27299,53174,42196,02749,95154,27023,37033,46092,24350,63315,33421,10339,17191,54315,30051,39444,87172,31268,63077,42076,29048,51076,42268,76602,26208,58079,77204,62378,68129,68173,52277,72111,27286,34197,04123,32160,84102,86086,73133,24538,28371,69002,07131,64449,85072,01433,67401,77498,22189,67226,50391,59364,02277,16078,76047,48128,16082,67047,74048,88280,11115,10181,03135,71370,61116,80416,54088,44164,68341,89028,21130,62870,14278,22262,43210,64050,46051,01361,68015,34334,54467,67328,81213,82097,27161,32294,37091,74026,85187,46040,46075,2A212,55511,32176,54502,51455,92050,02014,73296,2B293,02698,34323,88040,29209,54359,01356,62024,66173,18190,79057,03115,65233,71045,06077,26022,32282,62241,24082,52195,89132,24157,71531,07038,80810,33487,80704,77091,24365,89153,26059,26361,94022,60158,32142,67354,64124,66072,27658,88441,08445,72080,17290,85090,43014,80759,03245,77504,78361,28155,84099,04051,93045,29083,49012,79220,52212,77461,08427,50295,52419,32079,63334,74052,14570,40168,01185,37195,23210,28327,91468,54352,50533,73256,82134,63357,79070,23260,84032,51497,54394,17044,89315,34246,66077,02568,02107,27374,41030,40061,80686,91521,76120,10261,31357,65056,14203,64285,26377,84040,36073,23090,24123,76135,54551,38068,62541,02827,59101,26193,27563,62295,56121,56215,24263,33298,36103,65201,65109,17237,57079,26299,54431,22015,78152,77169,43152,25315,51219,05155,59144,79299,08399,87103,17024,56101,34046,67078,11328,70166,51236,10185,19047,90015,57519,23181,72153,78403,35056,86147,2A085,01227,16063,68352,80489,70005,88019,12074,84013,68036,44121,53258,60109,21037,65437,26264,30199,39229,45063,58085,51645,64337,53039,21303,73231,46044,51509,60082,68124,32394,47106,34095,08296,45274,80412,2B036,62283,33536,74010,21521,80619,85051,38222,38218,71018,04074,15009,01203,71048,70343,22315,30090,05145,81081,24164,86082,19142,54514,51608,67295,29029,24171,12027,88272,01250,62813,24338,72099,35039,25252,12010,91112,71077,79063,47276,21566,56169,62849,53143,68020,80100,55149,47302,38498,40042,62629,54165,62890,28073,58172,56248,21002,57349,28098,32280,24150,67162,62292,61274,70029,22233,43019,76110,67534,70337,73041,76049,60277,80687,24586,42090,89242,12096,60577,59151,14316,57577,65441,47175,63026,11348,27004,57069,43181,57238,55253,36216,76322,26218,03069,50543,22275,57756,97228,69254,73322,42128,67529,14483,08408,10227,14712,95488,39545,82113,61329,32107,06132,73003,47187,15114,25014,41032,21104,52151,13005,81010,46315,60317,58149,70248,63114,87061,37279,18210,10329,08476,22271,43155,25397,60527,14062,79340,14123,25049,81066,63239,71177,80517,27064,84079,89137,39124,62154,03238,40150,13046,89087,95492,21022,23001,27119,25450,02409,51453,88371,09100,40328,73229,09221,95427,59136,25211,37114,54419,64245,87086,60488,55051,17159,60274,69044,62854,64309,54018,08298,61114,80014,64228,21567,59292,67174,46259,78402,42169,40099,71125,57018,51635,67510,97110,29302,43162,02062,77244,56057,01057,64049,50101,95541,86102,63215,02715,46266,80748,72368,12192,59143,70146,07297,24277,21244,42246,03272,62831,01321,63110,21530,67336,63179,01118,47303,35247,57748,70316,91037,76749,63155,09137,25415,80173,26087,18253,39150,89065,27355,50591,68098,91540,03277,80656,67501,47034,35281,52083,72191,12257,03255,21342,41079,71413,27473,55363,86224,13079,26301,88144,76690,67133,77360,33283,03299,47086,61034,47279,30219,87049,25377,31429,77263,57384,32112,14054,60360,67489,55469,33452,55505,76006,59369,63278,30004,71200,26192,19235,23266,68219,54076,42208,2B356,42005,60558,52012,67249,18052,02640,85103,39467,09226,29216,50340,79140,61255,17132,67237,58042,21109,29271,50164,80269,51435,17188,55500,59110,80328,35287,84112,45347,25613,64147,74278,55471,65160,80159,74136,34211,03091,15185,57077,64270,80221,21647,33206,27354,47299,62318,60191,14328,25583,70366,57550,44144,86152,70286,85261,05013,54063,23235,73130,86106,39390,86051,93006,61457,28339,50002,27152,85262,26165,54464,19049,50504,11359,70303,03070,38105,78209,16084,14547,51226,51522,24317,14270,88268,23010,11406,11140,80672,28203,02558,19273,69384,67405,64539,81063,36168,01416,67063,10325,27114,50169,46030,15066,85186,21641,61085,11295,21662,52306,60239,06151,34162,46103,76227,33392,86028,72036,31140,54326,23251,55280,38422,88526,85100,15015,53222,67454,14699,76408,02447,27661,29150,51005,87138,28062,61289,86122,35317,19268,65087,17096,60070,10424,14467,80385,2A061,67216,40071,81092,60666,25475,56179,41172,08401,78068,68056,80120,32123,95627,85092,60661,32080,87197,78007,02130,81251,49195,80574,50083,51373,59045,80200,2B275,68007,08023,41188,31030,33183,80176,83027,95011,14035,86017,62675,55089,64277,64443,89011,33242,59023,51659,54094,25011,32201,27444,2B217,89147,42176,74152,89118,54083,53218,01367,63197,33270,83070,2A358,72334,09127,17411,59236,02197,01293,14496,27096,08264,79172,86156,31156,89380,21117,39100,45238,31407,67065,46204,27695,68383,55099,55116,80276,90089,76064,67346,67200,88134,57651,08452,2A285,15065,64542,21487,41295,65260,45324,02540,76707,38278,55374,29119,73097,81211,53016,69231,52276,71463,17156,84068,27415,29033,42211,77246,21165,88016,86068,44198,80573,88193,50565,41159,54079,67236,80409,16268,55396,57445,40203,46189,70027,27378,71335,57300,52030,08369,03082,63433,44158,60257,63287,27240,17389,64332,59329,22096,41132,70261,60226,53078,12093,07003,60021,66076,73193,58206,43089,59310,02208,69095,52491,26112,58226,29239,80203,32268,24479,15093,03165,57190,03009,25148,85042,24545,29286,34039,17051,91666,60212,30306,01406,51002,71571,71122,56211,44043,21028,13208,71294,76349,67517,35228,38296,16270,01117,25527,72155,28358,16343,09291,38253,46164,67022,46089,60333,63465,44169,22289,02416,81243,78406,30116,27545,79352,02739,01089,22385,62123,63093,29205,74024,02037,10089,37097,71232,26201,01243,62314,69388,31449,46142,32369,59367,35232,32209,65429,64529,02160,41112,88316,01156,89385,43163,39406,40277,71205,33322,38313,65461,67363,32118,65462,50282,72332,84035,37252,19156,50369,47115,51149,21666,80080,40037,35067,02530,83110,64190,07213,28201,56143,46175,77020,54297,01074,59138,64259,06141,72079,25573,30061,17434,95101,85115,05098,02576,02207,84139,50297,62667,07300,57261,55507,10221,81097,01099,04139,09129,82040,38030,45292,42264,04046,70574,53010,66039,59001,62654,54225,38463,03302,89368,50476,68226,57528,74164,26288,51466,22259,66063,80141,68014,27689,11022,63323,95509,41291,38036,81270,16366,23064,14239,76354,02797,55175,61148,89252,70422,80480,32186,27555,38072,38565,12052,65348,41184,73024,62037,73235,39522,33261,24220,41035,62128,35335,07260,77108,21494,42327,41065,60204,31323,65154,21483,27036,42159,32136,51548,08019,17400,65232,85159,42261,57088,88463,73261,13059,80562,67083,67255,67508,52059,27222,80059,07061,42325,16019,17252,49113,60017,28146,88264,38457,78396,70129,95504,87185,31396,59218,08352,10376,03013,79134,09124,55170,45308,88404,23124,77460,02012,14143,28105,17425,67060,08396,43046,13117,78518,60208,50372,80148,93048,14237,31163,22083,81265,25592,23200,57115,46123,88494,80166,02655,81161,57302,94052,22234,64368,59328,14093,26034,40259,94060,14087,48160,76299,35173,69191,30284,80228,02710,23259,21657,29171,71537,73053,73145,83021,03011,68006,15214,39495,76698,42200,34096,81200,41137,36046,41268,40011,27261,26216,44204,71334,27377,21112,45344,48138,04012,43083,89350,77305,38210,2A228,76038,30015,77453,21046,97129,54414,40244,82165,51446,61180,16329,27622,01110,76447,01179,69043,16097,28229,03136,56204,12164,77185,34342,42230,25425,62524,80538,85073,76422,57388,60154,23255,59348,68022,43071,84126,82127,80549,31181,69382,26002,10119,92076,57716,80132,46137,33249,06153,07032,02688,33169,31576,88283,43028,14349,66178,24252,26147,38467,55357,80778,55360,55206,32367,16334,80248,31448,60682,74119,37136,17375,53196,02512,46140,02686,34140,64556,22103,40214,69122,61001,45045,33526,65036,89463,51454,06047,86093,65263,60263,15094,34127,88038,14475,76686,62091,86289,88110,89119,52541,44050,56039,10154,29282,68160,17017,47178,14355,32212,78217,18037,34305,25295,08067,87074,72211,80596,23217,09249,52044,57108,46194,58313,31141,68342,95063,01262,26030,14167,03292,67388,68277,09058,70467,43188,2B302,15010,82037,25307,59397,86063,59360,2B169,67292,69166,24005,63005,21029,02154,63319,55196,47311,15188,50252,02019,69063,16101,04166,77464,69093,25496,70299,23120,81114,25419,90046,64361,26247,70200,23205,08456,24018,79030,27076,19083,2B289,39131,66144,39145,31252,34316,88104,64432,27685,60463,34291,62604,47272,11400,79217,47162,68151,54011,77035,75109,18218,64426,08032,11131,31278,33060,72045,37183,34278,28243,49132,42126,16397,25317,04004,37043,57717,21417,66119,2B220,84109,60126,43001,32159,91534,25314,52126,86013,87108,35165,05027,57004,54190,80605,59288,52482,02273,40252,18140,02732,10371,77493,62358,30238,44112,24130,55014,35233,67069,71267,58220,44030,76189,90022,17316,11313,40109,60304,21305,22356,87064,35248,26091,74172,43192,50506,78621,58231,15121,42153,91471,80355,68372,44022,56047,69106,80260,68375,80374,84010,02065,56114,05001,89017,76655,69096,30230,27134,88506,89075,13022,35331,60033,62668,49089,37149,65156,30056,88033,07165,59225,74197,31264,2A028,57150,50342,76305,66066,64516,52088,52235,51449,89191,80832,38101,07273,57438,41060,86246,15005,34261,29084,47253,05122,50165,14751,76415,21404,59486,08382,89375,35044,49377,68035,14276,33103,59314,67190,02392,16263,11101,88077,32100,70066,09180,88216,91038,80498,30254,19208,60361,35071,77450,57212,79357,41001,57365,84008,78591,15040,58006,82054,43251,45200,40122,26259,76344,46165,47136,02254,26190,80568,78324,26249,78653,16335,63324,80452,04050,68169,54092,41193,21646,35202,16133,12054,03021,57741,60227,90075,48091,61122,33159,01079,70545,70025,08119,70193,80519,77404,38410,22269,77069,40237,76475,88411,71249,45165,12186,55219,71020,55547,24484,23198,40097,12255,64367,70259,26213,14515,32071,18221,89261,26224,80053,23136,88103,19144,07138,34131,82183,30270,79334,27151,21315,39409,62199,80800,43182,45123,72345,61215,78300,58060,81156,36031,11370,59515,88436,03029,71058,26376,89279,37210,80119,54531,10313,45060,06035,62336,71469,81098,91136,24039,35320,31284,24214,04222,23144,36059,30293,01047,38469,25417,73204,80642,14039,66143,33122,26180,88509,22135,65113,27614,36135,80420,16135,59194,16038,86286,65137,26121,54421,49240,71376,38323,17377,25215,09034,39258,22327,95379,02697,89171,59403,32126,47222,14668,57204,01060,53135,84116,21601,30187,53198,21377,70050,51178,30304,17015,56229,72172,82114,37062,62749,28200,52089,10336,17211,16364,02541,35188,44039,65388,26206,73008,81119,53061,23041,24088,65231,58181,27091,49015,65465,50445,73031,55081,39043,83067,64052,21185,65449,91016,38107,90097,97212,09308,38084,80663,2B178,69186,69131,64325,65015,53165,61126,48099,85193,31361,45219,25271,93055,91667,18237,21589,58237,63264,63044,01184,30064,29264,14453,25379,61405,11416,73180,10017,84141,70322,76116,42285,31351,38239,76564,95429,28067,67275,61216,45062,08254,53001,31292,06135,40080,16211,52149,73107,62009,16261,62435,83079,50361,01298,10112,12056,62437,63383,79108,55013,65403,37131,88387,04229,28016,59289,89015,12063,42007,19187,33467,23034,38348,73105,73234,76521,61298,85177,60250,63002,57557,62360,22323,51250,76359,31296,24550,08024,27367,68032,17454,78455,39164,41271,24585,78193,02067,17098,61326,14206,50044,40021,08272,48116,33065,68030,31381,27324,57034,62269,28333,41283,57633,71005,77325,78206,87170,15267,76174,65187,45189,71479,39583,74250,51450,06089,51065,21644,59176,77401,60181,34224,42204,31530,63195,58276,11091,58036,54406,88409,28005,91097,87177,33311,68359,32327,30014,65251,51553,55367,19080,14754,55128,85084,47204,64081,70104,81039,35058,61011,54521,69178,62852,14543,41024,10418,51520,72216,57128,37023,14383,24014,61084,31091,05148,89267,72233,24398,63447,28296,21441,62364,67523,24081,46265,66226,32324,24007,32443,2B063,21277,55334,83102,17149,06039,54598,24056,25296,17255,62222,01454,24504,70342,02351,84149,23084,27603,02349,02725,68316,76693,64360,10445,34001,25113,85013,62468,53083,30137,40145,86203,09310,40323,26276,97116,67360,26103,55384,18095,80575,05021,46276,70539,11425,93001,31452,68119,30083,35211,24287,36030,29014,82034,74191,88529,47327,07099,21637,84050,27533,12045,40079,62690,59492,52207,95091,55167,41285,24536,49067,24569,81123,12104,54096,58037,08338,84107,50496,17151,11382,38207,51387,36055,22161,76035,71458,69010,02808,38083,42009,81279,02632,28240,64495,82013,39107,38195,74020,54182,41089,51513,47013,27219,02323,67397,84025,22243,69051,27295,18274,71427,59383,22319,78601,80278,44084,85152,88332,40040,88247,44023,32371,39511,57594,35236,32377,26041,72315,02503,27045,57461,41125,32098,76164,52506,19041,77051,18265,62127,31311,21320,59187,57466,10111,67400,31220,10127,85147,59569,66140,36025,25097,67326,02220,29098,80541,44155,80781,81024,73277,76196,62072,23187,51592,44183,24291,70240,82007,39508,62038,49114,31238,76663,74289,56111,25267,60514,24560,64527,28343,21345,76072,14541,31378,70237,51633,82084,10409,22264,60301,13212,33500,72311,59064,47263,31279,50023,22035,91109,22241,38246,62635,80118,21098,03226,14271,45316,46322,62097,76241,10278,08126,10117,54206,53073,75101,25340,37092,09002,28173,50618,14554,76717,19169,89354,47167,06128,77200,17247,51631,24525,57587,53263,71129,89064,58073,43129,77408,53214,25505,51239,33357,03100,78239,81286,71209,92048,69296,77452,36016,65053,46190,15006,74095,67233,17284,68195,40208,86149,03242,42168,03301,60137,74243,71176,01410,33143,71365,39554,49008,62126,59513,39525,67165,19207,67288,34250,23091,33385,39471,79064,2B039,33524,89081,09109,64545,73033,51241,66160,34100,54298,55356,25039,23166,81076,35280,95229,31346,57701,51491,79235,52447,71230,51663,77039,71409,18130,19162,73028,01192,71303,14452,88114,61140,21372,59434,70364,09201,08374,60618,42061,70265,18159,57147,79020,62663,34289,71300,86026,67556,52122,29101,31058,26343,52067,58283,70414,09008,02581,24347,63295,34023,27330,68379,12229,01150,51081,64244,54563,29295,29105,54218,19051,07108,03173,04138,54328,45317,29012,27235,32043,05161,29116,49248,59545,64184,62550,67268,47138,64181,31164,36050,15086,05109,06081,83133,41138,65006,28157,72369,18004,32189,21107,62506,72024,08030,09173,88407,50402,57469,97216,06148,57197,11322,78015,54442,16173,74188,90019,60684,76500,33349,82015,82102,45129,62568,79133,10053,58299,43082,24384,40243,69220,16255,62263,63343,70452,79119,07205,61063,65278,26291,79009,16229,58270,73311,38427,68101,50350,19199,66073,11209,10087,78031,67094,86300,60460,17086,86137,09037,39080,31294,01180,46198,02511,26217,81134,51134,12248,74260,43229,52108,37161,79332,55532,65395,73210,93077,74161,22050,77232,07221,39435,57595,14371,70238,31254,32245,27612,08317,22353,57714,34178,08450,39109,19284,38247,76234,68026,47207,86115,51035,39004,31116,25132,63031,90034,87071,68307,51285,63158,21660,27326,17293,16002,33393,57521,06050,02650,51413,79226,79066,47060,34283,12213,69230,33120,21355,71153,15198,04077,76641,51001,67074,89074,62172,03040,18150,77104,09305,16098,53232,07119,61251,32445,21714,23244,38271,69075,15095,50072,05053,21295,08472,55512,57149,47313,19180,78283,14538,27457,50579,70099,22084,25059,68027,78562,10030,77226,40233,72217,83060,67364,59240,14484,80186,80373,89142,05039,95543,71412,53191,36010,01149,94004,24011,07209,57558,44067,43218,34049,76727,67132,32349,85148,42214,21540,89309,83029,63153,51428,62632,33444,14381,12058,63226,78620,63184,74210,62230,86237,69268,77116,70464,80486,57276,07310,64125,60050,63027,29054,59645,21708,62469,75102,40181,81171,01081,50251,88492,31504,19006,72221,64185,21416,40028,14431,12082,50273,31049,12289,72325,22265,71415,60108,64509,34081,61291,72043,63413,59444,62449,16340,76425,60636,10389,11262,10027,62681,24231,76552,54027,57124,60160,34121,72302,31092,60391,46305,51421,72290,02296,03254,63180,07054,83001,33208,86044,08064,34171,80695,45176,66127,15147,15079,59435,62330,42134,01405,57029,70581,28424,97218,88188,74228,22032,86220,54449,08036,55108,57141,62563,31383,38397,36097,81018,26203,72182,70084,2B343,33042,62054,32391,39505,38242,36131,50457,61080,80826,01160,64555,36053,71147,02480,77385,50598,11210,02310,41113,39300,77333,51156,76545,36044,37003,54072,22054,78071,71290,64299,02551,40036,68117,77179,25626,59004,91645,39517,95157,89456,57623,24255,81280,88058,61347,76611,30044,08273,86284,17383,54301,62450,01085,39192,24307,01407,51029,61330,56112,21026,33051,79200,34201,11413,39560,38472,74133,21529,2B164,33361,14318,53240,32014,68380,64482,76398,24221,60320,52184,48048,27263,61149,11046,76250,16119,40171,29201,63205,42122,27361,50111,68338,62545,55543,03230,62173,77121,22389,24141,54420,25258,76499,38276,07020,44111,02675,51566,11368,21151,81118,72138,57624,39368,51508,42198,35141,57568,40300,30017,19216,97132,70438,58241,70292,69100,14352,48188,01143,07170,76518,63017,08104,22099,25492,16029,16077,76142,26194,48135,31493,26126,63244,14269,61072,26004,77519,91629,48149,32078,67148,13116,06097,39236,82046,65291,59253,31549,71291,67337,21576,38407,69270,21519,07347,70250,79256,03244,67049,71302,02304,31473,73188,80819,62141,77266,09097,88231,47064,30050,55087,15037,42216,62428,70153,72274,59363,32386,08059,95395,21598,11242,40133,31146,67208,23012,57423,18213,05118,37156,07101,50334,91425,54212,62073,59213,89117,51461,32158,01404,82133,80035,89006,07167,38458,91631,65105,66032,09219,12158,15026,27050,81185,21168,33077,24267,57280,64293,24386,67266,17292,97226,25558,62776,64403,57489,26311,52472,38347,10116,28346,66008,24180,88041,60072,61424,77419,55272,17463,18015,80348,51612,82068,60414,58071,80586,58198,85123,25468,67141,54115,35231,76014,02694,80535,80130,57143,35229,64419,60164,38182,19028,14743,27683,52104,12041,26252,62497,37042,02463,28194,50469,62734,08385,44053,31388,15053,21525,11135,50570,71346,88274,88228,55563,78401,09285,17308,17446,54555,88285,89432,59365,38174,21405,11418,34154,02368,2B120,80707,29137,88070,64086,34331,78084,81272,91235,03186,18061,90070,50260,21122,27670,17006,64046,63456,40180,57062,25381,40232,44221,54470,57491,57691,57733,70190,21300,78262,92024,10207,73178,59430,90026,40172,06052,38520,35124,19048,87044,61362,64038,42083,52232,22383,35065,82161,62400,02656,14027,40089,61208,39048,62466,61473,02627,30105,31543,31590,27179,07332,80056,35096,27037,02546,01134,83143,38235,68275,64078,85256,34176,28038,60485,37122,49123,02156,08250,12283,86230,36232,51613,72237,19269,02790,94021,08187,35358,04084,10022,50528,08344,41141,46177,64282,46134,88201,30326,74082,30349,97225,38556,29108,77027,47055,45077,53257,02678,91207,66230,02192,35146,06139,26133,45053,71188,67199,88064,71011,54244,22133,43018,60091,62836,61101,33154,05044,72364,70276,02230,50548,57120,61512,32157,57364,18046,24031,66045,46238,45213,63336,54172,73161,39032,22085,76225,67443,52182,32030,64304,57080,70009,24399,72052,25489,58066,88462,10215,62339,23089,19195,25046,17245,28068,28285,73128,32306,74064,36037,70301,88004,60209,76321,51303,50219,82132,26221,63177,31508,74154,57024,49180,81157,33414,57598,73140,59223,71344,59145,26070,53054,38341,58266,53230,46128,71135,11335,32016,71566,71559,62521,80036,65058,21135,59071,66064,17220,26281,77201,09309,11151,62019,25346,93061,74072,68033,28092,02157,71570,11396,33112,44173,23082,21434,19103,80395,28373,59455,26292,51485,34163,24443,16027,31067,25540,61242,71446,80043,60218,64196,09298,95652,39292,76336,30102,21255,02450,26102,60101,87190,18188,32276,63342,86244,26367,87060,39193,10346,59031,58102,82154,64429,38149,60568,76530,64192,32003,91511,81227,76513,41098,25403,49130,26036,86107,71115,71044,73302,62380,53128,13090,02778,86266,39503,13104,97204,86094,50483,16086,04144,34195,58242,50048,68107,76651,2B320,61055,86255,28409,19081,2B239,64450,24302,36140,16317,72277,41186,40299,59668,68079,40169,40189,52132,31230,85055,45033,25301,78246,28245,50634,01301,78049,77178,14501,33317,51432,27368,55303,18184,08203,45193,71420,55416,59192,62409,60478,04173,27271,76066,29202,08025,26286,52288,76409,22276,64488,02005,44102,60689,73120,17318,52298,16368,01289,29269,54446,21226,28263,51596,69154,39304,60285,60659,57570,09019,46149,40163,70290,60367,89451,34209,25382,25054,88179,16282,43166,62194,45133,70065,30164,65110,72210,80762,10326,51086,27167,61476,54141,70015,70327,60365,22288,02461,89018,60350,11213,64214,79338,90014,77225,80210,33539,45075,09031,54544,65373,52171,52488,54199,76181,31593,48042,62814,17099,23122,03016,77527,01334,80142,62139,40093,76294,59402,77392,18143,40112,30225,82044,34086,55460,23045,64552,51381,26153,46087,61243,71377,61224,64283,59115,87078,21577,63125,24131,55055,41290,70143,51126,25345,54104,27353,86172,45092,55103,23086,37130,71451,36078,59653,21715,36121,46073,67356,27586,31133,01419,32009,62804,17094,21182,95580,70426,39009,50158,21653,51313,55439,35050,23192,84053,17239,10217,40155,34155,60515,57547,73019,22143,46131,54303,83106,69076,45022,52322,81162,28423,41239,39498,76182,28058,68323,45042,52029,01265,52286,43150,09151,76460,62324,24116,62817,85138,38187,54127,01309,28367,97128,88325,66162,31270,46157,86151,61464,25155,70397,71113,09261,78322,63409,82006,59612,65385,13097,89032,02252,87031,86015,12069,80654,39250,16050,60131,65369,03176,2A189,22209,10004,88163,60381,84030,23233,59111,72252,64455,01276,53027,33198,38464,62892,72378,72373,52256,57322,15241,09128,92040,47006,76341,56045,19094,36099,59449,12028,09281,59478,24215,87120,41269,62014,88062,02542,74081,15003,37181,45201,74129,52364,08364,08283,28211,17322,12278,30159,04108,19056,29043,70430,87135,85284,07219,31583,97108,27027,19071,62329,62622,16130,07231,72227,31050,59556,25016,43007,55069,24436,24205,48112,76276,52205,95424,22093,51425,77124,78530,80322,39351,02534,32169,54073,09021,41134,70273,67057,72214,74053,07254,65139,30247,55516,70578,46210,08303,07159,06079,45005,60540,18114,17484,02374,08092,37110,57334,65279,79096,40035,60479,52396,76743,64312,01336,63379,18064,14654,54254,41180,59534,61030,01191,80134,30213,66090,02592,03267,23125,24177,45011,79105,64435,51025,80644,82188,58113,53146,10252,64442,04230,02582,58105,91507,16072,51474,24012,77173,77368,81006,71368,91247,32154,07174,71229,57333,28130,08467,27269,02390,24574,54565,02228,30134,49138,46328,02343,01290,25230,32439,76526,68019,60397,02355,38355,02689,80001,45103,57083,65322,64468,04169,76339,67330,35206,62010,86253,25597,35276,64006,15143,67335,38374,72350,73216,46239,17164,82039,34013,06070,28370,01158,57455,33229,88482,51298,04112,25402,89447,19209,19016,42304,11096,62365,02298,60603,67506,47298,54201,14138,47238,91332,22376,27428,56256,27580,62102,90054,71419,84111,77433,22009,54422,25202,02400,54294,32317,27398,50637,01209,2B192,72241,35004,51113,65007,14291,24455,30085,25263,27644,71273,76387,55257,18119,63370,62576,33069,44019,51157,43148,62503,25457,24058,34219,26083,22136,71434,11168,55284,53056,26274,71356,67424,04163,54512,37020,08426,29299,33555,47255,63424,90006,38078,38443,54407,72283,31441,67403,73228,47146,31359,10133,54222,09104,17357,39512,53264,71392,51544,39170,71583,88097,33370,76016,21437,27040,04240,21353,17298,16290,69219,28216,10310,52129,45339,80124,48031,14181,39189,89416,45034,33376,36178,88084,38081,89281,33282,79092,63421,50121,88003,26326,04016,94047,82033,85243,09056,67039,39586,14347,32147,51272,03194,10392,35068,28076,57542,03252,50166,54367,43122,63071,85019,17279,24416,60028,76345,02566,36054,45091,54597,78329,33271,47234,74070,68049,41104,01286,91216,30138,58040,10366,03148,57387,83128,10431,80468,64024,63086,67342,14678,80174,70338,39572,36096,79016,82078,34188,59164,67139,28113,29016,62053,79018,34325,19200,71482,09271,42279,63134,86048,97309,66166,76151,89016,33064,62731,76650,70061,65288,81095,19085,37221,33346,56250,48129,02674,71379,83057,02787,31592,60620,44168,25237,32224,97102,27149,10191,82050,76166,36199,53163,40260,76453,38216,35351,58245,61262,61182,58267,02730,86241,52439,89145,15221,22311,25370,85242,28006,76296,55197,17056,81205,39183,21595,05089,37009,65303,30053,89182,50109,21292,59429,31192,48096,13118,28349,22344,36056,62658,19275,62753,47296,81269,80163,29055,84101,27176,55569,21257,59265,28267,58151,02528,28293,67459,23036,31440,64176,81003,39457,88131,88180,02770,31418,40081,09177,12026,07124,54389,30048,07149,28046,2A041,80045,62408,76369,70233,77468,62784,18102,33148,36008,21310,16310,54527,24457,34047,59323,55271,43094,69098,59342,31463,97601,22280,69089,85082,65088,18217,36066,10256,32022,26240,09193,86120,26098,56128,50115,73078,77006,70202,78522,63248,46100,21034,71072,35149,15075,83145,42191,11092,54273,02129,39208,14646,24438,40121,76082,24492,14669,01288,59277,64097,71399,89394,14082,17176,79285,14491,34167,44061,42068,14745,09146,17128,34256,55365,32148,17147,31078,14096,37185,68245,17248,88200,59174,78470,71091,62727,15024,40094,25416,21248,89273,54528,78302,25145,71364,61497,22101,41261,12277,03149,37075,01252,64357,71563,90068,38208,78472,18192,89336,46229,51211,58003,62129,59188,24202,56022,27094,29038,02508,31211,74285,68326,36009,80430,73191,83033,22196,02219,60058,54409,21470,51475,31022,65235,62388,70185,56177,42331,77053,43123,74138,71183,25197,76649,87121,11193,05124,21347,59555,77515,21545,62832,80098,54268,89353,24483,54269,32057,04075,65161,65275,61164,35279,77330,02502,39289,46324,72261,40032,14284,25584,09009,59010,57132,26365,48088,06099,64422,61361,43117,93005,61284,57580,67010,70368,65116,80290,95212,02548,53057,33031,40254,42332,16377,51077,22033,01025,54508,54382,65173,71149,25047,02696,28246,83041,80244,58218,51598,60152,55172,86260,55075,32353,31350,32281,54009,62239,14244,10237,46062,33167,32309,80543,14752,25161,70157,67380,25388,74309,50387,83050,50513,12159,64194,76053,03171,31386,89098,65023,66018,54276,74051,46120,19240,61046,26205,65345,80658,71080,39365,64005,97233,41034,80215,27051,02376,57225,64430,64410,63141,26308,22363,84065,60395,46066,23103,32304,2A254,37234,54417,39328,57573,80599,52399,76195,72327,70344,25575,62805,67270,53225,47288,38200,55531,41154,81104,53265,38279,36158,72255,60429,37015,29024,48187,50016,52424,50240,31184,50209,01005,28120,52443,60405,39329,71367,70496,19120,23025,2A295,55083,33011,59078,51532,17008,30340,31501,32026,44224,63070,37278,32290,64369,55450,76732,46147,35216,08240,08490,47218,64002,2B235,25143,22202,27307,63376,39326,01066,67052,21423,29237,63064,52047,10056,08004,34003,32082,89312,76528,69248,21329,39217,24354,55154,39143,76093,62299,40164,26316,31486,83006,76379,59220,29278,09275,11384,42146,62791,27204,34199,56253,30191,46184,95313,21215,48145,22219,70222,62809,57520,64035,52240,21224,26248,67002,28385,39491,63341,80168,80160,55220,57448,02520,64267,69179,41155,86050,08328,59347,2B194,48140,80368,46115,37096,76134,08498,78550,71056,19114,56061,76086,30331,17217,80465,70283,02800,39120,54113,79322,25051,67246,67019,14389,71015,73075,80652,30041,31062,95150,59027,12095,64517,73316,53080,73170,67264,71329,30197,08061,61013,43054,58308,35356,02269,27220,06043,34085,26076,11408,92035,51382,80335,07259,04161,78349,62487,31195,32381,51586,10153,44130,02432,24297,80527,39327,76224,65280,02034,18076,06103,88141,73160,57091,76736,71327,23204,72200,23039,03162,17092,31459,14582,86059,35023,32015,46240,21036,31394,02550,60258,60153,07155,42259,64257,16254,33448,38513,52320,07095,57599,07202,77490,13073,58106,55143,60567,39279,08095,57241,71331,07317,35063,65242,52504,32001,18106,97303,78517,55109,63329,31460,23147,15134,64132,04009,63204,39116,32446,71435,70216,65407,14132,17361,58019,83045,38320,51505,28035,08010,72021,80361,74286,48155,37144,45187,75113,54471,34078,77184,14652,72260,67201,82104,67553,71538,33302,81143,22313,68324,14141,95487,01204,54582,55459,47177,68240,02121,30049,42019,56168,62249,02591,16250,63416,71466,85227,27138,06084,26191,31453,08038,33284,80488,70390,33549,40207,78420,31137,35220,80763,47109,81253,76307,18060,77059,60159,77273,41081,21700,12189,77176,39413,71521,12078,12110,81201,38526,59544,73032,33192,39054,27056,33006,64063,21379,48148,55519,70544,21649,62480,34112,35027,50535,54059,19113,40304,22360,02221,62795,23257,02302,45205,41203,62088,10426,34149,21027,16215,21468,67479,47028,26207,40111,33533,95574,81263,11078,76637,30058,2A154,14362,76554,62499,14707,15246,50593,77038,60068,86080,71585,91035,32295,22278,25446,23024,02805,10404,72292,60040,31569,39380,02151,29273,72091,38126,32419,27039,62874,80113,27107,55252,70178,80404,02741,2B185,09209,86117,59361,77423,31076,45012,66097,70562,14740,61357,85121,05114,51391,17109,65254,35166,80722,68211,38128,62903,08400,24326,21692,18273,18267,55007,76560,24160,91665,16188,27073,79254,80676,15141,63016,92033,02367,21194,27069,59152,28004,57631,35072,79337,42095,77283,86025,73141,16089,74056,11025,68332,04126,65378,57294,37039,26220,17313,54486,54071,31427,07245,35246,69123,67557,54107,54457,89482,88449,79257,34260,88395,60366,55424,22352,76108,21317,21242,10115,71561,21508,90050,27697,11371,52489,62769,57253,05094,33473,71272,51580,33066,61219,08005,59025,53247,60042,38231,55043,43160,78642,07207,18129,28193,11023,26349,54357,66180,08195,76759,48126,54390,35054,67396,31372,84137,41096,11066,33090,57009,31013,65482,71398,88042,05074,34205,85229,34157,54548,71160,49341,17297,04118,50150,51015,57583,67498,81212,51040,31041,74290,62865,68246,02493,83109,76445,29112,76670,59656,79207,80039,80811,54497,23156,11130,76740,10309,80813,16249,31447,32416,49284,46054,51534,39561,17105,24394,51424,97208,68298,49259,55336,59509,13018,82010,02823,06113,62162,67343,52325,86034,66186,16196,25422,25534,62040,46309,21155,15216,60284,60309,02458,73275,63235,43013,17057,63368,60393,38379,62356,22114,56173,22293,35168,61440,30333,15160,57007,77267,08046,29228,43242,66232,09033,17428,51371,53202,42287,33431,73189,21202,79024,62114,50532,92007,88369,67102,71347,62247,73208,89292,16061,52287,13204,79345,88511,72269,88381,88322,63394,54453,52476,40049,95610,17281,13008,26263,08435,50363,88187,28249,53186,09114,04134,50265,89266,62745,53176,62719,86178,64043,47248,68136,54183,32404,05097,21307,77272,27468,38134,30173,53008,47104,53100,91339,88501,47236,02055,57263,21062,45314,10383,69174,58186,17085,69162,37251,66214,2B157,19220,57761,64319,35110,82174,60189,80580,60471,64053,03121,32090,63473,40282,71012,24423,60205,50217,80442,14438,65052,21271,15149,31007,54515,79083,89093,27316,17199,53102,23252,73270,25278,59498,38437,54554,52468,33491,80346,62909,47265,58224,73096,36173,14041,02074,76392,07338,41054,63437,42303,79225,87088,27072,52303,38236,39394,88314,68001,39527,67278,80616,10102,57272,66220,54304,24348,31335,09232,89207,76200,02246,88100,76437,54024,18137,35091,32068,70186,15155,33094,35343,45148,78451,21432,89048,84138,14613,39259,38505,18238,19259,77190,08116,52128,26096,03048,83114,71136,95658,67282,61276,51333,64549,05178,59519,62346,57494,25191,14588,17108,47229,32299,60019,74304,24517,81237,27014,80274,60612,57593,71457,71169,27189,77391,01387,21398,02031,31442,14404,59654,46079,58244,19176,55028,80700,08348,35085,25604,65295,95447,89096,80153,80267,80677,24154,85005,27079,41110,08315,25367,37012,06053,10047,81261,79122,60147,60653,42053,50615,62209,02562,26012,02036,21655,35090,68260,25184,27454,60425,33135,74118,25259,76589,95169,70252,69234,27085,88055,88475,50464,49369,71381,10386,65456,21336,01453,40216,01148,14761,85047,67507,47021,14572,21071,88358,23194,62533,45043,24256,39141,67055,50454,45036,70134,38442,23031,33310,71450,91315,61044,80158,07053,30152,55040,46203,64295,66205,57121,02737,61448,55456,88299,22324,33188,55521,74211,77057,70111,34058,08220,33377,46254,63199,70484,48041,21552,01343,21533,18059,35319,71416,76624,90008,17363,81218,80371,87022,62055,54599,15077,51232,33279,21343,27417,76393,63349,80125,15100,04208,71167,14019,43066,73263,70554,44209,25095,59502,55330,81183,32261,10196,45250,45233,02691,35101,71542,64226,49061,31228,12007,64202,80386,24075,36194,74189,11351,56052,65026,17210,62031,70295,56219,42178,91649,22109,02308,65123,03161,46205,30177,22359,47085,59636,54355,76668,11356,41027,04037,76187,28163,57130,21183,64212,49334,41019,77026,81004,77171,60025,86205,33266,56199,51296,07237,73290,74284,84131,37035,32448,32368,77186,24456,34169,77397,91132,51327,50399,57609,11035,35239,26202,17264,48075,77534,10265,68059,76258,08071,38484,60113,80493,64453,43190,55490,70329,62253,55333,89280,69140,60605,54275,88108,27601,80777,36082,14285,27638,65219,62101,69077,21286,80751,02494,47224,42316,28190,18120,34056,68261,47179,80227,58011,51194,42152,70513,86193,62879,47150,18226,24053,25463,39202,62606,15257,73219,2B110,71535,12219,01026,19073,65316,32275,76600,06009,26106,76155,77234,14708,57670,27699,61232,62146,76738,64349,63032,01022,57111,2B087,08066,95061,60172,69187,88298,17046,66107,61261,46171,64397,58208,33071,32256,68262,95341,41293,68044,03175,51290,79149,54233,77257,14336,58080,17249,01229,85160,01432,74025,86200,29279,24403,2A323,80262,72307,64328,02275,07090,30343,36187,30171,72002,68386,50529,27453,39172,30309,82066,59142,26170,17262,91546,40193,03296,42203,59129,05055,49332,67406,25133,88198,47001,16175,38097,84046,71359,51486,55289,30126,64281,82190,62625,54495,53204,12038,59102,32328,76255,31130,19205,33503,10351,14741,19015,27536,38152,19100,77353,01291,76026,57401,62883,36069,56241,87186,37005,05038,30241,63168,72236,80461,47323,03170,80127,39534,24535,30226,58199,26117,57037,16242,54126,86158,30160,63242,45246,65119,88345,15265,64476,24105,64398,53003,30200,47267,39555,56155,68100,69018,45252,57556,50062,02593,18070,25226,59650,48136,54114,72163,65438,2B015,46251,45147,08031,88398,60201,24038,14660,76532,89349,62138,2B301,44127,38158,16326,80827,25218,16066,55443,54004,76605,41080,54602,16074,31433,46043,10280,32450,78380,25060,54445,18275,59002,76167,40067,58214,69031,14744,2A240,02751,76243,14216,71328,08320,79095,79101,28386,27692,40065,39335,59156,67559,03311,59286,28337,60056,18152,39099,60442,39387,24412,69177,79223,56252,31158,51342,37182,97305,64355,65178,28406,82074,42139,43223,33496,21616,36221,76515,90080,41260,08260,53206,25312,29111,33211,61508,87111,01237,38557,51588,08194,90032,10099,88401,84075,51360,80455,31122,87065,18054,23142,50390,26073,57203,64306,56151,62042,79166,34228,73079,67463,51142,35186,31109,15097,74163,29144,11376,85205,34032,38451,22018,62289,02380,62488,16182,51240,02041,55017,07132,13072,26104,05093,47266,17177,21060,37179,43142,64466,63327,57497,80638,08305,33016,59076,25078,76747,76514,77260,39095,67558,21180,95352,37225,61460,45150,23178,70225,85156,21325,03166,24309,14275,68282,83049,39353,19096,26105,07017,67422,14250,48095,82049,01173,61104,64305,01214,38062,71216,27132,54287,57693,38336,38560,57252,56099,51289,21615,22351,22076,38466,47305,36080,28357,32171,61283,79104,57728,62824,68013,70450,11153,27113,88197,51080,27155,03012,62206,21534,21004,78230,23057,86170,69081,36220,41249,45041,81108,51419,77248,25114,08279,17019,97112,27623,09045,21209,89400,02828,07243,21499,77421,32314,54370,38071,87114,51292,64011,82156,17097,23096,47254,2B182,05056,67212,08274,59597,21043,77070,57720,80238,14319,61332,25608,51573,16251,16009,68237,69176,52280,60128,08485,68159,60354,16384,42133,53033,57617,03227,43021,36043,53022,55378,08041,50546,89412,80556,01372,14348,94017,25108,12214,55427,71494,33254,22174,32421,43236,13039,27485,88289,69273,50155,88334,62062,37190,29267,70156,46106,57131,97421,86294,39403,76585,86099,38551,36214,16037,03034,71133,89464,03147,17312,39216,80436,10029,52415,86288,86097,32076,64026,62279,09140,43091,16421,21629,17171,49221,56237,59169,71357,80569,21088,71054,36070,36144,59579,09132,89226,54492,75112,32321,18099,50143,09252,13115,29261,88150,01283,88075,38027,11387,84118,71313,02018,67106,15213,59563,71022,70298,24501,28287,71301,86189,58054,14091,23111,46145,33238,31574,46153,78362,35245,85129,23069,70516,70320,51607,55373,08022,42175,81283,62240,25242,03189,77033,49092,24485,61336,59468,08469,71551,52278,33466,64554,36123,38224,43055,67025,50480,80101,18162,77261,88171,70423,16378,68268,23116,09228,39072,19099,54257,61123,42220,80217,81262,2A310,28362,47237,76207,29060,62626,67483,24496,23207,17338,41036,62307,14405,73095,50409,91312,89215,25384,67271,51551,10180,13071,10281,75119,22081,30125,55520,34172,31069,24142,21436,64151,52524,18173,10052,77175,66198,88090,02120,71126,81001,25321,88408,55544,86223,26271,17179,70565,59160,53158,06098,27693,28172,55484,89189,32095,25547,78444,02457,32354,47020,65463,07340,63224,80662,21101,22188,31075,27311,2B202,38545,58222,60588,41158,59109,01213,72042,52295,77134,18247,51583,48043,25414,74027,13025,65210,70550,34152,51418,65051,38223,78354,59495,54078,53250,89449,55254,37021,86295,80560,26360,64348,11021,78413,50298,11428,38127,61461,50472,68259,54423,80615,45138,71094,64322,39085,47074,05065,70234,2B184,33383,47259,72185,73110,51638,22060,31565,60483,71448,86012,28232,18215,24542,72272,17133,21167,80561,80496,53200,70481,72013,95426,28313,67128,02442,79335,91602,74107,53219,60061,14177,38486,06061,84120,29189,70310,89472,68350,74077,62061,05139,72100,61218,10216,02174,22274,29120,78502,24477,14149,18001,71178,63471,25623,65108,89379,10021,15089,77062,44223,18266,54500,19155,32092,80147,55121,17351,31544,58246,59588,38138,17233,31559,54291,04193,39437,73292,08006,19227,51220,46308,82087,02810,29146,52185,30013,21451,55222,34070,39034,24241,89391,64246,80212,07114,02106,68306,54197,35189,76601,82064,55348,35057,27109,12231,57472,73129,66080,26236,89159,66148,2B329,71141,69267,45194,57680,60501,68258,71263,32252,76665,13089,33356,51523,07290,49236,02332,44205,70388,16418,57565,32390,11187,80794,22147,27599,80803,60027,54042,53025,97220,43016,22333,79307,03203,62513,05104,42075,33543,86104,19165,88444,50289,91635,62006,77022,31010,41088,65428,37208,76634,08448,57192,79148,60430,95019,35250,31403,26321,01451,25212,72209,59305,88321,02159,60193,63059,88050,43151,58297,47066,82020,16024,08503,64136,35207,33435,52450,29109,59618,62078,21296,46104,19245,29192,30222,83094,12230,67462,81217,15110,53049,59197,84063,63289,76280,44082,28236,69297,73269,60518,30095,14241,35253,67513,17034,27560,69038,07073,01434,73182,04020,42073,65268,09314,78048,60590,01423,06038,18091,09113,76054,63131,04087,26329,72317,33123,88082,11395,02401,63001,55359,61374,07233,95018,67450,31115,54077,52201,57426,14650,40086,63219,14701,68297,76302,70280,11393,21218,06008,71584,09245,68292,16110,27584,57645,88258,60295,14393,10324,25018,01056,29134,37115,76590,01242,77533,52318,21228,10164,62840,77123,65238,81065,02189,70208,83153,64105,80579,76314,70227,31134,45013,01456,33022,14335,24473,02093,63124,31215,21348,51146,21391,50578,15235,90066,85208,21573,02125,38465,63355,67291,62672,51478,24216,2A098,15207,74016,31528,41071,49167,16220,42042,28342,70020,57692,40293,12128,86263,67524,05033,85134,04025,14046,08043,24019,65443,88391,44024,28264,63107,59219,39447,54307,19152,68210,65060,40044,60398,17435,24063,78087,89460,32194,32420,29182,35038,54345,10150,81229,63090,69132,58041,62557,67394,84106,36017,80364,65287,63436,72262,67407,70553,29280,62599,77162,50148,67329,11222,10279,29197,64492,17460,88161,79071,67156,65442,21650,58075,52519,40280,04154,76153,43201,50429,76315,07011,55004,70447,66189,14424,66103,57663,63303,45342,26327,59625,09133,24321,72305,45027,68367,16346,57754,51028,69053,19044,65085,28111,88413,24122,06069,40236,26313,73085,54262,76313,55173,16144,29250,52373,03084,31026,62792,70232,37081,77101,03144,64116,27423,39415,85151,38430,47170,45143,70195,65074,40012,17472,57287,25121,18182,17263,28170,32210,17013,60633,51110,04141,81035,65282,86169,14289,60573,78010,54510,57001,12120,58111,76238,51120,57307,97401,60559,32008,14274,72095,34050,55323,46121,61272,54530,57089,15263,12070,52084,31225,88489,72357,87014,14140,66175,59503,11012,28151,74239,35144,24573,38095,64080,22059,71489,38528,76616,51431,50232,97115,27470,77439,57667,48185,13062,71165,31302,18212,51438,13216,37105,62291,76004,67444,66124,71047,27285,79015,11212,60382,62678,06152,22284,54306,32177,51328,88037,35003,67464,97402,55546,57561,86192,17168,79306,61130,57739,58239,42227,10355,24222,36098,40333,26328,27038,52327,79002,66035,27031,57057,62771,21066,03303,15041,32355,27170,27635,60206,38409,62405,73021,64083,73301,44194,89359,14644,57058,57347,52328,67456,76260,55534,09247,37240,68378,11427,81319,59442,43050,29091,31310,59605,52357,44080,03065,31087,60493,22124,15073,51343,10295,29268,72251,31245,31152,01096,61035,69066,33443,60574,57011,26038,60223,33459,15078,97353,60199,67204,53046,58164,58024,37011,18105,39110,31445,49020,74199,73177,67088,65001,69169,22215,54271,57145,31355,47250,75110,73173,58027,40334,27527,89434,88031,24016,08340,79286,23185,26350,57358,15152,55515,35137,02487,44195,58212,80822,11086,70493,31555,30321,21395,54101,80177,45081,32398,08481,63200,16301,49223,22267,34101,52354,53127,77067,33365,68223,72143,73194,55062,22168,52031,80470,03228,51188,59162,62085,09216,2B296,23098,30180,59049,53096,77414,30335,21223,28274,97126,62868,04109,62007,78053,01071,41213,64175,60197,57332,53015,64191,04021,60378,61198,11248,77218,46018,10228,41266,19107,42050,52505,64463,17342,91195,55138,22164,85239,61304,10241,54489,49352,38449,27445,48012,51567,79032,55549,76576,06042,60617,40210,21044,85252,57452,45087,97412,94058,50489,07214,02598,03104,27405,60270,24286,38013,11404,49219,27620,55195,22371,41201,46260,58161,55388,11144,08164,71378,44010,16349,41243,67339,11272,31466,74265,47059,89378,76593,51564,02078,55343,2B334,60563,66091,42295,57702,02196,76400,89214,81052,57559,45259,46172,91100,77205,78090,52248,02290,51525,82085,70482,24381,42167,25609,02163,61445,39136,88402,70112,66157,89259,16216,18085,74267,10040,68203,50235,21667,22335,35214,17350,10422,48193,73104,24107,31088,74098,79203,91340,62363,08440,14098,60435,77122,37220,26010,79190,77435,50285,25615,08109,55022,29020,52391,28121,02303,76645,76623,12001,42174,62467,76292,10006,54049,28091,52058,04199,76721,59320,71319,10273,27182,60601,97604,65293,85223,51244,28207,69103,76412,18278,27517,35226,55158,2A008,33402,63103,31231,38209,67440,22172,64021,01177,77448,67111,66095,56043,27237,21251,10042,44063,33085,36238,76482,95094,88346,08094,32049,62759,60443,17141,56139,67387,77151,66194,27006,05115,57233,88390,44069,21356,43165,56218,19026,26289,52138,51367,68309,15151,29241,10008,51414,31567,21250,63165,59243,71268,50603,62527,95040,01254,97107,58178,80376,80784,64216,38261,31120,52037,21560,15183,61189,37154,61466,52009,33230,61481,85106,67503,38258,51349,38428,38549}","",2026-03-24 14:41:32.274366+01,gold_establishments_2025,,,,13001999500013,2025,Services de l'Etat,National,"['Ain', 'Aisne', 'Allier', 'Alpes-de-Haute-Provence', 'Hautes-Alpes', 'Alpes-Maritimes', 'Ardèche', ","['Guadeloupe', 'Martinique', 'Guyane', 'La Réunion', 'Mayotte', 'Île-de-France', 'Centre-Val de Loir",ADMIN,"{01,02,03,04,05,06,07,08,09,10,11,12,13,14,15,16,17,18,19,21,22,23,24,25,26,27,28,29,2A,2B,30,31,32,33,34,35,36,37,38,39,40,41,42,43,44,45,46,47,48,49,50,51,52,53,54,55,56,57,58,59,60,61,62,63,64,65,66,67,68,69,70,71,72,73,74,75,76,77,78,79,80,81,82,83,84,85,86,87,88,89,90,91,92,93,94,95,971,972,973,974,976}","{01,02,03,04,06,11,24,27,28,32,44,52,53,75,76,84,93,94}"
cdc05b29-7111-4daa-8001-27a5003f078b,120027016,Insee,false,"{28099,80666,70169,17404,32427,35009,19105,09012,34333,02250,65296,88233,21283,2B283,40105,80270,33547,89160,76058,34225,90099,78383,13109,69266,26071,27537,09103,62193,53148,14606,55296,60275,15166,97411,72003,45291,80299,16267,52400,05181,50378,11289,60124,72165,18138,16045,11038,08402,44027,44151,15082,52053,51307,50069,24147,68247,55179,77501,67244,23225,81180,61169,74275,62050,56110,18164,90047,09072,59343,39354,63048,24407,42329,35005,66075,32093,45167,11036,31541,95480,46180,38015,81072,89148,2B126,81029,02337,22220,05152,07148,07187,17140,09294,43222,74162,39179,63276,36240,09084,55236,26282,69228,49302,15189,37230,2A004,81058,76654,30107,80600,59528,54372,36215,46009,18025,08297,50490,25473,70284,25066,10011,89351,55068,10060,22330,50374,10391,71572,10063,80678,83119,12111,51460,38299,14100,53180,51357,17378,74233,35010,55044,95258,76231,87024,82056,55304,57649,73309,05091,27696,43049,59523,65157,71235,49120,39270,70401,27192,46042,38176,59287,61103,56125,69175,77474,18200,51521,08308,80509,14755,57676,53248,32180,91639,13100,31186,32225,50393,80631,80552,62676,02306,08161,67532,78513,31348,12198,88053,38229,73132,22314,88226,55191,87183,76559,86129,26018,11034,80557,62581,21344,38192,10108,07218,22177,64514,31056,09078,34066,73137,39059,54186,60357,82131,30287,84092,39478,38118,76169,32466,33035,82060,02716,77487,33046,59032,02347,31322,80353,88350,85135,28418,86125,31510,36184,76371,80115,16208,52079,86210,62577,24152,28332,21492,80263,35016,88349,07086,97403,21003,36202,09156,25333,53011,63043,57696,74031,42241,91433,52464,85038,62271,82026,45029,95214,25293,48121,76720,78234,36012,29086,47239,82173,11330,33520,54229,33351,41192,36179,55077,51091,07208,48025,67235,31520,62712,26238,18139,27520,80055,02824,52411,84020,97405,79152,61002,80345,85184,46068,61288,15046,12246,35292,51510,69054,40003,24071,67429,17369,63075,73086,65202,06055,66153,67395,64219,64146,03119,65003,88348,89339,63247,35352,02199,02671,48016,88013,65076,58058,76284,35132,93078,84048,62264,38344,70347,60136,23080,02705,27543,59038,54170,42240,89470,85298,45186,31147,60600,48163,51202,34115,72264,73061,26200,60224,35249,47247,26086,28084,37071,74241,77364,40136,22039,64036,11018,25485,29294,35260,35142,14025,11215,30288,59181,69238,68299,09296,65130,67349,27578,52467,67543,06102,28289,21580,33481,90005,80730,44182,54204,54188,88269,11161,43027,23115,80711,72066,03316,62354,68200,53019,45313,57297,28160,32392,45136,14032,15179,55468,70183,01146,88490,50271,51310,27553,78505,79078,27512,68270,97125,41255,62637,11231,76598,73073,02114,56148,70445,09190,22218,05106,21422,32291,18048,47016,55250,68186,24045,24083,39295,60005,07279,71157,35153,35339,23222,58255,60576,57715,68305,68146,36048,73101,19136,29214,41016,60655,88178,95585,35318,24521,70477,43260,24191,19046,95456,36021,52145,51075,73166,08381,03279,19137,15264,17136,32430,07236,54109,43205,35332,53075,02105,27260,59571,17042,54559,61480,51501,26374,70560,58012,27381,11005,21394,46311,59029,07071,52407,51235,07004,08159,26077,10242,91244,39074,67334,79231,90091,16016,17257,48167,41262,80152,43168,53038,57229,02795,43106,33532,45114,68128,02826,18012,81089,14309,55350,51621,52350,52420,62798,12031,62636,07012,57031,95203,95308,88281,07113,17452,11033,51558,01162,22163,62229,71170,86042,42217,85130,67221,83071,21376,51376,60486,89257,08179,89409,71251,88377,74114,05040,64262,49257,08053,91619,70470,46006,61067,35304,30018,51171,19067,19090,21116,01151,16385,34105,79242,50233,26283,50077,21462,31558,70075,08484,38304,66014,60032,81276,24218,89299,29284,89239,43131,44056,46314,33072,25364,19184,07023,66183,09274,57666,27439,57755,36003,33181,80516,46155,10048,55454,21498,64401,03207,25578,51090,26304,76596,67378,52297,71191,72344,33422,52260,85278,74291,80128,11383,50351,60195,11334,51570,89453,11055,32253,69192,60288,66149,04086,18244,36150,02115,80143,38181,45016,2A115,21031,22190,70318,18194,79336,35022,59646,16380,70307,53088,01354,25150,67426,82018,14425,09307,32187,35324,62424,81073,21643,18260,97213,80524,38026,50216,57591,39553,25098,39019,35087,18027,65042,25488,81220,54044,51300,57186,83026,47289,29270,16013,48058,58272,34069,10043,23055,29287,09315,54424,76429,31485,40319,48092,76217,63255,77009,31202,2B136,76160,42226,38475,76124,22205,42212,01431,11441,71233,91671,02140,77358,65239,76449,62117,57652,07007,88410,65018,07055,31275,27074,11273,76056,14569,33339,70217,63345,59375,62335,41166,45311,75108,76452,59439,23159,71426,19020,17387,70352,40025,14742,22122,57087,42171,37142,39252,24527,31580,60388,05035,88065,13032,21553,25569,76018,95409,67227,67299,60569,30263,39251,10266,17114,54447,29215,26239,02594,02505,14175,08242,10051,27158,47310,03202,64415,69264,54475,76154,57259,37068,88450,18232,25055,53052,55502,89050,67281,38193,70528,35084,17062,44131,60011,14430,17167,62605,50004,11077,58234,70418,42225,11197,31035,76692,80624,79010,59283,17045,45078,62858,51233,95510,21205,51517,22254,72121,02572,76417,65186,95059,32017,88210,62352,87140,34071,54360,42013,37217,87076,08403,64189,45261,08033,04073,29229,34107,36015,02772,59344,08395,51641,12254,16113,65171,83099,51034,17421,46283,83066,57109,64058,18187,25512,52174,80685,06100,60307,39402,48119,01349,34026,62164,54387,45346,15085,62414,95430,07286,56107,78382,60496,30147,40176,78003,35126,38559,37236,51031,37117,29190,30312,91191,14522,85199,21559,17333,80040,04152,62619,60198,75118,82128,01302,14283,74003,65436,16336,43133,70362,37148,55243,32104,21063,41204,36100,59048,61207,12073,14121,08069,55163,38268,64068,29301,88296,86062,09101,29001,81141,30039,07075,60498,42260,45137,33305,21680,91577,52529,50352,37018,21092,02816,64469,28415,91386,24143,92071,64506,65066,78305,06154,18179,22180,62095,45173,16187,70510,51287,87047,89276,02756,53026,82187,38002,89039,10212,08201,2B327,10248,11392,11058,54155,39363,59611,44044,80591,62898,58196,24197,66085,80680,61438,37172,02329,39499,11251,28315,21547,29251,40024,32284,95119,76247,07104,37141,79209,11277,51198,30244,15126,38004,67530,77055,28360,21016,22181,84132,24068,33359,42281,70043,40054,05177,52005,30347,66212,41294,66215,16083,57427,31423,09289,63058,17120,74175,02239,22162,12039,31374,65255,41247,28199,19013,22235,57406,23114,02249,67185,69080,77117,18207,55477,51626,67140,28041,62616,51440,39222,30030,58250,2B316,53197,30019,21604,21220,68091,08120,55320,05077,87042,64498,66057,24382,65180,82031,10361,38301,74174,57628,33453,69007,55426,30001,55166,60692,34223,80799,85282,10121,24385,34251,86167,67005,80051,54171,66145,10214,39424,41083,60500,76614,62708,81317,77233,14209,43164,38137,88060,76055,67383,41094,71318,87126,42298,32370,68166,67125,44072,36163,70483,36122,60183,46297,54194,89077,21139,83126,44079,43052,81015,12275,50106,46267,26157,26135,02009,54434,33010,31169,56116,47157,67505,51264,27319,85235,01063,14562,66208,13015,38522,73190,57517,01446,01437,74130,80058,18071,02059,10038,60016,15251,80190,62412,43211,79142,55039,14514,40075,68264,19147,01355,02782,45195,27304,91243,62310,57500,25035,59063,22061,34146,38357,81116,93033,70500,16248,31446,09167,31568,18014,55160,13058,51488,79023,24272,73184,02420,58187,50549,49129,59648,62189,72215,57548,36114,62863,92019,59233,22321,24533,03152,36241,52162,04115,68145,69284,76157,84087,57671,80009,55038,89465,57067,54213,68155,47324,09257,70351,80693,69055,19019,89162,89230,64523,06058,65095,21302,71564,73247,76660,16245,21602,50022,58002,88306,64526,54123,95394,09338,76235,34106,65310,89195,82176,63221,57424,40152,24571,02381,71247,74134,72150,49038,88138,21584,85028,29252,71588,57402,60004,03044,31524,33186,26197,89326,64213,02102,30022,50487,21605,59083,62609,35185,88073,44098,45296,57266,17396,14301,39013,27111,37095,33248,70059,77508,57016,95023,49045,17037,57232,38038,22115,40316,24537,17091,32152,07060,89233,63448,25586,05149,61408,88435,47197,29027,14308,40262,89156,51069,72295,59570,82098,09068,54520,02282,35150,30196,11062,57215,03198,24023,02831,52499,89149,71325,44088,78655,73327,74135,33320,79215,2B057,71223,70509,27022,59054,10410,67089,34301,62597,28012,30201,02729,73047,76272,27238,17101,38364,33474,59617,72306,88107,50064,31320,26358,61494,71577,60088,55361,08048,17131,65359,74212,31286,01360,32331,71556,86186,55447,14411,16345,86187,40198,18156,83081,67117,51166,24308,17397,55473,28180,77209,31250,24451,82002,15211,23052,67314,88461,56073,07183,62064,40087,33212,21360,38536,29210,33281,31312,31581,50395,77275,71121,64089,55313,56081,42132,02372,02613,80367,09202,91378,22300,63137,71242,02769,10084,38398,01245,03035,77164,77470,01166,77522,88236,32263,04149,24362,05131,67312,25327,69074,11145,51619,01087,80319,21023,57210,65163,01029,24411,25032,07200,88184,29185,67277,31358,52444,51208,23048,55467,36089,50283,38255,26253,39201,70106,50291,64470,61373,53119,06033,53216,21191,50085,18083,61309,09253,80181,37007,42265,54175,01230,24490,50294,21233,93010,77436,35125,2A209,49364,31572,73314,54052,33255,59039,30109,63286,38517,11059,79080,03041,60175,72119,04170,86108,50357,02066,17291,54258,17459,50135,55391,62266,87176,11280,83141,19238,69295,39356,14287,85065,64231,38316,19219,27185,52218,71530,60094,24319,49301,55376,60548,84142,89169,40190,55057,46299,19163,58260,54575,57571,01002,76115,02459,50604,22165,74014,28197,76606,37121,30038,28206,19182,51183,89104,34014,38256,74206,42100,09176,24025,65364,39101,23097,39165,79131,45019,67446,48132,61008,93071,27053,52355,57477,60394,17124,84105,70214,76206,69023,28049,64003,41018,76331,30290,10357,70080,43096,46038,21235,49127,23049,22201,62384,57621,54013,23029,83113,68154,63014,81139,87030,28119,74042,2A312,71254,14733,95535,07034,28022,02738,2A330,22223,37258,25354,34165,38538,31017,76334,01420,03218,80815,57495,25394,02830,21593,54210,80150,38450,09153,81094,29233,80296,63087,36052,38351,45109,67539,02672,01375,60591,08162,22318,05037,01304,33162,06108,14022,07275,28377,88500,68267,48198,80291,62377,25154,09183,47071,46094,42049,76481,12307,14731,45290,43080,09200,81136,07158,70093,19202,64489,30279,63100,67119,68197,71320,74080,89198,55145,38473,09224,60553,69170,21420,34252,73200,54008,88170,56156,35047,31070,31194,87080,02638,85128,47176,50572,70486,47291,63046,80327,30339,81303,64254,38280,17246,31077,84003,45068,43074,46028,19175,41086,54588,24055,38086,87009,63033,72166,43247,71082,21102,52110,22338,47282,59395,87075,71354,33375,65067,27348,19124,80536,21439,18256,74192,14711,16284,60362,19232,42070,70566,03258,70385,22016,44081,86145,07110,77350,01100,62873,78561,57281,59208,35346,70409,24557,89437,52548,31536,41256,03315,34248,74256,55162,77029,42232,78092,46135,10124,45141,57564,72032,34264,07287,07225,67473,08229,71093,24312,26176,71095,64412,65169,16136,59325,24248,55411,39021,27232,52308,18026,32099,59055,29235,71154,52266,82170,45251,35244,91568,80297,71491,27331,29130,26150,66051,08392,80192,48028,61307,11114,77220,11217,09280,55437,08405,03018,16405,10305,51201,10085,74252,51251,47215,91482,25075,54265,12201,01333,80041,47042,59052,24108,34067,88532,82185,81062,63366,11016,44092,61398,10019,88080,10323,39558,14714,32072,65250,55114,59550,24199,19087,87133,72037,10434,05128,04097,65424,55584,84095,48147,72314,73226,90021,43167,28156,77309,01313,44140,47114,68041,47142,16395,02383,38338,42074,56014,81093,80717,57734,64491,07022,38264,76325,08178,32332,54152,41144,37046,88212,07203,34212,2B135,02259,54051,14066,14053,81013,25042,46196,39531,85218,47284,51647,79301,14107,49224,72164,2B265,83013,46181,37044,11176,70568,02435,97408,46206,12216,62397,63096,86039,88304,24515,37054,62395,57421,67460,95607,78415,89155,40332,40281,61183,62717,76424,34229,48017,73055,88380,71437,11049,32255,63428,14288,24480,26131,57020,71309,45139,33225,03058,64364,50120,36034,60691,44212,30128,78384,62716,27384,69127,58247,60187,47025,13085,21656,78528,24281,80836,84066,76192,76149,62758,77481,88071,31229,37268,80314,22354,63040,24242,55118,62214,81106,58059,49035,77211,27183,51314,55306,18090,59312,17143,61399,58190,14249,55579,12143,54161,16161,53162,78672,37218,40051,11278,88078,40202,88313,50098,39127,84060,21630,31507,90027,06022,64172,76184,27613,84082,17461,46290,60494,50597,57607,45175,21673,53028,50338,10071,06127,70121,40002,05173,57321,31263,70229,51362,76565,02356,23071,54112,26130,79265,42197,55198,71227,03116,76439,93032,83098,73288,21365,59148,24290,83142,51556,76041,71498,19042,14202,25083,37139,80093,80613,18174,18040,11430,16315,44150,30346,72213,10132,95024,38116,31240,89216,89129,54451,16420,54133,02058,39128,28129,95529,80301,76520,32020,42314,40294,53221,52011,28019,77145,77215,72059,71032,60639,01109,57303,39419,76684,55375,57240,17412,60292,30356,52372,76020,78190,87195,23007,59014,10369,81195,64215,07222,39585,70125,32111,65102,24377,61006,21458,31045,62134,65475,29170,19001,51458,54476,22137,57682,59415,91232,80087,26026,25518,59352,55185,64092,14680,10365,48056,30112,67344,49063,86124,18034,86206,76374,55060,32454,60637,63440,21054,50045,62362,37206,70117,90079,72268,44045,35094,27667,15252,80021,82091,33116,54386,28192,03024,51412,61043,58225,58185,81302,31004,16198,89402,62588,33521,28095,51102,07241,58259,57167,31168,97313,83076,54385,35179,42248,05025,95211,68163,22053,36083,77329,17325,37106,16137,57575,54426,73214,50237,38129,54259,45108,21086,09087,12217,24476,43245,26024,10390,40215,59146,73233,36032,65124,65474,11304,81158,73088,47083,31424,05018,18209,46179,15231,47172,64365,17483,64406,23224,40165,43158,44101,26069,62593,89418,34077,04242,11423,88155,76252,77314,18075,44100,56262,15139,62198,52526,82041,31330,32417,47078,46250,76096,53142,54336,18135,31564,57336,01125,38483,01224,46286,59371,21388,09005,33477,15204,66213,73281,21603,63185,21196,38058,38203,44036,09074,70381,47072,97209,42180,41068,57339,58204,04184,31511,88375,57154,31553,38405,46174,53017,50092,56184,61381,76675,11352,61333,81111,27608,18220,33045,11084,55010,25421,31354,80071,09265,63426,64381,50403,01303,15091,39291,60409,03142,61091,31274,32348,29254,32351,55212,58256,27370,86209,46303,56166,30174,09011,59247,81325,07160,69172,42030,68123,62623,25574,01116,40146,18185,71008,91405,28312,67273,71311,10091,25566,14055,02476,31039,47169,19117,76538,57534,39533,09091,11224,55059,56024,25195,39200,77393,02796,23171,27414,80090,77126,24510,57418,02625,14246,54215,70017,10107,49109,11052,60279,25100,61167,44091,57473,28396,14310,31314,47108,27535,32283,31218,11164,52156,81204,14195,70118,16100,02185,13037,41221,63053,09272,57530,49076,51348,41012,60352,07247,56015,58114,88453,33219,87079,68156,17146,17160,64222,94038,54594,59635,87123,70441,65101,28233,02165,89222,76384,29272,62472,17405,63279,82169,90029,59609,80081,63277,51407,60330,35131,57206,25632,22071,30253,70174,36230,64135,70472,04076,79346,43025,80629,80691,23199,63402,85222,74057,55125,09063,33033,19089,70181,76242,54266,21001,85094,95651,64536,57268,71589,04148,82159,73081,52272,13009,17442,02544,35210,26011,59105,59423,15069,74222,65386,55475,37126,44078,01190,21163,52265,70443,31046,10358,64177,41175,78196,37170,86153,53168,79269,33018,74086,22365,2A092,29188,46029,59075,25105,74209,81056,40101,62584,46091,01388,46138,17234,48003,24155,43036,56027,52463,89188,37229,84119,14398,10183,78643,12119,22116,45112,08394,39552,62465,14639,37034,62710,60699,17271,34339,80648,91095,21380,33114,07283,62235,48170,30100,87006,81128,14458,80788,54119,60418,57562,51312,69137,36116,52518,05154,25621,85009,24077,70491,64352,88239,50030,08100,09336,64481,77531,59082,97124,39160,51569,49018,54158,88256,22213,61137,21053,42317,77228,88335,80107,28079,81234,39313,14172,62029,25375,25625,62660,71088,89172,73151,71383,82115,55293,64454,45024,51652,51072,51618,10430,17007,02789,62742,47156,57496,59229,67494,66004,41148,67164,21013,09192,69214,19190,71190,59533,64375,81193,57038,10416,88292,17216,62628,43090,77444,71447,07029,84038,86287,85207,32024,74151,82075,39296,21236,71460,73103,25339,11407,29080,08204,42058,70332,28060,11039,17198,60095,47307,18241,12032,14396,16293,55489,86291,88105,10377,40269,73064,37249,70498,51323,88483,82070,74063,2A139,55290,36118,60305,32365,59130,26144,79112,70142,19054,54053,25245,59100,49247,52190,81115,57434,62403,80462,24459,78189,95678,60192,44018,60412,89442,14456,24576,50542,28082,37157,57274,89027,67362,52294,61129,62207,97407,42288,65454,63463,87180,07133,50040,24464,63298,59368,26293,42189,08209,84130,18250,15196,10039,60497,02829,65145,56068,82142,11344,19031,33021,54168,36006,57355,59256,12290,2B023,22055,63056,36152,62036,57447,39475,37274,58312,59081,09164,33184,56144,62060,34255,61393,01452,77045,89342,34273,41200,16028,45032,57451,2B145,19237,19062,10086,32458,42093,65353,57015,51145,11109,26088,95252,54585,76282,61426,57299,16358,86163,76128,47123,53220,42149,62612,22070,39359,23076,27410,2A262,68058,41289,59069,51083,48081,17027,38489,37244,25002,65305,08326,65330,87023,31003,51195,12127,27385,54332,17134,12109,32236,02774,65464,17204,33280,28348,76705,44038,09029,05127,50234,47231,10423,21677,97118,32135,33483,08028,22160,12299,46234,76095,26306,32407,15117,30181,36167,59094,62361,09182,60506,60628,37263,51147,12236,59525,64252,12130,09061,02776,19233,22025,57312,49294,59200,71503,63094,19038,40266,88136,89038,24570,55353,24184,24135,32046,81102,72385,10083,12084,33025,42224,13110,62337,92073,88467,58049,87124,27190,62232,58034,92075,52233,17084,62367,35227,68175,38372,27229,02395,77315,18133,02683,77036,21454,72335,25373,59280,55148,88503,12085,46182,68008,35007,39228,61032,33140,50410,44006,29073,14412,21691,47228,63384,64013,55540,79298,83043,37028,85251,65093,16200,2A268,31499,89111,62259,81233,71454,78609,21152,88432,08464,38061,14406,80252,25493,81085,34287,39214,33009,35241,76671,34129,54157,56078,42326,03192,88139,76394,57042,25478,2B353,29247,18097,63304,62536,11182,74263,60399,85059,32218,59349,51489,47315,30292,62238,60049,38194,52413,45151,30069,70228,38139,48182,12046,62169,60347,25070,18251,21291,60450,64511,71330,62470,58023,37265,42140,63317,88327,32034,81249,73067,55537,84056,55202,57344,52342,65183,30032,54146,95127,02718,69133,89143,34132,74229,49299,88146,31404,21051,30091,39404,30075,70199,38384,27227,35359,47031,81206,69279,68302,36041,03073,2B067,87107,14215,07303,62725,07042,50394,84019,23072,21511,68028,62387,55279,60015,33205,22034,47067,31199,38102,02307,13019,04093,04058,32077,21532,14120,55565,39375,04178,65446,35051,47049,28220,61462,89144,55186,09189,27057,48141,80548,27446,01128,32373,22187,62783,17261,07006,68116,74087,30074,77182,14342,74220,57249,67222,62251,11128,07235,50081,57318,35221,28298,28317,61195,44218,68170,11390,76421,74240,14385,39465,50475,77140,32222,89152,30020,83131,64411,46214,70282,45239,64225,81007,07097,59122,14242,94011,88472,81049,22098,15266,28301,33023,07327,65289,65252,18243,12106,28278,27497,10005,51456,64158,21010,64512,86095,64250,59448,56062,32060,38006,23117,76372,27126,2A017,18110,62211,84012,71477,51138,09125,60313,66078,51216,64308,29136,23070,64230,47070,50311,84084,33028,48064,69263,38334,43118,22203,91201,56222,12092,31522,14578,18171,08406,76193,13083,07098,61412,49107,35037,45153,62047,62197,49028,23092,56178,62293,50436,80705,01032,50408,01347,03271,67241,72383,59108,62765,60039,29151,13029,45191,88353,86005,76218,05121,46292,02176,33239,83016,39532,30027,89139,59655,09105,71455,52302,56105,17020,41217,38075,37260,84072,89450,14407,48166,59536,24441,12138,21141,40127,23102,38321,51115,90025,22388,72254,77494,02294,59061,63365,76418,77285,33463,16218,18036,67293,78113,76040,74167,06044,02631,14344,37194,27556,57726,60420,28271,37133,77097,88010,62846,47287,65356,13214,58115,55317,50373,85306,17341,70126,11365,44157,42324,28212,70149,80802,11254,45018,08462,26270,77349,44199,62764,49170,40263,51437,02583,15148,57553,70478,01102,27234,86035,54122,31247,63299,17049,77065,81005,95306,59496,17200,66068,52213,88111,48161,79218,62348,19053,59392,12152,11358,10078,33111,43224,82126,54463,53226,80341,59564,54124,46281,15161,58014,54207,03004,08198,26323,06032,21120,42145,10247,33379,2A359,67516,05076,21349,14047,31397,85201,39556,52120,69217,38333,31246,71146,32320,26222,43076,11401,76549,80634,59445,70260,06002,43057,33078,18009,61141,55327,39346,26123,19118,54033,24095,54118,21413,16154,25043,07096,37038,18065,62774,76435,40130,39464,51280,57116,10412,88378,57051,67259,32010,22077,34043,91689,70245,50500,65427,89471,54263,65165,28290,60413,51003,64227,76646,62830,71550,80633,91174,62894,45111,03066,72104,72212,67528,76201,61501,88355,24375,77199,89250,80437,38377,11125,77317,87054,69057,60448,28369,25380,14519,51020,80046,05006,09238,71475,01350,52042,21106,32237,86010,08193,38230,61454,82118,33125,60163,86292,21635,76711,33054,84031,59488,25203,88115,11008,35178,31316,67061,36045,31150,17221,34017,27214,84070,25490,37162,54086,56224,33240,23196,55312,35078,52540,59066,10186,33204,60041,44012,81170,74195,25067,59306,30110,88056,38051,56220,65028,35161,38563,14230,80026,80162,88063,55431,80834,57709,33413,88121,23211,21445,59416,78646,12097,25141,31336,21140,61505,62186,76673,59580,80515,62680,38281,28390,53072,64396,24259,82029,29161,02168,85281,59172,54106,63065,07092,50238,68097,62756,24278,2B317,04204,54246,02415,02620,52497,65339,65298,71086,2A271,07116,61293,73300,64530,86218,69188,69242,37153,27153,60085,01052,66081,05144,2B341,03257,59262,62811,54323,10257,58307,01210,88426,66146,03140,62732,50079,19040,02693,09081,70002,25085,88284,60539,32410,18228,14643,16052,17289,03298,12012,85175,62133,33139,66062,53129,52437,50243,38017,53109,17079,61233,67020,34200,51616,22228,58209,21582,84044,55094,55217,59232,86016,61395,40066,19212,11415,89076,30131,10260,16234,33244,27336,12168,35060,60599,52257,40297,90028,61507,70138,80421,64008,50499,02804,80156,78238,77084,10384,38032,95554,82093,11089,64165,78638,45009,39581,19072,50505,60083,07009,38373,44064,16044,60213,35201,40030,16239,77373,06115,37084,62160,57301,51062,80293,62739,70107,78475,53260,34253,43246,07315,02016,80396,72141,24104,65300,74069,60003,57250,39022,42245,50568,2B053,77381,28139,2A348,60200,76222,55029,84043,01040,49269,12228,22104,26310,32166,82186,04090,27157,67269,31498,14409,17121,55476,07168,35285,95213,59388,27102,10382,01038,87194,34177,72183,80266,64131,86020,14676,57713,12129,81282,89439,26177,06126,64354,09044,67053,36222,79047,15229,44189,69216,76635,02024,66170,72094,51506,55533,32025,15107,88069,38167,09098,16174,37169,04179,68084,69064,32181,32032,18175,21059,77445,01246,84086,26168,34300,06147,2B205,15254,51623,61286,67311,51356,15048,80213,16348,36001,33070,61170,63389,18056,43226,59527,57658,31110,77212,74186,57389,53228,80829,28023,76209,10129,45044,04157,58021,27422,32384,91570,51032,71034,08040,57098,17138,35258,59593,43156,27066,72247,35243,07058,38393,03114,08117,60407,2B242,51423,24036,69218,14080,66058,17401,77347,21110,89053,64209,68068,84123,54228,39269,80054,62741,57171,64494,64114,67213,60622,41052,53063,97404,32341,69288,40060,82079,21495,12141,63029,10317,21482,80106,35077,78606,02155,14715,95256,21262,14260,58160,30262,82042,01133,56031,69028,57641,69278,01044,88098,56221,33344,12121,59476,21515,21006,32251,16085,45099,63300,26110,54050,50269,22068,27254,41280,27298,39559,41195,62068,24380,32414,62828,51048,62150,88439,01046,59484,77467,19193,04187,57377,63257,11326,16321,42219,06085,87157,55063,46246,53169,28117,76714,59092,01392,42129,26163,2B311,14191,62539,62418,16422,88507,63231,36109,70079,08318,24355,88317,27020,78460,02444,81112,77239,56176,02396,89176,79255,47087,86194,95446,51495,04039,62067,02807,21282,45327,33516,31273,18290,24410,28135,21078,12268,18079,06106,26225,59639,44118,08192,37029,50585,19110,61493,31255,71312,89415,05084,47277,09030,64017,50607,58175,71512,21474,54283,74150,72352,65205,77482,52103,02108,59421,62463,61268,54068,40278,68095,65177,48169,71156,63178,21005,79126,25224,77520,71516,13096,89376,71271,51627,95166,83087,57361,58192,87125,02559,35081,38478,2A089,03300,26066,17226,03094,05024,80491,80273,52116,59583,11255,28029,57412,64557,62586,39104,88382,88066,11311,2B248,89344,40331,76381,03043,62695,07177,11236,54590,77079,67091,74059,60373,55412,45184,47159,25234,02666,86085,70546,59186,24299,64051,12155,83053,08246,12181,80151,97109,54293,77107,67432,51153,22176,31053,41237,39321,69141,15199,66003,67098,55527,27373,2B213,94034,63453,24446,49214,02601,48123,71444,02684,65057,94081,69005,08137,82106,63101,39302,39162,33501,03295,45337,68165,22246,67554,62644,25247,21017,55409,24227,55442,60117,62255,76068,2B281,86109,05117,44052,70006,36155,25101,02702,39454,41284,60385,71428,59332,79059,68090,10140,31551,32265,52385,33034,47212,22129,02150,24158,31204,18007,77372,47199,66023,67379,16236,03317,70471,64543,85176,59259,11361,22065,54145,42238,23202,08287,46154,60306,48174,03139,24074,38529,34024,21184,30203,46289,63337,60051,24452,10072,08018,55492,16389,33508,87052,03309,65016,62051,25560,14732,25532,26368,79137,50426,60043,93014,03106,11093,65195,11320,54178,31519,08480,59473,39282,75056,08174,33374,12225,31277,02682,76734,64441,18147,53270,25089,16193,80621,72114,50066,86144,33550,80473,21149,88263,29265,60355,81109,22277,09027,61146,02164,85171,25525,09324,59184,36195,14040,21157,76550,30236,31236,66184,26167,22231,47098,21267,87105,95219,57133,50553,67099,57425,2B156,36190,11040,89296,11047,09251,82036,62237,80806,28347,31414,36247,67169,56232,47297,02370,15019,71486,60345,45171,31503,08263,07013,21289,31118,89025,33341,51552,17203,32063,46023,51214,57022,52300,72333,01010,55113,24206,42243,07334,60084,72367,14499,22214,85139,62761,78558,2B086,26101,88519,18235,68067,42330,52065,40191,60529,10414,43207,54169,31313,56080,64211,37237,55406,55012,57527,80070,60245,49026,67038,69027,34143,64310,60037,57211,22140,49216,94044,29296,80698,95331,70255,60698,27140,43042,82130,39310,25227,51311,42078,40231,68239,76603,13026,76610,73150,18263,59065,2B223,70170,45023,34180,60097,56003,02231,34217,46258,36013,71163,27568,50397,73276,89430,69241,70449,55153,67547,31203,31461,80230,47314,79125,25430,23152,19263,2B068,45162,70051,70457,60053,34302,21358,37259,39306,80183,62448,71004,80696,32122,68353,60543,50039,52395,33423,61079,54335,79141,81223,41078,88469,40239,80665,60436,41051,38114,07249,24404,18141,48194,97205,18023,17087,64079,72123,41238,72001,08343,37077,77478,70145,78590,36105,06134,30198,27393,62148,27228,38390,63320,64054,76367,18109,14297,46253,42254,38408,41095,79019,16224,83031,51658,12232,65409,38048,32269,23065,10275,29177,84029,67515,63369,14136,25599,27188,73034,70039,80343,46033,22092,53112,26307,36133,77278,27466,69009,51518,64346,71433,89030,57516,38245,81031,17250,01065,31525,04065,38130,67430,68250,39225,71182,57260,35261,68109,48106,36057,78291,34210,70101,36101,38067,36204,02708,70213,84103,57736,49222,31344,70334,08113,73250,14689,57082,80499,67285,27026,76170,72110,22245,12124,45202,55218,42136,27120,10205,60156,31515,42065,31165,88068,54057,77231,14602,15209,18122,24450,80379,71212,31190,14587,72090,58122,87152,88123,95288,34274,17066,28255,02819,03064,21442,55324,41049,54090,86293,10204,49102,27032,01147,61341,67172,22342,19133,18151,19055,73236,77484,08140,63306,26124,67166,70105,30218,81050,01269,33058,72025,50510,22198,80287,80060,26014,46122,08243,01418,02755,02297,85188,23016,40005,78172,02223,54331,09168,55338,22064,39166,16402,91549,05174,10299,12072,64486,91319,83034,67521,07296,10370,77230,80703,38497,29046,14240,60264,62195,52285,88049,2B124,2B080,51073,78310,58084,78381,77447,43256,24337,97611,80003,71019,74238,91600,92077,08021,01169,50086,39476,54490,80052,08446,55184,14576,59090,47004,76516,25228,35251,64140,03223,66115,71338,86131,80482,17187,54012,34002,63169,76103,37056,80681,25107,37064,08437,68009,26334,64040,53131,23074,71573,41234,41220,58282,29030,46022,47196,46200,18219,58295,67308,69235,60470,03113,19252,42333,97222,62908,81130,63181,14305,45241,25521,39194,49228,48090,67054,31011,67455,29159,64467,51050,50590,11216,33484,69227,60002,65372,04113,30079,42081,65151,43047,88456,65193,62853,62801,85024,41043,76264,56246,65166,01139,62079,80167,80030,08271,77514,60555,62066,40265,57545,49262,50090,56239,22108,38519,62585,66112,94019,22006,58305,38354,51099,07251,64343,30215,24372,16339,34135,84127,68351,86270,87132,12272,72167,12185,51384,67187,60141,22232,74237,64324,09231,04188,50290,72321,31287,73249,27215,70203,18042,23040,24529,02470,51167,61133,71201,47173,78350,59659,28033,31349,07107,65414,71393,31033,45074,70361,05103,21518,63321,11181,30265,36110,57340,33479,59658,51217,60335,19002,24037,24238,02670,26186,70091,34288,07266,19088,59443,28354,59591,76708,50601,70536,68212,32005,73192,40327,02467,16191,51168,45338,80587,62639,14145,19194,04177,71349,49231,67441,63039,09001,74287,70389,27168,77379,51068,36018,56115,17142,26090,79176,39197,51439,64071,74144,61158,38511,39333,86201,17376,24566,22341,63363,62806,07027,70412,32334,64540,34233,15249,84140,54180,69019,51169,21607,21290,58157,73155,70325,80031,70094,21571,08208,45275,47192,22169,16357,10269,79213,03015,88109,25486,12151,48021,08368,70451,12259,52546,89037,27659,27212,57054,57596,25199,67465,27156,67030,97229,89175,84089,15106,08327,61483,46162,88116,30139,83108,68051,62534,80511,69255,27148,77208,71194,11199,52436,04036,70287,42125,81312,67373,70468,16143,27502,24305,67127,49176,74236,91198,81046,27567,62666,64159,09198,47127,91347,58141,17433,33315,02224,10232,37036,13076,39020,13082,04085,25550,23100,57745,02042,09334,42305,18168,50137,68244,29071,07181,72077,57549,55425,58055,76657,70432,70297,07255,08301,60377,90033,39244,62030,88196,72196,23107,76388,79297,65411,85137,84080,63222,77406,77277,06088,46252,27490,32461,62065,02793,38266,70289,81294,34191,23139,01115,97119,54290,59378,58195,45343,09174,36033,25324,03195,57013,55123,68112,86070,09147,02382,63088,68204,43023,14649,63243,51463,09022,02331,59587,68221,11063,40287,24253,22091,15016,59239,42130,45204,07344,54252,16041,01239,62261,05079,22001,35330,62163,45268,66174,52229,57613,84036,35156,65041,08125,32188,11417,72180,81142,97615,67163,27632,15224,02746,60571,62166,65327,85096,33273,55048,04072,24424,85244,62205,29147,97409,29221,14360,24262,33546,58170,28147,07215,57014,67006,80318,87043,74038,43058,46041,19070,18039,67550,29039,34124,21179,88036,35120,44176,70271,11340,26258,2B088,60271,64515,89003,60059,24378,30195,91064,71452,08141,79111,68289,66138,21626,85006,59073,21473,67391,92051,66122,26243,64224,87148,21401,61345,16287,27645,01445,44217,60228,80792,70323,62131,76723,15135,77411,48051,84041,32039,21693,60656,64157,52516,61287,34332,52356,30318,86121,68073,08386,56029,23056,34122,2B101,89080,49178,01273,32172,76730,11183,80311,23027,25605,62698,72083,37112,51445,59034,74271,39275,71189,07048,25268,16277,22019,26340,23212,29153,60090,77426,03109,58030,81182,57293,43029,79339,17222,31025,69117,45026,08165,10327,45169,62112,2B049,21676,27301,71384,37127,76368,64372,90056,52008,65159,65069,73186,27492,08248,01393,41010,03229,70030,89046,76479,14592,42300,52251,33369,74099,69197,11327,25084,11301,24284,11264,17306,77386,67338,86276,25056,12050,02449,50356,05096,80429,32117,63386,62634,56254,72187,65229,59103,50455,43216,86127,17482,24229,73243,62646,55438,08037,95199,25280,16152,19229,48098,58262,01430,77371,58201,66197,02253,26108,68300,16102,73206,18067,58230,51344,17330,48087,27389,25433,86159,77473,60265,60670,02473,19146,66065,02471,73237,55005,09199,19191,42335,44074,37174,58016,17068,21121,57763,70037,24553,27083,51542,49237,38421,77311,77432,70415,02405,21142,60446,76156,36120,59230,06067,2B328,19289,76025,76594,48005,60022,76333,80020,08155,35180,27671,18153,02616,24420,54505,21260,68018,38314,21392,66028,12207,33358,63106,14200,35069,63460,76724,11070,27100,34037,64538,62886,11386,17410,08482,38191,35163,52492,51317,86112,53272,63160,55132,23209,48178,12237,21225,60210,51468,17035,36242,39308,64394,15088,33489,86174,68271,06105,50453,76407,39241,14675,39431,80413,71096,64263,22179,56147,70210,55345,11324,32376,78289,67232,26111,30054,33231,72129,21475,54288,57059,25538,27458,62552,43153,39068,68335,24174,77195,71322,60491,25233,07224,16392,07065,2B234,88142,39569,80069,95060,32069,17161,67345,07143,52431,51338,14563,66223,88089,31209,80390,32431,22131,57650,71152,88152,02378,27146,09270,54100,07166,49205,60669,63211,11208,52371,60545,82122,40056,80667,39567,52253,61346,17329,82016,11275,85097,28379,03037,09340,53273,2A272,59149,49057,66176,89417,64129,28286,07010,14595,44087,16231,57474,07172,32088,04110,63407,84054,16185,60364,47200,13215,80670,39096,45084,63280,24507,80375,34265,43258,50117,09250,38060,45037,60664,60073,74253,77337,82082,48013,79162,11353,38212,83116,76599,21333,03233,55129,54415,85157,22047,14492,27313,31138,62165,54097,2B161,50481,62602,47183,15002,17254,88166,22046,67095,70055,10225,66061,14205,02339,87029,46231,68364,11218,42183,73202,46244,53136,40289,71081,35106,16360,76274,76416,28387,67497,29040,59313,09267,01015,85109,31256,67436,11333,69109,38156,80464,51268,85200,03134,69045,45100,08070,17205,80347,57486,65422,76262,10172,95177,02218,81316,30183,59346,67544,45093,22044,14700,15020,39029,62558,14159,64247,76700,05163,25156,13038,60343,55001,37271,55368,69283,67492,55553,33342,60623,21131,2A091,64395,21393,78567,71315,10122,27437,58052,21172,63411,40211,39565,24511,59117,21699,60034,55506,74282,81055,27435,43173,33362,26333,09162,41042,62059,80617,27674,39456,11219,21563,59504,09211,86110,09170,77323,75104,86204,72291,77456,60572,71264,32065,03225,14077,26119,17023,30036,17095,41187,88014,53259,46083,11141,37196,23078,62688,11336,06129,55551,64421,54216,02315,43249,46130,34236,11286,80339,42275,78344,88425,25157,48157,30286,2B332,33425,01436,71380,89459,21015,70476,38368,79055,32223,30272,50055,79154,88185,74005,89431,13010,44210,17473,66134,74012,74313,15260,86279,76249,76269,11017,50349,62057,16184,52250,04063,32195,60244,77130,65326,21444,43108,01450,50514,71540,70004,67220,38474,61411,56132,29011,31253,08016,55397,82030,45054,27643,80716,15245,61339,42063,97311,70198,60063,10130,40309,09085,02586,91345,18072,2A279,71071,63201,25451,83127,53177,38041,50192,51247,79313,69201,83082,50422,72064,34259,55355,13093,33180,88167,62862,14436,25406,02023,88514,77475,77188,18186,97203,24151,57319,44032,16330,63015,57118,59406,91098,30072,74264,14086,31587,18271,31570,55177,71107,89091,57073,40250,37281,02212,27544,08349,67040,19064,77297,68188,70148,44083,51304,90037,77363,44068,58088,25387,45097,30305,83150,51186,54462,59044,81257,80337,85058,73213,10046,41152,18089,46078,03026,08149,12147,04209,38269,24114,67011,01240,65164,58133,60560,50540,35076,36170,02417,85163,08183,55383,81149,58213,65135,57040,17067,14063,63469,61451,88154,10157,39001,72133,54037,72022,70523,09320,19203,02422,12235,33133,51234,51363,45159,83008,05133,16014,76046,17016,33347,08335,06095,25477,10290,25151,45020,31585,2A326,55316,50108,53262,67142,89477,29106,06130,26347,59501,89485,76432,68057,07144,77336,55032,89217,56041,03010,61061,88026,60214,24584,17126,26161,17212,51417,59057,21118,68290,85108,77454,03050,27322,60237,2A071,47084,89371,70437,76091,38452,02268,02647,36029,07199,21627,88383,15111,33426,65368,14542,47037,55332,17469,2A018,19257,13113,57076,18074,76491,88460,78688,17365,57256,79163,30117,42051,41277,26084,59155,88039,37002,34030,97612,16233,76237,51316,72068,37270,24110,33145,41297,88446,62260,37080,21024,07341,14092,02276,19287,68193,70431,70440,27408,77269,36210,46059,80025,70140,67474,36063,32012,11156,62821,10340,43194,77326,39334,03097,29162,36142,27427,10289,31106,64047,02338,72178,05157,09311,14090,2A360,84145,64199,17436,11185,40196,61344,32064,71184,74088,14020,36160,59419,25290,73223,10171,45203,68291,68205,70115,08080,77400,04035,43263,62268,16128,21586,50292,31415,39370,07210,60660,74137,06157,61040,58273,21642,17278,51006,44190,18197,64550,67447,28215,58140,71339,62525,25159,61211,16111,10188,02443,77339,39031,19226,58112,65382,85026,59616,19160,29065,41281,76494,65377,25332,57574,88029,08353,68142,16243,26229,60516,35102,71266,24445,86130,49311,43234,43127,12297,25385,63468,88360,80275,03090,07025,17474,60468,58229,28116,85049,85221,60299,25439,34020,45245,27317,10061,62689,47050,10059,14303,14692,14610,2B096,38020,70215,19027,38205,76188,23128,12048,27191,51288,89270,74234,02136,31174,69006,61292,86198,22132,39519,52479,21669,76391,54536,76291,21231,02182,67153,62116,21701,32170,30136,03224,19061,62520,31040,41108,33462,46323,48074,77157,73005,71501,59628,46222,63102,39448,81267,45248,51278,10425,56230,02229,57672,95241,80182,26114,66113,80602,21435,80042,77511,57310,05048,08078,10356,68113,43120,70135,57706,33063,70336,60328,50174,81078,51629,07250,73271,26099,50188,02635,77241,76131,35218,63380,28275,53118,08319,63314,26042,78296,71371,76039,27678,44057,02138,2B177,02237,64088,14377,01152,33213,64522,73310,15032,62876,63241,57515,57125,06040,70124,22021,80110,32128,09115,41212,18254,28417,64496,91047,37203,12177,60579,94079,25110,16023,58280,61433,65214,62021,70114,64318,42008,88510,83030,43119,82063,42223,04043,45035,16093,69272,44089,34057,76185,26272,88326,56108,89408,27611,10420,91560,42179,62013,74097,95055,24322,72060,08103,27539,63354,77192,62303,55115,38115,86064,76710,60104,80068,57582,89286,76033,22004,41279,68096,02248,62109,63296,26037,14207,07336,77153,31031,85206,26046,18233,80585,44055,62760,65328,06118,56048,41053,61418,61099,71445,10315,12252,45301,49068,68313,67058,77194,46237,14724,32274,25286,71098,44033,64493,14037,31411,10009,29026,33268,42071,27082,62385,95170,59147,57683,32318,21672,38564,27372,80392,14709,07230,08438,42026,78158,38311,77081,54487,78440,25438,15215,14184,25115,57543,07041,27136,16409,64265,22326,34160,02489,46143,26050,62779,89099,31426,21438,24042,40249,39198,55070,67470,02438,30047,64269,04192,02404,62614,88527,53076,59548,59589,84021,80094,27329,07289,43231,69180,65367,19004,70529,46207,60166,27662,57217,68196,12209,57449,79139,54327,56247,64408,03312,41102,58101,16280,76406,32360,77340,62847,46232,07115,33146,86229,56196,33327,60652,87146,26214,89433,45161,64007,72205,31242,81232,21334,43178,60276,02641,08389,51577,29069,29006,31529,17074,17455,26369,24419,02573,54516,22011,02204,21038,58277,52536,79253,66069,38356,23174,76340,84011,38542,59615,59652,97306,65277,03297,08293,48059,79320,08393,53150,18160,68153,30166,31104,52377,45050,07140,80518,64256,39027,18080,27288,65323,21400,41241,81067,21550,11429,02786,54444,39582,02584,89123,16272,45059,46199,08222,19254,08123,03288,70090,94056,95210,35169,47144,11075,23195,02753,11076,31428,04019,72023,11120,88113,56091,23019,54003,02833,60400,40119,71159,89007,63066,30249,28106,62074,61413,63203,53021,86236,97361,01019,39038,94077,62845,11410,32359,17214,77025,14435,81291,15034,51530,88341,02133,59669,80250,62411,87155,26226,54337,11260,87117,31267,67279,70411,78616,31095,21460,45255,57304,43044,30120,60326,57148,89158,54479,62589,69042,01140,27090,08011,05090,54373,39167,62582,97234,62566,64232,26025,47271,26256,09092,57626,39047,91318,16138,57021,40295,74054,16298,52366,33115,24421,31531,55364,52170,89486,51399,18118,52490,72004,50628,31329,57181,22312,31399,76051,14498,48082,13119,79174,02575,32193,30223,24091,56259,91249,95369,87101,77125,76161,60375,05014,03120,2B229,89251,76595,60324,76464,54539,68209,60389,40108,37282,80338,64004,01449,01054,49030,29145,60231,53237,25120,25383,02483,38131,64473,06010,07121,97224,81219,25334,88487,83089,68081,43215,90052,30237,59493,05162,38243,65440,14038,67416,64130,54191,51650,33380,64042,49182,30009,64323,51422,39526,51225,04210,02007,55171,87039,25255,85237,03017,53107,08420,81318,38064,26171,29199,67136,59327,33237,78569,29172,89136,01381,13030,03151,18169,88328,19023,07216,48072,89420,67389,50185,70490,57642,38052,62896,54560,21065,10201,68071,30060,21452,80049,69265,30194,33055,71323,28234,59524,14454,13084,56152,65204,44051,21410,54368,74202,43175,02373,52002,87128,02222,22372,26072,65453,36175,89079,10190,01234,31032,09023,66011,55458,91286,55501,53266,34304,58310,38503,86281,05003,79031,80597,09246,07326,92020,12256,34094,59511,2A276,36019,95625,45247,87151,59642,03291,82109,27115,30188,45073,39268,49010,24257,76410,73171,17030,04234,39281,51112,21210,71586,57356,54093,63308,86096,11172,31379,02535,25265,91067,88009,65017,77073,62785,65216,67023,68179,73225,2B105,87019,11312,07109,59276,25431,21263,16365,47190,07261,80674,50302,11108,16244,70558,54353,71046,01075,38376,03159,34262,35312,57462,57239,51354,68293,10165,54163,40272,74075,77530,24080,67248,11435,19007,37214,07319,32156,78537,34118,25052,31023,07278,62543,23006,69119,02518,63061,08189,58264,13002,45265,78484,31015,21138,09237,34186,64327,38008,27196,24575,04129,09157,63263,89424,64064,64242,18113,10332,43130,58121,21169,38100,04135,28086,11179,82179,78366,32062,25432,33052,73065,21561,51039,23155,11098,10159,37242,62777,58284,33128,49266,42267,04133,54023,16124,79160,21713,70041,45080,77242,59084,17431,69037,16064,77115,68139,41105,65011,39343,24544,33172,62027,25311,27621,16302,29128,75106,60549,89373,13004,76587,82135,03307,79109,34215,41025,24266,63427,51426,70032,08380,36104,38415,25298,62600,57584,77291,37025,38403,40194,26335,01311,76476,62434,64012,40088,68161,10007,53141,78571,56067,36213,76144,31409,21683,52136,64022,44014,60651,69156,12284,74178,80714,44156,64420,63467,48089,62005,39156,76092,49048,50420,74158,02070,22390,61301,63057,51611,09160,57158,59119,50028,35018,88024,2B290,70444,12035,85074,29277,60451,35192,12077,32198,25391,63252,56203,70436,17337,30255,78321,70242,69189,02721,64446,09227,05142,57275,40253,2A129,37059,45070,66228,80783,01021,55464,15200,78410,05066,37204,62118,79114,29018,81084,51562,35160,44110,54211,44075,30206,66187,21319,69276,24300,38136,02547,85265,60337,06005,80089,18084,23108,21579,34164,27508,14221,27382,33499,59222,21113,81147,22121,01014,71070,39510,70218,88261,49053,62567,17113,23248,57485,14486,54208,60676,02496,65072,56028,54543,42086,03107,14402,83074,64460,64264,03306,27209,41151,14502,76551,02556,05029,76664,57524,86114,55009,60626,70016,81275,82158,71196,31318,38050,17373,29246,71134,63250,38189,86052,71033,72018,39318,71481,50341,46095,62627,33275,57063,01259,18163,62376,26061,34309,02526,71353,49272,55321,21173,62839,62462,19266,71277,33079,71215,60368,39540,52033,37022,46027,38109,57392,77446,23132,33039,16273,62390,58008,54376,83120,27404,53130,64544,95253,32178,46256,17139,39539,32247,55331,49345,64276,08415,68185,76067,57407,36234,07227,57507,72035,14161,57010,59633,71099,51469,46015,60233,57012,24329,69243,32428,77254,42229,83100,14182,53223,87084,31249,51642,39056,86262,45015,01006,76146,25630,60422,30264,35118,62157,06114,17162,53229,51516,36075,64208,16054,67319,42137,79349,02657,31237,72323,32059,65080,59157,52442,17299,55448,49193,73212,51116,64459,93070,83017,39050,39529,25456,80835,28164,85266,2B292,71042,42148,11178,08207,76580,76615,62444,08060,22378,81231,60062,67178,62300,51127,2A336,28217,10055,11372,68257,73258,69204,55310,31573,77217,31085,14126,64279,33121,2B134,59467,25174,88513,21570,07005,61015,54507,39352,05060,01345,91105,15212,23226,35354,57375,33099,08358,18104,10187,65215,40068,64461,63375,69026,88347,68304,02183,2B165,59268,14354,71513,39486,37151,50205,65269,15259,04130,14659,76279,64128,54524,81042,22157,84096,11431,10303,04041,58184,67276,32037,81307,51536,78346,70326,05172,37094,14256,54577,24341,84027,35235,88101,78443,89474,01098,07292,68065,81163,76636,71557,33173,37051,62274,62359,51213,58292,69016,10354,67322,52114,38204,73063,56228,21238,36061,14204,79049,54550,24428,76477,53048,38424,57084,45258,54160,03141,07162,70538,38031,02430,67254,30217,65153,13057,88135,40185,38148,09079,34198,01275,38440,25366,76685,54469,29166,27624,36196,24417,24061,10372,31370,86023,29198,12135,89253,85300,02673,11381,36134,39063,53155,32401,54570,25276,63072,04066,76013,47319,50099,17384,28325,40104,77513,56104,07323,14550,78104,88525,2B166,56227,89398,23014,72308,91685,80692,80723,45283,25239,17393,60416,71128,51648,64180,37232,11355,29095,46082,59424,55093,05102,44054,07126,76043,78143,55461,79115,39411,58028,32050,60344,27371,02116,43262,57567,68105,91659,84083,76572,62170,24352,2A011,03007,58304,07014,06143,04176,71317,55241,95641,53091,44207,21430,33194,25348,64447,37152,10443,52522,10199,43199,80023,45144,23005,42177,14637,36014,55301,02412,35032,26345,25619,11225,18199,53178,22261,69280,46321,71414,57112,60188,46201,21214,64235,2B335,83095,26116,24474,81105,46193,80718,67209,27332,77077,27418,60490,54066,11079,63259,26210,86221,67500,29122,62648,39407,25515,35123,24518,57183,80729,88394,33551,24562,83121,15202,89395,01366,09017,70163,88047,78020,86103,66052,27633,25238,57619,28168,65094,43143,60220,52398,08226,07084,31419,87165,43193,79302,57195,36086,39176,95183,16118,95459,59099,11377,31401,45336,02652,31189,43177,49271,91547,26223,61367,33030,25207,43125,76090,57371,37014,71358,60283,86119,32192,60185,27009,73117,08073,61308,95445,69067,56260,09188,62181,60406,41090,81021,31443,33027,77203,71397,31167,12025,24101,17416,81293,07047,51165,27495,63007,31584,68216,02590,36036,40311,76403,42006,59191,78497,84004,18078,39046,30142,24228,39246,39114,26067,57629,40064,25519,70257,59581,18094,86252,24189,76632,04102,40142,46312,46125,80512,25009,68152,14601,33363,31432,76508,65457,82145,54452,43017,35088,27259,80112,54546,31475,26074,25503,43114,01331,16400,07068,11163,54480,56004,14510,70308,25365,21406,05166,76083,33264,64334,54477,59266,42193,88286,78559,47017,17033,63367,37276,59193,44085,06121,79184,04158,05126,29244,40178,14677,23028,61376,11244,60140,57700,35271,47148,78192,81221,50105,34290,70194,30146,42104,91679,10202,31034,62225,45273,59345,42135,04047,30281,59231,31276,89060,62443,21588,70489,08166,08225,77063,02201,77135,71069,08409,07015,26318,28378,46313,87040,60057,16375,30240,26373,51507,15174,61234,50097,39084,80640,56198,45182,57070,88030,19095,67480,47209,65022,45280,03031,11424,26362,35055,81167,74215,70454,53110,04061,17346,24422,62590,51315,50161,64501,60149,68208,31395,62522,64170,82143,87159,79136,30026,67526,77288,33160,57180,90041,33429,28283,37275,62344,72010,81305,60533,16382,58065,33189,64464,02122,28411,08295,65096,76483,77113,52312,14762,33223,67370,05031,38166,44001,72359,85277,37004,02760,64284,27135,89100,60359,60462,88093,26209,10220,52337,91648,62176,50536,39472,71140,01155,78650,90098,21176,25273,70272,31135,54350,42037,52426,66013,25129,21145,42088,01370,08035,07342,47094,59254,50379,50126,01379,10062,72086,03127,67145,17053,49192,31303,63265,08362,03283,91525,62551,33179,50617,86148,34173,85132,51639,50588,59037,29081,32310,51224,90018,68111,67247,06158,85062,70021,03160,29191,97608,81096,12288,60438,55165,86045,53153,35117,50641,11041,68345,44166,97410,59577,51526,88478,22375,09256,88203,44201,14555,62090,22184,67493,77394,14061,77071,89407,02295,37030,05100,63020,65472,34272,51052,88025,97211,71108,09121,2B079,54248,95120,70405,62182,62656,12265,80479,2A288,08378,25208,89352,43202,58202,62608,08276,18016,24200,08410,54193,01238,63431,70435,50613,76455,97603,50027,78138,29056,92002,79191,10408,2A100,70548,36091,62041,62415,56163,46124,76109,62491,64090,32021,57436,77284,03200,57414,32214,24128,65420,26275,27629,10345,34075,34174,27194,10193,15055,77384,68087,16307,27358,21249,77416,03201,91226,53245,2A196,21382,21493,44200,40161,21190,81054,56013,02711,62140,33201,64122,80204,31148,10110,28034,38547,54184,12169,38056,91434,67535,68228,81192,71296,90044,30029,10064,68132,42319,72139,26189,47088,27054,2B286,21622,65064,31304,19221,80590,67043,49082,76536,32389,34061,11126,86058,34113,60547,11157,55237,31185,14320,32242,86136,78398,12233,36224,25590,41209,71483,57611,67012,49218,24121,30345,11374,08245,31243,28341,27173,32388,45152,55370,27489,54381,61404,65032,61012,22134,33020,81152,68227,31012,76382,59131,2B180,23004,42034,02775,67124,27561,46247,62702,73092,57288,54021,57103,33191,94068,46139,31054,88023,53157,77380,02040,88162,43077,54535,33437,14446,80746,70278,59483,26315,69207,43039,39230,39523,33126,57538,54272,82080,70549,27411,77398,39284,02614,60372,77114,70357,34243,57552,73147,57443,79311,36077,47202,55429,21241,42021,21055,23050,35167,31175,57665,89219,76507,54578,28324,77251,86245,38219,38402,13105,76121,60509,69104,76562,52007,76626,51361,80544,59393,33187,76002,79164,57757,10362,86214,82108,05099,73242,85172,33048,07067,21237,85120,44149,54278,64296,21425,70371,43069,80502,86207,18145,2A027,24304,91552,60586,30204,45056,14023,26185,78615,88307,38248,32287,32227,07220,54592,25629,42151,52017,56258,37049,21506,25153,62861,89061,64186,33335,24224,43204,59520,2B030,21311,53066,59370,88043,87113,32121,76163,87096,57492,06001,39477,28398,17458,31233,29087,95304,80185,67361,21245,27290,77320,28053,40154,63123,70269,33257,62837,33226,63381,43159,81027,54340,46178,58303,25526,17331,70580,67152,69275,88250,70501,57100,41218,28195,35333,09108,44222,83140,13207,02266,03157,24367,40197,72134,2B252,03054,56134,32383,64045,71123,46226,89384,50353,51617,71547,29003,79076,68266,45177,59391,40123,41211,38418,83051,03211,02783,16189,59630,25447,50172,64483,92014,14529,55018,08145,38185,02334,54439,60474,64120,38153,63261,67250,36188,59451,40245,59464,71193,55421,50279,64478,88438,55282,51139,60135,62803,01211,21159,39133,76492,62703,61372,60013,17275,48192,62641,49217,16056,62554,01050,66154,62800,61024,13092,21497,57110,35187,64533,39093,65350,16258,74180,67037,52547,17422,57386,64077,37191,08089,10189,49163,86217,42266,02661,95287,14338,87094,48046,32120,45279,01328,68249,60105,70012,37041,25455,91069,52159,56216,01105,38352,10319,26231,74122,86007,34306,59127,47244,70306,34242,65366,37241,77396,80776,59003,02388,88418,65362,76346,90071,76509,59600,31462,55047,58252,76484,02096,05167,27388,27686,87017,17339,23236,88275,14211,77500,65439,52131,02699,61087,37048,71017,82077,10014,71473,25008,76045,45188,80096,42079,54279,15178,60426,89265,62026,2B097,10254,34059,08217,63405,70396,63136,93074,67090,59431,69381,66159,14299,36064,95392,21409,30169,60566,28308,57055,80008,37065,49086,23009,07263,69068,36081,72273,12202,37277,55401,07089,15043,67079,33003,34108,32326,30150,35175,31408,39077,76719,11309,21617,34204,75120,62265,02785,60410,25539,43012,60031,60510,02588,88106,65308,72188,71150,02510,54070,53012,52075,55508,70524,17277,10045,68243,03155,38282,36129,27618,64371,85269,05171,88448,65314,72073,66136,11234,33098,54430,61108,71478,54245,79295,30005,28329,80366,18246,77286,32248,26039,67538,64204,10341,83063,60222,77119,80425,19123,27207,38481,27429,22037,15206,48165,65033,12148,76130,67384,44047,34341,50230,41045,25221,10353,52386,38037,65005,09165,71195,73284,77316,44108,71343,58300,25026,57397,56171,26204,72130,19145,65358,71031,88278,80157,37238,71496,68362,76544,33182,01082,62517,80180,17025,06019,50263,78057,51210,62105,21596,60120,10350,54074,42025,21674,17386,34269,71173,01260,88168,70341,80737,78391,32307,71314,49055,13091,87141,02258,22229,59602,30052,64462,95584,50178,17413,84088,68256,62155,66218,27541,41126,12226,17236,72020,24405,32426,2A066,61041,22239,39434,37085,42127,80109,29124,74050,07309,01344,54425,10432,67017,53139,01225,59046,82120,10226,89022,02280,60675,46072,14533,66101,31398,64392,15180,06090,16034,31548,39263,32378,94076,45102,17122,54561,66060,71206,04214,27592,70047,14220,29211,35273,01403,31327,2B193,19241,21100,09277,58177,33218,07330,04151,38566,50371,57129,63404,88096,46301,21678,77280,46151,58281,73278,85254,75116,69072,71400,77429,31517,2B171,48070,80066,23026,68120,42162,36205,65393,16007,10286,62270,83130,12068,09327,38423,51019,02701,2B287,25323,08461,63267,12211,72173,62673,03095,33434,71112,57350,72380,32340,72256,24288,34018,65121,73027,27108,08146,08052,25322,10396,17274,27282,19215,2B175,28294,17038,47283,88470,60261,27379,10373,21471,64150,72309,87035,56079,10321,09026,17165,71068,76386,01084,62275,25617,86066,26023,32322,70305,33252,19060,60339,70196,80264,51094,65075,54274,94046,71038,36243,80820,24195,64039,64091,76529,49121,01384,68361,47225,94002,09341,38362,21201,88352,63202,71210,97217,88340,31081,07343,54062,04023,18062,62535,14494,81017,08412,01061,73139,70321,31340,27376,67300,31037,60076,21574,21481,57454,28355,40084,45254,38496,46064,62113,08284,31259,19149,21526,08312,95370,50159,30165,64106,51503,62685,51263,59582,66158,11307,17071,37245,27123,11426,42310,93063,41171,41161,37255,27341,51364,50006,12053,33141,14457,11379,83097,54547,27438,65444,79100,91200,77328,04186,86075,51476,89374,02743,10041,83137,55453,70042,32380,59414,60036,70420,47217,68017,63347,68218,35148,39338,02191,02820,03266,89262,16387,60542,15132,34299,58309,53116,32244,2A203,57221,65270,76136,57182,24059,65292,62456,89264,36038,50262,85010,33236,54411,30274,24397,07130,62547,88048,41124,22334,43128,25350,36237,31153,32436,24237,47102,02445,10113,62750,80750,53043,81215,17026,79003,40008,88403,73068,45231,80261,14044,41069,51365,40095,89467,09242,76219,13108,67555,88147,25246,70109,49090,21129,27665,31103,54334,31476,26364,17110,31552,27010,46070,45001,60658,78501,08413,50621,14165,12253,59304,72074,84091,62781,16401,67118,76523,02703,49331,16170,52070,43180,38046,12243,39277,33490,44115,33156,76360,35190,85202,57742,40131,17195,47014,14661,59203,50221,34136,2A345,33256,17052,55015,17232,64009,76666,41181,76226,53236,65390,02126,77056,88485,25270,63438,41003,61257,37125,60074,35361,42022,02214,12276,18193,30311,86298,41278,25445,61105,17471,59450,33157,59165,56158,12197,57337,47111,38225,27001,23172,71262,06027,69125,50468,02011,23110,47240,78640,42182,14089,32096,51571,54220,31113,87161,51308,02724,31208,12002,85087,86180,73123,61342,61485,25074,30315,35265,68080,65077,42141,60132,76653,27327,82021,28336,02617,41145,25589,38267,43200,61159,06162,35130,80265,76143,80565,67217,63170,76085,33415,54473,27564,12136,14593,64457,65392,24541,58269,39364,27390,25579,26322,14162,80828,54296,33391,82121,67122,59091,40204,31308,24100,64376,24106,28070,38076,70274,31066,45282,22031,28257,52137,80188,47080,27342,88229,31080,57727,79074,88480,50088,62080,34125,77083,76178,11117,27043,13049,23106,42067,45312,31444,51504,12238,78163,21428,14045,41087,32379,01016,24409,29275,10259,04195,30259,80073,48038,70144,43139,80526,50360,02326,07163,61156,33440,79116,37019,67033,02513,80235,52193,54017,54429,47130,57457,87091,54456,57056,89263,89386,60129,25482,74006,67256,08237,50276,63189,63307,51177,83056,42066,09060,90059,55428,32346,59477,77483,29104,89338,30167,60645,62460,39182,58090,61443,51190,16206,65059,76413,57247,85054,50362,26295,50095,78520,12144,51130,45031,63470,41296,46050,77032,61069,08074,79258,53199,45116,87021,89284,59598,90035,2B010,52422,49355,84077,08307,40177,30067,13024,89311,27275,60517,06023,10251,10002,38173,68037,32174,15191,38049,72239,15258,64261,11343,58020,50584,33331,58068,15182,21523,29300,28316,85161,49201,03285,01400,70492,38558,38413,21381,55586,31360,31280,82105,33438,74123,67499,27476,10249,51030,89363,51283,68138,17089,76021,50327,86296,25001,88379,47009,78481,76397,54509,31317,47041,39220,09235,30261,14286,77002,51175,42306,14312,27386,55325,02649,86008,89419,52133,27650,40218,83101,18013,58306,83035,55228,40158,69194,01141,56185,54277,63025,51546,36042,29078,68278,39485,70373,85119,35295,70563,67180,69046,60174,30257,79354,52363,78367,12047,44109,30221,89244,78464,42047,24246,45030,69164,21695,92022,71485,27141,41250,82110,08268,10239,62905,01067,74073,39399,80402,64205,24274,74257,27248,23060,54310,73328,51185,08088,25557,86009,88267,70160,08478,40188,84001,44013,36159,50431,10003,62033,39377,88158,41101,40290,77086,48108,11054,12006,17427,51128,78118,63143,57134,60697,50317,62857,16060,64198,62276,57357,38260,66071,22118,38120,24323,74254,50102,40273,59559,60643,22345,14333,66164,09342,84007,29010,61162,39314,67084,18019,59531,21123,2B188,69256,41116,72320,02714,34238,76022,24328,11024,84069,11232,80593,83125,38135,03045,33367,28366,42147,58147,22226,61089,74193,97616,17028,52118,84047,32411,59255,24549,14445,41143,54006,68366,29226,77342,34151,71408,61107,51643,51584,17426,55573,49140,40159,32457,71043,02629,62825,88164,21018,60489,40092,17406,01159,03051,91294,47093,37047,02312,62510,62887,17060,54284,15050,80231,57107,11113,54333,54399,71269,16363,07050,04069,04106,2B244,44037,32453,66092,52231,27124,80086,52066,71279,33080,39504,76106,32343,79268,91099,54369,57391,54400,67253,03293,25390,65257,77307,12262,45229,80758,51321,34072,03158,10250,73315,14365,82178,03182,84081,55269,87085,52487,11188,71336,42016,37207,55292,32103,27005,57214,45125,31341,40027,30114,02017,63069,40225,55571,64456,21531,43195,23216,29031,42338,79167,53121,58274,63140,25614,88471,80825,34239,57144,61203,21352,62017,70448,24359,19097,69244,27401,18202,73076,83123,2B073,52196,10114,73124,27216,77019,78237,52374,89128,58031,81030,70575,47097,59447,21105,21659,85064,65432,89308,52428,12036,33026,30082,31064,28045,55027,27571,81131,51565,60519,31481,80736,28149,16186,02008,71257,50305,41287,37088,10137,62035,87003,61092,62342,34187,68024,40057,89234,74102,89043,70097,26141,14737,76216,89236,76621,57328,21557,76419,07146,42142,62185,62591,85114,08084,01402,50281,89480,89108,56153,25125,60642,57305,15233,02549,69142,80450,72195,59195,54443,11110,61120,22105,38085,39283,28107,90001,49017,42282,89179,67368,16069,26234,02742,60241,11190,25190,45212,50405,11067,65340,26241,09122,71514,80013,91654,39492,02178,70505,25236,59132,47134,73257,77001,68135,71424,97227,71014,63333,72232,57655,86261,55311,07106,24226,2B082,50550,54196,24139,18231,01266,14345,31124,76107,21369,63283,33075,81214,02293,59217,62770,09326,35155,64286,89291,87110,28027,71202,26142,78133,70067,76697,22139,78431,64316,16403,02291,71449,59584,2A032,89151,64378,06064,52092,31179,84098,77219,91027,46268,39439,71102,61297,32302,31102,08350,40200,83144,32038,32066,70243,62439,88388,76079,64162,62228,55329,11214,73317,2B314,25044,76461,78498,17367,77418,50168,58057,38504,03072,92023,74013,68343,55008,97206,27280,24414,90072,05068,90042,47117,43086,25528,45069,42045,39187,65450,44070,77465,34297,89194,08188,92062,60688,03246,88059,46243,39570,88027,55031,02241,12162,62624,50310,17355,69294,24060,66142,71186,67085,59331,63216,80393,87018,25171,65230,38455,71471,59454,35238,30145,84039,21192,58249,57579,69387,38389,61366,68363,30111,79249,50236,15156,2B055,02366,57686,45243,31063,26043,32163,51448,52550,30011,21620,22384,30208,37069,34109,03112,47300,76356,57403,17117,64234,57616,08421,52264,50345,64210,63030,22216,32440,87139,61018,76426,53013,04182,34258,57047,31406,83072,62484,44096,80271,01027,14571,76283,31547,59457,07102,56010,63210,19281,57153,71567,78107,69034,17288,24357,07112,17215,04205,64111,87112,29179,27530,02665,07204,47275,28158,73312,83077,71168,76245,67304,93066,81166,2B122,76677,80388,13087,14083,62416,66209,08422,43137,39175,02278,81311,01397,11239,55251,23186,57431,17398,25093,38359,39298,86113,07253,66100,54247,26320,10148,01093,02690,32207,21045,71076,27366,81289,25019,54238,87068,11373,43092,48020,72250,32196,31334,95633,63175,88032,82149,88486,25602,2B338,52507,63076,64521,35198,61422,56054,46319,60541,01189,2B273,63425,46102,44197,19104,71075,57353,79159,74068,68224,60291,02186,44065,71461,14469,60535,89272,02089,62286,40283,59238,91458,76312,68231,86164,24482,73040,41006,71243,61151,47061,13055,33345,55127,86273,08056,12133,01358,33118,51403,17077,39547,09230,23003,55580,50218,46107,28061,25116,40013,07076,02033,65182,18100,15080,61397,21084,54159,66106,76423,76577,48124,62242,43093,10271,11297,11421,25546,25376,81186,49054,39331,09150,18038,74055,37129,47219,08082,22208,21455,03294,37045,64414,41020,31566,88028,32048,38151,26129,58294,51033,63454,76335,04008,59179,37074,89232,07064,57463,42202,67519,87154,76329,40135,54226,63418,53030,76619,60341,74128,67298,45323,15230,53201,60012,80643,42087,78389,59012,25542,14421,74203,24179,79145,17022,43068,37222,01401,26057,61375,45058,21354,50031,76505,40255,38287,02256,49328,54343,45046,73100,26049,52494,65317,36115,12137,55248,95250,40321,21133,50050,23018,39190,02181,51587,66114,15127,31591,60315,59385,38396,06116,68077,02375,69239,77003,10274,21639,70081,39209,2B172,80637,39142,57625,05085,66102,59452,08239,52230,10125,57163,19265,25580,56063,59166,88007,82038,57242,30303,74103,56089,44178,32106,18057,47185,17438,55389,21154,63122,61064,68333,87134,58159,71299,57146,88209,31269,67150,81245,78120,08135,69389,79263,32033,46045,27546,63328,07196,67203,17266,63041,33068,71092,71110,62714,91184,22194,14726,33498,22199,64112,46016,01208,60520,17465,48050,91589,73013,46186,32116,23170,11342,70119,01235,60456,60635,14214,09117,07294,64477,37128,52106,78261,65315,38546,36176,70230,02595,52187,50433,17477,76111,80197,14590,57689,09015,21611,31430,09093,35257,11338,70288,95351,2A204,38375,68190,65212,41265,27690,51256,47057,17437,34317,18092,28108,22317,15170,28272,70205,32233,21278,25342,74007,81292,80131,39278,12024,92078,53134,51434,52291,80122,42262,01268,62730,72377,78125,61160,09053,64391,30071,01353,54209,63251,21361,25182,42010,72156,78325,11030,70363,17059,62058,30010,49023,14403,36027,76501,80709,72253,24548,80439,01346,51197,29184,51380,21204,63150,17320,11414,76454,58007,26332,77058,09283,74085,33540,79195,89161,50616,39090,80671,56161,97613,31086,17206,2A215,46101,26134,51204,55408,70164,62529,67408,90023,62860,12139,40053,09222,44216,17485,03269,40162,88364,53031,63391,52211,62481,05051,50592,33175,45072,38055,91494,35030,33390,43221,71544,15021,51490,26093,09059,72234,02681,25441,80332,59506,05082,10120,23160,32108,2A103,47033,31119,52219,24580,19126,09131,58211,24494,22193,27164,02030,54574,12193,51528,72049,25545,73318,76306,70176,54455,71442,68040,67240,69082,12188,76159,08404,66116,57513,63162,27616,32234,61427,85104,16067,14620,68301,71401,97357,51351,88458,73011,33285,64331,21357,25437,14131,66005,60170,53203,07318,76506,38360,76662,22350,65167,17287,67143,11010,70078,85056,43059,02333,14118,43259,40033,44208,25138,67476,27529,67252,41013,54116,14369,18111,77013,95422,64119,59614,47273,60342,11121,79094,14103,11057,03001,40284,74314,57267,23250,33494,18063,47081,85248,37124,54219,18280,55523,57155,11243,02243,25565,64351,89370,59401,18158,57269,17115,03164,89218,50382,80790,30096,62124,65341,97302,21449,11346,74221,81148,60289,44153,34318,46293,35204,57282,79034,01207,63152,88219,66002,46126,39436,25460,71518,91538,77004,09181,57151,74018,95438,29005,72105,07008,55065,39094,55053,11147,61202,22097,80315,77477,42201,65467,50507,85287,70527,21554,64066,66169,65410,18086,16210,26336,23168,51010,90076,04237,54134,33287,44206,36143,58145,82096,39479,72202,65207,37176,89365,14589,87143,67013,05080,31149,19236,33439,42336,69229,18277,01236,23093,80084,02137,65084,65416,21108,71062,62514,03047,57216,17280,10213,32432,02064,76295,65245,21625,56208,21217,80701,38112,60687,37189,70092,12190,27118,79229,67126,65185,57482,52367,86176,82172,21500,89023,80239,57746,09003,80449,52525,60383,80004,23177,63121,56051,59590,74146,04201,67044,17379,79165,07139,63209,11419,72084,41208,76353,2B347,52331,39425,78299,24097,02519,06076,36011,36191,76733,57114,25594,88309,88181,34126,01338,08377,09076,77256,71059,34281,19076,10378,54591,52315,2A181,25288,21587,02654,42283,89113,39015,35114,60503,06030,11375,31226,16347,53053,86142,63054,33386,29232,38035,90064,74009,50195,55245,43227,13047,11129,67438,47137,15104,69139,06036,33136,24186,89399,61295,10264,78548,26015,55435,81140,67071,62375,88225,70485,80789,36085,16001,21541,08098,59294,2A090,07033,08489,52015,85155,51106,31450,72175,57207,65141,78242,80485,64474,67485,31471,89115,42099,55493,52223,08097,55339,63187,35098,86032,68055,17354,31439,62530,85240,51477,07039,51568,19213,79121,89210,19125,03137,87067,54587,69299,65131,80329,70128,59437,51267,77471,79278,01443,28231,15058,09035,30268,44071,24190,15205,07111,74315,65228,55140,97418,25061,46036,80824,11143,21389,64356,54132,76485,39168,02292,82103,25338,37163,58062,50569,39446,62799,28388,40296,2B137,14325,64507,80833,83040,77224,43135,63290,17356,40182,50087,80823,67307,76578,54488,57346,76440,59547,60505,76125,59490,80414,62475,71085,21536,54048,17372,21426,68222,17148,01130,41135,27049,51404,05007,59418,01389,03270,44175,56055,01318,61062,10192,29293,01282,46336,03030,74060,02822,55509,65054,50146,80501,95052,46337,40083,56195,46056,03205,55352,25020,31234,64548,11211,60476,25600,12125,32045,18196,17269,17457,59518,40128,46109,68029,51451,72029,11411,14401,46249,21446,15025,47221,16163,42301,80546,10223,39452,54308,28159,52087,61314,80775,45047,09276,02680,33106,13111,92060,67096,14723,87201,28110,50054,19079,55567,68172,82090,77338,45082,27351,50421,56094,88208,03014,22073,46211,27673,11132,36233,25506,80728,55420,19010,74255,71352,35052,21485,25130,40015,57467,68063,64074,21266,70569,51591,25635,80764,58233,02233,67367,21014,60594,54320,57622,45149,89021,45310,25405,51023,52469,43136,62023,88400,51372,29089,03276,60103,46035,40016,42084,42271,61500,79050,11274,74303,70429,10170,54401,76706,02112,76691,32143,16300,41153,29072,15017,38439,10255,2B313,48061,71438,89271,26162,24523,43115,43174,02047,83117,66042,11124,76332,78618,16177,23249,95270,65468,40018,41072,27070,76034,41167,39500,52319,53179,67116,34141,01212,05180,70526,55025,77238,70048,77505,59566,80571,77274,47143,70463,47040,62347,54533,30320,05116,36228,64171,59643,10442,25225,57738,02144,81320,68189,81250,57415,89196,54280,60613,62233,71306,57604,53058,17178,76640,07147,06125,02281,35133,35350,53137,54437,87008,33306,85141,43268,16109,55582,97609,06142,55496,60604,25400,70392,91553,24406,89361,19148,62773,80554,64084,67537,64560,61093,42059,01426,33388,14036,13016,97111,23173,25231,41214,67263,87057,57490,14705,23038,19150,32109,67487,16165,28054,25551,71355,90069,67097,64380,49211,39393,54176,30282,22074,27105,25479,02046,59291,42041,47317,86297,04116,27669,30093,45333,76446,31502,30098,42056,67155,61279,51119,21359,10267,95134,81038,70398,68140,67272,73246,38507,33513,08387,09172,54156,42253,80566,55156,63006,30140,80281,58285,22112,74293,35031,24028,36111,81150,03275,18032,16388,27089,14720,65199,30336,30158,51274,74294,10402,62459,85294,70561,89057,72271,10240,66195,31540,52344,47079,81310,60281,33472,27462,05008,47112,64057,14694,61206,50152,62900,35119,72078,50183,31028,71591,91079,80369,67504,18008,60143,10437,25204,37109,50019,19249,58086,32249,59051,14104,57226,27133,02799,56023,21127,57703,22381,12166,59124,34298,14609,27528,04167,21306,52523,16383,2A363,53084,77112,03217,21600,60338,52082,11095,86037,83152,50231,22391,56109,70571,13081,77024,03019,23046,80588,41014,71348,54054,59350,31272,92044,02128,47052,64475,51359,67481,46183,80530,58015,65142,36231,62355,87063,50539,27008,02166,25200,16176,30313,68150,51012,38523,44120,42166,51237,14015,59626,32086,60256,77295,50328,64409,81160,01107,73289,10243,11354,80500,64015,25435,70086,60165,71097,85216,63188,40106,60593,31198,26284,46213,40151,30322,21326,71171,14068,63449,67215,95298,37272,84078,47201,2B298,79201,71545,02361,23129,09279,52517,78171,86116,02779,59412,53018,70488,30089,08496,21703,60447,54150,79144,14621,30317,42103,16123,64096,27099,11267,04111,80220,01248,82009,60316,65346,61171,57416,51041,39006,85154,42210,66093,22236,21517,80411,59281,57235,17093,68325,26008,02462,34119,33195,52538,34006,49374,78551,81288,57501,25007,27680,17440,33013,01008,25504,83112,09083,03260,46282,54089,52147,67428,21042,27604,70532,11032,81132,27144,10101,31006,24470,55194,80577,72324,2B042,81041,60433,14225,12105,89031,30224,24567,55178,85099,43063,71568,21590,33294,80184,47024,32197,65473,18096,14495,81196,33364,58258,27360,54250,46085,63364,31201,21648,55522,59309,14603,60627,31328,57681,51170,62043,90012,68148,83011,22014,65031,65307,53132,02053,30088,17267,46020,14070,57189,72101,28422,74121,38124,24461,29079,95056,36088,63118,31366,64490,17327,67191,70517,21136,11116,33485,60023,34116,79236,65221,62306,25624,70130,01359,65401,88429,73252,60380,45210,68217,77147,63117,32452,73196,09299,76527,17235,07282,29180,07337,39265,08390,62257,30250,76123,31539,58123,62312,95676,27640,63332,24292,64487,18195,28171,07030,59026,33129,72204,84136,38221,27239,22224,31001,78565,44179,02316,08105,02060,57498,04156,66099,38490,28196,69036,02750,60358,85236,13206,79351,25316,05054,62425,15226,27451,51579,02612,95028,58119,67413,25343,55078,19189,32296,55528,60546,33165,76405,24465,51259,02626,14764,33272,27359,30350,39319,17223,68370,64221,21661,35225,54576,14033,78108,71405,35297,76753,33427,07182,52057,35311,01030,84037,55583,17418,38140,49194,81254,80601,07175,95353,11422,66211,62485,91691,10074,25567,23062,59409,2B033,29224,10282,17362,89414,10399,50407,68294,29222,68075,77532,80050,63360,83084,21578,61196,03259,65174,59413,14251,25274,67280,85088,27424,76366,10156,13075,17173,57352,18155,88493,07281,67452,63156,72360,71456,24481,62438,02226,38111,61102,42064,79316,02537,59198,71118,21478,21012,52269,09312,48019,07179,11253,97223,46168,70383,22211,90043,57081,85078,81240,64041,54198,33470,50370,95523,72244,64113,51148,28408,87077,84110,14497,27266,60537,33381,62720,65363,55387,25021,50610,71500,09040,69069,33137,21256,39076,24498,52475,09067,42215,33138,80047,45240,03231,63229,87097,22023,21373,32442,31534,55517,08439,72355,77210,14625,08354,2A331,86268,27663,55266,14488,25289,65172,12088,31036,77054,23058,16230,55434,28015,29245,28391,68050,61056,82053,38241,82141,81043,76311,43022,02522,51346,07082,53189,88215,12067,27162,77486,34203,34185,73283,07301,55270,39103,11123,38043,54482,27676,10134,39254,50411,15102,80767,88117,33228,21203,11189,72065,29227,14169,54552,31582,30256,65158,17268,39178,85125,25241,64288,40303,53195,27562,61121,11044,57675,55446,62782,35127,51200,26233,94078,24117,97415,55419,71027,73265,18224,17119,55073,71162,14119,80330,30080,66206,53255,35286,15081,80303,76355,66181,31309,15253,50070,2A132,38420,31114,25556,62309,64249,72226,37057,30122,08417,79290,74032,45293,02320,80426,81191,47321,01216,60657,74062,52097,12100,63396,60314,47133,65306,60169,56007,46264,62070,78147,50551,02643,78317,55557,05049,42297,13036,50474,91330,33197,63218,72375,64178,69024,22379,91115,80214,2B159,70133,40220,55180,50266,18058,47292,14016,33538,46307,61416,44171,58005,64528,34181,80531,40125,25222,08216,67340,34329,66104,76680,41128,70253,01422,76470,51320,18229,27044,81028,63390,08175,14399,37040,78043,30353,47293,31454,14753,15181,08432,66015,14482,83103,77141,54084,70521,22145,68157,40073,81011,81315,89397,54432,11440,52313,56050,62686,34244,35310,56074,43240,51284,91461,51176,71369,67283,37104,46197,40308,42308,80295,06045,29292,32468,63377,42273,62704,36067,14050,63325,22110,37253,80333,50619,54015,51118,24393,33214,85285,16003,32240,84049,01013,03074,63294,80189,85029,74224,24564,46024,02446,44007,81133,73215,67303,62436,32243,91661,43191,03003,34137,65325,86157,30297,17305,76694,42218,40143,80572,88308,69167,72346,95436,15248,71283,88151,69111,21337,71474,2B150,79341,54282,14224,64513,24311,63359,88169,04226,10246,32047,22170,14516,08330,32089,46218,41174,24568,21061,37086,2B152,44203,51258,10331,14674,62473,80702,29186,04030,56126,36040,33517,04227,08483,10179,27403,02167,01114,57711,91001,64379,61452,85297,32044,39307,57050,66059,53023,14168,76122,50258,48068,65311,74046,52369,72316,26145,59033,38353,22171,51049,10139,09328,51473,59007,39453,03092,45095,62429,30163,49021,67410,28081,57039,34294,11337,14473,38110,31479,01153,76186,33288,25117,76239,74279,03286,45227,21156,02466,05168,85077,75111,17300,38326,37082,22079,56135,64336,36074,08325,34214,58096,56046,46112,23061,51058,24489,36164,41047,33324,14060,59180,80010,77458,80193,89204,24502,76411,88476,56026,04155,27346,39391,43110,30334,76715,43011,02317,67205,42209,66219,21039,58216,31422,51092,2A324,68061,55133,55193,14391,35049,69205,28057,71350,60067,18191,67194,88452,86111,39344,85174,79241,51100,12066,77509,68337,70324,43239,50034,78442,32036,35026,44025,55072,76629,77492,08333,88424,47091,2B046,86055,64366,14014,56092,43102,88199,63378,37165,39443,62595,88176,22210,30179,85017,28252,30045,09303,12156,70518,77510,19077,17230,67542,36084,86004,13063,39218,86162,52155,32385,63455,89377,55174,34084,30280,72109,74169,35015,37123,68115,55061,16308,86065,72027,26254,48026,54558,33395,19201,2B354,37006,88156,46224,18161,88454,78033,33067,88455,14304,81175,33001,64023,52061,48117,12086,68086,80024,62621,16271,81120,71217,44015,45286,67472,53208,30355,21074,55054,21324,03067,62718,80765,84125,76165,65226,68125,60672,62706,14223,05009,52292,55554,17256,50190,87027,27498,32400,72009,17445,65370,81012,76586,32372,27591,64280,14586,27507,29230,69148,72322,14341,2A142,10395,46163,28048,33088,52091,01104,75117,65013,26357,66207,18028,66053,38487,70275,07078,48100,52484,73313,51151,33247,55341,43095,46176,29155,46223,46277,09038,47165,67192,45049,41147,63171,51512,19109,23131,70171,28132,72067,62502,25261,02318,31128,69253,56170,65089,52341,76542,08418,25544,52107,25142,69286,02427,31561,09179,39083,03089,33130,86161,17285,18002,57257,80508,18268,16148,84114,58117,21609,54300,01264,02071,71520,40292,30182,25344,25410,51358,76563,76009,39233,79014,12118,25500,48083,23020,76290,45089,09086,28030,71143,36186,50186,2A064,80145,07031,26001,38045,72347,60278,60311,91333,53037,40031,27309,44086,08111,54239,17345,50003,79038,51105,51260,55351,57484,70425,78356,21375,70069,31495,33412,65313,07306,37079,33004,83139,82177,58179,54438,23197,63399,44009,68229,88528,86183,33475,39427,91508,28291,86228,56130,91613,91081,39530,90095,16408,14465,88515,19164,33400,94065,80649,38436,73004,58063,56033,19122,56009,62048,89246,10209,39232,35321,72366,26040,02013,30172,89235,08081,80199,24124,54095,32456,46061,73142,19138,54348,89180,27294,57514,23099,69056,04022,40157,50451,69047,04191,26058,76583,62878,31382,52039,57292,46007,35340,36002,77382,52242,55139,53097,97106,57404,91657,43008,07299,07137,33329,89285,70567,92046,27406,38272,02485,50162,38543,87163,63023,45105,90085,23030,24145,68340,62349,57765,17036,82192,57718,35230,72280,42156,41055,90087,78372,58104,33241,41026,21618,51402,39286,34193,59422,29066,69033,97419,25178,47213,26277,80344,14147,80469,08244,29057,87005,31101,89478,54162,65379,27169,27208,76240,60079,54523,67167,64341,83134,45004,59399,60677,62341,45262,21556,68143,63083,67048,47174,59114,86049,17202,63113,52060,76604,01374,33134,11362,52203,16039,91526,28273,46039,25554,69092,39432,53005,13068,97314,59340,25452,02003,08366,76042,54227,61271,65200,42272,80614,43186,09095,68199,33258,34004,15228,57017,31480,39469,50587,10066,53007,40149,60138,71250,19005,24345,54474,43097,04219,74231,50274,62662,67352,64359,67423,31160,57234,39016,11087,44186,87025,64424,12203,12292,74299,02127,43045,70147,69277,32124,39132,88457,10349,31542,57685,08332,41196,82129,89290,12061,02359,57662,69062,11053,01001,25179,61467,70583,87048,33196,08379,10182,33017,12206,23035,65458,23109,31512,30348,64115,89112,42091,31093,23105,30133,30291,52330,55111,62243,63373,27287,62191,14171,21665,39480,39493,15054,89392,2B303,37137,77236,12205,02132,64551,21671,02618,70058,17409,17130,63230,62190,25362,47233,02662,55264,88333,61197,59035,72136,35223,70049,58077,72007,33074,67045,65479,81174,61142,63274,67385,53090,79244,02035,16222,71225,26351,50261,78029,02525,62245,70150,63174,67144,38023,38019,24211,45271,48010,47295,74249,27677,12224,11223,57481,45181,10020,70393,68198,19274,39537,65261,34022,30062,57104,58240,56002,60157,40141,57046,57725,59141,14343,21199,19225,30028,29068,41127,85136,51111,35061,54181,70419,97304,40261,58056,38406,01357,16207,65272,44076,29152,07001,74276,18206,64031,25277,64240,55026,34035,67366,59471,85133,56035,14079,88357,19167,16246,47205,23167,64207,80725,41236,03049,14684,61432,25193,31089,24223,32337,03177,60624,76275,64241,86019,63417,57127,86002,08455,59133,10297,01094,80316,2B002,54253,35353,21476,43241,79198,71253,40098,63451,67198,72011,63246,01007,32305,33528,37205,64480,19140,09004,76588,81203,42255,91017,91463,30260,58207,47181,68348,09145,86036,62657,25564,76441,77240,66026,40052,23228,17382,02802,38456,38080,81304,80161,47096,48104,17047,61348,73010,27078,09220,14368,62601,73094,69020,77322,54321,57659,47039,34312,18088,82153,45094,53190,47220,48065,16253,39323,35336,12042,35066,08184,08029,61423,15261,09240,19239,25025,58029,51538,72313,02271,09116,24379,14739,70356,74272,30076,69088,21298,52178,54472,70507,47158,44099,49333,86088,76389,51125,32288,61028,62754,67238,55150,81256,21083,11305,04127,59120,68062,09049,34158,70175,77293,52022,27646,44003,50138,80771,21706,57061,08102,59024,70355,08134,40314,21362,01206,62282,48176,95612,27478,40026,27369,48080,50456,55405,27514,33442,01188,03122,66044,63138,57030,67184,68149,83037,01307,27552,65337,53185,89288,33101,80583,67109,90062,10175,19022,55204,23214,63344,62495,18132,70293,59517,08230,39249,76139,71282,76566,82094,87144,06017,39396,50175,63270,62366,95012,06163,52028,74184,08132,52227,67417,76012,24109,31490,27394,67021,53067,70141,46005,2B366,21489,08329,72176,50267,09154,24582,66224,28210,52520,95303,30278,39320,53251,61168,88363,17082,63350,70522,91692,63313,59640,59077,59485,42233,21297,02748,02242,51654,51662,62368,03022,63281,63091,10398,62778,32266,28292,03282,17479,67365,27459,24478,81080,57086,87158,02330,84073,35171,63149,14261,72015,07194,28056,80673,81188,10092,09339,07348,51078,73153,86031,14030,09047,59317,51471,62132,57460,08360,91435,10294,05073,36023,62507,46065,21628,54142,60565,56077,54235,76648,69003,34007,15101,62531,18148,23190,68176,51098,15096,30130,50199,91130,02200,77014,41040,67488,13095,73043,33168,50538,80622,50491,60340,25262,02521,72098,25356,57635,68331,19075,39513,04101,56058,71078,80757,39461,88222,60608,42188,64149,63223,53173,73181,64001,10379,76229,51352,62880,26381,2B153,35296,32444,10436,03005,88130,01142,56012,02567,51397,38555,70154,14721,02393,34045,88214,85131,54147,19151,28372,89005,85149,33096,26342,03126,59386,42161,14277,80537,33332,71340,38257,81070,80016,11293,52474,21288,81242,24374,38533,74218,33037,02507,54295,68167,02651,16424,29281,45315,2B291,97606,41066,04145,10285,76077,80706,03221,38414,41062,77270,89237,27582,70461,12172,32145,39041,64404,19078,33476,61096,21414,24026,67434,74147,2B093,34099,40017,54580,45067,72376,89481,58125,80675,88336,32463,34076,42323,88133,64167,61113,87122,41205,52406,14243,21712,62152,27550,61406,38300,46156,26303,81184,62121,74281,38275,08453,61213,88504,61181,24528,54433,95371,14293,80202,51074,57066,43033,55024,66007,88081,14049,93007,70019,39030,41230,05063,14706,08138,12291,19030,80253,30323,77129,80005,80434,19014,80108,88415,23165,51622,24208,57511,71109,89073,83062,12099,79175,92049,91414,16062,14085,12180,74104,72201,40238,32449,76581,25372,64303,14487,70514,11397,21623,02051,91093,68092,21396,73042,38537,74312,13210,17152,08286,03052,17196,50484,32004,41160,62119,55315,15242,61094,73224,62653,27609,73273,71361,84042,56005,17317,40175,72198,89304,62518,45235,49027,86154,62711,89278,52383,01004,37146,29193,52483,2A104,26370,01380,26016,83136,43065,16031,32254,54511,30328,46084,2B340,31413,02585,33200,67382,06068,71050,71295,10057,42054,11003,70331,39011,62835,22158,49209,25079,09107,89116,34130,49131,21011,53233,33289,65136,72186,85145,17021,97301,18041,45303,52014,73306,91363,50093,69115,40100,65019,63258,38033,26143,35237,81082,08136,39151,57721,69236,28127,63228,28089,23088,16304,64503,51273,02387,57719,65299,58254,70311,70279,77155,40305,04218,08488,17462,33461,56083,19021,21366,31363,63080,55281,61488,66118,53213,72012,89177,60526,78126,57539,72070,27061,27068,60390,42018,82138,13017,45208,02001,65147,86024,34276,06104,02162,54529,47211,11174,71422,64200,59384,59216,12131,43005,59552,51529,31029,13070,33456,28018,88522,70168,08473,11271,70074,10304,54557,42003,91273,56127,40226,58158,67301,76517,02342,62856,57306,80749,09204,02232,53064,76030,03253,43219,65276,82027,65264,60685,43237,23243,59470,85002,39163,54564,15029,66217,81125,05132,95042,85101,57529,88244,67138,53085,28219,45002,80097,06006,48037,09088,24140,10126,21689,81045,65258,66020,24334,66017,19025,57394,31533,01215,51254,33488,02482,87160,73297,27594,63275,07321,80229,01363,64326,22087,63013,77506,27245,30141,80494,13209,26095,74311,09335,29004,66221,2B077,08388,40251,76584,74273,75114,15120,51340,07238,10032,88287,27097,29148,24444,12220,62532,76404,71385,63352,19228,61212,31469,05075,59301,17430,37247,28148,2B255,60610,81034,14231,10025,51533,04197,33059,70070,54311,42158,92064,21075,39045,76524,55011,81324,18066,51281,67087,38093,39062,47044,31554,33259,18098,28031,08304,02605,78686,38339,04057,74266,11080,16091,24280,30301,16117,62227,46329,26009,59234,46208,76471,32105,27558,70312,37070,2A019,29181,60432,68274,81273,53120,54498,80627,63420,76644,33554,35326,78128,26255,54309,50139,10161,21505,40113,42334,80427,84134,33142,71064,63028,16297,30332,32141,62288,59408,71063,09006,32434,02148,62724,25513,57724,21548,65357,09295,67230,80497,72279,76735,28351,31451,79252,21585,47038,69094,33450,89468,45225,35322,71307,21504,01112,71487,50118,54572,59551,72300,63095,61244,54064,57504,65331,60322,52094,02257,24217,15144,71386,51386,26267,77366,77259,54375,17466,61082,81314,88437,61187,01427,28114,76510,95500,39386,58137,27666,02360,42277,46161,09321,65140,62738,03280,67168,83047,81009,55189,80065,30031,88496,30351,07195,38184,14509,78076,55169,40102,73039,11398,08347,23151,57330,24500,33506,79347,38322,63395,42186,54264,49330,62301,27125,03068,25330,41017,76612,07324,63225,97201,62723,50247,76758,62383,62442,40115,38550,84115,31518,66192,02767,03125,60678,72148,23150,59062,62333,61328,67018,22332,60125,10069,02025,89362,72113,73015,76737,33411,34148,52448,67509,60148,68276,57471,79085,2B051,51286,68315,71106,2B113,55302,14236,27154,29062,51390,62492,27101,06015,27524,44170,54553,86141,85116,80476,01136,62298,57193,16071,12298,97360,82023,59249,77287,02758,21166,35360,22258,77042,68328,77052,08191,61419,54313,80724,27142,31375,52461,61420,11006,33398,63238,21631,08167,63164,57551,40267,91292,28284,30040,55485,51374,30192,06066,36108,71276,14534,02194,03039,14298,73218,50435,39422,31216,21114,87013,26353,90011,70410,40076,65224,82151,15173,83052,24159,69206,28162,25106,72160,12234,90013,32459,67514,40007,11317,79304,06054,40192,14511,60139,28404,87073,71425,25464,33093,97413,01135,07311,15137,61365,60424,57694,78070,37101,04024,05147,64238,80350,03101,18082,65002,62393,54125,57512,88241,72363,39315,34110,14500,38370,38012,69260,32271,70439,46236,51519,86190,03213,51345,30232,23264,27276,34139,55182,70046,23179,27203,16053,81281,37199,65179,30007,89297,76328,08458,21484,22067,51269,62432,62389,33544,50013,38094,35328,76065,22111,85192,62569,02211,05169,25351,76019,31005,54388,62357,13011,88085,08289,51480,14302,59173,09141,58236,02713,76285,54143,12122,47195,62691,62353,51037,85093,61248,79022,59264,24547,70247,44002,63322,78490,73017,08223,59553,41242,24176,02081,88118,64141,64520,67433,17055,61499,64223,80305,65071,71305,52217,62447,56076,02170,31178,83055,51117,31468,36035,74045,38010,81086,48067,50606,11099,02806,33008,18203,88302,88520,81268,38434,65063,02425,78677,59532,76543,10435,39137,70231,02377,38214,67313,23180,09215,40312,18288,72337,87072,62278,70011,25152,38471,28334,71590,68144,2B261,70256,24499,23112,65413,82155,42284,28077,34179,72106,61241,56251,24512,64532,41073,05112,69112,54325,70534,55088,28010,39376,58286,53098,38346,41194,69105,29225,11230,79185,88252,09297,71051,40179,66082,84018,38040,44058,70304,55285,43187,31020,39379,71221,64029,21433,06144,15168,23066,41288,67355,31527,09282,67325,33401,09269,70207,35021,08451,40195,01296,33308,10015,73272,69013,68202,65146,87198,62561,32084,16055,67056,27306,68052,86089,50364,25111,43238,74108,33406,34027,24172,21067,80356,57433,74008,50194,47056,39462,27013,2A174,87020,88046,13040,80313,55379,57045,51108,2B277,61446,81103,89002,31535,80242,27048,56145,25465,71417,57367,05059,33234,18043,72076,21032,25013,35334,17260,11155,03163,10428,74200,54292,25596,61210,68004,08219,79312,45021,67545,70235,56065,09259,45253,24520,54231,53035,84005,18214,27380,80011,80170,68046,18282,80630,55488,63312,59335,78605,69084,78499,45299,78597,36090,69225,32173,77066,67527,17175,77154,03261,01042,80699,87181,35215,15164,22088,71576,71226,25472,81300,41190,87153,81278,58026,05028,78005,55380,22272,49308,65029,27496,02821,51614,27279,47077,29058,24453,56189,58261,84094,23022,62103,36172,22090,01095,27430,32402,30129,79348,59475,23175,44048,56119,57762,38069,51482,66202,64505,66083,07044,63112,80796,50633,46333,80033,35200,44124,08383,27364,52177,70456,62556,37072,97420,72056,31143,71374,2A099,44184,21522,50574,57430,65143,26375,89436,08015,25368,86105,08470,25033,76361,60035,57254,64358,44104,91086,10197,63412,25616,74040,59458,32113,33202,38170,10288,85209,89004,85215,74001,88061,26045,67289,24136,89323,80451,54234,71084,27471,22222,11287,70446,51044,18093,88270,74205,09263,32335,39199,76168,51464,54087,39458,73026,72312,45215,30154,73077,19244,88255,01011,10080,50228,76050,39355,39362,77434,11315,67502,21119,36189,64044,70201,78314,88342,77443,40222,04228,64154,80117,88447,65234,35314,45331,35268,82051,19285,09273,38340,39007,24505,67072,25185,84034,52021,12194,47053,26178,04032,67482,39177,19063,64537,62611,18101,25633,10417,02068,69182,51173,21370,88320,56190,11201,66231,78335,60513,02426,01342,21399,57563,59022,42027,31262,14254,62729,80401,53047,38404,30025,04081,55157,11094,34319,12176,57026,62083,63398,62391,74244,79183,32013,09055,21229,22144,14520,32415,35193,08457,69058,70053,80061,76203,45278,76140,07346,67369,02235,70479,01083,28050,13098,54403,37119,12247,23044,11285,71488,62107,17403,27572,61118,18144,77415,18108,71310,80726,62578,12115,46081,64187,18181,44097,57165,68214,44066,63182,61463,67258,34232,43030,70071,64133,46003,63397,32052,51636,26244,97122,61258,35064,14427,76347,03167,42112,76017,25090,29266,72087,62891,23183,22296,85113,79319,07178,85189,15165,43100,67225,11319,09052,07274,05110,10293,52370,53187,24086,34218,51375,01033,88095,55561,79046,67070,56075,18180,77289,33199,58064,24442,63084,57600,43064,87137,81047,32257,85011,45270,27421,06146,33203,24156,34133,79117,57028,46011,10375,35256,27205,24268,16350,14747,30352,56113,14535,46152,14656,36149,54393,57408,65320,70547,81177,71116,66086,05052,62001,10035,32216,03251,43078,13048,68317,39205,2A128,28014,02083,02352,59196,70189,63356,76436,38162,26287,80300,12199,49368,24087,18279,56146,16237,23134,79061,34052,82107,64109,11071,74061,89289,46225,35041,39234,02340,59521,26027,2B173,02094,67350,33246,06062,76627,88265,76351,89225,21403,76100,39122,86100,34241,62523,46118,25497,50425,14605,60538,76617,19033,70417,89068,38113,86182,07302,68288,27480,19011,36102,80206,62250,14106,76220,85190,67317,41007,07206,60286,17054,44073,63422,55286,54465,97207,51605,05136,44215,10335,80513,72259,29297,35337,44152,39273,47260,60464,02073,39445,28277,33038,53111,77096,11004,67068,2B201,76490,68141,32238,45196,35128,09126,18051,26257,34313,43121,79243,80358,02560,29276,38361,66188,74083,62509,38073,21321,59251,80760,97617,79238,15125,63443,06122,77098,24318,42256,04245,04055,29037,85023,21148,80198,25335,57003,89211,89306,02536,03249,70263,79106,52258,77007,39002,09120,57090,22387,33245,65223,73307,31494,88428,05064,14021,38552,21279,55229,33227,39248,59067,51355,62683,10245,57123,06057,05086,44188,59491,47184,72149,68385,33083,64302,30258,62906,60363,61352,76324,68178,46169,78385,47030,19153,18127,57351,62733,87179,52358,68069,28124,24254,41100,85276,39210,15219,69193,24260,32191,55430,83135,69107,37145,17083,66038,21284,69059,74176,02263,38172,76465,47003,38082,77043,84147,74269,02784,88021,49160,71366,49215,17441,26330,63254,61037,65351,42154,89355,83032,02346,62168,38070,57194,11207,51277,19270,58116,17231,06092,70302,08275,28140,35176,54322,02084,32393,02453,67348,81099,30184,56136,55497,24196,51441,17304,88253,39297,51231,36022,62479,27137,27482,56261,02481,43105,14614,40144,25524,41059,16167,07026,32399,80459,24015,57644,65399,05184,02006,39507,21421,42096,44154,62020,62859,64037,60641,85246,64330,59647,54586,60030,61442,95566,57508,49260,46053,36125,41119,84022,69173,58235,72348,52414,62815,77082,39052,89319,39405,50196,25306,63403,32464,61240,26359,45132,04128,79331,65047,06110,80067,26005,81208,88361,42321,76348,39149,88354,59500,18029,84006,25124,32289,17340,01073,42163,59123,08497,29002,84108,65175,23118,42046,59465,31391,42187,78516,71470,24330,28137,36211,11314,34286,78285,19154,78320,27300,82123,84150,16192,61387,21076,38057,60014,2A070,11282,29249,08367,47161,22005,85267,24193,54232,65402,71029,32054,62011,76365,78364,02777,54203,81100,02414,02817,80226,02384,21161,08186,46212,62844,24132,17193,22291,49307,02044,66193,31205,07223,60081,54491,72192,69065,57422,74058,22117,02452,57647,36218,27224,27664,71480,81236,65321,18176,60611,56086,07153,70330,76618,56193,14558,58124,49370,27505,57060,21309,61396,01322,19018,32175,34277,68174,16342,61221,25517,05129,49323,21338,71324,33235,72047,27681,02145,88291,65285,84026,76463,62746,77207,34087,81068,42315,15186,88445,58118,64217,62008,31251,81295,49125,89013,86171,17303,35103,82065,56180,24370,37061,64440,51140,28052,27055,73157,74201,82157,21539,63233,47262,41253,57273,08247,07091,80372,71037,47308,30161,12221,61277,57074,23043,76104,27691,42278,89387,27565,32425,64275,81323,14266,89069,56085,53123,41176,58043,56096,03216,72008,88099,42184,54047,2B081,40153,76709,21268,35274,21331,25160,65117,28032,58001,50227,54185,08302,90048,91432,06109,34285,67036,18136,19129,54549,07087,26228,33432,74034,52352,56245,11238,79102,50145,61023,88431,14419,67420,77352,14536,57586,06159,54410,39106,48144,89067,31509,64504,25149,60123,62373,15232,61259,21705,90016,39204,33493,62149,88406,02363,87116,10352,56093,64320,88416,02264,91129,01428,15167,46242,83018,54526,2B037,88518,48168,08003,65104,36007,74298,58152,80683,22028,50428,80171,63074,73030,40059,52365,37032,17314,16065,06014,67546,70582,31098,59586,77463,78162,06112,25058,37027,71175,57255,29102,26113,04162,97308,31365,25072,14001,60078,59300,33163,51549,68360,59043,59662,74089,36028,02757,67182,80259,13077,11350,57614,25187,02072,95271,27117,46270,34206,61450,35270,25516,09094,31305,66191,72297,80298,73089,02472,10149,65301,81322,51543,27340,49112,76725,76547,57409,12146,56175,56160,87036,79230,55278,69135,79303,02639,10316,55274,22029,33100,65061,62254,89238,85127,62802,22217,62772,81190,50359,14227,11160,15250,58035,2A211,01297,89466,03184,51499,62022,21367,23221,74196,31183,57343,07239,25507,61194,60044,2A060,57323,62630,11438,34029,60530,95205,29093,01373,59295,80169,51143,31182,45297,64148,57475,11127,76430,02764,21710,01171,52050,09293,13043,61415,21341,28227,28335,71581,46046,26181,02663,62617,45340,76105,25071,2B187,54458,02504,02324,24183,02619,80589,51018,59377,31402,89059,81246,60242,54085,58153,66025,63445,88319,11200,78255,31227,21385,54260,43101,15255,49353,62740,10203,67115,52535,43107,04121,41292,76362,94069,57139,59308,66152,76459,26298,59060,52311,67146,79202,91338,25257,65244,60190,33215,70258,58291,17163,34128,71024,21638,50256,28182,73217,32007,31055,77095,21079,64425,02135,62901,80766,54214,25469,36060,85143,76631,61153,34159,62267,39579,06021,64416,63108,89427,40230,10359,80732,25004,51154,79170,67427,95309,59267,15157,29019,39322,70096,57615,87202,31197,09332,68296,58290,83092,85301,16356,31176,82112,27501,55137,83147,69085,70512,11180,44123,05182,01258,50401,24168,59182,71028,31579,87192,30035,73099,25188,14384,62135,17157,15008,54349,28279,51276,49244,76278,33174,22206,2A133,23053,46228,38532,62705,82005,45066,11082,80233,77290,10068,91477,13060,71316,30034,56240,41038,24325,31513,76158,19091,09258,11391,60502,30193,52035,67059,26075,55101,61290,27252,32239,09069,40062,88237,82171,14574,78269,63085,62147,73207,54397,59537,2B003,76546,70315,33155,72278,2B121,25102,60048,24514,88473,78188,25264,50149,07285,71087,61388,23215,33095,43035,19069,52549,47316,60171,57695,12030,57326,61054,55525,04231,26078,15018,02706,22260,27547,25548,61350,47257,59319,86134,17005,89120,62167,77237,30207,63081,74216,69086,19214,77344,25474,21322,77132,24551,51009,88312,59387,21007,03222,30239,52346,81297,63003,49361,33032,2B207,41009,54380,31162,37016,24303,83093,47328,24552,43184,59098,62046,39481,27047,71439,85040,07322,21153,76352,12142,88137,95046,79048,48018,51121,30298,17181,80797,77302,71040,25048,97130,32347,67062,44135,65271,77516,59258,80446,35002,27281,65192,50450,34226,50609,31108,50229,60269,16183,65112,46052,10167,77301,91326,80734,86027,16323,84104,29204,21524,59096,06060,64118,64502,38514,30251,14474,48045,42294,02028,81326,41044,07049,70226,68181,70386,67305,32363,80308,59575,14728,80034,59351,11250,11083,2B111,45145,23184,42270,83091,79289,68384,39065,27174,08314,72135,52105,69257,32329,33292,62500,14682,13020,77158,54236,08365,08238,52173,70406,02406,64350,51416,02460,2B147,57188,07105,11090,15153,16318,42173,21090,68263,50580,41075,08429,60523,89428,42011,31333,33531,65286,40103,67016,27059,05111,02834,48115,21684,10296,83046,53029,11142,70384,61222,91662,11056,27400,69014,71410,77060,02622,31151,71013,68177,59554,30155,2A006,61479,47320,01385,12270,86257,61435,55275,28259,27052,56233,01352,09020,82184,37100,76010,10276,07345,08001,65203,77012,17241,68082,60544,60196,54466,61228,94041,35134,76211,60182,14057,74166,72168,34279,40173,51089,09301,21125,77389,2B102,69120,18003,14455,77152,15194,40156,77420,18146,23068,02418,78668,52168,72118,33445,59068,91161,04124,90105,37180,11366,02648,05072,60346,10312,80317,40324,80504,10403,25471,80505,2A258,74226,2B216,76319,46047,51215,46296,07079,55407,78474,80399,31523,62188,04099,14524,27557,01163,67486,01314,80172,85162,68002,57759,72128,76592,65423,38508,51559,51053,21465,54567,62471,76531,54285,78683,58038,02336,97414,35099,73240,60155,95675,82058,50498,07339,41232,21200,28302,70428,34104,54354,76597,72122,89388,25420,21543,2B352,32339,02514,86132,61402,31546,62829,25091,58232,09119,12015,33297,32397,80503,22268,80028,52123,09329,2B222,62548,50324,30205,51161,52470,08321,35006,91228,2B195,69233,71495,13051,58166,30024,38054,31014,61486,65133,32097,44162,03265,66010,71026,67302,63144,29044,59185,17296,01167,13112,25429,28003,73058,53243,24495,02564,77413,29291,76261,54383,69199,86140,77361,10397,64370,08131,32375,68162,02086,21265,54223,76608,80243,72265,62153,82182,62332,74308,30149,62493,07312,45008,08106,33397,78231,16073,15084,12149,88466,59670,22056,65387,44133,16362,01183,40174,72361,60102,02645,55037,2B306,11276,50398,61391,08163,23240,38400,69116,29169,33441,30012,80288,48191,05176,65120,62812,81216,64072,61038,60071,54418,68283,05022,14666,43104,23230,01444,53122,57354,50300,22370,01197,02818,40186,70103,28104,68130,63237,72058,89008,21512,24388,24463,30070,07176,86285,52515,47182,39299,33073,65107,84113,33323,64048,57708,88421,76537,36141,30127,73014,85039,64100,71179,45160,62696,78466,40082,06145,51527,03063,50272,57606,42110,02104,89164,22197,33119,12204,67103,88389,38315,60112,61384,67197,26211,76007,12165,55260,79081,01424,85004,24516,60439,21457,38512,07122,38009,35115,17385,08269,39466,02389,11279,02781,48105,28304,24449,25598,40257,57291,78623,11378,17058,12059,28303,21247,28218,24346,59121,68114,25209,06004,62526,71052,36024,56011,16087,2B339,67086,04216,33276,81060,07093,36165,69292,39155,59008,51245,62659,23037,01391,08047,82019,46302,86195,84002,28314,05113,39490,34257,60528,57172,79062,38065,82011,58189,42138,31223,38289,57049,25017,32115,40029,13099,28326,70403,72048,11302,67418,17449,25466,24522,76558,38544,28359,31131,62542,30175,34324,71255,51004,55146,89085,70394,32344,63331,39117,07100,95387,89383,60465,65144,04217,81154,68060,12170,27500,30006,37273,01009,08234,42124,45309,27606,73222,25448,02653,34270,87058,04028,69052,06161,29067,63194,62866,42113,54010,01339,02454,74173,56226,71389,80738,22362,16303,04203,67028,09290,53209,51302,68180,43051,52234,55214,57316,53071,22273,72181,95452,08199,88182,80445,31376,57286,83005,59538,91556,15074,85232,51465,36117,44077,80611,04137,31258,58107,63172,40298,88220,02589,64311,22339,23189,38480,70113,38567,79300,17075,86235,44062,18167,01068,22322,36162,59441,19059,77412,24090,17420,54366,39092,59663,59322,91544,04202,24024,51459,24282,46288,69083,27116,02428,15038,58072,81225,54305,78034,76268,51406,46136,90084,42121,57509,17359,13086,02029,52335,42052,32150,02659,74143,38454,50181,57096,45086,17450,12080,74235,50296,01310,05140,28251,55574,36026,19279,34142,42033,59472,33460,34153,09185,54117,74101,15187,13033,54496,24563,67110,24426,03241,31072,76752,45174,60700,54556,03264,34320,38548,44128,60570,59438,85182,54261,79251,64452,90086,14648,27365,27071,37267,56032,65049,27441,51187,28040,57654,50564,29259,78437,37008,76114,17031,22368,59019,51339,22149,01284,08087,02021,60662,82089,77161,19084,24021,70102,30115,89229,83007,58126,45266,11031,01077,41274,25325,76071,40124,59252,53115,85255,31206,70519,57161,42172,40313,69145,64179,40219,25045,64436,29114,45197,62049,45220,54584,56088,17424,88443,11399,40183,27672,08170,24509,74015,03273,47118,26356,74280,60602,45199,63109,23229,94073,17150,26355,10206,27333,31084,14026,02509,64069,03099,45330,60087,39180,14397,43172,21624,15064,42293,61510,35154,2A198,89254,73135,30099,32277,54164,55295,69108,08171,54200,89255,12300,22294,08463,76113,28064,10144,17395,30252,72340,38228,73051,71284,15051,10058,81172,78062,25440,18283,47188,14591,31586,11029,62808,58134,69151,45121,27021,76667,14196,07056,33290,52545,69282,38273,95277,57705,71558,12089,54562,11228,56102,34213,73159,77374,78089,59489,59624,22062,71111,52016,81014,38382,88087,85034,65106,86081,32272,74037,62223,04034,62787,26325,01396,47140,02740,29218,76133,62426,03079,76431,22237,19115,62340,80102,52109,54103,86126,46317,03038,21599,79007,82059,63262,27531,06028,38154,77348,62583,59463,25229,03075,22113,21144,24120,68287,70052,01202,44107,88057,80514,27217,80623,40318,70177,76628,73280,65065,88245,78536,42055,77159,04033,21335,80743,67548,65241,18205,38297,82032,21328,54501,23223,19009,32208,76522,47280,71472,71010,02676,07184,25284,10219,69289,71041,02195,02358,54002,85102,31074,14685,27413,10406,39267,88074,71578,50094,53184,28080,28230,03180,63371,89367,77048,11104,09048,41254,71127,67260,87087,81238,42337,08373,81008,62423,02345,03256,16264,72126,95483,01017,27467,62640,21402,21058,49056,30341,22082,71132,04235,31260,65127,02153,32211,28161,60107,62177,89088,70369,28410,35259,67372,38319,30066,40276,50124,26137,60499,49050,53133,82181,17227,64145,88119,64134,42222,65471,63452,59074,14346,57664,80661,67073,64301,59453,22348,02206,24289,61436,85273,80773,26021,50177,64340,18234,26125,63115,71502,59629,42040,52140,72170,77139,52206,84057,14238,02532,55530,84151,66150,80522,25442,31560,32023,76493,01378,60376,72053,59093,30059,06018,88433,44126,63146,52214,55536,14748,32342,03196,11028,38003,89443,58156,25217,33465,22227,24340,39337,47029,78327,79271,27487,45101,34314,70340,88531,36147,60524,59565,47095,28310,29156,57106,11149,72061,10103,50058,76132,57605,02543,62071,14698,51389,86133,28247,54441,22086,91175,86274,54007,73175,80708,30344,64010,45198,58018,33458,37098,65460,41223,60695,46129,84143,59596,90100,03289,53172,14327,72310,89083,81239,24245,61456,21253,39088,18112,07308,65034,86242,32315,59357,2B346,76210,68074,19242,85169,04049,39350,01024,48146,43267,57417,57453,67183,22282,12281,65470,59613,26300,60024,60280,80320,77046,52121,61386,08425,02090,45028,65118,69383,08459,08206,64374,80391,97356,31105,62396,42251,49291,22310,53009,70026,59610,27233,54314,18006,52183,83019,63297,12108,25318,88122,70427,21246,83003,31065,14627,39055,65274,14257,26182,03086,76316,09065,40134,64206,03237,35363,87059,89452,30073,52423,56213,07128,67425,83146,46195,51193,57383,88035,19272,13056,57673,12195,76288,47164,63067,23234,05153,70537,89345,41245,29217,01035,10300,04190,88005,32202,54081,87032,62015,85238,73050,65184,08356,81079,55071,58109,22036,03172,58287,03080,60461,29257,46188,74261,60654,87041,57419,80821,80432,76678,80154,86197,17063,63462,11437,76748,47019,57668,66126,22221,14719,33105,60262,92009,64445,18208,51601,34202,55106,91359,65435,55300,65273,73298,87051,52142,57160,77296,85140,22380,56056,43157,08130,52425,34097,45085,71459,62755,31018,02451,35013,60240,71462,85196,73154,22346,63382,10421,38053,32164,29123,33519,02288,62345,50096,31244,18121,32311,97406,27579,02100,17265,16155,78082,22343,55159,51045,04233,62120,85290,59433,85031,25555,39014,97423,21041,65371,07117,74117,31497,60020,11166,71464,23219,24383,21089,61401,2B025,80104,54573,09241,62322,80222,07257,58279,55346,68088,80533,29141,56231,63249,35275,76395,39078,35046,27538,83064,46192,32366,88370,79343,85153,62572,34054,63444,71030,14311,58099,09210,81255,24493,51560,22026,2B256,88311,25511,63309,61229,50326,46330,63351,76502,25213,60177,16116,54192,72349,69060,64500,68235,54061,91377,27597,82119,84122,24030,57669,64439,80129,24425,28352,39049,34040,73267,58089,46097,09096,31393,89277,10330,83068,01106,72169,27399,80659,19253,25537,69039,70380,72218,29206,38104,68376,91179,57036,71297,48173,89126,54153,63128,50492,31385,33354,80246,35347,07045,41004,59432,55199,56030,76573,07088,28126,03028,66096,76112,12187,71523,18223,27534,21211,56117,42069,84124,42001,10012,67495,01295,14034,88006,35307,65090,45052,03071,16212,80424,60331,55382,39108,55555,68122,61111,11048,08277,33293,81210,21207,70083,46002,57566,47151,09205,59336,64188,55340,53117,78564,31571,71362,51547,61444,64161,90067,36182,21030,16162,91630,27198,45168,04220,65481,58227,71342,89274,60403,68106,56123,57152,41207,84028,33504,59126,38291,26019,32382,08363,31400,64067,82008,52378,10174,03320,48054,59410,27246,47230,84146,31117,80628,10163,57099,69190,59576,73179,19035,67161,15049,33336,76574,76032,76330,39223,51392,84121,62505,46117,80249,59159,11112,59541,60632,25183,08351,47045,80779,21293,01383,34280,57544,24243,62699,86226,91044,80279,27660,86029,14645,46160,58069,66190,30310,48001,51582,35345,59549,38265,58039,64272,27483,64137,73048,52316,68045,88128,49278,39288,02610,45183,81040,48004,03027,61139,57379,86138,82124,21663,80520,60247,10118,62427,31071,12263,25104,33407,89249,11364,30231,86014,02492,86084,65344,45180,57169,88442,72040,21555,23127,55188,71275,34207,91085,80679,76173,11139,61369,11122,17423,51229,07134,50253,62208,44105,33232,30023,31265,50448,71220,76451,28094,11119,66029,70378,58174,51043,03183,10287,48158,30106,02726,08465,68308,65129,88248,57289,08142,28065,06080,80237,69203,15154,53125,09082,01031,57395,03314,52375,62571,88132,42060,55495,59514,12153,50521,60325,67009,16396,59405,42039,52307,09102,61300,69035,30314,73285,57712,51393,54173,34016,46273,04200,43038,10123,47026,45088,71256,67552,88259,80352,55035,83048,10082,11173,59390,79329,32221,08235,40038,45126,17328,10433,52267,25393,50078,22119,76118,2B260,54195,15244,14248,45064,57679,67130,12023,80598,12013,31157,15124,67081,10230,52199,39245,07094,89332,18081,34120,77044,65149,71144,51646,55242,27375,72103,07066,10136,87056,40001,38394,11360,18126,56090,26319,72125,19222,60178,84055,82062,41002,08075,01165,25395,57219,89227,63414,31097,24084,76036,42320,11380,18030,77410,09071,64377,89228,55239,80664,24356,33312,09039,88512,31467,54379,53212,56100,15123,71166,80780,49200,77229,62504,31112,03156,05046,12208,22279,70137,11133,59567,83107,62679,38383,89146,68373,02286,07331,18053,14272,12239,85293,62851,89035,14546,12113,45098,03061,02123,25357,64018,30300,88153,59637,68021,10333,45222,29007,51252,30113,04142,02628,38179,11303,26296,16171,27615,58094,21572,11177,09171,59315,65009,61260,62889,25040,56249,39253,51595,14198,13013,60554,43208,02357,10270,71423,74258,25562,52161,47256,52034,38562,51152,30202,10142,83083,65389,59436,58108,72144,36128,21327,81151,23002,62833,62682,70328,41039,28123,17145,21162,39262,61020,63441,89134,69130,63288,67347,28109,51057,18272,37178,46262,17380,43098,26173,69118,62615,08077,40325,35240,65455,80481,60260,68104,35263,55562,19057,21132,30104,02099,62562,28330,15108,59469,77120,09106,2B246,60648,26055,91122,38479,79267,31532,31281,52019,18225,64418,10104,83022,67371,81209,17321,02707,60702,73023,61014,88330,35305,42328,88434,35111,26079,29142,86011,60411,27464,67359,52376,13031,69012,59620,62789,2B225,31107,09292,31139,01174,59374,01364,62677,08398,22013,83111,02766,52401,38324,29036,07103,76129,25235,16026,77431,45006,77523,55399,33150,11206,40270,66141,70494,78233,81187,76204,50312,59632,33049,03111,89438,19102,74288,88412,65218,11316,52095,48055,54600,76570,41233,58025,85268,77440,22148,02545,31261,69293,82024,64193,25462,62655,63060,51420,48009,77089,83105,77298,36227,89184,76308,65197,31009,14672,57506,02091,2A322,77355,68252,91408,55570,64451,40069,86001,31384,28280,14738,12057,66137,02131,33433,39385,81287,62244,28198,89300,12258,09197,14663,65338,97230,50575,66043,80545,59260,08407,80595,71236,16157,89475,77407,88359,89268,02075,89066,68347,02283,33408,52271,11233,87015,94048,07142,89206,51576,77191,23242,01319,82147,25006,09163,70309,34062,36200,43230,57270,77156,57359,39039,73069,33449,08460,64233,2A259,47242,64143,65375,39139,02761,64258,49171,87164,32002,65290,62175,16353,67046,69050,76303,59271,22150,65405,82035,21408,15118,54217,29132,57168,60106,18198,62474,38358,55033,14657,67218,39451,59137,25219,27363,04140,32199,70268,59341,31500,17348,41107,19231,11268,76052,68355,21640,74168,82194,80400,59285,54110,07284,79040,24062,14679,49058,10400,70358,55545,60434,43197,10033,34189,82048,08316,93031,55142,15087,35164,23158,83118,71252,38159,80378,19261,70007,76087,09166,89441,60495,60303,63245,13003,18068,55049,2B143,02188,06140,28425,70533,54428,68215,13205,50215,62822,64174,90010,22212,30246,61484,63434,10363,77335,70433,17129,24102,33005,59241,62486,61265,89403,26314,10444,39272,14504,62721,57411,72197,15237,21350,39102,87150,32441,82137,08500,89049,80225,31171,37223,80655,57095,28143,12212,47141,66084,83148,2B138,57373,37166,07152,15090,27598,26212,16125,10306,34102,08055,17301,80529,50332,77128,62715,2A114,80744,80312,26183,02500,81016,34088,76265,88479,47301,21195,19280,09266,24073,54459,77424,59171,15175,62748,24009,80669,77023,18050,70224,76254,08424,78404,80754,02621,28037,79280,01329,21258,67093,77425,19196,89413,28202,52495,38494,01241,25136,61010,51014,44117,60008,28374,54408,64082,52165,46245,38213,11249,2B047,45010,02158,60122,63423,04013,60312,09214,60318,26312,04054,71529,64479,14353,86254,86248,31300,85226,11162,43040,33158,63145,45244,62478,57264,10258,86264,80082,78267,21299,62076,25256,23241,33250,33535,52539,54302,01037,02574,15222,17225,11310,28226,02801,80747,41199,19211,43048,38350,27345,31369,03239,33097,62827,29090,25470,62850,58046,42014,26007,21709,15011,77049,39237,82012,88305,71293,19166,80019,76676,60431,88465,17439,60026,64383,80807,08288,68182,51379,67001,71396,33153,32161,08251,65209,01028,54532,60064,32325,10160,41077,80037,57093,72046,57531,88083,07074,32183,64034,72005,11192,44116,59297,16011,38381,60069,55444,36217,95257,60679,73036,82061,11226,35212,44161,39081,47206,02660,88338,52480,57540,25057,62093,27034,83004,22204,62430,59604,48077,30008,41061,70416,06136,40247,59366,35199,36126,32462,38380,11367,76138,41246,64253,57271,14598,64535,29187,17429,02720,27318,33530,88206,59461,71526,07136,77222,91457,03321,89202,24165,46284,02768,65086,05130,51585,50052,54174,28392,52452,42002,08090,43116,89105,81059,55398,71259,14622,02020,65476,61275,90058,47160,30119,15103,90049,66067,08411,37187,17073,17344,32467,04068,14626,55107,21287,39573,2B058,40034,51181,09186,11345,32119,72057,02477,14527,10018,42092,57228,2B005,46279,87200,59080,73098,15105,59307,08133,70236,65398,38387,32364,51610,68126,55326,50376,51557,47286,88230,46055,54177,82191,62156,05026,33447,25249,29051,62106,56164,68377,71199,16020,70555,39336,50556,02792,59293,19058,2B009,52500,70367,25371,52045,01281,29099,21252,51295,76718,39568,52157,80786,33355,62192,64101,91469,33478,67471,79189,76230,45146,46257,08121,60668,38232,51550,63098,67404,69097,53170,56205,89029,15001,79005,02529,62650,54256,03181,34147,16088,08342,57569,54026,60290,76681,55246,65262,81298,60029,15130,52093,59261,63051,23119,79001,70404,59326,57468,95074,02299,02103,51484,29234,45320,59546,68078,25300,16398,51442,64218,73282,60616,55263,55462,74127,46127,95328,60045,58004,89369,52243,25285,54483,74170,74198,51191,74076,51574,18252,10098,31526,38047,22256,59337,40274,88276,04027,33418,63073,52503,85198,35315,91041,02516,60561,58053,25401,87001,43220,77221,56202,14461,62587,21537,80103,43244,22283,64056,46010,29075,62201,10178,17155,33384,39497,17127,68356,29041,43265,37052,09152,21459,89124,49002,71089,62823,59381,77528,82139,54129,16195,21592,31345,57052,62161,71218,63167,15269,47100,27511,08039,65035,57309,42031,76383,08115,77512,51433,72299,30266,76741,09158,48079,74029,38288,80048,03103,04067,27106,10049,12037,02497,09225,57456,15012,25308,51124,67315,63126,49339,76548,63430,40126,07192,69212,62115,50596,25088,79197,52326,65297,61070,25572,55299,43067,10095,77163,65284,08214,72356,34315,38144,09284,25392,44138,72257,88183,24064,37216,65198,26172,71562,25378,85178,07280,60077,94016,82150,28055,52348,57656,43103,35219,48002,62638,29288,16197,28189,08372,61143,76023,76293,31241,88194,33309,72145,66034,27577,69261,19128,73254,32301,27397,54249,08449,63335,54144,69269,08180,55097,25499,52064,16213,62693,51122,22308,42123,12033,05107,13203,74071,58070,58200,32403,27569,46241,57541,56238,14134,33405,57159,11148,73201,02667,35157,73022,02704,27610,08431,64423,33482,32336,27241,19143,03138,21170,35325,36207,66130,2A278,65062,02175,77383,02636,38285,55358,88477,32230,33144,76647,57661,60253,41229,30162,31161,71103,2B307,27171,45185,25147,46215,46074,62252,03062,68076,17286,34091,75103,74190,26242,67177,60650,10081,23042,26232,38332,66040,88190,14334,88149,10146,39330,19036,39066,85144,76270,24232,14408,13074,2B221,50639,83149,84074,59603,28322,11007,21227,45083,41251,08211,67309,23054,88481,37116,78124,08176,71363,51500,63269,2B355,62888,89010,29131,80302,47103,57198,97210,62864,88044,59206,57044,28353,03130,54060,56053,32451,82081,30016,92047,74208,76062,28169,24163,58176,10348,68213,26013,2A266,59178,23262,11205,80793,59394,40184,30285,31061,57441,70022,60629,80525,38091,41063,63161,32085,11167,24471,31144,78624,42247,88318,02152,66033,2B123,89346,64062,03214,21407,35222,76377,59568,01386,60161,76304,08085,80604,26196,77075,03281,42101,11198,17081,75115,57697,64313,10302,57201,80582,33529,47058,41259,02210,22024,54391,52208,34235,50562,21270,76480,81266,57602,57410,76535,47047,32051,89183,14512,63392,18287,01362,74065,76251,81165,2B162,09325,02488,43232,60009,89303,30097,21313,71213,51581,29074,09013,02327,24559,17070,62899,02386,62002,2B007,47131,01072,13102,60508,47154,10210,44187,52301,28414,09016,70098,85086,81071,79120,88524,54534,12060,66117,60351,64314,02495,03077,47290,26138,55215,14329,88140,65189,35174,24519,40096,2B226,78220,43075,63442,67531,38074,80618,65336,81258,91103,88242,17050,79161,51410,45263,88324,73138,62392,13052,2B219,66201,65448,51007,82067,80062,73245,26063,74160,62483,61227,76069,29183,71151,71248,80285,35093,01261,81308,72374,39130,57006,38515,25022,40047,73329,91272,21187,59420,30289,77181,86077,64065,26003,59665,59396,35309,81077,14258,25349,62379,74041,52433,41074,30273,60472,88202,14759,56159,83085,25491,02111,38157,27210,65068,66161,09075,80697,52204,09046,62671,52534,80216,25582,24153,34161,50531,91145,17302,18031,16181,59270,80268,02717,01448,38198,95316,80326,12303,55487,02265,40187,93079,36171,16209,26152,74044,71341,52163,24146,40275,67050,2A048,74035,74105,54358,37192,19283,65097,63260,02736,21312,59168,34344,83042,67468,95144,65243,08397,89131,32140,87011,06107,76744,37155,37212,30271,21636,17069,01305,89205,26382,28260,50413,91479,58228,85012,60562,51444,40209,39271,71119,24313,76172,68103,34051,38524,03128,42307,80741,54137,80474,57314,80146,70060,68183,85211,71430,40074,2A269,37233,10224,35255,16423,67108,56165,33307,16178,25122,14280,80114,22106,05146,55080,38535,50321,62810,57601,15028,54579,76474,91225,80381,53276,47246,53079,07169,88249,02043,34082,40213,24194,14390,07186,76622,63220,14400,69198,77202,69258,64138,51262,19098,65103,38388,43088,36239,06096,31537,14716,15052,25510,60534,76688,53211,80362,72275,03060,70219,56040,21480,63340,60007,54398,38492,25607,77111,57476,52074,25389,16005,16390,79283,77332,86118,60449,66049,88186,64075,19181,28268,76567,62258,79130,14358,08339,76556,89328,51132,62508,11323,27095,67076,23083,95428,80558,84067,38226,47090,90088,63154,32279,76228,89382,35017,22045,39042,69134,38237,69153,54436,36212,11290,57678,49378,67121,65091,30135,50462,09066,82088,65333,95141,84076,26352,35283,33260,52543,70077,47089,08210,08202,97232,28036,24491,12154,2B069,32438,22316,72243,76263,08466,37147,44220,89223,61100,80694,69160,77354,76669,36138,60582,08477,08215,21427,69287,52453,79084,85066,77016,80135,54435,60421,45110,24546,35035,16221,77377,51409,24236,09042,77137,02728,70155,17209,2B210,76656,80144,01193,60216,65099,64525,26052,35181,88427,76716,02004,79281,62747,80733,57687,35205,38540,54140,10177,54324,57097,27065,55514,25541,66182,55168,01111,24188,86128,25254,62544,62713,70089,02076,59641,31521,62099,51293,80006,02517,80307,41008,77356,38001,68093,52001,32465,76378,17190,40229,51136,38186,88365,2B149,11159,62579,19264,07232,67274,51051,67234,35277,21581,18286,41041,23063,65073,86275,59389,77100,78290,71155,36244,71181,54378,41085,26169,97424,64103,76171,30299,79127,14530,72142,77306,42192,62158,38155,67105,13066,74140,47281,53126,87016,60614,05095,47007,85126,62104,24331,65447,01053,44193,73220,62374,33468,30325,17402,33300,63206,64427,07080,92072,49292,88521,54237,80354,19093,77462,27694,57205,08139,38132,24336,62096,85245,61492,27548,39470,62003,17118,35262,60680,27698,59273,40138,95572,35184,55117,35107,12267,67104,30220,27139,77521,01051,02398,37010,25112,56141,31352,59244,26166,55261,28265,70127,25012,34117,95151,33511,39574,27641,73131,56234,62082,60093,97105,09148,16042,03185,78194,16203,41140,42048,91156,73197,79091,76582,43070,67333,88297,57348,74036,32406,65038,80428,29064,54148,62056,72372,88145,31132,2A065,40242,59237,77047,53151,71534,46187,12102,57360,88224,32058,65004,14088,77076,80017,64236,54046,10208,72379,24396,25189,54518,77451,45345,26128,70353,32313,71411,21094,12264,42274,22257,65037,67151,36148,28102,18261,16413,27033,66006,70531,65324,42206,41058,29163,31465,27631,63273,76757,89479,19286,77258,72146,36139,33193,42012,54016,77008,2B251,11184,73106,77367,57048,07197,78030,27213,95563,58203,62327,39342,06119,58271,70348,24096,43145,27019,68127,77281,90045,80719,85033,51088,31166,08370,34216,47129,56191,08182,31090,54286,21464,29061,51341,35014,23246,54111,32395,66022,2B350,03076,62297,71533,88288,54377,56201,02561,62512,71278,41136,21150,59202,27289,38090,23021,28075,65211,59507,95054,59508,68371,19068,36113,65426,2A270,08034,95139,58163,71016,42290,42185,18020,89212,95301,10077,33178,11246,89287,70003,62728,82167,38386,88125,80201,12034,72342,77034,88372,12157,67131,89331,69136,89071,14619,07063,59257,11136,38163,55102,34303,15056,36132,52125,91148,70504,26035,78311,28426,85022,2B059,24115,86234,38018,15243,58010,80635,59015,41103,60459,42102,22152,06111,63116,85264,03145,63387,89033,24029,02289,80123,59666,14322,06124,34166,21387,78224,61077,32162,61487,27226,57636,46032,80292,25024,26378,50200,57488,47191,78531,49155,67451,17258,07240,83054,55581,62028,74030,14150,14006,40268,51299,45113,41022,76253,47252,17153,86018,76271,21363,69181,42199,11014,54240,64321,62081,74259,25181,14630,08249,44113,70064,08110,55371,80550,43034,65381,31489,79088,62386,54091,62184,17180,41206,65384,09136,71105,55474,64389,32292,73001,48137,89012,82083,90082,79294,66185,73183,03274,34144,48130,41046,36076,21374,02429,49064,80139,91137,35159,80205,32139,89200,60550,59427,27199,51590,16369,33446,27682,56209,39058,31472,78368,2B050,80155,13213,59284,04164,80466,50519,12215,71372,23145,65191,2A130,14183,73162,31042,69215,77403,38277,64073,47054,63301,67067,33089,87093,60578,30168,91106,72249,52220,35194,79123,16281,76467,05016,56236,64287,66172,67306,48152,47132,80207,19248,32134,93049,55463,69149,45130,30153,73248,21070,53256,52284,38527,69184,57320,30151,38378,70031,07037,62369,09187,46209,63193,65459,34168,57390,16015,02554,02240,80044,52101,55470,91248,85076,82052,16285,59667,09260,74155,44028,85014,68234,35306,09300,66079,10272,61145,21339,53246,2B344,09089,54005,42077,69163,14281,27617,2B263,86053,58083,27177,32323,44049,71406,23013,16131,97101,31390,77262,69385,29021,36153,71524,40240,81178,31094,90009,94071,63285,31342,25244,27477,54583,53160,28001,59299,05179,35294,62496,57208,51322,02350,93050,73286,60665,67448,02095,15225,60006,86290,89335,73156,51487,23077,49326,07161,77243,16316,62598,80606,12003,12161,38286,56124,88505,21686,57176,58044,59358,57505,33360,46049,60522,56186,01399,80360,54541,50423,55465,30234,77087,24225,47171,60267,81199,22069,51524,51649,81198,52179,89209,52416,66030,66027,38066,70132,16008,39514,02571,70001,55403,56020,32418,28028,60663,52429,59016,58093,51415,25618,72341,03310,77198,37262,62370,89102,77015,51070,15234,01127,57338,36225,56036,86061,68357,39010,18134,02179,21633,10023,55082,43253,32387,51212,85070,61498,51378,40117,40110,81020,40137,09138,87034,70010,58098,97103,54493,64085,48032,51545,12011,11259,52336,10155,97221,12017,38416,50059,76414,80540,53114,33480,21126,23157,17003,79025,47309,88468,22340,95491,31159,02048,79077,70499,59480,73119,01232,28177,68034,30086,58097,46116,04211,37256,76175,53059,33108,01317,24429,76198,51242,02615,62564,23059,08065,40224,49373,65014,77183,84045,63393,51634,10079,68358,76084,02369,18128,35143,50563,57162,28167,29094,07018,71453,63036,63284,59573,40199,17183,83012,42231,39378,39111,70028,76309,57345,59557,04175,42221,2B319,77150,65360,51377,52056,71237,19119,79090,88499,90060,54416,26344,52353,69155,89181,48097,31126,65469,49359,01376,61095,46119,24487,76357,64444,28364,89325,79158,60323,51196,47107,31437,65418,36087,76495,67051,50038,19130,32350,57643,16079,46338,02565,85018,35196,11019,55414,47235,80453,68158,08291,67320,87204,16107,51535,55457,70579,32226,42097,76029,33404,34254,38059,72050,80387,80755,16139,57634,67245,46031,88126,56070,47105,25094,38531,77061,13078,41037,76489,79270,51270,60379,74090,33040,26262,43138,37158,25458,19052,34328,25232,89313,59494,01398,02238,45158,47155,12103,64345,62145,24565,77466,80015,46310,86006,36223,55050,40307,73253,55076,25036,01272,57535,78236,59622,27593,81173,46332,51246,55381,31082,63004,70159,51498,79276,64534,68232,41177,60055,77312,21472,56087,19141,79079,65406,89095,93064,07228,31235,60686,24098,08322,2A117,63458,02391,90020,44134,18281,71057,69087,02478,45107,10364,77449,17366,31193,76434,01447,12294,46004,60142,30156,58251,80241,2B190,91687,31482,66056,16099,28331,02057,2B250,35264,02723,62897,43141,04045,80133,60369,83090,57483,45115,60444,22366,33124,34222,16370,30057,77376,15070,40227,81053,61124,28187,12269,77040,24010,08278,26379,25443,69168,79153,18022,62351,80283,32146,35355,46113,35224,31129,21431,38211,40041,38438,05164,62407,19050,83025,41231,02765,01365,05058,25331,70063,27440,02272,12022,15208,11204,66204,24212,32081,71552,38445,73071,57648,59125,14110,81022,02484,42257,22328,86271,55207,30248,76338,68064,80240,81135,21033,78036,17464,27412,34055,54330,57560,33314,70400,02600,39571,71407,84024,08501,68327,50036,65039,11292,12174,91215,49080,56019,55472,83115,52274,48111,57653,64094,51563,76755,87081,81244,57749,03002,18116,25627,26269,25287,79013,09195,76569,28134,38448,07305,57698,71187,21323,28383,10419,65335,32114,64362,02745,01332,51055,22049,27334,32396,50647,65343,55226,02354,24432,91473,58128,54069,15013,45285,03191,41129,40023,76438,62094,17061,91390,62877,64465,86135,97134,01285,44142,64095,24458,51022,47036,28248,32333,85158,80365,17002,15218,18240,13114,29167,43264,86047,39367,24301,67004,50443,80078,29110,68284,76048,71007,71025,87119,33321,2B167,97307,01233,76162,33509,39449,76533,62321,42036,77294,11175,62826,21477,01194,27035,80342,43073,83039,36107,34145,04079,68016,32352,63104,11266,80769,10168,28122,51107,76630,29263,59560,38431,54299,39349,67173,79129,66227,38244,43206,51502,62546,74091,81235,73164,46017,05151,71382,05087,36112,02468,12055,32075,70277,11308,47015,19168,26047,02523,31492,47147,46060,50336,34237,68336,39397,14557,80410,14713,10283,46088,57393,25253,19017,32262,86225,88331,26054,24244,10135,78077,02486,02139,78264,33330,57576,61263,11013,85146,34240,81051,68279,54255,10109,59036,80563,17242,10440,73121,21143,76281,60681,56084,26085,60353,88240,02341,51238,55085,33537,74283,56223,33050,08487,37024,16325,04159,29053,91412,12065,62767,41097,22377,11060,61394,72085,91519,21383,2B084,38294,41228,91374,46086,38199,77021,80336,34194,34025,71360,74171,08444,32019,41164,63111,59660,45226,62455,72358,39219,31200,24488,61007,29017,02049,25436,54139,76512,68038,58223,08200,70573,15223,25563,02101,15045,53261,66055,51222,52449,77345,16252,85210,17451,33419,39206,47101,58142,71270,62012,11037,95181,80234,64353,82017,57362,39079,22128,65332,19210,88523,30176,30296,48171,77303,2B116,57220,28319,31188,19139,60401,02687,76318,59311,62180,02097,29034,67214,67239,04183,67134,54589,24364,81247,37269,55192,65222,11138,52421,01069,08334,60127,51164,56066,64292,63105,07069,80196,61076,62422,64274,41120,11256,26346,59175,48039,38147,95365,37280,37248,52013,58301,12018,74296,49288,59047,02744,90051,11051,2A253,41168,52438,80211,80105,74153,38345,48036,70008,57166,76063,56243,06013,22207,38087,80149,65225,80324,70187,21685,64260,38325,70480,90103,14378,66001,68344,19262,17390,63022,21651,82117,63042,33464,55518,33220,55298,65170,71245,37243,59619,28039,64342,76297,62187,67123,60592,67541,10105,46227,41179,86079,82163,95348,29298,27481,17353,51228,01058,47010,2B214,50471,54538,64032,88366,30081,28072,50084,10090,32091,39339,38391,36208,69157,38146,55268,11369,59535,50304,71174,21052,09306,60452,83129,41222,50629,33177,68147,42302,36166,81032,39061,09169,21501,22063,80029,2B043,23261,05170,82086,70254,16132,10284,89360,87188,72246,14179,14640,91111,59649,08169,88343,33492,63348,97113,30092,29196,16399,97202,91411,43112,31416,78343,34053,34042,11363,28363,74179,34031,60238,25514,70542,52362,27291,64237,70413,65354,28242,66128,07234,13007,39401,32125,28261,90030,62234,66088,79029,13080,04005,56167,17111,65012,74225,23101,63038,78407,66199,32362,16361,71554,60321,71527,68191,31282,70221,2A094,84009,46191,07157,11069,52175,31373,08196,80682,62350,54025,24027,38240,10070,11300,53040,89404,21050,51597,09057,26115,69071,65070,31487,97120,55208,38039,66046,16283,2B245,64344,17448,48085,78072,39070,26146,40310,24324,18125,08430,63207,34271,59177,33062,17394,12179,17417,81271,17444,78681,71203,27251,62338,44148,16404,28071,53069,10200,88086,07295,64183,15176,33113,21502,70459,80710,35079,95489,81048,56118,93015,08205,13211,43261,44136,39305,24415,45237,11045,77068,60130,86076,24466,33076,83036,11195,49381,02260,31232,53101,51537,62574,31434,37083,48139,13054,05160,28344,18035,08122,19256,32285,11270,45206,81252,61225,59608,87100,35151,49100,34221,03220,62032,06037,90055,60551,57368,85080,69110,64386,32073,60504,80138,23123,18177,48103,74067,29100,62751,10411,2B148,04007,27525,83023,29248,25214,54241,48030,26028,39463,11420,63256,40058,89173,58103,24247,50042,15113,71065,66089,71067,51660,27277,28209,50275,62398,31299,14137,53041,31457,33296,26020,12249,57262,97358,32286,11152,09233,62200,69143,16227,29213,85089,28397,28254,89044,27018,08468,54519,65138,68039,24175,47249,71505,03096,60469,64255,59118,70076,31285,59353,31099,88143,67113,32155,33007,55110,53086,82001,67242,62797,80688,62179,77214,76223,40077,15142,67520,16047,78418,02563,39324,59116,56263,51104,51182,59282,45289,04042,39017,62262,17343,10097,27258,34308,39366,70120,23011,80458,02455,67031,40139,32429,37177,27017,31319,19086,15220,89036,10229,63435,51452,33334,37175,02499,54224,11072,10138,70462,14559,27590,52273,19173,39247,12029,83078,71074,30065,56060,41275,47152,17468,18115,67107,94015,37108,63346,2B107,54427,34234,50552,35299,27042,02411,14449,12021,27046,53234,44146,62311,70095,71036,53042,15268,77072,55568,24392,46295,05159,11088,58155,25192,89461,24230,07258,38303,42017,57008,46340,14024,60386,59324,68134,32231,38029,77193,46219,54056,51243,44172,80553,63372,88008,50239,77030,51291,08384,65024,89446,89130,40043,62203,42116,10328,34282,35288,22008,81224,41142,70469,14375,16057,11296,84015,81126,72044,06046,88172,63024,80438,60075,71222,57179,91293,71164,62077,72089,87053,55041,17478,25176,24040,59428,27247,57764,24161,89423,24113,52359,64098,38034,11158,39520,43072,86175,13201,67453,42242,33514,25283,79103,01244,07276,02809,62669,57732,68025,09130,71158,51172,54329,17080,25186,31210,42038,39086,50537,53082,55084,25481,62171,47124,86073,24462,30101,62016,33505,60428,62881,57502,47005,59139,33190,21346,64155,60693,50463,91021,07307,29125,2A351,25279,91204,37200,19134,30214,71101,50467,35012,04143,17270,82168,63401,74109,46026,21093,03133,14007,27230,70239,80798,44029,17243,43087,02270,67331,27335,36154,94054,72152,35272,31496,95051,29290,42098,35242,12244,23227,15119,52244,42236,42131,80282,61421,07267,2A024,71436,02501,80187,51079,38432,90017,45249,10360,05081,71281,66203,06087,08323,32040,26107,08101,55410,21178,36130,58296,39551,18170,72190,23075,52124,02119,39147,88301,21535,70564,71519,2A001,21384,50495,80770,52275,52113,32455,39460,80038,51325,10151,71001,48150,43037,18259,32358,63268,63457,78608,37266,23208,60052,95088,44119,57581,77227,41109,38335,88012,64559,85105,15004,38238,59539,36020,27433,70540,90093,93051,31051,08313,79008,60243,37132,86022,89141,72235,38133,25326,27112,80164,73052,39154,64484,60150,78168,25434,68368,2A300,41282,68365,58188,50129,52347,27602,41146,31545,51095,01411,86239,55134,28090,86227,76401,70360,71006,60308,01382,89034,41084,60671,30243,65249,46069,78644,28047,51483,63446,27486,76008,56017,16146,16269,28176,64405,83069,02190,77438,09014,66151,33233,43250,51141,23095,45322,11064,77388,76060,14528,17447,24371,70040,32200,70395,77341,14124,02731,19159,38417,03059,42118,12286,09330,89329,56264,06131,61331,51336,77304,25163,47092,27315,70056,72147,42289,77005,25198,44095,30267,84129,67353,66165,62183,51027,15169,64317,04122,89014,70376,21378,64448,69124,39024,51324,77131,45096,93008,88356,73274,55100,57053,24032,21276,47110,78006,41235,51265,88257,59250,35177,10367,80310,54038,85001,63142,36248,18010,24209,77197,81044,27015,76273,49220,21652,57027,62642,90057,72031,37167,50571,50029,05071,38365,21469,01034,10231,68354,11339,41057,27504,69004,27002,68083,08331,80645,64117,40020,89163,24207,82166,11169,15092,52384,59204,76541,08306,57231,05135,59087,63240,33333,52510,22331,44214,80191,24587,62236,33086,60587,52290,54569,01175,32029,15060,2B112,57537,28309,62477,57137,26341,72362,57381,47062,66037,01408,83104,08044,06117,31121,27442,51429,16070,95582,62130,89327,78013,28421,30245,10238,54205,50577,01041,13034,02599,12049,16338,82073,77235,83020,58051,70088,33253,37031,51572,70525,09051,76289,21064,88011,69386,63151,10298,03304,18285,56197,16204,03179,55023,73072,32101,02506,93073,10128,07191,26279,01129,50511,61266,57532,61322,55400,51511,50412,79196,38077,39188,55433,77031,24581,66094,51071,81127,55386,60217,16240,70211,65361,24460,61152,76320,84016,29178,34038,70291,88054,21072,10194,21632,71509,23130,65126,52099,15083,61429,33303,76141,73308,31248,31343,63119,26174,95637,21546,37001,44026,69250,08128,68089,60466,91274,51305,47035,80407,40221,73029,72382,10388,46255,50517,30037,02080,08014,50419,80657,12134,88124,02791,65125,70541,26154,21304,42205,71148,58135,46263,29025,13006,45256,09206,21239,58078,39575,76442,80774,47318,08361,52023,16286,26081,31550,30242,39392,53094,52486,59072,89320,81137,27425,40148,84128,02469,2B170,09331,76571,53103,55535,88017,04091,52511,52127,33299,53156,04174,43132,25172,76197,51602,09268,33019,12062,45298,68131,73109,58275,40039,51137,60440,57405,76473,12250,36169,71145,09316,78164,79246,50523,74139,05045,94001,16095,27431,45326,32055,02039,09024,51329,2B168,47214,53193,54593,53181,38197,11042,64121,26235,11061,51656,01390,23254,35135,25173,14042,50518,54537,47312,12242,66047,78397,91180,45214,61117,80787,03146,82076,26380,43015,56008,19024,23033,22040,08436,81146,71431,17481,59009,59607,24554,01049,80406,77133,07188,87162,57019,76462,50576,31083,15163,67202,74049,71066,72054,54022,65046,55394,80467,08262,33457,47135,32184,17408,61021,21716,02623,33109,39280,80194,59170,56071,48073,47121,95355,61088,24339,65055,01274,39121,61319,06138,25082,38011,70374,89333,31506,14146,25341,77526,51192,33171,33185,68322,35282,33278,54270,81121,58205,66196,25220,80417,80801,81168,76468,33541,63318,65082,16419,60445,58150,08124,06156,22153,83154,50197,57464,88373,10334,76099,93047,59189,03197,74074,45154,14194,24572,28191,38284,15042,70151,55200,21711,02763,24293,64028,63292,28166,70350,57366,63163,19172,50389,25050,65267,57175,95026,32056,82057,14665,21688,25611,89199,61269,01323,66041,94059,16412,70407,21351,80415,80079,64485,39274,55211,58081,02813,16320,87106,73113,14180,39501,62284,64558,59474,68230,35001,85194,39227,74043,82160,27627,19034,15007,31021,56120,06034,70474,49070,57230,77245,80668,14734,68168,67066,57639,59212,09178,25266,50193,24052,62697,62788,60596,76682,31556,38190,68102,08454,26140,08026,15131,36095,52040,11105,11150,46144,51603,76390,26068,77359,81138,17218,35278,64510,45294,76373,80357,88451,59578,48007,85286,17282,59321,68311,67525,46012,82014,09070,02685,33053,45134,33152,67321,40246,55423,31464,69032,84117,36146,70023,62661,37219,08062,08492,26149,38160,72006,83015,15036,21544,43171,62433,51249,26245,25424,21717,78478,38175,62084,47012,53068,32190,80785,24558,16164,43203,38092,47046,2A160,02524,36058,86249,66233,01371,07325,55216,40006,02198,80408,35183,59274,29059,64471,51008,30228,66132,60272,62196,27455,26227,78423,31435,12090,12266,32447,32408,46220,68251,79350,38331,03268,16312,52405,86040,03132,55559,04107,19161,60427,51061,57657,01325,77174,64203,47193,27521,72096,37224,27463,02642,55526,88508,2B230,08027,74262,50142,31474,29256,38099,54058,18172,90090,55449,33553,38106,32374,62458,80351,25336,60634,60249,33525,66168,51301,57117,62709,68010,25508,50365,06078,06150,77417,32217,08433,59021,89092,35122,37202,22244,67186,25175,62902,33015,01157,56001,63305,38453,45217,80219,85181,07077,07151,90077,38283,35357,16122,09143,55104,17407,47099,15201,70188,57246,25476,61389,89341,60086,21516,33291,38098,59013,72115,17213,58130,62454,95592,54499,16012,62406,88367,27434,70054,59634,71285,87203,37261,66123,60144,24540,03102,72220,81122,79156,77144,03098,54120,03305,69285,65394,49367,55201,38292,49135,57465,07118,21128,21137,69246,50198,17174,35025,64399,81284,22095,21514,55452,30189,69183,19179,11020,64027,62204,25612,21272,02385,07002,78140,50151,59018,62498,04189,39557,54362,07051,74306,54485,07314,25201,48190,42312,29243,16415,51158,73230,88243,63232,24133,24273,52038,14370,23258,28051,04194,76212,02555,45234,52457,88223,55096,82072,25210,52051,72238,2B224,59140,14531,10026,24285,44031,88459,61029,24076,44196,65445,74242,33104,58221,38022,25561,45272,87147,18005,26337,29097,02267,34048,95197,02236,60203,47208,28300,50026,02798,35070,36137,44137,30077,77085,77088,65383,10162,25164,73020,43043,55482,07293,66125,02262,51514,04095,24126,33263,21243,01196,59499,60334,27180,68207,32042,03174,77318,71003,54187,66050,25359,53175,02177,57752,33436,27460,72075,62018,21134,25030,71039,68066,63234,30123,13101,05047,71351,07036,62220,21562,34012,34019,67324,76117,44211,50144,90004,62087,79118,17310,27576,65452,74302,14367,31289,23141,76190,76194,53154,11100,56122,86160,45178,77265,61026,85220,33507,02579,76620,60441,12184,54318,22030,09064,77080,83002,62413,2A232,36106,57072,52360,37246,22146,85111,21634,64126,77402,11294,24051,16018,76699,91593,2A056,43147,68121,33389,80805,64472,10094,71228,51470,02423,26136,89314,67475,35234,41163,82136,44165,10131,85071,21316,36047,24004,71060,41191,67147,87127,28401,07211,87089,72158,27256,84144,36203,02313,47198,74232,28395,70487,31271,67377,54040,29022,72286,77252,70192,60111,31038,19029,14448,81197,86222,32312,31392,23239,18248,22248,77390,50554,23051,82125,88015,42286,03219,62882,83065,73057,38108,91131,21177,19246,59661,26246,02490,10106,36079,56129,33151,24295,42107,08259,34015,58067,03085,32129,2B364,34247,21424,32228,73320,21160,54001,24434,48034,01036,59359,53140,22183,48027,19188,59302,25570,62490,25166,04244,36124,11227,58074,09313,10405,69017,61439,41156,56242,47048,85185,57199,15238,76638,80607,34034,08502,40330,01457,88376,63055,17244,12191,82195,24468,78647,28175,17192,32035,39184,80383,54413,64110,01145,62762,02379,17185,19121,37254,34079,2A040,38150,55067,39207,13103,52043,01263,09018,17078,50167,09110,72062,51056,76094,26317,47194,59330,56181,01415,62371,89283,58076,39502,47223,02173,58238,60319,55267,2B243,87083,34311,14078,51436,21583,84090,72112,64547,17364,76712,59079,78575,38444,2B267,67176,81290,02234,77249,62381,47264,54461,35109,74096,02759,08045,60252,73294,24137,36177,17470,74145,27349,03169,2B299,59354,34090,95628,04031,47227,55256,60458,56069,86074,40206,38509,53253,06083,58215,57284,21549,81144,26290,69021,26089,51294,89150,40085,91135,38366,80083,82028,47063,17276,16160,33221,02531,25086,31470,57177,38217,60507,46080,64201,29208,34249,08236,11436,31514,45224,89426,79310,60236,01441,10143,24577,89310,90083,06074,51370,66021,50478,14380,46114,16232,85250,62737,39400,19066,61371,41273,29260,59601,71231,21597,21069,32250,2B297,27187,81248,62402,67290,27518,21679,24213,71373,07081,76076,40118,87069,29262,77050,77300,39361,70165,27383,59210,10166,53192,23232,64153,93057,73168,39053,31290,57572,70552,48156,57546,74223,50594,37066,24043,11257,05012,67466,89221,19003,16306,21124,65044,45051,54082,57723,37103,2B095,80057,46037,62334,35040,57630,72281,01092,19234,01306,06007,06091,09184,39138,29113,02118,97231,89318,27350,25162,64390,29236,81230,69196,33366,68042,63419,37078,01368,16104,10368,14290,02038,26179,43079,21095,70085,54039,70339,72330,40228,71387,25404,30276,01247,17336,60116,62848,53036,57119,32293,09118,64385,41067,36198,73227,07185,26017,77518,10184,04088,60454,36049,11146,11009,24555,39112,13088,50347,31002,88474,10301,55344,85083,89063,26006,45209,71504,08310,39426,39051,91022,38259,58182,11134,62596,81145,63176,42239,14193,90036,50473,07190,46230,57737,80380,21704,27700,34263,25495,69209,88173,39398,62256,59017,45156,29015,02413,2B074,56021,91393,86269,67257,88399,81179,50522,24094,49306,50210,77103,64417,21645,78050,62280,25449,04059,65347,69249,78265,61138,21275,14439,08357,94074,16151,03236,38539,64438,52169,49347,51630,47306,76754,38263,2B013,23245,88386,70018,22141,33424,01170,12091,25087,27200,62793,47011,21619,94043,62313,82069,29082,89170,19276,02054,31060,43140,35086,57372,70359,10147,42160,42181,21610,52085,73114,02464,66048,64156,50541,54032,55122,10263,42120,80521,39535,60536,62871,01023,62643,19251,54080,52289,52069,25281,72102,33372,29032,31436,04120,31488,01124,03150,36229,25299,45264,55120,11394,86092,2B183,52440,33542,40167,12140,73176,19206,60046,69165,36062,64508,88260,16120,76070,01249,38363,68012,32424,01335,53152,51589,71553,33328,81019,89020,49283,66098,21009,83122,28368,16068,79135,51150,60521,71321,80570,51318,44145,62092,30211,17100,81264,19178,42035,92036,2B034,28403,43003,77529,68280,11357,41286,60703,55503,57341,27077,49188,08143,91399,84093,01280,64195,07268,42165,17004,50493,87187,89009,79124,80208,52237,35291,14197,39389,73087,59572,40315,76317,53089,31356,2B361,26261,21259,07335,21234,60145,02441,46170,80195,30324,07059,59150,21575,68330,13023,28380,31019,16049,2A144,93027,76658,63148,2A108,02608,24269,65114,32303,50076,62399,81101,37107,64431,57174,43214,17172,01012,14437,71332,14218,10318,53093,71345,83138,51199,32087,63282,02727,52456,31213,77437,64271,14005,45127,54149,55366,60176,18044,62151,76327,08020,70167,31577,50512,95323,69008,18033,10065,80646,27249,18049,21386,66111,24360,17032,27516,62838,27420,61081,29255,78506,64014,60473,25015,60207,27426,51059,27396,03008,89186,71421,76396,45300,19255,70057,27392,27469,01195,86069,59215,58047,17194,12107,01425,34065,63410,78202,87142,54365,38485,39060,51600,37193,39550,78557,69113,58302,76511,87168,18107,77078,70559,46235,36209,71120,42015,62904,84062,2B321,29049,2A014,89393,52102,15129,12043,07129,86150,77250,62573,52130,27589,71061,18284,19247,07024,51230,53271,22285,21698,50335,71142,40326,02734,51625,51496,68320,15033,15076,59303,77253,58173,24276,60585,16381,33348,21186,83088,03284,62419,12071,34150,07171,40019,62221,21371,01076,54402,01231,89089,18069,54481,57440,31431,35104,51515,27193,46013,11102,59379,27163,03143,95680,63196,28007,09159,33502,14394,84135,87199,61267,62331,59595,42249,77469,52228,57101,32070,73122,09134,58253,31368,27028,61360,72093,62325,39105,16105,08013,83086,2A022,57525,74019,87082,28183,89042,61217,70314,15057,28185,47258,02079,81321,64499,54571,34060,62451,57136,55244,86213,48153,80523,43006,01320,21542,17041,59426,08486,01108,26056,88148,79128,76385,61472,78245,29042,87131,58092,67445,63050,56188,68242,34220,31111,62063,28389,83075,41276,38561,62820,02794,49161,67112,16341,89469,53062,21696,09090,77357,51430,47113,34296,21197,65283,85280,14009,46108,87028,11325,56225,39255,33416,54031,70036,26097,32203,04171,02399,24234,2B227,10387,67077,08144,56157,11194,25411,27267,22182,76380,57612,42280,77427,63406,77321,39290,36219,81228,21099,07173,05004,50626,49362,59657,23203,78117,67287,45040,59113,59606,80435,08099,67412,80812,18269,02569,37060,76176,50208,70317,77093,33510,47189,06041,38343,12009,63010,86087,31338,09080,08346,90007,52076,45170,38308,31364,68194,24144,05061,61390,58217,26065,64519,11263,31127,87062,45166,18165,70204,17229,62217,81306,76472,14635,72041,83059,33318,60583,39543,46133,89458,10262,15061,02788,51174,76375,29168,91045,46320,74295,44094,73006,32437,72017,06082,73054,78576,33378,50509,57428,49336,85288,62867,66156,55575,93046,73025,26100,70294,45135,26188,16241,65128,21340,01421,80433,73007,58045,64294,30212,25355,60423,08218,68374,46058,04150,76486,72177,67154,50643,63049,26164,21147,61459,2B218,13064,2B106,22042,63082,15072,63450,54363,64099,06012,11196,11434,74021,57324,40090,38521,24022,17228,56018,11186,60219,77472,58009,10380,43060,11202,66019,21510,71402,71541,79089,39441,13027,55045,60151,39261,45076,21308,66147,25631,22166,60348,86090,65092,62694,07141,66016,27147,52459,81061,02634,21594,70244,88045,52189,88001,31125,02570,49267,59505,82045,35033,11341,13021,89324,60287,62494,95604,49338,62218,42020,21456,15247,51443,32460,34227,71073,71244,89125,31337,64251,08156,85292,72267,84064,08158,29023,52167,57597,49329,82193,02719,33251,62768,79355,88227,37111,79284,25487,62174,16035,14374,35172,39040,33127,07248,10338,21082,28305,08160,48071,08282,04092,33149,27587,27284,40212,66222,12150,08324,85295,22075,71185,42318,34089,25029,68085,58243,13045,44139,72171,30043,61316,54312,27570,43084,03081,50156,89406,66012,95660,2A026,76726,59106,49246,24119,92032,90104,42195,60054,58162,32267,84061,23015,60296,52455,27181,57331,72329,61447,22364,2A021,87178,71507,2B337,62178,76679,28026,59425,32167,70402,07052,12240,71543,10218,52321,77489,06094,21463,70044,50049,15240,49041,27098,62843,05017,31172,18276,47226,28153,45218,59585,50599,25180,32205,46021,43217,21419,13028,43149,41130,59338,34074,51369,64016,63466,11002,58191,62538,68248,29013,14426,38401,14468,14364,03190,17432,62213,52432,12019,57588,60646,51060,26082,77292,77313,02213,91578,76208,71104,38206,49029,71404,22240,71517,37184,29047,24532,01435,41121,50110,63362,59209,62875,80223,54154,90074,21035,97121,63310,58129,36246,10308,39239,76011,93062,66216,23133,87129,09234,85179,27630,36127,62315,09244,25127,27016,27488,62143,80258,73324,58194,42085,27325,52115,10024,50025,02032,55232,59372,39489,60248,23143,19157,33132,94033,53051,63147,13061,33170,53224,60408,77255,72248,01080,80165,51493,03042,54460,39008,25453,02602,39455,09262,2B016,74297,77327,48127,15172,39430,49060,95656,86211,67080,70520,23182,27343,88205,19174,36094,95280,67008,51388,23032,62786,70576,59275,72131,24513,40116,50368,40264,63432,19170,55265,23140,43010,51179,16168,10401,59599,16048,62618,55377,11106,74213,23017,52197,37211,74156,94028,27338,58048,74131,24162,24486,22255,60589,21675,11170,80121,26251,81274,59278,27242,64060,53267,77395,72319,59128,89084,27684,12116,24067,31295,68094,54136,45281,57329,41173,80137,61392,77109,15138,22156,38089,72381,29117,85003,22287,11043,62555,30329,01308,21077,02245,63271,19065,11229,33269,26156,27218,59104,97352,02217,51326,26285,97422,21440,62457,33394,02069,48175,61256,38270,02110,40248,18183,25483,57479,55436,40201,14069,01113,23081,39025,54339,06101,54364,11240,31180,58180,83044,71079,61294,16153,67386,34321,26215,08309,57589,62736,50074,71224,52390,24472,10268,49310,34008,63293,26062,36174,72225,57191,66074,54494,45164,31145,73259,97605,62885,26127,51398,29140,65400,52172,11165,77142,70062,40279,80584,62044,88295,79210,50184,72157,02557,14687,76257,65431,65190,39134,80603,55225,35152,17186,80306,11068,10141,77268,02440,50082,35089,03053,23149,71117,57126,21230,68382,80576,24148,25467,34268,88094,32330,38254,06071,95493,39468,70122,33131,17102,64307,62645,87182,56106,72326,43170,87130,38425,39538,31367,71287,60180,33523,63385,29133,15203,27493,34335,93053,24069,21681,90101,30283,69126,77276,61068,17116,80804,67478,62319,39153,12175,73241,51017,17009,67032,45025,24057,76179,29220,54098,65412,23176,64160,30233,03209,57578,38460,89094,33207,73090,30170,05134,02056,43169,44046,64546,79147,39119,01090,69099,62328,08168,21111,67286,62834,02353,54029,40050,14760,33056,07304,80713,19177,49036,37198,61150,14735,32232,55335,57218,36071,46034,63311,71238,64123,54230,24006,53099,91114,63326,2B045,04132,63400,72088,02402,37055,67409,34208,89165,30055,63186,77409,40235,27130,87050,01078,87145,09062,38446,32357,23067,15063,60575,60119,59228,34134,11261,79308,37197,10438,88129,43041,71090,78337,02533,21056,57753,22373,09319,63353,39203,60336,11281,37213,37168,50008,62144,54440,30302,74100,60310,31136,64400,25552,19243,51632,91634,16359,52194,46098,2A035,39146,57178,64107,60581,35252,57446,02815,02712,86038,32144,87045,33420,34192,88051,62842,37171,34196,66036,15256,88517,54525,76343,74305,72137,64434,18077,21222,53164,42143,88488,38349,63135,24210,16337,61482,11389,25320,46233,2A158,61502,48086,42115,65376,47068,88497,11402,62553,30178,33210,62281,10342,80076,56172,02063,32133,71441,25536,76350,63159,67228,50182,10176,29173,60511,72339,89208,32031,37113,31326,12210,02735,48053,64524,02754,11015,57442,31477,19116,62326,58082,17112,16352,06065,63079,53077,08375,34284,89245,25092,76750,50479,28154,48063,35208,25096,65025,41215,39293,72161,59290,49358,66171,62277,80639,71484,64019,94075,57627,79274,51353,04207,35284,39266,03235,70014,59088,67467,18166,59050,65396,72174,87109,51206,29077,30327,63339,81169,83038,15067,41149,31371,58289,55288,54517,73083,60374,32241,46132,71208,58311,45157,57071,17029,25427,63092,25374,37087,05011,33486,16025,14174,57227,77110,95014,10037,26032,01257,10173,60480,62445,26031,09318,21612,43183,19186,89256,89224,07349,55572,62100,24316,47027,28059,56162,16141,85291,35338,62752,60099,19043,38177,55479,34011,19039,64373,14476,77138,58210,17154,02448,70408,53144,24349,03319,29289,29207,32131,58257,65466,72028,50447,37160,59005,49343,07298,19101,83151,42119,58293,60234,37228,16190,80460,33428,26148,04001,91080,2B020,59028,19082,24261,21254,88266,38459,95690,69121,54045,67540,90053,60609,21447,47126,27407,52403,64458,27062,67310,65045,88419,33295,18103,19108,14366,38525,73018,76088,17011,47186,05062,72343,02407,34327,46318,24167,80477,62528,67075,72331,72107,76075,95254,05108,65430,73074,57278,22003,61503,58139,40301,59440,23191,57317,67189,32127,65078,72228,60098,84071,51084,25062,86196,33527,47168,52222,03250,68254,21491,88516,40317,11321,62320,88022,21212,88293,80528,51160,85081,80735,62652,97133,28144,29070,57156,89190,85020,57603,10344,86046,71035,39576,21146,76746,27081,52090,62273,49022,10169,50033,22266,29158,22369,26160,61039,21538,05092,63008,54478,67082,39157,81207,24413,73299,44129,77496,32149,18257,33382,63291,47125,40223,76613,09243,74124,21520,09139,38429,78307,22251,42106,22178,88052,88491,56194,78586,23253,74194,10158,86191,78185,50482,59407,65237,63191,45329,42228,03078,60294,45284,88091,28237,60638,47069,16260,77177,50525,14658,26155,43233,90096,59651,54202,02143,2A249,57370,51599,67210,57374,85303,77118,56257,34041,63035,70072,27436,42150,76101,59382,54138,68118,62726,10429,54568,77264,31008,14282,03020,25502,52055,16106,65397,07085,52388,19171,43002,25196,2B155,60047,84133,61214,80088,77524,87012,76478,18236,44090,26250,55552,48151,08086,87189,61066,60115,08233,02274,62893,15122,39428,80740,10236,07028,14379,86173,07072,88020,33216,57092,42276,46339,95462,21591,65374,76591,43154,89133,11111,14758,2B280,49298,35145,60512,24054,25454,57439,63047,51609,42094,61036,68184,89197,11203,91240,51103,62613,59529,19106,03187,90063,03308,73152,02061,54105,50488,65176,15236,58268,68099,88344,08151,23008,71023,53238,2B241,36161,14681,68253,27391,80340,54221,63338,37250,23193,41185,21269,51066,02747,68273,36185,74066,39073,64289,62452,02087,01337,61053,66179,71582,32405,03087,54601,25428,40291,80377,58278,02596,57767,78263,30143,65391,02335,74142,14664,77180,53161,17360,71580,60114,68171,40170,87066,30307,25119,86041,04094,52393,41031,01103,57283,78281,44122,52514,08172,42322,12222,57236,16166,12301,34080,74111,04241,55066,22225,70460,33222,38298,59479,24279,89055,14226,50207,41178,88484,15027,16379,64387,54412,76370,38337,01267,85045,67149,74141,01043,28213,38426,89154,71124,35170,30308,47075,52134,16416,62308,02328,73187,30108,55560,27310,89167,76756,57245,63089,26278,11258,02187,19278,25077,60110,64239,17219,89248,02752,37058,29126,15162,52446,43134,52512,30121,76119,29240,71240,17295,40078,85213,31588,68295,65150,62089,11433,07328,67415,22185,12305,43257,80245,60092,21021,34337,71549,71130,38553,70502,97416,11409,84033,80507,67442,89445,58146,78334,89302,06049,38342,70035,95476,90094,21175,02146,26372,03178,28223,25310,81164,78297,23220,12160,02284,65253,81075,43109,21490,45122,03188,46001,77094,02287,69208,31321,77187,95102,03006,66109,87118,06056,57140,68043,77428,01187,42117,21281,38183,68072,45120,57002,79150,17104,95078,60100,43228,31073,45223,91421,65168,86272,13044,76097,60225,65352,45119,95176,17072,29085,01279,59558,08255,71499,49183,53045,27063,34156,21240,36136,67265,77127,41093,33036,25177,62515,16373,51162,62404,80280,07083,12145,62610,65380,30132,11081,51135,12171,57690,32027,73303,14667,11103,44020,10031,79342,73304,71522,35136,65425,35290,52135,35217,91186,64335,71515,19198,34292,58183,65079,59006,35162,22072,57296,40063,55404,25634,43225,12101,04017,2B318,07265,60683,31478,39325,18024,87038,55034,2A031,32185,95058,76221,17349,05050,38399,54128,31331,86072,23237,55002,65194,17064,32083,73255,80814,76213,54151,54167,31288,27323,59466,83009,33319,88502,35139,39381,28281,47018,57258,79273,69240,18117,74307,32423,31043,24138,52465,77370,31219,67437,60392,78465,80085,68187,67421,89220,03110,81259,82003,22249,95116,25559,71161,27067,38295,08281,18073,64300,61097,55481,57313,90102,60194,77041,77476,44035,45277,88300,18255,90061,76233,51555,58136,01219,19258,71579,87099,10211,76287,52513,55577,88157,52249,41122,06123,80384,31048,91573,14651,2A141,25591,33043,58138,15192,14245,57122,65451,65259,47269,47163,97310,60089,06048,74106,70442,60625,30338,16075,24327,60297,33352,27595,04040,29160,07123,33522,57660,24320,25103,61379,80251,43124,01121,78096,44041,54316,55322,82095,57315,37089,34010,12182,34190,18262,29139,11432,18017,05070,27649,17311,11235,55556,47119,69200,60215,71139,59153,19012,28350,57035,65010,67120,21261,21564,59638,17486,67159,57041,88175,70172,24070,57196,63227,32435,02052,18201,80475,65421,59224,80495,52027,69061,76147,15112,60186,08049,11065,37173,97104,84052,80359,17414,16112,80325,74183,67179,25418,94042,14540,84059,65048,97417,52397,42029,62302,10034,23138,80555,09025,21189,82189,26338,34028,69161,62501,72189,2B052,14756,11107,57684,34033,57674,45131,51266,61252,02085,08434,39360,32345,87092,44202,56034,77196,38499,71198,11026,18258,41258,54542,76689,62516,01064,76232,38501,89411,71274,80742,32206,29115,50384,08083,65309,28118,18142,21294,25313,28141,89282,55372,2A186,81074,65281,10320,54166,23087,07150,43099,33316,69202,97117,59183,67195,74148,43189,45038,43126,35075,80218,54020,46272,25248,66155,76420,69090,33396,77223,57380,40140,63388,45124,89422,77018,30216,65478,21198,62317,80490,84051,03036,28078,07262,74301,25305,54522,09007,71009,52528,21608,58087,44163,65304,32270,36156,70455,06020,61349,28321,01045,24335,46334,40271,53087,89024,23104,62034,34307,24543,57382,63130,55141,28400,34230,37143,63021,17415,43254,37118,53108,17323,51279,09054,71261,53242,59199,60630,37188,72151,42234,89058,2A131,06137,09073,81299,04136,83058,41150,21569,2A284,95388,66133,88189,57398,31155,57265,59562,57536,22186,60482,70372,55328,67327,57554,73059,78439,21450,64315,76364,56103,59462,93072,28239,67551,77459,21081,27201,51223,87104,46093,39191,16223,28128,60273,31196,60404,17207,35138,45242,33552,61303,03093,38044,52380,29174,27554,89086,61264,62052,65433,87169,28009,88127,24401,85008,77090,39169,63045,49099,24008,07189,50278,78009,25243,02604,57138,85289,37186,22048,02553,25053,70136,02587,95611,55058,02812,89019,21429,51129,25360,70100,50315,97610,80092,54065,54075,67358,54108,64363,86078,51479,41131,26122,11247,85302,64059,64243,51016,46076,17374,63439,77167,79293,92012,2B304,87205,29008,59516,65213,69040,72266,31187,89364,11306,63062,76534,21364,25031,60487,33164,24526,03108,35029,62592,58148,60060,51457,97607,34245,34111,28323,57618,79239,60184,57244,02424,10093,34183,78278,18249,02193,29285,16425,32273,39173,60298,55349,02832,65021,33454,33224,46146,28407,40120,92063,24048,31212,38252,28225,55307,31483,02362,50241,62580,31306,27337,19288,02027,80304,59214,71443,64173,60229,64266,24437,03025,17283,25269,57064,71100,10233,74159,50046,02184,86003,65265,76728,16090,04070,80256,2A282,85191,40129,91159,80422,45335,07145,72353,51472,87206,62780,47120,67181,50417,51620,88002,01294,23079,33304,89056,05019,76540,79012,19135,21301,88271,45065,33029,06029,22057,41198,62212,06072,07272,85142,35266,68334,24353,57237,29175,33024,82092,02216,16217,30275,61382,47232,56149,38161,02465,65349,02215,79069,03118,71333,04096,35300,62440,03232,02088,33147,30295,90065,50021,97362,91581,64518,17201,95527,04180,41114,16108,70082,61209,18154,52473,35191,62464,51337,68201,18055,51578,82152,50032,68238,45332,54504,65236,45014,34295,57032,45325,16142,40329,30319,45039,94053,88232,2B109,95039,2B365,10441,10075,21280,76001,33274,66054,02117,42194,02305,76433,14160,49174,45321,39408,39487,11288,94018,50624,45207,63208,14166,08147,34123,04160,93039,14480,03193,56044,35092,61048,38188,31096,60134,33326,46221,48015,21496,16414,09213,16194,62594,30003,76458,03124,25251,34322,65115,52141,21568,95268,59400,17381,76488,83132,48044,62907,38042,03313,55247,82043,76028,21057,45228,55395,44180,54317,78588,67375,28282,08256,07313,31425,58168,58219,63214,82111,42170,18270,76363,81176,69078,31484,38500,76672,38476,62607,72019,36065,90039,45079,31224,19037,54281,33087,03168,02433,25216,38310,39211,17358,57637,02203,85305,39171,91533,30235,68225,65100,62872,38462,27447,79259,87002,17467,2A197,33161,03248,22107,30186,41226,34073,21702,50461,71286,89405,54035,12004,07242,10096,54130,31142,55221,25571,25588,33534,33057,31538,70045,37076,40046,05023,2A038,68321,14229,73012,64033,90002,17166,72127,02319,87115,26363,51396,25523,17197,07333,85274,72230,73293,85016,38180,74157,57499,60492,03129,71497,08491,33471,51594,31339,59664,22361,78208,39345,60556,42043,11332,63011,97602,10337,80647,72194,24192,17065,76300,25494,62684,17048,14125,57396,34231,31324,67261,31589,22325,59246,43032,57478,34340,57308,18157,57043,08419,03247,39518,31123,83010,22250,55347,81110,18149,2B140,33002,17307,60146,88218,53235,71395,44021,62372,79056,80444,64127,42339,53113,05057,80440,23247,77378,11074,16295,56042,81025,77247,17240,66210,62441,64093,07329,61178,27448,54131,58171,2A349,21193,58127,33373,70399,01198,51319,07062,27625,70387,76152,10439,15030,74126,35197,71292,59201,52181,09032,32361,68265,72208,17347,15184,70220,52160,86202,26302,42157,07288,06073,39235,47002,62757,02709,88294,25139,49009,81285,52221,04026,62108,16372,69001,57173,54099,76323,02456,10013,57298,60481,59456,06075,47082,36157,02010,59542,32138,57533,11385,69070,60179,80136,18178,62633,70158,67206,60457,02002,40217,14190,48107,38516,32028,32258,76448,44192,71574,27025,55042,65419,33166,58120,38328,54030,61453,47076,16394,16076,51309,11284,37159,71546,39118,76428,28375,60001,26331,72223,2B315,28382,28253,13106,56072,21025,70335,34266,03204,08197,16279,72328,87004,24531,76745,51275,64407,59135,60552,71241,21008,10010,51282,02149,11405,09175,24271,46202,93029,70262,57730,50452,47122,11252,41189,79309,30227,72231,41267,62137,80578,60268,36004,17315,69022,28100,21273,62570,94055,28419,63236,78545,04236,31353,07229,61358,86258,17125,07019,63429,93030,07316,13001,14003,19131,57760,38169,59167,55181,56182,88498,40072,33081,24251,50222,64061,72229,28270,14163,57222,29176,60235,11191,41123,78417,55046,31207,28235,41115,63190,43113,43062,09207,09203,89072,40322,91376,60484,76005,27475,57290,57707,52332,57311,85234,53034,50612,85167,17476,86184,33337,45055,71506,2B125,94070,28178,31177,61490,64268,50288,44185,64273,30148,77480,62231,08107,70313,04172,73326,2B075,30210,62446,30087,22320,72179,83028,27679,55276,84014,09223,47128,23263,25194,56212,64291,67484,85247,27302,19111,21208,26305,95594,57518,80626,51101,21488,80334,51253,10291,61005,63464,80064,35045,54346,29107,54371,33047,41050,62631,36236,82071,40166,22020,64413,35289,02814,52304,61078,31456,09155,97214,89201,57743,35095,17480,57277,33451,66167,32219,64437,10067,71391,60293,27465,64182,42028,27668,67029,2B238,08057,70515,02309,77331,28365,03046,30046,63120,77517,74033,76519,08280,73049,21221,72038,60329,17158,61323,02664,45216,11241,31491,34068,65134,21048,87166,32316,54028,70180,39126,55255,02371,21068,62382,22307,72199,57480,40091,21158,03023,08212,55494,54067,94037,52072,02109,09218,72071,85025,37138,50024,12287,70453,22263,77106,88362,24454,65098,67414,77279,32182,42296,21415,44213,28405,72051,62004,91223,67511,06086,80423,68285,62766,14228,07070,19045,81083,80650,80431,36197,45232,07226,46008,2A062,01088,07120,62421,80684,12079,76469,37140,09254,32041,09323,59085,60595,69259,12223,76244,36092,21690,54484,17453,39026,31239,74112,60647,21528,32235,39429,60133,40022,10145,62816,61414,69252,34336,65217,46280,80690,21448,05078,36051,35105,70024,17294,28024,19277,61321,15158,36145,02668,08150,37026,82148,76703,35059,42311,62272,88192,89240,68269,86280,12296,60396,62651,32110,79042,28008,45257,81026,57620,60230,43009,38495,50130,32215,94003,33301,51655,71308,12295,15116,51395,80116,55291,55036,14710,26348,14173,64382,58154,74292,27347,64329,17106,23213,72296,25099,47294,02244,46159,24134,55541,10235,62476,24002,11412,62647,67477,60370,63099,28393,25328,10222,85304,03033,04206,31410,64104,63374,38468,89054,65329,26309,2A127,31027,67137,81087,63459,62841,80721,46148,54581,95450,63213,91599,31100,34343,39174,77455,57385,40234,05156,35108,30316,79086,52198,28103,26064,39018,95218,06063,54189,64166,97219,61049,34184,58095,23218,52305,67458,60371,59316,16121,62559,64102,12051,32132,52542,62453,81181,24111,65415,91075,25413,42313,38117,42044,39373,88530,70087,87007,76236,79216,65206,50388,54043,88088,03083,37099,69102,18204,68303,25223,17324,21171,73211,57342,39388,68192,22347,52164,63052,31563,22358,52349,37093,2A118,37201,86247,45230,82022,25065,62565,32246,31044,67135,24376,67461,64087,24395,21466,14252,78674,67522,76199,01255,62401,59627,88246,59594,31221,45348,09196,60667,21181,09099,84097,58033,31347,64144,07291,88159,03240,85067,08252,11331,22126,37013,16354,21219,42235,57510,14102,50277,16046,11265,77369,57142,84100,2B342,80224,82100,21614,64108,17208,55064,60615,41028,02439,58265,57731,37063,41225,71388,30068,73221,25520,78227,23047,51042,79177,35316,21040,70577,51036,47043,04062,58032,64070,65111,56140,43252,60387,80651,50147,41139,59042,62700,2B208,59107,50299,54540,56200,64142,90003,02180,26266,89295,10343,41118,08494,31315,10374,88495,21049,88251,87046,33061,22306,80247,19112,18018,44159,50582,76456,82025,22386,72338,77216,62744,32061,76609,39091,71137,02421,60674,38330,43056,27075,35042,18230,11001,04053,60640,85015,67027,31222,02279,33243,32298,74002,88385,31505,64393,36119,33014,39240,86123,10100,97312,13050,92004,02364,95682,39301,48177,49235,86177,32338,25109,55262,70206,51163,22127,34267,34098,09077,15128,28088,03215,44103,17253,81159,33518,46105,2B083,09229,31068,51248,57224,58169,41219,62763,16275,06133,55095,65148,59161,02773,54595,64025,80632,85260,55119,34338,61237,31079,85197,29063,80179,08355,07201,76059,16114,70296,57200,59526,85231,28188,39528,50246,76126,76202,54243,16374,03206,76177,85036,16127,71493,81033,28021,89347,67026,47145,85035,22138,31458,47304,10393,18045,14059,29035,33325,01181,50268,42105,76695,33350,2B029,22155,63472,59086,76503,50041,72386,12044,88279,21115,87090,62248,57325,16158,02762,2A247,12098,57025,24240,27320,77099,72289,26175,76457,64339,32094,37037,03243,80397,35024,76286,81309,21461,88076,57213,77430,11299,03290,89041,55466,59512,77136,52246,35195,41182,16292,2B054,25003,19158,72016,70152,14116,25275,12274,77441,80027,36068,88262,58288,61199,85050,02134,80443,21285,87033,46216,46090,38249,85296,34005,43031,73268,18216,10314,70349,50502,37073,11220,62735,39372,16169,32409,53104,53147,62701,73262,85117,59592,49371,34170,51097,19271,81069,59207,13202,21503,14084,59056,54055,27656,24366,14127,59411,03263,57677,71214,60251,66129,88351,76683,2B179,15022,32319,01101,25063,80463,82180,69281,50400,48094,2B333,71490,57750,75105,28136,21330,72034,44005,21565,39003,60118,97215,82116,31047,25005,68011,36180,47216,55079,02552,54374,32130,14064,09304,07244,27278,85259,71219,68023,88430,56255,17332,18087,34114,19008,46335,63198,74079,10234,22094,23169,02803,44016,11269,36192,57740,63173,39097,48069,04006,62665,41248,86181,02171,79058,30103,62819,62125,64298,62142,14466,27432,13041,57105,21091,59190,39577,53124,32356,63063,03208,46167,68318,14337,58050,02124,76553,05010,64290,27202,12008,71289,88254,01369,95142,40258,2A308,65319,10253,57248,76731,41157,35097,57075,41091,39412,77143,68137,53145,24448,26048,63461,13035,50225,49011,47139,31516,06149,34036,21411,80022,27011,88440,41224,60584,85214,63034,70285,46304,30342,26118,44141,76450,02515,46057,80782,59446,54596,43026,60525,74185,33082,50444,76183,88368,36181,86250,31412,62560,63132,51628,15262,51640,40147,12273,55224,03234,08148,59334,14130,23206,67398,11283,30229,37150,22175,46111,27474,76298,41029,62664,61425,61273,31217,18289,03105,65294,08185,21412,73116,16289,87037,67449,76498,57209,17137,33403,31057,25038,65355,76057,86265,23238,51604,17076,83061,15014,02172,25459,02658,21390,79204,65342,52445,71258,89390,54344,58132,66108,30337,26195,60402,17012,74116,21527,02539,38412,32204,80140,76024,25329,39420,57747,46316,67196,76214,84058,51531,39421,27312,42023,83073,51093,77011,67034,13014,80418,95002,72219,57033,27003,86091,66225,84017,59339,03287,62086,26273,44125,05036,73084,34064,42108,69245,40256,08391,58061,79277,57526,14101,77282,18264,62122,16406,59226,21085,02538,39285,26060,51047,91587,39584,02098,55566,71337,21332,80095,01138,26159,72370,48181,70421,46185,45302,28221,79250,31293,13069,80236,38005,63129,25501,08499,35302,10394,30124,89062,37257,13067,31325,61165,59089,88315,51657,2A191,56174,25361,57187,15159,90024,33277,56214,88277,76015,27605,71204,02624,35362,81117,11221,43213,57102,18124,25498,08008,57487,62796,45017,71468,76555,60211,63097,54019,29238,11388,52063,54351,16331,59333,60415,59631,52004,2B236,25386,88417,07154,60167,23162,04104,74177,13042,14579,06120,37231,2A200,02321,64531,08471,31380,52254,2A362,29274,61475,21682,14357,56131,80099,60701,69091,58144,32264,21707,62620,45288,65477,92025,21232,35327,60259,52544,62674,29165,88102,14012,21020,76443,33044,11347,55297,39185,50060,90081,09142,80791,51368,12200,80756,39423,40055,64338,64388,30209,62296,38392,23265,10076,61051,61238,60557,34063,38433,50430,59112,70319,50589,01277,69138,84148,55415,32220,12094,59059,78276,35121,89337,57065,22052,33515,89203,82144,05158,58263,09264,35116,23188,25426,68286,29028,76702,51082,69291,62692,78416,89298,62537,11318,17309,12183,31283,02050,02261,51087,11245,77343,46096,38470,07127,51085,87095,78146,58197,62790,71403,33548,78123,10427,76342,80284,59481,65318,31562,73070,80002,84085,51306,76399,91617,10028,11137,82146,31059,51644,80294,05032,68381,26033,89348,02679,77405,88092,42164,42213,67435,42299,30269,32102,73232,57640,77310,62075,47210,51539,79179,33262,57751,71002,17388,24001,85046,47051,47032,69049,67129,14117,61370,14410,26339,43185,70251,59263,70038,59482,02606,84023,89045,61190,08428,11011,53002,86299,27652,71440,50446,57555,32153,24182,65240,2B309,12251,39057,22337,80592,57590,72336,58193,19217,10198,48110,07156,77387,67092,08096,57638,43111,82004,09194,80487,48029,08336,35308,61176,67491,12261,72224,31291,59041,62649,63157,38290,71539,47278,27419,16199,71234,59269,15133,12016,40132,2A119,45061,47008,25369,62216,07040,62215,05119,80809,60121,88174,72354,39221,73205,05101,51046,79087,03057,17319,31173,60673,56244,49007,22195,32308,62045,21479,61086,01351,54566,24085,08232,85098,56006,60531,50270,04224,54242,63415,02015,01299,25622,17010,51227,15098,24034,95110,02633,39473,54036,76557,2B199,46269,56137,89307,07212,62519,62285,28184,15217,27701,65162,62025,88273,46306,89334,30354,45142,65040,25131,10307,38141,61166,27110,66105,61363,77037,77102,57113,25535,08311,07217,06025,14232,51624,61071,72276,19204,37090,89127,88120,14122,11073,08190,16103,39494,68255,69030,03278,52119,59134,27129,85095,60619,03055,80349,40070,72351,19192,36226,62855,80620,51054,46063,09212,24294,74004,62489,57704,55510,14556,88464,42062,39035,51492,28394,03212,52006,70267,47325,12280,09161,43020,50437,09236,95149,32297,74165,66009,62794,35019,67296,21694,43053,27542,80331,32151,27127,45276,43024,51447,70466,44143,54179,62895,86165,77308,68312,54251,12282,30277,63166,57202,02408,19074,24050,57493,10044,21164,25309,35008,47326,26268,88165,83124,03088,58298,80808,64168,25529,32229,54121,89321,27104,16225,97614,62316,28142,81202,65334,02255,67231,87193,17259,16059,30084,76402,40205,85110,23154,56082,38530,30002,31389,33102,52282,87174,54396,73091,37067,25595,28269,09050,77485,54338,83080,08173,52394,02251,55105,08017,47251,94067,71548,28087,61400,27321,45341,77442,59221,71532,68349,39196,59205,47245,43144,23073,50112,69029,65050,52247,58110,80484,51203,55504,39159,15059,89440,82055,32422,14575,76575,80321,59487,50442,08153,35082,24264,60437,79157,24035,12163,52200,66024,66177,60010,61324,28074,61075,60066,38554,12083,74078,76180,02322,78165,72193,61060,2B012,80472,37264,71280,45305,67490,2B231,81036,65083,38063,38309,54405,64297,45269,25073,53106,32300,91495,88310,17182,25522,81129,52062,22002,65417,21274,21670,62775,17043,41106,02527,88177,38307,72120,26139,38518,27472,59158,02209,63009,59522,95555,67351,33353,67341,95295,16145,34092,31297,53055,43212,10195,11118,55498,16180,02780,71326,72245,87191,77495,54513,86143,53188,60255,42155,25240,76642,61302,26199,52158,55258,40285,30042,94080,91284,54014,66121,11085,10054,01199,72294,26080,72270,09322,02474,06011,58248,62224,63272,06155,74219,45260,80032,80126,18211,56133,25553,19250,39129,65404,31455,08376,59318,86098,43196,26198,21096,67392,57335,31377,23146,57459,35140,28096,70249,88221,82162,89483,68329,12293,62343,18189,32018,81088,80272,28256,71510,56025,22302,61278,13012,77206,40306,61074,60232,62410,22304,27012,18011,02397,62246,52216,59497,25408,11439,88213,39317,45306,21080,52245,42269,60597,40288,79132,63358,09239,23201,01412,54392,35062,76427,59227,50176,63037,51144,08058,39418,54289,33545,12167,65196,44106,38317,05165,56207,35080,17039,76487,77165,80456,88160,81023,30033,86233,08063,55210,52146,02169,52392,09208,54135,16205,47023,34021,69290,63139,69171,71525,69271,31052,17224,24306,61193,24361,45118,41048,05183,74094,37053,77010,65248,59272,67536,03056,17018,67381,50259,80625,45334,48131,16276,03154,21397,59053,64347,25444,22286,47022,61052,55183,65220,60631,33209,32412,77146,21047,16040,65132,90031,06160,40320,28214,59211,64197,39028,02403,42237,81037,73149,59279,31421,52493,26051,61163,68241,89168,35203,62219,50567,08154,88195,80547,60254,61230,16036,21216,14043,63192,71172,41216,21687,71528,76259,71465,10073,46294,65256,24390,60332,10381,40114,91441,2B206,80753,72282,22041,09123,70535,59163,91514,61050,47065,55369,39238,71192,34326,38318,21418,80403,80478,38419,77457,57444,53074,07193,02227,82140,54468,07277,63212,65081,59296,85112,89316,27231,14506,81002,04181,59058,72293,12178,01439,14306,02205,22238,17273,48008,70179,62304,81124,97114,32053,07270,15190,55422,36235,31405,30330,31417,76739,67188,18242,01200,65208,87167,25126,02609,52310,08416,62818,53249,14111,31170,89462,47274,02419,31266,70503,43198,17335,13065,82101,59398,29076,70506,14460,76497,85061,80063,28013,37226,81222,59097,44132,46173,71246,24066,51133,57413,23113,89122,09149,01228,64428,57470,13053,21558,70162,63012,07035,92026,33176,59356,06026,15146,26092,38171,29212,59543,67003,51109,62290,11027,52003,31362,73146,33512,59530,54356,45179,60221,34138,62111,56206,06003,02141,24296,2B233,38329,53210,12064,60302,55021,07198,68281,70511,23137,21606,80752,31387,63302,14076,18047,01348,77319,27654,56210,89247,72184,2B305,08228,35342,86139,70182,50214,24418,03117,83014,72132,65043,56097,63408,34009,67229,05123,91121,40286,81313,33399,91275,14332,60598,02498,65155,83096,60065,02022,31191,17107,18245,02644,36193,35329,33343,62039,30144,11291,38250,17184,80795,27522,77148,30185,31578,12260,39348,80405,26294,74310,76504,38215,25601,60356,29135,36005,14478,62540,77479,16096,22012,16032,93013,89101,09217,16134,41070,60621,71565,02578,80018,27540,06024,22242,65266,55155,71555,22349,72026,65247,64139,02491,18021,76266,62722,55445,18227,31557,26324,51350,63253,02431,76751,58165,51255,47180,54404,60162,68005,70473,71021,2A146,62323,12227,30294,85118,62511,80609,17443,85204,88238,32278,15140,81064,51013,64220,78358,38103,14097,02722,27243,27165,95008,08076,77168,82164,26094,76561,91579,07264,69298,34293,61491,67267,22305,11154,80559,21613,13094,22295,67035,2A357,77525,2B274,16256,14566,76568,82099,86054,81090,60564,57592,37050,25170,38369,40160,28299,61351,80077,27655,72124,68110,35028,09111,27339,77271,64229,45328,28085,14565,12241,76205,27395,09041,09043,55362,43061,27103,16058,24508,60168,08341,02637,80542,55578,33012,61317,08257,2B257,45104,60644,02082,65020,59574,66234,56154,34182,14326,06059,62869,55144,32165,07269,16393,72303,42032,23148,57251,90078,24020,70197,17391,34083,01123,89425,50486,25461,29143,02677,57610,79326,62603,01429,57376,95539,72154,25304,49261,59011,29103,13107,70013,87156,61327,76074,54102,34103,87149,06016,39037,37134,10050,71390,16150,51334,61474,29195,78073,47073,51218,06093,51155,61098,51184,41252,39546,28306,27273,62069,72072,57295,24129,2B264,42089,01062,24408,40014,53182,34310,82175,77365,22299,49110,61385,16081,22281,89410,24524,34175,21087,79208,60173,62670,39140,54395,77507,85164,47203,02410,14273,28222,33387,02607,47241,67100,06031,58143,19260,61281,53269,71239,80074,81277,88290,2B176,89051,19132,24534,76652,33117,27456,30021,03032,31301,45155,39312,52025,72039,24046,86256,43085,63183,54034,60282,04018,21264,43004,41099,16291,49253,03131,72222,88374,60327,73323,47285,70116,36093,21664,32213,42207,67160,31575,65408,03210,77172,75107,54450,21103,51038,40004,23164,58013,82047,87070,29045,21368,88303,64152,33417,27206,59459,81189,78486,03262,17135,57085,55385,45307,24351,2A163,67101,80232,08479,67223,95598,54041,55124,68054,02225,35034,49003,57437,58131,78160,33084,61407,21467,59623,10347,31420,38395,06051,14552,25041,50648,66070,89040,32433,57399,88079,38488,2B072,53105,21314,34044,97131,54545,44114,64433,12075,49241,48179,02580,21097,02142,46271,66139,16030,31024,86083,67411,70184,71508,76148,49344,02577,73082,52502,66120,73330,63019,56098,89187,65181,17326,28208,31332,58017,44174,27184,71207,71394,59242,14607,60477,2B078,70572,88423,14135,24373,62202,27299,53174,42196,02749,95154,27023,37033,46092,24350,63315,33421,10339,17191,54315,30051,39444,87172,31268,63077,42076,29048,51076,42268,76602,26208,58079,77204,62378,68129,68173,52277,72111,27286,34197,04123,32160,84102,86086,73133,24538,28371,69002,07131,64449,85072,01433,67401,77498,22189,67226,50391,59364,02277,16078,76047,48128,16082,67047,74048,88280,11115,10181,03135,71370,61116,80416,54088,44164,68341,89028,21130,62870,14278,22262,43210,64050,46051,01361,68015,34334,54467,67328,81213,82097,27161,32294,37091,74026,85187,46040,46075,2A212,55511,32176,54502,51455,92050,02014,73296,2B293,02698,34323,88040,29209,54359,01356,62024,66173,18190,79057,03115,65233,71045,06077,26022,32282,62241,24082,52195,89132,24157,71531,07038,80810,33487,80704,77091,24365,89153,26059,26361,94022,60158,32142,67354,64124,66072,27658,88441,08445,72080,17290,85090,43014,80759,03245,77504,78361,28155,84099,04051,93045,29083,49012,79220,52212,77461,08427,50295,52419,32079,63334,74052,14570,40168,01185,37195,23210,28327,91468,54352,50533,73256,82134,63357,79070,23260,84032,51497,54394,17044,89315,34246,66077,02568,02107,27374,41030,40061,80686,91521,76120,10261,31357,65056,14203,64285,26377,84040,36073,23090,24123,76135,54551,38068,62541,02827,59101,26193,27563,62295,56121,56215,24263,33298,36103,65201,65109,17237,57079,26299,54431,22015,78152,77169,43152,25315,51219,05155,59144,79299,08399,87103,17024,56101,34046,67078,11328,70166,51236,10185,19047,90015,57519,23181,72153,78403,35056,86147,2A085,01227,16063,68352,80489,70005,88019,12074,84013,68036,44121,53258,60109,21037,65437,26264,30199,39229,45063,58085,51645,64337,53039,21303,73231,46044,51509,60082,68124,32394,47106,34095,08296,45274,80412,2B036,62283,33536,74010,21521,80619,85051,38222,38218,71018,04074,15009,01203,71048,70343,22315,30090,05145,81081,24164,86082,19142,54514,51608,67295,29029,24171,12027,88272,01250,62813,24338,72099,35039,25252,12010,91112,71077,79063,47276,21566,56169,62849,53143,68020,80100,55149,47302,38498,40042,62629,54165,62890,28073,58172,56248,21002,57349,28098,32280,24150,67162,62292,61274,70029,22233,43019,76110,67534,70337,73041,76049,60277,80687,24586,42090,89242,12096,60577,59151,14316,57577,65441,47175,63026,11348,27004,57069,43181,57238,55253,36216,76322,26218,03069,50543,22275,57756,97228,69254,73322,42128,67529,14483,08408,10227,14712,95488,39545,82113,61329,32107,06132,73003,47187,15114,25014,41032,21104,52151,13005,81010,46315,60317,58149,70248,63114,87061,37279,18210,10329,08476,22271,43155,25397,60527,14062,79340,14123,25049,81066,63239,71177,80517,27064,84079,89137,39124,62154,03238,40150,13046,89087,95492,21022,23001,27119,25450,02409,51453,88371,09100,40328,73229,09221,95427,59136,25211,37114,54419,64245,87086,60488,55051,17159,60274,69044,62854,64309,54018,08298,61114,80014,64228,21567,59292,67174,46259,78402,42169,40099,71125,57018,51635,67510,97110,29302,43162,02062,77244,56057,01057,64049,50101,95541,86102,63215,02715,46266,80748,72368,12192,59143,70146,07297,24277,21244,42246,03272,62831,01321,63110,21530,67336,63179,01118,47303,35247,57748,70316,91037,76749,63155,09137,25415,80173,26087,18253,39150,89065,27355,50591,68098,91540,03277,80656,67501,47034,35281,52083,72191,12257,03255,21342,41079,71413,27473,55363,86224,13079,26301,88144,76690,67133,77360,33283,03299,47086,61034,47279,30219,87049,25377,31429,77263,57384,32112,14054,60360,67489,55469,33452,55505,76006,59369,63278,30004,71200,26192,19235,23266,68219,54076,42208,2B356,42005,60558,52012,67249,18052,02640,85103,39467,09226,29216,50340,79140,61255,17132,67237,58042,21109,29271,50164,80269,51435,17188,55500,59110,80328,35287,84112,45347,25613,64147,74278,55471,65160,80159,74136,34211,03091,15185,57077,64270,80221,21647,33206,27354,47299,62318,60191,14328,25583,70366,57550,44144,86152,70286,85261,05013,54063,23235,73130,86106,39390,86051,93006,61457,28339,50002,27152,85262,26165,54464,19049,50504,11359,70303,03070,38105,78209,16084,14547,51226,51522,24317,14270,88268,23010,11406,11140,80672,28203,02558,19273,69384,67405,64539,81063,36168,01416,67063,10325,27114,50169,46030,15066,85186,21641,61085,11295,21662,52306,60239,06151,34162,46103,76227,33392,86028,72036,31140,54326,23251,55280,38422,88526,85100,15015,53222,67454,14699,76408,02447,27661,29150,51005,87138,28062,61289,86122,35317,19268,65087,17096,60070,10424,14467,80385,2A061,67216,40071,81092,60666,25475,56179,41172,08401,78068,68056,80120,32123,95627,85092,60661,32080,87197,78007,02130,81251,49195,80574,50083,51373,59045,80200,2B275,68007,08023,41188,31030,33183,80176,83027,95011,14035,86017,62675,55089,64277,64443,89011,33242,59023,51659,54094,25011,32201,27444,2B217,89147,42176,74152,89118,54083,53218,01367,63197,33270,83070,2A358,72334,09127,17411,59236,02197,01293,14496,27096,08264,79172,86156,31156,89380,21117,39100,45238,31407,67065,46204,27695,68383,55099,55116,80276,90089,76064,67346,67200,88134,57651,08452,2A285,15065,64542,21487,41295,65260,45324,02540,76707,38278,55374,29119,73097,81211,53016,69231,52276,71463,17156,84068,27415,29033,42211,77246,21165,88016,86068,44198,80573,88193,50565,41159,54079,67236,80409,16268,55396,57445,40203,46189,70027,27378,71335,57300,52030,08369,03082,63433,44158,60257,63287,27240,17389,64332,59329,22096,41132,70261,60226,53078,12093,07003,60021,66076,73193,58206,43089,59310,02208,69095,52491,26112,58226,29239,80203,32268,24479,15093,03165,57190,03009,25148,85042,24545,29286,34039,17051,91666,60212,30306,01406,51002,71571,71122,56211,44043,21028,13208,71294,76349,67517,35228,38296,16270,01117,25527,72155,28358,16343,09291,38253,46164,67022,46089,60333,63465,44169,22289,02416,81243,78406,30116,27545,79352,02739,01089,22385,62123,63093,29205,74024,02037,10089,37097,71232,26201,01243,62314,69388,31449,46142,32369,59367,35232,32209,65429,64529,02160,41112,88316,01156,89385,43163,39406,40277,71205,33322,38313,65461,67363,32118,65462,50282,72332,84035,37252,19156,50369,47115,51149,21666,80080,40037,35067,02530,83110,64190,07213,28201,56143,46175,77020,54297,01074,59138,64259,06141,72079,25573,30061,17434,95101,85115,05098,02576,02207,84139,50297,62667,07300,57261,55507,10221,81097,01099,04139,09129,82040,38030,45292,42264,04046,70574,53010,66039,59001,62654,54225,38463,03302,89368,50476,68226,57528,74164,26288,51466,22259,66063,80141,68014,27689,11022,63323,95509,41291,38036,81270,16366,23064,14239,76354,02797,55175,61148,89252,70422,80480,32186,27555,38072,38565,12052,65348,41184,73024,62037,73235,39522,33261,24220,41035,62128,35335,07260,77108,21494,42327,41065,60204,31323,65154,21483,27036,42159,32136,51548,08019,17400,65232,85159,42261,57088,88463,73261,13059,80562,67083,67255,67508,52059,27222,80059,07061,42325,16019,17252,49113,60017,28146,88264,38457,78396,70129,95504,87185,31396,59218,08352,10376,03013,79134,09124,55170,45308,88404,23124,77460,02012,14143,28105,17425,67060,08396,43046,13117,78518,60208,50372,80148,93048,14237,31163,22083,81265,25592,23200,57115,46123,88494,80166,02655,81161,57302,94052,22234,64368,59328,14093,26034,40259,94060,14087,48160,76299,35173,69191,30284,80228,02710,23259,21657,29171,71537,73053,73145,83021,03011,68006,15214,39495,76698,42200,34096,81200,41137,36046,41268,40011,27261,26216,44204,71334,27377,21112,45344,48138,04012,43083,89350,77305,38210,2A228,76038,30015,77453,21046,97129,54414,40244,82165,51446,61180,16329,27622,01110,76447,01179,69043,16097,28229,03136,56204,12164,77185,34342,42230,25425,62524,80538,85073,76422,57388,60154,23255,59348,68022,43071,84126,82127,80549,31181,69382,26002,10119,92076,57716,80132,46137,33249,06153,07032,02688,33169,31576,88283,43028,14349,66178,24252,26147,38467,55357,80778,55360,55206,32367,16334,80248,31448,60682,74119,37136,17375,53196,02512,46140,02686,34140,64556,22103,40214,69122,61001,45045,33526,65036,89463,51454,06047,86093,65263,60263,15094,34127,88038,14475,76686,62091,86289,88110,89119,52541,44050,56039,10154,29282,68160,17017,47178,14355,32212,78217,18037,34305,25295,08067,87074,72211,80596,23217,09249,52044,57108,46194,58313,31141,68342,95063,01262,26030,14167,03292,67388,68277,09058,70467,43188,2B302,15010,82037,25307,59397,86063,59360,2B169,67292,69166,24005,63005,21029,02154,63319,55196,47311,15188,50252,02019,69063,16101,04166,77464,69093,25496,70299,23120,81114,25419,90046,64361,26247,70200,23205,08456,24018,79030,27076,19083,2B289,39131,66144,39145,31252,34316,88104,64432,27685,60463,34291,62604,47272,11400,79217,47162,68151,54011,77035,75109,18218,64426,08032,11131,31278,33060,72045,37183,34278,28243,49132,42126,16397,25317,04004,37043,57717,21417,66119,2B220,84109,60126,43001,32159,91534,25314,52126,86013,87108,35165,05027,57004,54190,80605,59288,52482,02273,40252,18140,02732,10371,77493,62358,30238,44112,24130,55014,35233,67069,71267,58220,44030,76189,90022,17316,11313,40109,60304,21305,22356,87064,35248,26091,74172,43192,50506,78621,58231,15121,42153,91471,80355,68372,44022,56047,69106,80260,68375,80374,84010,02065,56114,05001,89017,76655,69096,30230,27134,88506,89075,13022,35331,60033,62668,49089,37149,65156,30056,88033,07165,59225,74197,31264,2A028,57150,50342,76305,66066,64516,52088,52235,51449,89191,80832,38101,07273,57438,41060,86246,15005,34261,29084,47253,05122,50165,14751,76415,21404,59486,08382,89375,35044,49377,68035,14276,33103,59314,67190,02392,16263,11101,88077,32100,70066,09180,88216,91038,80498,30254,19208,60361,35071,77450,57212,79357,41001,57365,84008,78591,15040,58006,82054,43251,45200,40122,26259,76344,46165,47136,02254,26190,80568,78324,26249,78653,16335,63324,80452,04050,68169,54092,41193,21646,35202,16133,12054,03021,57741,60227,90075,48091,61122,33159,01079,70545,70025,08119,70193,80519,77404,38410,22269,77069,40237,76475,88411,71249,45165,12186,55219,71020,55547,24484,23198,40097,12255,64367,70259,26213,14515,32071,18221,89261,26224,80053,23136,88103,19144,07138,34131,82183,30270,79334,27151,21315,39409,62199,80800,43182,45123,72345,61215,78300,58060,81156,36031,11370,59515,88436,03029,71058,26376,89279,37210,80119,54531,10313,45060,06035,62336,71469,81098,91136,24039,35320,31284,24214,04222,23144,36059,30293,01047,38469,25417,73204,80642,14039,66143,33122,26180,88509,22135,65113,27614,36135,80420,16135,59194,16038,86286,65137,26121,54421,49240,71376,38323,17377,25215,09034,39258,22327,95379,02697,89171,59403,32126,47222,14668,57204,01060,53135,84116,21601,30187,53198,21377,70050,51178,30304,17015,56229,72172,82114,37062,62749,28200,52089,10336,17211,16364,02541,35188,44039,65388,26206,73008,81119,53061,23041,24088,65231,58181,27091,49015,65465,50445,73031,55081,39043,83067,64052,21185,65449,91016,38107,90097,97212,09308,38084,80663,2B178,69186,69131,64325,65015,53165,61126,48099,85193,31361,45219,25271,93055,91667,18237,21589,58237,63264,63044,01184,30064,29264,14453,25379,61405,11416,73180,10017,84141,70322,76116,42285,31351,38239,76564,95429,28067,67275,61216,45062,08254,53001,31292,06135,40080,16211,52149,73107,62009,16261,62435,83079,50361,01298,10112,12056,62437,63383,79108,55013,65403,37131,88387,04229,28016,59289,89015,12063,42007,19187,33467,23034,38348,73105,73234,76521,61298,85177,60250,63002,57557,62360,22323,51250,76359,31296,24550,08024,27367,68032,17454,78455,39164,41271,24585,78193,02067,17098,61326,14206,50044,40021,08272,48116,33065,68030,31381,27324,57034,62269,28333,41283,57633,71005,77325,78206,87170,15267,76174,65187,45189,71479,39583,74250,51450,06089,51065,21644,59176,77401,60181,34224,42204,31530,63195,58276,11091,58036,54406,88409,28005,91097,87177,33311,68359,32327,30014,65251,51553,55367,19080,14754,55128,85084,47204,64081,70104,81039,35058,61011,54521,69178,62852,14543,41024,10418,51520,72216,57128,37023,14383,24014,61084,31091,05148,89267,72233,24398,63447,28296,21441,62364,67523,24081,46265,66226,32324,24007,32443,2B063,21277,55334,83102,17149,06039,54598,24056,25296,17255,62222,01454,24504,70342,02351,84149,23084,27603,02349,02725,68316,76693,64360,10445,34001,25113,85013,62468,53083,30137,40145,86203,09310,40323,26276,97116,67360,26103,55384,18095,80575,05021,46276,70539,11425,93001,31452,68119,30083,35211,24287,36030,29014,82034,74191,88529,47327,07099,21637,84050,27533,12045,40079,62690,59492,52207,95091,55167,41285,24536,49067,24569,81123,12104,54096,58037,08338,84107,50496,17151,11382,38207,51387,36055,22161,76035,71458,69010,02808,38083,42009,81279,02632,28240,64495,82013,39107,38195,74020,54182,41089,51513,47013,27219,02323,67397,84025,22243,69051,27295,18274,71427,59383,22319,78601,80278,44084,85152,88332,40040,88247,44023,32371,39511,57594,35236,32377,26041,72315,02503,27045,57461,41125,32098,76164,52506,19041,77051,18265,62127,31311,21320,59187,57466,10111,67400,31220,10127,85147,59569,66140,36025,25097,67326,02220,29098,80541,44155,80781,81024,73277,76196,62072,23187,51592,44183,24291,70240,82007,39508,62038,49114,31238,76663,74289,56111,25267,60514,24560,64527,28343,21345,76072,14541,31378,70237,51633,82084,10409,22264,60301,13212,33500,72311,59064,47263,31279,50023,22035,91109,22241,38246,62635,80118,21098,03226,14271,45316,46322,62097,76241,10278,08126,10117,54206,53073,75101,25340,37092,09002,28173,50618,14554,76717,19169,89354,47167,06128,77200,17247,51631,24525,57587,53263,71129,89064,58073,43129,77408,53214,25505,51239,33357,03100,78239,81286,71209,92048,69296,77452,36016,65053,46190,15006,74095,67233,17284,68195,40208,86149,03242,42168,03301,60137,74243,71176,01410,33143,71365,39554,49008,62126,59513,39525,67165,19207,67288,34250,23091,33385,39471,79064,2B039,33524,89081,09109,64545,73033,51241,66160,34100,54298,55356,25039,23166,81076,35280,95229,31346,57701,51491,79235,52447,71230,51663,77039,71409,18130,19162,73028,01192,71303,14452,88114,61140,21372,59434,70364,09201,08374,60618,42061,70265,18159,57147,79020,62663,34289,71300,86026,67556,52122,29101,31058,26343,52067,58283,70414,09008,02581,24347,63295,34023,27330,68379,12229,01150,51081,64244,54563,29295,29105,54218,19051,07108,03173,04138,54328,45317,29012,27235,32043,05161,29116,49248,59545,64184,62550,67268,47138,64181,31164,36050,15086,05109,06081,83133,41138,65006,28157,72369,18004,32189,21107,62506,72024,08030,09173,88407,50402,57469,97216,06148,57197,11322,78015,54442,16173,74188,90019,60684,76500,33349,82015,82102,45129,62568,79133,10053,58299,43082,24384,40243,69220,16255,62263,63343,70452,79119,07205,61063,65278,26291,79009,16229,58270,73311,38427,68101,50350,19199,66073,11209,10087,78031,67094,86300,60460,17086,86137,09037,39080,31294,01180,46198,02511,26217,81134,51134,12248,74260,43229,52108,37161,79332,55532,65395,73210,93077,74161,22050,77232,07221,39435,57595,14371,70238,31254,32245,27612,08317,22353,57714,34178,08450,39109,19284,38247,76234,68026,47207,86115,51035,39004,31116,25132,63031,90034,87071,68307,51285,63158,21660,27326,17293,16002,33393,57521,06050,02650,51413,79226,79066,47060,34283,12213,69230,33120,21355,71153,15198,04077,76641,51001,67074,89074,62172,03040,18150,77104,09305,16098,53232,07119,61251,32445,21714,23244,38271,69075,15095,50072,05053,21295,08472,55512,57149,47313,19180,78283,14538,27457,50579,70099,22084,25059,68027,78562,10030,77226,40233,72217,83060,67364,59240,14484,80186,80373,89142,05039,95543,71412,53191,36010,01149,94004,24011,07209,57558,44067,43218,34049,76727,67132,32349,85148,42214,21540,89309,83029,63153,51428,62632,33444,14381,12058,63226,78620,63184,74210,62230,86237,69268,77116,70464,80486,57276,07310,64125,60050,63027,29054,59645,21708,62469,75102,40181,81171,01081,50251,88492,31504,19006,72221,64185,21416,40028,14431,12082,50273,31049,12289,72325,22265,71415,60108,64509,34081,61291,72043,63413,59444,62449,16340,76425,60636,10389,11262,10027,62681,24231,76552,54027,57124,60160,34121,72302,31092,60391,46305,51421,72290,02296,03254,63180,07054,83001,33208,86044,08064,34171,80695,45176,66127,15147,15079,59435,62330,42134,01405,57029,70581,28424,97218,88188,74228,22032,86220,54449,08036,55108,57141,62563,31383,38397,36097,81018,26203,72182,70084,2B343,33042,62054,32391,39505,38242,36131,50457,61080,80826,01160,64555,36053,71147,02480,77385,50598,11210,02310,41113,39300,77333,51156,76545,36044,37003,54072,22054,78071,71290,64299,02551,40036,68117,77179,25626,59004,91645,39517,95157,89456,57623,24255,81280,88058,61347,76611,30044,08273,86284,17383,54301,62450,01085,39192,24307,01407,51029,61330,56112,21026,33051,79200,34201,11413,39560,38472,74133,21529,2B164,33361,14318,53240,32014,68380,64482,76398,24221,60320,52184,48048,27263,61149,11046,76250,16119,40171,29201,63205,42122,27361,50111,68338,62545,55543,03230,62173,77121,22389,24141,54420,25258,76499,38276,07020,44111,02675,51566,11368,21151,81118,72138,57624,39368,51508,42198,35141,57568,40300,30017,19216,97132,70438,58241,70292,69100,14352,48188,01143,07170,76518,63017,08104,22099,25492,16029,16077,76142,26194,48135,31493,26126,63244,14269,61072,26004,77519,91629,48149,32078,67148,13116,06097,39236,82046,65291,59253,31549,71291,67337,21576,38407,69270,21519,07347,70250,79256,03244,67049,71302,02304,31473,73188,80819,62141,77266,09097,88231,47064,30050,55087,15037,42216,62428,70153,72274,59363,32386,08059,95395,21598,11242,40133,31146,67208,23012,57423,18213,05118,37156,07101,50334,91425,54212,62073,59213,89117,51461,32158,01404,82133,80035,89006,07167,38458,91631,65105,66032,09219,12158,15026,27050,81185,21168,33077,24267,57280,64293,24386,67266,17292,97226,25558,62776,64403,57489,26311,52472,38347,10116,28346,66008,24180,88041,60072,61424,77419,55272,17463,18015,80348,51612,82068,60414,58071,80586,58198,85123,25468,67141,54115,35231,76014,02694,80535,80130,57143,35229,64419,60164,38182,19028,14743,27683,52104,12041,26252,62497,37042,02463,28194,50469,62734,08385,44053,31388,15053,21525,11135,50570,71346,88274,88228,55563,78401,09285,17308,17446,54555,88285,89432,59365,38174,21405,11418,34154,02368,2B120,80707,29137,88070,64086,34331,78084,81272,91235,03186,18061,90070,50260,21122,27670,17006,64046,63456,40180,57062,25381,40232,44221,54470,57491,57691,57733,70190,21300,78262,92024,10207,73178,59430,90026,40172,06052,38520,35124,19048,87044,61362,64038,42083,52232,22383,35065,82161,62400,02656,14027,40089,61208,39048,62466,61473,02627,30105,31543,31590,27179,07332,80056,35096,27037,02546,01134,83143,38235,68275,64078,85256,34176,28038,60485,37122,49123,02156,08250,12283,86230,36232,51613,72237,19269,02790,94021,08187,35358,04084,10022,50528,08344,41141,46177,64282,46134,88201,30326,74082,30349,97225,38556,29108,77027,47055,45077,53257,02678,91207,66230,02192,35146,06139,26133,45053,71188,67199,88064,71011,54244,22133,43018,60091,62836,61101,33154,05044,72364,70276,02230,50548,57120,61512,32157,57364,18046,24031,66045,46238,45213,63336,54172,73161,39032,22085,76225,67443,52182,32030,64304,57080,70009,24399,72052,25489,58066,88462,10215,62339,23089,19195,25046,17245,28068,28285,73128,32306,74064,36037,70301,88004,60209,76321,51303,50219,82132,26221,63177,31508,74154,57024,49180,81157,33414,57598,73140,59223,71344,59145,26070,53054,38341,58266,53230,46128,71135,11335,32016,71566,71559,62521,80036,65058,21135,59071,66064,17220,26281,77201,09309,11151,62019,25346,93061,74072,68033,28092,02157,71570,11396,33112,44173,23082,21434,19103,80395,28373,59455,26292,51485,34163,24443,16027,31067,25540,61242,71446,80043,60218,64196,09298,95652,39292,76336,30102,21255,02450,26102,60101,87190,18188,32276,63342,86244,26367,87060,39193,10346,59031,58102,82154,64429,38149,60568,76530,64192,32003,91511,81227,76513,41098,25403,49130,26036,86107,71115,71044,73302,62380,53128,13090,02778,86266,39503,13104,97204,86094,50483,16086,04144,34195,58242,50048,68107,76651,2B320,61055,86255,28409,19081,2B239,64450,24302,36140,16317,72277,41186,40299,59668,68079,40169,40189,52132,31230,85055,45033,25301,78246,28245,50634,01301,78049,77178,14501,33317,51432,27368,55303,18184,08203,45193,71420,55416,59192,62409,60478,04173,27271,76066,29202,08025,26286,52288,76409,22276,64488,02005,44102,60689,73120,17318,52298,16368,01289,29269,54446,21226,28263,51596,69154,39304,60285,60659,57570,09019,46149,40163,70290,60367,89451,34209,25382,25054,88179,16282,43166,62194,45133,70065,30164,65110,72210,80762,10326,51086,27167,61476,54141,70015,70327,60365,22288,02461,89018,60350,11213,64214,79338,90014,77225,80210,33539,45075,09031,54544,65373,52171,52488,54199,76181,31593,48042,62814,17099,23122,03016,77527,01334,80142,62139,40093,76294,59402,77392,18143,40112,30225,82044,34086,55460,23045,64552,51381,26153,46087,61243,71377,61224,64283,59115,87078,21577,63125,24131,55055,41290,70143,51126,25345,54104,27353,86172,45092,55103,23086,37130,71451,36078,59653,21715,36121,46073,67356,27586,31133,01419,32009,62804,17094,21182,95580,70426,39009,50158,21653,51313,55439,35050,23192,84053,17239,10217,40155,34155,60515,57547,73019,22143,46131,54303,83106,69076,45022,52322,81162,28423,41239,39498,76182,28058,68323,45042,52029,01265,52286,43150,09151,76460,62324,24116,62817,85138,38187,54127,01309,28367,97128,88325,66162,31270,46157,86151,61464,25155,70397,71113,09261,78322,63409,82006,59612,65385,13097,89032,02252,87031,86015,12069,80654,39250,16050,60131,65369,03176,2A189,22209,10004,88163,60381,84030,23233,59111,72252,64455,01276,53027,33198,38464,62892,72378,72373,52256,57322,15241,09128,92040,47006,76341,56045,19094,36099,59449,12028,09281,59478,24215,87120,41269,62014,88062,02542,74081,15003,37181,45201,74129,52364,08364,08283,28211,17322,12278,30159,04108,19056,29043,70430,87135,85284,07219,31583,97108,27027,19071,62329,62622,16130,07231,72227,31050,59556,25016,43007,55069,24436,24205,48112,76276,52205,95424,22093,51425,77124,78530,80322,39351,02534,32169,54073,09021,41134,70273,67057,72214,74053,07254,65139,30247,55516,70578,46210,08303,07159,06079,45005,60540,18114,17484,02374,08092,37110,57334,65279,79096,40035,60479,52396,76743,64312,01336,63379,18064,14654,54254,41180,59534,61030,01191,80134,30213,66090,02592,03267,23125,24177,45011,79105,64435,51025,80644,82188,58113,53146,10252,64442,04230,02582,58105,91507,16072,51474,24012,77173,77368,81006,71368,91247,32154,07174,71229,57333,28130,08467,27269,02390,24574,54565,02228,30134,49138,46328,02343,01290,25230,32439,76526,68019,60397,02355,38355,02689,80001,45103,57083,65322,64468,04169,76339,67330,35206,62010,86253,25597,35276,64006,15143,67335,38374,72350,73216,46239,17164,82039,34013,06070,28370,01158,57455,33229,88482,51298,04112,25402,89447,19209,19016,42304,11096,62365,02298,60603,67506,47298,54201,14138,47238,91332,22376,27428,56256,27580,62102,90054,71419,84111,77433,22009,54422,25202,02400,54294,32317,27398,50637,01209,2B192,72241,35004,51113,65007,14291,24455,30085,25263,27644,71273,76387,55257,18119,63370,62576,33069,44019,51157,43148,62503,25457,24058,34219,26083,22136,71434,11168,55284,53056,26274,71356,67424,04163,54512,37020,08426,29299,33555,47255,63424,90006,38078,38443,54407,72283,31441,67403,73228,47146,31359,10133,54222,09104,17357,39512,53264,71392,51544,39170,71583,88097,33370,76016,21437,27040,04240,21353,17298,16290,69219,28216,10310,52129,45339,80124,48031,14181,39189,89416,45034,33376,36178,88084,38081,89281,33282,79092,63421,50121,88003,26326,04016,94047,82033,85243,09056,67039,39586,14347,32147,51272,03194,10392,35068,28076,57542,03252,50166,54367,43122,63071,85019,17279,24416,60028,76345,02566,36054,45091,54597,78329,33271,47234,74070,68049,41104,01286,91216,30138,58040,10366,03148,57387,83128,10431,80468,64024,63086,67342,14678,80174,70338,39572,36096,79016,82078,34188,59164,67139,28113,29016,62053,79018,34325,19200,71482,09271,42279,63134,86048,97309,66166,76151,89016,33064,62731,76650,70061,65288,81095,19085,37221,33346,56250,48129,02674,71379,83057,02787,31592,60620,44168,25237,32224,97102,27149,10191,82050,76166,36199,53163,40260,76453,38216,35351,58245,61262,61182,58267,02730,86241,52439,89145,15221,22311,25370,85242,28006,76296,55197,17056,81205,39183,21595,05089,37009,65303,30053,89182,50109,21292,59429,31192,48096,13118,28349,22344,36056,62658,19275,62753,47296,81269,80163,29055,84101,27176,55569,21257,59265,28267,58151,02528,28293,67459,23036,31440,64176,81003,39457,88131,88180,02770,31418,40081,09177,12026,07124,54389,30048,07149,28046,2A041,80045,62408,76369,70233,77468,62784,18102,33148,36008,21310,16310,54527,24457,34047,59323,55271,43094,69098,59342,31463,97601,22280,69089,85082,65088,18217,36066,10256,32022,26240,09193,86120,26098,56128,50115,73078,77006,70202,78522,63248,46100,21034,71072,35149,15075,83145,42191,11092,54273,02129,39208,14646,24438,40121,76082,24492,14669,01288,59277,64097,71399,89394,14082,17176,79285,14491,34167,44061,42068,14745,09146,17128,34256,55365,32148,17147,31078,14096,37185,68245,17248,88200,59174,78470,71091,62727,15024,40094,25416,21248,89273,54528,78302,25145,71364,61497,22101,41261,12277,03149,37075,01252,64357,71563,90068,38208,78472,18192,89336,46229,51211,58003,62129,59188,24202,56022,27094,29038,02508,31211,74285,68326,36009,80430,73191,83033,22196,02219,60058,54409,21470,51475,31022,65235,62388,70185,56177,42331,77053,43123,74138,71183,25197,76649,87121,11193,05124,21347,59555,77515,21545,62832,80098,54268,89353,24483,54269,32057,04075,65161,65275,61164,35279,77330,02502,39289,46324,72261,40032,14284,25584,09009,59010,57132,26365,48088,06099,64422,61361,43117,93005,61284,57580,67010,70368,65116,80290,95212,02548,53057,33031,40254,42332,16377,51077,22033,01025,54508,54382,65173,71149,25047,02696,28246,83041,80244,58218,51598,60152,55172,86260,55075,32353,31350,32281,54009,62239,14244,10237,46062,33167,32309,80543,14752,25161,70157,67380,25388,74309,50387,83050,50513,12159,64194,76053,03171,31386,89098,65023,66018,54276,74051,46120,19240,61046,26205,65345,80658,71080,39365,64005,97233,41034,80215,27051,02376,57225,64430,64410,63141,26308,22363,84065,60395,46066,23103,32304,2A254,37234,54417,39328,57573,80599,52399,76195,72327,70344,25575,62805,67270,53225,47288,38200,55531,41154,81104,53265,38279,36158,72255,60429,37015,29024,48187,50016,52424,50240,31184,50209,01005,28120,52443,60405,39329,71367,70496,19120,23025,2A295,55083,33011,59078,51532,17008,30340,31501,32026,44224,63070,37278,32290,64369,55450,76732,46147,35216,08240,08490,47218,64002,2B235,25143,22202,27307,63376,39326,01066,67052,21423,29237,63064,52047,10056,08004,34003,32082,89312,76528,69248,21329,39217,24354,55154,39143,76093,62299,40164,26316,31486,83006,76379,59220,29278,09275,11384,42146,62791,27204,34199,56253,30191,46184,95313,21215,48145,22219,70222,62809,57520,64035,52240,21224,26248,67002,28385,39491,63341,80168,80160,55220,57448,02520,64267,69179,41155,86050,08328,59347,2B194,48140,80368,46115,37096,76134,08498,78550,71056,19114,56061,76086,30331,17217,80465,70283,02800,39120,54113,79322,25051,67246,67019,14389,71015,73075,80652,30041,31062,95150,59027,12095,64517,73316,53080,73170,67264,71329,30197,08061,61013,43054,58308,35356,02269,27220,06043,34085,26076,11408,92035,51382,80335,07259,04161,78349,62487,31195,32381,51586,10153,44130,02432,24297,80527,39327,76224,65280,02034,18076,06103,88141,73160,57091,76736,71327,23204,72200,23039,03162,17092,31459,14582,86059,35023,32015,46240,21036,31394,02550,60258,60153,07155,42259,64257,16254,33448,38513,52320,07095,57599,07202,77490,13073,58106,55143,60567,39279,08095,57241,71331,07317,35063,65242,52504,32001,18106,97303,78517,55109,63329,31460,23147,15134,64132,04009,63204,39116,32446,71435,70216,65407,14132,17361,58019,83045,38320,51505,28035,08010,72021,80361,74286,48155,37144,45187,75113,54471,34078,77184,14652,72260,67201,82104,67553,71538,33302,81143,22313,68324,14141,95487,01204,54582,55459,47177,68240,02121,30049,42019,56168,62249,02591,16250,63416,71466,85227,27138,06084,26191,31453,08038,33284,80488,70390,33549,40207,78420,31137,35220,80763,47109,81253,76307,18060,77059,60159,77273,41081,21700,12189,77176,39413,71521,12078,12110,81201,38526,59544,73032,33192,39054,27056,33006,64063,21379,48148,55519,70544,21649,62480,34112,35027,50535,54059,19113,40304,22360,02221,62795,23257,02302,45205,41203,62088,10426,34149,21027,16215,21468,67479,47028,26207,40111,33533,95574,81263,11078,76637,30058,2A154,14362,76554,62499,14707,15246,50593,77038,60068,86080,71585,91035,32295,22278,25446,23024,02805,10404,72292,60040,31569,39380,02151,29273,72091,38126,32419,27039,62874,80113,27107,55252,70178,80404,02741,2B185,09209,86117,59361,77423,31076,45012,66097,70562,14740,61357,85121,05114,51391,17109,65254,35166,80722,68211,38128,62903,08400,24326,21692,18273,18267,55007,76560,24160,91665,16188,27073,79254,80676,15141,63016,92033,02367,21194,27069,59152,28004,57631,35072,79337,42095,77283,86025,73141,16089,74056,11025,68332,04126,65378,57294,37039,26220,17313,54486,54071,31427,07245,35246,69123,67557,54107,54457,89482,88449,79257,34260,88395,60366,55424,22352,76108,21317,21242,10115,71561,21508,90050,27697,11371,52489,62769,57253,05094,33473,71272,51580,33066,61219,08005,59025,53247,60042,38231,55043,43160,78642,07207,18129,28193,11023,26349,54357,66180,08195,76759,48126,54390,35054,67396,31372,84137,41096,11066,33090,57009,31013,65482,71398,88042,05074,34205,85229,34157,54548,71160,49341,17297,04118,50150,51015,57583,67498,81212,51040,31041,74290,62865,68246,02493,83109,76445,29112,76670,59656,79207,80039,80811,54497,23156,11130,76740,10309,80813,16249,31447,32416,49284,46054,51534,39561,17105,24394,51424,97208,68298,49259,55336,59509,13018,82010,02823,06113,62162,67343,52325,86034,66186,16196,25422,25534,62040,46309,21155,15216,60284,60309,02458,73275,63235,43013,17057,63368,60393,38379,62356,22114,56173,22293,35168,61440,30333,15160,57007,77267,08046,29228,43242,66232,09033,17428,51371,53202,42287,33431,73189,21202,79024,62114,50532,92007,88369,67102,71347,62247,73208,89292,16061,52287,13204,79345,88511,72269,88381,88322,63394,54453,52476,40049,95610,17281,13008,26263,08435,50363,88187,28249,53186,09114,04134,50265,89266,62745,53176,62719,86178,64043,47248,68136,54183,32404,05097,21307,77272,27468,38134,30173,53008,47104,53100,91339,88501,47236,02055,57263,21062,45314,10383,69174,58186,17085,69162,37251,66214,2B157,19220,57761,64319,35110,82174,60189,80580,60471,64053,03121,32090,63473,40282,71012,24423,60205,50217,80442,14438,65052,21271,15149,31007,54515,79083,89093,27316,17199,53102,23252,73270,25278,59498,38437,54554,52468,33491,80346,62909,47265,58224,73096,36173,14041,02074,76392,07338,41054,63437,42303,79225,87088,27072,52303,38236,39394,88314,68001,39527,67278,80616,10102,57272,66220,54304,24348,31335,09232,89207,76200,02246,88100,76437,54024,18137,35091,32068,70186,15155,33094,35343,45148,78451,21432,89048,84138,14613,39259,38505,18238,19259,77190,08116,52128,26096,03048,83114,71136,95658,67282,61276,51333,64549,05178,59519,62346,57494,25191,14588,17108,47229,32299,60019,74304,24517,81237,27014,80274,60612,57593,71457,71169,27189,77391,01387,21398,02031,31442,14404,59654,46079,58244,19176,55028,80700,08348,35085,25604,65295,95447,89096,80153,80267,80677,24154,85005,27079,41110,08315,25367,37012,06053,10047,81261,79122,60147,60653,42053,50615,62209,02562,26012,02036,21655,35090,68260,25184,27454,60425,33135,74118,25259,76589,95169,70252,69234,27085,88055,88475,50464,49369,71381,10386,65456,21336,01453,40216,01148,14761,85047,67507,47021,14572,21071,88358,23194,62533,45043,24256,39141,67055,50454,45036,70134,38442,23031,33310,71450,91315,61044,80158,07053,30152,55040,46203,64295,66205,57121,02737,61448,55456,88299,22324,33188,55521,74211,77057,70111,34058,08220,33377,46254,63199,70484,48041,21552,01343,21533,18059,35319,71416,76624,90008,17363,81218,80371,87022,62055,54599,15077,51232,33279,21343,27417,76393,63349,80125,15100,04208,71167,14019,43066,73263,70554,44209,25095,59502,55330,81183,32261,10196,45250,45233,02691,35101,71542,64226,49061,31228,12007,64202,80386,24075,36194,74189,11351,56052,65026,17210,62031,70295,56219,42178,91649,22109,02308,65123,03161,46205,30177,22359,47085,59636,54355,76668,11356,41027,04037,76187,28163,57130,21183,64212,49334,41019,77026,81004,77171,60025,86205,33266,56199,51296,07237,73290,74284,84131,37035,32448,32368,77186,24456,34169,77397,91132,51327,50399,57609,11035,35239,26202,17264,48075,77534,10265,68059,76258,08071,38484,60113,80493,64453,43190,55490,70329,62253,55333,89280,69140,60605,54275,88108,27601,80777,36082,14285,27638,65219,62101,69077,21286,80751,02494,47224,42316,28190,18120,34056,68261,47179,80227,58011,51194,42152,70513,86193,62879,47150,18226,24053,25463,39202,62606,15257,73219,2B110,71535,12219,01026,19073,65316,32275,76600,06009,26106,76155,77234,14708,57670,27699,61232,62146,76738,64349,63032,01022,57111,2B087,08066,95061,60172,69187,88298,17046,66107,61261,46171,64397,58208,33071,32256,68262,95341,41293,68044,03175,51290,79149,54233,77257,14336,58080,17249,01229,85160,01432,74025,86200,29279,24403,2A323,80262,72307,64328,02275,07090,30343,36187,30171,72002,68386,50529,27453,39172,30309,82066,59142,26170,17262,91546,40193,03296,42203,59129,05055,49332,67406,25133,88198,47001,16175,38097,84046,71359,51486,55289,30126,64281,82190,62625,54495,53204,12038,59102,32328,76255,31130,19205,33503,10351,14741,19015,27536,38152,19100,77353,01291,76026,57401,62883,36069,56241,87186,37005,05038,30241,63168,72236,80461,47323,03170,80127,39534,24535,30226,58199,26117,57037,16242,54126,86158,30160,63242,45246,65119,88345,15265,64476,24105,64398,53003,30200,47267,39555,56155,68100,69018,45252,57556,50062,02593,18070,25226,59650,48136,54114,72163,65438,2B015,46251,45147,08031,88398,60201,24038,14660,76532,89349,62138,2B301,44127,38158,16326,80827,25218,16066,55443,54004,76605,41080,54602,16074,31433,46043,10280,32450,78380,25060,54445,18275,59002,76167,40067,58214,69031,14744,2A240,02751,76243,14216,71328,08320,79095,79101,28386,27692,40065,39335,59156,67559,03311,59286,28337,60056,18152,39099,60442,39387,24412,69177,79223,56252,31158,51342,37182,97305,64355,65178,28406,82074,42139,43223,33496,21616,36221,76515,90080,41260,08260,53206,25312,29111,33211,61508,87111,01237,38557,51588,08194,90032,10099,88401,84075,51360,80455,31122,87065,18054,23142,50390,26073,57203,64306,56151,62042,79166,34228,73079,67463,51142,35186,31109,15097,74163,29144,11376,85205,34032,38451,22018,62289,02380,62488,16182,51240,02041,55017,07132,13072,26104,05093,47266,17177,21060,37179,43142,64466,63327,57497,80638,08305,33016,59076,25078,76747,76514,77260,39095,67558,21180,95352,37225,61460,45150,23178,70225,85156,21325,03166,24309,14275,68282,83049,39353,19096,26105,07017,67422,14250,48095,82049,01173,61104,64305,01214,38062,71216,27132,54287,57693,38336,38560,57252,56099,51289,21615,22351,22076,38466,47305,36080,28357,32171,61283,79104,57728,62824,68013,70450,11153,27113,88197,51080,27155,03012,62206,21534,21004,78230,23057,86170,69081,36220,41249,45041,81108,51419,77248,25114,08279,17019,97112,27623,09045,21209,89400,02828,07243,21499,77421,32314,54370,38071,87114,51292,64011,82156,17097,23096,47254,2B182,05056,67212,08274,59597,21043,77070,57720,80238,14319,61332,25608,51573,16251,16009,68237,69176,52280,60128,08485,68159,60354,16384,42133,53033,57617,03227,43021,36043,53022,55378,08041,50546,89412,80556,01372,14348,94017,25108,12214,55427,71494,33254,22174,32421,43236,13039,27485,88289,69273,50155,88334,62062,37190,29267,70156,46106,57131,97421,86294,39403,76585,86099,38551,36214,16037,03034,71133,89464,03147,17312,39216,80436,10029,52415,86288,86097,32076,64026,62279,09140,43091,16421,21629,17171,49221,56237,59169,71357,80569,21088,71054,36070,36144,59579,09132,89226,54492,75112,32321,18099,50143,09252,13115,29261,88150,01283,88075,38027,11387,84118,71313,02018,67106,15213,59563,71022,70298,24501,28287,71301,86189,58054,14091,23111,46145,33238,31574,46153,78362,35245,85129,23069,70516,70320,51607,55373,08022,42175,81283,62240,25242,03189,77033,49092,24485,61336,59468,08469,71551,52278,33466,64554,36123,38224,43055,67025,50480,80101,18162,77261,88171,70423,16378,68268,23116,09228,39072,19099,54257,61123,42220,80217,81262,2A310,28362,47237,76207,29060,62626,67483,24496,23207,17338,41036,62307,14405,73095,50409,91312,89215,25384,67271,51551,10180,13071,10281,75119,22081,30125,55520,34172,31069,24142,21436,64151,52524,18173,10052,77175,66198,88090,02120,71126,81001,25321,88408,55544,86223,26271,17179,70565,59160,53158,06098,27693,28172,55484,89189,32095,25547,78444,02457,32354,47020,65463,07340,63224,80662,21101,22188,31075,27311,2B202,38545,58222,60588,41158,59109,01213,72042,52295,77134,18247,51583,48043,25414,74027,13025,65210,70550,34152,51418,65051,38223,78354,59495,54078,53250,89449,55254,37021,86295,80560,26360,64348,11021,78413,50298,11428,38127,61461,50472,68259,54423,80615,45138,71094,64322,39085,47074,05065,70234,2B184,33383,47259,72185,73110,51638,22060,31565,60483,71448,86012,28232,18215,24542,72272,17133,21167,80561,80496,53200,70481,72013,95426,28313,67128,02442,79335,91602,74107,53219,60061,14177,38486,06061,84120,29189,70310,89472,68350,74077,62061,05139,72100,61218,10216,02174,22274,29120,78502,24477,14149,18001,71178,63471,25623,65108,89379,10021,15089,77062,44223,18266,54500,19155,32092,80147,55121,17351,31544,58246,59588,38138,17233,31559,54291,04193,39437,73292,08006,19227,51220,46308,82087,02810,29146,52185,30013,21451,55222,34070,39034,24241,89391,64246,80212,07114,02106,68306,54197,35189,76601,82064,55348,35057,27109,12231,57472,73129,66080,26236,89159,66148,2B329,71141,69267,45194,57680,60501,68258,71263,32252,76665,13089,33356,51523,07290,49236,02332,44205,70388,16418,57565,32390,11187,80794,22147,27599,80803,60027,54042,53025,97220,43016,22333,79307,03203,62513,05104,42075,33543,86104,19165,88444,50289,91635,62006,77022,31010,41088,65428,37208,76634,08448,57192,79148,60430,95019,35250,31403,26321,01451,25212,72209,59305,88321,02159,60193,63059,88050,43151,58297,47066,82020,16024,08503,64136,35207,33435,52450,29109,59618,62078,21296,46104,19245,29192,30222,83094,12230,67462,81217,15110,53049,59197,84063,63289,76280,44082,28236,69297,73269,60518,30095,14241,35253,67513,17034,27560,69038,07073,01434,73182,04020,42073,65268,09314,78048,60590,01423,06038,18091,09113,76054,63131,04087,26329,72317,33123,88082,11395,02401,63001,55359,61374,07233,95018,67450,31115,54077,52201,57426,14650,40086,63219,14701,68297,76302,70280,11393,21218,06008,71584,09245,68292,16110,27584,57645,88258,60295,14393,10324,25018,01056,29134,37115,76590,01242,77533,52318,21228,10164,62840,77123,65238,81065,02189,70208,83153,64105,80579,76314,70227,31134,45013,01456,33022,14335,24473,02093,63124,31215,21348,51146,21391,50578,15235,90066,85208,21573,02125,38465,63355,67291,62672,51478,24216,2A098,15207,74016,31528,41071,49167,16220,42042,28342,70020,57692,40293,12128,86263,67524,05033,85134,04025,14046,08043,24019,65443,88391,44024,28264,63107,59219,39447,54307,19152,68210,65060,40044,60398,17435,24063,78087,89460,32194,32420,29182,35038,54345,10150,81229,63090,69132,58041,62557,67394,84106,36017,80364,65287,63436,72262,67407,70553,29280,62599,77162,50148,67329,11222,10279,29197,64492,17460,88161,79071,67156,65442,21650,58075,52519,40280,04154,76153,43201,50429,76315,07011,55004,70447,66189,14424,66103,57663,63303,45342,26327,59625,09133,24321,72305,45027,68367,16346,57754,51028,69053,19044,65085,28111,88413,24122,06069,40236,26313,73085,54262,76313,55173,16144,29250,52373,03084,31026,62792,70232,37081,77101,03144,64116,27423,39415,85151,38430,47170,45143,70195,65074,40012,17472,57287,25121,18182,17263,28170,32210,17013,60633,51110,04141,81035,65282,86169,14289,60573,78010,54510,57001,12120,58111,76238,51120,57307,97401,60559,32008,14274,72095,34050,55323,46121,61272,54530,57089,15263,12070,52084,31225,88489,72357,87014,14140,66175,59503,11012,28151,74239,35144,24573,38095,64080,22059,71489,38528,76616,51431,50232,97115,27470,77439,57667,48185,13062,71165,31302,18212,51438,13216,37105,62291,76004,67444,66124,71047,27285,79015,11212,60382,62678,06152,22284,54306,32177,51328,88037,35003,67464,97402,55546,57561,86192,17168,79306,61130,57739,58239,42227,10355,24222,36098,40333,26328,27038,52327,79002,66035,27031,57057,62771,21066,03303,15041,32355,27170,27635,60206,38409,62405,73021,64083,73301,44194,89359,14644,57058,57347,52328,67456,76260,55534,09247,37240,68378,11427,81319,59442,43050,29091,31310,59605,52357,44080,03065,31087,60493,22124,15073,51343,10295,29268,72251,31245,31152,01096,61035,69066,33443,60574,57011,26038,60223,33459,15078,97353,60199,67204,53046,58164,58024,37011,18105,39110,31445,49020,74199,73177,67088,65001,69169,22215,54271,57145,31355,47250,75110,73173,58027,40334,27527,89434,88031,24016,08340,79286,23185,26350,57358,15152,55515,35137,02487,44195,58212,80822,11086,70493,31555,30321,21395,54101,80177,45081,32398,08481,63200,16301,49223,22267,34101,52354,53127,77067,33365,68223,72143,73194,55062,22168,52031,80470,03228,51188,59162,62085,09216,2B296,23098,30180,59049,53096,77414,30335,21223,28274,97126,62868,04109,62007,78053,01071,41213,64175,60197,57332,53015,64191,04021,60378,61198,11248,77218,46018,10228,41266,19107,42050,52505,64463,17342,91195,55138,22164,85239,61304,10241,54489,49352,38449,27445,48012,51567,79032,55549,76576,06042,60617,40210,21044,85252,57452,45087,97412,94058,50489,07214,02598,03104,27405,60270,24286,38013,11404,49219,27620,55195,22371,41201,46260,58161,55388,11144,08164,71378,44010,16349,41243,67339,11272,31466,74265,47059,89378,76593,51564,02078,55343,2B334,60563,66091,42295,57702,02196,76400,89214,81052,57559,45259,46172,91100,77205,78090,52248,02290,51525,82085,70482,24381,42167,25609,02163,61445,39136,88402,70112,66157,89259,16216,18085,74267,10040,68203,50235,21667,22335,35214,17350,10422,48193,73104,24107,31088,74098,79203,91340,62363,08440,14098,60435,77122,37220,26010,79190,77435,50285,25615,08109,55022,29020,52391,28121,02303,76645,76623,12001,42174,62467,76292,10006,54049,28091,52058,04199,76721,59320,71319,10273,27182,60601,97604,65293,85223,51244,28207,69103,76412,18278,27517,35226,55158,2A008,33402,63103,31231,38209,67440,22172,64021,01177,77448,67111,66095,56043,27237,21251,10042,44063,33085,36238,76482,95094,88346,08094,32049,62759,60443,17141,56139,67387,77151,66194,27006,05115,57233,88390,44069,21356,43165,56218,19026,26289,52138,51367,68309,15151,29241,10008,51414,31567,21250,63165,59243,71268,50603,62527,95040,01254,97107,58178,80376,80784,64216,38261,31120,52037,21560,15183,61189,37154,61466,52009,33230,61481,85106,67503,38258,51349,38428,38549}","",2026-03-24 14:41:32.274366+01,gold_establishments_2025,,,,12002701600563,2025,Services de l'Etat,National,"['Ain', 'Aisne', 'Allier', 'Alpes-de-Haute-Provence', 'Hautes-Alpes', 'Alpes-Maritimes', 'Ardèche', ","['Guadeloupe', 'Martinique', 'Guyane', 'La Réunion', 'Mayotte', 'Île-de-France', 'Centre-Val de Loir",ADMIN,"{01,02,03,04,05,06,07,08,09,10,11,12,13,14,15,16,17,18,19,21,22,23,24,25,26,27,28,29,2A,2B,30,31,32,33,34,35,36,37,38,39,40,41,42,43,44,45,46,47,48,49,50,51,52,53,54,55,56,57,58,59,60,61,62,63,64,65,66,67,68,69,70,71,72,73,74,75,76,77,78,79,80,81,82,83,84,85,86,87,88,89,90,91,92,93,94,95,971,972,973,974,976}","{01,02,03,04,06,11,24,27,28,32,44,52,53,75,76,84,93,94}"
27e57aeb-b75a-4e15-87b6-cc70fbd98a10,200039865,Metz Métropole (57),false,"{57017,57031,57032,57039,57049,57134,57140,57142,57146,57147,57162,57212,57256,57351,57352,57385,57396,57412,57415,57416,57445,57447,57452,57454,57463,57467,57480,57487,57510,57512,57534,57545,57552,57553,57593,57601,57616,57622,57624,57634,57642,57693,57694,57701,57707,57751}",ME,2026-03-24 14:41:49.581307+01,gold_establishments_2025,,,,20003986500106,2025,Collectivité Territoriale,Intercommunalité,['Moselle'],['Grand Est'],METRO,{57},{44}
13f52f02-7a9c-486d-b92f-2ab963e247ab,243400017,Montpellier Méditerranée Métropole (34),false,"{34022,34027,34057,34058,34077,34087,34088,34090,34095,34116,34120,34123,34129,34134,34164,34169,34172,34179,34198,34202,34217,34227,34244,34249,34256,34259,34270,34295,34307,34327,34337}",ME,2026-03-24 14:41:51.447482+01,gold_establishments_2025,,,,24340001700022,2025,Collectivité Territoriale,Intercommunalité,['Hérault'],['Occitanie'],METRO,{34},{76}
70368d6f-679a-445c-93db-f1d936d662b3,200093201,Métropole Européenne de Lille (59),false,"{59005,59009,59011,59013,59017,59025,59044,59051,59052,59056,59088,59090,59098,59106,59128,59133,59143,59146,59152,59163,59173,59193,59195,59196,59201,59202,59208,59220,59247,59250,59252,59256,59257,59275,59278,59279,59281,59286,59299,59303,59316,59317,59320,59328,59332,59339,59343,59346,59350,59352,59356,59360,59367,59368,59371,59378,59386,59388,59410,59421,59426,59437,59457,59458,59470,59477,59482,59487,59507,59508,59512,59522,59523,59524,59527,59550,59553,59560,59566,59585,59598,59599,59602,59609,59611,59636,59643,59646,59648,59650,59653,59656,59658,59660,59670}",ME,2026-03-24 14:41:49.581307+01,gold_establishments_2025,,,,20009320100081,2025,Collectivité Territoriale,Intercommunalité,['Nord'],['Hauts-de-France'],METRO,{59},{32}
ec928e87-8d00-456e-94b0-e83d937e2607,200030195,Métropole Nice Côte d'Azur (06),false,"{06006,06009,06011,06013,06020,06021,06025,06027,06032,06033,06034,06039,06042,06046,06054,06055,06059,06060,06064,06065,06066,06072,06073,06074,06075,06080,06088,06102,06103,06109,06110,06111,06114,06117,06119,06120,06121,06122,06123,06126,06127,06129,06144,06146,06147,06149,06151,06153,06156,06157,06159}",ME,2026-03-24 14:41:49.581307+01,gold_establishments_2025,,,,20003019500115,2025,Collectivité Territoriale,Intercommunalité,['Alpes-Maritimes'],"[""Provence-Alpes-Côte d'Azur""]",METRO,{06},{93}
989190bd-87e7-40e7-b0dd-71ec05d6cfaf,200023414,Métropole Rouen Normandie (76),false,"{76005,76020,76039,76056,76069,76088,76095,76103,76108,76116,76131,76157,76165,76178,76212,76216,76222,76231,76237,76273,76282,76313,76319,76322,76350,76354,76366,76367,76377,76378,76391,76402,76410,76429,76436,76448,76451,76457,76464,76474,76475,76484,76486,76497,76498,76513,76514,76536,76540,76550,76558,76560,76561,76575,76591,76599,76608,76614,76617,76631,76634,76636,76640,76681,76682,76705,76709,76717,76750,76753,76759}",ME,2026-03-24 14:41:49.581307+01,gold_establishments_2025,,,,20002341400101,2025,Collectivité Territoriale,Intercommunalité,['Seine-Maritime'],['Normandie'],METRO,{76},{28}
f59be320-ae8d-4933-9a86-9170071a0836,248300543,Métropole Toulon-Provence-Méditerranée (83),false,"{83034,83047,83062,83069,83090,83098,83103,83126,83129,83137,83144,83153}",ME,2026-03-24 14:41:51.447482+01,gold_establishments_2025,,,,24830054300217,2025,Collectivité Territoriale,Intercommunalité,['Var'],"[""Provence-Alpes-Côte d'Azur""]",METRO,{83},{93}
4b5bf7dc-9a99-4886-8980-a2904e558823,200054807,Métropole d'Aix-Marseille-Provence (13),false,"{13087,13215,13033,13090,13015,13071,13035,13088,13059,13111,13098,13078,13005,13212,13048,13209,13019,13040,13031,13104,13086,13069,13016,13114,13009,13023,13075,13211,13020,84089,13047,13003,13093,13032,13050,13107,13074,13208,13054,13051,13001,13110,13037,13206,13207,13201,13106,13029,13119,13213,13099,13103,13028,13085,13056,13055,13205,13024,13070,13060,13021,83120,13101,13091,13204,13095,13022,13113,13062,13042,13030,13043,13008,13117,13077,13115,13039,13214,13202,13072,13109,13025,13014,13210,13082,13203,13118,13084,13080,13041,13013,13002,13092,13081,13053,13049,13044,13112,13073,13105,13046,13012,13026,13007,13063,13216,13102,13079}",ME,2026-03-24 14:41:49.581307+01,gold_establishments_2025,,,,20005480700017,2025,Collectivité Territoriale,Intercommunalité,"['Bouches-du-Rhône', 'Var', 'Vaucluse']","[""Provence-Alpes-Côte d'Azur""]",METRO,"{13,83,84}",{93}
ea35080d-d0bc-4d09-8dc2-5d6510a2bc86,200046977,Métropole de Lyon (69),false,"{69069,69044,69386,69260,69259,69199,69273,69116,69387,69194,69385,69271,69085,69191,69149,69275,69081,69063,69204,69266,69389,69143,69290,69088,69096,69388,69202,69091,69163,69153,69100,69205,69278,69087,69029,69286,69117,69072,69250,69142,69283,69033,69293,69233,69089,69003,69296,69123,69244,69382,69127,69284,69256,69276,69034,69292,69068,69381,69071,69168,69282,69384,69383,69040,69046,69279,69207}",ME,2026-03-24 14:41:49.581307+01,gold_establishments_2025,,,,20004697700019,2025,Collectivité Territoriale,Intercommunalité,['Rhône'],['Auvergne-Rhône-Alpes'],METRO,{69},{84}
679ee7d5-1cfa-49d6-a80d-a86918b46094,245400676,Métropole du Grand Nancy (54),false,"{54025,54165,54184,54197,54257,54265,54274,54300,54304,54328,54339,54357,54395,54439,54482,54495,54498,54526,54547,54578}",ME,2026-03-24 14:41:51.447482+01,gold_establishments_2025,,,,24540067600012,2025,Collectivité Territoriale,Intercommunalité,['Meurthe-et-Moselle'],['Grand Est'],METRO,{54},{44}
24c7563e-0211-41eb-a5ef-b94d9aabaf69,200054781,Métropole du Grand Paris (75),false,"{75108,92024,93027,94069,92047,94002,92063,94054,94037,94004,92026,75105,94060,93078,94015,92022,92019,92007,94076,92048,92035,94033,93073,93070,91479,94075,92076,92064,92049,94011,94001,93047,75107,93057,94022,91027,75109,75120,94078,94018,94042,94047,94053,93061,75119,94052,93055,92073,75102,92040,93072,92075,93010,93046,94065,93032,94041,93064,93049,93031,94055,94038,93001,94074,93005,92009,75112,93015,92060,75113,93071,92014,75056,92032,94046,93050,75110,93033,94016,93007,93074,94067,75104,94080,92071,92020,93029,92046,94071,94068,92033,94059,93006,92077,93062,92036,75116,92072,91326,94021,93013,75115,94019,75117,94043,93079,94044,92062,94079,93014,92051,91687,75103,93066,94028,92025,75118,93063,92078,93048,94070,93051,92002,95018,94048,93039,92023,92044,94017,94003,94056,92050,75101,92012,75114,94081,93045,75111,75106,94034,93077,93030,93008,93053,94077,92004,94058,91432,91589,94073}",ME,2026-03-24 14:41:49.581307+01,gold_establishments_2025,,,,20005478100022,2025,Collectivité Territoriale,Intercommunalité,"['Paris', 'Essonne', 'Hauts-de-Seine', 'Seine-Saint-Denis', 'Val-de-Marne', ""Val-d'Oise""]",['Île-de-France'],METRO,"{75,91,92,93,94,95}",{11}
b5514765-f551-4180-9d05-08c37387f9e0,244400404,Nantes Métropole (44),false,"{44009,44018,44020,44024,44026,44035,44047,44074,44094,44101,44109,44114,44120,44143,44150,44162,44166,44171,44172,44190,44194,44198,44204,44215}",ME,2026-03-24 14:41:51.447482+01,gold_establishments_2025,,,,24440040400129,2025,Collectivité Territoriale,Intercommunalité,['Loire-Atlantique'],['Pays de la Loire'],METRO,{44},{52}
034724eb-3941-47d6-8827-0985c8477eec,244500468,Orléans Métropole (45),false,"{45034,45043,45072,45075,45089,45100,45147,45169,45194,45197,45232,45234,45235,45272,45274,45282,45284,45285,45286,45298,45302,45308}",ME,2026-03-24 14:41:51.447482+01,gold_establishments_2025,,,,24450046800040,2025,Collectivité Territoriale,Intercommunalité,['Loiret'],['Centre-Val de Loire'],METRO,{45},{24}
ccf0b182-dec7-46ee-96c3-da7e551be477,200086197,PETR du Piémont des Vosges,false,"{67557,67481,67031,67045,67223,67051,67155,67060,67368,67337,67299,67329,67125,67227,67387,67248,67210,67120,67348,67428,67410,67189,67504,67010,67167,67032,67021,67052,67286,67429,67164,67295,67084,67411,67172}",PETR,2023-04-20 15:27:52.527296+02,seed,,,,,,,,,,,,
846d1df4-5736-4cce-bdf4-44048230b697,217500107,Paris 10e Arrondissement,false,{75110},"",2026-03-24 14:42:08.818969+01,gold_establishments_2025,,,,21750010700016,2025,Collectivité Territoriale,Arrondissement,['Paris'],['Île-de-France'],ARR,{75},{11}
866ec0e7-27bf-4c0f-9da8-d999a7c10b7c,217500115,Paris 11e Arrondissement,false,{75111},"",2026-03-24 14:42:08.818969+01,gold_establishments_2025,,,,21750011500019,2025,Collectivité Territoriale,Arrondissement,['Paris'],['Île-de-France'],ARR,{75},{11}
b0be1025-8745-44e0-ba4b-b064624b76bf,217500123,Paris 12e Arrondissement,false,{75112},"",2026-03-24 14:42:08.818969+01,gold_establishments_2025,,,,21750012300013,2025,Collectivité Territoriale,Arrondissement,['Paris'],['Île-de-France'],ARR,{75},{11}
ee59f560-0ec5-4843-9123-58b36e8dce06,217500131,Paris 13e Arrondissement,false,{75113},"",2026-03-24 14:42:08.818969+01,gold_establishments_2025,,,,21750013100016,2025,Collectivité Territoriale,Arrondissement,['Paris'],['Île-de-France'],ARR,{75},{11}
5fc0a4aa-872e-44fb-899c-c30426296375,217500149,Paris 14e Arrondissement,false,{75114},"",2026-03-24 14:42:08.818969+01,gold_establishments_2025,,,,21750014900018,2025,Collectivité Territoriale,Arrondissement,['Paris'],['Île-de-France'],ARR,{75},{11}
0b31c017-c1ea-4dc3-8fff-be70d01b05a7,217500156,Paris 15e Arrondissement,false,{75115},"",2026-03-24 14:42:08.818969+01,gold_establishments_2025,,,,21750015600013,2025,Collectivité Territoriale,Arrondissement,['Paris'],['Île-de-France'],ARR,{75},{11}
3c4ccdb5-4cdc-4849-b777-41c096358c13,217500164,Paris 16e Arrondissement,false,{75116},"",2026-03-24 14:42:08.818969+01,gold_establishments_2025,,,,21750016400017,2025,Collectivité Territoriale,Arrondissement,['Paris'],['Île-de-France'],ARR,{75},{11}
0f735731-6132-4772-a343-8429c684ba99,217500172,Paris 17e Arrondissement,false,{75117},"",2026-03-24 14:42:08.818969+01,gold_establishments_2025,,,,21750017200010,2025,Collectivité Territoriale,Arrondissement,['Paris'],['Île-de-France'],ARR,{75},{11}
6fed9fc0-c156-46a2-9ad8-57b4abb5817d,217500180,Paris 18e Arrondissement,false,{75118},"",2026-03-24 14:42:08.818969+01,gold_establishments_2025,,,,21750018000013,2025,Collectivité Territoriale,Arrondissement,['Paris'],['Île-de-France'],ARR,{75},{11}
effb8cb0-25ff-48b2-abe8-641a6990f26a,217500198,Paris 19e Arrondissement,false,{75119},"",2026-03-24 14:42:08.818969+01,gold_establishments_2025,,,,21750019800015,2025,Collectivité Territoriale,Arrondissement,['Paris'],['Île-de-France'],ARR,{75},{11}
ee1b0846-fa12-42a3-93d5-d28896954cae,217500206,Paris 20e Arrondissement,false,{75120},"",2026-03-24 14:42:08.818969+01,gold_establishments_2025,,,,21750020600016,2025,Collectivité Territoriale,Arrondissement,['Paris'],['Île-de-France'],ARR,{75},{11}
564dacba-79cf-49cc-bbe7-76482e0c986b,217500024,Paris 2e Arrondissement,false,{75102},"",2026-03-24 14:42:08.818969+01,gold_establishments_2025,,,,21750002400013,2025,Collectivité Territoriale,Arrondissement,['Paris'],['Île-de-France'],ARR,{75},{11}
251ddb6f-8f73-4ef4-9474-0f18c2832d8d,217500032,Paris 3e Arrondissement,false,{75103},"",2026-03-24 14:42:08.818969+01,gold_establishments_2025,,,,21750003200016,2025,Collectivité Territoriale,Arrondissement,['Paris'],['Île-de-France'],ARR,{75},{11}
271eea3d-1ce7-4bb9-a0d3-2c72dfdf64e2,217500040,Paris 4e Arrondissement,false,{75104},"",2026-03-24 14:42:08.818969+01,gold_establishments_2025,,,,21750004000019,2025,Collectivité Territoriale,Arrondissement,['Paris'],['Île-de-France'],ARR,{75},{11}
57efc587-07a9-48c9-a498-0435d486f94a,217500057,Paris 5e Arrondissement,false,{75105},"",2026-03-24 14:42:08.818969+01,gold_establishments_2025,,,,21750005700013,2025,Collectivité Territoriale,Arrondissement,['Paris'],['Île-de-France'],ARR,{75},{11}
ee71d412-5789-43d8-a11a-afc920a57ff6,217500065,Paris 6e Arrondissement,false,{75106},"",2026-03-24 14:42:08.818969+01,gold_establishments_2025,,,,21750006500016,2025,Collectivité Territoriale,Arrondissement,['Paris'],['Île-de-France'],ARR,{75},{11}
1fc327c2-bba9-47b5-a06c-dfa7b85488d6,217500073,Paris 7e Arrondissement,false,{75107},"",2026-03-24 14:42:08.818969+01,gold_establishments_2025,,,,21750007300010,2025,Collectivité Territoriale,Arrondissement,['Paris'],['Île-de-France'],ARR,{75},{11}
137378ad-68f8-4574-8b44-74c70802692b,217500081,Paris 8e Arrondissement,false,{75108},"",2026-03-24 14:42:08.818969+01,gold_establishments_2025,,,,21750008100013,2025,Collectivité Territoriale,Arrondissement,['Paris'],['Île-de-France'],ARR,{75},{11}
8c5ddfdf-731f-484d-b7e8-8e7db2fdc118,217500099,Paris 9e Arrondissement,false,{75109},"",2026-03-24 14:42:08.818969+01,gold_establishments_2025,,,,21750009900015,2025,Collectivité Territoriale,Arrondissement,['Paris'],['Île-de-France'],ARR,{75},{11}
b2d64bc5-a34b-4d01-b07e-130e3ffbb4db,200012490,Province Sud,false,{},"",2026-03-24 14:41:32.274366+01,gold_establishments_2025,,,,20001249000013,2025,Autre Collectivité Territoriale,Hybride,['Nouvelle-Calédonie'],[],ACT,{988},
61520871-19cf-4676-a5e5-a9da8f2ece66,200012979,Province des Iles,false,{},"",2026-03-24 14:41:32.274366+01,gold_establishments_2025,,,,20001297900015,2025,Autre Collectivité Territoriale,Hybride,['Nouvelle-Calédonie'],[],ACT,{988},
54ee98a8-5dbf-46f3-91f7-f8d3a191d2f5,200012656,Province du Nord,false,{},"",2026-03-24 14:41:32.274366+01,gold_establishments_2025,,,,20001265600019,2025,Autre Collectivité Territoriale,Hybride,['Nouvelle-Calédonie'],[],ACT,{988},
8a322c26-c9a3-4bed-97d9-26fea93c80b3,170100010,Préfecture Ain,false,"{01001,01002,01004,01005,01006,01007,01008,01009,01010,01011,01012,01013,01014,01015,01016,01017,01019,01021,01022,01023,01024,01025,01026,01027,01028,01029,01030,01031,01032,01033,01034,01035,01036,01037,01038,01040,01041,01042,01043,01044,01045,01046,01047,01049,01050,01051,01052,01053,01054,01056,01057,01058,01060,01061,01062,01063,01064,01065,01066,01067,01068,01069,01071,01072,01073,01074,01075,01076,01077,01078,01079,01080,01081,01082,01083,01084,01085,01087,01088,01089,01090,01092,01093,01094,01095,01096,01098,01099,01100,01101,01102,01103,01104,01105,01106,01107,01108,01109,01110,01111,01112,01113,01114,01115,01116,01117,01118,01121,01123,01124,01125,01127,01128,01129,01130,01133,01134,01135,01136,01138,01139,01140,01141,01142,01143,01145,01146,01147,01148,01149,01150,01151,01152,01153,01155,01156,01157,01158,01159,01160,01162,01163,01165,01166,01167,01169,01170,01171,01173,01174,01175,01177,01179,01180,01181,01183,01184,01185,01187,01188,01189,01190,01191,01192,01193,01194,01195,01196,01197,01198,01199,01200,01202,01203,01204,01206,01207,01208,01209,01210,01211,01212,01213,01214,01215,01216,01219,01224,01225,01227,01228,01229,01230,01231,01232,01233,01234,01235,01236,01237,01238,01239,01240,01241,01242,01243,01244,01245,01246,01247,01248,01249,01250,01252,01254,01255,01257,01258,01259,01260,01261,01262,01263,01264,01265,01266,01267,01268,01269,01272,01273,01274,01275,01276,01277,01279,01280,01281,01282,01283,01284,01285,01286,01288,01289,01290,01291,01293,01294,01295,01296,01297,01298,01299,01301,01302,01303,01304,01305,01306,01307,01308,01309,01310,01311,01313,01314,01317,01318,01319,01320,01321,01322,01323,01325,01328,01329,01331,01332,01333,01334,01335,01336,01337,01338,01339,01342,01343,01344,01345,01346,01347,01348,01349,01350,01351,01352,01353,01354,01355,01356,01357,01358,01359,01360,01361,01362,01363,01364,01365,01366,01367,01368,01369,01370,01371,01372,01373,01374,01375,01376,01378,01379,01380,01381,01382,01383,01384,01385,01386,01387,01388,01389,01390,01391,01392,01393,01396,01397,01398,01399,01400,01401,01402,01403,01404,01405,01406,01407,01408,01410,01411,01412,01415,01416,01418,01419,01420,01421,01422,01423,01424,01425,01426,01427,01428,01429,01430,01431,01432,01433,01434,01435,01436,01437,01439,01441,01443,01444,01445,01446,01447,01448,01449,01450,01451,01452,01453,01454,01456,01457}",SDED,2026-03-24 14:41:32.274366+01,gold_establishments_2025,,,,17010001000017,2025,Services de l'Etat,Département,['Ain'],['Auvergne-Rhône-Alpes'],PREFECTURE,{01},{84}
7edfd334-3351-45f2-a97e-58a52fa7c57e,170200018,Préfecture Aisne,false,"{02001,02002,02003,02004,02005,02006,02007,02008,02009,02010,02011,02012,02013,02014,02015,02016,02017,02018,02019,02020,02021,02022,02023,02024,02025,02027,02028,02029,02030,02031,02032,02033,02034,02035,02036,02037,02038,02039,02040,02041,02042,02043,02044,02046,02047,02048,02049,02050,02051,02052,02053,02054,02055,02056,02057,02058,02059,02060,02061,02062,02063,02064,02065,02066,02067,02068,02069,02070,02071,02072,02073,02074,02075,02076,02078,02079,02080,02081,02082,02083,02084,02085,02086,02087,02088,02089,02090,02091,02093,02094,02095,02096,02097,02098,02099,02100,02101,02102,02103,02104,02105,02106,02107,02108,02109,02110,02111,02112,02114,02115,02116,02117,02118,02119,02120,02121,02122,02123,02124,02125,02126,02127,02128,02129,02130,02131,02132,02133,02134,02135,02136,02137,02138,02139,02140,02141,02142,02143,02144,02145,02146,02148,02149,02150,02151,02152,02153,02154,02155,02156,02157,02158,02159,02160,02162,02163,02164,02165,02166,02167,02168,02169,02170,02171,02172,02173,02174,02175,02176,02177,02178,02179,02180,02181,02182,02183,02184,02185,02186,02187,02188,02189,02190,02191,02192,02193,02194,02195,02196,02197,02198,02199,02200,02201,02203,02204,02205,02206,02207,02208,02209,02210,02211,02212,02213,02214,02215,02216,02217,02218,02219,02220,02221,02222,02223,02224,02225,02226,02227,02228,02229,02230,02231,02232,02233,02234,02235,02236,02237,02238,02239,02240,02241,02242,02243,02244,02245,02246,02248,02249,02250,02251,02252,02253,02254,02255,02256,02257,02258,02259,02260,02261,02262,02263,02264,02265,02266,02267,02268,02269,02270,02271,02272,02273,02274,02275,02276,02277,02278,02279,02280,02281,02282,02283,02284,02286,02287,02288,02289,02290,02291,02292,02293,02294,02295,02296,02297,02298,02299,02302,02303,02304,02305,02306,02307,02308,02309,02310,02312,02313,02315,02316,02317,02318,02319,02320,02321,02322,02323,02324,02326,02327,02328,02329,02330,02331,02332,02333,02334,02335,02336,02337,02338,02339,02340,02341,02342,02343,02345,02346,02347,02349,02350,02351,02352,02353,02354,02355,02356,02357,02358,02359,02360,02361,02362,02363,02364,02366,02367,02368,02369,02370,02371,02372,02373,02374,02375,02376,02377,02378,02379,02380,02381,02382,02383,02384,02385,02386,02387,02388,02389,02390,02391,02392,02393,02395,02396,02397,02398,02399,02400,02401,02402,02403,02404,02405,02406,02407,02408,02409,02410,02411,02412,02413,02414,02415,02416,02417,02418,02419,02420,02421,02422,02423,02424,02425,02426,02427,02428,02429,02430,02431,02432,02433,02435,02438,02439,02440,02441,02442,02443,02444,02445,02446,02447,02448,02449,02450,02451,02452,02453,02454,02455,02456,02457,02458,02459,02460,02461,02462,02463,02464,02465,02466,02467,02468,02469,02470,02471,02472,02473,02474,02476,02477,02478,02480,02481,02482,02483,02484,02485,02486,02487,02488,02489,02490,02491,02492,02493,02494,02495,02496,02497,02498,02499,02500,02501,02502,02503,02504,02505,02506,02507,02508,02509,02510,02511,02512,02513,02514,02515,02516,02517,02518,02519,02520,02521,02522,02523,02524,02525,02526,02527,02528,02529,02530,02531,02532,02533,02534,02535,02536,02537,02538,02539,02540,02541,02542,02543,02544,02545,02546,02547,02548,02549,02550,02551,02552,02553,02554,02555,02556,02557,02558,02559,02560,02561,02562,02563,02564,02565,02566,02567,02568,02569,02570,02571,02572,02573,02574,02575,02576,02577,02578,02579,02580,02581,02582,02583,02584,02585,02586,02587,02588,02589,02590,02591,02592,02593,02594,02595,02596,02598,02599,02600,02601,02602,02604,02605,02606,02607,02608,02609,02610,02612,02613,02614,02615,02616,02617,02618,02619,02620,02621,02622,02623,02624,02625,02626,02627,02628,02629,02631,02632,02633,02634,02635,02636,02637,02638,02639,02640,02641,02642,02643,02644,02645,02647,02648,02649,02650,02651,02652,02653,02654,02655,02656,02657,02658,02659,02660,02661,02662,02663,02664,02665,02666,02667,02668,02670,02671,02672,02673,02674,02675,02676,02677,02678,02679,02680,02681,02682,02683,02684,02685,02686,02687,02688,02689,02690,02691,02693,02694,02696,02697,02698,02699,02701,02702,02703,02704,02705,02706,02707,02708,02709,02710,02711,02712,02713,02714,02715,02716,02717,02718,02719,02720,02721,02722,02723,02724,02725,02726,02727,02728,02729,02730,02731,02732,02734,02735,02736,02737,02738,02739,02740,02741,02742,02743,02744,02745,02746,02747,02748,02749,02750,02751,02752,02753,02754,02755,02756,02757,02758,02759,02760,02761,02762,02763,02764,02765,02766,02767,02768,02769,02770,02772,02773,02774,02775,02776,02777,02778,02779,02780,02781,02782,02783,02784,02785,02786,02787,02788,02789,02790,02791,02792,02793,02794,02795,02796,02797,02798,02799,02800,02801,02802,02803,02804,02805,02806,02807,02808,02809,02810,02812,02813,02814,02815,02816,02817,02818,02819,02820,02821,02822,02823,02824,02826,02827,02828,02829,02830,02831,02832,02833,02834}",SDED,2026-03-24 14:41:32.274366+01,gold_establishments_2025,,,,17020001800019,2025,Services de l'Etat,Département,['Aisne'],['Hauts-de-France'],PREFECTURE,{02},{32}
ad7996ab-8479-42a8-93f0-915a1b7c50ad,170300016,Préfecture Allier,false,"{03001,03002,03003,03004,03005,03006,03007,03008,03009,03010,03011,03012,03013,03014,03015,03016,03017,03018,03019,03020,03021,03022,03023,03024,03025,03026,03027,03028,03029,03030,03031,03032,03033,03034,03035,03036,03037,03038,03039,03040,03041,03042,03043,03044,03045,03046,03047,03048,03049,03050,03051,03052,03053,03054,03055,03056,03057,03058,03059,03060,03061,03062,03063,03064,03065,03066,03067,03068,03069,03070,03071,03072,03073,03074,03075,03076,03077,03078,03079,03080,03081,03082,03083,03084,03085,03086,03087,03088,03089,03090,03091,03092,03093,03094,03095,03096,03097,03098,03099,03100,03101,03102,03103,03104,03105,03106,03107,03108,03109,03110,03111,03112,03113,03114,03115,03116,03117,03118,03119,03120,03121,03122,03124,03125,03126,03127,03128,03129,03130,03131,03132,03133,03134,03135,03136,03137,03138,03139,03140,03141,03142,03143,03144,03145,03146,03147,03148,03149,03150,03151,03152,03154,03155,03156,03157,03158,03159,03160,03161,03162,03163,03164,03165,03166,03167,03168,03169,03170,03171,03172,03173,03174,03175,03176,03177,03178,03179,03180,03181,03182,03183,03184,03185,03186,03187,03188,03189,03190,03191,03192,03193,03194,03195,03196,03197,03198,03200,03201,03202,03203,03204,03205,03206,03207,03208,03209,03210,03211,03212,03213,03214,03215,03216,03217,03218,03219,03220,03221,03222,03223,03224,03225,03226,03227,03228,03229,03230,03231,03232,03233,03234,03235,03236,03237,03238,03239,03240,03241,03242,03243,03244,03245,03246,03247,03248,03249,03250,03251,03252,03253,03254,03255,03256,03257,03258,03259,03260,03261,03262,03263,03264,03265,03266,03267,03268,03269,03270,03271,03272,03273,03274,03275,03276,03277,03278,03279,03280,03281,03282,03283,03284,03285,03286,03287,03288,03289,03290,03291,03292,03293,03294,03295,03296,03297,03298,03299,03300,03301,03302,03303,03304,03305,03306,03307,03308,03309,03310,03311,03312,03313,03314,03315,03316,03317,03319,03320,03321}",SDED,2026-03-24 14:41:32.274366+01,gold_establishments_2025,,,,17030001600012,2025,Services de l'Etat,Département,['Allier'],['Auvergne-Rhône-Alpes'],PREFECTURE,{03},{84}
625b002f-0f98-49d5-9dc2-fe7ed4ec9df3,170600019,Préfecture Alpes-Maritimes,false,"{06001,06002,06003,06004,06005,06006,06007,06008,06009,06010,06011,06012,06013,06014,06015,06016,06017,06018,06019,06020,06021,06022,06023,06024,06025,06026,06027,06028,06029,06030,06031,06032,06033,06034,06035,06036,06037,06038,06039,06040,06041,06042,06043,06044,06045,06046,06047,06048,06049,06050,06051,06052,06053,06054,06055,06056,06057,06058,06059,06060,06061,06062,06063,06064,06065,06066,06067,06068,06069,06070,06071,06072,06073,06074,06075,06076,06077,06078,06079,06080,06081,06082,06083,06084,06085,06086,06087,06088,06089,06090,06091,06092,06093,06094,06095,06096,06097,06098,06099,06100,06101,06102,06103,06104,06105,06106,06107,06108,06109,06110,06111,06112,06113,06114,06115,06116,06117,06118,06119,06120,06121,06122,06123,06124,06125,06126,06127,06128,06129,06130,06131,06132,06133,06134,06135,06136,06137,06138,06139,06140,06141,06142,06143,06144,06145,06146,06147,06148,06149,06150,06151,06152,06153,06154,06155,06156,06157,06158,06159,06160,06161,06162,06163}",SDED,2026-03-24 14:41:32.274366+01,gold_establishments_2025,,,,17060001900013,2025,Services de l'Etat,Département,['Alpes-Maritimes'],['Provence-Alpes-Côte dAzur'],PREFECTURE,{06},{93}
c9730ed2-b78a-4ca8-8e5e-78945d8e1dd6,170400014,Préfecture Alpes-de-Haute-Provence,false,"{04001,04004,04005,04006,04007,04008,04009,04012,04013,04016,04017,04018,04019,04020,04021,04022,04023,04024,04025,04026,04027,04028,04030,04031,04032,04033,04034,04035,04036,04037,04039,04040,04041,04042,04043,04045,04046,04047,04049,04050,04051,04053,04054,04055,04057,04058,04059,04061,04062,04063,04065,04066,04067,04068,04069,04070,04072,04073,04074,04075,04076,04077,04079,04081,04084,04085,04086,04087,04088,04090,04091,04092,04093,04094,04095,04096,04097,04099,04101,04102,04104,04106,04107,04108,04109,04110,04111,04112,04113,04115,04116,04118,04120,04121,04122,04123,04124,04126,04127,04128,04129,04130,04132,04133,04134,04135,04136,04137,04138,04139,04140,04141,04142,04143,04144,04145,04148,04149,04150,04151,04152,04154,04155,04156,04157,04158,04159,04160,04161,04162,04163,04164,04166,04167,04169,04170,04171,04172,04173,04174,04175,04176,04177,04178,04179,04180,04181,04182,04183,04184,04186,04187,04188,04189,04190,04191,04192,04193,04194,04195,04197,04199,04200,04201,04202,04203,04204,04205,04206,04207,04208,04209,04210,04211,04214,04216,04217,04218,04219,04220,04222,04224,04226,04227,04228,04229,04230,04231,04233,04234,04235,04236,04237,04240,04241,04242,04244,04245}",SDED,2026-03-24 14:41:32.274366+01,gold_establishments_2025,,,,17040001400016,2025,Services de l'Etat,Département,['Alpes-de-Haute-Provence'],['Provence-Alpes-Côte dAzur'],PREFECTURE,{04},{93}
10872493-4c2b-4daa-abf7-2748bb8277e9,170800015,Préfecture Ardennes,false,"{08001,08003,08004,08005,08006,08008,08010,08011,08013,08014,08015,08016,08017,08018,08019,08020,08021,08022,08023,08024,08025,08026,08027,08028,08029,08030,08031,08032,08033,08034,08035,08036,08037,08038,08039,08040,08041,08043,08044,08045,08046,08047,08048,08049,08052,08053,08055,08056,08057,08058,08059,08060,08061,08062,08063,08064,08065,08066,08067,08069,08070,08071,08073,08074,08075,08076,08077,08078,08080,08081,08082,08083,08084,08085,08086,08087,08088,08089,08090,08092,08094,08095,08096,08097,08098,08099,08100,08101,08102,08103,08104,08105,08106,08107,08109,08110,08111,08113,08115,08116,08117,08119,08120,08121,08122,08123,08124,08125,08126,08128,08130,08131,08132,08133,08134,08135,08136,08137,08138,08139,08140,08141,08142,08143,08144,08145,08146,08147,08148,08149,08150,08151,08153,08154,08155,08156,08158,08159,08160,08161,08162,08163,08164,08165,08166,08167,08168,08169,08170,08171,08172,08173,08174,08175,08176,08178,08179,08180,08182,08183,08184,08185,08186,08187,08188,08189,08190,08191,08192,08193,08194,08195,08196,08197,08198,08199,08200,08201,08202,08203,08204,08205,08206,08207,08208,08209,08210,08211,08212,08214,08215,08216,08217,08218,08219,08220,08222,08223,08225,08226,08228,08229,08230,08232,08233,08234,08235,08236,08237,08238,08239,08240,08242,08243,08244,08245,08246,08247,08248,08249,08250,08251,08252,08254,08255,08256,08257,08259,08260,08262,08263,08264,08268,08269,08271,08272,08273,08274,08275,08276,08277,08278,08279,08280,08281,08282,08283,08284,08286,08287,08288,08289,08291,08293,08295,08296,08297,08298,08301,08302,08303,08304,08305,08306,08307,08308,08309,08310,08311,08312,08313,08314,08315,08316,08317,08318,08319,08320,08321,08322,08323,08324,08325,08326,08327,08328,08329,08330,08331,08332,08333,08334,08335,08336,08338,08339,08340,08341,08342,08343,08344,08346,08347,08348,08349,08350,08351,08352,08353,08354,08355,08356,08357,08358,08360,08361,08362,08363,08364,08365,08366,08367,08368,08369,08370,08372,08373,08374,08375,08376,08377,08378,08379,08380,08381,08382,08383,08384,08385,08386,08387,08388,08389,08390,08391,08392,08393,08394,08395,08396,08397,08398,08399,08400,08401,08402,08403,08404,08405,08406,08407,08408,08409,08410,08411,08412,08413,08415,08416,08417,08418,08419,08420,08421,08422,08424,08425,08426,08427,08428,08429,08430,08431,08432,08433,08434,08435,08436,08437,08438,08439,08440,08444,08445,08446,08448,08449,08450,08451,08452,08453,08454,08455,08456,08457,08458,08459,08460,08461,08462,08463,08464,08465,08466,08467,08468,08469,08470,08471,08472,08473,08476,08477,08478,08479,08480,08481,08482,08483,08484,08485,08486,08487,08488,08489,08490,08491,08492,08494,08496,08497,08498,08499,08500,08501,08502,08503}",SDED,2026-03-24 14:41:32.274366+01,gold_establishments_2025,,,,17080001500019,2025,Services de l'Etat,Département,['Ardennes'],['Grand Est'],PREFECTURE,{08},{44}
5d22bae3-5c09-458d-8e33-15e60941cd60,170700017,Préfecture Ardèche,false,"{07001,07002,07003,07004,07005,07006,07007,07008,07009,07010,07011,07012,07013,07014,07015,07017,07018,07019,07020,07022,07023,07024,07025,07026,07027,07028,07029,07030,07031,07032,07033,07034,07035,07036,07037,07038,07039,07040,07041,07042,07044,07045,07047,07048,07049,07050,07051,07052,07053,07054,07055,07056,07058,07059,07060,07061,07062,07063,07064,07065,07066,07067,07068,07069,07070,07071,07072,07073,07074,07075,07076,07077,07078,07079,07080,07081,07082,07083,07084,07085,07086,07087,07088,07089,07090,07091,07092,07093,07094,07095,07096,07097,07098,07099,07100,07101,07102,07103,07104,07105,07106,07107,07108,07109,07110,07111,07112,07113,07114,07115,07116,07117,07118,07119,07120,07121,07122,07123,07124,07126,07127,07128,07129,07130,07131,07132,07133,07134,07136,07137,07138,07139,07140,07141,07142,07143,07144,07145,07146,07147,07148,07149,07150,07151,07152,07153,07154,07155,07156,07157,07158,07159,07160,07161,07162,07163,07165,07166,07167,07168,07169,07170,07171,07172,07173,07174,07175,07176,07177,07178,07179,07181,07182,07183,07184,07185,07186,07187,07188,07189,07190,07191,07192,07193,07194,07195,07196,07197,07198,07199,07200,07201,07202,07203,07204,07205,07206,07207,07208,07209,07210,07211,07212,07213,07214,07215,07216,07217,07218,07219,07220,07221,07222,07223,07224,07225,07226,07227,07228,07229,07230,07231,07232,07233,07234,07235,07236,07237,07238,07239,07240,07241,07242,07243,07244,07245,07247,07248,07249,07250,07251,07253,07254,07255,07257,07258,07259,07260,07261,07262,07263,07264,07265,07266,07267,07268,07269,07270,07272,07273,07274,07275,07276,07277,07278,07279,07280,07281,07282,07283,07284,07285,07286,07287,07288,07289,07290,07291,07292,07293,07294,07295,07296,07297,07298,07299,07300,07301,07302,07303,07304,07305,07306,07307,07308,07309,07310,07311,07312,07313,07314,07315,07316,07317,07318,07319,07321,07322,07323,07324,07325,07326,07327,07328,07329,07330,07331,07332,07333,07334,07335,07336,07337,07338,07339,07340,07341,07342,07343,07344,07345,07346,07347,07348,07349}",SDED,2026-03-24 14:41:32.274366+01,gold_establishments_2025,,,,17070001700016,2025,Services de l'Etat,Département,['Ardèche'],['Auvergne-Rhône-Alpes'],PREFECTURE,{07},{84}
3758f0fd-bb4a-4470-90e6-ab668322e009,170900013,Préfecture Ariège,false,"{09001,09002,09003,09004,09005,09006,09007,09008,09009,09011,09012,09013,09014,09015,09016,09017,09018,09019,09020,09021,09022,09023,09024,09025,09026,09027,09029,09030,09031,09032,09033,09034,09035,09037,09038,09039,09040,09041,09042,09043,09044,09045,09046,09047,09048,09049,09050,09051,09052,09053,09054,09055,09056,09057,09058,09059,09060,09061,09062,09063,09064,09065,09066,09067,09068,09069,09070,09071,09072,09073,09074,09075,09076,09077,09078,09079,09080,09081,09082,09083,09084,09085,09086,09087,09088,09089,09090,09091,09092,09093,09094,09095,09096,09097,09098,09099,09100,09101,09102,09103,09104,09105,09106,09107,09108,09109,09110,09111,09113,09114,09115,09116,09117,09118,09119,09120,09121,09122,09123,09124,09125,09126,09127,09128,09129,09130,09131,09132,09133,09134,09136,09137,09138,09139,09140,09141,09142,09143,09145,09146,09147,09148,09149,09150,09151,09152,09153,09154,09155,09156,09157,09158,09159,09160,09161,09162,09163,09164,09165,09166,09167,09168,09169,09170,09171,09172,09173,09174,09175,09176,09177,09178,09179,09180,09181,09182,09183,09184,09185,09186,09187,09188,09189,09190,09192,09193,09194,09195,09196,09197,09198,09199,09200,09201,09202,09203,09204,09205,09206,09207,09208,09209,09210,09211,09212,09213,09214,09215,09216,09217,09218,09219,09220,09221,09222,09223,09224,09225,09226,09227,09228,09229,09230,09231,09232,09233,09234,09235,09236,09237,09238,09239,09240,09241,09242,09243,09244,09245,09246,09247,09249,09250,09251,09252,09253,09254,09256,09257,09258,09259,09260,09261,09262,09263,09264,09265,09266,09267,09268,09269,09270,09271,09272,09273,09274,09275,09276,09277,09279,09280,09281,09282,09283,09284,09285,09289,09290,09291,09292,09293,09294,09295,09296,09297,09298,09299,09300,09301,09303,09304,09305,09306,09307,09308,09309,09310,09311,09312,09313,09314,09315,09316,09318,09319,09320,09321,09322,09323,09324,09325,09326,09327,09328,09329,09330,09331,09332,09334,09335,09336,09338,09339,09340,09341,09342}",SDED,2026-03-24 14:41:32.274366+01,gold_establishments_2025,,,,17090001300013,2025,Services de l'Etat,Département,['Ariège'],['Occitanie'],PREFECTURE,{09},{76}
779e031d-8bfb-431d-aef7-2f76ef0c3934,171000011,Préfecture Aube,false,"{10002,10003,10004,10005,10006,10007,10008,10009,10010,10011,10012,10013,10014,10015,10017,10018,10019,10020,10021,10022,10023,10024,10025,10026,10027,10028,10029,10030,10031,10032,10033,10034,10035,10037,10038,10039,10040,10041,10042,10043,10044,10045,10046,10047,10048,10049,10050,10051,10052,10053,10054,10055,10056,10057,10058,10059,10060,10061,10062,10063,10064,10065,10066,10067,10068,10069,10070,10071,10072,10073,10074,10075,10076,10077,10078,10079,10080,10081,10082,10083,10084,10085,10086,10087,10089,10090,10091,10092,10093,10094,10095,10096,10097,10098,10099,10100,10101,10102,10103,10104,10105,10106,10107,10108,10109,10110,10111,10112,10113,10114,10115,10116,10117,10118,10119,10120,10121,10122,10123,10124,10125,10126,10127,10128,10129,10130,10131,10132,10133,10134,10135,10136,10137,10138,10139,10140,10141,10142,10143,10144,10145,10146,10147,10148,10149,10150,10151,10153,10154,10155,10156,10157,10158,10159,10160,10161,10162,10163,10164,10165,10166,10167,10168,10169,10170,10171,10172,10173,10174,10175,10176,10177,10178,10179,10180,10181,10182,10183,10184,10185,10186,10187,10188,10189,10190,10191,10192,10193,10194,10195,10196,10197,10198,10199,10200,10201,10202,10203,10204,10205,10206,10207,10208,10209,10210,10211,10212,10213,10214,10215,10216,10217,10218,10219,10220,10221,10222,10223,10224,10225,10226,10227,10228,10229,10230,10231,10232,10233,10234,10235,10236,10237,10238,10239,10240,10241,10242,10243,10245,10246,10247,10248,10249,10250,10251,10252,10253,10254,10255,10256,10257,10258,10259,10260,10261,10262,10263,10264,10265,10266,10267,10268,10269,10270,10271,10272,10273,10274,10275,10276,10278,10279,10280,10281,10282,10283,10284,10285,10286,10287,10288,10289,10290,10291,10293,10294,10295,10296,10297,10298,10299,10300,10301,10302,10303,10304,10305,10306,10307,10308,10309,10310,10312,10313,10314,10315,10316,10317,10318,10319,10320,10321,10323,10324,10325,10326,10327,10328,10329,10330,10331,10332,10333,10334,10335,10336,10337,10338,10339,10340,10341,10342,10343,10344,10345,10346,10347,10348,10349,10350,10351,10352,10353,10354,10355,10356,10357,10358,10359,10360,10361,10362,10363,10364,10365,10366,10367,10368,10369,10370,10371,10372,10373,10374,10375,10376,10377,10378,10379,10380,10381,10382,10383,10384,10386,10387,10388,10389,10390,10391,10392,10393,10394,10395,10396,10397,10398,10399,10400,10401,10402,10403,10404,10405,10406,10408,10409,10410,10411,10412,10414,10416,10417,10418,10419,10420,10421,10422,10423,10424,10425,10426,10427,10428,10429,10430,10431,10432,10433,10434,10435,10436,10437,10438,10439,10440,10441,10442,10443,10444,10445}",SDED,2026-03-24 14:41:32.274366+01,gold_establishments_2025,,,,17100001100014,2025,Services de l'Etat,Département,['Aube'],['Grand Est'],PREFECTURE,{10},{44}
62ee1344-3b70-49f8-9bf1-0b94d3707787,171100019,Préfecture Aude,false,"{11001,11002,11003,11004,11005,11006,11007,11008,11009,11010,11011,11012,11013,11014,11015,11016,11017,11018,11019,11020,11021,11022,11023,11024,11025,11026,11027,11028,11029,11030,11031,11032,11033,11034,11035,11036,11037,11038,11039,11040,11041,11042,11043,11044,11045,11046,11047,11048,11049,11051,11052,11053,11054,11055,11056,11057,11058,11059,11060,11061,11062,11063,11064,11065,11066,11067,11068,11069,11070,11071,11072,11073,11074,11075,11076,11077,11078,11079,11080,11081,11082,11083,11084,11085,11086,11087,11088,11089,11090,11091,11092,11093,11094,11095,11096,11098,11099,11100,11101,11102,11103,11104,11105,11106,11107,11108,11109,11110,11111,11112,11113,11114,11115,11116,11117,11118,11119,11120,11121,11122,11123,11124,11125,11126,11127,11128,11129,11130,11131,11132,11133,11134,11135,11136,11137,11138,11139,11140,11141,11142,11143,11144,11145,11146,11147,11148,11149,11150,11151,11152,11153,11154,11155,11156,11157,11158,11159,11160,11161,11162,11163,11164,11165,11166,11167,11168,11169,11170,11172,11173,11174,11175,11176,11177,11178,11179,11180,11181,11182,11183,11184,11185,11186,11187,11188,11189,11190,11191,11192,11193,11194,11195,11196,11197,11198,11199,11200,11201,11202,11203,11204,11205,11206,11207,11208,11209,11210,11211,11212,11213,11214,11215,11216,11217,11218,11219,11220,11221,11222,11223,11224,11225,11226,11227,11228,11229,11230,11231,11232,11233,11234,11235,11236,11238,11239,11240,11241,11242,11243,11244,11245,11246,11247,11248,11249,11250,11251,11252,11253,11254,11255,11256,11257,11258,11259,11260,11261,11262,11263,11264,11265,11266,11267,11268,11269,11270,11271,11272,11273,11274,11275,11276,11277,11278,11279,11280,11281,11282,11283,11284,11285,11286,11287,11288,11289,11290,11291,11292,11293,11294,11295,11296,11297,11299,11300,11301,11302,11303,11304,11305,11306,11307,11308,11309,11310,11311,11312,11313,11314,11315,11316,11317,11318,11319,11320,11321,11322,11323,11324,11325,11326,11327,11328,11330,11331,11332,11333,11334,11335,11336,11337,11338,11339,11340,11341,11342,11343,11344,11345,11346,11347,11348,11350,11351,11352,11353,11354,11355,11356,11357,11358,11359,11360,11361,11362,11363,11364,11365,11366,11367,11368,11369,11370,11371,11372,11373,11374,11375,11376,11377,11378,11379,11380,11381,11382,11383,11384,11385,11386,11387,11388,11389,11390,11391,11392,11393,11394,11395,11396,11397,11398,11399,11400,11401,11402,11404,11405,11406,11407,11408,11409,11410,11411,11412,11413,11414,11415,11416,11417,11418,11419,11420,11421,11422,11423,11424,11425,11426,11427,11428,11429,11430,11431,11432,11433,11434,11435,11436,11437,11438,11439,11440,11441}",SDED,2026-03-24 14:41:32.274366+01,gold_establishments_2025,,,,17110001900016,2025,Services de l'Etat,Département,['Aude'],['Occitanie'],PREFECTURE,{11},{76}
199ed90f-31b7-417f-8cd0-758d8267e203,176900009,Préfecture Auvergne-Rhône-Alpes,false,"{01001,01002,01004,01005,01006,01007,01008,01009,01010,01011,01012,01013,01014,01015,01016,01017,01019,01021,01022,01023,01024,01025,01026,01027,01028,01029,01030,01031,01032,01033,01034,01035,01036,01037,01038,01040,01041,01042,01043,01044,01045,01046,01047,01049,01050,01051,01052,01053,01054,01056,01057,01058,01060,01061,01062,01063,01064,01065,01066,01067,01068,01069,01071,01072,01073,01074,01075,01076,01077,01078,01079,01080,01081,01082,01083,01084,01085,01087,01088,01089,01090,01092,01093,01094,01095,01096,01098,01099,01100,01101,01102,01103,01104,01105,01106,01107,01108,01109,01110,01111,01112,01113,01114,01115,01116,01117,01118,01121,01123,01124,01125,01127,01128,01129,01130,01133,01134,01135,01136,01138,01139,01140,01141,01142,01143,01145,01146,01147,01148,01149,01150,01151,01152,01153,01155,01156,01157,01158,01159,01160,01162,01163,01165,01166,01167,01169,01170,01171,01173,01174,01175,01177,01179,01180,01181,01183,01184,01185,01187,01188,01189,01190,01191,01192,01193,01194,01195,01196,01197,01198,01199,01200,01202,01203,01204,01206,01207,01208,01209,01210,01211,01212,01213,01214,01215,01216,01219,01224,01225,01227,01228,01229,01230,01231,01232,01233,01234,01235,01236,01237,01238,01239,01240,01241,01242,01243,01244,01245,01246,01247,01248,01249,01250,01252,01254,01255,01257,01258,01259,01260,01261,01262,01263,01264,01265,01266,01267,01268,01269,01272,01273,01274,01275,01276,01277,01279,01280,01281,01282,01283,01284,01285,01286,01288,01289,01290,01291,01293,01294,01295,01296,01297,01298,01299,01301,01302,01303,01304,01305,01306,01307,01308,01309,01310,01311,01313,01314,01317,01318,01319,01320,01321,01322,01323,01325,01328,01329,01331,01332,01333,01334,01335,01336,01337,01338,01339,01342,01343,01344,01345,01346,01347,01348,01349,01350,01351,01352,01353,01354,01355,01356,01357,01358,01359,01360,01361,01362,01363,01364,01365,01366,01367,01368,01369,01370,01371,01372,01373,01374,01375,01376,01378,01379,01380,01381,01382,01383,01384,01385,01386,01387,01388,01389,01390,01391,01392,01393,01396,01397,01398,01399,01400,01401,01402,01403,01404,01405,01406,01407,01408,01410,01411,01412,01415,01416,01418,01419,01420,01421,01422,01423,01424,01425,01426,01427,01428,01429,01430,01431,01432,01433,01434,01435,01436,01437,01439,01441,01443,01444,01445,01446,01447,01448,01449,01450,01451,01452,01453,01454,01456,01457,03001,03002,03003,03004,03005,03006,03007,03008,03009,03010,03011,03012,03013,03014,03015,03016,03017,03018,03019,03020,03021,03022,03023,03024,03025,03026,03027,03028,03029,03030,03031,03032,03033,03034,03035,03036,03037,03038,03039,03040,03041,03042,03043,03044,03045,03046,03047,03048,03049,03050,03051,03052,03053,03054,03055,03056,03057,03058,03059,03060,03061,03062,03063,03064,03065,03066,03067,03068,03069,03070,03071,03072,03073,03074,03075,03076,03077,03078,03079,03080,03081,03082,03083,03084,03085,03086,03087,03088,03089,03090,03091,03092,03093,03094,03095,03096,03097,03098,03099,03100,03101,03102,03103,03104,03105,03106,03107,03108,03109,03110,03111,03112,03113,03114,03115,03116,03117,03118,03119,03120,03121,03122,03124,03125,03126,03127,03128,03129,03130,03131,03132,03133,03134,03135,03136,03137,03138,03139,03140,03141,03142,03143,03144,03145,03146,03147,03148,03149,03150,03151,03152,03154,03155,03156,03157,03158,03159,03160,03161,03162,03163,03164,03165,03166,03167,03168,03169,03170,03171,03172,03173,03174,03175,03176,03177,03178,03179,03180,03181,03182,03183,03184,03185,03186,03187,03188,03189,03190,03191,03192,03193,03194,03195,03196,03197,03198,03200,03201,03202,03203,03204,03205,03206,03207,03208,03209,03210,03211,03212,03213,03214,03215,03216,03217,03218,03219,03220,03221,03222,03223,03224,03225,03226,03227,03228,03229,03230,03231,03232,03233,03234,03235,03236,03237,03238,03239,03240,03241,03242,03243,03244,03245,03246,03247,03248,03249,03250,03251,03252,03253,03254,03255,03256,03257,03258,03259,03260,03261,03262,03263,03264,03265,03266,03267,03268,03269,03270,03271,03272,03273,03274,03275,03276,03277,03278,03279,03280,03281,03282,03283,03284,03285,03286,03287,03288,03289,03290,03291,03292,03293,03294,03295,03296,03297,03298,03299,03300,03301,03302,03303,03304,03305,03306,03307,03308,03309,03310,03311,03312,03313,03314,03315,03316,03317,03319,03320,03321,07001,07002,07003,07004,07005,07006,07007,07008,07009,07010,07011,07012,07013,07014,07015,07017,07018,07019,07020,07022,07023,07024,07025,07026,07027,07028,07029,07030,07031,07032,07033,07034,07035,07036,07037,07038,07039,07040,07041,07042,07044,07045,07047,07048,07049,07050,07051,07052,07053,07054,07055,07056,07058,07059,07060,07061,07062,07063,07064,07065,07066,07067,07068,07069,07070,07071,07072,07073,07074,07075,07076,07077,07078,07079,07080,07081,07082,07083,07084,07085,07086,07087,07088,07089,07090,07091,07092,07093,07094,07095,07096,07097,07098,07099,07100,07101,07102,07103,07104,07105,07106,07107,07108,07109,07110,07111,07112,07113,07114,07115,07116,07117,07118,07119,07120,07121,07122,07123,07124,07126,07127,07128,07129,07130,07131,07132,07133,07134,07136,07137,07138,07139,07140,07141,07142,07143,07144,07145,07146,07147,07148,07149,07150,07151,07152,07153,07154,07155,07156,07157,07158,07159,07160,07161,07162,07163,07165,07166,07167,07168,07169,07170,07171,07172,07173,07174,07175,07176,07177,07178,07179,07181,07182,07183,07184,07185,07186,07187,07188,07189,07190,07191,07192,07193,07194,07195,07196,07197,07198,07199,07200,07201,07202,07203,07204,07205,07206,07207,07208,07209,07210,07211,07212,07213,07214,07215,07216,07217,07218,07219,07220,07221,07222,07223,07224,07225,07226,07227,07228,07229,07230,07231,07232,07233,07234,07235,07236,07237,07238,07239,07240,07241,07242,07243,07244,07245,07247,07248,07249,07250,07251,07253,07254,07255,07257,07258,07259,07260,07261,07262,07263,07264,07265,07266,07267,07268,07269,07270,07272,07273,07274,07275,07276,07277,07278,07279,07280,07281,07282,07283,07284,07285,07286,07287,07288,07289,07290,07291,07292,07293,07294,07295,07296,07297,07298,07299,07300,07301,07302,07303,07304,07305,07306,07307,07308,07309,07310,07311,07312,07313,07314,07315,07316,07317,07318,07319,07321,07322,07323,07324,07325,07326,07327,07328,07329,07330,07331,07332,07333,07334,07335,07336,07337,07338,07339,07340,07341,07342,07343,07344,07345,07346,07347,07348,07349,15001,15002,15003,15004,15005,15006,15007,15008,15009,15010,15011,15012,15013,15014,15015,15016,15017,15018,15019,15020,15021,15022,15024,15025,15026,15027,15028,15029,15030,15032,15033,15034,15036,15037,15038,15040,15041,15042,15043,15045,15046,15048,15049,15050,15051,15052,15053,15054,15055,15056,15057,15058,15059,15060,15061,15063,15064,15065,15066,15067,15069,15070,15072,15073,15074,15075,15076,15077,15078,15079,15080,15081,15082,15083,15084,15085,15086,15087,15088,15089,15090,15091,15092,15093,15094,15095,15096,15097,15098,15100,15101,15102,15103,15104,15105,15106,15107,15108,15110,15111,15112,15113,15114,15116,15117,15118,15119,15120,15121,15122,15123,15124,15125,15126,15127,15128,15129,15130,15131,15132,15133,15134,15135,15137,15138,15139,15140,15141,15142,15143,15144,15146,15147,15148,15149,15151,15152,15153,15154,15155,15156,15157,15158,15159,15160,15161,15162,15163,15164,15165,15166,15167,15168,15169,15170,15172,15173,15174,15175,15176,15178,15179,15180,15181,15182,15183,15184,15185,15186,15187,15188,15189,15190,15191,15192,15194,15196,15198,15199,15200,15201,15202,15203,15204,15205,15206,15207,15208,15209,15211,15212,15213,15214,15215,15216,15217,15218,15219,15220,15221,15222,15223,15224,15225,15226,15228,15229,15230,15231,15232,15233,15234,15235,15236,15237,15238,15240,15241,15242,15243,15244,15245,15246,15247,15248,15249,15250,15251,15252,15253,15254,15255,15256,15257,15258,15259,15260,15261,15262,15263,15264,15265,15266,15267,15268,15269,26001,26002,26003,26004,26005,26006,26007,26008,26009,26010,26011,26012,26013,26014,26015,26016,26017,26018,26019,26020,26021,26022,26023,26024,26025,26026,26027,26028,26030,26031,26032,26033,26034,26035,26036,26037,26038,26039,26040,26041,26042,26043,26045,26046,26047,26048,26049,26050,26051,26052,26054,26055,26056,26057,26058,26059,26060,26061,26062,26063,26064,26065,26066,26067,26068,26069,26070,26071,26072,26073,26074,26075,26076,26077,26078,26079,26080,26081,26082,26083,26084,26085,26086,26087,26088,26089,26090,26091,26092,26093,26094,26095,26096,26097,26098,26099,26100,26101,26102,26103,26104,26105,26106,26107,26108,26110,26111,26112,26113,26114,26115,26116,26117,26118,26119,26121,26122,26123,26124,26125,26126,26127,26128,26129,26130,26131,26133,26134,26135,26136,26137,26138,26139,26140,26141,26142,26143,26144,26145,26146,26147,26148,26149,26150,26152,26153,26154,26155,26156,26157,26159,26160,26161,26162,26163,26164,26165,26166,26167,26168,26169,26170,26171,26172,26173,26174,26175,26176,26177,26178,26179,26180,26181,26182,26183,26185,26186,26188,26189,26190,26191,26192,26193,26194,26195,26196,26197,26198,26199,26200,26201,26202,26203,26204,26205,26206,26207,26208,26209,26210,26211,26212,26213,26214,26215,26216,26217,26218,26220,26221,26222,26223,26224,26225,26226,26227,26228,26229,26231,26232,26233,26234,26235,26236,26238,26239,26240,26241,26242,26243,26244,26245,26246,26247,26248,26249,26250,26251,26252,26253,26254,26255,26256,26257,26258,26259,26261,26262,26263,26264,26266,26267,26268,26269,26270,26271,26272,26273,26274,26275,26276,26277,26278,26279,26281,26282,26283,26284,26285,26286,26287,26288,26289,26290,26291,26292,26293,26294,26295,26296,26298,26299,26300,26301,26302,26303,26304,26305,26306,26307,26308,26309,26310,26311,26312,26313,26314,26315,26316,26317,26318,26319,26320,26321,26322,26323,26324,26325,26326,26327,26328,26329,26330,26331,26332,26333,26334,26335,26336,26337,26338,26339,26340,26341,26342,26343,26344,26345,26346,26347,26348,26349,26350,26351,26352,26353,26355,26356,26357,26358,26359,26360,26361,26362,26363,26364,26365,26367,26368,26369,26370,26372,26373,26374,26375,26376,26377,26378,26379,26380,26381,26382,38001,38002,38003,38004,38005,38006,38008,38009,38010,38011,38012,38013,38015,38017,38018,38019,38020,38022,38023,38026,38027,38029,38030,38031,38032,38033,38034,38035,38036,38037,38038,38039,38040,38041,38042,38043,38044,38045,38046,38047,38048,38049,38050,38051,38052,38053,38054,38055,38056,38057,38058,38059,38060,38061,38062,38063,38064,38065,38066,38067,38068,38069,38070,38071,38072,38073,38074,38075,38076,38077,38078,38080,38081,38082,38083,38084,38085,38086,38087,38089,38090,38091,38092,38093,38094,38095,38097,38098,38099,38100,38101,38102,38103,38104,38105,38106,38107,38108,38109,38110,38111,38112,38113,38114,38115,38116,38117,38118,38120,38124,38126,38127,38128,38129,38130,38131,38132,38133,38134,38135,38136,38137,38138,38139,38140,38141,38144,38146,38147,38148,38149,38150,38151,38152,38153,38154,38155,38156,38157,38158,38159,38160,38161,38162,38163,38166,38167,38169,38170,38171,38172,38173,38174,38175,38176,38177,38179,38180,38181,38182,38183,38184,38185,38186,38187,38188,38189,38190,38191,38192,38193,38194,38195,38197,38198,38199,38200,38203,38204,38205,38206,38207,38208,38209,38210,38211,38212,38213,38214,38215,38216,38217,38218,38219,38221,38222,38223,38224,38225,38226,38228,38229,38230,38231,38232,38235,38236,38237,38238,38239,38240,38241,38242,38243,38244,38245,38246,38247,38248,38249,38250,38252,38253,38254,38255,38256,38257,38258,38259,38260,38261,38263,38264,38265,38266,38267,38268,38269,38270,38271,38272,38273,38275,38276,38277,38278,38279,38280,38281,38282,38283,38284,38285,38286,38287,38288,38289,38290,38291,38292,38294,38295,38296,38297,38298,38299,38300,38301,38303,38304,38307,38308,38309,38310,38311,38313,38314,38315,38316,38317,38318,38319,38320,38321,38322,38323,38324,38325,38326,38328,38329,38330,38331,38332,38333,38334,38335,38336,38337,38338,38339,38340,38341,38342,38343,38344,38345,38346,38347,38348,38349,38350,38351,38352,38353,38354,38355,38356,38357,38358,38359,38360,38361,38362,38363,38364,38365,38366,38368,38369,38370,38372,38373,38374,38375,38376,38377,38378,38379,38380,38381,38382,38383,38384,38386,38387,38388,38389,38390,38391,38392,38393,38394,38395,38396,38397,38398,38399,38400,38401,38402,38403,38404,38405,38406,38407,38408,38409,38410,38412,38413,38414,38415,38416,38417,38418,38419,38420,38421,38422,38423,38424,38425,38426,38427,38428,38429,38430,38431,38432,38433,38434,38436,38437,38438,38439,38440,38442,38443,38444,38445,38446,38448,38449,38450,38451,38452,38453,38454,38455,38456,38457,38458,38459,38460,38462,38463,38464,38465,38466,38467,38468,38469,38470,38471,38472,38473,38474,38475,38476,38478,38479,38480,38481,38483,38484,38485,38486,38487,38488,38489,38490,38492,38494,38495,38496,38497,38498,38499,38500,38501,38503,38504,38505,38507,38508,38509,38511,38512,38513,38514,38515,38516,38517,38518,38519,38520,38521,38522,38523,38524,38525,38526,38527,38528,38529,38530,38531,38532,38533,38535,38536,38537,38538,38539,38540,38542,38543,38544,38545,38546,38547,38548,38549,38550,38551,38552,38553,38554,38555,38556,38557,38558,38559,38560,38561,38562,38563,38564,38565,38566,38567,42001,42002,42003,42005,42006,42007,42008,42009,42010,42011,42012,42013,42014,42015,42016,42017,42018,42019,42020,42021,42022,42023,42025,42026,42027,42028,42029,42030,42031,42032,42033,42034,42035,42036,42037,42038,42039,42040,42041,42042,42043,42044,42045,42046,42047,42048,42049,42050,42051,42052,42053,42054,42055,42056,42058,42059,42060,42061,42062,42063,42064,42065,42066,42067,42068,42069,42070,42071,42073,42074,42075,42076,42077,42078,42079,42081,42083,42084,42085,42086,42087,42088,42089,42090,42091,42092,42093,42094,42095,42096,42097,42098,42099,42100,42101,42102,42103,42104,42105,42106,42107,42108,42110,42112,42113,42115,42116,42117,42118,42119,42120,42121,42122,42123,42124,42125,42126,42127,42128,42129,42130,42131,42132,42133,42134,42135,42136,42137,42138,42139,42140,42141,42142,42143,42145,42146,42147,42148,42149,42150,42151,42152,42153,42154,42155,42156,42157,42158,42159,42160,42161,42162,42163,42164,42165,42166,42167,42168,42169,42170,42171,42172,42173,42174,42175,42176,42177,42178,42179,42180,42181,42182,42183,42184,42185,42186,42187,42188,42189,42191,42192,42193,42194,42195,42196,42197,42198,42199,42200,42201,42202,42203,42204,42205,42206,42207,42208,42209,42210,42211,42212,42213,42214,42215,42216,42217,42218,42219,42220,42221,42222,42223,42224,42225,42226,42227,42228,42229,42230,42231,42232,42233,42234,42235,42236,42237,42238,42239,42240,42241,42242,42243,42245,42246,42247,42248,42249,42251,42253,42254,42255,42256,42257,42259,42260,42261,42262,42264,42265,42266,42267,42268,42269,42270,42271,42272,42273,42274,42275,42276,42277,42278,42279,42280,42281,42282,42283,42284,42285,42286,42287,42288,42289,42290,42293,42294,42295,42296,42297,42298,42299,42300,42301,42302,42303,42304,42305,42306,42307,42308,42310,42311,42312,42313,42314,42315,42316,42317,42318,42319,42320,42321,42322,42323,42324,42325,42326,42327,42328,42329,42330,42331,42332,42333,42334,42335,42336,42337,42338,42339,43001,43002,43003,43004,43005,43006,43007,43008,43009,43010,43011,43012,43013,43014,43015,43016,43017,43018,43019,43020,43021,43022,43023,43024,43025,43026,43027,43028,43029,43030,43031,43032,43033,43034,43035,43036,43037,43038,43039,43040,43041,43042,43043,43044,43045,43046,43047,43048,43049,43050,43051,43052,43053,43054,43055,43056,43057,43058,43059,43060,43061,43062,43063,43064,43065,43066,43067,43068,43069,43070,43071,43072,43073,43074,43075,43076,43077,43078,43079,43080,43082,43083,43084,43085,43086,43087,43088,43089,43090,43091,43092,43093,43094,43095,43096,43097,43098,43099,43100,43101,43102,43103,43104,43105,43106,43107,43108,43109,43110,43111,43112,43113,43114,43115,43116,43117,43118,43119,43120,43121,43122,43123,43124,43125,43126,43127,43128,43129,43130,43131,43132,43133,43134,43135,43136,43137,43138,43139,43140,43141,43142,43143,43144,43145,43147,43148,43149,43150,43151,43152,43153,43154,43155,43156,43157,43158,43159,43160,43162,43163,43164,43165,43166,43167,43168,43169,43170,43171,43172,43173,43174,43175,43177,43178,43180,43181,43182,43183,43184,43185,43186,43187,43188,43189,43190,43191,43192,43193,43194,43195,43196,43197,43198,43199,43200,43201,43202,43203,43204,43205,43206,43207,43208,43210,43211,43212,43213,43214,43215,43216,43217,43218,43219,43220,43221,43222,43223,43224,43225,43226,43227,43228,43229,43230,43231,43232,43233,43234,43236,43237,43238,43239,43240,43241,43242,43244,43245,43246,43247,43249,43250,43251,43252,43253,43254,43256,43257,43258,43259,43260,43261,43262,43263,43264,43265,43267,43268,63001,63002,63003,63004,63005,63006,63007,63008,63009,63010,63011,63012,63013,63014,63015,63016,63017,63019,63020,63021,63022,63023,63024,63025,63026,63027,63028,63029,63030,63031,63032,63033,63034,63035,63036,63037,63038,63039,63040,63041,63042,63043,63044,63045,63046,63047,63048,63049,63050,63051,63052,63053,63054,63055,63056,63057,63058,63059,63060,63061,63062,63063,63064,63065,63066,63067,63069,63070,63071,63072,63073,63074,63075,63076,63077,63079,63080,63081,63082,63083,63084,63085,63086,63087,63088,63089,63090,63091,63092,63093,63094,63095,63096,63097,63098,63099,63100,63101,63102,63103,63104,63105,63106,63107,63108,63109,63110,63111,63112,63113,63114,63115,63116,63117,63118,63119,63120,63121,63122,63123,63124,63125,63126,63128,63129,63130,63131,63132,63134,63135,63136,63137,63138,63139,63140,63141,63142,63143,63144,63145,63146,63147,63148,63149,63150,63151,63152,63153,63154,63155,63156,63157,63158,63159,63160,63161,63162,63163,63164,63165,63166,63167,63168,63169,63170,63171,63172,63173,63174,63175,63176,63177,63178,63179,63180,63181,63182,63183,63184,63185,63186,63187,63188,63189,63190,63191,63192,63193,63194,63195,63196,63197,63198,63199,63200,63201,63202,63203,63204,63205,63206,63207,63208,63209,63210,63211,63212,63213,63214,63215,63216,63218,63219,63220,63221,63222,63223,63224,63225,63226,63227,63228,63229,63230,63231,63232,63233,63234,63235,63236,63237,63238,63239,63240,63241,63242,63243,63244,63245,63246,63247,63248,63249,63250,63251,63252,63253,63254,63255,63256,63257,63258,63259,63260,63261,63262,63263,63264,63265,63267,63268,63269,63270,63271,63272,63273,63274,63275,63276,63277,63278,63279,63280,63281,63282,63283,63284,63285,63286,63287,63288,63289,63290,63291,63292,63293,63294,63295,63296,63297,63298,63299,63300,63301,63302,63303,63304,63305,63306,63307,63308,63309,63310,63311,63312,63313,63314,63315,63317,63318,63319,63320,63321,63322,63323,63324,63325,63326,63327,63328,63329,63331,63332,63333,63334,63335,63336,63337,63338,63339,63340,63341,63342,63343,63344,63345,63346,63347,63348,63349,63350,63351,63352,63353,63354,63355,63356,63357,63358,63359,63360,63362,63363,63364,63365,63366,63367,63368,63369,63370,63371,63372,63373,63374,63375,63376,63377,63378,63379,63380,63381,63382,63383,63384,63385,63386,63387,63388,63389,63390,63391,63392,63393,63394,63395,63396,63397,63398,63399,63400,63401,63402,63403,63404,63405,63406,63407,63408,63409,63410,63411,63412,63413,63414,63415,63416,63417,63418,63419,63420,63421,63422,63423,63424,63425,63426,63427,63428,63429,63430,63431,63432,63433,63434,63435,63436,63437,63438,63439,63440,63441,63442,63443,63444,63445,63446,63447,63448,63449,63450,63451,63452,63453,63454,63455,63456,63457,63458,63459,63460,63461,63462,63463,63464,63465,63466,63467,63468,63469,63470,63471,63472,63473,69001,69002,69003,69004,69005,69006,69007,69008,69009,69010,69012,69013,69014,69016,69017,69018,69019,69020,69021,69022,69023,69024,69026,69027,69028,69029,69030,69031,69032,69033,69034,69035,69036,69037,69038,69039,69040,69042,69043,69044,69045,69046,69047,69049,69050,69051,69052,69053,69054,69055,69056,69057,69058,69059,69060,69061,69062,69063,69064,69065,69066,69067,69068,69069,69070,69071,69072,69074,69075,69076,69077,69078,69080,69081,69082,69083,69084,69085,69086,69087,69088,69089,69090,69091,69092,69093,69094,69095,69096,69097,69098,69099,69100,69102,69103,69104,69105,69106,69107,69108,69109,69110,69111,69112,69113,69115,69116,69117,69118,69119,69120,69121,69122,69123,69124,69125,69126,69127,69130,69131,69132,69133,69134,69135,69136,69137,69138,69139,69140,69141,69142,69143,69145,69148,69149,69151,69153,69154,69155,69156,69157,69160,69161,69162,69163,69164,69165,69166,69167,69168,69169,69170,69171,69172,69173,69174,69175,69176,69177,69178,69179,69180,69181,69182,69183,69184,69186,69187,69188,69189,69190,69191,69192,69193,69194,69196,69197,69198,69199,69200,69201,69202,69203,69204,69205,69206,69207,69208,69209,69212,69214,69215,69216,69217,69218,69219,69220,69225,69227,69228,69229,69230,69231,69233,69234,69235,69236,69238,69239,69240,69241,69242,69243,69244,69245,69246,69248,69249,69250,69252,69253,69254,69255,69256,69257,69258,69259,69260,69261,69263,69264,69265,69266,69267,69268,69269,69270,69271,69272,69273,69275,69276,69277,69278,69279,69280,69281,69282,69283,69284,69285,69286,69287,69288,69289,69290,69291,69292,69293,69294,69295,69296,69297,69298,69299,69381,69382,69383,69384,69385,69386,69387,69388,69389,73001,73003,73004,73005,73006,73007,73008,73010,73011,73012,73013,73014,73015,73017,73018,73019,73020,73021,73022,73023,73024,73025,73026,73027,73028,73029,73030,73031,73032,73033,73034,73036,73039,73040,73041,73042,73043,73047,73048,73049,73050,73051,73052,73053,73054,73055,73057,73058,73059,73061,73063,73064,73065,73067,73068,73069,73070,73071,73072,73073,73074,73075,73076,73077,73078,73079,73081,73082,73083,73084,73085,73086,73087,73088,73089,73090,73091,73092,73094,73095,73096,73097,73098,73099,73100,73101,73103,73104,73105,73106,73107,73109,73110,73113,73114,73116,73117,73119,73120,73121,73122,73123,73124,73128,73129,73130,73131,73132,73133,73135,73137,73138,73139,73140,73141,73142,73145,73146,73147,73149,73150,73151,73152,73153,73154,73155,73156,73157,73159,73160,73161,73162,73164,73166,73168,73170,73171,73173,73175,73176,73177,73178,73179,73180,73181,73182,73183,73184,73186,73187,73188,73189,73190,73191,73192,73193,73194,73196,73197,73200,73201,73202,73204,73205,73206,73207,73208,73210,73211,73212,73213,73214,73215,73216,73217,73218,73219,73220,73221,73222,73223,73224,73225,73226,73227,73228,73229,73230,73231,73232,73233,73234,73235,73236,73237,73240,73241,73242,73243,73245,73246,73247,73248,73249,73250,73252,73253,73254,73255,73256,73257,73258,73259,73261,73262,73263,73265,73267,73268,73269,73270,73271,73272,73273,73274,73275,73276,73277,73278,73280,73281,73282,73283,73284,73285,73286,73288,73289,73290,73292,73293,73294,73296,73297,73298,73299,73300,73301,73302,73303,73304,73306,73307,73308,73309,73310,73311,73312,73313,73314,73315,73316,73317,73318,73320,73322,73323,73324,73326,73327,73328,73329,73330,74001,74002,74003,74004,74005,74006,74007,74008,74009,74010,74012,74013,74014,74015,74016,74018,74019,74020,74021,74024,74025,74026,74027,74029,74030,74031,74032,74033,74034,74035,74036,74037,74038,74040,74041,74042,74043,74044,74045,74046,74048,74049,74050,74051,74052,74053,74054,74055,74056,74057,74058,74059,74060,74061,74062,74063,74064,74065,74066,74067,74068,74069,74070,74071,74072,74073,74074,74075,74076,74077,74078,74079,74080,74081,74082,74083,74085,74086,74087,74088,74089,74090,74091,74094,74095,74096,74097,74098,74099,74100,74101,74102,74103,74104,74105,74106,74107,74108,74109,74111,74112,74114,74116,74117,74118,74119,74121,74122,74123,74124,74126,74127,74128,74129,74130,74131,74133,74134,74135,74136,74137,74138,74139,74140,74141,74142,74143,74144,74145,74146,74147,74148,74150,74151,74152,74153,74154,74155,74156,74157,74158,74159,74160,74161,74162,74163,74164,74165,74166,74167,74168,74169,74170,74171,74172,74173,74174,74175,74176,74177,74178,74179,74180,74183,74184,74185,74186,74188,74189,74190,74191,74192,74193,74194,74195,74196,74197,74198,74199,74200,74201,74202,74203,74205,74206,74208,74209,74210,74211,74212,74213,74215,74216,74218,74219,74220,74221,74222,74223,74224,74225,74226,74228,74229,74231,74232,74233,74234,74235,74236,74237,74238,74239,74240,74241,74242,74243,74244,74249,74250,74252,74253,74254,74255,74256,74257,74258,74259,74260,74261,74262,74263,74264,74265,74266,74267,74269,74271,74272,74273,74275,74276,74278,74279,74280,74281,74282,74283,74284,74285,74286,74287,74288,74289,74290,74291,74292,74293,74294,74295,74296,74297,74298,74299,74301,74302,74303,74304,74305,74306,74307,74308,74309,74310,74311,74312,74313,74314,74315}","",2026-03-24 14:41:32.274366+01,gold_establishments_2025,,,,17690000900026,2025,Services de l'Etat,Région,"['Ain', 'Allier', 'Ardèche', 'Cantal', 'Drôme', 'Isère', 'Loire', 'Haute-Loire', 'Puy-de-Dôme', 'Rhô",['Auvergne-Rhône-Alpes'],PREFECTURE,"{01,03,07,15,26,38,42,43,63,69,73,74}",{84}
48c4c81a-8fdd-4dca-b67e-544fb49242b9,171200017,Préfecture Aveyron,false,"{12001,12002,12003,12004,12006,12007,12008,12009,12010,12011,12012,12013,12015,12016,12017,12018,12019,12021,12022,12023,12024,12025,12026,12027,12028,12029,12030,12031,12032,12033,12034,12035,12036,12037,12038,12039,12041,12042,12043,12044,12045,12046,12047,12048,12049,12050,12051,12052,12053,12054,12055,12056,12057,12058,12059,12060,12061,12062,12063,12064,12065,12066,12067,12068,12069,12070,12071,12072,12073,12074,12075,12077,12078,12079,12080,12082,12083,12084,12085,12086,12088,12089,12090,12091,12092,12093,12094,12095,12096,12097,12098,12099,12100,12101,12102,12103,12104,12105,12106,12107,12108,12109,12110,12111,12113,12115,12116,12118,12119,12120,12121,12122,12124,12125,12127,12128,12129,12130,12131,12133,12134,12135,12136,12137,12138,12139,12140,12141,12142,12143,12144,12145,12146,12147,12148,12149,12150,12151,12152,12153,12154,12155,12156,12157,12158,12159,12160,12161,12162,12163,12164,12165,12166,12167,12168,12169,12170,12171,12172,12174,12175,12176,12177,12178,12179,12180,12181,12182,12183,12184,12185,12186,12187,12188,12189,12190,12191,12192,12193,12194,12195,12197,12198,12199,12200,12201,12202,12203,12204,12205,12206,12207,12208,12209,12210,12211,12212,12213,12214,12215,12216,12217,12219,12220,12221,12222,12223,12224,12225,12226,12227,12228,12229,12230,12231,12232,12233,12234,12235,12236,12237,12238,12239,12240,12241,12242,12243,12244,12246,12247,12248,12249,12250,12251,12252,12253,12254,12255,12256,12257,12258,12259,12260,12261,12262,12263,12264,12265,12266,12267,12268,12269,12270,12272,12273,12274,12275,12276,12277,12278,12280,12281,12282,12283,12284,12286,12287,12288,12289,12290,12291,12292,12293,12294,12295,12296,12297,12298,12299,12300,12301,12303,12305,12307}",SDED,2026-03-24 14:41:32.274366+01,gold_establishments_2025,,,,17120001700019,2025,Services de l'Etat,Département,['Aveyron'],['Occitanie'],PREFECTURE,{12},{76}
dd8894c0-48d8-4cc9-99c6-4937e57c68c2,176700011,Préfecture Bas-Rhin,false,"{67001,67002,67003,67004,67005,67006,67008,67009,67010,67011,67012,67013,67016,67017,67018,67019,67020,67021,67022,67023,67025,67026,67027,67028,67029,67030,67031,67032,67033,67034,67035,67036,67037,67038,67039,67040,67043,67044,67045,67046,67047,67048,67049,67050,67051,67052,67053,67054,67055,67056,67057,67058,67059,67060,67061,67062,67063,67065,67066,67067,67068,67069,67070,67071,67072,67073,67074,67075,67076,67077,67078,67079,67080,67081,67082,67083,67084,67085,67086,67087,67088,67089,67090,67091,67092,67093,67094,67095,67096,67097,67098,67099,67100,67101,67102,67103,67104,67105,67106,67107,67108,67109,67110,67111,67112,67113,67115,67116,67117,67118,67119,67120,67121,67122,67123,67124,67125,67126,67127,67128,67129,67130,67131,67132,67133,67134,67135,67136,67137,67138,67139,67140,67141,67142,67143,67144,67145,67146,67147,67148,67149,67150,67151,67152,67153,67154,67155,67156,67159,67160,67161,67162,67163,67164,67165,67166,67167,67168,67169,67172,67173,67174,67176,67177,67178,67179,67180,67181,67182,67183,67184,67185,67186,67187,67188,67189,67190,67191,67192,67194,67195,67196,67197,67198,67199,67200,67201,67202,67203,67204,67205,67206,67208,67209,67210,67212,67213,67214,67215,67216,67217,67218,67220,67221,67222,67223,67225,67226,67227,67228,67229,67230,67231,67232,67233,67234,67235,67236,67237,67238,67239,67240,67241,67242,67244,67245,67246,67247,67248,67249,67250,67252,67253,67254,67255,67256,67257,67258,67259,67260,67261,67263,67264,67265,67266,67267,67268,67269,67270,67271,67272,67273,67274,67275,67276,67277,67278,67279,67280,67281,67282,67283,67285,67286,67287,67288,67289,67290,67291,67292,67293,67295,67296,67298,67299,67300,67301,67302,67303,67304,67305,67306,67307,67308,67309,67310,67311,67312,67313,67314,67315,67317,67319,67320,67321,67322,67324,67325,67326,67327,67328,67329,67330,67331,67333,67334,67335,67336,67337,67338,67339,67340,67341,67342,67343,67344,67345,67346,67347,67348,67349,67350,67351,67352,67353,67354,67355,67356,67358,67359,67360,67361,67362,67363,67364,67365,67366,67367,67368,67369,67370,67371,67372,67373,67375,67377,67378,67379,67380,67381,67382,67383,67384,67385,67386,67387,67388,67389,67391,67392,67394,67395,67396,67397,67398,67400,67401,67403,67404,67405,67406,67407,67408,67409,67410,67411,67412,67413,67414,67415,67416,67417,67418,67420,67421,67422,67423,67424,67425,67426,67427,67428,67429,67430,67432,67433,67434,67435,67436,67437,67438,67440,67441,67442,67443,67444,67445,67446,67447,67448,67449,67450,67451,67452,67453,67454,67455,67456,67458,67459,67460,67461,67462,67463,67464,67465,67466,67467,67468,67470,67471,67472,67473,67474,67475,67476,67477,67478,67479,67480,67481,67482,67483,67484,67485,67486,67487,67488,67489,67490,67491,67492,67493,67494,67495,67497,67498,67499,67500,67501,67502,67503,67504,67505,67506,67507,67508,67509,67510,67511,67513,67514,67515,67516,67517,67519,67520,67521,67522,67523,67524,67525,67526,67527,67528,67529,67530,67531,67532,67534,67535,67536,67537,67538,67539,67540,67541,67542,67543,67544,67545,67546,67547,67548,67550,67551,67552,67553,67554,67555,67556,67557,67558,67559}",SDED,2026-03-24 14:41:32.274366+01,gold_establishments_2025,,,,17670001100016,2025,Services de l'Etat,Département,['Bas-Rhin'],['Grand Est'],PREFECTURE,{67},{44}
c459ee5a-edad-4db0-821a-933d1b0cbdd4,171300015,Préfecture Bouches-du-Rhône,false,"{13001,13002,13003,13004,13005,13006,13007,13008,13009,13010,13011,13012,13013,13014,13015,13016,13017,13018,13019,13020,13021,13022,13023,13024,13025,13026,13027,13028,13029,13030,13031,13032,13033,13034,13035,13036,13037,13038,13039,13040,13041,13042,13043,13044,13045,13046,13047,13048,13049,13050,13051,13052,13053,13054,13055,13056,13057,13058,13059,13060,13061,13062,13063,13064,13065,13066,13067,13068,13069,13070,13071,13072,13073,13074,13075,13076,13077,13078,13079,13080,13081,13082,13083,13084,13085,13086,13087,13088,13089,13090,13091,13092,13093,13094,13095,13096,13097,13098,13099,13100,13101,13102,13103,13104,13105,13106,13107,13108,13109,13110,13111,13112,13113,13114,13115,13116,13117,13118,13119,13201,13202,13203,13204,13205,13206,13207,13208,13209,13210,13211,13212,13213,13214,13215,13216}",SDED,2026-03-24 14:41:32.274366+01,gold_establishments_2025,,,,17130001500012,2025,Services de l'Etat,Département,['Bouches-du-Rhône'],['Provence-Alpes-Côte dAzur'],PREFECTURE,{13},{93}
b83c1e78-c26d-438e-af60-17c0ffbc0217,172100000,Préfecture Bourgogne-Franche-Comté,false,"{21001,21002,21003,21004,21005,21006,21007,21008,21009,21010,21011,21012,21013,21014,21015,21016,21017,21018,21020,21021,21022,21023,21024,21025,21026,21027,21028,21029,21030,21031,21032,21033,21034,21035,21036,21037,21038,21039,21040,21041,21042,21043,21044,21045,21046,21047,21048,21049,21050,21051,21052,21053,21054,21055,21056,21057,21058,21059,21060,21061,21062,21063,21064,21065,21066,21067,21068,21069,21070,21071,21072,21074,21075,21076,21077,21078,21079,21080,21081,21082,21083,21084,21085,21086,21087,21088,21089,21090,21091,21092,21093,21094,21095,21096,21097,21098,21099,21100,21101,21102,21103,21104,21105,21106,21107,21108,21109,21110,21111,21112,21113,21114,21115,21116,21117,21118,21119,21120,21121,21122,21123,21124,21125,21126,21127,21128,21129,21130,21131,21132,21133,21134,21135,21136,21137,21138,21139,21140,21141,21142,21143,21144,21145,21146,21147,21148,21149,21150,21151,21152,21153,21154,21155,21156,21157,21158,21159,21160,21161,21162,21163,21164,21165,21166,21167,21168,21169,21170,21171,21172,21173,21175,21176,21177,21178,21179,21180,21181,21182,21183,21184,21185,21186,21187,21189,21190,21191,21192,21193,21194,21195,21196,21197,21198,21199,21200,21201,21202,21203,21204,21205,21207,21208,21209,21210,21211,21212,21214,21215,21216,21217,21218,21219,21220,21221,21222,21223,21224,21225,21226,21227,21228,21229,21230,21231,21232,21233,21234,21235,21236,21237,21238,21239,21240,21241,21242,21243,21244,21245,21246,21247,21248,21249,21250,21251,21252,21253,21254,21255,21256,21257,21258,21259,21260,21261,21262,21263,21264,21265,21266,21267,21268,21269,21270,21271,21272,21273,21274,21275,21276,21277,21278,21279,21280,21281,21282,21283,21284,21285,21286,21287,21288,21289,21290,21291,21292,21293,21294,21295,21296,21297,21298,21299,21300,21301,21302,21303,21304,21305,21306,21307,21308,21309,21310,21311,21312,21313,21314,21315,21316,21317,21319,21320,21321,21322,21323,21324,21325,21326,21327,21328,21329,21330,21331,21332,21333,21334,21335,21336,21337,21338,21339,21340,21341,21342,21343,21344,21345,21346,21347,21348,21349,21350,21351,21352,21353,21354,21355,21356,21357,21358,21359,21360,21361,21362,21363,21364,21365,21366,21367,21368,21369,21370,21371,21372,21373,21374,21375,21376,21377,21378,21379,21380,21381,21382,21383,21384,21385,21386,21387,21388,21389,21390,21391,21392,21393,21394,21395,21396,21397,21398,21399,21400,21401,21402,21403,21404,21405,21406,21407,21408,21409,21410,21411,21412,21413,21414,21415,21416,21417,21418,21419,21420,21421,21422,21423,21424,21425,21426,21427,21428,21429,21430,21431,21432,21433,21434,21435,21436,21437,21438,21439,21440,21441,21442,21444,21445,21446,21447,21448,21449,21450,21451,21452,21454,21455,21456,21457,21458,21459,21460,21461,21462,21463,21464,21465,21466,21467,21468,21469,21470,21471,21472,21473,21474,21475,21476,21477,21478,21479,21480,21481,21482,21483,21484,21485,21487,21488,21489,21490,21491,21492,21493,21494,21495,21496,21497,21498,21499,21500,21501,21502,21503,21504,21505,21506,21508,21510,21511,21512,21514,21515,21516,21517,21518,21519,21520,21521,21522,21523,21524,21525,21526,21527,21528,21529,21530,21531,21532,21533,21534,21535,21536,21537,21538,21539,21540,21541,21542,21543,21544,21545,21546,21547,21548,21549,21550,21552,21553,21554,21555,21556,21557,21558,21559,21560,21561,21562,21563,21564,21565,21566,21567,21568,21569,21570,21571,21572,21573,21574,21575,21576,21577,21578,21579,21580,21581,21582,21583,21584,21585,21586,21587,21588,21589,21590,21591,21592,21593,21594,21595,21596,21597,21598,21599,21600,21601,21602,21603,21604,21605,21606,21607,21608,21609,21610,21611,21612,21613,21614,21615,21616,21617,21618,21619,21620,21622,21623,21624,21625,21626,21627,21628,21629,21630,21631,21632,21633,21634,21635,21636,21637,21638,21639,21640,21641,21642,21643,21644,21645,21646,21647,21648,21649,21650,21651,21652,21653,21655,21656,21657,21659,21660,21661,21662,21663,21664,21665,21666,21667,21669,21670,21671,21672,21673,21674,21675,21676,21677,21678,21679,21680,21681,21682,21683,21684,21685,21686,21687,21688,21689,21690,21691,21692,21693,21694,21695,21696,21698,21699,21700,21701,21702,21703,21704,21705,21706,21707,21708,21709,21710,21711,21712,21713,21714,21715,21716,21717,25001,25002,25003,25004,25005,25006,25007,25008,25009,25011,25012,25013,25014,25015,25016,25017,25018,25019,25020,25021,25022,25024,25025,25026,25029,25030,25031,25032,25033,25035,25036,25038,25039,25040,25041,25042,25043,25044,25045,25046,25047,25048,25049,25050,25051,25052,25053,25054,25055,25056,25057,25058,25059,25060,25061,25062,25063,25065,25066,25067,25070,25071,25072,25073,25074,25075,25077,25078,25079,25082,25083,25084,25085,25086,25087,25088,25089,25090,25091,25092,25093,25094,25095,25096,25097,25098,25099,25100,25101,25102,25103,25104,25105,25106,25107,25108,25109,25110,25111,25112,25113,25114,25115,25116,25117,25119,25120,25121,25122,25124,25125,25126,25127,25129,25130,25131,25132,25133,25136,25138,25139,25141,25142,25143,25145,25147,25148,25149,25150,25151,25152,25153,25154,25155,25156,25157,25159,25160,25161,25162,25163,25164,25166,25170,25171,25172,25173,25174,25175,25176,25177,25178,25179,25180,25181,25182,25183,25184,25185,25186,25187,25188,25189,25190,25191,25192,25193,25194,25195,25196,25197,25198,25199,25200,25201,25202,25203,25204,25207,25208,25209,25210,25211,25212,25213,25214,25215,25216,25217,25218,25219,25220,25221,25222,25223,25224,25225,25226,25227,25228,25229,25230,25231,25232,25233,25234,25235,25236,25237,25238,25239,25240,25241,25242,25243,25244,25245,25246,25247,25248,25249,25251,25252,25253,25254,25255,25256,25257,25258,25259,25261,25262,25263,25264,25265,25266,25267,25268,25269,25270,25271,25273,25274,25275,25276,25277,25278,25279,25280,25281,25283,25284,25285,25286,25287,25288,25289,25290,25293,25295,25296,25298,25299,25300,25301,25304,25305,25306,25307,25308,25309,25310,25311,25312,25313,25314,25315,25316,25317,25318,25320,25321,25322,25323,25324,25325,25326,25327,25328,25329,25330,25331,25332,25333,25334,25335,25336,25338,25339,25340,25341,25342,25343,25344,25345,25346,25348,25349,25350,25351,25354,25355,25356,25357,25359,25360,25361,25362,25364,25365,25366,25367,25368,25369,25370,25371,25372,25373,25374,25375,25376,25377,25378,25379,25380,25381,25382,25383,25384,25385,25386,25387,25388,25389,25390,25391,25392,25393,25394,25395,25397,25400,25401,25402,25403,25404,25405,25406,25408,25410,25411,25413,25414,25415,25416,25417,25418,25419,25420,25421,25422,25424,25425,25426,25427,25428,25429,25430,25431,25432,25433,25434,25435,25436,25437,25438,25439,25440,25441,25442,25443,25444,25445,25446,25447,25448,25449,25450,25451,25452,25453,25454,25455,25456,25457,25458,25459,25460,25461,25462,25463,25464,25465,25466,25467,25468,25469,25470,25471,25472,25473,25474,25475,25476,25477,25478,25479,25481,25482,25483,25485,25486,25487,25488,25489,25490,25491,25492,25493,25494,25495,25496,25497,25498,25499,25500,25501,25502,25503,25504,25505,25506,25507,25508,25510,25511,25512,25513,25514,25515,25516,25517,25518,25519,25520,25521,25522,25523,25524,25525,25526,25527,25528,25529,25532,25534,25535,25536,25537,25538,25539,25540,25541,25542,25544,25545,25546,25547,25548,25550,25551,25552,25553,25554,25555,25556,25557,25558,25559,25560,25561,25562,25563,25564,25565,25566,25567,25569,25570,25571,25572,25573,25574,25575,25578,25579,25580,25582,25583,25584,25586,25588,25589,25590,25591,25592,25594,25595,25596,25597,25598,25599,25600,25601,25602,25604,25605,25607,25608,25609,25611,25612,25613,25614,25615,25616,25617,25618,25619,25621,25622,25623,25624,25625,25626,25627,25629,25630,25631,25632,25633,25634,25635,39001,39002,39003,39004,39006,39007,39008,39009,39010,39011,39013,39014,39015,39016,39017,39018,39019,39020,39021,39022,39024,39025,39026,39027,39028,39029,39030,39031,39032,39034,39035,39037,39038,39039,39040,39041,39042,39043,39045,39046,39047,39048,39049,39050,39051,39052,39053,39054,39055,39056,39057,39058,39059,39060,39061,39062,39063,39065,39066,39068,39070,39072,39073,39074,39076,39077,39078,39079,39080,39081,39083,39084,39085,39086,39088,39090,39091,39092,39093,39094,39095,39096,39097,39099,39100,39101,39102,39103,39104,39105,39106,39107,39108,39109,39110,39111,39112,39114,39116,39117,39118,39119,39120,39121,39122,39124,39126,39127,39128,39129,39130,39131,39132,39133,39134,39136,39137,39138,39139,39140,39141,39142,39143,39145,39146,39147,39149,39150,39151,39153,39154,39155,39156,39157,39159,39160,39162,39163,39164,39165,39166,39167,39168,39169,39170,39171,39172,39173,39174,39175,39176,39177,39178,39179,39180,39182,39183,39184,39185,39187,39188,39189,39190,39191,39192,39193,39194,39196,39197,39198,39199,39200,39201,39202,39203,39204,39205,39206,39207,39208,39209,39210,39211,39214,39216,39217,39218,39219,39220,39221,39222,39223,39225,39227,39228,39229,39230,39232,39233,39234,39235,39236,39237,39238,39239,39240,39241,39244,39245,39246,39247,39248,39249,39250,39251,39252,39253,39254,39255,39258,39259,39261,39262,39263,39265,39266,39267,39268,39269,39270,39271,39272,39273,39274,39275,39277,39278,39279,39280,39281,39282,39283,39284,39285,39286,39288,39289,39290,39291,39292,39293,39295,39296,39297,39298,39299,39300,39301,39302,39304,39305,39306,39307,39308,39310,39312,39313,39314,39315,39317,39318,39319,39320,39321,39322,39323,39324,39325,39326,39327,39328,39329,39330,39331,39333,39334,39335,39336,39337,39338,39339,39342,39343,39344,39345,39346,39348,39349,39350,39351,39352,39353,39354,39355,39356,39359,39360,39361,39362,39363,39364,39365,39366,39367,39368,39370,39372,39373,39375,39376,39377,39378,39379,39380,39381,39385,39386,39387,39388,39389,39390,39391,39392,39393,39394,39396,39397,39398,39399,39400,39401,39402,39403,39404,39405,39406,39407,39408,39409,39411,39412,39413,39415,39418,39419,39420,39421,39422,39423,39424,39425,39426,39427,39428,39429,39430,39431,39432,39434,39435,39436,39437,39439,39441,39443,39444,39445,39446,39447,39448,39449,39451,39452,39453,39454,39455,39456,39457,39458,39460,39461,39462,39463,39464,39465,39466,39467,39468,39469,39470,39471,39472,39473,39475,39476,39477,39478,39479,39480,39481,39485,39486,39487,39489,39490,39491,39492,39493,39494,39495,39497,39498,39499,39500,39501,39502,39503,39504,39505,39507,39508,39510,39511,39512,39513,39514,39517,39518,39519,39520,39522,39523,39525,39526,39527,39528,39529,39530,39531,39532,39533,39534,39535,39537,39538,39539,39540,39543,39545,39546,39547,39550,39551,39552,39553,39554,39555,39556,39557,39558,39559,39560,39561,39565,39567,39568,39569,39570,39571,39572,39573,39574,39575,39576,39577,39579,39581,39582,39583,39584,39585,39586,58001,58002,58003,58004,58005,58006,58007,58008,58009,58010,58011,58012,58013,58014,58015,58016,58017,58018,58019,58020,58021,58023,58024,58025,58026,58027,58028,58029,58030,58031,58032,58033,58034,58035,58036,58037,58038,58039,58040,58041,58042,58043,58044,58045,58046,58047,58048,58049,58050,58051,58052,58053,58054,58055,58056,58057,58058,58059,58060,58061,58062,58063,58064,58065,58066,58067,58068,58069,58070,58071,58072,58073,58074,58075,58076,58077,58078,58079,58080,58081,58082,58083,58084,58085,58086,58087,58088,58089,58090,58092,58093,58094,58095,58096,58097,58098,58099,58101,58102,58103,58104,58105,58106,58107,58108,58109,58110,58111,58112,58113,58114,58115,58116,58117,58118,58119,58120,58121,58122,58123,58124,58125,58126,58127,58128,58129,58130,58131,58132,58133,58134,58135,58136,58137,58138,58139,58140,58141,58142,58143,58144,58145,58146,58147,58148,58149,58150,58151,58152,58153,58154,58155,58156,58157,58158,58159,58160,58161,58162,58163,58164,58165,58166,58168,58169,58170,58171,58172,58173,58174,58175,58176,58177,58178,58179,58180,58181,58182,58183,58184,58185,58186,58187,58188,58189,58190,58191,58192,58193,58194,58195,58196,58197,58198,58199,58200,58201,58202,58203,58204,58205,58206,58207,58208,58209,58210,58211,58212,58213,58214,58215,58216,58217,58218,58219,58220,58221,58222,58223,58224,58225,58226,58227,58228,58229,58230,58231,58232,58233,58234,58235,58236,58237,58238,58239,58240,58241,58242,58243,58244,58245,58246,58247,58248,58249,58250,58251,58252,58253,58254,58255,58256,58257,58258,58259,58260,58261,58262,58263,58264,58265,58266,58267,58268,58269,58270,58271,58272,58273,58274,58275,58276,58277,58278,58279,58280,58281,58282,58283,58284,58285,58286,58287,58288,58289,58290,58291,58292,58293,58294,58295,58296,58297,58298,58299,58300,58301,58302,58303,58304,58305,58306,58307,58308,58309,58310,58311,58312,58313,70001,70002,70003,70004,70005,70006,70007,70008,70009,70010,70011,70012,70013,70014,70015,70016,70017,70018,70019,70020,70021,70022,70023,70024,70025,70026,70027,70028,70029,70030,70031,70032,70035,70036,70037,70038,70039,70040,70041,70042,70043,70044,70045,70046,70047,70048,70049,70050,70051,70052,70053,70054,70055,70056,70057,70058,70059,70060,70061,70062,70063,70064,70065,70066,70067,70069,70070,70071,70072,70074,70075,70076,70077,70078,70079,70080,70081,70082,70083,70084,70085,70086,70087,70088,70089,70090,70091,70092,70093,70094,70095,70096,70097,70098,70099,70100,70101,70102,70103,70104,70105,70106,70107,70109,70111,70112,70113,70114,70115,70116,70117,70118,70119,70120,70121,70122,70124,70125,70126,70127,70128,70129,70130,70132,70133,70134,70135,70136,70137,70138,70140,70141,70142,70143,70144,70145,70146,70147,70148,70149,70150,70151,70152,70153,70154,70155,70156,70157,70158,70159,70160,70162,70163,70164,70165,70166,70167,70168,70169,70170,70171,70172,70174,70175,70176,70177,70178,70179,70180,70181,70182,70183,70184,70185,70186,70187,70188,70189,70190,70192,70193,70194,70195,70196,70197,70198,70199,70200,70201,70202,70203,70204,70205,70206,70207,70208,70210,70211,70213,70214,70215,70216,70217,70218,70219,70220,70221,70222,70224,70225,70226,70227,70228,70229,70230,70231,70232,70233,70234,70235,70236,70237,70238,70239,70240,70242,70243,70244,70245,70247,70248,70249,70250,70251,70252,70253,70254,70255,70256,70257,70258,70259,70260,70261,70262,70263,70265,70267,70268,70269,70271,70272,70273,70274,70275,70276,70277,70278,70279,70280,70282,70283,70284,70285,70286,70287,70288,70289,70290,70291,70292,70293,70294,70295,70296,70297,70298,70299,70301,70302,70303,70304,70305,70306,70307,70308,70309,70310,70311,70312,70313,70314,70315,70316,70317,70318,70319,70320,70321,70322,70323,70324,70325,70326,70327,70328,70329,70330,70331,70332,70334,70335,70336,70337,70338,70339,70340,70341,70342,70343,70344,70347,70348,70349,70350,70351,70352,70353,70355,70356,70357,70358,70359,70360,70361,70362,70363,70364,70366,70367,70368,70369,70371,70372,70373,70374,70376,70378,70380,70381,70383,70384,70385,70386,70387,70388,70389,70390,70392,70393,70394,70395,70396,70397,70398,70399,70400,70401,70402,70403,70404,70405,70406,70407,70408,70409,70410,70411,70412,70413,70414,70415,70416,70417,70418,70419,70420,70421,70422,70423,70425,70426,70427,70428,70429,70430,70431,70432,70433,70435,70436,70437,70438,70439,70440,70441,70442,70443,70444,70445,70446,70447,70448,70449,70450,70451,70452,70453,70454,70455,70456,70457,70459,70460,70461,70462,70463,70464,70466,70467,70468,70469,70470,70471,70472,70473,70474,70476,70477,70478,70479,70480,70481,70482,70483,70484,70485,70486,70487,70488,70489,70490,70491,70492,70493,70494,70496,70498,70499,70500,70501,70502,70503,70504,70505,70506,70507,70509,70510,70511,70512,70513,70514,70515,70516,70517,70518,70519,70520,70521,70522,70523,70524,70525,70526,70527,70528,70529,70531,70532,70533,70534,70535,70536,70537,70538,70539,70540,70541,70542,70544,70545,70546,70547,70548,70549,70550,70552,70553,70554,70555,70558,70559,70560,70561,70562,70563,70564,70565,70566,70567,70568,70569,70571,70572,70573,70574,70575,70576,70577,70578,70579,70580,70581,70582,70583,71001,71002,71003,71004,71005,71006,71007,71008,71009,71010,71011,71012,71013,71014,71015,71016,71017,71018,71019,71020,71021,71022,71023,71024,71025,71026,71027,71028,71029,71030,71031,71032,71033,71034,71035,71036,71037,71038,71039,71040,71041,71042,71043,71044,71045,71046,71047,71048,71050,71051,71052,71054,71056,71057,71058,71059,71060,71061,71062,71063,71064,71065,71066,71067,71068,71069,71070,71071,71072,71073,71074,71075,71076,71077,71078,71079,71080,71081,71082,71084,71085,71086,71087,71088,71089,71090,71091,71092,71093,71094,71095,71096,71097,71098,71099,71100,71101,71102,71103,71104,71105,71106,71107,71108,71109,71110,71111,71112,71113,71115,71116,71117,71118,71119,71120,71121,71122,71123,71124,71125,71126,71127,71128,71129,71130,71132,71133,71134,71135,71136,71137,71139,71140,71141,71142,71143,71144,71145,71146,71147,71148,71149,71150,71151,71152,71153,71154,71155,71156,71157,71158,71159,71160,71161,71162,71163,71164,71165,71166,71167,71168,71169,71170,71171,71172,71173,71174,71175,71176,71177,71178,71179,71181,71182,71183,71184,71185,71186,71187,71188,71189,71190,71191,71192,71193,71194,71195,71196,71198,71199,71200,71201,71202,71203,71204,71205,71206,71207,71208,71209,71210,71212,71213,71214,71215,71216,71217,71218,71219,71220,71221,71222,71223,71224,71225,71226,71227,71228,71229,71230,71231,71232,71233,71234,71235,71236,71237,71238,71239,71240,71241,71242,71243,71244,71245,71246,71247,71248,71249,71250,71251,71252,71253,71254,71255,71256,71257,71258,71259,71261,71262,71263,71264,71266,71267,71268,71269,71270,71271,71272,71273,71274,71275,71276,71277,71278,71279,71280,71281,71282,71283,71284,71285,71286,71287,71289,71290,71291,71292,71293,71294,71295,71296,71297,71299,71300,71301,71302,71303,71305,71306,71307,71308,71309,71310,71311,71312,71313,71314,71315,71316,71317,71318,71319,71320,71321,71322,71323,71324,71325,71326,71327,71328,71329,71330,71331,71332,71333,71334,71335,71336,71337,71338,71339,71340,71341,71342,71343,71344,71345,71346,71347,71348,71349,71350,71351,71352,71353,71354,71355,71356,71357,71358,71359,71360,71361,71362,71363,71364,71365,71366,71367,71368,71369,71370,71371,71372,71373,71374,71376,71377,71378,71379,71380,71381,71382,71383,71384,71385,71386,71387,71388,71389,71390,71391,71392,71393,71394,71395,71396,71397,71398,71399,71400,71401,71402,71403,71404,71405,71406,71407,71408,71409,71410,71411,71412,71413,71414,71415,71416,71417,71419,71420,71421,71422,71423,71424,71425,71426,71427,71428,71430,71431,71433,71434,71435,71436,71437,71438,71439,71440,71441,71442,71443,71444,71445,71446,71447,71448,71449,71450,71451,71452,71453,71454,71455,71456,71457,71458,71459,71460,71461,71462,71463,71464,71465,71466,71468,71469,71470,71471,71472,71473,71474,71475,71477,71478,71479,71480,71481,71482,71483,71484,71485,71486,71487,71488,71489,71490,71491,71493,71494,71495,71496,71497,71498,71499,71500,71501,71502,71503,71504,71505,71506,71507,71508,71509,71510,71512,71513,71514,71515,71516,71517,71518,71519,71520,71521,71522,71523,71524,71525,71526,71527,71528,71529,71530,71531,71532,71533,71534,71535,71537,71538,71539,71540,71541,71542,71543,71544,71545,71546,71547,71548,71549,71550,71551,71552,71553,71554,71555,71556,71557,71558,71559,71561,71562,71563,71564,71565,71566,71567,71568,71570,71571,71572,71573,71574,71576,71577,71578,71579,71580,71581,71582,71583,71584,71585,71586,71588,71589,71590,71591,89002,89003,89004,89005,89006,89007,89008,89009,89010,89011,89012,89013,89014,89015,89016,89017,89018,89019,89020,89021,89022,89023,89024,89025,89027,89028,89029,89030,89031,89032,89033,89034,89035,89036,89037,89038,89039,89040,89041,89042,89043,89044,89045,89046,89048,89049,89050,89051,89053,89054,89055,89056,89057,89058,89059,89060,89061,89062,89063,89064,89065,89066,89067,89068,89069,89071,89072,89073,89074,89075,89076,89077,89079,89080,89081,89083,89084,89085,89086,89087,89088,89089,89091,89092,89093,89094,89095,89096,89098,89099,89100,89101,89102,89104,89105,89108,89111,89112,89113,89115,89116,89117,89118,89119,89120,89122,89123,89124,89125,89126,89127,89128,89129,89130,89131,89132,89133,89134,89136,89137,89139,89141,89142,89143,89144,89145,89146,89147,89148,89149,89150,89151,89152,89153,89154,89155,89156,89158,89159,89160,89161,89162,89163,89164,89165,89167,89168,89169,89170,89171,89172,89173,89175,89176,89177,89179,89180,89181,89182,89183,89184,89186,89187,89188,89189,89190,89191,89194,89195,89196,89197,89198,89199,89200,89201,89202,89203,89204,89205,89206,89207,89208,89209,89210,89211,89212,89214,89215,89216,89217,89218,89219,89220,89221,89222,89223,89224,89225,89226,89227,89228,89229,89230,89232,89233,89234,89235,89236,89237,89238,89239,89240,89242,89244,89245,89246,89247,89248,89249,89250,89251,89252,89253,89254,89255,89256,89257,89259,89261,89262,89263,89264,89265,89266,89267,89268,89270,89271,89272,89273,89274,89276,89277,89278,89279,89280,89281,89282,89283,89284,89285,89286,89287,89288,89289,89290,89291,89292,89295,89296,89297,89298,89299,89300,89302,89303,89304,89306,89307,89308,89309,89310,89311,89312,89313,89314,89315,89316,89318,89319,89320,89321,89323,89324,89325,89326,89327,89328,89329,89331,89332,89333,89334,89335,89336,89337,89338,89339,89341,89342,89344,89345,89346,89347,89348,89349,89350,89351,89352,89353,89354,89355,89359,89360,89361,89362,89363,89364,89365,89367,89368,89369,89370,89371,89373,89374,89375,89376,89377,89378,89379,89380,89382,89383,89384,89385,89386,89387,89388,89390,89391,89392,89393,89394,89395,89397,89398,89399,89400,89402,89403,89404,89405,89406,89407,89408,89409,89410,89411,89412,89413,89414,89415,89416,89417,89418,89419,89420,89422,89423,89424,89425,89426,89427,89428,89430,89431,89432,89433,89434,89436,89437,89438,89439,89440,89441,89442,89443,89445,89446,89447,89449,89450,89451,89452,89453,89456,89458,89459,89460,89461,89462,89463,89464,89465,89466,89467,89468,89469,89470,89471,89472,89474,89475,89477,89478,89479,89480,89481,89482,89483,89485,89486,90001,90002,90003,90004,90005,90006,90007,90008,90009,90010,90011,90012,90013,90014,90015,90016,90017,90018,90019,90020,90021,90022,90023,90024,90025,90026,90027,90028,90029,90030,90031,90032,90033,90034,90035,90036,90037,90039,90041,90042,90043,90044,90045,90046,90047,90048,90049,90050,90051,90052,90053,90054,90055,90056,90057,90058,90059,90060,90061,90062,90063,90064,90065,90066,90067,90068,90069,90070,90071,90072,90074,90075,90076,90077,90078,90079,90080,90081,90082,90083,90084,90085,90086,90087,90088,90089,90090,90091,90093,90094,90095,90096,90097,90098,90099,90100,90101,90102,90103,90104,90105}","",2026-03-24 14:41:32.274366+01,gold_establishments_2025,,,,17210000000014,2025,Services de l'Etat,Région,"['Côte-dOr', 'Doubs', 'Jura', 'Nièvre', 'Haute-Saône', 'Saône-et-Loire', 'Yonne', 'Territoire de Bel",['Bourgogne-Franche-Comté'],PREFECTURE,"{21,25,39,58,70,71,89,90}",{27}
7997c902-2304-414e-9dff-d00dfdc58f11,173500000,Préfecture Bretagne,false,"{22001,22002,22003,22004,22005,22006,22008,22009,22011,22012,22013,22014,22015,22016,22018,22019,22020,22021,22023,22024,22025,22026,22028,22029,22030,22031,22032,22033,22034,22035,22036,22037,22039,22040,22041,22042,22044,22045,22046,22047,22048,22049,22050,22052,22053,22054,22055,22056,22057,22059,22060,22061,22062,22063,22064,22065,22067,22068,22069,22070,22071,22072,22073,22074,22075,22076,22077,22079,22081,22082,22083,22084,22085,22086,22087,22088,22090,22091,22092,22093,22094,22095,22096,22097,22098,22099,22101,22103,22104,22105,22106,22107,22108,22109,22110,22111,22112,22113,22114,22115,22116,22117,22118,22119,22121,22122,22124,22126,22127,22128,22129,22131,22132,22133,22134,22135,22136,22137,22138,22139,22140,22141,22143,22144,22145,22146,22147,22148,22149,22150,22152,22153,22155,22156,22157,22158,22160,22161,22162,22163,22164,22165,22166,22168,22169,22170,22171,22172,22174,22175,22176,22177,22178,22179,22180,22181,22182,22183,22184,22185,22186,22187,22188,22189,22190,22193,22194,22195,22196,22197,22198,22199,22201,22202,22203,22204,22205,22206,22207,22208,22209,22210,22211,22212,22213,22214,22215,22216,22217,22218,22219,22220,22221,22222,22223,22224,22225,22226,22227,22228,22229,22231,22232,22233,22234,22235,22236,22237,22238,22239,22240,22241,22242,22243,22244,22245,22246,22248,22249,22250,22251,22254,22255,22256,22257,22258,22259,22260,22261,22262,22263,22264,22265,22266,22267,22268,22269,22271,22272,22273,22274,22275,22276,22277,22278,22279,22280,22281,22282,22283,22284,22285,22286,22287,22288,22289,22291,22293,22294,22295,22296,22299,22300,22302,22304,22305,22306,22307,22308,22310,22311,22312,22313,22314,22315,22316,22317,22318,22319,22320,22321,22322,22323,22324,22325,22326,22327,22328,22330,22331,22332,22333,22334,22335,22337,22338,22339,22340,22341,22342,22343,22344,22345,22346,22347,22348,22349,22350,22351,22352,22353,22354,22356,22358,22359,22360,22361,22362,22363,22364,22365,22366,22368,22369,22370,22371,22372,22373,22375,22376,22377,22378,22379,22380,22381,22383,22384,22385,22386,22387,22388,22389,22390,22391,29001,29002,29003,29004,29005,29006,29007,29008,29010,29011,29012,29013,29014,29015,29016,29017,29018,29019,29020,29021,29022,29023,29024,29025,29026,29027,29028,29029,29030,29031,29032,29033,29034,29035,29036,29037,29038,29039,29040,29041,29042,29043,29044,29045,29046,29047,29048,29049,29051,29053,29054,29055,29056,29057,29058,29059,29060,29061,29062,29063,29064,29065,29066,29067,29068,29069,29070,29071,29072,29073,29074,29075,29076,29077,29078,29079,29080,29081,29082,29083,29084,29085,29086,29087,29089,29090,29091,29093,29094,29095,29097,29098,29099,29100,29101,29102,29103,29104,29105,29106,29107,29108,29109,29110,29111,29112,29113,29114,29115,29116,29117,29119,29120,29122,29123,29124,29125,29126,29128,29130,29131,29132,29133,29134,29135,29136,29137,29139,29140,29141,29142,29143,29144,29145,29146,29147,29148,29150,29151,29152,29153,29155,29156,29158,29159,29160,29161,29162,29163,29165,29166,29167,29168,29169,29170,29171,29172,29173,29174,29175,29176,29177,29178,29179,29180,29181,29182,29183,29184,29185,29186,29187,29188,29189,29190,29191,29192,29193,29195,29196,29197,29198,29199,29201,29202,29204,29205,29206,29207,29208,29209,29210,29211,29212,29213,29214,29215,29216,29217,29218,29220,29221,29222,29224,29225,29226,29227,29228,29229,29230,29232,29233,29234,29235,29236,29237,29238,29239,29240,29241,29243,29244,29245,29246,29247,29248,29249,29250,29251,29252,29254,29255,29256,29257,29259,29260,29261,29262,29263,29264,29265,29266,29267,29268,29269,29270,29271,29272,29273,29274,29275,29276,29277,29278,29279,29280,29281,29282,29284,29285,29286,29287,29288,29289,29290,29291,29292,29293,29294,29295,29296,29297,29298,29299,29300,29301,29302,35001,35002,35003,35004,35005,35006,35007,35008,35009,35010,35012,35013,35014,35015,35016,35017,35018,35019,35021,35022,35023,35024,35025,35026,35027,35028,35029,35030,35031,35032,35033,35034,35035,35037,35038,35039,35040,35041,35042,35044,35045,35046,35047,35049,35050,35051,35052,35054,35055,35056,35057,35058,35059,35060,35061,35062,35063,35064,35065,35066,35067,35068,35069,35070,35071,35072,35075,35076,35077,35078,35079,35080,35081,35082,35084,35085,35086,35087,35088,35089,35090,35091,35092,35093,35094,35095,35096,35097,35098,35099,35101,35102,35103,35104,35105,35106,35107,35108,35109,35110,35111,35114,35115,35116,35117,35118,35119,35120,35121,35122,35123,35124,35125,35126,35127,35128,35130,35131,35132,35133,35134,35135,35136,35137,35138,35139,35140,35141,35142,35143,35144,35145,35146,35148,35149,35150,35151,35152,35153,35154,35155,35156,35157,35159,35160,35161,35162,35163,35164,35165,35166,35167,35168,35169,35170,35171,35172,35173,35174,35175,35176,35177,35178,35179,35180,35181,35183,35184,35185,35186,35187,35188,35189,35190,35191,35192,35193,35194,35195,35196,35197,35198,35199,35200,35201,35202,35203,35204,35205,35206,35207,35208,35210,35211,35212,35214,35215,35216,35217,35218,35219,35220,35221,35222,35223,35224,35225,35226,35227,35228,35229,35230,35231,35232,35233,35234,35235,35236,35237,35238,35239,35240,35241,35242,35243,35244,35245,35246,35247,35248,35249,35250,35251,35252,35253,35255,35256,35257,35258,35259,35260,35261,35262,35263,35264,35265,35266,35268,35270,35271,35272,35273,35274,35275,35276,35277,35278,35279,35280,35281,35282,35283,35284,35285,35286,35287,35288,35289,35290,35291,35292,35294,35295,35296,35297,35299,35300,35302,35304,35305,35306,35307,35308,35309,35310,35311,35312,35314,35315,35316,35317,35318,35319,35320,35321,35322,35324,35325,35326,35327,35328,35329,35330,35331,35332,35333,35334,35335,35336,35337,35338,35339,35340,35342,35343,35345,35346,35347,35350,35351,35352,35353,35354,35355,35356,35357,35358,35359,35360,35361,35362,35363,56001,56002,56003,56004,56005,56006,56007,56008,56009,56010,56011,56012,56013,56014,56015,56017,56018,56019,56020,56021,56022,56023,56024,56025,56026,56027,56028,56029,56030,56031,56032,56033,56034,56035,56036,56039,56040,56041,56042,56043,56044,56045,56046,56047,56048,56050,56051,56052,56053,56054,56055,56056,56057,56058,56060,56061,56062,56063,56065,56066,56067,56068,56069,56070,56071,56072,56073,56074,56075,56076,56077,56078,56079,56080,56081,56082,56083,56084,56085,56086,56087,56088,56089,56090,56091,56092,56093,56094,56096,56097,56098,56099,56100,56101,56102,56103,56104,56105,56106,56107,56108,56109,56110,56111,56112,56113,56114,56115,56116,56117,56118,56119,56120,56121,56122,56123,56124,56125,56126,56127,56128,56129,56130,56131,56132,56133,56134,56135,56136,56137,56139,56140,56141,56143,56144,56145,56146,56147,56148,56149,56151,56152,56153,56154,56155,56156,56157,56158,56159,56160,56161,56162,56163,56164,56165,56166,56167,56168,56169,56170,56171,56172,56173,56174,56175,56176,56177,56178,56179,56180,56181,56182,56184,56185,56186,56188,56189,56190,56191,56193,56194,56195,56196,56197,56198,56199,56200,56201,56202,56203,56204,56205,56206,56207,56208,56209,56210,56211,56212,56213,56214,56215,56216,56218,56219,56220,56221,56222,56223,56224,56225,56226,56227,56228,56229,56230,56231,56232,56233,56234,56236,56237,56238,56239,56240,56241,56242,56243,56244,56245,56246,56247,56248,56249,56250,56251,56252,56253,56254,56255,56256,56257,56258,56259,56260,56261,56262,56263,56264}","",2026-03-24 14:41:32.274366+01,gold_establishments_2025,,,,17350000000026,2025,Services de l'Etat,Région,"['Côtes-dArmor', 'Finistère', 'Ille-et-Vilaine', 'Morbihan']",['Bretagne'],PREFECTURE,"{22,29,35,56}",{53}
5a6ce32c-b494-4b8e-b48d-92d41361bcb7,171400013,Préfecture Calvados,false,"{14001,14003,14005,14006,14007,14009,14012,14014,14015,14016,14019,14020,14021,14022,14023,14024,14025,14026,14027,14030,14032,14033,14034,14035,14036,14037,14038,14039,14040,14041,14042,14043,14044,14045,14046,14047,14049,14050,14053,14054,14055,14057,14059,14060,14061,14062,14063,14064,14066,14068,14069,14070,14076,14077,14078,14079,14080,14082,14083,14084,14085,14086,14087,14088,14089,14090,14091,14092,14093,14096,14097,14098,14100,14101,14102,14103,14104,14106,14107,14110,14111,14116,14117,14118,14119,14120,14121,14122,14123,14124,14125,14126,14127,14130,14131,14132,14134,14135,14136,14137,14138,14140,14141,14143,14145,14146,14147,14149,14150,14159,14160,14161,14162,14163,14165,14166,14167,14168,14169,14171,14172,14173,14174,14175,14177,14179,14180,14181,14182,14183,14184,14190,14191,14193,14194,14195,14196,14197,14198,14200,14202,14203,14204,14205,14206,14207,14209,14211,14214,14215,14216,14218,14220,14221,14223,14224,14225,14226,14227,14228,14229,14230,14231,14232,14236,14237,14238,14239,14240,14241,14242,14243,14244,14245,14246,14248,14249,14250,14251,14252,14254,14256,14257,14258,14260,14261,14266,14269,14270,14271,14272,14273,14274,14275,14276,14277,14278,14280,14281,14282,14283,14284,14285,14286,14287,14288,14289,14290,14291,14293,14297,14298,14299,14301,14302,14303,14304,14305,14306,14308,14309,14310,14311,14312,14316,14318,14319,14320,14322,14325,14326,14327,14328,14329,14332,14333,14334,14335,14336,14337,14338,14341,14342,14343,14344,14345,14346,14347,14348,14349,14352,14353,14354,14355,14357,14358,14360,14362,14364,14365,14366,14367,14368,14369,14370,14371,14374,14375,14377,14378,14379,14380,14381,14383,14384,14385,14389,14390,14391,14393,14394,14396,14397,14398,14399,14400,14401,14402,14403,14404,14405,14406,14407,14408,14409,14410,14411,14412,14419,14421,14424,14425,14426,14427,14430,14431,14435,14436,14437,14438,14439,14445,14446,14448,14449,14452,14453,14454,14455,14456,14457,14458,14460,14461,14465,14466,14467,14468,14469,14473,14474,14475,14476,14478,14480,14482,14483,14484,14486,14487,14488,14491,14492,14494,14495,14496,14497,14498,14499,14500,14501,14502,14504,14506,14509,14510,14511,14512,14514,14515,14516,14519,14520,14522,14524,14527,14528,14529,14530,14531,14533,14534,14535,14536,14538,14540,14541,14542,14543,14546,14547,14550,14552,14554,14555,14556,14557,14558,14559,14562,14563,14565,14566,14569,14570,14571,14572,14574,14575,14576,14578,14579,14582,14586,14587,14588,14589,14590,14591,14592,14593,14595,14598,14601,14602,14603,14605,14606,14607,14609,14610,14613,14614,14619,14620,14621,14622,14625,14626,14627,14630,14635,14637,14639,14640,14643,14644,14645,14646,14648,14649,14650,14651,14652,14654,14656,14657,14658,14659,14660,14661,14663,14664,14665,14666,14667,14668,14669,14672,14674,14675,14676,14677,14678,14679,14680,14681,14682,14684,14685,14687,14689,14692,14694,14698,14699,14700,14701,14705,14706,14707,14708,14709,14710,14711,14712,14713,14714,14715,14716,14719,14720,14721,14723,14724,14726,14728,14731,14732,14733,14734,14735,14737,14738,14739,14740,14741,14742,14743,14744,14745,14747,14748,14751,14752,14753,14754,14755,14756,14758,14759,14760,14761,14762,14764}",SDED,2026-03-24 14:41:32.274366+01,gold_establishments_2025,,,,17140001300016,2025,Services de l'Etat,Département,['Calvados'],['Normandie'],PREFECTURE,{14},{28}
6373d64b-cead-4271-9116-75ffe41cfbe3,171500010,Préfecture Cantal,false,"{15001,15002,15003,15004,15005,15006,15007,15008,15009,15010,15011,15012,15013,15014,15015,15016,15017,15018,15019,15020,15021,15022,15024,15025,15026,15027,15028,15029,15030,15032,15033,15034,15036,15037,15038,15040,15041,15042,15043,15045,15046,15048,15049,15050,15051,15052,15053,15054,15055,15056,15057,15058,15059,15060,15061,15063,15064,15065,15066,15067,15069,15070,15072,15073,15074,15075,15076,15077,15078,15079,15080,15081,15082,15083,15084,15085,15086,15087,15088,15089,15090,15091,15092,15093,15094,15095,15096,15097,15098,15100,15101,15102,15103,15104,15105,15106,15107,15108,15110,15111,15112,15113,15114,15116,15117,15118,15119,15120,15121,15122,15123,15124,15125,15126,15127,15128,15129,15130,15131,15132,15133,15134,15135,15137,15138,15139,15140,15141,15142,15143,15144,15146,15147,15148,15149,15151,15152,15153,15154,15155,15156,15157,15158,15159,15160,15161,15162,15163,15164,15165,15166,15167,15168,15169,15170,15172,15173,15174,15175,15176,15178,15179,15180,15181,15182,15183,15184,15185,15186,15187,15188,15189,15190,15191,15192,15194,15196,15198,15199,15200,15201,15202,15203,15204,15205,15206,15207,15208,15209,15211,15212,15213,15214,15215,15216,15217,15218,15219,15220,15221,15222,15223,15224,15225,15226,15228,15229,15230,15231,15232,15233,15234,15235,15236,15237,15238,15240,15241,15242,15243,15244,15245,15246,15247,15248,15249,15250,15251,15252,15253,15254,15255,15256,15257,15258,15259,15260,15261,15262,15263,15264,15265,15266,15267,15268,15269}",SDED,2026-03-24 14:41:32.274366+01,gold_establishments_2025,,,,17150001000011,2025,Services de l'Etat,Département,['Cantal'],['Auvergne-Rhône-Alpes'],PREFECTURE,{15},{84}
b2b6a510-c311-4efb-92a9-3386b5792d3d,174500009,Préfecture Centre-Val de Loire,false,"{18001,18002,18003,18004,18005,18006,18007,18008,18009,18010,18011,18012,18013,18014,18015,18016,18017,18018,18019,18020,18021,18022,18023,18024,18025,18026,18027,18028,18029,18030,18031,18032,18033,18034,18035,18036,18037,18038,18039,18040,18041,18042,18043,18044,18045,18046,18047,18048,18049,18050,18051,18052,18053,18054,18055,18056,18057,18058,18059,18060,18061,18062,18063,18064,18065,18066,18067,18068,18069,18070,18071,18072,18073,18074,18075,18076,18077,18078,18079,18080,18081,18082,18083,18084,18085,18086,18087,18088,18089,18090,18091,18092,18093,18094,18095,18096,18097,18098,18099,18100,18101,18102,18103,18104,18105,18106,18107,18108,18109,18110,18111,18112,18113,18114,18115,18116,18117,18118,18119,18120,18121,18122,18124,18125,18126,18127,18128,18129,18130,18132,18133,18134,18135,18136,18137,18138,18139,18140,18141,18142,18143,18144,18145,18146,18147,18148,18149,18150,18151,18152,18153,18154,18155,18156,18157,18158,18159,18160,18161,18162,18163,18164,18165,18166,18167,18168,18169,18170,18171,18172,18173,18174,18175,18176,18177,18178,18179,18180,18181,18182,18183,18184,18185,18186,18187,18188,18189,18190,18191,18192,18193,18194,18195,18196,18197,18198,18199,18200,18201,18202,18203,18204,18205,18206,18207,18208,18209,18210,18211,18212,18213,18214,18215,18216,18217,18218,18219,18220,18221,18223,18224,18225,18226,18227,18228,18229,18230,18231,18232,18233,18234,18235,18236,18237,18238,18240,18241,18242,18243,18244,18245,18246,18247,18248,18249,18250,18251,18252,18253,18254,18255,18256,18257,18258,18259,18260,18261,18262,18263,18264,18265,18266,18267,18268,18269,18270,18271,18272,18273,18274,18275,18276,18277,18278,18279,18280,18281,18282,18283,18284,18285,18286,18287,18288,18289,18290,28001,28003,28004,28005,28006,28007,28008,28009,28010,28012,28013,28014,28015,28016,28018,28019,28021,28022,28023,28024,28026,28027,28028,28029,28030,28031,28032,28033,28034,28035,28036,28037,28038,28039,28040,28041,28045,28046,28047,28048,28049,28050,28051,28052,28053,28054,28055,28056,28057,28058,28059,28060,28061,28062,28064,28065,28067,28068,28070,28071,28072,28073,28074,28075,28076,28077,28078,28079,28080,28081,28082,28084,28085,28086,28087,28088,28089,28090,28091,28092,28094,28095,28096,28098,28099,28100,28102,28103,28104,28105,28106,28107,28108,28109,28110,28111,28113,28114,28116,28117,28118,28119,28120,28121,28122,28123,28124,28126,28127,28128,28129,28130,28132,28134,28135,28136,28137,28139,28140,28141,28142,28143,28144,28146,28147,28148,28149,28151,28153,28154,28155,28156,28157,28158,28159,28160,28161,28162,28163,28164,28166,28167,28168,28169,28170,28171,28172,28173,28175,28176,28177,28178,28180,28182,28183,28184,28185,28187,28188,28189,28190,28191,28192,28193,28194,28195,28196,28197,28198,28199,28200,28201,28202,28203,28206,28207,28208,28209,28210,28211,28212,28213,28214,28215,28216,28217,28218,28219,28220,28221,28222,28223,28225,28226,28227,28229,28230,28231,28232,28233,28234,28235,28236,28237,28239,28240,28242,28243,28245,28246,28247,28248,28249,28251,28252,28253,28254,28255,28256,28257,28259,28260,28261,28263,28264,28265,28267,28268,28269,28270,28271,28272,28273,28274,28275,28277,28278,28279,28280,28281,28282,28283,28284,28285,28286,28287,28289,28290,28291,28292,28293,28294,28296,28298,28299,28300,28301,28302,28303,28304,28305,28306,28308,28309,28310,28312,28313,28314,28315,28316,28317,28319,28321,28322,28323,28324,28325,28326,28327,28329,28330,28331,28332,28333,28334,28335,28336,28337,28339,28341,28342,28343,28344,28346,28347,28348,28349,28350,28351,28352,28353,28354,28355,28357,28358,28359,28360,28362,28363,28364,28365,28366,28367,28368,28369,28370,28371,28372,28373,28374,28375,28377,28378,28379,28380,28382,28383,28385,28386,28387,28388,28389,28390,28391,28392,28393,28394,28395,28396,28397,28398,28400,28401,28403,28404,28405,28406,28407,28408,28409,28410,28411,28414,28415,28417,28418,28419,28421,28422,28423,28424,28425,28426,36001,36002,36003,36004,36005,36006,36007,36008,36009,36010,36011,36012,36013,36014,36015,36016,36017,36018,36019,36020,36021,36022,36023,36024,36025,36026,36027,36028,36029,36030,36031,36032,36033,36034,36035,36036,36037,36038,36040,36041,36042,36043,36044,36045,36046,36047,36048,36049,36050,36051,36052,36053,36054,36055,36056,36057,36058,36059,36060,36061,36062,36063,36064,36065,36066,36067,36068,36069,36070,36071,36073,36074,36075,36076,36077,36078,36079,36080,36081,36082,36083,36084,36085,36086,36087,36088,36089,36090,36091,36092,36093,36094,36095,36096,36097,36098,36099,36100,36101,36102,36103,36104,36105,36106,36107,36108,36109,36110,36111,36112,36113,36114,36115,36116,36117,36118,36119,36120,36121,36122,36123,36124,36125,36126,36127,36128,36129,36130,36131,36132,36133,36134,36135,36136,36137,36138,36139,36140,36141,36142,36143,36144,36145,36146,36147,36148,36149,36150,36152,36153,36154,36155,36156,36157,36158,36159,36160,36161,36162,36163,36164,36165,36166,36167,36168,36169,36170,36171,36172,36173,36174,36175,36176,36177,36178,36179,36180,36181,36182,36184,36185,36186,36187,36188,36189,36190,36191,36192,36193,36194,36195,36196,36197,36198,36199,36200,36202,36203,36204,36205,36207,36208,36209,36210,36211,36212,36213,36214,36215,36216,36217,36218,36219,36220,36221,36222,36223,36224,36225,36226,36227,36228,36229,36230,36231,36232,36233,36234,36235,36236,36237,36238,36239,36240,36241,36242,36243,36244,36246,36247,36248,37001,37002,37003,37004,37005,37006,37007,37008,37009,37010,37011,37012,37013,37014,37015,37016,37018,37019,37020,37021,37022,37023,37024,37025,37026,37027,37028,37029,37030,37031,37032,37033,37034,37035,37036,37037,37038,37039,37040,37041,37042,37043,37044,37045,37046,37047,37048,37049,37050,37051,37052,37053,37054,37055,37056,37057,37058,37059,37060,37061,37062,37063,37064,37065,37066,37067,37068,37069,37070,37071,37072,37073,37074,37075,37076,37077,37078,37079,37080,37081,37082,37083,37084,37085,37086,37087,37088,37089,37090,37091,37092,37093,37094,37095,37096,37097,37098,37099,37100,37101,37103,37104,37105,37106,37107,37108,37109,37110,37111,37112,37113,37114,37115,37116,37117,37118,37119,37121,37122,37123,37124,37125,37126,37127,37128,37129,37130,37131,37132,37133,37134,37136,37137,37138,37139,37140,37141,37142,37143,37144,37145,37146,37147,37148,37149,37150,37151,37152,37153,37154,37155,37156,37157,37158,37159,37160,37161,37162,37163,37165,37166,37167,37168,37169,37170,37171,37172,37173,37174,37175,37176,37177,37178,37179,37180,37181,37182,37183,37184,37185,37186,37187,37188,37189,37190,37191,37192,37193,37194,37195,37196,37197,37198,37199,37200,37201,37202,37203,37204,37205,37206,37207,37208,37210,37211,37212,37213,37214,37216,37217,37218,37219,37220,37221,37222,37223,37224,37225,37226,37228,37229,37230,37231,37232,37233,37234,37236,37237,37238,37240,37241,37242,37243,37244,37245,37246,37247,37248,37249,37250,37251,37252,37253,37254,37255,37256,37257,37258,37259,37260,37261,37262,37263,37264,37265,37266,37267,37268,37269,37270,37271,37272,37273,37274,37275,37276,37277,37278,37279,37280,37281,37282,41001,41002,41003,41004,41006,41007,41008,41009,41010,41012,41013,41014,41016,41017,41018,41019,41020,41022,41024,41025,41026,41027,41028,41029,41030,41031,41032,41034,41035,41036,41037,41038,41039,41040,41041,41042,41043,41044,41045,41046,41047,41048,41049,41050,41051,41052,41053,41054,41055,41057,41058,41059,41060,41061,41062,41063,41065,41066,41067,41068,41069,41070,41071,41072,41073,41074,41075,41077,41078,41079,41080,41081,41083,41084,41085,41086,41087,41088,41089,41090,41091,41093,41094,41095,41096,41097,41098,41099,41100,41101,41102,41103,41104,41105,41106,41107,41108,41109,41110,41112,41113,41114,41115,41116,41118,41119,41120,41121,41122,41123,41124,41125,41126,41127,41128,41129,41130,41131,41132,41134,41135,41136,41137,41138,41139,41140,41141,41142,41143,41144,41145,41146,41147,41148,41149,41150,41151,41152,41153,41154,41155,41156,41157,41158,41159,41160,41161,41163,41164,41166,41167,41168,41171,41172,41173,41174,41175,41176,41177,41178,41179,41180,41181,41182,41184,41185,41186,41187,41188,41189,41190,41191,41192,41193,41194,41195,41196,41198,41199,41200,41201,41203,41204,41205,41206,41207,41208,41209,41211,41212,41213,41214,41215,41216,41217,41218,41219,41220,41221,41222,41223,41224,41225,41226,41228,41229,41230,41231,41232,41233,41234,41235,41236,41237,41238,41239,41241,41242,41243,41245,41246,41247,41248,41249,41250,41251,41252,41253,41254,41255,41256,41258,41259,41260,41261,41262,41265,41266,41267,41268,41269,41271,41273,41274,41275,41276,41277,41278,41279,41280,41281,41282,41283,41284,41285,41286,41287,41288,41289,41290,41291,41292,41293,41294,41295,41296,41297,45001,45002,45004,45005,45006,45008,45009,45010,45011,45012,45013,45014,45015,45016,45017,45018,45019,45020,45021,45022,45023,45024,45025,45026,45027,45028,45029,45030,45031,45032,45033,45034,45035,45036,45037,45038,45039,45040,45041,45042,45043,45044,45045,45046,45047,45049,45050,45051,45052,45053,45054,45055,45056,45058,45059,45060,45061,45062,45063,45064,45065,45066,45067,45068,45069,45070,45072,45073,45074,45075,45076,45077,45078,45079,45080,45081,45082,45083,45084,45085,45086,45087,45088,45089,45091,45092,45093,45094,45095,45096,45097,45098,45099,45100,45101,45102,45103,45104,45105,45107,45108,45109,45110,45111,45112,45113,45114,45115,45116,45118,45119,45120,45121,45122,45123,45124,45125,45126,45127,45129,45130,45131,45132,45133,45134,45135,45136,45137,45138,45139,45141,45142,45143,45144,45145,45146,45147,45148,45149,45150,45151,45152,45153,45154,45155,45156,45157,45158,45159,45160,45161,45162,45164,45165,45166,45167,45168,45169,45170,45171,45173,45174,45175,45176,45177,45178,45179,45180,45181,45182,45183,45184,45185,45186,45187,45188,45189,45191,45193,45194,45195,45196,45197,45198,45199,45200,45201,45202,45203,45204,45205,45206,45207,45208,45209,45210,45212,45213,45214,45215,45216,45217,45218,45219,45220,45222,45223,45224,45225,45226,45227,45228,45229,45230,45231,45232,45233,45234,45235,45237,45238,45239,45240,45241,45242,45243,45244,45245,45246,45247,45248,45249,45250,45251,45252,45253,45254,45255,45256,45257,45258,45259,45260,45261,45262,45263,45264,45265,45266,45268,45269,45270,45271,45272,45273,45274,45275,45276,45277,45278,45279,45280,45281,45282,45283,45284,45285,45286,45288,45289,45290,45291,45292,45293,45294,45296,45297,45298,45299,45300,45301,45302,45303,45305,45306,45307,45308,45309,45310,45311,45312,45313,45314,45315,45316,45317,45320,45321,45322,45323,45324,45325,45326,45327,45328,45329,45330,45331,45332,45333,45334,45335,45336,45337,45338,45339,45340,45341,45342,45343,45344,45345,45346,45347,45348}",REG,2026-03-24 14:41:32.274366+01,gold_establishments_2025,,,,17450000900017,2025,Services de l'Etat,Région,"['Cher', 'Eure-et-Loir', 'Indre', 'Indre-et-Loire', 'Loir-et-Cher', 'Loiret']",['Centre-Val de Loire'],PREFECTURE,"{18,28,36,37,41,45}",{24}
90f003f6-eb06-41c3-a74a-aa3dce952493,171600018,Préfecture Charente,false,"{16001,16002,16003,16005,16007,16008,16009,16011,16012,16013,16014,16015,16016,16018,16019,16020,16023,16024,16025,16026,16027,16028,16029,16030,16031,16032,16034,16035,16036,16037,16038,16039,16040,16041,16042,16044,16045,16046,16047,16048,16049,16050,16052,16053,16054,16055,16056,16057,16058,16059,16060,16061,16062,16063,16064,16065,16066,16067,16068,16069,16070,16071,16072,16073,16074,16075,16076,16077,16078,16079,16081,16082,16083,16084,16085,16086,16087,16088,16089,16090,16091,16093,16095,16096,16097,16098,16099,16100,16101,16102,16103,16104,16105,16106,16107,16108,16109,16110,16111,16112,16113,16114,16116,16117,16118,16119,16120,16121,16122,16123,16124,16125,16127,16128,16130,16131,16132,16133,16134,16135,16136,16137,16138,16139,16141,16142,16143,16144,16145,16146,16148,16150,16151,16152,16153,16154,16155,16157,16158,16160,16161,16162,16163,16164,16165,16166,16167,16168,16169,16170,16171,16173,16174,16175,16176,16177,16178,16180,16181,16182,16183,16184,16185,16186,16187,16188,16189,16190,16191,16192,16193,16194,16195,16196,16197,16198,16199,16200,16203,16204,16205,16206,16207,16208,16209,16210,16211,16212,16213,16215,16216,16217,16218,16220,16221,16222,16223,16224,16225,16227,16229,16230,16231,16232,16233,16234,16236,16237,16239,16240,16241,16242,16243,16244,16245,16246,16248,16249,16250,16251,16252,16253,16254,16255,16256,16258,16260,16261,16263,16264,16267,16268,16269,16270,16271,16272,16273,16275,16276,16277,16279,16280,16281,16282,16283,16284,16285,16286,16287,16289,16290,16291,16292,16293,16295,16297,16298,16300,16301,16302,16303,16304,16306,16307,16308,16310,16312,16315,16316,16317,16318,16320,16321,16323,16325,16326,16329,16330,16331,16334,16335,16336,16337,16338,16339,16340,16341,16342,16343,16345,16346,16347,16348,16349,16350,16352,16353,16354,16356,16357,16358,16359,16360,16361,16362,16363,16364,16365,16366,16368,16369,16370,16372,16373,16374,16375,16377,16378,16379,16380,16381,16382,16383,16384,16385,16387,16388,16389,16390,16392,16393,16394,16395,16396,16397,16398,16399,16400,16401,16402,16403,16404,16405,16406,16408,16409,16412,16413,16414,16415,16416,16418,16419,16420,16421,16422,16423,16424,16425}",SDED,2026-03-24 14:41:32.274366+01,gold_establishments_2025,,,,17160001800013,2025,Services de l'Etat,Département,['Charente'],['Nouvelle-Aquitaine'],PREFECTURE,{16},{75}
f150fade-044a-49ef-b8b1-1b6e85c93b73,171700016,Préfecture Charente-Maritime,false,"{17002,17003,17004,17005,17006,17007,17008,17009,17010,17011,17012,17013,17015,17016,17017,17018,17019,17020,17021,17022,17023,17024,17025,17026,17027,17028,17029,17030,17031,17032,17033,17034,17035,17036,17037,17038,17039,17041,17042,17043,17044,17045,17046,17047,17048,17049,17050,17051,17052,17053,17054,17055,17056,17057,17058,17059,17060,17061,17062,17063,17064,17065,17066,17067,17068,17069,17070,17071,17072,17073,17074,17075,17076,17077,17078,17079,17080,17081,17082,17083,17084,17085,17086,17087,17089,17091,17092,17093,17094,17095,17096,17097,17098,17099,17100,17101,17102,17104,17105,17106,17107,17108,17109,17110,17111,17112,17113,17114,17115,17116,17117,17118,17119,17120,17121,17122,17124,17125,17126,17127,17128,17129,17130,17131,17132,17133,17134,17135,17136,17137,17138,17139,17140,17141,17142,17143,17145,17146,17147,17148,17149,17150,17151,17152,17153,17154,17155,17156,17157,17158,17159,17160,17161,17162,17163,17164,17165,17166,17167,17168,17171,17172,17173,17174,17175,17176,17177,17178,17179,17180,17181,17182,17183,17184,17185,17186,17187,17188,17190,17191,17192,17193,17194,17195,17196,17197,17198,17199,17200,17201,17202,17203,17204,17205,17206,17207,17208,17209,17210,17211,17212,17213,17214,17215,17216,17217,17218,17219,17220,17221,17222,17223,17224,17225,17226,17227,17228,17229,17230,17231,17232,17233,17234,17235,17236,17237,17239,17240,17241,17242,17243,17244,17245,17246,17247,17248,17249,17250,17252,17253,17254,17255,17256,17257,17258,17259,17260,17261,17262,17263,17264,17265,17266,17267,17268,17269,17270,17271,17273,17274,17275,17276,17277,17278,17279,17280,17281,17282,17283,17284,17285,17286,17287,17288,17289,17290,17291,17292,17293,17294,17295,17296,17297,17298,17299,17300,17301,17302,17303,17304,17305,17306,17307,17308,17309,17310,17311,17312,17313,17314,17315,17316,17317,17318,17319,17320,17321,17322,17323,17324,17325,17326,17327,17328,17329,17330,17331,17332,17333,17335,17336,17337,17338,17339,17340,17341,17342,17343,17344,17345,17346,17347,17348,17349,17350,17351,17353,17354,17355,17356,17357,17358,17359,17360,17361,17362,17363,17364,17365,17366,17367,17369,17372,17373,17374,17375,17376,17377,17378,17379,17380,17381,17382,17383,17384,17385,17386,17387,17388,17389,17390,17391,17393,17394,17395,17396,17397,17398,17400,17401,17402,17403,17404,17405,17406,17407,17408,17409,17410,17411,17412,17413,17414,17415,17416,17417,17418,17420,17421,17422,17423,17424,17425,17426,17427,17428,17429,17430,17431,17432,17433,17434,17435,17436,17437,17438,17439,17440,17441,17442,17443,17444,17445,17446,17447,17448,17449,17450,17451,17452,17453,17454,17455,17457,17458,17459,17460,17461,17462,17463,17464,17465,17466,17467,17468,17469,17470,17471,17472,17473,17474,17476,17477,17478,17479,17480,17481,17482,17483,17484,17485,17486}",SDED,2026-03-24 14:41:32.274366+01,gold_establishments_2025,,,,17170001600016,2025,Services de l'Etat,Département,['Charente-Maritime'],['Nouvelle-Aquitaine'],PREFECTURE,{17},{75}
0b398f68-6cd8-4099-a549-8b8adf9706e5,171800014,Préfecture Cher,false,"{18001,18002,18003,18004,18005,18006,18007,18008,18009,18010,18011,18012,18013,18014,18015,18016,18017,18018,18019,18020,18021,18022,18023,18024,18025,18026,18027,18028,18029,18030,18031,18032,18033,18034,18035,18036,18037,18038,18039,18040,18041,18042,18043,18044,18045,18046,18047,18048,18049,18050,18051,18052,18053,18054,18055,18056,18057,18058,18059,18060,18061,18062,18063,18064,18065,18066,18067,18068,18069,18070,18071,18072,18073,18074,18075,18076,18077,18078,18079,18080,18081,18082,18083,18084,18085,18086,18087,18088,18089,18090,18091,18092,18093,18094,18095,18096,18097,18098,18099,18100,18101,18102,18103,18104,18105,18106,18107,18108,18109,18110,18111,18112,18113,18114,18115,18116,18117,18118,18119,18120,18121,18122,18124,18125,18126,18127,18128,18129,18130,18132,18133,18134,18135,18136,18137,18138,18139,18140,18141,18142,18143,18144,18145,18146,18147,18148,18149,18150,18151,18152,18153,18154,18155,18156,18157,18158,18159,18160,18161,18162,18163,18164,18165,18166,18167,18168,18169,18170,18171,18172,18173,18174,18175,18176,18177,18178,18179,18180,18181,18182,18183,18184,18185,18186,18187,18188,18189,18190,18191,18192,18193,18194,18195,18196,18197,18198,18199,18200,18201,18202,18203,18204,18205,18206,18207,18208,18209,18210,18211,18212,18213,18214,18215,18216,18217,18218,18219,18220,18221,18223,18224,18225,18226,18227,18228,18229,18230,18231,18232,18233,18234,18235,18236,18237,18238,18240,18241,18242,18243,18244,18245,18246,18247,18248,18249,18250,18251,18252,18253,18254,18255,18256,18257,18258,18259,18260,18261,18262,18263,18264,18265,18266,18267,18268,18269,18270,18271,18272,18273,18274,18275,18276,18277,18278,18279,18280,18281,18282,18283,18284,18285,18286,18287,18288,18289,18290}",SDED,2026-03-24 14:41:32.274366+01,gold_establishments_2025,,,,17180001400010,2025,Services de l'Etat,Département,['Cher'],['Centre-Val de Loire'],PREFECTURE,{18},{24}
d2145853-5085-45bc-ab63-1351b2207a96,171900012,Préfecture Corrèze,false,"{19001,19002,19003,19004,19005,19006,19007,19008,19009,19010,19011,19012,19013,19014,19015,19016,19017,19018,19019,19020,19021,19022,19023,19024,19025,19026,19027,19028,19029,19030,19031,19033,19034,19035,19036,19037,19038,19039,19040,19041,19042,19043,19044,19045,19046,19047,19048,19049,19050,19051,19052,19053,19054,19055,19056,19057,19058,19059,19060,19061,19062,19063,19064,19065,19066,19067,19068,19069,19070,19071,19072,19073,19074,19075,19076,19077,19078,19079,19080,19081,19082,19083,19084,19085,19086,19087,19088,19089,19090,19091,19093,19094,19095,19096,19097,19098,19099,19100,19101,19102,19103,19104,19105,19106,19107,19108,19109,19110,19111,19112,19113,19114,19115,19116,19117,19118,19119,19120,19121,19122,19123,19124,19125,19126,19128,19129,19130,19131,19132,19133,19134,19135,19136,19137,19138,19139,19140,19141,19142,19143,19144,19145,19146,19147,19148,19149,19150,19151,19152,19153,19154,19155,19156,19157,19158,19159,19160,19161,19162,19163,19164,19165,19166,19167,19168,19169,19170,19171,19172,19173,19174,19175,19176,19177,19178,19179,19180,19181,19182,19184,19186,19187,19188,19189,19190,19191,19192,19193,19194,19195,19196,19198,19199,19200,19201,19202,19203,19204,19205,19206,19207,19208,19209,19210,19211,19212,19213,19214,19215,19216,19217,19219,19220,19221,19222,19225,19226,19227,19228,19229,19231,19232,19233,19234,19235,19236,19237,19238,19239,19240,19241,19242,19243,19244,19245,19246,19247,19248,19249,19250,19251,19252,19253,19254,19255,19256,19257,19258,19259,19260,19261,19262,19263,19264,19265,19266,19268,19269,19270,19271,19272,19273,19274,19275,19276,19277,19278,19279,19280,19281,19283,19284,19285,19286,19287,19288,19289}",SDED,2026-03-24 14:41:32.274366+01,gold_establishments_2025,,,,17190001200013,2025,Services de l'Etat,Département,['Corrèze'],['Nouvelle-Aquitaine'],PREFECTURE,{19},{75}
3e4e9725-d449-4de7-aef8-64dd92e935f3,172010001,Préfecture Corse,false,"{2A001,2A004,2A006,2A008,2A011,2A014,2A017,2A018,2A019,2A021,2A022,2A024,2A026,2A027,2A028,2A031,2A032,2A035,2A038,2A040,2A041,2A048,2A056,2A060,2A061,2A062,2A064,2A065,2A066,2A070,2A071,2A085,2A089,2A090,2A091,2A092,2A094,2A098,2A099,2A100,2A103,2A104,2A108,2A114,2A115,2A117,2A118,2A119,2A127,2A128,2A129,2A130,2A131,2A132,2A133,2A139,2A141,2A142,2A144,2A146,2A154,2A158,2A160,2A163,2A174,2A181,2A186,2A189,2A191,2A196,2A197,2A198,2A200,2A203,2A204,2A209,2A211,2A212,2A215,2A228,2A232,2A240,2A247,2A249,2A253,2A254,2A258,2A259,2A262,2A266,2A268,2A269,2A270,2A271,2A272,2A276,2A278,2A279,2A282,2A284,2A285,2A288,2A295,2A300,2A308,2A310,2A312,2A322,2A323,2A324,2A326,2A330,2A331,2A336,2A345,2A348,2A349,2A351,2A357,2A358,2A359,2A360,2A362,2A363,2B002,2B003,2B005,2B007,2B009,2B010,2B012,2B013,2B015,2B016,2B020,2B023,2B025,2B029,2B030,2B033,2B034,2B036,2B037,2B039,2B042,2B043,2B045,2B046,2B047,2B049,2B050,2B051,2B052,2B053,2B054,2B055,2B057,2B058,2B059,2B063,2B067,2B068,2B069,2B072,2B073,2B074,2B075,2B077,2B078,2B079,2B080,2B081,2B082,2B083,2B084,2B086,2B087,2B088,2B093,2B095,2B096,2B097,2B101,2B102,2B105,2B106,2B107,2B109,2B110,2B111,2B112,2B113,2B116,2B120,2B121,2B122,2B123,2B124,2B125,2B126,2B134,2B135,2B136,2B137,2B138,2B140,2B143,2B145,2B147,2B148,2B149,2B150,2B152,2B153,2B155,2B156,2B157,2B159,2B161,2B162,2B164,2B165,2B166,2B167,2B168,2B169,2B170,2B171,2B172,2B173,2B175,2B176,2B177,2B178,2B179,2B180,2B182,2B183,2B184,2B185,2B187,2B188,2B190,2B192,2B193,2B194,2B195,2B199,2B201,2B202,2B205,2B206,2B207,2B208,2B210,2B213,2B214,2B216,2B217,2B218,2B219,2B220,2B221,2B222,2B223,2B224,2B225,2B226,2B227,2B229,2B230,2B231,2B233,2B234,2B235,2B236,2B238,2B239,2B241,2B242,2B243,2B244,2B245,2B246,2B248,2B250,2B251,2B252,2B255,2B256,2B257,2B260,2B261,2B263,2B264,2B265,2B267,2B273,2B274,2B275,2B277,2B280,2B281,2B283,2B286,2B287,2B289,2B290,2B291,2B292,2B293,2B296,2B297,2B298,2B299,2B301,2B302,2B303,2B304,2B305,2B306,2B307,2B309,2B311,2B313,2B314,2B315,2B316,2B317,2B318,2B319,2B320,2B321,2B327,2B328,2B329,2B332,2B333,2B334,2B335,2B337,2B338,2B339,2B340,2B341,2B342,2B343,2B344,2B346,2B347,2B350,2B352,2B353,2B354,2B355,2B356,2B361,2B364,2B365,2B366}","",2026-03-24 14:41:32.274366+01,gold_establishments_2025,,,,17201000100011,2025,Services de l'Etat,Région,"['Corse-du-Sud', 'Haute-Corse']",['Corse'],PREFECTURE,"{2A,2B}",{94}
1d17bdf1-c973-4309-aa8b-c702a7fe3fb7,172010019,Préfecture Corse-du-Sud,false,"{2A001,2A004,2A006,2A008,2A011,2A014,2A017,2A018,2A019,2A021,2A022,2A024,2A026,2A027,2A028,2A031,2A032,2A035,2A038,2A040,2A041,2A048,2A056,2A060,2A061,2A062,2A064,2A065,2A066,2A070,2A071,2A085,2A089,2A090,2A091,2A092,2A094,2A098,2A099,2A100,2A103,2A104,2A108,2A114,2A115,2A117,2A118,2A119,2A127,2A128,2A129,2A130,2A131,2A132,2A133,2A139,2A141,2A142,2A144,2A146,2A154,2A158,2A160,2A163,2A174,2A181,2A186,2A189,2A191,2A196,2A197,2A198,2A200,2A203,2A204,2A209,2A211,2A212,2A215,2A228,2A232,2A240,2A247,2A249,2A253,2A254,2A258,2A259,2A262,2A266,2A268,2A269,2A270,2A271,2A272,2A276,2A278,2A279,2A282,2A284,2A285,2A288,2A295,2A300,2A308,2A310,2A312,2A322,2A323,2A324,2A326,2A330,2A331,2A336,2A345,2A348,2A349,2A351,2A357,2A358,2A359,2A360,2A362,2A363}",SDED,2026-03-24 14:41:32.274366+01,gold_establishments_2025,,,,17201001900013,2025,Services de l'Etat,Département,['Corse-du-Sud'],['Corse'],PREFECTURE,{2A},{94}
ba800615-3b1f-4552-8da8-f3edbffa71a6,172300014,Préfecture Creuse,false,"{23001,23002,23003,23004,23005,23006,23007,23008,23009,23010,23011,23012,23013,23014,23015,23016,23017,23018,23019,23020,23021,23022,23024,23025,23026,23027,23028,23029,23030,23031,23032,23033,23034,23035,23036,23037,23038,23039,23040,23041,23042,23043,23044,23045,23046,23047,23048,23049,23050,23051,23052,23053,23054,23055,23056,23057,23058,23059,23060,23061,23062,23063,23064,23065,23066,23067,23068,23069,23070,23071,23072,23073,23074,23075,23076,23077,23078,23079,23080,23081,23082,23083,23084,23086,23087,23088,23089,23090,23091,23092,23093,23095,23096,23097,23098,23099,23100,23101,23102,23103,23104,23105,23106,23107,23108,23109,23110,23111,23112,23113,23114,23115,23116,23117,23118,23119,23120,23122,23123,23124,23125,23127,23128,23129,23130,23131,23132,23133,23134,23136,23137,23138,23139,23140,23141,23142,23143,23144,23145,23146,23147,23148,23149,23150,23151,23152,23154,23155,23156,23157,23158,23159,23160,23162,23164,23165,23166,23167,23168,23169,23170,23171,23172,23173,23174,23175,23176,23177,23178,23179,23180,23181,23182,23183,23184,23185,23186,23187,23188,23189,23190,23191,23192,23193,23194,23195,23196,23197,23198,23199,23200,23201,23202,23203,23204,23205,23206,23207,23208,23209,23210,23211,23212,23213,23214,23215,23216,23217,23218,23219,23220,23221,23222,23223,23224,23225,23226,23227,23228,23229,23230,23232,23233,23234,23235,23236,23237,23238,23239,23240,23241,23242,23243,23244,23245,23246,23247,23248,23249,23250,23251,23252,23253,23254,23255,23257,23258,23259,23260,23261,23262,23263,23264,23265,23266}",SDED,2026-03-24 14:41:32.274366+01,gold_establishments_2025,,,,17230001400013,2025,Services de l'Etat,Département,['Creuse'],['Nouvelle-Aquitaine'],PREFECTURE,{23},{75}
02fd710b-f893-4f8c-84d2-5f8ae1fa1882,172100018,Préfecture Côte-dOr,false,"{21001,21002,21003,21004,21005,21006,21007,21008,21009,21010,21011,21012,21013,21014,21015,21016,21017,21018,21020,21021,21022,21023,21024,21025,21026,21027,21028,21029,21030,21031,21032,21033,21034,21035,21036,21037,21038,21039,21040,21041,21042,21043,21044,21045,21046,21047,21048,21049,21050,21051,21052,21053,21054,21055,21056,21057,21058,21059,21060,21061,21062,21063,21064,21065,21066,21067,21068,21069,21070,21071,21072,21074,21075,21076,21077,21078,21079,21080,21081,21082,21083,21084,21085,21086,21087,21088,21089,21090,21091,21092,21093,21094,21095,21096,21097,21098,21099,21100,21101,21102,21103,21104,21105,21106,21107,21108,21109,21110,21111,21112,21113,21114,21115,21116,21117,21118,21119,21120,21121,21122,21123,21124,21125,21126,21127,21128,21129,21130,21131,21132,21133,21134,21135,21136,21137,21138,21139,21140,21141,21142,21143,21144,21145,21146,21147,21148,21149,21150,21151,21152,21153,21154,21155,21156,21157,21158,21159,21160,21161,21162,21163,21164,21165,21166,21167,21168,21169,21170,21171,21172,21173,21175,21176,21177,21178,21179,21180,21181,21182,21183,21184,21185,21186,21187,21189,21190,21191,21192,21193,21194,21195,21196,21197,21198,21199,21200,21201,21202,21203,21204,21205,21207,21208,21209,21210,21211,21212,21214,21215,21216,21217,21218,21219,21220,21221,21222,21223,21224,21225,21226,21227,21228,21229,21230,21231,21232,21233,21234,21235,21236,21237,21238,21239,21240,21241,21242,21243,21244,21245,21246,21247,21248,21249,21250,21251,21252,21253,21254,21255,21256,21257,21258,21259,21260,21261,21262,21263,21264,21265,21266,21267,21268,21269,21270,21271,21272,21273,21274,21275,21276,21277,21278,21279,21280,21281,21282,21283,21284,21285,21286,21287,21288,21289,21290,21291,21292,21293,21294,21295,21296,21297,21298,21299,21300,21301,21302,21303,21304,21305,21306,21307,21308,21309,21310,21311,21312,21313,21314,21315,21316,21317,21319,21320,21321,21322,21323,21324,21325,21326,21327,21328,21329,21330,21331,21332,21333,21334,21335,21336,21337,21338,21339,21340,21341,21342,21343,21344,21345,21346,21347,21348,21349,21350,21351,21352,21353,21354,21355,21356,21357,21358,21359,21360,21361,21362,21363,21364,21365,21366,21367,21368,21369,21370,21371,21372,21373,21374,21375,21376,21377,21378,21379,21380,21381,21382,21383,21384,21385,21386,21387,21388,21389,21390,21391,21392,21393,21394,21395,21396,21397,21398,21399,21400,21401,21402,21403,21404,21405,21406,21407,21408,21409,21410,21411,21412,21413,21414,21415,21416,21417,21418,21419,21420,21421,21422,21423,21424,21425,21426,21427,21428,21429,21430,21431,21432,21433,21434,21435,21436,21437,21438,21439,21440,21441,21442,21444,21445,21446,21447,21448,21449,21450,21451,21452,21454,21455,21456,21457,21458,21459,21460,21461,21462,21463,21464,21465,21466,21467,21468,21469,21470,21471,21472,21473,21474,21475,21476,21477,21478,21479,21480,21481,21482,21483,21484,21485,21487,21488,21489,21490,21491,21492,21493,21494,21495,21496,21497,21498,21499,21500,21501,21502,21503,21504,21505,21506,21508,21510,21511,21512,21514,21515,21516,21517,21518,21519,21520,21521,21522,21523,21524,21525,21526,21527,21528,21529,21530,21531,21532,21533,21534,21535,21536,21537,21538,21539,21540,21541,21542,21543,21544,21545,21546,21547,21548,21549,21550,21552,21553,21554,21555,21556,21557,21558,21559,21560,21561,21562,21563,21564,21565,21566,21567,21568,21569,21570,21571,21572,21573,21574,21575,21576,21577,21578,21579,21580,21581,21582,21583,21584,21585,21586,21587,21588,21589,21590,21591,21592,21593,21594,21595,21596,21597,21598,21599,21600,21601,21602,21603,21604,21605,21606,21607,21608,21609,21610,21611,21612,21613,21614,21615,21616,21617,21618,21619,21620,21622,21623,21624,21625,21626,21627,21628,21629,21630,21631,21632,21633,21634,21635,21636,21637,21638,21639,21640,21641,21642,21643,21644,21645,21646,21647,21648,21649,21650,21651,21652,21653,21655,21656,21657,21659,21660,21661,21662,21663,21664,21665,21666,21667,21669,21670,21671,21672,21673,21674,21675,21676,21677,21678,21679,21680,21681,21682,21683,21684,21685,21686,21687,21688,21689,21690,21691,21692,21693,21694,21695,21696,21698,21699,21700,21701,21702,21703,21704,21705,21706,21707,21708,21709,21710,21711,21712,21713,21714,21715,21716,21717}",SDED,2026-03-24 14:41:32.274366+01,gold_establishments_2025,,,,17210001800016,2025,Services de l'Etat,Département,['Côte-dOr'],['Bourgogne-Franche-Comté'],PREFECTURE,{21},{27}
38a28e76-cd0b-4ebd-ab51-7c9b027c31c5,172200016,Préfecture Côtes-dArmor,false,"{22001,22002,22003,22004,22005,22006,22008,22009,22011,22012,22013,22014,22015,22016,22018,22019,22020,22021,22023,22024,22025,22026,22028,22029,22030,22031,22032,22033,22034,22035,22036,22037,22039,22040,22041,22042,22044,22045,22046,22047,22048,22049,22050,22052,22053,22054,22055,22056,22057,22059,22060,22061,22062,22063,22064,22065,22067,22068,22069,22070,22071,22072,22073,22074,22075,22076,22077,22079,22081,22082,22083,22084,22085,22086,22087,22088,22090,22091,22092,22093,22094,22095,22096,22097,22098,22099,22101,22103,22104,22105,22106,22107,22108,22109,22110,22111,22112,22113,22114,22115,22116,22117,22118,22119,22121,22122,22124,22126,22127,22128,22129,22131,22132,22133,22134,22135,22136,22137,22138,22139,22140,22141,22143,22144,22145,22146,22147,22148,22149,22150,22152,22153,22155,22156,22157,22158,22160,22161,22162,22163,22164,22165,22166,22168,22169,22170,22171,22172,22174,22175,22176,22177,22178,22179,22180,22181,22182,22183,22184,22185,22186,22187,22188,22189,22190,22193,22194,22195,22196,22197,22198,22199,22201,22202,22203,22204,22205,22206,22207,22208,22209,22210,22211,22212,22213,22214,22215,22216,22217,22218,22219,22220,22221,22222,22223,22224,22225,22226,22227,22228,22229,22231,22232,22233,22234,22235,22236,22237,22238,22239,22240,22241,22242,22243,22244,22245,22246,22248,22249,22250,22251,22254,22255,22256,22257,22258,22259,22260,22261,22262,22263,22264,22265,22266,22267,22268,22269,22271,22272,22273,22274,22275,22276,22277,22278,22279,22280,22281,22282,22283,22284,22285,22286,22287,22288,22289,22291,22293,22294,22295,22296,22299,22300,22302,22304,22305,22306,22307,22308,22310,22311,22312,22313,22314,22315,22316,22317,22318,22319,22320,22321,22322,22323,22324,22325,22326,22327,22328,22330,22331,22332,22333,22334,22335,22337,22338,22339,22340,22341,22342,22343,22344,22345,22346,22347,22348,22349,22350,22351,22352,22353,22354,22356,22358,22359,22360,22361,22362,22363,22364,22365,22366,22368,22369,22370,22371,22372,22373,22375,22376,22377,22378,22379,22380,22381,22383,22384,22385,22386,22387,22388,22389,22390,22391}",SDED,2026-03-24 14:41:32.274366+01,gold_establishments_2025,,,,17220001600019,2025,Services de l'Etat,Département,['Côtes-dArmor'],['Bretagne'],PREFECTURE,{22},{53}
c2c68297-7a5d-4f84-90b6-20bc01aae0de,177900016,Préfecture Deux-Sèvres,false,"{79001,79002,79003,79005,79007,79008,79009,79010,79012,79013,79014,79015,79016,79018,79019,79020,79022,79023,79024,79025,79029,79030,79031,79032,79034,79038,79040,79042,79046,79047,79048,79049,79050,79055,79056,79057,79058,79059,79061,79062,79063,79064,79066,79069,79070,79071,79074,79076,79077,79078,79079,79080,79081,79083,79084,79085,79086,79087,79088,79089,79090,79091,79092,79094,79095,79096,79100,79101,79102,79103,79104,79105,79106,79108,79109,79111,79112,79114,79115,79116,79117,79118,79119,79120,79121,79122,79123,79124,79125,79126,79127,79128,79129,79130,79131,79132,79133,79134,79135,79136,79137,79139,79140,79141,79142,79144,79145,79147,79148,79149,79150,79152,79153,79154,79156,79157,79158,79159,79160,79161,79162,79163,79164,79165,79166,79167,79170,79172,79174,79175,79176,79177,79179,79183,79184,79185,79189,79190,79191,79195,79196,79197,79198,79200,79201,79202,79203,79204,79207,79208,79209,79210,79213,79215,79216,79217,79218,79220,79223,79225,79226,79229,79230,79231,79235,79236,79238,79239,79241,79242,79243,79244,79246,79249,79250,79251,79252,79253,79254,79255,79256,79257,79258,79259,79263,79265,79267,79268,79269,79270,79271,79273,79274,79276,79277,79278,79280,79281,79283,79284,79285,79286,79289,79290,79293,79294,79295,79297,79298,79299,79300,79301,79302,79303,79304,79306,79307,79308,79309,79310,79311,79312,79313,79316,79319,79320,79322,79326,79329,79331,79332,79334,79335,79336,79337,79338,79339,79340,79341,79342,79343,79345,79346,79347,79348,79349,79350,79351,79352,79354,79355,79357}",SDED,2026-03-24 14:41:32.274366+01,gold_establishments_2025,,,,17790001600011,2025,Services de l'Etat,Département,['Deux-Sèvres'],['Nouvelle-Aquitaine'],PREFECTURE,{79},{75}
59e59202-6e0b-40b9-94ef-8660d7c33301,172400012,Préfecture Dordogne,false,"{24001,24002,24004,24005,24006,24007,24008,24009,24010,24011,24012,24014,24015,24016,24018,24019,24020,24021,24022,24023,24024,24025,24026,24027,24028,24029,24030,24031,24032,24034,24035,24036,24037,24038,24039,24040,24042,24043,24045,24046,24048,24050,24051,24052,24053,24054,24055,24056,24057,24058,24059,24060,24061,24062,24063,24064,24066,24067,24068,24069,24070,24071,24073,24074,24075,24076,24077,24080,24081,24082,24083,24084,24085,24086,24087,24088,24090,24091,24094,24095,24096,24097,24098,24100,24101,24102,24104,24105,24106,24107,24108,24109,24110,24111,24113,24114,24115,24116,24117,24119,24120,24121,24122,24123,24124,24126,24128,24129,24130,24131,24132,24133,24134,24135,24136,24137,24138,24139,24140,24141,24142,24143,24144,24145,24146,24147,24148,24150,24151,24152,24153,24154,24155,24156,24157,24158,24159,24160,24161,24162,24163,24164,24165,24167,24168,24171,24172,24174,24175,24176,24177,24179,24180,24182,24183,24184,24186,24188,24189,24190,24191,24192,24193,24194,24195,24196,24197,24199,24200,24202,24205,24206,24207,24208,24209,24210,24211,24212,24213,24214,24215,24216,24217,24218,24220,24221,24222,24223,24224,24225,24226,24227,24228,24229,24230,24231,24232,24234,24236,24237,24238,24240,24241,24242,24243,24244,24245,24246,24247,24248,24251,24252,24253,24254,24255,24256,24257,24259,24260,24261,24262,24263,24264,24266,24267,24268,24269,24271,24272,24273,24274,24276,24277,24278,24279,24280,24281,24282,24284,24285,24286,24287,24288,24289,24290,24291,24292,24293,24294,24295,24296,24297,24299,24300,24301,24302,24303,24304,24305,24306,24307,24308,24309,24311,24312,24313,24316,24317,24318,24319,24320,24321,24322,24323,24324,24325,24326,24327,24328,24329,24330,24331,24334,24335,24336,24337,24338,24339,24340,24341,24345,24346,24347,24348,24349,24350,24351,24352,24353,24354,24355,24356,24357,24359,24360,24361,24362,24364,24365,24366,24367,24370,24371,24372,24373,24374,24375,24376,24377,24378,24379,24380,24381,24382,24383,24384,24385,24386,24388,24390,24392,24393,24394,24395,24396,24397,24398,24399,24401,24403,24404,24405,24406,24407,24408,24409,24410,24411,24412,24413,24414,24415,24416,24417,24418,24419,24420,24421,24422,24423,24424,24425,24426,24428,24429,24432,24434,24436,24437,24438,24441,24442,24443,24444,24445,24446,24448,24449,24450,24451,24452,24453,24454,24455,24456,24457,24458,24459,24460,24461,24462,24463,24464,24465,24466,24468,24470,24471,24472,24473,24474,24476,24477,24478,24479,24480,24481,24482,24483,24484,24485,24486,24487,24488,24489,24490,24491,24492,24493,24494,24495,24496,24498,24499,24500,24501,24502,24504,24505,24507,24508,24509,24510,24511,24512,24513,24514,24515,24516,24517,24518,24519,24520,24521,24522,24523,24524,24525,24526,24527,24528,24529,24531,24532,24533,24534,24535,24536,24537,24538,24540,24541,24542,24543,24544,24545,24546,24547,24548,24549,24550,24551,24552,24553,24554,24555,24557,24558,24559,24560,24562,24563,24564,24565,24566,24567,24568,24569,24570,24571,24572,24573,24574,24575,24576,24577,24580,24581,24582,24584,24585,24586,24587}",SDED,2026-03-24 14:41:32.274366+01,gold_establishments_2025,,,,17240001200016,2025,Services de l'Etat,Département,['Dordogne'],['Nouvelle-Aquitaine'],PREFECTURE,{24},{75}
f8012112-52bf-4d42-8bab-39c0f2094439,172500019,Préfecture Doubs,false,"{25001,25002,25003,25004,25005,25006,25007,25008,25009,25011,25012,25013,25014,25015,25016,25017,25018,25019,25020,25021,25022,25024,25025,25026,25029,25030,25031,25032,25033,25035,25036,25038,25039,25040,25041,25042,25043,25044,25045,25046,25047,25048,25049,25050,25051,25052,25053,25054,25055,25056,25057,25058,25059,25060,25061,25062,25063,25065,25066,25067,25070,25071,25072,25073,25074,25075,25077,25078,25079,25082,25083,25084,25085,25086,25087,25088,25089,25090,25091,25092,25093,25094,25095,25096,25097,25098,25099,25100,25101,25102,25103,25104,25105,25106,25107,25108,25109,25110,25111,25112,25113,25114,25115,25116,25117,25119,25120,25121,25122,25124,25125,25126,25127,25129,25130,25131,25132,25133,25136,25138,25139,25141,25142,25143,25145,25147,25148,25149,25150,25151,25152,25153,25154,25155,25156,25157,25159,25160,25161,25162,25163,25164,25166,25170,25171,25172,25173,25174,25175,25176,25177,25178,25179,25180,25181,25182,25183,25184,25185,25186,25187,25188,25189,25190,25191,25192,25193,25194,25195,25196,25197,25198,25199,25200,25201,25202,25203,25204,25207,25208,25209,25210,25211,25212,25213,25214,25215,25216,25217,25218,25219,25220,25221,25222,25223,25224,25225,25226,25227,25228,25229,25230,25231,25232,25233,25234,25235,25236,25237,25238,25239,25240,25241,25242,25243,25244,25245,25246,25247,25248,25249,25251,25252,25253,25254,25255,25256,25257,25258,25259,25261,25262,25263,25264,25265,25266,25267,25268,25269,25270,25271,25273,25274,25275,25276,25277,25278,25279,25280,25281,25283,25284,25285,25286,25287,25288,25289,25290,25293,25295,25296,25298,25299,25300,25301,25304,25305,25306,25307,25308,25309,25310,25311,25312,25313,25314,25315,25316,25317,25318,25320,25321,25322,25323,25324,25325,25326,25327,25328,25329,25330,25331,25332,25333,25334,25335,25336,25338,25339,25340,25341,25342,25343,25344,25345,25346,25348,25349,25350,25351,25354,25355,25356,25357,25359,25360,25361,25362,25364,25365,25366,25367,25368,25369,25370,25371,25372,25373,25374,25375,25376,25377,25378,25379,25380,25381,25382,25383,25384,25385,25386,25387,25388,25389,25390,25391,25392,25393,25394,25395,25397,25400,25401,25402,25403,25404,25405,25406,25408,25410,25411,25413,25414,25415,25416,25417,25418,25419,25420,25421,25422,25424,25425,25426,25427,25428,25429,25430,25431,25432,25433,25434,25435,25436,25437,25438,25439,25440,25441,25442,25443,25444,25445,25446,25447,25448,25449,25450,25451,25452,25453,25454,25455,25456,25457,25458,25459,25460,25461,25462,25463,25464,25465,25466,25467,25468,25469,25470,25471,25472,25473,25474,25475,25476,25477,25478,25479,25481,25482,25483,25485,25486,25487,25488,25489,25490,25491,25492,25493,25494,25495,25496,25497,25498,25499,25500,25501,25502,25503,25504,25505,25506,25507,25508,25510,25511,25512,25513,25514,25515,25516,25517,25518,25519,25520,25521,25522,25523,25524,25525,25526,25527,25528,25529,25532,25534,25535,25536,25537,25538,25539,25540,25541,25542,25544,25545,25546,25547,25548,25550,25551,25552,25553,25554,25555,25556,25557,25558,25559,25560,25561,25562,25563,25564,25565,25566,25567,25569,25570,25571,25572,25573,25574,25575,25578,25579,25580,25582,25583,25584,25586,25588,25589,25590,25591,25592,25594,25595,25596,25597,25598,25599,25600,25601,25602,25604,25605,25607,25608,25609,25611,25612,25613,25614,25615,25616,25617,25618,25619,25621,25622,25623,25624,25625,25626,25627,25629,25630,25631,25632,25633,25634,25635}",SDED,2026-03-24 14:41:32.274366+01,gold_establishments_2025,,,,17250001900010,2025,Services de l'Etat,Département,['Doubs'],['Bourgogne-Franche-Comté'],PREFECTURE,{25},{27}
d573f024-401a-4f4e-8864-c6de241a37bc,172600017,Préfecture Drôme,false,"{26001,26002,26003,26004,26005,26006,26007,26008,26009,26010,26011,26012,26013,26014,26015,26016,26017,26018,26019,26020,26021,26022,26023,26024,26025,26026,26027,26028,26030,26031,26032,26033,26034,26035,26036,26037,26038,26039,26040,26041,26042,26043,26045,26046,26047,26048,26049,26050,26051,26052,26054,26055,26056,26057,26058,26059,26060,26061,26062,26063,26064,26065,26066,26067,26068,26069,26070,26071,26072,26073,26074,26075,26076,26077,26078,26079,26080,26081,26082,26083,26084,26085,26086,26087,26088,26089,26090,26091,26092,26093,26094,26095,26096,26097,26098,26099,26100,26101,26102,26103,26104,26105,26106,26107,26108,26110,26111,26112,26113,26114,26115,26116,26117,26118,26119,26121,26122,26123,26124,26125,26126,26127,26128,26129,26130,26131,26133,26134,26135,26136,26137,26138,26139,26140,26141,26142,26143,26144,26145,26146,26147,26148,26149,26150,26152,26153,26154,26155,26156,26157,26159,26160,26161,26162,26163,26164,26165,26166,26167,26168,26169,26170,26171,26172,26173,26174,26175,26176,26177,26178,26179,26180,26181,26182,26183,26185,26186,26188,26189,26190,26191,26192,26193,26194,26195,26196,26197,26198,26199,26200,26201,26202,26203,26204,26205,26206,26207,26208,26209,26210,26211,26212,26213,26214,26215,26216,26217,26218,26220,26221,26222,26223,26224,26225,26226,26227,26228,26229,26231,26232,26233,26234,26235,26236,26238,26239,26240,26241,26242,26243,26244,26245,26246,26247,26248,26249,26250,26251,26252,26253,26254,26255,26256,26257,26258,26259,26261,26262,26263,26264,26266,26267,26268,26269,26270,26271,26272,26273,26274,26275,26276,26277,26278,26279,26281,26282,26283,26284,26285,26286,26287,26288,26289,26290,26291,26292,26293,26294,26295,26296,26298,26299,26300,26301,26302,26303,26304,26305,26306,26307,26308,26309,26310,26311,26312,26313,26314,26315,26316,26317,26318,26319,26320,26321,26322,26323,26324,26325,26326,26327,26328,26329,26330,26331,26332,26333,26334,26335,26336,26337,26338,26339,26340,26341,26342,26343,26344,26345,26346,26347,26348,26349,26350,26351,26352,26353,26355,26356,26357,26358,26359,26360,26361,26362,26363,26364,26365,26367,26368,26369,26370,26372,26373,26374,26375,26376,26377,26378,26379,26380,26381,26382}",SDED,2026-03-24 14:41:32.274366+01,gold_establishments_2025,,,,17260001700013,2025,Services de l'Etat,Département,['Drôme'],['Auvergne-Rhône-Alpes'],PREFECTURE,{26},{84}
5beb53c4-0b24-46b2-857f-dfedaede4dde,179100011,Préfecture Essonne,false,"{91001,91016,91017,91021,91022,91027,91035,91037,91038,91041,91044,91045,91047,91064,91067,91069,91075,91079,91080,91081,91085,91086,91093,91095,91097,91098,91099,91100,91103,91105,91106,91109,91111,91112,91114,91115,91121,91122,91129,91130,91131,91132,91135,91136,91137,91145,91148,91156,91159,91161,91174,91175,91179,91180,91184,91186,91191,91195,91198,91200,91201,91204,91207,91215,91216,91223,91225,91226,91228,91232,91235,91240,91243,91244,91247,91248,91249,91272,91273,91274,91275,91284,91286,91292,91293,91294,91312,91315,91318,91319,91326,91330,91332,91333,91338,91339,91340,91345,91347,91359,91363,91374,91376,91377,91378,91386,91390,91393,91399,91405,91408,91411,91412,91414,91421,91425,91432,91433,91434,91435,91441,91457,91458,91461,91463,91468,91469,91471,91473,91477,91479,91482,91494,91495,91507,91508,91511,91514,91519,91521,91525,91526,91533,91534,91538,91540,91544,91546,91547,91549,91552,91553,91556,91560,91568,91570,91573,91577,91578,91579,91581,91587,91589,91593,91599,91600,91602,91613,91617,91619,91629,91630,91631,91634,91635,91639,91645,91648,91649,91654,91657,91659,91661,91662,91665,91666,91667,91671,91679,91685,91687,91689,91691,91692}",SDED,2026-03-24 14:41:32.274366+01,gold_establishments_2025,,,,17910001100016,2025,Services de l'Etat,Département,['Essonne'],['Île-de-France'],PREFECTURE,{91},{11}
82bdb50f-fe2b-47dc-8218-2e89276e3a31,172700015,Préfecture Eure,false,"{27001,27002,27003,27004,27005,27006,27008,27009,27010,27011,27012,27013,27014,27015,27016,27017,27018,27019,27020,27021,27022,27023,27025,27026,27027,27028,27031,27032,27033,27034,27035,27036,27037,27038,27039,27040,27042,27043,27044,27045,27046,27047,27048,27049,27050,27051,27052,27053,27054,27055,27056,27057,27059,27061,27062,27063,27064,27065,27066,27067,27068,27069,27070,27071,27072,27073,27074,27075,27076,27077,27078,27079,27081,27082,27083,27085,27089,27090,27091,27094,27095,27096,27097,27098,27099,27100,27101,27102,27103,27104,27105,27106,27107,27108,27109,27110,27111,27112,27113,27114,27115,27116,27117,27118,27119,27120,27123,27124,27125,27126,27127,27129,27130,27132,27133,27134,27135,27136,27137,27138,27139,27140,27141,27142,27144,27146,27147,27148,27149,27151,27152,27153,27154,27155,27156,27157,27158,27161,27162,27163,27164,27165,27167,27168,27169,27170,27171,27173,27174,27176,27177,27179,27180,27181,27182,27183,27184,27185,27187,27188,27189,27190,27191,27192,27193,27194,27196,27198,27199,27200,27201,27202,27203,27204,27205,27206,27207,27208,27209,27210,27212,27213,27214,27215,27216,27217,27218,27219,27220,27222,27224,27226,27227,27228,27229,27230,27231,27232,27233,27234,27235,27237,27238,27239,27240,27241,27242,27243,27245,27246,27247,27248,27249,27251,27252,27254,27256,27258,27259,27260,27261,27263,27266,27267,27269,27271,27273,27275,27276,27277,27278,27279,27280,27281,27282,27284,27285,27286,27287,27288,27289,27290,27291,27294,27295,27298,27299,27300,27301,27302,27304,27306,27307,27309,27310,27311,27312,27313,27315,27316,27317,27318,27319,27320,27321,27322,27323,27324,27325,27326,27327,27329,27330,27331,27332,27333,27334,27335,27336,27337,27338,27339,27340,27341,27342,27343,27345,27346,27347,27348,27349,27350,27351,27353,27354,27355,27358,27359,27360,27361,27363,27364,27365,27366,27367,27368,27369,27370,27371,27372,27373,27374,27375,27376,27377,27378,27379,27380,27381,27382,27383,27384,27385,27386,27388,27389,27390,27391,27392,27393,27394,27395,27396,27397,27398,27399,27400,27401,27403,27404,27405,27406,27407,27408,27410,27411,27412,27413,27414,27415,27417,27418,27419,27420,27421,27422,27423,27424,27425,27426,27427,27428,27429,27430,27431,27432,27433,27434,27435,27436,27437,27438,27439,27440,27441,27442,27444,27445,27446,27447,27448,27451,27453,27454,27455,27456,27457,27458,27459,27460,27462,27463,27464,27465,27466,27467,27468,27469,27470,27471,27472,27473,27474,27475,27476,27477,27478,27480,27481,27482,27483,27485,27486,27487,27488,27489,27490,27492,27493,27495,27496,27497,27498,27500,27501,27502,27504,27505,27507,27508,27511,27512,27514,27516,27517,27518,27520,27521,27522,27524,27525,27527,27528,27529,27530,27531,27533,27534,27535,27536,27537,27538,27539,27540,27541,27542,27543,27544,27545,27546,27547,27548,27550,27552,27553,27554,27555,27556,27557,27558,27560,27561,27562,27563,27564,27565,27567,27568,27569,27570,27571,27572,27576,27577,27578,27579,27580,27582,27584,27586,27587,27589,27590,27591,27592,27593,27594,27595,27597,27598,27599,27601,27602,27603,27604,27605,27606,27608,27609,27610,27611,27612,27613,27614,27615,27616,27617,27618,27620,27621,27622,27623,27624,27625,27627,27629,27630,27631,27632,27633,27635,27638,27640,27641,27643,27644,27645,27646,27649,27650,27652,27654,27655,27656,27658,27659,27660,27661,27662,27663,27664,27665,27666,27667,27668,27669,27670,27671,27672,27673,27674,27676,27677,27678,27679,27680,27681,27682,27683,27684,27685,27686,27689,27690,27691,27692,27693,27694,27695,27696,27697,27698,27699,27700,27701}",SDED,2026-03-24 14:41:32.274366+01,gold_establishments_2025,,,,17270001500016,2025,Services de l'Etat,Département,['Eure'],['Normandie'],PREFECTURE,{27},{28}
7a5c0e6e-2231-469d-b10f-f4ccc99db37a,172800013,Préfecture Eure-et-Loir,false,"{28001,28003,28004,28005,28006,28007,28008,28009,28010,28012,28013,28014,28015,28016,28018,28019,28021,28022,28023,28024,28026,28027,28028,28029,28030,28031,28032,28033,28034,28035,28036,28037,28038,28039,28040,28041,28045,28046,28047,28048,28049,28050,28051,28052,28053,28054,28055,28056,28057,28058,28059,28060,28061,28062,28064,28065,28067,28068,28070,28071,28072,28073,28074,28075,28076,28077,28078,28079,28080,28081,28082,28084,28085,28086,28087,28088,28089,28090,28091,28092,28094,28095,28096,28098,28099,28100,28102,28103,28104,28105,28106,28107,28108,28109,28110,28111,28113,28114,28116,28117,28118,28119,28120,28121,28122,28123,28124,28126,28127,28128,28129,28130,28132,28134,28135,28136,28137,28139,28140,28141,28142,28143,28144,28146,28147,28148,28149,28151,28153,28154,28155,28156,28157,28158,28159,28160,28161,28162,28163,28164,28166,28167,28168,28169,28170,28171,28172,28173,28175,28176,28177,28178,28180,28182,28183,28184,28185,28187,28188,28189,28190,28191,28192,28193,28194,28195,28196,28197,28198,28199,28200,28201,28202,28203,28206,28207,28208,28209,28210,28211,28212,28213,28214,28215,28216,28217,28218,28219,28220,28221,28222,28223,28225,28226,28227,28229,28230,28231,28232,28233,28234,28235,28236,28237,28239,28240,28242,28243,28245,28246,28247,28248,28249,28251,28252,28253,28254,28255,28256,28257,28259,28260,28261,28263,28264,28265,28267,28268,28269,28270,28271,28272,28273,28274,28275,28277,28278,28279,28280,28281,28282,28283,28284,28285,28286,28287,28289,28290,28291,28292,28293,28294,28296,28298,28299,28300,28301,28302,28303,28304,28305,28306,28308,28309,28310,28312,28313,28314,28315,28316,28317,28319,28321,28322,28323,28324,28325,28326,28327,28329,28330,28331,28332,28333,28334,28335,28336,28337,28339,28341,28342,28343,28344,28346,28347,28348,28349,28350,28351,28352,28353,28354,28355,28357,28358,28359,28360,28362,28363,28364,28365,28366,28367,28368,28369,28370,28371,28372,28373,28374,28375,28377,28378,28379,28380,28382,28383,28385,28386,28387,28388,28389,28390,28391,28392,28393,28394,28395,28396,28397,28398,28400,28401,28403,28404,28405,28406,28407,28408,28409,28410,28411,28414,28415,28417,28418,28419,28421,28422,28423,28424,28425,28426}",SDED,2026-03-24 14:41:32.274366+01,gold_establishments_2025,,,,17280001300010,2025,Services de l'Etat,Département,['Eure-et-Loir'],['Centre-Val de Loire'],PREFECTURE,{28},{24}
31c7e6a9-632b-4c65-be6f-a4e1f4657123,172900011,Préfecture Finistère,false,"{29001,29002,29003,29004,29005,29006,29007,29008,29010,29011,29012,29013,29014,29015,29016,29017,29018,29019,29020,29021,29022,29023,29024,29025,29026,29027,29028,29029,29030,29031,29032,29033,29034,29035,29036,29037,29038,29039,29040,29041,29042,29043,29044,29045,29046,29047,29048,29049,29051,29053,29054,29055,29056,29057,29058,29059,29060,29061,29062,29063,29064,29065,29066,29067,29068,29069,29070,29071,29072,29073,29074,29075,29076,29077,29078,29079,29080,29081,29082,29083,29084,29085,29086,29087,29089,29090,29091,29093,29094,29095,29097,29098,29099,29100,29101,29102,29103,29104,29105,29106,29107,29108,29109,29110,29111,29112,29113,29114,29115,29116,29117,29119,29120,29122,29123,29124,29125,29126,29128,29130,29131,29132,29133,29134,29135,29136,29137,29139,29140,29141,29142,29143,29144,29145,29146,29147,29148,29150,29151,29152,29153,29155,29156,29158,29159,29160,29161,29162,29163,29165,29166,29167,29168,29169,29170,29171,29172,29173,29174,29175,29176,29177,29178,29179,29180,29181,29182,29183,29184,29185,29186,29187,29188,29189,29190,29191,29192,29193,29195,29196,29197,29198,29199,29201,29202,29204,29205,29206,29207,29208,29209,29210,29211,29212,29213,29214,29215,29216,29217,29218,29220,29221,29222,29224,29225,29226,29227,29228,29229,29230,29232,29233,29234,29235,29236,29237,29238,29239,29240,29241,29243,29244,29245,29246,29247,29248,29249,29250,29251,29252,29254,29255,29256,29257,29259,29260,29261,29262,29263,29264,29265,29266,29267,29268,29269,29270,29271,29272,29273,29274,29275,29276,29277,29278,29279,29280,29281,29282,29284,29285,29286,29287,29288,29289,29290,29291,29292,29293,29294,29295,29296,29297,29298,29299,29300,29301,29302}",SDED,2026-03-24 14:41:32.274366+01,gold_establishments_2025,,,,17290001100013,2025,Services de l'Etat,Département,['Finistère'],['Bretagne'],PREFECTURE,{29},{53}
ecbc95cc-c02d-4b4b-8477-21dd0fc84534,173000019,Préfecture Gard,false,"{30001,30002,30003,30004,30005,30006,30007,30008,30009,30010,30011,30012,30013,30014,30015,30016,30017,30018,30019,30020,30021,30022,30023,30024,30025,30026,30027,30028,30029,30030,30031,30032,30033,30034,30035,30036,30037,30038,30039,30040,30041,30042,30043,30044,30045,30046,30047,30048,30049,30050,30051,30052,30053,30054,30055,30056,30057,30058,30059,30060,30061,30062,30064,30065,30066,30067,30068,30069,30070,30071,30072,30073,30074,30075,30076,30077,30079,30080,30081,30082,30083,30084,30085,30086,30087,30088,30089,30090,30091,30092,30093,30095,30096,30097,30098,30099,30100,30101,30102,30103,30104,30105,30106,30107,30108,30109,30110,30111,30112,30113,30114,30115,30116,30117,30119,30120,30121,30122,30123,30124,30125,30126,30127,30128,30129,30130,30131,30132,30133,30134,30135,30136,30137,30138,30139,30140,30141,30142,30143,30144,30145,30146,30147,30148,30149,30150,30151,30152,30153,30154,30155,30156,30158,30159,30160,30161,30162,30163,30164,30165,30166,30167,30168,30169,30170,30171,30172,30173,30174,30175,30176,30177,30178,30179,30180,30181,30182,30183,30184,30185,30186,30187,30188,30189,30191,30192,30193,30194,30195,30196,30197,30198,30199,30200,30201,30202,30203,30204,30205,30206,30207,30208,30209,30210,30211,30212,30213,30214,30215,30216,30217,30218,30219,30220,30221,30222,30223,30224,30225,30226,30227,30228,30229,30230,30231,30232,30233,30234,30235,30236,30237,30238,30239,30240,30241,30242,30243,30244,30245,30246,30247,30248,30249,30250,30251,30252,30253,30254,30255,30256,30257,30258,30259,30260,30261,30262,30263,30264,30265,30266,30267,30268,30269,30270,30271,30272,30273,30274,30275,30276,30277,30278,30279,30280,30281,30282,30283,30284,30285,30286,30287,30288,30289,30290,30291,30292,30293,30294,30295,30296,30297,30298,30299,30300,30301,30302,30303,30304,30305,30306,30307,30308,30309,30310,30311,30312,30313,30314,30315,30316,30317,30318,30319,30320,30321,30322,30323,30324,30325,30326,30327,30328,30329,30330,30331,30332,30333,30334,30335,30336,30337,30338,30339,30340,30341,30342,30343,30344,30345,30346,30347,30348,30349,30350,30351,30352,30353,30354,30355,30356}",SDED,2026-03-24 14:41:32.274366+01,gold_establishments_2025,,,,17300001900013,2025,Services de l'Etat,Département,['Gard'],['Occitanie'],PREFECTURE,{30},{76}
775ec1a8-5fdf-4d21-9876-06ee5f6bc7b1,173200015,Préfecture Gers,false,"{32001,32002,32003,32004,32005,32007,32008,32009,32010,32012,32013,32014,32015,32016,32017,32018,32019,32020,32021,32022,32023,32024,32025,32026,32027,32028,32029,32030,32031,32032,32033,32034,32035,32036,32037,32038,32039,32040,32041,32042,32043,32044,32045,32046,32047,32048,32049,32050,32051,32052,32053,32054,32055,32056,32057,32058,32059,32060,32061,32062,32063,32064,32065,32066,32068,32069,32070,32071,32072,32073,32075,32076,32077,32078,32079,32080,32081,32082,32083,32084,32085,32086,32087,32088,32089,32090,32091,32092,32093,32094,32095,32096,32097,32098,32099,32100,32101,32102,32103,32104,32105,32106,32107,32108,32109,32110,32111,32112,32113,32114,32115,32116,32117,32118,32119,32120,32121,32122,32123,32124,32125,32126,32127,32128,32129,32130,32131,32132,32133,32134,32135,32136,32138,32139,32140,32141,32142,32143,32144,32145,32146,32147,32148,32149,32150,32151,32152,32153,32154,32155,32156,32157,32158,32159,32160,32161,32162,32163,32164,32165,32166,32167,32169,32170,32171,32172,32173,32174,32175,32176,32177,32178,32180,32181,32182,32183,32184,32185,32186,32187,32188,32189,32190,32191,32192,32193,32194,32195,32196,32197,32198,32199,32200,32201,32202,32203,32204,32205,32206,32207,32208,32209,32210,32211,32212,32213,32214,32215,32216,32217,32218,32219,32220,32221,32222,32223,32224,32225,32226,32227,32228,32229,32230,32231,32232,32233,32234,32235,32236,32237,32238,32239,32240,32241,32242,32243,32244,32245,32246,32247,32248,32249,32250,32251,32252,32253,32254,32255,32256,32257,32258,32261,32262,32263,32264,32265,32266,32267,32268,32269,32270,32271,32272,32273,32274,32275,32276,32277,32278,32279,32280,32281,32282,32283,32284,32285,32286,32287,32288,32289,32290,32291,32292,32293,32294,32295,32296,32297,32298,32299,32300,32301,32302,32303,32304,32305,32306,32307,32308,32309,32310,32311,32312,32313,32314,32315,32316,32317,32318,32319,32320,32321,32322,32323,32324,32325,32326,32327,32328,32329,32330,32331,32332,32333,32334,32335,32336,32337,32338,32339,32340,32341,32342,32343,32344,32345,32346,32347,32348,32349,32350,32351,32352,32353,32354,32355,32356,32357,32358,32359,32360,32361,32362,32363,32364,32365,32366,32367,32368,32369,32370,32371,32372,32373,32374,32375,32376,32377,32378,32379,32380,32381,32382,32383,32384,32385,32386,32387,32388,32389,32390,32391,32392,32393,32394,32395,32396,32397,32398,32399,32400,32401,32402,32403,32404,32405,32406,32407,32408,32409,32410,32411,32412,32414,32415,32416,32417,32418,32419,32420,32421,32422,32423,32424,32425,32426,32427,32428,32429,32430,32431,32432,32433,32434,32435,32436,32437,32438,32439,32440,32441,32442,32443,32444,32445,32446,32447,32448,32449,32450,32451,32452,32453,32454,32455,32456,32457,32458,32459,32460,32461,32462,32463,32464,32465,32466,32467,32468}",SDED,2026-03-24 14:41:32.274366+01,gold_establishments_2025,,,,17320001500019,2025,Services de l'Etat,Département,['Gers'],['Occitanie'],PREFECTURE,{32},{76}
abc716f8-5a1f-4c64-adb8-4e4547a1f802,173300013,Préfecture Gironde,false,"{33001,33002,33003,33004,33005,33006,33007,33008,33009,33010,33011,33012,33013,33014,33015,33016,33017,33018,33019,33020,33021,33022,33023,33024,33025,33026,33027,33028,33029,33030,33031,33032,33033,33034,33035,33036,33037,33038,33039,33040,33042,33043,33044,33045,33046,33047,33048,33049,33050,33051,33052,33053,33054,33055,33056,33057,33058,33059,33060,33061,33062,33063,33064,33065,33066,33067,33068,33069,33070,33071,33072,33073,33074,33075,33076,33077,33078,33079,33080,33081,33082,33083,33084,33085,33086,33087,33088,33089,33090,33093,33094,33095,33096,33097,33098,33099,33100,33101,33102,33103,33104,33105,33106,33108,33109,33111,33112,33113,33114,33115,33116,33117,33118,33119,33120,33121,33122,33123,33124,33125,33126,33127,33128,33129,33130,33131,33132,33133,33134,33135,33136,33137,33138,33139,33140,33141,33142,33143,33144,33145,33146,33147,33148,33149,33150,33151,33152,33153,33154,33155,33156,33157,33158,33159,33160,33161,33162,33163,33164,33165,33166,33167,33168,33169,33170,33171,33172,33173,33174,33175,33176,33177,33178,33179,33180,33181,33182,33183,33184,33185,33186,33187,33188,33189,33190,33191,33192,33193,33194,33195,33196,33197,33198,33199,33200,33201,33202,33203,33204,33205,33206,33207,33208,33209,33210,33211,33212,33213,33214,33215,33216,33218,33219,33220,33221,33222,33223,33224,33225,33226,33227,33228,33229,33230,33231,33232,33233,33234,33235,33236,33237,33238,33239,33240,33241,33242,33243,33244,33245,33246,33247,33248,33249,33250,33251,33252,33253,33254,33255,33256,33257,33258,33259,33260,33261,33262,33263,33264,33266,33268,33269,33270,33271,33272,33273,33274,33275,33276,33277,33278,33279,33280,33281,33282,33283,33284,33285,33287,33288,33289,33290,33291,33292,33293,33294,33295,33296,33297,33298,33299,33300,33301,33302,33303,33304,33305,33306,33307,33308,33309,33310,33311,33312,33314,33315,33316,33317,33318,33319,33320,33321,33322,33323,33324,33325,33326,33327,33328,33329,33330,33331,33332,33333,33334,33335,33336,33337,33339,33341,33342,33343,33344,33345,33346,33347,33348,33349,33350,33351,33352,33353,33354,33355,33356,33357,33358,33359,33360,33361,33362,33363,33364,33365,33366,33367,33369,33370,33372,33373,33374,33375,33376,33377,33378,33379,33380,33381,33382,33383,33384,33385,33386,33387,33388,33389,33390,33391,33392,33393,33394,33395,33396,33397,33398,33399,33400,33401,33402,33403,33404,33405,33406,33407,33408,33411,33412,33413,33414,33415,33416,33417,33418,33419,33420,33421,33422,33423,33424,33425,33426,33427,33428,33429,33431,33432,33433,33434,33435,33436,33437,33438,33439,33440,33441,33442,33443,33444,33445,33446,33447,33448,33449,33450,33451,33452,33453,33454,33456,33457,33458,33459,33460,33461,33462,33463,33464,33465,33466,33467,33468,33470,33471,33472,33473,33474,33475,33476,33477,33478,33479,33480,33481,33482,33483,33484,33485,33486,33487,33488,33489,33490,33491,33492,33493,33494,33496,33498,33499,33500,33501,33502,33503,33504,33505,33506,33507,33508,33509,33510,33511,33512,33513,33514,33515,33516,33517,33518,33519,33520,33521,33522,33523,33524,33525,33526,33527,33528,33529,33530,33531,33532,33533,33534,33535,33536,33537,33538,33539,33540,33541,33542,33543,33544,33545,33546,33547,33548,33549,33550,33551,33552,33553,33554,33555}",SDED,2026-03-24 14:41:32.274366+01,gold_establishments_2025,,,,17330001300013,2025,Services de l'Etat,Département,['Gironde'],['Nouvelle-Aquitaine'],PREFECTURE,{33},{75}
1ced2c9b-80b3-4594-b579-989468af7648,176700003,Préfecture Grand Est,false,"{08001,08003,08004,08005,08006,08008,08010,08011,08013,08014,08015,08016,08017,08018,08019,08020,08021,08022,08023,08024,08025,08026,08027,08028,08029,08030,08031,08032,08033,08034,08035,08036,08037,08038,08039,08040,08041,08043,08044,08045,08046,08047,08048,08049,08052,08053,08055,08056,08057,08058,08059,08060,08061,08062,08063,08064,08065,08066,08067,08069,08070,08071,08073,08074,08075,08076,08077,08078,08080,08081,08082,08083,08084,08085,08086,08087,08088,08089,08090,08092,08094,08095,08096,08097,08098,08099,08100,08101,08102,08103,08104,08105,08106,08107,08109,08110,08111,08113,08115,08116,08117,08119,08120,08121,08122,08123,08124,08125,08126,08128,08130,08131,08132,08133,08134,08135,08136,08137,08138,08139,08140,08141,08142,08143,08144,08145,08146,08147,08148,08149,08150,08151,08153,08154,08155,08156,08158,08159,08160,08161,08162,08163,08164,08165,08166,08167,08168,08169,08170,08171,08172,08173,08174,08175,08176,08178,08179,08180,08182,08183,08184,08185,08186,08187,08188,08189,08190,08191,08192,08193,08194,08195,08196,08197,08198,08199,08200,08201,08202,08203,08204,08205,08206,08207,08208,08209,08210,08211,08212,08214,08215,08216,08217,08218,08219,08220,08222,08223,08225,08226,08228,08229,08230,08232,08233,08234,08235,08236,08237,08238,08239,08240,08242,08243,08244,08245,08246,08247,08248,08249,08250,08251,08252,08254,08255,08256,08257,08259,08260,08262,08263,08264,08268,08269,08271,08272,08273,08274,08275,08276,08277,08278,08279,08280,08281,08282,08283,08284,08286,08287,08288,08289,08291,08293,08295,08296,08297,08298,08301,08302,08303,08304,08305,08306,08307,08308,08309,08310,08311,08312,08313,08314,08315,08316,08317,08318,08319,08320,08321,08322,08323,08324,08325,08326,08327,08328,08329,08330,08331,08332,08333,08334,08335,08336,08338,08339,08340,08341,08342,08343,08344,08346,08347,08348,08349,08350,08351,08352,08353,08354,08355,08356,08357,08358,08360,08361,08362,08363,08364,08365,08366,08367,08368,08369,08370,08372,08373,08374,08375,08376,08377,08378,08379,08380,08381,08382,08383,08384,08385,08386,08387,08388,08389,08390,08391,08392,08393,08394,08395,08396,08397,08398,08399,08400,08401,08402,08403,08404,08405,08406,08407,08408,08409,08410,08411,08412,08413,08415,08416,08417,08418,08419,08420,08421,08422,08424,08425,08426,08427,08428,08429,08430,08431,08432,08433,08434,08435,08436,08437,08438,08439,08440,08444,08445,08446,08448,08449,08450,08451,08452,08453,08454,08455,08456,08457,08458,08459,08460,08461,08462,08463,08464,08465,08466,08467,08468,08469,08470,08471,08472,08473,08476,08477,08478,08479,08480,08481,08482,08483,08484,08485,08486,08487,08488,08489,08490,08491,08492,08494,08496,08497,08498,08499,08500,08501,08502,08503,10002,10003,10004,10005,10006,10007,10008,10009,10010,10011,10012,10013,10014,10015,10017,10018,10019,10020,10021,10022,10023,10024,10025,10026,10027,10028,10029,10030,10031,10032,10033,10034,10035,10037,10038,10039,10040,10041,10042,10043,10044,10045,10046,10047,10048,10049,10050,10051,10052,10053,10054,10055,10056,10057,10058,10059,10060,10061,10062,10063,10064,10065,10066,10067,10068,10069,10070,10071,10072,10073,10074,10075,10076,10077,10078,10079,10080,10081,10082,10083,10084,10085,10086,10087,10089,10090,10091,10092,10093,10094,10095,10096,10097,10098,10099,10100,10101,10102,10103,10104,10105,10106,10107,10108,10109,10110,10111,10112,10113,10114,10115,10116,10117,10118,10119,10120,10121,10122,10123,10124,10125,10126,10127,10128,10129,10130,10131,10132,10133,10134,10135,10136,10137,10138,10139,10140,10141,10142,10143,10144,10145,10146,10147,10148,10149,10150,10151,10153,10154,10155,10156,10157,10158,10159,10160,10161,10162,10163,10164,10165,10166,10167,10168,10169,10170,10171,10172,10173,10174,10175,10176,10177,10178,10179,10180,10181,10182,10183,10184,10185,10186,10187,10188,10189,10190,10191,10192,10193,10194,10195,10196,10197,10198,10199,10200,10201,10202,10203,10204,10205,10206,10207,10208,10209,10210,10211,10212,10213,10214,10215,10216,10217,10218,10219,10220,10221,10222,10223,10224,10225,10226,10227,10228,10229,10230,10231,10232,10233,10234,10235,10236,10237,10238,10239,10240,10241,10242,10243,10245,10246,10247,10248,10249,10250,10251,10252,10253,10254,10255,10256,10257,10258,10259,10260,10261,10262,10263,10264,10265,10266,10267,10268,10269,10270,10271,10272,10273,10274,10275,10276,10278,10279,10280,10281,10282,10283,10284,10285,10286,10287,10288,10289,10290,10291,10293,10294,10295,10296,10297,10298,10299,10300,10301,10302,10303,10304,10305,10306,10307,10308,10309,10310,10312,10313,10314,10315,10316,10317,10318,10319,10320,10321,10323,10324,10325,10326,10327,10328,10329,10330,10331,10332,10333,10334,10335,10336,10337,10338,10339,10340,10341,10342,10343,10344,10345,10346,10347,10348,10349,10350,10351,10352,10353,10354,10355,10356,10357,10358,10359,10360,10361,10362,10363,10364,10365,10366,10367,10368,10369,10370,10371,10372,10373,10374,10375,10376,10377,10378,10379,10380,10381,10382,10383,10384,10386,10387,10388,10389,10390,10391,10392,10393,10394,10395,10396,10397,10398,10399,10400,10401,10402,10403,10404,10405,10406,10408,10409,10410,10411,10412,10414,10416,10417,10418,10419,10420,10421,10422,10423,10424,10425,10426,10427,10428,10429,10430,10431,10432,10433,10434,10435,10436,10437,10438,10439,10440,10441,10442,10443,10444,10445,51001,51002,51003,51004,51005,51006,51007,51008,51009,51010,51012,51013,51014,51015,51016,51017,51018,51019,51020,51022,51023,51025,51027,51028,51029,51030,51031,51032,51033,51034,51035,51036,51037,51038,51039,51040,51041,51042,51043,51044,51045,51046,51047,51048,51049,51050,51051,51052,51053,51054,51055,51056,51057,51058,51059,51060,51061,51062,51065,51066,51068,51069,51070,51071,51072,51073,51074,51075,51076,51077,51078,51079,51080,51081,51082,51083,51084,51085,51086,51087,51088,51089,51090,51091,51092,51093,51094,51095,51097,51098,51099,51100,51101,51102,51103,51104,51105,51106,51107,51108,51109,51110,51111,51112,51113,51115,51116,51117,51118,51119,51120,51121,51122,51124,51125,51126,51127,51128,51129,51130,51132,51133,51134,51135,51136,51137,51138,51139,51140,51141,51142,51143,51144,51145,51146,51147,51148,51149,51150,51151,51152,51153,51154,51155,51156,51157,51158,51160,51161,51162,51163,51164,51165,51166,51167,51168,51169,51170,51171,51172,51173,51174,51175,51176,51177,51178,51179,51181,51182,51183,51184,51185,51186,51187,51188,51190,51191,51192,51193,51194,51195,51196,51197,51198,51199,51200,51201,51202,51203,51204,51206,51208,51210,51211,51212,51213,51214,51215,51216,51217,51218,51219,51220,51222,51223,51224,51225,51226,51227,51228,51229,51230,51231,51232,51233,51234,51235,51236,51237,51238,51239,51240,51241,51242,51243,51244,51245,51246,51247,51248,51249,51250,51251,51252,51253,51254,51255,51256,51258,51259,51260,51262,51263,51264,51265,51266,51267,51268,51269,51270,51272,51273,51274,51275,51276,51277,51278,51279,51280,51281,51282,51283,51284,51285,51286,51287,51288,51289,51290,51291,51292,51293,51294,51295,51296,51298,51299,51300,51301,51302,51303,51304,51305,51306,51307,51308,51309,51310,51311,51312,51313,51314,51315,51316,51317,51318,51319,51320,51321,51322,51323,51324,51325,51326,51327,51328,51329,51333,51334,51336,51337,51338,51339,51340,51341,51342,51343,51344,51345,51346,51348,51349,51350,51351,51352,51353,51354,51355,51356,51357,51358,51359,51360,51361,51362,51363,51364,51365,51367,51368,51369,51370,51371,51372,51373,51374,51375,51376,51377,51378,51379,51380,51381,51382,51384,51386,51387,51388,51389,51390,51391,51392,51393,51395,51396,51397,51398,51399,51402,51403,51404,51406,51407,51409,51410,51412,51413,51414,51415,51416,51417,51418,51419,51420,51421,51422,51423,51424,51425,51426,51428,51429,51430,51431,51432,51433,51434,51435,51436,51437,51438,51439,51440,51441,51442,51443,51444,51445,51446,51447,51448,51449,51450,51451,51452,51453,51454,51455,51456,51457,51458,51459,51460,51461,51463,51464,51465,51466,51468,51469,51470,51471,51472,51473,51474,51475,51476,51477,51478,51479,51480,51482,51483,51484,51485,51486,51487,51488,51489,51490,51491,51492,51493,51495,51496,51497,51498,51499,51500,51501,51502,51503,51504,51505,51506,51507,51508,51509,51510,51511,51512,51513,51514,51515,51516,51517,51518,51519,51520,51521,51522,51523,51524,51525,51526,51527,51528,51529,51530,51531,51532,51533,51534,51535,51536,51537,51538,51539,51542,51543,51544,51545,51546,51547,51548,51549,51550,51551,51552,51553,51555,51556,51557,51558,51559,51560,51562,51563,51564,51565,51566,51567,51568,51569,51570,51571,51572,51573,51574,51576,51577,51578,51579,51580,51581,51582,51583,51584,51585,51586,51587,51588,51589,51590,51591,51592,51594,51595,51596,51597,51598,51599,51600,51601,51602,51603,51604,51605,51607,51608,51609,51610,51611,51612,51613,51614,51616,51617,51618,51619,51620,51621,51622,51623,51624,51625,51626,51627,51628,51629,51630,51631,51632,51633,51634,51635,51636,51638,51639,51640,51641,51642,51643,51644,51645,51646,51647,51648,51649,51650,51652,51654,51655,51656,51657,51658,51659,51660,51662,51663,52001,52002,52003,52004,52005,52006,52007,52008,52009,52011,52012,52013,52014,52015,52016,52017,52019,52021,52022,52023,52025,52027,52028,52029,52030,52031,52033,52034,52035,52037,52038,52039,52040,52042,52043,52044,52045,52047,52050,52051,52053,52055,52056,52057,52058,52059,52060,52061,52062,52063,52064,52065,52066,52067,52069,52070,52072,52074,52075,52076,52079,52082,52083,52084,52085,52087,52088,52089,52090,52091,52092,52093,52094,52095,52097,52099,52101,52102,52103,52104,52105,52106,52107,52108,52109,52110,52113,52114,52115,52116,52118,52119,52120,52121,52122,52123,52124,52125,52126,52127,52128,52129,52130,52131,52132,52133,52134,52135,52136,52137,52138,52140,52141,52142,52145,52146,52147,52149,52151,52155,52156,52157,52158,52159,52160,52161,52162,52163,52164,52165,52167,52168,52169,52170,52171,52172,52173,52174,52175,52177,52178,52179,52181,52182,52183,52184,52185,52187,52189,52190,52193,52194,52195,52196,52197,52198,52199,52200,52201,52203,52204,52205,52206,52207,52208,52211,52212,52213,52214,52216,52217,52218,52219,52220,52221,52222,52223,52227,52228,52229,52230,52231,52232,52233,52234,52235,52237,52240,52242,52243,52244,52245,52246,52247,52248,52249,52250,52251,52253,52254,52256,52257,52258,52260,52264,52265,52266,52267,52269,52271,52272,52273,52274,52275,52276,52277,52278,52280,52282,52284,52285,52286,52287,52288,52289,52290,52291,52292,52294,52295,52297,52298,52300,52301,52302,52303,52304,52305,52306,52307,52308,52310,52311,52312,52313,52315,52316,52318,52319,52320,52321,52322,52325,52326,52327,52328,52330,52331,52332,52335,52336,52337,52341,52342,52344,52346,52347,52348,52349,52350,52352,52353,52354,52355,52356,52357,52358,52359,52360,52362,52363,52364,52365,52366,52367,52369,52370,52371,52372,52373,52374,52375,52376,52377,52378,52380,52383,52384,52385,52386,52388,52390,52391,52392,52393,52394,52395,52396,52397,52398,52399,52400,52401,52403,52405,52406,52407,52411,52413,52414,52415,52416,52419,52420,52421,52422,52423,52424,52425,52426,52428,52429,52431,52432,52433,52436,52437,52438,52439,52440,52442,52443,52444,52445,52446,52447,52448,52449,52450,52452,52453,52455,52456,52457,52459,52461,52463,52464,52465,52467,52468,52469,52470,52472,52473,52474,52475,52476,52479,52480,52482,52483,52484,52486,52487,52488,52489,52490,52491,52492,52493,52494,52495,52497,52499,52500,52502,52503,52504,52505,52506,52507,52510,52511,52512,52513,52514,52515,52516,52517,52518,52519,52520,52522,52523,52524,52525,52526,52528,52529,52534,52535,52536,52538,52539,52540,52541,52542,52543,52544,52545,52546,52547,52548,52549,52550,54001,54002,54003,54004,54005,54006,54007,54008,54009,54010,54011,54012,54013,54014,54015,54016,54017,54018,54019,54020,54021,54022,54023,54024,54025,54026,54027,54028,54029,54030,54031,54032,54033,54034,54035,54036,54037,54038,54039,54040,54041,54042,54043,54044,54045,54046,54047,54048,54049,54050,54051,54052,54053,54054,54055,54056,54057,54058,54059,54060,54061,54062,54063,54064,54065,54066,54067,54068,54069,54070,54071,54072,54073,54074,54075,54076,54077,54078,54079,54080,54081,54082,54083,54084,54085,54086,54087,54088,54089,54090,54091,54092,54093,54094,54095,54096,54097,54098,54099,54100,54101,54102,54103,54104,54105,54106,54107,54108,54109,54110,54111,54112,54113,54114,54115,54116,54117,54118,54119,54120,54121,54122,54123,54124,54125,54126,54127,54128,54129,54130,54131,54132,54133,54134,54135,54136,54137,54138,54139,54140,54141,54142,54143,54144,54145,54146,54147,54148,54149,54150,54151,54152,54153,54154,54155,54156,54157,54158,54159,54160,54161,54162,54163,54164,54165,54166,54167,54168,54169,54170,54171,54172,54173,54174,54175,54176,54177,54178,54179,54180,54181,54182,54183,54184,54185,54186,54187,54188,54189,54190,54191,54192,54193,54194,54195,54196,54197,54198,54199,54200,54201,54202,54203,54204,54205,54206,54207,54208,54209,54210,54211,54212,54213,54214,54215,54216,54217,54218,54219,54220,54221,54222,54223,54224,54225,54226,54227,54228,54229,54230,54231,54232,54233,54234,54235,54236,54237,54238,54239,54240,54241,54242,54243,54244,54245,54246,54247,54248,54249,54250,54251,54252,54253,54254,54255,54256,54257,54258,54259,54260,54261,54262,54263,54264,54265,54266,54268,54269,54270,54271,54272,54273,54274,54275,54276,54277,54278,54279,54280,54281,54282,54283,54284,54285,54286,54287,54288,54289,54290,54291,54292,54293,54294,54295,54296,54297,54298,54299,54300,54301,54302,54303,54304,54305,54306,54307,54308,54309,54310,54311,54312,54313,54314,54315,54316,54317,54318,54320,54321,54322,54323,54324,54325,54326,54327,54328,54329,54330,54331,54332,54333,54334,54335,54336,54337,54338,54339,54340,54343,54344,54345,54346,54348,54349,54350,54351,54352,54353,54354,54355,54356,54357,54358,54359,54360,54362,54363,54364,54365,54366,54367,54368,54369,54370,54371,54372,54373,54374,54375,54376,54377,54378,54379,54380,54381,54382,54383,54385,54386,54387,54388,54389,54390,54391,54392,54393,54394,54395,54396,54397,54398,54399,54400,54401,54402,54403,54404,54405,54406,54407,54408,54409,54410,54411,54412,54413,54414,54415,54416,54417,54418,54419,54420,54421,54422,54423,54424,54425,54426,54427,54428,54429,54430,54431,54432,54433,54434,54435,54436,54437,54438,54439,54440,54441,54442,54443,54444,54445,54446,54447,54449,54450,54451,54452,54453,54455,54456,54457,54458,54459,54460,54461,54462,54463,54464,54465,54466,54467,54468,54469,54470,54471,54472,54473,54474,54475,54476,54477,54478,54479,54480,54481,54482,54483,54484,54485,54486,54487,54488,54489,54490,54491,54492,54493,54494,54495,54496,54497,54498,54499,54500,54501,54502,54504,54505,54507,54508,54509,54510,54511,54512,54513,54514,54515,54516,54517,54518,54519,54520,54521,54522,54523,54524,54525,54526,54527,54528,54529,54530,54531,54532,54533,54534,54535,54536,54537,54538,54539,54540,54541,54542,54543,54544,54545,54546,54547,54548,54549,54550,54551,54552,54553,54554,54555,54556,54557,54558,54559,54560,54561,54562,54563,54564,54565,54566,54567,54568,54569,54570,54571,54572,54573,54574,54575,54576,54577,54578,54579,54580,54581,54582,54583,54584,54585,54586,54587,54588,54589,54590,54591,54592,54593,54594,54595,54596,54597,54598,54599,54600,54601,54602,55001,55002,55004,55005,55007,55008,55009,55010,55011,55012,55013,55014,55015,55017,55018,55021,55022,55023,55024,55025,55026,55027,55028,55029,55031,55032,55033,55034,55035,55036,55037,55038,55039,55040,55041,55042,55043,55044,55045,55046,55047,55048,55049,55050,55051,55053,55054,55055,55057,55058,55059,55060,55061,55062,55063,55064,55065,55066,55067,55068,55069,55070,55071,55072,55073,55075,55076,55077,55078,55079,55080,55081,55082,55083,55084,55085,55087,55088,55089,55093,55094,55095,55096,55097,55099,55100,55101,55102,55103,55104,55105,55106,55107,55108,55109,55110,55111,55113,55114,55115,55116,55117,55118,55119,55120,55121,55122,55123,55124,55125,55127,55128,55129,55132,55133,55134,55137,55138,55139,55140,55141,55142,55143,55144,55145,55146,55148,55149,55150,55153,55154,55155,55156,55157,55158,55159,55160,55162,55163,55165,55166,55167,55168,55169,55170,55171,55172,55173,55174,55175,55177,55178,55179,55180,55181,55182,55183,55184,55185,55186,55188,55189,55191,55192,55193,55194,55195,55196,55197,55198,55199,55200,55201,55202,55204,55206,55207,55208,55210,55211,55212,55214,55215,55216,55217,55218,55219,55220,55221,55222,55224,55225,55226,55228,55229,55232,55236,55237,55239,55241,55242,55243,55244,55245,55246,55247,55248,55250,55251,55252,55253,55254,55255,55256,55257,55258,55260,55261,55262,55263,55264,55265,55266,55267,55268,55269,55270,55271,55272,55274,55275,55276,55278,55279,55280,55281,55282,55284,55285,55286,55288,55289,55290,55291,55292,55293,55295,55296,55297,55298,55299,55300,55301,55302,55303,55304,55306,55307,55310,55311,55312,55313,55315,55316,55317,55320,55321,55322,55323,55324,55325,55326,55327,55328,55329,55330,55331,55332,55333,55334,55335,55336,55338,55339,55340,55341,55343,55344,55345,55346,55347,55348,55349,55350,55351,55352,55353,55355,55356,55357,55358,55359,55360,55361,55362,55363,55364,55365,55366,55367,55368,55369,55370,55371,55372,55373,55374,55375,55376,55377,55378,55379,55380,55381,55382,55383,55384,55385,55386,55387,55388,55389,55391,55394,55395,55396,55397,55398,55399,55400,55401,55403,55404,55405,55406,55407,55408,55409,55410,55411,55412,55414,55415,55416,55419,55420,55421,55422,55423,55424,55425,55426,55427,55428,55429,55430,55431,55433,55434,55435,55436,55437,55438,55439,55442,55443,55444,55445,55446,55447,55448,55449,55450,55452,55453,55454,55456,55457,55458,55459,55460,55461,55462,55463,55464,55465,55466,55467,55468,55469,55470,55471,55472,55473,55474,55475,55476,55477,55479,55481,55482,55484,55485,55487,55488,55489,55490,55492,55493,55494,55495,55496,55497,55498,55500,55501,55502,55503,55504,55505,55506,55507,55508,55509,55510,55511,55512,55514,55515,55516,55517,55518,55519,55520,55521,55522,55523,55525,55526,55527,55528,55530,55531,55532,55533,55534,55535,55536,55537,55540,55541,55543,55544,55545,55546,55547,55549,55551,55552,55553,55554,55555,55556,55557,55559,55560,55561,55562,55563,55565,55566,55567,55568,55569,55570,55571,55572,55573,55574,55575,55577,55578,55579,55580,55581,55582,55583,55584,55586,57001,57002,57003,57004,57006,57007,57008,57009,57010,57011,57012,57013,57014,57015,57016,57017,57018,57019,57020,57021,57022,57024,57025,57026,57027,57028,57029,57030,57031,57032,57033,57034,57035,57036,57037,57038,57039,57040,57041,57042,57043,57044,57045,57046,57047,57048,57049,57050,57051,57052,57053,57054,57055,57056,57057,57058,57059,57060,57061,57062,57063,57064,57065,57066,57067,57069,57070,57071,57072,57073,57074,57075,57076,57077,57079,57080,57081,57082,57083,57084,57085,57086,57087,57088,57089,57090,57091,57092,57093,57095,57096,57097,57098,57099,57100,57101,57102,57103,57104,57105,57106,57107,57108,57109,57110,57111,57112,57113,57114,57115,57116,57117,57118,57119,57120,57121,57122,57123,57124,57125,57126,57127,57128,57129,57130,57131,57132,57133,57134,57136,57137,57138,57139,57140,57141,57142,57143,57144,57145,57146,57147,57148,57149,57150,57151,57152,57153,57154,57155,57156,57158,57159,57160,57161,57162,57163,57165,57166,57167,57168,57169,57171,57172,57173,57174,57175,57176,57177,57178,57179,57180,57181,57182,57183,57186,57187,57188,57189,57190,57191,57192,57193,57194,57195,57196,57197,57198,57199,57200,57201,57202,57203,57204,57205,57206,57207,57208,57209,57210,57211,57212,57213,57214,57215,57216,57217,57218,57219,57220,57221,57222,57224,57225,57226,57227,57228,57229,57230,57231,57232,57233,57234,57235,57236,57237,57238,57239,57240,57241,57242,57244,57245,57246,57247,57248,57249,57250,57251,57252,57253,57254,57255,57256,57257,57258,57259,57260,57261,57262,57263,57264,57265,57266,57267,57268,57269,57270,57271,57272,57273,57274,57275,57276,57277,57278,57280,57281,57282,57283,57284,57286,57287,57288,57289,57290,57291,57292,57293,57294,57295,57296,57297,57298,57299,57300,57301,57302,57303,57304,57305,57306,57307,57308,57309,57310,57311,57312,57313,57314,57315,57316,57317,57318,57319,57320,57321,57322,57323,57324,57325,57326,57328,57329,57330,57331,57332,57333,57334,57335,57336,57337,57338,57339,57340,57341,57342,57343,57344,57345,57346,57347,57348,57349,57350,57351,57352,57353,57354,57355,57356,57357,57358,57359,57360,57361,57362,57364,57365,57366,57367,57368,57370,57371,57372,57373,57374,57375,57376,57377,57379,57380,57381,57382,57383,57384,57385,57386,57387,57388,57389,57390,57391,57392,57393,57394,57395,57396,57397,57398,57399,57401,57402,57403,57404,57405,57406,57407,57408,57409,57410,57411,57412,57413,57414,57415,57416,57417,57418,57419,57421,57422,57423,57424,57425,57426,57427,57428,57430,57431,57433,57434,57436,57437,57438,57439,57440,57441,57442,57443,57444,57445,57446,57447,57448,57449,57451,57452,57453,57454,57455,57456,57457,57459,57460,57461,57462,57463,57464,57465,57466,57467,57468,57469,57470,57471,57472,57473,57474,57475,57476,57477,57478,57479,57480,57481,57482,57483,57484,57485,57486,57487,57488,57489,57490,57491,57492,57493,57494,57495,57496,57497,57498,57499,57500,57501,57502,57504,57505,57506,57507,57508,57509,57510,57511,57512,57513,57514,57515,57516,57517,57518,57519,57520,57521,57524,57525,57526,57527,57528,57529,57530,57531,57532,57533,57534,57535,57536,57537,57538,57539,57540,57541,57542,57543,57544,57545,57546,57547,57548,57549,57550,57551,57552,57553,57554,57555,57556,57557,57558,57559,57560,57561,57562,57563,57564,57565,57566,57567,57568,57569,57570,57571,57572,57573,57574,57575,57576,57577,57578,57579,57580,57581,57582,57583,57584,57586,57587,57588,57589,57590,57591,57592,57593,57594,57595,57596,57597,57598,57599,57600,57601,57602,57603,57604,57605,57606,57607,57609,57610,57611,57612,57613,57614,57615,57616,57617,57618,57619,57620,57621,57622,57623,57624,57625,57626,57627,57628,57629,57630,57631,57633,57634,57635,57636,57637,57638,57639,57640,57641,57642,57643,57644,57645,57647,57648,57649,57650,57651,57652,57653,57654,57655,57656,57657,57658,57659,57660,57661,57662,57663,57664,57665,57666,57667,57668,57669,57670,57671,57672,57673,57674,57675,57676,57677,57678,57679,57680,57681,57682,57683,57684,57685,57686,57687,57689,57690,57691,57692,57693,57694,57695,57696,57697,57698,57700,57701,57702,57703,57704,57705,57706,57707,57708,57709,57711,57712,57713,57714,57715,57716,57717,57718,57719,57720,57721,57723,57724,57725,57726,57727,57728,57730,57731,57732,57733,57734,57736,57737,57738,57739,57740,57741,57742,57743,57745,57746,57747,57748,57749,57750,57751,57752,57753,57754,57755,57756,57757,57759,57760,57761,57762,57763,57764,57765,57767,67001,67002,67003,67004,67005,67006,67008,67009,67010,67011,67012,67013,67016,67017,67018,67019,67020,67021,67022,67023,67025,67026,67027,67028,67029,67030,67031,67032,67033,67034,67035,67036,67037,67038,67039,67040,67043,67044,67045,67046,67047,67048,67049,67050,67051,67052,67053,67054,67055,67056,67057,67058,67059,67060,67061,67062,67063,67065,67066,67067,67068,67069,67070,67071,67072,67073,67074,67075,67076,67077,67078,67079,67080,67081,67082,67083,67084,67085,67086,67087,67088,67089,67090,67091,67092,67093,67094,67095,67096,67097,67098,67099,67100,67101,67102,67103,67104,67105,67106,67107,67108,67109,67110,67111,67112,67113,67115,67116,67117,67118,67119,67120,67121,67122,67123,67124,67125,67126,67127,67128,67129,67130,67131,67132,67133,67134,67135,67136,67137,67138,67139,67140,67141,67142,67143,67144,67145,67146,67147,67148,67149,67150,67151,67152,67153,67154,67155,67156,67159,67160,67161,67162,67163,67164,67165,67166,67167,67168,67169,67172,67173,67174,67176,67177,67178,67179,67180,67181,67182,67183,67184,67185,67186,67187,67188,67189,67190,67191,67192,67194,67195,67196,67197,67198,67199,67200,67201,67202,67203,67204,67205,67206,67208,67209,67210,67212,67213,67214,67215,67216,67217,67218,67220,67221,67222,67223,67225,67226,67227,67228,67229,67230,67231,67232,67233,67234,67235,67236,67237,67238,67239,67240,67241,67242,67244,67245,67246,67247,67248,67249,67250,67252,67253,67254,67255,67256,67257,67258,67259,67260,67261,67263,67264,67265,67266,67267,67268,67269,67270,67271,67272,67273,67274,67275,67276,67277,67278,67279,67280,67281,67282,67283,67285,67286,67287,67288,67289,67290,67291,67292,67293,67295,67296,67298,67299,67300,67301,67302,67303,67304,67305,67306,67307,67308,67309,67310,67311,67312,67313,67314,67315,67317,67319,67320,67321,67322,67324,67325,67326,67327,67328,67329,67330,67331,67333,67334,67335,67336,67337,67338,67339,67340,67341,67342,67343,67344,67345,67346,67347,67348,67349,67350,67351,67352,67353,67354,67355,67356,67358,67359,67360,67361,67362,67363,67364,67365,67366,67367,67368,67369,67370,67371,67372,67373,67375,67377,67378,67379,67380,67381,67382,67383,67384,67385,67386,67387,67388,67389,67391,67392,67394,67395,67396,67397,67398,67400,67401,67403,67404,67405,67406,67407,67408,67409,67410,67411,67412,67413,67414,67415,67416,67417,67418,67420,67421,67422,67423,67424,67425,67426,67427,67428,67429,67430,67432,67433,67434,67435,67436,67437,67438,67440,67441,67442,67443,67444,67445,67446,67447,67448,67449,67450,67451,67452,67453,67454,67455,67456,67458,67459,67460,67461,67462,67463,67464,67465,67466,67467,67468,67470,67471,67472,67473,67474,67475,67476,67477,67478,67479,67480,67481,67482,67483,67484,67485,67486,67487,67488,67489,67490,67491,67492,67493,67494,67495,67497,67498,67499,67500,67501,67502,67503,67504,67505,67506,67507,67508,67509,67510,67511,67513,67514,67515,67516,67517,67519,67520,67521,67522,67523,67524,67525,67526,67527,67528,67529,67530,67531,67532,67534,67535,67536,67537,67538,67539,67540,67541,67542,67543,67544,67545,67546,67547,67548,67550,67551,67552,67553,67554,67555,67556,67557,67558,67559,68001,68002,68004,68005,68006,68007,68008,68009,68010,68011,68012,68013,68014,68015,68016,68017,68018,68019,68020,68021,68022,68023,68024,68025,68026,68027,68028,68029,68030,68032,68033,68034,68035,68036,68037,68038,68039,68040,68041,68042,68043,68044,68045,68046,68049,68050,68051,68052,68054,68055,68056,68057,68058,68059,68060,68061,68062,68063,68064,68065,68066,68067,68068,68069,68071,68072,68073,68074,68075,68076,68077,68078,68079,68080,68081,68082,68083,68084,68085,68086,68087,68088,68089,68090,68091,68092,68093,68094,68095,68096,68097,68098,68099,68100,68101,68102,68103,68104,68105,68106,68107,68109,68110,68111,68112,68113,68114,68115,68116,68117,68118,68119,68120,68121,68122,68123,68124,68125,68126,68127,68128,68129,68130,68131,68132,68134,68135,68136,68137,68138,68139,68140,68141,68142,68143,68144,68145,68146,68147,68148,68149,68150,68151,68152,68153,68154,68155,68156,68157,68158,68159,68160,68161,68162,68163,68165,68166,68167,68168,68169,68170,68171,68172,68173,68174,68175,68176,68177,68178,68179,68180,68181,68182,68183,68184,68185,68186,68187,68188,68189,68190,68191,68192,68193,68194,68195,68196,68197,68198,68199,68200,68201,68202,68203,68204,68205,68207,68208,68209,68210,68211,68212,68213,68214,68215,68216,68217,68218,68219,68221,68222,68223,68224,68225,68226,68227,68228,68229,68230,68231,68232,68234,68235,68237,68238,68239,68240,68241,68242,68243,68244,68245,68246,68247,68248,68249,68250,68251,68252,68253,68254,68255,68256,68257,68258,68259,68260,68261,68262,68263,68264,68265,68266,68267,68268,68269,68270,68271,68273,68274,68275,68276,68277,68278,68279,68280,68281,68282,68283,68284,68285,68286,68287,68288,68289,68290,68291,68292,68293,68294,68295,68296,68297,68298,68299,68300,68301,68302,68303,68304,68305,68306,68307,68308,68309,68311,68312,68313,68315,68316,68317,68318,68320,68321,68322,68323,68324,68325,68326,68327,68328,68329,68330,68331,68332,68333,68334,68335,68336,68337,68338,68340,68341,68342,68343,68344,68345,68347,68348,68349,68350,68351,68352,68353,68354,68355,68356,68357,68358,68359,68360,68361,68362,68363,68364,68365,68366,68367,68368,68370,68371,68372,68373,68374,68375,68376,68377,68378,68379,68380,68381,68382,68383,68384,68385,68386,88001,88002,88003,88004,88005,88006,88007,88008,88009,88010,88011,88012,88013,88014,88015,88016,88017,88019,88020,88021,88022,88023,88024,88025,88026,88027,88028,88029,88030,88031,88032,88033,88035,88036,88037,88038,88039,88040,88041,88042,88043,88044,88045,88046,88047,88048,88049,88050,88051,88052,88053,88054,88055,88056,88057,88058,88059,88060,88061,88062,88063,88064,88065,88066,88068,88069,88070,88071,88073,88074,88075,88076,88077,88078,88079,88080,88081,88082,88083,88084,88085,88086,88087,88088,88089,88090,88091,88092,88093,88094,88095,88096,88097,88098,88099,88100,88101,88102,88103,88104,88105,88106,88107,88108,88109,88110,88111,88113,88114,88115,88116,88117,88118,88119,88120,88121,88122,88123,88124,88125,88126,88127,88128,88129,88130,88131,88132,88133,88134,88135,88136,88137,88138,88139,88140,88141,88142,88143,88144,88145,88146,88147,88148,88149,88150,88151,88152,88153,88154,88155,88156,88157,88158,88159,88160,88161,88162,88163,88164,88165,88166,88167,88168,88169,88170,88171,88172,88173,88174,88175,88176,88177,88178,88179,88180,88181,88182,88183,88184,88185,88186,88187,88188,88189,88190,88192,88193,88194,88195,88196,88197,88198,88199,88200,88201,88202,88203,88205,88206,88208,88209,88210,88212,88213,88214,88215,88216,88218,88219,88220,88221,88222,88223,88224,88225,88226,88227,88228,88229,88230,88231,88232,88233,88236,88237,88238,88239,88240,88241,88242,88243,88244,88245,88246,88247,88248,88249,88250,88251,88252,88253,88254,88255,88256,88257,88258,88259,88260,88261,88262,88263,88264,88265,88266,88267,88268,88269,88270,88271,88272,88273,88274,88275,88276,88277,88278,88279,88280,88281,88283,88284,88285,88286,88287,88288,88289,88290,88291,88292,88293,88294,88295,88296,88297,88298,88299,88300,88301,88302,88303,88304,88305,88306,88307,88308,88309,88310,88311,88312,88313,88314,88315,88316,88317,88318,88319,88320,88321,88322,88324,88325,88326,88327,88328,88330,88331,88332,88333,88334,88335,88336,88338,88340,88341,88342,88343,88344,88345,88346,88347,88348,88349,88350,88351,88352,88353,88354,88355,88356,88357,88358,88359,88360,88361,88362,88363,88364,88365,88366,88367,88368,88369,88370,88371,88372,88373,88374,88375,88376,88377,88378,88379,88380,88381,88382,88383,88385,88386,88387,88388,88389,88390,88391,88394,88395,88398,88399,88400,88401,88402,88403,88404,88406,88407,88408,88409,88410,88411,88412,88413,88415,88416,88417,88418,88419,88421,88423,88424,88425,88426,88427,88428,88429,88430,88431,88432,88433,88434,88435,88436,88437,88438,88439,88440,88441,88442,88443,88444,88445,88446,88447,88448,88449,88450,88451,88452,88453,88454,88455,88456,88457,88458,88459,88460,88461,88462,88463,88464,88465,88466,88467,88468,88469,88470,88471,88472,88473,88474,88475,88476,88477,88478,88479,88480,88481,88482,88483,88484,88485,88486,88487,88488,88489,88490,88491,88492,88493,88494,88495,88496,88497,88498,88499,88500,88501,88502,88503,88504,88505,88506,88507,88508,88509,88510,88511,88512,88513,88514,88515,88516,88517,88518,88519,88520,88521,88522,88523,88524,88525,88526,88527,88528,88529,88530,88531,88532}","",2026-03-24 14:41:32.274366+01,gold_establishments_2025,,,,17670000300013,2025,Services de l'Etat,Région,"['Ardennes', 'Aube', 'Marne', 'Haute-Marne', 'Meurthe-et-Moselle', 'Meuse', 'Moselle', 'Bas-Rhin', '",['Grand Est'],PREFECTURE,"{08,10,51,52,54,55,57,67,68,88}",{44}
055b25d0-ad43-4b11-8d7a-537dd3793258,179710017,Préfecture Guadeloupe,false,"{97101,97102,97103,97104,97105,97106,97107,97108,97109,97110,97111,97112,97113,97114,97115,97116,97117,97118,97119,97120,97121,97122,97124,97125,97126,97128,97129,97130,97131,97132,97133,97134}","",2026-03-24 14:41:32.274366+01,gold_establishments_2025,,,,17971001700015,2025,Services de l'Etat,Département,['Guadeloupe'],['Guadeloupe'],PREFECTURE,{971},{01}
89bb09be-36b6-43b1-88dd-ddeae8ee7c57,176800019,Préfecture Haut-Rhin,false,"{68001,68002,68004,68005,68006,68007,68008,68009,68010,68011,68012,68013,68014,68015,68016,68017,68018,68019,68020,68021,68022,68023,68024,68025,68026,68027,68028,68029,68030,68032,68033,68034,68035,68036,68037,68038,68039,68040,68041,68042,68043,68044,68045,68046,68049,68050,68051,68052,68054,68055,68056,68057,68058,68059,68060,68061,68062,68063,68064,68065,68066,68067,68068,68069,68071,68072,68073,68074,68075,68076,68077,68078,68079,68080,68081,68082,68083,68084,68085,68086,68087,68088,68089,68090,68091,68092,68093,68094,68095,68096,68097,68098,68099,68100,68101,68102,68103,68104,68105,68106,68107,68109,68110,68111,68112,68113,68114,68115,68116,68117,68118,68119,68120,68121,68122,68123,68124,68125,68126,68127,68128,68129,68130,68131,68132,68134,68135,68136,68137,68138,68139,68140,68141,68142,68143,68144,68145,68146,68147,68148,68149,68150,68151,68152,68153,68154,68155,68156,68157,68158,68159,68160,68161,68162,68163,68165,68166,68167,68168,68169,68170,68171,68172,68173,68174,68175,68176,68177,68178,68179,68180,68181,68182,68183,68184,68185,68186,68187,68188,68189,68190,68191,68192,68193,68194,68195,68196,68197,68198,68199,68200,68201,68202,68203,68204,68205,68207,68208,68209,68210,68211,68212,68213,68214,68215,68216,68217,68218,68219,68221,68222,68223,68224,68225,68226,68227,68228,68229,68230,68231,68232,68234,68235,68237,68238,68239,68240,68241,68242,68243,68244,68245,68246,68247,68248,68249,68250,68251,68252,68253,68254,68255,68256,68257,68258,68259,68260,68261,68262,68263,68264,68265,68266,68267,68268,68269,68270,68271,68273,68274,68275,68276,68277,68278,68279,68280,68281,68282,68283,68284,68285,68286,68287,68288,68289,68290,68291,68292,68293,68294,68295,68296,68297,68298,68299,68300,68301,68302,68303,68304,68305,68306,68307,68308,68309,68311,68312,68313,68315,68316,68317,68318,68320,68321,68322,68323,68324,68325,68326,68327,68328,68329,68330,68331,68332,68333,68334,68335,68336,68337,68338,68340,68341,68342,68343,68344,68345,68347,68348,68349,68350,68351,68352,68353,68354,68355,68356,68357,68358,68359,68360,68361,68362,68363,68364,68365,68366,68367,68368,68370,68371,68372,68373,68374,68375,68376,68377,68378,68379,68380,68381,68382,68383,68384,68385,68386}",SDED,2026-03-24 14:41:32.274366+01,gold_establishments_2025,,,,17680001900018,2025,Services de l'Etat,Département,['Haut-Rhin'],['Grand Est'],PREFECTURE,{68},{44}
95caf5b1-3f91-4d05-92ec-2bce3ce8ba1f,172020018,Préfecture Haute-Corse,false,"{2B002,2B003,2B005,2B007,2B009,2B010,2B012,2B013,2B015,2B016,2B020,2B023,2B025,2B029,2B030,2B033,2B034,2B036,2B037,2B039,2B042,2B043,2B045,2B046,2B047,2B049,2B050,2B051,2B052,2B053,2B054,2B055,2B057,2B058,2B059,2B063,2B067,2B068,2B069,2B072,2B073,2B074,2B075,2B077,2B078,2B079,2B080,2B081,2B082,2B083,2B084,2B086,2B087,2B088,2B093,2B095,2B096,2B097,2B101,2B102,2B105,2B106,2B107,2B109,2B110,2B111,2B112,2B113,2B116,2B120,2B121,2B122,2B123,2B124,2B125,2B126,2B134,2B135,2B136,2B137,2B138,2B140,2B143,2B145,2B147,2B148,2B149,2B150,2B152,2B153,2B155,2B156,2B157,2B159,2B161,2B162,2B164,2B165,2B166,2B167,2B168,2B169,2B170,2B171,2B172,2B173,2B175,2B176,2B177,2B178,2B179,2B180,2B182,2B183,2B184,2B185,2B187,2B188,2B190,2B192,2B193,2B194,2B195,2B199,2B201,2B202,2B205,2B206,2B207,2B208,2B210,2B213,2B214,2B216,2B217,2B218,2B219,2B220,2B221,2B222,2B223,2B224,2B225,2B226,2B227,2B229,2B230,2B231,2B233,2B234,2B235,2B236,2B238,2B239,2B241,2B242,2B243,2B244,2B245,2B246,2B248,2B250,2B251,2B252,2B255,2B256,2B257,2B260,2B261,2B263,2B264,2B265,2B267,2B273,2B274,2B275,2B277,2B280,2B281,2B283,2B286,2B287,2B289,2B290,2B291,2B292,2B293,2B296,2B297,2B298,2B299,2B301,2B302,2B303,2B304,2B305,2B306,2B307,2B309,2B311,2B313,2B314,2B315,2B316,2B317,2B318,2B319,2B320,2B321,2B327,2B328,2B329,2B332,2B333,2B334,2B335,2B337,2B338,2B339,2B340,2B341,2B342,2B343,2B344,2B346,2B347,2B350,2B352,2B353,2B354,2B355,2B356,2B361,2B364,2B365,2B366}",SDED,2026-03-24 14:41:32.274366+01,gold_establishments_2025,,,,17202001800013,2025,Services de l'Etat,Département,['Haute-Corse'],['Corse'],PREFECTURE,{2B},{94}
a9f38d1d-2cd7-4dec-9a17-22cfaac23a48,173100017,Préfecture Haute-Garonne,false,"{31001,31002,31003,31004,31005,31006,31007,31008,31009,31010,31011,31012,31013,31014,31015,31017,31018,31019,31020,31021,31022,31023,31024,31025,31026,31027,31028,31029,31030,31031,31032,31033,31034,31035,31036,31037,31038,31039,31040,31041,31042,31043,31044,31045,31046,31047,31048,31049,31050,31051,31052,31053,31054,31055,31056,31057,31058,31059,31060,31061,31062,31063,31064,31065,31066,31067,31068,31069,31070,31071,31072,31073,31074,31075,31076,31077,31078,31079,31080,31081,31082,31083,31084,31085,31086,31087,31088,31089,31090,31091,31092,31093,31094,31095,31096,31097,31098,31099,31100,31101,31102,31103,31104,31105,31106,31107,31108,31109,31110,31111,31112,31113,31114,31115,31116,31117,31118,31119,31120,31121,31122,31123,31124,31125,31126,31127,31128,31129,31130,31131,31132,31133,31134,31135,31136,31137,31138,31139,31140,31141,31142,31143,31144,31145,31146,31147,31148,31149,31150,31151,31152,31153,31155,31156,31157,31158,31159,31160,31161,31162,31163,31164,31165,31166,31167,31168,31169,31170,31171,31172,31173,31174,31175,31176,31177,31178,31179,31180,31181,31182,31183,31184,31185,31186,31187,31188,31189,31190,31191,31192,31193,31194,31195,31196,31197,31198,31199,31200,31201,31202,31203,31204,31205,31206,31207,31208,31209,31210,31211,31212,31213,31215,31216,31217,31218,31219,31220,31221,31222,31223,31224,31225,31226,31227,31228,31229,31230,31231,31232,31233,31234,31235,31236,31237,31238,31239,31240,31241,31242,31243,31244,31245,31246,31247,31248,31249,31250,31251,31252,31253,31254,31255,31256,31258,31259,31260,31261,31262,31263,31264,31265,31266,31267,31268,31269,31270,31271,31272,31273,31274,31275,31276,31277,31278,31279,31280,31281,31282,31283,31284,31285,31286,31287,31288,31289,31290,31291,31292,31293,31294,31295,31296,31297,31299,31300,31301,31302,31303,31304,31305,31306,31308,31309,31310,31311,31312,31313,31314,31315,31316,31317,31318,31319,31320,31321,31322,31323,31324,31325,31326,31327,31328,31329,31330,31331,31332,31333,31334,31335,31336,31337,31338,31339,31340,31341,31342,31343,31344,31345,31346,31347,31348,31349,31350,31351,31352,31353,31354,31355,31356,31357,31358,31359,31360,31361,31362,31363,31364,31365,31366,31367,31368,31369,31370,31371,31372,31373,31374,31375,31376,31377,31378,31379,31380,31381,31382,31383,31384,31385,31386,31387,31388,31389,31390,31391,31392,31393,31394,31395,31396,31397,31398,31399,31400,31401,31402,31403,31404,31405,31406,31407,31408,31409,31410,31411,31412,31413,31414,31415,31416,31417,31418,31419,31420,31421,31422,31423,31424,31425,31426,31427,31428,31429,31430,31431,31432,31433,31434,31435,31436,31437,31439,31440,31441,31442,31443,31444,31445,31446,31447,31448,31449,31450,31451,31452,31453,31454,31455,31456,31457,31458,31459,31460,31461,31462,31463,31464,31465,31466,31467,31468,31469,31470,31471,31472,31473,31474,31475,31476,31477,31478,31479,31480,31481,31482,31483,31484,31485,31486,31487,31488,31489,31490,31491,31492,31493,31494,31495,31496,31497,31498,31499,31500,31501,31502,31503,31504,31505,31506,31507,31508,31509,31510,31511,31512,31513,31514,31515,31516,31517,31518,31519,31520,31521,31522,31523,31524,31525,31526,31527,31528,31529,31530,31531,31532,31533,31534,31535,31536,31537,31538,31539,31540,31541,31542,31543,31544,31545,31546,31547,31548,31549,31550,31551,31552,31553,31554,31555,31556,31557,31558,31559,31560,31561,31562,31563,31564,31565,31566,31567,31568,31569,31570,31571,31572,31573,31574,31575,31576,31577,31578,31579,31580,31581,31582,31583,31584,31585,31586,31587,31588,31589,31590,31591,31592,31593}",SDED,2026-03-24 14:41:32.274366+01,gold_establishments_2025,,,,17310001700016,2025,Services de l'Etat,Département,['Haute-Garonne'],['Occitanie'],PREFECTURE,{31},{76}
a056a690-d700-4930-8531-16670d9de1c0,174300012,Préfecture Haute-Loire,false,"{43001,43002,43003,43004,43005,43006,43007,43008,43009,43010,43011,43012,43013,43014,43015,43016,43017,43018,43019,43020,43021,43022,43023,43024,43025,43026,43027,43028,43029,43030,43031,43032,43033,43034,43035,43036,43037,43038,43039,43040,43041,43042,43043,43044,43045,43046,43047,43048,43049,43050,43051,43052,43053,43054,43055,43056,43057,43058,43059,43060,43061,43062,43063,43064,43065,43066,43067,43068,43069,43070,43071,43072,43073,43074,43075,43076,43077,43078,43079,43080,43082,43083,43084,43085,43086,43087,43088,43089,43090,43091,43092,43093,43094,43095,43096,43097,43098,43099,43100,43101,43102,43103,43104,43105,43106,43107,43108,43109,43110,43111,43112,43113,43114,43115,43116,43117,43118,43119,43120,43121,43122,43123,43124,43125,43126,43127,43128,43129,43130,43131,43132,43133,43134,43135,43136,43137,43138,43139,43140,43141,43142,43143,43144,43145,43147,43148,43149,43150,43151,43152,43153,43154,43155,43156,43157,43158,43159,43160,43162,43163,43164,43165,43166,43167,43168,43169,43170,43171,43172,43173,43174,43175,43177,43178,43180,43181,43182,43183,43184,43185,43186,43187,43188,43189,43190,43191,43192,43193,43194,43195,43196,43197,43198,43199,43200,43201,43202,43203,43204,43205,43206,43207,43208,43210,43211,43212,43213,43214,43215,43216,43217,43218,43219,43220,43221,43222,43223,43224,43225,43226,43227,43228,43229,43230,43231,43232,43233,43234,43236,43237,43238,43239,43240,43241,43242,43244,43245,43246,43247,43249,43250,43251,43252,43253,43254,43256,43257,43258,43259,43260,43261,43262,43263,43264,43265,43267,43268}",SDED,2026-03-24 14:41:32.274366+01,gold_establishments_2025,,,,17430001200013,2025,Services de l'Etat,Département,['Haute-Loire'],['Auvergne-Rhône-Alpes'],PREFECTURE,{43},{84}
66b01896-65f5-43fe-97b5-49c4f2ca2037,175200013,Préfecture Haute-Marne,false,"{52001,52002,52003,52004,52005,52006,52007,52008,52009,52011,52012,52013,52014,52015,52016,52017,52019,52021,52022,52023,52025,52027,52028,52029,52030,52031,52033,52034,52035,52037,52038,52039,52040,52042,52043,52044,52045,52047,52050,52051,52053,52055,52056,52057,52058,52059,52060,52061,52062,52063,52064,52065,52066,52067,52069,52070,52072,52074,52075,52076,52079,52082,52083,52084,52085,52087,52088,52089,52090,52091,52092,52093,52094,52095,52097,52099,52101,52102,52103,52104,52105,52106,52107,52108,52109,52110,52113,52114,52115,52116,52118,52119,52120,52121,52122,52123,52124,52125,52126,52127,52128,52129,52130,52131,52132,52133,52134,52135,52136,52137,52138,52140,52141,52142,52145,52146,52147,52149,52151,52155,52156,52157,52158,52159,52160,52161,52162,52163,52164,52165,52167,52168,52169,52170,52171,52172,52173,52174,52175,52177,52178,52179,52181,52182,52183,52184,52185,52187,52189,52190,52193,52194,52195,52196,52197,52198,52199,52200,52201,52203,52204,52205,52206,52207,52208,52211,52212,52213,52214,52216,52217,52218,52219,52220,52221,52222,52223,52227,52228,52229,52230,52231,52232,52233,52234,52235,52237,52240,52242,52243,52244,52245,52246,52247,52248,52249,52250,52251,52253,52254,52256,52257,52258,52260,52264,52265,52266,52267,52269,52271,52272,52273,52274,52275,52276,52277,52278,52280,52282,52284,52285,52286,52287,52288,52289,52290,52291,52292,52294,52295,52297,52298,52300,52301,52302,52303,52304,52305,52306,52307,52308,52310,52311,52312,52313,52315,52316,52318,52319,52320,52321,52322,52325,52326,52327,52328,52330,52331,52332,52335,52336,52337,52341,52342,52344,52346,52347,52348,52349,52350,52352,52353,52354,52355,52356,52357,52358,52359,52360,52362,52363,52364,52365,52366,52367,52369,52370,52371,52372,52373,52374,52375,52376,52377,52378,52380,52383,52384,52385,52386,52388,52390,52391,52392,52393,52394,52395,52396,52397,52398,52399,52400,52401,52403,52405,52406,52407,52411,52413,52414,52415,52416,52419,52420,52421,52422,52423,52424,52425,52426,52428,52429,52431,52432,52433,52436,52437,52438,52439,52440,52442,52443,52444,52445,52446,52447,52448,52449,52450,52452,52453,52455,52456,52457,52459,52461,52463,52464,52465,52467,52468,52469,52470,52472,52473,52474,52475,52476,52479,52480,52482,52483,52484,52486,52487,52488,52489,52490,52491,52492,52493,52494,52495,52497,52499,52500,52502,52503,52504,52505,52506,52507,52510,52511,52512,52513,52514,52515,52516,52517,52518,52519,52520,52522,52523,52524,52525,52526,52528,52529,52534,52535,52536,52538,52539,52540,52541,52542,52543,52544,52545,52546,52547,52548,52549,52550}",SDED,2026-03-24 14:41:32.274366+01,gold_establishments_2025,,,,17520001300019,2025,Services de l'Etat,Département,['Haute-Marne'],['Grand Est'],PREFECTURE,{52},{44}
8eae5826-3ae5-41c6-8c53-aa6f0ac86a3a,177400017,Préfecture Haute-Savoie,false,"{74001,74002,74003,74004,74005,74006,74007,74008,74009,74010,74012,74013,74014,74015,74016,74018,74019,74020,74021,74024,74025,74026,74027,74029,74030,74031,74032,74033,74034,74035,74036,74037,74038,74040,74041,74042,74043,74044,74045,74046,74048,74049,74050,74051,74052,74053,74054,74055,74056,74057,74058,74059,74060,74061,74062,74063,74064,74065,74066,74067,74068,74069,74070,74071,74072,74073,74074,74075,74076,74077,74078,74079,74080,74081,74082,74083,74085,74086,74087,74088,74089,74090,74091,74094,74095,74096,74097,74098,74099,74100,74101,74102,74103,74104,74105,74106,74107,74108,74109,74111,74112,74114,74116,74117,74118,74119,74121,74122,74123,74124,74126,74127,74128,74129,74130,74131,74133,74134,74135,74136,74137,74138,74139,74140,74141,74142,74143,74144,74145,74146,74147,74148,74150,74151,74152,74153,74154,74155,74156,74157,74158,74159,74160,74161,74162,74163,74164,74165,74166,74167,74168,74169,74170,74171,74172,74173,74174,74175,74176,74177,74178,74179,74180,74183,74184,74185,74186,74188,74189,74190,74191,74192,74193,74194,74195,74196,74197,74198,74199,74200,74201,74202,74203,74205,74206,74208,74209,74210,74211,74212,74213,74215,74216,74218,74219,74220,74221,74222,74223,74224,74225,74226,74228,74229,74231,74232,74233,74234,74235,74236,74237,74238,74239,74240,74241,74242,74243,74244,74249,74250,74252,74253,74254,74255,74256,74257,74258,74259,74260,74261,74262,74263,74264,74265,74266,74267,74269,74271,74272,74273,74275,74276,74278,74279,74280,74281,74282,74283,74284,74285,74286,74287,74288,74289,74290,74291,74292,74293,74294,74295,74296,74297,74298,74299,74301,74302,74303,74304,74305,74306,74307,74308,74309,74310,74311,74312,74313,74314,74315}",SDED,2026-03-24 14:41:32.274366+01,gold_establishments_2025,,,,17740001700014,2025,Services de l'Etat,Département,['Haute-Savoie'],['Auvergne-Rhône-Alpes'],PREFECTURE,{74},{84}
284c68b9-68a0-40b5-9d20-00bd4d22a5cf,177000015,Préfecture Haute-Saône,false,"{70001,70002,70003,70004,70005,70006,70007,70008,70009,70010,70011,70012,70013,70014,70015,70016,70017,70018,70019,70020,70021,70022,70023,70024,70025,70026,70027,70028,70029,70030,70031,70032,70035,70036,70037,70038,70039,70040,70041,70042,70043,70044,70045,70046,70047,70048,70049,70050,70051,70052,70053,70054,70055,70056,70057,70058,70059,70060,70061,70062,70063,70064,70065,70066,70067,70069,70070,70071,70072,70074,70075,70076,70077,70078,70079,70080,70081,70082,70083,70084,70085,70086,70087,70088,70089,70090,70091,70092,70093,70094,70095,70096,70097,70098,70099,70100,70101,70102,70103,70104,70105,70106,70107,70109,70111,70112,70113,70114,70115,70116,70117,70118,70119,70120,70121,70122,70124,70125,70126,70127,70128,70129,70130,70132,70133,70134,70135,70136,70137,70138,70140,70141,70142,70143,70144,70145,70146,70147,70148,70149,70150,70151,70152,70153,70154,70155,70156,70157,70158,70159,70160,70162,70163,70164,70165,70166,70167,70168,70169,70170,70171,70172,70174,70175,70176,70177,70178,70179,70180,70181,70182,70183,70184,70185,70186,70187,70188,70189,70190,70192,70193,70194,70195,70196,70197,70198,70199,70200,70201,70202,70203,70204,70205,70206,70207,70208,70210,70211,70213,70214,70215,70216,70217,70218,70219,70220,70221,70222,70224,70225,70226,70227,70228,70229,70230,70231,70232,70233,70234,70235,70236,70237,70238,70239,70240,70242,70243,70244,70245,70247,70248,70249,70250,70251,70252,70253,70254,70255,70256,70257,70258,70259,70260,70261,70262,70263,70265,70267,70268,70269,70271,70272,70273,70274,70275,70276,70277,70278,70279,70280,70282,70283,70284,70285,70286,70287,70288,70289,70290,70291,70292,70293,70294,70295,70296,70297,70298,70299,70301,70302,70303,70304,70305,70306,70307,70308,70309,70310,70311,70312,70313,70314,70315,70316,70317,70318,70319,70320,70321,70322,70323,70324,70325,70326,70327,70328,70329,70330,70331,70332,70334,70335,70336,70337,70338,70339,70340,70341,70342,70343,70344,70347,70348,70349,70350,70351,70352,70353,70355,70356,70357,70358,70359,70360,70361,70362,70363,70364,70366,70367,70368,70369,70371,70372,70373,70374,70376,70378,70380,70381,70383,70384,70385,70386,70387,70388,70389,70390,70392,70393,70394,70395,70396,70397,70398,70399,70400,70401,70402,70403,70404,70405,70406,70407,70408,70409,70410,70411,70412,70413,70414,70415,70416,70417,70418,70419,70420,70421,70422,70423,70425,70426,70427,70428,70429,70430,70431,70432,70433,70435,70436,70437,70438,70439,70440,70441,70442,70443,70444,70445,70446,70447,70448,70449,70450,70451,70452,70453,70454,70455,70456,70457,70459,70460,70461,70462,70463,70464,70466,70467,70468,70469,70470,70471,70472,70473,70474,70476,70477,70478,70479,70480,70481,70482,70483,70484,70485,70486,70487,70488,70489,70490,70491,70492,70493,70494,70496,70498,70499,70500,70501,70502,70503,70504,70505,70506,70507,70509,70510,70511,70512,70513,70514,70515,70516,70517,70518,70519,70520,70521,70522,70523,70524,70525,70526,70527,70528,70529,70531,70532,70533,70534,70535,70536,70537,70538,70539,70540,70541,70542,70544,70545,70546,70547,70548,70549,70550,70552,70553,70554,70555,70558,70559,70560,70561,70562,70563,70564,70565,70566,70567,70568,70569,70571,70572,70573,70574,70575,70576,70577,70578,70579,70580,70581,70582,70583}",SDED,2026-03-24 14:41:32.274366+01,gold_establishments_2025,,,,17700001500012,2025,Services de l'Etat,Département,['Haute-Saône'],['Bourgogne-Franche-Comté'],PREFECTURE,{70},{27}
ef967a68-c217-4a46-b0a2-ad434f28eb63,178700019,Préfecture Haute-Vienne,false,"{87001,87002,87003,87004,87005,87006,87007,87008,87009,87011,87012,87013,87014,87015,87016,87017,87018,87019,87020,87021,87022,87023,87024,87025,87027,87028,87029,87030,87031,87032,87033,87034,87035,87036,87037,87038,87039,87040,87041,87042,87043,87044,87045,87046,87047,87048,87049,87050,87051,87052,87053,87054,87056,87057,87058,87059,87060,87061,87062,87063,87064,87065,87066,87067,87068,87069,87070,87071,87072,87073,87074,87075,87076,87077,87078,87079,87080,87081,87082,87083,87084,87085,87086,87087,87088,87089,87090,87091,87092,87093,87094,87095,87096,87097,87099,87100,87101,87103,87104,87105,87106,87107,87108,87109,87110,87111,87112,87113,87114,87115,87116,87117,87118,87119,87120,87121,87122,87123,87124,87125,87126,87127,87128,87129,87130,87131,87132,87133,87134,87135,87137,87138,87139,87140,87141,87142,87143,87144,87145,87146,87147,87148,87149,87150,87151,87152,87153,87154,87155,87156,87157,87158,87159,87160,87161,87162,87163,87164,87165,87166,87167,87168,87169,87170,87172,87174,87176,87177,87178,87179,87180,87181,87182,87183,87185,87186,87187,87188,87189,87190,87191,87192,87193,87194,87195,87197,87198,87199,87200,87201,87202,87203,87204,87205,87206}",SDED,2026-03-24 14:41:32.274366+01,gold_establishments_2025,,,,17870001900015,2025,Services de l'Etat,Département,['Haute-Vienne'],['Nouvelle-Aquitaine'],PREFECTURE,{87},{75}
678deed5-551b-47e5-ac11-8c7dda94d2a3,170500011,Préfecture Hautes-Alpes,false,"{05001,05003,05004,05006,05007,05008,05009,05010,05011,05012,05013,05014,05016,05017,05018,05019,05021,05022,05023,05024,05025,05026,05027,05028,05029,05031,05032,05033,05035,05036,05037,05038,05039,05040,05044,05045,05046,05047,05048,05049,05050,05051,05052,05053,05054,05055,05056,05057,05058,05059,05060,05061,05062,05063,05064,05065,05066,05068,05070,05071,05072,05073,05074,05075,05076,05077,05078,05079,05080,05081,05082,05084,05085,05086,05087,05089,05090,05091,05092,05093,05094,05095,05096,05097,05098,05099,05100,05101,05102,05103,05104,05106,05107,05108,05109,05110,05111,05112,05113,05114,05115,05116,05117,05118,05119,05121,05122,05123,05124,05126,05127,05128,05129,05130,05131,05132,05133,05134,05135,05136,05139,05140,05142,05144,05145,05146,05147,05148,05149,05151,05152,05153,05154,05155,05156,05157,05158,05159,05160,05161,05162,05163,05164,05165,05166,05167,05168,05169,05170,05171,05172,05173,05174,05176,05177,05178,05179,05180,05181,05182,05183,05184}",SDED,2026-03-24 14:41:32.274366+01,gold_establishments_2025,,,,17050001100011,2025,Services de l'Etat,Département,['Hautes-Alpes'],['Provence-Alpes-Côte dAzur'],PREFECTURE,{05},{93}
b7fcc93d-0d65-4d01-8df6-b12810cfae25,176500015,Préfecture Hautes-Pyrénées,false,"{65001,65002,65003,65004,65005,65006,65007,65009,65010,65011,65012,65013,65014,65015,65016,65017,65018,65019,65020,65021,65022,65023,65024,65025,65026,65028,65029,65031,65032,65033,65034,65035,65036,65037,65038,65039,65040,65041,65042,65043,65044,65045,65046,65047,65048,65049,65050,65051,65052,65053,65054,65055,65056,65057,65058,65059,65060,65061,65062,65063,65064,65065,65066,65067,65068,65069,65070,65071,65072,65073,65074,65075,65076,65077,65078,65079,65080,65081,65082,65083,65084,65085,65086,65087,65088,65089,65090,65091,65092,65093,65094,65095,65096,65097,65098,65099,65100,65101,65102,65103,65104,65105,65106,65107,65108,65109,65110,65111,65112,65113,65114,65115,65116,65117,65118,65119,65120,65121,65123,65124,65125,65126,65127,65128,65129,65130,65131,65132,65133,65134,65135,65136,65137,65138,65139,65140,65141,65142,65143,65144,65145,65146,65147,65148,65149,65150,65151,65153,65154,65155,65156,65157,65158,65159,65160,65161,65162,65163,65164,65165,65166,65167,65168,65169,65170,65171,65172,65173,65174,65175,65176,65177,65178,65179,65180,65181,65182,65183,65184,65185,65186,65187,65189,65190,65191,65192,65193,65194,65195,65196,65197,65198,65199,65200,65201,65202,65203,65204,65205,65206,65207,65208,65209,65210,65211,65212,65213,65214,65215,65216,65217,65218,65219,65220,65221,65222,65223,65224,65225,65226,65228,65229,65230,65231,65232,65233,65234,65235,65236,65237,65238,65239,65240,65241,65242,65243,65244,65245,65247,65248,65249,65250,65251,65252,65253,65254,65255,65256,65257,65258,65259,65260,65261,65262,65263,65264,65265,65266,65267,65268,65269,65270,65271,65272,65273,65274,65275,65276,65277,65278,65279,65280,65281,65282,65283,65284,65285,65286,65287,65288,65289,65290,65291,65292,65293,65294,65295,65296,65297,65298,65299,65300,65301,65303,65304,65305,65306,65307,65308,65309,65310,65311,65313,65314,65315,65316,65317,65318,65319,65320,65321,65322,65323,65324,65325,65326,65327,65328,65329,65330,65331,65332,65333,65334,65335,65336,65337,65338,65339,65340,65341,65342,65343,65344,65345,65346,65347,65348,65349,65350,65351,65352,65353,65354,65355,65356,65357,65358,65359,65360,65361,65362,65363,65364,65366,65367,65368,65369,65370,65371,65372,65373,65374,65375,65376,65377,65378,65379,65380,65381,65382,65383,65384,65385,65386,65387,65388,65389,65390,65391,65392,65393,65394,65395,65396,65397,65398,65399,65400,65401,65402,65403,65404,65405,65406,65407,65408,65409,65410,65411,65412,65413,65414,65415,65416,65417,65418,65419,65420,65421,65422,65423,65424,65425,65426,65427,65428,65429,65430,65431,65432,65433,65435,65436,65437,65438,65439,65440,65441,65442,65443,65444,65445,65446,65447,65448,65449,65450,65451,65452,65453,65454,65455,65456,65457,65458,65459,65460,65461,65462,65463,65464,65465,65466,65467,65468,65469,65470,65471,65472,65473,65474,65475,65476,65477,65478,65479,65481,65482}",SDED,2026-03-24 14:41:32.274366+01,gold_establishments_2025,,,,17650001500019,2025,Services de l'Etat,Département,['Hautes-Pyrénées'],['Occitanie'],PREFECTURE,{65},{76}
e763300c-d4ec-42d2-b6b3-026de1687180,175900000,Préfecture Hauts-de-France,false,"{02001,02002,02003,02004,02005,02006,02007,02008,02009,02010,02011,02012,02013,02014,02015,02016,02017,02018,02019,02020,02021,02022,02023,02024,02025,02027,02028,02029,02030,02031,02032,02033,02034,02035,02036,02037,02038,02039,02040,02041,02042,02043,02044,02046,02047,02048,02049,02050,02051,02052,02053,02054,02055,02056,02057,02058,02059,02060,02061,02062,02063,02064,02065,02066,02067,02068,02069,02070,02071,02072,02073,02074,02075,02076,02078,02079,02080,02081,02082,02083,02084,02085,02086,02087,02088,02089,02090,02091,02093,02094,02095,02096,02097,02098,02099,02100,02101,02102,02103,02104,02105,02106,02107,02108,02109,02110,02111,02112,02114,02115,02116,02117,02118,02119,02120,02121,02122,02123,02124,02125,02126,02127,02128,02129,02130,02131,02132,02133,02134,02135,02136,02137,02138,02139,02140,02141,02142,02143,02144,02145,02146,02148,02149,02150,02151,02152,02153,02154,02155,02156,02157,02158,02159,02160,02162,02163,02164,02165,02166,02167,02168,02169,02170,02171,02172,02173,02174,02175,02176,02177,02178,02179,02180,02181,02182,02183,02184,02185,02186,02187,02188,02189,02190,02191,02192,02193,02194,02195,02196,02197,02198,02199,02200,02201,02203,02204,02205,02206,02207,02208,02209,02210,02211,02212,02213,02214,02215,02216,02217,02218,02219,02220,02221,02222,02223,02224,02225,02226,02227,02228,02229,02230,02231,02232,02233,02234,02235,02236,02237,02238,02239,02240,02241,02242,02243,02244,02245,02246,02248,02249,02250,02251,02252,02253,02254,02255,02256,02257,02258,02259,02260,02261,02262,02263,02264,02265,02266,02267,02268,02269,02270,02271,02272,02273,02274,02275,02276,02277,02278,02279,02280,02281,02282,02283,02284,02286,02287,02288,02289,02290,02291,02292,02293,02294,02295,02296,02297,02298,02299,02302,02303,02304,02305,02306,02307,02308,02309,02310,02312,02313,02315,02316,02317,02318,02319,02320,02321,02322,02323,02324,02326,02327,02328,02329,02330,02331,02332,02333,02334,02335,02336,02337,02338,02339,02340,02341,02342,02343,02345,02346,02347,02349,02350,02351,02352,02353,02354,02355,02356,02357,02358,02359,02360,02361,02362,02363,02364,02366,02367,02368,02369,02370,02371,02372,02373,02374,02375,02376,02377,02378,02379,02380,02381,02382,02383,02384,02385,02386,02387,02388,02389,02390,02391,02392,02393,02395,02396,02397,02398,02399,02400,02401,02402,02403,02404,02405,02406,02407,02408,02409,02410,02411,02412,02413,02414,02415,02416,02417,02418,02419,02420,02421,02422,02423,02424,02425,02426,02427,02428,02429,02430,02431,02432,02433,02435,02438,02439,02440,02441,02442,02443,02444,02445,02446,02447,02448,02449,02450,02451,02452,02453,02454,02455,02456,02457,02458,02459,02460,02461,02462,02463,02464,02465,02466,02467,02468,02469,02470,02471,02472,02473,02474,02476,02477,02478,02480,02481,02482,02483,02484,02485,02486,02487,02488,02489,02490,02491,02492,02493,02494,02495,02496,02497,02498,02499,02500,02501,02502,02503,02504,02505,02506,02507,02508,02509,02510,02511,02512,02513,02514,02515,02516,02517,02518,02519,02520,02521,02522,02523,02524,02525,02526,02527,02528,02529,02530,02531,02532,02533,02534,02535,02536,02537,02538,02539,02540,02541,02542,02543,02544,02545,02546,02547,02548,02549,02550,02551,02552,02553,02554,02555,02556,02557,02558,02559,02560,02561,02562,02563,02564,02565,02566,02567,02568,02569,02570,02571,02572,02573,02574,02575,02576,02577,02578,02579,02580,02581,02582,02583,02584,02585,02586,02587,02588,02589,02590,02591,02592,02593,02594,02595,02596,02598,02599,02600,02601,02602,02604,02605,02606,02607,02608,02609,02610,02612,02613,02614,02615,02616,02617,02618,02619,02620,02621,02622,02623,02624,02625,02626,02627,02628,02629,02631,02632,02633,02634,02635,02636,02637,02638,02639,02640,02641,02642,02643,02644,02645,02647,02648,02649,02650,02651,02652,02653,02654,02655,02656,02657,02658,02659,02660,02661,02662,02663,02664,02665,02666,02667,02668,02670,02671,02672,02673,02674,02675,02676,02677,02678,02679,02680,02681,02682,02683,02684,02685,02686,02687,02688,02689,02690,02691,02693,02694,02696,02697,02698,02699,02701,02702,02703,02704,02705,02706,02707,02708,02709,02710,02711,02712,02713,02714,02715,02716,02717,02718,02719,02720,02721,02722,02723,02724,02725,02726,02727,02728,02729,02730,02731,02732,02734,02735,02736,02737,02738,02739,02740,02741,02742,02743,02744,02745,02746,02747,02748,02749,02750,02751,02752,02753,02754,02755,02756,02757,02758,02759,02760,02761,02762,02763,02764,02765,02766,02767,02768,02769,02770,02772,02773,02774,02775,02776,02777,02778,02779,02780,02781,02782,02783,02784,02785,02786,02787,02788,02789,02790,02791,02792,02793,02794,02795,02796,02797,02798,02799,02800,02801,02802,02803,02804,02805,02806,02807,02808,02809,02810,02812,02813,02814,02815,02816,02817,02818,02819,02820,02821,02822,02823,02824,02826,02827,02828,02829,02830,02831,02832,02833,02834,59001,59002,59003,59004,59005,59006,59007,59008,59009,59010,59011,59012,59013,59014,59015,59016,59017,59018,59019,59021,59022,59023,59024,59025,59026,59027,59028,59029,59031,59032,59033,59034,59035,59036,59037,59038,59039,59041,59042,59043,59044,59045,59046,59047,59048,59049,59050,59051,59052,59053,59054,59055,59056,59057,59058,59059,59060,59061,59062,59063,59064,59065,59066,59067,59068,59069,59071,59072,59073,59074,59075,59076,59077,59078,59079,59080,59081,59082,59083,59084,59085,59086,59087,59088,59089,59090,59091,59092,59093,59094,59096,59097,59098,59099,59100,59101,59102,59103,59104,59105,59106,59107,59108,59109,59110,59111,59112,59113,59114,59115,59116,59117,59118,59119,59120,59121,59122,59123,59124,59125,59126,59127,59128,59129,59130,59131,59132,59133,59134,59135,59136,59137,59138,59139,59140,59141,59142,59143,59144,59145,59146,59147,59148,59149,59150,59151,59152,59153,59155,59156,59157,59158,59159,59160,59161,59162,59163,59164,59165,59166,59167,59168,59169,59170,59171,59172,59173,59174,59175,59176,59177,59178,59179,59180,59181,59182,59183,59184,59185,59186,59187,59188,59189,59190,59191,59192,59193,59194,59195,59196,59197,59198,59199,59200,59201,59202,59203,59204,59205,59206,59207,59208,59209,59210,59211,59212,59213,59214,59215,59216,59217,59218,59219,59220,59221,59222,59223,59224,59225,59226,59227,59228,59229,59230,59231,59232,59233,59234,59236,59237,59238,59239,59240,59241,59242,59243,59244,59246,59247,59249,59250,59251,59252,59253,59254,59255,59256,59257,59258,59259,59260,59261,59262,59263,59264,59265,59266,59267,59268,59269,59270,59271,59272,59273,59274,59275,59276,59277,59278,59279,59280,59281,59282,59283,59284,59285,59286,59287,59288,59289,59290,59291,59292,59293,59294,59295,59296,59297,59299,59300,59301,59302,59303,59304,59305,59306,59307,59308,59309,59310,59311,59312,59313,59314,59315,59316,59317,59318,59319,59320,59321,59322,59323,59324,59325,59326,59327,59328,59329,59330,59331,59332,59333,59334,59335,59336,59337,59338,59339,59340,59341,59342,59343,59344,59345,59346,59347,59348,59349,59350,59351,59352,59353,59354,59356,59357,59358,59359,59360,59361,59363,59364,59365,59366,59367,59368,59369,59370,59371,59372,59374,59375,59377,59378,59379,59381,59382,59383,59384,59385,59386,59387,59388,59389,59390,59391,59392,59393,59394,59395,59396,59397,59398,59399,59400,59401,59402,59403,59405,59406,59407,59408,59409,59410,59411,59412,59413,59414,59415,59416,59418,59419,59420,59421,59422,59423,59424,59425,59426,59427,59428,59429,59430,59431,59432,59433,59434,59435,59436,59437,59438,59439,59440,59441,59442,59443,59444,59445,59446,59447,59448,59449,59450,59451,59452,59453,59454,59455,59456,59457,59458,59459,59461,59462,59463,59464,59465,59466,59467,59468,59469,59470,59471,59472,59473,59474,59475,59476,59477,59478,59479,59480,59481,59482,59483,59484,59485,59486,59487,59488,59489,59490,59491,59492,59493,59494,59495,59496,59497,59498,59499,59500,59501,59502,59503,59504,59505,59506,59507,59508,59509,59511,59512,59513,59514,59515,59516,59517,59518,59519,59520,59521,59522,59523,59524,59525,59526,59527,59528,59529,59530,59531,59532,59533,59534,59535,59536,59537,59538,59539,59541,59542,59543,59544,59545,59546,59547,59548,59549,59550,59551,59552,59553,59554,59555,59556,59557,59558,59559,59560,59562,59563,59564,59565,59566,59567,59568,59569,59570,59571,59572,59573,59574,59575,59576,59577,59578,59579,59580,59581,59582,59583,59584,59585,59586,59587,59588,59589,59590,59591,59592,59593,59594,59595,59596,59597,59598,59599,59600,59601,59602,59603,59604,59605,59606,59607,59608,59609,59610,59611,59612,59613,59614,59615,59616,59617,59618,59619,59620,59622,59623,59624,59625,59626,59627,59628,59629,59630,59631,59632,59633,59634,59635,59636,59637,59638,59639,59640,59641,59642,59643,59645,59646,59647,59648,59649,59650,59651,59652,59653,59654,59655,59656,59657,59658,59659,59660,59661,59662,59663,59664,59665,59666,59667,59668,59669,59670,60001,60002,60003,60004,60005,60006,60007,60008,60009,60010,60011,60012,60013,60014,60015,60016,60017,60019,60020,60021,60022,60023,60024,60025,60026,60027,60028,60029,60030,60031,60032,60033,60034,60035,60036,60037,60039,60040,60041,60042,60043,60044,60045,60046,60047,60048,60049,60050,60051,60052,60053,60054,60055,60056,60057,60058,60059,60060,60061,60062,60063,60064,60065,60066,60067,60068,60069,60070,60071,60072,60073,60074,60075,60076,60077,60078,60079,60081,60082,60083,60084,60085,60086,60087,60088,60089,60090,60091,60092,60093,60094,60095,60097,60098,60099,60100,60101,60102,60103,60104,60105,60106,60107,60108,60109,60110,60111,60112,60113,60114,60115,60116,60117,60118,60119,60120,60121,60122,60123,60124,60125,60126,60127,60128,60129,60130,60131,60132,60133,60134,60135,60136,60137,60138,60139,60140,60141,60142,60143,60144,60145,60146,60147,60148,60149,60150,60151,60152,60153,60154,60155,60156,60157,60158,60159,60160,60161,60162,60163,60164,60165,60166,60167,60168,60169,60170,60171,60172,60173,60174,60175,60176,60177,60178,60179,60180,60181,60182,60183,60184,60185,60186,60187,60188,60189,60190,60191,60192,60193,60194,60195,60196,60197,60198,60199,60200,60201,60203,60204,60205,60206,60207,60208,60209,60210,60211,60212,60213,60214,60215,60216,60217,60218,60219,60220,60221,60222,60223,60224,60225,60226,60227,60228,60229,60230,60231,60232,60233,60234,60235,60236,60237,60238,60239,60240,60241,60242,60243,60244,60245,60247,60248,60249,60250,60251,60252,60253,60254,60255,60256,60257,60258,60259,60260,60261,60262,60263,60264,60265,60267,60268,60269,60270,60271,60272,60273,60274,60275,60276,60277,60278,60279,60280,60281,60282,60283,60284,60285,60286,60287,60288,60289,60290,60291,60292,60293,60294,60295,60296,60297,60298,60299,60301,60302,60303,60304,60305,60306,60307,60308,60309,60310,60311,60312,60313,60314,60315,60316,60317,60318,60319,60320,60321,60322,60323,60324,60325,60326,60327,60328,60329,60330,60331,60332,60333,60334,60335,60336,60337,60338,60339,60340,60341,60342,60343,60344,60345,60346,60347,60348,60350,60351,60352,60353,60354,60355,60356,60357,60358,60359,60360,60361,60362,60363,60364,60365,60366,60367,60368,60369,60370,60371,60372,60373,60374,60375,60376,60377,60378,60379,60380,60381,60382,60383,60385,60386,60387,60388,60389,60390,60391,60392,60393,60394,60395,60396,60397,60398,60399,60400,60401,60402,60403,60404,60405,60406,60407,60408,60409,60410,60411,60412,60413,60414,60415,60416,60418,60420,60421,60422,60423,60424,60425,60426,60427,60428,60429,60430,60431,60432,60433,60434,60435,60436,60437,60438,60439,60440,60441,60442,60443,60444,60445,60446,60447,60448,60449,60450,60451,60452,60454,60456,60457,60458,60459,60460,60461,60462,60463,60464,60465,60466,60468,60469,60470,60471,60472,60473,60474,60476,60477,60478,60479,60480,60481,60482,60483,60484,60485,60486,60487,60488,60489,60490,60491,60492,60493,60494,60495,60496,60497,60498,60499,60500,60501,60502,60503,60504,60505,60506,60507,60508,60509,60510,60511,60512,60513,60514,60515,60516,60517,60518,60519,60520,60521,60522,60523,60524,60525,60526,60527,60528,60529,60530,60531,60533,60534,60535,60536,60537,60538,60539,60540,60541,60542,60543,60544,60545,60546,60547,60548,60549,60550,60551,60552,60553,60554,60555,60556,60557,60558,60559,60560,60561,60562,60563,60564,60565,60566,60567,60568,60569,60570,60571,60572,60573,60574,60575,60576,60577,60578,60579,60581,60582,60583,60584,60585,60586,60587,60588,60589,60590,60591,60592,60593,60594,60595,60596,60597,60598,60599,60600,60601,60602,60603,60604,60605,60608,60609,60610,60611,60612,60613,60614,60615,60616,60617,60618,60619,60620,60621,60622,60623,60624,60625,60626,60627,60628,60629,60630,60631,60632,60633,60634,60635,60636,60637,60638,60639,60640,60641,60642,60643,60644,60645,60646,60647,60648,60650,60651,60652,60653,60654,60655,60656,60657,60658,60659,60660,60661,60662,60663,60664,60665,60666,60667,60668,60669,60670,60671,60672,60673,60674,60675,60676,60677,60678,60679,60680,60681,60682,60683,60684,60685,60686,60687,60688,60689,60691,60692,60693,60695,60697,60698,60699,60700,60701,60702,60703,62001,62002,62003,62004,62005,62006,62007,62008,62009,62010,62011,62012,62013,62014,62015,62016,62017,62018,62019,62020,62021,62022,62023,62024,62025,62026,62027,62028,62029,62030,62031,62032,62033,62034,62035,62036,62037,62038,62039,62040,62041,62042,62043,62044,62045,62046,62047,62048,62049,62050,62051,62052,62053,62054,62055,62056,62057,62058,62059,62060,62061,62062,62063,62064,62065,62066,62067,62068,62069,62070,62071,62072,62073,62074,62075,62076,62077,62078,62079,62080,62081,62082,62083,62084,62085,62086,62087,62088,62089,62090,62091,62092,62093,62094,62095,62096,62097,62099,62100,62101,62102,62103,62104,62105,62106,62107,62108,62109,62111,62112,62113,62114,62115,62116,62117,62118,62119,62120,62121,62122,62123,62124,62125,62126,62127,62128,62129,62130,62131,62132,62133,62134,62135,62137,62138,62139,62140,62141,62142,62143,62144,62145,62146,62147,62148,62149,62150,62151,62152,62153,62154,62155,62156,62157,62158,62160,62161,62162,62163,62164,62165,62166,62167,62168,62169,62170,62171,62172,62173,62174,62175,62176,62177,62178,62179,62180,62181,62182,62183,62184,62185,62186,62187,62188,62189,62190,62191,62192,62193,62194,62195,62196,62197,62198,62199,62200,62201,62202,62203,62204,62205,62206,62207,62208,62209,62211,62212,62213,62214,62215,62216,62217,62218,62219,62220,62221,62222,62223,62224,62225,62227,62228,62229,62230,62231,62232,62233,62234,62235,62236,62237,62238,62239,62240,62241,62242,62243,62244,62245,62246,62247,62248,62249,62250,62251,62252,62253,62254,62255,62256,62257,62258,62259,62260,62261,62262,62263,62264,62265,62266,62267,62268,62269,62270,62271,62272,62273,62274,62275,62276,62277,62278,62279,62280,62281,62282,62283,62284,62285,62286,62288,62289,62290,62291,62292,62293,62295,62296,62297,62298,62299,62300,62301,62302,62303,62304,62306,62307,62308,62309,62310,62311,62312,62313,62314,62315,62316,62317,62318,62319,62320,62321,62322,62323,62324,62325,62326,62327,62328,62329,62330,62331,62332,62333,62334,62335,62336,62337,62338,62339,62340,62341,62342,62343,62344,62345,62346,62347,62348,62349,62350,62351,62352,62353,62354,62355,62356,62357,62358,62359,62360,62361,62362,62363,62364,62365,62366,62367,62368,62369,62370,62371,62372,62373,62374,62375,62376,62377,62378,62379,62380,62381,62382,62383,62384,62385,62386,62387,62388,62389,62390,62391,62392,62393,62395,62396,62397,62398,62399,62400,62401,62402,62403,62404,62405,62406,62407,62408,62409,62410,62411,62412,62413,62414,62415,62416,62418,62419,62421,62422,62423,62424,62425,62426,62427,62428,62429,62430,62432,62433,62434,62435,62436,62437,62438,62439,62440,62441,62442,62443,62444,62445,62446,62447,62448,62449,62450,62451,62452,62453,62454,62455,62456,62457,62458,62459,62460,62462,62463,62464,62465,62466,62467,62468,62469,62470,62471,62472,62473,62474,62475,62476,62477,62478,62479,62480,62481,62483,62484,62485,62486,62487,62488,62489,62490,62491,62492,62493,62494,62495,62496,62497,62498,62499,62500,62501,62502,62503,62504,62505,62506,62507,62508,62509,62510,62511,62512,62513,62514,62515,62516,62517,62518,62519,62520,62521,62522,62523,62524,62525,62526,62527,62528,62529,62530,62531,62532,62533,62534,62535,62536,62537,62538,62539,62540,62541,62542,62543,62544,62545,62546,62547,62548,62550,62551,62552,62553,62554,62555,62556,62557,62558,62559,62560,62561,62562,62563,62564,62565,62566,62567,62568,62569,62570,62571,62572,62573,62574,62576,62577,62578,62579,62580,62581,62582,62583,62584,62585,62586,62587,62588,62589,62590,62591,62592,62593,62594,62595,62596,62597,62598,62599,62600,62601,62602,62603,62604,62605,62606,62607,62608,62609,62610,62611,62612,62613,62614,62615,62616,62617,62618,62619,62620,62621,62622,62623,62624,62625,62626,62627,62628,62629,62630,62631,62632,62633,62634,62635,62636,62637,62638,62639,62640,62641,62642,62643,62644,62645,62646,62647,62648,62649,62650,62651,62652,62653,62654,62655,62656,62657,62658,62659,62660,62661,62662,62663,62664,62665,62666,62667,62668,62669,62670,62671,62672,62673,62674,62675,62676,62677,62678,62679,62680,62681,62682,62683,62684,62685,62686,62688,62689,62690,62691,62692,62693,62694,62695,62696,62697,62698,62699,62700,62701,62702,62703,62704,62705,62706,62708,62709,62710,62711,62712,62713,62714,62715,62716,62717,62718,62719,62720,62721,62722,62723,62724,62725,62726,62727,62728,62729,62730,62731,62732,62733,62734,62735,62736,62737,62738,62739,62740,62741,62742,62744,62745,62746,62747,62748,62749,62750,62751,62752,62753,62754,62755,62756,62757,62758,62759,62760,62761,62762,62763,62764,62765,62766,62767,62768,62769,62770,62771,62772,62773,62774,62775,62776,62777,62778,62779,62780,62781,62782,62783,62784,62785,62786,62787,62788,62789,62790,62791,62792,62793,62794,62795,62796,62797,62798,62799,62800,62801,62802,62803,62804,62805,62806,62808,62809,62810,62811,62812,62813,62814,62815,62816,62817,62818,62819,62820,62821,62822,62823,62824,62825,62826,62827,62828,62829,62830,62831,62832,62833,62834,62835,62836,62837,62838,62839,62840,62841,62842,62843,62844,62845,62846,62847,62848,62849,62850,62851,62852,62853,62854,62855,62856,62857,62858,62859,62860,62861,62862,62863,62864,62865,62866,62867,62868,62869,62870,62871,62872,62873,62874,62875,62876,62877,62878,62879,62880,62881,62882,62883,62885,62886,62887,62888,62889,62890,62891,62892,62893,62894,62895,62896,62897,62898,62899,62900,62901,62902,62903,62904,62905,62906,62907,62908,62909,80001,80002,80003,80004,80005,80006,80008,80009,80010,80011,80013,80014,80015,80016,80017,80018,80019,80020,80021,80022,80023,80024,80025,80026,80027,80028,80029,80030,80031,80032,80033,80034,80035,80036,80037,80038,80039,80040,80041,80042,80043,80044,80045,80046,80047,80048,80049,80050,80051,80052,80053,80054,80055,80056,80057,80058,80059,80060,80061,80062,80063,80064,80065,80066,80067,80068,80069,80070,80071,80073,80074,80076,80077,80078,80079,80080,80081,80082,80083,80084,80085,80086,80087,80088,80089,80090,80092,80093,80094,80095,80096,80097,80098,80099,80100,80101,80102,80103,80104,80105,80106,80107,80108,80109,80110,80112,80113,80114,80115,80116,80117,80118,80119,80120,80121,80122,80123,80124,80125,80126,80127,80128,80129,80130,80131,80132,80133,80134,80135,80136,80137,80138,80139,80140,80141,80142,80143,80144,80145,80146,80147,80148,80149,80150,80151,80152,80153,80154,80155,80156,80157,80158,80159,80160,80161,80162,80163,80164,80165,80166,80167,80168,80169,80170,80171,80172,80173,80174,80176,80177,80179,80180,80181,80182,80183,80184,80185,80186,80187,80188,80189,80190,80191,80192,80193,80194,80195,80196,80197,80198,80199,80200,80201,80202,80203,80204,80205,80206,80207,80208,80210,80211,80212,80213,80214,80215,80216,80217,80218,80219,80220,80221,80222,80223,80224,80225,80226,80227,80228,80229,80230,80231,80232,80233,80234,80235,80236,80237,80238,80239,80240,80241,80242,80243,80244,80245,80246,80247,80248,80249,80250,80251,80252,80253,80256,80258,80259,80260,80261,80262,80263,80264,80265,80266,80267,80268,80269,80270,80271,80272,80273,80274,80275,80276,80278,80279,80280,80281,80282,80283,80284,80285,80287,80288,80290,80291,80292,80293,80294,80295,80296,80297,80298,80299,80300,80301,80302,80303,80304,80305,80306,80307,80308,80310,80311,80312,80313,80314,80315,80316,80317,80318,80319,80320,80321,80322,80324,80325,80326,80327,80328,80329,80330,80331,80332,80333,80334,80335,80336,80337,80338,80339,80340,80341,80342,80343,80344,80345,80346,80347,80348,80349,80350,80351,80352,80353,80354,80355,80356,80357,80358,80359,80360,80361,80362,80364,80365,80366,80367,80368,80369,80371,80372,80373,80374,80375,80376,80377,80378,80379,80380,80381,80383,80384,80385,80386,80387,80388,80390,80391,80392,80393,80395,80396,80397,80399,80400,80401,80402,80403,80404,80405,80406,80407,80408,80409,80410,80411,80412,80413,80414,80415,80416,80417,80418,80420,80421,80422,80423,80424,80425,80426,80427,80428,80429,80430,80431,80432,80433,80434,80435,80436,80437,80438,80439,80440,80442,80443,80444,80445,80446,80449,80450,80451,80452,80453,80455,80456,80458,80459,80460,80461,80462,80463,80464,80465,80466,80467,80468,80469,80470,80472,80473,80474,80475,80476,80477,80478,80479,80480,80481,80482,80484,80485,80486,80487,80488,80489,80490,80491,80493,80494,80495,80496,80497,80498,80499,80500,80501,80502,80503,80504,80505,80507,80508,80509,80511,80512,80513,80514,80515,80516,80517,80518,80519,80520,80521,80522,80523,80524,80525,80526,80527,80528,80529,80530,80531,80533,80535,80536,80537,80538,80540,80541,80542,80543,80544,80545,80546,80547,80548,80549,80550,80552,80553,80554,80555,80556,80557,80558,80559,80560,80561,80562,80563,80565,80566,80568,80569,80570,80571,80572,80573,80574,80575,80576,80577,80578,80579,80580,80582,80583,80584,80585,80586,80587,80588,80589,80590,80591,80592,80593,80595,80596,80597,80598,80599,80600,80601,80602,80603,80604,80605,80606,80607,80609,80611,80613,80614,80615,80616,80617,80618,80619,80620,80621,80622,80623,80624,80625,80626,80627,80628,80629,80630,80631,80632,80633,80634,80635,80637,80638,80639,80640,80642,80643,80644,80645,80646,80647,80648,80649,80650,80651,80652,80654,80655,80656,80657,80658,80659,80661,80662,80663,80664,80665,80666,80667,80668,80669,80670,80671,80672,80673,80674,80675,80676,80677,80678,80679,80680,80681,80682,80683,80684,80685,80686,80687,80688,80690,80691,80692,80693,80694,80695,80696,80697,80698,80699,80700,80701,80702,80703,80704,80705,80706,80707,80708,80709,80710,80711,80713,80714,80716,80717,80718,80719,80721,80722,80723,80724,80725,80726,80728,80729,80730,80732,80733,80734,80735,80736,80737,80738,80740,80741,80742,80743,80744,80746,80747,80748,80749,80750,80751,80752,80753,80754,80755,80756,80757,80758,80759,80760,80762,80763,80764,80765,80766,80767,80769,80770,80771,80773,80774,80775,80776,80777,80778,80779,80780,80781,80782,80783,80784,80785,80786,80787,80788,80789,80790,80791,80792,80793,80794,80795,80796,80797,80798,80799,80800,80801,80802,80803,80804,80805,80806,80807,80808,80809,80810,80811,80812,80813,80814,80815,80819,80820,80821,80822,80823,80824,80825,80826,80827,80828,80829,80832,80833,80834,80835,80836}","",2026-03-24 14:41:32.274366+01,gold_establishments_2025,,,,17590000000019,2025,Services de l'Etat,Région,"['Aisne', 'Nord', 'Oise', 'Pas-de-Calais', 'Somme']",['Hauts-de-France'],PREFECTURE,"{02,59,60,62,80}",{32}
b102a362-080e-4843-ab19-1956002b918a,179200019,Préfecture Hauts-de-Seine,false,"{92002,92004,92007,92009,92012,92014,92019,92020,92022,92023,92024,92025,92026,92032,92033,92035,92036,92040,92044,92046,92047,92048,92049,92050,92051,92060,92062,92063,92064,92071,92072,92073,92075,92076,92077,92078}",SDED,2026-03-24 14:41:32.274366+01,gold_establishments_2025,,,,17920001900018,2025,Services de l'Etat,Département,['Hauts-de-Seine'],['Île-de-France'],PREFECTURE,{92},{11}
b401c99c-cf7f-4cfb-a89e-5e9843d68f8b,173400011,Préfecture Hérault,false,"{34001,34002,34003,34004,34005,34006,34007,34008,34009,34010,34011,34012,34013,34014,34015,34016,34017,34018,34019,34020,34021,34022,34023,34024,34025,34026,34027,34028,34029,34030,34031,34032,34033,34034,34035,34036,34037,34038,34039,34040,34041,34042,34043,34044,34045,34046,34047,34048,34049,34050,34051,34052,34053,34054,34055,34056,34057,34058,34059,34060,34061,34062,34063,34064,34065,34066,34067,34068,34069,34070,34071,34072,34073,34074,34075,34076,34077,34078,34079,34080,34081,34082,34083,34084,34085,34086,34087,34088,34089,34090,34091,34092,34094,34095,34096,34097,34098,34099,34100,34101,34102,34103,34104,34105,34106,34107,34108,34109,34110,34111,34112,34113,34114,34115,34116,34117,34118,34119,34120,34121,34122,34123,34124,34125,34126,34127,34128,34129,34130,34131,34132,34133,34134,34135,34136,34137,34138,34139,34140,34141,34142,34143,34144,34145,34146,34147,34148,34149,34150,34151,34152,34153,34154,34155,34156,34157,34158,34159,34160,34161,34162,34163,34164,34165,34166,34167,34168,34169,34170,34171,34172,34173,34174,34175,34176,34177,34178,34179,34180,34181,34182,34183,34184,34185,34186,34187,34188,34189,34190,34191,34192,34193,34194,34195,34196,34197,34198,34199,34200,34201,34202,34203,34204,34205,34206,34207,34208,34209,34210,34211,34212,34213,34214,34215,34216,34217,34218,34219,34220,34221,34222,34223,34224,34225,34226,34227,34228,34229,34230,34231,34232,34233,34234,34235,34236,34237,34238,34239,34240,34241,34242,34243,34244,34245,34246,34247,34248,34249,34250,34251,34252,34253,34254,34255,34256,34257,34258,34259,34260,34261,34262,34263,34264,34265,34266,34267,34268,34269,34270,34271,34272,34273,34274,34276,34277,34278,34279,34280,34281,34282,34283,34284,34285,34286,34287,34288,34289,34290,34291,34292,34293,34294,34295,34296,34297,34298,34299,34300,34301,34302,34303,34304,34305,34306,34307,34308,34309,34310,34311,34312,34313,34314,34315,34316,34317,34318,34319,34320,34321,34322,34323,34324,34325,34326,34327,34328,34329,34331,34332,34333,34334,34335,34336,34337,34338,34339,34340,34341,34342,34343,34344}",SDED,2026-03-24 14:41:32.274366+01,gold_establishments_2025,,,,17340001100016,2025,Services de l'Etat,Département,['Hérault'],['Occitanie'],PREFECTURE,{34},{76}
a407f8e8-3acd-4881-99df-190814c060d4,173500018,Préfecture Ille-et-Vilaine,false,"{35001,35002,35003,35004,35005,35006,35007,35008,35009,35010,35012,35013,35014,35015,35016,35017,35018,35019,35021,35022,35023,35024,35025,35026,35027,35028,35029,35030,35031,35032,35033,35034,35035,35037,35038,35039,35040,35041,35042,35044,35045,35046,35047,35049,35050,35051,35052,35054,35055,35056,35057,35058,35059,35060,35061,35062,35063,35064,35065,35066,35067,35068,35069,35070,35071,35072,35075,35076,35077,35078,35079,35080,35081,35082,35084,35085,35086,35087,35088,35089,35090,35091,35092,35093,35094,35095,35096,35097,35098,35099,35101,35102,35103,35104,35105,35106,35107,35108,35109,35110,35111,35114,35115,35116,35117,35118,35119,35120,35121,35122,35123,35124,35125,35126,35127,35128,35130,35131,35132,35133,35134,35135,35136,35137,35138,35139,35140,35141,35142,35143,35144,35145,35146,35148,35149,35150,35151,35152,35153,35154,35155,35156,35157,35159,35160,35161,35162,35163,35164,35165,35166,35167,35168,35169,35170,35171,35172,35173,35174,35175,35176,35177,35178,35179,35180,35181,35183,35184,35185,35186,35187,35188,35189,35190,35191,35192,35193,35194,35195,35196,35197,35198,35199,35200,35201,35202,35203,35204,35205,35206,35207,35208,35210,35211,35212,35214,35215,35216,35217,35218,35219,35220,35221,35222,35223,35224,35225,35226,35227,35228,35229,35230,35231,35232,35233,35234,35235,35236,35237,35238,35239,35240,35241,35242,35243,35244,35245,35246,35247,35248,35249,35250,35251,35252,35253,35255,35256,35257,35258,35259,35260,35261,35262,35263,35264,35265,35266,35268,35270,35271,35272,35273,35274,35275,35276,35277,35278,35279,35280,35281,35282,35283,35284,35285,35286,35287,35288,35289,35290,35291,35292,35294,35295,35296,35297,35299,35300,35302,35304,35305,35306,35307,35308,35309,35310,35311,35312,35314,35315,35316,35317,35318,35319,35320,35321,35322,35324,35325,35326,35327,35328,35329,35330,35331,35332,35333,35334,35335,35336,35337,35338,35339,35340,35342,35343,35345,35346,35347,35350,35351,35352,35353,35354,35355,35356,35357,35358,35359,35360,35361,35362,35363}",SDED,2026-03-24 14:41:32.274366+01,gold_establishments_2025,,,,17350001800101,2025,Services de l'Etat,Département,['Ille-et-Vilaine'],['Bretagne'],PREFECTURE,{35},{53}
3808e059-edfb-47ca-8dc1-d242f4388d54,173600016,Préfecture Indre,false,"{36001,36002,36003,36004,36005,36006,36007,36008,36009,36010,36011,36012,36013,36014,36015,36016,36017,36018,36019,36020,36021,36022,36023,36024,36025,36026,36027,36028,36029,36030,36031,36032,36033,36034,36035,36036,36037,36038,36040,36041,36042,36043,36044,36045,36046,36047,36048,36049,36050,36051,36052,36053,36054,36055,36056,36057,36058,36059,36060,36061,36062,36063,36064,36065,36066,36067,36068,36069,36070,36071,36073,36074,36075,36076,36077,36078,36079,36080,36081,36082,36083,36084,36085,36086,36087,36088,36089,36090,36091,36092,36093,36094,36095,36096,36097,36098,36099,36100,36101,36102,36103,36104,36105,36106,36107,36108,36109,36110,36111,36112,36113,36114,36115,36116,36117,36118,36119,36120,36121,36122,36123,36124,36125,36126,36127,36128,36129,36130,36131,36132,36133,36134,36135,36136,36137,36138,36139,36140,36141,36142,36143,36144,36145,36146,36147,36148,36149,36150,36152,36153,36154,36155,36156,36157,36158,36159,36160,36161,36162,36163,36164,36165,36166,36167,36168,36169,36170,36171,36172,36173,36174,36175,36176,36177,36178,36179,36180,36181,36182,36184,36185,36186,36187,36188,36189,36190,36191,36192,36193,36194,36195,36196,36197,36198,36199,36200,36202,36203,36204,36205,36207,36208,36209,36210,36211,36212,36213,36214,36215,36216,36217,36218,36219,36220,36221,36222,36223,36224,36225,36226,36227,36228,36229,36230,36231,36232,36233,36234,36235,36236,36237,36238,36239,36240,36241,36242,36243,36244,36246,36247,36248}",SDED,2026-03-24 14:41:32.274366+01,gold_establishments_2025,,,,17360001600013,2025,Services de l'Etat,Département,['Indre'],['Centre-Val de Loire'],PREFECTURE,{36},{24}
1d76b8f6-72e2-49ec-92ff-8959d398182b,173700014,Préfecture Indre-et-Loire,false,"{37001,37002,37003,37004,37005,37006,37007,37008,37009,37010,37011,37012,37013,37014,37015,37016,37018,37019,37020,37021,37022,37023,37024,37025,37026,37027,37028,37029,37030,37031,37032,37033,37034,37035,37036,37037,37038,37039,37040,37041,37042,37043,37044,37045,37046,37047,37048,37049,37050,37051,37052,37053,37054,37055,37056,37057,37058,37059,37060,37061,37062,37063,37064,37065,37066,37067,37068,37069,37070,37071,37072,37073,37074,37075,37076,37077,37078,37079,37080,37081,37082,37083,37084,37085,37086,37087,37088,37089,37090,37091,37092,37093,37094,37095,37096,37097,37098,37099,37100,37101,37103,37104,37105,37106,37107,37108,37109,37110,37111,37112,37113,37114,37115,37116,37117,37118,37119,37121,37122,37123,37124,37125,37126,37127,37128,37129,37130,37131,37132,37133,37134,37136,37137,37138,37139,37140,37141,37142,37143,37144,37145,37146,37147,37148,37149,37150,37151,37152,37153,37154,37155,37156,37157,37158,37159,37160,37161,37162,37163,37165,37166,37167,37168,37169,37170,37171,37172,37173,37174,37175,37176,37177,37178,37179,37180,37181,37182,37183,37184,37185,37186,37187,37188,37189,37190,37191,37192,37193,37194,37195,37196,37197,37198,37199,37200,37201,37202,37203,37204,37205,37206,37207,37208,37210,37211,37212,37213,37214,37216,37217,37218,37219,37220,37221,37222,37223,37224,37225,37226,37228,37229,37230,37231,37232,37233,37234,37236,37237,37238,37240,37241,37242,37243,37244,37245,37246,37247,37248,37249,37250,37251,37252,37253,37254,37255,37256,37257,37258,37259,37260,37261,37262,37263,37264,37265,37266,37267,37268,37269,37270,37271,37272,37273,37274,37275,37276,37277,37278,37279,37280,37281,37282}",SDED,2026-03-24 14:41:32.274366+01,gold_establishments_2025,,,,17370001400017,2025,Services de l'Etat,Département,['Indre-et-Loire'],['Centre-Val de Loire'],PREFECTURE,{37},{24}
048879ec-7006-4ba1-9b16-8839a737129e,173800012,Préfecture Isère,false,"{38001,38002,38003,38004,38005,38006,38008,38009,38010,38011,38012,38013,38015,38017,38018,38019,38020,38022,38023,38026,38027,38029,38030,38031,38032,38033,38034,38035,38036,38037,38038,38039,38040,38041,38042,38043,38044,38045,38046,38047,38048,38049,38050,38051,38052,38053,38054,38055,38056,38057,38058,38059,38060,38061,38062,38063,38064,38065,38066,38067,38068,38069,38070,38071,38072,38073,38074,38075,38076,38077,38078,38080,38081,38082,38083,38084,38085,38086,38087,38089,38090,38091,38092,38093,38094,38095,38097,38098,38099,38100,38101,38102,38103,38104,38105,38106,38107,38108,38109,38110,38111,38112,38113,38114,38115,38116,38117,38118,38120,38124,38126,38127,38128,38129,38130,38131,38132,38133,38134,38135,38136,38137,38138,38139,38140,38141,38144,38146,38147,38148,38149,38150,38151,38152,38153,38154,38155,38156,38157,38158,38159,38160,38161,38162,38163,38166,38167,38169,38170,38171,38172,38173,38174,38175,38176,38177,38179,38180,38181,38182,38183,38184,38185,38186,38187,38188,38189,38190,38191,38192,38193,38194,38195,38197,38198,38199,38200,38203,38204,38205,38206,38207,38208,38209,38210,38211,38212,38213,38214,38215,38216,38217,38218,38219,38221,38222,38223,38224,38225,38226,38228,38229,38230,38231,38232,38235,38236,38237,38238,38239,38240,38241,38242,38243,38244,38245,38246,38247,38248,38249,38250,38252,38253,38254,38255,38256,38257,38258,38259,38260,38261,38263,38264,38265,38266,38267,38268,38269,38270,38271,38272,38273,38275,38276,38277,38278,38279,38280,38281,38282,38283,38284,38285,38286,38287,38288,38289,38290,38291,38292,38294,38295,38296,38297,38298,38299,38300,38301,38303,38304,38307,38308,38309,38310,38311,38313,38314,38315,38316,38317,38318,38319,38320,38321,38322,38323,38324,38325,38326,38328,38329,38330,38331,38332,38333,38334,38335,38336,38337,38338,38339,38340,38341,38342,38343,38344,38345,38346,38347,38348,38349,38350,38351,38352,38353,38354,38355,38356,38357,38358,38359,38360,38361,38362,38363,38364,38365,38366,38368,38369,38370,38372,38373,38374,38375,38376,38377,38378,38379,38380,38381,38382,38383,38384,38386,38387,38388,38389,38390,38391,38392,38393,38394,38395,38396,38397,38398,38399,38400,38401,38402,38403,38404,38405,38406,38407,38408,38409,38410,38412,38413,38414,38415,38416,38417,38418,38419,38420,38421,38422,38423,38424,38425,38426,38427,38428,38429,38430,38431,38432,38433,38434,38436,38437,38438,38439,38440,38442,38443,38444,38445,38446,38448,38449,38450,38451,38452,38453,38454,38455,38456,38457,38458,38459,38460,38462,38463,38464,38465,38466,38467,38468,38469,38470,38471,38472,38473,38474,38475,38476,38478,38479,38480,38481,38483,38484,38485,38486,38487,38488,38489,38490,38492,38494,38495,38496,38497,38498,38499,38500,38501,38503,38504,38505,38507,38508,38509,38511,38512,38513,38514,38515,38516,38517,38518,38519,38520,38521,38522,38523,38524,38525,38526,38527,38528,38529,38530,38531,38532,38533,38535,38536,38537,38538,38539,38540,38542,38543,38544,38545,38546,38547,38548,38549,38550,38551,38552,38553,38554,38555,38556,38557,38558,38559,38560,38561,38562,38563,38564,38565,38566,38567}",SDED,2026-03-24 14:41:32.274366+01,gold_establishments_2025,,,,17380001200010,2025,Services de l'Etat,Département,['Isère'],['Auvergne-Rhône-Alpes'],PREFECTURE,{38},{84}
e0533e6b-ef77-4194-b033-5f082a54b449,173900010,Préfecture Jura,false,"{39001,39002,39003,39004,39006,39007,39008,39009,39010,39011,39013,39014,39015,39016,39017,39018,39019,39020,39021,39022,39024,39025,39026,39027,39028,39029,39030,39031,39032,39034,39035,39037,39038,39039,39040,39041,39042,39043,39045,39046,39047,39048,39049,39050,39051,39052,39053,39054,39055,39056,39057,39058,39059,39060,39061,39062,39063,39065,39066,39068,39070,39072,39073,39074,39076,39077,39078,39079,39080,39081,39083,39084,39085,39086,39088,39090,39091,39092,39093,39094,39095,39096,39097,39099,39100,39101,39102,39103,39104,39105,39106,39107,39108,39109,39110,39111,39112,39114,39116,39117,39118,39119,39120,39121,39122,39124,39126,39127,39128,39129,39130,39131,39132,39133,39134,39136,39137,39138,39139,39140,39141,39142,39143,39145,39146,39147,39149,39150,39151,39153,39154,39155,39156,39157,39159,39160,39162,39163,39164,39165,39166,39167,39168,39169,39170,39171,39172,39173,39174,39175,39176,39177,39178,39179,39180,39182,39183,39184,39185,39187,39188,39189,39190,39191,39192,39193,39194,39196,39197,39198,39199,39200,39201,39202,39203,39204,39205,39206,39207,39208,39209,39210,39211,39214,39216,39217,39218,39219,39220,39221,39222,39223,39225,39227,39228,39229,39230,39232,39233,39234,39235,39236,39237,39238,39239,39240,39241,39244,39245,39246,39247,39248,39249,39250,39251,39252,39253,39254,39255,39258,39259,39261,39262,39263,39265,39266,39267,39268,39269,39270,39271,39272,39273,39274,39275,39277,39278,39279,39280,39281,39282,39283,39284,39285,39286,39288,39289,39290,39291,39292,39293,39295,39296,39297,39298,39299,39300,39301,39302,39304,39305,39306,39307,39308,39310,39312,39313,39314,39315,39317,39318,39319,39320,39321,39322,39323,39324,39325,39326,39327,39328,39329,39330,39331,39333,39334,39335,39336,39337,39338,39339,39342,39343,39344,39345,39346,39348,39349,39350,39351,39352,39353,39354,39355,39356,39359,39360,39361,39362,39363,39364,39365,39366,39367,39368,39370,39372,39373,39375,39376,39377,39378,39379,39380,39381,39385,39386,39387,39388,39389,39390,39391,39392,39393,39394,39396,39397,39398,39399,39400,39401,39402,39403,39404,39405,39406,39407,39408,39409,39411,39412,39413,39415,39418,39419,39420,39421,39422,39423,39424,39425,39426,39427,39428,39429,39430,39431,39432,39434,39435,39436,39437,39439,39441,39443,39444,39445,39446,39447,39448,39449,39451,39452,39453,39454,39455,39456,39457,39458,39460,39461,39462,39463,39464,39465,39466,39467,39468,39469,39470,39471,39472,39473,39475,39476,39477,39478,39479,39480,39481,39485,39486,39487,39489,39490,39491,39492,39493,39494,39495,39497,39498,39499,39500,39501,39502,39503,39504,39505,39507,39508,39510,39511,39512,39513,39514,39517,39518,39519,39520,39522,39523,39525,39526,39527,39528,39529,39530,39531,39532,39533,39534,39535,39537,39538,39539,39540,39543,39545,39546,39547,39550,39551,39552,39553,39554,39555,39556,39557,39558,39559,39560,39561,39565,39567,39568,39569,39570,39571,39572,39573,39574,39575,39576,39577,39579,39581,39582,39583,39584,39585,39586}",SDED,2026-03-24 14:41:32.274366+01,gold_establishments_2025,,,,17390001000013,2025,Services de l'Etat,Département,['Jura'],['Bourgogne-Franche-Comté'],PREFECTURE,{39},{27}
ab94e276-c78e-454e-a2f1-9044caa2b8bb,179740014,Préfecture La Réunion,false,"{97401,97402,97403,97404,97405,97406,97407,97408,97409,97410,97411,97412,97413,97414,97415,97416,97417,97418,97419,97420,97421,97422,97423,97424}","",2026-03-24 14:41:32.274366+01,gold_establishments_2025,,,,17974001400016,2025,Services de l'Etat,Département,['La Réunion'],['La Réunion'],PREFECTURE,{974},{04}
03cfe0b6-8fe5-49cb-aaa5-52738d1330be,174000018,Préfecture Landes,false,"{40001,40002,40003,40004,40005,40006,40007,40008,40011,40012,40013,40014,40015,40016,40017,40018,40019,40020,40021,40022,40023,40024,40025,40026,40027,40028,40029,40030,40031,40032,40033,40034,40035,40036,40037,40038,40039,40040,40041,40042,40043,40044,40046,40047,40049,40050,40051,40052,40053,40054,40055,40056,40057,40058,40059,40060,40061,40062,40063,40064,40065,40066,40067,40068,40069,40070,40071,40072,40073,40074,40075,40076,40077,40078,40079,40080,40081,40082,40083,40084,40085,40086,40087,40088,40089,40090,40091,40092,40093,40094,40095,40096,40097,40098,40099,40100,40101,40102,40103,40104,40105,40106,40108,40109,40110,40111,40112,40113,40114,40115,40116,40117,40118,40119,40120,40121,40122,40123,40124,40125,40126,40127,40128,40129,40130,40131,40132,40133,40134,40135,40136,40137,40138,40139,40140,40141,40142,40143,40144,40145,40146,40147,40148,40149,40150,40151,40152,40153,40154,40155,40156,40157,40158,40159,40160,40161,40162,40163,40164,40165,40166,40167,40168,40169,40170,40171,40172,40173,40174,40175,40176,40177,40178,40179,40180,40181,40182,40183,40184,40185,40186,40187,40188,40189,40190,40191,40192,40193,40194,40195,40196,40197,40198,40199,40200,40201,40202,40203,40204,40205,40206,40207,40208,40209,40210,40211,40212,40213,40214,40215,40216,40217,40218,40219,40220,40221,40222,40223,40224,40225,40226,40227,40228,40229,40230,40231,40232,40233,40234,40235,40236,40237,40238,40239,40240,40242,40243,40244,40245,40246,40247,40248,40249,40250,40251,40252,40253,40254,40255,40256,40257,40258,40259,40260,40261,40262,40263,40264,40265,40266,40267,40268,40269,40270,40271,40272,40273,40274,40275,40276,40277,40278,40279,40280,40281,40282,40283,40284,40285,40286,40287,40288,40289,40290,40291,40292,40293,40294,40295,40296,40297,40298,40299,40300,40301,40303,40304,40305,40306,40307,40308,40309,40310,40311,40312,40313,40314,40315,40316,40317,40318,40319,40320,40321,40322,40323,40324,40325,40326,40327,40328,40329,40330,40331,40332,40333,40334}",SDED,2026-03-24 14:41:32.274366+01,gold_establishments_2025,,,,17400001800013,2025,Services de l'Etat,Département,['Landes'],['Nouvelle-Aquitaine'],PREFECTURE,{40},{75}
a7b902bd-0aa6-4088-8a62-2038365652c1,174100016,Préfecture Loir-et-Cher,false,"{41001,41002,41003,41004,41006,41007,41008,41009,41010,41012,41013,41014,41016,41017,41018,41019,41020,41022,41024,41025,41026,41027,41028,41029,41030,41031,41032,41034,41035,41036,41037,41038,41039,41040,41041,41042,41043,41044,41045,41046,41047,41048,41049,41050,41051,41052,41053,41054,41055,41057,41058,41059,41060,41061,41062,41063,41065,41066,41067,41068,41069,41070,41071,41072,41073,41074,41075,41077,41078,41079,41080,41081,41083,41084,41085,41086,41087,41088,41089,41090,41091,41093,41094,41095,41096,41097,41098,41099,41100,41101,41102,41103,41104,41105,41106,41107,41108,41109,41110,41112,41113,41114,41115,41116,41118,41119,41120,41121,41122,41123,41124,41125,41126,41127,41128,41129,41130,41131,41132,41134,41135,41136,41137,41138,41139,41140,41141,41142,41143,41144,41145,41146,41147,41148,41149,41150,41151,41152,41153,41154,41155,41156,41157,41158,41159,41160,41161,41163,41164,41166,41167,41168,41171,41172,41173,41174,41175,41176,41177,41178,41179,41180,41181,41182,41184,41185,41186,41187,41188,41189,41190,41191,41192,41193,41194,41195,41196,41198,41199,41200,41201,41203,41204,41205,41206,41207,41208,41209,41211,41212,41213,41214,41215,41216,41217,41218,41219,41220,41221,41222,41223,41224,41225,41226,41228,41229,41230,41231,41232,41233,41234,41235,41236,41237,41238,41239,41241,41242,41243,41245,41246,41247,41248,41249,41250,41251,41252,41253,41254,41255,41256,41258,41259,41260,41261,41262,41265,41266,41267,41268,41269,41271,41273,41274,41275,41276,41277,41278,41279,41280,41281,41282,41283,41284,41285,41286,41287,41288,41289,41290,41291,41292,41293,41294,41295,41296,41297}",SDED,2026-03-24 14:41:32.274366+01,gold_establishments_2025,,,,17410001600016,2025,Services de l'Etat,Département,['Loir-et-Cher'],['Centre-Val de Loire'],PREFECTURE,{41},{24}
b6e43be9-4457-4bc6-b61b-8adc05b2e95a,174200014,Préfecture Loire,false,"{42001,42002,42003,42005,42006,42007,42008,42009,42010,42011,42012,42013,42014,42015,42016,42017,42018,42019,42020,42021,42022,42023,42025,42026,42027,42028,42029,42030,42031,42032,42033,42034,42035,42036,42037,42038,42039,42040,42041,42042,42043,42044,42045,42046,42047,42048,42049,42050,42051,42052,42053,42054,42055,42056,42058,42059,42060,42061,42062,42063,42064,42065,42066,42067,42068,42069,42070,42071,42073,42074,42075,42076,42077,42078,42079,42081,42083,42084,42085,42086,42087,42088,42089,42090,42091,42092,42093,42094,42095,42096,42097,42098,42099,42100,42101,42102,42103,42104,42105,42106,42107,42108,42110,42112,42113,42115,42116,42117,42118,42119,42120,42121,42122,42123,42124,42125,42126,42127,42128,42129,42130,42131,42132,42133,42134,42135,42136,42137,42138,42139,42140,42141,42142,42143,42145,42146,42147,42148,42149,42150,42151,42152,42153,42154,42155,42156,42157,42158,42159,42160,42161,42162,42163,42164,42165,42166,42167,42168,42169,42170,42171,42172,42173,42174,42175,42176,42177,42178,42179,42180,42181,42182,42183,42184,42185,42186,42187,42188,42189,42191,42192,42193,42194,42195,42196,42197,42198,42199,42200,42201,42202,42203,42204,42205,42206,42207,42208,42209,42210,42211,42212,42213,42214,42215,42216,42217,42218,42219,42220,42221,42222,42223,42224,42225,42226,42227,42228,42229,42230,42231,42232,42233,42234,42235,42236,42237,42238,42239,42240,42241,42242,42243,42245,42246,42247,42248,42249,42251,42253,42254,42255,42256,42257,42259,42260,42261,42262,42264,42265,42266,42267,42268,42269,42270,42271,42272,42273,42274,42275,42276,42277,42278,42279,42280,42281,42282,42283,42284,42285,42286,42287,42288,42289,42290,42293,42294,42295,42296,42297,42298,42299,42300,42301,42302,42303,42304,42305,42306,42307,42308,42310,42311,42312,42313,42314,42315,42316,42317,42318,42319,42320,42321,42322,42323,42324,42325,42326,42327,42328,42329,42330,42331,42332,42333,42334,42335,42336,42337,42338,42339}",SDED,2026-03-24 14:41:32.274366+01,gold_establishments_2025,,,,17420001400010,2025,Services de l'Etat,Département,['Loire'],['Auvergne-Rhône-Alpes'],PREFECTURE,{42},{84}
71ed95ad-fa76-4359-b96c-a84c57dbd8f8,174400010,Préfecture Loire-Atlantique,false,"{44001,44002,44003,44005,44006,44007,44009,44010,44012,44013,44014,44015,44016,44018,44019,44020,44021,44022,44023,44024,44025,44026,44027,44028,44029,44030,44031,44032,44033,44035,44036,44037,44038,44039,44041,44043,44044,44045,44046,44047,44048,44049,44050,44051,44052,44053,44054,44055,44056,44057,44058,44061,44062,44063,44064,44065,44066,44067,44068,44069,44070,44071,44072,44073,44074,44075,44076,44077,44078,44079,44080,44081,44082,44083,44084,44085,44086,44087,44088,44089,44090,44091,44092,44094,44095,44096,44097,44098,44099,44100,44101,44102,44103,44104,44105,44106,44107,44108,44109,44110,44111,44112,44113,44114,44115,44116,44117,44118,44119,44120,44121,44122,44123,44124,44125,44126,44127,44128,44129,44130,44131,44132,44133,44134,44135,44136,44137,44138,44139,44140,44141,44142,44143,44144,44145,44146,44148,44149,44150,44151,44152,44153,44154,44155,44156,44157,44158,44159,44161,44162,44163,44164,44165,44166,44168,44169,44170,44171,44172,44173,44174,44175,44176,44178,44179,44180,44182,44183,44184,44185,44186,44187,44188,44189,44190,44192,44193,44194,44195,44196,44197,44198,44199,44200,44201,44202,44203,44204,44205,44206,44207,44208,44209,44210,44211,44212,44213,44214,44215,44216,44217,44218,44220,44221,44222,44223,44224}",SDED,2026-03-24 14:41:32.274366+01,gold_establishments_2025,,,,17440001000016,2025,Services de l'Etat,Département,['Loire-Atlantique'],['Pays de la Loire'],PREFECTURE,{44},{52}
2f73ce3f-a25c-40b6-a54f-b73a23b44906,174500017,Préfecture Loiret,false,"{45001,45002,45004,45005,45006,45008,45009,45010,45011,45012,45013,45014,45015,45016,45017,45018,45019,45020,45021,45022,45023,45024,45025,45026,45027,45028,45029,45030,45031,45032,45033,45034,45035,45036,45037,45038,45039,45040,45041,45042,45043,45044,45045,45046,45047,45049,45050,45051,45052,45053,45054,45055,45056,45058,45059,45060,45061,45062,45063,45064,45065,45066,45067,45068,45069,45070,45072,45073,45074,45075,45076,45077,45078,45079,45080,45081,45082,45083,45084,45085,45086,45087,45088,45089,45091,45092,45093,45094,45095,45096,45097,45098,45099,45100,45101,45102,45103,45104,45105,45107,45108,45109,45110,45111,45112,45113,45114,45115,45116,45118,45119,45120,45121,45122,45123,45124,45125,45126,45127,45129,45130,45131,45132,45133,45134,45135,45136,45137,45138,45139,45141,45142,45143,45144,45145,45146,45147,45148,45149,45150,45151,45152,45153,45154,45155,45156,45157,45158,45159,45160,45161,45162,45164,45165,45166,45167,45168,45169,45170,45171,45173,45174,45175,45176,45177,45178,45179,45180,45181,45182,45183,45184,45185,45186,45187,45188,45189,45191,45193,45194,45195,45196,45197,45198,45199,45200,45201,45202,45203,45204,45205,45206,45207,45208,45209,45210,45212,45213,45214,45215,45216,45217,45218,45219,45220,45222,45223,45224,45225,45226,45227,45228,45229,45230,45231,45232,45233,45234,45235,45237,45238,45239,45240,45241,45242,45243,45244,45245,45246,45247,45248,45249,45250,45251,45252,45253,45254,45255,45256,45257,45258,45259,45260,45261,45262,45263,45264,45265,45266,45268,45269,45270,45271,45272,45273,45274,45275,45276,45277,45278,45279,45280,45281,45282,45283,45284,45285,45286,45288,45289,45290,45291,45292,45293,45294,45296,45297,45298,45299,45300,45301,45302,45303,45305,45306,45307,45308,45309,45310,45311,45312,45313,45314,45315,45316,45317,45320,45321,45322,45323,45324,45325,45326,45327,45328,45329,45330,45331,45332,45333,45334,45335,45336,45337,45338,45339,45340,45341,45342,45343,45344,45345,45346,45347,45348}",SDED,2026-03-24 14:41:32.274366+01,gold_establishments_2025,,,,17450001700010,2025,Services de l'Etat,Département,['Loiret'],['Centre-Val de Loire'],PREFECTURE,{45},{24}
1b2d9cfa-4274-4c84-9f5f-e22dc8490e65,174600015,Préfecture Lot,false,"{46001,46002,46003,46004,46005,46006,46007,46008,46009,46010,46011,46012,46013,46015,46016,46017,46018,46020,46021,46022,46023,46024,46026,46027,46028,46029,46030,46031,46032,46033,46034,46035,46036,46037,46038,46039,46040,46041,46042,46043,46044,46045,46046,46047,46049,46050,46051,46052,46053,46054,46055,46056,46057,46058,46059,46060,46061,46062,46063,46064,46065,46066,46068,46069,46070,46072,46073,46074,46075,46076,46078,46079,46080,46081,46082,46083,46084,46085,46086,46087,46088,46089,46090,46091,46092,46093,46094,46095,46096,46097,46098,46100,46101,46102,46103,46104,46105,46106,46107,46108,46109,46111,46112,46113,46114,46115,46116,46117,46118,46119,46120,46121,46122,46123,46124,46125,46126,46127,46128,46129,46130,46131,46132,46133,46134,46135,46136,46137,46138,46139,46140,46142,46143,46144,46145,46146,46147,46148,46149,46151,46152,46153,46154,46155,46156,46157,46159,46160,46161,46162,46163,46164,46165,46167,46168,46169,46170,46171,46172,46173,46174,46175,46176,46177,46178,46179,46180,46181,46182,46183,46184,46185,46186,46187,46188,46189,46190,46191,46192,46193,46194,46195,46196,46197,46198,46199,46200,46201,46202,46203,46204,46205,46206,46207,46208,46209,46210,46211,46212,46213,46214,46215,46216,46218,46219,46220,46221,46222,46223,46224,46225,46226,46227,46228,46229,46230,46231,46232,46233,46234,46235,46236,46237,46238,46239,46240,46241,46242,46243,46244,46245,46246,46247,46249,46250,46251,46252,46253,46254,46255,46256,46257,46258,46259,46260,46262,46263,46264,46265,46266,46267,46268,46269,46270,46271,46272,46273,46276,46277,46279,46280,46281,46282,46283,46284,46286,46288,46289,46290,46292,46293,46294,46295,46296,46297,46299,46301,46302,46303,46304,46305,46306,46307,46308,46309,46310,46311,46312,46313,46314,46315,46316,46317,46318,46319,46320,46321,46322,46323,46324,46328,46329,46330,46332,46333,46334,46335,46336,46337,46338,46339,46340}",SDED,2026-03-24 14:41:32.274366+01,gold_establishments_2025,,,,17460001500013,2025,Services de l'Etat,Département,['Lot'],['Occitanie'],PREFECTURE,{46},{76}
c5537bad-e255-4f33-820f-c032cc40176e,174700013,Préfecture Lot-et-Garonne,false,"{47001,47002,47003,47004,47005,47006,47007,47008,47009,47010,47011,47012,47013,47014,47015,47016,47017,47018,47019,47020,47021,47022,47023,47024,47025,47026,47027,47028,47029,47030,47031,47032,47033,47034,47035,47036,47037,47038,47039,47040,47041,47042,47043,47044,47045,47046,47047,47048,47049,47050,47051,47052,47053,47054,47055,47056,47057,47058,47059,47060,47061,47062,47063,47064,47065,47066,47067,47068,47069,47070,47071,47072,47073,47074,47075,47076,47077,47078,47079,47080,47081,47082,47083,47084,47085,47086,47087,47088,47089,47090,47091,47092,47093,47094,47095,47096,47097,47098,47099,47100,47101,47102,47103,47104,47105,47106,47107,47108,47109,47110,47111,47112,47113,47114,47115,47117,47118,47119,47120,47121,47122,47123,47124,47125,47126,47127,47128,47129,47130,47131,47132,47133,47134,47135,47136,47137,47138,47139,47140,47141,47142,47143,47144,47145,47146,47147,47148,47150,47151,47152,47154,47155,47156,47157,47158,47159,47160,47161,47162,47163,47164,47165,47167,47168,47169,47170,47171,47172,47173,47174,47175,47176,47177,47178,47179,47180,47181,47182,47183,47184,47185,47186,47187,47188,47189,47190,47191,47192,47193,47194,47195,47196,47197,47198,47199,47200,47201,47202,47203,47204,47205,47206,47207,47208,47209,47210,47211,47212,47213,47214,47215,47216,47217,47218,47219,47220,47221,47222,47223,47224,47225,47226,47227,47228,47229,47230,47231,47232,47233,47234,47235,47236,47237,47238,47239,47240,47241,47242,47244,47245,47246,47247,47248,47249,47250,47251,47252,47253,47254,47255,47256,47257,47258,47259,47260,47262,47263,47264,47265,47266,47267,47269,47271,47272,47273,47274,47275,47276,47277,47278,47279,47280,47281,47282,47283,47284,47285,47286,47287,47288,47289,47290,47291,47292,47293,47294,47295,47296,47297,47298,47299,47300,47301,47302,47303,47304,47305,47306,47307,47308,47309,47310,47311,47312,47313,47314,47315,47316,47317,47318,47319,47320,47321,47323,47324,47325,47326,47327,47328}",SDED,2026-03-24 14:41:32.274366+01,gold_establishments_2025,,,,17470001300017,2025,Services de l'Etat,Département,['Lot-et-Garonne'],['Nouvelle-Aquitaine'],PREFECTURE,{47},{75}
82cc2791-c476-4858-88ba-6791851930b2,174800011,Préfecture Lozère,false,"{48001,48002,48003,48004,48005,48007,48008,48009,48010,48012,48013,48015,48016,48017,48018,48019,48020,48021,48025,48026,48027,48028,48029,48030,48031,48032,48034,48036,48037,48038,48039,48041,48042,48043,48044,48045,48046,48048,48050,48051,48053,48054,48055,48056,48058,48059,48061,48063,48064,48065,48067,48068,48069,48070,48071,48072,48073,48074,48075,48077,48079,48080,48081,48082,48083,48085,48086,48087,48088,48089,48090,48091,48092,48094,48095,48096,48097,48098,48099,48100,48103,48104,48105,48106,48107,48108,48110,48111,48112,48115,48116,48117,48119,48121,48123,48124,48126,48127,48128,48129,48130,48131,48132,48135,48136,48137,48138,48139,48140,48141,48144,48145,48146,48147,48148,48149,48150,48151,48152,48153,48155,48156,48157,48158,48160,48161,48163,48165,48166,48167,48168,48169,48170,48171,48173,48174,48175,48176,48177,48178,48179,48181,48182,48185,48187,48188,48190,48191,48192,48193,48194,48198}",SDED,2026-03-24 14:41:32.274366+01,gold_establishments_2025,,,,17480001100010,2025,Services de l'Etat,Département,['Lozère'],['Occitanie'],PREFECTURE,{48},{76}
ee086fb7-b426-42c4-9fe2-daaf41512c31,174900019,Préfecture Maine-et-Loire,false,"{49002,49003,49007,49008,49009,49010,49011,49012,49015,49017,49018,49020,49021,49022,49023,49026,49027,49028,49029,49030,49035,49036,49038,49041,49045,49048,49050,49053,49054,49055,49056,49057,49058,49060,49061,49063,49064,49067,49068,49070,49076,49080,49082,49086,49089,49090,49092,49099,49100,49102,49107,49109,49110,49112,49113,49114,49120,49121,49123,49125,49127,49129,49130,49131,49132,49135,49138,49140,49155,49160,49161,49163,49167,49170,49171,49174,49176,49178,49180,49182,49183,49188,49192,49193,49194,49195,49200,49201,49205,49209,49211,49214,49215,49216,49217,49218,49219,49220,49221,49222,49223,49224,49228,49231,49235,49236,49237,49240,49241,49244,49246,49247,49248,49253,49257,49259,49260,49261,49262,49266,49267,49269,49271,49272,49278,49283,49284,49288,49291,49292,49294,49298,49299,49301,49302,49306,49307,49308,49310,49311,49323,49326,49328,49329,49330,49331,49332,49333,49334,49336,49338,49339,49341,49343,49344,49345,49347,49352,49353,49355,49358,49359,49361,49362,49364,49367,49368,49369,49370,49371,49373,49374,49377,49378,49381}",SDED,2026-03-24 14:41:32.274366+01,gold_establishments_2025,,,,17490001900012,2025,Services de l'Etat,Département,['Maine-et-Loire'],['Pays de la Loire'],PREFECTURE,{49},{52}
a89eccfe-d10e-4fb5-8995-6737cbd0d0e5,175000017,Préfecture Manche,false,"{50002,50003,50004,50006,50008,50013,50016,50019,50021,50022,50023,50024,50025,50026,50027,50028,50029,50030,50031,50032,50033,50034,50036,50038,50039,50040,50041,50042,50044,50045,50046,50048,50049,50050,50052,50054,50055,50058,50059,50060,50062,50064,50066,50069,50070,50072,50074,50076,50077,50078,50079,50081,50082,50083,50084,50085,50086,50087,50088,50090,50092,50093,50094,50095,50096,50097,50098,50099,50101,50102,50105,50106,50108,50109,50110,50111,50112,50115,50117,50118,50120,50121,50124,50126,50129,50130,50135,50137,50138,50139,50142,50143,50144,50145,50146,50147,50148,50149,50150,50151,50152,50155,50156,50158,50159,50161,50162,50164,50165,50166,50167,50168,50169,50172,50174,50175,50176,50177,50178,50181,50182,50183,50184,50185,50186,50188,50190,50192,50193,50194,50195,50196,50197,50198,50199,50200,50205,50207,50208,50209,50210,50214,50215,50216,50217,50218,50219,50221,50222,50225,50227,50228,50229,50230,50231,50232,50233,50234,50235,50236,50237,50238,50239,50240,50241,50243,50246,50247,50251,50252,50253,50256,50258,50259,50260,50261,50262,50263,50265,50266,50267,50268,50269,50270,50271,50272,50273,50274,50275,50276,50277,50278,50279,50281,50282,50283,50285,50288,50289,50290,50291,50292,50294,50295,50296,50297,50298,50299,50300,50302,50304,50305,50310,50311,50312,50315,50317,50321,50324,50326,50327,50328,50332,50334,50335,50336,50338,50340,50341,50342,50345,50347,50349,50350,50351,50352,50353,50356,50357,50359,50360,50361,50362,50363,50364,50365,50368,50369,50370,50371,50372,50373,50374,50376,50378,50379,50382,50384,50387,50388,50389,50390,50391,50393,50394,50395,50397,50398,50399,50400,50401,50402,50403,50405,50407,50408,50409,50410,50411,50412,50413,50417,50419,50420,50421,50422,50423,50425,50426,50428,50429,50430,50431,50433,50435,50436,50437,50442,50443,50444,50445,50446,50447,50448,50450,50451,50452,50453,50454,50455,50456,50457,50461,50462,50463,50464,50467,50468,50469,50471,50472,50473,50474,50475,50476,50478,50479,50480,50481,50482,50483,50484,50486,50487,50488,50489,50490,50491,50492,50493,50495,50496,50498,50499,50500,50502,50504,50505,50506,50507,50509,50510,50511,50512,50513,50514,50517,50518,50519,50521,50522,50523,50525,50528,50529,50531,50532,50533,50535,50536,50537,50538,50539,50540,50541,50542,50543,50546,50548,50549,50550,50551,50552,50553,50554,50556,50562,50563,50564,50565,50567,50568,50569,50570,50571,50572,50574,50575,50576,50577,50578,50579,50580,50582,50584,50585,50587,50588,50589,50590,50591,50592,50593,50594,50596,50597,50598,50599,50601,50603,50604,50606,50607,50609,50610,50612,50613,50615,50616,50617,50618,50619,50621,50624,50626,50628,50629,50633,50634,50637,50639,50641,50643,50647,50648}",SDED,2026-03-24 14:41:32.274366+01,gold_establishments_2025,,,,17500001700012,2025,Services de l'Etat,Département,['Manche'],['Normandie'],PREFECTURE,{50},{28}
909d88cf-5b41-4257-b5af-9ab390991426,175100015,Préfecture Marne,false,"{51001,51002,51003,51004,51005,51006,51007,51008,51009,51010,51012,51013,51014,51015,51016,51017,51018,51019,51020,51022,51023,51025,51027,51028,51029,51030,51031,51032,51033,51034,51035,51036,51037,51038,51039,51040,51041,51042,51043,51044,51045,51046,51047,51048,51049,51050,51051,51052,51053,51054,51055,51056,51057,51058,51059,51060,51061,51062,51065,51066,51068,51069,51070,51071,51072,51073,51074,51075,51076,51077,51078,51079,51080,51081,51082,51083,51084,51085,51086,51087,51088,51089,51090,51091,51092,51093,51094,51095,51097,51098,51099,51100,51101,51102,51103,51104,51105,51106,51107,51108,51109,51110,51111,51112,51113,51115,51116,51117,51118,51119,51120,51121,51122,51124,51125,51126,51127,51128,51129,51130,51132,51133,51134,51135,51136,51137,51138,51139,51140,51141,51142,51143,51144,51145,51146,51147,51148,51149,51150,51151,51152,51153,51154,51155,51156,51157,51158,51160,51161,51162,51163,51164,51165,51166,51167,51168,51169,51170,51171,51172,51173,51174,51175,51176,51177,51178,51179,51181,51182,51183,51184,51185,51186,51187,51188,51190,51191,51192,51193,51194,51195,51196,51197,51198,51199,51200,51201,51202,51203,51204,51206,51208,51210,51211,51212,51213,51214,51215,51216,51217,51218,51219,51220,51222,51223,51224,51225,51226,51227,51228,51229,51230,51231,51232,51233,51234,51235,51236,51237,51238,51239,51240,51241,51242,51243,51244,51245,51246,51247,51248,51249,51250,51251,51252,51253,51254,51255,51256,51258,51259,51260,51262,51263,51264,51265,51266,51267,51268,51269,51270,51272,51273,51274,51275,51276,51277,51278,51279,51280,51281,51282,51283,51284,51285,51286,51287,51288,51289,51290,51291,51292,51293,51294,51295,51296,51298,51299,51300,51301,51302,51303,51304,51305,51306,51307,51308,51309,51310,51311,51312,51313,51314,51315,51316,51317,51318,51319,51320,51321,51322,51323,51324,51325,51326,51327,51328,51329,51333,51334,51336,51337,51338,51339,51340,51341,51342,51343,51344,51345,51346,51348,51349,51350,51351,51352,51353,51354,51355,51356,51357,51358,51359,51360,51361,51362,51363,51364,51365,51367,51368,51369,51370,51371,51372,51373,51374,51375,51376,51377,51378,51379,51380,51381,51382,51384,51386,51387,51388,51389,51390,51391,51392,51393,51395,51396,51397,51398,51399,51402,51403,51404,51406,51407,51409,51410,51412,51413,51414,51415,51416,51417,51418,51419,51420,51421,51422,51423,51424,51425,51426,51428,51429,51430,51431,51432,51433,51434,51435,51436,51437,51438,51439,51440,51441,51442,51443,51444,51445,51446,51447,51448,51449,51450,51451,51452,51453,51454,51455,51456,51457,51458,51459,51460,51461,51463,51464,51465,51466,51468,51469,51470,51471,51472,51473,51474,51475,51476,51477,51478,51479,51480,51482,51483,51484,51485,51486,51487,51488,51489,51490,51491,51492,51493,51495,51496,51497,51498,51499,51500,51501,51502,51503,51504,51505,51506,51507,51508,51509,51510,51511,51512,51513,51514,51515,51516,51517,51518,51519,51520,51521,51522,51523,51524,51525,51526,51527,51528,51529,51530,51531,51532,51533,51534,51535,51536,51537,51538,51539,51542,51543,51544,51545,51546,51547,51548,51549,51550,51551,51552,51553,51555,51556,51557,51558,51559,51560,51562,51563,51564,51565,51566,51567,51568,51569,51570,51571,51572,51573,51574,51576,51577,51578,51579,51580,51581,51582,51583,51584,51585,51586,51587,51588,51589,51590,51591,51592,51594,51595,51596,51597,51598,51599,51600,51601,51602,51603,51604,51605,51607,51608,51609,51610,51611,51612,51613,51614,51616,51617,51618,51619,51620,51621,51622,51623,51624,51625,51626,51627,51628,51629,51630,51631,51632,51633,51634,51635,51636,51638,51639,51640,51641,51642,51643,51644,51645,51646,51647,51648,51649,51650,51652,51654,51655,51656,51657,51658,51659,51660,51662,51663}",SDED,2026-03-24 14:41:32.274366+01,gold_establishments_2025,,,,17510001500015,2025,Services de l'Etat,Département,['Marne'],['Grand Est'],PREFECTURE,{51},{44}
529f03eb-7a8a-4f82-84f5-792277861065,179720016,Préfecture Martinique,false,"{97201,97202,97203,97204,97205,97206,97207,97208,97209,97210,97211,97212,97213,97214,97215,97216,97217,97218,97219,97220,97221,97222,97223,97224,97225,97226,97227,97228,97229,97230,97231,97232,97233,97234}","",2026-03-24 14:41:32.274366+01,gold_establishments_2025,,,,17972001600015,2025,Services de l'Etat,Département,['Martinique'],['Martinique'],PREFECTURE,{972},{02}
e623af6d-c522-444a-8f84-301be070c175,175300011,Préfecture Mayenne,false,"{53001,53002,53003,53005,53007,53008,53009,53010,53011,53012,53013,53015,53016,53017,53018,53019,53021,53022,53023,53025,53026,53027,53028,53029,53030,53031,53033,53034,53035,53036,53037,53038,53039,53040,53041,53042,53043,53045,53046,53047,53048,53049,53051,53052,53053,53054,53055,53056,53057,53058,53059,53061,53062,53063,53064,53066,53067,53068,53069,53071,53072,53073,53074,53075,53076,53077,53078,53079,53080,53082,53083,53084,53085,53086,53087,53088,53089,53090,53091,53093,53094,53096,53097,53098,53099,53100,53101,53102,53103,53104,53105,53106,53107,53108,53109,53110,53111,53112,53113,53114,53115,53116,53117,53118,53119,53120,53121,53122,53123,53124,53125,53126,53127,53128,53129,53130,53131,53132,53133,53134,53135,53136,53137,53139,53140,53141,53142,53143,53144,53145,53146,53147,53148,53150,53151,53152,53153,53154,53155,53156,53157,53158,53160,53161,53162,53163,53164,53165,53168,53169,53170,53172,53173,53174,53175,53176,53177,53178,53179,53180,53181,53182,53184,53185,53186,53187,53188,53189,53190,53191,53192,53193,53195,53196,53197,53198,53199,53200,53201,53202,53203,53204,53206,53208,53209,53210,53211,53212,53213,53214,53216,53218,53219,53220,53221,53222,53223,53224,53225,53226,53228,53229,53230,53232,53233,53234,53235,53236,53237,53238,53240,53242,53243,53245,53246,53247,53248,53249,53250,53251,53253,53255,53256,53257,53258,53259,53260,53261,53262,53263,53264,53265,53266,53267,53269,53270,53271,53272,53273,53276}",SDED,2026-03-24 14:41:32.274366+01,gold_establishments_2025,,,,17530001100053,2025,Services de l'Etat,Département,['Mayenne'],['Pays de la Loire'],PREFECTURE,{53},{52}
88704f75-efa3-4a55-9fd9-1661f6998f5c,130003346,Préfecture Mayotte,false,"{97601,97602,97603,97604,97605,97606,97607,97608,97609,97610,97611,97612,97613,97614,97615,97616,97617}","",2026-03-24 14:41:32.274366+01,gold_establishments_2025,,,,13000334600017,2025,Services de l'Etat,Département,['Mayotte'],['Mayotte'],PREFECTURE,{976},{06}
009fe927-5fae-4d06-ab69-7eaa089068c5,175400019,Préfecture Meurthe-et-Moselle,false,"{54001,54002,54003,54004,54005,54006,54007,54008,54009,54010,54011,54012,54013,54014,54015,54016,54017,54018,54019,54020,54021,54022,54023,54024,54025,54026,54027,54028,54029,54030,54031,54032,54033,54034,54035,54036,54037,54038,54039,54040,54041,54042,54043,54044,54045,54046,54047,54048,54049,54050,54051,54052,54053,54054,54055,54056,54057,54058,54059,54060,54061,54062,54063,54064,54065,54066,54067,54068,54069,54070,54071,54072,54073,54074,54075,54076,54077,54078,54079,54080,54081,54082,54083,54084,54085,54086,54087,54088,54089,54090,54091,54092,54093,54094,54095,54096,54097,54098,54099,54100,54101,54102,54103,54104,54105,54106,54107,54108,54109,54110,54111,54112,54113,54114,54115,54116,54117,54118,54119,54120,54121,54122,54123,54124,54125,54126,54127,54128,54129,54130,54131,54132,54133,54134,54135,54136,54137,54138,54139,54140,54141,54142,54143,54144,54145,54146,54147,54148,54149,54150,54151,54152,54153,54154,54155,54156,54157,54158,54159,54160,54161,54162,54163,54164,54165,54166,54167,54168,54169,54170,54171,54172,54173,54174,54175,54176,54177,54178,54179,54180,54181,54182,54183,54184,54185,54186,54187,54188,54189,54190,54191,54192,54193,54194,54195,54196,54197,54198,54199,54200,54201,54202,54203,54204,54205,54206,54207,54208,54209,54210,54211,54212,54213,54214,54215,54216,54217,54218,54219,54220,54221,54222,54223,54224,54225,54226,54227,54228,54229,54230,54231,54232,54233,54234,54235,54236,54237,54238,54239,54240,54241,54242,54243,54244,54245,54246,54247,54248,54249,54250,54251,54252,54253,54254,54255,54256,54257,54258,54259,54260,54261,54262,54263,54264,54265,54266,54268,54269,54270,54271,54272,54273,54274,54275,54276,54277,54278,54279,54280,54281,54282,54283,54284,54285,54286,54287,54288,54289,54290,54291,54292,54293,54294,54295,54296,54297,54298,54299,54300,54301,54302,54303,54304,54305,54306,54307,54308,54309,54310,54311,54312,54313,54314,54315,54316,54317,54318,54320,54321,54322,54323,54324,54325,54326,54327,54328,54329,54330,54331,54332,54333,54334,54335,54336,54337,54338,54339,54340,54343,54344,54345,54346,54348,54349,54350,54351,54352,54353,54354,54355,54356,54357,54358,54359,54360,54362,54363,54364,54365,54366,54367,54368,54369,54370,54371,54372,54373,54374,54375,54376,54377,54378,54379,54380,54381,54382,54383,54385,54386,54387,54388,54389,54390,54391,54392,54393,54394,54395,54396,54397,54398,54399,54400,54401,54402,54403,54404,54405,54406,54407,54408,54409,54410,54411,54412,54413,54414,54415,54416,54417,54418,54419,54420,54421,54422,54423,54424,54425,54426,54427,54428,54429,54430,54431,54432,54433,54434,54435,54436,54437,54438,54439,54440,54441,54442,54443,54444,54445,54446,54447,54449,54450,54451,54452,54453,54455,54456,54457,54458,54459,54460,54461,54462,54463,54464,54465,54466,54467,54468,54469,54470,54471,54472,54473,54474,54475,54476,54477,54478,54479,54480,54481,54482,54483,54484,54485,54486,54487,54488,54489,54490,54491,54492,54493,54494,54495,54496,54497,54498,54499,54500,54501,54502,54504,54505,54507,54508,54509,54510,54511,54512,54513,54514,54515,54516,54517,54518,54519,54520,54521,54522,54523,54524,54525,54526,54527,54528,54529,54530,54531,54532,54533,54534,54535,54536,54537,54538,54539,54540,54541,54542,54543,54544,54545,54546,54547,54548,54549,54550,54551,54552,54553,54554,54555,54556,54557,54558,54559,54560,54561,54562,54563,54564,54565,54566,54567,54568,54569,54570,54571,54572,54573,54574,54575,54576,54577,54578,54579,54580,54581,54582,54583,54584,54585,54586,54587,54588,54589,54590,54591,54592,54593,54594,54595,54596,54597,54598,54599,54600,54601,54602}",SDED,2026-03-24 14:41:32.274366+01,gold_establishments_2025,,,,17540001900014,2025,Services de l'Etat,Département,['Meurthe-et-Moselle'],['Grand Est'],PREFECTURE,{54},{44}
9c928dc5-8fa3-482f-bb6b-59e04cfe42e1,175500016,Préfecture Meuse,false,"{55001,55002,55004,55005,55007,55008,55009,55010,55011,55012,55013,55014,55015,55017,55018,55021,55022,55023,55024,55025,55026,55027,55028,55029,55031,55032,55033,55034,55035,55036,55037,55038,55039,55040,55041,55042,55043,55044,55045,55046,55047,55048,55049,55050,55051,55053,55054,55055,55057,55058,55059,55060,55061,55062,55063,55064,55065,55066,55067,55068,55069,55070,55071,55072,55073,55075,55076,55077,55078,55079,55080,55081,55082,55083,55084,55085,55087,55088,55089,55093,55094,55095,55096,55097,55099,55100,55101,55102,55103,55104,55105,55106,55107,55108,55109,55110,55111,55113,55114,55115,55116,55117,55118,55119,55120,55121,55122,55123,55124,55125,55127,55128,55129,55132,55133,55134,55137,55138,55139,55140,55141,55142,55143,55144,55145,55146,55148,55149,55150,55153,55154,55155,55156,55157,55158,55159,55160,55162,55163,55165,55166,55167,55168,55169,55170,55171,55172,55173,55174,55175,55177,55178,55179,55180,55181,55182,55183,55184,55185,55186,55188,55189,55191,55192,55193,55194,55195,55196,55197,55198,55199,55200,55201,55202,55204,55206,55207,55208,55210,55211,55212,55214,55215,55216,55217,55218,55219,55220,55221,55222,55224,55225,55226,55228,55229,55232,55236,55237,55239,55241,55242,55243,55244,55245,55246,55247,55248,55250,55251,55252,55253,55254,55255,55256,55257,55258,55260,55261,55262,55263,55264,55265,55266,55267,55268,55269,55270,55271,55272,55274,55275,55276,55278,55279,55280,55281,55282,55284,55285,55286,55288,55289,55290,55291,55292,55293,55295,55296,55297,55298,55299,55300,55301,55302,55303,55304,55306,55307,55310,55311,55312,55313,55315,55316,55317,55320,55321,55322,55323,55324,55325,55326,55327,55328,55329,55330,55331,55332,55333,55334,55335,55336,55338,55339,55340,55341,55343,55344,55345,55346,55347,55348,55349,55350,55351,55352,55353,55355,55356,55357,55358,55359,55360,55361,55362,55363,55364,55365,55366,55367,55368,55369,55370,55371,55372,55373,55374,55375,55376,55377,55378,55379,55380,55381,55382,55383,55384,55385,55386,55387,55388,55389,55391,55394,55395,55396,55397,55398,55399,55400,55401,55403,55404,55405,55406,55407,55408,55409,55410,55411,55412,55414,55415,55416,55419,55420,55421,55422,55423,55424,55425,55426,55427,55428,55429,55430,55431,55433,55434,55435,55436,55437,55438,55439,55442,55443,55444,55445,55446,55447,55448,55449,55450,55452,55453,55454,55456,55457,55458,55459,55460,55461,55462,55463,55464,55465,55466,55467,55468,55469,55470,55471,55472,55473,55474,55475,55476,55477,55479,55481,55482,55484,55485,55487,55488,55489,55490,55492,55493,55494,55495,55496,55497,55498,55500,55501,55502,55503,55504,55505,55506,55507,55508,55509,55510,55511,55512,55514,55515,55516,55517,55518,55519,55520,55521,55522,55523,55525,55526,55527,55528,55530,55531,55532,55533,55534,55535,55536,55537,55540,55541,55543,55544,55545,55546,55547,55549,55551,55552,55553,55554,55555,55556,55557,55559,55560,55561,55562,55563,55565,55566,55567,55568,55569,55570,55571,55572,55573,55574,55575,55577,55578,55579,55580,55581,55582,55583,55584,55586}",SDED,2026-03-24 14:41:32.274366+01,gold_establishments_2025,,,,17550001600019,2025,Services de l'Etat,Département,['Meuse'],['Grand Est'],PREFECTURE,{55},{44}
88cb829d-fc3b-4f0d-814e-b632739e8f89,175600014,Préfecture Morbihan,false,"{56001,56002,56003,56004,56005,56006,56007,56008,56009,56010,56011,56012,56013,56014,56015,56017,56018,56019,56020,56021,56022,56023,56024,56025,56026,56027,56028,56029,56030,56031,56032,56033,56034,56035,56036,56039,56040,56041,56042,56043,56044,56045,56046,56047,56048,56050,56051,56052,56053,56054,56055,56056,56057,56058,56060,56061,56062,56063,56065,56066,56067,56068,56069,56070,56071,56072,56073,56074,56075,56076,56077,56078,56079,56080,56081,56082,56083,56084,56085,56086,56087,56088,56089,56090,56091,56092,56093,56094,56096,56097,56098,56099,56100,56101,56102,56103,56104,56105,56106,56107,56108,56109,56110,56111,56112,56113,56114,56115,56116,56117,56118,56119,56120,56121,56122,56123,56124,56125,56126,56127,56128,56129,56130,56131,56132,56133,56134,56135,56136,56137,56139,56140,56141,56143,56144,56145,56146,56147,56148,56149,56151,56152,56153,56154,56155,56156,56157,56158,56159,56160,56161,56162,56163,56164,56165,56166,56167,56168,56169,56170,56171,56172,56173,56174,56175,56176,56177,56178,56179,56180,56181,56182,56184,56185,56186,56188,56189,56190,56191,56193,56194,56195,56196,56197,56198,56199,56200,56201,56202,56203,56204,56205,56206,56207,56208,56209,56210,56211,56212,56213,56214,56215,56216,56218,56219,56220,56221,56222,56223,56224,56225,56226,56227,56228,56229,56230,56231,56232,56233,56234,56236,56237,56238,56239,56240,56241,56242,56243,56244,56245,56246,56247,56248,56249,56250,56251,56252,56253,56254,56255,56256,56257,56258,56259,56260,56261,56262,56263,56264}",SDED,2026-03-24 14:41:32.274366+01,gold_establishments_2025,,,,17560001400013,2025,Services de l'Etat,Département,['Morbihan'],['Bretagne'],PREFECTURE,{56},{53}
c05f1d46-ae04-4634-be03-4aaadacdf44a,175700012,Préfecture Moselle,false,"{57001,57002,57003,57004,57006,57007,57008,57009,57010,57011,57012,57013,57014,57015,57016,57017,57018,57019,57020,57021,57022,57024,57025,57026,57027,57028,57029,57030,57031,57032,57033,57034,57035,57036,57037,57038,57039,57040,57041,57042,57043,57044,57045,57046,57047,57048,57049,57050,57051,57052,57053,57054,57055,57056,57057,57058,57059,57060,57061,57062,57063,57064,57065,57066,57067,57069,57070,57071,57072,57073,57074,57075,57076,57077,57079,57080,57081,57082,57083,57084,57085,57086,57087,57088,57089,57090,57091,57092,57093,57095,57096,57097,57098,57099,57100,57101,57102,57103,57104,57105,57106,57107,57108,57109,57110,57111,57112,57113,57114,57115,57116,57117,57118,57119,57120,57121,57122,57123,57124,57125,57126,57127,57128,57129,57130,57131,57132,57133,57134,57136,57137,57138,57139,57140,57141,57142,57143,57144,57145,57146,57147,57148,57149,57150,57151,57152,57153,57154,57155,57156,57158,57159,57160,57161,57162,57163,57165,57166,57167,57168,57169,57171,57172,57173,57174,57175,57176,57177,57178,57179,57180,57181,57182,57183,57186,57187,57188,57189,57190,57191,57192,57193,57194,57195,57196,57197,57198,57199,57200,57201,57202,57203,57204,57205,57206,57207,57208,57209,57210,57211,57212,57213,57214,57215,57216,57217,57218,57219,57220,57221,57222,57224,57225,57226,57227,57228,57229,57230,57231,57232,57233,57234,57235,57236,57237,57238,57239,57240,57241,57242,57244,57245,57246,57247,57248,57249,57250,57251,57252,57253,57254,57255,57256,57257,57258,57259,57260,57261,57262,57263,57264,57265,57266,57267,57268,57269,57270,57271,57272,57273,57274,57275,57276,57277,57278,57280,57281,57282,57283,57284,57286,57287,57288,57289,57290,57291,57292,57293,57294,57295,57296,57297,57298,57299,57300,57301,57302,57303,57304,57305,57306,57307,57308,57309,57310,57311,57312,57313,57314,57315,57316,57317,57318,57319,57320,57321,57322,57323,57324,57325,57326,57328,57329,57330,57331,57332,57333,57334,57335,57336,57337,57338,57339,57340,57341,57342,57343,57344,57345,57346,57347,57348,57349,57350,57351,57352,57353,57354,57355,57356,57357,57358,57359,57360,57361,57362,57364,57365,57366,57367,57368,57370,57371,57372,57373,57374,57375,57376,57377,57379,57380,57381,57382,57383,57384,57385,57386,57387,57388,57389,57390,57391,57392,57393,57394,57395,57396,57397,57398,57399,57401,57402,57403,57404,57405,57406,57407,57408,57409,57410,57411,57412,57413,57414,57415,57416,57417,57418,57419,57421,57422,57423,57424,57425,57426,57427,57428,57430,57431,57433,57434,57436,57437,57438,57439,57440,57441,57442,57443,57444,57445,57446,57447,57448,57449,57451,57452,57453,57454,57455,57456,57457,57459,57460,57461,57462,57463,57464,57465,57466,57467,57468,57469,57470,57471,57472,57473,57474,57475,57476,57477,57478,57479,57480,57481,57482,57483,57484,57485,57486,57487,57488,57489,57490,57491,57492,57493,57494,57495,57496,57497,57498,57499,57500,57501,57502,57504,57505,57506,57507,57508,57509,57510,57511,57512,57513,57514,57515,57516,57517,57518,57519,57520,57521,57524,57525,57526,57527,57528,57529,57530,57531,57532,57533,57534,57535,57536,57537,57538,57539,57540,57541,57542,57543,57544,57545,57546,57547,57548,57549,57550,57551,57552,57553,57554,57555,57556,57557,57558,57559,57560,57561,57562,57563,57564,57565,57566,57567,57568,57569,57570,57571,57572,57573,57574,57575,57576,57577,57578,57579,57580,57581,57582,57583,57584,57586,57587,57588,57589,57590,57591,57592,57593,57594,57595,57596,57597,57598,57599,57600,57601,57602,57603,57604,57605,57606,57607,57609,57610,57611,57612,57613,57614,57615,57616,57617,57618,57619,57620,57621,57622,57623,57624,57625,57626,57627,57628,57629,57630,57631,57633,57634,57635,57636,57637,57638,57639,57640,57641,57642,57643,57644,57645,57647,57648,57649,57650,57651,57652,57653,57654,57655,57656,57657,57658,57659,57660,57661,57662,57663,57664,57665,57666,57667,57668,57669,57670,57671,57672,57673,57674,57675,57676,57677,57678,57679,57680,57681,57682,57683,57684,57685,57686,57687,57689,57690,57691,57692,57693,57694,57695,57696,57697,57698,57700,57701,57702,57703,57704,57705,57706,57707,57708,57709,57711,57712,57713,57714,57715,57716,57717,57718,57719,57720,57721,57723,57724,57725,57726,57727,57728,57730,57731,57732,57733,57734,57736,57737,57738,57739,57740,57741,57742,57743,57745,57746,57747,57748,57749,57750,57751,57752,57753,57754,57755,57756,57757,57759,57760,57761,57762,57763,57764,57765,57767}",SDED,2026-03-24 14:41:32.274366+01,gold_establishments_2025,,,,17570001200016,2025,Services de l'Etat,Département,['Moselle'],['Grand Est'],PREFECTURE,{57},{44}
5b1fe0fc-868b-4f93-808c-0daee8615ce9,175800010,Préfecture Nièvre,false,"{58001,58002,58003,58004,58005,58006,58007,58008,58009,58010,58011,58012,58013,58014,58015,58016,58017,58018,58019,58020,58021,58023,58024,58025,58026,58027,58028,58029,58030,58031,58032,58033,58034,58035,58036,58037,58038,58039,58040,58041,58042,58043,58044,58045,58046,58047,58048,58049,58050,58051,58052,58053,58054,58055,58056,58057,58058,58059,58060,58061,58062,58063,58064,58065,58066,58067,58068,58069,58070,58071,58072,58073,58074,58075,58076,58077,58078,58079,58080,58081,58082,58083,58084,58085,58086,58087,58088,58089,58090,58092,58093,58094,58095,58096,58097,58098,58099,58101,58102,58103,58104,58105,58106,58107,58108,58109,58110,58111,58112,58113,58114,58115,58116,58117,58118,58119,58120,58121,58122,58123,58124,58125,58126,58127,58128,58129,58130,58131,58132,58133,58134,58135,58136,58137,58138,58139,58140,58141,58142,58143,58144,58145,58146,58147,58148,58149,58150,58151,58152,58153,58154,58155,58156,58157,58158,58159,58160,58161,58162,58163,58164,58165,58166,58168,58169,58170,58171,58172,58173,58174,58175,58176,58177,58178,58179,58180,58181,58182,58183,58184,58185,58186,58187,58188,58189,58190,58191,58192,58193,58194,58195,58196,58197,58198,58199,58200,58201,58202,58203,58204,58205,58206,58207,58208,58209,58210,58211,58212,58213,58214,58215,58216,58217,58218,58219,58220,58221,58222,58223,58224,58225,58226,58227,58228,58229,58230,58231,58232,58233,58234,58235,58236,58237,58238,58239,58240,58241,58242,58243,58244,58245,58246,58247,58248,58249,58250,58251,58252,58253,58254,58255,58256,58257,58258,58259,58260,58261,58262,58263,58264,58265,58266,58267,58268,58269,58270,58271,58272,58273,58274,58275,58276,58277,58278,58279,58280,58281,58282,58283,58284,58285,58286,58287,58288,58289,58290,58291,58292,58293,58294,58295,58296,58297,58298,58299,58300,58301,58302,58303,58304,58305,58306,58307,58308,58309,58310,58311,58312,58313}",SDED,2026-03-24 14:41:32.274366+01,gold_establishments_2025,,,,17580001000019,2025,Services de l'Etat,Département,['Nièvre'],['Bourgogne-Franche-Comté'],PREFECTURE,{58},{27}
ceadc399-771a-4320-b0f3-3fa10e06bbe5,175900018,Préfecture Nord,false,"{59001,59002,59003,59004,59005,59006,59007,59008,59009,59010,59011,59012,59013,59014,59015,59016,59017,59018,59019,59021,59022,59023,59024,59025,59026,59027,59028,59029,59031,59032,59033,59034,59035,59036,59037,59038,59039,59041,59042,59043,59044,59045,59046,59047,59048,59049,59050,59051,59052,59053,59054,59055,59056,59057,59058,59059,59060,59061,59062,59063,59064,59065,59066,59067,59068,59069,59071,59072,59073,59074,59075,59076,59077,59078,59079,59080,59081,59082,59083,59084,59085,59086,59087,59088,59089,59090,59091,59092,59093,59094,59096,59097,59098,59099,59100,59101,59102,59103,59104,59105,59106,59107,59108,59109,59110,59111,59112,59113,59114,59115,59116,59117,59118,59119,59120,59121,59122,59123,59124,59125,59126,59127,59128,59129,59130,59131,59132,59133,59134,59135,59136,59137,59138,59139,59140,59141,59142,59143,59144,59145,59146,59147,59148,59149,59150,59151,59152,59153,59155,59156,59157,59158,59159,59160,59161,59162,59163,59164,59165,59166,59167,59168,59169,59170,59171,59172,59173,59174,59175,59176,59177,59178,59179,59180,59181,59182,59183,59184,59185,59186,59187,59188,59189,59190,59191,59192,59193,59194,59195,59196,59197,59198,59199,59200,59201,59202,59203,59204,59205,59206,59207,59208,59209,59210,59211,59212,59213,59214,59215,59216,59217,59218,59219,59220,59221,59222,59223,59224,59225,59226,59227,59228,59229,59230,59231,59232,59233,59234,59236,59237,59238,59239,59240,59241,59242,59243,59244,59246,59247,59249,59250,59251,59252,59253,59254,59255,59256,59257,59258,59259,59260,59261,59262,59263,59264,59265,59266,59267,59268,59269,59270,59271,59272,59273,59274,59275,59276,59277,59278,59279,59280,59281,59282,59283,59284,59285,59286,59287,59288,59289,59290,59291,59292,59293,59294,59295,59296,59297,59299,59300,59301,59302,59303,59304,59305,59306,59307,59308,59309,59310,59311,59312,59313,59314,59315,59316,59317,59318,59319,59320,59321,59322,59323,59324,59325,59326,59327,59328,59329,59330,59331,59332,59333,59334,59335,59336,59337,59338,59339,59340,59341,59342,59343,59344,59345,59346,59347,59348,59349,59350,59351,59352,59353,59354,59356,59357,59358,59359,59360,59361,59363,59364,59365,59366,59367,59368,59369,59370,59371,59372,59374,59375,59377,59378,59379,59381,59382,59383,59384,59385,59386,59387,59388,59389,59390,59391,59392,59393,59394,59395,59396,59397,59398,59399,59400,59401,59402,59403,59405,59406,59407,59408,59409,59410,59411,59412,59413,59414,59415,59416,59418,59419,59420,59421,59422,59423,59424,59425,59426,59427,59428,59429,59430,59431,59432,59433,59434,59435,59436,59437,59438,59439,59440,59441,59442,59443,59444,59445,59446,59447,59448,59449,59450,59451,59452,59453,59454,59455,59456,59457,59458,59459,59461,59462,59463,59464,59465,59466,59467,59468,59469,59470,59471,59472,59473,59474,59475,59476,59477,59478,59479,59480,59481,59482,59483,59484,59485,59486,59487,59488,59489,59490,59491,59492,59493,59494,59495,59496,59497,59498,59499,59500,59501,59502,59503,59504,59505,59506,59507,59508,59509,59511,59512,59513,59514,59515,59516,59517,59518,59519,59520,59521,59522,59523,59524,59525,59526,59527,59528,59529,59530,59531,59532,59533,59534,59535,59536,59537,59538,59539,59541,59542,59543,59544,59545,59546,59547,59548,59549,59550,59551,59552,59553,59554,59555,59556,59557,59558,59559,59560,59562,59563,59564,59565,59566,59567,59568,59569,59570,59571,59572,59573,59574,59575,59576,59577,59578,59579,59580,59581,59582,59583,59584,59585,59586,59587,59588,59589,59590,59591,59592,59593,59594,59595,59596,59597,59598,59599,59600,59601,59602,59603,59604,59605,59606,59607,59608,59609,59610,59611,59612,59613,59614,59615,59616,59617,59618,59619,59620,59622,59623,59624,59625,59626,59627,59628,59629,59630,59631,59632,59633,59634,59635,59636,59637,59638,59639,59640,59641,59642,59643,59645,59646,59647,59648,59649,59650,59651,59652,59653,59654,59655,59656,59657,59658,59659,59660,59661,59662,59663,59664,59665,59666,59667,59668,59669,59670}",SDED,2026-03-24 14:41:32.274366+01,gold_establishments_2025,,,,17590001800011,2025,Services de l'Etat,Département,['Nord'],['Hauts-de-France'],PREFECTURE,{59},{32}
1c03ac2a-5edd-463a-87ee-10c7c2b88e9f,177600004,Préfecture Normandie,false,"{14001,14003,14005,14006,14007,14009,14012,14014,14015,14016,14019,14020,14021,14022,14023,14024,14025,14026,14027,14030,14032,14033,14034,14035,14036,14037,14038,14039,14040,14041,14042,14043,14044,14045,14046,14047,14049,14050,14053,14054,14055,14057,14059,14060,14061,14062,14063,14064,14066,14068,14069,14070,14076,14077,14078,14079,14080,14082,14083,14084,14085,14086,14087,14088,14089,14090,14091,14092,14093,14096,14097,14098,14100,14101,14102,14103,14104,14106,14107,14110,14111,14116,14117,14118,14119,14120,14121,14122,14123,14124,14125,14126,14127,14130,14131,14132,14134,14135,14136,14137,14138,14140,14141,14143,14145,14146,14147,14149,14150,14159,14160,14161,14162,14163,14165,14166,14167,14168,14169,14171,14172,14173,14174,14175,14177,14179,14180,14181,14182,14183,14184,14190,14191,14193,14194,14195,14196,14197,14198,14200,14202,14203,14204,14205,14206,14207,14209,14211,14214,14215,14216,14218,14220,14221,14223,14224,14225,14226,14227,14228,14229,14230,14231,14232,14236,14237,14238,14239,14240,14241,14242,14243,14244,14245,14246,14248,14249,14250,14251,14252,14254,14256,14257,14258,14260,14261,14266,14269,14270,14271,14272,14273,14274,14275,14276,14277,14278,14280,14281,14282,14283,14284,14285,14286,14287,14288,14289,14290,14291,14293,14297,14298,14299,14301,14302,14303,14304,14305,14306,14308,14309,14310,14311,14312,14316,14318,14319,14320,14322,14325,14326,14327,14328,14329,14332,14333,14334,14335,14336,14337,14338,14341,14342,14343,14344,14345,14346,14347,14348,14349,14352,14353,14354,14355,14357,14358,14360,14362,14364,14365,14366,14367,14368,14369,14370,14371,14374,14375,14377,14378,14379,14380,14381,14383,14384,14385,14389,14390,14391,14393,14394,14396,14397,14398,14399,14400,14401,14402,14403,14404,14405,14406,14407,14408,14409,14410,14411,14412,14419,14421,14424,14425,14426,14427,14430,14431,14435,14436,14437,14438,14439,14445,14446,14448,14449,14452,14453,14454,14455,14456,14457,14458,14460,14461,14465,14466,14467,14468,14469,14473,14474,14475,14476,14478,14480,14482,14483,14484,14486,14487,14488,14491,14492,14494,14495,14496,14497,14498,14499,14500,14501,14502,14504,14506,14509,14510,14511,14512,14514,14515,14516,14519,14520,14522,14524,14527,14528,14529,14530,14531,14533,14534,14535,14536,14538,14540,14541,14542,14543,14546,14547,14550,14552,14554,14555,14556,14557,14558,14559,14562,14563,14565,14566,14569,14570,14571,14572,14574,14575,14576,14578,14579,14582,14586,14587,14588,14589,14590,14591,14592,14593,14595,14598,14601,14602,14603,14605,14606,14607,14609,14610,14613,14614,14619,14620,14621,14622,14625,14626,14627,14630,14635,14637,14639,14640,14643,14644,14645,14646,14648,14649,14650,14651,14652,14654,14656,14657,14658,14659,14660,14661,14663,14664,14665,14666,14667,14668,14669,14672,14674,14675,14676,14677,14678,14679,14680,14681,14682,14684,14685,14687,14689,14692,14694,14698,14699,14700,14701,14705,14706,14707,14708,14709,14710,14711,14712,14713,14714,14715,14716,14719,14720,14721,14723,14724,14726,14728,14731,14732,14733,14734,14735,14737,14738,14739,14740,14741,14742,14743,14744,14745,14747,14748,14751,14752,14753,14754,14755,14756,14758,14759,14760,14761,14762,14764,27001,27002,27003,27004,27005,27006,27008,27009,27010,27011,27012,27013,27014,27015,27016,27017,27018,27019,27020,27021,27022,27023,27025,27026,27027,27028,27031,27032,27033,27034,27035,27036,27037,27038,27039,27040,27042,27043,27044,27045,27046,27047,27048,27049,27050,27051,27052,27053,27054,27055,27056,27057,27059,27061,27062,27063,27064,27065,27066,27067,27068,27069,27070,27071,27072,27073,27074,27075,27076,27077,27078,27079,27081,27082,27083,27085,27089,27090,27091,27094,27095,27096,27097,27098,27099,27100,27101,27102,27103,27104,27105,27106,27107,27108,27109,27110,27111,27112,27113,27114,27115,27116,27117,27118,27119,27120,27123,27124,27125,27126,27127,27129,27130,27132,27133,27134,27135,27136,27137,27138,27139,27140,27141,27142,27144,27146,27147,27148,27149,27151,27152,27153,27154,27155,27156,27157,27158,27161,27162,27163,27164,27165,27167,27168,27169,27170,27171,27173,27174,27176,27177,27179,27180,27181,27182,27183,27184,27185,27187,27188,27189,27190,27191,27192,27193,27194,27196,27198,27199,27200,27201,27202,27203,27204,27205,27206,27207,27208,27209,27210,27212,27213,27214,27215,27216,27217,27218,27219,27220,27222,27224,27226,27227,27228,27229,27230,27231,27232,27233,27234,27235,27237,27238,27239,27240,27241,27242,27243,27245,27246,27247,27248,27249,27251,27252,27254,27256,27258,27259,27260,27261,27263,27266,27267,27269,27271,27273,27275,27276,27277,27278,27279,27280,27281,27282,27284,27285,27286,27287,27288,27289,27290,27291,27294,27295,27298,27299,27300,27301,27302,27304,27306,27307,27309,27310,27311,27312,27313,27315,27316,27317,27318,27319,27320,27321,27322,27323,27324,27325,27326,27327,27329,27330,27331,27332,27333,27334,27335,27336,27337,27338,27339,27340,27341,27342,27343,27345,27346,27347,27348,27349,27350,27351,27353,27354,27355,27358,27359,27360,27361,27363,27364,27365,27366,27367,27368,27369,27370,27371,27372,27373,27374,27375,27376,27377,27378,27379,27380,27381,27382,27383,27384,27385,27386,27388,27389,27390,27391,27392,27393,27394,27395,27396,27397,27398,27399,27400,27401,27403,27404,27405,27406,27407,27408,27410,27411,27412,27413,27414,27415,27417,27418,27419,27420,27421,27422,27423,27424,27425,27426,27427,27428,27429,27430,27431,27432,27433,27434,27435,27436,27437,27438,27439,27440,27441,27442,27444,27445,27446,27447,27448,27451,27453,27454,27455,27456,27457,27458,27459,27460,27462,27463,27464,27465,27466,27467,27468,27469,27470,27471,27472,27473,27474,27475,27476,27477,27478,27480,27481,27482,27483,27485,27486,27487,27488,27489,27490,27492,27493,27495,27496,27497,27498,27500,27501,27502,27504,27505,27507,27508,27511,27512,27514,27516,27517,27518,27520,27521,27522,27524,27525,27527,27528,27529,27530,27531,27533,27534,27535,27536,27537,27538,27539,27540,27541,27542,27543,27544,27545,27546,27547,27548,27550,27552,27553,27554,27555,27556,27557,27558,27560,27561,27562,27563,27564,27565,27567,27568,27569,27570,27571,27572,27576,27577,27578,27579,27580,27582,27584,27586,27587,27589,27590,27591,27592,27593,27594,27595,27597,27598,27599,27601,27602,27603,27604,27605,27606,27608,27609,27610,27611,27612,27613,27614,27615,27616,27617,27618,27620,27621,27622,27623,27624,27625,27627,27629,27630,27631,27632,27633,27635,27638,27640,27641,27643,27644,27645,27646,27649,27650,27652,27654,27655,27656,27658,27659,27660,27661,27662,27663,27664,27665,27666,27667,27668,27669,27670,27671,27672,27673,27674,27676,27677,27678,27679,27680,27681,27682,27683,27684,27685,27686,27689,27690,27691,27692,27693,27694,27695,27696,27697,27698,27699,27700,27701,50002,50003,50004,50006,50008,50013,50016,50019,50021,50022,50023,50024,50025,50026,50027,50028,50029,50030,50031,50032,50033,50034,50036,50038,50039,50040,50041,50042,50044,50045,50046,50048,50049,50050,50052,50054,50055,50058,50059,50060,50062,50064,50066,50069,50070,50072,50074,50076,50077,50078,50079,50081,50082,50083,50084,50085,50086,50087,50088,50090,50092,50093,50094,50095,50096,50097,50098,50099,50101,50102,50105,50106,50108,50109,50110,50111,50112,50115,50117,50118,50120,50121,50124,50126,50129,50130,50135,50137,50138,50139,50142,50143,50144,50145,50146,50147,50148,50149,50150,50151,50152,50155,50156,50158,50159,50161,50162,50164,50165,50166,50167,50168,50169,50172,50174,50175,50176,50177,50178,50181,50182,50183,50184,50185,50186,50188,50190,50192,50193,50194,50195,50196,50197,50198,50199,50200,50205,50207,50208,50209,50210,50214,50215,50216,50217,50218,50219,50221,50222,50225,50227,50228,50229,50230,50231,50232,50233,50234,50235,50236,50237,50238,50239,50240,50241,50243,50246,50247,50251,50252,50253,50256,50258,50259,50260,50261,50262,50263,50265,50266,50267,50268,50269,50270,50271,50272,50273,50274,50275,50276,50277,50278,50279,50281,50282,50283,50285,50288,50289,50290,50291,50292,50294,50295,50296,50297,50298,50299,50300,50302,50304,50305,50310,50311,50312,50315,50317,50321,50324,50326,50327,50328,50332,50334,50335,50336,50338,50340,50341,50342,50345,50347,50349,50350,50351,50352,50353,50356,50357,50359,50360,50361,50362,50363,50364,50365,50368,50369,50370,50371,50372,50373,50374,50376,50378,50379,50382,50384,50387,50388,50389,50390,50391,50393,50394,50395,50397,50398,50399,50400,50401,50402,50403,50405,50407,50408,50409,50410,50411,50412,50413,50417,50419,50420,50421,50422,50423,50425,50426,50428,50429,50430,50431,50433,50435,50436,50437,50442,50443,50444,50445,50446,50447,50448,50450,50451,50452,50453,50454,50455,50456,50457,50461,50462,50463,50464,50467,50468,50469,50471,50472,50473,50474,50475,50476,50478,50479,50480,50481,50482,50483,50484,50486,50487,50488,50489,50490,50491,50492,50493,50495,50496,50498,50499,50500,50502,50504,50505,50506,50507,50509,50510,50511,50512,50513,50514,50517,50518,50519,50521,50522,50523,50525,50528,50529,50531,50532,50533,50535,50536,50537,50538,50539,50540,50541,50542,50543,50546,50548,50549,50550,50551,50552,50553,50554,50556,50562,50563,50564,50565,50567,50568,50569,50570,50571,50572,50574,50575,50576,50577,50578,50579,50580,50582,50584,50585,50587,50588,50589,50590,50591,50592,50593,50594,50596,50597,50598,50599,50601,50603,50604,50606,50607,50609,50610,50612,50613,50615,50616,50617,50618,50619,50621,50624,50626,50628,50629,50633,50634,50637,50639,50641,50643,50647,50648,61001,61002,61005,61006,61007,61008,61010,61011,61012,61013,61014,61015,61018,61020,61021,61023,61024,61026,61028,61029,61030,61032,61034,61035,61036,61037,61038,61039,61040,61041,61043,61044,61046,61048,61049,61050,61051,61052,61053,61054,61055,61056,61060,61061,61062,61063,61064,61066,61067,61068,61069,61070,61071,61072,61074,61075,61076,61077,61078,61079,61080,61081,61082,61084,61085,61086,61087,61088,61089,61091,61092,61093,61094,61095,61096,61097,61098,61099,61100,61101,61102,61103,61104,61105,61107,61108,61111,61113,61114,61116,61117,61118,61120,61121,61122,61123,61124,61126,61129,61130,61133,61137,61138,61139,61140,61141,61142,61143,61145,61146,61148,61149,61150,61151,61152,61153,61156,61158,61159,61160,61162,61163,61164,61165,61166,61167,61168,61169,61170,61171,61176,61178,61180,61181,61182,61183,61187,61189,61190,61193,61194,61195,61196,61197,61198,61199,61202,61203,61206,61207,61208,61209,61210,61211,61212,61213,61214,61215,61216,61217,61218,61219,61221,61222,61224,61225,61227,61228,61229,61230,61232,61233,61234,61237,61238,61240,61241,61242,61243,61244,61248,61251,61252,61255,61256,61257,61258,61259,61260,61261,61262,61263,61264,61265,61266,61267,61268,61269,61271,61272,61273,61274,61275,61276,61277,61278,61279,61281,61283,61284,61286,61287,61288,61289,61290,61291,61292,61293,61294,61295,61297,61298,61300,61301,61302,61303,61304,61307,61308,61309,61314,61316,61317,61319,61321,61322,61323,61324,61326,61327,61328,61329,61330,61331,61332,61333,61336,61339,61341,61342,61344,61345,61346,61347,61348,61349,61350,61351,61352,61357,61358,61360,61361,61362,61363,61365,61366,61367,61369,61370,61371,61372,61373,61374,61375,61376,61379,61381,61382,61384,61385,61386,61387,61388,61389,61390,61391,61392,61393,61394,61395,61396,61397,61398,61399,61400,61401,61402,61404,61405,61406,61407,61408,61411,61412,61413,61414,61415,61416,61418,61419,61420,61421,61422,61423,61424,61425,61426,61427,61429,61432,61433,61435,61436,61438,61439,61440,61442,61443,61444,61445,61446,61447,61448,61450,61451,61452,61453,61454,61456,61457,61459,61460,61461,61462,61463,61464,61466,61467,61472,61473,61474,61475,61476,61479,61480,61481,61482,61483,61484,61485,61486,61487,61488,61490,61491,61492,61493,61494,61497,61498,61499,61500,61501,61502,61503,61505,61507,61508,61510,61512,76001,76002,76004,76005,76006,76007,76008,76009,76010,76011,76012,76013,76014,76015,76016,76017,76018,76019,76020,76021,76022,76023,76024,76025,76026,76028,76029,76030,76032,76033,76034,76035,76036,76038,76039,76040,76041,76042,76043,76045,76046,76047,76048,76049,76050,76051,76052,76053,76054,76055,76056,76057,76058,76059,76060,76062,76063,76064,76065,76066,76067,76068,76069,76070,76071,76072,76074,76075,76076,76077,76079,76082,76083,76084,76085,76086,76087,76088,76090,76091,76092,76093,76094,76095,76096,76097,76099,76100,76101,76103,76104,76105,76106,76107,76108,76109,76110,76111,76112,76113,76114,76115,76116,76117,76118,76119,76120,76121,76122,76123,76124,76125,76126,76128,76129,76130,76131,76132,76133,76134,76135,76136,76138,76139,76140,76141,76142,76143,76144,76146,76147,76148,76149,76151,76152,76153,76154,76155,76156,76157,76158,76159,76160,76161,76162,76163,76164,76165,76166,76167,76168,76169,76170,76171,76172,76173,76174,76175,76176,76177,76178,76179,76180,76181,76182,76183,76184,76185,76186,76187,76188,76189,76190,76192,76193,76194,76195,76196,76197,76198,76199,76200,76201,76202,76203,76204,76205,76206,76207,76208,76209,76210,76211,76212,76213,76214,76216,76217,76218,76219,76220,76221,76222,76223,76224,76225,76226,76227,76228,76229,76230,76231,76232,76233,76234,76235,76236,76237,76238,76239,76240,76241,76242,76243,76244,76245,76247,76249,76250,76251,76252,76253,76254,76255,76257,76258,76259,76260,76261,76262,76263,76264,76265,76266,76268,76269,76270,76271,76272,76273,76274,76275,76276,76278,76279,76280,76281,76282,76283,76284,76285,76286,76287,76288,76289,76290,76291,76292,76293,76294,76295,76296,76297,76298,76299,76300,76302,76303,76304,76305,76306,76307,76308,76309,76311,76312,76313,76314,76315,76316,76317,76318,76319,76320,76321,76322,76323,76324,76325,76327,76328,76329,76330,76331,76332,76333,76334,76335,76336,76338,76339,76340,76341,76342,76343,76344,76345,76346,76347,76348,76349,76350,76351,76352,76353,76354,76355,76356,76357,76359,76360,76361,76362,76363,76364,76365,76366,76367,76368,76369,76370,76371,76372,76373,76374,76375,76377,76378,76379,76380,76381,76382,76383,76384,76385,76386,76387,76388,76389,76390,76391,76392,76393,76394,76395,76396,76397,76398,76399,76400,76401,76402,76403,76404,76405,76406,76407,76408,76409,76410,76411,76412,76413,76414,76415,76416,76417,76418,76419,76420,76421,76422,76423,76424,76425,76426,76427,76428,76429,76430,76431,76432,76433,76434,76435,76436,76437,76438,76439,76440,76441,76442,76443,76445,76446,76447,76448,76449,76450,76451,76452,76453,76454,76455,76456,76457,76458,76459,76460,76461,76462,76463,76464,76465,76467,76468,76469,76470,76471,76472,76473,76474,76475,76476,76477,76478,76479,76480,76481,76482,76483,76484,76485,76486,76487,76488,76489,76490,76491,76492,76493,76494,76495,76497,76498,76499,76500,76501,76502,76503,76504,76505,76506,76507,76508,76509,76510,76511,76512,76513,76514,76515,76516,76517,76518,76519,76520,76521,76522,76523,76524,76526,76527,76528,76529,76530,76531,76532,76533,76534,76535,76536,76537,76538,76540,76541,76542,76543,76544,76545,76546,76547,76548,76549,76550,76551,76552,76553,76554,76555,76556,76557,76558,76559,76560,76561,76562,76563,76564,76565,76566,76567,76568,76569,76570,76571,76572,76573,76574,76575,76576,76577,76578,76580,76581,76582,76583,76584,76585,76586,76587,76588,76589,76590,76591,76592,76593,76594,76595,76596,76597,76598,76599,76600,76601,76602,76603,76604,76605,76606,76608,76609,76610,76611,76612,76613,76614,76615,76616,76617,76618,76619,76620,76621,76622,76623,76624,76626,76627,76628,76629,76630,76631,76632,76634,76635,76636,76637,76638,76640,76641,76642,76644,76645,76646,76647,76648,76649,76650,76651,76652,76653,76654,76655,76656,76657,76658,76660,76662,76663,76664,76665,76666,76667,76668,76669,76670,76671,76672,76673,76675,76676,76677,76678,76679,76680,76681,76682,76683,76684,76685,76686,76688,76689,76690,76691,76692,76693,76694,76695,76697,76698,76699,76700,76702,76703,76705,76706,76707,76708,76709,76710,76711,76712,76714,76715,76716,76717,76718,76719,76720,76721,76723,76724,76725,76726,76727,76728,76730,76731,76732,76733,76734,76735,76736,76737,76738,76739,76740,76741,76743,76744,76745,76746,76747,76748,76749,76750,76751,76752,76753,76754,76755,76756,76757,76758,76759}",SDER,2026-03-24 14:41:32.274366+01,gold_establishments_2025,,,,17760000400044,2025,Services de l'Etat,Région,"['Calvados', 'Eure', 'Manche', 'Orne', 'Seine-Maritime']",['Normandie'],PREFECTURE,"{14,27,50,61,76}",{28}
d6ac0a0f-fbad-4d52-84f4-6a2db0f8f0bc,173300005,Préfecture Nouvelle-Aquitaine,false,"{16001,16002,16003,16005,16007,16008,16009,16011,16012,16013,16014,16015,16016,16018,16019,16020,16023,16024,16025,16026,16027,16028,16029,16030,16031,16032,16034,16035,16036,16037,16038,16039,16040,16041,16042,16044,16045,16046,16047,16048,16049,16050,16052,16053,16054,16055,16056,16057,16058,16059,16060,16061,16062,16063,16064,16065,16066,16067,16068,16069,16070,16071,16072,16073,16074,16075,16076,16077,16078,16079,16081,16082,16083,16084,16085,16086,16087,16088,16089,16090,16091,16093,16095,16096,16097,16098,16099,16100,16101,16102,16103,16104,16105,16106,16107,16108,16109,16110,16111,16112,16113,16114,16116,16117,16118,16119,16120,16121,16122,16123,16124,16125,16127,16128,16130,16131,16132,16133,16134,16135,16136,16137,16138,16139,16141,16142,16143,16144,16145,16146,16148,16150,16151,16152,16153,16154,16155,16157,16158,16160,16161,16162,16163,16164,16165,16166,16167,16168,16169,16170,16171,16173,16174,16175,16176,16177,16178,16180,16181,16182,16183,16184,16185,16186,16187,16188,16189,16190,16191,16192,16193,16194,16195,16196,16197,16198,16199,16200,16203,16204,16205,16206,16207,16208,16209,16210,16211,16212,16213,16215,16216,16217,16218,16220,16221,16222,16223,16224,16225,16227,16229,16230,16231,16232,16233,16234,16236,16237,16239,16240,16241,16242,16243,16244,16245,16246,16248,16249,16250,16251,16252,16253,16254,16255,16256,16258,16260,16261,16263,16264,16267,16268,16269,16270,16271,16272,16273,16275,16276,16277,16279,16280,16281,16282,16283,16284,16285,16286,16287,16289,16290,16291,16292,16293,16295,16297,16298,16300,16301,16302,16303,16304,16306,16307,16308,16310,16312,16315,16316,16317,16318,16320,16321,16323,16325,16326,16329,16330,16331,16334,16335,16336,16337,16338,16339,16340,16341,16342,16343,16345,16346,16347,16348,16349,16350,16352,16353,16354,16356,16357,16358,16359,16360,16361,16362,16363,16364,16365,16366,16368,16369,16370,16372,16373,16374,16375,16377,16378,16379,16380,16381,16382,16383,16384,16385,16387,16388,16389,16390,16392,16393,16394,16395,16396,16397,16398,16399,16400,16401,16402,16403,16404,16405,16406,16408,16409,16412,16413,16414,16415,16416,16418,16419,16420,16421,16422,16423,16424,16425,17002,17003,17004,17005,17006,17007,17008,17009,17010,17011,17012,17013,17015,17016,17017,17018,17019,17020,17021,17022,17023,17024,17025,17026,17027,17028,17029,17030,17031,17032,17033,17034,17035,17036,17037,17038,17039,17041,17042,17043,17044,17045,17046,17047,17048,17049,17050,17051,17052,17053,17054,17055,17056,17057,17058,17059,17060,17061,17062,17063,17064,17065,17066,17067,17068,17069,17070,17071,17072,17073,17074,17075,17076,17077,17078,17079,17080,17081,17082,17083,17084,17085,17086,17087,17089,17091,17092,17093,17094,17095,17096,17097,17098,17099,17100,17101,17102,17104,17105,17106,17107,17108,17109,17110,17111,17112,17113,17114,17115,17116,17117,17118,17119,17120,17121,17122,17124,17125,17126,17127,17128,17129,17130,17131,17132,17133,17134,17135,17136,17137,17138,17139,17140,17141,17142,17143,17145,17146,17147,17148,17149,17150,17151,17152,17153,17154,17155,17156,17157,17158,17159,17160,17161,17162,17163,17164,17165,17166,17167,17168,17171,17172,17173,17174,17175,17176,17177,17178,17179,17180,17181,17182,17183,17184,17185,17186,17187,17188,17190,17191,17192,17193,17194,17195,17196,17197,17198,17199,17200,17201,17202,17203,17204,17205,17206,17207,17208,17209,17210,17211,17212,17213,17214,17215,17216,17217,17218,17219,17220,17221,17222,17223,17224,17225,17226,17227,17228,17229,17230,17231,17232,17233,17234,17235,17236,17237,17239,17240,17241,17242,17243,17244,17245,17246,17247,17248,17249,17250,17252,17253,17254,17255,17256,17257,17258,17259,17260,17261,17262,17263,17264,17265,17266,17267,17268,17269,17270,17271,17273,17274,17275,17276,17277,17278,17279,17280,17281,17282,17283,17284,17285,17286,17287,17288,17289,17290,17291,17292,17293,17294,17295,17296,17297,17298,17299,17300,17301,17302,17303,17304,17305,17306,17307,17308,17309,17310,17311,17312,17313,17314,17315,17316,17317,17318,17319,17320,17321,17322,17323,17324,17325,17326,17327,17328,17329,17330,17331,17332,17333,17335,17336,17337,17338,17339,17340,17341,17342,17343,17344,17345,17346,17347,17348,17349,17350,17351,17353,17354,17355,17356,17357,17358,17359,17360,17361,17362,17363,17364,17365,17366,17367,17369,17372,17373,17374,17375,17376,17377,17378,17379,17380,17381,17382,17383,17384,17385,17386,17387,17388,17389,17390,17391,17393,17394,17395,17396,17397,17398,17400,17401,17402,17403,17404,17405,17406,17407,17408,17409,17410,17411,17412,17413,17414,17415,17416,17417,17418,17420,17421,17422,17423,17424,17425,17426,17427,17428,17429,17430,17431,17432,17433,17434,17435,17436,17437,17438,17439,17440,17441,17442,17443,17444,17445,17446,17447,17448,17449,17450,17451,17452,17453,17454,17455,17457,17458,17459,17460,17461,17462,17463,17464,17465,17466,17467,17468,17469,17470,17471,17472,17473,17474,17476,17477,17478,17479,17480,17481,17482,17483,17484,17485,17486,19001,19002,19003,19004,19005,19006,19007,19008,19009,19010,19011,19012,19013,19014,19015,19016,19017,19018,19019,19020,19021,19022,19023,19024,19025,19026,19027,19028,19029,19030,19031,19033,19034,19035,19036,19037,19038,19039,19040,19041,19042,19043,19044,19045,19046,19047,19048,19049,19050,19051,19052,19053,19054,19055,19056,19057,19058,19059,19060,19061,19062,19063,19064,19065,19066,19067,19068,19069,19070,19071,19072,19073,19074,19075,19076,19077,19078,19079,19080,19081,19082,19083,19084,19085,19086,19087,19088,19089,19090,19091,19093,19094,19095,19096,19097,19098,19099,19100,19101,19102,19103,19104,19105,19106,19107,19108,19109,19110,19111,19112,19113,19114,19115,19116,19117,19118,19119,19120,19121,19122,19123,19124,19125,19126,19128,19129,19130,19131,19132,19133,19134,19135,19136,19137,19138,19139,19140,19141,19142,19143,19144,19145,19146,19147,19148,19149,19150,19151,19152,19153,19154,19155,19156,19157,19158,19159,19160,19161,19162,19163,19164,19165,19166,19167,19168,19169,19170,19171,19172,19173,19174,19175,19176,19177,19178,19179,19180,19181,19182,19184,19186,19187,19188,19189,19190,19191,19192,19193,19194,19195,19196,19198,19199,19200,19201,19202,19203,19204,19205,19206,19207,19208,19209,19210,19211,19212,19213,19214,19215,19216,19217,19219,19220,19221,19222,19225,19226,19227,19228,19229,19231,19232,19233,19234,19235,19236,19237,19238,19239,19240,19241,19242,19243,19244,19245,19246,19247,19248,19249,19250,19251,19252,19253,19254,19255,19256,19257,19258,19259,19260,19261,19262,19263,19264,19265,19266,19268,19269,19270,19271,19272,19273,19274,19275,19276,19277,19278,19279,19280,19281,19283,19284,19285,19286,19287,19288,19289,23001,23002,23003,23004,23005,23006,23007,23008,23009,23010,23011,23012,23013,23014,23015,23016,23017,23018,23019,23020,23021,23022,23024,23025,23026,23027,23028,23029,23030,23031,23032,23033,23034,23035,23036,23037,23038,23039,23040,23041,23042,23043,23044,23045,23046,23047,23048,23049,23050,23051,23052,23053,23054,23055,23056,23057,23058,23059,23060,23061,23062,23063,23064,23065,23066,23067,23068,23069,23070,23071,23072,23073,23074,23075,23076,23077,23078,23079,23080,23081,23082,23083,23084,23086,23087,23088,23089,23090,23091,23092,23093,23095,23096,23097,23098,23099,23100,23101,23102,23103,23104,23105,23106,23107,23108,23109,23110,23111,23112,23113,23114,23115,23116,23117,23118,23119,23120,23122,23123,23124,23125,23127,23128,23129,23130,23131,23132,23133,23134,23136,23137,23138,23139,23140,23141,23142,23143,23144,23145,23146,23147,23148,23149,23150,23151,23152,23154,23155,23156,23157,23158,23159,23160,23162,23164,23165,23166,23167,23168,23169,23170,23171,23172,23173,23174,23175,23176,23177,23178,23179,23180,23181,23182,23183,23184,23185,23186,23187,23188,23189,23190,23191,23192,23193,23194,23195,23196,23197,23198,23199,23200,23201,23202,23203,23204,23205,23206,23207,23208,23209,23210,23211,23212,23213,23214,23215,23216,23217,23218,23219,23220,23221,23222,23223,23224,23225,23226,23227,23228,23229,23230,23232,23233,23234,23235,23236,23237,23238,23239,23240,23241,23242,23243,23244,23245,23246,23247,23248,23249,23250,23251,23252,23253,23254,23255,23257,23258,23259,23260,23261,23262,23263,23264,23265,23266,24001,24002,24004,24005,24006,24007,24008,24009,24010,24011,24012,24014,24015,24016,24018,24019,24020,24021,24022,24023,24024,24025,24026,24027,24028,24029,24030,24031,24032,24034,24035,24036,24037,24038,24039,24040,24042,24043,24045,24046,24048,24050,24051,24052,24053,24054,24055,24056,24057,24058,24059,24060,24061,24062,24063,24064,24066,24067,24068,24069,24070,24071,24073,24074,24075,24076,24077,24080,24081,24082,24083,24084,24085,24086,24087,24088,24090,24091,24094,24095,24096,24097,24098,24100,24101,24102,24104,24105,24106,24107,24108,24109,24110,24111,24113,24114,24115,24116,24117,24119,24120,24121,24122,24123,24124,24126,24128,24129,24130,24131,24132,24133,24134,24135,24136,24137,24138,24139,24140,24141,24142,24143,24144,24145,24146,24147,24148,24150,24151,24152,24153,24154,24155,24156,24157,24158,24159,24160,24161,24162,24163,24164,24165,24167,24168,24171,24172,24174,24175,24176,24177,24179,24180,24182,24183,24184,24186,24188,24189,24190,24191,24192,24193,24194,24195,24196,24197,24199,24200,24202,24205,24206,24207,24208,24209,24210,24211,24212,24213,24214,24215,24216,24217,24218,24220,24221,24222,24223,24224,24225,24226,24227,24228,24229,24230,24231,24232,24234,24236,24237,24238,24240,24241,24242,24243,24244,24245,24246,24247,24248,24251,24252,24253,24254,24255,24256,24257,24259,24260,24261,24262,24263,24264,24266,24267,24268,24269,24271,24272,24273,24274,24276,24277,24278,24279,24280,24281,24282,24284,24285,24286,24287,24288,24289,24290,24291,24292,24293,24294,24295,24296,24297,24299,24300,24301,24302,24303,24304,24305,24306,24307,24308,24309,24311,24312,24313,24316,24317,24318,24319,24320,24321,24322,24323,24324,24325,24326,24327,24328,24329,24330,24331,24334,24335,24336,24337,24338,24339,24340,24341,24345,24346,24347,24348,24349,24350,24351,24352,24353,24354,24355,24356,24357,24359,24360,24361,24362,24364,24365,24366,24367,24370,24371,24372,24373,24374,24375,24376,24377,24378,24379,24380,24381,24382,24383,24384,24385,24386,24388,24390,24392,24393,24394,24395,24396,24397,24398,24399,24401,24403,24404,24405,24406,24407,24408,24409,24410,24411,24412,24413,24414,24415,24416,24417,24418,24419,24420,24421,24422,24423,24424,24425,24426,24428,24429,24432,24434,24436,24437,24438,24441,24442,24443,24444,24445,24446,24448,24449,24450,24451,24452,24453,24454,24455,24456,24457,24458,24459,24460,24461,24462,24463,24464,24465,24466,24468,24470,24471,24472,24473,24474,24476,24477,24478,24479,24480,24481,24482,24483,24484,24485,24486,24487,24488,24489,24490,24491,24492,24493,24494,24495,24496,24498,24499,24500,24501,24502,24504,24505,24507,24508,24509,24510,24511,24512,24513,24514,24515,24516,24517,24518,24519,24520,24521,24522,24523,24524,24525,24526,24527,24528,24529,24531,24532,24533,24534,24535,24536,24537,24538,24540,24541,24542,24543,24544,24545,24546,24547,24548,24549,24550,24551,24552,24553,24554,24555,24557,24558,24559,24560,24562,24563,24564,24565,24566,24567,24568,24569,24570,24571,24572,24573,24574,24575,24576,24577,24580,24581,24582,24584,24585,24586,24587,33001,33002,33003,33004,33005,33006,33007,33008,33009,33010,33011,33012,33013,33014,33015,33016,33017,33018,33019,33020,33021,33022,33023,33024,33025,33026,33027,33028,33029,33030,33031,33032,33033,33034,33035,33036,33037,33038,33039,33040,33042,33043,33044,33045,33046,33047,33048,33049,33050,33051,33052,33053,33054,33055,33056,33057,33058,33059,33060,33061,33062,33063,33064,33065,33066,33067,33068,33069,33070,33071,33072,33073,33074,33075,33076,33077,33078,33079,33080,33081,33082,33083,33084,33085,33086,33087,33088,33089,33090,33093,33094,33095,33096,33097,33098,33099,33100,33101,33102,33103,33104,33105,33106,33108,33109,33111,33112,33113,33114,33115,33116,33117,33118,33119,33120,33121,33122,33123,33124,33125,33126,33127,33128,33129,33130,33131,33132,33133,33134,33135,33136,33137,33138,33139,33140,33141,33142,33143,33144,33145,33146,33147,33148,33149,33150,33151,33152,33153,33154,33155,33156,33157,33158,33159,33160,33161,33162,33163,33164,33165,33166,33167,33168,33169,33170,33171,33172,33173,33174,33175,33176,33177,33178,33179,33180,33181,33182,33183,33184,33185,33186,33187,33188,33189,33190,33191,33192,33193,33194,33195,33196,33197,33198,33199,33200,33201,33202,33203,33204,33205,33206,33207,33208,33209,33210,33211,33212,33213,33214,33215,33216,33218,33219,33220,33221,33222,33223,33224,33225,33226,33227,33228,33229,33230,33231,33232,33233,33234,33235,33236,33237,33238,33239,33240,33241,33242,33243,33244,33245,33246,33247,33248,33249,33250,33251,33252,33253,33254,33255,33256,33257,33258,33259,33260,33261,33262,33263,33264,33266,33268,33269,33270,33271,33272,33273,33274,33275,33276,33277,33278,33279,33280,33281,33282,33283,33284,33285,33287,33288,33289,33290,33291,33292,33293,33294,33295,33296,33297,33298,33299,33300,33301,33302,33303,33304,33305,33306,33307,33308,33309,33310,33311,33312,33314,33315,33316,33317,33318,33319,33320,33321,33322,33323,33324,33325,33326,33327,33328,33329,33330,33331,33332,33333,33334,33335,33336,33337,33339,33341,33342,33343,33344,33345,33346,33347,33348,33349,33350,33351,33352,33353,33354,33355,33356,33357,33358,33359,33360,33361,33362,33363,33364,33365,33366,33367,33369,33370,33372,33373,33374,33375,33376,33377,33378,33379,33380,33381,33382,33383,33384,33385,33386,33387,33388,33389,33390,33391,33392,33393,33394,33395,33396,33397,33398,33399,33400,33401,33402,33403,33404,33405,33406,33407,33408,33411,33412,33413,33414,33415,33416,33417,33418,33419,33420,33421,33422,33423,33424,33425,33426,33427,33428,33429,33431,33432,33433,33434,33435,33436,33437,33438,33439,33440,33441,33442,33443,33444,33445,33446,33447,33448,33449,33450,33451,33452,33453,33454,33456,33457,33458,33459,33460,33461,33462,33463,33464,33465,33466,33467,33468,33470,33471,33472,33473,33474,33475,33476,33477,33478,33479,33480,33481,33482,33483,33484,33485,33486,33487,33488,33489,33490,33491,33492,33493,33494,33496,33498,33499,33500,33501,33502,33503,33504,33505,33506,33507,33508,33509,33510,33511,33512,33513,33514,33515,33516,33517,33518,33519,33520,33521,33522,33523,33524,33525,33526,33527,33528,33529,33530,33531,33532,33533,33534,33535,33536,33537,33538,33539,33540,33541,33542,33543,33544,33545,33546,33547,33548,33549,33550,33551,33552,33553,33554,33555,40001,40002,40003,40004,40005,40006,40007,40008,40011,40012,40013,40014,40015,40016,40017,40018,40019,40020,40021,40022,40023,40024,40025,40026,40027,40028,40029,40030,40031,40032,40033,40034,40035,40036,40037,40038,40039,40040,40041,40042,40043,40044,40046,40047,40049,40050,40051,40052,40053,40054,40055,40056,40057,40058,40059,40060,40061,40062,40063,40064,40065,40066,40067,40068,40069,40070,40071,40072,40073,40074,40075,40076,40077,40078,40079,40080,40081,40082,40083,40084,40085,40086,40087,40088,40089,40090,40091,40092,40093,40094,40095,40096,40097,40098,40099,40100,40101,40102,40103,40104,40105,40106,40108,40109,40110,40111,40112,40113,40114,40115,40116,40117,40118,40119,40120,40121,40122,40123,40124,40125,40126,40127,40128,40129,40130,40131,40132,40133,40134,40135,40136,40137,40138,40139,40140,40141,40142,40143,40144,40145,40146,40147,40148,40149,40150,40151,40152,40153,40154,40155,40156,40157,40158,40159,40160,40161,40162,40163,40164,40165,40166,40167,40168,40169,40170,40171,40172,40173,40174,40175,40176,40177,40178,40179,40180,40181,40182,40183,40184,40185,40186,40187,40188,40189,40190,40191,40192,40193,40194,40195,40196,40197,40198,40199,40200,40201,40202,40203,40204,40205,40206,40207,40208,40209,40210,40211,40212,40213,40214,40215,40216,40217,40218,40219,40220,40221,40222,40223,40224,40225,40226,40227,40228,40229,40230,40231,40232,40233,40234,40235,40236,40237,40238,40239,40240,40242,40243,40244,40245,40246,40247,40248,40249,40250,40251,40252,40253,40254,40255,40256,40257,40258,40259,40260,40261,40262,40263,40264,40265,40266,40267,40268,40269,40270,40271,40272,40273,40274,40275,40276,40277,40278,40279,40280,40281,40282,40283,40284,40285,40286,40287,40288,40289,40290,40291,40292,40293,40294,40295,40296,40297,40298,40299,40300,40301,40303,40304,40305,40306,40307,40308,40309,40310,40311,40312,40313,40314,40315,40316,40317,40318,40319,40320,40321,40322,40323,40324,40325,40326,40327,40328,40329,40330,40331,40332,40333,40334,47001,47002,47003,47004,47005,47006,47007,47008,47009,47010,47011,47012,47013,47014,47015,47016,47017,47018,47019,47020,47021,47022,47023,47024,47025,47026,47027,47028,47029,47030,47031,47032,47033,47034,47035,47036,47037,47038,47039,47040,47041,47042,47043,47044,47045,47046,47047,47048,47049,47050,47051,47052,47053,47054,47055,47056,47057,47058,47059,47060,47061,47062,47063,47064,47065,47066,47067,47068,47069,47070,47071,47072,47073,47074,47075,47076,47077,47078,47079,47080,47081,47082,47083,47084,47085,47086,47087,47088,47089,47090,47091,47092,47093,47094,47095,47096,47097,47098,47099,47100,47101,47102,47103,47104,47105,47106,47107,47108,47109,47110,47111,47112,47113,47114,47115,47117,47118,47119,47120,47121,47122,47123,47124,47125,47126,47127,47128,47129,47130,47131,47132,47133,47134,47135,47136,47137,47138,47139,47140,47141,47142,47143,47144,47145,47146,47147,47148,47150,47151,47152,47154,47155,47156,47157,47158,47159,47160,47161,47162,47163,47164,47165,47167,47168,47169,47170,47171,47172,47173,47174,47175,47176,47177,47178,47179,47180,47181,47182,47183,47184,47185,47186,47187,47188,47189,47190,47191,47192,47193,47194,47195,47196,47197,47198,47199,47200,47201,47202,47203,47204,47205,47206,47207,47208,47209,47210,47211,47212,47213,47214,47215,47216,47217,47218,47219,47220,47221,47222,47223,47224,47225,47226,47227,47228,47229,47230,47231,47232,47233,47234,47235,47236,47237,47238,47239,47240,47241,47242,47244,47245,47246,47247,47248,47249,47250,47251,47252,47253,47254,47255,47256,47257,47258,47259,47260,47262,47263,47264,47265,47266,47267,47269,47271,47272,47273,47274,47275,47276,47277,47278,47279,47280,47281,47282,47283,47284,47285,47286,47287,47288,47289,47290,47291,47292,47293,47294,47295,47296,47297,47298,47299,47300,47301,47302,47303,47304,47305,47306,47307,47308,47309,47310,47311,47312,47313,47314,47315,47316,47317,47318,47319,47320,47321,47323,47324,47325,47326,47327,47328,64001,64002,64003,64004,64005,64006,64007,64008,64009,64010,64011,64012,64013,64014,64015,64016,64017,64018,64019,64021,64022,64023,64024,64025,64026,64027,64028,64029,64031,64032,64033,64034,64035,64036,64037,64038,64039,64040,64041,64042,64043,64044,64045,64046,64047,64048,64049,64050,64051,64052,64053,64054,64056,64057,64058,64059,64060,64061,64062,64063,64064,64065,64066,64067,64068,64069,64070,64071,64072,64073,64074,64075,64077,64078,64079,64080,64081,64082,64083,64084,64085,64086,64087,64088,64089,64090,64091,64092,64093,64094,64095,64096,64097,64098,64099,64100,64101,64102,64103,64104,64105,64106,64107,64108,64109,64110,64111,64112,64113,64114,64115,64116,64117,64118,64119,64120,64121,64122,64123,64124,64125,64126,64127,64128,64129,64130,64131,64132,64133,64134,64135,64136,64137,64138,64139,64140,64141,64142,64143,64144,64145,64146,64147,64148,64149,64150,64151,64152,64153,64154,64155,64156,64157,64158,64159,64160,64161,64162,64165,64166,64167,64168,64170,64171,64172,64173,64174,64175,64176,64177,64178,64179,64180,64181,64182,64183,64184,64185,64186,64187,64188,64189,64190,64191,64192,64193,64194,64195,64196,64197,64198,64199,64200,64201,64202,64203,64204,64205,64206,64207,64208,64209,64210,64211,64212,64213,64214,64215,64216,64217,64218,64219,64220,64221,64222,64223,64224,64225,64226,64227,64228,64229,64230,64231,64232,64233,64234,64235,64236,64237,64238,64239,64240,64241,64242,64243,64244,64245,64246,64247,64249,64250,64251,64252,64253,64254,64255,64256,64257,64258,64259,64260,64261,64262,64263,64264,64265,64266,64267,64268,64269,64270,64271,64272,64273,64274,64275,64276,64277,64279,64280,64281,64282,64283,64284,64285,64286,64287,64288,64289,64290,64291,64292,64293,64294,64295,64296,64297,64298,64299,64300,64301,64302,64303,64304,64305,64306,64307,64308,64309,64310,64311,64312,64313,64314,64315,64316,64317,64318,64319,64320,64321,64322,64323,64324,64325,64326,64327,64328,64329,64330,64331,64332,64334,64335,64336,64337,64338,64339,64340,64341,64342,64343,64344,64345,64346,64347,64348,64349,64350,64351,64352,64353,64354,64355,64356,64357,64358,64359,64360,64361,64362,64363,64364,64365,64366,64367,64368,64369,64370,64371,64372,64373,64374,64375,64376,64377,64378,64379,64380,64381,64382,64383,64385,64386,64387,64388,64389,64390,64391,64392,64393,64394,64395,64396,64397,64398,64399,64400,64401,64403,64404,64405,64406,64407,64408,64409,64410,64411,64412,64413,64414,64415,64416,64417,64418,64419,64420,64421,64422,64423,64424,64425,64426,64427,64428,64429,64430,64431,64432,64433,64434,64435,64436,64437,64438,64439,64440,64441,64442,64443,64444,64445,64446,64447,64448,64449,64450,64451,64452,64453,64454,64455,64456,64457,64458,64459,64460,64461,64462,64463,64464,64465,64466,64467,64468,64469,64470,64471,64472,64473,64474,64475,64476,64477,64478,64479,64480,64481,64482,64483,64484,64485,64486,64487,64488,64489,64490,64491,64492,64493,64494,64495,64496,64498,64499,64500,64501,64502,64503,64504,64505,64506,64507,64508,64509,64510,64511,64512,64513,64514,64515,64516,64517,64518,64519,64520,64521,64522,64523,64524,64525,64526,64527,64528,64529,64530,64531,64532,64533,64534,64535,64536,64537,64538,64539,64540,64542,64543,64544,64545,64546,64547,64548,64549,64550,64551,64552,64554,64555,64556,64557,64558,64559,64560,79001,79002,79003,79005,79007,79008,79009,79010,79012,79013,79014,79015,79016,79018,79019,79020,79022,79023,79024,79025,79029,79030,79031,79032,79034,79038,79040,79042,79046,79047,79048,79049,79050,79055,79056,79057,79058,79059,79061,79062,79063,79064,79066,79069,79070,79071,79074,79076,79077,79078,79079,79080,79081,79083,79084,79085,79086,79087,79088,79089,79090,79091,79092,79094,79095,79096,79100,79101,79102,79103,79104,79105,79106,79108,79109,79111,79112,79114,79115,79116,79117,79118,79119,79120,79121,79122,79123,79124,79125,79126,79127,79128,79129,79130,79131,79132,79133,79134,79135,79136,79137,79139,79140,79141,79142,79144,79145,79147,79148,79149,79150,79152,79153,79154,79156,79157,79158,79159,79160,79161,79162,79163,79164,79165,79166,79167,79170,79172,79174,79175,79176,79177,79179,79183,79184,79185,79189,79190,79191,79195,79196,79197,79198,79200,79201,79202,79203,79204,79207,79208,79209,79210,79213,79215,79216,79217,79218,79220,79223,79225,79226,79229,79230,79231,79235,79236,79238,79239,79241,79242,79243,79244,79246,79249,79250,79251,79252,79253,79254,79255,79256,79257,79258,79259,79263,79265,79267,79268,79269,79270,79271,79273,79274,79276,79277,79278,79280,79281,79283,79284,79285,79286,79289,79290,79293,79294,79295,79297,79298,79299,79300,79301,79302,79303,79304,79306,79307,79308,79309,79310,79311,79312,79313,79316,79319,79320,79322,79326,79329,79331,79332,79334,79335,79336,79337,79338,79339,79340,79341,79342,79343,79345,79346,79347,79348,79349,79350,79351,79352,79354,79355,79357,86001,86002,86003,86004,86005,86006,86007,86008,86009,86010,86011,86012,86013,86014,86015,86016,86017,86018,86019,86020,86022,86023,86024,86025,86026,86027,86028,86029,86031,86032,86034,86035,86036,86037,86038,86039,86040,86041,86042,86044,86045,86046,86047,86048,86049,86050,86051,86052,86053,86054,86055,86058,86059,86061,86062,86063,86064,86065,86066,86068,86069,86070,86072,86073,86074,86075,86076,86077,86078,86079,86080,86081,86082,86083,86084,86085,86086,86087,86088,86089,86090,86091,86092,86093,86094,86095,86096,86097,86098,86099,86100,86102,86103,86104,86105,86106,86107,86108,86109,86110,86111,86112,86113,86114,86115,86116,86117,86118,86119,86120,86121,86122,86123,86124,86125,86126,86127,86128,86129,86130,86131,86132,86133,86134,86135,86136,86137,86138,86139,86140,86141,86142,86143,86144,86145,86147,86148,86149,86150,86151,86152,86153,86154,86156,86157,86158,86159,86160,86161,86162,86163,86164,86165,86167,86169,86170,86171,86172,86173,86174,86175,86176,86177,86178,86180,86181,86182,86183,86184,86186,86187,86189,86190,86191,86192,86193,86194,86195,86196,86197,86198,86200,86201,86202,86203,86204,86205,86206,86207,86209,86210,86211,86213,86214,86217,86218,86220,86221,86222,86223,86224,86225,86226,86227,86228,86229,86230,86233,86234,86235,86236,86237,86239,86241,86242,86244,86245,86246,86247,86248,86249,86250,86252,86253,86254,86255,86256,86257,86258,86260,86261,86262,86263,86264,86265,86266,86268,86269,86270,86271,86272,86273,86274,86275,86276,86279,86280,86281,86284,86285,86286,86287,86288,86289,86290,86291,86292,86293,86294,86295,86296,86297,86298,86299,86300,87001,87002,87003,87004,87005,87006,87007,87008,87009,87011,87012,87013,87014,87015,87016,87017,87018,87019,87020,87021,87022,87023,87024,87025,87027,87028,87029,87030,87031,87032,87033,87034,87035,87036,87037,87038,87039,87040,87041,87042,87043,87044,87045,87046,87047,87048,87049,87050,87051,87052,87053,87054,87056,87057,87058,87059,87060,87061,87062,87063,87064,87065,87066,87067,87068,87069,87070,87071,87072,87073,87074,87075,87076,87077,87078,87079,87080,87081,87082,87083,87084,87085,87086,87087,87088,87089,87090,87091,87092,87093,87094,87095,87096,87097,87099,87100,87101,87103,87104,87105,87106,87107,87108,87109,87110,87111,87112,87113,87114,87115,87116,87117,87118,87119,87120,87121,87122,87123,87124,87125,87126,87127,87128,87129,87130,87131,87132,87133,87134,87135,87137,87138,87139,87140,87141,87142,87143,87144,87145,87146,87147,87148,87149,87150,87151,87152,87153,87154,87155,87156,87157,87158,87159,87160,87161,87162,87163,87164,87165,87166,87167,87168,87169,87170,87172,87174,87176,87177,87178,87179,87180,87181,87182,87183,87185,87186,87187,87188,87189,87190,87191,87192,87193,87194,87195,87197,87198,87199,87200,87201,87202,87203,87204,87205,87206}","",2026-03-24 14:41:32.274366+01,gold_establishments_2025,,,,17330000500027,2025,Services de l'Etat,Région,"['Charente', 'Charente-Maritime', 'Corrèze', 'Creuse', 'Dordogne', 'Gironde', 'Landes', 'Lot-et-Garo",['Nouvelle-Aquitaine'],PREFECTURE,"{16,17,19,23,24,33,40,47,64,79,86,87}",{75}
6fd507f1-3799-4513-bf8c-1a0f84b2b30a,173100009,Préfecture Occitanie,false,"{09001,09002,09003,09004,09005,09006,09007,09008,09009,09011,09012,09013,09014,09015,09016,09017,09018,09019,09020,09021,09022,09023,09024,09025,09026,09027,09029,09030,09031,09032,09033,09034,09035,09037,09038,09039,09040,09041,09042,09043,09044,09045,09046,09047,09048,09049,09050,09051,09052,09053,09054,09055,09056,09057,09058,09059,09060,09061,09062,09063,09064,09065,09066,09067,09068,09069,09070,09071,09072,09073,09074,09075,09076,09077,09078,09079,09080,09081,09082,09083,09084,09085,09086,09087,09088,09089,09090,09091,09092,09093,09094,09095,09096,09097,09098,09099,09100,09101,09102,09103,09104,09105,09106,09107,09108,09109,09110,09111,09113,09114,09115,09116,09117,09118,09119,09120,09121,09122,09123,09124,09125,09126,09127,09128,09129,09130,09131,09132,09133,09134,09136,09137,09138,09139,09140,09141,09142,09143,09145,09146,09147,09148,09149,09150,09151,09152,09153,09154,09155,09156,09157,09158,09159,09160,09161,09162,09163,09164,09165,09166,09167,09168,09169,09170,09171,09172,09173,09174,09175,09176,09177,09178,09179,09180,09181,09182,09183,09184,09185,09186,09187,09188,09189,09190,09192,09193,09194,09195,09196,09197,09198,09199,09200,09201,09202,09203,09204,09205,09206,09207,09208,09209,09210,09211,09212,09213,09214,09215,09216,09217,09218,09219,09220,09221,09222,09223,09224,09225,09226,09227,09228,09229,09230,09231,09232,09233,09234,09235,09236,09237,09238,09239,09240,09241,09242,09243,09244,09245,09246,09247,09249,09250,09251,09252,09253,09254,09256,09257,09258,09259,09260,09261,09262,09263,09264,09265,09266,09267,09268,09269,09270,09271,09272,09273,09274,09275,09276,09277,09279,09280,09281,09282,09283,09284,09285,09289,09290,09291,09292,09293,09294,09295,09296,09297,09298,09299,09300,09301,09303,09304,09305,09306,09307,09308,09309,09310,09311,09312,09313,09314,09315,09316,09318,09319,09320,09321,09322,09323,09324,09325,09326,09327,09328,09329,09330,09331,09332,09334,09335,09336,09338,09339,09340,09341,09342,11001,11002,11003,11004,11005,11006,11007,11008,11009,11010,11011,11012,11013,11014,11015,11016,11017,11018,11019,11020,11021,11022,11023,11024,11025,11026,11027,11028,11029,11030,11031,11032,11033,11034,11035,11036,11037,11038,11039,11040,11041,11042,11043,11044,11045,11046,11047,11048,11049,11051,11052,11053,11054,11055,11056,11057,11058,11059,11060,11061,11062,11063,11064,11065,11066,11067,11068,11069,11070,11071,11072,11073,11074,11075,11076,11077,11078,11079,11080,11081,11082,11083,11084,11085,11086,11087,11088,11089,11090,11091,11092,11093,11094,11095,11096,11098,11099,11100,11101,11102,11103,11104,11105,11106,11107,11108,11109,11110,11111,11112,11113,11114,11115,11116,11117,11118,11119,11120,11121,11122,11123,11124,11125,11126,11127,11128,11129,11130,11131,11132,11133,11134,11135,11136,11137,11138,11139,11140,11141,11142,11143,11144,11145,11146,11147,11148,11149,11150,11151,11152,11153,11154,11155,11156,11157,11158,11159,11160,11161,11162,11163,11164,11165,11166,11167,11168,11169,11170,11172,11173,11174,11175,11176,11177,11178,11179,11180,11181,11182,11183,11184,11185,11186,11187,11188,11189,11190,11191,11192,11193,11194,11195,11196,11197,11198,11199,11200,11201,11202,11203,11204,11205,11206,11207,11208,11209,11210,11211,11212,11213,11214,11215,11216,11217,11218,11219,11220,11221,11222,11223,11224,11225,11226,11227,11228,11229,11230,11231,11232,11233,11234,11235,11236,11238,11239,11240,11241,11242,11243,11244,11245,11246,11247,11248,11249,11250,11251,11252,11253,11254,11255,11256,11257,11258,11259,11260,11261,11262,11263,11264,11265,11266,11267,11268,11269,11270,11271,11272,11273,11274,11275,11276,11277,11278,11279,11280,11281,11282,11283,11284,11285,11286,11287,11288,11289,11290,11291,11292,11293,11294,11295,11296,11297,11299,11300,11301,11302,11303,11304,11305,11306,11307,11308,11309,11310,11311,11312,11313,11314,11315,11316,11317,11318,11319,11320,11321,11322,11323,11324,11325,11326,11327,11328,11330,11331,11332,11333,11334,11335,11336,11337,11338,11339,11340,11341,11342,11343,11344,11345,11346,11347,11348,11350,11351,11352,11353,11354,11355,11356,11357,11358,11359,11360,11361,11362,11363,11364,11365,11366,11367,11368,11369,11370,11371,11372,11373,11374,11375,11376,11377,11378,11379,11380,11381,11382,11383,11384,11385,11386,11387,11388,11389,11390,11391,11392,11393,11394,11395,11396,11397,11398,11399,11400,11401,11402,11404,11405,11406,11407,11408,11409,11410,11411,11412,11413,11414,11415,11416,11417,11418,11419,11420,11421,11422,11423,11424,11425,11426,11427,11428,11429,11430,11431,11432,11433,11434,11435,11436,11437,11438,11439,11440,11441,12001,12002,12003,12004,12006,12007,12008,12009,12010,12011,12012,12013,12015,12016,12017,12018,12019,12021,12022,12023,12024,12025,12026,12027,12028,12029,12030,12031,12032,12033,12034,12035,12036,12037,12038,12039,12041,12042,12043,12044,12045,12046,12047,12048,12049,12050,12051,12052,12053,12054,12055,12056,12057,12058,12059,12060,12061,12062,12063,12064,12065,12066,12067,12068,12069,12070,12071,12072,12073,12074,12075,12077,12078,12079,12080,12082,12083,12084,12085,12086,12088,12089,12090,12091,12092,12093,12094,12095,12096,12097,12098,12099,12100,12101,12102,12103,12104,12105,12106,12107,12108,12109,12110,12111,12113,12115,12116,12118,12119,12120,12121,12122,12124,12125,12127,12128,12129,12130,12131,12133,12134,12135,12136,12137,12138,12139,12140,12141,12142,12143,12144,12145,12146,12147,12148,12149,12150,12151,12152,12153,12154,12155,12156,12157,12158,12159,12160,12161,12162,12163,12164,12165,12166,12167,12168,12169,12170,12171,12172,12174,12175,12176,12177,12178,12179,12180,12181,12182,12183,12184,12185,12186,12187,12188,12189,12190,12191,12192,12193,12194,12195,12197,12198,12199,12200,12201,12202,12203,12204,12205,12206,12207,12208,12209,12210,12211,12212,12213,12214,12215,12216,12217,12219,12220,12221,12222,12223,12224,12225,12226,12227,12228,12229,12230,12231,12232,12233,12234,12235,12236,12237,12238,12239,12240,12241,12242,12243,12244,12246,12247,12248,12249,12250,12251,12252,12253,12254,12255,12256,12257,12258,12259,12260,12261,12262,12263,12264,12265,12266,12267,12268,12269,12270,12272,12273,12274,12275,12276,12277,12278,12280,12281,12282,12283,12284,12286,12287,12288,12289,12290,12291,12292,12293,12294,12295,12296,12297,12298,12299,12300,12301,12303,12305,12307,30001,30002,30003,30004,30005,30006,30007,30008,30009,30010,30011,30012,30013,30014,30015,30016,30017,30018,30019,30020,30021,30022,30023,30024,30025,30026,30027,30028,30029,30030,30031,30032,30033,30034,30035,30036,30037,30038,30039,30040,30041,30042,30043,30044,30045,30046,30047,30048,30049,30050,30051,30052,30053,30054,30055,30056,30057,30058,30059,30060,30061,30062,30064,30065,30066,30067,30068,30069,30070,30071,30072,30073,30074,30075,30076,30077,30079,30080,30081,30082,30083,30084,30085,30086,30087,30088,30089,30090,30091,30092,30093,30095,30096,30097,30098,30099,30100,30101,30102,30103,30104,30105,30106,30107,30108,30109,30110,30111,30112,30113,30114,30115,30116,30117,30119,30120,30121,30122,30123,30124,30125,30126,30127,30128,30129,30130,30131,30132,30133,30134,30135,30136,30137,30138,30139,30140,30141,30142,30143,30144,30145,30146,30147,30148,30149,30150,30151,30152,30153,30154,30155,30156,30158,30159,30160,30161,30162,30163,30164,30165,30166,30167,30168,30169,30170,30171,30172,30173,30174,30175,30176,30177,30178,30179,30180,30181,30182,30183,30184,30185,30186,30187,30188,30189,30191,30192,30193,30194,30195,30196,30197,30198,30199,30200,30201,30202,30203,30204,30205,30206,30207,30208,30209,30210,30211,30212,30213,30214,30215,30216,30217,30218,30219,30220,30221,30222,30223,30224,30225,30226,30227,30228,30229,30230,30231,30232,30233,30234,30235,30236,30237,30238,30239,30240,30241,30242,30243,30244,30245,30246,30247,30248,30249,30250,30251,30252,30253,30254,30255,30256,30257,30258,30259,30260,30261,30262,30263,30264,30265,30266,30267,30268,30269,30270,30271,30272,30273,30274,30275,30276,30277,30278,30279,30280,30281,30282,30283,30284,30285,30286,30287,30288,30289,30290,30291,30292,30293,30294,30295,30296,30297,30298,30299,30300,30301,30302,30303,30304,30305,30306,30307,30308,30309,30310,30311,30312,30313,30314,30315,30316,30317,30318,30319,30320,30321,30322,30323,30324,30325,30326,30327,30328,30329,30330,30331,30332,30333,30334,30335,30336,30337,30338,30339,30340,30341,30342,30343,30344,30345,30346,30347,30348,30349,30350,30351,30352,30353,30354,30355,30356,31001,31002,31003,31004,31005,31006,31007,31008,31009,31010,31011,31012,31013,31014,31015,31017,31018,31019,31020,31021,31022,31023,31024,31025,31026,31027,31028,31029,31030,31031,31032,31033,31034,31035,31036,31037,31038,31039,31040,31041,31042,31043,31044,31045,31046,31047,31048,31049,31050,31051,31052,31053,31054,31055,31056,31057,31058,31059,31060,31061,31062,31063,31064,31065,31066,31067,31068,31069,31070,31071,31072,31073,31074,31075,31076,31077,31078,31079,31080,31081,31082,31083,31084,31085,31086,31087,31088,31089,31090,31091,31092,31093,31094,31095,31096,31097,31098,31099,31100,31101,31102,31103,31104,31105,31106,31107,31108,31109,31110,31111,31112,31113,31114,31115,31116,31117,31118,31119,31120,31121,31122,31123,31124,31125,31126,31127,31128,31129,31130,31131,31132,31133,31134,31135,31136,31137,31138,31139,31140,31141,31142,31143,31144,31145,31146,31147,31148,31149,31150,31151,31152,31153,31155,31156,31157,31158,31159,31160,31161,31162,31163,31164,31165,31166,31167,31168,31169,31170,31171,31172,31173,31174,31175,31176,31177,31178,31179,31180,31181,31182,31183,31184,31185,31186,31187,31188,31189,31190,31191,31192,31193,31194,31195,31196,31197,31198,31199,31200,31201,31202,31203,31204,31205,31206,31207,31208,31209,31210,31211,31212,31213,31215,31216,31217,31218,31219,31220,31221,31222,31223,31224,31225,31226,31227,31228,31229,31230,31231,31232,31233,31234,31235,31236,31237,31238,31239,31240,31241,31242,31243,31244,31245,31246,31247,31248,31249,31250,31251,31252,31253,31254,31255,31256,31258,31259,31260,31261,31262,31263,31264,31265,31266,31267,31268,31269,31270,31271,31272,31273,31274,31275,31276,31277,31278,31279,31280,31281,31282,31283,31284,31285,31286,31287,31288,31289,31290,31291,31292,31293,31294,31295,31296,31297,31299,31300,31301,31302,31303,31304,31305,31306,31308,31309,31310,31311,31312,31313,31314,31315,31316,31317,31318,31319,31320,31321,31322,31323,31324,31325,31326,31327,31328,31329,31330,31331,31332,31333,31334,31335,31336,31337,31338,31339,31340,31341,31342,31343,31344,31345,31346,31347,31348,31349,31350,31351,31352,31353,31354,31355,31356,31357,31358,31359,31360,31361,31362,31363,31364,31365,31366,31367,31368,31369,31370,31371,31372,31373,31374,31375,31376,31377,31378,31379,31380,31381,31382,31383,31384,31385,31386,31387,31388,31389,31390,31391,31392,31393,31394,31395,31396,31397,31398,31399,31400,31401,31402,31403,31404,31405,31406,31407,31408,31409,31410,31411,31412,31413,31414,31415,31416,31417,31418,31419,31420,31421,31422,31423,31424,31425,31426,31427,31428,31429,31430,31431,31432,31433,31434,31435,31436,31437,31439,31440,31441,31442,31443,31444,31445,31446,31447,31448,31449,31450,31451,31452,31453,31454,31455,31456,31457,31458,31459,31460,31461,31462,31463,31464,31465,31466,31467,31468,31469,31470,31471,31472,31473,31474,31475,31476,31477,31478,31479,31480,31481,31482,31483,31484,31485,31486,31487,31488,31489,31490,31491,31492,31493,31494,31495,31496,31497,31498,31499,31500,31501,31502,31503,31504,31505,31506,31507,31508,31509,31510,31511,31512,31513,31514,31515,31516,31517,31518,31519,31520,31521,31522,31523,31524,31525,31526,31527,31528,31529,31530,31531,31532,31533,31534,31535,31536,31537,31538,31539,31540,31541,31542,31543,31544,31545,31546,31547,31548,31549,31550,31551,31552,31553,31554,31555,31556,31557,31558,31559,31560,31561,31562,31563,31564,31565,31566,31567,31568,31569,31570,31571,31572,31573,31574,31575,31576,31577,31578,31579,31580,31581,31582,31583,31584,31585,31586,31587,31588,31589,31590,31591,31592,31593,32001,32002,32003,32004,32005,32007,32008,32009,32010,32012,32013,32014,32015,32016,32017,32018,32019,32020,32021,32022,32023,32024,32025,32026,32027,32028,32029,32030,32031,32032,32033,32034,32035,32036,32037,32038,32039,32040,32041,32042,32043,32044,32045,32046,32047,32048,32049,32050,32051,32052,32053,32054,32055,32056,32057,32058,32059,32060,32061,32062,32063,32064,32065,32066,32068,32069,32070,32071,32072,32073,32075,32076,32077,32078,32079,32080,32081,32082,32083,32084,32085,32086,32087,32088,32089,32090,32091,32092,32093,32094,32095,32096,32097,32098,32099,32100,32101,32102,32103,32104,32105,32106,32107,32108,32109,32110,32111,32112,32113,32114,32115,32116,32117,32118,32119,32120,32121,32122,32123,32124,32125,32126,32127,32128,32129,32130,32131,32132,32133,32134,32135,32136,32138,32139,32140,32141,32142,32143,32144,32145,32146,32147,32148,32149,32150,32151,32152,32153,32154,32155,32156,32157,32158,32159,32160,32161,32162,32163,32164,32165,32166,32167,32169,32170,32171,32172,32173,32174,32175,32176,32177,32178,32180,32181,32182,32183,32184,32185,32186,32187,32188,32189,32190,32191,32192,32193,32194,32195,32196,32197,32198,32199,32200,32201,32202,32203,32204,32205,32206,32207,32208,32209,32210,32211,32212,32213,32214,32215,32216,32217,32218,32219,32220,32221,32222,32223,32224,32225,32226,32227,32228,32229,32230,32231,32232,32233,32234,32235,32236,32237,32238,32239,32240,32241,32242,32243,32244,32245,32246,32247,32248,32249,32250,32251,32252,32253,32254,32255,32256,32257,32258,32261,32262,32263,32264,32265,32266,32267,32268,32269,32270,32271,32272,32273,32274,32275,32276,32277,32278,32279,32280,32281,32282,32283,32284,32285,32286,32287,32288,32289,32290,32291,32292,32293,32294,32295,32296,32297,32298,32299,32300,32301,32302,32303,32304,32305,32306,32307,32308,32309,32310,32311,32312,32313,32314,32315,32316,32317,32318,32319,32320,32321,32322,32323,32324,32325,32326,32327,32328,32329,32330,32331,32332,32333,32334,32335,32336,32337,32338,32339,32340,32341,32342,32343,32344,32345,32346,32347,32348,32349,32350,32351,32352,32353,32354,32355,32356,32357,32358,32359,32360,32361,32362,32363,32364,32365,32366,32367,32368,32369,32370,32371,32372,32373,32374,32375,32376,32377,32378,32379,32380,32381,32382,32383,32384,32385,32386,32387,32388,32389,32390,32391,32392,32393,32394,32395,32396,32397,32398,32399,32400,32401,32402,32403,32404,32405,32406,32407,32408,32409,32410,32411,32412,32414,32415,32416,32417,32418,32419,32420,32421,32422,32423,32424,32425,32426,32427,32428,32429,32430,32431,32432,32433,32434,32435,32436,32437,32438,32439,32440,32441,32442,32443,32444,32445,32446,32447,32448,32449,32450,32451,32452,32453,32454,32455,32456,32457,32458,32459,32460,32461,32462,32463,32464,32465,32466,32467,32468,34001,34002,34003,34004,34005,34006,34007,34008,34009,34010,34011,34012,34013,34014,34015,34016,34017,34018,34019,34020,34021,34022,34023,34024,34025,34026,34027,34028,34029,34030,34031,34032,34033,34034,34035,34036,34037,34038,34039,34040,34041,34042,34043,34044,34045,34046,34047,34048,34049,34050,34051,34052,34053,34054,34055,34056,34057,34058,34059,34060,34061,34062,34063,34064,34065,34066,34067,34068,34069,34070,34071,34072,34073,34074,34075,34076,34077,34078,34079,34080,34081,34082,34083,34084,34085,34086,34087,34088,34089,34090,34091,34092,34094,34095,34096,34097,34098,34099,34100,34101,34102,34103,34104,34105,34106,34107,34108,34109,34110,34111,34112,34113,34114,34115,34116,34117,34118,34119,34120,34121,34122,34123,34124,34125,34126,34127,34128,34129,34130,34131,34132,34133,34134,34135,34136,34137,34138,34139,34140,34141,34142,34143,34144,34145,34146,34147,34148,34149,34150,34151,34152,34153,34154,34155,34156,34157,34158,34159,34160,34161,34162,34163,34164,34165,34166,34167,34168,34169,34170,34171,34172,34173,34174,34175,34176,34177,34178,34179,34180,34181,34182,34183,34184,34185,34186,34187,34188,34189,34190,34191,34192,34193,34194,34195,34196,34197,34198,34199,34200,34201,34202,34203,34204,34205,34206,34207,34208,34209,34210,34211,34212,34213,34214,34215,34216,34217,34218,34219,34220,34221,34222,34223,34224,34225,34226,34227,34228,34229,34230,34231,34232,34233,34234,34235,34236,34237,34238,34239,34240,34241,34242,34243,34244,34245,34246,34247,34248,34249,34250,34251,34252,34253,34254,34255,34256,34257,34258,34259,34260,34261,34262,34263,34264,34265,34266,34267,34268,34269,34270,34271,34272,34273,34274,34276,34277,34278,34279,34280,34281,34282,34283,34284,34285,34286,34287,34288,34289,34290,34291,34292,34293,34294,34295,34296,34297,34298,34299,34300,34301,34302,34303,34304,34305,34306,34307,34308,34309,34310,34311,34312,34313,34314,34315,34316,34317,34318,34319,34320,34321,34322,34323,34324,34325,34326,34327,34328,34329,34331,34332,34333,34334,34335,34336,34337,34338,34339,34340,34341,34342,34343,34344,46001,46002,46003,46004,46005,46006,46007,46008,46009,46010,46011,46012,46013,46015,46016,46017,46018,46020,46021,46022,46023,46024,46026,46027,46028,46029,46030,46031,46032,46033,46034,46035,46036,46037,46038,46039,46040,46041,46042,46043,46044,46045,46046,46047,46049,46050,46051,46052,46053,46054,46055,46056,46057,46058,46059,46060,46061,46062,46063,46064,46065,46066,46068,46069,46070,46072,46073,46074,46075,46076,46078,46079,46080,46081,46082,46083,46084,46085,46086,46087,46088,46089,46090,46091,46092,46093,46094,46095,46096,46097,46098,46100,46101,46102,46103,46104,46105,46106,46107,46108,46109,46111,46112,46113,46114,46115,46116,46117,46118,46119,46120,46121,46122,46123,46124,46125,46126,46127,46128,46129,46130,46131,46132,46133,46134,46135,46136,46137,46138,46139,46140,46142,46143,46144,46145,46146,46147,46148,46149,46151,46152,46153,46154,46155,46156,46157,46159,46160,46161,46162,46163,46164,46165,46167,46168,46169,46170,46171,46172,46173,46174,46175,46176,46177,46178,46179,46180,46181,46182,46183,46184,46185,46186,46187,46188,46189,46190,46191,46192,46193,46194,46195,46196,46197,46198,46199,46200,46201,46202,46203,46204,46205,46206,46207,46208,46209,46210,46211,46212,46213,46214,46215,46216,46218,46219,46220,46221,46222,46223,46224,46225,46226,46227,46228,46229,46230,46231,46232,46233,46234,46235,46236,46237,46238,46239,46240,46241,46242,46243,46244,46245,46246,46247,46249,46250,46251,46252,46253,46254,46255,46256,46257,46258,46259,46260,46262,46263,46264,46265,46266,46267,46268,46269,46270,46271,46272,46273,46276,46277,46279,46280,46281,46282,46283,46284,46286,46288,46289,46290,46292,46293,46294,46295,46296,46297,46299,46301,46302,46303,46304,46305,46306,46307,46308,46309,46310,46311,46312,46313,46314,46315,46316,46317,46318,46319,46320,46321,46322,46323,46324,46328,46329,46330,46332,46333,46334,46335,46336,46337,46338,46339,46340,48001,48002,48003,48004,48005,48007,48008,48009,48010,48012,48013,48015,48016,48017,48018,48019,48020,48021,48025,48026,48027,48028,48029,48030,48031,48032,48034,48036,48037,48038,48039,48041,48042,48043,48044,48045,48046,48048,48050,48051,48053,48054,48055,48056,48058,48059,48061,48063,48064,48065,48067,48068,48069,48070,48071,48072,48073,48074,48075,48077,48079,48080,48081,48082,48083,48085,48086,48087,48088,48089,48090,48091,48092,48094,48095,48096,48097,48098,48099,48100,48103,48104,48105,48106,48107,48108,48110,48111,48112,48115,48116,48117,48119,48121,48123,48124,48126,48127,48128,48129,48130,48131,48132,48135,48136,48137,48138,48139,48140,48141,48144,48145,48146,48147,48148,48149,48150,48151,48152,48153,48155,48156,48157,48158,48160,48161,48163,48165,48166,48167,48168,48169,48170,48171,48173,48174,48175,48176,48177,48178,48179,48181,48182,48185,48187,48188,48190,48191,48192,48193,48194,48198,65001,65002,65003,65004,65005,65006,65007,65009,65010,65011,65012,65013,65014,65015,65016,65017,65018,65019,65020,65021,65022,65023,65024,65025,65026,65028,65029,65031,65032,65033,65034,65035,65036,65037,65038,65039,65040,65041,65042,65043,65044,65045,65046,65047,65048,65049,65050,65051,65052,65053,65054,65055,65056,65057,65058,65059,65060,65061,65062,65063,65064,65065,65066,65067,65068,65069,65070,65071,65072,65073,65074,65075,65076,65077,65078,65079,65080,65081,65082,65083,65084,65085,65086,65087,65088,65089,65090,65091,65092,65093,65094,65095,65096,65097,65098,65099,65100,65101,65102,65103,65104,65105,65106,65107,65108,65109,65110,65111,65112,65113,65114,65115,65116,65117,65118,65119,65120,65121,65123,65124,65125,65126,65127,65128,65129,65130,65131,65132,65133,65134,65135,65136,65137,65138,65139,65140,65141,65142,65143,65144,65145,65146,65147,65148,65149,65150,65151,65153,65154,65155,65156,65157,65158,65159,65160,65161,65162,65163,65164,65165,65166,65167,65168,65169,65170,65171,65172,65173,65174,65175,65176,65177,65178,65179,65180,65181,65182,65183,65184,65185,65186,65187,65189,65190,65191,65192,65193,65194,65195,65196,65197,65198,65199,65200,65201,65202,65203,65204,65205,65206,65207,65208,65209,65210,65211,65212,65213,65214,65215,65216,65217,65218,65219,65220,65221,65222,65223,65224,65225,65226,65228,65229,65230,65231,65232,65233,65234,65235,65236,65237,65238,65239,65240,65241,65242,65243,65244,65245,65247,65248,65249,65250,65251,65252,65253,65254,65255,65256,65257,65258,65259,65260,65261,65262,65263,65264,65265,65266,65267,65268,65269,65270,65271,65272,65273,65274,65275,65276,65277,65278,65279,65280,65281,65282,65283,65284,65285,65286,65287,65288,65289,65290,65291,65292,65293,65294,65295,65296,65297,65298,65299,65300,65301,65303,65304,65305,65306,65307,65308,65309,65310,65311,65313,65314,65315,65316,65317,65318,65319,65320,65321,65322,65323,65324,65325,65326,65327,65328,65329,65330,65331,65332,65333,65334,65335,65336,65337,65338,65339,65340,65341,65342,65343,65344,65345,65346,65347,65348,65349,65350,65351,65352,65353,65354,65355,65356,65357,65358,65359,65360,65361,65362,65363,65364,65366,65367,65368,65369,65370,65371,65372,65373,65374,65375,65376,65377,65378,65379,65380,65381,65382,65383,65384,65385,65386,65387,65388,65389,65390,65391,65392,65393,65394,65395,65396,65397,65398,65399,65400,65401,65402,65403,65404,65405,65406,65407,65408,65409,65410,65411,65412,65413,65414,65415,65416,65417,65418,65419,65420,65421,65422,65423,65424,65425,65426,65427,65428,65429,65430,65431,65432,65433,65435,65436,65437,65438,65439,65440,65441,65442,65443,65444,65445,65446,65447,65448,65449,65450,65451,65452,65453,65454,65455,65456,65457,65458,65459,65460,65461,65462,65463,65464,65465,65466,65467,65468,65469,65470,65471,65472,65473,65474,65475,65476,65477,65478,65479,65481,65482,66001,66002,66003,66004,66005,66006,66007,66008,66009,66010,66011,66012,66013,66014,66015,66016,66017,66018,66019,66020,66021,66022,66023,66024,66025,66026,66027,66028,66029,66030,66032,66033,66034,66035,66036,66037,66038,66039,66040,66041,66042,66043,66044,66045,66046,66047,66048,66049,66050,66051,66052,66053,66054,66055,66056,66057,66058,66059,66060,66061,66062,66063,66064,66065,66066,66067,66068,66069,66070,66071,66072,66073,66074,66075,66076,66077,66078,66079,66080,66081,66082,66083,66084,66085,66086,66088,66089,66090,66091,66092,66093,66094,66095,66096,66097,66098,66099,66100,66101,66102,66103,66104,66105,66106,66107,66108,66109,66111,66112,66113,66114,66115,66116,66117,66118,66119,66120,66121,66122,66123,66124,66125,66126,66127,66128,66129,66130,66132,66133,66134,66136,66137,66138,66139,66140,66141,66142,66143,66144,66145,66146,66147,66148,66149,66150,66151,66152,66153,66154,66155,66156,66157,66158,66159,66160,66161,66162,66164,66165,66166,66167,66168,66169,66170,66171,66172,66173,66174,66175,66176,66177,66178,66179,66180,66181,66182,66183,66184,66185,66186,66187,66188,66189,66190,66191,66192,66193,66194,66195,66196,66197,66198,66199,66201,66202,66203,66204,66205,66206,66207,66208,66209,66210,66211,66212,66213,66214,66215,66216,66217,66218,66219,66220,66221,66222,66223,66224,66225,66226,66227,66228,66230,66231,66232,66233,66234,81001,81002,81003,81004,81005,81006,81007,81008,81009,81010,81011,81012,81013,81014,81015,81016,81017,81018,81019,81020,81021,81022,81023,81024,81025,81026,81027,81028,81029,81030,81031,81032,81033,81034,81035,81036,81037,81038,81039,81040,81041,81042,81043,81044,81045,81046,81047,81048,81049,81050,81051,81052,81053,81054,81055,81056,81058,81059,81060,81061,81062,81063,81064,81065,81066,81067,81068,81069,81070,81071,81072,81073,81074,81075,81076,81077,81078,81079,81080,81081,81082,81083,81084,81085,81086,81087,81088,81089,81090,81092,81093,81094,81095,81096,81097,81098,81099,81100,81101,81102,81103,81104,81105,81106,81108,81109,81110,81111,81112,81114,81115,81116,81117,81118,81119,81120,81121,81122,81123,81124,81125,81126,81127,81128,81129,81130,81131,81132,81133,81134,81135,81136,81137,81138,81139,81140,81141,81142,81143,81144,81145,81146,81147,81148,81149,81150,81151,81152,81154,81156,81157,81158,81159,81160,81161,81162,81163,81164,81165,81166,81167,81168,81169,81170,81171,81172,81173,81174,81175,81176,81177,81178,81179,81180,81181,81182,81183,81184,81185,81186,81187,81188,81189,81190,81191,81192,81193,81195,81196,81197,81198,81199,81200,81201,81202,81203,81204,81205,81206,81207,81208,81209,81210,81211,81212,81213,81214,81215,81216,81217,81218,81219,81220,81221,81222,81223,81224,81225,81227,81228,81229,81230,81231,81232,81233,81234,81235,81236,81237,81238,81239,81240,81242,81243,81244,81245,81246,81247,81248,81249,81250,81251,81252,81253,81254,81255,81256,81257,81258,81259,81261,81262,81263,81264,81265,81266,81267,81268,81269,81270,81271,81272,81273,81274,81275,81276,81277,81278,81279,81280,81281,81282,81283,81284,81285,81286,81287,81288,81289,81290,81291,81292,81293,81294,81295,81297,81298,81299,81300,81302,81303,81304,81305,81306,81307,81308,81309,81310,81311,81312,81313,81314,81315,81316,81317,81318,81319,81320,81321,81322,81323,81324,81325,81326,82001,82002,82003,82004,82005,82006,82007,82008,82009,82010,82011,82012,82013,82014,82015,82016,82017,82018,82019,82020,82021,82022,82023,82024,82025,82026,82027,82028,82029,82030,82031,82032,82033,82034,82035,82036,82037,82038,82039,82040,82041,82042,82043,82044,82045,82046,82047,82048,82049,82050,82051,82052,82053,82054,82055,82056,82057,82058,82059,82060,82061,82062,82063,82064,82065,82066,82067,82068,82069,82070,82071,82072,82073,82074,82075,82076,82077,82078,82079,82080,82081,82082,82083,82084,82085,82086,82087,82088,82089,82090,82091,82092,82093,82094,82095,82096,82097,82098,82099,82100,82101,82102,82103,82104,82105,82106,82107,82108,82109,82110,82111,82112,82113,82114,82115,82116,82117,82118,82119,82120,82121,82122,82123,82124,82125,82126,82127,82128,82129,82130,82131,82132,82133,82134,82135,82136,82137,82138,82139,82140,82141,82142,82143,82144,82145,82146,82147,82148,82149,82150,82151,82152,82153,82154,82155,82156,82157,82158,82159,82160,82161,82162,82163,82164,82165,82166,82167,82168,82169,82170,82171,82172,82173,82174,82175,82176,82177,82178,82179,82180,82181,82182,82183,82184,82185,82186,82187,82188,82189,82190,82191,82192,82193,82194,82195}","",2026-03-24 14:41:32.274366+01,gold_establishments_2025,,,,17310000900013,2025,Services de l'Etat,Région,"['Ariège', 'Aude', 'Aveyron', 'Gard', 'Haute-Garonne', 'Gers', 'Hérault', 'Lot', 'Lozère', 'Hautes-P",['Occitanie'],PREFECTURE,"{09,11,12,30,31,32,34,46,48,65,66,81,82}",{76}
70966104-5e2c-48a4-b8a4-73814fc2afe8,176000016,Préfecture Oise,false,"{60001,60002,60003,60004,60005,60006,60007,60008,60009,60010,60011,60012,60013,60014,60015,60016,60017,60019,60020,60021,60022,60023,60024,60025,60026,60027,60028,60029,60030,60031,60032,60033,60034,60035,60036,60037,60039,60040,60041,60042,60043,60044,60045,60046,60047,60048,60049,60050,60051,60052,60053,60054,60055,60056,60057,60058,60059,60060,60061,60062,60063,60064,60065,60066,60067,60068,60069,60070,60071,60072,60073,60074,60075,60076,60077,60078,60079,60081,60082,60083,60084,60085,60086,60087,60088,60089,60090,60091,60092,60093,60094,60095,60097,60098,60099,60100,60101,60102,60103,60104,60105,60106,60107,60108,60109,60110,60111,60112,60113,60114,60115,60116,60117,60118,60119,60120,60121,60122,60123,60124,60125,60126,60127,60128,60129,60130,60131,60132,60133,60134,60135,60136,60137,60138,60139,60140,60141,60142,60143,60144,60145,60146,60147,60148,60149,60150,60151,60152,60153,60154,60155,60156,60157,60158,60159,60160,60161,60162,60163,60164,60165,60166,60167,60168,60169,60170,60171,60172,60173,60174,60175,60176,60177,60178,60179,60180,60181,60182,60183,60184,60185,60186,60187,60188,60189,60190,60191,60192,60193,60194,60195,60196,60197,60198,60199,60200,60201,60203,60204,60205,60206,60207,60208,60209,60210,60211,60212,60213,60214,60215,60216,60217,60218,60219,60220,60221,60222,60223,60224,60225,60226,60227,60228,60229,60230,60231,60232,60233,60234,60235,60236,60237,60238,60239,60240,60241,60242,60243,60244,60245,60247,60248,60249,60250,60251,60252,60253,60254,60255,60256,60257,60258,60259,60260,60261,60262,60263,60264,60265,60267,60268,60269,60270,60271,60272,60273,60274,60275,60276,60277,60278,60279,60280,60281,60282,60283,60284,60285,60286,60287,60288,60289,60290,60291,60292,60293,60294,60295,60296,60297,60298,60299,60301,60302,60303,60304,60305,60306,60307,60308,60309,60310,60311,60312,60313,60314,60315,60316,60317,60318,60319,60320,60321,60322,60323,60324,60325,60326,60327,60328,60329,60330,60331,60332,60333,60334,60335,60336,60337,60338,60339,60340,60341,60342,60343,60344,60345,60346,60347,60348,60350,60351,60352,60353,60354,60355,60356,60357,60358,60359,60360,60361,60362,60363,60364,60365,60366,60367,60368,60369,60370,60371,60372,60373,60374,60375,60376,60377,60378,60379,60380,60381,60382,60383,60385,60386,60387,60388,60389,60390,60391,60392,60393,60394,60395,60396,60397,60398,60399,60400,60401,60402,60403,60404,60405,60406,60407,60408,60409,60410,60411,60412,60413,60414,60415,60416,60418,60420,60421,60422,60423,60424,60425,60426,60427,60428,60429,60430,60431,60432,60433,60434,60435,60436,60437,60438,60439,60440,60441,60442,60443,60444,60445,60446,60447,60448,60449,60450,60451,60452,60454,60456,60457,60458,60459,60460,60461,60462,60463,60464,60465,60466,60468,60469,60470,60471,60472,60473,60474,60476,60477,60478,60479,60480,60481,60482,60483,60484,60485,60486,60487,60488,60489,60490,60491,60492,60493,60494,60495,60496,60497,60498,60499,60500,60501,60502,60503,60504,60505,60506,60507,60508,60509,60510,60511,60512,60513,60514,60515,60516,60517,60518,60519,60520,60521,60522,60523,60524,60525,60526,60527,60528,60529,60530,60531,60533,60534,60535,60536,60537,60538,60539,60540,60541,60542,60543,60544,60545,60546,60547,60548,60549,60550,60551,60552,60553,60554,60555,60556,60557,60558,60559,60560,60561,60562,60563,60564,60565,60566,60567,60568,60569,60570,60571,60572,60573,60574,60575,60576,60577,60578,60579,60581,60582,60583,60584,60585,60586,60587,60588,60589,60590,60591,60592,60593,60594,60595,60596,60597,60598,60599,60600,60601,60602,60603,60604,60605,60608,60609,60610,60611,60612,60613,60614,60615,60616,60617,60618,60619,60620,60621,60622,60623,60624,60625,60626,60627,60628,60629,60630,60631,60632,60633,60634,60635,60636,60637,60638,60639,60640,60641,60642,60643,60644,60645,60646,60647,60648,60650,60651,60652,60653,60654,60655,60656,60657,60658,60659,60660,60661,60662,60663,60664,60665,60666,60667,60668,60669,60670,60671,60672,60673,60674,60675,60676,60677,60678,60679,60680,60681,60682,60683,60684,60685,60686,60687,60688,60689,60691,60692,60693,60695,60697,60698,60699,60700,60701,60702,60703}",SDED,2026-03-24 14:41:32.274366+01,gold_establishments_2025,,,,17600001600012,2025,Services de l'Etat,Département,['Oise'],['Hauts-de-France'],PREFECTURE,{60},{32}
24d565c4-8207-4d62-a8ce-852e71a80797,176100014,Préfecture Orne,false,"{61001,61002,61005,61006,61007,61008,61010,61011,61012,61013,61014,61015,61018,61020,61021,61023,61024,61026,61028,61029,61030,61032,61034,61035,61036,61037,61038,61039,61040,61041,61043,61044,61046,61048,61049,61050,61051,61052,61053,61054,61055,61056,61060,61061,61062,61063,61064,61066,61067,61068,61069,61070,61071,61072,61074,61075,61076,61077,61078,61079,61080,61081,61082,61084,61085,61086,61087,61088,61089,61091,61092,61093,61094,61095,61096,61097,61098,61099,61100,61101,61102,61103,61104,61105,61107,61108,61111,61113,61114,61116,61117,61118,61120,61121,61122,61123,61124,61126,61129,61130,61133,61137,61138,61139,61140,61141,61142,61143,61145,61146,61148,61149,61150,61151,61152,61153,61156,61158,61159,61160,61162,61163,61164,61165,61166,61167,61168,61169,61170,61171,61176,61178,61180,61181,61182,61183,61187,61189,61190,61193,61194,61195,61196,61197,61198,61199,61202,61203,61206,61207,61208,61209,61210,61211,61212,61213,61214,61215,61216,61217,61218,61219,61221,61222,61224,61225,61227,61228,61229,61230,61232,61233,61234,61237,61238,61240,61241,61242,61243,61244,61248,61251,61252,61255,61256,61257,61258,61259,61260,61261,61262,61263,61264,61265,61266,61267,61268,61269,61271,61272,61273,61274,61275,61276,61277,61278,61279,61281,61283,61284,61286,61287,61288,61289,61290,61291,61292,61293,61294,61295,61297,61298,61300,61301,61302,61303,61304,61307,61308,61309,61314,61316,61317,61319,61321,61322,61323,61324,61326,61327,61328,61329,61330,61331,61332,61333,61336,61339,61341,61342,61344,61345,61346,61347,61348,61349,61350,61351,61352,61357,61358,61360,61361,61362,61363,61365,61366,61367,61369,61370,61371,61372,61373,61374,61375,61376,61379,61381,61382,61384,61385,61386,61387,61388,61389,61390,61391,61392,61393,61394,61395,61396,61397,61398,61399,61400,61401,61402,61404,61405,61406,61407,61408,61411,61412,61413,61414,61415,61416,61418,61419,61420,61421,61422,61423,61424,61425,61426,61427,61429,61432,61433,61435,61436,61438,61439,61440,61442,61443,61444,61445,61446,61447,61448,61450,61451,61452,61453,61454,61456,61457,61459,61460,61461,61462,61463,61464,61466,61467,61472,61473,61474,61475,61476,61479,61480,61481,61482,61483,61484,61485,61486,61487,61488,61490,61491,61492,61493,61494,61497,61498,61499,61500,61501,61502,61503,61505,61507,61508,61510,61512}",SDED,2026-03-24 14:41:32.274366+01,gold_establishments_2025,,,,17610001400016,2025,Services de l'Etat,Département,['Orne'],['Normandie'],PREFECTURE,{61},{28}
89960c9f-23f6-436c-abbd-3524a2daf4b9,176200012,Préfecture Pas-de-Calais,false,"{62001,62002,62003,62004,62005,62006,62007,62008,62009,62010,62011,62012,62013,62014,62015,62016,62017,62018,62019,62020,62021,62022,62023,62024,62025,62026,62027,62028,62029,62030,62031,62032,62033,62034,62035,62036,62037,62038,62039,62040,62041,62042,62043,62044,62045,62046,62047,62048,62049,62050,62051,62052,62053,62054,62055,62056,62057,62058,62059,62060,62061,62062,62063,62064,62065,62066,62067,62068,62069,62070,62071,62072,62073,62074,62075,62076,62077,62078,62079,62080,62081,62082,62083,62084,62085,62086,62087,62088,62089,62090,62091,62092,62093,62094,62095,62096,62097,62099,62100,62101,62102,62103,62104,62105,62106,62107,62108,62109,62111,62112,62113,62114,62115,62116,62117,62118,62119,62120,62121,62122,62123,62124,62125,62126,62127,62128,62129,62130,62131,62132,62133,62134,62135,62137,62138,62139,62140,62141,62142,62143,62144,62145,62146,62147,62148,62149,62150,62151,62152,62153,62154,62155,62156,62157,62158,62160,62161,62162,62163,62164,62165,62166,62167,62168,62169,62170,62171,62172,62173,62174,62175,62176,62177,62178,62179,62180,62181,62182,62183,62184,62185,62186,62187,62188,62189,62190,62191,62192,62193,62194,62195,62196,62197,62198,62199,62200,62201,62202,62203,62204,62205,62206,62207,62208,62209,62211,62212,62213,62214,62215,62216,62217,62218,62219,62220,62221,62222,62223,62224,62225,62227,62228,62229,62230,62231,62232,62233,62234,62235,62236,62237,62238,62239,62240,62241,62242,62243,62244,62245,62246,62247,62248,62249,62250,62251,62252,62253,62254,62255,62256,62257,62258,62259,62260,62261,62262,62263,62264,62265,62266,62267,62268,62269,62270,62271,62272,62273,62274,62275,62276,62277,62278,62279,62280,62281,62282,62283,62284,62285,62286,62288,62289,62290,62291,62292,62293,62295,62296,62297,62298,62299,62300,62301,62302,62303,62304,62306,62307,62308,62309,62310,62311,62312,62313,62314,62315,62316,62317,62318,62319,62320,62321,62322,62323,62324,62325,62326,62327,62328,62329,62330,62331,62332,62333,62334,62335,62336,62337,62338,62339,62340,62341,62342,62343,62344,62345,62346,62347,62348,62349,62350,62351,62352,62353,62354,62355,62356,62357,62358,62359,62360,62361,62362,62363,62364,62365,62366,62367,62368,62369,62370,62371,62372,62373,62374,62375,62376,62377,62378,62379,62380,62381,62382,62383,62384,62385,62386,62387,62388,62389,62390,62391,62392,62393,62395,62396,62397,62398,62399,62400,62401,62402,62403,62404,62405,62406,62407,62408,62409,62410,62411,62412,62413,62414,62415,62416,62418,62419,62421,62422,62423,62424,62425,62426,62427,62428,62429,62430,62432,62433,62434,62435,62436,62437,62438,62439,62440,62441,62442,62443,62444,62445,62446,62447,62448,62449,62450,62451,62452,62453,62454,62455,62456,62457,62458,62459,62460,62462,62463,62464,62465,62466,62467,62468,62469,62470,62471,62472,62473,62474,62475,62476,62477,62478,62479,62480,62481,62483,62484,62485,62486,62487,62488,62489,62490,62491,62492,62493,62494,62495,62496,62497,62498,62499,62500,62501,62502,62503,62504,62505,62506,62507,62508,62509,62510,62511,62512,62513,62514,62515,62516,62517,62518,62519,62520,62521,62522,62523,62524,62525,62526,62527,62528,62529,62530,62531,62532,62533,62534,62535,62536,62537,62538,62539,62540,62541,62542,62543,62544,62545,62546,62547,62548,62550,62551,62552,62553,62554,62555,62556,62557,62558,62559,62560,62561,62562,62563,62564,62565,62566,62567,62568,62569,62570,62571,62572,62573,62574,62576,62577,62578,62579,62580,62581,62582,62583,62584,62585,62586,62587,62588,62589,62590,62591,62592,62593,62594,62595,62596,62597,62598,62599,62600,62601,62602,62603,62604,62605,62606,62607,62608,62609,62610,62611,62612,62613,62614,62615,62616,62617,62618,62619,62620,62621,62622,62623,62624,62625,62626,62627,62628,62629,62630,62631,62632,62633,62634,62635,62636,62637,62638,62639,62640,62641,62642,62643,62644,62645,62646,62647,62648,62649,62650,62651,62652,62653,62654,62655,62656,62657,62658,62659,62660,62661,62662,62663,62664,62665,62666,62667,62668,62669,62670,62671,62672,62673,62674,62675,62676,62677,62678,62679,62680,62681,62682,62683,62684,62685,62686,62688,62689,62690,62691,62692,62693,62694,62695,62696,62697,62698,62699,62700,62701,62702,62703,62704,62705,62706,62708,62709,62710,62711,62712,62713,62714,62715,62716,62717,62718,62719,62720,62721,62722,62723,62724,62725,62726,62727,62728,62729,62730,62731,62732,62733,62734,62735,62736,62737,62738,62739,62740,62741,62742,62744,62745,62746,62747,62748,62749,62750,62751,62752,62753,62754,62755,62756,62757,62758,62759,62760,62761,62762,62763,62764,62765,62766,62767,62768,62769,62770,62771,62772,62773,62774,62775,62776,62777,62778,62779,62780,62781,62782,62783,62784,62785,62786,62787,62788,62789,62790,62791,62792,62793,62794,62795,62796,62797,62798,62799,62800,62801,62802,62803,62804,62805,62806,62808,62809,62810,62811,62812,62813,62814,62815,62816,62817,62818,62819,62820,62821,62822,62823,62824,62825,62826,62827,62828,62829,62830,62831,62832,62833,62834,62835,62836,62837,62838,62839,62840,62841,62842,62843,62844,62845,62846,62847,62848,62849,62850,62851,62852,62853,62854,62855,62856,62857,62858,62859,62860,62861,62862,62863,62864,62865,62866,62867,62868,62869,62870,62871,62872,62873,62874,62875,62876,62877,62878,62879,62880,62881,62882,62883,62885,62886,62887,62888,62889,62890,62891,62892,62893,62894,62895,62896,62897,62898,62899,62900,62901,62902,62903,62904,62905,62906,62907,62908,62909}",SDED,2026-03-24 14:41:32.274366+01,gold_establishments_2025,,,,17620001200019,2025,Services de l'Etat,Département,['Pas-de-Calais'],['Hauts-de-France'],PREFECTURE,{62},{32}
9aeebc04-2d70-4213-bffc-86add54dffb7,174400002,Préfecture Pays de la Loire,false,"{44001,44002,44003,44005,44006,44007,44009,44010,44012,44013,44014,44015,44016,44018,44019,44020,44021,44022,44023,44024,44025,44026,44027,44028,44029,44030,44031,44032,44033,44035,44036,44037,44038,44039,44041,44043,44044,44045,44046,44047,44048,44049,44050,44051,44052,44053,44054,44055,44056,44057,44058,44061,44062,44063,44064,44065,44066,44067,44068,44069,44070,44071,44072,44073,44074,44075,44076,44077,44078,44079,44080,44081,44082,44083,44084,44085,44086,44087,44088,44089,44090,44091,44092,44094,44095,44096,44097,44098,44099,44100,44101,44102,44103,44104,44105,44106,44107,44108,44109,44110,44111,44112,44113,44114,44115,44116,44117,44118,44119,44120,44121,44122,44123,44124,44125,44126,44127,44128,44129,44130,44131,44132,44133,44134,44135,44136,44137,44138,44139,44140,44141,44142,44143,44144,44145,44146,44148,44149,44150,44151,44152,44153,44154,44155,44156,44157,44158,44159,44161,44162,44163,44164,44165,44166,44168,44169,44170,44171,44172,44173,44174,44175,44176,44178,44179,44180,44182,44183,44184,44185,44186,44187,44188,44189,44190,44192,44193,44194,44195,44196,44197,44198,44199,44200,44201,44202,44203,44204,44205,44206,44207,44208,44209,44210,44211,44212,44213,44214,44215,44216,44217,44218,44220,44221,44222,44223,44224,49002,49003,49007,49008,49009,49010,49011,49012,49015,49017,49018,49020,49021,49022,49023,49026,49027,49028,49029,49030,49035,49036,49038,49041,49045,49048,49050,49053,49054,49055,49056,49057,49058,49060,49061,49063,49064,49067,49068,49070,49076,49080,49082,49086,49089,49090,49092,49099,49100,49102,49107,49109,49110,49112,49113,49114,49120,49121,49123,49125,49127,49129,49130,49131,49132,49135,49138,49140,49155,49160,49161,49163,49167,49170,49171,49174,49176,49178,49180,49182,49183,49188,49192,49193,49194,49195,49200,49201,49205,49209,49211,49214,49215,49216,49217,49218,49219,49220,49221,49222,49223,49224,49228,49231,49235,49236,49237,49240,49241,49244,49246,49247,49248,49253,49257,49259,49260,49261,49262,49266,49267,49269,49271,49272,49278,49283,49284,49288,49291,49292,49294,49298,49299,49301,49302,49306,49307,49308,49310,49311,49323,49326,49328,49329,49330,49331,49332,49333,49334,49336,49338,49339,49341,49343,49344,49345,49347,49352,49353,49355,49358,49359,49361,49362,49364,49367,49368,49369,49370,49371,49373,49374,49377,49378,49381,53001,53002,53003,53005,53007,53008,53009,53010,53011,53012,53013,53015,53016,53017,53018,53019,53021,53022,53023,53025,53026,53027,53028,53029,53030,53031,53033,53034,53035,53036,53037,53038,53039,53040,53041,53042,53043,53045,53046,53047,53048,53049,53051,53052,53053,53054,53055,53056,53057,53058,53059,53061,53062,53063,53064,53066,53067,53068,53069,53071,53072,53073,53074,53075,53076,53077,53078,53079,53080,53082,53083,53084,53085,53086,53087,53088,53089,53090,53091,53093,53094,53096,53097,53098,53099,53100,53101,53102,53103,53104,53105,53106,53107,53108,53109,53110,53111,53112,53113,53114,53115,53116,53117,53118,53119,53120,53121,53122,53123,53124,53125,53126,53127,53128,53129,53130,53131,53132,53133,53134,53135,53136,53137,53139,53140,53141,53142,53143,53144,53145,53146,53147,53148,53150,53151,53152,53153,53154,53155,53156,53157,53158,53160,53161,53162,53163,53164,53165,53168,53169,53170,53172,53173,53174,53175,53176,53177,53178,53179,53180,53181,53182,53184,53185,53186,53187,53188,53189,53190,53191,53192,53193,53195,53196,53197,53198,53199,53200,53201,53202,53203,53204,53206,53208,53209,53210,53211,53212,53213,53214,53216,53218,53219,53220,53221,53222,53223,53224,53225,53226,53228,53229,53230,53232,53233,53234,53235,53236,53237,53238,53240,53242,53243,53245,53246,53247,53248,53249,53250,53251,53253,53255,53256,53257,53258,53259,53260,53261,53262,53263,53264,53265,53266,53267,53269,53270,53271,53272,53273,53276,72001,72002,72003,72004,72005,72006,72007,72008,72009,72010,72011,72012,72013,72015,72016,72017,72018,72019,72020,72021,72022,72023,72024,72025,72026,72027,72028,72029,72031,72032,72034,72035,72036,72037,72038,72039,72040,72041,72042,72043,72044,72045,72046,72047,72048,72049,72050,72051,72052,72053,72054,72056,72057,72058,72059,72060,72061,72062,72064,72065,72066,72067,72068,72070,72071,72072,72073,72074,72075,72076,72077,72078,72079,72080,72083,72084,72085,72086,72087,72088,72089,72090,72091,72093,72094,72095,72096,72098,72099,72100,72101,72102,72103,72104,72105,72106,72107,72109,72110,72111,72112,72113,72114,72115,72118,72119,72120,72121,72122,72123,72124,72125,72126,72127,72128,72129,72130,72131,72132,72133,72134,72135,72136,72137,72138,72139,72141,72142,72143,72144,72145,72146,72147,72148,72149,72150,72151,72152,72153,72154,72155,72156,72157,72158,72160,72161,72163,72164,72165,72166,72167,72168,72169,72170,72171,72172,72173,72174,72175,72176,72177,72178,72179,72180,72181,72182,72183,72184,72185,72186,72187,72188,72189,72190,72191,72192,72193,72194,72195,72196,72197,72198,72199,72200,72201,72202,72204,72205,72208,72209,72210,72211,72212,72213,72214,72215,72216,72217,72218,72219,72220,72221,72222,72223,72224,72225,72226,72227,72228,72229,72230,72231,72232,72233,72234,72235,72236,72237,72238,72239,72241,72243,72244,72245,72246,72247,72248,72249,72250,72251,72252,72253,72254,72255,72256,72257,72259,72260,72261,72262,72264,72265,72266,72267,72268,72269,72270,72271,72272,72273,72274,72275,72276,72277,72278,72279,72280,72281,72282,72283,72286,72289,72290,72291,72292,72293,72294,72295,72296,72297,72299,72300,72302,72303,72305,72306,72307,72308,72309,72310,72311,72312,72313,72314,72315,72316,72317,72319,72320,72321,72322,72323,72324,72325,72326,72327,72328,72329,72330,72331,72332,72333,72334,72335,72336,72337,72338,72339,72340,72341,72342,72343,72344,72345,72346,72347,72348,72349,72350,72351,72352,72353,72354,72355,72356,72357,72358,72359,72360,72361,72362,72363,72364,72366,72367,72368,72369,72370,72372,72373,72374,72375,72376,72377,72378,72379,72380,72381,72382,72383,72385,72386,85001,85002,85003,85004,85005,85006,85008,85009,85010,85011,85012,85013,85014,85015,85016,85017,85018,85019,85020,85022,85023,85024,85025,85026,85028,85029,85031,85033,85034,85035,85036,85038,85039,85040,85042,85045,85046,85047,85049,85050,85051,85054,85055,85056,85058,85059,85061,85062,85064,85065,85066,85067,85070,85071,85072,85073,85074,85076,85077,85078,85080,85081,85082,85083,85084,85086,85087,85088,85089,85090,85092,85093,85094,85095,85096,85097,85098,85099,85100,85101,85102,85103,85104,85105,85106,85108,85109,85110,85111,85112,85113,85114,85115,85116,85117,85118,85119,85120,85121,85123,85125,85126,85127,85128,85129,85130,85131,85132,85133,85134,85135,85136,85137,85138,85139,85140,85141,85142,85143,85144,85145,85146,85147,85148,85149,85151,85152,85153,85154,85155,85156,85157,85158,85159,85160,85161,85162,85163,85164,85167,85169,85171,85172,85174,85175,85176,85177,85178,85179,85181,85182,85184,85185,85186,85187,85188,85189,85190,85191,85192,85193,85194,85196,85197,85198,85199,85200,85201,85202,85204,85205,85206,85207,85208,85209,85210,85211,85213,85214,85215,85216,85218,85220,85221,85222,85223,85226,85227,85229,85231,85232,85234,85235,85236,85237,85238,85239,85240,85242,85243,85244,85245,85246,85247,85248,85250,85251,85252,85254,85255,85256,85259,85260,85261,85262,85264,85265,85266,85267,85268,85269,85273,85274,85276,85277,85278,85280,85281,85282,85284,85285,85286,85287,85288,85289,85290,85291,85292,85293,85294,85295,85296,85297,85298,85300,85301,85302,85303,85304,85305,85306}","",2026-03-24 14:41:32.274366+01,gold_establishments_2025,,,,17440000200039,2025,Services de l'Etat,Région,"['Loire-Atlantique', 'Maine-et-Loire', 'Mayenne', 'Sarthe', 'Vendée']",['Pays de la Loire'],PREFECTURE,"{44,49,53,72,85}",{52}
c9af3d55-de95-4ac0-8c97-d86225aa08d3,171300007,Préfecture Provence-Alpes-Côte dAzur,false,"{04001,04004,04005,04006,04007,04008,04009,04012,04013,04016,04017,04018,04019,04020,04021,04022,04023,04024,04025,04026,04027,04028,04030,04031,04032,04033,04034,04035,04036,04037,04039,04040,04041,04042,04043,04045,04046,04047,04049,04050,04051,04053,04054,04055,04057,04058,04059,04061,04062,04063,04065,04066,04067,04068,04069,04070,04072,04073,04074,04075,04076,04077,04079,04081,04084,04085,04086,04087,04088,04090,04091,04092,04093,04094,04095,04096,04097,04099,04101,04102,04104,04106,04107,04108,04109,04110,04111,04112,04113,04115,04116,04118,04120,04121,04122,04123,04124,04126,04127,04128,04129,04130,04132,04133,04134,04135,04136,04137,04138,04139,04140,04141,04142,04143,04144,04145,04148,04149,04150,04151,04152,04154,04155,04156,04157,04158,04159,04160,04161,04162,04163,04164,04166,04167,04169,04170,04171,04172,04173,04174,04175,04176,04177,04178,04179,04180,04181,04182,04183,04184,04186,04187,04188,04189,04190,04191,04192,04193,04194,04195,04197,04199,04200,04201,04202,04203,04204,04205,04206,04207,04208,04209,04210,04211,04214,04216,04217,04218,04219,04220,04222,04224,04226,04227,04228,04229,04230,04231,04233,04234,04235,04236,04237,04240,04241,04242,04244,04245,05001,05003,05004,05006,05007,05008,05009,05010,05011,05012,05013,05014,05016,05017,05018,05019,05021,05022,05023,05024,05025,05026,05027,05028,05029,05031,05032,05033,05035,05036,05037,05038,05039,05040,05044,05045,05046,05047,05048,05049,05050,05051,05052,05053,05054,05055,05056,05057,05058,05059,05060,05061,05062,05063,05064,05065,05066,05068,05070,05071,05072,05073,05074,05075,05076,05077,05078,05079,05080,05081,05082,05084,05085,05086,05087,05089,05090,05091,05092,05093,05094,05095,05096,05097,05098,05099,05100,05101,05102,05103,05104,05106,05107,05108,05109,05110,05111,05112,05113,05114,05115,05116,05117,05118,05119,05121,05122,05123,05124,05126,05127,05128,05129,05130,05131,05132,05133,05134,05135,05136,05139,05140,05142,05144,05145,05146,05147,05148,05149,05151,05152,05153,05154,05155,05156,05157,05158,05159,05160,05161,05162,05163,05164,05165,05166,05167,05168,05169,05170,05171,05172,05173,05174,05176,05177,05178,05179,05180,05181,05182,05183,05184,06001,06002,06003,06004,06005,06006,06007,06008,06009,06010,06011,06012,06013,06014,06015,06016,06017,06018,06019,06020,06021,06022,06023,06024,06025,06026,06027,06028,06029,06030,06031,06032,06033,06034,06035,06036,06037,06038,06039,06040,06041,06042,06043,06044,06045,06046,06047,06048,06049,06050,06051,06052,06053,06054,06055,06056,06057,06058,06059,06060,06061,06062,06063,06064,06065,06066,06067,06068,06069,06070,06071,06072,06073,06074,06075,06076,06077,06078,06079,06080,06081,06082,06083,06084,06085,06086,06087,06088,06089,06090,06091,06092,06093,06094,06095,06096,06097,06098,06099,06100,06101,06102,06103,06104,06105,06106,06107,06108,06109,06110,06111,06112,06113,06114,06115,06116,06117,06118,06119,06120,06121,06122,06123,06124,06125,06126,06127,06128,06129,06130,06131,06132,06133,06134,06135,06136,06137,06138,06139,06140,06141,06142,06143,06144,06145,06146,06147,06148,06149,06150,06151,06152,06153,06154,06155,06156,06157,06158,06159,06160,06161,06162,06163,13001,13002,13003,13004,13005,13006,13007,13008,13009,13010,13011,13012,13013,13014,13015,13016,13017,13018,13019,13020,13021,13022,13023,13024,13025,13026,13027,13028,13029,13030,13031,13032,13033,13034,13035,13036,13037,13038,13039,13040,13041,13042,13043,13044,13045,13046,13047,13048,13049,13050,13051,13052,13053,13054,13055,13056,13057,13058,13059,13060,13061,13062,13063,13064,13065,13066,13067,13068,13069,13070,13071,13072,13073,13074,13075,13076,13077,13078,13079,13080,13081,13082,13083,13084,13085,13086,13087,13088,13089,13090,13091,13092,13093,13094,13095,13096,13097,13098,13099,13100,13101,13102,13103,13104,13105,13106,13107,13108,13109,13110,13111,13112,13113,13114,13115,13116,13117,13118,13119,13201,13202,13203,13204,13205,13206,13207,13208,13209,13210,13211,13212,13213,13214,13215,13216,83001,83002,83003,83004,83005,83006,83007,83008,83009,83010,83011,83012,83013,83014,83015,83016,83017,83018,83019,83020,83021,83022,83023,83025,83026,83027,83028,83029,83030,83031,83032,83033,83034,83035,83036,83037,83038,83039,83040,83041,83042,83043,83044,83045,83046,83047,83048,83049,83050,83051,83052,83053,83054,83055,83056,83057,83058,83059,83060,83061,83062,83063,83064,83065,83066,83067,83068,83069,83070,83071,83072,83073,83074,83075,83076,83077,83078,83079,83080,83081,83082,83083,83084,83085,83086,83087,83088,83089,83090,83091,83092,83093,83094,83095,83096,83097,83098,83099,83100,83101,83102,83103,83104,83105,83106,83107,83108,83109,83110,83111,83112,83113,83114,83115,83116,83117,83118,83119,83120,83121,83122,83123,83124,83125,83126,83127,83128,83129,83130,83131,83132,83133,83134,83135,83136,83137,83138,83139,83140,83141,83142,83143,83144,83145,83146,83147,83148,83149,83150,83151,83152,83153,83154,84001,84002,84003,84004,84005,84006,84007,84008,84009,84010,84011,84012,84013,84014,84015,84016,84017,84018,84019,84020,84021,84022,84023,84024,84025,84026,84027,84028,84029,84030,84031,84032,84033,84034,84035,84036,84037,84038,84039,84040,84041,84042,84043,84044,84045,84046,84047,84048,84049,84050,84051,84052,84053,84054,84055,84056,84057,84058,84059,84060,84061,84062,84063,84064,84065,84066,84067,84068,84069,84070,84071,84072,84073,84074,84075,84076,84077,84078,84079,84080,84081,84082,84083,84084,84085,84086,84087,84088,84089,84090,84091,84092,84093,84094,84095,84096,84097,84098,84099,84100,84101,84102,84103,84104,84105,84106,84107,84108,84109,84110,84111,84112,84113,84114,84115,84116,84117,84118,84119,84120,84121,84122,84123,84124,84125,84126,84127,84128,84129,84130,84131,84132,84133,84134,84135,84136,84137,84138,84139,84140,84141,84142,84143,84144,84145,84146,84147,84148,84149,84150,84151}","",2026-03-24 14:41:32.274366+01,gold_establishments_2025,,,,17130000700019,2025,Services de l'Etat,Région,"['Alpes-de-Haute-Provence', 'Hautes-Alpes', 'Alpes-Maritimes', 'Bouches-du-Rhône', 'Var', 'Vaucluse'",['Provence-Alpes-Côte dAzur'],PREFECTURE,"{04,05,06,13,83,84}",{93}
ef1f2347-275d-4615-b05a-906f6bff27d7,176300010,Préfecture Puy-de-Dôme,false,"{63001,63002,63003,63004,63005,63006,63007,63008,63009,63010,63011,63012,63013,63014,63015,63016,63017,63019,63020,63021,63022,63023,63024,63025,63026,63027,63028,63029,63030,63031,63032,63033,63034,63035,63036,63037,63038,63039,63040,63041,63042,63043,63044,63045,63046,63047,63048,63049,63050,63051,63052,63053,63054,63055,63056,63057,63058,63059,63060,63061,63062,63063,63064,63065,63066,63067,63069,63070,63071,63072,63073,63074,63075,63076,63077,63079,63080,63081,63082,63083,63084,63085,63086,63087,63088,63089,63090,63091,63092,63093,63094,63095,63096,63097,63098,63099,63100,63101,63102,63103,63104,63105,63106,63107,63108,63109,63110,63111,63112,63113,63114,63115,63116,63117,63118,63119,63120,63121,63122,63123,63124,63125,63126,63128,63129,63130,63131,63132,63134,63135,63136,63137,63138,63139,63140,63141,63142,63143,63144,63145,63146,63147,63148,63149,63150,63151,63152,63153,63154,63155,63156,63157,63158,63159,63160,63161,63162,63163,63164,63165,63166,63167,63168,63169,63170,63171,63172,63173,63174,63175,63176,63177,63178,63179,63180,63181,63182,63183,63184,63185,63186,63187,63188,63189,63190,63191,63192,63193,63194,63195,63196,63197,63198,63199,63200,63201,63202,63203,63204,63205,63206,63207,63208,63209,63210,63211,63212,63213,63214,63215,63216,63218,63219,63220,63221,63222,63223,63224,63225,63226,63227,63228,63229,63230,63231,63232,63233,63234,63235,63236,63237,63238,63239,63240,63241,63242,63243,63244,63245,63246,63247,63248,63249,63250,63251,63252,63253,63254,63255,63256,63257,63258,63259,63260,63261,63262,63263,63264,63265,63267,63268,63269,63270,63271,63272,63273,63274,63275,63276,63277,63278,63279,63280,63281,63282,63283,63284,63285,63286,63287,63288,63289,63290,63291,63292,63293,63294,63295,63296,63297,63298,63299,63300,63301,63302,63303,63304,63305,63306,63307,63308,63309,63310,63311,63312,63313,63314,63315,63317,63318,63319,63320,63321,63322,63323,63324,63325,63326,63327,63328,63329,63331,63332,63333,63334,63335,63336,63337,63338,63339,63340,63341,63342,63343,63344,63345,63346,63347,63348,63349,63350,63351,63352,63353,63354,63355,63356,63357,63358,63359,63360,63362,63363,63364,63365,63366,63367,63368,63369,63370,63371,63372,63373,63374,63375,63376,63377,63378,63379,63380,63381,63382,63383,63384,63385,63386,63387,63388,63389,63390,63391,63392,63393,63394,63395,63396,63397,63398,63399,63400,63401,63402,63403,63404,63405,63406,63407,63408,63409,63410,63411,63412,63413,63414,63415,63416,63417,63418,63419,63420,63421,63422,63423,63424,63425,63426,63427,63428,63429,63430,63431,63432,63433,63434,63435,63436,63437,63438,63439,63440,63441,63442,63443,63444,63445,63446,63447,63448,63449,63450,63451,63452,63453,63454,63455,63456,63457,63458,63459,63460,63461,63462,63463,63464,63465,63466,63467,63468,63469,63470,63471,63472,63473}",SDED,2026-03-24 14:41:32.274366+01,gold_establishments_2025,,,,17630001000012,2025,Services de l'Etat,Département,['Puy-de-Dôme'],['Auvergne-Rhône-Alpes'],PREFECTURE,{63},{84}
be62f41c-1589-40d1-aaf2-d0e2833bc053,176400018,Préfecture Pyrénées-Atlantiques,false,"{64001,64002,64003,64004,64005,64006,64007,64008,64009,64010,64011,64012,64013,64014,64015,64016,64017,64018,64019,64021,64022,64023,64024,64025,64026,64027,64028,64029,64031,64032,64033,64034,64035,64036,64037,64038,64039,64040,64041,64042,64043,64044,64045,64046,64047,64048,64049,64050,64051,64052,64053,64054,64056,64057,64058,64059,64060,64061,64062,64063,64064,64065,64066,64067,64068,64069,64070,64071,64072,64073,64074,64075,64077,64078,64079,64080,64081,64082,64083,64084,64085,64086,64087,64088,64089,64090,64091,64092,64093,64094,64095,64096,64097,64098,64099,64100,64101,64102,64103,64104,64105,64106,64107,64108,64109,64110,64111,64112,64113,64114,64115,64116,64117,64118,64119,64120,64121,64122,64123,64124,64125,64126,64127,64128,64129,64130,64131,64132,64133,64134,64135,64136,64137,64138,64139,64140,64141,64142,64143,64144,64145,64146,64147,64148,64149,64150,64151,64152,64153,64154,64155,64156,64157,64158,64159,64160,64161,64162,64165,64166,64167,64168,64170,64171,64172,64173,64174,64175,64176,64177,64178,64179,64180,64181,64182,64183,64184,64185,64186,64187,64188,64189,64190,64191,64192,64193,64194,64195,64196,64197,64198,64199,64200,64201,64202,64203,64204,64205,64206,64207,64208,64209,64210,64211,64212,64213,64214,64215,64216,64217,64218,64219,64220,64221,64222,64223,64224,64225,64226,64227,64228,64229,64230,64231,64232,64233,64234,64235,64236,64237,64238,64239,64240,64241,64242,64243,64244,64245,64246,64247,64249,64250,64251,64252,64253,64254,64255,64256,64257,64258,64259,64260,64261,64262,64263,64264,64265,64266,64267,64268,64269,64270,64271,64272,64273,64274,64275,64276,64277,64279,64280,64281,64282,64283,64284,64285,64286,64287,64288,64289,64290,64291,64292,64293,64294,64295,64296,64297,64298,64299,64300,64301,64302,64303,64304,64305,64306,64307,64308,64309,64310,64311,64312,64313,64314,64315,64316,64317,64318,64319,64320,64321,64322,64323,64324,64325,64326,64327,64328,64329,64330,64331,64332,64334,64335,64336,64337,64338,64339,64340,64341,64342,64343,64344,64345,64346,64347,64348,64349,64350,64351,64352,64353,64354,64355,64356,64357,64358,64359,64360,64361,64362,64363,64364,64365,64366,64367,64368,64369,64370,64371,64372,64373,64374,64375,64376,64377,64378,64379,64380,64381,64382,64383,64385,64386,64387,64388,64389,64390,64391,64392,64393,64394,64395,64396,64397,64398,64399,64400,64401,64403,64404,64405,64406,64407,64408,64409,64410,64411,64412,64413,64414,64415,64416,64417,64418,64419,64420,64421,64422,64423,64424,64425,64426,64427,64428,64429,64430,64431,64432,64433,64434,64435,64436,64437,64438,64439,64440,64441,64442,64443,64444,64445,64446,64447,64448,64449,64450,64451,64452,64453,64454,64455,64456,64457,64458,64459,64460,64461,64462,64463,64464,64465,64466,64467,64468,64469,64470,64471,64472,64473,64474,64475,64476,64477,64478,64479,64480,64481,64482,64483,64484,64485,64486,64487,64488,64489,64490,64491,64492,64493,64494,64495,64496,64498,64499,64500,64501,64502,64503,64504,64505,64506,64507,64508,64509,64510,64511,64512,64513,64514,64515,64516,64517,64518,64519,64520,64521,64522,64523,64524,64525,64526,64527,64528,64529,64530,64531,64532,64533,64534,64535,64536,64537,64538,64539,64540,64542,64543,64544,64545,64546,64547,64548,64549,64550,64551,64552,64554,64555,64556,64557,64558,64559,64560}",SDED,2026-03-24 14:41:32.274366+01,gold_establishments_2025,,,,17640001800014,2025,Services de l'Etat,Département,['Pyrénées-Atlantiques'],['Nouvelle-Aquitaine'],PREFECTURE,{64},{75}
146a72a4-69b7-422a-be16-1e780d2b2669,176600013,Préfecture Pyrénées-Orientales,false,"{66001,66002,66003,66004,66005,66006,66007,66008,66009,66010,66011,66012,66013,66014,66015,66016,66017,66018,66019,66020,66021,66022,66023,66024,66025,66026,66027,66028,66029,66030,66032,66033,66034,66035,66036,66037,66038,66039,66040,66041,66042,66043,66044,66045,66046,66047,66048,66049,66050,66051,66052,66053,66054,66055,66056,66057,66058,66059,66060,66061,66062,66063,66064,66065,66066,66067,66068,66069,66070,66071,66072,66073,66074,66075,66076,66077,66078,66079,66080,66081,66082,66083,66084,66085,66086,66088,66089,66090,66091,66092,66093,66094,66095,66096,66097,66098,66099,66100,66101,66102,66103,66104,66105,66106,66107,66108,66109,66111,66112,66113,66114,66115,66116,66117,66118,66119,66120,66121,66122,66123,66124,66125,66126,66127,66128,66129,66130,66132,66133,66134,66136,66137,66138,66139,66140,66141,66142,66143,66144,66145,66146,66147,66148,66149,66150,66151,66152,66153,66154,66155,66156,66157,66158,66159,66160,66161,66162,66164,66165,66166,66167,66168,66169,66170,66171,66172,66173,66174,66175,66176,66177,66178,66179,66180,66181,66182,66183,66184,66185,66186,66187,66188,66189,66190,66191,66192,66193,66194,66195,66196,66197,66198,66199,66201,66202,66203,66204,66205,66206,66207,66208,66209,66210,66211,66212,66213,66214,66215,66216,66217,66218,66219,66220,66221,66222,66223,66224,66225,66226,66227,66228,66230,66231,66232,66233,66234}",SDED,2026-03-24 14:41:32.274366+01,gold_establishments_2025,,,,17660001300013,2025,Services de l'Etat,Département,['Pyrénées-Orientales'],['Occitanie'],PREFECTURE,{66},{76}
6392d18e-48df-4442-be2c-43412e9298d1,176900017,Préfecture Rhône,false,"{69001,69002,69003,69004,69005,69006,69007,69008,69009,69010,69012,69013,69014,69016,69017,69018,69019,69020,69021,69022,69023,69024,69026,69027,69028,69029,69030,69031,69032,69033,69034,69035,69036,69037,69038,69039,69040,69042,69043,69044,69045,69046,69047,69049,69050,69051,69052,69053,69054,69055,69056,69057,69058,69059,69060,69061,69062,69063,69064,69065,69066,69067,69068,69069,69070,69071,69072,69074,69075,69076,69077,69078,69080,69081,69082,69083,69084,69085,69086,69087,69088,69089,69090,69091,69092,69093,69094,69095,69096,69097,69098,69099,69100,69102,69103,69104,69105,69106,69107,69108,69109,69110,69111,69112,69113,69115,69116,69117,69118,69119,69120,69121,69122,69123,69124,69125,69126,69127,69130,69131,69132,69133,69134,69135,69136,69137,69138,69139,69140,69141,69142,69143,69145,69148,69149,69151,69153,69154,69155,69156,69157,69160,69161,69162,69163,69164,69165,69166,69167,69168,69169,69170,69171,69172,69173,69174,69175,69176,69177,69178,69179,69180,69181,69182,69183,69184,69186,69187,69188,69189,69190,69191,69192,69193,69194,69196,69197,69198,69199,69200,69201,69202,69203,69204,69205,69206,69207,69208,69209,69212,69214,69215,69216,69217,69218,69219,69220,69225,69227,69228,69229,69230,69231,69233,69234,69235,69236,69238,69239,69240,69241,69242,69243,69244,69245,69246,69248,69249,69250,69252,69253,69254,69255,69256,69257,69258,69259,69260,69261,69263,69264,69265,69266,69267,69268,69269,69270,69271,69272,69273,69275,69276,69277,69278,69279,69280,69281,69282,69283,69284,69285,69286,69287,69288,69289,69290,69291,69292,69293,69294,69295,69296,69297,69298,69299,69381,69382,69383,69384,69385,69386,69387,69388,69389}",SDED,2026-03-24 14:41:32.274366+01,gold_establishments_2025,,,,17690001700011,2025,Services de l'Etat,Département,['Rhône'],['Auvergne-Rhône-Alpes'],PREFECTURE,{69},{84}
819b25ed-0d8a-4134-b2bd-e3b24573c253,177200011,Préfecture Sarthe,false,"{72001,72002,72003,72004,72005,72006,72007,72008,72009,72010,72011,72012,72013,72015,72016,72017,72018,72019,72020,72021,72022,72023,72024,72025,72026,72027,72028,72029,72031,72032,72034,72035,72036,72037,72038,72039,72040,72041,72042,72043,72044,72045,72046,72047,72048,72049,72050,72051,72052,72053,72054,72056,72057,72058,72059,72060,72061,72062,72064,72065,72066,72067,72068,72070,72071,72072,72073,72074,72075,72076,72077,72078,72079,72080,72083,72084,72085,72086,72087,72088,72089,72090,72091,72093,72094,72095,72096,72098,72099,72100,72101,72102,72103,72104,72105,72106,72107,72109,72110,72111,72112,72113,72114,72115,72118,72119,72120,72121,72122,72123,72124,72125,72126,72127,72128,72129,72130,72131,72132,72133,72134,72135,72136,72137,72138,72139,72141,72142,72143,72144,72145,72146,72147,72148,72149,72150,72151,72152,72153,72154,72155,72156,72157,72158,72160,72161,72163,72164,72165,72166,72167,72168,72169,72170,72171,72172,72173,72174,72175,72176,72177,72178,72179,72180,72181,72182,72183,72184,72185,72186,72187,72188,72189,72190,72191,72192,72193,72194,72195,72196,72197,72198,72199,72200,72201,72202,72204,72205,72208,72209,72210,72211,72212,72213,72214,72215,72216,72217,72218,72219,72220,72221,72222,72223,72224,72225,72226,72227,72228,72229,72230,72231,72232,72233,72234,72235,72236,72237,72238,72239,72241,72243,72244,72245,72246,72247,72248,72249,72250,72251,72252,72253,72254,72255,72256,72257,72259,72260,72261,72262,72264,72265,72266,72267,72268,72269,72270,72271,72272,72273,72274,72275,72276,72277,72278,72279,72280,72281,72282,72283,72286,72289,72290,72291,72292,72293,72294,72295,72296,72297,72299,72300,72302,72303,72305,72306,72307,72308,72309,72310,72311,72312,72313,72314,72315,72316,72317,72319,72320,72321,72322,72323,72324,72325,72326,72327,72328,72329,72330,72331,72332,72333,72334,72335,72336,72337,72338,72339,72340,72341,72342,72343,72344,72345,72346,72347,72348,72349,72350,72351,72352,72353,72354,72355,72356,72357,72358,72359,72360,72361,72362,72363,72364,72366,72367,72368,72369,72370,72372,72373,72374,72375,72376,72377,72378,72379,72380,72381,72382,72383,72385,72386}",SDED,2026-03-24 14:41:32.274366+01,gold_establishments_2025,,,,17720001100019,2025,Services de l'Etat,Département,['Sarthe'],['Pays de la Loire'],PREFECTURE,{72},{52}
389ec953-1c18-465a-9743-4cb8c317db85,177300019,Préfecture Savoie,false,"{73001,73003,73004,73005,73006,73007,73008,73010,73011,73012,73013,73014,73015,73017,73018,73019,73020,73021,73022,73023,73024,73025,73026,73027,73028,73029,73030,73031,73032,73033,73034,73036,73039,73040,73041,73042,73043,73047,73048,73049,73050,73051,73052,73053,73054,73055,73057,73058,73059,73061,73063,73064,73065,73067,73068,73069,73070,73071,73072,73073,73074,73075,73076,73077,73078,73079,73081,73082,73083,73084,73085,73086,73087,73088,73089,73090,73091,73092,73094,73095,73096,73097,73098,73099,73100,73101,73103,73104,73105,73106,73107,73109,73110,73113,73114,73116,73117,73119,73120,73121,73122,73123,73124,73128,73129,73130,73131,73132,73133,73135,73137,73138,73139,73140,73141,73142,73145,73146,73147,73149,73150,73151,73152,73153,73154,73155,73156,73157,73159,73160,73161,73162,73164,73166,73168,73170,73171,73173,73175,73176,73177,73178,73179,73180,73181,73182,73183,73184,73186,73187,73188,73189,73190,73191,73192,73193,73194,73196,73197,73200,73201,73202,73204,73205,73206,73207,73208,73210,73211,73212,73213,73214,73215,73216,73217,73218,73219,73220,73221,73222,73223,73224,73225,73226,73227,73228,73229,73230,73231,73232,73233,73234,73235,73236,73237,73240,73241,73242,73243,73245,73246,73247,73248,73249,73250,73252,73253,73254,73255,73256,73257,73258,73259,73261,73262,73263,73265,73267,73268,73269,73270,73271,73272,73273,73274,73275,73276,73277,73278,73280,73281,73282,73283,73284,73285,73286,73288,73289,73290,73292,73293,73294,73296,73297,73298,73299,73300,73301,73302,73303,73304,73306,73307,73308,73309,73310,73311,73312,73313,73314,73315,73316,73317,73318,73320,73322,73323,73324,73326,73327,73328,73329,73330}",SDED,2026-03-24 14:41:32.274366+01,gold_establishments_2025,,,,17730001900011,2025,Services de l'Etat,Département,['Savoie'],['Auvergne-Rhône-Alpes'],PREFECTURE,{73},{84}
41a1b645-50d9-4298-9fe3-391ef22d2e27,177100013,Préfecture Saône-et-Loire,false,"{71001,71002,71003,71004,71005,71006,71007,71008,71009,71010,71011,71012,71013,71014,71015,71016,71017,71018,71019,71020,71021,71022,71023,71024,71025,71026,71027,71028,71029,71030,71031,71032,71033,71034,71035,71036,71037,71038,71039,71040,71041,71042,71043,71044,71045,71046,71047,71048,71050,71051,71052,71054,71056,71057,71058,71059,71060,71061,71062,71063,71064,71065,71066,71067,71068,71069,71070,71071,71072,71073,71074,71075,71076,71077,71078,71079,71080,71081,71082,71084,71085,71086,71087,71088,71089,71090,71091,71092,71093,71094,71095,71096,71097,71098,71099,71100,71101,71102,71103,71104,71105,71106,71107,71108,71109,71110,71111,71112,71113,71115,71116,71117,71118,71119,71120,71121,71122,71123,71124,71125,71126,71127,71128,71129,71130,71132,71133,71134,71135,71136,71137,71139,71140,71141,71142,71143,71144,71145,71146,71147,71148,71149,71150,71151,71152,71153,71154,71155,71156,71157,71158,71159,71160,71161,71162,71163,71164,71165,71166,71167,71168,71169,71170,71171,71172,71173,71174,71175,71176,71177,71178,71179,71181,71182,71183,71184,71185,71186,71187,71188,71189,71190,71191,71192,71193,71194,71195,71196,71198,71199,71200,71201,71202,71203,71204,71205,71206,71207,71208,71209,71210,71212,71213,71214,71215,71216,71217,71218,71219,71220,71221,71222,71223,71224,71225,71226,71227,71228,71229,71230,71231,71232,71233,71234,71235,71236,71237,71238,71239,71240,71241,71242,71243,71244,71245,71246,71247,71248,71249,71250,71251,71252,71253,71254,71255,71256,71257,71258,71259,71261,71262,71263,71264,71266,71267,71268,71269,71270,71271,71272,71273,71274,71275,71276,71277,71278,71279,71280,71281,71282,71283,71284,71285,71286,71287,71289,71290,71291,71292,71293,71294,71295,71296,71297,71299,71300,71301,71302,71303,71305,71306,71307,71308,71309,71310,71311,71312,71313,71314,71315,71316,71317,71318,71319,71320,71321,71322,71323,71324,71325,71326,71327,71328,71329,71330,71331,71332,71333,71334,71335,71336,71337,71338,71339,71340,71341,71342,71343,71344,71345,71346,71347,71348,71349,71350,71351,71352,71353,71354,71355,71356,71357,71358,71359,71360,71361,71362,71363,71364,71365,71366,71367,71368,71369,71370,71371,71372,71373,71374,71376,71377,71378,71379,71380,71381,71382,71383,71384,71385,71386,71387,71388,71389,71390,71391,71392,71393,71394,71395,71396,71397,71398,71399,71400,71401,71402,71403,71404,71405,71406,71407,71408,71409,71410,71411,71412,71413,71414,71415,71416,71417,71419,71420,71421,71422,71423,71424,71425,71426,71427,71428,71430,71431,71433,71434,71435,71436,71437,71438,71439,71440,71441,71442,71443,71444,71445,71446,71447,71448,71449,71450,71451,71452,71453,71454,71455,71456,71457,71458,71459,71460,71461,71462,71463,71464,71465,71466,71468,71469,71470,71471,71472,71473,71474,71475,71477,71478,71479,71480,71481,71482,71483,71484,71485,71486,71487,71488,71489,71490,71491,71493,71494,71495,71496,71497,71498,71499,71500,71501,71502,71503,71504,71505,71506,71507,71508,71509,71510,71512,71513,71514,71515,71516,71517,71518,71519,71520,71521,71522,71523,71524,71525,71526,71527,71528,71529,71530,71531,71532,71533,71534,71535,71537,71538,71539,71540,71541,71542,71543,71544,71545,71546,71547,71548,71549,71550,71551,71552,71553,71554,71555,71556,71557,71558,71559,71561,71562,71563,71564,71565,71566,71567,71568,71570,71571,71572,71573,71574,71576,71577,71578,71579,71580,71581,71582,71583,71584,71585,71586,71588,71589,71590,71591}",SDED,2026-03-24 14:41:32.274366+01,gold_establishments_2025,,,,17710001300016,2025,Services de l'Etat,Département,['Saône-et-Loire'],['Bourgogne-Franche-Comté'],PREFECTURE,{71},{27}
214a3c51-fc80-4eb2-828a-d02334b66e2e,177600012,Préfecture Seine-Maritime,false,"{76001,76002,76004,76005,76006,76007,76008,76009,76010,76011,76012,76013,76014,76015,76016,76017,76018,76019,76020,76021,76022,76023,76024,76025,76026,76028,76029,76030,76032,76033,76034,76035,76036,76038,76039,76040,76041,76042,76043,76045,76046,76047,76048,76049,76050,76051,76052,76053,76054,76055,76056,76057,76058,76059,76060,76062,76063,76064,76065,76066,76067,76068,76069,76070,76071,76072,76074,76075,76076,76077,76079,76082,76083,76084,76085,76086,76087,76088,76090,76091,76092,76093,76094,76095,76096,76097,76099,76100,76101,76103,76104,76105,76106,76107,76108,76109,76110,76111,76112,76113,76114,76115,76116,76117,76118,76119,76120,76121,76122,76123,76124,76125,76126,76128,76129,76130,76131,76132,76133,76134,76135,76136,76138,76139,76140,76141,76142,76143,76144,76146,76147,76148,76149,76151,76152,76153,76154,76155,76156,76157,76158,76159,76160,76161,76162,76163,76164,76165,76166,76167,76168,76169,76170,76171,76172,76173,76174,76175,76176,76177,76178,76179,76180,76181,76182,76183,76184,76185,76186,76187,76188,76189,76190,76192,76193,76194,76195,76196,76197,76198,76199,76200,76201,76202,76203,76204,76205,76206,76207,76208,76209,76210,76211,76212,76213,76214,76216,76217,76218,76219,76220,76221,76222,76223,76224,76225,76226,76227,76228,76229,76230,76231,76232,76233,76234,76235,76236,76237,76238,76239,76240,76241,76242,76243,76244,76245,76247,76249,76250,76251,76252,76253,76254,76255,76257,76258,76259,76260,76261,76262,76263,76264,76265,76266,76268,76269,76270,76271,76272,76273,76274,76275,76276,76278,76279,76280,76281,76282,76283,76284,76285,76286,76287,76288,76289,76290,76291,76292,76293,76294,76295,76296,76297,76298,76299,76300,76302,76303,76304,76305,76306,76307,76308,76309,76311,76312,76313,76314,76315,76316,76317,76318,76319,76320,76321,76322,76323,76324,76325,76327,76328,76329,76330,76331,76332,76333,76334,76335,76336,76338,76339,76340,76341,76342,76343,76344,76345,76346,76347,76348,76349,76350,76351,76352,76353,76354,76355,76356,76357,76359,76360,76361,76362,76363,76364,76365,76366,76367,76368,76369,76370,76371,76372,76373,76374,76375,76377,76378,76379,76380,76381,76382,76383,76384,76385,76386,76387,76388,76389,76390,76391,76392,76393,76394,76395,76396,76397,76398,76399,76400,76401,76402,76403,76404,76405,76406,76407,76408,76409,76410,76411,76412,76413,76414,76415,76416,76417,76418,76419,76420,76421,76422,76423,76424,76425,76426,76427,76428,76429,76430,76431,76432,76433,76434,76435,76436,76437,76438,76439,76440,76441,76442,76443,76445,76446,76447,76448,76449,76450,76451,76452,76453,76454,76455,76456,76457,76458,76459,76460,76461,76462,76463,76464,76465,76467,76468,76469,76470,76471,76472,76473,76474,76475,76476,76477,76478,76479,76480,76481,76482,76483,76484,76485,76486,76487,76488,76489,76490,76491,76492,76493,76494,76495,76497,76498,76499,76500,76501,76502,76503,76504,76505,76506,76507,76508,76509,76510,76511,76512,76513,76514,76515,76516,76517,76518,76519,76520,76521,76522,76523,76524,76526,76527,76528,76529,76530,76531,76532,76533,76534,76535,76536,76537,76538,76540,76541,76542,76543,76544,76545,76546,76547,76548,76549,76550,76551,76552,76553,76554,76555,76556,76557,76558,76559,76560,76561,76562,76563,76564,76565,76566,76567,76568,76569,76570,76571,76572,76573,76574,76575,76576,76577,76578,76580,76581,76582,76583,76584,76585,76586,76587,76588,76589,76590,76591,76592,76593,76594,76595,76596,76597,76598,76599,76600,76601,76602,76603,76604,76605,76606,76608,76609,76610,76611,76612,76613,76614,76615,76616,76617,76618,76619,76620,76621,76622,76623,76624,76626,76627,76628,76629,76630,76631,76632,76634,76635,76636,76637,76638,76640,76641,76642,76644,76645,76646,76647,76648,76649,76650,76651,76652,76653,76654,76655,76656,76657,76658,76660,76662,76663,76664,76665,76666,76667,76668,76669,76670,76671,76672,76673,76675,76676,76677,76678,76679,76680,76681,76682,76683,76684,76685,76686,76688,76689,76690,76691,76692,76693,76694,76695,76697,76698,76699,76700,76702,76703,76705,76706,76707,76708,76709,76710,76711,76712,76714,76715,76716,76717,76718,76719,76720,76721,76723,76724,76725,76726,76727,76728,76730,76731,76732,76733,76734,76735,76736,76737,76738,76739,76740,76741,76743,76744,76745,76746,76747,76748,76749,76750,76751,76752,76753,76754,76755,76756,76757,76758,76759}",SDED,2026-03-24 14:41:32.274366+01,gold_establishments_2025,,,,17760001200096,2025,Services de l'Etat,Département,['Seine-Maritime'],['Normandie'],PREFECTURE,{76},{28}
341e75ac-8118-4e5f-a3b9-dc0bfa603a8c,179300017,Préfecture Seine-Saint-Denis,false,"{93001,93005,93006,93007,93008,93010,93013,93014,93015,93027,93029,93030,93031,93032,93033,93039,93045,93046,93047,93048,93049,93050,93051,93053,93055,93057,93061,93062,93063,93064,93066,93070,93071,93072,93073,93074,93077,93078,93079}",SDED,2026-03-24 14:41:32.274366+01,gold_establishments_2025,,,,17930001700011,2025,Services de l'Etat,Département,['Seine-Saint-Denis'],['Île-de-France'],PREFECTURE,{93},{11}
19f4f9a8-671c-412e-86c4-96d02c504a61,177700010,Préfecture Seine-et-Marne,false,"{77001,77002,77003,77004,77005,77006,77007,77008,77009,77010,77011,77012,77013,77014,77015,77016,77018,77019,77020,77021,77022,77023,77024,77025,77026,77027,77029,77030,77031,77032,77033,77034,77035,77036,77037,77038,77039,77040,77041,77042,77043,77044,77045,77046,77047,77048,77049,77050,77051,77052,77053,77054,77055,77056,77057,77058,77059,77060,77061,77062,77063,77065,77066,77067,77068,77069,77070,77071,77072,77073,77075,77076,77077,77078,77079,77080,77081,77082,77083,77084,77085,77086,77087,77088,77089,77090,77091,77093,77094,77095,77096,77097,77098,77099,77100,77101,77102,77103,77104,77106,77107,77108,77109,77110,77111,77112,77113,77114,77115,77116,77117,77118,77119,77120,77121,77122,77123,77124,77125,77126,77127,77128,77129,77130,77131,77132,77133,77134,77135,77136,77137,77138,77139,77140,77141,77142,77143,77144,77145,77146,77147,77148,77150,77151,77152,77153,77154,77155,77156,77157,77158,77159,77161,77162,77163,77164,77165,77167,77168,77169,77171,77172,77173,77174,77175,77176,77177,77178,77179,77180,77181,77182,77183,77184,77185,77186,77187,77188,77190,77191,77192,77193,77194,77195,77196,77197,77198,77199,77200,77201,77202,77203,77204,77205,77206,77207,77208,77209,77210,77211,77212,77214,77215,77216,77217,77218,77219,77220,77221,77222,77223,77224,77225,77226,77227,77228,77229,77230,77231,77232,77233,77234,77235,77236,77237,77238,77239,77240,77241,77242,77243,77244,77245,77246,77247,77248,77249,77250,77251,77252,77253,77254,77255,77256,77257,77258,77259,77260,77261,77262,77263,77264,77265,77266,77267,77268,77269,77270,77271,77272,77273,77274,77275,77276,77277,77278,77279,77280,77281,77282,77283,77284,77285,77286,77287,77288,77289,77290,77291,77292,77293,77294,77295,77296,77297,77298,77300,77301,77302,77303,77304,77305,77306,77307,77308,77309,77310,77311,77312,77313,77314,77315,77316,77317,77318,77319,77320,77321,77322,77323,77325,77326,77327,77328,77329,77330,77331,77332,77333,77335,77336,77337,77338,77339,77340,77341,77342,77343,77344,77345,77347,77348,77349,77350,77352,77353,77354,77355,77356,77357,77358,77359,77360,77361,77363,77364,77365,77366,77367,77368,77369,77370,77371,77372,77373,77374,77376,77377,77378,77379,77380,77381,77382,77383,77384,77385,77386,77387,77388,77389,77390,77391,77392,77393,77394,77395,77396,77397,77398,77400,77401,77402,77403,77404,77405,77406,77407,77408,77409,77410,77411,77412,77413,77414,77415,77416,77417,77418,77419,77420,77421,77423,77424,77425,77426,77427,77428,77429,77430,77431,77432,77433,77434,77435,77436,77437,77438,77439,77440,77441,77442,77443,77444,77445,77446,77447,77448,77449,77450,77451,77452,77453,77454,77455,77456,77457,77458,77459,77460,77461,77462,77463,77464,77465,77466,77467,77468,77469,77470,77471,77472,77473,77474,77475,77476,77477,77478,77479,77480,77481,77482,77483,77484,77485,77486,77487,77489,77490,77492,77493,77494,77495,77496,77498,77500,77501,77504,77505,77506,77507,77508,77509,77510,77511,77512,77513,77514,77515,77516,77517,77518,77519,77520,77521,77522,77523,77524,77525,77526,77527,77528,77529,77530,77531,77532,77533,77534}",SDED,2026-03-24 14:41:32.274366+01,gold_establishments_2025,,,,17770001000016,2025,Services de l'Etat,Département,['Seine-et-Marne'],['Île-de-France'],PREFECTURE,{77},{11}
927ea6e9-858c-4187-9832-a2ce3bf1f0ee,178000014,Préfecture Somme,false,"{80001,80002,80003,80004,80005,80006,80008,80009,80010,80011,80013,80014,80015,80016,80017,80018,80019,80020,80021,80022,80023,80024,80025,80026,80027,80028,80029,80030,80031,80032,80033,80034,80035,80036,80037,80038,80039,80040,80041,80042,80043,80044,80045,80046,80047,80048,80049,80050,80051,80052,80053,80054,80055,80056,80057,80058,80059,80060,80061,80062,80063,80064,80065,80066,80067,80068,80069,80070,80071,80073,80074,80076,80077,80078,80079,80080,80081,80082,80083,80084,80085,80086,80087,80088,80089,80090,80092,80093,80094,80095,80096,80097,80098,80099,80100,80101,80102,80103,80104,80105,80106,80107,80108,80109,80110,80112,80113,80114,80115,80116,80117,80118,80119,80120,80121,80122,80123,80124,80125,80126,80127,80128,80129,80130,80131,80132,80133,80134,80135,80136,80137,80138,80139,80140,80141,80142,80143,80144,80145,80146,80147,80148,80149,80150,80151,80152,80153,80154,80155,80156,80157,80158,80159,80160,80161,80162,80163,80164,80165,80166,80167,80168,80169,80170,80171,80172,80173,80174,80176,80177,80179,80180,80181,80182,80183,80184,80185,80186,80187,80188,80189,80190,80191,80192,80193,80194,80195,80196,80197,80198,80199,80200,80201,80202,80203,80204,80205,80206,80207,80208,80210,80211,80212,80213,80214,80215,80216,80217,80218,80219,80220,80221,80222,80223,80224,80225,80226,80227,80228,80229,80230,80231,80232,80233,80234,80235,80236,80237,80238,80239,80240,80241,80242,80243,80244,80245,80246,80247,80248,80249,80250,80251,80252,80253,80256,80258,80259,80260,80261,80262,80263,80264,80265,80266,80267,80268,80269,80270,80271,80272,80273,80274,80275,80276,80278,80279,80280,80281,80282,80283,80284,80285,80287,80288,80290,80291,80292,80293,80294,80295,80296,80297,80298,80299,80300,80301,80302,80303,80304,80305,80306,80307,80308,80310,80311,80312,80313,80314,80315,80316,80317,80318,80319,80320,80321,80322,80324,80325,80326,80327,80328,80329,80330,80331,80332,80333,80334,80335,80336,80337,80338,80339,80340,80341,80342,80343,80344,80345,80346,80347,80348,80349,80350,80351,80352,80353,80354,80355,80356,80357,80358,80359,80360,80361,80362,80364,80365,80366,80367,80368,80369,80371,80372,80373,80374,80375,80376,80377,80378,80379,80380,80381,80383,80384,80385,80386,80387,80388,80390,80391,80392,80393,80395,80396,80397,80399,80400,80401,80402,80403,80404,80405,80406,80407,80408,80409,80410,80411,80412,80413,80414,80415,80416,80417,80418,80420,80421,80422,80423,80424,80425,80426,80427,80428,80429,80430,80431,80432,80433,80434,80435,80436,80437,80438,80439,80440,80442,80443,80444,80445,80446,80449,80450,80451,80452,80453,80455,80456,80458,80459,80460,80461,80462,80463,80464,80465,80466,80467,80468,80469,80470,80472,80473,80474,80475,80476,80477,80478,80479,80480,80481,80482,80484,80485,80486,80487,80488,80489,80490,80491,80493,80494,80495,80496,80497,80498,80499,80500,80501,80502,80503,80504,80505,80507,80508,80509,80511,80512,80513,80514,80515,80516,80517,80518,80519,80520,80521,80522,80523,80524,80525,80526,80527,80528,80529,80530,80531,80533,80535,80536,80537,80538,80540,80541,80542,80543,80544,80545,80546,80547,80548,80549,80550,80552,80553,80554,80555,80556,80557,80558,80559,80560,80561,80562,80563,80565,80566,80568,80569,80570,80571,80572,80573,80574,80575,80576,80577,80578,80579,80580,80582,80583,80584,80585,80586,80587,80588,80589,80590,80591,80592,80593,80595,80596,80597,80598,80599,80600,80601,80602,80603,80604,80605,80606,80607,80609,80611,80613,80614,80615,80616,80617,80618,80619,80620,80621,80622,80623,80624,80625,80626,80627,80628,80629,80630,80631,80632,80633,80634,80635,80637,80638,80639,80640,80642,80643,80644,80645,80646,80647,80648,80649,80650,80651,80652,80654,80655,80656,80657,80658,80659,80661,80662,80663,80664,80665,80666,80667,80668,80669,80670,80671,80672,80673,80674,80675,80676,80677,80678,80679,80680,80681,80682,80683,80684,80685,80686,80687,80688,80690,80691,80692,80693,80694,80695,80696,80697,80698,80699,80700,80701,80702,80703,80704,80705,80706,80707,80708,80709,80710,80711,80713,80714,80716,80717,80718,80719,80721,80722,80723,80724,80725,80726,80728,80729,80730,80732,80733,80734,80735,80736,80737,80738,80740,80741,80742,80743,80744,80746,80747,80748,80749,80750,80751,80752,80753,80754,80755,80756,80757,80758,80759,80760,80762,80763,80764,80765,80766,80767,80769,80770,80771,80773,80774,80775,80776,80777,80778,80779,80780,80781,80782,80783,80784,80785,80786,80787,80788,80789,80790,80791,80792,80793,80794,80795,80796,80797,80798,80799,80800,80801,80802,80803,80804,80805,80806,80807,80808,80809,80810,80811,80812,80813,80814,80815,80819,80820,80821,80822,80823,80824,80825,80826,80827,80828,80829,80832,80833,80834,80835,80836}",SDED,2026-03-24 14:41:32.274366+01,gold_establishments_2025,,,,17800001400013,2025,Services de l'Etat,Département,['Somme'],['Hauts-de-France'],PREFECTURE,{80},{32}
fa405c6a-0733-4e52-b212-0ec3bd988a5b,178100012,Préfecture Tarn,false,"{81001,81002,81003,81004,81005,81006,81007,81008,81009,81010,81011,81012,81013,81014,81015,81016,81017,81018,81019,81020,81021,81022,81023,81024,81025,81026,81027,81028,81029,81030,81031,81032,81033,81034,81035,81036,81037,81038,81039,81040,81041,81042,81043,81044,81045,81046,81047,81048,81049,81050,81051,81052,81053,81054,81055,81056,81058,81059,81060,81061,81062,81063,81064,81065,81066,81067,81068,81069,81070,81071,81072,81073,81074,81075,81076,81077,81078,81079,81080,81081,81082,81083,81084,81085,81086,81087,81088,81089,81090,81092,81093,81094,81095,81096,81097,81098,81099,81100,81101,81102,81103,81104,81105,81106,81108,81109,81110,81111,81112,81114,81115,81116,81117,81118,81119,81120,81121,81122,81123,81124,81125,81126,81127,81128,81129,81130,81131,81132,81133,81134,81135,81136,81137,81138,81139,81140,81141,81142,81143,81144,81145,81146,81147,81148,81149,81150,81151,81152,81154,81156,81157,81158,81159,81160,81161,81162,81163,81164,81165,81166,81167,81168,81169,81170,81171,81172,81173,81174,81175,81176,81177,81178,81179,81180,81181,81182,81183,81184,81185,81186,81187,81188,81189,81190,81191,81192,81193,81195,81196,81197,81198,81199,81200,81201,81202,81203,81204,81205,81206,81207,81208,81209,81210,81211,81212,81213,81214,81215,81216,81217,81218,81219,81220,81221,81222,81223,81224,81225,81227,81228,81229,81230,81231,81232,81233,81234,81235,81236,81237,81238,81239,81240,81242,81243,81244,81245,81246,81247,81248,81249,81250,81251,81252,81253,81254,81255,81256,81257,81258,81259,81261,81262,81263,81264,81265,81266,81267,81268,81269,81270,81271,81272,81273,81274,81275,81276,81277,81278,81279,81280,81281,81282,81283,81284,81285,81286,81287,81288,81289,81290,81291,81292,81293,81294,81295,81297,81298,81299,81300,81302,81303,81304,81305,81306,81307,81308,81309,81310,81311,81312,81313,81314,81315,81316,81317,81318,81319,81320,81321,81322,81323,81324,81325,81326}",SDED,2026-03-24 14:41:32.274366+01,gold_establishments_2025,,,,17810001200016,2025,Services de l'Etat,Département,['Tarn'],['Occitanie'],PREFECTURE,{81},{76}
052937f5-0003-49f3-acf3-a9492ac635fd,178200010,Préfecture Tarn-et-Garonne,false,"{82001,82002,82003,82004,82005,82006,82007,82008,82009,82010,82011,82012,82013,82014,82015,82016,82017,82018,82019,82020,82021,82022,82023,82024,82025,82026,82027,82028,82029,82030,82031,82032,82033,82034,82035,82036,82037,82038,82039,82040,82041,82042,82043,82044,82045,82046,82047,82048,82049,82050,82051,82052,82053,82054,82055,82056,82057,82058,82059,82060,82061,82062,82063,82064,82065,82066,82067,82068,82069,82070,82071,82072,82073,82074,82075,82076,82077,82078,82079,82080,82081,82082,82083,82084,82085,82086,82087,82088,82089,82090,82091,82092,82093,82094,82095,82096,82097,82098,82099,82100,82101,82102,82103,82104,82105,82106,82107,82108,82109,82110,82111,82112,82113,82114,82115,82116,82117,82118,82119,82120,82121,82122,82123,82124,82125,82126,82127,82128,82129,82130,82131,82132,82133,82134,82135,82136,82137,82138,82139,82140,82141,82142,82143,82144,82145,82146,82147,82148,82149,82150,82151,82152,82153,82154,82155,82156,82157,82158,82159,82160,82161,82162,82163,82164,82165,82166,82167,82168,82169,82170,82171,82172,82173,82174,82175,82176,82177,82178,82179,82180,82181,82182,82183,82184,82185,82186,82187,82188,82189,82190,82191,82192,82193,82194,82195}",SDED,2026-03-24 14:41:32.274366+01,gold_establishments_2025,,,,17820001000035,2025,Services de l'Etat,Département,['Tarn-et-Garonne'],['Occitanie'],PREFECTURE,{82},{76}
f5a2a713-2032-4db9-a330-0dbcded0e791,179000013,Préfecture Territoire de Belfort,false,"{90001,90002,90003,90004,90005,90006,90007,90008,90009,90010,90011,90012,90013,90014,90015,90016,90017,90018,90019,90020,90021,90022,90023,90024,90025,90026,90027,90028,90029,90030,90031,90032,90033,90034,90035,90036,90037,90039,90041,90042,90043,90044,90045,90046,90047,90048,90049,90050,90051,90052,90053,90054,90055,90056,90057,90058,90059,90060,90061,90062,90063,90064,90065,90066,90067,90068,90069,90070,90071,90072,90074,90075,90076,90077,90078,90079,90080,90081,90082,90083,90084,90085,90086,90087,90088,90089,90090,90091,90093,90094,90095,90096,90097,90098,90099,90100,90101,90102,90103,90104,90105}",SDED,2026-03-24 14:41:32.274366+01,gold_establishments_2025,,,,17900001300013,2025,Services de l'Etat,Département,['Territoire de Belfort'],['Bourgogne-Franche-Comté'],PREFECTURE,{90},{27}
13827812-9c26-4745-9932-bc832d9145af,179500012,Préfecture Val-dOise,false,"{95002,95008,95011,95012,95014,95018,95019,95023,95024,95026,95028,95039,95040,95042,95046,95051,95052,95054,95055,95056,95058,95059,95060,95061,95063,95074,95078,95088,95091,95094,95101,95102,95110,95116,95119,95120,95127,95134,95139,95141,95142,95144,95149,95150,95151,95154,95157,95166,95169,95170,95176,95177,95181,95183,95197,95199,95203,95205,95210,95211,95212,95213,95214,95218,95219,95229,95241,95250,95252,95253,95254,95256,95257,95258,95268,95270,95271,95277,95280,95287,95288,95295,95298,95301,95303,95304,95306,95308,95309,95313,95316,95323,95328,95331,95341,95348,95351,95352,95353,95355,95365,95369,95370,95371,95379,95387,95388,95392,95394,95395,95409,95422,95424,95426,95427,95428,95429,95430,95436,95438,95445,95446,95447,95450,95452,95456,95459,95462,95476,95480,95483,95487,95488,95489,95491,95492,95493,95500,95504,95509,95510,95523,95527,95529,95535,95539,95541,95543,95554,95555,95563,95566,95572,95574,95580,95582,95584,95585,95592,95594,95598,95604,95607,95610,95611,95612,95625,95627,95628,95633,95637,95641,95651,95652,95656,95658,95660,95675,95676,95678,95680,95682,95690}",SDED,2026-03-24 14:41:32.274366+01,gold_establishments_2025,,,,17950001200010,2025,Services de l'Etat,Département,['Val-dOise'],['Île-de-France'],PREFECTURE,{95},{11}
d2627a8c-fcb9-4d45-87fd-c88ddba8ba7b,179400015,Préfecture Val-de-Marne,false,"{94001,94002,94003,94004,94011,94015,94016,94017,94018,94019,94021,94022,94028,94033,94034,94037,94038,94041,94042,94043,94044,94046,94047,94048,94052,94053,94054,94055,94056,94058,94059,94060,94065,94067,94068,94069,94070,94071,94073,94074,94075,94076,94077,94078,94079,94080,94081}",SDED,2026-03-24 14:41:32.274366+01,gold_establishments_2025,,,,17940001500014,2025,Services de l'Etat,Département,['Val-de-Marne'],['Île-de-France'],PREFECTURE,{94},{11}
b00d69c1-7213-4e00-99fe-84cd8a5a117b,178300018,Préfecture Var,false,"{83001,83002,83003,83004,83005,83006,83007,83008,83009,83010,83011,83012,83013,83014,83015,83016,83017,83018,83019,83020,83021,83022,83023,83025,83026,83027,83028,83029,83030,83031,83032,83033,83034,83035,83036,83037,83038,83039,83040,83041,83042,83043,83044,83045,83046,83047,83048,83049,83050,83051,83052,83053,83054,83055,83056,83057,83058,83059,83060,83061,83062,83063,83064,83065,83066,83067,83068,83069,83070,83071,83072,83073,83074,83075,83076,83077,83078,83079,83080,83081,83082,83083,83084,83085,83086,83087,83088,83089,83090,83091,83092,83093,83094,83095,83096,83097,83098,83099,83100,83101,83102,83103,83104,83105,83106,83107,83108,83109,83110,83111,83112,83113,83114,83115,83116,83117,83118,83119,83120,83121,83122,83123,83124,83125,83126,83127,83128,83129,83130,83131,83132,83133,83134,83135,83136,83137,83138,83139,83140,83141,83142,83143,83144,83145,83146,83147,83148,83149,83150,83151,83152,83153,83154}",SDED,2026-03-24 14:41:32.274366+01,gold_establishments_2025,,,,17830001800011,2025,Services de l'Etat,Département,['Var'],['Provence-Alpes-Côte dAzur'],PREFECTURE,{83},{93}
73055eea-358b-4f4f-8c80-852c9a1cfeda,178400016,Préfecture Vaucluse,false,"{84001,84002,84003,84004,84005,84006,84007,84008,84009,84010,84011,84012,84013,84014,84015,84016,84017,84018,84019,84020,84021,84022,84023,84024,84025,84026,84027,84028,84029,84030,84031,84032,84033,84034,84035,84036,84037,84038,84039,84040,84041,84042,84043,84044,84045,84046,84047,84048,84049,84050,84051,84052,84053,84054,84055,84056,84057,84058,84059,84060,84061,84062,84063,84064,84065,84066,84067,84068,84069,84070,84071,84072,84073,84074,84075,84076,84077,84078,84079,84080,84081,84082,84083,84084,84085,84086,84087,84088,84089,84090,84091,84092,84093,84094,84095,84096,84097,84098,84099,84100,84101,84102,84103,84104,84105,84106,84107,84108,84109,84110,84111,84112,84113,84114,84115,84116,84117,84118,84119,84120,84121,84122,84123,84124,84125,84126,84127,84128,84129,84130,84131,84132,84133,84134,84135,84136,84137,84138,84139,84140,84141,84142,84143,84144,84145,84146,84147,84148,84149,84150,84151}",SDED,2026-03-24 14:41:32.274366+01,gold_establishments_2025,,,,17840001600071,2025,Services de l'Etat,Département,['Vaucluse'],['Provence-Alpes-Côte dAzur'],PREFECTURE,{84},{93}
b587715d-ca76-40d6-9aa8-f0515fbba85c,178500013,Préfecture Vendée,false,"{85001,85002,85003,85004,85005,85006,85008,85009,85010,85011,85012,85013,85014,85015,85016,85017,85018,85019,85020,85022,85023,85024,85025,85026,85028,85029,85031,85033,85034,85035,85036,85038,85039,85040,85042,85045,85046,85047,85049,85050,85051,85054,85055,85056,85058,85059,85061,85062,85064,85065,85066,85067,85070,85071,85072,85073,85074,85076,85077,85078,85080,85081,85082,85083,85084,85086,85087,85088,85089,85090,85092,85093,85094,85095,85096,85097,85098,85099,85100,85101,85102,85103,85104,85105,85106,85108,85109,85110,85111,85112,85113,85114,85115,85116,85117,85118,85119,85120,85121,85123,85125,85126,85127,85128,85129,85130,85131,85132,85133,85134,85135,85136,85137,85138,85139,85140,85141,85142,85143,85144,85145,85146,85147,85148,85149,85151,85152,85153,85154,85155,85156,85157,85158,85159,85160,85161,85162,85163,85164,85167,85169,85171,85172,85174,85175,85176,85177,85178,85179,85181,85182,85184,85185,85186,85187,85188,85189,85190,85191,85192,85193,85194,85196,85197,85198,85199,85200,85201,85202,85204,85205,85206,85207,85208,85209,85210,85211,85213,85214,85215,85216,85218,85220,85221,85222,85223,85226,85227,85229,85231,85232,85234,85235,85236,85237,85238,85239,85240,85242,85243,85244,85245,85246,85247,85248,85250,85251,85252,85254,85255,85256,85259,85260,85261,85262,85264,85265,85266,85267,85268,85269,85273,85274,85276,85277,85278,85280,85281,85282,85284,85285,85286,85287,85288,85289,85290,85291,85292,85293,85294,85295,85296,85297,85298,85300,85301,85302,85303,85304,85305,85306}",SDED,2026-03-24 14:41:32.274366+01,gold_establishments_2025,,,,17850001300010,2025,Services de l'Etat,Département,['Vendée'],['Pays de la Loire'],PREFECTURE,{85},{52}
67042d23-768d-40e1-ae4d-9e5539119feb,178600011,Préfecture Vienne,false,"{86001,86002,86003,86004,86005,86006,86007,86008,86009,86010,86011,86012,86013,86014,86015,86016,86017,86018,86019,86020,86022,86023,86024,86025,86026,86027,86028,86029,86031,86032,86034,86035,86036,86037,86038,86039,86040,86041,86042,86044,86045,86046,86047,86048,86049,86050,86051,86052,86053,86054,86055,86058,86059,86061,86062,86063,86064,86065,86066,86068,86069,86070,86072,86073,86074,86075,86076,86077,86078,86079,86080,86081,86082,86083,86084,86085,86086,86087,86088,86089,86090,86091,86092,86093,86094,86095,86096,86097,86098,86099,86100,86102,86103,86104,86105,86106,86107,86108,86109,86110,86111,86112,86113,86114,86115,86116,86117,86118,86119,86120,86121,86122,86123,86124,86125,86126,86127,86128,86129,86130,86131,86132,86133,86134,86135,86136,86137,86138,86139,86140,86141,86142,86143,86144,86145,86147,86148,86149,86150,86151,86152,86153,86154,86156,86157,86158,86159,86160,86161,86162,86163,86164,86165,86167,86169,86170,86171,86172,86173,86174,86175,86176,86177,86178,86180,86181,86182,86183,86184,86186,86187,86189,86190,86191,86192,86193,86194,86195,86196,86197,86198,86200,86201,86202,86203,86204,86205,86206,86207,86209,86210,86211,86213,86214,86217,86218,86220,86221,86222,86223,86224,86225,86226,86227,86228,86229,86230,86233,86234,86235,86236,86237,86239,86241,86242,86244,86245,86246,86247,86248,86249,86250,86252,86253,86254,86255,86256,86257,86258,86260,86261,86262,86263,86264,86265,86266,86268,86269,86270,86271,86272,86273,86274,86275,86276,86279,86280,86281,86284,86285,86286,86287,86288,86289,86290,86291,86292,86293,86294,86295,86296,86297,86298,86299,86300}",SDED,2026-03-24 14:41:32.274366+01,gold_establishments_2025,,,,17860001100013,2025,Services de l'Etat,Département,['Vienne'],['Nouvelle-Aquitaine'],PREFECTURE,{86},{75}
cea2e8ea-4aa4-4a58-a875-70c3d6bd252e,178800017,Préfecture Vosges,false,"{88001,88002,88003,88004,88005,88006,88007,88008,88009,88010,88011,88012,88013,88014,88015,88016,88017,88019,88020,88021,88022,88023,88024,88025,88026,88027,88028,88029,88030,88031,88032,88033,88035,88036,88037,88038,88039,88040,88041,88042,88043,88044,88045,88046,88047,88048,88049,88050,88051,88052,88053,88054,88055,88056,88057,88058,88059,88060,88061,88062,88063,88064,88065,88066,88068,88069,88070,88071,88073,88074,88075,88076,88077,88078,88079,88080,88081,88082,88083,88084,88085,88086,88087,88088,88089,88090,88091,88092,88093,88094,88095,88096,88097,88098,88099,88100,88101,88102,88103,88104,88105,88106,88107,88108,88109,88110,88111,88113,88114,88115,88116,88117,88118,88119,88120,88121,88122,88123,88124,88125,88126,88127,88128,88129,88130,88131,88132,88133,88134,88135,88136,88137,88138,88139,88140,88141,88142,88143,88144,88145,88146,88147,88148,88149,88150,88151,88152,88153,88154,88155,88156,88157,88158,88159,88160,88161,88162,88163,88164,88165,88166,88167,88168,88169,88170,88171,88172,88173,88174,88175,88176,88177,88178,88179,88180,88181,88182,88183,88184,88185,88186,88187,88188,88189,88190,88192,88193,88194,88195,88196,88197,88198,88199,88200,88201,88202,88203,88205,88206,88208,88209,88210,88212,88213,88214,88215,88216,88218,88219,88220,88221,88222,88223,88224,88225,88226,88227,88228,88229,88230,88231,88232,88233,88236,88237,88238,88239,88240,88241,88242,88243,88244,88245,88246,88247,88248,88249,88250,88251,88252,88253,88254,88255,88256,88257,88258,88259,88260,88261,88262,88263,88264,88265,88266,88267,88268,88269,88270,88271,88272,88273,88274,88275,88276,88277,88278,88279,88280,88281,88283,88284,88285,88286,88287,88288,88289,88290,88291,88292,88293,88294,88295,88296,88297,88298,88299,88300,88301,88302,88303,88304,88305,88306,88307,88308,88309,88310,88311,88312,88313,88314,88315,88316,88317,88318,88319,88320,88321,88322,88324,88325,88326,88327,88328,88330,88331,88332,88333,88334,88335,88336,88338,88340,88341,88342,88343,88344,88345,88346,88347,88348,88349,88350,88351,88352,88353,88354,88355,88356,88357,88358,88359,88360,88361,88362,88363,88364,88365,88366,88367,88368,88369,88370,88371,88372,88373,88374,88375,88376,88377,88378,88379,88380,88381,88382,88383,88385,88386,88387,88388,88389,88390,88391,88394,88395,88398,88399,88400,88401,88402,88403,88404,88406,88407,88408,88409,88410,88411,88412,88413,88415,88416,88417,88418,88419,88421,88423,88424,88425,88426,88427,88428,88429,88430,88431,88432,88433,88434,88435,88436,88437,88438,88439,88440,88441,88442,88443,88444,88445,88446,88447,88448,88449,88450,88451,88452,88453,88454,88455,88456,88457,88458,88459,88460,88461,88462,88463,88464,88465,88466,88467,88468,88469,88470,88471,88472,88473,88474,88475,88476,88477,88478,88479,88480,88481,88482,88483,88484,88485,88486,88487,88488,88489,88490,88491,88492,88493,88494,88495,88496,88497,88498,88499,88500,88501,88502,88503,88504,88505,88506,88507,88508,88509,88510,88511,88512,88513,88514,88515,88516,88517,88518,88519,88520,88521,88522,88523,88524,88525,88526,88527,88528,88529,88530,88531,88532}",SDED,2026-03-24 14:41:32.274366+01,gold_establishments_2025,,,,17880001700018,2025,Services de l'Etat,Département,['Vosges'],['Grand Est'],PREFECTURE,{88},{44}
b2daf59f-a838-4792-bfdc-512415c52fc2,178900015,Préfecture Yonne,false,"{89002,89003,89004,89005,89006,89007,89008,89009,89010,89011,89012,89013,89014,89015,89016,89017,89018,89019,89020,89021,89022,89023,89024,89025,89027,89028,89029,89030,89031,89032,89033,89034,89035,89036,89037,89038,89039,89040,89041,89042,89043,89044,89045,89046,89048,89049,89050,89051,89053,89054,89055,89056,89057,89058,89059,89060,89061,89062,89063,89064,89065,89066,89067,89068,89069,89071,89072,89073,89074,89075,89076,89077,89079,89080,89081,89083,89084,89085,89086,89087,89088,89089,89091,89092,89093,89094,89095,89096,89098,89099,89100,89101,89102,89104,89105,89108,89111,89112,89113,89115,89116,89117,89118,89119,89120,89122,89123,89124,89125,89126,89127,89128,89129,89130,89131,89132,89133,89134,89136,89137,89139,89141,89142,89143,89144,89145,89146,89147,89148,89149,89150,89151,89152,89153,89154,89155,89156,89158,89159,89160,89161,89162,89163,89164,89165,89167,89168,89169,89170,89171,89172,89173,89175,89176,89177,89179,89180,89181,89182,89183,89184,89186,89187,89188,89189,89190,89191,89194,89195,89196,89197,89198,89199,89200,89201,89202,89203,89204,89205,89206,89207,89208,89209,89210,89211,89212,89214,89215,89216,89217,89218,89219,89220,89221,89222,89223,89224,89225,89226,89227,89228,89229,89230,89232,89233,89234,89235,89236,89237,89238,89239,89240,89242,89244,89245,89246,89247,89248,89249,89250,89251,89252,89253,89254,89255,89256,89257,89259,89261,89262,89263,89264,89265,89266,89267,89268,89270,89271,89272,89273,89274,89276,89277,89278,89279,89280,89281,89282,89283,89284,89285,89286,89287,89288,89289,89290,89291,89292,89295,89296,89297,89298,89299,89300,89302,89303,89304,89306,89307,89308,89309,89310,89311,89312,89313,89314,89315,89316,89318,89319,89320,89321,89323,89324,89325,89326,89327,89328,89329,89331,89332,89333,89334,89335,89336,89337,89338,89339,89341,89342,89344,89345,89346,89347,89348,89349,89350,89351,89352,89353,89354,89355,89359,89360,89361,89362,89363,89364,89365,89367,89368,89369,89370,89371,89373,89374,89375,89376,89377,89378,89379,89380,89382,89383,89384,89385,89386,89387,89388,89390,89391,89392,89393,89394,89395,89397,89398,89399,89400,89402,89403,89404,89405,89406,89407,89408,89409,89410,89411,89412,89413,89414,89415,89416,89417,89418,89419,89420,89422,89423,89424,89425,89426,89427,89428,89430,89431,89432,89433,89434,89436,89437,89438,89439,89440,89441,89442,89443,89445,89446,89447,89449,89450,89451,89452,89453,89456,89458,89459,89460,89461,89462,89463,89464,89465,89466,89467,89468,89469,89470,89471,89472,89474,89475,89477,89478,89479,89480,89481,89482,89483,89485,89486}",SDED,2026-03-24 14:41:32.274366+01,gold_establishments_2025,,,,17890001500011,2025,Services de l'Etat,Département,['Yonne'],['Bourgogne-Franche-Comté'],PREFECTURE,{89},{27}
a2d99bea-abfd-43fe-ae0e-d552394f7324,177800018,Préfecture Yvelines,false,"{78003,78005,78006,78007,78009,78010,78013,78015,78020,78029,78030,78031,78033,78034,78036,78043,78048,78049,78050,78053,78057,78062,78068,78070,78071,78072,78073,78076,78077,78082,78084,78087,78089,78090,78092,78096,78104,78107,78108,78113,78117,78118,78120,78123,78124,78125,78126,78128,78133,78138,78140,78143,78146,78147,78152,78158,78160,78162,78163,78164,78165,78168,78171,78172,78185,78188,78189,78190,78192,78193,78194,78196,78202,78206,78208,78209,78217,78220,78224,78227,78230,78231,78233,78234,78236,78237,78238,78239,78242,78245,78246,78255,78261,78262,78263,78264,78265,78267,78269,78276,78278,78281,78283,78285,78289,78290,78291,78296,78297,78299,78300,78302,78305,78307,78310,78311,78314,78317,78320,78321,78322,78324,78325,78327,78329,78334,78335,78337,78343,78344,78346,78349,78350,78354,78356,78358,78361,78362,78364,78366,78367,78368,78372,78380,78381,78382,78383,78384,78385,78389,78391,78396,78397,78398,78401,78402,78403,78404,78406,78407,78410,78413,78415,78416,78417,78418,78420,78423,78431,78437,78439,78440,78442,78443,78444,78451,78455,78460,78464,78465,78466,78470,78472,78474,78475,78478,78481,78484,78486,78490,78497,78498,78499,78501,78502,78505,78506,78513,78516,78517,78518,78520,78522,78528,78530,78531,78536,78537,78545,78548,78550,78551,78557,78558,78559,78561,78562,78564,78565,78567,78569,78571,78575,78576,78586,78588,78590,78591,78597,78601,78605,78606,78608,78609,78615,78616,78618,78620,78621,78623,78624,78638,78640,78642,78643,78644,78646,78647,78650,78653,78655,78668,78672,78674,78677,78681,78683,78686,78688}",SDED,2026-03-24 14:41:32.274366+01,gold_establishments_2025,,,,17780001800067,2025,Services de l'Etat,Département,['Yvelines'],['Île-de-France'],PREFECTURE,{78},{11}
29f6f7c4-b97f-4959-b354-d6ee2f7420cf,177500006,Préfecture Île-de-France,false,"{75056,75101,75102,75103,75104,75105,75106,75107,75108,75109,75110,75111,75112,75113,75114,75115,75116,75117,75118,75119,75120,77001,77002,77003,77004,77005,77006,77007,77008,77009,77010,77011,77012,77013,77014,77015,77016,77018,77019,77020,77021,77022,77023,77024,77025,77026,77027,77029,77030,77031,77032,77033,77034,77035,77036,77037,77038,77039,77040,77041,77042,77043,77044,77045,77046,77047,77048,77049,77050,77051,77052,77053,77054,77055,77056,77057,77058,77059,77060,77061,77062,77063,77065,77066,77067,77068,77069,77070,77071,77072,77073,77075,77076,77077,77078,77079,77080,77081,77082,77083,77084,77085,77086,77087,77088,77089,77090,77091,77093,77094,77095,77096,77097,77098,77099,77100,77101,77102,77103,77104,77106,77107,77108,77109,77110,77111,77112,77113,77114,77115,77116,77117,77118,77119,77120,77121,77122,77123,77124,77125,77126,77127,77128,77129,77130,77131,77132,77133,77134,77135,77136,77137,77138,77139,77140,77141,77142,77143,77144,77145,77146,77147,77148,77150,77151,77152,77153,77154,77155,77156,77157,77158,77159,77161,77162,77163,77164,77165,77167,77168,77169,77171,77172,77173,77174,77175,77176,77177,77178,77179,77180,77181,77182,77183,77184,77185,77186,77187,77188,77190,77191,77192,77193,77194,77195,77196,77197,77198,77199,77200,77201,77202,77203,77204,77205,77206,77207,77208,77209,77210,77211,77212,77214,77215,77216,77217,77218,77219,77220,77221,77222,77223,77224,77225,77226,77227,77228,77229,77230,77231,77232,77233,77234,77235,77236,77237,77238,77239,77240,77241,77242,77243,77244,77245,77246,77247,77248,77249,77250,77251,77252,77253,77254,77255,77256,77257,77258,77259,77260,77261,77262,77263,77264,77265,77266,77267,77268,77269,77270,77271,77272,77273,77274,77275,77276,77277,77278,77279,77280,77281,77282,77283,77284,77285,77286,77287,77288,77289,77290,77291,77292,77293,77294,77295,77296,77297,77298,77300,77301,77302,77303,77304,77305,77306,77307,77308,77309,77310,77311,77312,77313,77314,77315,77316,77317,77318,77319,77320,77321,77322,77323,77325,77326,77327,77328,77329,77330,77331,77332,77333,77335,77336,77337,77338,77339,77340,77341,77342,77343,77344,77345,77347,77348,77349,77350,77352,77353,77354,77355,77356,77357,77358,77359,77360,77361,77363,77364,77365,77366,77367,77368,77369,77370,77371,77372,77373,77374,77376,77377,77378,77379,77380,77381,77382,77383,77384,77385,77386,77387,77388,77389,77390,77391,77392,77393,77394,77395,77396,77397,77398,77400,77401,77402,77403,77404,77405,77406,77407,77408,77409,77410,77411,77412,77413,77414,77415,77416,77417,77418,77419,77420,77421,77423,77424,77425,77426,77427,77428,77429,77430,77431,77432,77433,77434,77435,77436,77437,77438,77439,77440,77441,77442,77443,77444,77445,77446,77447,77448,77449,77450,77451,77452,77453,77454,77455,77456,77457,77458,77459,77460,77461,77462,77463,77464,77465,77466,77467,77468,77469,77470,77471,77472,77473,77474,77475,77476,77477,77478,77479,77480,77481,77482,77483,77484,77485,77486,77487,77489,77490,77492,77493,77494,77495,77496,77498,77500,77501,77504,77505,77506,77507,77508,77509,77510,77511,77512,77513,77514,77515,77516,77517,77518,77519,77520,77521,77522,77523,77524,77525,77526,77527,77528,77529,77530,77531,77532,77533,77534,78003,78005,78006,78007,78009,78010,78013,78015,78020,78029,78030,78031,78033,78034,78036,78043,78048,78049,78050,78053,78057,78062,78068,78070,78071,78072,78073,78076,78077,78082,78084,78087,78089,78090,78092,78096,78104,78107,78108,78113,78117,78118,78120,78123,78124,78125,78126,78128,78133,78138,78140,78143,78146,78147,78152,78158,78160,78162,78163,78164,78165,78168,78171,78172,78185,78188,78189,78190,78192,78193,78194,78196,78202,78206,78208,78209,78217,78220,78224,78227,78230,78231,78233,78234,78236,78237,78238,78239,78242,78245,78246,78255,78261,78262,78263,78264,78265,78267,78269,78276,78278,78281,78283,78285,78289,78290,78291,78296,78297,78299,78300,78302,78305,78307,78310,78311,78314,78317,78320,78321,78322,78324,78325,78327,78329,78334,78335,78337,78343,78344,78346,78349,78350,78354,78356,78358,78361,78362,78364,78366,78367,78368,78372,78380,78381,78382,78383,78384,78385,78389,78391,78396,78397,78398,78401,78402,78403,78404,78406,78407,78410,78413,78415,78416,78417,78418,78420,78423,78431,78437,78439,78440,78442,78443,78444,78451,78455,78460,78464,78465,78466,78470,78472,78474,78475,78478,78481,78484,78486,78490,78497,78498,78499,78501,78502,78505,78506,78513,78516,78517,78518,78520,78522,78528,78530,78531,78536,78537,78545,78548,78550,78551,78557,78558,78559,78561,78562,78564,78565,78567,78569,78571,78575,78576,78586,78588,78590,78591,78597,78601,78605,78606,78608,78609,78615,78616,78618,78620,78621,78623,78624,78638,78640,78642,78643,78644,78646,78647,78650,78653,78655,78668,78672,78674,78677,78681,78683,78686,78688,91001,91016,91017,91021,91022,91027,91035,91037,91038,91041,91044,91045,91047,91064,91067,91069,91075,91079,91080,91081,91085,91086,91093,91095,91097,91098,91099,91100,91103,91105,91106,91109,91111,91112,91114,91115,91121,91122,91129,91130,91131,91132,91135,91136,91137,91145,91148,91156,91159,91161,91174,91175,91179,91180,91184,91186,91191,91195,91198,91200,91201,91204,91207,91215,91216,91223,91225,91226,91228,91232,91235,91240,91243,91244,91247,91248,91249,91272,91273,91274,91275,91284,91286,91292,91293,91294,91312,91315,91318,91319,91326,91330,91332,91333,91338,91339,91340,91345,91347,91359,91363,91374,91376,91377,91378,91386,91390,91393,91399,91405,91408,91411,91412,91414,91421,91425,91432,91433,91434,91435,91441,91457,91458,91461,91463,91468,91469,91471,91473,91477,91479,91482,91494,91495,91507,91508,91511,91514,91519,91521,91525,91526,91533,91534,91538,91540,91544,91546,91547,91549,91552,91553,91556,91560,91568,91570,91573,91577,91578,91579,91581,91587,91589,91593,91599,91600,91602,91613,91617,91619,91629,91630,91631,91634,91635,91639,91645,91648,91649,91654,91657,91659,91661,91662,91665,91666,91667,91671,91679,91685,91687,91689,91691,91692,92002,92004,92007,92009,92012,92014,92019,92020,92022,92023,92024,92025,92026,92032,92033,92035,92036,92040,92044,92046,92047,92048,92049,92050,92051,92060,92062,92063,92064,92071,92072,92073,92075,92076,92077,92078,93001,93005,93006,93007,93008,93010,93013,93014,93015,93027,93029,93030,93031,93032,93033,93039,93045,93046,93047,93048,93049,93050,93051,93053,93055,93057,93061,93062,93063,93064,93066,93070,93071,93072,93073,93074,93077,93078,93079,94001,94002,94003,94004,94011,94015,94016,94017,94018,94019,94021,94022,94028,94033,94034,94037,94038,94041,94042,94043,94044,94046,94047,94048,94052,94053,94054,94055,94056,94058,94059,94060,94065,94067,94068,94069,94070,94071,94073,94074,94075,94076,94077,94078,94079,94080,94081,95002,95008,95011,95012,95014,95018,95019,95023,95024,95026,95028,95039,95040,95042,95046,95051,95052,95054,95055,95056,95058,95059,95060,95061,95063,95074,95078,95088,95091,95094,95101,95102,95110,95116,95119,95120,95127,95134,95139,95141,95142,95144,95149,95150,95151,95154,95157,95166,95169,95170,95176,95177,95181,95183,95197,95199,95203,95205,95210,95211,95212,95213,95214,95218,95219,95229,95241,95250,95252,95253,95254,95256,95257,95258,95268,95270,95271,95277,95280,95287,95288,95295,95298,95301,95303,95304,95306,95308,95309,95313,95316,95323,95328,95331,95341,95348,95351,95352,95353,95355,95365,95369,95370,95371,95379,95387,95388,95392,95394,95395,95409,95422,95424,95426,95427,95428,95429,95430,95436,95438,95445,95446,95447,95450,95452,95456,95459,95462,95476,95480,95483,95487,95488,95489,95491,95492,95493,95500,95504,95509,95510,95523,95527,95529,95535,95539,95541,95543,95554,95555,95563,95566,95572,95574,95580,95582,95584,95585,95592,95594,95598,95604,95607,95610,95611,95612,95625,95627,95628,95633,95637,95641,95651,95652,95656,95658,95660,95675,95676,95678,95680,95682,95690}","",2026-03-24 14:41:32.274366+01,gold_establishments_2025,,,,17750000600024,2025,Services de l'Etat,Région,"['Paris', 'Seine-et-Marne', 'Yvelines', 'Essonne', 'Hauts-de-Seine', 'Seine-Saint-Denis', 'Val-de-Ma",['Île-de-France'],PREFECTURE,"{75,77,78,91,92,93,94,95}",{11}
870fa851-0f2e-4fcc-94bd-efb6dfbc78a2,243500139,Rennes Métropole (35),false,"{35001,35022,35024,35032,35039,35047,35051,35055,35058,35059,35065,35066,35076,35079,35080,35081,35088,35120,35131,35139,35144,35180,35189,35196,35204,35206,35208,35210,35216,35238,35240,35245,35250,35266,35275,35278,35281,35315,35334,35351,35352,35353,35363}",ME,2026-03-24 14:41:51.447482+01,gold_establishments_2025,,,,24350013900189,2025,Collectivité Territoriale,Intercommunalité,['Ille-et-Vilaine'],['Bretagne'],METRO,{35},{53}
464bde99-ad11-4bad-bbfc-839b8eae5465,200053767,Région Auvergne-Rhône-Alpes,false,"{01001,01002,01004,01005,01006,01007,01008,01009,01010,01011,01012,01013,01014,01015,01016,01017,01019,01021,01022,01023,01024,01025,01026,01027,01028,01029,01030,01031,01032,01033,01034,01035,01036,01037,01038,01040,01041,01042,01043,01044,01045,01046,01047,01049,01050,01051,01052,01053,01054,01056,01057,01058,01060,01061,01062,01063,01064,01065,01066,01067,01068,01069,01071,01072,01073,01074,01075,01076,01077,01078,01079,01080,01081,01082,01083,01084,01085,01087,01088,01089,01090,01092,01093,01094,01095,01096,01098,01099,01100,01101,01102,01103,01104,01105,01106,01107,01108,01109,01110,01111,01112,01113,01114,01115,01116,01117,01118,01121,01123,01124,01125,01127,01128,01129,01130,01133,01134,01135,01136,01138,01139,01140,01141,01142,01143,01145,01146,01147,01148,01149,01150,01151,01152,01153,01155,01156,01157,01158,01159,01160,01162,01163,01165,01166,01167,01169,01170,01171,01173,01174,01175,01177,01179,01180,01181,01183,01184,01185,01187,01188,01189,01190,01191,01192,01193,01194,01195,01196,01197,01198,01199,01200,01202,01203,01204,01206,01207,01208,01209,01210,01211,01212,01213,01214,01215,01216,01219,01224,01225,01227,01228,01229,01230,01231,01232,01233,01234,01235,01236,01237,01238,01239,01240,01241,01242,01243,01244,01245,01246,01247,01248,01249,01250,01252,01254,01255,01257,01258,01259,01260,01261,01262,01263,01264,01265,01266,01267,01268,01269,01272,01273,01274,01275,01276,01277,01279,01280,01281,01282,01283,01284,01285,01286,01288,01289,01290,01291,01293,01294,01295,01296,01297,01298,01299,01301,01302,01303,01304,01305,01306,01307,01308,01309,01310,01311,01313,01314,01317,01318,01319,01320,01321,01322,01323,01325,01328,01329,01331,01332,01333,01334,01335,01336,01337,01338,01339,01342,01343,01344,01345,01346,01347,01348,01349,01350,01351,01352,01353,01354,01355,01356,01357,01358,01359,01360,01361,01362,01363,01364,01365,01366,01367,01368,01369,01370,01371,01372,01373,01374,01375,01376,01378,01379,01380,01381,01382,01383,01384,01385,01386,01387,01388,01389,01390,01391,01392,01393,01396,01397,01398,01399,01400,01401,01402,01403,01404,01405,01406,01407,01408,01410,01411,01412,01415,01416,01418,01419,01420,01421,01422,01423,01424,01425,01426,01427,01428,01429,01430,01431,01432,01433,01434,01435,01436,01437,01439,01441,01443,01444,01445,01446,01447,01448,01449,01450,01451,01452,01453,01454,01456,01457,03001,03002,03003,03004,03005,03006,03007,03008,03009,03010,03011,03012,03013,03014,03015,03016,03017,03018,03019,03020,03021,03022,03023,03024,03025,03026,03027,03028,03029,03030,03031,03032,03033,03034,03035,03036,03037,03038,03039,03040,03041,03042,03043,03044,03045,03046,03047,03048,03049,03050,03051,03052,03053,03054,03055,03056,03057,03058,03059,03060,03061,03062,03063,03064,03065,03066,03067,03068,03069,03070,03071,03072,03073,03074,03075,03076,03077,03078,03079,03080,03081,03082,03083,03084,03085,03086,03087,03088,03089,03090,03091,03092,03093,03094,03095,03096,03097,03098,03099,03100,03101,03102,03103,03104,03105,03106,03107,03108,03109,03110,03111,03112,03113,03114,03115,03116,03117,03118,03119,03120,03121,03122,03124,03125,03126,03127,03128,03129,03130,03131,03132,03133,03134,03135,03136,03137,03138,03139,03140,03141,03142,03143,03144,03145,03146,03147,03148,03149,03150,03151,03152,03154,03155,03156,03157,03158,03159,03160,03161,03162,03163,03164,03165,03166,03167,03168,03169,03170,03171,03172,03173,03174,03175,03176,03177,03178,03179,03180,03181,03182,03183,03184,03185,03186,03187,03188,03189,03190,03191,03192,03193,03194,03195,03196,03197,03198,03200,03201,03202,03203,03204,03205,03206,03207,03208,03209,03210,03211,03212,03213,03214,03215,03216,03217,03218,03219,03220,03221,03222,03223,03224,03225,03226,03227,03228,03229,03230,03231,03232,03233,03234,03235,03236,03237,03238,03239,03240,03241,03242,03243,03244,03245,03246,03247,03248,03249,03250,03251,03252,03253,03254,03255,03256,03257,03258,03259,03260,03261,03262,03263,03264,03265,03266,03267,03268,03269,03270,03271,03272,03273,03274,03275,03276,03277,03278,03279,03280,03281,03282,03283,03284,03285,03286,03287,03288,03289,03290,03291,03292,03293,03294,03295,03296,03297,03298,03299,03300,03301,03302,03303,03304,03305,03306,03307,03308,03309,03310,03311,03312,03313,03314,03315,03316,03317,03319,03320,03321,07001,07002,07003,07004,07005,07006,07007,07008,07009,07010,07011,07012,07013,07014,07015,07017,07018,07019,07020,07022,07023,07024,07025,07026,07027,07028,07029,07030,07031,07032,07033,07034,07035,07036,07037,07038,07039,07040,07041,07042,07044,07045,07047,07048,07049,07050,07051,07052,07053,07054,07055,07056,07058,07059,07060,07061,07062,07063,07064,07065,07066,07067,07068,07069,07070,07071,07072,07073,07074,07075,07076,07077,07078,07079,07080,07081,07082,07083,07084,07085,07086,07087,07088,07089,07090,07091,07092,07093,07094,07095,07096,07097,07098,07099,07100,07101,07102,07103,07104,07105,07106,07107,07108,07109,07110,07111,07112,07113,07114,07115,07116,07117,07118,07119,07120,07121,07122,07123,07124,07126,07127,07128,07129,07130,07131,07132,07133,07134,07136,07137,07138,07139,07140,07141,07142,07143,07144,07145,07146,07147,07148,07149,07150,07151,07152,07153,07154,07155,07156,07157,07158,07159,07160,07161,07162,07163,07165,07166,07167,07168,07169,07170,07171,07172,07173,07174,07175,07176,07177,07178,07179,07181,07182,07183,07184,07185,07186,07187,07188,07189,07190,07191,07192,07193,07194,07195,07196,07197,07198,07199,07200,07201,07202,07203,07204,07205,07206,07207,07208,07209,07210,07211,07212,07213,07214,07215,07216,07217,07218,07219,07220,07221,07222,07223,07224,07225,07226,07227,07228,07229,07230,07231,07232,07233,07234,07235,07236,07237,07238,07239,07240,07241,07242,07243,07244,07245,07247,07248,07249,07250,07251,07253,07254,07255,07257,07258,07259,07260,07261,07262,07263,07264,07265,07266,07267,07268,07269,07270,07272,07273,07274,07275,07276,07277,07278,07279,07280,07281,07282,07283,07284,07285,07286,07287,07288,07289,07290,07291,07292,07293,07294,07295,07296,07297,07298,07299,07300,07301,07302,07303,07304,07305,07306,07307,07308,07309,07310,07311,07312,07313,07314,07315,07316,07317,07318,07319,07321,07322,07323,07324,07325,07326,07327,07328,07329,07330,07331,07332,07333,07334,07335,07336,07337,07338,07339,07340,07341,07342,07343,07344,07345,07346,07347,07348,07349,15001,15002,15003,15004,15005,15006,15007,15008,15009,15010,15011,15012,15013,15014,15015,15016,15017,15018,15019,15020,15021,15022,15024,15025,15026,15027,15028,15029,15030,15032,15033,15034,15036,15037,15038,15040,15041,15042,15043,15045,15046,15048,15049,15050,15051,15052,15053,15054,15055,15056,15057,15058,15059,15060,15061,15063,15064,15065,15066,15067,15069,15070,15072,15073,15074,15075,15076,15077,15078,15079,15080,15081,15082,15083,15084,15085,15086,15087,15088,15089,15090,15091,15092,15093,15094,15095,15096,15097,15098,15100,15101,15102,15103,15104,15105,15106,15107,15108,15110,15111,15112,15113,15114,15116,15117,15118,15119,15120,15121,15122,15123,15124,15125,15126,15127,15128,15129,15130,15131,15132,15133,15134,15135,15137,15138,15139,15140,15141,15142,15143,15144,15146,15147,15148,15149,15151,15152,15153,15154,15155,15156,15157,15158,15159,15160,15161,15162,15163,15164,15165,15166,15167,15168,15169,15170,15172,15173,15174,15175,15176,15178,15179,15180,15181,15182,15183,15184,15185,15186,15187,15188,15189,15190,15191,15192,15194,15196,15198,15199,15200,15201,15202,15203,15204,15205,15206,15207,15208,15209,15211,15212,15213,15214,15215,15216,15217,15218,15219,15220,15221,15222,15223,15224,15225,15226,15228,15229,15230,15231,15232,15233,15234,15235,15236,15237,15238,15240,15241,15242,15243,15244,15245,15246,15247,15248,15249,15250,15251,15252,15253,15254,15255,15256,15257,15258,15259,15260,15261,15262,15263,15264,15265,15266,15267,15268,15269,26001,26002,26003,26004,26005,26006,26007,26008,26009,26010,26011,26012,26013,26014,26015,26016,26017,26018,26019,26020,26021,26022,26023,26024,26025,26026,26027,26028,26030,26031,26032,26033,26034,26035,26036,26037,26038,26039,26040,26041,26042,26043,26045,26046,26047,26048,26049,26050,26051,26052,26054,26055,26056,26057,26058,26059,26060,26061,26062,26063,26064,26065,26066,26067,26068,26069,26070,26071,26072,26073,26074,26075,26076,26077,26078,26079,26080,26081,26082,26083,26084,26085,26086,26087,26088,26089,26090,26091,26092,26093,26094,26095,26096,26097,26098,26099,26100,26101,26102,26103,26104,26105,26106,26107,26108,26110,26111,26112,26113,26114,26115,26116,26117,26118,26119,26121,26122,26123,26124,26125,26126,26127,26128,26129,26130,26131,26133,26134,26135,26136,26137,26138,26139,26140,26141,26142,26143,26144,26145,26146,26147,26148,26149,26150,26152,26153,26154,26155,26156,26157,26159,26160,26161,26162,26163,26164,26165,26166,26167,26168,26169,26170,26171,26172,26173,26174,26175,26176,26177,26178,26179,26180,26181,26182,26183,26185,26186,26188,26189,26190,26191,26192,26193,26194,26195,26196,26197,26198,26199,26200,26201,26202,26203,26204,26205,26206,26207,26208,26209,26210,26211,26212,26213,26214,26215,26216,26217,26218,26220,26221,26222,26223,26224,26225,26226,26227,26228,26229,26231,26232,26233,26234,26235,26236,26238,26239,26240,26241,26242,26243,26244,26245,26246,26247,26248,26249,26250,26251,26252,26253,26254,26255,26256,26257,26258,26259,26261,26262,26263,26264,26266,26267,26268,26269,26270,26271,26272,26273,26274,26275,26276,26277,26278,26279,26281,26282,26283,26284,26285,26286,26287,26288,26289,26290,26291,26292,26293,26294,26295,26296,26298,26299,26300,26301,26302,26303,26304,26305,26306,26307,26308,26309,26310,26311,26312,26313,26314,26315,26316,26317,26318,26319,26320,26321,26322,26323,26324,26325,26326,26327,26328,26329,26330,26331,26332,26333,26334,26335,26336,26337,26338,26339,26340,26341,26342,26343,26344,26345,26346,26347,26348,26349,26350,26351,26352,26353,26355,26356,26357,26358,26359,26360,26361,26362,26363,26364,26365,26367,26368,26369,26370,26372,26373,26374,26375,26376,26377,26378,26379,26380,26381,26382,38001,38002,38003,38004,38005,38006,38008,38009,38010,38011,38012,38013,38015,38017,38018,38019,38020,38022,38023,38026,38027,38029,38030,38031,38032,38033,38034,38035,38036,38037,38038,38039,38040,38041,38042,38043,38044,38045,38046,38047,38048,38049,38050,38051,38052,38053,38054,38055,38056,38057,38058,38059,38060,38061,38062,38063,38064,38065,38066,38067,38068,38069,38070,38071,38072,38073,38074,38075,38076,38077,38078,38080,38081,38082,38083,38084,38085,38086,38087,38089,38090,38091,38092,38093,38094,38095,38097,38098,38099,38100,38101,38102,38103,38104,38105,38106,38107,38108,38109,38110,38111,38112,38113,38114,38115,38116,38117,38118,38120,38124,38126,38127,38128,38129,38130,38131,38132,38133,38134,38135,38136,38137,38138,38139,38140,38141,38144,38146,38147,38148,38149,38150,38151,38152,38153,38154,38155,38156,38157,38158,38159,38160,38161,38162,38163,38166,38167,38169,38170,38171,38172,38173,38174,38175,38176,38177,38179,38180,38181,38182,38183,38184,38185,38186,38187,38188,38189,38190,38191,38192,38193,38194,38195,38197,38198,38199,38200,38203,38204,38205,38206,38207,38208,38209,38210,38211,38212,38213,38214,38215,38216,38217,38218,38219,38221,38222,38223,38224,38225,38226,38228,38229,38230,38231,38232,38235,38236,38237,38238,38239,38240,38241,38242,38243,38244,38245,38246,38247,38248,38249,38250,38252,38253,38254,38255,38256,38257,38258,38259,38260,38261,38263,38264,38265,38266,38267,38268,38269,38270,38271,38272,38273,38275,38276,38277,38278,38279,38280,38281,38282,38283,38284,38285,38286,38287,38288,38289,38290,38291,38292,38294,38295,38296,38297,38298,38299,38300,38301,38303,38304,38307,38308,38309,38310,38311,38313,38314,38315,38316,38317,38318,38319,38320,38321,38322,38323,38324,38325,38326,38328,38329,38330,38331,38332,38333,38334,38335,38336,38337,38338,38339,38340,38341,38342,38343,38344,38345,38346,38347,38348,38349,38350,38351,38352,38353,38354,38355,38356,38357,38358,38359,38360,38361,38362,38363,38364,38365,38366,38368,38369,38370,38372,38373,38374,38375,38376,38377,38378,38379,38380,38381,38382,38383,38384,38386,38387,38388,38389,38390,38391,38392,38393,38394,38395,38396,38397,38398,38399,38400,38401,38402,38403,38404,38405,38406,38407,38408,38409,38410,38412,38413,38414,38415,38416,38417,38418,38419,38420,38421,38422,38423,38424,38425,38426,38427,38428,38429,38430,38431,38432,38433,38434,38436,38437,38438,38439,38440,38442,38443,38444,38445,38446,38448,38449,38450,38451,38452,38453,38454,38455,38456,38457,38458,38459,38460,38462,38463,38464,38465,38466,38467,38468,38469,38470,38471,38472,38473,38474,38475,38476,38478,38479,38480,38481,38483,38484,38485,38486,38487,38488,38489,38490,38492,38494,38495,38496,38497,38498,38499,38500,38501,38503,38504,38505,38507,38508,38509,38511,38512,38513,38514,38515,38516,38517,38518,38519,38520,38521,38522,38523,38524,38525,38526,38527,38528,38529,38530,38531,38532,38533,38535,38536,38537,38538,38539,38540,38542,38543,38544,38545,38546,38547,38548,38549,38550,38551,38552,38553,38554,38555,38556,38557,38558,38559,38560,38561,38562,38563,38564,38565,38566,38567,42001,42002,42003,42005,42006,42007,42008,42009,42010,42011,42012,42013,42014,42015,42016,42017,42018,42019,42020,42021,42022,42023,42025,42026,42027,42028,42029,42030,42031,42032,42033,42034,42035,42036,42037,42038,42039,42040,42041,42042,42043,42044,42045,42046,42047,42048,42049,42050,42051,42052,42053,42054,42055,42056,42058,42059,42060,42061,42062,42063,42064,42065,42066,42067,42068,42069,42070,42071,42073,42074,42075,42076,42077,42078,42079,42081,42083,42084,42085,42086,42087,42088,42089,42090,42091,42092,42093,42094,42095,42096,42097,42098,42099,42100,42101,42102,42103,42104,42105,42106,42107,42108,42110,42112,42113,42115,42116,42117,42118,42119,42120,42121,42122,42123,42124,42125,42126,42127,42128,42129,42130,42131,42132,42133,42134,42135,42136,42137,42138,42139,42140,42141,42142,42143,42145,42146,42147,42148,42149,42150,42151,42152,42153,42154,42155,42156,42157,42158,42159,42160,42161,42162,42163,42164,42165,42166,42167,42168,42169,42170,42171,42172,42173,42174,42175,42176,42177,42178,42179,42180,42181,42182,42183,42184,42185,42186,42187,42188,42189,42191,42192,42193,42194,42195,42196,42197,42198,42199,42200,42201,42202,42203,42204,42205,42206,42207,42208,42209,42210,42211,42212,42213,42214,42215,42216,42217,42218,42219,42220,42221,42222,42223,42224,42225,42226,42227,42228,42229,42230,42231,42232,42233,42234,42235,42236,42237,42238,42239,42240,42241,42242,42243,42245,42246,42247,42248,42249,42251,42253,42254,42255,42256,42257,42259,42260,42261,42262,42264,42265,42266,42267,42268,42269,42270,42271,42272,42273,42274,42275,42276,42277,42278,42279,42280,42281,42282,42283,42284,42285,42286,42287,42288,42289,42290,42293,42294,42295,42296,42297,42298,42299,42300,42301,42302,42303,42304,42305,42306,42307,42308,42310,42311,42312,42313,42314,42315,42316,42317,42318,42319,42320,42321,42322,42323,42324,42325,42326,42327,42328,42329,42330,42331,42332,42333,42334,42335,42336,42337,42338,42339,43001,43002,43003,43004,43005,43006,43007,43008,43009,43010,43011,43012,43013,43014,43015,43016,43017,43018,43019,43020,43021,43022,43023,43024,43025,43026,43027,43028,43029,43030,43031,43032,43033,43034,43035,43036,43037,43038,43039,43040,43041,43042,43043,43044,43045,43046,43047,43048,43049,43050,43051,43052,43053,43054,43055,43056,43057,43058,43059,43060,43061,43062,43063,43064,43065,43066,43067,43068,43069,43070,43071,43072,43073,43074,43075,43076,43077,43078,43079,43080,43082,43083,43084,43085,43086,43087,43088,43089,43090,43091,43092,43093,43094,43095,43096,43097,43098,43099,43100,43101,43102,43103,43104,43105,43106,43107,43108,43109,43110,43111,43112,43113,43114,43115,43116,43117,43118,43119,43120,43121,43122,43123,43124,43125,43126,43127,43128,43129,43130,43131,43132,43133,43134,43135,43136,43137,43138,43139,43140,43141,43142,43143,43144,43145,43147,43148,43149,43150,43151,43152,43153,43154,43155,43156,43157,43158,43159,43160,43162,43163,43164,43165,43166,43167,43168,43169,43170,43171,43172,43173,43174,43175,43177,43178,43180,43181,43182,43183,43184,43185,43186,43187,43188,43189,43190,43191,43192,43193,43194,43195,43196,43197,43198,43199,43200,43201,43202,43203,43204,43205,43206,43207,43208,43210,43211,43212,43213,43214,43215,43216,43217,43218,43219,43220,43221,43222,43223,43224,43225,43226,43227,43228,43229,43230,43231,43232,43233,43234,43236,43237,43238,43239,43240,43241,43242,43244,43245,43246,43247,43249,43250,43251,43252,43253,43254,43256,43257,43258,43259,43260,43261,43262,43263,43264,43265,43267,43268,63001,63002,63003,63004,63005,63006,63007,63008,63009,63010,63011,63012,63013,63014,63015,63016,63017,63019,63020,63021,63022,63023,63024,63025,63026,63027,63028,63029,63030,63031,63032,63033,63034,63035,63036,63037,63038,63039,63040,63041,63042,63043,63044,63045,63046,63047,63048,63049,63050,63051,63052,63053,63054,63055,63056,63057,63058,63059,63060,63061,63062,63063,63064,63065,63066,63067,63069,63070,63071,63072,63073,63074,63075,63076,63077,63079,63080,63081,63082,63083,63084,63085,63086,63087,63088,63089,63090,63091,63092,63093,63094,63095,63096,63097,63098,63099,63100,63101,63102,63103,63104,63105,63106,63107,63108,63109,63110,63111,63112,63113,63114,63115,63116,63117,63118,63119,63120,63121,63122,63123,63124,63125,63126,63128,63129,63130,63131,63132,63134,63135,63136,63137,63138,63139,63140,63141,63142,63143,63144,63145,63146,63147,63148,63149,63150,63151,63152,63153,63154,63155,63156,63157,63158,63159,63160,63161,63162,63163,63164,63165,63166,63167,63168,63169,63170,63171,63172,63173,63174,63175,63176,63177,63178,63179,63180,63181,63182,63183,63184,63185,63186,63187,63188,63189,63190,63191,63192,63193,63194,63195,63196,63197,63198,63199,63200,63201,63202,63203,63204,63205,63206,63207,63208,63209,63210,63211,63212,63213,63214,63215,63216,63218,63219,63220,63221,63222,63223,63224,63225,63226,63227,63228,63229,63230,63231,63232,63233,63234,63235,63236,63237,63238,63239,63240,63241,63242,63243,63244,63245,63246,63247,63248,63249,63250,63251,63252,63253,63254,63255,63256,63257,63258,63259,63260,63261,63262,63263,63264,63265,63267,63268,63269,63270,63271,63272,63273,63274,63275,63276,63277,63278,63279,63280,63281,63282,63283,63284,63285,63286,63287,63288,63289,63290,63291,63292,63293,63294,63295,63296,63297,63298,63299,63300,63301,63302,63303,63304,63305,63306,63307,63308,63309,63310,63311,63312,63313,63314,63315,63317,63318,63319,63320,63321,63322,63323,63324,63325,63326,63327,63328,63329,63331,63332,63333,63334,63335,63336,63337,63338,63339,63340,63341,63342,63343,63344,63345,63346,63347,63348,63349,63350,63351,63352,63353,63354,63355,63356,63357,63358,63359,63360,63362,63363,63364,63365,63366,63367,63368,63369,63370,63371,63372,63373,63374,63375,63376,63377,63378,63379,63380,63381,63382,63383,63384,63385,63386,63387,63388,63389,63390,63391,63392,63393,63394,63395,63396,63397,63398,63399,63400,63401,63402,63403,63404,63405,63406,63407,63408,63409,63410,63411,63412,63413,63414,63415,63416,63417,63418,63419,63420,63421,63422,63423,63424,63425,63426,63427,63428,63429,63430,63431,63432,63433,63434,63435,63436,63437,63438,63439,63440,63441,63442,63443,63444,63445,63446,63447,63448,63449,63450,63451,63452,63453,63454,63455,63456,63457,63458,63459,63460,63461,63462,63463,63464,63465,63466,63467,63468,63469,63470,63471,63472,63473,69001,69002,69003,69004,69005,69006,69007,69008,69009,69010,69012,69013,69014,69016,69017,69018,69019,69020,69021,69022,69023,69024,69026,69027,69028,69029,69030,69031,69032,69033,69034,69035,69036,69037,69038,69039,69040,69042,69043,69044,69045,69046,69047,69049,69050,69051,69052,69053,69054,69055,69056,69057,69058,69059,69060,69061,69062,69063,69064,69065,69066,69067,69068,69069,69070,69071,69072,69074,69075,69076,69077,69078,69080,69081,69082,69083,69084,69085,69086,69087,69088,69089,69090,69091,69092,69093,69094,69095,69096,69097,69098,69099,69100,69102,69103,69104,69105,69106,69107,69108,69109,69110,69111,69112,69113,69115,69116,69117,69118,69119,69120,69121,69122,69123,69124,69125,69126,69127,69130,69131,69132,69133,69134,69135,69136,69137,69138,69139,69140,69141,69142,69143,69145,69148,69149,69151,69153,69154,69155,69156,69157,69160,69161,69162,69163,69164,69165,69166,69167,69168,69169,69170,69171,69172,69173,69174,69175,69176,69177,69178,69179,69180,69181,69182,69183,69184,69186,69187,69188,69189,69190,69191,69192,69193,69194,69196,69197,69198,69199,69200,69201,69202,69203,69204,69205,69206,69207,69208,69209,69212,69214,69215,69216,69217,69218,69219,69220,69225,69227,69228,69229,69230,69231,69233,69234,69235,69236,69238,69239,69240,69241,69242,69243,69244,69245,69246,69248,69249,69250,69252,69253,69254,69255,69256,69257,69258,69259,69260,69261,69263,69264,69265,69266,69267,69268,69269,69270,69271,69272,69273,69275,69276,69277,69278,69279,69280,69281,69282,69283,69284,69285,69286,69287,69288,69289,69290,69291,69292,69293,69294,69295,69296,69297,69298,69299,69381,69382,69383,69384,69385,69386,69387,69388,69389,73001,73003,73004,73005,73006,73007,73008,73010,73011,73012,73013,73014,73015,73017,73018,73019,73020,73021,73022,73023,73024,73025,73026,73027,73028,73029,73030,73031,73032,73033,73034,73036,73039,73040,73041,73042,73043,73047,73048,73049,73050,73051,73052,73053,73054,73055,73057,73058,73059,73061,73063,73064,73065,73067,73068,73069,73070,73071,73072,73073,73074,73075,73076,73077,73078,73079,73081,73082,73083,73084,73085,73086,73087,73088,73089,73090,73091,73092,73094,73095,73096,73097,73098,73099,73100,73101,73103,73104,73105,73106,73107,73109,73110,73113,73114,73116,73117,73119,73120,73121,73122,73123,73124,73128,73129,73130,73131,73132,73133,73135,73137,73138,73139,73140,73141,73142,73145,73146,73147,73149,73150,73151,73152,73153,73154,73155,73156,73157,73159,73160,73161,73162,73164,73166,73168,73170,73171,73173,73175,73176,73177,73178,73179,73180,73181,73182,73183,73184,73186,73187,73188,73189,73190,73191,73192,73193,73194,73196,73197,73200,73201,73202,73204,73205,73206,73207,73208,73210,73211,73212,73213,73214,73215,73216,73217,73218,73219,73220,73221,73222,73223,73224,73225,73226,73227,73228,73229,73230,73231,73232,73233,73234,73235,73236,73237,73240,73241,73242,73243,73245,73246,73247,73248,73249,73250,73252,73253,73254,73255,73256,73257,73258,73259,73261,73262,73263,73265,73267,73268,73269,73270,73271,73272,73273,73274,73275,73276,73277,73278,73280,73281,73282,73283,73284,73285,73286,73288,73289,73290,73292,73293,73294,73296,73297,73298,73299,73300,73301,73302,73303,73304,73306,73307,73308,73309,73310,73311,73312,73313,73314,73315,73316,73317,73318,73320,73322,73323,73324,73326,73327,73328,73329,73330,74001,74002,74003,74004,74005,74006,74007,74008,74009,74010,74012,74013,74014,74015,74016,74018,74019,74020,74021,74024,74025,74026,74027,74029,74030,74031,74032,74033,74034,74035,74036,74037,74038,74040,74041,74042,74043,74044,74045,74046,74048,74049,74050,74051,74052,74053,74054,74055,74056,74057,74058,74059,74060,74061,74062,74063,74064,74065,74066,74067,74068,74069,74070,74071,74072,74073,74074,74075,74076,74077,74078,74079,74080,74081,74082,74083,74085,74086,74087,74088,74089,74090,74091,74094,74095,74096,74097,74098,74099,74100,74101,74102,74103,74104,74105,74106,74107,74108,74109,74111,74112,74114,74116,74117,74118,74119,74121,74122,74123,74124,74126,74127,74128,74129,74130,74131,74133,74134,74135,74136,74137,74138,74139,74140,74141,74142,74143,74144,74145,74146,74147,74148,74150,74151,74152,74153,74154,74155,74156,74157,74158,74159,74160,74161,74162,74163,74164,74165,74166,74167,74168,74169,74170,74171,74172,74173,74174,74175,74176,74177,74178,74179,74180,74183,74184,74185,74186,74188,74189,74190,74191,74192,74193,74194,74195,74196,74197,74198,74199,74200,74201,74202,74203,74205,74206,74208,74209,74210,74211,74212,74213,74215,74216,74218,74219,74220,74221,74222,74223,74224,74225,74226,74228,74229,74231,74232,74233,74234,74235,74236,74237,74238,74239,74240,74241,74242,74243,74244,74249,74250,74252,74253,74254,74255,74256,74257,74258,74259,74260,74261,74262,74263,74264,74265,74266,74267,74269,74271,74272,74273,74275,74276,74278,74279,74280,74281,74282,74283,74284,74285,74286,74287,74288,74289,74290,74291,74292,74293,74294,74295,74296,74297,74298,74299,74301,74302,74303,74304,74305,74306,74307,74308,74309,74310,74311,74312,74313,74314,74315}",REG,2026-03-24 14:41:49.581307+01,gold_establishments_2025,,,,20005376700014,2025,Collectivité Territoriale,Région,"['Ain', 'Allier', 'Ardèche', 'Cantal', 'Drôme', 'Isère', 'Loire', 'Haute-Loire', 'Puy-de-Dôme', 'Rhô",['Auvergne-Rhône-Alpes'],REG,"{01,03,07,15,26,38,42,43,63,69,73,74}",{84}
e131a167-0b29-46f1-80af-fa5754a34e66,200053726,Région Bourgogne-Franche-Comté,false,"{21001,21002,21003,21004,21005,21006,21007,21008,21009,21010,21011,21012,21013,21014,21015,21016,21017,21018,21020,21021,21022,21023,21024,21025,21026,21027,21028,21029,21030,21031,21032,21033,21034,21035,21036,21037,21038,21039,21040,21041,21042,21043,21044,21045,21046,21047,21048,21049,21050,21051,21052,21053,21054,21055,21056,21057,21058,21059,21060,21061,21062,21063,21064,21065,21066,21067,21068,21069,21070,21071,21072,21074,21075,21076,21077,21078,21079,21080,21081,21082,21083,21084,21085,21086,21087,21088,21089,21090,21091,21092,21093,21094,21095,21096,21097,21098,21099,21100,21101,21102,21103,21104,21105,21106,21107,21108,21109,21110,21111,21112,21113,21114,21115,21116,21117,21118,21119,21120,21121,21122,21123,21124,21125,21126,21127,21128,21129,21130,21131,21132,21133,21134,21135,21136,21137,21138,21139,21140,21141,21142,21143,21144,21145,21146,21147,21148,21149,21150,21151,21152,21153,21154,21155,21156,21157,21158,21159,21160,21161,21162,21163,21164,21165,21166,21167,21168,21169,21170,21171,21172,21173,21175,21176,21177,21178,21179,21180,21181,21182,21183,21184,21185,21186,21187,21189,21190,21191,21192,21193,21194,21195,21196,21197,21198,21199,21200,21201,21202,21203,21204,21205,21207,21208,21209,21210,21211,21212,21214,21215,21216,21217,21218,21219,21220,21221,21222,21223,21224,21225,21226,21227,21228,21229,21230,21231,21232,21233,21234,21235,21236,21237,21238,21239,21240,21241,21242,21243,21244,21245,21246,21247,21248,21249,21250,21251,21252,21253,21254,21255,21256,21257,21258,21259,21260,21261,21262,21263,21264,21265,21266,21267,21268,21269,21270,21271,21272,21273,21274,21275,21276,21277,21278,21279,21280,21281,21282,21283,21284,21285,21286,21287,21288,21289,21290,21291,21292,21293,21294,21295,21296,21297,21298,21299,21300,21301,21302,21303,21304,21305,21306,21307,21308,21309,21310,21311,21312,21313,21314,21315,21316,21317,21319,21320,21321,21322,21323,21324,21325,21326,21327,21328,21329,21330,21331,21332,21333,21334,21335,21336,21337,21338,21339,21340,21341,21342,21343,21344,21345,21346,21347,21348,21349,21350,21351,21352,21353,21354,21355,21356,21357,21358,21359,21360,21361,21362,21363,21364,21365,21366,21367,21368,21369,21370,21371,21372,21373,21374,21375,21376,21377,21378,21379,21380,21381,21382,21383,21384,21385,21386,21387,21388,21389,21390,21391,21392,21393,21394,21395,21396,21397,21398,21399,21400,21401,21402,21403,21404,21405,21406,21407,21408,21409,21410,21411,21412,21413,21414,21415,21416,21417,21418,21419,21420,21421,21422,21423,21424,21425,21426,21427,21428,21429,21430,21431,21432,21433,21434,21435,21436,21437,21438,21439,21440,21441,21442,21444,21445,21446,21447,21448,21449,21450,21451,21452,21454,21455,21456,21457,21458,21459,21460,21461,21462,21463,21464,21465,21466,21467,21468,21469,21470,21471,21472,21473,21474,21475,21476,21477,21478,21479,21480,21481,21482,21483,21484,21485,21487,21488,21489,21490,21491,21492,21493,21494,21495,21496,21497,21498,21499,21500,21501,21502,21503,21504,21505,21506,21508,21510,21511,21512,21514,21515,21516,21517,21518,21519,21520,21521,21522,21523,21524,21525,21526,21527,21528,21529,21530,21531,21532,21533,21534,21535,21536,21537,21538,21539,21540,21541,21542,21543,21544,21545,21546,21547,21548,21549,21550,21552,21553,21554,21555,21556,21557,21558,21559,21560,21561,21562,21563,21564,21565,21566,21567,21568,21569,21570,21571,21572,21573,21574,21575,21576,21577,21578,21579,21580,21581,21582,21583,21584,21585,21586,21587,21588,21589,21590,21591,21592,21593,21594,21595,21596,21597,21598,21599,21600,21601,21602,21603,21604,21605,21606,21607,21608,21609,21610,21611,21612,21613,21614,21615,21616,21617,21618,21619,21620,21622,21623,21624,21625,21626,21627,21628,21629,21630,21631,21632,21633,21634,21635,21636,21637,21638,21639,21640,21641,21642,21643,21644,21645,21646,21647,21648,21649,21650,21651,21652,21653,21655,21656,21657,21659,21660,21661,21662,21663,21664,21665,21666,21667,21669,21670,21671,21672,21673,21674,21675,21676,21677,21678,21679,21680,21681,21682,21683,21684,21685,21686,21687,21688,21689,21690,21691,21692,21693,21694,21695,21696,21698,21699,21700,21701,21702,21703,21704,21705,21706,21707,21708,21709,21710,21711,21712,21713,21714,21715,21716,21717,25001,25002,25003,25004,25005,25006,25007,25008,25009,25011,25012,25013,25014,25015,25016,25017,25018,25019,25020,25021,25022,25024,25025,25026,25029,25030,25031,25032,25033,25035,25036,25038,25039,25040,25041,25042,25043,25044,25045,25046,25047,25048,25049,25050,25051,25052,25053,25054,25055,25056,25057,25058,25059,25060,25061,25062,25063,25065,25066,25067,25070,25071,25072,25073,25074,25075,25077,25078,25079,25082,25083,25084,25085,25086,25087,25088,25089,25090,25091,25092,25093,25094,25095,25096,25097,25098,25099,25100,25101,25102,25103,25104,25105,25106,25107,25108,25109,25110,25111,25112,25113,25114,25115,25116,25117,25119,25120,25121,25122,25124,25125,25126,25127,25129,25130,25131,25132,25133,25136,25138,25139,25141,25142,25143,25145,25147,25148,25149,25150,25151,25152,25153,25154,25155,25156,25157,25159,25160,25161,25162,25163,25164,25166,25170,25171,25172,25173,25174,25175,25176,25177,25178,25179,25180,25181,25182,25183,25184,25185,25186,25187,25188,25189,25190,25191,25192,25193,25194,25195,25196,25197,25198,25199,25200,25201,25202,25203,25204,25207,25208,25209,25210,25211,25212,25213,25214,25215,25216,25217,25218,25219,25220,25221,25222,25223,25224,25225,25226,25227,25228,25229,25230,25231,25232,25233,25234,25235,25236,25237,25238,25239,25240,25241,25242,25243,25244,25245,25246,25247,25248,25249,25251,25252,25253,25254,25255,25256,25257,25258,25259,25261,25262,25263,25264,25265,25266,25267,25268,25269,25270,25271,25273,25274,25275,25276,25277,25278,25279,25280,25281,25283,25284,25285,25286,25287,25288,25289,25290,25293,25295,25296,25298,25299,25300,25301,25304,25305,25306,25307,25308,25309,25310,25311,25312,25313,25314,25315,25316,25317,25318,25320,25321,25322,25323,25324,25325,25326,25327,25328,25329,25330,25331,25332,25333,25334,25335,25336,25338,25339,25340,25341,25342,25343,25344,25345,25346,25348,25349,25350,25351,25354,25355,25356,25357,25359,25360,25361,25362,25364,25365,25366,25367,25368,25369,25370,25371,25372,25373,25374,25375,25376,25377,25378,25379,25380,25381,25382,25383,25384,25385,25386,25387,25388,25389,25390,25391,25392,25393,25394,25395,25397,25400,25401,25402,25403,25404,25405,25406,25408,25410,25411,25413,25414,25415,25416,25417,25418,25419,25420,25421,25422,25424,25425,25426,25427,25428,25429,25430,25431,25432,25433,25434,25435,25436,25437,25438,25439,25440,25441,25442,25443,25444,25445,25446,25447,25448,25449,25450,25451,25452,25453,25454,25455,25456,25457,25458,25459,25460,25461,25462,25463,25464,25465,25466,25467,25468,25469,25470,25471,25472,25473,25474,25475,25476,25477,25478,25479,25481,25482,25483,25485,25486,25487,25488,25489,25490,25491,25492,25493,25494,25495,25496,25497,25498,25499,25500,25501,25502,25503,25504,25505,25506,25507,25508,25510,25511,25512,25513,25514,25515,25516,25517,25518,25519,25520,25521,25522,25523,25524,25525,25526,25527,25528,25529,25532,25534,25535,25536,25537,25538,25539,25540,25541,25542,25544,25545,25546,25547,25548,25550,25551,25552,25553,25554,25555,25556,25557,25558,25559,25560,25561,25562,25563,25564,25565,25566,25567,25569,25570,25571,25572,25573,25574,25575,25578,25579,25580,25582,25583,25584,25586,25588,25589,25590,25591,25592,25594,25595,25596,25597,25598,25599,25600,25601,25602,25604,25605,25607,25608,25609,25611,25612,25613,25614,25615,25616,25617,25618,25619,25621,25622,25623,25624,25625,25626,25627,25629,25630,25631,25632,25633,25634,25635,39001,39002,39003,39004,39006,39007,39008,39009,39010,39011,39013,39014,39015,39016,39017,39018,39019,39020,39021,39022,39024,39025,39026,39027,39028,39029,39030,39031,39032,39034,39035,39037,39038,39039,39040,39041,39042,39043,39045,39046,39047,39048,39049,39050,39051,39052,39053,39054,39055,39056,39057,39058,39059,39060,39061,39062,39063,39065,39066,39068,39070,39072,39073,39074,39076,39077,39078,39079,39080,39081,39083,39084,39085,39086,39088,39090,39091,39092,39093,39094,39095,39096,39097,39099,39100,39101,39102,39103,39104,39105,39106,39107,39108,39109,39110,39111,39112,39114,39116,39117,39118,39119,39120,39121,39122,39124,39126,39127,39128,39129,39130,39131,39132,39133,39134,39136,39137,39138,39139,39140,39141,39142,39143,39145,39146,39147,39149,39150,39151,39153,39154,39155,39156,39157,39159,39160,39162,39163,39164,39165,39166,39167,39168,39169,39170,39171,39172,39173,39174,39175,39176,39177,39178,39179,39180,39182,39183,39184,39185,39187,39188,39189,39190,39191,39192,39193,39194,39196,39197,39198,39199,39200,39201,39202,39203,39204,39205,39206,39207,39208,39209,39210,39211,39214,39216,39217,39218,39219,39220,39221,39222,39223,39225,39227,39228,39229,39230,39232,39233,39234,39235,39236,39237,39238,39239,39240,39241,39244,39245,39246,39247,39248,39249,39250,39251,39252,39253,39254,39255,39258,39259,39261,39262,39263,39265,39266,39267,39268,39269,39270,39271,39272,39273,39274,39275,39277,39278,39279,39280,39281,39282,39283,39284,39285,39286,39288,39289,39290,39291,39292,39293,39295,39296,39297,39298,39299,39300,39301,39302,39304,39305,39306,39307,39308,39310,39312,39313,39314,39315,39317,39318,39319,39320,39321,39322,39323,39324,39325,39326,39327,39328,39329,39330,39331,39333,39334,39335,39336,39337,39338,39339,39342,39343,39344,39345,39346,39348,39349,39350,39351,39352,39353,39354,39355,39356,39359,39360,39361,39362,39363,39364,39365,39366,39367,39368,39370,39372,39373,39375,39376,39377,39378,39379,39380,39381,39385,39386,39387,39388,39389,39390,39391,39392,39393,39394,39396,39397,39398,39399,39400,39401,39402,39403,39404,39405,39406,39407,39408,39409,39411,39412,39413,39415,39418,39419,39420,39421,39422,39423,39424,39425,39426,39427,39428,39429,39430,39431,39432,39434,39435,39436,39437,39439,39441,39443,39444,39445,39446,39447,39448,39449,39451,39452,39453,39454,39455,39456,39457,39458,39460,39461,39462,39463,39464,39465,39466,39467,39468,39469,39470,39471,39472,39473,39475,39476,39477,39478,39479,39480,39481,39485,39486,39487,39489,39490,39491,39492,39493,39494,39495,39497,39498,39499,39500,39501,39502,39503,39504,39505,39507,39508,39510,39511,39512,39513,39514,39517,39518,39519,39520,39522,39523,39525,39526,39527,39528,39529,39530,39531,39532,39533,39534,39535,39537,39538,39539,39540,39543,39545,39546,39547,39550,39551,39552,39553,39554,39555,39556,39557,39558,39559,39560,39561,39565,39567,39568,39569,39570,39571,39572,39573,39574,39575,39576,39577,39579,39581,39582,39583,39584,39585,39586,58001,58002,58003,58004,58005,58006,58007,58008,58009,58010,58011,58012,58013,58014,58015,58016,58017,58018,58019,58020,58021,58023,58024,58025,58026,58027,58028,58029,58030,58031,58032,58033,58034,58035,58036,58037,58038,58039,58040,58041,58042,58043,58044,58045,58046,58047,58048,58049,58050,58051,58052,58053,58054,58055,58056,58057,58058,58059,58060,58061,58062,58063,58064,58065,58066,58067,58068,58069,58070,58071,58072,58073,58074,58075,58076,58077,58078,58079,58080,58081,58082,58083,58084,58085,58086,58087,58088,58089,58090,58092,58093,58094,58095,58096,58097,58098,58099,58101,58102,58103,58104,58105,58106,58107,58108,58109,58110,58111,58112,58113,58114,58115,58116,58117,58118,58119,58120,58121,58122,58123,58124,58125,58126,58127,58128,58129,58130,58131,58132,58133,58134,58135,58136,58137,58138,58139,58140,58141,58142,58143,58144,58145,58146,58147,58148,58149,58150,58151,58152,58153,58154,58155,58156,58157,58158,58159,58160,58161,58162,58163,58164,58165,58166,58168,58169,58170,58171,58172,58173,58174,58175,58176,58177,58178,58179,58180,58181,58182,58183,58184,58185,58186,58187,58188,58189,58190,58191,58192,58193,58194,58195,58196,58197,58198,58199,58200,58201,58202,58203,58204,58205,58206,58207,58208,58209,58210,58211,58212,58213,58214,58215,58216,58217,58218,58219,58220,58221,58222,58223,58224,58225,58226,58227,58228,58229,58230,58231,58232,58233,58234,58235,58236,58237,58238,58239,58240,58241,58242,58243,58244,58245,58246,58247,58248,58249,58250,58251,58252,58253,58254,58255,58256,58257,58258,58259,58260,58261,58262,58263,58264,58265,58266,58267,58268,58269,58270,58271,58272,58273,58274,58275,58276,58277,58278,58279,58280,58281,58282,58283,58284,58285,58286,58287,58288,58289,58290,58291,58292,58293,58294,58295,58296,58297,58298,58299,58300,58301,58302,58303,58304,58305,58306,58307,58308,58309,58310,58311,58312,58313,70001,70002,70003,70004,70005,70006,70007,70008,70009,70010,70011,70012,70013,70014,70015,70016,70017,70018,70019,70020,70021,70022,70023,70024,70025,70026,70027,70028,70029,70030,70031,70032,70035,70036,70037,70038,70039,70040,70041,70042,70043,70044,70045,70046,70047,70048,70049,70050,70051,70052,70053,70054,70055,70056,70057,70058,70059,70060,70061,70062,70063,70064,70065,70066,70067,70069,70070,70071,70072,70074,70075,70076,70077,70078,70079,70080,70081,70082,70083,70084,70085,70086,70087,70088,70089,70090,70091,70092,70093,70094,70095,70096,70097,70098,70099,70100,70101,70102,70103,70104,70105,70106,70107,70109,70111,70112,70113,70114,70115,70116,70117,70118,70119,70120,70121,70122,70124,70125,70126,70127,70128,70129,70130,70132,70133,70134,70135,70136,70137,70138,70140,70141,70142,70143,70144,70145,70146,70147,70148,70149,70150,70151,70152,70153,70154,70155,70156,70157,70158,70159,70160,70162,70163,70164,70165,70166,70167,70168,70169,70170,70171,70172,70174,70175,70176,70177,70178,70179,70180,70181,70182,70183,70184,70185,70186,70187,70188,70189,70190,70192,70193,70194,70195,70196,70197,70198,70199,70200,70201,70202,70203,70204,70205,70206,70207,70208,70210,70211,70213,70214,70215,70216,70217,70218,70219,70220,70221,70222,70224,70225,70226,70227,70228,70229,70230,70231,70232,70233,70234,70235,70236,70237,70238,70239,70240,70242,70243,70244,70245,70247,70248,70249,70250,70251,70252,70253,70254,70255,70256,70257,70258,70259,70260,70261,70262,70263,70265,70267,70268,70269,70271,70272,70273,70274,70275,70276,70277,70278,70279,70280,70282,70283,70284,70285,70286,70287,70288,70289,70290,70291,70292,70293,70294,70295,70296,70297,70298,70299,70301,70302,70303,70304,70305,70306,70307,70308,70309,70310,70311,70312,70313,70314,70315,70316,70317,70318,70319,70320,70321,70322,70323,70324,70325,70326,70327,70328,70329,70330,70331,70332,70334,70335,70336,70337,70338,70339,70340,70341,70342,70343,70344,70347,70348,70349,70350,70351,70352,70353,70355,70356,70357,70358,70359,70360,70361,70362,70363,70364,70366,70367,70368,70369,70371,70372,70373,70374,70376,70378,70380,70381,70383,70384,70385,70386,70387,70388,70389,70390,70392,70393,70394,70395,70396,70397,70398,70399,70400,70401,70402,70403,70404,70405,70406,70407,70408,70409,70410,70411,70412,70413,70414,70415,70416,70417,70418,70419,70420,70421,70422,70423,70425,70426,70427,70428,70429,70430,70431,70432,70433,70435,70436,70437,70438,70439,70440,70441,70442,70443,70444,70445,70446,70447,70448,70449,70450,70451,70452,70453,70454,70455,70456,70457,70459,70460,70461,70462,70463,70464,70466,70467,70468,70469,70470,70471,70472,70473,70474,70476,70477,70478,70479,70480,70481,70482,70483,70484,70485,70486,70487,70488,70489,70490,70491,70492,70493,70494,70496,70498,70499,70500,70501,70502,70503,70504,70505,70506,70507,70509,70510,70511,70512,70513,70514,70515,70516,70517,70518,70519,70520,70521,70522,70523,70524,70525,70526,70527,70528,70529,70531,70532,70533,70534,70535,70536,70537,70538,70539,70540,70541,70542,70544,70545,70546,70547,70548,70549,70550,70552,70553,70554,70555,70558,70559,70560,70561,70562,70563,70564,70565,70566,70567,70568,70569,70571,70572,70573,70574,70575,70576,70577,70578,70579,70580,70581,70582,70583,71001,71002,71003,71004,71005,71006,71007,71008,71009,71010,71011,71012,71013,71014,71015,71016,71017,71018,71019,71020,71021,71022,71023,71024,71025,71026,71027,71028,71029,71030,71031,71032,71033,71034,71035,71036,71037,71038,71039,71040,71041,71042,71043,71044,71045,71046,71047,71048,71050,71051,71052,71054,71056,71057,71058,71059,71060,71061,71062,71063,71064,71065,71066,71067,71068,71069,71070,71071,71072,71073,71074,71075,71076,71077,71078,71079,71080,71081,71082,71084,71085,71086,71087,71088,71089,71090,71091,71092,71093,71094,71095,71096,71097,71098,71099,71100,71101,71102,71103,71104,71105,71106,71107,71108,71109,71110,71111,71112,71113,71115,71116,71117,71118,71119,71120,71121,71122,71123,71124,71125,71126,71127,71128,71129,71130,71132,71133,71134,71135,71136,71137,71139,71140,71141,71142,71143,71144,71145,71146,71147,71148,71149,71150,71151,71152,71153,71154,71155,71156,71157,71158,71159,71160,71161,71162,71163,71164,71165,71166,71167,71168,71169,71170,71171,71172,71173,71174,71175,71176,71177,71178,71179,71181,71182,71183,71184,71185,71186,71187,71188,71189,71190,71191,71192,71193,71194,71195,71196,71198,71199,71200,71201,71202,71203,71204,71205,71206,71207,71208,71209,71210,71212,71213,71214,71215,71216,71217,71218,71219,71220,71221,71222,71223,71224,71225,71226,71227,71228,71229,71230,71231,71232,71233,71234,71235,71236,71237,71238,71239,71240,71241,71242,71243,71244,71245,71246,71247,71248,71249,71250,71251,71252,71253,71254,71255,71256,71257,71258,71259,71261,71262,71263,71264,71266,71267,71268,71269,71270,71271,71272,71273,71274,71275,71276,71277,71278,71279,71280,71281,71282,71283,71284,71285,71286,71287,71289,71290,71291,71292,71293,71294,71295,71296,71297,71299,71300,71301,71302,71303,71305,71306,71307,71308,71309,71310,71311,71312,71313,71314,71315,71316,71317,71318,71319,71320,71321,71322,71323,71324,71325,71326,71327,71328,71329,71330,71331,71332,71333,71334,71335,71336,71337,71338,71339,71340,71341,71342,71343,71344,71345,71346,71347,71348,71349,71350,71351,71352,71353,71354,71355,71356,71357,71358,71359,71360,71361,71362,71363,71364,71365,71366,71367,71368,71369,71370,71371,71372,71373,71374,71376,71377,71378,71379,71380,71381,71382,71383,71384,71385,71386,71387,71388,71389,71390,71391,71392,71393,71394,71395,71396,71397,71398,71399,71400,71401,71402,71403,71404,71405,71406,71407,71408,71409,71410,71411,71412,71413,71414,71415,71416,71417,71419,71420,71421,71422,71423,71424,71425,71426,71427,71428,71430,71431,71433,71434,71435,71436,71437,71438,71439,71440,71441,71442,71443,71444,71445,71446,71447,71448,71449,71450,71451,71452,71453,71454,71455,71456,71457,71458,71459,71460,71461,71462,71463,71464,71465,71466,71468,71469,71470,71471,71472,71473,71474,71475,71477,71478,71479,71480,71481,71482,71483,71484,71485,71486,71487,71488,71489,71490,71491,71493,71494,71495,71496,71497,71498,71499,71500,71501,71502,71503,71504,71505,71506,71507,71508,71509,71510,71512,71513,71514,71515,71516,71517,71518,71519,71520,71521,71522,71523,71524,71525,71526,71527,71528,71529,71530,71531,71532,71533,71534,71535,71537,71538,71539,71540,71541,71542,71543,71544,71545,71546,71547,71548,71549,71550,71551,71552,71553,71554,71555,71556,71557,71558,71559,71561,71562,71563,71564,71565,71566,71567,71568,71570,71571,71572,71573,71574,71576,71577,71578,71579,71580,71581,71582,71583,71584,71585,71586,71588,71589,71590,71591,89002,89003,89004,89005,89006,89007,89008,89009,89010,89011,89012,89013,89014,89015,89016,89017,89018,89019,89020,89021,89022,89023,89024,89025,89027,89028,89029,89030,89031,89032,89033,89034,89035,89036,89037,89038,89039,89040,89041,89042,89043,89044,89045,89046,89048,89049,89050,89051,89053,89054,89055,89056,89057,89058,89059,89060,89061,89062,89063,89064,89065,89066,89067,89068,89069,89071,89072,89073,89074,89075,89076,89077,89079,89080,89081,89083,89084,89085,89086,89087,89088,89089,89091,89092,89093,89094,89095,89096,89098,89099,89100,89101,89102,89104,89105,89108,89111,89112,89113,89115,89116,89117,89118,89119,89120,89122,89123,89124,89125,89126,89127,89128,89129,89130,89131,89132,89133,89134,89136,89137,89139,89141,89142,89143,89144,89145,89146,89147,89148,89149,89150,89151,89152,89153,89154,89155,89156,89158,89159,89160,89161,89162,89163,89164,89165,89167,89168,89169,89170,89171,89172,89173,89175,89176,89177,89179,89180,89181,89182,89183,89184,89186,89187,89188,89189,89190,89191,89194,89195,89196,89197,89198,89199,89200,89201,89202,89203,89204,89205,89206,89207,89208,89209,89210,89211,89212,89214,89215,89216,89217,89218,89219,89220,89221,89222,89223,89224,89225,89226,89227,89228,89229,89230,89232,89233,89234,89235,89236,89237,89238,89239,89240,89242,89244,89245,89246,89247,89248,89249,89250,89251,89252,89253,89254,89255,89256,89257,89259,89261,89262,89263,89264,89265,89266,89267,89268,89270,89271,89272,89273,89274,89276,89277,89278,89279,89280,89281,89282,89283,89284,89285,89286,89287,89288,89289,89290,89291,89292,89295,89296,89297,89298,89299,89300,89302,89303,89304,89306,89307,89308,89309,89310,89311,89312,89313,89314,89315,89316,89318,89319,89320,89321,89323,89324,89325,89326,89327,89328,89329,89331,89332,89333,89334,89335,89336,89337,89338,89339,89341,89342,89344,89345,89346,89347,89348,89349,89350,89351,89352,89353,89354,89355,89359,89360,89361,89362,89363,89364,89365,89367,89368,89369,89370,89371,89373,89374,89375,89376,89377,89378,89379,89380,89382,89383,89384,89385,89386,89387,89388,89390,89391,89392,89393,89394,89395,89397,89398,89399,89400,89402,89403,89404,89405,89406,89407,89408,89409,89410,89411,89412,89413,89414,89415,89416,89417,89418,89419,89420,89422,89423,89424,89425,89426,89427,89428,89430,89431,89432,89433,89434,89436,89437,89438,89439,89440,89441,89442,89443,89445,89446,89447,89449,89450,89451,89452,89453,89456,89458,89459,89460,89461,89462,89463,89464,89465,89466,89467,89468,89469,89470,89471,89472,89474,89475,89477,89478,89479,89480,89481,89482,89483,89485,89486,90001,90002,90003,90004,90005,90006,90007,90008,90009,90010,90011,90012,90013,90014,90015,90016,90017,90018,90019,90020,90021,90022,90023,90024,90025,90026,90027,90028,90029,90030,90031,90032,90033,90034,90035,90036,90037,90039,90041,90042,90043,90044,90045,90046,90047,90048,90049,90050,90051,90052,90053,90054,90055,90056,90057,90058,90059,90060,90061,90062,90063,90064,90065,90066,90067,90068,90069,90070,90071,90072,90074,90075,90076,90077,90078,90079,90080,90081,90082,90083,90084,90085,90086,90087,90088,90089,90090,90091,90093,90094,90095,90096,90097,90098,90099,90100,90101,90102,90103,90104,90105}",REG,2026-03-24 14:41:49.581307+01,gold_establishments_2025,,,,20005372600028,2025,Collectivité Territoriale,Région,"[""Côte-d'Or"", 'Doubs', 'Jura', 'Nièvre', 'Haute-Saône', 'Saône-et-Loire', 'Yonne', 'Territoire de Be",['Bourgogne-Franche-Comté'],REG,"{21,25,39,58,70,71,89,90}",{27}
d6dd2e0b-74f5-435f-bd97-bbf767c82a93,233500016,Région Bretagne,false,"{22001,22002,22003,22004,22005,22006,22008,22009,22011,22012,22013,22014,22015,22016,22018,22019,22020,22021,22023,22024,22025,22026,22028,22029,22030,22031,22032,22033,22034,22035,22036,22037,22039,22040,22041,22042,22044,22045,22046,22047,22048,22049,22050,22052,22053,22054,22055,22056,22057,22059,22060,22061,22062,22063,22064,22065,22067,22068,22069,22070,22071,22072,22073,22074,22075,22076,22077,22079,22081,22082,22083,22084,22085,22086,22087,22088,22090,22091,22092,22093,22094,22095,22096,22097,22098,22099,22101,22103,22104,22105,22106,22107,22108,22109,22110,22111,22112,22113,22114,22115,22116,22117,22118,22119,22121,22122,22124,22126,22127,22128,22129,22131,22132,22133,22134,22135,22136,22137,22138,22139,22140,22141,22143,22144,22145,22146,22147,22148,22149,22150,22152,22153,22155,22156,22157,22158,22160,22161,22162,22163,22164,22165,22166,22168,22169,22170,22171,22172,22174,22175,22176,22177,22178,22179,22180,22181,22182,22183,22184,22185,22186,22187,22188,22189,22190,22193,22194,22195,22196,22197,22198,22199,22201,22202,22203,22204,22205,22206,22207,22208,22209,22210,22211,22212,22213,22214,22215,22216,22217,22218,22219,22220,22221,22222,22223,22224,22225,22226,22227,22228,22229,22231,22232,22233,22234,22235,22236,22237,22238,22239,22240,22241,22242,22243,22244,22245,22246,22248,22249,22250,22251,22254,22255,22256,22257,22258,22259,22260,22261,22262,22263,22264,22265,22266,22267,22268,22269,22271,22272,22273,22274,22275,22276,22277,22278,22279,22280,22281,22282,22283,22284,22285,22286,22287,22288,22289,22291,22293,22294,22295,22296,22299,22300,22302,22304,22305,22306,22307,22308,22310,22311,22312,22313,22314,22315,22316,22317,22318,22319,22320,22321,22322,22323,22324,22325,22326,22327,22328,22330,22331,22332,22333,22334,22335,22337,22338,22339,22340,22341,22342,22343,22344,22345,22346,22347,22348,22349,22350,22351,22352,22353,22354,22356,22358,22359,22360,22361,22362,22363,22364,22365,22366,22368,22369,22370,22371,22372,22373,22375,22376,22377,22378,22379,22380,22381,22383,22384,22385,22386,22387,22388,22389,22390,22391,29001,29002,29003,29004,29005,29006,29007,29008,29010,29011,29012,29013,29014,29015,29016,29017,29018,29019,29020,29021,29022,29023,29024,29025,29026,29027,29028,29029,29030,29031,29032,29033,29034,29035,29036,29037,29038,29039,29040,29041,29042,29043,29044,29045,29046,29047,29048,29049,29051,29053,29054,29055,29056,29057,29058,29059,29060,29061,29062,29063,29064,29065,29066,29067,29068,29069,29070,29071,29072,29073,29074,29075,29076,29077,29078,29079,29080,29081,29082,29083,29084,29085,29086,29087,29089,29090,29091,29093,29094,29095,29097,29098,29099,29100,29101,29102,29103,29104,29105,29106,29107,29108,29109,29110,29111,29112,29113,29114,29115,29116,29117,29119,29120,29122,29123,29124,29125,29126,29128,29130,29131,29132,29133,29134,29135,29136,29137,29139,29140,29141,29142,29143,29144,29145,29146,29147,29148,29150,29151,29152,29153,29155,29156,29158,29159,29160,29161,29162,29163,29165,29166,29167,29168,29169,29170,29171,29172,29173,29174,29175,29176,29177,29178,29179,29180,29181,29182,29183,29184,29185,29186,29187,29188,29189,29190,29191,29192,29193,29195,29196,29197,29198,29199,29201,29202,29204,29205,29206,29207,29208,29209,29210,29211,29212,29213,29214,29215,29216,29217,29218,29220,29221,29222,29224,29225,29226,29227,29228,29229,29230,29232,29233,29234,29235,29236,29237,29238,29239,29240,29241,29243,29244,29245,29246,29247,29248,29249,29250,29251,29252,29254,29255,29256,29257,29259,29260,29261,29262,29263,29264,29265,29266,29267,29268,29269,29270,29271,29272,29273,29274,29275,29276,29277,29278,29279,29280,29281,29282,29284,29285,29286,29287,29288,29289,29290,29291,29292,29293,29294,29295,29296,29297,29298,29299,29300,29301,29302,35001,35002,35003,35004,35005,35006,35007,35008,35009,35010,35012,35013,35014,35015,35016,35017,35018,35019,35021,35022,35023,35024,35025,35026,35027,35028,35029,35030,35031,35032,35033,35034,35035,35037,35038,35039,35040,35041,35042,35044,35045,35046,35047,35049,35050,35051,35052,35054,35055,35056,35057,35058,35059,35060,35061,35062,35063,35064,35065,35066,35067,35068,35069,35070,35071,35072,35075,35076,35077,35078,35079,35080,35081,35082,35084,35085,35086,35087,35088,35089,35090,35091,35092,35093,35094,35095,35096,35097,35098,35099,35101,35102,35103,35104,35105,35106,35107,35108,35109,35110,35111,35114,35115,35116,35117,35118,35119,35120,35121,35122,35123,35124,35125,35126,35127,35128,35130,35131,35132,35133,35134,35135,35136,35137,35138,35139,35140,35141,35142,35143,35144,35145,35146,35148,35149,35150,35151,35152,35153,35154,35155,35156,35157,35159,35160,35161,35162,35163,35164,35165,35166,35167,35168,35169,35170,35171,35172,35173,35174,35175,35176,35177,35178,35179,35180,35181,35183,35184,35185,35186,35187,35188,35189,35190,35191,35192,35193,35194,35195,35196,35197,35198,35199,35200,35201,35202,35203,35204,35205,35206,35207,35208,35210,35211,35212,35214,35215,35216,35217,35218,35219,35220,35221,35222,35223,35224,35225,35226,35227,35228,35229,35230,35231,35232,35233,35234,35235,35236,35237,35238,35239,35240,35241,35242,35243,35244,35245,35246,35247,35248,35249,35250,35251,35252,35253,35255,35256,35257,35258,35259,35260,35261,35262,35263,35264,35265,35266,35268,35270,35271,35272,35273,35274,35275,35276,35277,35278,35279,35280,35281,35282,35283,35284,35285,35286,35287,35288,35289,35290,35291,35292,35294,35295,35296,35297,35299,35300,35302,35304,35305,35306,35307,35308,35309,35310,35311,35312,35314,35315,35316,35317,35318,35319,35320,35321,35322,35324,35325,35326,35327,35328,35329,35330,35331,35332,35333,35334,35335,35336,35337,35338,35339,35340,35342,35343,35345,35346,35347,35350,35351,35352,35353,35354,35355,35356,35357,35358,35359,35360,35361,35362,35363,56001,56002,56003,56004,56005,56006,56007,56008,56009,56010,56011,56012,56013,56014,56015,56017,56018,56019,56020,56021,56022,56023,56024,56025,56026,56027,56028,56029,56030,56031,56032,56033,56034,56035,56036,56039,56040,56041,56042,56043,56044,56045,56046,56047,56048,56050,56051,56052,56053,56054,56055,56056,56057,56058,56060,56061,56062,56063,56065,56066,56067,56068,56069,56070,56071,56072,56073,56074,56075,56076,56077,56078,56079,56080,56081,56082,56083,56084,56085,56086,56087,56088,56089,56090,56091,56092,56093,56094,56096,56097,56098,56099,56100,56101,56102,56103,56104,56105,56106,56107,56108,56109,56110,56111,56112,56113,56114,56115,56116,56117,56118,56119,56120,56121,56122,56123,56124,56125,56126,56127,56128,56129,56130,56131,56132,56133,56134,56135,56136,56137,56139,56140,56141,56143,56144,56145,56146,56147,56148,56149,56151,56152,56153,56154,56155,56156,56157,56158,56159,56160,56161,56162,56163,56164,56165,56166,56167,56168,56169,56170,56171,56172,56173,56174,56175,56176,56177,56178,56179,56180,56181,56182,56184,56185,56186,56188,56189,56190,56191,56193,56194,56195,56196,56197,56198,56199,56200,56201,56202,56203,56204,56205,56206,56207,56208,56209,56210,56211,56212,56213,56214,56215,56216,56218,56219,56220,56221,56222,56223,56224,56225,56226,56227,56228,56229,56230,56231,56232,56233,56234,56236,56237,56238,56239,56240,56241,56242,56243,56244,56245,56246,56247,56248,56249,56250,56251,56252,56253,56254,56255,56256,56257,56258,56259,56260,56261,56262,56263,56264}",REG,2026-03-24 14:41:49.581307+01,gold_establishments_2025,,,,23350001600040,2025,Collectivité Territoriale,Région,"[""Côtes-d'Armor"", 'Finistère', 'Ille-et-Vilaine', 'Morbihan']",['Bretagne'],REG,"{22,29,35,56}",{53}
b0d95427-4799-4f7e-b3cc-6710b5e41973,234500023,Région Centre-Val de Loire,false,"{18001,18002,18003,18004,18005,18006,18007,18008,18009,18010,18011,18012,18013,18014,18015,18016,18017,18018,18019,18020,18021,18022,18023,18024,18025,18026,18027,18028,18029,18030,18031,18032,18033,18034,18035,18036,18037,18038,18039,18040,18041,18042,18043,18044,18045,18046,18047,18048,18049,18050,18051,18052,18053,18054,18055,18056,18057,18058,18059,18060,18061,18062,18063,18064,18065,18066,18067,18068,18069,18070,18071,18072,18073,18074,18075,18076,18077,18078,18079,18080,18081,18082,18083,18084,18085,18086,18087,18088,18089,18090,18091,18092,18093,18094,18095,18096,18097,18098,18099,18100,18101,18102,18103,18104,18105,18106,18107,18108,18109,18110,18111,18112,18113,18114,18115,18116,18117,18118,18119,18120,18121,18122,18124,18125,18126,18127,18128,18129,18130,18132,18133,18134,18135,18136,18137,18138,18139,18140,18141,18142,18143,18144,18145,18146,18147,18148,18149,18150,18151,18152,18153,18154,18155,18156,18157,18158,18159,18160,18161,18162,18163,18164,18165,18166,18167,18168,18169,18170,18171,18172,18173,18174,18175,18176,18177,18178,18179,18180,18181,18182,18183,18184,18185,18186,18187,18188,18189,18190,18191,18192,18193,18194,18195,18196,18197,18198,18199,18200,18201,18202,18203,18204,18205,18206,18207,18208,18209,18210,18211,18212,18213,18214,18215,18216,18217,18218,18219,18220,18221,18223,18224,18225,18226,18227,18228,18229,18230,18231,18232,18233,18234,18235,18236,18237,18238,18240,18241,18242,18243,18244,18245,18246,18247,18248,18249,18250,18251,18252,18253,18254,18255,18256,18257,18258,18259,18260,18261,18262,18263,18264,18265,18266,18267,18268,18269,18270,18271,18272,18273,18274,18275,18276,18277,18278,18279,18280,18281,18282,18283,18284,18285,18286,18287,18288,18289,18290,28001,28003,28004,28005,28006,28007,28008,28009,28010,28012,28013,28014,28015,28016,28018,28019,28021,28022,28023,28024,28026,28027,28028,28029,28030,28031,28032,28033,28034,28035,28036,28037,28038,28039,28040,28041,28045,28046,28047,28048,28049,28050,28051,28052,28053,28054,28055,28056,28057,28058,28059,28060,28061,28062,28064,28065,28067,28068,28070,28071,28072,28073,28074,28075,28076,28077,28078,28079,28080,28081,28082,28084,28085,28086,28087,28088,28089,28090,28091,28092,28094,28095,28096,28098,28099,28100,28102,28103,28104,28105,28106,28107,28108,28109,28110,28111,28113,28114,28116,28117,28118,28119,28120,28121,28122,28123,28124,28126,28127,28128,28129,28130,28132,28134,28135,28136,28137,28139,28140,28141,28142,28143,28144,28146,28147,28148,28149,28151,28153,28154,28155,28156,28157,28158,28159,28160,28161,28162,28163,28164,28166,28167,28168,28169,28170,28171,28172,28173,28175,28176,28177,28178,28180,28182,28183,28184,28185,28187,28188,28189,28190,28191,28192,28193,28194,28195,28196,28197,28198,28199,28200,28201,28202,28203,28206,28207,28208,28209,28210,28211,28212,28213,28214,28215,28216,28217,28218,28219,28220,28221,28222,28223,28225,28226,28227,28229,28230,28231,28232,28233,28234,28235,28236,28237,28239,28240,28242,28243,28245,28246,28247,28248,28249,28251,28252,28253,28254,28255,28256,28257,28259,28260,28261,28263,28264,28265,28267,28268,28269,28270,28271,28272,28273,28274,28275,28277,28278,28279,28280,28281,28282,28283,28284,28285,28286,28287,28289,28290,28291,28292,28293,28294,28296,28298,28299,28300,28301,28302,28303,28304,28305,28306,28308,28309,28310,28312,28313,28314,28315,28316,28317,28319,28321,28322,28323,28324,28325,28326,28327,28329,28330,28331,28332,28333,28334,28335,28336,28337,28339,28341,28342,28343,28344,28346,28347,28348,28349,28350,28351,28352,28353,28354,28355,28357,28358,28359,28360,28362,28363,28364,28365,28366,28367,28368,28369,28370,28371,28372,28373,28374,28375,28377,28378,28379,28380,28382,28383,28385,28386,28387,28388,28389,28390,28391,28392,28393,28394,28395,28396,28397,28398,28400,28401,28403,28404,28405,28406,28407,28408,28409,28410,28411,28414,28415,28417,28418,28419,28421,28422,28423,28424,28425,28426,36001,36002,36003,36004,36005,36006,36007,36008,36009,36010,36011,36012,36013,36014,36015,36016,36017,36018,36019,36020,36021,36022,36023,36024,36025,36026,36027,36028,36029,36030,36031,36032,36033,36034,36035,36036,36037,36038,36040,36041,36042,36043,36044,36045,36046,36047,36048,36049,36050,36051,36052,36053,36054,36055,36056,36057,36058,36059,36060,36061,36062,36063,36064,36065,36066,36067,36068,36069,36070,36071,36073,36074,36075,36076,36077,36078,36079,36080,36081,36082,36083,36084,36085,36086,36087,36088,36089,36090,36091,36092,36093,36094,36095,36096,36097,36098,36099,36100,36101,36102,36103,36104,36105,36106,36107,36108,36109,36110,36111,36112,36113,36114,36115,36116,36117,36118,36119,36120,36121,36122,36123,36124,36125,36126,36127,36128,36129,36130,36131,36132,36133,36134,36135,36136,36137,36138,36139,36140,36141,36142,36143,36144,36145,36146,36147,36148,36149,36150,36152,36153,36154,36155,36156,36157,36158,36159,36160,36161,36162,36163,36164,36165,36166,36167,36168,36169,36170,36171,36172,36173,36174,36175,36176,36177,36178,36179,36180,36181,36182,36184,36185,36186,36187,36188,36189,36190,36191,36192,36193,36194,36195,36196,36197,36198,36199,36200,36202,36203,36204,36205,36207,36208,36209,36210,36211,36212,36213,36214,36215,36216,36217,36218,36219,36220,36221,36222,36223,36224,36225,36226,36227,36228,36229,36230,36231,36232,36233,36234,36235,36236,36237,36238,36239,36240,36241,36242,36243,36244,36246,36247,36248,37001,37002,37003,37004,37005,37006,37007,37008,37009,37010,37011,37012,37013,37014,37015,37016,37018,37019,37020,37021,37022,37023,37024,37025,37026,37027,37028,37029,37030,37031,37032,37033,37034,37035,37036,37037,37038,37039,37040,37041,37042,37043,37044,37045,37046,37047,37048,37049,37050,37051,37052,37053,37054,37055,37056,37057,37058,37059,37060,37061,37062,37063,37064,37065,37066,37067,37068,37069,37070,37071,37072,37073,37074,37075,37076,37077,37078,37079,37080,37081,37082,37083,37084,37085,37086,37087,37088,37089,37090,37091,37092,37093,37094,37095,37096,37097,37098,37099,37100,37101,37103,37104,37105,37106,37107,37108,37109,37110,37111,37112,37113,37114,37115,37116,37117,37118,37119,37121,37122,37123,37124,37125,37126,37127,37128,37129,37130,37131,37132,37133,37134,37136,37137,37138,37139,37140,37141,37142,37143,37144,37145,37146,37147,37148,37149,37150,37151,37152,37153,37154,37155,37156,37157,37158,37159,37160,37161,37162,37163,37165,37166,37167,37168,37169,37170,37171,37172,37173,37174,37175,37176,37177,37178,37179,37180,37181,37182,37183,37184,37185,37186,37187,37188,37189,37190,37191,37192,37193,37194,37195,37196,37197,37198,37199,37200,37201,37202,37203,37204,37205,37206,37207,37208,37210,37211,37212,37213,37214,37216,37217,37218,37219,37220,37221,37222,37223,37224,37225,37226,37228,37229,37230,37231,37232,37233,37234,37236,37237,37238,37240,37241,37242,37243,37244,37245,37246,37247,37248,37249,37250,37251,37252,37253,37254,37255,37256,37257,37258,37259,37260,37261,37262,37263,37264,37265,37266,37267,37268,37269,37270,37271,37272,37273,37274,37275,37276,37277,37278,37279,37280,37281,37282,41001,41002,41003,41004,41006,41007,41008,41009,41010,41012,41013,41014,41016,41017,41018,41019,41020,41022,41024,41025,41026,41027,41028,41029,41030,41031,41032,41034,41035,41036,41037,41038,41039,41040,41041,41042,41043,41044,41045,41046,41047,41048,41049,41050,41051,41052,41053,41054,41055,41057,41058,41059,41060,41061,41062,41063,41065,41066,41067,41068,41069,41070,41071,41072,41073,41074,41075,41077,41078,41079,41080,41081,41083,41084,41085,41086,41087,41088,41089,41090,41091,41093,41094,41095,41096,41097,41098,41099,41100,41101,41102,41103,41104,41105,41106,41107,41108,41109,41110,41112,41113,41114,41115,41116,41118,41119,41120,41121,41122,41123,41124,41125,41126,41127,41128,41129,41130,41131,41132,41134,41135,41136,41137,41138,41139,41140,41141,41142,41143,41144,41145,41146,41147,41148,41149,41150,41151,41152,41153,41154,41155,41156,41157,41158,41159,41160,41161,41163,41164,41166,41167,41168,41171,41172,41173,41174,41175,41176,41177,41178,41179,41180,41181,41182,41184,41185,41186,41187,41188,41189,41190,41191,41192,41193,41194,41195,41196,41198,41199,41200,41201,41203,41204,41205,41206,41207,41208,41209,41211,41212,41213,41214,41215,41216,41217,41218,41219,41220,41221,41222,41223,41224,41225,41226,41228,41229,41230,41231,41232,41233,41234,41235,41236,41237,41238,41239,41241,41242,41243,41245,41246,41247,41248,41249,41250,41251,41252,41253,41254,41255,41256,41258,41259,41260,41261,41262,41265,41266,41267,41268,41269,41271,41273,41274,41275,41276,41277,41278,41279,41280,41281,41282,41283,41284,41285,41286,41287,41288,41289,41290,41291,41292,41293,41294,41295,41296,41297,45001,45002,45004,45005,45006,45008,45009,45010,45011,45012,45013,45014,45015,45016,45017,45018,45019,45020,45021,45022,45023,45024,45025,45026,45027,45028,45029,45030,45031,45032,45033,45034,45035,45036,45037,45038,45039,45040,45041,45042,45043,45044,45045,45046,45047,45049,45050,45051,45052,45053,45054,45055,45056,45058,45059,45060,45061,45062,45063,45064,45065,45066,45067,45068,45069,45070,45072,45073,45074,45075,45076,45077,45078,45079,45080,45081,45082,45083,45084,45085,45086,45087,45088,45089,45091,45092,45093,45094,45095,45096,45097,45098,45099,45100,45101,45102,45103,45104,45105,45107,45108,45109,45110,45111,45112,45113,45114,45115,45116,45118,45119,45120,45121,45122,45123,45124,45125,45126,45127,45129,45130,45131,45132,45133,45134,45135,45136,45137,45138,45139,45141,45142,45143,45144,45145,45146,45147,45148,45149,45150,45151,45152,45153,45154,45155,45156,45157,45158,45159,45160,45161,45162,45164,45165,45166,45167,45168,45169,45170,45171,45173,45174,45175,45176,45177,45178,45179,45180,45181,45182,45183,45184,45185,45186,45187,45188,45189,45191,45193,45194,45195,45196,45197,45198,45199,45200,45201,45202,45203,45204,45205,45206,45207,45208,45209,45210,45212,45213,45214,45215,45216,45217,45218,45219,45220,45222,45223,45224,45225,45226,45227,45228,45229,45230,45231,45232,45233,45234,45235,45237,45238,45239,45240,45241,45242,45243,45244,45245,45246,45247,45248,45249,45250,45251,45252,45253,45254,45255,45256,45257,45258,45259,45260,45261,45262,45263,45264,45265,45266,45268,45269,45270,45271,45272,45273,45274,45275,45276,45277,45278,45279,45280,45281,45282,45283,45284,45285,45286,45288,45289,45290,45291,45292,45293,45294,45296,45297,45298,45299,45300,45301,45302,45303,45305,45306,45307,45308,45309,45310,45311,45312,45313,45314,45315,45316,45317,45320,45321,45322,45323,45324,45325,45326,45327,45328,45329,45330,45331,45332,45333,45334,45335,45336,45337,45338,45339,45340,45341,45342,45343,45344,45345,45346,45347,45348}",REG,2026-03-24 14:41:49.581307+01,gold_establishments_2025,,,,23450002300028,2025,Collectivité Territoriale,Région,"['Cher', 'Eure-et-Loir', 'Indre', 'Indre-et-Loire', 'Loir-et-Cher', 'Loiret']",['Centre-Val de Loire'],REG,"{18,28,36,37,41,45}",{24}
99290784-542e-4857-8567-27c445479a8d,200076958,Région Corse,false,"{2A001,2A004,2A006,2A008,2A011,2A014,2A017,2A018,2A019,2A021,2A022,2A024,2A026,2A027,2A028,2A031,2A032,2A035,2A038,2A040,2A041,2A048,2A056,2A060,2A061,2A062,2A064,2A065,2A066,2A070,2A071,2A085,2A089,2A090,2A091,2A092,2A094,2A098,2A099,2A100,2A103,2A104,2A108,2A114,2A115,2A117,2A118,2A119,2A127,2A128,2A129,2A130,2A131,2A132,2A133,2A139,2A141,2A142,2A144,2A146,2A154,2A158,2A160,2A163,2A174,2A181,2A186,2A189,2A191,2A196,2A197,2A198,2A200,2A203,2A204,2A209,2A211,2A212,2A215,2A228,2A232,2A240,2A247,2A249,2A253,2A254,2A258,2A259,2A262,2A266,2A268,2A269,2A270,2A271,2A272,2A276,2A278,2A279,2A282,2A284,2A285,2A288,2A295,2A300,2A308,2A310,2A312,2A322,2A323,2A324,2A326,2A330,2A331,2A336,2A345,2A348,2A349,2A351,2A357,2A358,2A359,2A360,2A362,2A363,2B002,2B003,2B005,2B007,2B009,2B010,2B012,2B013,2B015,2B016,2B020,2B023,2B025,2B029,2B030,2B033,2B034,2B036,2B037,2B039,2B042,2B043,2B045,2B046,2B047,2B049,2B050,2B051,2B052,2B053,2B054,2B055,2B057,2B058,2B059,2B063,2B067,2B068,2B069,2B072,2B073,2B074,2B075,2B077,2B078,2B079,2B080,2B081,2B082,2B083,2B084,2B086,2B087,2B088,2B093,2B095,2B096,2B097,2B101,2B102,2B105,2B106,2B107,2B109,2B110,2B111,2B112,2B113,2B116,2B120,2B121,2B122,2B123,2B124,2B125,2B126,2B134,2B135,2B136,2B137,2B138,2B140,2B143,2B145,2B147,2B148,2B149,2B150,2B152,2B153,2B155,2B156,2B157,2B159,2B161,2B162,2B164,2B165,2B166,2B167,2B168,2B169,2B170,2B171,2B172,2B173,2B175,2B176,2B177,2B178,2B179,2B180,2B182,2B183,2B184,2B185,2B187,2B188,2B190,2B192,2B193,2B194,2B195,2B199,2B201,2B202,2B205,2B206,2B207,2B208,2B210,2B213,2B214,2B216,2B217,2B218,2B219,2B220,2B221,2B222,2B223,2B224,2B225,2B226,2B227,2B229,2B230,2B231,2B233,2B234,2B235,2B236,2B238,2B239,2B241,2B242,2B243,2B244,2B245,2B246,2B248,2B250,2B251,2B252,2B255,2B256,2B257,2B260,2B261,2B263,2B264,2B265,2B267,2B273,2B274,2B275,2B277,2B280,2B281,2B283,2B286,2B287,2B289,2B290,2B291,2B292,2B293,2B296,2B297,2B298,2B299,2B301,2B302,2B303,2B304,2B305,2B306,2B307,2B309,2B311,2B313,2B314,2B315,2B316,2B317,2B318,2B319,2B320,2B321,2B327,2B328,2B329,2B332,2B333,2B334,2B335,2B337,2B338,2B339,2B340,2B341,2B342,2B343,2B344,2B346,2B347,2B350,2B352,2B353,2B354,2B355,2B356,2B361,2B364,2B365,2B366}",CTU,2026-03-24 14:41:49.581307+01,gold_establishments_2025,,,,20007695800012,2025,Collectivité Territoriale,Région,"['Corse-du-Sud', 'Haute-Corse']",['Corse'],REG,"{2A,2B}",{94}
9a41822e-3123-4a64-87f4-86da36ec8d42,200052264,Région Grand Est,false,"{08001,08003,08004,08005,08006,08008,08010,08011,08013,08014,08015,08016,08017,08018,08019,08020,08021,08022,08023,08024,08025,08026,08027,08028,08029,08030,08031,08032,08033,08034,08035,08036,08037,08038,08039,08040,08041,08043,08044,08045,08046,08047,08048,08049,08052,08053,08055,08056,08057,08058,08059,08060,08061,08062,08063,08064,08065,08066,08067,08069,08070,08071,08073,08074,08075,08076,08077,08078,08080,08081,08082,08083,08084,08085,08086,08087,08088,08089,08090,08092,08094,08095,08096,08097,08098,08099,08100,08101,08102,08103,08104,08105,08106,08107,08109,08110,08111,08113,08115,08116,08117,08119,08120,08121,08122,08123,08124,08125,08126,08128,08130,08131,08132,08133,08134,08135,08136,08137,08138,08139,08140,08141,08142,08143,08144,08145,08146,08147,08148,08149,08150,08151,08153,08154,08155,08156,08158,08159,08160,08161,08162,08163,08164,08165,08166,08167,08168,08169,08170,08171,08172,08173,08174,08175,08176,08178,08179,08180,08182,08183,08184,08185,08186,08187,08188,08189,08190,08191,08192,08193,08194,08195,08196,08197,08198,08199,08200,08201,08202,08203,08204,08205,08206,08207,08208,08209,08210,08211,08212,08214,08215,08216,08217,08218,08219,08220,08222,08223,08225,08226,08228,08229,08230,08232,08233,08234,08235,08236,08237,08238,08239,08240,08242,08243,08244,08245,08246,08247,08248,08249,08250,08251,08252,08254,08255,08256,08257,08259,08260,08262,08263,08264,08268,08269,08271,08272,08273,08274,08275,08276,08277,08278,08279,08280,08281,08282,08283,08284,08286,08287,08288,08289,08291,08293,08295,08296,08297,08298,08301,08302,08303,08304,08305,08306,08307,08308,08309,08310,08311,08312,08313,08314,08315,08316,08317,08318,08319,08320,08321,08322,08323,08324,08325,08326,08327,08328,08329,08330,08331,08332,08333,08334,08335,08336,08338,08339,08340,08341,08342,08343,08344,08346,08347,08348,08349,08350,08351,08352,08353,08354,08355,08356,08357,08358,08360,08361,08362,08363,08364,08365,08366,08367,08368,08369,08370,08372,08373,08374,08375,08376,08377,08378,08379,08380,08381,08382,08383,08384,08385,08386,08387,08388,08389,08390,08391,08392,08393,08394,08395,08396,08397,08398,08399,08400,08401,08402,08403,08404,08405,08406,08407,08408,08409,08410,08411,08412,08413,08415,08416,08417,08418,08419,08420,08421,08422,08424,08425,08426,08427,08428,08429,08430,08431,08432,08433,08434,08435,08436,08437,08438,08439,08440,08444,08445,08446,08448,08449,08450,08451,08452,08453,08454,08455,08456,08457,08458,08459,08460,08461,08462,08463,08464,08465,08466,08467,08468,08469,08470,08471,08472,08473,08476,08477,08478,08479,08480,08481,08482,08483,08484,08485,08486,08487,08488,08489,08490,08491,08492,08494,08496,08497,08498,08499,08500,08501,08502,08503,10002,10003,10004,10005,10006,10007,10008,10009,10010,10011,10012,10013,10014,10015,10017,10018,10019,10020,10021,10022,10023,10024,10025,10026,10027,10028,10029,10030,10031,10032,10033,10034,10035,10037,10038,10039,10040,10041,10042,10043,10044,10045,10046,10047,10048,10049,10050,10051,10052,10053,10054,10055,10056,10057,10058,10059,10060,10061,10062,10063,10064,10065,10066,10067,10068,10069,10070,10071,10072,10073,10074,10075,10076,10077,10078,10079,10080,10081,10082,10083,10084,10085,10086,10087,10089,10090,10091,10092,10093,10094,10095,10096,10097,10098,10099,10100,10101,10102,10103,10104,10105,10106,10107,10108,10109,10110,10111,10112,10113,10114,10115,10116,10117,10118,10119,10120,10121,10122,10123,10124,10125,10126,10127,10128,10129,10130,10131,10132,10133,10134,10135,10136,10137,10138,10139,10140,10141,10142,10143,10144,10145,10146,10147,10148,10149,10150,10151,10153,10154,10155,10156,10157,10158,10159,10160,10161,10162,10163,10164,10165,10166,10167,10168,10169,10170,10171,10172,10173,10174,10175,10176,10177,10178,10179,10180,10181,10182,10183,10184,10185,10186,10187,10188,10189,10190,10191,10192,10193,10194,10195,10196,10197,10198,10199,10200,10201,10202,10203,10204,10205,10206,10207,10208,10209,10210,10211,10212,10213,10214,10215,10216,10217,10218,10219,10220,10221,10222,10223,10224,10225,10226,10227,10228,10229,10230,10231,10232,10233,10234,10235,10236,10237,10238,10239,10240,10241,10242,10243,10245,10246,10247,10248,10249,10250,10251,10252,10253,10254,10255,10256,10257,10258,10259,10260,10261,10262,10263,10264,10265,10266,10267,10268,10269,10270,10271,10272,10273,10274,10275,10276,10278,10279,10280,10281,10282,10283,10284,10285,10286,10287,10288,10289,10290,10291,10293,10294,10295,10296,10297,10298,10299,10300,10301,10302,10303,10304,10305,10306,10307,10308,10309,10310,10312,10313,10314,10315,10316,10317,10318,10319,10320,10321,10323,10324,10325,10326,10327,10328,10329,10330,10331,10332,10333,10334,10335,10336,10337,10338,10339,10340,10341,10342,10343,10344,10345,10346,10347,10348,10349,10350,10351,10352,10353,10354,10355,10356,10357,10358,10359,10360,10361,10362,10363,10364,10365,10366,10367,10368,10369,10370,10371,10372,10373,10374,10375,10376,10377,10378,10379,10380,10381,10382,10383,10384,10386,10387,10388,10389,10390,10391,10392,10393,10394,10395,10396,10397,10398,10399,10400,10401,10402,10403,10404,10405,10406,10408,10409,10410,10411,10412,10414,10416,10417,10418,10419,10420,10421,10422,10423,10424,10425,10426,10427,10428,10429,10430,10431,10432,10433,10434,10435,10436,10437,10438,10439,10440,10441,10442,10443,10444,10445,51001,51002,51003,51004,51005,51006,51007,51008,51009,51010,51012,51013,51014,51015,51016,51017,51018,51019,51020,51022,51023,51025,51027,51028,51029,51030,51031,51032,51033,51034,51035,51036,51037,51038,51039,51040,51041,51042,51043,51044,51045,51046,51047,51048,51049,51050,51051,51052,51053,51054,51055,51056,51057,51058,51059,51060,51061,51062,51065,51066,51068,51069,51070,51071,51072,51073,51074,51075,51076,51077,51078,51079,51080,51081,51082,51083,51084,51085,51086,51087,51088,51089,51090,51091,51092,51093,51094,51095,51097,51098,51099,51100,51101,51102,51103,51104,51105,51106,51107,51108,51109,51110,51111,51112,51113,51115,51116,51117,51118,51119,51120,51121,51122,51124,51125,51126,51127,51128,51129,51130,51132,51133,51134,51135,51136,51137,51138,51139,51140,51141,51142,51143,51144,51145,51146,51147,51148,51149,51150,51151,51152,51153,51154,51155,51156,51157,51158,51160,51161,51162,51163,51164,51165,51166,51167,51168,51169,51170,51171,51172,51173,51174,51175,51176,51177,51178,51179,51181,51182,51183,51184,51185,51186,51187,51188,51190,51191,51192,51193,51194,51195,51196,51197,51198,51199,51200,51201,51202,51203,51204,51206,51208,51210,51211,51212,51213,51214,51215,51216,51217,51218,51219,51220,51222,51223,51224,51225,51226,51227,51228,51229,51230,51231,51232,51233,51234,51235,51236,51237,51238,51239,51240,51241,51242,51243,51244,51245,51246,51247,51248,51249,51250,51251,51252,51253,51254,51255,51256,51258,51259,51260,51262,51263,51264,51265,51266,51267,51268,51269,51270,51272,51273,51274,51275,51276,51277,51278,51279,51280,51281,51282,51283,51284,51285,51286,51287,51288,51289,51290,51291,51292,51293,51294,51295,51296,51298,51299,51300,51301,51302,51303,51304,51305,51306,51307,51308,51309,51310,51311,51312,51313,51314,51315,51316,51317,51318,51319,51320,51321,51322,51323,51324,51325,51326,51327,51328,51329,51333,51334,51336,51337,51338,51339,51340,51341,51342,51343,51344,51345,51346,51348,51349,51350,51351,51352,51353,51354,51355,51356,51357,51358,51359,51360,51361,51362,51363,51364,51365,51367,51368,51369,51370,51371,51372,51373,51374,51375,51376,51377,51378,51379,51380,51381,51382,51384,51386,51387,51388,51389,51390,51391,51392,51393,51395,51396,51397,51398,51399,51402,51403,51404,51406,51407,51409,51410,51412,51413,51414,51415,51416,51417,51418,51419,51420,51421,51422,51423,51424,51425,51426,51428,51429,51430,51431,51432,51433,51434,51435,51436,51437,51438,51439,51440,51441,51442,51443,51444,51445,51446,51447,51448,51449,51450,51451,51452,51453,51454,51455,51456,51457,51458,51459,51460,51461,51463,51464,51465,51466,51468,51469,51470,51471,51472,51473,51474,51475,51476,51477,51478,51479,51480,51482,51483,51484,51485,51486,51487,51488,51489,51490,51491,51492,51493,51495,51496,51497,51498,51499,51500,51501,51502,51503,51504,51505,51506,51507,51508,51509,51510,51511,51512,51513,51514,51515,51516,51517,51518,51519,51520,51521,51522,51523,51524,51525,51526,51527,51528,51529,51530,51531,51532,51533,51534,51535,51536,51537,51538,51539,51542,51543,51544,51545,51546,51547,51548,51549,51550,51551,51552,51553,51555,51556,51557,51558,51559,51560,51562,51563,51564,51565,51566,51567,51568,51569,51570,51571,51572,51573,51574,51576,51577,51578,51579,51580,51581,51582,51583,51584,51585,51586,51587,51588,51589,51590,51591,51592,51594,51595,51596,51597,51598,51599,51600,51601,51602,51603,51604,51605,51607,51608,51609,51610,51611,51612,51613,51614,51616,51617,51618,51619,51620,51621,51622,51623,51624,51625,51626,51627,51628,51629,51630,51631,51632,51633,51634,51635,51636,51638,51639,51640,51641,51642,51643,51644,51645,51646,51647,51648,51649,51650,51652,51654,51655,51656,51657,51658,51659,51660,51662,51663,52001,52002,52003,52004,52005,52006,52007,52008,52009,52011,52012,52013,52014,52015,52016,52017,52019,52021,52022,52023,52025,52027,52028,52029,52030,52031,52033,52034,52035,52037,52038,52039,52040,52042,52043,52044,52045,52047,52050,52051,52053,52055,52056,52057,52058,52059,52060,52061,52062,52063,52064,52065,52066,52067,52069,52070,52072,52074,52075,52076,52079,52082,52083,52084,52085,52087,52088,52089,52090,52091,52092,52093,52094,52095,52097,52099,52101,52102,52103,52104,52105,52106,52107,52108,52109,52110,52113,52114,52115,52116,52118,52119,52120,52121,52122,52123,52124,52125,52126,52127,52128,52129,52130,52131,52132,52133,52134,52135,52136,52137,52138,52140,52141,52142,52145,52146,52147,52149,52151,52155,52156,52157,52158,52159,52160,52161,52162,52163,52164,52165,52167,52168,52169,52170,52171,52172,52173,52174,52175,52177,52178,52179,52181,52182,52183,52184,52185,52187,52189,52190,52193,52194,52195,52196,52197,52198,52199,52200,52201,52203,52204,52205,52206,52207,52208,52211,52212,52213,52214,52216,52217,52218,52219,52220,52221,52222,52223,52227,52228,52229,52230,52231,52232,52233,52234,52235,52237,52240,52242,52243,52244,52245,52246,52247,52248,52249,52250,52251,52253,52254,52256,52257,52258,52260,52264,52265,52266,52267,52269,52271,52272,52273,52274,52275,52276,52277,52278,52280,52282,52284,52285,52286,52287,52288,52289,52290,52291,52292,52294,52295,52297,52298,52300,52301,52302,52303,52304,52305,52306,52307,52308,52310,52311,52312,52313,52315,52316,52318,52319,52320,52321,52322,52325,52326,52327,52328,52330,52331,52332,52335,52336,52337,52341,52342,52344,52346,52347,52348,52349,52350,52352,52353,52354,52355,52356,52357,52358,52359,52360,52362,52363,52364,52365,52366,52367,52369,52370,52371,52372,52373,52374,52375,52376,52377,52378,52380,52383,52384,52385,52386,52388,52390,52391,52392,52393,52394,52395,52396,52397,52398,52399,52400,52401,52403,52405,52406,52407,52411,52413,52414,52415,52416,52419,52420,52421,52422,52423,52424,52425,52426,52428,52429,52431,52432,52433,52436,52437,52438,52439,52440,52442,52443,52444,52445,52446,52447,52448,52449,52450,52452,52453,52455,52456,52457,52459,52461,52463,52464,52465,52467,52468,52469,52470,52472,52473,52474,52475,52476,52479,52480,52482,52483,52484,52486,52487,52488,52489,52490,52491,52492,52493,52494,52495,52497,52499,52500,52502,52503,52504,52505,52506,52507,52510,52511,52512,52513,52514,52515,52516,52517,52518,52519,52520,52522,52523,52524,52525,52526,52528,52529,52534,52535,52536,52538,52539,52540,52541,52542,52543,52544,52545,52546,52547,52548,52549,52550,54001,54002,54003,54004,54005,54006,54007,54008,54009,54010,54011,54012,54013,54014,54015,54016,54017,54018,54019,54020,54021,54022,54023,54024,54025,54026,54027,54028,54029,54030,54031,54032,54033,54034,54035,54036,54037,54038,54039,54040,54041,54042,54043,54044,54045,54046,54047,54048,54049,54050,54051,54052,54053,54054,54055,54056,54057,54058,54059,54060,54061,54062,54063,54064,54065,54066,54067,54068,54069,54070,54071,54072,54073,54074,54075,54076,54077,54078,54079,54080,54081,54082,54083,54084,54085,54086,54087,54088,54089,54090,54091,54092,54093,54094,54095,54096,54097,54098,54099,54100,54101,54102,54103,54104,54105,54106,54107,54108,54109,54110,54111,54112,54113,54114,54115,54116,54117,54118,54119,54120,54121,54122,54123,54124,54125,54126,54127,54128,54129,54130,54131,54132,54133,54134,54135,54136,54137,54138,54139,54140,54141,54142,54143,54144,54145,54146,54147,54148,54149,54150,54151,54152,54153,54154,54155,54156,54157,54158,54159,54160,54161,54162,54163,54164,54165,54166,54167,54168,54169,54170,54171,54172,54173,54174,54175,54176,54177,54178,54179,54180,54181,54182,54183,54184,54185,54186,54187,54188,54189,54190,54191,54192,54193,54194,54195,54196,54197,54198,54199,54200,54201,54202,54203,54204,54205,54206,54207,54208,54209,54210,54211,54212,54213,54214,54215,54216,54217,54218,54219,54220,54221,54222,54223,54224,54225,54226,54227,54228,54229,54230,54231,54232,54233,54234,54235,54236,54237,54238,54239,54240,54241,54242,54243,54244,54245,54246,54247,54248,54249,54250,54251,54252,54253,54254,54255,54256,54257,54258,54259,54260,54261,54262,54263,54264,54265,54266,54268,54269,54270,54271,54272,54273,54274,54275,54276,54277,54278,54279,54280,54281,54282,54283,54284,54285,54286,54287,54288,54289,54290,54291,54292,54293,54294,54295,54296,54297,54298,54299,54300,54301,54302,54303,54304,54305,54306,54307,54308,54309,54310,54311,54312,54313,54314,54315,54316,54317,54318,54320,54321,54322,54323,54324,54325,54326,54327,54328,54329,54330,54331,54332,54333,54334,54335,54336,54337,54338,54339,54340,54343,54344,54345,54346,54348,54349,54350,54351,54352,54353,54354,54355,54356,54357,54358,54359,54360,54362,54363,54364,54365,54366,54367,54368,54369,54370,54371,54372,54373,54374,54375,54376,54377,54378,54379,54380,54381,54382,54383,54385,54386,54387,54388,54389,54390,54391,54392,54393,54394,54395,54396,54397,54398,54399,54400,54401,54402,54403,54404,54405,54406,54407,54408,54409,54410,54411,54412,54413,54414,54415,54416,54417,54418,54419,54420,54421,54422,54423,54424,54425,54426,54427,54428,54429,54430,54431,54432,54433,54434,54435,54436,54437,54438,54439,54440,54441,54442,54443,54444,54445,54446,54447,54449,54450,54451,54452,54453,54455,54456,54457,54458,54459,54460,54461,54462,54463,54464,54465,54466,54467,54468,54469,54470,54471,54472,54473,54474,54475,54476,54477,54478,54479,54480,54481,54482,54483,54484,54485,54486,54487,54488,54489,54490,54491,54492,54493,54494,54495,54496,54497,54498,54499,54500,54501,54502,54504,54505,54507,54508,54509,54510,54511,54512,54513,54514,54515,54516,54517,54518,54519,54520,54521,54522,54523,54524,54525,54526,54527,54528,54529,54530,54531,54532,54533,54534,54535,54536,54537,54538,54539,54540,54541,54542,54543,54544,54545,54546,54547,54548,54549,54550,54551,54552,54553,54554,54555,54556,54557,54558,54559,54560,54561,54562,54563,54564,54565,54566,54567,54568,54569,54570,54571,54572,54573,54574,54575,54576,54577,54578,54579,54580,54581,54582,54583,54584,54585,54586,54587,54588,54589,54590,54591,54592,54593,54594,54595,54596,54597,54598,54599,54600,54601,54602,55001,55002,55004,55005,55007,55008,55009,55010,55011,55012,55013,55014,55015,55017,55018,55021,55022,55023,55024,55025,55026,55027,55028,55029,55031,55032,55033,55034,55035,55036,55037,55038,55039,55040,55041,55042,55043,55044,55045,55046,55047,55048,55049,55050,55051,55053,55054,55055,55057,55058,55059,55060,55061,55062,55063,55064,55065,55066,55067,55068,55069,55070,55071,55072,55073,55075,55076,55077,55078,55079,55080,55081,55082,55083,55084,55085,55087,55088,55089,55093,55094,55095,55096,55097,55099,55100,55101,55102,55103,55104,55105,55106,55107,55108,55109,55110,55111,55113,55114,55115,55116,55117,55118,55119,55120,55121,55122,55123,55124,55125,55127,55128,55129,55132,55133,55134,55137,55138,55139,55140,55141,55142,55143,55144,55145,55146,55148,55149,55150,55153,55154,55155,55156,55157,55158,55159,55160,55162,55163,55165,55166,55167,55168,55169,55170,55171,55172,55173,55174,55175,55177,55178,55179,55180,55181,55182,55183,55184,55185,55186,55188,55189,55191,55192,55193,55194,55195,55196,55197,55198,55199,55200,55201,55202,55204,55206,55207,55208,55210,55211,55212,55214,55215,55216,55217,55218,55219,55220,55221,55222,55224,55225,55226,55228,55229,55232,55236,55237,55239,55241,55242,55243,55244,55245,55246,55247,55248,55250,55251,55252,55253,55254,55255,55256,55257,55258,55260,55261,55262,55263,55264,55265,55266,55267,55268,55269,55270,55271,55272,55274,55275,55276,55278,55279,55280,55281,55282,55284,55285,55286,55288,55289,55290,55291,55292,55293,55295,55296,55297,55298,55299,55300,55301,55302,55303,55304,55306,55307,55310,55311,55312,55313,55315,55316,55317,55320,55321,55322,55323,55324,55325,55326,55327,55328,55329,55330,55331,55332,55333,55334,55335,55336,55338,55339,55340,55341,55343,55344,55345,55346,55347,55348,55349,55350,55351,55352,55353,55355,55356,55357,55358,55359,55360,55361,55362,55363,55364,55365,55366,55367,55368,55369,55370,55371,55372,55373,55374,55375,55376,55377,55378,55379,55380,55381,55382,55383,55384,55385,55386,55387,55388,55389,55391,55394,55395,55396,55397,55398,55399,55400,55401,55403,55404,55405,55406,55407,55408,55409,55410,55411,55412,55414,55415,55416,55419,55420,55421,55422,55423,55424,55425,55426,55427,55428,55429,55430,55431,55433,55434,55435,55436,55437,55438,55439,55442,55443,55444,55445,55446,55447,55448,55449,55450,55452,55453,55454,55456,55457,55458,55459,55460,55461,55462,55463,55464,55465,55466,55467,55468,55469,55470,55471,55472,55473,55474,55475,55476,55477,55479,55481,55482,55484,55485,55487,55488,55489,55490,55492,55493,55494,55495,55496,55497,55498,55500,55501,55502,55503,55504,55505,55506,55507,55508,55509,55510,55511,55512,55514,55515,55516,55517,55518,55519,55520,55521,55522,55523,55525,55526,55527,55528,55530,55531,55532,55533,55534,55535,55536,55537,55540,55541,55543,55544,55545,55546,55547,55549,55551,55552,55553,55554,55555,55556,55557,55559,55560,55561,55562,55563,55565,55566,55567,55568,55569,55570,55571,55572,55573,55574,55575,55577,55578,55579,55580,55581,55582,55583,55584,55586,57001,57002,57003,57004,57006,57007,57008,57009,57010,57011,57012,57013,57014,57015,57016,57017,57018,57019,57020,57021,57022,57024,57025,57026,57027,57028,57029,57030,57031,57032,57033,57034,57035,57036,57037,57038,57039,57040,57041,57042,57043,57044,57045,57046,57047,57048,57049,57050,57051,57052,57053,57054,57055,57056,57057,57058,57059,57060,57061,57062,57063,57064,57065,57066,57067,57069,57070,57071,57072,57073,57074,57075,57076,57077,57079,57080,57081,57082,57083,57084,57085,57086,57087,57088,57089,57090,57091,57092,57093,57095,57096,57097,57098,57099,57100,57101,57102,57103,57104,57105,57106,57107,57108,57109,57110,57111,57112,57113,57114,57115,57116,57117,57118,57119,57120,57121,57122,57123,57124,57125,57126,57127,57128,57129,57130,57131,57132,57133,57134,57136,57137,57138,57139,57140,57141,57142,57143,57144,57145,57146,57147,57148,57149,57150,57151,57152,57153,57154,57155,57156,57158,57159,57160,57161,57162,57163,57165,57166,57167,57168,57169,57171,57172,57173,57174,57175,57176,57177,57178,57179,57180,57181,57182,57183,57186,57187,57188,57189,57190,57191,57192,57193,57194,57195,57196,57197,57198,57199,57200,57201,57202,57203,57204,57205,57206,57207,57208,57209,57210,57211,57212,57213,57214,57215,57216,57217,57218,57219,57220,57221,57222,57224,57225,57226,57227,57228,57229,57230,57231,57232,57233,57234,57235,57236,57237,57238,57239,57240,57241,57242,57244,57245,57246,57247,57248,57249,57250,57251,57252,57253,57254,57255,57256,57257,57258,57259,57260,57261,57262,57263,57264,57265,57266,57267,57268,57269,57270,57271,57272,57273,57274,57275,57276,57277,57278,57280,57281,57282,57283,57284,57286,57287,57288,57289,57290,57291,57292,57293,57294,57295,57296,57297,57298,57299,57300,57301,57302,57303,57304,57305,57306,57307,57308,57309,57310,57311,57312,57313,57314,57315,57316,57317,57318,57319,57320,57321,57322,57323,57324,57325,57326,57328,57329,57330,57331,57332,57333,57334,57335,57336,57337,57338,57339,57340,57341,57342,57343,57344,57345,57346,57347,57348,57349,57350,57351,57352,57353,57354,57355,57356,57357,57358,57359,57360,57361,57362,57364,57365,57366,57367,57368,57370,57371,57372,57373,57374,57375,57376,57377,57379,57380,57381,57382,57383,57384,57385,57386,57387,57388,57389,57390,57391,57392,57393,57394,57395,57396,57397,57398,57399,57401,57402,57403,57404,57405,57406,57407,57408,57409,57410,57411,57412,57413,57414,57415,57416,57417,57418,57419,57421,57422,57423,57424,57425,57426,57427,57428,57430,57431,57433,57434,57436,57437,57438,57439,57440,57441,57442,57443,57444,57445,57446,57447,57448,57449,57451,57452,57453,57454,57455,57456,57457,57459,57460,57461,57462,57463,57464,57465,57466,57467,57468,57469,57470,57471,57472,57473,57474,57475,57476,57477,57478,57479,57480,57481,57482,57483,57484,57485,57486,57487,57488,57489,57490,57491,57492,57493,57494,57495,57496,57497,57498,57499,57500,57501,57502,57504,57505,57506,57507,57508,57509,57510,57511,57512,57513,57514,57515,57516,57517,57518,57519,57520,57521,57524,57525,57526,57527,57528,57529,57530,57531,57532,57533,57534,57535,57536,57537,57538,57539,57540,57541,57542,57543,57544,57545,57546,57547,57548,57549,57550,57551,57552,57553,57554,57555,57556,57557,57558,57559,57560,57561,57562,57563,57564,57565,57566,57567,57568,57569,57570,57571,57572,57573,57574,57575,57576,57577,57578,57579,57580,57581,57582,57583,57584,57586,57587,57588,57589,57590,57591,57592,57593,57594,57595,57596,57597,57598,57599,57600,57601,57602,57603,57604,57605,57606,57607,57609,57610,57611,57612,57613,57614,57615,57616,57617,57618,57619,57620,57621,57622,57623,57624,57625,57626,57627,57628,57629,57630,57631,57633,57634,57635,57636,57637,57638,57639,57640,57641,57642,57643,57644,57645,57647,57648,57649,57650,57651,57652,57653,57654,57655,57656,57657,57658,57659,57660,57661,57662,57663,57664,57665,57666,57667,57668,57669,57670,57671,57672,57673,57674,57675,57676,57677,57678,57679,57680,57681,57682,57683,57684,57685,57686,57687,57689,57690,57691,57692,57693,57694,57695,57696,57697,57698,57700,57701,57702,57703,57704,57705,57706,57707,57708,57709,57711,57712,57713,57714,57715,57716,57717,57718,57719,57720,57721,57723,57724,57725,57726,57727,57728,57730,57731,57732,57733,57734,57736,57737,57738,57739,57740,57741,57742,57743,57745,57746,57747,57748,57749,57750,57751,57752,57753,57754,57755,57756,57757,57759,57760,57761,57762,57763,57764,57765,57767,67001,67002,67003,67004,67005,67006,67008,67009,67010,67011,67012,67013,67016,67017,67018,67019,67020,67021,67022,67023,67025,67026,67027,67028,67029,67030,67031,67032,67033,67034,67035,67036,67037,67038,67039,67040,67043,67044,67045,67046,67047,67048,67049,67050,67051,67052,67053,67054,67055,67056,67057,67058,67059,67060,67061,67062,67063,67065,67066,67067,67068,67069,67070,67071,67072,67073,67074,67075,67076,67077,67078,67079,67080,67081,67082,67083,67084,67085,67086,67087,67088,67089,67090,67091,67092,67093,67094,67095,67096,67097,67098,67099,67100,67101,67102,67103,67104,67105,67106,67107,67108,67109,67110,67111,67112,67113,67115,67116,67117,67118,67119,67120,67121,67122,67123,67124,67125,67126,67127,67128,67129,67130,67131,67132,67133,67134,67135,67136,67137,67138,67139,67140,67141,67142,67143,67144,67145,67146,67147,67148,67149,67150,67151,67152,67153,67154,67155,67156,67159,67160,67161,67162,67163,67164,67165,67166,67167,67168,67169,67172,67173,67174,67176,67177,67178,67179,67180,67181,67182,67183,67184,67185,67186,67187,67188,67189,67190,67191,67192,67194,67195,67196,67197,67198,67199,67200,67201,67202,67203,67204,67205,67206,67208,67209,67210,67212,67213,67214,67215,67216,67217,67218,67220,67221,67222,67223,67225,67226,67227,67228,67229,67230,67231,67232,67233,67234,67235,67236,67237,67238,67239,67240,67241,67242,67244,67245,67246,67247,67248,67249,67250,67252,67253,67254,67255,67256,67257,67258,67259,67260,67261,67263,67264,67265,67266,67267,67268,67269,67270,67271,67272,67273,67274,67275,67276,67277,67278,67279,67280,67281,67282,67283,67285,67286,67287,67288,67289,67290,67291,67292,67293,67295,67296,67298,67299,67300,67301,67302,67303,67304,67305,67306,67307,67308,67309,67310,67311,67312,67313,67314,67315,67317,67319,67320,67321,67322,67324,67325,67326,67327,67328,67329,67330,67331,67333,67334,67335,67336,67337,67338,67339,67340,67341,67342,67343,67344,67345,67346,67347,67348,67349,67350,67351,67352,67353,67354,67355,67356,67358,67359,67360,67361,67362,67363,67364,67365,67366,67367,67368,67369,67370,67371,67372,67373,67375,67377,67378,67379,67380,67381,67382,67383,67384,67385,67386,67387,67388,67389,67391,67392,67394,67395,67396,67397,67398,67400,67401,67403,67404,67405,67406,67407,67408,67409,67410,67411,67412,67413,67414,67415,67416,67417,67418,67420,67421,67422,67423,67424,67425,67426,67427,67428,67429,67430,67432,67433,67434,67435,67436,67437,67438,67440,67441,67442,67443,67444,67445,67446,67447,67448,67449,67450,67451,67452,67453,67454,67455,67456,67458,67459,67460,67461,67462,67463,67464,67465,67466,67467,67468,67470,67471,67472,67473,67474,67475,67476,67477,67478,67479,67480,67481,67482,67483,67484,67485,67486,67487,67488,67489,67490,67491,67492,67493,67494,67495,67497,67498,67499,67500,67501,67502,67503,67504,67505,67506,67507,67508,67509,67510,67511,67513,67514,67515,67516,67517,67519,67520,67521,67522,67523,67524,67525,67526,67527,67528,67529,67530,67531,67532,67534,67535,67536,67537,67538,67539,67540,67541,67542,67543,67544,67545,67546,67547,67548,67550,67551,67552,67553,67554,67555,67556,67557,67558,67559,68001,68002,68004,68005,68006,68007,68008,68009,68010,68011,68012,68013,68014,68015,68016,68017,68018,68019,68020,68021,68022,68023,68024,68025,68026,68027,68028,68029,68030,68032,68033,68034,68035,68036,68037,68038,68039,68040,68041,68042,68043,68044,68045,68046,68049,68050,68051,68052,68054,68055,68056,68057,68058,68059,68060,68061,68062,68063,68064,68065,68066,68067,68068,68069,68071,68072,68073,68074,68075,68076,68077,68078,68079,68080,68081,68082,68083,68084,68085,68086,68087,68088,68089,68090,68091,68092,68093,68094,68095,68096,68097,68098,68099,68100,68101,68102,68103,68104,68105,68106,68107,68109,68110,68111,68112,68113,68114,68115,68116,68117,68118,68119,68120,68121,68122,68123,68124,68125,68126,68127,68128,68129,68130,68131,68132,68134,68135,68136,68137,68138,68139,68140,68141,68142,68143,68144,68145,68146,68147,68148,68149,68150,68151,68152,68153,68154,68155,68156,68157,68158,68159,68160,68161,68162,68163,68165,68166,68167,68168,68169,68170,68171,68172,68173,68174,68175,68176,68177,68178,68179,68180,68181,68182,68183,68184,68185,68186,68187,68188,68189,68190,68191,68192,68193,68194,68195,68196,68197,68198,68199,68200,68201,68202,68203,68204,68205,68207,68208,68209,68210,68211,68212,68213,68214,68215,68216,68217,68218,68219,68221,68222,68223,68224,68225,68226,68227,68228,68229,68230,68231,68232,68234,68235,68237,68238,68239,68240,68241,68242,68243,68244,68245,68246,68247,68248,68249,68250,68251,68252,68253,68254,68255,68256,68257,68258,68259,68260,68261,68262,68263,68264,68265,68266,68267,68268,68269,68270,68271,68273,68274,68275,68276,68277,68278,68279,68280,68281,68282,68283,68284,68285,68286,68287,68288,68289,68290,68291,68292,68293,68294,68295,68296,68297,68298,68299,68300,68301,68302,68303,68304,68305,68306,68307,68308,68309,68311,68312,68313,68315,68316,68317,68318,68320,68321,68322,68323,68324,68325,68326,68327,68328,68329,68330,68331,68332,68333,68334,68335,68336,68337,68338,68340,68341,68342,68343,68344,68345,68347,68348,68349,68350,68351,68352,68353,68354,68355,68356,68357,68358,68359,68360,68361,68362,68363,68364,68365,68366,68367,68368,68370,68371,68372,68373,68374,68375,68376,68377,68378,68379,68380,68381,68382,68383,68384,68385,68386,88001,88002,88003,88004,88005,88006,88007,88008,88009,88010,88011,88012,88013,88014,88015,88016,88017,88019,88020,88021,88022,88023,88024,88025,88026,88027,88028,88029,88030,88031,88032,88033,88035,88036,88037,88038,88039,88040,88041,88042,88043,88044,88045,88046,88047,88048,88049,88050,88051,88052,88053,88054,88055,88056,88057,88058,88059,88060,88061,88062,88063,88064,88065,88066,88068,88069,88070,88071,88073,88074,88075,88076,88077,88078,88079,88080,88081,88082,88083,88084,88085,88086,88087,88088,88089,88090,88091,88092,88093,88094,88095,88096,88097,88098,88099,88100,88101,88102,88103,88104,88105,88106,88107,88108,88109,88110,88111,88113,88114,88115,88116,88117,88118,88119,88120,88121,88122,88123,88124,88125,88126,88127,88128,88129,88130,88131,88132,88133,88134,88135,88136,88137,88138,88139,88140,88141,88142,88143,88144,88145,88146,88147,88148,88149,88150,88151,88152,88153,88154,88155,88156,88157,88158,88159,88160,88161,88162,88163,88164,88165,88166,88167,88168,88169,88170,88171,88172,88173,88174,88175,88176,88177,88178,88179,88180,88181,88182,88183,88184,88185,88186,88187,88188,88189,88190,88192,88193,88194,88195,88196,88197,88198,88199,88200,88201,88202,88203,88205,88206,88208,88209,88210,88212,88213,88214,88215,88216,88218,88219,88220,88221,88222,88223,88224,88225,88226,88227,88228,88229,88230,88231,88232,88233,88236,88237,88238,88239,88240,88241,88242,88243,88244,88245,88246,88247,88248,88249,88250,88251,88252,88253,88254,88255,88256,88257,88258,88259,88260,88261,88262,88263,88264,88265,88266,88267,88268,88269,88270,88271,88272,88273,88274,88275,88276,88277,88278,88279,88280,88281,88283,88284,88285,88286,88287,88288,88289,88290,88291,88292,88293,88294,88295,88296,88297,88298,88299,88300,88301,88302,88303,88304,88305,88306,88307,88308,88309,88310,88311,88312,88313,88314,88315,88316,88317,88318,88319,88320,88321,88322,88324,88325,88326,88327,88328,88330,88331,88332,88333,88334,88335,88336,88338,88340,88341,88342,88343,88344,88345,88346,88347,88348,88349,88350,88351,88352,88353,88354,88355,88356,88357,88358,88359,88360,88361,88362,88363,88364,88365,88366,88367,88368,88369,88370,88371,88372,88373,88374,88375,88376,88377,88378,88379,88380,88381,88382,88383,88385,88386,88387,88388,88389,88390,88391,88394,88395,88398,88399,88400,88401,88402,88403,88404,88406,88407,88408,88409,88410,88411,88412,88413,88415,88416,88417,88418,88419,88421,88423,88424,88425,88426,88427,88428,88429,88430,88431,88432,88433,88434,88435,88436,88437,88438,88439,88440,88441,88442,88443,88444,88445,88446,88447,88448,88449,88450,88451,88452,88453,88454,88455,88456,88457,88458,88459,88460,88461,88462,88463,88464,88465,88466,88467,88468,88469,88470,88471,88472,88473,88474,88475,88476,88477,88478,88479,88480,88481,88482,88483,88484,88485,88486,88487,88488,88489,88490,88491,88492,88493,88494,88495,88496,88497,88498,88499,88500,88501,88502,88503,88504,88505,88506,88507,88508,88509,88510,88511,88512,88513,88514,88515,88516,88517,88518,88519,88520,88521,88522,88523,88524,88525,88526,88527,88528,88529,88530,88531,88532}",REG,2026-03-24 14:41:49.581307+01,gold_establishments_2025,,,,20005226400013,2025,Collectivité Territoriale,Région,"['Ardennes', 'Aube', 'Marne', 'Haute-Marne', 'Meurthe-et-Moselle', 'Meuse', 'Moselle', 'Bas-Rhin', '",['Grand Est'],REG,"{08,10,51,52,54,55,57,67,68,88}",{44}
1058bcfc-a4a8-43e2-a0ad-31a89d3ea2a9,239710015,Région Guadeloupe,false,"{97101,97102,97103,97104,97105,97106,97107,97108,97109,97110,97111,97112,97113,97114,97115,97116,97117,97118,97119,97120,97121,97122,97124,97125,97126,97128,97129,97130,97131,97132,97133,97134}",REG,2026-03-24 14:41:49.581307+01,gold_establishments_2025,,,,23971001500029,2025,Collectivité Territoriale,Région,['Guadeloupe'],['Guadeloupe'],REG,{971},{01}
bb7aba81-febd-41a4-ac78-7f0fe6c0d6f9,200052678,Région Guyane,false,"{97301,97302,97303,97304,97305,97306,97307,97308,97309,97310,97311,97312,97313,97314,97352,97353,97356,97357,97358,97360,97361,97362}",CTU,2026-03-24 14:41:49.581307+01,gold_establishments_2025,,,,20005267800014,2025,Collectivité Territoriale,Région,['Guyane'],['Guyane'],REG,{973},{03}
9e39935e-adc4-4207-9208-bb7b2bbff6bb,200053742,Région Hauts-de-France,false,"{02001,02002,02003,02004,02005,02006,02007,02008,02009,02010,02011,02012,02013,02014,02015,02016,02017,02018,02019,02020,02021,02022,02023,02024,02025,02027,02028,02029,02030,02031,02032,02033,02034,02035,02036,02037,02038,02039,02040,02041,02042,02043,02044,02046,02047,02048,02049,02050,02051,02052,02053,02054,02055,02056,02057,02058,02059,02060,02061,02062,02063,02064,02065,02066,02067,02068,02069,02070,02071,02072,02073,02074,02075,02076,02078,02079,02080,02081,02082,02083,02084,02085,02086,02087,02088,02089,02090,02091,02093,02094,02095,02096,02097,02098,02099,02100,02101,02102,02103,02104,02105,02106,02107,02108,02109,02110,02111,02112,02114,02115,02116,02117,02118,02119,02120,02121,02122,02123,02124,02125,02126,02127,02128,02129,02130,02131,02132,02133,02134,02135,02136,02137,02138,02139,02140,02141,02142,02143,02144,02145,02146,02148,02149,02150,02151,02152,02153,02154,02155,02156,02157,02158,02159,02160,02162,02163,02164,02165,02166,02167,02168,02169,02170,02171,02172,02173,02174,02175,02176,02177,02178,02179,02180,02181,02182,02183,02184,02185,02186,02187,02188,02189,02190,02191,02192,02193,02194,02195,02196,02197,02198,02199,02200,02201,02203,02204,02205,02206,02207,02208,02209,02210,02211,02212,02213,02214,02215,02216,02217,02218,02219,02220,02221,02222,02223,02224,02225,02226,02227,02228,02229,02230,02231,02232,02233,02234,02235,02236,02237,02238,02239,02240,02241,02242,02243,02244,02245,02246,02248,02249,02250,02251,02252,02253,02254,02255,02256,02257,02258,02259,02260,02261,02262,02263,02264,02265,02266,02267,02268,02269,02270,02271,02272,02273,02274,02275,02276,02277,02278,02279,02280,02281,02282,02283,02284,02286,02287,02288,02289,02290,02291,02292,02293,02294,02295,02296,02297,02298,02299,02302,02303,02304,02305,02306,02307,02308,02309,02310,02312,02313,02315,02316,02317,02318,02319,02320,02321,02322,02323,02324,02326,02327,02328,02329,02330,02331,02332,02333,02334,02335,02336,02337,02338,02339,02340,02341,02342,02343,02345,02346,02347,02349,02350,02351,02352,02353,02354,02355,02356,02357,02358,02359,02360,02361,02362,02363,02364,02366,02367,02368,02369,02370,02371,02372,02373,02374,02375,02376,02377,02378,02379,02380,02381,02382,02383,02384,02385,02386,02387,02388,02389,02390,02391,02392,02393,02395,02396,02397,02398,02399,02400,02401,02402,02403,02404,02405,02406,02407,02408,02409,02410,02411,02412,02413,02414,02415,02416,02417,02418,02419,02420,02421,02422,02423,02424,02425,02426,02427,02428,02429,02430,02431,02432,02433,02435,02438,02439,02440,02441,02442,02443,02444,02445,02446,02447,02448,02449,02450,02451,02452,02453,02454,02455,02456,02457,02458,02459,02460,02461,02462,02463,02464,02465,02466,02467,02468,02469,02470,02471,02472,02473,02474,02476,02477,02478,02480,02481,02482,02483,02484,02485,02486,02487,02488,02489,02490,02491,02492,02493,02494,02495,02496,02497,02498,02499,02500,02501,02502,02503,02504,02505,02506,02507,02508,02509,02510,02511,02512,02513,02514,02515,02516,02517,02518,02519,02520,02521,02522,02523,02524,02525,02526,02527,02528,02529,02530,02531,02532,02533,02534,02535,02536,02537,02538,02539,02540,02541,02542,02543,02544,02545,02546,02547,02548,02549,02550,02551,02552,02553,02554,02555,02556,02557,02558,02559,02560,02561,02562,02563,02564,02565,02566,02567,02568,02569,02570,02571,02572,02573,02574,02575,02576,02577,02578,02579,02580,02581,02582,02583,02584,02585,02586,02587,02588,02589,02590,02591,02592,02593,02594,02595,02596,02598,02599,02600,02601,02602,02604,02605,02606,02607,02608,02609,02610,02612,02613,02614,02615,02616,02617,02618,02619,02620,02621,02622,02623,02624,02625,02626,02627,02628,02629,02631,02632,02633,02634,02635,02636,02637,02638,02639,02640,02641,02642,02643,02644,02645,02647,02648,02649,02650,02651,02652,02653,02654,02655,02656,02657,02658,02659,02660,02661,02662,02663,02664,02665,02666,02667,02668,02670,02671,02672,02673,02674,02675,02676,02677,02678,02679,02680,02681,02682,02683,02684,02685,02686,02687,02688,02689,02690,02691,02693,02694,02696,02697,02698,02699,02701,02702,02703,02704,02705,02706,02707,02708,02709,02710,02711,02712,02713,02714,02715,02716,02717,02718,02719,02720,02721,02722,02723,02724,02725,02726,02727,02728,02729,02730,02731,02732,02734,02735,02736,02737,02738,02739,02740,02741,02742,02743,02744,02745,02746,02747,02748,02749,02750,02751,02752,02753,02754,02755,02756,02757,02758,02759,02760,02761,02762,02763,02764,02765,02766,02767,02768,02769,02770,02772,02773,02774,02775,02776,02777,02778,02779,02780,02781,02782,02783,02784,02785,02786,02787,02788,02789,02790,02791,02792,02793,02794,02795,02796,02797,02798,02799,02800,02801,02802,02803,02804,02805,02806,02807,02808,02809,02810,02812,02813,02814,02815,02816,02817,02818,02819,02820,02821,02822,02823,02824,02826,02827,02828,02829,02830,02831,02832,02833,02834,59001,59002,59003,59004,59005,59006,59007,59008,59009,59010,59011,59012,59013,59014,59015,59016,59017,59018,59019,59021,59022,59023,59024,59025,59026,59027,59028,59029,59031,59032,59033,59034,59035,59036,59037,59038,59039,59041,59042,59043,59044,59045,59046,59047,59048,59049,59050,59051,59052,59053,59054,59055,59056,59057,59058,59059,59060,59061,59062,59063,59064,59065,59066,59067,59068,59069,59071,59072,59073,59074,59075,59076,59077,59078,59079,59080,59081,59082,59083,59084,59085,59086,59087,59088,59089,59090,59091,59092,59093,59094,59096,59097,59098,59099,59100,59101,59102,59103,59104,59105,59106,59107,59108,59109,59110,59111,59112,59113,59114,59115,59116,59117,59118,59119,59120,59121,59122,59123,59124,59125,59126,59127,59128,59129,59130,59131,59132,59133,59134,59135,59136,59137,59138,59139,59140,59141,59142,59143,59144,59145,59146,59147,59148,59149,59150,59151,59152,59153,59155,59156,59157,59158,59159,59160,59161,59162,59163,59164,59165,59166,59167,59168,59169,59170,59171,59172,59173,59174,59175,59176,59177,59178,59179,59180,59181,59182,59183,59184,59185,59186,59187,59188,59189,59190,59191,59192,59193,59194,59195,59196,59197,59198,59199,59200,59201,59202,59203,59204,59205,59206,59207,59208,59209,59210,59211,59212,59213,59214,59215,59216,59217,59218,59219,59220,59221,59222,59223,59224,59225,59226,59227,59228,59229,59230,59231,59232,59233,59234,59236,59237,59238,59239,59240,59241,59242,59243,59244,59246,59247,59249,59250,59251,59252,59253,59254,59255,59256,59257,59258,59259,59260,59261,59262,59263,59264,59265,59266,59267,59268,59269,59270,59271,59272,59273,59274,59275,59276,59277,59278,59279,59280,59281,59282,59283,59284,59285,59286,59287,59288,59289,59290,59291,59292,59293,59294,59295,59296,59297,59299,59300,59301,59302,59303,59304,59305,59306,59307,59308,59309,59310,59311,59312,59313,59314,59315,59316,59317,59318,59319,59320,59321,59322,59323,59324,59325,59326,59327,59328,59329,59330,59331,59332,59333,59334,59335,59336,59337,59338,59339,59340,59341,59342,59343,59344,59345,59346,59347,59348,59349,59350,59351,59352,59353,59354,59356,59357,59358,59359,59360,59361,59363,59364,59365,59366,59367,59368,59369,59370,59371,59372,59374,59375,59377,59378,59379,59381,59382,59383,59384,59385,59386,59387,59388,59389,59390,59391,59392,59393,59394,59395,59396,59397,59398,59399,59400,59401,59402,59403,59405,59406,59407,59408,59409,59410,59411,59412,59413,59414,59415,59416,59418,59419,59420,59421,59422,59423,59424,59425,59426,59427,59428,59429,59430,59431,59432,59433,59434,59435,59436,59437,59438,59439,59440,59441,59442,59443,59444,59445,59446,59447,59448,59449,59450,59451,59452,59453,59454,59455,59456,59457,59458,59459,59461,59462,59463,59464,59465,59466,59467,59468,59469,59470,59471,59472,59473,59474,59475,59476,59477,59478,59479,59480,59481,59482,59483,59484,59485,59486,59487,59488,59489,59490,59491,59492,59493,59494,59495,59496,59497,59498,59499,59500,59501,59502,59503,59504,59505,59506,59507,59508,59509,59511,59512,59513,59514,59515,59516,59517,59518,59519,59520,59521,59522,59523,59524,59525,59526,59527,59528,59529,59530,59531,59532,59533,59534,59535,59536,59537,59538,59539,59541,59542,59543,59544,59545,59546,59547,59548,59549,59550,59551,59552,59553,59554,59555,59556,59557,59558,59559,59560,59562,59563,59564,59565,59566,59567,59568,59569,59570,59571,59572,59573,59574,59575,59576,59577,59578,59579,59580,59581,59582,59583,59584,59585,59586,59587,59588,59589,59590,59591,59592,59593,59594,59595,59596,59597,59598,59599,59600,59601,59602,59603,59604,59605,59606,59607,59608,59609,59610,59611,59612,59613,59614,59615,59616,59617,59618,59619,59620,59622,59623,59624,59625,59626,59627,59628,59629,59630,59631,59632,59633,59634,59635,59636,59637,59638,59639,59640,59641,59642,59643,59645,59646,59647,59648,59649,59650,59651,59652,59653,59654,59655,59656,59657,59658,59659,59660,59661,59662,59663,59664,59665,59666,59667,59668,59669,59670,60001,60002,60003,60004,60005,60006,60007,60008,60009,60010,60011,60012,60013,60014,60015,60016,60017,60019,60020,60021,60022,60023,60024,60025,60026,60027,60028,60029,60030,60031,60032,60033,60034,60035,60036,60037,60039,60040,60041,60042,60043,60044,60045,60046,60047,60048,60049,60050,60051,60052,60053,60054,60055,60056,60057,60058,60059,60060,60061,60062,60063,60064,60065,60066,60067,60068,60069,60070,60071,60072,60073,60074,60075,60076,60077,60078,60079,60081,60082,60083,60084,60085,60086,60087,60088,60089,60090,60091,60092,60093,60094,60095,60097,60098,60099,60100,60101,60102,60103,60104,60105,60106,60107,60108,60109,60110,60111,60112,60113,60114,60115,60116,60117,60118,60119,60120,60121,60122,60123,60124,60125,60126,60127,60128,60129,60130,60131,60132,60133,60134,60135,60136,60137,60138,60139,60140,60141,60142,60143,60144,60145,60146,60147,60148,60149,60150,60151,60152,60153,60154,60155,60156,60157,60158,60159,60160,60161,60162,60163,60164,60165,60166,60167,60168,60169,60170,60171,60172,60173,60174,60175,60176,60177,60178,60179,60180,60181,60182,60183,60184,60185,60186,60187,60188,60189,60190,60191,60192,60193,60194,60195,60196,60197,60198,60199,60200,60201,60203,60204,60205,60206,60207,60208,60209,60210,60211,60212,60213,60214,60215,60216,60217,60218,60219,60220,60221,60222,60223,60224,60225,60226,60227,60228,60229,60230,60231,60232,60233,60234,60235,60236,60237,60238,60239,60240,60241,60242,60243,60244,60245,60247,60248,60249,60250,60251,60252,60253,60254,60255,60256,60257,60258,60259,60260,60261,60262,60263,60264,60265,60267,60268,60269,60270,60271,60272,60273,60274,60275,60276,60277,60278,60279,60280,60281,60282,60283,60284,60285,60286,60287,60288,60289,60290,60291,60292,60293,60294,60295,60296,60297,60298,60299,60301,60302,60303,60304,60305,60306,60307,60308,60309,60310,60311,60312,60313,60314,60315,60316,60317,60318,60319,60320,60321,60322,60323,60324,60325,60326,60327,60328,60329,60330,60331,60332,60333,60334,60335,60336,60337,60338,60339,60340,60341,60342,60343,60344,60345,60346,60347,60348,60350,60351,60352,60353,60354,60355,60356,60357,60358,60359,60360,60361,60362,60363,60364,60365,60366,60367,60368,60369,60370,60371,60372,60373,60374,60375,60376,60377,60378,60379,60380,60381,60382,60383,60385,60386,60387,60388,60389,60390,60391,60392,60393,60394,60395,60396,60397,60398,60399,60400,60401,60402,60403,60404,60405,60406,60407,60408,60409,60410,60411,60412,60413,60414,60415,60416,60418,60420,60421,60422,60423,60424,60425,60426,60427,60428,60429,60430,60431,60432,60433,60434,60435,60436,60437,60438,60439,60440,60441,60442,60443,60444,60445,60446,60447,60448,60449,60450,60451,60452,60454,60456,60457,60458,60459,60460,60461,60462,60463,60464,60465,60466,60468,60469,60470,60471,60472,60473,60474,60476,60477,60478,60479,60480,60481,60482,60483,60484,60485,60486,60487,60488,60489,60490,60491,60492,60493,60494,60495,60496,60497,60498,60499,60500,60501,60502,60503,60504,60505,60506,60507,60508,60509,60510,60511,60512,60513,60514,60515,60516,60517,60518,60519,60520,60521,60522,60523,60524,60525,60526,60527,60528,60529,60530,60531,60533,60534,60535,60536,60537,60538,60539,60540,60541,60542,60543,60544,60545,60546,60547,60548,60549,60550,60551,60552,60553,60554,60555,60556,60557,60558,60559,60560,60561,60562,60563,60564,60565,60566,60567,60568,60569,60570,60571,60572,60573,60574,60575,60576,60577,60578,60579,60581,60582,60583,60584,60585,60586,60587,60588,60589,60590,60591,60592,60593,60594,60595,60596,60597,60598,60599,60600,60601,60602,60603,60604,60605,60608,60609,60610,60611,60612,60613,60614,60615,60616,60617,60618,60619,60620,60621,60622,60623,60624,60625,60626,60627,60628,60629,60630,60631,60632,60633,60634,60635,60636,60637,60638,60639,60640,60641,60642,60643,60644,60645,60646,60647,60648,60650,60651,60652,60653,60654,60655,60656,60657,60658,60659,60660,60661,60662,60663,60664,60665,60666,60667,60668,60669,60670,60671,60672,60673,60674,60675,60676,60677,60678,60679,60680,60681,60682,60683,60684,60685,60686,60687,60688,60689,60691,60692,60693,60695,60697,60698,60699,60700,60701,60702,60703,62001,62002,62003,62004,62005,62006,62007,62008,62009,62010,62011,62012,62013,62014,62015,62016,62017,62018,62019,62020,62021,62022,62023,62024,62025,62026,62027,62028,62029,62030,62031,62032,62033,62034,62035,62036,62037,62038,62039,62040,62041,62042,62043,62044,62045,62046,62047,62048,62049,62050,62051,62052,62053,62054,62055,62056,62057,62058,62059,62060,62061,62062,62063,62064,62065,62066,62067,62068,62069,62070,62071,62072,62073,62074,62075,62076,62077,62078,62079,62080,62081,62082,62083,62084,62085,62086,62087,62088,62089,62090,62091,62092,62093,62094,62095,62096,62097,62099,62100,62101,62102,62103,62104,62105,62106,62107,62108,62109,62111,62112,62113,62114,62115,62116,62117,62118,62119,62120,62121,62122,62123,62124,62125,62126,62127,62128,62129,62130,62131,62132,62133,62134,62135,62137,62138,62139,62140,62141,62142,62143,62144,62145,62146,62147,62148,62149,62150,62151,62152,62153,62154,62155,62156,62157,62158,62160,62161,62162,62163,62164,62165,62166,62167,62168,62169,62170,62171,62172,62173,62174,62175,62176,62177,62178,62179,62180,62181,62182,62183,62184,62185,62186,62187,62188,62189,62190,62191,62192,62193,62194,62195,62196,62197,62198,62199,62200,62201,62202,62203,62204,62205,62206,62207,62208,62209,62211,62212,62213,62214,62215,62216,62217,62218,62219,62220,62221,62222,62223,62224,62225,62227,62228,62229,62230,62231,62232,62233,62234,62235,62236,62237,62238,62239,62240,62241,62242,62243,62244,62245,62246,62247,62248,62249,62250,62251,62252,62253,62254,62255,62256,62257,62258,62259,62260,62261,62262,62263,62264,62265,62266,62267,62268,62269,62270,62271,62272,62273,62274,62275,62276,62277,62278,62279,62280,62281,62282,62283,62284,62285,62286,62288,62289,62290,62291,62292,62293,62295,62296,62297,62298,62299,62300,62301,62302,62303,62304,62306,62307,62308,62309,62310,62311,62312,62313,62314,62315,62316,62317,62318,62319,62320,62321,62322,62323,62324,62325,62326,62327,62328,62329,62330,62331,62332,62333,62334,62335,62336,62337,62338,62339,62340,62341,62342,62343,62344,62345,62346,62347,62348,62349,62350,62351,62352,62353,62354,62355,62356,62357,62358,62359,62360,62361,62362,62363,62364,62365,62366,62367,62368,62369,62370,62371,62372,62373,62374,62375,62376,62377,62378,62379,62380,62381,62382,62383,62384,62385,62386,62387,62388,62389,62390,62391,62392,62393,62395,62396,62397,62398,62399,62400,62401,62402,62403,62404,62405,62406,62407,62408,62409,62410,62411,62412,62413,62414,62415,62416,62418,62419,62421,62422,62423,62424,62425,62426,62427,62428,62429,62430,62432,62433,62434,62435,62436,62437,62438,62439,62440,62441,62442,62443,62444,62445,62446,62447,62448,62449,62450,62451,62452,62453,62454,62455,62456,62457,62458,62459,62460,62462,62463,62464,62465,62466,62467,62468,62469,62470,62471,62472,62473,62474,62475,62476,62477,62478,62479,62480,62481,62483,62484,62485,62486,62487,62488,62489,62490,62491,62492,62493,62494,62495,62496,62497,62498,62499,62500,62501,62502,62503,62504,62505,62506,62507,62508,62509,62510,62511,62512,62513,62514,62515,62516,62517,62518,62519,62520,62521,62522,62523,62524,62525,62526,62527,62528,62529,62530,62531,62532,62533,62534,62535,62536,62537,62538,62539,62540,62541,62542,62543,62544,62545,62546,62547,62548,62550,62551,62552,62553,62554,62555,62556,62557,62558,62559,62560,62561,62562,62563,62564,62565,62566,62567,62568,62569,62570,62571,62572,62573,62574,62576,62577,62578,62579,62580,62581,62582,62583,62584,62585,62586,62587,62588,62589,62590,62591,62592,62593,62594,62595,62596,62597,62598,62599,62600,62601,62602,62603,62604,62605,62606,62607,62608,62609,62610,62611,62612,62613,62614,62615,62616,62617,62618,62619,62620,62621,62622,62623,62624,62625,62626,62627,62628,62629,62630,62631,62632,62633,62634,62635,62636,62637,62638,62639,62640,62641,62642,62643,62644,62645,62646,62647,62648,62649,62650,62651,62652,62653,62654,62655,62656,62657,62658,62659,62660,62661,62662,62663,62664,62665,62666,62667,62668,62669,62670,62671,62672,62673,62674,62675,62676,62677,62678,62679,62680,62681,62682,62683,62684,62685,62686,62688,62689,62690,62691,62692,62693,62694,62695,62696,62697,62698,62699,62700,62701,62702,62703,62704,62705,62706,62708,62709,62710,62711,62712,62713,62714,62715,62716,62717,62718,62719,62720,62721,62722,62723,62724,62725,62726,62727,62728,62729,62730,62731,62732,62733,62734,62735,62736,62737,62738,62739,62740,62741,62742,62744,62745,62746,62747,62748,62749,62750,62751,62752,62753,62754,62755,62756,62757,62758,62759,62760,62761,62762,62763,62764,62765,62766,62767,62768,62769,62770,62771,62772,62773,62774,62775,62776,62777,62778,62779,62780,62781,62782,62783,62784,62785,62786,62787,62788,62789,62790,62791,62792,62793,62794,62795,62796,62797,62798,62799,62800,62801,62802,62803,62804,62805,62806,62808,62809,62810,62811,62812,62813,62814,62815,62816,62817,62818,62819,62820,62821,62822,62823,62824,62825,62826,62827,62828,62829,62830,62831,62832,62833,62834,62835,62836,62837,62838,62839,62840,62841,62842,62843,62844,62845,62846,62847,62848,62849,62850,62851,62852,62853,62854,62855,62856,62857,62858,62859,62860,62861,62862,62863,62864,62865,62866,62867,62868,62869,62870,62871,62872,62873,62874,62875,62876,62877,62878,62879,62880,62881,62882,62883,62885,62886,62887,62888,62889,62890,62891,62892,62893,62894,62895,62896,62897,62898,62899,62900,62901,62902,62903,62904,62905,62906,62907,62908,62909,80001,80002,80003,80004,80005,80006,80008,80009,80010,80011,80013,80014,80015,80016,80017,80018,80019,80020,80021,80022,80023,80024,80025,80026,80027,80028,80029,80030,80031,80032,80033,80034,80035,80036,80037,80038,80039,80040,80041,80042,80043,80044,80045,80046,80047,80048,80049,80050,80051,80052,80053,80054,80055,80056,80057,80058,80059,80060,80061,80062,80063,80064,80065,80066,80067,80068,80069,80070,80071,80073,80074,80076,80077,80078,80079,80080,80081,80082,80083,80084,80085,80086,80087,80088,80089,80090,80092,80093,80094,80095,80096,80097,80098,80099,80100,80101,80102,80103,80104,80105,80106,80107,80108,80109,80110,80112,80113,80114,80115,80116,80117,80118,80119,80120,80121,80122,80123,80124,80125,80126,80127,80128,80129,80130,80131,80132,80133,80134,80135,80136,80137,80138,80139,80140,80141,80142,80143,80144,80145,80146,80147,80148,80149,80150,80151,80152,80153,80154,80155,80156,80157,80158,80159,80160,80161,80162,80163,80164,80165,80166,80167,80168,80169,80170,80171,80172,80173,80174,80176,80177,80179,80180,80181,80182,80183,80184,80185,80186,80187,80188,80189,80190,80191,80192,80193,80194,80195,80196,80197,80198,80199,80200,80201,80202,80203,80204,80205,80206,80207,80208,80210,80211,80212,80213,80214,80215,80216,80217,80218,80219,80220,80221,80222,80223,80224,80225,80226,80227,80228,80229,80230,80231,80232,80233,80234,80235,80236,80237,80238,80239,80240,80241,80242,80243,80244,80245,80246,80247,80248,80249,80250,80251,80252,80253,80256,80258,80259,80260,80261,80262,80263,80264,80265,80266,80267,80268,80269,80270,80271,80272,80273,80274,80275,80276,80278,80279,80280,80281,80282,80283,80284,80285,80287,80288,80290,80291,80292,80293,80294,80295,80296,80297,80298,80299,80300,80301,80302,80303,80304,80305,80306,80307,80308,80310,80311,80312,80313,80314,80315,80316,80317,80318,80319,80320,80321,80322,80324,80325,80326,80327,80328,80329,80330,80331,80332,80333,80334,80335,80336,80337,80338,80339,80340,80341,80342,80343,80344,80345,80346,80347,80348,80349,80350,80351,80352,80353,80354,80355,80356,80357,80358,80359,80360,80361,80362,80364,80365,80366,80367,80368,80369,80371,80372,80373,80374,80375,80376,80377,80378,80379,80380,80381,80383,80384,80385,80386,80387,80388,80390,80391,80392,80393,80395,80396,80397,80399,80400,80401,80402,80403,80404,80405,80406,80407,80408,80409,80410,80411,80412,80413,80414,80415,80416,80417,80418,80420,80421,80422,80423,80424,80425,80426,80427,80428,80429,80430,80431,80432,80433,80434,80435,80436,80437,80438,80439,80440,80442,80443,80444,80445,80446,80449,80450,80451,80452,80453,80455,80456,80458,80459,80460,80461,80462,80463,80464,80465,80466,80467,80468,80469,80470,80472,80473,80474,80475,80476,80477,80478,80479,80480,80481,80482,80484,80485,80486,80487,80488,80489,80490,80491,80493,80494,80495,80496,80497,80498,80499,80500,80501,80502,80503,80504,80505,80507,80508,80509,80511,80512,80513,80514,80515,80516,80517,80518,80519,80520,80521,80522,80523,80524,80525,80526,80527,80528,80529,80530,80531,80533,80535,80536,80537,80538,80540,80541,80542,80543,80544,80545,80546,80547,80548,80549,80550,80552,80553,80554,80555,80556,80557,80558,80559,80560,80561,80562,80563,80565,80566,80568,80569,80570,80571,80572,80573,80574,80575,80576,80577,80578,80579,80580,80582,80583,80584,80585,80586,80587,80588,80589,80590,80591,80592,80593,80595,80596,80597,80598,80599,80600,80601,80602,80603,80604,80605,80606,80607,80609,80611,80613,80614,80615,80616,80617,80618,80619,80620,80621,80622,80623,80624,80625,80626,80627,80628,80629,80630,80631,80632,80633,80634,80635,80637,80638,80639,80640,80642,80643,80644,80645,80646,80647,80648,80649,80650,80651,80652,80654,80655,80656,80657,80658,80659,80661,80662,80663,80664,80665,80666,80667,80668,80669,80670,80671,80672,80673,80674,80675,80676,80677,80678,80679,80680,80681,80682,80683,80684,80685,80686,80687,80688,80690,80691,80692,80693,80694,80695,80696,80697,80698,80699,80700,80701,80702,80703,80704,80705,80706,80707,80708,80709,80710,80711,80713,80714,80716,80717,80718,80719,80721,80722,80723,80724,80725,80726,80728,80729,80730,80732,80733,80734,80735,80736,80737,80738,80740,80741,80742,80743,80744,80746,80747,80748,80749,80750,80751,80752,80753,80754,80755,80756,80757,80758,80759,80760,80762,80763,80764,80765,80766,80767,80769,80770,80771,80773,80774,80775,80776,80777,80778,80779,80780,80781,80782,80783,80784,80785,80786,80787,80788,80789,80790,80791,80792,80793,80794,80795,80796,80797,80798,80799,80800,80801,80802,80803,80804,80805,80806,80807,80808,80809,80810,80811,80812,80813,80814,80815,80819,80820,80821,80822,80823,80824,80825,80826,80827,80828,80829,80832,80833,80834,80835,80836}",REG,2026-03-24 14:41:49.581307+01,gold_establishments_2025,,,,20005374200017,2025,Collectivité Territoriale,Région,"['Aisne', 'Nord', 'Oise', 'Pas-de-Calais', 'Somme']",['Hauts-de-France'],REG,"{02,59,60,62,80}",{32}
7c880337-3493-40fc-9476-8d758dca5d44,239740012,Région La Réunion,false,"{97401,97402,97403,97404,97405,97406,97407,97408,97409,97410,97411,97412,97413,97414,97415,97416,97417,97418,97419,97420,97421,97422,97423,97424}",REG,2026-03-24 14:41:49.581307+01,gold_establishments_2025,,,,23974001200012,2025,Collectivité Territoriale,Région,['La Réunion'],['La Réunion'],REG,{974},{04}
92223d4f-eb63-465e-bced-4ef4e1a4bba2,200055507,Région Martinique,false,"{97201,97202,97203,97204,97205,97206,97207,97208,97209,97210,97211,97212,97213,97214,97215,97216,97217,97218,97219,97220,97221,97222,97223,97224,97225,97226,97227,97228,97229,97230,97231,97232,97233,97234}",CTU,2026-03-24 14:41:49.581307+01,gold_establishments_2025,,,,20005550700012,2025,Collectivité Territoriale,Région,['Martinique'],['Martinique'],REG,{972},{02}
1f543b55-7ba4-4e27-8b1d-157a2d3054b4,200053403,Région Normandie,false,"{14001,14003,14005,14006,14007,14009,14012,14014,14015,14016,14019,14020,14021,14022,14023,14024,14025,14026,14027,14030,14032,14033,14034,14035,14036,14037,14038,14039,14040,14041,14042,14043,14044,14045,14046,14047,14049,14050,14053,14054,14055,14057,14059,14060,14061,14062,14063,14064,14066,14068,14069,14070,14076,14077,14078,14079,14080,14082,14083,14084,14085,14086,14087,14088,14089,14090,14091,14092,14093,14096,14097,14098,14100,14101,14102,14103,14104,14106,14107,14110,14111,14116,14117,14118,14119,14120,14121,14122,14123,14124,14125,14126,14127,14130,14131,14132,14134,14135,14136,14137,14138,14140,14141,14143,14145,14146,14147,14149,14150,14159,14160,14161,14162,14163,14165,14166,14167,14168,14169,14171,14172,14173,14174,14175,14177,14179,14180,14181,14182,14183,14184,14190,14191,14193,14194,14195,14196,14197,14198,14200,14202,14203,14204,14205,14206,14207,14209,14211,14214,14215,14216,14218,14220,14221,14223,14224,14225,14226,14227,14228,14229,14230,14231,14232,14236,14237,14238,14239,14240,14241,14242,14243,14244,14245,14246,14248,14249,14250,14251,14252,14254,14256,14257,14258,14260,14261,14266,14269,14270,14271,14272,14273,14274,14275,14276,14277,14278,14280,14281,14282,14283,14284,14285,14286,14287,14288,14289,14290,14291,14293,14297,14298,14299,14301,14302,14303,14304,14305,14306,14308,14309,14310,14311,14312,14316,14318,14319,14320,14322,14325,14326,14327,14328,14329,14332,14333,14334,14335,14336,14337,14338,14341,14342,14343,14344,14345,14346,14347,14348,14349,14352,14353,14354,14355,14357,14358,14360,14362,14364,14365,14366,14367,14368,14369,14370,14371,14374,14375,14377,14378,14379,14380,14381,14383,14384,14385,14389,14390,14391,14393,14394,14396,14397,14398,14399,14400,14401,14402,14403,14404,14405,14406,14407,14408,14409,14410,14411,14412,14419,14421,14424,14425,14426,14427,14430,14431,14435,14436,14437,14438,14439,14445,14446,14448,14449,14452,14453,14454,14455,14456,14457,14458,14460,14461,14465,14466,14467,14468,14469,14473,14474,14475,14476,14478,14480,14482,14483,14484,14486,14487,14488,14491,14492,14494,14495,14496,14497,14498,14499,14500,14501,14502,14504,14506,14509,14510,14511,14512,14514,14515,14516,14519,14520,14522,14524,14527,14528,14529,14530,14531,14533,14534,14535,14536,14538,14540,14541,14542,14543,14546,14547,14550,14552,14554,14555,14556,14557,14558,14559,14562,14563,14565,14566,14569,14570,14571,14572,14574,14575,14576,14578,14579,14582,14586,14587,14588,14589,14590,14591,14592,14593,14595,14598,14601,14602,14603,14605,14606,14607,14609,14610,14613,14614,14619,14620,14621,14622,14625,14626,14627,14630,14635,14637,14639,14640,14643,14644,14645,14646,14648,14649,14650,14651,14652,14654,14656,14657,14658,14659,14660,14661,14663,14664,14665,14666,14667,14668,14669,14672,14674,14675,14676,14677,14678,14679,14680,14681,14682,14684,14685,14687,14689,14692,14694,14698,14699,14700,14701,14705,14706,14707,14708,14709,14710,14711,14712,14713,14714,14715,14716,14719,14720,14721,14723,14724,14726,14728,14731,14732,14733,14734,14735,14737,14738,14739,14740,14741,14742,14743,14744,14745,14747,14748,14751,14752,14753,14754,14755,14756,14758,14759,14760,14761,14762,14764,27001,27002,27003,27004,27005,27006,27008,27009,27010,27011,27012,27013,27014,27015,27016,27017,27018,27019,27020,27021,27022,27023,27025,27026,27027,27028,27031,27032,27033,27034,27035,27036,27037,27038,27039,27040,27042,27043,27044,27045,27046,27047,27048,27049,27050,27051,27052,27053,27054,27055,27056,27057,27059,27061,27062,27063,27064,27065,27066,27067,27068,27069,27070,27071,27072,27073,27074,27075,27076,27077,27078,27079,27081,27082,27083,27085,27089,27090,27091,27094,27095,27096,27097,27098,27099,27100,27101,27102,27103,27104,27105,27106,27107,27108,27109,27110,27111,27112,27113,27114,27115,27116,27117,27118,27119,27120,27123,27124,27125,27126,27127,27129,27130,27132,27133,27134,27135,27136,27137,27138,27139,27140,27141,27142,27144,27146,27147,27148,27149,27151,27152,27153,27154,27155,27156,27157,27158,27161,27162,27163,27164,27165,27167,27168,27169,27170,27171,27173,27174,27176,27177,27179,27180,27181,27182,27183,27184,27185,27187,27188,27189,27190,27191,27192,27193,27194,27196,27198,27199,27200,27201,27202,27203,27204,27205,27206,27207,27208,27209,27210,27212,27213,27214,27215,27216,27217,27218,27219,27220,27222,27224,27226,27227,27228,27229,27230,27231,27232,27233,27234,27235,27237,27238,27239,27240,27241,27242,27243,27245,27246,27247,27248,27249,27251,27252,27254,27256,27258,27259,27260,27261,27263,27266,27267,27269,27271,27273,27275,27276,27277,27278,27279,27280,27281,27282,27284,27285,27286,27287,27288,27289,27290,27291,27294,27295,27298,27299,27300,27301,27302,27304,27306,27307,27309,27310,27311,27312,27313,27315,27316,27317,27318,27319,27320,27321,27322,27323,27324,27325,27326,27327,27329,27330,27331,27332,27333,27334,27335,27336,27337,27338,27339,27340,27341,27342,27343,27345,27346,27347,27348,27349,27350,27351,27353,27354,27355,27358,27359,27360,27361,27363,27364,27365,27366,27367,27368,27369,27370,27371,27372,27373,27374,27375,27376,27377,27378,27379,27380,27381,27382,27383,27384,27385,27386,27388,27389,27390,27391,27392,27393,27394,27395,27396,27397,27398,27399,27400,27401,27403,27404,27405,27406,27407,27408,27410,27411,27412,27413,27414,27415,27417,27418,27419,27420,27421,27422,27423,27424,27425,27426,27427,27428,27429,27430,27431,27432,27433,27434,27435,27436,27437,27438,27439,27440,27441,27442,27444,27445,27446,27447,27448,27451,27453,27454,27455,27456,27457,27458,27459,27460,27462,27463,27464,27465,27466,27467,27468,27469,27470,27471,27472,27473,27474,27475,27476,27477,27478,27480,27481,27482,27483,27485,27486,27487,27488,27489,27490,27492,27493,27495,27496,27497,27498,27500,27501,27502,27504,27505,27507,27508,27511,27512,27514,27516,27517,27518,27520,27521,27522,27524,27525,27527,27528,27529,27530,27531,27533,27534,27535,27536,27537,27538,27539,27540,27541,27542,27543,27544,27545,27546,27547,27548,27550,27552,27553,27554,27555,27556,27557,27558,27560,27561,27562,27563,27564,27565,27567,27568,27569,27570,27571,27572,27576,27577,27578,27579,27580,27582,27584,27586,27587,27589,27590,27591,27592,27593,27594,27595,27597,27598,27599,27601,27602,27603,27604,27605,27606,27608,27609,27610,27611,27612,27613,27614,27615,27616,27617,27618,27620,27621,27622,27623,27624,27625,27627,27629,27630,27631,27632,27633,27635,27638,27640,27641,27643,27644,27645,27646,27649,27650,27652,27654,27655,27656,27658,27659,27660,27661,27662,27663,27664,27665,27666,27667,27668,27669,27670,27671,27672,27673,27674,27676,27677,27678,27679,27680,27681,27682,27683,27684,27685,27686,27689,27690,27691,27692,27693,27694,27695,27696,27697,27698,27699,27700,27701,50002,50003,50004,50006,50008,50013,50016,50019,50021,50022,50023,50024,50025,50026,50027,50028,50029,50030,50031,50032,50033,50034,50036,50038,50039,50040,50041,50042,50044,50045,50046,50048,50049,50050,50052,50054,50055,50058,50059,50060,50062,50064,50066,50069,50070,50072,50074,50076,50077,50078,50079,50081,50082,50083,50084,50085,50086,50087,50088,50090,50092,50093,50094,50095,50096,50097,50098,50099,50101,50102,50105,50106,50108,50109,50110,50111,50112,50115,50117,50118,50120,50121,50124,50126,50129,50130,50135,50137,50138,50139,50142,50143,50144,50145,50146,50147,50148,50149,50150,50151,50152,50155,50156,50158,50159,50161,50162,50164,50165,50166,50167,50168,50169,50172,50174,50175,50176,50177,50178,50181,50182,50183,50184,50185,50186,50188,50190,50192,50193,50194,50195,50196,50197,50198,50199,50200,50205,50207,50208,50209,50210,50214,50215,50216,50217,50218,50219,50221,50222,50225,50227,50228,50229,50230,50231,50232,50233,50234,50235,50236,50237,50238,50239,50240,50241,50243,50246,50247,50251,50252,50253,50256,50258,50259,50260,50261,50262,50263,50265,50266,50267,50268,50269,50270,50271,50272,50273,50274,50275,50276,50277,50278,50279,50281,50282,50283,50285,50288,50289,50290,50291,50292,50294,50295,50296,50297,50298,50299,50300,50302,50304,50305,50310,50311,50312,50315,50317,50321,50324,50326,50327,50328,50332,50334,50335,50336,50338,50340,50341,50342,50345,50347,50349,50350,50351,50352,50353,50356,50357,50359,50360,50361,50362,50363,50364,50365,50368,50369,50370,50371,50372,50373,50374,50376,50378,50379,50382,50384,50387,50388,50389,50390,50391,50393,50394,50395,50397,50398,50399,50400,50401,50402,50403,50405,50407,50408,50409,50410,50411,50412,50413,50417,50419,50420,50421,50422,50423,50425,50426,50428,50429,50430,50431,50433,50435,50436,50437,50442,50443,50444,50445,50446,50447,50448,50450,50451,50452,50453,50454,50455,50456,50457,50461,50462,50463,50464,50467,50468,50469,50471,50472,50473,50474,50475,50476,50478,50479,50480,50481,50482,50483,50484,50486,50487,50488,50489,50490,50491,50492,50493,50495,50496,50498,50499,50500,50502,50504,50505,50506,50507,50509,50510,50511,50512,50513,50514,50517,50518,50519,50521,50522,50523,50525,50528,50529,50531,50532,50533,50535,50536,50537,50538,50539,50540,50541,50542,50543,50546,50548,50549,50550,50551,50552,50553,50554,50556,50562,50563,50564,50565,50567,50568,50569,50570,50571,50572,50574,50575,50576,50577,50578,50579,50580,50582,50584,50585,50587,50588,50589,50590,50591,50592,50593,50594,50596,50597,50598,50599,50601,50603,50604,50606,50607,50609,50610,50612,50613,50615,50616,50617,50618,50619,50621,50624,50626,50628,50629,50633,50634,50637,50639,50641,50643,50647,50648,61001,61002,61005,61006,61007,61008,61010,61011,61012,61013,61014,61015,61018,61020,61021,61023,61024,61026,61028,61029,61030,61032,61034,61035,61036,61037,61038,61039,61040,61041,61043,61044,61046,61048,61049,61050,61051,61052,61053,61054,61055,61056,61060,61061,61062,61063,61064,61066,61067,61068,61069,61070,61071,61072,61074,61075,61076,61077,61078,61079,61080,61081,61082,61084,61085,61086,61087,61088,61089,61091,61092,61093,61094,61095,61096,61097,61098,61099,61100,61101,61102,61103,61104,61105,61107,61108,61111,61113,61114,61116,61117,61118,61120,61121,61122,61123,61124,61126,61129,61130,61133,61137,61138,61139,61140,61141,61142,61143,61145,61146,61148,61149,61150,61151,61152,61153,61156,61158,61159,61160,61162,61163,61164,61165,61166,61167,61168,61169,61170,61171,61176,61178,61180,61181,61182,61183,61187,61189,61190,61193,61194,61195,61196,61197,61198,61199,61202,61203,61206,61207,61208,61209,61210,61211,61212,61213,61214,61215,61216,61217,61218,61219,61221,61222,61224,61225,61227,61228,61229,61230,61232,61233,61234,61237,61238,61240,61241,61242,61243,61244,61248,61251,61252,61255,61256,61257,61258,61259,61260,61261,61262,61263,61264,61265,61266,61267,61268,61269,61271,61272,61273,61274,61275,61276,61277,61278,61279,61281,61283,61284,61286,61287,61288,61289,61290,61291,61292,61293,61294,61295,61297,61298,61300,61301,61302,61303,61304,61307,61308,61309,61314,61316,61317,61319,61321,61322,61323,61324,61326,61327,61328,61329,61330,61331,61332,61333,61336,61339,61341,61342,61344,61345,61346,61347,61348,61349,61350,61351,61352,61357,61358,61360,61361,61362,61363,61365,61366,61367,61369,61370,61371,61372,61373,61374,61375,61376,61379,61381,61382,61384,61385,61386,61387,61388,61389,61390,61391,61392,61393,61394,61395,61396,61397,61398,61399,61400,61401,61402,61404,61405,61406,61407,61408,61411,61412,61413,61414,61415,61416,61418,61419,61420,61421,61422,61423,61424,61425,61426,61427,61429,61432,61433,61435,61436,61438,61439,61440,61442,61443,61444,61445,61446,61447,61448,61450,61451,61452,61453,61454,61456,61457,61459,61460,61461,61462,61463,61464,61466,61467,61472,61473,61474,61475,61476,61479,61480,61481,61482,61483,61484,61485,61486,61487,61488,61490,61491,61492,61493,61494,61497,61498,61499,61500,61501,61502,61503,61505,61507,61508,61510,61512,76001,76002,76004,76005,76006,76007,76008,76009,76010,76011,76012,76013,76014,76015,76016,76017,76018,76019,76020,76021,76022,76023,76024,76025,76026,76028,76029,76030,76032,76033,76034,76035,76036,76038,76039,76040,76041,76042,76043,76045,76046,76047,76048,76049,76050,76051,76052,76053,76054,76055,76056,76057,76058,76059,76060,76062,76063,76064,76065,76066,76067,76068,76069,76070,76071,76072,76074,76075,76076,76077,76079,76082,76083,76084,76085,76086,76087,76088,76090,76091,76092,76093,76094,76095,76096,76097,76099,76100,76101,76103,76104,76105,76106,76107,76108,76109,76110,76111,76112,76113,76114,76115,76116,76117,76118,76119,76120,76121,76122,76123,76124,76125,76126,76128,76129,76130,76131,76132,76133,76134,76135,76136,76138,76139,76140,76141,76142,76143,76144,76146,76147,76148,76149,76151,76152,76153,76154,76155,76156,76157,76158,76159,76160,76161,76162,76163,76164,76165,76166,76167,76168,76169,76170,76171,76172,76173,76174,76175,76176,76177,76178,76179,76180,76181,76182,76183,76184,76185,76186,76187,76188,76189,76190,76192,76193,76194,76195,76196,76197,76198,76199,76200,76201,76202,76203,76204,76205,76206,76207,76208,76209,76210,76211,76212,76213,76214,76216,76217,76218,76219,76220,76221,76222,76223,76224,76225,76226,76227,76228,76229,76230,76231,76232,76233,76234,76235,76236,76237,76238,76239,76240,76241,76242,76243,76244,76245,76247,76249,76250,76251,76252,76253,76254,76255,76257,76258,76259,76260,76261,76262,76263,76264,76265,76266,76268,76269,76270,76271,76272,76273,76274,76275,76276,76278,76279,76280,76281,76282,76283,76284,76285,76286,76287,76288,76289,76290,76291,76292,76293,76294,76295,76296,76297,76298,76299,76300,76302,76303,76304,76305,76306,76307,76308,76309,76311,76312,76313,76314,76315,76316,76317,76318,76319,76320,76321,76322,76323,76324,76325,76327,76328,76329,76330,76331,76332,76333,76334,76335,76336,76338,76339,76340,76341,76342,76343,76344,76345,76346,76347,76348,76349,76350,76351,76352,76353,76354,76355,76356,76357,76359,76360,76361,76362,76363,76364,76365,76366,76367,76368,76369,76370,76371,76372,76373,76374,76375,76377,76378,76379,76380,76381,76382,76383,76384,76385,76386,76387,76388,76389,76390,76391,76392,76393,76394,76395,76396,76397,76398,76399,76400,76401,76402,76403,76404,76405,76406,76407,76408,76409,76410,76411,76412,76413,76414,76415,76416,76417,76418,76419,76420,76421,76422,76423,76424,76425,76426,76427,76428,76429,76430,76431,76432,76433,76434,76435,76436,76437,76438,76439,76440,76441,76442,76443,76445,76446,76447,76448,76449,76450,76451,76452,76453,76454,76455,76456,76457,76458,76459,76460,76461,76462,76463,76464,76465,76467,76468,76469,76470,76471,76472,76473,76474,76475,76476,76477,76478,76479,76480,76481,76482,76483,76484,76485,76486,76487,76488,76489,76490,76491,76492,76493,76494,76495,76497,76498,76499,76500,76501,76502,76503,76504,76505,76506,76507,76508,76509,76510,76511,76512,76513,76514,76515,76516,76517,76518,76519,76520,76521,76522,76523,76524,76526,76527,76528,76529,76530,76531,76532,76533,76534,76535,76536,76537,76538,76540,76541,76542,76543,76544,76545,76546,76547,76548,76549,76550,76551,76552,76553,76554,76555,76556,76557,76558,76559,76560,76561,76562,76563,76564,76565,76566,76567,76568,76569,76570,76571,76572,76573,76574,76575,76576,76577,76578,76580,76581,76582,76583,76584,76585,76586,76587,76588,76589,76590,76591,76592,76593,76594,76595,76596,76597,76598,76599,76600,76601,76602,76603,76604,76605,76606,76608,76609,76610,76611,76612,76613,76614,76615,76616,76617,76618,76619,76620,76621,76622,76623,76624,76626,76627,76628,76629,76630,76631,76632,76634,76635,76636,76637,76638,76640,76641,76642,76644,76645,76646,76647,76648,76649,76650,76651,76652,76653,76654,76655,76656,76657,76658,76660,76662,76663,76664,76665,76666,76667,76668,76669,76670,76671,76672,76673,76675,76676,76677,76678,76679,76680,76681,76682,76683,76684,76685,76686,76688,76689,76690,76691,76692,76693,76694,76695,76697,76698,76699,76700,76702,76703,76705,76706,76707,76708,76709,76710,76711,76712,76714,76715,76716,76717,76718,76719,76720,76721,76723,76724,76725,76726,76727,76728,76730,76731,76732,76733,76734,76735,76736,76737,76738,76739,76740,76741,76743,76744,76745,76746,76747,76748,76749,76750,76751,76752,76753,76754,76755,76756,76757,76758,76759}",REG,2026-03-24 14:41:49.581307+01,gold_establishments_2025,,,,20005340300057,2025,Collectivité Territoriale,Région,"['Calvados', 'Eure', 'Manche', 'Orne', 'Seine-Maritime']",['Normandie'],REG,"{14,27,50,61,76}",{28}
4b516a5c-a2e9-441c-bd12-c220827cc84d,200053759,Région Nouvelle-Aquitaine,false,"{16001,16002,16003,16005,16007,16008,16009,16011,16012,16013,16014,16015,16016,16018,16019,16020,16023,16024,16025,16026,16027,16028,16029,16030,16031,16032,16034,16035,16036,16037,16038,16039,16040,16041,16042,16044,16045,16046,16047,16048,16049,16050,16052,16053,16054,16055,16056,16057,16058,16059,16060,16061,16062,16063,16064,16065,16066,16067,16068,16069,16070,16071,16072,16073,16074,16075,16076,16077,16078,16079,16081,16082,16083,16084,16085,16086,16087,16088,16089,16090,16091,16093,16095,16096,16097,16098,16099,16100,16101,16102,16103,16104,16105,16106,16107,16108,16109,16110,16111,16112,16113,16114,16116,16117,16118,16119,16120,16121,16122,16123,16124,16125,16127,16128,16130,16131,16132,16133,16134,16135,16136,16137,16138,16139,16141,16142,16143,16144,16145,16146,16148,16150,16151,16152,16153,16154,16155,16157,16158,16160,16161,16162,16163,16164,16165,16166,16167,16168,16169,16170,16171,16173,16174,16175,16176,16177,16178,16180,16181,16182,16183,16184,16185,16186,16187,16188,16189,16190,16191,16192,16193,16194,16195,16196,16197,16198,16199,16200,16203,16204,16205,16206,16207,16208,16209,16210,16211,16212,16213,16215,16216,16217,16218,16220,16221,16222,16223,16224,16225,16227,16229,16230,16231,16232,16233,16234,16236,16237,16239,16240,16241,16242,16243,16244,16245,16246,16248,16249,16250,16251,16252,16253,16254,16255,16256,16258,16260,16261,16263,16264,16267,16268,16269,16270,16271,16272,16273,16275,16276,16277,16279,16280,16281,16282,16283,16284,16285,16286,16287,16289,16290,16291,16292,16293,16295,16297,16298,16300,16301,16302,16303,16304,16306,16307,16308,16310,16312,16315,16316,16317,16318,16320,16321,16323,16325,16326,16329,16330,16331,16334,16335,16336,16337,16338,16339,16340,16341,16342,16343,16345,16346,16347,16348,16349,16350,16352,16353,16354,16356,16357,16358,16359,16360,16361,16362,16363,16364,16365,16366,16368,16369,16370,16372,16373,16374,16375,16377,16378,16379,16380,16381,16382,16383,16384,16385,16387,16388,16389,16390,16392,16393,16394,16395,16396,16397,16398,16399,16400,16401,16402,16403,16404,16405,16406,16408,16409,16412,16413,16414,16415,16416,16418,16419,16420,16421,16422,16423,16424,16425,17002,17003,17004,17005,17006,17007,17008,17009,17010,17011,17012,17013,17015,17016,17017,17018,17019,17020,17021,17022,17023,17024,17025,17026,17027,17028,17029,17030,17031,17032,17033,17034,17035,17036,17037,17038,17039,17041,17042,17043,17044,17045,17046,17047,17048,17049,17050,17051,17052,17053,17054,17055,17056,17057,17058,17059,17060,17061,17062,17063,17064,17065,17066,17067,17068,17069,17070,17071,17072,17073,17074,17075,17076,17077,17078,17079,17080,17081,17082,17083,17084,17085,17086,17087,17089,17091,17092,17093,17094,17095,17096,17097,17098,17099,17100,17101,17102,17104,17105,17106,17107,17108,17109,17110,17111,17112,17113,17114,17115,17116,17117,17118,17119,17120,17121,17122,17124,17125,17126,17127,17128,17129,17130,17131,17132,17133,17134,17135,17136,17137,17138,17139,17140,17141,17142,17143,17145,17146,17147,17148,17149,17150,17151,17152,17153,17154,17155,17156,17157,17158,17159,17160,17161,17162,17163,17164,17165,17166,17167,17168,17171,17172,17173,17174,17175,17176,17177,17178,17179,17180,17181,17182,17183,17184,17185,17186,17187,17188,17190,17191,17192,17193,17194,17195,17196,17197,17198,17199,17200,17201,17202,17203,17204,17205,17206,17207,17208,17209,17210,17211,17212,17213,17214,17215,17216,17217,17218,17219,17220,17221,17222,17223,17224,17225,17226,17227,17228,17229,17230,17231,17232,17233,17234,17235,17236,17237,17239,17240,17241,17242,17243,17244,17245,17246,17247,17248,17249,17250,17252,17253,17254,17255,17256,17257,17258,17259,17260,17261,17262,17263,17264,17265,17266,17267,17268,17269,17270,17271,17273,17274,17275,17276,17277,17278,17279,17280,17281,17282,17283,17284,17285,17286,17287,17288,17289,17290,17291,17292,17293,17294,17295,17296,17297,17298,17299,17300,17301,17302,17303,17304,17305,17306,17307,17308,17309,17310,17311,17312,17313,17314,17315,17316,17317,17318,17319,17320,17321,17322,17323,17324,17325,17326,17327,17328,17329,17330,17331,17332,17333,17335,17336,17337,17338,17339,17340,17341,17342,17343,17344,17345,17346,17347,17348,17349,17350,17351,17353,17354,17355,17356,17357,17358,17359,17360,17361,17362,17363,17364,17365,17366,17367,17369,17372,17373,17374,17375,17376,17377,17378,17379,17380,17381,17382,17383,17384,17385,17386,17387,17388,17389,17390,17391,17393,17394,17395,17396,17397,17398,17400,17401,17402,17403,17404,17405,17406,17407,17408,17409,17410,17411,17412,17413,17414,17415,17416,17417,17418,17420,17421,17422,17423,17424,17425,17426,17427,17428,17429,17430,17431,17432,17433,17434,17435,17436,17437,17438,17439,17440,17441,17442,17443,17444,17445,17446,17447,17448,17449,17450,17451,17452,17453,17454,17455,17457,17458,17459,17460,17461,17462,17463,17464,17465,17466,17467,17468,17469,17470,17471,17472,17473,17474,17476,17477,17478,17479,17480,17481,17482,17483,17484,17485,17486,19001,19002,19003,19004,19005,19006,19007,19008,19009,19010,19011,19012,19013,19014,19015,19016,19017,19018,19019,19020,19021,19022,19023,19024,19025,19026,19027,19028,19029,19030,19031,19033,19034,19035,19036,19037,19038,19039,19040,19041,19042,19043,19044,19045,19046,19047,19048,19049,19050,19051,19052,19053,19054,19055,19056,19057,19058,19059,19060,19061,19062,19063,19064,19065,19066,19067,19068,19069,19070,19071,19072,19073,19074,19075,19076,19077,19078,19079,19080,19081,19082,19083,19084,19085,19086,19087,19088,19089,19090,19091,19093,19094,19095,19096,19097,19098,19099,19100,19101,19102,19103,19104,19105,19106,19107,19108,19109,19110,19111,19112,19113,19114,19115,19116,19117,19118,19119,19120,19121,19122,19123,19124,19125,19126,19128,19129,19130,19131,19132,19133,19134,19135,19136,19137,19138,19139,19140,19141,19142,19143,19144,19145,19146,19147,19148,19149,19150,19151,19152,19153,19154,19155,19156,19157,19158,19159,19160,19161,19162,19163,19164,19165,19166,19167,19168,19169,19170,19171,19172,19173,19174,19175,19176,19177,19178,19179,19180,19181,19182,19184,19186,19187,19188,19189,19190,19191,19192,19193,19194,19195,19196,19198,19199,19200,19201,19202,19203,19204,19205,19206,19207,19208,19209,19210,19211,19212,19213,19214,19215,19216,19217,19219,19220,19221,19222,19225,19226,19227,19228,19229,19231,19232,19233,19234,19235,19236,19237,19238,19239,19240,19241,19242,19243,19244,19245,19246,19247,19248,19249,19250,19251,19252,19253,19254,19255,19256,19257,19258,19259,19260,19261,19262,19263,19264,19265,19266,19268,19269,19270,19271,19272,19273,19274,19275,19276,19277,19278,19279,19280,19281,19283,19284,19285,19286,19287,19288,19289,23001,23002,23003,23004,23005,23006,23007,23008,23009,23010,23011,23012,23013,23014,23015,23016,23017,23018,23019,23020,23021,23022,23024,23025,23026,23027,23028,23029,23030,23031,23032,23033,23034,23035,23036,23037,23038,23039,23040,23041,23042,23043,23044,23045,23046,23047,23048,23049,23050,23051,23052,23053,23054,23055,23056,23057,23058,23059,23060,23061,23062,23063,23064,23065,23066,23067,23068,23069,23070,23071,23072,23073,23074,23075,23076,23077,23078,23079,23080,23081,23082,23083,23084,23086,23087,23088,23089,23090,23091,23092,23093,23095,23096,23097,23098,23099,23100,23101,23102,23103,23104,23105,23106,23107,23108,23109,23110,23111,23112,23113,23114,23115,23116,23117,23118,23119,23120,23122,23123,23124,23125,23127,23128,23129,23130,23131,23132,23133,23134,23136,23137,23138,23139,23140,23141,23142,23143,23144,23145,23146,23147,23148,23149,23150,23151,23152,23154,23155,23156,23157,23158,23159,23160,23162,23164,23165,23166,23167,23168,23169,23170,23171,23172,23173,23174,23175,23176,23177,23178,23179,23180,23181,23182,23183,23184,23185,23186,23187,23188,23189,23190,23191,23192,23193,23194,23195,23196,23197,23198,23199,23200,23201,23202,23203,23204,23205,23206,23207,23208,23209,23210,23211,23212,23213,23214,23215,23216,23217,23218,23219,23220,23221,23222,23223,23224,23225,23226,23227,23228,23229,23230,23232,23233,23234,23235,23236,23237,23238,23239,23240,23241,23242,23243,23244,23245,23246,23247,23248,23249,23250,23251,23252,23253,23254,23255,23257,23258,23259,23260,23261,23262,23263,23264,23265,23266,24001,24002,24004,24005,24006,24007,24008,24009,24010,24011,24012,24014,24015,24016,24018,24019,24020,24021,24022,24023,24024,24025,24026,24027,24028,24029,24030,24031,24032,24034,24035,24036,24037,24038,24039,24040,24042,24043,24045,24046,24048,24050,24051,24052,24053,24054,24055,24056,24057,24058,24059,24060,24061,24062,24063,24064,24066,24067,24068,24069,24070,24071,24073,24074,24075,24076,24077,24080,24081,24082,24083,24084,24085,24086,24087,24088,24090,24091,24094,24095,24096,24097,24098,24100,24101,24102,24104,24105,24106,24107,24108,24109,24110,24111,24113,24114,24115,24116,24117,24119,24120,24121,24122,24123,24124,24126,24128,24129,24130,24131,24132,24133,24134,24135,24136,24137,24138,24139,24140,24141,24142,24143,24144,24145,24146,24147,24148,24150,24151,24152,24153,24154,24155,24156,24157,24158,24159,24160,24161,24162,24163,24164,24165,24167,24168,24171,24172,24174,24175,24176,24177,24179,24180,24182,24183,24184,24186,24188,24189,24190,24191,24192,24193,24194,24195,24196,24197,24199,24200,24202,24205,24206,24207,24208,24209,24210,24211,24212,24213,24214,24215,24216,24217,24218,24220,24221,24222,24223,24224,24225,24226,24227,24228,24229,24230,24231,24232,24234,24236,24237,24238,24240,24241,24242,24243,24244,24245,24246,24247,24248,24251,24252,24253,24254,24255,24256,24257,24259,24260,24261,24262,24263,24264,24266,24267,24268,24269,24271,24272,24273,24274,24276,24277,24278,24279,24280,24281,24282,24284,24285,24286,24287,24288,24289,24290,24291,24292,24293,24294,24295,24296,24297,24299,24300,24301,24302,24303,24304,24305,24306,24307,24308,24309,24311,24312,24313,24316,24317,24318,24319,24320,24321,24322,24323,24324,24325,24326,24327,24328,24329,24330,24331,24334,24335,24336,24337,24338,24339,24340,24341,24345,24346,24347,24348,24349,24350,24351,24352,24353,24354,24355,24356,24357,24359,24360,24361,24362,24364,24365,24366,24367,24370,24371,24372,24373,24374,24375,24376,24377,24378,24379,24380,24381,24382,24383,24384,24385,24386,24388,24390,24392,24393,24394,24395,24396,24397,24398,24399,24401,24403,24404,24405,24406,24407,24408,24409,24410,24411,24412,24413,24414,24415,24416,24417,24418,24419,24420,24421,24422,24423,24424,24425,24426,24428,24429,24432,24434,24436,24437,24438,24441,24442,24443,24444,24445,24446,24448,24449,24450,24451,24452,24453,24454,24455,24456,24457,24458,24459,24460,24461,24462,24463,24464,24465,24466,24468,24470,24471,24472,24473,24474,24476,24477,24478,24479,24480,24481,24482,24483,24484,24485,24486,24487,24488,24489,24490,24491,24492,24493,24494,24495,24496,24498,24499,24500,24501,24502,24504,24505,24507,24508,24509,24510,24511,24512,24513,24514,24515,24516,24517,24518,24519,24520,24521,24522,24523,24524,24525,24526,24527,24528,24529,24531,24532,24533,24534,24535,24536,24537,24538,24540,24541,24542,24543,24544,24545,24546,24547,24548,24549,24550,24551,24552,24553,24554,24555,24557,24558,24559,24560,24562,24563,24564,24565,24566,24567,24568,24569,24570,24571,24572,24573,24574,24575,24576,24577,24580,24581,24582,24584,24585,24586,24587,33001,33002,33003,33004,33005,33006,33007,33008,33009,33010,33011,33012,33013,33014,33015,33016,33017,33018,33019,33020,33021,33022,33023,33024,33025,33026,33027,33028,33029,33030,33031,33032,33033,33034,33035,33036,33037,33038,33039,33040,33042,33043,33044,33045,33046,33047,33048,33049,33050,33051,33052,33053,33054,33055,33056,33057,33058,33059,33060,33061,33062,33063,33064,33065,33066,33067,33068,33069,33070,33071,33072,33073,33074,33075,33076,33077,33078,33079,33080,33081,33082,33083,33084,33085,33086,33087,33088,33089,33090,33093,33094,33095,33096,33097,33098,33099,33100,33101,33102,33103,33104,33105,33106,33108,33109,33111,33112,33113,33114,33115,33116,33117,33118,33119,33120,33121,33122,33123,33124,33125,33126,33127,33128,33129,33130,33131,33132,33133,33134,33135,33136,33137,33138,33139,33140,33141,33142,33143,33144,33145,33146,33147,33148,33149,33150,33151,33152,33153,33154,33155,33156,33157,33158,33159,33160,33161,33162,33163,33164,33165,33166,33167,33168,33169,33170,33171,33172,33173,33174,33175,33176,33177,33178,33179,33180,33181,33182,33183,33184,33185,33186,33187,33188,33189,33190,33191,33192,33193,33194,33195,33196,33197,33198,33199,33200,33201,33202,33203,33204,33205,33206,33207,33208,33209,33210,33211,33212,33213,33214,33215,33216,33218,33219,33220,33221,33222,33223,33224,33225,33226,33227,33228,33229,33230,33231,33232,33233,33234,33235,33236,33237,33238,33239,33240,33241,33242,33243,33244,33245,33246,33247,33248,33249,33250,33251,33252,33253,33254,33255,33256,33257,33258,33259,33260,33261,33262,33263,33264,33266,33268,33269,33270,33271,33272,33273,33274,33275,33276,33277,33278,33279,33280,33281,33282,33283,33284,33285,33287,33288,33289,33290,33291,33292,33293,33294,33295,33296,33297,33298,33299,33300,33301,33302,33303,33304,33305,33306,33307,33308,33309,33310,33311,33312,33314,33315,33316,33317,33318,33319,33320,33321,33322,33323,33324,33325,33326,33327,33328,33329,33330,33331,33332,33333,33334,33335,33336,33337,33339,33341,33342,33343,33344,33345,33346,33347,33348,33349,33350,33351,33352,33353,33354,33355,33356,33357,33358,33359,33360,33361,33362,33363,33364,33365,33366,33367,33369,33370,33372,33373,33374,33375,33376,33377,33378,33379,33380,33381,33382,33383,33384,33385,33386,33387,33388,33389,33390,33391,33392,33393,33394,33395,33396,33397,33398,33399,33400,33401,33402,33403,33404,33405,33406,33407,33408,33411,33412,33413,33414,33415,33416,33417,33418,33419,33420,33421,33422,33423,33424,33425,33426,33427,33428,33429,33431,33432,33433,33434,33435,33436,33437,33438,33439,33440,33441,33442,33443,33444,33445,33446,33447,33448,33449,33450,33451,33452,33453,33454,33456,33457,33458,33459,33460,33461,33462,33463,33464,33465,33466,33467,33468,33470,33471,33472,33473,33474,33475,33476,33477,33478,33479,33480,33481,33482,33483,33484,33485,33486,33487,33488,33489,33490,33491,33492,33493,33494,33496,33498,33499,33500,33501,33502,33503,33504,33505,33506,33507,33508,33509,33510,33511,33512,33513,33514,33515,33516,33517,33518,33519,33520,33521,33522,33523,33524,33525,33526,33527,33528,33529,33530,33531,33532,33533,33534,33535,33536,33537,33538,33539,33540,33541,33542,33543,33544,33545,33546,33547,33548,33549,33550,33551,33552,33553,33554,33555,40001,40002,40003,40004,40005,40006,40007,40008,40011,40012,40013,40014,40015,40016,40017,40018,40019,40020,40021,40022,40023,40024,40025,40026,40027,40028,40029,40030,40031,40032,40033,40034,40035,40036,40037,40038,40039,40040,40041,40042,40043,40044,40046,40047,40049,40050,40051,40052,40053,40054,40055,40056,40057,40058,40059,40060,40061,40062,40063,40064,40065,40066,40067,40068,40069,40070,40071,40072,40073,40074,40075,40076,40077,40078,40079,40080,40081,40082,40083,40084,40085,40086,40087,40088,40089,40090,40091,40092,40093,40094,40095,40096,40097,40098,40099,40100,40101,40102,40103,40104,40105,40106,40108,40109,40110,40111,40112,40113,40114,40115,40116,40117,40118,40119,40120,40121,40122,40123,40124,40125,40126,40127,40128,40129,40130,40131,40132,40133,40134,40135,40136,40137,40138,40139,40140,40141,40142,40143,40144,40145,40146,40147,40148,40149,40150,40151,40152,40153,40154,40155,40156,40157,40158,40159,40160,40161,40162,40163,40164,40165,40166,40167,40168,40169,40170,40171,40172,40173,40174,40175,40176,40177,40178,40179,40180,40181,40182,40183,40184,40185,40186,40187,40188,40189,40190,40191,40192,40193,40194,40195,40196,40197,40198,40199,40200,40201,40202,40203,40204,40205,40206,40207,40208,40209,40210,40211,40212,40213,40214,40215,40216,40217,40218,40219,40220,40221,40222,40223,40224,40225,40226,40227,40228,40229,40230,40231,40232,40233,40234,40235,40236,40237,40238,40239,40240,40242,40243,40244,40245,40246,40247,40248,40249,40250,40251,40252,40253,40254,40255,40256,40257,40258,40259,40260,40261,40262,40263,40264,40265,40266,40267,40268,40269,40270,40271,40272,40273,40274,40275,40276,40277,40278,40279,40280,40281,40282,40283,40284,40285,40286,40287,40288,40289,40290,40291,40292,40293,40294,40295,40296,40297,40298,40299,40300,40301,40303,40304,40305,40306,40307,40308,40309,40310,40311,40312,40313,40314,40315,40316,40317,40318,40319,40320,40321,40322,40323,40324,40325,40326,40327,40328,40329,40330,40331,40332,40333,40334,47001,47002,47003,47004,47005,47006,47007,47008,47009,47010,47011,47012,47013,47014,47015,47016,47017,47018,47019,47020,47021,47022,47023,47024,47025,47026,47027,47028,47029,47030,47031,47032,47033,47034,47035,47036,47037,47038,47039,47040,47041,47042,47043,47044,47045,47046,47047,47048,47049,47050,47051,47052,47053,47054,47055,47056,47057,47058,47059,47060,47061,47062,47063,47064,47065,47066,47067,47068,47069,47070,47071,47072,47073,47074,47075,47076,47077,47078,47079,47080,47081,47082,47083,47084,47085,47086,47087,47088,47089,47090,47091,47092,47093,47094,47095,47096,47097,47098,47099,47100,47101,47102,47103,47104,47105,47106,47107,47108,47109,47110,47111,47112,47113,47114,47115,47117,47118,47119,47120,47121,47122,47123,47124,47125,47126,47127,47128,47129,47130,47131,47132,47133,47134,47135,47136,47137,47138,47139,47140,47141,47142,47143,47144,47145,47146,47147,47148,47150,47151,47152,47154,47155,47156,47157,47158,47159,47160,47161,47162,47163,47164,47165,47167,47168,47169,47170,47171,47172,47173,47174,47175,47176,47177,47178,47179,47180,47181,47182,47183,47184,47185,47186,47187,47188,47189,47190,47191,47192,47193,47194,47195,47196,47197,47198,47199,47200,47201,47202,47203,47204,47205,47206,47207,47208,47209,47210,47211,47212,47213,47214,47215,47216,47217,47218,47219,47220,47221,47222,47223,47224,47225,47226,47227,47228,47229,47230,47231,47232,47233,47234,47235,47236,47237,47238,47239,47240,47241,47242,47244,47245,47246,47247,47248,47249,47250,47251,47252,47253,47254,47255,47256,47257,47258,47259,47260,47262,47263,47264,47265,47266,47267,47269,47271,47272,47273,47274,47275,47276,47277,47278,47279,47280,47281,47282,47283,47284,47285,47286,47287,47288,47289,47290,47291,47292,47293,47294,47295,47296,47297,47298,47299,47300,47301,47302,47303,47304,47305,47306,47307,47308,47309,47310,47311,47312,47313,47314,47315,47316,47317,47318,47319,47320,47321,47323,47324,47325,47326,47327,47328,64001,64002,64003,64004,64005,64006,64007,64008,64009,64010,64011,64012,64013,64014,64015,64016,64017,64018,64019,64021,64022,64023,64024,64025,64026,64027,64028,64029,64031,64032,64033,64034,64035,64036,64037,64038,64039,64040,64041,64042,64043,64044,64045,64046,64047,64048,64049,64050,64051,64052,64053,64054,64056,64057,64058,64059,64060,64061,64062,64063,64064,64065,64066,64067,64068,64069,64070,64071,64072,64073,64074,64075,64077,64078,64079,64080,64081,64082,64083,64084,64085,64086,64087,64088,64089,64090,64091,64092,64093,64094,64095,64096,64097,64098,64099,64100,64101,64102,64103,64104,64105,64106,64107,64108,64109,64110,64111,64112,64113,64114,64115,64116,64117,64118,64119,64120,64121,64122,64123,64124,64125,64126,64127,64128,64129,64130,64131,64132,64133,64134,64135,64136,64137,64138,64139,64140,64141,64142,64143,64144,64145,64146,64147,64148,64149,64150,64151,64152,64153,64154,64155,64156,64157,64158,64159,64160,64161,64162,64165,64166,64167,64168,64170,64171,64172,64173,64174,64175,64176,64177,64178,64179,64180,64181,64182,64183,64184,64185,64186,64187,64188,64189,64190,64191,64192,64193,64194,64195,64196,64197,64198,64199,64200,64201,64202,64203,64204,64205,64206,64207,64208,64209,64210,64211,64212,64213,64214,64215,64216,64217,64218,64219,64220,64221,64222,64223,64224,64225,64226,64227,64228,64229,64230,64231,64232,64233,64234,64235,64236,64237,64238,64239,64240,64241,64242,64243,64244,64245,64246,64247,64249,64250,64251,64252,64253,64254,64255,64256,64257,64258,64259,64260,64261,64262,64263,64264,64265,64266,64267,64268,64269,64270,64271,64272,64273,64274,64275,64276,64277,64279,64280,64281,64282,64283,64284,64285,64286,64287,64288,64289,64290,64291,64292,64293,64294,64295,64296,64297,64298,64299,64300,64301,64302,64303,64304,64305,64306,64307,64308,64309,64310,64311,64312,64313,64314,64315,64316,64317,64318,64319,64320,64321,64322,64323,64324,64325,64326,64327,64328,64329,64330,64331,64332,64334,64335,64336,64337,64338,64339,64340,64341,64342,64343,64344,64345,64346,64347,64348,64349,64350,64351,64352,64353,64354,64355,64356,64357,64358,64359,64360,64361,64362,64363,64364,64365,64366,64367,64368,64369,64370,64371,64372,64373,64374,64375,64376,64377,64378,64379,64380,64381,64382,64383,64385,64386,64387,64388,64389,64390,64391,64392,64393,64394,64395,64396,64397,64398,64399,64400,64401,64403,64404,64405,64406,64407,64408,64409,64410,64411,64412,64413,64414,64415,64416,64417,64418,64419,64420,64421,64422,64423,64424,64425,64426,64427,64428,64429,64430,64431,64432,64433,64434,64435,64436,64437,64438,64439,64440,64441,64442,64443,64444,64445,64446,64447,64448,64449,64450,64451,64452,64453,64454,64455,64456,64457,64458,64459,64460,64461,64462,64463,64464,64465,64466,64467,64468,64469,64470,64471,64472,64473,64474,64475,64476,64477,64478,64479,64480,64481,64482,64483,64484,64485,64486,64487,64488,64489,64490,64491,64492,64493,64494,64495,64496,64498,64499,64500,64501,64502,64503,64504,64505,64506,64507,64508,64509,64510,64511,64512,64513,64514,64515,64516,64517,64518,64519,64520,64521,64522,64523,64524,64525,64526,64527,64528,64529,64530,64531,64532,64533,64534,64535,64536,64537,64538,64539,64540,64542,64543,64544,64545,64546,64547,64548,64549,64550,64551,64552,64554,64555,64556,64557,64558,64559,64560,79001,79002,79003,79005,79007,79008,79009,79010,79012,79013,79014,79015,79016,79018,79019,79020,79022,79023,79024,79025,79029,79030,79031,79032,79034,79038,79040,79042,79046,79047,79048,79049,79050,79055,79056,79057,79058,79059,79061,79062,79063,79064,79066,79069,79070,79071,79074,79076,79077,79078,79079,79080,79081,79083,79084,79085,79086,79087,79088,79089,79090,79091,79092,79094,79095,79096,79100,79101,79102,79103,79104,79105,79106,79108,79109,79111,79112,79114,79115,79116,79117,79118,79119,79120,79121,79122,79123,79124,79125,79126,79127,79128,79129,79130,79131,79132,79133,79134,79135,79136,79137,79139,79140,79141,79142,79144,79145,79147,79148,79149,79150,79152,79153,79154,79156,79157,79158,79159,79160,79161,79162,79163,79164,79165,79166,79167,79170,79172,79174,79175,79176,79177,79179,79183,79184,79185,79189,79190,79191,79195,79196,79197,79198,79200,79201,79202,79203,79204,79207,79208,79209,79210,79213,79215,79216,79217,79218,79220,79223,79225,79226,79229,79230,79231,79235,79236,79238,79239,79241,79242,79243,79244,79246,79249,79250,79251,79252,79253,79254,79255,79256,79257,79258,79259,79263,79265,79267,79268,79269,79270,79271,79273,79274,79276,79277,79278,79280,79281,79283,79284,79285,79286,79289,79290,79293,79294,79295,79297,79298,79299,79300,79301,79302,79303,79304,79306,79307,79308,79309,79310,79311,79312,79313,79316,79319,79320,79322,79326,79329,79331,79332,79334,79335,79336,79337,79338,79339,79340,79341,79342,79343,79345,79346,79347,79348,79349,79350,79351,79352,79354,79355,79357,86001,86002,86003,86004,86005,86006,86007,86008,86009,86010,86011,86012,86013,86014,86015,86016,86017,86018,86019,86020,86022,86023,86024,86025,86026,86027,86028,86029,86031,86032,86034,86035,86036,86037,86038,86039,86040,86041,86042,86044,86045,86046,86047,86048,86049,86050,86051,86052,86053,86054,86055,86058,86059,86061,86062,86063,86064,86065,86066,86068,86069,86070,86072,86073,86074,86075,86076,86077,86078,86079,86080,86081,86082,86083,86084,86085,86086,86087,86088,86089,86090,86091,86092,86093,86094,86095,86096,86097,86098,86099,86100,86102,86103,86104,86105,86106,86107,86108,86109,86110,86111,86112,86113,86114,86115,86116,86117,86118,86119,86120,86121,86122,86123,86124,86125,86126,86127,86128,86129,86130,86131,86132,86133,86134,86135,86136,86137,86138,86139,86140,86141,86142,86143,86144,86145,86147,86148,86149,86150,86151,86152,86153,86154,86156,86157,86158,86159,86160,86161,86162,86163,86164,86165,86167,86169,86170,86171,86172,86173,86174,86175,86176,86177,86178,86180,86181,86182,86183,86184,86186,86187,86189,86190,86191,86192,86193,86194,86195,86196,86197,86198,86200,86201,86202,86203,86204,86205,86206,86207,86209,86210,86211,86213,86214,86217,86218,86220,86221,86222,86223,86224,86225,86226,86227,86228,86229,86230,86233,86234,86235,86236,86237,86239,86241,86242,86244,86245,86246,86247,86248,86249,86250,86252,86253,86254,86255,86256,86257,86258,86260,86261,86262,86263,86264,86265,86266,86268,86269,86270,86271,86272,86273,86274,86275,86276,86279,86280,86281,86284,86285,86286,86287,86288,86289,86290,86291,86292,86293,86294,86295,86296,86297,86298,86299,86300,87001,87002,87003,87004,87005,87006,87007,87008,87009,87011,87012,87013,87014,87015,87016,87017,87018,87019,87020,87021,87022,87023,87024,87025,87027,87028,87029,87030,87031,87032,87033,87034,87035,87036,87037,87038,87039,87040,87041,87042,87043,87044,87045,87046,87047,87048,87049,87050,87051,87052,87053,87054,87056,87057,87058,87059,87060,87061,87062,87063,87064,87065,87066,87067,87068,87069,87070,87071,87072,87073,87074,87075,87076,87077,87078,87079,87080,87081,87082,87083,87084,87085,87086,87087,87088,87089,87090,87091,87092,87093,87094,87095,87096,87097,87099,87100,87101,87103,87104,87105,87106,87107,87108,87109,87110,87111,87112,87113,87114,87115,87116,87117,87118,87119,87120,87121,87122,87123,87124,87125,87126,87127,87128,87129,87130,87131,87132,87133,87134,87135,87137,87138,87139,87140,87141,87142,87143,87144,87145,87146,87147,87148,87149,87150,87151,87152,87153,87154,87155,87156,87157,87158,87159,87160,87161,87162,87163,87164,87165,87166,87167,87168,87169,87170,87172,87174,87176,87177,87178,87179,87180,87181,87182,87183,87185,87186,87187,87188,87189,87190,87191,87192,87193,87194,87195,87197,87198,87199,87200,87201,87202,87203,87204,87205,87206}",REG,2026-03-24 14:41:49.581307+01,gold_establishments_2025,,,,20005375900011,2025,Collectivité Territoriale,Région,"['Charente', 'Charente-Maritime', 'Corrèze', 'Creuse', 'Dordogne', 'Gironde', 'Landes', 'Lot-et-Garo",['Nouvelle-Aquitaine'],REG,"{16,17,19,23,24,33,40,47,64,79,86,87}",{75}
f7f7799b-c13f-494d-b266-a1368fa18a0d,200053791,Région Occitanie,false,"{09001,09002,09003,09004,09005,09006,09007,09008,09009,09011,09012,09013,09014,09015,09016,09017,09018,09019,09020,09021,09022,09023,09024,09025,09026,09027,09029,09030,09031,09032,09033,09034,09035,09037,09038,09039,09040,09041,09042,09043,09044,09045,09046,09047,09048,09049,09050,09051,09052,09053,09054,09055,09056,09057,09058,09059,09060,09061,09062,09063,09064,09065,09066,09067,09068,09069,09070,09071,09072,09073,09074,09075,09076,09077,09078,09079,09080,09081,09082,09083,09084,09085,09086,09087,09088,09089,09090,09091,09092,09093,09094,09095,09096,09097,09098,09099,09100,09101,09102,09103,09104,09105,09106,09107,09108,09109,09110,09111,09113,09114,09115,09116,09117,09118,09119,09120,09121,09122,09123,09124,09125,09126,09127,09128,09129,09130,09131,09132,09133,09134,09136,09137,09138,09139,09140,09141,09142,09143,09145,09146,09147,09148,09149,09150,09151,09152,09153,09154,09155,09156,09157,09158,09159,09160,09161,09162,09163,09164,09165,09166,09167,09168,09169,09170,09171,09172,09173,09174,09175,09176,09177,09178,09179,09180,09181,09182,09183,09184,09185,09186,09187,09188,09189,09190,09192,09193,09194,09195,09196,09197,09198,09199,09200,09201,09202,09203,09204,09205,09206,09207,09208,09209,09210,09211,09212,09213,09214,09215,09216,09217,09218,09219,09220,09221,09222,09223,09224,09225,09226,09227,09228,09229,09230,09231,09232,09233,09234,09235,09236,09237,09238,09239,09240,09241,09242,09243,09244,09245,09246,09247,09249,09250,09251,09252,09253,09254,09256,09257,09258,09259,09260,09261,09262,09263,09264,09265,09266,09267,09268,09269,09270,09271,09272,09273,09274,09275,09276,09277,09279,09280,09281,09282,09283,09284,09285,09289,09290,09291,09292,09293,09294,09295,09296,09297,09298,09299,09300,09301,09303,09304,09305,09306,09307,09308,09309,09310,09311,09312,09313,09314,09315,09316,09318,09319,09320,09321,09322,09323,09324,09325,09326,09327,09328,09329,09330,09331,09332,09334,09335,09336,09338,09339,09340,09341,09342,11001,11002,11003,11004,11005,11006,11007,11008,11009,11010,11011,11012,11013,11014,11015,11016,11017,11018,11019,11020,11021,11022,11023,11024,11025,11026,11027,11028,11029,11030,11031,11032,11033,11034,11035,11036,11037,11038,11039,11040,11041,11042,11043,11044,11045,11046,11047,11048,11049,11051,11052,11053,11054,11055,11056,11057,11058,11059,11060,11061,11062,11063,11064,11065,11066,11067,11068,11069,11070,11071,11072,11073,11074,11075,11076,11077,11078,11079,11080,11081,11082,11083,11084,11085,11086,11087,11088,11089,11090,11091,11092,11093,11094,11095,11096,11098,11099,11100,11101,11102,11103,11104,11105,11106,11107,11108,11109,11110,11111,11112,11113,11114,11115,11116,11117,11118,11119,11120,11121,11122,11123,11124,11125,11126,11127,11128,11129,11130,11131,11132,11133,11134,11135,11136,11137,11138,11139,11140,11141,11142,11143,11144,11145,11146,11147,11148,11149,11150,11151,11152,11153,11154,11155,11156,11157,11158,11159,11160,11161,11162,11163,11164,11165,11166,11167,11168,11169,11170,11172,11173,11174,11175,11176,11177,11178,11179,11180,11181,11182,11183,11184,11185,11186,11187,11188,11189,11190,11191,11192,11193,11194,11195,11196,11197,11198,11199,11200,11201,11202,11203,11204,11205,11206,11207,11208,11209,11210,11211,11212,11213,11214,11215,11216,11217,11218,11219,11220,11221,11222,11223,11224,11225,11226,11227,11228,11229,11230,11231,11232,11233,11234,11235,11236,11238,11239,11240,11241,11242,11243,11244,11245,11246,11247,11248,11249,11250,11251,11252,11253,11254,11255,11256,11257,11258,11259,11260,11261,11262,11263,11264,11265,11266,11267,11268,11269,11270,11271,11272,11273,11274,11275,11276,11277,11278,11279,11280,11281,11282,11283,11284,11285,11286,11287,11288,11289,11290,11291,11292,11293,11294,11295,11296,11297,11299,11300,11301,11302,11303,11304,11305,11306,11307,11308,11309,11310,11311,11312,11313,11314,11315,11316,11317,11318,11319,11320,11321,11322,11323,11324,11325,11326,11327,11328,11330,11331,11332,11333,11334,11335,11336,11337,11338,11339,11340,11341,11342,11343,11344,11345,11346,11347,11348,11350,11351,11352,11353,11354,11355,11356,11357,11358,11359,11360,11361,11362,11363,11364,11365,11366,11367,11368,11369,11370,11371,11372,11373,11374,11375,11376,11377,11378,11379,11380,11381,11382,11383,11384,11385,11386,11387,11388,11389,11390,11391,11392,11393,11394,11395,11396,11397,11398,11399,11400,11401,11402,11404,11405,11406,11407,11408,11409,11410,11411,11412,11413,11414,11415,11416,11417,11418,11419,11420,11421,11422,11423,11424,11425,11426,11427,11428,11429,11430,11431,11432,11433,11434,11435,11436,11437,11438,11439,11440,11441,12001,12002,12003,12004,12006,12007,12008,12009,12010,12011,12012,12013,12015,12016,12017,12018,12019,12021,12022,12023,12024,12025,12026,12027,12028,12029,12030,12031,12032,12033,12034,12035,12036,12037,12038,12039,12041,12042,12043,12044,12045,12046,12047,12048,12049,12050,12051,12052,12053,12054,12055,12056,12057,12058,12059,12060,12061,12062,12063,12064,12065,12066,12067,12068,12069,12070,12071,12072,12073,12074,12075,12077,12078,12079,12080,12082,12083,12084,12085,12086,12088,12089,12090,12091,12092,12093,12094,12095,12096,12097,12098,12099,12100,12101,12102,12103,12104,12105,12106,12107,12108,12109,12110,12111,12113,12115,12116,12118,12119,12120,12121,12122,12124,12125,12127,12128,12129,12130,12131,12133,12134,12135,12136,12137,12138,12139,12140,12141,12142,12143,12144,12145,12146,12147,12148,12149,12150,12151,12152,12153,12154,12155,12156,12157,12158,12159,12160,12161,12162,12163,12164,12165,12166,12167,12168,12169,12170,12171,12172,12174,12175,12176,12177,12178,12179,12180,12181,12182,12183,12184,12185,12186,12187,12188,12189,12190,12191,12192,12193,12194,12195,12197,12198,12199,12200,12201,12202,12203,12204,12205,12206,12207,12208,12209,12210,12211,12212,12213,12214,12215,12216,12217,12219,12220,12221,12222,12223,12224,12225,12226,12227,12228,12229,12230,12231,12232,12233,12234,12235,12236,12237,12238,12239,12240,12241,12242,12243,12244,12246,12247,12248,12249,12250,12251,12252,12253,12254,12255,12256,12257,12258,12259,12260,12261,12262,12263,12264,12265,12266,12267,12268,12269,12270,12272,12273,12274,12275,12276,12277,12278,12280,12281,12282,12283,12284,12286,12287,12288,12289,12290,12291,12292,12293,12294,12295,12296,12297,12298,12299,12300,12301,12303,12305,12307,30001,30002,30003,30004,30005,30006,30007,30008,30009,30010,30011,30012,30013,30014,30015,30016,30017,30018,30019,30020,30021,30022,30023,30024,30025,30026,30027,30028,30029,30030,30031,30032,30033,30034,30035,30036,30037,30038,30039,30040,30041,30042,30043,30044,30045,30046,30047,30048,30049,30050,30051,30052,30053,30054,30055,30056,30057,30058,30059,30060,30061,30062,30064,30065,30066,30067,30068,30069,30070,30071,30072,30073,30074,30075,30076,30077,30079,30080,30081,30082,30083,30084,30085,30086,30087,30088,30089,30090,30091,30092,30093,30095,30096,30097,30098,30099,30100,30101,30102,30103,30104,30105,30106,30107,30108,30109,30110,30111,30112,30113,30114,30115,30116,30117,30119,30120,30121,30122,30123,30124,30125,30126,30127,30128,30129,30130,30131,30132,30133,30134,30135,30136,30137,30138,30139,30140,30141,30142,30143,30144,30145,30146,30147,30148,30149,30150,30151,30152,30153,30154,30155,30156,30158,30159,30160,30161,30162,30163,30164,30165,30166,30167,30168,30169,30170,30171,30172,30173,30174,30175,30176,30177,30178,30179,30180,30181,30182,30183,30184,30185,30186,30187,30188,30189,30191,30192,30193,30194,30195,30196,30197,30198,30199,30200,30201,30202,30203,30204,30205,30206,30207,30208,30209,30210,30211,30212,30213,30214,30215,30216,30217,30218,30219,30220,30221,30222,30223,30224,30225,30226,30227,30228,30229,30230,30231,30232,30233,30234,30235,30236,30237,30238,30239,30240,30241,30242,30243,30244,30245,30246,30247,30248,30249,30250,30251,30252,30253,30254,30255,30256,30257,30258,30259,30260,30261,30262,30263,30264,30265,30266,30267,30268,30269,30270,30271,30272,30273,30274,30275,30276,30277,30278,30279,30280,30281,30282,30283,30284,30285,30286,30287,30288,30289,30290,30291,30292,30293,30294,30295,30296,30297,30298,30299,30300,30301,30302,30303,30304,30305,30306,30307,30308,30309,30310,30311,30312,30313,30314,30315,30316,30317,30318,30319,30320,30321,30322,30323,30324,30325,30326,30327,30328,30329,30330,30331,30332,30333,30334,30335,30336,30337,30338,30339,30340,30341,30342,30343,30344,30345,30346,30347,30348,30349,30350,30351,30352,30353,30354,30355,30356,31001,31002,31003,31004,31005,31006,31007,31008,31009,31010,31011,31012,31013,31014,31015,31017,31018,31019,31020,31021,31022,31023,31024,31025,31026,31027,31028,31029,31030,31031,31032,31033,31034,31035,31036,31037,31038,31039,31040,31041,31042,31043,31044,31045,31046,31047,31048,31049,31050,31051,31052,31053,31054,31055,31056,31057,31058,31059,31060,31061,31062,31063,31064,31065,31066,31067,31068,31069,31070,31071,31072,31073,31074,31075,31076,31077,31078,31079,31080,31081,31082,31083,31084,31085,31086,31087,31088,31089,31090,31091,31092,31093,31094,31095,31096,31097,31098,31099,31100,31101,31102,31103,31104,31105,31106,31107,31108,31109,31110,31111,31112,31113,31114,31115,31116,31117,31118,31119,31120,31121,31122,31123,31124,31125,31126,31127,31128,31129,31130,31131,31132,31133,31134,31135,31136,31137,31138,31139,31140,31141,31142,31143,31144,31145,31146,31147,31148,31149,31150,31151,31152,31153,31155,31156,31157,31158,31159,31160,31161,31162,31163,31164,31165,31166,31167,31168,31169,31170,31171,31172,31173,31174,31175,31176,31177,31178,31179,31180,31181,31182,31183,31184,31185,31186,31187,31188,31189,31190,31191,31192,31193,31194,31195,31196,31197,31198,31199,31200,31201,31202,31203,31204,31205,31206,31207,31208,31209,31210,31211,31212,31213,31215,31216,31217,31218,31219,31220,31221,31222,31223,31224,31225,31226,31227,31228,31229,31230,31231,31232,31233,31234,31235,31236,31237,31238,31239,31240,31241,31242,31243,31244,31245,31246,31247,31248,31249,31250,31251,31252,31253,31254,31255,31256,31258,31259,31260,31261,31262,31263,31264,31265,31266,31267,31268,31269,31270,31271,31272,31273,31274,31275,31276,31277,31278,31279,31280,31281,31282,31283,31284,31285,31286,31287,31288,31289,31290,31291,31292,31293,31294,31295,31296,31297,31299,31300,31301,31302,31303,31304,31305,31306,31308,31309,31310,31311,31312,31313,31314,31315,31316,31317,31318,31319,31320,31321,31322,31323,31324,31325,31326,31327,31328,31329,31330,31331,31332,31333,31334,31335,31336,31337,31338,31339,31340,31341,31342,31343,31344,31345,31346,31347,31348,31349,31350,31351,31352,31353,31354,31355,31356,31357,31358,31359,31360,31361,31362,31363,31364,31365,31366,31367,31368,31369,31370,31371,31372,31373,31374,31375,31376,31377,31378,31379,31380,31381,31382,31383,31384,31385,31386,31387,31388,31389,31390,31391,31392,31393,31394,31395,31396,31397,31398,31399,31400,31401,31402,31403,31404,31405,31406,31407,31408,31409,31410,31411,31412,31413,31414,31415,31416,31417,31418,31419,31420,31421,31422,31423,31424,31425,31426,31427,31428,31429,31430,31431,31432,31433,31434,31435,31436,31437,31439,31440,31441,31442,31443,31444,31445,31446,31447,31448,31449,31450,31451,31452,31453,31454,31455,31456,31457,31458,31459,31460,31461,31462,31463,31464,31465,31466,31467,31468,31469,31470,31471,31472,31473,31474,31475,31476,31477,31478,31479,31480,31481,31482,31483,31484,31485,31486,31487,31488,31489,31490,31491,31492,31493,31494,31495,31496,31497,31498,31499,31500,31501,31502,31503,31504,31505,31506,31507,31508,31509,31510,31511,31512,31513,31514,31515,31516,31517,31518,31519,31520,31521,31522,31523,31524,31525,31526,31527,31528,31529,31530,31531,31532,31533,31534,31535,31536,31537,31538,31539,31540,31541,31542,31543,31544,31545,31546,31547,31548,31549,31550,31551,31552,31553,31554,31555,31556,31557,31558,31559,31560,31561,31562,31563,31564,31565,31566,31567,31568,31569,31570,31571,31572,31573,31574,31575,31576,31577,31578,31579,31580,31581,31582,31583,31584,31585,31586,31587,31588,31589,31590,31591,31592,31593,32001,32002,32003,32004,32005,32007,32008,32009,32010,32012,32013,32014,32015,32016,32017,32018,32019,32020,32021,32022,32023,32024,32025,32026,32027,32028,32029,32030,32031,32032,32033,32034,32035,32036,32037,32038,32039,32040,32041,32042,32043,32044,32045,32046,32047,32048,32049,32050,32051,32052,32053,32054,32055,32056,32057,32058,32059,32060,32061,32062,32063,32064,32065,32066,32068,32069,32070,32071,32072,32073,32075,32076,32077,32078,32079,32080,32081,32082,32083,32084,32085,32086,32087,32088,32089,32090,32091,32092,32093,32094,32095,32096,32097,32098,32099,32100,32101,32102,32103,32104,32105,32106,32107,32108,32109,32110,32111,32112,32113,32114,32115,32116,32117,32118,32119,32120,32121,32122,32123,32124,32125,32126,32127,32128,32129,32130,32131,32132,32133,32134,32135,32136,32138,32139,32140,32141,32142,32143,32144,32145,32146,32147,32148,32149,32150,32151,32152,32153,32154,32155,32156,32157,32158,32159,32160,32161,32162,32163,32164,32165,32166,32167,32169,32170,32171,32172,32173,32174,32175,32176,32177,32178,32180,32181,32182,32183,32184,32185,32186,32187,32188,32189,32190,32191,32192,32193,32194,32195,32196,32197,32198,32199,32200,32201,32202,32203,32204,32205,32206,32207,32208,32209,32210,32211,32212,32213,32214,32215,32216,32217,32218,32219,32220,32221,32222,32223,32224,32225,32226,32227,32228,32229,32230,32231,32232,32233,32234,32235,32236,32237,32238,32239,32240,32241,32242,32243,32244,32245,32246,32247,32248,32249,32250,32251,32252,32253,32254,32255,32256,32257,32258,32261,32262,32263,32264,32265,32266,32267,32268,32269,32270,32271,32272,32273,32274,32275,32276,32277,32278,32279,32280,32281,32282,32283,32284,32285,32286,32287,32288,32289,32290,32291,32292,32293,32294,32295,32296,32297,32298,32299,32300,32301,32302,32303,32304,32305,32306,32307,32308,32309,32310,32311,32312,32313,32314,32315,32316,32317,32318,32319,32320,32321,32322,32323,32324,32325,32326,32327,32328,32329,32330,32331,32332,32333,32334,32335,32336,32337,32338,32339,32340,32341,32342,32343,32344,32345,32346,32347,32348,32349,32350,32351,32352,32353,32354,32355,32356,32357,32358,32359,32360,32361,32362,32363,32364,32365,32366,32367,32368,32369,32370,32371,32372,32373,32374,32375,32376,32377,32378,32379,32380,32381,32382,32383,32384,32385,32386,32387,32388,32389,32390,32391,32392,32393,32394,32395,32396,32397,32398,32399,32400,32401,32402,32403,32404,32405,32406,32407,32408,32409,32410,32411,32412,32414,32415,32416,32417,32418,32419,32420,32421,32422,32423,32424,32425,32426,32427,32428,32429,32430,32431,32432,32433,32434,32435,32436,32437,32438,32439,32440,32441,32442,32443,32444,32445,32446,32447,32448,32449,32450,32451,32452,32453,32454,32455,32456,32457,32458,32459,32460,32461,32462,32463,32464,32465,32466,32467,32468,34001,34002,34003,34004,34005,34006,34007,34008,34009,34010,34011,34012,34013,34014,34015,34016,34017,34018,34019,34020,34021,34022,34023,34024,34025,34026,34027,34028,34029,34030,34031,34032,34033,34034,34035,34036,34037,34038,34039,34040,34041,34042,34043,34044,34045,34046,34047,34048,34049,34050,34051,34052,34053,34054,34055,34056,34057,34058,34059,34060,34061,34062,34063,34064,34065,34066,34067,34068,34069,34070,34071,34072,34073,34074,34075,34076,34077,34078,34079,34080,34081,34082,34083,34084,34085,34086,34087,34088,34089,34090,34091,34092,34094,34095,34096,34097,34098,34099,34100,34101,34102,34103,34104,34105,34106,34107,34108,34109,34110,34111,34112,34113,34114,34115,34116,34117,34118,34119,34120,34121,34122,34123,34124,34125,34126,34127,34128,34129,34130,34131,34132,34133,34134,34135,34136,34137,34138,34139,34140,34141,34142,34143,34144,34145,34146,34147,34148,34149,34150,34151,34152,34153,34154,34155,34156,34157,34158,34159,34160,34161,34162,34163,34164,34165,34166,34167,34168,34169,34170,34171,34172,34173,34174,34175,34176,34177,34178,34179,34180,34181,34182,34183,34184,34185,34186,34187,34188,34189,34190,34191,34192,34193,34194,34195,34196,34197,34198,34199,34200,34201,34202,34203,34204,34205,34206,34207,34208,34209,34210,34211,34212,34213,34214,34215,34216,34217,34218,34219,34220,34221,34222,34223,34224,34225,34226,34227,34228,34229,34230,34231,34232,34233,34234,34235,34236,34237,34238,34239,34240,34241,34242,34243,34244,34245,34246,34247,34248,34249,34250,34251,34252,34253,34254,34255,34256,34257,34258,34259,34260,34261,34262,34263,34264,34265,34266,34267,34268,34269,34270,34271,34272,34273,34274,34276,34277,34278,34279,34280,34281,34282,34283,34284,34285,34286,34287,34288,34289,34290,34291,34292,34293,34294,34295,34296,34297,34298,34299,34300,34301,34302,34303,34304,34305,34306,34307,34308,34309,34310,34311,34312,34313,34314,34315,34316,34317,34318,34319,34320,34321,34322,34323,34324,34325,34326,34327,34328,34329,34331,34332,34333,34334,34335,34336,34337,34338,34339,34340,34341,34342,34343,34344,46001,46002,46003,46004,46005,46006,46007,46008,46009,46010,46011,46012,46013,46015,46016,46017,46018,46020,46021,46022,46023,46024,46026,46027,46028,46029,46030,46031,46032,46033,46034,46035,46036,46037,46038,46039,46040,46041,46042,46043,46044,46045,46046,46047,46049,46050,46051,46052,46053,46054,46055,46056,46057,46058,46059,46060,46061,46062,46063,46064,46065,46066,46068,46069,46070,46072,46073,46074,46075,46076,46078,46079,46080,46081,46082,46083,46084,46085,46086,46087,46088,46089,46090,46091,46092,46093,46094,46095,46096,46097,46098,46100,46101,46102,46103,46104,46105,46106,46107,46108,46109,46111,46112,46113,46114,46115,46116,46117,46118,46119,46120,46121,46122,46123,46124,46125,46126,46127,46128,46129,46130,46131,46132,46133,46134,46135,46136,46137,46138,46139,46140,46142,46143,46144,46145,46146,46147,46148,46149,46151,46152,46153,46154,46155,46156,46157,46159,46160,46161,46162,46163,46164,46165,46167,46168,46169,46170,46171,46172,46173,46174,46175,46176,46177,46178,46179,46180,46181,46182,46183,46184,46185,46186,46187,46188,46189,46190,46191,46192,46193,46194,46195,46196,46197,46198,46199,46200,46201,46202,46203,46204,46205,46206,46207,46208,46209,46210,46211,46212,46213,46214,46215,46216,46218,46219,46220,46221,46222,46223,46224,46225,46226,46227,46228,46229,46230,46231,46232,46233,46234,46235,46236,46237,46238,46239,46240,46241,46242,46243,46244,46245,46246,46247,46249,46250,46251,46252,46253,46254,46255,46256,46257,46258,46259,46260,46262,46263,46264,46265,46266,46267,46268,46269,46270,46271,46272,46273,46276,46277,46279,46280,46281,46282,46283,46284,46286,46288,46289,46290,46292,46293,46294,46295,46296,46297,46299,46301,46302,46303,46304,46305,46306,46307,46308,46309,46310,46311,46312,46313,46314,46315,46316,46317,46318,46319,46320,46321,46322,46323,46324,46328,46329,46330,46332,46333,46334,46335,46336,46337,46338,46339,46340,48001,48002,48003,48004,48005,48007,48008,48009,48010,48012,48013,48015,48016,48017,48018,48019,48020,48021,48025,48026,48027,48028,48029,48030,48031,48032,48034,48036,48037,48038,48039,48041,48042,48043,48044,48045,48046,48048,48050,48051,48053,48054,48055,48056,48058,48059,48061,48063,48064,48065,48067,48068,48069,48070,48071,48072,48073,48074,48075,48077,48079,48080,48081,48082,48083,48085,48086,48087,48088,48089,48090,48091,48092,48094,48095,48096,48097,48098,48099,48100,48103,48104,48105,48106,48107,48108,48110,48111,48112,48115,48116,48117,48119,48121,48123,48124,48126,48127,48128,48129,48130,48131,48132,48135,48136,48137,48138,48139,48140,48141,48144,48145,48146,48147,48148,48149,48150,48151,48152,48153,48155,48156,48157,48158,48160,48161,48163,48165,48166,48167,48168,48169,48170,48171,48173,48174,48175,48176,48177,48178,48179,48181,48182,48185,48187,48188,48190,48191,48192,48193,48194,48198,65001,65002,65003,65004,65005,65006,65007,65009,65010,65011,65012,65013,65014,65015,65016,65017,65018,65019,65020,65021,65022,65023,65024,65025,65026,65028,65029,65031,65032,65033,65034,65035,65036,65037,65038,65039,65040,65041,65042,65043,65044,65045,65046,65047,65048,65049,65050,65051,65052,65053,65054,65055,65056,65057,65058,65059,65060,65061,65062,65063,65064,65065,65066,65067,65068,65069,65070,65071,65072,65073,65074,65075,65076,65077,65078,65079,65080,65081,65082,65083,65084,65085,65086,65087,65088,65089,65090,65091,65092,65093,65094,65095,65096,65097,65098,65099,65100,65101,65102,65103,65104,65105,65106,65107,65108,65109,65110,65111,65112,65113,65114,65115,65116,65117,65118,65119,65120,65121,65123,65124,65125,65126,65127,65128,65129,65130,65131,65132,65133,65134,65135,65136,65137,65138,65139,65140,65141,65142,65143,65144,65145,65146,65147,65148,65149,65150,65151,65153,65154,65155,65156,65157,65158,65159,65160,65161,65162,65163,65164,65165,65166,65167,65168,65169,65170,65171,65172,65173,65174,65175,65176,65177,65178,65179,65180,65181,65182,65183,65184,65185,65186,65187,65189,65190,65191,65192,65193,65194,65195,65196,65197,65198,65199,65200,65201,65202,65203,65204,65205,65206,65207,65208,65209,65210,65211,65212,65213,65214,65215,65216,65217,65218,65219,65220,65221,65222,65223,65224,65225,65226,65228,65229,65230,65231,65232,65233,65234,65235,65236,65237,65238,65239,65240,65241,65242,65243,65244,65245,65247,65248,65249,65250,65251,65252,65253,65254,65255,65256,65257,65258,65259,65260,65261,65262,65263,65264,65265,65266,65267,65268,65269,65270,65271,65272,65273,65274,65275,65276,65277,65278,65279,65280,65281,65282,65283,65284,65285,65286,65287,65288,65289,65290,65291,65292,65293,65294,65295,65296,65297,65298,65299,65300,65301,65303,65304,65305,65306,65307,65308,65309,65310,65311,65313,65314,65315,65316,65317,65318,65319,65320,65321,65322,65323,65324,65325,65326,65327,65328,65329,65330,65331,65332,65333,65334,65335,65336,65337,65338,65339,65340,65341,65342,65343,65344,65345,65346,65347,65348,65349,65350,65351,65352,65353,65354,65355,65356,65357,65358,65359,65360,65361,65362,65363,65364,65366,65367,65368,65369,65370,65371,65372,65373,65374,65375,65376,65377,65378,65379,65380,65381,65382,65383,65384,65385,65386,65387,65388,65389,65390,65391,65392,65393,65394,65395,65396,65397,65398,65399,65400,65401,65402,65403,65404,65405,65406,65407,65408,65409,65410,65411,65412,65413,65414,65415,65416,65417,65418,65419,65420,65421,65422,65423,65424,65425,65426,65427,65428,65429,65430,65431,65432,65433,65435,65436,65437,65438,65439,65440,65441,65442,65443,65444,65445,65446,65447,65448,65449,65450,65451,65452,65453,65454,65455,65456,65457,65458,65459,65460,65461,65462,65463,65464,65465,65466,65467,65468,65469,65470,65471,65472,65473,65474,65475,65476,65477,65478,65479,65481,65482,66001,66002,66003,66004,66005,66006,66007,66008,66009,66010,66011,66012,66013,66014,66015,66016,66017,66018,66019,66020,66021,66022,66023,66024,66025,66026,66027,66028,66029,66030,66032,66033,66034,66035,66036,66037,66038,66039,66040,66041,66042,66043,66044,66045,66046,66047,66048,66049,66050,66051,66052,66053,66054,66055,66056,66057,66058,66059,66060,66061,66062,66063,66064,66065,66066,66067,66068,66069,66070,66071,66072,66073,66074,66075,66076,66077,66078,66079,66080,66081,66082,66083,66084,66085,66086,66088,66089,66090,66091,66092,66093,66094,66095,66096,66097,66098,66099,66100,66101,66102,66103,66104,66105,66106,66107,66108,66109,66111,66112,66113,66114,66115,66116,66117,66118,66119,66120,66121,66122,66123,66124,66125,66126,66127,66128,66129,66130,66132,66133,66134,66136,66137,66138,66139,66140,66141,66142,66143,66144,66145,66146,66147,66148,66149,66150,66151,66152,66153,66154,66155,66156,66157,66158,66159,66160,66161,66162,66164,66165,66166,66167,66168,66169,66170,66171,66172,66173,66174,66175,66176,66177,66178,66179,66180,66181,66182,66183,66184,66185,66186,66187,66188,66189,66190,66191,66192,66193,66194,66195,66196,66197,66198,66199,66201,66202,66203,66204,66205,66206,66207,66208,66209,66210,66211,66212,66213,66214,66215,66216,66217,66218,66219,66220,66221,66222,66223,66224,66225,66226,66227,66228,66230,66231,66232,66233,66234,81001,81002,81003,81004,81005,81006,81007,81008,81009,81010,81011,81012,81013,81014,81015,81016,81017,81018,81019,81020,81021,81022,81023,81024,81025,81026,81027,81028,81029,81030,81031,81032,81033,81034,81035,81036,81037,81038,81039,81040,81041,81042,81043,81044,81045,81046,81047,81048,81049,81050,81051,81052,81053,81054,81055,81056,81058,81059,81060,81061,81062,81063,81064,81065,81066,81067,81068,81069,81070,81071,81072,81073,81074,81075,81076,81077,81078,81079,81080,81081,81082,81083,81084,81085,81086,81087,81088,81089,81090,81092,81093,81094,81095,81096,81097,81098,81099,81100,81101,81102,81103,81104,81105,81106,81108,81109,81110,81111,81112,81114,81115,81116,81117,81118,81119,81120,81121,81122,81123,81124,81125,81126,81127,81128,81129,81130,81131,81132,81133,81134,81135,81136,81137,81138,81139,81140,81141,81142,81143,81144,81145,81146,81147,81148,81149,81150,81151,81152,81154,81156,81157,81158,81159,81160,81161,81162,81163,81164,81165,81166,81167,81168,81169,81170,81171,81172,81173,81174,81175,81176,81177,81178,81179,81180,81181,81182,81183,81184,81185,81186,81187,81188,81189,81190,81191,81192,81193,81195,81196,81197,81198,81199,81200,81201,81202,81203,81204,81205,81206,81207,81208,81209,81210,81211,81212,81213,81214,81215,81216,81217,81218,81219,81220,81221,81222,81223,81224,81225,81227,81228,81229,81230,81231,81232,81233,81234,81235,81236,81237,81238,81239,81240,81242,81243,81244,81245,81246,81247,81248,81249,81250,81251,81252,81253,81254,81255,81256,81257,81258,81259,81261,81262,81263,81264,81265,81266,81267,81268,81269,81270,81271,81272,81273,81274,81275,81276,81277,81278,81279,81280,81281,81282,81283,81284,81285,81286,81287,81288,81289,81290,81291,81292,81293,81294,81295,81297,81298,81299,81300,81302,81303,81304,81305,81306,81307,81308,81309,81310,81311,81312,81313,81314,81315,81316,81317,81318,81319,81320,81321,81322,81323,81324,81325,81326,82001,82002,82003,82004,82005,82006,82007,82008,82009,82010,82011,82012,82013,82014,82015,82016,82017,82018,82019,82020,82021,82022,82023,82024,82025,82026,82027,82028,82029,82030,82031,82032,82033,82034,82035,82036,82037,82038,82039,82040,82041,82042,82043,82044,82045,82046,82047,82048,82049,82050,82051,82052,82053,82054,82055,82056,82057,82058,82059,82060,82061,82062,82063,82064,82065,82066,82067,82068,82069,82070,82071,82072,82073,82074,82075,82076,82077,82078,82079,82080,82081,82082,82083,82084,82085,82086,82087,82088,82089,82090,82091,82092,82093,82094,82095,82096,82097,82098,82099,82100,82101,82102,82103,82104,82105,82106,82107,82108,82109,82110,82111,82112,82113,82114,82115,82116,82117,82118,82119,82120,82121,82122,82123,82124,82125,82126,82127,82128,82129,82130,82131,82132,82133,82134,82135,82136,82137,82138,82139,82140,82141,82142,82143,82144,82145,82146,82147,82148,82149,82150,82151,82152,82153,82154,82155,82156,82157,82158,82159,82160,82161,82162,82163,82164,82165,82166,82167,82168,82169,82170,82171,82172,82173,82174,82175,82176,82177,82178,82179,82180,82181,82182,82183,82184,82185,82186,82187,82188,82189,82190,82191,82192,82193,82194,82195}",REG,2026-03-24 14:41:49.581307+01,gold_establishments_2025,,,,20005379100014,2025,Collectivité Territoriale,Région,"['Ariège', 'Aude', 'Aveyron', 'Gard', 'Haute-Garonne', 'Gers', 'Hérault', 'Lot', 'Lozère', 'Hautes-P",['Occitanie'],REG,"{09,11,12,30,31,32,34,46,48,65,66,81,82}",{76}
3846cc06-39d6-4485-abe7-313c4275a556,234400034,Région Pays de la Loire,false,"{44001,44002,44003,44005,44006,44007,44009,44010,44012,44013,44014,44015,44016,44018,44019,44020,44021,44022,44023,44024,44025,44026,44027,44028,44029,44030,44031,44032,44033,44035,44036,44037,44038,44039,44041,44043,44044,44045,44046,44047,44048,44049,44050,44051,44052,44053,44054,44055,44056,44057,44058,44061,44062,44063,44064,44065,44066,44067,44068,44069,44070,44071,44072,44073,44074,44075,44076,44077,44078,44079,44080,44081,44082,44083,44084,44085,44086,44087,44088,44089,44090,44091,44092,44094,44095,44096,44097,44098,44099,44100,44101,44102,44103,44104,44105,44106,44107,44108,44109,44110,44111,44112,44113,44114,44115,44116,44117,44118,44119,44120,44121,44122,44123,44124,44125,44126,44127,44128,44129,44130,44131,44132,44133,44134,44135,44136,44137,44138,44139,44140,44141,44142,44143,44144,44145,44146,44148,44149,44150,44151,44152,44153,44154,44155,44156,44157,44158,44159,44161,44162,44163,44164,44165,44166,44168,44169,44170,44171,44172,44173,44174,44175,44176,44178,44179,44180,44182,44183,44184,44185,44186,44187,44188,44189,44190,44192,44193,44194,44195,44196,44197,44198,44199,44200,44201,44202,44203,44204,44205,44206,44207,44208,44209,44210,44211,44212,44213,44214,44215,44216,44217,44218,44220,44221,44222,44223,44224,49002,49003,49007,49008,49009,49010,49011,49012,49015,49017,49018,49020,49021,49022,49023,49026,49027,49028,49029,49030,49035,49036,49038,49041,49045,49048,49050,49053,49054,49055,49056,49057,49058,49060,49061,49063,49064,49067,49068,49070,49076,49080,49082,49086,49089,49090,49092,49099,49100,49102,49107,49109,49110,49112,49113,49114,49120,49121,49123,49125,49127,49129,49130,49131,49132,49135,49138,49140,49155,49160,49161,49163,49167,49170,49171,49174,49176,49178,49180,49182,49183,49188,49192,49193,49194,49195,49200,49201,49205,49209,49211,49214,49215,49216,49217,49218,49219,49220,49221,49222,49223,49224,49228,49231,49235,49236,49237,49240,49241,49244,49246,49247,49248,49253,49257,49259,49260,49261,49262,49266,49267,49269,49271,49272,49278,49283,49284,49288,49291,49292,49294,49298,49299,49301,49302,49306,49307,49308,49310,49311,49323,49326,49328,49329,49330,49331,49332,49333,49334,49336,49338,49339,49341,49343,49344,49345,49347,49352,49353,49355,49358,49359,49361,49362,49364,49367,49368,49369,49370,49371,49373,49374,49377,49378,49381,53001,53002,53003,53005,53007,53008,53009,53010,53011,53012,53013,53015,53016,53017,53018,53019,53021,53022,53023,53025,53026,53027,53028,53029,53030,53031,53033,53034,53035,53036,53037,53038,53039,53040,53041,53042,53043,53045,53046,53047,53048,53049,53051,53052,53053,53054,53055,53056,53057,53058,53059,53061,53062,53063,53064,53066,53067,53068,53069,53071,53072,53073,53074,53075,53076,53077,53078,53079,53080,53082,53083,53084,53085,53086,53087,53088,53089,53090,53091,53093,53094,53096,53097,53098,53099,53100,53101,53102,53103,53104,53105,53106,53107,53108,53109,53110,53111,53112,53113,53114,53115,53116,53117,53118,53119,53120,53121,53122,53123,53124,53125,53126,53127,53128,53129,53130,53131,53132,53133,53134,53135,53136,53137,53139,53140,53141,53142,53143,53144,53145,53146,53147,53148,53150,53151,53152,53153,53154,53155,53156,53157,53158,53160,53161,53162,53163,53164,53165,53168,53169,53170,53172,53173,53174,53175,53176,53177,53178,53179,53180,53181,53182,53184,53185,53186,53187,53188,53189,53190,53191,53192,53193,53195,53196,53197,53198,53199,53200,53201,53202,53203,53204,53206,53208,53209,53210,53211,53212,53213,53214,53216,53218,53219,53220,53221,53222,53223,53224,53225,53226,53228,53229,53230,53232,53233,53234,53235,53236,53237,53238,53240,53242,53243,53245,53246,53247,53248,53249,53250,53251,53253,53255,53256,53257,53258,53259,53260,53261,53262,53263,53264,53265,53266,53267,53269,53270,53271,53272,53273,53276,72001,72002,72003,72004,72005,72006,72007,72008,72009,72010,72011,72012,72013,72015,72016,72017,72018,72019,72020,72021,72022,72023,72024,72025,72026,72027,72028,72029,72031,72032,72034,72035,72036,72037,72038,72039,72040,72041,72042,72043,72044,72045,72046,72047,72048,72049,72050,72051,72052,72053,72054,72056,72057,72058,72059,72060,72061,72062,72064,72065,72066,72067,72068,72070,72071,72072,72073,72074,72075,72076,72077,72078,72079,72080,72083,72084,72085,72086,72087,72088,72089,72090,72091,72093,72094,72095,72096,72098,72099,72100,72101,72102,72103,72104,72105,72106,72107,72109,72110,72111,72112,72113,72114,72115,72118,72119,72120,72121,72122,72123,72124,72125,72126,72127,72128,72129,72130,72131,72132,72133,72134,72135,72136,72137,72138,72139,72141,72142,72143,72144,72145,72146,72147,72148,72149,72150,72151,72152,72153,72154,72155,72156,72157,72158,72160,72161,72163,72164,72165,72166,72167,72168,72169,72170,72171,72172,72173,72174,72175,72176,72177,72178,72179,72180,72181,72182,72183,72184,72185,72186,72187,72188,72189,72190,72191,72192,72193,72194,72195,72196,72197,72198,72199,72200,72201,72202,72204,72205,72208,72209,72210,72211,72212,72213,72214,72215,72216,72217,72218,72219,72220,72221,72222,72223,72224,72225,72226,72227,72228,72229,72230,72231,72232,72233,72234,72235,72236,72237,72238,72239,72241,72243,72244,72245,72246,72247,72248,72249,72250,72251,72252,72253,72254,72255,72256,72257,72259,72260,72261,72262,72264,72265,72266,72267,72268,72269,72270,72271,72272,72273,72274,72275,72276,72277,72278,72279,72280,72281,72282,72283,72286,72289,72290,72291,72292,72293,72294,72295,72296,72297,72299,72300,72302,72303,72305,72306,72307,72308,72309,72310,72311,72312,72313,72314,72315,72316,72317,72319,72320,72321,72322,72323,72324,72325,72326,72327,72328,72329,72330,72331,72332,72333,72334,72335,72336,72337,72338,72339,72340,72341,72342,72343,72344,72345,72346,72347,72348,72349,72350,72351,72352,72353,72354,72355,72356,72357,72358,72359,72360,72361,72362,72363,72364,72366,72367,72368,72369,72370,72372,72373,72374,72375,72376,72377,72378,72379,72380,72381,72382,72383,72385,72386,85001,85002,85003,85004,85005,85006,85008,85009,85010,85011,85012,85013,85014,85015,85016,85017,85018,85019,85020,85022,85023,85024,85025,85026,85028,85029,85031,85033,85034,85035,85036,85038,85039,85040,85042,85045,85046,85047,85049,85050,85051,85054,85055,85056,85058,85059,85061,85062,85064,85065,85066,85067,85070,85071,85072,85073,85074,85076,85077,85078,85080,85081,85082,85083,85084,85086,85087,85088,85089,85090,85092,85093,85094,85095,85096,85097,85098,85099,85100,85101,85102,85103,85104,85105,85106,85108,85109,85110,85111,85112,85113,85114,85115,85116,85117,85118,85119,85120,85121,85123,85125,85126,85127,85128,85129,85130,85131,85132,85133,85134,85135,85136,85137,85138,85139,85140,85141,85142,85143,85144,85145,85146,85147,85148,85149,85151,85152,85153,85154,85155,85156,85157,85158,85159,85160,85161,85162,85163,85164,85167,85169,85171,85172,85174,85175,85176,85177,85178,85179,85181,85182,85184,85185,85186,85187,85188,85189,85190,85191,85192,85193,85194,85196,85197,85198,85199,85200,85201,85202,85204,85205,85206,85207,85208,85209,85210,85211,85213,85214,85215,85216,85218,85220,85221,85222,85223,85226,85227,85229,85231,85232,85234,85235,85236,85237,85238,85239,85240,85242,85243,85244,85245,85246,85247,85248,85250,85251,85252,85254,85255,85256,85259,85260,85261,85262,85264,85265,85266,85267,85268,85269,85273,85274,85276,85277,85278,85280,85281,85282,85284,85285,85286,85287,85288,85289,85290,85291,85292,85293,85294,85295,85296,85297,85298,85300,85301,85302,85303,85304,85305,85306}",REG,2026-03-24 14:41:49.581307+01,gold_establishments_2025,,,,23440003400026,2025,Collectivité Territoriale,Région,"['Loire-Atlantique', 'Maine-et-Loire', 'Mayenne', 'Sarthe', 'Vendée']",['Pays de la Loire'],REG,"{44,49,53,72,85}",{52}
5c7f7f45-9012-42eb-94e3-77a877e289f2,231300021,Région Provence-Alpes-Côte d'Azur,false,"{04001,04004,04005,04006,04007,04008,04009,04012,04013,04016,04017,04018,04019,04020,04021,04022,04023,04024,04025,04026,04027,04028,04030,04031,04032,04033,04034,04035,04036,04037,04039,04040,04041,04042,04043,04045,04046,04047,04049,04050,04051,04053,04054,04055,04057,04058,04059,04061,04062,04063,04065,04066,04067,04068,04069,04070,04072,04073,04074,04075,04076,04077,04079,04081,04084,04085,04086,04087,04088,04090,04091,04092,04093,04094,04095,04096,04097,04099,04101,04102,04104,04106,04107,04108,04109,04110,04111,04112,04113,04115,04116,04118,04120,04121,04122,04123,04124,04126,04127,04128,04129,04130,04132,04133,04134,04135,04136,04137,04138,04139,04140,04141,04142,04143,04144,04145,04148,04149,04150,04151,04152,04154,04155,04156,04157,04158,04159,04160,04161,04162,04163,04164,04166,04167,04169,04170,04171,04172,04173,04174,04175,04176,04177,04178,04179,04180,04181,04182,04183,04184,04186,04187,04188,04189,04190,04191,04192,04193,04194,04195,04197,04199,04200,04201,04202,04203,04204,04205,04206,04207,04208,04209,04210,04211,04214,04216,04217,04218,04219,04220,04222,04224,04226,04227,04228,04229,04230,04231,04233,04234,04235,04236,04237,04240,04241,04242,04244,04245,05001,05003,05004,05006,05007,05008,05009,05010,05011,05012,05013,05014,05016,05017,05018,05019,05021,05022,05023,05024,05025,05026,05027,05028,05029,05031,05032,05033,05035,05036,05037,05038,05039,05040,05044,05045,05046,05047,05048,05049,05050,05051,05052,05053,05054,05055,05056,05057,05058,05059,05060,05061,05062,05063,05064,05065,05066,05068,05070,05071,05072,05073,05074,05075,05076,05077,05078,05079,05080,05081,05082,05084,05085,05086,05087,05089,05090,05091,05092,05093,05094,05095,05096,05097,05098,05099,05100,05101,05102,05103,05104,05106,05107,05108,05109,05110,05111,05112,05113,05114,05115,05116,05117,05118,05119,05121,05122,05123,05124,05126,05127,05128,05129,05130,05131,05132,05133,05134,05135,05136,05139,05140,05142,05144,05145,05146,05147,05148,05149,05151,05152,05153,05154,05155,05156,05157,05158,05159,05160,05161,05162,05163,05164,05165,05166,05167,05168,05169,05170,05171,05172,05173,05174,05176,05177,05178,05179,05180,05181,05182,05183,05184,06001,06002,06003,06004,06005,06006,06007,06008,06009,06010,06011,06012,06013,06014,06015,06016,06017,06018,06019,06020,06021,06022,06023,06024,06025,06026,06027,06028,06029,06030,06031,06032,06033,06034,06035,06036,06037,06038,06039,06040,06041,06042,06043,06044,06045,06046,06047,06048,06049,06050,06051,06052,06053,06054,06055,06056,06057,06058,06059,06060,06061,06062,06063,06064,06065,06066,06067,06068,06069,06070,06071,06072,06073,06074,06075,06076,06077,06078,06079,06080,06081,06082,06083,06084,06085,06086,06087,06088,06089,06090,06091,06092,06093,06094,06095,06096,06097,06098,06099,06100,06101,06102,06103,06104,06105,06106,06107,06108,06109,06110,06111,06112,06113,06114,06115,06116,06117,06118,06119,06120,06121,06122,06123,06124,06125,06126,06127,06128,06129,06130,06131,06132,06133,06134,06135,06136,06137,06138,06139,06140,06141,06142,06143,06144,06145,06146,06147,06148,06149,06150,06151,06152,06153,06154,06155,06156,06157,06158,06159,06160,06161,06162,06163,13001,13002,13003,13004,13005,13006,13007,13008,13009,13010,13011,13012,13013,13014,13015,13016,13017,13018,13019,13020,13021,13022,13023,13024,13025,13026,13027,13028,13029,13030,13031,13032,13033,13034,13035,13036,13037,13038,13039,13040,13041,13042,13043,13044,13045,13046,13047,13048,13049,13050,13051,13052,13053,13054,13055,13056,13057,13058,13059,13060,13061,13062,13063,13064,13065,13066,13067,13068,13069,13070,13071,13072,13073,13074,13075,13076,13077,13078,13079,13080,13081,13082,13083,13084,13085,13086,13087,13088,13089,13090,13091,13092,13093,13094,13095,13096,13097,13098,13099,13100,13101,13102,13103,13104,13105,13106,13107,13108,13109,13110,13111,13112,13113,13114,13115,13116,13117,13118,13119,13201,13202,13203,13204,13205,13206,13207,13208,13209,13210,13211,13212,13213,13214,13215,13216,83001,83002,83003,83004,83005,83006,83007,83008,83009,83010,83011,83012,83013,83014,83015,83016,83017,83018,83019,83020,83021,83022,83023,83025,83026,83027,83028,83029,83030,83031,83032,83033,83034,83035,83036,83037,83038,83039,83040,83041,83042,83043,83044,83045,83046,83047,83048,83049,83050,83051,83052,83053,83054,83055,83056,83057,83058,83059,83060,83061,83062,83063,83064,83065,83066,83067,83068,83069,83070,83071,83072,83073,83074,83075,83076,83077,83078,83079,83080,83081,83082,83083,83084,83085,83086,83087,83088,83089,83090,83091,83092,83093,83094,83095,83096,83097,83098,83099,83100,83101,83102,83103,83104,83105,83106,83107,83108,83109,83110,83111,83112,83113,83114,83115,83116,83117,83118,83119,83120,83121,83122,83123,83124,83125,83126,83127,83128,83129,83130,83131,83132,83133,83134,83135,83136,83137,83138,83139,83140,83141,83142,83143,83144,83145,83146,83147,83148,83149,83150,83151,83152,83153,83154,84001,84002,84003,84004,84005,84006,84007,84008,84009,84010,84011,84012,84013,84014,84015,84016,84017,84018,84019,84020,84021,84022,84023,84024,84025,84026,84027,84028,84029,84030,84031,84032,84033,84034,84035,84036,84037,84038,84039,84040,84041,84042,84043,84044,84045,84046,84047,84048,84049,84050,84051,84052,84053,84054,84055,84056,84057,84058,84059,84060,84061,84062,84063,84064,84065,84066,84067,84068,84069,84070,84071,84072,84073,84074,84075,84076,84077,84078,84079,84080,84081,84082,84083,84084,84085,84086,84087,84088,84089,84090,84091,84092,84093,84094,84095,84096,84097,84098,84099,84100,84101,84102,84103,84104,84105,84106,84107,84108,84109,84110,84111,84112,84113,84114,84115,84116,84117,84118,84119,84120,84121,84122,84123,84124,84125,84126,84127,84128,84129,84130,84131,84132,84133,84134,84135,84136,84137,84138,84139,84140,84141,84142,84143,84144,84145,84146,84147,84148,84149,84150,84151}",REG,2026-03-24 14:41:49.581307+01,gold_establishments_2025,,,,23130002100012,2025,Collectivité Territoriale,Région,"['Alpes-de-Haute-Provence', 'Hautes-Alpes', 'Alpes-Maritimes', 'Bouches-du-Rhône', 'Var', 'Vaucluse'","[""Provence-Alpes-Côte d'Azur""]",REG,"{04,05,06,13,83,84}",{93}
f837c489-2549-4140-970e-5e4ce3062774,237500079,Région Île-de-France,false,"{75056,75101,75102,75103,75104,75105,75106,75107,75108,75109,75110,75111,75112,75113,75114,75115,75116,75117,75118,75119,75120,77001,77002,77003,77004,77005,77006,77007,77008,77009,77010,77011,77012,77013,77014,77015,77016,77018,77019,77020,77021,77022,77023,77024,77025,77026,77027,77029,77030,77031,77032,77033,77034,77035,77036,77037,77038,77039,77040,77041,77042,77043,77044,77045,77046,77047,77048,77049,77050,77051,77052,77053,77054,77055,77056,77057,77058,77059,77060,77061,77062,77063,77065,77066,77067,77068,77069,77070,77071,77072,77073,77075,77076,77077,77078,77079,77080,77081,77082,77083,77084,77085,77086,77087,77088,77089,77090,77091,77093,77094,77095,77096,77097,77098,77099,77100,77101,77102,77103,77104,77106,77107,77108,77109,77110,77111,77112,77113,77114,77115,77116,77117,77118,77119,77120,77121,77122,77123,77124,77125,77126,77127,77128,77129,77130,77131,77132,77133,77134,77135,77136,77137,77138,77139,77140,77141,77142,77143,77144,77145,77146,77147,77148,77150,77151,77152,77153,77154,77155,77156,77157,77158,77159,77161,77162,77163,77164,77165,77167,77168,77169,77171,77172,77173,77174,77175,77176,77177,77178,77179,77180,77181,77182,77183,77184,77185,77186,77187,77188,77190,77191,77192,77193,77194,77195,77196,77197,77198,77199,77200,77201,77202,77203,77204,77205,77206,77207,77208,77209,77210,77211,77212,77214,77215,77216,77217,77218,77219,77220,77221,77222,77223,77224,77225,77226,77227,77228,77229,77230,77231,77232,77233,77234,77235,77236,77237,77238,77239,77240,77241,77242,77243,77244,77245,77246,77247,77248,77249,77250,77251,77252,77253,77254,77255,77256,77257,77258,77259,77260,77261,77262,77263,77264,77265,77266,77267,77268,77269,77270,77271,77272,77273,77274,77275,77276,77277,77278,77279,77280,77281,77282,77283,77284,77285,77286,77287,77288,77289,77290,77291,77292,77293,77294,77295,77296,77297,77298,77300,77301,77302,77303,77304,77305,77306,77307,77308,77309,77310,77311,77312,77313,77314,77315,77316,77317,77318,77319,77320,77321,77322,77323,77325,77326,77327,77328,77329,77330,77331,77332,77333,77335,77336,77337,77338,77339,77340,77341,77342,77343,77344,77345,77347,77348,77349,77350,77352,77353,77354,77355,77356,77357,77358,77359,77360,77361,77363,77364,77365,77366,77367,77368,77369,77370,77371,77372,77373,77374,77376,77377,77378,77379,77380,77381,77382,77383,77384,77385,77386,77387,77388,77389,77390,77391,77392,77393,77394,77395,77396,77397,77398,77400,77401,77402,77403,77404,77405,77406,77407,77408,77409,77410,77411,77412,77413,77414,77415,77416,77417,77418,77419,77420,77421,77423,77424,77425,77426,77427,77428,77429,77430,77431,77432,77433,77434,77435,77436,77437,77438,77439,77440,77441,77442,77443,77444,77445,77446,77447,77448,77449,77450,77451,77452,77453,77454,77455,77456,77457,77458,77459,77460,77461,77462,77463,77464,77465,77466,77467,77468,77469,77470,77471,77472,77473,77474,77475,77476,77477,77478,77479,77480,77481,77482,77483,77484,77485,77486,77487,77489,77490,77492,77493,77494,77495,77496,77498,77500,77501,77504,77505,77506,77507,77508,77509,77510,77511,77512,77513,77514,77515,77516,77517,77518,77519,77520,77521,77522,77523,77524,77525,77526,77527,77528,77529,77530,77531,77532,77533,77534,78003,78005,78006,78007,78009,78010,78013,78015,78020,78029,78030,78031,78033,78034,78036,78043,78048,78049,78050,78053,78057,78062,78068,78070,78071,78072,78073,78076,78077,78082,78084,78087,78089,78090,78092,78096,78104,78107,78108,78113,78117,78118,78120,78123,78124,78125,78126,78128,78133,78138,78140,78143,78146,78147,78152,78158,78160,78162,78163,78164,78165,78168,78171,78172,78185,78188,78189,78190,78192,78193,78194,78196,78202,78206,78208,78209,78217,78220,78224,78227,78230,78231,78233,78234,78236,78237,78238,78239,78242,78245,78246,78255,78261,78262,78263,78264,78265,78267,78269,78276,78278,78281,78283,78285,78289,78290,78291,78296,78297,78299,78300,78302,78305,78307,78310,78311,78314,78317,78320,78321,78322,78324,78325,78327,78329,78334,78335,78337,78343,78344,78346,78349,78350,78354,78356,78358,78361,78362,78364,78366,78367,78368,78372,78380,78381,78382,78383,78384,78385,78389,78391,78396,78397,78398,78401,78402,78403,78404,78406,78407,78410,78413,78415,78416,78417,78418,78420,78423,78431,78437,78439,78440,78442,78443,78444,78451,78455,78460,78464,78465,78466,78470,78472,78474,78475,78478,78481,78484,78486,78490,78497,78498,78499,78501,78502,78505,78506,78513,78516,78517,78518,78520,78522,78528,78530,78531,78536,78537,78545,78548,78550,78551,78557,78558,78559,78561,78562,78564,78565,78567,78569,78571,78575,78576,78586,78588,78590,78591,78597,78601,78605,78606,78608,78609,78615,78616,78618,78620,78621,78623,78624,78638,78640,78642,78643,78644,78646,78647,78650,78653,78655,78668,78672,78674,78677,78681,78683,78686,78688,91001,91016,91017,91021,91022,91027,91035,91037,91038,91041,91044,91045,91047,91064,91067,91069,91075,91079,91080,91081,91085,91086,91093,91095,91097,91098,91099,91100,91103,91105,91106,91109,91111,91112,91114,91115,91121,91122,91129,91130,91131,91132,91135,91136,91137,91145,91148,91156,91159,91161,91174,91175,91179,91180,91184,91186,91191,91195,91198,91200,91201,91204,91207,91215,91216,91223,91225,91226,91228,91232,91235,91240,91243,91244,91247,91248,91249,91272,91273,91274,91275,91284,91286,91292,91293,91294,91312,91315,91318,91319,91326,91330,91332,91333,91338,91339,91340,91345,91347,91359,91363,91374,91376,91377,91378,91386,91390,91393,91399,91405,91408,91411,91412,91414,91421,91425,91432,91433,91434,91435,91441,91457,91458,91461,91463,91468,91469,91471,91473,91477,91479,91482,91494,91495,91507,91508,91511,91514,91519,91521,91525,91526,91533,91534,91538,91540,91544,91546,91547,91549,91552,91553,91556,91560,91568,91570,91573,91577,91578,91579,91581,91587,91589,91593,91599,91600,91602,91613,91617,91619,91629,91630,91631,91634,91635,91639,91645,91648,91649,91654,91657,91659,91661,91662,91665,91666,91667,91671,91679,91685,91687,91689,91691,91692,92002,92004,92007,92009,92012,92014,92019,92020,92022,92023,92024,92025,92026,92032,92033,92035,92036,92040,92044,92046,92047,92048,92049,92050,92051,92060,92062,92063,92064,92071,92072,92073,92075,92076,92077,92078,93001,93005,93006,93007,93008,93010,93013,93014,93015,93027,93029,93030,93031,93032,93033,93039,93045,93046,93047,93048,93049,93050,93051,93053,93055,93057,93061,93062,93063,93064,93066,93070,93071,93072,93073,93074,93077,93078,93079,94001,94002,94003,94004,94011,94015,94016,94017,94018,94019,94021,94022,94028,94033,94034,94037,94038,94041,94042,94043,94044,94046,94047,94048,94052,94053,94054,94055,94056,94058,94059,94060,94065,94067,94068,94069,94070,94071,94073,94074,94075,94076,94077,94078,94079,94080,94081,95002,95008,95011,95012,95014,95018,95019,95023,95024,95026,95028,95039,95040,95042,95046,95051,95052,95054,95055,95056,95058,95059,95060,95061,95063,95074,95078,95088,95091,95094,95101,95102,95110,95116,95119,95120,95127,95134,95139,95141,95142,95144,95149,95150,95151,95154,95157,95166,95169,95170,95176,95177,95181,95183,95197,95199,95203,95205,95210,95211,95212,95213,95214,95218,95219,95229,95241,95250,95252,95253,95254,95256,95257,95258,95268,95270,95271,95277,95280,95287,95288,95295,95298,95301,95303,95304,95306,95308,95309,95313,95316,95323,95328,95331,95341,95348,95351,95352,95353,95355,95365,95369,95370,95371,95379,95387,95388,95392,95394,95395,95409,95422,95424,95426,95427,95428,95429,95430,95436,95438,95445,95446,95447,95450,95452,95456,95459,95462,95476,95480,95483,95487,95488,95489,95491,95492,95493,95500,95504,95509,95510,95523,95527,95529,95535,95539,95541,95543,95554,95555,95563,95566,95572,95574,95580,95582,95584,95585,95592,95594,95598,95604,95607,95610,95611,95612,95625,95627,95628,95633,95637,95641,95651,95652,95656,95658,95660,95675,95676,95678,95680,95682,95690}",REG,2026-03-24 14:41:49.581307+01,gold_establishments_2025,,,,23750007900312,2025,Collectivité Territoriale,Région,"['Paris', 'Seine-et-Marne', 'Yvelines', 'Essonne', 'Hauts-de-Seine', 'Seine-Saint-Denis', 'Val-de-Ma",['Île-de-France'],REG,"{75,77,78,91,92,93,94,95}",{11}
fdb1fc70-3e86-4bf4-9e4f-61f63e92739e,244200770,Saint-Etienne Métropole (42),false,"{42001,42005,42031,42032,42036,42043,42044,42053,42083,42085,42092,42093,42095,42096,42097,42099,42100,42103,42110,42123,42133,42167,42183,42186,42189,42192,42206,42207,42208,42210,42218,42222,42223,42225,42234,42237,42242,42259,42262,42266,42270,42271,42275,42283,42302,42305,42307,42308,42311,42316,42320,42322,42330}",ME,2026-03-24 14:41:51.447482+01,gold_establishments_2025,,,,24420077000117,2025,Collectivité Territoriale,Intercommunalité,['Loire'],['Auvergne-Rhône-Alpes'],METRO,{42},{84}
ec790ec4-4634-44d0-8bc6-1f68b9f22df0,130030364,Sgpe,false,"{28099,80666,70169,17404,32427,35009,19105,09012,34333,02250,65296,88233,21283,2B283,40105,80270,33547,89160,76058,34225,90099,78383,13109,69266,26071,27537,09103,62193,53148,14606,55296,60275,15166,97411,72003,45291,80299,16267,52400,05181,50378,11289,60124,72165,18138,16045,11038,08402,44027,44151,15082,52053,51307,50069,24147,68247,55179,77501,67244,23225,81180,61169,74275,62050,56110,18164,90047,09072,59343,39354,63048,24407,42329,35005,66075,32093,45167,11036,31541,95480,46180,38015,81072,89148,2B126,81029,02337,22220,05152,07148,07187,17140,09294,43222,74162,39179,63276,36240,09084,55236,26282,69228,49302,15189,37230,2A004,81058,76654,30107,80600,59528,54372,36215,46009,18025,08297,50490,25473,70284,25066,10011,89351,55068,10060,22330,50374,10391,71572,10063,80678,83119,12111,51460,38299,14100,53180,51357,17378,74233,35010,55044,95258,76231,87024,82056,55304,57649,73309,05091,27696,43049,59523,65157,71235,49120,39270,70401,27192,46042,38176,59287,61103,56125,69175,77474,18200,51521,08308,80509,14755,57676,53248,32180,91639,13100,31186,32225,50393,80631,80552,62676,02306,08161,67532,78513,31348,12198,88053,38229,73132,22314,88226,55191,87183,76559,86129,26018,11034,80557,62581,21344,38192,10108,07218,22177,64514,31056,09078,34066,73137,39059,54186,60357,82131,30287,84092,39478,38118,76169,32466,33035,82060,02716,77487,33046,59032,02347,31322,80353,88350,85135,28418,86125,31510,36184,76371,80115,16208,52079,86210,62577,24152,28332,21492,80263,35016,88349,07086,97403,21003,36202,09156,25333,53011,63043,57696,74031,42241,91433,52464,85038,62271,82026,45029,95214,25293,48121,76720,78234,36012,29086,47239,82173,11330,33520,54229,33351,41192,36179,55077,51091,07208,48025,67235,31520,62712,26238,18139,27520,80055,02824,52411,84020,97405,79152,61002,80345,85184,46068,61288,15046,12246,35292,51510,69054,40003,24071,67429,17369,63075,73086,65202,06055,66153,67395,64219,64146,03119,65003,88348,89339,63247,35352,02199,02671,48016,88013,65076,58058,76284,35132,93078,84048,62264,38344,70347,60136,23080,02705,27543,59038,54170,42240,89470,85298,45186,31147,60600,48163,51202,34115,72264,73061,26200,60224,35249,47247,26086,28084,37071,74241,77364,40136,22039,64036,11018,25485,29294,35260,35142,14025,11215,30288,59181,69238,68299,09296,65130,67349,27578,52467,67543,06102,28289,21580,33481,90005,80730,44182,54204,54188,88269,11161,43027,23115,80711,72066,03316,62354,68200,53019,45313,57297,28160,32392,45136,14032,15179,55468,70183,01146,88490,50271,51310,27553,78505,79078,27512,68270,97125,41255,62637,11231,76598,73073,02114,56148,70445,09190,22218,05106,21422,32291,18048,47016,55250,68186,24045,24083,39295,60005,07279,71157,35153,35339,23222,58255,60576,57715,68305,68146,36048,73101,19136,29214,41016,60655,88178,95585,35318,24521,70477,43260,24191,19046,95456,36021,52145,51075,73166,08381,03279,19137,15264,17136,32430,07236,54109,43205,35332,53075,02105,27260,59571,17042,54559,61480,51501,26374,70560,58012,27381,11005,21394,46311,59029,07071,52407,51235,07004,08159,26077,10242,91244,39074,67334,79231,90091,16016,17257,48167,41262,80152,43168,53038,57229,02795,43106,33532,45114,68128,02826,18012,81089,14309,55350,51621,52350,52420,62798,12031,62636,07012,57031,95203,95308,88281,07113,17452,11033,51558,01162,22163,62229,71170,86042,42217,85130,67221,83071,21376,51376,60486,89257,08179,89409,71251,88377,74114,05040,64262,49257,08053,91619,70470,46006,61067,35304,30018,51171,19067,19090,21116,01151,16385,34105,79242,50233,26283,50077,21462,31558,70075,08484,38304,66014,60032,81276,24218,89299,29284,89239,43131,44056,46314,33072,25364,19184,07023,66183,09274,57666,27439,57755,36003,33181,80516,46155,10048,55454,21498,64401,03207,25578,51090,26304,76596,67378,52297,71191,72344,33422,52260,85278,74291,80128,11383,50351,60195,11334,51570,89453,11055,32253,69192,60288,66149,04086,18244,36150,02115,80143,38181,45016,2A115,21031,22190,70318,18194,79336,35022,59646,16380,70307,53088,01354,25150,67426,82018,14425,09307,32187,35324,62424,81073,21643,18260,97213,80524,38026,50216,57591,39553,25098,39019,35087,18027,65042,25488,81220,54044,51300,57186,83026,47289,29270,16013,48058,58272,34069,10043,23055,29287,09315,54424,76429,31485,40319,48092,76217,63255,77009,31202,2B136,76160,42226,38475,76124,22205,42212,01431,11441,71233,91671,02140,77358,65239,76449,62117,57652,07007,88410,65018,07055,31275,27074,11273,76056,14569,33339,70217,63345,59375,62335,41166,45311,75108,76452,59439,23159,71426,19020,17387,70352,40025,14742,22122,57087,42171,37142,39252,24527,31580,60388,05035,88065,13032,21553,25569,76018,95409,67227,67299,60569,30263,39251,10266,17114,54447,29215,26239,02594,02505,14175,08242,10051,27158,47310,03202,64415,69264,54475,76154,57259,37068,88450,18232,25055,53052,55502,89050,67281,38193,70528,35084,17062,44131,60011,14430,17167,62605,50004,11077,58234,70418,42225,11197,31035,76692,80624,79010,59283,17045,45078,62858,51233,95510,21205,51517,22254,72121,02572,76417,65186,95059,32017,88210,62352,87140,34071,54360,42013,37217,87076,08403,64189,45261,08033,04073,29229,34107,36015,02772,59344,08395,51641,12254,16113,65171,83099,51034,17421,46283,83066,57109,64058,18187,25512,52174,80685,06100,60307,39402,48119,01349,34026,62164,54387,45346,15085,62414,95430,07286,56107,78382,60496,30147,40176,78003,35126,38559,37236,51031,37117,29190,30312,91191,14522,85199,21559,17333,80040,04152,62619,60198,75118,82128,01302,14283,74003,65436,16336,43133,70362,37148,55243,32104,21063,41204,36100,59048,61207,12073,14121,08069,55163,38268,64068,29301,88296,86062,09101,29001,81141,30039,07075,60498,42260,45137,33305,21680,91577,52529,50352,37018,21092,02816,64469,28415,91386,24143,92071,64506,65066,78305,06154,18179,22180,62095,45173,16187,70510,51287,87047,89276,02756,53026,82187,38002,89039,10212,08201,2B327,10248,11392,11058,54155,39363,59611,44044,80591,62898,58196,24197,66085,80680,61438,37172,02329,39499,11251,28315,21547,29251,40024,32284,95119,76247,07104,37141,79209,11277,51198,30244,15126,38004,67530,77055,28360,21016,22181,84132,24068,33359,42281,70043,40054,05177,52005,30347,66212,41294,66215,16083,57427,31423,09289,63058,17120,74175,02239,22162,12039,31374,65255,41247,28199,19013,22235,57406,23114,02249,67185,69080,77117,18207,55477,51626,67140,28041,62616,51440,39222,30030,58250,2B316,53197,30019,21604,21220,68091,08120,55320,05077,87042,64498,66057,24382,65180,82031,10361,38301,74174,57628,33453,69007,55426,30001,55166,60692,34223,80799,85282,10121,24385,34251,86167,67005,80051,54171,66145,10214,39424,41083,60500,76614,62708,81317,77233,14209,43164,38137,88060,76055,67383,41094,71318,87126,42298,32370,68166,67125,44072,36163,70483,36122,60183,46297,54194,89077,21139,83126,44079,43052,81015,12275,50106,46267,26157,26135,02009,54434,33010,31169,56116,47157,67505,51264,27319,85235,01063,14562,66208,13015,38522,73190,57517,01446,01437,74130,80058,18071,02059,10038,60016,15251,80190,62412,43211,79142,55039,14514,40075,68264,19147,01355,02782,45195,27304,91243,62310,57500,25035,59063,22061,34146,38357,81116,93033,70500,16248,31446,09167,31568,18014,55160,13058,51488,79023,24272,73184,02420,58187,50549,49129,59648,62189,72215,57548,36114,62863,92019,59233,22321,24533,03152,36241,52162,04115,68145,69284,76157,84087,57671,80009,55038,89465,57067,54213,68155,47324,09257,70351,80693,69055,19019,89162,89230,64523,06058,65095,21302,71564,73247,76660,16245,21602,50022,58002,88306,64526,54123,95394,09338,76235,34106,65310,89195,82176,63221,57424,40152,24571,02381,71247,74134,72150,49038,88138,21584,85028,29252,71588,57402,60004,03044,31524,33186,26197,89326,64213,02102,30022,50487,21605,59083,62609,35185,88073,44098,45296,57266,17396,14301,39013,27111,37095,33248,70059,77508,57016,95023,49045,17037,57232,38038,22115,40316,24537,17091,32152,07060,89233,63448,25586,05149,61408,88435,47197,29027,14308,40262,89156,51069,72295,59570,82098,09068,54520,02282,35150,30196,11062,57215,03198,24023,02831,52499,89149,71325,44088,78655,73327,74135,33320,79215,2B057,71223,70509,27022,59054,10410,67089,34301,62597,28012,30201,02729,73047,76272,27238,17101,38364,33474,59617,72306,88107,50064,31320,26358,61494,71577,60088,55361,08048,17131,65359,74212,31286,01360,32331,71556,86186,55447,14411,16345,86187,40198,18156,83081,67117,51166,24308,17397,55473,28180,77209,31250,24451,82002,15211,23052,67314,88461,56073,07183,62064,40087,33212,21360,38536,29210,33281,31312,31581,50395,77275,71121,64089,55313,56081,42132,02372,02613,80367,09202,91378,22300,63137,71242,02769,10084,38398,01245,03035,77164,77470,01166,77522,88236,32263,04149,24362,05131,67312,25327,69074,11145,51619,01087,80319,21023,57210,65163,01029,24411,25032,07200,88184,29185,67277,31358,52444,51208,23048,55467,36089,50283,38255,26253,39201,70106,50291,64470,61373,53119,06033,53216,21191,50085,18083,61309,09253,80181,37007,42265,54175,01230,24490,50294,21233,93010,77436,35125,2A209,49364,31572,73314,54052,33255,59039,30109,63286,38517,11059,79080,03041,60175,72119,04170,86108,50357,02066,17291,54258,17459,50135,55391,62266,87176,11280,83141,19238,69295,39356,14287,85065,64231,38316,19219,27185,52218,71530,60094,24319,49301,55376,60548,84142,89169,40190,55057,46299,19163,58260,54575,57571,01002,76115,02459,50604,22165,74014,28197,76606,37121,30038,28206,19182,51183,89104,34014,38256,74206,42100,09176,24025,65364,39101,23097,39165,79131,45019,67446,48132,61008,93071,27053,52355,57477,60394,17124,84105,70214,76206,69023,28049,64003,41018,76331,30290,10357,70080,43096,46038,21235,49127,23049,22201,62384,57621,54013,23029,83113,68154,63014,81139,87030,28119,74042,2A312,71254,14733,95535,07034,28022,02738,2A330,22223,37258,25354,34165,38538,31017,76334,01420,03218,80815,57495,25394,02830,21593,54210,80150,38450,09153,81094,29233,80296,63087,36052,38351,45109,67539,02672,01375,60591,08162,22318,05037,01304,33162,06108,14022,07275,28377,88500,68267,48198,80291,62377,25154,09183,47071,46094,42049,76481,12307,14731,45290,43080,09200,81136,07158,70093,19202,64489,30279,63100,67119,68197,71320,74080,89198,55145,38473,09224,60553,69170,21420,34252,73200,54008,88170,56156,35047,31070,31194,87080,02638,85128,47176,50572,70486,47291,63046,80327,30339,81303,64254,38280,17246,31077,84003,45068,43074,46028,19175,41086,54588,24055,38086,87009,63033,72166,43247,71082,21102,52110,22338,47282,59395,87075,71354,33375,65067,27348,19124,80536,21439,18256,74192,14711,16284,60362,19232,42070,70566,03258,70385,22016,44081,86145,07110,77350,01100,62873,78561,57281,59208,35346,70409,24557,89437,52548,31536,41256,03315,34248,74256,55162,77029,42232,78092,46135,10124,45141,57564,72032,34264,07287,07225,67473,08229,71093,24312,26176,71095,64412,65169,16136,59325,24248,55411,39021,27232,52308,18026,32099,59055,29235,71154,52266,82170,45251,35244,91568,80297,71491,27331,29130,26150,66051,08392,80192,48028,61307,11114,77220,11217,09280,55437,08405,03018,16405,10305,51201,10085,74252,51251,47215,91482,25075,54265,12201,01333,80041,47042,59052,24108,34067,88532,82185,81062,63366,11016,44092,61398,10019,88080,10323,39558,14714,32072,65250,55114,59550,24199,19087,87133,72037,10434,05128,04097,65424,55584,84095,48147,72314,73226,90021,43167,28156,77309,01313,44140,47114,68041,47142,16395,02383,38338,42074,56014,81093,80717,57734,64491,07022,38264,76325,08178,32332,54152,41144,37046,88212,07203,34212,2B135,02259,54051,14066,14053,81013,25042,46196,39531,85218,47284,51647,79301,14107,49224,72164,2B265,83013,46181,37044,11176,70568,02435,97408,46206,12216,62397,63096,86039,88304,24515,37054,62395,57421,67460,95607,78415,89155,40332,40281,61183,62717,76424,34229,48017,73055,88380,71437,11049,32255,63428,14288,24480,26131,57020,71309,45139,33225,03058,64364,50120,36034,60691,44212,30128,78384,62716,27384,69127,58247,60187,47025,13085,21656,78528,24281,80836,84066,76192,76149,62758,77481,88071,31229,37268,80314,22354,63040,24242,55118,62214,81106,58059,49035,77211,27183,51314,55306,18090,59312,17143,61399,58190,14249,55579,12143,54161,16161,53162,78672,37218,40051,11278,88078,40202,88313,50098,39127,84060,21630,31507,90027,06022,64172,76184,27613,84082,17461,46290,60494,50597,57607,45175,21673,53028,50338,10071,06127,70121,40002,05173,57321,31263,70229,51362,76565,02356,23071,54112,26130,79265,42197,55198,71227,03116,76439,93032,83098,73288,21365,59148,24290,83142,51556,76041,71498,19042,14202,25083,37139,80093,80613,18174,18040,11430,16315,44150,30346,72213,10132,95024,38116,31240,89216,89129,54451,16420,54133,02058,39128,28129,95529,80301,76520,32020,42314,40294,53221,52011,28019,77145,77215,72059,71032,60639,01109,57303,39419,76684,55375,57240,17412,60292,30356,52372,76020,78190,87195,23007,59014,10369,81195,64215,07222,39585,70125,32111,65102,24377,61006,21458,31045,62134,65475,29170,19001,51458,54476,22137,57682,59415,91232,80087,26026,25518,59352,55185,64092,14680,10365,48056,30112,67344,49063,86124,18034,86206,76374,55060,32454,60637,63440,21054,50045,62362,37206,70117,90079,72268,44045,35094,27667,15252,80021,82091,33116,54386,28192,03024,51412,61043,58225,58185,81302,31004,16198,89402,62588,33521,28095,51102,07241,58259,57167,31168,97313,83076,54385,35179,42248,05025,95211,68163,22053,36083,77329,17325,37106,16137,57575,54426,73214,50237,38129,54259,45108,21086,09087,12217,24476,43245,26024,10390,40215,59146,73233,36032,65124,65474,11304,81158,73088,47083,31424,05018,18209,46179,15231,47172,64365,17483,64406,23224,40165,43158,44101,26069,62593,89418,34077,04242,11423,88155,76252,77314,18075,44100,56262,15139,62198,52526,82041,31330,32417,47078,46250,76096,53142,54336,18135,31564,57336,01125,38483,01224,46286,59371,21388,09005,33477,15204,66213,73281,21603,63185,21196,38058,38203,44036,09074,70381,47072,97209,42180,41068,57339,58204,04184,31511,88375,57154,31553,38405,46174,53017,50092,56184,61381,76675,11352,61333,81111,27608,18220,33045,11084,55010,25421,31354,80071,09265,63426,64381,50403,01303,15091,39291,60409,03142,61091,31274,32348,29254,32351,55212,58256,27370,86209,46303,56166,30174,09011,59247,81325,07160,69172,42030,68123,62623,25574,01116,40146,18185,71008,91405,28312,67273,71311,10091,25566,14055,02476,31039,47169,19117,76538,57534,39533,09091,11224,55059,56024,25195,39200,77393,02796,23171,27414,80090,77126,24510,57418,02625,14246,54215,70017,10107,49109,11052,60279,25100,61167,44091,57473,28396,14310,31314,47108,27535,32283,31218,11164,52156,81204,14195,70118,16100,02185,13037,41221,63053,09272,57530,49076,51348,41012,60352,07247,56015,58114,88453,33219,87079,68156,17146,17160,64222,94038,54594,59635,87123,70441,65101,28233,02165,89222,76384,29272,62472,17405,63279,82169,90029,59609,80081,63277,51407,60330,35131,57206,25632,22071,30253,70174,36230,64135,70472,04076,79346,43025,80629,80691,23199,63402,85222,74057,55125,09063,33033,19089,70181,76242,54266,21001,85094,95651,64536,57268,71589,04148,82159,73081,52272,13009,17442,02544,35210,26011,59105,59423,15069,74222,65386,55475,37126,44078,01190,21163,52265,70443,31046,10358,64177,41175,78196,37170,86153,53168,79269,33018,74086,22365,2A092,29188,46029,59075,25105,74209,81056,40101,62584,46091,01388,46138,17234,48003,24155,43036,56027,52463,89188,37229,84119,14398,10183,78643,12119,22116,45112,08394,39552,62465,14639,37034,62710,60699,17271,34339,80648,91095,21380,33114,07283,62235,48170,30100,87006,81128,14458,80788,54119,60418,57562,51312,69137,36116,52518,05154,25621,85009,24077,70491,64352,88239,50030,08100,09336,64481,77531,59082,97124,39160,51569,49018,54158,88256,22213,61137,21053,42317,77228,88335,80107,28079,81234,39313,14172,62029,25375,25625,62660,71088,89172,73151,71383,82115,55293,64454,45024,51652,51072,51618,10430,17007,02789,62742,47156,57496,59229,67494,66004,41148,67164,21013,09192,69214,19190,71190,59533,64375,81193,57038,10416,88292,17216,62628,43090,77444,71447,07029,84038,86287,85207,32024,74151,82075,39296,21236,71460,73103,25339,11407,29080,08204,42058,70332,28060,11039,17198,60095,47307,18241,12032,14396,16293,55489,86291,88105,10377,40269,73064,37249,70498,51323,88483,82070,74063,2A139,55290,36118,60305,32365,59130,26144,79112,70142,19054,54053,25245,59100,49247,52190,81115,57434,62403,80462,24459,78189,95678,60192,44018,60412,89442,14456,24576,50542,28082,37157,57274,89027,67362,52294,61129,62207,97407,42288,65454,63463,87180,07133,50040,24464,63298,59368,26293,42189,08209,84130,18250,15196,10039,60497,02829,65145,56068,82142,11344,19031,33021,54168,36006,57355,59256,12290,2B023,22055,63056,36152,62036,57447,39475,37274,58312,59081,09164,33184,56144,62060,34255,61393,01452,77045,89342,34273,41200,16028,45032,57451,2B145,19237,19062,10086,32458,42093,65353,57015,51145,11109,26088,95252,54585,76282,61426,57299,16358,86163,76128,47123,53220,42149,62612,22070,39359,23076,27410,2A262,68058,41289,59069,51083,48081,17027,38489,37244,25002,65305,08326,65330,87023,31003,51195,12127,27385,54332,17134,12109,32236,02774,65464,17204,33280,28348,76705,44038,09029,05127,50234,47231,10423,21677,97118,32135,33483,08028,22160,12299,46234,76095,26306,32407,15117,30181,36167,59094,62361,09182,60506,60628,37263,51147,12236,59525,64252,12130,09061,02776,19233,22025,57312,49294,59200,71503,63094,19038,40266,88136,89038,24570,55353,24184,24135,32046,81102,72385,10083,12084,33025,42224,13110,62337,92073,88467,58049,87124,27190,62232,58034,92075,52233,17084,62367,35227,68175,38372,27229,02395,77315,18133,02683,77036,21454,72335,25373,59280,55148,88503,12085,46182,68008,35007,39228,61032,33140,50410,44006,29073,14412,21691,47228,63384,64013,55540,79298,83043,37028,85251,65093,16200,2A268,31499,89111,62259,81233,71454,78609,21152,88432,08464,38061,14406,80252,25493,81085,34287,39214,33009,35241,76671,34129,54157,56078,42326,03192,88139,76394,57042,25478,2B353,29247,18097,63304,62536,11182,74263,60399,85059,32218,59349,51489,47315,30292,62238,60049,38194,52413,45151,30069,70228,38139,48182,12046,62169,60347,25070,18251,21291,60450,64511,71330,62470,58023,37265,42140,63317,88327,32034,81249,73067,55537,84056,55202,57344,52342,65183,30032,54146,95127,02718,69133,89143,34132,74229,49299,88146,31404,21051,30091,39404,30075,70199,38384,27227,35359,47031,81206,69279,68302,36041,03073,2B067,87107,14215,07303,62725,07042,50394,84019,23072,21511,68028,62387,55279,60015,33205,22034,47067,31199,38102,02307,13019,04093,04058,32077,21532,14120,55565,39375,04178,65446,35051,47049,28220,61462,89144,55186,09189,27057,48141,80548,27446,01128,32373,22187,62783,17261,07006,68116,74087,30074,77182,14342,74220,57249,67222,62251,11128,07235,50081,57318,35221,28298,28317,61195,44218,68170,11390,76421,74240,14385,39465,50475,77140,32222,89152,30020,83131,64411,46214,70282,45239,64225,81007,07097,59122,14242,94011,88472,81049,22098,15266,28301,33023,07327,65289,65252,18243,12106,28278,27497,10005,51456,64158,21010,64512,86095,64250,59448,56062,32060,38006,23117,76372,27126,2A017,18110,62211,84012,71477,51138,09125,60313,66078,51216,64308,29136,23070,64230,47070,50311,84084,33028,48064,69263,38334,43118,22203,91201,56222,12092,31522,14578,18171,08406,76193,13083,07098,61412,49107,35037,45153,62047,62197,49028,23092,56178,62293,50436,80705,01032,50408,01347,03271,67241,72383,59108,62765,60039,29151,13029,45191,88353,86005,76218,05121,46292,02176,33239,83016,39532,30027,89139,59655,09105,71455,52302,56105,17020,41217,38075,37260,84072,89450,14407,48166,59536,24441,12138,21141,40127,23102,38321,51115,90025,22388,72254,77494,02294,59061,63365,76418,77285,33463,16218,18036,67293,78113,76040,74167,06044,02631,14344,37194,27556,57726,60420,28271,37133,77097,88010,62846,47287,65356,13214,58115,55317,50373,85306,17341,70126,11365,44157,42324,28212,70149,80802,11254,45018,08462,26270,77349,44199,62764,49170,40263,51437,02583,15148,57553,70478,01102,27234,86035,54122,31247,63299,17049,77065,81005,95306,59496,17200,66068,52213,88111,48161,79218,62348,19053,59392,12152,11358,10078,33111,43224,82126,54463,53226,80341,59564,54124,46281,15161,58014,54207,03004,08198,26323,06032,21120,42145,10247,33379,2A359,67516,05076,21349,14047,31397,85201,39556,52120,69217,38333,31246,71146,32320,26222,43076,11401,76549,80634,59445,70260,06002,43057,33078,18009,61141,55327,39346,26123,19118,54033,24095,54118,21413,16154,25043,07096,37038,18065,62774,76435,40130,39464,51280,57116,10412,88378,57051,67259,32010,22077,34043,91689,70245,50500,65427,89471,54263,65165,28290,60413,51003,64227,76646,62830,71550,80633,91174,62894,45111,03066,72104,72212,67528,76201,61501,88355,24375,77199,89250,80437,38377,11125,77317,87054,69057,60448,28369,25380,14519,51020,80046,05006,09238,71475,01350,52042,21106,32237,86010,08193,38230,61454,82118,33125,60163,86292,21635,76711,33054,84031,59488,25203,88115,11008,35178,31316,67061,36045,31150,17221,34017,27214,84070,25490,37162,54086,56224,33240,23196,55312,35078,52540,59066,10186,33204,60041,44012,81170,74195,25067,59306,30110,88056,38051,56220,65028,35161,38563,14230,80026,80162,88063,55431,80834,57709,33413,88121,23211,21445,59416,78646,12097,25141,31336,21140,61505,62186,76673,59580,80515,62680,38281,28390,53072,64396,24259,82029,29161,02168,85281,59172,54106,63065,07092,50238,68097,62756,24278,2B317,04204,54246,02415,02620,52497,65339,65298,71086,2A271,07116,61293,73300,64530,86218,69188,69242,37153,27153,60085,01052,66081,05144,2B341,03257,59262,62811,54323,10257,58307,01210,88426,66146,03140,62732,50079,19040,02693,09081,70002,25085,88284,60539,32410,18228,14643,16052,17289,03298,12012,85175,62133,33139,66062,53129,52437,50243,38017,53109,17079,61233,67020,34200,51616,22228,58209,21582,84044,55094,55217,59232,86016,61395,40066,19212,11415,89076,30131,10260,16234,33244,27336,12168,35060,60599,52257,40297,90028,61507,70138,80421,64008,50499,02804,80156,78238,77084,10384,38032,95554,82093,11089,64165,78638,45009,39581,19072,50505,60083,07009,38373,44064,16044,60213,35201,40030,16239,77373,06115,37084,62160,57301,51062,80293,62739,70107,78475,53260,34253,43246,07315,02016,80396,72141,24104,65300,74069,60003,57250,39022,42245,50568,2B053,77381,28139,2A348,60200,76222,55029,84043,01040,49269,12228,22104,26310,32166,82186,04090,27157,67269,31498,14409,17121,55476,07168,35285,95213,59388,27102,10382,01038,87194,34177,72183,80266,64131,86020,14676,57713,12129,81282,89439,26177,06126,64354,09044,67053,36222,79047,15229,44189,69216,76635,02024,66170,72094,51506,55533,32025,15107,88069,38167,09098,16174,37169,04179,68084,69064,32181,32032,18175,21059,77445,01246,84086,26168,34300,06147,2B205,15254,51623,61286,67311,51356,15048,80213,16348,36001,33070,61170,63389,18056,43226,59527,57658,31110,77212,74186,57389,53228,80829,28023,76209,10129,45044,04157,58021,27422,32384,91570,51032,71034,08040,57098,17138,35258,59593,43156,27066,72247,35243,07058,38393,03114,08117,60407,2B242,51423,24036,69218,14080,66058,17401,77347,21110,89053,64209,68068,84123,54228,39269,80054,62741,57171,64494,64114,67213,60622,41052,53063,97404,32341,69288,40060,82079,21495,12141,63029,10317,21482,80106,35077,78606,02155,14715,95256,21262,14260,58160,30262,82042,01133,56031,69028,57641,69278,01044,88098,56221,33344,12121,59476,21515,21006,32251,16085,45099,63300,26110,54050,50269,22068,27254,41280,27298,39559,41195,62068,24380,32414,62828,51048,62150,88439,01046,59484,77467,19193,04187,57377,63257,11326,16321,42219,06085,87157,55063,46246,53169,28117,76714,59092,01392,42129,26163,2B311,14191,62539,62418,16422,88507,63231,36109,70079,08318,24355,88317,27020,78460,02444,81112,77239,56176,02396,89176,79255,47087,86194,95446,51495,04039,62067,02807,21282,45327,33516,31273,18290,24410,28135,21078,12268,18079,06106,26225,59639,44118,08192,37029,50585,19110,61493,31255,71312,89415,05084,47277,09030,64017,50607,58175,71512,21474,54283,74150,72352,65205,77482,52103,02108,59421,62463,61268,54068,40278,68095,65177,48169,71156,63178,21005,79126,25224,77520,71516,13096,89376,71271,51627,95166,83087,57361,58192,87125,02559,35081,38478,2A089,03300,26066,17226,03094,05024,80491,80273,52116,59583,11255,28029,57412,64557,62586,39104,88382,88066,11311,2B248,89344,40331,76381,03043,62695,07177,11236,54590,77079,67091,74059,60373,55412,45184,47159,25234,02666,86085,70546,59186,24299,64051,12155,83053,08246,12181,80151,97109,54293,77107,67432,51153,22176,31053,41237,39321,69141,15199,66003,67098,55527,27373,2B213,94034,63453,24446,49214,02601,48123,71444,02684,65057,94081,69005,08137,82106,63101,39302,39162,33501,03295,45337,68165,22246,67554,62644,25247,21017,55409,24227,55442,60117,62255,76068,2B281,86109,05117,44052,70006,36155,25101,02702,39454,41284,60385,71428,59332,79059,68090,10140,31551,32265,52385,33034,47212,22129,02150,24158,31204,18007,77372,47199,66023,67379,16236,03317,70471,64543,85176,59259,11361,22065,54145,42238,23202,08287,46154,60306,48174,03139,24074,38529,34024,21184,30203,46289,63337,60051,24452,10072,08018,55492,16389,33508,87052,03309,65016,62051,25560,14732,25532,26368,79137,50426,60043,93014,03106,11093,65195,11320,54178,31519,08480,59473,39282,75056,08174,33374,12225,31277,02682,76734,64441,18147,53270,25089,16193,80621,72114,50066,86144,33550,80473,21149,88263,29265,60355,81109,22277,09027,61146,02164,85171,25525,09324,59184,36195,14040,21157,76550,30236,31236,66184,26167,22231,47098,21267,87105,95219,57133,50553,67099,57425,2B156,36190,11040,89296,11047,09251,82036,62237,80806,28347,31414,36247,67169,56232,47297,02370,15019,71486,60345,45171,31503,08263,07013,21289,31118,89025,33341,51552,17203,32063,46023,51214,57022,52300,72333,01010,55113,24206,42243,07334,60084,72367,14499,22214,85139,62761,78558,2B086,26101,88519,18235,68067,42330,52065,40191,60529,10414,43207,54169,31313,56080,64211,37237,55406,55012,57527,80070,60245,49026,67038,69027,34143,64310,60037,57211,22140,49216,94044,29296,80698,95331,70255,60698,27140,43042,82130,39310,25227,51311,42078,40231,68239,76603,13026,76610,73150,18263,59065,2B223,70170,45023,34180,60097,56003,02231,34217,46258,36013,71163,27568,50397,73276,89430,69241,70449,55153,67547,31203,31461,80230,47314,79125,25430,23152,19263,2B068,45162,70051,70457,60053,34302,21358,37259,39306,80183,62448,71004,80696,32122,68353,60543,50039,52395,33423,61079,54335,79141,81223,41078,88469,40239,80665,60436,41051,38114,07249,24404,18141,48194,97205,18023,17087,64079,72123,41238,72001,08343,37077,77478,70145,78590,36105,06134,30198,27393,62148,27228,38390,63320,64054,76367,18109,14297,46253,42254,38408,41095,79019,16224,83031,51658,12232,65409,38048,32269,23065,10275,29177,84029,67515,63369,14136,25599,27188,73034,70039,80343,46033,22092,53112,26307,36133,77278,27466,69009,51518,64346,71433,89030,57516,38245,81031,17250,01065,31525,04065,38130,67430,68250,39225,71182,57260,35261,68109,48106,36057,78291,34210,70101,36101,38067,36204,02708,70213,84103,57736,49222,31344,70334,08113,73250,14689,57082,80499,67285,27026,76170,72110,22245,12124,45202,55218,42136,27120,10205,60156,31515,42065,31165,88068,54057,77231,14602,15209,18122,24450,80379,71212,31190,14587,72090,58122,87152,88123,95288,34274,17066,28255,02819,03064,21442,55324,41049,54090,86293,10204,49102,27032,01147,61341,67172,22342,19133,18151,19055,73236,77484,08140,63306,26124,67166,70105,30218,81050,01269,33058,72025,50510,22198,80287,80060,26014,46122,08243,01418,02755,02297,85188,23016,40005,78172,02223,54331,09168,55338,22064,39166,16402,91549,05174,10299,12072,64486,91319,83034,67521,07296,10370,77230,80703,38497,29046,14240,60264,62195,52285,88049,2B124,2B080,51073,78310,58084,78381,77447,43256,24337,97611,80003,71019,74238,91600,92077,08021,01169,50086,39476,54490,80052,08446,55184,14576,59090,47004,76516,25228,35251,64140,03223,66115,71338,86131,80482,17187,54012,34002,63169,76103,37056,80681,25107,37064,08437,68009,26334,64040,53131,23074,71573,41234,41220,58282,29030,46022,47196,46200,18219,58295,67308,69235,60470,03113,19252,42333,97222,62908,81130,63181,14305,45241,25521,39194,49228,48090,67054,31011,67455,29159,64467,51050,50590,11216,33484,69227,60002,65372,04113,30079,42081,65151,43047,88456,65193,62853,62801,85024,41043,76264,56246,65166,01139,62079,80167,80030,08271,77514,60555,62066,40265,57545,49262,50090,56239,22108,38519,62585,66112,94019,22006,58305,38354,51099,07251,64343,30215,24372,16339,34135,84127,68351,86270,87132,12272,72167,12185,51384,67187,60141,22232,74237,64324,09231,04188,50290,72321,31287,73249,27215,70203,18042,23040,24529,02470,51167,61133,71201,47173,78350,59659,28033,31349,07107,65414,71393,31033,45074,70361,05103,21518,63321,11181,30265,36110,57340,33479,59658,51217,60335,19002,24037,24238,02670,26186,70091,34288,07266,19088,59443,28354,59591,76708,50601,70536,68212,32005,73192,40327,02467,16191,51168,45338,80587,62639,14145,19194,04177,71349,49231,67441,63039,09001,74287,70389,27168,77379,51068,36018,56115,17142,26090,79176,39197,51439,64071,74144,61158,38511,39333,86201,17376,24566,22341,63363,62806,07027,70412,32334,64540,34233,15249,84140,54180,69019,51169,21607,21290,58157,73155,70325,80031,70094,21571,08208,45275,47192,22169,16357,10269,79213,03015,88109,25486,12151,48021,08368,70451,12259,52546,89037,27659,27212,57054,57596,25199,67465,27156,67030,97229,89175,84089,15106,08327,61483,46162,88116,30139,83108,68051,62534,80511,69255,27148,77208,71194,11199,52436,04036,70287,42125,81312,67373,70468,16143,27502,24305,67127,49176,74236,91198,81046,27567,62666,64159,09198,47127,91347,58141,17433,33315,02224,10232,37036,13076,39020,13082,04085,25550,23100,57745,02042,09334,42305,18168,50137,68244,29071,07181,72077,57549,55425,58055,76657,70432,70297,07255,08301,60377,90033,39244,62030,88196,72196,23107,76388,79297,65411,85137,84080,63222,77406,77277,06088,46252,27490,32461,62065,02793,38266,70289,81294,34191,23139,01115,97119,54290,59378,58195,45343,09174,36033,25324,03195,57013,55123,68112,86070,09147,02382,63088,68204,43023,14649,63243,51463,09022,02331,59587,68221,11063,40287,24253,22091,15016,59239,42130,45204,07344,54252,16041,01239,62261,05079,22001,35330,62163,45268,66174,52229,57613,84036,35156,65041,08125,32188,11417,72180,81142,97615,67163,27632,15224,02746,60571,62166,65327,85096,33273,55048,04072,24424,85244,62205,29147,97409,29221,14360,24262,33546,58170,28147,07215,57014,67006,80318,87043,74038,43058,46041,19070,18039,67550,29039,34124,21179,88036,35120,44176,70271,11340,26258,2B088,60271,64515,89003,60059,24378,30195,91064,71452,08141,79111,68289,66138,21626,85006,59073,21473,67391,92051,66122,26243,64224,87148,21401,61345,16287,27645,01445,44217,60228,80792,70323,62131,76723,15135,77411,48051,84041,32039,21693,60656,64157,52516,61287,34332,52356,30318,86121,68073,08386,56029,23056,34122,2B101,89080,49178,01273,32172,76730,11183,80311,23027,25605,62698,72083,37112,51445,59034,74271,39275,71189,07048,25268,16277,22019,26340,23212,29153,60090,77426,03109,58030,81182,57293,43029,79339,17222,31025,69117,45026,08165,10327,45169,62112,2B049,21676,27301,71384,37127,76368,64372,90056,52008,65159,65069,73186,27492,08248,01393,41010,03229,70030,89046,76479,14592,42300,52251,33369,74099,69197,11327,25084,11301,24284,11264,17306,77386,67338,86276,25056,12050,02449,50356,05096,80429,32117,63386,62634,56254,72187,65229,59103,50455,43216,86127,17482,24229,73243,62646,55438,08037,95199,25280,16152,19229,48098,58262,01430,77371,58201,66197,02253,26108,68300,16102,73206,18067,58230,51344,17330,48087,27389,25433,86159,77473,60265,60670,02473,19146,66065,02471,73237,55005,09199,19191,42335,44074,37174,58016,17068,21121,57763,70037,24553,27083,51542,49237,38421,77311,77432,70415,02405,21142,60446,76156,36120,59230,06067,2B328,19289,76025,76594,48005,60022,76333,80020,08155,35180,27671,18153,02616,24420,54505,21260,68018,38314,21392,66028,12207,33358,63106,14200,35069,63460,76724,11070,27100,34037,64538,62886,11386,17410,08482,38191,35163,52492,51317,86112,53272,63160,55132,23209,48178,12237,21225,60210,51468,17035,36242,39308,64394,15088,33489,86174,68271,06105,50453,76407,39241,14675,39431,80413,71096,64263,22179,56147,70210,55345,11324,32376,78289,67232,26111,30054,33231,72129,21475,54288,57059,25538,27458,62552,43153,39068,68335,24174,77195,71322,60491,25233,07224,16392,07065,2B234,88142,39569,80069,95060,32069,17161,67345,07143,52431,51338,14563,66223,88089,31209,80390,32431,22131,57650,71152,88152,02378,27146,09270,54100,07166,49205,60669,63211,11208,52371,60545,82122,40056,80667,39567,52253,61346,17329,82016,11275,85097,28379,03037,09340,53273,2A272,59149,49057,66176,89417,64129,28286,07010,14595,44087,16231,57474,07172,32088,04110,63407,84054,16185,60364,47200,13215,80670,39096,45084,63280,24507,80375,34265,43258,50117,09250,38060,45037,60664,60073,74253,77337,82082,48013,79162,11353,38212,83116,76599,21333,03233,55129,54415,85157,22047,14492,27313,31138,62165,54097,2B161,50481,62602,47183,15002,17254,88166,22046,67095,70055,10225,66061,14205,02339,87029,46231,68364,11218,42183,73202,46244,53136,40289,71081,35106,16360,76274,76416,28387,67497,29040,59313,09267,01015,85109,31256,67436,11333,69109,38156,80464,51268,85200,03134,69045,45100,08070,17205,80347,57486,65422,76262,10172,95177,02218,81316,30183,59346,67544,45093,22044,14700,15020,39029,62558,14159,64247,76700,05163,25156,13038,60343,55001,37271,55368,69283,67492,55553,33342,60623,21131,2A091,64395,21393,78567,71315,10122,27437,58052,21172,63411,40211,39565,24511,59117,21699,60034,55506,74282,81055,27435,43173,33362,26333,09162,41042,62059,80617,27674,39456,11219,21563,59504,09211,86110,09170,77323,75104,86204,72291,77456,60572,71264,32065,03225,14077,26119,17023,30036,17095,41187,88014,53259,46083,11141,37196,23078,62688,11336,06129,55551,64421,54216,02315,43249,46130,34236,11286,80339,42275,78344,88425,25157,48157,30286,2B332,33425,01436,71380,89459,21015,70476,38368,79055,32223,30272,50055,79154,88185,74005,89431,13010,44210,17473,66134,74012,74313,15260,86279,76249,76269,11017,50349,62057,16184,52250,04063,32195,60244,77130,65326,21444,43108,01450,50514,71540,70004,67220,38474,61411,56132,29011,31253,08016,55397,82030,45054,27643,80716,15245,61339,42063,97311,70198,60063,10130,40309,09085,02586,91345,18072,2A279,71071,63201,25451,83127,53177,38041,50192,51247,79313,69201,83082,50422,72064,34259,55355,13093,33180,88167,62862,14436,25406,02023,88514,77475,77188,18186,97203,24151,57319,44032,16330,63015,57118,59406,91098,30072,74264,14086,31587,18271,31570,55177,71107,89091,57073,40250,37281,02212,27544,08349,67040,19064,77297,68188,70148,44083,51304,90037,77363,44068,58088,25387,45097,30305,83150,51186,54462,59044,81257,80337,85058,73213,10046,41152,18089,46078,03026,08149,12147,04209,38269,24114,67011,01240,65164,58133,60560,50540,35076,36170,02417,85163,08183,55383,81149,58213,65135,57040,17067,14063,63469,61451,88154,10157,39001,72133,54037,72022,70523,09320,19203,02422,12235,33133,51234,51363,45159,83008,05133,16014,76046,17016,33347,08335,06095,25477,10290,25151,45020,31585,2A326,55316,50108,53262,67142,89477,29106,06130,26347,59501,89485,76432,68057,07144,77336,55032,89217,56041,03010,61061,88026,60214,24584,17126,26161,17212,51417,59057,21118,68290,85108,77454,03050,27322,60237,2A071,47084,89371,70437,76091,38452,02268,02647,36029,07199,21627,88383,15111,33426,65368,14542,47037,55332,17469,2A018,19257,13113,57076,18074,76491,88460,78688,17365,57256,79163,30117,42051,41277,26084,59155,88039,37002,34030,97612,16233,76237,51316,72068,37270,24110,33145,41297,88446,62260,37080,21024,07341,14092,02276,19287,68193,70431,70440,27408,77269,36210,46059,80025,70140,67474,36063,32012,11156,62821,10340,43194,77326,39334,03097,29162,36142,27427,10289,31106,64047,02338,72178,05157,09311,14090,2A360,84145,64199,17436,11185,40196,61344,32064,71184,74088,14020,36160,59419,25290,73223,10171,45203,68291,68205,70115,08080,77400,04035,43263,62268,16128,21586,50292,31415,39370,07210,60660,74137,06157,61040,58273,21642,17278,51006,44190,18197,64550,67447,28215,58140,71339,62525,25159,61211,16111,10188,02443,77339,39031,19226,58112,65382,85026,59616,19160,29065,41281,76494,65377,25332,57574,88029,08353,68142,16243,26229,60516,35102,71266,24445,86130,49311,43234,43127,12297,25385,63468,88360,80275,03090,07025,17474,60468,58229,28116,85049,85221,60299,25439,34020,45245,27317,10061,62689,47050,10059,14303,14692,14610,2B096,38020,70215,19027,38205,76188,23128,12048,27191,51288,89270,74234,02136,31174,69006,61292,86198,22132,39519,52479,21669,76391,54536,76291,21231,02182,67153,62116,21701,32170,30136,03224,19061,62520,31040,41108,33462,46323,48074,77157,73005,71501,59628,46222,63102,39448,81267,45248,51278,10425,56230,02229,57672,95241,80182,26114,66113,80602,21435,80042,77511,57310,05048,08078,10356,68113,43120,70135,57706,33063,70336,60328,50174,81078,51629,07250,73271,26099,50188,02635,77241,76131,35218,63380,28275,53118,08319,63314,26042,78296,71371,76039,27678,44057,02138,2B177,02237,64088,14377,01152,33213,64522,73310,15032,62876,63241,57515,57125,06040,70124,22021,80110,32128,09115,41212,18254,28417,64496,91047,37203,12177,60579,94079,25110,16023,58280,61433,65214,62021,70114,64318,42008,88510,83030,43119,82063,42223,04043,45035,16093,69272,44089,34057,76185,26272,88326,56108,89408,27611,10420,91560,42179,62013,74097,95055,24322,72060,08103,27539,63354,77192,62303,55115,38115,86064,76710,60104,80068,57582,89286,76033,22004,41279,68096,02248,62109,63296,26037,14207,07336,77153,31031,85206,26046,18233,80585,44055,62760,65328,06118,56048,41053,61418,61099,71445,10315,12252,45301,49068,68313,67058,77194,46237,14724,32274,25286,71098,44033,64493,14037,31411,10009,29026,33268,42071,27082,62385,95170,59147,57683,32318,21672,38564,27372,80392,14709,07230,08438,42026,78158,38311,77081,54487,78440,25438,15215,14184,25115,57543,07041,27136,16409,64265,22326,34160,02489,46143,26050,62779,89099,31426,21438,24042,40249,39198,55070,67470,02438,30047,64269,04192,02404,62614,88527,53076,59548,59589,84021,80094,27329,07289,43231,69180,65367,19004,70529,46207,60166,27662,57217,68196,12209,57449,79139,54327,56247,64408,03312,41102,58101,16280,76406,32360,77340,62847,46232,07115,33146,86229,56196,33327,60652,87146,26214,89433,45161,64007,72205,31242,81232,21334,43178,60276,02641,08389,51577,29069,29006,31529,17074,17455,26369,24419,02573,54516,22011,02204,21038,58277,52536,79253,66069,38356,23174,76340,84011,38542,59615,59652,97306,65277,03297,08293,48059,79320,08393,53150,18160,68153,30166,31104,52377,45050,07140,80518,64256,39027,18080,27288,65323,21400,41241,81067,21550,11429,02786,54444,39582,02584,89123,16272,45059,46199,08222,19254,08123,03288,70090,94056,95210,35169,47144,11075,23195,02753,11076,31428,04019,72023,11120,88113,56091,23019,54003,02833,60400,40119,71159,89007,63066,30249,28106,62074,61413,63203,53021,86236,97361,01019,39038,94077,62845,11410,32359,17214,77025,14435,81291,15034,51530,88341,02133,59669,80250,62411,87155,26226,54337,11260,87117,31267,67279,70411,78616,31095,21460,45255,57304,43044,30120,60326,57148,89158,54479,62589,69042,01140,27090,08011,05090,54373,39167,62582,97234,62566,64232,26025,47271,26256,09092,57626,39047,91318,16138,57021,40295,74054,16298,52366,33115,24421,31531,55364,52170,89486,51399,18118,52490,72004,50628,31329,57181,22312,31399,76051,14498,48082,13119,79174,02575,32193,30223,24091,56259,91249,95369,87101,77125,76161,60375,05014,03120,2B229,89251,76595,60324,76464,54539,68209,60389,40108,37282,80338,64004,01449,01054,49030,29145,60231,53237,25120,25383,02483,38131,64473,06010,07121,97224,81219,25334,88487,83089,68081,43215,90052,30237,59493,05162,38243,65440,14038,67416,64130,54191,51650,33380,64042,49182,30009,64323,51422,39526,51225,04210,02007,55171,87039,25255,85237,03017,53107,08420,81318,38064,26171,29199,67136,59327,33237,78569,29172,89136,01381,13030,03151,18169,88328,19023,07216,48072,89420,67389,50185,70490,57642,38052,62896,54560,21065,10201,68071,30060,21452,80049,69265,30194,33055,71323,28234,59524,14454,13084,56152,65204,44051,21410,54368,74202,43175,02373,52002,87128,02222,22372,26072,65453,36175,89079,10190,01234,31032,09023,66011,55458,91286,55501,53266,34304,58310,38503,86281,05003,79031,80597,09246,07326,92020,12256,34094,59511,2A276,36019,95625,45247,87151,59642,03291,82109,27115,30188,45073,39268,49010,24257,76410,73171,17030,04234,39281,51112,21210,71586,57356,54093,63308,86096,11172,31379,02535,25265,91067,88009,65017,77073,62785,65216,67023,68179,73225,2B105,87019,11312,07109,59276,25431,21263,16365,47190,07261,80674,50302,11108,16244,70558,54353,71046,01075,38376,03159,34262,35312,57462,57239,51354,68293,10165,54163,40272,74075,77530,24080,67248,11435,19007,37214,07319,32156,78537,34118,25052,31023,07278,62543,23006,69119,02518,63061,08189,58264,13002,45265,78484,31015,21138,09237,34186,64327,38008,27196,24575,04129,09157,63263,89424,64064,64242,18113,10332,43130,58121,21169,38100,04135,28086,11179,82179,78366,32062,25432,33052,73065,21561,51039,23155,11098,10159,37242,62777,58284,33128,49266,42267,04133,54023,16124,79160,21713,70041,45080,77242,59084,17431,69037,16064,77115,68139,41105,65011,39343,24544,33172,62027,25311,27621,16302,29128,75106,60549,89373,13004,76587,82135,03307,79109,34215,41025,24266,63427,51426,70032,08380,36104,38415,25298,62600,57584,77291,37025,38403,40194,26335,01311,76476,62434,64012,40088,68161,10007,53141,78571,56067,36213,76144,31409,21683,52136,64022,44014,60651,69156,12284,74178,80714,44156,64420,63467,48089,62005,39156,76092,49048,50420,74158,02070,22390,61301,63057,51611,09160,57158,59119,50028,35018,88024,2B290,70444,12035,85074,29277,60451,35192,12077,32198,25391,63252,56203,70436,17337,30255,78321,70242,69189,02721,64446,09227,05142,57275,40253,2A129,37059,45070,66228,80783,01021,55464,15200,78410,05066,37204,62118,79114,29018,81084,51562,35160,44110,54211,44075,30206,66187,21319,69276,24300,38136,02547,85265,60337,06005,80089,18084,23108,21579,34164,27508,14221,27382,33499,59222,21113,81147,22121,01014,71070,39510,70218,88261,49053,62567,17113,23248,57485,14486,54208,60676,02496,65072,56028,54543,42086,03107,14402,83074,64460,64264,03306,27209,41151,14502,76551,02556,05029,76664,57524,86114,55009,60626,70016,81275,82158,71196,31318,38050,17373,29246,71134,63250,38189,86052,71033,72018,39318,71481,50341,46095,62627,33275,57063,01259,18163,62376,26061,34309,02526,71353,49272,55321,21173,62839,62462,19266,71277,33079,71215,60368,39540,52033,37022,46027,38109,57392,77446,23132,33039,16273,62390,58008,54376,83120,27404,53130,64544,95253,32178,46256,17139,39539,32247,55331,49345,64276,08415,68185,76067,57407,36234,07227,57507,72035,14161,57010,59633,71099,51469,46015,60233,57012,24329,69243,32428,77254,42229,83100,14182,53223,87084,31249,51642,39056,86262,45015,01006,76146,25630,60422,30264,35118,62157,06114,17162,53229,51516,36075,64208,16054,67319,42137,79349,02657,31237,72323,32059,65080,59157,52442,17299,55448,49193,73212,51116,64459,93070,83017,39050,39529,25456,80835,28164,85266,2B292,71042,42148,11178,08207,76580,76615,62444,08060,22378,81231,60062,67178,62300,51127,2A336,28217,10055,11372,68257,73258,69204,55310,31573,77217,31085,14126,64279,33121,2B134,59467,25174,88513,21570,07005,61015,54507,39352,05060,01345,91105,15212,23226,35354,57375,33099,08358,18104,10187,65215,40068,64461,63375,69026,88347,68304,02183,2B165,59268,14354,71513,39486,37151,50205,65269,15259,04130,14659,76279,64128,54524,81042,22157,84096,11431,10303,04041,58184,67276,32037,81307,51536,78346,70326,05172,37094,14256,54577,24341,84027,35235,88101,78443,89474,01098,07292,68065,81163,76636,71557,33173,37051,62274,62359,51213,58292,69016,10354,67322,52114,38204,73063,56228,21238,36061,14204,79049,54550,24428,76477,53048,38424,57084,45258,54160,03141,07162,70538,38031,02430,67254,30217,65153,13057,88135,40185,38148,09079,34198,01275,38440,25366,76685,54469,29166,27624,36196,24417,24061,10372,31370,86023,29198,12135,89253,85300,02673,11381,36134,39063,53155,32401,54570,25276,63072,04066,76013,47319,50099,17384,28325,40104,77513,56104,07323,14550,78104,88525,2B166,56227,89398,23014,72308,91685,80692,80723,45283,25239,17393,60416,71128,51648,64180,37232,11355,29095,46082,59424,55093,05102,44054,07126,76043,78143,55461,79115,39411,58028,32050,60344,27371,02116,43262,57567,68105,91659,84083,76572,62170,24352,2A011,03007,58304,07014,06143,04176,71317,55241,95641,53091,44207,21430,33194,25348,64447,37152,10443,52522,10199,43199,80023,45144,23005,42177,14637,36014,55301,02412,35032,26345,25619,11225,18199,53178,22261,69280,46321,71414,57112,60188,46201,21214,64235,2B335,83095,26116,24474,81105,46193,80718,67209,27332,77077,27418,60490,54066,11079,63259,26210,86221,67500,29122,62648,39407,25515,35123,24518,57183,80729,88394,33551,24562,83121,15202,89395,01366,09017,70163,88047,78020,86103,66052,27633,25238,57619,28168,65094,43143,60220,52398,08226,07084,31419,87165,43193,79302,57195,36086,39176,95183,16118,95459,59099,11377,31401,45336,02652,31189,43177,49271,91547,26223,61367,33030,25207,43125,76090,57371,37014,71358,60283,86119,32192,60185,27009,73117,08073,61308,95445,69067,56260,09188,62181,60406,41090,81021,31443,33027,77203,71397,31167,12025,24101,17416,81293,07047,51165,27495,63007,31584,68216,02590,36036,40311,76403,42006,59191,78497,84004,18078,39046,30142,24228,39246,39114,26067,57629,40064,25519,70257,59581,18094,86252,24189,76632,04102,40142,46312,46125,80512,25009,68152,14601,33363,31432,76508,65457,82145,54452,43017,35088,27259,80112,54546,31475,26074,25503,43114,01331,16400,07068,11163,54480,56004,14510,70308,25365,21406,05166,76083,33264,64334,54477,59266,42193,88286,78559,47017,17033,63367,37276,59193,44085,06121,79184,04158,05126,29244,40178,14677,23028,61376,11244,60140,57700,35271,47148,78192,81221,50105,34290,70194,30146,42104,91679,10202,31034,62225,45273,59345,42135,04047,30281,59231,31276,89060,62443,21588,70489,08166,08225,77063,02201,77135,71069,08409,07015,26318,28378,46313,87040,60057,16375,30240,26373,51507,15174,61234,50097,39084,80640,56198,45182,57070,88030,19095,67480,47209,65022,45280,03031,11424,26362,35055,81167,74215,70454,53110,04061,17346,24422,62590,51315,50161,64501,60149,68208,31395,62522,64170,82143,87159,79136,30026,67526,77288,33160,57180,90041,33429,28283,37275,62344,72010,81305,60533,16382,58065,33189,64464,02122,28411,08295,65096,76483,77113,52312,14762,33223,67370,05031,38166,44001,72359,85277,37004,02760,64284,27135,89100,60359,60462,88093,26209,10220,52337,91648,62176,50536,39472,71140,01155,78650,90098,21176,25273,70272,31135,54350,42037,52426,66013,25129,21145,42088,01370,08035,07342,47094,59254,50379,50126,01379,10062,72086,03127,67145,17053,49192,31303,63265,08362,03283,91525,62551,33179,50617,86148,34173,85132,51639,50588,59037,29081,32310,51224,90018,68111,67247,06158,85062,70021,03160,29191,97608,81096,12288,60438,55165,86045,53153,35117,50641,11041,68345,44166,97410,59577,51526,88478,22375,09256,88203,44201,14555,62090,22184,67493,77394,14061,77071,89407,02295,37030,05100,63020,65472,34272,51052,88025,97211,71108,09121,2B079,54248,95120,70405,62182,62656,12265,80479,2A288,08378,25208,89352,43202,58202,62608,08276,18016,24200,08410,54193,01238,63431,70435,50613,76455,97603,50027,78138,29056,92002,79191,10408,2A100,70548,36091,62041,62415,56163,46124,76109,62491,64090,32021,57436,77284,03200,57414,32214,24128,65420,26275,27629,10345,34075,34174,27194,10193,15055,77384,68087,16307,27358,21249,77416,03201,91226,53245,2A196,21382,21493,44200,40161,21190,81054,56013,02711,62140,33201,64122,80204,31148,10110,28034,38547,54184,12169,38056,91434,67535,68228,81192,71296,90044,30029,10064,68132,42319,72139,26189,47088,27054,2B286,21622,65064,31304,19221,80590,67043,49082,76536,32389,34061,11126,86058,34113,60547,11157,55237,31185,14320,32242,86136,78398,12233,36224,25590,41209,71483,57611,67012,49218,24121,30345,11374,08245,31243,28341,27173,32388,45152,55370,27489,54381,61404,65032,61012,22134,33020,81152,68227,31012,76382,59131,2B180,23004,42034,02775,67124,27561,46247,62702,73092,57288,54021,57103,33191,94068,46139,31054,88023,53157,77380,02040,88162,43077,54535,33437,14446,80746,70278,59483,26315,69207,43039,39230,39523,33126,57538,54272,82080,70549,27411,77398,39284,02614,60372,77114,70357,34243,57552,73147,57443,79311,36077,47202,55429,21241,42021,21055,23050,35167,31175,57665,89219,76507,54578,28324,77251,86245,38219,38402,13105,76121,60509,69104,76562,52007,76626,51361,80544,59393,33187,76002,79164,57757,10362,86214,82108,05099,73242,85172,33048,07067,21237,85120,44149,54278,64296,21425,70371,43069,80502,86207,18145,2A027,24304,91552,60586,30204,45056,14023,26185,78615,88307,38248,32287,32227,07220,54592,25629,42151,52017,56258,37049,21506,25153,62861,89061,64186,33335,24224,43204,59520,2B030,21311,53066,59370,88043,87113,32121,76163,87096,57492,06001,39477,28398,17458,31233,29087,95304,80185,67361,21245,27290,77320,28053,40154,63123,70269,33257,62837,33226,63381,43159,81027,54340,46178,58303,25526,17331,70580,67152,69275,88250,70501,57100,41218,28195,35333,09108,44222,83140,13207,02266,03157,24367,40197,72134,2B252,03054,56134,32383,64045,71123,46226,89384,50353,51617,71547,29003,79076,68266,45177,59391,40123,41211,38418,83051,03211,02783,16189,59630,25447,50172,64483,92014,14529,55018,08145,38185,02334,54439,60474,64120,38153,63261,67250,36188,59451,40245,59464,71193,55421,50279,64478,88438,55282,51139,60135,62803,01211,21159,39133,76492,62703,61372,60013,17275,48192,62641,49217,16056,62554,01050,66154,62800,61024,13092,21497,57110,35187,64533,39093,65350,16258,74180,67037,52547,17422,57386,64077,37191,08089,10189,49163,86217,42266,02661,95287,14338,87094,48046,32120,45279,01328,68249,60105,70012,37041,25455,91069,52159,56216,01105,38352,10319,26231,74122,86007,34306,59127,47244,70306,34242,65366,37241,77396,80776,59003,02388,88418,65362,76346,90071,76509,59600,31462,55047,58252,76484,02096,05167,27388,27686,87017,17339,23236,88275,14211,77500,65439,52131,02699,61087,37048,71017,82077,10014,71473,25008,76045,45188,80096,42079,54279,15178,60426,89265,62026,2B097,10254,34059,08217,63405,70396,63136,93074,67090,59431,69381,66159,14299,36064,95392,21409,30169,60566,28308,57055,80008,37065,49086,23009,07263,69068,36081,72273,12202,37277,55401,07089,15043,67079,33003,34108,32326,30150,35175,31408,39077,76719,11309,21617,34204,75120,62265,02785,60410,25539,43012,60031,60510,02588,88106,65308,72188,71150,02510,54070,53012,52075,55508,70524,17277,10045,68243,03155,38282,36129,27618,64371,85269,05171,88448,65314,72073,66136,11234,33098,54430,61108,71478,54245,79295,30005,28329,80366,18246,77286,32248,26039,67538,64204,10341,83063,60222,77119,80425,19123,27207,38481,27429,22037,15206,48165,65033,12148,76130,67384,44047,34341,50230,41045,25221,10353,52386,38037,65005,09165,71195,73284,77316,44108,71343,58300,25026,57397,56171,26204,72130,19145,65358,71031,88278,80157,37238,71496,68362,76544,33182,01082,62517,80180,17025,06019,50263,78057,51210,62105,21596,60120,10350,54074,42025,21674,17386,34269,71173,01260,88168,70341,80737,78391,32307,71314,49055,13091,87141,02258,22229,59602,30052,64462,95584,50178,17413,84088,68256,62155,66218,27541,41126,12226,17236,72020,24405,32426,2A066,61041,22239,39434,37085,42127,80109,29124,74050,07309,01344,54425,10432,67017,53139,01225,59046,82120,10226,89022,02280,60675,46072,14533,66101,31398,64392,15180,06090,16034,31548,39263,32378,94076,45102,17122,54561,66060,71206,04214,27592,70047,14220,29211,35273,01403,31327,2B193,19241,21100,09277,58177,33218,07330,04151,38566,50371,57129,63404,88096,46301,21678,77280,46151,58281,73278,85254,75116,69072,71400,77429,31517,2B171,48070,80066,23026,68120,42162,36205,65393,16007,10286,62270,83130,12068,09327,38423,51019,02701,2B287,25323,08461,63267,12211,72173,62673,03095,33434,71112,57350,72380,32340,72256,24288,34018,65121,73027,27108,08146,08052,25322,10396,17274,27282,19215,2B175,28294,17038,47283,88470,60261,27379,10373,21471,64150,72309,87035,56079,10321,09026,17165,71068,76386,01084,62275,25617,86066,26023,32322,70305,33252,19060,60339,70196,80264,51094,65075,54274,94046,71038,36243,80820,24195,64039,64091,76529,49121,01384,68361,47225,94002,09341,38362,21201,88352,63202,71210,97217,88340,31081,07343,54062,04023,18062,62535,14494,81017,08412,01061,73139,70321,31340,27376,67300,31037,60076,21574,21481,57454,28355,40084,45254,38496,46064,62113,08284,31259,19149,21526,08312,95370,50159,30165,64106,51503,62685,51263,59582,66158,11307,17071,37245,27123,11426,42310,93063,41171,41161,37255,27341,51364,50006,12053,33141,14457,11379,83097,54547,27438,65444,79100,91200,77328,04186,86075,51476,89374,02743,10041,83137,55453,70042,32380,59414,60036,70420,47217,68017,63347,68218,35148,39338,02191,02820,03266,89262,16387,60542,15132,34299,58309,53116,32244,2A203,57221,65270,76136,57182,24059,65292,62456,89264,36038,50262,85010,33236,54411,30274,24397,07130,62547,88048,41124,22334,43128,25350,36237,31153,32436,24237,47102,02445,10113,62750,80750,53043,81215,17026,79003,40008,88403,73068,45231,80261,14044,41069,51365,40095,89467,09242,76219,13108,67555,88147,25246,70109,49090,21129,27665,31103,54334,31476,26364,17110,31552,27010,46070,45001,60658,78501,08413,50621,14165,12253,59304,72074,84091,62781,16401,67118,76523,02703,49331,16170,52070,43180,38046,12243,39277,33490,44115,33156,76360,35190,85202,57742,40131,17195,47014,14661,59203,50221,34136,2A345,33256,17052,55015,17232,64009,76666,41181,76226,53236,65390,02126,77056,88485,25270,63438,41003,61257,37125,60074,35361,42022,02214,12276,18193,30311,86298,41278,25445,61105,17471,59450,33157,59165,56158,12197,57337,47111,38225,27001,23172,71262,06027,69125,50468,02011,23110,47240,78640,42182,14089,32096,51571,54220,31113,87161,51308,02724,31208,12002,85087,86180,73123,61342,61485,25074,30315,35265,68080,65077,42141,60132,76653,27327,82021,28336,02617,41145,25589,38267,43200,61159,06162,35130,80265,76143,80565,67217,63170,76085,33415,54473,27564,12136,14593,64457,65392,24541,58269,39364,27390,25579,26322,14162,80828,54296,33391,82121,67122,59091,40204,31308,24100,64376,24106,28070,38076,70274,31066,45282,22031,28257,52137,80188,47080,27342,88229,31080,57727,79074,88480,50088,62080,34125,77083,76178,11117,27043,13049,23106,42067,45312,31444,51504,12238,78163,21428,14045,41087,32379,01016,24409,29275,10259,04195,30259,80073,48038,70144,43139,80526,50360,02326,07163,61156,33440,79116,37019,67033,02513,80235,52193,54017,54429,47130,57457,87091,54456,57056,89263,89386,60129,25482,74006,67256,08237,50276,63189,63307,51177,83056,42066,09060,90059,55428,32346,59477,77483,29104,89338,30167,60645,62460,39182,58090,61443,51190,16206,65059,76413,57247,85054,50362,26295,50095,78520,12144,51130,45031,63470,41296,46050,77032,61069,08074,79258,53199,45116,87021,89284,59598,90035,2B010,52422,49355,84077,08307,40177,30067,13024,89311,27275,60517,06023,10251,10002,38173,68037,32174,15191,38049,72239,15258,64261,11343,58020,50584,33331,58068,15182,21523,29300,28316,85161,49201,03285,01400,70492,38558,38413,21381,55586,31360,31280,82105,33438,74123,67499,27476,10249,51030,89363,51283,68138,17089,76021,50327,86296,25001,88379,47009,78481,76397,54509,31317,47041,39220,09235,30261,14286,77002,51175,42306,14312,27386,55325,02649,86008,89419,52133,27650,40218,83101,18013,58306,83035,55228,40158,69194,01141,56185,54277,63025,51546,36042,29078,68278,39485,70373,85119,35295,70563,67180,69046,60174,30257,79354,52363,78367,12047,44109,30221,89244,78464,42047,24246,45030,69164,21695,92022,71485,27141,41250,82110,08268,10239,62905,01067,74073,39399,80402,64205,24274,74257,27248,23060,54310,73328,51185,08088,25557,86009,88267,70160,08478,40188,84001,44013,36159,50431,10003,62033,39377,88158,41101,40290,77086,48108,11054,12006,17427,51128,78118,63143,57134,60697,50317,62857,16060,64198,62276,57357,38260,66071,22118,38120,24323,74254,50102,40273,59559,60643,22345,14333,66164,09342,84007,29010,61162,39314,67084,18019,59531,21123,2B188,69256,41116,72320,02714,34238,76022,24328,11024,84069,11232,80593,83125,38135,03045,33367,28366,42147,58147,22226,61089,74193,97616,17028,52118,84047,32411,59255,24549,14445,41143,54006,68366,29226,77342,34151,71408,61107,51643,51584,17426,55573,49140,40159,32457,71043,02629,62825,88164,21018,60489,40092,17406,01159,03051,91294,47093,37047,02312,62510,62887,17060,54284,15050,80231,57107,11113,54333,54399,71269,16363,07050,04069,04106,2B244,44037,32453,66092,52231,27124,80086,52066,71279,33080,39504,76106,32343,79268,91099,54369,57391,54400,67253,03293,25390,65257,77307,12262,45229,80758,51321,34072,03158,10250,73315,14365,82178,03182,84081,55269,87085,52487,11188,71336,42016,37207,55292,32103,27005,57214,45125,31341,40027,30114,02017,63069,40225,55571,64456,21531,43195,23216,29031,42338,79167,53121,58274,63140,25614,88471,80825,34239,57144,61203,21352,62017,70448,24359,19097,69244,27401,18202,73076,83123,2B073,52196,10114,73124,27216,77019,78237,52374,89128,58031,81030,70575,47097,59447,21105,21659,85064,65432,89308,52428,12036,33026,30082,31064,28045,55027,27571,81131,51565,60519,31481,80736,28149,16186,02008,71257,50305,41287,37088,10137,62035,87003,61092,62342,34187,68024,40057,89234,74102,89043,70097,26141,14737,76216,89236,76621,57328,21557,76419,07146,42142,62185,62591,85114,08084,01402,50281,89480,89108,56153,25125,60642,57305,15233,02549,69142,80450,72195,59195,54443,11110,61120,22105,38085,39283,28107,90001,49017,42282,89179,67368,16069,26234,02742,60241,11190,25190,45212,50405,11067,65340,26241,09122,71514,80013,91654,39492,02178,70505,25236,59132,47134,73257,77001,68135,71424,97227,71014,63333,72232,57655,86261,55311,07106,24226,2B082,50550,54196,24139,18231,01266,14345,31124,76107,21369,63283,33075,81214,02293,59217,62770,09326,35155,64286,89291,87110,28027,71202,26142,78133,70067,76697,22139,78431,64316,16403,02291,71449,59584,2A032,89151,64378,06064,52092,31179,84098,77219,91027,46268,39439,71102,61297,32302,31102,08350,40200,83144,32038,32066,70243,62439,88388,76079,64162,62228,55329,11214,73317,2B314,25044,76461,78498,17367,77418,50168,58057,38504,03072,92023,74013,68343,55008,97206,27280,24414,90072,05068,90042,47117,43086,25528,45069,42045,39187,65450,44070,77465,34297,89194,08188,92062,60688,03246,88059,46243,39570,88027,55031,02241,12162,62624,50310,17355,69294,24060,66142,71186,67085,59331,63216,80393,87018,25171,65230,38455,71471,59454,35238,30145,84039,21192,58249,57579,69387,38389,61366,68363,30111,79249,50236,15156,2B055,02366,57686,45243,31063,26043,32163,51448,52550,30011,21620,22384,30208,37069,34109,03112,47300,76356,57403,17117,64234,57616,08421,52264,50345,64210,63030,22216,32440,87139,61018,76426,53013,04182,34258,57047,31406,83072,62484,44096,80271,01027,14571,76283,31547,59457,07102,56010,63210,19281,57153,71567,78107,69034,17288,24357,07112,17215,04205,64111,87112,29179,27530,02665,07204,47275,28158,73312,83077,71168,76245,67304,93066,81166,2B122,76677,80388,13087,14083,62416,66209,08422,43137,39175,02278,81311,01397,11239,55251,23186,57431,17398,25093,38359,39298,86113,07253,66100,54247,26320,10148,01093,02690,32207,21045,71076,27366,81289,25019,54238,87068,11373,43092,48020,72250,32196,31334,95633,63175,88032,82149,88486,25602,2B338,52507,63076,64521,35198,61422,56054,46319,60541,01189,2B273,63425,46102,44197,19104,71075,57353,79159,74068,68224,60291,02186,44065,71461,14469,60535,89272,02089,62286,40283,59238,91458,76312,68231,86164,24482,73040,41006,71243,61151,47061,13055,33345,55127,86273,08056,12133,01358,33118,51403,17077,39547,09230,23003,55580,50218,46107,28061,25116,40013,07076,02033,65182,18100,15080,61397,21084,54159,66106,76423,76577,48124,62242,43093,10271,11297,11421,25546,25376,81186,49054,39331,09150,18038,74055,37129,47219,08082,22208,21455,03294,37045,64414,41020,31566,88028,32048,38151,26129,58294,51033,63454,76335,04008,59179,37074,89232,07064,57463,42202,67519,87154,76329,40135,54226,63418,53030,76619,60341,74128,67298,45323,15230,53201,60012,80643,42087,78389,59012,25542,14421,74203,24179,79145,17022,43068,37222,01401,26057,61375,45058,21354,50031,76505,40255,38287,02256,49328,54343,45046,73100,26049,52494,65317,36115,12137,55248,95250,40321,21133,50050,23018,39190,02181,51587,66114,15127,31591,60315,59385,38396,06116,68077,02375,69239,77003,10274,21639,70081,39209,2B172,80637,39142,57625,05085,66102,59452,08239,52230,10125,57163,19265,25580,56063,59166,88007,82038,57242,30303,74103,56089,44178,32106,18057,47185,17438,55389,21154,63122,61064,68333,87134,58159,71299,57146,88209,31269,67150,81245,78120,08135,69389,79263,32033,46045,27546,63328,07196,67203,17266,63041,33068,71092,71110,62714,91184,22194,14726,33498,22199,64112,46016,01208,60520,17465,48050,91589,73013,46186,32116,23170,11342,70119,01235,60456,60635,14214,09117,07294,64477,37128,52106,78261,65315,38546,36176,70230,02595,52187,50433,17477,76111,80197,14590,57689,09015,21611,31430,09093,35257,11338,70288,95351,2A204,38375,68190,65212,41265,27690,51256,47057,17437,34317,18092,28108,22317,15170,28272,70205,32233,21278,25342,74007,81292,80131,39278,12024,92078,53134,51434,52291,80122,42262,01268,62730,72377,78125,61160,09053,64391,30071,01353,54209,63251,21361,25182,42010,72156,78325,11030,70363,17059,62058,30010,49023,14403,36027,76501,80709,72253,24548,80439,01346,51197,29184,51380,21204,63150,17320,11414,76454,58007,26332,77058,09283,74085,33540,79195,89161,50616,39090,80671,56161,97613,31086,17206,2A215,46101,26134,51204,55408,70164,62529,67408,90023,62860,12139,40053,09222,44216,17485,03269,40162,88364,53031,63391,52211,62481,05051,50592,33175,45072,38055,91494,35030,33390,43221,71544,15021,51490,26093,09059,72234,02681,25441,80332,59506,05082,10120,23160,32108,2A103,47033,31119,52219,24580,19126,09131,58211,24494,22193,27164,02030,54574,12193,51528,72049,25545,73318,76306,70176,54455,71442,68040,67240,69082,12188,76159,08404,66116,57513,63162,27616,32234,61427,85104,16067,14620,68301,71401,97357,51351,88458,73011,33285,64331,21357,25437,14131,66005,60170,53203,07318,76506,38360,76662,22350,65167,17287,67143,11010,70078,85056,43059,02333,14118,43259,40033,44208,25138,67476,27529,67252,41013,54116,14369,18111,77013,95422,64119,59614,47273,60342,11121,79094,14103,11057,03001,40284,74314,57267,23250,33494,18063,47081,85248,37124,54219,18280,55523,57155,11243,02243,25565,64351,89370,59401,18158,57269,17115,03164,89218,50382,80790,30096,62124,65341,97302,21449,11346,74221,81148,60289,44153,34318,46293,35204,57282,79034,01207,63152,88219,66002,46126,39436,25460,71518,91538,77004,09181,57151,74018,95438,29005,72105,07008,55065,39094,55053,11147,61202,22097,80315,77477,42201,65467,50507,85287,70527,21554,64066,66169,65410,18086,16210,26336,23168,51010,90076,04237,54134,33287,44206,36143,58145,82096,39479,72202,65207,37176,89365,14589,87143,67013,05080,31149,19236,33439,42336,69229,18277,01236,23093,80084,02137,65084,65416,21108,71062,62514,03047,57216,17280,10213,32432,02064,76295,65245,21625,56208,21217,80701,38112,60687,37189,70092,12190,27118,79229,67126,65185,57482,52367,86176,82172,21500,89023,80239,57746,09003,80449,52525,60383,80004,23177,63121,56051,59590,74146,04201,67044,17379,79165,07139,63209,11419,72084,41208,76353,2B347,52331,39425,78299,24097,02519,06076,36011,36191,76733,57114,25594,88309,88181,34126,01338,08377,09076,77256,71059,34281,19076,10378,54591,52315,2A181,25288,21587,02654,42283,89113,39015,35114,60503,06030,11375,31226,16347,53053,86142,63054,33386,29232,38035,90064,74009,50195,55245,43227,13047,11129,67438,47137,15104,69139,06036,33136,24186,89399,61295,10264,78548,26015,55435,81140,67071,62375,88225,70485,80789,36085,16001,21541,08098,59294,2A090,07033,08489,52015,85155,51106,31450,72175,57207,65141,78242,80485,64474,67485,31471,89115,42099,55493,52223,08097,55339,63187,35098,86032,68055,17354,31439,62530,85240,51477,07039,51568,19213,79121,89210,19125,03137,87067,54587,69299,65131,80329,70128,59437,51267,77471,79278,01443,28231,15058,09035,30268,44071,24190,15205,07111,74315,65228,55140,97418,25061,46036,80824,11143,21389,64356,54132,76485,39168,02292,82103,25338,37163,58062,50569,39446,62799,28388,40296,2B137,14325,64507,80833,83040,77224,43135,63290,17356,40182,50087,80823,67307,76578,54488,57346,76440,59547,60505,76125,59490,80414,62475,71085,21536,54048,17372,21426,68222,17148,01130,41135,27049,51404,05007,59418,01389,03270,44175,56055,01318,61062,10192,29293,01282,46336,03030,74060,02822,55509,65054,50146,80501,95052,46337,40083,56195,46056,03205,55352,25020,31234,64548,11211,60476,25600,12125,32045,18196,17269,17457,59518,40128,46109,68029,51451,72029,11411,14401,46249,21446,15025,47221,16163,42301,80546,10223,39452,54308,28159,52087,61314,80775,45047,09276,02680,33106,13111,92060,67096,14723,87201,28110,50054,19079,55567,68172,82090,77338,45082,27351,50421,56094,88208,03014,22073,46211,27673,11132,36233,25506,80728,55420,19010,74255,71352,35052,21485,25130,40015,57467,68063,64074,21266,70569,51591,25635,80764,58233,02233,67367,21014,60594,54320,57622,45149,89021,45310,25405,51023,52469,43136,62023,88400,51372,29089,03276,60103,46035,40016,42084,42271,61500,79050,11274,74303,70429,10170,54401,76706,02112,76691,32143,16300,41153,29072,15017,38439,10255,2B313,48061,71438,89271,26162,24523,43115,43174,02047,83117,66042,11124,76332,78618,16177,23249,95270,65468,40018,41072,27070,76034,41167,39500,52319,53179,67116,34141,01212,05180,70526,55025,77238,70048,77505,59566,80571,77274,47143,70463,47040,62347,54533,30320,05116,36228,64171,59643,10442,25225,57738,02144,81320,68189,81250,57415,89196,54280,60613,62233,71306,57604,53058,17178,76640,07147,06125,02281,35133,35350,53137,54437,87008,33306,85141,43268,16109,55582,97609,06142,55496,60604,25400,70392,91553,24406,89361,19148,62773,80554,64084,67537,64560,61093,42059,01426,33388,14036,13016,97111,23173,25231,41214,67263,87057,57490,14705,23038,19150,32109,67487,16165,28054,25551,71355,90069,67097,64380,49211,39393,54176,30282,22074,27105,25479,02046,59291,42041,47317,86297,04116,27669,30093,45333,76446,31502,30098,42056,67155,61279,51119,21359,10267,95134,81038,70398,68140,67272,73246,38507,33513,08387,09172,54156,42253,80566,55156,63006,30140,80281,58285,22112,74293,35031,24028,36111,81150,03275,18032,16388,27089,14720,65199,30336,30158,51274,74294,10402,62459,85294,70561,89057,72271,10240,66195,31540,52344,47079,81310,60281,33472,27462,05008,47112,64057,14694,61206,50152,62900,35119,72078,50183,31028,71591,91079,80369,67504,18008,60143,10437,25204,37109,50019,19249,58086,32249,59051,14104,57226,27133,02799,56023,21127,57703,22381,12166,59124,34298,14609,27528,04167,21306,52523,16383,2A363,53084,77112,03217,21600,60338,52082,11095,86037,83152,50231,22391,56109,70571,13081,77024,03019,23046,80588,41014,71348,54054,59350,31272,92044,02128,47052,64475,51359,67481,46183,80530,58015,65142,36231,62355,87063,50539,27008,02166,25200,16176,30313,68150,51012,38523,44120,42166,51237,14015,59626,32086,60256,77295,50328,64409,81160,01107,73289,10243,11354,80500,64015,25435,70086,60165,71097,85216,63188,40106,60593,31198,26284,46213,40151,30322,21326,71171,14068,63449,67215,95298,37272,84078,47201,2B298,79201,71545,02361,23129,09279,52517,78171,86116,02779,59412,53018,70488,30089,08496,21703,60447,54150,79144,14621,30317,42103,16123,64096,27099,11267,04111,80220,01248,82009,60316,65346,61171,57416,51041,39006,85154,42210,66093,22236,21517,80411,59281,57235,17093,68325,26008,02462,34119,33195,52538,34006,49374,78551,81288,57501,25007,27680,17440,33013,01008,25504,83112,09083,03260,46282,54089,52147,67428,21042,27604,70532,11032,81132,27144,10101,31006,24470,55194,80577,72324,2B042,81041,60433,14225,12105,89031,30224,24567,55178,85099,43063,71568,21590,33294,80184,47024,32197,65473,18096,14495,81196,33364,58258,27360,54250,46085,63364,31201,21648,55522,59309,14603,60627,31328,57681,51170,62043,90012,68148,83011,22014,65031,65307,53132,02053,30088,17267,46020,14070,57189,72101,28422,74121,38124,24461,29079,95056,36088,63118,31366,64490,17327,67191,70517,21136,11116,33485,60023,34116,79236,65221,62306,25624,70130,01359,65401,88429,73252,60380,45210,68217,77147,63117,32452,73196,09299,76527,17235,07282,29180,07337,39265,08390,62257,30250,76123,31539,58123,62312,95676,27640,63332,24292,64487,18195,28171,07030,59026,33129,72204,84136,38221,27239,22224,31001,78565,44179,02316,08105,02060,57498,04156,66099,38490,28196,69036,02750,60358,85236,13206,79351,25316,05054,62425,15226,27451,51579,02612,95028,58119,67413,25343,55078,19189,32296,55528,60546,33165,76405,24465,51259,02626,14764,33272,27359,30350,39319,17223,68370,64221,21661,35225,54576,14033,78108,71405,35297,76753,33427,07182,52057,35311,01030,84037,55583,17418,38140,49194,81254,80601,07175,95353,11422,66211,62485,91691,10074,25567,23062,59409,2B033,29224,10282,17362,89414,10399,50407,68294,29222,68075,77532,80050,63360,83084,21578,61196,03259,65174,59413,14251,25274,67280,85088,27424,76366,10156,13075,17173,57352,18155,88493,07281,67452,63156,72360,71456,24481,62438,02226,38111,61102,42064,79316,02537,59198,71118,21478,21012,52269,09312,48019,07179,11253,97223,46168,70383,22211,90043,57081,85078,81240,64041,54198,33470,50370,95523,72244,64113,51148,28408,87077,84110,14497,27266,60537,33381,62720,65363,55387,25021,50610,71500,09040,69069,33137,21256,39076,24498,52475,09067,42215,33138,80047,45240,03231,63229,87097,22023,21373,32442,31534,55517,08439,72355,77210,14625,08354,2A331,86268,27663,55266,14488,25289,65172,12088,31036,77054,23058,16230,55434,28015,29245,28391,68050,61056,82053,38241,82141,81043,76311,43022,02522,51346,07082,53189,88215,12067,27162,77486,34203,34185,73283,07301,55270,39103,11123,38043,54482,27676,10134,39254,50411,15102,80767,88117,33228,21203,11189,72065,29227,14169,54552,31582,30256,65158,17268,39178,85125,25241,64288,40303,53195,27562,61121,11044,57675,55446,62782,35127,51200,26233,94078,24117,97415,55419,71027,73265,18224,17119,55073,71162,14119,80330,30080,66206,53255,35286,15081,80303,76355,66181,31309,15253,50070,2A132,38420,31114,25556,62309,64249,72226,37057,30122,08417,79290,74032,45293,02320,80426,81191,47321,01216,60657,74062,52097,12100,63396,60314,47133,65306,60169,56007,46264,62070,78147,50551,02643,78317,55557,05049,42297,13036,50474,91330,33197,63218,72375,64178,69024,22379,91115,80214,2B159,70133,40220,55180,50266,18058,47292,14016,33538,46307,61416,44171,58005,64528,34181,80531,40125,25222,08216,67340,34329,66104,76680,41128,70253,01422,76470,51320,18229,27044,81028,63390,08175,14399,37040,78043,30353,47293,31454,14753,15181,08432,66015,14482,83103,77141,54084,70521,22145,68157,40073,81011,81315,89397,54432,11440,52313,56050,62686,34244,35310,56074,43240,51284,91461,51176,71369,67283,37104,46197,40308,42308,80295,06045,29292,32468,63377,42273,62704,36067,14050,63325,22110,37253,80333,50619,54015,51118,24393,33214,85285,16003,32240,84049,01013,03074,63294,80189,85029,74224,24564,46024,02446,44007,81133,73215,67303,62436,32243,91661,43191,03003,34137,65325,86157,30297,17305,76694,42218,40143,80572,88308,69167,72346,95436,15248,71283,88151,69111,21337,71474,2B150,79341,54282,14224,64513,24311,63359,88169,04226,10246,32047,22170,14516,08330,32089,46218,41174,24568,21061,37086,2B152,44203,51258,10331,14674,62473,80702,29186,04030,56126,36040,33517,04227,08483,10179,27403,02167,01114,57711,91001,64379,61452,85297,32044,39307,57050,66059,53023,14168,76122,50258,48068,65311,74046,52369,72316,26145,59033,38353,22171,51049,10139,09328,51473,59007,39453,03092,45095,62429,30163,49021,67410,28081,57039,34294,11337,14473,38110,31479,01153,76186,33288,25117,76239,74279,03286,45227,21156,02466,05168,85077,75111,17300,38326,37082,22079,56135,64336,36074,08325,34214,58096,56046,46112,23061,51058,24489,36164,41047,33324,14060,59180,80010,77458,80193,89204,24502,76411,88476,56026,04155,27346,39391,43110,30334,76715,43011,02317,67205,42209,66219,21039,58216,31422,51092,2A324,68061,55133,55193,14391,35049,69205,28057,71350,60067,18191,67194,88452,86111,39344,85174,79241,51100,12066,77509,68337,70324,43239,50034,78442,32036,35026,44025,55072,76629,77492,08333,88424,47091,2B046,86055,64366,14014,56092,43102,88199,63378,37165,39443,62595,88176,22210,30179,85017,28252,30045,09303,12156,70518,77510,19077,17230,67542,36084,86004,13063,39218,86162,52155,32385,63455,89377,55174,34084,30280,72109,74169,35015,37123,68115,55061,16308,86065,72027,26254,48026,54558,33395,19201,2B354,37006,88156,46224,18161,88454,78033,33067,88455,14304,81175,33001,64023,52061,48117,12086,68086,80024,62621,16271,81120,71217,44015,45286,67472,53208,30355,21074,55054,21324,03067,62718,80765,84125,76165,65226,68125,60672,62706,14223,05009,52292,55554,17256,50190,87027,27498,32400,72009,17445,65370,81012,76586,32372,27591,64280,14586,27507,29230,69148,72322,14341,2A142,10395,46163,28048,33088,52091,01104,75117,65013,26357,66207,18028,66053,38487,70275,07078,48100,52484,73313,51151,33247,55341,43095,46176,29155,46223,46277,09038,47165,67192,45049,41147,63171,51512,19109,23131,70171,28132,72067,62502,25261,02318,31128,69253,56170,65089,52341,76542,08418,25544,52107,25142,69286,02427,31561,09179,39083,03089,33130,86161,17285,18002,57257,80508,18268,16148,84114,58117,21609,54300,01264,02071,71520,40292,30182,25344,25410,51358,76563,76009,39233,79014,12118,25500,48083,23020,76290,45089,09086,28030,71143,36186,50186,2A064,80145,07031,26001,38045,72347,60278,60311,91333,53037,40031,27309,44086,08111,54239,17345,50003,79038,51105,51260,55351,57484,70425,78356,21375,70069,31495,33412,65313,07306,37079,33004,83139,82177,58179,54438,23197,63399,44009,68229,88528,86183,33475,39427,91508,28291,86228,56130,91613,91081,39530,90095,16408,14465,88515,19164,33400,94065,80649,38436,73004,58063,56033,19122,56009,62048,89246,10209,39232,35321,72366,26040,02013,30172,89235,08081,80199,24124,54095,32456,46061,73142,19138,54348,89180,27294,57514,23099,69056,04022,40157,50451,69047,04191,26058,76583,62878,31382,52039,57292,46007,35340,36002,77382,52242,55139,53097,97106,57404,91657,43008,07299,07137,33329,89285,70567,92046,27406,38272,02485,50162,38543,87163,63023,45105,90085,23030,24145,68340,62349,57765,17036,82192,57718,35230,72280,42156,41055,90087,78372,58104,33241,41026,21618,51402,39286,34193,59422,29066,69033,97419,25178,47213,26277,80344,14147,80469,08244,29057,87005,31101,89478,54162,65379,27169,27208,76240,60079,54523,67167,64341,83134,45004,59399,60677,62341,45262,21556,68143,63083,67048,47174,59114,86049,17202,63113,52060,76604,01374,33134,11362,52203,16039,91526,28273,46039,25554,69092,39432,53005,13068,97314,59340,25452,02003,08366,76042,54227,61271,65200,42272,80614,43186,09095,68199,33258,34004,15228,57017,31480,39469,50587,10066,53007,40149,60138,71250,19005,24345,54474,43097,04219,74231,50274,62662,67352,64359,67423,31160,57234,39016,11087,44186,87025,64424,12203,12292,74299,02127,43045,70147,69277,32124,39132,88457,10349,31542,57685,08332,41196,82129,89290,12061,02359,57662,69062,11053,01001,25179,61467,70583,87048,33196,08379,10182,33017,12206,23035,65458,23109,31512,30348,64115,89112,42091,31093,23105,30133,30291,52330,55111,62243,63373,27287,62191,14171,21665,39480,39493,15054,89392,2B303,37137,77236,12205,02132,64551,21671,02618,70058,17409,17130,63230,62190,25362,47233,02662,55264,88333,61197,59035,72136,35223,70049,58077,72007,33074,67045,65479,81174,61142,63274,67385,53090,79244,02035,16222,71225,26351,50261,78029,02525,62245,70150,63174,67144,38023,38019,24211,45271,48010,47295,74249,27677,12224,11223,57481,45181,10020,70393,68198,19274,39537,65261,34022,30062,57104,58240,56002,60157,40141,57046,57725,59141,14343,21199,19225,30028,29068,41127,85136,51111,35061,54181,70419,97304,40261,58056,38406,01357,16207,65272,44076,29152,07001,74276,18206,64031,25277,64240,55026,34035,67366,59471,85133,56035,14079,88357,19167,16246,47205,23167,64207,80725,41236,03049,14684,61432,25193,31089,24223,32337,03177,60624,76275,64241,86019,63417,57127,86002,08455,59133,10297,01094,80316,2B002,54253,35353,21476,43241,79198,71253,40098,63451,67198,72011,63246,01007,32305,33528,37205,64480,19140,09004,76588,81203,42255,91017,91463,30260,58207,47181,68348,09145,86036,62657,25564,76441,77240,66026,40052,23228,17382,02802,38456,38080,81304,80161,47096,48104,17047,61348,73010,27078,09220,14368,62601,73094,69020,77322,54321,57659,47039,34312,18088,82153,45094,53190,47220,48065,16253,39323,35336,12042,35066,08184,08029,61423,15261,09240,19239,25025,58029,51538,72313,02271,09116,24379,14739,70356,74272,30076,69088,21298,52178,54472,70507,47158,44099,49333,86088,76389,51125,32288,61028,62754,67238,55150,81256,21083,11305,04127,59120,68062,09049,34158,70175,77293,52022,27646,44003,50138,80771,21706,57061,08102,59024,70355,08134,40314,21362,01206,62282,48176,95612,27478,40026,27369,48080,50456,55405,27514,33442,01188,03122,66044,63138,57030,67184,68149,83037,01307,27552,65337,53185,89288,33101,80583,67109,90062,10175,19022,55204,23214,63344,62495,18132,70293,59517,08230,39249,76139,71282,76566,82094,87144,06017,39396,50175,63270,62366,95012,06163,52028,74184,08132,52227,67417,76012,24109,31490,27394,67021,53067,70141,46005,2B366,21489,08329,72176,50267,09154,24582,66224,28210,52520,95303,30278,39320,53251,61168,88363,17082,63350,70522,91692,63313,59640,59077,59485,42233,21297,02748,02242,51654,51662,62368,03022,63281,63091,10398,62778,32266,28292,03282,17479,67365,27459,24478,81080,57086,87158,02330,84073,35171,63149,14261,72015,07194,28056,80673,81188,10092,09339,07348,51078,73153,86031,14030,09047,59317,51471,62132,57460,08360,91435,10294,05073,36023,62507,46065,21628,54142,60565,56077,54235,76648,69003,34007,15101,62531,18148,23190,68176,51098,15096,30130,50199,91130,02200,77014,41040,67488,13095,73043,33168,50538,80622,50491,60340,25262,02521,72098,25356,57635,68331,19075,39513,04101,56058,71078,80757,39461,88222,60608,42188,64149,63223,53173,73181,64001,10379,76229,51352,62880,26381,2B153,35296,32444,10436,03005,88130,01142,56012,02567,51397,38555,70154,14721,02393,34045,88214,85131,54147,19151,28372,89005,85149,33096,26342,03126,59386,42161,14277,80537,33332,71340,38257,81070,80016,11293,52474,21288,81242,24374,38533,74218,33037,02507,54295,68167,02651,16424,29281,45315,2B291,97606,41066,04145,10285,76077,80706,03221,38414,41062,77270,89237,27582,70461,12172,32145,39041,64404,19078,33476,61096,21414,24026,67434,74147,2B093,34099,40017,54580,45067,72376,89481,58125,80675,88336,32463,34076,42323,88133,64167,61113,87122,41205,52406,14243,21712,62152,27550,61406,38300,46156,26303,81184,62121,74281,38275,08453,61213,88504,61181,24528,54433,95371,14293,80202,51074,57066,43033,55024,66007,88081,14049,93007,70019,39030,41230,05063,14706,08138,12291,19030,80253,30323,77129,80005,80434,19014,80108,88415,23165,51622,24208,57511,71109,89073,83062,12099,79175,92049,91414,16062,14085,12180,74104,72201,40238,32449,76581,25372,64303,14487,70514,11397,21623,02051,91093,68092,21396,73042,38537,74312,13210,17152,08286,03052,17196,50484,32004,41160,62119,55315,15242,61094,73224,62653,27609,73273,71361,84042,56005,17317,40175,72198,89304,62518,45235,49027,86154,62711,89278,52383,01004,37146,29193,52483,2A104,26370,01380,26016,83136,43065,16031,32254,54511,30328,46084,2B340,31413,02585,33200,67382,06068,71050,71295,10057,42054,11003,70331,39011,62835,22158,49209,25079,09107,89116,34130,49131,21011,53233,33289,65136,72186,85145,17021,97301,18041,45303,52014,73306,91363,50093,69115,40100,65019,63258,38033,26143,35237,81082,08136,39151,57721,69236,28127,63228,28089,23088,16304,64503,51273,02387,57719,65299,58254,70311,70279,77155,40305,04218,08488,17462,33461,56083,19021,21366,31363,63080,55281,61488,66118,53213,72012,89177,60526,78126,57539,72070,27061,27068,60390,42018,82138,13017,45208,02001,65147,86024,34276,06104,02162,54529,47211,11174,71422,64200,59384,59216,12131,43005,59552,51529,31029,13070,33456,28018,88522,70168,08473,11271,70074,10304,54557,42003,91273,56127,40226,58158,67301,76517,02342,62856,57306,80749,09204,02232,53064,76030,03253,43219,65276,82027,65264,60685,43237,23243,59470,85002,39163,54564,15029,66217,81125,05132,95042,85101,57529,88244,67138,53085,28219,45002,80097,06006,48037,09088,24140,10126,21689,81045,65258,66020,24334,66017,19025,57394,31533,01215,51254,33488,02482,87160,73297,27594,63275,07321,80229,01363,64326,22087,63013,77506,27245,30141,80494,13209,26095,74311,09335,29004,66221,2B077,08388,40251,76584,74273,75114,15120,51340,07238,10032,88287,27097,29148,24444,12220,62532,76404,71385,63352,19228,61212,31469,05075,59301,17430,37247,28148,2B255,60610,81034,14231,10025,51533,04197,33059,70070,54311,42158,92064,21075,39045,76524,55011,81324,18066,51281,67087,38093,39062,47044,31554,33259,18098,28031,08304,02605,78686,38339,04057,74266,11080,16091,24280,30301,16117,62227,46329,26009,59234,46208,76471,32105,27558,70312,37070,2A019,29181,60432,68274,81273,53120,54498,80627,63420,76644,33554,35326,78128,26255,54309,50139,10161,21505,40113,42334,80427,84134,33142,71064,63028,16297,30332,32141,62288,59408,71063,09006,32434,02148,62724,25513,57724,21548,65357,09295,67230,80497,72279,76735,28351,31451,79252,21585,47038,69094,33450,89468,45225,35322,71307,21504,01112,71487,50118,54572,59551,72300,63095,61244,54064,57504,65331,60322,52094,02257,24217,15144,71386,51386,26267,77366,77259,54375,17466,61082,81314,88437,61187,01427,28114,76510,95500,39386,58137,27666,02360,42277,46161,09321,65140,62738,03280,67168,83047,81009,55189,80065,30031,88496,30351,07195,38184,14509,78076,55169,40102,73039,11398,08347,23151,57330,24500,33506,79347,38322,63395,42186,54264,49330,62301,27125,03068,25330,41017,76612,07324,63225,97201,62723,50247,76758,62383,62442,40115,38550,84115,31518,66192,02767,03125,60678,72148,23150,59062,62333,61328,67018,22332,60125,10069,02025,89362,72113,73015,76737,33411,34148,52448,67509,60148,68276,57471,79085,2B051,51286,68315,71106,2B113,55302,14236,27154,29062,51390,62492,27101,06015,27524,44170,54553,86141,85116,80476,01136,62298,57193,16071,12298,97360,82023,59249,77287,02758,21166,35360,22258,77042,68328,77052,08191,61419,54313,80724,27142,31375,52461,61420,11006,33398,63238,21631,08167,63164,57551,40267,91292,28284,30040,55485,51374,30192,06066,36108,71276,14534,02194,03039,14298,73218,50435,39422,31216,21114,87013,26353,90011,70410,40076,65224,82151,15173,83052,24159,69206,28162,25106,72160,12234,90013,32459,67514,40007,11317,79304,06054,40192,14511,60139,28404,87073,71425,25464,33093,97413,01135,07311,15137,61365,60424,57694,78070,37101,04024,05147,64238,80350,03101,18082,65002,62393,54125,57512,88241,72363,39315,34110,14500,38370,38012,69260,32271,70439,46236,51519,86190,03213,51345,30232,23264,27276,34139,55182,70046,23179,27203,16053,81281,37199,65179,30007,89297,76328,08458,21484,22067,51269,62432,62389,33544,50013,38094,35328,76065,22111,85192,62569,02211,05169,25351,76019,31005,54388,62357,13011,88085,08289,51480,14302,59173,09141,58236,02713,76285,54143,12122,47195,62691,62353,51037,85093,61248,79022,59264,24547,70247,44002,63322,78490,73017,08223,59553,41242,24176,02081,88118,64141,64520,67433,17055,61499,64223,80305,65071,71305,52217,62447,56076,02170,31178,83055,51117,31468,36035,74045,38010,81086,48067,50606,11099,02806,33008,18203,88302,88520,81268,38434,65063,02425,78677,59532,76543,10435,39137,70231,02377,38214,67313,23180,09215,40312,18288,72337,87072,62278,70011,25152,38471,28334,71590,68144,2B261,70256,24499,23112,65413,82155,42284,28077,34179,72106,61241,56251,24512,64532,41073,05112,69112,54325,70534,55088,28010,39376,58286,53098,38346,41194,69105,29225,11230,79185,88252,09297,71051,40179,66082,84018,38040,44058,70304,55285,43187,31020,39379,71221,64029,21433,06144,15168,23066,41288,67355,31527,09282,67325,33401,09269,70207,35021,08451,40195,01296,33308,10015,73272,69013,68202,65146,87198,62561,32084,16055,67056,27306,68052,86089,50364,25111,43238,74108,33406,34027,24172,21067,80356,57433,74008,50194,47056,39462,27013,2A174,87020,88046,13040,80313,55379,57045,51108,2B277,61446,81103,89002,31535,80242,27048,56145,25465,71417,57367,05059,33234,18043,72076,21032,25013,35334,17260,11155,03163,10428,74200,54292,25596,61210,68004,08219,79312,45021,67545,70235,56065,09259,45253,24520,54231,53035,84005,18214,27380,80011,80170,68046,18282,80630,55488,63312,59335,78605,69084,78499,45299,78597,36090,69225,32173,77066,67527,17175,77154,03261,01042,80699,87181,35215,15164,22088,71576,71226,25472,81300,41190,87153,81278,58026,05028,78005,55380,22272,49308,65029,27496,02821,51614,27279,47077,29058,24453,56189,58261,84094,23022,62103,36172,22090,01095,27430,32402,30129,79348,59475,23175,44048,56119,57762,38069,51482,66202,64505,66083,07044,63112,80796,50633,46333,80033,35200,44124,08383,27364,52177,70456,62556,37072,97420,72056,31143,71374,2A099,44184,21522,50574,57430,65143,26375,89436,08015,25368,86105,08470,25033,76361,60035,57254,64358,44104,91086,10197,63412,25616,74040,59458,32113,33202,38170,10288,85209,89004,85215,74001,88061,26045,67289,24136,89323,80451,54234,71084,27471,22222,11287,70446,51044,18093,88270,74205,09263,32335,39199,76168,51464,54087,39458,73026,72312,45215,30154,73077,19244,88255,01011,10080,50228,76050,39355,39362,77434,11315,67502,21119,36189,64044,70201,78314,88342,77443,40222,04228,64154,80117,88447,65234,35314,45331,35268,82051,19285,09273,38340,39007,24505,67072,25185,84034,52021,12194,47053,26178,04032,67482,39177,19063,64537,62611,18101,25633,10417,02068,69182,51173,21370,88320,56190,11201,66231,78335,60513,02426,01342,21399,57563,59022,42027,31262,14254,62729,80401,53047,38404,30025,04081,55157,11094,34319,12176,57026,62083,63398,62391,74244,79183,32013,09055,21229,22144,14520,32415,35193,08457,69058,70053,80061,76203,45278,76140,07346,67369,02235,70479,01083,28050,13098,54403,37119,12247,23044,11285,71488,62107,17403,27572,61118,18144,77415,18108,71310,80726,62578,12115,46081,64187,18181,44097,57165,68214,44066,63182,61463,67258,34232,43030,70071,64133,46003,63397,32052,51636,26244,97122,61258,35064,14427,76347,03167,42112,76017,25090,29266,72087,62891,23183,22296,85113,79319,07178,85189,15165,43100,67225,11319,09052,07274,05110,10293,52370,53187,24086,34218,51375,01033,88095,55561,79046,67070,56075,18180,77289,33199,58064,24442,63084,57600,43064,87137,81047,32257,85011,45270,27421,06146,33203,24156,34133,79117,57028,46011,10375,35256,27205,24268,16350,14747,30352,56113,14535,46152,14656,36149,54393,57408,65320,70547,81177,71116,66086,05052,62001,10035,32216,03251,43078,13048,68317,39205,2A128,28014,02083,02352,59196,70189,63356,76436,38162,26287,80300,12199,49368,24087,18279,56146,16237,23134,79061,34052,82107,64109,11071,74061,89289,46225,35041,39234,02340,59521,26027,2B173,02094,67350,33246,06062,76627,88265,76351,89225,21403,76100,39122,86100,34241,62523,46118,25497,50425,14605,60538,76617,19033,70417,89068,38113,86182,07302,68288,27480,19011,36102,80206,62250,14106,76220,85190,67317,41007,07206,60286,17054,44073,63422,55286,54465,97207,51605,05136,44215,10335,80513,72259,29297,35337,44152,39273,47260,60464,02073,39445,28277,33038,53111,77096,11004,67068,2B201,76490,68141,32238,45196,35128,09126,18051,26257,34313,43121,79243,80358,02560,29276,38361,66188,74083,62509,38073,21321,59251,80760,97617,79238,15125,63443,06122,77098,24318,42256,04245,04055,29037,85023,21148,80198,25335,57003,89211,89306,02536,03249,70263,79106,52258,77007,39002,09120,57090,22387,33245,65223,73307,31494,88428,05064,14021,38552,21279,55229,33227,39248,59067,51355,62683,10245,57123,06057,05086,44188,59491,47184,72149,68385,33083,64302,30258,62906,60363,61352,76324,68178,46169,78385,47030,19153,18127,57351,62733,87179,52358,68069,28124,24254,41100,85276,39210,15219,69193,24260,32191,55430,83135,69107,37145,17083,66038,21284,69059,74176,02263,38172,76465,47003,38082,77043,84147,74269,02784,88021,49160,71366,49215,17441,26330,63254,61037,65351,42154,89355,83032,02346,62168,38070,57194,11207,51277,19270,58116,17231,06092,70302,08275,28140,35176,54322,02084,32393,02453,67348,81099,30184,56136,55497,24196,51441,17304,88253,39297,51231,36022,62479,27137,27482,56261,02481,43105,14614,40144,25524,41059,16167,07026,32399,80459,24015,57644,65399,05184,02006,39507,21421,42096,44154,62020,62859,64037,60641,85246,64330,59647,54586,60030,61442,95566,57508,49260,46053,36125,41119,84022,69173,58235,72348,52414,62815,77082,39052,89319,39405,50196,25306,63403,32464,61240,26359,45132,04128,79331,65047,06110,80067,26005,81208,88361,42321,76348,39149,88354,59500,18029,84006,25124,32289,17340,01073,42163,59123,08497,29002,84108,65175,23118,42046,59465,31391,42187,78516,71470,24330,28137,36211,11314,34286,78285,19154,78320,27300,82123,84150,16192,61387,21076,38057,60014,2A070,11282,29249,08367,47161,22005,85267,24193,54232,65402,71029,32054,62011,76365,78364,02777,54203,81100,02414,02817,80226,02384,21161,08186,46212,62844,24132,17193,22291,49307,02044,66193,31205,07223,60081,54491,72192,69065,57422,74058,22117,02452,57647,36218,27224,27664,71480,81236,65321,18176,60611,56086,07153,70330,76618,56193,14558,58124,49370,27505,57060,21309,61396,01322,19018,32175,34277,68174,16342,61221,25517,05129,49323,21338,71324,33235,72047,27681,02145,88291,65285,84026,76463,62746,77207,34087,81068,42315,15186,88445,58118,64217,62008,31251,81295,49125,89013,86171,17303,35103,82065,56180,24370,37061,64440,51140,28052,27055,73157,74201,82157,21539,63233,47262,41253,57273,08247,07091,80372,71037,47308,30161,12221,61277,57074,23043,76104,27691,42278,89387,27565,32425,64275,81323,14266,89069,56085,53123,41176,58043,56096,03216,72008,88099,42184,54047,2B081,40153,76709,21268,35274,21331,25160,65117,28032,58001,50227,54185,08302,90048,91432,06109,34285,67036,18136,19129,54549,07087,26228,33432,74034,52352,56245,11238,79102,50145,61023,88431,14419,67420,77352,14536,57586,06159,54410,39106,48144,89067,31509,64504,25149,60123,62373,15232,61259,21705,90016,39204,33493,62149,88406,02363,87116,10352,56093,64320,88416,02264,91129,01428,15167,46242,83018,54526,2B037,88518,48168,08003,65104,36007,74298,58152,80683,22028,50428,80171,63074,73030,40059,52365,37032,17314,16065,06014,67546,70582,31098,59586,77463,78162,06112,25058,37027,71175,57255,29102,26113,04162,97308,31365,25072,14001,60078,59300,33163,51549,68360,59043,59662,74089,36028,02757,67182,80259,13077,11350,57614,25187,02072,95271,27117,46270,34206,61450,35270,25516,09094,31305,66191,72297,80298,73089,02472,10149,65301,81322,51543,27340,49112,76725,76547,57409,12146,56175,56160,87036,79230,55278,69135,79303,02639,10316,55274,22029,33100,65061,62254,89238,85127,62802,22217,62772,81190,50359,14227,11160,15250,58035,2A211,01297,89466,03184,51499,62022,21367,23221,74196,31183,57343,07239,25507,61194,60044,2A060,57323,62630,11438,34029,60530,95205,29093,01373,59295,80169,51143,31182,45297,64148,57475,11127,76430,02764,21710,01171,52050,09293,13043,61415,21341,28227,28335,71581,46046,26181,02663,62617,45340,76105,25071,2B187,54458,02504,02324,24183,02619,80589,51018,59377,31402,89059,81246,60242,54085,58153,66025,63445,88319,11200,78255,31227,21385,54260,43101,15255,49353,62740,10203,67115,52535,43107,04121,41292,76362,94069,57139,59308,66152,76459,26298,59060,52311,67146,79202,91338,25257,65244,60190,33215,70258,58291,17163,34128,71024,21638,50256,28182,73217,32007,31055,77095,21079,64425,02135,62901,80766,54214,25469,36060,85143,76631,61153,34159,62267,39579,06021,64416,63108,89427,40230,10359,80732,25004,51154,79170,67427,95309,59267,15157,29019,39322,70096,57615,87202,31197,09332,68296,58290,83092,85301,16356,31176,82112,27501,55137,83147,69085,70512,11180,44123,05182,01258,50401,24168,59182,71028,31579,87192,30035,73099,25188,14384,62135,17157,15008,54349,28279,51276,49244,76278,33174,22206,2A133,23053,46228,38532,62705,82005,45066,11082,80233,77290,10068,91477,13060,71316,30034,56240,41038,24325,31513,76158,19091,09258,11391,60502,30193,52035,67059,26075,55101,61290,27252,32239,09069,40062,88237,82171,14574,78269,63085,62147,73207,54397,59537,2B003,76546,70315,33155,72278,2B121,25102,60048,24514,88473,78188,25264,50149,07285,71087,61388,23215,33095,43035,19069,52549,47316,60171,57695,12030,57326,61054,55525,04231,26078,15018,02706,22260,27547,25548,61350,47257,59319,86134,17005,89120,62167,77237,30207,63081,74216,69086,19214,77344,25474,21322,77132,24551,51009,88312,59387,21007,03222,30239,52346,81297,63003,49361,33032,2B207,41009,54380,31162,37016,24303,83093,47328,24552,43184,59098,62046,39481,27047,71439,85040,07322,21153,76352,12142,88137,95046,79048,48018,51121,30298,17181,80797,77302,71040,25048,97130,32347,67062,44135,65271,77516,59258,80446,35002,27281,65192,50450,34226,50609,31108,50229,60269,16183,65112,46052,10167,77301,91326,80734,86027,16323,84104,29204,21524,59096,06060,64118,64502,38514,30251,14474,48045,42294,02028,81326,41044,07049,70226,68181,70386,67305,32363,80308,59575,14728,80034,59351,11250,11083,2B111,45145,23184,42270,83091,79289,68384,39065,27174,08314,72135,52105,69257,32329,33292,62500,14682,13020,77158,54236,08365,08238,52173,70406,02406,64350,51416,02460,2B147,57188,07105,11090,15153,16318,42173,21090,68263,50580,41075,08429,60523,89428,42011,31333,33531,65286,40103,67016,27059,05111,02834,48115,21684,10296,83046,53029,11142,70384,61222,91662,11056,27400,69014,71410,77060,02622,31151,71013,68177,59554,30155,2A006,61479,47320,01385,12270,86257,61435,55275,28259,27052,56233,01352,09020,82184,37100,76010,10276,07345,08001,65203,77012,17241,68082,60544,60196,54466,61228,94041,35134,76211,60182,14057,74166,72168,34279,40173,51089,09301,21125,77389,2B102,69120,18003,14455,77152,15194,40156,77420,18146,23068,02418,78668,52168,72118,33445,59068,91161,04124,90105,37180,11366,02648,05072,60346,10312,80317,40324,80504,10403,25471,80505,2A258,74226,2B216,76319,46047,51215,46296,07079,55407,78474,80399,31523,62188,04099,14524,27557,01163,67486,01314,80172,85162,68002,57759,72128,76592,65423,38508,51559,51053,21465,54567,62471,76531,54285,78683,58038,02336,97414,35099,73240,60155,95675,82058,50498,07339,41232,21200,28302,70428,34104,54354,76597,72122,89388,25420,21543,2B352,32339,02514,86132,61402,31546,62829,25091,58232,09119,12015,33297,32397,80503,22268,80028,52123,09329,2B222,62548,50324,30205,51161,52470,08321,35006,91228,2B195,69233,71495,13051,58166,30024,38054,31014,61486,65133,32097,44162,03265,66010,71026,67302,63144,29044,59185,17296,01167,13112,25429,28003,73058,53243,24495,02564,77413,29291,76261,54383,69199,86140,77361,10397,64370,08131,32375,68162,02086,21265,54223,76608,80243,72265,62153,82182,62332,74308,30149,62493,07312,45008,08106,33397,78231,16073,15084,12149,88466,59670,22056,65387,44133,16362,01183,40174,72361,60102,02645,55037,2B306,11276,50398,61391,08163,23240,38400,69116,29169,33441,30012,80288,48191,05176,65120,62812,81216,64072,61038,60071,54418,68283,05022,14666,43104,23230,01444,53122,57354,50300,22370,01197,02818,40186,70103,28104,68130,63237,72058,89008,21512,24388,24463,30070,07176,86285,52515,47182,39299,33073,65107,84113,33323,64048,57708,88421,76537,36141,30127,73014,85039,64100,71179,45160,62696,78466,40082,06145,51527,03063,50272,57606,42110,02104,89164,22197,33119,12204,67103,88389,38315,60112,61384,67197,26211,76007,12165,55260,79081,01424,85004,24516,60439,21457,38512,07122,38009,35115,17385,08269,39466,02389,11279,02781,48105,28304,24449,25598,40257,57291,78623,11378,17058,12059,28303,21247,28218,24346,59121,68114,25209,06004,62526,71052,36024,56011,16087,2B339,67086,04216,33276,81060,07093,36165,69292,39155,59008,51245,62659,23037,01391,08047,82019,46302,86195,84002,28314,05113,39490,34257,60528,57172,79062,38065,82011,58189,42138,31223,38289,57049,25017,32115,40029,13099,28326,70403,72048,11302,67418,17449,25466,24522,76558,38544,28359,31131,62542,30175,34324,71255,51004,55146,89085,70394,32344,63331,39117,07100,95387,89383,60465,65144,04217,81154,68060,12170,27500,30006,37273,01009,08234,42124,45309,27606,73222,25448,02653,34270,87058,04028,69052,06161,29067,63194,62866,42113,54010,01339,02454,74173,56226,71389,80738,22362,16303,04203,67028,09290,53209,51302,68180,43051,52234,55214,57316,53071,22273,72181,95452,08199,88182,80445,31376,57286,83005,59538,91556,15074,85232,51465,36117,44077,80611,04137,31258,58107,63172,40298,88220,02589,64311,22339,23189,38480,70113,38567,79300,17075,86235,44062,18167,01068,22322,36162,59441,19059,77412,24090,17420,54366,39092,59663,59322,91544,04202,24024,51459,24282,46288,69083,27116,02428,15038,58072,81225,54305,78034,76268,51406,46136,90084,42121,57509,17359,13086,02029,52335,42052,32150,02659,74143,38454,50181,57096,45086,17450,12080,74235,50296,01310,05140,28251,55574,36026,19279,34142,42033,59472,33460,34153,09185,54117,74101,15187,13033,54496,24563,67110,24426,03241,31072,76752,45174,60700,54556,03264,34320,38548,44128,60570,59438,85182,54261,79251,64452,90086,14648,27365,27071,37267,56032,65049,27441,51187,28040,57654,50564,29259,78437,37008,76114,17031,22368,59019,51339,22149,01284,08087,02021,60662,82089,77161,19084,24021,70102,30115,89229,83007,58126,45266,11031,01077,41274,25325,76071,40124,59252,53115,85255,31206,70519,57161,42172,40313,69145,64179,40219,25045,64436,29114,45197,62049,45220,54584,56088,17424,88443,11399,40183,27672,08170,24509,74015,03273,47118,26356,74280,60602,45199,63109,23229,94073,17150,26355,10206,27333,31084,14026,02509,64069,03099,45330,60087,39180,14397,43172,21624,15064,42293,61510,35154,2A198,89254,73135,30099,32277,54164,55295,69108,08171,54200,89255,12300,22294,08463,76113,28064,10144,17395,30252,72340,38228,73051,71284,15051,10058,81172,78062,25440,18283,47188,14591,31586,11029,62808,58134,69151,45121,27021,76667,14196,07056,33290,52545,69282,38273,95277,57705,71558,12089,54562,11228,56102,34213,73159,77374,78089,59489,59624,22062,71111,52016,81014,38382,88087,85034,65106,86081,32272,74037,62223,04034,62787,26325,01396,47140,02740,29218,76133,62426,03079,76431,22237,19115,62340,80102,52109,54103,86126,46317,03038,21599,79007,82059,63262,27531,06028,38154,77348,62583,59463,25229,03075,22113,21144,24120,68287,70052,01202,44107,88057,80514,27217,80623,40318,70177,76628,73280,65065,88245,78536,42055,77159,04033,21335,80743,67548,65241,18205,38297,82032,21328,54501,23223,19009,32208,76522,47280,71472,71010,02676,07184,25284,10219,69289,71041,02195,02358,54002,85102,31074,14685,27413,10406,39267,88074,71578,50094,53184,28080,28230,03180,63371,89367,77048,11104,09048,41254,71127,67260,87087,81238,42337,08373,81008,62423,02345,03256,16264,72126,95483,01017,27467,62640,21402,21058,49056,30341,22082,71132,04235,31260,65127,02153,32211,28161,60107,62177,89088,70369,28410,35259,67372,38319,30066,40276,50124,26137,60499,49050,53133,82181,17227,64145,88119,64134,42222,65471,63452,59074,14346,57664,80661,67073,64301,59453,22348,02206,24289,61436,85273,80773,26021,50177,64340,18234,26125,63115,71502,59629,42040,52140,72170,77139,52206,84057,14238,02532,55530,84151,66150,80522,25442,31560,32023,76493,01378,60376,72053,59093,30059,06018,88433,44126,63146,52214,55536,14748,32342,03196,11028,38003,89443,58156,25217,33465,22227,24340,39337,47029,78327,79271,27487,45101,34314,70340,88531,36147,60524,59565,47095,28310,29156,57106,11149,72061,10103,50058,76132,57605,02543,62071,14698,51389,86133,28247,54441,22086,91175,86274,54007,73175,80708,30344,64010,45198,58018,33458,37098,65460,41223,60695,46129,84143,59596,90100,03289,53172,14327,72310,89083,81239,24245,61456,21253,39088,18112,07308,65034,86242,32315,59357,2B346,76210,68074,19242,85169,04049,39350,01024,48146,43267,57417,57453,67183,22282,12281,65470,59613,26300,60024,60280,80320,77046,52121,61386,08425,02090,45028,65118,69383,08459,08206,64374,80391,97356,31105,62396,42251,49291,22310,53009,70026,59610,27233,54314,18006,52183,83019,63297,12108,25318,88122,70427,21246,83003,31065,14627,39055,65274,14257,26182,03086,76316,09065,40134,64206,03237,35363,87059,89452,30073,52423,56213,07128,67425,83146,46195,51193,57383,88035,19272,13056,57673,12195,76288,47164,63067,23234,05153,70537,89345,41245,29217,01035,10300,04190,88005,32202,54081,87032,62015,85238,73050,65184,08356,81079,55071,58109,22036,03172,58287,03080,60461,29257,46188,74261,60654,87041,57419,80821,80432,76678,80154,86197,17063,63462,11437,76748,47019,57668,66126,22221,14719,33105,60262,92009,64445,18208,51601,34202,55106,91359,65435,55300,65273,73298,87051,52142,57160,77296,85140,22380,56056,43157,08130,52425,34097,45085,71459,62755,31018,02451,35013,60240,71462,85196,73154,22346,63382,10421,38053,32164,29123,33519,02288,62345,50096,31244,18121,32311,97406,27579,02100,17265,16155,78082,22343,55159,51045,04233,62120,85290,59433,85031,25555,39014,97423,21041,65371,07117,74117,31497,60020,11166,71464,23219,24383,21089,61401,2B025,80104,54573,09241,62322,80222,07257,58279,55346,68088,80533,29141,56231,63249,35275,76395,39078,35046,27538,83064,46192,32366,88370,79343,85153,62572,34054,63444,71030,14311,58099,09210,81255,24493,51560,22026,2B256,88311,25511,63309,61229,50326,46330,63351,76502,25213,60177,16116,54192,72349,69060,64500,68235,54061,91377,27597,82119,84122,24030,57669,64439,80129,24425,28352,39049,34040,73267,58089,46097,09096,31393,89277,10330,83068,01106,72169,27399,80659,19253,25537,69039,70380,72218,29206,38104,68376,91179,57036,71297,48173,89126,54153,63128,50492,31385,33354,80246,35347,07045,41004,59432,55199,56030,76573,07088,28126,03028,66096,76112,12187,71523,18223,27534,21211,56117,42069,84124,42001,10012,67495,01295,14034,88006,35307,65090,45052,03071,16212,80424,60331,55382,39108,55555,68122,61111,11048,08277,33293,81210,21207,70083,46002,57566,47151,09205,59336,64188,55340,53117,78564,31571,71362,51547,61444,64161,90067,36182,21030,16162,91630,27198,45168,04220,65481,58227,71342,89274,60403,68106,56123,57152,41207,84028,33504,59126,38291,26019,32382,08363,31400,64067,82008,52378,10174,03320,48054,59410,27246,47230,84146,31117,80628,10163,57099,69190,59576,73179,19035,67161,15049,33336,76574,76032,76330,39223,51392,84121,62505,46117,80249,59159,11112,59541,60632,25183,08351,47045,80779,21293,01383,34280,57544,24243,62699,86226,91044,80279,27660,86029,14645,46160,58069,66190,30310,48001,51582,35345,59549,38265,58039,64272,27483,64137,73048,52316,68045,88128,49278,39288,02610,45183,81040,48004,03027,61139,57379,86138,82124,21663,80520,60247,10118,62427,31071,12263,25104,33407,89249,11364,30231,86014,02492,86084,65344,45180,57169,88442,72040,21555,23127,55188,71275,34207,91085,80679,76173,11139,61369,11122,17423,51229,07134,50253,62208,44105,33232,30023,31265,50448,71220,76451,28094,11119,66029,70378,58174,51043,03183,10287,48158,30106,02726,08465,68308,65129,88248,57289,08142,28065,06080,80237,69203,15154,53125,09082,01031,57395,03314,52375,62571,88132,42060,55495,59514,12153,50521,60325,67009,16396,59405,42039,52307,09102,61300,69035,30314,73285,57712,51393,54173,34016,46273,04200,43038,10123,47026,45088,71256,67552,88259,80352,55035,83048,10082,11173,59390,79329,32221,08235,40038,45126,17328,10433,52267,25393,50078,22119,76118,2B260,54195,15244,14248,45064,57679,67130,12023,80598,12013,31157,15124,67081,10230,52199,39245,07094,89332,18081,34120,77044,65149,71144,51646,55242,27375,72103,07066,10136,87056,40001,38394,11360,18126,56090,26319,72125,19222,60178,84055,82062,41002,08075,01165,25395,57219,89227,63414,31097,24084,76036,42320,11380,18030,77410,09071,64377,89228,55239,80664,24356,33312,09039,88512,31467,54379,53212,56100,15123,71166,80780,49200,77229,62504,31112,03156,05046,12208,22279,70137,11133,59567,83107,62679,38383,89146,68373,02286,07331,18053,14272,12239,85293,62851,89035,14546,12113,45098,03061,02123,25357,64018,30300,88153,59637,68021,10333,45222,29007,51252,30113,04142,02628,38179,11303,26296,16171,27615,58094,21572,11177,09171,59315,65009,61260,62889,25040,56249,39253,51595,14198,13013,60554,43208,02357,10270,71423,74258,25562,52161,47256,52034,38562,51152,30202,10142,83083,65389,59436,58108,72144,36128,21327,81151,23002,62833,62682,70328,41039,28123,17145,21162,39262,61020,63441,89134,69130,63288,67347,28109,51057,18272,37178,46262,17380,43098,26173,69118,62615,08077,40325,35240,65455,80481,60260,68104,35263,55562,19057,21132,30104,02099,62562,28330,15108,59469,77120,09106,2B246,60648,26055,91122,38479,79267,31532,31281,52019,18225,64418,10104,83022,67371,81209,17321,02707,60702,73023,61014,88330,35305,42328,88434,35111,26079,29142,86011,60411,27464,67359,52376,13031,69012,59620,62789,2B225,31107,09292,31139,01174,59374,01364,62677,08398,22013,83111,02766,52401,38324,29036,07103,76129,25235,16026,77431,45006,77523,55399,33150,11206,40270,66141,70494,78233,81187,76204,50312,59632,33049,03111,89438,19102,74288,88412,65218,11316,52095,48055,54600,76570,41233,58025,85268,77440,22148,02545,31261,69293,82024,64193,25462,62655,63060,51420,48009,77089,83105,77298,36227,89184,76308,65197,31009,14672,57506,02091,2A322,77355,68252,91408,55570,64451,40069,86001,31384,28280,14738,12057,66137,02131,33433,39385,81287,62244,28198,89300,12258,09197,14663,65338,97230,50575,66043,80545,59260,08407,80595,71236,16157,89475,77407,88359,89268,02075,89066,68347,02283,33408,52271,11233,87015,94048,07142,89206,51576,77191,23242,01319,82147,25006,09163,70309,34062,36200,43230,57270,77156,57359,39039,73069,33449,08460,64233,2A259,47242,64143,65375,39139,02761,64258,49171,87164,32002,65290,62175,16353,67046,69050,76303,59271,22150,65405,82035,21408,15118,54217,29132,57168,60106,18198,62474,38358,55033,14657,67218,39451,59137,25219,27363,04140,32199,70268,59341,31500,17348,41107,19231,11268,76052,68355,21640,74168,82194,80400,59285,54110,07284,79040,24062,14679,49058,10400,70358,55545,60434,43197,10033,34189,82048,08316,93031,55142,15087,35164,23158,83118,71252,38159,80378,19261,70007,76087,09166,89441,60495,60303,63245,13003,18068,55049,2B143,02188,06140,28425,70533,54428,68215,13205,50215,62822,64174,90010,22212,30246,61484,63434,10363,77335,70433,17129,24102,33005,59241,62486,61265,89403,26314,10444,39272,14504,62721,57411,72197,15237,21350,39102,87150,32441,82137,08500,89049,80225,31171,37223,80655,57095,28143,12212,47141,66084,83148,2B138,57373,37166,07152,15090,27598,26212,16125,10306,34102,08055,17301,80529,50332,77128,62715,2A114,80744,80312,26183,02500,81016,34088,76265,88479,47301,21195,19280,09266,24073,54459,77424,59171,15175,62748,24009,80669,77023,18050,70224,76254,08424,78404,80754,02621,28037,79280,01329,21258,67093,77425,19196,89413,28202,52495,38494,01241,25136,61010,51014,44117,60008,28374,54408,64082,52165,46245,38213,11249,2B047,45010,02158,60122,63423,04013,60312,09214,60318,26312,04054,71529,64479,14353,86254,86248,31300,85226,11162,43040,33158,63145,45244,62478,57264,10258,86264,80082,78267,21299,62076,25256,23241,33250,33535,52539,54302,01037,02574,15222,17225,11310,28226,02801,80747,41199,19211,43048,38350,27345,31369,03239,33097,62827,29090,25470,62850,58046,42014,26007,21709,15011,77049,39237,82012,88305,71293,19166,80019,76676,60431,88465,17439,60026,64383,80807,08288,68182,51379,67001,71396,33153,32161,08251,65209,01028,54532,60064,32325,10160,41077,80037,57093,72046,57531,88083,07074,32183,64034,72005,11192,44116,59297,16011,38381,60069,55444,36217,95257,60679,73036,82061,11226,35212,44161,39081,47206,02660,88338,52480,57540,25057,62093,27034,83004,22204,62430,59604,48077,30008,41061,70416,06136,40247,59366,35199,36126,32462,38380,11367,76138,41246,64253,57271,14598,64535,29187,17429,02720,27318,33530,88206,59461,71526,07136,77222,91457,03321,89202,24165,46284,02768,65086,05130,51585,50052,54174,28392,52452,42002,08090,43116,89105,81059,55398,71259,14622,02020,65476,61275,90058,47160,30119,15103,90049,66067,08411,37187,17073,17344,32467,04068,14626,55107,21287,39573,2B058,40034,51181,09186,11345,32119,72057,02477,14527,10018,42092,57228,2B005,46279,87200,59080,73098,15105,59307,08133,70236,65398,38387,32364,51610,68126,55326,50376,51557,47286,88230,46055,54177,82191,62156,05026,33447,25249,29051,62106,56164,68377,71199,16020,70555,39336,50556,02792,59293,19058,2B009,52500,70367,25371,52045,01281,29099,21252,51295,76718,39568,52157,80786,33355,62192,64101,91469,33478,67471,79189,76230,45146,46257,08121,60668,38232,51550,63098,67404,69097,53170,56205,89029,15001,79005,02529,62650,54256,03181,34147,16088,08342,57569,54026,60290,76681,55246,65262,81298,60029,15130,52093,59261,63051,23119,79001,70404,59326,57468,95074,02299,02103,51484,29234,45320,59546,68078,25300,16398,51442,64218,73282,60616,55263,55462,74127,46127,95328,60045,58004,89369,52243,25285,54483,74170,74198,51191,74076,51574,18252,10098,31526,38047,22256,59337,40274,88276,04027,33418,63073,52503,85198,35315,91041,02516,60561,58053,25401,87001,43220,77221,56202,14461,62587,21537,80103,43244,22283,64056,46010,29075,62201,10178,17155,33384,39497,17127,68356,29041,43265,37052,09152,21459,89124,49002,71089,62823,59381,77528,82139,54129,16195,21592,31345,57052,62161,71218,63167,15269,47100,27511,08039,65035,57309,42031,76383,08115,77512,51433,72299,30266,76741,09158,48079,74029,38288,80048,03103,04067,27106,10049,12037,02497,09225,57456,15012,25308,51124,67315,63126,49339,76548,63430,40126,07192,69212,62115,50596,25088,79197,52326,65297,61070,25572,55299,43067,10095,77163,65284,08214,72356,34315,38144,09284,25392,44138,72257,88183,24064,37216,65198,26172,71562,25378,85178,07280,60077,94016,82150,28055,52348,57656,43103,35219,48002,62638,29288,16197,28189,08372,61143,76023,76293,31241,88194,33309,72145,66034,27577,69261,19128,73254,32301,27397,54249,08449,63335,54144,69269,08180,55097,25499,52064,16213,62693,51122,22308,42123,12033,05107,13203,74071,58070,58200,32403,27569,46241,57541,56238,14134,33405,57159,11148,73201,02667,35157,73022,02704,27610,08431,64423,33482,32336,27241,19143,03138,21170,35325,36207,66130,2A278,65062,02175,77383,02636,38285,55358,88477,32230,33144,76647,57661,60253,41229,30162,31161,71103,2B307,27171,45185,25147,46215,46074,62252,03062,68076,17286,34091,75103,74190,26242,67177,60650,10081,23042,26232,38332,66040,88190,14334,88149,10146,39330,19036,39066,85144,76270,24232,14408,13074,2B221,50639,83149,84074,59603,28322,11007,21227,45083,41251,08211,67309,23054,88481,37116,78124,08176,71363,51500,63269,2B355,62888,89010,29131,80302,47103,57198,97210,62864,88044,59206,57044,28353,03130,54060,56053,32451,82081,30016,92047,74208,76062,28169,24163,58176,10348,68213,26013,2A266,59178,23262,11205,80793,59394,40184,30285,31061,57441,70022,60629,80525,38091,41063,63161,32085,11167,24471,31144,78624,42247,88318,02152,66033,2B123,89346,64062,03214,21407,35222,76377,59568,01386,60161,76304,08085,80604,26196,77075,03281,42101,11198,17081,75115,57697,64313,10302,57201,80582,33529,47058,41259,02210,22024,54391,52208,34235,50562,21270,76480,81266,57602,57410,76535,47047,32051,89183,14512,63392,18287,01362,74065,76251,81165,2B162,09325,02488,43232,60009,89303,30097,21313,71213,51581,29074,09013,02327,24559,17070,62899,02386,62002,2B007,47131,01072,13102,60508,47154,10210,44187,52301,28414,09016,70098,85086,81071,79120,88524,54534,12060,66117,60351,64314,02495,03077,47290,26138,55215,14329,88140,65189,35174,24519,40096,2B226,78220,43075,63442,67531,38074,80618,65336,81258,91103,88242,17050,79161,51410,45263,88324,73138,62392,13052,2B219,66201,65448,51007,82067,80062,73245,26063,74160,62483,61227,76069,29183,71151,71248,80285,35093,01261,81308,72374,39130,57006,38515,25022,40047,73329,91272,21187,59420,30289,77181,86077,64065,26003,59665,59396,35309,81077,14258,25349,62379,74041,52433,41074,30273,60472,88202,14759,56159,83085,25491,02111,38157,27210,65068,66161,09075,80697,52204,09046,62671,52534,80216,25582,24153,34161,50531,91145,17302,18031,16181,59270,80268,02717,01448,38198,95316,80326,12303,55487,02265,40187,93079,36171,16209,26152,74044,71341,52163,24146,40275,67050,2A048,74035,74105,54358,37192,19283,65097,63260,02736,21312,59168,34344,83042,67468,95144,65243,08397,89131,32140,87011,06107,76744,37155,37212,30271,21636,17069,01305,89205,26382,28260,50413,91479,58228,85012,60562,51444,40209,39271,71119,24313,76172,68103,34051,38524,03128,42307,80741,54137,80474,57314,80146,70060,68183,85211,71430,40074,2A269,37233,10224,35255,16423,67108,56165,33307,16178,25122,14280,80114,22106,05146,55080,38535,50321,62810,57601,15028,54579,76474,91225,80381,53276,47246,53079,07169,88249,02043,34082,40213,24194,14390,07186,76622,63220,14400,69198,77202,69258,64138,51262,19098,65103,38388,43088,36239,06096,31537,14716,15052,25510,60534,76688,53211,80362,72275,03060,70219,56040,21480,63340,60007,54398,38492,25607,77111,57476,52074,25389,16005,16390,79283,77332,86118,60449,66049,88186,64075,19181,28268,76567,62258,79130,14358,08339,76556,89328,51132,62508,11323,27095,67076,23083,95428,80558,84067,38226,47090,90088,63154,32279,76228,89382,35017,22045,39042,69134,38237,69153,54436,36212,11290,57678,49378,67121,65091,30135,50462,09066,82088,65333,95141,84076,26352,35283,33260,52543,70077,47089,08210,08202,97232,28036,24491,12154,2B069,32438,22316,72243,76263,08466,37147,44220,89223,61100,80694,69160,77354,76669,36138,60582,08477,08215,21427,69287,52453,79084,85066,77016,80135,54435,60421,45110,24546,35035,16221,77377,51409,24236,09042,77137,02728,70155,17209,2B210,76656,80144,01193,60216,65099,64525,26052,35181,88427,76716,02004,79281,62747,80733,57687,35205,38540,54140,10177,54324,57097,27065,55514,25541,66182,55168,01111,24188,86128,25254,62544,62713,70089,02076,59641,31521,62099,51293,80006,02517,80307,41008,77356,38001,68093,52001,32465,76378,17190,40229,51136,38186,88365,2B149,11159,62579,19264,07232,67274,51051,67234,35277,21581,18286,41041,23063,65073,86275,59389,77100,78290,71155,36244,71181,54378,41085,26169,97424,64103,76171,30299,79127,14530,72142,77306,42192,62158,38155,67105,13066,74140,47281,53126,87016,60614,05095,47007,85126,62104,24331,65447,01053,44193,73220,62374,33468,30325,17402,33300,63206,64427,07080,92072,49292,88521,54237,80354,19093,77462,27694,57205,08139,38132,24336,62096,85245,61492,27548,39470,62003,17118,35262,60680,27698,59273,40138,95572,35184,55117,35107,12267,67104,30220,27139,77521,01051,02398,37010,25112,56141,31352,59244,26166,55261,28265,70127,25012,34117,95151,33511,39574,27641,73131,56234,62082,60093,97105,09148,16042,03185,78194,16203,41140,42048,91156,73197,79091,76582,43070,67333,88297,57348,74036,32406,65038,80428,29064,54148,62056,72372,88145,31132,2A065,40242,59237,77047,53151,71534,46187,12102,57360,88224,32058,65004,14088,77076,80017,64236,54046,10208,72379,24396,25189,54518,77451,45345,26128,70353,32313,71411,21094,12264,42274,22257,65037,67151,36148,28102,18261,16413,27033,66006,70531,65324,42206,41058,29163,31465,27631,63273,76757,89479,19286,77258,72146,36139,33193,42012,54016,77008,2B251,11184,73106,77367,57048,07197,78030,27213,95563,58203,62327,39342,06119,58271,70348,24096,43145,27019,68127,77281,90045,80719,85033,51088,31166,08370,34216,47129,56191,08182,31090,54286,21464,29061,51341,35014,23246,54111,32395,66022,2B350,03076,62297,71533,88288,54377,56201,02561,62512,71278,41136,21150,59202,27289,38090,23021,28075,65211,59507,95054,59508,68371,19068,36113,65426,2A270,08034,95139,58163,71016,42290,42185,18020,89212,95301,10077,33178,11246,89287,70003,62728,82167,38386,88125,80201,12034,72342,77034,88372,12157,67131,89331,69136,89071,14619,07063,59257,11136,38163,55102,34303,15056,36132,52125,91148,70504,26035,78311,28426,85022,2B059,24115,86234,38018,15243,58010,80635,59015,41103,60459,42102,22152,06111,63116,85264,03145,63387,89033,24029,02289,80123,59666,14322,06124,34166,21387,78224,61077,32162,61487,27226,57636,46032,80292,25024,26378,50200,57488,47191,78531,49155,67451,17258,07240,83054,55581,62028,74030,14150,14006,40268,51299,45113,41022,76253,47252,17153,86018,76271,21363,69181,42199,11014,54240,64321,62081,74259,25181,14630,08249,44113,70064,08110,55371,80550,43034,65381,31489,79088,62386,54091,62184,17180,41206,65384,09136,71105,55474,64389,32292,73001,48137,89012,82083,90082,79294,66185,73183,03274,34144,48130,41046,36076,21374,02429,49064,80139,91137,35159,80205,32139,89200,60550,59427,27199,51590,16369,33446,27682,56209,39058,31472,78368,2B050,80155,13213,59284,04164,80466,50519,12215,71372,23145,65191,2A130,14183,73162,31042,69215,77403,38277,64073,47054,63301,67067,33089,87093,60578,30168,91106,72249,52220,35194,79123,16281,76467,05016,56236,64287,66172,67306,48152,47132,80207,19248,32134,93049,55463,69149,45130,30153,73248,21070,53256,52284,38527,69184,57320,30151,38378,70031,07037,62369,09187,46209,63193,65459,34168,57390,16015,02554,02240,80044,52101,55470,91248,85076,82052,16285,59667,09260,74155,44028,85014,68234,35306,09300,66079,10272,61145,21339,53246,2B344,09089,54005,42077,69163,14281,27617,2B263,86053,58083,27177,32323,44049,71406,23013,16131,97101,31390,77262,69385,29021,36153,71524,40240,81178,31094,90009,94071,63285,31342,25244,27477,54583,53160,28001,59299,05179,35294,62496,57208,51322,02350,93050,73286,60665,67448,02095,15225,60006,86290,89335,73156,51487,23077,49326,07161,77243,16316,62598,80606,12003,12161,38286,56124,88505,21686,57176,58044,59358,57505,33360,46049,60522,56186,01399,80360,54541,50423,55465,30234,77087,24225,47171,60267,81199,22069,51524,51649,81198,52179,89209,52416,66030,66027,38066,70132,16008,39514,02571,70001,55403,56020,32418,28028,60663,52429,59016,58093,51415,25618,72341,03310,77198,37262,62370,89102,77015,51070,15234,01127,57338,36225,56036,86061,68357,39010,18134,02179,21633,10023,55082,43253,32387,51212,85070,61498,51378,40117,40110,81020,40137,09138,87034,70010,58098,97103,54493,64085,48032,51545,12011,11259,52336,10155,97221,12017,38416,50059,76414,80540,53114,33480,21126,23157,17003,79025,47309,88468,22340,95491,31159,02048,79077,70499,59480,73119,01232,28177,68034,30086,58097,46116,04211,37256,76175,53059,33108,01317,24429,76198,51242,02615,62564,23059,08065,40224,49373,65014,77183,84045,63393,51634,10079,68358,76084,02369,18128,35143,50563,57162,28167,29094,07018,71453,63036,63284,59573,40199,17183,83012,42231,39378,39111,70028,76309,57345,59557,04175,42221,2B319,77150,65360,51377,52056,71237,19119,79090,88499,90060,54416,26344,52353,69155,89181,48097,31126,65469,49359,01376,61095,46119,24487,76357,64444,28364,89325,79158,60323,51196,47107,31437,65418,36087,76495,67051,50038,19130,32350,57643,16079,46338,02565,85018,35196,11019,55414,47235,80453,68158,08291,67320,87204,16107,51535,55457,70579,32226,42097,76029,33404,34254,38059,72050,80387,80755,16139,57634,67245,46031,88126,56070,47105,25094,38531,77061,13078,41037,76489,79270,51270,60379,74090,33040,26262,43138,37158,25458,19052,34328,25232,89313,59494,01398,02238,45158,47155,12103,64345,62145,24565,77466,80015,46310,86006,36223,55050,40307,73253,55076,25036,01272,57535,78236,59622,27593,81173,46332,51246,55381,31082,63004,70159,51498,79276,64534,68232,41177,60055,77312,21472,56087,19141,79079,65406,89095,93064,07228,31235,60686,24098,08322,2A117,63458,02391,90020,44134,18281,71057,69087,02478,45107,10364,77449,17366,31193,76434,01447,12294,46004,60142,30156,58251,80241,2B190,91687,31482,66056,16099,28331,02057,2B250,35264,02723,62897,43141,04045,80133,60369,83090,57483,45115,60444,22366,33124,34222,16370,30057,77376,15070,40227,81053,61124,28187,12269,77040,24010,08278,26379,25443,69168,79153,18022,62351,80283,32146,35355,46113,35224,31129,21431,38211,40041,38438,05164,62407,19050,83025,41231,02765,01365,05058,25331,70063,27440,02272,12022,15208,11204,66204,24212,32081,71552,38445,73071,57648,59125,14110,81022,02484,42257,22328,86271,55207,30248,76338,68064,80240,81135,21033,78036,17464,27412,34055,54330,57560,33314,70400,02600,39571,71407,84024,08501,68327,50036,65039,11292,12174,91215,49080,56019,55472,83115,52274,48111,57653,64094,51563,76755,87081,81244,57749,03002,18116,25627,26269,25287,79013,09195,76569,28134,38448,07305,57698,71187,21323,28383,10419,65335,32114,64362,02745,01332,51055,22049,27334,32396,50647,65343,55226,02354,24432,91473,58128,54069,15013,45285,03191,41129,40023,76438,62094,17061,91390,62877,64465,86135,97134,01285,44142,64095,24458,51022,47036,28248,32333,85158,80365,17002,15218,18240,13114,29167,43264,86047,39367,24301,67004,50443,80078,29110,68284,76048,71007,71025,87119,33321,2B167,97307,01233,76162,33509,39449,76533,62321,42036,77294,11175,62826,21477,01194,27035,80342,43073,83039,36107,34145,04079,68016,32352,63104,11266,80769,10168,28122,51107,76630,29263,59560,38431,54299,39349,67173,79129,66227,38244,43206,51502,62546,74091,81235,73164,46017,05151,71382,05087,36112,02468,12055,32075,70277,11308,47015,19168,26047,02523,31492,47147,46060,50336,34237,68336,39397,14557,80410,14713,10283,46088,57393,25253,19017,32262,86225,88331,26054,24244,10135,78077,02486,02139,78264,33330,57576,61263,11013,85146,34240,81051,68279,54255,10109,59036,80563,17242,10440,73121,21143,76281,60681,56084,26085,60353,88240,02341,51238,55085,33537,74283,56223,33050,08487,37024,16325,04159,29053,91412,12065,62767,41097,22377,11060,61394,72085,91519,21383,2B084,38294,41228,91374,46086,38199,77021,80336,34194,34025,71360,74171,08444,32019,41164,63111,59660,45226,62455,72358,39219,31200,24488,61007,29017,02049,25436,54139,76512,68038,58223,08200,70573,15223,25563,02101,15045,53261,66055,51222,52449,77345,16252,85210,17451,33419,39206,47101,58142,71270,62012,11037,95181,80234,64353,82017,57362,39079,22128,65332,19210,88523,30176,30296,48171,77303,2B116,57220,28319,31188,19139,60401,02687,76318,59311,62180,02097,29034,67214,67239,04183,67134,54589,24364,81247,37269,55192,65222,11138,52421,01069,08334,60127,51164,56066,64292,63105,07069,80196,61076,62422,64274,41120,11256,26346,59175,48039,38147,95365,37280,37248,52013,58301,12018,74296,49288,59047,02744,90051,11051,2A253,41168,52438,80211,80105,74153,38345,48036,70008,57166,76063,56243,06013,22207,38087,80149,65225,80324,70187,21685,64260,38325,70480,90103,14378,66001,68344,19262,17390,63022,21651,82117,63042,33464,55518,33220,55298,65170,71245,37243,59619,28039,64342,76297,62187,67123,60592,67541,10105,46227,41179,86079,82163,95348,29298,27481,17353,51228,01058,47010,2B214,50471,54538,64032,88366,30081,28072,50084,10090,32091,39339,38391,36208,69157,38146,55268,11369,59535,50304,71174,21052,09306,60452,83129,41222,50629,33177,68147,42302,36166,81032,39061,09169,21501,22063,80029,2B043,23261,05170,82086,70254,16132,10284,89360,87188,72246,14179,14640,91111,59649,08169,88343,33492,63348,97113,30092,29196,16399,97202,91411,43112,31416,78343,34053,34042,11363,28363,74179,34031,60238,25514,70542,52362,27291,64237,70413,65354,28242,66128,07234,13007,39401,32125,28261,90030,62234,66088,79029,13080,04005,56167,17111,65012,74225,23101,63038,78407,66199,32362,16361,71554,60321,71527,68191,31282,70221,2A094,84009,46191,07157,11069,52175,31373,08196,80682,62350,54025,24027,38240,10070,11300,53040,89404,21050,51597,09057,26115,69071,65070,31487,97120,55208,38039,66046,16283,2B245,64344,17448,48085,78072,39070,26146,40310,24324,18125,08430,63207,34271,59177,33062,17394,12179,17417,81271,17444,78681,71203,27251,62338,44148,16404,28071,53069,10200,88086,07295,64183,15176,33113,21502,70459,80710,35079,95489,81048,56118,93015,08205,13211,43261,44136,39305,24415,45237,11045,77068,60130,86076,24466,33076,83036,11195,49381,02260,31232,53101,51537,62574,31434,37083,48139,13054,05160,28344,18035,08122,19256,32285,11270,45206,81252,61225,59608,87100,35151,49100,34221,03220,62032,06037,90055,60551,57368,85080,69110,64386,32073,60504,80138,23123,18177,48103,74067,29100,62751,10411,2B148,04007,27525,83023,29248,25214,54241,48030,26028,39463,11420,63256,40058,89173,58103,24247,50042,15113,71065,66089,71067,51660,27277,28209,50275,62398,31299,14137,53041,31457,33296,26020,12249,57262,97358,32286,11152,09233,62200,69143,16227,29213,85089,28397,28254,89044,27018,08468,54519,65138,68039,24175,47249,71505,03096,60469,64255,59118,70076,31285,59353,31099,88143,67113,32155,33007,55110,53086,82001,67242,62797,80688,62179,77214,76223,40077,15142,67520,16047,78418,02563,39324,59116,56263,51104,51182,59282,45289,04042,39017,62262,17343,10097,27258,34308,39366,70120,23011,80458,02455,67031,40139,32429,37177,27017,31319,19086,15220,89036,10229,63435,51452,33334,37175,02499,54224,11072,10138,70462,14559,27590,52273,19173,39247,12029,83078,71074,30065,56060,41275,47152,17468,18115,67107,94015,37108,63346,2B107,54427,34234,50552,35299,27042,02411,14449,12021,27046,53234,44146,62311,70095,71036,53042,15268,77072,55568,24392,46295,05159,11088,58155,25192,89461,24230,07258,38303,42017,57008,46340,14024,60386,59324,68134,32231,38029,77193,46219,54056,51243,44172,80553,63372,88008,50239,77030,51291,08384,65024,89446,89130,40043,62203,42116,10328,34282,35288,22008,81224,41142,70469,14375,16057,11296,84015,81126,72044,06046,88172,63024,80438,60075,71222,57179,91293,71164,62077,72089,87053,55041,17478,25176,24040,59428,27247,57764,24161,89423,24113,52359,64098,38034,11158,39520,43072,86175,13201,67453,42242,33514,25283,79103,01244,07276,02809,62669,57732,68025,09130,71158,51172,54329,17080,25186,31210,42038,39086,50537,53082,55084,25481,62171,47124,86073,24462,30101,62016,33505,60428,62881,57502,47005,59139,33190,21346,64155,60693,50463,91021,07307,29125,2A351,25279,91204,37200,19134,30214,71101,50467,35012,04143,17270,82168,63401,74109,46026,21093,03133,14007,27230,70239,80798,44029,17243,43087,02270,67331,27335,36154,94054,72152,35272,31496,95051,29290,42098,35242,12244,23227,15119,52244,42236,42131,80282,61421,07267,2A024,71436,02501,80187,51079,38432,90017,45249,10360,05081,71281,66203,06087,08323,32040,26107,08101,55410,21178,36130,58296,39551,18170,72190,23075,52124,02119,39147,88301,21535,70564,71519,2A001,21384,50495,80770,52275,52113,32455,39460,80038,51325,10151,71001,48150,43037,18259,32358,63268,63457,78608,37266,23208,60052,95088,44119,57581,77227,41109,38335,88012,64559,85105,15004,38238,59539,36020,27433,70540,90093,93051,31051,08313,79008,60243,37132,86022,89141,72235,38133,25326,27112,80164,73052,39154,64484,60150,78168,25434,68368,2A300,41282,68365,58188,50129,52347,27602,41146,31545,51095,01411,86239,55134,28090,86227,76401,70360,71006,60308,01382,89034,41084,60671,30243,65249,46069,78644,28047,51483,63446,27486,76008,56017,16146,16269,28176,64405,83069,02190,77438,09014,66151,33233,43250,51141,23095,45322,11064,77388,76060,14528,17447,24371,70040,32200,70395,77341,14124,02731,19159,38417,03059,42118,12286,09330,89329,56264,06131,61331,51336,77304,25163,47092,27315,70056,72147,42289,77005,25198,44095,30267,84129,67353,66165,62183,51027,15169,64317,04122,89014,70376,21378,64448,69124,39024,51324,77131,45096,93008,88356,73274,55100,57053,24032,21276,47110,78006,41235,51265,88257,59250,35177,10367,80310,54038,85001,63142,36248,18010,24209,77197,81044,27015,76273,49220,21652,57027,62642,90057,72031,37167,50571,50029,05071,38365,21469,01034,10231,68354,11339,41057,27504,69004,27002,68083,08331,80645,64117,40020,89163,24207,82166,11169,15092,52384,59204,76541,08306,57231,05135,59087,63240,33333,52510,22331,44214,80191,24587,62236,33086,60587,52290,54569,01175,32029,15060,2B112,57537,28309,62477,57137,26341,72362,57381,47062,66037,01408,83104,08044,06117,31121,27442,51429,16070,95582,62130,89327,78013,28421,30245,10238,54205,50577,01041,13034,02599,12049,16338,82073,77235,83020,58051,70088,33253,37031,51572,70525,09051,76289,21064,88011,69386,63151,10298,03304,18285,56197,16204,03179,55023,73072,32101,02506,93073,10128,07191,26279,01129,50511,61266,57532,61322,55400,51511,50412,79196,38077,39188,55433,77031,24581,66094,51071,81127,55386,60217,16240,70211,65361,24460,61152,76320,84016,29178,34038,70291,88054,21072,10194,21632,71509,23130,65126,52099,15083,61429,33303,76141,73308,31248,31343,63119,26174,95637,21546,37001,44026,69250,08128,68089,60466,91274,51305,47035,80407,40221,73029,72382,10388,46255,50517,30037,02080,08014,50419,80657,12134,88124,02791,65125,70541,26154,21304,42205,71148,58135,46263,29025,13006,45256,09206,21239,58078,39575,76442,80774,47318,08361,52023,16286,26081,31550,30242,39392,53094,52486,59072,89320,81137,27425,40148,84128,02469,2B170,09331,76571,53103,55535,88017,04091,52511,52127,33299,53156,04174,43132,25172,76197,51602,09268,33019,12062,45298,68131,73109,58275,40039,51137,60440,57405,76473,12250,36169,71145,09316,78164,79246,50523,74139,05045,94001,16095,27431,45326,32055,02039,09024,51329,2B168,47214,53193,54593,53181,38197,11042,64121,26235,11061,51656,01390,23254,35135,25173,14042,50518,54537,47312,12242,66047,78397,91180,45214,61117,80787,03146,82076,26380,43015,56008,19024,23033,22040,08436,81146,71431,17481,59009,59607,24554,01049,80406,77133,07188,87162,57019,76462,50576,31083,15163,67202,74049,71066,72054,54022,65046,55394,80467,08262,33457,47135,32184,17408,61021,21716,02623,33109,39280,80194,59170,56071,48073,47121,95355,61088,24339,65055,01274,39121,61319,06138,25082,38011,70374,89333,31506,14146,25341,77526,51192,33171,33185,68322,35282,33278,54270,81121,58205,66196,25220,80417,80801,81168,76468,33541,63318,65082,16419,60445,58150,08124,06156,22153,83154,50197,57464,88373,10334,76099,93047,59189,03197,74074,45154,14194,24572,28191,38284,15042,70151,55200,21711,02763,24293,64028,63292,28166,70350,57366,63163,19172,50389,25050,65267,57175,95026,32056,82057,14665,21688,25611,89199,61269,01323,66041,94059,16412,70407,21351,80415,80079,64485,39274,55211,58081,02813,16320,87106,73113,14180,39501,62284,64558,59474,68230,35001,85194,39227,74043,82160,27627,19034,15007,31021,56120,06034,70474,49070,57230,77245,80668,14734,68168,67066,57639,59212,09178,25266,50193,24052,62697,62788,60596,76682,31556,38190,68102,08454,26140,08026,15131,36095,52040,11105,11150,46144,51603,76390,26068,77359,81138,17218,35278,64510,45294,76373,80357,88451,59578,48007,85286,17282,59321,68311,67525,46012,82014,09070,02685,33053,45134,33152,67321,40246,55423,31464,69032,84117,36146,70023,62661,37219,08062,08492,26149,38160,72006,83015,15036,21544,43171,62433,51249,26245,25424,21717,78478,38175,62084,47012,53068,32190,80785,24558,16164,43203,38092,47046,2A160,02524,36058,86249,66233,01371,07325,55216,40006,02198,80408,35183,59274,29059,64471,51008,30228,66132,60272,62196,27455,26227,78423,31435,12090,12266,32447,32408,46220,68251,79350,38331,03268,16312,52405,86040,03132,55559,04107,19161,60427,51061,57657,01325,77174,64203,47193,27521,72096,37224,27463,02642,55526,88508,2B230,08027,74262,50142,31474,29256,38099,54058,18172,90090,55449,33553,38106,32374,62458,80351,25336,60634,60249,33525,66168,51301,57117,62709,68010,25508,50365,06078,06150,77417,32217,08433,59021,89092,35122,37202,22244,67186,25175,62902,33015,01157,56001,63305,38453,45217,80219,85181,07077,07151,90077,38283,35357,16122,09143,55104,17407,47099,15201,70188,57246,25476,61389,89341,60086,21516,33291,38098,59013,72115,17213,58130,62454,95592,54499,16012,62406,88367,27434,70054,59634,71285,87203,37261,66123,60144,24540,03102,72220,81122,79156,77144,03098,54120,03305,69285,65394,49367,55201,38292,49135,57465,07118,21128,21137,69246,50198,17174,35025,64399,81284,22095,21514,55452,30189,69183,19179,11020,64027,62204,25612,21272,02385,07002,78140,50151,59018,62498,04189,39557,54362,07051,74306,54485,07314,25201,48190,42312,29243,16415,51158,73230,88243,63232,24133,24273,52038,14370,23258,28051,04194,76212,02555,45234,52457,88223,55096,82072,25210,52051,72238,2B224,59140,14531,10026,24285,44031,88459,61029,24076,44196,65445,74242,33104,58221,38022,25561,45272,87147,18005,26337,29097,02267,34048,95197,02236,60203,47208,28300,50026,02798,35070,36137,44137,30077,77085,77088,65383,10162,25164,73020,43043,55482,07293,66125,02262,51514,04095,24126,33263,21243,01196,59499,60334,27180,68207,32042,03174,77318,71003,54187,66050,25359,53175,02177,57752,33436,27460,72075,62018,21134,25030,71039,68066,63234,30123,13101,05047,71351,07036,62220,21562,34012,34019,67324,76117,44211,50144,90004,62087,79118,17310,27576,65452,74302,14367,31289,23141,76190,76194,53154,11100,56122,86160,45178,77265,61026,85220,33507,02579,76620,60441,12184,54318,22030,09064,77080,83002,62413,2A232,36106,57072,52360,37246,22146,85111,21634,64126,77402,11294,24051,16018,76699,91593,2A056,43147,68121,33389,80805,64472,10094,71228,51470,02423,26136,89314,67475,35234,41163,82136,44165,10131,85071,21316,36047,24004,71060,41191,67147,87127,28401,07211,87089,72158,27256,84144,36203,02313,47198,74232,28395,70487,31271,67377,54040,29022,72286,77252,70192,60111,31038,19029,14448,81197,86222,32312,31392,23239,18248,22248,77390,50554,23051,82125,88015,42286,03219,62882,83065,73057,38108,91131,21177,19246,59661,26246,02490,10106,36079,56129,33151,24295,42107,08259,34015,58067,03085,32129,2B364,34247,21424,32228,73320,21160,54001,24434,48034,01036,59359,53140,22183,48027,19188,59302,25570,62490,25166,04244,36124,11227,58074,09313,10405,69017,61439,41156,56242,47048,85185,57199,15238,76638,80607,34034,08502,40330,01457,88376,63055,17244,12191,82195,24468,78647,28175,17192,32035,39184,80383,54413,64110,01145,62762,02379,17185,19121,37254,34079,2A040,38150,55067,39207,13103,52043,01263,09018,17078,50167,09110,72062,51056,76094,26317,47194,59330,56181,01415,62371,89283,58076,39502,47223,02173,58238,60319,55267,2B243,87083,34311,14078,51436,21583,84090,72112,64547,17364,76712,59079,78575,38444,2B267,67176,81290,02234,77249,62381,47264,54461,35109,74096,02759,08045,60252,73294,24137,36177,17470,74145,27349,03169,2B299,59354,34090,95628,04031,47227,55256,60458,56069,86074,40206,38509,53253,06083,58215,57284,21549,81144,26290,69021,26089,51294,89150,40085,91135,38366,80083,82028,47063,17276,16160,33221,02531,25086,31470,57177,38217,60507,46080,64201,29208,34249,08236,11436,31514,45224,89426,79310,60236,01441,10143,24577,89310,90083,06074,51370,66021,50478,14380,46114,16232,85250,62737,39400,19066,61371,41273,29260,59601,71231,21597,21069,32250,2B297,27187,81248,62402,67290,27518,21679,24213,71373,07081,76076,40118,87069,29262,77050,77300,39361,70165,27383,59210,10166,53192,23232,64153,93057,73168,39053,31290,57572,70552,48156,57546,74223,50594,37066,24043,11257,05012,67466,89221,19003,16306,21124,65044,45051,54082,57723,37103,2B095,80057,46037,62334,35040,57630,72281,01092,19234,01306,06007,06091,09184,39138,29113,02118,97231,89318,27350,25162,64390,29236,81230,69196,33366,68042,63419,37078,01368,16104,10368,14290,02038,26179,43079,21095,70085,54039,70339,72330,40228,71387,25404,30276,01247,17336,60116,62848,53036,57119,32293,09118,64385,41067,36198,73227,07185,26017,77518,10184,04088,60454,36049,11146,11009,24555,39112,13088,50347,31002,88474,10301,55344,85083,89063,26006,45209,71504,08310,39426,39051,91022,38259,58182,11134,62596,81145,63176,42239,14193,90036,50473,07190,46230,57737,80380,21704,27700,34263,25495,69209,88173,39398,62256,59017,45156,29015,02413,2B074,56021,91393,86269,67257,88399,81179,50522,24094,49306,50210,77103,64417,21645,78050,62280,25449,04059,65347,69249,78265,61138,21275,14439,08357,94074,16151,03236,38539,64438,52169,49347,51630,47306,76754,38263,2B013,23245,88386,70018,22141,33424,01170,12091,25087,27200,62793,47011,21619,94043,62313,82069,29082,89170,19276,02054,31060,43140,35086,57372,70359,10147,42160,42181,21610,52085,73114,02464,66048,64156,50541,54032,55122,10263,42120,80521,39535,60536,62871,01023,62643,19251,54080,52289,52069,25281,72102,33372,29032,31436,04120,31488,01124,03150,36229,25299,45264,55120,11394,86092,2B183,52440,33542,40167,12140,73176,19206,60046,69165,36062,64508,88260,16120,76070,01249,38363,68012,32424,01335,53152,51589,71553,33328,81019,89020,49283,66098,21009,83122,28368,16068,79135,51150,60521,71321,80570,51318,44145,62092,30211,17100,81264,19178,42035,92036,2B034,28403,43003,77529,68280,11357,41286,60703,55503,57341,27077,49188,08143,91399,84093,01280,64195,07268,42165,17004,50493,87187,89009,79124,80208,52237,35291,14197,39389,73087,59572,40315,76317,53089,31356,2B361,26261,21259,07335,21234,60145,02441,46170,80195,30324,07059,59150,21575,68330,13023,28380,31019,16049,2A144,93027,76658,63148,2A108,02608,24269,65114,32303,50076,62399,81101,37107,64431,57174,43214,17172,01012,14437,71332,14218,10318,53093,71345,83138,51199,32087,63282,02727,52456,31213,77437,64271,14005,45127,54149,55366,60176,18044,62151,76327,08020,70167,31577,50512,95323,69008,18033,10065,80646,27249,18049,21386,66111,24360,17032,27516,62838,27420,61081,29255,78506,64014,60473,25015,60207,27426,51059,27396,03008,89186,71421,76396,45300,19255,70057,27392,27469,01195,86069,59215,58047,17194,12107,01425,34065,63410,78202,87142,54365,38485,39060,51600,37193,39550,78557,69113,58302,76511,87168,18107,77078,70559,46235,36209,71120,42015,62904,84062,2B321,29049,2A014,89393,52102,15129,12043,07129,86150,77250,62573,52130,27589,71061,18284,19247,07024,51230,53271,22285,21698,50335,71142,40326,02734,51625,51496,68320,15033,15076,59303,77253,58173,24276,60585,16381,33348,21186,83088,03284,62419,12071,34150,07171,40019,62221,21371,01076,54402,01231,89089,18069,54481,57440,31431,35104,51515,27193,46013,11102,59379,27163,03143,95680,63196,28007,09159,33502,14394,84135,87199,61267,62331,59595,42249,77469,52228,57101,32070,73122,09134,58253,31368,27028,61360,72093,62325,39105,16105,08013,83086,2A022,57525,74019,87082,28183,89042,61217,70314,15057,28185,47258,02079,81321,64499,54571,34060,62451,57136,55244,86213,48153,80523,43006,01320,21542,17041,59426,08486,01108,26056,88148,79128,76385,61472,78245,29042,87131,58092,67445,63050,56188,68242,34220,31111,62063,28389,83075,41276,38561,62820,02794,49161,67112,16341,89469,53062,21696,09090,77357,51430,47113,34296,21197,65283,85280,14009,46108,87028,11325,56225,39255,33416,54031,70036,26097,32203,04171,02399,24234,2B227,10387,67077,08144,56157,11194,25411,27267,22182,76380,57612,42280,77427,63406,77321,39290,36219,81228,21099,07173,05004,50626,49362,59657,23203,78117,67287,45040,59113,59606,80435,08099,67412,80812,18269,02569,37060,76176,50208,70317,77093,33510,47189,06041,38343,12009,63010,86087,31338,09080,08346,90007,52076,45170,38308,31364,68194,24144,05061,61390,58217,26065,64519,11263,31127,87062,45166,18165,70204,17229,62217,81306,76472,14635,72041,83059,33318,60583,39543,46133,89458,10262,15061,02788,51174,76375,29168,91045,46320,74295,44094,73006,32437,72017,06082,73054,78576,33378,50509,57428,49336,85288,62867,66156,55575,93046,73025,26100,70294,45135,26188,16241,65128,21340,01421,80433,73007,58045,64294,30212,25355,60423,08218,68374,46058,04150,76486,72177,67154,50643,63049,26164,21147,61459,2B218,13064,2B106,22042,63082,15072,63450,54363,64099,06012,11196,11434,74021,57324,40090,38521,24022,17228,56018,11186,60219,77472,58009,10380,43060,11202,66019,21510,71402,71541,79089,39441,13027,55045,60151,39261,45076,21308,66147,25631,22166,60348,86090,65092,62694,07141,66016,27147,52459,81061,02634,21594,70244,88045,52189,88001,31125,02570,49267,59505,82045,35033,11341,13021,89324,60287,62494,95604,49338,62218,42020,21456,15247,51443,32460,34227,71073,71244,89125,31337,64251,08156,85292,72267,84064,08158,29023,52167,57597,49329,82193,02719,33251,62768,79355,88227,37111,79284,25487,62174,16035,14374,35172,39040,33127,07248,10338,21082,28305,08160,48071,08282,04092,33149,27587,27284,40212,66222,12150,08324,85295,22075,71185,42318,34089,25029,68085,58243,13045,44139,72171,30043,61316,54312,27570,43084,03081,50156,89406,66012,95660,2A026,76726,59106,49246,24119,92032,90104,42195,60054,58162,32267,84061,23015,60296,52455,27181,57331,72329,61447,22364,2A021,87178,71507,2B337,62178,76679,28026,59425,32167,70402,07052,12240,71543,10218,52321,77489,06094,21463,70044,50049,15240,49041,27098,62843,05017,31172,18276,47226,28153,45218,59585,50599,25180,32205,46021,43217,21419,13028,43149,41130,59338,34074,51369,64016,63466,11002,58191,62538,68248,29013,14426,38401,14468,14364,03190,17432,62213,52432,12019,57588,60646,51060,26082,77292,77313,02213,91578,76208,71104,38206,49029,71404,22240,71517,37184,29047,24532,01435,41121,50110,63362,59209,62875,80223,54154,90074,21035,97121,63310,58129,36246,10308,39239,76011,93062,66216,23133,87129,09234,85179,27630,36127,62315,09244,25127,27016,27488,62143,80258,73324,58194,42085,27325,52115,10024,50025,02032,55232,59372,39489,60248,23143,19157,33132,94033,53051,63147,13061,33170,53224,60408,77255,72248,01080,80165,51493,03042,54460,39008,25453,02602,39455,09262,2B016,74297,77327,48127,15172,39430,49060,95656,86211,67080,70520,23182,27343,88205,19174,36094,95280,67008,51388,23032,62786,70576,59275,72131,24513,40116,50368,40264,63432,19170,55265,23140,43010,51179,16168,10401,59599,16048,62618,55377,11106,74213,23017,52197,37211,74156,94028,27338,58048,74131,24162,24486,22255,60589,21675,11170,80121,26251,81274,59278,27242,64060,53267,77395,72319,59128,89084,27684,12116,24067,31295,68094,54136,45281,57329,41173,80137,61392,77109,15138,22156,38089,72381,29117,85003,22287,11043,62555,30329,01308,21077,02245,63271,19065,11229,33269,26156,27218,59104,97352,02217,51326,26285,97422,21440,62457,33394,02069,48175,61256,38270,02110,40248,18183,25483,57479,55436,40201,14069,01113,23081,39025,54339,06101,54364,11240,31180,58180,83044,71079,61294,16153,67386,34321,26215,08309,57589,62736,50074,71224,52390,24472,10268,49310,34008,63293,26062,36174,72225,57191,66074,54494,45164,31145,73259,97605,62885,26127,51398,29140,65400,52172,11165,77142,70062,40279,80584,62044,88295,79210,50184,72157,02557,14687,76257,65431,65190,39134,80603,55225,35152,17186,80306,11068,10141,77268,02440,50082,35089,03053,23149,71117,57126,21230,68382,80576,24148,25467,34268,88094,32330,38254,06071,95493,39468,70122,33131,17102,64307,62645,87182,56106,72326,43170,87130,38425,39538,31367,71287,60180,33523,63385,29133,15203,27493,34335,93053,24069,21681,90101,30283,69126,77276,61068,17116,80804,67478,62319,39153,12175,73241,51017,17009,67032,45025,24057,76179,29220,54098,65412,23176,64160,30233,03209,57578,38460,89094,33207,73090,30170,05134,02056,43169,44046,64546,79147,39119,01090,69099,62328,08168,21111,67286,62834,02353,54029,40050,14760,33056,07304,80713,19177,49036,37198,61150,14735,32232,55335,57218,36071,46034,63311,71238,64123,54230,24006,53099,91114,63326,2B045,04132,63400,72088,02402,37055,67409,34208,89165,30055,63186,77409,40235,27130,87050,01078,87145,09062,38446,32357,23067,15063,60575,60119,59228,34134,11261,79308,37197,10438,88129,43041,71090,78337,02533,21056,57753,22373,09319,63353,39203,60336,11281,37213,37168,50008,62144,54440,30302,74100,60310,31136,64400,25552,19243,51632,91634,16359,52194,46098,2A035,39146,57178,64107,60581,35252,57446,02815,02712,86038,32144,87045,33420,34192,88051,62842,37171,34196,66036,15256,88517,54525,76343,74305,72137,64434,18077,21222,53164,42143,88488,38349,63135,24210,16337,61482,11389,25320,46233,2A158,61502,48086,42115,65376,47068,88497,11402,62553,30178,33210,62281,10342,80076,56172,02063,32133,71441,25536,76350,63159,67228,50182,10176,29173,60511,72339,89208,32031,37113,31326,12210,02735,48053,64524,02754,11015,57442,31477,19116,62326,58082,17112,16352,06065,63079,53077,08375,34284,89245,25092,76750,50479,28154,48063,35208,25096,65025,41215,39293,72161,59290,49358,66171,62277,80639,71484,64019,94075,57627,79274,51353,04207,35284,39266,03235,70014,59088,67467,18166,59050,65396,72174,87109,51206,29077,30327,63339,81169,83038,15067,41149,31371,58289,55288,54517,73083,60374,32241,46132,71208,58311,45157,57071,17029,25427,63092,25374,37087,05011,33486,16025,14174,57227,77110,95014,10037,26032,01257,10173,60480,62445,26031,09318,21612,43183,19186,89256,89224,07349,55572,62100,24316,47027,28059,56162,16141,85291,35338,62752,60099,19043,38177,55479,34011,19039,64373,14476,77138,58210,17154,02448,70408,53144,24349,03319,29289,29207,32131,58257,65466,72028,50447,37160,59005,49343,07298,19101,83151,42119,58293,60234,37228,16190,80460,33428,26148,04001,91080,2B020,59028,19082,24261,21254,88266,38459,95690,69121,54045,67540,90053,60609,21447,47126,27407,52403,64458,27062,67310,65045,88419,33295,18103,19108,14366,38525,73018,76088,17011,47186,05062,72343,02407,34327,46318,24167,80477,62528,67075,72331,72107,76075,95254,05108,65430,73074,57278,22003,61503,58139,40301,59440,23191,57317,67189,32127,65078,72228,60098,84071,51084,25062,86196,33527,47168,52222,03250,68254,21491,88516,40317,11321,62320,88022,21212,88293,80528,51160,85081,80735,62652,97133,28144,29070,57156,89190,85020,57603,10344,86046,71035,39576,21146,76746,27081,52090,62273,49022,10169,50033,22266,29158,22369,26160,61039,21538,05092,63008,54478,67082,39157,81207,24413,73299,44129,77496,32149,18257,33382,63291,47125,40223,76613,09243,74124,21520,09139,38429,78307,22251,42106,22178,88052,88491,56194,78586,23253,74194,10158,86191,78185,50482,59407,65237,63191,45329,42228,03078,60294,45284,88091,28237,60638,47069,16260,77177,50525,14658,26155,43233,90096,59651,54202,02143,2A249,57370,51599,67210,57374,85303,77118,56257,34041,63035,70072,27436,42150,76101,59382,54138,68118,62726,10429,54568,77264,31008,14282,03020,25502,52055,16106,65397,07085,52388,19171,43002,25196,2B155,60047,84133,61214,80088,77524,87012,76478,18236,44090,26250,55552,48151,08086,87189,61066,60115,08233,02274,62893,15122,39428,80740,10236,07028,14379,86173,07072,88020,33216,57092,42276,46339,95462,21591,65374,76591,43154,89133,11111,14758,2B280,49298,35145,60512,24054,25454,57439,63047,51609,42094,61036,68184,89197,11203,91240,51103,62613,59529,19106,03187,90063,03308,73152,02061,54105,50488,65176,15236,58268,68099,88344,08151,23008,71023,53238,2B241,36161,14681,68253,27391,80340,54221,63338,37250,23193,41185,21269,51066,02747,68273,36185,74066,39073,64289,62452,02087,01337,61053,66179,71582,32405,03087,54601,25428,40291,80377,58278,02596,57767,78263,30143,65391,02335,74142,14664,77180,53161,17360,71580,60114,68171,40170,87066,30307,25119,86041,04094,52393,41031,01103,57283,78281,44122,52514,08172,42322,12222,57236,16166,12301,34080,74111,04241,55066,22225,70460,33222,38298,59479,24279,89055,14226,50207,41178,88484,15027,16379,64387,54412,76370,38337,01267,85045,67149,74141,01043,28213,38426,89154,71124,35170,30308,47075,52134,16416,62308,02328,73187,30108,55560,27310,89167,76756,57245,63089,26278,11258,02187,19278,25077,60110,64239,17219,89248,02752,37058,29126,15162,52446,43134,52512,30121,76119,29240,71240,17295,40078,85213,31588,68295,65150,62089,11433,07328,67415,22185,12305,43257,80245,60092,21021,34337,71549,71130,38553,70502,97416,11409,84033,80507,67442,89445,58146,78334,89302,06049,38342,70035,95476,90094,21175,02146,26372,03178,28223,25310,81164,78297,23220,12160,02284,65253,81075,43109,21490,45122,03188,46001,77094,02287,69208,31321,77187,95102,03006,66109,87118,06056,57140,68043,77428,01187,42117,21281,38183,68072,45120,57002,79150,17104,95078,60100,43228,31073,45223,91421,65168,86272,13044,76097,60225,65352,45119,95176,17072,29085,01279,59558,08255,71499,49183,53045,27063,34156,21240,36136,67265,77127,41093,33036,25177,62515,16373,51162,62404,80280,07083,12145,62610,65380,30132,11081,51135,12171,57690,32027,73303,14667,11103,44020,10031,79342,73304,71522,35136,65425,35290,52135,35217,91186,64335,71515,19198,34292,58183,65079,59006,35162,22072,57296,40063,55404,25634,43225,12101,04017,2B318,07265,60683,31478,39325,18024,87038,55034,2A031,32185,95058,76221,17349,05050,38399,54128,31331,86072,23237,55002,65194,17064,32083,73255,80814,76213,54151,54167,31288,27323,59466,83009,33319,88502,35139,39381,28281,47018,57258,79273,69240,18117,74307,32423,31043,24138,52465,77370,31219,67437,60392,78465,80085,68187,67421,89220,03110,81259,82003,22249,95116,25559,71161,27067,38295,08281,18073,64300,61097,55481,57313,90102,60194,77041,77476,44035,45277,88300,18255,90061,76233,51555,58136,01219,19258,71579,87099,10211,76287,52513,55577,88157,52249,41122,06123,80384,31048,91573,14651,2A141,25591,33043,58138,15192,14245,57122,65451,65259,47269,47163,97310,60089,06048,74106,70442,60625,30338,16075,24327,60297,33352,27595,04040,29160,07123,33522,57660,24320,25103,61379,80251,43124,01121,78096,44041,54316,55322,82095,57315,37089,34010,12182,34190,18262,29139,11432,18017,05070,27649,17311,11235,55556,47119,69200,60215,71139,59153,19012,28350,57035,65010,67120,21261,21564,59638,17486,67159,57041,88175,70172,24070,57196,63227,32435,02052,18201,80475,65421,59224,80495,52027,69061,76147,15112,60186,08049,11065,37173,97104,84052,80359,17414,16112,80325,74183,67179,25418,94042,14540,84059,65048,97417,52397,42029,62302,10034,23138,80555,09025,21189,82189,26338,34028,69161,62501,72189,2B052,14756,11107,57684,34033,57674,45131,51266,61252,02085,08434,39360,32345,87092,44202,56034,77196,38499,71198,11026,18258,41258,54542,76689,62516,01064,76232,38501,89411,71274,80742,32206,29115,50384,08083,65309,28118,18142,21294,25313,28141,89282,55372,2A186,81074,65281,10320,54166,23087,07150,43099,33316,69202,97117,59183,67195,74148,43189,45038,43126,35075,80218,54020,46272,25248,66155,76420,69090,33396,77223,57380,40140,63388,45124,89422,77018,30216,65478,21198,62317,80490,84051,03036,28078,07262,74301,25305,54522,09007,71009,52528,21608,58087,44163,65304,32270,36156,70455,06020,61349,28321,01045,24335,46334,40271,53087,89024,23104,62034,34307,24543,57382,63130,55141,28400,34230,37143,63021,17415,43254,37118,53108,17323,51279,09054,71261,53242,59199,60630,37188,72151,42234,89058,2A131,06137,09073,81299,04136,83058,41150,21569,2A284,95388,66133,88189,57398,31155,57265,59562,57536,22186,60482,70372,55328,67327,57554,73059,78439,21450,64315,76364,56103,59462,93072,28239,67551,77459,21081,27201,51223,87104,46093,39191,16223,28128,60273,31196,60404,17207,35138,45242,33552,61303,03093,38044,52380,29174,27554,89086,61264,62052,65433,87169,28009,88127,24401,85008,77090,39169,63045,49099,24008,07189,50278,78009,25243,02604,57138,85289,37186,22048,02553,25053,70136,02587,95611,55058,02812,89019,21429,51129,25360,70100,50315,97610,80092,54065,54075,67358,54108,64363,86078,51479,41131,26122,11247,85302,64059,64243,51016,46076,17374,63439,77167,79293,92012,2B304,87205,29008,59516,65213,69040,72266,31187,89364,11306,63062,76534,21364,25031,60487,33164,24526,03108,35029,62592,58148,60060,51457,97607,34245,34111,28323,57618,79239,60184,57244,02424,10093,34183,78278,18249,02193,29285,16425,32273,39173,60298,55349,02832,65021,33454,33224,46146,28407,40120,92063,24048,31212,38252,28225,55307,31483,02362,50241,62580,31306,27337,19288,02027,80304,59214,71443,64173,60229,64266,24437,03025,17283,25269,57064,71100,10233,74159,50046,02184,86003,65265,76728,16090,04070,80256,2A282,85191,40129,91159,80422,45335,07145,72353,51472,87206,62780,47120,67181,50417,51620,88002,01294,23079,33304,89056,05019,76540,79012,19135,21301,88271,45065,33029,06029,22057,41198,62212,06072,07272,85142,35266,68334,24353,57237,29175,33024,82092,02216,16217,30275,61382,47232,56149,38161,02465,65349,02215,79069,03118,71333,04096,35300,62440,03232,02088,33147,30295,90065,50021,97362,91581,64518,17201,95527,04180,41114,16108,70082,61209,18154,52473,35191,62464,51337,68201,18055,51578,82152,50032,68238,45332,54504,65236,45014,34295,57032,45325,16142,40329,30319,45039,94053,88232,2B109,95039,2B365,10441,10075,21280,76001,33274,66054,02117,42194,02305,76433,14160,49174,45321,39408,39487,11288,94018,50624,45207,63208,14166,08147,34123,04160,93039,14480,03193,56044,35092,61048,38188,31096,60134,33326,46221,48015,21496,16414,09213,16194,62594,30003,76458,03124,25251,34322,65115,52141,21568,95268,59400,17381,76488,83132,48044,62907,38042,03313,55247,82043,76028,21057,45228,55395,44180,54317,78588,67375,28282,08256,07313,31425,58168,58219,63214,82111,42170,18270,76363,81176,69078,31484,38500,76672,38476,62607,72019,36065,90039,45079,31224,19037,54281,33087,03168,02433,25216,38310,39211,17358,57637,02203,85305,39171,91533,30235,68225,65100,62872,38462,27447,79259,87002,17467,2A197,33161,03248,22107,30186,41226,34073,21702,50461,71286,89405,54035,12004,07242,10096,54130,31142,55221,25571,25588,33534,33057,31538,70045,37076,40046,05023,2A038,68321,14229,73012,64033,90002,17166,72127,02319,87115,26363,51396,25523,17197,07333,85274,72230,73293,85016,38180,74157,57499,60492,03129,71497,08491,33471,51594,31339,59664,22361,78208,39345,60556,42043,11332,63011,97602,10337,80647,72194,24192,17065,76300,25494,62684,17048,14125,57396,34231,31324,67261,31589,22325,59246,43032,57478,34340,57308,18157,57043,08419,03247,39518,31123,83010,22250,55347,81110,18149,2B140,33002,17307,60146,88218,53235,71395,44021,62372,79056,80444,64127,42339,53113,05057,80440,23247,77378,11074,16295,56042,81025,77247,17240,66210,62441,64093,07329,61178,27448,54131,58171,2A349,21193,58127,33373,70399,01198,51319,07062,27625,70387,76152,10439,15030,74126,35197,71292,59201,52181,09032,32361,68265,72208,17347,15184,70220,52160,86202,26302,42157,07288,06073,39235,47002,62757,02709,88294,25139,49009,81285,52221,04026,62108,16372,69001,57173,54099,76323,02456,10013,57298,60481,59456,06075,47082,36157,02010,59542,32138,57533,11385,69070,60179,80136,18178,62633,70158,67206,60457,02002,40217,14190,48107,38516,32028,32258,76448,44192,71574,27025,55042,65419,33166,58120,38328,54030,61453,47076,16394,16076,51309,11284,37159,71546,39118,76428,28375,60001,26331,72223,2B315,28382,28253,13106,56072,21025,70335,34266,03204,08197,16279,72328,87004,24531,76745,51275,64407,59135,60552,71241,21008,10010,51282,02149,11405,09175,24271,46202,93029,70262,57730,50452,47122,11252,41189,79309,30227,72231,41267,62137,80578,60268,36004,17315,69022,28100,21273,62570,94055,28419,63236,78545,04236,31353,07229,61358,86258,17125,07019,63429,93030,07316,13001,14003,19131,57760,38169,59167,55181,56182,88498,40072,33081,24251,50222,64061,72229,28270,14163,57222,29176,60235,11191,41123,78417,55046,31207,28235,41115,63190,43113,43062,09207,09203,89072,40322,91376,60484,76005,27475,57290,57707,52332,57311,85234,53034,50612,85167,17476,86184,33337,45055,71506,2B125,94070,28178,31177,61490,64268,50288,44185,64273,30148,77480,62231,08107,70313,04172,73326,2B075,30210,62446,30087,22320,72179,83028,27679,55276,84014,09223,47128,23263,25194,56212,64291,67484,85247,27302,19111,21208,26305,95594,57518,80626,51101,21488,80334,51253,10291,61005,63464,80064,35045,54346,29107,54371,33047,41050,62631,36236,82071,40166,22020,64413,35289,02814,52304,61078,31456,09155,97214,89201,57743,35095,17480,57277,33451,66167,32219,64437,10067,71391,60293,27465,64182,42028,27668,67029,2B238,08057,70515,02309,77331,28365,03046,30046,63120,77517,74033,76519,08280,73049,21221,72038,60329,17158,61323,02664,45216,11241,31491,34068,65134,21048,87166,32316,54028,70180,39126,55255,02371,21068,62382,22307,72199,57480,40091,21158,03023,08212,55494,54067,94037,52072,02109,09218,72071,85025,37138,50024,12287,70453,22263,77106,88362,24454,65098,67414,77279,32182,42296,21415,44213,28405,72051,62004,91223,67511,06086,80423,68285,62766,14228,07070,19045,81083,80650,80431,36197,45232,07226,46008,2A062,01088,07120,62421,80684,12079,76469,37140,09254,32041,09323,59085,60595,69259,12223,76244,36092,21690,54484,17453,39026,31239,74112,60647,21528,32235,39429,60133,40022,10145,62816,61414,69252,34336,65217,46280,80690,21448,05078,36051,35105,70024,17294,28024,19277,61321,15158,36145,02668,08150,37026,82148,76703,35059,42311,62272,88192,89240,68269,86280,12296,60396,62651,32110,79042,28008,45257,81026,57620,60230,43009,38495,50130,32215,94003,33301,51655,71308,12295,15116,51395,80116,55291,55036,14710,26348,14173,64382,58154,74292,27347,64329,17106,23213,72296,25099,47294,02244,46159,24134,55541,10235,62476,24002,11412,62647,67477,60370,63099,28393,25328,10222,85304,03033,04206,31410,64104,63374,38468,89054,65329,26309,2A127,31027,67137,81087,63459,62841,80721,46148,54581,95450,63213,91599,31100,34343,39174,77455,57385,40234,05156,35108,30316,79086,52198,28103,26064,39018,95218,06063,54189,64166,97219,61049,34184,58095,23218,52305,67458,60371,59316,16121,62559,64102,12051,32132,52542,62453,81181,24111,65415,91075,25413,42313,38117,42044,39373,88530,70087,87007,76236,79216,65206,50388,54043,88088,03083,37099,69102,18204,68303,25223,17324,21171,73211,57342,39388,68192,22347,52164,63052,31563,22358,52349,37093,2A118,37201,86247,45230,82022,25065,62565,32246,31044,67135,24376,67461,64087,24395,21466,14252,78674,67522,76199,01255,62401,59627,88246,59594,31221,45348,09196,60667,21181,09099,84097,58033,31347,64144,07291,88159,03240,85067,08252,11331,22126,37013,16354,21219,42235,57510,14102,50277,16046,11265,77369,57142,84100,2B342,80224,82100,21614,64108,17208,55064,60615,41028,02439,58265,57731,37063,41225,71388,30068,73221,25520,78227,23047,51042,79177,35316,21040,70577,51036,47043,04062,58032,64070,65111,56140,43252,60387,80651,50147,41139,59042,62700,2B208,59107,50299,54540,56200,64142,90003,02180,26266,89295,10343,41118,08494,31315,10374,88495,21049,88251,87046,33061,22306,80247,19112,18018,44159,50582,76456,82025,22386,72338,77216,62744,32061,76609,39091,71137,02421,60674,38330,43056,27075,35042,18230,11001,04053,60640,85015,67027,31222,02279,33243,32298,74002,88385,31505,64393,36119,33014,39240,86123,10100,97312,13050,92004,02364,95682,39301,48177,49235,86177,32338,25109,55262,70206,51163,22127,34267,34098,09077,15128,28088,03215,44103,17253,81159,33518,46105,2B083,09229,31068,51248,57224,58169,41219,62763,16275,06133,55095,65148,59161,02773,54595,64025,80632,85260,55119,34338,61237,31079,85197,29063,80179,08355,07201,76059,16114,70296,57200,59526,85231,28188,39528,50246,76126,76202,54243,16374,03206,76177,85036,16127,71493,81033,28021,89347,67026,47145,85035,22138,31458,47304,10393,18045,14059,29035,33325,01181,50268,42105,76695,33350,2B029,22155,63472,59086,76503,50041,72386,12044,88279,21115,87090,62248,57325,16158,02762,2A247,12098,57025,24240,27320,77099,72289,26175,76457,64339,32094,37037,03243,80397,35024,76286,81309,21461,88076,57213,77430,11299,03290,89041,55466,59512,77136,52246,35195,41182,16292,2B054,25003,19158,72016,70152,14116,25275,12274,77441,80027,36068,88262,58288,61199,85050,02134,80443,21285,87033,46216,46090,38249,85296,34005,43031,73268,18216,10314,70349,50502,37073,11220,62735,39372,16169,32409,53104,53147,62701,73262,85117,59592,49371,34170,51097,19271,81069,59207,13202,21503,14084,59056,54055,27656,24366,14127,59411,03263,57677,71214,60251,66129,88351,76683,2B179,15022,32319,01101,25063,80463,82180,69281,50400,48094,2B333,71490,57750,75105,28136,21330,72034,44005,21565,39003,60118,97215,82116,31047,25005,68011,36180,47216,55079,02552,54374,32130,14064,09304,07244,27278,85259,71219,68023,88430,56255,17332,18087,34114,19008,46335,63198,74079,10234,22094,23169,02803,44016,11269,36192,57740,63173,39097,48069,04006,62665,41248,86181,02171,79058,30103,62819,62125,64298,62142,14466,27432,13041,57105,21091,59190,39577,53124,32356,63063,03208,46167,68318,14337,58050,02124,76553,05010,64290,27202,12008,71289,88254,01369,95142,40258,2A308,65319,10253,57248,76731,41157,35097,57075,41091,39412,77143,68137,53145,24448,26048,63461,13035,50225,49011,47139,31516,06149,34036,21411,80022,27011,88440,41224,60584,85214,63034,70285,46304,30342,26118,44141,76450,02515,46057,80782,59446,54596,43026,60525,74185,33082,50444,76183,88368,36181,86250,31412,62560,63132,51628,15262,51640,40147,12273,55224,03234,08148,59334,14130,23206,67398,11283,30229,37150,22175,46111,27474,76298,41029,62664,61425,61273,31217,18289,03105,65294,08185,21412,73116,16289,87037,67449,76498,57209,17137,33403,31057,25038,65355,76057,86265,23238,51604,17076,83061,15014,02172,25459,02658,21390,79204,65342,52445,71258,89390,54344,58132,66108,30337,26195,60402,17012,74116,21527,02539,38412,32204,80140,76024,25329,39420,57747,46316,67196,76214,84058,51531,39421,27312,42023,83073,51093,77011,67034,13014,80418,95002,72219,57033,27003,86091,66225,84017,59339,03287,62086,26273,44125,05036,73084,34064,42108,69245,40256,08391,58061,79277,57526,14101,77282,18264,62122,16406,59226,21085,02538,39285,26060,51047,91587,39584,02098,55566,71337,21332,80095,01138,26159,72370,48181,70421,46185,45302,28221,79250,31293,13069,80236,38005,63129,25501,08499,35302,10394,30124,89062,37257,13067,31325,61165,59089,88315,51657,2A191,56174,25361,57187,15159,90024,33277,56214,88277,76015,27605,71204,02624,35362,81117,11221,43213,57102,18124,25498,08008,57487,62796,45017,71468,76555,60211,63097,54019,29238,11388,52063,54351,16331,59333,60415,59631,52004,2B236,25386,88417,07154,60167,23162,04104,74177,13042,14579,06120,37231,2A200,02321,64531,08471,31380,52254,2A362,29274,61475,21682,14357,56131,80099,60701,69091,58144,32264,21707,62620,45288,65477,92025,21232,35327,60259,52544,62674,29165,88102,14012,21020,76443,33044,11347,55297,39185,50060,90081,09142,80791,51368,12200,80756,39423,40055,64338,64388,30209,62296,38392,23265,10076,61051,61238,60557,34063,38433,50430,59112,70319,50589,01277,69138,84148,55415,32220,12094,59059,78276,35121,89337,57065,22052,33515,89203,82144,05158,58263,09264,35116,23188,25426,68286,29028,76702,51082,69291,62692,78416,89298,62537,11318,17309,12183,31283,02050,02261,51087,11245,77343,46096,38470,07127,51085,87095,78146,58197,62790,71403,33548,78123,10427,76342,80284,59481,65318,31562,73070,80002,84085,51306,76399,91617,10028,11137,82146,31059,51644,80294,05032,68381,26033,89348,02679,77405,88092,42164,42213,67435,42299,30269,32102,73232,57640,77310,62075,47210,51539,79179,33262,57751,71002,17388,24001,85046,47051,47032,69049,67129,14117,61370,14410,26339,43185,70251,59263,70038,59482,02606,84023,89045,61190,08428,11011,53002,86299,27652,71440,50446,57555,32153,24182,65240,2B309,12251,39057,22337,80592,57590,72336,58193,19217,10198,48110,07156,77387,67092,08096,57638,43111,82004,09194,80487,48029,08336,35308,61176,67491,12261,72224,31291,59041,62649,63157,38290,71539,47278,27419,16199,71234,59269,15133,12016,40132,2A119,45061,47008,25369,62216,07040,62215,05119,80809,60121,88174,72354,39221,73205,05101,51046,79087,03057,17319,31173,60673,56244,49007,22195,32308,62045,21479,61086,01351,54566,24085,08232,85098,56006,60531,50270,04224,54242,63415,02015,01299,25622,17010,51227,15098,24034,95110,02633,39473,54036,76557,2B199,46269,56137,89307,07212,62519,62285,28184,15217,27701,65162,62025,88273,46306,89334,30354,45142,65040,25131,10307,38141,61166,27110,66105,61363,77037,77102,57113,25535,08311,07217,06025,14232,51624,61071,72276,19204,37090,89127,88120,14122,11073,08190,16103,39494,68255,69030,03278,52119,59134,27129,85095,60619,03055,80349,40070,72351,19192,36226,62855,80620,51054,46063,09212,24294,74004,62489,57704,55510,14556,88464,42062,39035,51492,28394,03212,52006,70267,47325,12280,09161,43020,50437,09236,95149,32297,74165,66009,62794,35019,67296,21694,43053,27542,80331,32151,27127,45276,43024,51447,70466,44143,54179,62895,86165,77308,68312,54251,12282,30277,63166,57202,02408,19074,24050,57493,10044,21164,25309,35008,47326,26268,88165,83124,03088,58298,80808,64168,25529,32229,54121,89321,27104,16225,97614,62316,28142,81202,65334,02255,67231,87193,17259,16059,30084,76402,40205,85110,23154,56082,38530,30002,31389,33102,52282,87174,54396,73091,37067,25595,28269,09050,77485,54338,83080,08173,52394,02251,55105,08017,47251,94067,71548,28087,61400,27321,45341,77442,59221,71532,68349,39196,59205,47245,43144,23073,50112,69029,65050,52247,58110,80484,51203,55504,39159,15059,89440,82055,32422,14575,76575,80321,59487,50442,08153,35082,24264,60437,79157,24035,12163,52200,66024,66177,60010,61324,28074,61075,60066,38554,12083,74078,76180,02322,78165,72193,61060,2B012,80472,37264,71280,45305,67490,2B231,81036,65083,38063,38309,54405,64297,45269,25073,53106,32300,91495,88310,17182,25522,81129,52062,22002,65417,21274,21670,62775,17043,41106,02527,88177,38307,72120,26139,38518,27472,59158,02209,63009,59522,95555,67351,33353,67341,95295,16145,34092,31297,53055,43212,10195,11118,55498,16180,02780,71326,72245,87191,77495,54513,86143,53188,60255,42155,25240,76642,61302,26199,52158,55258,40285,30042,94080,91284,54014,66121,11085,10054,01199,72294,26080,72270,09322,02474,06011,58248,62224,63272,06155,74219,45260,80032,80126,18211,56133,25553,19250,39129,65404,31455,08376,59318,86098,43196,26198,21096,67392,57335,31377,23146,57459,35140,28096,70249,88221,82162,89483,68329,12293,62343,18189,32018,81088,80272,28256,71510,56025,22302,61278,13012,77206,40306,61074,60232,62410,22304,27012,18011,02397,62246,52216,59497,25408,11439,88213,39317,45306,21080,52245,42269,60597,40288,79132,63358,09239,23201,01412,54392,35062,76427,59227,50176,63037,51144,08058,39418,54289,33545,12167,65196,44106,38317,05165,56207,35080,17039,76487,77165,80456,88160,81023,30033,86233,08063,55210,52146,02169,52392,09208,54135,16205,47023,34021,69290,63139,69171,71525,69271,31052,17224,24306,61193,24361,45118,41048,05183,74094,37053,77010,65248,59272,67536,03056,17018,67381,50259,80625,45334,48131,16276,03154,21397,59053,64347,25444,22286,47022,61052,55183,65220,60631,33209,32412,77146,21047,16040,65132,90031,06160,40320,28214,59211,64197,39028,02403,42237,81037,73149,59279,31421,52493,26051,61163,68241,89168,35203,62219,50567,08154,88195,80547,60254,61230,16036,21216,14043,63192,71172,41216,21687,71528,76259,71465,10073,46294,65256,24390,60332,10381,40114,91441,2B206,80753,72282,22041,09123,70535,59163,91514,61050,47065,55369,39238,71192,34326,38318,21418,80403,80478,38419,77457,57444,53074,07193,02227,82140,54468,07277,63212,65081,59296,85112,89316,27231,14506,81002,04181,59058,72293,12178,01439,14306,02205,22238,17273,48008,70179,62304,81124,97114,32053,07270,15190,55422,36235,31405,30330,31417,76739,67188,18242,01200,65208,87167,25126,02609,52310,08416,62818,53249,14111,31170,89462,47274,02419,31266,70503,43198,17335,13065,82101,59398,29076,70506,14460,76497,85061,80063,28013,37226,81222,59097,44132,46173,71246,24066,51133,57413,23113,89122,09149,01228,64428,57470,13053,21558,70162,63012,07035,92026,33176,59356,06026,15146,26092,38171,29212,59543,67003,51109,62290,11027,52003,31362,73146,33512,59530,54356,45179,60221,34138,62111,56206,06003,02141,24296,2B233,38329,53210,12064,60302,55021,07198,68281,70511,23137,21606,80752,31387,63302,14076,18047,01348,77319,27654,56210,89247,72184,2B305,08228,35342,86139,70182,50214,24418,03117,83014,72132,65043,56097,63408,34009,67229,05123,91121,40286,81313,33399,91275,14332,60598,02498,65155,83096,60065,02022,31191,17107,18245,02644,36193,35329,33343,62039,30144,11291,38250,17184,80795,27522,77148,30185,31578,12260,39348,80405,26294,74310,76504,38215,25601,60356,29135,36005,14478,62540,77479,16096,22012,16032,93013,89101,09217,16134,41070,60621,71565,02578,80018,27540,06024,22242,65266,55155,71555,22349,72026,65247,64139,02491,18021,76266,62722,55445,18227,31557,26324,51350,63253,02431,76751,58165,51255,47180,54404,60162,68005,70473,71021,2A146,62323,12227,30294,85118,62511,80609,17443,85204,88238,32278,15140,81064,51013,64220,78358,38103,14097,02722,27243,27165,95008,08076,77168,82164,26094,76561,91579,07264,69298,34293,61491,67267,22305,11154,80559,21613,13094,22295,67035,2A357,77525,2B274,16256,14566,76568,82099,86054,81090,60564,57592,37050,25170,38369,40160,28299,61351,80077,27655,72124,68110,35028,09111,27339,77271,64229,45328,28085,14565,12241,76205,27395,09041,09043,55362,43061,27103,16058,24508,60168,08341,02637,80542,55578,33012,61317,08257,2B257,45104,60644,02082,65020,59574,66234,56154,34182,14326,06059,62869,55144,32165,07269,16393,72303,42032,23148,57251,90078,24020,70197,17391,34083,01123,89425,50486,25461,29143,02677,57610,79326,62603,01429,57376,95539,72154,25304,49261,59011,29103,13107,70013,87156,61327,76074,54102,34103,87149,06016,39037,37134,10050,71390,16150,51334,61474,29195,78073,47073,51218,06093,51155,61098,51184,41252,39546,28306,27273,62069,72072,57295,24129,2B264,42089,01062,24408,40014,53182,34310,82175,77365,22299,49110,61385,16081,22281,89410,24524,34175,21087,79208,60173,62670,39140,54395,77507,85164,47203,02410,14273,28222,33387,02607,47241,67100,06031,58143,19260,61281,53269,71239,80074,81277,88290,2B176,89051,19132,24534,76652,33117,27456,30021,03032,31301,45155,39312,52025,72039,24046,86256,43085,63183,54034,60282,04018,21264,43004,41099,16291,49253,03131,72222,88374,60327,73323,47285,70116,36093,21664,32213,42207,67160,31575,65408,03210,77172,75107,54450,21103,51038,40004,23164,58013,82047,87070,29045,21368,88303,64152,33417,27206,59459,81189,78486,03262,17135,57085,55385,45307,24351,2A163,67101,80232,08479,67223,95598,54041,55124,68054,02225,35034,49003,57437,58131,78160,33084,61407,21467,59623,10347,31420,38395,06051,14552,25041,50648,66070,89040,32433,57399,88079,38488,2B072,53105,21314,34044,97131,54545,44114,64433,12075,49241,48179,02580,21097,02142,46271,66139,16030,31024,86083,67411,70184,71508,76148,49344,02577,73082,52502,66120,73330,63019,56098,89187,65181,17326,28208,31332,58017,44174,27184,71207,71394,59242,14607,60477,2B078,70572,88423,14135,24373,62202,27299,53174,42196,02749,95154,27023,37033,46092,24350,63315,33421,10339,17191,54315,30051,39444,87172,31268,63077,42076,29048,51076,42268,76602,26208,58079,77204,62378,68129,68173,52277,72111,27286,34197,04123,32160,84102,86086,73133,24538,28371,69002,07131,64449,85072,01433,67401,77498,22189,67226,50391,59364,02277,16078,76047,48128,16082,67047,74048,88280,11115,10181,03135,71370,61116,80416,54088,44164,68341,89028,21130,62870,14278,22262,43210,64050,46051,01361,68015,34334,54467,67328,81213,82097,27161,32294,37091,74026,85187,46040,46075,2A212,55511,32176,54502,51455,92050,02014,73296,2B293,02698,34323,88040,29209,54359,01356,62024,66173,18190,79057,03115,65233,71045,06077,26022,32282,62241,24082,52195,89132,24157,71531,07038,80810,33487,80704,77091,24365,89153,26059,26361,94022,60158,32142,67354,64124,66072,27658,88441,08445,72080,17290,85090,43014,80759,03245,77504,78361,28155,84099,04051,93045,29083,49012,79220,52212,77461,08427,50295,52419,32079,63334,74052,14570,40168,01185,37195,23210,28327,91468,54352,50533,73256,82134,63357,79070,23260,84032,51497,54394,17044,89315,34246,66077,02568,02107,27374,41030,40061,80686,91521,76120,10261,31357,65056,14203,64285,26377,84040,36073,23090,24123,76135,54551,38068,62541,02827,59101,26193,27563,62295,56121,56215,24263,33298,36103,65201,65109,17237,57079,26299,54431,22015,78152,77169,43152,25315,51219,05155,59144,79299,08399,87103,17024,56101,34046,67078,11328,70166,51236,10185,19047,90015,57519,23181,72153,78403,35056,86147,2A085,01227,16063,68352,80489,70005,88019,12074,84013,68036,44121,53258,60109,21037,65437,26264,30199,39229,45063,58085,51645,64337,53039,21303,73231,46044,51509,60082,68124,32394,47106,34095,08296,45274,80412,2B036,62283,33536,74010,21521,80619,85051,38222,38218,71018,04074,15009,01203,71048,70343,22315,30090,05145,81081,24164,86082,19142,54514,51608,67295,29029,24171,12027,88272,01250,62813,24338,72099,35039,25252,12010,91112,71077,79063,47276,21566,56169,62849,53143,68020,80100,55149,47302,38498,40042,62629,54165,62890,28073,58172,56248,21002,57349,28098,32280,24150,67162,62292,61274,70029,22233,43019,76110,67534,70337,73041,76049,60277,80687,24586,42090,89242,12096,60577,59151,14316,57577,65441,47175,63026,11348,27004,57069,43181,57238,55253,36216,76322,26218,03069,50543,22275,57756,97228,69254,73322,42128,67529,14483,08408,10227,14712,95488,39545,82113,61329,32107,06132,73003,47187,15114,25014,41032,21104,52151,13005,81010,46315,60317,58149,70248,63114,87061,37279,18210,10329,08476,22271,43155,25397,60527,14062,79340,14123,25049,81066,63239,71177,80517,27064,84079,89137,39124,62154,03238,40150,13046,89087,95492,21022,23001,27119,25450,02409,51453,88371,09100,40328,73229,09221,95427,59136,25211,37114,54419,64245,87086,60488,55051,17159,60274,69044,62854,64309,54018,08298,61114,80014,64228,21567,59292,67174,46259,78402,42169,40099,71125,57018,51635,67510,97110,29302,43162,02062,77244,56057,01057,64049,50101,95541,86102,63215,02715,46266,80748,72368,12192,59143,70146,07297,24277,21244,42246,03272,62831,01321,63110,21530,67336,63179,01118,47303,35247,57748,70316,91037,76749,63155,09137,25415,80173,26087,18253,39150,89065,27355,50591,68098,91540,03277,80656,67501,47034,35281,52083,72191,12257,03255,21342,41079,71413,27473,55363,86224,13079,26301,88144,76690,67133,77360,33283,03299,47086,61034,47279,30219,87049,25377,31429,77263,57384,32112,14054,60360,67489,55469,33452,55505,76006,59369,63278,30004,71200,26192,19235,23266,68219,54076,42208,2B356,42005,60558,52012,67249,18052,02640,85103,39467,09226,29216,50340,79140,61255,17132,67237,58042,21109,29271,50164,80269,51435,17188,55500,59110,80328,35287,84112,45347,25613,64147,74278,55471,65160,80159,74136,34211,03091,15185,57077,64270,80221,21647,33206,27354,47299,62318,60191,14328,25583,70366,57550,44144,86152,70286,85261,05013,54063,23235,73130,86106,39390,86051,93006,61457,28339,50002,27152,85262,26165,54464,19049,50504,11359,70303,03070,38105,78209,16084,14547,51226,51522,24317,14270,88268,23010,11406,11140,80672,28203,02558,19273,69384,67405,64539,81063,36168,01416,67063,10325,27114,50169,46030,15066,85186,21641,61085,11295,21662,52306,60239,06151,34162,46103,76227,33392,86028,72036,31140,54326,23251,55280,38422,88526,85100,15015,53222,67454,14699,76408,02447,27661,29150,51005,87138,28062,61289,86122,35317,19268,65087,17096,60070,10424,14467,80385,2A061,67216,40071,81092,60666,25475,56179,41172,08401,78068,68056,80120,32123,95627,85092,60661,32080,87197,78007,02130,81251,49195,80574,50083,51373,59045,80200,2B275,68007,08023,41188,31030,33183,80176,83027,95011,14035,86017,62675,55089,64277,64443,89011,33242,59023,51659,54094,25011,32201,27444,2B217,89147,42176,74152,89118,54083,53218,01367,63197,33270,83070,2A358,72334,09127,17411,59236,02197,01293,14496,27096,08264,79172,86156,31156,89380,21117,39100,45238,31407,67065,46204,27695,68383,55099,55116,80276,90089,76064,67346,67200,88134,57651,08452,2A285,15065,64542,21487,41295,65260,45324,02540,76707,38278,55374,29119,73097,81211,53016,69231,52276,71463,17156,84068,27415,29033,42211,77246,21165,88016,86068,44198,80573,88193,50565,41159,54079,67236,80409,16268,55396,57445,40203,46189,70027,27378,71335,57300,52030,08369,03082,63433,44158,60257,63287,27240,17389,64332,59329,22096,41132,70261,60226,53078,12093,07003,60021,66076,73193,58206,43089,59310,02208,69095,52491,26112,58226,29239,80203,32268,24479,15093,03165,57190,03009,25148,85042,24545,29286,34039,17051,91666,60212,30306,01406,51002,71571,71122,56211,44043,21028,13208,71294,76349,67517,35228,38296,16270,01117,25527,72155,28358,16343,09291,38253,46164,67022,46089,60333,63465,44169,22289,02416,81243,78406,30116,27545,79352,02739,01089,22385,62123,63093,29205,74024,02037,10089,37097,71232,26201,01243,62314,69388,31449,46142,32369,59367,35232,32209,65429,64529,02160,41112,88316,01156,89385,43163,39406,40277,71205,33322,38313,65461,67363,32118,65462,50282,72332,84035,37252,19156,50369,47115,51149,21666,80080,40037,35067,02530,83110,64190,07213,28201,56143,46175,77020,54297,01074,59138,64259,06141,72079,25573,30061,17434,95101,85115,05098,02576,02207,84139,50297,62667,07300,57261,55507,10221,81097,01099,04139,09129,82040,38030,45292,42264,04046,70574,53010,66039,59001,62654,54225,38463,03302,89368,50476,68226,57528,74164,26288,51466,22259,66063,80141,68014,27689,11022,63323,95509,41291,38036,81270,16366,23064,14239,76354,02797,55175,61148,89252,70422,80480,32186,27555,38072,38565,12052,65348,41184,73024,62037,73235,39522,33261,24220,41035,62128,35335,07260,77108,21494,42327,41065,60204,31323,65154,21483,27036,42159,32136,51548,08019,17400,65232,85159,42261,57088,88463,73261,13059,80562,67083,67255,67508,52059,27222,80059,07061,42325,16019,17252,49113,60017,28146,88264,38457,78396,70129,95504,87185,31396,59218,08352,10376,03013,79134,09124,55170,45308,88404,23124,77460,02012,14143,28105,17425,67060,08396,43046,13117,78518,60208,50372,80148,93048,14237,31163,22083,81265,25592,23200,57115,46123,88494,80166,02655,81161,57302,94052,22234,64368,59328,14093,26034,40259,94060,14087,48160,76299,35173,69191,30284,80228,02710,23259,21657,29171,71537,73053,73145,83021,03011,68006,15214,39495,76698,42200,34096,81200,41137,36046,41268,40011,27261,26216,44204,71334,27377,21112,45344,48138,04012,43083,89350,77305,38210,2A228,76038,30015,77453,21046,97129,54414,40244,82165,51446,61180,16329,27622,01110,76447,01179,69043,16097,28229,03136,56204,12164,77185,34342,42230,25425,62524,80538,85073,76422,57388,60154,23255,59348,68022,43071,84126,82127,80549,31181,69382,26002,10119,92076,57716,80132,46137,33249,06153,07032,02688,33169,31576,88283,43028,14349,66178,24252,26147,38467,55357,80778,55360,55206,32367,16334,80248,31448,60682,74119,37136,17375,53196,02512,46140,02686,34140,64556,22103,40214,69122,61001,45045,33526,65036,89463,51454,06047,86093,65263,60263,15094,34127,88038,14475,76686,62091,86289,88110,89119,52541,44050,56039,10154,29282,68160,17017,47178,14355,32212,78217,18037,34305,25295,08067,87074,72211,80596,23217,09249,52044,57108,46194,58313,31141,68342,95063,01262,26030,14167,03292,67388,68277,09058,70467,43188,2B302,15010,82037,25307,59397,86063,59360,2B169,67292,69166,24005,63005,21029,02154,63319,55196,47311,15188,50252,02019,69063,16101,04166,77464,69093,25496,70299,23120,81114,25419,90046,64361,26247,70200,23205,08456,24018,79030,27076,19083,2B289,39131,66144,39145,31252,34316,88104,64432,27685,60463,34291,62604,47272,11400,79217,47162,68151,54011,77035,75109,18218,64426,08032,11131,31278,33060,72045,37183,34278,28243,49132,42126,16397,25317,04004,37043,57717,21417,66119,2B220,84109,60126,43001,32159,91534,25314,52126,86013,87108,35165,05027,57004,54190,80605,59288,52482,02273,40252,18140,02732,10371,77493,62358,30238,44112,24130,55014,35233,67069,71267,58220,44030,76189,90022,17316,11313,40109,60304,21305,22356,87064,35248,26091,74172,43192,50506,78621,58231,15121,42153,91471,80355,68372,44022,56047,69106,80260,68375,80374,84010,02065,56114,05001,89017,76655,69096,30230,27134,88506,89075,13022,35331,60033,62668,49089,37149,65156,30056,88033,07165,59225,74197,31264,2A028,57150,50342,76305,66066,64516,52088,52235,51449,89191,80832,38101,07273,57438,41060,86246,15005,34261,29084,47253,05122,50165,14751,76415,21404,59486,08382,89375,35044,49377,68035,14276,33103,59314,67190,02392,16263,11101,88077,32100,70066,09180,88216,91038,80498,30254,19208,60361,35071,77450,57212,79357,41001,57365,84008,78591,15040,58006,82054,43251,45200,40122,26259,76344,46165,47136,02254,26190,80568,78324,26249,78653,16335,63324,80452,04050,68169,54092,41193,21646,35202,16133,12054,03021,57741,60227,90075,48091,61122,33159,01079,70545,70025,08119,70193,80519,77404,38410,22269,77069,40237,76475,88411,71249,45165,12186,55219,71020,55547,24484,23198,40097,12255,64367,70259,26213,14515,32071,18221,89261,26224,80053,23136,88103,19144,07138,34131,82183,30270,79334,27151,21315,39409,62199,80800,43182,45123,72345,61215,78300,58060,81156,36031,11370,59515,88436,03029,71058,26376,89279,37210,80119,54531,10313,45060,06035,62336,71469,81098,91136,24039,35320,31284,24214,04222,23144,36059,30293,01047,38469,25417,73204,80642,14039,66143,33122,26180,88509,22135,65113,27614,36135,80420,16135,59194,16038,86286,65137,26121,54421,49240,71376,38323,17377,25215,09034,39258,22327,95379,02697,89171,59403,32126,47222,14668,57204,01060,53135,84116,21601,30187,53198,21377,70050,51178,30304,17015,56229,72172,82114,37062,62749,28200,52089,10336,17211,16364,02541,35188,44039,65388,26206,73008,81119,53061,23041,24088,65231,58181,27091,49015,65465,50445,73031,55081,39043,83067,64052,21185,65449,91016,38107,90097,97212,09308,38084,80663,2B178,69186,69131,64325,65015,53165,61126,48099,85193,31361,45219,25271,93055,91667,18237,21589,58237,63264,63044,01184,30064,29264,14453,25379,61405,11416,73180,10017,84141,70322,76116,42285,31351,38239,76564,95429,28067,67275,61216,45062,08254,53001,31292,06135,40080,16211,52149,73107,62009,16261,62435,83079,50361,01298,10112,12056,62437,63383,79108,55013,65403,37131,88387,04229,28016,59289,89015,12063,42007,19187,33467,23034,38348,73105,73234,76521,61298,85177,60250,63002,57557,62360,22323,51250,76359,31296,24550,08024,27367,68032,17454,78455,39164,41271,24585,78193,02067,17098,61326,14206,50044,40021,08272,48116,33065,68030,31381,27324,57034,62269,28333,41283,57633,71005,77325,78206,87170,15267,76174,65187,45189,71479,39583,74250,51450,06089,51065,21644,59176,77401,60181,34224,42204,31530,63195,58276,11091,58036,54406,88409,28005,91097,87177,33311,68359,32327,30014,65251,51553,55367,19080,14754,55128,85084,47204,64081,70104,81039,35058,61011,54521,69178,62852,14543,41024,10418,51520,72216,57128,37023,14383,24014,61084,31091,05148,89267,72233,24398,63447,28296,21441,62364,67523,24081,46265,66226,32324,24007,32443,2B063,21277,55334,83102,17149,06039,54598,24056,25296,17255,62222,01454,24504,70342,02351,84149,23084,27603,02349,02725,68316,76693,64360,10445,34001,25113,85013,62468,53083,30137,40145,86203,09310,40323,26276,97116,67360,26103,55384,18095,80575,05021,46276,70539,11425,93001,31452,68119,30083,35211,24287,36030,29014,82034,74191,88529,47327,07099,21637,84050,27533,12045,40079,62690,59492,52207,95091,55167,41285,24536,49067,24569,81123,12104,54096,58037,08338,84107,50496,17151,11382,38207,51387,36055,22161,76035,71458,69010,02808,38083,42009,81279,02632,28240,64495,82013,39107,38195,74020,54182,41089,51513,47013,27219,02323,67397,84025,22243,69051,27295,18274,71427,59383,22319,78601,80278,44084,85152,88332,40040,88247,44023,32371,39511,57594,35236,32377,26041,72315,02503,27045,57461,41125,32098,76164,52506,19041,77051,18265,62127,31311,21320,59187,57466,10111,67400,31220,10127,85147,59569,66140,36025,25097,67326,02220,29098,80541,44155,80781,81024,73277,76196,62072,23187,51592,44183,24291,70240,82007,39508,62038,49114,31238,76663,74289,56111,25267,60514,24560,64527,28343,21345,76072,14541,31378,70237,51633,82084,10409,22264,60301,13212,33500,72311,59064,47263,31279,50023,22035,91109,22241,38246,62635,80118,21098,03226,14271,45316,46322,62097,76241,10278,08126,10117,54206,53073,75101,25340,37092,09002,28173,50618,14554,76717,19169,89354,47167,06128,77200,17247,51631,24525,57587,53263,71129,89064,58073,43129,77408,53214,25505,51239,33357,03100,78239,81286,71209,92048,69296,77452,36016,65053,46190,15006,74095,67233,17284,68195,40208,86149,03242,42168,03301,60137,74243,71176,01410,33143,71365,39554,49008,62126,59513,39525,67165,19207,67288,34250,23091,33385,39471,79064,2B039,33524,89081,09109,64545,73033,51241,66160,34100,54298,55356,25039,23166,81076,35280,95229,31346,57701,51491,79235,52447,71230,51663,77039,71409,18130,19162,73028,01192,71303,14452,88114,61140,21372,59434,70364,09201,08374,60618,42061,70265,18159,57147,79020,62663,34289,71300,86026,67556,52122,29101,31058,26343,52067,58283,70414,09008,02581,24347,63295,34023,27330,68379,12229,01150,51081,64244,54563,29295,29105,54218,19051,07108,03173,04138,54328,45317,29012,27235,32043,05161,29116,49248,59545,64184,62550,67268,47138,64181,31164,36050,15086,05109,06081,83133,41138,65006,28157,72369,18004,32189,21107,62506,72024,08030,09173,88407,50402,57469,97216,06148,57197,11322,78015,54442,16173,74188,90019,60684,76500,33349,82015,82102,45129,62568,79133,10053,58299,43082,24384,40243,69220,16255,62263,63343,70452,79119,07205,61063,65278,26291,79009,16229,58270,73311,38427,68101,50350,19199,66073,11209,10087,78031,67094,86300,60460,17086,86137,09037,39080,31294,01180,46198,02511,26217,81134,51134,12248,74260,43229,52108,37161,79332,55532,65395,73210,93077,74161,22050,77232,07221,39435,57595,14371,70238,31254,32245,27612,08317,22353,57714,34178,08450,39109,19284,38247,76234,68026,47207,86115,51035,39004,31116,25132,63031,90034,87071,68307,51285,63158,21660,27326,17293,16002,33393,57521,06050,02650,51413,79226,79066,47060,34283,12213,69230,33120,21355,71153,15198,04077,76641,51001,67074,89074,62172,03040,18150,77104,09305,16098,53232,07119,61251,32445,21714,23244,38271,69075,15095,50072,05053,21295,08472,55512,57149,47313,19180,78283,14538,27457,50579,70099,22084,25059,68027,78562,10030,77226,40233,72217,83060,67364,59240,14484,80186,80373,89142,05039,95543,71412,53191,36010,01149,94004,24011,07209,57558,44067,43218,34049,76727,67132,32349,85148,42214,21540,89309,83029,63153,51428,62632,33444,14381,12058,63226,78620,63184,74210,62230,86237,69268,77116,70464,80486,57276,07310,64125,60050,63027,29054,59645,21708,62469,75102,40181,81171,01081,50251,88492,31504,19006,72221,64185,21416,40028,14431,12082,50273,31049,12289,72325,22265,71415,60108,64509,34081,61291,72043,63413,59444,62449,16340,76425,60636,10389,11262,10027,62681,24231,76552,54027,57124,60160,34121,72302,31092,60391,46305,51421,72290,02296,03254,63180,07054,83001,33208,86044,08064,34171,80695,45176,66127,15147,15079,59435,62330,42134,01405,57029,70581,28424,97218,88188,74228,22032,86220,54449,08036,55108,57141,62563,31383,38397,36097,81018,26203,72182,70084,2B343,33042,62054,32391,39505,38242,36131,50457,61080,80826,01160,64555,36053,71147,02480,77385,50598,11210,02310,41113,39300,77333,51156,76545,36044,37003,54072,22054,78071,71290,64299,02551,40036,68117,77179,25626,59004,91645,39517,95157,89456,57623,24255,81280,88058,61347,76611,30044,08273,86284,17383,54301,62450,01085,39192,24307,01407,51029,61330,56112,21026,33051,79200,34201,11413,39560,38472,74133,21529,2B164,33361,14318,53240,32014,68380,64482,76398,24221,60320,52184,48048,27263,61149,11046,76250,16119,40171,29201,63205,42122,27361,50111,68338,62545,55543,03230,62173,77121,22389,24141,54420,25258,76499,38276,07020,44111,02675,51566,11368,21151,81118,72138,57624,39368,51508,42198,35141,57568,40300,30017,19216,97132,70438,58241,70292,69100,14352,48188,01143,07170,76518,63017,08104,22099,25492,16029,16077,76142,26194,48135,31493,26126,63244,14269,61072,26004,77519,91629,48149,32078,67148,13116,06097,39236,82046,65291,59253,31549,71291,67337,21576,38407,69270,21519,07347,70250,79256,03244,67049,71302,02304,31473,73188,80819,62141,77266,09097,88231,47064,30050,55087,15037,42216,62428,70153,72274,59363,32386,08059,95395,21598,11242,40133,31146,67208,23012,57423,18213,05118,37156,07101,50334,91425,54212,62073,59213,89117,51461,32158,01404,82133,80035,89006,07167,38458,91631,65105,66032,09219,12158,15026,27050,81185,21168,33077,24267,57280,64293,24386,67266,17292,97226,25558,62776,64403,57489,26311,52472,38347,10116,28346,66008,24180,88041,60072,61424,77419,55272,17463,18015,80348,51612,82068,60414,58071,80586,58198,85123,25468,67141,54115,35231,76014,02694,80535,80130,57143,35229,64419,60164,38182,19028,14743,27683,52104,12041,26252,62497,37042,02463,28194,50469,62734,08385,44053,31388,15053,21525,11135,50570,71346,88274,88228,55563,78401,09285,17308,17446,54555,88285,89432,59365,38174,21405,11418,34154,02368,2B120,80707,29137,88070,64086,34331,78084,81272,91235,03186,18061,90070,50260,21122,27670,17006,64046,63456,40180,57062,25381,40232,44221,54470,57491,57691,57733,70190,21300,78262,92024,10207,73178,59430,90026,40172,06052,38520,35124,19048,87044,61362,64038,42083,52232,22383,35065,82161,62400,02656,14027,40089,61208,39048,62466,61473,02627,30105,31543,31590,27179,07332,80056,35096,27037,02546,01134,83143,38235,68275,64078,85256,34176,28038,60485,37122,49123,02156,08250,12283,86230,36232,51613,72237,19269,02790,94021,08187,35358,04084,10022,50528,08344,41141,46177,64282,46134,88201,30326,74082,30349,97225,38556,29108,77027,47055,45077,53257,02678,91207,66230,02192,35146,06139,26133,45053,71188,67199,88064,71011,54244,22133,43018,60091,62836,61101,33154,05044,72364,70276,02230,50548,57120,61512,32157,57364,18046,24031,66045,46238,45213,63336,54172,73161,39032,22085,76225,67443,52182,32030,64304,57080,70009,24399,72052,25489,58066,88462,10215,62339,23089,19195,25046,17245,28068,28285,73128,32306,74064,36037,70301,88004,60209,76321,51303,50219,82132,26221,63177,31508,74154,57024,49180,81157,33414,57598,73140,59223,71344,59145,26070,53054,38341,58266,53230,46128,71135,11335,32016,71566,71559,62521,80036,65058,21135,59071,66064,17220,26281,77201,09309,11151,62019,25346,93061,74072,68033,28092,02157,71570,11396,33112,44173,23082,21434,19103,80395,28373,59455,26292,51485,34163,24443,16027,31067,25540,61242,71446,80043,60218,64196,09298,95652,39292,76336,30102,21255,02450,26102,60101,87190,18188,32276,63342,86244,26367,87060,39193,10346,59031,58102,82154,64429,38149,60568,76530,64192,32003,91511,81227,76513,41098,25403,49130,26036,86107,71115,71044,73302,62380,53128,13090,02778,86266,39503,13104,97204,86094,50483,16086,04144,34195,58242,50048,68107,76651,2B320,61055,86255,28409,19081,2B239,64450,24302,36140,16317,72277,41186,40299,59668,68079,40169,40189,52132,31230,85055,45033,25301,78246,28245,50634,01301,78049,77178,14501,33317,51432,27368,55303,18184,08203,45193,71420,55416,59192,62409,60478,04173,27271,76066,29202,08025,26286,52288,76409,22276,64488,02005,44102,60689,73120,17318,52298,16368,01289,29269,54446,21226,28263,51596,69154,39304,60285,60659,57570,09019,46149,40163,70290,60367,89451,34209,25382,25054,88179,16282,43166,62194,45133,70065,30164,65110,72210,80762,10326,51086,27167,61476,54141,70015,70327,60365,22288,02461,89018,60350,11213,64214,79338,90014,77225,80210,33539,45075,09031,54544,65373,52171,52488,54199,76181,31593,48042,62814,17099,23122,03016,77527,01334,80142,62139,40093,76294,59402,77392,18143,40112,30225,82044,34086,55460,23045,64552,51381,26153,46087,61243,71377,61224,64283,59115,87078,21577,63125,24131,55055,41290,70143,51126,25345,54104,27353,86172,45092,55103,23086,37130,71451,36078,59653,21715,36121,46073,67356,27586,31133,01419,32009,62804,17094,21182,95580,70426,39009,50158,21653,51313,55439,35050,23192,84053,17239,10217,40155,34155,60515,57547,73019,22143,46131,54303,83106,69076,45022,52322,81162,28423,41239,39498,76182,28058,68323,45042,52029,01265,52286,43150,09151,76460,62324,24116,62817,85138,38187,54127,01309,28367,97128,88325,66162,31270,46157,86151,61464,25155,70397,71113,09261,78322,63409,82006,59612,65385,13097,89032,02252,87031,86015,12069,80654,39250,16050,60131,65369,03176,2A189,22209,10004,88163,60381,84030,23233,59111,72252,64455,01276,53027,33198,38464,62892,72378,72373,52256,57322,15241,09128,92040,47006,76341,56045,19094,36099,59449,12028,09281,59478,24215,87120,41269,62014,88062,02542,74081,15003,37181,45201,74129,52364,08364,08283,28211,17322,12278,30159,04108,19056,29043,70430,87135,85284,07219,31583,97108,27027,19071,62329,62622,16130,07231,72227,31050,59556,25016,43007,55069,24436,24205,48112,76276,52205,95424,22093,51425,77124,78530,80322,39351,02534,32169,54073,09021,41134,70273,67057,72214,74053,07254,65139,30247,55516,70578,46210,08303,07159,06079,45005,60540,18114,17484,02374,08092,37110,57334,65279,79096,40035,60479,52396,76743,64312,01336,63379,18064,14654,54254,41180,59534,61030,01191,80134,30213,66090,02592,03267,23125,24177,45011,79105,64435,51025,80644,82188,58113,53146,10252,64442,04230,02582,58105,91507,16072,51474,24012,77173,77368,81006,71368,91247,32154,07174,71229,57333,28130,08467,27269,02390,24574,54565,02228,30134,49138,46328,02343,01290,25230,32439,76526,68019,60397,02355,38355,02689,80001,45103,57083,65322,64468,04169,76339,67330,35206,62010,86253,25597,35276,64006,15143,67335,38374,72350,73216,46239,17164,82039,34013,06070,28370,01158,57455,33229,88482,51298,04112,25402,89447,19209,19016,42304,11096,62365,02298,60603,67506,47298,54201,14138,47238,91332,22376,27428,56256,27580,62102,90054,71419,84111,77433,22009,54422,25202,02400,54294,32317,27398,50637,01209,2B192,72241,35004,51113,65007,14291,24455,30085,25263,27644,71273,76387,55257,18119,63370,62576,33069,44019,51157,43148,62503,25457,24058,34219,26083,22136,71434,11168,55284,53056,26274,71356,67424,04163,54512,37020,08426,29299,33555,47255,63424,90006,38078,38443,54407,72283,31441,67403,73228,47146,31359,10133,54222,09104,17357,39512,53264,71392,51544,39170,71583,88097,33370,76016,21437,27040,04240,21353,17298,16290,69219,28216,10310,52129,45339,80124,48031,14181,39189,89416,45034,33376,36178,88084,38081,89281,33282,79092,63421,50121,88003,26326,04016,94047,82033,85243,09056,67039,39586,14347,32147,51272,03194,10392,35068,28076,57542,03252,50166,54367,43122,63071,85019,17279,24416,60028,76345,02566,36054,45091,54597,78329,33271,47234,74070,68049,41104,01286,91216,30138,58040,10366,03148,57387,83128,10431,80468,64024,63086,67342,14678,80174,70338,39572,36096,79016,82078,34188,59164,67139,28113,29016,62053,79018,34325,19200,71482,09271,42279,63134,86048,97309,66166,76151,89016,33064,62731,76650,70061,65288,81095,19085,37221,33346,56250,48129,02674,71379,83057,02787,31592,60620,44168,25237,32224,97102,27149,10191,82050,76166,36199,53163,40260,76453,38216,35351,58245,61262,61182,58267,02730,86241,52439,89145,15221,22311,25370,85242,28006,76296,55197,17056,81205,39183,21595,05089,37009,65303,30053,89182,50109,21292,59429,31192,48096,13118,28349,22344,36056,62658,19275,62753,47296,81269,80163,29055,84101,27176,55569,21257,59265,28267,58151,02528,28293,67459,23036,31440,64176,81003,39457,88131,88180,02770,31418,40081,09177,12026,07124,54389,30048,07149,28046,2A041,80045,62408,76369,70233,77468,62784,18102,33148,36008,21310,16310,54527,24457,34047,59323,55271,43094,69098,59342,31463,97601,22280,69089,85082,65088,18217,36066,10256,32022,26240,09193,86120,26098,56128,50115,73078,77006,70202,78522,63248,46100,21034,71072,35149,15075,83145,42191,11092,54273,02129,39208,14646,24438,40121,76082,24492,14669,01288,59277,64097,71399,89394,14082,17176,79285,14491,34167,44061,42068,14745,09146,17128,34256,55365,32148,17147,31078,14096,37185,68245,17248,88200,59174,78470,71091,62727,15024,40094,25416,21248,89273,54528,78302,25145,71364,61497,22101,41261,12277,03149,37075,01252,64357,71563,90068,38208,78472,18192,89336,46229,51211,58003,62129,59188,24202,56022,27094,29038,02508,31211,74285,68326,36009,80430,73191,83033,22196,02219,60058,54409,21470,51475,31022,65235,62388,70185,56177,42331,77053,43123,74138,71183,25197,76649,87121,11193,05124,21347,59555,77515,21545,62832,80098,54268,89353,24483,54269,32057,04075,65161,65275,61164,35279,77330,02502,39289,46324,72261,40032,14284,25584,09009,59010,57132,26365,48088,06099,64422,61361,43117,93005,61284,57580,67010,70368,65116,80290,95212,02548,53057,33031,40254,42332,16377,51077,22033,01025,54508,54382,65173,71149,25047,02696,28246,83041,80244,58218,51598,60152,55172,86260,55075,32353,31350,32281,54009,62239,14244,10237,46062,33167,32309,80543,14752,25161,70157,67380,25388,74309,50387,83050,50513,12159,64194,76053,03171,31386,89098,65023,66018,54276,74051,46120,19240,61046,26205,65345,80658,71080,39365,64005,97233,41034,80215,27051,02376,57225,64430,64410,63141,26308,22363,84065,60395,46066,23103,32304,2A254,37234,54417,39328,57573,80599,52399,76195,72327,70344,25575,62805,67270,53225,47288,38200,55531,41154,81104,53265,38279,36158,72255,60429,37015,29024,48187,50016,52424,50240,31184,50209,01005,28120,52443,60405,39329,71367,70496,19120,23025,2A295,55083,33011,59078,51532,17008,30340,31501,32026,44224,63070,37278,32290,64369,55450,76732,46147,35216,08240,08490,47218,64002,2B235,25143,22202,27307,63376,39326,01066,67052,21423,29237,63064,52047,10056,08004,34003,32082,89312,76528,69248,21329,39217,24354,55154,39143,76093,62299,40164,26316,31486,83006,76379,59220,29278,09275,11384,42146,62791,27204,34199,56253,30191,46184,95313,21215,48145,22219,70222,62809,57520,64035,52240,21224,26248,67002,28385,39491,63341,80168,80160,55220,57448,02520,64267,69179,41155,86050,08328,59347,2B194,48140,80368,46115,37096,76134,08498,78550,71056,19114,56061,76086,30331,17217,80465,70283,02800,39120,54113,79322,25051,67246,67019,14389,71015,73075,80652,30041,31062,95150,59027,12095,64517,73316,53080,73170,67264,71329,30197,08061,61013,43054,58308,35356,02269,27220,06043,34085,26076,11408,92035,51382,80335,07259,04161,78349,62487,31195,32381,51586,10153,44130,02432,24297,80527,39327,76224,65280,02034,18076,06103,88141,73160,57091,76736,71327,23204,72200,23039,03162,17092,31459,14582,86059,35023,32015,46240,21036,31394,02550,60258,60153,07155,42259,64257,16254,33448,38513,52320,07095,57599,07202,77490,13073,58106,55143,60567,39279,08095,57241,71331,07317,35063,65242,52504,32001,18106,97303,78517,55109,63329,31460,23147,15134,64132,04009,63204,39116,32446,71435,70216,65407,14132,17361,58019,83045,38320,51505,28035,08010,72021,80361,74286,48155,37144,45187,75113,54471,34078,77184,14652,72260,67201,82104,67553,71538,33302,81143,22313,68324,14141,95487,01204,54582,55459,47177,68240,02121,30049,42019,56168,62249,02591,16250,63416,71466,85227,27138,06084,26191,31453,08038,33284,80488,70390,33549,40207,78420,31137,35220,80763,47109,81253,76307,18060,77059,60159,77273,41081,21700,12189,77176,39413,71521,12078,12110,81201,38526,59544,73032,33192,39054,27056,33006,64063,21379,48148,55519,70544,21649,62480,34112,35027,50535,54059,19113,40304,22360,02221,62795,23257,02302,45205,41203,62088,10426,34149,21027,16215,21468,67479,47028,26207,40111,33533,95574,81263,11078,76637,30058,2A154,14362,76554,62499,14707,15246,50593,77038,60068,86080,71585,91035,32295,22278,25446,23024,02805,10404,72292,60040,31569,39380,02151,29273,72091,38126,32419,27039,62874,80113,27107,55252,70178,80404,02741,2B185,09209,86117,59361,77423,31076,45012,66097,70562,14740,61357,85121,05114,51391,17109,65254,35166,80722,68211,38128,62903,08400,24326,21692,18273,18267,55007,76560,24160,91665,16188,27073,79254,80676,15141,63016,92033,02367,21194,27069,59152,28004,57631,35072,79337,42095,77283,86025,73141,16089,74056,11025,68332,04126,65378,57294,37039,26220,17313,54486,54071,31427,07245,35246,69123,67557,54107,54457,89482,88449,79257,34260,88395,60366,55424,22352,76108,21317,21242,10115,71561,21508,90050,27697,11371,52489,62769,57253,05094,33473,71272,51580,33066,61219,08005,59025,53247,60042,38231,55043,43160,78642,07207,18129,28193,11023,26349,54357,66180,08195,76759,48126,54390,35054,67396,31372,84137,41096,11066,33090,57009,31013,65482,71398,88042,05074,34205,85229,34157,54548,71160,49341,17297,04118,50150,51015,57583,67498,81212,51040,31041,74290,62865,68246,02493,83109,76445,29112,76670,59656,79207,80039,80811,54497,23156,11130,76740,10309,80813,16249,31447,32416,49284,46054,51534,39561,17105,24394,51424,97208,68298,49259,55336,59509,13018,82010,02823,06113,62162,67343,52325,86034,66186,16196,25422,25534,62040,46309,21155,15216,60284,60309,02458,73275,63235,43013,17057,63368,60393,38379,62356,22114,56173,22293,35168,61440,30333,15160,57007,77267,08046,29228,43242,66232,09033,17428,51371,53202,42287,33431,73189,21202,79024,62114,50532,92007,88369,67102,71347,62247,73208,89292,16061,52287,13204,79345,88511,72269,88381,88322,63394,54453,52476,40049,95610,17281,13008,26263,08435,50363,88187,28249,53186,09114,04134,50265,89266,62745,53176,62719,86178,64043,47248,68136,54183,32404,05097,21307,77272,27468,38134,30173,53008,47104,53100,91339,88501,47236,02055,57263,21062,45314,10383,69174,58186,17085,69162,37251,66214,2B157,19220,57761,64319,35110,82174,60189,80580,60471,64053,03121,32090,63473,40282,71012,24423,60205,50217,80442,14438,65052,21271,15149,31007,54515,79083,89093,27316,17199,53102,23252,73270,25278,59498,38437,54554,52468,33491,80346,62909,47265,58224,73096,36173,14041,02074,76392,07338,41054,63437,42303,79225,87088,27072,52303,38236,39394,88314,68001,39527,67278,80616,10102,57272,66220,54304,24348,31335,09232,89207,76200,02246,88100,76437,54024,18137,35091,32068,70186,15155,33094,35343,45148,78451,21432,89048,84138,14613,39259,38505,18238,19259,77190,08116,52128,26096,03048,83114,71136,95658,67282,61276,51333,64549,05178,59519,62346,57494,25191,14588,17108,47229,32299,60019,74304,24517,81237,27014,80274,60612,57593,71457,71169,27189,77391,01387,21398,02031,31442,14404,59654,46079,58244,19176,55028,80700,08348,35085,25604,65295,95447,89096,80153,80267,80677,24154,85005,27079,41110,08315,25367,37012,06053,10047,81261,79122,60147,60653,42053,50615,62209,02562,26012,02036,21655,35090,68260,25184,27454,60425,33135,74118,25259,76589,95169,70252,69234,27085,88055,88475,50464,49369,71381,10386,65456,21336,01453,40216,01148,14761,85047,67507,47021,14572,21071,88358,23194,62533,45043,24256,39141,67055,50454,45036,70134,38442,23031,33310,71450,91315,61044,80158,07053,30152,55040,46203,64295,66205,57121,02737,61448,55456,88299,22324,33188,55521,74211,77057,70111,34058,08220,33377,46254,63199,70484,48041,21552,01343,21533,18059,35319,71416,76624,90008,17363,81218,80371,87022,62055,54599,15077,51232,33279,21343,27417,76393,63349,80125,15100,04208,71167,14019,43066,73263,70554,44209,25095,59502,55330,81183,32261,10196,45250,45233,02691,35101,71542,64226,49061,31228,12007,64202,80386,24075,36194,74189,11351,56052,65026,17210,62031,70295,56219,42178,91649,22109,02308,65123,03161,46205,30177,22359,47085,59636,54355,76668,11356,41027,04037,76187,28163,57130,21183,64212,49334,41019,77026,81004,77171,60025,86205,33266,56199,51296,07237,73290,74284,84131,37035,32448,32368,77186,24456,34169,77397,91132,51327,50399,57609,11035,35239,26202,17264,48075,77534,10265,68059,76258,08071,38484,60113,80493,64453,43190,55490,70329,62253,55333,89280,69140,60605,54275,88108,27601,80777,36082,14285,27638,65219,62101,69077,21286,80751,02494,47224,42316,28190,18120,34056,68261,47179,80227,58011,51194,42152,70513,86193,62879,47150,18226,24053,25463,39202,62606,15257,73219,2B110,71535,12219,01026,19073,65316,32275,76600,06009,26106,76155,77234,14708,57670,27699,61232,62146,76738,64349,63032,01022,57111,2B087,08066,95061,60172,69187,88298,17046,66107,61261,46171,64397,58208,33071,32256,68262,95341,41293,68044,03175,51290,79149,54233,77257,14336,58080,17249,01229,85160,01432,74025,86200,29279,24403,2A323,80262,72307,64328,02275,07090,30343,36187,30171,72002,68386,50529,27453,39172,30309,82066,59142,26170,17262,91546,40193,03296,42203,59129,05055,49332,67406,25133,88198,47001,16175,38097,84046,71359,51486,55289,30126,64281,82190,62625,54495,53204,12038,59102,32328,76255,31130,19205,33503,10351,14741,19015,27536,38152,19100,77353,01291,76026,57401,62883,36069,56241,87186,37005,05038,30241,63168,72236,80461,47323,03170,80127,39534,24535,30226,58199,26117,57037,16242,54126,86158,30160,63242,45246,65119,88345,15265,64476,24105,64398,53003,30200,47267,39555,56155,68100,69018,45252,57556,50062,02593,18070,25226,59650,48136,54114,72163,65438,2B015,46251,45147,08031,88398,60201,24038,14660,76532,89349,62138,2B301,44127,38158,16326,80827,25218,16066,55443,54004,76605,41080,54602,16074,31433,46043,10280,32450,78380,25060,54445,18275,59002,76167,40067,58214,69031,14744,2A240,02751,76243,14216,71328,08320,79095,79101,28386,27692,40065,39335,59156,67559,03311,59286,28337,60056,18152,39099,60442,39387,24412,69177,79223,56252,31158,51342,37182,97305,64355,65178,28406,82074,42139,43223,33496,21616,36221,76515,90080,41260,08260,53206,25312,29111,33211,61508,87111,01237,38557,51588,08194,90032,10099,88401,84075,51360,80455,31122,87065,18054,23142,50390,26073,57203,64306,56151,62042,79166,34228,73079,67463,51142,35186,31109,15097,74163,29144,11376,85205,34032,38451,22018,62289,02380,62488,16182,51240,02041,55017,07132,13072,26104,05093,47266,17177,21060,37179,43142,64466,63327,57497,80638,08305,33016,59076,25078,76747,76514,77260,39095,67558,21180,95352,37225,61460,45150,23178,70225,85156,21325,03166,24309,14275,68282,83049,39353,19096,26105,07017,67422,14250,48095,82049,01173,61104,64305,01214,38062,71216,27132,54287,57693,38336,38560,57252,56099,51289,21615,22351,22076,38466,47305,36080,28357,32171,61283,79104,57728,62824,68013,70450,11153,27113,88197,51080,27155,03012,62206,21534,21004,78230,23057,86170,69081,36220,41249,45041,81108,51419,77248,25114,08279,17019,97112,27623,09045,21209,89400,02828,07243,21499,77421,32314,54370,38071,87114,51292,64011,82156,17097,23096,47254,2B182,05056,67212,08274,59597,21043,77070,57720,80238,14319,61332,25608,51573,16251,16009,68237,69176,52280,60128,08485,68159,60354,16384,42133,53033,57617,03227,43021,36043,53022,55378,08041,50546,89412,80556,01372,14348,94017,25108,12214,55427,71494,33254,22174,32421,43236,13039,27485,88289,69273,50155,88334,62062,37190,29267,70156,46106,57131,97421,86294,39403,76585,86099,38551,36214,16037,03034,71133,89464,03147,17312,39216,80436,10029,52415,86288,86097,32076,64026,62279,09140,43091,16421,21629,17171,49221,56237,59169,71357,80569,21088,71054,36070,36144,59579,09132,89226,54492,75112,32321,18099,50143,09252,13115,29261,88150,01283,88075,38027,11387,84118,71313,02018,67106,15213,59563,71022,70298,24501,28287,71301,86189,58054,14091,23111,46145,33238,31574,46153,78362,35245,85129,23069,70516,70320,51607,55373,08022,42175,81283,62240,25242,03189,77033,49092,24485,61336,59468,08469,71551,52278,33466,64554,36123,38224,43055,67025,50480,80101,18162,77261,88171,70423,16378,68268,23116,09228,39072,19099,54257,61123,42220,80217,81262,2A310,28362,47237,76207,29060,62626,67483,24496,23207,17338,41036,62307,14405,73095,50409,91312,89215,25384,67271,51551,10180,13071,10281,75119,22081,30125,55520,34172,31069,24142,21436,64151,52524,18173,10052,77175,66198,88090,02120,71126,81001,25321,88408,55544,86223,26271,17179,70565,59160,53158,06098,27693,28172,55484,89189,32095,25547,78444,02457,32354,47020,65463,07340,63224,80662,21101,22188,31075,27311,2B202,38545,58222,60588,41158,59109,01213,72042,52295,77134,18247,51583,48043,25414,74027,13025,65210,70550,34152,51418,65051,38223,78354,59495,54078,53250,89449,55254,37021,86295,80560,26360,64348,11021,78413,50298,11428,38127,61461,50472,68259,54423,80615,45138,71094,64322,39085,47074,05065,70234,2B184,33383,47259,72185,73110,51638,22060,31565,60483,71448,86012,28232,18215,24542,72272,17133,21167,80561,80496,53200,70481,72013,95426,28313,67128,02442,79335,91602,74107,53219,60061,14177,38486,06061,84120,29189,70310,89472,68350,74077,62061,05139,72100,61218,10216,02174,22274,29120,78502,24477,14149,18001,71178,63471,25623,65108,89379,10021,15089,77062,44223,18266,54500,19155,32092,80147,55121,17351,31544,58246,59588,38138,17233,31559,54291,04193,39437,73292,08006,19227,51220,46308,82087,02810,29146,52185,30013,21451,55222,34070,39034,24241,89391,64246,80212,07114,02106,68306,54197,35189,76601,82064,55348,35057,27109,12231,57472,73129,66080,26236,89159,66148,2B329,71141,69267,45194,57680,60501,68258,71263,32252,76665,13089,33356,51523,07290,49236,02332,44205,70388,16418,57565,32390,11187,80794,22147,27599,80803,60027,54042,53025,97220,43016,22333,79307,03203,62513,05104,42075,33543,86104,19165,88444,50289,91635,62006,77022,31010,41088,65428,37208,76634,08448,57192,79148,60430,95019,35250,31403,26321,01451,25212,72209,59305,88321,02159,60193,63059,88050,43151,58297,47066,82020,16024,08503,64136,35207,33435,52450,29109,59618,62078,21296,46104,19245,29192,30222,83094,12230,67462,81217,15110,53049,59197,84063,63289,76280,44082,28236,69297,73269,60518,30095,14241,35253,67513,17034,27560,69038,07073,01434,73182,04020,42073,65268,09314,78048,60590,01423,06038,18091,09113,76054,63131,04087,26329,72317,33123,88082,11395,02401,63001,55359,61374,07233,95018,67450,31115,54077,52201,57426,14650,40086,63219,14701,68297,76302,70280,11393,21218,06008,71584,09245,68292,16110,27584,57645,88258,60295,14393,10324,25018,01056,29134,37115,76590,01242,77533,52318,21228,10164,62840,77123,65238,81065,02189,70208,83153,64105,80579,76314,70227,31134,45013,01456,33022,14335,24473,02093,63124,31215,21348,51146,21391,50578,15235,90066,85208,21573,02125,38465,63355,67291,62672,51478,24216,2A098,15207,74016,31528,41071,49167,16220,42042,28342,70020,57692,40293,12128,86263,67524,05033,85134,04025,14046,08043,24019,65443,88391,44024,28264,63107,59219,39447,54307,19152,68210,65060,40044,60398,17435,24063,78087,89460,32194,32420,29182,35038,54345,10150,81229,63090,69132,58041,62557,67394,84106,36017,80364,65287,63436,72262,67407,70553,29280,62599,77162,50148,67329,11222,10279,29197,64492,17460,88161,79071,67156,65442,21650,58075,52519,40280,04154,76153,43201,50429,76315,07011,55004,70447,66189,14424,66103,57663,63303,45342,26327,59625,09133,24321,72305,45027,68367,16346,57754,51028,69053,19044,65085,28111,88413,24122,06069,40236,26313,73085,54262,76313,55173,16144,29250,52373,03084,31026,62792,70232,37081,77101,03144,64116,27423,39415,85151,38430,47170,45143,70195,65074,40012,17472,57287,25121,18182,17263,28170,32210,17013,60633,51110,04141,81035,65282,86169,14289,60573,78010,54510,57001,12120,58111,76238,51120,57307,97401,60559,32008,14274,72095,34050,55323,46121,61272,54530,57089,15263,12070,52084,31225,88489,72357,87014,14140,66175,59503,11012,28151,74239,35144,24573,38095,64080,22059,71489,38528,76616,51431,50232,97115,27470,77439,57667,48185,13062,71165,31302,18212,51438,13216,37105,62291,76004,67444,66124,71047,27285,79015,11212,60382,62678,06152,22284,54306,32177,51328,88037,35003,67464,97402,55546,57561,86192,17168,79306,61130,57739,58239,42227,10355,24222,36098,40333,26328,27038,52327,79002,66035,27031,57057,62771,21066,03303,15041,32355,27170,27635,60206,38409,62405,73021,64083,73301,44194,89359,14644,57058,57347,52328,67456,76260,55534,09247,37240,68378,11427,81319,59442,43050,29091,31310,59605,52357,44080,03065,31087,60493,22124,15073,51343,10295,29268,72251,31245,31152,01096,61035,69066,33443,60574,57011,26038,60223,33459,15078,97353,60199,67204,53046,58164,58024,37011,18105,39110,31445,49020,74199,73177,67088,65001,69169,22215,54271,57145,31355,47250,75110,73173,58027,40334,27527,89434,88031,24016,08340,79286,23185,26350,57358,15152,55515,35137,02487,44195,58212,80822,11086,70493,31555,30321,21395,54101,80177,45081,32398,08481,63200,16301,49223,22267,34101,52354,53127,77067,33365,68223,72143,73194,55062,22168,52031,80470,03228,51188,59162,62085,09216,2B296,23098,30180,59049,53096,77414,30335,21223,28274,97126,62868,04109,62007,78053,01071,41213,64175,60197,57332,53015,64191,04021,60378,61198,11248,77218,46018,10228,41266,19107,42050,52505,64463,17342,91195,55138,22164,85239,61304,10241,54489,49352,38449,27445,48012,51567,79032,55549,76576,06042,60617,40210,21044,85252,57452,45087,97412,94058,50489,07214,02598,03104,27405,60270,24286,38013,11404,49219,27620,55195,22371,41201,46260,58161,55388,11144,08164,71378,44010,16349,41243,67339,11272,31466,74265,47059,89378,76593,51564,02078,55343,2B334,60563,66091,42295,57702,02196,76400,89214,81052,57559,45259,46172,91100,77205,78090,52248,02290,51525,82085,70482,24381,42167,25609,02163,61445,39136,88402,70112,66157,89259,16216,18085,74267,10040,68203,50235,21667,22335,35214,17350,10422,48193,73104,24107,31088,74098,79203,91340,62363,08440,14098,60435,77122,37220,26010,79190,77435,50285,25615,08109,55022,29020,52391,28121,02303,76645,76623,12001,42174,62467,76292,10006,54049,28091,52058,04199,76721,59320,71319,10273,27182,60601,97604,65293,85223,51244,28207,69103,76412,18278,27517,35226,55158,2A008,33402,63103,31231,38209,67440,22172,64021,01177,77448,67111,66095,56043,27237,21251,10042,44063,33085,36238,76482,95094,88346,08094,32049,62759,60443,17141,56139,67387,77151,66194,27006,05115,57233,88390,44069,21356,43165,56218,19026,26289,52138,51367,68309,15151,29241,10008,51414,31567,21250,63165,59243,71268,50603,62527,95040,01254,97107,58178,80376,80784,64216,38261,31120,52037,21560,15183,61189,37154,61466,52009,33230,61481,85106,67503,38258,51349,38428,38549}","",2026-03-24 14:41:32.274366+01,gold_establishments_2025,,,,13003036400017,2025,Services de l'Etat,National,"['Ain', 'Aisne', 'Allier', 'Alpes-de-Haute-Provence', 'Hautes-Alpes', 'Alpes-Maritimes', 'Ardèche', ","['Guadeloupe', 'Martinique', 'Guyane', 'La Réunion', 'Mayotte', 'Île-de-France', 'Centre-Val de Loir",ADMIN,"{01,02,03,04,05,06,07,08,09,10,11,12,13,14,15,16,17,18,19,21,22,23,24,25,26,27,28,29,2A,2B,30,31,32,33,34,35,36,37,38,39,40,41,42,43,44,45,46,47,48,49,50,51,52,53,54,55,56,57,58,59,60,61,62,63,64,65,66,67,68,69,70,71,72,73,74,75,76,77,78,79,80,81,82,83,84,85,86,87,88,89,90,91,92,93,94,95,971,972,973,974,976}","{01,02,03,04,06,11,24,27,28,32,44,52,53,75,76,84,93,94}"
68fa4280-1459-47b4-8ae8-22be0db91b6a,229840004,Taaf,false,"{97401,97402,97403,97404,97405,97406,97407,97408,97409,97410,97411,97412,97413,97414,97415,97416,97417,97418,97419,97420,97421,97422,97423,97424}","",2026-03-24 14:41:32.274366+01,gold_establishments_2025,,,,22984000400027,2025,Autre Collectivité Territoriale,Hybride,['La Réunion'],['La Réunion'],ACT,{974},{04}
be51ab6e-292e-4cc2-8db7-c5de07789a92,243100518,Toulouse Métropole (31),false,"{31003,31022,31032,31044,31053,31056,31069,31088,31091,31116,31149,31150,31157,31163,31182,31184,31186,31205,31230,31282,31293,31351,31352,31355,31389,31417,31418,31445,31467,31488,31490,31506,31541,31555,31557,31561,31588}",ME,2026-03-24 14:41:51.447482+01,gold_establishments_2025,,,,24310051800170,2025,Collectivité Territoriale,Intercommunalité,['Haute-Garonne'],['Occitanie'],METRO,{31},{76}
af66f4bc-5aef-4e04-b3b8-8b7a697b9398,243700754,Tours Métropole Val de Loire (37),false,"{37018,37025,37050,37054,37099,37109,37122,37139,37151,37152,37172,37179,37195,37203,37208,37214,37217,37219,37233,37243,37261,37272}",ME,2026-03-24 14:41:51.447482+01,gold_establishments_2025,,,,24370075400035,2025,Collectivité Territoriale,Intercommunalité,['Indre-et-Loire'],['Centre-Val de Loire'],METRO,{37},{24}
07eb4ec9-20b4-4f30-bec0-4920bd51d400,217500016,Ville de Paris,false,"{75056,75101,75102,75103,75104,75105,75106,75107,75108,75109,75110,75111,75112,75113,75114,75115,75116,75117,75118,75119,75120}",DEP,2026-03-24 14:42:08.818969+01,gold_establishments_2025,,,,21750001600019,2025,Collectivité Territoriale,Commune,['Paris'],['Île-de-France'],COM,{75},{11}
ee8f5e64-9bf1-4580-9e45-b133bc9d6714,999999999,ZLV démo,false,{98000},CA,2025-04-24 17:40:46.527+02,seed,,,,,,,,,,,,
